Ticker,Name,buy,sell,diff,Branch,Date,Branch_Code
00637L,元大滬深300正2,88,0,88,華南永昌-板橋,2023-01-03,9349
2736,富野,62,0,62,華南永昌-板橋,2023-01-03,9349
00631L,元大台灣50正2,150,100,50,華南永昌-板橋,2023-01-03,9349
2317,鴻海,109,72,37,華南永昌-板橋,2023-01-03,9349
2609,陽明,29,5,24,華南永昌-板橋,2023-01-03,9349
2882,國泰金,24,0,24,華南永昌-板橋,2023-01-03,9349
1605,華新,54,31,23,華南永昌-板橋,2023-01-03,9349
3231,緯創,21,0,21,華南永昌-板橋,2023-01-03,9349
6104,創惟,25,4,21,華南永昌-板橋,2023-01-03,9349
00679B,元大美債20年,18,0,18,華南永昌-板橋,2023-01-03,9349
2891,中信金,17,0,17,華南永昌-板橋,2023-01-03,9349
6666,羅麗芬-KY,17,2,15,華南永昌-板橋,2023-01-03,9349
00878,國泰永續高股息,15,1,14,華南永昌-板橋,2023-01-03,9349
1342,八貫,13,0,13,華南永昌-板橋,2023-01-03,9349
2610,華航,14,1,13,華南永昌-板橋,2023-01-03,9349
4171,瑞基,15,2,13,華南永昌-板橋,2023-01-03,9349
2211,長榮鋼,11,0,11,華南永昌-板橋,2023-01-03,9349
6589,台康生技,12,1,11,華南永昌-板橋,2023-01-03,9349
2236,百達-KY,10,0,10,華南永昌-板橋,2023-01-03,9349
4153,鈺緯,10,0,10,華南永昌-板橋,2023-01-03,9349
6226,光鼎,10,0,10,華南永昌-板橋,2023-01-03,9349
3508,位速,10,2,8,華南永昌-板橋,2023-01-03,9349
2002,中鋼,10,3,7,華南永昌-板橋,2023-01-03,9349
4114,健喬,26,19,7,華南永昌-板橋,2023-01-03,9349
3034,聯詠,13,6,7,華南永昌-板橋,2023-01-03,9349
4167,松瑞藥,7,1,6,華南永昌-板橋,2023-01-03,9349
6719,力智,6,0,6,華南永昌-板橋,2023-01-03,9349
3491,昇達科,6,0,6,華南永昌-板橋,2023-01-03,9349
2884,玉山金,5,0,5,華南永昌-板橋,2023-01-03,9349
1734,杏輝,5,0,5,華南永昌-板橋,2023-01-03,9349
2201,裕隆,33,28,5,華南永昌-板橋,2023-01-03,9349
2883,凱基金,5,0,5,華南永昌-板橋,2023-01-03,9349
2890,永豐金,5,0,5,華南永昌-板橋,2023-01-03,9349
3176,基亞,5,0,5,華南永昌-板橋,2023-01-03,9349
4402,郡都開發,5,0,5,華南永昌-板橋,2023-01-03,9349
6167,久正,5,0,5,華南永昌-板橋,2023-01-03,9349
6414,樺漢,6,1,5,華南永昌-板橋,2023-01-03,9349
1101,台泥,4,0,4,華南永昌-板橋,2023-01-03,9349
00713,元大台灣高息低波,4,0,4,華南永昌-板橋,2023-01-03,9349
2748,雲品,4,0,4,華南永昌-板橋,2023-01-03,9349
3060,銘異,4,0,4,華南永昌-板橋,2023-01-03,9349
3529,力旺,6,2,4,華南永昌-板橋,2023-01-03,9349
0056,元大高股息,3,0,3,華南永昌-板橋,2023-01-03,9349
00893,國泰智能電動車,3,0,3,華南永昌-板橋,2023-01-03,9349
1216,統一,3,0,3,華南永昌-板橋,2023-01-03,9349
00669R,國泰美國道瓊反1,3,0,3,華南永昌-板橋,2023-01-03,9349
2314,台揚,3,0,3,華南永昌-板橋,2023-01-03,9349
2344,華邦電,5,2,3,華南永昌-板橋,2023-01-03,9349
2368,金像電,4,1,3,華南永昌-板橋,2023-01-03,9349
3218,大學光,3,0,3,華南永昌-板橋,2023-01-03,9349
00632R,元大台灣50反1,2046,0,2046,華南永昌-板橋,2023-01-04,9349
2328,廣宇,50,1,49,華南永昌-板橋,2023-01-04,9349
2317,鴻海,38,2,36,華南永昌-板橋,2023-01-04,9349
1609,大亞,90,59,31,華南永昌-板橋,2023-01-04,9349
4114,健喬,30,3,27,華南永昌-板橋,2023-01-04,9349
1605,華新,94,73,21,華南永昌-板橋,2023-01-04,9349
2405,輔信,20,0,20,華南永昌-板橋,2023-01-04,9349
6282,康舒,20,0,20,華南永昌-板橋,2023-01-04,9349
2344,華邦電,22,3,19,華南永昌-板橋,2023-01-04,9349
2615,萬海,26,8,18,華南永昌-板橋,2023-01-04,9349
1513,中興電,69,51,18,華南永昌-板橋,2023-01-04,9349
2736,富野,18,0,18,華南永昌-板橋,2023-01-04,9349
3027,盛達,44,26,18,華南永昌-板橋,2023-01-04,9349
8046,南電,18,3,15,華南永昌-板橋,2023-01-04,9349
2882,國泰金,18,6,12,華南永昌-板橋,2023-01-04,9349
2605,新興,12,0,12,華南永昌-板橋,2023-01-04,9349
2609,陽明,20,9,11,華南永昌-板橋,2023-01-04,9349
3466,德晉,11,0,11,華南永昌-板橋,2023-01-04,9349
00904,新光臺灣半導體30,10,0,10,華南永昌-板橋,2023-01-04,9349
2388,威盛,25,16,9,華南永昌-板橋,2023-01-04,9349
3037,欣興,11,2,9,華南永昌-板橋,2023-01-04,9349
2303,聯電,13,5,8,華南永昌-板橋,2023-01-04,9349
4755,三福化,11,3,8,華南永昌-板橋,2023-01-04,9349
6443,元晶,30,22,8,華南永昌-板橋,2023-01-04,9349
2603,長榮,7,0,7,華南永昌-板橋,2023-01-04,9349
2610,華航,7,0,7,華南永昌-板橋,2023-01-04,9349
2482,連宇,6,0,6,華南永昌-板橋,2023-01-04,9349
2884,玉山金,5,0,5,華南永昌-板橋,2023-01-04,9349
2371,大同,6,1,5,華南永昌-板橋,2023-01-04,9349
2427,三商電,5,0,5,華南永昌-板橋,2023-01-04,9349
2634,漢翔,25,20,5,華南永昌-板橋,2023-01-04,9349
3060,銘異,5,0,5,華南永昌-板橋,2023-01-04,9349
3176,基亞,5,0,5,華南永昌-板橋,2023-01-04,9349
3712,永崴投控,6,1,5,華南永昌-板橋,2023-01-04,9349
6438,迅得,5,0,5,華南永昌-板橋,2023-01-04,9349
6715,嘉基,5,0,5,華南永昌-板橋,2023-01-04,9349
9958,世紀鋼,11,6,5,華南永昌-板橋,2023-01-04,9349
1503,士電,6,2,4,華南永昌-板橋,2023-01-04,9349
1714,和桐,5,1,4,華南永昌-板橋,2023-01-04,9349
1810,和成,6,2,4,華南永昌-板橋,2023-01-04,9349
2368,金像電,6,2,4,華南永昌-板橋,2023-01-04,9349
2484,希華,5,1,4,華南永昌-板橋,2023-01-04,9349
2545,皇翔,4,0,4,華南永昌-板橋,2023-01-04,9349
2707,晶華,4,0,4,華南永昌-板橋,2023-01-04,9349
4121,優盛,4,0,4,華南永昌-板橋,2023-01-04,9349
00895,富邦未來車,3,0,3,華南永昌-板橋,2023-01-04,9349
3189,景碩,3,0,3,華南永昌-板橋,2023-01-04,9349
4119,旭富,6,3,3,華南永昌-板橋,2023-01-04,9349
4968,立積,4,1,3,華南永昌-板橋,2023-01-04,9349
4979,華星光,4,1,3,華南永昌-板橋,2023-01-04,9349
00632R,元大台灣50反1,200,100,100,華南永昌-板橋,2023-01-05,9349
2465,麗臺,52,0,52,華南永昌-板橋,2023-01-05,9349
2409,友達,44,2,42,華南永昌-板橋,2023-01-05,9349
00664R,國泰臺灣加權反1,30,0,30,華南永昌-板橋,2023-01-05,9349
3444,利機,30,7,23,華南永昌-板橋,2023-01-05,9349
6164,華興,20,0,20,華南永昌-板橋,2023-01-05,9349
1762,中化生,21,2,19,華南永昌-板橋,2023-01-05,9349
2498,宏達電,34,16,18,華南永昌-板橋,2023-01-05,9349
1609,大亞,17,2,15,華南永昌-板橋,2023-01-05,9349
2482,連宇,13,1,12,華南永昌-板橋,2023-01-05,9349
2736,富野,11,0,11,華南永昌-板橋,2023-01-05,9349
4979,華星光,11,0,11,華南永昌-板橋,2023-01-05,9349
6806,森崴能源,29,18,11,華南永昌-板橋,2023-01-05,9349
3037,欣興,18,8,10,華南永昌-板橋,2023-01-05,9349
1810,和成,10,0,10,華南永昌-板橋,2023-01-05,9349
2515,中工,10,0,10,華南永昌-板橋,2023-01-05,9349
4974,亞泰,10,0,10,華南永昌-板橋,2023-01-05,9349
6244,茂迪,17,7,10,華南永昌-板橋,2023-01-05,9349
00878,國泰永續高股息,12,2,10,華南永昌-板橋,2023-01-05,9349
3006,晶豪科,10,1,9,華南永昌-板橋,2023-01-05,9349
3504,揚明光,10,1,9,華南永昌-板橋,2023-01-05,9349
00895,富邦未來車,7,0,7,華南永昌-板橋,2023-01-05,9349
2603,長榮,8,1,7,華南永昌-板橋,2023-01-05,9349
00882,中信中國高股息,6,0,6,華南永昌-板橋,2023-01-05,9349
3558,神準,6,0,6,華南永昌-板橋,2023-01-05,9349
3704,合勤控,6,0,6,華南永昌-板橋,2023-01-05,9349
00898,國泰基因免疫革命,5,0,5,華南永昌-板橋,2023-01-05,9349
1513,中興電,34,29,5,華南永昌-板橋,2023-01-05,9349
1524,耿鼎,5,0,5,華南永昌-板橋,2023-01-05,9349
2038,海光,5,0,5,華南永昌-板橋,2023-01-05,9349
3466,德晉,5,0,5,華南永昌-板橋,2023-01-05,9349
3625,西勝,5,0,5,華南永昌-板橋,2023-01-05,9349
6104,創惟,20,15,5,華南永昌-板橋,2023-01-05,9349
6220,岳豐,5,0,5,華南永昌-板橋,2023-01-05,9349
8429,金麗-KY,5,0,5,華南永昌-板橋,2023-01-05,9349
9945,潤泰新,5,0,5,華南永昌-板橋,2023-01-05,9349
00720B,元大投資級公司債,4,0,4,華南永昌-板橋,2023-01-05,9349
1909,榮成,5,1,4,華南永昌-板橋,2023-01-05,9349
4171,瑞基,9,5,4,華南永昌-板橋,2023-01-05,9349
6712,長聖,4,0,4,華南永昌-板橋,2023-01-05,9349
0056,元大高股息,4,0,4,華南永昌-板橋,2023-01-05,9349
2027,大成鋼,3,0,3,華南永昌-板橋,2023-01-05,9349
2454,聯發科,3,0,3,華南永昌-板橋,2023-01-05,9349
1440,南紡,3,0,3,華南永昌-板橋,2023-01-05,9349
1477,聚陽,3,0,3,華南永昌-板橋,2023-01-05,9349
1519,華城,10,7,3,華南永昌-板橋,2023-01-05,9349
1711,永光,3,0,3,華南永昌-板橋,2023-01-05,9349
2230,泰茂,10,7,3,華南永昌-板橋,2023-01-05,9349
2303,聯電,13,10,3,華南永昌-板橋,2023-01-05,9349
2530,華建,3,0,3,華南永昌-板橋,2023-01-05,9349
00632R,元大台灣50反1,2315,200,2115,華南永昌-板橋,2023-01-06,9349
3707,漢磊,30,2,28,華南永昌-板橋,2023-01-06,9349
2486,一詮,20,0,20,華南永昌-板橋,2023-01-06,9349
2736,富野,22,2,20,華南永昌-板橋,2023-01-06,9349
4114,健喬,85,66,19,華南永昌-板橋,2023-01-06,9349
2465,麗臺,18,0,18,華南永昌-板橋,2023-01-06,9349
00637L,元大滬深300正2,23,7,16,華南永昌-板橋,2023-01-06,9349
6770,力積電,16,2,14,華南永昌-板橋,2023-01-06,9349
00720B,元大投資級公司債,14,0,14,華南永昌-板橋,2023-01-06,9349
1519,華城,39,27,12,華南永昌-板橋,2023-01-06,9349
1752,南光,35,25,10,華南永昌-板橋,2023-01-06,9349
2363,矽統,10,0,10,華南永昌-板橋,2023-01-06,9349
2458,義隆,20,10,10,華南永昌-板橋,2023-01-06,9349
3704,合勤控,13,3,10,華南永昌-板橋,2023-01-06,9349
6133,金橋,10,0,10,華南永昌-板橋,2023-01-06,9349
1609,大亞,8,0,8,華南永昌-板橋,2023-01-06,9349
2352,佳世達,8,0,8,華南永昌-板橋,2023-01-06,9349
3508,位速,8,0,8,華南永昌-板橋,2023-01-06,9349
6531,愛普*,9,1,8,華南永昌-板橋,2023-01-06,9349
00633L,富邦上証正2,6,0,6,華南永昌-板橋,2023-01-06,9349
1906,寶隆,6,0,6,華南永昌-板橋,2023-01-06,9349
2882,國泰金,13,7,6,華南永昌-板橋,2023-01-06,9349
5269,祥碩,8,2,6,華南永昌-板橋,2023-01-06,9349
6598,ABC-KY,6,0,6,華南永昌-板橋,2023-01-06,9349
6806,森崴能源,12,7,5,華南永昌-板橋,2023-01-06,9349
1467,南緯,5,0,5,華南永昌-板橋,2023-01-06,9349
2010,春源,5,0,5,華南永昌-板橋,2023-01-06,9349
2236,百達-KY,10,5,5,華南永昌-板橋,2023-01-06,9349
2354,鴻準,5,0,5,華南永昌-板橋,2023-01-06,9349
2374,佳能,5,0,5,華南永昌-板橋,2023-01-06,9349
2497,怡利電,5,0,5,華南永昌-板橋,2023-01-06,9349
3006,晶豪科,8,3,5,華南永昌-板橋,2023-01-06,9349
3294,英濟,5,0,5,華南永昌-板橋,2023-01-06,9349
3596,智易,5,0,5,華南永昌-板橋,2023-01-06,9349
1460,宏遠,5,1,4,華南永昌-板橋,2023-01-06,9349
1229,聯華,4,0,4,華南永昌-板橋,2023-01-06,9349
4119,旭富,4,0,4,華南永昌-板橋,2023-01-06,9349
00770,國泰北美科技,3,0,3,華南永昌-板橋,2023-01-06,9349
00708L,期元大S＆P黃金正2,3,0,3,華南永昌-板橋,2023-01-06,9349
00706L,期元大S＆P日圓正2,3,0,3,華南永昌-板橋,2023-01-06,9349
1605,華新,33,30,3,華南永昌-板橋,2023-01-06,9349
2313,華通,6,3,3,華南永昌-板橋,2023-01-06,9349
2484,希華,3,0,3,華南永昌-板橋,2023-01-06,9349
2606,裕民,5,2,3,華南永昌-板橋,2023-01-06,9349
2615,萬海,9,6,3,華南永昌-板橋,2023-01-06,9349
2617,台航,3,0,3,華南永昌-板橋,2023-01-06,9349
3013,晟銘電,3,0,3,華南永昌-板橋,2023-01-06,9349
3454,晶睿,7,4,3,華南永昌-板橋,2023-01-06,9349
4190,佐登-KY,3,0,3,華南永昌-板橋,2023-01-06,9349
4968,立積,4,1,3,華南永昌-板橋,2023-01-06,9349
8105,凌巨,50,0,50,華南永昌-板橋,2023-01-09,9349
00878,國泰永續高股息,60,21,39,華南永昌-板橋,2023-01-09,9349
2736,富野,33,0,33,華南永昌-板橋,2023-01-09,9349
8069,元太,27,2,25,華南永昌-板橋,2023-01-09,9349
1605,華新,54,32,22,華南永昌-板橋,2023-01-09,9349
3622,洋華,20,0,20,華南永昌-板橋,2023-01-09,9349
00632R,元大台灣50反1,49,30,19,華南永昌-板橋,2023-01-09,9349
2609,陽明,22,4,18,華南永昌-板橋,2023-01-09,9349
3466,德晉,20,5,15,華南永昌-板橋,2023-01-09,9349
3596,智易,12,0,12,華南永昌-板橋,2023-01-09,9349
6104,創惟,16,4,12,華南永昌-板橋,2023-01-09,9349
2880,華南金,14,3,11,華南永昌-板橋,2023-01-09,9349
00648R,元大S＆P500反1,10,0,10,華南永昌-板橋,2023-01-09,9349
2328,廣宇,10,0,10,華南永昌-板橋,2023-01-09,9349
6015,宏遠證,10,0,10,華南永昌-板橋,2023-01-09,9349
6451,訊芯-KY,10,0,10,華南永昌-板橋,2023-01-09,9349
00650L,復華香港正2,10,0,10,華南永昌-板橋,2023-01-09,9349
1584,精剛,10,1,9,華南永昌-板橋,2023-01-09,9349
2603,長榮,11,2,9,華南永昌-板橋,2023-01-09,9349
2637,慧洋-KY,10,1,9,華南永昌-板橋,2023-01-09,9349
00713,元大台灣高息低波,8,0,8,華南永昌-板橋,2023-01-09,9349
2481,強茂,10,2,8,華南永昌-板橋,2023-01-09,9349
2497,怡利電,9,1,8,華南永昌-板橋,2023-01-09,9349
2890,永豐金,10,2,8,華南永昌-板橋,2023-01-09,9349
3520,華盈,8,0,8,華南永昌-板橋,2023-01-09,9349
5439,高技,8,0,8,華南永昌-板橋,2023-01-09,9349
00720B,元大投資級公司債,7,0,7,華南永昌-板橋,2023-01-09,9349
2228,劍麟,7,0,7,華南永昌-板橋,2023-01-09,9349
3454,晶睿,10,3,7,華南永昌-板橋,2023-01-09,9349
4130,健亞,7,0,7,華南永昌-板橋,2023-01-09,9349
1752,南光,35,29,6,華南永昌-板橋,2023-01-09,9349
3047,訊舟,6,0,6,華南永昌-板橋,2023-01-09,9349
4919,新唐,11,5,6,華南永昌-板橋,2023-01-09,9349
00904,新光臺灣半導體30,5,0,5,華南永昌-板橋,2023-01-09,9349
00673R,期元大S＆P原油反1,5,0,5,華南永昌-板橋,2023-01-09,9349
1609,大亞,5,0,5,華南永昌-板橋,2023-01-09,9349
2601,益航,5,0,5,華南永昌-板橋,2023-01-09,9349
2618,長榮航,12,7,5,華南永昌-板橋,2023-01-09,9349
2929,淘帝-KY,5,0,5,華南永昌-板橋,2023-01-09,9349
3530,晶相光,5,0,5,華南永昌-板橋,2023-01-09,9349
3558,神準,5,0,5,華南永昌-板橋,2023-01-09,9349
3682,亞太電,5,0,5,華南永昌-板橋,2023-01-09,9349
6133,金橋,8,3,5,華南永昌-板橋,2023-01-09,9349
6811,宏�硌穈T,5,0,5,華南永昌-板橋,2023-01-09,9349
8358,金居,71,66,5,華南永昌-板橋,2023-01-09,9349
1417,嘉裕,4,0,4,華南永昌-板橋,2023-01-09,9349
2324,仁寶,8,4,4,華南永昌-板橋,2023-01-09,9349
3209,全科,4,0,4,華南永昌-板橋,2023-01-09,9349
6446,藥華藥,4,0,4,華南永昌-板橋,2023-01-09,9349
6472,保瑞,4,0,4,華南永昌-板橋,2023-01-09,9349
3693,營邦,120,1,119,華南永昌-板橋,2023-01-10,9349
00650L,復華香港正2,50,0,50,華南永昌-板橋,2023-01-10,9349
6104,創惟,80,50,30,華南永昌-板橋,2023-01-10,9349
2929,淘帝-KY,26,0,26,華南永昌-板橋,2023-01-10,9349
4114,健喬,28,7,21,華南永昌-板橋,2023-01-10,9349
1591,駿吉-KY,20,0,20,華南永昌-板橋,2023-01-10,9349
1752,南光,20,0,20,華南永昌-板橋,2023-01-10,9349
3596,智易,16,0,16,華南永昌-板橋,2023-01-10,9349
2419,仲琦,15,0,15,華南永昌-板橋,2023-01-10,9349
00878,國泰永續高股息,15,0,15,華南永昌-板橋,2023-01-10,9349
2609,陽明,20,7,13,華南永昌-板橋,2023-01-10,9349
3128,昇銳,14,2,12,華南永昌-板橋,2023-01-10,9349
3466,德晉,12,0,12,華南永昌-板橋,2023-01-10,9349
2201,裕隆,23,12,11,華南永昌-板橋,2023-01-10,9349
4566,時碩工業,11,0,11,華南永昌-板橋,2023-01-10,9349
6285,啟��,12,1,11,華南永昌-板橋,2023-01-10,9349
3374,精材,11,0,11,華南永昌-板橋,2023-01-10,9349
1513,中興電,51,41,10,華南永昌-板橋,2023-01-10,9349
2367,燿華,10,0,10,華南永昌-板橋,2023-01-10,9349
2890,永豐金,10,0,10,華南永昌-板橋,2023-01-10,9349
8086,宏捷科,10,0,10,華南永昌-板橋,2023-01-10,9349
8210,勤誠,9,0,9,華南永昌-板橋,2023-01-10,9349
8069,元太,10,1,9,華南永昌-板橋,2023-01-10,9349
1721,三晃,14,6,8,華南永昌-板橋,2023-01-10,9349
2610,華航,10,2,8,華南永昌-板橋,2023-01-10,9349
3062,建漢,10,2,8,華南永昌-板橋,2023-01-10,9349
2615,萬海,8,1,7,華南永昌-板橋,2023-01-10,9349
1605,華新,31,24,7,華南永昌-板橋,2023-01-10,9349
4968,立積,7,0,7,華南永昌-板橋,2023-01-10,9349
6220,岳豐,7,0,7,華南永昌-板橋,2023-01-10,9349
0056,元大高股息,14,8,6,華南永昌-板橋,2023-01-10,9349
00850,元大臺灣ESG永續,6,0,6,華南永昌-板橋,2023-01-10,9349
2014,中鴻,6,0,6,華南永昌-板橋,2023-01-10,9349
1304,台聚,11,5,6,華南永昌-板橋,2023-01-10,9349
5608,四維航,6,0,6,華南永昌-板橋,2023-01-10,9349
8044,網家,6,0,6,華南永昌-板橋,2023-01-10,9349
00720B,元大投資級公司債,5,0,5,華南永昌-板橋,2023-01-10,9349
1612,宏泰,5,0,5,華南永昌-板橋,2023-01-10,9349
2468,華經,5,0,5,華南永昌-板橋,2023-01-10,9349
4137,麗豐-KY,5,0,5,華南永昌-板橋,2023-01-10,9349
4744,皇將,5,0,5,華南永昌-板橋,2023-01-10,9349
6124,業強,5,0,5,華南永昌-板橋,2023-01-10,9349
8227,巨有科技,5,0,5,華南永昌-板橋,2023-01-10,9349
2530,華建,4,0,4,華南永昌-板橋,2023-01-10,9349
2882,國泰金,10,6,4,華南永昌-板橋,2023-01-10,9349
3034,聯詠,4,0,4,華南永昌-板橋,2023-01-10,9349
3228,金麗科,12,8,4,華南永昌-板橋,2023-01-10,9349
3705,永信,4,0,4,華南永昌-板橋,2023-01-10,9349
6279,胡連,5,1,4,華南永昌-板橋,2023-01-10,9349
8478,東哥遊艇,7,3,4,華南永昌-板橋,2023-01-10,9349
1528,恩德,40,0,40,華南永昌-板橋,2023-01-11,9349
2206,三陽工業,26,0,26,華南永昌-板橋,2023-01-11,9349
1605,華新,30,6,24,華南永昌-板橋,2023-01-11,9349
4129,聯合,20,0,20,華南永昌-板橋,2023-01-11,9349
8299,群聯,29,15,14,華南永昌-板橋,2023-01-11,9349
1513,中興電,93,80,13,華南永昌-板橋,2023-01-11,9349
00878,國泰永續高股息,31,19,12,華南永昌-板橋,2023-01-11,9349
1310,台苯,12,0,12,華南永昌-板橋,2023-01-11,9349
00679B,元大美債20年,12,0,12,華南永昌-板橋,2023-01-11,9349
3005,神基,11,0,11,華南永昌-板橋,2023-01-11,9349
4979,華星光,16,5,11,華南永昌-板橋,2023-01-11,9349
6182,合晶,11,0,11,華南永昌-板橋,2023-01-11,9349
4919,新唐,11,0,11,華南永昌-板橋,2023-01-11,9349
2444,兆勁,10,0,10,華南永昌-板橋,2023-01-11,9349
2610,華航,20,10,10,華南永昌-板橋,2023-01-11,9349
3031,佰鴻,10,0,10,華南永昌-板橋,2023-01-11,9349
6167,久正,10,0,10,華南永昌-板橋,2023-01-11,9349
3705,永信,9,0,9,華南永昌-板橋,2023-01-11,9349
6124,業強,9,0,9,華南永昌-板橋,2023-01-11,9349
1609,大亞,10,2,8,華南永昌-板橋,2023-01-11,9349
2388,威盛,11,4,7,華南永昌-板橋,2023-01-11,9349
00669R,國泰美國道瓊反1,6,0,6,華南永昌-板橋,2023-01-11,9349
1519,華城,6,0,6,華南永昌-板橋,2023-01-11,9349
4744,皇將,6,0,6,華南永昌-板橋,2023-01-11,9349
00904,新光臺灣半導體30,5,0,5,華南永昌-板橋,2023-01-11,9349
00648R,元大S＆P500反1,5,0,5,華南永昌-板橋,2023-01-11,9349
2327,國巨,9,4,5,華南永昌-板橋,2023-01-11,9349
3444,利機,5,0,5,華南永昌-板橋,2023-01-11,9349
3596,智易,6,1,5,華南永昌-板橋,2023-01-11,9349
3708,上緯投控,7,2,5,華南永昌-板橋,2023-01-11,9349
4712,福格創新,5,0,5,華南永昌-板橋,2023-01-11,9349
5258,虹堡,6,1,5,華南永昌-板橋,2023-01-11,9349
8916,光隆,7,2,5,華南永昌-板橋,2023-01-11,9349
1504,東元,4,0,4,華南永昌-板橋,2023-01-11,9349
2313,華通,14,10,4,華南永昌-板橋,2023-01-11,9349
2368,金像電,5,1,4,華南永昌-板橋,2023-01-11,9349
3128,昇銳,4,0,4,華南永昌-板橋,2023-01-11,9349
3138,耀登,4,0,4,華南永昌-板橋,2023-01-11,9349
3494,誠研,4,0,4,華南永昌-板橋,2023-01-11,9349
6163,華電網,4,0,4,華南永昌-板橋,2023-01-11,9349
6589,台康生技,4,0,4,華南永昌-板橋,2023-01-11,9349
8028,昇陽半導體,5,1,4,華南永昌-板橋,2023-01-11,9349
3105,穩懋,6,2,4,華南永昌-板橋,2023-01-11,9349
2884,玉山金,3,0,3,華南永昌-板橋,2023-01-11,9349
2038,海光,4,1,3,華南永昌-板橋,2023-01-11,9349
1417,嘉裕,3,0,3,華南永昌-板橋,2023-01-11,9349
1783,和康生,3,0,3,華南永昌-板橋,2023-01-11,9349
2305,全友,3,0,3,華南永昌-板橋,2023-01-11,9349
2382,廣達,5,2,3,華南永昌-板橋,2023-01-11,9349
2882,國泰金,10,7,3,華南永昌-板橋,2023-01-11,9349
2358,廷鑫,67,8,59,華南永昌-板橋,2023-01-12,9349
1605,華新,108,61,47,華南永昌-板橋,2023-01-12,9349
00878,國泰永續高股息,47,1,46,華南永昌-板橋,2023-01-12,9349
4155,訊映,25,0,25,華南永昌-板橋,2023-01-12,9349
4979,華星光,58,37,21,華南永昌-板橋,2023-01-12,9349
6220,岳豐,20,0,20,華南永昌-板橋,2023-01-12,9349
2610,華航,20,1,19,華南永昌-板橋,2023-01-12,9349
1752,南光,30,12,18,華南永昌-板橋,2023-01-12,9349
8171,天宇,17,0,17,華南永昌-板橋,2023-01-12,9349
2356,英業達,11,0,11,華南永昌-板橋,2023-01-12,9349
2607,榮運,11,0,11,華南永昌-板橋,2023-01-12,9349
3141,晶宏,12,1,11,華南永昌-板橋,2023-01-12,9349
00650L,復華香港正2,50,40,10,華南永昌-板橋,2023-01-12,9349
2023,燁輝,11,1,10,華南永昌-板橋,2023-01-12,9349
8299,群聯,9,0,9,華南永昌-板橋,2023-01-12,9349
6244,茂迪,8,0,8,華南永昌-板橋,2023-01-12,9349
8033,雷虎,8,0,8,華南永昌-板橋,2023-01-12,9349
2230,泰茂,9,2,7,華南永昌-板橋,2023-01-12,9349
2236,百達-KY,8,1,7,華南永昌-板橋,2023-01-12,9349
6712,長聖,7,0,7,華南永昌-板橋,2023-01-12,9349
00882,中信中國高股息,11,5,6,華南永昌-板橋,2023-01-12,9349
00772B,中信高評級公司債,6,0,6,華南永昌-板橋,2023-01-12,9349
2542,興富發,6,0,6,華南永昌-板橋,2023-01-12,9349
3444,利機,20,14,6,華南永昌-板橋,2023-01-12,9349
5321,美而快,7,1,6,華南永昌-板橋,2023-01-12,9349
2882,國泰金,11,6,5,華南永昌-板橋,2023-01-12,9349
00673R,期元大S＆P原油反1,5,0,5,華南永昌-板橋,2023-01-12,9349
2027,大成鋼,5,0,5,華南永昌-板橋,2023-01-12,9349
2412,中華電,5,0,5,華南永昌-板橋,2023-01-12,9349
2890,永豐金,5,0,5,華南永昌-板橋,2023-01-12,9349
5263,智崴,13,8,5,華南永昌-板橋,2023-01-12,9349
6113,亞矽,5,0,5,華南永昌-板橋,2023-01-12,9349
6788,華景電,7,2,5,華南永昌-板橋,2023-01-12,9349
8289,泰藝,5,0,5,華南永昌-板橋,2023-01-12,9349
2342,茂矽,5,0,5,華南永昌-板橋,2023-01-12,9349
3704,合勤控,9,4,5,華南永昌-板橋,2023-01-12,9349
2388,威盛,14,10,4,華南永昌-板橋,2023-01-12,9349
2393,億光,4,0,4,華南永昌-板橋,2023-01-12,9349
2413,環科,4,0,4,華南永昌-板橋,2023-01-12,9349
2881,富邦金,5,1,4,華南永昌-板橋,2023-01-12,9349
6138,茂達,6,2,4,華南永昌-板橋,2023-01-12,9349
6589,台康生技,4,0,4,華南永昌-板橋,2023-01-12,9349
8996,高力,4,0,4,華南永昌-板橋,2023-01-12,9349
2603,長榮,4,0,4,華南永昌-板橋,2023-01-12,9349
5234,達興材料,3,0,3,華南永昌-板橋,2023-01-12,9349
2317,鴻海,32,29,3,華南永昌-板橋,2023-01-12,9349
00642U,期元大S＆P石油,3,0,3,華南永昌-板橋,2023-01-12,9349
1702,南僑,3,0,3,華南永昌-板橋,2023-01-12,9349
2465,麗臺,4,1,3,華南永昌-板橋,2023-01-12,9349
2476,鉅祥,3,0,3,華南永昌-板橋,2023-01-12,9349
3596,智易,79,0,79,華南永昌-板橋,2023-01-13,9349
4979,華星光,64,15,49,華南永昌-板橋,2023-01-13,9349
4155,訊映,45,0,45,華南永昌-板橋,2023-01-13,9349
00637L,元大滬深300正2,45,2,43,華南永昌-板橋,2023-01-13,9349
00632R,元大台灣50反1,26,0,26,華南永昌-板橋,2023-01-13,9349
6104,創惟,46,20,26,華南永昌-板橋,2023-01-13,9349
3576,聯合再生,20,0,20,華南永昌-板橋,2023-01-13,9349
1417,嘉裕,17,1,16,華南永昌-板橋,2023-01-13,9349
2388,威盛,20,7,13,華南永昌-板橋,2023-01-13,9349
00715L,期街口布蘭特正2,19,7,12,華南永昌-板橋,2023-01-13,9349
1218,泰山,10,0,10,華南永昌-板橋,2023-01-13,9349
6220,岳豐,10,0,10,華南永昌-板橋,2023-01-13,9349
2002,中鋼,10,1,9,華南永昌-板橋,2023-01-13,9349
2337,旺宏,11,2,9,華南永昌-板橋,2023-01-13,9349
00878,國泰永續高股息,8,0,8,華南永昌-板橋,2023-01-13,9349
6124,業強,8,0,8,華南永昌-板橋,2023-01-13,9349
6188,廣明,8,0,8,華南永昌-板橋,2023-01-13,9349
3558,神準,8,1,7,華南永昌-板橋,2023-01-13,9349
1612,宏泰,6,0,6,華南永昌-板橋,2023-01-13,9349
2393,億光,6,0,6,華南永昌-板橋,2023-01-13,9349
6679,鈺太,6,0,6,華南永昌-板橋,2023-01-13,9349
00669R,國泰美國道瓊反1,5,0,5,華南永昌-板橋,2023-01-13,9349
1539,巨庭,5,0,5,華南永昌-板橋,2023-01-13,9349
2419,仲琦,5,0,5,華南永昌-板橋,2023-01-13,9349
2637,慧洋-KY,5,0,5,華南永昌-板橋,2023-01-13,9349
2884,玉山金,5,0,5,華南永昌-板橋,2023-01-13,9349
3081,聯亞,5,0,5,華南永昌-板橋,2023-01-13,9349
4426,利勤,5,0,5,華南永昌-板橋,2023-01-13,9349
4763,材料-KY,9,4,5,華南永昌-板橋,2023-01-13,9349
4906,正文,5,0,5,華南永昌-板橋,2023-01-13,9349
6111,大宇資,5,0,5,華南永昌-板橋,2023-01-13,9349
6719,力智,9,4,5,華南永昌-板橋,2023-01-13,9349
8421,旭源,5,0,5,華南永昌-板橋,2023-01-13,9349
3680,家登,7,2,5,華南永昌-板橋,2023-01-13,9349
1560,中砂,9,5,4,華南永昌-板橋,2023-01-13,9349
00882,中信中國高股息,4,0,4,華南永昌-板橋,2023-01-13,9349
3060,銘異,4,0,4,華南永昌-板橋,2023-01-13,9349
4114,健喬,12,8,4,華南永昌-板橋,2023-01-13,9349
4743,合一,4,0,4,華南永昌-板橋,2023-01-13,9349
6550,北極星藥業-KY,5,1,4,華南永昌-板橋,2023-01-13,9349
8050,廣積,4,0,4,華南永昌-板橋,2023-01-13,9349
00679B,元大美債20年,4,0,4,華南永昌-板橋,2023-01-13,9349
5234,達興材料,3,0,3,華南永昌-板橋,2023-01-13,9349
2607,榮運,3,0,3,華南永昌-板橋,2023-01-13,9349
1471,首利,3,0,3,華南永昌-板橋,2023-01-13,9349
1609,大亞,3,0,3,華南永昌-板橋,2023-01-13,9349
3035,智原,3,0,3,華南永昌-板橋,2023-01-13,9349
3265,台星科,3,0,3,華南永昌-板橋,2023-01-13,9349
4121,優盛,3,0,3,華南永昌-板橋,2023-01-13,9349
5263,智崴,5,2,3,華南永昌-板橋,2023-01-13,9349
00878,國泰永續高股息,53,12,41,華南永昌-板橋,2023-01-16,9349
4104,佳醫,45,9,36,華南永昌-板橋,2023-01-16,9349
2317,鴻海,71,41,30,華南永昌-板橋,2023-01-16,9349
1314,中石化,20,0,20,華南永昌-板橋,2023-01-16,9349
6492,生華科,16,0,16,華南永昌-板橋,2023-01-16,9349
00751B,元大AAA至A公司債,14,0,14,華南永昌-板橋,2023-01-16,9349
00772B,中信高評級公司債,14,0,14,華南永昌-板橋,2023-01-16,9349
00725B,國泰投資級公司債,14,0,14,華南永昌-板橋,2023-01-16,9349
4979,華星光,22,9,13,華南永昌-板橋,2023-01-16,9349
3675,德微,38,26,12,華南永昌-板橋,2023-01-16,9349
2236,百達-KY,12,2,10,華南永昌-板橋,2023-01-16,9349
6670,復盛應用,10,0,10,華南永昌-板橋,2023-01-16,9349
9939,宏全,10,0,10,華南永昌-板橋,2023-01-16,9349
00724B,群益投資級金融債,9,0,9,華南永昌-板橋,2023-01-16,9349
1605,華新,16,7,9,華南永昌-板橋,2023-01-16,9349
6150,撼訊,11,2,9,華南永昌-板橋,2023-01-16,9349
4768,晶呈科技,8,0,8,華南永昌-板橋,2023-01-16,9349
6715,嘉基,8,0,8,華南永昌-板橋,2023-01-16,9349
8933,愛地雅,8,1,7,華南永昌-板橋,2023-01-16,9349
00679B,元大美債20年,6,0,6,華南永昌-板橋,2023-01-16,9349
5608,四維航,6,0,6,華南永昌-板橋,2023-01-16,9349
6770,力積電,20,14,6,華南永昌-板橋,2023-01-16,9349
00637L,元大滬深300正2,20,15,5,華南永昌-板橋,2023-01-16,9349
2337,旺宏,6,1,5,華南永昌-板橋,2023-01-16,9349
8044,網家,6,1,5,華南永昌-板橋,2023-01-16,9349
8358,金居,84,79,5,華南永昌-板橋,2023-01-16,9349
2615,萬海,10,6,4,華南永昌-板橋,2023-01-16,9349
2887,台新金,5,1,4,華南永昌-板橋,2023-01-16,9349
3026,禾伸堂,4,0,4,華南永昌-板橋,2023-01-16,9349
3682,亞太電,4,0,4,華南永昌-板橋,2023-01-16,9349
2032,新鋼,3,0,3,華南永昌-板橋,2023-01-16,9349
2465,麗臺,3,0,3,華南永昌-板橋,2023-01-16,9349
6182,合晶,3,0,3,華南永昌-板橋,2023-01-16,9349
9938,百和,3,0,3,華南永昌-板橋,2023-01-16,9349
6231,系微,5,2,3,華南永昌-板橋,2023-01-16,9349
2388,威盛,2,0,2,華南永昌-板橋,2023-01-16,9349
2351,順德,2,0,2,華南永昌-板橋,2023-01-16,9349
00885,富邦越南,2,0,2,華南永昌-板橋,2023-01-16,9349
00795B,中信美國公債20年,2,0,2,華南永昌-板橋,2023-01-16,9349
00673R,期元大S＆P原油反1,2,0,2,華南永昌-板橋,2023-01-16,9349
00669R,國泰美國道瓊反1,2,0,2,華南永昌-板橋,2023-01-16,9349
1471,首利,2,0,2,華南永昌-板橋,2023-01-16,9349
1560,中砂,2,0,2,華南永昌-板橋,2023-01-16,9349
2009,第一銅,4,2,2,華南永昌-板橋,2023-01-16,9349
2313,華通,5,3,2,華南永昌-板橋,2023-01-16,9349
2360,致茂,2,0,2,華南永昌-板橋,2023-01-16,9349
3049,精金,2,0,2,華南永昌-板橋,2023-01-16,9349
3138,耀登,2,0,2,華南永昌-板橋,2023-01-16,9349
3228,金麗科,2,0,2,華南永昌-板橋,2023-01-16,9349
3508,位速,2,0,2,華南永昌-板橋,2023-01-16,9349
8358,金居,43,11,32,華南永昌-板橋,2023-01-17,9349
1219,福壽,26,0,26,華南永昌-板橋,2023-01-17,9349
3675,德微,29,6,23,華南永昌-板橋,2023-01-17,9349
00679B,元大美債20年,22,0,22,華南永昌-板橋,2023-01-17,9349
2369,菱生,20,0,20,華南永昌-板橋,2023-01-17,9349
6167,久正,20,0,20,華南永昌-板橋,2023-01-17,9349
6220,岳豐,20,0,20,華南永昌-板橋,2023-01-17,9349
1529,樂事綠能,22,2,20,華南永昌-板橋,2023-01-17,9349
3481,群創,21,2,19,華南永昌-板橋,2023-01-17,9349
2009,第一銅,12,0,12,華南永昌-板橋,2023-01-17,9349
3444,利機,30,18,12,華南永昌-板橋,2023-01-17,9349
2884,玉山金,14,2,12,華南永昌-板橋,2023-01-17,9349
2399,映泰,11,0,11,華南永昌-板橋,2023-01-17,9349
2374,佳能,10,0,10,華南永昌-板橋,2023-01-17,9349
2408,南亞科,10,0,10,華南永昌-板橋,2023-01-17,9349
2444,兆勁,10,0,10,華南永昌-板橋,2023-01-17,9349
4155,訊映,10,0,10,華南永昌-板橋,2023-01-17,9349
2882,國泰金,10,1,9,華南永昌-板橋,2023-01-17,9349
1760,寶齡富錦,8,0,8,華南永昌-板橋,2023-01-17,9349
2027,大成鋼,10,2,8,華南永昌-板橋,2023-01-17,9349
8069,元太,12,5,7,華南永昌-板橋,2023-01-17,9349
1342,八貫,6,0,6,華南永昌-板橋,2023-01-17,9349
2204,中華,6,0,6,華南永昌-板橋,2023-01-17,9349
4763,材料-KY,10,4,6,華南永昌-板橋,2023-01-17,9349
6492,生華科,6,0,6,華南永昌-板橋,2023-01-17,9349
3293,鈊象,6,0,6,華南永昌-板橋,2023-01-17,9349
3105,穩懋,7,1,6,華南永昌-板橋,2023-01-17,9349
9958,世紀鋼,11,5,6,華南永昌-板橋,2023-01-17,9349
00878,國泰永續高股息,7,2,5,華南永昌-板橋,2023-01-17,9349
2358,廷鑫,5,0,5,華南永昌-板橋,2023-01-17,9349
2380,虹光,5,0,5,華南永昌-板橋,2023-01-17,9349
2453,凌群,5,0,5,華南永昌-板橋,2023-01-17,9349
3037,欣興,5,0,5,華南永昌-板橋,2023-01-17,9349
3060,銘異,5,0,5,華南永昌-板橋,2023-01-17,9349
4121,優盛,5,0,5,華南永昌-板橋,2023-01-17,9349
6416,瑞祺電通,5,0,5,華南永昌-板橋,2023-01-17,9349
9105,泰金寶-DR,25,20,5,華南永昌-板橋,2023-01-17,9349
00882,中信中國高股息,8,4,4,華南永昌-板橋,2023-01-17,9349
3027,盛達,5,1,4,華南永昌-板橋,2023-01-17,9349
3338,泰碩,4,0,4,華南永昌-板橋,2023-01-17,9349
6609,瀧澤科,4,0,4,華南永昌-板橋,2023-01-17,9349
8050,廣積,4,0,4,華南永昌-板橋,2023-01-17,9349
1795,美時,5,1,4,華南永昌-板橋,2023-01-17,9349
00720B,元大投資級公司債,3,0,3,華南永昌-板橋,2023-01-17,9349
2615,萬海,7,4,3,華南永昌-板橋,2023-01-17,9349
3498,陽程,3,0,3,華南永昌-板橋,2023-01-17,9349
4162,智擎,3,0,3,華南永昌-板橋,2023-01-17,9349
6770,力積電,4,1,3,華南永昌-板橋,2023-01-17,9349
6782,視陽,4,1,3,華南永昌-板橋,2023-01-17,9349
8210,勤誠,4,1,3,華南永昌-板橋,2023-01-17,9349
4155,訊映,74,0,74,華南永昌-板橋,2023-01-30,9349
00632R,元大台灣50反1,67,0,67,華南永昌-板橋,2023-01-30,9349
2365,昆盈,35,0,35,華南永昌-板橋,2023-01-30,9349
6205,詮欣,34,0,34,華南永昌-板橋,2023-01-30,9349
00878,國泰永續高股息,67,34,33,華南永昌-板橋,2023-01-30,9349
00882,中信中國高股息,28,0,28,華南永昌-板橋,2023-01-30,9349
00637L,元大滬深300正2,25,0,25,華南永昌-板橋,2023-01-30,9349
4906,正文,24,0,24,華南永昌-板橋,2023-01-30,9349
3714,富采,20,0,20,華南永昌-板橋,2023-01-30,9349
00648R,元大S＆P500反1,15,0,15,華南永昌-板橋,2023-01-30,9349
5521,工信,15,0,15,華南永昌-板橋,2023-01-30,9349
1605,華新,103,89,14,華南永昌-板橋,2023-01-30,9349
2317,鴻海,15,2,13,華南永昌-板橋,2023-01-30,9349
2465,麗臺,16,4,12,華南永昌-板橋,2023-01-30,9349
8069,元太,16,4,12,華南永昌-板橋,2023-01-30,9349
00770,國泰北美科技,11,0,11,華南永昌-板橋,2023-01-30,9349
2851,中再保,11,0,11,華南永昌-板橋,2023-01-30,9349
4162,智擎,12,1,11,華南永昌-板橋,2023-01-30,9349
2302,麗正,10,0,10,華南永昌-板橋,2023-01-30,9349
2380,虹光,10,0,10,華南永昌-板橋,2023-01-30,9349
2880,華南金,10,0,10,華南永昌-板橋,2023-01-30,9349
3059,華晶科,10,0,10,華南永昌-板橋,2023-01-30,9349
6116,彩晶,11,1,10,華南永昌-板橋,2023-01-30,9349
3260,威剛,10,1,9,華南永昌-板橋,2023-01-30,9349
3346,麗清,14,5,9,華南永昌-板橋,2023-01-30,9349
8040,九暘,9,0,9,華南永昌-板橋,2023-01-30,9349
2609,陽明,10,2,8,華南永昌-板橋,2023-01-30,9349
2812,台中銀,8,0,8,華南永昌-板橋,2023-01-30,9349
2891,中信金,9,1,8,華南永昌-板橋,2023-01-30,9349
00720B,元大投資級公司債,7,0,7,華南永昌-板橋,2023-01-30,9349
1810,和成,10,3,7,華南永昌-板橋,2023-01-30,9349
1477,聚陽,6,0,6,華南永昌-板橋,2023-01-30,9349
2356,英業達,6,0,6,華南永昌-板橋,2023-01-30,9349
4190,佐登-KY,6,0,6,華南永昌-板橋,2023-01-30,9349
2890,永豐金,5,0,5,華南永昌-板橋,2023-01-30,9349
1219,福壽,5,0,5,華南永昌-板橋,2023-01-30,9349
00664R,國泰臺灣加權反1,5,0,5,華南永昌-板橋,2023-01-30,9349
2351,順德,5,0,5,華南永昌-板橋,2023-01-30,9349
2419,仲琦,5,0,5,華南永昌-板橋,2023-01-30,9349
3228,金麗科,7,2,5,華南永昌-板橋,2023-01-30,9349
3710,連展投控,5,0,5,華南永昌-板橋,2023-01-30,9349
4552,力達-KY,5,0,5,華南永昌-板橋,2023-01-30,9349
6244,茂迪,5,0,5,華南永昌-板橋,2023-01-30,9349
6441,廣錠,5,0,5,華南永昌-板橋,2023-01-30,9349
6451,訊芯-KY,5,0,5,華南永昌-板橋,2023-01-30,9349
6615,慧智,5,0,5,華南永昌-板橋,2023-01-30,9349
2884,玉山金,5,1,4,華南永昌-板橋,2023-01-30,9349
00888,永豐台灣ESG,6,2,4,華南永昌-板橋,2023-01-30,9349
2006,東和鋼鐵,5,1,4,華南永昌-板橋,2023-01-30,9349
2637,慧洋-KY,4,0,4,華南永昌-板橋,2023-01-30,9349
00878,國泰永續高股息,55,4,51,華南永昌-板橋,2023-01-31,9349
6205,詮欣,70,30,40,華南永昌-板橋,2023-01-31,9349
3675,德微,39,5,34,華南永昌-板橋,2023-01-31,9349
00680L,元大美債20正2,30,0,30,華南永昌-板橋,2023-01-31,9349
1810,和成,29,0,29,華南永昌-板橋,2023-01-31,9349
00905,FT臺灣Smart,30,3,27,華南永昌-板橋,2023-01-31,9349
4142,國光生,23,2,21,華南永昌-板橋,2023-01-31,9349
00632R,元大台灣50反1,20,0,20,華南永昌-板橋,2023-01-31,9349
2834,臺企銀,20,0,20,華南永昌-板橋,2023-01-31,9349
1477,聚陽,19,0,19,華南永昌-板橋,2023-01-31,9349
00882,中信中國高股息,17,0,17,華南永昌-板橋,2023-01-31,9349
2337,旺宏,21,4,17,華南永昌-板橋,2023-01-31,9349
3706,神達,18,1,17,華南永昌-板橋,2023-01-31,9349
4906,正文,21,4,17,華南永昌-板橋,2023-01-31,9349
2330,台積電,18,2,16,華南永昌-板橋,2023-01-31,9349
2892,第一金,16,0,16,華南永昌-板橋,2023-01-31,9349
4768,晶呈科技,84,69,15,華南永昌-板橋,2023-01-31,9349
006206,元大上證50,14,0,14,華南永昌-板橋,2023-01-31,9349
9802,鈺齊-KY,14,0,14,華南永昌-板橋,2023-01-31,9349
6282,康舒,39,27,12,華南永昌-板橋,2023-01-31,9349
3264,欣銓,11,0,11,華南永昌-板橋,2023-01-31,9349
2890,永豐金,10,0,10,華南永昌-板橋,2023-01-31,9349
2033,佳大,10,0,10,華南永昌-板橋,2023-01-31,9349
2380,虹光,10,0,10,華南永昌-板橋,2023-01-31,9349
3508,位速,10,0,10,華南永昌-板橋,2023-01-31,9349
3545,敦泰,10,0,10,華南永昌-板橋,2023-01-31,9349
3596,智易,26,16,10,華南永昌-板橋,2023-01-31,9349
3680,家登,10,0,10,華南永昌-板橋,2023-01-31,9349
5272,笙科,10,0,10,華南永昌-板橋,2023-01-31,9349
5521,工信,10,0,10,華南永昌-板橋,2023-01-31,9349
00679B,元大美債20年,9,0,9,華南永昌-板橋,2023-01-31,9349
2368,金像電,16,7,9,華南永昌-板橋,2023-01-31,9349
6274,台燿,11,2,9,華南永昌-板橋,2023-01-31,9349
1783,和康生,13,5,8,華南永昌-板橋,2023-01-31,9349
2023,燁輝,10,2,8,華南永昌-板橋,2023-01-31,9349
2388,威盛,17,9,8,華南永昌-板橋,2023-01-31,9349
2887,台新金,13,5,8,華南永昌-板橋,2023-01-31,9349
6217,中探針,8,0,8,華南永昌-板橋,2023-01-31,9349
1612,宏泰,7,0,7,華南永昌-板橋,2023-01-31,9349
2009,第一銅,13,6,7,華南永昌-板橋,2023-01-31,9349
4102,永日,7,0,7,華南永昌-板橋,2023-01-31,9349
5880,合庫金,7,0,7,華南永昌-板橋,2023-01-31,9349
8183,精星,7,0,7,華南永昌-板橋,2023-01-31,9349
2609,陽明,15,9,6,華南永昌-板橋,2023-01-31,9349
2421,建準,6,0,6,華南永昌-板橋,2023-01-31,9349
3447,展達,6,0,6,華南永昌-板橋,2023-01-31,9349
6235,華孚,6,0,6,華南永昌-板橋,2023-01-31,9349
2344,華邦電,6,1,5,華南永昌-板橋,2023-01-31,9349
2891,中信金,6,1,5,華南永昌-板橋,2023-01-31,9349
3017,奇鋐,5,0,5,華南永昌-板橋,2023-01-31,9349
8358,金居,137,28,109,華南永昌-板橋,2023-02-01,9349
2607,榮運,100,0,100,華南永昌-板橋,2023-02-01,9349
4155,訊映,50,3,47,華南永昌-板橋,2023-02-01,9349
2409,友達,46,2,44,華南永昌-板橋,2023-02-01,9349
6205,詮欣,84,40,44,華南永昌-板橋,2023-02-01,9349
2891,中信金,42,1,41,華南永昌-板橋,2023-02-01,9349
00650L,復華香港正2,30,0,30,華南永昌-板橋,2023-02-01,9349
3704,合勤控,26,1,25,華南永昌-板橋,2023-02-01,9349
4102,永日,20,0,20,華南永昌-板橋,2023-02-01,9349
2027,大成鋼,20,0,20,華南永昌-板橋,2023-02-01,9349
6282,康舒,53,34,19,華南永昌-板橋,2023-02-01,9349
1810,和成,38,19,19,華南永昌-板橋,2023-02-01,9349
3466,德晉,19,0,19,華南永昌-板橋,2023-02-01,9349
3346,麗清,22,4,18,華南永昌-板橋,2023-02-01,9349
3207,耀勝,60,42,18,華南永昌-板橋,2023-02-01,9349
1513,中興電,70,54,16,華南永昌-板橋,2023-02-01,9349
3682,亞太電,16,0,16,華南永昌-板橋,2023-02-01,9349
2462,良得電,16,0,16,華南永昌-板橋,2023-02-01,9349
2929,淘帝-KY,19,3,16,華南永昌-板橋,2023-02-01,9349
6133,金橋,15,0,15,華南永昌-板橋,2023-02-01,9349
1701,中化,13,0,13,華南永昌-板橋,2023-02-01,9349
2009,第一銅,28,15,13,華南永昌-板橋,2023-02-01,9349
6202,盛群,13,0,13,華南永昌-板橋,2023-02-01,9349
00878,國泰永續高股息,25,13,12,華南永昌-板橋,2023-02-01,9349
2887,台新金,12,0,12,華南永昌-板橋,2023-02-01,9349
3680,家登,16,4,12,華南永昌-板橋,2023-02-01,9349
3481,群創,16,5,11,華南永昌-板橋,2023-02-01,9349
6279,胡連,12,1,11,華南永昌-板橋,2023-02-01,9349
2006,東和鋼鐵,10,0,10,華南永昌-板橋,2023-02-01,9349
00648R,元大S＆P500反1,10,0,10,華南永昌-板橋,2023-02-01,9349
00669R,國泰美國道瓊反1,10,0,10,華南永昌-板橋,2023-02-01,9349
00891,中信關鍵半導體,10,0,10,華南永昌-板橋,2023-02-01,9349
2489,瑞軒,10,0,10,華南永昌-板橋,2023-02-01,9349
2634,漢翔,11,1,10,華南永昌-板橋,2023-02-01,9349
3028,增你強,10,0,10,華南永昌-板橋,2023-02-01,9349
3260,威剛,10,0,10,華南永昌-板橋,2023-02-01,9349
8112,至上,10,0,10,華南永昌-板橋,2023-02-01,9349
1529,樂事綠能,10,1,9,華南永昌-板橋,2023-02-01,9349
4726,永昕,8,0,8,華南永昌-板橋,2023-02-01,9349
2330,台積電,13,6,7,華南永昌-板橋,2023-02-01,9349
3178,公準,7,0,7,華南永昌-板橋,2023-02-01,9349
4770,上品,7,0,7,華南永昌-板橋,2023-02-01,9349
6244,茂迪,8,1,7,華南永昌-板橋,2023-02-01,9349
1784,訊聯,6,0,6,華南永昌-板橋,2023-02-01,9349
2363,矽統,11,5,6,華南永昌-板橋,2023-02-01,9349
2406,國碩,6,0,6,華南永昌-板橋,2023-02-01,9349
2888,新光金,6,0,6,華南永昌-板橋,2023-02-01,9349
4768,晶呈科技,26,20,6,華南永昌-板橋,2023-02-01,9349
6274,台燿,9,3,6,華南永昌-板橋,2023-02-01,9349
6719,力智,7,1,6,華南永昌-板橋,2023-02-01,9349
2888,新光金,205,5,200,華南永昌-板橋,2023-02-02,9349
2359,所羅門,90,0,90,華南永昌-板橋,2023-02-02,9349
2206,三陽工業,72,0,72,華南永昌-板橋,2023-02-02,9349
6133,金橋,69,1,68,華南永昌-板橋,2023-02-02,9349
2201,裕隆,91,41,50,華南永昌-板橋,2023-02-02,9349
6226,光鼎,51,1,50,華南永昌-板橋,2023-02-02,9349
4960,誠美材,50,0,50,華南永昌-板橋,2023-02-02,9349
00648R,元大S＆P500反1,45,0,45,華南永昌-板橋,2023-02-02,9349
1305,華夏,31,0,31,華南永昌-板橋,2023-02-02,9349
2891,中信金,33,2,31,華南永昌-板橋,2023-02-02,9349
5521,工信,30,0,30,華南永昌-板橋,2023-02-02,9349
4157,太景*-KY,29,0,29,華南永昌-板橋,2023-02-02,9349
00772B,中信高評級公司債,27,0,27,華南永昌-板橋,2023-02-02,9349
2618,長榮航,40,13,27,華南永昌-板橋,2023-02-02,9349
5243,乙盛-KY,38,11,27,華南永昌-板橋,2023-02-02,9349
6205,詮欣,113,91,22,華南永昌-板橋,2023-02-02,9349
3176,基亞,21,0,21,華南永昌-板橋,2023-02-02,9349
5353,台林,22,1,21,華南永昌-板橋,2023-02-02,9349
3346,麗清,20,0,20,華南永昌-板橋,2023-02-02,9349
3702,大聯大,20,0,20,華南永昌-板橋,2023-02-02,9349
4768,晶呈科技,20,0,20,華南永昌-板橋,2023-02-02,9349
2444,兆勁,20,1,19,華南永昌-板橋,2023-02-02,9349
2413,環科,20,2,18,華南永昌-板橋,2023-02-02,9349
3481,群創,16,0,16,華南永昌-板橋,2023-02-02,9349
6443,元晶,22,6,16,華南永昌-板橋,2023-02-02,9349
6244,茂迪,21,6,15,華南永昌-板橋,2023-02-02,9349
1312,國喬,13,0,13,華南永昌-板橋,2023-02-02,9349
6129,普誠,15,2,13,華南永昌-板橋,2023-02-02,9349
2323,中環,28,15,13,華南永昌-板橋,2023-02-02,9349
5425,台半,20,7,13,華南永昌-板橋,2023-02-02,9349
6695,芯鼎,13,0,13,華南永昌-板橋,2023-02-02,9349
6435,大中,12,0,12,華南永昌-板橋,2023-02-02,9349
6531,愛普*,15,3,12,華南永昌-板橋,2023-02-02,9349
3552,同致,11,0,11,華南永昌-板橋,2023-02-02,9349
8227,巨有科技,12,1,11,華南永昌-板橋,2023-02-02,9349
2102,泰豐,10,0,10,華南永昌-板橋,2023-02-02,9349
2312,金寶,10,0,10,華南永昌-板橋,2023-02-02,9349
2329,華泰,92,82,10,華南永昌-板橋,2023-02-02,9349
8277,商丞,10,0,10,華南永昌-板橋,2023-02-02,9349
00669R,國泰美國道瓊反1,10,0,10,華南永昌-板橋,2023-02-02,9349
00637L,元大滬深300正2,10,0,10,華南永昌-板橋,2023-02-02,9349
2611,志信,10,0,10,華南永昌-板橋,2023-02-02,9349
3234,光環,9,0,9,華南永昌-板橋,2023-02-02,9349
4908,前鼎,8,0,8,華南永昌-板橋,2023-02-02,9349
2230,泰茂,28,20,8,華南永昌-板橋,2023-02-02,9349
2886,兆豐金,8,0,8,華南永昌-板橋,2023-02-02,9349
3710,連展投控,8,0,8,華南永昌-板橋,2023-02-02,9349
1301,台塑,7,0,7,華南永昌-板橋,2023-02-02,9349
00885,富邦越南,6,0,6,華南永昌-板橋,2023-02-02,9349
4979,華星光,11,5,6,華南永昌-板橋,2023-02-02,9349
6226,光鼎,386,2,384,華南永昌-板橋,2023-02-03,9349
6205,詮欣,87,2,85,華南永昌-板橋,2023-02-03,9349
1584,精剛,65,8,57,華南永昌-板橋,2023-02-03,9349
8147,正淩,46,2,44,華南永昌-板橋,2023-02-03,9349
2458,義隆,38,0,38,華南永昌-板橋,2023-02-03,9349
2317,鴻海,31,3,28,華南永昌-板橋,2023-02-03,9349
5272,笙科,28,2,26,華南永昌-板橋,2023-02-03,9349
00882,中信中國高股息,24,0,24,華南永昌-板橋,2023-02-03,9349
2323,中環,25,1,24,華南永昌-板橋,2023-02-03,9349
00878,國泰永續高股息,21,0,21,華南永昌-板橋,2023-02-03,9349
1708,東鹼,20,0,20,華南永昌-板橋,2023-02-03,9349
3702,大聯大,20,0,20,華南永昌-板橋,2023-02-03,9349
2610,華航,19,0,19,華南永昌-板橋,2023-02-03,9349
3707,漢磊,23,5,18,華南永昌-板橋,2023-02-03,9349
3037,欣興,19,1,18,華南永昌-板橋,2023-02-03,9349
00715L,期街口布蘭特正2,16,0,16,華南永昌-板橋,2023-02-03,9349
3374,精材,17,2,15,華南永昌-板橋,2023-02-03,9349
8105,凌巨,15,0,15,華南永昌-板橋,2023-02-03,9349
1101,台泥,13,0,13,華南永昌-板橋,2023-02-03,9349
1513,中興電,25,13,12,華南永昌-板橋,2023-02-03,9349
2376,技嘉,12,0,12,華南永昌-板橋,2023-02-03,9349
2388,威盛,39,27,12,華南永昌-板橋,2023-02-03,9349
2618,長榮航,19,7,12,華南永昌-板橋,2023-02-03,9349
2884,玉山金,12,0,12,華南永昌-板橋,2023-02-03,9349
2888,新光金,12,0,12,華南永昌-板橋,2023-02-03,9349
2409,友達,12,1,11,華南永昌-板橋,2023-02-03,9349
00632R,元大台灣50反1,11,0,11,華南永昌-板橋,2023-02-03,9349
1609,大亞,12,1,11,華南永昌-板橋,2023-02-03,9349
2329,華泰,12,1,11,華南永昌-板橋,2023-02-03,9349
3207,耀勝,16,5,11,華南永昌-板橋,2023-02-03,9349
3515,華擎,11,0,11,華南永昌-板橋,2023-02-03,9349
00671R,富邦NASDAQ反1,10,0,10,華南永昌-板橋,2023-02-03,9349
2482,連宇,14,4,10,華南永昌-板橋,2023-02-03,9349
2601,益航,10,0,10,華南永昌-板橋,2023-02-03,9349
6756,威鋒電子,10,0,10,華南永昌-板橋,2023-02-03,9349
8038,長園科,11,1,10,華南永昌-板橋,2023-02-03,9349
9103,美德醫療-DR,10,0,10,華南永昌-板橋,2023-02-03,9349
3362,先進光,10,1,9,華南永昌-板橋,2023-02-03,9349
6015,宏遠證,10,1,9,華南永昌-板橋,2023-02-03,9349
3017,奇鋐,9,0,9,華南永昌-板橋,2023-02-03,9349
0056,元大高股息,11,2,9,華南永昌-板橋,2023-02-03,9349
1806,冠軍,8,0,8,華南永昌-板橋,2023-02-03,9349
2014,中鴻,8,0,8,華南永昌-板橋,2023-02-03,9349
1526,日馳,7,0,7,華南永昌-板橋,2023-02-03,9349
6806,森崴能源,7,1,6,華南永昌-板橋,2023-02-03,9349
00738U,期元大道瓊白銀,5,0,5,華南永昌-板橋,2023-02-03,9349
00688L,國泰20年美債正2,5,0,5,華南永昌-板橋,2023-02-03,9349
1760,寶齡富錦,7,2,5,華南永昌-板橋,2023-02-03,9349
2010,春源,5,0,5,華南永昌-板橋,2023-02-03,9349
2012,春雨,5,0,5,華南永昌-板橋,2023-02-03,9349
6226,光鼎,657,5,652,華南永昌-板橋,2023-02-06,9349
1605,華新,115,28,87,華南永昌-板橋,2023-02-06,9349
2328,廣宇,108,34,74,華南永昌-板橋,2023-02-06,9349
2388,威盛,53,18,35,華南永昌-板橋,2023-02-06,9349
00878,國泰永續高股息,28,0,28,華南永昌-板橋,2023-02-06,9349
1524,耿鼎,29,2,27,華南永昌-板橋,2023-02-06,9349
0056,元大高股息,22,0,22,華南永昌-板橋,2023-02-06,9349
00919,群益台灣精選高息,20,0,20,華南永昌-板橋,2023-02-06,9349
00680L,元大美債20正2,20,0,20,華南永昌-板橋,2023-02-06,9349
3322,建舜電,21,1,20,華南永昌-板橋,2023-02-06,9349
2002,中鋼,22,2,20,華南永昌-板橋,2023-02-06,9349
6205,詮欣,74,55,19,華南永昌-板橋,2023-02-06,9349
3163,波若威,18,0,18,華南永昌-板橋,2023-02-06,9349
6770,力積電,18,1,17,華南永昌-板橋,2023-02-06,9349
2891,中信金,16,0,16,華南永昌-板橋,2023-02-06,9349
2330,台積電,17,1,16,華南永昌-板橋,2023-02-06,9349
00637L,元大滬深300正2,15,0,15,華南永昌-板橋,2023-02-06,9349
2481,強茂,15,1,14,華南永昌-板橋,2023-02-06,9349
00882,中信中國高股息,13,0,13,華南永昌-板橋,2023-02-06,9349
00679B,元大美債20年,13,0,13,華南永昌-板橋,2023-02-06,9349
2615,萬海,12,0,12,華南永昌-板橋,2023-02-06,9349
3508,位速,12,0,12,華南永昌-板橋,2023-02-06,9349
1584,精剛,21,9,12,華南永昌-板橋,2023-02-06,9349
8147,正淩,12,0,12,華南永昌-板橋,2023-02-06,9349
1101,台泥,12,0,12,華南永昌-板橋,2023-02-06,9349
1810,和成,11,0,11,華南永昌-板橋,2023-02-06,9349
2882,國泰金,11,0,11,華南永昌-板橋,2023-02-06,9349
2929,淘帝-KY,12,1,11,華南永昌-板橋,2023-02-06,9349
3675,德微,16,5,11,華南永昌-板橋,2023-02-06,9349
3037,欣興,17,7,10,華南永昌-板橋,2023-02-06,9349
8069,元太,25,16,9,華南永昌-板橋,2023-02-06,9349
2465,麗臺,10,1,9,華南永昌-板橋,2023-02-06,9349
1609,大亞,9,0,9,華南永昌-板橋,2023-02-06,9349
6223,旺矽,9,0,9,華南永昌-板橋,2023-02-06,9349
3704,合勤控,10,2,8,華南永昌-板橋,2023-02-06,9349
8076,伍豐,9,1,8,華南永昌-板橋,2023-02-06,9349
00669R,國泰美國道瓊反1,8,0,8,華南永昌-板橋,2023-02-06,9349
00665L,富邦�琤肭磪囓�2,8,0,8,華南永昌-板橋,2023-02-06,9349
2439,美律,8,0,8,華南永昌-板橋,2023-02-06,9349
4114,健喬,20,12,8,華南永昌-板橋,2023-02-06,9349
4121,優盛,8,0,8,華南永昌-板橋,2023-02-06,9349
9136,巨騰-DR,8,0,8,華南永昌-板橋,2023-02-06,9349
2369,菱生,7,0,7,華南永昌-板橋,2023-02-06,9349
3035,智原,22,15,7,華南永昌-板橋,2023-02-06,9349
5347,世界,7,0,7,華南永昌-板橋,2023-02-06,9349
6767,台微醫,7,0,7,華南永昌-板橋,2023-02-06,9349
00715L,期街口布蘭特正2,6,0,6,華南永昌-板橋,2023-02-06,9349
2009,第一銅,10,4,6,華南永昌-板橋,2023-02-06,9349
2892,第一金,6,0,6,華南永昌-板橋,2023-02-06,9349
6756,威鋒電子,6,0,6,華南永昌-板橋,2023-02-06,9349
6226,光鼎,387,0,387,華南永昌-板橋,2023-02-07,9349
00650L,復華香港正2,73,1,72,華南永昌-板橋,2023-02-07,9349
2303,聯電,116,50,66,華南永昌-板橋,2023-02-07,9349
3675,德微,59,17,42,華南永昌-板橋,2023-02-07,9349
2618,長榮航,48,8,40,華南永昌-板橋,2023-02-07,9349
6470,宇智,40,0,40,華南永昌-板橋,2023-02-07,9349
1701,中化,38,1,37,華南永昌-板橋,2023-02-07,9349
2736,富野,37,0,37,華南永昌-板橋,2023-02-07,9349
00878,國泰永續高股息,35,0,35,華南永昌-板橋,2023-02-07,9349
2439,美律,35,0,35,華南永昌-板橋,2023-02-07,9349
00680L,元大美債20正2,26,0,26,華南永昌-板橋,2023-02-07,9349
2031,新光鋼,21,0,21,華南永昌-板橋,2023-02-07,9349
1219,福壽,20,0,20,華南永昌-板橋,2023-02-07,9349
3176,基亞,21,2,19,華南永昌-板橋,2023-02-07,9349
2344,華邦電,21,3,18,華南永昌-板橋,2023-02-07,9349
2610,華航,18,1,17,華南永昌-板橋,2023-02-07,9349
2201,裕隆,27,10,17,華南永昌-板橋,2023-02-07,9349
6282,康舒,21,4,17,華南永昌-板橋,2023-02-07,9349
2465,麗臺,16,0,16,華南永昌-板橋,2023-02-07,9349
00679B,元大美債20年,15,0,15,華南永昌-板橋,2023-02-07,9349
2498,宏達電,35,20,15,華南永昌-板橋,2023-02-07,9349
9136,巨騰-DR,15,0,15,華南永昌-板橋,2023-02-07,9349
2330,台積電,14,0,14,華南永昌-板橋,2023-02-07,9349
2368,金像電,14,2,12,華南永昌-板橋,2023-02-07,9349
3481,群創,77,66,11,華南永昌-板橋,2023-02-07,9349
2014,中鴻,11,0,11,華南永昌-板橋,2023-02-07,9349
6202,盛群,12,1,11,華南永昌-板橋,2023-02-07,9349
1506,正道,10,0,10,華南永昌-板橋,2023-02-07,9349
00683L,期元大美元指正2,10,0,10,華南永昌-板橋,2023-02-07,9349
00900,富邦特選高股息30,10,0,10,華南永昌-板橋,2023-02-07,9349
1712,興農,10,0,10,華南永昌-板橋,2023-02-07,9349
2102,泰豐,10,0,10,華南永昌-板橋,2023-02-07,9349
2236,百達-KY,10,0,10,華南永昌-板橋,2023-02-07,9349
2328,廣宇,17,7,10,華南永昌-板橋,2023-02-07,9349
2426,鼎元,10,0,10,華南永昌-板橋,2023-02-07,9349
2547,日勝生,10,0,10,華南永昌-板橋,2023-02-07,9349
3466,德晉,10,0,10,華南永昌-板橋,2023-02-07,9349
9945,潤泰新,9,0,9,華南永昌-板橋,2023-02-07,9349
4142,國光生,12,4,8,華南永昌-板橋,2023-02-07,9349
2884,玉山金,7,0,7,華南永昌-板橋,2023-02-07,9349
1605,華新,21,14,7,華南永昌-板橋,2023-02-07,9349
3189,景碩,7,0,7,華南永昌-板橋,2023-02-07,9349
6770,力積電,10,3,7,華南永昌-板橋,2023-02-07,9349
4162,智擎,6,0,6,華南永昌-板橋,2023-02-07,9349
6733,博晟生醫,6,0,6,華南永昌-板橋,2023-02-07,9349
00632R,元大台灣50反1,5,0,5,華南永昌-板橋,2023-02-07,9349
00738U,期元大道瓊白銀,5,0,5,華南永昌-板橋,2023-02-07,9349
1101,台泥,5,0,5,華南永昌-板橋,2023-02-07,9349
00773B,中信優先金融債,5,0,5,華南永昌-板橋,2023-02-07,9349
2358,廷鑫,7,2,5,華南永昌-板橋,2023-02-07,9349
6226,光鼎,224,0,224,華南永昌-板橋,2023-02-08,9349
2462,良得電,56,0,56,華南永昌-板橋,2023-02-08,9349
2867,三商壽,56,0,56,華南永昌-板橋,2023-02-08,9349
4768,晶呈科技,51,1,50,華南永昌-板橋,2023-02-08,9349
2401,凌陽,51,5,46,華南永昌-板橋,2023-02-08,9349
2425,承啟,42,6,36,華南永昌-板橋,2023-02-08,9349
3580,友威科,40,5,35,華南永昌-板橋,2023-02-08,9349
2888,新光金,33,0,33,華南永昌-板橋,2023-02-08,9349
00632R,元大台灣50反1,27,0,27,華南永昌-板橋,2023-02-08,9349
3675,德微,34,9,25,華南永昌-板橋,2023-02-08,9349
00680L,元大美債20正2,25,3,22,華南永昌-板橋,2023-02-08,9349
2498,宏達電,30,8,22,華南永昌-板橋,2023-02-08,9349
3466,德晉,20,0,20,華南永昌-板橋,2023-02-08,9349
6282,康舒,29,9,20,華南永昌-板橋,2023-02-08,9349
2439,美律,18,0,18,華南永昌-板橋,2023-02-08,9349
2736,富野,18,0,18,華南永昌-板橋,2023-02-08,9349
3049,精金,17,0,17,華南永昌-板橋,2023-02-08,9349
4545,銘鈺,14,0,14,華南永昌-板橋,2023-02-08,9349
6104,創惟,14,0,14,華南永昌-板橋,2023-02-08,9349
00679B,元大美債20年,13,0,13,華南永昌-板橋,2023-02-08,9349
1714,和桐,16,3,13,華南永昌-板橋,2023-02-08,9349
2419,仲琦,13,0,13,華南永昌-板橋,2023-02-08,9349
8038,長園科,13,0,13,華南永昌-板橋,2023-02-08,9349
2734,易飛網,12,0,12,華南永昌-板橋,2023-02-08,9349
5388,中磊,13,1,12,華南永昌-板橋,2023-02-08,9349
00878,國泰永續高股息,16,5,11,華南永昌-板橋,2023-02-08,9349
2344,華邦電,15,4,11,華南永昌-板橋,2023-02-08,9349
3207,耀勝,22,11,11,華南永昌-板橋,2023-02-08,9349
8277,商丞,11,0,11,華南永昌-板橋,2023-02-08,9349
00648R,元大S＆P500反1,10,0,10,華南永昌-板橋,2023-02-08,9349
2481,強茂,11,1,10,華南永昌-板橋,2023-02-08,9349
3715,定穎投控,10,0,10,華南永昌-板橋,2023-02-08,9349
6589,台康生技,12,2,10,華南永昌-板橋,2023-02-08,9349
8112,至上,10,0,10,華南永昌-板橋,2023-02-08,9349
1712,興農,11,2,9,華南永昌-板橋,2023-02-08,9349
3558,神準,11,2,9,華南永昌-板橋,2023-02-08,9349
8358,金居,22,13,9,華南永昌-板橋,2023-02-08,9349
2884,玉山金,8,0,8,華南永昌-板橋,2023-02-08,9349
00665L,富邦�琤肭磪囓�2,8,0,8,華南永昌-板橋,2023-02-08,9349
2369,菱生,8,0,8,華南永昌-板橋,2023-02-08,9349
3105,穩懋,9,1,8,華南永昌-板橋,2023-02-08,9349
3231,緯創,9,1,8,華南永昌-板橋,2023-02-08,9349
2609,陽明,8,0,8,華南永昌-板橋,2023-02-08,9349
2338,光罩,7,0,7,華南永昌-板橋,2023-02-08,9349
2617,台航,7,0,7,華南永昌-板橋,2023-02-08,9349
3037,欣興,7,0,7,華南永昌-板橋,2023-02-08,9349
6223,旺矽,51,44,7,華南永昌-板橋,2023-02-08,9349
6782,視陽,8,1,7,華南永昌-板橋,2023-02-08,9349
2883,凱基金,7,0,7,華南永昌-板橋,2023-02-08,9349
2405,輔信,6,0,6,華南永昌-板橋,2023-02-08,9349
00632R,元大台灣50反1,2003,0,2003,華南永昌-板橋,2023-02-09,9349
2359,所羅門,129,0,129,華南永昌-板橋,2023-02-09,9349
00680L,元大美債20正2,50,0,50,華南永昌-板橋,2023-02-09,9349
2388,威盛,95,59,36,華南永昌-板橋,2023-02-09,9349
00878,國泰永續高股息,35,0,35,華南永昌-板橋,2023-02-09,9349
2453,凌群,34,1,33,華南永昌-板橋,2023-02-09,9349
1815,富喬,31,1,30,華南永昌-板橋,2023-02-09,9349
3017,奇鋐,26,4,22,華南永昌-板橋,2023-02-09,9349
6865,偉康科技,20,0,20,華南永昌-板橋,2023-02-09,9349
1609,大亞,21,4,17,華南永昌-板橋,2023-02-09,9349
2201,裕隆,28,11,17,華南永昌-板橋,2023-02-09,9349
4931,新盛力,24,8,16,華南永昌-板橋,2023-02-09,9349
3466,德晉,20,5,15,華南永昌-板橋,2023-02-09,9349
4168,醣聯,15,1,14,華南永昌-板橋,2023-02-09,9349
2371,大同,12,0,12,華南永昌-板橋,2023-02-09,9349
2425,承啟,18,6,12,華南永昌-板橋,2023-02-09,9349
2481,強茂,12,0,12,華南永昌-板橋,2023-02-09,9349
3706,神達,12,0,12,華南永昌-板橋,2023-02-09,9349
6133,金橋,12,0,12,華南永昌-板橋,2023-02-09,9349
0056,元大高股息,11,0,11,華南永昌-板橋,2023-02-09,9349
2368,金像電,14,3,11,華南永昌-板橋,2023-02-09,9349
3710,連展投控,11,0,11,華南永昌-板橋,2023-02-09,9349
6770,力積電,11,0,11,華南永昌-板橋,2023-02-09,9349
6719,力智,19,8,11,華南永昌-板橋,2023-02-09,9349
2812,台中銀,11,0,11,華南永昌-板橋,2023-02-09,9349
2314,台揚,10,0,10,華南永昌-板橋,2023-02-09,9349
1611,中電,10,0,10,華南永昌-板橋,2023-02-09,9349
2023,燁輝,10,0,10,華南永昌-板橋,2023-02-09,9349
2375,凱美,10,0,10,華南永昌-板橋,2023-02-09,9349
5608,四維航,10,0,10,華南永昌-板橋,2023-02-09,9349
8147,正淩,15,5,10,華南永昌-板橋,2023-02-09,9349
2231,為升,9,0,9,華南永昌-板橋,2023-02-09,9349
3260,威剛,10,1,9,華南永昌-板橋,2023-02-09,9349
3624,光頡,9,0,9,華南永昌-板橋,2023-02-09,9349
4533,協易機,9,0,9,華南永昌-板橋,2023-02-09,9349
2883,凱基金,8,0,8,華南永昌-板橋,2023-02-09,9349
4114,健喬,17,9,8,華南永昌-板橋,2023-02-09,9349
1795,美時,10,3,7,華南永昌-板橋,2023-02-09,9349
2344,華邦電,29,22,7,華南永昌-板橋,2023-02-09,9349
2542,興富發,7,0,7,華南永昌-板橋,2023-02-09,9349
2607,榮運,10,3,7,華南永昌-板橋,2023-02-09,9349
2834,臺企銀,8,1,7,華南永昌-板橋,2023-02-09,9349
2439,美律,6,0,6,華南永昌-板橋,2023-02-09,9349
3346,麗清,6,0,6,華南永昌-板橋,2023-02-09,9349
4736,泰博,6,0,6,華南永昌-板橋,2023-02-09,9349
5014,建錩,6,0,6,華南永昌-板橋,2023-02-09,9349
6245,立端,13,7,6,華南永昌-板橋,2023-02-09,9349
8150,南茂,6,0,6,華南永昌-板橋,2023-02-09,9349
8016,矽創,5,0,5,華南永昌-板橋,2023-02-09,9349
00650L,復華香港正2,5,0,5,華南永昌-板橋,2023-02-09,9349
4979,華星光,203,17,186,華南永昌-板橋,2023-02-10,9349
2409,友達,112,12,100,華南永昌-板橋,2023-02-10,9349
2881,富邦金,59,0,59,華南永昌-板橋,2023-02-10,9349
00878,國泰永續高股息,53,0,53,華南永昌-板橋,2023-02-10,9349
1815,富喬,51,0,51,華南永昌-板橋,2023-02-10,9349
8097,常珵,50,0,50,華南永昌-板橋,2023-02-10,9349
3207,耀勝,47,0,47,華南永昌-板橋,2023-02-10,9349
1809,中釉,40,0,40,華南永昌-板橋,2023-02-10,9349
2439,美律,40,0,40,華南永昌-板橋,2023-02-10,9349
2474,可成,40,4,36,華南永昌-板橋,2023-02-10,9349
1513,中興電,33,11,22,華南永昌-板橋,2023-02-10,9349
3455,由田,22,0,22,華南永昌-板橋,2023-02-10,9349
3162,精確,23,2,21,華南永昌-板橋,2023-02-10,9349
00900,富邦特選高股息30,20,0,20,華南永昌-板橋,2023-02-10,9349
2634,漢翔,56,37,19,華南永昌-板橋,2023-02-10,9349
1314,中石化,18,0,18,華南永昌-板橋,2023-02-10,9349
3037,欣興,16,0,16,華南永昌-板橋,2023-02-10,9349
2413,環科,17,1,16,華南永昌-板橋,2023-02-10,9349
3675,德微,31,16,15,華南永昌-板橋,2023-02-10,9349
5521,工信,15,0,15,華南永昌-板橋,2023-02-10,9349
6770,力積電,16,1,15,華南永昌-板橋,2023-02-10,9349
2484,希華,17,3,14,華南永昌-板橋,2023-02-10,9349
2610,華航,14,0,14,華南永昌-板橋,2023-02-10,9349
8358,金居,25,12,13,華南永昌-板橋,2023-02-10,9349
6116,彩晶,12,0,12,華南永昌-板橋,2023-02-10,9349
6129,普誠,13,1,12,華南永昌-板橋,2023-02-10,9349
2891,中信金,11,0,11,華南永昌-板橋,2023-02-10,9349
00751B,元大AAA至A公司債,10,0,10,華南永昌-板橋,2023-02-10,9349
2498,宏達電,32,22,10,華南永昌-板橋,2023-02-10,9349
3466,德晉,10,0,10,華南永昌-板橋,2023-02-10,9349
3520,華盈,10,0,10,華南永昌-板橋,2023-02-10,9349
4119,旭富,10,0,10,華南永昌-板橋,2023-02-10,9349
6156,松上,10,0,10,華南永昌-板橋,2023-02-10,9349
6167,久正,10,0,10,華南永昌-板橋,2023-02-10,9349
2009,第一銅,11,2,9,華南永昌-板橋,2023-02-10,9349
4915,致伸,12,3,9,華南永昌-板橋,2023-02-10,9349
2236,百達-KY,8,0,8,華南永昌-板橋,2023-02-10,9349
2388,威盛,33,25,8,華南永昌-板橋,2023-02-10,9349
3576,聯合再生,8,0,8,華南永昌-板橋,2023-02-10,9349
6613,朋億*,8,0,8,華南永昌-板橋,2023-02-10,9349
9136,巨騰-DR,8,0,8,華南永昌-板橋,2023-02-10,9349
1736,喬山,7,0,7,華南永昌-板橋,2023-02-10,9349
3483,力致,7,0,7,華南永昌-板橋,2023-02-10,9349
5258,虹堡,7,0,7,華南永昌-板橋,2023-02-10,9349
5351,鈺創,7,1,6,華南永昌-板橋,2023-02-10,9349
00720B,元大投資級公司債,6,0,6,華南永昌-板橋,2023-02-10,9349
00679B,元大美債20年,6,0,6,華南永昌-板橋,2023-02-10,9349
3444,利機,16,10,6,華南永昌-板橋,2023-02-10,9349
4768,晶呈科技,16,10,6,華南永昌-板橋,2023-02-10,9349
5014,建錩,6,0,6,華南永昌-板橋,2023-02-10,9349
2409,友達,81,2,79,華南永昌-板橋,2023-02-13,9349
4155,訊映,77,0,77,華南永昌-板橋,2023-02-13,9349
8171,天宇,51,0,51,華南永昌-板橋,2023-02-13,9349
1101,台泥,50,1,49,華南永昌-板橋,2023-02-13,9349
2610,華航,50,2,48,華南永昌-板橋,2023-02-13,9349
00900,富邦特選高股息30,41,3,38,華南永昌-板橋,2023-02-13,9349
2303,聯電,48,14,34,華南永昌-板橋,2023-02-13,9349
2358,廷鑫,31,0,31,華南永昌-板橋,2023-02-13,9349
8249,菱光,31,0,31,華南永昌-板橋,2023-02-13,9349
3013,晟銘電,29,0,29,華南永昌-板橋,2023-02-13,9349
3105,穩懋,26,1,25,華南永昌-板橋,2023-02-13,9349
1584,精剛,35,11,24,華南永昌-板橋,2023-02-13,9349
2388,威盛,46,23,23,華南永昌-板橋,2023-02-13,9349
2201,裕隆,28,7,21,華南永昌-板橋,2023-02-13,9349
2609,陽明,28,7,21,華南永昌-板橋,2023-02-13,9349
2736,富野,20,0,20,華南永昌-板橋,2023-02-13,9349
8033,雷虎,22,5,17,華南永昌-板橋,2023-02-13,9349
4119,旭富,16,0,16,華南永昌-板橋,2023-02-13,9349
2929,淘帝-KY,15,0,15,華南永昌-板橋,2023-02-13,9349
3455,由田,15,0,15,華南永昌-板橋,2023-02-13,9349
6550,北極星藥業-KY,15,0,15,華南永昌-板橋,2023-02-13,9349
3037,欣興,15,1,14,華南永昌-板橋,2023-02-13,9349
2603,長榮,13,1,12,華南永昌-板橋,2023-02-13,9349
2368,金像電,14,2,12,華南永昌-板橋,2023-02-13,9349
6182,合晶,11,0,11,華南永昌-板橋,2023-02-13,9349
1506,正道,10,0,10,華南永昌-板橋,2023-02-13,9349
1708,東鹼,10,0,10,華南永昌-板橋,2023-02-13,9349
2328,廣宇,12,2,10,華南永昌-板橋,2023-02-13,9349
3687,歐買尬,10,0,10,華南永昌-板橋,2023-02-13,9349
4168,醣聯,10,0,10,華南永昌-板橋,2023-02-13,9349
5521,工信,10,0,10,華南永昌-板橋,2023-02-13,9349
6133,金橋,10,0,10,華南永昌-板橋,2023-02-13,9349
00878,國泰永續高股息,11,2,9,華南永昌-板橋,2023-02-13,9349
3494,誠研,10,2,8,華南永昌-板橋,2023-02-13,9349
1524,耿鼎,8,0,8,華南永昌-板橋,2023-02-13,9349
3035,智原,14,6,8,華南永昌-板橋,2023-02-13,9349
3675,德微,9,1,8,華南永昌-板橋,2023-02-13,9349
8409,商之器,8,0,8,華南永昌-板橋,2023-02-13,9349
2439,美律,7,0,7,華南永昌-板橋,2023-02-13,9349
3017,奇鋐,8,1,7,華南永昌-板橋,2023-02-13,9349
6443,元晶,7,0,7,華南永昌-板橋,2023-02-13,9349
6806,森崴能源,23,16,7,華南永昌-板橋,2023-02-13,9349
8222,寶一,13,6,7,華南永昌-板橋,2023-02-13,9349
00679B,元大美債20年,7,0,7,華南永昌-板橋,2023-02-13,9349
2332,友訊,11,5,6,華南永昌-板橋,2023-02-13,9349
5269,祥碩,6,0,6,華南永昌-板橋,2023-02-13,9349
5351,鈺創,7,1,6,華南永昌-板橋,2023-02-13,9349
6156,松上,6,0,6,華南永昌-板橋,2023-02-13,9349
2330,台積電,7,1,6,華南永昌-板橋,2023-02-13,9349
1809,中釉,5,0,5,華南永昌-板橋,2023-02-13,9349
6550,北極星藥業-KY,55,0,55,華南永昌-板橋,2023-02-14,9349
4155,訊映,45,0,45,華南永昌-板橋,2023-02-14,9349
2453,凌群,53,12,41,華南永昌-板橋,2023-02-14,9349
4915,致伸,31,0,31,華南永昌-板橋,2023-02-14,9349
3702,大聯大,30,0,30,華南永昌-板橋,2023-02-14,9349
2201,裕隆,34,4,30,華南永昌-板橋,2023-02-14,9349
5353,台林,30,0,30,華南永昌-板橋,2023-02-14,9349
4768,晶呈科技,34,5,29,華南永昌-板橋,2023-02-14,9349
00650L,復華香港正2,20,0,20,華南永昌-板橋,2023-02-14,9349
6235,華孚,21,3,18,華南永昌-板橋,2023-02-14,9349
6517,保勝光學,17,0,17,華南永昌-板橋,2023-02-14,9349
00632R,元大台灣50反1,13,0,13,華南永昌-板橋,2023-02-14,9349
8069,元太,22,9,13,華南永昌-板橋,2023-02-14,9349
00878,國泰永續高股息,37,24,13,華南永昌-板橋,2023-02-14,9349
1459,聯發,12,0,12,華南永昌-板橋,2023-02-14,9349
3494,誠研,12,0,12,華南永昌-板橋,2023-02-14,9349
1609,大亞,11,0,11,華南永昌-板橋,2023-02-14,9349
6288,聯嘉,11,0,11,華南永昌-板橋,2023-02-14,9349
1432,大魯閣,11,1,10,華南永昌-板橋,2023-02-14,9349
2388,威盛,11,1,10,華南永昌-板橋,2023-02-14,9349
3556,禾瑞亞,10,0,10,華南永昌-板橋,2023-02-14,9349
4726,永昕,10,0,10,華南永昌-板橋,2023-02-14,9349
5521,工信,10,0,10,華南永昌-板橋,2023-02-14,9349
6152,百一,10,0,10,華南永昌-板橋,2023-02-14,9349
3059,華晶科,10,1,9,華南永昌-板橋,2023-02-14,9349
3094,聯傑,9,0,9,華南永昌-板橋,2023-02-14,9349
6188,廣明,9,0,9,華南永昌-板橋,2023-02-14,9349
2439,美律,7,0,7,華南永昌-板橋,2023-02-14,9349
1760,寶齡富錦,7,0,7,華南永昌-板橋,2023-02-14,9349
2471,資通,21,14,7,華南永昌-板橋,2023-02-14,9349
6806,森崴能源,12,5,7,華南永昌-板橋,2023-02-14,9349
8105,凌巨,74,67,7,華南永昌-板橋,2023-02-14,9349
8222,寶一,18,11,7,華南永昌-板橋,2023-02-14,9349
3081,聯亞,6,0,6,華南永昌-板橋,2023-02-14,9349
3356,奇偶,6,0,6,華南永昌-板橋,2023-02-14,9349
4119,旭富,6,0,6,華南永昌-板橋,2023-02-14,9349
4931,新盛力,6,0,6,華南永昌-板橋,2023-02-14,9349
8033,雷虎,10,4,6,華南永昌-板橋,2023-02-14,9349
2884,玉山金,5,0,5,華南永昌-板橋,2023-02-14,9349
2603,長榮,10,5,5,華南永昌-板橋,2023-02-14,9349
1605,華新,14,9,5,華南永昌-板橋,2023-02-14,9349
2102,泰豐,5,0,5,華南永昌-板橋,2023-02-14,9349
2324,仁寶,5,0,5,華南永昌-板橋,2023-02-14,9349
2344,華邦電,5,0,5,華南永昌-板橋,2023-02-14,9349
2883,凱基金,6,1,5,華南永昌-板橋,2023-02-14,9349
2888,新光金,5,0,5,華南永昌-板橋,2023-02-14,9349
3029,零壹,7,2,5,華南永昌-板橋,2023-02-14,9349
4129,聯合,5,0,5,華南永昌-板橋,2023-02-14,9349
4190,佐登-KY,5,0,5,華南永昌-板橋,2023-02-14,9349
1101,台泥,11,6,5,華南永昌-板橋,2023-02-14,9349
00632R,元大台灣50反1,2000,3,1997,華南永昌-板橋,2023-02-15,9349
00878,國泰永續高股息,214,31,183,華南永昌-板橋,2023-02-15,9349
6205,詮欣,126,16,110,華南永昌-板橋,2023-02-15,9349
8171,天宇,51,0,51,華南永昌-板橋,2023-02-15,9349
2330,台積電,55,6,49,華南永昌-板橋,2023-02-15,9349
6148,驊宏資,34,0,34,華南永昌-板橋,2023-02-15,9349
8261,富鼎,37,3,34,華南永昌-板橋,2023-02-15,9349
00900,富邦特選高股息30,31,0,31,華南永昌-板橋,2023-02-15,9349
1810,和成,27,0,27,華南永昌-板橋,2023-02-15,9349
00650L,復華香港正2,24,0,24,華南永昌-板橋,2023-02-15,9349
2399,映泰,21,0,21,華南永昌-板橋,2023-02-15,9349
2609,陽明,21,1,20,華南永昌-板橋,2023-02-15,9349
2867,三商壽,20,0,20,華南永昌-板橋,2023-02-15,9349
3059,華晶科,20,0,20,華南永昌-板橋,2023-02-15,9349
2014,中鴻,20,1,19,華南永昌-板橋,2023-02-15,9349
2618,長榮航,34,15,19,華南永昌-板橋,2023-02-15,9349
6517,保勝光學,19,1,18,華南永昌-板橋,2023-02-15,9349
2607,榮運,18,1,17,華南永昌-板橋,2023-02-15,9349
3710,連展投控,16,0,16,華南永昌-板橋,2023-02-15,9349
2358,廷鑫,15,0,15,華南永昌-板橋,2023-02-15,9349
4155,訊映,35,20,15,華南永昌-板橋,2023-02-15,9349
0056,元大高股息,18,4,14,華南永昌-板橋,2023-02-15,9349
2328,廣宇,23,10,13,華南永昌-板橋,2023-02-15,9349
6235,華孚,41,28,13,華南永昌-板橋,2023-02-15,9349
2439,美律,13,0,13,華南永昌-板橋,2023-02-15,9349
8940,新天地,14,1,13,華南永昌-板橋,2023-02-15,9349
2027,大成鋼,14,2,12,華南永昌-板橋,2023-02-15,9349
1584,精剛,15,4,11,華南永昌-板橋,2023-02-15,9349
00720B,元大投資級公司債,11,0,11,華南永昌-板橋,2023-02-15,9349
1560,中砂,12,1,11,華南永昌-板橋,2023-02-15,9349
2387,精元,11,0,11,華南永昌-板橋,2023-02-15,9349
2888,新光金,11,0,11,華南永昌-板橋,2023-02-15,9349
2380,虹光,10,0,10,華南永昌-板橋,2023-02-15,9349
6182,合晶,10,0,10,華南永昌-板橋,2023-02-15,9349
00673R,期元大S＆P原油反1,10,0,10,華南永昌-板橋,2023-02-15,9349
1612,宏泰,10,0,10,華南永昌-板橋,2023-02-15,9349
2006,東和鋼鐵,10,0,10,華南永昌-板橋,2023-02-15,9349
2204,中華,10,0,10,華南永昌-板橋,2023-02-15,9349
6167,久正,10,0,10,華南永昌-板橋,2023-02-15,9349
1513,中興電,97,88,9,華南永昌-板橋,2023-02-15,9349
3260,威剛,10,1,9,華南永昌-板橋,2023-02-15,9349
2453,凌群,24,15,9,華南永昌-板橋,2023-02-15,9349
2743,山富,11,2,9,華南永昌-板橋,2023-02-15,9349
4119,旭富,9,0,9,華南永昌-板橋,2023-02-15,9349
6472,保瑞,9,0,9,華南永昌-板橋,2023-02-15,9349
2880,華南金,8,0,8,華南永昌-板橋,2023-02-15,9349
00904,新光臺灣半導體30,8,0,8,華南永昌-板橋,2023-02-15,9349
1519,華城,20,12,8,華南永昌-板橋,2023-02-15,9349
2314,台揚,8,0,8,華南永昌-板橋,2023-02-15,9349
2354,鴻準,8,0,8,華南永昌-板橋,2023-02-15,9349
00632R,元大台灣50反1,1649,0,1649,華南永昌-板橋,2023-02-16,9349
2618,長榮航,265,151,114,華南永昌-板橋,2023-02-16,9349
3141,晶宏,119,9,110,華南永昌-板橋,2023-02-16,9349
6284,佳邦,94,0,94,華南永昌-板橋,2023-02-16,9349
2736,富野,62,0,62,華南永昌-板橋,2023-02-16,9349
4207,環泰,60,0,60,華南永昌-板橋,2023-02-16,9349
00680L,元大美債20正2,50,0,50,華南永昌-板橋,2023-02-16,9349
3162,精確,91,45,46,華南永昌-板橋,2023-02-16,9349
5425,台半,52,19,33,華南永昌-板橋,2023-02-16,9349
1513,中興電,88,57,31,華南永昌-板橋,2023-02-16,9349
4744,皇將,29,0,29,華南永昌-板橋,2023-02-16,9349
3207,耀勝,26,0,26,華南永昌-板橋,2023-02-16,9349
2444,兆勁,20,0,20,華南永昌-板橋,2023-02-16,9349
5328,華容,20,2,18,華南永昌-板橋,2023-02-16,9349
1519,華城,30,14,16,華南永昌-板橋,2023-02-16,9349
00648R,元大S＆P500反1,15,0,15,華南永昌-板橋,2023-02-16,9349
2481,強茂,15,0,15,華南永昌-板橋,2023-02-16,9349
3545,敦泰,20,5,15,華南永昌-板橋,2023-02-16,9349
4155,訊映,15,0,15,華南永昌-板橋,2023-02-16,9349
2453,凌群,26,12,14,華南永昌-板橋,2023-02-16,9349
2888,新光金,14,0,14,華南永昌-板橋,2023-02-16,9349
6806,森崴能源,19,5,14,華南永昌-板橋,2023-02-16,9349
00900,富邦特選高股息30,12,0,12,華南永昌-板橋,2023-02-16,9349
1721,三晃,10,0,10,華南永昌-板橋,2023-02-16,9349
2406,國碩,10,0,10,華南永昌-板橋,2023-02-16,9349
00633L,富邦上証正2,10,0,10,華南永昌-板橋,2023-02-16,9349
00885,富邦越南,10,0,10,華南永昌-板橋,2023-02-16,9349
1540,喬福,10,0,10,華南永昌-板橋,2023-02-16,9349
2489,瑞軒,10,0,10,華南永昌-板橋,2023-02-16,9349
2891,中信金,10,0,10,華南永昌-板橋,2023-02-16,9349
3466,德晉,10,0,10,華南永昌-板橋,2023-02-16,9349
5471,松翰,10,0,10,華南永昌-板橋,2023-02-16,9349
6156,松上,9,0,9,華南永昌-板橋,2023-02-16,9349
6235,華孚,29,21,8,華南永昌-板橋,2023-02-16,9349
1810,和成,18,10,8,華南永昌-板橋,2023-02-16,9349
4190,佐登-KY,8,0,8,華南永昌-板橋,2023-02-16,9349
6435,大中,7,0,7,華南永昌-板橋,2023-02-16,9349
6531,愛普*,10,3,7,華南永昌-板橋,2023-02-16,9349
2882,國泰金,8,2,6,華南永昌-板橋,2023-02-16,9349
00751B,元大AAA至A公司債,6,0,6,華南永昌-板橋,2023-02-16,9349
6116,彩晶,18,12,6,華南永昌-板橋,2023-02-16,9349
1319,東陽,11,5,6,華南永昌-板橋,2023-02-16,9349
00669R,國泰美國道瓊反1,6,0,6,華南永昌-板橋,2023-02-16,9349
2425,承啟,6,0,6,華南永昌-板橋,2023-02-16,9349
3483,力致,7,1,6,華南永昌-板橋,2023-02-16,9349
9938,百和,6,0,6,華南永昌-板橋,2023-02-16,9349
00631L,元大台灣50正2,5,0,5,華南永昌-板橋,2023-02-16,9349
1701,中化,5,0,5,華南永昌-板橋,2023-02-16,9349
2027,大成鋼,5,0,5,華南永昌-板橋,2023-02-16,9349
2439,美律,5,0,5,華南永昌-板橋,2023-02-16,9349
6290,良維,186,17,169,華南永昌-板橋,2023-02-17,9349
2618,長榮航,154,29,125,華南永昌-板橋,2023-02-17,9349
6485,點序,100,0,100,華南永昌-板橋,2023-02-17,9349
5701,劍湖山,100,0,100,華南永昌-板橋,2023-02-17,9349
3024,憶聲,69,0,69,華南永昌-板橋,2023-02-17,9349
3162,精確,82,17,65,華南永昌-板橋,2023-02-17,9349
00878,國泰永續高股息,67,6,61,華南永昌-板橋,2023-02-17,9349
4155,訊映,61,0,61,華南永昌-板橋,2023-02-17,9349
2736,富野,63,5,58,華南永昌-板橋,2023-02-17,9349
3141,晶宏,54,5,49,華南永昌-板橋,2023-02-17,9349
1605,華新,71,29,42,華南永昌-板橋,2023-02-17,9349
8222,寶一,48,18,30,華南永昌-板橋,2023-02-17,9349
00680L,元大美債20正2,24,0,24,華南永昌-板橋,2023-02-17,9349
2330,台積電,23,0,23,華南永昌-板橋,2023-02-17,9349
2705,六福,20,0,20,華南永昌-板橋,2023-02-17,9349
4768,晶呈科技,16,0,16,華南永昌-板橋,2023-02-17,9349
3675,德微,42,28,14,華南永昌-板橋,2023-02-17,9349
6138,茂達,15,1,14,華南永昌-板橋,2023-02-17,9349
00772B,中信高評級公司債,13,0,13,華南永昌-板橋,2023-02-17,9349
2706,第一店,13,0,13,華南永昌-板橋,2023-02-17,9349
2753,八方雲集,15,2,13,華南永昌-板橋,2023-02-17,9349
1584,精剛,32,19,13,華南永昌-板橋,2023-02-17,9349
2603,長榮,13,1,12,華南永昌-板橋,2023-02-17,9349
00900,富邦特選高股息30,11,0,11,華南永昌-板橋,2023-02-17,9349
00679B,元大美債20年,11,0,11,華南永昌-板橋,2023-02-17,9349
2731,雄獅,14,3,11,華南永昌-板橋,2023-02-17,9349
00891,中信關鍵半導體,10,0,10,華南永昌-板橋,2023-02-17,9349
1905,華紙,10,0,10,華南永昌-板橋,2023-02-17,9349
2332,友訊,10,0,10,華南永昌-板橋,2023-02-17,9349
2719,燦星旅,10,0,10,華南永昌-板橋,2023-02-17,9349
8446,華研,10,0,10,華南永昌-板橋,2023-02-17,9349
6239,力成,9,0,9,華南永昌-板橋,2023-02-17,9349
3058,立德,12,3,9,華南永昌-板橋,2023-02-17,9349
3376,新日興,9,0,9,華南永昌-板橋,2023-02-17,9349
00637L,元大滬深300正2,8,0,8,華南永昌-板橋,2023-02-17,9349
1569,濱川,8,0,8,華南永昌-板橋,2023-02-17,9349
5706,鳳凰,23,15,8,華南永昌-板橋,2023-02-17,9349
8426,紅木-KY,8,0,8,華南永昌-板橋,2023-02-17,9349
2027,大成鋼,7,0,7,華南永昌-板橋,2023-02-17,9349
4919,新唐,8,1,7,華南永昌-板橋,2023-02-17,9349
8358,金居,9,2,7,華南永昌-板橋,2023-02-17,9349
8383,千附,8,1,7,華南永昌-板橋,2023-02-17,9349
2439,美律,7,0,7,華南永昌-板橋,2023-02-17,9349
2481,強茂,7,0,7,華南永昌-板橋,2023-02-17,9349
00751B,元大AAA至A公司債,6,0,6,華南永昌-板橋,2023-02-17,9349
4961,天鈺,10,4,6,華南永昌-板橋,2023-02-17,9349
6443,元晶,17,11,6,華南永昌-板橋,2023-02-17,9349
8940,新天地,7,1,6,華南永昌-板橋,2023-02-17,9349
2329,華泰,46,40,6,華南永昌-板橋,2023-02-17,9349
6782,視陽,5,0,5,華南永昌-板橋,2023-02-17,9349
6226,光鼎,165,0,165,華南永昌-板橋,2023-02-20,9349
6603,富強鑫,110,0,110,華南永昌-板橋,2023-02-20,9349
8033,雷虎,77,8,69,華南永昌-板橋,2023-02-20,9349
2736,富野,51,0,51,華南永昌-板橋,2023-02-20,9349
4979,華星光,62,12,50,華南永昌-板橋,2023-02-20,9349
5371,中光電,50,5,45,華南永昌-板橋,2023-02-20,9349
00650L,復華香港正2,40,0,40,華南永昌-板橋,2023-02-20,9349
6205,詮欣,91,55,36,華南永昌-板橋,2023-02-20,9349
2883,凱基金,39,3,36,華南永昌-板橋,2023-02-20,9349
2888,新光金,40,6,34,華南永昌-板橋,2023-02-20,9349
3290,東浦,30,0,30,華南永昌-板橋,2023-02-20,9349
3675,德微,40,10,30,華南永昌-板橋,2023-02-20,9349
2610,華航,176,148,28,華南永昌-板橋,2023-02-20,9349
00680L,元大美債20正2,26,0,26,華南永昌-板橋,2023-02-20,9349
00637L,元大滬深300正2,23,0,23,華南永昌-板橋,2023-02-20,9349
2375,凱美,26,4,22,華南永昌-板橋,2023-02-20,9349
1444,力麗,20,0,20,華南永昌-板橋,2023-02-20,9349
6456,GIS-KY,15,0,15,華南永昌-板橋,2023-02-20,9349
4142,國光生,15,0,15,華南永昌-板橋,2023-02-20,9349
4402,郡都開發,15,0,15,華南永昌-板橋,2023-02-20,9349
3105,穩懋,17,3,14,華南永昌-板橋,2023-02-20,9349
2367,燿華,49,35,14,華南永昌-板橋,2023-02-20,9349
4743,合一,21,8,13,華南永昌-板橋,2023-02-20,9349
1305,華夏,12,0,12,華南永昌-板橋,2023-02-20,9349
2929,淘帝-KY,12,1,11,華南永昌-板橋,2023-02-20,9349
3217,優群,11,0,11,華南永昌-板橋,2023-02-20,9349
6271,同欣電,11,0,11,華南永昌-板橋,2023-02-20,9349
5512,力麒,12,1,11,華南永昌-板橋,2023-02-20,9349
8383,千附,24,13,11,華南永昌-板橋,2023-02-20,9349
6806,森崴能源,15,4,11,華南永昌-板橋,2023-02-20,9349
00902,中信電池及儲能,10,0,10,華南永昌-板橋,2023-02-20,9349
00632R,元大台灣50反1,10,0,10,華南永昌-板橋,2023-02-20,9349
00891,中信關鍵半導體,10,0,10,華南永昌-板橋,2023-02-20,9349
2009,第一銅,10,0,10,華南永昌-板橋,2023-02-20,9349
4155,訊映,10,0,10,華南永昌-板橋,2023-02-20,9349
4747,強生,10,0,10,華南永昌-板橋,2023-02-20,9349
9105,泰金寶-DR,15,5,10,華南永昌-板橋,2023-02-20,9349
3491,昇達科,10,0,10,華南永昌-板橋,2023-02-20,9349
3520,華盈,10,0,10,華南永昌-板橋,2023-02-20,9349
4127,天良,10,0,10,華南永昌-板橋,2023-02-20,9349
3624,光頡,11,1,10,華南永昌-板橋,2023-02-20,9349
2731,雄獅,10,1,9,華南永昌-板橋,2023-02-20,9349
9802,鈺齊-KY,9,0,9,華南永昌-板橋,2023-02-20,9349
1714,和桐,12,3,9,華南永昌-板橋,2023-02-20,9349
6282,康舒,14,5,9,華南永昌-板橋,2023-02-20,9349
1513,中興電,36,28,8,華南永昌-板橋,2023-02-20,9349
00900,富邦特選高股息30,8,0,8,華南永昌-板橋,2023-02-20,9349
3178,公準,8,0,8,華南永昌-板橋,2023-02-20,9349
1524,耿鼎,9,1,8,華南永昌-板橋,2023-02-20,9349
2489,瑞軒,11,3,8,華南永昌-板橋,2023-02-20,9349
2610,華航,208,20,188,華南永昌-板橋,2023-02-21,9349
2867,三商壽,202,27,175,華南永昌-板橋,2023-02-21,9349
6226,光鼎,135,1,134,華南永昌-板橋,2023-02-21,9349
2358,廷鑫,101,0,101,華南永昌-板橋,2023-02-21,9349
2884,玉山金,84,9,75,華南永昌-板橋,2023-02-21,9349
6205,詮欣,204,138,66,華南永昌-板橋,2023-02-21,9349
5353,台林,60,0,60,華南永昌-板橋,2023-02-21,9349
2303,聯電,53,2,51,華南永昌-板橋,2023-02-21,9349
2736,富野,50,5,45,華南永昌-板橋,2023-02-21,9349
00632R,元大台灣50反1,41,0,41,華南永昌-板橋,2023-02-21,9349
6118,建達,47,7,40,華南永昌-板橋,2023-02-21,9349
4744,皇將,32,1,31,華南永昌-板橋,2023-02-21,9349
5425,台半,102,72,30,華南永昌-板橋,2023-02-21,9349
00650L,復華香港正2,55,30,25,華南永昌-板橋,2023-02-21,9349
00885,富邦越南,26,1,25,華南永昌-板橋,2023-02-21,9349
2206,三陽工業,22,0,22,華南永昌-板橋,2023-02-21,9349
3013,晟銘電,20,0,20,華南永昌-板橋,2023-02-21,9349
9939,宏全,20,0,20,華南永昌-板橋,2023-02-21,9349
6220,岳豐,20,0,20,華南永昌-板橋,2023-02-21,9349
8084,巨虹,22,3,19,華南永昌-板橋,2023-02-21,9349
8043,蜜望實,19,0,19,華南永昌-板橋,2023-02-21,9349
6531,愛普*,23,4,19,華南永昌-板橋,2023-02-21,9349
6266,泰詠,18,0,18,華南永昌-板橋,2023-02-21,9349
2618,長榮航,33,17,16,華南永昌-板橋,2023-02-21,9349
2426,鼎元,15,0,15,華南永昌-板橋,2023-02-21,9349
3624,光頡,22,7,15,華南永昌-板橋,2023-02-21,9349
1605,華新,35,22,13,華南永昌-板橋,2023-02-21,9349
1785,光洋科,14,1,13,華南永昌-板橋,2023-02-21,9349
5258,虹堡,14,3,11,華南永昌-板橋,2023-02-21,9349
5340,建榮,11,0,11,華南永昌-板橋,2023-02-21,9349
5388,中磊,12,1,11,華南永昌-板橋,2023-02-21,9349
8358,金居,21,10,11,華南永昌-板橋,2023-02-21,9349
2615,萬海,15,4,11,華南永昌-板橋,2023-02-21,9349
00891,中信關鍵半導體,10,0,10,華南永昌-板橋,2023-02-21,9349
1529,樂事綠能,11,1,10,華南永昌-板橋,2023-02-21,9349
2351,順德,10,0,10,華南永昌-板橋,2023-02-21,9349
2719,燦星旅,10,0,10,華南永昌-板橋,2023-02-21,9349
3504,揚明光,10,0,10,華南永昌-板橋,2023-02-21,9349
3511,矽瑪,10,0,10,華南永昌-板橋,2023-02-21,9349
3594,磐儀,22,12,10,華南永昌-板橋,2023-02-21,9349
4155,訊映,10,0,10,華南永昌-板橋,2023-02-21,9349
6517,保勝光學,22,12,10,華南永昌-板橋,2023-02-21,9349
1737,臺鹽,10,0,10,華南永昌-板橋,2023-02-21,9349
2312,金寶,14,4,10,華南永昌-板橋,2023-02-21,9349
2371,大同,10,0,10,華南永昌-板橋,2023-02-21,9349
2413,環科,10,0,10,華南永昌-板橋,2023-02-21,9349
2812,台中銀,10,0,10,華南永昌-板橋,2023-02-21,9349
2399,映泰,10,1,9,華南永昌-板橋,2023-02-21,9349
2851,中再保,9,0,9,華南永昌-板橋,2023-02-21,9349
2208,台船,15,6,9,華南永昌-板橋,2023-02-21,9349
6509,聚和,150,3,147,華南永昌-板橋,2023-02-22,9349
2388,威盛,94,15,79,華南永昌-板橋,2023-02-22,9349
00878,國泰永續高股息,70,0,70,華南永昌-板橋,2023-02-22,9349
2303,聯電,70,4,66,華南永昌-板橋,2023-02-22,9349
6205,詮欣,125,70,55,華南永昌-板橋,2023-02-22,9349
6285,啟��,39,0,39,華南永昌-板橋,2023-02-22,9349
00753L,中信中國50正2,34,2,32,華南永昌-板橋,2023-02-22,9349
3022,威強電,30,0,30,華南永昌-板橋,2023-02-22,9349
3540,曜越,28,0,28,華南永昌-板橋,2023-02-22,9349
2201,裕隆,29,2,27,華南永昌-板橋,2023-02-22,9349
5315,光聯,27,0,27,華南永昌-板橋,2023-02-22,9349
0050,元大台灣50,24,0,24,華南永昌-板橋,2023-02-22,9349
6235,華孚,101,78,23,華南永昌-板橋,2023-02-22,9349
3035,智原,31,11,20,華南永昌-板橋,2023-02-22,9349
5512,力麒,29,9,20,華南永昌-板橋,2023-02-22,9349
5210,寶碩,20,1,19,華南永昌-板橋,2023-02-22,9349
00770,國泰北美科技,18,1,17,華南永昌-板橋,2023-02-22,9349
2358,廷鑫,17,0,17,華南永昌-板橋,2023-02-22,9349
2641,正德,19,2,17,華南永昌-板橋,2023-02-22,9349
4768,晶呈科技,18,1,17,華南永昌-板橋,2023-02-22,9349
2330,台積電,18,1,17,華南永昌-板橋,2023-02-22,9349
3217,優群,16,0,16,華南永昌-板橋,2023-02-22,9349
00898,國泰基因免疫革命,15,0,15,華南永昌-板橋,2023-02-22,9349
2323,中環,15,0,15,華南永昌-板橋,2023-02-22,9349
6220,岳豐,15,0,15,華南永昌-板橋,2023-02-22,9349
2327,國巨,15,0,15,華南永昌-板橋,2023-02-22,9349
2610,華航,21,7,14,華南永昌-板橋,2023-02-22,9349
3027,盛達,24,10,14,華南永昌-板橋,2023-02-22,9349
3704,合勤控,14,0,14,華南永昌-板橋,2023-02-22,9349
2882,國泰金,14,0,14,華南永昌-板橋,2023-02-22,9349
00885,富邦越南,14,0,14,華南永昌-板橋,2023-02-22,9349
1513,中興電,53,40,13,華南永昌-板橋,2023-02-22,9349
3207,耀勝,33,20,13,華南永昌-板橋,2023-02-22,9349
8261,富鼎,13,0,13,華南永昌-板橋,2023-02-22,9349
3037,欣興,15,3,12,華南永昌-板橋,2023-02-22,9349
6531,愛普*,24,13,11,華南永昌-板橋,2023-02-22,9349
2607,榮運,11,0,11,華南永昌-板橋,2023-02-22,9349
4155,訊映,11,0,11,華南永昌-板橋,2023-02-22,9349
4931,新盛力,12,1,11,華南永昌-板橋,2023-02-22,9349
6443,元晶,12,1,11,華南永昌-板橋,2023-02-22,9349
00919,群益台灣精選高息,10,0,10,華南永昌-板橋,2023-02-22,9349
00904,新光臺灣半導體30,10,0,10,華南永昌-板橋,2023-02-22,9349
1519,華城,34,24,10,華南永昌-板橋,2023-02-22,9349
2312,金寶,10,0,10,華南永昌-板橋,2023-02-22,9349
2890,永豐金,10,0,10,華南永昌-板橋,2023-02-22,9349
3556,禾瑞亞,10,0,10,華南永昌-板橋,2023-02-22,9349
3576,聯合再生,10,0,10,華南永昌-板橋,2023-02-22,9349
3675,德微,25,15,10,華南永昌-板橋,2023-02-22,9349
4119,旭富,10,0,10,華南永昌-板橋,2023-02-22,9349
6160,欣技,10,0,10,華南永昌-板橋,2023-02-22,9349
00632R,元大台灣50反1,1005,0,1005,華南永昌-板橋,2023-02-23,9349
2303,聯電,120,3,117,華南永昌-板橋,2023-02-23,9349
00637L,元大滬深300正2,104,0,104,華南永昌-板橋,2023-02-23,9349
1218,泰山,60,0,60,華南永昌-板橋,2023-02-23,9349
2610,華航,81,26,55,華南永昌-板橋,2023-02-23,9349
3088,艾訊,46,0,46,華南永昌-板橋,2023-02-23,9349
5210,寶碩,55,10,45,華南永昌-板橋,2023-02-23,9349
3058,立德,40,0,40,華南永昌-板橋,2023-02-23,9349
2409,友達,36,2,34,華南永昌-板橋,2023-02-23,9349
3094,聯傑,39,7,32,華南永昌-板橋,2023-02-23,9349
6005,群益證,30,0,30,華南永昌-板橋,2023-02-23,9349
3481,群創,77,48,29,華南永昌-板橋,2023-02-23,9349
3675,德微,41,12,29,華南永昌-板橋,2023-02-23,9349
2457,飛宏,33,10,23,華南永昌-板橋,2023-02-23,9349
3059,華晶科,23,0,23,華南永昌-板橋,2023-02-23,9349
00650L,復華香港正2,31,9,22,華南永昌-板橋,2023-02-23,9349
6435,大中,21,0,21,華南永昌-板橋,2023-02-23,9349
2633,台灣高鐵,21,1,20,華南永昌-板橋,2023-02-23,9349
2888,新光金,20,0,20,華南永昌-板橋,2023-02-23,9349
3303,岱稜,20,0,20,華南永昌-板橋,2023-02-23,9349
9935,慶豐富,20,0,20,華南永昌-板橋,2023-02-23,9349
8049,晶采,21,2,19,華南永昌-板橋,2023-02-23,9349
5701,劍湖山,20,2,18,華南永昌-板橋,2023-02-23,9349
2371,大同,15,0,15,華南永昌-板橋,2023-02-23,9349
2471,資通,16,1,15,華南永昌-板橋,2023-02-23,9349
4155,訊映,15,0,15,華南永昌-板橋,2023-02-23,9349
8916,光隆,15,1,14,華南永昌-板橋,2023-02-23,9349
00715L,期街口布蘭特正2,13,0,13,華南永昌-板橋,2023-02-23,9349
1513,中興電,41,28,13,華南永昌-板橋,2023-02-23,9349
1584,精剛,16,4,12,華南永昌-板橋,2023-02-23,9349
1210,大成,11,0,11,華南永昌-板橋,2023-02-23,9349
2390,云辰,11,0,11,華南永昌-板橋,2023-02-23,9349
2399,映泰,83,72,11,華南永昌-板橋,2023-02-23,9349
1460,宏遠,10,0,10,華南永昌-板橋,2023-02-23,9349
1721,三晃,10,0,10,華南永昌-板橋,2023-02-23,9349
1810,和成,10,0,10,華南永昌-板橋,2023-02-23,9349
2462,良得電,10,0,10,華南永昌-板橋,2023-02-23,9349
2634,漢翔,35,25,10,華南永昌-板橋,2023-02-23,9349
3545,敦泰,10,0,10,華南永昌-板橋,2023-02-23,9349
3664,安瑞-KY,10,0,10,華南永昌-板橋,2023-02-23,9349
6101,寬魚國際,10,0,10,華南永昌-板橋,2023-02-23,9349
6168,宏齊,10,0,10,華南永昌-板橋,2023-02-23,9349
6799,來頡,10,0,10,華南永昌-板橋,2023-02-23,9349
3176,基亞,10,1,9,華南永昌-板橋,2023-02-23,9349
8033,雷虎,18,9,9,華南永昌-板橋,2023-02-23,9349
2618,長榮航,12,4,8,華南永昌-板橋,2023-02-23,9349
2727,王品,8,0,8,華南永昌-板橋,2023-02-23,9349
3466,德晉,16,8,8,華南永昌-板橋,2023-02-23,9349
8289,泰藝,13,5,8,華南永昌-板橋,2023-02-23,9349
00712,復華富時不動產,7,0,7,華南永昌-板橋,2023-02-23,9349
00632R,元大台灣50反1,1005,0,1005,華南永昌-板橋,2023-02-24,9349
00878,國泰永續高股息,60,3,57,華南永昌-板橋,2023-02-24,9349
1605,華新,185,133,52,華南永昌-板橋,2023-02-24,9349
1219,福壽,52,2,50,華南永昌-板橋,2023-02-24,9349
1909,榮成,50,0,50,華南永昌-板橋,2023-02-24,9349
6235,華孚,41,9,32,華南永昌-板橋,2023-02-24,9349
6443,元晶,32,1,31,華南永昌-板橋,2023-02-24,9349
00637L,元大滬深300正2,29,0,29,華南永昌-板橋,2023-02-24,9349
2610,華航,30,2,28,華南永昌-板橋,2023-02-24,9349
5457,宣德,30,3,27,華南永昌-板橋,2023-02-24,9349
5512,力麒,55,28,27,華南永昌-板橋,2023-02-24,9349
2303,聯電,29,4,25,華南永昌-板橋,2023-02-24,9349
5210,寶碩,25,0,25,華南永昌-板橋,2023-02-24,9349
1701,中化,34,10,24,華南永昌-板橋,2023-02-24,9349
4119,旭富,24,0,24,華南永昌-板橋,2023-02-24,9349
4919,新唐,25,2,23,華南永昌-板橋,2023-02-24,9349
8069,元太,28,5,23,華南永昌-板橋,2023-02-24,9349
3163,波若威,21,0,21,華南永昌-板橋,2023-02-24,9349
6284,佳邦,21,0,21,華南永昌-板橋,2023-02-24,9349
6290,良維,21,0,21,華南永昌-板橋,2023-02-24,9349
2413,環科,18,0,18,華南永昌-板橋,2023-02-24,9349
2606,裕民,53,36,17,華南永昌-板橋,2023-02-24,9349
3265,台星科,17,0,17,華南永昌-板橋,2023-02-24,9349
3540,曜越,15,0,15,華南永昌-板橋,2023-02-24,9349
5452,佶優,15,0,15,華南永昌-板橋,2023-02-24,9349
6156,松上,15,0,15,華南永昌-板橋,2023-02-24,9349
2498,宏達電,17,3,14,華南永昌-板橋,2023-02-24,9349
3231,緯創,25,11,14,華南永昌-板橋,2023-02-24,9349
2453,凌群,30,17,13,華南永昌-板橋,2023-02-24,9349
3290,東浦,13,0,13,華南永昌-板橋,2023-02-24,9349
2836,高雄銀,12,0,12,華南永昌-板橋,2023-02-24,9349
3511,矽瑪,12,0,12,華南永昌-板橋,2023-02-24,9349
2609,陽明,23,11,12,華南永昌-板橋,2023-02-24,9349
2399,映泰,11,0,11,華南永昌-板橋,2023-02-24,9349
2618,長榮航,12,1,11,華南永昌-板橋,2023-02-24,9349
00679B,元大美債20年,11,1,10,華南永昌-板橋,2023-02-24,9349
3646,艾恩特,10,0,10,華南永昌-板橋,2023-02-24,9349
8040,九暘,10,0,10,華南永昌-板橋,2023-02-24,9349
8289,泰藝,20,10,10,華南永昌-板橋,2023-02-24,9349
2611,志信,10,0,10,華南永昌-板橋,2023-02-24,9349
2230,泰茂,30,21,9,華南永昌-板橋,2023-02-24,9349
3037,欣興,15,7,8,華南永昌-板橋,2023-02-24,9349
00882,中信中國高股息,9,1,8,華南永昌-板橋,2023-02-24,9349
2317,鴻海,9,1,8,華南永昌-板橋,2023-02-24,9349
2603,長榮,13,5,8,華南永昌-板橋,2023-02-24,9349
3035,智原,29,21,8,華南永昌-板橋,2023-02-24,9349
4147,中裕,9,1,8,華南永昌-板橋,2023-02-24,9349
4968,立積,10,3,7,華南永昌-板橋,2023-02-24,9349
3481,群創,11,4,7,華南永昌-板橋,2023-02-24,9349
3526,凡甲,7,0,7,華南永昌-板橋,2023-02-24,9349
3706,神達,120,4,116,華南永昌-板橋,2023-03-01,9349
5425,台半,102,11,91,華南永昌-板橋,2023-03-01,9349
1217,愛之味,59,0,59,華南永昌-板橋,2023-03-01,9349
00878,國泰永續高股息,54,1,53,華南永昌-板橋,2023-03-01,9349
3481,群創,53,3,50,華南永昌-板橋,2023-03-01,9349
2388,威盛,142,98,44,華南永昌-板橋,2023-03-01,9349
2610,華航,48,7,41,華南永昌-板橋,2023-03-01,9349
1605,華新,59,19,40,華南永昌-板橋,2023-03-01,9349
2618,長榮航,41,3,38,華南永昌-板橋,2023-03-01,9349
2344,華邦電,39,3,36,華南永昌-板橋,2023-03-01,9349
3673,TPK-KY,25,0,25,華南永昌-板橋,2023-03-01,9349
3362,先進光,25,6,19,華南永昌-板橋,2023-03-01,9349
3515,華擎,17,0,17,華南永昌-板橋,2023-03-01,9349
3290,東浦,16,0,16,華南永昌-板橋,2023-03-01,9349
2368,金像電,40,26,14,華南永昌-板橋,2023-03-01,9349
2885,元大金,13,0,13,華南永昌-板橋,2023-03-01,9349
3006,晶豪科,17,5,12,華南永昌-板橋,2023-03-01,9349
3576,聯合再生,12,0,12,華南永昌-板橋,2023-03-01,9349
2201,裕隆,26,15,11,華南永昌-板橋,2023-03-01,9349
2462,良得電,11,0,11,華南永昌-板橋,2023-03-01,9349
6548,長科*,11,0,11,華南永昌-板橋,2023-03-01,9349
1210,大成,23,12,11,華南永昌-板橋,2023-03-01,9349
1909,榮成,10,0,10,華南永昌-板橋,2023-03-01,9349
2367,燿華,10,0,10,華南永昌-板橋,2023-03-01,9349
5353,台林,10,0,10,華南永昌-板橋,2023-03-01,9349
2603,長榮,9,0,9,華南永昌-板橋,2023-03-01,9349
2605,新興,16,7,9,華南永昌-板橋,2023-03-01,9349
3652,精聯,9,0,9,華南永昌-板橋,2023-03-01,9349
5706,鳳凰,12,3,9,華南永昌-板橋,2023-03-01,9349
6751,智聯服務,10,1,9,華南永昌-板橋,2023-03-01,9349
3675,德微,24,16,8,華南永昌-板橋,2023-03-01,9349
6799,來頡,13,5,8,華南永昌-板橋,2023-03-01,9349
2882,國泰金,8,0,8,華南永昌-板橋,2023-03-01,9349
2880,華南金,7,0,7,華南永昌-板橋,2023-03-01,9349
5009,榮剛,16,9,7,華南永昌-板橋,2023-03-01,9349
1101,台泥,11,4,7,華南永昌-板橋,2023-03-01,9349
1584,精剛,6,0,6,華南永昌-板橋,2023-03-01,9349
4207,環泰,11,5,6,華南永昌-板橋,2023-03-01,9349
6136,富爾特,6,0,6,華南永昌-板橋,2023-03-01,9349
00882,中信中國高股息,10,5,5,華南永昌-板橋,2023-03-01,9349
00679B,元大美債20年,5,0,5,華南永昌-板橋,2023-03-01,9349
2617,台航,5,0,5,華南永昌-板橋,2023-03-01,9349
3036,文曄,5,0,5,華南永昌-板橋,2023-03-01,9349
4114,健喬,12,7,5,華南永昌-板橋,2023-03-01,9349
4933,友輝,5,0,5,華南永昌-板橋,2023-03-01,9349
6492,生華科,5,0,5,華南永昌-板橋,2023-03-01,9349
6841,長佳智能,10,5,5,華南永昌-板橋,2023-03-01,9349
8271,宇瞻,5,0,5,華南永昌-板橋,2023-03-01,9349
9935,慶豐富,5,0,5,華南永昌-板橋,2023-03-01,9349
1513,中興電,36,32,4,華南永昌-板橋,2023-03-01,9349
00632R,元大台灣50反1,200,0,200,華南永昌-板橋,2023-03-02,9349
2409,友達,122,1,121,華南永昌-板橋,2023-03-02,9349
00650L,復華香港正2,55,0,55,華南永昌-板橋,2023-03-02,9349
2303,聯電,51,4,47,華南永昌-板橋,2023-03-02,9349
1605,華新,199,159,40,華南永昌-板橋,2023-03-02,9349
2388,威盛,50,12,38,華南永昌-板橋,2023-03-02,9349
2201,裕隆,53,20,33,華南永昌-板橋,2023-03-02,9349
3675,德微,67,37,30,華南永昌-板橋,2023-03-02,9349
6116,彩晶,29,1,28,華南永昌-板橋,2023-03-02,9349
2457,飛宏,33,7,26,華南永昌-板橋,2023-03-02,9349
2641,正德,32,8,24,華南永昌-板橋,2023-03-02,9349
4768,晶呈科技,43,19,24,華南永昌-板橋,2023-03-02,9349
3163,波若威,23,0,23,華南永昌-板橋,2023-03-02,9349
2748,雲品,22,3,19,華南永昌-板橋,2023-03-02,9349
3265,台星科,20,2,18,華南永昌-板橋,2023-03-02,9349
1101,台泥,17,0,17,華南永昌-板橋,2023-03-02,9349
1752,南光,18,2,16,華南永昌-板橋,2023-03-02,9349
3217,優群,15,0,15,華南永昌-板橋,2023-03-02,9349
3624,光頡,15,0,15,華南永昌-板橋,2023-03-02,9349
2888,新光金,13,0,13,華南永昌-板橋,2023-03-02,9349
3481,群創,14,1,13,華南永昌-板橋,2023-03-02,9349
00878,國泰永續高股息,66,55,11,華南永昌-板橋,2023-03-02,9349
4915,致伸,14,3,11,華南永昌-板橋,2023-03-02,9349
3207,耀勝,38,27,11,華南永昌-板橋,2023-03-02,9349
6139,亞翔,13,2,11,華南永昌-板橋,2023-03-02,9349
8420,明揚,11,0,11,華南永昌-板橋,2023-03-02,9349
2332,友訊,10,0,10,華南永昌-板橋,2023-03-02,9349
4904,遠傳,11,1,10,華南永昌-板橋,2023-03-02,9349
4938,和碩,10,0,10,華南永昌-板橋,2023-03-02,9349
6589,台康生技,10,0,10,華南永昌-板橋,2023-03-02,9349
6770,力積電,10,0,10,華南永昌-板橋,2023-03-02,9349
8097,常珵,10,0,10,華南永昌-板橋,2023-03-02,9349
00679B,元大美債20年,9,0,9,華南永昌-板橋,2023-03-02,9349
5269,祥碩,10,1,9,華南永昌-板橋,2023-03-02,9349
5880,合庫金,9,0,9,華南永昌-板橋,2023-03-02,9349
1789,神隆,8,0,8,華南永昌-板橋,2023-03-02,9349
2439,美律,18,10,8,華南永昌-板橋,2023-03-02,9349
2812,台中銀,10,2,8,華南永昌-板橋,2023-03-02,9349
4155,訊映,15,7,8,華南永昌-板橋,2023-03-02,9349
2610,華航,13,6,7,華南永昌-板橋,2023-03-02,9349
3312,弘憶股,7,0,7,華南永昌-板橋,2023-03-02,9349
3515,華擎,7,0,7,華南永昌-板橋,2023-03-02,9349
5706,鳳凰,12,5,7,華南永昌-板橋,2023-03-02,9349
1720,生達,10,4,6,華南永昌-板橋,2023-03-02,9349
2340,台亞,6,0,6,華南永昌-板橋,2023-03-02,9349
3714,富采,8,2,6,華南永昌-板橋,2023-03-02,9349
3454,晶睿,35,29,6,華南永昌-板橋,2023-03-02,9349
1108,幸福,5,0,5,華南永昌-板橋,2023-03-02,9349
1102,亞泥,5,0,5,華南永昌-板橋,2023-03-02,9349
1529,樂事綠能,5,0,5,華南永昌-板橋,2023-03-02,9349
1605,華新,186,115,71,華南永昌-板橋,2023-03-03,9349
3037,欣興,59,14,45,華南永昌-板橋,2023-03-03,9349
8147,正淩,45,0,45,華南永昌-板橋,2023-03-03,9349
2641,正德,50,6,44,華南永昌-板橋,2023-03-03,9349
3481,群創,75,38,37,華南永昌-板橋,2023-03-03,9349
3312,弘憶股,30,0,30,華南永昌-板橋,2023-03-03,9349
4157,太景*-KY,30,0,30,華南永昌-板橋,2023-03-03,9349
6205,詮欣,68,41,27,華南永昌-板橋,2023-03-03,9349
5410,國眾,26,0,26,華南永昌-板橋,2023-03-03,9349
2615,萬海,31,6,25,華南永昌-板橋,2023-03-03,9349
3545,敦泰,24,0,24,華南永昌-板橋,2023-03-03,9349
6113,亞矽,22,0,22,華南永昌-板橋,2023-03-03,9349
5353,台林,20,0,20,華南永昌-板橋,2023-03-03,9349
6160,欣技,20,0,20,華南永昌-板橋,2023-03-03,9349
9103,美德醫療-DR,20,0,20,華南永昌-板橋,2023-03-03,9349
2476,鉅祥,20,1,19,華南永昌-板橋,2023-03-03,9349
2498,宏達電,26,8,18,華南永昌-板橋,2023-03-03,9349
2610,華航,24,6,18,華南永昌-板橋,2023-03-03,9349
2834,臺企銀,25,10,15,華南永昌-板橋,2023-03-03,9349
4915,致伸,14,0,14,華南永昌-板橋,2023-03-03,9349
1709,和益,13,0,13,華南永昌-板橋,2023-03-03,9349
1708,東鹼,20,8,12,華南永昌-板橋,2023-03-03,9349
00885,富邦越南,11,0,11,華南永昌-板橋,2023-03-03,9349
3540,曜越,11,0,11,華南永昌-板橋,2023-03-03,9349
4171,瑞基,11,0,11,華南永昌-板橋,2023-03-03,9349
3265,台星科,21,10,11,華南永昌-板橋,2023-03-03,9349
00900,富邦特選高股息30,10,0,10,華南永昌-板橋,2023-03-03,9349
1457,宜進,10,0,10,華南永昌-板橋,2023-03-03,9349
1907,永豐餘,10,0,10,華南永昌-板橋,2023-03-03,9349
3558,神準,11,1,10,華南永昌-板橋,2023-03-03,9349
00878,國泰永續高股息,11,2,9,華南永昌-板橋,2023-03-03,9349
1760,寶齡富錦,10,1,9,華南永昌-板橋,2023-03-03,9349
2882,國泰金,12,3,9,華南永昌-板橋,2023-03-03,9349
3504,揚明光,10,1,9,華南永昌-板橋,2023-03-03,9349
00679B,元大美債20年,8,0,8,華南永昌-板橋,2023-03-03,9349
3163,波若威,9,1,8,華南永昌-板橋,2023-03-03,9349
2371,大同,8,0,8,華南永昌-板橋,2023-03-03,9349
2439,美律,10,2,8,華南永昌-板橋,2023-03-03,9349
2634,漢翔,10,2,8,華南永昌-板橋,2023-03-03,9349
3029,零壹,9,1,8,華南永昌-板橋,2023-03-03,9349
3714,富采,11,3,8,華南永昌-板橋,2023-03-03,9349
4768,晶呈科技,10,2,8,華南永昌-板橋,2023-03-03,9349
6104,創惟,9,1,8,華南永昌-板橋,2023-03-03,9349
6531,愛普*,12,4,8,華南永昌-板橋,2023-03-03,9349
6751,智聯服務,10,2,8,華南永昌-板橋,2023-03-03,9349
9939,宏全,8,0,8,華南永昌-板橋,2023-03-03,9349
2495,普安,7,0,7,華南永昌-板橋,2023-03-03,9349
2618,長榮航,7,0,7,華南永昌-板橋,2023-03-03,9349
2891,中信金,12,5,7,華南永昌-板橋,2023-03-03,9349
4167,松瑞藥,11,4,7,華南永昌-板橋,2023-03-03,9349
00632R,元大台灣50反1,4045,0,4045,華南永昌-板橋,2023-03-06,9349
2206,三陽工業,98,1,97,華南永昌-板橋,2023-03-06,9349
1605,華新,101,35,66,華南永昌-板橋,2023-03-06,9349
2498,宏達電,78,21,57,華南永昌-板橋,2023-03-06,9349
3141,晶宏,55,11,44,華南永昌-板橋,2023-03-06,9349
00720B,元大投資級公司債,33,0,33,華南永昌-板橋,2023-03-06,9349
3310,佳穎,30,0,30,華南永昌-板橋,2023-03-06,9349
8033,雷虎,34,4,30,華南永昌-板橋,2023-03-06,9349
3545,敦泰,27,1,26,華南永昌-板橋,2023-03-06,9349
00679B,元大美債20年,24,0,24,華南永昌-板橋,2023-03-06,9349
6605,帝寶,21,0,21,華南永昌-板橋,2023-03-06,9349
3587,閎康,20,0,20,華南永昌-板橋,2023-03-06,9349
2402,毅嘉,20,1,19,華南永昌-板橋,2023-03-06,9349
3260,威剛,19,0,19,華南永昌-板橋,2023-03-06,9349
1539,巨庭,20,2,18,華南永昌-板橋,2023-03-06,9349
2605,新興,19,1,18,華南永昌-板橋,2023-03-06,9349
00724B,群益投資級金融債,16,0,16,華南永昌-板橋,2023-03-06,9349
3162,精確,36,20,16,華南永昌-板橋,2023-03-06,9349
2344,華邦電,34,18,16,華南永昌-板橋,2023-03-06,9349
1455,集盛,15,0,15,華南永昌-板橋,2023-03-06,9349
2323,中環,15,0,15,華南永昌-板橋,2023-03-06,9349
2358,廷鑫,15,0,15,華南永昌-板橋,2023-03-06,9349
2615,萬海,18,4,14,華南永昌-板橋,2023-03-06,9349
6282,康舒,40,26,14,華南永昌-板橋,2023-03-06,9349
00772B,中信高評級公司債,13,0,13,華南永昌-板橋,2023-03-06,9349
3362,先進光,19,6,13,華南永昌-板橋,2023-03-06,9349
00669R,國泰美國道瓊反1,12,0,12,華南永昌-板橋,2023-03-06,9349
2305,全友,12,1,11,華南永昌-板橋,2023-03-06,9349
2481,強茂,17,6,11,華南永昌-板橋,2023-03-06,9349
2634,漢翔,12,1,11,華南永昌-板橋,2023-03-06,9349
00671R,富邦NASDAQ反1,10,0,10,華南永昌-板橋,2023-03-06,9349
00637L,元大滬深300正2,10,0,10,華南永昌-板橋,2023-03-06,9349
00648R,元大S＆P500反1,10,0,10,華南永昌-板橋,2023-03-06,9349
1444,力麗,10,0,10,華南永昌-板橋,2023-03-06,9349
1810,和成,20,10,10,華南永昌-板橋,2023-03-06,9349
2329,華泰,10,0,10,華南永昌-板橋,2023-03-06,9349
2405,輔信,10,0,10,華南永昌-板橋,2023-03-06,9349
2440,太空梭,10,0,10,華南永昌-板橋,2023-03-06,9349
2457,飛宏,72,62,10,華南永昌-板橋,2023-03-06,9349
2609,陽明,29,19,10,華南永昌-板橋,2023-03-06,9349
3710,連展投控,10,0,10,華南永昌-板橋,2023-03-06,9349
4707,磐亞,10,0,10,華南永昌-板橋,2023-03-06,9349
6191,精成科,10,0,10,華南永昌-板橋,2023-03-06,9349
1517,利奇,9,0,9,華南永昌-板橋,2023-03-06,9349
6531,愛普*,11,2,9,華南永昌-板橋,2023-03-06,9349
8112,至上,10,1,9,華南永昌-板橋,2023-03-06,9349
2617,台航,8,0,8,華南永昌-板橋,2023-03-06,9349
3047,訊舟,10,2,8,華南永昌-板橋,2023-03-06,9349
3227,原相,8,0,8,華南永昌-板橋,2023-03-06,9349
6279,胡連,8,0,8,華南永昌-板橋,2023-03-06,9349
2883,凱基金,84,0,84,華南永昌-板橋,2023-03-07,9349
2409,友達,175,113,62,華南永昌-板橋,2023-03-07,9349
3088,艾訊,50,0,50,華南永昌-板橋,2023-03-07,9349
5302,太欣,50,0,50,華南永昌-板橋,2023-03-07,9349
2426,鼎元,50,1,49,華南永昌-板橋,2023-03-07,9349
3162,精確,61,13,48,華南永昌-板橋,2023-03-07,9349
1210,大成,33,8,25,華南永昌-板橋,2023-03-07,9349
8215,明基材,22,1,21,華南永昌-板橋,2023-03-07,9349
00650L,復華香港正2,20,0,20,華南永昌-板橋,2023-03-07,9349
1444,力麗,20,0,20,華南永昌-板橋,2023-03-07,9349
3702,大聯大,20,1,19,華南永昌-板橋,2023-03-07,9349
3346,麗清,21,3,18,華南永昌-板橋,2023-03-07,9349
2388,威盛,40,25,15,華南永昌-板橋,2023-03-07,9349
3581,博磊,15,0,15,華南永昌-板橋,2023-03-07,9349
3013,晟銘電,17,3,14,華南永昌-板橋,2023-03-07,9349
3406,玉晶光,15,1,14,華南永昌-板橋,2023-03-07,9349
2891,中信金,13,0,13,華南永昌-板橋,2023-03-07,9349
4933,友輝,13,0,13,華南永昌-板橋,2023-03-07,9349
2486,一詮,14,2,12,華南永昌-板橋,2023-03-07,9349
6282,康舒,17,5,12,華南永昌-板橋,2023-03-07,9349
2328,廣宇,12,1,11,華南永昌-板橋,2023-03-07,9349
6209,今國光,11,0,11,華南永昌-板橋,2023-03-07,9349
6531,愛普*,11,0,11,華南永昌-板橋,2023-03-07,9349
3413,京鼎,11,1,10,華南永昌-板橋,2023-03-07,9349
2351,順德,10,0,10,華南永昌-板橋,2023-03-07,9349
3029,零壹,12,2,10,華南永昌-板橋,2023-03-07,9349
3260,威剛,10,0,10,華南永昌-板橋,2023-03-07,9349
3707,漢磊,11,1,10,華南永昌-板橋,2023-03-07,9349
3708,上緯投控,10,0,10,華南永昌-板橋,2023-03-07,9349
3715,定穎投控,10,0,10,華南永昌-板橋,2023-03-07,9349
5211,蒙恬,10,0,10,華南永昌-板橋,2023-03-07,9349
6026,福邦證,10,0,10,華南永昌-板橋,2023-03-07,9349
6146,耕興,10,0,10,華南永昌-板橋,2023-03-07,9349
2352,佳世達,9,0,9,華南永昌-板橋,2023-03-07,9349
2617,台航,21,12,9,華南永昌-板橋,2023-03-07,9349
6550,北極星藥業-KY,11,2,9,華南永昌-板橋,2023-03-07,9349
1710,東聯,15,7,8,華南永昌-板橋,2023-03-07,9349
00679B,元大美債20年,7,0,7,華南永昌-板橋,2023-03-07,9349
2880,華南金,7,0,7,華南永昌-板橋,2023-03-07,9349
6235,華孚,17,10,7,華南永昌-板橋,2023-03-07,9349
6811,宏�硌穈T,8,1,7,華南永昌-板橋,2023-03-07,9349
8940,新天地,9,2,7,華南永昌-板橋,2023-03-07,9349
2303,聯電,26,19,7,華南永昌-板橋,2023-03-07,9349
00878,國泰永續高股息,23,17,6,華南永昌-板橋,2023-03-07,9349
1503,士電,13,7,6,華南永昌-板橋,2023-03-07,9349
2344,華邦電,20,14,6,華南永昌-板橋,2023-03-07,9349
3042,晶技,6,0,6,華南永昌-板橋,2023-03-07,9349
5014,建錩,6,0,6,華南永昌-板橋,2023-03-07,9349
5452,佶優,10,4,6,華南永昌-板橋,2023-03-07,9349
8937,合騏,6,0,6,華南永昌-板橋,2023-03-07,9349
00632R,元大台灣50反1,3010,0,3010,華南永昌-板橋,2023-03-08,9349
6282,康舒,103,35,68,華南永昌-板橋,2023-03-08,9349
1460,宏遠,52,0,52,華南永昌-板橋,2023-03-08,9349
2834,臺企銀,50,0,50,華南永昌-板橋,2023-03-08,9349
00650L,復華香港正2,58,10,48,華南永昌-板橋,2023-03-08,9349
5009,榮剛,73,33,40,華南永昌-板橋,2023-03-08,9349
1605,華新,152,115,37,華南永昌-板橋,2023-03-08,9349
2498,宏達電,39,2,37,華南永昌-板橋,2023-03-08,9349
00637L,元大滬深300正2,35,0,35,華南永昌-板橋,2023-03-08,9349
2486,一詮,39,5,34,華南永昌-板橋,2023-03-08,9349
6235,華孚,65,34,31,華南永昌-板橋,2023-03-08,9349
8215,明基材,30,1,29,華南永昌-板橋,2023-03-08,9349
2888,新光金,40,12,28,華南永昌-板橋,2023-03-08,9349
2609,陽明,27,5,22,華南永昌-板橋,2023-03-08,9349
4306,炎洲,20,0,20,華南永昌-板橋,2023-03-08,9349
6470,宇智,20,0,20,華南永昌-板橋,2023-03-08,9349
1102,亞泥,18,0,18,華南永昌-板橋,2023-03-08,9349
3362,先進光,40,22,18,華南永昌-板橋,2023-03-08,9349
2884,玉山金,20,3,17,華南永昌-板橋,2023-03-08,9349
2606,裕民,19,2,17,華南永昌-板橋,2023-03-08,9349
3406,玉晶光,22,5,17,華南永昌-板橋,2023-03-08,9349
3022,威強電,16,0,16,華南永昌-板橋,2023-03-08,9349
2201,裕隆,16,0,16,華南永昌-板橋,2023-03-08,9349
1762,中化生,15,0,15,華南永昌-板橋,2023-03-08,9349
4979,華星光,22,7,15,華南永昌-板橋,2023-03-08,9349
1453,大將,14,0,14,華南永昌-板橋,2023-03-08,9349
1519,華城,26,12,14,華南永昌-板橋,2023-03-08,9349
2454,聯發科,18,5,13,華南永昌-板橋,2023-03-08,9349
3481,群創,15,2,13,華南永昌-板橋,2023-03-08,9349
6257,矽格,13,0,13,華南永昌-板橋,2023-03-08,9349
8099,大世科,13,0,13,華南永昌-板橋,2023-03-08,9349
2328,廣宇,23,12,11,華南永昌-板橋,2023-03-08,9349
2886,兆豐金,11,0,11,華南永昌-板橋,2023-03-08,9349
4976,佳凌,14,3,11,華南永昌-板橋,2023-03-08,9349
00881,國泰台灣5G+,11,0,11,華南永昌-板橋,2023-03-08,9349
2880,華南金,10,0,10,華南永昌-板橋,2023-03-08,9349
00671R,富邦NASDAQ反1,10,0,10,華南永昌-板橋,2023-03-08,9349
1440,南紡,10,0,10,華南永昌-板橋,2023-03-08,9349
2375,凱美,18,8,10,華南永昌-板橋,2023-03-08,9349
2471,資通,11,1,10,華南永昌-板橋,2023-03-08,9349
2890,永豐金,20,10,10,華南永昌-板橋,2023-03-08,9349
5443,均豪,10,0,10,華南永昌-板橋,2023-03-08,9349
6116,彩晶,10,0,10,華南永昌-板橋,2023-03-08,9349
6125,廣運,10,0,10,華南永昌-板橋,2023-03-08,9349
6129,普誠,29,19,10,華南永昌-板橋,2023-03-08,9349
6133,金橋,10,0,10,華南永昌-板橋,2023-03-08,9349
6190,萬泰科,15,5,10,華南永昌-板橋,2023-03-08,9349
6220,岳豐,10,0,10,華南永昌-板橋,2023-03-08,9349
6477,安集,10,0,10,華南永昌-板橋,2023-03-08,9349
8064,東捷,10,0,10,華南永昌-板橋,2023-03-08,9349
2409,友達,282,45,237,華南永昌-板橋,2023-03-09,9349
1709,和益,68,0,68,華南永昌-板橋,2023-03-09,9349
2457,飛宏,156,91,65,華南永昌-板橋,2023-03-09,9349
8069,元太,62,1,61,華南永昌-板橋,2023-03-09,9349
3545,敦泰,62,2,60,華南永昌-板橋,2023-03-09,9349
4931,新盛力,60,1,59,華南永昌-板橋,2023-03-09,9349
3481,群創,78,20,58,華南永昌-板橋,2023-03-09,9349
00680L,元大美債20正2,50,0,50,華南永昌-板橋,2023-03-09,9349
4746,台耀,49,0,49,華南永昌-板橋,2023-03-09,9349
00878,國泰永續高股息,103,58,45,華南永昌-板橋,2023-03-09,9349
2368,金像電,57,22,35,華南永昌-板橋,2023-03-09,9349
6443,元晶,36,3,33,華南永昌-板橋,2023-03-09,9349
9907,統一實,37,4,33,華南永昌-板橋,2023-03-09,9349
2344,華邦電,43,11,32,華南永昌-板橋,2023-03-09,9349
2453,凌群,31,0,31,華南永昌-板橋,2023-03-09,9349
3046,建��,32,7,25,華南永昌-板橋,2023-03-09,9349
9105,泰金寶-DR,25,0,25,華南永昌-板橋,2023-03-09,9349
6282,康舒,107,86,21,華南永昌-板橋,2023-03-09,9349
5009,榮剛,55,35,20,華南永昌-板橋,2023-03-09,9349
00923,群益台ESG低碳50,24,5,19,華南永昌-板橋,2023-03-09,9349
2374,佳能,20,2,18,華南永昌-板橋,2023-03-09,9349
2912,統一超,17,0,17,華南永昌-板橋,2023-03-09,9349
3047,訊舟,20,3,17,華南永昌-板橋,2023-03-09,9349
5452,佶優,17,0,17,華南永昌-板橋,2023-03-09,9349
6116,彩晶,18,1,17,華南永昌-板橋,2023-03-09,9349
3290,東浦,17,1,16,華南永昌-板橋,2023-03-09,9349
5351,鈺創,15,0,15,華南永昌-板橋,2023-03-09,9349
1316,上曜,15,0,15,華南永昌-板橋,2023-03-09,9349
2023,燁輝,15,0,15,華南永昌-板橋,2023-03-09,9349
4933,友輝,15,0,15,華南永昌-板橋,2023-03-09,9349
1609,大亞,13,0,13,華南永昌-板橋,2023-03-09,9349
2328,廣宇,13,0,13,華南永昌-板橋,2023-03-09,9349
6167,久正,33,20,13,華南永昌-板橋,2023-03-09,9349
6806,森崴能源,13,0,13,華南永昌-板橋,2023-03-09,9349
00637L,元大滬深300正2,13,1,12,華南永昌-板橋,2023-03-09,9349
4979,華星光,14,2,12,華南永昌-板橋,2023-03-09,9349
2375,凱美,25,13,12,華南永昌-板橋,2023-03-09,9349
00751B,元大AAA至A公司債,11,0,11,華南永昌-板橋,2023-03-09,9349
1528,恩德,14,3,11,華南永昌-板橋,2023-03-09,9349
2312,金寶,13,2,11,華南永昌-板橋,2023-03-09,9349
1514,亞力,10,0,10,華南永昌-板橋,2023-03-09,9349
1810,和成,12,2,10,華南永昌-板橋,2023-03-09,9349
2351,順德,10,0,10,華南永昌-板橋,2023-03-09,9349
4114,健喬,13,3,10,華南永昌-板橋,2023-03-09,9349
6140,訊達,10,0,10,華南永昌-板橋,2023-03-09,9349
6153,嘉聯益,10,0,10,華南永昌-板橋,2023-03-09,9349
6531,愛普*,47,37,10,華南永昌-板橋,2023-03-09,9349
6266,泰詠,15,6,9,華南永昌-板橋,2023-03-09,9349
2317,鴻海,14,5,9,華南永昌-板橋,2023-03-09,9349
3504,揚明光,11,2,9,華南永昌-板橋,2023-03-09,9349
00632R,元大台灣50反1,1010,8,1002,華南永昌-板橋,2023-03-10,9349
2409,友達,99,2,97,華南永昌-板橋,2023-03-10,9349
2457,飛宏,279,183,96,華南永昌-板橋,2023-03-10,9349
00878,國泰永續高股息,79,8,71,華南永昌-板橋,2023-03-10,9349
2498,宏達電,66,2,64,華南永昌-板橋,2023-03-10,9349
1605,華新,84,21,63,華南永昌-板橋,2023-03-10,9349
2618,長榮航,69,7,62,華南永昌-板橋,2023-03-10,9349
2929,淘帝-KY,51,0,51,華南永昌-板橋,2023-03-10,9349
2812,台中銀,50,0,50,華南永昌-板橋,2023-03-10,9349
8069,元太,41,0,41,華南永昌-板橋,2023-03-10,9349
9921,巨大,37,0,37,華南永昌-板橋,2023-03-10,9349
2888,新光金,35,2,33,華南永昌-板橋,2023-03-10,9349
5009,榮剛,128,95,33,華南永昌-板橋,2023-03-10,9349
2344,華邦電,38,6,32,華南永昌-板橋,2023-03-10,9349
6167,久正,32,0,32,華南永昌-板橋,2023-03-10,9349
8064,東捷,31,0,31,華南永昌-板橋,2023-03-10,9349
00923,群益台ESG低碳50,29,0,29,華南永昌-板橋,2023-03-10,9349
3712,永崴投控,22,0,22,華南永昌-板橋,2023-03-10,9349
00715L,期街口布蘭特正2,21,0,21,華南永昌-板橋,2023-03-10,9349
00882,中信中國高股息,19,0,19,華南永昌-板橋,2023-03-10,9349
2402,毅嘉,52,34,18,華南永昌-板橋,2023-03-10,9349
2610,華航,43,25,18,華南永昌-板橋,2023-03-10,9349
1584,精剛,38,21,17,華南永昌-板橋,2023-03-10,9349
2637,慧洋-KY,17,0,17,華南永昌-板橋,2023-03-10,9349
6282,康舒,41,24,17,華南永昌-板橋,2023-03-10,9349
6668,中揚光,17,0,17,華南永昌-板橋,2023-03-10,9349
00713,元大台灣高息低波,16,0,16,華南永昌-板橋,2023-03-10,9349
0056,元大高股息,18,3,15,華南永昌-板橋,2023-03-10,9349
00753L,中信中國50正2,15,0,15,華南永昌-板橋,2023-03-10,9349
2358,廷鑫,15,0,15,華南永昌-板橋,2023-03-10,9349
2371,大同,15,0,15,華南永昌-板橋,2023-03-10,9349
2883,凱基金,15,0,15,華南永昌-板橋,2023-03-10,9349
0050,元大台灣50,15,1,14,華南永昌-板橋,2023-03-10,9349
2882,國泰金,15,1,14,華南永昌-板橋,2023-03-10,9349
1504,東元,14,0,14,華南永昌-板橋,2023-03-10,9349
4142,國光生,14,0,14,華南永昌-板橋,2023-03-10,9349
2201,裕隆,29,16,13,華南永昌-板橋,2023-03-10,9349
00881,國泰台灣5G+,13,0,13,華南永昌-板橋,2023-03-10,9349
2369,菱生,13,0,13,華南永昌-板橋,2023-03-10,9349
2497,怡利電,22,9,13,華南永昌-板橋,2023-03-10,9349
3515,華擎,13,0,13,華南永昌-板橋,2023-03-10,9349
2881,富邦金,13,0,13,華南永昌-板橋,2023-03-10,9349
2885,元大金,13,1,12,華南永昌-板橋,2023-03-10,9349
2303,聯電,28,16,12,華南永昌-板橋,2023-03-10,9349
1513,中興電,17,5,12,華南永昌-板橋,2023-03-10,9349
2834,臺企銀,12,0,12,華南永昌-板橋,2023-03-10,9349
2891,中信金,12,0,12,華南永昌-板橋,2023-03-10,9349
3520,華盈,13,1,12,華南永昌-板橋,2023-03-10,9349
6770,力積電,17,5,12,華南永昌-板橋,2023-03-10,9349
2313,華通,11,0,11,華南永昌-板橋,2023-03-10,9349
2409,友達,463,0,463,華南永昌-板橋,2023-03-13,9349
2867,三商壽,204,0,204,華南永昌-板橋,2023-03-13,9349
00632R,元大台灣50反1,114,3,111,華南永昌-板橋,2023-03-13,9349
1605,華新,106,33,73,華南永昌-板橋,2023-03-13,9349
2609,陽明,82,21,61,華南永昌-板橋,2023-03-13,9349
8069,元太,53,11,42,華南永昌-板橋,2023-03-13,9349
2331,精英,41,0,41,華南永昌-板橋,2023-03-13,9349
4510,高鋒,34,0,34,華南永昌-板橋,2023-03-13,9349
3675,德微,51,18,33,華南永昌-板橋,2023-03-13,9349
00878,國泰永續高股息,94,62,32,華南永昌-板橋,2023-03-13,9349
3290,東浦,30,0,30,華南永昌-板橋,2023-03-13,9349
6220,岳豐,30,0,30,華南永昌-板橋,2023-03-13,9349
9105,泰金寶-DR,25,0,25,華南永昌-板橋,2023-03-13,9349
6668,中揚光,25,2,23,華南永昌-板橋,2023-03-13,9349
5353,台林,20,0,20,華南永昌-板橋,2023-03-13,9349
2329,華泰,18,0,18,華南永昌-板橋,2023-03-13,9349
2453,凌群,23,5,18,華南永昌-板橋,2023-03-13,9349
3712,永崴投控,23,7,16,華南永昌-板橋,2023-03-13,9349
4746,台耀,20,4,16,華南永昌-板橋,2023-03-13,9349
6248,沛波,17,1,16,華南永昌-板橋,2023-03-13,9349
9934,成霖,15,0,15,華南永昌-板橋,2023-03-13,9349
3029,零壹,19,5,14,華南永昌-板橋,2023-03-13,9349
2884,玉山金,16,3,13,華南永昌-板橋,2023-03-13,9349
2358,廷鑫,12,0,12,華南永昌-板橋,2023-03-13,9349
3312,弘憶股,12,0,12,華南永昌-板橋,2023-03-13,9349
3673,TPK-KY,14,2,12,華南永昌-板橋,2023-03-13,9349
5309,系統電,12,0,12,華南永昌-板橋,2023-03-13,9349
00679B,元大美債20年,11,0,11,華南永昌-板橋,2023-03-13,9349
8155,博智,11,0,11,華南永昌-板橋,2023-03-13,9349
00673R,期元大S＆P原油反1,10,0,10,華南永昌-板橋,2023-03-13,9349
1409,新纖,10,0,10,華南永昌-板橋,2023-03-13,9349
1721,三晃,10,0,10,華南永昌-板橋,2023-03-13,9349
2102,泰豐,10,0,10,華南永昌-板橋,2023-03-13,9349
2634,漢翔,16,6,10,華南永昌-板橋,2023-03-13,9349
3038,全台,10,0,10,華南永昌-板橋,2023-03-13,9349
3380,明泰,10,0,10,華南永昌-板橋,2023-03-13,9349
4142,國光生,10,0,10,華南永昌-板橋,2023-03-13,9349
6139,亞翔,10,0,10,華南永昌-板橋,2023-03-13,9349
6416,瑞祺電通,10,0,10,華南永昌-板橋,2023-03-13,9349
8050,廣積,10,0,10,華南永昌-板橋,2023-03-13,9349
9945,潤泰新,10,0,10,華南永昌-板橋,2023-03-13,9349
3005,神基,9,0,9,華南永昌-板橋,2023-03-13,9349
3027,盛達,12,3,9,華南永昌-板橋,2023-03-13,9349
4164,承業醫,9,0,9,華南永昌-板橋,2023-03-13,9349
4768,晶呈科技,9,0,9,華南永昌-板橋,2023-03-13,9349
6806,森崴能源,11,2,9,華南永昌-板橋,2023-03-13,9349
8420,明揚,11,2,9,華南永昌-板橋,2023-03-13,9349
4979,華星光,8,0,8,華南永昌-板橋,2023-03-13,9349
5512,力麒,8,0,8,華南永昌-板橋,2023-03-13,9349
4155,訊映,8,0,8,華南永昌-板橋,2023-03-13,9349
2409,友達,217,2,215,華南永昌-板橋,2023-03-14,9349
00878,國泰永續高股息,206,0,206,華南永昌-板橋,2023-03-14,9349
2498,宏達電,76,2,74,華南永昌-板橋,2023-03-14,9349
2618,長榮航,73,22,51,華南永昌-板橋,2023-03-14,9349
4207,環泰,50,0,50,華南永昌-板橋,2023-03-14,9349
2610,華航,89,50,39,華南永昌-板橋,2023-03-14,9349
6220,岳豐,39,0,39,華南永昌-板橋,2023-03-14,9349
3176,基亞,36,0,36,華南永昌-板橋,2023-03-14,9349
2303,聯電,36,3,33,華南永昌-板橋,2023-03-14,9349
2884,玉山金,25,0,25,華南永昌-板橋,2023-03-14,9349
2609,陽明,48,23,25,華南永昌-板橋,2023-03-14,9349
00715L,期街口布蘭特正2,27,2,25,華南永昌-板橋,2023-03-14,9349
2388,威盛,44,21,23,華南永昌-板橋,2023-03-14,9349
00637L,元大滬深300正2,22,0,22,華南永昌-板橋,2023-03-14,9349
1513,中興電,23,1,22,華南永昌-板橋,2023-03-14,9349
2891,中信金,35,13,22,華南永昌-板橋,2023-03-14,9349
4950,牧東,20,0,20,華南永昌-板橋,2023-03-14,9349
2383,台光電,18,0,18,華南永昌-板橋,2023-03-14,9349
1609,大亞,24,6,18,華南永昌-板橋,2023-03-14,9349
4510,高鋒,17,0,17,華南永昌-板橋,2023-03-14,9349
2834,臺企銀,17,1,16,華南永昌-板橋,2023-03-14,9349
2344,華邦電,14,0,14,華南永昌-板橋,2023-03-14,9349
5880,合庫金,14,0,14,華南永昌-板橋,2023-03-14,9349
2327,國巨,12,0,12,華南永昌-板橋,2023-03-14,9349
2027,大成鋼,25,14,11,華南永昌-板橋,2023-03-14,9349
1605,華新,15,4,11,華南永昌-板橋,2023-03-14,9349
00642U,期元大S＆P石油,11,0,11,華南永昌-板橋,2023-03-14,9349
2421,建準,11,0,11,華南永昌-板橋,2023-03-14,9349
00680L,元大美債20正2,10,0,10,華南永昌-板橋,2023-03-14,9349
1810,和成,22,12,10,華南永昌-板橋,2023-03-14,9349
2007,燁興,10,0,10,華南永昌-板橋,2023-03-14,9349
2358,廷鑫,10,0,10,華南永昌-板橋,2023-03-14,9349
2495,普安,10,0,10,華南永昌-板橋,2023-03-14,9349
3022,威強電,13,3,10,華南永昌-板橋,2023-03-14,9349
5452,佶優,10,0,10,華南永昌-板橋,2023-03-14,9349
6109,亞元,10,0,10,華南永昌-板橋,2023-03-14,9349
6125,廣運,10,0,10,華南永昌-板橋,2023-03-14,9349
6605,帝寶,11,1,10,華南永昌-板橋,2023-03-14,9349
3162,精確,15,6,9,華南永昌-板橋,2023-03-14,9349
2881,富邦金,9,0,9,華南永昌-板橋,2023-03-14,9349
00713,元大台灣高息低波,8,0,8,華南永昌-板橋,2023-03-14,9349
00882,中信中國高股息,8,0,8,華南永昌-板橋,2023-03-14,9349
1785,光洋科,8,0,8,華南永昌-板橋,2023-03-14,9349
3046,建��,13,5,8,華南永昌-板橋,2023-03-14,9349
2330,台積電,8,1,7,華南永昌-板橋,2023-03-14,9349
2457,飛宏,129,122,7,華南永昌-板橋,2023-03-14,9349
2880,華南金,7,0,7,華南永昌-板橋,2023-03-14,9349
3037,欣興,9,3,6,華南永昌-板橋,2023-03-14,9349
1339,昭輝,6,0,6,華南永昌-板橋,2023-03-14,9349
2317,鴻海,6,0,6,華南永昌-板橋,2023-03-14,9349
00632R,元大台灣50反1,2011,0,2011,華南永昌-板橋,2023-03-15,9349
1605,華新,126,3,123,華南永昌-板橋,2023-03-15,9349
2409,友達,100,0,100,華南永昌-板橋,2023-03-15,9349
00878,國泰永續高股息,71,2,69,華南永昌-板橋,2023-03-15,9349
2603,長榮,77,15,62,華南永昌-板橋,2023-03-15,9349
6220,岳豐,40,0,40,華南永昌-板橋,2023-03-15,9349
2609,陽明,47,10,37,華南永昌-板橋,2023-03-15,9349
2457,飛宏,132,95,37,華南永昌-板橋,2023-03-15,9349
00642U,期元大S＆P石油,36,0,36,華南永昌-板橋,2023-03-15,9349
2443,昶虹,30,0,30,華南永昌-板橋,2023-03-15,9349
00715L,期街口布蘭特正2,43,15,28,華南永昌-板橋,2023-03-15,9349
2439,美律,25,0,25,華南永昌-板橋,2023-03-15,9349
3209,全科,22,0,22,華南永昌-板橋,2023-03-15,9349
1513,中興電,38,17,21,華南永昌-板橋,2023-03-15,9349
2612,中航,35,14,21,華南永昌-板橋,2023-03-15,9349
2356,英業達,20,0,20,華南永昌-板橋,2023-03-15,9349
6164,華興,20,0,20,華南永昌-板橋,2023-03-15,9349
2887,台新金,17,0,17,華南永昌-板橋,2023-03-15,9349
3481,群創,18,1,17,華南永昌-板橋,2023-03-15,9349
6770,力積電,21,7,14,華南永昌-板橋,2023-03-15,9349
1504,東元,23,10,13,華南永昌-板橋,2023-03-15,9349
2312,金寶,12,0,12,華南永昌-板橋,2023-03-15,9349
2344,華邦電,16,5,11,華南永昌-板橋,2023-03-15,9349
3037,欣興,12,1,11,華南永昌-板橋,2023-03-15,9349
3265,台星科,14,3,11,華南永昌-板橋,2023-03-15,9349
2886,兆豐金,15,5,10,華南永昌-板橋,2023-03-15,9349
4123,晟德,10,0,10,華南永昌-板橋,2023-03-15,9349
1453,大將,10,0,10,華南永昌-板橋,2023-03-15,9349
00671R,富邦NASDAQ反1,10,0,10,華南永昌-板橋,2023-03-15,9349
2102,泰豐,10,0,10,華南永昌-板橋,2023-03-15,9349
2360,致茂,10,0,10,華南永昌-板橋,2023-03-15,9349
2427,三商電,10,0,10,華南永昌-板橋,2023-03-15,9349
2515,中工,10,0,10,華南永昌-板橋,2023-03-15,9349
2881,富邦金,10,0,10,華南永昌-板橋,2023-03-15,9349
3673,TPK-KY,10,0,10,華南永昌-板橋,2023-03-15,9349
4916,事欣科,10,0,10,華南永昌-板橋,2023-03-15,9349
4956,光鋐,10,0,10,華南永昌-板橋,2023-03-15,9349
2891,中信金,10,1,9,華南永昌-板橋,2023-03-15,9349
2883,凱基金,9,0,9,華南永昌-板橋,2023-03-15,9349
2383,台光電,9,0,9,華南永昌-板橋,2023-03-15,9349
2834,臺企銀,9,0,9,華南永昌-板橋,2023-03-15,9349
2880,華南金,9,0,9,華南永昌-板橋,2023-03-15,9349
2915,潤泰全,9,0,9,華南永昌-板橋,2023-03-15,9349
3576,聯合再生,10,1,9,華南永昌-板橋,2023-03-15,9349
3594,磐儀,11,2,9,華南永昌-板橋,2023-03-15,9349
6547,高端疫苗,10,1,9,華南永昌-板橋,2023-03-15,9349
2313,華通,9,1,8,華南永昌-板橋,2023-03-15,9349
2375,凱美,21,13,8,華南永昌-板橋,2023-03-15,9349
2888,新光金,8,0,8,華南永昌-板橋,2023-03-15,9349
3078,僑威,9,1,8,華南永昌-板橋,2023-03-15,9349
00632R,元大台灣50反1,2222,26,2196,華南永昌-板橋,2023-03-16,9349
2317,鴻海,105,1,104,華南永昌-板橋,2023-03-16,9349
2520,冠德,100,0,100,華南永昌-板橋,2023-03-16,9349
5371,中光電,75,0,75,華南永昌-板橋,2023-03-16,9349
1605,華新,76,2,74,華南永昌-板橋,2023-03-16,9349
00715L,期街口布蘭特正2,88,22,66,華南永昌-板橋,2023-03-16,9349
2609,陽明,64,14,50,華南永昌-板橋,2023-03-16,9349
2834,臺企銀,53,5,48,華南永昌-板橋,2023-03-16,9349
6220,岳豐,43,0,43,華南永昌-板橋,2023-03-16,9349
2603,長榮,41,7,34,華南永昌-板橋,2023-03-16,9349
2388,威盛,43,9,34,華南永昌-板橋,2023-03-16,9349
00878,國泰永續高股息,47,14,33,華南永昌-板橋,2023-03-16,9349
2476,鉅祥,31,0,31,華南永昌-板橋,2023-03-16,9349
2888,新光金,30,3,27,華南永昌-板橋,2023-03-16,9349
2882,國泰金,28,2,26,華南永昌-板橋,2023-03-16,9349
2439,美律,24,0,24,華南永昌-板橋,2023-03-16,9349
2891,中信金,32,9,23,華南永昌-板橋,2023-03-16,9349
2358,廷鑫,23,0,23,華南永昌-板橋,2023-03-16,9349
2027,大成鋼,23,1,22,華南永昌-板橋,2023-03-16,9349
3037,欣興,23,3,20,華南永昌-板橋,2023-03-16,9349
5285,界霖,20,0,20,華南永昌-板橋,2023-03-16,9349
6605,帝寶,21,2,19,華南永昌-板橋,2023-03-16,9349
2409,友達,20,2,18,華南永昌-板橋,2023-03-16,9349
3581,博磊,17,0,17,華南永昌-板橋,2023-03-16,9349
2610,華航,23,7,16,華南永昌-板橋,2023-03-16,9349
2427,三商電,20,5,15,華南永昌-板橋,2023-03-16,9349
2867,三商壽,15,0,15,華南永昌-板橋,2023-03-16,9349
3481,群創,76,61,15,華南永昌-板橋,2023-03-16,9349
3209,全科,13,0,13,華南永昌-板橋,2023-03-16,9349
3704,合勤控,21,8,13,華南永昌-板橋,2023-03-16,9349
1504,東元,15,3,12,華南永昌-板橋,2023-03-16,9349
1326,台化,12,0,12,華南永昌-板橋,2023-03-16,9349
2328,廣宇,12,0,12,華南永昌-板橋,2023-03-16,9349
8046,南電,18,6,12,華南永昌-板橋,2023-03-16,9349
2368,金像電,14,3,11,華南永昌-板橋,2023-03-16,9349
2425,承啟,11,0,11,華南永昌-板橋,2023-03-16,9349
3062,建漢,11,0,11,華南永昌-板橋,2023-03-16,9349
2201,裕隆,13,3,10,華南永昌-板橋,2023-03-16,9349
2355,敬鵬,10,0,10,華南永昌-板橋,2023-03-16,9349
2465,麗臺,10,0,10,華南永昌-板橋,2023-03-16,9349
3545,敦泰,10,0,10,華南永昌-板橋,2023-03-16,9349
4746,台耀,10,0,10,華南永昌-板橋,2023-03-16,9349
5344,立衛,10,0,10,華南永昌-板橋,2023-03-16,9349
5603,陸海,10,0,10,華南永昌-板橋,2023-03-16,9349
6167,久正,10,0,10,華南永昌-板橋,2023-03-16,9349
6416,瑞祺電通,10,0,10,華南永昌-板橋,2023-03-16,9349
8222,寶一,15,5,10,華南永昌-板橋,2023-03-16,9349
8446,華研,10,0,10,華南永昌-板橋,2023-03-16,9349
00669R,國泰美國道瓊反1,10,1,9,華南永昌-板橋,2023-03-16,9349
00637L,元大滬深300正2,9,0,9,華南永昌-板橋,2023-03-16,9349
00632R,元大台灣50反1,1024,83,941,華南永昌-板橋,2023-03-17,9349
2890,永豐金,353,0,353,華南永昌-板橋,2023-03-17,9349
6024,群益期,74,0,74,華南永昌-板橋,2023-03-17,9349
2834,臺企銀,63,2,61,華南永昌-板橋,2023-03-17,9349
5880,合庫金,54,0,54,華南永昌-板橋,2023-03-17,9349
00878,國泰永續高股息,43,0,43,華南永昌-板橋,2023-03-17,9349
9955,佳龍,43,3,40,華南永昌-板橋,2023-03-17,9349
3290,東浦,36,0,36,華南永昌-板橋,2023-03-17,9349
8046,南電,31,0,31,華南永昌-板橋,2023-03-17,9349
2405,輔信,30,0,30,華南永昌-板橋,2023-03-17,9349
2457,飛宏,101,71,30,華南永昌-板橋,2023-03-17,9349
4979,華星光,26,0,26,華南永昌-板橋,2023-03-17,9349
2891,中信金,20,0,20,華南永昌-板橋,2023-03-17,9349
6220,岳豐,20,0,20,華南永昌-板橋,2023-03-17,9349
6282,康舒,35,15,20,華南永昌-板橋,2023-03-17,9349
2399,映泰,71,53,18,華南永昌-板橋,2023-03-17,9349
4171,瑞基,18,0,18,華南永昌-板橋,2023-03-17,9349
4768,晶呈科技,17,0,17,華南永昌-板橋,2023-03-17,9349
6531,愛普*,23,6,17,華南永昌-板橋,2023-03-17,9349
2867,三商壽,15,0,15,華南永昌-板橋,2023-03-17,9349
2388,威盛,30,16,14,華南永昌-板橋,2023-03-17,9349
6139,亞翔,13,0,13,華南永昌-板橋,2023-03-17,9349
2610,華航,13,0,13,華南永昌-板橋,2023-03-17,9349
8940,新天地,13,0,13,華南永昌-板橋,2023-03-17,9349
00713,元大台灣高息低波,17,4,13,華南永昌-板橋,2023-03-17,9349
2023,燁輝,12,0,12,華南永昌-板橋,2023-03-17,9349
6841,長佳智能,14,2,12,華南永昌-板橋,2023-03-17,9349
6235,華孚,18,7,11,華南永昌-板橋,2023-03-17,9349
2313,華通,12,1,11,華南永昌-板橋,2023-03-17,9349
00671R,富邦NASDAQ反1,11,0,11,華南永昌-板橋,2023-03-17,9349
4934,太極,11,0,11,華南永昌-板橋,2023-03-17,9349
2105,正新,10,0,10,華南永昌-板橋,2023-03-17,9349
3028,增你強,10,0,10,華南永昌-板橋,2023-03-17,9349
3710,連展投控,10,0,10,華南永昌-板橋,2023-03-17,9349
3714,富采,10,0,10,華南永昌-板橋,2023-03-17,9349
6288,聯嘉,10,0,10,華南永昌-板橋,2023-03-17,9349
8110,華東,10,0,10,華南永昌-板橋,2023-03-17,9349
00669R,國泰美國道瓊反1,9,0,9,華南永昌-板橋,2023-03-17,9349
2883,凱基金,9,0,9,華南永昌-板橋,2023-03-17,9349
1609,大亞,7,0,7,華南永昌-板橋,2023-03-17,9349
3062,建漢,9,2,7,華南永昌-板橋,2023-03-17,9349
2880,華南金,6,0,6,華南永昌-板橋,2023-03-17,9349
1752,南光,6,0,6,華南永昌-板橋,2023-03-17,9349
1785,光洋科,6,0,6,華南永昌-板橋,2023-03-17,9349
2328,廣宇,10,4,6,華南永昌-板橋,2023-03-17,9349
6213,聯茂,6,0,6,華南永昌-板橋,2023-03-17,9349
9904,寶成,6,0,6,華南永昌-板橋,2023-03-17,9349
9802,鈺齊-KY,6,0,6,華南永昌-板橋,2023-03-17,9349
00642U,期元大S＆P石油,5,0,5,華南永昌-板橋,2023-03-17,9349
1101,台泥,13,8,5,華南永昌-板橋,2023-03-17,9349
00712,復華富時不動產,206,1,205,華南永昌-板橋,2023-03-20,9349
1101,台泥,62,0,62,華南永昌-板橋,2023-03-20,9349
00878,國泰永續高股息,65,7,58,華南永昌-板橋,2023-03-20,9349
1402,遠東新,56,0,56,華南永昌-板橋,2023-03-20,9349
6205,詮欣,27,0,27,華南永昌-板橋,2023-03-20,9349
2882,國泰金,23,0,23,華南永昌-板橋,2023-03-20,9349
8097,常珵,20,0,20,華南永昌-板橋,2023-03-20,9349
00637L,元大滬深300正2,19,0,19,華南永昌-板橋,2023-03-20,9349
2453,凌群,29,10,19,華南永昌-板橋,2023-03-20,9349
2481,強茂,23,5,18,華南永昌-板橋,2023-03-20,9349
2317,鴻海,20,3,17,華南永昌-板橋,2023-03-20,9349
2834,臺企銀,17,1,16,華南永昌-板橋,2023-03-20,9349
8936,國統,27,11,16,華南永昌-板橋,2023-03-20,9349
2362,藍天,15,0,15,華南永昌-板橋,2023-03-20,9349
2427,三商電,25,10,15,華南永昌-板橋,2023-03-20,9349
2603,長榮,16,2,14,華南永昌-板橋,2023-03-20,9349
1611,中電,16,2,14,華南永昌-板橋,2023-03-20,9349
2881,富邦金,16,3,13,華南永昌-板橋,2023-03-20,9349
2383,台光電,13,0,13,華南永昌-板橋,2023-03-20,9349
6859,伯特光,13,0,13,華南永昌-板橋,2023-03-20,9349
2399,映泰,16,4,12,華南永昌-板橋,2023-03-20,9349
3545,敦泰,75,63,12,華南永昌-板橋,2023-03-20,9349
2890,永豐金,12,0,12,華南永昌-板橋,2023-03-20,9349
1519,華城,29,19,10,華南永昌-板橋,2023-03-20,9349
9945,潤泰新,17,7,10,華南永昌-板橋,2023-03-20,9349
5009,榮剛,10,0,10,華南永昌-板橋,2023-03-20,9349
2102,泰豐,10,0,10,華南永昌-板橋,2023-03-20,9349
2312,金寶,10,0,10,華南永昌-板橋,2023-03-20,9349
4207,環泰,10,0,10,華南永昌-板橋,2023-03-20,9349
4919,新唐,11,1,10,華南永昌-板橋,2023-03-20,9349
6751,智聯服務,10,0,10,華南永昌-板橋,2023-03-20,9349
3264,欣銓,9,0,9,華南永昌-板橋,2023-03-20,9349
5258,虹堡,9,0,9,華南永昌-板橋,2023-03-20,9349
6290,良維,10,1,9,華南永昌-板橋,2023-03-20,9349
8033,雷虎,9,0,9,華南永昌-板橋,2023-03-20,9349
2002,中鋼,16,8,8,華南永昌-板橋,2023-03-20,9349
2897,王道銀行,10,2,8,華南永昌-板橋,2023-03-20,9349
3594,磐儀,20,12,8,華南永昌-板橋,2023-03-20,9349
0056,元大高股息,7,0,7,華南永昌-板橋,2023-03-20,9349
00642U,期元大S＆P石油,7,0,7,華南永昌-板橋,2023-03-20,9349
2542,興富發,8,1,7,華南永昌-板橋,2023-03-20,9349
3058,立德,19,12,7,華南永昌-板橋,2023-03-20,9349
5203,訊連,7,0,7,華南永昌-板橋,2023-03-20,9349
1451,年興,6,0,6,華南永昌-板橋,2023-03-20,9349
2471,資通,24,18,6,華南永昌-板橋,2023-03-20,9349
2495,普安,11,5,6,華南永昌-板橋,2023-03-20,9349
2605,新興,6,0,6,華南永昌-板橋,2023-03-20,9349
2748,雲品,6,0,6,華南永昌-板橋,2023-03-20,9349
2891,中信金,7,1,6,華南永昌-板橋,2023-03-20,9349
3481,群創,10,4,6,華南永昌-板橋,2023-03-20,9349
6116,彩晶,75,0,75,華南永昌-板橋,2023-03-21,9349
2867,三商壽,70,0,70,華南永昌-板橋,2023-03-21,9349
3545,敦泰,60,3,57,華南永昌-板橋,2023-03-21,9349
1605,華新,65,14,51,華南永昌-板橋,2023-03-21,9349
2362,藍天,45,0,45,華南永昌-板橋,2023-03-21,9349
1402,遠東新,33,0,33,華南永昌-板橋,2023-03-21,9349
5439,高技,30,2,28,華南永昌-板橋,2023-03-21,9349
3265,台星科,23,0,23,華南永昌-板橋,2023-03-21,9349
3594,磐儀,28,5,23,華南永昌-板橋,2023-03-21,9349
3176,基亞,22,0,22,華南永昌-板橋,2023-03-21,9349
2883,凱基金,19,0,19,華南永昌-板橋,2023-03-21,9349
2388,威盛,44,26,18,華南永昌-板橋,2023-03-21,9349
3576,聯合再生,21,3,18,華南永昌-板橋,2023-03-21,9349
2303,聯電,23,5,18,華南永昌-板橋,2023-03-21,9349
6276,安鈦克,15,0,15,華南永昌-板橋,2023-03-21,9349
2471,資通,46,31,15,華南永昌-板橋,2023-03-21,9349
6776,展�眥篕�,20,6,14,華南永昌-板橋,2023-03-21,9349
6443,元晶,14,0,14,華南永昌-板橋,2023-03-21,9349
00878,國泰永續高股息,13,0,13,華南永昌-板橋,2023-03-21,9349
6163,華電網,19,6,13,華南永昌-板橋,2023-03-21,9349
6531,愛普*,23,10,13,華南永昌-板橋,2023-03-21,9349
8255,朋程,12,0,12,華南永昌-板橋,2023-03-21,9349
2457,飛宏,77,65,12,華南永昌-板橋,2023-03-21,9349
3013,晟銘電,52,40,12,華南永昌-板橋,2023-03-21,9349
3038,全台,12,0,12,華南永昌-板橋,2023-03-21,9349
6235,華孚,25,13,12,華南永昌-板橋,2023-03-21,9349
2476,鉅祥,11,0,11,華南永昌-板橋,2023-03-21,9349
3217,優群,12,1,11,華南永昌-板橋,2023-03-21,9349
2609,陽明,14,4,10,華南永昌-板橋,2023-03-21,9349
1467,南緯,10,0,10,華南永昌-板橋,2023-03-21,9349
3272,東碩,10,0,10,華南永昌-板橋,2023-03-21,9349
4155,訊映,10,0,10,華南永昌-板橋,2023-03-21,9349
4743,合一,10,0,10,華南永昌-板橋,2023-03-21,9349
6168,宏齊,10,0,10,華南永昌-板橋,2023-03-21,9349
2618,長榮航,8,1,7,華南永昌-板橋,2023-03-21,9349
4770,上品,7,0,7,華南永昌-板橋,2023-03-21,9349
6214,精誠,9,2,7,華南永昌-板橋,2023-03-21,9349
2453,凌群,90,83,7,華南永昌-板橋,2023-03-21,9349
2405,輔信,6,0,6,華南永昌-板橋,2023-03-21,9349
3029,零壹,23,17,6,華南永昌-板橋,2023-03-21,9349
3162,精確,25,19,6,華南永昌-板橋,2023-03-21,9349
5269,祥碩,6,0,6,華南永昌-板橋,2023-03-21,9349
8289,泰藝,18,12,6,華南永昌-板橋,2023-03-21,9349
00673R,期元大S＆P原油反1,5,0,5,華南永昌-板橋,2023-03-21,9349
2367,燿華,5,0,5,華南永昌-板橋,2023-03-21,9349
2374,佳能,5,0,5,華南永昌-板橋,2023-03-21,9349
2421,建準,5,0,5,華南永昌-板橋,2023-03-21,9349
2495,普安,5,0,5,華南永昌-板橋,2023-03-21,9349
3005,神基,6,1,5,華南永昌-板橋,2023-03-21,9349
3027,盛達,9,4,5,華南永昌-板橋,2023-03-21,9349
2457,飛宏,132,37,95,華南永昌-板橋,2023-03-22,9349
3545,敦泰,71,0,71,華南永昌-板橋,2023-03-22,9349
1102,亞泥,69,2,67,華南永昌-板橋,2023-03-22,9349
5452,佶優,63,0,63,華南永昌-板橋,2023-03-22,9349
1513,中興電,61,5,56,華南永昌-板橋,2023-03-22,9349
8069,元太,53,5,48,華南永昌-板橋,2023-03-22,9349
2618,長榮航,57,11,46,華南永昌-板橋,2023-03-22,9349
1402,遠東新,35,0,35,華南永昌-板橋,2023-03-22,9349
2476,鉅祥,32,0,32,華南永昌-板橋,2023-03-22,9349
4979,華星光,32,0,32,華南永昌-板橋,2023-03-22,9349
8046,南電,35,6,29,華南永昌-板橋,2023-03-22,9349
3027,盛達,34,11,23,華南永昌-板橋,2023-03-22,9349
6167,久正,20,0,20,華南永昌-板橋,2023-03-22,9349
6226,光鼎,20,0,20,華南永昌-板橋,2023-03-22,9349
6164,華興,19,0,19,華南永昌-板橋,2023-03-22,9349
00633L,富邦上証正2,20,1,19,華南永昌-板橋,2023-03-22,9349
1316,上曜,64,46,18,華南永昌-板橋,2023-03-22,9349
2482,連宇,20,3,17,華南永昌-板橋,2023-03-22,9349
2388,威盛,34,18,16,華南永昌-板橋,2023-03-22,9349
2888,新光金,16,0,16,華南永昌-板橋,2023-03-22,9349
1432,大魯閣,15,1,14,華南永昌-板橋,2023-03-22,9349
2486,一詮,19,6,13,華南永昌-板橋,2023-03-22,9349
3264,欣銓,13,0,13,華南永昌-板橋,2023-03-22,9349
3666,光耀,17,4,13,華南永昌-板橋,2023-03-22,9349
4953,緯軟,12,1,11,華南永昌-板橋,2023-03-22,9349
6244,茂迪,20,9,11,華南永昌-板橋,2023-03-22,9349
00679B,元大美債20年,10,0,10,華南永昌-板橋,2023-03-22,9349
1721,三晃,10,0,10,華南永昌-板橋,2023-03-22,9349
3028,增你強,10,0,10,華南永昌-板橋,2023-03-22,9349
3047,訊舟,10,0,10,華南永昌-板橋,2023-03-22,9349
3419,譁裕,10,0,10,華南永昌-板橋,2023-03-22,9349
4114,健喬,10,0,10,華南永昌-板橋,2023-03-22,9349
5243,乙盛-KY,10,0,10,華南永昌-板橋,2023-03-22,9349
6279,胡連,10,0,10,華南永昌-板橋,2023-03-22,9349
1589,永冠-KY,28,19,9,華南永昌-板橋,2023-03-22,9349
2392,正崴,10,1,9,華南永昌-板橋,2023-03-22,9349
6751,智聯服務,10,1,9,華南永昌-板橋,2023-03-22,9349
2610,華航,13,5,8,華南永昌-板橋,2023-03-22,9349
3712,永崴投控,8,0,8,華南永昌-板橋,2023-03-22,9349
4977,眾達-KY,8,0,8,華南永昌-板橋,2023-03-22,9349
2409,友達,9,2,7,華南永昌-板橋,2023-03-22,9349
6443,元晶,14,7,7,華南永昌-板橋,2023-03-22,9349
1609,大亞,8,1,7,華南永昌-板橋,2023-03-22,9349
2427,三商電,7,0,7,華南永昌-板橋,2023-03-22,9349
6527,明達醫,7,0,7,華南永昌-板橋,2023-03-22,9349
1712,興農,6,0,6,華南永昌-板橋,2023-03-22,9349
1519,華城,9,3,6,華南永昌-板橋,2023-03-22,9349
2634,漢翔,8,2,6,華南永昌-板橋,2023-03-22,9349
5371,中光電,6,0,6,華南永昌-板橋,2023-03-22,9349
8147,正淩,6,0,6,華南永昌-板橋,2023-03-22,9349
00632R,元大台灣50反1,6010,4000,2010,華南永昌-板橋,2023-03-23,9349
1402,遠東新,97,0,97,華南永昌-板橋,2023-03-23,9349
3013,晟銘電,71,0,71,華南永昌-板橋,2023-03-23,9349
4119,旭富,58,0,58,華南永昌-板橋,2023-03-23,9349
2609,陽明,63,11,52,華南永昌-板橋,2023-03-23,9349
2388,威盛,72,27,45,華南永昌-板橋,2023-03-23,9349
3481,群創,51,6,45,華南永昌-板橋,2023-03-23,9349
2610,華航,46,3,43,華南永昌-板橋,2023-03-23,9349
00753L,中信中國50正2,35,0,35,華南永昌-板橋,2023-03-23,9349
2601,益航,30,0,30,華南永昌-板橋,2023-03-23,9349
5315,光聯,30,0,30,華南永昌-板橋,2023-03-23,9349
2409,友達,31,2,29,華南永昌-板橋,2023-03-23,9349
2368,金像電,46,17,29,華南永昌-板橋,2023-03-23,9349
5222,全訊,26,4,22,華南永昌-板橋,2023-03-23,9349
4102,永日,21,0,21,華南永昌-板橋,2023-03-23,9349
2482,連宇,48,28,20,華南永昌-板橋,2023-03-23,9349
6609,瀧澤科,18,0,18,華南永昌-板橋,2023-03-23,9349
00713,元大台灣高息低波,19,1,18,華南永昌-板橋,2023-03-23,9349
1906,寶隆,17,0,17,華南永昌-板橋,2023-03-23,9349
2603,長榮,18,1,17,華南永昌-板橋,2023-03-23,9349
2317,鴻海,16,0,16,華南永昌-板橋,2023-03-23,9349
00720B,元大投資級公司債,16,0,16,華南永昌-板橋,2023-03-23,9349
3058,立德,28,13,15,華南永昌-板橋,2023-03-23,9349
3217,優群,15,0,15,華南永昌-板橋,2023-03-23,9349
3265,台星科,15,0,15,華南永昌-板橋,2023-03-23,9349
2881,富邦金,30,16,14,華南永昌-板橋,2023-03-23,9349
2605,新興,19,5,14,華南永昌-板橋,2023-03-23,9349
6690,安�硌穈T,13,0,13,華南永昌-板橋,2023-03-23,9349
00878,國泰永續高股息,23,11,12,華南永昌-板橋,2023-03-23,9349
2481,強茂,33,21,12,華南永昌-板橋,2023-03-23,9349
3029,零壹,12,1,11,華南永昌-板橋,2023-03-23,9349
1319,東陽,23,12,11,華南永昌-板橋,2023-03-23,9349
00885,富邦越南,20,10,10,華南永昌-板橋,2023-03-23,9349
2606,裕民,10,0,10,華南永昌-板橋,2023-03-23,9349
3432,台端,10,0,10,華南永昌-板橋,2023-03-23,9349
6278,台表科,11,1,10,華南永昌-板橋,2023-03-23,9349
6669,緯穎,15,5,10,華南永昌-板橋,2023-03-23,9349
8088,品安,10,0,10,華南永昌-板橋,2023-03-23,9349
2206,三陽工業,10,0,10,華南永昌-板橋,2023-03-23,9349
2880,華南金,14,5,9,華南永昌-板橋,2023-03-23,9349
3017,奇鋐,19,10,9,華南永昌-板橋,2023-03-23,9349
2413,環科,8,0,8,華南永昌-板橋,2023-03-23,9349
3322,建舜電,32,25,7,華南永昌-板橋,2023-03-23,9349
2204,中華,12,5,7,華南永昌-板橋,2023-03-23,9349
6244,茂迪,19,13,6,華南永昌-板橋,2023-03-23,9349
5425,台半,31,25,6,華南永昌-板橋,2023-03-23,9349
2402,毅嘉,49,43,6,華南永昌-板橋,2023-03-23,9349
2636,台驊控股,6,0,6,華南永昌-板橋,2023-03-23,9349
00635U,期元大S＆P黃金,6,0,6,華南永昌-板橋,2023-03-23,9349
2014,中鴻,7,1,6,華南永昌-板橋,2023-03-23,9349
00671R,富邦NASDAQ反1,100,4,96,華南永昌-板橋,2023-03-24,9349
1532,勤美,81,0,81,華南永昌-板橋,2023-03-24,9349
8105,凌巨,60,0,60,華南永昌-板橋,2023-03-24,9349
2388,威盛,84,32,52,華南永昌-板橋,2023-03-24,9349
1570,力肯,46,0,46,華南永昌-板橋,2023-03-24,9349
4510,高鋒,40,3,37,華南永昌-板橋,2023-03-24,9349
2889,國票金,35,0,35,華南永昌-板橋,2023-03-24,9349
8088,品安,44,11,33,華南永昌-板橋,2023-03-24,9349
2482,連宇,109,78,31,華南永昌-板橋,2023-03-24,9349
2344,華邦電,74,43,31,華南永昌-板橋,2023-03-24,9349
2727,王品,30,0,30,華南永昌-板橋,2023-03-24,9349
2106,建大,29,0,29,華南永昌-板橋,2023-03-24,9349
2368,金像電,26,2,24,華南永昌-板橋,2023-03-24,9349
3094,聯傑,23,1,22,華南永昌-板橋,2023-03-24,9349
1504,東元,64,44,20,華南永昌-板橋,2023-03-24,9349
3715,定穎投控,25,5,20,華南永昌-板橋,2023-03-24,9349
4950,牧東,20,0,20,華南永昌-板橋,2023-03-24,9349
6770,力積電,20,0,20,華南永昌-板橋,2023-03-24,9349
1316,上曜,17,0,17,華南永昌-板橋,2023-03-24,9349
3675,德微,17,0,17,華南永昌-板橋,2023-03-24,9349
6679,鈺太,17,1,16,華南永昌-板橋,2023-03-24,9349
8064,東捷,16,0,16,華南永昌-板橋,2023-03-24,9349
6112,邁達特,15,0,15,華南永昌-板橋,2023-03-24,9349
6233,旺玖,14,0,14,華南永昌-板橋,2023-03-24,9349
6118,建達,13,0,13,華南永昌-板橋,2023-03-24,9349
7402,邑錡,13,0,13,華南永昌-板橋,2023-03-24,9349
1605,華新,45,32,13,華南永昌-板橋,2023-03-24,9349
1477,聚陽,12,0,12,華南永昌-板橋,2023-03-24,9349
3189,景碩,13,1,12,華南永昌-板橋,2023-03-24,9349
4919,新唐,14,2,12,華南永昌-板橋,2023-03-24,9349
1314,中石化,11,0,11,華南永昌-板橋,2023-03-24,9349
2328,廣宇,13,2,11,華南永昌-板橋,2023-03-24,9349
3058,立德,11,0,11,華南永昌-板橋,2023-03-24,9349
3217,優群,12,1,11,華南永昌-板橋,2023-03-24,9349
6160,欣技,13,2,11,華南永昌-板橋,2023-03-24,9349
3532,台勝科,16,5,11,華南永昌-板橋,2023-03-24,9349
6182,合晶,12,2,10,華南永昌-板橋,2023-03-24,9349
4960,誠美材,10,0,10,華南永昌-板橋,2023-03-24,9349
00898,國泰基因免疫革命,10,0,10,華南永昌-板橋,2023-03-24,9349
1444,力麗,10,0,10,華南永昌-板橋,2023-03-24,9349
1460,宏遠,10,0,10,華南永昌-板橋,2023-03-24,9349
2610,華航,10,0,10,華南永昌-板橋,2023-03-24,9349
2882A,國泰特,10,0,10,華南永昌-板橋,2023-03-24,9349
3228,金麗科,10,0,10,華南永昌-板橋,2023-03-24,9349
3231,緯創,18,8,10,華南永昌-板橋,2023-03-24,9349
3260,威剛,11,1,10,華南永昌-板橋,2023-03-24,9349
3306,鼎天,22,12,10,華南永昌-板橋,2023-03-24,9349
3491,昇達科,10,0,10,華南永昌-板橋,2023-03-24,9349
6142,友勁,10,0,10,華南永昌-板橋,2023-03-24,9349
6270,倍微,10,0,10,華南永昌-板橋,2023-03-24,9349
00632R,元大台灣50反1,2094,0,2094,華南永昌-板橋,2023-03-27,9349
1504,東元,238,33,205,華南永昌-板橋,2023-03-27,9349
8147,正淩,69,0,69,華南永昌-板橋,2023-03-27,9349
8046,南電,45,2,43,華南永昌-板橋,2023-03-27,9349
8277,商丞,43,0,43,華南永昌-板橋,2023-03-27,9349
6118,建達,38,0,38,華南永昌-板橋,2023-03-27,9349
2329,華泰,75,45,30,華南永昌-板橋,2023-03-27,9349
8105,凌巨,30,0,30,華南永昌-板橋,2023-03-27,9349
8088,品安,61,32,29,華南永昌-板橋,2023-03-27,9349
00882,中信中國高股息,127,100,27,華南永昌-板橋,2023-03-27,9349
3294,英濟,24,0,24,華南永昌-板橋,2023-03-27,9349
6431,光麗-KY,23,0,23,華南永昌-板橋,2023-03-27,9349
1810,和成,42,20,22,華南永昌-板橋,2023-03-27,9349
1605,華新,45,25,20,華南永昌-板橋,2023-03-27,9349
00753L,中信中國50正2,20,0,20,華南永昌-板橋,2023-03-27,9349
2913,農林,20,0,20,華南永昌-板橋,2023-03-27,9349
3702,大聯大,20,0,20,華南永昌-板橋,2023-03-27,9349
6443,元晶,43,24,19,華南永昌-板橋,2023-03-27,9349
6770,力積電,21,3,18,華南永昌-板橋,2023-03-27,9349
2890,永豐金,18,0,18,華南永昌-板橋,2023-03-27,9349
2476,鉅祥,15,0,15,華南永昌-板橋,2023-03-27,9349
2610,華航,18,3,15,華南永昌-板橋,2023-03-27,9349
5315,光聯,15,0,15,華南永昌-板橋,2023-03-27,9349
6109,亞元,15,0,15,華南永昌-板橋,2023-03-27,9349
3576,聯合再生,17,2,15,華南永昌-板橋,2023-03-27,9349
2882,國泰金,13,1,12,華南永昌-板橋,2023-03-27,9349
2481,強茂,17,5,12,華南永昌-板橋,2023-03-27,9349
3047,訊舟,19,8,11,華南永昌-板橋,2023-03-27,9349
4919,新唐,12,1,11,華南永昌-板橋,2023-03-27,9349
6719,力智,11,0,11,華南永昌-板橋,2023-03-27,9349
2351,順德,10,0,10,華南永昌-板橋,2023-03-27,9349
2886,兆豐金,10,0,10,華南永昌-板橋,2023-03-27,9349
3466,德晉,10,0,10,華南永昌-板橋,2023-03-27,9349
3594,磐儀,18,8,10,華南永昌-板橋,2023-03-27,9349
6116,彩晶,10,0,10,華南永昌-板橋,2023-03-27,9349
8401,白紗科,10,0,10,華南永昌-板橋,2023-03-27,9349
6288,聯嘉,10,1,9,華南永昌-板橋,2023-03-27,9349
2317,鴻海,10,1,9,華南永昌-板橋,2023-03-27,9349
3664,安瑞-KY,9,0,9,華南永昌-板橋,2023-03-27,9349
2105,正新,11,3,8,華南永昌-板橋,2023-03-27,9349
2486,一詮,14,6,8,華南永昌-板橋,2023-03-27,9349
4971,IET-KY,9,1,8,華南永昌-板橋,2023-03-27,9349
6120,達運,10,2,8,華南永昌-板橋,2023-03-27,9349
2201,裕隆,9,1,8,華南永昌-板橋,2023-03-27,9349
3056,富華新,7,0,7,華南永昌-板橋,2023-03-27,9349
2106,建大,7,0,7,華南永昌-板橋,2023-03-27,9349
2328,廣宇,6,0,6,華南永昌-板橋,2023-03-27,9349
2382,廣達,7,1,6,華南永昌-板橋,2023-03-27,9349
6234,高僑,6,0,6,華南永昌-板橋,2023-03-27,9349
8222,寶一,32,26,6,華南永昌-板橋,2023-03-27,9349
1605,華新,179,86,93,華南永昌-板橋,2023-03-28,9349
8105,凌巨,70,0,70,華南永昌-板橋,2023-03-28,9349
1402,遠東新,65,0,65,華南永昌-板橋,2023-03-28,9349
1504,東元,66,6,60,華南永昌-板橋,2023-03-28,9349
8046,南電,44,4,40,華南永昌-板橋,2023-03-28,9349
3035,智原,55,16,39,華南永昌-板橋,2023-03-28,9349
2736,富野,33,0,33,華南永昌-板橋,2023-03-28,9349
3037,欣興,31,5,26,華南永昌-板橋,2023-03-28,9349
00679B,元大美債20年,26,0,26,華南永昌-板橋,2023-03-28,9349
2358,廷鑫,24,0,24,華南永昌-板橋,2023-03-28,9349
2476,鉅祥,31,8,23,華南永昌-板橋,2023-03-28,9349
6285,啟��,24,2,22,華南永昌-板橋,2023-03-28,9349
6168,宏齊,21,0,21,華南永昌-板橋,2023-03-28,9349
3466,德晉,20,0,20,華南永昌-板橋,2023-03-28,9349
6167,久正,20,0,20,華南永昌-板橋,2023-03-28,9349
8401,白紗科,20,0,20,華南永昌-板橋,2023-03-28,9349
2884,玉山金,22,3,19,華南永昌-板橋,2023-03-28,9349
00878,國泰永續高股息,19,0,19,華南永昌-板橋,2023-03-28,9349
6698,旭暉應材,19,0,19,華南永昌-板橋,2023-03-28,9349
6719,力智,18,0,18,華南永昌-板橋,2023-03-28,9349
2376,技嘉,17,0,17,華南永昌-板橋,2023-03-28,9349
2457,飛宏,65,48,17,華南永昌-板橋,2023-03-28,9349
5222,全訊,17,0,17,華南永昌-板橋,2023-03-28,9349
00882,中信中國高股息,115,100,15,華南永昌-板橋,2023-03-28,9349
4768,晶呈科技,24,10,14,華南永昌-板橋,2023-03-28,9349
3362,先進光,13,0,13,華南永昌-板橋,2023-03-28,9349
5243,乙盛-KY,14,1,13,華南永昌-板橋,2023-03-28,9349
6148,驊宏資,17,4,13,華南永昌-板橋,2023-03-28,9349
8016,矽創,15,2,13,華南永昌-板橋,2023-03-28,9349
2486,一詮,12,0,12,華南永昌-板橋,2023-03-28,9349
3094,聯傑,12,0,12,華南永昌-板橋,2023-03-28,9349
4967,十銓,13,1,12,華南永昌-板橋,2023-03-28,9349
0056,元大高股息,12,2,10,華南永昌-板橋,2023-03-28,9349
6531,愛普*,26,16,10,華南永昌-板橋,2023-03-28,9349
4931,新盛力,10,0,10,華南永昌-板橋,2023-03-28,9349
6109,亞元,10,0,10,華南永昌-板橋,2023-03-28,9349
6112,邁達特,10,0,10,華南永昌-板橋,2023-03-28,9349
6129,普誠,10,0,10,華南永昌-板橋,2023-03-28,9349
6288,聯嘉,10,0,10,華南永昌-板橋,2023-03-28,9349
5211,蒙恬,10,0,10,華南永昌-板橋,2023-03-28,9349
2388,威盛,46,37,9,華南永昌-板橋,2023-03-28,9349
1584,精剛,22,13,9,華南永昌-板橋,2023-03-28,9349
2201,裕隆,9,0,9,華南永昌-板橋,2023-03-28,9349
3664,安瑞-KY,9,0,9,華南永昌-板橋,2023-03-28,9349
1802,台玻,8,0,8,華南永昌-板橋,2023-03-28,9349
2439,美律,10,2,8,華南永昌-板橋,2023-03-28,9349
5225,東科-KY,10,2,8,華南永昌-板橋,2023-03-28,9349
6274,台燿,14,7,7,華南永昌-板橋,2023-03-28,9349
4919,新唐,8,1,7,華南永昌-板橋,2023-03-28,9349
6756,威鋒電子,7,0,7,華南永昌-板橋,2023-03-28,9349
00720B,元大投資級公司債,101,0,101,華南永昌-板橋,2023-03-29,9349
00680L,元大美債20正2,51,0,51,華南永昌-板橋,2023-03-29,9349
2609,陽明,47,3,44,華南永昌-板橋,2023-03-29,9349
2461,光群雷,43,0,43,華南永昌-板橋,2023-03-29,9349
3710,連展投控,40,0,40,華南永昌-板橋,2023-03-29,9349
8147,正淩,50,20,30,華南永昌-板橋,2023-03-29,9349
3035,智原,35,10,25,華南永昌-板橋,2023-03-29,9349
1605,華新,60,37,23,華南永昌-板橋,2023-03-29,9349
8046,南電,24,3,21,華南永昌-板橋,2023-03-29,9349
2481,強茂,28,8,20,華南永昌-板橋,2023-03-29,9349
6152,百一,20,0,20,華南永昌-板橋,2023-03-29,9349
2427,三商電,20,1,19,華南永昌-板橋,2023-03-29,9349
3290,東浦,19,1,18,華南永昌-板橋,2023-03-29,9349
6285,啟��,21,3,18,華南永昌-板橋,2023-03-29,9349
4536,拓凱,17,0,17,華南永昌-板橋,2023-03-29,9349
1584,精剛,17,1,16,華南永昌-板橋,2023-03-29,9349
2106,建大,15,0,15,華南永昌-板橋,2023-03-29,9349
2867,三商壽,13,0,13,華南永昌-板橋,2023-03-29,9349
5011,久陽,13,0,13,華南永昌-板橋,2023-03-29,9349
5222,全訊,13,0,13,華南永昌-板橋,2023-03-29,9349
6288,聯嘉,23,10,13,華南永昌-板橋,2023-03-29,9349
6770,力積電,14,1,13,華南永昌-板橋,2023-03-29,9349
00922,國泰台灣領袖50,12,0,12,華南永昌-板橋,2023-03-29,9349
5285,界霖,12,0,12,華南永昌-板橋,2023-03-29,9349
00679B,元大美債20年,11,0,11,華南永昌-板橋,2023-03-29,9349
00669R,國泰美國道瓊反1,11,0,11,華南永昌-板橋,2023-03-29,9349
6485,點序,30,19,11,華南永昌-板橋,2023-03-29,9349
8171,天宇,15,4,11,華南永昌-板橋,2023-03-29,9349
2107,厚生,10,0,10,華南永昌-板橋,2023-03-29,9349
2405,輔信,10,0,10,華南永昌-板橋,2023-03-29,9349
3443,創意,15,5,10,華南永昌-板橋,2023-03-29,9349
5483,中美晶,10,0,10,華南永昌-板橋,2023-03-29,9349
6235,華孚,20,10,10,華南永昌-板橋,2023-03-29,9349
2317,鴻海,11,1,10,華南永昌-板橋,2023-03-29,9349
2368,金像電,44,35,9,華南永昌-板橋,2023-03-29,9349
3231,緯創,15,6,9,華南永昌-板橋,2023-03-29,9349
8289,泰藝,9,0,9,華南永昌-板橋,2023-03-29,9349
2371,大同,39,32,7,華南永昌-板橋,2023-03-29,9349
2376,技嘉,10,3,7,華南永昌-板橋,2023-03-29,9349
3105,穩懋,10,3,7,華南永昌-板橋,2023-03-29,9349
3594,磐儀,7,0,7,華南永昌-板橋,2023-03-29,9349
5269,祥碩,10,3,7,華南永昌-板橋,2023-03-29,9349
2430,燦坤,6,0,6,華南永昌-板橋,2023-03-29,9349
2455,全新,20,14,6,華南永昌-板橋,2023-03-29,9349
4919,新唐,7,1,6,華南永昌-板橋,2023-03-29,9349
3017,奇鋐,21,15,6,華南永昌-板橋,2023-03-29,9349
00648R,元大S＆P500反1,5,0,5,華南永昌-板橋,2023-03-29,9349
2453,凌群,15,10,5,華南永昌-板橋,2023-03-29,9349
3265,台星科,5,0,5,華南永昌-板橋,2023-03-29,9349
3666,光耀,5,0,5,華南永昌-板橋,2023-03-29,9349
00632R,元大台灣50反1,3000,0,3000,華南永昌-板橋,2023-03-30,9349
6443,元晶,64,0,64,華南永昌-板橋,2023-03-30,9349
1504,東元,80,21,59,華南永昌-板橋,2023-03-30,9349
6133,金橋,98,39,59,華南永昌-板橋,2023-03-30,9349
1605,華新,80,28,52,華南永昌-板橋,2023-03-30,9349
2609,陽明,44,2,42,華南永昌-板橋,2023-03-30,9349
8147,正淩,131,93,38,華南永昌-板橋,2023-03-30,9349
8050,廣積,44,8,36,華南永昌-板橋,2023-03-30,9349
6220,岳豐,35,0,35,華南永昌-板橋,2023-03-30,9349
00882,中信中國高股息,70,40,30,華南永昌-板橋,2023-03-30,9349
1603,華電,20,0,20,華南永昌-板橋,2023-03-30,9349
3479,安勤,20,0,20,華南永昌-板橋,2023-03-30,9349
3710,連展投控,20,0,20,華南永昌-板橋,2023-03-30,9349
1762,中化生,21,2,19,華南永昌-板橋,2023-03-30,9349
6288,聯嘉,17,0,17,華南永昌-板橋,2023-03-30,9349
1529,樂事綠能,15,0,15,華南永昌-板橋,2023-03-30,9349
1802,台玻,15,0,15,華南永昌-板橋,2023-03-30,9349
2457,飛宏,87,72,15,華南永昌-板橋,2023-03-30,9349
6167,久正,15,0,15,華南永昌-板橋,2023-03-30,9349
3481,群創,17,3,14,華南永昌-板橋,2023-03-30,9349
2618,長榮航,14,0,14,華南永昌-板橋,2023-03-30,9349
2634,漢翔,14,0,14,華南永昌-板橋,2023-03-30,9349
5880,合庫金,14,0,14,華南永昌-板橋,2023-03-30,9349
1609,大亞,22,8,14,華南永昌-板橋,2023-03-30,9349
4967,十銓,40,27,13,華南永昌-板橋,2023-03-30,9349
2882,國泰金,11,0,11,華南永昌-板橋,2023-03-30,9349
2890,永豐金,11,0,11,華南永昌-板橋,2023-03-30,9349
6770,力積電,11,0,11,華南永昌-板橋,2023-03-30,9349
1314,中石化,10,0,10,華南永昌-板橋,2023-03-30,9349
00891,中信關鍵半導體,10,0,10,華南永昌-板橋,2023-03-30,9349
00772B,中信高評級公司債,10,0,10,華南永昌-板橋,2023-03-30,9349
1903,士紙,10,0,10,華南永昌-板橋,2023-03-30,9349
2834,臺企銀,10,0,10,華南永昌-板橋,2023-03-30,9349
4968,立積,10,0,10,華南永昌-板橋,2023-03-30,9349
4977,眾達-KY,11,1,10,華南永昌-板橋,2023-03-30,9349
6142,友勁,10,0,10,華南永昌-板橋,2023-03-30,9349
00922,國泰台灣領袖50,9,0,9,華南永昌-板橋,2023-03-30,9349
2867,三商壽,9,0,9,華南永昌-板橋,2023-03-30,9349
4438,廣越,9,0,9,華南永昌-板橋,2023-03-30,9349
6719,力智,9,0,9,華南永昌-板橋,2023-03-30,9349
6531,愛普*,13,4,9,華南永昌-板橋,2023-03-30,9349
00679B,元大美債20年,8,0,8,華南永昌-板橋,2023-03-30,9349
2610,華航,8,0,8,華南永昌-板橋,2023-03-30,9349
6715,嘉基,8,0,8,華南永昌-板橋,2023-03-30,9349
00893,國泰智能電動車,10,3,7,華南永昌-板橋,2023-03-30,9349
6213,聯茂,9,2,7,華南永昌-板橋,2023-03-30,9349
2889,國票金,7,0,7,華南永昌-板橋,2023-03-30,9349
3552,同致,6,0,6,華南永昌-板橋,2023-03-30,9349
2017,官田鋼,6,0,6,華南永昌-板橋,2023-03-30,9349
2358,廷鑫,6,0,6,華南永昌-板橋,2023-03-30,9349
00891,中信關鍵半導體,70,0,70,華南永昌-板橋,2023-03-31,9349
2421,建準,50,0,50,華南永昌-板橋,2023-03-31,9349
2736,富野,45,0,45,華南永昌-板橋,2023-03-31,9349
1504,東元,112,73,39,華南永昌-板橋,2023-03-31,9349
6228,全譜,30,0,30,華南永昌-板橋,2023-03-31,9349
2610,華航,31,2,29,華南永昌-板橋,2023-03-31,9349
1605,華新,36,14,22,華南永昌-板橋,2023-03-31,9349
3006,晶豪科,27,7,20,華南永昌-板橋,2023-03-31,9349
3710,連展投控,20,0,20,華南永昌-板橋,2023-03-31,9349
1609,大亞,17,0,17,華南永昌-板橋,2023-03-31,9349
00648R,元大S＆P500反1,15,0,15,華南永昌-板橋,2023-03-31,9349
00669R,國泰美國道瓊反1,15,0,15,華南永昌-板橋,2023-03-31,9349
2484,希華,14,0,14,華南永昌-板橋,2023-03-31,9349
8028,昇陽半導體,15,1,14,華南永昌-板橋,2023-03-31,9349
2105,正新,20,7,13,華南永昌-板橋,2023-03-31,9349
3715,定穎投控,16,3,13,華南永昌-板橋,2023-03-31,9349
1611,中電,21,9,12,華南永昌-板橋,2023-03-31,9349
2313,華通,12,0,12,華南永昌-板橋,2023-03-31,9349
5243,乙盛-KY,11,0,11,華南永昌-板橋,2023-03-31,9349
6133,金橋,35,24,11,華南永昌-板橋,2023-03-31,9349
6167,久正,10,0,10,華南永昌-板橋,2023-03-31,9349
4953,緯軟,10,0,10,華南永昌-板橋,2023-03-31,9349
2481,強茂,15,6,9,華南永昌-板橋,2023-03-31,9349
3581,博磊,9,0,9,華南永昌-板橋,2023-03-31,9349
3675,德微,21,12,9,華南永昌-板橋,2023-03-31,9349
1513,中興電,8,1,7,華南永昌-板橋,2023-03-31,9349
3162,精確,8,1,7,華南永昌-板橋,2023-03-31,9349
6548,長科*,14,7,7,華南永昌-板橋,2023-03-31,9349
8050,廣積,18,11,7,華南永昌-板橋,2023-03-31,9349
1795,美時,10,4,6,華南永昌-板橋,2023-03-31,9349
6233,旺玖,7,1,6,華南永昌-板橋,2023-03-31,9349
5475,德宏,7,1,6,華南永昌-板橋,2023-03-31,9349
2352,佳世達,6,0,6,華南永昌-板橋,2023-03-31,9349
3176,基亞,6,0,6,華南永昌-板橋,2023-03-31,9349
3236,千如,6,0,6,華南永昌-板橋,2023-03-31,9349
1101,台泥,6,0,6,華南永昌-板橋,2023-03-31,9349
1522,堤維西,5,0,5,華南永昌-板橋,2023-03-31,9349
3041,揚智,5,0,5,華南永昌-板橋,2023-03-31,9349
3056,富華新,5,0,5,華南永昌-板橋,2023-03-31,9349
3228,金麗科,5,0,5,華南永昌-板橋,2023-03-31,9349
4977,眾達-KY,5,0,5,華南永昌-板橋,2023-03-31,9349
5457,宣德,5,0,5,華南永昌-板橋,2023-03-31,9349
6016,康和證,5,0,5,華南永昌-板橋,2023-03-31,9349
6112,邁達特,5,0,5,華南永昌-板橋,2023-03-31,9349
6214,精誠,5,0,5,華南永昌-板橋,2023-03-31,9349
6443,元晶,5,0,5,華南永昌-板橋,2023-03-31,9349
6669,緯穎,5,0,5,華南永昌-板橋,2023-03-31,9349
6712,長聖,5,0,5,華南永昌-板橋,2023-03-31,9349
8277,商丞,5,0,5,華南永昌-板橋,2023-03-31,9349
2867,三商壽,5,0,5,華南永昌-板橋,2023-03-31,9349
2867,三商壽,105,0,105,華南永昌-板橋,2023-04-06,9349
8046,南電,74,2,72,華南永昌-板橋,2023-04-06,9349
2344,華邦電,77,9,68,華南永昌-板橋,2023-04-06,9349
1220,台榮,41,0,41,華南永昌-板橋,2023-04-06,9349
5009,榮剛,41,0,41,華南永昌-板橋,2023-04-06,9349
8105,凌巨,35,0,35,華南永昌-板橋,2023-04-06,9349
00882,中信中國高股息,49,20,29,華南永昌-板橋,2023-04-06,9349
2317,鴻海,24,1,23,華南永昌-板橋,2023-04-06,9349
00673R,期元大S＆P原油反1,20,0,20,華南永昌-板橋,2023-04-06,9349
3675,德微,26,7,19,華南永昌-板橋,2023-04-06,9349
6133,金橋,40,23,17,華南永昌-板橋,2023-04-06,9349
6679,鈺太,17,0,17,華南永昌-板橋,2023-04-06,9349
0056,元大高股息,16,1,15,華南永昌-板橋,2023-04-06,9349
2601,益航,15,0,15,華南永昌-板橋,2023-04-06,9349
6492,生華科,14,0,14,華南永昌-板橋,2023-04-06,9349
2368,金像電,31,18,13,華南永昌-板橋,2023-04-06,9349
00725B,國泰投資級公司債,13,2,11,華南永昌-板橋,2023-04-06,9349
6285,啟��,33,22,11,華南永昌-板橋,2023-04-06,9349
00679B,元大美債20年,10,0,10,華南永昌-板橋,2023-04-06,9349
00648R,元大S＆P500反1,10,0,10,華南永昌-板橋,2023-04-06,9349
2413,環科,11,1,10,華南永昌-板橋,2023-04-06,9349
2838,聯邦銀,10,0,10,華南永昌-板橋,2023-04-06,9349
3231,緯創,12,2,10,華南永昌-板橋,2023-04-06,9349
3624,光頡,14,4,10,華南永昌-板橋,2023-04-06,9349
3715,定穎投控,10,0,10,華南永昌-板橋,2023-04-06,9349
6239,力成,10,0,10,華南永昌-板橋,2023-04-06,9349
911608,明輝-DR,10,0,10,華南永昌-板橋,2023-04-06,9349
8222,寶一,13,4,9,華南永昌-板橋,2023-04-06,9349
1218,泰山,10,1,9,華南永昌-板橋,2023-04-06,9349
2027,大成鋼,8,0,8,華南永昌-板橋,2023-04-06,9349
2883,凱基金,13,5,8,華南永昌-板橋,2023-04-06,9349
3481,群創,12,4,8,華南永昌-板橋,2023-04-06,9349
3710,連展投控,10,2,8,華南永昌-板橋,2023-04-06,9349
6134,萬旭,10,2,8,華南永昌-板橋,2023-04-06,9349
6015,宏遠證,7,0,7,華南永昌-板橋,2023-04-06,9349
6138,茂達,7,0,7,華南永昌-板橋,2023-04-06,9349
2498,宏達電,10,3,7,華南永昌-板橋,2023-04-06,9349
00878,國泰永續高股息,8,1,7,華南永昌-板橋,2023-04-06,9349
2002,中鋼,8,2,6,華南永昌-板橋,2023-04-06,9349
1785,光洋科,7,1,6,華南永昌-板橋,2023-04-06,9349
3006,晶豪科,6,0,6,華南永昌-板橋,2023-04-06,9349
6024,群益期,10,4,6,華南永昌-板橋,2023-04-06,9349
6861,睿生光電,6,0,6,華南永昌-板橋,2023-04-06,9349
00893,國泰智能電動車,5,0,5,華南永昌-板橋,2023-04-06,9349
8069,元太,8,3,5,華南永昌-板橋,2023-04-06,9349
1312,國喬,5,0,5,華南永昌-板橋,2023-04-06,9349
1909,榮成,5,0,5,華南永昌-板橋,2023-04-06,9349
2358,廷鑫,5,0,5,華南永昌-板橋,2023-04-06,9349
3265,台星科,5,0,5,華南永昌-板橋,2023-04-06,9349
3290,東浦,5,0,5,華南永昌-板橋,2023-04-06,9349
00712,復華富時不動產,131,0,131,華南永昌-板橋,2023-04-07,9349
2438,翔耀,112,0,112,華南永昌-板橋,2023-04-07,9349
4102,永日,65,6,59,華南永昌-板橋,2023-04-07,9349
2457,飛宏,105,46,59,華南永昌-板橋,2023-04-07,9349
3545,敦泰,55,1,54,華南永昌-板橋,2023-04-07,9349
2882,國泰金,37,4,33,華南永昌-板橋,2023-04-07,9349
2867,三商壽,33,1,32,華南永昌-板橋,2023-04-07,9349
6770,力積電,32,4,28,華南永昌-板橋,2023-04-07,9349
6125,廣運,25,0,25,華南永昌-板橋,2023-04-07,9349
00679B,元大美債20年,23,0,23,華南永昌-板橋,2023-04-07,9349
2436,偉詮電,22,0,22,華南永昌-板橋,2023-04-07,9349
2356,英業達,22,1,21,華南永昌-板橋,2023-04-07,9349
5353,台林,20,0,20,華南永昌-板橋,2023-04-07,9349
5439,高技,20,0,20,華南永昌-板橋,2023-04-07,9349
2208,台船,21,2,19,華南永昌-板橋,2023-04-07,9349
8088,品安,18,0,18,華南永昌-板橋,2023-04-07,9349
6576,逸達,18,1,17,華南永昌-板橋,2023-04-07,9349
6285,啟��,16,0,16,華南永昌-板橋,2023-04-07,9349
3675,德微,15,0,15,華南永昌-板橋,2023-04-07,9349
3022,威強電,14,0,14,華南永昌-板橋,2023-04-07,9349
6578,達邦蛋白,13,0,13,華南永昌-板橋,2023-04-07,9349
5009,榮剛,15,2,13,華南永昌-板橋,2023-04-07,9349
6197,佳必琪,12,0,12,華南永昌-板橋,2023-04-07,9349
6209,今國光,14,2,12,華南永昌-板橋,2023-04-07,9349
5289,宜鼎,11,0,11,華南永昌-板橋,2023-04-07,9349
2317,鴻海,11,0,11,華南永昌-板橋,2023-04-07,9349
00751B,元大AAA至A公司債,11,0,11,華南永昌-板橋,2023-04-07,9349
00720B,元大投資級公司債,10,0,10,華南永昌-板橋,2023-04-07,9349
8150,南茂,11,1,10,華南永昌-板橋,2023-04-07,9349
00885,富邦越南,10,0,10,華南永昌-板橋,2023-04-07,9349
2302,麗正,18,8,10,華南永昌-板橋,2023-04-07,9349
2884,玉山金,10,0,10,華南永昌-板橋,2023-04-07,9349
3532,台勝科,10,0,10,華南永昌-板橋,2023-04-07,9349
6148,驊宏資,12,2,10,華南永昌-板橋,2023-04-07,9349
2482,連宇,15,5,10,華南永昌-板橋,2023-04-07,9349
00673R,期元大S＆P原油反1,9,0,9,華南永昌-板橋,2023-04-07,9349
6153,嘉聯益,9,0,9,華南永昌-板橋,2023-04-07,9349
3017,奇鋐,19,10,9,華南永昌-板橋,2023-04-07,9349
3025,星通,12,4,8,華南永昌-板橋,2023-04-07,9349
4916,事欣科,7,0,7,華南永昌-板橋,2023-04-07,9349
2002,中鋼,8,2,6,華南永昌-板橋,2023-04-07,9349
2453,凌群,7,1,6,華南永昌-板橋,2023-04-07,9349
3231,緯創,6,0,6,華南永昌-板橋,2023-04-07,9349
4934,太極,6,0,6,華南永昌-板橋,2023-04-07,9349
6139,亞翔,6,0,6,華南永昌-板橋,2023-04-07,9349
00881,國泰台灣5G+,5,0,5,華南永昌-板橋,2023-04-07,9349
00669R,國泰美國道瓊反1,5,0,5,華南永昌-板橋,2023-04-07,9349
1909,榮成,5,0,5,華南永昌-板橋,2023-04-07,9349
3447,展達,5,0,5,華南永昌-板橋,2023-04-07,9349
4770,上品,5,0,5,華南永昌-板橋,2023-04-07,9349
1609,大亞,155,4,151,華南永昌-板橋,2023-04-10,9349
3545,敦泰,57,1,56,華南永昌-板橋,2023-04-10,9349
1605,華新,52,2,50,華南永昌-板橋,2023-04-10,9349
2358,廷鑫,50,14,36,華南永昌-板橋,2023-04-10,9349
3479,安勤,30,0,30,華南永昌-板橋,2023-04-10,9349
2884,玉山金,28,0,28,華南永昌-板橋,2023-04-10,9349
3444,利機,26,0,26,華南永昌-板橋,2023-04-10,9349
2634,漢翔,41,16,25,華南永昌-板橋,2023-04-10,9349
6163,華電網,27,4,23,華南永昌-板橋,2023-04-10,9349
8046,南電,23,1,22,華南永昌-板橋,2023-04-10,9349
3006,晶豪科,32,13,19,華南永昌-板橋,2023-04-10,9349
2468,華經,18,0,18,華南永昌-板橋,2023-04-10,9349
3689,湧德,16,0,16,華南永昌-板橋,2023-04-10,9349
2492,華新科,23,9,14,華南永昌-板橋,2023-04-10,9349
3060,銘異,17,3,14,華南永昌-板橋,2023-04-10,9349
5452,佶優,14,0,14,華南永昌-板橋,2023-04-10,9349
2438,翔耀,13,0,13,華南永昌-板橋,2023-04-10,9349
6146,耕興,13,0,13,華南永昌-板橋,2023-04-10,9349
6285,啟��,59,47,12,華南永昌-板橋,2023-04-10,9349
5309,系統電,13,2,11,華南永昌-板橋,2023-04-10,9349
1301,台塑,10,0,10,華南永昌-板橋,2023-04-10,9349
1309,台達化,10,0,10,華南永昌-板橋,2023-04-10,9349
2208,台船,10,0,10,華南永昌-板橋,2023-04-10,9349
2314,台揚,10,0,10,華南永昌-板橋,2023-04-10,9349
2413,環科,10,0,10,華南永昌-板橋,2023-04-10,9349
2834,臺企銀,10,0,10,華南永昌-板橋,2023-04-10,9349
5353,台林,10,0,10,華南永昌-板橋,2023-04-10,9349
1342,八貫,9,0,9,華南永昌-板橋,2023-04-10,9349
2633,台灣高鐵,10,1,9,華南永昌-板橋,2023-04-10,9349
3624,光頡,22,13,9,華南永昌-板橋,2023-04-10,9349
3715,定穎投控,9,0,9,華南永昌-板橋,2023-04-10,9349
6788,華景電,9,0,9,華南永昌-板橋,2023-04-10,9349
2388,威盛,44,36,8,華南永昌-板橋,2023-04-10,9349
2483,百容,8,0,8,華南永昌-板橋,2023-04-10,9349
5522,遠雄,8,0,8,華南永昌-板橋,2023-04-10,9349
6538,倉和,9,2,7,華南永昌-板橋,2023-04-10,9349
00679B,元大美債20年,17,10,7,華南永昌-板橋,2023-04-10,9349
1503,士電,16,9,7,華南永昌-板橋,2023-04-10,9349
1514,亞力,7,0,7,華南永昌-板橋,2023-04-10,9349
1519,華城,11,4,7,華南永昌-板橋,2023-04-10,9349
3710,連展投控,10,3,7,華南永昌-板橋,2023-04-10,9349
4968,立積,16,9,7,華南永昌-板橋,2023-04-10,9349
5425,台半,35,28,7,華南永昌-板橋,2023-04-10,9349
8038,長園科,7,0,7,華南永昌-板橋,2023-04-10,9349
3324,雙鴻,17,10,7,華南永昌-板橋,2023-04-10,9349
00650L,復華香港正2,7,0,7,華南永昌-板橋,2023-04-10,9349
5289,宜鼎,6,0,6,華南永昌-板橋,2023-04-10,9349
00713,元大台灣高息低波,6,0,6,華南永昌-板橋,2023-04-10,9349
1304,台聚,6,0,6,華南永昌-板橋,2023-04-10,9349
3025,星通,11,5,6,華南永昌-板橋,2023-04-10,9349
00632R,元大台灣50反1,2000,0,2000,華南永昌-板橋,2023-04-11,9349
00720B,元大投資級公司債,114,0,114,華南永昌-板橋,2023-04-11,9349
1504,東元,123,66,57,華南永昌-板橋,2023-04-11,9349
3025,星通,57,1,56,華南永昌-板橋,2023-04-11,9349
3006,晶豪科,167,112,55,華南永昌-板橋,2023-04-11,9349
2736,富野,46,0,46,華南永昌-板橋,2023-04-11,9349
6152,百一,40,0,40,華南永昌-板橋,2023-04-11,9349
00882,中信中國高股息,36,1,35,華南永昌-板橋,2023-04-11,9349
00772B,中信高評級公司債,27,0,27,華南永昌-板橋,2023-04-11,9349
1513,中興電,106,80,26,華南永昌-板橋,2023-04-11,9349
3162,精確,24,1,23,華南永昌-板橋,2023-04-11,9349
1220,台榮,22,0,22,華南永昌-板橋,2023-04-11,9349
6285,啟��,23,3,20,華南永昌-板橋,2023-04-11,9349
1710,東聯,19,1,18,華南永昌-板橋,2023-04-11,9349
2388,威盛,43,26,17,華南永昌-板橋,2023-04-11,9349
2915,潤泰全,15,0,15,華南永昌-板橋,2023-04-11,9349
2610,華航,20,6,14,華南永昌-板橋,2023-04-11,9349
2208,台船,13,0,13,華南永昌-板橋,2023-04-11,9349
9962,有益,13,0,13,華南永昌-板橋,2023-04-11,9349
6245,立端,12,0,12,華南永昌-板橋,2023-04-11,9349
3290,東浦,12,0,12,華南永昌-板橋,2023-04-11,9349
8183,精星,13,1,12,華南永昌-板橋,2023-04-11,9349
2609,陽明,19,8,11,華南永昌-板橋,2023-04-11,9349
00881,國泰台灣5G+,11,0,11,華南永昌-板橋,2023-04-11,9349
1539,巨庭,10,0,10,華南永昌-板橋,2023-04-11,9349
2617,台航,10,0,10,華南永昌-板橋,2023-04-11,9349
2851,中再保,10,0,10,華南永昌-板橋,2023-04-11,9349
3265,台星科,10,0,10,華南永昌-板橋,2023-04-11,9349
6005,群益證,10,0,10,華南永昌-板橋,2023-04-11,9349
6751,智聯服務,10,0,10,華南永昌-板橋,2023-04-11,9349
0056,元大高股息,11,1,10,華南永昌-板橋,2023-04-11,9349
1503,士電,22,13,9,華南永昌-板橋,2023-04-11,9349
00885,富邦越南,18,10,8,華南永昌-板橋,2023-04-11,9349
00773B,中信優先金融債,10,2,8,華南永昌-板橋,2023-04-11,9349
2468,華經,8,0,8,華南永昌-板橋,2023-04-11,9349
2634,漢翔,25,17,8,華南永昌-板橋,2023-04-11,9349
6788,華景電,8,0,8,華南永昌-板橋,2023-04-11,9349
00679B,元大美債20年,7,0,7,華南永昌-板橋,2023-04-11,9349
1708,東鹼,7,0,7,華南永昌-板橋,2023-04-11,9349
2408,南亞科,9,2,7,華南永昌-板橋,2023-04-11,9349
5351,鈺創,17,10,7,華南永昌-板橋,2023-04-11,9349
6116,彩晶,7,0,7,華南永昌-板橋,2023-04-11,9349
6203,海韻電,7,0,7,華南永昌-板橋,2023-04-11,9349
6752,叡揚,9,2,7,華南永昌-板橋,2023-04-11,9349
3029,零壹,8,1,7,華南永昌-板橋,2023-04-11,9349
3443,創意,6,0,6,華南永昌-板橋,2023-04-11,9349
00683L,期元大美元指正2,6,0,6,華南永昌-板橋,2023-04-11,9349
3432,台端,7,1,6,華南永昌-板橋,2023-04-11,9349
4916,事欣科,8,2,6,華南永昌-板橋,2023-04-11,9349
6266,泰詠,7,1,6,華南永昌-板橋,2023-04-11,9349
2481,強茂,80,1,79,華南永昌-板橋,2023-04-12,9349
2609,陽明,66,11,55,華南永昌-板橋,2023-04-12,9349
3013,晟銘電,54,1,53,華南永昌-板橋,2023-04-12,9349
2329,華泰,72,22,50,華南永昌-板橋,2023-04-12,9349
4967,十銓,51,1,50,華南永昌-板橋,2023-04-12,9349
1532,勤美,49,0,49,華南永昌-板橋,2023-04-12,9349
3264,欣銓,46,0,46,華南永昌-板橋,2023-04-12,9349
3078,僑威,56,15,41,華南永昌-板橋,2023-04-12,9349
2637,慧洋-KY,39,1,38,華南永昌-板橋,2023-04-12,9349
5353,台林,38,1,37,華南永昌-板橋,2023-04-12,9349
2303,聯電,39,4,35,華南永昌-板橋,2023-04-12,9349
2208,台船,34,1,33,華南永昌-板橋,2023-04-12,9349
2457,飛宏,89,57,32,華南永昌-板橋,2023-04-12,9349
2634,漢翔,104,72,32,華南永昌-板橋,2023-04-12,9349
2618,長榮航,25,2,23,華南永昌-板橋,2023-04-12,9349
8088,品安,47,24,23,華南永昌-板橋,2023-04-12,9349
2409,友達,26,4,22,華南永昌-板橋,2023-04-12,9349
3710,連展投控,20,0,20,華南永昌-板橋,2023-04-12,9349
8050,廣積,20,0,20,華南永昌-板橋,2023-04-12,9349
4743,合一,24,6,18,華南永昌-板橋,2023-04-12,9349
6285,啟��,17,1,16,華南永昌-板橋,2023-04-12,9349
00650L,復華香港正2,16,1,15,華南永昌-板橋,2023-04-12,9349
00637L,元大滬深300正2,15,0,15,華南永昌-板橋,2023-04-12,9349
8409,商之器,15,0,15,華南永昌-板橋,2023-04-12,9349
1802,台玻,15,1,14,華南永昌-板橋,2023-04-12,9349
2883,凱基金,14,1,13,華南永昌-板橋,2023-04-12,9349
2317,鴻海,11,0,11,華南永昌-板橋,2023-04-12,9349
3037,欣興,12,1,11,華南永昌-板橋,2023-04-12,9349
3081,聯亞,11,0,11,華南永昌-板橋,2023-04-12,9349
3540,曜越,11,0,11,華南永昌-板橋,2023-04-12,9349
1710,東聯,10,0,10,華南永昌-板橋,2023-04-12,9349
2633,台灣高鐵,10,0,10,華南永昌-板橋,2023-04-12,9349
2884,玉山金,10,0,10,華南永昌-板橋,2023-04-12,9349
3094,聯傑,11,1,10,華南永昌-板橋,2023-04-12,9349
3707,漢磊,10,0,10,華南永昌-板橋,2023-04-12,9349
4167,松瑞藥,10,0,10,華南永昌-板橋,2023-04-12,9349
4927,泰鼎-KY,10,0,10,華南永昌-板橋,2023-04-12,9349
5328,華容,10,0,10,華南永昌-板橋,2023-04-12,9349
6015,宏遠證,10,0,10,華南永昌-板橋,2023-04-12,9349
6112,邁達特,10,0,10,華南永昌-板橋,2023-04-12,9349
8147,正淩,10,0,10,華南永昌-板橋,2023-04-12,9349
6266,泰詠,13,4,9,華南永昌-板橋,2023-04-12,9349
6788,華景電,10,1,9,華南永昌-板橋,2023-04-12,9349
1708,東鹼,10,1,9,華南永昌-板橋,2023-04-12,9349
2233,宇隆,10,1,9,華南永昌-板橋,2023-04-12,9349
4768,晶呈科技,9,0,9,華南永昌-板橋,2023-04-12,9349
1524,耿鼎,13,5,8,華南永昌-板橋,2023-04-12,9349
2371,大同,11,3,8,華南永昌-板橋,2023-04-12,9349
2392,正崴,13,5,8,華南永昌-板橋,2023-04-12,9349
3029,零壹,9,1,8,華南永昌-板橋,2023-04-12,9349
2438,翔耀,143,0,143,華南永昌-板橋,2023-04-13,9349
6477,安集,109,24,85,華南永昌-板橋,2023-04-13,9349
2610,華航,133,83,50,華南永昌-板橋,2023-04-13,9349
4967,十銓,46,7,39,華南永昌-板橋,2023-04-13,9349
2645,長榮航太,40,2,38,華南永昌-板橋,2023-04-13,9349
3545,敦泰,39,2,37,華南永昌-板橋,2023-04-13,9349
2634,漢翔,110,73,37,華南永昌-板橋,2023-04-13,9349
00687B,國泰20年美債,31,0,31,華南永昌-板橋,2023-04-13,9349
1513,中興電,44,15,29,華南永昌-板橋,2023-04-13,9349
2201,裕隆,40,16,24,華南永昌-板橋,2023-04-13,9349
1514,亞力,77,55,22,華南永昌-板橋,2023-04-13,9349
2328,廣宇,42,22,20,華南永昌-板橋,2023-04-13,9349
2360,致茂,20,0,20,華南永昌-板橋,2023-04-13,9349
2427,三商電,20,0,20,華南永昌-板橋,2023-04-13,9349
2440,太空梭,20,0,20,華南永昌-板橋,2023-04-13,9349
2027,大成鋼,21,3,18,華南永昌-板橋,2023-04-13,9349
6216,居易,17,0,17,華南永昌-板橋,2023-04-13,9349
2105,正新,21,4,17,華南永昌-板橋,2023-04-13,9349
3231,緯創,19,2,17,華南永昌-板橋,2023-04-13,9349
5353,台林,17,2,15,華南永昌-板橋,2023-04-13,9349
8409,商之器,15,0,15,華南永昌-板橋,2023-04-13,9349
1609,大亞,44,30,14,華南永昌-板橋,2023-04-13,9349
2303,聯電,15,1,14,華南永昌-板橋,2023-04-13,9349
3711,日月光投控,13,0,13,華南永昌-板橋,2023-04-13,9349
3006,晶豪科,77,65,12,華南永昌-板橋,2023-04-13,9349
3680,家登,12,0,12,華南永昌-板橋,2023-04-13,9349
2330,台積電,15,3,12,華南永昌-板橋,2023-04-13,9349
2344,華邦電,12,1,11,華南永昌-板橋,2023-04-13,9349
3515,華擎,11,0,11,華南永昌-板橋,2023-04-13,9349
5009,榮剛,94,83,11,華南永昌-板橋,2023-04-13,9349
2609,陽明,15,5,10,華南永昌-板橋,2023-04-13,9349
00753L,中信中國50正2,10,0,10,華南永昌-板橋,2023-04-13,9349
00773B,中信優先金融債,10,0,10,華南永昌-板橋,2023-04-13,9349
1444,力麗,10,0,10,華南永昌-板橋,2023-04-13,9349
1584,精剛,16,6,10,華南永昌-板橋,2023-04-13,9349
2388,威盛,12,2,10,華南永昌-板橋,2023-04-13,9349
3002,歐格,10,0,10,華南永昌-板橋,2023-04-13,9349
5243,乙盛-KY,10,0,10,華南永昌-板橋,2023-04-13,9349
6235,華孚,53,43,10,華南永昌-板橋,2023-04-13,9349
6244,茂迪,10,0,10,華南永昌-板橋,2023-04-13,9349
8081,致新,10,0,10,華南永昌-板橋,2023-04-13,9349
5222,全訊,18,9,9,華南永昌-板橋,2023-04-13,9349
6288,聯嘉,17,8,9,華南永昌-板橋,2023-04-13,9349
1519,華城,18,10,8,華南永昌-板橋,2023-04-13,9349
3491,昇達科,11,3,8,華南永昌-板橋,2023-04-13,9349
4768,晶呈科技,11,3,8,華南永昌-板橋,2023-04-13,9349
6248,沛波,14,6,8,華南永昌-板橋,2023-04-13,9349
3037,欣興,7,0,7,華南永昌-板橋,2023-04-13,9349
00922,國泰台灣領袖50,7,0,7,華南永昌-板橋,2023-04-13,9349
00772B,中信高評級公司債,7,0,7,華南永昌-板橋,2023-04-13,9349
1504,東元,154,3,151,華南永昌-板橋,2023-04-14,9349
2634,漢翔,178,30,148,華南永昌-板橋,2023-04-14,9349
6477,安集,94,2,92,華南永昌-板橋,2023-04-14,9349
00720B,元大投資級公司債,34,0,34,華南永昌-板橋,2023-04-14,9349
0050,元大台灣50,33,0,33,華南永昌-板橋,2023-04-14,9349
00687B,國泰20年美債,31,0,31,華南永昌-板橋,2023-04-14,9349
2365,昆盈,30,0,30,華南永昌-板橋,2023-04-14,9349
00772B,中信高評級公司債,26,0,26,華南永昌-板橋,2023-04-14,9349
00679B,元大美債20年,26,0,26,華南永昌-板橋,2023-04-14,9349
2867,三商壽,50,24,26,華南永昌-板橋,2023-04-14,9349
4768,晶呈科技,25,1,24,華南永昌-板橋,2023-04-14,9349
00773B,中信優先金融債,23,0,23,華南永昌-板橋,2023-04-14,9349
1529,樂事綠能,27,4,23,華南永昌-板橋,2023-04-14,9349
8933,愛地雅,22,0,22,華南永昌-板橋,2023-04-14,9349
8936,國統,22,1,21,華南永昌-板橋,2023-04-14,9349
8105,凌巨,20,0,20,華南永昌-板橋,2023-04-14,9349
1570,力肯,20,0,20,華南永昌-板橋,2023-04-14,9349
3078,僑威,40,20,20,華南永昌-板橋,2023-04-14,9349
5009,榮剛,30,11,19,華南永昌-板橋,2023-04-14,9349
6197,佳必琪,20,1,19,華南永昌-板橋,2023-04-14,9349
2382,廣達,19,1,18,華南永昌-板橋,2023-04-14,9349
2369,菱生,20,3,17,華南永昌-板橋,2023-04-14,9349
1513,中興電,22,6,16,華南永昌-板橋,2023-04-14,9349
2356,英業達,16,0,16,華南永昌-板橋,2023-04-14,9349
2413,環科,22,6,16,華南永昌-板橋,2023-04-14,9349
2611,志信,15,0,15,華南永昌-板橋,2023-04-14,9349
3049,精金,20,5,15,華南永昌-板橋,2023-04-14,9349
4102,永日,15,0,15,華南永昌-板橋,2023-04-14,9349
3027,盛達,15,1,14,華南永昌-板橋,2023-04-14,9349
4916,事欣科,19,5,14,華南永昌-板橋,2023-04-14,9349
8121,越峰,14,1,13,華南永昌-板橋,2023-04-14,9349
9955,佳龍,13,0,13,華南永昌-板橋,2023-04-14,9349
5425,台半,12,0,12,華南永昌-板橋,2023-04-14,9349
6234,高僑,19,7,12,華南永昌-板橋,2023-04-14,9349
6770,力積電,11,0,11,華南永昌-板橋,2023-04-14,9349
8383,千附,12,1,11,華南永昌-板橋,2023-04-14,9349
3178,公準,10,0,10,華南永昌-板橋,2023-04-14,9349
2812,台中銀,10,0,10,華南永昌-板橋,2023-04-14,9349
1442,名軒,10,0,10,華南永昌-板橋,2023-04-14,9349
1459,聯發,10,0,10,華南永昌-板橋,2023-04-14,9349
1615,大山,10,0,10,華南永昌-板橋,2023-04-14,9349
2201,裕隆,19,9,10,華南永昌-板橋,2023-04-14,9349
2204,中華,10,0,10,華南永昌-板橋,2023-04-14,9349
2485,兆赫,10,0,10,華南永昌-板橋,2023-04-14,9349
3016,嘉晶,10,0,10,華南永昌-板橋,2023-04-14,9349
3060,銘異,10,0,10,華南永昌-板橋,2023-04-14,9349
3231,緯創,16,6,10,華南永昌-板橋,2023-04-14,9349
3714,富采,10,0,10,華南永昌-板橋,2023-04-14,9349
5355,佳總,10,0,10,華南永昌-板橋,2023-04-14,9349
6183,關貿,10,0,10,華南永昌-板橋,2023-04-14,9349
2438,翔耀,252,3,249,華南永昌-板橋,2023-04-17,9349
00712,復華富時不動產,201,0,201,華南永昌-板橋,2023-04-17,9349
6285,啟��,145,52,93,華南永昌-板橋,2023-04-17,9349
3207,耀勝,50,0,50,華南永昌-板橋,2023-04-17,9349
6477,安集,76,31,45,華南永昌-板橋,2023-04-17,9349
2208,台船,82,39,43,華南永昌-板橋,2023-04-17,9349
2371,大同,47,8,39,華南永昌-板橋,2023-04-17,9349
2329,華泰,121,84,37,華南永昌-板橋,2023-04-17,9349
2601,益航,34,0,34,華南永昌-板橋,2023-04-17,9349
00885,富邦越南,31,0,31,華南永昌-板橋,2023-04-17,9349
1402,遠東新,31,0,31,華南永昌-板橋,2023-04-17,9349
2317,鴻海,35,4,31,華南永昌-板橋,2023-04-17,9349
1570,力肯,25,0,25,華南永昌-板橋,2023-04-17,9349
00772B,中信高評級公司債,24,0,24,華南永昌-板橋,2023-04-17,9349
2428,興勤,25,1,24,華南永昌-板橋,2023-04-17,9349
4967,十銓,75,54,21,華南永昌-板橋,2023-04-17,9349
8038,長園科,21,0,21,華南永昌-板橋,2023-04-17,9349
00687B,國泰20年美債,20,0,20,華南永昌-板橋,2023-04-17,9349
1316,上曜,20,0,20,華南永昌-板橋,2023-04-17,9349
9802,鈺齊-KY,20,0,20,華南永昌-板橋,2023-04-17,9349
1605,華新,52,34,18,華南永昌-板橋,2023-04-17,9349
0050,元大台灣50,19,2,17,華南永昌-板橋,2023-04-17,9349
2615,萬海,18,1,17,華南永昌-板橋,2023-04-17,9349
6547,高端疫苗,22,6,16,華南永昌-板橋,2023-04-17,9349
3049,精金,15,0,15,華南永昌-板橋,2023-04-17,9349
1514,亞力,21,7,14,華南永昌-板橋,2023-04-17,9349
4768,晶呈科技,15,1,14,華南永昌-板橋,2023-04-17,9349
1717,長興,18,5,13,華南永昌-板橋,2023-04-17,9349
2453,凌群,16,3,13,華南永昌-板橋,2023-04-17,9349
00679B,元大美債20年,13,1,12,華南永昌-板橋,2023-04-17,9349
2413,環科,15,3,12,華南永昌-板橋,2023-04-17,9349
5706,鳳凰,12,0,12,華南永昌-板橋,2023-04-17,9349
6234,高僑,15,3,12,華南永昌-板橋,2023-04-17,9349
6235,華孚,24,13,11,華南永昌-板橋,2023-04-17,9349
2481,強茂,50,39,11,華南永昌-板橋,2023-04-17,9349
00720B,元大投資級公司債,10,0,10,華南永昌-板橋,2023-04-17,9349
00688L,國泰20年美債正2,10,0,10,華南永昌-板橋,2023-04-17,9349
00669R,國泰美國道瓊反1,10,0,10,華南永昌-板橋,2023-04-17,9349
2332,友訊,10,0,10,華南永昌-板橋,2023-04-17,9349
2610,華航,13,3,10,華南永昌-板橋,2023-04-17,9349
2801,彰銀,10,0,10,華南永昌-板橋,2023-04-17,9349
3710,連展投控,10,0,10,華南永昌-板橋,2023-04-17,9349
5880,合庫金,10,0,10,華南永昌-板橋,2023-04-17,9349
6288,聯嘉,13,3,10,華南永昌-板橋,2023-04-17,9349
8415,大國鋼,10,0,10,華南永昌-板橋,2023-04-17,9349
2867,三商壽,14,5,9,華南永昌-板橋,2023-04-17,9349
3545,敦泰,48,39,9,華南永昌-板橋,2023-04-17,9349
9955,佳龍,10,1,9,華南永昌-板橋,2023-04-17,9349
3481,群創,8,0,8,華南永昌-板橋,2023-04-17,9349
1524,耿鼎,8,0,8,華南永昌-板橋,2023-04-17,9349
00637L,元大滬深300正2,322,11,311,華南永昌-板橋,2023-04-18,9349
00720B,元大投資級公司債,129,0,129,華南永昌-板橋,2023-04-18,9349
2634,漢翔,132,25,107,華南永昌-板橋,2023-04-18,9349
8926,台汽電,92,16,76,華南永昌-板橋,2023-04-18,9349
1504,東元,109,34,75,華南永昌-板橋,2023-04-18,9349
1524,耿鼎,55,0,55,華南永昌-板橋,2023-04-18,9349
2312,金寶,52,5,47,華南永昌-板橋,2023-04-18,9349
2371,大同,43,2,41,華南永昌-板橋,2023-04-18,9349
1605,華新,56,20,36,華南永昌-板橋,2023-04-18,9349
1708,東鹼,35,0,35,華南永昌-板橋,2023-04-18,9349
2481,強茂,35,0,35,華南永昌-板橋,2023-04-18,9349
2883B,凱基金乙特,33,0,33,華南永昌-板橋,2023-04-18,9349
4114,健喬,30,1,29,華南永昌-板橋,2023-04-18,9349
2208,台船,30,6,24,華南永昌-板橋,2023-04-18,9349
2609,陽明,25,3,22,華南永昌-板橋,2023-04-18,9349
6005,群益證,20,0,20,華南永昌-板橋,2023-04-18,9349
6605,帝寶,20,0,20,華南永昌-板橋,2023-04-18,9349
3491,昇達科,21,2,19,華南永昌-板橋,2023-04-18,9349
8105,凌巨,27,8,19,華南永昌-板橋,2023-04-18,9349
3037,欣興,20,2,18,華南永昌-板橋,2023-04-18,9349
5353,台林,18,0,18,華南永昌-板橋,2023-04-18,9349
3712,永崴投控,22,6,16,華南永昌-板橋,2023-04-18,9349
5009,榮剛,19,3,16,華南永昌-板橋,2023-04-18,9349
6266,泰詠,19,3,16,華南永昌-板橋,2023-04-18,9349
0056,元大高股息,16,1,15,華南永昌-板橋,2023-04-18,9349
00687B,國泰20年美債,15,0,15,華南永昌-板橋,2023-04-18,9349
2344,華邦電,16,1,15,華南永昌-板橋,2023-04-18,9349
3444,利機,45,31,14,華南永昌-板橋,2023-04-18,9349
00878,國泰永續高股息,15,1,14,華南永昌-板橋,2023-04-18,9349
4743,合一,13,0,13,華南永昌-板橋,2023-04-18,9349
3260,威剛,13,1,12,華南永昌-板橋,2023-04-18,9349
6285,啟��,53,42,11,華南永昌-板橋,2023-04-18,9349
3545,敦泰,16,5,11,華南永昌-板橋,2023-04-18,9349
5452,佶優,11,0,11,華南永昌-板橋,2023-04-18,9349
6167,久正,21,10,11,華南永昌-板橋,2023-04-18,9349
8383,千附,11,0,11,華南永昌-板橋,2023-04-18,9349
00669R,國泰美國道瓊反1,10,0,10,華南永昌-板橋,2023-04-18,9349
00688L,國泰20年美債正2,10,0,10,華南永昌-板橋,2023-04-18,9349
1459,聯發,10,0,10,華南永昌-板橋,2023-04-18,9349
2324,仁寶,10,0,10,華南永昌-板橋,2023-04-18,9349
2601,益航,10,0,10,華南永昌-板橋,2023-04-18,9349
4164,承業醫,11,1,10,華南永昌-板橋,2023-04-18,9349
6550,北極星藥業-KY,10,0,10,華南永昌-板橋,2023-04-18,9349
6669,緯穎,10,0,10,華南永昌-板橋,2023-04-18,9349
1316,上曜,10,1,9,華南永昌-板橋,2023-04-18,9349
3025,星通,21,12,9,華南永昌-板橋,2023-04-18,9349
3501,維熹,10,1,9,華南永昌-板橋,2023-04-18,9349
4510,高鋒,10,1,9,華南永昌-板橋,2023-04-18,9349
6606,建德工業,10,1,9,華南永昌-板橋,2023-04-18,9349
3481,群創,13,4,9,華南永昌-板橋,2023-04-18,9349
2457,飛宏,183,119,64,華南永昌-板橋,2023-04-19,9349
3479,安勤,61,2,59,華南永昌-板橋,2023-04-19,9349
1522,堤維西,46,0,46,華南永昌-板橋,2023-04-19,9349
3234,光環,46,3,43,華南永昌-板橋,2023-04-19,9349
6285,啟��,131,91,40,華南永昌-板橋,2023-04-19,9349
2421,建準,40,6,34,華南永昌-板橋,2023-04-19,9349
2820,華票,30,0,30,華南永昌-板橋,2023-04-19,9349
2634,漢翔,108,80,28,華南永昌-板橋,2023-04-19,9349
3037,欣興,26,1,25,華南永昌-板橋,2023-04-19,9349
2427,三商電,30,5,25,華南永昌-板橋,2023-04-19,9349
4714,永捷,25,0,25,華南永昌-板橋,2023-04-19,9349
5439,高技,27,4,23,華南永昌-板橋,2023-04-19,9349
8033,雷虎,32,9,23,華南永昌-板橋,2023-04-19,9349
4967,十銓,27,6,21,華南永昌-板橋,2023-04-19,9349
3501,維熹,21,0,21,華南永昌-板橋,2023-04-19,9349
6226,光鼎,20,0,20,華南永昌-板橋,2023-04-19,9349
2453,凌群,20,1,19,華南永昌-板橋,2023-04-19,9349
2409,友達,19,3,16,華南永昌-板橋,2023-04-19,9349
2371,大同,15,0,15,華南永昌-板橋,2023-04-19,9349
0056,元大高股息,14,0,14,華南永昌-板橋,2023-04-19,9349
1513,中興電,21,7,14,華南永昌-板橋,2023-04-19,9349
8222,寶一,34,20,14,華南永昌-板橋,2023-04-19,9349
00888,永豐台灣ESG,14,0,14,華南永昌-板橋,2023-04-19,9349
1605,華新,42,28,14,華南永昌-板橋,2023-04-19,9349
6770,力積電,22,8,14,華南永昌-板橋,2023-04-19,9349
00881,國泰台灣5G+,13,0,13,華南永昌-板橋,2023-04-19,9349
5452,佶優,21,8,13,華南永昌-板橋,2023-04-19,9349
3356,奇偶,13,0,13,華南永昌-板橋,2023-04-19,9349
4961,天鈺,14,1,13,華南永昌-板橋,2023-04-19,9349
00900,富邦特選高股息30,12,0,12,華南永昌-板橋,2023-04-19,9349
3576,聯合再生,77,65,12,華南永昌-板橋,2023-04-19,9349
6719,力智,24,12,12,華南永昌-板橋,2023-04-19,9349
2313,華通,11,0,11,華南永昌-板橋,2023-04-19,9349
6209,今國光,14,3,11,華南永昌-板橋,2023-04-19,9349
00885,富邦越南,10,0,10,華南永昌-板橋,2023-04-19,9349
00922,國泰台灣領袖50,10,0,10,華南永昌-板橋,2023-04-19,9349
1802,台玻,10,0,10,華南永昌-板橋,2023-04-19,9349
2009,第一銅,15,5,10,華南永昌-板橋,2023-04-19,9349
2388,威盛,12,2,10,華南永昌-板橋,2023-04-19,9349
4162,智擎,10,0,10,華南永昌-板橋,2023-04-19,9349
6129,普誠,10,0,10,華南永昌-板橋,2023-04-19,9349
2303,聯電,10,1,9,華南永昌-板橋,2023-04-19,9349
2406,國碩,9,1,8,華南永昌-板橋,2023-04-19,9349
2495,普安,8,0,8,華南永昌-板橋,2023-04-19,9349
2515,中工,17,9,8,華南永昌-板橋,2023-04-19,9349
2891,中信金,8,0,8,華南永昌-板橋,2023-04-19,9349
6163,華電網,10,2,8,華南永昌-板橋,2023-04-19,9349
6751,智聯服務,9,1,8,華南永昌-板橋,2023-04-19,9349
2317,鴻海,8,1,7,華南永昌-板橋,2023-04-19,9349
1609,大亞,27,20,7,華南永昌-板橋,2023-04-19,9349
2409,友達,239,10,229,華南永昌-板橋,2023-04-20,9349
4102,永日,170,0,170,華南永昌-板橋,2023-04-20,9349
2438,翔耀,138,0,138,華南永昌-板橋,2023-04-20,9349
1522,堤維西,119,0,119,華南永昌-板橋,2023-04-20,9349
3576,聯合再生,103,1,102,華南永昌-板橋,2023-04-20,9349
6285,啟��,96,8,88,華南永昌-板橋,2023-04-20,9349
6282,康舒,168,109,59,華南永昌-板橋,2023-04-20,9349
1504,東元,81,26,55,華南永昌-板橋,2023-04-20,9349
4116,明基醫,46,0,46,華南永昌-板橋,2023-04-20,9349
2498,宏達電,40,1,39,華南永昌-板橋,2023-04-20,9349
6288,聯嘉,41,4,37,華南永昌-板橋,2023-04-20,9349
2324,仁寶,36,0,36,華南永昌-板橋,2023-04-20,9349
2630,亞航,29,0,29,華南永昌-板橋,2023-04-20,9349
6770,力積電,28,2,26,華南永昌-板橋,2023-04-20,9349
00878,國泰永續高股息,23,0,23,華南永昌-板橋,2023-04-20,9349
2618,長榮航,23,1,22,華南永昌-板橋,2023-04-20,9349
5353,台林,22,0,22,華南永昌-板橋,2023-04-20,9349
6411,晶焱,22,1,21,華南永昌-板橋,2023-04-20,9349
0056,元大高股息,21,0,21,華南永昌-板橋,2023-04-20,9349
2457,飛宏,95,75,20,華南永昌-板橋,2023-04-20,9349
8038,長園科,20,0,20,華南永昌-板橋,2023-04-20,9349
00720B,元大投資級公司債,20,2,18,華南永昌-板橋,2023-04-20,9349
6443,元晶,19,1,18,華南永昌-板橋,2023-04-20,9349
00683L,期元大美元指正2,17,0,17,華南永昌-板橋,2023-04-20,9349
3479,安勤,20,4,16,華南永昌-板橋,2023-04-20,9349
6183,關貿,15,0,15,華南永昌-板橋,2023-04-20,9349
2444,兆勁,14,0,14,華南永昌-板橋,2023-04-20,9349
3207,耀勝,14,0,14,華南永昌-板橋,2023-04-20,9349
3231,緯創,30,16,14,華南永昌-板橋,2023-04-20,9349
2484,希華,15,2,13,華南永昌-板橋,2023-04-20,9349
1101,台泥,12,0,12,華南永昌-板橋,2023-04-20,9349
1444,力麗,12,0,12,華南永昌-板橋,2023-04-20,9349
5210,寶碩,12,0,12,華南永昌-板橋,2023-04-20,9349
00772B,中信高評級公司債,11,0,11,華南永昌-板橋,2023-04-20,9349
3521,鴻翊,11,0,11,華南永昌-板橋,2023-04-20,9349
3532,台勝科,11,0,11,華南永昌-板橋,2023-04-20,9349
3673,TPK-KY,13,2,11,華南永昌-板橋,2023-04-20,9349
4934,太極,19,8,11,華南永昌-板橋,2023-04-20,9349
8097,常珵,10,0,10,華南永昌-板橋,2023-04-20,9349
00669R,國泰美國道瓊反1,10,0,10,華南永昌-板橋,2023-04-20,9349
2344,華邦電,10,0,10,華南永昌-板橋,2023-04-20,9349
2353,宏��,10,0,10,華南永昌-板橋,2023-04-20,9349
2609,陽明,21,11,10,華南永昌-板橋,2023-04-20,9349
3362,先進光,10,0,10,華南永昌-板橋,2023-04-20,9349
3552,同致,10,0,10,華南永昌-板橋,2023-04-20,9349
3710,連展投控,10,0,10,華南永昌-板橋,2023-04-20,9349
6109,亞元,20,10,10,華南永昌-板橋,2023-04-20,9349
6129,普誠,10,0,10,華南永昌-板橋,2023-04-20,9349
00679B,元大美債20年,9,0,9,華南永昌-板橋,2023-04-20,9349
6112,邁達特,9,0,9,華南永昌-板橋,2023-04-20,9349
2409,友達,517,292,225,華南永昌-板橋,2023-04-21,9349
2634,漢翔,310,90,220,華南永昌-板橋,2023-04-21,9349
1522,堤維西,186,0,186,華南永昌-板橋,2023-04-21,9349
3501,維熹,121,22,99,華南永昌-板橋,2023-04-21,9349
2610,華航,39,0,39,華南永昌-板橋,2023-04-21,9349
2913,農林,46,12,34,華南永昌-板橋,2023-04-21,9349
5353,台林,36,3,33,華南永昌-板橋,2023-04-21,9349
00878,國泰永續高股息,33,1,32,華南永昌-板橋,2023-04-21,9349
1810,和成,30,0,30,華南永昌-板橋,2023-04-21,9349
2486,一詮,31,1,30,華南永昌-板橋,2023-04-21,9349
3466,德晉,30,0,30,華南永昌-板橋,2023-04-21,9349
0056,元大高股息,29,0,29,華南永昌-板橋,2023-04-21,9349
3058,立德,34,5,29,華南永昌-板橋,2023-04-21,9349
2609,陽明,32,5,27,華南永昌-板橋,2023-04-21,9349
4743,合一,25,1,24,華南永昌-板橋,2023-04-21,9349
2206,三陽工業,31,8,23,華南永昌-板橋,2023-04-21,9349
1314,中石化,21,0,21,華南永昌-板橋,2023-04-21,9349
1108,幸福,20,0,20,華南永昌-板橋,2023-04-21,9349
1907,永豐餘,24,4,20,華南永昌-板橋,2023-04-21,9349
8201,無敵,20,0,20,華南永昌-板橋,2023-04-21,9349
8081,致新,20,0,20,華南永昌-板橋,2023-04-21,9349
4934,太極,18,0,18,華南永昌-板橋,2023-04-21,9349
00669R,國泰美國道瓊反1,17,0,17,華南永昌-板橋,2023-04-21,9349
2303,聯電,19,3,16,華南永昌-板橋,2023-04-21,9349
2630,亞航,16,0,16,華南永昌-板橋,2023-04-21,9349
2736,富野,16,0,16,華南永昌-板橋,2023-04-21,9349
6271,同欣電,18,2,16,華南永昌-板橋,2023-04-21,9349
2603,長榮,21,7,14,華南永昌-板橋,2023-04-21,9349
6182,合晶,14,0,14,華南永昌-板橋,2023-04-21,9349
2884,玉山金,14,1,13,華南永昌-板橋,2023-04-21,9349
00720B,元大投資級公司債,14,2,12,華南永昌-板橋,2023-04-21,9349
00772B,中信高評級公司債,12,0,12,華南永昌-板橋,2023-04-21,9349
1710,東聯,27,15,12,華南永昌-板橋,2023-04-21,9349
2352,佳世達,14,2,12,華南永昌-板橋,2023-04-21,9349
2342,茂矽,11,0,11,華南永昌-板橋,2023-04-21,9349
2449,京元電子,13,2,11,華南永昌-板橋,2023-04-21,9349
3149,正達,11,0,11,華南永昌-板橋,2023-04-21,9349
3207,耀勝,11,0,11,華南永昌-板橋,2023-04-21,9349
3520,華盈,11,0,11,華南永昌-板橋,2023-04-21,9349
6138,茂達,11,0,11,華南永昌-板橋,2023-04-21,9349
1101,台泥,21,11,10,華南永昌-板橋,2023-04-21,9349
1310,台苯,20,10,10,華南永昌-板橋,2023-04-21,9349
1301,台塑,11,1,10,華南永昌-板橋,2023-04-21,9349
1712,興農,10,0,10,華南永昌-板橋,2023-04-21,9349
2428,興勤,10,0,10,華南永昌-板橋,2023-04-21,9349
2890,永豐金,10,0,10,華南永昌-板橋,2023-04-21,9349
3704,合勤控,14,4,10,華南永昌-板橋,2023-04-21,9349
4513,福裕,10,0,10,華南永昌-板橋,2023-04-21,9349
5225,東科-KY,10,0,10,華南永昌-板橋,2023-04-21,9349
5289,宜鼎,16,6,10,華南永昌-板橋,2023-04-21,9349
2438,翔耀,166,0,166,華南永昌-板橋,2023-04-24,9349
2457,飛宏,165,36,129,華南永昌-板橋,2023-04-24,9349
8088,品安,250,135,115,華南永昌-板橋,2023-04-24,9349
1904,正隆,97,19,78,華南永昌-板橋,2023-04-24,9349
6285,啟��,51,0,51,華南永昌-板橋,2023-04-24,9349
2409,友達,45,0,45,華南永昌-板橋,2023-04-24,9349
2913,農林,59,17,42,華南永昌-板橋,2023-04-24,9349
6282,康舒,204,168,36,華南永昌-板橋,2023-04-24,9349
00878,國泰永續高股息,51,16,35,華南永昌-板橋,2023-04-24,9349
4768,晶呈科技,31,0,31,華南永昌-板橋,2023-04-24,9349
1444,力麗,30,2,28,華南永昌-板橋,2023-04-24,9349
1605,華新,50,23,27,華南永昌-板橋,2023-04-24,9349
2313,華通,34,9,25,華南永昌-板橋,2023-04-24,9349
6477,安集,36,11,25,華南永昌-板橋,2023-04-24,9349
00637L,元大滬深300正2,19,0,19,華南永昌-板橋,2023-04-24,9349
8147,正淩,18,0,18,華南永昌-板橋,2023-04-24,9349
2453,凌群,26,9,17,華南永昌-板橋,2023-04-24,9349
3481,群創,20,3,17,華南永昌-板橋,2023-04-24,9349
4142,國光生,17,0,17,華南永昌-板橋,2023-04-24,9349
2427,三商電,15,0,15,華南永昌-板橋,2023-04-24,9349
00720B,元大投資級公司債,13,0,13,華南永昌-板橋,2023-04-24,9349
2314,台揚,13,0,13,華南永昌-板橋,2023-04-24,9349
8222,寶一,12,0,12,華南永昌-板橋,2023-04-24,9349
2344,華邦電,14,2,12,華南永昌-板橋,2023-04-24,9349
3444,利機,19,7,12,華南永昌-板橋,2023-04-24,9349
5009,榮剛,14,2,12,華南永昌-板橋,2023-04-24,9349
3501,維熹,21,10,11,華南永昌-板橋,2023-04-24,9349
1217,愛之味,10,0,10,華南永昌-板橋,2023-04-24,9349
2102,泰豐,10,0,10,華南永昌-板橋,2023-04-24,9349
2504,國產,10,0,10,華南永昌-板橋,2023-04-24,9349
3419,譁裕,10,0,10,華南永昌-板橋,2023-04-24,9349
3504,揚明光,10,0,10,華南永昌-板橋,2023-04-24,9349
8249,菱光,10,0,10,華南永昌-板橋,2023-04-24,9349
2009,第一銅,10,1,9,華南永昌-板橋,2023-04-24,9349
3056,富華新,10,1,9,華南永昌-板橋,2023-04-24,9349
3078,僑威,14,5,9,華南永昌-板橋,2023-04-24,9349
6235,華孚,22,13,9,華南永昌-板橋,2023-04-24,9349
2603,長榮,9,0,9,華南永昌-板橋,2023-04-24,9349
2615,萬海,10,2,8,華南永昌-板橋,2023-04-24,9349
3592,瑞鼎,8,0,8,華南永昌-板橋,2023-04-24,9349
2388,威盛,7,0,7,華南永昌-板橋,2023-04-24,9349
3035,智原,42,35,7,華南永昌-板橋,2023-04-24,9349
3058,立德,7,0,7,華南永昌-板橋,2023-04-24,9349
2317,鴻海,7,0,7,華南永昌-板橋,2023-04-24,9349
0056,元大高股息,6,0,6,華南永昌-板橋,2023-04-24,9349
00683L,期元大美元指正2,6,0,6,華南永昌-板橋,2023-04-24,9349
2367,燿華,6,0,6,華南永昌-板橋,2023-04-24,9349
2471,資通,7,1,6,華南永昌-板橋,2023-04-24,9349
4541,晟田,27,21,6,華南永昌-板橋,2023-04-24,9349
8033,雷虎,6,0,6,華南永昌-板橋,2023-04-24,9349
2634,漢翔,371,43,328,華南永昌-板橋,2023-04-25,9349
2438,翔耀,110,0,110,華南永昌-板橋,2023-04-25,9349
2371,大同,112,3,109,華南永昌-板橋,2023-04-25,9349
2426,鼎元,105,0,105,華南永昌-板橋,2023-04-25,9349
00878,國泰永續高股息,114,30,84,華南永昌-板橋,2023-04-25,9349
2409,友達,100,21,79,華南永昌-板橋,2023-04-25,9349
2610,華航,52,3,49,華南永昌-板橋,2023-04-25,9349
2482,連宇,51,19,32,華南永昌-板橋,2023-04-25,9349
0056,元大高股息,34,4,30,華南永昌-板橋,2023-04-25,9349
1101,台泥,32,2,30,華南永昌-板橋,2023-04-25,9349
4743,合一,31,1,30,華南永昌-板橋,2023-04-25,9349
6134,萬旭,24,0,24,華南永昌-板橋,2023-04-25,9349
4967,十銓,62,39,23,華南永昌-板橋,2023-04-25,9349
5302,太欣,23,0,23,華南永昌-板橋,2023-04-25,9349
2027,大成鋼,22,0,22,華南永昌-板橋,2023-04-25,9349
3231,緯創,26,4,22,華南永昌-板橋,2023-04-25,9349
2324,仁寶,21,0,21,華南永昌-板橋,2023-04-25,9349
1711,永光,47,27,20,華南永昌-板橋,2023-04-25,9349
1503,士電,28,9,19,華南永昌-板橋,2023-04-25,9349
2743,山富,17,0,17,華南永昌-板橋,2023-04-25,9349
00900,富邦特選高股息30,15,0,15,華南永昌-板橋,2023-04-25,9349
020022,元大電動車N,15,0,15,華南永昌-板橋,2023-04-25,9349
3207,耀勝,15,0,15,華南永昌-板橋,2023-04-25,9349
3466,德晉,15,0,15,華南永昌-板橋,2023-04-25,9349
2471,資通,19,5,14,華南永昌-板橋,2023-04-25,9349
00637L,元大滬深300正2,13,0,13,華南永昌-板橋,2023-04-25,9349
00922,國泰台灣領袖50,12,0,12,華南永昌-板橋,2023-04-25,9349
1611,中電,13,1,12,華南永昌-板橋,2023-04-25,9349
6770,力積電,13,1,12,華南永昌-板橋,2023-04-25,9349
3048,益登,12,1,11,華南永昌-板橋,2023-04-25,9349
6244,茂迪,16,5,11,華南永昌-板橋,2023-04-25,9349
2884,玉山金,10,0,10,華南永昌-板橋,2023-04-25,9349
00648R,元大S＆P500反1,10,0,10,華南永昌-板橋,2023-04-25,9349
00753L,中信中國50正2,10,0,10,華南永昌-板橋,2023-04-25,9349
1712,興農,20,10,10,華南永昌-板橋,2023-04-25,9349
1809,中釉,10,0,10,華南永昌-板橋,2023-04-25,9349
2367,燿華,10,0,10,華南永昌-板橋,2023-04-25,9349
3217,優群,10,0,10,華南永昌-板橋,2023-04-25,9349
4977,眾達-KY,13,3,10,華南永昌-板橋,2023-04-25,9349
6176,瑞儀,10,0,10,華南永昌-板橋,2023-04-25,9349
6443,元晶,10,0,10,華南永昌-板橋,2023-04-25,9349
6535,順藥,10,0,10,華南永昌-板橋,2023-04-25,9349
8409,商之器,10,0,10,華南永昌-板橋,2023-04-25,9349
1569,濱川,9,0,9,華南永昌-板橋,2023-04-25,9349
2399,映泰,20,11,9,華南永昌-板橋,2023-04-25,9349
3294,英濟,13,4,9,華南永昌-板橋,2023-04-25,9349
6190,萬泰科,9,0,9,華南永昌-板橋,2023-04-25,9349
6209,今國光,16,7,9,華南永昌-板橋,2023-04-25,9349
2032,新鋼,8,0,8,華南永昌-板橋,2023-04-25,9349
2344,華邦電,12,4,8,華南永昌-板橋,2023-04-25,9349
2002,中鋼,143,2,141,華南永昌-板橋,2023-04-26,9349
2409,友達,59,0,59,華南永昌-板橋,2023-04-26,9349
1301,台塑,50,0,50,華南永昌-板橋,2023-04-26,9349
2610,華航,47,0,47,華南永昌-板橋,2023-04-26,9349
4967,十銓,65,35,30,華南永昌-板橋,2023-04-26,9349
6770,力積電,29,4,25,華南永昌-板橋,2023-04-26,9349
2609,陽明,29,4,25,華南永昌-板橋,2023-04-26,9349
2634,漢翔,62,38,24,華南永昌-板橋,2023-04-26,9349
2603,長榮,25,2,23,華南永昌-板橋,2023-04-26,9349
2882,國泰金,22,0,22,華南永昌-板橋,2023-04-26,9349
3444,利機,21,0,21,華南永昌-板橋,2023-04-26,9349
1714,和桐,20,0,20,華南永昌-板橋,2023-04-26,9349
3494,誠研,20,0,20,華南永昌-板橋,2023-04-26,9349
2498,宏達電,20,0,20,華南永昌-板橋,2023-04-26,9349
00679B,元大美債20年,17,0,17,華南永昌-板橋,2023-04-26,9349
2457,飛宏,71,54,17,華南永昌-板橋,2023-04-26,9349
4768,晶呈科技,16,1,15,華南永昌-板橋,2023-04-26,9349
2303,聯電,15,1,14,華南永昌-板橋,2023-04-26,9349
3324,雙鴻,43,29,14,華南永昌-板橋,2023-04-26,9349
6182,合晶,14,0,14,華南永昌-板橋,2023-04-26,9349
1503,士電,23,11,12,華南永昌-板橋,2023-04-26,9349
1560,中砂,11,0,11,華南永昌-板橋,2023-04-26,9349
2883,凱基金,15,4,11,華南永昌-板橋,2023-04-26,9349
3532,台勝科,10,0,10,華南永昌-板橋,2023-04-26,9349
00885,富邦越南,10,0,10,華南永昌-板橋,2023-04-26,9349
00637L,元大滬深300正2,10,0,10,華南永昌-板橋,2023-04-26,9349
2399,映泰,10,0,10,華南永昌-板橋,2023-04-26,9349
2913,農林,26,16,10,華南永昌-板橋,2023-04-26,9349
3031,佰鴻,10,0,10,華南永昌-板橋,2023-04-26,9349
3419,譁裕,10,0,10,華南永昌-板橋,2023-04-26,9349
4116,明基醫,10,0,10,華南永昌-板橋,2023-04-26,9349
4950,牧東,10,0,10,華南永昌-板橋,2023-04-26,9349
6541,泰福-KY,10,0,10,華南永昌-板橋,2023-04-26,9349
6669,緯穎,26,16,10,華南永昌-板橋,2023-04-26,9349
8277,商丞,10,0,10,華南永昌-板橋,2023-04-26,9349
1609,大亞,22,13,9,華南永昌-板橋,2023-04-26,9349
2486,一詮,10,1,9,華南永昌-板橋,2023-04-26,9349
0056,元大高股息,8,0,8,華南永昌-板橋,2023-04-26,9349
1810,和成,8,0,8,華南永昌-板橋,2023-04-26,9349
3231,緯創,23,15,8,華南永昌-板橋,2023-04-26,9349
3479,安勤,8,0,8,華南永昌-板橋,2023-04-26,9349
8038,長園科,8,0,8,華南永昌-板橋,2023-04-26,9349
1905,華紙,47,39,8,華南永昌-板橋,2023-04-26,9349
1310,台苯,17,10,7,華南永昌-板橋,2023-04-26,9349
5009,榮剛,17,10,7,華南永昌-板橋,2023-04-26,9349
6461,益得,7,0,7,華南永昌-板橋,2023-04-26,9349
3035,智原,47,41,6,華南永昌-板橋,2023-04-26,9349
6197,佳必琪,6,0,6,華南永昌-板橋,2023-04-26,9349
1229,聯華,5,0,5,華南永昌-板橋,2023-04-26,9349
3711,日月光投控,5,0,5,華南永昌-板橋,2023-04-26,9349
00632R,元大台灣50反1,2001,4,1997,華南永昌-板橋,2023-04-27,9349
2409,友達,79,3,76,華南永昌-板橋,2023-04-27,9349
1905,華紙,78,12,66,華南永昌-板橋,2023-04-27,9349
8215,明基材,51,0,51,華南永昌-板橋,2023-04-27,9349
4720,德淵,43,0,43,華南永昌-板橋,2023-04-27,9349
2429,銘旺科,35,0,35,華南永昌-板橋,2023-04-27,9349
4967,十銓,61,36,25,華南永昌-板橋,2023-04-27,9349
2515,中工,25,3,22,華南永昌-板橋,2023-04-27,9349
2634,漢翔,83,65,18,華南永昌-板橋,2023-04-27,9349
00720B,元大投資級公司債,17,0,17,華南永昌-板橋,2023-04-27,9349
2329,華泰,15,0,15,華南永昌-板橋,2023-04-27,9349
8383,千附,15,0,15,華南永昌-板橋,2023-04-27,9349
1711,永光,78,64,14,華南永昌-板橋,2023-04-27,9349
2208,台船,14,1,13,華南永昌-板橋,2023-04-27,9349
00772B,中信高評級公司債,12,0,12,華南永昌-板橋,2023-04-27,9349
2002,中鋼,14,3,11,華南永昌-板橋,2023-04-27,9349
2426,鼎元,11,0,11,華南永昌-板橋,2023-04-27,9349
5222,全訊,12,1,11,華南永昌-板橋,2023-04-27,9349
1217,愛之味,10,0,10,華南永昌-板橋,2023-04-27,9349
1717,長興,10,0,10,華南永昌-板橋,2023-04-27,9349
1721,三晃,44,34,10,華南永昌-板橋,2023-04-27,9349
2892,第一金,10,0,10,華南永昌-板橋,2023-04-27,9349
4102,永日,10,0,10,華南永昌-板橋,2023-04-27,9349
4702,中美實,10,0,10,華南永昌-板橋,2023-04-27,9349
4950,牧東,10,0,10,華南永昌-板橋,2023-04-27,9349
6127,九豪,10,0,10,華南永昌-板橋,2023-04-27,9349
1101,台泥,12,2,10,華南永昌-板橋,2023-04-27,9349
8155,博智,10,0,10,華南永昌-板橋,2023-04-27,9349
8046,南電,9,0,9,華南永昌-板橋,2023-04-27,9349
2206,三陽工業,14,5,9,華南永昌-板橋,2023-04-27,9349
3037,欣興,9,0,9,華南永昌-板橋,2023-04-27,9349
4979,華星光,10,1,9,華南永昌-板橋,2023-04-27,9349
00715L,期街口布蘭特正2,8,0,8,華南永昌-板橋,2023-04-27,9349
4157,太景*-KY,8,0,8,華南永昌-板橋,2023-04-27,9349
7402,邑錡,9,1,8,華南永昌-板橋,2023-04-27,9349
1605,華新,35,28,7,華南永昌-板橋,2023-04-27,9349
1710,東聯,9,2,7,華南永昌-板橋,2023-04-27,9349
2457,飛宏,63,56,7,華南永昌-板橋,2023-04-27,9349
3346,麗清,7,0,7,華南永昌-板橋,2023-04-27,9349
1503,士電,8,2,6,華南永昌-板橋,2023-04-27,9349
2027,大成鋼,6,0,6,華南永昌-板橋,2023-04-27,9349
3207,耀勝,6,0,6,華南永昌-板橋,2023-04-27,9349
3466,德晉,15,9,6,華南永昌-板橋,2023-04-27,9349
6770,力積電,7,1,6,華南永昌-板橋,2023-04-27,9349
1906,寶隆,5,0,5,華南永昌-板橋,2023-04-27,9349
2327,國巨,15,10,5,華南永昌-板橋,2023-04-27,9349
3105,穩懋,5,0,5,華南永昌-板橋,2023-04-27,9349
3552,同致,5,0,5,華南永昌-板橋,2023-04-27,9349
3704,合勤控,5,0,5,華南永昌-板橋,2023-04-27,9349
6451,訊芯-KY,5,0,5,華南永昌-板橋,2023-04-27,9349
6127,九豪,215,5,210,華南永昌-板橋,2023-04-28,9349
2880,華南金,174,33,141,華南永昌-板橋,2023-04-28,9349
2409,友達,139,2,137,華南永昌-板橋,2023-04-28,9349
2438,翔耀,127,0,127,華南永昌-板橋,2023-04-28,9349
8215,明基材,50,0,50,華南永昌-板橋,2023-04-28,9349
2609,陽明,52,4,48,華南永昌-板橋,2023-04-28,9349
2426,鼎元,46,0,46,華南永昌-板橋,2023-04-28,9349
0056,元大高股息,41,0,41,華南永昌-板橋,2023-04-28,9349
1718,中纖,40,0,40,華南永昌-板橋,2023-04-28,9349
5009,榮剛,67,27,40,華南永昌-板橋,2023-04-28,9349
00679B,元大美債20年,39,0,39,華南永昌-板橋,2023-04-28,9349
8222,寶一,51,16,35,華南永昌-板橋,2023-04-28,9349
2801,彰銀,22,0,22,華南永昌-板橋,2023-04-28,9349
00751B,元大AAA至A公司債,21,0,21,華南永昌-板橋,2023-04-28,9349
2402,毅嘉,31,10,21,華南永昌-板橋,2023-04-28,9349
4768,晶呈科技,27,6,21,華南永昌-板橋,2023-04-28,9349
6538,倉和,20,1,19,華南永昌-板橋,2023-04-28,9349
00878,國泰永續高股息,19,2,17,華南永昌-板橋,2023-04-28,9349
6266,泰詠,17,1,16,華南永昌-板橋,2023-04-28,9349
3481,群創,24,8,16,華南永昌-板橋,2023-04-28,9349
1101,台泥,16,1,15,華南永昌-板橋,2023-04-28,9349
2913,農林,15,0,15,華南永昌-板橋,2023-04-28,9349
8050,廣積,40,25,15,華南永昌-板橋,2023-04-28,9349
3038,全台,21,6,15,華南永昌-板橋,2023-04-28,9349
1721,三晃,16,3,13,華南永昌-板橋,2023-04-28,9349
4961,天鈺,17,4,13,華南永昌-板橋,2023-04-28,9349
4968,立積,44,31,13,華南永昌-板橋,2023-04-28,9349
6269,台郡,13,0,13,華南永昌-板橋,2023-04-28,9349
2002,中鋼,13,1,12,華南永昌-板橋,2023-04-28,9349
2208,台船,13,2,11,華南永昌-板橋,2023-04-28,9349
1810,和成,11,1,10,華南永昌-板橋,2023-04-28,9349
2102,泰豐,10,0,10,華南永昌-板橋,2023-04-28,9349
2332,友訊,10,0,10,華南永昌-板橋,2023-04-28,9349
2427,三商電,10,0,10,華南永昌-板橋,2023-04-28,9349
2476,鉅祥,10,0,10,華南永昌-板橋,2023-04-28,9349
3078,僑威,12,2,10,華南永昌-板橋,2023-04-28,9349
4967,十銓,16,6,10,華南永昌-板橋,2023-04-28,9349
2388,威盛,14,5,9,華南永昌-板橋,2023-04-28,9349
4916,事欣科,20,11,9,華南永昌-板橋,2023-04-28,9349
5243,乙盛-KY,10,1,9,華南永昌-板橋,2023-04-28,9349
8016,矽創,9,0,9,華南永昌-板橋,2023-04-28,9349
00669R,國泰美國道瓊反1,8,0,8,華南永昌-板橋,2023-04-28,9349
2736,富野,8,0,8,華南永昌-板橋,2023-04-28,9349
1711,永光,51,44,7,華南永昌-板橋,2023-04-28,9349
3228,金麗科,10,3,7,華南永昌-板橋,2023-04-28,9349
6282,康舒,28,21,7,華南永昌-板橋,2023-04-28,9349
00900,富邦特選高股息30,9,3,6,華南永昌-板橋,2023-04-28,9349
00753L,中信中國50正2,6,0,6,華南永昌-板橋,2023-04-28,9349
2356,英業達,7,1,6,華南永昌-板橋,2023-04-28,9349
1310,台苯,12,7,5,華南永昌-板橋,2023-04-28,9349
00720B,元大投資級公司債,433,0,433,華南永昌-板橋,2023-05-02,9349
00665L,富邦�琤肭磪囓�2,200,0,200,華南永昌-板橋,2023-05-02,9349
2634,漢翔,207,46,161,華南永昌-板橋,2023-05-02,9349
1528,恩德,79,10,69,華南永昌-板橋,2023-05-02,9349
6111,大宇資,63,2,61,華南永昌-板橋,2023-05-02,9349
2880,華南金,99,41,58,華南永昌-板橋,2023-05-02,9349
1809,中釉,46,2,44,華南永昌-板橋,2023-05-02,9349
3479,安勤,45,3,42,華南永昌-板橋,2023-05-02,9349
1514,亞力,39,6,33,華南永昌-板橋,2023-05-02,9349
2206,三陽工業,51,18,33,華南永昌-板橋,2023-05-02,9349
2426,鼎元,30,0,30,華南永昌-板橋,2023-05-02,9349
9105,泰金寶-DR,35,5,30,華南永昌-板橋,2023-05-02,9349
2882,國泰金,29,0,29,華南永昌-板橋,2023-05-02,9349
5009,榮剛,32,6,26,華南永昌-板橋,2023-05-02,9349
1605,華新,36,13,23,華南永昌-板橋,2023-05-02,9349
3481,群創,33,10,23,華南永昌-板橋,2023-05-02,9349
5222,全訊,28,5,23,華南永昌-板橋,2023-05-02,9349
2801,彰銀,22,1,21,華南永昌-板橋,2023-05-02,9349
4102,永日,20,0,20,華南永昌-板橋,2023-05-02,9349
4114,健喬,20,0,20,華南永昌-板橋,2023-05-02,9349
3231,緯創,55,37,18,華南永昌-板橋,2023-05-02,9349
6282,康舒,18,1,17,華南永昌-板橋,2023-05-02,9349
6285,啟��,50,33,17,華南永昌-板橋,2023-05-02,9349
1905,華紙,73,57,16,華南永昌-板橋,2023-05-02,9349
4121,優盛,16,0,16,華南永昌-板橋,2023-05-02,9349
2603,長榮,18,3,15,華南永昌-板橋,2023-05-02,9349
2201,裕隆,20,5,15,華南永昌-板橋,2023-05-02,9349
00751B,元大AAA至A公司債,13,0,13,華南永昌-板橋,2023-05-02,9349
00772B,中信高評級公司債,12,0,12,華南永昌-板橋,2023-05-02,9349
1720,生達,11,0,11,華南永昌-板橋,2023-05-02,9349
2402,毅嘉,16,5,11,華南永昌-板橋,2023-05-02,9349
5498,凱崴,11,0,11,華南永昌-板橋,2023-05-02,9349
1316,上曜,10,0,10,華南永昌-板橋,2023-05-02,9349
3027,盛達,10,0,10,華南永昌-板橋,2023-05-02,9349
4953,緯軟,10,0,10,華南永昌-板橋,2023-05-02,9349
8155,博智,10,0,10,華南永昌-板橋,2023-05-02,9349
00878,國泰永續高股息,12,3,9,華南永昌-板橋,2023-05-02,9349
1802,台玻,9,0,9,華南永昌-板橋,2023-05-02,9349
3032,偉訓,11,2,9,華南永昌-板橋,2023-05-02,9349
4541,晟田,13,4,9,華南永昌-板橋,2023-05-02,9349
4763,材料-KY,14,5,9,華南永昌-板橋,2023-05-02,9349
2327,國巨,9,1,8,華南永昌-板橋,2023-05-02,9349
2482,連宇,17,9,8,華南永昌-板橋,2023-05-02,9349
3202,樺晟,8,0,8,華南永昌-板橋,2023-05-02,9349
3704,合勤控,10,3,7,華南永昌-板橋,2023-05-02,9349
4438,廣越,7,0,7,華南永昌-板橋,2023-05-02,9349
00670L,富邦NASDAQ正2,6,0,6,華南永昌-板橋,2023-05-02,9349
00669R,國泰美國道瓊反1,8,2,6,華南永昌-板橋,2023-05-02,9349
2453,凌群,7,1,6,華南永昌-板橋,2023-05-02,9349
3710,連展投控,6,0,6,華南永昌-板橋,2023-05-02,9349
4909,新復興,500,0,500,華南永昌-板橋,2023-05-03,9349
00632R,元大台灣50反1,222,1,221,華南永昌-板橋,2023-05-03,9349
1524,耿鼎,81,0,81,華南永昌-板橋,2023-05-03,9349
3479,安勤,64,0,64,華南永昌-板橋,2023-05-03,9349
2426,鼎元,63,0,63,華南永昌-板橋,2023-05-03,9349
00642U,期元大S＆P石油,46,0,46,華南永昌-板橋,2023-05-03,9349
4720,德淵,45,0,45,華南永昌-板橋,2023-05-03,9349
2438,翔耀,45,1,44,華南永昌-板橋,2023-05-03,9349
1909,榮成,38,0,38,華南永昌-板橋,2023-05-03,9349
2331,精英,42,4,38,華南永昌-板橋,2023-05-03,9349
00878,國泰永續高股息,44,7,37,華南永昌-板橋,2023-05-03,9349
2801,彰銀,31,0,31,華南永昌-板橋,2023-05-03,9349
00683L,期元大美元指正2,30,0,30,華南永昌-板橋,2023-05-03,9349
9962,有益,30,0,30,華南永昌-板橋,2023-05-03,9349
2208,台船,33,4,29,華南永昌-板橋,2023-05-03,9349
3324,雙鴻,28,2,26,華南永昌-板橋,2023-05-03,9349
4768,晶呈科技,35,11,24,華南永昌-板橋,2023-05-03,9349
1528,恩德,28,5,23,華南永昌-板橋,2023-05-03,9349
2609,陽明,25,3,22,華南永昌-板橋,2023-05-03,9349
2603,長榮,22,1,21,華南永昌-板橋,2023-05-03,9349
2344,華邦電,23,2,21,華南永昌-板橋,2023-05-03,9349
1316,上曜,20,0,20,華南永昌-板橋,2023-05-03,9349
1463,強盛新,20,0,20,華南永昌-板橋,2023-05-03,9349
1714,和桐,20,0,20,華南永昌-板橋,2023-05-03,9349
4541,晟田,25,5,20,華南永昌-板橋,2023-05-03,9349
6443,元晶,18,0,18,華南永昌-板橋,2023-05-03,9349
2330,台積電,18,1,17,華南永昌-板橋,2023-05-03,9349
3481,群創,19,3,16,華南永昌-板橋,2023-05-03,9349
2736,富野,16,0,16,華南永昌-板橋,2023-05-03,9349
2882,國泰金,16,0,16,華南永昌-板橋,2023-05-03,9349
1711,永光,18,3,15,華南永昌-板橋,2023-05-03,9349
6538,倉和,25,10,15,華南永昌-板橋,2023-05-03,9349
3419,譁裕,75,61,14,華南永昌-板橋,2023-05-03,9349
1570,力肯,12,0,12,華南永昌-板橋,2023-05-03,9349
2913,農林,26,14,12,華南永昌-板橋,2023-05-03,9349
5211,蒙恬,12,0,12,華南永昌-板橋,2023-05-03,9349
6234,高僑,25,13,12,華南永昌-板橋,2023-05-03,9349
5425,台半,11,1,10,華南永昌-板橋,2023-05-03,9349
00715L,期街口布蘭特正2,10,0,10,華南永昌-板橋,2023-05-03,9349
1519,華城,33,23,10,華南永昌-板橋,2023-05-03,9349
2401,凌陽,10,0,10,華南永昌-板橋,2023-05-03,9349
3494,誠研,10,0,10,華南永昌-板橋,2023-05-03,9349
2388,威盛,16,7,9,華南永昌-板橋,2023-05-03,9349
8155,博智,9,0,9,華南永昌-板橋,2023-05-03,9349
1432,大魯閣,8,0,8,華南永昌-板橋,2023-05-03,9349
1101,台泥,9,2,7,華南永昌-板橋,2023-05-03,9349
1591,駿吉-KY,7,0,7,華南永昌-板橋,2023-05-03,9349
2515,中工,7,0,7,華南永昌-板橋,2023-05-03,9349
2610,華航,7,0,7,華南永昌-板橋,2023-05-03,9349
3581,博磊,7,0,7,華南永昌-板橋,2023-05-03,9349
2427,三商電,207,8,199,華南永昌-板橋,2023-05-04,9349
2634,漢翔,193,37,156,華南永昌-板橋,2023-05-04,9349
3033,威健,91,2,89,華南永昌-板橋,2023-05-04,9349
00715L,期街口布蘭特正2,69,0,69,華南永昌-板橋,2023-05-04,9349
2457,飛宏,84,22,62,華南永昌-板橋,2023-05-04,9349
1609,大亞,191,136,55,華南永昌-板橋,2023-05-04,9349
5009,榮剛,67,20,47,華南永昌-板橋,2023-05-04,9349
3419,譁裕,42,2,40,華南永昌-板橋,2023-05-04,9349
3706,神達,30,0,30,華南永昌-板橋,2023-05-04,9349
00878,國泰永續高股息,28,0,28,華南永昌-板橋,2023-05-04,9349
4114,健喬,26,2,24,華南永昌-板橋,2023-05-04,9349
4720,德淵,44,24,20,華南永昌-板橋,2023-05-04,9349
2330,台積電,20,2,18,華南永昌-板橋,2023-05-04,9349
00885,富邦越南,16,0,16,華南永昌-板橋,2023-05-04,9349
3005,神基,20,4,16,華南永昌-板橋,2023-05-04,9349
1312,國喬,15,0,15,華南永昌-板橋,2023-05-04,9349
1217,愛之味,15,0,15,華南永昌-板橋,2023-05-04,9349
4119,旭富,17,2,15,華南永昌-板橋,2023-05-04,9349
3006,晶豪科,17,3,14,華南永昌-板橋,2023-05-04,9349
3581,博磊,14,0,14,華南永昌-板橋,2023-05-04,9349
2409,友達,13,0,13,華南永昌-板橋,2023-05-04,9349
00642U,期元大S＆P石油,12,0,12,華南永昌-板橋,2023-05-04,9349
1308,亞聚,12,0,12,華南永昌-板橋,2023-05-04,9349
2482,連宇,15,4,11,華南永昌-板橋,2023-05-04,9349
3071,協禧,15,4,11,華南永昌-板橋,2023-05-04,9349
6285,啟��,62,51,11,華南永昌-板橋,2023-05-04,9349
00751B,元大AAA至A公司債,10,0,10,華南永昌-板橋,2023-05-04,9349
00720B,元大投資級公司債,10,0,10,華南永昌-板橋,2023-05-04,9349
00633L,富邦上証正2,10,0,10,華南永昌-板橋,2023-05-04,9349
2399,映泰,10,0,10,華南永昌-板橋,2023-05-04,9349
2428,興勤,10,0,10,華南永昌-板橋,2023-05-04,9349
4746,台耀,11,1,10,華南永昌-板橋,2023-05-04,9349
4953,緯軟,10,0,10,華南永昌-板橋,2023-05-04,9349
8261,富鼎,10,0,10,華南永昌-板橋,2023-05-04,9349
2014,中鴻,10,0,10,華南永昌-板橋,2023-05-04,9349
2371,大同,10,1,9,華南永昌-板橋,2023-05-04,9349
4916,事欣科,9,0,9,華南永昌-板橋,2023-05-04,9349
1570,力肯,8,0,8,華南永昌-板橋,2023-05-04,9349
1907,永豐餘,10,2,8,華南永昌-板橋,2023-05-04,9349
4961,天鈺,7,0,7,華南永昌-板橋,2023-05-04,9349
6741,91APP*-KY,12,5,7,華南永昌-板橋,2023-05-04,9349
3481,群創,8,2,6,華南永昌-板橋,2023-05-04,9349
2201,裕隆,11,5,6,華南永昌-板橋,2023-05-04,9349
2327,國巨,9,3,6,華南永昌-板橋,2023-05-04,9349
2353,宏��,10,4,6,華南永昌-板橋,2023-05-04,9349
2419,仲琦,6,0,6,華南永昌-板橋,2023-05-04,9349
3032,偉訓,7,1,6,華南永昌-板橋,2023-05-04,9349
6111,大宇資,6,0,6,華南永昌-板橋,2023-05-04,9349
6443,元晶,6,0,6,華南永昌-板橋,2023-05-04,9349
6776,展�眥篕�,6,0,6,華南永昌-板橋,2023-05-04,9349
00715L,期街口布蘭特正2,56,0,56,華南永昌-板橋,2023-05-05,9349
2457,飛宏,72,21,51,華南永昌-板橋,2023-05-05,9349
00878,國泰永續高股息,45,1,44,華南永昌-板橋,2023-05-05,9349
1529,樂事綠能,45,1,44,華南永昌-板橋,2023-05-05,9349
2438,翔耀,43,0,43,華南永昌-板橋,2023-05-05,9349
4119,旭富,41,0,41,華南永昌-板橋,2023-05-05,9349
1609,大亞,100,60,40,華南永昌-板橋,2023-05-05,9349
5009,榮剛,35,2,33,華南永昌-板橋,2023-05-05,9349
00720B,元大投資級公司債,32,0,32,華南永昌-板橋,2023-05-05,9349
4545,銘鈺,26,0,26,華南永昌-板橋,2023-05-05,9349
00773B,中信優先金融債,21,0,21,華南永昌-板橋,2023-05-05,9349
2610,華航,21,0,21,華南永昌-板橋,2023-05-05,9349
5356,協益,23,3,20,華南永昌-板橋,2023-05-05,9349
8112,至上,20,0,20,華南永昌-板橋,2023-05-05,9349
6245,立端,21,1,20,華南永昌-板橋,2023-05-05,9349
4916,事欣科,19,1,18,華南永昌-板橋,2023-05-05,9349
6589,台康生技,25,7,18,華南永昌-板橋,2023-05-05,9349
00885,富邦越南,14,0,14,華南永昌-板橋,2023-05-05,9349
1504,東元,21,7,14,華南永昌-板橋,2023-05-05,9349
8038,長園科,14,1,13,華南永昌-板橋,2023-05-05,9349
3231,緯創,12,0,12,華南永昌-板橋,2023-05-05,9349
8403,盛弘,16,4,12,華南永昌-板橋,2023-05-05,9349
00751B,元大AAA至A公司債,11,0,11,華南永昌-板橋,2023-05-05,9349
00772B,中信高評級公司債,11,0,11,華南永昌-板橋,2023-05-05,9349
3419,譁裕,16,5,11,華南永昌-板橋,2023-05-05,9349
00690,兆豐藍籌30,10,0,10,華南永昌-板橋,2023-05-05,9349
1909,榮成,10,0,10,華南永昌-板橋,2023-05-05,9349
2331,精英,10,0,10,華南永昌-板橋,2023-05-05,9349
3217,優群,10,0,10,華南永昌-板橋,2023-05-05,9349
4128,中天,10,0,10,華南永昌-板橋,2023-05-05,9349
6669,緯穎,10,0,10,華南永昌-板橋,2023-05-05,9349
8155,博智,10,0,10,華南永昌-板橋,2023-05-05,9349
2353,宏��,10,1,9,華南永昌-板橋,2023-05-05,9349
00679B,元大美債20年,9,0,9,華南永昌-板橋,2023-05-05,9349
2606,裕民,9,0,9,華南永昌-板橋,2023-05-05,9349
2634,漢翔,35,26,9,華南永昌-板橋,2023-05-05,9349
3071,協禧,15,6,9,華南永昌-板橋,2023-05-05,9349
1591,駿吉-KY,8,0,8,華南永昌-板橋,2023-05-05,9349
2645,長榮航太,12,4,8,華南永昌-板橋,2023-05-05,9349
3006,晶豪科,7,0,7,華南永昌-板橋,2023-05-05,9349
2022,聚亨,7,0,7,華南永昌-板橋,2023-05-05,9349
2344,華邦電,8,1,7,華南永昌-板橋,2023-05-05,9349
4942,嘉彰,7,0,7,華南永昌-板橋,2023-05-05,9349
6163,華電網,7,0,7,華南永昌-板橋,2023-05-05,9349
2002,中鋼,7,0,7,華南永昌-板橋,2023-05-05,9349
1802,台玻,6,0,6,華南永昌-板橋,2023-05-05,9349
2358,廷鑫,29,23,6,華南永昌-板橋,2023-05-05,9349
2486,一詮,6,0,6,華南永昌-板橋,2023-05-05,9349
3356,奇偶,8,2,6,華南永昌-板橋,2023-05-05,9349
3596,智易,11,5,6,華南永昌-板橋,2023-05-05,9349
6127,九豪,100,0,100,華南永昌-板橋,2023-05-08,9349
1605,華新,137,40,97,華南永昌-板橋,2023-05-08,9349
1504,東元,189,135,54,華南永昌-板橋,2023-05-08,9349
3479,安勤,52,2,50,華南永昌-板橋,2023-05-08,9349
2610,華航,33,0,33,華南永昌-板橋,2023-05-08,9349
00878,國泰永續高股息,33,2,31,華南永昌-板橋,2023-05-08,9349
1810,和成,55,28,27,華南永昌-板橋,2023-05-08,9349
6285,啟��,38,11,27,華南永昌-板橋,2023-05-08,9349
3545,敦泰,54,31,23,華南永昌-板橋,2023-05-08,9349
2736,富野,23,0,23,華南永昌-板橋,2023-05-08,9349
2883,凱基金,42,20,22,華南永昌-板橋,2023-05-08,9349
4755,三福化,22,0,22,華南永昌-板橋,2023-05-08,9349
1514,亞力,74,53,21,華南永昌-板橋,2023-05-08,9349
2609,陽明,24,3,21,華南永昌-板橋,2023-05-08,9349
2476,鉅祥,20,0,20,華南永昌-板橋,2023-05-08,9349
3706,神達,20,0,20,華南永昌-板橋,2023-05-08,9349
6191,精成科,20,0,20,華南永昌-板橋,2023-05-08,9349
3234,光環,20,0,20,華南永昌-板橋,2023-05-08,9349
6695,芯鼎,17,0,17,華南永昌-板橋,2023-05-08,9349
2368,金像電,17,1,16,華南永昌-板橋,2023-05-08,9349
1218,泰山,19,4,15,華南永昌-板橋,2023-05-08,9349
1570,力肯,15,0,15,華南永昌-板橋,2023-05-08,9349
2359,所羅門,21,6,15,華南永昌-板橋,2023-05-08,9349
3481,群創,19,4,15,華南永昌-板橋,2023-05-08,9349
2371,大同,28,14,14,華南永昌-板橋,2023-05-08,9349
8088,品安,19,5,14,華南永昌-板橋,2023-05-08,9349
8996,高力,42,28,14,華南永昌-板橋,2023-05-08,9349
1591,駿吉-KY,13,0,13,華南永昌-板橋,2023-05-08,9349
2486,一詮,13,0,13,華南永昌-板橋,2023-05-08,9349
3264,欣銓,12,0,12,華南永昌-板橋,2023-05-08,9349
5425,台半,11,0,11,華南永昌-板橋,2023-05-08,9349
3046,建��,15,4,11,華南永昌-板橋,2023-05-08,9349
9955,佳龍,12,1,11,華南永昌-板橋,2023-05-08,9349
00751B,元大AAA至A公司債,10,0,10,華南永昌-板橋,2023-05-08,9349
3704,合勤控,11,1,10,華南永昌-板橋,2023-05-08,9349
5351,鈺創,10,0,10,華南永昌-板橋,2023-05-08,9349
6205,詮欣,25,15,10,華南永昌-板橋,2023-05-08,9349
8027,鈦昇,10,0,10,華南永昌-板橋,2023-05-08,9349
4541,晟田,12,3,9,華南永昌-板橋,2023-05-08,9349
8033,雷虎,12,3,9,華南永昌-板橋,2023-05-08,9349
1734,杏輝,8,0,8,華南永昌-板橋,2023-05-08,9349
3591,艾笛森,10,2,8,華南永昌-板橋,2023-05-08,9349
1101,台泥,7,0,7,華南永昌-板橋,2023-05-08,9349
00900,富邦特選高股息30,8,1,7,華南永昌-板橋,2023-05-08,9349
00673R,期元大S＆P原油反1,7,0,7,華南永昌-板橋,2023-05-08,9349
6244,茂迪,7,0,7,華南永昌-板橋,2023-05-08,9349
8942,森鉅,7,0,7,華南永昌-板橋,2023-05-08,9349
00690,兆豐藍籌30,6,0,6,華南永昌-板橋,2023-05-08,9349
1802,台玻,6,0,6,華南永昌-板橋,2023-05-08,9349
2603,長榮,6,0,6,華南永昌-板橋,2023-05-08,9349
1504,東元,316,92,224,華南永昌-板橋,2023-05-09,9349
1609,大亞,180,71,109,華南永昌-板橋,2023-05-09,9349
00720B,元大投資級公司債,103,0,103,華南永昌-板橋,2023-05-09,9349
2438,翔耀,64,0,64,華南永昌-板橋,2023-05-09,9349
3576,聯合再生,184,123,61,華南永昌-板橋,2023-05-09,9349
1605,華新,58,6,52,華南永昌-板橋,2023-05-09,9349
00715L,期街口布蘭特正2,50,11,39,華南永昌-板橋,2023-05-09,9349
6116,彩晶,35,2,33,華南永昌-板橋,2023-05-09,9349
1513,中興電,31,10,21,華南永昌-板橋,2023-05-09,9349
1612,宏泰,20,0,20,華南永昌-板橋,2023-05-09,9349
2913,農林,31,11,20,華南永昌-板橋,2023-05-09,9349
6245,立端,21,1,20,華南永昌-板橋,2023-05-09,9349
3071,協禧,29,10,19,華南永昌-板橋,2023-05-09,9349
00687B,國泰20年美債,18,0,18,華南永昌-板橋,2023-05-09,9349
2027,大成鋼,15,0,15,華南永昌-板橋,2023-05-09,9349
3501,維熹,14,0,14,華南永昌-板橋,2023-05-09,9349
6443,元晶,20,6,14,華南永昌-板橋,2023-05-09,9349
3680,家登,13,0,13,華南永昌-板橋,2023-05-09,9349
5465,富驊,14,2,12,華南永昌-板橋,2023-05-09,9349
3058,立德,14,2,12,華南永昌-板橋,2023-05-09,9349
2371,大同,11,0,11,華南永昌-板橋,2023-05-09,9349
5211,蒙恬,11,0,11,華南永昌-板橋,2023-05-09,9349
6275,元山,21,10,11,華南永昌-板橋,2023-05-09,9349
1459,聯發,10,0,10,華南永昌-板橋,2023-05-09,9349
2486,一詮,10,0,10,華南永昌-板橋,2023-05-09,9349
3372,典範,10,0,10,華南永昌-板橋,2023-05-09,9349
3419,譁裕,10,0,10,華南永昌-板橋,2023-05-09,9349
3591,艾笛森,10,0,10,華南永昌-板橋,2023-05-09,9349
3702,大聯大,10,0,10,華南永昌-板橋,2023-05-09,9349
3715,定穎投控,12,2,10,華南永昌-板橋,2023-05-09,9349
4961,天鈺,10,0,10,華南永昌-板橋,2023-05-09,9349
00878,國泰永續高股息,15,6,9,華南永昌-板橋,2023-05-09,9349
4119,旭富,9,0,9,華南永昌-板橋,2023-05-09,9349
6244,茂迪,15,6,9,華南永昌-板橋,2023-05-09,9349
1524,耿鼎,20,12,8,華南永昌-板橋,2023-05-09,9349
2303,聯電,10,2,8,華南永昌-板橋,2023-05-09,9349
8215,明基材,8,0,8,華南永昌-板橋,2023-05-09,9349
00772B,中信高評級公司債,7,0,7,華南永昌-板橋,2023-05-09,9349
5222,全訊,12,5,7,華南永昌-板橋,2023-05-09,9349
8097,常珵,8,1,7,華南永昌-板橋,2023-05-09,9349
1514,亞力,7,0,7,華南永昌-板橋,2023-05-09,9349
1305,華夏,7,0,7,華南永昌-板橋,2023-05-09,9349
1218,泰山,8,1,7,華南永昌-板橋,2023-05-09,9349
1570,力肯,7,0,7,華南永昌-板橋,2023-05-09,9349
1783,和康生,11,4,7,華南永昌-板橋,2023-05-09,9349
2201,裕隆,7,0,7,華南永昌-板橋,2023-05-09,9349
2471,資通,15,8,7,華南永昌-板橋,2023-05-09,9349
3005,神基,7,0,7,華南永昌-板橋,2023-05-09,9349
3025,星通,7,0,7,華南永昌-板橋,2023-05-09,9349
3207,耀勝,7,0,7,華南永昌-板橋,2023-05-09,9349
00665L,富邦�琤肭磪囓�2,200,0,200,華南永昌-板橋,2023-05-10,9349
00878,國泰永續高股息,96,0,96,華南永昌-板橋,2023-05-10,9349
1504,東元,123,70,53,華南永昌-板橋,2023-05-10,9349
6285,啟��,72,20,52,華南永昌-板橋,2023-05-10,9349
2409,友達,52,3,49,華南永昌-板橋,2023-05-10,9349
2882,國泰金,47,1,46,華南永昌-板橋,2023-05-10,9349
3501,維熹,35,0,35,華南永昌-板橋,2023-05-10,9349
6244,茂迪,30,0,30,華南永昌-板橋,2023-05-10,9349
2426,鼎元,30,1,29,華南永昌-板橋,2023-05-10,9349
2892,第一金,27,0,27,華南永昌-板橋,2023-05-10,9349
0056,元大高股息,36,12,24,華南永昌-板橋,2023-05-10,9349
2603,長榮,25,3,22,華南永昌-板橋,2023-05-10,9349
00900,富邦特選高股息30,21,0,21,華南永昌-板橋,2023-05-10,9349
00690,兆豐藍籌30,20,1,19,華南永昌-板橋,2023-05-10,9349
3231,緯創,26,7,19,華南永昌-板橋,2023-05-10,9349
4155,訊映,19,0,19,華南永昌-板橋,2023-05-10,9349
4979,華星光,15,0,15,華南永昌-板橋,2023-05-10,9349
3218,大學光,32,17,15,華南永昌-板橋,2023-05-10,9349
1519,華城,16,2,14,華南永昌-板橋,2023-05-10,9349
5011,久陽,14,0,14,華南永昌-板橋,2023-05-10,9349
00753L,中信中國50正2,13,0,13,華南永昌-板橋,2023-05-10,9349
00680L,元大美債20正2,13,0,13,華南永昌-板橋,2023-05-10,9349
1784,訊聯,16,4,12,華南永昌-板橋,2023-05-10,9349
6669,緯穎,11,0,11,華南永昌-板橋,2023-05-10,9349
3479,安勤,14,3,11,華南永昌-板橋,2023-05-10,9349
2344,華邦電,12,2,10,華南永昌-板橋,2023-05-10,9349
2368,金像電,11,1,10,華南永昌-板橋,2023-05-10,9349
2801,彰銀,10,0,10,華南永昌-板橋,2023-05-10,9349
2890,永豐金,10,0,10,華南永昌-板橋,2023-05-10,9349
5371,中光電,10,0,10,華南永昌-板橋,2023-05-10,9349
2887,台新金,11,2,9,華南永昌-板橋,2023-05-10,9349
3029,零壹,9,0,9,華南永昌-板橋,2023-05-10,9349
3209,全科,9,0,9,華南永昌-板橋,2023-05-10,9349
00687B,國泰20年美債,8,0,8,華南永昌-板橋,2023-05-10,9349
1810,和成,8,0,8,華南永昌-板橋,2023-05-10,9349
2888,新光金,13,5,8,華南永昌-板橋,2023-05-10,9349
4919,新唐,10,2,8,華南永昌-板橋,2023-05-10,9349
00922,國泰台灣領袖50,7,0,7,華南永昌-板橋,2023-05-10,9349
2313,華通,7,0,7,華南永昌-板橋,2023-05-10,9349
2891,中信金,8,1,7,華南永昌-板橋,2023-05-10,9349
2330,台積電,6,0,6,華南永昌-板橋,2023-05-10,9349
2489,瑞軒,7,1,6,華南永昌-板橋,2023-05-10,9349
3071,協禧,6,0,6,華南永昌-板橋,2023-05-10,9349
3711,日月光投控,6,0,6,華南永昌-板橋,2023-05-10,9349
6245,立端,7,1,6,華南永昌-板橋,2023-05-10,9349
8088,品安,14,8,6,華南永昌-板橋,2023-05-10,9349
2327,國巨,10,5,5,華南永昌-板橋,2023-05-10,9349
3037,欣興,9,4,5,華南永昌-板橋,2023-05-10,9349
2303,聯電,6,1,5,華南永昌-板橋,2023-05-10,9349
2897,王道銀行,5,0,5,華南永昌-板橋,2023-05-10,9349
00715L,期街口布蘭特正2,170,0,170,華南永昌-板橋,2023-05-11,9349
6285,啟��,110,21,89,華南永昌-板橋,2023-05-11,9349
1609,大亞,90,22,68,華南永昌-板橋,2023-05-11,9349
2736,富野,66,5,61,華南永昌-板橋,2023-05-11,9349
4155,訊映,58,4,54,華南永昌-板橋,2023-05-11,9349
2884,玉山金,50,2,48,華南永昌-板橋,2023-05-11,9349
5011,久陽,46,0,46,華南永昌-板橋,2023-05-11,9349
2888,新光金,46,4,42,華南永昌-板橋,2023-05-11,9349
3715,定穎投控,42,0,42,華南永昌-板橋,2023-05-11,9349
2359,所羅門,41,2,39,華南永昌-板橋,2023-05-11,9349
2438,翔耀,39,0,39,華南永昌-板橋,2023-05-11,9349
3501,維熹,35,0,35,華南永昌-板橋,2023-05-11,9349
00878,國泰永續高股息,38,3,35,華南永昌-板橋,2023-05-11,9349
1605,華新,55,22,33,華南永昌-板橋,2023-05-11,9349
3088,艾訊,25,0,25,華南永昌-板橋,2023-05-11,9349
2409,友達,24,2,22,華南永昌-板橋,2023-05-11,9349
4942,嘉彰,20,0,20,華南永昌-板橋,2023-05-11,9349
6109,亞元,20,0,20,華南永昌-板橋,2023-05-11,9349
2903,遠百,20,1,19,華南永昌-板橋,2023-05-11,9349
6605,帝寶,20,1,19,華南永昌-板橋,2023-05-11,9349
6138,茂達,18,0,18,華南永昌-板橋,2023-05-11,9349
4967,十銓,17,0,17,華南永昌-板橋,2023-05-11,9349
6443,元晶,17,0,17,華南永昌-板橋,2023-05-11,9349
2609,陽明,17,1,16,華南永昌-板橋,2023-05-11,9349
2402,毅嘉,15,0,15,華南永昌-板橋,2023-05-11,9349
6101,寬魚國際,15,0,15,華南永昌-板橋,2023-05-11,9349
3218,大學光,14,0,14,華南永昌-板橋,2023-05-11,9349
2371,大同,25,12,13,華南永昌-板橋,2023-05-11,9349
8403,盛弘,13,0,13,華南永昌-板橋,2023-05-11,9349
2883,凱基金,12,0,12,華南永昌-板橋,2023-05-11,9349
9907,統一實,12,0,12,華南永昌-板橋,2023-05-11,9349
3037,欣興,12,0,12,華南永昌-板橋,2023-05-11,9349
2890,永豐金,11,0,11,華南永昌-板橋,2023-05-11,9349
3202,樺晟,11,0,11,華南永昌-板橋,2023-05-11,9349
3479,安勤,11,0,11,華南永昌-板橋,2023-05-11,9349
8147,正淩,11,0,11,華南永昌-板橋,2023-05-11,9349
1460,宏遠,10,0,10,華南永昌-板橋,2023-05-11,9349
00751B,元大AAA至A公司債,10,0,10,華南永昌-板橋,2023-05-11,9349
1817,凱撒衛,10,0,10,華南永昌-板橋,2023-05-11,9349
2102,泰豐,10,0,10,華南永昌-板橋,2023-05-11,9349
3419,譁裕,10,0,10,華南永昌-板橋,2023-05-11,9349
4746,台耀,10,0,10,華南永昌-板橋,2023-05-11,9349
6127,九豪,10,0,10,華南永昌-板橋,2023-05-11,9349
2453,凌群,17,8,9,華南永昌-板橋,2023-05-11,9349
6160,欣技,9,0,9,華南永昌-板橋,2023-05-11,9349
6244,茂迪,12,3,9,華南永昌-板橋,2023-05-11,9349
2515,中工,12,4,8,華南永昌-板橋,2023-05-11,9349
0056,元大高股息,7,0,7,華南永昌-板橋,2023-05-11,9349
2344,華邦電,9,2,7,華南永昌-板橋,2023-05-11,9349
2834,臺企銀,7,0,7,華南永昌-板橋,2023-05-11,9349
00878,國泰永續高股息,68,3,65,華南永昌-板橋,2023-05-12,9349
3576,聯合再生,91,28,63,華南永昌-板橋,2023-05-12,9349
2317,鴻海,67,11,56,華南永昌-板橋,2023-05-12,9349
4768,晶呈科技,114,62,52,華南永昌-板橋,2023-05-12,9349
6285,啟��,102,53,49,華南永昌-板橋,2023-05-12,9349
4979,華星光,53,5,48,華南永昌-板橋,2023-05-12,9349
00680L,元大美債20正2,44,3,41,華南永昌-板橋,2023-05-12,9349
2109,華豐,40,0,40,華南永昌-板橋,2023-05-12,9349
2457,飛宏,128,88,40,華南永昌-板橋,2023-05-12,9349
4155,訊映,34,0,34,華南永昌-板橋,2023-05-12,9349
1809,中釉,30,0,30,華南永昌-板橋,2023-05-12,9349
2743,山富,32,3,29,華南永昌-板橋,2023-05-12,9349
3501,維熹,22,0,22,華南永昌-板橋,2023-05-12,9349
4743,合一,20,0,20,華南永昌-板橋,2023-05-12,9349
2890,永豐金,20,0,20,華南永昌-板橋,2023-05-12,9349
3419,譁裕,20,0,20,華南永昌-板橋,2023-05-12,9349
6531,愛普*,40,20,20,華南永昌-板橋,2023-05-12,9349
4744,皇將,15,1,14,華南永昌-板橋,2023-05-12,9349
1514,亞力,13,0,13,華南永昌-板橋,2023-05-12,9349
6194,育富,15,2,13,華南永昌-板橋,2023-05-12,9349
9945,潤泰新,12,0,12,華南永昌-板橋,2023-05-12,9349
2303,聯電,14,3,11,華南永昌-板橋,2023-05-12,9349
6443,元晶,12,1,11,華南永昌-板橋,2023-05-12,9349
2382,廣達,33,22,11,華南永昌-板橋,2023-05-12,9349
1217,愛之味,15,5,10,華南永昌-板橋,2023-05-12,9349
1459,聯發,10,0,10,華南永昌-板橋,2023-05-12,9349
3218,大學光,13,3,10,華南永昌-板橋,2023-05-12,9349
3545,敦泰,10,0,10,華南永昌-板橋,2023-05-12,9349
3673,TPK-KY,10,0,10,華南永昌-板橋,2023-05-12,9349
4102,永日,10,0,10,華南永昌-板橋,2023-05-12,9349
4128,中天,10,0,10,華南永昌-板橋,2023-05-12,9349
4967,十銓,64,54,10,華南永昌-板橋,2023-05-12,9349
6161,捷波,10,0,10,華南永昌-板橋,2023-05-12,9349
6589,台康生技,10,0,10,華南永昌-板橋,2023-05-12,9349
8076,伍豐,20,10,10,華南永昌-板橋,2023-05-12,9349
2883,凱基金,9,0,9,華南永昌-板橋,2023-05-12,9349
00900,富邦特選高股息30,8,0,8,華南永昌-板橋,2023-05-12,9349
00637L,元大滬深300正2,8,0,8,華南永昌-板橋,2023-05-12,9349
2885,元大金,8,0,8,華南永昌-板橋,2023-05-12,9349
1529,樂事綠能,22,15,7,華南永昌-板橋,2023-05-12,9349
3234,光環,7,0,7,華南永昌-板橋,2023-05-12,9349
6288,聯嘉,8,1,7,華南永昌-板橋,2023-05-12,9349
00916,國泰全球品牌50,6,0,6,華南永昌-板橋,2023-05-12,9349
2327,國巨,6,0,6,華南永昌-板橋,2023-05-12,9349
2409,友達,6,0,6,華南永昌-板橋,2023-05-12,9349
8066,來思達,6,0,6,華南永昌-板橋,2023-05-12,9349
9958,世紀鋼,7,1,6,華南永昌-板橋,2023-05-12,9349
00642U,期元大S＆P石油,5,0,5,華南永昌-板橋,2023-05-12,9349
00670L,富邦NASDAQ正2,5,0,5,華南永昌-板橋,2023-05-12,9349
1570,力肯,5,0,5,華南永昌-板橋,2023-05-12,9349
1504,東元,249,119,130,華南永昌-板橋,2023-05-15,9349
3231,緯創,256,136,120,華南永昌-板橋,2023-05-15,9349
00632R,元大台灣50反1,111,0,111,華南永昌-板橋,2023-05-15,9349
5356,協益,80,0,80,華南永昌-板橋,2023-05-15,9349
2888,新光金,54,2,52,華南永昌-板橋,2023-05-15,9349
00680L,元大美債20正2,50,0,50,華南永昌-板橋,2023-05-15,9349
3479,安勤,46,7,39,華南永昌-板橋,2023-05-15,9349
3501,維熹,39,0,39,華南永昌-板橋,2023-05-15,9349
8011,台通,52,14,38,華南永昌-板橋,2023-05-15,9349
1727,中華化,27,0,27,華南永昌-板橋,2023-05-15,9349
4119,旭富,27,0,27,華南永昌-板橋,2023-05-15,9349
4768,晶呈科技,74,50,24,華南永昌-板橋,2023-05-15,9349
00642U,期元大S＆P石油,23,0,23,華南永昌-板橋,2023-05-15,9349
6235,華孚,37,16,21,華南永昌-板橋,2023-05-15,9349
1907,永豐餘,20,0,20,華南永昌-板橋,2023-05-15,9349
2618,長榮航,35,15,20,華南永昌-板橋,2023-05-15,9349
2890,永豐金,20,0,20,華南永昌-板橋,2023-05-15,9349
5371,中光電,20,0,20,華南永昌-板橋,2023-05-15,9349
9103,美德醫療-DR,20,0,20,華南永昌-板橋,2023-05-15,9349
2438,翔耀,19,0,19,華南永昌-板橋,2023-05-15,9349
3673,TPK-KY,20,1,19,華南永昌-板橋,2023-05-15,9349
2317,鴻海,21,2,19,華南永昌-板橋,2023-05-15,9349
3324,雙鴻,18,2,16,華南永昌-板橋,2023-05-15,9349
4155,訊映,16,0,16,華南永昌-板橋,2023-05-15,9349
1733,五鼎,15,0,15,華南永昌-板橋,2023-05-15,9349
2344,華邦電,17,2,15,華南永昌-板橋,2023-05-15,9349
6288,聯嘉,15,0,15,華南永昌-板橋,2023-05-15,9349
2303,聯電,16,2,14,華南永昌-板橋,2023-05-15,9349
3048,益登,14,0,14,華南永昌-板橋,2023-05-15,9349
2457,飛宏,98,85,13,華南永昌-板橋,2023-05-15,9349
1609,大亞,40,28,12,華南永昌-板橋,2023-05-15,9349
1101,台泥,11,0,11,華南永昌-板橋,2023-05-15,9349
00637L,元大滬深300正2,11,0,11,華南永昌-板橋,2023-05-15,9349
2331,精英,11,0,11,華南永昌-板橋,2023-05-15,9349
2745,五福,11,0,11,華南永昌-板橋,2023-05-15,9349
6531,愛普*,11,0,11,華南永昌-板橋,2023-05-15,9349
0056,元大高股息,10,0,10,華南永昌-板橋,2023-05-15,9349
1513,中興電,10,0,10,華南永昌-板橋,2023-05-15,9349
00900,富邦特選高股息30,11,1,10,華南永昌-板橋,2023-05-15,9349
1905,華紙,12,2,10,華南永昌-板橋,2023-05-15,9349
2349,錸德,10,0,10,華南永昌-板橋,2023-05-15,9349
2393,億光,10,0,10,華南永昌-板橋,2023-05-15,9349
2601,益航,10,0,10,華南永昌-板橋,2023-05-15,9349
3028,增你強,10,0,10,華南永昌-板橋,2023-05-15,9349
5284,jpp-KY,28,18,10,華南永昌-板橋,2023-05-15,9349
8155,博智,10,0,10,華南永昌-板橋,2023-05-15,9349
00690,兆豐藍籌30,9,0,9,華南永昌-板橋,2023-05-15,9349
3548,兆利,8,0,8,華南永昌-板橋,2023-05-15,9349
5511,德昌,8,0,8,華南永昌-板橋,2023-05-15,9349
6161,捷波,8,0,8,華南永昌-板橋,2023-05-15,9349
00720B,元大投資級公司債,144,10,134,華南永昌-板橋,2023-05-16,9349
5356,協益,76,1,75,華南永昌-板橋,2023-05-16,9349
2317,鴻海,42,0,42,華南永昌-板橋,2023-05-16,9349
4155,訊映,42,0,42,華南永昌-板橋,2023-05-16,9349
1529,樂事綠能,34,1,33,華南永昌-板橋,2023-05-16,9349
00751B,元大AAA至A公司債,33,0,33,華南永昌-板橋,2023-05-16,9349
1570,力肯,26,0,26,華南永昌-板橋,2023-05-16,9349
3501,維熹,24,0,24,華南永昌-板橋,2023-05-16,9349
8050,廣積,22,0,22,華南永昌-板橋,2023-05-16,9349
1742,台蠟,20,1,19,華南永昌-板橋,2023-05-16,9349
2438,翔耀,19,0,19,華南永昌-板橋,2023-05-16,9349
1504,東元,62,46,16,華南永昌-板橋,2023-05-16,9349
2323,中環,16,0,16,華南永昌-板橋,2023-05-16,9349
3227,原相,16,0,16,華南永昌-板橋,2023-05-16,9349
1314,中石化,13,0,13,華南永昌-板橋,2023-05-16,9349
1104,環泥,12,0,12,華南永昌-板橋,2023-05-16,9349
1591,駿吉-KY,16,5,11,華南永昌-板橋,2023-05-16,9349
4967,十銓,11,0,11,華南永昌-板橋,2023-05-16,9349
8426,紅木-KY,20,9,11,華南永昌-板橋,2023-05-16,9349
2402,毅嘉,13,3,10,華南永昌-板橋,2023-05-16,9349
2489,瑞軒,10,0,10,華南永昌-板橋,2023-05-16,9349
3062,建漢,10,0,10,華南永昌-板橋,2023-05-16,9349
3171,炎洲流通,10,0,10,華南永昌-板橋,2023-05-16,9349
3260,威剛,10,0,10,華南永昌-板橋,2023-05-16,9349
4906,正文,10,0,10,華南永昌-板橋,2023-05-16,9349
3675,德微,16,7,9,華南永昌-板橋,2023-05-16,9349
2313,華通,9,0,9,華南永昌-板橋,2023-05-16,9349
3712,永崴投控,9,0,9,華南永昌-板橋,2023-05-16,9349
4105,東洋,9,0,9,華南永昌-板橋,2023-05-16,9349
6197,佳必琪,10,1,9,華南永昌-板橋,2023-05-16,9349
6138,茂達,9,1,8,華南永昌-板橋,2023-05-16,9349
00900,富邦特選高股息30,13,5,8,華南永昌-板橋,2023-05-16,9349
00680L,元大美債20正2,8,0,8,華南永昌-板橋,2023-05-16,9349
2204,中華,9,1,8,華南永昌-板橋,2023-05-16,9349
3540,曜越,9,1,8,華南永昌-板橋,2023-05-16,9349
2368,金像電,8,1,7,華南永昌-板橋,2023-05-16,9349
3048,益登,7,0,7,華南永昌-板橋,2023-05-16,9349
3704,合勤控,8,1,7,華南永昌-板橋,2023-05-16,9349
00772B,中信高評級公司債,6,0,6,華南永昌-板橋,2023-05-16,9349
00882,中信中國高股息,11,5,6,華南永昌-板橋,2023-05-16,9349
1337,再生-KY,8,2,6,華南永昌-板橋,2023-05-16,9349
1709,和益,6,0,6,華南永昌-板橋,2023-05-16,9349
2603,長榮,6,0,6,華南永昌-板橋,2023-05-16,9349
2610,華航,47,41,6,華南永昌-板橋,2023-05-16,9349
4763,材料-KY,7,1,6,華南永昌-板橋,2023-05-16,9349
2102,泰豐,6,1,5,華南永昌-板橋,2023-05-16,9349
6712,長聖,5,0,5,華南永昌-板橋,2023-05-16,9349
1218,泰山,5,0,5,華南永昌-板橋,2023-05-16,9349
1310,台苯,5,0,5,華南永昌-板橋,2023-05-16,9349
00632R,元大台灣50反1,5,0,5,華南永昌-板橋,2023-05-16,9349
00632R,元大台灣50反1,2081,0,2081,華南永昌-板橋,2023-05-17,9349
00720B,元大投資級公司債,103,0,103,華南永昌-板橋,2023-05-17,9349
4155,訊映,102,0,102,華南永昌-板橋,2023-05-17,9349
5356,協益,82,1,81,華南永昌-板橋,2023-05-17,9349
00680L,元大美債20正2,51,0,51,華南永昌-板橋,2023-05-17,9349
5351,鈺創,127,77,50,華南永昌-板橋,2023-05-17,9349
3479,安勤,54,12,42,華南永昌-板橋,2023-05-17,9349
00878,國泰永續高股息,40,10,30,華南永昌-板橋,2023-05-17,9349
8105,凌巨,30,0,30,華南永昌-板橋,2023-05-17,9349
00637L,元大滬深300正2,27,0,27,華南永昌-板橋,2023-05-17,9349
3037,欣興,32,9,23,華南永昌-板橋,2023-05-17,9349
1312,國喬,20,0,20,華南永昌-板橋,2023-05-17,9349
3702,大聯大,20,0,20,華南永昌-板橋,2023-05-17,9349
5439,高技,20,0,20,華南永昌-板橋,2023-05-17,9349
6185,幃翔,30,10,20,華南永昌-板橋,2023-05-17,9349
8234,新漢,20,0,20,華南永昌-板橋,2023-05-17,9349
3056,富華新,15,0,15,華南永昌-板橋,2023-05-17,9349
2634,漢翔,39,28,11,華南永昌-板橋,2023-05-17,9349
00683L,期元大美元指正2,11,0,11,華南永昌-板橋,2023-05-17,9349
5301,寶得利,11,0,11,華南永昌-板橋,2023-05-17,9349
1608,華榮,19,9,10,華南永昌-板橋,2023-05-17,9349
2022,聚亨,10,0,10,華南永昌-板橋,2023-05-17,9349
2832,台產,10,0,10,華南永昌-板橋,2023-05-17,9349
6697,東捷資訊,10,0,10,華南永昌-板橋,2023-05-17,9349
00885,富邦越南,9,0,9,華南永昌-板橋,2023-05-17,9349
3504,揚明光,11,2,9,華南永昌-板橋,2023-05-17,9349
6138,茂達,9,0,9,華南永昌-板橋,2023-05-17,9349
3078,僑威,11,2,9,華南永昌-板橋,2023-05-17,9349
1795,美時,13,4,9,華南永昌-板橋,2023-05-17,9349
2457,飛宏,79,71,8,華南永昌-板橋,2023-05-17,9349
3501,維熹,8,0,8,華南永昌-板橋,2023-05-17,9349
4744,皇將,12,4,8,華南永昌-板橋,2023-05-17,9349
8940,新天地,9,1,8,華南永昌-板橋,2023-05-17,9349
00715L,期街口布蘭特正2,6,0,6,華南永昌-板橋,2023-05-17,9349
1612,宏泰,6,0,6,華南永昌-板橋,2023-05-17,9349
2409,友達,8,2,6,華南永昌-板橋,2023-05-17,9349
2428,興勤,7,1,6,華南永昌-板橋,2023-05-17,9349
2745,五福,7,1,6,華南永昌-板橋,2023-05-17,9349
3207,耀勝,8,2,6,華南永昌-板橋,2023-05-17,9349
6290,良維,6,0,6,華南永昌-板橋,2023-05-17,9349
2882,國泰金,10,4,6,華南永昌-板橋,2023-05-17,9349
2327,國巨,10,5,5,華南永昌-板橋,2023-05-17,9349
1104,環泥,5,0,5,華南永昌-板橋,2023-05-17,9349
1762,中化生,5,0,5,華南永昌-板橋,2023-05-17,9349
2610,華航,5,0,5,華南永昌-板橋,2023-05-17,9349
3290,東浦,13,8,5,華南永昌-板橋,2023-05-17,9349
4541,晟田,5,0,5,華南永昌-板橋,2023-05-17,9349
4961,天鈺,5,0,5,華南永昌-板橋,2023-05-17,9349
6196,帆宣,5,0,5,華南永昌-板橋,2023-05-17,9349
6829,千附精密,5,0,5,華南永昌-板橋,2023-05-17,9349
00665L,富邦�琤肭磪囓�2,200,0,200,華南永昌-板橋,2023-05-18,9349
5351,鈺創,111,2,109,華南永昌-板橋,2023-05-18,9349
6266,泰詠,33,2,31,華南永昌-板橋,2023-05-18,9349
3363,上詮,42,14,28,華南永昌-板橋,2023-05-18,9349
4746,台耀,20,0,20,華南永昌-板橋,2023-05-18,9349
9904,寶成,20,0,20,華南永昌-板橋,2023-05-18,9349
3501,維熹,22,3,19,華南永昌-板橋,2023-05-18,9349
1612,宏泰,16,0,16,華南永昌-板橋,2023-05-18,9349
2634,漢翔,21,5,16,華南永昌-板橋,2023-05-18,9349
2332,友訊,15,0,15,華南永昌-板橋,2023-05-18,9349
3362,先進光,24,9,15,華南永昌-板橋,2023-05-18,9349
00900,富邦特選高股息30,15,1,14,華南永昌-板橋,2023-05-18,9349
4768,晶呈科技,14,0,14,華南永昌-板橋,2023-05-18,9349
1609,大亞,63,49,14,華南永昌-板橋,2023-05-18,9349
4157,太景*-KY,13,0,13,華南永昌-板橋,2023-05-18,9349
4967,十銓,33,21,12,華南永昌-板橋,2023-05-18,9349
2330,台積電,31,19,12,華南永昌-板橋,2023-05-18,9349
00882,中信中國高股息,12,1,11,華南永昌-板橋,2023-05-18,9349
00683L,期元大美元指正2,11,0,11,華南永昌-板橋,2023-05-18,9349
2438,翔耀,11,0,11,華南永昌-板橋,2023-05-18,9349
2482,連宇,39,28,11,華南永昌-板橋,2023-05-18,9349
00751B,元大AAA至A公司債,10,0,10,華南永昌-板橋,2023-05-18,9349
00772B,中信高評級公司債,10,0,10,華南永昌-板橋,2023-05-18,9349
1310,台苯,11,1,10,華南永昌-板橋,2023-05-18,9349
2736,富野,22,12,10,華南永昌-板橋,2023-05-18,9349
3017,奇鋐,13,3,10,華南永昌-板橋,2023-05-18,9349
3032,偉訓,11,1,10,華南永昌-板橋,2023-05-18,9349
3227,原相,10,0,10,華南永昌-板橋,2023-05-18,9349
4744,皇將,29,19,10,華南永昌-板橋,2023-05-18,9349
5386,青雲,10,0,10,華南永昌-板橋,2023-05-18,9349
00878,國泰永續高股息,14,4,10,華南永昌-板橋,2023-05-18,9349
2719,燦星旅,9,0,9,華南永昌-板橋,2023-05-18,9349
2880,華南金,10,1,9,華南永昌-板橋,2023-05-18,9349
8069,元太,37,29,8,華南永昌-板橋,2023-05-18,9349
3520,華盈,8,0,8,華南永昌-板橋,2023-05-18,9349
3687,歐買尬,8,0,8,華南永昌-板橋,2023-05-18,9349
2884,玉山金,10,3,7,華南永昌-板橋,2023-05-18,9349
2231,為升,7,0,7,華南永昌-板橋,2023-05-18,9349
2427,三商電,10,3,7,華南永昌-板橋,2023-05-18,9349
2476,鉅祥,7,0,7,華南永昌-板橋,2023-05-18,9349
8088,品安,8,1,7,華南永昌-板橋,2023-05-18,9349
8424,惠普,7,0,7,華南永昌-板橋,2023-05-18,9349
2105,正新,8,1,7,華南永昌-板橋,2023-05-18,9349
6282,康舒,13,6,7,華南永昌-板橋,2023-05-18,9349
5258,虹堡,39,32,7,華南永昌-板橋,2023-05-18,9349
00687B,國泰20年美債,6,0,6,華南永昌-板橋,2023-05-18,9349
1906,寶隆,6,0,6,華南永昌-板橋,2023-05-18,9349
4545,銘鈺,6,0,6,華南永昌-板橋,2023-05-18,9349
6477,安集,6,0,6,華南永昌-板橋,2023-05-18,9349
6770,力積電,6,0,6,華南永昌-板橋,2023-05-18,9349
2888,新光金,323,0,323,華南永昌-板橋,2023-05-19,9349
00637L,元大滬深300正2,112,0,112,華南永昌-板橋,2023-05-19,9349
1609,大亞,140,28,112,華南永昌-板橋,2023-05-19,9349
3444,利機,128,33,95,華南永昌-板橋,2023-05-19,9349
2618,長榮航,196,124,72,華南永昌-板橋,2023-05-19,9349
2371,大同,74,3,71,華南永昌-板橋,2023-05-19,9349
2457,飛宏,66,5,61,華南永昌-板橋,2023-05-19,9349
6245,立端,59,10,49,華南永昌-板橋,2023-05-19,9349
4768,晶呈科技,64,20,44,華南永昌-板橋,2023-05-19,9349
2401,凌陽,29,0,29,華南永昌-板橋,2023-05-19,9349
1513,中興電,34,6,28,華南永昌-板橋,2023-05-19,9349
00687B,國泰20年美債,25,0,25,華南永昌-板橋,2023-05-19,9349
6806,森崴能源,24,0,24,華南永昌-板橋,2023-05-19,9349
00683L,期元大美元指正2,22,0,22,華南永昌-板橋,2023-05-19,9349
5321,美而快,22,0,22,華南永昌-板橋,2023-05-19,9349
4155,訊映,21,0,21,華南永昌-板橋,2023-05-19,9349
5324,士開,20,0,20,華南永昌-板橋,2023-05-19,9349
8227,巨有科技,21,1,20,華南永昌-板橋,2023-05-19,9349
5009,榮剛,20,0,20,華南永昌-板橋,2023-05-19,9349
3029,零壹,28,12,16,華南永昌-板橋,2023-05-19,9349
6282,康舒,31,15,16,華南永昌-板橋,2023-05-19,9349
00712,復華富時不動產,12,0,12,華南永昌-板橋,2023-05-19,9349
2739,寒舍,12,0,12,華南永昌-板橋,2023-05-19,9349
8097,常珵,19,7,12,華南永昌-板橋,2023-05-19,9349
9945,潤泰新,12,0,12,華南永昌-板橋,2023-05-19,9349
00680L,元大美債20正2,16,5,11,華南永昌-板橋,2023-05-19,9349
1742,台蠟,11,0,11,華南永昌-板橋,2023-05-19,9349
2421,建準,44,33,11,華南永昌-板橋,2023-05-19,9349
3003,健和興,11,0,11,華南永昌-板橋,2023-05-19,9349
5608,四維航,11,0,11,華南永昌-板橋,2023-05-19,9349
00882,中信中國高股息,20,10,10,華南永昌-板橋,2023-05-19,9349
00648R,元大S＆P500反1,10,0,10,華南永昌-板橋,2023-05-19,9349
1314,中石化,10,0,10,華南永昌-板橋,2023-05-19,9349
2515,中工,10,0,10,華南永昌-板橋,2023-05-19,9349
3501,維熹,10,0,10,華南永昌-板橋,2023-05-19,9349
4157,太景*-KY,10,0,10,華南永昌-板橋,2023-05-19,9349
4953,緯軟,10,0,10,華南永昌-板橋,2023-05-19,9349
8905,裕國,10,0,10,華南永昌-板橋,2023-05-19,9349
1605,華新,14,4,10,華南永昌-板橋,2023-05-19,9349
6235,華孚,12,3,9,華南永昌-板橋,2023-05-19,9349
00650L,復華香港正2,9,0,9,華南永昌-板橋,2023-05-19,9349
00639,富邦深100,15,6,9,華南永昌-板橋,2023-05-19,9349
1514,亞力,15,6,9,華南永昌-板橋,2023-05-19,9349
1810,和成,22,13,9,華南永昌-板橋,2023-05-19,9349
1906,寶隆,9,0,9,華南永昌-板橋,2023-05-19,9349
8284,三竹,9,0,9,華南永昌-板橋,2023-05-19,9349
2303,聯電,9,1,8,華南永昌-板橋,2023-05-19,9349
3682,亞太電,7,0,7,華南永昌-板橋,2023-05-19,9349
4931,新盛力,10,3,7,華南永昌-板橋,2023-05-19,9349
2388,威盛,20,14,6,華南永昌-板橋,2023-05-19,9349
0056,元大高股息,149,3,146,華南永昌-板橋,2023-05-22,9349
2888,新光金,102,2,100,華南永昌-板橋,2023-05-22,9349
2891,中信金,80,5,75,華南永昌-板橋,2023-05-22,9349
3444,利機,109,37,72,華南永昌-板橋,2023-05-22,9349
3037,欣興,77,11,66,華南永昌-板橋,2023-05-22,9349
3032,偉訓,30,2,28,華南永昌-板橋,2023-05-22,9349
8097,常珵,41,13,28,華南永昌-板橋,2023-05-22,9349
00679B,元大美債20年,25,0,25,華南永昌-板橋,2023-05-22,9349
3231,緯創,47,23,24,華南永昌-板橋,2023-05-22,9349
00687B,國泰20年美債,22,0,22,華南永昌-板橋,2023-05-22,9349
6223,旺矽,25,3,22,華南永昌-板橋,2023-05-22,9349
1605,華新,34,13,21,華南永昌-板橋,2023-05-22,9349
5285,界霖,20,0,20,華南永昌-板橋,2023-05-22,9349
2371,大同,21,3,18,華南永昌-板橋,2023-05-22,9349
3035,智原,17,0,17,華南永昌-板橋,2023-05-22,9349
6470,宇智,16,0,16,華南永昌-板橋,2023-05-22,9349
1504,東元,50,35,15,華南永昌-板橋,2023-05-22,9349
8930,青鋼,15,0,15,華南永昌-板橋,2023-05-22,9349
3581,博磊,14,0,14,華南永昌-板橋,2023-05-22,9349
2471,資通,14,1,13,華南永昌-板橋,2023-05-22,9349
1409,新纖,13,0,13,華南永昌-板橋,2023-05-22,9349
4915,致伸,13,0,13,華南永昌-板橋,2023-05-22,9349
4967,十銓,13,0,13,華南永昌-板橋,2023-05-22,9349
5009,榮剛,15,2,13,華南永昌-板橋,2023-05-22,9349
1609,大亞,88,76,12,華南永昌-板橋,2023-05-22,9349
00878,國泰永續高股息,11,0,11,華南永昌-板橋,2023-05-22,9349
2368,金像電,14,3,11,華南永昌-板橋,2023-05-22,9349
5514,三豐,11,0,11,華南永昌-板橋,2023-05-22,9349
3675,德微,11,1,10,華南永昌-板橋,2023-05-22,9349
00882,中信中國高股息,10,0,10,華南永昌-板橋,2023-05-22,9349
2031,新光鋼,10,0,10,華南永昌-板橋,2023-05-22,9349
2312,金寶,10,0,10,華南永昌-板橋,2023-05-22,9349
2356,英業達,10,0,10,華南永昌-板橋,2023-05-22,9349
2801,彰銀,10,0,10,華南永昌-板橋,2023-05-22,9349
3217,優群,11,1,10,華南永昌-板橋,2023-05-22,9349
4743,合一,19,9,10,華南永昌-板橋,2023-05-22,9349
4909,新復興,10,0,10,華南永昌-板橋,2023-05-22,9349
6643,M31,10,0,10,華南永昌-板橋,2023-05-22,9349
8261,富鼎,10,0,10,華南永昌-板橋,2023-05-22,9349
8046,南電,12,3,9,華南永昌-板橋,2023-05-22,9349
3005,神基,12,3,9,華南永昌-板橋,2023-05-22,9349
2376,技嘉,11,2,9,華南永昌-板橋,2023-05-22,9349
1795,美時,10,2,8,華南永昌-板橋,2023-05-22,9349
1519,華城,10,3,7,華南永昌-板橋,2023-05-22,9349
2442,新美齊,6,0,6,華南永昌-板橋,2023-05-22,9349
2645,長榮航太,6,0,6,華南永昌-板橋,2023-05-22,9349
3088,艾訊,12,6,6,華南永昌-板橋,2023-05-22,9349
1580,新麥,5,0,5,華南永昌-板橋,2023-05-22,9349
1314,中石化,5,0,5,華南永昌-板橋,2023-05-22,9349
1102,亞泥,5,0,5,華南永昌-板橋,2023-05-22,9349
2303,聯電,402,11,391,華南永昌-板橋,2023-05-23,9349
2323,中環,137,1,136,華南永昌-板橋,2023-05-23,9349
3444,利機,136,70,66,華南永昌-板橋,2023-05-23,9349
1504,東元,85,24,61,華南永昌-板橋,2023-05-23,9349
00680L,元大美債20正2,50,3,47,華南永昌-板橋,2023-05-23,9349
1514,亞力,46,6,40,華南永昌-板橋,2023-05-23,9349
1609,大亞,58,19,39,華南永昌-板橋,2023-05-23,9349
00882,中信中國高股息,38,0,38,華南永昌-板橋,2023-05-23,9349
8930,青鋼,35,1,34,華南永昌-板橋,2023-05-23,9349
1308,亞聚,33,0,33,華南永昌-板橋,2023-05-23,9349
2888,新光金,30,0,30,華南永昌-板橋,2023-05-23,9349
2438,翔耀,25,0,25,華南永昌-板橋,2023-05-23,9349
2884,玉山金,30,6,24,華南永昌-板橋,2023-05-23,9349
2886,兆豐金,19,0,19,華南永昌-板橋,2023-05-23,9349
2891,中信金,20,1,19,華南永昌-板橋,2023-05-23,9349
00687B,國泰20年美債,17,0,17,華南永昌-板橋,2023-05-23,9349
4147,中裕,27,10,17,華南永昌-板橋,2023-05-23,9349
1310,台苯,17,1,16,華南永昌-板橋,2023-05-23,9349
1513,中興電,28,12,16,華南永昌-板橋,2023-05-23,9349
1319,東陽,26,11,15,華南永昌-板橋,2023-05-23,9349
3017,奇鋐,16,1,15,華南永昌-板橋,2023-05-23,9349
00648R,元大S＆P500反1,13,0,13,華南永昌-板橋,2023-05-23,9349
00679B,元大美債20年,13,0,13,華南永昌-板橋,2023-05-23,9349
1608,華榮,13,0,13,華南永昌-板橋,2023-05-23,9349
3060,銘異,13,0,13,華南永昌-板橋,2023-05-23,9349
5009,榮剛,65,52,13,華南永昌-板橋,2023-05-23,9349
2497,怡利電,12,0,12,華南永昌-板橋,2023-05-23,9349
3290,東浦,19,7,12,華南永昌-板橋,2023-05-23,9349
2069,運錩,11,0,11,華南永昌-板橋,2023-05-23,9349
2324,仁寶,10,0,10,華南永昌-板橋,2023-05-23,9349
2329,華泰,10,0,10,華南永昌-板橋,2023-05-23,9349
2706,第一店,10,0,10,華南永昌-板橋,2023-05-23,9349
2880,華南金,10,0,10,華南永昌-板橋,2023-05-23,9349
2897,王道銀行,10,0,10,華南永昌-板橋,2023-05-23,9349
3508,位速,10,0,10,華南永昌-板橋,2023-05-23,9349
3591,艾笛森,13,3,10,華南永昌-板橋,2023-05-23,9349
6414,樺漢,10,0,10,華南永昌-板橋,2023-05-23,9349
2337,旺宏,9,0,9,華南永昌-板橋,2023-05-23,9349
2609,陽明,10,1,9,華南永昌-板橋,2023-05-23,9349
3078,僑威,18,10,8,華南永昌-板橋,2023-05-23,9349
00902,中信電池及儲能,11,3,8,華南永昌-板橋,2023-05-23,9349
00713,元大台灣高息低波,8,0,8,華南永昌-板橋,2023-05-23,9349
1785,光洋科,9,1,8,華南永昌-板橋,2023-05-23,9349
2002,中鋼,12,4,8,華南永昌-板橋,2023-05-23,9349
2431,聯昌,8,0,8,華南永昌-板橋,2023-05-23,9349
2634,漢翔,14,6,8,華南永昌-板橋,2023-05-23,9349
3022,威強電,7,0,7,華南永昌-板橋,2023-05-23,9349
2208,台船,7,0,7,華南永昌-板橋,2023-05-23,9349
3419,譁裕,7,0,7,華南永昌-板橋,2023-05-23,9349
2344,華邦電,7,1,6,華南永昌-板橋,2023-05-23,9349
00882,中信中國高股息,194,0,194,華南永昌-板橋,2023-05-24,9349
2634,漢翔,161,27,134,華南永昌-板橋,2023-05-24,9349
2457,飛宏,324,190,134,華南永昌-板橋,2023-05-24,9349
00679B,元大美債20年,93,0,93,華南永昌-板橋,2023-05-24,9349
00687B,國泰20年美債,75,0,75,華南永昌-板橋,2023-05-24,9349
6282,康舒,149,74,75,華南永昌-板橋,2023-05-24,9349
2409,友達,97,25,72,華南永昌-板橋,2023-05-24,9349
3479,安勤,51,0,51,華南永昌-板橋,2023-05-24,9349
8033,雷虎,50,0,50,華南永昌-板橋,2023-05-24,9349
00878,國泰永續高股息,93,45,48,華南永昌-板橋,2023-05-24,9349
3038,全台,55,12,43,華南永昌-板橋,2023-05-24,9349
2867,三商壽,40,0,40,華南永昌-板橋,2023-05-24,9349
3290,東浦,41,5,36,華南永昌-板橋,2023-05-24,9349
3325,旭品,37,4,33,華南永昌-板橋,2023-05-24,9349
00637L,元大滬深300正2,46,15,31,華南永昌-板橋,2023-05-24,9349
4157,太景*-KY,25,0,25,華南永昌-板橋,2023-05-24,9349
5905,南仁湖,51,26,25,華南永昌-板橋,2023-05-24,9349
2884,玉山金,25,0,25,華南永昌-板橋,2023-05-24,9349
3628,盈正,20,0,20,華南永昌-板橋,2023-05-24,9349
6245,立端,20,2,18,華南永昌-板橋,2023-05-24,9349
2208,台船,16,0,16,華南永昌-板橋,2023-05-24,9349
3048,益登,15,0,15,華南永昌-板橋,2023-05-24,9349
3646,艾恩特,15,0,15,華南永昌-板橋,2023-05-24,9349
4967,十銓,11,0,11,華南永昌-板橋,2023-05-24,9349
00650L,復華香港正2,10,0,10,華南永昌-板橋,2023-05-24,9349
1710,東聯,13,3,10,華南永昌-板橋,2023-05-24,9349
1721,三晃,10,0,10,華南永昌-板橋,2023-05-24,9349
1795,美時,13,3,10,華南永昌-板橋,2023-05-24,9349
2438,翔耀,10,0,10,華南永昌-板橋,2023-05-24,9349
2812,台中銀,10,0,10,華南永昌-板橋,2023-05-24,9349
4109,加捷生醫,10,0,10,華南永昌-板橋,2023-05-24,9349
6182,合晶,10,0,10,華南永昌-板橋,2023-05-24,9349
1513,中興電,24,15,9,華南永昌-板橋,2023-05-24,9349
1442,名軒,9,0,9,華南永昌-板橋,2023-05-24,9349
2399,映泰,22,13,9,華南永昌-板橋,2023-05-24,9349
3491,昇達科,10,1,9,華南永昌-板橋,2023-05-24,9349
3704,合勤控,26,17,9,華南永昌-板橋,2023-05-24,9349
00636,國泰中國A50,9,1,8,華南永昌-板橋,2023-05-24,9349
1762,中化生,8,0,8,華南永昌-板橋,2023-05-24,9349
8436,大江,8,0,8,華南永昌-板橋,2023-05-24,9349
2618,長榮航,34,26,8,華南永昌-板橋,2023-05-24,9349
1810,和成,13,6,7,華南永昌-板橋,2023-05-24,9349
2356,英業達,8,1,7,華南永昌-板橋,2023-05-24,9349
2701,萬企,8,1,7,華南永昌-板橋,2023-05-24,9349
2888,新光金,8,1,7,華南永昌-板橋,2023-05-24,9349
4564,元翎,8,1,7,華南永昌-板橋,2023-05-24,9349
6274,台燿,11,4,7,華南永昌-板橋,2023-05-24,9349
2330,台積電,7,1,6,華南永昌-板橋,2023-05-24,9349
3035,智原,9,3,6,華南永昌-板橋,2023-05-24,9349
2231,為升,6,0,6,華南永昌-板橋,2023-05-24,9349
00882,中信中國高股息,245,117,128,華南永昌-板橋,2023-05-25,9349
1504,東元,86,17,69,華南永昌-板橋,2023-05-25,9349
6245,立端,62,1,61,華南永昌-板橋,2023-05-25,9349
2457,飛宏,58,9,49,華南永昌-板橋,2023-05-25,9349
3581,博磊,46,0,46,華南永昌-板橋,2023-05-25,9349
3324,雙鴻,59,18,41,華南永昌-板橋,2023-05-25,9349
2201,裕隆,45,7,38,華南永昌-板橋,2023-05-25,9349
3444,利機,49,13,36,華南永昌-板橋,2023-05-25,9349
4119,旭富,35,0,35,華南永昌-板橋,2023-05-25,9349
00688L,國泰20年美債正2,30,0,30,華南永昌-板橋,2023-05-25,9349
5356,協益,30,0,30,華南永昌-板橋,2023-05-25,9349
00878,國泰永續高股息,32,3,29,華南永昌-板橋,2023-05-25,9349
2603,長榮,25,0,25,華南永昌-板橋,2023-05-25,9349
00632R,元大台灣50反1,23,2,21,華南永昌-板橋,2023-05-25,9349
2438,翔耀,21,0,21,華南永昌-板橋,2023-05-25,9349
2105,正新,20,0,20,華南永昌-板橋,2023-05-25,9349
2705,六福,20,0,20,華南永昌-板橋,2023-05-25,9349
3044,健鼎,20,0,20,華南永昌-板橋,2023-05-25,9349
2882,國泰金,18,0,18,華南永昌-板橋,2023-05-25,9349
2340,台亞,16,0,16,華南永昌-板橋,2023-05-25,9349
2883,凱基金,17,1,16,華南永昌-板橋,2023-05-25,9349
2402,毅嘉,14,0,14,華南永昌-板橋,2023-05-25,9349
4768,晶呈科技,33,20,13,華南永昌-板橋,2023-05-25,9349
2342,茂矽,12,0,12,華南永昌-板橋,2023-05-25,9349
2630,亞航,31,19,12,華南永昌-板橋,2023-05-25,9349
00637L,元大滬深300正2,11,0,11,華南永昌-板橋,2023-05-25,9349
3176,基亞,11,0,11,華南永昌-板橋,2023-05-25,9349
4128,中天,11,0,11,華南永昌-板橋,2023-05-25,9349
1453,大將,10,0,10,華南永昌-板橋,2023-05-25,9349
3228,金麗科,10,0,10,華南永昌-板橋,2023-05-25,9349
5222,全訊,10,0,10,華南永昌-板橋,2023-05-25,9349
6603,富強鑫,10,0,10,華南永昌-板橋,2023-05-25,9349
2884,玉山金,10,0,10,華南永昌-板橋,2023-05-25,9349
2913,農林,9,0,9,華南永昌-板橋,2023-05-25,9349
3025,星通,18,9,9,華南永昌-板橋,2023-05-25,9349
3479,安勤,10,1,9,華南永昌-板橋,2023-05-25,9349
8033,雷虎,9,0,9,華南永昌-板橋,2023-05-25,9349
00650L,復華香港正2,9,1,8,華南永昌-板橋,2023-05-25,9349
00795B,中信美國公債20年,8,0,8,華南永昌-板橋,2023-05-25,9349
2401,凌陽,8,0,8,華南永昌-板橋,2023-05-25,9349
8937,合騏,8,0,8,華南永昌-板橋,2023-05-25,9349
2498,宏達電,19,12,7,華南永昌-板橋,2023-05-25,9349
2450,神腦,7,0,7,華南永昌-板橋,2023-05-25,9349
6111,大宇資,7,0,7,華南永昌-板橋,2023-05-25,9349
6835,圓裕,8,1,7,華南永昌-板橋,2023-05-25,9349
8210,勤誠,9,2,7,華南永昌-板橋,2023-05-25,9349
9933,中鼎,7,0,7,華南永昌-板橋,2023-05-25,9349
9941A,裕融甲特,7,0,7,華南永昌-板橋,2023-05-25,9349
6535,順藥,8,1,7,華南永昌-板橋,2023-05-25,9349
2317,鴻海,7,1,6,華南永昌-板橋,2023-05-25,9349
00632R,元大台灣50反1,113,18,95,華南永昌-板橋,2023-05-26,9349
2303,聯電,127,56,71,華南永昌-板橋,2023-05-26,9349
2356,英業達,70,13,57,華南永昌-板橋,2023-05-26,9349
00882,中信中國高股息,243,192,51,華南永昌-板橋,2023-05-26,9349
3479,安勤,60,10,50,華南永昌-板橋,2023-05-26,9349
2323,中環,140,95,45,華南永昌-板橋,2023-05-26,9349
00720B,元大投資級公司債,42,0,42,華南永昌-板橋,2023-05-26,9349
3444,利機,84,47,37,華南永昌-板橋,2023-05-26,9349
00715L,期街口布蘭特正2,35,0,35,華南永昌-板橋,2023-05-26,9349
5356,協益,35,0,35,華南永昌-板橋,2023-05-26,9349
2634,漢翔,33,1,32,華南永昌-板橋,2023-05-26,9349
3231,緯創,176,147,29,華南永昌-板橋,2023-05-26,9349
3501,維熹,27,0,27,華南永昌-板橋,2023-05-26,9349
2610,華航,46,21,25,華南永昌-板橋,2023-05-26,9349
6719,力智,25,0,25,華南永昌-板橋,2023-05-26,9349
2409,友達,23,0,23,華南永昌-板橋,2023-05-26,9349
00753L,中信中國50正2,23,0,23,華南永昌-板橋,2023-05-26,9349
4976,佳凌,22,0,22,華南永昌-板橋,2023-05-26,9349
2834,臺企銀,22,0,22,華南永昌-板橋,2023-05-26,9349
5706,鳳凰,31,9,22,華南永昌-板橋,2023-05-26,9349
00637L,元大滬深300正2,27,6,21,華南永昌-板橋,2023-05-26,9349
1618,合機,20,0,20,華南永昌-板橋,2023-05-26,9349
8234,新漢,20,0,20,華南永昌-板橋,2023-05-26,9349
2498,宏達電,18,0,18,華南永昌-板橋,2023-05-26,9349
2388,威盛,20,2,18,華南永昌-板橋,2023-05-26,9349
2376,技嘉,30,12,18,華南永昌-板橋,2023-05-26,9349
3042,晶技,20,2,18,華南永昌-板橋,2023-05-26,9349
6191,精成科,18,0,18,華南永昌-板橋,2023-05-26,9349
6282,康舒,67,49,18,華南永昌-板橋,2023-05-26,9349
4979,華星光,28,13,15,華南永昌-板橋,2023-05-26,9349
2609,陽明,16,2,14,華南永昌-板橋,2023-05-26,9349
2368,金像電,24,12,12,華南永昌-板橋,2023-05-26,9349
00679B,元大美債20年,12,0,12,華南永昌-板橋,2023-05-26,9349
1589,永冠-KY,14,2,12,華南永昌-板橋,2023-05-26,9349
4746,台耀,12,0,12,華南永昌-板橋,2023-05-26,9349
3540,曜越,12,1,11,華南永昌-板橋,2023-05-26,9349
4119,旭富,11,0,11,華南永昌-板橋,2023-05-26,9349
6669,緯穎,17,6,11,華南永昌-板橋,2023-05-26,9349
3481,群創,10,0,10,華南永昌-板橋,2023-05-26,9349
1314,中石化,10,0,10,華南永昌-板橋,2023-05-26,9349
2201,裕隆,11,1,10,華南永昌-板橋,2023-05-26,9349
2327,國巨,10,0,10,華南永昌-板橋,2023-05-26,9349
2399,映泰,12,2,10,華南永昌-板橋,2023-05-26,9349
2413,環科,10,0,10,華南永昌-板橋,2023-05-26,9349
2515,中工,10,0,10,華南永昌-板橋,2023-05-26,9349
3628,盈正,10,0,10,華南永昌-板橋,2023-05-26,9349
3702,大聯大,10,0,10,華南永昌-板橋,2023-05-26,9349
5511,德昌,10,0,10,華南永昌-板橋,2023-05-26,9349
6198,瑞築,10,0,10,華南永昌-板橋,2023-05-26,9349
6603,富強鑫,10,0,10,華南永昌-板橋,2023-05-26,9349
2323,中環,233,103,130,華南永昌-板橋,2023-05-29,9349
4979,華星光,229,112,117,華南永昌-板橋,2023-05-29,9349
1608,華榮,64,4,60,華南永昌-板橋,2023-05-29,9349
5356,協益,45,0,45,華南永昌-板橋,2023-05-29,9349
2328,廣宇,40,0,40,華南永昌-板橋,2023-05-29,9349
3029,零壹,54,16,38,華南永昌-板橋,2023-05-29,9349
2634,漢翔,55,19,36,華南永昌-板橋,2023-05-29,9349
6470,宇智,52,16,36,華南永昌-板橋,2023-05-29,9349
3444,利機,103,68,35,華南永昌-板橋,2023-05-29,9349
2330,台積電,58,26,32,華南永昌-板橋,2023-05-29,9349
4908,前鼎,30,0,30,華南永昌-板橋,2023-05-29,9349
6191,精成科,30,0,30,華南永昌-板橋,2023-05-29,9349
4102,永日,28,0,28,華南永昌-板橋,2023-05-29,9349
2002,中鋼,27,0,27,華南永昌-板橋,2023-05-29,9349
8085,福華,28,1,27,華南永昌-板橋,2023-05-29,9349
1905,華紙,34,11,23,華南永昌-板橋,2023-05-29,9349
3231,緯創,217,196,21,華南永昌-板橋,2023-05-29,9349
00892,富邦台灣半導體,20,0,20,華南永昌-板橋,2023-05-29,9349
2206,三陽工業,28,9,19,華南永昌-板橋,2023-05-29,9349
8046,南電,22,4,18,華南永昌-板橋,2023-05-29,9349
4768,晶呈科技,23,5,18,華南永昌-板橋,2023-05-29,9349
6531,愛普*,60,44,16,華南永昌-板橋,2023-05-29,9349
8038,長園科,17,2,15,華南永昌-板橋,2023-05-29,9349
3037,欣興,14,0,14,華南永昌-板橋,2023-05-29,9349
3163,波若威,84,70,14,華南永昌-板橋,2023-05-29,9349
2880,華南金,18,5,13,華南永昌-板橋,2023-05-29,9349
2618,長榮航,87,74,13,華南永昌-板橋,2023-05-29,9349
00893,國泰智能電動車,42,31,11,華南永昌-板橋,2023-05-29,9349
2884,玉山金,11,0,11,華南永昌-板橋,2023-05-29,9349
3481,群創,21,11,10,華南永昌-板橋,2023-05-29,9349
00665L,富邦�琤肭磪囓�2,10,0,10,華南永昌-板橋,2023-05-29,9349
2109,華豐,10,0,10,華南永昌-板橋,2023-05-29,9349
2352,佳世達,10,0,10,華南永昌-板橋,2023-05-29,9349
2362,藍天,10,0,10,華南永昌-板橋,2023-05-29,9349
3058,立德,10,0,10,華南永昌-板橋,2023-05-29,9349
5301,寶得利,10,0,10,華南永昌-板橋,2023-05-29,9349
1513,中興電,18,8,10,華南永昌-板橋,2023-05-29,9349
2409,友達,10,1,9,華南永昌-板橋,2023-05-29,9349
8071,能率網通,9,0,9,華南永昌-板橋,2023-05-29,9349
1519,華城,23,15,8,華南永昌-板橋,2023-05-29,9349
00882,中信中國高股息,12,4,8,華南永昌-板橋,2023-05-29,9349
00648R,元大S＆P500反1,8,0,8,華南永昌-板橋,2023-05-29,9349
2425,承啟,17,9,8,華南永昌-板橋,2023-05-29,9349
5243,乙盛-KY,15,7,8,華南永昌-板橋,2023-05-29,9349
2408,南亞科,6,0,6,華南永昌-板橋,2023-05-29,9349
2515,中工,6,0,6,華南永昌-板橋,2023-05-29,9349
4904,遠傳,6,0,6,華南永昌-板橋,2023-05-29,9349
6180,橘子,7,1,6,華南永昌-板橋,2023-05-29,9349
3443,創意,13,7,6,華南永昌-板橋,2023-05-29,9349
2382,廣達,36,30,6,華南永昌-板橋,2023-05-29,9349
00665L,富邦�琤肭磪囓�2,170,0,170,華南永昌-板橋,2023-05-30,9349
8011,台通,92,4,88,華南永昌-板橋,2023-05-30,9349
00715L,期街口布蘭特正2,60,0,60,華南永昌-板橋,2023-05-30,9349
6470,宇智,60,0,60,華南永昌-板橋,2023-05-30,9349
4714,永捷,54,0,54,華南永昌-板橋,2023-05-30,9349
4908,前鼎,51,0,51,華南永昌-板橋,2023-05-30,9349
2208,台船,50,0,50,華南永昌-板橋,2023-05-30,9349
1609,大亞,38,1,37,華南永昌-板橋,2023-05-30,9349
5353,台林,30,0,30,華南永昌-板橋,2023-05-30,9349
00772B,中信高評級公司債,27,0,27,華南永昌-板橋,2023-05-30,9349
2332,友訊,24,0,24,華南永昌-板橋,2023-05-30,9349
2388,威盛,51,28,23,華南永昌-板橋,2023-05-30,9349
2603,長榮,23,0,23,華南永昌-板橋,2023-05-30,9349
3176,基亞,22,0,22,華南永昌-板橋,2023-05-30,9349
5356,協益,20,0,20,華南永昌-板橋,2023-05-30,9349
5439,高技,20,0,20,華南永昌-板橋,2023-05-30,9349
2610,華航,71,52,19,華南永昌-板橋,2023-05-30,9349
2883,凱基金,19,0,19,華南永昌-板橋,2023-05-30,9349
2382,廣達,50,32,18,華南永昌-板橋,2023-05-30,9349
3581,博磊,17,0,17,華南永昌-板橋,2023-05-30,9349
2344,華邦電,19,3,16,華南永昌-板橋,2023-05-30,9349
00632R,元大台灣50反1,16,0,16,華南永昌-板橋,2023-05-30,9349
2302,麗正,16,0,16,華南永昌-板橋,2023-05-30,9349
2328,廣宇,30,14,16,華南永昌-板橋,2023-05-30,9349
00878,國泰永續高股息,32,17,15,華南永昌-板橋,2023-05-30,9349
00881,國泰台灣5G+,15,0,15,華南永昌-板橋,2023-05-30,9349
3481,群創,17,3,14,華南永昌-板橋,2023-05-30,9349
2327,國巨,13,0,13,華南永昌-板橋,2023-05-30,9349
00637L,元大滬深300正2,13,0,13,華南永昌-板橋,2023-05-30,9349
3444,利機,94,81,13,華南永昌-板橋,2023-05-30,9349
3704,合勤控,38,25,13,華南永昌-板橋,2023-05-30,9349
8033,雷虎,16,3,13,華南永昌-板橋,2023-05-30,9349
1605,華新,14,2,12,華南永昌-板橋,2023-05-30,9349
2882,國泰金,12,0,12,華南永昌-板橋,2023-05-30,9349
4977,眾達-KY,12,0,12,華南永昌-板橋,2023-05-30,9349
6235,華孚,15,4,11,華南永昌-板橋,2023-05-30,9349
2002,中鋼,11,1,10,華南永昌-板橋,2023-05-30,9349
00669R,國泰美國道瓊反1,10,0,10,華南永昌-板橋,2023-05-30,9349
2401,凌陽,10,0,10,華南永昌-板橋,2023-05-30,9349
3491,昇達科,10,0,10,華南永昌-板橋,2023-05-30,9349
3706,神達,17,7,10,華南永昌-板橋,2023-05-30,9349
6142,友勁,10,0,10,華南永昌-板橋,2023-05-30,9349
6164,華興,10,0,10,華南永昌-板橋,2023-05-30,9349
6188,廣明,15,5,10,華南永昌-板橋,2023-05-30,9349
6245,立端,11,1,10,華南永昌-板橋,2023-05-30,9349
00648R,元大S＆P500反1,9,0,9,華南永昌-板橋,2023-05-30,9349
3032,偉訓,9,0,9,華南永昌-板橋,2023-05-30,9349
5284,jpp-KY,10,1,9,華南永昌-板橋,2023-05-30,9349
6517,保勝光學,9,0,9,華南永昌-板橋,2023-05-30,9349
2609,陽明,10,2,8,華南永昌-板橋,2023-05-30,9349
2371,大同,1003,39,964,華南永昌-板橋,2023-05-31,9349
2356,英業達,110,12,98,華南永昌-板橋,2023-05-31,9349
4967,十銓,188,112,76,華南永昌-板橋,2023-05-31,9349
3231,緯創,214,157,57,華南永昌-板橋,2023-05-31,9349
00715L,期街口布蘭特正2,45,0,45,華南永昌-板橋,2023-05-31,9349
2457,飛宏,103,63,40,華南永昌-板橋,2023-05-31,9349
6245,立端,40,0,40,華南永昌-板橋,2023-05-31,9349
4102,永日,36,0,36,華南永昌-板橋,2023-05-31,9349
4977,眾達-KY,38,3,35,華南永昌-板橋,2023-05-31,9349
6202,盛群,30,0,30,華南永昌-板橋,2023-05-31,9349
8038,長園科,30,4,26,華南永昌-板橋,2023-05-31,9349
6217,中探針,20,0,20,華南永昌-板橋,2023-05-31,9349
00891,中信關鍵半導體,20,0,20,華南永昌-板橋,2023-05-31,9349
2884,玉山金,20,0,20,華南永昌-板橋,2023-05-31,9349
5521,工信,20,0,20,華南永昌-板橋,2023-05-31,9349
00878,國泰永續高股息,28,8,20,華南永昌-板橋,2023-05-31,9349
2888,新光金,21,2,19,華南永昌-板橋,2023-05-31,9349
8033,雷虎,20,1,19,華南永昌-板橋,2023-05-31,9349
8112,至上,18,0,18,華南永昌-板橋,2023-05-31,9349
2739,寒舍,18,1,17,華南永昌-板橋,2023-05-31,9349
5608,四維航,15,0,15,華南永昌-板橋,2023-05-31,9349
6142,友勁,15,0,15,華南永昌-板橋,2023-05-31,9349
1591,駿吉-KY,15,1,14,華南永昌-板橋,2023-05-31,9349
3006,晶豪科,15,1,14,華南永昌-板橋,2023-05-31,9349
6799,來頡,12,0,12,華南永昌-板橋,2023-05-31,9349
6669,緯穎,10,0,10,華南永昌-板橋,2023-05-31,9349
00637L,元大滬深300正2,10,0,10,華南永昌-板橋,2023-05-31,9349
1308,亞聚,10,0,10,華南永昌-板橋,2023-05-31,9349
1319,東陽,10,0,10,華南永昌-板橋,2023-05-31,9349
1460,宏遠,10,0,10,華南永昌-板橋,2023-05-31,9349
2486,一詮,10,0,10,華南永昌-板橋,2023-05-31,9349
2883,凱基金,12,2,10,華南永昌-板橋,2023-05-31,9349
3059,華晶科,11,1,10,華南永昌-板橋,2023-05-31,9349
3290,東浦,28,18,10,華南永昌-板橋,2023-05-31,9349
3338,泰碩,10,0,10,華南永昌-板橋,2023-05-31,9349
5356,協益,10,0,10,華南永昌-板橋,2023-05-31,9349
8097,常珵,12,2,10,華南永昌-板橋,2023-05-31,9349
2330,台積電,14,4,10,華南永昌-板橋,2023-05-31,9349
3363,上詮,9,0,9,華南永昌-板橋,2023-05-31,9349
2471,資通,8,0,8,華南永昌-板橋,2023-05-31,9349
2609,陽明,10,2,8,華南永昌-板橋,2023-05-31,9349
3628,盈正,8,0,8,華南永昌-板橋,2023-05-31,9349
4503,金雨,8,0,8,華南永昌-板橋,2023-05-31,9349
2449,京元電子,8,1,7,華南永昌-板橋,2023-05-31,9349
1504,東元,15,8,7,華南永昌-板橋,2023-05-31,9349
3071,協禧,7,0,7,華南永昌-板橋,2023-05-31,9349
3680,家登,7,0,7,華南永昌-板橋,2023-05-31,9349
6191,精成科,7,0,7,華南永昌-板橋,2023-05-31,9349
6770,力積電,7,0,7,華南永昌-板橋,2023-05-31,9349
8210,勤誠,20,13,7,華南永昌-板橋,2023-05-31,9349
1591,駿吉-KY,185,0,185,華南永昌-板橋,2023-06-01,9349
2371,大同,117,1,116,華南永昌-板橋,2023-06-01,9349
2891,中信金,100,1,99,華南永昌-板橋,2023-06-01,9349
00882,中信中國高股息,165,70,95,華南永昌-板橋,2023-06-01,9349
2356,英業達,100,7,93,華南永昌-板橋,2023-06-01,9349
2610,華航,138,50,88,華南永昌-板橋,2023-06-01,9349
2702,華園,83,0,83,華南永昌-板橋,2023-06-01,9349
3444,利機,208,126,82,華南永昌-板橋,2023-06-01,9349
2888,新光金,71,0,71,華南永昌-板橋,2023-06-01,9349
0056,元大高股息,77,20,57,華南永昌-板橋,2023-06-01,9349
00891,中信關鍵半導體,50,0,50,華南永昌-板橋,2023-06-01,9349
3024,憶聲,50,0,50,華南永昌-板橋,2023-06-01,9349
6282,康舒,58,12,46,華南永昌-板橋,2023-06-01,9349
1904,正隆,40,5,35,華南永昌-板橋,2023-06-01,9349
00715L,期街口布蘭特正2,132,101,31,華南永昌-板橋,2023-06-01,9349
3032,偉訓,30,0,30,華南永昌-板橋,2023-06-01,9349
00650L,復華香港正2,32,3,29,華南永昌-板橋,2023-06-01,9349
2427,三商電,30,3,27,華南永昌-板橋,2023-06-01,9349
2382,廣達,27,2,25,華南永昌-板橋,2023-06-01,9349
2436,偉詮電,24,1,23,華南永昌-板橋,2023-06-01,9349
2606,裕民,22,0,22,華南永昌-板橋,2023-06-01,9349
3013,晟銘電,30,8,22,華南永昌-板橋,2023-06-01,9349
4147,中裕,23,2,21,華南永昌-板橋,2023-06-01,9349
3260,威剛,27,10,17,華南永昌-板橋,2023-06-01,9349
1605,華新,18,2,16,華南永昌-板橋,2023-06-01,9349
4768,晶呈科技,15,0,15,華南永昌-板橋,2023-06-01,9349
1609,大亞,36,22,14,華南永昌-板橋,2023-06-01,9349
1810,和成,14,0,14,華南永昌-板橋,2023-06-01,9349
2327,國巨,16,3,13,華南永昌-板橋,2023-06-01,9349
2482,連宇,13,1,12,華南永昌-板橋,2023-06-01,9349
5243,乙盛-KY,19,7,12,華南永昌-板橋,2023-06-01,9349
2884,玉山金,11,0,11,華南永昌-板橋,2023-06-01,9349
2903,遠百,11,0,11,華南永昌-板橋,2023-06-01,9349
1795,美時,10,0,10,華南永昌-板橋,2023-06-01,9349
1103,嘉泥,10,0,10,華南永昌-板橋,2023-06-01,9349
2601,益航,10,0,10,華南永昌-板橋,2023-06-01,9349
2611,志信,10,0,10,華南永昌-板橋,2023-06-01,9349
2706,第一店,10,0,10,華南永昌-板橋,2023-06-01,9349
4564,元翎,93,83,10,華南永昌-板橋,2023-06-01,9349
4763,材料-KY,14,4,10,華南永昌-板橋,2023-06-01,9349
6148,驊宏資,10,0,10,華南永昌-板橋,2023-06-01,9349
8033,雷虎,10,0,10,華南永昌-板橋,2023-06-01,9349
2204,中華,10,0,10,華南永昌-板橋,2023-06-01,9349
2324,仁寶,10,1,9,華南永昌-板橋,2023-06-01,9349
3576,聯合再生,8,0,8,華南永昌-板橋,2023-06-01,9349
3363,上詮,16,8,8,華南永昌-板橋,2023-06-01,9349
2515,中工,14,7,7,華南永昌-板橋,2023-06-01,9349
3515,華擎,7,0,7,華南永昌-板橋,2023-06-01,9349
3628,盈正,7,0,7,華南永昌-板橋,2023-06-01,9349
5478,智冠,7,0,7,華南永昌-板橋,2023-06-01,9349
2349,錸德,100,2,98,華南永昌-板橋,2023-06-02,9349
6015,宏遠證,80,5,75,華南永昌-板橋,2023-06-02,9349
6188,廣明,55,4,51,華南永昌-板橋,2023-06-02,9349
1905,華紙,55,12,43,華南永昌-板橋,2023-06-02,9349
00919,群益台灣精選高息,42,0,42,華南永昌-板橋,2023-06-02,9349
00637L,元大滬深300正2,40,0,40,華南永昌-板橋,2023-06-02,9349
2337,旺宏,43,7,36,華南永昌-板橋,2023-06-02,9349
3444,利機,131,95,36,華南永昌-板橋,2023-06-02,9349
5371,中光電,30,0,30,華南永昌-板橋,2023-06-02,9349
6216,居易,29,0,29,華南永昌-板橋,2023-06-02,9349
2882,國泰金,27,0,27,華南永昌-板橋,2023-06-02,9349
3231,緯創,186,161,25,華南永昌-板橋,2023-06-02,9349
5521,工信,25,0,25,華南永昌-板橋,2023-06-02,9349
5356,協益,22,0,22,華南永昌-板橋,2023-06-02,9349
8088,品安,21,0,21,華南永昌-板橋,2023-06-02,9349
8048,德勝,20,0,20,華南永昌-板橋,2023-06-02,9349
3163,波若威,19,0,19,華南永昌-板橋,2023-06-02,9349
3356,奇偶,21,2,19,華南永昌-板橋,2023-06-02,9349
2371,大同,43,25,18,華南永昌-板橋,2023-06-02,9349
1504,東元,118,101,17,華南永昌-板橋,2023-06-02,9349
00687B,國泰20年美債,16,0,16,華南永昌-板橋,2023-06-02,9349
4953,緯軟,16,0,16,華南永昌-板橋,2023-06-02,9349
2201,裕隆,14,0,14,華南永昌-板橋,2023-06-02,9349
2359,所羅門,36,24,12,華南永昌-板橋,2023-06-02,9349
3591,艾笛森,12,0,12,華南永昌-板橋,2023-06-02,9349
4979,華星光,49,37,12,華南永昌-板橋,2023-06-02,9349
2884,玉山金,12,1,11,華南永昌-板橋,2023-06-02,9349
1727,中華化,11,0,11,華南永昌-板橋,2023-06-02,9349
4714,永捷,11,0,11,華南永昌-板橋,2023-06-02,9349
6164,華興,13,2,11,華南永昌-板橋,2023-06-02,9349
9945,潤泰新,11,0,11,華南永昌-板橋,2023-06-02,9349
00713,元大台灣高息低波,11,0,11,華南永昌-板橋,2023-06-02,9349
3260,威剛,18,7,11,華南永昌-板橋,2023-06-02,9349
00679B,元大美債20年,11,1,10,華南永昌-板橋,2023-06-02,9349
2605,新興,10,0,10,華南永昌-板橋,2023-06-02,9349
00692,富邦公司治理,10,0,10,華南永昌-板橋,2023-06-02,9349
00639,富邦深100,13,3,10,華南永昌-板橋,2023-06-02,9349
1325,恆大,10,0,10,華南永昌-板橋,2023-06-02,9349
2380,虹光,10,0,10,華南永昌-板橋,2023-06-02,9349
2834,臺企銀,10,0,10,華南永昌-板橋,2023-06-02,9349
3703,欣陸,10,0,10,華南永昌-板橋,2023-06-02,9349
4104,佳醫,10,0,10,華南永昌-板橋,2023-06-02,9349
5009,榮剛,10,0,10,華南永昌-板橋,2023-06-02,9349
6531,愛普*,27,17,10,華南永昌-板橋,2023-06-02,9349
8033,雷虎,10,0,10,華南永昌-板橋,2023-06-02,9349
8155,博智,10,0,10,華南永昌-板橋,2023-06-02,9349
3532,台勝科,10,0,10,華南永昌-板橋,2023-06-02,9349
2409,友達,10,1,9,華南永昌-板橋,2023-06-02,9349
0056,元大高股息,13,4,9,華南永昌-板橋,2023-06-02,9349
2312,金寶,10,1,9,華南永昌-板橋,2023-06-02,9349
3706,神達,146,7,139,華南永昌-板橋,2023-06-05,9349
1504,東元,163,73,90,華南永昌-板橋,2023-06-05,9349
0056,元大高股息,87,6,81,華南永昌-板橋,2023-06-05,9349
2486,一詮,132,55,77,華南永昌-板橋,2023-06-05,9349
1609,大亞,125,61,64,華南永昌-板橋,2023-06-05,9349
3231,緯創,158,99,59,華南永昌-板橋,2023-06-05,9349
2498,宏達電,62,6,56,華南永昌-板橋,2023-06-05,9349
1513,中興電,47,4,43,華南永昌-板橋,2023-06-05,9349
6116,彩晶,51,9,42,華南永昌-板橋,2023-06-05,9349
2618,長榮航,57,18,39,華南永昌-板橋,2023-06-05,9349
5706,鳳凰,32,3,29,華南永昌-板橋,2023-06-05,9349
2376,技嘉,29,1,28,華南永昌-板橋,2023-06-05,9349
4104,佳醫,26,0,26,華南永昌-板橋,2023-06-05,9349
5009,榮剛,61,36,25,華南永昌-板橋,2023-06-05,9349
2380,虹光,23,0,23,華南永昌-板橋,2023-06-05,9349
3707,漢磊,27,5,22,華南永昌-板橋,2023-06-05,9349
3027,盛達,30,10,20,華南永昌-板橋,2023-06-05,9349
3259,鑫創,20,0,20,華南永昌-板橋,2023-06-05,9349
4915,致伸,20,0,20,華南永昌-板橋,2023-06-05,9349
2323,中環,54,36,18,華南永昌-板橋,2023-06-05,9349
2915,潤泰全,20,2,18,華南永昌-板橋,2023-06-05,9349
2324,仁寶,20,3,17,華南永昌-板橋,2023-06-05,9349
2427,三商電,23,6,17,華南永昌-板橋,2023-06-05,9349
00919,群益台灣精選高息,17,0,17,華南永昌-板橋,2023-06-05,9349
1529,樂事綠能,22,6,16,華南永昌-板橋,2023-06-05,9349
2332,友訊,21,5,16,華南永昌-板橋,2023-06-05,9349
2344,華邦電,19,3,16,華南永昌-板橋,2023-06-05,9349
2369,菱生,16,0,16,華南永昌-板橋,2023-06-05,9349
2353,宏��,20,5,15,華南永昌-板橋,2023-06-05,9349
2457,飛宏,131,117,14,華南永昌-板橋,2023-06-05,9349
3444,利機,62,48,14,華南永昌-板橋,2023-06-05,9349
4533,協易機,14,0,14,華南永昌-板橋,2023-06-05,9349
00692,富邦公司治理,13,0,13,華南永昌-板橋,2023-06-05,9349
3324,雙鴻,29,16,13,華南永昌-板橋,2023-06-05,9349
3630,新鉅科,13,0,13,華南永昌-板橋,2023-06-05,9349
1460,宏遠,12,0,12,華南永昌-板橋,2023-06-05,9349
1733,五鼎,15,3,12,華南永昌-板橋,2023-06-05,9349
3715,定穎投控,12,0,12,華南永昌-板橋,2023-06-05,9349
4979,華星光,18,6,12,華南永昌-板橋,2023-06-05,9349
2317,鴻海,17,5,12,華南永昌-板橋,2023-06-05,9349
5425,台半,11,0,11,華南永昌-板橋,2023-06-05,9349
5243,乙盛-KY,16,5,11,華南永昌-板橋,2023-06-05,9349
8222,寶一,15,4,11,華南永昌-板橋,2023-06-05,9349
8426,紅木-KY,11,0,11,華南永昌-板橋,2023-06-05,9349
1514,亞力,39,29,10,華南永昌-板橋,2023-06-05,9349
00648R,元大S＆P500反1,10,0,10,華南永昌-板橋,2023-06-05,9349
00669R,國泰美國道瓊反1,10,0,10,華南永昌-板橋,2023-06-05,9349
1471,首利,10,0,10,華南永昌-板橋,2023-06-05,9349
2337,旺宏,13,3,10,華南永昌-板橋,2023-06-05,9349
2371,大同,12,2,10,華南永昌-板橋,2023-06-05,9349
2888,新光金,290,93,197,華南永昌-板橋,2023-06-06,9349
0056,元大高股息,87,3,84,華南永昌-板橋,2023-06-06,9349
00919,群益台灣精選高息,75,2,73,華南永昌-板橋,2023-06-06,9349
2323,中環,107,38,69,華南永昌-板橋,2023-06-06,9349
4979,華星光,64,18,46,華南永昌-板橋,2023-06-06,9349
2371,大同,50,6,44,華南永昌-板橋,2023-06-06,9349
2388,威盛,67,26,41,華南永昌-板橋,2023-06-06,9349
5356,協益,40,0,40,華南永昌-板橋,2023-06-06,9349
6116,彩晶,50,10,40,華南永昌-板橋,2023-06-06,9349
5512,力麒,68,30,38,華南永昌-板橋,2023-06-06,9349
2457,飛宏,58,24,34,華南永昌-板橋,2023-06-06,9349
1591,駿吉-KY,53,22,31,華南永昌-板橋,2023-06-06,9349
4123,晟德,32,3,29,華南永昌-板橋,2023-06-06,9349
8088,品安,30,1,29,華南永昌-板橋,2023-06-06,9349
4906,正文,30,4,26,華南永昌-板橋,2023-06-06,9349
4768,晶呈科技,25,0,25,華南永昌-板橋,2023-06-06,9349
2376,技嘉,27,3,24,華南永昌-板橋,2023-06-06,9349
3483,力致,31,10,21,華南永昌-板橋,2023-06-06,9349
00633L,富邦上証正2,20,0,20,華南永昌-板橋,2023-06-06,9349
00715L,期街口布蘭特正2,20,0,20,華南永昌-板橋,2023-06-06,9349
2402,毅嘉,24,4,20,華南永昌-板橋,2023-06-06,9349
8097,常珵,20,0,20,華南永昌-板橋,2023-06-06,9349
2913,農林,20,1,19,華南永昌-板橋,2023-06-06,9349
2498,宏達電,17,1,16,華南永昌-板橋,2023-06-06,9349
2618,長榮航,60,45,15,華南永昌-板橋,2023-06-06,9349
00878,國泰永續高股息,19,5,14,華南永昌-板橋,2023-06-06,9349
8358,金居,28,14,14,華南永昌-板橋,2023-06-06,9349
6180,橘子,22,9,13,華南永昌-板橋,2023-06-06,9349
00679B,元大美債20年,12,0,12,華南永昌-板橋,2023-06-06,9349
00927,群益半導體收益,12,1,11,華南永昌-板橋,2023-06-06,9349
1718,中纖,11,0,11,華南永昌-板橋,2023-06-06,9349
2834,臺企銀,20,9,11,華南永昌-板橋,2023-06-06,9349
00632R,元大台灣50反1,10,0,10,華南永昌-板橋,2023-06-06,9349
00645,富邦日本,10,0,10,華南永昌-板橋,2023-06-06,9349
2380,虹光,10,0,10,華南永昌-板橋,2023-06-06,9349
2731,雄獅,13,3,10,華南永昌-板橋,2023-06-06,9349
3046,建��,11,1,10,華南永昌-板橋,2023-06-06,9349
4953,緯軟,10,0,10,華南永昌-板橋,2023-06-06,9349
4960,誠美材,10,0,10,華南永昌-板橋,2023-06-06,9349
6456,GIS-KY,10,0,10,華南永昌-板橋,2023-06-06,9349
6776,展�眥篕�,10,0,10,華南永昌-板橋,2023-06-06,9349
8046,南電,9,0,9,華南永昌-板橋,2023-06-06,9349
1605,華新,11,2,9,華南永昌-板橋,2023-06-06,9349
2702,華園,10,1,9,華南永昌-板橋,2023-06-06,9349
3019,亞光,9,0,9,華南永昌-板橋,2023-06-06,9349
3704,合勤控,11,2,9,華南永昌-板橋,2023-06-06,9349
6111,大宇資,10,1,9,華南永昌-板橋,2023-06-06,9349
3406,玉晶光,13,4,9,華南永昌-板橋,2023-06-06,9349
3231,緯創,158,150,8,華南永昌-板橋,2023-06-06,9349
1104,環泥,8,0,8,華南永昌-板橋,2023-06-06,9349
2634,漢翔,246,45,201,華南永昌-板橋,2023-06-07,9349
1710,東聯,137,11,126,華南永昌-板橋,2023-06-07,9349
1104,環泥,120,0,120,華南永昌-板橋,2023-06-07,9349
1605,華新,133,25,108,華南永昌-板橋,2023-06-07,9349
4960,誠美材,100,0,100,華南永昌-板橋,2023-06-07,9349
6282,康舒,96,24,72,華南永昌-板橋,2023-06-07,9349
8033,雷虎,102,35,67,華南永昌-板橋,2023-06-07,9349
00919,群益台灣精選高息,53,0,53,華南永昌-板橋,2023-06-07,9349
2441,超豐,40,0,40,華南永昌-板橋,2023-06-07,9349
2888,新光金,101,61,40,華南永昌-板橋,2023-06-07,9349
8415,大國鋼,30,0,30,華南永昌-板橋,2023-06-07,9349
6116,彩晶,30,3,27,華南永昌-板橋,2023-06-07,9349
6438,迅得,29,2,27,華南永昌-板橋,2023-06-07,9349
3444,利機,46,21,25,華南永昌-板橋,2023-06-07,9349
00639,富邦深100,23,0,23,華南永昌-板橋,2023-06-07,9349
6285,啟��,77,54,23,華南永昌-板橋,2023-06-07,9349
00882,中信中國高股息,45,23,22,華南永昌-板橋,2023-06-07,9349
00632R,元大台灣50反1,21,0,21,華南永昌-板橋,2023-06-07,9349
5706,鳳凰,34,14,20,華南永昌-板橋,2023-06-07,9349
2413,環科,20,1,19,華南永昌-板橋,2023-06-07,9349
8038,長園科,19,0,19,華南永昌-板橋,2023-06-07,9349
1316,上曜,18,0,18,華南永昌-板橋,2023-06-07,9349
2206,三陽工業,47,32,15,華南永昌-板橋,2023-06-07,9349
2376,技嘉,27,13,14,華南永昌-板橋,2023-06-07,9349
4768,晶呈科技,33,19,14,華南永昌-板橋,2023-06-07,9349
2347,聯強,13,0,13,華南永昌-板橋,2023-06-07,9349
2609,陽明,13,0,13,華南永昌-板橋,2023-06-07,9349
2618,長榮航,40,27,13,華南永昌-板橋,2023-06-07,9349
2734,易飛網,12,0,12,華南永昌-板橋,2023-06-07,9349
4977,眾達-KY,12,0,12,華南永昌-板橋,2023-06-07,9349
2331,精英,11,0,11,華南永昌-板橋,2023-06-07,9349
6125,廣運,23,12,11,華南永昌-板橋,2023-06-07,9349
00927,群益半導體收益,10,0,10,華南永昌-板橋,2023-06-07,9349
1471,首利,10,0,10,華南永昌-板橋,2023-06-07,9349
2362,藍天,10,0,10,華南永昌-板橋,2023-06-07,9349
8940,新天地,13,3,10,華南永昌-板橋,2023-06-07,9349
1217,愛之味,10,1,9,華南永昌-板橋,2023-06-07,9349
2340,台亞,10,1,9,華南永昌-板橋,2023-06-07,9349
2399,映泰,13,4,9,華南永昌-板橋,2023-06-07,9349
2887,台新金,10,1,9,華南永昌-板橋,2023-06-07,9349
00648R,元大S＆P500反1,8,0,8,華南永昌-板橋,2023-06-07,9349
1762,中化生,8,0,8,華南永昌-板橋,2023-06-07,9349
2702,華園,13,5,8,華南永昌-板橋,2023-06-07,9349
2891,中信金,8,0,8,華南永昌-板橋,2023-06-07,9349
6150,撼訊,8,0,8,華南永昌-板橋,2023-06-07,9349
6290,良維,8,0,8,華南永昌-板橋,2023-06-07,9349
3037,欣興,9,2,7,華南永昌-板橋,2023-06-07,9349
2201,裕隆,10,3,7,華南永昌-板橋,2023-06-07,9349
3058,立德,12,5,7,華南永昌-板橋,2023-06-07,9349
4543,萬在,7,0,7,華南永昌-板橋,2023-06-07,9349
2888,新光金,624,14,610,華南永昌-板橋,2023-06-08,9349
6016,康和證,330,6,324,華南永昌-板橋,2023-06-08,9349
2409,友達,144,22,122,華南永昌-板橋,2023-06-08,9349
1609,大亞,331,257,74,華南永昌-板橋,2023-06-08,9349
00919,群益台灣精選高息,67,0,67,華南永昌-板橋,2023-06-08,9349
4967,十銓,164,102,62,華南永昌-板橋,2023-06-08,9349
5356,協益,60,0,60,華南永昌-板橋,2023-06-08,9349
2344,華邦電,58,2,56,華南永昌-板橋,2023-06-08,9349
6285,啟��,73,25,48,華南永昌-板橋,2023-06-08,9349
3374,精材,50,7,43,華南永昌-板橋,2023-06-08,9349
2882,國泰金,39,0,39,華南永昌-板橋,2023-06-08,9349
5439,高技,31,0,31,華南永昌-板橋,2023-06-08,9349
00712,復華富時不動產,30,0,30,華南永昌-板橋,2023-06-08,9349
1710,東聯,81,52,29,華南永昌-板橋,2023-06-08,9349
00915,凱基優選高股息30,30,3,27,華南永昌-板橋,2023-06-08,9349
2457,飛宏,39,13,26,華南永昌-板橋,2023-06-08,9349
6443,元晶,23,1,22,華南永昌-板橋,2023-06-08,9349
2399,映泰,21,0,21,華南永昌-板橋,2023-06-08,9349
2637,慧洋-KY,21,0,21,華南永昌-板橋,2023-06-08,9349
8048,德勝,21,0,21,華南永昌-板橋,2023-06-08,9349
8940,新天地,41,20,21,華南永昌-板橋,2023-06-08,9349
1618,合機,20,0,20,華南永昌-板橋,2023-06-08,9349
4768,晶呈科技,48,28,20,華南永昌-板橋,2023-06-08,9349
5285,界霖,20,0,20,華南永昌-板橋,2023-06-08,9349
6274,台燿,30,12,18,華南永昌-板橋,2023-06-08,9349
00878,國泰永續高股息,31,14,17,華南永昌-板橋,2023-06-08,9349
4102,永日,17,0,17,華南永昌-板橋,2023-06-08,9349
5009,榮剛,35,18,17,華南永昌-板橋,2023-06-08,9349
6188,廣明,17,1,16,華南永昌-板橋,2023-06-08,9349
3581,博磊,15,0,15,華南永昌-板橋,2023-06-08,9349
00922,國泰台灣領袖50,14,0,14,華南永昌-板橋,2023-06-08,9349
00772B,中信高評級公司債,14,0,14,華南永昌-板橋,2023-06-08,9349
5309,系統電,17,3,14,華南永昌-板橋,2023-06-08,9349
6550,北極星藥業-KY,16,2,14,華南永昌-板橋,2023-06-08,9349
1733,五鼎,13,0,13,華南永昌-板橋,2023-06-08,9349
6015,宏遠證,13,0,13,華南永昌-板橋,2023-06-08,9349
2388,威盛,20,7,13,華南永昌-板橋,2023-06-08,9349
1513,中興電,21,9,12,華南永昌-板橋,2023-06-08,9349
1612,宏泰,27,15,12,華南永昌-板橋,2023-06-08,9349
2913,農林,12,0,12,華南永昌-板橋,2023-06-08,9349
4545,銘鈺,12,0,12,華南永昌-板橋,2023-06-08,9349
2880,華南金,11,0,11,華南永昌-板橋,2023-06-08,9349
4564,元翎,12,1,11,華南永昌-板橋,2023-06-08,9349
6182,合晶,11,0,11,華南永昌-板橋,2023-06-08,9349
1519,華城,12,2,10,華南永昌-板橋,2023-06-08,9349
1903,士紙,10,0,10,華南永昌-板橋,2023-06-08,9349
3044,健鼎,10,0,10,華南永昌-板橋,2023-06-08,9349
3325,旭品,10,0,10,華南永昌-板橋,2023-06-08,9349
3444,利機,65,55,10,華南永昌-板橋,2023-06-08,9349
5521,工信,10,0,10,華南永昌-板橋,2023-06-08,9349
2888,新光金,430,42,388,華南永昌-板橋,2023-06-09,9349
3024,憶聲,150,0,150,華南永昌-板橋,2023-06-09,9349
3260,威剛,101,10,91,華南永昌-板橋,2023-06-09,9349
2301,光寶科,83,0,83,華南永昌-板橋,2023-06-09,9349
1504,東元,90,12,78,華南永昌-板橋,2023-06-09,9349
3006,晶豪科,70,0,70,華南永昌-板橋,2023-06-09,9349
2882,國泰金,57,0,57,華南永昌-板橋,2023-06-09,9349
8415,大國鋼,50,0,50,華南永昌-板橋,2023-06-09,9349
6205,詮欣,46,0,46,華南永昌-板橋,2023-06-09,9349
5425,台半,52,10,42,華南永昌-板橋,2023-06-09,9349
8112,至上,40,0,40,華南永昌-板橋,2023-06-09,9349
3444,利機,59,20,39,華南永昌-板橋,2023-06-09,9349
2371,大同,59,20,39,華南永昌-板橋,2023-06-09,9349
3033,威健,40,3,37,華南永昌-板橋,2023-06-09,9349
5512,力麒,71,35,36,華南永昌-板橋,2023-06-09,9349
4155,訊映,31,0,31,華南永昌-板橋,2023-06-09,9349
2426,鼎元,30,0,30,華南永昌-板橋,2023-06-09,9349
00929,復華台灣科技優息,37,8,29,華南永昌-板橋,2023-06-09,9349
3062,建漢,29,2,27,華南永昌-板橋,2023-06-09,9349
8097,常珵,23,0,23,華南永昌-板橋,2023-06-09,9349
00919,群益台灣精選高息,23,2,21,華南永昌-板橋,2023-06-09,9349
3483,力致,23,2,21,華南永昌-板橋,2023-06-09,9349
3044,健鼎,20,1,19,華南永昌-板橋,2023-06-09,9349
2498,宏達電,18,1,17,華南永昌-板橋,2023-06-09,9349
2303,聯電,35,20,15,華南永昌-板橋,2023-06-09,9349
00632R,元大台灣50反1,15,0,15,華南永昌-板橋,2023-06-09,9349
00669R,國泰美國道瓊反1,15,0,15,華南永昌-板橋,2023-06-09,9349
2884,玉山金,16,1,15,華南永昌-板橋,2023-06-09,9349
3234,光環,15,0,15,華南永昌-板橋,2023-06-09,9349
4157,太景*-KY,14,0,14,華南永昌-板橋,2023-06-09,9349
6443,元晶,13,0,13,華南永昌-板橋,2023-06-09,9349
1217,愛之味,12,0,12,華南永昌-板橋,2023-06-09,9349
4768,晶呈科技,20,9,11,華南永昌-板橋,2023-06-09,9349
8033,雷虎,12,1,11,華南永昌-板橋,2023-06-09,9349
2353,宏��,21,10,11,華南永昌-板橋,2023-06-09,9349
3374,精材,18,7,11,華南永昌-板橋,2023-06-09,9349
00671R,富邦NASDAQ反1,10,0,10,華南永昌-板橋,2023-06-09,9349
00648R,元大S＆P500反1,10,0,10,華南永昌-板橋,2023-06-09,9349
00850,元大臺灣ESG永續,10,0,10,華南永昌-板橋,2023-06-09,9349
1453,大將,10,0,10,華南永昌-板橋,2023-06-09,9349
2605,新興,10,0,10,華南永昌-板橋,2023-06-09,9349
2911,麗嬰房,10,0,10,華南永昌-板橋,2023-06-09,9349
5321,美而快,10,0,10,華南永昌-板橋,2023-06-09,9349
5465,富驊,13,3,10,華南永昌-板橋,2023-06-09,9349
6122,擎邦,21,11,10,華南永昌-板橋,2023-06-09,9349
6190,萬泰科,15,5,10,華南永昌-板橋,2023-06-09,9349
6270,倍微,10,0,10,華南永昌-板橋,2023-06-09,9349
2409,友達,72,62,10,華南永昌-板橋,2023-06-09,9349
6125,廣運,66,57,9,華南永昌-板橋,2023-06-09,9349
8926,台汽電,9,0,9,華南永昌-板橋,2023-06-09,9349
2888,新光金,387,133,254,華南永昌-板橋,2023-06-12,9349
00919,群益台灣精選高息,142,4,138,華南永昌-板橋,2023-06-12,9349
2201,裕隆,100,0,100,華南永昌-板橋,2023-06-12,9349
00715L,期街口布蘭特正2,100,1,99,華南永昌-板橋,2023-06-12,9349
1504,東元,158,61,97,華南永昌-板橋,2023-06-12,9349
6203,海韻電,74,1,73,華南永昌-板橋,2023-06-12,9349
2618,長榮航,119,65,54,華南永昌-板橋,2023-06-12,9349
00713,元大台灣高息低波,51,0,51,華南永昌-板橋,2023-06-12,9349
1609,大亞,79,31,48,華南永昌-板橋,2023-06-12,9349
2388,威盛,59,17,42,華南永昌-板橋,2023-06-12,9349
1605,華新,43,3,40,華南永昌-板橋,2023-06-12,9349
2882,國泰金,44,5,39,華南永昌-板橋,2023-06-12,9349
2312,金寶,41,2,39,華南永昌-板橋,2023-06-12,9349
00878,國泰永續高股息,40,2,38,華南永昌-板橋,2023-06-12,9349
5356,協益,38,0,38,華南永昌-板橋,2023-06-12,9349
3576,聯合再生,37,1,36,華南永昌-板橋,2023-06-12,9349
1529,樂事綠能,35,2,33,華南永昌-板橋,2023-06-12,9349
3444,利機,92,60,32,華南永昌-板橋,2023-06-12,9349
2382,廣達,37,7,30,華南永昌-板橋,2023-06-12,9349
2497,怡利電,30,1,29,華南永昌-板橋,2023-06-12,9349
3078,僑威,86,58,28,華南永昌-板橋,2023-06-12,9349
4157,太景*-KY,38,10,28,華南永昌-板橋,2023-06-12,9349
2356,英業達,32,6,26,華南永昌-板橋,2023-06-12,9349
1710,東聯,35,12,23,華南永昌-板橋,2023-06-12,9349
8358,金居,26,3,23,華南永昌-板橋,2023-06-12,9349
2377,微星,21,0,21,華南永昌-板橋,2023-06-12,9349
8027,鈦昇,21,0,21,華南永昌-板橋,2023-06-12,9349
8050,廣積,21,0,21,華南永昌-板橋,2023-06-12,9349
4123,晟德,21,1,20,華南永昌-板橋,2023-06-12,9349
3024,憶聲,20,0,20,華南永昌-板橋,2023-06-12,9349
8415,大國鋼,20,0,20,華南永昌-板橋,2023-06-12,9349
5425,台半,34,17,17,華南永昌-板橋,2023-06-12,9349
8038,長園科,18,1,17,華南永昌-板橋,2023-06-12,9349
2358,廷鑫,26,10,16,華南永昌-板橋,2023-06-12,9349
6163,華電網,18,2,16,華南永昌-板橋,2023-06-12,9349
00882,中信中國高股息,15,0,15,華南永昌-板橋,2023-06-12,9349
3581,博磊,15,0,15,華南永昌-板橋,2023-06-12,9349
0056,元大高股息,16,1,15,華南永昌-板橋,2023-06-12,9349
2634,漢翔,13,0,13,華南永昌-板橋,2023-06-12,9349
00712,復華富時不動產,12,0,12,華南永昌-板橋,2023-06-12,9349
3374,精材,53,41,12,華南永昌-板橋,2023-06-12,9349
1528,恩德,11,0,11,華南永昌-板橋,2023-06-12,9349
00772B,中信高評級公司債,11,0,11,華南永昌-板橋,2023-06-12,9349
1584,精剛,11,0,11,華南永昌-板橋,2023-06-12,9349
00676R,富邦臺灣加權反1,10,0,10,華南永昌-板橋,2023-06-12,9349
1532,勤美,10,0,10,華南永昌-板橋,2023-06-12,9349
1762,中化生,10,0,10,華南永昌-板橋,2023-06-12,9349
2605,新興,10,0,10,華南永昌-板橋,2023-06-12,9349
3003,健和興,21,11,10,華南永昌-板橋,2023-06-12,9349
3044,健鼎,10,0,10,華南永昌-板橋,2023-06-12,9349
00715L,期街口布蘭特正2,239,0,239,華南永昌-板橋,2023-06-13,9349
3374,精材,170,29,141,華南永昌-板橋,2023-06-13,9349
2888,新光金,143,15,128,華南永昌-板橋,2023-06-13,9349
2618,長榮航,148,37,111,華南永昌-板橋,2023-06-13,9349
5511,德昌,54,0,54,華南永昌-板橋,2023-06-13,9349
9934,成霖,50,0,50,華南永昌-板橋,2023-06-13,9349
4979,華星光,96,47,49,華南永昌-板橋,2023-06-13,9349
2882,國泰金,67,20,47,華南永昌-板橋,2023-06-13,9349
3576,聯合再生,48,5,43,華南永昌-板橋,2023-06-13,9349
6205,詮欣,160,117,43,華南永昌-板橋,2023-06-13,9349
3032,偉訓,36,1,35,華南永昌-板橋,2023-06-13,9349
2497,怡利電,124,90,34,華南永昌-板橋,2023-06-13,9349
4533,協易機,39,8,31,華南永昌-板橋,2023-06-13,9349
3444,利機,31,0,31,華南永昌-板橋,2023-06-13,9349
2480,敦陽科,31,1,30,華南永昌-板橋,2023-06-13,9349
2317,鴻海,116,89,27,華南永昌-板橋,2023-06-13,9349
4157,太景*-KY,29,5,24,華南永昌-板橋,2023-06-13,9349
2376,技嘉,38,17,21,華南永昌-板橋,2023-06-13,9349
1802,台玻,20,0,20,華南永昌-板橋,2023-06-13,9349
2323,中環,23,3,20,華南永昌-板橋,2023-06-13,9349
6164,華興,20,0,20,華南永昌-板橋,2023-06-13,9349
00919,群益台灣精選高息,25,6,19,華南永昌-板橋,2023-06-13,9349
4142,國光生,19,1,18,華南永昌-板橋,2023-06-13,9349
5351,鈺創,23,5,18,華南永昌-板橋,2023-06-13,9349
1609,大亞,41,24,17,華南永昌-板橋,2023-06-13,9349
00632R,元大台灣50反1,47,30,17,華南永昌-板橋,2023-06-13,9349
2201,裕隆,17,0,17,華南永昌-板橋,2023-06-13,9349
8112,至上,16,0,16,華南永昌-板橋,2023-06-13,9349
3481,群創,15,0,15,華南永昌-板橋,2023-06-13,9349
3037,欣興,33,18,15,華南永昌-板橋,2023-06-13,9349
1785,光洋科,17,2,15,華南永昌-板橋,2023-06-13,9349
2449,京元電子,36,23,13,華南永昌-板橋,2023-06-13,9349
2734,易飛網,16,4,12,華南永昌-板橋,2023-06-13,9349
8210,勤誠,12,0,12,華南永昌-板橋,2023-06-13,9349
2834,臺企銀,12,0,12,華南永昌-板橋,2023-06-13,9349
2332,友訊,11,0,11,華南永昌-板橋,2023-06-13,9349
5201,凱衛,11,0,11,華南永昌-板橋,2023-06-13,9349
5386,青雲,13,2,11,華南永昌-板橋,2023-06-13,9349
6139,亞翔,12,1,11,華南永昌-板橋,2023-06-13,9349
6148,驊宏資,14,3,11,華南永昌-板橋,2023-06-13,9349
2610,華航,28,18,10,華南永昌-板橋,2023-06-13,9349
00642U,期元大S＆P石油,10,0,10,華南永昌-板橋,2023-06-13,9349
8415,大國鋼,10,0,10,華南永昌-板橋,2023-06-13,9349
3202,樺晟,10,1,9,華南永昌-板橋,2023-06-13,9349
2371,大同,11,2,9,華南永昌-板橋,2023-06-13,9349
6770,力積電,10,1,9,華南永昌-板橋,2023-06-13,9349
00712,復華富時不動產,9,1,8,華南永昌-板橋,2023-06-13,9349
2884,玉山金,10,2,8,華南永昌-板橋,2023-06-13,9349
4545,銘鈺,8,0,8,華南永昌-板橋,2023-06-13,9349
8093,保銳,8,0,8,華南永昌-板橋,2023-06-13,9349
2888,新光金,165,43,122,華南永昌-板橋,2023-06-14,9349
2356,英業達,273,172,101,華南永昌-板橋,2023-06-14,9349
2497,怡利電,137,58,79,華南永昌-板橋,2023-06-14,9349
4960,誠美材,79,0,79,華南永昌-板橋,2023-06-14,9349
5351,鈺創,274,203,71,華南永昌-板橋,2023-06-14,9349
00712,復華富時不動產,72,1,71,華南永昌-板橋,2023-06-14,9349
1605,華新,61,3,58,華南永昌-板橋,2023-06-14,9349
5512,力麒,127,69,58,華南永昌-板橋,2023-06-14,9349
2449,京元電子,77,34,43,華南永昌-板橋,2023-06-14,9349
4142,國光生,40,0,40,華南永昌-板橋,2023-06-14,9349
6122,擎邦,47,7,40,華南永昌-板橋,2023-06-14,9349
9934,成霖,35,0,35,華南永昌-板橋,2023-06-14,9349
00919,群益台灣精選高息,39,5,34,華南永昌-板橋,2023-06-14,9349
6205,詮欣,237,206,31,華南永昌-板橋,2023-06-14,9349
3704,合勤控,25,0,25,華南永昌-板橋,2023-06-14,9349
3037,欣興,26,2,24,華南永昌-板橋,2023-06-14,9349
3481,群創,25,2,23,華南永昌-板橋,2023-06-14,9349
2457,飛宏,26,4,22,華南永昌-板橋,2023-06-14,9349
4906,正文,61,41,20,華南永昌-板橋,2023-06-14,9349
2382,廣達,25,5,20,華南永昌-板橋,2023-06-14,9349
3419,譁裕,21,1,20,華南永昌-板橋,2023-06-14,9349
4768,晶呈科技,82,62,20,華南永昌-板橋,2023-06-14,9349
4967,十銓,43,23,20,華南永昌-板橋,2023-06-14,9349
2645,長榮航太,19,0,19,華南永昌-板橋,2023-06-14,9349
8044,網家,19,0,19,華南永昌-板橋,2023-06-14,9349
4510,高鋒,18,0,18,華南永昌-板橋,2023-06-14,9349
00885,富邦越南,18,0,18,華南永昌-板橋,2023-06-14,9349
2376,技嘉,25,10,15,華南永昌-板橋,2023-06-14,9349
6235,華孚,21,6,15,華南永昌-板橋,2023-06-14,9349
8358,金居,17,4,13,華南永昌-板橋,2023-06-14,9349
3044,健鼎,13,0,13,華南永昌-板橋,2023-06-14,9349
5426,振發,14,1,13,華南永昌-板橋,2023-06-14,9349
00772B,中信高評級公司債,11,0,11,華南永昌-板橋,2023-06-14,9349
2388,威盛,15,5,10,華南永昌-板橋,2023-06-14,9349
1319,東陽,13,3,10,華南永昌-板橋,2023-06-14,9349
5243,乙盛-KY,16,6,10,華南永昌-板橋,2023-06-14,9349
5388,中磊,10,0,10,華南永昌-板橋,2023-06-14,9349
6770,力積電,27,17,10,華南永昌-板橋,2023-06-14,9349
2547,日勝生,9,0,9,華南永昌-板橋,2023-06-14,9349
3652,精聯,25,16,9,華南永昌-板橋,2023-06-14,9349
2368,金像電,13,5,8,華南永昌-板橋,2023-06-14,9349
00878,國泰永續高股息,19,12,7,華南永昌-板橋,2023-06-14,9349
1903,士紙,10,3,7,華南永昌-板橋,2023-06-14,9349
2408,南亞科,7,0,7,華南永昌-板橋,2023-06-14,9349
2436,偉詮電,7,0,7,華南永昌-板橋,2023-06-14,9349
2743,山富,10,3,7,華南永昌-板橋,2023-06-14,9349
3308,聯德,13,6,7,華南永昌-板橋,2023-06-14,9349
3356,奇偶,13,6,7,華南永昌-板橋,2023-06-14,9349
4157,太景*-KY,27,20,7,華南永昌-板橋,2023-06-14,9349
00929,復華台灣科技優息,6,0,6,華南永昌-板橋,2023-06-14,9349
2356,英業達,919,154,765,華南永昌-板橋,2023-06-15,9349
3019,亞光,152,4,148,華南永昌-板橋,2023-06-15,9349
4960,誠美材,130,0,130,華南永昌-板橋,2023-06-15,9349
3207,耀勝,180,54,126,華南永昌-板橋,2023-06-15,9349
2618,長榮航,618,516,102,華南永昌-板橋,2023-06-15,9349
2888,新光金,97,8,89,華南永昌-板橋,2023-06-15,9349
2497,怡利電,234,146,88,華南永昌-板橋,2023-06-15,9349
6015,宏遠證,69,0,69,華南永昌-板橋,2023-06-15,9349
3003,健和興,60,0,60,華南永昌-板橋,2023-06-15,9349
2634,漢翔,74,19,55,華南永昌-板橋,2023-06-15,9349
5351,鈺創,214,165,49,華南永昌-板橋,2023-06-15,9349
2409,友達,61,16,45,華南永昌-板橋,2023-06-15,9349
00919,群益台灣精選高息,45,1,44,華南永昌-板橋,2023-06-15,9349
4526,東台,39,0,39,華南永昌-板橋,2023-06-15,9349
3481,群創,53,16,37,華南永昌-板橋,2023-06-15,9349
00882,中信中國高股息,40,10,30,華南永昌-板橋,2023-06-15,9349
3033,威健,30,4,26,華南永昌-板橋,2023-06-15,9349
3264,欣銓,37,13,24,華南永昌-板橋,2023-06-15,9349
00632R,元大台灣50反1,21,0,21,華南永昌-板橋,2023-06-15,9349
00633L,富邦上証正2,20,0,20,華南永昌-板橋,2023-06-15,9349
3176,基亞,20,0,20,華南永昌-板橋,2023-06-15,9349
8114,振樺電,20,0,20,華南永昌-板橋,2023-06-15,9349
9934,成霖,20,0,20,華南永昌-板橋,2023-06-15,9349
6550,北極星藥業-KY,18,0,18,華南永昌-板橋,2023-06-15,9349
3374,精材,28,10,18,華南永昌-板橋,2023-06-15,9349
8076,伍豐,25,7,18,華南永昌-板橋,2023-06-15,9349
2323,中環,22,5,17,華南永昌-板橋,2023-06-15,9349
2892,第一金,17,0,17,華南永昌-板橋,2023-06-15,9349
00715L,期街口布蘭特正2,17,0,17,華南永昌-板橋,2023-06-15,9349
1504,東元,30,14,16,華南永昌-板橋,2023-06-15,9349
2349,錸德,16,0,16,華南永昌-板橋,2023-06-15,9349
3059,華晶科,28,12,16,華南永昌-板橋,2023-06-15,9349
4768,晶呈科技,16,0,16,華南永昌-板橋,2023-06-15,9349
6205,詮欣,101,85,16,華南永昌-板橋,2023-06-15,9349
2201,裕隆,16,1,15,華南永昌-板橋,2023-06-15,9349
2344,華邦電,16,2,14,華南永昌-板橋,2023-06-15,9349
6182,合晶,14,0,14,華南永昌-板橋,2023-06-15,9349
2206,三陽工業,14,0,14,華南永昌-板橋,2023-06-15,9349
1519,華城,18,5,13,華南永昌-板橋,2023-06-15,9349
3576,聯合再生,13,0,13,華南永昌-板橋,2023-06-15,9349
4533,協易機,19,7,12,華南永昌-板橋,2023-06-15,9349
1611,中電,78,66,12,華南永昌-板橋,2023-06-15,9349
3581,博磊,12,0,12,華南永昌-板橋,2023-06-15,9349
2615,萬海,13,2,11,華南永昌-板橋,2023-06-15,9349
2353,宏��,11,0,11,華南永昌-板橋,2023-06-15,9349
4979,華星光,52,42,10,華南永昌-板橋,2023-06-15,9349
00657,國泰日經225,10,0,10,華南永昌-板橋,2023-06-15,9349
00671R,富邦NASDAQ反1,10,0,10,華南永昌-板橋,2023-06-15,9349
2369,菱生,10,0,10,華南永昌-板橋,2023-06-15,9349
2404,漢唐,10,0,10,華南永昌-板橋,2023-06-15,9349
2610,華航,312,198,114,華南永昌-板橋,2023-06-16,9349
1591,駿吉-KY,80,0,80,華南永昌-板橋,2023-06-16,9349
8088,品安,85,9,76,華南永昌-板橋,2023-06-16,9349
3207,耀勝,86,12,74,華南永昌-板橋,2023-06-16,9349
6005,群益證,70,0,70,華南永昌-板橋,2023-06-16,9349
6285,啟��,127,61,66,華南永昌-板橋,2023-06-16,9349
2888,新光金,85,22,63,華南永昌-板橋,2023-06-16,9349
2618,長榮航,173,111,62,華南永昌-板橋,2023-06-16,9349
2371,大同,90,48,42,華南永昌-板橋,2023-06-16,9349
4979,華星光,120,79,41,華南永昌-板橋,2023-06-16,9349
1611,中電,44,9,35,華南永昌-板橋,2023-06-16,9349
5356,協益,35,0,35,華南永昌-板橋,2023-06-16,9349
2880,華南金,34,0,34,華南永昌-板橋,2023-06-16,9349
5227,立凱-KY,30,0,30,華南永昌-板橋,2023-06-16,9349
6275,元山,30,0,30,華南永昌-板橋,2023-06-16,9349
3419,譁裕,31,2,29,華南永昌-板橋,2023-06-16,9349
3027,盛達,27,2,25,華南永昌-板橋,2023-06-16,9349
3706,神達,54,30,24,華南永昌-板橋,2023-06-16,9349
2323,中環,49,25,24,華南永昌-板橋,2023-06-16,9349
2105,正新,21,1,20,華南永昌-板橋,2023-06-16,9349
8171,天宇,20,0,20,華南永昌-板橋,2023-06-16,9349
2883,凱基金,18,1,17,華南永昌-板橋,2023-06-16,9349
2882,國泰金,17,0,17,華南永昌-板橋,2023-06-16,9349
2208,台船,16,0,16,華南永昌-板橋,2023-06-16,9349
3673,TPK-KY,16,0,16,華南永昌-板橋,2023-06-16,9349
00885,富邦越南,16,0,16,華南永昌-板橋,2023-06-16,9349
2382,廣達,28,13,15,華南永昌-板橋,2023-06-16,9349
2368,金像電,25,10,15,華南永昌-板橋,2023-06-16,9349
5608,四維航,15,0,15,華南永昌-板橋,2023-06-16,9349
1795,美時,24,10,14,華南永昌-板橋,2023-06-16,9349
5426,振發,14,0,14,華南永昌-板橋,2023-06-16,9349
6830,汎銓,18,4,14,華南永昌-板橋,2023-06-16,9349
2201,裕隆,25,11,14,華南永昌-板橋,2023-06-16,9349
1504,東元,188,175,13,華南永昌-板橋,2023-06-16,9349
2606,裕民,13,0,13,華南永昌-板橋,2023-06-16,9349
00671R,富邦NASDAQ反1,12,0,12,華南永昌-板橋,2023-06-16,9349
1533,車王電,12,0,12,華南永昌-板橋,2023-06-16,9349
4164,承業醫,12,0,12,華南永昌-板橋,2023-06-16,9349
2401,凌陽,29,18,11,華南永昌-板橋,2023-06-16,9349
2734,易飛網,12,1,11,華南永昌-板橋,2023-06-16,9349
2845,遠東銀,11,0,11,華南永昌-板橋,2023-06-16,9349
3013,晟銘電,13,2,11,華南永昌-板橋,2023-06-16,9349
3581,博磊,11,0,11,華南永昌-板橋,2023-06-16,9349
2404,漢唐,12,2,10,華南永昌-板橋,2023-06-16,9349
2332,友訊,13,3,10,華南永昌-板橋,2023-06-16,9349
2353,宏��,16,6,10,華南永昌-板橋,2023-06-16,9349
2801,彰銀,10,0,10,華南永昌-板橋,2023-06-16,9349
3019,亞光,11,1,10,華南永昌-板橋,2023-06-16,9349
3033,威健,10,0,10,華南永昌-板橋,2023-06-16,9349
3149,正達,10,0,10,華南永昌-板橋,2023-06-16,9349
3207,耀勝,164,55,109,華南永昌-板橋,2023-06-19,9349
00712,復華富時不動產,68,0,68,華南永昌-板橋,2023-06-19,9349
00795B,中信美國公債20年,60,0,60,華南永昌-板橋,2023-06-19,9349
00679B,元大美債20年,50,0,50,華南永昌-板橋,2023-06-19,9349
2382,廣達,63,16,47,華南永昌-板橋,2023-06-19,9349
00637L,元大滬深300正2,37,0,37,華南永昌-板橋,2023-06-19,9349
2498,宏達電,36,1,35,華南永昌-板橋,2023-06-19,9349
2402,毅嘉,48,14,34,華南永昌-板橋,2023-06-19,9349
3706,神達,36,4,32,華南永昌-板橋,2023-06-19,9349
2324,仁寶,29,1,28,華南永昌-板橋,2023-06-19,9349
5351,鈺創,28,1,27,華南永昌-板橋,2023-06-19,9349
3231,緯創,50,25,25,華南永昌-板橋,2023-06-19,9349
2344,華邦電,24,2,22,華南永昌-板橋,2023-06-19,9349
2388,威盛,38,17,21,華南永昌-板橋,2023-06-19,9349
3003,健和興,22,1,21,華南永昌-板橋,2023-06-19,9349
2104,國際中橡,27,7,20,華南永昌-板橋,2023-06-19,9349
3305,昇貿,20,0,20,華南永昌-板橋,2023-06-19,9349
2421,建準,31,14,17,華南永昌-板橋,2023-06-19,9349
2353,宏��,27,11,16,華南永昌-板橋,2023-06-19,9349
3024,憶聲,16,0,16,華南永昌-板橋,2023-06-19,9349
6148,驊宏資,17,2,15,華南永昌-板橋,2023-06-19,9349
8271,宇瞻,15,0,15,華南永昌-板橋,2023-06-19,9349
8277,商丞,15,0,15,華南永昌-板橋,2023-06-19,9349
3260,威剛,18,4,14,華南永昌-板橋,2023-06-19,9349
1802,台玻,34,21,13,華南永昌-板橋,2023-06-19,9349
2404,漢唐,13,0,13,華南永昌-板橋,2023-06-19,9349
2405,輔信,15,2,13,華南永昌-板橋,2023-06-19,9349
6485,點序,13,0,13,華南永昌-板橋,2023-06-19,9349
2427,三商電,14,2,12,華南永昌-板橋,2023-06-19,9349
1611,中電,14,3,11,華南永昌-板橋,2023-06-19,9349
4104,佳醫,11,0,11,華南永昌-板橋,2023-06-19,9349
5511,德昌,11,0,11,華南永昌-板橋,2023-06-19,9349
00882,中信中國高股息,20,10,10,華南永昌-板橋,2023-06-19,9349
1605,華新,31,21,10,華南永昌-板橋,2023-06-19,9349
1742,台蠟,10,0,10,華南永昌-板橋,2023-06-19,9349
4746,台耀,10,0,10,華南永昌-板橋,2023-06-19,9349
4927,泰鼎-KY,10,0,10,華南永昌-板橋,2023-06-19,9349
00903,富邦元宇宙,9,0,9,華南永昌-板橋,2023-06-19,9349
1795,美時,9,0,9,華南永昌-板橋,2023-06-19,9349
2331,精英,10,1,9,華南永昌-板橋,2023-06-19,9349
4123,晟德,12,3,9,華南永昌-板橋,2023-06-19,9349
5284,jpp-KY,10,1,9,華南永昌-板橋,2023-06-19,9349
00632R,元大台灣50反1,10,2,8,華南永昌-板橋,2023-06-19,9349
1471,首利,10,2,8,華南永昌-板橋,2023-06-19,9349
2399,映泰,8,0,8,華南永昌-板橋,2023-06-19,9349
2845,遠東銀,10,2,8,華南永昌-板橋,2023-06-19,9349
4543,萬在,9,1,8,華南永昌-板橋,2023-06-19,9349
4977,眾達-KY,10,2,8,華南永昌-板橋,2023-06-19,9349
8088,品安,11,3,8,華南永昌-板橋,2023-06-19,9349
8114,振樺電,8,0,8,華南永昌-板橋,2023-06-19,9349
2323,中環,182,50,132,華南永昌-板橋,2023-06-20,9349
2610,華航,221,95,126,華南永昌-板橋,2023-06-20,9349
2461,光群雷,101,0,101,華南永昌-板橋,2023-06-20,9349
00893,國泰智能電動車,100,12,88,華南永昌-板橋,2023-06-20,9349
2303,聯電,65,4,61,華南永昌-板橋,2023-06-20,9349
3176,基亞,60,0,60,華南永昌-板橋,2023-06-20,9349
2618,長榮航,236,179,57,華南永昌-板橋,2023-06-20,9349
1326,台化,54,0,54,華南永昌-板橋,2023-06-20,9349
4960,誠美材,50,3,47,華南永昌-板橋,2023-06-20,9349
00637L,元大滬深300正2,40,0,40,華南永昌-板橋,2023-06-20,9349
2634,漢翔,120,86,34,華南永昌-板橋,2023-06-20,9349
00919,群益台灣精選高息,30,0,30,華南永昌-板橋,2023-06-20,9349
3481,群創,78,50,28,華南永昌-板橋,2023-06-20,9349
3213,茂訊,28,0,28,華南永昌-板橋,2023-06-20,9349
1612,宏泰,31,6,25,華南永昌-板橋,2023-06-20,9349
2367,燿華,23,0,23,華南永昌-板橋,2023-06-20,9349
00878,國泰永續高股息,23,1,22,華南永昌-板橋,2023-06-20,9349
5347,世界,22,0,22,華南永昌-板橋,2023-06-20,9349
2382,廣達,19,0,19,華南永昌-板橋,2023-06-20,9349
1529,樂事綠能,21,3,18,華南永昌-板橋,2023-06-20,9349
1802,台玻,18,0,18,華南永昌-板橋,2023-06-20,9349
8415,大國鋼,18,0,18,華南永昌-板橋,2023-06-20,9349
4979,華星光,85,68,17,華南永昌-板橋,2023-06-20,9349
2352,佳世達,16,0,16,華南永昌-板橋,2023-06-20,9349
2515,中工,16,0,16,華南永昌-板橋,2023-06-20,9349
1605,華新,21,6,15,華南永昌-板橋,2023-06-20,9349
00679B,元大美債20年,14,0,14,華南永昌-板橋,2023-06-20,9349
3673,TPK-KY,24,11,13,華南永昌-板橋,2023-06-20,9349
6485,點序,12,0,12,華南永昌-板橋,2023-06-20,9349
6266,泰詠,11,0,11,華南永昌-板橋,2023-06-20,9349
2454,聯發科,12,1,11,華南永昌-板橋,2023-06-20,9349
3706,神達,22,12,10,華南永昌-板橋,2023-06-20,9349
1460,宏遠,10,0,10,華南永昌-板橋,2023-06-20,9349
1533,車王電,10,0,10,華南永昌-板橋,2023-06-20,9349
2337,旺宏,12,2,10,華南永昌-板橋,2023-06-20,9349
2884,玉山金,10,0,10,華南永昌-板橋,2023-06-20,9349
4108,懷特,12,2,10,華南永昌-板橋,2023-06-20,9349
4129,聯合,10,0,10,華南永昌-板橋,2023-06-20,9349
6669,緯穎,10,0,10,華南永昌-板橋,2023-06-20,9349
2027,大成鋼,11,2,9,華南永昌-板橋,2023-06-20,9349
1905,華紙,11,2,9,華南永昌-板橋,2023-06-20,9349
00738U,期元大道瓊白銀,9,0,9,華南永昌-板橋,2023-06-20,9349
1514,亞力,22,13,9,華南永昌-板橋,2023-06-20,9349
4545,銘鈺,9,0,9,華南永昌-板橋,2023-06-20,9349
2734,易飛網,10,2,8,華南永昌-板橋,2023-06-20,9349
4133,亞諾法,8,0,8,華南永昌-板橋,2023-06-20,9349
4538,大詠城,11,3,8,華南永昌-板橋,2023-06-20,9349
5201,凱衛,8,0,8,華南永昌-板橋,2023-06-20,9349
5706,鳳凰,14,6,8,華南永昌-板橋,2023-06-20,9349
6116,彩晶,14,6,8,華南永昌-板橋,2023-06-20,9349
2634,漢翔,197,106,91,華南永昌-板橋,2023-06-21,9349
2461,光群雷,85,0,85,華南永昌-板橋,2023-06-21,9349
3481,群創,220,154,66,華南永昌-板橋,2023-06-21,9349
3019,亞光,60,1,59,華南永昌-板橋,2023-06-21,9349
00715L,期街口布蘭特正2,50,0,50,華南永昌-板橋,2023-06-21,9349
6217,中探針,69,21,48,華南永昌-板橋,2023-06-21,9349
2706,第一店,68,20,48,華南永昌-板橋,2023-06-21,9349
2362,藍天,40,1,39,華南永昌-板橋,2023-06-21,9349
2705,六福,62,26,36,華南永昌-板橋,2023-06-21,9349
1905,華紙,75,39,36,華南永昌-板橋,2023-06-21,9349
6414,樺漢,48,14,34,華南永昌-板橋,2023-06-21,9349
6120,達運,35,2,33,華南永昌-板橋,2023-06-21,9349
4108,懷特,28,2,26,華南永昌-板橋,2023-06-21,9349
2312,金寶,25,1,24,華南永昌-板橋,2023-06-21,9349
3363,上詮,25,4,21,華南永昌-板橋,2023-06-21,9349
1591,駿吉-KY,20,0,20,華南永昌-板橋,2023-06-21,9349
1795,美時,25,5,20,華南永昌-板橋,2023-06-21,9349
4129,聯合,20,0,20,華南永昌-板橋,2023-06-21,9349
1605,華新,48,30,18,華南永昌-板橋,2023-06-21,9349
2615,萬海,18,1,17,華南永昌-板橋,2023-06-21,9349
8105,凌巨,21,4,17,華南永昌-板橋,2023-06-21,9349
00882,中信中國高股息,15,0,15,華南永昌-板橋,2023-06-21,9349
3059,華晶科,15,0,15,華南永昌-板橋,2023-06-21,9349
2408,南亞科,14,0,14,華南永昌-板橋,2023-06-21,9349
1529,樂事綠能,15,2,13,華南永昌-板橋,2023-06-21,9349
4543,萬在,16,3,13,華南永昌-板橋,2023-06-21,9349
4916,事欣科,35,22,13,華南永昌-板橋,2023-06-21,9349
5425,台半,23,10,13,華南永昌-板橋,2023-06-21,9349
2603,長榮,13,1,12,華南永昌-板橋,2023-06-21,9349
1802,台玻,12,0,12,華南永昌-板橋,2023-06-21,9349
2104,國際中橡,12,0,12,華南永昌-板橋,2023-06-21,9349
2332,友訊,15,3,12,華南永昌-板橋,2023-06-21,9349
2427,三商電,24,12,12,華南永昌-板橋,2023-06-21,9349
4551,智伸科,12,0,12,華南永昌-板橋,2023-06-21,9349
2371,大同,38,26,12,華南永昌-板橋,2023-06-21,9349
2748,雲品,31,19,12,華南永昌-板橋,2023-06-21,9349
00692,富邦公司治理,11,0,11,華南永昌-板橋,2023-06-21,9349
3038,全台,17,6,11,華南永昌-板橋,2023-06-21,9349
4104,佳醫,11,0,11,華南永昌-板橋,2023-06-21,9349
8234,新漢,11,0,11,華南永昌-板橋,2023-06-21,9349
1727,中華化,10,0,10,華南永昌-板橋,2023-06-21,9349
3027,盛達,23,13,10,華南永昌-板橋,2023-06-21,9349
4164,承業醫,10,0,10,華南永昌-板橋,2023-06-21,9349
4746,台耀,10,0,10,華南永昌-板橋,2023-06-21,9349
5351,鈺創,167,157,10,華南永昌-板橋,2023-06-21,9349
8415,大國鋼,10,0,10,華南永昌-板橋,2023-06-21,9349
8210,勤誠,12,2,10,華南永昌-板橋,2023-06-21,9349
2702,華園,18,8,10,華南永昌-板橋,2023-06-21,9349
00738U,期元大道瓊白銀,9,0,9,華南永昌-板橋,2023-06-21,9349
1909,榮成,10,1,9,華南永昌-板橋,2023-06-21,9349
00632R,元大台灣50反1,2005,0,2005,華南永昌-板橋,2023-06-26,9349
2332,友訊,417,49,368,華南永昌-板橋,2023-06-26,9349
00893,國泰智能電動車,186,1,185,華南永昌-板橋,2023-06-26,9349
3673,TPK-KY,188,6,182,華南永昌-板橋,2023-06-26,9349
3003,健和興,133,10,123,華南永昌-板橋,2023-06-26,9349
2888,新光金,106,0,106,華南永昌-板橋,2023-06-26,9349
1337,再生-KY,100,0,100,華南永昌-板橋,2023-06-26,9349
1785,光洋科,92,2,90,華南永昌-板橋,2023-06-26,9349
6116,彩晶,82,1,81,華南永昌-板橋,2023-06-26,9349
2409,友達,79,0,79,華南永昌-板橋,2023-06-26,9349
2344,華邦電,93,17,76,華南永昌-板橋,2023-06-26,9349
1904,正隆,68,8,60,華南永昌-板橋,2023-06-26,9349
3019,亞光,60,0,60,華南永昌-板橋,2023-06-26,9349
9105,泰金寶-DR,51,0,51,華南永昌-板橋,2023-06-26,9349
2461,光群雷,50,0,50,華南永昌-板橋,2023-06-26,9349
1907,永豐餘,89,43,46,華南永昌-板橋,2023-06-26,9349
2376,技嘉,57,13,44,華南永昌-板橋,2023-06-26,9349
00637L,元大滬深300正2,31,0,31,華南永昌-板橋,2023-06-26,9349
2615,萬海,30,0,30,華南永昌-板橋,2023-06-26,9349
6164,華興,30,0,30,華南永昌-板橋,2023-06-26,9349
1802,台玻,31,3,28,華南永昌-板橋,2023-06-26,9349
2497,怡利電,27,0,27,華南永昌-板橋,2023-06-26,9349
00642U,期元大S＆P石油,26,0,26,華南永昌-板橋,2023-06-26,9349
6282,康舒,25,0,25,華南永昌-板橋,2023-06-26,9349
1528,恩德,23,1,22,華南永昌-板橋,2023-06-26,9349
00882,中信中國高股息,26,5,21,華南永昌-板橋,2023-06-26,9349
6443,元晶,21,0,21,華南永昌-板橋,2023-06-26,9349
00720B,元大投資級公司債,20,0,20,華南永昌-板橋,2023-06-26,9349
1608,華榮,20,0,20,華南永昌-板橋,2023-06-26,9349
2331,精英,40,20,20,華南永昌-板橋,2023-06-26,9349
2380,虹光,20,0,20,華南永昌-板橋,2023-06-26,9349
3013,晟銘電,21,1,20,華南永昌-板橋,2023-06-26,9349
5465,富驊,39,19,20,華南永昌-板橋,2023-06-26,9349
6470,宇智,21,1,20,華南永昌-板橋,2023-06-26,9349
8027,鈦昇,20,0,20,華南永昌-板橋,2023-06-26,9349
8415,大國鋼,20,0,20,華南永昌-板橋,2023-06-26,9349
9934,成霖,20,0,20,華南永昌-板橋,2023-06-26,9349
6148,驊宏資,18,0,18,華南永昌-板橋,2023-06-26,9349
00751B,元大AAA至A公司債,20,2,18,華南永昌-板橋,2023-06-26,9349
2328,廣宇,17,0,17,華南永昌-板橋,2023-06-26,9349
1504,東元,27,12,15,華南永昌-板橋,2023-06-26,9349
2009,第一銅,15,0,15,華南永昌-板橋,2023-06-26,9349
3481,群創,52,37,15,華南永昌-板橋,2023-06-26,9349
4768,晶呈科技,40,26,14,華南永昌-板橋,2023-06-26,9349
2371,大同,55,41,14,華南永昌-板橋,2023-06-26,9349
6719,力智,12,0,12,華南永昌-板橋,2023-06-26,9349
2208,台船,11,0,11,華南永昌-板橋,2023-06-26,9349
3032,偉訓,11,0,11,華南永昌-板橋,2023-06-26,9349
3202,樺晟,11,0,11,華南永昌-板橋,2023-06-26,9349
2303,聯電,17,7,10,華南永昌-板橋,2023-06-26,9349
2409,友達,1207,5,1202,華南永昌-板橋,2023-06-27,9349
2371,大同,131,15,116,華南永昌-板橋,2023-06-27,9349
4960,誠美材,100,0,100,華南永昌-板橋,2023-06-27,9349
5864,致和證,80,0,80,華南永昌-板橋,2023-06-27,9349
2382,廣達,66,1,65,華南永昌-板橋,2023-06-27,9349
2426,鼎元,60,0,60,華南永昌-板橋,2023-06-27,9349
9934,成霖,50,0,50,華南永昌-板橋,2023-06-27,9349
2344,華邦電,53,5,48,華南永昌-板橋,2023-06-27,9349
2610,華航,146,103,43,華南永昌-板橋,2023-06-27,9349
4157,太景*-KY,40,0,40,華南永昌-板橋,2023-06-27,9349
1513,中興電,52,13,39,華南永昌-板橋,2023-06-27,9349
1605,華新,35,2,33,華南永昌-板橋,2023-06-27,9349
3231,緯創,52,19,33,華南永昌-板橋,2023-06-27,9349
3042,晶技,30,0,30,華南永昌-板橋,2023-06-27,9349
2888,新光金,25,1,24,華南永昌-板橋,2023-06-27,9349
5356,協益,23,0,23,華南永昌-板橋,2023-06-27,9349
6414,樺漢,22,0,22,華南永昌-板橋,2023-06-27,9349
00919,群益台灣精選高息,20,0,20,華南永昌-板橋,2023-06-27,9349
3483,力致,20,0,20,華南永昌-板橋,2023-06-27,9349
4306,炎洲,20,0,20,華南永昌-板橋,2023-06-27,9349
00679B,元大美債20年,22,3,19,華南永昌-板橋,2023-06-27,9349
00687B,國泰20年美債,20,1,19,華南永昌-板橋,2023-06-27,9349
6116,彩晶,21,2,19,華南永昌-板橋,2023-06-27,9349
1609,大亞,31,13,18,華南永昌-板橋,2023-06-27,9349
2457,飛宏,24,7,17,華南永昌-板橋,2023-06-27,9349
2401,凌陽,17,0,17,華南永昌-板橋,2023-06-27,9349
2449,京元電子,20,4,16,華南永昌-板橋,2023-06-27,9349
1459,聯發,15,0,15,華南永昌-板橋,2023-06-27,9349
2461,光群雷,15,0,15,華南永昌-板橋,2023-06-27,9349
2885,元大金,15,0,15,華南永昌-板橋,2023-06-27,9349
3297,杭特,15,0,15,華南永昌-板橋,2023-06-27,9349
2376,技嘉,16,2,14,華南永昌-板橋,2023-06-27,9349
2609,陽明,16,2,14,華南永昌-板橋,2023-06-27,9349
5284,jpp-KY,15,1,14,華南永昌-板橋,2023-06-27,9349
2404,漢唐,13,0,13,華南永昌-板橋,2023-06-27,9349
2427,三商電,57,44,13,華南永昌-板橋,2023-06-27,9349
6788,華景電,15,2,13,華南永昌-板橋,2023-06-27,9349
2331,精英,15,3,12,華南永昌-板橋,2023-06-27,9349
3176,基亞,12,0,12,華南永昌-板橋,2023-06-27,9349
4768,晶呈科技,27,15,12,華南永昌-板橋,2023-06-27,9349
6148,驊宏資,17,5,12,華南永昌-板橋,2023-06-27,9349
00923,群益台ESG低碳50,11,0,11,華南永昌-板橋,2023-06-27,9349
3703,欣陸,11,0,11,華南永昌-板橋,2023-06-27,9349
4503,金雨,11,0,11,華南永昌-板橋,2023-06-27,9349
2206,三陽工業,14,4,10,華南永昌-板橋,2023-06-27,9349
2332,友訊,72,62,10,華南永昌-板橋,2023-06-27,9349
00690,兆豐藍籌30,10,0,10,華南永昌-板橋,2023-06-27,9349
1784,訊聯,20,10,10,華南永昌-板橋,2023-06-27,9349
2387,精元,10,0,10,華南永昌-板橋,2023-06-27,9349
2890,永豐金,10,0,10,華南永昌-板橋,2023-06-27,9349
00715L,期街口布蘭特正2,237,0,237,華南永昌-板橋,2023-06-28,9349
4960,誠美材,180,0,180,華南永昌-板橋,2023-06-28,9349
2618,長榮航,225,54,171,華南永昌-板橋,2023-06-28,9349
2405,輔信,130,0,130,華南永昌-板橋,2023-06-28,9349
1605,華新,90,36,54,華南永昌-板橋,2023-06-28,9349
3073,天方能源,57,3,54,華南永昌-板橋,2023-06-28,9349
4768,晶呈科技,59,5,54,華南永昌-板橋,2023-06-28,9349
00885,富邦越南,44,0,44,華南永昌-板橋,2023-06-28,9349
00878,國泰永續高股息,46,12,34,華南永昌-板橋,2023-06-28,9349
3715,定穎投控,25,4,21,華南永昌-板橋,2023-06-28,9349
2356,英業達,54,34,20,華南永昌-板橋,2023-06-28,9349
00720B,元大投資級公司債,20,0,20,華南永昌-板橋,2023-06-28,9349
00751B,元大AAA至A公司債,20,0,20,華南永昌-板橋,2023-06-28,9349
3454,晶睿,20,0,20,華南永昌-板橋,2023-06-28,9349
2845,遠東銀,20,2,18,華南永昌-板橋,2023-06-28,9349
4532,瑞智,17,0,17,華南永昌-板橋,2023-06-28,9349
1513,中興電,30,14,16,華南永昌-板橋,2023-06-28,9349
00648R,元大S＆P500反1,15,0,15,華南永昌-板橋,2023-06-28,9349
1783,和康生,23,8,15,華南永昌-板橋,2023-06-28,9349
1907,永豐餘,15,1,14,華南永昌-板橋,2023-06-28,9349
2376,技嘉,24,10,14,華南永昌-板橋,2023-06-28,9349
2882,國泰金,15,1,14,華南永昌-板橋,2023-06-28,9349
2913,農林,14,0,14,華南永昌-板橋,2023-06-28,9349
3665,貿聯-KY,14,0,14,華南永昌-板橋,2023-06-28,9349
6148,驊宏資,21,7,14,華南永昌-板橋,2023-06-28,9349
2340,台亞,16,3,13,華南永昌-板橋,2023-06-28,9349
3481,群創,16,4,12,華南永昌-板橋,2023-06-28,9349
2330,台積電,14,2,12,華南永昌-板橋,2023-06-28,9349
00679B,元大美債20年,12,0,12,華南永昌-板橋,2023-06-28,9349
4906,正文,23,11,12,華南永昌-板橋,2023-06-28,9349
2201,裕隆,11,0,11,華南永昌-板橋,2023-06-28,9349
3308,聯德,12,1,11,華南永昌-板橋,2023-06-28,9349
1459,聯發,10,0,10,華南永昌-板橋,2023-06-28,9349
2630,亞航,14,4,10,華南永昌-板橋,2023-06-28,9349
2888,新光金,10,0,10,華南永昌-板橋,2023-06-28,9349
5703,亞都,10,0,10,華南永昌-板橋,2023-06-28,9349
6188,廣明,21,11,10,華南永昌-板橋,2023-06-28,9349
6216,居易,10,0,10,華南永昌-板橋,2023-06-28,9349
2409,友達,13,3,10,華南永昌-板橋,2023-06-28,9349
1598,岱宇,10,1,9,華南永昌-板橋,2023-06-28,9349
5371,中光電,10,1,9,華南永昌-板橋,2023-06-28,9349
2912,統一超,8,0,8,華南永昌-板橋,2023-06-28,9349
3038,全台,15,7,8,華南永昌-板橋,2023-06-28,9349
00642U,期元大S＆P石油,7,0,7,華南永昌-板橋,2023-06-28,9349
2331,精英,14,7,7,華南永昌-板橋,2023-06-28,9349
2427,三商電,9,2,7,華南永昌-板橋,2023-06-28,9349
2468,華經,7,0,7,華南永昌-板橋,2023-06-28,9349
3264,欣銓,7,0,7,華南永昌-板橋,2023-06-28,9349
1477,聚陽,9,3,6,華南永昌-板橋,2023-06-28,9349
3706,神達,7,1,6,華南永昌-板橋,2023-06-28,9349
6217,中探針,138,43,95,華南永昌-板橋,2023-06-29,9349
2891,中信金,91,0,91,華南永昌-板橋,2023-06-29,9349
2461,光群雷,60,0,60,華南永昌-板橋,2023-06-29,9349
4967,十銓,57,3,54,華南永昌-板橋,2023-06-29,9349
1605,華新,59,6,53,華南永昌-板橋,2023-06-29,9349
2323,中環,51,0,51,華南永昌-板橋,2023-06-29,9349
3207,耀勝,90,42,48,華南永昌-板橋,2023-06-29,9349
2425,承啟,31,0,31,華南永昌-板橋,2023-06-29,9349
2634,漢翔,36,7,29,華南永昌-板橋,2023-06-29,9349
4414,如興,28,0,28,華南永昌-板橋,2023-06-29,9349
4979,華星光,60,32,28,華南永昌-板橋,2023-06-29,9349
3481,群創,29,2,27,華南永昌-板橋,2023-06-29,9349
2906,高林,26,0,26,華南永昌-板橋,2023-06-29,9349
2405,輔信,24,0,24,華南永昌-板橋,2023-06-29,9349
2419,仲琦,27,5,22,華南永昌-板橋,2023-06-29,9349
1459,聯發,20,0,20,華南永昌-板橋,2023-06-29,9349
1314,中石化,20,0,20,華南永昌-板橋,2023-06-29,9349
3047,訊舟,20,0,20,華南永昌-板橋,2023-06-29,9349
4130,健亞,20,0,20,華南永昌-板橋,2023-06-29,9349
8088,品安,20,0,20,華南永昌-板橋,2023-06-29,9349
8249,菱光,20,0,20,華南永昌-板橋,2023-06-29,9349
2412,中華電,20,1,19,華南永昌-板橋,2023-06-29,9349
3205,佰研,18,2,16,華南永昌-板橋,2023-06-29,9349
8210,勤誠,25,9,16,華南永昌-板橋,2023-06-29,9349
2022,聚亨,15,0,15,華南永昌-板橋,2023-06-29,9349
00929,復華台灣科技優息,15,1,14,華南永昌-板橋,2023-06-29,9349
4142,國光生,13,0,13,華南永昌-板橋,2023-06-29,9349
5452,佶優,13,0,13,華南永昌-板橋,2023-06-29,9349
6125,廣運,15,2,13,華南永昌-板橋,2023-06-29,9349
2409,友達,12,1,11,華南永昌-板橋,2023-06-29,9349
2027,大成鋼,11,0,11,華南永昌-板橋,2023-06-29,9349
2382,廣達,24,13,11,華南永昌-板橋,2023-06-29,9349
4915,致伸,14,3,11,華南永昌-板橋,2023-06-29,9349
00648R,元大S＆P500反1,10,0,10,華南永昌-板橋,2023-06-29,9349
2023,燁輝,10,0,10,華南永昌-板橋,2023-06-29,9349
2365,昆盈,10,0,10,華南永昌-板橋,2023-06-29,9349
3213,茂訊,10,0,10,華南永昌-板橋,2023-06-29,9349
3583,辛耘,10,0,10,華南永昌-板橋,2023-06-29,9349
4108,懷特,10,0,10,華南永昌-板橋,2023-06-29,9349
4306,炎洲,10,0,10,華南永昌-板橋,2023-06-29,9349
6288,聯嘉,10,0,10,華南永昌-板橋,2023-06-29,9349
2368,金像電,13,4,9,華南永昌-板橋,2023-06-29,9349
2888,新光金,19,10,9,華南永昌-板橋,2023-06-29,9349
4129,聯合,9,0,9,華南永昌-板橋,2023-06-29,9349
6188,廣明,10,1,9,華南永昌-板橋,2023-06-29,9349
00878,國泰永續高股息,18,9,9,華南永昌-板橋,2023-06-29,9349
00712,復華富時不動產,8,0,8,華南永昌-板橋,2023-06-29,9349
00882,中信中國高股息,8,0,8,華南永昌-板橋,2023-06-29,9349
3703,欣陸,8,0,8,華南永昌-板橋,2023-06-29,9349
6589,台康生技,9,2,7,華南永昌-板橋,2023-06-29,9349
2409,友達,424,11,413,華南永昌-板橋,2023-06-30,9349
3207,耀勝,263,148,115,華南永昌-板橋,2023-06-30,9349
2888,新光金,101,0,101,華南永昌-板橋,2023-06-30,9349
4130,健亞,80,0,80,華南永昌-板橋,2023-06-30,9349
2618,長榮航,125,53,72,華南永昌-板橋,2023-06-30,9349
2344,華邦電,139,86,53,華南永昌-板橋,2023-06-30,9349
5439,高技,43,0,43,華南永昌-板橋,2023-06-30,9349
2891,中信金,40,0,40,華南永昌-板橋,2023-06-30,9349
2883B,凱基金乙特,37,0,37,華南永昌-板橋,2023-06-30,9349
4164,承業醫,32,1,31,華南永昌-板橋,2023-06-30,9349
2317,鴻海,40,10,30,華南永昌-板橋,2023-06-30,9349
2634,漢翔,30,0,30,華南永昌-板橋,2023-06-30,9349
4967,十銓,80,50,30,華南永昌-板橋,2023-06-30,9349
3583,辛耘,35,6,29,華南永昌-板橋,2023-06-30,9349
2603,長榮,62,38,24,華南永昌-板橋,2023-06-30,9349
00720B,元大投資級公司債,24,0,24,華南永昌-板橋,2023-06-30,9349
3483,力致,25,1,24,華南永昌-板橋,2023-06-30,9349
6153,嘉聯益,28,6,22,華南永昌-板橋,2023-06-30,9349
00751B,元大AAA至A公司債,21,0,21,華南永昌-板橋,2023-06-30,9349
6470,宇智,28,7,21,華南永昌-板橋,2023-06-30,9349
2426,鼎元,20,0,20,華南永昌-板橋,2023-06-30,9349
9103,美德醫療-DR,20,0,20,華南永昌-板橋,2023-06-30,9349
1605,華新,24,5,19,華南永昌-板橋,2023-06-30,9349
2105,正新,19,1,18,華南永昌-板橋,2023-06-30,9349
4532,瑞智,50,32,18,華南永昌-板橋,2023-06-30,9349
2449,京元電子,20,3,17,華南永昌-板橋,2023-06-30,9349
00632R,元大台灣50反1,15,0,15,華南永昌-板橋,2023-06-30,9349
3128,昇銳,15,0,15,華南永昌-板橋,2023-06-30,9349
5356,協益,20,5,15,華南永昌-板橋,2023-06-30,9349
00679B,元大美債20年,14,0,14,華南永昌-板橋,2023-06-30,9349
3078,僑威,18,4,14,華南永昌-板橋,2023-06-30,9349
2615,萬海,16,3,13,華南永昌-板橋,2023-06-30,9349
2609,陽明,71,59,12,華南永昌-板橋,2023-06-30,9349
4155,訊映,17,5,12,華南永昌-板橋,2023-06-30,9349
2356,英業達,14,2,12,華南永昌-板橋,2023-06-30,9349
00690,兆豐藍籌30,11,0,11,華南永昌-板橋,2023-06-30,9349
2906,高林,13,2,11,華南永昌-板橋,2023-06-30,9349
00923,群益台ESG低碳50,10,0,10,華南永昌-板橋,2023-06-30,9349
00674R,期元大S＆P黃金反1,10,0,10,華南永昌-板橋,2023-06-30,9349
2405,輔信,10,0,10,華南永昌-板橋,2023-06-30,9349
2912,統一超,10,0,10,華南永昌-板橋,2023-06-30,9349
3491,昇達科,10,0,10,華南永昌-板橋,2023-06-30,9349
3518,柏騰,15,5,10,華南永昌-板橋,2023-06-30,9349
3710,連展投控,10,0,10,華南永昌-板橋,2023-06-30,9349
0050,元大台灣50,10,1,9,華南永昌-板橋,2023-06-30,9349
3454,晶睿,15,6,9,華南永昌-板橋,2023-06-30,9349
3711,日月光投控,9,0,9,華南永昌-板橋,2023-06-30,9349
6101,寬魚國際,9,0,9,華南永昌-板橋,2023-06-30,9349
4908,前鼎,8,0,8,華南永昌-板橋,2023-06-30,9349
2492,華新科,7,0,7,華南永昌-板橋,2023-06-30,9349
2812,台中銀,201,2,199,華南永昌-板橋,2023-07-03,9349
3207,耀勝,141,35,106,華南永昌-板橋,2023-07-03,9349
2409,友達,100,1,99,華南永昌-板橋,2023-07-03,9349
6016,康和證,80,4,76,華南永昌-板橋,2023-07-03,9349
1718,中纖,61,0,61,華南永昌-板橋,2023-07-03,9349
2382,廣達,66,28,38,華南永昌-板橋,2023-07-03,9349
0056,元大高股息,44,11,33,華南永昌-板橋,2023-07-03,9349
1471,首利,34,1,33,華南永昌-板橋,2023-07-03,9349
2615,萬海,37,5,32,華南永昌-板橋,2023-07-03,9349
5356,協益,30,0,30,華南永昌-板橋,2023-07-03,9349
5512,力麒,30,0,30,華南永昌-板橋,2023-07-03,9349
2603,長榮,57,31,26,華南永昌-板橋,2023-07-03,9349
1210,大成,25,0,25,華南永昌-板橋,2023-07-03,9349
00722B,群益投資級電信債,25,0,25,華南永昌-板橋,2023-07-03,9349
6120,達運,25,0,25,華南永昌-板橋,2023-07-03,9349
1795,美時,25,3,22,華南永昌-板橋,2023-07-03,9349
6148,驊宏資,23,2,21,華南永昌-板橋,2023-07-03,9349
2303,聯電,21,0,21,華南永昌-板橋,2023-07-03,9349
00764B,群益25年美債,20,0,20,華南永昌-板橋,2023-07-03,9349
5230,雷笛克光學,20,0,20,華南永昌-板橋,2023-07-03,9349
2105,正新,19,0,19,華南永昌-板橋,2023-07-03,9349
5457,宣德,19,0,19,華南永昌-板橋,2023-07-03,9349
4916,事欣科,18,0,18,華南永昌-板橋,2023-07-03,9349
2610,華航,41,24,17,華南永昌-板橋,2023-07-03,9349
1504,東元,22,5,17,華南永昌-板橋,2023-07-03,9349
3583,辛耘,18,1,17,華南永昌-板橋,2023-07-03,9349
6223,旺矽,17,0,17,華南永昌-板橋,2023-07-03,9349
2883B,凱基金乙特,15,0,15,華南永昌-板橋,2023-07-03,9349
2323,中環,50,36,14,華南永昌-板橋,2023-07-03,9349
2002,中鋼,13,0,13,華南永昌-板橋,2023-07-03,9349
3454,晶睿,15,2,13,華南永昌-板橋,2023-07-03,9349
3483,力致,49,36,13,華南永昌-板橋,2023-07-03,9349
2457,飛宏,14,2,12,華南永昌-板橋,2023-07-03,9349
3032,偉訓,29,17,12,華南永昌-板橋,2023-07-03,9349
6788,華景電,14,2,12,華南永昌-板橋,2023-07-03,9349
6274,台燿,14,2,12,華南永昌-板橋,2023-07-03,9349
2376,技嘉,20,9,11,華南永昌-板橋,2023-07-03,9349
00648R,元大S＆P500反1,10,0,10,華南永昌-板橋,2023-07-03,9349
1786,科妍,10,0,10,華南永昌-板橋,2023-07-03,9349
2442,新美齊,10,0,10,華南永昌-板橋,2023-07-03,9349
3479,安勤,10,0,10,華南永昌-板橋,2023-07-03,9349
5284,jpp-KY,10,0,10,華南永昌-板橋,2023-07-03,9349
5426,振發,18,8,10,華南永昌-板橋,2023-07-03,9349
3706,神達,14,5,9,華南永昌-板橋,2023-07-03,9349
6214,精誠,10,1,9,華南永昌-板橋,2023-07-03,9349
8034,榮群,18,9,9,華南永昌-板橋,2023-07-03,9349
2317,鴻海,24,16,8,華南永昌-板橋,2023-07-03,9349
2328,廣宇,9,1,8,華南永昌-板橋,2023-07-03,9349
1603,華電,10,3,7,華南永昌-板橋,2023-07-03,9349
2206,三陽工業,9,2,7,華南永昌-板橋,2023-07-03,9349
6188,廣明,158,45,113,華南永昌-板橋,2023-07-04,9349
2382,廣達,109,11,98,華南永昌-板橋,2023-07-04,9349
2317,鴻海,81,12,69,華南永昌-板橋,2023-07-04,9349
3003,健和興,65,0,65,華南永昌-板橋,2023-07-04,9349
4967,十銓,152,96,56,華南永昌-板橋,2023-07-04,9349
3704,合勤控,108,57,51,華南永昌-板橋,2023-07-04,9349
2615,萬海,60,10,50,華南永昌-板橋,2023-07-04,9349
00715L,期街口布蘭特正2,50,0,50,華南永昌-板橋,2023-07-04,9349
2618,長榮航,141,93,48,華南永昌-板橋,2023-07-04,9349
2603,長榮,80,38,42,華南永昌-板橋,2023-07-04,9349
2609,陽明,81,39,42,華南永昌-板橋,2023-07-04,9349
0056,元大高股息,81,43,38,華南永昌-板橋,2023-07-04,9349
00927,群益半導體收益,35,0,35,華南永昌-板橋,2023-07-04,9349
4526,東台,35,0,35,華南永昌-板橋,2023-07-04,9349
2449,京元電子,38,7,31,華南永昌-板橋,2023-07-04,9349
2331,精英,50,20,30,華南永昌-板橋,2023-07-04,9349
2461,光群雷,30,0,30,華南永昌-板橋,2023-07-04,9349
9934,成霖,30,0,30,華南永昌-板橋,2023-07-04,9349
2332,友訊,45,16,29,華南永昌-板橋,2023-07-04,9349
5439,高技,211,182,29,華南永昌-板橋,2023-07-04,9349
5356,協益,26,0,26,華南永昌-板橋,2023-07-04,9349
2208,台船,25,0,25,華南永昌-板橋,2023-07-04,9349
3025,星通,98,73,25,華南永昌-板橋,2023-07-04,9349
3037,欣興,33,8,25,華南永昌-板橋,2023-07-04,9349
1522,堤維西,22,1,21,華南永昌-板橋,2023-07-04,9349
4543,萬在,24,3,21,華南永昌-板橋,2023-07-04,9349
00642U,期元大S＆P石油,20,0,20,華南永昌-板橋,2023-07-04,9349
00929,復華台灣科技優息,20,0,20,華南永昌-板橋,2023-07-04,9349
1611,中電,21,1,20,華南永昌-板橋,2023-07-04,9349
5864,致和證,20,0,20,華南永昌-板橋,2023-07-04,9349
6194,育富,20,0,20,華南永昌-板橋,2023-07-04,9349
6282,康舒,67,48,19,華南永昌-板橋,2023-07-04,9349
2883B,凱基金乙特,18,0,18,華南永昌-板橋,2023-07-04,9349
3078,僑威,21,3,18,華南永昌-板橋,2023-07-04,9349
3454,晶睿,33,16,17,華南永昌-板橋,2023-07-04,9349
6470,宇智,24,7,17,華南永昌-板橋,2023-07-04,9349
6531,愛普*,20,3,17,華南永昌-板橋,2023-07-04,9349
2881,富邦金,17,0,17,華南永昌-板橋,2023-07-04,9349
1459,聯發,15,0,15,華南永昌-板橋,2023-07-04,9349
2371,大同,31,16,15,華南永昌-板橋,2023-07-04,9349
4130,健亞,15,0,15,華南永昌-板橋,2023-07-04,9349
2421,建準,21,9,12,華南永昌-板橋,2023-07-04,9349
6112,邁達特,17,5,12,華南永昌-板橋,2023-07-04,9349
6550,北極星藥業-KY,12,0,12,華南永昌-板橋,2023-07-04,9349
1513,中興電,17,6,11,華南永昌-板橋,2023-07-04,9349
1104,環泥,11,0,11,華南永昌-板橋,2023-07-04,9349
2367,燿華,11,0,11,華南永昌-板橋,2023-07-04,9349
2607,榮運,13,2,11,華南永昌-板橋,2023-07-04,9349
2454,聯發科,10,0,10,華南永昌-板橋,2023-07-04,9349
00676R,富邦臺灣加權反1,10,0,10,華南永昌-板橋,2023-07-04,9349
2609,陽明,173,62,111,華南永昌-板橋,2023-07-05,9349
2890,永豐金,100,1,99,華南永昌-板橋,2023-07-05,9349
5356,協益,81,0,81,華南永昌-板橋,2023-07-05,9349
3706,神達,77,3,74,華南永昌-板橋,2023-07-05,9349
2323,中環,183,110,73,華南永昌-板橋,2023-07-05,9349
5439,高技,140,67,73,華南永昌-板橋,2023-07-05,9349
00637L,元大滬深300正2,70,0,70,華南永昌-板橋,2023-07-05,9349
2618,長榮航,510,455,55,華南永昌-板橋,2023-07-05,9349
00927,群益半導體收益,50,0,50,華南永昌-板橋,2023-07-05,9349
4768,晶呈科技,185,137,48,華南永昌-板橋,2023-07-05,9349
4927,泰鼎-KY,43,1,42,華南永昌-板橋,2023-07-05,9349
00772B,中信高評級公司債,40,0,40,華南永昌-板橋,2023-07-05,9349
0056,元大高股息,46,7,39,華南永昌-板橋,2023-07-05,9349
3490,單井,38,0,38,華南永昌-板橋,2023-07-05,9349
2610,華航,75,40,35,華南永昌-板橋,2023-07-05,9349
3704,合勤控,150,119,31,華南永昌-板橋,2023-07-05,9349
3265,台星科,36,6,30,華南永昌-板橋,2023-07-05,9349
4155,訊映,72,45,27,華南永昌-板橋,2023-07-05,9349
3231,緯創,100,74,26,華南永昌-板橋,2023-07-05,9349
2419,仲琦,36,14,22,華南永昌-板橋,2023-07-05,9349
6188,廣明,22,1,21,華南永昌-板橋,2023-07-05,9349
6257,矽格,21,0,21,華南永昌-板橋,2023-07-05,9349
2498,宏達電,20,0,20,華南永昌-板橋,2023-07-05,9349
3062,建漢,20,0,20,華南永昌-板橋,2023-07-05,9349
1795,美時,22,4,18,華南永昌-板橋,2023-07-05,9349
3374,精材,51,34,17,華南永昌-板橋,2023-07-05,9349
00878,國泰永續高股息,23,7,16,華南永昌-板橋,2023-07-05,9349
00882,中信中國高股息,16,0,16,華南永昌-板橋,2023-07-05,9349
3176,基亞,16,0,16,華南永昌-板橋,2023-07-05,9349
3380,明泰,15,0,15,華南永昌-板橋,2023-07-05,9349
3016,嘉晶,14,0,14,華南永昌-板橋,2023-07-05,9349
2449,京元電子,21,7,14,華南永昌-板橋,2023-07-05,9349
5009,榮剛,16,3,13,華南永昌-板橋,2023-07-05,9349
2312,金寶,12,0,12,華南永昌-板橋,2023-07-05,9349
2344,華邦電,12,0,12,華南永昌-板橋,2023-07-05,9349
2356,英業達,94,82,12,華南永昌-板橋,2023-07-05,9349
2888,新光金,15,3,12,華南永昌-板橋,2023-07-05,9349
3260,威剛,28,16,12,華南永昌-板橋,2023-07-05,9349
3680,家登,12,0,12,華南永昌-板橋,2023-07-05,9349
4979,華星光,28,16,12,華南永昌-板橋,2023-07-05,9349
00892,富邦台灣半導體,11,0,11,華南永昌-板橋,2023-07-05,9349
2328,廣宇,20,9,11,華南永昌-板橋,2023-07-05,9349
3665,貿聯-KY,11,0,11,華南永昌-板橋,2023-07-05,9349
8048,德勝,17,6,11,華南永昌-板橋,2023-07-05,9349
1460,宏遠,10,0,10,華南永昌-板橋,2023-07-05,9349
1560,中砂,10,0,10,華南永昌-板橋,2023-07-05,9349
1612,宏泰,10,0,10,華南永昌-板橋,2023-07-05,9349
1809,中釉,10,0,10,華南永昌-板橋,2023-07-05,9349
2338,光罩,10,0,10,華南永昌-板橋,2023-07-05,9349
2832,台產,10,0,10,華南永昌-板橋,2023-07-05,9349
2382,廣達,169,3,166,華南永昌-板橋,2023-07-06,9349
5356,協益,80,0,80,華南永昌-板橋,2023-07-06,9349
1907,永豐餘,81,5,76,華南永昌-板橋,2023-07-06,9349
00882,中信中國高股息,51,0,51,華南永昌-板橋,2023-07-06,9349
00878,國泰永續高股息,76,27,49,華南永昌-板橋,2023-07-06,9349
2883B,凱基金乙特,41,0,41,華南永昌-板橋,2023-07-06,9349
1532,勤美,37,0,37,華南永昌-板橋,2023-07-06,9349
0056,元大高股息,37,3,34,華南永昌-板橋,2023-07-06,9349
00892,富邦台灣半導體,31,0,31,華南永昌-板橋,2023-07-06,9349
2101,南港,30,0,30,華南永昌-板橋,2023-07-06,9349
2380,虹光,30,0,30,華南永昌-板橋,2023-07-06,9349
6016,康和證,30,0,30,華南永昌-板橋,2023-07-06,9349
2317,鴻海,33,4,29,華南永昌-板橋,2023-07-06,9349
5511,德昌,28,0,28,華南永昌-板橋,2023-07-06,9349
6117,迎廣,30,3,27,華南永昌-板橋,2023-07-06,9349
00722B,群益投資級電信債,25,0,25,華南永昌-板橋,2023-07-06,9349
6443,元晶,27,2,25,華南永昌-板橋,2023-07-06,9349
2344,華邦電,26,3,23,華南永昌-板橋,2023-07-06,9349
2880,華南金,23,0,23,華南永昌-板橋,2023-07-06,9349
2845,遠東銀,22,0,22,華南永昌-板橋,2023-07-06,9349
3444,利機,69,47,22,華南永昌-板橋,2023-07-06,9349
00690,兆豐藍籌30,21,0,21,華南永昌-板橋,2023-07-06,9349
3013,晟銘電,26,5,21,華南永昌-板橋,2023-07-06,9349
8215,明基材,24,3,21,華南永昌-板橋,2023-07-06,9349
00764B,群益25年美債,20,0,20,華南永昌-板橋,2023-07-06,9349
00751B,元大AAA至A公司債,20,0,20,華南永昌-板橋,2023-07-06,9349
00701,國泰股利精選30,20,0,20,華南永昌-板橋,2023-07-06,9349
1459,聯發,20,0,20,華南永昌-板橋,2023-07-06,9349
4768,晶呈科技,96,76,20,華南永昌-板橋,2023-07-06,9349
6203,海韻電,20,0,20,華南永昌-板橋,2023-07-06,9349
6285,啟��,32,14,18,華南永昌-板橋,2023-07-06,9349
2610,華航,22,5,17,華南永昌-板橋,2023-07-06,9349
2883,凱基金,17,0,17,華南永昌-板橋,2023-07-06,9349
2891,中信金,20,3,17,華南永昌-板橋,2023-07-06,9349
5426,振發,36,20,16,華南永昌-板橋,2023-07-06,9349
2330,台積電,21,5,16,華南永昌-板橋,2023-07-06,9349
9904,寶成,15,0,15,華南永昌-板橋,2023-07-06,9349
1762,中化生,15,0,15,華南永昌-板橋,2023-07-06,9349
3231,緯創,68,53,15,華南永昌-板橋,2023-07-06,9349
2002,中鋼,14,0,14,華南永昌-板橋,2023-07-06,9349
2356,英業達,147,133,14,華南永昌-板橋,2023-07-06,9349
2888,新光金,14,0,14,華南永昌-板橋,2023-07-06,9349
3037,欣興,17,4,13,華南永昌-板橋,2023-07-06,9349
00929,復華台灣科技優息,13,0,13,華南永昌-板橋,2023-07-06,9349
00679B,元大美債20年,13,0,13,華南永昌-板橋,2023-07-06,9349
3715,定穎投控,19,6,13,華南永昌-板橋,2023-07-06,9349
0050,元大台灣50,13,0,13,華南永昌-板橋,2023-07-06,9349
00888,永豐台灣ESG,12,0,12,華南永昌-板橋,2023-07-06,9349
1312,國喬,12,0,12,華南永昌-板橋,2023-07-06,9349
2834,臺企銀,12,0,12,華南永昌-板橋,2023-07-06,9349
2409,友達,342,70,272,華南永昌-板橋,2023-07-07,9349
0056,元大高股息,218,11,207,華南永昌-板橋,2023-07-07,9349
2382,廣達,179,34,145,華南永昌-板橋,2023-07-07,9349
2618,長榮航,145,56,89,華南永昌-板橋,2023-07-07,9349
3207,耀勝,96,20,76,華南永昌-板橋,2023-07-07,9349
5439,高技,99,36,63,華南永昌-板橋,2023-07-07,9349
2442,新美齊,43,0,43,華南永昌-板橋,2023-07-07,9349
00882,中信中國高股息,77,36,41,華南永昌-板橋,2023-07-07,9349
4934,太極,43,2,41,華南永昌-板橋,2023-07-07,9349
2883B,凱基金乙特,37,0,37,華南永昌-板橋,2023-07-07,9349
2344,華邦電,37,4,33,華南永昌-板橋,2023-07-07,9349
5356,協益,31,0,31,華南永昌-板橋,2023-07-07,9349
2380,虹光,40,10,30,華南永昌-板橋,2023-07-07,9349
3265,台星科,30,2,28,華南永昌-板橋,2023-07-07,9349
00679B,元大美債20年,27,0,27,華南永昌-板橋,2023-07-07,9349
8064,東捷,27,0,27,華南永昌-板橋,2023-07-07,9349
2303,聯電,37,11,26,華南永昌-板橋,2023-07-07,9349
8046,南電,24,0,24,華南永昌-板橋,2023-07-07,9349
8358,金居,23,0,23,華南永昌-板橋,2023-07-07,9349
00929,復華台灣科技優息,21,0,21,華南永昌-板橋,2023-07-07,9349
00751B,元大AAA至A公司債,21,0,21,華南永昌-板橋,2023-07-07,9349
2323,中環,21,0,21,華南永昌-板橋,2023-07-07,9349
6470,宇智,21,0,21,華南永昌-板橋,2023-07-07,9349
8210,勤誠,38,17,21,華南永昌-板橋,2023-07-07,9349
00722B,群益投資級電信債,20,0,20,華南永昌-板橋,2023-07-07,9349
00764B,群益25年美債,20,0,20,華南永昌-板橋,2023-07-07,9349
4108,懷特,22,4,18,華南永昌-板橋,2023-07-07,9349
6194,育富,18,0,18,華南永昌-板橋,2023-07-07,9349
00878,國泰永續高股息,22,5,17,華南永昌-板橋,2023-07-07,9349
4532,瑞智,40,23,17,華南永昌-板橋,2023-07-07,9349
1809,中釉,17,0,17,華南永昌-板橋,2023-07-07,9349
00922,國泰台灣領袖50,20,4,16,華南永昌-板橋,2023-07-07,9349
00687B,國泰20年美債,15,0,15,華南永昌-板橋,2023-07-07,9349
00648R,元大S＆P500反1,15,0,15,華南永昌-板橋,2023-07-07,9349
2489,瑞軒,20,5,15,華南永昌-板橋,2023-07-07,9349
2887,台新金,15,0,15,華南永昌-板橋,2023-07-07,9349
3673,TPK-KY,14,0,14,華南永昌-板橋,2023-07-07,9349
6285,啟��,20,7,13,華南永昌-板橋,2023-07-07,9349
2743,山富,28,16,12,華南永昌-板橋,2023-07-07,9349
2387,精元,11,0,11,華南永昌-板橋,2023-07-07,9349
3060,銘異,12,1,11,華南永昌-板橋,2023-07-07,9349
2880,華南金,12,1,11,華南永昌-板橋,2023-07-07,9349
3481,群創,16,6,10,華南永昌-板橋,2023-07-07,9349
3416,融程電,10,0,10,華南永昌-板橋,2023-07-07,9349
9907,統一實,10,0,10,華南永昌-板橋,2023-07-07,9349
00637L,元大滬深300正2,10,0,10,華南永昌-板橋,2023-07-07,9349
00795B,中信美國公債20年,10,0,10,華南永昌-板橋,2023-07-07,9349
00892,富邦台灣半導體,10,0,10,華南永昌-板橋,2023-07-07,9349
00753L,中信中國50正2,10,0,10,華南永昌-板橋,2023-07-07,9349
2885,元大金,10,0,10,華南永昌-板橋,2023-07-07,9349
00632R,元大台灣50反1,2070,20,2050,華南永昌-板橋,2023-07-10,9349
6016,康和證,159,1,158,華南永昌-板橋,2023-07-10,9349
5439,高技,158,19,139,華南永昌-板橋,2023-07-10,9349
3231,緯創,237,113,124,華南永昌-板橋,2023-07-10,9349
5356,協益,102,10,92,華南永昌-板橋,2023-07-10,9349
1907,永豐餘,76,0,76,華南永昌-板橋,2023-07-10,9349
4532,瑞智,202,134,68,華南永昌-板橋,2023-07-10,9349
2486,一詮,201,146,55,華南永昌-板橋,2023-07-10,9349
00882,中信中國高股息,229,180,49,華南永昌-板橋,2023-07-10,9349
0056,元大高股息,41,1,40,華南永昌-板橋,2023-07-10,9349
1802,台玻,36,0,36,華南永昌-板橋,2023-07-10,9349
3362,先進光,49,16,33,華南永昌-板橋,2023-07-10,9349
2618,長榮航,71,45,26,華南永昌-板橋,2023-07-10,9349
00751B,元大AAA至A公司債,23,0,23,華南永昌-板橋,2023-07-10,9349
00929,復華台灣科技優息,22,0,22,華南永昌-板橋,2023-07-10,9349
3060,銘異,24,2,22,華南永昌-板橋,2023-07-10,9349
6203,海韻電,25,4,21,華南永昌-板橋,2023-07-10,9349
00722B,群益投資級電信債,20,0,20,華南永昌-板橋,2023-07-10,9349
00764B,群益25年美債,20,0,20,華南永昌-板橋,2023-07-10,9349
00690,兆豐藍籌30,20,0,20,華南永昌-板橋,2023-07-10,9349
2405,輔信,20,0,20,華南永昌-板橋,2023-07-10,9349
3707,漢磊,25,6,19,華南永昌-板橋,2023-07-10,9349
2883,凱基金,23,4,19,華南永昌-板橋,2023-07-10,9349
9958,世紀鋼,30,11,19,華南永昌-板橋,2023-07-10,9349
2609,陽明,32,15,17,華南永昌-板橋,2023-07-10,9349
3265,台星科,19,2,17,華南永昌-板橋,2023-07-10,9349
6138,茂達,16,0,16,華南永昌-板橋,2023-07-10,9349
6194,育富,15,0,15,華南永昌-板橋,2023-07-10,9349
2610,華航,18,4,14,華南永昌-板橋,2023-07-10,9349
2330,台積電,16,2,14,華南永昌-板橋,2023-07-10,9349
2331,精英,13,0,13,華南永昌-板橋,2023-07-10,9349
00687B,國泰20年美債,12,0,12,華南永昌-板橋,2023-07-10,9349
1591,駿吉-KY,12,0,12,華南永昌-板橋,2023-07-10,9349
1721,三晃,12,0,12,華南永昌-板橋,2023-07-10,9349
2201,裕隆,13,1,12,華南永昌-板橋,2023-07-10,9349
2324,仁寶,12,0,12,華南永昌-板橋,2023-07-10,9349
3380,明泰,25,13,12,華南永昌-板橋,2023-07-10,9349
6456,GIS-KY,12,0,12,華南永昌-板橋,2023-07-10,9349
00919,群益台灣精選高息,11,0,11,華南永昌-板橋,2023-07-10,9349
00679B,元大美債20年,11,0,11,華南永昌-板橋,2023-07-10,9349
2867,三商壽,11,0,11,華南永昌-板橋,2023-07-10,9349
2338,光罩,10,0,10,華南永昌-板橋,2023-07-10,9349
2884,玉山金,10,0,10,華南永昌-板橋,2023-07-10,9349
3372,典範,46,36,10,華南永昌-板橋,2023-07-10,9349
2328,廣宇,9,0,9,華南永昌-板橋,2023-07-10,9349
2915,潤泰全,10,1,9,華南永昌-板橋,2023-07-10,9349
3234,光環,10,1,9,華南永昌-板橋,2023-07-10,9349
4108,懷特,13,4,9,華南永昌-板橋,2023-07-10,9349
5243,乙盛-KY,9,0,9,華南永昌-板橋,2023-07-10,9349
6770,力積電,10,1,9,華南永昌-板橋,2023-07-10,9349
1591,駿吉-KY,485,131,354,華南永昌-板橋,2023-07-11,9349
2610,華航,290,175,115,華南永昌-板橋,2023-07-11,9349
2634,漢翔,104,5,99,華南永昌-板橋,2023-07-11,9349
6285,啟��,88,24,64,華南永昌-板橋,2023-07-11,9349
4967,十銓,70,8,62,華南永昌-板橋,2023-07-11,9349
3454,晶睿,68,7,61,華南永昌-板橋,2023-07-11,9349
3033,威健,55,2,53,華南永昌-板橋,2023-07-11,9349
4768,晶呈科技,108,81,27,華南永昌-板橋,2023-07-11,9349
6016,康和證,27,0,27,華南永昌-板橋,2023-07-11,9349
4120,友華,26,1,25,華南永昌-板橋,2023-07-11,9349
2371,大同,72,48,24,華南永昌-板橋,2023-07-11,9349
6194,育富,22,0,22,華南永昌-板橋,2023-07-11,9349
6288,聯嘉,18,0,18,華南永昌-板橋,2023-07-11,9349
1609,大亞,28,11,17,華南永昌-板橋,2023-07-11,9349
2369,菱生,17,0,17,華南永昌-板橋,2023-07-11,9349
8936,國統,22,5,17,華南永昌-板橋,2023-07-11,9349
2356,英業達,44,29,15,華南永昌-板橋,2023-07-11,9349
00929,復華台灣科技優息,17,2,15,華南永昌-板橋,2023-07-11,9349
2609,陽明,27,12,15,華南永昌-板橋,2023-07-11,9349
2328,廣宇,17,2,15,華南永昌-板橋,2023-07-11,9349
2340,台亞,25,10,15,華南永昌-板橋,2023-07-11,9349
3490,單井,15,0,15,華南永昌-板橋,2023-07-11,9349
2201,裕隆,21,6,15,華南永昌-板橋,2023-07-11,9349
5381,合正,14,0,14,華南永昌-板橋,2023-07-11,9349
00878,國泰永續高股息,54,41,13,華南永昌-板橋,2023-07-11,9349
2206,三陽工業,12,0,12,華南永昌-板橋,2023-07-11,9349
4934,太極,18,6,12,華南永昌-板橋,2023-07-11,9349
4960,誠美材,12,0,12,華南永昌-板橋,2023-07-11,9349
6235,華孚,18,7,11,華南永昌-板橋,2023-07-11,9349
1762,中化生,10,0,10,華南永昌-板橋,2023-07-11,9349
2913,農林,10,0,10,華南永昌-板橋,2023-07-11,9349
3710,連展投控,10,0,10,華南永昌-板橋,2023-07-11,9349
4976,佳凌,10,0,10,華南永昌-板橋,2023-07-11,9349
5356,協益,10,0,10,華南永昌-板橋,2023-07-11,9349
6214,精誠,10,0,10,華南永昌-板橋,2023-07-11,9349
6770,力積電,13,3,10,華南永昌-板橋,2023-07-11,9349
8249,菱光,10,0,10,華南永昌-板橋,2023-07-11,9349
2419,仲琦,16,7,9,華南永昌-板橋,2023-07-11,9349
2002,中鋼,9,0,9,華南永昌-板橋,2023-07-11,9349
1313,聯成,9,0,9,華南永昌-板橋,2023-07-11,9349
1528,恩德,11,2,9,華南永昌-板橋,2023-07-11,9349
6667,信紘科,10,1,9,華南永昌-板橋,2023-07-11,9349
2301,光寶科,20,11,9,華南永昌-板橋,2023-07-11,9349
4533,協易機,9,1,8,華南永昌-板橋,2023-07-11,9349
00642U,期元大S＆P石油,10,2,8,華南永昌-板橋,2023-07-11,9349
00648R,元大S＆P500反1,8,0,8,華南永昌-板橋,2023-07-11,9349
1540,喬福,11,3,8,華南永昌-板橋,2023-07-11,9349
2317,鴻海,9,1,8,華南永昌-板橋,2023-07-11,9349
4123,晟德,8,0,8,華南永昌-板橋,2023-07-11,9349
1101,台泥,8,1,7,華南永昌-板橋,2023-07-11,9349
00632R,元大台灣50反1,2117,0,2117,華南永昌-板橋,2023-07-12,9349
5371,中光電,245,44,201,華南永昌-板橋,2023-07-12,9349
3019,亞光,121,0,121,華南永昌-板橋,2023-07-12,9349
2607,榮運,91,0,91,華南永昌-板橋,2023-07-12,9349
2409,友達,216,148,68,華南永昌-板橋,2023-07-12,9349
1524,耿鼎,60,0,60,華南永昌-板橋,2023-07-12,9349
1459,聯發,55,0,55,華南永昌-板橋,2023-07-12,9349
2353,宏��,50,3,47,華南永昌-板橋,2023-07-12,9349
2313,華通,48,2,46,華南永昌-板橋,2023-07-12,9349
00637L,元大滬深300正2,50,7,43,華南永昌-板橋,2023-07-12,9349
2356,英業達,58,24,34,華南永昌-板橋,2023-07-12,9349
00720B,元大投資級公司債,32,5,27,華南永昌-板橋,2023-07-12,9349
5439,高技,69,42,27,華南永昌-板橋,2023-07-12,9349
2312,金寶,32,7,25,華南永昌-板橋,2023-07-12,9349
2323,中環,29,6,23,華南永昌-板橋,2023-07-12,9349
6016,康和證,22,0,22,華南永昌-板橋,2023-07-12,9349
2801,彰銀,22,0,22,華南永昌-板橋,2023-07-12,9349
5356,協益,20,0,20,華南永昌-板橋,2023-07-12,9349
6417,韋僑,20,0,20,華南永昌-板橋,2023-07-12,9349
2303,聯電,25,6,19,華南永昌-板橋,2023-07-12,9349
2371,大同,58,39,19,華南永昌-板橋,2023-07-12,9349
1612,宏泰,18,0,18,華南永昌-板橋,2023-07-12,9349
2481,強茂,55,41,14,華南永昌-板橋,2023-07-12,9349
3707,漢磊,26,12,14,華南永昌-板橋,2023-07-12,9349
2449,京元電子,55,42,13,華南永昌-板橋,2023-07-12,9349
1810,和成,12,0,12,華南永昌-板橋,2023-07-12,9349
2382,廣達,57,45,12,華南永昌-板橋,2023-07-12,9349
2883,凱基金,12,1,11,華南永昌-板橋,2023-07-12,9349
00679B,元大美債20年,11,0,11,華南永昌-板橋,2023-07-12,9349
1529,樂事綠能,14,3,11,華南永昌-板橋,2023-07-12,9349
2834,臺企銀,11,0,11,華南永昌-板橋,2023-07-12,9349
1417,嘉裕,10,0,10,華南永昌-板橋,2023-07-12,9349
1618,合機,10,0,10,華南永昌-板橋,2023-07-12,9349
2419,仲琦,18,8,10,華南永昌-板橋,2023-07-12,9349
3710,連展投控,10,0,10,華南永昌-板橋,2023-07-12,9349
5521,工信,10,0,10,華南永昌-板橋,2023-07-12,9349
6164,華興,10,0,10,華南永昌-板橋,2023-07-12,9349
3481,群創,33,24,9,華南永昌-板橋,2023-07-12,9349
00905,FT臺灣Smart,9,0,9,華南永昌-板橋,2023-07-12,9349
8936,國統,32,23,9,華南永昌-板橋,2023-07-12,9349
3037,欣興,20,12,8,華南永昌-板橋,2023-07-12,9349
1733,五鼎,8,0,8,華南永昌-板橋,2023-07-12,9349
6139,亞翔,14,6,8,華南永昌-板橋,2023-07-12,9349
3231,緯創,128,120,8,華南永昌-板橋,2023-07-12,9349
2497,怡利電,8,1,7,華南永昌-板橋,2023-07-12,9349
4123,晟德,16,9,7,華南永昌-板橋,2023-07-12,9349
5511,德昌,40,33,7,華南永昌-板橋,2023-07-12,9349
6531,愛普*,22,15,7,華南永昌-板橋,2023-07-12,9349
6799,來頡,7,0,7,華南永昌-板橋,2023-07-12,9349
3017,奇鋐,8,1,7,華南永昌-板橋,2023-07-12,9349
1591,駿吉-KY,551,30,521,華南永昌-板橋,2023-07-13,9349
2371,大同,254,44,210,華南永昌-板橋,2023-07-13,9349
6016,康和證,157,0,157,華南永昌-板橋,2023-07-13,9349
2618,長榮航,211,61,150,華南永昌-板橋,2023-07-13,9349
2888,新光金,143,4,139,華南永昌-板橋,2023-07-13,9349
2328,廣宇,107,26,81,華南永昌-板橋,2023-07-13,9349
6245,立端,63,4,59,華南永昌-板橋,2023-07-13,9349
1314,中石化,54,0,54,華南永昌-板橋,2023-07-13,9349
2610,華航,105,52,53,華南永昌-板橋,2023-07-13,9349
00929,復華台灣科技優息,51,3,48,華南永昌-板橋,2023-07-13,9349
2442,新美齊,44,0,44,華南永昌-板橋,2023-07-13,9349
2376,技嘉,62,19,43,華南永昌-板橋,2023-07-13,9349
1524,耿鼎,40,0,40,華南永昌-板橋,2023-07-13,9349
5511,德昌,37,0,37,華南永昌-板橋,2023-07-13,9349
1513,中興電,37,5,32,華南永昌-板橋,2023-07-13,9349
8415,大國鋼,30,0,30,華南永昌-板橋,2023-07-13,9349
1609,大亞,69,42,27,華南永昌-板橋,2023-07-13,9349
3704,合勤控,31,4,27,華南永昌-板橋,2023-07-13,9349
5439,高技,145,120,25,華南永昌-板橋,2023-07-13,9349
2426,鼎元,20,0,20,華南永昌-板橋,2023-07-13,9349
8064,東捷,30,10,20,華南永昌-板橋,2023-07-13,9349
2323,中環,22,3,19,華南永昌-板橋,2023-07-13,9349
4533,協易機,31,15,16,華南永昌-板橋,2023-07-13,9349
3521,鴻翊,16,0,16,華南永昌-板橋,2023-07-13,9349
6188,廣明,50,34,16,華南永昌-板橋,2023-07-13,9349
2401,凌陽,15,0,15,華南永昌-板橋,2023-07-13,9349
00902,中信電池及儲能,13,0,13,華南永昌-板橋,2023-07-13,9349
1905,華紙,16,3,13,華南永昌-板橋,2023-07-13,9349
4157,太景*-KY,12,0,12,華南永昌-板橋,2023-07-13,9349
5465,富驊,12,0,12,華南永昌-板橋,2023-07-13,9349
6278,台表科,11,0,11,華南永昌-板橋,2023-07-13,9349
00930,永豐ESG低碳高息,15,4,11,華南永昌-板橋,2023-07-13,9349
2312,金寶,152,141,11,華南永昌-板橋,2023-07-13,9349
3176,基亞,11,0,11,華南永昌-板橋,2023-07-13,9349
00676R,富邦臺灣加權反1,10,0,10,華南永昌-板橋,2023-07-13,9349
2611,志信,10,0,10,華南永昌-板橋,2023-07-13,9349
5426,振發,15,5,10,華南永昌-板橋,2023-07-13,9349
5521,工信,10,0,10,華南永昌-板橋,2023-07-13,9349
6285,啟��,56,46,10,華南永昌-板橋,2023-07-13,9349
6550,北極星藥業-KY,11,1,10,華南永昌-板橋,2023-07-13,9349
5011,久陽,10,0,10,華南永昌-板橋,2023-07-13,9349
00893,國泰智能電動車,12,3,9,華南永昌-板橋,2023-07-13,9349
2486,一詮,9,0,9,華南永昌-板橋,2023-07-13,9349
2633,台灣高鐵,9,0,9,華南永昌-板橋,2023-07-13,9349
3322,建舜電,10,1,9,華南永昌-板橋,2023-07-13,9349
3363,上詮,15,6,9,華南永昌-板橋,2023-07-13,9349
1529,樂事綠能,8,0,8,華南永昌-板橋,2023-07-13,9349
2206,三陽工業,11,3,8,華南永昌-板橋,2023-07-13,9349
3515,華擎,13,5,8,華南永昌-板橋,2023-07-13,9349
4763,材料-KY,13,5,8,華南永昌-板橋,2023-07-13,9349
2371,大同,563,93,470,華南永昌-板橋,2023-07-14,9349
2610,華航,266,73,193,華南永昌-板橋,2023-07-14,9349
1591,駿吉-KY,172,0,172,華南永昌-板橋,2023-07-14,9349
2618,長榮航,130,44,86,華南永昌-板橋,2023-07-14,9349
00637L,元大滬深300正2,100,16,84,華南永昌-板橋,2023-07-14,9349
00882,中信中國高股息,59,0,59,華南永昌-板橋,2023-07-14,9349
5439,高技,85,34,51,華南永昌-板橋,2023-07-14,9349
2331,精英,70,20,50,華南永昌-板橋,2023-07-14,9349
3682,亞太電,44,0,44,華南永昌-板橋,2023-07-14,9349
8011,台通,30,0,30,華南永昌-板橋,2023-07-14,9349
8210,勤誠,27,7,20,華南永昌-板橋,2023-07-14,9349
1459,聯發,20,0,20,華南永昌-板橋,2023-07-14,9349
1605,華新,22,2,20,華南永昌-板橋,2023-07-14,9349
2867,三商壽,20,0,20,華南永昌-板橋,2023-07-14,9349
3491,昇達科,20,0,20,華南永昌-板橋,2023-07-14,9349
3617,碩天,20,0,20,華南永昌-板橋,2023-07-14,9349
8050,廣積,44,24,20,華南永昌-板橋,2023-07-14,9349
6203,海韻電,20,1,19,華南永昌-板橋,2023-07-14,9349
5258,虹堡,60,41,19,華南永昌-板橋,2023-07-14,9349
3704,合勤控,118,99,19,華南永昌-板橋,2023-07-14,9349
3060,銘異,18,0,18,華南永昌-板橋,2023-07-14,9349
6282,康舒,24,6,18,華南永昌-板橋,2023-07-14,9349
3576,聯合再生,18,0,18,華南永昌-板橋,2023-07-14,9349
2705,六福,17,0,17,華南永昌-板橋,2023-07-14,9349
4768,晶呈科技,45,28,17,華南永昌-板橋,2023-07-14,9349
2324,仁寶,16,0,16,華南永昌-板橋,2023-07-14,9349
2419,仲琦,29,14,15,華南永昌-板橋,2023-07-14,9349
2881,富邦金,20,6,14,華南永昌-板橋,2023-07-14,9349
00632R,元大台灣50反1,34,20,14,華南永昌-板橋,2023-07-14,9349
2312,金寶,27,13,14,華南永昌-板橋,2023-07-14,9349
2645,長榮航太,14,0,14,華南永昌-板橋,2023-07-14,9349
00720B,元大投資級公司債,14,0,14,華南永昌-板橋,2023-07-14,9349
00722B,群益投資級電信債,13,0,13,華南永昌-板橋,2023-07-14,9349
6770,力積電,13,0,13,華南永昌-板橋,2023-07-14,9349
1611,中電,12,0,12,華南永昌-板橋,2023-07-14,9349
2104,國際中橡,12,0,12,華南永昌-板橋,2023-07-14,9349
3483,力致,12,0,12,華南永昌-板橋,2023-07-14,9349
6235,華孚,65,53,12,華南永昌-板橋,2023-07-14,9349
2887,台新金,11,0,11,華南永昌-板橋,2023-07-14,9349
6806,森崴能源,13,2,11,華南永昌-板橋,2023-07-14,9349
00679B,元大美債20年,11,0,11,華南永昌-板橋,2023-07-14,9349
1618,合機,12,1,11,華南永昌-板橋,2023-07-14,9349
2352,佳世達,13,2,11,華南永昌-板橋,2023-07-14,9349
00751B,元大AAA至A公司債,10,0,10,華南永昌-板橋,2023-07-14,9349
00764B,群益25年美債,10,0,10,華南永昌-板橋,2023-07-14,9349
1460,宏遠,10,0,10,華南永昌-板橋,2023-07-14,9349
2355,敬鵬,15,5,10,華南永昌-板橋,2023-07-14,9349
4526,東台,10,0,10,華南永昌-板橋,2023-07-14,9349
4908,前鼎,10,0,10,華南永昌-板橋,2023-07-14,9349
6104,創惟,9,0,9,華南永昌-板橋,2023-07-14,9349
2888,新光金,152,12,140,華南永昌-板橋,2023-07-17,9349
2382,廣達,136,14,122,華南永昌-板橋,2023-07-17,9349
3444,利機,154,60,94,華南永昌-板橋,2023-07-17,9349
2371,大同,125,39,86,華南永昌-板橋,2023-07-17,9349
2427,三商電,65,0,65,華南永昌-板橋,2023-07-17,9349
2324,仁寶,102,52,50,華南永昌-板橋,2023-07-17,9349
00722B,群益投資級電信債,40,0,40,華南永昌-板橋,2023-07-17,9349
00923,群益台ESG低碳50,40,0,40,華南永昌-板橋,2023-07-17,9349
00764B,群益25年美債,40,0,40,華南永昌-板橋,2023-07-17,9349
2610,華航,56,18,38,華南永昌-板橋,2023-07-17,9349
2356,英業達,81,44,37,華南永昌-板橋,2023-07-17,9349
3207,耀勝,65,30,35,華南永昌-板橋,2023-07-17,9349
4768,晶呈科技,60,25,35,華南永昌-板橋,2023-07-17,9349
2881,富邦金,37,6,31,華南永昌-板橋,2023-07-17,9349
3047,訊舟,34,3,31,華南永昌-板橋,2023-07-17,9349
00888,永豐台灣ESG,28,0,28,華南永昌-板橋,2023-07-17,9349
5356,協益,25,0,25,華南永昌-板橋,2023-07-17,9349
6442,光聖,25,0,25,華南永昌-板橋,2023-07-17,9349
2353,宏��,44,20,24,華南永昌-板橋,2023-07-17,9349
2314,台揚,29,5,24,華南永昌-板橋,2023-07-17,9349
00900,富邦特選高股息30,20,0,20,華南永昌-板橋,2023-07-17,9349
2705,六福,20,0,20,華南永昌-板橋,2023-07-17,9349
6164,華興,20,0,20,華南永昌-板橋,2023-07-17,9349
6226,光鼎,20,0,20,華南永昌-板橋,2023-07-17,9349
2388,威盛,59,39,20,華南永昌-板橋,2023-07-17,9349
5469,瀚宇博,43,25,18,華南永昌-板橋,2023-07-17,9349
1605,華新,33,16,17,華南永昌-板橋,2023-07-17,9349
2351,順德,15,0,15,華南永昌-板橋,2023-07-17,9349
4157,太景*-KY,30,15,15,華南永昌-板橋,2023-07-17,9349
00905,FT臺灣Smart,14,0,14,華南永昌-板橋,2023-07-17,9349
00720B,元大投資級公司債,13,0,13,華南永昌-板橋,2023-07-17,9349
5009,榮剛,27,14,13,華南永昌-板橋,2023-07-17,9349
0056,元大高股息,53,40,13,華南永昌-板橋,2023-07-17,9349
4736,泰博,12,0,12,華南永昌-板橋,2023-07-17,9349
5439,高技,37,25,12,華南永昌-板橋,2023-07-17,9349
8087,麗升能源,12,0,12,華南永昌-板橋,2023-07-17,9349
8936,國統,15,4,11,華南永昌-板橋,2023-07-17,9349
1459,聯發,10,0,10,華南永昌-板橋,2023-07-17,9349
1522,堤維西,10,0,10,華南永昌-板橋,2023-07-17,9349
1618,合機,10,0,10,華南永昌-板橋,2023-07-17,9349
2102,泰豐,10,0,10,華南永昌-板橋,2023-07-17,9349
2329,華泰,24,14,10,華南永昌-板橋,2023-07-17,9349
2491,吉祥全,10,0,10,華南永昌-板橋,2023-07-17,9349
3031,佰鴻,10,0,10,華南永昌-板橋,2023-07-17,9349
3093,港建*,10,0,10,華南永昌-板橋,2023-07-17,9349
3311,閎暉,10,0,10,華南永昌-板橋,2023-07-17,9349
5521,工信,10,0,10,華南永昌-板橋,2023-07-17,9349
6207,雷科,10,0,10,華南永昌-板橋,2023-07-17,9349
6417,韋僑,20,10,10,華南永昌-板橋,2023-07-17,9349
8021,尖點,10,0,10,華南永昌-板橋,2023-07-17,9349
2409,友達,297,34,263,華南永昌-板橋,2023-07-18,9349
6188,廣明,117,12,105,華南永昌-板橋,2023-07-18,9349
2421,建準,142,46,96,華南永昌-板橋,2023-07-18,9349
0056,元大高股息,101,22,79,華南永昌-板橋,2023-07-18,9349
2312,金寶,127,52,75,華南永昌-板橋,2023-07-18,9349
5356,協益,70,0,70,華南永昌-板橋,2023-07-18,9349
00878,國泰永續高股息,99,29,70,華南永昌-板橋,2023-07-18,9349
2481,強茂,89,26,63,華南永昌-板橋,2023-07-18,9349
00882,中信中國高股息,60,0,60,華南永昌-板橋,2023-07-18,9349
4938,和碩,107,50,57,華南永昌-板橋,2023-07-18,9349
2324,仁寶,95,49,46,華南永昌-板橋,2023-07-18,9349
2402,毅嘉,42,0,42,華南永昌-板橋,2023-07-18,9349
6442,光聖,42,1,41,華南永昌-板橋,2023-07-18,9349
6546,正基,47,7,40,華南永昌-板橋,2023-07-18,9349
2329,華泰,82,48,34,華南永昌-板橋,2023-07-18,9349
5439,高技,49,15,34,華南永昌-板橋,2023-07-18,9349
8249,菱光,34,0,34,華南永昌-板橋,2023-07-18,9349
6218,豪勉,173,140,33,華南永昌-板橋,2023-07-18,9349
2883,凱基金,33,1,32,華南永昌-板橋,2023-07-18,9349
2812,台中銀,32,2,30,華南永昌-板橋,2023-07-18,9349
4157,太景*-KY,33,3,30,華南永昌-板橋,2023-07-18,9349
6282,康舒,60,34,26,華南永昌-板橋,2023-07-18,9349
00722B,群益投資級電信債,25,0,25,華南永昌-板橋,2023-07-18,9349
3207,耀勝,63,38,25,華南永昌-板橋,2023-07-18,9349
4919,新唐,26,2,24,華南永昌-板橋,2023-07-18,9349
00764B,群益25年美債,23,0,23,華南永昌-板橋,2023-07-18,9349
2323,中環,54,32,22,華南永昌-板橋,2023-07-18,9349
6290,良維,25,3,22,華南永昌-板橋,2023-07-18,9349
00751B,元大AAA至A公司債,21,0,21,華南永昌-板橋,2023-07-18,9349
2401,凌陽,22,1,21,華南永昌-板橋,2023-07-18,9349
1459,聯發,20,0,20,華南永昌-板橋,2023-07-18,9349
6417,韋僑,20,0,20,華南永昌-板橋,2023-07-18,9349
3481,群創,57,38,19,華南永昌-板橋,2023-07-18,9349
3673,TPK-KY,19,0,19,華南永昌-板橋,2023-07-18,9349
8936,國統,28,10,18,華南永昌-板橋,2023-07-18,9349
00929,復華台灣科技優息,31,15,16,華南永昌-板橋,2023-07-18,9349
6116,彩晶,14,0,14,華南永昌-板橋,2023-07-18,9349
1605,華新,18,5,13,華南永昌-板橋,2023-07-18,9349
00720B,元大投資級公司債,13,0,13,華南永昌-板橋,2023-07-18,9349
2913,農林,13,0,13,華南永昌-板橋,2023-07-18,9349
3490,單井,13,0,13,華南永昌-板橋,2023-07-18,9349
4755,三福化,17,4,13,華南永昌-板橋,2023-07-18,9349
2515,中工,12,0,12,華南永昌-板橋,2023-07-18,9349
3027,盛達,19,7,12,華南永昌-板橋,2023-07-18,9349
3265,台星科,13,1,12,華南永昌-板橋,2023-07-18,9349
4142,國光生,12,0,12,華南永昌-板橋,2023-07-18,9349
6182,合晶,13,1,12,華南永昌-板橋,2023-07-18,9349
2316,楠梓電,22,10,12,華南永昌-板橋,2023-07-18,9349
1802,台玻,11,0,11,華南永昌-板橋,2023-07-18,9349
3305,昇貿,20,9,11,華南永昌-板橋,2023-07-18,9349
3444,利機,282,116,166,華南永昌-板橋,2023-07-19,9349
1591,駿吉-KY,128,10,118,華南永昌-板橋,2023-07-19,9349
2324,仁寶,85,23,62,華南永昌-板橋,2023-07-19,9349
2352,佳世達,76,25,51,華南永昌-板橋,2023-07-19,9349
2409,友達,74,30,44,華南永昌-板橋,2023-07-19,9349
2610,華航,61,17,44,華南永昌-板橋,2023-07-19,9349
3374,精材,34,0,34,華南永昌-板橋,2023-07-19,9349
2376,技嘉,40,7,33,華南永昌-板橋,2023-07-19,9349
00764B,群益25年美債,30,0,30,華南永昌-板橋,2023-07-19,9349
6120,達運,50,20,30,華南永昌-板橋,2023-07-19,9349
6153,嘉聯益,30,0,30,華南永昌-板橋,2023-07-19,9349
3583,辛耘,25,0,25,華南永昌-板橋,2023-07-19,9349
4768,晶呈科技,200,176,24,華南永昌-板橋,2023-07-19,9349
2421,建準,131,108,23,華南永昌-板橋,2023-07-19,9349
1513,中興電,24,1,23,華南永昌-板橋,2023-07-19,9349
3037,欣興,40,18,22,華南永昌-板橋,2023-07-19,9349
2609,陽明,27,5,22,華南永昌-板橋,2023-07-19,9349
00888,永豐台灣ESG,21,0,21,華南永昌-板橋,2023-07-19,9349
00633L,富邦上証正2,20,0,20,華南永昌-板橋,2023-07-19,9349
2312,金寶,47,27,20,華南永昌-板橋,2023-07-19,9349
5351,鈺創,98,78,20,華南永昌-板橋,2023-07-19,9349
3305,昇貿,24,6,18,華南永昌-板橋,2023-07-19,9349
1609,大亞,20,2,18,華南永昌-板橋,2023-07-19,9349
3706,神達,97,81,16,華南永昌-板橋,2023-07-19,9349
1905,華紙,16,0,16,華南永昌-板橋,2023-07-19,9349
2436,偉詮電,16,0,16,華南永昌-板橋,2023-07-19,9349
3049,精金,16,0,16,華南永昌-板橋,2023-07-19,9349
3709,鑫聯大投控,16,0,16,華南永昌-板橋,2023-07-19,9349
8215,明基材,17,1,16,華南永昌-板橋,2023-07-19,9349
2329,華泰,31,16,15,華南永昌-板橋,2023-07-19,9349
4123,晟德,106,91,15,華南永昌-板橋,2023-07-19,9349
2351,順德,14,0,14,華南永昌-板橋,2023-07-19,9349
2402,毅嘉,13,0,13,華南永昌-板橋,2023-07-19,9349
3048,益登,13,0,13,華南永昌-板橋,2023-07-19,9349
00900,富邦特選高股息30,22,10,12,華南永昌-板橋,2023-07-19,9349
2206,三陽工業,14,2,12,華南永昌-板橋,2023-07-19,9349
3033,威健,12,0,12,華南永昌-板橋,2023-07-19,9349
2303,聯電,14,3,11,華南永昌-板橋,2023-07-19,9349
5469,瀚宇博,12,1,11,華南永昌-板橋,2023-07-19,9349
6016,康和證,17,6,11,華南永昌-板橋,2023-07-19,9349
6770,力積電,11,0,11,華南永昌-板橋,2023-07-19,9349
6188,廣明,34,23,11,華南永昌-板橋,2023-07-19,9349
2618,長榮航,44,34,10,華南永昌-板橋,2023-07-19,9349
00752,中信中國50,10,0,10,華南永昌-板橋,2023-07-19,9349
00671R,富邦NASDAQ反1,10,0,10,華南永昌-板橋,2023-07-19,9349
1218,泰山,10,0,10,華南永昌-板橋,2023-07-19,9349
1909,榮成,10,0,10,華南永昌-板橋,2023-07-19,9349
2313,華通,10,0,10,華南永昌-板橋,2023-07-19,9349
2426,鼎元,10,0,10,華南永昌-板橋,2023-07-19,9349
3013,晟銘電,10,0,10,華南永昌-板橋,2023-07-19,9349
00877,復華中國5G,122,0,122,華南永昌-板橋,2023-07-20,9349
2382,廣達,117,30,87,華南永昌-板橋,2023-07-20,9349
3305,昇貿,75,1,74,華南永昌-板橋,2023-07-20,9349
0056,元大高股息,76,16,60,華南永昌-板橋,2023-07-20,9349
1102,亞泥,54,0,54,華南永昌-板橋,2023-07-20,9349
2409,友達,63,13,50,華南永昌-板橋,2023-07-20,9349
3231,緯創,51,6,45,華南永昌-板橋,2023-07-20,9349
2371,大同,58,14,44,華南永昌-板橋,2023-07-20,9349
5439,高技,62,20,42,華南永昌-板橋,2023-07-20,9349
2303,聯電,42,3,39,華南永昌-板橋,2023-07-20,9349
4123,晟德,47,11,36,華南永昌-板橋,2023-07-20,9349
6188,廣明,47,14,33,華南永昌-板橋,2023-07-20,9349
1529,樂事綠能,33,1,32,華南永昌-板橋,2023-07-20,9349
6282,康舒,42,10,32,華南永昌-板橋,2023-07-20,9349
00764B,群益25年美債,31,0,31,華南永昌-板橋,2023-07-20,9349
2201,裕隆,31,0,31,華南永昌-板橋,2023-07-20,9349
2362,藍天,30,0,30,華南永昌-板橋,2023-07-20,9349
4967,十銓,30,2,28,華南永昌-板橋,2023-07-20,9349
3712,永崴投控,25,0,25,華南永昌-板橋,2023-07-20,9349
3583,辛耘,31,7,24,華南永昌-板橋,2023-07-20,9349
2481,強茂,41,18,23,華南永昌-板橋,2023-07-20,9349
00642U,期元大S＆P石油,30,8,22,華南永昌-板橋,2023-07-20,9349
3588,通嘉,22,0,22,華南永昌-板橋,2023-07-20,9349
2332,友訊,21,0,21,華南永昌-板橋,2023-07-20,9349
2399,映泰,24,3,21,華南永昌-板橋,2023-07-20,9349
00751B,元大AAA至A公司債,20,0,20,華南永昌-板橋,2023-07-20,9349
6550,北極星藥業-KY,20,0,20,華南永昌-板橋,2023-07-20,9349
3481,群創,126,107,19,華南永昌-板橋,2023-07-20,9349
6546,正基,40,21,19,華南永昌-板橋,2023-07-20,9349
6218,豪勉,20,2,18,華南永昌-板橋,2023-07-20,9349
6548,長科*,20,2,18,華南永昌-板橋,2023-07-20,9349
00929,復華台灣科技優息,17,0,17,華南永昌-板橋,2023-07-20,9349
00712,復華富時不動產,18,1,17,華南永昌-板橋,2023-07-20,9349
6530,創威,37,20,17,華南永昌-板橋,2023-07-20,9349
6462,神盾,16,0,16,華南永昌-板橋,2023-07-20,9349
1513,中興電,16,0,16,華南永昌-板橋,2023-07-20,9349
00648R,元大S＆P500反1,15,0,15,華南永昌-板橋,2023-07-20,9349
3013,晟銘電,18,4,14,華南永昌-板橋,2023-07-20,9349
2356,英業達,27,13,14,華南永昌-板橋,2023-07-20,9349
5484,慧友,15,1,14,華南永昌-板橋,2023-07-20,9349
00714,群益道瓊美國地產,14,0,14,華南永昌-板橋,2023-07-20,9349
6841,長佳智能,16,3,13,華南永昌-板橋,2023-07-20,9349
3037,欣興,18,6,12,華南永昌-板橋,2023-07-20,9349
3189,景碩,15,3,12,華南永昌-板橋,2023-07-20,9349
6770,力積電,29,17,12,華南永昌-板橋,2023-07-20,9349
3289,宜特,31,20,11,華南永昌-板橋,2023-07-20,9349
4116,明基醫,11,0,11,華南永昌-板橋,2023-07-20,9349
00917,中信特選金融,10,0,10,華南永昌-板橋,2023-07-20,9349
00888,永豐台灣ESG,10,0,10,華南永昌-板橋,2023-07-20,9349
1612,宏泰,10,0,10,華南永昌-板橋,2023-07-20,9349
4960,誠美材,202,0,202,華南永昌-板橋,2023-07-21,9349
00637L,元大滬深300正2,110,2,108,華南永昌-板橋,2023-07-21,9349
3444,利機,200,120,80,華南永昌-板橋,2023-07-21,9349
00878,國泰永續高股息,127,55,72,華南永昌-板橋,2023-07-21,9349
2382,廣達,134,66,68,華南永昌-板橋,2023-07-21,9349
00929,復華台灣科技優息,68,1,67,華南永昌-板橋,2023-07-21,9349
2371,大同,67,3,64,華南永昌-板橋,2023-07-21,9349
4768,晶呈科技,207,143,64,華南永昌-板橋,2023-07-21,9349
1102,亞泥,48,0,48,華南永昌-板橋,2023-07-21,9349
2344,華邦電,56,16,40,華南永昌-板橋,2023-07-21,9349
6194,育富,31,0,31,華南永昌-板橋,2023-07-21,9349
1609,大亞,50,19,31,華南永昌-板橋,2023-07-21,9349
00715L,期街口布蘭特正2,30,0,30,華南永昌-板橋,2023-07-21,9349
8213,志超,30,0,30,華南永昌-板橋,2023-07-21,9349
2634,漢翔,34,6,28,華南永昌-板橋,2023-07-21,9349
1605,華新,30,7,23,華南永昌-板橋,2023-07-21,9349
2027,大成鋼,23,1,22,華南永昌-板橋,2023-07-21,9349
2303,聯電,28,6,22,華南永昌-板橋,2023-07-21,9349
2892,第一金,20,0,20,華南永昌-板橋,2023-07-21,9349
5521,工信,20,0,20,華南永昌-板橋,2023-07-21,9349
2915,潤泰全,21,2,19,華南永昌-板橋,2023-07-21,9349
2330,台積電,22,3,19,華南永昌-板橋,2023-07-21,9349
8210,勤誠,36,17,19,華南永昌-板橋,2023-07-21,9349
3264,欣銓,45,27,18,華南永昌-板橋,2023-07-21,9349
2324,仁寶,21,5,16,華南永昌-板橋,2023-07-21,9349
6235,華孚,23,8,15,華南永昌-板橋,2023-07-21,9349
6116,彩晶,23,8,15,華南永昌-板橋,2023-07-21,9349
6282,康舒,21,6,15,華南永昌-板橋,2023-07-21,9349
1513,中興電,49,35,14,華南永昌-板橋,2023-07-21,9349
2201,裕隆,14,0,14,華南永昌-板橋,2023-07-21,9349
6274,台燿,22,9,13,華南永昌-板橋,2023-07-21,9349
0050,元大台灣50,13,0,13,華南永昌-板橋,2023-07-21,9349
2208,台船,12,0,12,華南永昌-板橋,2023-07-21,9349
2329,華泰,82,70,12,華南永昌-板橋,2023-07-21,9349
3037,欣興,18,7,11,華南永昌-板橋,2023-07-21,9349
5009,榮剛,11,0,11,華南永昌-板橋,2023-07-21,9349
8033,雷虎,12,1,11,華南永昌-板橋,2023-07-21,9349
00648R,元大S＆P500反1,10,0,10,華南永昌-板橋,2023-07-21,9349
1783,和康生,11,1,10,華南永昌-板橋,2023-07-21,9349
2014,中鴻,13,3,10,華南永昌-板橋,2023-07-21,9349
2883,凱基金,10,0,10,華南永昌-板橋,2023-07-21,9349
3191,雲嘉南,10,0,10,華南永昌-板橋,2023-07-21,9349
3306,鼎天,11,1,10,華南永昌-板橋,2023-07-21,9349
3596,智易,10,0,10,華南永昌-板橋,2023-07-21,9349
3682,亞太電,10,0,10,華南永昌-板橋,2023-07-21,9349
5386,青雲,10,0,10,華南永昌-板橋,2023-07-21,9349
6188,廣明,38,28,10,華南永昌-板橋,2023-07-21,9349
6205,詮欣,10,0,10,華南永昌-板橋,2023-07-21,9349
3338,泰碩,20,11,9,華南永昌-板橋,2023-07-21,9349
3702,大聯大,9,0,9,華南永昌-板橋,2023-07-21,9349
4960,誠美材,203,0,203,華南永昌-板橋,2023-07-24,9349
8105,凌巨,105,0,105,華南永昌-板橋,2023-07-24,9349
6116,彩晶,105,2,103,華南永昌-板橋,2023-07-24,9349
1591,駿吉-KY,104,5,99,華南永昌-板橋,2023-07-24,9349
2409,友達,98,4,94,華南永昌-板橋,2023-07-24,9349
4768,晶呈科技,216,137,79,華南永昌-板橋,2023-07-24,9349
2368,金像電,71,23,48,華南永昌-板橋,2023-07-24,9349
2913,農林,43,7,36,華南永昌-板橋,2023-07-24,9349
3481,群創,131,97,34,華南永昌-板橋,2023-07-24,9349
2308,台達電,30,0,30,華南永昌-板橋,2023-07-24,9349
1504,東元,50,21,29,華南永昌-板橋,2023-07-24,9349
00882,中信中國高股息,25,0,25,華南永昌-板橋,2023-07-24,9349
3706,神達,40,15,25,華南永昌-板橋,2023-07-24,9349
3712,永崴投控,31,6,25,華南永昌-板橋,2023-07-24,9349
6546,正基,25,0,25,華南永昌-板橋,2023-07-24,9349
3013,晟銘電,42,20,22,華南永昌-板橋,2023-07-24,9349
2887,台新金,22,0,22,華南永昌-板橋,2023-07-24,9349
2356,英業達,36,14,22,華南永昌-板橋,2023-07-24,9349
2421,建準,49,27,22,華南永昌-板橋,2023-07-24,9349
2323,中環,21,0,21,華南永昌-板橋,2023-07-24,9349
2101,南港,20,0,20,華南永昌-板橋,2023-07-24,9349
6188,廣明,40,21,19,華南永昌-板橋,2023-07-24,9349
2891,中信金,17,0,17,華南永昌-板橋,2023-07-24,9349
2457,飛宏,15,1,14,華南永昌-板橋,2023-07-24,9349
3071,協禧,32,18,14,華南永昌-板橋,2023-07-24,9349
3189,景碩,14,0,14,華南永昌-板橋,2023-07-24,9349
3550,聯穎,14,0,14,華南永昌-板橋,2023-07-24,9349
3444,利機,200,187,13,華南永昌-板橋,2023-07-24,9349
2347,聯強,13,1,12,華南永昌-板橋,2023-07-24,9349
2890,永豐金,12,0,12,華南永昌-板橋,2023-07-24,9349
2355,敬鵬,11,0,11,華南永昌-板橋,2023-07-24,9349
3105,穩懋,11,0,11,華南永昌-板橋,2023-07-24,9349
6125,廣運,22,11,11,華南永昌-板橋,2023-07-24,9349
3231,緯創,27,17,10,華南永昌-板橋,2023-07-24,9349
4938,和碩,27,17,10,華南永昌-板橋,2023-07-24,9349
1529,樂事綠能,20,10,10,華南永昌-板橋,2023-07-24,9349
1609,大亞,22,12,10,華南永昌-板橋,2023-07-24,9349
3416,融程電,10,0,10,華南永昌-板橋,2023-07-24,9349
3466,德晉,10,0,10,華南永昌-板橋,2023-07-24,9349
3504,揚明光,10,0,10,華南永昌-板橋,2023-07-24,9349
3583,辛耘,11,1,10,華南永昌-板橋,2023-07-24,9349
6417,韋僑,10,0,10,華南永昌-板橋,2023-07-24,9349
3305,昇貿,17,8,9,華南永昌-板橋,2023-07-24,9349
2886,兆豐金,9,0,9,華南永昌-板橋,2023-07-24,9349
1618,合機,10,1,9,華南永昌-板橋,2023-07-24,9349
2357,華碩,11,2,9,華南永昌-板橋,2023-07-24,9349
3162,精確,10,1,9,華南永昌-板橋,2023-07-24,9349
6170,統振,9,0,9,華南永昌-板橋,2023-07-24,9349
6208,日揚,9,0,9,華南永昌-板橋,2023-07-24,9349
2419,仲琦,17,8,9,華南永昌-板橋,2023-07-24,9349
00878,國泰永續高股息,217,49,168,華南永昌-板橋,2023-07-25,9349
6470,宇智,120,16,104,華南永昌-板橋,2023-07-25,9349
2329,華泰,88,2,86,華南永昌-板橋,2023-07-25,9349
0056,元大高股息,111,37,74,華南永昌-板橋,2023-07-25,9349
8105,凌巨,55,0,55,華南永昌-板橋,2023-07-25,9349
6188,廣明,142,89,53,華南永昌-板橋,2023-07-25,9349
2382,廣達,129,80,49,華南永昌-板橋,2023-07-25,9349
3490,單井,49,0,49,華南永昌-板橋,2023-07-25,9349
00922,國泰台灣領袖50,45,0,45,華南永昌-板橋,2023-07-25,9349
2426,鼎元,40,0,40,華南永昌-板橋,2023-07-25,9349
00921,兆豐龍頭等權重,40,1,39,華南永昌-板橋,2023-07-25,9349
3207,耀勝,58,19,39,華南永昌-板橋,2023-07-25,9349
6443,元晶,30,0,30,華南永昌-板橋,2023-07-25,9349
1591,駿吉-KY,28,2,26,華南永昌-板橋,2023-07-25,9349
2834,臺企銀,22,0,22,華南永昌-板橋,2023-07-25,9349
00680L,元大美債20正2,22,0,22,華南永昌-板橋,2023-07-25,9349
2357,華碩,31,9,22,華南永昌-板橋,2023-07-25,9349
5426,振發,20,0,20,華南永昌-板橋,2023-07-25,9349
6124,業強,21,1,20,華南永昌-板橋,2023-07-25,9349
1229,聯華,20,0,20,華南永昌-板橋,2023-07-25,9349
6282,康舒,20,2,18,華南永昌-板橋,2023-07-25,9349
2883,凱基金,17,0,17,華南永昌-板橋,2023-07-25,9349
2353,宏��,27,10,17,華南永昌-板橋,2023-07-25,9349
3059,華晶科,28,11,17,華南永昌-板橋,2023-07-25,9349
6116,彩晶,22,5,17,華南永昌-板橋,2023-07-25,9349
00929,復華台灣科技優息,17,1,16,華南永昌-板橋,2023-07-25,9349
8213,志超,16,0,16,華南永昌-板橋,2023-07-25,9349
2301,光寶科,46,30,16,華南永昌-板橋,2023-07-25,9349
00715L,期街口布蘭特正2,45,30,15,華南永昌-板橋,2023-07-25,9349
6125,廣運,33,18,15,華南永昌-板橋,2023-07-25,9349
8210,勤誠,20,5,15,華南永昌-板橋,2023-07-25,9349
3702,大聯大,13,0,13,華南永昌-板橋,2023-07-25,9349
2352,佳世達,12,0,12,華南永昌-板橋,2023-07-25,9349
3031,佰鴻,12,0,12,華南永昌-板橋,2023-07-25,9349
2002,中鋼,12,0,12,華南永昌-板橋,2023-07-25,9349
00679B,元大美債20年,11,0,11,華南永昌-板橋,2023-07-25,9349
2363,矽統,11,0,11,華南永昌-板橋,2023-07-25,9349
1314,中石化,11,1,10,華南永昌-板橋,2023-07-25,9349
1459,聯發,10,0,10,華南永昌-板橋,2023-07-25,9349
1603,華電,10,0,10,華南永昌-板橋,2023-07-25,9349
2102,泰豐,10,0,10,華南永昌-板橋,2023-07-25,9349
2324,仁寶,34,24,10,華南永昌-板橋,2023-07-25,9349
3702A,大聯大甲特,10,0,10,華南永昌-板橋,2023-07-25,9349
4529,淳紳,10,0,10,華南永昌-板橋,2023-07-25,9349
6417,韋僑,10,0,10,華南永昌-板橋,2023-07-25,9349
3071,協禧,14,5,9,華南永昌-板橋,2023-07-25,9349
6180,橘子,10,1,9,華南永昌-板橋,2023-07-25,9349
2206,三陽工業,11,3,8,華南永昌-板橋,2023-07-25,9349
1301,台塑,8,0,8,華南永昌-板橋,2023-07-25,9349
3706,神達,13,5,8,華南永昌-板橋,2023-07-25,9349
2883,凱基金,131,1,130,華南永昌-板橋,2023-07-26,9349
2618,長榮航,146,29,117,華南永昌-板橋,2023-07-26,9349
1504,東元,178,68,110,華南永昌-板橋,2023-07-26,9349
2353,宏��,82,2,80,華南永昌-板橋,2023-07-26,9349
6188,廣明,86,36,50,華南永昌-板橋,2023-07-26,9349
2886,兆豐金,50,1,49,華南永昌-板橋,2023-07-26,9349
2354,鴻準,36,2,34,華南永昌-板橋,2023-07-26,9349
3380,明泰,34,0,34,華南永昌-板橋,2023-07-26,9349
2329,華泰,147,116,31,華南永昌-板橋,2023-07-26,9349
4157,太景*-KY,30,0,30,華南永昌-板橋,2023-07-26,9349
2405,輔信,34,5,29,華南永昌-板橋,2023-07-26,9349
2382,廣達,78,49,29,華南永昌-板橋,2023-07-26,9349
8358,金居,58,31,27,華南永昌-板橋,2023-07-26,9349
3029,零壹,28,3,25,華南永昌-板橋,2023-07-26,9349
6235,華孚,29,5,24,華南永昌-板橋,2023-07-26,9349
0056,元大高股息,29,8,21,華南永昌-板橋,2023-07-26,9349
2453,凌群,32,11,21,華南永昌-板橋,2023-07-26,9349
5009,榮剛,22,1,21,華南永昌-板橋,2023-07-26,9349
00902,中信電池及儲能,20,0,20,華南永昌-板橋,2023-07-26,9349
00877,復華中國5G,30,10,20,華南永昌-板橋,2023-07-26,9349
2890,永豐金,22,2,20,華南永昌-板橋,2023-07-26,9349
5014,建錩,20,0,20,華南永昌-板橋,2023-07-26,9349
6214,精誠,22,2,20,華南永昌-板橋,2023-07-26,9349
2344,華邦電,21,2,19,華南永昌-板橋,2023-07-26,9349
3450,聯鈞,23,4,19,華南永昌-板橋,2023-07-26,9349
2014,中鴻,19,2,17,華南永昌-板橋,2023-07-26,9349
2312,金寶,18,1,17,華南永昌-板橋,2023-07-26,9349
2371,大同,32,15,17,華南永昌-板橋,2023-07-26,9349
00679B,元大美債20年,16,0,16,華南永昌-板橋,2023-07-26,9349
00720B,元大投資級公司債,14,0,14,華南永昌-板橋,2023-07-26,9349
2634,漢翔,26,12,14,華南永昌-板橋,2023-07-26,9349
5351,鈺創,22,8,14,華南永昌-板橋,2023-07-26,9349
1102,亞泥,14,1,13,華南永昌-板橋,2023-07-26,9349
1529,樂事綠能,15,2,13,華南永昌-板橋,2023-07-26,9349
8093,保銳,13,0,13,華南永昌-板橋,2023-07-26,9349
4532,瑞智,14,2,12,華南永昌-板橋,2023-07-26,9349
2337,旺宏,15,4,11,華南永昌-板橋,2023-07-26,9349
6125,廣運,24,13,11,華南永昌-板橋,2023-07-26,9349
6550,北極星藥業-KY,10,0,10,華南永昌-板橋,2023-07-26,9349
00751B,元大AAA至A公司債,10,0,10,華南永昌-板橋,2023-07-26,9349
1459,聯發,10,0,10,華南永昌-板橋,2023-07-26,9349
1618,合機,15,5,10,華南永昌-板橋,2023-07-26,9349
2328,廣宇,11,1,10,華南永昌-板橋,2023-07-26,9349
2401,凌陽,16,6,10,華南永昌-板橋,2023-07-26,9349
3702A,大聯大甲特,10,0,10,華南永昌-板橋,2023-07-26,9349
4128,中天,10,0,10,華南永昌-板橋,2023-07-26,9349
5521,工信,10,0,10,華南永昌-板橋,2023-07-26,9349
6584,南俊國際,10,0,10,華南永昌-板橋,2023-07-26,9349
2376,技嘉,58,49,9,華南永昌-板橋,2023-07-26,9349
3680,家登,9,0,9,華南永昌-板橋,2023-07-26,9349
5351,鈺創,402,226,176,華南永昌-板橋,2023-07-27,9349
2888,新光金,210,50,160,華南永昌-板橋,2023-07-27,9349
2801,彰銀,124,0,124,華南永昌-板橋,2023-07-27,9349
0056,元大高股息,104,7,97,華南永昌-板橋,2023-07-27,9349
00715L,期街口布蘭特正2,90,0,90,華南永昌-板橋,2023-07-27,9349
2363,矽統,66,4,62,華南永昌-板橋,2023-07-27,9349
2883,凱基金,62,0,62,華南永昌-板橋,2023-07-27,9349
00878,國泰永續高股息,61,4,57,華南永昌-板橋,2023-07-27,9349
4768,晶呈科技,96,41,55,華南永昌-板橋,2023-07-27,9349
3444,利機,57,10,47,華南永昌-板橋,2023-07-27,9349
2915,潤泰全,40,0,40,華南永昌-板橋,2023-07-27,9349
8112,至上,33,0,33,華南永昌-板橋,2023-07-27,9349
1217,愛之味,35,6,29,華南永昌-板橋,2023-07-27,9349
6116,彩晶,72,46,26,華南永昌-板橋,2023-07-27,9349
2353,宏��,50,25,25,華南永昌-板橋,2023-07-27,9349
6120,達運,24,1,23,華南永昌-板橋,2023-07-27,9349
1904,正隆,24,1,23,華南永昌-板橋,2023-07-27,9349
4503,金雨,23,2,21,華南永昌-板橋,2023-07-27,9349
6290,良維,22,1,21,華南永昌-板橋,2023-07-27,9349
3037,欣興,25,5,20,華南永昌-板橋,2023-07-27,9349
2332,友訊,31,12,19,華南永昌-板橋,2023-07-27,9349
2405,輔信,20,1,19,華南永昌-板橋,2023-07-27,9349
1471,首利,21,3,18,華南永昌-板橋,2023-07-27,9349
1560,中砂,23,5,18,華南永昌-板橋,2023-07-27,9349
6015,宏遠證,20,2,18,華南永昌-板橋,2023-07-27,9349
6531,愛普*,27,9,18,華南永昌-板橋,2023-07-27,9349
2340,台亞,17,2,15,華南永昌-板橋,2023-07-27,9349
5474,聰泰,15,0,15,華南永昌-板橋,2023-07-27,9349
3044,健鼎,16,1,15,華南永昌-板橋,2023-07-27,9349
2885,元大金,14,0,14,華南永昌-板橋,2023-07-27,9349
00764B,群益25年美債,13,0,13,華南永昌-板橋,2023-07-27,9349
3205,佰研,12,0,12,華南永昌-板橋,2023-07-27,9349
4532,瑞智,14,2,12,華南永昌-板橋,2023-07-27,9349
00679B,元大美債20年,12,0,12,華南永昌-板橋,2023-07-27,9349
2382,廣達,130,119,11,華南永昌-板橋,2023-07-27,9349
3338,泰碩,29,18,11,華南永昌-板橋,2023-07-27,9349
4906,正文,11,0,11,華南永昌-板橋,2023-07-27,9349
4938,和碩,14,4,10,華南永昌-板橋,2023-07-27,9349
00720B,元大投資級公司債,10,0,10,華南永昌-板橋,2023-07-27,9349
00877,復華中國5G,10,0,10,華南永昌-板橋,2023-07-27,9349
00751B,元大AAA至A公司債,10,0,10,華南永昌-板橋,2023-07-27,9349
2520,冠德,10,0,10,華南永昌-板橋,2023-07-27,9349
3060,銘異,10,0,10,華南永昌-板橋,2023-07-27,9349
3149,正達,10,0,10,華南永昌-板橋,2023-07-27,9349
4960,誠美材,10,0,10,華南永昌-板橋,2023-07-27,9349
6492,生華科,10,0,10,華南永昌-板橋,2023-07-27,9349
1514,亞力,9,0,9,華南永昌-板橋,2023-07-27,9349
2705,六福,9,0,9,華南永昌-板橋,2023-07-27,9349
3228,金麗科,9,0,9,華南永昌-板橋,2023-07-27,9349
6112,邁達特,13,4,9,華南永昌-板橋,2023-07-27,9349
00632R,元大台灣50反1,1050,0,1050,華南永昌-板橋,2023-07-28,9349
2888,新光金,119,0,119,華南永昌-板橋,2023-07-28,9349
3444,利機,203,136,67,華南永昌-板橋,2023-07-28,9349
00680L,元大美債20正2,48,0,48,華南永昌-板橋,2023-07-28,9349
2610,華航,48,2,46,華南永昌-板橋,2023-07-28,9349
00687B,國泰20年美債,43,0,43,華南永昌-板橋,2023-07-28,9349
3059,華晶科,52,10,42,華南永昌-板橋,2023-07-28,9349
3231,緯創,128,90,38,華南永昌-板橋,2023-07-28,9349
2883B,凱基金乙特,33,0,33,華南永昌-板橋,2023-07-28,9349
2329,華泰,243,211,32,華南永昌-板橋,2023-07-28,9349
2618,長榮航,56,25,31,華南永昌-板橋,2023-07-28,9349
1905,華紙,66,37,29,華南永昌-板橋,2023-07-28,9349
6275,元山,29,0,29,華南永昌-板橋,2023-07-28,9349
00751B,元大AAA至A公司債,28,0,28,華南永昌-板橋,2023-07-28,9349
2401,凌陽,23,0,23,華南永昌-板橋,2023-07-28,9349
2884,玉山金,24,1,23,華南永昌-板橋,2023-07-28,9349
00722B,群益投資級電信債,21,0,21,華南永昌-板橋,2023-07-28,9349
00679B,元大美債20年,21,0,21,華南永昌-板橋,2023-07-28,9349
3014,聯陽,29,8,21,華南永昌-板橋,2023-07-28,9349
00764B,群益25年美債,20,0,20,華南永昌-板橋,2023-07-28,9349
2908,特力,20,0,20,華南永昌-板橋,2023-07-28,9349
6111,大宇資,22,2,20,華南永昌-板橋,2023-07-28,9349
6417,韋僑,20,0,20,華南永昌-板橋,2023-07-28,9349
2356,英業達,29,11,18,華南永昌-板橋,2023-07-28,9349
6112,邁達特,17,1,16,華南永昌-板橋,2023-07-28,9349
2402,毅嘉,38,24,14,華南永昌-板橋,2023-07-28,9349
6117,迎廣,13,1,12,華南永昌-板橋,2023-07-28,9349
6412,群電,13,1,12,華南永昌-板橋,2023-07-28,9349
00633L,富邦上証正2,11,0,11,華南永昌-板橋,2023-07-28,9349
3060,銘異,11,0,11,華南永昌-板橋,2023-07-28,9349
4157,太景*-KY,11,0,11,華南永昌-板橋,2023-07-28,9349
5452,佶優,14,3,11,華南永昌-板橋,2023-07-28,9349
4915,致伸,21,10,11,華南永昌-板橋,2023-07-28,9349
2231,為升,10,0,10,華南永昌-板橋,2023-07-28,9349
3321,同泰,10,0,10,華南永昌-板橋,2023-07-28,9349
3450,聯鈞,10,0,10,華南永昌-板橋,2023-07-28,9349
4960,誠美材,10,0,10,華南永昌-板橋,2023-07-28,9349
5521,工信,10,0,10,華南永昌-板橋,2023-07-28,9349
6139,亞翔,16,6,10,華南永昌-板橋,2023-07-28,9349
6446,藥華藥,10,0,10,華南永昌-板橋,2023-07-28,9349
2002,中鋼,11,2,9,華南永昌-板橋,2023-07-28,9349
4123,晟德,10,1,9,華南永昌-板橋,2023-07-28,9349
00720B,元大投資級公司債,10,1,9,華南永昌-板橋,2023-07-28,9349
2834,臺企銀,8,0,8,華南永昌-板橋,2023-07-28,9349
1710,東聯,10,2,8,華南永昌-板橋,2023-07-28,9349
3305,昇貿,13,5,8,華南永昌-板橋,2023-07-28,9349
8048,德勝,10,2,8,華南永昌-板橋,2023-07-28,9349
2027,大成鋼,20,12,8,華南永昌-板橋,2023-07-28,9349
2344,華邦電,35,28,7,華南永昌-板橋,2023-07-28,9349
3032,偉訓,9,2,7,華南永昌-板橋,2023-07-28,9349
2409,友達,586,6,580,華南永昌-板橋,2023-07-31,9349
2883,凱基金,121,5,116,華南永昌-板橋,2023-07-31,9349
5880,合庫金,100,0,100,華南永昌-板橋,2023-07-31,9349
1532,勤美,80,1,79,華南永昌-板橋,2023-07-31,9349
3444,利機,161,84,77,華南永昌-板橋,2023-07-31,9349
5356,協益,77,0,77,華南永昌-板橋,2023-07-31,9349
0061,元大寶滬深,50,0,50,華南永昌-板橋,2023-07-31,9349
3231,緯創,86,40,46,華南永昌-板橋,2023-07-31,9349
00680L,元大美債20正2,45,0,45,華南永昌-板橋,2023-07-31,9349
3583,辛耘,53,8,45,華南永昌-板橋,2023-07-31,9349
2301,光寶科,50,9,41,華南永昌-板橋,2023-07-31,9349
8048,德勝,127,88,39,華南永昌-板橋,2023-07-31,9349
3005,神基,45,8,37,華南永昌-板橋,2023-07-31,9349
3035,智原,41,4,37,華南永昌-板橋,2023-07-31,9349
2002,中鋼,31,5,26,華南永昌-板橋,2023-07-31,9349
00679B,元大美債20年,27,0,27,華南永昌-板橋,2023-07-31,9349
2402,毅嘉,24,1,23,華南永昌-板橋,2023-07-31,9349
00882,中信中國高股息,22,0,22,華南永昌-板橋,2023-07-31,9349
1459,聯發,20,0,20,華南永昌-板橋,2023-07-31,9349
2610,華航,31,11,20,華南永昌-板橋,2023-07-31,9349
5511,德昌,20,0,20,華南永昌-板橋,2023-07-31,9349
8088,品安,20,0,20,華南永昌-板橋,2023-07-31,9349
2915,潤泰全,20,1,19,華南永昌-板橋,2023-07-31,9349
00687B,國泰20年美債,18,0,18,華南永昌-板橋,2023-07-31,9349
2609,陽明,21,4,17,華南永昌-板橋,2023-07-31,9349
00919,群益台灣精選高息,20,3,17,華南永昌-板橋,2023-07-31,9349
2353,宏��,128,113,15,華南永昌-板橋,2023-07-31,9349
1453,大將,15,0,15,華南永昌-板橋,2023-07-31,9349
1319,東陽,18,4,14,華南永昌-板橋,2023-07-31,9349
4945,陞達科技,14,0,14,華南永昌-板橋,2023-07-31,9349
5475,德宏,14,0,14,華南永昌-板橋,2023-07-31,9349
4123,晟德,13,0,13,華南永昌-板橋,2023-07-31,9349
2303,聯電,17,5,12,華南永昌-板橋,2023-07-31,9349
2332,友訊,73,60,13,華南永昌-板橋,2023-07-31,9349
00929,復華台灣科技優息,15,3,12,華南永昌-板橋,2023-07-31,9349
5425,台半,11,0,11,華南永昌-板橋,2023-07-31,9349
2206,三陽工業,12,1,11,華南永昌-板橋,2023-07-31,9349
3163,波若威,25,14,11,華南永昌-板橋,2023-07-31,9349
4934,太極,11,0,11,華南永昌-板橋,2023-07-31,9349
3661,世芯-KY,11,0,11,華南永昌-板橋,2023-07-31,9349
4768,晶呈科技,155,145,10,華南永昌-板橋,2023-07-31,9349
00636,國泰中國A50,15,5,10,華南永昌-板橋,2023-07-31,9349
1612,宏泰,10,0,10,華南永昌-板橋,2023-07-31,9349
1701,中化,10,0,10,華南永昌-板橋,2023-07-31,9349
2327,國巨,10,0,10,華南永昌-板橋,2023-07-31,9349
3481,群創,30,20,10,華南永昌-板橋,2023-07-31,9349
6133,金橋,11,1,10,華南永昌-板橋,2023-07-31,9349
6690,安�硌穈T,10,0,10,華南永昌-板橋,2023-07-31,9349
8358,金居,17,7,10,華南永昌-板橋,2023-07-31,9349
5009,榮剛,10,1,9,華南永昌-板橋,2023-07-31,9349
2890,永豐金,171,0,171,華南永昌-板橋,2023-08-01,9349
1802,台玻,168,21,147,華南永昌-板橋,2023-08-01,9349
9105,泰金寶-DR,100,0,100,華南永昌-板橋,2023-08-01,9349
5880,合庫金,102,7,95,華南永昌-板橋,2023-08-01,9349
2301,光寶科,140,46,94,華南永昌-板橋,2023-08-01,9349
00929,復華台灣科技優息,93,1,92,華南永昌-板橋,2023-08-01,9349
2362,藍天,87,0,87,華南永昌-板橋,2023-08-01,9349
2801,彰銀,77,0,77,華南永昌-板橋,2023-08-01,9349
2312,金寶,51,5,46,華南永昌-板橋,2023-08-01,9349
00923,群益台ESG低碳50,43,0,43,華南永昌-板橋,2023-08-01,9349
5356,協益,40,0,40,華南永昌-板橋,2023-08-01,9349
2329,華泰,61,28,33,華南永昌-板橋,2023-08-01,9349
2371,大同,32,2,30,華南永昌-板橋,2023-08-01,9349
4545,銘鈺,30,0,30,華南永昌-板橋,2023-08-01,9349
2363,矽統,33,9,24,華南永昌-板橋,2023-08-01,9349
3033,威健,23,0,23,華南永昌-板橋,2023-08-01,9349
2352,佳世達,22,1,21,華南永昌-板橋,2023-08-01,9349
2891,中信金,21,0,21,華南永昌-板橋,2023-08-01,9349
2883B,凱基金乙特,20,0,20,華南永昌-板橋,2023-08-01,9349
1504,東元,35,19,16,華南永昌-板橋,2023-08-01,9349
3011,今皓,16,0,16,華南永昌-板橋,2023-08-01,9349
4979,華星光,33,17,16,華南永昌-板橋,2023-08-01,9349
2303,聯電,21,6,15,華南永昌-板橋,2023-08-01,9349
4747,強生,17,2,15,華南永昌-板橋,2023-08-01,9349
2743,山富,18,4,14,華南永昌-板橋,2023-08-01,9349
3231,緯創,125,112,13,華南永昌-板橋,2023-08-01,9349
6550,北極星藥業-KY,14,1,13,華南永昌-板橋,2023-08-01,9349
2368,金像電,18,5,13,華南永昌-板橋,2023-08-01,9349
00693U,期街口S＆P黃豆,12,0,12,華南永昌-板橋,2023-08-01,9349
3213,茂訊,16,4,12,華南永昌-板橋,2023-08-01,9349
3583,辛耘,19,7,12,華南永昌-板橋,2023-08-01,9349
1513,中興電,15,4,11,華南永昌-板橋,2023-08-01,9349
2634,漢翔,12,1,11,華南永昌-板橋,2023-08-01,9349
2812,台中銀,11,0,11,華南永昌-板橋,2023-08-01,9349
3131,弘塑,11,0,11,華南永昌-板橋,2023-08-01,9349
6417,韋僑,10,0,10,華南永昌-板橋,2023-08-01,9349
1459,聯發,10,0,10,華南永昌-板橋,2023-08-01,9349
2892,第一金,12,2,10,華南永昌-板橋,2023-08-01,9349
4142,國光生,10,0,10,華南永昌-板橋,2023-08-01,9349
5864,致和證,10,0,10,華南永昌-板橋,2023-08-01,9349
6190,萬泰科,10,0,10,華南永昌-板橋,2023-08-01,9349
8110,華東,10,0,10,華南永昌-板橋,2023-08-01,9349
3044,健鼎,12,2,10,華南永昌-板橋,2023-08-01,9349
1905,華紙,15,6,9,華南永昌-板橋,2023-08-01,9349
2834,臺企銀,14,5,9,華南永昌-板橋,2023-08-01,9349
5289,宜鼎,10,1,9,華南永昌-板橋,2023-08-01,9349
5388,中磊,22,13,9,華南永昌-板橋,2023-08-01,9349
6231,系微,12,3,9,華南永昌-板橋,2023-08-01,9349
8440,綠電,9,0,9,華南永昌-板橋,2023-08-01,9349
6412,群電,10,2,8,華南永昌-板橋,2023-08-01,9349
2409,友達,1208,3,1205,華南永昌-板橋,2023-08-02,9349
2344,華邦電,228,8,220,華南永昌-板橋,2023-08-02,9349
00687B,國泰20年美債,118,0,118,華南永昌-板橋,2023-08-02,9349
00900,富邦特選高股息30,115,0,115,華南永昌-板橋,2023-08-02,9349
00923,群益台ESG低碳50,109,0,109,華南永昌-板橋,2023-08-02,9349
5880,合庫金,103,6,97,華南永昌-板橋,2023-08-02,9349
2888,新光金,108,27,81,華南永昌-板橋,2023-08-02,9349
2382,廣達,190,125,65,華南永昌-板橋,2023-08-02,9349
2610,華航,95,33,62,華南永昌-板橋,2023-08-02,9349
0056,元大高股息,73,14,59,華南永昌-板橋,2023-08-02,9349
3481,群創,64,6,58,華南永昌-板橋,2023-08-02,9349
00929,復華台灣科技優息,51,0,51,華南永昌-板橋,2023-08-02,9349
2362,藍天,47,0,47,華南永昌-板橋,2023-08-02,9349
3231,緯創,81,42,39,華南永昌-板橋,2023-08-02,9349
2301,光寶科,62,26,36,華南永昌-板橋,2023-08-02,9349
00712,復華富時不動產,36,0,36,華南永昌-板橋,2023-08-02,9349
00720B,元大投資級公司債,35,1,34,華南永昌-板橋,2023-08-02,9349
9927,泰銘,31,1,30,華南永昌-板橋,2023-08-02,9349
2883,凱基金,28,0,28,華南永昌-板橋,2023-08-02,9349
2618,長榮航,98,72,26,華南永昌-板橋,2023-08-02,9349
3701,大眾控,25,0,25,華南永昌-板橋,2023-08-02,9349
3706,神達,30,5,25,華南永昌-板橋,2023-08-02,9349
2308,台達電,29,5,24,華南永昌-板橋,2023-08-02,9349
4746,台耀,25,1,24,華南永昌-板橋,2023-08-02,9349
2356,英業達,38,15,23,華南永昌-板橋,2023-08-02,9349
00679B,元大美債20年,23,0,23,華南永昌-板橋,2023-08-02,9349
5356,協益,23,0,23,華南永昌-板橋,2023-08-02,9349
5371,中光電,48,26,22,華南永昌-板橋,2023-08-02,9349
00857B,永豐20年美公債,21,0,21,華南永昌-板橋,2023-08-02,9349
8210,勤誠,20,0,20,華南永昌-板橋,2023-08-02,9349
1815,富喬,19,0,19,華南永昌-板橋,2023-08-02,9349
2208,台船,18,0,18,華南永昌-板橋,2023-08-02,9349
2329,華泰,58,41,17,華南永昌-板橋,2023-08-02,9349
5009,榮剛,22,5,17,華南永昌-板橋,2023-08-02,9349
3017,奇鋐,17,1,16,華南永昌-板橋,2023-08-02,9349
4123,晟德,21,5,16,華南永昌-板橋,2023-08-02,9349
00715L,期街口布蘭特正2,80,65,15,華南永昌-板橋,2023-08-02,9349
00764B,群益25年美債,14,0,14,華南永昌-板橋,2023-08-02,9349
2884,玉山金,14,0,14,華南永昌-板橋,2023-08-02,9349
00751B,元大AAA至A公司債,13,0,13,華南永昌-板橋,2023-08-02,9349
1217,愛之味,13,0,13,華南永昌-板橋,2023-08-02,9349
1802,台玻,16,3,13,華南永昌-板橋,2023-08-02,9349
8234,新漢,13,0,13,華南永昌-板橋,2023-08-02,9349
00680L,元大美債20正2,12,0,12,華南永昌-板橋,2023-08-02,9349
2399,映泰,12,0,12,華南永昌-板橋,2023-08-02,9349
8215,明基材,18,6,12,華南永昌-板橋,2023-08-02,9349
6285,啟��,19,7,12,華南永昌-板橋,2023-08-02,9349
2633,台灣高鐵,12,0,12,華南永昌-板橋,2023-08-02,9349
2891,中信金,11,0,11,華南永昌-板橋,2023-08-02,9349
4967,十銓,11,0,11,華南永昌-板橋,2023-08-02,9349
00687B,國泰20年美債,124,0,124,華南永昌-板橋,2023-08-04,9349
2344,華邦電,103,11,92,華南永昌-板橋,2023-08-04,9349
1605,華新,128,44,84,華南永昌-板橋,2023-08-04,9349
2301,光寶科,90,19,71,華南永昌-板橋,2023-08-04,9349
2409,友達,116,58,58,華南永昌-板橋,2023-08-04,9349
00715L,期街口布蘭特正2,110,55,55,華南永昌-板橋,2023-08-04,9349
2913,農林,81,37,44,華南永昌-板橋,2023-08-04,9349
2330,台積電,43,0,43,華南永昌-板橋,2023-08-04,9349
2425,承啟,42,2,40,華南永昌-板橋,2023-08-04,9349
8358,金居,40,0,40,華南永昌-板橋,2023-08-04,9349
00679B,元大美債20年,37,0,37,華南永昌-板橋,2023-08-04,9349
4746,台耀,39,4,35,華南永昌-板橋,2023-08-04,9349
00688L,國泰20年美債正2,31,0,31,華南永昌-板橋,2023-08-04,9349
1514,亞力,30,0,30,華南永昌-板橋,2023-08-04,9349
00929,復華台灣科技優息,30,1,29,華南永昌-板橋,2023-08-04,9349
2353,宏��,26,2,24,華南永昌-板橋,2023-08-04,9349
3706,神達,26,3,23,華南永昌-板橋,2023-08-04,9349
2362,藍天,20,0,20,華南永昌-板橋,2023-08-04,9349
4915,致伸,20,0,20,華南永昌-板橋,2023-08-04,9349
5014,建錩,20,0,20,華南永昌-板橋,2023-08-04,9349
2458,義隆,42,23,19,華南永昌-板橋,2023-08-04,9349
00720B,元大投資級公司債,32,15,17,華南永昌-板橋,2023-08-04,9349
2356,英業達,54,37,17,華南永昌-板橋,2023-08-04,9349
2618,長榮航,18,1,17,華南永昌-板橋,2023-08-04,9349
00892,富邦台灣半導體,16,0,16,華南永昌-板橋,2023-08-04,9349
00900,富邦特選高股息30,18,3,15,華南永昌-板橋,2023-08-04,9349
2891,中信金,14,0,14,華南永昌-板橋,2023-08-04,9349
00680L,元大美債20正2,19,5,14,華南永昌-板橋,2023-08-04,9349
6470,宇智,14,0,14,華南永昌-板橋,2023-08-04,9349
2912,統一超,13,0,13,華南永昌-板橋,2023-08-04,9349
00878,國泰永續高股息,32,19,13,華南永昌-板橋,2023-08-04,9349
5443,均豪,12,0,12,華南永昌-板橋,2023-08-04,9349
6196,帆宣,15,3,12,華南永昌-板橋,2023-08-04,9349
6290,良維,11,0,11,華南永昌-板橋,2023-08-04,9349
2884,玉山金,13,2,11,華南永昌-板橋,2023-08-04,9349
1609,大亞,36,25,11,華南永昌-板橋,2023-08-04,9349
00712,復華富時不動產,10,0,10,華南永昌-板橋,2023-08-04,9349
3207,耀勝,10,0,10,華南永昌-板橋,2023-08-04,9349
2401,凌陽,15,5,10,華南永昌-板橋,2023-08-04,9349
2402,毅嘉,11,1,10,華南永昌-板橋,2023-08-04,9349
2461,光群雷,12,2,10,華南永昌-板橋,2023-08-04,9349
5386,青雲,11,1,10,華南永昌-板橋,2023-08-04,9349
6190,萬泰科,10,0,10,華南永昌-板橋,2023-08-04,9349
6218,豪勉,10,0,10,華南永昌-板橋,2023-08-04,9349
8088,品安,10,0,10,華南永昌-板橋,2023-08-04,9349
8110,華東,10,0,10,華南永昌-板橋,2023-08-04,9349
8215,明基材,10,0,10,華南永昌-板橋,2023-08-04,9349
8121,越峰,10,0,10,華南永昌-板橋,2023-08-04,9349
2363,矽統,10,1,9,華南永昌-板橋,2023-08-04,9349
8440,綠電,9,0,9,華南永昌-板橋,2023-08-04,9349
2409,友達,563,5,558,華南永昌-板橋,2023-08-07,9349
6016,康和證,122,0,122,華南永昌-板橋,2023-08-07,9349
6139,亞翔,127,10,117,華南永昌-板橋,2023-08-07,9349
2888,新光金,103,1,102,華南永昌-板橋,2023-08-07,9349
8105,凌巨,60,0,60,華南永昌-板橋,2023-08-07,9349
00688L,國泰20年美債正2,50,0,50,華南永昌-板橋,2023-08-07,9349
00900,富邦特選高股息30,43,2,41,華南永昌-板橋,2023-08-07,9349
5351,鈺創,85,45,40,華南永昌-板橋,2023-08-07,9349
00931B,統一美債20年,38,0,38,華南永昌-板橋,2023-08-07,9349
3444,利機,68,31,37,華南永昌-板橋,2023-08-07,9349
2913,農林,45,10,35,華南永昌-板橋,2023-08-07,9349
5439,高技,50,15,35,華南永昌-板橋,2023-08-07,9349
2603,長榮,41,6,35,華南永昌-板橋,2023-08-07,9349
3325,旭品,31,0,31,華南永昌-板橋,2023-08-07,9349
00929,復華台灣科技優息,30,2,28,華南永昌-板橋,2023-08-07,9349
00679B,元大美債20年,36,10,26,華南永昌-板橋,2023-08-07,9349
2607,榮運,25,0,25,華南永昌-板橋,2023-08-07,9349
00882,中信中國高股息,21,2,19,華南永昌-板橋,2023-08-07,9349
6112,邁達特,19,0,19,華南永昌-板橋,2023-08-07,9349
2890,永豐金,15,0,15,華南永昌-板橋,2023-08-07,9349
2356,英業達,47,33,14,華南永昌-板橋,2023-08-07,9349
2368,金像電,13,0,13,華南永昌-板橋,2023-08-07,9349
2609,陽明,25,12,13,華南永昌-板橋,2023-08-07,9349
3017,奇鋐,23,11,12,華南永昌-板橋,2023-08-07,9349
1905,華紙,15,3,12,華南永昌-板橋,2023-08-07,9349
2630,亞航,18,7,11,華南永昌-板橋,2023-08-07,9349
1584,精剛,10,0,10,華南永昌-板橋,2023-08-07,9349
00795B,中信美國公債20年,20,10,10,華南永昌-板橋,2023-08-07,9349
2371,大同,14,4,10,華南永昌-板橋,2023-08-07,9349
3715,定穎投控,11,1,10,華南永昌-板橋,2023-08-07,9349
5009,榮剛,48,38,10,華南永昌-板橋,2023-08-07,9349
6116,彩晶,10,0,10,華南永昌-板橋,2023-08-07,9349
1802,台玻,10,1,9,華南永昌-板橋,2023-08-07,9349
2402,毅嘉,14,5,9,華南永昌-板橋,2023-08-07,9349
4755,三福化,9,0,9,華南永昌-板橋,2023-08-07,9349
3060,銘異,8,0,8,華南永昌-板橋,2023-08-07,9349
2891,中信金,7,0,7,華南永昌-板橋,2023-08-07,9349
4916,事欣科,11,4,7,華南永昌-板橋,2023-08-07,9349
5371,中光電,13,6,7,華南永昌-板橋,2023-08-07,9349
6285,啟��,11,4,7,華南永昌-板橋,2023-08-07,9349
5871,中租-KY,6,0,6,華南永昌-板橋,2023-08-07,9349
00895,富邦未來車,6,0,6,華南永昌-板橋,2023-08-07,9349
1519,華城,6,0,6,華南永昌-板橋,2023-08-07,9349
2886,兆豐金,6,0,6,華南永昌-板橋,2023-08-07,9349
3006,晶豪科,6,0,6,華南永昌-板橋,2023-08-07,9349
6274,台燿,11,5,6,華南永昌-板橋,2023-08-07,9349
8440,綠電,6,0,6,華南永昌-板橋,2023-08-07,9349
3481,群創,20,15,5,華南永昌-板橋,2023-08-07,9349
3035,智原,6,1,5,華南永昌-板橋,2023-08-07,9349
6104,創惟,5,0,5,華南永昌-板橋,2023-08-07,9349
00632R,元大台灣50反1,1000,0,1000,華南永昌-板橋,2023-08-08,9349
2356,英業達,890,51,839,華南永昌-板橋,2023-08-08,9349
00900,富邦特選高股息30,95,0,95,華南永昌-板橋,2023-08-08,9349
3231,緯創,235,140,95,華南永昌-板橋,2023-08-08,9349
8105,凌巨,76,0,76,華南永昌-板橋,2023-08-08,9349
6139,亞翔,125,51,74,華南永昌-板橋,2023-08-08,9349
00929,復華台灣科技優息,57,0,57,華南永昌-板橋,2023-08-08,9349
3088,艾訊,51,0,51,華南永昌-板橋,2023-08-08,9349
00688L,國泰20年美債正2,50,0,50,華南永昌-板橋,2023-08-08,9349
2882,國泰金,50,6,44,華南永昌-板橋,2023-08-08,9349
00878,國泰永續高股息,44,4,40,華南永昌-板橋,2023-08-08,9349
1907,永豐餘,39,0,39,華南永昌-板橋,2023-08-08,9349
2382,廣達,205,167,38,華南永昌-板橋,2023-08-08,9349
00923,群益台ESG低碳50,34,4,30,華南永昌-板橋,2023-08-08,9349
8210,勤誠,33,5,28,華南永昌-板橋,2023-08-08,9349
6016,康和證,22,0,22,華南永昌-板橋,2023-08-08,9349
1514,亞力,21,0,21,華南永昌-板橋,2023-08-08,9349
00715L,期街口布蘭特正2,20,0,20,華南永昌-板橋,2023-08-08,9349
2401,凌陽,19,0,19,華南永昌-板橋,2023-08-08,9349
2913,農林,37,18,19,華南永昌-板橋,2023-08-08,9349
1217,愛之味,18,0,18,華南永昌-板橋,2023-08-08,9349
8155,博智,20,2,18,華南永昌-板橋,2023-08-08,9349
2890,永豐金,18,2,16,華南永昌-板橋,2023-08-08,9349
3033,威健,16,0,16,華南永昌-板橋,2023-08-08,9349
2303,聯電,27,12,15,華南永昌-板橋,2023-08-08,9349
4566,時碩工業,15,0,15,華南永昌-板橋,2023-08-08,9349
5009,榮剛,37,22,15,華南永昌-板橋,2023-08-08,9349
6188,廣明,26,12,14,華南永昌-板橋,2023-08-08,9349
2482,連宇,12,0,12,華南永昌-板橋,2023-08-08,9349
3029,零壹,14,2,12,華南永昌-板橋,2023-08-08,9349
4532,瑞智,13,1,12,華南永昌-板橋,2023-08-08,9349
2312,金寶,31,20,11,華南永昌-板橋,2023-08-08,9349
2801,彰銀,11,0,11,華南永昌-板橋,2023-08-08,9349
8050,廣積,28,17,11,華南永昌-板橋,2023-08-08,9349
00931B,統一美債20年,50,40,10,華南永昌-板橋,2023-08-08,9349
00679B,元大美債20年,10,0,10,華南永昌-板橋,2023-08-08,9349
00850,元大臺灣ESG永續,10,0,10,華南永昌-板橋,2023-08-08,9349
1802,台玻,23,13,10,華南永昌-板橋,2023-08-08,9349
3060,銘異,10,0,10,華南永昌-板橋,2023-08-08,9349
6196,帆宣,10,0,10,華南永昌-板橋,2023-08-08,9349
8088,品安,10,0,10,華南永昌-板橋,2023-08-08,9349
2634,漢翔,25,16,9,華南永昌-板橋,2023-08-08,9349
3035,智原,9,0,9,華南永昌-板橋,2023-08-08,9349
2705,六福,9,0,9,華南永昌-板橋,2023-08-08,9349
00753L,中信中國50正2,12,4,8,華南永昌-板橋,2023-08-08,9349
2388,威盛,10,2,8,華南永昌-板橋,2023-08-08,9349
2492,華新科,8,0,8,華南永昌-板橋,2023-08-08,9349
2516,新建,8,0,8,華南永昌-板橋,2023-08-08,9349
6133,金橋,8,0,8,華南永昌-板橋,2023-08-08,9349
6274,台燿,17,9,8,華南永昌-板橋,2023-08-08,9349
00720B,元大投資級公司債,100,0,100,華南永昌-板橋,2023-08-09,9349
6016,康和證,95,0,95,華南永昌-板橋,2023-08-09,9349
2382,廣達,273,187,86,華南永昌-板橋,2023-08-09,9349
8105,凌巨,60,0,60,華南永昌-板橋,2023-08-09,9349
6770,力積電,50,0,50,華南永昌-板橋,2023-08-09,9349
2882,國泰金,47,0,47,華南永昌-板橋,2023-08-09,9349
1459,聯發,42,0,42,華南永昌-板橋,2023-08-09,9349
5439,高技,53,11,42,華南永昌-板橋,2023-08-09,9349
0056,元大高股息,48,15,33,華南永昌-板橋,2023-08-09,9349
00929,復華台灣科技優息,32,0,32,華南永昌-板橋,2023-08-09,9349
2801,彰銀,30,0,30,華南永昌-板橋,2023-08-09,9349
2022,聚亨,28,0,28,華南永昌-板橋,2023-08-09,9349
00878,國泰永續高股息,30,4,26,華南永昌-板橋,2023-08-09,9349
2883,凱基金,25,0,25,華南永昌-板橋,2023-08-09,9349
2362,藍天,23,0,23,華南永昌-板橋,2023-08-09,9349
3049,精金,23,0,23,華南永昌-板橋,2023-08-09,9349
6470,宇智,24,2,22,華南永昌-板橋,2023-08-09,9349
00923,群益台ESG低碳50,21,0,21,華南永昌-板橋,2023-08-09,9349
6214,精誠,22,1,21,華南永昌-板橋,2023-08-09,9349
2313,華通,21,1,20,華南永昌-板橋,2023-08-09,9349
2323,中環,21,1,20,華南永昌-板橋,2023-08-09,9349
3005,神基,20,0,20,華南永昌-板橋,2023-08-09,9349
8415,大國鋼,20,0,20,華南永昌-板橋,2023-08-09,9349
2376,技嘉,39,20,19,華南永昌-板橋,2023-08-09,9349
2002,中鋼,20,3,17,華南永昌-板橋,2023-08-09,9349
2344,華邦電,20,3,17,華南永昌-板橋,2023-08-09,9349
2329,華泰,33,16,17,華南永昌-板橋,2023-08-09,9349
2356,英業達,34,18,16,華南永昌-板橋,2023-08-09,9349
00900,富邦特選高股息30,30,15,15,華南永昌-板橋,2023-08-09,9349
3481,群創,18,4,14,華南永昌-板橋,2023-08-09,9349
00633L,富邦上証正2,12,0,12,華南永昌-板橋,2023-08-09,9349
2892,第一金,12,0,12,華南永昌-板橋,2023-08-09,9349
5608,四維航,12,0,12,華南永昌-板橋,2023-08-09,9349
8440,綠電,12,0,12,華南永昌-板橋,2023-08-09,9349
3583,辛耘,21,11,10,華南永昌-板橋,2023-08-09,9349
00907,永豐優息存股,10,0,10,華南永昌-板橋,2023-08-09,9349
00891,中信關鍵半導體,10,0,10,華南永昌-板橋,2023-08-09,9349
1815,富喬,10,0,10,華南永昌-板橋,2023-08-09,9349
2349,錸德,10,0,10,華南永昌-板橋,2023-08-09,9349
2607,榮運,10,0,10,華南永昌-板橋,2023-08-09,9349
3033,威健,10,0,10,華南永昌-板橋,2023-08-09,9349
3447,展達,10,0,10,華南永昌-板橋,2023-08-09,9349
3624,光頡,10,0,10,華南永昌-板橋,2023-08-09,9349
8088,品安,10,0,10,華南永昌-板橋,2023-08-09,9349
3704,合勤控,10,0,10,華南永昌-板橋,2023-08-09,9349
1802,台玻,40,31,9,華南永昌-板橋,2023-08-09,9349
5356,協益,10,1,9,華南永昌-板橋,2023-08-09,9349
2014,中鴻,10,2,8,華南永昌-板橋,2023-08-09,9349
2303,聯電,11,3,8,華南永昌-板橋,2023-08-09,9349
2385,群光,10,2,8,華南永昌-板橋,2023-08-09,9349
2409,友達,186,23,163,華南永昌-板橋,2023-08-10,9349
6016,康和證,110,0,110,華南永昌-板橋,2023-08-10,9349
8105,凌巨,90,0,90,華南永昌-板橋,2023-08-10,9349
2426,鼎元,90,1,89,華南永昌-板橋,2023-08-10,9349
2402,毅嘉,75,0,75,華南永昌-板橋,2023-08-10,9349
3088,艾訊,73,0,73,華南永昌-板橋,2023-08-10,9349
2610,華航,83,18,65,華南永昌-板橋,2023-08-10,9349
00900,富邦特選高股息30,52,0,52,華南永昌-板橋,2023-08-10,9349
3207,耀勝,244,198,46,華南永昌-板橋,2023-08-10,9349
2489,瑞軒,40,0,40,華南永昌-板橋,2023-08-10,9349
1217,愛之味,41,2,39,華南永昌-板橋,2023-08-10,9349
00878,國泰永續高股息,105,69,36,華南永昌-板橋,2023-08-10,9349
8210,勤誠,35,2,33,華南永昌-板橋,2023-08-10,9349
3017,奇鋐,33,6,27,華南永昌-板橋,2023-08-10,9349
0056,元大高股息,33,7,26,華南永昌-板橋,2023-08-10,9349
2313,華通,25,0,25,華南永昌-板橋,2023-08-10,9349
4768,晶呈科技,59,36,23,華南永昌-板橋,2023-08-10,9349
3576,聯合再生,21,0,21,華南永昌-板橋,2023-08-10,9349
00919,群益台灣精選高息,20,0,20,華南永昌-板橋,2023-08-10,9349
1229,聯華,20,0,20,華南永昌-板橋,2023-08-10,9349
5014,建錩,20,0,20,華南永昌-板橋,2023-08-10,9349
6282,康舒,46,26,20,華南永昌-板橋,2023-08-10,9349
3481,群創,22,4,18,華南永昌-板橋,2023-08-10,9349
2401,凌陽,18,0,18,華南永昌-板橋,2023-08-10,9349
2324,仁寶,17,0,17,華南永昌-板橋,2023-08-10,9349
2344,華邦電,16,1,15,華南永昌-板橋,2023-08-10,9349
6443,元晶,15,0,15,華南永昌-板橋,2023-08-10,9349
8440,綠電,15,0,15,華南永昌-板橋,2023-08-10,9349
00929,復華台灣科技優息,25,10,15,華南永昌-板橋,2023-08-10,9349
2886,兆豐金,16,2,14,華南永昌-板橋,2023-08-10,9349
2329,華泰,28,14,14,華南永昌-板橋,2023-08-10,9349
3005,神基,27,14,13,華南永昌-板橋,2023-08-10,9349
8996,高力,15,2,13,華南永昌-板橋,2023-08-10,9349
006208,富邦台50,13,0,13,華南永昌-板橋,2023-08-10,9349
2303,聯電,14,2,12,華南永昌-板橋,2023-08-10,9349
4123,晟德,12,0,12,華南永昌-板橋,2023-08-10,9349
2609,陽明,12,0,12,華南永昌-板橋,2023-08-10,9349
2002,中鋼,13,1,12,華南永昌-板橋,2023-08-10,9349
00931B,統一美債20年,11,0,11,華南永昌-板橋,2023-08-10,9349
1459,聯發,11,0,11,華南永昌-板橋,2023-08-10,9349
1611,中電,11,0,11,華南永昌-板橋,2023-08-10,9349
2312,金寶,26,15,11,華南永昌-板橋,2023-08-10,9349
2515,中工,11,0,11,華南永昌-板橋,2023-08-10,9349
2913,農林,29,18,11,華南永昌-板橋,2023-08-10,9349
5009,榮剛,13,2,11,華南永昌-板橋,2023-08-10,9349
5347,世界,11,0,11,華南永昌-板橋,2023-08-10,9349
00891,中信關鍵半導體,10,0,10,華南永昌-板橋,2023-08-10,9349
1709,和益,10,0,10,華南永昌-板橋,2023-08-10,9349
1721,三晃,10,0,10,華南永昌-板橋,2023-08-10,9349
3550,聯穎,10,0,10,華南永昌-板橋,2023-08-10,9349
1460,宏遠,109,1,108,華南永昌-板橋,2023-08-11,9349
6016,康和證,104,0,104,華南永昌-板橋,2023-08-11,9349
6116,彩晶,106,2,104,華南永昌-板橋,2023-08-11,9349
3231,緯創,118,55,63,華南永昌-板橋,2023-08-11,9349
00688L,國泰20年美債正2,51,0,51,華南永昌-板橋,2023-08-11,9349
2316,楠梓電,51,1,50,華南永昌-板橋,2023-08-11,9349
3088,艾訊,51,1,50,華南永昌-板橋,2023-08-11,9349
00931B,統一美債20年,48,0,48,華南永昌-板橋,2023-08-11,9349
6194,育富,45,0,45,華南永昌-板橋,2023-08-11,9349
2362,藍天,41,0,41,華南永昌-板橋,2023-08-11,9349
00637L,元大滬深300正2,67,30,37,華南永昌-板橋,2023-08-11,9349
00764B,群益25年美債,36,0,36,華南永昌-板橋,2023-08-11,9349
2409,友達,37,2,35,華南永昌-板橋,2023-08-11,9349
2426,鼎元,30,0,30,華南永昌-板橋,2023-08-11,9349
3033,威健,31,1,30,華南永昌-板橋,2023-08-11,9349
8105,凌巨,30,0,30,華南永昌-板橋,2023-08-11,9349
00929,復華台灣科技優息,30,0,30,華南永昌-板橋,2023-08-11,9349
5356,協益,25,0,25,華南永昌-板橋,2023-08-11,9349
5439,高技,37,12,25,華南永昌-板橋,2023-08-11,9349
2892,第一金,24,1,23,華南永昌-板橋,2023-08-11,9349
2883,凱基金,22,0,22,華南永昌-板橋,2023-08-11,9349
3062,建漢,20,0,20,華南永昌-板橋,2023-08-11,9349
3711,日月光投控,20,0,20,華南永昌-板橋,2023-08-11,9349
6770,力積電,22,3,19,華南永昌-板橋,2023-08-11,9349
2383,台光電,20,2,18,華南永昌-板橋,2023-08-11,9349
1795,美時,19,3,16,華南永昌-板橋,2023-08-11,9349
2618,長榮航,50,34,16,華南永昌-板橋,2023-08-11,9349
6182,合晶,16,0,16,華南永昌-板橋,2023-08-11,9349
00680L,元大美債20正2,15,0,15,華南永昌-板橋,2023-08-11,9349
2206,三陽工業,25,10,15,華南永昌-板橋,2023-08-11,9349
2888,新光金,15,0,15,華南永昌-板橋,2023-08-11,9349
4768,晶呈科技,88,73,15,華南永昌-板橋,2023-08-11,9349
6245,立端,15,0,15,華南永昌-板橋,2023-08-11,9349
2344,華邦電,16,2,14,華南永昌-板橋,2023-08-11,9349
00878,國泰永續高股息,13,1,12,華南永昌-板橋,2023-08-11,9349
3444,利機,24,12,12,華南永昌-板橋,2023-08-11,9349
2002,中鋼,12,1,11,華南永昌-板橋,2023-08-11,9349
1532,勤美,11,0,11,華南永昌-板橋,2023-08-11,9349
3481,群創,15,5,10,華南永昌-板橋,2023-08-11,9349
1611,中電,10,0,10,華南永昌-板橋,2023-08-11,9349
2489,瑞軒,10,0,10,華南永昌-板橋,2023-08-11,9349
2915,潤泰全,10,0,10,華南永昌-板橋,2023-08-11,9349
3049,精金,10,0,10,華南永昌-板橋,2023-08-11,9349
4904,遠傳,10,0,10,華南永昌-板橋,2023-08-11,9349
6134,萬旭,10,0,10,華南永昌-板橋,2023-08-11,9349
8249,菱光,10,0,10,華南永昌-板橋,2023-08-11,9349
2323,中環,10,1,9,華南永昌-板橋,2023-08-11,9349
00857B,永豐20年美公債,8,0,8,華南永昌-板橋,2023-08-11,9349
00795B,中信美國公債20年,8,0,8,華南永昌-板橋,2023-08-11,9349
2423,固緯,8,0,8,華南永昌-板橋,2023-08-11,9349
00900,富邦特選高股息30,220,0,220,華南永昌-板橋,2023-08-14,9349
00632R,元大台灣50反1,200,0,200,華南永昌-板橋,2023-08-14,9349
2344,華邦電,180,8,172,華南永昌-板橋,2023-08-14,9349
6016,康和證,176,10,166,華南永昌-板橋,2023-08-14,9349
00878,國泰永續高股息,167,13,154,華南永昌-板橋,2023-08-14,9349
2363,矽統,305,174,131,華南永昌-板橋,2023-08-14,9349
2409,友達,119,1,118,華南永昌-板橋,2023-08-14,9349
2888,新光金,111,2,109,華南永昌-板橋,2023-08-14,9349
1591,駿吉-KY,99,0,99,華南永昌-板橋,2023-08-14,9349
2323,中環,93,0,93,華南永昌-板橋,2023-08-14,9349
00929,復華台灣科技優息,66,3,63,華南永昌-板橋,2023-08-14,9349
00715L,期街口布蘭特正2,60,0,60,華南永昌-板橋,2023-08-14,9349
2426,鼎元,60,0,60,華南永昌-板橋,2023-08-14,9349
2618,長榮航,66,15,51,華南永昌-板橋,2023-08-14,9349
2867,三商壽,33,0,33,華南永昌-板橋,2023-08-14,9349
1514,亞力,92,60,32,華南永昌-板橋,2023-08-14,9349
2457,飛宏,32,2,30,華南永昌-板橋,2023-08-14,9349
1504,東元,34,5,29,華南永昌-板橋,2023-08-14,9349
3048,益登,29,0,29,華南永昌-板橋,2023-08-14,9349
4123,晟德,29,1,28,華南永昌-板橋,2023-08-14,9349
2884,玉山金,27,0,27,華南永昌-板橋,2023-08-14,9349
1609,大亞,28,1,27,華南永昌-板橋,2023-08-14,9349
5356,協益,27,0,27,華南永昌-板橋,2023-08-14,9349
2892,第一金,26,0,26,華南永昌-板橋,2023-08-14,9349
0056,元大高股息,28,2,26,華南永昌-板橋,2023-08-14,9349
4768,晶呈科技,96,71,25,華南永昌-板橋,2023-08-14,9349
2610,華航,27,4,23,華南永昌-板橋,2023-08-14,9349
8050,廣積,40,18,22,華南永昌-板橋,2023-08-14,9349
4566,時碩工業,20,0,20,華南永昌-板橋,2023-08-14,9349
2886,兆豐金,20,0,20,華南永昌-板橋,2023-08-14,9349
2201,裕隆,24,5,19,華南永昌-板橋,2023-08-14,9349
00712,復華富時不動產,20,1,19,華南永昌-板橋,2023-08-14,9349
2801,彰銀,18,0,18,華南永昌-板橋,2023-08-14,9349
3005,神基,32,14,18,華南永昌-板橋,2023-08-14,9349
2002,中鋼,25,8,17,華南永昌-板橋,2023-08-14,9349
00919,群益台灣精選高息,16,0,16,華南永昌-板橋,2023-08-14,9349
1605,華新,22,6,16,華南永昌-板橋,2023-08-14,9349
2543,皇昌,16,0,16,華南永昌-板橋,2023-08-14,9349
6208,日揚,16,0,16,華南永昌-板橋,2023-08-14,9349
3583,辛耘,15,0,15,華南永昌-板橋,2023-08-14,9349
2368,金像電,29,14,15,華南永昌-板橋,2023-08-14,9349
3088,艾訊,18,3,15,華南永昌-板橋,2023-08-14,9349
9105,泰金寶-DR,15,0,15,華南永昌-板橋,2023-08-14,9349
2314,台揚,12,0,12,華南永昌-板橋,2023-08-14,9349
6770,力積電,16,4,12,華南永昌-板橋,2023-08-14,9349
1305,華夏,11,0,11,華南永昌-板橋,2023-08-14,9349
2402,毅嘉,26,15,11,華南永昌-板橋,2023-08-14,9349
2820,華票,12,1,11,華南永昌-板橋,2023-08-14,9349
00931B,統一美債20年,11,1,10,華南永昌-板橋,2023-08-14,9349
8210,勤誠,11,1,10,華南永昌-板橋,2023-08-14,9349
2323,中環,67,3,64,華南永昌-板橋,2023-08-15,9349
3231,緯創,101,52,49,華南永昌-板橋,2023-08-15,9349
2382,廣達,122,78,44,華南永昌-板橋,2023-08-15,9349
00923,群益台ESG低碳50,35,1,34,華南永昌-板橋,2023-08-15,9349
2457,飛宏,32,1,31,華南永昌-板橋,2023-08-15,9349
00878,國泰永續高股息,38,10,28,華南永昌-板橋,2023-08-15,9349
2880,華南金,25,0,25,華南永昌-板橋,2023-08-15,9349
2374,佳能,20,0,20,華南永昌-板橋,2023-08-15,9349
1532,勤美,18,0,18,華南永昌-板橋,2023-08-15,9349
2891,中信金,19,2,17,華南永昌-板橋,2023-08-15,9349
00712,復華富時不動產,16,0,16,華南永昌-板橋,2023-08-15,9349
4768,晶呈科技,36,20,16,華南永昌-板橋,2023-08-15,9349
5488,松普,16,0,16,華南永昌-板橋,2023-08-15,9349
00900,富邦特選高股息30,23,10,13,華南永昌-板橋,2023-08-15,9349
2002,中鋼,15,2,13,華南永昌-板橋,2023-08-15,9349
2618,長榮航,34,22,12,華南永昌-板橋,2023-08-15,9349
3308,聯德,13,1,12,華南永昌-板橋,2023-08-15,9349
4950,牧東,12,0,12,華南永昌-板橋,2023-08-15,9349
6770,力積電,12,0,12,華南永昌-板橋,2023-08-15,9349
2634,漢翔,11,0,11,華南永昌-板橋,2023-08-15,9349
6127,九豪,11,0,11,華南永昌-板橋,2023-08-15,9349
2884,玉山金,13,2,11,華南永昌-板橋,2023-08-15,9349
00688L,國泰20年美債正2,10,0,10,華南永昌-板橋,2023-08-15,9349
3702,大聯大,11,1,10,華南永昌-板橋,2023-08-15,9349
00929,復華台灣科技優息,14,4,10,華南永昌-板橋,2023-08-15,9349
2027,大成鋼,9,0,9,華南永昌-板橋,2023-08-15,9349
2312,金寶,11,3,8,華南永昌-板橋,2023-08-15,9349
2428,興勤,9,1,8,華南永昌-板橋,2023-08-15,9349
2820,華票,9,1,8,華南永昌-板橋,2023-08-15,9349
8358,金居,10,2,8,華南永昌-板橋,2023-08-15,9349
2883,凱基金,7,0,7,華南永昌-板橋,2023-08-15,9349
2421,建準,8,1,7,華南永昌-板橋,2023-08-15,9349
5011,久陽,7,0,7,華南永昌-板橋,2023-08-15,9349
2801,彰銀,6,0,6,華南永昌-板橋,2023-08-15,9349
6830,汎銓,6,0,6,華南永昌-板橋,2023-08-15,9349
2330,台積電,6,0,6,華南永昌-板橋,2023-08-15,9349
00679B,元大美債20年,5,0,5,華南永昌-板橋,2023-08-15,9349
00915,凱基優選高股息30,5,0,5,華南永昌-板橋,2023-08-15,9349
00882,中信中國高股息,5,0,5,華南永昌-板橋,2023-08-15,9349
1312,國喬,5,0,5,華南永昌-板橋,2023-08-15,9349
1402,遠東新,5,0,5,華南永昌-板橋,2023-08-15,9349
1218,泰山,5,0,5,華南永昌-板橋,2023-08-15,9349
1802,台玻,7,2,5,華南永昌-板橋,2023-08-15,9349
2014,中鴻,5,0,5,華南永昌-板橋,2023-08-15,9349
2201,裕隆,5,0,5,華南永昌-板橋,2023-08-15,9349
2301,光寶科,23,18,5,華南永昌-板橋,2023-08-15,9349
2316,楠梓電,12,7,5,華南永昌-板橋,2023-08-15,9349
2367,燿華,5,0,5,華南永昌-板橋,2023-08-15,9349
2388,威盛,11,6,5,華南永昌-板橋,2023-08-15,9349
2489,瑞軒,5,0,5,華南永昌-板橋,2023-08-15,9349
2363,矽統,167,30,137,華南永昌-板橋,2023-08-16,9349
00929,復華台灣科技優息,130,40,90,華南永昌-板橋,2023-08-16,9349
00878,國泰永續高股息,117,42,75,華南永昌-板橋,2023-08-16,9349
1591,駿吉-KY,64,0,64,華南永昌-板橋,2023-08-16,9349
2820,華票,65,2,63,華南永昌-板橋,2023-08-16,9349
00712,復華富時不動產,58,0,58,華南永昌-板橋,2023-08-16,9349
2610,華航,59,1,58,華南永昌-板橋,2023-08-16,9349
2201,裕隆,52,0,52,華南永昌-板橋,2023-08-16,9349
2617,台航,40,0,40,華南永昌-板橋,2023-08-16,9349
2409,友達,43,9,34,華南永昌-板橋,2023-08-16,9349
2323,中環,30,2,28,華南永昌-板橋,2023-08-16,9349
2352,佳世達,36,10,26,華南永昌-板橋,2023-08-16,9349
2884,玉山金,26,0,26,華南永昌-板橋,2023-08-16,9349
00923,群益台ESG低碳50,26,0,26,華南永昌-板橋,2023-08-16,9349
3583,辛耘,25,2,23,華南永昌-板橋,2023-08-16,9349
1605,華新,23,3,20,華南永昌-板橋,2023-08-16,9349
3481,群創,33,14,19,華南永昌-板橋,2023-08-16,9349
3037,欣興,22,4,18,華南永昌-板橋,2023-08-16,9349
00900,富邦特選高股息30,17,1,16,華南永昌-板橋,2023-08-16,9349
5009,榮剛,81,65,16,華南永昌-板橋,2023-08-16,9349
6188,廣明,30,14,16,華南永昌-板橋,2023-08-16,9349
8440,綠電,16,1,15,華南永昌-板橋,2023-08-16,9349
2883,凱基金,12,0,12,華南永昌-板橋,2023-08-16,9349
2618,長榮航,67,55,12,華南永昌-板橋,2023-08-16,9349
00772B,中信高評級公司債,12,0,12,華南永昌-板橋,2023-08-16,9349
00706L,期元大S＆P日圓正2,12,0,12,華南永昌-板橋,2023-08-16,9349
3005,神基,60,48,12,華南永昌-板橋,2023-08-16,9349
6148,驊宏資,12,0,12,華南永昌-板橋,2023-08-16,9349
0050,元大台灣50,11,0,11,華南永昌-板橋,2023-08-16,9349
00680L,元大美債20正2,11,0,11,華南永昌-板橋,2023-08-16,9349
00907,永豐優息存股,11,0,11,華南永昌-板橋,2023-08-16,9349
2312,金寶,13,2,11,華南永昌-板橋,2023-08-16,9349
2002,中鋼,11,0,11,華南永昌-板橋,2023-08-16,9349
2634,漢翔,10,0,10,華南永昌-板橋,2023-08-16,9349
3260,威剛,12,2,10,華南永昌-板橋,2023-08-16,9349
2330,台積電,10,0,10,華南永昌-板橋,2023-08-16,9349
1326,台化,10,0,10,華南永昌-板橋,2023-08-16,9349
00892,富邦台灣半導體,10,0,10,華南永昌-板橋,2023-08-16,9349
00687B,國泰20年美債,10,0,10,華南永昌-板橋,2023-08-16,9349
1504,東元,201,191,10,華南永昌-板橋,2023-08-16,9349
1795,美時,18,8,10,華南永昌-板橋,2023-08-16,9349
2362,藍天,10,0,10,華南永昌-板橋,2023-08-16,9349
5356,協益,10,0,10,華南永昌-板橋,2023-08-16,9349
6182,合晶,10,0,10,華南永昌-板橋,2023-08-16,9349
8249,菱光,10,0,10,華南永昌-板橋,2023-08-16,9349
8426,紅木-KY,10,0,10,華南永昌-板橋,2023-08-16,9349
8069,元太,11,2,9,華南永昌-板橋,2023-08-16,9349
2303,聯電,51,42,9,華南永昌-板橋,2023-08-16,9349
3715,定穎投控,12,3,9,華南永昌-板橋,2023-08-16,9349
1101,台泥,8,0,8,華南永昌-板橋,2023-08-16,9349
6116,彩晶,103,0,103,華南永昌-板橋,2023-08-17,9349
1514,亞力,308,211,97,華南永昌-板橋,2023-08-17,9349
2409,友達,60,0,60,華南永昌-板橋,2023-08-17,9349
3231,緯創,197,141,56,華南永昌-板橋,2023-08-17,9349
6274,台燿,61,10,51,華南永昌-板橋,2023-08-17,9349
00632R,元大台灣50反1,50,0,50,華南永昌-板橋,2023-08-17,9349
00664R,國泰臺灣加權反1,50,0,50,華南永昌-板橋,2023-08-17,9349
2887,台新金,39,0,39,華南永昌-板橋,2023-08-17,9349
2313,華通,43,4,39,華南永昌-板橋,2023-08-17,9349
2324,仁寶,80,49,31,華南永昌-板橋,2023-08-17,9349
00877,復華中國5G,34,5,29,華南永昌-板橋,2023-08-17,9349
3042,晶技,31,5,26,華南永昌-板橋,2023-08-17,9349
8210,勤誠,42,16,26,華南永昌-板橋,2023-08-17,9349
00712,復華富時不動產,26,1,25,華南永昌-板橋,2023-08-17,9349
2883,凱基金,25,1,24,華南永昌-板橋,2023-08-17,9349
1795,美時,20,0,20,華南永昌-板橋,2023-08-17,9349
2611,志信,20,0,20,華南永昌-板橋,2023-08-17,9349
2618,長榮航,30,10,20,華南永昌-板橋,2023-08-17,9349
8105,凌巨,20,0,20,華南永昌-板橋,2023-08-17,9349
00929,復華台灣科技優息,24,6,18,華南永昌-板橋,2023-08-17,9349
3540,曜越,20,2,18,華南永昌-板橋,2023-08-17,9349
2303,聯電,22,7,15,華南永昌-板橋,2023-08-17,9349
00882,中信中國高股息,15,0,15,華南永昌-板橋,2023-08-17,9349
1459,聯發,15,0,15,華南永昌-板橋,2023-08-17,9349
1789,神隆,15,0,15,華南永昌-板橋,2023-08-17,9349
2601,益航,15,0,15,華南永昌-板橋,2023-08-17,9349
2002,中鋼,17,3,14,華南永昌-板橋,2023-08-17,9349
3056,富華新,13,1,12,華南永昌-板橋,2023-08-17,9349
1303,南亞,11,0,11,華南永昌-板橋,2023-08-17,9349
2891,中信金,10,0,10,華南永昌-板橋,2023-08-17,9349
1453,大將,10,0,10,華南永昌-板橋,2023-08-17,9349
3033,威健,10,0,10,華南永昌-板橋,2023-08-17,9349
9907,統一實,10,0,10,華南永昌-板橋,2023-08-17,9349
00923,群益台ESG低碳50,10,1,9,華南永昌-板橋,2023-08-17,9349
6188,廣明,34,25,9,華南永昌-板橋,2023-08-17,9349
2880,華南金,11,2,9,華南永昌-板橋,2023-08-17,9349
2888,新光金,9,1,8,華南永昌-板橋,2023-08-17,9349
00680L,元大美債20正2,11,3,8,華南永昌-板橋,2023-08-17,9349
00679B,元大美債20年,8,0,8,華南永昌-板橋,2023-08-17,9349
1609,大亞,9,1,8,華南永昌-板橋,2023-08-17,9349
2329,華泰,19,11,8,華南永昌-板橋,2023-08-17,9349
3036,文曄,8,0,8,華南永昌-板橋,2023-08-17,9349
5876,上海商銀,10,2,8,華南永昌-板橋,2023-08-17,9349
6231,系微,9,1,8,華南永昌-板橋,2023-08-17,9349
2376,技嘉,21,14,7,華南永昌-板橋,2023-08-17,9349
00900,富邦特選高股息30,7,0,7,華南永昌-板橋,2023-08-17,9349
4188,安克,7,0,7,華南永昌-板橋,2023-08-17,9349
2412,中華電,7,0,7,華南永昌-板橋,2023-08-17,9349
00720B,元大投資級公司債,7,0,7,華南永昌-板橋,2023-08-17,9349
00917,中信特選金融,6,0,6,華南永昌-板橋,2023-08-17,9349
00632R,元大台灣50反1,1499,0,1499,華南永昌-板橋,2023-08-18,9349
2382,廣達,170,97,73,華南永昌-板橋,2023-08-18,9349
2356,英業達,95,30,65,華南永昌-板橋,2023-08-18,9349
5392,能率,65,0,65,華南永昌-板橋,2023-08-18,9349
2441,超豐,60,0,60,華南永昌-板橋,2023-08-18,9349
00929,復華台灣科技優息,58,1,57,華南永昌-板橋,2023-08-18,9349
3444,利機,84,34,50,華南永昌-板橋,2023-08-18,9349
6148,驊宏資,48,0,48,華南永昌-板橋,2023-08-18,9349
1459,聯發,45,0,45,華南永昌-板橋,2023-08-18,9349
3707,漢磊,107,65,42,華南永昌-板橋,2023-08-18,9349
2617,台航,42,2,40,華南永昌-板橋,2023-08-18,9349
1514,亞力,281,242,39,華南永昌-板橋,2023-08-18,9349
1591,駿吉-KY,45,6,39,華南永昌-板橋,2023-08-18,9349
1802,台玻,35,1,34,華南永昌-板橋,2023-08-18,9349
5438,東友,32,0,32,華南永昌-板橋,2023-08-18,9349
2892,第一金,31,0,31,華南永昌-板橋,2023-08-18,9349
5439,高技,32,1,31,華南永昌-板橋,2023-08-18,9349
2359,所羅門,34,8,26,華南永昌-板橋,2023-08-18,9349
3583,辛耘,28,3,25,華南永昌-板橋,2023-08-18,9349
2324,仁寶,49,26,23,華南永昌-板橋,2023-08-18,9349
3231,緯創,138,116,22,華南永昌-板橋,2023-08-18,9349
1504,東元,102,80,22,華南永昌-板橋,2023-08-18,9349
2618,長榮航,45,23,22,華南永昌-板橋,2023-08-18,9349
2610,華航,24,2,22,華南永昌-板橋,2023-08-18,9349
2891,中信金,28,7,21,華南永昌-板橋,2023-08-18,9349
2457,飛宏,36,16,20,華南永昌-板橋,2023-08-18,9349
2362,藍天,20,0,20,華南永昌-板橋,2023-08-18,9349
3047,訊舟,20,0,20,華南永昌-板橋,2023-08-18,9349
3265,台星科,21,1,20,華南永昌-板橋,2023-08-18,9349
8105,凌巨,20,0,20,華南永昌-板橋,2023-08-18,9349
3035,智原,30,11,19,華南永昌-板橋,2023-08-18,9349
1605,華新,24,6,18,華南永昌-板橋,2023-08-18,9349
8440,綠電,18,0,18,華南永昌-板橋,2023-08-18,9349
2886,兆豐金,17,0,17,華南永昌-板橋,2023-08-18,9349
5009,榮剛,26,9,17,華南永昌-板橋,2023-08-18,9349
2409,友達,18,1,17,華南永昌-板橋,2023-08-18,9349
00712,復華富時不動產,18,4,14,華南永昌-板橋,2023-08-18,9349
3704,合勤控,15,1,14,華南永昌-板橋,2023-08-18,9349
6188,廣明,20,6,14,華南永昌-板橋,2023-08-18,9349
6672,騰輝電子-KY,18,4,14,華南永昌-板橋,2023-08-18,9349
2402,毅嘉,21,8,13,華南永昌-板橋,2023-08-18,9349
6743,安普新,13,0,13,華南永昌-板橋,2023-08-18,9349
2880,華南金,12,0,12,華南永昌-板橋,2023-08-18,9349
1905,華紙,12,0,12,華南永昌-板橋,2023-08-18,9349
5371,中光電,12,0,12,華南永昌-板橋,2023-08-18,9349
6187,萬潤,12,2,10,華南永昌-板橋,2023-08-18,9349
00895,富邦未來車,10,0,10,華南永昌-板橋,2023-08-18,9349
00882,中信中國高股息,10,0,10,華南永昌-板橋,2023-08-18,9349
2453,凌群,10,0,10,華南永昌-板橋,2023-08-18,9349
2601,益航,10,0,10,華南永昌-板橋,2023-08-18,9349
5392,能率,65,0,65,華南永昌-板橋,2023-08-21,9349
2382,廣達,96,33,63,華南永昌-板橋,2023-08-21,9349
4967,十銓,117,55,62,華南永昌-板橋,2023-08-21,9349
2402,毅嘉,54,5,49,華南永昌-板橋,2023-08-21,9349
00882,中信中國高股息,43,10,33,華南永昌-板橋,2023-08-21,9349
2705,六福,33,0,33,華南永昌-板橋,2023-08-21,9349
1802,台玻,31,0,31,華南永昌-板橋,2023-08-21,9349
9105,泰金寶-DR,31,0,31,華南永昌-板橋,2023-08-21,9349
1569,濱川,30,0,30,華南永昌-板橋,2023-08-21,9349
00929,復華台灣科技優息,27,0,27,華南永昌-板橋,2023-08-21,9349
3675,德微,33,7,26,華南永昌-板橋,2023-08-21,9349
2332,友訊,43,20,23,華南永昌-板橋,2023-08-21,9349
6139,亞翔,41,19,22,華南永昌-板橋,2023-08-21,9349
2601,益航,20,0,20,華南永昌-板橋,2023-08-21,9349
1101,台泥,18,0,18,華南永昌-板橋,2023-08-21,9349
3706,神達,31,13,18,華南永昌-板橋,2023-08-21,9349
00730,富邦臺灣優質高息,15,0,15,華南永昌-板橋,2023-08-21,9349
2890,永豐金,15,0,15,華南永昌-板橋,2023-08-21,9349
00679B,元大美債20年,15,0,15,華南永昌-板橋,2023-08-21,9349
3056,富華新,14,0,14,華南永昌-板橋,2023-08-21,9349
2436,偉詮電,14,0,14,華南永昌-板橋,2023-08-21,9349
2329,華泰,21,7,14,華南永昌-板橋,2023-08-21,9349
6285,啟��,26,12,14,華南永昌-板橋,2023-08-21,9349
2883,凱基金,13,0,13,華南永昌-板橋,2023-08-21,9349
2303,聯電,12,1,11,華南永昌-板橋,2023-08-21,9349
2323,中環,11,0,11,華南永昌-板橋,2023-08-21,9349
00757,統一FANG+,10,0,10,華南永昌-板橋,2023-08-21,9349
00892,富邦台灣半導體,10,0,10,華南永昌-板橋,2023-08-21,9349
00680L,元大美債20正2,10,0,10,華南永昌-板橋,2023-08-21,9349
1459,聯發,10,0,10,華南永昌-板橋,2023-08-21,9349
1603,華電,10,0,10,華南永昌-板橋,2023-08-21,9349
2352,佳世達,35,25,10,華南永昌-板橋,2023-08-21,9349
2892,第一金,10,0,10,華南永昌-板橋,2023-08-21,9349
3033,威健,10,0,10,華南永昌-板橋,2023-08-21,9349
6470,宇智,10,0,10,華南永昌-板橋,2023-08-21,9349
6269,台郡,10,1,9,華南永昌-板橋,2023-08-21,9349
00712,復華富時不動產,10,1,9,華南永昌-板橋,2023-08-21,9349
2611,志信,9,0,9,華南永昌-板橋,2023-08-21,9349
6472,保瑞,8,0,8,華南永昌-板橋,2023-08-21,9349
2301,光寶科,13,5,8,華南永昌-板橋,2023-08-21,9349
00931B,統一美債20年,7,0,7,華南永昌-板橋,2023-08-21,9349
2344,華邦電,7,0,7,華南永昌-板橋,2023-08-21,9349
2605,新興,7,0,7,華南永昌-板橋,2023-08-21,9349
5371,中光電,8,1,7,華南永昌-板橋,2023-08-21,9349
00885,富邦越南,15,8,7,華南永昌-板橋,2023-08-21,9349
2002,中鋼,6,0,6,華南永昌-板橋,2023-08-21,9349
1539,巨庭,6,0,6,華南永昌-板橋,2023-08-21,9349
2606,裕民,8,2,6,華南永昌-板橋,2023-08-21,9349
2887,台新金,6,0,6,華南永昌-板橋,2023-08-21,9349
3694,海華,6,0,6,華南永昌-板橋,2023-08-21,9349
2888,新光金,156,1,155,華南永昌-板橋,2023-08-22,9349
00720B,元大投資級公司債,107,0,107,華南永昌-板橋,2023-08-22,9349
00929,復華台灣科技優息,76,0,76,華南永昌-板橋,2023-08-22,9349
3706,神達,70,2,68,華南永昌-板橋,2023-08-22,9349
1513,中興電,74,13,61,華南永昌-板橋,2023-08-22,9349
1591,駿吉-KY,57,3,54,華南永昌-板橋,2023-08-22,9349
2421,建準,51,4,47,華南永昌-板橋,2023-08-22,9349
8050,廣積,46,0,46,華南永昌-板橋,2023-08-22,9349
2356,英業達,64,30,34,華南永昌-板橋,2023-08-22,9349
3444,利機,164,130,34,華南永昌-板橋,2023-08-22,9349
2618,長榮航,70,37,33,華南永昌-板橋,2023-08-22,9349
8440,綠電,31,0,31,華南永昌-板橋,2023-08-22,9349
4566,時碩工業,30,0,30,華南永昌-板橋,2023-08-22,9349
2887,台新金,29,0,29,華南永昌-板橋,2023-08-22,9349
2363,矽統,218,190,28,華南永昌-板橋,2023-08-22,9349
8249,菱光,25,0,25,華南永昌-板橋,2023-08-22,9349
2611,志信,21,0,21,華南永昌-板橋,2023-08-22,9349
00715L,期街口布蘭特正2,40,20,20,華南永昌-板橋,2023-08-22,9349
5392,能率,20,0,20,華南永昌-板橋,2023-08-22,9349
8088,品安,20,0,20,華南永昌-板橋,2023-08-22,9349
2324,仁寶,25,7,18,華南永昌-板橋,2023-08-22,9349
2345,智邦,20,2,18,華南永昌-板橋,2023-08-22,9349
3231,緯創,106,90,16,華南永昌-板橋,2023-08-22,9349
2353,宏��,16,2,14,華南永昌-板橋,2023-08-22,9349
3380,明泰,14,0,14,華南永昌-板橋,2023-08-22,9349
1802,台玻,16,3,13,華南永昌-板橋,2023-08-22,9349
2812,台中銀,13,0,13,華南永昌-板橋,2023-08-22,9349
2027,大成鋼,12,0,12,華南永昌-板橋,2023-08-22,9349
4768,晶呈科技,32,20,12,華南永昌-板橋,2023-08-22,9349
6116,彩晶,12,0,12,華南永昌-板橋,2023-08-22,9349
2002,中鋼,12,1,11,華南永昌-板橋,2023-08-22,9349
00639,富邦深100,10,0,10,華南永昌-板橋,2023-08-22,9349
00637L,元大滬深300正2,10,0,10,華南永昌-板橋,2023-08-22,9349
00730,富邦臺灣優質高息,10,0,10,華南永昌-板橋,2023-08-22,9349
1569,濱川,10,0,10,華南永昌-板橋,2023-08-22,9349
2477,美隆電,10,0,10,華南永昌-板橋,2023-08-22,9349
2882,國泰金,10,0,10,華南永昌-板橋,2023-08-22,9349
6235,華孚,16,6,10,華南永昌-板橋,2023-08-22,9349
1316,上曜,9,0,9,華南永昌-板橋,2023-08-22,9349
00882,中信中國高股息,12,3,9,華南永昌-板橋,2023-08-22,9349
2409,友達,9,0,9,華南永昌-板橋,2023-08-22,9349
6125,廣運,23,14,9,華南永昌-板橋,2023-08-22,9349
2383,台光電,15,7,8,華南永昌-板橋,2023-08-22,9349
00712,復華富時不動產,9,2,7,華南永昌-板橋,2023-08-22,9349
8155,博智,7,0,7,華南永昌-板橋,2023-08-22,9349
1514,亞力,59,53,6,華南永昌-板橋,2023-08-22,9349
2637,慧洋-KY,6,0,6,華南永昌-板橋,2023-08-22,9349
6531,愛普*,12,6,6,華南永昌-板橋,2023-08-22,9349
9105,泰金寶-DR,6,0,6,華南永昌-板橋,2023-08-22,9349
8210,勤誠,17,11,6,華南永昌-板橋,2023-08-22,9349
2634,漢翔,175,73,102,華南永昌-板橋,2023-08-23,9349
3706,神達,70,6,64,華南永昌-板橋,2023-08-23,9349
3444,利機,128,77,51,華南永昌-板橋,2023-08-23,9349
00680L,元大美債20正2,46,0,46,華南永昌-板橋,2023-08-23,9349
8403,盛弘,41,0,41,華南永昌-板橋,2023-08-23,9349
3051,力特,75,35,40,華南永昌-板橋,2023-08-23,9349
2409,友達,33,0,33,華南永昌-板橋,2023-08-23,9349
2332,友訊,39,8,31,華南永昌-板橋,2023-08-23,9349
00712,復華富時不動產,30,0,30,華南永昌-板橋,2023-08-23,9349
2367,燿華,30,0,30,華南永昌-板橋,2023-08-23,9349
2374,佳能,30,0,30,華南永昌-板橋,2023-08-23,9349
2880,華南金,28,1,27,華南永昌-板橋,2023-08-23,9349
3013,晟銘電,49,24,25,華南永昌-板橋,2023-08-23,9349
6548,長科*,25,0,25,華南永昌-板橋,2023-08-23,9349
2329,華泰,34,12,22,華南永昌-板橋,2023-08-23,9349
2887,台新金,21,0,21,華南永昌-板橋,2023-08-23,9349
3494,誠研,20,0,20,華南永昌-板橋,2023-08-23,9349
00877,復華中國5G,17,0,17,華南永昌-板橋,2023-08-23,9349
2618,長榮航,50,34,16,華南永昌-板橋,2023-08-23,9349
5392,能率,15,0,15,華南永昌-板橋,2023-08-23,9349
00900,富邦特選高股息30,16,2,14,華南永昌-板橋,2023-08-23,9349
2605,新興,22,9,13,華南永昌-板橋,2023-08-23,9349
5469,瀚宇博,19,6,13,華南永昌-板橋,2023-08-23,9349
1459,聯發,12,0,12,華南永昌-板橋,2023-08-23,9349
2303,聯電,12,1,11,華南永昌-板橋,2023-08-23,9349
00882,中信中國高股息,21,10,11,華南永昌-板橋,2023-08-23,9349
3675,德微,12,1,11,華南永昌-板橋,2023-08-23,9349
00633L,富邦上証正2,10,0,10,華南永昌-板橋,2023-08-23,9349
1810,和成,11,1,10,華南永昌-板橋,2023-08-23,9349
2801,彰銀,10,0,10,華南永昌-板橋,2023-08-23,9349
8033,雷虎,13,3,10,華南永昌-板橋,2023-08-23,9349
8088,品安,10,0,10,華南永昌-板橋,2023-08-23,9349
2009,第一銅,9,0,9,華南永昌-板橋,2023-08-23,9349
2353,宏��,9,0,9,華南永昌-板橋,2023-08-23,9349
8155,博智,9,0,9,華南永昌-板橋,2023-08-23,9349
6125,廣運,27,19,8,華南永昌-板橋,2023-08-23,9349
1709,和益,7,0,7,華南永昌-板橋,2023-08-23,9349
6282,康舒,16,9,7,華南永昌-板橋,2023-08-23,9349
1301,台塑,7,0,7,華南永昌-板橋,2023-08-23,9349
6274,台燿,9,2,7,華南永昌-板橋,2023-08-23,9349
8440,綠電,7,0,7,華南永昌-板橋,2023-08-23,9349
2002,中鋼,7,0,7,華南永昌-板橋,2023-08-23,9349
2324,仁寶,8,2,6,華南永昌-板橋,2023-08-23,9349
3017,奇鋐,20,14,6,華南永昌-板橋,2023-08-23,9349
3325,旭品,7,1,6,華南永昌-板橋,2023-08-23,9349
6167,久正,66,60,6,華南永昌-板橋,2023-08-23,9349
1532,勤美,5,0,5,華南永昌-板橋,2023-08-23,9349
2314,台揚,5,0,5,華南永昌-板橋,2023-08-23,9349
2323,中環,5,0,5,華南永昌-板橋,2023-08-23,9349
2345,智邦,5,0,5,華南永昌-板橋,2023-08-23,9349
3231,緯創,204,125,79,華南永昌-板橋,2023-08-24,9349
2374,佳能,75,0,75,華南永昌-板橋,2023-08-24,9349
4720,德淵,70,0,70,華南永昌-板橋,2023-08-24,9349
1591,駿吉-KY,55,0,55,華南永昌-板橋,2023-08-24,9349
2421,建準,102,48,54,華南永昌-板橋,2023-08-24,9349
3062,建漢,56,3,53,華南永昌-板橋,2023-08-24,9349
3037,欣興,91,39,52,華南永昌-板橋,2023-08-24,9349
2201,裕隆,50,0,50,華南永昌-板橋,2023-08-24,9349
5392,能率,50,0,50,華南永昌-板橋,2023-08-24,9349
2317,鴻海,63,16,47,華南永昌-板橋,2023-08-24,9349
2618,長榮航,136,91,45,華南永昌-板橋,2023-08-24,9349
2363,矽統,184,140,44,華南永昌-板橋,2023-08-24,9349
2356,英業達,106,65,41,華南永昌-板橋,2023-08-24,9349
2324,仁寶,43,10,33,華南永昌-板橋,2023-08-24,9349
2332,友訊,64,32,32,華南永昌-板橋,2023-08-24,9349
6170,統振,33,1,32,華南永昌-板橋,2023-08-24,9349
2313,華通,27,0,27,華南永昌-板橋,2023-08-24,9349
2449,京元電子,48,22,26,華南永昌-板橋,2023-08-24,9349
00882,中信中國高股息,39,15,24,華南永昌-板橋,2023-08-24,9349
2880,華南金,24,1,23,華南永昌-板橋,2023-08-24,9349
2362,藍天,20,0,20,華南永昌-板橋,2023-08-24,9349
3149,正達,20,0,20,華南永昌-板橋,2023-08-24,9349
6191,精成科,20,1,19,華南永昌-板橋,2023-08-24,9349
00929,復華台灣科技優息,17,1,16,華南永昌-板橋,2023-08-24,9349
2883,凱基金,15,0,15,華南永昌-板橋,2023-08-24,9349
6148,驊宏資,20,5,15,華南永昌-板橋,2023-08-24,9349
2303,聯電,30,16,14,華南永昌-板橋,2023-08-24,9349
4533,協易機,22,9,13,華南永昌-板橋,2023-08-24,9349
1802,台玻,13,0,13,華南永昌-板橋,2023-08-24,9349
2609,陽明,15,3,12,華南永昌-板橋,2023-08-24,9349
2367,燿華,13,1,12,華南永昌-板橋,2023-08-24,9349
4543,萬在,16,4,12,華南永昌-板橋,2023-08-24,9349
8446,華研,12,0,12,華南永昌-板橋,2023-08-24,9349
2208,台船,11,0,11,華南永昌-板橋,2023-08-24,9349
5608,四維航,11,0,11,華南永昌-板橋,2023-08-24,9349
8210,勤誠,17,6,11,華南永昌-板橋,2023-08-24,9349
00637L,元大滬深300正2,10,0,10,華南永昌-板橋,2023-08-24,9349
2495,普安,10,0,10,華南永昌-板橋,2023-08-24,9349
6005,群益證,10,0,10,華南永昌-板橋,2023-08-24,9349
6133,金橋,10,0,10,華南永昌-板橋,2023-08-24,9349
6470,宇智,10,0,10,華南永昌-板橋,2023-08-24,9349
8440,綠電,10,0,10,華南永昌-板橋,2023-08-24,9349
2605,新興,12,3,9,華南永昌-板橋,2023-08-24,9349
3044,健鼎,20,11,9,華南永昌-板橋,2023-08-24,9349
3693,營邦,10,1,9,華南永昌-板橋,2023-08-24,9349
4768,晶呈科技,9,0,9,華南永昌-板橋,2023-08-24,9349
8155,博智,9,0,9,華南永昌-板橋,2023-08-24,9349
1471,首利,19,11,8,華南永昌-板橋,2023-08-24,9349
2355,敬鵬,8,1,7,華南永昌-板橋,2023-08-24,9349
2388,威盛,8,1,7,華南永昌-板橋,2023-08-24,9349
00632R,元大台灣50反1,120,1,119,華南永昌-板橋,2023-08-25,9349
00877,復華中國5G,126,30,96,華南永昌-板橋,2023-08-25,9349
3231,緯創,101,36,65,華南永昌-板橋,2023-08-25,9349
2371,大同,66,2,64,華南永昌-板橋,2023-08-25,9349
00679B,元大美債20年,42,0,42,華南永昌-板橋,2023-08-25,9349
3444,利機,136,96,40,華南永昌-板橋,2023-08-25,9349
00919,群益台灣精選高息,32,2,30,華南永昌-板橋,2023-08-25,9349
2356,英業達,36,9,27,華南永昌-板橋,2023-08-25,9349
8249,菱光,27,0,27,華南永昌-板橋,2023-08-25,9349
8358,金居,27,1,26,華南永昌-板橋,2023-08-25,9349
2412,中華電,24,0,24,華南永昌-板橋,2023-08-25,9349
2634,漢翔,56,32,24,華南永昌-板橋,2023-08-25,9349
2382,廣達,55,35,20,華南永昌-板橋,2023-08-25,9349
2338,光罩,20,0,20,華南永昌-板橋,2023-08-25,9349
2374,佳能,20,1,19,華南永昌-板橋,2023-08-25,9349
6148,驊宏資,20,1,19,華南永昌-板橋,2023-08-25,9349
00878,國泰永續高股息,87,69,18,華南永昌-板橋,2023-08-25,9349
1514,亞力,20,2,18,華南永昌-板橋,2023-08-25,9349
2376,技嘉,35,19,16,華南永昌-板橋,2023-08-25,9349
00900,富邦特選高股息30,16,0,16,華南永昌-板橋,2023-08-25,9349
2324,仁寶,21,6,15,華南永昌-板橋,2023-08-25,9349
3583,辛耘,18,3,15,華南永昌-板橋,2023-08-25,9349
3037,欣興,54,40,14,華南永昌-板橋,2023-08-25,9349
6188,廣明,24,10,14,華南永昌-板橋,2023-08-25,9349
2485,兆赫,17,3,14,華南永昌-板橋,2023-08-25,9349
8996,高力,14,0,14,華南永昌-板橋,2023-08-25,9349
2303,聯電,14,1,13,華南永昌-板橋,2023-08-25,9349
2610,華航,29,16,13,華南永昌-板橋,2023-08-25,9349
8085,福華,13,0,13,華南永昌-板橋,2023-08-25,9349
2301,光寶科,19,6,13,華南永昌-板橋,2023-08-25,9349
0056,元大高股息,14,2,12,華南永昌-板橋,2023-08-25,9349
00751B,元大AAA至A公司債,12,0,12,華南永昌-板橋,2023-08-25,9349
1471,首利,13,2,11,華南永昌-板橋,2023-08-25,9349
2481,強茂,11,0,11,華南永昌-板橋,2023-08-25,9349
6284,佳邦,11,0,11,華南永昌-板橋,2023-08-25,9349
4906,正文,17,6,11,華南永昌-板橋,2023-08-25,9349
00633L,富邦上証正2,10,0,10,華南永昌-板橋,2023-08-25,9349
2495,普安,10,0,10,華南永昌-板橋,2023-08-25,9349
4720,德淵,10,0,10,華南永昌-板橋,2023-08-25,9349
5215,科嘉-KY,10,0,10,華南永昌-板橋,2023-08-25,9349
5351,鈺創,10,0,10,華南永昌-板橋,2023-08-25,9349
5392,能率,10,0,10,華南永昌-板橋,2023-08-25,9349
6108,競國,11,1,10,華南永昌-板橋,2023-08-25,9349
8409,商之器,10,0,10,華南永昌-板橋,2023-08-25,9349
2880,華南金,9,0,9,華南永昌-板橋,2023-08-25,9349
1504,東元,20,11,9,華南永昌-板橋,2023-08-25,9349
4736,泰博,9,0,9,華南永昌-板橋,2023-08-25,9349
1234,黑松,8,0,8,華南永昌-板橋,2023-08-25,9349
3055,蔚華科,10,2,8,華南永昌-板橋,2023-08-25,9349
3706,神達,11,3,8,華南永昌-板橋,2023-08-25,9349
00632R,元大台灣50反1,1000,0,1000,華南永昌-板橋,2023-08-28,9349
2888,新光金,215,40,175,華南永昌-板橋,2023-08-28,9349
00680L,元大美債20正2,72,0,72,華南永昌-板橋,2023-08-28,9349
2362,藍天,70,0,70,華南永昌-板橋,2023-08-28,9349
5392,能率,70,0,70,華南永昌-板橋,2023-08-28,9349
2374,佳能,74,10,64,華南永昌-板橋,2023-08-28,9349
2382,廣達,128,70,58,華南永昌-板橋,2023-08-28,9349
2332,友訊,38,4,34,華南永昌-板橋,2023-08-28,9349
2371,大同,59,27,32,華南永昌-板橋,2023-08-28,9349
00772B,中信高評級公司債,29,0,29,華南永昌-板橋,2023-08-28,9349
2388,威盛,34,11,23,華南永昌-板橋,2023-08-28,9349
3481,群創,28,8,20,華南永昌-板橋,2023-08-28,9349
6026,福邦證,20,0,20,華南永昌-板橋,2023-08-28,9349
6148,驊宏資,20,0,20,華南永昌-板橋,2023-08-28,9349
6770,力積電,20,0,20,華南永昌-板橋,2023-08-28,9349
2022,聚亨,20,1,19,華南永昌-板橋,2023-08-28,9349
2323,中環,19,0,19,華南永昌-板橋,2023-08-28,9349
2355,敬鵬,19,0,19,華南永昌-板橋,2023-08-28,9349
1513,中興電,19,1,18,華南永昌-板橋,2023-08-28,9349
00929,復華台灣科技優息,19,1,18,華南永昌-板橋,2023-08-28,9349
1591,駿吉-KY,18,0,18,華南永昌-板橋,2023-08-28,9349
2363,矽統,75,59,16,華南永昌-板橋,2023-08-28,9349
0056,元大高股息,16,1,15,華南永昌-板橋,2023-08-28,9349
2356,英業達,26,13,13,華南永昌-板橋,2023-08-28,9349
2618,長榮航,63,50,13,華南永昌-板橋,2023-08-28,9349
2634,漢翔,48,36,12,華南永昌-板橋,2023-08-28,9349
2409,友達,12,0,12,華南永昌-板橋,2023-08-28,9349
6139,亞翔,234,222,12,華南永昌-板橋,2023-08-28,9349
2402,毅嘉,12,0,12,華南永昌-板橋,2023-08-28,9349
1609,大亞,12,1,11,華南永昌-板橋,2023-08-28,9349
2312,金寶,11,0,11,華南永昌-板橋,2023-08-28,9349
3583,辛耘,11,0,11,華南永昌-板橋,2023-08-28,9349
8409,商之器,11,0,11,華南永昌-板橋,2023-08-28,9349
00900,富邦特選高股息30,10,0,10,華南永昌-板橋,2023-08-28,9349
2206,三陽工業,10,0,10,華南永昌-板橋,2023-08-28,9349
2301,光寶科,26,16,10,華南永昌-板橋,2023-08-28,9349
2316,楠梓電,10,0,10,華南永昌-板橋,2023-08-28,9349
3088,艾訊,10,0,10,華南永昌-板橋,2023-08-28,9349
5225,東科-KY,10,0,10,華南永昌-板橋,2023-08-28,9349
6208,日揚,10,0,10,華南永昌-板橋,2023-08-28,9349
6548,長科*,10,0,10,華南永昌-板橋,2023-08-28,9349
8358,金居,10,0,10,華南永昌-板橋,2023-08-28,9349
2485,兆赫,20,11,9,華南永昌-板橋,2023-08-28,9349
4906,正文,26,17,9,華南永昌-板橋,2023-08-28,9349
4533,協易機,14,6,8,華南永昌-板橋,2023-08-28,9349
2357,華碩,14,6,8,華南永昌-板橋,2023-08-28,9349
3078,僑威,12,4,8,華南永昌-板橋,2023-08-28,9349
6188,廣明,7,0,7,華南永昌-板橋,2023-08-28,9349
2201,裕隆,9,2,7,華南永昌-板橋,2023-08-28,9349
2603,長榮,7,0,7,華南永昌-板橋,2023-08-28,9349
00637L,元大滬深300正2,151,0,151,華南永昌-板橋,2023-08-29,9349
2363,矽統,194,125,69,華南永昌-板橋,2023-08-29,9349
00929,復華台灣科技優息,47,1,46,華南永昌-板橋,2023-08-29,9349
2457,飛宏,40,5,35,華南永昌-板橋,2023-08-29,9349
2312,金寶,36,6,30,華南永昌-板橋,2023-08-29,9349
6443,元晶,34,6,28,華南永昌-板橋,2023-08-29,9349
2485,兆赫,61,36,25,華南永昌-板橋,2023-08-29,9349
3231,緯創,74,53,21,華南永昌-板橋,2023-08-29,9349
2344,華邦電,23,3,20,華南永昌-板橋,2023-08-29,9349
4542,科嶠,20,0,20,華南永昌-板橋,2023-08-29,9349
2303,聯電,22,3,19,華南永昌-板橋,2023-08-29,9349
2329,華泰,56,40,16,華南永昌-板橋,2023-08-29,9349
2376,技嘉,33,18,15,華南永昌-板橋,2023-08-29,9349
00919,群益台灣精選高息,14,0,14,華南永昌-板橋,2023-08-29,9349
2388,威盛,16,4,12,華南永昌-板橋,2023-08-29,9349
2401,凌陽,12,0,12,華南永昌-板橋,2023-08-29,9349
3308,聯德,22,10,12,華南永昌-板橋,2023-08-29,9349
00634R,富邦上証反1,10,0,10,華南永昌-板橋,2023-08-29,9349
2105,正新,13,3,10,華南永昌-板橋,2023-08-29,9349
3311,閎暉,10,0,10,華南永昌-板橋,2023-08-29,9349
2002,中鋼,9,0,9,華南永昌-板橋,2023-08-29,9349
2313,華通,9,0,9,華南永昌-板橋,2023-08-29,9349
3051,力特,12,3,9,華南永昌-板橋,2023-08-29,9349
3094,聯傑,12,3,9,華南永昌-板橋,2023-08-29,9349
2331,精英,187,179,8,華南永昌-板橋,2023-08-29,9349
3444,利機,53,45,8,華南永昌-板橋,2023-08-29,9349
4560,強信-KY,8,0,8,華南永昌-板橋,2023-08-29,9349
3481,群創,7,0,7,華南永昌-板橋,2023-08-29,9349
1504,東元,25,19,6,華南永昌-板橋,2023-08-29,9349
6235,華孚,13,7,6,華南永昌-板橋,2023-08-29,9349
00931B,統一美債20年,6,0,6,華南永昌-板橋,2023-08-29,9349
2890,永豐金,5,0,5,華南永昌-板橋,2023-08-29,9349
2421,建準,7,2,5,華南永昌-板橋,2023-08-29,9349
1528,恩德,5,0,5,華南永昌-板橋,2023-08-29,9349
1802,台玻,5,0,5,華南永昌-板橋,2023-08-29,9349
2340,台亞,22,17,5,華南永昌-板橋,2023-08-29,9349
2419,仲琦,5,0,5,華南永昌-板橋,2023-08-29,9349
2449,京元電子,8,3,5,華南永昌-板橋,2023-08-29,9349
2801,彰銀,5,0,5,華南永昌-板橋,2023-08-29,9349
2883,凱基金,5,0,5,華南永昌-板橋,2023-08-29,9349
2889,國票金,5,0,5,華南永昌-板橋,2023-08-29,9349
3176,基亞,5,0,5,華南永昌-板橋,2023-08-29,9349
3207,耀勝,5,0,5,華南永昌-板橋,2023-08-29,9349
6173,信昌電,5,0,5,華南永昌-板橋,2023-08-29,9349
00882,中信中國高股息,5,0,5,華南永昌-板橋,2023-08-29,9349
8222,寶一,17,13,4,華南永昌-板橋,2023-08-29,9349
1591,駿吉-KY,10,6,4,華南永昌-板橋,2023-08-29,9349
1904,正隆,4,0,4,華南永昌-板橋,2023-08-29,9349
2610,華航,9,5,4,華南永昌-板橋,2023-08-29,9349
2816,旺旺保,5,1,4,華南永昌-板橋,2023-08-29,9349
2303,聯電,71,12,59,華南永昌-板橋,2023-08-30,9349
3481,群創,61,4,57,華南永昌-板橋,2023-08-30,9349
2882,國泰金,54,3,51,華南永昌-板橋,2023-08-30,9349
00637L,元大滬深300正2,50,0,50,華南永昌-板橋,2023-08-30,9349
2332,友訊,71,31,40,華南永昌-板橋,2023-08-30,9349
5009,榮剛,51,22,29,華南永昌-板橋,2023-08-30,9349
2331,精英,116,93,23,華南永昌-板橋,2023-08-30,9349
00900,富邦特選高股息30,22,0,22,華南永昌-板橋,2023-08-30,9349
5439,高技,34,12,22,華南永昌-板橋,2023-08-30,9349
4768,晶呈科技,61,40,21,華南永昌-板橋,2023-08-30,9349
6139,亞翔,81,61,20,華南永昌-板橋,2023-08-30,9349
2316,楠梓電,20,0,20,華南永昌-板橋,2023-08-30,9349
2374,佳能,20,1,19,華南永昌-板橋,2023-08-30,9349
2609,陽明,20,1,19,華南永昌-板橋,2023-08-30,9349
2367,燿華,18,0,18,華南永昌-板橋,2023-08-30,9349
00929,復華台灣科技優息,31,14,17,華南永昌-板橋,2023-08-30,9349
00878,國泰永續高股息,27,12,15,華南永昌-板橋,2023-08-30,9349
2601,益航,15,0,15,華南永昌-板橋,2023-08-30,9349
2891,中信金,16,1,15,華南永昌-板橋,2023-08-30,9349
2002,中鋼,14,0,14,華南永昌-板橋,2023-08-30,9349
2888,新光金,20,6,14,華南永昌-板橋,2023-08-30,9349
2301,光寶科,27,14,13,華南永昌-板橋,2023-08-30,9349
8088,品安,22,10,12,華南永昌-板橋,2023-08-30,9349
3491,昇達科,12,0,12,華南永昌-板橋,2023-08-30,9349
3189,景碩,11,0,11,華南永昌-板橋,2023-08-30,9349
8440,綠電,11,0,11,華南永昌-板橋,2023-08-30,9349
2634,漢翔,38,27,11,華南永昌-板橋,2023-08-30,9349
4545,銘鈺,10,0,10,華南永昌-板橋,2023-08-30,9349
1314,中石化,10,0,10,華南永昌-板橋,2023-08-30,9349
1504,東元,32,22,10,華南永昌-板橋,2023-08-30,9349
2371,大同,15,5,10,華南永昌-板橋,2023-08-30,9349
3032,偉訓,10,0,10,華南永昌-板橋,2023-08-30,9349
5386,青雲,11,2,9,華南永昌-板橋,2023-08-30,9349
2317,鴻海,10,1,9,華南永昌-板橋,2023-08-30,9349
00902,中信電池及儲能,8,0,8,華南永昌-板橋,2023-08-30,9349
1532,勤美,8,0,8,華南永昌-板橋,2023-08-30,9349
2486,一詮,10,2,8,華南永昌-板橋,2023-08-30,9349
00636,國泰中國A50,7,0,7,華南永昌-板橋,2023-08-30,9349
9929,秋雨,7,0,7,華南永昌-板橋,2023-08-30,9349
2409,友達,12,5,7,華南永昌-板橋,2023-08-30,9349
2834,臺企銀,19,13,6,華南永昌-板橋,2023-08-30,9349
4532,瑞智,6,0,6,華南永昌-板橋,2023-08-30,9349
5371,中光電,12,6,6,華南永昌-板橋,2023-08-30,9349
8210,勤誠,14,8,6,華南永昌-板橋,2023-08-30,9349
00648R,元大S＆P500反1,5,0,5,華南永昌-板橋,2023-08-30,9349
1809,中釉,5,0,5,華南永昌-板橋,2023-08-30,9349
2441,超豐,5,0,5,華南永昌-板橋,2023-08-30,9349
2617,台航,5,0,5,華南永昌-板橋,2023-08-30,9349
3444,利機,41,36,5,華南永昌-板橋,2023-08-30,9349
4566,時碩工業,5,0,5,華南永昌-板橋,2023-08-30,9349
5381,合正,294,16,278,華南永昌-板橋,2023-08-31,9349
2355,敬鵬,196,55,141,華南永昌-板橋,2023-08-31,9349
00679B,元大美債20年,100,1,99,華南永昌-板橋,2023-08-31,9349
2374,佳能,61,0,61,華南永昌-板橋,2023-08-31,9349
1591,駿吉-KY,64,8,56,華南永昌-板橋,2023-08-31,9349
2618,長榮航,94,41,53,華南永昌-板橋,2023-08-31,9349
2324,仁寶,57,7,50,華南永昌-板橋,2023-08-31,9349
2362,藍天,35,0,35,華南永昌-板橋,2023-08-31,9349
00929,復華台灣科技優息,32,4,28,華南永昌-板橋,2023-08-31,9349
2834,臺企銀,26,0,26,華南永昌-板橋,2023-08-31,9349
2317,鴻海,26,1,25,華南永昌-板橋,2023-08-31,9349
2337,旺宏,89,64,25,華南永昌-板橋,2023-08-31,9349
2888,新光金,25,0,25,華南永昌-板橋,2023-08-31,9349
2880,華南金,25,1,24,華南永昌-板橋,2023-08-31,9349
4967,十銓,98,74,24,華南永昌-板橋,2023-08-31,9349
00882,中信中國高股息,22,0,22,華南永昌-板橋,2023-08-31,9349
2882,國泰金,20,0,20,華南永昌-板橋,2023-08-31,9349
00907,永豐優息存股,20,0,20,華南永昌-板橋,2023-08-31,9349
2883,凱基金,20,0,20,華南永昌-板橋,2023-08-31,9349
2331,精英,108,90,18,華南永昌-板橋,2023-08-31,9349
1802,台玻,25,8,17,華南永昌-板橋,2023-08-31,9349
3491,昇達科,17,0,17,華南永昌-板橋,2023-08-31,9349
00878,國泰永續高股息,18,1,17,華南永昌-板橋,2023-08-31,9349
3260,威剛,20,5,15,華南永昌-板橋,2023-08-31,9349
6279,胡連,13,0,13,華南永昌-板橋,2023-08-31,9349
1904,正隆,11,0,11,華南永昌-板橋,2023-08-31,9349
2890,永豐金,11,0,11,華南永昌-板橋,2023-08-31,9349
2323,中環,13,2,11,華南永昌-板橋,2023-08-31,9349
3011,今皓,11,0,11,華南永昌-板橋,2023-08-31,9349
1522,堤維西,15,5,10,華南永昌-板橋,2023-08-31,9349
00633L,富邦上証正2,10,0,10,華南永昌-板橋,2023-08-31,9349
2801,彰銀,10,0,10,華南永昌-板橋,2023-08-31,9349
6148,驊宏資,10,0,10,華南永昌-板橋,2023-08-31,9349
8249,菱光,10,0,10,華南永昌-板橋,2023-08-31,9349
4545,銘鈺,9,0,9,華南永昌-板橋,2023-08-31,9349
2376,技嘉,20,12,8,華南永昌-板橋,2023-08-31,9349
3490,單井,9,1,8,華南永昌-板橋,2023-08-31,9349
2436,偉詮電,10,3,7,華南永昌-板橋,2023-08-31,9349
1529,樂事綠能,7,0,7,華南永昌-板橋,2023-08-31,9349
2501,國建,7,0,7,華南永昌-板橋,2023-08-31,9349
8358,金居,36,29,7,華南永昌-板橋,2023-08-31,9349
1701,中化,6,0,6,華南永昌-板橋,2023-08-31,9349
2303,聯電,10,4,6,華南永昌-板橋,2023-08-31,9349
2892,第一金,6,0,6,華南永昌-板橋,2023-08-31,9349
3017,奇鋐,9,3,6,華南永昌-板橋,2023-08-31,9349
4768,晶呈科技,9,3,6,華南永昌-板橋,2023-08-31,9349
6274,台燿,8,2,6,華南永昌-板橋,2023-08-31,9349
2353,宏��,7,2,5,華南永昌-板橋,2023-08-31,9349
2345,智邦,11,6,5,華南永昌-板橋,2023-08-31,9349
6146,耕興,5,0,5,華南永昌-板橋,2023-08-31,9349
2303,聯電,118,11,107,華南永昌-板橋,2023-09-01,9349
2374,佳能,82,0,82,華南永昌-板橋,2023-09-01,9349
00919,群益台灣精選高息,80,0,80,華南永昌-板橋,2023-09-01,9349
2376,技嘉,98,27,71,華南永昌-板橋,2023-09-01,9349
2382,廣達,122,53,69,華南永昌-板橋,2023-09-01,9349
3231,緯創,97,29,68,華南永昌-板橋,2023-09-01,9349
1402,遠東新,61,1,60,華南永昌-板橋,2023-09-01,9349
6282,康舒,111,55,56,華南永昌-板橋,2023-09-01,9349
00929,復華台灣科技優息,47,1,46,華南永昌-板橋,2023-09-01,9349
2369,菱生,51,5,46,華南永昌-板橋,2023-09-01,9349
8210,勤誠,45,1,44,華南永昌-板橋,2023-09-01,9349
4746,台耀,51,11,40,華南永昌-板橋,2023-09-01,9349
2881,富邦金,34,0,34,華南永昌-板橋,2023-09-01,9349
1513,中興電,43,13,30,華南永昌-板橋,2023-09-01,9349
2329,華泰,35,5,30,華南永昌-板橋,2023-09-01,9349
6275,元山,30,0,30,華南永昌-板橋,2023-09-01,9349
2363,矽統,450,422,28,華南永昌-板橋,2023-09-01,9349
2515,中工,29,2,27,華南永昌-板橋,2023-09-01,9349
2356,英業達,34,8,26,華南永昌-板橋,2023-09-01,9349
2880,華南金,24,0,24,華南永昌-板橋,2023-09-01,9349
1605,華新,25,1,24,華南永昌-板橋,2023-09-01,9349
2390,云辰,23,0,23,華南永昌-板橋,2023-09-01,9349
3305,昇貿,22,0,22,華南永昌-板橋,2023-09-01,9349
2355,敬鵬,75,55,20,華南永昌-板橋,2023-09-01,9349
2362,藍天,20,0,20,華南永昌-板橋,2023-09-01,9349
3312,弘憶股,20,0,20,華南永昌-板橋,2023-09-01,9349
1522,堤維西,24,6,18,華南永昌-板橋,2023-09-01,9349
3630,新鉅科,15,0,15,華南永昌-板橋,2023-09-01,9349
6168,宏齊,15,0,15,華南永昌-板橋,2023-09-01,9349
8033,雷虎,14,0,14,華南永昌-板橋,2023-09-01,9349
8087,麗升能源,14,0,14,華南永昌-板橋,2023-09-01,9349
00878,國泰永續高股息,16,2,14,華南永昌-板橋,2023-09-01,9349
2645,長榮航太,16,3,13,華南永昌-板橋,2023-09-01,9349
5488,松普,12,0,12,華南永昌-板橋,2023-09-01,9349
2489,瑞軒,14,3,11,華南永昌-板橋,2023-09-01,9349
4545,銘鈺,11,0,11,華南永昌-板橋,2023-09-01,9349
8249,菱光,11,0,11,華南永昌-板橋,2023-09-01,9349
8358,金居,52,41,11,華南永昌-板橋,2023-09-01,9349
2891,中信金,10,0,10,華南永昌-板橋,2023-09-01,9349
2436,偉詮電,18,8,10,華南永昌-板橋,2023-09-01,9349
4438,廣越,10,0,10,華南永昌-板橋,2023-09-01,9349
2351,順德,10,1,9,華南永昌-板橋,2023-09-01,9349
3035,智原,29,20,9,華南永昌-板橋,2023-09-01,9349
6244,茂迪,9,0,9,華南永昌-板橋,2023-09-01,9349
2337,旺宏,55,47,8,華南永昌-板橋,2023-09-01,9349
2409,友達,8,0,8,華南永昌-板橋,2023-09-01,9349
2002,中鋼,9,2,7,華南永昌-板橋,2023-09-01,9349
00679B,元大美債20年,7,0,7,華南永昌-板橋,2023-09-01,9349
2421,建準,8,1,7,華南永昌-板橋,2023-09-01,9349
2449,京元電子,10,3,7,華南永昌-板橋,2023-09-01,9349
1616,億泰,300,1,299,華南永昌-板橋,2023-09-04,9349
00637L,元大滬深300正2,200,0,200,華南永昌-板橋,2023-09-04,9349
2331,精英,172,2,170,華南永昌-板橋,2023-09-04,9349
5381,合正,129,13,116,華南永昌-板橋,2023-09-04,9349
2363,矽統,123,7,116,華南永昌-板橋,2023-09-04,9349
00929,復華台灣科技優息,102,0,102,華南永昌-板橋,2023-09-04,9349
00720B,元大投資級公司債,102,0,102,華南永昌-板橋,2023-09-04,9349
2409,友達,81,11,70,華南永昌-板橋,2023-09-04,9349
2374,佳能,57,4,53,華南永昌-板橋,2023-09-04,9349
00919,群益台灣精選高息,34,0,34,華南永昌-板橋,2023-09-04,9349
2332,友訊,73,40,33,華南永昌-板橋,2023-09-04,9349
2883,凱基金,32,0,32,華南永昌-板橋,2023-09-04,9349
4967,十銓,43,15,28,華南永昌-板橋,2023-09-04,9349
1802,台玻,30,5,25,華南永昌-板橋,2023-09-04,9349
2376,技嘉,28,4,24,華南永昌-板橋,2023-09-04,9349
3231,緯創,69,46,23,華南永昌-板橋,2023-09-04,9349
2382,廣達,38,15,23,華南永昌-板橋,2023-09-04,9349
2313,華通,21,0,21,華南永昌-板橋,2023-09-04,9349
3481,群創,23,3,20,華南永昌-板橋,2023-09-04,9349
3046,建��,20,0,20,華南永昌-板橋,2023-09-04,9349
2886,兆豐金,15,0,15,華南永昌-板橋,2023-09-04,9349
8249,菱光,15,0,15,華南永昌-板橋,2023-09-04,9349
1591,駿吉-KY,14,0,14,華南永昌-板橋,2023-09-04,9349
1605,華新,21,7,14,華南永昌-板橋,2023-09-04,9349
2201,裕隆,19,5,14,華南永昌-板橋,2023-09-04,9349
2355,敬鵬,46,32,14,華南永昌-板橋,2023-09-04,9349
4532,瑞智,14,0,14,華南永昌-板橋,2023-09-04,9349
8027,鈦昇,16,2,14,華南永昌-板橋,2023-09-04,9349
2618,長榮航,14,1,13,華南永昌-板橋,2023-09-04,9349
2352,佳世達,11,0,11,華南永昌-板橋,2023-09-04,9349
00918,大華優利高填息30,10,0,10,華南永昌-板橋,2023-09-04,9349
00680L,元大美債20正2,10,0,10,華南永昌-板橋,2023-09-04,9349
1471,首利,10,0,10,華南永昌-板橋,2023-09-04,9349
2601,益航,10,0,10,華南永昌-板橋,2023-09-04,9349
3715,定穎投控,15,5,10,華南永昌-板橋,2023-09-04,9349
4438,廣越,10,0,10,華南永昌-板橋,2023-09-04,9349
2337,旺宏,10,2,8,華南永昌-板橋,2023-09-04,9349
3588,通嘉,23,15,8,華南永昌-板橋,2023-09-04,9349
5439,高技,33,25,8,華南永昌-板橋,2023-09-04,9349
8210,勤誠,13,5,8,華南永昌-板橋,2023-09-04,9349
00931B,統一美債20年,7,0,7,華南永昌-板橋,2023-09-04,9349
2324,仁寶,7,0,7,華南永昌-板橋,2023-09-04,9349
2369,菱生,17,10,7,華南永昌-板橋,2023-09-04,9349
2401,凌陽,9,2,7,華南永昌-板橋,2023-09-04,9349
2488,漢平,8,1,7,華南永昌-板橋,2023-09-04,9349
2645,長榮航太,7,0,7,華南永昌-板橋,2023-09-04,9349
3062,建漢,7,0,7,華南永昌-板橋,2023-09-04,9349
3444,利機,190,183,7,華南永昌-板橋,2023-09-04,9349
6186,新潤,12,5,7,華南永昌-板橋,2023-09-04,9349
6712,長聖,7,0,7,華南永昌-板橋,2023-09-04,9349
1591,駿吉-KY,129,0,129,華南永昌-板橋,2023-09-05,9349
00679B,元大美債20年,62,0,62,華南永昌-板橋,2023-09-05,9349
00929,復華台灣科技優息,58,1,57,華南永昌-板橋,2023-09-05,9349
00680L,元大美債20正2,40,0,40,華南永昌-板橋,2023-09-05,9349
00919,群益台灣精選高息,48,9,39,華南永昌-板橋,2023-09-05,9349
2374,佳能,37,0,37,華南永昌-板橋,2023-09-05,9349
2332,友訊,52,17,35,華南永昌-板橋,2023-09-05,9349
2436,偉詮電,80,47,33,華南永昌-板橋,2023-09-05,9349
2340,台亞,38,6,32,華南永昌-板橋,2023-09-05,9349
4747,強生,31,0,31,華南永昌-板橋,2023-09-05,9349
1504,東元,45,20,25,華南永昌-板橋,2023-09-05,9349
3702,大聯大,20,0,20,華南永昌-板橋,2023-09-05,9349
6188,廣明,21,1,20,華南永昌-板橋,2023-09-05,9349
2382,廣達,47,28,19,華南永昌-板橋,2023-09-05,9349
4908,前鼎,18,2,16,華南永昌-板橋,2023-09-05,9349
2376,技嘉,26,11,15,華南永昌-板橋,2023-09-05,9349
00932,兆豐永續高息等權,15,0,15,華南永昌-板橋,2023-09-05,9349
2913,農林,13,0,13,華南永昌-板橋,2023-09-05,9349
2388,威盛,17,5,12,華南永昌-板橋,2023-09-05,9349
5381,合正,15,3,12,華南永昌-板橋,2023-09-05,9349
2327,國巨,12,1,11,華南永昌-板橋,2023-09-05,9349
00918,大華優利高填息30,10,0,10,華南永昌-板橋,2023-09-05,9349
00772B,中信高評級公司債,10,0,10,華南永昌-板橋,2023-09-05,9349
1795,美時,11,1,10,華南永昌-板橋,2023-09-05,9349
5356,協益,10,0,10,華南永昌-板橋,2023-09-05,9349
8249,菱光,10,0,10,華南永昌-板橋,2023-09-05,9349
8354,冠好,10,0,10,華南永昌-板橋,2023-09-05,9349
3006,晶豪科,10,1,9,華南永昌-板橋,2023-09-05,9349
5425,台半,11,2,9,華南永昌-板橋,2023-09-05,9349
2303,聯電,11,3,8,華南永昌-板橋,2023-09-05,9349
5258,虹堡,10,2,8,華南永昌-板橋,2023-09-05,9349
2317,鴻海,10,2,8,華南永昌-板橋,2023-09-05,9349
3715,定穎投控,15,7,8,華南永昌-板橋,2023-09-05,9349
4545,銘鈺,8,0,8,華南永昌-板橋,2023-09-05,9349
2887,台新金,13,5,8,華南永昌-板橋,2023-09-05,9349
00650L,復華香港正2,7,0,7,華南永昌-板橋,2023-09-05,9349
00888,永豐台灣ESG,7,0,7,華南永昌-板橋,2023-09-05,9349
1605,華新,7,0,7,華南永昌-板橋,2023-09-05,9349
2201,裕隆,8,1,7,華南永昌-板橋,2023-09-05,9349
3545,敦泰,9,2,7,華南永昌-板橋,2023-09-05,9349
3680,家登,7,0,7,華南永昌-板橋,2023-09-05,9349
5009,榮剛,16,9,7,華南永昌-板橋,2023-09-05,9349
8069,元太,7,0,7,華南永昌-板橋,2023-09-05,9349
6213,聯茂,10,3,7,華南永昌-板橋,2023-09-05,9349
2385,群光,6,0,6,華南永昌-板橋,2023-09-05,9349
3444,利機,119,113,6,華南永昌-板橋,2023-09-05,9349
6120,達運,6,0,6,華南永昌-板橋,2023-09-05,9349
6288,聯嘉,10,4,6,華南永昌-板橋,2023-09-05,9349
8048,德勝,27,21,6,華南永昌-板橋,2023-09-05,9349
3481,群創,5,0,5,華南永昌-板橋,2023-09-05,9349
1591,駿吉-KY,177,12,165,華南永昌-板橋,2023-09-06,9349
5381,合正,115,21,94,華南永昌-板橋,2023-09-06,9349
2409,友達,85,0,85,華南永昌-板橋,2023-09-06,9349
00929,復華台灣科技優息,60,3,57,華南永昌-板橋,2023-09-06,9349
6139,亞翔,127,72,55,華南永昌-板橋,2023-09-06,9349
2374,佳能,50,0,50,華南永昌-板橋,2023-09-06,9349
3481,群創,45,12,33,華南永昌-板橋,2023-09-06,9349
2356,英業達,69,37,32,華南永昌-板橋,2023-09-06,9349
1802,台玻,40,9,31,華南永昌-板橋,2023-09-06,9349
1504,東元,50,20,30,華南永昌-板橋,2023-09-06,9349
3305,昇貿,30,0,30,華南永昌-板橋,2023-09-06,9349
2312,金寶,29,1,28,華南永昌-板橋,2023-09-06,9349
0056,元大高股息,28,1,27,華南永昌-板橋,2023-09-06,9349
4147,中裕,24,0,24,華南永昌-板橋,2023-09-06,9349
2401,凌陽,37,14,23,華南永昌-板橋,2023-09-06,9349
2485,兆赫,35,13,22,華南永昌-板橋,2023-09-06,9349
3231,緯創,45,24,21,華南永昌-板橋,2023-09-06,9349
2331,精英,72,51,21,華南永昌-板橋,2023-09-06,9349
2891,中信金,21,0,21,華南永昌-板橋,2023-09-06,9349
2436,偉詮電,30,10,20,華南永昌-板橋,2023-09-06,9349
3059,華晶科,22,2,20,華南永昌-板橋,2023-09-06,9349
3491,昇達科,20,0,20,華南永昌-板橋,2023-09-06,9349
5439,高技,19,0,19,華南永昌-板橋,2023-09-06,9349
2371,大同,106,90,16,華南永昌-板橋,2023-09-06,9349
4768,晶呈科技,16,0,16,華南永昌-板橋,2023-09-06,9349
00915,凱基優選高股息30,15,0,15,華南永昌-板橋,2023-09-06,9349
1101,台泥,14,0,14,華南永昌-板橋,2023-09-06,9349
2363,矽統,299,285,14,華南永昌-板橋,2023-09-06,9349
2888,新光金,22,10,12,華南永昌-板橋,2023-09-06,9349
5009,榮剛,16,4,12,華南永昌-板橋,2023-09-06,9349
00712,復華富時不動產,11,0,11,華南永昌-板橋,2023-09-06,9349
00680L,元大美債20正2,11,0,11,華南永昌-板橋,2023-09-06,9349
6147,頎邦,13,2,11,華南永昌-板橋,2023-09-06,9349
4906,正文,36,25,11,華南永昌-板橋,2023-09-06,9349
2886,兆豐金,10,0,10,華南永昌-板橋,2023-09-06,9349
4916,事欣科,10,0,10,華南永昌-板橋,2023-09-06,9349
6288,聯嘉,10,0,10,華南永昌-板橋,2023-09-06,9349
00931B,統一美債20年,9,0,9,華南永昌-板橋,2023-09-06,9349
00932,兆豐永續高息等權,9,0,9,華南永昌-板橋,2023-09-06,9349
2880,華南金,8,0,8,華南永昌-板橋,2023-09-06,9349
2308,台達電,8,0,8,華南永昌-板橋,2023-09-06,9349
2027,大成鋼,7,0,7,華南永昌-板橋,2023-09-06,9349
2605,新興,11,4,7,華南永昌-板橋,2023-09-06,9349
2610,華航,7,0,7,華南永昌-板橋,2023-09-06,9349
8068,全達,9,2,7,華南永昌-板橋,2023-09-06,9349
00772B,中信高評級公司債,6,0,6,華南永昌-板橋,2023-09-06,9349
3260,威剛,7,1,6,華南永昌-板橋,2023-09-06,9349
3325,旭品,7,1,6,華南永昌-板橋,2023-09-06,9349
3588,通嘉,7,1,6,華南永昌-板橋,2023-09-06,9349
4188,安克,11,5,6,華南永昌-板橋,2023-09-06,9349
00882,中信中國高股息,200,0,200,華南永昌-板橋,2023-09-07,9349
2618,長榮航,102,2,100,華南永昌-板橋,2023-09-07,9349
00919,群益台灣精選高息,78,0,78,華南永昌-板橋,2023-09-07,9349
3704,合勤控,82,21,61,華南永昌-板橋,2023-09-07,9349
2390,云辰,55,0,55,華南永昌-板橋,2023-09-07,9349
00929,復華台灣科技優息,156,104,52,華南永昌-板橋,2023-09-07,9349
2358,廷鑫,55,7,48,華南永昌-板橋,2023-09-07,9349
5439,高技,41,3,38,華南永昌-板橋,2023-09-07,9349
5381,合正,38,6,32,華南永昌-板橋,2023-09-07,9349
3481,群創,71,40,31,華南永昌-板橋,2023-09-07,9349
00648R,元大S＆P500反1,31,0,31,華南永昌-板橋,2023-09-07,9349
2382,廣達,76,46,30,華南永昌-板橋,2023-09-07,9349
2355,敬鵬,27,2,25,華南永昌-板橋,2023-09-07,9349
2374,佳能,25,0,25,華南永昌-板橋,2023-09-07,9349
4967,十銓,136,111,25,華南永昌-板橋,2023-09-07,9349
2409,友達,41,18,23,華南永昌-板橋,2023-09-07,9349
5351,鈺創,38,15,23,華南永昌-板橋,2023-09-07,9349
2329,華泰,35,13,22,華南永昌-板橋,2023-09-07,9349
0056,元大高股息,22,1,21,華南永昌-板橋,2023-09-07,9349
3689,湧德,20,0,20,華南永昌-板橋,2023-09-07,9349
8034,榮群,16,1,15,華南永昌-板橋,2023-09-07,9349
1802,台玻,25,11,14,華南永昌-板橋,2023-09-07,9349
3149,正達,14,0,14,華南永昌-板橋,2023-09-07,9349
2356,英業達,20,8,12,華南永昌-板橋,2023-09-07,9349
2324,仁寶,11,0,11,華南永昌-板橋,2023-09-07,9349
2303,聯電,15,4,11,華南永昌-板橋,2023-09-07,9349
2002,中鋼,12,2,10,華南永昌-板橋,2023-09-07,9349
8112,至上,17,7,10,華南永昌-板橋,2023-09-07,9349
1504,東元,20,10,10,華南永昌-板橋,2023-09-07,9349
2610,華航,11,1,10,華南永昌-板橋,2023-09-07,9349
3006,晶豪科,35,25,10,華南永昌-板橋,2023-09-07,9349
4566,時碩工業,10,0,10,華南永昌-板橋,2023-09-07,9349
6109,亞元,10,0,10,華南永昌-板橋,2023-09-07,9349
8048,德勝,12,2,10,華南永昌-板橋,2023-09-07,9349
2457,飛宏,10,1,9,華南永昌-板橋,2023-09-07,9349
00712,復華富時不動產,10,1,9,華南永昌-板橋,2023-09-07,9349
1605,華新,9,0,9,華南永昌-板橋,2023-09-07,9349
2884,玉山金,11,2,9,華南永昌-板橋,2023-09-07,9349
4545,銘鈺,9,0,9,華南永昌-板橋,2023-09-07,9349
6799,來頡,9,0,9,華南永昌-板橋,2023-09-07,9349
3231,緯創,21,13,8,華南永昌-板橋,2023-09-07,9349
1815,富喬,10,2,8,華南永昌-板橋,2023-09-07,9349
4533,協易機,25,18,7,華南永昌-板橋,2023-09-07,9349
1101,台泥,7,0,7,華南永昌-板橋,2023-09-07,9349
2436,偉詮電,24,17,7,華南永昌-板橋,2023-09-07,9349
3325,旭品,8,1,7,華南永昌-板橋,2023-09-07,9349
5457,宣德,10,3,7,華南永昌-板橋,2023-09-07,9349
6274,台燿,15,8,7,華南永昌-板橋,2023-09-07,9349
2330,台積電,8,2,6,華南永昌-板橋,2023-09-07,9349
00932,兆豐永續高息等權,6,0,6,華南永昌-板橋,2023-09-07,9349
2504,國產,499,22,477,華南永昌-板橋,2023-09-08,9349
1591,駿吉-KY,162,3,159,華南永昌-板橋,2023-09-08,9349
8112,至上,66,2,64,華南永昌-板橋,2023-09-08,9349
00632R,元大台灣50反1,60,0,60,華南永昌-板橋,2023-09-08,9349
00929,復華台灣科技優息,52,1,51,華南永昌-板橋,2023-09-08,9349
1102,亞泥,50,0,50,華南永昌-板橋,2023-09-08,9349
00931B,統一美債20年,50,1,49,華南永昌-板橋,2023-09-08,9349
6148,驊宏資,55,8,47,華南永昌-板橋,2023-09-08,9349
2618,長榮航,48,2,46,華南永昌-板橋,2023-09-08,9349
6139,亞翔,168,122,46,華南永昌-板橋,2023-09-08,9349
2374,佳能,42,0,42,華南永昌-板橋,2023-09-08,9349
00919,群益台灣精選高息,40,0,40,華南永昌-板橋,2023-09-08,9349
8210,勤誠,48,13,35,華南永昌-板橋,2023-09-08,9349
2332,友訊,57,26,31,華南永昌-板橋,2023-09-08,9349
2324,仁寶,26,0,26,華南永昌-板橋,2023-09-08,9349
4746,台耀,40,15,25,華南永昌-板橋,2023-09-08,9349
0056,元大高股息,22,0,22,華南永昌-板橋,2023-09-08,9349
00881,國泰台灣5G+,21,0,21,華南永昌-板橋,2023-09-08,9349
5351,鈺創,87,67,20,華南永昌-板橋,2023-09-08,9349
5381,合正,20,0,20,華南永昌-板橋,2023-09-08,9349
00918,大華優利高填息30,17,0,17,華南永昌-板橋,2023-09-08,9349
3231,緯創,22,6,16,華南永昌-板橋,2023-09-08,9349
4736,泰博,15,0,15,華南永昌-板橋,2023-09-08,9349
6417,韋僑,15,0,15,華南永昌-板橋,2023-09-08,9349
00878,國泰永續高股息,14,1,13,華南永昌-板橋,2023-09-08,9349
2436,偉詮電,31,18,13,華南永昌-板橋,2023-09-08,9349
4142,國光生,13,0,13,華南永昌-板橋,2023-09-08,9349
00902,中信電池及儲能,12,0,12,華南永昌-板橋,2023-09-08,9349
2303,聯電,14,3,11,華南永昌-板橋,2023-09-08,9349
2419,仲琦,11,0,11,華南永昌-板橋,2023-09-08,9349
00633L,富邦上証正2,10,0,10,華南永昌-板橋,2023-09-08,9349
2201,裕隆,12,2,10,華南永昌-板橋,2023-09-08,9349
3444,利機,10,0,10,華南永昌-板橋,2023-09-08,9349
3706,神達,11,1,10,華南永昌-板橋,2023-09-08,9349
6278,台表科,10,0,10,華南永昌-板橋,2023-09-08,9349
6158,禾昌,10,1,9,華南永昌-板橋,2023-09-08,9349
2801,彰銀,9,1,8,華南永昌-板橋,2023-09-08,9349
3047,訊舟,8,0,8,華南永昌-板橋,2023-09-08,9349
3311,閎暉,10,2,8,華南永昌-板橋,2023-09-08,9349
3715,定穎投控,61,53,8,華南永昌-板橋,2023-09-08,9349
8069,元太,12,4,8,華南永昌-板橋,2023-09-08,9349
2376,技嘉,14,7,7,華南永昌-板橋,2023-09-08,9349
3481,群創,7,0,7,華南永昌-板橋,2023-09-08,9349
1471,首利,12,5,7,華南永昌-板橋,2023-09-08,9349
2329,華泰,13,6,7,華南永昌-板橋,2023-09-08,9349
2388,威盛,21,14,7,華南永昌-板橋,2023-09-08,9349
4545,銘鈺,7,0,7,華南永昌-板橋,2023-09-08,9349
8358,金居,14,7,7,華南永昌-板橋,2023-09-08,9349
3035,智原,17,10,7,華南永昌-板橋,2023-09-08,9349
1101,台泥,11,4,7,華南永昌-板橋,2023-09-08,9349
2331,精英,238,69,169,華南永昌-板橋,2023-09-11,9349
00878,國泰永續高股息,104,2,102,華南永昌-板橋,2023-09-11,9349
00637L,元大滬深300正2,100,0,100,華南永昌-板橋,2023-09-11,9349
00919,群益台灣精選高息,94,0,94,華南永昌-板橋,2023-09-11,9349
00929,復華台灣科技優息,91,4,87,華南永昌-板橋,2023-09-11,9349
2618,長榮航,49,0,49,華南永昌-板橋,2023-09-11,9349
2382,廣達,63,15,48,華南永昌-板橋,2023-09-11,9349
2402,毅嘉,51,3,48,華南永昌-板橋,2023-09-11,9349
1708,東鹼,40,0,40,華南永昌-板橋,2023-09-11,9349
2634,漢翔,102,63,39,華南永昌-板橋,2023-09-11,9349
6792,詠業,30,0,30,華南永昌-板橋,2023-09-11,9349
3025,星通,28,0,28,華南永昌-板橋,2023-09-11,9349
2002,中鋼,25,0,25,華南永昌-板橋,2023-09-11,9349
2332,友訊,63,38,25,華南永昌-板橋,2023-09-11,9349
6547,高端疫苗,26,1,25,華南永昌-板橋,2023-09-11,9349
00713,元大台灣高息低波,22,0,22,華南永昌-板橋,2023-09-11,9349
5381,合正,56,34,22,華南永昌-板橋,2023-09-11,9349
0056,元大高股息,20,0,20,華南永昌-板橋,2023-09-11,9349
1471,首利,42,24,18,華南永昌-板橋,2023-09-11,9349
6830,汎銓,19,1,18,華南永昌-板橋,2023-09-11,9349
1101,台泥,17,0,17,華南永昌-板橋,2023-09-11,9349
2324,仁寶,17,0,17,華南永昌-板橋,2023-09-11,9349
00885,富邦越南,18,2,16,華南永昌-板橋,2023-09-11,9349
8358,金居,16,2,14,華南永昌-板橋,2023-09-11,9349
2363,矽統,214,200,14,華南永昌-板橋,2023-09-11,9349
2401,凌陽,18,4,14,華南永昌-板橋,2023-09-11,9349
3444,利機,21,7,14,華南永昌-板橋,2023-09-11,9349
5284,jpp-KY,15,1,14,華南永昌-板橋,2023-09-11,9349
9929,秋雨,19,5,14,華南永昌-板橋,2023-09-11,9349
3231,緯創,45,31,14,華南永昌-板橋,2023-09-11,9349
2601,益航,13,0,13,華南永昌-板橋,2023-09-11,9349
3207,耀勝,13,0,13,華南永昌-板橋,2023-09-11,9349
00918,大華優利高填息30,12,0,12,華南永昌-板橋,2023-09-11,9349
2312,金寶,14,2,12,華南永昌-板橋,2023-09-11,9349
2352,佳世達,15,4,11,華南永昌-板橋,2023-09-11,9349
2888,新光金,13,2,11,華南永昌-板橋,2023-09-11,9349
3715,定穎投控,25,14,11,華南永昌-板橋,2023-09-11,9349
6625,必應,11,0,11,華南永昌-板橋,2023-09-11,9349
2317,鴻海,55,45,10,華南永昌-板橋,2023-09-11,9349
00669R,國泰美國道瓊反1,10,0,10,華南永昌-板橋,2023-09-11,9349
1721,三晃,10,0,10,華南永昌-板橋,2023-09-11,9349
2371,大同,55,45,10,華南永昌-板橋,2023-09-11,9349
2731,雄獅,10,0,10,華南永昌-板橋,2023-09-11,9349
4566,時碩工業,10,0,10,華南永昌-板橋,2023-09-11,9349
4960,誠美材,10,0,10,華南永昌-板橋,2023-09-11,9349
6269,台郡,10,0,10,華南永昌-板橋,2023-09-11,9349
8210,勤誠,11,2,9,華南永昌-板橋,2023-09-11,9349
6770,力積電,9,0,9,華南永昌-板橋,2023-09-11,9349
1609,大亞,10,2,8,華南永昌-板橋,2023-09-11,9349
2645,長榮航太,8,0,8,華南永昌-板橋,2023-09-11,9349
2374,佳能,115,0,115,華南永昌-板橋,2023-09-12,9349
00637L,元大滬深300正2,55,0,55,華南永昌-板橋,2023-09-12,9349
00878,國泰永續高股息,63,22,41,華南永昌-板橋,2023-09-12,9349
2358,廷鑫,40,0,40,華南永昌-板橋,2023-09-12,9349
2332,友訊,70,35,35,華南永昌-板橋,2023-09-12,9349
5351,鈺創,120,95,25,華南永昌-板橋,2023-09-12,9349
00918,大華優利高填息30,24,0,24,華南永昌-板橋,2023-09-12,9349
2376,技嘉,34,12,22,華南永昌-板橋,2023-09-12,9349
3231,緯創,48,26,22,華南永昌-板橋,2023-09-12,9349
2347,聯強,20,0,20,華南永昌-板橋,2023-09-12,9349
1584,精剛,18,0,18,華南永昌-板橋,2023-09-12,9349
2363,矽統,260,242,18,華南永昌-板橋,2023-09-12,9349
2382,廣達,65,48,17,華南永昌-板橋,2023-09-12,9349
3363,上詮,15,0,15,華南永昌-板橋,2023-09-12,9349
1471,首利,18,4,14,華南永昌-板橋,2023-09-12,9349
1524,耿鼎,20,6,14,華南永昌-板橋,2023-09-12,9349
4545,銘鈺,13,0,13,華南永昌-板橋,2023-09-12,9349
1708,東鹼,12,0,12,華南永昌-板橋,2023-09-12,9349
2356,英業達,26,14,12,華南永昌-板橋,2023-09-12,9349
2618,長榮航,15,3,12,華南永昌-板橋,2023-09-12,9349
8358,金居,13,2,11,華南永昌-板橋,2023-09-12,9349
2369,菱生,11,0,11,華南永昌-板橋,2023-09-12,9349
8069,元太,20,10,10,華南永昌-板橋,2023-09-12,9349
00902,中信電池及儲能,10,0,10,華南永昌-板橋,2023-09-12,9349
00896,中信綠能及電動車,10,0,10,華南永昌-板橋,2023-09-12,9349
2025,千興,10,0,10,華南永昌-板橋,2023-09-12,9349
2421,建準,25,15,10,華南永昌-板橋,2023-09-12,9349
3294,英濟,10,0,10,華南永昌-板橋,2023-09-12,9349
00929,復華台灣科技優息,53,43,10,華南永昌-板橋,2023-09-12,9349
6122,擎邦,10,1,9,華南永昌-板橋,2023-09-12,9349
1514,亞力,48,40,8,華南永昌-板橋,2023-09-12,9349
1528,恩德,8,0,8,華南永昌-板橋,2023-09-12,9349
2388,威盛,10,2,8,華南永昌-板橋,2023-09-12,9349
3490,單井,9,1,8,華南永昌-板橋,2023-09-12,9349
4747,強生,7,0,7,華南永昌-板橋,2023-09-12,9349
5009,榮剛,9,2,7,華南永昌-板橋,2023-09-12,9349
6139,亞翔,93,87,6,華南永昌-板橋,2023-09-12,9349
2027,大成鋼,6,0,6,華南永昌-板橋,2023-09-12,9349
3597,映興,6,0,6,華南永昌-板橋,2023-09-12,9349
6120,達運,6,0,6,華南永昌-板橋,2023-09-12,9349
6148,驊宏資,6,0,6,華南永昌-板橋,2023-09-12,9349
6223,旺矽,9,3,6,華南永昌-板橋,2023-09-12,9349
6243,迅杰,6,0,6,華南永昌-板橋,2023-09-12,9349
1316,上曜,5,0,5,華南永昌-板橋,2023-09-12,9349
00680L,元大美債20正2,5,0,5,華南永昌-板橋,2023-09-12,9349
1591,駿吉-KY,5,0,5,華南永昌-板橋,2023-09-12,9349
2201,裕隆,5,0,5,華南永昌-板橋,2023-09-12,9349
2401,凌陽,5,0,5,華南永昌-板橋,2023-09-12,9349
2404,漢唐,12,7,5,華南永昌-板橋,2023-09-12,9349
2450,神腦,5,0,5,華南永昌-板橋,2023-09-12,9349
00929,復華台灣科技優息,139,2,137,華南永昌-板橋,2023-09-13,9349
00919,群益台灣精選高息,63,0,63,華南永昌-板橋,2023-09-13,9349
5371,中光電,193,141,52,華南永昌-板橋,2023-09-13,9349
2485,兆赫,61,17,44,華南永昌-板橋,2023-09-13,9349
00877,復華中國5G,30,0,30,華南永昌-板橋,2023-09-13,9349
2355,敬鵬,39,12,27,華南永昌-板橋,2023-09-13,9349
3264,欣銓,36,10,26,華南永昌-板橋,2023-09-13,9349
3088,艾訊,25,0,25,華南永昌-板橋,2023-09-13,9349
00878,國泰永續高股息,25,2,23,華南永昌-板橋,2023-09-13,9349
3481,群創,22,2,20,華南永昌-板橋,2023-09-13,9349
2371,大同,193,175,18,華南永昌-板橋,2023-09-13,9349
1524,耿鼎,34,17,17,華南永昌-板橋,2023-09-13,9349
2486,一詮,17,0,17,華南永昌-板橋,2023-09-13,9349
2337,旺宏,14,2,12,華南永昌-板橋,2023-09-13,9349
6275,元山,13,1,12,華南永昌-板橋,2023-09-13,9349
3715,定穎投控,18,6,12,華南永昌-板橋,2023-09-13,9349
2883,凱基金,11,0,11,華南永昌-板橋,2023-09-13,9349
6288,聯嘉,37,26,11,華南永昌-板橋,2023-09-13,9349
0056,元大高股息,13,2,11,華南永昌-板橋,2023-09-13,9349
2457,飛宏,10,0,10,華南永昌-板橋,2023-09-13,9349
2497,怡利電,12,2,10,華南永昌-板橋,2023-09-13,9349
6547,高端疫苗,10,0,10,華南永昌-板橋,2023-09-13,9349
2332,友訊,23,14,9,華南永昌-板橋,2023-09-13,9349
2353,宏��,9,0,9,華南永昌-板橋,2023-09-13,9349
2388,威盛,18,10,8,華南永昌-板橋,2023-09-13,9349
1815,富喬,8,0,8,華南永昌-板橋,2023-09-13,9349
2376,技嘉,11,4,7,華南永昌-板橋,2023-09-13,9349
3294,英濟,7,0,7,華南永昌-板橋,2023-09-13,9349
5009,榮剛,12,5,7,華南永昌-板橋,2023-09-13,9349
6188,廣明,7,0,7,華南永昌-板橋,2023-09-13,9349
2340,台亞,7,1,6,華南永昌-板橋,2023-09-13,9349
2367,燿華,6,0,6,華南永昌-板橋,2023-09-13,9349
8358,金居,6,0,6,華南永昌-板橋,2023-09-13,9349
9919,康那香,6,0,6,華南永昌-板橋,2023-09-13,9349
00923,群益台ESG低碳50,5,0,5,華南永昌-板橋,2023-09-13,9349
3037,欣興,10,5,5,華南永昌-板橋,2023-09-13,9349
1339,昭輝,5,0,5,華南永昌-板橋,2023-09-13,9349
1312,國喬,5,0,5,華南永昌-板橋,2023-09-13,9349
2363,矽統,216,211,5,華南永昌-板橋,2023-09-13,9349
2409,友達,5,0,5,華南永昌-板橋,2023-09-13,9349
3213,茂訊,5,0,5,華南永昌-板橋,2023-09-13,9349
4934,太極,5,0,5,華南永昌-板橋,2023-09-13,9349
4960,誠美材,5,0,5,華南永昌-板橋,2023-09-13,9349
6104,創惟,10,5,5,華南永昌-板橋,2023-09-13,9349
6148,驊宏資,5,0,5,華南永昌-板橋,2023-09-13,9349
6419,京晨科,5,0,5,華南永昌-板橋,2023-09-13,9349
6657,華安,5,0,5,華南永昌-板橋,2023-09-13,9349
8033,雷虎,5,0,5,華南永昌-板橋,2023-09-13,9349
6125,廣運,4,0,4,華南永昌-板橋,2023-09-13,9349
00918,大華優利高填息30,4,0,4,華南永昌-板橋,2023-09-13,9349
00632R,元大台灣50反1,121,0,121,華南永昌-板橋,2023-09-14,9349
5371,中光電,203,90,113,華南永昌-板橋,2023-09-14,9349
00919,群益台灣精選高息,111,3,108,華南永昌-板橋,2023-09-14,9349
8048,德勝,101,6,95,華南永昌-板橋,2023-09-14,9349
2371,大同,188,94,94,華南永昌-板橋,2023-09-14,9349
2610,華航,77,25,52,華南永昌-板橋,2023-09-14,9349
00929,復華台灣科技優息,100,60,40,華南永昌-板橋,2023-09-14,9349
4533,協易機,32,1,31,華南永昌-板橋,2023-09-14,9349
00918,大華優利高填息30,28,0,28,華南永昌-板橋,2023-09-14,9349
8085,福華,30,3,27,華南永昌-板橋,2023-09-14,9349
2618,長榮航,26,2,24,華南永昌-板橋,2023-09-14,9349
4746,台耀,246,222,24,華南永昌-板橋,2023-09-14,9349
1605,華新,31,8,23,華南永昌-板橋,2023-09-14,9349
6235,華孚,19,0,19,華南永昌-板橋,2023-09-14,9349
2332,友訊,131,113,18,華南永昌-板橋,2023-09-14,9349
00648R,元大S＆P500反1,15,0,15,華南永昌-板橋,2023-09-14,9349
3294,英濟,15,0,15,華南永昌-板橋,2023-09-14,9349
2402,毅嘉,70,57,13,華南永昌-板橋,2023-09-14,9349
4768,晶呈科技,18,5,13,華南永昌-板橋,2023-09-14,9349
2486,一詮,87,75,12,華南永昌-板橋,2023-09-14,9349
4739,康普,14,2,12,華南永昌-板橋,2023-09-14,9349
00888,永豐台灣ESG,11,0,11,華南永昌-板橋,2023-09-14,9349
1609,大亞,11,0,11,華南永昌-板橋,2023-09-14,9349
00692,富邦公司治理,10,0,10,華南永昌-板橋,2023-09-14,9349
00877,復華中國5G,10,0,10,華南永昌-板橋,2023-09-14,9349
1720,生達,10,0,10,華南永昌-板橋,2023-09-14,9349
3149,正達,10,0,10,華南永昌-板橋,2023-09-14,9349
6266,泰詠,10,0,10,華南永昌-板橋,2023-09-14,9349
6456,GIS-KY,10,0,10,華南永昌-板橋,2023-09-14,9349
2337,旺宏,20,12,8,華南永昌-板橋,2023-09-14,9349
3163,波若威,28,20,8,華南永昌-板橋,2023-09-14,9349
5533,皇鼎,7,0,7,華南永昌-板橋,2023-09-14,9349
6245,立端,9,2,7,華南永昌-板橋,2023-09-14,9349
2538,基泰,9,2,7,華南永昌-板橋,2023-09-14,9349
00753L,中信中國50正2,6,0,6,華南永昌-板橋,2023-09-14,9349
2328,廣宇,6,0,6,華南永昌-板橋,2023-09-14,9349
3078,僑威,6,0,6,華南永昌-板橋,2023-09-14,9349
5222,全訊,10,4,6,華南永昌-板橋,2023-09-14,9349
6414,樺漢,6,0,6,華南永昌-板橋,2023-09-14,9349
6854,錼創科技-KY創,6,0,6,華南永昌-板橋,2023-09-14,9349
8086,宏捷科,7,2,5,華南永昌-板橋,2023-09-14,9349
00650L,復華香港正2,5,0,5,華南永昌-板橋,2023-09-14,9349
1568,倉佑,15,10,5,華南永昌-板橋,2023-09-14,9349
1721,三晃,5,0,5,華南永昌-板橋,2023-09-14,9349
2455,全新,10,5,5,華南永昌-板橋,2023-09-14,9349
2601,益航,5,0,5,華南永昌-板橋,2023-09-14,9349
2641,正德,45,40,5,華南永昌-板橋,2023-09-14,9349
2743,山富,6,1,5,華南永昌-板橋,2023-09-14,9349
2888,新光金,5,0,5,華南永昌-板橋,2023-09-14,9349
3209,全科,6,1,5,華南永昌-板橋,2023-09-14,9349
00632R,元大台灣50反1,2000,130,1870,華南永昌-板橋,2023-09-15,9349
2332,友訊,261,110,151,華南永昌-板橋,2023-09-15,9349
9105,泰金寶-DR,100,0,100,華南永昌-板橋,2023-09-15,9349
00919,群益台灣精選高息,120,24,96,華南永昌-板橋,2023-09-15,9349
00673R,期元大S＆P原油反1,80,0,80,華南永昌-板橋,2023-09-15,9349
4746,台耀,223,148,75,華南永昌-板橋,2023-09-15,9349
1591,駿吉-KY,54,0,54,華南永昌-板橋,2023-09-15,9349
2402,毅嘉,105,70,35,華南永昌-板橋,2023-09-15,9349
2486,一詮,58,24,34,華南永昌-板橋,2023-09-15,9349
00931B,統一美債20年,27,0,27,華南永昌-板橋,2023-09-15,9349
3325,旭品,27,2,25,華南永昌-板橋,2023-09-15,9349
2610,華航,34,11,23,華南永昌-板橋,2023-09-15,9349
2645,長榮航太,23,1,22,華南永昌-板橋,2023-09-15,9349
00932,兆豐永續高息等權,20,0,20,華南永昌-板橋,2023-09-15,9349
00882,中信中國高股息,20,0,20,華南永昌-板橋,2023-09-15,9349
3209,全科,25,5,20,華南永昌-板橋,2023-09-15,9349
00713,元大台灣高息低波,19,0,19,華南永昌-板橋,2023-09-15,9349
1802,台玻,17,0,17,華南永昌-板橋,2023-09-15,9349
5371,中光電,101,84,17,華南永昌-板橋,2023-09-15,9349
2374,佳能,15,0,15,華南永昌-板橋,2023-09-15,9349
2641,正德,20,5,15,華南永昌-板橋,2023-09-15,9349
4532,瑞智,17,2,15,華南永昌-板橋,2023-09-15,9349
2002,中鋼,21,7,14,華南永昌-板橋,2023-09-15,9349
1815,富喬,42,29,13,華南永昌-板橋,2023-09-15,9349
00915,凱基優選高股息30,12,0,12,華南永昌-板橋,2023-09-15,9349
1316,上曜,12,0,12,華南永昌-板橋,2023-09-15,9349
2356,英業達,19,7,12,華南永昌-板橋,2023-09-15,9349
4908,前鼎,20,8,12,華南永昌-板橋,2023-09-15,9349
2609,陽明,59,48,11,華南永昌-板橋,2023-09-15,9349
2618,長榮航,13,2,11,華南永昌-板橋,2023-09-15,9349
3294,英濟,12,1,11,華南永昌-板橋,2023-09-15,9349
5351,鈺創,150,139,11,華南永昌-板橋,2023-09-15,9349
00918,大華優利高填息30,10,0,10,華南永昌-板橋,2023-09-15,9349
00648R,元大S＆P500反1,10,0,10,華南永昌-板橋,2023-09-15,9349
2451,創見,10,0,10,華南永昌-板橋,2023-09-15,9349
6191,精成科,11,2,9,華南永昌-板橋,2023-09-15,9349
2630,亞航,13,4,9,華南永昌-板橋,2023-09-15,9349
2317,鴻海,8,0,8,華南永昌-板橋,2023-09-15,9349
00637L,元大滬深300正2,70,62,8,華南永昌-板橋,2023-09-15,9349
1528,恩德,8,0,8,華南永昌-板橋,2023-09-15,9349
3715,定穎投控,12,4,8,華南永昌-板橋,2023-09-15,9349
2376,技嘉,13,6,7,華南永昌-板橋,2023-09-15,9349
00900,富邦特選高股息30,10,3,7,華南永昌-板橋,2023-09-15,9349
2425,承啟,11,4,7,華南永昌-板橋,2023-09-15,9349
6158,禾昌,7,0,7,華南永昌-板橋,2023-09-15,9349
2371,大同,187,181,6,華南永昌-板橋,2023-09-15,9349
2476,鉅祥,6,0,6,華南永昌-板橋,2023-09-15,9349
5236,凌陽創新,6,0,6,華南永昌-板橋,2023-09-15,9349
9938,百和,6,0,6,華南永昌-板橋,2023-09-15,9349
6139,亞翔,8,2,6,華南永昌-板橋,2023-09-15,9349
00878,國泰永續高股息,103,0,103,華南永昌-板橋,2023-09-18,9349
00919,群益台灣精選高息,100,0,100,華南永昌-板橋,2023-09-18,9349
00929,復華台灣科技優息,101,21,80,華南永昌-板橋,2023-09-18,9349
2363,矽統,126,74,52,華南永昌-板橋,2023-09-18,9349
00932,兆豐永續高息等權,43,0,43,華南永昌-板橋,2023-09-18,9349
3033,威健,33,0,33,華南永昌-板橋,2023-09-18,9349
2332,友訊,81,50,31,華南永昌-板橋,2023-09-18,9349
2356,英業達,46,16,30,華南永昌-板橋,2023-09-18,9349
00931B,統一美債20年,27,0,27,華南永昌-板橋,2023-09-18,9349
00715L,期街口布蘭特正2,25,0,25,華南永昌-板橋,2023-09-18,9349
2330,台積電,26,3,23,華南永昌-板橋,2023-09-18,9349
3481,群創,20,0,20,華南永昌-板橋,2023-09-18,9349
00632R,元大台灣50反1,20,0,20,華南永昌-板橋,2023-09-18,9349
00680L,元大美債20正2,20,0,20,華南永昌-板橋,2023-09-18,9349
3231,緯創,21,2,19,華南永昌-板橋,2023-09-18,9349
2382,廣達,21,2,19,華南永昌-板橋,2023-09-18,9349
2344,華邦電,22,4,18,華南永昌-板橋,2023-09-18,9349
00679B,元大美債20年,18,1,17,華南永昌-板橋,2023-09-18,9349
0056,元大高股息,16,1,15,華南永昌-板橋,2023-09-18,9349
8467,波力-KY,16,1,15,華南永昌-板橋,2023-09-18,9349
8249,菱光,14,0,14,華南永昌-板橋,2023-09-18,9349
2303,聯電,13,2,11,華南永昌-板橋,2023-09-18,9349
8358,金居,12,1,11,華南永昌-板橋,2023-09-18,9349
2645,長榮航太,11,0,11,華南永昌-板橋,2023-09-18,9349
6190,萬泰科,11,0,11,華南永昌-板橋,2023-09-18,9349
00857B,永豐20年美公債,10,0,10,華南永昌-板橋,2023-09-18,9349
00896,中信綠能及電動車,10,0,10,華南永昌-板橋,2023-09-18,9349
1104,環泥,10,0,10,華南永昌-板橋,2023-09-18,9349
1802,台玻,10,0,10,華南永昌-板橋,2023-09-18,9349
2374,佳能,10,0,10,華南永昌-板橋,2023-09-18,9349
5457,宣德,10,0,10,華南永昌-板橋,2023-09-18,9349
8210,勤誠,10,0,10,華南永昌-板橋,2023-09-18,9349
2324,仁寶,9,0,9,華南永昌-板橋,2023-09-18,9349
9927,泰銘,9,0,9,華南永昌-板橋,2023-09-18,9349
2031,新光鋼,9,1,8,華南永昌-板橋,2023-09-18,9349
2543,皇昌,20,12,8,華南永昌-板橋,2023-09-18,9349
2605,新興,21,13,8,華南永昌-板橋,2023-09-18,9349
3017,奇鋐,9,1,8,華南永昌-板橋,2023-09-18,9349
3363,上詮,22,14,8,華南永昌-板橋,2023-09-18,9349
3704,合勤控,11,3,8,華南永昌-板橋,2023-09-18,9349
8933,愛地雅,8,0,8,華南永昌-板橋,2023-09-18,9349
2323,中環,8,1,7,華南永昌-板橋,2023-09-18,9349
2368,金像電,9,2,7,華南永昌-板橋,2023-09-18,9349
2427,三商電,7,0,7,華南永昌-板橋,2023-09-18,9349
3207,耀勝,7,0,7,華南永昌-板橋,2023-09-18,9349
3587,閎康,7,0,7,華南永昌-板橋,2023-09-18,9349
1101,台泥,7,0,7,華南永昌-板橋,2023-09-18,9349
2317,鴻海,7,1,6,華南永昌-板橋,2023-09-18,9349
00893,國泰智能電動車,6,0,6,華南永昌-板橋,2023-09-18,9349
00772B,中信高評級公司債,6,0,6,華南永昌-板橋,2023-09-18,9349
2332,友訊,449,271,178,華南永昌-板橋,2023-09-19,9349
00929,復華台灣科技優息,143,14,129,華南永昌-板橋,2023-09-19,9349
2313,華通,64,27,37,華南永昌-板橋,2023-09-19,9349
3444,利機,151,115,36,華南永昌-板橋,2023-09-19,9349
2888,新光金,36,3,33,華南永昌-板橋,2023-09-19,9349
00878,國泰永續高股息,31,2,29,華南永昌-板橋,2023-09-19,9349
2618,長榮航,48,22,26,華南永昌-板橋,2023-09-19,9349
00632R,元大台灣50反1,25,0,25,華南永昌-板橋,2023-09-19,9349
2633,台灣高鐵,25,0,25,華南永昌-板橋,2023-09-19,9349
4566,時碩工業,25,0,25,華南永昌-板橋,2023-09-19,9349
3264,欣銓,30,5,25,華南永昌-板橋,2023-09-19,9349
00919,群益台灣精選高息,25,3,22,華南永昌-板橋,2023-09-19,9349
4746,台耀,68,48,20,華南永昌-板橋,2023-09-19,9349
2402,毅嘉,48,30,18,華南永昌-板橋,2023-09-19,9349
2485,兆赫,18,0,18,華南永昌-板橋,2023-09-19,9349
3207,耀勝,17,0,17,華南永昌-板橋,2023-09-19,9349
8034,榮群,48,31,17,華南永昌-板橋,2023-09-19,9349
1514,亞力,105,90,15,華南永昌-板橋,2023-09-19,9349
3481,群創,13,0,13,華南永昌-板橋,2023-09-19,9349
2330,台積電,13,0,13,華南永昌-板橋,2023-09-19,9349
9919,康那香,12,0,12,華南永昌-板橋,2023-09-19,9349
00712,復華富時不動產,11,0,11,華南永昌-板橋,2023-09-19,9349
4919,新唐,10,0,10,華南永昌-板橋,2023-09-19,9349
4958,臻鼎-KY,10,0,10,華南永昌-板橋,2023-09-19,9349
6120,達運,10,0,10,華南永昌-板橋,2023-09-19,9349
6191,精成科,10,0,10,華南永昌-板橋,2023-09-19,9349
2392,正崴,24,15,9,華南永昌-板橋,2023-09-19,9349
6148,驊宏資,9,0,9,華南永昌-板橋,2023-09-19,9349
6274,台燿,11,2,9,華南永昌-板橋,2023-09-19,9349
2603,長榮,25,17,8,華南永昌-板橋,2023-09-19,9349
2609,陽明,19,11,8,華南永昌-板橋,2023-09-19,9349
2388,威盛,33,25,8,華南永昌-板橋,2023-09-19,9349
6109,亞元,8,0,8,華南永昌-板橋,2023-09-19,9349
8048,德勝,11,3,8,華南永昌-板橋,2023-09-19,9349
2344,華邦電,12,4,8,華南永昌-板橋,2023-09-19,9349
1471,首利,7,0,7,華南永昌-板橋,2023-09-19,9349
2425,承啟,8,1,7,華南永昌-板橋,2023-09-19,9349
2641,正德,11,4,7,華南永昌-板橋,2023-09-19,9349
4768,晶呈科技,7,0,7,華南永昌-板橋,2023-09-19,9349
6282,康舒,15,8,7,華南永昌-板橋,2023-09-19,9349
2027,大成鋼,7,1,6,華南永昌-板橋,2023-09-19,9349
1522,堤維西,11,5,6,華南永昌-板橋,2023-09-19,9349
2303,聯電,9,3,6,華南永昌-板橋,2023-09-19,9349
2340,台亞,7,1,6,華南永昌-板橋,2023-09-19,9349
3209,全科,6,0,6,華南永昌-板橋,2023-09-19,9349
4147,中裕,8,2,6,華南永昌-板橋,2023-09-19,9349
3163,波若威,10,4,6,華南永昌-板橋,2023-09-19,9349
1231,聯華食,5,0,5,華南永昌-板橋,2023-09-19,9349
1524,耿鼎,6,1,5,華南永昌-板橋,2023-09-19,9349
1612,宏泰,5,0,5,華南永昌-板橋,2023-09-19,9349
2609,陽明,232,18,214,華南永昌-板橋,2023-09-20,9349
00929,復華台灣科技優息,227,37,190,華南永昌-板橋,2023-09-20,9349
1591,駿吉-KY,173,20,153,華南永昌-板橋,2023-09-20,9349
2367,燿華,119,10,109,華南永昌-板橋,2023-09-20,9349
2888,新光金,105,0,105,華南永昌-板橋,2023-09-20,9349
00919,群益台灣精選高息,56,2,54,華南永昌-板橋,2023-09-20,9349
00900,富邦特選高股息30,32,0,32,華南永昌-板橋,2023-09-20,9349
5608,四維航,32,0,32,華南永昌-板橋,2023-09-20,9349
1605,華新,28,2,26,華南永昌-板橋,2023-09-20,9349
3231,緯創,81,55,26,華南永昌-板橋,2023-09-20,9349
4566,時碩工業,25,2,23,華南永昌-板橋,2023-09-20,9349
1514,亞力,63,41,22,華南永昌-板橋,2023-09-20,9349
2332,友訊,22,1,21,華南永昌-板橋,2023-09-20,9349
5392,能率,20,0,20,華南永昌-板橋,2023-09-20,9349
9927,泰銘,20,0,20,華南永昌-板橋,2023-09-20,9349
2382,廣達,32,13,19,華南永昌-板橋,2023-09-20,9349
3444,利機,151,133,18,華南永昌-板橋,2023-09-20,9349
3037,欣興,16,0,16,華南永昌-板橋,2023-09-20,9349
2618,長榮航,22,6,16,華南永昌-板橋,2023-09-20,9349
2330,台積電,15,0,15,華南永昌-板橋,2023-09-20,9349
2392,正崴,16,1,15,華南永昌-板橋,2023-09-20,9349
6150,撼訊,13,0,13,華南永昌-板橋,2023-09-20,9349
00878,國泰永續高股息,13,1,12,華南永昌-板橋,2023-09-20,9349
3088,艾訊,11,0,11,華南永昌-板橋,2023-09-20,9349
5371,中光電,124,113,11,華南永昌-板橋,2023-09-20,9349
3042,晶技,11,1,10,華南永昌-板橋,2023-09-20,9349
00905,FT臺灣Smart,10,0,10,華南永昌-板橋,2023-09-20,9349
2371,大同,12,2,10,華南永昌-板橋,2023-09-20,9349
2409,友達,50,40,10,華南永昌-板橋,2023-09-20,9349
3207,耀勝,10,0,10,華南永昌-板橋,2023-09-20,9349
4768,晶呈科技,10,0,10,華南永昌-板橋,2023-09-20,9349
5211,蒙恬,10,0,10,華南永昌-板橋,2023-09-20,9349
6269,台郡,10,0,10,華南永昌-板橋,2023-09-20,9349
1101,台泥,9,0,9,華南永昌-板橋,2023-09-20,9349
3005,神基,9,0,9,華南永昌-板橋,2023-09-20,9349
3481,群創,16,7,9,華南永昌-板橋,2023-09-20,9349
5481,新華,9,0,9,華南永昌-板橋,2023-09-20,9349
3264,欣銓,42,33,9,華南永昌-板橋,2023-09-20,9349
2328,廣宇,10,2,8,華南永昌-板橋,2023-09-20,9349
2485,兆赫,10,2,8,華南永昌-板橋,2023-09-20,9349
0056,元大高股息,8,1,7,華南永昌-板橋,2023-09-20,9349
00679B,元大美債20年,7,0,7,華南永昌-板橋,2023-09-20,9349
00877,復華中國5G,7,0,7,華南永昌-板橋,2023-09-20,9349
1612,宏泰,7,0,7,華南永昌-板橋,2023-09-20,9349
2884,玉山金,7,0,7,華南永昌-板橋,2023-09-20,9349
5880,合庫金,7,0,7,華南永昌-板橋,2023-09-20,9349
8034,榮群,8,1,7,華南永昌-板橋,2023-09-20,9349
1609,大亞,7,0,7,華南永昌-板橋,2023-09-20,9349
8048,德勝,6,0,6,華南永昌-板橋,2023-09-20,9349
9958,世紀鋼,21,15,6,華南永昌-板橋,2023-09-20,9349
00932,兆豐永續高息等權,67,10,57,華南永昌-板橋,2023-09-21,9349
1591,駿吉-KY,57,0,57,華南永昌-板橋,2023-09-21,9349
1402,遠東新,53,0,53,華南永昌-板橋,2023-09-21,9349
00929,復華台灣科技優息,180,130,50,華南永昌-板橋,2023-09-21,9349
2374,佳能,50,0,50,華南永昌-板橋,2023-09-21,9349
2329,華泰,51,2,49,華南永昌-板橋,2023-09-21,9349
2002,中鋼,48,0,48,華南永昌-板橋,2023-09-21,9349
2888,新光金,45,0,45,華南永昌-板橋,2023-09-21,9349
2409,友達,47,4,43,華南永昌-板橋,2023-09-21,9349
00927,群益半導體收益,40,0,40,華南永昌-板橋,2023-09-21,9349
4566,時碩工業,40,0,40,華南永昌-板橋,2023-09-21,9349
5392,能率,40,0,40,華南永昌-板橋,2023-09-21,9349
3037,欣興,41,3,38,華南永昌-板橋,2023-09-21,9349
0056,元大高股息,31,0,31,華南永昌-板橋,2023-09-21,9349
2402,毅嘉,27,1,26,華南永昌-板橋,2023-09-21,9349
6901,鑽石投資,42,16,26,華南永昌-板橋,2023-09-21,9349
2332,友訊,45,20,25,華南永昌-板橋,2023-09-21,9349
00919,群益台灣精選高息,23,3,20,華南永昌-板橋,2023-09-21,9349
2365,昆盈,20,0,20,華南永昌-板橋,2023-09-21,9349
3231,緯創,56,36,20,華南永昌-板橋,2023-09-21,9349
00923,群益台ESG低碳50,20,0,20,華南永昌-板橋,2023-09-21,9349
2330,台積電,21,2,19,華南永昌-板橋,2023-09-21,9349
00900,富邦特選高股息30,19,0,19,華南永昌-板橋,2023-09-21,9349
2610,華航,19,0,19,華南永昌-板橋,2023-09-21,9349
1101,台泥,18,1,17,華南永昌-板橋,2023-09-21,9349
3260,威剛,17,0,17,華南永昌-板橋,2023-09-21,9349
1514,亞力,68,52,16,華南永昌-板橋,2023-09-21,9349
2605,新興,21,5,16,華南永昌-板橋,2023-09-21,9349
9929,秋雨,16,0,16,華南永昌-板橋,2023-09-21,9349
00713,元大台灣高息低波,13,0,13,華南永昌-板橋,2023-09-21,9349
2884,玉山金,12,0,12,華南永昌-板橋,2023-09-21,9349
2887,台新金,12,0,12,華南永昌-板橋,2023-09-21,9349
3701,大眾控,12,0,12,華南永昌-板橋,2023-09-21,9349
2618,長榮航,18,7,11,華南永昌-板橋,2023-09-21,9349
2303,聯電,11,0,11,華南永昌-板橋,2023-09-21,9349
2363,矽統,47,36,11,華南永昌-板橋,2023-09-21,9349
6589,台康生技,11,0,11,華南永昌-板橋,2023-09-21,9349
6271,同欣電,11,0,11,華南永昌-板橋,2023-09-21,9349
00915,凱基優選高股息30,10,0,10,華南永昌-板橋,2023-09-21,9349
00888,永豐台灣ESG,10,0,10,華南永昌-板橋,2023-09-21,9349
00633L,富邦上証正2,10,0,10,華南永昌-板橋,2023-09-21,9349
4960,誠美材,10,0,10,華南永昌-板橋,2023-09-21,9349
0050,元大台灣50,10,0,10,華南永昌-板橋,2023-09-21,9349
00662,富邦NASDAQ,9,0,9,華南永昌-板橋,2023-09-21,9349
2317,鴻海,9,0,9,華南永昌-板橋,2023-09-21,9349
2450,神腦,9,0,9,華南永昌-板橋,2023-09-21,9349
1584,精剛,17,9,8,華南永昌-板橋,2023-09-21,9349
2352,佳世達,7,0,7,華南永昌-板橋,2023-09-21,9349
5009,榮剛,9,2,7,華南永昌-板橋,2023-09-21,9349
2882,國泰金,6,0,6,華南永昌-板橋,2023-09-21,9349
00632R,元大台灣50反1,1303,0,1303,華南永昌-板橋,2023-09-22,9349
00931B,統一美債20年,106,0,106,華南永昌-板橋,2023-09-22,9349
00637L,元大滬深300正2,102,4,98,華南永昌-板橋,2023-09-22,9349
3444,利機,260,186,74,華南永昌-板橋,2023-09-22,9349
00679B,元大美債20年,55,0,55,華南永昌-板橋,2023-09-22,9349
2408,南亞科,56,5,51,華南永昌-板橋,2023-09-22,9349
2332,友訊,93,43,50,華南永昌-板橋,2023-09-22,9349
00885,富邦越南,41,0,41,華南永昌-板橋,2023-09-22,9349
00929,復華台灣科技優息,39,1,38,華南永昌-板橋,2023-09-22,9349
3373,熱映,30,0,30,華南永昌-板橋,2023-09-22,9349
3060,銘異,28,0,28,華南永昌-板橋,2023-09-22,9349
2105,正新,31,4,27,華南永昌-板橋,2023-09-22,9349
4746,台耀,67,40,27,華南永昌-板橋,2023-09-22,9349
00919,群益台灣精選高息,28,3,25,華南永昌-板橋,2023-09-22,9349
00680L,元大美債20正2,27,3,24,華南永昌-板橋,2023-09-22,9349
2891,中信金,23,0,23,華南永昌-板橋,2023-09-22,9349
2377,微星,21,1,20,華南永昌-板橋,2023-09-22,9349
2441,超豐,20,0,20,華南永昌-板橋,2023-09-22,9349
3689,湧德,20,0,20,華南永昌-板橋,2023-09-22,9349
2014,中鴻,22,3,19,華南永昌-板橋,2023-09-22,9349
2367,燿華,21,2,19,華南永昌-板橋,2023-09-22,9349
2330,台積電,19,0,19,華南永昌-板橋,2023-09-22,9349
1453,大將,15,0,15,華南永昌-板橋,2023-09-22,9349
3217,優群,15,0,15,華南永昌-板橋,2023-09-22,9349
3709,鑫聯大投控,15,0,15,華南永昌-板橋,2023-09-22,9349
2313,華通,34,20,14,華南永昌-板橋,2023-09-22,9349
3615,安可,15,1,14,華南永昌-板橋,2023-09-22,9349
00712,復華富時不動產,13,0,13,華南永昌-板橋,2023-09-22,9349
2303,聯電,13,1,12,華南永昌-板橋,2023-09-22,9349
1802,台玻,20,8,12,華南永昌-板橋,2023-09-22,9349
2329,華泰,19,8,11,華南永昌-板橋,2023-09-22,9349
3042,晶技,11,0,11,華南永昌-板橋,2023-09-22,9349
2027,大成鋼,11,1,10,華南永昌-板橋,2023-09-22,9349
3188,鑫龍騰,10,0,10,華南永昌-板橋,2023-09-22,9349
3264,欣銓,51,41,10,華南永昌-板橋,2023-09-22,9349
2363,矽統,56,47,9,華南永昌-板橋,2023-09-22,9349
5483,中美晶,10,1,9,華南永昌-板橋,2023-09-22,9349
1101,台泥,8,0,8,華南永昌-板橋,2023-09-22,9349
4979,華星光,9,1,8,華南永昌-板橋,2023-09-22,9349
00687B,國泰20年美債,8,0,8,華南永昌-板橋,2023-09-22,9349
2402,毅嘉,8,0,8,華南永昌-板橋,2023-09-22,9349
3051,力特,13,5,8,華南永昌-板橋,2023-09-22,9349
4768,晶呈科技,24,16,8,華南永昌-板橋,2023-09-22,9349
5521,工信,8,0,8,華南永昌-板橋,2023-09-22,9349
3450,聯鈞,14,6,8,華南永昌-板橋,2023-09-22,9349
00751B,元大AAA至A公司債,9,2,7,華南永昌-板橋,2023-09-22,9349
2748,雲品,7,0,7,華南永昌-板橋,2023-09-22,9349
3163,波若威,19,12,7,華南永昌-板橋,2023-09-22,9349
00720B,元大投資級公司債,7,0,7,華南永昌-板橋,2023-09-22,9349
2017,官田鋼,7,0,7,華南永昌-板橋,2023-09-22,9349
9105,泰金寶-DR,120,0,120,華南永昌-板橋,2023-09-25,9349
2363,矽統,170,85,85,華南永昌-板橋,2023-09-25,9349
1591,駿吉-KY,207,151,56,華南永昌-板橋,2023-09-25,9349
9960,邁達康,50,0,50,華南永昌-板橋,2023-09-25,9349
00929,復華台灣科技優息,34,2,32,華南永昌-板橋,2023-09-25,9349
3715,定穎投控,58,27,31,華南永昌-板橋,2023-09-25,9349
6901,鑽石投資,47,16,31,華南永昌-板橋,2023-09-25,9349
2367,燿華,37,10,27,華南永昌-板橋,2023-09-25,9349
8097,常珵,24,0,24,華南永昌-板橋,2023-09-25,9349
2313,華通,49,28,21,華南永昌-板橋,2023-09-25,9349
3305,昇貿,21,0,21,華南永昌-板橋,2023-09-25,9349
3702,大聯大,20,2,18,華南永昌-板橋,2023-09-25,9349
00919,群益台灣精選高息,17,0,17,華南永昌-板橋,2023-09-25,9349
2618,長榮航,17,0,17,華南永昌-板橋,2023-09-25,9349
2880,華南金,16,0,16,華南永昌-板橋,2023-09-25,9349
5371,中光電,30,15,15,華南永昌-板橋,2023-09-25,9349
3363,上詮,22,8,14,華南永昌-板橋,2023-09-25,9349
6275,元山,15,1,14,華南永昌-板橋,2023-09-25,9349
1101,台泥,13,0,13,華南永昌-板橋,2023-09-25,9349
8039,台虹,12,0,12,華南永昌-板橋,2023-09-25,9349
00885,富邦越南,21,10,11,華南永昌-板橋,2023-09-25,9349
3037,欣興,19,9,10,華南永昌-板橋,2023-09-25,9349
00902,中信電池及儲能,10,0,10,華南永昌-板橋,2023-09-25,9349
00900,富邦特選高股息30,10,0,10,華南永昌-板橋,2023-09-25,9349
00850,元大臺灣ESG永續,10,0,10,華南永昌-板橋,2023-09-25,9349
2606,裕民,10,0,10,華南永昌-板橋,2023-09-25,9349
2885,元大金,10,0,10,華南永昌-板橋,2023-09-25,9349
3675,德微,10,0,10,華南永昌-板橋,2023-09-25,9349
5211,蒙恬,10,0,10,華南永昌-板橋,2023-09-25,9349
6235,華孚,15,5,10,華南永昌-板橋,2023-09-25,9349
8926,台汽電,10,0,10,華南永昌-板橋,2023-09-25,9349
2609,陽明,9,1,8,華南永昌-板橋,2023-09-25,9349
4566,時碩工業,8,0,8,華南永昌-板橋,2023-09-25,9349
6288,聯嘉,10,2,8,華南永昌-板橋,2023-09-25,9349
1584,精剛,6,0,6,華南永昌-板橋,2023-09-25,9349
6550,北極星藥業-KY,7,1,6,華南永昌-板橋,2023-09-25,9349
3231,緯創,44,38,6,華南永昌-板橋,2023-09-25,9349
9945,潤泰新,5,0,5,華南永昌-板橋,2023-09-25,9349
2882,國泰金,5,0,5,華南永昌-板橋,2023-09-25,9349
2317,鴻海,5,0,5,華南永昌-板橋,2023-09-25,9349
2358,廷鑫,5,0,5,華南永昌-板橋,2023-09-25,9349
2457,飛宏,5,0,5,華南永昌-板橋,2023-09-25,9349
2610,華航,6,1,5,華南永昌-板橋,2023-09-25,9349
2641,正德,5,0,5,華南永昌-板橋,2023-09-25,9349
3322,建舜電,9,4,5,華南永昌-板橋,2023-09-25,9349
3617,碩天,6,1,5,華南永昌-板橋,2023-09-25,9349
4402,郡都開發,5,0,5,華南永昌-板橋,2023-09-25,9349
5312,寶島科,5,0,5,華南永昌-板橋,2023-09-25,9349
5481,新華,5,0,5,華南永昌-板橋,2023-09-25,9349
6143,振曜,5,0,5,華南永昌-板橋,2023-09-25,9349
3444,利機,354,206,148,華南永昌-板橋,2023-09-26,9349
1471,首利,92,1,91,華南永昌-板橋,2023-09-26,9349
00929,復華台灣科技優息,71,3,68,華南永昌-板橋,2023-09-26,9349
00919,群益台灣精選高息,59,0,59,華南永昌-板橋,2023-09-26,9349
2344,華邦電,54,2,52,華南永昌-板橋,2023-09-26,9349
00885,富邦越南,42,5,37,華南永昌-板橋,2023-09-26,9349
00679B,元大美債20年,32,2,30,華南永昌-板橋,2023-09-26,9349
6205,詮欣,52,24,28,華南永昌-板橋,2023-09-26,9349
2303,聯電,27,2,25,華南永昌-板橋,2023-09-26,9349
5371,中光電,21,0,21,華南永昌-板橋,2023-09-26,9349
2409,友達,23,3,20,華南永昌-板橋,2023-09-26,9349
2332,友訊,124,105,19,華南永昌-板橋,2023-09-26,9349
2002,中鋼,16,0,16,華南永昌-板橋,2023-09-26,9349
00878,國泰永續高股息,15,0,15,華南永昌-板橋,2023-09-26,9349
00900,富邦特選高股息30,15,0,15,華南永昌-板橋,2023-09-26,9349
1524,耿鼎,24,9,15,華南永昌-板橋,2023-09-26,9349
3260,威剛,16,1,15,華南永昌-板橋,2023-09-26,9349
00772B,中信高評級公司債,14,0,14,華南永昌-板橋,2023-09-26,9349
3715,定穎投控,121,107,14,華南永昌-板橋,2023-09-26,9349
2330,台積電,15,1,14,華南永昌-板橋,2023-09-26,9349
2382,廣達,33,21,12,華南永昌-板橋,2023-09-26,9349
5009,榮剛,12,0,12,華南永昌-板橋,2023-09-26,9349
1609,大亞,19,7,12,華南永昌-板橋,2023-09-26,9349
00720B,元大投資級公司債,11,0,11,華南永昌-板橋,2023-09-26,9349
00932,兆豐永續高息等權,10,0,10,華南永昌-板橋,2023-09-26,9349
1608,華榮,10,0,10,華南永昌-板橋,2023-09-26,9349
2427,三商電,10,0,10,華南永昌-板橋,2023-09-26,9349
5381,合正,19,9,10,華南永昌-板橋,2023-09-26,9349
5481,新華,10,0,10,華南永昌-板橋,2023-09-26,9349
6116,彩晶,10,0,10,華南永昌-板橋,2023-09-26,9349
2317,鴻海,10,1,9,華南永昌-板橋,2023-09-26,9349
2337,旺宏,10,1,9,華南永昌-板橋,2023-09-26,9349
3702,大聯大,10,1,9,華南永昌-板橋,2023-09-26,9349
4545,銘鈺,9,0,9,華南永昌-板橋,2023-09-26,9349
8068,全達,11,2,9,華南永昌-板橋,2023-09-26,9349
1584,精剛,8,0,8,華南永昌-板橋,2023-09-26,9349
6770,力積電,10,2,8,華南永昌-板橋,2023-09-26,9349
3706,神達,21,13,8,華南永昌-板橋,2023-09-26,9349
2880,華南金,10,3,7,華南永昌-板橋,2023-09-26,9349
00898,國泰基因免疫革命,7,0,7,華南永昌-板橋,2023-09-26,9349
00687B,國泰20年美債,7,0,7,華南永昌-板橋,2023-09-26,9349
4157,太景*-KY,7,0,7,華南永昌-板橋,2023-09-26,9349
8039,台虹,7,0,7,華南永昌-板橋,2023-09-26,9349
6531,愛普*,13,7,6,華南永昌-板橋,2023-09-26,9349
00923,群益台ESG低碳50,6,0,6,華南永昌-板橋,2023-09-26,9349
00722B,群益投資級電信債,6,0,6,華南永昌-板橋,2023-09-26,9349
1605,華新,11,5,6,華南永昌-板橋,2023-09-26,9349
2312,金寶,6,0,6,華南永昌-板橋,2023-09-26,9349
2401,凌陽,6,0,6,華南永昌-板橋,2023-09-26,9349
2888,新光金,6,0,6,華南永昌-板橋,2023-09-26,9349
2332,友訊,86,16,70,華南永昌-板橋,2023-09-27,9349
00929,復華台灣科技優息,62,1,61,華南永昌-板橋,2023-09-27,9349
2303,聯電,37,2,35,華南永昌-板橋,2023-09-27,9349
6205,詮欣,68,37,31,華南永昌-板橋,2023-09-27,9349
00715L,期街口布蘭特正2,30,0,30,華南永昌-板橋,2023-09-27,9349
2891,中信金,23,0,23,華南永昌-板橋,2023-09-27,9349
3491,昇達科,24,2,22,華南永昌-板橋,2023-09-27,9349
2344,華邦電,22,1,21,華南永昌-板橋,2023-09-27,9349
2002,中鋼,25,7,18,華南永昌-板橋,2023-09-27,9349
2402,毅嘉,22,5,17,華南永昌-板橋,2023-09-27,9349
2313,華通,17,2,15,華南永昌-板橋,2023-09-27,9349
2884,玉山金,14,0,14,華南永昌-板橋,2023-09-27,9349
00919,群益台灣精選高息,24,11,13,華南永昌-板橋,2023-09-27,9349
2377,微星,11,0,11,華南永昌-板橋,2023-09-27,9349
3264,欣銓,11,0,11,華南永昌-板橋,2023-09-27,9349
6456,GIS-KY,11,0,11,華南永昌-板橋,2023-09-27,9349
00650L,復華香港正2,10,0,10,華南永昌-板橋,2023-09-27,9349
1815,富喬,13,3,10,華南永昌-板橋,2023-09-27,9349
2374,佳能,10,0,10,華南永昌-板橋,2023-09-27,9349
5371,中光電,10,0,10,華南永昌-板橋,2023-09-27,9349
1524,耿鼎,14,5,9,華南永昌-板橋,2023-09-27,9349
2542,興富發,9,0,9,華南永昌-板橋,2023-09-27,9349
3694,海華,9,0,9,華南永昌-板橋,2023-09-27,9349
1605,華新,9,1,8,華南永昌-板橋,2023-09-27,9349
3481,群創,10,2,8,華南永昌-板橋,2023-09-27,9349
3037,欣興,9,2,7,華南永昌-板橋,2023-09-27,9349
00885,富邦越南,47,40,7,華南永昌-板橋,2023-09-27,9349
1101,台泥,8,1,7,華南永昌-板橋,2023-09-27,9349
2495,普安,7,0,7,華南永昌-板橋,2023-09-27,9349
6655,科定,15,8,7,華南永昌-板橋,2023-09-27,9349
6274,台燿,16,10,6,華南永昌-板橋,2023-09-27,9349
00931B,統一美債20年,6,0,6,華南永昌-板橋,2023-09-27,9349
00772B,中信高評級公司債,6,0,6,華南永昌-板橋,2023-09-27,9349
1762,中化生,6,0,6,華南永昌-板橋,2023-09-27,9349
2889,國票金,6,0,6,華南永昌-板橋,2023-09-27,9349
1618,合機,10,5,5,華南永昌-板橋,2023-09-27,9349
1802,台玻,5,0,5,華南永昌-板橋,2023-09-27,9349
1810,和成,5,0,5,華南永昌-板橋,2023-09-27,9349
2301,光寶科,5,0,5,華南永昌-板橋,2023-09-27,9349
2312,金寶,5,0,5,華南永昌-板橋,2023-09-27,9349
2317,鴻海,5,0,5,華南永昌-板橋,2023-09-27,9349
2362,藍天,5,0,5,華南永昌-板橋,2023-09-27,9349
2897,王道銀行,5,0,5,華南永昌-板橋,2023-09-27,9349
3042,晶技,5,0,5,華南永昌-板橋,2023-09-27,9349
3490,單井,5,0,5,華南永昌-板橋,2023-09-27,9349
8064,東捷,5,0,5,華南永昌-板橋,2023-09-27,9349
2883,凱基金,5,0,5,華南永昌-板橋,2023-09-27,9349
0056,元大高股息,5,1,4,華南永昌-板橋,2023-09-27,9349
00679B,元大美債20年,4,0,4,華南永昌-板橋,2023-09-27,9349
1519,華城,9,5,4,華南永昌-板橋,2023-09-27,9349
00632R,元大台灣50反1,1005,0,1005,華南永昌-板橋,2023-09-28,9349
3444,利機,438,301,137,華南永昌-板橋,2023-09-28,9349
00720B,元大投資級公司債,107,0,107,華南永昌-板橋,2023-09-28,9349
2344,華邦電,80,1,79,華南永昌-板橋,2023-09-28,9349
2002,中鋼,42,5,37,華南永昌-板橋,2023-09-28,9349
3231,緯創,115,80,35,華南永昌-板橋,2023-09-28,9349
00929,復華台灣科技優息,33,3,30,華南永昌-板橋,2023-09-28,9349
2356,英業達,46,20,26,華南永昌-板橋,2023-09-28,9349
00885,富邦越南,74,48,26,華南永昌-板橋,2023-09-28,9349
2332,友訊,104,82,22,華南永昌-板橋,2023-09-28,9349
00680L,元大美債20正2,20,0,20,華南永昌-板橋,2023-09-28,9349
2618,長榮航,22,6,16,華南永昌-板橋,2023-09-28,9349
8039,台虹,16,0,16,華南永昌-板橋,2023-09-28,9349
2408,南亞科,25,12,13,華南永昌-板橋,2023-09-28,9349
3490,單井,13,0,13,華南永昌-板橋,2023-09-28,9349
5371,中光電,44,31,13,華南永昌-板橋,2023-09-28,9349
6531,愛普*,18,6,12,華南永昌-板橋,2023-09-28,9349
2354,鴻準,11,0,11,華南永昌-板橋,2023-09-28,9349
00905,FT臺灣Smart,10,0,10,華南永昌-板橋,2023-09-28,9349
1784,訊聯,10,0,10,華南永昌-板橋,2023-09-28,9349
2427,三商電,10,0,10,華南永昌-板橋,2023-09-28,9349
2727,王品,10,0,10,華南永昌-板橋,2023-09-28,9349
3264,欣銓,10,0,10,華南永昌-板橋,2023-09-28,9349
3701,大眾控,10,0,10,華南永昌-板橋,2023-09-28,9349
8105,凌巨,10,0,10,華南永昌-板橋,2023-09-28,9349
3163,波若威,10,1,9,華南永昌-板橋,2023-09-28,9349
2201,裕隆,15,6,9,華南永昌-板橋,2023-09-28,9349
2610,華航,10,1,9,華南永昌-板橋,2023-09-28,9349
4979,華星光,33,24,9,華南永昌-板橋,2023-09-28,9349
00687B,國泰20年美債,8,0,8,華南永昌-板橋,2023-09-28,9349
2615,萬海,8,0,8,華南永昌-板橋,2023-09-28,9349
5439,高技,40,32,8,華南永昌-板橋,2023-09-28,9349
00712,復華富時不動產,7,0,7,華南永昌-板橋,2023-09-28,9349
00679B,元大美債20年,7,0,7,華南永昌-板橋,2023-09-28,9349
00893,國泰智能電動車,6,0,6,華南永昌-板橋,2023-09-28,9349
3037,欣興,7,1,6,華南永昌-板橋,2023-09-28,9349
00751B,元大AAA至A公司債,11,5,6,華南永昌-板橋,2023-09-28,9349
00919,群益台灣精選高息,8,2,6,華南永昌-板橋,2023-09-28,9349
2337,旺宏,8,2,6,華南永昌-板橋,2023-09-28,9349
2367,燿華,20,14,6,華南永昌-板橋,2023-09-28,9349
2377,微星,7,1,6,華南永昌-板橋,2023-09-28,9349
2409,友達,6,0,6,華南永昌-板橋,2023-09-28,9349
2498,宏達電,6,0,6,華南永昌-板橋,2023-09-28,9349
3042,晶技,6,0,6,華南永昌-板橋,2023-09-28,9349
5452,佶優,6,0,6,華南永昌-板橋,2023-09-28,9349
8048,德勝,6,0,6,華南永昌-板橋,2023-09-28,9349
00878,國泰永續高股息,6,1,5,華南永昌-板橋,2023-09-28,9349
1515,力山,5,0,5,華南永昌-板橋,2023-09-28,9349
00715L,期街口布蘭特正2,5,0,5,華南永昌-板橋,2023-09-28,9349
2303,聯電,15,10,5,華南永昌-板橋,2023-09-28,9349
3444,利機,230,152,78,華南永昌-板橋,2023-10-02,9349
5351,鈺創,75,8,67,華南永昌-板橋,2023-10-02,9349
3034,聯詠,63,0,63,華南永昌-板橋,2023-10-02,9349
1609,大亞,65,8,57,華南永昌-板橋,2023-10-02,9349
2615,萬海,56,0,56,華南永昌-板橋,2023-10-02,9349
00637L,元大滬深300正2,50,0,50,華南永昌-板橋,2023-10-02,9349
2371,大同,50,0,50,華南永昌-板橋,2023-10-02,9349
2618,長榮航,48,3,45,華南永昌-板橋,2023-10-02,9349
3583,辛耘,39,2,37,華南永昌-板橋,2023-10-02,9349
3265,台星科,36,0,36,華南永昌-板橋,2023-10-02,9349
2331,精英,45,11,34,華南永昌-板橋,2023-10-02,9349
2376,技嘉,52,22,30,華南永昌-板橋,2023-10-02,9349
2636,台驊控股,26,0,26,華南永昌-板橋,2023-10-02,9349
3706,神達,46,22,24,華南永昌-板橋,2023-10-02,9349
00722B,群益投資級電信債,22,0,22,華南永昌-板橋,2023-10-02,9349
4157,太景*-KY,19,0,19,華南永昌-板橋,2023-10-02,9349
2329,華泰,43,25,18,華南永昌-板橋,2023-10-02,9349
5324,士開,20,2,18,華南永昌-板橋,2023-10-02,9349
00929,復華台灣科技優息,25,10,15,華南永昌-板橋,2023-10-02,9349
00738U,期元大道瓊白銀,15,0,15,華南永昌-板橋,2023-10-02,9349
5439,高技,47,33,14,華南永昌-板橋,2023-10-02,9349
3481,群創,17,5,12,華南永昌-板橋,2023-10-02,9349
2891,中信金,11,0,11,華南永昌-板橋,2023-10-02,9349
2915,潤泰全,11,0,11,華南永昌-板橋,2023-10-02,9349
2002,中鋼,21,10,11,華南永昌-板橋,2023-10-02,9349
6282,康舒,13,2,11,華南永昌-板橋,2023-10-02,9349
00927,群益半導體收益,10,0,10,華南永昌-板橋,2023-10-02,9349
00772B,中信高評級公司債,10,0,10,華南永昌-板橋,2023-10-02,9349
00751B,元大AAA至A公司債,10,0,10,華南永昌-板橋,2023-10-02,9349
2347,聯強,11,1,10,華南永昌-板橋,2023-10-02,9349
4768,晶呈科技,13,3,10,華南永昌-板橋,2023-10-02,9349
6547,高端疫苗,10,0,10,華南永昌-板橋,2023-10-02,9349
8201,無敵,10,0,10,華南永昌-板橋,2023-10-02,9349
3702,大聯大,10,0,10,華南永昌-板橋,2023-10-02,9349
1301,台塑,10,1,9,華南永昌-板橋,2023-10-02,9349
2014,中鴻,10,1,9,華南永昌-板橋,2023-10-02,9349
2324,仁寶,12,3,9,華南永昌-板橋,2023-10-02,9349
2399,映泰,10,1,9,華南永昌-板橋,2023-10-02,9349
00679B,元大美債20年,8,0,8,華南永昌-板橋,2023-10-02,9349
1402,遠東新,7,0,7,華南永昌-板橋,2023-10-02,9349
1560,中砂,14,7,7,華南永昌-板橋,2023-10-02,9349
6788,華景電,7,0,7,華南永昌-板橋,2023-10-02,9349
00919,群益台灣精選高息,8,1,7,華南永昌-板橋,2023-10-02,9349
1101,台泥,6,0,6,華南永昌-板橋,2023-10-02,9349
3450,聯鈞,11,5,6,華南永昌-板橋,2023-10-02,9349
6275,元山,6,0,6,華南永昌-板橋,2023-10-02,9349
2886,兆豐金,6,1,5,華南永昌-板橋,2023-10-02,9349
2357,華碩,5,0,5,華南永昌-板橋,2023-10-02,9349
00648R,元大S＆P500反1,5,0,5,華南永昌-板橋,2023-10-02,9349
00680L,元大美債20正2,5,0,5,華南永昌-板橋,2023-10-02,9349
1609,大亞,102,18,84,華南永昌-板橋,2023-10-03,9349
0056,元大高股息,63,3,60,華南永昌-板橋,2023-10-03,9349
2409,友達,45,9,36,華南永昌-板橋,2023-10-03,9349
2368,金像電,50,16,34,華南永昌-板橋,2023-10-03,9349
2362,藍天,30,0,30,華南永昌-板橋,2023-10-03,9349
4542,科嶠,31,1,30,華南永昌-板橋,2023-10-03,9349
3078,僑威,29,0,29,華南永昌-板橋,2023-10-03,9349
2382,廣達,39,11,28,華南永昌-板橋,2023-10-03,9349
3005,神基,27,0,27,華南永昌-板橋,2023-10-03,9349
00650L,復華香港正2,25,0,25,華南永昌-板橋,2023-10-03,9349
2355,敬鵬,45,20,25,華南永昌-板橋,2023-10-03,9349
2402,毅嘉,61,37,24,華南永昌-板橋,2023-10-03,9349
3231,緯創,167,143,24,華南永昌-板橋,2023-10-03,9349
2610,華航,25,3,22,華南永昌-板橋,2023-10-03,9349
2888,新光金,20,0,20,華南永昌-板橋,2023-10-03,9349
2615,萬海,19,0,19,華南永昌-板橋,2023-10-03,9349
00885,富邦越南,59,40,19,華南永昌-板橋,2023-10-03,9349
6120,達運,20,2,18,華南永昌-板橋,2023-10-03,9349
4157,太景*-KY,17,0,17,華南永昌-板橋,2023-10-03,9349
8039,台虹,17,0,17,華南永昌-板橋,2023-10-03,9349
2002,中鋼,17,0,17,華南永昌-板橋,2023-10-03,9349
00919,群益台灣精選高息,15,0,15,華南永昌-板橋,2023-10-03,9349
2356,英業達,25,11,14,華南永昌-板橋,2023-10-03,9349
3715,定穎投控,58,44,14,華南永昌-板橋,2023-10-03,9349
00680L,元大美債20正2,14,0,14,華南永昌-板橋,2023-10-03,9349
2880,華南金,14,0,14,華南永昌-板橋,2023-10-03,9349
8088,品安,23,10,13,華南永昌-板橋,2023-10-03,9349
6806,森崴能源,13,0,13,華南永昌-板橋,2023-10-03,9349
00922,國泰台灣領袖50,12,0,12,華南永昌-板橋,2023-10-03,9349
1815,富喬,24,12,12,華南永昌-板橋,2023-10-03,9349
1611,中電,11,0,11,華南永昌-板橋,2023-10-03,9349
2405,輔信,11,0,11,華南永昌-板橋,2023-10-03,9349
00681R,元大美債20反1,10,0,10,華南永昌-板橋,2023-10-03,9349
2201,裕隆,10,0,10,華南永昌-板橋,2023-10-03,9349
2883,凱基金,10,0,10,華南永昌-板橋,2023-10-03,9349
3049,精金,10,0,10,華南永昌-板橋,2023-10-03,9349
3706,神達,10,0,10,華南永昌-板橋,2023-10-03,9349
6117,迎廣,20,10,10,華南永昌-板橋,2023-10-03,9349
4533,協易機,10,2,8,華南永昌-板橋,2023-10-03,9349
6531,愛普*,20,12,8,華南永昌-板橋,2023-10-03,9349
2609,陽明,11,3,8,華南永昌-板橋,2023-10-03,9349
3325,旭品,79,71,8,華南永昌-板橋,2023-10-03,9349
6550,北極星藥業-KY,8,0,8,華南永昌-板橋,2023-10-03,9349
00637L,元大滬深300正2,7,0,7,華南永昌-板橋,2023-10-03,9349
1905,華紙,7,0,7,華南永昌-板橋,2023-10-03,9349
6275,元山,7,0,7,華南永昌-板橋,2023-10-03,9349
6605,帝寶,7,0,7,華南永昌-板橋,2023-10-03,9349
2453,凌群,6,0,6,華南永昌-板橋,2023-10-03,9349
2313,華通,9,4,5,華南永昌-板橋,2023-10-03,9349
00665L,富邦�琤肭磪囓�2,5,0,5,華南永昌-板橋,2023-10-03,9349
2406,國碩,150,0,150,華南永昌-板橋,2023-10-04,9349
00632R,元大台灣50反1,103,1,102,華南永昌-板橋,2023-10-04,9349
2615,萬海,101,2,99,華南永昌-板橋,2023-10-04,9349
00712,復華富時不動產,76,0,76,華南永昌-板橋,2023-10-04,9349
6605,帝寶,71,1,70,華南永昌-板橋,2023-10-04,9349
2888,新光金,60,10,50,華南永昌-板橋,2023-10-04,9349
2344,華邦電,45,1,44,華南永昌-板橋,2023-10-04,9349
00922,國泰台灣領袖50,41,0,41,華南永昌-板橋,2023-10-04,9349
3481,群創,36,1,35,華南永昌-板橋,2023-10-04,9349
3057,喬鼎,30,0,30,華南永昌-板橋,2023-10-04,9349
2891,中信金,29,0,29,華南永昌-板橋,2023-10-04,9349
3444,利機,203,176,27,華南永昌-板橋,2023-10-04,9349
2201,裕隆,33,7,26,華南永昌-板橋,2023-10-04,9349
2002,中鋼,28,4,24,華南永昌-板橋,2023-10-04,9349
00679B,元大美債20年,22,0,22,華南永昌-板橋,2023-10-04,9349
00674R,期元大S＆P黃金反1,20,0,20,華南永昌-板橋,2023-10-04,9349
2883,凱基金,19,1,18,華南永昌-板橋,2023-10-04,9349
2303,聯電,21,6,15,華南永昌-板橋,2023-10-04,9349
00929,復華台灣科技優息,13,0,13,華南永昌-板橋,2023-10-04,9349
2324,仁寶,13,0,13,華南永昌-板橋,2023-10-04,9349
3701,大眾控,13,0,13,華南永昌-板橋,2023-10-04,9349
6205,詮欣,21,8,13,華南永昌-板橋,2023-10-04,9349
3005,神基,12,0,12,華南永昌-板橋,2023-10-04,9349
2884,玉山金,11,0,11,華南永昌-板橋,2023-10-04,9349
2812,台中銀,11,0,11,華南永昌-板橋,2023-10-04,9349
5356,協益,11,0,11,華南永昌-板橋,2023-10-04,9349
1216,統一,11,0,11,華南永昌-板橋,2023-10-04,9349
00680L,元大美債20正2,13,3,10,華南永昌-板橋,2023-10-04,9349
1522,堤維西,10,0,10,華南永昌-板橋,2023-10-04,9349
1591,駿吉-KY,136,126,10,華南永昌-板橋,2023-10-04,9349
2474,可成,10,0,10,華南永昌-板橋,2023-10-04,9349
8940,新天地,10,0,10,華南永昌-板橋,2023-10-04,9349
8996,高力,10,0,10,華南永昌-板橋,2023-10-04,9349
00878,國泰永續高股息,10,1,9,華南永昌-板橋,2023-10-04,9349
2367,燿華,27,18,9,華南永昌-板橋,2023-10-04,9349
2427,三商電,15,6,9,華南永昌-板橋,2023-10-04,9349
2913,農林,9,0,9,華南永昌-板橋,2023-10-04,9349
2886,兆豐金,8,0,8,華南永昌-板橋,2023-10-04,9349
8027,鈦昇,8,0,8,華南永昌-板橋,2023-10-04,9349
8409,商之器,8,0,8,華南永昌-板橋,2023-10-04,9349
0056,元大高股息,8,1,7,華南永昌-板橋,2023-10-04,9349
00893,國泰智能電動車,7,0,7,華南永昌-板橋,2023-10-04,9349
2014,中鴻,7,0,7,華南永昌-板橋,2023-10-04,9349
5452,佶優,7,0,7,華南永昌-板橋,2023-10-04,9349
6770,力積電,7,0,7,華南永昌-板橋,2023-10-04,9349
3260,威剛,11,5,6,華南永昌-板橋,2023-10-04,9349
00720B,元大投資級公司債,6,0,6,華南永昌-板橋,2023-10-04,9349
2330,台積電,6,0,6,華南永昌-板橋,2023-10-04,9349
8086,宏捷科,7,1,6,華南永昌-板橋,2023-10-04,9349
2376,技嘉,12,6,6,華南永昌-板橋,2023-10-04,9349
00632R,元大台灣50反1,105,0,105,華南永昌-板橋,2023-10-05,9349
1815,富喬,77,11,66,華南永昌-板橋,2023-10-05,9349
3715,定穎投控,73,35,38,華南永昌-板橋,2023-10-05,9349
6205,詮欣,50,15,35,華南永昌-板橋,2023-10-05,9349
00712,復華富時不動產,33,0,33,華南永昌-板橋,2023-10-05,9349
2351,順德,21,0,21,華南永昌-板橋,2023-10-05,9349
00885,富邦越南,20,0,20,華南永昌-板橋,2023-10-05,9349
3325,旭品,34,14,20,華南永昌-板橋,2023-10-05,9349
5438,東友,20,0,20,華南永昌-板橋,2023-10-05,9349
3444,利機,283,264,19,華南永昌-板橋,2023-10-05,9349
00738U,期元大道瓊白銀,18,0,18,華南永昌-板橋,2023-10-05,9349
5426,振發,18,0,18,華南永昌-板橋,2023-10-05,9349
2409,友達,23,7,16,華南永昌-板橋,2023-10-05,9349
1524,耿鼎,25,10,15,華南永昌-板橋,2023-10-05,9349
1609,大亞,16,1,15,華南永昌-板橋,2023-10-05,9349
8249,菱光,15,0,15,華南永昌-板橋,2023-10-05,9349
2883,凱基金,12,0,12,華南永昌-板橋,2023-10-05,9349
6657,華安,12,0,12,華南永昌-板橋,2023-10-05,9349
8358,金居,16,4,12,華南永昌-板橋,2023-10-05,9349
00931B,統一美債20年,11,0,11,華南永昌-板橋,2023-10-05,9349
00929,復華台灣科技優息,13,2,11,華南永昌-板橋,2023-10-05,9349
1591,駿吉-KY,61,50,11,華南永昌-板橋,2023-10-05,9349
3706,神達,17,6,11,華南永昌-板橋,2023-10-05,9349
00681R,元大美債20反1,10,0,10,華南永昌-板橋,2023-10-05,9349
1314,中石化,10,0,10,華南永昌-板橋,2023-10-05,9349
1721,三晃,10,0,10,華南永昌-板橋,2023-10-05,9349
3060,銘異,10,0,10,華南永昌-板橋,2023-10-05,9349
3078,僑威,17,7,10,華南永昌-板橋,2023-10-05,9349
3622,洋華,10,0,10,華南永昌-板橋,2023-10-05,9349
5381,合正,20,10,10,華南永昌-板橋,2023-10-05,9349
2303,聯電,14,5,9,華南永昌-板橋,2023-10-05,9349
2388,威盛,14,5,9,華南永昌-板橋,2023-10-05,9349
3481,群創,13,4,9,華南永昌-板橋,2023-10-05,9349
4915,致伸,10,1,9,華南永昌-板橋,2023-10-05,9349
1471,首利,7,0,7,華南永昌-板橋,2023-10-05,9349
3311,閎暉,10,3,7,華南永昌-板橋,2023-10-05,9349
6550,北極星藥業-KY,10,3,7,華南永昌-板橋,2023-10-05,9349
00919,群益台灣精選高息,7,1,6,華南永昌-板橋,2023-10-05,9349
3006,晶豪科,9,3,6,華南永昌-板橋,2023-10-05,9349
3362,先進光,10,4,6,華南永昌-板橋,2023-10-05,9349
4155,訊映,7,1,6,華南永昌-板橋,2023-10-05,9349
6220,岳豐,6,0,6,華南永昌-板橋,2023-10-05,9349
1514,亞力,17,12,5,華南永昌-板橋,2023-10-05,9349
2605,新興,5,0,5,華南永昌-板橋,2023-10-05,9349
2834,臺企銀,5,0,5,華南永昌-板橋,2023-10-05,9349
3013,晟銘電,18,13,5,華南永昌-板橋,2023-10-05,9349
3122,笙泉,8,3,5,華南永昌-板橋,2023-10-05,9349
3483,力致,5,0,5,華南永昌-板橋,2023-10-05,9349
5356,協益,5,0,5,華南永昌-板橋,2023-10-05,9349
6485,點序,5,0,5,華南永昌-板橋,2023-10-05,9349
9105,泰金寶-DR,222,2,220,華南永昌-板橋,2023-10-06,9349
3013,晟銘電,251,46,205,華南永昌-板橋,2023-10-06,9349
2303,聯電,117,2,115,華南永昌-板橋,2023-10-06,9349
2317,鴻海,68,1,67,華南永昌-板橋,2023-10-06,9349
00680L,元大美債20正2,50,0,50,華南永昌-板橋,2023-10-06,9349
3444,利機,46,4,42,華南永昌-板橋,2023-10-06,9349
2382,廣達,61,20,41,華南永昌-板橋,2023-10-06,9349
8210,勤誠,38,0,38,華南永昌-板橋,2023-10-06,9349
2206,三陽工業,26,0,26,華南永昌-板橋,2023-10-06,9349
8027,鈦昇,26,1,25,華南永昌-板橋,2023-10-06,9349
6205,詮欣,22,0,22,華南永昌-板橋,2023-10-06,9349
2409,友達,23,2,21,華南永昌-板橋,2023-10-06,9349
2883,凱基金,21,0,21,華南永昌-板橋,2023-10-06,9349
00885,富邦越南,22,2,20,華南永昌-板橋,2023-10-06,9349
8039,台虹,20,0,20,華南永昌-板橋,2023-10-06,9349
9919,康那香,20,0,20,華南永昌-板橋,2023-10-06,9349
00929,復華台灣科技優息,20,0,20,華南永昌-板橋,2023-10-06,9349
2356,英業達,36,20,16,華南永昌-板橋,2023-10-06,9349
00919,群益台灣精選高息,16,3,13,華南永昌-板橋,2023-10-06,9349
1609,大亞,12,0,12,華南永昌-板橋,2023-10-06,9349
3481,群創,17,5,12,華南永昌-板橋,2023-10-06,9349
2329,華泰,17,6,11,華南永昌-板橋,2023-10-06,9349
00882,中信中國高股息,10,0,10,華南永昌-板橋,2023-10-06,9349
2618,長榮航,14,4,10,華南永昌-板橋,2023-10-06,9349
3276,宇環,10,0,10,華南永昌-板橋,2023-10-06,9349
3317,尼克森,10,0,10,華南永昌-板橋,2023-10-06,9349
2641,正德,11,1,10,華南永昌-板橋,2023-10-06,9349
3037,欣興,9,0,9,華南永昌-板橋,2023-10-06,9349
2637,慧洋-KY,9,0,9,華南永昌-板橋,2023-10-06,9349
3531,先益,13,4,9,華南永昌-板橋,2023-10-06,9349
1762,中化生,8,0,8,華南永昌-板橋,2023-10-06,9349
6148,驊宏資,8,0,8,華南永昌-板橋,2023-10-06,9349
6451,訊芯-KY,21,13,8,華南永昌-板橋,2023-10-06,9349
8093,保銳,8,0,8,華南永昌-板橋,2023-10-06,9349
00738U,期元大道瓊白銀,7,0,7,華南永昌-板橋,2023-10-06,9349
2468,華經,7,0,7,華南永昌-板橋,2023-10-06,9349
6191,精成科,7,0,7,華南永昌-板橋,2023-10-06,9349
3669,圓展,7,1,6,華南永昌-板橋,2023-10-06,9349
3706,神達,8,2,6,華南永昌-板橋,2023-10-06,9349
5439,高技,7,1,6,華南永昌-板橋,2023-10-06,9349
4953,緯軟,7,1,6,華南永昌-板橋,2023-10-06,9349
00712,復華富時不動產,5,0,5,華南永昌-板橋,2023-10-06,9349
00715L,期街口布蘭特正2,5,0,5,華南永昌-板橋,2023-10-06,9349
00632R,元大台灣50反1,5,0,5,華南永昌-板橋,2023-10-06,9349
1906,寶隆,5,0,5,華南永昌-板橋,2023-10-06,9349
2230,泰茂,5,0,5,華南永昌-板橋,2023-10-06,9349
2367,燿華,14,9,5,華南永昌-板橋,2023-10-06,9349
2542,興富發,5,0,5,華南永昌-板橋,2023-10-06,9349
2633,台灣高鐵,5,0,5,華南永昌-板橋,2023-10-06,9349
2888,新光金,5,0,5,華南永昌-板橋,2023-10-06,9349
2331,精英,102,2,100,華南永昌-板橋,2023-10-11,9349
1591,駿吉-KY,111,30,81,華南永昌-板橋,2023-10-11,9349
2382,廣達,82,11,71,華南永昌-板橋,2023-10-11,9349
0056,元大高股息,68,13,55,華南永昌-板橋,2023-10-11,9349
4768,晶呈科技,71,30,41,華南永昌-板橋,2023-10-11,9349
3231,緯創,163,122,41,華南永昌-板橋,2023-10-11,9349
6530,創威,43,3,40,華南永昌-板橋,2023-10-11,9349
2371,大同,40,1,39,華南永昌-板橋,2023-10-11,9349
6188,廣明,32,1,31,華南永昌-板橋,2023-10-11,9349
8039,台虹,29,0,29,華南永昌-板橋,2023-10-11,9349
2633,台灣高鐵,25,1,24,華南永昌-板橋,2023-10-11,9349
00692,富邦公司治理,20,0,20,華南永昌-板橋,2023-10-11,9349
8933,愛地雅,20,0,20,華南永昌-板橋,2023-10-11,9349
00929,復華台灣科技優息,20,1,19,華南永昌-板橋,2023-10-11,9349
2636,台驊控股,18,0,18,華南永昌-板橋,2023-10-11,9349
4908,前鼎,21,3,18,華南永昌-板橋,2023-10-11,9349
1471,首利,18,1,17,華南永昌-板橋,2023-10-11,9349
2618,長榮航,31,15,16,華南永昌-板橋,2023-10-11,9349
3483,力致,22,6,16,華南永昌-板橋,2023-10-11,9349
2610,華航,27,12,15,華南永昌-板橋,2023-10-11,9349
2376,技嘉,32,18,14,華南永昌-板橋,2023-10-11,9349
1308,亞聚,13,0,13,華南永昌-板橋,2023-10-11,9349
2002,中鋼,14,1,13,華南永昌-板橋,2023-10-11,9349
3545,敦泰,21,10,11,華南永昌-板橋,2023-10-11,9349
2427,三商電,11,0,11,華南永昌-板橋,2023-10-11,9349
2630,亞航,13,2,11,華南永昌-板橋,2023-10-11,9349
6657,華安,11,0,11,華南永昌-板橋,2023-10-11,9349
2027,大成鋼,10,0,10,華南永昌-板橋,2023-10-11,9349
2498,宏達電,10,0,10,華南永昌-板橋,2023-10-11,9349
3188,鑫龍騰,10,0,10,華南永昌-板橋,2023-10-11,9349
3617,碩天,10,0,10,華南永昌-板橋,2023-10-11,9349
3693,營邦,12,2,10,華南永昌-板橋,2023-10-11,9349
4566,時碩工業,11,1,10,華南永昌-板橋,2023-10-11,9349
5211,蒙恬,10,0,10,華南永昌-板橋,2023-10-11,9349
6695,芯鼎,10,0,10,華南永昌-板橋,2023-10-11,9349
00919,群益台灣精選高息,9,0,9,華南永昌-板橋,2023-10-11,9349
00877,復華中國5G,10,1,9,華南永昌-板橋,2023-10-11,9349
00636,國泰中國A50,10,1,9,華南永昌-板橋,2023-10-11,9349
5439,高技,51,43,8,華南永昌-板橋,2023-10-11,9349
6550,北極星藥業-KY,8,1,7,華南永昌-板橋,2023-10-11,9349
00637L,元大滬深300正2,7,0,7,華南永昌-板橋,2023-10-11,9349
2329,華泰,15,8,7,華南永昌-板橋,2023-10-11,9349
2399,映泰,8,1,7,華南永昌-板橋,2023-10-11,9349
2417,圓剛,12,5,7,華南永昌-板橋,2023-10-11,9349
3481,群創,8,1,7,華南永昌-板橋,2023-10-11,9349
6147,頎邦,7,1,6,華南永昌-板橋,2023-10-11,9349
00922,國泰台灣領袖50,9,3,6,華南永昌-板橋,2023-10-11,9349
1524,耿鼎,6,0,6,華南永昌-板橋,2023-10-11,9349
2355,敬鵬,6,0,6,華南永昌-板橋,2023-10-11,9349
3715,定穎投控,11,5,6,華南永昌-板橋,2023-10-11,9349
2363,矽統,286,203,83,華南永昌-板橋,2023-10-12,9349
2888,新光金,100,20,80,華南永昌-板橋,2023-10-12,9349
2374,佳能,75,1,74,華南永昌-板橋,2023-10-12,9349
00929,復華台灣科技優息,64,11,53,華南永昌-板橋,2023-10-12,9349
2897,王道銀行,40,0,40,華南永昌-板橋,2023-10-12,9349
00877,復華中國5G,36,0,36,華南永昌-板橋,2023-10-12,9349
3707,漢磊,27,0,27,華南永昌-板橋,2023-10-12,9349
2382,廣達,34,8,26,華南永昌-板橋,2023-10-12,9349
3234,光環,25,2,23,華南永昌-板橋,2023-10-12,9349
00639,富邦深100,18,0,18,華南永昌-板橋,2023-10-12,9349
6148,驊宏資,18,0,18,華南永昌-板橋,2023-10-12,9349
00931B,統一美債20年,15,0,15,華南永昌-板橋,2023-10-12,9349
2352,佳世達,14,0,14,華南永昌-板橋,2023-10-12,9349
3481,群創,20,7,13,華南永昌-板橋,2023-10-12,9349
3032,偉訓,13,1,12,華南永昌-板橋,2023-10-12,9349
2206,三陽工業,11,0,11,華南永昌-板橋,2023-10-12,9349
2409,友達,19,8,11,華南永昌-板橋,2023-10-12,9349
2356,英業達,34,24,10,華南永昌-板橋,2023-10-12,9349
2634,漢翔,10,0,10,華南永昌-板橋,2023-10-12,9349
00681R,元大美債20反1,10,0,10,華南永昌-板橋,2023-10-12,9349
1701,中化,10,0,10,華南永昌-板橋,2023-10-12,9349
2331,精英,10,0,10,華南永昌-板橋,2023-10-12,9349
2390,云辰,11,1,10,華南永昌-板橋,2023-10-12,9349
3322,建舜電,10,0,10,華南永昌-板橋,2023-10-12,9349
4207,環泰,10,0,10,華南永昌-板橋,2023-10-12,9349
4746,台耀,10,0,10,華南永昌-板橋,2023-10-12,9349
4768,晶呈科技,18,8,10,華南永昌-板橋,2023-10-12,9349
8088,品安,10,0,10,華南永昌-板橋,2023-10-12,9349
2454,聯發科,11,1,10,華南永昌-板橋,2023-10-12,9349
4960,誠美材,9,0,9,華南永昌-板橋,2023-10-12,9349
00885,富邦越南,13,4,9,華南永昌-板橋,2023-10-12,9349
2603,長榮,8,0,8,華南永昌-板橋,2023-10-12,9349
5324,士開,8,0,8,華南永昌-板橋,2023-10-12,9349
3483,力致,13,5,8,華南永昌-板橋,2023-10-12,9349
2882,國泰金,10,3,7,華南永昌-板橋,2023-10-12,9349
1524,耿鼎,12,5,7,華南永昌-板橋,2023-10-12,9349
4933,友輝,11,5,6,華南永昌-板橋,2023-10-12,9349
3105,穩懋,5,0,5,華南永昌-板橋,2023-10-12,9349
00632R,元大台灣50反1,5,0,5,華南永昌-板橋,2023-10-12,9349
00887,永豐中國科技50大,5,0,5,華南永昌-板橋,2023-10-12,9349
1218,泰山,5,0,5,華南永昌-板橋,2023-10-12,9349
2208,台船,6,1,5,華南永昌-板橋,2023-10-12,9349
2355,敬鵬,5,0,5,華南永昌-板橋,2023-10-12,9349
3325,旭品,70,65,5,華南永昌-板橋,2023-10-12,9349
4909,新復興,5,0,5,華南永昌-板橋,2023-10-12,9349
6129,普誠,5,0,5,華南永昌-板橋,2023-10-12,9349
6275,元山,5,0,5,華南永昌-板橋,2023-10-12,9349
6591,動力-KY,5,0,5,華南永昌-板橋,2023-10-12,9349
2636,台驊控股,4,0,4,華南永昌-板橋,2023-10-12,9349
00922,國泰台灣領袖50,4,0,4,華南永昌-板橋,2023-10-12,9349
2332,友訊,127,2,125,華南永昌-板橋,2023-10-13,9349
2363,矽統,569,509,60,華南永昌-板橋,2023-10-13,9349
00637L,元大滬深300正2,57,0,57,華南永昌-板橋,2023-10-13,9349
3231,緯創,129,77,52,華南永昌-板橋,2023-10-13,9349
00715L,期街口布蘭特正2,50,0,50,華南永昌-板橋,2023-10-13,9349
2382,廣達,82,40,42,華南永昌-板橋,2023-10-13,9349
8210,勤誠,37,0,37,華南永昌-板橋,2023-10-13,9349
8933,愛地雅,35,0,35,華南永昌-板橋,2023-10-13,9349
2356,英業達,53,21,32,華南永昌-板橋,2023-10-13,9349
1591,駿吉-KY,75,46,29,華南永昌-板橋,2023-10-13,9349
00929,復華台灣科技優息,28,0,28,華南永昌-板橋,2023-10-13,9349
2317,鴻海,26,2,24,華南永昌-板橋,2023-10-13,9349
00919,群益台灣精選高息,22,0,22,華南永昌-板橋,2023-10-13,9349
00639,富邦深100,21,0,21,華南永昌-板橋,2023-10-13,9349
1301,台塑,21,0,21,華南永昌-板橋,2023-10-13,9349
2367,燿華,20,0,20,華南永昌-板橋,2023-10-13,9349
4566,時碩工業,20,0,20,華南永昌-板橋,2023-10-13,9349
0056,元大高股息,31,11,20,華南永昌-板橋,2023-10-13,9349
1815,富喬,21,2,19,華南永昌-板橋,2023-10-13,9349
6290,良維,20,1,19,華南永昌-板橋,2023-10-13,9349
00885,富邦越南,18,0,18,華南永昌-板橋,2023-10-13,9349
00878,國泰永續高股息,16,0,16,華南永昌-板橋,2023-10-13,9349
3450,聯鈞,29,14,15,華南永昌-板橋,2023-10-13,9349
2374,佳能,20,5,15,華南永昌-板橋,2023-10-13,9349
2402,毅嘉,46,31,15,華南永昌-板橋,2023-10-13,9349
3325,旭品,46,31,15,華南永昌-板橋,2023-10-13,9349
3543,州巧,15,0,15,華南永昌-板橋,2023-10-13,9349
3078,僑威,33,19,14,華南永昌-板橋,2023-10-13,9349
6194,育富,14,0,14,華南永昌-板橋,2023-10-13,9349
8996,高力,14,1,13,華南永昌-板橋,2023-10-13,9349
2886,兆豐金,12,0,12,華南永昌-板橋,2023-10-13,9349
3037,欣興,12,1,11,華南永昌-板橋,2023-10-13,9349
2301,光寶科,14,3,11,華南永昌-板橋,2023-10-13,9349
00887,永豐中國科技50大,11,0,11,華南永昌-板橋,2023-10-13,9349
2439,美律,11,0,11,華南永昌-板橋,2023-10-13,9349
2607,榮運,13,2,11,華南永昌-板橋,2023-10-13,9349
2885,元大金,11,0,11,華南永昌-板橋,2023-10-13,9349
1905,華紙,10,0,10,華南永昌-板橋,2023-10-13,9349
00882,中信中國高股息,10,0,10,華南永昌-板橋,2023-10-13,9349
1560,中砂,10,0,10,華南永昌-板橋,2023-10-13,9349
2812,台中銀,10,0,10,華南永昌-板橋,2023-10-13,9349
3005,神基,10,0,10,華南永昌-板橋,2023-10-13,9349
3701,大眾控,10,0,10,華南永昌-板橋,2023-10-13,9349
00687B,國泰20年美債,9,0,9,華南永昌-板橋,2023-10-13,9349
00679B,元大美債20年,9,0,9,華南永昌-板橋,2023-10-13,9349
4979,華星光,34,25,9,華南永昌-板橋,2023-10-13,9349
9938,百和,9,0,9,華南永昌-板橋,2023-10-13,9349
2409,友達,10,2,8,華南永昌-板橋,2023-10-13,9349
3597,映興,8,0,8,華南永昌-板橋,2023-10-13,9349
2488,漢平,7,0,7,華南永昌-板橋,2023-10-13,9349
00632R,元大台灣50反1,1003,0,1003,華南永昌-板橋,2023-10-16,9349
2344,華邦電,126,42,84,華南永昌-板橋,2023-10-16,9349
2374,佳能,60,0,60,華南永昌-板橋,2023-10-16,9349
00929,復華台灣科技優息,46,0,46,華南永昌-板橋,2023-10-16,9349
0056,元大高股息,37,1,36,華南永昌-板橋,2023-10-16,9349
2201,裕隆,97,61,36,華南永昌-板橋,2023-10-16,9349
6205,詮欣,45,9,36,華南永昌-板橋,2023-10-16,9349
5392,能率,35,0,35,華南永昌-板橋,2023-10-16,9349
1591,駿吉-KY,57,33,24,華南永昌-板橋,2023-10-16,9349
00878,國泰永續高股息,23,0,23,華南永昌-板橋,2023-10-16,9349
2618,長榮航,53,31,22,華南永昌-板橋,2023-10-16,9349
2610,華航,36,16,20,華南永昌-板橋,2023-10-16,9349
2368,金像電,41,24,17,華南永昌-板橋,2023-10-16,9349
3015,全漢,19,2,17,華南永昌-板橋,2023-10-16,9349
3037,欣興,22,7,15,華南永昌-板橋,2023-10-16,9349
1605,華新,17,2,15,華南永昌-板橋,2023-10-16,9349
3481,群創,17,3,14,華南永昌-板橋,2023-10-16,9349
1609,大亞,13,0,13,華南永昌-板橋,2023-10-16,9349
2206,三陽工業,12,0,12,華南永昌-板橋,2023-10-16,9349
3231,緯創,42,31,11,華南永昌-板橋,2023-10-16,9349
2382,廣達,26,15,11,華南永昌-板橋,2023-10-16,9349
00919,群益台灣精選高息,10,0,10,華南永昌-板橋,2023-10-16,9349
00892,富邦台灣半導體,10,0,10,華南永昌-板橋,2023-10-16,9349
00679B,元大美債20年,10,0,10,華南永昌-板橋,2023-10-16,9349
2615,萬海,10,0,10,華南永昌-板橋,2023-10-16,9349
2641,正德,10,0,10,華南永昌-板橋,2023-10-16,9349
3006,晶豪科,14,4,10,華南永昌-板橋,2023-10-16,9349
4934,太極,10,0,10,華南永昌-板橋,2023-10-16,9349
3025,星通,19,10,9,華南永昌-板橋,2023-10-16,9349
6148,驊宏資,10,1,9,華南永昌-板橋,2023-10-16,9349
2454,聯發科,10,1,9,華南永昌-板橋,2023-10-16,9349
9950,萬國通,9,1,8,華南永昌-板橋,2023-10-16,9349
3617,碩天,7,0,7,華南永昌-板橋,2023-10-16,9349
6284,佳邦,9,2,7,華南永昌-板橋,2023-10-16,9349
8039,台虹,7,0,7,華南永昌-板橋,2023-10-16,9349
1471,首利,6,0,6,華南永昌-板橋,2023-10-16,9349
1707,葡萄王,6,0,6,華南永昌-板橋,2023-10-16,9349
3363,上詮,8,2,6,華南永昌-板橋,2023-10-16,9349
3675,德微,7,1,6,華南永昌-板橋,2023-10-16,9349
3707,漢磊,6,0,6,華南永昌-板橋,2023-10-16,9349
4933,友輝,6,0,6,華南永昌-板橋,2023-10-16,9349
2884,玉山金,5,0,5,華南永昌-板橋,2023-10-16,9349
6282,康舒,5,0,5,華南永昌-板橋,2023-10-16,9349
00917,中信特選金融,5,0,5,華南永昌-板橋,2023-10-16,9349
00646,元大S＆P500,5,0,5,華南永昌-板橋,2023-10-16,9349
00637L,元大滬深300正2,5,0,5,華南永昌-板橋,2023-10-16,9349
00662,富邦NASDAQ,5,0,5,華南永昌-板橋,2023-10-16,9349
2105,正新,5,0,5,華南永昌-板橋,2023-10-16,9349
2409,友達,7,2,5,華南永昌-板橋,2023-10-16,9349
2538,基泰,5,0,5,華南永昌-板橋,2023-10-16,9349
0056,元大高股息,74,0,74,華南永昌-板橋,2023-10-17,9349
00929,復華台灣科技優息,72,4,68,華南永昌-板橋,2023-10-17,9349
3444,利機,261,196,65,華南永昌-板橋,2023-10-17,9349
3715,定穎投控,81,20,61,華南永昌-板橋,2023-10-17,9349
2374,佳能,47,2,45,華南永昌-板橋,2023-10-17,9349
2363,矽統,275,235,40,華南永昌-板橋,2023-10-17,9349
00720B,元大投資級公司債,38,0,38,華南永昌-板橋,2023-10-17,9349
00878,國泰永續高股息,36,5,31,華南永昌-板橋,2023-10-17,9349
2515,中工,54,30,24,華南永昌-板橋,2023-10-17,9349
2206,三陽工業,22,0,22,華南永昌-板橋,2023-10-17,9349
6194,育富,21,0,21,華南永昌-板橋,2023-10-17,9349
00927,群益半導體收益,20,0,20,華南永昌-板橋,2023-10-17,9349
6244,茂迪,26,7,19,華南永昌-板橋,2023-10-17,9349
4157,太景*-KY,17,0,17,華南永昌-板橋,2023-10-17,9349
2356,英業達,20,4,16,華南永昌-板橋,2023-10-17,9349
3207,耀勝,15,0,15,華南永昌-板橋,2023-10-17,9349
8249,菱光,15,0,15,華南永昌-板橋,2023-10-17,9349
00679B,元大美債20年,14,0,14,華南永昌-板橋,2023-10-17,9349
2201,裕隆,28,14,14,華南永昌-板橋,2023-10-17,9349
2376,技嘉,28,14,14,華南永昌-板橋,2023-10-17,9349
3078,僑威,31,17,14,華南永昌-板橋,2023-10-17,9349
4979,華星光,35,21,14,華南永昌-板橋,2023-10-17,9349
00687B,國泰20年美債,13,0,13,華南永昌-板橋,2023-10-17,9349
3231,緯創,112,100,12,華南永昌-板橋,2023-10-17,9349
2890,永豐金,12,0,12,華南永昌-板橋,2023-10-17,9349
3526,凡甲,12,0,12,華南永昌-板橋,2023-10-17,9349
5009,榮剛,13,1,12,華南永昌-板橋,2023-10-17,9349
00922,國泰台灣領袖50,11,0,11,華南永昌-板橋,2023-10-17,9349
2358,廷鑫,11,0,11,華南永昌-板橋,2023-10-17,9349
5210,寶碩,12,1,11,華南永昌-板橋,2023-10-17,9349
00648R,元大S＆P500反1,10,0,10,華南永昌-板橋,2023-10-17,9349
2449,京元電子,14,4,10,華南永昌-板橋,2023-10-17,9349
2601,益航,10,0,10,華南永昌-板橋,2023-10-17,9349
3202,樺晟,10,0,10,華南永昌-板橋,2023-10-17,9349
5439,高技,19,9,10,華南永昌-板橋,2023-10-17,9349
8039,台虹,10,0,10,華南永昌-板橋,2023-10-17,9349
8088,品安,14,4,10,華南永昌-板橋,2023-10-17,9349
00692,富邦公司治理,9,0,9,華南永昌-板橋,2023-10-17,9349
3094,聯傑,12,3,9,華南永昌-板橋,2023-10-17,9349
00900,富邦特選高股息30,8,0,8,華南永昌-板橋,2023-10-17,9349
1609,大亞,8,0,8,華南永昌-板橋,2023-10-17,9349
3545,敦泰,20,12,8,華南永昌-板橋,2023-10-17,9349
8227,巨有科技,8,0,8,華南永昌-板橋,2023-10-17,9349
00751B,元大AAA至A公司債,7,0,7,華南永昌-板橋,2023-10-17,9349
2301,光寶科,10,3,7,華南永昌-板橋,2023-10-17,9349
3363,上詮,8,1,7,華南永昌-板橋,2023-10-17,9349
6120,達運,7,0,7,華南永昌-板橋,2023-10-17,9349
6275,元山,8,1,7,華南永昌-板橋,2023-10-17,9349
2634,漢翔,16,10,6,華南永昌-板橋,2023-10-17,9349
1303,南亞,6,0,6,華南永昌-板橋,2023-10-17,9349
6244,茂迪,200,2,198,華南永昌-板橋,2023-10-18,9349
2891,中信金,164,0,164,華南永昌-板橋,2023-10-18,9349
0056,元大高股息,138,10,128,華南永昌-板橋,2023-10-18,9349
2374,佳能,90,0,90,華南永昌-板橋,2023-10-18,9349
00919,群益台灣精選高息,79,10,69,華南永昌-板橋,2023-10-18,9349
5392,能率,65,0,65,華南永昌-板橋,2023-10-18,9349
2363,矽統,49,10,39,華南永昌-板橋,2023-10-18,9349
3207,耀勝,38,0,38,華南永昌-板橋,2023-10-18,9349
3305,昇貿,38,1,37,華南永昌-板橋,2023-10-18,9349
00922,國泰台灣領袖50,35,0,35,華南永昌-板橋,2023-10-18,9349
00878,國泰永續高股息,34,0,34,華南永昌-板橋,2023-10-18,9349
3037,欣興,31,0,31,華南永昌-板橋,2023-10-18,9349
2376,技嘉,42,19,23,華南永昌-板橋,2023-10-18,9349
5353,台林,20,0,20,華南永昌-板橋,2023-10-18,9349
3322,建舜電,20,2,18,華南永昌-板橋,2023-10-18,9349
2382,廣達,39,21,18,華南永昌-板橋,2023-10-18,9349
00722B,群益投資級電信債,16,0,16,華南永昌-板橋,2023-10-18,9349
1524,耿鼎,22,6,16,華南永昌-板橋,2023-10-18,9349
2317,鴻海,16,1,15,華南永昌-板橋,2023-10-18,9349
6148,驊宏資,17,2,15,華南永昌-板橋,2023-10-18,9349
2002,中鋼,18,3,15,華南永昌-板橋,2023-10-18,9349
6187,萬潤,14,0,14,華南永昌-板橋,2023-10-18,9349
6194,育富,13,0,13,華南永昌-板橋,2023-10-18,9349
1609,大亞,11,0,11,華南永昌-板橋,2023-10-18,9349
2371,大同,11,0,11,華南永昌-板橋,2023-10-18,9349
2352,佳世達,11,0,11,華南永昌-板橋,2023-10-18,9349
6282,康舒,10,0,10,華南永昌-板橋,2023-10-18,9349
00850,元大臺灣ESG永續,10,0,10,華南永昌-板橋,2023-10-18,9349
00720B,元大投資級公司債,10,0,10,華南永昌-板橋,2023-10-18,9349
2399,映泰,10,0,10,華南永昌-板橋,2023-10-18,9349
2451,創見,10,0,10,華南永昌-板橋,2023-10-18,9349
3374,精材,11,1,10,華南永昌-板橋,2023-10-18,9349
3481,群創,14,4,10,華南永昌-板橋,2023-10-18,9349
00751B,元大AAA至A公司債,21,12,9,華南永昌-板橋,2023-10-18,9349
6139,亞翔,10,1,9,華南永昌-板橋,2023-10-18,9349
2486,一詮,12,3,9,華南永昌-板橋,2023-10-18,9349
6016,康和證,9,0,9,華南永昌-板橋,2023-10-18,9349
8027,鈦昇,9,0,9,華南永昌-板橋,2023-10-18,9349
9105,泰金寶-DR,9,0,9,華南永昌-板橋,2023-10-18,9349
1568,倉佑,8,0,8,華南永昌-板橋,2023-10-18,9349
2105,正新,10,2,8,華南永昌-板橋,2023-10-18,9349
00929,復華台灣科技優息,28,20,8,華南永昌-板橋,2023-10-18,9349
1101,台泥,7,0,7,華南永昌-板橋,2023-10-18,9349
00900,富邦特選高股息30,7,0,7,華南永昌-板橋,2023-10-18,9349
2206,三陽工業,11,4,7,華南永昌-板橋,2023-10-18,9349
2618,長榮航,44,37,7,華南永昌-板橋,2023-10-18,9349
3325,旭品,22,15,7,華南永昌-板橋,2023-10-18,9349
3706,神達,8,1,7,華南永昌-板橋,2023-10-18,9349
4768,晶呈科技,7,0,7,華南永昌-板橋,2023-10-18,9349
6901,鑽石投資,35,28,7,華南永昌-板橋,2023-10-18,9349
6244,茂迪,80,0,80,華南永昌-板橋,2023-10-19,9349
2331,精英,63,2,61,華南永昌-板橋,2023-10-19,9349
0056,元大高股息,97,40,57,華南永昌-板橋,2023-10-19,9349
1591,駿吉-KY,57,0,57,華南永昌-板橋,2023-10-19,9349
1101,台泥,55,0,55,華南永昌-板橋,2023-10-19,9349
00929,復華台灣科技優息,29,0,29,華南永昌-板橋,2023-10-19,9349
00878,國泰永續高股息,37,8,29,華南永昌-板橋,2023-10-19,9349
3526,凡甲,34,6,28,華南永昌-板橋,2023-10-19,9349
3481,群創,28,2,26,華南永昌-板橋,2023-10-19,9349
00687B,國泰20年美債,22,0,22,華南永昌-板橋,2023-10-19,9349
1229,聯華,20,0,20,華南永昌-板橋,2023-10-19,9349
2888,新光金,20,0,20,華南永昌-板橋,2023-10-19,9349
3260,威剛,31,16,15,華南永昌-板橋,2023-10-19,9349
00919,群益台灣精選高息,15,0,15,華南永昌-板橋,2023-10-19,9349
00679B,元大美債20年,16,1,15,華南永昌-板橋,2023-10-19,9349
5356,協益,15,0,15,華南永昌-板橋,2023-10-19,9349
5392,能率,15,0,15,華南永昌-板橋,2023-10-19,9349
00922,國泰台灣領袖50,14,0,14,華南永昌-板橋,2023-10-19,9349
2356,英業達,25,11,14,華南永昌-板橋,2023-10-19,9349
00650L,復華香港正2,18,4,14,華南永昌-板橋,2023-10-19,9349
6187,萬潤,16,2,14,華南永昌-板橋,2023-10-19,9349
6205,詮欣,17,3,14,華南永昌-板橋,2023-10-19,9349
00720B,元大投資級公司債,14,0,14,華南永昌-板橋,2023-10-19,9349
00751B,元大AAA至A公司債,12,0,12,華南永昌-板橋,2023-10-19,9349
00918,大華優利高填息30,11,0,11,華南永昌-板橋,2023-10-19,9349
2206,三陽工業,11,0,11,華南永昌-板橋,2023-10-19,9349
2317,鴻海,12,1,11,華南永昌-板橋,2023-10-19,9349
2498,宏達電,11,0,11,華南永昌-板橋,2023-10-19,9349
6530,創威,19,8,11,華南永昌-板橋,2023-10-19,9349
1402,遠東新,10,0,10,華南永昌-板橋,2023-10-19,9349
1449,佳和,10,0,10,華南永昌-板橋,2023-10-19,9349
2409,友達,13,3,10,華南永昌-板橋,2023-10-19,9349
3491,昇達科,20,10,10,華南永昌-板橋,2023-10-19,9349
2388,威盛,42,32,10,華南永昌-板橋,2023-10-19,9349
1305,華夏,9,0,9,華南永昌-板橋,2023-10-19,9349
1314,中石化,12,3,9,華南永昌-板橋,2023-10-19,9349
6129,普誠,10,1,9,華南永昌-板橋,2023-10-19,9349
00885,富邦越南,16,8,8,華南永昌-板橋,2023-10-19,9349
2501,國建,8,0,8,華南永昌-板橋,2023-10-19,9349
3094,聯傑,8,0,8,華南永昌-板橋,2023-10-19,9349
4908,前鼎,22,14,8,華南永昌-板橋,2023-10-19,9349
6223,旺矽,8,0,8,華南永昌-板橋,2023-10-19,9349
6235,華孚,8,0,8,華南永昌-板橋,2023-10-19,9349
1471,首利,11,4,7,華南永昌-板橋,2023-10-19,9349
1609,大亞,8,1,7,華南永昌-板橋,2023-10-19,9349
2374,佳能,7,0,7,華南永昌-板橋,2023-10-19,9349
2645,長榮航太,7,0,7,華南永昌-板橋,2023-10-19,9349
6284,佳邦,10,3,7,華南永昌-板橋,2023-10-19,9349
2353,宏��,6,0,6,華南永昌-板橋,2023-10-19,9349
2887,台新金,6,0,6,華南永昌-板橋,2023-10-19,9349
3444,利機,335,203,132,華南永昌-板橋,2023-10-20,9349
2409,友達,75,5,70,華南永昌-板橋,2023-10-20,9349
00929,復華台灣科技優息,63,3,60,華南永昌-板橋,2023-10-20,9349
0056,元大高股息,52,1,51,華南永昌-板橋,2023-10-20,9349
3207,耀勝,45,3,42,華南永昌-板橋,2023-10-20,9349
2374,佳能,40,1,39,華南永昌-板橋,2023-10-20,9349
6901,鑽石投資,46,11,35,華南永昌-板橋,2023-10-20,9349
2615,萬海,33,0,33,華南永昌-板橋,2023-10-20,9349
2885,元大金,32,0,32,華南永昌-板橋,2023-10-20,9349
2331,精英,30,0,30,華南永昌-板橋,2023-10-20,9349
6116,彩晶,40,10,30,華南永昌-板橋,2023-10-20,9349
2332,友訊,30,2,28,華南永昌-板橋,2023-10-20,9349
3322,建舜電,30,2,28,華南永昌-板橋,2023-10-20,9349
00878,國泰永續高股息,40,12,28,華南永昌-板橋,2023-10-20,9349
3491,昇達科,26,0,26,華南永昌-板橋,2023-10-20,9349
2402,毅嘉,25,0,25,華南永昌-板橋,2023-10-20,9349
00933B,國泰10Y+金融債,34,10,24,華南永昌-板橋,2023-10-20,9349
3041,揚智,37,13,24,華南永昌-板橋,2023-10-20,9349
3704,合勤控,26,2,24,華南永昌-板橋,2023-10-20,9349
00673R,期元大S＆P原油反1,23,0,23,華南永昌-板橋,2023-10-20,9349
3374,精材,22,0,22,華南永昌-板橋,2023-10-20,9349
2338,光罩,21,0,21,華南永昌-板橋,2023-10-20,9349
8249,菱光,20,0,20,華南永昌-板橋,2023-10-20,9349
2323,中環,20,1,19,華南永昌-板橋,2023-10-20,9349
6148,驊宏資,20,1,19,華南永昌-板橋,2023-10-20,9349
00679B,元大美債20年,18,0,18,華南永昌-板橋,2023-10-20,9349
1785,光洋科,18,1,17,華南永昌-板橋,2023-10-20,9349
00712,復華富時不動產,17,0,17,華南永昌-板橋,2023-10-20,9349
00650L,復華香港正2,15,0,15,華南永昌-板橋,2023-10-20,9349
3325,旭品,13,0,13,華南永昌-板橋,2023-10-20,9349
2618,長榮航,15,3,12,華南永昌-板橋,2023-10-20,9349
00882,中信中國高股息,12,0,12,華南永昌-板橋,2023-10-20,9349
00919,群益台灣精選高息,12,0,12,華南永昌-板橋,2023-10-20,9349
1101,台泥,15,3,12,華南永昌-板橋,2023-10-20,9349
3702,大聯大,14,3,11,華南永昌-板橋,2023-10-20,9349
1524,耿鼎,11,0,11,華南永昌-板橋,2023-10-20,9349
2371,大同,10,0,10,華南永昌-板橋,2023-10-20,9349
1711,永光,10,0,10,華南永昌-板橋,2023-10-20,9349
1906,寶隆,10,0,10,華南永昌-板橋,2023-10-20,9349
2002,中鋼,11,1,10,華南永昌-板橋,2023-10-20,9349
5347,世界,11,1,10,華南永昌-板橋,2023-10-20,9349
6213,聯茂,17,7,10,華南永昌-板橋,2023-10-20,9349
1301,台塑,9,0,9,華南永昌-板橋,2023-10-20,9349
1471,首利,10,1,9,華南永昌-板橋,2023-10-20,9349
5258,虹堡,10,1,9,華南永昌-板橋,2023-10-20,9349
8182,加高,9,0,9,華南永昌-板橋,2023-10-20,9349
1513,中興電,10,3,7,華南永昌-板橋,2023-10-20,9349
3105,穩懋,7,0,7,華南永昌-板橋,2023-10-20,9349
2022,聚亨,7,0,7,華南永昌-板橋,2023-10-20,9349
6244,茂迪,7,0,7,華南永昌-板橋,2023-10-20,9349
00929,復華台灣科技優息,198,0,198,華南永昌-板橋,2023-10-23,9349
1785,光洋科,44,2,42,華南永昌-板橋,2023-10-23,9349
8050,廣積,43,3,40,華南永昌-板橋,2023-10-23,9349
2201,裕隆,39,2,37,華南永昌-板橋,2023-10-23,9349
2377,微星,42,6,36,華南永昌-板橋,2023-10-23,9349
2409,友達,35,3,32,華南永昌-板橋,2023-10-23,9349
00919,群益台灣精選高息,25,0,25,華南永昌-板橋,2023-10-23,9349
2317,鴻海,30,6,24,華南永昌-板橋,2023-10-23,9349
6237,驊訊,33,11,22,華南永昌-板橋,2023-10-23,9349
00712,復華富時不動產,21,0,21,華南永昌-板橋,2023-10-23,9349
6274,台燿,24,3,21,華南永昌-板橋,2023-10-23,9349
2885,元大金,20,0,20,華南永昌-板橋,2023-10-23,9349
6290,良維,25,5,20,華南永昌-板橋,2023-10-23,9349
2449,京元電子,29,11,18,華南永昌-板橋,2023-10-23,9349
00900,富邦特選高股息30,18,1,17,華南永昌-板橋,2023-10-23,9349
3543,州巧,17,0,17,華南永昌-板橋,2023-10-23,9349
2344,華邦電,18,2,16,華南永昌-板橋,2023-10-23,9349
00933B,國泰10Y+金融債,15,0,15,華南永昌-板橋,2023-10-23,9349
2313,華通,13,1,12,華南永昌-板橋,2023-10-23,9349
00878,國泰永續高股息,13,1,12,華南永昌-板橋,2023-10-23,9349
00885,富邦越南,11,0,11,華南永昌-板橋,2023-10-23,9349
1326,台化,11,0,11,華南永昌-板橋,2023-10-23,9349
8249,菱光,11,0,11,華南永昌-板橋,2023-10-23,9349
00772B,中信高評級公司債,10,0,10,華南永昌-板橋,2023-10-23,9349
00648R,元大S＆P500反1,10,0,10,華南永昌-板橋,2023-10-23,9349
1727,中華化,11,1,10,華南永昌-板橋,2023-10-23,9349
6235,華孚,27,17,10,華南永昌-板橋,2023-10-23,9349
2388,威盛,13,4,9,華南永昌-板橋,2023-10-23,9349
3325,旭品,20,11,9,華南永昌-板橋,2023-10-23,9349
8358,金居,15,6,9,華南永昌-板橋,2023-10-23,9349
3037,欣興,8,0,8,華南永昌-板橋,2023-10-23,9349
3706,神達,9,1,8,華南永昌-板橋,2023-10-23,9349
9938,百和,8,0,8,華南永昌-板橋,2023-10-23,9349
0056,元大高股息,7,0,7,華南永昌-板橋,2023-10-23,9349
2329,華泰,16,9,7,華南永昌-板橋,2023-10-23,9349
2888,新光金,7,0,7,華南永昌-板橋,2023-10-23,9349
3709,鑫聯大投控,7,0,7,華南永昌-板橋,2023-10-23,9349
1101,台泥,6,0,6,華南永昌-板橋,2023-10-23,9349
00923,群益台ESG低碳50,6,0,6,華南永昌-板橋,2023-10-23,9349
00692,富邦公司治理,6,0,6,華南永昌-板橋,2023-10-23,9349
2002,中鋼,7,1,6,華南永昌-板橋,2023-10-23,9349
6187,萬潤,10,4,6,華南永昌-板橋,2023-10-23,9349
6223,旺矽,7,1,6,華南永昌-板橋,2023-10-23,9349
00902,中信電池及儲能,5,0,5,華南永昌-板橋,2023-10-23,9349
00650L,復華香港正2,5,0,5,華南永昌-板橋,2023-10-23,9349
1605,華新,6,1,5,華南永昌-板橋,2023-10-23,9349
2022,聚亨,5,0,5,華南永昌-板橋,2023-10-23,9349
3034,聯詠,7,2,5,華南永昌-板橋,2023-10-23,9349
4806,桂田文創,5,0,5,華南永昌-板橋,2023-10-23,9349
5465,富驊,5,0,5,華南永昌-板橋,2023-10-23,9349
1591,駿吉-KY,313,6,307,華南永昌-板橋,2023-10-24,9349
2303,聯電,215,58,157,華南永昌-板橋,2023-10-24,9349
00687B,國泰20年美債,120,0,120,華南永昌-板橋,2023-10-24,9349
2369,菱生,56,18,38,華南永昌-板橋,2023-10-24,9349
2330,台積電,34,0,34,華南永昌-板橋,2023-10-24,9349
3325,旭品,33,0,33,華南永昌-板橋,2023-10-24,9349
6233,旺玖,33,0,33,華南永昌-板橋,2023-10-24,9349
3032,偉訓,41,9,32,華南永昌-板橋,2023-10-24,9349
2913,農林,36,5,31,華南永昌-板橋,2023-10-24,9349
00929,復華台灣科技優息,33,2,31,華南永昌-板橋,2023-10-24,9349
2331,精英,32,2,30,華南永昌-板橋,2023-10-24,9349
6229,研通,30,0,30,華南永昌-板橋,2023-10-24,9349
2317,鴻海,61,32,29,華南永昌-板橋,2023-10-24,9349
2371,大同,52,27,25,華南永昌-板橋,2023-10-24,9349
3444,利機,255,232,23,華南永昌-板橋,2023-10-24,9349
00877,復華中國5G,21,0,21,華南永昌-板橋,2023-10-24,9349
00881,國泰台灣5G+,31,10,21,華南永昌-板橋,2023-10-24,9349
00722B,群益投資級電信債,20,0,20,華南永昌-板橋,2023-10-24,9349
1721,三晃,36,17,19,華南永昌-板橋,2023-10-24,9349
3060,銘異,18,0,18,華南永昌-板橋,2023-10-24,9349
3543,州巧,15,0,15,華南永昌-板橋,2023-10-24,9349
2002,中鋼,15,2,13,華南永昌-板橋,2023-10-24,9349
2401,凌陽,15,2,13,華南永昌-板橋,2023-10-24,9349
6156,松上,15,2,13,華南永昌-板橋,2023-10-24,9349
6187,萬潤,15,2,13,華南永昌-板橋,2023-10-24,9349
5347,世界,17,5,12,華南永昌-板橋,2023-10-24,9349
8150,南茂,12,0,12,華南永昌-板橋,2023-10-24,9349
2027,大成鋼,12,1,11,華南永昌-板橋,2023-10-24,9349
2344,華邦電,11,0,11,華南永昌-板橋,2023-10-24,9349
3006,晶豪科,20,9,11,華南永昌-板橋,2023-10-24,9349
5356,協益,11,0,11,華南永昌-板橋,2023-10-24,9349
00878,國泰永續高股息,11,0,11,華南永昌-板橋,2023-10-24,9349
00933B,國泰10Y+金融債,10,0,10,華南永昌-板橋,2023-10-24,9349
00679B,元大美債20年,11,1,10,華南永昌-板橋,2023-10-24,9349
3260,威剛,14,4,10,華南永昌-板橋,2023-10-24,9349
2890,永豐金,10,0,10,華南永昌-板橋,2023-10-24,9349
3041,揚智,29,19,10,華南永昌-板橋,2023-10-24,9349
3088,艾訊,10,0,10,華南永昌-板橋,2023-10-24,9349
2474,可成,10,0,10,華南永昌-板橋,2023-10-24,9349
8358,金居,11,2,9,華南永昌-板橋,2023-10-24,9349
4755,三福化,10,1,9,華南永昌-板橋,2023-10-24,9349
8182,加高,9,0,9,華南永昌-板橋,2023-10-24,9349
3481,群創,15,7,8,華南永昌-板橋,2023-10-24,9349
1101,台泥,8,0,8,華南永昌-板橋,2023-10-24,9349
0056,元大高股息,8,0,8,華南永昌-板橋,2023-10-24,9349
4401,東隆興,8,0,8,華南永昌-板橋,2023-10-24,9349
8039,台虹,8,0,8,華南永昌-板橋,2023-10-24,9349
1301,台塑,7,0,7,華南永昌-板橋,2023-10-24,9349
00712,復華富時不動產,7,0,7,華南永昌-板橋,2023-10-24,9349
00637L,元大滬深300正2,10,3,7,華南永昌-板橋,2023-10-24,9349
00637L,元大滬深300正2,100,3,97,華南永昌-板橋,2023-10-25,9349
2332,友訊,60,0,60,華南永昌-板橋,2023-10-25,9349
00712,復華富時不動產,53,0,53,華南永昌-板橋,2023-10-25,9349
00642U,期元大S＆P石油,51,0,51,華南永昌-板橋,2023-10-25,9349
6290,良維,78,34,44,華南永昌-板橋,2023-10-25,9349
2630,亞航,42,0,42,華南永昌-板橋,2023-10-25,9349
3444,利機,125,84,41,華南永昌-板橋,2023-10-25,9349
3419,譁裕,33,0,33,華南永昌-板橋,2023-10-25,9349
1722,台肥,34,2,32,華南永昌-板橋,2023-10-25,9349
3231,緯創,50,23,27,華南永昌-板橋,2023-10-25,9349
6695,芯鼎,27,1,26,華南永昌-板橋,2023-10-25,9349
2618,長榮航,27,2,25,華南永昌-板橋,2023-10-25,9349
2317,鴻海,28,5,23,華南永昌-板橋,2023-10-25,9349
2610,華航,23,0,23,華南永昌-板橋,2023-10-25,9349
8150,南茂,21,1,20,華南永昌-板橋,2023-10-25,9349
3702,大聯大,20,0,20,華南永昌-板橋,2023-10-25,9349
6182,合晶,20,1,19,華南永昌-板橋,2023-10-25,9349
2337,旺宏,22,6,16,華南永昌-板橋,2023-10-25,9349
00877,復華中國5G,16,0,16,華南永昌-板橋,2023-10-25,9349
8050,廣積,33,18,15,華南永昌-板橋,2023-10-25,9349
2356,英業達,48,34,14,華南永昌-板橋,2023-10-25,9349
1514,亞力,22,8,14,華南永昌-板橋,2023-10-25,9349
00929,復華台灣科技優息,21,7,14,華南永昌-板橋,2023-10-25,9349
2376,技嘉,16,5,11,華南永昌-板橋,2023-10-25,9349
00887,永豐中國科技50大,11,0,11,華南永昌-板橋,2023-10-25,9349
1519,華城,13,2,11,華南永昌-板橋,2023-10-25,9349
00878,國泰永續高股息,12,1,11,華南永昌-板橋,2023-10-25,9349
2104,國際中橡,10,0,10,華南永昌-板橋,2023-10-25,9349
2204,中華,10,0,10,華南永昌-板橋,2023-10-25,9349
4915,致伸,10,0,10,華南永昌-板橋,2023-10-25,9349
2634,漢翔,10,0,10,華南永昌-板橋,2023-10-25,9349
1802,台玻,10,1,9,華南永昌-板橋,2023-10-25,9349
4401,東隆興,8,0,8,華南永昌-板橋,2023-10-25,9349
4908,前鼎,16,8,8,華南永昌-板橋,2023-10-25,9349
6531,愛普*,14,7,7,華南永昌-板橋,2023-10-25,9349
2408,南亞科,6,0,6,華南永昌-板橋,2023-10-25,9349
2884,玉山金,6,0,6,華南永昌-板橋,2023-10-25,9349
3051,力特,12,6,6,華南永昌-板橋,2023-10-25,9349
3207,耀勝,6,0,6,華南永昌-板橋,2023-10-25,9349
4162,智擎,8,2,6,華南永昌-板橋,2023-10-25,9349
5608,四維航,6,0,6,華南永昌-板橋,2023-10-25,9349
6139,亞翔,8,2,6,華南永昌-板橋,2023-10-25,9349
8358,金居,6,0,6,華南永昌-板橋,2023-10-25,9349
2462,良得電,11,5,6,華南永昌-板橋,2023-10-25,9349
3006,晶豪科,6,1,5,華南永昌-板橋,2023-10-25,9349
0056,元大高股息,5,0,5,華南永昌-板橋,2023-10-25,9349
00902,中信電池及儲能,5,0,5,華南永昌-板橋,2023-10-25,9349
00679B,元大美債20年,6,1,5,華南永昌-板橋,2023-10-25,9349
1314,中石化,5,0,5,華南永昌-板橋,2023-10-25,9349
2889,國票金,5,0,5,華南永昌-板橋,2023-10-25,9349
2344,華邦電,115,0,115,華南永昌-板橋,2023-10-26,9349
00637L,元大滬深300正2,100,0,100,華南永昌-板橋,2023-10-26,9349
00929,復華台灣科技優息,76,1,75,華南永昌-板橋,2023-10-26,9349
1802,台玻,61,0,61,華南永昌-板橋,2023-10-26,9349
3444,利機,143,84,59,華南永昌-板橋,2023-10-26,9349
00712,復華富時不動產,49,0,49,華南永昌-板橋,2023-10-26,9349
00715L,期街口布蘭特正2,50,3,47,華南永昌-板橋,2023-10-26,9349
2303,聯電,60,15,45,華南永昌-板橋,2023-10-26,9349
2371,大同,43,0,43,華南永昌-板橋,2023-10-26,9349
2883,凱基金,40,0,40,華南永昌-板橋,2023-10-26,9349
00687B,國泰20年美債,40,1,39,華南永昌-板橋,2023-10-26,9349
00919,群益台灣精選高息,37,0,37,華南永昌-板橋,2023-10-26,9349
2409,友達,36,4,32,華南永昌-板橋,2023-10-26,9349
00680L,元大美債20正2,33,3,30,華南永昌-板橋,2023-10-26,9349
2374,佳能,30,0,30,華南永昌-板橋,2023-10-26,9349
00878,國泰永續高股息,30,0,30,華南永昌-板橋,2023-10-26,9349
2605,新興,27,0,27,華南永昌-板橋,2023-10-26,9349
0056,元大高股息,32,7,25,華南永昌-板橋,2023-10-26,9349
2337,旺宏,24,2,22,華南永昌-板橋,2023-10-26,9349
8358,金居,25,3,22,華南永昌-板橋,2023-10-26,9349
2376,技嘉,27,7,20,華南永昌-板橋,2023-10-26,9349
00650L,復華香港正2,20,0,20,華南永昌-板橋,2023-10-26,9349
00885,富邦越南,29,10,19,華南永昌-板橋,2023-10-26,9349
3227,原相,19,0,19,華南永昌-板橋,2023-10-26,9349
2515,中工,20,3,17,華南永昌-板橋,2023-10-26,9349
3419,譁裕,17,0,17,華南永昌-板橋,2023-10-26,9349
6274,台燿,18,2,16,華南永昌-板橋,2023-10-26,9349
2880,華南金,15,0,15,華南永昌-板橋,2023-10-26,9349
00881,國泰台灣5G+,15,0,15,華南永昌-板橋,2023-10-26,9349
8050,廣積,15,0,15,華南永昌-板橋,2023-10-26,9349
00902,中信電池及儲能,13,0,13,華南永昌-板橋,2023-10-26,9349
2888,新光金,12,0,12,華南永昌-板橋,2023-10-26,9349
3078,僑威,11,0,11,華南永昌-板橋,2023-10-26,9349
6550,北極星藥業-KY,11,0,11,華南永昌-板橋,2023-10-26,9349
2330,台積電,14,3,11,華南永昌-板橋,2023-10-26,9349
6146,耕興,10,0,10,華南永昌-板橋,2023-10-26,9349
2401,凌陽,12,2,10,華南永昌-板橋,2023-10-26,9349
2331,精英,11,1,10,華南永昌-板橋,2023-10-26,9349
2485,兆赫,11,1,10,華南永昌-板橋,2023-10-26,9349
3704,合勤控,14,4,10,華南永昌-板橋,2023-10-26,9349
5347,世界,26,16,10,華南永昌-板橋,2023-10-26,9349
2610,華航,14,5,9,華南永昌-板橋,2023-10-26,9349
2884,玉山金,9,0,9,華南永昌-板橋,2023-10-26,9349
6125,廣運,9,0,9,華南永昌-板橋,2023-10-26,9349
8210,勤誠,9,0,9,華南永昌-板橋,2023-10-26,9349
1609,大亞,8,0,8,華南永昌-板橋,2023-10-26,9349
1453,大將,8,0,8,華南永昌-板橋,2023-10-26,9349
3325,旭品,11,3,8,華南永昌-板橋,2023-10-26,9349
3481,群創,12,4,8,華南永昌-板橋,2023-10-26,9349
4979,華星光,12,4,8,華南永昌-板橋,2023-10-26,9349
2344,華邦電,64,0,64,華南永昌-板橋,2023-10-27,9349
00637L,元大滬深300正2,50,0,50,華南永昌-板橋,2023-10-27,9349
5438,東友,40,0,40,華南永昌-板橋,2023-10-27,9349
2382,廣達,42,5,37,華南永昌-板橋,2023-10-27,9349
2630,亞航,40,3,37,華南永昌-板橋,2023-10-27,9349
3264,欣銓,46,11,35,華南永昌-板橋,2023-10-27,9349
2888,新光金,30,0,30,華南永昌-板橋,2023-10-27,9349
1514,亞力,65,42,23,華南永昌-板橋,2023-10-27,9349
2332,友訊,22,0,22,華南永昌-板橋,2023-10-27,9349
2201,裕隆,20,0,20,華南永昌-板橋,2023-10-27,9349
3231,緯創,68,49,19,華南永昌-板橋,2023-10-27,9349
00712,復華富時不動產,17,0,17,華南永昌-板橋,2023-10-27,9349
3276,宇環,18,1,17,華南永昌-板橋,2023-10-27,9349
00632R,元大台灣50反1,15,0,15,華南永昌-板橋,2023-10-27,9349
2355,敬鵬,15,0,15,華南永昌-板橋,2023-10-27,9349
8050,廣積,20,5,15,華南永昌-板橋,2023-10-27,9349
00929,復華台灣科技優息,15,2,13,華南永昌-板橋,2023-10-27,9349
00679B,元大美債20年,13,0,13,華南永昌-板橋,2023-10-27,9349
2329,華泰,28,16,12,華南永昌-板橋,2023-10-27,9349
2358,廷鑫,11,0,11,華南永昌-板橋,2023-10-27,9349
2399,映泰,12,1,11,華南永昌-板橋,2023-10-27,9349
2883,凱基金,13,2,11,華南永昌-板橋,2023-10-27,9349
4545,銘鈺,11,0,11,華南永昌-板橋,2023-10-27,9349
2303,聯電,11,0,11,華南永昌-板橋,2023-10-27,9349
2317,鴻海,12,2,10,華南永昌-板橋,2023-10-27,9349
3419,譁裕,10,0,10,華南永昌-板橋,2023-10-27,9349
5426,振發,10,0,10,華南永昌-板橋,2023-10-27,9349
6695,芯鼎,10,0,10,華南永昌-板橋,2023-10-27,9349
00706L,期元大S＆P日圓正2,9,0,9,華南永昌-板橋,2023-10-27,9349
1711,永光,10,1,9,華南永昌-板橋,2023-10-27,9349
2812,台中銀,12,3,9,華南永昌-板橋,2023-10-27,9349
2390,云辰,13,5,8,華南永昌-板橋,2023-10-27,9349
00640L,富邦日本正2,8,0,8,華南永昌-板橋,2023-10-27,9349
00919,群益台灣精選高息,8,0,8,華南永昌-板橋,2023-10-27,9349
2324,仁寶,8,0,8,華南永昌-板橋,2023-10-27,9349
5347,世界,35,27,8,華南永昌-板橋,2023-10-27,9349
8358,金居,8,0,8,華南永昌-板橋,2023-10-27,9349
3006,晶豪科,8,1,7,華南永昌-板橋,2023-10-27,9349
3033,威健,6,0,6,華南永昌-板橋,2023-10-27,9349
3701,大眾控,7,1,6,華南永昌-板橋,2023-10-27,9349
5258,虹堡,44,38,6,華南永昌-板橋,2023-10-27,9349
6134,萬旭,6,0,6,華南永昌-板橋,2023-10-27,9349
2610,華航,6,1,5,華南永昌-板橋,2023-10-27,9349
1101,台泥,5,0,5,華南永昌-板橋,2023-10-27,9349
1524,耿鼎,14,9,5,華南永昌-板橋,2023-10-27,9349
00893,國泰智能電動車,5,0,5,華南永昌-板橋,2023-10-27,9349
2233,宇隆,11,6,5,華南永昌-板橋,2023-10-27,9349
2401,凌陽,7,2,5,華南永昌-板橋,2023-10-27,9349
2457,飛宏,5,0,5,華南永昌-板橋,2023-10-27,9349
2601,益航,5,0,5,華南永昌-板橋,2023-10-27,9349
00637L,元大滬深300正2,100,3,97,華南永昌-板橋,2023-10-30,9349
4960,誠美材,92,15,77,華南永昌-板橋,2023-10-30,9349
6290,良維,122,65,57,華南永昌-板橋,2023-10-30,9349
2317,鴻海,65,14,51,華南永昌-板橋,2023-10-30,9349
3715,定穎投控,108,70,38,華南永昌-板橋,2023-10-30,9349
5392,能率,30,0,30,華南永昌-板橋,2023-10-30,9349
1514,亞力,60,32,28,華南永昌-板橋,2023-10-30,9349
2891,中信金,22,0,22,華南永昌-板橋,2023-10-30,9349
2027,大成鋼,20,0,20,華南永昌-板橋,2023-10-30,9349
9914,美利達,20,0,20,華南永昌-板橋,2023-10-30,9349
5371,中光電,34,15,19,華南永昌-板橋,2023-10-30,9349
2330,台積電,16,0,16,華南永昌-板橋,2023-10-30,9349
2885,元大金,16,0,16,華南永昌-板橋,2023-10-30,9349
2376,技嘉,23,8,15,華南永昌-板橋,2023-10-30,9349
1303,南亞,16,1,15,華南永昌-板橋,2023-10-30,9349
3444,利機,403,388,15,華南永昌-板橋,2023-10-30,9349
5438,東友,13,0,13,華南永昌-板橋,2023-10-30,9349
6016,康和證,12,0,12,華南永昌-板橋,2023-10-30,9349
6205,詮欣,12,0,12,華南永昌-板橋,2023-10-30,9349
00712,復華富時不動產,11,0,11,華南永昌-板橋,2023-10-30,9349
2303,聯電,11,1,10,華南永昌-板橋,2023-10-30,9349
1471,首利,10,0,10,華南永昌-板橋,2023-10-30,9349
1815,富喬,14,4,10,華南永昌-板橋,2023-10-30,9349
2392,正崴,10,0,10,華南永昌-板橋,2023-10-30,9349
2515,中工,10,0,10,華南永昌-板橋,2023-10-30,9349
2888,新光金,10,0,10,華南永昌-板橋,2023-10-30,9349
3231,緯創,30,21,9,華南永昌-板橋,2023-10-30,9349
00680L,元大美債20正2,9,0,9,華南永昌-板橋,2023-10-30,9349
1519,華城,9,0,9,華南永昌-板橋,2023-10-30,9349
1591,駿吉-KY,9,0,9,華南永昌-板橋,2023-10-30,9349
2883,凱基金,9,0,9,華南永昌-板橋,2023-10-30,9349
4768,晶呈科技,16,7,9,華南永昌-板橋,2023-10-30,9349
6216,居易,18,10,8,華南永昌-板橋,2023-10-30,9349
2609,陽明,9,2,7,華南永昌-板橋,2023-10-30,9349
3078,僑威,12,5,7,華南永昌-板橋,2023-10-30,9349
4162,智擎,11,4,7,華南永昌-板橋,2023-10-30,9349
5258,虹堡,13,6,7,華南永昌-板橋,2023-10-30,9349
4123,晟德,7,1,6,華南永昌-板橋,2023-10-30,9349
1314,中石化,6,0,6,華南永昌-板橋,2023-10-30,9349
5347,世界,19,13,6,華南永昌-板橋,2023-10-30,9349
6492,生華科,6,0,6,華南永昌-板橋,2023-10-30,9349
8182,加高,6,0,6,華南永昌-板橋,2023-10-30,9349
2201,裕隆,6,1,5,華南永昌-板橋,2023-10-30,9349
2889,國票金,5,0,5,華南永昌-板橋,2023-10-30,9349
3481,群創,5,0,5,華南永昌-板橋,2023-10-30,9349
5876,上海商銀,5,0,5,華南永昌-板橋,2023-10-30,9349
6015,宏遠證,5,0,5,華南永昌-板橋,2023-10-30,9349
8039,台虹,5,0,5,華南永昌-板橋,2023-10-30,9349
2301,光寶科,8,4,4,華南永昌-板橋,2023-10-30,9349
2465,麗臺,4,0,4,華南永昌-板橋,2023-10-30,9349
4960,誠美材,70,0,70,華南永昌-板橋,2023-10-31,9349
2362,藍天,60,0,60,華南永昌-板橋,2023-10-31,9349
2412,中華電,52,0,52,華南永昌-板橋,2023-10-31,9349
00637L,元大滬深300正2,50,0,50,華南永昌-板橋,2023-10-31,9349
3444,利機,215,173,42,華南永昌-板橋,2023-10-31,9349
2313,華通,50,11,39,華南永昌-板橋,2023-10-31,9349
6290,良維,67,35,32,華南永昌-板橋,2023-10-31,9349
2401,凌陽,31,0,31,華南永昌-板橋,2023-10-31,9349
2301,光寶科,34,5,29,華南永昌-板橋,2023-10-31,9349
2329,華泰,51,26,25,華南永昌-板橋,2023-10-31,9349
1514,亞力,62,38,24,華南永昌-板橋,2023-10-31,9349
00929,復華台灣科技優息,30,6,24,華南永昌-板橋,2023-10-31,9349
00878,國泰永續高股息,21,0,21,華南永昌-板橋,2023-10-31,9349
3325,旭品,21,2,19,華南永昌-板橋,2023-10-31,9349
1591,駿吉-KY,51,34,17,華南永昌-板橋,2023-10-31,9349
2888,新光金,21,5,16,華南永昌-板橋,2023-10-31,9349
1584,精剛,16,0,16,華南永昌-板橋,2023-10-31,9349
8227,巨有科技,16,2,14,華南永昌-板橋,2023-10-31,9349
2330,台積電,13,0,13,華南永昌-板橋,2023-10-31,9349
1513,中興電,12,0,12,華南永昌-板橋,2023-10-31,9349
1605,華新,12,0,12,華南永昌-板橋,2023-10-31,9349
1815,富喬,13,1,12,華南永昌-板橋,2023-10-31,9349
5356,協益,12,0,12,華南永昌-板橋,2023-10-31,9349
6541,泰福-KY,13,1,12,華南永昌-板橋,2023-10-31,9349
1301,台塑,11,0,11,華南永昌-板橋,2023-10-31,9349
00720B,元大投資級公司債,11,0,11,華南永昌-板橋,2023-10-31,9349
2417,圓剛,14,4,10,華南永昌-板橋,2023-10-31,9349
6235,華孚,18,8,10,華南永昌-板橋,2023-10-31,9349
1785,光洋科,12,2,10,華南永昌-板橋,2023-10-31,9349
2851,中再保,10,0,10,華南永昌-板橋,2023-10-31,9349
2890,永豐金,10,0,10,華南永昌-板橋,2023-10-31,9349
4967,十銓,22,12,10,華南永昌-板橋,2023-10-31,9349
5347,世界,11,1,10,華南永昌-板橋,2023-10-31,9349
5438,東友,10,0,10,華南永昌-板橋,2023-10-31,9349
8240,華宏,10,0,10,華南永昌-板橋,2023-10-31,9349
2303,聯電,11,2,9,華南永昌-板橋,2023-10-31,9349
00669R,國泰美國道瓊反1,9,0,9,華南永昌-板橋,2023-10-31,9349
3587,閎康,10,1,9,華南永昌-板橋,2023-10-31,9349
6550,北極星藥業-KY,10,1,9,華南永昌-板橋,2023-10-31,9349
00919,群益台灣精選高息,9,0,9,華南永昌-板橋,2023-10-31,9349
2615,萬海,18,10,8,華南永昌-板橋,2023-10-31,9349
00932,兆豐永續高息等權,8,0,8,華南永昌-板橋,2023-10-31,9349
2066,世德,8,0,8,華南永昌-板橋,2023-10-31,9349
2427,三商電,13,5,8,華南永昌-板橋,2023-10-31,9349
2610,華航,10,2,8,華南永昌-板橋,2023-10-31,9349
6282,康舒,8,0,8,華南永昌-板橋,2023-10-31,9349
2344,華邦電,13,5,8,華南永昌-板橋,2023-10-31,9349
2376,技嘉,11,4,7,華南永昌-板橋,2023-10-31,9349
2883,凱基金,7,0,7,華南永昌-板橋,2023-10-31,9349
2465,麗臺,7,0,7,華南永昌-板橋,2023-10-31,9349
00720B,元大投資級公司債,602,0,602,華南永昌-板橋,2023-11-01,9349
3481,群創,57,1,56,華南永昌-板橋,2023-11-01,9349
4566,時碩工業,56,0,56,華南永昌-板橋,2023-11-01,9349
1514,亞力,55,10,45,華南永昌-板橋,2023-11-01,9349
8054,安國,44,4,40,華南永昌-板橋,2023-11-01,9349
2610,華航,41,5,36,華南永昌-板橋,2023-11-01,9349
5215,科嘉-KY,30,1,29,華南永昌-板橋,2023-11-01,9349
6148,驊宏資,26,0,26,華南永昌-板橋,2023-11-01,9349
00680L,元大美債20正2,24,0,24,華南永昌-板橋,2023-11-01,9349
00878,國泰永續高股息,29,6,23,華南永昌-板橋,2023-11-01,9349
2618,長榮航,56,33,23,華南永昌-板橋,2023-11-01,9349
00679B,元大美債20年,23,0,23,華南永昌-板橋,2023-11-01,9349
6901,鑽石投資,23,0,23,華南永昌-板橋,2023-11-01,9349
6191,精成科,31,10,21,華南永昌-板橋,2023-11-01,9349
3325,旭品,20,0,20,華南永昌-板橋,2023-11-01,9349
3419,譁裕,20,0,20,華南永昌-板橋,2023-11-01,9349
9921,巨大,20,0,20,華南永昌-板橋,2023-11-01,9349
00929,復華台灣科技優息,18,1,17,華南永昌-板橋,2023-11-01,9349
4915,致伸,20,5,15,華南永昌-板橋,2023-11-01,9349
2369,菱生,16,1,15,華南永昌-板橋,2023-11-01,9349
8227,巨有科技,30,15,15,華南永昌-板橋,2023-11-01,9349
2409,友達,16,2,14,華南永昌-板橋,2023-11-01,9349
6443,元晶,13,0,13,華南永昌-板橋,2023-11-01,9349
2401,凌陽,13,0,13,華南永昌-板橋,2023-11-01,9349
3444,利機,169,156,13,華南永昌-板橋,2023-11-01,9349
2367,燿華,12,0,12,華南永昌-板橋,2023-11-01,9349
2358,廷鑫,26,15,11,華南永昌-板橋,2023-11-01,9349
3003,健和興,11,0,11,華南永昌-板橋,2023-11-01,9349
1217,愛之味,10,0,10,華南永昌-板橋,2023-11-01,9349
2362,藍天,10,0,10,華南永昌-板橋,2023-11-01,9349
2743,山富,28,18,10,華南永昌-板橋,2023-11-01,9349
5381,合正,10,0,10,華南永昌-板橋,2023-11-01,9349
6269,台郡,10,0,10,華南永昌-板橋,2023-11-01,9349
8088,品安,10,0,10,華南永昌-板橋,2023-11-01,9349
2887,台新金,9,0,9,華南永昌-板橋,2023-11-01,9349
2329,華泰,24,15,9,華南永昌-板橋,2023-11-01,9349
6016,康和證,8,0,8,華南永昌-板橋,2023-11-01,9349
2303,聯電,16,9,7,華南永昌-板橋,2023-11-01,9349
3231,緯創,28,21,7,華南永昌-板橋,2023-11-01,9349
6168,宏齊,7,0,7,華南永昌-板橋,2023-11-01,9349
8039,台虹,7,0,7,華南永昌-板橋,2023-11-01,9349
2317,鴻海,15,9,6,華南永昌-板橋,2023-11-01,9349
2465,麗臺,7,1,6,華南永昌-板橋,2023-11-01,9349
0050,元大台灣50,5,0,5,華南永昌-板橋,2023-11-01,9349
3260,威剛,7,2,5,華南永昌-板橋,2023-11-01,9349
1471,首利,5,0,5,華南永昌-板橋,2023-11-01,9349
2427,三商電,5,0,5,華南永昌-板橋,2023-11-01,9349
3701,大眾控,10,5,5,華南永昌-板橋,2023-11-01,9349
6216,居易,6,1,5,華南永昌-板橋,2023-11-01,9349
6274,台燿,7,2,5,華南永昌-板橋,2023-11-01,9349
3715,定穎投控,453,71,382,華南永昌-板橋,2023-11-02,9349
2374,佳能,78,5,73,華南永昌-板橋,2023-11-02,9349
2883,凱基金,52,2,50,華南永昌-板橋,2023-11-02,9349
00679B,元大美債20年,46,0,46,華南永昌-板橋,2023-11-02,9349
2362,藍天,26,0,26,華南永昌-板橋,2023-11-02,9349
8054,安國,33,9,24,華南永昌-板橋,2023-11-02,9349
1514,亞力,48,25,23,華南永昌-板橋,2023-11-02,9349
2367,燿華,31,8,23,華南永昌-板橋,2023-11-02,9349
6719,力智,20,0,20,華南永昌-板橋,2023-11-02,9349
8110,華東,20,0,20,華南永昌-板橋,2023-11-02,9349
2363,矽統,52,33,19,華南永昌-板橋,2023-11-02,9349
2618,長榮航,40,23,17,華南永昌-板橋,2023-11-02,9349
2543,皇昌,18,1,17,華南永昌-板橋,2023-11-02,9349
5356,協益,15,0,15,華南永昌-板橋,2023-11-02,9349
9105,泰金寶-DR,13,0,13,華南永昌-板橋,2023-11-02,9349
4130,健亞,12,0,12,華南永昌-板橋,2023-11-02,9349
5425,台半,12,0,12,華南永昌-板橋,2023-11-02,9349
3003,健和興,11,0,11,華南永昌-板橋,2023-11-02,9349
5392,能率,11,0,11,華南永昌-板橋,2023-11-02,9349
1313,聯成,10,0,10,華南永昌-板橋,2023-11-02,9349
00935,野村臺灣新科技50,10,0,10,華南永昌-板橋,2023-11-02,9349
2382,廣達,35,25,10,華南永昌-板橋,2023-11-02,9349
3591,艾笛森,10,0,10,華南永昌-板橋,2023-11-02,9349
4566,時碩工業,10,0,10,華南永昌-板橋,2023-11-02,9349
5512,力麒,10,0,10,華南永昌-板橋,2023-11-02,9349
8409,商之器,10,0,10,華南永昌-板橋,2023-11-02,9349
8940,新天地,10,0,10,華南永昌-板橋,2023-11-02,9349
6531,愛普*,17,7,10,華南永昌-板橋,2023-11-02,9349
3078,僑威,10,1,9,華南永昌-板橋,2023-11-02,9349
5351,鈺創,10,1,9,華南永昌-板橋,2023-11-02,9349
2732,六角,8,0,8,華南永昌-板橋,2023-11-02,9349
2328,廣宇,7,0,7,華南永昌-板橋,2023-11-02,9349
3672,康聯訊,10,3,7,華南永昌-板橋,2023-11-02,9349
2376,技嘉,28,22,6,華南永昌-板橋,2023-11-02,9349
00632R,元大台灣50反1,6,0,6,華南永昌-板橋,2023-11-02,9349
6138,茂達,6,0,6,華南永昌-板橋,2023-11-02,9349
6770,力積電,6,0,6,華南永昌-板橋,2023-11-02,9349
6732,昇佳電子,10,4,6,華南永昌-板橋,2023-11-02,9349
3702,大聯大,15,10,5,華南永昌-板橋,2023-11-02,9349
1453,大將,5,0,5,華南永昌-板橋,2023-11-02,9349
2344,華邦電,7,2,5,華南永昌-板橋,2023-11-02,9349
2845,遠東銀,5,0,5,華南永昌-板橋,2023-11-02,9349
2883B,凱基金乙特,5,0,5,華南永昌-板橋,2023-11-02,9349
2889,國票金,5,0,5,華南永昌-板橋,2023-11-02,9349
2891,中信金,5,0,5,華南永昌-板橋,2023-11-02,9349
3481,群創,15,10,5,華南永昌-板橋,2023-11-02,9349
4960,誠美材,5,0,5,華南永昌-板橋,2023-11-02,9349
6187,萬潤,5,0,5,華南永昌-板橋,2023-11-02,9349
8150,南茂,13,8,5,華南永昌-板橋,2023-11-02,9349
9938,百和,5,0,5,華南永昌-板橋,2023-11-02,9349
2376,技嘉,80,40,40,華南永昌-板橋,2023-11-03,9349
2358,廷鑫,37,0,37,華南永昌-板橋,2023-11-03,9349
5353,台林,35,0,35,華南永昌-板橋,2023-11-03,9349
4967,十銓,81,54,27,華南永昌-板橋,2023-11-03,9349
8227,巨有科技,35,13,22,華南永昌-板橋,2023-11-03,9349
00713,元大台灣高息低波,20,0,20,華南永昌-板橋,2023-11-03,9349
3419,譁裕,20,0,20,華南永昌-板橋,2023-11-03,9349
4746,台耀,20,0,20,華南永昌-板橋,2023-11-03,9349
6470,宇智,20,0,20,華南永昌-板橋,2023-11-03,9349
00929,復華台灣科技優息,24,5,19,華南永昌-板橋,2023-11-03,9349
6290,良維,20,1,19,華南永昌-板橋,2023-11-03,9349
8150,南茂,26,8,18,華南永昌-板橋,2023-11-03,9349
00934,中信成長高股息,15,0,15,華南永昌-板橋,2023-11-03,9349
2515,中工,15,1,14,華南永昌-板橋,2023-11-03,9349
2356,英業達,15,2,13,華南永昌-板橋,2023-11-03,9349
00679B,元大美債20年,13,1,12,華南永昌-板橋,2023-11-03,9349
2498,宏達電,13,1,12,華南永昌-板橋,2023-11-03,9349
2743,山富,12,0,12,華南永昌-板橋,2023-11-03,9349
3122,笙泉,13,1,12,華南永昌-板橋,2023-11-03,9349
2379,瑞昱,11,0,11,華南永昌-板橋,2023-11-03,9349
1471,首利,10,0,10,華南永昌-板橋,2023-11-03,9349
2323,中環,9,0,9,華南永昌-板橋,2023-11-03,9349
00902,中信電池及儲能,8,0,8,華南永昌-板橋,2023-11-03,9349
2383,台光電,9,1,8,華南永昌-板橋,2023-11-03,9349
3687,歐買尬,8,0,8,華南永昌-板橋,2023-11-03,9349
2330,台積電,10,2,8,華南永昌-板橋,2023-11-03,9349
2230,泰茂,15,8,7,華南永昌-板橋,2023-11-03,9349
2607,榮運,7,0,7,華南永昌-板橋,2023-11-03,9349
5347,世界,7,0,7,華南永昌-板橋,2023-11-03,9349
3003,健和興,6,0,6,華南永昌-板橋,2023-11-03,9349
6235,華孚,7,1,6,華南永昌-板橋,2023-11-03,9349
2458,義隆,5,0,5,華南永昌-板橋,2023-11-03,9349
8046,南電,8,3,5,華南永昌-板橋,2023-11-03,9349
1453,大將,5,0,5,華南永昌-板橋,2023-11-03,9349
2476,鉅祥,5,0,5,華南永昌-板橋,2023-11-03,9349
2801,彰銀,5,0,5,華南永昌-板橋,2023-11-03,9349
5210,寶碩,5,0,5,華南永昌-板橋,2023-11-03,9349
8358,金居,6,1,5,華南永昌-板橋,2023-11-03,9349
00720B,元大投資級公司債,5,1,4,華南永昌-板橋,2023-11-03,9349
2453,凌群,8,4,4,華南永昌-板橋,2023-11-03,9349
3653,健策,4,0,4,華南永昌-板橋,2023-11-03,9349
4906,正文,4,0,4,華南永昌-板橋,2023-11-03,9349
6274,台燿,20,16,4,華南永昌-板橋,2023-11-03,9349
6550,北極星藥業-KY,4,0,4,華南永昌-板橋,2023-11-03,9349
6690,安�硌穈T,4,0,4,華南永昌-板橋,2023-11-03,9349
6712,長聖,4,0,4,華南永昌-板橋,2023-11-03,9349
8072,陞泰,4,0,4,華南永昌-板橋,2023-11-03,9349
8110,華東,5,1,4,華南永昌-板橋,2023-11-03,9349
8924,大田,4,0,4,華南永昌-板橋,2023-11-03,9349
8048,德勝,3,0,3,華南永昌-板橋,2023-11-03,9349
00637L,元大滬深300正2,100,0,100,華南永昌-板橋,2023-11-06,9349
4960,誠美材,62,0,62,華南永昌-板橋,2023-11-06,9349
2363,矽統,196,142,54,華南永昌-板橋,2023-11-06,9349
3290,東浦,42,0,42,華南永昌-板橋,2023-11-06,9349
6290,良維,38,0,38,華南永昌-板橋,2023-11-06,9349
2486,一詮,23,1,22,華南永昌-板橋,2023-11-06,9349
2331,精英,20,0,20,華南永昌-板橋,2023-11-06,9349
4746,台耀,34,15,19,華南永昌-板橋,2023-11-06,9349
8054,安國,23,4,19,華南永昌-板橋,2023-11-06,9349
8050,廣積,17,0,17,華南永昌-板橋,2023-11-06,9349
1721,三晃,16,0,16,華南永昌-板橋,2023-11-06,9349
4545,銘鈺,15,0,15,華南永昌-板橋,2023-11-06,9349
3362,先進光,15,0,15,華南永昌-板橋,2023-11-06,9349
2312,金寶,15,1,14,華南永昌-板橋,2023-11-06,9349
2618,長榮航,41,28,13,華南永昌-板橋,2023-11-06,9349
3483,力致,14,1,13,華南永昌-板橋,2023-11-06,9349
2344,華邦電,13,1,12,華南永昌-板橋,2023-11-06,9349
2313,華通,17,6,11,華南永昌-板橋,2023-11-06,9349
3088,艾訊,11,0,11,華南永昌-板橋,2023-11-06,9349
6274,台燿,12,1,11,華南永昌-板橋,2023-11-06,9349
00931B,統一美債20年,10,0,10,華南永昌-板橋,2023-11-06,9349
3036A,文曄甲特,10,0,10,華南永昌-板橋,2023-11-06,9349
4532,瑞智,10,0,10,華南永昌-板橋,2023-11-06,9349
8039,台虹,10,0,10,華南永昌-板橋,2023-11-06,9349
2812,台中銀,10,1,9,華南永昌-板橋,2023-11-06,9349
2390,云辰,9,0,9,華南永昌-板橋,2023-11-06,9349
8088,品安,10,1,9,華南永昌-板橋,2023-11-06,9349
5439,高技,18,10,8,華南永昌-板橋,2023-11-06,9349
2891,中信金,11,3,8,華南永昌-板橋,2023-11-06,9349
2408,南亞科,7,0,7,華南永昌-板橋,2023-11-06,9349
3526,凡甲,8,1,7,華南永昌-板橋,2023-11-06,9349
1314,中石化,6,0,6,華南永昌-板橋,2023-11-06,9349
1524,耿鼎,8,2,6,華南永昌-板橋,2023-11-06,9349
1584,精剛,8,2,6,華南永昌-板橋,2023-11-06,9349
2491,吉祥全,6,0,6,華南永昌-板橋,2023-11-06,9349
3537,堡達,6,0,6,華南永昌-板橋,2023-11-06,9349
6143,振曜,7,1,6,華南永昌-板橋,2023-11-06,9349
2303,聯電,30,25,5,華南永昌-板橋,2023-11-06,9349
00712,復華富時不動產,6,1,5,華南永昌-板橋,2023-11-06,9349
00719B,元大美債1-3,5,0,5,華南永昌-板橋,2023-11-06,9349
00772B,中信高評級公司債,5,0,5,華南永昌-板橋,2023-11-06,9349
2337,旺宏,5,0,5,華南永昌-板橋,2023-11-06,9349
2358,廷鑫,5,0,5,華南永昌-板橋,2023-11-06,9349
3227,原相,10,5,5,華南永昌-板橋,2023-11-06,9349
3306,鼎天,6,1,5,華南永昌-板橋,2023-11-06,9349
3346,麗清,5,0,5,華南永昌-板橋,2023-11-06,9349
5301,寶得利,5,0,5,華南永昌-板橋,2023-11-06,9349
2731,雄獅,5,0,5,華南永昌-板橋,2023-11-06,9349
8150,南茂,5,0,5,華南永昌-板橋,2023-11-06,9349
00919,群益台灣精選高息,5,1,4,華南永昌-板橋,2023-11-06,9349
1102,亞泥,60,0,60,華南永昌-板橋,2023-11-07,9349
2504,國產,47,0,47,華南永昌-板橋,2023-11-07,9349
4768,晶呈科技,68,37,31,華南永昌-板橋,2023-11-07,9349
2743,山富,34,4,30,華南永昌-板橋,2023-11-07,9349
2634,漢翔,30,1,29,華南永昌-板橋,2023-11-07,9349
1789,神隆,30,1,29,華南永昌-板橋,2023-11-07,9349
6290,良維,76,47,29,華南永昌-板橋,2023-11-07,9349
8054,安國,30,2,28,華南永昌-板橋,2023-11-07,9349
2002,中鋼,26,1,25,華南永昌-板橋,2023-11-07,9349
1217,愛之味,23,0,23,華南永昌-板橋,2023-11-07,9349
3705,永信,23,0,23,華南永昌-板橋,2023-11-07,9349
2332,友訊,20,0,20,華南永昌-板橋,2023-11-07,9349
3002,歐格,20,0,20,華南永昌-板橋,2023-11-07,9349
4746,台耀,20,0,20,華南永昌-板橋,2023-11-07,9349
4967,十銓,39,21,18,華南永昌-板橋,2023-11-07,9349
3290,東浦,15,0,15,華南永昌-板橋,2023-11-07,9349
2317,鴻海,14,0,14,華南永昌-板橋,2023-11-07,9349
00929,復華台灣科技優息,26,12,14,華南永昌-板橋,2023-11-07,9349
2401,凌陽,38,25,13,華南永昌-板橋,2023-11-07,9349
00919,群益台灣精選高息,12,0,12,華南永昌-板橋,2023-11-07,9349
3545,敦泰,18,6,12,華南永昌-板橋,2023-11-07,9349
1568,倉佑,10,0,10,華南永昌-板橋,2023-11-07,9349
1783,和康生,10,0,10,華南永昌-板橋,2023-11-07,9349
2457,飛宏,10,0,10,華南永昌-板橋,2023-11-07,9349
5011,久陽,10,0,10,華南永昌-板橋,2023-11-07,9349
6191,精成科,11,1,10,華南永昌-板橋,2023-11-07,9349
2312,金寶,10,1,9,華南永昌-板橋,2023-11-07,9349
8358,金居,9,0,9,華南永昌-板橋,2023-11-07,9349
2618,長榮航,36,27,9,華南永昌-板橋,2023-11-07,9349
00638R,元大滬深300反1,8,0,8,華南永昌-板橋,2023-11-07,9349
00632R,元大台灣50反1,8,0,8,華南永昌-板橋,2023-11-07,9349
2486,一詮,9,1,8,華南永昌-板橋,2023-11-07,9349
00720B,元大投資級公司債,7,0,7,華南永昌-板橋,2023-11-07,9349
00772B,中信高評級公司債,7,0,7,華南永昌-板橋,2023-11-07,9349
3346,麗清,7,0,7,華南永昌-板橋,2023-11-07,9349
3481,群創,9,2,7,華南永昌-板橋,2023-11-07,9349
4142,國光生,7,0,7,華南永昌-板橋,2023-11-07,9349
00764B,群益25年美債,6,0,6,華南永昌-板橋,2023-11-07,9349
1591,駿吉-KY,6,0,6,華南永昌-板橋,2023-11-07,9349
1731,美吾華,6,0,6,華南永昌-板橋,2023-11-07,9349
2427,三商電,6,0,6,華南永昌-板橋,2023-11-07,9349
3013,晟銘電,8,2,6,華南永昌-板橋,2023-11-07,9349
3362,先進光,6,0,6,華南永昌-板橋,2023-11-07,9349
3376,新日興,10,4,6,華南永昌-板橋,2023-11-07,9349
2388,威盛,16,11,5,華南永昌-板橋,2023-11-07,9349
8069,元太,20,15,5,華南永昌-板橋,2023-11-07,9349
00648R,元大S＆P500反1,5,0,5,華南永昌-板橋,2023-11-07,9349
00934,中信成長高股息,5,0,5,華南永昌-板橋,2023-11-07,9349
1449,佳和,5,0,5,華南永昌-板橋,2023-11-07,9349
2358,廷鑫,5,0,5,華南永昌-板橋,2023-11-07,9349
3682,亞太電,120,0,120,華南永昌-板橋,2023-11-08,9349
2363,矽統,126,46,80,華南永昌-板橋,2023-11-08,9349
2409,友達,77,1,76,華南永昌-板橋,2023-11-08,9349
3231,緯創,145,78,67,華南永昌-板橋,2023-11-08,9349
6290,良維,97,31,66,華南永昌-板橋,2023-11-08,9349
00715L,期街口布蘭特正2,39,0,39,華南永昌-板橋,2023-11-08,9349
4967,十銓,57,26,31,華南永昌-板橋,2023-11-08,9349
5608,四維航,27,0,27,華南永昌-板橋,2023-11-08,9349
2303,聯電,34,10,24,華南永昌-板橋,2023-11-08,9349
3005,神基,30,6,24,華南永昌-板橋,2023-11-08,9349
2884,玉山金,23,0,23,華南永昌-板橋,2023-11-08,9349
2838,聯邦銀,22,0,22,華南永昌-板橋,2023-11-08,9349
3706,神達,25,3,22,華南永昌-板橋,2023-11-08,9349
4960,誠美材,21,0,21,華南永昌-板橋,2023-11-08,9349
2618,長榮航,67,47,20,華南永昌-板橋,2023-11-08,9349
6224,聚鼎,20,0,20,華南永昌-板橋,2023-11-08,9349
1514,亞力,18,0,18,華南永昌-板橋,2023-11-08,9349
2388,威盛,48,30,18,華南永昌-板橋,2023-11-08,9349
2610,華航,27,9,18,華南永昌-板橋,2023-11-08,9349
2801,彰銀,15,0,15,華南永昌-板橋,2023-11-08,9349
6799,來頡,15,0,15,華南永昌-板橋,2023-11-08,9349
1815,富喬,17,2,15,華南永昌-板橋,2023-11-08,9349
6237,驊訊,14,1,13,華南永昌-板橋,2023-11-08,9349
3056,富華新,11,0,11,華南永昌-板橋,2023-11-08,9349
2890,永豐金,20,9,11,華南永昌-板橋,2023-11-08,9349
2230,泰茂,10,0,10,華南永昌-板橋,2023-11-08,9349
2344,華邦電,10,0,10,華南永昌-板橋,2023-11-08,9349
2812,台中銀,10,0,10,華南永昌-板橋,2023-11-08,9349
6125,廣運,10,0,10,華南永昌-板橋,2023-11-08,9349
6269,台郡,10,0,10,華南永昌-板橋,2023-11-08,9349
2337,旺宏,10,1,9,華南永昌-板橋,2023-11-08,9349
3037,欣興,9,0,9,華南永昌-板橋,2023-11-08,9349
5347,世界,9,0,9,華南永昌-板橋,2023-11-08,9349
8240,華宏,9,0,9,華南永昌-板橋,2023-11-08,9349
1568,倉佑,8,0,8,華南永昌-板橋,2023-11-08,9349
2327,國巨,10,2,8,華南永昌-板橋,2023-11-08,9349
8111,立��,8,0,8,華南永昌-板橋,2023-11-08,9349
8299,群聯,7,0,7,華南永昌-板橋,2023-11-08,9349
00687B,國泰20年美債,8,1,7,華南永昌-板橋,2023-11-08,9349
2355,敬鵬,7,0,7,華南永昌-板橋,2023-11-08,9349
2401,凌陽,12,5,7,華南永昌-板橋,2023-11-08,9349
2488,漢平,7,0,7,華南永昌-板橋,2023-11-08,9349
6485,點序,7,0,7,華南永昌-板橋,2023-11-08,9349
3034,聯詠,9,3,6,華南永昌-板橋,2023-11-08,9349
00936,台新永續高息中小,6,0,6,華南永昌-板橋,2023-11-08,9349
2530,華建,19,13,6,華南永昌-板橋,2023-11-08,9349
4167,松瑞藥,7,1,6,華南永昌-板橋,2023-11-08,9349
8358,金居,7,1,6,華南永昌-板橋,2023-11-08,9349
1303,南亞,5,0,5,華南永昌-板橋,2023-11-08,9349
1609,大亞,6,1,5,華南永昌-板橋,2023-11-08,9349
3444,利機,385,191,194,華南永昌-板橋,2023-11-09,9349
00936,台新永續高息中小,157,1,156,華南永昌-板橋,2023-11-09,9349
2377,微星,80,0,80,華南永昌-板橋,2023-11-09,9349
4960,誠美材,60,0,60,華南永昌-板橋,2023-11-09,9349
8105,凌巨,55,0,55,華南永昌-板橋,2023-11-09,9349
2374,佳能,42,0,42,華南永昌-板橋,2023-11-09,9349
2329,華泰,74,37,37,華南永昌-板橋,2023-11-09,9349
2610,華航,24,1,23,華南永昌-板橋,2023-11-09,9349
00688L,國泰20年美債正2,20,0,20,華南永昌-板橋,2023-11-09,9349
6470,宇智,20,0,20,華南永昌-板橋,2023-11-09,9349
3325,旭品,19,0,19,華南永昌-板橋,2023-11-09,9349
1101,台泥,16,0,16,華南永昌-板橋,2023-11-09,9349
00715L,期街口布蘭特正2,15,0,15,華南永昌-板橋,2023-11-09,9349
2027,大成鋼,15,0,15,華南永昌-板橋,2023-11-09,9349
00929,復華台灣科技優息,23,10,13,華南永昌-板橋,2023-11-09,9349
5608,四維航,11,0,11,華南永昌-板橋,2023-11-09,9349
1314,中石化,10,0,10,華南永昌-板橋,2023-11-09,9349
2356,英業達,10,0,10,華南永昌-板橋,2023-11-09,9349
3028,增你強,10,0,10,華南永昌-板橋,2023-11-09,9349
4977,眾達-KY,10,0,10,華南永昌-板橋,2023-11-09,9349
5347,世界,10,0,10,華南永昌-板橋,2023-11-09,9349
6120,達運,10,0,10,華南永昌-板橋,2023-11-09,9349
6133,金橋,10,0,10,華南永昌-板橋,2023-11-09,9349
8054,安國,10,0,10,華南永昌-板橋,2023-11-09,9349
2402,毅嘉,9,0,9,華南永昌-板橋,2023-11-09,9349
2427,三商電,9,0,9,華南永昌-板橋,2023-11-09,9349
3356,奇偶,9,0,9,華南永昌-板橋,2023-11-09,9349
6187,萬潤,9,0,9,華南永昌-板橋,2023-11-09,9349
3043,科風,9,1,8,華南永昌-板橋,2023-11-09,9349
1815,富喬,7,0,7,華南永昌-板橋,2023-11-09,9349
2890,永豐金,10,3,7,華南永昌-板橋,2023-11-09,9349
3587,閎康,7,0,7,華南永昌-板橋,2023-11-09,9349
3680,家登,7,0,7,華南永昌-板橋,2023-11-09,9349
5312,寶島科,7,0,7,華南永昌-板橋,2023-11-09,9349
00639,富邦深100,6,0,6,華南永昌-板橋,2023-11-09,9349
2323,中環,6,0,6,華南永昌-板橋,2023-11-09,9349
2468,華經,6,0,6,華南永昌-板橋,2023-11-09,9349
3105,穩懋,6,0,6,華南永昌-板橋,2023-11-09,9349
6491,晶碩,11,5,6,華南永昌-板橋,2023-11-09,9349
8150,南茂,6,0,6,華南永昌-板橋,2023-11-09,9349
00878,國泰永續高股息,8,2,6,華南永昌-板橋,2023-11-09,9349
00933B,國泰10Y+金融債,5,0,5,華南永昌-板橋,2023-11-09,9349
00925,新光標普電動車,5,0,5,華南永昌-板橋,2023-11-09,9349
2399,映泰,5,0,5,華南永昌-板橋,2023-11-09,9349
2812,台中銀,5,0,5,華南永昌-板橋,2023-11-09,9349
2885,元大金,5,0,5,華南永昌-板橋,2023-11-09,9349
3041,揚智,9,4,5,華南永昌-板橋,2023-11-09,9349
3094,聯傑,5,0,5,華南永昌-板橋,2023-11-09,9349
4157,太景*-KY,5,0,5,華南永昌-板橋,2023-11-09,9349
4167,松瑞藥,5,0,5,華南永昌-板橋,2023-11-09,9349
6016,康和證,77,3,74,華南永昌-板橋,2023-11-10,9349
2382,廣達,78,5,73,華南永昌-板橋,2023-11-10,9349
8105,凌巨,65,0,65,華南永昌-板橋,2023-11-10,9349
00936,台新永續高息中小,53,0,53,華南永昌-板橋,2023-11-10,9349
2615,萬海,48,0,48,華南永昌-板橋,2023-11-10,9349
2610,華航,41,2,39,華南永昌-板橋,2023-11-10,9349
2618,長榮航,42,10,32,華南永昌-板橋,2023-11-10,9349
3231,緯創,51,24,27,華南永昌-板橋,2023-11-10,9349
6116,彩晶,27,2,25,華南永昌-板橋,2023-11-10,9349
3444,利機,415,393,22,華南永昌-板橋,2023-11-10,9349
2367,燿華,21,0,21,華南永昌-板橋,2023-11-10,9349
00892,富邦台灣半導體,20,0,20,華南永昌-板橋,2023-11-10,9349
3006,晶豪科,20,0,20,華南永昌-板橋,2023-11-10,9349
1591,駿吉-KY,18,0,18,華南永昌-板橋,2023-11-10,9349
2329,華泰,58,40,18,華南永昌-板橋,2023-11-10,9349
3313,斐成,16,0,16,華南永昌-板橋,2023-11-10,9349
4119,旭富,16,0,16,華南永昌-板橋,2023-11-10,9349
4967,十銓,100,84,16,華南永昌-板橋,2023-11-10,9349
1460,宏遠,15,0,15,華南永昌-板橋,2023-11-10,9349
6550,北極星藥業-KY,15,0,15,華南永昌-板橋,2023-11-10,9349
4768,晶呈科技,14,0,14,華南永昌-板橋,2023-11-10,9349
6806,森崴能源,15,1,14,華南永昌-板橋,2023-11-10,9349
00919,群益台灣精選高息,11,0,11,華南永昌-板橋,2023-11-10,9349
00680L,元大美債20正2,11,0,11,華南永昌-板橋,2023-11-10,9349
00933B,國泰10Y+金融債,10,0,10,華南永昌-板橋,2023-11-10,9349
00712,復華富時不動產,10,0,10,華南永昌-板橋,2023-11-10,9349
3325,旭品,10,0,10,華南永昌-板橋,2023-11-10,9349
00715L,期街口布蘭特正2,10,0,10,華南永昌-板橋,2023-11-10,9349
1909,榮成,10,0,10,華南永昌-板橋,2023-11-10,9349
2201,裕隆,10,0,10,華南永昌-板橋,2023-11-10,9349
6104,創惟,12,2,10,華南永昌-板橋,2023-11-10,9349
8034,榮群,21,12,9,華南永昌-板橋,2023-11-10,9349
8358,金居,9,0,9,華南永昌-板橋,2023-11-10,9349
8054,安國,8,0,8,華南永昌-板橋,2023-11-10,9349
6274,台燿,8,1,7,華南永昌-板橋,2023-11-10,9349
1324,地球,7,0,7,華南永昌-板橋,2023-11-10,9349
3055,蔚華科,7,0,7,華南永昌-板橋,2023-11-10,9349
3481,群創,7,0,7,華南永昌-板橋,2023-11-10,9349
4401,東隆興,7,0,7,華南永昌-板橋,2023-11-10,9349
8410,森田,7,0,7,華南永昌-板橋,2023-11-10,9349
2603,長榮,7,0,7,華南永昌-板橋,2023-11-10,9349
00687B,國泰20年美債,6,0,6,華南永昌-板橋,2023-11-10,9349
2022,聚亨,6,0,6,華南永昌-板橋,2023-11-10,9349
2465,麗臺,8,2,6,華南永昌-板橋,2023-11-10,9349
3059,華晶科,6,0,6,華南永昌-板橋,2023-11-10,9349
4979,華星光,6,0,6,華南永昌-板橋,2023-11-10,9349
2344,華邦電,5,0,5,華南永昌-板橋,2023-11-10,9349
3483,力致,8,3,5,華南永昌-板橋,2023-11-10,9349
2889,國票金,5,0,5,華南永昌-板橋,2023-11-10,9349
00679B,元大美債20年,5,0,5,華南永昌-板橋,2023-11-10,9349
2892,第一金,121,0,121,華南永昌-板橋,2023-11-13,9349
00878,國泰永續高股息,81,5,76,華南永昌-板橋,2023-11-13,9349
0056,元大高股息,60,2,58,華南永昌-板橋,2023-11-13,9349
5392,能率,50,0,50,華南永昌-板橋,2023-11-13,9349
2349,錸德,41,0,41,華南永昌-板橋,2023-11-13,9349
2382,廣達,56,16,40,華南永昌-板橋,2023-11-13,9349
00929,復華台灣科技優息,41,2,39,華南永昌-板橋,2023-11-13,9349
2618,長榮航,79,41,38,華南永昌-板橋,2023-11-13,9349
2368,金像電,39,3,36,華南永昌-板橋,2023-11-13,9349
2377,微星,21,0,21,華南永昌-板橋,2023-11-13,9349
2485,兆赫,21,0,21,華南永昌-板橋,2023-11-13,9349
2312,金寶,20,0,20,華南永昌-板橋,2023-11-13,9349
00639,富邦深100,20,0,20,華南永昌-板橋,2023-11-13,9349
2405,輔信,20,0,20,華南永昌-板橋,2023-11-13,9349
2851,中再保,20,0,20,華南永昌-板橋,2023-11-13,9349
8936,國統,26,7,19,華南永昌-板橋,2023-11-13,9349
6901,鑽石投資,25,7,18,華南永昌-板橋,2023-11-13,9349
3078,僑威,18,1,17,華南永昌-板橋,2023-11-13,9349
6133,金橋,18,1,17,華南永昌-板橋,2023-11-13,9349
8210,勤誠,26,11,15,華南永昌-板橋,2023-11-13,9349
3444,利機,366,351,15,華南永昌-板橋,2023-11-13,9349
2027,大成鋼,14,0,14,華南永昌-板橋,2023-11-13,9349
4147,中裕,13,0,13,華南永昌-板橋,2023-11-13,9349
6550,北極星藥業-KY,12,0,12,華南永昌-板橋,2023-11-13,9349
6288,聯嘉,12,0,12,華南永昌-板橋,2023-11-13,9349
2313,華通,88,76,12,華南永昌-板橋,2023-11-13,9349
2476,鉅祥,11,0,11,華南永昌-板橋,2023-11-13,9349
00687B,國泰20年美債,10,0,10,華南永昌-板橋,2023-11-13,9349
1514,亞力,20,10,10,華南永昌-板橋,2023-11-13,9349
2408,南亞科,10,0,10,華南永昌-板橋,2023-11-13,9349
2634,漢翔,10,0,10,華南永昌-板橋,2023-11-13,9349
3043,科風,10,0,10,華南永昌-板橋,2023-11-13,9349
3325,旭品,11,1,10,華南永昌-板橋,2023-11-13,9349
6285,啟��,11,1,10,華南永昌-板橋,2023-11-13,9349
1504,東元,11,2,9,華南永昌-板橋,2023-11-13,9349
2337,旺宏,10,1,9,華南永昌-板橋,2023-11-13,9349
2376,技嘉,12,4,8,華南永昌-板橋,2023-11-13,9349
8112,至上,11,3,8,華南永昌-板橋,2023-11-13,9349
2610,華航,11,3,8,華南永昌-板橋,2023-11-13,9349
1815,富喬,10,2,8,華南永昌-板橋,2023-11-13,9349
4123,晟德,7,0,7,華南永昌-板橋,2023-11-13,9349
6274,台燿,8,1,7,華南永昌-板橋,2023-11-13,9349
2323,中環,9,3,6,華南永昌-板橋,2023-11-13,9349
2353,宏��,9,3,6,華南永昌-板橋,2023-11-13,9349
5230,雷笛克光學,6,0,6,華南永昌-板橋,2023-11-13,9349
6657,華安,6,0,6,華南永昌-板橋,2023-11-13,9349
8034,榮群,17,11,6,華南永昌-板橋,2023-11-13,9349
8054,安國,14,8,6,華南永昌-板橋,2023-11-13,9349
8358,金居,6,0,6,華南永昌-板橋,2023-11-13,9349
3036,文曄,6,1,5,華南永昌-板橋,2023-11-13,9349
00637L,元大滬深300正2,150,0,150,華南永昌-板橋,2023-11-14,9349
1591,駿吉-KY,124,0,124,華南永昌-板橋,2023-11-14,9349
00936,台新永續高息中小,92,0,92,華南永昌-板橋,2023-11-14,9349
2313,華通,68,6,62,華南永昌-板橋,2023-11-14,9349
2883,凱基金,57,0,57,華南永昌-板橋,2023-11-14,9349
00715L,期街口布蘭特正2,95,45,50,華南永昌-板橋,2023-11-14,9349
2465,麗臺,47,5,42,華南永昌-板橋,2023-11-14,9349
3231,緯創,124,90,34,華南永昌-板橋,2023-11-14,9349
2377,微星,20,0,20,華南永昌-板橋,2023-11-14,9349
2485,兆赫,19,1,18,華南永昌-板橋,2023-11-14,9349
3444,利機,194,176,18,華南永昌-板橋,2023-11-14,9349
8054,安國,24,6,18,華南永昌-板橋,2023-11-14,9349
6138,茂達,25,10,15,華南永昌-板橋,2023-11-14,9349
3036,文曄,24,10,14,華南永昌-板橋,2023-11-14,9349
3376,新日興,13,0,13,華南永昌-板橋,2023-11-14,9349
00632R,元大台灣50反1,12,0,12,華南永昌-板橋,2023-11-14,9349
6901,鑽石投資,37,25,12,華南永昌-板橋,2023-11-14,9349
2457,飛宏,18,6,12,華南永昌-板橋,2023-11-14,9349
5439,高技,15,4,11,華南永昌-板橋,2023-11-14,9349
8088,品安,22,11,11,華南永昌-板橋,2023-11-14,9349
00679B,元大美債20年,11,0,11,華南永昌-板橋,2023-11-14,9349
2374,佳能,10,0,10,華南永昌-板橋,2023-11-14,9349
2417,圓剛,31,21,10,華南永昌-板橋,2023-11-14,9349
3325,旭品,10,0,10,華南永昌-板橋,2023-11-14,9349
5009,榮剛,20,10,10,華南永昌-板橋,2023-11-14,9349
3450,聯鈞,13,3,10,華南永昌-板橋,2023-11-14,9349
3094,聯傑,12,3,9,華南永昌-板橋,2023-11-14,9349
6657,華安,9,0,9,華南永昌-板橋,2023-11-14,9349
3147,大綜,8,0,8,華南永昌-板橋,2023-11-14,9349
3374,精材,8,0,8,華南永昌-板橋,2023-11-14,9349
3037,欣興,7,0,7,華南永昌-板橋,2023-11-14,9349
1522,堤維西,7,0,7,華南永昌-板橋,2023-11-14,9349
2462,良得電,7,0,7,華南永昌-板橋,2023-11-14,9349
2303,聯電,7,1,6,華南永昌-板橋,2023-11-14,9349
2317,鴻海,19,13,6,華南永昌-板橋,2023-11-14,9349
2852,第一保,6,0,6,華南永昌-板橋,2023-11-14,9349
6122,擎邦,22,16,6,華南永昌-板橋,2023-11-14,9349
6282,康舒,7,1,6,華南永昌-板橋,2023-11-14,9349
9914,美利達,5,0,5,華南永昌-板橋,2023-11-14,9349
00639,富邦深100,5,0,5,華南永昌-板橋,2023-11-14,9349
00922,國泰台灣領袖50,5,0,5,華南永昌-板橋,2023-11-14,9349
00934,中信成長高股息,5,0,5,華南永昌-板橋,2023-11-14,9349
2458,義隆,5,0,5,華南永昌-板橋,2023-11-14,9349
2617,台航,7,2,5,華南永昌-板橋,2023-11-14,9349
2636,台驊控股,5,0,5,華南永昌-板橋,2023-11-14,9349
3290,東浦,5,0,5,華南永昌-板橋,2023-11-14,9349
3402,漢科,5,0,5,華南永昌-板橋,2023-11-14,9349
4720,德淵,5,0,5,華南永昌-板橋,2023-11-14,9349
5210,寶碩,5,0,5,華南永昌-板橋,2023-11-14,9349
6133,金橋,5,0,5,華南永昌-板橋,2023-11-14,9349
00637L,元大滬深300正2,150,0,150,華南永昌-板橋,2023-11-15,9349
1591,駿吉-KY,228,150,78,華南永昌-板橋,2023-11-15,9349
2376,技嘉,84,10,74,華南永昌-板橋,2023-11-15,9349
0056,元大高股息,95,33,62,華南永昌-板橋,2023-11-15,9349
6138,茂達,123,73,50,華南永昌-板橋,2023-11-15,9349
3444,利機,247,200,47,華南永昌-板橋,2023-11-15,9349
2515,中工,44,0,44,華南永昌-板橋,2023-11-15,9349
2377,微星,90,53,37,華南永昌-板橋,2023-11-15,9349
00878,國泰永續高股息,39,3,36,華南永昌-板橋,2023-11-15,9349
2332,友訊,32,0,32,華南永昌-板橋,2023-11-15,9349
3689,湧德,31,0,31,華南永昌-板橋,2023-11-15,9349
00929,復華台灣科技優息,40,9,31,華南永昌-板橋,2023-11-15,9349
3715,定穎投控,30,1,29,華南永昌-板橋,2023-11-15,9349
2371,大同,29,0,29,華南永昌-板橋,2023-11-15,9349
6235,華孚,37,10,27,華南永昌-板橋,2023-11-15,9349
2892,第一金,30,4,26,華南永昌-板橋,2023-11-15,9349
00934,中信成長高股息,25,1,24,華南永昌-板橋,2023-11-15,9349
4967,十銓,68,45,23,華南永昌-板橋,2023-11-15,9349
00891,中信關鍵半導體,20,0,20,華南永昌-板橋,2023-11-15,9349
2369,菱生,30,10,20,華南永昌-板橋,2023-11-15,9349
2363,矽統,192,174,18,華南永昌-板橋,2023-11-15,9349
8996,高力,18,1,17,華南永昌-板橋,2023-11-15,9349
2356,英業達,27,11,16,華南永昌-板橋,2023-11-15,9349
4768,晶呈科技,48,34,14,華南永昌-板橋,2023-11-15,9349
3617,碩天,13,0,13,華南永昌-板橋,2023-11-15,9349
8054,安國,18,6,12,華南永昌-板橋,2023-11-15,9349
1101,台泥,11,0,11,華南永昌-板橋,2023-11-15,9349
3090,日電貿,10,0,10,華南永昌-板橋,2023-11-15,9349
00696B,富邦美債20年,10,0,10,華南永昌-板橋,2023-11-15,9349
00681R,元大美債20反1,10,0,10,華南永昌-板橋,2023-11-15,9349
1201,味全,10,0,10,華南永昌-板橋,2023-11-15,9349
1609,大亞,18,8,10,華南永昌-板橋,2023-11-15,9349
2359,所羅門,11,1,10,華南永昌-板橋,2023-11-15,9349
2485,兆赫,10,0,10,華南永昌-板橋,2023-11-15,9349
2748,雲品,10,0,10,華南永昌-板橋,2023-11-15,9349
3006,晶豪科,72,62,10,華南永昌-板橋,2023-11-15,9349
3078,僑威,10,0,10,華南永昌-板橋,2023-11-15,9349
3520,華盈,10,0,10,華南永昌-板橋,2023-11-15,9349
4744,皇將,15,5,10,華南永昌-板橋,2023-11-15,9349
00712,復華富時不動產,13,4,9,華南永昌-板橋,2023-11-15,9349
3548,兆利,20,11,9,華南永昌-板橋,2023-11-15,9349
3706,神達,14,5,9,華南永昌-板橋,2023-11-15,9349
4958,臻鼎-KY,9,0,9,華南永昌-板橋,2023-11-15,9349
9921,巨大,10,1,9,華南永昌-板橋,2023-11-15,9349
9945,潤泰新,10,1,9,華南永昌-板橋,2023-11-15,9349
00687B,國泰20年美債,8,0,8,華南永昌-板橋,2023-11-15,9349
00919,群益台灣精選高息,15,7,8,華南永昌-板橋,2023-11-15,9349
3276,宇環,10,2,8,華南永昌-板橋,2023-11-15,9349
3037,欣興,16,9,7,華南永昌-板橋,2023-11-15,9349
2454,聯發科,7,0,7,華南永昌-板橋,2023-11-15,9349
00720B,元大投資級公司債,402,0,402,華南永昌-板橋,2023-11-16,9349
1591,駿吉-KY,160,0,160,華南永昌-板橋,2023-11-16,9349
00637L,元大滬深300正2,65,0,65,華南永昌-板橋,2023-11-16,9349
2329,華泰,178,123,55,華南永昌-板橋,2023-11-16,9349
00639,富邦深100,53,0,53,華南永昌-板橋,2023-11-16,9349
1455,集盛,40,0,40,華南永昌-板橋,2023-11-16,9349
1605,華新,45,5,40,華南永昌-板橋,2023-11-16,9349
6138,茂達,68,30,38,華南永昌-板橋,2023-11-16,9349
1101,台泥,32,0,32,華南永昌-板橋,2023-11-16,9349
2488,漢平,30,1,29,華南永昌-板橋,2023-11-16,9349
00929,復華台灣科技優息,32,3,29,華南永昌-板橋,2023-11-16,9349
6290,良維,28,0,28,華南永昌-板橋,2023-11-16,9349
8054,安國,28,3,25,華南永昌-板橋,2023-11-16,9349
2417,圓剛,49,25,24,華南永昌-板橋,2023-11-16,9349
00772B,中信高評級公司債,23,0,23,華南永昌-板橋,2023-11-16,9349
3006,晶豪科,78,55,23,華南永昌-板橋,2023-11-16,9349
00878,國泰永續高股息,23,0,23,華南永昌-板橋,2023-11-16,9349
2610,華航,56,36,20,華南永昌-板橋,2023-11-16,9349
8227,巨有科技,17,0,17,華南永昌-板橋,2023-11-16,9349
2371,大同,73,56,17,華南永昌-板橋,2023-11-16,9349
2312,金寶,20,4,16,華南永昌-板橋,2023-11-16,9349
00907,永豐優息存股,21,5,16,華南永昌-板橋,2023-11-16,9349
00688L,國泰20年美債正2,16,0,16,華南永昌-板橋,2023-11-16,9349
2367,燿華,59,43,16,華南永昌-板橋,2023-11-16,9349
4128,中天,17,2,15,華南永昌-板橋,2023-11-16,9349
1815,富喬,26,12,14,華南永昌-板橋,2023-11-16,9349
2344,華邦電,33,19,14,華南永昌-板橋,2023-11-16,9349
2387,精元,22,8,14,華南永昌-板橋,2023-11-16,9349
2734,易飛網,15,2,13,華南永昌-板橋,2023-11-16,9349
2465,麗臺,11,0,11,華南永昌-板橋,2023-11-16,9349
00931B,統一美債20年,10,0,10,華南永昌-板橋,2023-11-16,9349
2104,國際中橡,10,0,10,華南永昌-板橋,2023-11-16,9349
2353,宏��,11,1,10,華南永昌-板橋,2023-11-16,9349
3325,旭品,10,0,10,華南永昌-板橋,2023-11-16,9349
3419,譁裕,10,0,10,華南永昌-板橋,2023-11-16,9349
6133,金橋,10,0,10,華南永昌-板橋,2023-11-16,9349
6657,華安,10,0,10,華南永昌-板橋,2023-11-16,9349
8930,青鋼,10,0,10,華南永昌-板橋,2023-11-16,9349
00933B,國泰10Y+金融債,10,0,10,華南永昌-板橋,2023-11-16,9349
00679B,元大美債20年,11,2,9,華南永昌-板橋,2023-11-16,9349
3231,緯創,64,55,9,華南永昌-板橋,2023-11-16,9349
3260,威剛,10,1,9,華南永昌-板橋,2023-11-16,9349
3444,利機,324,315,9,華南永昌-板橋,2023-11-16,9349
006208,富邦台50,8,0,8,華南永昌-板橋,2023-11-16,9349
2476,鉅祥,7,0,7,華南永昌-板橋,2023-11-16,9349
3617,碩天,7,0,7,華南永昌-板橋,2023-11-16,9349
8426,紅木-KY,7,0,7,華南永昌-板橋,2023-11-16,9349
2313,華通,8,2,6,華南永昌-板橋,2023-11-16,9349
2368,金像電,7,1,6,華南永昌-板橋,2023-11-16,9349
2379,瑞昱,6,0,6,華南永昌-板橋,2023-11-16,9349
2888,新光金,59,0,59,華南永昌-板橋,2023-11-17,9349
2610,華航,56,6,50,華南永昌-板橋,2023-11-17,9349
1102,亞泥,37,0,37,華南永昌-板橋,2023-11-17,9349
2405,輔信,131,94,37,華南永昌-板橋,2023-11-17,9349
3444,利機,351,319,32,華南永昌-板橋,2023-11-17,9349
2618,長榮航,194,164,30,華南永昌-板橋,2023-11-17,9349
2368,金像電,31,2,29,華南永昌-板橋,2023-11-17,9349
6127,九豪,29,3,26,華南永昌-板橋,2023-11-17,9349
1591,駿吉-KY,23,0,23,華南永昌-板橋,2023-11-17,9349
2353,宏��,22,0,22,華南永昌-板橋,2023-11-17,9349
8936,國統,22,0,22,華南永昌-板橋,2023-11-17,9349
00715L,期街口布蘭特正2,21,0,21,華南永昌-板橋,2023-11-17,9349
2462,良得電,20,0,20,華南永昌-板橋,2023-11-17,9349
2465,麗臺,29,9,20,華南永昌-板橋,2023-11-17,9349
3325,旭品,20,0,20,華南永昌-板橋,2023-11-17,9349
6901,鑽石投資,26,6,20,華南永昌-板橋,2023-11-17,9349
8112,至上,21,1,20,華南永昌-板橋,2023-11-17,9349
2801,彰銀,20,0,20,華南永昌-板橋,2023-11-17,9349
2609,陽明,19,1,18,華南永昌-板橋,2023-11-17,9349
2367,燿華,20,3,17,華南永昌-板橋,2023-11-17,9349
2356,英業達,21,6,15,華南永昌-板橋,2023-11-17,9349
1609,大亞,20,5,15,華南永昌-板橋,2023-11-17,9349
3515,華擎,15,1,14,華南永昌-板橋,2023-11-17,9349
6719,力智,14,0,14,華南永昌-板橋,2023-11-17,9349
1524,耿鼎,18,5,13,華南永昌-板橋,2023-11-17,9349
2611,志信,14,1,13,華南永昌-板橋,2023-11-17,9349
3231,緯創,91,79,12,華南永昌-板橋,2023-11-17,9349
4545,銘鈺,14,2,12,華南永昌-板橋,2023-11-17,9349
00679B,元大美債20年,11,0,11,華南永昌-板橋,2023-11-17,9349
2328,廣宇,20,9,11,華南永昌-板橋,2023-11-17,9349
3234,光環,11,0,11,華南永昌-板橋,2023-11-17,9349
2457,飛宏,13,3,10,華南永昌-板橋,2023-11-17,9349
00933B,國泰10Y+金融債,10,0,10,華南永昌-板橋,2023-11-17,9349
2331,精英,12,2,10,華南永昌-板橋,2023-11-17,9349
3372,典範,10,0,10,華南永昌-板橋,2023-11-17,9349
4438,廣越,10,0,10,華南永昌-板橋,2023-11-17,9349
4744,皇將,10,0,10,華南永昌-板橋,2023-11-17,9349
6290,良維,10,0,10,華南永昌-板橋,2023-11-17,9349
1815,富喬,10,0,10,華南永昌-板橋,2023-11-17,9349
2344,華邦電,9,0,9,華南永昌-板橋,2023-11-17,9349
3694,海華,14,5,9,華南永昌-板橋,2023-11-17,9349
5210,寶碩,10,1,9,華南永昌-板橋,2023-11-17,9349
5607,遠雄港,10,1,9,華南永昌-板橋,2023-11-17,9349
00878,國泰永續高股息,14,5,9,華南永昌-板橋,2023-11-17,9349
2501,國建,8,0,8,華南永昌-板橋,2023-11-17,9349
9914,美利達,10,2,8,華南永昌-板橋,2023-11-17,9349
00929,復華台灣科技優息,19,12,7,華南永昌-板橋,2023-11-17,9349
2382,廣達,29,22,7,華南永昌-板橋,2023-11-17,9349
1721,三晃,7,0,7,華南永昌-板橋,2023-11-17,9349
2363,矽統,64,57,7,華南永昌-板橋,2023-11-17,9349
6789,采鈺,55,0,55,華南永昌-板橋,2023-11-20,9349
5512,力麒,51,1,50,華南永昌-板橋,2023-11-20,9349
6125,廣運,86,40,46,華南永昌-板橋,2023-11-20,9349
1102,亞泥,198,152,46,華南永昌-板橋,2023-11-20,9349
6416,瑞祺電通,40,0,40,華南永昌-板橋,2023-11-20,9349
8054,安國,55,16,39,華南永昌-板橋,2023-11-20,9349
6901,鑽石投資,42,5,37,華南永昌-板橋,2023-11-20,9349
00715L,期街口布蘭特正2,50,15,35,華南永昌-板橋,2023-11-20,9349
2369,菱生,41,7,34,華南永昌-板橋,2023-11-20,9349
3032,偉訓,35,2,33,華南永昌-板橋,2023-11-20,9349
2506,太設,30,0,30,華南永昌-板橋,2023-11-20,9349
3689,湧德,30,0,30,華南永昌-板橋,2023-11-20,9349
6243,迅杰,35,5,30,華南永昌-板橋,2023-11-20,9349
2344,華邦電,33,8,25,華南永昌-板橋,2023-11-20,9349
6290,良維,25,0,25,華南永昌-板橋,2023-11-20,9349
4155,訊映,23,0,23,華南永昌-板橋,2023-11-20,9349
2801,彰銀,20,0,20,華南永昌-板橋,2023-11-20,9349
2834,臺企銀,20,0,20,華南永昌-板橋,2023-11-20,9349
6270,倍微,21,1,20,華南永昌-板橋,2023-11-20,9349
3356,奇偶,18,0,18,華南永昌-板橋,2023-11-20,9349
1609,大亞,30,13,17,華南永昌-板橋,2023-11-20,9349
2363,矽統,84,68,16,華南永昌-板橋,2023-11-20,9349
2516,新建,15,0,15,華南永昌-板橋,2023-11-20,9349
3149,正達,16,2,14,華南永昌-板橋,2023-11-20,9349
2303,聯電,38,24,14,華南永昌-板橋,2023-11-20,9349
2313,華通,105,92,13,華南永昌-板橋,2023-11-20,9349
2376,技嘉,20,8,12,華南永昌-板橋,2023-11-20,9349
6182,合晶,12,0,12,華南永昌-板橋,2023-11-20,9349
6191,精成科,13,1,12,華南永昌-板橋,2023-11-20,9349
8046,南電,12,0,12,華南永昌-板橋,2023-11-20,9349
00878,國泰永續高股息,11,0,11,華南永昌-板橋,2023-11-20,9349
2377,微星,11,0,11,華南永昌-板橋,2023-11-20,9349
4746,台耀,36,25,11,華南永昌-板橋,2023-11-20,9349
2891,中信金,10,0,10,華南永昌-板橋,2023-11-20,9349
00648R,元大S＆P500反1,10,0,10,華南永昌-板橋,2023-11-20,9349
2007,燁興,10,0,10,華南永昌-板橋,2023-11-20,9349
2355,敬鵬,39,29,10,華南永昌-板橋,2023-11-20,9349
2630,亞航,10,0,10,華南永昌-板橋,2023-11-20,9349
3002,歐格,10,0,10,華南永昌-板橋,2023-11-20,9349
6133,金橋,10,0,10,華南永昌-板橋,2023-11-20,9349
8227,巨有科技,21,11,10,華南永昌-板橋,2023-11-20,9349
2520,冠德,15,6,9,華南永昌-板橋,2023-11-20,9349
1402,遠東新,9,1,8,華南永昌-板橋,2023-11-20,9349
2731,雄獅,11,3,8,華南永昌-板橋,2023-11-20,9349
1314,中石化,8,0,8,華南永昌-板橋,2023-11-20,9349
6117,迎廣,11,3,8,華南永昌-板橋,2023-11-20,9349
2353,宏��,8,0,8,華南永昌-板橋,2023-11-20,9349
3231,緯創,37,30,7,華南永昌-板橋,2023-11-20,9349
1522,堤維西,9,2,7,華南永昌-板橋,2023-11-20,9349
2390,云辰,10,3,7,華南永昌-板橋,2023-11-20,9349
00637L,元大滬深300正2,100,0,100,華南永昌-板橋,2023-11-21,9349
5258,虹堡,85,7,78,華南永昌-板橋,2023-11-21,9349
3444,利機,343,269,74,華南永昌-板橋,2023-11-21,9349
5351,鈺創,127,71,56,華南永昌-板橋,2023-11-21,9349
2367,燿華,115,64,51,華南永昌-板橋,2023-11-21,9349
5469,瀚宇博,50,2,48,華南永昌-板橋,2023-11-21,9349
00936,台新永續高息中小,40,0,40,華南永昌-板橋,2023-11-21,9349
6125,廣運,44,7,37,華南永昌-板橋,2023-11-21,9349
6161,捷波,41,5,36,華南永昌-板橋,2023-11-21,9349
1336,台翰,33,0,33,華南永昌-板橋,2023-11-21,9349
00929,復華台灣科技優息,39,8,31,華南永昌-板橋,2023-11-21,9349
00934,中信成長高股息,22,0,22,華南永昌-板橋,2023-11-21,9349
4979,華星光,39,19,20,華南永昌-板橋,2023-11-21,9349
2329,華泰,40,21,19,華南永昌-板橋,2023-11-21,9349
2363,矽統,39,23,16,華南永昌-板橋,2023-11-21,9349
3376,新日興,19,3,16,華南永昌-板橋,2023-11-21,9349
4438,廣越,15,0,15,華南永昌-板橋,2023-11-21,9349
5439,高技,27,12,15,華南永昌-板橋,2023-11-21,9349
1524,耿鼎,16,2,14,華南永昌-板橋,2023-11-21,9349
2014,中鴻,14,0,14,華南永昌-板橋,2023-11-21,9349
2417,圓剛,23,9,14,華南永昌-板橋,2023-11-21,9349
8996,高力,15,1,14,華南永昌-板橋,2023-11-21,9349
6197,佳必琪,13,0,13,華南永昌-板橋,2023-11-21,9349
8054,安國,50,38,12,華南永昌-板橋,2023-11-21,9349
2402,毅嘉,14,2,12,華南永昌-板橋,2023-11-21,9349
2634,漢翔,12,0,12,華南永昌-板橋,2023-11-21,9349
6202,盛群,12,0,12,華南永昌-板橋,2023-11-21,9349
00878,國泰永續高股息,13,2,11,華南永昌-板橋,2023-11-21,9349
3694,海華,15,4,11,華南永昌-板橋,2023-11-21,9349
5452,佶優,11,0,11,華南永昌-板橋,2023-11-21,9349
3583,辛耘,58,47,11,華南永昌-板橋,2023-11-21,9349
2618,長榮航,54,43,11,華南永昌-板橋,2023-11-21,9349
1303,南亞,10,0,10,華南永昌-板橋,2023-11-21,9349
1455,集盛,10,0,10,華南永昌-板橋,2023-11-21,9349
2323,中環,10,0,10,華南永昌-板橋,2023-11-21,9349
2401,凌陽,15,5,10,華南永昌-板橋,2023-11-21,9349
3043,科風,10,0,10,華南永昌-板橋,2023-11-21,9349
6117,迎廣,11,1,10,華南永昌-板橋,2023-11-21,9349
3443,創意,10,0,10,華南永昌-板橋,2023-11-21,9349
00891,中信關鍵半導體,10,1,9,華南永昌-板橋,2023-11-21,9349
1515,力山,10,1,9,華南永昌-板橋,2023-11-21,9349
3041,揚智,30,21,9,華南永昌-板橋,2023-11-21,9349
3047,訊舟,179,170,9,華南永昌-板橋,2023-11-21,9349
8936,國統,15,6,9,華南永昌-板橋,2023-11-21,9349
6285,啟��,13,4,9,華南永昌-板橋,2023-11-21,9349
1714,和桐,8,0,8,華南永昌-板橋,2023-11-21,9349
2340,台亞,7,0,7,華南永昌-板橋,2023-11-21,9349
3006,晶豪科,61,54,7,華南永昌-板橋,2023-11-21,9349
1519,華城,13,6,7,華南永昌-板橋,2023-11-21,9349
2486,一詮,8,1,7,華南永昌-板橋,2023-11-21,9349
3444,利機,313,228,85,華南永昌-板橋,2023-11-22,9349
2883,凱基金,54,2,52,華南永昌-板橋,2023-11-22,9349
00637L,元大滬深300正2,50,0,50,華南永昌-板橋,2023-11-22,9349
8105,凌巨,50,0,50,華南永昌-板橋,2023-11-22,9349
2382,廣達,54,5,49,華南永昌-板橋,2023-11-22,9349
3231,緯創,124,77,47,華南永昌-板橋,2023-11-22,9349
2888,新光金,40,0,40,華南永昌-板橋,2023-11-22,9349
2356,英業達,42,4,38,華南永昌-板橋,2023-11-22,9349
3706,神達,43,11,32,華南永昌-板橋,2023-11-22,9349
2376,技嘉,42,12,30,華南永昌-板橋,2023-11-22,9349
00918,大華優利高填息30,30,0,30,華南永昌-板橋,2023-11-22,9349
2330,台積電,32,4,28,華南永昌-板橋,2023-11-22,9349
00929,復華台灣科技優息,39,12,27,華南永昌-板橋,2023-11-22,9349
2427,三商電,97,71,26,華南永昌-板橋,2023-11-22,9349
1609,大亞,23,0,23,華南永昌-板橋,2023-11-22,9349
2392,正崴,20,0,20,華南永昌-板橋,2023-11-22,9349
6136,富爾特,20,0,20,華南永昌-板橋,2023-11-22,9349
00639,富邦深100,19,0,19,華南永昌-板橋,2023-11-22,9349
2465,麗臺,19,0,19,華南永昌-板橋,2023-11-22,9349
1336,台翰,16,0,16,華南永昌-板橋,2023-11-22,9349
3041,揚智,39,23,16,華南永昌-板橋,2023-11-22,9349
3062,建漢,16,0,16,華南永昌-板橋,2023-11-22,9349
2344,華邦電,21,5,16,華南永昌-板橋,2023-11-22,9349
6104,創惟,17,2,15,華南永昌-板橋,2023-11-22,9349
00933B,國泰10Y+金融債,15,0,15,華南永昌-板橋,2023-11-22,9349
3504,揚明光,19,4,15,華南永昌-板橋,2023-11-22,9349
6191,精成科,14,0,14,華南永昌-板橋,2023-11-22,9349
6579,研揚,21,7,14,華南永昌-板橋,2023-11-22,9349
6657,華安,13,0,13,華南永昌-板橋,2023-11-22,9349
8936,國統,25,12,13,華南永昌-板橋,2023-11-22,9349
00715L,期街口布蘭特正2,75,63,12,華南永昌-板橋,2023-11-22,9349
00882,中信中國高股息,12,0,12,華南永昌-板橋,2023-11-22,9349
3437,榮創,19,7,12,華南永昌-板橋,2023-11-22,9349
3059,華晶科,53,42,11,華南永昌-板橋,2023-11-22,9349
5351,鈺創,74,63,11,華南永昌-板橋,2023-11-22,9349
00903,富邦元宇宙,10,0,10,華南永昌-板橋,2023-11-22,9349
00901,永豐智能車供應鏈,10,0,10,華南永昌-板橋,2023-11-22,9349
1217,愛之味,10,0,10,華南永昌-板橋,2023-11-22,9349
2014,中鴻,11,1,10,華南永昌-板橋,2023-11-22,9349
2380,虹光,10,0,10,華南永昌-板橋,2023-11-22,9349
2615,萬海,10,0,10,華南永昌-板橋,2023-11-22,9349
3266,昇陽,10,0,10,華南永昌-板橋,2023-11-22,9349
9914,美利達,10,0,10,華南永昌-板橋,2023-11-22,9349
2353,宏��,9,0,9,華南永昌-板橋,2023-11-22,9349
3147,大綜,17,8,9,華南永昌-板橋,2023-11-22,9349
9912,偉聯,9,0,9,華南永昌-板橋,2023-11-22,9349
0056,元大高股息,8,0,8,華南永昌-板橋,2023-11-22,9349
00922,國泰台灣領袖50,8,0,8,華南永昌-板橋,2023-11-22,9349
6770,力積電,9,1,8,華南永昌-板橋,2023-11-22,9349
3481,群創,10,2,8,華南永昌-板橋,2023-11-22,9349
2201,裕隆,103,0,103,華南永昌-板橋,2023-11-23,9349
5272,笙科,101,0,101,華南永昌-板橋,2023-11-23,9349
4746,台耀,91,13,78,華南永昌-板橋,2023-11-23,9349
00878,國泰永續高股息,67,0,67,華南永昌-板橋,2023-11-23,9349
2355,敬鵬,52,2,50,華南永昌-板橋,2023-11-23,9349
2462,良得電,50,1,49,華南永昌-板橋,2023-11-23,9349
6684,安格,81,37,44,華南永昌-板橋,2023-11-23,9349
5521,工信,54,13,41,華南永昌-板橋,2023-11-23,9349
6719,力智,53,12,41,華南永昌-板橋,2023-11-23,9349
2392,正崴,40,0,40,華南永昌-板橋,2023-11-23,9349
2363,矽統,56,26,30,華南永昌-板橋,2023-11-23,9349
2888,新光金,30,0,30,華南永昌-板橋,2023-11-23,9349
00687B,國泰20年美債,24,0,24,華南永昌-板橋,2023-11-23,9349
2002,中鋼,25,1,24,華南永昌-板橋,2023-11-23,9349
2883,凱基金,50,27,23,華南永昌-板橋,2023-11-23,9349
00929,復華台灣科技優息,21,0,21,華南永昌-板橋,2023-11-23,9349
00632R,元大台灣50反1,20,0,20,華南永昌-板橋,2023-11-23,9349
00753L,中信中國50正2,20,0,20,華南永昌-板橋,2023-11-23,9349
9105,泰金寶-DR,20,0,20,華南永昌-板橋,2023-11-23,9349
2388,威盛,35,16,19,華南永昌-板橋,2023-11-23,9349
3044,健鼎,18,0,18,華南永昌-板橋,2023-11-23,9349
2457,飛宏,34,18,16,華南永昌-板橋,2023-11-23,9349
00919,群益台灣精選高息,14,0,14,華南永昌-板橋,2023-11-23,9349
6138,茂達,36,23,13,華南永昌-板橋,2023-11-23,9349
2313,華通,30,17,13,華南永昌-板橋,2023-11-23,9349
3231,緯創,64,51,13,華南永昌-板橋,2023-11-23,9349
6282,康舒,50,37,13,華南永昌-板橋,2023-11-23,9349
2329,華泰,21,9,12,華南永昌-板橋,2023-11-23,9349
3622,洋華,12,0,12,華南永昌-板橋,2023-11-23,9349
2230,泰茂,11,0,11,華南永昌-板橋,2023-11-23,9349
2332,友訊,14,3,11,華南永昌-板橋,2023-11-23,9349
2380,虹光,11,0,11,華南永昌-板橋,2023-11-23,9349
3491,昇達科,12,1,11,華南永昌-板橋,2023-11-23,9349
5009,榮剛,44,33,11,華南永昌-板橋,2023-11-23,9349
2323,中環,10,0,10,華南永昌-板橋,2023-11-23,9349
2390,云辰,10,0,10,華南永昌-板橋,2023-11-23,9349
2606,裕民,10,0,10,華南永昌-板橋,2023-11-23,9349
3078,僑威,26,16,10,華南永昌-板橋,2023-11-23,9349
3141,晶宏,10,0,10,華南永昌-板橋,2023-11-23,9349
3687,歐買尬,10,0,10,華南永昌-板橋,2023-11-23,9349
3694,海華,16,6,10,華南永昌-板橋,2023-11-23,9349
6133,金橋,10,0,10,華南永昌-板橋,2023-11-23,9349
6194,育富,10,0,10,華南永昌-板橋,2023-11-23,9349
8105,凌巨,10,0,10,華南永昌-板橋,2023-11-23,9349
3037,欣興,12,3,9,華南永昌-板橋,2023-11-23,9349
2476,鉅祥,15,6,9,華南永昌-板橋,2023-11-23,9349
2610,華航,14,5,9,華南永昌-板橋,2023-11-23,9349
8054,安國,46,37,9,華南永昌-板橋,2023-11-23,9349
1336,台翰,8,0,8,華南永昌-板橋,2023-11-23,9349
3483,力致,13,5,8,華南永昌-板橋,2023-11-23,9349
5351,鈺創,128,15,113,華南永昌-板橋,2023-11-24,9349
0056,元大高股息,106,8,98,華南永昌-板橋,2023-11-24,9349
5225,東科-KY,92,0,92,華南永昌-板橋,2023-11-24,9349
2313,華通,131,60,71,華南永昌-板橋,2023-11-24,9349
3444,利機,392,324,68,華南永昌-板橋,2023-11-24,9349
6274,台燿,43,0,43,華南永昌-板橋,2023-11-24,9349
2630,亞航,32,2,30,華南永昌-板橋,2023-11-24,9349
2618,長榮航,113,86,27,華南永昌-板橋,2023-11-24,9349
2834,臺企銀,30,5,25,華南永昌-板橋,2023-11-24,9349
3231,緯創,27,2,25,華南永昌-板橋,2023-11-24,9349
4746,台耀,57,34,23,華南永昌-板橋,2023-11-24,9349
3583,辛耘,22,0,22,華南永昌-板橋,2023-11-24,9349
1336,台翰,20,0,20,華南永昌-板橋,2023-11-24,9349
6147,頎邦,20,0,20,華南永昌-板橋,2023-11-24,9349
9958,世紀鋼,26,6,20,華南永昌-板橋,2023-11-24,9349
00933B,國泰10Y+金融債,17,0,17,華南永昌-板橋,2023-11-24,9349
3006,晶豪科,35,18,17,華南永昌-板橋,2023-11-24,9349
2610,華航,21,6,15,華南永昌-板橋,2023-11-24,9349
2382,廣達,16,1,15,華南永昌-板橋,2023-11-24,9349
3058,立德,15,0,15,華南永昌-板橋,2023-11-24,9349
2356,英業達,18,6,12,華南永昌-板橋,2023-11-24,9349
8054,安國,32,20,12,華南永昌-板橋,2023-11-24,9349
2889,國票金,12,0,12,華南永昌-板橋,2023-11-24,9349
3706,神達,12,0,12,華南永昌-板橋,2023-11-24,9349
4768,晶呈科技,13,1,12,華南永昌-板橋,2023-11-24,9349
2353,宏��,18,7,11,華南永昌-板橋,2023-11-24,9349
2743,山富,11,0,11,華南永昌-板橋,2023-11-24,9349
2890,永豐金,12,1,11,華南永昌-板橋,2023-11-24,9349
3234,光環,12,1,11,華南永昌-板橋,2023-11-24,9349
00929,復華台灣科技優息,11,0,11,華南永昌-板橋,2023-11-24,9349
3521,鴻翊,10,0,10,華南永昌-板橋,2023-11-24,9349
1312,國喬,10,0,10,華南永昌-板橋,2023-11-24,9349
00640L,富邦日本正2,10,0,10,華南永昌-板橋,2023-11-24,9349
2104,國際中橡,10,0,10,華南永昌-板橋,2023-11-24,9349
2305,全友,10,0,10,華南永昌-板橋,2023-11-24,9349
2727,王品,10,0,10,華南永昌-板橋,2023-11-24,9349
3037,欣興,10,0,10,華南永昌-板橋,2023-11-24,9349
4438,廣越,10,0,10,華南永昌-板橋,2023-11-24,9349
5425,台半,11,1,10,華南永昌-板橋,2023-11-24,9349
6533,晶心科,12,2,10,華南永昌-板橋,2023-11-24,9349
2375,凱美,16,7,9,華南永昌-板橋,2023-11-24,9349
2421,建準,11,2,9,華南永昌-板橋,2023-11-24,9349
3450,聯鈞,9,0,9,華南永昌-板橋,2023-11-24,9349
3701,大眾控,12,4,8,華南永昌-板橋,2023-11-24,9349
6148,驊宏資,8,0,8,華南永昌-板橋,2023-11-24,9349
6443,元晶,9,1,8,華南永昌-板橋,2023-11-24,9349
1504,東元,13,5,8,華南永昌-板橋,2023-11-24,9349
1514,亞力,38,30,8,華南永昌-板橋,2023-11-24,9349
00720B,元大投資級公司債,7,0,7,華南永昌-板橋,2023-11-24,9349
2329,華泰,10,3,7,華南永昌-板橋,2023-11-24,9349
1591,駿吉-KY,201,91,110,華南永昌-板橋,2023-11-27,9349
1455,集盛,100,0,100,華南永昌-板橋,2023-11-27,9349
1514,亞力,139,58,81,華南永昌-板橋,2023-11-27,9349
3013,晟銘電,71,10,61,華南永昌-板橋,2023-11-27,9349
00712,復華富時不動產,60,1,59,華南永昌-板橋,2023-11-27,9349
3088,艾訊,58,0,58,華南永昌-板橋,2023-11-27,9349
2883,凱基金,48,6,42,華南永昌-板橋,2023-11-27,9349
2313,華通,190,151,39,華南永昌-板橋,2023-11-27,9349
3207,耀勝,41,6,35,華南永昌-板橋,2023-11-27,9349
3035,智原,36,2,34,華南永昌-板橋,2023-11-27,9349
00639,富邦深100,66,32,34,華南永昌-板橋,2023-11-27,9349
5347,世界,32,3,29,華南永昌-板橋,2023-11-27,9349
2630,亞航,26,1,25,華南永昌-板橋,2023-11-27,9349
3444,利機,133,110,23,華南永昌-板橋,2023-11-27,9349
4157,太景*-KY,23,0,23,華南永昌-板橋,2023-11-27,9349
6148,驊宏資,23,0,23,華南永昌-板橋,2023-11-27,9349
2618,長榮航,46,23,23,華南永昌-板橋,2023-11-27,9349
00637L,元大滬深300正2,21,0,21,華南永昌-板橋,2023-11-27,9349
3059,華晶科,25,4,21,華南永昌-板橋,2023-11-27,9349
00724B,群益投資級金融債,20,0,20,華南永昌-板橋,2023-11-27,9349
2027,大成鋼,21,1,20,華南永昌-板橋,2023-11-27,9349
4768,晶呈科技,20,0,20,華南永昌-板橋,2023-11-27,9349
00929,復華台灣科技優息,22,5,17,華南永昌-板橋,2023-11-27,9349
3058,立德,21,5,16,華南永昌-板橋,2023-11-27,9349
3450,聯鈞,16,0,16,華南永昌-板橋,2023-11-27,9349
2344,華邦電,21,7,14,華南永昌-板橋,2023-11-27,9349
3037,欣興,14,0,14,華南永昌-板橋,2023-11-27,9349
3706,神達,14,0,14,華南永昌-板橋,2023-11-27,9349
1781,合世,13,0,13,華南永昌-板橋,2023-11-27,9349
8086,宏捷科,16,4,12,華南永昌-板橋,2023-11-27,9349
8936,國統,11,0,11,華南永昌-板橋,2023-11-27,9349
1560,中砂,10,0,10,華南永昌-板橋,2023-11-27,9349
6125,廣運,10,0,10,華南永昌-板橋,2023-11-27,9349
1440,南紡,10,0,10,華南永昌-板橋,2023-11-27,9349
2014,中鴻,10,0,10,華南永昌-板橋,2023-11-27,9349
2485,兆赫,10,0,10,華南永昌-板橋,2023-11-27,9349
2601,益航,10,0,10,華南永昌-板橋,2023-11-27,9349
3322,建舜電,10,0,10,華南永昌-板橋,2023-11-27,9349
3374,精材,11,1,10,華南永昌-板橋,2023-11-27,9349
4566,時碩工業,10,0,10,華南永昌-板橋,2023-11-27,9349
6164,華興,10,0,10,華南永昌-板橋,2023-11-27,9349
8927,北基,10,0,10,華南永昌-板橋,2023-11-27,9349
5258,虹堡,31,22,9,華南永昌-板橋,2023-11-27,9349
3017,奇鋐,9,0,9,華南永昌-板橋,2023-11-27,9349
00751B,元大AAA至A公司債,9,0,9,華南永昌-板橋,2023-11-27,9349
2458,義隆,10,1,9,華南永昌-板橋,2023-11-27,9349
9928,中視,10,1,9,華南永昌-板橋,2023-11-27,9349
2457,飛宏,48,40,8,華南永昌-板橋,2023-11-27,9349
00919,群益台灣精選高息,7,0,7,華南永昌-板橋,2023-11-27,9349
2303,聯電,13,6,7,華南永昌-板橋,2023-11-27,9349
8054,安國,118,29,89,華南永昌-板橋,2023-11-28,9349
2356,英業達,81,20,61,華南永昌-板橋,2023-11-28,9349
4157,太景*-KY,52,6,46,華南永昌-板橋,2023-11-28,9349
5351,鈺創,87,42,45,華南永昌-板橋,2023-11-28,9349
1101,台泥,48,4,44,華南永昌-板橋,2023-11-28,9349
2888,新光金,47,8,39,華南永昌-板橋,2023-11-28,9349
5347,世界,46,12,34,華南永昌-板橋,2023-11-28,9349
2002,中鋼,52,19,33,華南永昌-板橋,2023-11-28,9349
3583,辛耘,34,2,32,華南永昌-板橋,2023-11-28,9349
5272,笙科,36,5,31,華南永昌-板橋,2023-11-28,9349
6147,頎邦,30,3,27,華南永昌-板橋,2023-11-28,9349
4768,晶呈科技,64,38,26,華南永昌-板橋,2023-11-28,9349
9944,新麗,26,0,26,華南永昌-板橋,2023-11-28,9349
2355,敬鵬,117,95,22,華南永昌-板橋,2023-11-28,9349
1455,集盛,22,0,22,華南永昌-板橋,2023-11-28,9349
2457,飛宏,42,21,21,華南永昌-板橋,2023-11-28,9349
2883,凱基金,24,3,21,華南永昌-板橋,2023-11-28,9349
00919,群益台灣精選高息,21,0,21,華南永昌-板橋,2023-11-28,9349
6282,康舒,24,4,20,華南永昌-板橋,2023-11-28,9349
6684,安格,21,2,19,華南永昌-板橋,2023-11-28,9349
6148,驊宏資,16,0,16,華南永昌-板橋,2023-11-28,9349
2383,台光電,15,1,14,華南永昌-板橋,2023-11-28,9349
6278,台表科,14,0,14,華南永昌-板橋,2023-11-28,9349
6125,廣運,33,20,13,華南永昌-板橋,2023-11-28,9349
2412,中華電,13,0,13,華南永昌-板橋,2023-11-28,9349
00929,復華台灣科技優息,18,7,11,華南永昌-板橋,2023-11-28,9349
2362,藍天,11,0,11,華南永昌-板橋,2023-11-28,9349
3402,漢科,11,0,11,華南永昌-板橋,2023-11-28,9349
3437,榮創,13,2,11,華南永昌-板橋,2023-11-28,9349
3490,單井,11,0,11,華南永昌-板橋,2023-11-28,9349
4746,台耀,136,125,11,華南永昌-板橋,2023-11-28,9349
1336,台翰,10,0,10,華南永昌-板橋,2023-11-28,9349
1815,富喬,10,0,10,華南永昌-板橋,2023-11-28,9349
2601,益航,10,0,10,華南永昌-板橋,2023-11-28,9349
2743,山富,11,1,10,華南永昌-板橋,2023-11-28,9349
9103,美德醫療-DR,10,0,10,華南永昌-板橋,2023-11-28,9349
2353,宏��,10,0,10,華南永昌-板橋,2023-11-28,9349
00885,富邦越南,9,0,9,華南永昌-板橋,2023-11-28,9349
1325,恆大,9,0,9,華南永昌-板橋,2023-11-28,9349
00639,富邦深100,9,0,9,華南永昌-板橋,2023-11-28,9349
2399,映泰,10,1,9,華南永昌-板橋,2023-11-28,9349
1732,毛寶,9,1,8,華南永昌-板橋,2023-11-28,9349
6789,采鈺,28,20,8,華南永昌-板橋,2023-11-28,9349
3231,緯創,31,23,8,華南永昌-板橋,2023-11-28,9349
4909,新復興,7,0,7,華南永昌-板橋,2023-11-28,9349
6173,信昌電,9,2,7,華南永昌-板橋,2023-11-28,9349
2382,廣達,11,5,6,華南永昌-板橋,2023-11-28,9349
3152,璟德,13,7,6,華南永昌-板橋,2023-11-28,9349
1569,濱川,6,0,6,華南永昌-板橋,2023-11-28,9349
1701,中化,8,2,6,華南永昌-板橋,2023-11-28,9349
1514,亞力,149,5,144,華南永昌-板橋,2023-11-29,9349
00637L,元大滬深300正2,115,0,115,華南永昌-板橋,2023-11-29,9349
2002,中鋼,109,7,102,華南永昌-板橋,2023-11-29,9349
2801,彰銀,100,0,100,華南永昌-板橋,2023-11-29,9349
5608,四維航,52,0,52,華南永昌-板橋,2023-11-29,9349
2371,大同,50,0,50,華南永昌-板橋,2023-11-29,9349
4768,晶呈科技,65,37,28,華南永昌-板橋,2023-11-29,9349
2618,長榮航,62,34,28,華南永昌-板橋,2023-11-29,9349
3032,偉訓,35,14,21,華南永昌-板橋,2023-11-29,9349
2383,台光電,20,0,20,華南永昌-板橋,2023-11-29,9349
9904,寶成,20,0,20,華南永昌-板橋,2023-11-29,9349
2356,英業達,25,6,19,華南永昌-板橋,2023-11-29,9349
1336,台翰,19,0,19,華南永昌-板橋,2023-11-29,9349
5381,合正,34,15,19,華南永昌-板橋,2023-11-29,9349
3231,緯創,45,27,18,華南永昌-板橋,2023-11-29,9349
2897,王道銀行,18,0,18,華南永昌-板橋,2023-11-29,9349
00934,中信成長高股息,21,5,16,華南永昌-板橋,2023-11-29,9349
6173,信昌電,47,31,16,華南永昌-板橋,2023-11-29,9349
2303,聯電,16,1,15,華南永昌-板橋,2023-11-29,9349
1455,集盛,15,0,15,華南永昌-板橋,2023-11-29,9349
1529,樂事綠能,14,0,14,華南永昌-板橋,2023-11-29,9349
8404,百和興業-KY,14,0,14,華南永昌-板橋,2023-11-29,9349
1515,力山,13,0,13,華南永昌-板橋,2023-11-29,9349
3290,東浦,13,0,13,華南永昌-板橋,2023-11-29,9349
00650L,復華香港正2,12,0,12,華南永昌-板橋,2023-11-29,9349
2313,華通,160,148,12,華南永昌-板橋,2023-11-29,9349
2486,一詮,12,0,12,華南永昌-板橋,2023-11-29,9349
00919,群益台灣精選高息,12,0,12,華南永昌-板橋,2023-11-29,9349
2892,第一金,11,0,11,華南永昌-板橋,2023-11-29,9349
8936,國統,11,0,11,華南永昌-板橋,2023-11-29,9349
00753L,中信中國50正2,10,0,10,華南永昌-板橋,2023-11-29,9349
2355,敬鵬,60,50,10,華南永昌-板橋,2023-11-29,9349
1612,宏泰,10,0,10,華南永昌-板橋,2023-11-29,9349
1752,南光,10,0,10,華南永昌-板橋,2023-11-29,9349
2101,南港,10,0,10,華南永昌-板橋,2023-11-29,9349
3622,洋華,10,0,10,華南永昌-板橋,2023-11-29,9349
2401,凌陽,20,10,10,華南永昌-板橋,2023-11-29,9349
2867,三商壽,9,0,9,華南永昌-板橋,2023-11-29,9349
3005,神基,10,1,9,華南永昌-板橋,2023-11-29,9349
3227,原相,25,16,9,華南永昌-板橋,2023-11-29,9349
5258,虹堡,9,2,7,華南永昌-板橋,2023-11-29,9349
00646,元大S＆P500,7,0,7,華南永昌-板橋,2023-11-29,9349
2362,藍天,7,0,7,華南永昌-板橋,2023-11-29,9349
2434,統懋,10,3,7,華南永昌-板橋,2023-11-29,9349
2601,益航,7,0,7,華南永昌-板橋,2023-11-29,9349
2634,漢翔,10,3,7,華南永昌-板橋,2023-11-29,9349
3583,辛耘,7,0,7,華南永昌-板橋,2023-11-29,9349
6235,華孚,8,1,7,華南永昌-板橋,2023-11-29,9349
6243,迅杰,24,17,7,華南永昌-板橋,2023-11-29,9349
006208,富邦台50,7,0,7,華南永昌-板橋,2023-11-29,9349
2201,裕隆,255,1,254,華南永昌-板橋,2023-11-30,9349
2313,華通,220,77,143,華南永昌-板橋,2023-11-30,9349
8054,安國,146,30,116,華南永昌-板橋,2023-11-30,9349
8105,凌巨,57,0,57,華南永昌-板橋,2023-11-30,9349
3675,德微,56,16,40,華南永昌-板橋,2023-11-30,9349
00679B,元大美債20年,40,2,38,華南永昌-板橋,2023-11-30,9349
9919,康那香,71,43,28,華南永昌-板橋,2023-11-30,9349
2609,陽明,25,1,24,華南永昌-板橋,2023-11-30,9349
00929,復華台灣科技優息,24,1,23,華南永昌-板橋,2023-11-30,9349
6139,亞翔,23,0,23,華南永昌-板橋,2023-11-30,9349
3002,歐格,23,0,23,華南永昌-板橋,2023-11-30,9349
2409,友達,29,7,22,華南永昌-板橋,2023-11-30,9349
1336,台翰,20,0,20,華南永昌-板橋,2023-11-30,9349
4909,新復興,29,9,20,華南永昌-板橋,2023-11-30,9349
3231,緯創,25,8,17,華南永昌-板橋,2023-11-30,9349
2615,萬海,27,12,15,華南永昌-板橋,2023-11-30,9349
3419,譁裕,15,0,15,華南永昌-板橋,2023-11-30,9349
2317,鴻海,14,0,14,華南永昌-板橋,2023-11-30,9349
1616,億泰,13,0,13,華南永昌-板橋,2023-11-30,9349
4128,中天,13,0,13,華南永昌-板橋,2023-11-30,9349
5009,榮剛,13,0,13,華南永昌-板橋,2023-11-30,9349
6257,矽格,18,6,12,華南永昌-板橋,2023-11-30,9349
00934,中信成長高股息,12,0,12,華南永昌-板橋,2023-11-30,9349
1732,毛寶,12,0,12,華南永昌-板橋,2023-11-30,9349
6695,芯鼎,14,2,12,華南永昌-板橋,2023-11-30,9349
3059,華晶科,16,5,11,華南永昌-板橋,2023-11-30,9349
00857B,永豐20年美公債,10,0,10,華南永昌-板橋,2023-11-30,9349
00933B,國泰10Y+金融債,10,0,10,華南永昌-板橋,2023-11-30,9349
1216,統一,10,0,10,華南永昌-板橋,2023-11-30,9349
1781,合世,10,0,10,華南永昌-板橋,2023-11-30,9349
2845,遠東銀,10,0,10,華南永昌-板橋,2023-11-30,9349
3583,辛耘,15,5,10,華南永昌-板橋,2023-11-30,9349
4127,天良,10,0,10,華南永昌-板橋,2023-11-30,9349
4414,如興,10,0,10,華南永昌-板橋,2023-11-30,9349
4438,廣越,10,0,10,華南永昌-板橋,2023-11-30,9349
5289,宜鼎,9,0,9,華南永昌-板橋,2023-11-30,9349
6111,大宇資,15,6,9,華南永昌-板橋,2023-11-30,9349
8016,矽創,9,0,9,華南永昌-板橋,2023-11-30,9349
2258,鴻華先進-創,12,4,8,華南永昌-板橋,2023-11-30,9349
6180,橘子,14,6,8,華南永昌-板橋,2023-11-30,9349
6411,晶焱,8,0,8,華南永昌-板橋,2023-11-30,9349
3047,訊舟,8,0,8,華南永昌-板橋,2023-11-30,9349
2884,玉山金,7,0,7,華南永昌-板橋,2023-11-30,9349
2303,聯電,11,4,7,華南永昌-板橋,2023-11-30,9349
2353,宏��,20,13,7,華南永昌-板橋,2023-11-30,9349
1325,恆大,13,6,7,華南永昌-板橋,2023-11-30,9349
00882,中信中國高股息,7,0,7,華南永昌-板橋,2023-11-30,9349
1455,集盛,7,0,7,華南永昌-板橋,2023-11-30,9349
3541,西柏,7,0,7,華南永昌-板橋,2023-11-30,9349
3587,閎康,7,0,7,華南永昌-板橋,2023-11-30,9349
00637L,元大滬深300正2,322,2,320,華南永昌-板橋,2023-12-01,9349
00706L,期元大S＆P日圓正2,102,0,102,華南永昌-板橋,2023-12-01,9349
2618,長榮航,107,21,86,華南永昌-板橋,2023-12-01,9349
6191,精成科,70,8,62,華南永昌-板橋,2023-12-01,9349
3444,利機,453,395,58,華南永昌-板橋,2023-12-01,9349
2834,臺企銀,50,0,50,華南永昌-板橋,2023-12-01,9349
4157,太景*-KY,46,0,46,華南永昌-板橋,2023-12-01,9349
00929,復華台灣科技優息,54,8,46,華南永昌-板橋,2023-12-01,9349
2405,輔信,92,53,39,華南永昌-板橋,2023-12-01,9349
5351,鈺創,59,21,38,華南永昌-板橋,2023-12-01,9349
00919,群益台灣精選高息,35,0,35,華南永昌-板橋,2023-12-01,9349
2355,敬鵬,65,32,33,華南永昌-板橋,2023-12-01,9349
3209,全科,32,0,32,華南永昌-板橋,2023-12-01,9349
3702,大聯大,25,0,25,華南永昌-板橋,2023-12-01,9349
9919,康那香,31,9,22,華南永昌-板橋,2023-12-01,9349
1609,大亞,21,0,21,華南永昌-板橋,2023-12-01,9349
2367,燿華,62,41,21,華南永昌-板橋,2023-12-01,9349
4543,萬在,22,1,21,華南永昌-板橋,2023-12-01,9349
6147,頎邦,21,0,21,華南永昌-板橋,2023-12-01,9349
5608,四維航,40,20,20,華南永昌-板橋,2023-12-01,9349
6231,系微,23,5,18,華南永昌-板橋,2023-12-01,9349
2460,建通,22,6,16,華南永昌-板橋,2023-12-01,9349
2485,兆赫,20,4,16,華南永昌-板橋,2023-12-01,9349
2888,新光金,16,0,16,華南永昌-板橋,2023-12-01,9349
2617,台航,19,4,15,華南永昌-板橋,2023-12-01,9349
2743,山富,15,0,15,華南永昌-板橋,2023-12-01,9349
2892,第一金,15,0,15,華南永昌-板橋,2023-12-01,9349
6143,振曜,17,3,14,華南永昌-板橋,2023-12-01,9349
00679B,元大美債20年,14,1,13,華南永昌-板橋,2023-12-01,9349
8096,擎亞,21,8,13,華南永昌-板橋,2023-12-01,9349
00772B,中信高評級公司債,12,0,12,華南永昌-板橋,2023-12-01,9349
4561,健椿,17,5,12,華南永昌-板橋,2023-12-01,9349
8936,國統,12,0,12,華南永昌-板橋,2023-12-01,9349
5880,合庫金,11,0,11,華南永昌-板橋,2023-12-01,9349
8358,金居,16,5,11,華南永昌-板橋,2023-12-01,9349
3013,晟銘電,24,13,11,華南永昌-板橋,2023-12-01,9349
2409,友達,11,1,10,華南永昌-板橋,2023-12-01,9349
00933B,國泰10Y+金融債,10,0,10,華南永昌-板橋,2023-12-01,9349
2027,大成鋼,10,0,10,華南永昌-板橋,2023-12-01,9349
2412,中華電,10,0,10,華南永昌-板橋,2023-12-01,9349
2468,華經,10,0,10,華南永昌-板橋,2023-12-01,9349
4721,美琪瑪,10,0,10,華南永昌-板橋,2023-12-01,9349
6124,業強,10,0,10,華南永昌-板橋,2023-12-01,9349
2352,佳世達,14,4,10,華南永昌-板橋,2023-12-01,9349
3231,緯創,37,27,10,華南永昌-板橋,2023-12-01,9349
3043,科風,10,1,9,華南永昌-板橋,2023-12-01,9349
5272,笙科,80,71,9,華南永昌-板橋,2023-12-01,9349
6625,必應,9,0,9,華南永昌-板橋,2023-12-01,9349
3317,尼克森,10,2,8,華南永昌-板橋,2023-12-01,9349
1616,億泰,8,0,8,華南永昌-板橋,2023-12-01,9349
2609,陽明,234,13,221,華南永昌-板橋,2023-12-04,9349
2615,萬海,222,21,201,華南永昌-板橋,2023-12-04,9349
00929,復華台灣科技優息,165,12,153,華南永昌-板橋,2023-12-04,9349
2883,凱基金,103,0,103,華南永昌-板橋,2023-12-04,9349
00715L,期街口布蘭特正2,91,0,91,華南永昌-板橋,2023-12-04,9349
8054,安國,136,50,86,華南永昌-板橋,2023-12-04,9349
2543,皇昌,81,0,81,華南永昌-板橋,2023-12-04,9349
8112,至上,80,0,80,華南永昌-板橋,2023-12-04,9349
2329,華泰,191,118,73,華南永昌-板橋,2023-12-04,9349
1605,華新,52,1,51,華南永昌-板橋,2023-12-04,9349
2363,矽統,59,12,47,華南永昌-板橋,2023-12-04,9349
1514,亞力,121,83,38,華南永昌-板橋,2023-12-04,9349
8299,群聯,36,0,36,華南永昌-板橋,2023-12-04,9349
00919,群益台灣精選高息,34,4,30,華南永昌-板橋,2023-12-04,9349
2313,華通,125,98,27,華南永昌-板橋,2023-12-04,9349
6122,擎邦,25,0,25,華南永昌-板橋,2023-12-04,9349
3444,利機,220,197,23,華南永昌-板橋,2023-12-04,9349
00915,凱基優選高股息30,26,5,21,華南永昌-板橋,2023-12-04,9349
2468,華經,31,10,21,華南永昌-板橋,2023-12-04,9349
2606,裕民,33,12,21,華南永昌-板橋,2023-12-04,9349
4142,國光生,21,0,21,華南永昌-板橋,2023-12-04,9349
00885,富邦越南,20,0,20,華南永昌-板橋,2023-12-04,9349
2641,正德,20,0,20,華南永昌-板橋,2023-12-04,9349
2405,輔信,25,6,19,華南永昌-板橋,2023-12-04,9349
3390,旭軟,20,1,19,華南永昌-板橋,2023-12-04,9349
3380,明泰,27,9,18,華南永昌-板橋,2023-12-04,9349
4768,晶呈科技,74,56,18,華南永昌-板橋,2023-12-04,9349
3715,定穎投控,26,10,16,華南永昌-板橋,2023-12-04,9349
2376,技嘉,21,6,15,華南永昌-板橋,2023-12-04,9349
2332,友訊,20,5,15,華南永昌-板橋,2023-12-04,9349
9958,世紀鋼,25,10,15,華南永昌-板橋,2023-12-04,9349
1591,駿吉-KY,14,0,14,華南永昌-板橋,2023-12-04,9349
6282,康舒,17,3,14,華南永昌-板橋,2023-12-04,9349
2303,聯電,33,20,13,華南永昌-板橋,2023-12-04,9349
4909,新復興,16,3,13,華南永昌-板橋,2023-12-04,9349
6125,廣運,40,27,13,華南永昌-板橋,2023-12-04,9349
8086,宏捷科,18,6,12,華南永昌-板橋,2023-12-04,9349
2338,光罩,13,1,12,華南永昌-板橋,2023-12-04,9349
5328,華容,13,1,12,華南永昌-板橋,2023-12-04,9349
1504,東元,16,5,11,華南永昌-板橋,2023-12-04,9349
3060,銘異,11,0,11,華南永昌-板橋,2023-12-04,9349
1727,中華化,17,6,11,華南永昌-板橋,2023-12-04,9349
2230,泰茂,12,1,11,華南永昌-板橋,2023-12-04,9349
3006,晶豪科,13,2,11,華南永昌-板橋,2023-12-04,9349
4953,緯軟,14,3,11,華南永昌-板橋,2023-12-04,9349
5309,系統電,11,0,11,華南永昌-板橋,2023-12-04,9349
8093,保銳,11,0,11,華南永昌-板橋,2023-12-04,9349
1460,宏遠,10,0,10,華南永昌-板橋,2023-12-04,9349
2427,三商電,15,5,10,華南永昌-板橋,2023-12-04,9349
2887,台新金,10,0,10,華南永昌-板橋,2023-12-04,9349
2543,皇昌,181,0,181,華南永昌-板橋,2023-12-05,9349
4157,太景*-KY,91,5,86,華南永昌-板橋,2023-12-05,9349
8088,品安,75,11,64,華南永昌-板橋,2023-12-05,9349
2883,凱基金,51,0,51,華南永昌-板橋,2023-12-05,9349
00919,群益台灣精選高息,61,10,51,華南永昌-板橋,2023-12-05,9349
2388,威盛,51,1,50,華南永昌-板橋,2023-12-05,9349
1342,八貫,48,0,48,華南永昌-板橋,2023-12-05,9349
2618,長榮航,63,22,41,華南永昌-板橋,2023-12-05,9349
5608,四維航,118,88,30,華南永昌-板橋,2023-12-05,9349
00642U,期元大S＆P石油,29,0,29,華南永昌-板橋,2023-12-05,9349
1605,華新,35,8,27,華南永昌-板橋,2023-12-05,9349
00929,復華台灣科技優息,37,11,26,華南永昌-板橋,2023-12-05,9349
2476,鉅祥,30,4,26,華南永昌-板橋,2023-12-05,9349
2367,燿華,58,33,25,華南永昌-板橋,2023-12-05,9349
5347,世界,26,1,25,華南永昌-板橋,2023-12-05,9349
6235,華孚,28,4,24,華南永昌-板橋,2023-12-05,9349
00935,野村臺灣新科技50,22,0,22,華南永昌-板橋,2023-12-05,9349
3231,緯創,35,14,21,華南永昌-板橋,2023-12-05,9349
2891,中信金,21,0,21,華南永昌-板橋,2023-12-05,9349
6244,茂迪,20,0,20,華南永昌-板橋,2023-12-05,9349
00918,大華優利高填息30,19,0,19,華南永昌-板橋,2023-12-05,9349
4167,松瑞藥,23,4,19,華南永昌-板橋,2023-12-05,9349
6125,廣運,18,1,17,華南永昌-板橋,2023-12-05,9349
2303,聯電,16,0,16,華南永昌-板橋,2023-12-05,9349
3264,欣銓,22,6,16,華南永昌-板橋,2023-12-05,9349
3276,宇環,21,5,16,華南永昌-板橋,2023-12-05,9349
00933B,國泰10Y+金融債,15,0,15,華南永昌-板橋,2023-12-05,9349
8936,國統,32,17,15,華南永昌-板橋,2023-12-05,9349
4746,台耀,98,84,14,華南永昌-板橋,2023-12-05,9349
1504,東元,23,10,13,華南永昌-板橋,2023-12-05,9349
2031,新光鋼,21,9,12,華南永昌-板橋,2023-12-05,9349
2641,正德,62,50,12,華南永昌-板橋,2023-12-05,9349
3050,鈺德,37,25,12,華南永昌-板橋,2023-12-05,9349
2356,英業達,14,3,11,華南永昌-板橋,2023-12-05,9349
00882,中信中國高股息,11,0,11,華南永昌-板橋,2023-12-05,9349
00687B,國泰20年美債,11,0,11,華南永昌-板橋,2023-12-05,9349
1582,信錦,20,9,11,華南永昌-板橋,2023-12-05,9349
4768,晶呈科技,97,86,11,華南永昌-板橋,2023-12-05,9349
5439,高技,21,10,11,華南永昌-板橋,2023-12-05,9349
00688L,國泰20年美債正2,10,0,10,華南永昌-板橋,2023-12-05,9349
00753L,中信中國50正2,10,0,10,華南永昌-板橋,2023-12-05,9349
1101,台泥,10,0,10,華南永昌-板橋,2023-12-05,9349
1524,耿鼎,14,4,10,華南永昌-板橋,2023-12-05,9349
1609,大亞,20,10,10,華南永昌-板橋,2023-12-05,9349
2312,金寶,10,0,10,華南永昌-板橋,2023-12-05,9349
2332,友訊,20,10,10,華南永昌-板橋,2023-12-05,9349
4438,廣越,10,0,10,華南永昌-板橋,2023-12-05,9349
2330,台積電,10,0,10,華南永昌-板橋,2023-12-05,9349
3059,華晶科,10,1,9,華南永昌-板橋,2023-12-05,9349
4961,天鈺,9,0,9,華南永昌-板橋,2023-12-05,9349
2409,友達,460,2,458,華南永昌-板橋,2023-12-06,9349
00937B,群益ESG投等債20,191,90,101,華南永昌-板橋,2023-12-06,9349
2329,華泰,95,19,76,華南永昌-板橋,2023-12-06,9349
2367,燿華,82,28,54,華南永昌-板橋,2023-12-06,9349
2313,華通,65,12,53,華南永昌-板橋,2023-12-06,9349
5608,四維航,73,28,45,華南永昌-板橋,2023-12-06,9349
4746,台耀,73,33,40,華南永昌-板橋,2023-12-06,9349
2883B,凱基金乙特,38,0,38,華南永昌-板橋,2023-12-06,9349
1522,堤維西,187,153,34,華南永昌-板橋,2023-12-06,9349
2888,新光金,31,0,31,華南永昌-板橋,2023-12-06,9349
9105,泰金寶-DR,30,0,30,華南永昌-板橋,2023-12-06,9349
2359,所羅門,30,2,28,華南永昌-板橋,2023-12-06,9349
4543,萬在,33,8,25,華南永昌-板橋,2023-12-06,9349
2408,南亞科,24,0,24,華南永昌-板橋,2023-12-06,9349
1504,東元,47,23,24,華南永昌-板橋,2023-12-06,9349
4768,晶呈科技,92,69,23,華南永昌-板橋,2023-12-06,9349
8054,安國,25,2,23,華南永昌-板橋,2023-12-06,9349
00712,復華富時不動產,22,0,22,華南永昌-板橋,2023-12-06,9349
1336,台翰,22,0,22,華南永昌-板橋,2023-12-06,9349
2014,中鴻,21,0,21,華南永昌-板橋,2023-12-06,9349
2462,良得電,20,0,20,華南永昌-板橋,2023-12-06,9349
2515,中工,20,1,19,華南永昌-板橋,2023-12-06,9349
00772B,中信高評級公司債,19,0,19,華南永昌-板橋,2023-12-06,9349
2377,微星,17,1,16,華南永昌-板橋,2023-12-06,9349
3481,群創,26,10,16,華南永昌-板橋,2023-12-06,9349
5521,工信,20,5,15,華南永昌-板橋,2023-12-06,9349
1514,亞力,43,28,15,華南永昌-板橋,2023-12-06,9349
00751B,元大AAA至A公司債,16,1,15,華南永昌-板橋,2023-12-06,9349
2303,聯電,14,0,14,華南永昌-板橋,2023-12-06,9349
6278,台表科,14,0,14,華南永昌-板橋,2023-12-06,9349
3706,神達,15,2,13,華南永昌-板橋,2023-12-06,9349
8440,綠電,27,14,13,華南永昌-板橋,2023-12-06,9349
00933B,國泰10Y+金融債,12,0,12,華南永昌-板橋,2023-12-06,9349
3325,旭品,12,0,12,華南永昌-板橋,2023-12-06,9349
6416,瑞祺電通,12,0,12,華南永昌-板橋,2023-12-06,9349
2369,菱生,12,1,11,華南永昌-板橋,2023-12-06,9349
2609,陽明,14,3,11,華南永昌-板橋,2023-12-06,9349
3479,安勤,12,1,11,華南永昌-板橋,2023-12-06,9349
00720B,元大投資級公司債,10,0,10,華南永昌-板橋,2023-12-06,9349
00753L,中信中國50正2,10,0,10,華南永昌-板橋,2023-12-06,9349
1582,信錦,15,5,10,華南永昌-板橋,2023-12-06,9349
2605,新興,38,28,10,華南永昌-板橋,2023-12-06,9349
3558,神準,11,1,10,華南永昌-板橋,2023-12-06,9349
4906,正文,10,0,10,華南永昌-板橋,2023-12-06,9349
6156,松上,10,0,10,華南永昌-板橋,2023-12-06,9349
2812,台中銀,11,1,10,華南永昌-板橋,2023-12-06,9349
1605,華新,10,1,9,華南永昌-板橋,2023-12-06,9349
1616,億泰,11,2,9,華南永昌-板橋,2023-12-06,9349
3687,歐買尬,9,0,9,華南永昌-板橋,2023-12-06,9349
9945,潤泰新,11,2,9,華南永昌-板橋,2023-12-06,9349
00919,群益台灣精選高息,123,4,119,華南永昌-板橋,2023-12-07,9349
00637L,元大滬深300正2,105,2,103,華南永昌-板橋,2023-12-07,9349
00722B,群益投資級電信債,100,0,100,華南永昌-板橋,2023-12-07,9349
3444,利機,315,217,98,華南永昌-板橋,2023-12-07,9349
00937B,群益ESG投等債20,128,39,89,華南永昌-板橋,2023-12-07,9349
8105,凌巨,80,0,80,華南永昌-板橋,2023-12-07,9349
2888,新光金,70,0,70,華南永昌-板橋,2023-12-07,9349
1616,億泰,66,5,61,華南永昌-板橋,2023-12-07,9349
4967,十銓,74,16,58,華南永昌-板橋,2023-12-07,9349
1815,富喬,58,0,58,華南永昌-板橋,2023-12-07,9349
1591,駿吉-KY,62,8,54,華南永昌-板橋,2023-12-07,9349
8088,品安,64,12,52,華南永昌-板橋,2023-12-07,9349
1609,大亞,126,76,50,華南永昌-板橋,2023-12-07,9349
00642U,期元大S＆P石油,48,0,48,華南永昌-板橋,2023-12-07,9349
2476,鉅祥,49,1,48,華南永昌-板橋,2023-12-07,9349
5608,四維航,84,41,43,華南永昌-板橋,2023-12-07,9349
2313,華通,52,10,42,華南永昌-板橋,2023-12-07,9349
6416,瑞祺電通,45,10,35,華南永昌-板橋,2023-12-07,9349
00772B,中信高評級公司債,34,0,34,華南永昌-板橋,2023-12-07,9349
00918,大華優利高填息30,33,0,33,華南永昌-板橋,2023-12-07,9349
3689,湧德,37,7,30,華南永昌-板橋,2023-12-07,9349
00679B,元大美債20年,25,0,25,華南永昌-板橋,2023-12-07,9349
3390,旭軟,26,4,22,華南永昌-板橋,2023-12-07,9349
6435,大中,22,0,22,華南永昌-板橋,2023-12-07,9349
8034,榮群,34,12,22,華南永昌-板橋,2023-12-07,9349
3264,欣銓,23,2,21,華南永昌-板橋,2023-12-07,9349
8176,智捷,21,0,21,華南永昌-板橋,2023-12-07,9349
00633L,富邦上証正2,20,0,20,華南永昌-板橋,2023-12-07,9349
6243,迅杰,45,25,20,華南永昌-板橋,2023-12-07,9349
00929,復華台灣科技優息,21,2,19,華南永昌-板橋,2023-12-07,9349
00712,復華富時不動產,19,0,19,華南永昌-板橋,2023-12-07,9349
2388,威盛,28,9,19,華南永昌-板橋,2023-12-07,9349
5439,高技,20,1,19,華南永昌-板橋,2023-12-07,9349
1605,華新,23,5,18,華南永昌-板橋,2023-12-07,9349
2317,鴻海,18,1,17,華南永昌-板橋,2023-12-07,9349
2457,飛宏,20,3,17,華南永昌-板橋,2023-12-07,9349
6112,邁達特,27,10,17,華南永昌-板橋,2023-12-07,9349
3481,群創,16,0,16,華南永昌-板橋,2023-12-07,9349
2344,華邦電,15,0,15,華南永昌-板橋,2023-12-07,9349
00933B,國泰10Y+金融債,17,2,15,華南永昌-板橋,2023-12-07,9349
00751B,元大AAA至A公司債,17,2,15,華南永昌-板橋,2023-12-07,9349
3059,華晶科,13,0,13,華南永昌-板橋,2023-12-07,9349
6274,台燿,16,3,13,華南永昌-板橋,2023-12-07,9349
006208,富邦台50,14,1,13,華南永昌-板橋,2023-12-07,9349
00915,凱基優選高股息30,13,0,13,華南永昌-板橋,2023-12-07,9349
1781,合世,13,0,13,華南永昌-板橋,2023-12-07,9349
1449,佳和,12,0,12,華南永昌-板橋,2023-12-07,9349
1568,倉佑,23,11,12,華南永昌-板橋,2023-12-07,9349
3687,歐買尬,16,4,12,華南永昌-板橋,2023-12-07,9349
2641,正德,25,14,11,華南永昌-板橋,2023-12-07,9349
3444,利機,217,103,114,華南永昌-板橋,2023-12-08,9349
2605,新興,222,149,73,華南永昌-板橋,2023-12-08,9349
2476,鉅祥,89,27,62,華南永昌-板橋,2023-12-08,9349
00715L,期街口布蘭特正2,57,1,56,華南永昌-板橋,2023-12-08,9349
4746,台耀,60,5,55,華南永昌-板橋,2023-12-08,9349
00937B,群益ESG投等債20,56,5,51,華南永昌-板橋,2023-12-08,9349
2409,友達,51,2,49,華南永昌-板橋,2023-12-08,9349
2382,廣達,53,9,44,華南永昌-板橋,2023-12-08,9349
2888,新光金,41,0,41,華南永昌-板橋,2023-12-08,9349
5351,鈺創,73,34,39,華南永昌-板橋,2023-12-08,9349
00720B,元大投資級公司債,37,0,37,華南永昌-板橋,2023-12-08,9349
00687B,國泰20年美債,32,0,32,華南永昌-板橋,2023-12-08,9349
1591,駿吉-KY,44,12,32,華南永昌-板橋,2023-12-08,9349
00882,中信中國高股息,27,0,27,華南永昌-板橋,2023-12-08,9349
2606,裕民,26,1,25,華南永昌-板橋,2023-12-08,9349
2367,燿華,26,1,25,華南永昌-板橋,2023-12-08,9349
5258,虹堡,40,15,25,華南永昌-板橋,2023-12-08,9349
5426,振發,26,1,25,華南永昌-板橋,2023-12-08,9349
3041,揚智,51,29,22,華南永昌-板橋,2023-12-08,9349
1609,大亞,39,18,21,華南永昌-板橋,2023-12-08,9349
3479,安勤,22,2,20,華南永昌-板橋,2023-12-08,9349
1815,富喬,19,0,19,華南永昌-板橋,2023-12-08,9349
00751B,元大AAA至A公司債,14,0,14,華南永昌-板橋,2023-12-08,9349
8054,安國,85,71,14,華南永昌-板橋,2023-12-08,9349
6901,鑽石投資,14,1,13,華南永昌-板橋,2023-12-08,9349
3491,昇達科,13,1,12,華南永昌-板橋,2023-12-08,9349
3706,神達,11,0,11,華南永昌-板橋,2023-12-08,9349
4979,華星光,28,17,11,華南永昌-板橋,2023-12-08,9349
4906,正文,49,38,11,華南永昌-板橋,2023-12-08,9349
8996,高力,16,5,11,華南永昌-板橋,2023-12-08,9349
1466,聚隆,10,0,10,華南永昌-板橋,2023-12-08,9349
1714,和桐,10,0,10,華南永昌-板橋,2023-12-08,9349
2462,良得電,10,0,10,華南永昌-板橋,2023-12-08,9349
2609,陽明,10,0,10,華南永昌-板橋,2023-12-08,9349
2913,農林,10,0,10,華南永昌-板橋,2023-12-08,9349
3322,建舜電,10,0,10,華南永昌-板橋,2023-12-08,9349
3325,旭品,10,0,10,華南永昌-板橋,2023-12-08,9349
4108,懷特,10,0,10,華南永昌-板橋,2023-12-08,9349
5371,中光電,10,0,10,華南永昌-板橋,2023-12-08,9349
5438,東友,10,0,10,華南永昌-板橋,2023-12-08,9349
6104,創惟,12,2,10,華南永昌-板橋,2023-12-08,9349
6716,應廣,10,0,10,華南永昌-板橋,2023-12-08,9349
8176,智捷,10,0,10,華南永昌-板橋,2023-12-08,9349
00919,群益台灣精選高息,10,1,9,華南永昌-板橋,2023-12-08,9349
6125,廣運,10,0,10,華南永昌-板橋,2023-12-08,9349
00933B,國泰10Y+金融債,9,0,9,華南永昌-板橋,2023-12-08,9349
2449,京元電子,11,2,9,華南永昌-板橋,2023-12-08,9349
00915,凱基優選高股息30,10,1,9,華南永昌-板橋,2023-12-08,9349
2481,強茂,12,3,9,華南永昌-板橋,2023-12-08,9349
2892,第一金,9,0,9,華南永昌-板橋,2023-12-08,9349
2323,中環,116,0,116,華南永昌-板橋,2023-12-11,9349
00919,群益台灣精選高息,113,3,110,華南永昌-板橋,2023-12-11,9349
00937B,群益ESG投等債20,101,3,98,華南永昌-板橋,2023-12-11,9349
2641,正德,101,20,81,華南永昌-板橋,2023-12-11,9349
8105,凌巨,80,1,79,華南永昌-板橋,2023-12-11,9349
00637L,元大滬深300正2,80,11,69,華南永昌-板橋,2023-12-11,9349
2388,威盛,80,15,65,華南永昌-板橋,2023-12-11,9349
2891,中信金,59,0,59,華南永昌-板橋,2023-12-11,9349
2618,長榮航,86,31,55,華南永昌-板橋,2023-12-11,9349
2476,鉅祥,68,24,44,華南永昌-板橋,2023-12-11,9349
3078,僑威,68,26,42,華南永昌-板橋,2023-12-11,9349
1524,耿鼎,95,54,41,華南永昌-板橋,2023-12-11,9349
00882,中信中國高股息,36,0,36,華南永昌-板橋,2023-12-11,9349
2367,燿華,33,0,33,華南永昌-板橋,2023-12-11,9349
6470,宇智,32,0,32,華南永昌-板橋,2023-12-11,9349
2851,中再保,30,0,30,華南永昌-板橋,2023-12-11,9349
8936,國統,30,5,25,華南永昌-板橋,2023-12-11,9349
4768,晶呈科技,23,0,23,華南永昌-板橋,2023-12-11,9349
5258,虹堡,33,12,21,華南永昌-板橋,2023-12-11,9349
2468,華經,20,0,20,華南永昌-板橋,2023-12-11,9349
2368,金像電,19,0,19,華南永昌-板橋,2023-12-11,9349
1312,國喬,21,3,18,華南永昌-板橋,2023-12-11,9349
8088,品安,28,10,18,華南永昌-板橋,2023-12-11,9349
0056,元大高股息,18,1,17,華南永昌-板橋,2023-12-11,9349
2313,華通,64,47,17,華南永昌-板橋,2023-12-11,9349
3479,安勤,21,4,17,華南永昌-板橋,2023-12-11,9349
00679B,元大美債20年,20,4,16,華南永昌-板橋,2023-12-11,9349
1612,宏泰,19,4,15,華南永昌-板橋,2023-12-11,9349
2605,新興,26,11,15,華南永昌-板橋,2023-12-11,9349
1907,永豐餘,13,0,13,華南永昌-板橋,2023-12-11,9349
3499,環天科,15,2,13,華南永昌-板橋,2023-12-11,9349
8054,安國,17,4,13,華南永昌-板橋,2023-12-11,9349
3231,緯創,21,9,12,華南永昌-板橋,2023-12-11,9349
2425,承啟,20,8,12,華南永昌-板橋,2023-12-11,9349
3325,旭品,13,1,12,華南永昌-板橋,2023-12-11,9349
4746,台耀,12,0,12,華南永昌-板橋,2023-12-11,9349
6265,方土昶,11,0,11,華南永昌-板橋,2023-12-11,9349
2413,環科,11,1,10,華南永昌-板橋,2023-12-11,9349
00687B,國泰20年美債,11,1,10,華南永昌-板橋,2023-12-11,9349
00642U,期元大S＆P石油,13,3,10,華南永昌-板橋,2023-12-11,9349
2208,台船,10,0,10,華南永昌-板橋,2023-12-11,9349
2312,金寶,10,0,10,華南永昌-板橋,2023-12-11,9349
2399,映泰,11,1,10,華南永昌-板橋,2023-12-11,9349
2495,普安,10,0,10,華南永昌-板橋,2023-12-11,9349
2913,農林,10,0,10,華南永昌-板橋,2023-12-11,9349
5439,高技,10,0,10,華南永昌-板橋,2023-12-11,9349
8150,南茂,10,0,10,華南永昌-板橋,2023-12-11,9349
1522,堤維西,22,13,9,華南永昌-板橋,2023-12-11,9349
00878,國泰永續高股息,8,0,8,華南永昌-板橋,2023-12-11,9349
2449,京元電子,10,2,8,華南永昌-板橋,2023-12-11,9349
2409,友達,86,7,79,華南永昌-板橋,2023-12-12,9349
00919,群益台灣精選高息,62,4,58,華南永昌-板橋,2023-12-12,9349
00712,復華富時不動產,56,0,56,華南永昌-板橋,2023-12-12,9349
2888,新光金,54,0,54,華南永昌-板橋,2023-12-12,9349
2618,長榮航,81,30,51,華南永昌-板橋,2023-12-12,9349
1514,亞力,86,37,49,華南永昌-板橋,2023-12-12,9349
00929,復華台灣科技優息,56,7,49,華南永昌-板橋,2023-12-12,9349
4746,台耀,46,0,46,華南永昌-板橋,2023-12-12,9349
00915,凱基優選高股息30,77,34,43,華南永昌-板橋,2023-12-12,9349
2313,華通,85,53,32,華南永昌-板橋,2023-12-12,9349
2002,中鋼,32,0,32,華南永昌-板橋,2023-12-12,9349
2382,廣達,43,17,26,華南永昌-板橋,2023-12-12,9349
6147,頎邦,26,1,25,華南永昌-板橋,2023-12-12,9349
8088,品安,42,17,25,華南永昌-板橋,2023-12-12,9349
5258,虹堡,45,23,22,華南永昌-板橋,2023-12-12,9349
2605,新興,25,6,19,華南永昌-板橋,2023-12-12,9349
2329,華泰,52,33,19,華南永昌-板橋,2023-12-12,9349
2436,偉詮電,17,0,17,華南永昌-板橋,2023-12-12,9349
00918,大華優利高填息30,18,2,16,華南永昌-板橋,2023-12-12,9349
1608,華榮,20,4,16,華南永昌-板橋,2023-12-12,9349
2474,可成,16,0,16,華南永昌-板橋,2023-12-12,9349
8034,榮群,31,15,16,華南永昌-板橋,2023-12-12,9349
00751B,元大AAA至A公司債,15,0,15,華南永昌-板橋,2023-12-12,9349
1102,亞泥,25,10,15,華南永昌-板橋,2023-12-12,9349
2520,冠德,15,0,15,華南永昌-板橋,2023-12-12,9349
5521,工信,25,10,15,華南永昌-板橋,2023-12-12,9349
2881,富邦金,13,1,12,華南永昌-板橋,2023-12-12,9349
3607,谷崧,12,0,12,華南永昌-板橋,2023-12-12,9349
3675,德微,12,0,12,華南永昌-板橋,2023-12-12,9349
1618,合機,27,15,12,華南永昌-板橋,2023-12-12,9349
3290,東浦,11,0,11,華南永昌-板橋,2023-12-12,9349
3490,單井,11,0,11,華南永昌-板橋,2023-12-12,9349
5381,合正,12,1,11,華南永昌-板橋,2023-12-12,9349
2431,聯昌,10,0,10,華南永昌-板橋,2023-12-12,9349
2610,華航,10,0,10,華南永昌-板橋,2023-12-12,9349
2851,中再保,10,0,10,華南永昌-板橋,2023-12-12,9349
3057,喬鼎,10,0,10,華南永昌-板橋,2023-12-12,9349
3059,華晶科,10,0,10,華南永昌-板橋,2023-12-12,9349
5439,高技,15,5,10,華南永昌-板橋,2023-12-12,9349
6207,雷科,10,0,10,華南永昌-板橋,2023-12-12,9349
8096,擎亞,11,1,10,華南永昌-板橋,2023-12-12,9349
3017,奇鋐,10,0,10,華南永昌-板橋,2023-12-12,9349
3147,大綜,11,2,9,華南永昌-板橋,2023-12-12,9349
3481,群創,12,3,9,華南永昌-板橋,2023-12-12,9349
6770,力積電,10,1,9,華南永昌-板橋,2023-12-12,9349
3019,亞光,10,1,9,華南永昌-板橋,2023-12-12,9349
1504,東元,9,1,8,華南永昌-板橋,2023-12-12,9349
1314,中石化,8,0,8,華南永昌-板橋,2023-12-12,9349
2401,凌陽,8,0,8,華南永昌-板橋,2023-12-12,9349
3078,僑威,14,6,8,華南永昌-板橋,2023-12-12,9349
00919,群益台灣精選高息,72,0,72,華南永昌-板橋,2023-12-13,9349
2371,大同,110,38,72,華南永昌-板橋,2023-12-13,9349
00687B,國泰20年美債,59,0,59,華南永昌-板橋,2023-12-13,9349
2605,新興,61,4,57,華南永昌-板橋,2023-12-13,9349
00642U,期元大S＆P石油,54,0,54,華南永昌-板橋,2023-12-13,9349
020025,統一亞洲半導體N,50,0,50,華南永昌-板橋,2023-12-13,9349
00929,復華台灣科技優息,83,33,50,華南永昌-板橋,2023-12-13,9349
00918,大華優利高填息30,47,0,47,華南永昌-板橋,2023-12-13,9349
2515,中工,56,14,42,華南永昌-板橋,2023-12-13,9349
2462,良得電,33,0,33,華南永昌-板橋,2023-12-13,9349
1514,亞力,67,34,33,華南永昌-板橋,2023-12-13,9349
2615,萬海,36,5,31,華南永昌-板橋,2023-12-13,9349
3035,智原,45,16,29,華南永昌-板橋,2023-12-13,9349
1605,華新,33,4,29,華南永昌-板橋,2023-12-13,9349
3019,亞光,43,17,26,華南永昌-板橋,2023-12-13,9349
1217,愛之味,22,0,22,華南永昌-板橋,2023-12-13,9349
8054,安國,45,23,22,華南永昌-板橋,2023-12-13,9349
1591,駿吉-KY,21,0,21,華南永昌-板橋,2023-12-13,9349
2363,矽統,30,9,21,華南永昌-板橋,2023-12-13,9349
3548,兆利,21,0,21,華南永昌-板橋,2023-12-13,9349
00915,凱基優選高股息30,20,0,20,華南永昌-板橋,2023-12-13,9349
1522,堤維西,37,17,20,華南永昌-板橋,2023-12-13,9349
3543,州巧,20,0,20,華南永昌-板橋,2023-12-13,9349
6235,華孚,21,1,20,華南永昌-板橋,2023-12-13,9349
4533,協易機,19,1,18,華南永昌-板橋,2023-12-13,9349
4906,正文,30,12,18,華南永昌-板橋,2023-12-13,9349
2890,永豐金,20,3,17,華南永昌-板橋,2023-12-13,9349
00882,中信中國高股息,16,0,16,華南永昌-板橋,2023-12-13,9349
2367,燿華,19,5,14,華南永昌-板橋,2023-12-13,9349
2634,漢翔,16,2,14,華南永昌-板橋,2023-12-13,9349
9904,寶成,13,0,13,華南永昌-板橋,2023-12-13,9349
2317,鴻海,13,1,12,華南永昌-板橋,2023-12-13,9349
3504,揚明光,16,4,12,華南永昌-板橋,2023-12-13,9349
5347,世界,12,0,12,華南永昌-板橋,2023-12-13,9349
2337,旺宏,12,1,11,華南永昌-板橋,2023-12-13,9349
3062,建漢,11,0,11,華南永昌-板橋,2023-12-13,9349
4438,廣越,11,0,11,華南永昌-板橋,2023-12-13,9349
8112,至上,42,31,11,華南永昌-板橋,2023-12-13,9349
8446,華研,10,0,10,華南永昌-板橋,2023-12-13,9349
2880,華南金,10,0,10,華南永昌-板橋,2023-12-13,9349
2376,技嘉,21,11,10,華南永昌-板橋,2023-12-13,9349
6274,台燿,10,0,10,華南永昌-板橋,2023-12-13,9349
1721,三晃,10,0,10,華南永昌-板橋,2023-12-13,9349
3006,晶豪科,10,0,10,華南永昌-板橋,2023-12-13,9349
4128,中天,10,0,10,華南永昌-板橋,2023-12-13,9349
4746,台耀,43,33,10,華南永昌-板橋,2023-12-13,9349
3704,合勤控,14,4,10,華南永昌-板橋,2023-12-13,9349
3051,力特,12,2,10,華南永昌-板橋,2023-12-13,9349
2884,玉山金,9,0,9,華南永昌-板橋,2023-12-13,9349
3037,欣興,16,7,9,華南永昌-板橋,2023-12-13,9349
3444,利機,245,130,115,華南永昌-板橋,2023-12-14,9349
3041,揚智,133,58,75,華南永昌-板橋,2023-12-14,9349
00919,群益台灣精選高息,83,12,71,華南永昌-板橋,2023-12-14,9349
2313,華通,468,400,68,華南永昌-板橋,2023-12-14,9349
1591,駿吉-KY,65,0,65,華南永昌-板橋,2023-12-14,9349
2303,聯電,55,3,52,華南永昌-板橋,2023-12-14,9349
00937B,群益ESG投等債20,50,1,49,華南永昌-板橋,2023-12-14,9349
2002,中鋼,42,0,42,華南永昌-板橋,2023-12-14,9349
00931B,統一美債20年,36,0,36,華南永昌-板橋,2023-12-14,9349
6127,九豪,57,21,36,華南永昌-板橋,2023-12-14,9349
00929,復華台灣科技優息,68,38,30,華南永昌-板橋,2023-12-14,9349
2065,世豐,30,0,30,華南永昌-板橋,2023-12-14,9349
6148,驊宏資,30,1,29,華南永昌-板橋,2023-12-14,9349
1524,耿鼎,28,0,28,華南永昌-板橋,2023-12-14,9349
2317,鴻海,33,5,28,華南永昌-板橋,2023-12-14,9349
3005,神基,52,27,25,華南永昌-板橋,2023-12-14,9349
5328,華容,25,1,24,華南永昌-板橋,2023-12-14,9349
6770,力積電,24,0,24,華南永昌-板橋,2023-12-14,9349
2347,聯強,21,1,20,華南永昌-板橋,2023-12-14,9349
3706,神達,38,18,20,華南永昌-板橋,2023-12-14,9349
00662,富邦NASDAQ,20,0,20,華南永昌-板橋,2023-12-14,9349
2801,彰銀,20,1,19,華南永昌-板橋,2023-12-14,9349
5425,台半,27,9,18,華南永昌-板橋,2023-12-14,9349
5515,建國,28,10,18,華南永昌-板橋,2023-12-14,9349
00882,中信中國高股息,17,0,17,華南永昌-板橋,2023-12-14,9349
2324,仁寶,43,27,16,華南永昌-板橋,2023-12-14,9349
5521,工信,27,11,16,華南永昌-板橋,2023-12-14,9349
2367,燿華,22,7,15,華南永昌-板橋,2023-12-14,9349
4533,協易機,15,0,15,華南永昌-板橋,2023-12-14,9349
00915,凱基優選高股息30,14,0,14,華南永昌-板橋,2023-12-14,9349
00687B,國泰20年美債,14,1,13,華南永昌-板橋,2023-12-14,9349
6285,啟��,21,8,13,華南永昌-板橋,2023-12-14,9349
3380,明泰,13,0,13,華南永昌-板橋,2023-12-14,9349
4909,新復興,14,1,13,華南永昌-板橋,2023-12-14,9349
2329,華泰,36,24,12,華南永昌-板橋,2023-12-14,9349
3362,先進光,12,0,12,華南永昌-板橋,2023-12-14,9349
2408,南亞科,19,7,12,華南永昌-板橋,2023-12-14,9349
2515,中工,13,1,12,華南永昌-板橋,2023-12-14,9349
3207,耀勝,12,0,12,華南永昌-板橋,2023-12-14,9349
1618,合機,17,6,11,華南永昌-板橋,2023-12-14,9349
2204,中華,11,0,11,華南永昌-板橋,2023-12-14,9349
00933B,國泰10Y+金融債,11,0,11,華南永昌-板橋,2023-12-14,9349
2369,菱生,12,1,11,華南永昌-板橋,2023-12-14,9349
2606,裕民,11,0,11,華南永昌-板橋,2023-12-14,9349
1802,台玻,10,0,10,華南永昌-板橋,2023-12-14,9349
2387,精元,12,2,10,華南永昌-板橋,2023-12-14,9349
2390,云辰,10,0,10,華南永昌-板橋,2023-12-14,9349
2610,華航,10,0,10,華南永昌-板橋,2023-12-14,9349
2727,王品,10,0,10,華南永昌-板橋,2023-12-14,9349
3047,訊舟,10,0,10,華南永昌-板橋,2023-12-14,9349
2609,陽明,202,29,173,華南永昌-板橋,2023-12-15,9349
2363,矽統,317,157,160,華南永昌-板橋,2023-12-15,9349
2615,萬海,180,45,135,華南永昌-板橋,2023-12-15,9349
00937B,群益ESG投等債20,110,1,109,華南永昌-板橋,2023-12-15,9349
2356,英業達,267,170,97,華南永昌-板橋,2023-12-15,9349
1514,亞力,131,63,68,華南永昌-板橋,2023-12-15,9349
00929,復華台灣科技優息,105,48,57,華南永昌-板橋,2023-12-15,9349
4967,十銓,56,3,53,華南永昌-板橋,2023-12-15,9349
2331,精英,50,0,50,華南永昌-板橋,2023-12-15,9349
3444,利機,109,68,41,華南永昌-板橋,2023-12-15,9349
00680L,元大美債20正2,40,0,40,華南永昌-板橋,2023-12-15,9349
2313,華通,140,100,40,華南永昌-板橋,2023-12-15,9349
00918,大華優利高填息30,39,0,39,華南永昌-板橋,2023-12-15,9349
00687B,國泰20年美債,31,0,31,華南永昌-板橋,2023-12-15,9349
1591,駿吉-KY,30,0,30,華南永昌-板橋,2023-12-15,9349
8404,百和興業-KY,30,0,30,華南永昌-板橋,2023-12-15,9349
2367,燿華,25,0,25,華南永昌-板橋,2023-12-15,9349
8299,群聯,22,0,22,華南永昌-板橋,2023-12-15,9349
00679B,元大美債20年,27,6,21,華南永昌-板橋,2023-12-15,9349
2474,可成,20,0,20,華南永昌-板橋,2023-12-15,9349
6245,立端,20,0,20,華南永昌-板橋,2023-12-15,9349
2457,飛宏,20,0,20,華南永昌-板橋,2023-12-15,9349
00931B,統一美債20年,19,0,19,華南永昌-板橋,2023-12-15,9349
2883,凱基金,20,1,19,華南永昌-板橋,2023-12-15,9349
00919,群益台灣精選高息,65,47,18,華南永昌-板橋,2023-12-15,9349
00751B,元大AAA至A公司債,19,2,17,華南永昌-板橋,2023-12-15,9349
3231,緯創,24,9,15,華南永昌-板橋,2023-12-15,9349
00915,凱基優選高股息30,14,0,14,華南永昌-板橋,2023-12-15,9349
00933B,國泰10Y+金融債,15,1,14,華南永昌-板橋,2023-12-15,9349
2401,凌陽,16,2,14,華南永昌-板橋,2023-12-15,9349
3260,威剛,16,2,14,華南永昌-板橋,2023-12-15,9349
2328,廣宇,13,0,13,華南永昌-板橋,2023-12-15,9349
1584,精剛,45,33,12,華南永昌-板橋,2023-12-15,9349
00712,復華富時不動產,19,7,12,華南永昌-板橋,2023-12-15,9349
00885,富邦越南,12,0,12,華南永昌-板橋,2023-12-15,9349
4933,友輝,12,0,12,華南永昌-板橋,2023-12-15,9349
4915,致伸,17,5,12,華南永昌-板橋,2023-12-15,9349
00772B,中信高評級公司債,11,0,11,華南永昌-板橋,2023-12-15,9349
4533,協易機,11,0,11,華南永昌-板橋,2023-12-15,9349
8027,鈦昇,11,0,11,華南永昌-板橋,2023-12-15,9349
1513,中興電,10,0,10,華南永昌-板橋,2023-12-15,9349
00923,群益台ESG低碳50,15,5,10,華南永昌-板橋,2023-12-15,9349
00927,群益半導體收益,10,0,10,華南永昌-板橋,2023-12-15,9349
1570,力肯,10,0,10,華南永昌-板橋,2023-12-15,9349
2022,聚亨,10,0,10,華南永昌-板橋,2023-12-15,9349
2069,運錩,10,0,10,華南永昌-板橋,2023-12-15,9349
2885,元大金,10,0,10,華南永昌-板橋,2023-12-15,9349
3207,耀勝,10,0,10,華南永昌-板橋,2023-12-15,9349
6015,宏遠證,10,0,10,華南永昌-板橋,2023-12-15,9349
6770,力積電,10,0,10,華南永昌-板橋,2023-12-15,9349
00929,復華台灣科技優息,86,3,83,華南永昌-板橋,2023-12-18,9349
2363,矽統,111,39,72,華南永昌-板橋,2023-12-18,9349
2356,英業達,91,25,66,華南永昌-板橋,2023-12-18,9349
2476,鉅祥,70,11,59,華南永昌-板橋,2023-12-18,9349
00937B,群益ESG投等債20,105,53,52,華南永昌-板橋,2023-12-18,9349
00919,群益台灣精選高息,94,44,50,華南永昌-板橋,2023-12-18,9349
1514,亞力,142,92,50,華南永昌-板橋,2023-12-18,9349
00878,國泰永續高股息,53,15,38,華南永昌-板橋,2023-12-18,9349
00934,中信成長高股息,35,0,35,華南永昌-板橋,2023-12-18,9349
8054,安國,81,49,32,華南永昌-板橋,2023-12-18,9349
2605,新興,44,20,24,華南永昌-板橋,2023-12-18,9349
00662,富邦NASDAQ,24,0,24,華南永昌-板橋,2023-12-18,9349
6147,頎邦,24,1,23,華南永昌-板橋,2023-12-18,9349
2014,中鴻,54,32,22,華南永昌-板橋,2023-12-18,9349
6205,詮欣,95,75,20,華南永昌-板橋,2023-12-18,9349
8404,百和興業-KY,20,0,20,華南永昌-板橋,2023-12-18,9349
00679B,元大美債20年,28,10,18,華南永昌-板橋,2023-12-18,9349
2002,中鋼,31,13,18,華南永昌-板橋,2023-12-18,9349
00918,大華優利高填息30,22,5,17,華南永昌-板橋,2023-12-18,9349
4933,友輝,17,0,17,華南永昌-板橋,2023-12-18,9349
1605,華新,46,29,17,華南永昌-板橋,2023-12-18,9349
2637,慧洋-KY,16,0,16,華南永昌-板橋,2023-12-18,9349
3545,敦泰,16,1,15,華南永昌-板橋,2023-12-18,9349
2338,光罩,16,1,15,華南永昌-板橋,2023-12-18,9349
2880,華南金,16,1,15,華南永昌-板橋,2023-12-18,9349
3013,晟銘電,15,0,15,華南永昌-板橋,2023-12-18,9349
5347,世界,16,1,15,華南永昌-板橋,2023-12-18,9349
1529,樂事綠能,14,0,14,華南永昌-板橋,2023-12-18,9349
00931B,統一美債20年,18,6,12,華南永昌-板橋,2023-12-18,9349
2457,飛宏,12,0,12,華南永昌-板橋,2023-12-18,9349
2365,昆盈,11,0,11,華南永昌-板橋,2023-12-18,9349
8027,鈦昇,11,0,11,華南永昌-板橋,2023-12-18,9349
1339,昭輝,11,1,10,華南永昌-板橋,2023-12-18,9349
1513,中興電,10,0,10,華南永昌-板橋,2023-12-18,9349
2023,燁輝,42,32,10,華南永昌-板橋,2023-12-18,9349
2331,精英,12,2,10,華南永昌-板橋,2023-12-18,9349
5439,高技,10,0,10,華南永昌-板橋,2023-12-18,9349
2382,廣達,12,2,10,華南永昌-板橋,2023-12-18,9349
4967,十銓,16,7,9,華南永昌-板橋,2023-12-18,9349
9919,康那香,15,6,9,華南永昌-板橋,2023-12-18,9349
2337,旺宏,9,0,9,華南永昌-板橋,2023-12-18,9349
2641,正德,14,6,8,華南永昌-板橋,2023-12-18,9349
4129,聯合,8,0,8,華南永昌-板橋,2023-12-18,9349
4545,銘鈺,8,0,8,華南永昌-板橋,2023-12-18,9349
6182,合晶,8,1,7,華南永昌-板橋,2023-12-18,9349
2258,鴻華先進-創,6,0,6,華南永昌-板橋,2023-12-18,9349
2610,華航,6,0,6,華南永昌-板橋,2023-12-18,9349
3189,景碩,6,0,6,華南永昌-板橋,2023-12-18,9349
3675,德微,12,6,6,華南永昌-板橋,2023-12-18,9349
6285,啟��,7,1,6,華南永昌-板橋,2023-12-18,9349
00632R,元大台灣50反1,3005,0,3005,華南永昌-板橋,2023-12-19,9349
00937B,群益ESG投等債20,171,25,146,華南永昌-板橋,2023-12-19,9349
3444,利機,222,101,121,華南永昌-板橋,2023-12-19,9349
00919,群益台灣精選高息,101,4,97,華南永昌-板橋,2023-12-19,9349
1815,富喬,96,3,93,華南永昌-板橋,2023-12-19,9349
00929,復華台灣科技優息,93,3,90,華南永昌-板橋,2023-12-19,9349
3013,晟銘電,87,0,87,華南永昌-板橋,2023-12-19,9349
00688L,國泰20年美債正2,65,2,63,華南永昌-板橋,2023-12-19,9349
2465,麗臺,46,4,42,華南永昌-板橋,2023-12-19,9349
9105,泰金寶-DR,43,5,38,華南永昌-板橋,2023-12-19,9349
4566,時碩工業,35,0,35,華南永昌-板橋,2023-12-19,9349
2374,佳能,30,0,30,華南永昌-板橋,2023-12-19,9349
5438,東友,30,0,30,華南永昌-板橋,2023-12-19,9349
2409,友達,29,0,29,華南永昌-板橋,2023-12-19,9349
00878,國泰永續高股息,27,0,27,華南永昌-板橋,2023-12-19,9349
2356,英業達,50,26,24,華南永昌-板橋,2023-12-19,9349
2618,長榮航,53,29,24,華南永昌-板橋,2023-12-19,9349
2615,萬海,37,17,20,華南永昌-板橋,2023-12-19,9349
1603,華電,20,0,20,華南永昌-板橋,2023-12-19,9349
5210,寶碩,20,0,20,華南永昌-板橋,2023-12-19,9349
5515,建國,30,10,20,華南永昌-板橋,2023-12-19,9349
00772B,中信高評級公司債,19,0,19,華南永昌-板橋,2023-12-19,9349
3607,谷崧,20,3,17,華南永昌-板橋,2023-12-19,9349
2402,毅嘉,16,0,16,華南永昌-板橋,2023-12-19,9349
00712,復華富時不動產,15,0,15,華南永昌-板橋,2023-12-19,9349
9962,有益,22,7,15,華南永昌-板橋,2023-12-19,9349
2887,台新金,14,0,14,華南永昌-板橋,2023-12-19,9349
2338,光罩,13,0,13,華南永昌-板橋,2023-12-19,9349
2885,元大金,15,2,13,華南永昌-板橋,2023-12-19,9349
6770,力積電,14,1,13,華南永昌-板橋,2023-12-19,9349
00720B,元大投資級公司債,12,0,12,華南永昌-板橋,2023-12-19,9349
1102,亞泥,12,0,12,華南永昌-板橋,2023-12-19,9349
1303,南亞,12,0,12,華南永昌-板橋,2023-12-19,9349
3003,健和興,12,0,12,華南永昌-板橋,2023-12-19,9349
8054,安國,27,15,12,華南永昌-板橋,2023-12-19,9349
00751B,元大AAA至A公司債,11,0,11,華南永昌-板橋,2023-12-19,9349
1701,中化,11,0,11,華南永昌-板橋,2023-12-19,9349
3231,緯創,15,4,11,華南永昌-板橋,2023-12-19,9349
1336,台翰,10,0,10,華南永昌-板橋,2023-12-19,9349
2405,輔信,10,0,10,華南永昌-板橋,2023-12-19,9349
2451,創見,10,0,10,華南永昌-板橋,2023-12-19,9349
3033,威健,10,0,10,華南永昌-板橋,2023-12-19,9349
3543,州巧,10,0,10,華南永昌-板橋,2023-12-19,9349
4121,優盛,11,1,10,華南永昌-板橋,2023-12-19,9349
6290,良維,10,0,10,華南永昌-板橋,2023-12-19,9349
8150,南茂,10,0,10,華南永昌-板橋,2023-12-19,9349
2376,技嘉,14,5,9,華南永昌-板橋,2023-12-19,9349
3042,晶技,9,0,9,華南永昌-板橋,2023-12-19,9349
3290,東浦,9,0,9,華南永昌-板橋,2023-12-19,9349
3591,艾笛森,10,1,9,華南永昌-板橋,2023-12-19,9349
00937B,群益ESG投等債20,74,0,74,華南永昌-板橋,2023-12-20,9349
1514,亞力,98,62,36,華南永昌-板橋,2023-12-20,9349
2913,農林,36,1,35,華南永昌-板橋,2023-12-20,9349
2891,中信金,34,0,34,華南永昌-板橋,2023-12-20,9349
9904,寶成,34,0,34,華南永昌-板橋,2023-12-20,9349
6416,瑞祺電通,39,8,31,華南永昌-板橋,2023-12-20,9349
2609,陽明,75,46,29,華南永昌-板橋,2023-12-20,9349
00929,復華台灣科技優息,38,10,28,華南永昌-板橋,2023-12-20,9349
2520,冠德,28,0,28,華南永昌-板橋,2023-12-20,9349
3437,榮創,23,0,23,華南永昌-板橋,2023-12-20,9349
00919,群益台灣精選高息,25,3,22,華南永昌-板橋,2023-12-20,9349
2476,鉅祥,27,5,22,華南永昌-板橋,2023-12-20,9349
9962,有益,21,0,21,華南永昌-板橋,2023-12-20,9349
00652,富邦印度,20,0,20,華南永昌-板橋,2023-12-20,9349
00679B,元大美債20年,20,1,19,華南永昌-板橋,2023-12-20,9349
4746,台耀,93,76,17,華南永昌-板橋,2023-12-20,9349
2033,佳大,16,0,16,華南永昌-板橋,2023-12-20,9349
5515,建國,16,0,16,華南永昌-板橋,2023-12-20,9349
5438,東友,15,0,15,華南永昌-板橋,2023-12-20,9349
1504,東元,24,11,13,華南永昌-板橋,2023-12-20,9349
2419,仲琦,14,1,13,華南永昌-板橋,2023-12-20,9349
2387,精元,15,3,12,華南永昌-板橋,2023-12-20,9349
2465,麗臺,12,0,12,華南永昌-板橋,2023-12-20,9349
2501,國建,12,0,12,華南永昌-板橋,2023-12-20,9349
5469,瀚宇博,12,1,11,華南永昌-板橋,2023-12-20,9349
00637L,元大滬深300正2,12,2,10,華南永昌-板橋,2023-12-20,9349
00665L,富邦�琤肭磪囓�2,10,0,10,華南永昌-板橋,2023-12-20,9349
1781,合世,10,0,10,華南永昌-板橋,2023-12-20,9349
2367,燿華,10,0,10,華南永昌-板橋,2023-12-20,9349
2442,新美齊,10,0,10,華南永昌-板橋,2023-12-20,9349
2801,彰銀,10,0,10,華南永昌-板橋,2023-12-20,9349
2892,第一金,10,0,10,華南永昌-板橋,2023-12-20,9349
3019,亞光,10,0,10,華南永昌-板橋,2023-12-20,9349
4566,時碩工業,10,0,10,華南永昌-板橋,2023-12-20,9349
5009,榮剛,10,0,10,華南永昌-板橋,2023-12-20,9349
6243,迅杰,10,0,10,華南永昌-板橋,2023-12-20,9349
6274,台燿,9,0,9,華南永昌-板橋,2023-12-20,9349
00680L,元大美債20正2,10,2,8,華南永昌-板橋,2023-12-20,9349
5425,台半,11,3,8,華南永昌-板橋,2023-12-20,9349
6148,驊宏資,8,0,8,華南永昌-板橋,2023-12-20,9349
1584,精剛,7,0,7,華南永昌-板橋,2023-12-20,9349
2332,友訊,7,0,7,華南永昌-板橋,2023-12-20,9349
3006,晶豪科,7,0,7,華南永昌-板橋,2023-12-20,9349
5258,虹堡,7,0,7,華南永昌-板橋,2023-12-20,9349
6156,松上,108,101,7,華南永昌-板橋,2023-12-20,9349
2607,榮運,14,8,6,華南永昌-板橋,2023-12-20,9349
00934,中信成長高股息,6,0,6,華南永昌-板橋,2023-12-20,9349
2303,聯電,6,0,6,華南永昌-板橋,2023-12-20,9349
2337,旺宏,6,0,6,華南永昌-板橋,2023-12-20,9349
5608,四維航,6,0,6,華南永昌-板橋,2023-12-20,9349
4938,和碩,75,0,75,華南永昌-板橋,2023-12-21,9349
3444,利機,263,195,68,華南永昌-板橋,2023-12-21,9349
00919,群益台灣精選高息,48,0,48,華南永昌-板橋,2023-12-21,9349
1514,亞力,56,12,44,華南永昌-板橋,2023-12-21,9349
2371,大同,44,0,44,華南永昌-板橋,2023-12-21,9349
00929,復華台灣科技優息,44,3,41,華南永昌-板橋,2023-12-21,9349
2353,宏��,54,14,40,華南永昌-板橋,2023-12-21,9349
2323,中環,38,0,38,華南永昌-板橋,2023-12-21,9349
3035,智原,40,5,35,華南永昌-板橋,2023-12-21,9349
1591,駿吉-KY,45,10,35,華南永昌-板橋,2023-12-21,9349
2313,華通,56,32,24,華南永昌-板橋,2023-12-21,9349
2801,彰銀,24,0,24,華南永昌-板橋,2023-12-21,9349
5515,建國,22,0,22,華南永昌-板橋,2023-12-21,9349
2474,可成,21,0,21,華南永昌-板橋,2023-12-21,9349
2615,萬海,42,21,21,華南永昌-板橋,2023-12-21,9349
3622,洋華,20,0,20,華南永昌-板橋,2023-12-21,9349
1309,台達化,20,1,19,華南永昌-板橋,2023-12-21,9349
9904,寶成,19,0,19,華南永昌-板橋,2023-12-21,9349
1312,國喬,20,2,18,華南永昌-板橋,2023-12-21,9349
3712,永崴投控,16,0,16,華南永昌-板橋,2023-12-21,9349
5351,鈺創,16,1,15,華南永昌-板橋,2023-12-21,9349
5439,高技,16,1,15,華南永昌-板橋,2023-12-21,9349
2312,金寶,15,1,14,華南永昌-板橋,2023-12-21,9349
3548,兆利,14,0,14,華南永昌-板橋,2023-12-21,9349
00878,國泰永續高股息,12,0,12,華南永昌-板橋,2023-12-21,9349
2329,華泰,19,7,12,華南永昌-板橋,2023-12-21,9349
1466,聚隆,11,0,11,華南永昌-板橋,2023-12-21,9349
2331,精英,16,5,11,華南永昌-板橋,2023-12-21,9349
6416,瑞祺電通,33,22,11,華南永昌-板橋,2023-12-21,9349
2636,台驊控股,14,3,11,華南永昌-板橋,2023-12-21,9349
00664R,國泰臺灣加權反1,10,0,10,華南永昌-板橋,2023-12-21,9349
1603,華電,10,0,10,華南永昌-板橋,2023-12-21,9349
2601,益航,10,0,10,華南永昌-板橋,2023-12-21,9349
2890,永豐金,10,0,10,華南永昌-板橋,2023-12-21,9349
2913,農林,12,2,10,華南永昌-板橋,2023-12-21,9349
3432,台端,10,0,10,華南永昌-板橋,2023-12-21,9349
5356,協益,10,0,10,華南永昌-板橋,2023-12-21,9349
9962,有益,10,0,10,華南永昌-板橋,2023-12-21,9349
2607,榮運,22,13,9,華南永昌-板橋,2023-12-21,9349
2641,正德,29,20,9,華南永昌-板橋,2023-12-21,9349
3607,谷崧,30,21,9,華南永昌-板橋,2023-12-21,9349
3687,歐買尬,14,6,8,華南永昌-板橋,2023-12-21,9349
3702,大聯大,10,2,8,華南永昌-板橋,2023-12-21,9349
1802,台玻,7,0,7,華南永昌-板橋,2023-12-21,9349
1905,華紙,10,3,7,華南永昌-板橋,2023-12-21,9349
2367,燿華,7,0,7,華南永昌-板橋,2023-12-21,9349
3231,緯創,25,18,7,華南永昌-板橋,2023-12-21,9349
7402,邑錡,7,0,7,華南永昌-板橋,2023-12-21,9349
2330,台積電,7,1,6,華南永昌-板橋,2023-12-21,9349
00934,中信成長高股息,6,0,6,華南永昌-板橋,2023-12-21,9349
00919,群益台灣精選高息,119,0,119,華南永昌-板橋,2023-12-22,9349
3444,利機,151,33,118,華南永昌-板橋,2023-12-22,9349
4938,和碩,85,6,79,華南永昌-板橋,2023-12-22,9349
2610,華航,135,67,68,華南永昌-板橋,2023-12-22,9349
00688L,國泰20年美債正2,52,0,52,華南永昌-板橋,2023-12-22,9349
00687B,國泰20年美債,34,0,34,華南永昌-板橋,2023-12-22,9349
9105,泰金寶-DR,42,11,31,華南永昌-板橋,2023-12-22,9349
1524,耿鼎,30,0,30,華南永昌-板橋,2023-12-22,9349
1325,恆大,26,1,25,華南永昌-板橋,2023-12-22,9349
2324,仁寶,34,9,25,華南永昌-板橋,2023-12-22,9349
00637L,元大滬深300正2,20,0,20,華南永昌-板橋,2023-12-22,9349
1336,台翰,20,0,20,華南永昌-板橋,2023-12-22,9349
3548,兆利,22,2,20,華南永昌-板橋,2023-12-22,9349
3607,谷崧,20,0,20,華南永昌-板橋,2023-12-22,9349
2313,華通,50,31,19,華南永昌-板橋,2023-12-22,9349
2371,大同,26,7,19,華南永昌-板橋,2023-12-22,9349
2605,新興,42,23,19,華南永昌-板橋,2023-12-22,9349
3290,東浦,16,0,16,華南永昌-板橋,2023-12-22,9349
00772B,中信高評級公司債,15,0,15,華南永昌-板橋,2023-12-22,9349
1591,駿吉-KY,45,30,15,華南永昌-板橋,2023-12-22,9349
00934,中信成長高股息,14,0,14,華南永昌-板橋,2023-12-22,9349
9919,康那香,14,0,14,華南永昌-板橋,2023-12-22,9349
2363,矽統,13,0,13,華南永昌-板橋,2023-12-22,9349
1326,台化,13,0,13,華南永昌-板橋,2023-12-22,9349
2393,億光,14,1,13,華南永昌-板橋,2023-12-22,9349
2329,華泰,12,0,12,華南永昌-板橋,2023-12-22,9349
2331,精英,34,22,12,華南永昌-板橋,2023-12-22,9349
2351,順德,12,0,12,華南永昌-板橋,2023-12-22,9349
2367,燿華,16,4,12,華南永昌-板橋,2023-12-22,9349
00751B,元大AAA至A公司債,10,0,10,華南永昌-板橋,2023-12-22,9349
2355,敬鵬,101,91,10,華南永昌-板橋,2023-12-22,9349
3260,威剛,10,0,10,華南永昌-板橋,2023-12-22,9349
6125,廣運,10,0,10,華南永昌-板橋,2023-12-22,9349
00929,復華台灣科技優息,9,0,9,華南永昌-板橋,2023-12-22,9349
2105,正新,8,0,8,華南永昌-板橋,2023-12-22,9349
2401,凌陽,11,3,8,華南永昌-板橋,2023-12-22,9349
4933,友輝,8,0,8,華南永昌-板橋,2023-12-22,9349
8069,元太,11,3,8,華南永昌-板橋,2023-12-22,9349
2356,英業達,156,149,7,華南永昌-板橋,2023-12-22,9349
2201,裕隆,7,0,7,華南永昌-板橋,2023-12-22,9349
6443,元晶,7,0,7,華南永昌-板橋,2023-12-22,9349
00679B,元大美債20年,8,1,7,華南永昌-板橋,2023-12-22,9349
2377,微星,7,0,7,華南永昌-板橋,2023-12-22,9349
1795,美時,6,0,6,華南永昌-板橋,2023-12-22,9349
2425,承啟,12,6,6,華南永昌-板橋,2023-12-22,9349
2630,亞航,10,4,6,華南永昌-板橋,2023-12-22,9349
3576,聯合再生,6,0,6,華南永昌-板橋,2023-12-22,9349
3694,海華,12,6,6,華南永昌-板橋,2023-12-22,9349
4105,東洋,6,0,6,華南永昌-板橋,2023-12-22,9349
4915,致伸,7,1,6,華南永昌-板橋,2023-12-22,9349
00919,群益台灣精選高息,98,0,98,華南永昌-板橋,2023-12-25,9349
2374,佳能,50,0,50,華南永昌-板橋,2023-12-25,9349
2609,陽明,131,84,47,華南永昌-板橋,2023-12-25,9349
8088,品安,60,20,40,華南永昌-板橋,2023-12-25,9349
9962,有益,40,0,40,華南永昌-板橋,2023-12-25,9349
3607,谷崧,30,0,30,華南永昌-板橋,2023-12-25,9349
2885,元大金,26,1,25,華南永昌-板橋,2023-12-25,9349
2888,新光金,21,0,21,華南永昌-板橋,2023-12-25,9349
5608,四維航,25,5,20,華南永昌-板橋,2023-12-25,9349
1514,亞力,122,103,19,華南永昌-板橋,2023-12-25,9349
2637,慧洋-KY,18,0,18,華南永昌-板橋,2023-12-25,9349
00929,復華台灣科技優息,18,0,18,華南永昌-板橋,2023-12-25,9349
00934,中信成長高股息,19,2,17,華南永昌-板橋,2023-12-25,9349
2033,佳大,18,2,16,華南永昌-板橋,2023-12-25,9349
00751B,元大AAA至A公司債,15,0,15,華南永昌-板橋,2023-12-25,9349
1217,愛之味,33,20,13,華南永昌-板橋,2023-12-25,9349
2603,長榮,41,29,12,華南永昌-板橋,2023-12-25,9349
4566,時碩工業,12,0,12,華南永昌-板橋,2023-12-25,9349
00772B,中信高評級公司債,11,0,11,華南永昌-板橋,2023-12-25,9349
2324,仁寶,36,26,10,華南永昌-板橋,2023-12-25,9349
00652,富邦印度,10,0,10,華南永昌-板橋,2023-12-25,9349
00640L,富邦日本正2,10,0,10,華南永昌-板橋,2023-12-25,9349
00632R,元大台灣50反1,10,0,10,華南永昌-板橋,2023-12-25,9349
00715L,期街口布蘭特正2,10,0,10,華南永昌-板橋,2023-12-25,9349
2344,華邦電,13,3,10,華南永昌-板橋,2023-12-25,9349
2476,鉅祥,15,5,10,華南永昌-板橋,2023-12-25,9349
2615,萬海,29,19,10,華南永昌-板橋,2023-12-25,9349
3043,科風,10,0,10,華南永昌-板橋,2023-12-25,9349
8446,華研,10,0,10,華南永昌-板橋,2023-12-25,9349
3687,歐買尬,9,0,9,華南永昌-板橋,2023-12-25,9349
2201,裕隆,8,0,8,華南永昌-板橋,2023-12-25,9349
2014,中鴻,15,7,8,華南永昌-板橋,2023-12-25,9349
2883,凱基金,8,0,8,華南永昌-板橋,2023-12-25,9349
6117,迎廣,14,6,8,華南永昌-板橋,2023-12-25,9349
3211,順達,7,0,7,華南永昌-板橋,2023-12-25,9349
4979,華星光,8,1,7,華南永昌-板橋,2023-12-25,9349
6139,亞翔,17,10,7,華南永昌-板橋,2023-12-25,9349
00937B,群益ESG投等債20,7,0,7,華南永昌-板橋,2023-12-25,9349
2323,中環,6,0,6,華南永昌-板橋,2023-12-25,9349
2329,華泰,6,0,6,華南永昌-板橋,2023-12-25,9349
2612,中航,6,0,6,華南永昌-板橋,2023-12-25,9349
6243,迅杰,18,12,6,華南永昌-板橋,2023-12-25,9349
9105,泰金寶-DR,26,20,6,華南永昌-板橋,2023-12-25,9349
1337,再生-KY,5,0,5,華南永昌-板橋,2023-12-25,9349
1471,首利,5,0,5,華南永昌-板橋,2023-12-25,9349
1612,宏泰,5,0,5,華南永昌-板橋,2023-12-25,9349
1809,中釉,5,0,5,華南永昌-板橋,2023-12-25,9349
2007,燁興,5,0,5,華南永昌-板橋,2023-12-25,9349
2312,金寶,15,10,5,華南永昌-板橋,2023-12-25,9349
2355,敬鵬,5,0,5,華南永昌-板橋,2023-12-25,9349
2609,陽明,374,74,300,華南永昌-板橋,2023-12-26,9349
2615,萬海,320,32,288,華南永昌-板橋,2023-12-26,9349
00795B,中信美國公債20年,97,0,97,華南永昌-板橋,2023-12-26,9349
2353,宏��,202,166,36,華南永昌-板橋,2023-12-26,9349
2324,仁寶,97,61,36,華南永昌-板橋,2023-12-26,9349
5521,工信,32,0,32,華南永昌-板橋,2023-12-26,9349
6235,華孚,30,0,30,華南永昌-板橋,2023-12-26,9349
00929,復華台灣科技優息,40,12,28,華南永昌-板橋,2023-12-26,9349
2610,華航,25,2,23,華南永昌-板橋,2023-12-26,9349
3264,欣銓,22,0,22,華南永昌-板橋,2023-12-26,9349
2344,華邦電,26,5,21,華南永昌-板橋,2023-12-26,9349
1605,華新,19,1,18,華南永昌-板橋,2023-12-26,9349
2365,昆盈,20,2,18,華南永昌-板橋,2023-12-26,9349
00919,群益台灣精選高息,20,2,18,華南永昌-板橋,2023-12-26,9349
1336,台翰,17,0,17,華南永昌-板橋,2023-12-26,9349
1316,上曜,15,0,15,華南永昌-板橋,2023-12-26,9349
5438,東友,15,0,15,華南永昌-板橋,2023-12-26,9349
1806,冠軍,14,0,14,華南永昌-板橋,2023-12-26,9349
3694,海華,38,24,14,華南永昌-板橋,2023-12-26,9349
6152,百一,14,0,14,華南永昌-板橋,2023-12-26,9349
2377,微星,31,18,13,華南永昌-板橋,2023-12-26,9349
2465,麗臺,13,0,13,華南永昌-板橋,2023-12-26,9349
2303,聯電,26,14,12,華南永昌-板橋,2023-12-26,9349
6285,啟��,14,3,11,華南永昌-板橋,2023-12-26,9349
3033,威健,11,0,11,華南永昌-板橋,2023-12-26,9349
4979,華星光,11,1,10,華南永昌-板橋,2023-12-26,9349
2331,精英,11,1,10,華南永昌-板橋,2023-12-26,9349
2405,輔信,22,12,10,華南永昌-板橋,2023-12-26,9349
3444,利機,87,77,10,華南永昌-板橋,2023-12-26,9349
4414,如興,10,0,10,華南永昌-板橋,2023-12-26,9349
8034,榮群,10,0,10,華南永昌-板橋,2023-12-26,9349
6462,神盾,34,25,9,華南永昌-板橋,2023-12-26,9349
2618,長榮航,14,6,8,華南永昌-板橋,2023-12-26,9349
3217,優群,10,2,8,華南永昌-板橋,2023-12-26,9349
3325,旭品,20,12,8,華南永昌-板橋,2023-12-26,9349
4960,誠美材,8,0,8,華南永昌-板橋,2023-12-26,9349
6237,驊訊,17,9,8,華南永昌-板橋,2023-12-26,9349
6901,鑽石投資,16,8,8,華南永昌-板橋,2023-12-26,9349
00937B,群益ESG投等債20,7,0,7,華南永昌-板橋,2023-12-26,9349
2498,宏達電,7,0,7,華南永昌-板橋,2023-12-26,9349
9105,泰金寶-DR,27,20,7,華南永昌-板橋,2023-12-26,9349
00751B,元大AAA至A公司債,6,0,6,華南永昌-板橋,2023-12-26,9349
2402,毅嘉,10,4,6,華南永昌-板橋,2023-12-26,9349
5388,中磊,6,0,6,華南永昌-板橋,2023-12-26,9349
2201,裕隆,5,0,5,華南永昌-板橋,2023-12-26,9349
1471,首利,5,0,5,華南永昌-板橋,2023-12-26,9349
2883,凱基金,6,1,5,華南永昌-板橋,2023-12-26,9349
2883B,凱基金乙特,5,0,5,華南永昌-板橋,2023-12-26,9349
3211,順達,6,1,5,華南永昌-板橋,2023-12-26,9349
4768,晶呈科技,5,0,5,華南永昌-板橋,2023-12-26,9349
8088,品安,217,24,193,華南永昌-板橋,2023-12-27,9349
00935,野村臺灣新科技50,100,0,100,華南永昌-板橋,2023-12-27,9349
2618,長榮航,114,36,78,華南永昌-板橋,2023-12-27,9349
00919,群益台灣精選高息,68,1,67,華南永昌-板橋,2023-12-27,9349
00892,富邦台灣半導體,59,0,59,華南永昌-板橋,2023-12-27,9349
00937B,群益ESG投等債20,57,0,57,華南永昌-板橋,2023-12-27,9349
00680L,元大美債20正2,51,0,51,華南永昌-板橋,2023-12-27,9349
2891,中信金,43,0,43,華南永昌-板橋,2023-12-27,9349
3588,通嘉,48,8,40,華南永昌-板橋,2023-12-27,9349
00929,復華台灣科技優息,53,17,36,華南永昌-板橋,2023-12-27,9349
3013,晟銘電,30,3,27,華南永昌-板橋,2023-12-27,9349
2610,華航,28,5,23,華南永昌-板橋,2023-12-27,9349
00882,中信中國高股息,21,0,21,華南永昌-板橋,2023-12-27,9349
3217,優群,21,0,21,華南永昌-板橋,2023-12-27,9349
1336,台翰,20,0,20,華南永昌-板橋,2023-12-27,9349
3050,鈺德,20,0,20,華南永昌-板橋,2023-12-27,9349
3437,榮創,20,1,19,華南永昌-板橋,2023-12-27,9349
1609,大亞,15,0,15,華南永昌-板橋,2023-12-27,9349
2328,廣宇,17,2,15,華南永昌-板橋,2023-12-27,9349
2515,中工,19,4,15,華南永昌-板橋,2023-12-27,9349
6237,驊訊,17,2,15,華南永昌-板橋,2023-12-27,9349
1101,台泥,14,0,14,華南永昌-板橋,2023-12-27,9349
6235,華孚,16,2,14,華南永昌-板橋,2023-12-27,9349
6695,芯鼎,52,39,13,華南永昌-板橋,2023-12-27,9349
3346,麗清,12,0,12,華南永昌-板橋,2023-12-27,9349
3532,台勝科,12,1,11,華南永昌-板橋,2023-12-27,9349
4768,晶呈科技,27,16,11,華南永昌-板橋,2023-12-27,9349
5439,高技,11,0,11,華南永昌-板橋,2023-12-27,9349
6133,金橋,11,0,11,華南永昌-板橋,2023-12-27,9349
2353,宏��,188,177,11,華南永昌-板橋,2023-12-27,9349
00637L,元大滬深300正2,10,0,10,華南永昌-板橋,2023-12-27,9349
00633L,富邦上証正2,10,0,10,華南永昌-板橋,2023-12-27,9349
1591,駿吉-KY,10,0,10,華南永昌-板橋,2023-12-27,9349
3231,緯創,16,7,9,華南永昌-板橋,2023-12-27,9349
1582,信錦,16,7,9,華南永昌-板橋,2023-12-27,9349
3033,威健,10,1,9,華南永昌-板橋,2023-12-27,9349
4979,華星光,27,18,9,華南永昌-板橋,2023-12-27,9349
6139,亞翔,9,0,9,華南永昌-板橋,2023-12-27,9349
6288,聯嘉,11,2,9,華南永昌-板橋,2023-12-27,9349
8054,安國,11,2,9,華南永昌-板橋,2023-12-27,9349
2363,矽統,26,18,8,華南永昌-板橋,2023-12-27,9349
8034,榮群,10,2,8,華南永昌-板橋,2023-12-27,9349
3444,利機,96,89,7,華南永昌-板橋,2023-12-27,9349
5469,瀚宇博,7,0,7,華南永昌-板橋,2023-12-27,9349
3545,敦泰,7,1,6,華南永昌-板橋,2023-12-27,9349
00751B,元大AAA至A公司債,6,0,6,華南永昌-板橋,2023-12-27,9349
2421,建準,6,0,6,華南永昌-板橋,2023-12-27,9349
3264,欣銓,6,0,6,華南永昌-板橋,2023-12-27,9349
5302,太欣,6,0,6,華南永昌-板橋,2023-12-27,9349
6016,康和證,6,0,6,華南永昌-板橋,2023-12-27,9349
00637L,元大滬深300正2,105,1,104,華南永昌-板橋,2023-12-28,9349
8088,品安,103,0,103,華南永昌-板橋,2023-12-28,9349
2323,中環,104,21,83,華南永昌-板橋,2023-12-28,9349
1591,駿吉-KY,70,0,70,華南永昌-板橋,2023-12-28,9349
3444,利機,105,44,61,華南永昌-板橋,2023-12-28,9349
6125,廣運,73,13,60,華南永昌-板橋,2023-12-28,9349
3305,昇貿,62,6,56,華南永昌-板橋,2023-12-28,9349
2355,敬鵬,47,3,44,華南永昌-板橋,2023-12-28,9349
3035,智原,49,7,42,華南永昌-板橋,2023-12-28,9349
00929,復華台灣科技優息,47,9,38,華南永昌-板橋,2023-12-28,9349
2356,英業達,98,67,31,華南永昌-板橋,2023-12-28,9349
00882,中信中國高股息,30,0,30,華南永昌-板橋,2023-12-28,9349
2610,華航,40,11,29,華南永昌-板橋,2023-12-28,9349
00919,群益台灣精選高息,39,10,29,華南永昌-板橋,2023-12-28,9349
3376,新日興,48,23,25,華南永昌-板橋,2023-12-28,9349
1455,集盛,20,0,20,華南永昌-板橋,2023-12-28,9349
2303,聯電,52,32,20,華南永昌-板橋,2023-12-28,9349
00937B,群益ESG投等債20,18,0,18,華南永昌-板橋,2023-12-28,9349
8054,安國,18,1,17,華南永昌-板橋,2023-12-28,9349
9105,泰金寶-DR,22,5,17,華南永昌-板橋,2023-12-28,9349
3231,緯創,25,9,16,華南永昌-板橋,2023-12-28,9349
3006,晶豪科,43,27,16,華南永昌-板橋,2023-12-28,9349
3481,群創,25,9,16,華南永昌-板橋,2023-12-28,9349
4909,新復興,21,5,16,華南永昌-板橋,2023-12-28,9349
6416,瑞祺電通,106,90,16,華南永昌-板橋,2023-12-28,9349
0056,元大高股息,14,0,14,華南永昌-板橋,2023-12-28,9349
2365,昆盈,18,5,13,華南永昌-板橋,2023-12-28,9349
2618,長榮航,17,4,13,華南永昌-板橋,2023-12-28,9349
4746,台耀,45,32,13,華南永昌-板橋,2023-12-28,9349
6179,亞通,26,13,13,華南永昌-板橋,2023-12-28,9349
2515,中工,15,3,12,華南永昌-板橋,2023-12-28,9349
3707,漢磊,13,2,11,華南永昌-板橋,2023-12-28,9349
00665L,富邦�琤肭磪囓�2,11,1,10,華南永昌-板橋,2023-12-28,9349
1522,堤維西,10,0,10,華南永昌-板橋,2023-12-28,9349
2338,光罩,10,0,10,華南永昌-板橋,2023-12-28,9349
5515,建國,30,20,10,華南永昌-板橋,2023-12-28,9349
5521,工信,11,1,10,華南永昌-板橋,2023-12-28,9349
6591,動力-KY,10,0,10,華南永昌-板橋,2023-12-28,9349
8096,擎亞,25,15,10,華南永昌-板橋,2023-12-28,9349
1513,中興電,16,7,9,華南永昌-板橋,2023-12-28,9349
2329,華泰,11,2,9,華南永昌-板橋,2023-12-28,9349
5439,高技,10,1,9,華南永昌-板橋,2023-12-28,9349
2421,建準,15,7,8,華南永昌-板橋,2023-12-28,9349
6188,廣明,18,10,8,華南永昌-板橋,2023-12-28,9349
6243,迅杰,8,1,7,華南永昌-板橋,2023-12-28,9349
2331,精英,15,8,7,華南永昌-板橋,2023-12-28,9349
00935,野村臺灣新科技50,6,0,6,華南永昌-板橋,2023-12-28,9349
1733,五鼎,8,2,6,華南永昌-板橋,2023-12-28,9349
2481,強茂,7,1,6,華南永昌-板橋,2023-12-28,9349
4108,懷特,6,0,6,華南永昌-板橋,2023-12-28,9349
00720B,元大投資級公司債,205,0,205,華南永昌-板橋,2023-12-29,9349
00937B,群益ESG投等債20,152,0,152,華南永昌-板橋,2023-12-29,9349
2515,中工,103,5,98,華南永昌-板橋,2023-12-29,9349
2615,萬海,111,14,97,華南永昌-板橋,2023-12-29,9349
2609,陽明,103,24,79,華南永昌-板橋,2023-12-29,9349
00751B,元大AAA至A公司債,76,0,76,華南永昌-板橋,2023-12-29,9349
1605,華新,61,1,60,華南永昌-板橋,2023-12-29,9349
3444,利機,170,111,59,華南永昌-板橋,2023-12-29,9349
00935,野村臺灣新科技50,52,0,52,華南永昌-板橋,2023-12-29,9349
2618,長榮航,52,1,51,華南永昌-板橋,2023-12-29,9349
00662,富邦NASDAQ,43,0,43,華南永昌-板橋,2023-12-29,9349
1514,亞力,74,38,36,華南永昌-板橋,2023-12-29,9349
2634,漢翔,37,2,35,華南永昌-板橋,2023-12-29,9349
8011,台通,38,4,34,華南永昌-板橋,2023-12-29,9349
8249,菱光,30,0,30,華南永昌-板橋,2023-12-29,9349
3231,緯創,155,127,28,華南永昌-板橋,2023-12-29,9349
00679B,元大美債20年,25,1,24,華南永昌-板橋,2023-12-29,9349
2353,宏��,123,100,23,華南永昌-板橋,2023-12-29,9349
00637L,元大滬深300正2,22,0,22,華南永昌-板橋,2023-12-29,9349
2376,技嘉,30,10,20,華南永昌-板橋,2023-12-29,9349
1603,華電,20,0,20,華南永昌-板橋,2023-12-29,9349
2358,廷鑫,20,0,20,華南永昌-板橋,2023-12-29,9349
2465,麗臺,18,0,18,華南永昌-板橋,2023-12-29,9349
00919,群益台灣精選高息,18,1,17,華南永昌-板橋,2023-12-29,9349
2436,偉詮電,22,5,17,華南永昌-板橋,2023-12-29,9349
00929,復華台灣科技優息,16,0,16,華南永昌-板橋,2023-12-29,9349
3402,漢科,25,10,15,華南永昌-板橋,2023-12-29,9349
9945,潤泰新,15,0,15,華南永昌-板橋,2023-12-29,9349
5452,佶優,13,1,12,華南永昌-板橋,2023-12-29,9349
2421,建準,11,0,11,華南永昌-板橋,2023-12-29,9349
00882,中信中國高股息,10,0,10,華南永昌-板橋,2023-12-29,9349
1616,億泰,10,0,10,華南永昌-板橋,2023-12-29,9349
2457,飛宏,10,0,10,華南永昌-板橋,2023-12-29,9349
3479,安勤,10,0,10,華南永昌-板橋,2023-12-29,9349
6719,力智,17,7,10,華南永昌-板橋,2023-12-29,9349
3438,類比科,10,1,9,華南永昌-板橋,2023-12-29,9349
3706,神達,26,17,9,華南永昌-板橋,2023-12-29,9349
4967,十銓,11,2,9,華南永昌-板橋,2023-12-29,9349
6274,台燿,10,1,9,華南永昌-板橋,2023-12-29,9349
8096,擎亞,9,0,9,華南永昌-板橋,2023-12-29,9349
2328,廣宇,12,4,8,華南永昌-板橋,2023-12-29,9349
2611,志信,8,0,8,華南永昌-板橋,2023-12-29,9349
3630,新鉅科,8,0,8,華南永昌-板橋,2023-12-29,9349
6806,森崴能源,7,0,7,華南永昌-板橋,2023-12-29,9349
00931B,統一美債20年,6,0,6,華南永昌-板橋,2023-12-29,9349
2027,大成鋼,11,5,6,華南永昌-板橋,2023-12-29,9349
3548,兆利,12,6,6,華南永昌-板橋,2023-12-29,9349
6416,瑞祺電通,27,21,6,華南永昌-板橋,2023-12-29,9349
00933B,國泰10Y+金融債,6,0,6,華南永昌-板橋,2023-12-29,9349
1471,首利,5,0,5,華南永昌-板橋,2023-12-29,9349
2609,陽明,214,76,138,華南永昌-板橋,2024-01-02,9349
00937B,群益ESG投等債20,119,7,112,華南永昌-板橋,2024-01-02,9349
2615,萬海,129,25,104,華南永昌-板橋,2024-01-02,9349
00637L,元大滬深300正2,102,1,101,華南永昌-板橋,2024-01-02,9349
6005,群益證,60,0,60,華南永昌-板橋,2024-01-02,9349
00878,國泰永續高股息,55,5,50,華南永昌-板橋,2024-01-02,9349
2443,昶虹,50,0,50,華南永昌-板橋,2024-01-02,9349
2356,英業達,115,72,43,華南永昌-板橋,2024-01-02,9349
1733,五鼎,35,4,31,華南永昌-板橋,2024-01-02,9349
00882,中信中國高股息,30,0,30,華南永昌-板橋,2024-01-02,9349
00680L,元大美債20正2,30,1,29,華南永昌-板橋,2024-01-02,9349
2338,光罩,25,0,25,華南永昌-板橋,2024-01-02,9349
2486,一詮,85,63,22,華南永昌-板橋,2024-01-02,9349
8182,加高,22,0,22,華南永昌-板橋,2024-01-02,9349
00679B,元大美債20年,19,0,19,華南永昌-板橋,2024-01-02,9349
2382,廣達,24,6,18,華南永昌-板橋,2024-01-02,9349
6695,芯鼎,54,36,18,華南永昌-板橋,2024-01-02,9349
2344,華邦電,25,8,17,華南永昌-板橋,2024-01-02,9349
6443,元晶,20,5,15,華南永昌-板橋,2024-01-02,9349
5464,霖宏,15,0,15,華南永昌-板橋,2024-01-02,9349
2641,正德,22,8,14,華南永昌-板橋,2024-01-02,9349
1446,宏和,13,0,13,華南永昌-板橋,2024-01-02,9349
2611,志信,13,0,13,華南永昌-板橋,2024-01-02,9349
2727,王品,15,2,13,華南永昌-板橋,2024-01-02,9349
00857B,永豐20年美公債,11,0,11,華南永昌-板橋,2024-01-02,9349
1455,集盛,10,0,10,華南永昌-板橋,2024-01-02,9349
1603,華電,10,0,10,華南永昌-板橋,2024-01-02,9349
1907,永豐餘,10,0,10,華南永昌-板橋,2024-01-02,9349
3211,順達,10,0,10,華南永昌-板橋,2024-01-02,9349
4746,台耀,20,10,10,華南永昌-板橋,2024-01-02,9349
4960,誠美材,17,7,10,華南永昌-板橋,2024-01-02,9349
6016,康和證,10,0,10,華南永昌-板橋,2024-01-02,9349
0056,元大高股息,14,5,9,華南永昌-板橋,2024-01-02,9349
00633L,富邦上証正2,10,1,9,華南永昌-板橋,2024-01-02,9349
3231,緯創,74,65,9,華南永昌-板橋,2024-01-02,9349
1319,東陽,8,0,8,華南永昌-板橋,2024-01-02,9349
00934,中信成長高股息,8,0,8,華南永昌-板橋,2024-01-02,9349
00931B,統一美債20年,10,2,8,華南永昌-板橋,2024-01-02,9349
2421,建準,18,10,8,華南永昌-板橋,2024-01-02,9349
3217,優群,15,7,8,華南永昌-板橋,2024-01-02,9349
3265,台星科,10,2,8,華南永昌-板橋,2024-01-02,9349
3346,麗清,9,1,8,華南永昌-板橋,2024-01-02,9349
5607,遠雄港,8,0,8,華南永昌-板橋,2024-01-02,9349
00919,群益台灣精選高息,23,15,8,華南永昌-板橋,2024-01-02,9349
3037,欣興,7,0,7,華南永昌-板橋,2024-01-02,9349
2313,華通,9,2,7,華南永昌-板橋,2024-01-02,9349
00638R,元大滬深300反1,7,0,7,華南永昌-板橋,2024-01-02,9349
00720B,元大投資級公司債,9,2,7,華南永昌-板橋,2024-01-02,9349
00772B,中信高評級公司債,7,0,7,華南永昌-板橋,2024-01-02,9349
8059,凱碩,8,1,7,華南永昌-板橋,2024-01-02,9349
2618,長榮航,250,48,202,華南永昌-板橋,2024-01-03,9349
6116,彩晶,154,0,154,華南永昌-板橋,2024-01-03,9349
00929,復華台灣科技優息,91,1,90,華南永昌-板橋,2024-01-03,9349
00919,群益台灣精選高息,79,6,73,華南永昌-板橋,2024-01-03,9349
5351,鈺創,65,0,65,華南永昌-板橋,2024-01-03,9349
6005,群益證,60,0,60,華南永昌-板橋,2024-01-03,9349
3105,穩懋,48,0,48,華南永昌-板橋,2024-01-03,9349
2515,中工,44,2,42,華南永昌-板橋,2024-01-03,9349
00881,國泰台灣5G+,41,0,41,華南永昌-板橋,2024-01-03,9349
00937B,群益ESG投等債20,41,0,41,華南永昌-板橋,2024-01-03,9349
5356,協益,40,0,40,華南永昌-板橋,2024-01-03,9349
1326,台化,36,0,36,華南永昌-板橋,2024-01-03,9349
2610,華航,54,19,35,華南永昌-板橋,2024-01-03,9349
2367,燿華,35,0,35,華南永昌-板橋,2024-01-03,9349
2883B,凱基金乙特,35,0,35,華南永昌-板橋,2024-01-03,9349
00927,群益半導體收益,30,0,30,華南永昌-板橋,2024-01-03,9349
2443,昶虹,30,0,30,華南永昌-板橋,2024-01-03,9349
2363,矽統,143,117,26,華南永昌-板橋,2024-01-03,9349
2201,裕隆,25,0,25,華南永昌-板橋,2024-01-03,9349
2377,微星,26,1,25,華南永昌-板橋,2024-01-03,9349
3481,群創,25,2,23,華南永昌-板橋,2024-01-03,9349
00882,中信中國高股息,22,0,22,華南永昌-板橋,2024-01-03,9349
00933B,國泰10Y+金融債,20,0,20,華南永昌-板橋,2024-01-03,9349
3444,利機,50,30,20,華南永昌-板橋,2024-01-03,9349
6016,康和證,20,0,20,華南永昌-板橋,2024-01-03,9349
2376,技嘉,26,7,19,華南永昌-板橋,2024-01-03,9349
00934,中信成長高股息,18,0,18,華南永昌-板橋,2024-01-03,9349
00918,大華優利高填息30,18,0,18,華南永昌-板橋,2024-01-03,9349
2885,元大金,17,0,17,華南永昌-板橋,2024-01-03,9349
0056,元大高股息,28,12,16,華南永昌-板橋,2024-01-03,9349
2330,台積電,14,0,14,華南永昌-板橋,2024-01-03,9349
2352,佳世達,21,7,14,華南永昌-板橋,2024-01-03,9349
00877,復華中國5G,14,0,14,華南永昌-板橋,2024-01-03,9349
3402,漢科,18,4,14,華南永昌-板橋,2024-01-03,9349
2357,華碩,14,1,13,華南永昌-板橋,2024-01-03,9349
00935,野村臺灣新科技50,13,1,12,華南永昌-板橋,2024-01-03,9349
2324,仁寶,62,50,12,華南永昌-板橋,2024-01-03,9349
2338,光罩,12,0,12,華南永昌-板橋,2024-01-03,9349
2641,正德,16,4,12,華南永昌-板橋,2024-01-03,9349
00878,國泰永續高股息,11,0,11,華南永昌-板橋,2024-01-03,9349
1504,東元,13,2,11,華南永昌-板橋,2024-01-03,9349
2457,飛宏,11,0,11,華南永昌-板橋,2024-01-03,9349
6668,中揚光,14,3,11,華南永昌-板橋,2024-01-03,9349
00864B,中信美國公債0-1,10,0,10,華南永昌-板橋,2024-01-03,9349
00688L,國泰20年美債正2,10,0,10,華南永昌-板橋,2024-01-03,9349
2408,南亞科,20,10,10,華南永昌-板橋,2024-01-03,9349
9941A,裕融甲特,10,0,10,華南永昌-板橋,2024-01-03,9349
3528,安馳,9,0,9,華南永昌-板橋,2024-01-03,9349
9904,寶成,8,0,8,華南永昌-板橋,2024-01-03,9349
00888,永豐台灣ESG,8,0,8,華南永昌-板橋,2024-01-03,9349
00637L,元大滬深300正2,236,0,236,華南永昌-板橋,2024-01-04,9349
00929,復華台灣科技優息,173,3,170,華南永昌-板橋,2024-01-04,9349
2887,台新金,50,0,50,華南永昌-板橋,2024-01-04,9349
3444,利機,153,103,50,華南永昌-板橋,2024-01-04,9349
5356,協益,40,0,40,華南永昌-板橋,2024-01-04,9349
00931B,統一美債20年,30,1,29,華南永昌-板橋,2024-01-04,9349
3217,優群,31,2,29,華南永昌-板橋,2024-01-04,9349
2352,佳世達,47,19,28,華南永昌-板橋,2024-01-04,9349
6191,精成科,25,0,25,華南永昌-板橋,2024-01-04,9349
2303,聯電,41,18,23,華南永昌-板橋,2024-01-04,9349
6156,松上,22,0,22,華南永昌-板橋,2024-01-04,9349
1591,駿吉-KY,21,0,21,華南永昌-板橋,2024-01-04,9349
2331,精英,33,12,21,華南永昌-板橋,2024-01-04,9349
3481,群創,29,8,21,華南永昌-板橋,2024-01-04,9349
2368,金像電,20,0,20,華南永昌-板橋,2024-01-04,9349
1514,亞力,66,46,20,華南永昌-板橋,2024-01-04,9349
6016,康和證,20,0,20,華南永昌-板橋,2024-01-04,9349
00927,群益半導體收益,18,0,18,華南永昌-板橋,2024-01-04,9349
8046,南電,23,5,18,華南永昌-板橋,2024-01-04,9349
6770,力積電,18,0,18,華南永昌-板橋,2024-01-04,9349
2357,華碩,16,1,15,華南永昌-板橋,2024-01-04,9349
00937B,群益ESG投等債20,17,2,15,華南永昌-板橋,2024-01-04,9349
2344,華邦電,19,4,15,華南永昌-板橋,2024-01-04,9349
4533,協易機,15,0,15,華南永昌-板橋,2024-01-04,9349
3231,緯創,27,12,15,華南永昌-板橋,2024-01-04,9349
00919,群益台灣精選高息,14,0,14,華南永昌-板橋,2024-01-04,9349
2356,英業達,20,6,14,華南永昌-板橋,2024-01-04,9349
2486,一詮,44,30,14,華南永昌-板橋,2024-01-04,9349
00633L,富邦上証正2,13,0,13,華南永昌-板橋,2024-01-04,9349
3706,神達,68,56,12,華南永昌-板橋,2024-01-04,9349
4743,合一,16,4,12,華南永昌-板橋,2024-01-04,9349
6125,廣運,22,10,12,華南永昌-板橋,2024-01-04,9349
00934,中信成長高股息,11,0,11,華南永昌-板橋,2024-01-04,9349
2457,飛宏,11,0,11,華南永昌-板橋,2024-01-04,9349
4147,中裕,12,1,11,華南永昌-板橋,2024-01-04,9349
4746,台耀,11,0,11,華南永昌-板橋,2024-01-04,9349
6695,芯鼎,41,30,11,華南永昌-板橋,2024-01-04,9349
00878,國泰永續高股息,14,3,11,華南永昌-板橋,2024-01-04,9349
1733,五鼎,13,3,10,華南永昌-板橋,2024-01-04,9349
2888,新光金,10,0,10,華南永昌-板橋,2024-01-04,9349
3211,順達,10,0,10,華南永昌-板橋,2024-01-04,9349
3266,昇陽,10,0,10,華南永昌-板橋,2024-01-04,9349
6133,金橋,10,0,10,華南永昌-板橋,2024-01-04,9349
6456,GIS-KY,10,0,10,華南永昌-板橋,2024-01-04,9349
2409,友達,13,4,9,華南永昌-板橋,2024-01-04,9349
2605,新興,16,7,9,華南永昌-板橋,2024-01-04,9349
6416,瑞祺電通,33,24,9,華南永昌-板橋,2024-01-04,9349
6719,力智,12,3,9,華南永昌-板橋,2024-01-04,9349
8086,宏捷科,11,2,9,華南永昌-板橋,2024-01-04,9349
00655L,國泰中國A50正2,8,0,8,華南永昌-板橋,2024-01-04,9349
00929,復華台灣科技優息,116,1,115,華南永昌-板橋,2024-01-05,9349
00919,群益台灣精選高息,60,0,60,華南永昌-板橋,2024-01-05,9349
2486,一詮,120,62,58,華南永昌-板橋,2024-01-05,9349
1514,亞力,148,92,56,華南永昌-板橋,2024-01-05,9349
2610,華航,47,1,46,華南永昌-板橋,2024-01-05,9349
2368,金像電,37,1,36,華南永昌-板橋,2024-01-05,9349
2338,光罩,30,0,30,華南永昌-板橋,2024-01-05,9349
00679B,元大美債20年,27,1,26,華南永昌-板橋,2024-01-05,9349
6161,捷波,23,1,22,華南永昌-板橋,2024-01-05,9349
00937B,群益ESG投等債20,21,0,21,華南永昌-板橋,2024-01-05,9349
2883,凱基金,20,0,20,華南永昌-板橋,2024-01-05,9349
6016,康和證,20,0,20,華南永昌-板橋,2024-01-05,9349
8054,安國,25,5,20,華南永昌-板橋,2024-01-05,9349
2855,統一證,18,0,18,華南永昌-板橋,2024-01-05,9349
1325,恆大,17,1,16,華南永昌-板橋,2024-01-05,9349
3706,神達,15,0,15,華南永昌-板橋,2024-01-05,9349
6182,合晶,15,0,15,華南永昌-板橋,2024-01-05,9349
00881,國泰台灣5G+,12,0,12,華南永昌-板橋,2024-01-05,9349
2201,裕隆,13,1,12,華南永昌-板橋,2024-01-05,9349
2393,億光,12,1,11,華南永昌-板橋,2024-01-05,9349
00896,中信綠能及電動車,10,0,10,華南永昌-板橋,2024-01-05,9349
00773B,中信優先金融債,10,0,10,華南永昌-板橋,2024-01-05,9349
00882,中信中國高股息,10,0,10,華南永昌-板橋,2024-01-05,9349
1904,正隆,10,0,10,華南永昌-板橋,2024-01-05,9349
2363,矽統,25,15,10,華南永昌-板橋,2024-01-05,9349
2476,鉅祥,10,0,10,華南永昌-板橋,2024-01-05,9349
4414,如興,10,0,10,華南永昌-板橋,2024-01-05,9349
4968,立積,10,0,10,華南永昌-板橋,2024-01-05,9349
6117,迎廣,32,22,10,華南永昌-板橋,2024-01-05,9349
8110,華東,10,0,10,華南永昌-板橋,2024-01-05,9349
8150,南茂,10,0,10,華南永昌-板橋,2024-01-05,9349
9105,泰金寶-DR,15,5,10,華南永昌-板橋,2024-01-05,9349
3056,富華新,9,0,9,華南永昌-板橋,2024-01-05,9349
3444,利機,25,16,9,華南永昌-板橋,2024-01-05,9349
3479,安勤,10,1,9,華南永昌-板橋,2024-01-05,9349
3711,日月光投控,9,0,9,華南永昌-板橋,2024-01-05,9349
2356,英業達,35,27,8,華南永昌-板橋,2024-01-05,9349
1714,和桐,8,0,8,華南永昌-板橋,2024-01-05,9349
2611,志信,18,10,8,華南永昌-板橋,2024-01-05,9349
6235,華孚,7,0,7,華南永昌-板橋,2024-01-05,9349
8046,南電,8,1,7,華南永昌-板橋,2024-01-05,9349
5425,台半,7,0,7,華南永昌-板橋,2024-01-05,9349
2603,長榮,15,8,7,華南永昌-板橋,2024-01-05,9349
00934,中信成長高股息,7,1,6,華南永昌-板橋,2024-01-05,9349
2330,台積電,6,0,6,華南永昌-板橋,2024-01-05,9349
1605,華新,6,0,6,華南永昌-板橋,2024-01-05,9349
2014,中鴻,6,0,6,華南永昌-板橋,2024-01-05,9349
2367,燿華,6,0,6,華南永昌-板橋,2024-01-05,9349
3419,譁裕,6,0,6,華南永昌-板橋,2024-01-05,9349
8155,博智,6,0,6,華南永昌-板橋,2024-01-05,9349
00751B,元大AAA至A公司債,103,0,103,華南永昌-板橋,2024-01-08,9349
00929,復華台灣科技優息,92,1,91,華南永昌-板橋,2024-01-08,9349
3481,群創,186,112,74,華南永昌-板橋,2024-01-08,9349
00688L,國泰20年美債正2,66,0,66,華南永昌-板橋,2024-01-08,9349
00919,群益台灣精選高息,53,0,53,華南永昌-板橋,2024-01-08,9349
00937B,群益ESG投等債20,48,4,44,華南永昌-板橋,2024-01-08,9349
00927,群益半導體收益,42,0,42,華南永昌-板橋,2024-01-08,9349
00712,復華富時不動產,37,0,37,華南永昌-板橋,2024-01-08,9349
00679B,元大美債20年,33,0,33,華南永昌-板橋,2024-01-08,9349
9105,泰金寶-DR,41,10,31,華南永昌-板橋,2024-01-08,9349
00877,復華中國5G,28,0,28,華南永昌-板橋,2024-01-08,9349
2208,台船,26,1,25,華南永昌-板橋,2024-01-08,9349
4746,台耀,60,35,25,華南永昌-板橋,2024-01-08,9349
2409,友達,49,25,24,華南永昌-板橋,2024-01-08,9349
2367,燿華,23,0,23,華南永昌-板橋,2024-01-08,9349
00882,中信中國高股息,21,0,21,華南永昌-板橋,2024-01-08,9349
3217,優群,22,2,20,華南永昌-板橋,2024-01-08,9349
5438,東友,20,0,20,華南永昌-板橋,2024-01-08,9349
2353,宏��,153,134,19,華南永昌-板橋,2024-01-08,9349
2388,威盛,40,21,19,華南永昌-板橋,2024-01-08,9349
2317,鴻海,19,1,18,華南永昌-板橋,2024-01-08,9349
6416,瑞祺電通,58,40,18,華南永昌-板橋,2024-01-08,9349
1336,台翰,15,0,15,華南永昌-板橋,2024-01-08,9349
3290,東浦,15,0,15,華南永昌-板橋,2024-01-08,9349
9945,潤泰新,15,0,15,華南永昌-板橋,2024-01-08,9349
6770,力積電,32,19,13,華南永昌-板橋,2024-01-08,9349
5607,遠雄港,13,0,13,華南永昌-板橋,2024-01-08,9349
2405,輔信,12,0,12,華南永昌-板橋,2024-01-08,9349
9962,有益,11,0,11,華南永昌-板橋,2024-01-08,9349
1326,台化,10,0,10,華南永昌-板橋,2024-01-08,9349
2344,華邦電,15,5,10,華南永昌-板橋,2024-01-08,9349
2402,毅嘉,10,0,10,華南永昌-板橋,2024-01-08,9349
3588,通嘉,15,5,10,華南永昌-板橋,2024-01-08,9349
8446,華研,10,0,10,華南永昌-板橋,2024-01-08,9349
3017,奇鋐,13,4,9,華南永昌-板橋,2024-01-08,9349
2352,佳世達,34,26,8,華南永昌-板橋,2024-01-08,9349
3380,明泰,9,1,8,華南永昌-板橋,2024-01-08,9349
3444,利機,85,77,8,華南永昌-板橋,2024-01-08,9349
5351,鈺創,8,0,8,華南永昌-板橋,2024-01-08,9349
6462,神盾,15,7,8,華南永昌-板橋,2024-01-08,9349
00857B,永豐20年美公債,7,0,7,華南永昌-板橋,2024-01-08,9349
2303,聯電,39,32,7,華南永昌-板橋,2024-01-08,9349
3228,金麗科,7,0,7,華南永昌-板橋,2024-01-08,9349
8011,台通,7,0,7,華南永昌-板橋,2024-01-08,9349
00720B,元大投資級公司債,6,0,6,華南永昌-板橋,2024-01-08,9349
3006,晶豪科,8,2,6,華南永昌-板橋,2024-01-08,9349
00878,國泰永續高股息,7,1,6,華南永昌-板橋,2024-01-08,9349
00931B,統一美債20年,6,0,6,華南永昌-板橋,2024-01-08,9349
1217,愛之味,6,0,6,華南永昌-板橋,2024-01-08,9349
2324,仁寶,7,1,6,華南永昌-板橋,2024-01-08,9349
00919,群益台灣精選高息,117,0,117,華南永昌-板橋,2024-01-09,9349
00937B,群益ESG投等債20,103,17,86,華南永昌-板橋,2024-01-09,9349
2615,萬海,143,66,77,華南永昌-板橋,2024-01-09,9349
2609,陽明,113,45,68,華南永昌-板橋,2024-01-09,9349
4746,台耀,57,1,56,華南永昌-板橋,2024-01-09,9349
3481,群創,53,6,47,華南永昌-板橋,2024-01-09,9349
1514,亞力,155,115,40,華南永昌-板橋,2024-01-09,9349
6695,芯鼎,42,3,39,華南永昌-板橋,2024-01-09,9349
2002,中鋼,36,1,35,華南永昌-板橋,2024-01-09,9349
6016,康和證,34,0,34,華南永昌-板橋,2024-01-09,9349
2409,友達,76,45,31,華南永昌-板橋,2024-01-09,9349
5438,東友,30,0,30,華南永昌-板橋,2024-01-09,9349
00929,復華台灣科技優息,27,1,26,華南永昌-板橋,2024-01-09,9349
2515,中工,26,0,26,華南永昌-板橋,2024-01-09,9349
2498,宏達電,52,29,23,華南永昌-板橋,2024-01-09,9349
3032,偉訓,21,0,21,華南永昌-板橋,2024-01-09,9349
2887,台新金,20,0,20,華南永昌-板橋,2024-01-09,9349
6257,矽格,20,0,20,華南永昌-板橋,2024-01-09,9349
2356,英業達,52,33,19,華南永昌-板橋,2024-01-09,9349
2610,華航,26,7,19,華南永昌-板橋,2024-01-09,9349
4768,晶呈科技,38,20,18,華南永昌-板橋,2024-01-09,9349
00918,大華優利高填息30,18,0,18,華南永昌-板橋,2024-01-09,9349
2367,燿華,16,0,16,華南永昌-板橋,2024-01-09,9349
2344,華邦電,15,0,15,華南永昌-板橋,2024-01-09,9349
00933B,國泰10Y+金融債,20,6,14,華南永昌-板橋,2024-01-09,9349
3390,旭軟,19,5,14,華南永昌-板橋,2024-01-09,9349
3455,由田,14,0,14,華南永昌-板橋,2024-01-09,9349
00637L,元大滬深300正2,13,0,13,華南永昌-板橋,2024-01-09,9349
2303,聯電,24,11,13,華南永昌-板橋,2024-01-09,9349
2617,台航,12,0,12,華南永昌-板橋,2024-01-09,9349
3078,僑威,12,0,12,華南永昌-板橋,2024-01-09,9349
2324,仁寶,26,15,11,華南永昌-板橋,2024-01-09,9349
2323,中環,11,0,11,華南永昌-板橋,2024-01-09,9349
2329,華泰,21,10,11,華南永昌-板橋,2024-01-09,9349
6113,亞矽,11,0,11,華南永昌-板橋,2024-01-09,9349
6120,達運,15,4,11,華南永昌-板橋,2024-01-09,9349
2457,飛宏,10,0,10,華南永昌-板橋,2024-01-09,9349
1584,精剛,10,0,10,華南永昌-板橋,2024-01-09,9349
2883,凱基金,10,0,10,華南永昌-板橋,2024-01-09,9349
3088,艾訊,10,0,10,華南永昌-板橋,2024-01-09,9349
4121,優盛,10,0,10,華南永昌-板橋,2024-01-09,9349
4968,立積,10,0,10,華南永昌-板橋,2024-01-09,9349
8054,安國,10,0,10,華南永昌-板橋,2024-01-09,9349
2359,所羅門,11,2,9,華南永昌-板橋,2024-01-09,9349
2603,長榮,29,20,9,華南永昌-板橋,2024-01-09,9349
2382,廣達,21,13,8,華南永昌-板橋,2024-01-09,9349
4157,太景*-KY,7,0,7,華南永昌-板橋,2024-01-09,9349
5457,宣德,7,0,7,華南永昌-板橋,2024-01-09,9349
6116,彩晶,10,3,7,華南永昌-板橋,2024-01-09,9349
8011,台通,7,0,7,華南永昌-板橋,2024-01-09,9349
00933B,國泰10Y+金融債,121,0,121,華南永昌-板橋,2024-01-10,9349
2409,友達,140,31,109,華南永昌-板橋,2024-01-10,9349
6026,福邦證,101,0,101,華南永昌-板橋,2024-01-10,9349
0050,元大台灣50,50,0,50,華南永昌-板橋,2024-01-10,9349
6163,華電網,32,1,31,華南永昌-板橋,2024-01-10,9349
1455,集盛,24,0,24,華南永昌-板橋,2024-01-10,9349
00919,群益台灣精選高息,34,10,24,華南永昌-板橋,2024-01-10,9349
00878,國泰永續高股息,23,0,23,華南永昌-板橋,2024-01-10,9349
00929,復華台灣科技優息,30,8,22,華南永昌-板橋,2024-01-10,9349
00679B,元大美債20年,21,0,21,華南永昌-板橋,2024-01-10,9349
6139,亞翔,22,3,19,華南永昌-板橋,2024-01-10,9349
6156,松上,19,0,19,華南永昌-板橋,2024-01-10,9349
2323,中環,17,0,17,華南永昌-板橋,2024-01-10,9349
0056,元大高股息,16,0,16,華南永昌-板橋,2024-01-10,9349
2376,技嘉,20,5,15,華南永昌-板橋,2024-01-10,9349
8210,勤誠,17,2,15,華南永昌-板橋,2024-01-10,9349
2371,大同,45,31,14,華南永昌-板橋,2024-01-10,9349
3499,環天科,17,4,13,華南永昌-板橋,2024-01-10,9349
2303,聯電,14,1,13,華南永昌-板橋,2024-01-10,9349
2498,宏達電,19,7,12,華南永昌-板橋,2024-01-10,9349
3419,譁裕,12,0,12,華南永昌-板橋,2024-01-10,9349
6016,康和證,12,0,12,華南永昌-板橋,2024-01-10,9349
00857B,永豐20年美公債,10,0,10,華南永昌-板橋,2024-01-10,9349
1591,駿吉-KY,10,0,10,華南永昌-板橋,2024-01-10,9349
1612,宏泰,10,0,10,華南永昌-板橋,2024-01-10,9349
2401,凌陽,10,0,10,華南永昌-板橋,2024-01-10,9349
3088,艾訊,10,0,10,華南永昌-板橋,2024-01-10,9349
2356,英業達,72,63,9,華南永昌-板橋,2024-01-10,9349
00918,大華優利高填息30,9,0,9,華南永昌-板橋,2024-01-10,9349
1616,億泰,9,0,9,華南永昌-板橋,2024-01-10,9349
2610,華航,24,16,8,華南永昌-板橋,2024-01-10,9349
5351,鈺創,25,17,8,華南永昌-板橋,2024-01-10,9349
00675L,富邦臺灣加權正2,7,0,7,華南永昌-板橋,2024-01-10,9349
2313,華通,11,5,6,華南永昌-板橋,2024-01-10,9349
2301,光寶科,7,1,6,華南永昌-板橋,2024-01-10,9349
00882,中信中國高股息,6,0,6,華南永昌-板橋,2024-01-10,9349
00888,永豐台灣ESG,6,0,6,華南永昌-板橋,2024-01-10,9349
2374,佳能,6,0,6,華南永昌-板橋,2024-01-10,9349
3290,東浦,6,0,6,華南永昌-板橋,2024-01-10,9349
6187,萬潤,7,1,6,華南永昌-板橋,2024-01-10,9349
6443,元晶,6,0,6,華南永昌-板橋,2024-01-10,9349
6547,高端疫苗,6,0,6,華南永昌-板橋,2024-01-10,9349
8039,台虹,6,0,6,華南永昌-板橋,2024-01-10,9349
4909,新復興,7,1,6,華南永昌-板橋,2024-01-10,9349
1218,泰山,5,0,5,華南永昌-板橋,2024-01-10,9349
2383,台光電,5,0,5,華南永昌-板橋,2024-01-10,9349
2736,富野,5,0,5,華南永昌-板橋,2024-01-10,9349
2867,三商壽,5,0,5,華南永昌-板橋,2024-01-10,9349
2882,國泰金,5,0,5,華南永昌-板橋,2024-01-10,9349
5521,工信,5,0,5,華南永昌-板橋,2024-01-10,9349
00929,復華台灣科技優息,109,0,109,華南永昌-板橋,2024-01-11,9349
5351,鈺創,99,36,63,華南永昌-板橋,2024-01-11,9349
5439,高技,62,0,62,華南永昌-板橋,2024-01-11,9349
1591,駿吉-KY,60,15,45,華南永昌-板橋,2024-01-11,9349
6156,松上,30,0,30,華南永昌-板橋,2024-01-11,9349
6120,達運,57,31,26,華南永昌-板橋,2024-01-11,9349
00919,群益台灣精選高息,23,0,23,華南永昌-板橋,2024-01-11,9349
00640L,富邦日本正2,20,0,20,華南永昌-板橋,2024-01-11,9349
2344,華邦電,19,0,19,華南永昌-板橋,2024-01-11,9349
4956,光鋐,50,33,17,華南永昌-板橋,2024-01-11,9349
6462,神盾,18,1,17,華南永昌-板橋,2024-01-11,9349
2201,裕隆,16,0,16,華南永昌-板橋,2024-01-11,9349
6163,華電網,24,8,16,華南永昌-板橋,2024-01-11,9349
2317,鴻海,17,2,15,華南永昌-板橋,2024-01-11,9349
2392,正崴,15,0,15,華南永昌-板橋,2024-01-11,9349
8034,榮群,25,10,15,華南永昌-板橋,2024-01-11,9349
8182,加高,15,0,15,華南永昌-板橋,2024-01-11,9349
2882,國泰金,16,2,14,華南永昌-板橋,2024-01-11,9349
2329,華泰,81,69,12,華南永昌-板橋,2024-01-11,9349
3025,星通,14,2,12,華南永昌-板橋,2024-01-11,9349
5483,中美晶,13,1,12,華南永昌-板橋,2024-01-11,9349
2371,大同,44,33,11,華南永昌-板橋,2024-01-11,9349
1314,中石化,10,0,10,華南永昌-板橋,2024-01-11,9349
00857B,永豐20年美公債,10,0,10,華南永昌-板橋,2024-01-11,9349
2457,飛宏,10,0,10,華南永昌-板橋,2024-01-11,9349
4566,時碩工業,10,0,10,華南永昌-板橋,2024-01-11,9349
4746,台耀,40,30,10,華南永昌-板橋,2024-01-11,9349
6126,信音,10,0,10,華南永昌-板橋,2024-01-11,9349
2408,南亞科,13,3,10,華南永昌-板橋,2024-01-11,9349
2449,京元電子,12,3,9,華南永昌-板橋,2024-01-11,9349
2022,聚亨,9,0,9,華南永昌-板橋,2024-01-11,9349
3376,新日興,9,0,9,華南永昌-板橋,2024-01-11,9349
00679B,元大美債20年,8,0,8,華南永昌-板橋,2024-01-11,9349
3228,金麗科,11,3,8,華南永昌-板橋,2024-01-11,9349
6116,彩晶,10,2,8,華南永昌-板橋,2024-01-11,9349
8016,矽創,8,0,8,華南永昌-板橋,2024-01-11,9349
3576,聯合再生,7,0,7,華南永昌-板橋,2024-01-11,9349
6139,亞翔,10,3,7,華南永昌-板橋,2024-01-11,9349
6274,台燿,9,2,7,華南永昌-板橋,2024-01-11,9349
2610,華航,6,0,6,華南永昌-板橋,2024-01-11,9349
1514,亞力,81,75,6,華南永昌-板橋,2024-01-11,9349
2465,麗臺,8,2,6,華南永昌-板橋,2024-01-11,9349
6164,華興,6,0,6,華南永昌-板橋,2024-01-11,9349
2303,聯電,9,3,6,華南永昌-板橋,2024-01-11,9349
4967,十銓,5,0,5,華南永昌-板橋,2024-01-11,9349
1301,台塑,5,0,5,華南永昌-板橋,2024-01-11,9349
0056,元大高股息,5,0,5,華南永昌-板橋,2024-01-11,9349
00937B,群益ESG投等債20,5,0,5,華南永昌-板橋,2024-01-11,9349
00930,永豐ESG低碳高息,5,0,5,華南永昌-板橋,2024-01-11,9349
1325,恆大,5,0,5,華南永昌-板橋,2024-01-11,9349
2609,陽明,244,43,201,華南永昌-板橋,2024-01-12,9349
2615,萬海,212,22,190,華南永昌-板橋,2024-01-12,9349
6116,彩晶,94,0,94,華南永昌-板橋,2024-01-12,9349
00929,復華台灣科技優息,89,0,89,華南永昌-板橋,2024-01-12,9349
8210,勤誠,50,0,50,華南永昌-板橋,2024-01-12,9349
2888,新光金,50,2,48,華南永昌-板橋,2024-01-12,9349
3035,智原,51,12,39,華南永昌-板橋,2024-01-12,9349
2816,旺旺保,35,0,35,華南永昌-板橋,2024-01-12,9349
2392,正崴,30,0,30,華南永昌-板橋,2024-01-12,9349
00679B,元大美債20年,31,2,29,華南永昌-板橋,2024-01-12,9349
3231,緯創,115,87,28,華南永昌-板橋,2024-01-12,9349
2353,宏��,39,16,23,華南永昌-板橋,2024-01-12,9349
3376,新日興,23,0,23,華南永昌-板橋,2024-01-12,9349
2887,台新金,22,0,22,華南永昌-板橋,2024-01-12,9349
9105,泰金寶-DR,28,6,22,華南永昌-板橋,2024-01-12,9349
00918,大華優利高填息30,21,0,21,華南永昌-板橋,2024-01-12,9349
5210,寶碩,20,0,20,華南永昌-板橋,2024-01-12,9349
00877,復華中國5G,21,5,16,華南永昌-板橋,2024-01-12,9349
00900,富邦特選高股息30,16,1,15,華南永昌-板橋,2024-01-12,9349
8096,擎亞,30,15,15,華南永昌-板橋,2024-01-12,9349
2409,友達,16,2,14,華南永昌-板橋,2024-01-12,9349
5351,鈺創,60,46,14,華南永昌-板橋,2024-01-12,9349
6770,力積電,14,0,14,華南永昌-板橋,2024-01-12,9349
3444,利機,49,36,13,華南永昌-板橋,2024-01-12,9349
6668,中揚光,18,5,13,華南永昌-板橋,2024-01-12,9349
00637L,元大滬深300正2,32,20,12,華南永昌-板橋,2024-01-12,9349
2486,一詮,286,274,12,華南永昌-板橋,2024-01-12,9349
6695,芯鼎,19,7,12,華南永昌-板橋,2024-01-12,9349
0056,元大高股息,22,11,11,華南永昌-板橋,2024-01-12,9349
3290,東浦,11,0,11,華南永昌-板橋,2024-01-12,9349
2303,聯電,20,10,10,華南永昌-板橋,2024-01-12,9349
1218,泰山,10,0,10,華南永昌-板橋,2024-01-12,9349
1618,合機,10,0,10,華南永昌-板橋,2024-01-12,9349
3419,譁裕,10,0,10,華南永昌-板橋,2024-01-12,9349
5474,聰泰,11,1,10,華南永昌-板橋,2024-01-12,9349
6148,驊宏資,10,0,10,華南永昌-板橋,2024-01-12,9349
00919,群益台灣精選高息,17,8,9,華南永昌-板橋,2024-01-12,9349
5426,振發,12,3,9,華南永昌-板橋,2024-01-12,9349
2610,華航,10,1,9,華南永昌-板橋,2024-01-12,9349
3032,偉訓,9,0,9,華南永昌-板橋,2024-01-12,9349
4909,新復興,23,14,9,華南永昌-板橋,2024-01-12,9349
2317,鴻海,8,0,8,華南永昌-板橋,2024-01-12,9349
00933B,國泰10Y+金融債,7,0,7,華南永昌-板橋,2024-01-12,9349
1446,宏和,7,0,7,華南永昌-板橋,2024-01-12,9349
2022,聚亨,7,0,7,華南永昌-板橋,2024-01-12,9349
2882,國泰金,7,0,7,華南永昌-板橋,2024-01-12,9349
3576,聯合再生,7,0,7,華南永昌-板橋,2024-01-12,9349
00770,國泰北美科技,6,0,6,華南永昌-板橋,2024-01-12,9349
00680L,元大美債20正2,6,0,6,華南永昌-板橋,2024-01-12,9349
2365,昆盈,6,0,6,華南永昌-板橋,2024-01-12,9349
6125,廣運,120,4,116,華南永昌-板橋,2024-01-15,9349
2618,長榮航,78,21,57,華南永昌-板橋,2024-01-15,9349
00929,復華台灣科技優息,53,1,52,華南永昌-板橋,2024-01-15,9349
2101,南港,47,0,47,華南永昌-板橋,2024-01-15,9349
2409,友達,57,13,44,華南永昌-板橋,2024-01-15,9349
00919,群益台灣精選高息,43,0,43,華南永昌-板橋,2024-01-15,9349
2002,中鋼,30,0,30,華南永昌-板橋,2024-01-15,9349
00679B,元大美債20年,30,3,27,華南永昌-板橋,2024-01-15,9349
1514,亞力,133,109,24,華南永昌-板橋,2024-01-15,9349
2610,華航,30,8,22,華南永昌-板橋,2024-01-15,9349
6668,中揚光,22,0,22,華南永昌-板橋,2024-01-15,9349
2027,大成鋼,22,0,22,華南永昌-板橋,2024-01-15,9349
2609,陽明,42,21,21,華南永昌-板橋,2024-01-15,9349
6770,力積電,21,2,19,華南永昌-板橋,2024-01-15,9349
1784,訊聯,16,0,16,華南永昌-板橋,2024-01-15,9349
2356,英業達,22,6,16,華南永昌-板橋,2024-01-15,9349
2736,富野,19,3,16,華南永昌-板橋,2024-01-15,9349
2206,三陽工業,15,0,15,華南永昌-板橋,2024-01-15,9349
3231,緯創,109,94,15,華南永昌-板橋,2024-01-15,9349
2630,亞航,15,1,14,華南永昌-板橋,2024-01-15,9349
3017,奇鋐,17,3,14,華南永昌-板橋,2024-01-15,9349
0056,元大高股息,14,1,13,華南永昌-板橋,2024-01-15,9349
4147,中裕,11,0,11,華南永昌-板橋,2024-01-15,9349
2801,彰銀,11,0,11,華南永昌-板橋,2024-01-15,9349
8096,擎亞,19,8,11,華南永昌-板橋,2024-01-15,9349
6024,群益期,13,2,11,華南永昌-板橋,2024-01-15,9349
1336,台翰,10,0,10,華南永昌-板橋,2024-01-15,9349
1815,富喬,12,2,10,華南永昌-板橋,2024-01-15,9349
2890,永豐金,10,0,10,華南永昌-板橋,2024-01-15,9349
3290,東浦,10,0,10,華南永昌-板橋,2024-01-15,9349
3479,安勤,10,0,10,華南永昌-板橋,2024-01-15,9349
4109,加捷生醫,10,0,10,華南永昌-板橋,2024-01-15,9349
4545,銘鈺,10,0,10,華南永昌-板橋,2024-01-15,9349
2637,慧洋-KY,10,1,9,華南永昌-板橋,2024-01-15,9349
3234,光環,9,0,9,華南永昌-板橋,2024-01-15,9349
2312,金寶,10,2,8,華南永昌-板橋,2024-01-15,9349
2317,鴻海,8,0,8,華南永昌-板橋,2024-01-15,9349
3576,聯合再生,51,43,8,華南永昌-板橋,2024-01-15,9349
9945,潤泰新,10,2,8,華南永昌-板橋,2024-01-15,9349
2634,漢翔,23,15,8,華南永昌-板橋,2024-01-15,9349
1513,中興電,18,11,7,華南永昌-板橋,2024-01-15,9349
2344,華邦電,17,10,7,華南永昌-板橋,2024-01-15,9349
5426,振發,19,13,6,華南永昌-板橋,2024-01-15,9349
5608,四維航,6,0,6,華南永昌-板橋,2024-01-15,9349
6266,泰詠,6,0,6,華南永昌-板橋,2024-01-15,9349
00770,國泰北美科技,5,0,5,華南永昌-板橋,2024-01-15,9349
2201,裕隆,6,1,5,華南永昌-板橋,2024-01-15,9349
2867,三商壽,5,0,5,華南永昌-板橋,2024-01-15,9349
2883B,凱基金乙特,5,0,5,華南永昌-板橋,2024-01-15,9349
3056,富華新,5,0,5,華南永昌-板橋,2024-01-15,9349
5351,鈺創,186,70,116,華南永昌-板橋,2024-01-16,9349
0056,元大高股息,102,5,97,華南永昌-板橋,2024-01-16,9349
00919,群益台灣精選高息,67,0,67,華南永昌-板橋,2024-01-16,9349
2486,一詮,98,33,65,華南永昌-板橋,2024-01-16,9349
2392,正崴,60,0,60,華南永昌-板橋,2024-01-16,9349
2887,台新金,59,0,59,華南永昌-板橋,2024-01-16,9349
00715L,期街口布蘭特正2,50,0,50,華南永昌-板橋,2024-01-16,9349
2353,宏��,76,35,41,華南永昌-板橋,2024-01-16,9349
00650L,復華香港正2,40,0,40,華南永昌-板橋,2024-01-16,9349
00900,富邦特選高股息30,40,2,38,華南永昌-板橋,2024-01-16,9349
2883,凱基金,35,0,35,華南永昌-板橋,2024-01-16,9349
8054,安國,35,2,33,華南永昌-板橋,2024-01-16,9349
1609,大亞,33,1,32,華南永昌-板橋,2024-01-16,9349
00885,富邦越南,32,0,32,華南永昌-板橋,2024-01-16,9349
2313,華通,32,2,30,華南永昌-板橋,2024-01-16,9349
00927,群益半導體收益,29,0,29,華南永昌-板橋,2024-01-16,9349
6016,康和證,30,2,28,華南永昌-板橋,2024-01-16,9349
00679B,元大美債20年,24,0,24,華南永昌-板橋,2024-01-16,9349
3444,利機,28,4,24,華南永昌-板橋,2024-01-16,9349
5608,四維航,24,0,24,華南永昌-板橋,2024-01-16,9349
00929,復華台灣科技優息,51,31,20,華南永昌-板橋,2024-01-16,9349
00882,中信中國高股息,20,0,20,華南永昌-板橋,2024-01-16,9349
5356,協益,20,0,20,華南永昌-板橋,2024-01-16,9349
6239,力成,20,0,20,華南永昌-板橋,2024-01-16,9349
2880,華南金,20,0,20,華南永昌-板橋,2024-01-16,9349
6443,元晶,17,0,17,華南永昌-板橋,2024-01-16,9349
00877,復華中國5G,17,0,17,華南永昌-板橋,2024-01-16,9349
2312,金寶,23,6,17,華南永昌-板橋,2024-01-16,9349
1101,台泥,16,0,16,華南永昌-板橋,2024-01-16,9349
1591,駿吉-KY,15,0,15,華南永昌-板橋,2024-01-16,9349
2515,中工,15,0,15,華南永昌-板橋,2024-01-16,9349
4967,十銓,15,0,15,華南永昌-板橋,2024-01-16,9349
0050,元大台灣50,16,2,14,華南永昌-板橋,2024-01-16,9349
2002,中鋼,13,0,13,華南永昌-板橋,2024-01-16,9349
2206,三陽工業,13,0,13,華南永昌-板橋,2024-01-16,9349
2882,國泰金,13,1,12,華南永昌-板橋,2024-01-16,9349
2913,農林,12,0,12,華南永昌-板橋,2024-01-16,9349
4545,銘鈺,12,0,12,華南永昌-板橋,2024-01-16,9349
4909,新復興,14,2,12,華南永昌-板橋,2024-01-16,9349
6695,芯鼎,50,38,12,華南永昌-板橋,2024-01-16,9349
00918,大華優利高填息30,12,0,12,華南永昌-板橋,2024-01-16,9349
2610,華航,11,0,11,華南永昌-板橋,2024-01-16,9349
3576,聯合再生,14,3,11,華南永昌-板橋,2024-01-16,9349
4116,明基醫,11,0,11,華南永昌-板橋,2024-01-16,9349
6505,台塑化,11,0,11,華南永昌-板橋,2024-01-16,9349
8096,擎亞,27,16,11,華南永昌-板橋,2024-01-16,9349
1434,福懋,10,0,10,華南永昌-板橋,2024-01-16,9349
2338,光罩,10,0,10,華南永昌-板橋,2024-01-16,9349
2633,台灣高鐵,10,0,10,華南永昌-板橋,2024-01-16,9349
6901,鑽石投資,12,2,10,華南永昌-板橋,2024-01-16,9349
00919,群益台灣精選高息,141,0,141,華南永昌-板橋,2024-01-17,9349
6116,彩晶,102,0,102,華南永昌-板橋,2024-01-17,9349
00929,復華台灣科技優息,98,0,98,華南永昌-板橋,2024-01-17,9349
2888,新光金,86,0,86,華南永昌-板橋,2024-01-17,9349
2363,矽統,91,9,82,華南永昌-板橋,2024-01-17,9349
00688L,國泰20年美債正2,80,0,80,華南永昌-板橋,2024-01-17,9349
8096,擎亞,80,18,62,華南永昌-板橋,2024-01-17,9349
2887,台新金,61,1,60,華南永昌-板橋,2024-01-17,9349
2303,聯電,66,16,50,華南永昌-板橋,2024-01-17,9349
00878,國泰永續高股息,47,0,47,華南永昌-板橋,2024-01-17,9349
2371,大同,61,16,45,華南永昌-板橋,2024-01-17,9349
00882,中信中國高股息,47,10,37,華南永昌-板橋,2024-01-17,9349
2486,一詮,92,55,37,華南永昌-板橋,2024-01-17,9349
2344,華邦電,47,11,36,華南永昌-板橋,2024-01-17,9349
1609,大亞,33,2,31,華南永昌-板橋,2024-01-17,9349
0056,元大高股息,38,7,31,華南永昌-板橋,2024-01-17,9349
6016,康和證,26,0,26,華南永昌-板橋,2024-01-17,9349
6125,廣運,26,0,26,華南永昌-板橋,2024-01-17,9349
00679B,元大美債20年,24,0,24,華南永昌-板橋,2024-01-17,9349
2880,華南金,24,0,24,華南永昌-板橋,2024-01-17,9349
6770,力積電,25,2,23,華南永昌-板橋,2024-01-17,9349
00927,群益半導體收益,22,1,21,華南永昌-板橋,2024-01-17,9349
00930,永豐ESG低碳高息,21,0,21,華南永昌-板橋,2024-01-17,9349
2382,廣達,30,9,21,華南永昌-板橋,2024-01-17,9349
2457,飛宏,20,0,20,華南永昌-板橋,2024-01-17,9349
00655L,國泰中國A50正2,20,0,20,華南永昌-板橋,2024-01-17,9349
00650L,復華香港正2,20,0,20,華南永昌-板橋,2024-01-17,9349
1229,聯華,20,0,20,華南永昌-板橋,2024-01-17,9349
2392,正崴,20,0,20,華南永昌-板橋,2024-01-17,9349
00637L,元大滬深300正2,21,2,19,華南永昌-板橋,2024-01-17,9349
0050,元大台灣50,18,0,18,華南永昌-板橋,2024-01-17,9349
2317,鴻海,26,8,18,華南永昌-板橋,2024-01-17,9349
1301,台塑,19,3,16,華南永昌-板橋,2024-01-17,9349
2356,英業達,32,16,16,華南永昌-板橋,2024-01-17,9349
2409,友達,18,2,16,華南永昌-板橋,2024-01-17,9349
00888,永豐台灣ESG,16,0,16,華南永昌-板橋,2024-01-17,9349
4934,太極,16,0,16,華南永昌-板橋,2024-01-17,9349
6789,采鈺,19,3,16,華南永昌-板橋,2024-01-17,9349
2883,凱基金,15,0,15,華南永昌-板橋,2024-01-17,9349
00720B,元大投資級公司債,15,0,15,華南永昌-板橋,2024-01-17,9349
00918,大華優利高填息30,22,7,15,華南永昌-板橋,2024-01-17,9349
2393,億光,14,0,14,華南永昌-板橋,2024-01-17,9349
2609,陽明,25,11,14,華南永昌-板橋,2024-01-17,9349
3444,利機,91,77,14,華南永昌-板橋,2024-01-17,9349
00881,國泰台灣5G+,13,0,13,華南永昌-板橋,2024-01-17,9349
6550,北極星藥業-KY,13,0,13,華南永昌-板橋,2024-01-17,9349
6443,元晶,12,0,12,華南永昌-板橋,2024-01-17,9349
2308,台達電,12,0,12,華南永昌-板橋,2024-01-17,9349
1304,台聚,11,0,11,華南永昌-板橋,2024-01-17,9349
2031,新光鋼,11,0,11,華南永昌-板橋,2024-01-17,9349
2609,陽明,157,40,117,華南永昌-板橋,2024-01-18,9349
00929,復華台灣科技優息,89,6,83,華南永昌-板橋,2024-01-18,9349
2615,萬海,105,23,82,華南永昌-板橋,2024-01-18,9349
4960,誠美材,68,5,63,華南永昌-板橋,2024-01-18,9349
00919,群益台灣精選高息,66,15,51,華南永昌-板橋,2024-01-18,9349
2834,臺企銀,50,0,50,華南永昌-板橋,2024-01-18,9349
2888,新光金,43,0,43,華南永昌-板橋,2024-01-18,9349
2382,廣達,67,27,40,華南永昌-板橋,2024-01-18,9349
2324,仁寶,46,9,37,華南永昌-板橋,2024-01-18,9349
00637L,元大滬深300正2,136,100,36,華南永昌-板橋,2024-01-18,9349
4746,台耀,77,46,31,華南永昌-板橋,2024-01-18,9349
2392,正崴,30,0,30,華南永昌-板橋,2024-01-18,9349
6684,安格,32,2,30,華南永昌-板橋,2024-01-18,9349
2312,金寶,30,3,27,華南永昌-板橋,2024-01-18,9349
3231,緯創,47,26,21,華南永昌-板橋,2024-01-18,9349
2303,聯電,30,10,20,華南永昌-板橋,2024-01-18,9349
6205,詮欣,30,10,20,華南永昌-板橋,2024-01-18,9349
00937B,群益ESG投等債20,24,5,19,華南永昌-板橋,2024-01-18,9349
00882,中信中國高股息,19,0,19,華南永昌-板橋,2024-01-18,9349
2485,兆赫,20,1,19,華南永昌-板橋,2024-01-18,9349
2883,凱基金,23,5,18,華南永昌-板橋,2024-01-18,9349
3622,洋華,16,0,16,華南永昌-板橋,2024-01-18,9349
2002,中鋼,19,4,15,華南永昌-板橋,2024-01-18,9349
5880,合庫金,15,0,15,華南永昌-板橋,2024-01-18,9349
00878,國泰永續高股息,12,0,12,華南永昌-板橋,2024-01-18,9349
2371,大同,12,0,12,華南永昌-板橋,2024-01-18,9349
3419,譁裕,12,0,12,華南永昌-板橋,2024-01-18,9349
3444,利機,122,110,12,華南永昌-板橋,2024-01-18,9349
2385,群光,11,0,11,華南永昌-板橋,2024-01-18,9349
9945,潤泰新,11,0,11,華南永昌-板橋,2024-01-18,9349
00715L,期街口布蘭特正2,10,0,10,華南永昌-板橋,2024-01-18,9349
1449,佳和,10,0,10,華南永昌-板橋,2024-01-18,9349
2633,台灣高鐵,10,0,10,華南永昌-板橋,2024-01-18,9349
5351,鈺創,15,5,10,華南永昌-板橋,2024-01-18,9349
9105,泰金寶-DR,15,5,10,華南永昌-板橋,2024-01-18,9349
9914,美利達,10,0,10,華南永昌-板橋,2024-01-18,9349
1303,南亞,9,0,9,華南永昌-板橋,2024-01-18,9349
2363,矽統,10,1,9,華南永昌-板橋,2024-01-18,9349
2409,友達,171,162,9,華南永昌-板橋,2024-01-18,9349
3025,星通,34,25,9,華南永昌-板橋,2024-01-18,9349
4545,銘鈺,9,0,9,華南永昌-板橋,2024-01-18,9349
0056,元大高股息,9,1,8,華南永昌-板橋,2024-01-18,9349
3033,威健,9,1,8,華南永昌-板橋,2024-01-18,9349
2884,玉山金,9,1,8,華南永昌-板橋,2024-01-18,9349
00679B,元大美債20年,7,0,7,華南永昌-板橋,2024-01-18,9349
1337,再生-KY,7,0,7,華南永昌-板橋,2024-01-18,9349
2436,偉詮電,12,5,7,華南永昌-板橋,2024-01-18,9349
2882,國泰金,8,1,7,華南永昌-板橋,2024-01-18,9349
4979,華星光,9,2,7,華南永昌-板橋,2024-01-18,9349
2881,富邦金,7,0,7,華南永昌-板橋,2024-01-18,9349
00632R,元大台灣50反1,430,0,430,華南永昌-板橋,2024-01-19,9349
2323,中環,100,0,100,華南永昌-板橋,2024-01-19,9349
4960,誠美材,96,11,85,華南永昌-板橋,2024-01-19,9349
0056,元大高股息,87,2,85,華南永昌-板橋,2024-01-19,9349
2618,長榮航,70,6,64,華南永昌-板橋,2024-01-19,9349
2349,錸德,50,0,50,華南永昌-板橋,2024-01-19,9349
2356,英業達,94,45,49,華南永昌-板橋,2024-01-19,9349
2392,正崴,40,0,40,華南永昌-板橋,2024-01-19,9349
00937B,群益ESG投等債20,38,0,38,華南永昌-板橋,2024-01-19,9349
2486,一詮,45,8,37,華南永昌-板橋,2024-01-19,9349
3202,樺晟,35,0,35,華南永昌-板橋,2024-01-19,9349
00641R,富邦日本反1,30,0,30,華南永昌-板橋,2024-01-19,9349
1524,耿鼎,30,0,30,華南永昌-板橋,2024-01-19,9349
2312,金寶,32,2,30,華南永昌-板橋,2024-01-19,9349
3390,旭軟,30,0,30,華南永昌-板橋,2024-01-19,9349
9103,美德醫療-DR,30,0,30,華南永昌-板橋,2024-01-19,9349
00679B,元大美債20年,29,0,29,華南永昌-板橋,2024-01-19,9349
6668,中揚光,31,3,28,華南永昌-板橋,2024-01-19,9349
00687B,國泰20年美債,25,0,25,華南永昌-板橋,2024-01-19,9349
2421,建準,81,57,24,華南永昌-板橋,2024-01-19,9349
2888,新光金,26,2,24,華南永昌-板橋,2024-01-19,9349
2385,群光,21,0,21,華南永昌-板橋,2024-01-19,9349
00712,復華富時不動產,21,0,21,華南永昌-板橋,2024-01-19,9349
3290,東浦,20,0,20,華南永昌-板橋,2024-01-19,9349
8050,廣積,20,0,20,華南永昌-板橋,2024-01-19,9349
5284,jpp-KY,19,0,19,華南永昌-板橋,2024-01-19,9349
6806,森崴能源,19,0,19,華南永昌-板橋,2024-01-19,9349
5351,鈺創,25,7,18,華南永昌-板橋,2024-01-19,9349
00720B,元大投資級公司債,17,0,17,華南永昌-板橋,2024-01-19,9349
00857B,永豐20年美公債,17,0,17,華南永昌-板橋,2024-01-19,9349
2201,裕隆,24,7,17,華南永昌-板橋,2024-01-19,9349
2313,華通,29,12,17,華南永昌-板橋,2024-01-19,9349
3029,零壹,15,0,15,華南永昌-板橋,2024-01-19,9349
3444,利機,34,22,12,華南永昌-板橋,2024-01-19,9349
4545,銘鈺,12,0,12,華南永昌-板橋,2024-01-19,9349
8039,台虹,12,0,12,華南永昌-板橋,2024-01-19,9349
00882,中信中國高股息,11,0,11,華南永昌-板橋,2024-01-19,9349
2489,瑞軒,11,0,11,華南永昌-板橋,2024-01-19,9349
2605,新興,11,0,11,華南永昌-板橋,2024-01-19,9349
2344,華邦電,13,3,10,華南永昌-板橋,2024-01-19,9349
00933B,國泰10Y+金融債,10,0,10,華南永昌-板橋,2024-01-19,9349
1217,愛之味,10,0,10,華南永昌-板橋,2024-01-19,9349
1795,美時,10,0,10,華南永昌-板橋,2024-01-19,9349
2409,友達,191,181,10,華南永昌-板橋,2024-01-19,9349
2615,萬海,13,3,10,華南永昌-板橋,2024-01-19,9349
5426,振發,34,24,10,華南永昌-板橋,2024-01-19,9349
3675,德微,9,0,9,華南永昌-板橋,2024-01-19,9349
6533,晶心科,10,1,9,華南永昌-板橋,2024-01-19,9349
5443,均豪,11,3,8,華南永昌-板橋,2024-01-19,9349
8150,南茂,8,0,8,華南永昌-板橋,2024-01-19,9349
1524,耿鼎,132,0,132,華南永昌-板橋,2024-01-22,9349
5452,佶優,54,1,53,華南永昌-板橋,2024-01-22,9349
00632R,元大台灣50反1,60,10,50,華南永昌-板橋,2024-01-22,9349
6116,彩晶,50,0,50,華南永昌-板橋,2024-01-22,9349
8046,南電,42,0,42,華南永昌-板橋,2024-01-22,9349
8210,勤誠,45,5,40,華南永昌-板橋,2024-01-22,9349
2515,中工,32,0,32,華南永昌-板橋,2024-01-22,9349
3294,英濟,30,0,30,華南永昌-板橋,2024-01-22,9349
6770,力積電,29,0,29,華南永昌-板橋,2024-01-22,9349
00650L,復華香港正2,20,0,20,華南永昌-板橋,2024-01-22,9349
2329,華泰,64,44,20,華南永昌-板橋,2024-01-22,9349
5392,能率,20,0,20,華南永昌-板橋,2024-01-22,9349
00882,中信中國高股息,20,1,19,華南永昌-板橋,2024-01-22,9349
2610,華航,25,6,19,華南永昌-板橋,2024-01-22,9349
6548,長科*,18,0,18,華南永昌-板橋,2024-01-22,9349
2886,兆豐金,22,4,18,華南永昌-板橋,2024-01-22,9349
2363,矽統,42,25,17,華南永昌-板橋,2024-01-22,9349
6108,競國,20,3,17,華南永昌-板橋,2024-01-22,9349
4746,台耀,19,3,16,華南永昌-板橋,2024-01-22,9349
1905,華紙,15,0,15,華南永昌-板橋,2024-01-22,9349
00680L,元大美債20正2,15,3,12,華南永昌-板橋,2024-01-22,9349
6189,豐藝,12,1,11,華南永昌-板橋,2024-01-22,9349
1303,南亞,10,0,10,華南永昌-板橋,2024-01-22,9349
00772B,中信高評級公司債,10,0,10,華南永昌-板橋,2024-01-22,9349
1301,台塑,10,0,10,華南永昌-板橋,2024-01-22,9349
2102,泰豐,10,0,10,華南永昌-板橋,2024-01-22,9349
2443,昶虹,10,0,10,華南永昌-板橋,2024-01-22,9349
3311,閎暉,10,0,10,華南永昌-板橋,2024-01-22,9349
5439,高技,10,0,10,華南永昌-板橋,2024-01-22,9349
6117,迎廣,10,0,10,華南永昌-板橋,2024-01-22,9349
6111,大宇資,20,10,10,華南永昌-板橋,2024-01-22,9349
2634,漢翔,10,1,9,華南永昌-板橋,2024-01-22,9349
2313,華通,27,18,9,華南永昌-板橋,2024-01-22,9349
2486,一詮,11,2,9,華南永昌-板橋,2024-01-22,9349
3520,華盈,15,6,9,華南永昌-板橋,2024-01-22,9349
6205,詮欣,16,7,9,華南永昌-板橋,2024-01-22,9349
2002,中鋼,8,0,8,華南永昌-板橋,2024-01-22,9349
00700,富邦�琤肭磪�,8,0,8,華南永昌-板橋,2024-01-22,9349
00638R,元大滬深300反1,8,0,8,華南永昌-板橋,2024-01-22,9349
2312,金寶,10,2,8,華南永昌-板橋,2024-01-22,9349
2609,陽明,23,15,8,華南永昌-板橋,2024-01-22,9349
4906,正文,8,0,8,華南永昌-板橋,2024-01-22,9349
2330,台積電,11,4,7,華南永昌-板橋,2024-01-22,9349
00676R,富邦臺灣加權反1,7,0,7,華南永昌-板橋,2024-01-22,9349
3078,僑威,7,0,7,華南永昌-板橋,2024-01-22,9349
3587,閎康,7,0,7,華南永昌-板橋,2024-01-22,9349
6139,亞翔,7,0,7,華南永昌-板橋,2024-01-22,9349
3013,晟銘電,8,1,7,華南永昌-板橋,2024-01-22,9349
3037,欣興,17,10,7,華南永昌-板橋,2024-01-22,9349
2884,玉山金,6,0,6,華南永昌-板橋,2024-01-22,9349
00937B,群益ESG投等債20,102,0,102,華南永昌-板橋,2024-01-23,9349
2313,華通,170,95,75,華南永昌-板橋,2024-01-23,9349
8054,安國,131,59,72,華南永昌-板橋,2024-01-23,9349
4960,誠美材,50,0,50,華南永昌-板橋,2024-01-23,9349
2382,廣達,34,6,28,華南永昌-板橋,2024-01-23,9349
2356,英業達,160,136,24,華南永昌-板橋,2024-01-23,9349
3444,利機,37,15,22,華南永昌-板橋,2024-01-23,9349
6147,頎邦,22,0,22,華南永昌-板橋,2024-01-23,9349
6243,迅杰,25,3,22,華南永昌-板橋,2024-01-23,9349
00637L,元大滬深300正2,21,0,21,華南永昌-板橋,2024-01-23,9349
2303,聯電,32,13,19,華南永昌-板橋,2024-01-23,9349
2329,華泰,39,23,16,華南永昌-板橋,2024-01-23,9349
3035,智原,21,6,15,華南永昌-板橋,2024-01-23,9349
3005,神基,14,0,14,華南永昌-板橋,2024-01-23,9349
3217,優群,13,0,13,華南永昌-板橋,2024-01-23,9349
1514,亞力,97,86,11,華南永昌-板橋,2024-01-23,9349
2301,光寶科,15,4,11,華南永昌-板橋,2024-01-23,9349
8105,凌巨,11,0,11,華南永昌-板橋,2024-01-23,9349
3036,文曄,15,5,10,華南永昌-板橋,2024-01-23,9349
00633L,富邦上証正2,10,0,10,華南永昌-板橋,2024-01-23,9349
00642U,期元大S＆P石油,10,0,10,華南永昌-板橋,2024-01-23,9349
1326,台化,10,0,10,華南永昌-板橋,2024-01-23,9349
2367,燿華,10,0,10,華南永昌-板橋,2024-01-23,9349
2385,群光,10,0,10,華南永昌-板橋,2024-01-23,9349
2405,輔信,11,1,10,華南永昌-板橋,2024-01-23,9349
2812,台中銀,10,0,10,華南永昌-板橋,2024-01-23,9349
3504,揚明光,11,1,10,華南永昌-板橋,2024-01-23,9349
2208,台船,10,1,9,華南永昌-板橋,2024-01-23,9349
5426,振發,25,16,9,華南永昌-板橋,2024-01-23,9349
6548,長科*,10,1,9,華南永昌-板橋,2024-01-23,9349
2618,長榮航,16,8,8,華南永昌-板橋,2024-01-23,9349
00878,國泰永續高股息,16,8,8,華南永昌-板橋,2024-01-23,9349
00688L,國泰20年美債正2,10,2,8,華南永昌-板橋,2024-01-23,9349
1101,台泥,8,0,8,華南永昌-板橋,2024-01-23,9349
2615,萬海,9,1,8,華南永昌-板橋,2024-01-23,9349
2637,慧洋-KY,8,0,8,華南永昌-板橋,2024-01-23,9349
2002,中鋼,14,6,8,華南永昌-板橋,2024-01-23,9349
1513,中興電,13,6,7,華南永昌-板橋,2024-01-23,9349
1524,耿鼎,10,3,7,華南永昌-板橋,2024-01-23,9349
3630,新鉅科,7,0,7,華南永昌-板橋,2024-01-23,9349
1795,美時,7,1,6,華南永昌-板橋,2024-01-23,9349
8210,勤誠,16,10,6,華南永昌-板橋,2024-01-23,9349
00935,野村臺灣新科技50,6,0,6,華南永昌-板橋,2024-01-23,9349
3147,大綜,6,0,6,華南永昌-板橋,2024-01-23,9349
3615,安可,21,15,6,華南永昌-板橋,2024-01-23,9349
6116,彩晶,21,15,6,華南永昌-板橋,2024-01-23,9349
8201,無敵,6,0,6,華南永昌-板橋,2024-01-23,9349
2498,宏達電,10,5,5,華南永昌-板橋,2024-01-23,9349
3706,神達,6,1,5,華南永昌-板橋,2024-01-23,9349
2542,興富發,5,0,5,華南永昌-板橋,2024-01-23,9349
00671R,富邦NASDAQ反1,200,0,200,華南永昌-板橋,2024-01-24,9349
2353,宏��,391,256,135,華南永昌-板橋,2024-01-24,9349
00937B,群益ESG投等債20,98,0,98,華南永昌-板橋,2024-01-24,9349
00882,中信中國高股息,90,0,90,華南永昌-板橋,2024-01-24,9349
00679B,元大美債20年,84,0,84,華南永昌-板橋,2024-01-24,9349
2409,友達,124,45,79,華南永昌-板橋,2024-01-24,9349
6668,中揚光,50,1,49,華南永昌-板橋,2024-01-24,9349
2324,仁寶,48,0,48,華南永昌-板橋,2024-01-24,9349
1514,亞力,83,35,48,華南永昌-板橋,2024-01-24,9349
00877,復華中國5G,41,0,41,華南永昌-板橋,2024-01-24,9349
6205,詮欣,55,19,36,華南永昌-板橋,2024-01-24,9349
00665L,富邦�琤肭磪囓�2,40,5,35,華南永昌-板橋,2024-01-24,9349
00637L,元大滬深300正2,33,0,33,華南永昌-板橋,2024-01-24,9349
2891,中信金,33,0,33,華南永昌-板橋,2024-01-24,9349
00929,復華台灣科技優息,42,9,33,華南永昌-板橋,2024-01-24,9349
5351,鈺創,25,2,23,華南永昌-板橋,2024-01-24,9349
6548,長科*,24,1,23,華南永昌-板橋,2024-01-24,9349
8054,安國,95,73,22,華南永昌-板橋,2024-01-24,9349
2884,玉山金,18,1,17,華南永昌-板橋,2024-01-24,9349
2465,麗臺,18,2,16,華南永昌-板橋,2024-01-24,9349
00933B,國泰10Y+金融債,16,0,16,華南永昌-板橋,2024-01-24,9349
8059,凱碩,16,1,15,華南永昌-板橋,2024-01-24,9349
2382,廣達,22,8,14,華南永昌-板橋,2024-01-24,9349
3234,光環,14,0,14,華南永昌-板橋,2024-01-24,9349
2338,光罩,13,0,13,華南永昌-板橋,2024-01-24,9349
3231,緯創,38,25,13,華南永昌-板橋,2024-01-24,9349
3260,威剛,14,3,11,華南永昌-板橋,2024-01-24,9349
00927,群益半導體收益,12,1,11,華南永昌-板橋,2024-01-24,9349
2369,菱生,23,12,11,華南永昌-板橋,2024-01-24,9349
3149,正達,11,0,11,華南永昌-板橋,2024-01-24,9349
9958,世紀鋼,21,10,11,華南永昌-板橋,2024-01-24,9349
00857B,永豐20年美公債,10,0,10,華南永昌-板橋,2024-01-24,9349
00648R,元大S＆P500反1,10,0,10,華南永昌-板橋,2024-01-24,9349
1591,駿吉-KY,10,0,10,華南永昌-板橋,2024-01-24,9349
2208,台船,10,0,10,華南永昌-板橋,2024-01-24,9349
2317,鴻海,10,0,10,華南永昌-板橋,2024-01-24,9349
2474,可成,10,0,10,華南永昌-板橋,2024-01-24,9349
2882,國泰金,10,0,10,華南永昌-板橋,2024-01-24,9349
4714,永捷,10,0,10,華南永昌-板橋,2024-01-24,9349
6284,佳邦,10,0,10,華南永昌-板橋,2024-01-24,9349
6589,台康生技,10,0,10,華南永昌-板橋,2024-01-24,9349
9962,有益,10,0,10,華南永昌-板橋,2024-01-24,9349
1795,美時,10,0,10,華南永昌-板橋,2024-01-24,9349
1609,大亞,15,6,9,華南永昌-板橋,2024-01-24,9349
3444,利機,36,27,9,華南永昌-板橋,2024-01-24,9349
3615,安可,32,23,9,華南永昌-板橋,2024-01-24,9349
6770,力積電,10,1,9,華南永昌-板橋,2024-01-24,9349
4909,新復興,59,50,9,華南永昌-板橋,2024-01-24,9349
3545,敦泰,9,1,8,華南永昌-板橋,2024-01-24,9349
2421,建準,10,2,8,華南永昌-板橋,2024-01-24,9349
00937B,群益ESG投等債20,78,0,78,華南永昌-板橋,2024-01-25,9349
00929,復華台灣科技優息,68,5,63,華南永昌-板橋,2024-01-25,9349
8096,擎亞,56,11,45,華南永昌-板橋,2024-01-25,9349
00882,中信中國高股息,39,1,38,華南永昌-板橋,2024-01-25,9349
3444,利機,83,47,36,華南永昌-板橋,2024-01-25,9349
1301,台塑,30,0,30,華南永昌-板橋,2024-01-25,9349
1303,南亞,30,0,30,華南永昌-板橋,2024-01-25,9349
2880,華南金,30,0,30,華南永昌-板橋,2024-01-25,9349
2382,廣達,53,24,29,華南永昌-板橋,2024-01-25,9349
9105,泰金寶-DR,123,94,29,華南永昌-板橋,2024-01-25,9349
00633L,富邦上証正2,25,0,25,華南永昌-板橋,2024-01-25,9349
00679B,元大美債20年,23,0,23,華南永昌-板橋,2024-01-25,9349
2609,陽明,23,1,22,華南永昌-板橋,2024-01-25,9349
2618,長榮航,23,3,20,華南永昌-板橋,2024-01-25,9349
00850,元大臺灣ESG永續,19,0,19,華南永昌-板橋,2024-01-25,9349
2409,友達,28,11,17,華南永昌-板橋,2024-01-25,9349
5474,聰泰,17,1,16,華南永昌-板橋,2024-01-25,9349
2615,萬海,15,1,14,華南永昌-板橋,2024-01-25,9349
00933B,國泰10Y+金融債,12,0,12,華南永昌-板橋,2024-01-25,9349
2353,宏��,186,174,12,華南永昌-板橋,2024-01-25,9349
2376,技嘉,12,0,12,華南永昌-板橋,2024-01-25,9349
6668,中揚光,32,20,12,華南永昌-板橋,2024-01-25,9349
2884,玉山金,11,0,11,華南永昌-板橋,2024-01-25,9349
8027,鈦昇,12,1,11,華南永昌-板橋,2024-01-25,9349
00857B,永豐20年美公債,10,0,10,華南永昌-板橋,2024-01-25,9349
00715L,期街口布蘭特正2,10,0,10,華南永昌-板橋,2024-01-25,9349
00664R,國泰臺灣加權反1,10,0,10,華南永昌-板橋,2024-01-25,9349
2337,旺宏,24,14,10,華南永昌-板橋,2024-01-25,9349
2412,中華電,10,0,10,華南永昌-板橋,2024-01-25,9349
3013,晟銘電,10,0,10,華南永昌-板橋,2024-01-25,9349
3290,東浦,10,0,10,華南永昌-板橋,2024-01-25,9349
3706,神達,22,12,10,華南永昌-板橋,2024-01-25,9349
4714,永捷,10,0,10,華南永昌-板橋,2024-01-25,9349
8054,安國,19,9,10,華南永昌-板橋,2024-01-25,9349
00687B,國泰20年美債,10,0,10,華南永昌-板橋,2024-01-25,9349
3443,創意,9,0,9,華南永昌-板橋,2024-01-25,9349
3047,訊舟,10,1,9,華南永昌-板橋,2024-01-25,9349
3687,歐買尬,11,2,9,華南永昌-板橋,2024-01-25,9349
6139,亞翔,9,0,9,華南永昌-板橋,2024-01-25,9349
8930,青鋼,9,0,9,華南永昌-板橋,2024-01-25,9349
00637L,元大滬深300正2,11,2,9,華南永昌-板橋,2024-01-25,9349
3231,緯創,62,54,8,華南永昌-板橋,2024-01-25,9349
00900,富邦特選高股息30,10,2,8,華南永昌-板橋,2024-01-25,9349
6113,亞矽,11,3,8,華南永昌-板橋,2024-01-25,9349
2421,建準,10,2,8,華南永昌-板橋,2024-01-25,9349
2736,富野,8,1,7,華南永昌-板橋,2024-01-25,9349
2881,富邦金,10,3,7,華南永昌-板橋,2024-01-25,9349
3588,通嘉,7,0,7,華南永昌-板橋,2024-01-25,9349
4743,合一,7,0,7,華南永昌-板橋,2024-01-25,9349
6695,芯鼎,7,0,7,華南永昌-板橋,2024-01-25,9349
2353,宏��,207,92,115,華南永昌-板橋,2024-01-26,9349
00632R,元大台灣50反1,110,0,110,華南永昌-板橋,2024-01-26,9349
2303,聯電,112,24,88,華南永昌-板橋,2024-01-26,9349
9105,泰金寶-DR,131,79,52,華南永昌-板橋,2024-01-26,9349
2888,新光金,50,1,49,華南永昌-板橋,2024-01-26,9349
00877,復華中國5G,47,0,47,華南永昌-板橋,2024-01-26,9349
00673R,期元大S＆P原油反1,42,0,42,華南永昌-板橋,2024-01-26,9349
2392,正崴,41,0,41,華南永昌-板橋,2024-01-26,9349
00919,群益台灣精選高息,37,0,37,華南永昌-板橋,2024-01-26,9349
00637L,元大滬深300正2,33,2,31,華南永昌-板橋,2024-01-26,9349
3231,緯創,75,44,31,華南永昌-板橋,2024-01-26,9349
00878,國泰永續高股息,28,0,28,華南永昌-板橋,2024-01-26,9349
2486,一詮,33,5,28,華南永昌-板橋,2024-01-26,9349
2618,長榮航,60,32,28,華南永昌-板橋,2024-01-26,9349
8034,榮群,28,2,26,華南永昌-板橋,2024-01-26,9349
5244,弘凱,24,0,24,華南永昌-板橋,2024-01-26,9349
00902,中信電池及儲能,22,0,22,華南永昌-板橋,2024-01-26,9349
8110,華東,70,48,22,華南永昌-板橋,2024-01-26,9349
8210,勤誠,22,1,21,華南永昌-板橋,2024-01-26,9349
2615,萬海,21,0,21,華南永昌-板橋,2024-01-26,9349
00931B,統一美債20年,22,2,20,華南永昌-板橋,2024-01-26,9349
3276,宇環,17,0,17,華南永昌-板橋,2024-01-26,9349
3673,TPK-KY,18,2,16,華南永昌-板橋,2024-01-26,9349
8054,安國,21,5,16,華南永昌-板橋,2024-01-26,9349
00715L,期街口布蘭特正2,30,15,15,華南永昌-板橋,2024-01-26,9349
1591,駿吉-KY,15,0,15,華南永昌-板橋,2024-01-26,9349
2376,技嘉,16,1,15,華南永昌-板橋,2024-01-26,9349
2329,華泰,26,12,14,華南永昌-板橋,2024-01-26,9349
2421,建準,37,23,14,華南永昌-板橋,2024-01-26,9349
2465,麗臺,15,1,14,華南永昌-板橋,2024-01-26,9349
00937B,群益ESG投等債20,14,1,13,華南永昌-板橋,2024-01-26,9349
2324,仁寶,55,43,12,華南永昌-板橋,2024-01-26,9349
3005,神基,24,12,12,華南永昌-板橋,2024-01-26,9349
4908,前鼎,13,1,12,華南永昌-板橋,2024-01-26,9349
4123,晟德,11,0,11,華南永昌-板橋,2024-01-26,9349
0061,元大寶滬深,10,0,10,華南永昌-板橋,2024-01-26,9349
3706,神達,10,0,10,華南永昌-板橋,2024-01-26,9349
9962,有益,10,0,10,華南永昌-板橋,2024-01-26,9349
2382,廣達,16,7,9,華南永昌-板橋,2024-01-26,9349
2356,英業達,45,36,9,華南永昌-板橋,2024-01-26,9349
3290,東浦,16,7,9,華南永昌-板橋,2024-01-26,9349
6239,力成,9,0,9,華南永昌-板橋,2024-01-26,9349
5426,振發,21,12,9,華南永昌-板橋,2024-01-26,9349
2401,凌陽,8,0,8,華南永昌-板橋,2024-01-26,9349
3202,樺晟,8,0,8,華南永昌-板橋,2024-01-26,9349
3360,尚立,17,9,8,華南永昌-板橋,2024-01-26,9349
3583,辛耘,8,0,8,華南永昌-板橋,2024-01-26,9349
2609,陽明,13,6,7,華南永昌-板橋,2024-01-26,9349
3090,日電貿,7,0,7,華南永昌-板橋,2024-01-26,9349
5234,達興材料,8,1,7,華南永昌-板橋,2024-01-26,9349
00753L,中信中國50正2,72,0,72,華南永昌-板橋,2024-01-29,9349
00665L,富邦�琤肭磪囓�2,96,25,71,華南永昌-板橋,2024-01-29,9349
00882,中信中國高股息,68,0,68,華南永昌-板橋,2024-01-29,9349
2337,旺宏,76,21,55,華南永昌-板橋,2024-01-29,9349
2313,華通,50,1,49,華南永昌-板橋,2024-01-29,9349
00937B,群益ESG投等債20,48,0,48,華南永昌-板橋,2024-01-29,9349
00636,國泰中國A50,35,0,35,華南永昌-板橋,2024-01-29,9349
2356,英業達,46,15,31,華南永昌-板橋,2024-01-29,9349
00637L,元大滬深300正2,35,5,30,華南永昌-板橋,2024-01-29,9349
2515,中工,30,0,30,華南永昌-板橋,2024-01-29,9349
4909,新復興,53,25,28,華南永昌-板橋,2024-01-29,9349
2303,聯電,33,9,24,華南永昌-板橋,2024-01-29,9349
2882,國泰金,23,0,23,華南永昌-板橋,2024-01-29,9349
00712,復華富時不動產,20,0,20,華南永昌-板橋,2024-01-29,9349
2208,台船,20,0,20,華南永昌-板橋,2024-01-29,9349
8054,安國,38,18,20,華南永昌-板橋,2024-01-29,9349
8936,國統,21,1,20,華南永昌-板橋,2024-01-29,9349
00885,富邦越南,20,1,19,華南永昌-板橋,2024-01-29,9349
3481,群創,26,7,19,華南永昌-板橋,2024-01-29,9349
2610,華航,17,0,17,華南永昌-板橋,2024-01-29,9349
5469,瀚宇博,15,0,15,華南永昌-板橋,2024-01-29,9349
6179,亞通,15,0,15,華南永昌-板橋,2024-01-29,9349
00687B,國泰20年美債,14,0,14,華南永昌-板橋,2024-01-29,9349
00933B,國泰10Y+金融債,13,0,13,華南永昌-板橋,2024-01-29,9349
2486,一詮,13,2,11,華南永昌-板橋,2024-01-29,9349
6239,力成,13,2,11,華南永昌-板橋,2024-01-29,9349
00715L,期街口布蘭特正2,10,0,10,華南永昌-板橋,2024-01-29,9349
6275,元山,10,0,10,華南永昌-板橋,2024-01-29,9349
6548,長科*,10,0,10,華南永昌-板橋,2024-01-29,9349
8150,南茂,10,0,10,華南永昌-板橋,2024-01-29,9349
1101,台泥,9,0,9,華南永昌-板橋,2024-01-29,9349
8059,凱碩,9,0,9,華南永昌-板橋,2024-01-29,9349
2382,廣達,12,3,9,華南永昌-板橋,2024-01-29,9349
1325,恆大,8,0,8,華南永昌-板橋,2024-01-29,9349
6229,研通,11,3,8,華南永昌-板橋,2024-01-29,9349
3036,文曄,28,20,8,華南永昌-板橋,2024-01-29,9349
1514,亞力,56,49,7,華南永昌-板橋,2024-01-29,9349
4747,強生,7,0,7,華南永昌-板橋,2024-01-29,9349
6116,彩晶,7,0,7,華南永昌-板橋,2024-01-29,9349
3035,智原,9,3,6,華南永昌-板橋,2024-01-29,9349
2399,映泰,6,0,6,華南永昌-板橋,2024-01-29,9349
00919,群益台灣精選高息,10,5,5,華南永昌-板橋,2024-01-29,9349
8210,勤誠,5,0,5,華南永昌-板橋,2024-01-29,9349
2436,偉詮電,5,0,5,華南永昌-板橋,2024-01-29,9349
00891,中信關鍵半導體,5,0,5,華南永昌-板橋,2024-01-29,9349
2329,華泰,11,6,5,華南永昌-板橋,2024-01-29,9349
2867,三商壽,5,0,5,華南永昌-板橋,2024-01-29,9349
3338,泰碩,5,0,5,華南永昌-板橋,2024-01-29,9349
3520,華盈,14,9,5,華南永昌-板橋,2024-01-29,9349
4545,銘鈺,5,0,5,華南永昌-板橋,2024-01-29,9349
2885,元大金,110,0,110,華南永昌-板橋,2024-01-30,9349
00919,群益台灣精選高息,95,0,95,華南永昌-板橋,2024-01-30,9349
2409,友達,71,4,67,華南永昌-板橋,2024-01-30,9349
2317,鴻海,75,20,55,華南永昌-板橋,2024-01-30,9349
00878,國泰永續高股息,51,4,47,華南永昌-板橋,2024-01-30,9349
00882,中信中國高股息,44,0,44,華南永昌-板橋,2024-01-30,9349
00753L,中信中國50正2,42,0,42,華南永昌-板橋,2024-01-30,9349
1514,亞力,54,12,42,華南永昌-板橋,2024-01-30,9349
2356,英業達,76,41,35,華南永昌-板橋,2024-01-30,9349
2337,旺宏,35,1,34,華南永昌-板橋,2024-01-30,9349
2329,華泰,52,21,31,華南永昌-板橋,2024-01-30,9349
5443,均豪,30,0,30,華南永昌-板橋,2024-01-30,9349
0056,元大高股息,31,3,28,華南永昌-板橋,2024-01-30,9349
4908,前鼎,59,33,26,華南永昌-板橋,2024-01-30,9349
3704,合勤控,22,0,22,華南永昌-板橋,2024-01-30,9349
2392,正崴,21,0,21,華南永昌-板橋,2024-01-30,9349
2476,鉅祥,20,0,20,華南永昌-板橋,2024-01-30,9349
4909,新復興,46,26,20,華南永昌-板橋,2024-01-30,9349
8110,華東,20,0,20,華南永昌-板橋,2024-01-30,9349
3231,緯創,63,46,17,華南永昌-板橋,2024-01-30,9349
2421,建準,70,54,16,華南永昌-板橋,2024-01-30,9349
4566,時碩工業,15,0,15,華南永昌-板橋,2024-01-30,9349
00929,復華台灣科技優息,18,4,14,華南永昌-板橋,2024-01-30,9349
1513,中興電,12,0,12,華南永昌-板橋,2024-01-30,9349
2365,昆盈,13,1,12,華南永昌-板橋,2024-01-30,9349
2401,凌陽,11,0,11,華南永昌-板橋,2024-01-30,9349
3033,威健,67,56,11,華南永昌-板橋,2024-01-30,9349
00632R,元大台灣50反1,10,0,10,華南永昌-板橋,2024-01-30,9349
1102,亞泥,10,0,10,華南永昌-板橋,2024-01-30,9349
3437,榮創,10,0,10,華南永昌-板橋,2024-01-30,9349
6668,中揚光,10,0,10,華南永昌-板橋,2024-01-30,9349
9105,泰金寶-DR,10,0,10,華南永昌-板橋,2024-01-30,9349
6235,華孚,10,0,10,華南永昌-板橋,2024-01-30,9349
2486,一詮,10,1,9,華南永昌-板橋,2024-01-30,9349
2308,台達電,8,0,8,華南永昌-板橋,2024-01-30,9349
2884,玉山金,8,0,8,華南永昌-板橋,2024-01-30,9349
00637L,元大滬深300正2,8,0,8,華南永昌-板橋,2024-01-30,9349
2436,偉詮電,8,0,8,華南永昌-板橋,2024-01-30,9349
3360,尚立,12,4,8,華南永昌-板橋,2024-01-30,9349
2352,佳世達,13,6,7,華南永昌-板橋,2024-01-30,9349
2615,萬海,7,0,7,華南永昌-板橋,2024-01-30,9349
3202,樺晟,7,0,7,華南永昌-板橋,2024-01-30,9349
3548,兆利,18,11,7,華南永昌-板橋,2024-01-30,9349
6104,創惟,7,0,7,華南永昌-板橋,2024-01-30,9349
6270,倍微,10,3,7,華南永昌-板橋,2024-01-30,9349
1101,台泥,6,0,6,華南永昌-板橋,2024-01-30,9349
2610,華航,7,1,6,華南永昌-板橋,2024-01-30,9349
00700,富邦�琤肭磪�,6,0,6,華南永昌-板橋,2024-01-30,9349
2412,中華電,6,0,6,華南永昌-板橋,2024-01-30,9349
3558,神準,6,0,6,華南永昌-板橋,2024-01-30,9349
00637L,元大滬深300正2,112,4,108,華南永昌-板橋,2024-01-31,9349
3481,群創,327,223,104,華南永昌-板橋,2024-01-31,9349
2457,飛宏,100,0,100,華南永昌-板橋,2024-01-31,9349
00882,中信中國高股息,50,2,48,華南永昌-板橋,2024-01-31,9349
00712,復華富時不動產,45,0,45,華南永昌-板橋,2024-01-31,9349
00687B,國泰20年美債,42,0,42,華南永昌-板橋,2024-01-31,9349
3231,緯創,46,6,40,華南永昌-板橋,2024-01-31,9349
8210,勤誠,45,10,35,華南永昌-板橋,2024-01-31,9349
2368,金像電,47,13,34,華南永昌-板橋,2024-01-31,9349
1603,華電,33,0,33,華南永昌-板橋,2024-01-31,9349
6140,訊達,33,3,30,華南永昌-板橋,2024-01-31,9349
3036,文曄,38,13,25,華南永昌-板橋,2024-01-31,9349
2618,長榮航,46,22,24,華南永昌-板橋,2024-01-31,9349
2615,萬海,27,4,23,華南永昌-板橋,2024-01-31,9349
00770,國泰北美科技,20,0,20,華南永昌-板橋,2024-01-31,9349
00881,國泰台灣5G+,20,0,20,華南永昌-板橋,2024-01-31,9349
1591,駿吉-KY,20,0,20,華南永昌-板橋,2024-01-31,9349
4714,永捷,20,0,20,華南永昌-板橋,2024-01-31,9349
00878,國泰永續高股息,20,1,19,華南永昌-板橋,2024-01-31,9349
2353,宏��,55,37,18,華南永昌-板橋,2024-01-31,9349
2382,廣達,23,5,18,華南永昌-板橋,2024-01-31,9349
1325,恆大,23,5,18,華南永昌-板橋,2024-01-31,9349
2609,陽明,18,1,17,華南永昌-板橋,2024-01-31,9349
2330,台積電,18,1,17,華南永昌-板橋,2024-01-31,9349
2409,友達,19,4,15,華南永昌-板橋,2024-01-31,9349
3114,好德,15,0,15,華南永昌-板橋,2024-01-31,9349
4566,時碩工業,15,0,15,華南永昌-板橋,2024-01-31,9349
1101,台泥,13,0,13,華南永昌-板橋,2024-01-31,9349
2888,新光金,12,0,12,華南永昌-板橋,2024-01-31,9349
2356,英業達,104,93,11,華南永昌-板橋,2024-01-31,9349
00919,群益台灣精選高息,16,5,11,華南永昌-板橋,2024-01-31,9349
2323,中環,11,0,11,華南永昌-板橋,2024-01-31,9349
2603,長榮,12,1,11,華南永昌-板橋,2024-01-31,9349
6456,GIS-KY,11,0,11,華南永昌-板橋,2024-01-31,9349
6789,采鈺,13,2,11,華南永昌-板橋,2024-01-31,9349
1314,中石化,10,0,10,華南永昌-板橋,2024-01-31,9349
1722,台肥,20,10,10,華南永昌-板橋,2024-01-31,9349
3597,映興,10,0,10,華南永昌-板橋,2024-01-31,9349
4142,國光生,10,0,10,華南永昌-板橋,2024-01-31,9349
4414,如興,10,0,10,華南永昌-板橋,2024-01-31,9349
3545,敦泰,11,2,9,華南永昌-板橋,2024-01-31,9349
3680,家登,10,1,9,華南永昌-板橋,2024-01-31,9349
6120,達運,9,0,9,華南永昌-板橋,2024-01-31,9349
3687,歐買尬,9,0,9,華南永昌-板橋,2024-01-31,9349
2371,大同,10,2,8,華南永昌-板橋,2024-01-31,9349
2882,國泰金,9,1,8,華南永昌-板橋,2024-01-31,9349
00887,永豐中國科技50大,7,0,7,華南永昌-板橋,2024-01-31,9349
6180,橘子,10,3,7,華南永昌-板橋,2024-01-31,9349
0050,元大台灣50,6,0,6,華南永昌-板橋,2024-01-31,9349
2399,映泰,6,0,6,華南永昌-板橋,2024-01-31,9349
6116,彩晶,102,0,102,華南永昌-板橋,2024-02-01,9349
00679B,元大美債20年,84,6,78,華南永昌-板橋,2024-02-01,9349
5272,笙科,77,21,56,華南永昌-板橋,2024-02-01,9349
00929,復華台灣科技優息,42,0,42,華南永昌-板橋,2024-02-01,9349
00877,復華中國5G,40,0,40,華南永昌-板橋,2024-02-01,9349
4714,永捷,60,20,40,華南永昌-板橋,2024-02-01,9349
2883,凱基金,40,3,37,華南永昌-板橋,2024-02-01,9349
00919,群益台灣精選高息,35,0,35,華南永昌-板橋,2024-02-01,9349
1325,恆大,35,1,34,華南永昌-板橋,2024-02-01,9349
6265,方土昶,27,1,26,華南永昌-板橋,2024-02-01,9349
4909,新復興,31,8,23,華南永昌-板橋,2024-02-01,9349
00878,國泰永續高股息,28,6,22,華南永昌-板橋,2024-02-01,9349
3032,偉訓,23,1,22,華南永昌-板橋,2024-02-01,9349
3622,洋華,24,2,22,華南永昌-板橋,2024-02-01,9349
00715L,期街口布蘭特正2,20,0,20,華南永昌-板橋,2024-02-01,9349
3545,敦泰,20,1,19,華南永昌-板橋,2024-02-01,9349
00665L,富邦�琤肭磪囓�2,18,0,18,華南永昌-板橋,2024-02-01,9349
00904,新光臺灣半導體30,17,0,17,華南永昌-板橋,2024-02-01,9349
00753L,中信中國50正2,17,0,17,華南永昌-板橋,2024-02-01,9349
5512,力麒,23,8,15,華南永昌-板橋,2024-02-01,9349
6548,長科*,15,0,15,華南永昌-板橋,2024-02-01,9349
2382,廣達,20,7,13,華南永昌-板橋,2024-02-01,9349
2421,建準,44,31,13,華南永昌-板橋,2024-02-01,9349
2498,宏達電,20,7,13,華南永昌-板橋,2024-02-01,9349
4968,立積,13,2,11,華南永昌-板橋,2024-02-01,9349
00887,永豐中國科技50大,11,0,11,華南永昌-板橋,2024-02-01,9349
00850,元大臺灣ESG永續,10,0,10,華南永昌-板橋,2024-02-01,9349
2025,千興,10,0,10,華南永昌-板橋,2024-02-01,9349
5356,協益,10,0,10,華南永昌-板橋,2024-02-01,9349
6770,力積電,10,0,10,華南永昌-板橋,2024-02-01,9349
8473,山林水,10,0,10,華南永昌-板橋,2024-02-01,9349
00712,復華富時不動產,12,2,10,華南永昌-板橋,2024-02-01,9349
8936,國統,16,7,9,華南永昌-板橋,2024-02-01,9349
2409,友達,47,38,9,華南永昌-板橋,2024-02-01,9349
3055,蔚華科,21,12,9,華南永昌-板橋,2024-02-01,9349
3687,歐買尬,9,0,9,華南永昌-板橋,2024-02-01,9349
00927,群益半導體收益,8,0,8,華南永昌-板橋,2024-02-01,9349
3694,海華,13,6,7,華南永昌-板橋,2024-02-01,9349
3481,群創,412,405,7,華南永昌-板橋,2024-02-01,9349
3202,樺晟,7,0,7,華南永昌-板橋,2024-02-01,9349
00633L,富邦上証正2,6,0,6,華南永昌-板橋,2024-02-01,9349
2337,旺宏,7,1,6,華南永昌-板橋,2024-02-01,9349
3548,兆利,11,5,6,華南永昌-板橋,2024-02-01,9349
8027,鈦昇,7,1,6,華南永昌-板橋,2024-02-01,9349
2330,台積電,9,4,5,華南永昌-板橋,2024-02-01,9349
00888,永豐台灣ESG,5,0,5,華南永昌-板橋,2024-02-01,9349
2324,仁寶,5,0,5,華南永昌-板橋,2024-02-01,9349
2369,菱生,6,1,5,華南永昌-板橋,2024-02-01,9349
2449,京元電子,8,3,5,華南永昌-板橋,2024-02-01,9349
2609,陽明,18,13,5,華南永昌-板橋,2024-02-01,9349
00637L,元大滬深300正2,203,0,203,華南永昌-板橋,2024-02-02,9349
00680L,元大美債20正2,105,2,103,華南永昌-板橋,2024-02-02,9349
6129,普誠,59,0,59,華南永昌-板橋,2024-02-02,9349
2313,華通,53,2,51,華南永昌-板橋,2024-02-02,9349
3545,敦泰,162,111,51,華南永昌-板橋,2024-02-02,9349
00933B,國泰10Y+金融債,60,10,50,華南永昌-板橋,2024-02-02,9349
2412,中華電,40,0,40,華南永昌-板橋,2024-02-02,9349
2883,凱基金,40,0,40,華南永昌-板橋,2024-02-02,9349
8996,高力,46,8,38,華南永昌-板橋,2024-02-02,9349
00712,復華富時不動產,36,0,36,華南永昌-板橋,2024-02-02,9349
00919,群益台灣精選高息,35,0,35,華南永昌-板橋,2024-02-02,9349
2603,長榮,33,2,31,華南永昌-板橋,2024-02-02,9349
3041,揚智,90,66,24,華南永昌-板橋,2024-02-02,9349
3036,文曄,50,28,22,華南永昌-板橋,2024-02-02,9349
4561,健椿,21,0,21,華南永昌-板橋,2024-02-02,9349
8034,榮群,21,0,21,華南永昌-板橋,2024-02-02,9349
00929,復華台灣科技優息,28,8,20,華南永昌-板橋,2024-02-02,9349
00882,中信中國高股息,20,0,20,華南永昌-板橋,2024-02-02,9349
3444,利機,23,3,20,華南永昌-板橋,2024-02-02,9349
5356,協益,20,0,20,華南永昌-板橋,2024-02-02,9349
00937B,群益ESG投等債20,17,0,17,華南永昌-板橋,2024-02-02,9349
1609,大亞,15,0,15,華南永昌-板橋,2024-02-02,9349
2353,宏��,49,35,14,華南永昌-板橋,2024-02-02,9349
2201,裕隆,13,0,13,華南永昌-板橋,2024-02-02,9349
2485,兆赫,13,0,13,華南永昌-板橋,2024-02-02,9349
00877,復華中國5G,12,0,12,華南永昌-板橋,2024-02-02,9349
00720B,元大投資級公司債,16,4,12,華南永昌-板橋,2024-02-02,9349
2371,大同,10,0,10,華南永昌-板橋,2024-02-02,9349
2611,志信,10,0,10,華南永昌-板橋,2024-02-02,9349
3290,東浦,10,0,10,華南永昌-板橋,2024-02-02,9349
6158,禾昌,15,5,10,華南永昌-板橋,2024-02-02,9349
6770,力積電,10,0,10,華南永昌-板橋,2024-02-02,9349
8358,金居,11,1,10,華南永昌-板橋,2024-02-02,9349
2303,聯電,16,7,9,華南永昌-板橋,2024-02-02,9349
2401,凌陽,9,0,9,華南永昌-板橋,2024-02-02,9349
6205,詮欣,8,0,8,華南永昌-板橋,2024-02-02,9349
2337,旺宏,9,2,7,華南永昌-板橋,2024-02-02,9349
00753L,中信中國50正2,24,17,7,華南永昌-板橋,2024-02-02,9349
3268,海德威,8,1,7,華南永昌-板橋,2024-02-02,9349
2363,矽統,7,0,7,華南永昌-板橋,2024-02-02,9349
1503,士電,8,2,6,華南永昌-板橋,2024-02-02,9349
2408,南亞科,6,0,6,華南永昌-板橋,2024-02-02,9349
3615,安可,9,3,6,華南永昌-板橋,2024-02-02,9349
3715,定穎投控,7,1,6,華南永昌-板橋,2024-02-02,9349
5312,寶島科,6,0,6,華南永昌-板橋,2024-02-02,9349
6148,驊宏資,7,1,6,華南永昌-板橋,2024-02-02,9349
8027,鈦昇,6,0,6,華南永昌-板橋,2024-02-02,9349
2634,漢翔,5,0,5,華南永昌-板橋,2024-02-02,9349
00773B,中信優先金融債,5,0,5,華南永昌-板橋,2024-02-02,9349
00665L,富邦�琤肭磪囓�2,31,26,5,華南永昌-板橋,2024-02-02,9349
1326,台化,287,0,287,華南永昌-板橋,2024-02-05,9349
00937B,群益ESG投等債20,175,0,175,華南永昌-板橋,2024-02-05,9349
00687B,國泰20年美債,50,0,50,華南永昌-板橋,2024-02-05,9349
00680L,元大美債20正2,42,0,42,華南永昌-板橋,2024-02-05,9349
00679B,元大美債20年,44,3,41,華南永昌-板橋,2024-02-05,9349
00933B,國泰10Y+金融債,51,10,41,華南永昌-板橋,2024-02-05,9349
6156,松上,31,0,31,華南永昌-板橋,2024-02-05,9349
2474,可成,30,0,30,華南永昌-板橋,2024-02-05,9349
3545,敦泰,40,10,30,華南永昌-板橋,2024-02-05,9349
2409,友達,31,2,29,華南永昌-板橋,2024-02-05,9349
00929,復華台灣科技優息,34,6,28,華南永昌-板橋,2024-02-05,9349
00919,群益台灣精選高息,29,3,26,華南永昌-板橋,2024-02-05,9349
00665L,富邦�琤肭磪囓�2,50,25,25,華南永昌-板橋,2024-02-05,9349
3036,文曄,38,13,25,華南永昌-板橋,2024-02-05,9349
00712,復華富時不動產,24,0,24,華南永昌-板橋,2024-02-05,9349
3231,緯創,97,75,22,華南永昌-板橋,2024-02-05,9349
2615,萬海,21,0,21,華南永昌-板橋,2024-02-05,9349
6547,高端疫苗,25,4,21,華南永昌-板橋,2024-02-05,9349
2438,翔耀,20,0,20,華南永昌-板橋,2024-02-05,9349
2443,昶虹,20,0,20,華南永昌-板橋,2024-02-05,9349
3491,昇達科,20,0,20,華南永昌-板橋,2024-02-05,9349
2515,中工,20,1,19,華南永昌-板橋,2024-02-05,9349
4942,嘉彰,17,0,17,華南永昌-板橋,2024-02-05,9349
2027,大成鋼,18,3,15,華南永昌-板橋,2024-02-05,9349
00753L,中信中國50正2,30,15,15,華南永昌-板橋,2024-02-05,9349
2601,益航,15,0,15,華南永昌-板橋,2024-02-05,9349
00882,中信中國高股息,24,10,14,華南永昌-板橋,2024-02-05,9349
00918,大華優利高填息30,14,0,14,華南永昌-板橋,2024-02-05,9349
00915,凱基優選高股息30,12,0,12,華南永昌-板橋,2024-02-05,9349
6530,創威,12,0,12,華南永昌-板橋,2024-02-05,9349
2421,建準,55,44,11,華南永昌-板橋,2024-02-05,9349
4128,中天,11,0,11,華南永昌-板橋,2024-02-05,9349
2303,聯電,12,2,10,華南永昌-板橋,2024-02-05,9349
3481,群創,317,307,10,華南永昌-板橋,2024-02-05,9349
2637,慧洋-KY,10,0,10,華南永昌-板橋,2024-02-05,9349
00715L,期街口布蘭特正2,10,0,10,華南永昌-板橋,2024-02-05,9349
1584,精剛,10,0,10,華南永昌-板橋,2024-02-05,9349
1611,中電,10,0,10,華南永昌-板橋,2024-02-05,9349
2388,威盛,27,17,10,華南永昌-板橋,2024-02-05,9349
2401,凌陽,11,1,10,華南永昌-板橋,2024-02-05,9349
2408,南亞科,10,0,10,華南永昌-板橋,2024-02-05,9349
3202,樺晟,10,0,10,華南永昌-板橋,2024-02-05,9349
3266,昇陽,10,0,10,華南永昌-板橋,2024-02-05,9349
3520,華盈,15,5,10,華南永昌-板橋,2024-02-05,9349
3591,艾笛森,10,0,10,華南永昌-板橋,2024-02-05,9349
3592,瑞鼎,10,0,10,華南永昌-板橋,2024-02-05,9349
3661,世芯-KY,10,0,10,華南永昌-板橋,2024-02-05,9349
6125,廣運,11,1,10,華南永昌-板橋,2024-02-05,9349
6668,中揚光,10,0,10,華南永昌-板橋,2024-02-05,9349
8040,九暘,11,1,10,華南永昌-板橋,2024-02-05,9349
00632R,元大台灣50反1,1015,10,1005,華南永昌-板橋,2024-02-15,9349
00937B,群益ESG投等債20,304,50,254,華南永昌-板橋,2024-02-15,9349
2888,新光金,207,0,207,華南永昌-板橋,2024-02-15,9349
3481,群創,336,171,165,華南永昌-板橋,2024-02-15,9349
00688L,國泰20年美債正2,88,1,87,華南永昌-板橋,2024-02-15,9349
2344,華邦電,81,2,79,華南永昌-板橋,2024-02-15,9349
9105,泰金寶-DR,58,0,58,華南永昌-板橋,2024-02-15,9349
00680L,元大美債20正2,62,7,55,華南永昌-板橋,2024-02-15,9349
00882,中信中國高股息,52,0,52,華南永昌-板橋,2024-02-15,9349
00679B,元大美債20年,51,5,46,華南永昌-板橋,2024-02-15,9349
2331,精英,44,0,44,華南永昌-板橋,2024-02-15,9349
2603,長榮,48,12,36,華南永昌-板橋,2024-02-15,9349
00720B,元大投資級公司債,35,0,35,華南永昌-板橋,2024-02-15,9349
2890,永豐金,34,0,34,華南永昌-板橋,2024-02-15,9349
2365,昆盈,46,13,33,華南永昌-板橋,2024-02-15,9349
2618,長榮航,77,45,32,華南永昌-板橋,2024-02-15,9349
6126,信音,30,0,30,華南永昌-板橋,2024-02-15,9349
8210,勤誠,38,8,30,華南永昌-板橋,2024-02-15,9349
00687B,國泰20年美債,22,0,22,華南永昌-板橋,2024-02-15,9349
00919,群益台灣精選高息,32,11,21,華南永昌-板橋,2024-02-15,9349
2408,南亞科,23,2,21,華南永昌-板橋,2024-02-15,9349
2882,國泰金,18,0,18,華南永昌-板橋,2024-02-15,9349
1326,台化,16,0,16,華南永昌-板橋,2024-02-15,9349
00857B,永豐20年美公債,15,0,15,華南永昌-板橋,2024-02-15,9349
3011,今皓,15,0,15,華南永昌-板橋,2024-02-15,9349
00878,國泰永續高股息,36,22,14,華南永昌-板橋,2024-02-15,9349
3036,文曄,28,14,14,華南永昌-板橋,2024-02-15,9349
00664R,國泰臺灣加權反1,13,0,13,華南永昌-板橋,2024-02-15,9349
4303,信立,14,1,13,華南永昌-板橋,2024-02-15,9349
00712,復華富時不動產,13,0,13,華南永昌-板橋,2024-02-15,9349
3013,晟銘電,18,6,12,華南永昌-板橋,2024-02-15,9349
2002,中鋼,13,2,11,華南永昌-板橋,2024-02-15,9349
1528,恩德,11,0,11,華南永昌-板橋,2024-02-15,9349
1605,華新,13,2,11,華南永昌-板橋,2024-02-15,9349
2332,友訊,11,0,11,華南永昌-板橋,2024-02-15,9349
2636,台驊控股,11,0,11,華南永昌-板橋,2024-02-15,9349
2812,台中銀,11,0,11,華南永昌-板橋,2024-02-15,9349
2352,佳世達,11,0,11,華南永昌-板橋,2024-02-15,9349
00933B,國泰10Y+金融債,10,0,10,華南永昌-板橋,2024-02-15,9349
00639,富邦深100,10,0,10,華南永昌-板橋,2024-02-15,9349
00922,國泰台灣領袖50,10,0,10,華南永昌-板橋,2024-02-15,9349
5324,士開,10,0,10,華南永昌-板橋,2024-02-15,9349
8011,台通,10,0,10,華南永昌-板橋,2024-02-15,9349
8121,越峰,10,0,10,華南永昌-板橋,2024-02-15,9349
8215,明基材,10,0,10,華南永昌-板橋,2024-02-15,9349
00918,大華優利高填息30,9,0,9,華南永昌-板橋,2024-02-15,9349
2303,聯電,12,3,9,華南永昌-板橋,2024-02-15,9349
00900,富邦特選高股息30,12,3,9,華南永昌-板橋,2024-02-15,9349
2353,宏��,86,77,9,華南永昌-板橋,2024-02-15,9349
2887,台新金,9,0,9,華南永昌-板橋,2024-02-15,9349
6126,信音,241,67,174,華南永昌-板橋,2024-02-16,9349
2615,萬海,121,7,114,華南永昌-板橋,2024-02-16,9349
2609,陽明,115,4,111,華南永昌-板橋,2024-02-16,9349
00933B,國泰10Y+金融債,100,0,100,華南永昌-板橋,2024-02-16,9349
3338,泰碩,66,2,64,華南永昌-板橋,2024-02-16,9349
5351,鈺創,74,16,58,華南永昌-板橋,2024-02-16,9349
00687B,國泰20年美債,48,0,48,華南永昌-板橋,2024-02-16,9349
3545,敦泰,58,27,31,華南永昌-板橋,2024-02-16,9349
5356,協益,30,0,30,華南永昌-板橋,2024-02-16,9349
6274,台燿,34,4,30,華南永昌-板橋,2024-02-16,9349
2888,新光金,31,5,26,華南永昌-板橋,2024-02-16,9349
3047,訊舟,25,3,22,華南永昌-板橋,2024-02-16,9349
00881,國泰台灣5G+,22,1,21,華南永昌-板橋,2024-02-16,9349
00712,復華富時不動產,21,1,20,華南永昌-板橋,2024-02-16,9349
2913,農林,20,0,20,華南永昌-板橋,2024-02-16,9349
8034,榮群,20,0,20,華南永昌-板橋,2024-02-16,9349
3217,優群,22,3,19,華南永昌-板橋,2024-02-16,9349
3390,旭軟,22,3,19,華南永昌-板橋,2024-02-16,9349
1815,富喬,23,6,17,華南永昌-板橋,2024-02-16,9349
5443,均豪,20,3,17,華南永昌-板橋,2024-02-16,9349
00857B,永豐20年美公債,16,0,16,華南永昌-板橋,2024-02-16,9349
3483,力致,14,0,14,華南永昌-板橋,2024-02-16,9349
3532,台勝科,14,0,14,華南永昌-板橋,2024-02-16,9349
3706,神達,15,2,13,華南永昌-板橋,2024-02-16,9349
8088,品安,13,0,13,華南永昌-板橋,2024-02-16,9349
9105,泰金寶-DR,14,1,13,華南永昌-板橋,2024-02-16,9349
00900,富邦特選高股息30,12,1,11,華南永昌-板橋,2024-02-16,9349
4976,佳凌,11,0,11,華南永昌-板橋,2024-02-16,9349
6265,方土昶,11,0,11,華南永昌-板橋,2024-02-16,9349
2408,南亞科,10,0,10,華南永昌-板橋,2024-02-16,9349
00679B,元大美債20年,10,0,10,華南永昌-板橋,2024-02-16,9349
3032,偉訓,12,2,10,華南永昌-板橋,2024-02-16,9349
4147,中裕,10,0,10,華南永昌-板橋,2024-02-16,9349
6492,生華科,10,0,10,華南永昌-板橋,2024-02-16,9349
8011,台通,10,0,10,華南永昌-板橋,2024-02-16,9349
8446,華研,11,1,10,華南永昌-板橋,2024-02-16,9349
2382,廣達,77,67,10,華南永昌-板橋,2024-02-16,9349
00680L,元大美債20正2,26,17,9,華南永昌-板橋,2024-02-16,9349
2421,建準,23,14,9,華南永昌-板橋,2024-02-16,9349
3044,健鼎,10,1,9,華南永昌-板橋,2024-02-16,9349
3232,昱捷,10,1,9,華南永昌-板橋,2024-02-16,9349
3444,利機,71,62,9,華南永昌-板橋,2024-02-16,9349
3673,TPK-KY,13,4,9,華南永昌-板橋,2024-02-16,9349
6125,廣運,46,37,9,華南永昌-板橋,2024-02-16,9349
00919,群益台灣精選高息,9,1,8,華南永昌-板橋,2024-02-16,9349
00795B,中信美國公債20年,8,0,8,華南永昌-板橋,2024-02-16,9349
6163,華電網,8,0,8,華南永昌-板橋,2024-02-16,9349
2371,大同,11,3,8,華南永昌-板橋,2024-02-16,9349
2610,華航,14,6,8,華南永昌-板橋,2024-02-16,9349
3354,律勝,8,0,8,華南永昌-板橋,2024-02-16,9349
2884,玉山金,290,1,289,華南永昌-板橋,2024-02-19,9349
00665L,富邦�琤肭磪囓�2,210,0,210,華南永昌-板橋,2024-02-19,9349
2365,昆盈,181,9,172,華南永昌-板橋,2024-02-19,9349
00929,復華台灣科技優息,136,29,107,華南永昌-板橋,2024-02-19,9349
2353,宏��,182,93,89,華南永昌-板橋,2024-02-19,9349
5426,振發,86,2,84,華南永昌-板橋,2024-02-19,9349
00751B,元大AAA至A公司債,76,0,76,華南永昌-板橋,2024-02-19,9349
6288,聯嘉,138,70,68,華南永昌-板橋,2024-02-19,9349
00937B,群益ESG投等債20,64,4,60,華南永昌-板橋,2024-02-19,9349
00933B,國泰10Y+金融債,41,0,41,華南永昌-板橋,2024-02-19,9349
00637L,元大滬深300正2,80,40,40,華南永昌-板橋,2024-02-19,9349
3338,泰碩,40,0,40,華南永昌-板橋,2024-02-19,9349
3231,緯創,46,10,36,華南永昌-板橋,2024-02-19,9349
00882,中信中國高股息,33,0,33,華南永昌-板橋,2024-02-19,9349
6125,廣運,75,44,31,華南永昌-板橋,2024-02-19,9349
6138,茂達,32,1,31,華南永昌-板橋,2024-02-19,9349
00919,群益台灣精選高息,34,4,30,華南永昌-板橋,2024-02-19,9349
8215,明基材,30,0,30,華南永昌-板橋,2024-02-19,9349
5521,工信,40,12,28,華南永昌-板橋,2024-02-19,9349
5392,能率,27,0,27,華南永昌-板橋,2024-02-19,9349
1815,富喬,43,16,27,華南永昌-板橋,2024-02-19,9349
2363,矽統,43,18,25,華南永昌-板橋,2024-02-19,9349
00687B,國泰20年美債,23,0,23,華南永昌-板橋,2024-02-19,9349
00878,國泰永續高股息,23,0,23,華南永昌-板橋,2024-02-19,9349
2882,國泰金,28,5,23,華南永昌-板橋,2024-02-19,9349
00680L,元大美債20正2,21,0,21,華南永昌-板橋,2024-02-19,9349
00918,大華優利高填息30,20,0,20,華南永昌-板橋,2024-02-19,9349
5371,中光電,20,0,20,華南永昌-板橋,2024-02-19,9349
6257,矽格,20,0,20,華南永昌-板橋,2024-02-19,9349
2303,聯電,23,3,20,華南永昌-板橋,2024-02-19,9349
00915,凱基優選高股息30,20,0,20,華南永昌-板橋,2024-02-19,9349
2421,建準,44,26,18,華南永昌-板橋,2024-02-19,9349
00712,復華富時不動產,18,0,18,華南永昌-板橋,2024-02-19,9349
2329,華泰,39,21,18,華南永昌-板橋,2024-02-19,9349
2450,神腦,17,0,17,華南永昌-板橋,2024-02-19,9349
3363,上詮,54,37,17,華南永昌-板橋,2024-02-19,9349
8121,越峰,17,0,17,華南永昌-板橋,2024-02-19,9349
2382,廣達,33,16,17,華南永昌-板橋,2024-02-19,9349
3540,曜越,17,1,16,華南永昌-板橋,2024-02-19,9349
3207,耀勝,52,37,15,華南永昌-板橋,2024-02-19,9349
2885,元大金,15,0,15,華南永昌-板橋,2024-02-19,9349
00679B,元大美債20年,13,0,13,華南永昌-板橋,2024-02-19,9349
4545,銘鈺,13,0,13,華南永昌-板橋,2024-02-19,9349
1513,中興電,21,9,12,華南永昌-板橋,2024-02-19,9349
3360,尚立,12,0,12,華南永昌-板橋,2024-02-19,9349
6668,中揚光,12,0,12,華南永昌-板橋,2024-02-19,9349
2489,瑞軒,83,71,12,華南永昌-板橋,2024-02-19,9349
00927,群益半導體收益,11,0,11,華南永昌-板橋,2024-02-19,9349
2425,承啟,11,0,11,華南永昌-板橋,2024-02-19,9349
3715,定穎投控,11,0,11,華南永昌-板橋,2024-02-19,9349
5272,笙科,260,1,259,華南永昌-板橋,2024-02-20,9349
2609,陽明,208,12,196,華南永昌-板橋,2024-02-20,9349
2615,萬海,201,24,177,華南永昌-板橋,2024-02-20,9349
00637L,元大滬深300正2,60,0,60,華南永昌-板橋,2024-02-20,9349
00933B,國泰10Y+金融債,52,0,52,華南永昌-板橋,2024-02-20,9349
4953,緯軟,54,5,49,華南永昌-板橋,2024-02-20,9349
1806,冠軍,100,54,46,華南永昌-板橋,2024-02-20,9349
2515,中工,48,4,44,華南永昌-板橋,2024-02-20,9349
3025,星通,54,18,36,華南永昌-板橋,2024-02-20,9349
2884,玉山金,35,0,35,華南永昌-板橋,2024-02-20,9349
00687B,國泰20年美債,31,0,31,華南永昌-板橋,2024-02-20,9349
3390,旭軟,30,0,30,華南永昌-板橋,2024-02-20,9349
3231,緯創,58,31,27,華南永昌-板橋,2024-02-20,9349
2313,華通,34,7,27,華南永昌-板橋,2024-02-20,9349
2412,中華電,27,0,27,華南永昌-板橋,2024-02-20,9349
00665L,富邦�琤肭磪囓�2,25,0,25,華南永昌-板橋,2024-02-20,9349
3162,精確,25,0,25,華南永昌-板橋,2024-02-20,9349
2332,友訊,25,1,24,華南永昌-板橋,2024-02-20,9349
00929,復華台灣科技優息,88,65,23,華南永昌-板橋,2024-02-20,9349
6443,元晶,20,0,20,華南永昌-板橋,2024-02-20,9349
2353,宏��,49,30,19,華南永昌-板橋,2024-02-20,9349
2355,敬鵬,24,5,19,華南永昌-板橋,2024-02-20,9349
4714,永捷,44,25,19,華南永昌-板橋,2024-02-20,9349
8064,東捷,21,2,19,華南永昌-板橋,2024-02-20,9349
3047,訊舟,31,13,18,華南永昌-板橋,2024-02-20,9349
2376,技嘉,25,9,16,華南永昌-板橋,2024-02-20,9349
3481,群創,15,0,15,華南永昌-板橋,2024-02-20,9349
2382,廣達,17,3,14,華南永昌-板橋,2024-02-20,9349
6160,欣技,15,1,14,華南永昌-板橋,2024-02-20,9349
6265,方土昶,14,0,14,華南永昌-板橋,2024-02-20,9349
5351,鈺創,47,34,13,華南永昌-板橋,2024-02-20,9349
3450,聯鈞,16,4,12,華南永昌-板橋,2024-02-20,9349
1609,大亞,12,0,12,華南永昌-板橋,2024-02-20,9349
3715,定穎投控,12,0,12,華南永昌-板橋,2024-02-20,9349
5392,能率,12,0,12,華南永昌-板橋,2024-02-20,9349
2886,兆豐金,14,2,12,華南永昌-板橋,2024-02-20,9349
00937B,群益ESG投等債20,18,6,12,華南永昌-板橋,2024-02-20,9349
3035,智原,13,1,12,華南永昌-板橋,2024-02-20,9349
2337,旺宏,10,0,10,華南永昌-板橋,2024-02-20,9349
8996,高力,14,4,10,華南永昌-板橋,2024-02-20,9349
2409,友達,10,0,10,華南永昌-板橋,2024-02-20,9349
5356,協益,10,0,10,華南永昌-板橋,2024-02-20,9349
5706,鳳凰,10,0,10,華南永昌-板橋,2024-02-20,9349
6257,矽格,10,0,10,華南永昌-板橋,2024-02-20,9349
6269,台郡,10,0,10,華南永昌-板橋,2024-02-20,9349
3006,晶豪科,11,2,9,華南永昌-板橋,2024-02-20,9349
5521,工信,9,0,9,華南永昌-板橋,2024-02-20,9349
3706,神達,13,5,8,華南永昌-板橋,2024-02-20,9349
3504,揚明光,10,2,8,華南永昌-板橋,2024-02-20,9349
5607,遠雄港,8,0,8,華南永昌-板橋,2024-02-20,9349
00665L,富邦�琤肭磪囓�2,200,6,194,華南永昌-板橋,2024-02-21,9349
3576,聯合再生,130,0,130,華南永昌-板橋,2024-02-21,9349
00878,國泰永續高股息,106,3,103,華南永昌-板橋,2024-02-21,9349
6126,信音,106,19,87,華南永昌-板橋,2024-02-21,9349
3312,弘憶股,72,0,72,華南永昌-板橋,2024-02-21,9349
2025,千興,60,0,60,華南永昌-板橋,2024-02-21,9349
2887,台新金,57,0,57,華南永昌-板橋,2024-02-21,9349
9105,泰金寶-DR,67,15,52,華南永昌-板橋,2024-02-21,9349
3231,緯創,59,8,51,華南永昌-板橋,2024-02-21,9349
00937B,群益ESG投等債20,44,0,44,華南永昌-板橋,2024-02-21,9349
8064,東捷,45,1,44,華南永昌-板橋,2024-02-21,9349
8110,華東,36,0,36,華南永昌-板橋,2024-02-21,9349
00929,復華台灣科技優息,52,16,36,華南永昌-板橋,2024-02-21,9349
2382,廣達,39,6,33,華南永昌-板橋,2024-02-21,9349
3338,泰碩,35,2,33,華南永昌-板橋,2024-02-21,9349
00712,復華富時不動產,32,0,32,華南永昌-板橋,2024-02-21,9349
2609,陽明,42,15,27,華南永昌-板橋,2024-02-21,9349
3390,旭軟,26,0,26,華南永昌-板橋,2024-02-21,9349
2365,昆盈,27,4,23,華南永昌-板橋,2024-02-21,9349
3363,上詮,72,51,21,華南永昌-板橋,2024-02-21,9349
2439,美律,20,0,20,華南永昌-板橋,2024-02-21,9349
00885,富邦越南,18,0,18,華南永昌-板橋,2024-02-21,9349
5236,凌陽創新,33,17,16,華南永昌-板橋,2024-02-21,9349
2312,金寶,20,5,15,華南永昌-板橋,2024-02-21,9349
00922,國泰台灣領袖50,15,0,15,華南永昌-板橋,2024-02-21,9349
2376,技嘉,49,34,15,華南永昌-板橋,2024-02-21,9349
5498,凱崴,15,0,15,華南永昌-板橋,2024-02-21,9349
6578,達邦蛋白,26,11,15,華南永昌-板橋,2024-02-21,9349
2303,聯電,20,5,15,華南永昌-板橋,2024-02-21,9349
3228,金麗科,14,0,14,華南永昌-板橋,2024-02-21,9349
2409,友達,49,36,13,華南永昌-板橋,2024-02-21,9349
2031,新光鋼,13,0,13,華南永昌-板橋,2024-02-21,9349
2258,鴻華先進-創,11,0,11,華南永昌-板橋,2024-02-21,9349
3032,偉訓,12,1,11,華南永昌-板橋,2024-02-21,9349
3689,湧德,12,1,11,華南永昌-板橋,2024-02-21,9349
8054,安國,11,0,11,華南永昌-板橋,2024-02-21,9349
4915,致伸,13,3,10,華南永昌-板橋,2024-02-21,9349
00918,大華優利高填息30,10,0,10,華南永昌-板橋,2024-02-21,9349
2884,玉山金,10,0,10,華南永昌-板橋,2024-02-21,9349
00891,中信關鍵半導體,10,0,10,華南永昌-板橋,2024-02-21,9349
5392,能率,10,0,10,華南永昌-板橋,2024-02-21,9349
6257,矽格,10,0,10,華南永昌-板橋,2024-02-21,9349
2355,敬鵬,12,3,9,華南永昌-板橋,2024-02-21,9349
00919,群益台灣精選高息,74,66,8,華南永昌-板橋,2024-02-21,9349
3711,日月光投控,8,0,8,華南永昌-板橋,2024-02-21,9349
5272,笙科,10,2,8,華南永昌-板橋,2024-02-21,9349
5356,協益,8,0,8,華南永昌-板橋,2024-02-21,9349
6865,偉康科技,8,0,8,華南永昌-板橋,2024-02-21,9349
2330,台積電,9,2,7,華南永昌-板橋,2024-02-21,9349
8086,宏捷科,15,8,7,華南永昌-板橋,2024-02-21,9349
00665L,富邦�琤肭磪囓�2,202,5,197,華南永昌-板橋,2024-02-22,9349
3041,揚智,197,60,137,華南永昌-板橋,2024-02-22,9349
2543,皇昌,102,11,91,華南永昌-板橋,2024-02-22,9349
00937B,群益ESG投等債20,75,10,65,華南永昌-板橋,2024-02-22,9349
2371,大同,82,21,61,華南永昌-板橋,2024-02-22,9349
2356,英業達,72,18,54,華南永昌-板橋,2024-02-22,9349
1447,力鵬,50,0,50,華南永昌-板橋,2024-02-22,9349
4561,健椿,50,0,50,華南永昌-板橋,2024-02-22,9349
00632R,元大台灣50反1,65,20,45,華南永昌-板橋,2024-02-22,9349
2329,華泰,75,33,42,華南永昌-板橋,2024-02-22,9349
2376,技嘉,56,19,37,華南永昌-板橋,2024-02-22,9349
3231,緯創,44,18,26,華南永昌-板橋,2024-02-22,9349
2605,新興,27,3,24,華南永昌-板橋,2024-02-22,9349
8059,凱碩,23,0,23,華南永昌-板橋,2024-02-22,9349
2367,燿華,46,25,21,華南永昌-板橋,2024-02-22,9349
5315,光聯,23,2,21,華南永昌-板橋,2024-02-22,9349
6016,康和證,21,0,21,華南永昌-板橋,2024-02-22,9349
00933B,國泰10Y+金融債,20,0,20,華南永昌-板橋,2024-02-22,9349
5236,凌陽創新,25,6,19,華南永昌-板橋,2024-02-22,9349
6438,迅得,20,1,19,華南永昌-板橋,2024-02-22,9349
2489,瑞軒,41,23,18,華南永昌-板橋,2024-02-22,9349
4967,十銓,20,2,18,華南永昌-板橋,2024-02-22,9349
3338,泰碩,20,3,17,華南永昌-板橋,2024-02-22,9349
00679B,元大美債20年,16,0,16,華南永昌-板橋,2024-02-22,9349
2355,敬鵬,22,6,16,華南永昌-板橋,2024-02-22,9349
6111,大宇資,16,0,16,華南永昌-板橋,2024-02-22,9349
3491,昇達科,15,0,15,華南永昌-板橋,2024-02-22,9349
2369,菱生,17,3,14,華南永昌-板橋,2024-02-22,9349
3042,晶技,23,9,14,華南永昌-板橋,2024-02-22,9349
6290,良維,30,16,14,華南永昌-板橋,2024-02-22,9349
4714,永捷,16,2,14,華南永昌-板橋,2024-02-22,9349
2883,凱基金,12,0,12,華南永昌-板橋,2024-02-22,9349
1815,富喬,99,88,11,華南永昌-板橋,2024-02-22,9349
3444,利機,59,48,11,華南永昌-板橋,2024-02-22,9349
8064,東捷,12,1,11,華南永昌-板橋,2024-02-22,9349
2303,聯電,12,2,10,華南永昌-板橋,2024-02-22,9349
00650L,復華香港正2,10,0,10,華南永昌-板橋,2024-02-22,9349
00752,中信中國50,10,0,10,華南永昌-板橋,2024-02-22,9349
2388,威盛,10,0,10,華南永昌-板橋,2024-02-22,9349
2444,兆勁,10,0,10,華南永昌-板橋,2024-02-22,9349
6109,亞元,10,0,10,華南永昌-板橋,2024-02-22,9349
6136,富爾特,11,1,10,華南永昌-板橋,2024-02-22,9349
6164,華興,16,6,10,華南永昌-板橋,2024-02-22,9349
6697,東捷資訊,10,0,10,華南永昌-板橋,2024-02-22,9349
9962,有益,10,0,10,華南永昌-板橋,2024-02-22,9349
6770,力積電,10,0,10,華南永昌-板橋,2024-02-22,9349
2313,華通,72,62,10,華南永昌-板橋,2024-02-22,9349
2208,台船,10,1,9,華南永昌-板橋,2024-02-22,9349
1504,東元,10,1,9,華南永昌-板橋,2024-02-22,9349
3162,精確,9,0,9,華南永昌-板橋,2024-02-22,9349
4909,新復興,100,3,97,華南永昌-板橋,2024-02-23,9349
2208,台船,92,0,92,華南永昌-板橋,2024-02-23,9349
00878,國泰永續高股息,95,8,87,華南永昌-板橋,2024-02-23,9349
2371,大同,118,34,84,華南永昌-板橋,2024-02-23,9349
5533,皇鼎,65,0,65,華南永昌-板橋,2024-02-23,9349
00937B,群益ESG投等債20,65,0,65,華南永昌-板橋,2024-02-23,9349
6116,彩晶,52,0,52,華南永昌-板橋,2024-02-23,9349
3444,利機,103,56,47,華南永昌-板橋,2024-02-23,9349
2884,玉山金,36,3,33,華南永昌-板橋,2024-02-23,9349
3041,揚智,65,33,32,華南永昌-板橋,2024-02-23,9349
00933B,國泰10Y+金融債,31,0,31,華南永昌-板橋,2024-02-23,9349
3118,進階,30,0,30,華南永昌-板橋,2024-02-23,9349
2356,英業達,49,20,29,華南永昌-板橋,2024-02-23,9349
2355,敬鵬,29,1,28,華南永昌-板橋,2024-02-23,9349
2618,長榮航,33,7,26,華南永昌-板橋,2024-02-23,9349
6799,來頡,24,0,24,華南永昌-板橋,2024-02-23,9349
4979,華星光,26,2,24,華南永昌-板橋,2024-02-23,9349
2610,華航,25,2,23,華南永昌-板橋,2024-02-23,9349
4566,時碩工業,23,0,23,華南永昌-板橋,2024-02-23,9349
2489,瑞軒,26,4,22,華南永昌-板橋,2024-02-23,9349
3305,昇貿,20,0,20,華南永昌-板橋,2024-02-23,9349
3706,神達,22,2,20,華南永昌-板橋,2024-02-23,9349
2313,華通,164,145,19,華南永昌-板橋,2024-02-23,9349
2329,華泰,102,83,19,華南永昌-板橋,2024-02-23,9349
6139,亞翔,23,4,19,華南永昌-板橋,2024-02-23,9349
1560,中砂,22,5,17,華南永昌-板橋,2024-02-23,9349
1504,東元,30,13,17,華南永昌-板橋,2024-02-23,9349
2611,志信,15,0,15,華南永昌-板橋,2024-02-23,9349
00680L,元大美債20正2,15,0,15,華南永昌-板橋,2024-02-23,9349
00679B,元大美債20年,15,0,15,華南永昌-板橋,2024-02-23,9349
6016,康和證,15,0,15,華南永昌-板橋,2024-02-23,9349
9940,信義,15,0,15,華南永昌-板橋,2024-02-23,9349
2303,聯電,31,16,15,華南永昌-板橋,2024-02-23,9349
3715,定穎投控,13,0,13,華南永昌-板橋,2024-02-23,9349
00676R,富邦臺灣加權反1,13,0,13,華南永昌-板橋,2024-02-23,9349
3545,敦泰,39,26,13,華南永昌-板橋,2024-02-23,9349
4714,永捷,21,8,13,華南永昌-板橋,2024-02-23,9349
2882,國泰金,12,0,12,華南永昌-板橋,2024-02-23,9349
3338,泰碩,12,0,12,華南永昌-板橋,2024-02-23,9349
1316,上曜,34,22,12,華南永昌-板橋,2024-02-23,9349
2352,佳世達,12,1,11,華南永昌-板橋,2024-02-23,9349
2630,亞航,11,0,11,華南永昌-板橋,2024-02-23,9349
3047,訊舟,27,16,11,華南永昌-板橋,2024-02-23,9349
00895,富邦未來車,10,0,10,華南永昌-板橋,2024-02-23,9349
5498,凱崴,10,0,10,華南永昌-板橋,2024-02-23,9349
8047,星雲,10,0,10,華南永昌-板橋,2024-02-23,9349
1303,南亞,9,0,9,華南永昌-板橋,2024-02-23,9349
3264,欣銓,9,0,9,華南永昌-板橋,2024-02-23,9349
6531,愛普*,9,0,9,華南永昌-板橋,2024-02-23,9349
6770,力積電,9,0,9,華南永昌-板橋,2024-02-23,9349
00937B,群益ESG投等債20,92,1,91,華南永昌-板橋,2024-02-26,9349
2409,友達,81,3,78,華南永昌-板橋,2024-02-26,9349
6198,瑞築,74,0,74,華南永昌-板橋,2024-02-26,9349
00878,國泰永續高股息,88,33,55,華南永昌-板橋,2024-02-26,9349
00882,中信中國高股息,43,0,43,華南永昌-板橋,2024-02-26,9349
1513,中興電,55,13,42,華南永昌-板橋,2024-02-26,9349
3231,緯創,53,14,39,華南永昌-板橋,2024-02-26,9349
6147,頎邦,40,2,38,華南永昌-板橋,2024-02-26,9349
6219,富旺,35,0,35,華南永昌-板橋,2024-02-26,9349
2382,廣達,35,2,33,華南永昌-板橋,2024-02-26,9349
00919,群益台灣精選高息,77,48,29,華南永昌-板橋,2024-02-26,9349
8040,九暘,38,12,26,華南永昌-板橋,2024-02-26,9349
00679B,元大美債20年,27,2,25,華南永昌-板橋,2024-02-26,9349
2329,華泰,47,23,24,華南永昌-板橋,2024-02-26,9349
4164,承業醫,23,0,23,華南永昌-板橋,2024-02-26,9349
2449,京元電子,31,8,23,華南永昌-板橋,2024-02-26,9349
2303,聯電,27,5,22,華南永昌-板橋,2024-02-26,9349
2313,華通,94,72,22,華南永昌-板橋,2024-02-26,9349
2405,輔信,38,16,22,華南永昌-板橋,2024-02-26,9349
2609,陽明,25,3,22,華南永昌-板橋,2024-02-26,9349
4953,緯軟,23,1,22,華南永昌-板橋,2024-02-26,9349
2885,元大金,22,0,22,華南永昌-板橋,2024-02-26,9349
2486,一詮,23,2,21,華南永昌-板橋,2024-02-26,9349
3545,敦泰,36,16,20,華南永昌-板橋,2024-02-26,9349
5009,榮剛,20,0,20,華南永昌-板橋,2024-02-26,9349
5438,東友,20,0,20,華南永昌-板橋,2024-02-26,9349
5443,均豪,42,22,20,華南永昌-板橋,2024-02-26,9349
6257,矽格,41,21,20,華南永昌-板橋,2024-02-26,9349
6290,良維,64,46,18,華南永昌-板橋,2024-02-26,9349
3492,長盛,18,0,18,華南永昌-板橋,2024-02-26,9349
1316,上曜,21,4,17,華南永昌-板橋,2024-02-26,9349
00918,大華優利高填息30,15,0,15,華南永昌-板橋,2024-02-26,9349
00929,復華台灣科技優息,64,49,15,華南永昌-板橋,2024-02-26,9349
2362,藍天,14,0,14,華南永昌-板橋,2024-02-26,9349
4908,前鼎,19,5,14,華南永昌-板橋,2024-02-26,9349
4768,晶呈科技,28,14,14,華南永昌-板橋,2024-02-26,9349
3615,安可,13,0,13,華南永昌-板橋,2024-02-26,9349
6499,益安,13,0,13,華南永昌-板橋,2024-02-26,9349
8996,高力,41,29,12,華南永昌-板橋,2024-02-26,9349
3260,威剛,14,2,12,華南永昌-板橋,2024-02-26,9349
2610,華航,13,1,12,華南永昌-板橋,2024-02-26,9349
2641,正德,12,0,12,華南永昌-板橋,2024-02-26,9349
6285,啟��,13,1,12,華南永昌-板橋,2024-02-26,9349
2376,技嘉,50,39,11,華南永昌-板橋,2024-02-26,9349
00904,新光臺灣半導體30,11,0,11,華南永昌-板橋,2024-02-26,9349
2337,旺宏,14,3,11,華南永昌-板橋,2024-02-26,9349
6122,擎邦,11,0,11,華南永昌-板橋,2024-02-26,9349
6188,廣明,11,0,11,華南永昌-板橋,2024-02-26,9349
6584,南俊國際,11,0,11,華南永昌-板橋,2024-02-26,9349
3481,群創,12,2,10,華南永昌-板橋,2024-02-26,9349
00878,國泰永續高股息,175,14,161,華南永昌-板橋,2024-02-27,9349
00937B,群益ESG投等債20,135,4,131,華南永昌-板橋,2024-02-27,9349
2382,廣達,106,2,104,華南永昌-板橋,2024-02-27,9349
00919,群益台灣精選高息,135,39,96,華南永昌-板橋,2024-02-27,9349
2329,華泰,111,38,73,華南永昌-板橋,2024-02-27,9349
00929,復華台灣科技優息,74,20,54,華南永昌-板橋,2024-02-27,9349
6126,信音,52,7,45,華南永昌-板橋,2024-02-27,9349
1513,中興電,65,22,43,華南永昌-板橋,2024-02-27,9349
2520,冠德,39,0,39,華南永昌-板橋,2024-02-27,9349
3037,欣興,48,12,36,華南永昌-板橋,2024-02-27,9349
6237,驊訊,43,9,34,華南永昌-板橋,2024-02-27,9349
2409,友達,37,4,33,華南永昌-板橋,2024-02-27,9349
3605,宏致,32,0,32,華南永昌-板橋,2024-02-27,9349
1514,亞力,117,85,32,華南永昌-板橋,2024-02-27,9349
6113,亞矽,40,10,30,華南永昌-板橋,2024-02-27,9349
6257,矽格,31,3,28,華南永昌-板橋,2024-02-27,9349
1609,大亞,39,11,28,華南永昌-板橋,2024-02-27,9349
1455,集盛,27,0,27,華南永昌-板橋,2024-02-27,9349
1524,耿鼎,42,15,27,華南永昌-板橋,2024-02-27,9349
1528,恩德,24,0,24,華南永昌-板橋,2024-02-27,9349
2353,宏��,33,12,21,華南永昌-板橋,2024-02-27,9349
3217,優群,28,7,21,華南永昌-板橋,2024-02-27,9349
00933B,國泰10Y+金融債,30,10,20,華南永昌-板橋,2024-02-27,9349
5011,久陽,20,0,20,華南永昌-板橋,2024-02-27,9349
3360,尚立,19,0,19,華南永昌-板橋,2024-02-27,9349
8054,安國,18,0,18,華南永昌-板橋,2024-02-27,9349
3481,群創,26,9,17,華南永昌-板橋,2024-02-27,9349
2449,京元電子,20,4,16,華南永昌-板橋,2024-02-27,9349
6125,廣運,53,37,16,華南永昌-板橋,2024-02-27,9349
2443,昶虹,15,0,15,華南永昌-板橋,2024-02-27,9349
3450,聯鈞,38,23,15,華南永昌-板橋,2024-02-27,9349
6167,久正,299,284,15,華南永昌-板橋,2024-02-27,9349
2356,英業達,21,7,14,華南永昌-板橋,2024-02-27,9349
3024,憶聲,14,0,14,華南永昌-板橋,2024-02-27,9349
5356,協益,14,0,14,華南永昌-板橋,2024-02-27,9349
6499,益安,14,0,14,華南永昌-板橋,2024-02-27,9349
00795B,中信美國公債20年,13,0,13,華南永昌-板橋,2024-02-27,9349
6139,亞翔,34,21,13,華南永昌-板橋,2024-02-27,9349
2002,中鋼,13,0,13,華南永昌-板橋,2024-02-27,9349
2363,矽統,40,27,13,華南永昌-板橋,2024-02-27,9349
2884,玉山金,20,8,12,華南永昌-板橋,2024-02-27,9349
2603,長榮,13,1,12,華南永昌-板橋,2024-02-27,9349
2836,高雄銀,12,0,12,華南永昌-板橋,2024-02-27,9349
3312,弘憶股,37,25,12,華南永昌-板橋,2024-02-27,9349
3346,麗清,15,3,12,華南永昌-板橋,2024-02-27,9349
2338,光罩,11,0,11,華南永昌-板橋,2024-02-27,9349
2408,南亞科,24,13,11,華南永昌-板橋,2024-02-27,9349
3715,定穎投控,12,1,11,華南永昌-板橋,2024-02-27,9349
5498,凱崴,11,0,11,華南永昌-板橋,2024-02-27,9349
6456,GIS-KY,11,0,11,華南永昌-板橋,2024-02-27,9349
00929,復華台灣科技優息,170,1,169,華南永昌-板橋,2024-02-29,9349
00937B,群益ESG投等債20,131,0,131,華南永昌-板橋,2024-02-29,9349
00933B,國泰10Y+金融債,117,20,97,華南永昌-板橋,2024-02-29,9349
2405,輔信,47,4,43,華南永昌-板橋,2024-02-29,9349
2344,華邦電,42,2,40,華南永昌-板橋,2024-02-29,9349
9105,泰金寶-DR,58,21,37,華南永昌-板橋,2024-02-29,9349
2332,友訊,36,0,36,華南永昌-板橋,2024-02-29,9349
3444,利機,79,43,36,華南永昌-板橋,2024-02-29,9349
00712,復華富時不動產,30,0,30,華南永昌-板橋,2024-02-29,9349
1101,台泥,31,1,30,華南永昌-板橋,2024-02-29,9349
00919,群益台灣精選高息,40,11,29,華南永昌-板橋,2024-02-29,9349
2329,華泰,123,96,27,華南永昌-板橋,2024-02-29,9349
2353,宏��,24,2,22,華南永昌-板橋,2024-02-29,9349
3374,精材,22,0,22,華南永昌-板橋,2024-02-29,9349
5011,久陽,22,0,22,華南永昌-板橋,2024-02-29,9349
00878,國泰永續高股息,22,0,22,華南永昌-板橋,2024-02-29,9349
00643,群益深証中小,20,0,20,華南永昌-板橋,2024-02-29,9349
00931B,統一美債20年,20,0,20,華南永昌-板橋,2024-02-29,9349
1725,元禎,20,0,20,華南永昌-板橋,2024-02-29,9349
2605,新興,22,2,20,華南永昌-板橋,2024-02-29,9349
3380,明泰,20,0,20,華南永昌-板橋,2024-02-29,9349
6288,聯嘉,22,2,20,華南永昌-板橋,2024-02-29,9349
6231,系微,21,1,20,華南永昌-板橋,2024-02-29,9349
2467,志聖,24,5,19,華南永昌-板橋,2024-02-29,9349
2208,台船,20,2,18,華南永昌-板橋,2024-02-29,9349
3689,湧德,20,2,18,華南永昌-板橋,2024-02-29,9349
6111,大宇資,16,0,16,華南永昌-板橋,2024-02-29,9349
8926,台汽電,23,7,16,華南永昌-板橋,2024-02-29,9349
3363,上詮,35,20,15,華南永昌-板橋,2024-02-29,9349
8054,安國,13,0,13,華南永昌-板橋,2024-02-29,9349
00687B,國泰20年美債,25,13,12,華南永昌-板橋,2024-02-29,9349
00680L,元大美債20正2,12,0,12,華南永昌-板橋,2024-02-29,9349
3217,優群,12,0,12,華南永昌-板橋,2024-02-29,9349
8121,越峰,12,0,12,華南永昌-板橋,2024-02-29,9349
6147,頎邦,20,8,12,華南永昌-板橋,2024-02-29,9349
2892,第一金,11,0,11,華南永昌-板橋,2024-02-29,9349
4768,晶呈科技,11,0,11,華南永昌-板橋,2024-02-29,9349
6116,彩晶,13,2,11,華南永昌-板橋,2024-02-29,9349
4164,承業醫,10,0,10,華南永昌-板橋,2024-02-29,9349
1522,堤維西,31,21,10,華南永昌-板橋,2024-02-29,9349
1727,中華化,11,1,10,華南永昌-板橋,2024-02-29,9349
2204,中華,10,0,10,華南永昌-板橋,2024-02-29,9349
3005,神基,20,10,10,華南永昌-板橋,2024-02-29,9349
4953,緯軟,10,0,10,華南永昌-板橋,2024-02-29,9349
1504,東元,15,6,9,華南永昌-板橋,2024-02-29,9349
2338,光罩,9,0,9,華南永昌-板橋,2024-02-29,9349
2449,京元電子,11,2,9,華南永昌-板橋,2024-02-29,9349
3305,昇貿,9,0,9,華南永昌-板橋,2024-02-29,9349
3481,群創,10,1,9,華南永昌-板橋,2024-02-29,9349
6233,旺玖,13,4,9,華南永昌-板橋,2024-02-29,9349
6116,彩晶,184,2,182,華南永昌-板橋,2024-03-01,9349
00919,群益台灣精選高息,182,25,157,華南永昌-板橋,2024-03-01,9349
6015,宏遠證,140,0,140,華南永昌-板橋,2024-03-01,9349
1591,駿吉-KY,100,0,100,華南永昌-板橋,2024-03-01,9349
8085,福華,77,6,71,華南永昌-板橋,2024-03-01,9349
2520,冠德,72,5,67,華南永昌-板橋,2024-03-01,9349
00929,復華台灣科技優息,67,0,67,華南永昌-板橋,2024-03-01,9349
00937B,群益ESG投等債20,53,1,52,華南永昌-板橋,2024-03-01,9349
1609,大亞,60,16,44,華南永昌-板橋,2024-03-01,9349
6016,康和證,50,10,40,華南永昌-板橋,2024-03-01,9349
2356,英業達,46,7,39,華南永昌-板橋,2024-03-01,9349
2603,長榮,42,4,38,華南永昌-板橋,2024-03-01,9349
00918,大華優利高填息30,33,0,33,華南永昌-板橋,2024-03-01,9349
2605,新興,30,0,30,華南永昌-板橋,2024-03-01,9349
6290,良維,41,12,29,華南永昌-板橋,2024-03-01,9349
3444,利機,52,24,28,華南永昌-板橋,2024-03-01,9349
1101,台泥,29,2,27,華南永昌-板橋,2024-03-01,9349
1618,合機,27,2,25,華南永昌-板橋,2024-03-01,9349
2317,鴻海,25,0,25,華南永昌-板橋,2024-03-01,9349
3231,緯創,56,32,24,華南永昌-板橋,2024-03-01,9349
8105,凌巨,89,65,24,華南永昌-板橋,2024-03-01,9349
5258,虹堡,23,0,23,華南永昌-板橋,2024-03-01,9349
1316,上曜,58,36,22,華南永昌-板橋,2024-03-01,9349
6111,大宇資,22,0,22,華南永昌-板橋,2024-03-01,9349
6245,立端,22,0,22,華南永昌-板橋,2024-03-01,9349
2014,中鴻,20,0,20,華南永昌-板橋,2024-03-01,9349
2467,志聖,20,0,20,華南永昌-板橋,2024-03-01,9349
3680,家登,20,0,20,華南永昌-板橋,2024-03-01,9349
3036,文曄,20,0,20,華南永昌-板橋,2024-03-01,9349
3605,宏致,20,1,19,華南永昌-板橋,2024-03-01,9349
4543,萬在,34,15,19,華南永昌-板橋,2024-03-01,9349
8182,加高,19,0,19,華南永昌-板橋,2024-03-01,9349
6477,安集,19,0,19,華南永昌-板橋,2024-03-01,9349
00900,富邦特選高股息30,21,3,18,華南永昌-板橋,2024-03-01,9349
6026,福邦證,20,3,17,華南永昌-板橋,2024-03-01,9349
6668,中揚光,20,3,17,華南永昌-板橋,2024-03-01,9349
3548,兆利,21,6,15,華南永昌-板橋,2024-03-01,9349
8936,國統,30,15,15,華南永昌-板橋,2024-03-01,9349
1513,中興電,41,27,14,華南永昌-板橋,2024-03-01,9349
6257,矽格,13,0,13,華南永昌-板橋,2024-03-01,9349
2409,友達,14,1,13,華南永昌-板橋,2024-03-01,9349
8112,至上,16,3,13,華南永昌-板橋,2024-03-01,9349
00687B,國泰20年美債,13,0,13,華南永昌-板橋,2024-03-01,9349
1815,富喬,16,4,12,華南永昌-板橋,2024-03-01,9349
3583,辛耘,12,0,12,華南永昌-板橋,2024-03-01,9349
6275,元山,16,4,12,華南永昌-板橋,2024-03-01,9349
3056,富華新,11,0,11,華南永昌-板橋,2024-03-01,9349
00933B,國泰10Y+金融債,11,0,11,華南永昌-板橋,2024-03-01,9349
2355,敬鵬,12,1,11,華南永昌-板橋,2024-03-01,9349
2425,承啟,11,0,11,華南永昌-板橋,2024-03-01,9349
00919,群益台灣精選高息,266,7,259,華南永昌-板橋,2024-03-04,9349
00918,大華優利高填息30,115,15,100,華南永昌-板橋,2024-03-04,9349
2610,華航,93,2,91,華南永昌-板橋,2024-03-04,9349
6026,福邦證,90,1,89,華南永昌-板橋,2024-03-04,9349
6015,宏遠證,76,10,66,華南永昌-板橋,2024-03-04,9349
2603,長榮,72,12,60,華南永昌-板橋,2024-03-04,9349
00929,復華台灣科技優息,80,22,58,華南永昌-板橋,2024-03-04,9349
6290,良維,58,4,54,華南永昌-板橋,2024-03-04,9349
00915,凱基優選高股息30,53,0,53,華南永昌-板橋,2024-03-04,9349
5608,四維航,53,0,53,華南永昌-板橋,2024-03-04,9349
2356,英業達,61,10,51,華南永昌-板橋,2024-03-04,9349
2355,敬鵬,48,0,48,華南永昌-板橋,2024-03-04,9349
00937B,群益ESG投等債20,44,0,44,華南永昌-板橋,2024-03-04,9349
00933B,國泰10Y+金融債,32,0,32,華南永昌-板橋,2024-03-04,9349
2439,美律,30,0,30,華南永昌-板橋,2024-03-04,9349
3483,力致,31,1,30,華南永昌-板橋,2024-03-04,9349
5011,久陽,29,0,29,華南永昌-板橋,2024-03-04,9349
4968,立積,33,7,26,華南永昌-板橋,2024-03-04,9349
6770,力積電,44,20,24,華南永昌-板橋,2024-03-04,9349
1815,富喬,20,0,20,華南永昌-板橋,2024-03-04,9349
2206,三陽工業,24,4,20,華南永昌-板橋,2024-03-04,9349
3491,昇達科,20,0,20,華南永昌-板橋,2024-03-04,9349
6167,久正,20,0,20,華南永昌-板橋,2024-03-04,9349
00680L,元大美債20正2,23,4,19,華南永昌-板橋,2024-03-04,9349
00712,復華富時不動產,21,3,18,華南永昌-板橋,2024-03-04,9349
2313,華通,88,71,17,華南永昌-板橋,2024-03-04,9349
2892,第一金,17,0,17,華南永昌-板橋,2024-03-04,9349
2609,陽明,32,17,15,華南永昌-板橋,2024-03-04,9349
3605,宏致,16,1,15,華南永昌-板橋,2024-03-04,9349
4768,晶呈科技,40,25,15,華南永昌-板橋,2024-03-04,9349
6139,亞翔,50,35,15,華南永昌-板橋,2024-03-04,9349
2882,國泰金,13,1,12,華南永昌-板橋,2024-03-04,9349
3055,蔚華科,15,3,12,華南永昌-板橋,2024-03-04,9349
3437,榮創,12,0,12,華南永昌-板橋,2024-03-04,9349
4303,信立,15,3,12,華南永昌-板橋,2024-03-04,9349
6245,立端,13,1,12,華南永昌-板橋,2024-03-04,9349
8150,南茂,20,8,12,華南永昌-板橋,2024-03-04,9349
1522,堤維西,11,0,11,華南永昌-板橋,2024-03-04,9349
3689,湧德,29,18,11,華南永昌-板橋,2024-03-04,9349
4960,誠美材,11,0,11,華南永昌-板橋,2024-03-04,9349
6120,達運,12,1,11,華南永昌-板橋,2024-03-04,9349
6275,元山,11,0,11,華南永昌-板橋,2024-03-04,9349
8105,凌巨,18,7,11,華南永昌-板橋,2024-03-04,9349
1217,愛之味,10,0,10,華南永昌-板橋,2024-03-04,9349
00882,中信中國高股息,10,0,10,華南永昌-板橋,2024-03-04,9349
00752,中信中國50,10,0,10,華南永昌-板橋,2024-03-04,9349
1434,福懋,10,0,10,華南永昌-板橋,2024-03-04,9349
2013,中鋼構,10,0,10,華南永昌-板橋,2024-03-04,9349
3321,同泰,10,0,10,華南永昌-板橋,2024-03-04,9349
3556,禾瑞亞,10,0,10,華南永昌-板橋,2024-03-04,9349
2371,大同,308,66,242,華南永昌-板橋,2024-03-05,9349
8054,安國,83,3,80,華南永昌-板橋,2024-03-05,9349
3207,耀勝,62,1,61,華南永昌-板橋,2024-03-05,9349
00937B,群益ESG投等債20,55,0,55,華南永昌-板橋,2024-03-05,9349
1409,新纖,53,4,49,華南永昌-板橋,2024-03-05,9349
1784,訊聯,40,0,40,華南永昌-板橋,2024-03-05,9349
2355,敬鵬,50,11,39,華南永昌-板橋,2024-03-05,9349
00643,群益深証中小,30,0,30,華南永昌-板橋,2024-03-05,9349
3014,聯陽,30,0,30,華南永昌-板橋,2024-03-05,9349
3313,斐成,31,2,29,華南永昌-板橋,2024-03-05,9349
3372,典範,36,9,27,華南永昌-板橋,2024-03-05,9349
4543,萬在,28,1,27,華南永昌-板橋,2024-03-05,9349
00712,復華富時不動產,26,0,26,華南永昌-板橋,2024-03-05,9349
00878,國泰永續高股息,32,8,24,華南永昌-板橋,2024-03-05,9349
00918,大華優利高填息30,21,0,21,華南永昌-板橋,2024-03-05,9349
2327,國巨,21,0,21,華南永昌-板橋,2024-03-05,9349
2892,第一金,21,0,21,華南永昌-板橋,2024-03-05,9349
8182,加高,21,0,21,華南永昌-板橋,2024-03-05,9349
6239,力成,21,1,20,華南永昌-板橋,2024-03-05,9349
2305,全友,20,0,20,華南永昌-板橋,2024-03-05,9349
5880,合庫金,20,0,20,華南永昌-板橋,2024-03-05,9349
6120,達運,22,2,20,華南永昌-板橋,2024-03-05,9349
6104,創惟,23,5,18,華南永昌-板橋,2024-03-05,9349
2368,金像電,17,0,17,華南永昌-板橋,2024-03-05,9349
6235,華孚,21,4,17,華南永昌-板橋,2024-03-05,9349
1303,南亞,21,4,17,華南永昌-板橋,2024-03-05,9349
3481,群創,27,11,16,華南永昌-板橋,2024-03-05,9349
6125,廣運,35,19,16,華南永昌-板橋,2024-03-05,9349
3450,聯鈞,28,14,14,華南永昌-板橋,2024-03-05,9349
4906,正文,51,37,14,華南永昌-板橋,2024-03-05,9349
2409,友達,16,2,14,華南永昌-板橋,2024-03-05,9349
2641,正德,14,0,14,華南永昌-板橋,2024-03-05,9349
1513,中興電,25,12,13,華南永昌-板橋,2024-03-05,9349
00882,中信中國高股息,13,0,13,華南永昌-板橋,2024-03-05,9349
3701,大眾控,13,0,13,華南永昌-板橋,2024-03-05,9349
3105,穩懋,12,0,12,華南永昌-板橋,2024-03-05,9349
2206,三陽工業,12,0,12,華南永昌-板橋,2024-03-05,9349
6531,愛普*,16,5,11,華南永昌-板橋,2024-03-05,9349
1905,華紙,10,0,10,華南永昌-板橋,2024-03-05,9349
6265,方土昶,11,1,10,華南永昌-板橋,2024-03-05,9349
1217,愛之味,10,0,10,華南永昌-板橋,2024-03-05,9349
2230,泰茂,13,3,10,華南永昌-板橋,2024-03-05,9349
2884,玉山金,12,2,10,華南永昌-板橋,2024-03-05,9349
5864,致和證,10,0,10,華南永昌-板橋,2024-03-05,9349
6016,康和證,10,0,10,華南永昌-板橋,2024-03-05,9349
6525,捷敏-KY,10,0,10,華南永昌-板橋,2024-03-05,9349
9105,泰金寶-DR,15,5,10,華南永昌-板橋,2024-03-05,9349
1229,聯華,10,0,10,華南永昌-板橋,2024-03-05,9349
6806,森崴能源,33,23,10,華南永昌-板橋,2024-03-05,9349
00929,復華台灣科技優息,41,31,10,華南永昌-板橋,2024-03-05,9349
00919,群益台灣精選高息,340,25,315,華南永昌-板橋,2024-03-06,9349
1303,南亞,203,1,202,華南永昌-板橋,2024-03-06,9349
6026,福邦證,140,0,140,華南永昌-板橋,2024-03-06,9349
00878,國泰永續高股息,135,15,120,華南永昌-板橋,2024-03-06,9349
2609,陽明,123,14,109,華南永昌-板橋,2024-03-06,9349
00937B,群益ESG投等債20,104,13,91,華南永昌-板橋,2024-03-06,9349
00918,大華優利高填息30,76,3,73,華南永昌-板橋,2024-03-06,9349
2443,昶虹,50,0,50,華南永昌-板橋,2024-03-06,9349
1336,台翰,30,0,30,華南永昌-板橋,2024-03-06,9349
1609,大亞,56,31,25,華南永昌-板橋,2024-03-06,9349
2603,長榮,25,2,23,華南永昌-板橋,2024-03-06,9349
6531,愛普*,25,3,22,華南永昌-板橋,2024-03-06,9349
00915,凱基優選高股息30,21,0,21,華南永昌-板橋,2024-03-06,9349
1603,華電,20,0,20,華南永昌-板橋,2024-03-06,9349
2439,美律,20,0,20,華南永昌-板橋,2024-03-06,9349
2457,飛宏,20,0,20,華南永昌-板橋,2024-03-06,9349
6150,撼訊,22,2,20,華南永昌-板橋,2024-03-06,9349
6239,力成,21,1,20,華南永昌-板橋,2024-03-06,9349
6190,萬泰科,62,43,19,華南永昌-板橋,2024-03-06,9349
2356,英業達,22,4,18,華南永昌-板橋,2024-03-06,9349
2330,台積電,23,5,18,華南永昌-板橋,2024-03-06,9349
5388,中磊,19,1,18,華南永昌-板橋,2024-03-06,9349
8054,安國,23,5,18,華南永昌-板橋,2024-03-06,9349
3450,聯鈞,21,4,17,華南永昌-板橋,2024-03-06,9349
6695,芯鼎,16,0,16,華南永昌-板橋,2024-03-06,9349
2610,華航,15,0,15,華南永昌-板橋,2024-03-06,9349
4746,台耀,15,0,15,華南永昌-板橋,2024-03-06,9349
4916,事欣科,15,0,15,華南永昌-板橋,2024-03-06,9349
4768,晶呈科技,54,39,15,華南永昌-板橋,2024-03-06,9349
3694,海華,13,0,13,華南永昌-板橋,2024-03-06,9349
3515,華擎,14,1,13,華南永昌-板橋,2024-03-06,9349
3686,達能,13,0,13,華南永昌-板橋,2024-03-06,9349
2399,映泰,14,1,13,華南永昌-板橋,2024-03-06,9349
8210,勤誠,18,5,13,華南永昌-板橋,2024-03-06,9349
2845,遠東銀,18,6,12,華南永昌-板橋,2024-03-06,9349
2031,新光鋼,12,0,12,華南永昌-板橋,2024-03-06,9349
2405,輔信,12,0,12,華南永昌-板橋,2024-03-06,9349
8110,華東,17,5,12,華南永昌-板橋,2024-03-06,9349
2543,皇昌,12,1,11,華南永昌-板橋,2024-03-06,9349
6257,矽格,11,0,11,華南永昌-板橋,2024-03-06,9349
2515,中工,26,15,11,華南永昌-板橋,2024-03-06,9349
4979,華星光,11,0,11,華南永昌-板橋,2024-03-06,9349
5426,振發,18,7,11,華南永昌-板橋,2024-03-06,9349
1101,台泥,10,0,10,華南永昌-板橋,2024-03-06,9349
00795B,中信美國公債20年,10,0,10,華南永昌-板橋,2024-03-06,9349
1304,台聚,10,0,10,華南永昌-板橋,2024-03-06,9349
2305,全友,10,0,10,華南永昌-板橋,2024-03-06,9349
2353,宏��,12,2,10,華南永昌-板橋,2024-03-06,9349
2718,全心投控,10,0,10,華南永昌-板橋,2024-03-06,9349
2867,三商壽,10,0,10,華南永昌-板橋,2024-03-06,9349
00632R,元大台灣50反1,102,0,102,華南永昌-板橋,2024-03-07,9349
2371,大同,145,59,86,華南永昌-板橋,2024-03-07,9349
2801,彰銀,80,1,79,華南永昌-板橋,2024-03-07,9349
00918,大華優利高填息30,63,0,63,華南永昌-板橋,2024-03-07,9349
2457,飛宏,75,13,62,華南永昌-板橋,2024-03-07,9349
3551,世禾,65,5,60,華南永昌-板橋,2024-03-07,9349
00937B,群益ESG投等債20,70,10,60,華南永昌-板橋,2024-03-07,9349
4768,晶呈科技,139,80,59,華南永昌-板橋,2024-03-07,9349
3231,緯創,55,4,51,華南永昌-板橋,2024-03-07,9349
00919,群益台灣精選高息,70,29,41,華南永昌-板橋,2024-03-07,9349
2313,華通,79,43,36,華南永昌-板橋,2024-03-07,9349
2610,華航,36,2,34,華南永昌-板橋,2024-03-07,9349
6735,美達科技,35,2,33,華南永昌-板橋,2024-03-07,9349
2353,宏��,38,9,29,華南永昌-板橋,2024-03-07,9349
6125,廣運,58,29,29,華南永昌-板橋,2024-03-07,9349
3481,群創,32,5,27,華南永昌-板橋,2024-03-07,9349
8182,加高,27,0,27,華南永昌-板橋,2024-03-07,9349
8034,榮群,48,24,24,華南永昌-板橋,2024-03-07,9349
8215,明基材,23,0,23,華南永昌-板橋,2024-03-07,9349
2486,一詮,39,16,23,華南永昌-板橋,2024-03-07,9349
2362,藍天,22,0,22,華南永昌-板橋,2024-03-07,9349
3312,弘憶股,23,1,22,華南永昌-板橋,2024-03-07,9349
2324,仁寶,24,4,20,華南永昌-板橋,2024-03-07,9349
8054,安國,23,3,20,華南永昌-板橋,2024-03-07,9349
2405,輔信,20,0,20,華南永昌-板橋,2024-03-07,9349
00857B,永豐20年美公債,20,0,20,華南永昌-板橋,2024-03-07,9349
2472,立隆電,20,0,20,華南永昌-板橋,2024-03-07,9349
3380,明泰,22,2,20,華南永昌-板橋,2024-03-07,9349
8080,印鉐,20,0,20,華南永昌-板橋,2024-03-07,9349
0056,元大高股息,21,1,20,華南永昌-板橋,2024-03-07,9349
5521,工信,25,5,20,華南永昌-板橋,2024-03-07,9349
3450,聯鈞,34,15,19,華南永昌-板橋,2024-03-07,9349
2356,英業達,26,8,18,華南永昌-板橋,2024-03-07,9349
2399,映泰,19,2,17,華南永昌-板橋,2024-03-07,9349
8210,勤誠,29,12,17,華南永昌-板橋,2024-03-07,9349
3624,光頡,15,0,15,華南永昌-板橋,2024-03-07,9349
2368,金像電,16,2,14,華南永昌-板橋,2024-03-07,9349
1471,首利,14,0,14,華南永昌-板橋,2024-03-07,9349
6117,迎廣,15,2,13,華南永昌-板橋,2024-03-07,9349
6203,海韻電,13,0,13,華南永昌-板橋,2024-03-07,9349
8050,廣積,16,3,13,華南永昌-板橋,2024-03-07,9349
00687B,國泰20年美債,17,5,12,華南永昌-板橋,2024-03-07,9349
2836,高雄銀,12,0,12,華南永昌-板橋,2024-03-07,9349
00915,凱基優選高股息30,12,0,12,華南永昌-板橋,2024-03-07,9349
1301,台塑,11,0,11,華南永昌-板橋,2024-03-07,9349
2338,光罩,12,1,11,華南永昌-板橋,2024-03-07,9349
6239,力成,22,11,11,華南永昌-板橋,2024-03-07,9349
6668,中揚光,21,10,11,華南永昌-板橋,2024-03-07,9349
8996,高力,20,9,11,華南永昌-板橋,2024-03-07,9349
3260,威剛,12,2,10,華南永昌-板橋,2024-03-07,9349
00919,群益台灣精選高息,312,158,154,華南永昌-板橋,2024-03-08,9349
4768,晶呈科技,204,55,149,華南永昌-板橋,2024-03-08,9349
00720B,元大投資級公司債,100,0,100,華南永昌-板橋,2024-03-08,9349
00937B,群益ESG投等債20,94,0,94,華南永昌-板橋,2024-03-08,9349
2426,鼎元,90,0,90,華南永昌-板橋,2024-03-08,9349
6205,詮欣,98,47,51,華南永昌-板橋,2024-03-08,9349
2476,鉅祥,45,0,45,華南永昌-板橋,2024-03-08,9349
5392,能率,50,5,45,華南永昌-板橋,2024-03-08,9349
2374,佳能,40,0,40,華南永昌-板橋,2024-03-08,9349
4707,磐亞,40,6,34,華南永昌-板橋,2024-03-08,9349
1303,南亞,33,0,33,華南永昌-板橋,2024-03-08,9349
00712,復華富時不動產,32,0,32,華南永昌-板橋,2024-03-08,9349
1513,中興電,58,28,30,華南永昌-板橋,2024-03-08,9349
5356,協益,30,0,30,華南永昌-板橋,2024-03-08,9349
1316,上曜,29,5,24,華南永昌-板橋,2024-03-08,9349
2365,昆盈,35,11,24,華南永昌-板橋,2024-03-08,9349
5443,均豪,24,0,24,華南永昌-板橋,2024-03-08,9349
2371,大同,69,45,24,華南永昌-板橋,2024-03-08,9349
3444,利機,110,87,23,華南永昌-板橋,2024-03-08,9349
3481,群創,27,5,22,華南永昌-板橋,2024-03-08,9349
8069,元太,26,5,21,華南永昌-板橋,2024-03-08,9349
4942,嘉彰,21,0,21,華南永昌-板橋,2024-03-08,9349
00713,元大台灣高息低波,22,1,21,華南永昌-板橋,2024-03-08,9349
2603,長榮,28,8,20,華南永昌-板橋,2024-03-08,9349
1459,聯發,20,0,20,華南永昌-板橋,2024-03-08,9349
6015,宏遠證,140,120,20,華南永昌-板橋,2024-03-08,9349
8027,鈦昇,20,0,20,華南永昌-板橋,2024-03-08,9349
2002,中鋼,25,6,19,華南永昌-板橋,2024-03-08,9349
6182,合晶,22,4,18,華南永昌-板橋,2024-03-08,9349
2449,京元電子,51,34,17,華南永昌-板橋,2024-03-08,9349
2356,英業達,35,20,15,華南永昌-板橋,2024-03-08,9349
6125,廣運,30,15,15,華南永昌-板橋,2024-03-08,9349
2636,台驊控股,14,0,14,華南永昌-板橋,2024-03-08,9349
2385,群光,14,1,13,華南永昌-板橋,2024-03-08,9349
2408,南亞科,13,0,13,華南永昌-板橋,2024-03-08,9349
6770,力積電,16,3,13,華南永昌-板橋,2024-03-08,9349
2543,皇昌,12,0,12,華南永昌-板橋,2024-03-08,9349
6274,台燿,22,10,12,華南永昌-板橋,2024-03-08,9349
1229,聯華,11,0,11,華南永昌-板橋,2024-03-08,9349
3014,聯陽,12,1,11,華南永昌-板橋,2024-03-08,9349
3321,同泰,16,5,11,華南永昌-板橋,2024-03-08,9349
3687,歐買尬,14,3,11,華南永昌-板橋,2024-03-08,9349
5347,世界,25,14,11,華南永昌-板橋,2024-03-08,9349
3231,緯創,18,8,10,華南永昌-板橋,2024-03-08,9349
00904,新光臺灣半導體30,10,0,10,華南永昌-板橋,2024-03-08,9349
1102,亞泥,10,0,10,華南永昌-板橋,2024-03-08,9349
2913,農林,10,0,10,華南永昌-板橋,2024-03-08,9349
6194,育富,10,0,10,華南永昌-板橋,2024-03-08,9349
2022,聚亨,10,1,9,華南永昌-板橋,2024-03-08,9349
2353,宏��,40,31,9,華南永昌-板橋,2024-03-08,9349
00687B,國泰20年美債,87,10,77,華南永昌-板橋,2024-03-11,9349
00937B,群益ESG投等債20,97,32,65,華南永昌-板橋,2024-03-11,9349
6015,宏遠證,60,3,57,華南永昌-板橋,2024-03-11,9349
2610,華航,55,2,53,華南永昌-板橋,2024-03-11,9349
3338,泰碩,42,1,41,華南永昌-板橋,2024-03-11,9349
2603,長榮,44,13,31,華南永昌-板橋,2024-03-11,9349
00679B,元大美債20年,31,1,30,華南永昌-板橋,2024-03-11,9349
2371,大同,70,40,30,華南永昌-板橋,2024-03-11,9349
1514,亞力,39,10,29,華南永昌-板橋,2024-03-11,9349
00927,群益半導體收益,29,2,27,華南永昌-板橋,2024-03-11,9349
2367,燿華,66,40,26,華南永昌-板橋,2024-03-11,9349
00751B,元大AAA至A公司債,26,0,26,華南永昌-板橋,2024-03-11,9349
3217,優群,24,0,24,華南永昌-板橋,2024-03-11,9349
3706,神達,21,0,21,華南永昌-板橋,2024-03-11,9349
5439,高技,21,0,21,華南永昌-板橋,2024-03-11,9349
2419,仲琦,21,0,21,華南永昌-板橋,2024-03-11,9349
1455,集盛,21,1,20,華南永昌-板橋,2024-03-11,9349
2426,鼎元,20,0,20,華南永昌-板橋,2024-03-11,9349
2431,聯昌,20,0,20,華南永昌-板橋,2024-03-11,9349
3305,昇貿,20,0,20,華南永昌-板橋,2024-03-11,9349
2330,台積電,23,4,19,華南永昌-板橋,2024-03-11,9349
2618,長榮航,45,27,18,華南永昌-板橋,2024-03-11,9349
00918,大華優利高填息30,18,0,18,華南永昌-板橋,2024-03-11,9349
6290,良維,18,0,18,華南永昌-板橋,2024-03-11,9349
3312,弘憶股,22,5,17,華南永昌-板橋,2024-03-11,9349
2467,志聖,16,0,16,華南永昌-板橋,2024-03-11,9349
3491,昇達科,13,0,13,華南永昌-板橋,2024-03-11,9349
4746,台耀,23,10,13,華南永昌-板橋,2024-03-11,9349
6275,元山,15,2,13,華南永昌-板橋,2024-03-11,9349
00726B,國泰新興投等債,12,0,12,華南永昌-板橋,2024-03-11,9349
2609,陽明,14,2,12,華南永昌-板橋,2024-03-11,9349
3027,盛達,12,0,12,華南永昌-板橋,2024-03-11,9349
3711,日月光投控,12,0,12,華南永昌-板橋,2024-03-11,9349
8933,愛地雅,12,0,12,華南永昌-板橋,2024-03-11,9349
3481,群創,17,6,11,華南永昌-板橋,2024-03-11,9349
2634,漢翔,11,0,11,華南永昌-板橋,2024-03-11,9349
2887,台新金,13,2,11,華南永昌-板橋,2024-03-11,9349
5386,青雲,11,0,11,華南永昌-板橋,2024-03-11,9349
2882,國泰金,31,20,11,華南永昌-板橋,2024-03-11,9349
00724B,群益投資級金融債,10,0,10,華南永昌-板橋,2024-03-11,9349
2460,建通,10,0,10,華南永昌-板橋,2024-03-11,9349
3024,憶聲,10,0,10,華南永昌-板橋,2024-03-11,9349
3702,大聯大,10,0,10,華南永昌-板橋,2024-03-11,9349
4147,中裕,10,0,10,華南永昌-板橋,2024-03-11,9349
0056,元大高股息,10,0,10,華南永昌-板橋,2024-03-11,9349
00915,凱基優選高股息30,9,0,9,華南永昌-板橋,2024-03-11,9349
1316,上曜,34,25,9,華南永昌-板橋,2024-03-11,9349
1815,富喬,138,129,9,華南永昌-板橋,2024-03-11,9349
2355,敬鵬,15,6,9,華南永昌-板橋,2024-03-11,9349
6139,亞翔,10,1,9,華南永昌-板橋,2024-03-11,9349
00919,群益台灣精選高息,326,92,234,華南永昌-板橋,2024-03-12,9349
00937B,群益ESG投等債20,186,0,186,華南永昌-板橋,2024-03-12,9349
00665L,富邦�琤肭磪囓�2,161,5,156,華南永昌-板橋,2024-03-12,9349
4960,誠美材,150,0,150,華南永昌-板橋,2024-03-12,9349
6026,福邦證,90,1,89,華南永昌-板橋,2024-03-12,9349
00929,復華台灣科技優息,114,35,79,華南永昌-板橋,2024-03-12,9349
00933B,國泰10Y+金融債,58,0,58,華南永昌-板橋,2024-03-12,9349
4157,太景*-KY,45,2,43,華南永昌-板橋,2024-03-12,9349
2367,燿華,55,13,42,華南永昌-板橋,2024-03-12,9349
4908,前鼎,37,2,35,華南永昌-板橋,2024-03-12,9349
2303,聯電,60,29,31,華南永昌-板橋,2024-03-12,9349
2323,中環,63,32,31,華南永昌-板橋,2024-03-12,9349
2443,昶虹,33,2,31,華南永昌-板橋,2024-03-12,9349
5531,鄉林,30,0,30,華南永昌-板橋,2024-03-12,9349
2882,國泰金,32,5,27,華南永昌-板橋,2024-03-12,9349
3027,盛達,26,0,26,華南永昌-板橋,2024-03-12,9349
8011,台通,28,2,26,華南永昌-板橋,2024-03-12,9349
6278,台表科,23,0,23,華南永昌-板橋,2024-03-12,9349
2426,鼎元,20,0,20,華南永昌-板橋,2024-03-12,9349
6538,倉和,20,0,20,華南永昌-板橋,2024-03-12,9349
2368,金像電,24,5,19,華南永昌-板橋,2024-03-12,9349
3481,群創,30,11,19,華南永昌-板橋,2024-03-12,9349
2376,技嘉,30,13,17,華南永昌-板橋,2024-03-12,9349
2353,宏��,60,45,15,華南永昌-板橋,2024-03-12,9349
6548,長科*,15,0,15,華南永昌-板橋,2024-03-12,9349
2324,仁寶,20,6,14,華南永昌-板橋,2024-03-12,9349
2399,映泰,14,0,14,華南永昌-板橋,2024-03-12,9349
2365,昆盈,18,5,13,華南永昌-板橋,2024-03-12,9349
6235,華孚,13,0,13,華南永昌-板橋,2024-03-12,9349
3036,文曄,13,0,13,華南永昌-板橋,2024-03-12,9349
00712,復華富時不動產,14,2,12,華南永昌-板橋,2024-03-12,9349
2329,華泰,19,7,12,華南永昌-板橋,2024-03-12,9349
3490,單井,12,0,12,華南永昌-板橋,2024-03-12,9349
2316,楠梓電,13,2,11,華南永昌-板橋,2024-03-12,9349
2355,敬鵬,20,9,11,華南永昌-板橋,2024-03-12,9349
2371,大同,22,11,11,華南永昌-板橋,2024-03-12,9349
6499,益安,11,0,11,華南永昌-板橋,2024-03-12,9349
00830,國泰費城半導體,11,0,11,華南永昌-板橋,2024-03-12,9349
00773B,中信優先金融債,10,0,10,華南永昌-板橋,2024-03-12,9349
1570,力肯,10,0,10,華南永昌-板橋,2024-03-12,9349
6150,撼訊,27,17,10,華南永昌-板橋,2024-03-12,9349
6578,達邦蛋白,20,10,10,華南永昌-板橋,2024-03-12,9349
2465,麗臺,9,0,9,華南永昌-板橋,2024-03-12,9349
6143,振曜,10,1,9,華南永昌-板橋,2024-03-12,9349
1815,富喬,14,6,8,華南永昌-板橋,2024-03-12,9349
2887,台新金,8,0,8,華南永昌-板橋,2024-03-12,9349
5353,台林,8,0,8,華南永昌-板橋,2024-03-12,9349
6770,力積電,14,6,8,華南永昌-板橋,2024-03-12,9349
2383,台光電,7,0,7,華南永昌-板橋,2024-03-12,9349
2330,台積電,10,3,7,華南永昌-板橋,2024-03-12,9349
00919,群益台灣精選高息,482,98,384,華南永昌-板橋,2024-03-13,9349
00937B,群益ESG投等債20,226,45,181,華南永昌-板橋,2024-03-13,9349
2884,玉山金,163,3,160,華南永昌-板橋,2024-03-13,9349
3013,晟銘電,134,0,134,華南永昌-板橋,2024-03-13,9349
6274,台燿,133,0,133,華南永昌-板橋,2024-03-13,9349
3231,緯創,143,39,104,華南永昌-板橋,2024-03-13,9349
4960,誠美材,100,0,100,華南永昌-板橋,2024-03-13,9349
6015,宏遠證,100,0,100,華南永昌-板橋,2024-03-13,9349
4979,華星光,93,1,92,華南永昌-板橋,2024-03-13,9349
2303,聯電,180,93,87,華南永昌-板橋,2024-03-13,9349
2241,艾姆勒,56,0,56,華南永昌-板橋,2024-03-13,9349
00665L,富邦�琤肭磪囓�2,60,6,54,華南永昌-板橋,2024-03-13,9349
4716,大立,50,0,50,華南永昌-板橋,2024-03-13,9349
6290,良維,96,47,49,華南永昌-板橋,2024-03-13,9349
5356,協益,44,1,43,華南永昌-板橋,2024-03-13,9349
5443,均豪,36,0,36,華南永昌-板橋,2024-03-13,9349
00637L,元大滬深300正2,35,0,35,華南永昌-板橋,2024-03-13,9349
2801,彰銀,36,2,34,華南永昌-板橋,2024-03-13,9349
3490,單井,34,0,34,華南永昌-板橋,2024-03-13,9349
5439,高技,37,3,34,華南永昌-板橋,2024-03-13,9349
4967,十銓,37,5,32,華南永昌-板橋,2024-03-13,9349
8996,高力,39,8,31,華南永昌-板橋,2024-03-13,9349
1532,勤美,30,0,30,華南永昌-板橋,2024-03-13,9349
00679B,元大美債20年,31,2,29,華南永昌-板橋,2024-03-13,9349
6275,元山,51,22,29,華南永昌-板橋,2024-03-13,9349
2329,華泰,54,26,28,華南永昌-板橋,2024-03-13,9349
00857B,永豐20年美公債,28,0,28,華南永昌-板橋,2024-03-13,9349
2520,冠德,28,0,28,華南永昌-板橋,2024-03-13,9349
00931B,統一美債20年,26,0,26,華南永昌-板橋,2024-03-13,9349
2883,凱基金,44,18,26,華南永昌-板橋,2024-03-13,9349
6016,康和證,30,4,26,華南永昌-板橋,2024-03-13,9349
2408,南亞科,29,5,24,華南永昌-板橋,2024-03-13,9349
2344,華邦電,33,10,23,華南永昌-板橋,2024-03-13,9349
00929,復華台灣科技優息,71,48,23,華南永昌-板橋,2024-03-13,9349
6176,瑞儀,24,2,22,華南永昌-板橋,2024-03-13,9349
6125,廣運,38,17,21,華南永昌-板橋,2024-03-13,9349
2426,鼎元,20,0,20,華南永昌-板橋,2024-03-13,9349
8027,鈦昇,19,0,19,華南永昌-板橋,2024-03-13,9349
8182,加高,19,0,19,華南永昌-板橋,2024-03-13,9349
2313,華通,126,108,18,華南永昌-板橋,2024-03-13,9349
3715,定穎投控,18,0,18,華南永昌-板橋,2024-03-13,9349
2897,王道銀行,17,0,17,華南永昌-板橋,2024-03-13,9349
00712,復華富時不動產,16,0,16,華南永昌-板橋,2024-03-13,9349
6285,啟��,25,9,16,華南永昌-板橋,2024-03-13,9349
3027,盛達,15,0,15,華南永昌-板橋,2024-03-13,9349
1514,亞力,80,68,12,華南永昌-板橋,2024-03-13,9349
5328,華容,12,0,12,華南永昌-板橋,2024-03-13,9349
6140,訊達,12,0,12,華南永昌-板橋,2024-03-13,9349
3005,神基,22,10,12,華南永昌-板橋,2024-03-13,9349
2401,凌陽,11,0,11,華南永昌-板橋,2024-03-13,9349
00919,群益台灣精選高息,427,54,373,華南永昌-板橋,2024-03-14,9349
4960,誠美材,200,0,200,華南永昌-板橋,2024-03-14,9349
2354,鴻準,87,18,69,華南永昌-板橋,2024-03-14,9349
00918,大華優利高填息30,83,23,60,華南永昌-板橋,2024-03-14,9349
4768,晶呈科技,223,163,60,華南永昌-板橋,2024-03-14,9349
2615,萬海,61,3,58,華南永昌-板橋,2024-03-14,9349
2603,長榮,59,12,47,華南永昌-板橋,2024-03-14,9349
1455,集盛,40,0,40,華南永昌-板橋,2024-03-14,9349
2890,永豐金,40,0,40,華南永昌-板橋,2024-03-14,9349
00929,復華台灣科技優息,73,34,39,華南永昌-板橋,2024-03-14,9349
6147,頎邦,41,2,39,華南永昌-板橋,2024-03-14,9349
2887,台新金,49,11,38,華南永昌-板橋,2024-03-14,9349
2338,光罩,32,0,32,華南永昌-板橋,2024-03-14,9349
2801,彰銀,41,10,31,華南永昌-板橋,2024-03-14,9349
1201,味全,30,0,30,華南永昌-板橋,2024-03-14,9349
3390,旭軟,31,1,30,華南永昌-板橋,2024-03-14,9349
6125,廣運,43,13,30,華南永昌-板橋,2024-03-14,9349
2618,長榮航,63,33,30,華南永昌-板橋,2024-03-14,9349
2836,高雄銀,30,3,27,華南永昌-板橋,2024-03-14,9349
1513,中興電,61,35,26,華南永昌-板橋,2024-03-14,9349
1316,上曜,93,68,25,華南永昌-板橋,2024-03-14,9349
00878,國泰永續高股息,28,4,24,華南永昌-板橋,2024-03-14,9349
0056,元大高股息,27,3,24,華南永昌-板橋,2024-03-14,9349
8027,鈦昇,22,0,22,華南永昌-板橋,2024-03-14,9349
1313,聯成,20,0,20,華南永昌-板橋,2024-03-14,9349
3027,盛達,20,0,20,華南永昌-板橋,2024-03-14,9349
5309,系統電,20,0,20,華南永昌-板橋,2024-03-14,9349
2316,楠梓電,19,0,19,華南永昌-板橋,2024-03-14,9349
2376,技嘉,45,27,18,華南永昌-板橋,2024-03-14,9349
2383,台光電,32,14,18,華南永昌-板橋,2024-03-14,9349
2613,中櫃,15,0,15,華南永昌-板橋,2024-03-14,9349
3702,大聯大,16,3,13,華南永昌-板橋,2024-03-14,9349
3017,奇鋐,13,1,12,華南永昌-板橋,2024-03-14,9349
2313,華通,51,39,12,華南永昌-板橋,2024-03-14,9349
6550,北極星藥業-KY,13,1,12,華南永昌-板橋,2024-03-14,9349
2356,英業達,25,13,12,華南永昌-板橋,2024-03-14,9349
2897,王道銀行,11,0,11,華南永昌-板橋,2024-03-14,9349
6288,聯嘉,11,0,11,華南永昌-板橋,2024-03-14,9349
5443,均豪,11,0,11,華南永昌-板橋,2024-03-14,9349
2002,中鋼,10,0,10,華南永昌-板橋,2024-03-14,9349
1445,大宇,10,0,10,華南永昌-板橋,2024-03-14,9349
1515,力山,10,0,10,華南永昌-板橋,2024-03-14,9349
2362,藍天,10,0,10,華南永昌-板橋,2024-03-14,9349
2543,皇昌,10,0,10,華南永昌-板橋,2024-03-14,9349
6139,亞翔,14,4,10,華南永昌-板橋,2024-03-14,9349
00933B,國泰10Y+金融債,14,5,9,華南永昌-板橋,2024-03-14,9349
5386,青雲,31,22,9,華南永昌-板橋,2024-03-14,9349
00937B,群益ESG投等債20,29,20,9,華南永昌-板橋,2024-03-14,9349
2367,燿華,8,0,8,華南永昌-板橋,2024-03-14,9349
00679B,元大美債20年,11,3,8,華南永昌-板橋,2024-03-14,9349
00632R,元大台灣50反1,2998,1008,1990,華南永昌-板橋,2024-03-15,9349
2303,聯電,769,19,750,華南永昌-板橋,2024-03-15,9349
00665L,富邦�琤肭磪囓�2,405,0,405,華南永昌-板橋,2024-03-15,9349
2888,新光金,135,1,134,華南永昌-板橋,2024-03-15,9349
00941,中信上游半導體,133,5,128,華南永昌-板橋,2024-03-15,9349
00918,大華優利高填息30,91,1,90,華南永昌-板橋,2024-03-15,9349
2884,玉山金,91,3,88,華南永昌-板橋,2024-03-15,9349
00751B,元大AAA至A公司債,80,0,80,華南永昌-板橋,2024-03-15,9349
2603,長榮,113,43,70,華南永昌-板橋,2024-03-15,9349
2426,鼎元,52,0,52,華南永昌-板橋,2024-03-15,9349
1532,勤美,55,4,51,華南永昌-板橋,2024-03-15,9349
2834,臺企銀,62,12,50,華南永昌-板橋,2024-03-15,9349
00679B,元大美債20年,43,0,43,華南永昌-板橋,2024-03-15,9349
8092,建暐,40,0,40,華南永昌-板橋,2024-03-15,9349
00687B,國泰20年美債,39,0,39,華南永昌-板橋,2024-03-15,9349
2618,長榮航,45,11,34,華南永昌-板橋,2024-03-15,9349
00937B,群益ESG投等債20,40,10,30,華南永昌-板橋,2024-03-15,9349
2409,友達,72,43,29,華南永昌-板橋,2024-03-15,9349
5533,皇鼎,28,0,28,華南永昌-板橋,2024-03-15,9349
2356,英業達,36,10,26,華南永昌-板橋,2024-03-15,9349
2376,技嘉,30,6,24,華南永昌-板橋,2024-03-15,9349
4960,誠美材,24,0,24,華南永昌-板橋,2024-03-15,9349
6148,驊宏資,24,0,24,華南永昌-板橋,2024-03-15,9349
2206,三陽工業,23,0,23,華南永昌-板橋,2024-03-15,9349
1314,中石化,22,0,22,華南永昌-板橋,2024-03-15,9349
00680L,元大美債20正2,21,0,21,華南永昌-板橋,2024-03-15,9349
1907,永豐餘,20,0,20,華南永昌-板橋,2024-03-15,9349
2883,凱基金,31,11,20,華南永昌-板橋,2024-03-15,9349
3576,聯合再生,20,0,20,華南永昌-板橋,2024-03-15,9349
6285,啟��,20,0,20,華南永昌-板橋,2024-03-15,9349
2328,廣宇,25,6,19,華南永昌-板橋,2024-03-15,9349
2330,台積電,22,4,18,華南永昌-板橋,2024-03-15,9349
2890,永豐金,21,4,17,華南永昌-板橋,2024-03-15,9349
6770,力積電,18,2,16,華南永昌-板橋,2024-03-15,9349
2344,華邦電,16,1,15,華南永昌-板橋,2024-03-15,9349
2385,群光,17,2,15,華南永昌-板橋,2024-03-15,9349
3481,群創,49,34,15,華南永昌-板橋,2024-03-15,9349
00857B,永豐20年美公債,13,0,13,華南永昌-板橋,2024-03-15,9349
1303,南亞,16,3,13,華南永昌-板橋,2024-03-15,9349
2613,中櫃,12,0,12,華南永昌-板橋,2024-03-15,9349
9945,潤泰新,12,0,12,華南永昌-板橋,2024-03-15,9349
3163,波若威,14,3,11,華南永昌-板橋,2024-03-15,9349
2352,佳世達,10,0,10,華南永昌-板橋,2024-03-15,9349
3057,喬鼎,10,0,10,華南永昌-板橋,2024-03-15,9349
6530,創威,14,4,10,華南永昌-板橋,2024-03-15,9349
2882,國泰金,9,0,9,華南永昌-板橋,2024-03-15,9349
00772B,中信高評級公司債,9,0,9,華南永昌-板橋,2024-03-15,9349
6799,來頡,9,0,9,華南永昌-板橋,2024-03-15,9349
2105,正新,11,3,8,華南永昌-板橋,2024-03-15,9349
2610,華航,8,0,8,華南永昌-板橋,2024-03-15,9349
2609,陽明,214,1,213,華南永昌-板橋,2024-03-18,9349
2323,中環,190,41,149,華南永昌-板橋,2024-03-18,9349
2615,萬海,139,10,129,華南永昌-板橋,2024-03-18,9349
2426,鼎元,60,0,60,華南永昌-板橋,2024-03-18,9349
00687B,國泰20年美債,57,0,57,華南永昌-板橋,2024-03-18,9349
6026,福邦證,50,0,50,華南永昌-板橋,2024-03-18,9349
00637L,元大滬深300正2,52,3,49,華南永昌-板橋,2024-03-18,9349
00919,群益台灣精選高息,93,53,40,華南永昌-板橋,2024-03-18,9349
3479,安勤,43,8,35,華南永昌-板橋,2024-03-18,9349
00937B,群益ESG投等債20,33,0,33,華南永昌-板橋,2024-03-18,9349
00918,大華優利高填息30,35,2,33,華南永昌-板橋,2024-03-18,9349
1608,華榮,71,46,25,華南永昌-板橋,2024-03-18,9349
6278,台表科,25,0,25,華南永昌-板橋,2024-03-18,9349
6148,驊宏資,24,0,24,華南永昌-板橋,2024-03-18,9349
8210,勤誠,24,0,24,華南永昌-板橋,2024-03-18,9349
00915,凱基優選高股息30,29,6,23,華南永昌-板橋,2024-03-18,9349
3705,永信,23,0,23,華南永昌-板橋,2024-03-18,9349
6290,良維,62,40,22,華南永昌-板橋,2024-03-18,9349
00933B,國泰10Y+金融債,21,0,21,華南永昌-板橋,2024-03-18,9349
6275,元山,24,5,19,華南永昌-板橋,2024-03-18,9349
8054,安國,44,26,18,華南永昌-板橋,2024-03-18,9349
00941,中信上游半導體,37,20,17,華南永昌-板橋,2024-03-18,9349
00895,富邦未來車,16,0,16,華南永昌-板橋,2024-03-18,9349
2882,國泰金,19,3,16,華南永昌-板橋,2024-03-18,9349
1514,亞力,52,37,15,華南永昌-板橋,2024-03-18,9349
2376,技嘉,37,23,14,華南永昌-板橋,2024-03-18,9349
3444,利機,44,30,14,華南永昌-板橋,2024-03-18,9349
5880,合庫金,14,0,14,華南永昌-板橋,2024-03-18,9349
00712,復華富時不動產,12,0,12,華南永昌-板橋,2024-03-18,9349
2834,臺企銀,12,0,12,華南永昌-板橋,2024-03-18,9349
6133,金橋,12,0,12,華南永昌-板橋,2024-03-18,9349
6161,捷波,12,0,12,華南永昌-板橋,2024-03-18,9349
8040,九暘,21,10,11,華南永昌-板橋,2024-03-18,9349
2449,京元電子,10,0,10,華南永昌-板橋,2024-03-18,9349
3013,晟銘電,12,2,10,華南永昌-板橋,2024-03-18,9349
3050,鈺德,10,0,10,華南永昌-板橋,2024-03-18,9349
3622,洋華,12,2,10,華南永昌-板橋,2024-03-18,9349
4164,承業醫,10,0,10,華南永昌-板橋,2024-03-18,9349
4420,光明,10,0,10,華南永昌-板橋,2024-03-18,9349
5222,全訊,10,0,10,華南永昌-板橋,2024-03-18,9349
8081,致新,10,0,10,華南永昌-板橋,2024-03-18,9349
4953,緯軟,18,9,9,華南永昌-板橋,2024-03-18,9349
00680L,元大美債20正2,9,0,9,華南永昌-板橋,2024-03-18,9349
00795B,中信美國公債20年,9,0,9,華南永昌-板橋,2024-03-18,9349
2897,王道銀行,10,1,9,華南永昌-板橋,2024-03-18,9349
3163,波若威,9,0,9,華南永昌-板橋,2024-03-18,9349
6126,信音,10,2,8,華南永昌-板橋,2024-03-18,9349
2353,宏��,14,7,7,華南永昌-板橋,2024-03-18,9349
00891,中信關鍵半導體,8,1,7,華南永昌-板橋,2024-03-18,9349
2371,大同,36,29,7,華南永昌-板橋,2024-03-18,9349
00941,中信上游半導體,205,0,205,華南永昌-板橋,2024-03-19,9349
00882,中信中國高股息,100,0,100,華南永昌-板橋,2024-03-19,9349
00937B,群益ESG投等債20,109,17,92,華南永昌-板橋,2024-03-19,9349
3545,敦泰,68,0,68,華南永昌-板橋,2024-03-19,9349
2615,萬海,64,0,64,華南永昌-板橋,2024-03-19,9349
2208,台船,53,0,53,華南永昌-板橋,2024-03-19,9349
6126,信音,46,1,45,華南永昌-板橋,2024-03-19,9349
00712,復華富時不動產,40,0,40,華南永昌-板橋,2024-03-19,9349
2368,金像電,43,3,40,華南永昌-板橋,2024-03-19,9349
2609,陽明,41,1,40,華南永昌-板橋,2024-03-19,9349
2329,華泰,46,9,37,華南永昌-板橋,2024-03-19,9349
00679B,元大美債20年,35,0,35,華南永昌-板橋,2024-03-19,9349
00891,中信關鍵半導體,34,0,34,華南永昌-板橋,2024-03-19,9349
2362,藍天,45,15,30,華南永昌-板橋,2024-03-19,9349
3338,泰碩,30,1,29,華南永昌-板橋,2024-03-19,9349
6546,正基,56,27,29,華南永昌-板橋,2024-03-19,9349
00919,群益台灣精選高息,50,21,29,華南永昌-板橋,2024-03-19,9349
4967,十銓,87,60,27,華南永昌-板橋,2024-03-19,9349
2464,盟立,36,11,25,華南永昌-板橋,2024-03-19,9349
2356,英業達,54,29,25,華南永昌-板橋,2024-03-19,9349
2888,新光金,25,0,25,華南永昌-板橋,2024-03-19,9349
00881,國泰台灣5G+,24,0,24,華南永昌-板橋,2024-03-19,9349
00687B,國泰20年美債,22,0,22,華南永昌-板橋,2024-03-19,9349
6274,台燿,85,63,22,華南永昌-板橋,2024-03-19,9349
2353,宏��,28,7,21,華南永昌-板橋,2024-03-19,9349
1459,聯發,20,0,20,華南永昌-板橋,2024-03-19,9349
1570,力肯,20,0,20,華南永昌-板橋,2024-03-19,9349
3036,文曄,24,4,20,華南永昌-板橋,2024-03-19,9349
1605,華新,24,5,19,華南永昌-板橋,2024-03-19,9349
00922,國泰台灣領袖50,20,1,19,華南永昌-板橋,2024-03-19,9349
2385,群光,23,4,19,華南永昌-板橋,2024-03-19,9349
6016,康和證,25,6,19,華南永昌-板橋,2024-03-19,9349
1504,東元,51,33,18,華南永昌-板橋,2024-03-19,9349
1609,大亞,30,12,18,華南永昌-板橋,2024-03-19,9349
6108,競國,17,0,17,華南永昌-板橋,2024-03-19,9349
00877,復華中國5G,16,0,16,華南永昌-板橋,2024-03-19,9349
6111,大宇資,16,0,16,華南永昌-板橋,2024-03-19,9349
2376,技嘉,27,12,15,華南永昌-板橋,2024-03-19,9349
3294,英濟,20,5,15,華南永昌-板橋,2024-03-19,9349
2382,廣達,25,11,14,華南永昌-板橋,2024-03-19,9349
5201,凱衛,16,2,14,華南永昌-板橋,2024-03-19,9349
6550,北極星藥業-KY,14,0,14,華南永昌-板橋,2024-03-19,9349
0056,元大高股息,17,4,13,華南永昌-板橋,2024-03-19,9349
3189,景碩,14,1,13,華南永昌-板橋,2024-03-19,9349
2002,中鋼,12,0,12,華南永昌-板橋,2024-03-19,9349
1907,永豐餘,12,0,12,華南永昌-板橋,2024-03-19,9349
2481,強茂,12,0,12,華南永昌-板橋,2024-03-19,9349
4503,金雨,15,3,12,華南永昌-板橋,2024-03-19,9349
6462,神盾,16,4,12,華南永昌-板橋,2024-03-19,9349
00918,大華優利高填息30,25,14,11,華南永昌-板橋,2024-03-19,9349
00939,統一台灣高息動能,582,13,569,華南永昌-板橋,2024-03-20,9349
00919,群益台灣精選高息,352,130,222,華南永昌-板橋,2024-03-20,9349
00929,復華台灣科技優息,129,36,93,華南永昌-板橋,2024-03-20,9349
2888,新光金,66,5,61,華南永昌-板橋,2024-03-20,9349
2883,凱基金,55,0,55,華南永昌-板橋,2024-03-20,9349
2834,臺企銀,50,0,50,華南永昌-板橋,2024-03-20,9349
6016,康和證,45,0,45,華南永昌-板橋,2024-03-20,9349
6278,台表科,46,3,43,華南永昌-板橋,2024-03-20,9349
2344,華邦電,46,5,41,華南永昌-板橋,2024-03-20,9349
1455,集盛,48,10,38,華南永昌-板橋,2024-03-20,9349
4768,晶呈科技,174,137,37,華南永昌-板橋,2024-03-20,9349
3312,弘憶股,34,1,33,華南永昌-板橋,2024-03-20,9349
2317,鴻海,121,90,31,華南永昌-板橋,2024-03-20,9349
00715L,期街口布蘭特正2,30,0,30,華南永昌-板橋,2024-03-20,9349
3036,文曄,29,0,29,華南永昌-板橋,2024-03-20,9349
2481,強茂,32,5,27,華南永昌-板橋,2024-03-20,9349
6668,中揚光,27,1,26,華南永昌-板橋,2024-03-20,9349
3060,銘異,25,0,25,華南永昌-板橋,2024-03-20,9349
4953,緯軟,37,13,24,華南永昌-板橋,2024-03-20,9349
2303,聯電,53,30,23,華南永昌-板橋,2024-03-20,9349
3231,緯創,45,24,21,華南永昌-板橋,2024-03-20,9349
6197,佳必琪,22,1,21,華南永昌-板橋,2024-03-20,9349
6290,良維,25,4,21,華南永昌-板橋,2024-03-20,9349
2855,統一證,22,1,21,華南永昌-板橋,2024-03-20,9349
4938,和碩,59,39,20,華南永昌-板橋,2024-03-20,9349
00930,永豐ESG低碳高息,20,0,20,華南永昌-板橋,2024-03-20,9349
2603,長榮,27,7,20,華南永昌-板橋,2024-03-20,9349
3276,宇環,20,0,20,華南永昌-板橋,2024-03-20,9349
4707,磐亞,20,0,20,華南永昌-板橋,2024-03-20,9349
1101,台泥,23,5,18,華南永昌-板橋,2024-03-20,9349
00882,中信中國高股息,30,13,17,華南永昌-板橋,2024-03-20,9349
00795B,中信美國公債20年,17,0,17,華南永昌-板橋,2024-03-20,9349
00857B,永豐20年美公債,17,0,17,華南永昌-板橋,2024-03-20,9349
2355,敬鵬,17,0,17,華南永昌-板橋,2024-03-20,9349
1301,台塑,19,2,17,華南永昌-板橋,2024-03-20,9349
1513,中興電,26,9,17,華南永昌-板橋,2024-03-20,9349
2845,遠東銀,15,0,15,華南永昌-板橋,2024-03-20,9349
3354,律勝,14,0,14,華南永昌-板橋,2024-03-20,9349
2618,長榮航,23,10,13,華南永昌-板橋,2024-03-20,9349
6274,台燿,13,0,13,華南永昌-板橋,2024-03-20,9349
1102,亞泥,12,0,12,華南永昌-板橋,2024-03-20,9349
2312,金寶,12,0,12,華南永昌-板橋,2024-03-20,9349
3504,揚明光,12,1,11,華南永昌-板橋,2024-03-20,9349
1785,光洋科,20,9,11,華南永昌-板橋,2024-03-20,9349
1514,亞力,21,10,11,華南永昌-板橋,2024-03-20,9349
2610,華航,13,3,10,華南永昌-板橋,2024-03-20,9349
00830,國泰費城半導體,10,0,10,華南永昌-板橋,2024-03-20,9349
1416,廣豐,10,0,10,華南永昌-板橋,2024-03-20,9349
1603,華電,10,0,10,華南永昌-板橋,2024-03-20,9349
2368,金像電,13,3,10,華南永昌-板橋,2024-03-20,9349
00665L,富邦�琤肭磪囓�2,200,10,190,華南永昌-板橋,2024-03-21,9349
2354,鴻準,218,43,175,華南永昌-板橋,2024-03-21,9349
00939,統一台灣高息動能,171,1,170,華南永昌-板橋,2024-03-21,9349
6026,福邦證,160,2,158,華南永昌-板橋,2024-03-21,9349
00632R,元大台灣50反1,95,1,94,華南永昌-板橋,2024-03-21,9349
3481,群創,110,33,77,華南永昌-板橋,2024-03-21,9349
2884,玉山金,75,6,69,華南永昌-板橋,2024-03-21,9349
00679B,元大美債20年,65,2,63,華南永昌-板橋,2024-03-21,9349
2405,輔信,55,3,52,華南永昌-板橋,2024-03-21,9349
6550,北極星藥業-KY,51,0,51,華南永昌-板橋,2024-03-21,9349
6015,宏遠證,45,0,45,華南永昌-板橋,2024-03-21,9349
6197,佳必琪,45,3,42,華南永昌-板橋,2024-03-21,9349
4938,和碩,65,27,38,華南永昌-板橋,2024-03-21,9349
2603,長榮,41,6,35,華南永昌-板橋,2024-03-21,9349
2915,潤泰全,30,0,30,華南永昌-板橋,2024-03-21,9349
3363,上詮,33,3,30,華南永昌-板橋,2024-03-21,9349
3322,建舜電,28,2,26,華南永昌-板橋,2024-03-21,9349
6176,瑞儀,26,0,26,華南永昌-板橋,2024-03-21,9349
6290,良維,29,3,26,華南永昌-板橋,2024-03-21,9349
3005,神基,47,22,25,華南永昌-板橋,2024-03-21,9349
2409,友達,70,46,24,華南永昌-板橋,2024-03-21,9349
2611,志信,24,0,24,華南永昌-板橋,2024-03-21,9349
6285,啟��,34,11,23,華南永昌-板橋,2024-03-21,9349
3419,譁裕,21,0,21,華南永昌-板橋,2024-03-21,9349
2457,飛宏,20,0,20,華南永昌-板橋,2024-03-21,9349
3050,鈺德,34,14,20,華南永昌-板橋,2024-03-21,9349
3060,銘異,20,0,20,華南永昌-板橋,2024-03-21,9349
6284,佳邦,18,1,17,華南永昌-板橋,2024-03-21,9349
1605,華新,29,13,16,華南永昌-板橋,2024-03-21,9349
3029,零壹,15,0,15,華南永昌-板橋,2024-03-21,9349
6275,元山,17,2,15,華南永昌-板橋,2024-03-21,9349
2365,昆盈,15,0,15,華南永昌-板橋,2024-03-21,9349
3576,聯合再生,15,0,15,華南永昌-板橋,2024-03-21,9349
4768,晶呈科技,105,90,15,華南永昌-板橋,2024-03-21,9349
3207,耀勝,21,6,15,華南永昌-板橋,2024-03-21,9349
6806,森崴能源,18,5,13,華南永昌-板橋,2024-03-21,9349
1455,集盛,13,0,13,華南永昌-板橋,2024-03-21,9349
2329,華泰,16,3,13,華南永昌-板橋,2024-03-21,9349
3402,漢科,13,0,13,華南永昌-板橋,2024-03-21,9349
6129,普誠,13,0,13,華南永昌-板橋,2024-03-21,9349
3006,晶豪科,13,2,11,華南永昌-板橋,2024-03-21,9349
5222,全訊,11,0,11,華南永昌-板橋,2024-03-21,9349
2419,仲琦,11,0,11,華南永昌-板橋,2024-03-21,9349
2385,群光,18,7,11,華南永昌-板橋,2024-03-21,9349
00900,富邦特選高股息30,11,0,11,華南永昌-板橋,2024-03-21,9349
00882,中信中國高股息,10,0,10,華南永昌-板橋,2024-03-21,9349
1529,樂事綠能,10,0,10,華南永昌-板橋,2024-03-21,9349
1587,吉茂,10,0,10,華南永昌-板橋,2024-03-21,9349
2312,金寶,10,0,10,華南永昌-板橋,2024-03-21,9349
2353,宏��,10,0,10,華南永昌-板橋,2024-03-21,9349
00632R,元大台灣50反1,420,127,293,華南永昌-板橋,2024-03-22,9349
1504,東元,121,21,100,華南永昌-板橋,2024-03-22,9349
2354,鴻準,170,98,72,華南永昌-板橋,2024-03-22,9349
2884,玉山金,79,10,69,華南永昌-板橋,2024-03-22,9349
00679B,元大美債20年,66,3,63,華南永昌-板橋,2024-03-22,9349
3545,敦泰,65,4,61,華南永昌-板橋,2024-03-22,9349
3706,神達,159,108,51,華南永昌-板橋,2024-03-22,9349
8111,立��,51,0,51,華南永昌-板橋,2024-03-22,9349
4127,天良,77,29,48,華南永昌-板橋,2024-03-22,9349
2353,宏��,186,146,40,華南永昌-板橋,2024-03-22,9349
00929,復華台灣科技優息,139,105,34,華南永昌-板橋,2024-03-22,9349
2801,彰銀,30,0,30,華南永昌-板橋,2024-03-22,9349
2834,臺企銀,31,1,30,華南永昌-板橋,2024-03-22,9349
00939,統一台灣高息動能,42,13,29,華南永昌-板橋,2024-03-22,9349
00933B,國泰10Y+金融債,56,30,26,華南永昌-板橋,2024-03-22,9349
6026,福邦證,25,0,25,華南永昌-板橋,2024-03-22,9349
6550,北極星藥業-KY,21,0,21,華南永昌-板橋,2024-03-22,9349
00877,復華中國5G,20,0,20,華南永昌-板橋,2024-03-22,9349
5347,世界,54,34,20,華南永昌-板橋,2024-03-22,9349
6743,安普新,20,0,20,華南永昌-板橋,2024-03-22,9349
2301,光寶科,24,6,18,華南永昌-板橋,2024-03-22,9349
5310,天剛,18,0,18,華南永昌-板橋,2024-03-22,9349
2376,技嘉,26,9,17,華南永昌-板橋,2024-03-22,9349
2603,長榮,24,7,17,華南永昌-板橋,2024-03-22,9349
2881,富邦金,16,0,16,華南永昌-板橋,2024-03-22,9349
2888,新光金,16,0,16,華南永昌-板橋,2024-03-22,9349
4967,十銓,16,0,16,華南永昌-板橋,2024-03-22,9349
2002,中鋼,16,1,15,華南永昌-板橋,2024-03-22,9349
2405,輔信,15,0,15,華南永昌-板橋,2024-03-22,9349
6016,康和證,30,15,15,華南永昌-板橋,2024-03-22,9349
6125,廣運,16,1,15,華南永昌-板橋,2024-03-22,9349
00941,中信上游半導體,42,28,14,華南永昌-板橋,2024-03-22,9349
00687B,國泰20年美債,15,1,14,華南永昌-板橋,2024-03-22,9349
6176,瑞儀,24,10,14,華南永昌-板橋,2024-03-22,9349
00882,中信中國高股息,14,1,13,華南永昌-板橋,2024-03-22,9349
6197,佳必琪,26,14,12,華南永昌-板橋,2024-03-22,9349
3037,欣興,14,2,12,華南永昌-板橋,2024-03-22,9349
2328,廣宇,11,0,11,華南永昌-板橋,2024-03-22,9349
00726B,國泰新興投等債,10,0,10,華南永昌-板橋,2024-03-22,9349
2362,藍天,20,10,10,華南永昌-板橋,2024-03-22,9349
2401,凌陽,10,0,10,華南永昌-板橋,2024-03-22,9349
3306,鼎天,11,1,10,華南永昌-板橋,2024-03-22,9349
3322,建舜電,13,3,10,華南永昌-板橋,2024-03-22,9349
6695,芯鼎,10,0,10,華南永昌-板橋,2024-03-22,9349
9962,有益,10,0,10,華南永昌-板橋,2024-03-22,9349
2408,南亞科,70,61,9,華南永昌-板橋,2024-03-22,9349
3419,譁裕,9,0,9,華南永昌-板橋,2024-03-22,9349
6005,群益證,9,0,9,華南永昌-板橋,2024-03-22,9349
6164,華興,10,1,9,華南永昌-板橋,2024-03-22,9349
8271,宇瞻,15,6,9,華南永昌-板橋,2024-03-22,9349
00929,復華台灣科技優息,65,4,61,華南永昌-板橋,2024-03-25,9349
2356,英業達,132,75,57,華南永昌-板橋,2024-03-25,9349
2426,鼎元,52,0,52,華南永昌-板橋,2024-03-25,9349
00939,統一台灣高息動能,66,23,43,華南永昌-板橋,2024-03-25,9349
2543,皇昌,32,0,32,華南永昌-板橋,2024-03-25,9349
3059,華晶科,96,65,31,華南永昌-板橋,2024-03-25,9349
2323,中環,30,0,30,華南永昌-板橋,2024-03-25,9349
8111,立��,30,3,27,華南永昌-板橋,2024-03-25,9349
2230,泰茂,23,1,22,華南永昌-板橋,2024-03-25,9349
2611,志信,22,0,22,華南永昌-板橋,2024-03-25,9349
0056,元大高股息,30,8,22,華南永昌-板橋,2024-03-25,9349
2354,鴻準,25,4,21,華南永昌-板橋,2024-03-25,9349
6239,力成,20,0,20,華南永昌-板橋,2024-03-25,9349
8033,雷虎,22,2,20,華南永昌-板橋,2024-03-25,9349
8050,廣積,20,0,20,華南永昌-板橋,2024-03-25,9349
4953,緯軟,20,1,19,華南永昌-板橋,2024-03-25,9349
2618,長榮航,29,12,17,華南永昌-板橋,2024-03-25,9349
2376,技嘉,39,24,15,華南永昌-板橋,2024-03-25,9349
6116,彩晶,15,0,15,華南永昌-板橋,2024-03-25,9349
1609,大亞,128,113,15,華南永昌-板橋,2024-03-25,9349
2038,海光,14,0,14,華南永昌-板橋,2024-03-25,9349
5607,遠雄港,14,0,14,華南永昌-板橋,2024-03-25,9349
00679B,元大美債20年,13,0,13,華南永昌-板橋,2024-03-25,9349
3062,建漢,29,16,13,華南永昌-板橋,2024-03-25,9349
3706,神達,31,18,13,華南永昌-板橋,2024-03-25,9349
5347,世界,56,44,12,華南永昌-板橋,2024-03-25,9349
6191,精成科,29,17,12,華南永昌-板橋,2024-03-25,9349
2467,志聖,12,0,12,華南永昌-板橋,2024-03-25,9349
1785,光洋科,12,1,11,華南永昌-板橋,2024-03-25,9349
2061,風青,11,0,11,華南永昌-板橋,2024-03-25,9349
2344,華邦電,42,31,11,華南永昌-板橋,2024-03-25,9349
2353,宏��,38,27,11,華南永昌-板橋,2024-03-25,9349
4127,天良,14,3,11,華南永昌-板橋,2024-03-25,9349
2069,運錩,10,0,10,華南永昌-板橋,2024-03-25,9349
3540,曜越,10,0,10,華南永昌-板橋,2024-03-25,9349
3686,達能,10,0,10,華南永昌-板橋,2024-03-25,9349
5533,皇鼎,10,0,10,華南永昌-板橋,2024-03-25,9349
8064,東捷,10,0,10,華南永昌-板橋,2024-03-25,9349
8150,南茂,10,0,10,華南永昌-板橋,2024-03-25,9349
1514,亞力,30,21,9,華南永昌-板橋,2024-03-25,9349
2474,可成,10,1,9,華南永昌-板橋,2024-03-25,9349
1219,福壽,9,0,9,華南永昌-板橋,2024-03-25,9349
2634,漢翔,10,1,9,華南永昌-板橋,2024-03-25,9349
2897,王道銀行,8,0,8,華南永昌-板橋,2024-03-25,9349
6215,和椿,8,0,8,華南永昌-板橋,2024-03-25,9349
2539,櫻花建,8,1,7,華南永昌-板橋,2024-03-25,9349
2453,凌群,12,5,7,華南永昌-板橋,2024-03-25,9349
2460,建通,7,0,7,華南永昌-板橋,2024-03-25,9349
2882,國泰金,9,2,7,華南永昌-板橋,2024-03-25,9349
6770,力積電,14,7,7,華南永昌-板橋,2024-03-25,9349
00632R,元大台灣50反1,285,0,285,華南永昌-板橋,2024-03-26,9349
2354,鴻準,181,16,165,華南永昌-板橋,2024-03-26,9349
00939,統一台灣高息動能,159,10,149,華南永昌-板橋,2024-03-26,9349
5864,致和證,100,0,100,華南永昌-板橋,2024-03-26,9349
2426,鼎元,85,0,85,華南永昌-板橋,2024-03-26,9349
2329,華泰,87,10,77,華南永昌-板橋,2024-03-26,9349
6290,良維,102,26,76,華南永昌-板橋,2024-03-26,9349
1609,大亞,157,98,59,華南永昌-板橋,2024-03-26,9349
6111,大宇資,50,0,50,華南永昌-板橋,2024-03-26,9349
3231,緯創,36,4,32,華南永昌-板橋,2024-03-26,9349
3207,耀勝,32,0,32,華南永昌-板橋,2024-03-26,9349
3060,銘異,28,0,28,華南永昌-板橋,2024-03-26,9349
2303,聯電,35,9,26,華南永昌-板橋,2024-03-26,9349
1605,華新,59,36,23,華南永昌-板橋,2024-03-26,9349
2388,威盛,33,12,21,華南永昌-板橋,2024-03-26,9349
2356,英業達,91,72,19,華南永昌-板橋,2024-03-26,9349
6176,瑞儀,22,3,19,華南永昌-板橋,2024-03-26,9349
00679B,元大美債20年,17,0,17,華南永昌-板橋,2024-03-26,9349
1529,樂事綠能,22,5,17,華南永昌-板橋,2024-03-26,9349
6209,今國光,17,0,17,華南永昌-板橋,2024-03-26,9349
3363,上詮,16,0,16,華南永昌-板橋,2024-03-26,9349
00882,中信中國高股息,15,0,15,華南永昌-板橋,2024-03-26,9349
2382,廣達,30,15,15,華南永昌-板橋,2024-03-26,9349
9105,泰金寶-DR,35,20,15,華南永昌-板橋,2024-03-26,9349
1618,合機,24,10,14,華南永昌-板橋,2024-03-26,9349
2611,志信,14,0,14,華南永昌-板橋,2024-03-26,9349
00935,野村臺灣新科技50,13,0,13,華南永昌-板橋,2024-03-26,9349
2367,燿華,21,8,13,華南永昌-板橋,2024-03-26,9349
8936,國統,22,9,13,華南永昌-板橋,2024-03-26,9349
6125,廣運,77,65,12,華南永昌-板橋,2024-03-26,9349
00941,中信上游半導體,60,48,12,華南永昌-板橋,2024-03-26,9349
3481,群創,15,3,12,華南永昌-板橋,2024-03-26,9349
00915,凱基優選高股息30,11,0,11,華南永昌-板橋,2024-03-26,9349
2618,長榮航,22,11,11,華南永昌-板橋,2024-03-26,9349
4714,永捷,11,0,11,華南永昌-板橋,2024-03-26,9349
4960,誠美材,10,0,10,華南永昌-板橋,2024-03-26,9349
00664R,國泰臺灣加權反1,10,0,10,華南永昌-板橋,2024-03-26,9349
00662,富邦NASDAQ,20,10,10,華南永昌-板橋,2024-03-26,9349
2474,可成,10,0,10,華南永昌-板橋,2024-03-26,9349
6541,泰福-KY,10,0,10,華南永昌-板橋,2024-03-26,9349
6584,南俊國際,10,0,10,華南永昌-板橋,2024-03-26,9349
2317,鴻海,72,62,10,華南永昌-板橋,2024-03-26,9349
2344,華邦電,30,21,9,華南永昌-板橋,2024-03-26,9349
2421,建準,30,21,9,華南永昌-板橋,2024-03-26,9349
4533,協易機,9,0,9,華南永昌-板橋,2024-03-26,9349
8054,安國,17,8,9,華南永昌-板橋,2024-03-26,9349
6139,亞翔,16,7,9,華南永昌-板橋,2024-03-26,9349
3037,欣興,14,6,8,華南永昌-板橋,2024-03-26,9349
3036,文曄,8,0,8,華南永昌-板橋,2024-03-26,9349
2313,華通,10,2,8,華南永昌-板橋,2024-03-26,9349
2303,聯電,178,7,171,華南永昌-板橋,2024-03-27,9349
00919,群益台灣精選高息,181,25,156,華南永昌-板橋,2024-03-27,9349
00632R,元大台灣50反1,160,50,110,華南永昌-板橋,2024-03-27,9349
1605,華新,102,4,98,華南永昌-板橋,2024-03-27,9349
00937B,群益ESG投等債20,81,3,78,華南永昌-板橋,2024-03-27,9349
2884,玉山金,73,1,72,華南永昌-板橋,2024-03-27,9349
3376,新日興,60,0,60,華南永昌-板橋,2024-03-27,9349
2371,大同,115,63,52,華南永昌-板橋,2024-03-27,9349
00915,凱基優選高股息30,50,1,49,華南永昌-板橋,2024-03-27,9349
2888,新光金,42,6,36,華南永昌-板橋,2024-03-27,9349
4157,太景*-KY,30,0,30,華南永昌-板橋,2024-03-27,9349
9962,有益,30,0,30,華南永昌-板橋,2024-03-27,9349
3231,緯創,30,5,25,華南永昌-板橋,2024-03-27,9349
2610,華航,30,7,23,華南永昌-板橋,2024-03-27,9349
4127,天良,35,13,22,華南永昌-板橋,2024-03-27,9349
2301,光寶科,21,0,21,華南永昌-板橋,2024-03-27,9349
00929,復華台灣科技優息,21,0,21,華南永昌-板橋,2024-03-27,9349
6126,信音,31,10,21,華南永昌-板橋,2024-03-27,9349
1808,潤隆,24,4,20,華南永昌-板橋,2024-03-27,9349
00877,復華中國5G,18,0,18,華南永昌-板橋,2024-03-27,9349
4563,百德,18,0,18,華南永昌-板橋,2024-03-27,9349
1513,中興電,32,14,18,華南永昌-板橋,2024-03-27,9349
00941,中信上游半導體,16,1,15,華南永昌-板橋,2024-03-27,9349
2002,中鋼,15,0,15,華南永昌-板橋,2024-03-27,9349
1514,亞力,27,13,14,華南永昌-板橋,2024-03-27,9349
1440,南紡,13,0,13,華南永昌-板橋,2024-03-27,9349
3029,零壹,12,0,12,華南永昌-板橋,2024-03-27,9349
3481,群創,16,4,12,華南永昌-板橋,2024-03-27,9349
6188,廣明,21,10,11,華南永昌-板橋,2024-03-27,9349
1608,華榮,122,111,11,華南永昌-板橋,2024-03-27,9349
2331,精英,11,0,11,華南永昌-板橋,2024-03-27,9349
2882,國泰金,12,1,11,華南永昌-板橋,2024-03-27,9349
4303,信立,26,15,11,華南永昌-板橋,2024-03-27,9349
6191,精成科,85,74,11,華南永昌-板橋,2024-03-27,9349
1217,愛之味,10,0,10,華南永昌-板橋,2024-03-27,9349
3338,泰碩,10,0,10,華南永昌-板橋,2024-03-27,9349
6111,大宇資,10,0,10,華南永昌-板橋,2024-03-27,9349
6863,永道-KY,10,0,10,華南永昌-板橋,2024-03-27,9349
2886,兆豐金,10,0,10,華南永昌-板橋,2024-03-27,9349
00939,統一台灣高息動能,43,34,9,華南永昌-板橋,2024-03-27,9349
2208,台船,11,2,9,華南永昌-板橋,2024-03-27,9349
2313,華通,15,6,9,華南永昌-板橋,2024-03-27,9349
6679,鈺太,9,0,9,華南永昌-板橋,2024-03-27,9349
2520,冠德,13,5,8,華南永昌-板橋,2024-03-27,9349
2539,櫻花建,8,0,8,華南永昌-板橋,2024-03-27,9349
2363,矽統,8,0,8,華南永昌-板橋,2024-03-27,9349
2356,英業達,57,49,8,華南永昌-板橋,2024-03-27,9349
1303,南亞,7,0,7,華南永昌-板橋,2024-03-27,9349
3711,日月光投控,8,1,7,華南永昌-板橋,2024-03-27,9349
5519,隆大,7,0,7,華南永昌-板橋,2024-03-27,9349
2329,華泰,109,1,108,華南永昌-板橋,2024-03-28,9349
2303,聯電,120,17,103,華南永昌-板橋,2024-03-28,9349
2201,裕隆,100,0,100,華南永昌-板橋,2024-03-28,9349
00632R,元大台灣50反1,148,50,98,華南永昌-板橋,2024-03-28,9349
00878,國泰永續高股息,73,5,68,華南永昌-板橋,2024-03-28,9349
1217,愛之味,50,0,50,華南永昌-板橋,2024-03-28,9349
2376,技嘉,52,4,48,華南永昌-板橋,2024-03-28,9349
5515,建國,79,34,45,華南永昌-板橋,2024-03-28,9349
2426,鼎元,45,0,45,華南永昌-板橋,2024-03-28,9349
2301,光寶科,40,3,37,華南永昌-板橋,2024-03-28,9349
4127,天良,37,0,37,華南永昌-板橋,2024-03-28,9349
00939,統一台灣高息動能,87,52,35,華南永昌-板橋,2024-03-28,9349
00919,群益台灣精選高息,35,2,33,華南永昌-板橋,2024-03-28,9349
6290,良維,45,12,33,華南永昌-板橋,2024-03-28,9349
1316,上曜,60,28,32,華南永昌-板橋,2024-03-28,9349
2101,南港,34,2,32,華南永昌-板橋,2024-03-28,9349
00715L,期街口布蘭特正2,30,0,30,華南永昌-板橋,2024-03-28,9349
3042,晶技,32,2,30,華南永昌-板橋,2024-03-28,9349
3706,神達,78,48,30,華南永昌-板橋,2024-03-28,9349
5439,高技,30,2,28,華南永昌-板橋,2024-03-28,9349
2328,廣宇,65,38,27,華南永昌-板橋,2024-03-28,9349
2883,凱基金,37,10,27,華南永昌-板橋,2024-03-28,9349
3025,星通,25,0,25,華南永昌-板橋,2024-03-28,9349
1587,吉茂,24,1,23,華南永昌-板橋,2024-03-28,9349
2014,中鴻,23,0,23,華南永昌-板橋,2024-03-28,9349
3444,利機,72,51,21,華南永昌-板橋,2024-03-28,9349
8096,擎亞,21,0,21,華南永昌-板橋,2024-03-28,9349
00687B,國泰20年美債,20,0,20,華南永昌-板橋,2024-03-28,9349
3508,位速,22,2,20,華南永昌-板橋,2024-03-28,9349
3710,連展投控,20,0,20,華南永昌-板橋,2024-03-28,9349
3005,神基,26,7,19,華南永昌-板橋,2024-03-28,9349
00882,中信中國高股息,19,0,19,華南永昌-板橋,2024-03-28,9349
2365,昆盈,20,1,19,華南永昌-板橋,2024-03-28,9349
8201,無敵,20,1,19,華南永昌-板橋,2024-03-28,9349
2354,鴻準,70,52,18,華南永昌-板橋,2024-03-28,9349
1618,合機,19,2,17,華南永昌-板橋,2024-03-28,9349
2405,輔信,22,6,16,華南永昌-板橋,2024-03-28,9349
2356,英業達,87,72,15,華南永昌-板橋,2024-03-28,9349
5864,致和證,15,0,15,華南永昌-板橋,2024-03-28,9349
2355,敬鵬,25,11,14,華南永昌-板橋,2024-03-28,9349
2605,新興,13,0,13,華南永昌-板橋,2024-03-28,9349
2884,玉山金,17,4,13,華南永昌-板橋,2024-03-28,9349
6541,泰福-KY,12,0,12,華南永昌-板橋,2024-03-28,9349
6789,采鈺,17,6,11,華南永昌-板橋,2024-03-28,9349
8996,高力,10,0,10,華南永昌-板橋,2024-03-28,9349
1514,亞力,24,14,10,華南永昌-板橋,2024-03-28,9349
1905,華紙,28,18,10,華南永昌-板橋,2024-03-28,9349
2537,聯上發,10,0,10,華南永昌-板橋,2024-03-28,9349
3284,太普高,10,0,10,華南永昌-板橋,2024-03-28,9349
5351,鈺創,10,0,10,華南永昌-板橋,2024-03-28,9349
2317,鴻海,229,17,212,華南永昌-板橋,2024-03-29,9349
2882,國泰金,203,13,190,華南永昌-板橋,2024-03-29,9349
4526,東台,61,0,61,華南永昌-板橋,2024-03-29,9349
6274,台燿,63,3,60,華南永昌-板橋,2024-03-29,9349
00941,中信上游半導體,59,1,58,華南永昌-板橋,2024-03-29,9349
2610,華航,62,4,58,華南永昌-板橋,2024-03-29,9349
00929,復華台灣科技優息,75,19,56,華南永昌-板橋,2024-03-29,9349
2324,仁寶,63,11,52,華南永昌-板橋,2024-03-29,9349
3338,泰碩,53,1,52,華南永昌-板橋,2024-03-29,9349
2328,廣宇,48,8,40,華南永昌-板橋,2024-03-29,9349
2303,聯電,72,43,29,華南永昌-板橋,2024-03-29,9349
2426,鼎元,28,0,28,華南永昌-板橋,2024-03-29,9349
2897,王道銀行,28,0,28,華南永昌-板橋,2024-03-29,9349
3013,晟銘電,48,21,27,華南永昌-板橋,2024-03-29,9349
2354,鴻準,66,41,25,華南永昌-板橋,2024-03-29,9349
8150,南茂,45,20,25,華南永昌-板橋,2024-03-29,9349
4545,銘鈺,24,0,24,華南永昌-板橋,2024-03-29,9349
8996,高力,23,1,22,華南永昌-板橋,2024-03-29,9349
4714,永捷,22,0,22,華南永昌-板橋,2024-03-29,9349
1609,大亞,48,26,22,華南永昌-板橋,2024-03-29,9349
2609,陽明,22,1,21,華南永昌-板橋,2024-03-29,9349
1459,聯發,20,0,20,華南永昌-板橋,2024-03-29,9349
2603,長榮,40,24,16,華南永昌-板橋,2024-03-29,9349
1529,樂事綠能,17,1,16,華南永昌-板橋,2024-03-29,9349
2337,旺宏,15,0,15,華南永昌-板橋,2024-03-29,9349
6179,亞通,15,1,14,華南永昌-板橋,2024-03-29,9349
00939,統一台灣高息動能,17,3,14,華南永昌-板橋,2024-03-29,9349
2880,華南金,50,37,13,華南永昌-板橋,2024-03-29,9349
6443,元晶,13,0,13,華南永昌-板橋,2024-03-29,9349
5351,鈺創,12,0,12,華南永昌-板橋,2024-03-29,9349
6191,精成科,13,1,12,華南永昌-板橋,2024-03-29,9349
8040,九暘,13,1,12,華南永昌-板橋,2024-03-29,9349
1313,聯成,11,0,11,華南永昌-板橋,2024-03-29,9349
5483,中美晶,14,4,10,華南永昌-板橋,2024-03-29,9349
2887,台新金,10,0,10,華南永昌-板橋,2024-03-29,9349
4960,誠美材,10,0,10,華南永昌-板橋,2024-03-29,9349
5864,致和證,10,0,10,華南永昌-板橋,2024-03-29,9349
6578,達邦蛋白,12,2,10,華南永昌-板橋,2024-03-29,9349
8054,安國,38,28,10,華南永昌-板橋,2024-03-29,9349
8155,博智,10,0,10,華南永昌-板橋,2024-03-29,9349
2889,國票金,10,0,10,華南永昌-板橋,2024-03-29,9349
00915,凱基優選高股息30,11,2,9,華南永昌-板橋,2024-03-29,9349
4127,天良,8,0,8,華南永昌-板橋,2024-03-29,9349
4303,信立,15,7,8,華南永昌-板橋,2024-03-29,9349
5312,寶島科,8,0,8,華南永昌-板橋,2024-03-29,9349
6148,驊宏資,8,0,8,華南永昌-板橋,2024-03-29,9349
3036,文曄,8,0,8,華南永昌-板橋,2024-03-29,9349
6125,廣運,54,46,8,華南永昌-板橋,2024-03-29,9349
2383,台光電,8,1,7,華南永昌-板橋,2024-03-29,9349
6275,元山,7,0,7,華南永昌-板橋,2024-03-29,9349
00940,元大台灣價值高息,504,154,350,華南永昌-板橋,2024-04-01,9349
00933B,國泰10Y+金融債,78,0,78,華南永昌-板橋,2024-04-01,9349
00679B,元大美債20年,75,0,75,華南永昌-板橋,2024-04-01,9349
1504,東元,121,51,70,華南永昌-板橋,2024-04-01,9349
00929,復華台灣科技優息,68,17,51,華南永昌-板橋,2024-04-01,9349
2382,廣達,103,55,48,華南永昌-板橋,2024-04-01,9349
2303,聯電,47,6,41,華南永昌-板橋,2024-04-01,9349
00939,統一台灣高息動能,45,5,40,華南永昌-板橋,2024-04-01,9349
6239,力成,40,0,40,華南永昌-板橋,2024-04-01,9349
00919,群益台灣精選高息,41,4,37,華南永昌-板橋,2024-04-01,9349
2855,統一證,51,15,36,華南永昌-板橋,2024-04-01,9349
1301,台塑,37,2,35,華南永昌-板橋,2024-04-01,9349
5469,瀚宇博,33,0,33,華南永昌-板橋,2024-04-01,9349
5864,致和證,60,28,32,華南永昌-板橋,2024-04-01,9349
3231,緯創,55,25,30,華南永昌-板橋,2024-04-01,9349
1217,愛之味,30,0,30,華南永昌-板橋,2024-04-01,9349
1608,華榮,31,1,30,華南永昌-板橋,2024-04-01,9349
2356,英業達,69,43,26,華南永昌-板橋,2024-04-01,9349
2363,矽統,23,0,23,華南永昌-板橋,2024-04-01,9349
6111,大宇資,23,0,23,華南永昌-板橋,2024-04-01,9349
6414,樺漢,22,1,21,華南永昌-板橋,2024-04-01,9349
3060,銘異,21,0,21,華南永昌-板橋,2024-04-01,9349
00643,群益深証中小,20,0,20,華南永昌-板橋,2024-04-01,9349
6164,華興,20,0,20,華南永昌-板橋,2024-04-01,9349
2618,長榮航,56,36,20,華南永昌-板橋,2024-04-01,9349
5386,青雲,20,1,19,華南永昌-板橋,2024-04-01,9349
1785,光洋科,18,0,18,華南永昌-板橋,2024-04-01,9349
2603,長榮,50,33,17,華南永昌-板橋,2024-04-01,9349
2354,鴻準,74,57,17,華南永昌-板橋,2024-04-01,9349
2834,臺企銀,20,4,16,華南永昌-板橋,2024-04-01,9349
4545,銘鈺,16,0,16,華南永昌-板橋,2024-04-01,9349
1444,力麗,15,0,15,華南永昌-板橋,2024-04-01,9349
2328,廣宇,20,5,15,華南永昌-板橋,2024-04-01,9349
3058,立德,15,0,15,華南永昌-板橋,2024-04-01,9349
6189,豐藝,25,10,15,華南永昌-板橋,2024-04-01,9349
6143,振曜,15,1,14,華南永昌-板橋,2024-04-01,9349
2645,長榮航太,15,1,14,華南永昌-板橋,2024-04-01,9349
1326,台化,14,1,13,華南永昌-板橋,2024-04-01,9349
1459,聯發,13,0,13,華南永昌-板橋,2024-04-01,9349
2317,鴻海,51,39,12,華南永昌-板橋,2024-04-01,9349
3704,合勤控,17,5,12,華南永昌-板橋,2024-04-01,9349
1560,中砂,22,10,12,華南永昌-板橋,2024-04-01,9349
3419,譁裕,12,0,12,華南永昌-板橋,2024-04-01,9349
3711,日月光投控,12,0,12,華南永昌-板橋,2024-04-01,9349
00937B,群益ESG投等債20,16,4,12,華南永昌-板橋,2024-04-01,9349
3706,神達,19,8,11,華南永昌-板橋,2024-04-01,9349
2313,華通,21,10,11,華南永昌-板橋,2024-04-01,9349
2324,仁寶,11,0,11,華南永昌-板橋,2024-04-01,9349
2353,宏��,12,1,11,華南永昌-板橋,2024-04-01,9349
8096,擎亞,136,125,11,華南永昌-板橋,2024-04-01,9349
00940,元大台灣價值高息,228,23,205,華南永昌-板橋,2024-04-02,9349
00933B,國泰10Y+金融債,128,0,128,華南永昌-板橋,2024-04-02,9349
8064,東捷,112,0,112,華南永昌-板橋,2024-04-02,9349
1504,東元,92,23,69,華南永昌-板橋,2024-04-02,9349
5864,致和證,75,11,64,華南永昌-板橋,2024-04-02,9349
00937B,群益ESG投等債20,56,0,56,華南永昌-板橋,2024-04-02,9349
00687B,國泰20年美債,47,0,47,華南永昌-板橋,2024-04-02,9349
8111,立��,44,2,42,華南永昌-板橋,2024-04-02,9349
00919,群益台灣精選高息,55,16,39,華南永昌-板橋,2024-04-02,9349
00679B,元大美債20年,35,0,35,華南永昌-板橋,2024-04-02,9349
2888,新光金,34,3,31,華南永昌-板橋,2024-04-02,9349
2603,長榮,75,45,30,華南永昌-板橋,2024-04-02,9349
3058,立德,30,0,30,華南永昌-板橋,2024-04-02,9349
6125,廣運,35,6,29,華南永昌-板橋,2024-04-02,9349
1609,大亞,43,14,29,華南永昌-板橋,2024-04-02,9349
6239,力成,22,0,22,華南永昌-板橋,2024-04-02,9349
9945,潤泰新,21,0,21,華南永昌-板橋,2024-04-02,9349
00632R,元大台灣50反1,20,0,20,華南永昌-板橋,2024-04-02,9349
3356,奇偶,20,0,20,華南永昌-板橋,2024-04-02,9349
6120,達運,20,0,20,華南永昌-板橋,2024-04-02,9349
2354,鴻準,90,71,19,華南永昌-板橋,2024-04-02,9349
2367,燿華,19,0,19,華南永昌-板橋,2024-04-02,9349
2236,百達-KY,16,0,16,華南永昌-板橋,2024-04-02,9349
3706,神達,16,1,15,華南永昌-板橋,2024-04-02,9349
6578,達邦蛋白,22,7,15,華南永昌-板橋,2024-04-02,9349
2634,漢翔,16,1,15,華南永昌-板橋,2024-04-02,9349
00941,中信上游半導體,14,0,14,華南永昌-板橋,2024-04-02,9349
2010,春源,13,0,13,華南永昌-板橋,2024-04-02,9349
4545,銘鈺,13,0,13,華南永昌-板橋,2024-04-02,9349
2363,矽統,13,0,13,華南永昌-板橋,2024-04-02,9349
00795B,中信美國公債20年,12,0,12,華南永昌-板橋,2024-04-02,9349
6111,大宇資,12,0,12,華南永昌-板橋,2024-04-02,9349
6188,廣明,14,2,12,華南永昌-板橋,2024-04-02,9349
1785,光洋科,18,7,11,華南永昌-板橋,2024-04-02,9349
2356,英業達,23,12,11,華南永昌-板橋,2024-04-02,9349
2834,臺企銀,11,0,11,華南永昌-板橋,2024-04-02,9349
5371,中光電,13,2,11,華南永昌-板橋,2024-04-02,9349
2376,技嘉,27,16,11,華南永昌-板橋,2024-04-02,9349
00939,統一台灣高息動能,17,7,10,華南永昌-板橋,2024-04-02,9349
00713,元大台灣高息低波,10,0,10,華南永昌-板橋,2024-04-02,9349
00680L,元大美債20正2,11,1,10,華南永昌-板橋,2024-04-02,9349
1459,聯發,10,0,10,華南永昌-板橋,2024-04-02,9349
2618,長榮航,28,19,9,華南永昌-板橋,2024-04-02,9349
3548,兆利,10,1,9,華南永昌-板橋,2024-04-02,9349
6179,亞通,12,3,9,華南永昌-板橋,2024-04-02,9349
2344,華邦電,19,11,8,華南永昌-板橋,2024-04-02,9349
3017,奇鋐,13,5,8,華南永昌-板橋,2024-04-02,9349
1101,台泥,8,0,8,華南永昌-板橋,2024-04-02,9349
2355,敬鵬,8,0,8,華南永昌-板橋,2024-04-02,9349
3363,上詮,8,0,8,華南永昌-板橋,2024-04-02,9349
00940,元大台灣價值高息,243,1,242,華南永昌-板橋,2024-04-03,9349
3481,群創,234,0,234,華南永昌-板橋,2024-04-03,9349
00665L,富邦�琤肭磪囓�2,200,0,200,華南永昌-板橋,2024-04-03,9349
00937B,群益ESG投等債20,142,0,142,華南永昌-板橋,2024-04-03,9349
00929,復華台灣科技優息,135,1,134,華南永昌-板橋,2024-04-03,9349
3013,晟銘電,191,75,116,華南永昌-板橋,2024-04-03,9349
2331,精英,100,1,99,華南永昌-板橋,2024-04-03,9349
2884,玉山金,57,0,57,華南永昌-板橋,2024-04-03,9349
2353,宏��,53,0,53,華南永昌-板橋,2024-04-03,9349
2382,廣達,68,21,47,華南永昌-板橋,2024-04-03,9349
4908,前鼎,50,3,47,華南永昌-板橋,2024-04-03,9349
6443,元晶,44,3,41,華南永昌-板橋,2024-04-03,9349
00939,統一台灣高息動能,61,26,35,華南永昌-板橋,2024-04-03,9349
6026,福邦證,35,0,35,華南永昌-板橋,2024-04-03,9349
00637L,元大滬深300正2,33,0,33,華南永昌-板橋,2024-04-03,9349
4545,銘鈺,31,0,31,華南永昌-板橋,2024-04-03,9349
2634,漢翔,30,1,29,華南永昌-板橋,2024-04-03,9349
2409,友達,32,6,26,華南永昌-板橋,2024-04-03,9349
2371,大同,28,2,26,華南永昌-板橋,2024-04-03,9349
2303,聯電,40,14,26,華南永昌-板橋,2024-04-03,9349
2356,英業達,36,13,23,華南永昌-板橋,2024-04-03,9349
3207,耀勝,23,0,23,華南永昌-板橋,2024-04-03,9349
00680L,元大美債20正2,25,3,22,華南永昌-板橋,2024-04-03,9349
00878,國泰永續高股息,21,0,21,華南永昌-板橋,2024-04-03,9349
2354,鴻準,25,4,21,華南永昌-板橋,2024-04-03,9349
00918,大華優利高填息30,21,0,21,華南永昌-板橋,2024-04-03,9349
2889,國票金,21,0,21,華南永昌-板橋,2024-04-03,9349
6243,迅杰,20,0,20,華南永昌-板橋,2024-04-03,9349
3059,華晶科,21,2,19,華南永昌-板橋,2024-04-03,9349
2886,兆豐金,19,2,17,華南永昌-板橋,2024-04-03,9349
00933B,國泰10Y+金融債,16,0,16,華南永昌-板橋,2024-04-03,9349
3325,旭品,16,0,16,華南永昌-板橋,2024-04-03,9349
2601,益航,15,0,15,華南永昌-板橋,2024-04-03,9349
3491,昇達科,15,0,15,華南永昌-板橋,2024-04-03,9349
4157,太景*-KY,15,0,15,華南永昌-板橋,2024-04-03,9349
6189,豐藝,20,5,15,華南永昌-板橋,2024-04-03,9349
2359,所羅門,18,4,14,華南永昌-板橋,2024-04-03,9349
1802,台玻,13,0,13,華南永昌-板橋,2024-04-03,9349
2610,華航,15,2,13,華南永昌-板橋,2024-04-03,9349
4714,永捷,15,2,13,華南永昌-板橋,2024-04-03,9349
00941,中信上游半導體,12,0,12,華南永昌-板橋,2024-04-03,9349
1617,榮星,12,0,12,華南永昌-板橋,2024-04-03,9349
4768,晶呈科技,54,42,12,華南永昌-板橋,2024-04-03,9349
2408,南亞科,12,0,12,華南永昌-板橋,2024-04-03,9349
00687B,國泰20年美債,12,0,12,華南永昌-板橋,2024-04-03,9349
1102,亞泥,11,0,11,華南永昌-板橋,2024-04-03,9349
00885,富邦越南,10,0,10,華南永昌-板橋,2024-04-03,9349
00795B,中信美國公債20年,10,0,10,華南永昌-板橋,2024-04-03,9349
3706,神達,14,4,10,華南永昌-板橋,2024-04-03,9349
00931B,統一美債20年,9,0,9,華南永昌-板橋,2024-04-03,9349
2201,裕隆,242,8,234,華南永昌-板橋,2024-04-08,9349
00940,元大台灣價值高息,189,2,187,華南永昌-板橋,2024-04-08,9349
00637L,元大滬深300正2,193,30,163,華南永昌-板橋,2024-04-08,9349
6274,台燿,137,4,133,華南永昌-板橋,2024-04-08,9349
2615,萬海,100,0,100,華南永昌-板橋,2024-04-08,9349
3444,利機,100,0,100,華南永昌-板橋,2024-04-08,9349
00937B,群益ESG投等債20,99,0,99,華南永昌-板橋,2024-04-08,9349
00687B,國泰20年美債,99,2,97,華南永昌-板橋,2024-04-08,9349
2609,陽明,103,9,94,華南永昌-板橋,2024-04-08,9349
6016,康和證,110,24,86,華南永昌-板橋,2024-04-08,9349
00929,復華台灣科技優息,81,1,80,華南永昌-板橋,2024-04-08,9349
6290,良維,62,4,58,華南永昌-板橋,2024-04-08,9349
3207,耀勝,48,0,48,華南永昌-板橋,2024-04-08,9349
2501,國建,52,12,40,華南永昌-板橋,2024-04-08,9349
2610,華航,40,0,40,華南永昌-板橋,2024-04-08,9349
4545,銘鈺,34,0,34,華南永昌-板橋,2024-04-08,9349
2371,大同,62,31,31,華南永昌-板橋,2024-04-08,9349
2851,中再保,30,0,30,華南永昌-板橋,2024-04-08,9349
00679B,元大美債20年,29,0,29,華南永昌-板橋,2024-04-08,9349
2354,鴻準,41,14,27,華南永昌-板橋,2024-04-08,9349
2324,仁寶,33,7,26,華南永昌-板橋,2024-04-08,9349
1612,宏泰,26,1,25,華南永昌-板橋,2024-04-08,9349
00933B,國泰10Y+金融債,23,0,23,華南永昌-板橋,2024-04-08,9349
2013,中鋼構,20,0,20,華南永昌-板橋,2024-04-08,9349
2031,新光鋼,20,0,20,華南永昌-板橋,2024-04-08,9349
8935,邦泰,20,0,20,華南永昌-板橋,2024-04-08,9349
2382,廣達,23,3,20,華南永昌-板橋,2024-04-08,9349
4746,台耀,17,1,16,華南永昌-板橋,2024-04-08,9349
00919,群益台灣精選高息,15,0,15,華南永昌-板橋,2024-04-08,9349
2356,英業達,17,2,15,華南永昌-板橋,2024-04-08,9349
6488,環球晶,25,10,15,華南永昌-板橋,2024-04-08,9349
00720B,元大投資級公司債,14,0,14,華南永昌-板橋,2024-04-08,9349
1513,中興電,20,7,13,華南永昌-板橋,2024-04-08,9349
2850,新產,13,0,13,華南永昌-板橋,2024-04-08,9349
3706,神達,23,10,13,華南永昌-板橋,2024-04-08,9349
4714,永捷,21,8,13,華南永昌-板橋,2024-04-08,9349
6548,長科*,14,1,13,華南永昌-板橋,2024-04-08,9349
5222,全訊,12,0,12,華南永昌-板橋,2024-04-08,9349
00941,中信上游半導體,11,0,11,華南永昌-板橋,2024-04-08,9349
00673R,期元大S＆P原油反1,21,10,11,華南永昌-板橋,2024-04-08,9349
2388,威盛,11,0,11,華南永昌-板橋,2024-04-08,9349
6538,倉和,11,0,11,華南永昌-板橋,2024-04-08,9349
4906,正文,10,0,10,華南永昌-板橋,2024-04-08,9349
00724B,群益投資級金融債,10,0,10,華南永昌-板橋,2024-04-08,9349
2028,威致,10,0,10,華南永昌-板橋,2024-04-08,9349
2845,遠東銀,10,0,10,華南永昌-板橋,2024-04-08,9349
3058,立德,10,0,10,華南永昌-板橋,2024-04-08,9349
3481,群創,14,4,10,華南永昌-板橋,2024-04-08,9349
3617,碩天,10,0,10,華南永昌-板橋,2024-04-08,9349
4976,佳凌,10,0,10,華南永昌-板橋,2024-04-08,9349
2354,鴻準,107,0,107,華南永昌-板橋,2024-04-09,9349
00937B,群益ESG投等債20,104,12,92,華南永昌-板橋,2024-04-09,9349
2515,中工,108,16,92,華南永昌-板橋,2024-04-09,9349
1718,中纖,74,0,74,華南永昌-板橋,2024-04-09,9349
00940,元大台灣價值高息,62,4,58,華南永昌-板橋,2024-04-09,9349
1587,吉茂,64,8,56,華南永昌-板橋,2024-04-09,9349
00929,復華台灣科技優息,54,0,54,華南永昌-板橋,2024-04-09,9349
5443,均豪,64,27,37,華南永昌-板橋,2024-04-09,9349
2329,華泰,31,0,31,華南永昌-板橋,2024-04-09,9349
6188,廣明,36,8,28,華南永昌-板橋,2024-04-09,9349
4908,前鼎,26,0,26,華南永昌-板橋,2024-04-09,9349
3444,利機,43,20,23,華南永昌-板橋,2024-04-09,9349
2374,佳能,26,4,22,華南永昌-板橋,2024-04-09,9349
2356,英業達,35,14,21,華南永昌-板橋,2024-04-09,9349
5512,力麒,21,0,21,華南永昌-板橋,2024-04-09,9349
1459,聯發,20,0,20,華南永昌-板橋,2024-04-09,9349
6120,達運,50,30,20,華南永昌-板橋,2024-04-09,9349
6220,岳豐,20,0,20,華南永昌-板橋,2024-04-09,9349
8213,志超,20,0,20,華南永昌-板橋,2024-04-09,9349
2382,廣達,61,42,19,華南永昌-板橋,2024-04-09,9349
6290,良維,41,22,19,華南永昌-板橋,2024-04-09,9349
1785,光洋科,41,23,18,華南永昌-板橋,2024-04-09,9349
00878,國泰永續高股息,23,6,17,華南永昌-板橋,2024-04-09,9349
00919,群益台灣精選高息,20,4,16,華南永昌-板橋,2024-04-09,9349
2501,國建,26,10,16,華南永昌-板橋,2024-04-09,9349
2724,藝舍-KY,15,0,15,華南永昌-板橋,2024-04-09,9349
8027,鈦昇,15,0,15,華南永昌-板橋,2024-04-09,9349
9955,佳龍,17,2,15,華南永昌-板橋,2024-04-09,9349
4967,十銓,15,0,15,華南永昌-板橋,2024-04-09,9349
8112,至上,22,8,14,華南永昌-板橋,2024-04-09,9349
3260,威剛,16,2,14,華南永昌-板橋,2024-04-09,9349
5534,長虹,13,0,13,華南永昌-板橋,2024-04-09,9349
1717,長興,12,0,12,華南永昌-板橋,2024-04-09,9349
2009,第一銅,18,6,12,華南永昌-板橋,2024-04-09,9349
4533,協易機,19,7,12,華南永昌-板橋,2024-04-09,9349
2486,一詮,33,22,11,華南永昌-板橋,2024-04-09,9349
5014,建錩,11,0,11,華南永昌-板橋,2024-04-09,9349
00927,群益半導體收益,10,0,10,華南永昌-板橋,2024-04-09,9349
00877,復華中國5G,10,0,10,華南永昌-板橋,2024-04-09,9349
2405,輔信,10,0,10,華南永昌-板橋,2024-04-09,9349
3290,東浦,15,5,10,華南永昌-板橋,2024-04-09,9349
4545,銘鈺,10,0,10,華南永昌-板橋,2024-04-09,9349
6578,達邦蛋白,15,5,10,華南永昌-板橋,2024-04-09,9349
6875,國邑*,11,1,10,華南永昌-板橋,2024-04-09,9349
6548,長科*,10,0,10,華南永昌-板橋,2024-04-09,9349
8996,高力,10,1,9,華南永昌-板橋,2024-04-09,9349
2464,盟立,17,8,9,華南永昌-板橋,2024-04-09,9349
2013,中鋼構,8,0,8,華南永昌-板橋,2024-04-09,9349
2467,志聖,44,36,8,華南永昌-板橋,2024-04-09,9349
3015,全漢,12,4,8,華南永昌-板橋,2024-04-09,9349
6016,康和證,315,110,205,華南永昌-板橋,2024-04-10,9349
00665L,富邦�琤肭磪囓�2,202,0,202,華南永昌-板橋,2024-04-10,9349
3231,緯創,70,3,67,華南永昌-板橋,2024-04-10,9349
2382,廣達,67,11,56,華南永昌-板橋,2024-04-10,9349
8064,東捷,60,5,55,華南永昌-板橋,2024-04-10,9349
00940,元大台灣價值高息,58,13,45,華南永昌-板橋,2024-04-10,9349
6425,易發,65,24,41,華南永昌-板橋,2024-04-10,9349
4707,磐亞,40,0,40,華南永昌-板橋,2024-04-10,9349
2014,中鴻,47,7,40,華南永昌-板橋,2024-04-10,9349
3597,映興,35,0,35,華南永昌-板橋,2024-04-10,9349
6215,和椿,29,3,26,華南永昌-板橋,2024-04-10,9349
00918,大華優利高填息30,26,0,26,華南永昌-板橋,2024-04-10,9349
6274,台燿,28,3,25,華南永昌-板橋,2024-04-10,9349
5607,遠雄港,23,0,23,華南永昌-板橋,2024-04-10,9349
5351,鈺創,29,8,21,華南永昌-板橋,2024-04-10,9349
00919,群益台灣精選高息,24,3,21,華南永昌-板橋,2024-04-10,9349
5531,鄉林,20,0,20,華南永昌-板橋,2024-04-10,9349
0056,元大高股息,21,3,18,華南永昌-板橋,2024-04-10,9349
2383,台光電,30,13,17,華南永昌-板橋,2024-04-10,9349
3481,群創,20,3,17,華南永昌-板橋,2024-04-10,9349
2317,鴻海,29,14,15,華南永昌-板橋,2024-04-10,9349
2376,技嘉,69,54,15,華南永昌-板橋,2024-04-10,9349
2883,凱基金,15,0,15,華南永昌-板橋,2024-04-10,9349
2501,國建,30,15,15,華南永昌-板橋,2024-04-10,9349
3030,德律,15,0,15,華南永昌-板橋,2024-04-10,9349
3576,聯合再生,17,2,15,華南永昌-板橋,2024-04-10,9349
2301,光寶科,15,1,14,華南永昌-板橋,2024-04-10,9349
5443,均豪,12,0,12,華南永昌-板橋,2024-04-10,9349
2618,長榮航,18,6,12,華南永昌-板橋,2024-04-10,9349
2363,矽統,189,177,12,華南永昌-板橋,2024-04-10,9349
9955,佳龍,12,1,11,華南永昌-板橋,2024-04-10,9349
2850,新產,11,0,11,華南永昌-板橋,2024-04-10,9349
3037,欣興,10,0,10,華南永昌-板橋,2024-04-10,9349
00648R,元大S＆P500反1,10,0,10,華南永昌-板橋,2024-04-10,9349
1524,耿鼎,10,0,10,華南永昌-板橋,2024-04-10,9349
2332,友訊,10,0,10,華南永昌-板橋,2024-04-10,9349
5340,建榮,11,1,10,華南永昌-板橋,2024-04-10,9349
6584,南俊國際,11,1,10,華南永昌-板橋,2024-04-10,9349
6668,中揚光,10,0,10,華南永昌-板橋,2024-04-10,9349
8059,凱碩,10,0,10,華南永昌-板橋,2024-04-10,9349
2634,漢翔,49,39,10,華南永昌-板橋,2024-04-10,9349
00770,國泰北美科技,10,0,10,華南永昌-板橋,2024-04-10,9349
2206,三陽工業,10,1,9,華南永昌-板橋,2024-04-10,9349
2324,仁寶,13,4,9,華南永昌-板橋,2024-04-10,9349
3167,大量,12,3,9,華南永昌-板橋,2024-04-10,9349
6257,矽格,10,1,9,華南永昌-板橋,2024-04-10,9349
1455,集盛,8,0,8,華南永昌-板橋,2024-04-10,9349
1609,大亞,81,73,8,華南永昌-板橋,2024-04-10,9349
2365,昆盈,9,1,8,華南永昌-板橋,2024-04-10,9349
2420,新巨,8,0,8,華南永昌-板橋,2024-04-10,9349
00751B,元大AAA至A公司債,104,0,104,華南永昌-板橋,2024-04-11,9349
2888,新光金,104,22,82,華南永昌-板橋,2024-04-11,9349
3481,群創,75,6,69,華南永昌-板橋,2024-04-11,9349
4768,晶呈科技,95,35,60,華南永昌-板橋,2024-04-11,9349
2303,聯電,53,12,41,華南永昌-板橋,2024-04-11,9349
00712,復華富時不動產,40,0,40,華南永昌-板橋,2024-04-11,9349
00679B,元大美債20年,53,15,38,華南永昌-板橋,2024-04-11,9349
00929,復華台灣科技優息,38,0,38,華南永昌-板橋,2024-04-11,9349
2634,漢翔,47,14,33,華南永昌-板橋,2024-04-11,9349
00937B,群益ESG投等債20,42,11,31,華南永昌-板橋,2024-04-11,9349
8111,立��,30,0,30,華南永昌-板橋,2024-04-11,9349
00687B,國泰20年美債,30,2,28,華南永昌-板橋,2024-04-11,9349
4402,郡都開發,29,1,28,華南永昌-板橋,2024-04-11,9349
2610,華航,53,28,25,華南永昌-板橋,2024-04-11,9349
2641,正德,60,35,25,華南永昌-板橋,2024-04-11,9349
2402,毅嘉,24,0,24,華南永昌-板橋,2024-04-11,9349
00680L,元大美債20正2,24,0,24,華南永昌-板橋,2024-04-11,9349
2002,中鋼,25,2,23,華南永昌-板橋,2024-04-11,9349
00940,元大台灣價值高息,22,0,22,華南永昌-板橋,2024-04-11,9349
2537,聯上發,28,8,20,華南永昌-板橋,2024-04-11,9349
6239,力成,20,0,20,華南永昌-板橋,2024-04-11,9349
00939,統一台灣高息動能,26,8,18,華南永昌-板橋,2024-04-11,9349
2355,敬鵬,18,0,18,華南永昌-板橋,2024-04-11,9349
5371,中光電,25,7,18,華南永昌-板橋,2024-04-11,9349
6668,中揚光,17,0,17,華南永昌-板橋,2024-04-11,9349
2515,中工,29,13,16,華南永昌-板橋,2024-04-11,9349
6125,廣運,16,1,15,華南永昌-板橋,2024-04-11,9349
2501,國建,35,20,15,華南永昌-板橋,2024-04-11,9349
3013,晟銘電,38,23,15,華南永昌-板橋,2024-04-11,9349
9962,有益,15,0,15,華南永昌-板橋,2024-04-11,9349
2331,精英,13,0,13,華南永昌-板橋,2024-04-11,9349
2406,國碩,23,10,13,華南永昌-板橋,2024-04-11,9349
00933B,國泰10Y+金融債,12,0,12,華南永昌-板橋,2024-04-11,9349
00878,國泰永續高股息,12,0,12,華南永昌-板橋,2024-04-11,9349
2892,第一金,12,0,12,華南永昌-板橋,2024-04-11,9349
6148,驊宏資,12,0,12,華南永昌-板橋,2024-04-11,9349
2605,新興,28,16,12,華南永昌-板橋,2024-04-11,9349
00772B,中信高評級公司債,11,0,11,華南永昌-板橋,2024-04-11,9349
0056,元大高股息,11,0,11,華南永昌-板橋,2024-04-11,9349
1605,華新,36,25,11,華南永昌-板橋,2024-04-11,9349
2645,長榮航太,11,1,10,華南永昌-板橋,2024-04-11,9349
2417,圓剛,10,0,10,華南永昌-板橋,2024-04-11,9349
4908,前鼎,11,1,10,華南永昌-板橋,2024-04-11,9349
5230,雷笛克光學,10,0,10,華南永昌-板橋,2024-04-11,9349
5531,鄉林,10,0,10,華南永昌-板橋,2024-04-11,9349
6589,台康生技,10,0,10,華南永昌-板橋,2024-04-11,9349
6770,力積電,10,0,10,華南永昌-板橋,2024-04-11,9349
2383,台光電,21,12,9,華南永昌-板橋,2024-04-11,9349
1617,榮星,9,0,9,華南永昌-板橋,2024-04-11,9349
2613,中櫃,9,0,9,華南永昌-板橋,2024-04-11,9349
00929,復華台灣科技優息,118,2,116,華南永昌-板橋,2024-04-12,9349
8150,南茂,100,0,100,華南永昌-板橋,2024-04-12,9349
00937B,群益ESG投等債20,68,0,68,華南永昌-板橋,2024-04-12,9349
8111,立��,58,0,58,華南永昌-板橋,2024-04-12,9349
2915,潤泰全,50,0,50,華南永昌-板橋,2024-04-12,9349
5530,龍巖,50,0,50,華南永昌-板橋,2024-04-12,9349
2465,麗臺,61,17,44,華南永昌-板橋,2024-04-12,9349
2353,宏��,110,66,44,華南永昌-板橋,2024-04-12,9349
6191,精成科,45,4,41,華南永昌-板橋,2024-04-12,9349
3294,英濟,32,2,30,華南永昌-板橋,2024-04-12,9349
3444,利機,50,20,30,華南永昌-板橋,2024-04-12,9349
6125,廣運,50,20,30,華南永昌-板橋,2024-04-12,9349
3481,群創,28,3,25,華南永昌-板橋,2024-04-12,9349
00933B,國泰10Y+金融債,24,0,24,華南永昌-板橋,2024-04-12,9349
00687B,國泰20年美債,24,0,24,華南永昌-板橋,2024-04-12,9349
2352,佳世達,23,0,23,華南永昌-板橋,2024-04-12,9349
2618,長榮航,38,15,23,華南永昌-板橋,2024-04-12,9349
3231,緯創,27,5,22,華南永昌-板橋,2024-04-12,9349
5392,能率,21,0,21,華南永昌-板橋,2024-04-12,9349
2208,台船,20,0,20,華南永昌-板橋,2024-04-12,9349
00878,國泰永續高股息,20,0,20,華南永昌-板橋,2024-04-12,9349
2382,廣達,29,10,19,華南永昌-板橋,2024-04-12,9349
2850,新產,19,0,19,華南永昌-板橋,2024-04-12,9349
6492,生華科,19,0,19,華南永昌-板橋,2024-04-12,9349
2887,台新金,17,0,17,華南永昌-板橋,2024-04-12,9349
00918,大華優利高填息30,20,3,17,華南永昌-板橋,2024-04-12,9349
3059,華晶科,21,4,17,華南永昌-板橋,2024-04-12,9349
2888,新光金,16,0,16,華南永昌-板橋,2024-04-12,9349
8112,至上,44,29,15,華南永昌-板橋,2024-04-12,9349
2009,第一銅,17,2,15,華南永昌-板橋,2024-04-12,9349
00679B,元大美債20年,14,0,14,華南永昌-板橋,2024-04-12,9349
2409,友達,17,3,14,華南永昌-板橋,2024-04-12,9349
3356,奇偶,14,0,14,華南永昌-板橋,2024-04-12,9349
1617,榮星,16,3,13,華南永昌-板橋,2024-04-12,9349
00919,群益台灣精選高息,24,12,12,華南永昌-板橋,2024-04-12,9349
2344,華邦電,13,1,12,華南永昌-板橋,2024-04-12,9349
3048,益登,12,0,12,華南永昌-板橋,2024-04-12,9349
4147,中裕,21,9,12,華南永昌-板橋,2024-04-12,9349
2002,中鋼,11,0,11,華南永昌-板橋,2024-04-12,9349
00680L,元大美債20正2,12,1,11,華南永昌-板橋,2024-04-12,9349
1453,大將,11,0,11,華南永昌-板橋,2024-04-12,9349
2610,華航,13,2,11,華南永昌-板橋,2024-04-12,9349
00935,野村臺灣新科技50,10,0,10,華南永昌-板橋,2024-04-12,9349
9945,潤泰新,10,0,10,華南永昌-板橋,2024-04-12,9349
2023,燁輝,22,12,10,華南永昌-板橋,2024-04-12,9349
2430,燦坤,10,0,10,華南永昌-板橋,2024-04-12,9349
6026,福邦證,10,0,10,華南永昌-板橋,2024-04-12,9349
6770,力積電,17,7,10,華南永昌-板橋,2024-04-12,9349
8105,凌巨,20,10,10,華南永昌-板橋,2024-04-12,9349
00770,國泰北美科技,10,1,9,華南永昌-板橋,2024-04-12,9349
00929,復華台灣科技優息,281,20,261,華南永昌-板橋,2024-04-15,9349
2520,冠德,144,0,144,華南永昌-板橋,2024-04-15,9349
00919,群益台灣精選高息,175,45,130,華南永昌-板橋,2024-04-15,9349
00939,統一台灣高息動能,91,0,91,華南永昌-板橋,2024-04-15,9349
3715,定穎投控,92,5,87,華南永昌-板橋,2024-04-15,9349
3062,建漢,81,0,81,華南永昌-板橋,2024-04-15,9349
00940,元大台灣價值高息,82,4,78,華南永昌-板橋,2024-04-15,9349
00637L,元大滬深300正2,60,2,58,華南永昌-板橋,2024-04-15,9349
1524,耿鼎,60,2,58,華南永昌-板橋,2024-04-15,9349
00941,中信上游半導體,53,0,53,華南永昌-板橋,2024-04-15,9349
2367,燿華,60,7,53,華南永昌-板橋,2024-04-15,9349
1504,東元,119,72,47,華南永昌-板橋,2024-04-15,9349
2888,新光金,63,17,46,華南永昌-板橋,2024-04-15,9349
3444,利機,90,46,44,華南永昌-板橋,2024-04-15,9349
3294,英濟,45,2,43,華南永昌-板橋,2024-04-15,9349
0056,元大高股息,41,3,38,華南永昌-板橋,2024-04-15,9349
2317,鴻海,43,10,33,華南永昌-板橋,2024-04-15,9349
2382,廣達,34,1,33,華南永昌-板橋,2024-04-15,9349
3362,先進光,27,0,27,華南永昌-板橋,2024-04-15,9349
8150,南茂,25,0,25,華南永昌-板橋,2024-04-15,9349
2836,高雄銀,24,0,24,華南永昌-板橋,2024-04-15,9349
00937B,群益ESG投等債20,23,0,23,華南永昌-板橋,2024-04-15,9349
2331,精英,31,11,20,華南永昌-板橋,2024-04-15,9349
00753L,中信中國50正2,20,0,20,華南永昌-板橋,2024-04-15,9349
2374,佳能,29,9,20,華南永昌-板橋,2024-04-15,9349
2330,台積電,21,2,19,華南永昌-板橋,2024-04-15,9349
3712,永崴投控,18,0,18,華南永昌-板橋,2024-04-15,9349
2313,華通,21,4,17,華南永昌-板橋,2024-04-15,9349
1513,中興電,51,34,17,華南永昌-板橋,2024-04-15,9349
2618,長榮航,26,10,16,華南永昌-板橋,2024-04-15,9349
00877,復華中國5G,15,0,15,華南永昌-板橋,2024-04-15,9349
5243,乙盛-KY,14,0,14,華南永昌-板橋,2024-04-15,9349
5381,合正,20,6,14,華南永昌-板橋,2024-04-15,9349
1514,亞力,57,43,14,華南永昌-板橋,2024-04-15,9349
00933B,國泰10Y+金融債,16,3,13,華南永昌-板橋,2024-04-15,9349
3013,晟銘電,17,4,13,華南永昌-板橋,2024-04-15,9349
3312,弘憶股,19,6,13,華南永昌-板橋,2024-04-15,9349
4533,協易機,44,31,13,華南永昌-板橋,2024-04-15,9349
6111,大宇資,17,4,13,華南永昌-板橋,2024-04-15,9349
6492,生華科,13,0,13,華南永昌-板橋,2024-04-15,9349
3048,益登,20,7,13,華南永昌-板橋,2024-04-15,9349
3231,緯創,50,38,12,華南永昌-板橋,2024-04-15,9349
1101,台泥,17,5,12,華南永昌-板橋,2024-04-15,9349
2543,皇昌,20,8,12,華南永昌-板橋,2024-04-15,9349
3037,欣興,11,0,11,華南永昌-板橋,2024-04-15,9349
2376,技嘉,18,7,11,華南永昌-板橋,2024-04-15,9349
2002,中鋼,11,0,11,華南永昌-板橋,2024-04-15,9349
3622,洋華,25,14,11,華南永昌-板橋,2024-04-15,9349
4735,豪展,11,0,11,華南永昌-板橋,2024-04-15,9349
5871,中租-KY,11,0,11,華南永昌-板橋,2024-04-15,9349
00940,元大台灣價值高息,422,38,384,華南永昌-板橋,2024-04-16,9349
00929,復華台灣科技優息,310,51,259,華南永昌-板橋,2024-04-16,9349
00937B,群益ESG投等債20,172,1,171,華南永昌-板橋,2024-04-16,9349
3363,上詮,115,4,111,華南永昌-板橋,2024-04-16,9349
00919,群益台灣精選高息,114,3,111,華南永昌-板橋,2024-04-16,9349
00939,統一台灣高息動能,108,0,108,華南永昌-板橋,2024-04-16,9349
00878,國泰永續高股息,107,18,89,華南永昌-板橋,2024-04-16,9349
1524,耿鼎,90,1,89,華南永昌-板橋,2024-04-16,9349
00941,中信上游半導體,83,10,73,華南永昌-板橋,2024-04-16,9349
6290,良維,95,27,68,華南永昌-板橋,2024-04-16,9349
2331,精英,66,1,65,華南永昌-板橋,2024-04-16,9349
2392,正崴,64,0,64,華南永昌-板橋,2024-04-16,9349
2426,鼎元,60,0,60,華南永昌-板橋,2024-04-16,9349
2897,王道銀行,59,0,59,華南永昌-板橋,2024-04-16,9349
1609,大亞,160,103,57,華南永昌-板橋,2024-04-16,9349
2317,鴻海,94,38,56,華南永昌-板橋,2024-04-16,9349
00733,富邦臺灣中小,53,0,53,華南永昌-板橋,2024-04-16,9349
2515,中工,57,8,49,華南永昌-板橋,2024-04-16,9349
5371,中光電,55,12,43,華南永昌-板橋,2024-04-16,9349
00900,富邦特選高股息30,61,21,40,華南永昌-板橋,2024-04-16,9349
2630,亞航,63,24,39,華南永昌-板橋,2024-04-16,9349
5864,致和證,35,0,35,華南永昌-板橋,2024-04-16,9349
2883B,凱基金乙特,35,0,35,華南永昌-板橋,2024-04-16,9349
2371,大同,130,97,33,華南永昌-板橋,2024-04-16,9349
2344,華邦電,33,1,32,華南永昌-板橋,2024-04-16,9349
2330,台積電,32,1,31,華南永昌-板橋,2024-04-16,9349
00715L,期街口布蘭特正2,61,31,30,華南永昌-板橋,2024-04-16,9349
2887,台新金,29,0,29,華南永昌-板橋,2024-04-16,9349
00885,富邦越南,29,0,29,華南永昌-板橋,2024-04-16,9349
2888,新光金,28,0,28,華南永昌-板橋,2024-04-16,9349
4127,天良,104,77,27,華南永昌-板橋,2024-04-16,9349
4768,晶呈科技,67,40,27,華南永昌-板橋,2024-04-16,9349
3294,英濟,26,0,26,華南永昌-板橋,2024-04-16,9349
2634,漢翔,34,9,25,華南永昌-板橋,2024-04-16,9349
2353,宏��,48,26,22,華南永昌-板橋,2024-04-16,9349
2408,南亞科,22,0,22,華南永昌-板橋,2024-04-16,9349
6111,大宇資,22,0,22,華南永昌-板橋,2024-04-16,9349
6578,達邦蛋白,21,0,21,華南永昌-板橋,2024-04-16,9349
5315,光聯,20,0,20,華南永昌-板橋,2024-04-16,9349
2855,統一證,30,10,20,華南永昌-板橋,2024-04-16,9349
2356,英業達,26,7,19,華南永昌-板橋,2024-04-16,9349
2323,中環,20,1,19,華南永昌-板橋,2024-04-16,9349
4533,協易機,19,2,17,華南永昌-板橋,2024-04-16,9349
6492,生華科,16,0,16,華南永昌-板橋,2024-04-16,9349
8027,鈦昇,16,0,16,華南永昌-板橋,2024-04-16,9349
2834,臺企銀,15,0,15,華南永昌-板橋,2024-04-16,9349
2618,長榮航,57,42,15,華南永昌-板橋,2024-04-16,9349
6274,台燿,17,2,15,華南永昌-板橋,2024-04-16,9349
2636,台驊控股,15,0,15,華南永昌-板橋,2024-04-16,9349
2883,凱基金,18,4,14,華南永昌-板橋,2024-04-16,9349
00937B,群益ESG投等債20,138,7,131,華南永昌-板橋,2024-04-17,9349
00929,復華台灣科技優息,105,12,93,華南永昌-板橋,2024-04-17,9349
2618,長榮航,78,11,67,華南永昌-板橋,2024-04-17,9349
00687B,國泰20年美債,65,10,55,華南永昌-板橋,2024-04-17,9349
00940,元大台灣價值高息,65,18,47,華南永昌-板橋,2024-04-17,9349
2353,宏��,51,11,40,華南永昌-板橋,2024-04-17,9349
6770,力積電,44,4,40,華南永昌-板橋,2024-04-17,9349
0056,元大高股息,39,3,36,華南永昌-板橋,2024-04-17,9349
2356,英業達,48,14,34,華南永昌-板橋,2024-04-17,9349
2888,新光金,33,0,33,華南永昌-板橋,2024-04-17,9349
2382,廣達,52,22,30,華南永昌-板橋,2024-04-17,9349
2915,潤泰全,30,0,30,華南永昌-板橋,2024-04-17,9349
2883,凱基金,30,1,29,華南永昌-板橋,2024-04-17,9349
6668,中揚光,37,8,29,華南永昌-板橋,2024-04-17,9349
3231,緯創,43,16,27,華南永昌-板橋,2024-04-17,9349
2897,王道銀行,26,0,26,華南永昌-板橋,2024-04-17,9349
2303,聯電,35,11,24,華南永昌-板橋,2024-04-17,9349
2634,漢翔,25,2,23,華南永昌-板橋,2024-04-17,9349
00712,復華富時不動產,22,0,22,華南永昌-板橋,2024-04-17,9349
3057,喬鼎,20,0,20,華南永昌-板橋,2024-04-17,9349
5009,榮剛,26,7,19,華南永昌-板橋,2024-04-17,9349
00919,群益台灣精選高息,18,0,18,華南永昌-板橋,2024-04-17,9349
2406,國碩,22,4,18,華南永昌-板橋,2024-04-17,9349
5531,鄉林,18,0,18,華南永昌-板橋,2024-04-17,9349
3707,漢磊,22,5,17,華南永昌-板橋,2024-04-17,9349
5443,均豪,18,2,16,華南永昌-板橋,2024-04-17,9349
2401,凌陽,28,12,16,華南永昌-板橋,2024-04-17,9349
00679B,元大美債20年,16,0,16,華南永昌-板橋,2024-04-17,9349
3481,群創,17,2,15,華南永昌-板橋,2024-04-17,9349
4128,中天,15,0,15,華南永昌-板橋,2024-04-17,9349
3260,威剛,20,7,13,華南永昌-板橋,2024-04-17,9349
1808,潤隆,13,0,13,華南永昌-板橋,2024-04-17,9349
00885,富邦越南,13,0,13,華南永昌-板橋,2024-04-17,9349
2884,玉山金,13,0,13,華南永昌-板橋,2024-04-17,9349
2409,友達,14,1,13,華南永昌-板橋,2024-04-17,9349
2308,台達電,24,11,13,華南永昌-板橋,2024-04-17,9349
2363,矽統,52,40,12,華南永昌-板橋,2024-04-17,9349
00696B,富邦美債20年,12,0,12,華南永昌-板橋,2024-04-17,9349
2867,三商壽,20,8,12,華南永昌-板橋,2024-04-17,9349
1453,大將,11,0,11,華南永昌-板橋,2024-04-17,9349
8926,台汽電,13,2,11,華南永昌-板橋,2024-04-17,9349
6215,和椿,10,0,10,華南永昌-板橋,2024-04-17,9349
2610,華航,20,10,10,華南永昌-板橋,2024-04-17,9349
6179,亞通,10,0,10,華南永昌-板橋,2024-04-17,9349
006208,富邦台50,9,0,9,華南永昌-板橋,2024-04-17,9349
2331,精英,10,1,9,華南永昌-板橋,2024-04-17,9349
2515,中工,12,3,9,華南永昌-板橋,2024-04-17,9349
2603,長榮,9,0,9,華南永昌-板橋,2024-04-17,9349
2886,兆豐金,9,0,9,華南永昌-板橋,2024-04-17,9349
3548,兆利,10,1,9,華南永昌-板橋,2024-04-17,9349
00720B,元大投資級公司債,100,0,100,華南永昌-板橋,2024-04-18,9349
1605,華新,99,41,58,華南永昌-板橋,2024-04-18,9349
00715L,期街口布蘭特正2,90,40,50,華南永昌-板橋,2024-04-18,9349
1513,中興電,87,41,46,華南永昌-板橋,2024-04-18,9349
8150,南茂,46,0,46,華南永昌-板橋,2024-04-18,9349
4142,國光生,40,0,40,華南永昌-板橋,2024-04-18,9349
5864,致和證,97,58,39,華南永昌-板橋,2024-04-18,9349
2371,大同,312,275,37,華南永昌-板橋,2024-04-18,9349
0056,元大高股息,35,2,33,華南永昌-板橋,2024-04-18,9349
2501,國建,56,27,29,華南永昌-板橋,2024-04-18,9349
2354,鴻準,29,1,28,華南永昌-板橋,2024-04-18,9349
2406,國碩,23,0,23,華南永昌-板橋,2024-04-18,9349
00687B,國泰20年美債,23,0,23,華南永昌-板橋,2024-04-18,9349
00942B,台新美A公司債20+,22,0,22,華南永昌-板橋,2024-04-18,9349
00679B,元大美債20年,20,0,20,華南永昌-板橋,2024-04-18,9349
00929,復華台灣科技優息,46,26,20,華南永昌-板橋,2024-04-18,9349
00941,中信上游半導體,35,16,19,華南永昌-板橋,2024-04-18,9349
1616,億泰,22,3,19,華南永昌-板橋,2024-04-18,9349
2855,統一證,23,4,19,華南永昌-板橋,2024-04-18,9349
1608,華榮,45,27,18,華南永昌-板橋,2024-04-18,9349
00937B,群益ESG投等債20,22,5,17,華南永昌-板橋,2024-04-18,9349
6438,迅得,15,0,15,華南永昌-板橋,2024-04-18,9349
4147,中裕,15,1,14,華南永昌-板橋,2024-04-18,9349
2014,中鴻,17,3,14,華南永昌-板橋,2024-04-18,9349
5443,均豪,13,0,13,華南永昌-板橋,2024-04-18,9349
8996,高力,12,0,12,華南永昌-板橋,2024-04-18,9349
2527,宏璟,12,0,12,華南永昌-板橋,2024-04-18,9349
2504,國產,11,0,11,華南永昌-板橋,2024-04-18,9349
2465,麗臺,28,17,11,華南永昌-板橋,2024-04-18,9349
2548,華固,11,0,11,華南永昌-板橋,2024-04-18,9349
3062,建漢,11,0,11,華南永昌-板橋,2024-04-18,9349
5426,振發,11,0,11,華南永昌-板橋,2024-04-18,9349
8054,安國,61,50,11,華南永昌-板橋,2024-04-18,9349
2329,華泰,38,28,10,華南永昌-板橋,2024-04-18,9349
00772B,中信高評級公司債,10,0,10,華南永昌-板橋,2024-04-18,9349
2008,高興昌,10,0,10,華南永昌-板橋,2024-04-18,9349
2009,第一銅,14,4,10,華南永昌-板橋,2024-04-18,9349
2025,千興,10,0,10,華南永昌-板橋,2024-04-18,9349
2516,新建,10,0,10,華南永昌-板橋,2024-04-18,9349
2538,基泰,10,0,10,華南永昌-板橋,2024-04-18,9349
3038,全台,10,0,10,華南永昌-板橋,2024-04-18,9349
6202,盛群,10,0,10,華南永昌-板橋,2024-04-18,9349
6290,良維,10,0,10,華南永昌-板橋,2024-04-18,9349
8111,立��,10,0,10,華南永昌-板橋,2024-04-18,9349
9962,有益,10,0,10,華南永昌-板橋,2024-04-18,9349
1503,士電,18,8,10,華南永昌-板橋,2024-04-18,9349
6770,力積電,9,0,9,華南永昌-板橋,2024-04-18,9349
1603,華電,9,0,9,華南永昌-板橋,2024-04-18,9349
3666,光耀,9,0,9,華南永昌-板橋,2024-04-18,9349
6285,啟��,9,0,9,華南永昌-板橋,2024-04-18,9349
00929,復華台灣科技優息,384,44,340,華南永昌-板橋,2024-04-19,9349
00940,元大台灣價值高息,337,198,139,華南永昌-板橋,2024-04-19,9349
8150,南茂,107,16,91,華南永昌-板橋,2024-04-19,9349
2101,南港,95,6,89,華南永昌-板橋,2024-04-19,9349
00939,統一台灣高息動能,80,0,80,華南永昌-板橋,2024-04-19,9349
2330,台積電,92,19,73,華南永昌-板橋,2024-04-19,9349
0056,元大高股息,85,16,69,華南永昌-板橋,2024-04-19,9349
1608,華榮,140,74,66,華南永昌-板橋,2024-04-19,9349
3481,群創,77,13,64,華南永昌-板橋,2024-04-19,9349
3444,利機,132,73,59,華南永昌-板橋,2024-04-19,9349
2897,王道銀行,47,5,42,華南永昌-板橋,2024-04-19,9349
2834,臺企銀,39,5,34,華南永昌-板橋,2024-04-19,9349
1605,華新,62,29,33,華南永昌-板橋,2024-04-19,9349
2892,第一金,31,0,31,華南永昌-板橋,2024-04-19,9349
00885,富邦越南,27,0,27,華南永昌-板橋,2024-04-19,9349
2329,華泰,42,15,27,華南永昌-板橋,2024-04-19,9349
2511,太子,25,0,25,華南永昌-板橋,2024-04-19,9349
5876,上海商銀,24,0,24,華南永昌-板橋,2024-04-19,9349
00941,中信上游半導體,33,11,22,華南永昌-板橋,2024-04-19,9349
2850,新產,22,0,22,華南永昌-板橋,2024-04-19,9349
1603,華電,28,6,22,華南永昌-板橋,2024-04-19,9349
2515,中工,296,274,22,華南永昌-板橋,2024-04-19,9349
6451,訊芯-KY,21,0,21,華南永昌-板橋,2024-04-19,9349
1612,宏泰,29,8,21,華南永昌-板橋,2024-04-19,9349
6285,啟��,21,0,21,華南永昌-板橋,2024-04-19,9349
1609,大亞,275,255,20,華南永昌-板橋,2024-04-19,9349
00937B,群益ESG投等債20,20,0,20,華南永昌-板橋,2024-04-19,9349
3036,文曄,19,1,18,華南永昌-板橋,2024-04-19,9349
8027,鈦昇,18,0,18,華南永昌-板橋,2024-04-19,9349
3231,緯創,43,27,16,華南永昌-板橋,2024-04-19,9349
2451,創見,17,1,16,華南永昌-板橋,2024-04-19,9349
2618,長榮航,53,37,16,華南永昌-板橋,2024-04-19,9349
2601,益航,15,0,15,華南永昌-板橋,2024-04-19,9349
3715,定穎投控,14,0,14,華南永昌-板橋,2024-04-19,9349
4114,健喬,13,0,13,華南永昌-板橋,2024-04-19,9349
2367,燿華,12,0,12,華南永昌-板橋,2024-04-19,9349
2881,富邦金,12,0,12,華南永昌-板橋,2024-04-19,9349
8937,合騏,12,0,12,華南永昌-板橋,2024-04-19,9349
1301,台塑,11,0,11,華南永昌-板橋,2024-04-19,9349
00756B,群益投等新興公債,11,0,11,華南永昌-板橋,2024-04-19,9349
00923,群益台ESG低碳50,11,0,11,華南永昌-板橋,2024-04-19,9349
2440,太空梭,11,0,11,華南永昌-板橋,2024-04-19,9349
4303,信立,11,0,11,華南永昌-板橋,2024-04-19,9349
5534,長虹,16,5,11,華南永昌-板橋,2024-04-19,9349
8068,全達,11,0,11,華南永昌-板橋,2024-04-19,9349
2353,宏��,15,5,10,華南永昌-板橋,2024-04-19,9349
1218,泰山,10,0,10,華南永昌-板橋,2024-04-19,9349
1326,台化,10,0,10,華南永昌-板橋,2024-04-19,9349
1447,力鵬,10,0,10,華南永昌-板橋,2024-04-19,9349
2010,春源,10,0,10,華南永昌-板橋,2024-04-19,9349
2515,中工,244,99,145,華南永昌-板橋,2024-04-22,9349
00878,國泰永續高股息,147,5,142,華南永昌-板橋,2024-04-22,9349
00940,元大台灣價值高息,143,18,125,華南永昌-板橋,2024-04-22,9349
00937B,群益ESG投等債20,103,0,103,華南永昌-板橋,2024-04-22,9349
00929,復華台灣科技優息,133,47,86,華南永昌-板橋,2024-04-22,9349
2520,冠德,85,9,76,華南永昌-板橋,2024-04-22,9349
3058,立德,72,0,72,華南永昌-板橋,2024-04-22,9349
2371,大同,327,263,64,華南永昌-板橋,2024-04-22,9349
1504,東元,84,23,61,華南永昌-板橋,2024-04-22,9349
3013,晟銘電,70,10,60,華南永昌-板橋,2024-04-22,9349
00687B,國泰20年美債,55,0,55,華南永昌-板橋,2024-04-22,9349
1609,大亞,111,58,53,華南永昌-板橋,2024-04-22,9349
00720B,元大投資級公司債,52,0,52,華南永昌-板橋,2024-04-22,9349
2009,第一銅,54,4,50,華南永昌-板橋,2024-04-22,9349
2867,三商壽,50,0,50,華南永昌-板橋,2024-04-22,9349
6219,富旺,50,0,50,華南永昌-板橋,2024-04-22,9349
00919,群益台灣精選高息,112,72,40,華南永昌-板橋,2024-04-22,9349
2323,中環,50,10,40,華南永昌-板橋,2024-04-22,9349
2426,鼎元,40,0,40,華南永昌-板橋,2024-04-22,9349
2634,漢翔,70,35,35,華南永昌-板橋,2024-04-22,9349
3703,欣陸,55,24,31,華南永昌-板橋,2024-04-22,9349
2344,華邦電,34,6,28,華南永昌-板橋,2024-04-22,9349
6283,淳安,26,0,26,華南永昌-板橋,2024-04-22,9349
00756B,群益投等新興公債,25,0,25,華南永昌-板橋,2024-04-22,9349
00939,統一台灣高息動能,25,2,23,華南永昌-板橋,2024-04-22,9349
2363,矽統,35,12,23,華南永昌-板橋,2024-04-22,9349
6198,瑞築,22,0,22,華南永昌-板橋,2024-04-22,9349
2329,華泰,35,14,21,華南永昌-板橋,2024-04-22,9349
00933B,國泰10Y+金融債,21,0,21,華南永昌-板橋,2024-04-22,9349
3231,緯創,37,17,20,華南永昌-板橋,2024-04-22,9349
00882,中信中國高股息,50,30,20,華南永昌-板橋,2024-04-22,9349
3576,聯合再生,30,10,20,華南永昌-板橋,2024-04-22,9349
6220,岳豐,20,0,20,華南永昌-板橋,2024-04-22,9349
1442,名軒,19,0,19,華南永昌-板橋,2024-04-22,9349
00632R,元大台灣50反1,18,0,18,華南永昌-板橋,2024-04-22,9349
5512,力麒,26,8,18,華南永昌-板橋,2024-04-22,9349
4768,晶呈科技,17,0,17,華南永昌-板橋,2024-04-22,9349
2367,燿華,17,0,17,華南永昌-板橋,2024-04-22,9349
2409,友達,18,4,14,華南永昌-板橋,2024-04-22,9349
2547,日勝生,80,66,14,華南永昌-板橋,2024-04-22,9349
1618,合機,33,20,13,華南永昌-板橋,2024-04-22,9349
1617,榮星,16,4,12,華南永昌-板橋,2024-04-22,9349
6191,精成科,20,8,12,華南永昌-板橋,2024-04-22,9349
8111,立��,12,0,12,華南永昌-板橋,2024-04-22,9349
6125,廣運,67,55,12,華南永昌-板橋,2024-04-22,9349
2317,鴻海,27,15,12,華南永昌-板橋,2024-04-22,9349
6443,元晶,12,1,11,華南永昌-板橋,2024-04-22,9349
1110,東泥,10,0,10,華南永昌-板橋,2024-04-22,9349
1309,台達化,10,0,10,華南永昌-板橋,2024-04-22,9349
2365,昆盈,15,5,10,華南永昌-板橋,2024-04-22,9349
2101,南港,117,16,101,華南永昌-板橋,2024-04-23,9349
00929,復華台灣科技優息,84,3,81,華南永昌-板橋,2024-04-23,9349
2107,厚生,72,0,72,華南永昌-板橋,2024-04-23,9349
2515,中工,170,99,71,華南永昌-板橋,2024-04-23,9349
2888,新光金,51,0,51,華南永昌-板橋,2024-04-23,9349
2323,中環,100,51,49,華南永昌-板橋,2024-04-23,9349
8213,志超,46,0,46,華南永昌-板橋,2024-04-23,9349
2426,鼎元,45,0,45,華南永昌-板橋,2024-04-23,9349
1314,中石化,42,3,39,華南永昌-板橋,2024-04-23,9349
5521,工信,36,0,36,華南永昌-板橋,2024-04-23,9349
00939,統一台灣高息動能,34,0,34,華南永昌-板橋,2024-04-23,9349
00720B,元大投資級公司債,31,0,31,華南永昌-板橋,2024-04-23,9349
6005,群益證,50,19,31,華南永昌-板橋,2024-04-23,9349
6220,岳豐,30,0,30,華南永昌-板橋,2024-04-23,9349
00715L,期街口布蘭特正2,30,1,29,華南永昌-板橋,2024-04-23,9349
2374,佳能,39,12,27,華南永昌-板橋,2024-04-23,9349
1101,台泥,23,0,23,華南永昌-板橋,2024-04-23,9349
00940,元大台灣價值高息,26,6,20,華南永昌-板橋,2024-04-23,9349
00673R,期元大S＆P原油反1,20,0,20,華南永昌-板橋,2024-04-23,9349
4720,德淵,20,0,20,華南永昌-板橋,2024-04-23,9349
5009,榮剛,20,0,20,華南永昌-板橋,2024-04-23,9349
6239,力成,20,0,20,華南永昌-板橋,2024-04-23,9349
6743,安普新,20,0,20,華南永昌-板橋,2024-04-23,9349
8150,南茂,20,0,20,華南永昌-板橋,2024-04-23,9349
1905,華紙,20,1,19,華南永昌-板橋,2024-04-23,9349
00919,群益台灣精選高息,22,4,18,華南永昌-板橋,2024-04-23,9349
1308,亞聚,16,0,16,華南永昌-板橋,2024-04-23,9349
1440,南紡,16,0,16,華南永昌-板橋,2024-04-23,9349
00635U,期元大S＆P黃金,15,0,15,華南永昌-板橋,2024-04-23,9349
1808,潤隆,14,0,14,華南永昌-板橋,2024-04-23,9349
1316,上曜,22,9,13,華南永昌-板橋,2024-04-23,9349
2543,皇昌,16,3,13,華南永昌-板橋,2024-04-23,9349
3025,星通,13,0,13,華南永昌-板橋,2024-04-23,9349
1616,億泰,13,1,12,華南永昌-板橋,2024-04-23,9349
1603,華電,12,1,11,華南永昌-板橋,2024-04-23,9349
2365,昆盈,11,0,11,華南永昌-板橋,2024-04-23,9349
00877,復華中國5G,10,0,10,華南永昌-板橋,2024-04-23,9349
00662,富邦NASDAQ,10,0,10,華南永昌-板橋,2024-04-23,9349
2353,宏��,10,0,10,華南永昌-板橋,2024-04-23,9349
2367,燿華,15,5,10,華南永昌-板橋,2024-04-23,9349
2489,瑞軒,10,0,10,華南永昌-板橋,2024-04-23,9349
3346,麗清,10,0,10,華南永昌-板橋,2024-04-23,9349
8926,台汽電,10,0,10,華南永昌-板橋,2024-04-23,9349
6770,力積電,10,1,9,華南永昌-板橋,2024-04-23,9349
1587,吉茂,10,1,9,華南永昌-板橋,2024-04-23,9349
2611,志信,9,0,9,華南永昌-板橋,2024-04-23,9349
3015,全漢,9,0,9,華南永昌-板橋,2024-04-23,9349
2382,廣達,21,13,8,華南永昌-板橋,2024-04-23,9349
3666,光耀,8,0,8,華南永昌-板橋,2024-04-23,9349
4306,炎洲,8,0,8,華南永昌-板橋,2024-04-23,9349
2323,中環,550,51,499,華南永昌-板橋,2024-04-24,9349
00632R,元大台灣50反1,242,0,242,華南永昌-板橋,2024-04-24,9349
8011,台通,155,13,142,華南永昌-板橋,2024-04-24,9349
00929,復華台灣科技優息,89,34,55,華南永昌-板橋,2024-04-24,9349
00637L,元大滬深300正2,50,0,50,華南永昌-板橋,2024-04-24,9349
1101,台泥,54,4,50,華南永昌-板橋,2024-04-24,9349
3058,立德,50,0,50,華南永昌-板橋,2024-04-24,9349
2363,矽統,73,30,43,華南永昌-板橋,2024-04-24,9349
2101,南港,47,8,39,華南永昌-板橋,2024-04-24,9349
2515,中工,85,50,35,華南永昌-板橋,2024-04-24,9349
6125,廣運,93,59,34,華南永昌-板橋,2024-04-24,9349
2501,國建,71,38,33,華南永昌-板橋,2024-04-24,9349
4532,瑞智,32,5,27,華南永昌-板橋,2024-04-24,9349
6239,力成,25,0,25,華南永昌-板橋,2024-04-24,9349
6215,和椿,30,6,24,華南永昌-板橋,2024-04-24,9349
2313,華通,27,4,23,華南永昌-板橋,2024-04-24,9349
00940,元大台灣價值高息,46,24,22,華南永昌-板橋,2024-04-24,9349
00673R,期元大S＆P原油反1,20,0,20,華南永昌-板橋,2024-04-24,9349
2303,聯電,33,13,20,華南永昌-板橋,2024-04-24,9349
3217,優群,20,0,20,華南永昌-板橋,2024-04-24,9349
9105,泰金寶-DR,20,0,20,華南永昌-板橋,2024-04-24,9349
1616,億泰,15,0,15,華南永昌-板橋,2024-04-24,9349
2536,宏普,20,5,15,華南永昌-板橋,2024-04-24,9349
3049,精金,15,0,15,華南永昌-板橋,2024-04-24,9349
2329,華泰,25,12,13,華南永昌-板橋,2024-04-24,9349
00942B,台新美A公司債20+,12,0,12,華南永昌-板橋,2024-04-24,9349
1513,中興電,25,14,11,華南永昌-板橋,2024-04-24,9349
3711,日月光投控,11,0,11,華南永昌-板橋,2024-04-24,9349
00679B,元大美債20年,11,0,11,華南永昌-板橋,2024-04-24,9349
5258,虹堡,11,0,11,華南永昌-板橋,2024-04-24,9349
5534,長虹,11,0,11,華南永昌-板橋,2024-04-24,9349
2610,華航,66,55,11,華南永昌-板橋,2024-04-24,9349
5515,建國,11,0,11,華南永昌-板橋,2024-04-24,9349
1314,中石化,10,0,10,華南永昌-板橋,2024-04-24,9349
2230,泰茂,10,0,10,華南永昌-板橋,2024-04-24,9349
2801,彰銀,10,0,10,華南永昌-板橋,2024-04-24,9349
3707,漢磊,10,0,10,華南永昌-板橋,2024-04-24,9349
3715,定穎投控,14,4,10,華南永昌-板橋,2024-04-24,9349
5864,致和證,10,0,10,華南永昌-板橋,2024-04-24,9349
6133,金橋,10,0,10,華南永昌-板橋,2024-04-24,9349
3005,神基,21,12,9,華南永昌-板橋,2024-04-24,9349
6223,旺矽,9,0,9,華南永昌-板橋,2024-04-24,9349
8110,華東,10,1,9,華南永昌-板橋,2024-04-24,9349
00756B,群益投等新興公債,8,0,8,華南永昌-板橋,2024-04-24,9349
3597,映興,8,0,8,華南永昌-板橋,2024-04-24,9349
5230,雷笛克光學,13,5,8,華南永昌-板橋,2024-04-24,9349
6207,雷科,8,0,8,華南永昌-板橋,2024-04-24,9349
2520,冠德,8,0,8,華南永昌-板橋,2024-04-24,9349
1608,華榮,11,4,7,華南永昌-板橋,2024-04-24,9349
5521,工信,20,13,7,華南永昌-板橋,2024-04-24,9349
5230,雷笛克光學,381,210,171,華南永昌-板橋,2024-04-25,9349
2101,南港,143,37,106,華南永昌-板橋,2024-04-25,9349
00942B,台新美A公司債20+,88,0,88,華南永昌-板橋,2024-04-25,9349
3481,群創,84,23,61,華南永昌-板橋,2024-04-25,9349
00940,元大台灣價值高息,83,23,60,華南永昌-板橋,2024-04-25,9349
2330,台積電,54,0,54,華南永昌-板橋,2024-04-25,9349
3707,漢磊,66,14,52,華南永昌-板橋,2024-04-25,9349
1504,東元,48,5,43,華南永昌-板橋,2024-04-25,9349
2511,太子,40,0,40,華南永昌-板橋,2024-04-25,9349
8210,勤誠,43,5,38,華南永昌-板橋,2024-04-25,9349
2409,友達,41,7,34,華南永昌-板橋,2024-04-25,9349
2317,鴻海,45,14,31,華南永昌-板橋,2024-04-25,9349
6116,彩晶,31,0,31,華南永昌-板橋,2024-04-25,9349
00756B,群益投等新興公債,30,0,30,華南永昌-板橋,2024-04-25,9349
2610,華航,43,13,30,華南永昌-板橋,2024-04-25,9349
3450,聯鈞,30,0,30,華南永昌-板橋,2024-04-25,9349
00679B,元大美債20年,29,0,29,華南永昌-板橋,2024-04-25,9349
00882,中信中國高股息,30,1,29,華南永昌-板橋,2024-04-25,9349
3058,立德,23,0,23,華南永昌-板橋,2024-04-25,9349
3306,鼎天,26,3,23,華南永昌-板橋,2024-04-25,9349
1440,南紡,48,26,22,華南永昌-板橋,2024-04-25,9349
1808,潤隆,21,0,21,華南永昌-板橋,2024-04-25,9349
00929,復華台灣科技優息,70,51,19,華南永昌-板橋,2024-04-25,9349
2313,華通,20,3,17,華南永昌-板橋,2024-04-25,9349
3260,威剛,16,0,16,華南永昌-板橋,2024-04-25,9349
00939,統一台灣高息動能,17,1,16,華南永昌-板橋,2024-04-25,9349
00919,群益台灣精選高息,14,0,14,華南永昌-板橋,2024-04-25,9349
00878,國泰永續高股息,14,0,14,華南永昌-板橋,2024-04-25,9349
2891,中信金,13,1,12,華南永昌-板橋,2024-04-25,9349
00941,中信上游半導體,11,0,11,華南永昌-板橋,2024-04-25,9349
2887,台新金,11,0,11,華南永昌-板橋,2024-04-25,9349
5009,榮剛,11,0,11,華南永昌-板橋,2024-04-25,9349
8049,晶采,14,3,11,華南永昌-板橋,2024-04-25,9349
3615,安可,10,0,10,華南永昌-板橋,2024-04-25,9349
00637L,元大滬深300正2,10,0,10,華南永昌-板橋,2024-04-25,9349
1605,華新,15,5,10,華南永昌-板橋,2024-04-25,9349
2467,志聖,10,0,10,華南永昌-板橋,2024-04-25,9349
2548,華固,15,5,10,華南永昌-板橋,2024-04-25,9349
2834,臺企銀,10,0,10,華南永昌-板橋,2024-04-25,9349
5512,力麒,48,38,10,華南永昌-板橋,2024-04-25,9349
6668,中揚光,11,1,10,華南永昌-板橋,2024-04-25,9349
1201,味全,10,0,10,華南永昌-板橋,2024-04-25,9349
8446,華研,11,2,9,華南永昌-板橋,2024-04-25,9349
9938,百和,10,1,9,華南永昌-板橋,2024-04-25,9349
2355,敬鵬,8,0,8,華南永昌-板橋,2024-04-25,9349
2719,燦星旅,8,0,8,華南永昌-板橋,2024-04-25,9349
5533,皇鼎,13,5,8,華南永昌-板橋,2024-04-25,9349
6548,長科*,14,6,8,華南永昌-板橋,2024-04-25,9349
3231,緯創,11,4,7,華南永昌-板橋,2024-04-25,9349
1326,台化,7,0,7,華南永昌-板橋,2024-04-25,9349
00720B,元大投資級公司債,217,0,217,華南永昌-板橋,2024-04-26,9349
6177,達麗,180,3,177,華南永昌-板橋,2024-04-26,9349
2371,大同,261,105,156,華南永昌-板橋,2024-04-26,9349
00632R,元大台灣50反1,74,0,74,華南永昌-板橋,2024-04-26,9349
00929,復華台灣科技優息,61,5,56,華南永昌-板橋,2024-04-26,9349
00937B,群益ESG投等債20,124,70,54,華南永昌-板橋,2024-04-26,9349
2511,太子,108,67,41,華南永昌-板橋,2024-04-26,9349
1440,南紡,57,19,38,華南永昌-板橋,2024-04-26,9349
3058,立德,31,0,31,華南永昌-板橋,2024-04-26,9349
00715L,期街口布蘭特正2,30,0,30,華南永昌-板橋,2024-04-26,9349
6116,彩晶,30,0,30,華南永昌-板橋,2024-04-26,9349
00679B,元大美債20年,29,0,29,華南永昌-板橋,2024-04-26,9349
2317,鴻海,66,37,29,華南永昌-板橋,2024-04-26,9349
00756B,群益投等新興公債,26,0,26,華南永昌-板橋,2024-04-26,9349
3481,群創,50,25,25,華南永昌-板橋,2024-04-26,9349
8054,安國,35,11,24,華南永昌-板橋,2024-04-26,9349
3711,日月光投控,21,0,21,華南永昌-板橋,2024-04-26,9349
1587,吉茂,80,60,20,華南永昌-板橋,2024-04-26,9349
2516,新建,20,0,20,華南永昌-板橋,2024-04-26,9349
4768,晶呈科技,21,2,19,華南永昌-板橋,2024-04-26,9349
5521,工信,19,0,19,華南永昌-板橋,2024-04-26,9349
2705,六福,21,3,18,華南永昌-板橋,2024-04-26,9349
6207,雷科,28,12,16,華南永昌-板橋,2024-04-26,9349
00857B,永豐20年美公債,15,0,15,華南永昌-板橋,2024-04-26,9349
1504,東元,17,2,15,華南永昌-板橋,2024-04-26,9349
2349,錸德,15,0,15,華南永昌-板橋,2024-04-26,9349
4545,銘鈺,15,0,15,華南永昌-板橋,2024-04-26,9349
5905,南仁湖,15,0,15,華南永昌-板橋,2024-04-26,9349
4127,天良,13,0,13,華南永昌-板橋,2024-04-26,9349
00687B,國泰20年美債,12,0,12,華南永昌-板橋,2024-04-26,9349
00680L,元大美債20正2,12,0,12,華南永昌-板橋,2024-04-26,9349
2743,山富,39,27,12,華南永昌-板橋,2024-04-26,9349
1536,和大,12,1,11,華南永昌-板橋,2024-04-26,9349
1609,大亞,87,76,11,華南永昌-板橋,2024-04-26,9349
2352,佳世達,11,0,11,華南永昌-板橋,2024-04-26,9349
3013,晟銘電,63,52,11,華南永昌-板橋,2024-04-26,9349
3049,精金,11,0,11,華南永昌-板橋,2024-04-26,9349
1217,愛之味,10,0,10,華南永昌-板橋,2024-04-26,9349
2359,所羅門,36,26,10,華南永昌-板橋,2024-04-26,9349
3380,明泰,10,0,10,華南永昌-板橋,2024-04-26,9349
8935,邦泰,10,0,10,華南永昌-板橋,2024-04-26,9349
2537,聯上發,12,3,9,華南永昌-板橋,2024-04-26,9349
00713,元大台灣高息低波,10,1,9,華南永昌-板橋,2024-04-26,9349
3231,緯創,18,10,8,華南永昌-板橋,2024-04-26,9349
2392,正崴,8,0,8,華南永昌-板橋,2024-04-26,9349
3707,漢磊,20,12,8,華南永昌-板橋,2024-04-26,9349
4543,萬在,10,2,8,華南永昌-板橋,2024-04-26,9349
5706,鳳凰,19,11,8,華南永昌-板橋,2024-04-26,9349
6425,易發,20,12,8,華南永昌-板橋,2024-04-26,9349
2206,三陽工業,9,2,7,華南永昌-板橋,2024-04-26,9349
2618,長榮航,1165,106,1059,華南永昌-板橋,2024-04-29,9349
2323,中環,119,58,61,華南永昌-板橋,2024-04-29,9349
2101,南港,61,1,60,華南永昌-板橋,2024-04-29,9349
2511,太子,65,5,60,華南永昌-板橋,2024-04-29,9349
00929,復華台灣科技優息,61,8,53,華南永昌-板橋,2024-04-29,9349
2888,新光金,127,78,49,華南永昌-板橋,2024-04-29,9349
3481,群創,54,11,43,華南永昌-板橋,2024-04-29,9349
6197,佳必琪,43,2,41,華南永昌-板橋,2024-04-29,9349
00937B,群益ESG投等債20,109,70,39,華南永昌-板橋,2024-04-29,9349
1440,南紡,43,5,38,華南永昌-板橋,2024-04-29,9349
2363,矽統,150,114,36,華南永昌-板橋,2024-04-29,9349
2349,錸德,44,10,34,華南永昌-板橋,2024-04-29,9349
2509,全坤建,32,0,32,華南永昌-板橋,2024-04-29,9349
00882,中信中國高股息,31,0,31,華南永昌-板橋,2024-04-29,9349
2354,鴻準,31,3,28,華南永昌-板橋,2024-04-29,9349
2371,大同,121,93,28,華南永昌-板橋,2024-04-29,9349
00637L,元大滬深300正2,30,5,25,華南永昌-板橋,2024-04-29,9349
2449,京元電子,43,19,24,華南永昌-板橋,2024-04-29,9349
2610,華航,56,33,23,華南永昌-板橋,2024-04-29,9349
1532,勤美,23,3,20,華南永昌-板橋,2024-04-29,9349
2702,華園,20,0,20,華南永昌-板橋,2024-04-29,9349
3715,定穎投控,20,0,20,華南永昌-板橋,2024-04-29,9349
4114,健喬,25,5,20,華南永昌-板橋,2024-04-29,9349
3234,光環,25,5,20,華南永昌-板橋,2024-04-29,9349
1504,東元,18,1,17,華南永昌-板橋,2024-04-29,9349
6215,和椿,42,25,17,華南永昌-板橋,2024-04-29,9349
4768,晶呈科技,17,1,16,華南永昌-板橋,2024-04-29,9349
5230,雷笛克光學,193,177,16,華南永昌-板橋,2024-04-29,9349
2537,聯上發,21,8,13,華南永昌-板橋,2024-04-29,9349
4127,天良,41,28,13,華南永昌-板橋,2024-04-29,9349
2374,佳能,36,24,12,華南永昌-板橋,2024-04-29,9349
2915,潤泰全,13,1,12,華南永昌-板橋,2024-04-29,9349
1457,宜進,11,0,11,華南永昌-板橋,2024-04-29,9349
2355,敬鵬,16,5,11,華南永昌-板橋,2024-04-29,9349
00919,群益台灣精選高息,12,2,10,華南永昌-板橋,2024-04-29,9349
1217,愛之味,10,0,10,華南永昌-板橋,2024-04-29,9349
2476,鉅祥,10,0,10,華南永昌-板橋,2024-04-29,9349
2882,國泰金,13,3,10,華南永昌-板橋,2024-04-29,9349
3287,廣寰科,10,0,10,華南永昌-板橋,2024-04-29,9349
8210,勤誠,11,1,10,華南永昌-板橋,2024-04-29,9349
8446,華研,10,0,10,華南永昌-板橋,2024-04-29,9349
2880,華南金,20,10,10,華南永昌-板橋,2024-04-29,9349
00725B,國泰投資級公司債,10,0,10,華南永昌-板橋,2024-04-29,9349
00665L,富邦�琤肭磪囓�2,9,0,9,華南永昌-板橋,2024-04-29,9349
1309,台達化,10,1,9,華南永昌-板橋,2024-04-29,9349
2536,宏普,10,1,9,華南永昌-板橋,2024-04-29,9349
3450,聯鈞,70,61,9,華南永昌-板橋,2024-04-29,9349
6552,易華電,9,0,9,華南永昌-板橋,2024-04-29,9349
00713,元大台灣高息低波,8,0,8,華南永昌-板橋,2024-04-29,9349
2505,國揚,12,4,8,華南永昌-板橋,2024-04-29,9349
2101,南港,228,3,225,華南永昌-板橋,2024-04-30,9349
2883,凱基金,169,2,167,華南永昌-板橋,2024-04-30,9349
3231,緯創,146,5,141,華南永昌-板橋,2024-04-30,9349
2801,彰銀,92,0,92,華南永昌-板橋,2024-04-30,9349
3483,力致,82,36,46,華南永昌-板橋,2024-04-30,9349
3450,聯鈞,32,0,32,華南永昌-板橋,2024-04-30,9349
1314,中石化,44,15,29,華南永昌-板橋,2024-04-30,9349
1504,東元,34,5,29,華南永昌-板橋,2024-04-30,9349
2609,陽明,84,55,29,華南永昌-板橋,2024-04-30,9349
2449,京元電子,36,12,24,華南永昌-板橋,2024-04-30,9349
00885,富邦越南,23,0,23,華南永昌-板橋,2024-04-30,9349
1440,南紡,35,12,23,華南永昌-板橋,2024-04-30,9349
6274,台燿,26,4,22,華南永昌-板橋,2024-04-30,9349
00937B,群益ESG投等債20,21,0,21,華南永昌-板橋,2024-04-30,9349
5531,鄉林,26,5,21,華南永昌-板橋,2024-04-30,9349
00753L,中信中國50正2,20,0,20,華南永昌-板橋,2024-04-30,9349
2613,中櫃,20,0,20,華南永昌-板橋,2024-04-30,9349
6290,良維,20,0,20,華南永昌-板橋,2024-04-30,9349
2867,三商壽,20,0,20,華南永昌-板橋,2024-04-30,9349
00929,復華台灣科技優息,21,2,19,華南永昌-板橋,2024-04-30,9349
2355,敬鵬,41,22,19,華南永昌-板橋,2024-04-30,9349
3217,優群,20,1,19,華南永昌-板橋,2024-04-30,9349
6269,台郡,18,0,18,華南永昌-板橋,2024-04-30,9349
3711,日月光投控,15,0,15,華南永昌-板橋,2024-04-30,9349
5512,力麒,14,0,14,華南永昌-板橋,2024-04-30,9349
9945,潤泰新,18,5,13,華南永昌-板橋,2024-04-30,9349
2317,鴻海,35,22,13,華南永昌-板橋,2024-04-30,9349
2328,廣宇,21,9,12,華南永昌-板橋,2024-04-30,9349
2913,農林,16,5,11,華南永昌-板橋,2024-04-30,9349
5425,台半,11,0,11,華南永昌-板橋,2024-04-30,9349
5457,宣德,54,43,11,華南永昌-板橋,2024-04-30,9349
00665L,富邦�琤肭磪囓�2,10,0,10,華南永昌-板橋,2024-04-30,9349
2323,中環,10,0,10,華南永昌-板橋,2024-04-30,9349
2506,太設,10,0,10,華南永昌-板橋,2024-04-30,9349
2704,國賓,10,0,10,華南永昌-板橋,2024-04-30,9349
3260,威剛,10,0,10,華南永昌-板橋,2024-04-30,9349
3444,利機,126,116,10,華南永昌-板橋,2024-04-30,9349
6438,迅得,10,0,10,華南永昌-板橋,2024-04-30,9349
2383,台光電,11,2,9,華南永昌-板橋,2024-04-30,9349
2427,三商電,11,2,9,華南永昌-板橋,2024-04-30,9349
2892,第一金,9,0,9,華南永昌-板橋,2024-04-30,9349
6207,雷科,10,1,9,華南永昌-板橋,2024-04-30,9349
00919,群益台灣精選高息,18,10,8,華南永昌-板橋,2024-04-30,9349
1532,勤美,11,3,8,華南永昌-板橋,2024-04-30,9349
6190,萬泰科,26,18,8,華南永昌-板橋,2024-04-30,9349
2603,長榮,34,26,8,華南永昌-板橋,2024-04-30,9349
00713,元大台灣高息低波,8,1,7,華南永昌-板橋,2024-04-30,9349
1609,大亞,90,83,7,華南永昌-板橋,2024-04-30,9349
2356,英業達,19,12,7,華南永昌-板橋,2024-04-30,9349
8069,元太,6,0,6,華南永昌-板橋,2024-04-30,9349
2514,龍邦,260,0,260,華南永昌-板橋,2024-05-02,9349
00878,國泰永續高股息,67,7,60,華南永昌-板橋,2024-05-02,9349
2330,台積電,60,3,57,華南永昌-板橋,2024-05-02,9349
2405,輔信,57,0,57,華南永昌-板橋,2024-05-02,9349
3481,群創,69,16,53,華南永昌-板橋,2024-05-02,9349
2867,三商壽,50,0,50,華南永昌-板橋,2024-05-02,9349
1609,大亞,71,27,44,華南永昌-板橋,2024-05-02,9349
00932,兆豐永續高息等權,40,0,40,華南永昌-板橋,2024-05-02,9349
3703,欣陸,61,21,40,華南永昌-板橋,2024-05-02,9349
3483,力致,57,19,38,華南永昌-板橋,2024-05-02,9349
00945B,凱基美國非投等債,35,0,35,華南永昌-板橋,2024-05-02,9349
00715L,期街口布蘭特正2,110,80,30,華南永昌-板橋,2024-05-02,9349
3234,光環,29,2,27,華南永昌-板橋,2024-05-02,9349
2515,中工,113,87,26,華南永昌-板橋,2024-05-02,9349
3444,利機,57,31,26,華南永昌-板橋,2024-05-02,9349
00919,群益台灣精選高息,24,0,24,華南永昌-板橋,2024-05-02,9349
00679B,元大美債20年,24,0,24,華南永昌-板橋,2024-05-02,9349
00929,復華台灣科技優息,26,3,23,華南永昌-板橋,2024-05-02,9349
2520,冠德,29,8,21,華南永昌-板橋,2024-05-02,9349
3306,鼎天,20,0,20,華南永昌-板橋,2024-05-02,9349
2401,凌陽,19,0,19,華南永昌-板橋,2024-05-02,9349
2101,南港,20,1,19,華南永昌-板橋,2024-05-02,9349
2615,萬海,42,23,19,華南永昌-板橋,2024-05-02,9349
2317,鴻海,20,2,18,華南永昌-板橋,2024-05-02,9349
2353,宏��,17,0,17,華南永昌-板橋,2024-05-02,9349
2641,正德,17,0,17,華南永昌-板橋,2024-05-02,9349
1808,潤隆,16,0,16,華南永昌-板橋,2024-05-02,9349
2328,廣宇,30,14,16,華南永昌-板橋,2024-05-02,9349
3706,神達,16,0,16,華南永昌-板橋,2024-05-02,9349
4915,致伸,16,0,16,華南永昌-板橋,2024-05-02,9349
2834,臺企銀,22,6,16,華南永昌-板橋,2024-05-02,9349
2409,友達,49,34,15,華南永昌-板橋,2024-05-02,9349
3287,廣寰科,17,3,14,華南永昌-板橋,2024-05-02,9349
5706,鳳凰,15,1,14,華南永昌-板橋,2024-05-02,9349
2609,陽明,69,56,13,華南永昌-板橋,2024-05-02,9349
5608,四維航,12,0,12,華南永昌-板橋,2024-05-02,9349
6189,豐藝,13,1,12,華南永昌-板橋,2024-05-02,9349
3052,夆典,11,0,11,華南永昌-板橋,2024-05-02,9349
2915,潤泰全,21,10,11,華南永昌-板橋,2024-05-02,9349
00942B,台新美A公司債20+,10,0,10,華南永昌-板橋,2024-05-02,9349
2367,燿華,12,2,10,華南永昌-板橋,2024-05-02,9349
6148,驊宏資,10,0,10,華南永昌-板橋,2024-05-02,9349
6695,芯鼎,10,0,10,華南永昌-板橋,2024-05-02,9349
6770,力積電,41,31,10,華南永昌-板橋,2024-05-02,9349
9962,有益,10,0,10,華南永昌-板橋,2024-05-02,9349
2355,敬鵬,10,0,10,華南永昌-板橋,2024-05-02,9349
6177,達麗,43,33,10,華南永昌-板橋,2024-05-02,9349
2303,聯電,26,17,9,華南永昌-板橋,2024-05-02,9349
2349,錸德,9,0,9,華南永昌-板橋,2024-05-02,9349
2548,華固,9,0,9,華南永昌-板橋,2024-05-02,9349
00882,中信中國高股息,130,1,129,華南永昌-板橋,2024-05-03,9349
1102,亞泥,105,2,103,華南永昌-板橋,2024-05-03,9349
00715L,期街口布蘭特正2,130,30,100,華南永昌-板橋,2024-05-03,9349
9945,潤泰新,123,47,76,華南永昌-板橋,2024-05-03,9349
2883,凱基金,120,57,63,華南永昌-板橋,2024-05-03,9349
2609,陽明,79,18,61,華南永昌-板橋,2024-05-03,9349
2371,大同,185,131,54,華南永昌-板橋,2024-05-03,9349
2515,中工,126,72,54,華南永昌-板橋,2024-05-03,9349
3025,星通,56,3,53,華南永昌-板橋,2024-05-03,9349
6770,力積電,110,57,53,華南永昌-板橋,2024-05-03,9349
6125,廣運,103,52,51,華南永昌-板橋,2024-05-03,9349
8096,擎亞,144,99,45,華南永昌-板橋,2024-05-03,9349
5230,雷笛克光學,55,11,44,華南永昌-板橋,2024-05-03,9349
00929,復華台灣科技優息,47,6,41,華南永昌-板橋,2024-05-03,9349
6462,神盾,40,0,40,華南永昌-板橋,2024-05-03,9349
1504,東元,45,7,38,華南永昌-板橋,2024-05-03,9349
00945B,凱基美國非投等債,35,0,35,華南永昌-板橋,2024-05-03,9349
2743,山富,34,0,34,華南永昌-板橋,2024-05-03,9349
00665L,富邦�琤肭磪囓�2,33,0,33,華南永昌-板橋,2024-05-03,9349
00637L,元大滬深300正2,30,0,30,華南永昌-板橋,2024-05-03,9349
00937B,群益ESG投等債20,29,0,29,華南永昌-板橋,2024-05-03,9349
2368,金像電,31,2,29,華南永昌-板橋,2024-05-03,9349
1514,亞力,35,7,28,華南永昌-板橋,2024-05-03,9349
5521,工信,25,2,23,華南永昌-板橋,2024-05-03,9349
3033,威健,23,1,22,華南永昌-板橋,2024-05-03,9349
6290,良維,22,0,22,華南永昌-板橋,2024-05-03,9349
00931B,統一美債20年,21,0,21,華南永昌-板橋,2024-05-03,9349
2516,新建,20,0,20,華南永昌-板橋,2024-05-03,9349
3706,神達,20,0,20,華南永昌-板橋,2024-05-03,9349
3707,漢磊,20,0,20,華南永昌-板橋,2024-05-03,9349
5439,高技,20,0,20,華南永昌-板橋,2024-05-03,9349
1316,上曜,37,18,19,華南永昌-板橋,2024-05-03,9349
2363,矽統,151,133,18,華南永昌-板橋,2024-05-03,9349
00878,國泰永續高股息,23,5,18,華南永昌-板橋,2024-05-03,9349
3231,緯創,19,3,16,華南永昌-板橋,2024-05-03,9349
1110,東泥,15,0,15,華南永昌-板橋,2024-05-03,9349
3052,夆典,15,0,15,華南永昌-板橋,2024-05-03,9349
5531,鄉林,65,50,15,華南永昌-板橋,2024-05-03,9349
00941,中信上游半導體,14,0,14,華南永昌-板橋,2024-05-03,9349
2634,漢翔,15,1,14,華南永昌-板橋,2024-05-03,9349
2201,裕隆,16,3,13,華南永昌-板橋,2024-05-03,9349
3059,華晶科,12,0,12,華南永昌-板橋,2024-05-03,9349
8064,東捷,16,5,11,華南永昌-板橋,2024-05-03,9349
2465,麗臺,11,0,11,華南永昌-板橋,2024-05-03,9349
00930,永豐ESG低碳高息,11,1,10,華南永昌-板橋,2024-05-03,9349
2548,華固,10,0,10,華南永昌-板橋,2024-05-03,9349
1805,寶徠,10,0,10,華南永昌-板橋,2024-05-03,9349
2417,圓剛,10,0,10,華南永昌-板橋,2024-05-03,9349
6190,萬泰科,10,0,10,華南永昌-板橋,2024-05-03,9349
2542,興富發,12,2,10,華南永昌-板橋,2024-05-03,9349
4303,信立,172,10,162,華南永昌-板橋,2024-05-06,9349
00929,復華台灣科技優息,121,12,109,華南永昌-板橋,2024-05-06,9349
8054,安國,89,4,85,華南永昌-板橋,2024-05-06,9349
5512,力麒,82,4,78,華南永昌-板橋,2024-05-06,9349
2409,友達,65,4,61,華南永昌-板橋,2024-05-06,9349
00940,元大台灣價值高息,65,13,52,華南永昌-板橋,2024-05-06,9349
2354,鴻準,71,21,50,華南永昌-板橋,2024-05-06,9349
2008,高興昌,45,1,44,華南永昌-板橋,2024-05-06,9349
5521,工信,45,2,43,華南永昌-板橋,2024-05-06,9349
2887,台新金,54,11,43,華南永昌-板橋,2024-05-06,9349
00937B,群益ESG投等債20,44,2,42,華南永昌-板橋,2024-05-06,9349
1314,中石化,40,8,32,華南永昌-板橋,2024-05-06,9349
00882,中信中國高股息,32,0,32,華南永昌-板橋,2024-05-06,9349
3058,立德,30,0,30,華南永昌-板橋,2024-05-06,9349
5522,遠雄,60,32,28,華南永昌-板橋,2024-05-06,9349
6173,信昌電,26,1,25,華南永昌-板橋,2024-05-06,9349
6770,力積電,26,3,23,華南永昌-板橋,2024-05-06,9349
2331,精英,22,0,22,華南永昌-板橋,2024-05-06,9349
4746,台耀,21,0,21,華南永昌-板橋,2024-05-06,9349
00945B,凱基美國非投等債,20,0,20,華南永昌-板橋,2024-05-06,9349
2506,太設,20,0,20,華南永昌-板橋,2024-05-06,9349
9904,寶成,20,0,20,華南永昌-板橋,2024-05-06,9349
3312,弘憶股,32,14,18,華南永昌-板橋,2024-05-06,9349
3287,廣寰科,20,3,17,華南永昌-板橋,2024-05-06,9349
5230,雷笛克光學,52,36,16,華南永昌-板橋,2024-05-06,9349
6015,宏遠證,16,0,16,華南永昌-板橋,2024-05-06,9349
9933,中鼎,15,0,15,華南永昌-板橋,2024-05-06,9349
1440,南紡,16,2,14,華南永昌-板橋,2024-05-06,9349
2618,長榮航,120,106,14,華南永昌-板橋,2024-05-06,9349
2609,陽明,17,4,13,華南永昌-板橋,2024-05-06,9349
6215,和椿,13,0,13,華南永昌-板橋,2024-05-06,9349
2206,三陽工業,12,0,12,華南永昌-板橋,2024-05-06,9349
3706,神達,12,0,12,華南永昌-板橋,2024-05-06,9349
2543,皇昌,17,5,12,華南永昌-板橋,2024-05-06,9349
2352,佳世達,11,0,11,華南永昌-板橋,2024-05-06,9349
2376,技嘉,12,1,11,華南永昌-板橋,2024-05-06,9349
5531,鄉林,21,10,11,華南永昌-板橋,2024-05-06,9349
6180,橘子,11,0,11,華南永昌-板橋,2024-05-06,9349
2449,京元電子,27,17,10,華南永昌-板橋,2024-05-06,9349
00690,兆豐藍籌30,10,0,10,華南永昌-板橋,2024-05-06,9349
1301,台塑,10,0,10,華南永昌-板橋,2024-05-06,9349
00891,中信關鍵半導體,9,0,9,華南永昌-板橋,2024-05-06,9349
2323,中環,10,1,9,華南永昌-板橋,2024-05-06,9349
6177,達麗,16,7,9,華南永昌-板橋,2024-05-06,9349
00679B,元大美債20年,8,0,8,華南永昌-板橋,2024-05-06,9349
5490,同亨,8,0,8,華南永昌-板橋,2024-05-06,9349
6830,汎銓,9,1,8,華南永昌-板橋,2024-05-06,9349
2542,興富發,9,2,7,華南永昌-板橋,2024-05-06,9349
3163,波若威,10,3,7,華南永昌-板橋,2024-05-06,9349
3264,欣銓,7,0,7,華南永昌-板橋,2024-05-06,9349
2509,全坤建,434,0,434,華南永昌-板橋,2024-05-07,9349
2883,凱基金,390,1,389,華南永昌-板橋,2024-05-07,9349
2892,第一金,200,8,192,華南永昌-板橋,2024-05-07,9349
00878,國泰永續高股息,83,11,72,華南永昌-板橋,2024-05-07,9349
3466,德晉,245,175,70,華南永昌-板橋,2024-05-07,9349
3481,群創,65,1,64,華南永昌-板橋,2024-05-07,9349
00706L,期元大S＆P日圓正2,61,0,61,華南永昌-板橋,2024-05-07,9349
6177,達麗,117,61,56,華南永昌-板橋,2024-05-07,9349
2363,矽統,88,37,51,華南永昌-板橋,2024-05-07,9349
00891,中信關鍵半導體,41,0,41,華南永昌-板橋,2024-05-07,9349
00929,復華台灣科技優息,65,27,38,華南永昌-板橋,2024-05-07,9349
5512,力麒,44,9,35,華南永昌-板橋,2024-05-07,9349
00715L,期街口布蘭特正2,30,0,30,華南永昌-板橋,2024-05-07,9349
2317,鴻海,55,26,29,華南永昌-板橋,2024-05-07,9349
3013,晟銘電,69,41,28,華南永昌-板橋,2024-05-07,9349
00937B,群益ESG投等債20,28,0,28,華南永昌-板橋,2024-05-07,9349
2455,全新,25,0,25,華南永昌-板橋,2024-05-07,9349
2312,金寶,21,0,21,華南永昌-板橋,2024-05-07,9349
1440,南紡,31,11,20,華南永昌-板橋,2024-05-07,9349
1591,駿吉-KY,50,30,20,華南永昌-板橋,2024-05-07,9349
2530,華建,20,0,20,華南永昌-板橋,2024-05-07,9349
5439,高技,21,1,20,華南永昌-板橋,2024-05-07,9349
8088,品安,20,1,19,華南永昌-板橋,2024-05-07,9349
00679B,元大美債20年,21,3,18,華南永昌-板橋,2024-05-07,9349
5531,鄉林,22,5,17,華南永昌-板橋,2024-05-07,9349
3033,威健,20,6,14,華南永昌-板橋,2024-05-07,9349
3363,上詮,23,9,14,華南永昌-板橋,2024-05-07,9349
8054,安國,24,11,13,華南永昌-板橋,2024-05-07,9349
1312,國喬,13,0,13,華南永昌-板橋,2024-05-07,9349
1616,億泰,24,11,13,華南永昌-板橋,2024-05-07,9349
2449,京元電子,12,1,11,華南永昌-板橋,2024-05-07,9349
9910,豐泰,11,0,11,華南永昌-板橋,2024-05-07,9349
4127,天良,32,21,11,華南永昌-板橋,2024-05-07,9349
00637L,元大滬深300正2,10,0,10,華南永昌-板橋,2024-05-07,9349
00932,兆豐永續高息等權,10,0,10,華南永昌-板橋,2024-05-07,9349
2399,映泰,11,1,10,華南永昌-板橋,2024-05-07,9349
2417,圓剛,13,3,10,華南永昌-板橋,2024-05-07,9349
2478,大毅,10,0,10,華南永昌-板橋,2024-05-07,9349
2506,太設,10,0,10,華南永昌-板橋,2024-05-07,9349
6005,群益證,14,4,10,華南永昌-板橋,2024-05-07,9349
1605,華新,12,3,9,華南永昌-板橋,2024-05-07,9349
2536,宏普,10,1,9,華南永昌-板橋,2024-05-07,9349
3583,辛耘,22,13,9,華南永昌-板橋,2024-05-07,9349
6282,康舒,9,1,8,華南永昌-板橋,2024-05-07,9349
1532,勤美,18,10,8,華南永昌-板橋,2024-05-07,9349
2344,華邦電,8,0,8,華南永昌-板橋,2024-05-07,9349
3617,碩天,10,2,8,華南永昌-板橋,2024-05-07,9349
1611,中電,9,2,7,華南永昌-板橋,2024-05-07,9349
2301,光寶科,7,0,7,華南永昌-板橋,2024-05-07,9349
2328,廣宇,11,4,7,華南永昌-板橋,2024-05-07,9349
2354,鴻準,103,2,101,華南永昌-板橋,2024-05-08,9349
5230,雷笛克光學,78,22,56,華南永昌-板橋,2024-05-08,9349
2363,矽統,358,304,54,華南永昌-板橋,2024-05-08,9349
2618,長榮航,113,60,53,華南永昌-板橋,2024-05-08,9349
4532,瑞智,57,5,52,華南永昌-板橋,2024-05-08,9349
8299,群聯,48,2,46,華南永昌-板橋,2024-05-08,9349
2108,南帝,40,0,40,華南永昌-板橋,2024-05-08,9349
2367,燿華,120,85,35,華南永昌-板橋,2024-05-08,9349
2603,長榮,66,37,29,華南永昌-板橋,2024-05-08,9349
00937B,群益ESG投等債20,27,0,27,華南永昌-板橋,2024-05-08,9349
00706L,期元大S＆P日圓正2,27,1,26,華南永昌-板橋,2024-05-08,9349
2884,玉山金,22,1,21,華南永昌-板橋,2024-05-08,9349
5608,四維航,43,23,20,華南永昌-板橋,2024-05-08,9349
2520,冠德,20,1,19,華南永昌-板橋,2024-05-08,9349
1609,大亞,309,290,19,華南永昌-板橋,2024-05-08,9349
00919,群益台灣精選高息,19,2,17,華南永昌-板橋,2024-05-08,9349
6695,芯鼎,15,0,15,華南永昌-板橋,2024-05-08,9349
2206,三陽工業,15,1,14,華南永昌-板橋,2024-05-08,9349
2609,陽明,64,50,14,華南永昌-板橋,2024-05-08,9349
4157,太景*-KY,14,0,14,華南永昌-板橋,2024-05-08,9349
00932,兆豐永續高息等權,13,0,13,華南永昌-板橋,2024-05-08,9349
00940,元大台灣價值高息,14,2,12,華南永昌-板橋,2024-05-08,9349
1817,凱撒衛,12,0,12,華南永昌-板橋,2024-05-08,9349
2374,佳能,24,12,12,華南永昌-板橋,2024-05-08,9349
2605,新興,23,11,12,華南永昌-板橋,2024-05-08,9349
4967,十銓,49,37,12,華南永昌-板橋,2024-05-08,9349
00918,大華優利高填息30,11,0,11,華南永昌-板橋,2024-05-08,9349
1308,亞聚,11,0,11,華南永昌-板橋,2024-05-08,9349
5512,力麒,11,0,11,華南永昌-板橋,2024-05-08,9349
1326,台化,10,0,10,華南永昌-板橋,2024-05-08,9349
00713,元大台灣高息低波,10,0,10,華南永昌-板橋,2024-05-08,9349
00795B,中信美國公債20年,10,0,10,華南永昌-板橋,2024-05-08,9349
1532,勤美,10,0,10,華南永昌-板橋,2024-05-08,9349
2409,友達,13,3,10,華南永昌-板橋,2024-05-08,9349
2606,裕民,49,39,10,華南永昌-板橋,2024-05-08,9349
2701,萬企,10,0,10,華南永昌-板橋,2024-05-08,9349
3036,文曄,10,0,10,華南永昌-板橋,2024-05-08,9349
4768,晶呈科技,160,150,10,華南永昌-板橋,2024-05-08,9349
5521,工信,10,0,10,華南永昌-板橋,2024-05-08,9349
5871,中租-KY,10,0,10,華南永昌-板橋,2024-05-08,9349
6282,康舒,11,2,9,華南永昌-板橋,2024-05-08,9349
2329,華泰,10,1,9,華南永昌-板橋,2024-05-08,9349
3287,廣寰科,9,0,9,華南永昌-板橋,2024-05-08,9349
6111,大宇資,9,0,9,華南永昌-板橋,2024-05-08,9349
1504,東元,11,2,9,華南永昌-板橋,2024-05-08,9349
1618,合機,11,3,8,華南永昌-板橋,2024-05-08,9349
2634,漢翔,14,6,8,華南永昌-板橋,2024-05-08,9349
2106,建大,8,0,8,華南永昌-板橋,2024-05-08,9349
4542,科嶠,10,2,8,華南永昌-板橋,2024-05-08,9349
00632R,元大台灣50反1,7,0,7,華南永昌-板橋,2024-05-08,9349
00632R,元大台灣50反1,444,5,439,華南永昌-板橋,2024-05-09,9349
2618,長榮航,195,76,119,華南永昌-板橋,2024-05-09,9349
2323,中環,146,35,111,華南永昌-板橋,2024-05-09,9349
2501,國建,201,90,111,華南永昌-板橋,2024-05-09,9349
1609,大亞,123,17,106,華南永昌-板橋,2024-05-09,9349
4157,太景*-KY,100,0,100,華南永昌-板橋,2024-05-09,9349
2478,大毅,60,0,60,華南永昌-板橋,2024-05-09,9349
2363,矽統,104,54,50,華南永昌-板橋,2024-05-09,9349
2371,大同,58,15,43,華南永昌-板橋,2024-05-09,9349
8096,擎亞,61,18,43,華南永昌-板橋,2024-05-09,9349
00687B,國泰20年美債,32,0,32,華南永昌-板橋,2024-05-09,9349
00932,兆豐永續高息等權,31,0,31,華南永昌-板橋,2024-05-09,9349
00715L,期街口布蘭特正2,30,0,30,華南永昌-板橋,2024-05-09,9349
2867,三商壽,30,0,30,華南永昌-板橋,2024-05-09,9349
3230,錦明,30,0,30,華南永昌-板橋,2024-05-09,9349
00919,群益台灣精選高息,44,15,29,華南永昌-板橋,2024-05-09,9349
2408,南亞科,28,0,28,華南永昌-板橋,2024-05-09,9349
00937B,群益ESG投等債20,28,0,28,華南永昌-板橋,2024-05-09,9349
3036,文曄,27,0,27,華南永昌-板橋,2024-05-09,9349
2476,鉅祥,46,20,26,華南永昌-板橋,2024-05-09,9349
3312,弘憶股,30,5,25,華南永昌-板橋,2024-05-09,9349
8054,安國,26,2,24,華南永昌-板橋,2024-05-09,9349
9945,潤泰新,25,3,22,華南永昌-板橋,2024-05-09,9349
3013,晟銘電,110,89,21,華南永昌-板橋,2024-05-09,9349
8112,至上,26,5,21,華南永昌-板橋,2024-05-09,9349
1313,聯成,20,0,20,華南永昌-板橋,2024-05-09,9349
2888,新光金,30,10,20,華南永昌-板橋,2024-05-09,9349
6197,佳必琪,24,4,20,華南永昌-板橋,2024-05-09,9349
00878,國泰永續高股息,40,20,20,華南永昌-板橋,2024-05-09,9349
3231,緯創,25,6,19,華南永昌-板橋,2024-05-09,9349
6139,亞翔,32,13,19,華南永昌-板橋,2024-05-09,9349
2520,冠德,24,6,18,華南永昌-板橋,2024-05-09,9349
2603,長榮,17,1,16,華南永昌-板橋,2024-05-09,9349
00706L,期元大S＆P日圓正2,15,0,15,華南永昌-板橋,2024-05-09,9349
2344,華邦電,17,2,15,華南永昌-板橋,2024-05-09,9349
8027,鈦昇,15,0,15,華南永昌-板橋,2024-05-09,9349
4967,十銓,20,6,14,華南永昌-板橋,2024-05-09,9349
00929,復華台灣科技優息,13,0,13,華南永昌-板橋,2024-05-09,9349
1217,愛之味,13,0,13,華南永昌-板橋,2024-05-09,9349
1409,新纖,13,0,13,華南永昌-板橋,2024-05-09,9349
4533,協易機,16,3,13,華南永昌-板橋,2024-05-09,9349
6176,瑞儀,13,0,13,華南永昌-板橋,2024-05-09,9349
2329,華泰,15,3,12,華南永昌-板橋,2024-05-09,9349
00944,野村趨勢動能高息,52,41,11,華南永昌-板橋,2024-05-09,9349
2355,敬鵬,11,0,11,華南永昌-板橋,2024-05-09,9349
2605,新興,16,5,11,華南永昌-板橋,2024-05-09,9349
00915,凱基優選高股息30,10,0,10,華南永昌-板橋,2024-05-09,9349
2880,華南金,10,0,10,華南永昌-板橋,2024-05-09,9349
1310,台苯,10,0,10,華南永昌-板橋,2024-05-09,9349
1709,和益,10,0,10,華南永昌-板橋,2024-05-09,9349
00929,復華台灣科技優息,131,3,128,華南永昌-板橋,2024-05-10,9349
00632R,元大台灣50反1,111,0,111,華南永昌-板橋,2024-05-10,9349
4909,新復興,115,11,104,華南永昌-板橋,2024-05-10,9349
1303,南亞,102,0,102,華南永昌-板橋,2024-05-10,9349
1301,台塑,100,0,100,華南永昌-板橋,2024-05-10,9349
1326,台化,100,0,100,華南永昌-板橋,2024-05-10,9349
5251,天鉞電,94,1,93,華南永昌-板橋,2024-05-10,9349
1314,中石化,100,11,89,華南永昌-板橋,2024-05-10,9349
6125,廣運,94,23,71,華南永昌-板橋,2024-05-10,9349
00944,野村趨勢動能高息,62,0,62,華南永昌-板橋,2024-05-10,9349
5258,虹堡,60,0,60,華南永昌-板橋,2024-05-10,9349
6770,力積電,61,6,55,華南永昌-板橋,2024-05-10,9349
8150,南茂,72,20,52,華南永昌-板橋,2024-05-10,9349
1591,駿吉-KY,50,0,50,華南永昌-板橋,2024-05-10,9349
4114,健喬,50,0,50,華南永昌-板橋,2024-05-10,9349
6207,雷科,50,2,48,華南永昌-板橋,2024-05-10,9349
2371,大同,94,46,48,華南永昌-板橋,2024-05-10,9349
3260,威剛,72,30,42,華南永昌-板橋,2024-05-10,9349
00937B,群益ESG投等債20,40,1,39,華南永昌-板橋,2024-05-10,9349
5483,中美晶,32,0,32,華南永昌-板橋,2024-05-10,9349
2317,鴻海,47,18,29,華南永昌-板橋,2024-05-10,9349
2834,臺企銀,25,0,25,華南永昌-板橋,2024-05-10,9349
3706,神達,27,2,25,華南永昌-板橋,2024-05-10,9349
5521,工信,20,0,20,華南永昌-板橋,2024-05-10,9349
3481,群創,24,4,20,華南永昌-板橋,2024-05-10,9349
2881,富邦金,34,17,17,華南永昌-板橋,2024-05-10,9349
2359,所羅門,34,18,16,華南永昌-板橋,2024-05-10,9349
6235,華孚,21,5,16,華南永昌-板橋,2024-05-10,9349
3711,日月光投控,20,4,16,華南永昌-板橋,2024-05-10,9349
00637L,元大滬深300正2,20,5,15,華南永昌-板橋,2024-05-10,9349
8936,國統,15,2,13,華南永昌-板橋,2024-05-10,9349
00946,群益科技高息成長,12,0,12,華南永昌-板橋,2024-05-10,9349
2313,華通,17,5,12,華南永昌-板橋,2024-05-10,9349
3287,廣寰科,17,5,12,華南永昌-板橋,2024-05-10,9349
9105,泰金寶-DR,25,13,12,華南永昌-板橋,2024-05-10,9349
00919,群益台灣精選高息,13,1,12,華南永昌-板橋,2024-05-10,9349
2465,麗臺,11,0,11,華南永昌-板橋,2024-05-10,9349
00877,復華中國5G,11,0,11,華南永昌-板橋,2024-05-10,9349
2014,中鴻,11,0,11,華南永昌-板橋,2024-05-10,9349
00753L,中信中國50正2,10,0,10,華南永昌-板橋,2024-05-10,9349
1615,大山,10,0,10,華南永昌-板橋,2024-05-10,9349
2206,三陽工業,10,0,10,華南永昌-板橋,2024-05-10,9349
2516,新建,10,0,10,華南永昌-板橋,2024-05-10,9349
3444,利機,35,25,10,華南永昌-板橋,2024-05-10,9349
5488,松普,10,0,10,華南永昌-板橋,2024-05-10,9349
6190,萬泰科,10,0,10,華南永昌-板橋,2024-05-10,9349
1310,台苯,10,1,9,華南永昌-板橋,2024-05-10,9349
2101,南港,13,4,9,華南永昌-板橋,2024-05-10,9349
1612,宏泰,10,2,8,華南永昌-板橋,2024-05-10,9349
1708,東鹼,8,0,8,華南永昌-板橋,2024-05-10,9349
00632R,元大台灣50反1,555,0,555,華南永昌-板橋,2024-05-13,9349
2371,大同,298,64,234,華南永昌-板橋,2024-05-13,9349
2883,凱基金,180,14,166,華南永昌-板橋,2024-05-13,9349
2489,瑞軒,133,4,129,華南永昌-板橋,2024-05-13,9349
1522,堤維西,171,68,103,華南永昌-板橋,2024-05-13,9349
00940,元大台灣價值高息,95,15,80,華南永昌-板橋,2024-05-13,9349
8085,福華,62,2,60,華南永昌-板橋,2024-05-13,9349
2867,三商壽,56,0,56,華南永昌-板橋,2024-05-13,9349
2618,長榮航,145,90,55,華南永昌-板橋,2024-05-13,9349
00919,群益台灣精選高息,53,0,53,華南永昌-板橋,2024-05-13,9349
00939,統一台灣高息動能,60,17,43,華南永昌-板橋,2024-05-13,9349
00929,復華台灣科技優息,54,11,43,華南永昌-板橋,2024-05-13,9349
1605,華新,35,0,35,華南永昌-板橋,2024-05-13,9349
3013,晟銘電,33,1,32,華南永昌-板橋,2024-05-13,9349
00937B,群益ESG投等債20,83,51,32,華南永昌-板橋,2024-05-13,9349
4532,瑞智,31,0,31,華南永昌-板橋,2024-05-13,9349
2354,鴻準,31,1,30,華南永昌-板橋,2024-05-13,9349
1591,駿吉-KY,30,0,30,華南永昌-板橋,2024-05-13,9349
3231,緯創,27,2,25,華南永昌-板橋,2024-05-13,9349
3033,威健,22,0,22,華南永昌-板橋,2024-05-13,9349
9958,世紀鋼,45,23,22,華南永昌-板橋,2024-05-13,9349
2031,新光鋼,21,0,21,華南永昌-板橋,2024-05-13,9349
3711,日月光投控,21,0,21,華南永昌-板橋,2024-05-13,9349
1309,台達化,20,0,20,華南永昌-板橋,2024-05-13,9349
5521,工信,20,0,20,華南永昌-板橋,2024-05-13,9349
4768,晶呈科技,51,33,18,華南永昌-板橋,2024-05-13,9349
2891,中信金,19,2,17,華南永昌-板橋,2024-05-13,9349
00708L,期元大S＆P黃金正2,17,0,17,華南永昌-板橋,2024-05-13,9349
2609,陽明,133,117,16,華南永昌-板橋,2024-05-13,9349
00637L,元大滬深300正2,15,0,15,華南永昌-板橋,2024-05-13,9349
2889,國票金,15,0,15,華南永昌-板橋,2024-05-13,9349
5210,寶碩,15,0,15,華南永昌-板橋,2024-05-13,9349
1514,亞力,14,1,13,華南永昌-板橋,2024-05-13,9349
2101,南港,11,0,11,華南永昌-板橋,2024-05-13,9349
2613,中櫃,12,1,11,華南永昌-板橋,2024-05-13,9349
2615,萬海,50,39,11,華南永昌-板橋,2024-05-13,9349
6213,聯茂,10,0,10,華南永昌-板橋,2024-05-13,9349
00772B,中信高評級公司債,10,0,10,華南永昌-板橋,2024-05-13,9349
1909,榮成,10,0,10,華南永昌-板橋,2024-05-13,9349
2206,三陽工業,21,11,10,華南永昌-板橋,2024-05-13,9349
2636,台驊控股,23,13,10,華南永昌-板橋,2024-05-13,9349
6143,振曜,10,0,10,華南永昌-板橋,2024-05-13,9349
8210,勤誠,35,26,9,華南永昌-板橋,2024-05-13,9349
2855,統一證,11,3,8,華南永昌-板橋,2024-05-13,9349
2486,一詮,22,14,8,華南永昌-板橋,2024-05-13,9349
00753L,中信中國50正2,8,0,8,華南永昌-板橋,2024-05-13,9349
3376,新日興,12,4,8,華南永昌-板橋,2024-05-13,9349
3706,神達,12,4,8,華南永昌-板橋,2024-05-13,9349
5227,立凱-KY,8,0,8,華南永昌-板橋,2024-05-13,9349
3047,訊舟,10,3,7,華南永昌-板橋,2024-05-13,9349
00937B,群益ESG投等債20,233,0,233,華南永昌-板橋,2024-05-14,9349
00632R,元大台灣50反1,225,0,225,華南永昌-板橋,2024-05-14,9349
3543,州巧,44,0,44,華南永昌-板橋,2024-05-14,9349
2891,中信金,42,0,42,華南永昌-板橋,2024-05-14,9349
2834,臺企銀,37,0,37,華南永昌-板橋,2024-05-14,9349
1440,南紡,35,0,35,華南永昌-板橋,2024-05-14,9349
2897,王道銀行,31,0,31,華南永昌-板橋,2024-05-14,9349
1909,榮成,30,0,30,華南永昌-板橋,2024-05-14,9349
3005,神基,28,0,28,華南永昌-板橋,2024-05-14,9349
3047,訊舟,40,12,28,華南永昌-板橋,2024-05-14,9349
8085,福華,28,0,28,華南永昌-板橋,2024-05-14,9349
00933B,國泰10Y+金融債,26,0,26,華南永昌-板橋,2024-05-14,9349
2482,連宇,29,3,26,華南永昌-板橋,2024-05-14,9349
1229,聯華,25,0,25,華南永昌-板橋,2024-05-14,9349
1616,億泰,25,1,24,華南永昌-板橋,2024-05-14,9349
2374,佳能,40,16,24,華南永昌-板橋,2024-05-14,9349
5392,能率,48,24,24,華南永昌-板橋,2024-05-14,9349
00706L,期元大S＆P日圓正2,23,0,23,華南永昌-板橋,2024-05-14,9349
2618,長榮航,39,16,23,華南永昌-板橋,2024-05-14,9349
6197,佳必琪,23,1,22,華南永昌-板橋,2024-05-14,9349
2845,遠東銀,21,0,21,華南永昌-板橋,2024-05-14,9349
1110,東泥,20,0,20,華南永昌-板橋,2024-05-14,9349
6120,達運,15,0,15,華南永昌-板橋,2024-05-14,9349
3260,威剛,29,15,14,華南永昌-板橋,2024-05-14,9349
1524,耿鼎,13,0,13,華南永昌-板橋,2024-05-14,9349
2352,佳世達,14,2,12,華南永昌-板橋,2024-05-14,9349
3363,上詮,51,39,12,華南永昌-板橋,2024-05-14,9349
6215,和椿,37,25,12,華南永昌-板橋,2024-05-14,9349
3034,聯詠,11,0,11,華南永昌-板橋,2024-05-14,9349
2641,正德,13,2,11,華南永昌-板橋,2024-05-14,9349
2884,玉山金,11,0,11,華南永昌-板橋,2024-05-14,9349
3707,漢磊,11,0,11,華南永昌-板橋,2024-05-14,9349
4915,致伸,11,0,11,華南永昌-板橋,2024-05-14,9349
8054,安國,19,8,11,華南永昌-板橋,2024-05-14,9349
00878,國泰永續高股息,13,2,11,華南永昌-板橋,2024-05-14,9349
00932,兆豐永續高息等權,11,1,10,華南永昌-板橋,2024-05-14,9349
2316,楠梓電,10,0,10,華南永昌-板橋,2024-05-14,9349
2444,兆勁,10,0,10,華南永昌-板橋,2024-05-14,9349
3276,宇環,10,0,10,華南永昌-板橋,2024-05-14,9349
3466,德晉,10,0,10,華南永昌-板橋,2024-05-14,9349
5531,鄉林,10,0,10,華南永昌-板橋,2024-05-14,9349
6126,信音,10,0,10,華南永昌-板橋,2024-05-14,9349
6208,日揚,10,0,10,華南永昌-板橋,2024-05-14,9349
8092,建暐,10,0,10,華南永昌-板橋,2024-05-14,9349
9105,泰金寶-DR,10,0,10,華南永昌-板橋,2024-05-14,9349
8299,群聯,46,36,10,華南永昌-板橋,2024-05-14,9349
3481,群創,27,17,10,華南永昌-板橋,2024-05-14,9349
00877,復華中國5G,9,0,9,華南永昌-板橋,2024-05-14,9349
3520,華盈,19,10,9,華南永昌-板橋,2024-05-14,9349
6770,力積電,10,1,9,華南永昌-板橋,2024-05-14,9349
00632R,元大台灣50反1,414,0,414,華南永昌-板橋,2024-05-15,9349
00937B,群益ESG投等債20,224,51,173,華南永昌-板橋,2024-05-15,9349
2603,長榮,137,33,104,華南永昌-板橋,2024-05-15,9349
2356,英業達,97,14,83,華南永昌-板橋,2024-05-15,9349
00919,群益台灣精選高息,86,4,82,華南永昌-板橋,2024-05-15,9349
2406,國碩,60,1,59,華南永昌-板橋,2024-05-15,9349
2371,大同,109,55,54,華南永昌-板橋,2024-05-15,9349
3163,波若威,40,6,34,華南永昌-板橋,2024-05-15,9349
6443,元晶,35,2,33,華南永昌-板橋,2024-05-15,9349
2363,矽統,108,76,32,華南永昌-板橋,2024-05-15,9349
00946,群益科技高息成長,31,0,31,華南永昌-板橋,2024-05-15,9349
3033,威健,30,1,29,華南永昌-板橋,2024-05-15,9349
4967,十銓,31,5,26,華南永昌-板橋,2024-05-15,9349
1301,台塑,25,0,25,華南永昌-板橋,2024-05-15,9349
2374,佳能,41,16,25,華南永昌-板橋,2024-05-15,9349
6290,良維,22,0,22,華南永昌-板橋,2024-05-15,9349
2357,華碩,23,1,22,華南永昌-板橋,2024-05-15,9349
6770,力積電,24,2,22,華南永昌-板橋,2024-05-15,9349
2613,中櫃,21,0,21,華南永昌-板橋,2024-05-15,9349
4526,東台,20,0,20,華南永昌-板橋,2024-05-15,9349
5531,鄉林,20,0,20,華南永昌-板橋,2024-05-15,9349
00878,國泰永續高股息,80,61,19,華南永昌-板橋,2024-05-15,9349
2486,一詮,31,12,19,華南永昌-板橋,2024-05-15,9349
6446,藥華藥,26,7,19,華南永昌-板橋,2024-05-15,9349
00915,凱基優選高股息30,27,8,19,華南永昌-板橋,2024-05-15,9349
6274,台燿,53,35,18,華南永昌-板橋,2024-05-15,9349
2915,潤泰全,23,6,17,華南永昌-板橋,2024-05-15,9349
00929,復華台灣科技優息,21,5,16,華南永昌-板橋,2024-05-15,9349
1110,東泥,15,0,15,華南永昌-板橋,2024-05-15,9349
3543,州巧,15,0,15,華南永昌-板橋,2024-05-15,9349
6753,龍德造船,17,3,14,華南永昌-板橋,2024-05-15,9349
00679B,元大美債20年,13,0,13,華南永昌-板橋,2024-05-15,9349
2009,第一銅,31,18,13,華南永昌-板橋,2024-05-15,9349
2423,固緯,13,0,13,華南永昌-板橋,2024-05-15,9349
00940,元大台灣價值高息,13,1,12,華南永昌-板橋,2024-05-15,9349
2337,旺宏,14,2,12,華南永昌-板橋,2024-05-15,9349
00877,復華中國5G,11,0,11,華南永昌-板橋,2024-05-15,9349
4542,科嶠,12,1,11,華南永昌-板橋,2024-05-15,9349
1314,中石化,10,0,10,華南永昌-板橋,2024-05-15,9349
1459,聯發,10,0,10,華南永昌-板橋,2024-05-15,9349
1605,華新,10,0,10,華南永昌-板橋,2024-05-15,9349
2444,兆勁,10,0,10,華南永昌-板橋,2024-05-15,9349
2534,宏盛,10,0,10,華南永昌-板橋,2024-05-15,9349
3356,奇偶,10,0,10,華南永昌-板橋,2024-05-15,9349
4562,穎漢,10,0,10,華南永昌-板橋,2024-05-15,9349
6016,康和證,10,0,10,華南永昌-板橋,2024-05-15,9349
6239,力成,10,0,10,華南永昌-板橋,2024-05-15,9349
2615,萬海,29,19,10,華南永昌-板橋,2024-05-15,9349
2464,盟立,19,10,9,華南永昌-板橋,2024-05-15,9349
6111,大宇資,9,0,9,華南永昌-板橋,2024-05-15,9349
2365,昆盈,301,33,268,華南永昌-板橋,2024-05-16,9349
00632R,元大台灣50反1,202,10,192,華南永昌-板橋,2024-05-16,9349
2883,凱基金,100,14,86,華南永昌-板橋,2024-05-16,9349
2382,廣達,111,25,86,華南永昌-板橋,2024-05-16,9349
2538,基泰,70,0,70,華南永昌-板橋,2024-05-16,9349
9105,泰金寶-DR,55,5,50,華南永昌-板橋,2024-05-16,9349
2834,臺企銀,50,1,49,華南永昌-板橋,2024-05-16,9349
3231,緯創,49,3,46,華南永昌-板橋,2024-05-16,9349
1591,駿吉-KY,74,32,42,華南永昌-板橋,2024-05-16,9349
00679B,元大美債20年,39,0,39,華南永昌-板橋,2024-05-16,9349
2355,敬鵬,57,18,39,華南永昌-板橋,2024-05-16,9349
4114,健喬,35,0,35,華南永昌-板橋,2024-05-16,9349
1616,億泰,35,1,34,華南永昌-板橋,2024-05-16,9349
2329,華泰,44,12,32,華南永昌-板橋,2024-05-16,9349
1609,大亞,35,5,30,華南永昌-板橋,2024-05-16,9349
2613,中櫃,31,1,30,華南永昌-板橋,2024-05-16,9349
2731,雄獅,30,1,29,華南永昌-板橋,2024-05-16,9349
1522,堤維西,34,5,29,華南永昌-板橋,2024-05-16,9349
2514,龍邦,38,9,29,華南永昌-板橋,2024-05-16,9349
3669,圓展,31,3,28,華南永昌-板橋,2024-05-16,9349
3597,映興,25,0,25,華南永昌-板橋,2024-05-16,9349
6194,育富,25,0,25,華南永昌-板橋,2024-05-16,9349
00940,元大台灣價值高息,65,42,23,華南永昌-板橋,2024-05-16,9349
1338,廣華-KY,20,0,20,華南永昌-板橋,2024-05-16,9349
2390,云辰,20,0,20,華南永昌-板橋,2024-05-16,9349
2464,盟立,21,1,20,華南永昌-板橋,2024-05-16,9349
2882,國泰金,19,0,19,華南永昌-板橋,2024-05-16,9349
1608,華榮,33,16,17,華南永昌-板橋,2024-05-16,9349
1617,榮星,20,4,16,華南永昌-板橋,2024-05-16,9349
5392,能率,21,5,16,華南永昌-板橋,2024-05-16,9349
5386,青雲,15,0,15,華南永昌-板橋,2024-05-16,9349
5521,工信,15,0,15,華南永昌-板橋,2024-05-16,9349
2363,矽統,158,144,14,華南永昌-板橋,2024-05-16,9349
3617,碩天,12,0,12,華南永昌-板橋,2024-05-16,9349
9904,寶成,12,0,12,華南永昌-板橋,2024-05-16,9349
6412,群電,11,0,11,華南永昌-板橋,2024-05-16,9349
6414,樺漢,11,0,11,華南永昌-板橋,2024-05-16,9349
1460,宏遠,10,0,10,華南永昌-板橋,2024-05-16,9349
2897,王道銀行,10,0,10,華南永昌-板橋,2024-05-16,9349
3260,威剛,29,19,10,華南永昌-板橋,2024-05-16,9349
3287,廣寰科,10,0,10,華南永昌-板橋,2024-05-16,9349
3305,昇貿,10,0,10,華南永昌-板橋,2024-05-16,9349
5469,瀚宇博,10,0,10,華南永昌-板橋,2024-05-16,9349
5701,劍湖山,10,0,10,華南永昌-板橋,2024-05-16,9349
1618,合機,13,4,9,華南永昌-板橋,2024-05-16,9349
6111,大宇資,9,0,9,華南永昌-板橋,2024-05-16,9349
6257,矽格,26,17,9,華南永昌-板橋,2024-05-16,9349
6024,群益期,12,3,9,華南永昌-板橋,2024-05-16,9349
2880,華南金,21,12,9,華南永昌-板橋,2024-05-16,9349
00932,兆豐永續高息等權,8,0,8,華南永昌-板橋,2024-05-16,9349
2883,凱基金,221,9,212,華南永昌-板橋,2024-05-17,9349
2362,藍天,364,160,204,華南永昌-板橋,2024-05-17,9349
2610,華航,292,191,101,華南永昌-板橋,2024-05-17,9349
2331,精英,88,2,86,華南永昌-板橋,2024-05-17,9349
00929,復華台灣科技優息,64,0,64,華南永昌-板橋,2024-05-17,9349
00878,國泰永續高股息,57,12,45,華南永昌-板橋,2024-05-17,9349
6215,和椿,50,9,41,華南永昌-板橋,2024-05-17,9349
5230,雷笛克光學,40,0,40,華南永昌-板橋,2024-05-17,9349
2417,圓剛,42,3,39,華南永昌-板橋,2024-05-17,9349
3363,上詮,41,4,37,華南永昌-板橋,2024-05-17,9349
2882,國泰金,37,1,36,華南永昌-板橋,2024-05-17,9349
00632R,元大台灣50反1,33,0,33,華南永昌-板橋,2024-05-17,9349
00679B,元大美債20年,31,0,31,華南永昌-板橋,2024-05-17,9349
2382,廣達,45,14,31,華南永昌-板橋,2024-05-17,9349
00946,群益科技高息成長,30,0,30,華南永昌-板橋,2024-05-17,9349
1110,東泥,30,0,30,華南永昌-板橋,2024-05-17,9349
2241,艾姆勒,34,5,29,華南永昌-板橋,2024-05-17,9349
2367,燿華,291,262,29,華南永昌-板橋,2024-05-17,9349
3060,銘異,28,4,24,華南永昌-板橋,2024-05-17,9349
4952,凌通,26,3,23,華南永昌-板橋,2024-05-17,9349
2609,陽明,36,15,21,華南永昌-板橋,2024-05-17,9349
2537,聯上發,23,2,21,華南永昌-板橋,2024-05-17,9349
1402,遠東新,20,0,20,華南永昌-板橋,2024-05-17,9349
2313,華通,20,0,20,華南永昌-板橋,2024-05-17,9349
2489,瑞軒,45,25,20,華南永昌-板橋,2024-05-17,9349
8440,綠電,20,0,20,華南永昌-板橋,2024-05-17,9349
3444,利機,21,2,19,華南永昌-板橋,2024-05-17,9349
2630,亞航,21,3,18,華南永昌-板橋,2024-05-17,9349
00919,群益台灣精選高息,17,1,16,華南永昌-板橋,2024-05-17,9349
00706L,期元大S＆P日圓正2,16,0,16,華南永昌-板橋,2024-05-17,9349
2603,長榮,33,17,16,華南永昌-板橋,2024-05-17,9349
2408,南亞科,15,0,15,華南永昌-板橋,2024-05-17,9349
2605,新興,15,0,15,華南永昌-板橋,2024-05-17,9349
2915,潤泰全,22,7,15,華南永昌-板橋,2024-05-17,9349
3466,德晉,15,0,15,華南永昌-板橋,2024-05-17,9349
00665L,富邦�琤肭磪囓�2,14,0,14,華南永昌-板橋,2024-05-17,9349
2374,佳能,38,24,14,華南永昌-板橋,2024-05-17,9349
2317,鴻海,31,17,14,華南永昌-板橋,2024-05-17,9349
00937B,群益ESG投等債20,13,0,13,華南永昌-板橋,2024-05-17,9349
1316,上曜,13,0,13,華南永昌-板橋,2024-05-17,9349
5392,能率,48,35,13,華南永昌-板橋,2024-05-17,9349
2449,京元電子,56,44,12,華南永昌-板橋,2024-05-17,9349
2344,華邦電,14,2,12,華南永昌-板橋,2024-05-17,9349
2349,錸德,12,0,12,華南永昌-板橋,2024-05-17,9349
6841,長佳智能,12,0,12,華南永昌-板橋,2024-05-17,9349
8068,全達,12,0,12,華南永昌-板橋,2024-05-17,9349
2887,台新金,12,0,12,華南永昌-板橋,2024-05-17,9349
1605,華新,11,0,11,華南永昌-板橋,2024-05-17,9349
2347,聯強,11,0,11,華南永昌-板橋,2024-05-17,9349
00633L,富邦上証正2,10,0,10,華南永昌-板橋,2024-05-17,9349
2362,藍天,377,159,218,華南永昌-板橋,2024-05-20,9349
00632R,元大台灣50反1,121,0,121,華南永昌-板橋,2024-05-20,9349
2618,長榮航,98,30,68,華南永昌-板橋,2024-05-20,9349
2610,華航,101,40,61,華南永昌-板橋,2024-05-20,9349
2867,三商壽,134,81,53,華南永昌-板橋,2024-05-20,9349
00679B,元大美債20年,36,0,36,華南永昌-板橋,2024-05-20,9349
2409,友達,36,0,36,華南永昌-板橋,2024-05-20,9349
6189,豐藝,35,0,35,華南永昌-板橋,2024-05-20,9349
00900,富邦特選高股息30,35,0,35,華南永昌-板橋,2024-05-20,9349
6026,福邦證,30,0,30,華南永昌-板橋,2024-05-20,9349
00878,國泰永續高股息,51,22,29,華南永昌-板橋,2024-05-20,9349
4533,協易機,48,20,28,華南永昌-板橋,2024-05-20,9349
9105,泰金寶-DR,40,12,28,華南永昌-板橋,2024-05-20,9349
6148,驊宏資,27,0,27,華南永昌-板橋,2024-05-20,9349
2371,大同,54,28,26,華南永昌-板橋,2024-05-20,9349
6875,國邑*,25,0,25,華南永昌-板橋,2024-05-20,9349
2359,所羅門,68,44,24,華南永昌-板橋,2024-05-20,9349
2367,燿華,183,160,23,華南永昌-板橋,2024-05-20,9349
1440,南紡,22,0,22,華南永昌-板橋,2024-05-20,9349
1609,大亞,37,16,21,華南永昌-板橋,2024-05-20,9349
3207,耀勝,20,0,20,華南永昌-板橋,2024-05-20,9349
3260,威剛,19,0,19,華南永昌-板橋,2024-05-20,9349
2467,志聖,28,10,18,華南永昌-板橋,2024-05-20,9349
2634,漢翔,52,35,17,華南永昌-板橋,2024-05-20,9349
4543,萬在,22,5,17,華南永昌-板橋,2024-05-20,9349
2603,長榮,48,32,16,華南永昌-板橋,2024-05-20,9349
6770,力積電,15,0,15,華南永昌-板橋,2024-05-20,9349
5230,雷笛克光學,20,5,15,華南永昌-板橋,2024-05-20,9349
00687B,國泰20年美債,14,0,14,華南永昌-板橋,2024-05-20,9349
2489,瑞軒,27,14,13,華南永昌-板橋,2024-05-20,9349
2374,佳能,48,36,12,華南永昌-板橋,2024-05-20,9349
2382,廣達,11,0,11,華南永昌-板橋,2024-05-20,9349
3689,湧德,12,1,11,華南永昌-板橋,2024-05-20,9349
9958,世紀鋼,16,5,11,華南永昌-板橋,2024-05-20,9349
1459,聯發,10,0,10,華南永昌-板橋,2024-05-20,9349
1714,和桐,10,0,10,華南永昌-板橋,2024-05-20,9349
9962,有益,10,0,10,華南永昌-板橋,2024-05-20,9349
2442,新美齊,20,11,9,華南永昌-板橋,2024-05-20,9349
3003,健和興,9,0,9,華南永昌-板橋,2024-05-20,9349
4768,晶呈科技,9,0,9,華南永昌-板橋,2024-05-20,9349
6116,彩晶,9,0,9,華南永昌-板橋,2024-05-20,9349
2383,台光電,11,2,9,華南永昌-板橋,2024-05-20,9349
00940,元大台灣價值高息,15,6,9,華南永昌-板橋,2024-05-20,9349
1504,東元,8,0,8,華南永昌-板橋,2024-05-20,9349
2743,山富,13,5,8,華南永昌-板橋,2024-05-20,9349
8027,鈦昇,7,0,7,華南永昌-板橋,2024-05-20,9349
1608,華榮,22,15,7,華南永昌-板橋,2024-05-20,9349
2882,國泰金,8,1,7,華南永昌-板橋,2024-05-20,9349
3287,廣寰科,8,1,7,華南永昌-板橋,2024-05-20,9349
2204,中華,6,0,6,華南永昌-板橋,2024-05-20,9349
2349,錸德,153,0,153,華南永昌-板橋,2024-05-21,9349
2504,國產,96,0,96,華南永昌-板橋,2024-05-21,9349
2883,凱基金,117,26,91,華南永昌-板橋,2024-05-21,9349
2888,新光金,82,2,80,華南永昌-板橋,2024-05-21,9349
2365,昆盈,75,26,49,華南永昌-板橋,2024-05-21,9349
2371,大同,56,11,45,華南永昌-板橋,2024-05-21,9349
00929,復華台灣科技優息,42,0,42,華南永昌-板橋,2024-05-21,9349
2891,中信金,38,0,38,華南永昌-板橋,2024-05-21,9349
2409,友達,37,0,37,華南永昌-板橋,2024-05-21,9349
00878,國泰永續高股息,47,14,33,華南永昌-板橋,2024-05-21,9349
2357,華碩,33,0,33,華南永昌-板橋,2024-05-21,9349
2363,矽統,47,15,32,華南永昌-板橋,2024-05-21,9349
1110,東泥,29,0,29,華南永昌-板橋,2024-05-21,9349
2514,龍邦,45,18,27,華南永昌-板橋,2024-05-21,9349
3207,耀勝,27,1,26,華南永昌-板橋,2024-05-21,9349
2618,長榮航,74,52,22,華南永昌-板橋,2024-05-21,9349
1476,儒鴻,21,0,21,華南永昌-板橋,2024-05-21,9349
2601,益航,20,0,20,華南永昌-板橋,2024-05-21,9349
2915,潤泰全,20,0,20,華南永昌-板橋,2024-05-21,9349
4147,中裕,20,0,20,華南永昌-板橋,2024-05-21,9349
6026,福邦證,20,0,20,華南永昌-板橋,2024-05-21,9349
1609,大亞,23,4,19,華南永昌-板橋,2024-05-21,9349
6265,方土昶,20,1,19,華南永昌-板橋,2024-05-21,9349
3711,日月光投控,21,3,18,華南永昌-板橋,2024-05-21,9349
00679B,元大美債20年,17,0,17,華南永昌-板橋,2024-05-21,9349
2352,佳世達,17,1,16,華南永昌-板橋,2024-05-21,9349
6215,和椿,24,8,16,華南永昌-板橋,2024-05-21,9349
4533,協易機,18,4,14,華南永昌-板橋,2024-05-21,9349
6148,驊宏資,14,0,14,華南永昌-板橋,2024-05-21,9349
2317,鴻海,19,5,14,華南永昌-板橋,2024-05-21,9349
2442,新美齊,17,4,13,華南永昌-板橋,2024-05-21,9349
2610,華航,16,3,13,華南永昌-板橋,2024-05-21,9349
2834,臺企銀,16,3,13,華南永昌-板橋,2024-05-21,9349
4906,正文,13,0,13,華南永昌-板橋,2024-05-21,9349
2027,大成鋼,28,15,13,華南永昌-板橋,2024-05-21,9349
00919,群益台灣精選高息,12,0,12,華南永昌-板橋,2024-05-21,9349
00688L,國泰20年美債正2,12,0,12,華南永昌-板橋,2024-05-21,9349
1605,華新,43,32,11,華南永昌-板橋,2024-05-21,9349
2241,艾姆勒,17,6,11,華南永昌-板橋,2024-05-21,9349
2467,志聖,16,5,11,華南永昌-板橋,2024-05-21,9349
2382,廣達,11,0,11,華南永昌-板橋,2024-05-21,9349
2890,永豐金,10,0,10,華南永昌-板橋,2024-05-21,9349
00632R,元大台灣50反1,10,0,10,華南永昌-板橋,2024-05-21,9349
1504,東元,11,1,10,華南永昌-板橋,2024-05-21,9349
1907,永豐餘,10,0,10,華南永昌-板橋,2024-05-21,9349
2417,圓剛,10,0,10,華南永昌-板橋,2024-05-21,9349
4303,信立,10,0,10,華南永昌-板橋,2024-05-21,9349
6443,元晶,10,0,10,華南永昌-板橋,2024-05-21,9349
6875,國邑*,10,0,10,華南永昌-板橋,2024-05-21,9349
2543,皇昌,11,2,9,華南永昌-板橋,2024-05-21,9349
2883,凱基金,121,4,117,華南永昌-板橋,2024-05-22,9349
2486,一詮,137,39,98,華南永昌-板橋,2024-05-22,9349
3481,群創,235,154,81,華南永昌-板橋,2024-05-22,9349
2504,國產,64,1,63,華南永昌-板橋,2024-05-22,9349
1809,中釉,51,16,35,華南永昌-板橋,2024-05-22,9349
2356,英業達,50,18,32,華南永昌-板橋,2024-05-22,9349
2354,鴻準,34,6,28,華南永昌-板橋,2024-05-22,9349
2367,燿華,63,35,28,華南永昌-板橋,2024-05-22,9349
2323,中環,27,0,27,華南永昌-板橋,2024-05-22,9349
2467,志聖,28,1,27,華南永昌-板橋,2024-05-22,9349
2002,中鋼,27,1,26,華南永昌-板橋,2024-05-22,9349
00933B,國泰10Y+金融債,22,0,22,華南永昌-板橋,2024-05-22,9349
6188,廣明,42,21,21,華南永昌-板橋,2024-05-22,9349
8033,雷虎,21,0,21,華南永昌-板橋,2024-05-22,9349
2349,錸德,21,0,21,華南永昌-板橋,2024-05-22,9349
2431,聯昌,20,0,20,華南永昌-板橋,2024-05-22,9349
5284,jpp-KY,20,0,20,華南永昌-板橋,2024-05-22,9349
00878,國泰永續高股息,65,47,18,華南永昌-板橋,2024-05-22,9349
3030,德律,27,10,17,華南永昌-板橋,2024-05-22,9349
3033,威健,22,5,17,華南永昌-板橋,2024-05-22,9349
5225,東科-KY,33,16,17,華南永昌-板橋,2024-05-22,9349
8028,昇陽半導體,24,8,16,華南永昌-板橋,2024-05-22,9349
3466,德晉,15,0,15,華南永昌-板橋,2024-05-22,9349
3597,映興,15,0,15,華南永昌-板橋,2024-05-22,9349
4114,健喬,15,0,15,華南永昌-板橋,2024-05-22,9349
5498,凱崴,21,6,15,華南永昌-板橋,2024-05-22,9349
6719,力智,31,16,15,華南永昌-板橋,2024-05-22,9349
9105,泰金寶-DR,15,0,15,華南永昌-板橋,2024-05-22,9349
3059,華晶科,24,10,14,華南永昌-板橋,2024-05-22,9349
1101,台泥,37,24,13,華南永昌-板橋,2024-05-22,9349
1785,光洋科,21,8,13,華南永昌-板橋,2024-05-22,9349
2610,華航,13,0,13,華南永昌-板橋,2024-05-22,9349
4532,瑞智,13,0,13,華南永昌-板橋,2024-05-22,9349
2884,玉山金,14,2,12,華南永昌-板橋,2024-05-22,9349
00637L,元大滬深300正2,12,0,12,華南永昌-板橋,2024-05-22,9349
2371,大同,65,53,12,華南永昌-板橋,2024-05-22,9349
2520,冠德,12,0,12,華南永昌-板橋,2024-05-22,9349
3005,神基,24,12,12,華南永昌-板橋,2024-05-22,9349
8110,華東,13,1,12,華南永昌-板橋,2024-05-22,9349
1471,首利,11,0,11,華南永昌-板橋,2024-05-22,9349
3207,耀勝,11,0,11,華南永昌-板橋,2024-05-22,9349
4542,科嶠,11,0,11,華南永昌-板橋,2024-05-22,9349
5512,力麒,11,0,11,華南永昌-板橋,2024-05-22,9349
8064,東捷,20,9,11,華南永昌-板橋,2024-05-22,9349
1316,上曜,12,1,11,華南永昌-板橋,2024-05-22,9349
1110,東泥,10,0,10,華南永昌-板橋,2024-05-22,9349
1102,亞泥,11,1,10,華南永昌-板橋,2024-05-22,9349
00679B,元大美債20年,10,0,10,華南永昌-板橋,2024-05-22,9349
2613,中櫃,10,0,10,華南永昌-板橋,2024-05-22,9349
3013,晟銘電,63,53,10,華南永昌-板橋,2024-05-22,9349
00632R,元大台灣50反1,350,0,350,華南永昌-板橋,2024-05-23,9349
2610,華航,430,118,312,華南永昌-板橋,2024-05-23,9349
2371,大同,222,67,155,華南永昌-板橋,2024-05-23,9349
2883,凱基金,108,0,108,華南永昌-板橋,2024-05-23,9349
2354,鴻準,207,101,106,華南永昌-板橋,2024-05-23,9349
6147,頎邦,105,0,105,華南永昌-板橋,2024-05-23,9349
00937B,群益ESG投等債20,73,4,69,華南永昌-板橋,2024-05-23,9349
1314,中石化,69,0,69,華南永昌-板橋,2024-05-23,9349
6274,台燿,64,0,64,華南永昌-板橋,2024-05-23,9349
8085,福華,61,0,61,華南永昌-板橋,2024-05-23,9349
00933B,國泰10Y+金融債,50,5,45,華南永昌-板橋,2024-05-23,9349
2324,仁寶,50,6,44,華南永昌-板橋,2024-05-23,9349
4768,晶呈科技,212,171,41,華南永昌-板橋,2024-05-23,9349
2356,英業達,44,7,37,華南永昌-板橋,2024-05-23,9349
2618,長榮航,75,39,36,華南永昌-板橋,2024-05-23,9349
9105,泰金寶-DR,40,5,35,華南永昌-板橋,2024-05-23,9349
2002,中鋼,32,0,32,華南永昌-板橋,2024-05-23,9349
3013,晟銘電,32,2,30,華南永昌-板橋,2024-05-23,9349
6197,佳必琪,37,10,27,華南永昌-板橋,2024-05-23,9349
3059,華晶科,27,2,25,華南永昌-板橋,2024-05-23,9349
4532,瑞智,60,35,25,華南永昌-板橋,2024-05-23,9349
9944,新麗,25,0,25,華南永昌-板橋,2024-05-23,9349
2467,志聖,25,1,24,華南永昌-板橋,2024-05-23,9349
2888,新光金,26,2,24,華南永昌-板橋,2024-05-23,9349
6188,廣明,65,42,23,華南永昌-板橋,2024-05-23,9349
1909,榮成,21,0,21,華南永昌-板橋,2024-05-23,9349
6213,聯茂,24,3,21,華南永昌-板橋,2024-05-23,9349
00930,永豐ESG低碳高息,20,0,20,華南永昌-板橋,2024-05-23,9349
2323,中環,22,2,20,華南永昌-板橋,2024-05-23,9349
1609,大亞,26,8,18,華南永昌-板橋,2024-05-23,9349
4114,健喬,18,0,18,華南永昌-板橋,2024-05-23,9349
2409,友達,80,63,17,華南永昌-板橋,2024-05-23,9349
8936,國統,33,17,16,華南永昌-板橋,2024-05-23,9349
2382,廣達,36,20,16,華南永昌-板橋,2024-05-23,9349
00637L,元大滬深300正2,16,0,16,華南永昌-板橋,2024-05-23,9349
3033,威健,19,3,16,華南永昌-板橋,2024-05-23,9349
5443,均豪,50,34,16,華南永昌-板橋,2024-05-23,9349
8064,東捷,17,1,16,華南永昌-板橋,2024-05-23,9349
00878,國泰永續高股息,34,18,16,華南永昌-板橋,2024-05-23,9349
1303,南亞,16,1,15,華南永昌-板橋,2024-05-23,9349
2464,盟立,33,18,15,華南永昌-板橋,2024-05-23,9349
2368,金像電,17,3,14,華南永昌-板橋,2024-05-23,9349
00753L,中信中國50正2,16,2,14,華南永昌-板橋,2024-05-23,9349
00940,元大台灣價值高息,14,1,13,華南永昌-板橋,2024-05-23,9349
2630,亞航,16,3,13,華南永昌-板橋,2024-05-23,9349
3031,佰鴻,13,0,13,華南永昌-板橋,2024-05-23,9349
7402,邑錡,14,2,12,華南永昌-板橋,2024-05-23,9349
3030,德律,34,22,12,華南永昌-板橋,2024-05-23,9349
3444,利機,12,0,12,華南永昌-板橋,2024-05-23,9349
8027,鈦昇,12,0,12,華南永昌-板橋,2024-05-23,9349
00632R,元大台灣50反1,3300,0,3300,華南永昌-板橋,2024-05-24,9349
6125,廣運,299,8,291,華南永昌-板橋,2024-05-24,9349
3013,晟銘電,310,37,273,華南永昌-板橋,2024-05-24,9349
2880,華南金,276,7,269,華南永昌-板橋,2024-05-24,9349
3363,上詮,224,12,212,華南永昌-板橋,2024-05-24,9349
1809,中釉,146,7,139,華南永昌-板橋,2024-05-24,9349
5251,天鉞電,100,12,88,華南永昌-板橋,2024-05-24,9349
2371,大同,182,113,69,華南永昌-板橋,2024-05-24,9349
1459,聯發,50,0,50,華南永昌-板橋,2024-05-24,9349
00937B,群益ESG投等債20,56,10,46,華南永昌-板橋,2024-05-24,9349
4532,瑞智,43,0,43,華南永昌-板橋,2024-05-24,9349
00929,復華台灣科技優息,53,11,42,華南永昌-板橋,2024-05-24,9349
2363,矽統,152,111,41,華南永昌-板橋,2024-05-24,9349
2476,鉅祥,40,0,40,華南永昌-板橋,2024-05-24,9349
00933B,國泰10Y+金融債,31,0,31,華南永昌-板橋,2024-05-24,9349
1531,高林股,30,0,30,華南永昌-板橋,2024-05-24,9349
2610,華航,35,5,30,華南永昌-板橋,2024-05-24,9349
2609,陽明,43,16,27,華南永昌-板橋,2024-05-24,9349
3481,群創,43,17,26,華南永昌-板橋,2024-05-24,9349
2362,藍天,37,13,24,華南永昌-板橋,2024-05-24,9349
3380,明泰,27,3,24,華南永昌-板橋,2024-05-24,9349
2002,中鋼,23,0,23,華南永昌-板橋,2024-05-24,9349
1907,永豐餘,21,0,21,華南永昌-板橋,2024-05-24,9349
00936,台新永續高息中小,20,0,20,華南永昌-板橋,2024-05-24,9349
2882,國泰金,20,0,20,華南永昌-板橋,2024-05-24,9349
2867,三商壽,20,0,20,華南永昌-板橋,2024-05-24,9349
2354,鴻準,38,20,18,華南永昌-板橋,2024-05-24,9349
2420,新巨,19,1,18,華南永昌-板橋,2024-05-24,9349
5340,建榮,15,0,15,華南永昌-板橋,2024-05-24,9349
3312,弘憶股,21,7,14,華南永昌-板橋,2024-05-24,9349
2303,聯電,42,29,13,華南永昌-板橋,2024-05-24,9349
1514,亞力,18,5,13,華南永昌-板橋,2024-05-24,9349
00712,復華富時不動產,12,0,12,華南永昌-板橋,2024-05-24,9349
2355,敬鵬,20,8,12,華南永昌-板橋,2024-05-24,9349
3260,威剛,23,11,12,華南永昌-板橋,2024-05-24,9349
4979,華星光,18,6,12,華南永昌-板橋,2024-05-24,9349
2313,華通,14,3,11,華南永昌-板橋,2024-05-24,9349
00753L,中信中國50正2,10,0,10,華南永昌-板橋,2024-05-24,9349
6288,聯嘉,10,0,10,華南永昌-板橋,2024-05-24,9349
00637L,元大滬深300正2,9,0,9,華南永昌-板橋,2024-05-24,9349
5531,鄉林,9,0,9,華南永昌-板橋,2024-05-24,9349
9958,世紀鋼,28,19,9,華南永昌-板橋,2024-05-24,9349
2359,所羅門,34,26,8,華南永昌-板橋,2024-05-24,9349
2323,中環,7,0,7,華南永昌-板橋,2024-05-24,9349
2329,華泰,7,0,7,華南永昌-板橋,2024-05-24,9349
2421,建準,7,0,7,華南永昌-板橋,2024-05-24,9349
4908,前鼎,22,15,7,華南永昌-板橋,2024-05-24,9349
5302,太欣,7,0,7,華南永昌-板橋,2024-05-24,9349
6148,驊宏資,7,0,7,華南永昌-板橋,2024-05-24,9349
6577,勁豐,7,0,7,華南永昌-板橋,2024-05-24,9349
2884,玉山金,250,9,241,華南永昌-板橋,2024-05-27,9349
3380,明泰,100,0,100,華南永昌-板橋,2024-05-27,9349
2855,統一證,74,1,73,華南永昌-板橋,2024-05-27,9349
9103,美德醫療-DR,70,0,70,華南永昌-板橋,2024-05-27,9349
2363,矽統,568,500,68,華南永昌-板橋,2024-05-27,9349
3047,訊舟,80,18,62,華南永昌-板橋,2024-05-27,9349
00637L,元大滬深300正2,58,0,58,華南永昌-板橋,2024-05-27,9349
2610,華航,87,34,53,華南永昌-板橋,2024-05-27,9349
2002,中鋼,55,2,53,華南永昌-板橋,2024-05-27,9349
6719,力智,53,2,51,華南永昌-板橋,2024-05-27,9349
9105,泰金寶-DR,130,80,50,華南永昌-板橋,2024-05-27,9349
2603,長榮,119,83,36,華南永昌-板橋,2024-05-27,9349
2328,廣宇,39,4,35,華南永昌-板橋,2024-05-27,9349
4114,健喬,35,0,35,華南永昌-板橋,2024-05-27,9349
6168,宏齊,33,1,32,華南永昌-板橋,2024-05-27,9349
2353,宏��,77,49,28,華南永昌-板橋,2024-05-27,9349
2357,華碩,36,8,28,華南永昌-板橋,2024-05-27,9349
2323,中環,32,5,27,華南永昌-板橋,2024-05-27,9349
00929,復華台灣科技優息,35,9,26,華南永昌-板橋,2024-05-27,9349
2367,燿華,41,15,26,華南永昌-板橋,2024-05-27,9349
2369,菱生,24,2,22,華南永昌-板橋,2024-05-27,9349
1802,台玻,20,0,20,華南永昌-板橋,2024-05-27,9349
5498,凱崴,37,17,20,華南永昌-板橋,2024-05-27,9349
6213,聯茂,25,5,20,華南永昌-板橋,2024-05-27,9349
2547,日勝生,22,3,19,華南永昌-板橋,2024-05-27,9349
00712,復華富時不動產,18,0,18,華南永昌-板橋,2024-05-27,9349
2464,盟立,33,17,16,華南永昌-板橋,2024-05-27,9349
2618,長榮航,23,8,15,華南永昌-板橋,2024-05-27,9349
2743,山富,25,10,15,華南永昌-板橋,2024-05-27,9349
00937B,群益ESG投等債20,14,0,14,華南永昌-板橋,2024-05-27,9349
00933B,國泰10Y+金融債,14,0,14,華南永昌-板橋,2024-05-27,9349
3543,州巧,14,0,14,華南永昌-板橋,2024-05-27,9349
00931B,統一美債20年,13,0,13,華南永昌-板橋,2024-05-27,9349
2032,新鋼,13,0,13,華南永昌-板橋,2024-05-27,9349
4908,前鼎,14,1,13,華南永昌-板橋,2024-05-27,9349
3163,波若威,18,6,12,華南永昌-板橋,2024-05-27,9349
3234,光環,16,4,12,華南永昌-板橋,2024-05-27,9349
4991,環宇-KY,12,0,12,華南永昌-板橋,2024-05-27,9349
3033,威健,18,7,11,華南永昌-板橋,2024-05-27,9349
2364,倫飛,11,0,11,華南永昌-板橋,2024-05-27,9349
3706,神達,26,15,11,華南永昌-板橋,2024-05-27,9349
9958,世紀鋼,29,18,11,華南永昌-板橋,2024-05-27,9349
3260,威剛,17,6,11,華南永昌-板橋,2024-05-27,9349
00932,兆豐永續高息等權,10,0,10,華南永昌-板橋,2024-05-27,9349
1447,力鵬,10,0,10,華南永昌-板橋,2024-05-27,9349
2314,台揚,10,0,10,華南永昌-板橋,2024-05-27,9349
2329,華泰,13,3,10,華南永昌-板橋,2024-05-27,9349
4127,天良,10,0,10,華南永昌-板橋,2024-05-27,9349
6148,驊宏資,10,0,10,華南永昌-板橋,2024-05-27,9349
6548,長科*,10,0,10,華南永昌-板橋,2024-05-27,9349
00637L,元大滬深300正2,150,0,150,華南永昌-板橋,2024-05-28,9349
5251,天鉞電,104,2,102,華南永昌-板橋,2024-05-28,9349
00940,元大台灣價值高息,86,2,84,華南永昌-板橋,2024-05-28,9349
2353,宏��,130,47,83,華南永昌-板橋,2024-05-28,9349
2344,華邦電,77,10,67,華南永昌-板橋,2024-05-28,9349
2362,藍天,89,22,67,華南永昌-板橋,2024-05-28,9349
5443,均豪,65,5,60,華南永昌-板橋,2024-05-28,9349
2610,華航,108,48,60,華南永昌-板橋,2024-05-28,9349
3033,威健,60,3,57,華南永昌-板橋,2024-05-28,9349
3545,敦泰,53,1,52,華南永昌-板橋,2024-05-28,9349
00937B,群益ESG投等債20,60,20,40,華南永昌-板橋,2024-05-28,9349
00946,群益科技高息成長,35,0,35,華南永昌-板橋,2024-05-28,9349
6188,廣明,62,27,35,華南永昌-板橋,2024-05-28,9349
2611,志信,35,3,32,華南永昌-板橋,2024-05-28,9349
2867,三商壽,30,0,30,華南永昌-板橋,2024-05-28,9349
2891,中信金,30,0,30,華南永昌-板橋,2024-05-28,9349
8147,正淩,35,5,30,華南永昌-板橋,2024-05-28,9349
3312,弘憶股,26,0,26,華南永昌-板橋,2024-05-28,9349
2603,長榮,65,40,25,華南永昌-板橋,2024-05-28,9349
2516,新建,25,0,25,華南永昌-板橋,2024-05-28,9349
3047,訊舟,33,9,24,華南永昌-板橋,2024-05-28,9349
00877,復華中國5G,22,0,22,華南永昌-板橋,2024-05-28,9349
2363,矽統,65,43,22,華南永昌-板橋,2024-05-28,9349
00650L,復華香港正2,21,0,21,華南永昌-板橋,2024-05-28,9349
1522,堤維西,34,13,21,華南永昌-板橋,2024-05-28,9349
6770,力積電,24,4,20,華南永昌-板橋,2024-05-28,9349
4127,天良,20,0,20,華南永昌-板橋,2024-05-28,9349
6215,和椿,21,1,20,華南永昌-板橋,2024-05-28,9349
2357,華碩,20,1,19,華南永昌-板橋,2024-05-28,9349
9958,世紀鋼,27,8,19,華南永昌-板橋,2024-05-28,9349
00929,復華台灣科技優息,34,16,18,華南永昌-板橋,2024-05-28,9349
4976,佳凌,20,2,18,華南永昌-板橋,2024-05-28,9349
6161,捷波,19,1,18,華南永昌-板橋,2024-05-28,9349
2301,光寶科,21,4,17,華南永昌-板橋,2024-05-28,9349
00933B,國泰10Y+金融債,17,0,17,華南永昌-板橋,2024-05-28,9349
00679B,元大美債20年,17,0,17,華南永昌-板橋,2024-05-28,9349
2606,裕民,23,7,16,華南永昌-板橋,2024-05-28,9349
2354,鴻準,152,136,16,華南永昌-板橋,2024-05-28,9349
00639,富邦深100,16,0,16,華南永昌-板橋,2024-05-28,9349
00882,中信中國高股息,15,0,15,華南永昌-板橋,2024-05-28,9349
2027,大成鋼,15,0,15,華南永昌-板橋,2024-05-28,9349
2636,台驊控股,14,0,14,華南永昌-板橋,2024-05-28,9349
2365,昆盈,15,2,13,華南永昌-板橋,2024-05-28,9349
2371,大同,29,16,13,華南永昌-板橋,2024-05-28,9349
3535,晶彩科,17,5,12,華南永昌-板橋,2024-05-28,9349
4908,前鼎,13,1,12,華南永昌-板橋,2024-05-28,9349
2609,陽明,49,37,12,華南永昌-板橋,2024-05-28,9349
2382,廣達,14,3,11,華南永昌-板橋,2024-05-28,9349
2420,新巨,11,0,11,華南永昌-板橋,2024-05-28,9349
3712,永崴投控,17,6,11,華南永昌-板橋,2024-05-28,9349
00937B,群益ESG投等債20,311,10,301,華南永昌-板橋,2024-05-29,9349
00637L,元大滬深300正2,100,0,100,華南永昌-板橋,2024-05-29,9349
5251,天鉞電,102,3,99,華南永昌-板橋,2024-05-29,9349
4906,正文,93,0,93,華南永昌-板橋,2024-05-29,9349
2606,裕民,84,2,82,華南永昌-板橋,2024-05-29,9349
2328,廣宇,96,27,69,華南永昌-板橋,2024-05-29,9349
2401,凌陽,77,19,58,華南永昌-板橋,2024-05-29,9349
00712,復華富時不動產,57,0,57,華南永昌-板橋,2024-05-29,9349
3466,德晉,57,1,56,華南永昌-板橋,2024-05-29,9349
2883,凱基金,51,0,51,華南永昌-板橋,2024-05-29,9349
1459,聯發,81,30,51,華南永昌-板橋,2024-05-29,9349
2489,瑞軒,93,42,51,華南永昌-板橋,2024-05-29,9349
3543,州巧,40,0,40,華南永昌-板橋,2024-05-29,9349
00878,國泰永續高股息,38,1,37,華南永昌-板橋,2024-05-29,9349
00679B,元大美債20年,37,0,37,華南永昌-板橋,2024-05-29,9349
2353,宏��,200,164,36,華南永昌-板橋,2024-05-29,9349
3537,堡達,35,1,34,華南永昌-板橋,2024-05-29,9349
4157,太景*-KY,34,0,34,華南永昌-板橋,2024-05-29,9349
2317,鴻海,36,4,32,華南永昌-板橋,2024-05-29,9349
2515,中工,33,2,31,華南永昌-板橋,2024-05-29,9349
00933B,國泰10Y+金融債,30,0,30,華南永昌-板橋,2024-05-29,9349
00751B,元大AAA至A公司債,30,0,30,華南永昌-板橋,2024-05-29,9349
2886,兆豐金,26,0,26,華南永昌-板橋,2024-05-29,9349
5230,雷笛克光學,28,3,25,華南永昌-板橋,2024-05-29,9349
2362,藍天,44,20,24,華南永昌-板橋,2024-05-29,9349
2618,長榮航,36,14,22,華南永昌-板橋,2024-05-29,9349
2834,臺企銀,22,0,22,華南永昌-板橋,2024-05-29,9349
00680L,元大美債20正2,21,0,21,華南永昌-板橋,2024-05-29,9349
5706,鳳凰,21,0,21,華南永昌-板橋,2024-05-29,9349
00733,富邦臺灣中小,20,0,20,華南永昌-板橋,2024-05-29,9349
00664R,國泰臺灣加權反1,20,0,20,華南永昌-板橋,2024-05-29,9349
1337,再生-KY,20,0,20,華南永昌-板橋,2024-05-29,9349
2303,聯電,22,2,20,華南永昌-板橋,2024-05-29,9349
00919,群益台灣精選高息,22,2,20,華南永昌-板橋,2024-05-29,9349
2887,台新金,21,2,19,華南永昌-板橋,2024-05-29,9349
00944,野村趨勢動能高息,19,0,19,華南永昌-板橋,2024-05-29,9349
3033,威健,20,1,19,華南永昌-板橋,2024-05-29,9349
3535,晶彩科,24,5,19,華南永昌-板橋,2024-05-29,9349
6160,欣技,19,0,19,華南永昌-板橋,2024-05-29,9349
2371,大同,33,16,17,華南永昌-板橋,2024-05-29,9349
6189,豐藝,18,1,17,華南永昌-板橋,2024-05-29,9349
2880,華南金,19,2,17,華南永昌-板橋,2024-05-29,9349
2884,玉山金,16,0,16,華南永昌-板橋,2024-05-29,9349
2888,新光金,23,7,16,華南永昌-板橋,2024-05-29,9349
4147,中裕,16,0,16,華南永昌-板橋,2024-05-29,9349
2002,中鋼,15,0,15,華南永昌-板橋,2024-05-29,9349
2236,百達-KY,15,0,15,華南永昌-板橋,2024-05-29,9349
5227,立凱-KY,15,0,15,華南永昌-板橋,2024-05-29,9349
6233,旺玖,17,2,15,華南永昌-板橋,2024-05-29,9349
8374,羅昇,15,0,15,華南永昌-板橋,2024-05-29,9349
2349,錸德,826,0,826,華南永昌-板橋,2024-05-30,9349
2371,大同,238,18,220,華南永昌-板橋,2024-05-30,9349
2362,藍天,203,3,200,華南永昌-板橋,2024-05-30,9349
00878,國泰永續高股息,123,7,116,華南永昌-板橋,2024-05-30,9349
5251,天鉞電,100,0,100,華南永昌-板橋,2024-05-30,9349
00937B,群益ESG投等債20,133,51,82,華南永昌-板橋,2024-05-30,9349
2353,宏��,102,37,65,華南永昌-板橋,2024-05-30,9349
2504,國產,59,1,58,華南永昌-板橋,2024-05-30,9349
00929,復華台灣科技優息,75,19,56,華南永昌-板橋,2024-05-30,9349
00712,復華富時不動產,55,0,55,華南永昌-板橋,2024-05-30,9349
2489,瑞軒,138,85,53,華南永昌-板橋,2024-05-30,9349
6125,廣運,59,7,52,華南永昌-板橋,2024-05-30,9349
6197,佳必琪,54,8,46,華南永昌-板橋,2024-05-30,9349
2495,普安,46,1,45,華南永昌-板橋,2024-05-30,9349
00940,元大台灣價值高息,44,0,44,華南永昌-板橋,2024-05-30,9349
5347,世界,150,110,40,華南永昌-板橋,2024-05-30,9349
2317,鴻海,42,2,40,華南永昌-板橋,2024-05-30,9349
00632R,元大台灣50反1,58,20,38,華南永昌-板橋,2024-05-30,9349
2601,益航,30,0,30,華南永昌-板橋,2024-05-30,9349
4768,晶呈科技,28,0,28,華南永昌-板橋,2024-05-30,9349
00915,凱基優選高股息30,30,2,28,華南永昌-板橋,2024-05-30,9349
2409,友達,32,5,27,華南永昌-板橋,2024-05-30,9349
2356,英業達,26,3,23,華南永昌-板橋,2024-05-30,9349
2891,中信金,23,0,23,華南永昌-板橋,2024-05-30,9349
2330,台積電,22,0,22,華南永昌-板橋,2024-05-30,9349
00679B,元大美債20年,22,0,22,華南永昌-板橋,2024-05-30,9349
3481,群創,26,4,22,華南永昌-板橋,2024-05-30,9349
1218,泰山,20,0,20,華南永昌-板橋,2024-05-30,9349
2888,新光金,20,0,20,華南永昌-板橋,2024-05-30,9349
2002,中鋼,19,0,19,華南永昌-板橋,2024-05-30,9349
1815,富喬,175,157,18,華南永昌-板橋,2024-05-30,9349
6111,大宇資,18,0,18,華南永昌-板橋,2024-05-30,9349
00939,統一台灣高息動能,17,0,17,華南永昌-板橋,2024-05-30,9349
6269,台郡,17,0,17,華南永昌-板橋,2024-05-30,9349
3030,德律,30,14,16,華南永昌-板橋,2024-05-30,9349
3325,旭品,17,1,16,華南永昌-板橋,2024-05-30,9349
1536,和大,33,18,15,華南永昌-板橋,2024-05-30,9349
2313,華通,18,3,15,華南永昌-板橋,2024-05-30,9349
3230,錦明,15,0,15,華南永昌-板橋,2024-05-30,9349
3290,東浦,15,0,15,華南永昌-板橋,2024-05-30,9349
2834,臺企銀,15,1,14,華南永昌-板橋,2024-05-30,9349
6472,保瑞,13,0,13,華南永昌-板橋,2024-05-30,9349
2603,長榮,33,21,12,華南永昌-板橋,2024-05-30,9349
2614,東森,12,0,12,華南永昌-板橋,2024-05-30,9349
4533,協易機,27,15,12,華南永昌-板橋,2024-05-30,9349
5465,富驊,12,0,12,華南永昌-板橋,2024-05-30,9349
6233,旺玖,12,0,12,華南永昌-板橋,2024-05-30,9349
4127,天良,11,0,11,華南永昌-板橋,2024-05-30,9349
3128,昇銳,11,0,11,華南永昌-板橋,2024-05-30,9349
4979,華星光,13,2,11,華南永昌-板橋,2024-05-30,9349
2609,陽明,317,155,162,華南永昌-板橋,2024-05-31,9349
2399,映泰,160,48,112,華南永昌-板橋,2024-05-31,9349
00919,群益台灣精選高息,68,0,68,華南永昌-板橋,2024-05-31,9349
2362,藍天,83,18,65,華南永昌-板橋,2024-05-31,9349
1536,和大,70,11,59,華南永昌-板橋,2024-05-31,9349
5251,天鉞電,42,0,42,華南永昌-板橋,2024-05-31,9349
3030,德律,40,1,39,華南永昌-板橋,2024-05-31,9349
2613,中櫃,41,4,37,華南永昌-板橋,2024-05-31,9349
2603,長榮,54,18,36,華南永昌-板橋,2024-05-31,9349
2504,國產,78,42,36,華南永昌-板橋,2024-05-31,9349
3483,力致,37,6,31,華南永昌-板橋,2024-05-31,9349
2317,鴻海,64,34,30,華南永昌-板橋,2024-05-31,9349
3231,緯創,30,5,25,華南永昌-板橋,2024-05-31,9349
2515,中工,44,20,24,華南永昌-板橋,2024-05-31,9349
3444,利機,28,4,24,華南永昌-板橋,2024-05-31,9349
6770,力積電,28,5,23,華南永昌-板橋,2024-05-31,9349
00940,元大台灣價值高息,24,3,21,華南永昌-板橋,2024-05-31,9349
2355,敬鵬,26,5,21,華南永昌-板橋,2024-05-31,9349
6189,豐藝,23,2,21,華南永昌-板橋,2024-05-31,9349
6269,台郡,20,0,20,華南永昌-板橋,2024-05-31,9349
2002,中鋼,20,0,20,華南永昌-板橋,2024-05-31,9349
2615,萬海,28,10,18,華南永昌-板橋,2024-05-31,9349
1609,大亞,17,0,17,華南永昌-板橋,2024-05-31,9349
2330,台積電,20,3,17,華南永昌-板橋,2024-05-31,9349
5521,工信,23,7,16,華南永昌-板橋,2024-05-31,9349
2382,廣達,20,4,16,華南永昌-板橋,2024-05-31,9349
3260,威剛,27,11,16,華南永昌-板橋,2024-05-31,9349
00665L,富邦�琤肭磪囓�2,15,0,15,華南永昌-板橋,2024-05-31,9349
6282,康舒,15,0,15,華南永昌-板橋,2024-05-31,9349
6695,芯鼎,28,14,14,華南永昌-板橋,2024-05-31,9349
1326,台化,12,0,12,華南永昌-板橋,2024-05-31,9349
1303,南亞,12,0,12,華南永昌-板橋,2024-05-31,9349
00946,群益科技高息成長,12,0,12,華南永昌-板橋,2024-05-31,9349
1815,富喬,21,10,11,華南永昌-板橋,2024-05-31,9349
1301,台塑,12,2,10,華南永昌-板橋,2024-05-31,9349
2363,矽統,34,24,10,華南永昌-板橋,2024-05-31,9349
3044,健鼎,10,0,10,華南永昌-板橋,2024-05-31,9349
4768,晶呈科技,12,2,10,華南永昌-板橋,2024-05-31,9349
6108,競國,10,0,10,華南永昌-板橋,2024-05-31,9349
8183,精星,10,0,10,華南永昌-板橋,2024-05-31,9349
2885,元大金,10,0,10,華南永昌-板橋,2024-05-31,9349
2891,中信金,10,0,10,華南永昌-板橋,2024-05-31,9349
2543,皇昌,22,13,9,華南永昌-板橋,2024-05-31,9349
2371,大同,43,34,9,華南永昌-板橋,2024-05-31,9349
2449,京元電子,14,5,9,華南永昌-板橋,2024-05-31,9349
3450,聯鈞,41,32,9,華南永昌-板橋,2024-05-31,9349
4906,正文,11,2,9,華南永昌-板橋,2024-05-31,9349
9958,世紀鋼,25,16,9,華南永昌-板橋,2024-05-31,9349
3035,智原,18,10,8,華南永昌-板橋,2024-05-31,9349
1316,上曜,18,10,8,華南永昌-板橋,2024-05-31,9349
3290,東浦,154,0,154,華南永昌-板橋,2024-06-03,9349
00919,群益台灣精選高息,101,1,100,華南永昌-板橋,2024-06-03,9349
2504,國產,60,0,60,華南永昌-板橋,2024-06-03,9349
3450,聯鈞,54,0,54,華南永昌-板橋,2024-06-03,9349
2883,凱基金,52,1,51,華南永昌-板橋,2024-06-03,9349
2354,鴻準,82,37,45,華南永昌-板橋,2024-06-03,9349
00945B,凱基美國非投等債,40,0,40,華南永昌-板橋,2024-06-03,9349
2362,藍天,59,20,39,華南永昌-板橋,2024-06-03,9349
2615,萬海,66,28,38,華南永昌-板橋,2024-06-03,9349
2353,宏��,44,9,35,華南永昌-板橋,2024-06-03,9349
1314,中石化,30,0,30,華南永昌-板橋,2024-06-03,9349
2618,長榮航,55,26,29,華南永昌-板橋,2024-06-03,9349
2303,聯電,32,4,28,華南永昌-板橋,2024-06-03,9349
6189,豐藝,26,1,25,華南永昌-板橋,2024-06-03,9349
2349,錸德,24,0,24,華南永昌-板橋,2024-06-03,9349
2887,台新金,21,0,21,華南永昌-板橋,2024-06-03,9349
00753L,中信中國50正2,20,0,20,華南永昌-板橋,2024-06-03,9349
6148,驊宏資,20,0,20,華南永昌-板橋,2024-06-03,9349
2324,仁寶,38,18,20,華南永昌-板橋,2024-06-03,9349
2101,南港,29,10,19,華南永昌-板橋,2024-06-03,9349
3202,樺晟,53,35,18,華南永昌-板橋,2024-06-03,9349
6188,廣明,58,40,18,華南永昌-板橋,2024-06-03,9349
5493,三聯,18,0,18,華南永昌-板橋,2024-06-03,9349
2357,華碩,18,1,17,華南永昌-板橋,2024-06-03,9349
00946,群益科技高息成長,16,0,16,華南永昌-板橋,2024-06-03,9349
2405,輔信,16,0,16,華南永昌-板橋,2024-06-03,9349
4127,天良,15,0,15,華南永昌-板橋,2024-06-03,9349
5347,世界,497,482,15,華南永昌-板橋,2024-06-03,9349
6282,康舒,15,0,15,華南永昌-板橋,2024-06-03,9349
6578,達邦蛋白,15,0,15,華南永昌-板橋,2024-06-03,9349
00940,元大台灣價值高息,15,0,15,華南永昌-板橋,2024-06-03,9349
2464,盟立,51,37,14,華南永昌-板橋,2024-06-03,9349
00923,群益台ESG低碳50,13,0,13,華南永昌-板橋,2024-06-03,9349
2313,華通,13,0,13,華南永昌-板橋,2024-06-03,9349
4714,永捷,13,0,13,華南永昌-板橋,2024-06-03,9349
2614,東森,12,0,12,華南永昌-板橋,2024-06-03,9349
2352,佳世達,12,1,11,華南永昌-板橋,2024-06-03,9349
2641,正德,19,8,11,華南永昌-板橋,2024-06-03,9349
2449,京元電子,11,1,10,華南永昌-板橋,2024-06-03,9349
1717,長興,10,0,10,華南永昌-板橋,2024-06-03,9349
2613,中櫃,12,2,10,華南永昌-板橋,2024-06-03,9349
2880,華南金,10,0,10,華南永昌-板橋,2024-06-03,9349
2906,高林,10,0,10,華南永昌-板橋,2024-06-03,9349
3374,精材,10,0,10,華南永昌-板橋,2024-06-03,9349
3594,磐儀,11,1,10,華南永昌-板橋,2024-06-03,9349
5371,中光電,17,7,10,華南永昌-板橋,2024-06-03,9349
2367,燿華,12,3,9,華南永昌-板橋,2024-06-03,9349
3059,華晶科,15,6,9,華南永昌-板橋,2024-06-03,9349
5230,雷笛克光學,29,20,9,華南永昌-板橋,2024-06-03,9349
6213,聯茂,11,2,9,華南永昌-板橋,2024-06-03,9349
2353,宏��,152,13,139,華南永昌-板橋,2024-06-04,9349
00929,復華台灣科技優息,135,7,128,華南永昌-板橋,2024-06-04,9349
2362,藍天,127,27,100,華南永昌-板橋,2024-06-04,9349
2867,三商壽,100,0,100,華南永昌-板橋,2024-06-04,9349
00919,群益台灣精選高息,70,1,69,華南永昌-板橋,2024-06-04,9349
2344,華邦電,68,10,58,華南永昌-板橋,2024-06-04,9349
6125,廣運,104,46,58,華南永昌-板橋,2024-06-04,9349
00665L,富邦�琤肭磪囓�2,170,116,54,華南永昌-板橋,2024-06-04,9349
00878,國泰永續高股息,42,0,42,華南永昌-板橋,2024-06-04,9349
00918,大華優利高填息30,37,0,37,華南永昌-板橋,2024-06-04,9349
00942B,台新美A公司債20+,36,0,36,華南永昌-板橋,2024-06-04,9349
2409,友達,35,3,32,華南永昌-板橋,2024-06-04,9349
8101,華冠,30,0,30,華南永昌-板橋,2024-06-04,9349
2312,金寶,40,11,29,華南永昌-板橋,2024-06-04,9349
2303,聯電,34,6,28,華南永昌-板橋,2024-06-04,9349
00715L,期街口布蘭特正2,23,0,23,華南永昌-板橋,2024-06-04,9349
2603,長榮,21,2,19,華南永昌-板橋,2024-06-04,9349
2328,廣宇,37,18,19,華南永昌-板橋,2024-06-04,9349
2405,輔信,54,35,19,華南永昌-板橋,2024-06-04,9349
5347,世界,170,151,19,華南永昌-板橋,2024-06-04,9349
2641,正德,22,4,18,華南永昌-板橋,2024-06-04,9349
2369,菱生,20,4,16,華南永昌-板橋,2024-06-04,9349
6245,立端,26,11,15,華南永昌-板橋,2024-06-04,9349
0056,元大高股息,16,1,15,華南永昌-板橋,2024-06-04,9349
2420,新巨,14,0,14,華南永昌-板橋,2024-06-04,9349
3033,威健,24,10,14,華南永昌-板橋,2024-06-04,9349
00946,群益科技高息成長,13,0,13,華南永昌-板橋,2024-06-04,9349
2357,華碩,12,0,12,華南永昌-板橋,2024-06-04,9349
4543,萬在,22,10,12,華南永昌-板橋,2024-06-04,9349
4938,和碩,12,0,12,華南永昌-板橋,2024-06-04,9349
5222,全訊,12,0,12,華南永昌-板橋,2024-06-04,9349
6269,台郡,12,0,12,華南永昌-板橋,2024-06-04,9349
6770,力積電,12,0,12,華南永昌-板橋,2024-06-04,9349
1618,合機,11,0,11,華南永昌-板橋,2024-06-04,9349
2408,南亞科,14,3,11,華南永昌-板橋,2024-06-04,9349
6129,普誠,11,0,11,華南永昌-板橋,2024-06-04,9349
2317,鴻海,43,32,11,華南永昌-板橋,2024-06-04,9349
00937B,群益ESG投等債20,12,1,11,華南永昌-板橋,2024-06-04,9349
2354,鴻準,60,50,10,華南永昌-板橋,2024-06-04,9349
00944,野村趨勢動能高息,10,0,10,華南永昌-板橋,2024-06-04,9349
3050,鈺德,10,0,10,華南永昌-板橋,2024-06-04,9349
4137,麗豐-KY,10,0,10,華南永昌-板橋,2024-06-04,9349
6166,凌華,12,2,10,華南永昌-板橋,2024-06-04,9349
8068,全達,10,0,10,華南永昌-板橋,2024-06-04,9349
6282,康舒,10,1,9,華南永昌-板橋,2024-06-04,9349
2002,中鋼,9,0,9,華南永昌-板橋,2024-06-04,9349
2301,光寶科,12,3,9,華南永昌-板橋,2024-06-04,9349
2308,台達電,11,2,9,華南永昌-板橋,2024-06-04,9349
1471,首利,9,0,9,華南永昌-板橋,2024-06-04,9349
2313,華通,11,2,9,華南永昌-板橋,2024-06-04,9349
00937B,群益ESG投等債20,262,31,231,華南永昌-板橋,2024-06-05,9349
00929,復華台灣科技優息,121,3,118,華南永昌-板橋,2024-06-05,9349
2501,國建,117,3,114,華南永昌-板橋,2024-06-05,9349
2331,精英,108,4,104,華南永昌-板橋,2024-06-05,9349
3290,東浦,100,0,100,華南永昌-板橋,2024-06-05,9349
6005,群益證,90,0,90,華南永昌-板橋,2024-06-05,9349
00936,台新永續高息中小,70,0,70,華南永昌-板橋,2024-06-05,9349
2888,新光金,74,12,62,華南永昌-板橋,2024-06-05,9349
00637L,元大滬深300正2,60,0,60,華南永昌-板橋,2024-06-05,9349
4157,太景*-KY,60,0,60,華南永昌-板橋,2024-06-05,9349
2317,鴻海,156,114,42,華南永昌-板橋,2024-06-05,9349
8183,精星,40,0,40,華南永昌-板橋,2024-06-05,9349
00878,國泰永續高股息,42,4,38,華南永昌-板橋,2024-06-05,9349
00946,群益科技高息成長,31,0,31,華南永昌-板橋,2024-06-05,9349
00632R,元大台灣50反1,30,0,30,華南永昌-板橋,2024-06-05,9349
2417,圓剛,33,5,28,華南永昌-板橋,2024-06-05,9349
3264,欣銓,26,2,24,華南永昌-板橋,2024-06-05,9349
2362,藍天,64,42,22,華南永昌-板橋,2024-06-05,9349
2344,華邦電,20,0,20,華南永昌-板橋,2024-06-05,9349
2002,中鋼,20,0,20,華南永昌-板橋,2024-06-05,9349
4137,麗豐-KY,20,0,20,華南永昌-板橋,2024-06-05,9349
2354,鴻準,64,46,18,華南永昌-板橋,2024-06-05,9349
3202,樺晟,22,4,18,華南永昌-板橋,2024-06-05,9349
6290,良維,20,2,18,華南永昌-板橋,2024-06-05,9349
2420,新巨,17,0,17,華南永昌-板橋,2024-06-05,9349
00918,大華優利高填息30,15,0,15,華南永昌-板橋,2024-06-05,9349
3017,奇鋐,17,2,15,華南永昌-板橋,2024-06-05,9349
1802,台玻,25,11,14,華南永昌-板橋,2024-06-05,9349
2356,英業達,27,13,14,華南永昌-板橋,2024-06-05,9349
3372,典範,14,0,14,華南永昌-板橋,2024-06-05,9349
00687B,國泰20年美債,20,7,13,華南永昌-板橋,2024-06-05,9349
3380,明泰,13,0,13,華南永昌-板橋,2024-06-05,9349
3483,力致,22,10,12,華南永昌-板橋,2024-06-05,9349
3231,緯創,18,6,12,華南永昌-板橋,2024-06-05,9349
6206,飛捷,12,0,12,華南永昌-板橋,2024-06-05,9349
3035,智原,16,5,11,華南永昌-板橋,2024-06-05,9349
6116,彩晶,11,0,11,華南永昌-板橋,2024-06-05,9349
2409,友達,11,1,10,華南永昌-板橋,2024-06-05,9349
00753L,中信中國50正2,10,0,10,華南永昌-板橋,2024-06-05,9349
00945B,凱基美國非投等債,10,0,10,華南永昌-板橋,2024-06-05,9349
2349,錸德,10,0,10,華南永昌-板橋,2024-06-05,9349
2504,國產,41,31,10,華南永昌-板橋,2024-06-05,9349
3362,先進光,11,1,10,華南永昌-板橋,2024-06-05,9349
3540,曜越,10,0,10,華南永昌-板橋,2024-06-05,9349
4303,信立,10,0,10,華南永昌-板橋,2024-06-05,9349
8446,華研,10,0,10,華南永昌-板橋,2024-06-05,9349
2301,光寶科,18,9,9,華南永昌-板橋,2024-06-05,9349
00940,元大台灣價值高息,20,11,9,華南永昌-板橋,2024-06-05,9349
2009,第一銅,10,1,9,華南永昌-板橋,2024-06-05,9349
3060,銘異,9,0,9,華南永昌-板橋,2024-06-05,9349
00632R,元大台灣50反1,237,10,227,華南永昌-板橋,2024-06-06,9349
2609,陽明,358,231,127,華南永昌-板橋,2024-06-06,9349
2801,彰銀,118,0,118,華南永昌-板橋,2024-06-06,9349
00936,台新永續高息中小,65,0,65,華南永昌-板橋,2024-06-06,9349
00637L,元大滬深300正2,50,0,50,華南永昌-板橋,2024-06-06,9349
00919,群益台灣精選高息,62,13,49,華南永昌-板橋,2024-06-06,9349
2356,英業達,43,4,39,華南永昌-板橋,2024-06-06,9349
6770,力積電,33,0,33,華南永昌-板橋,2024-06-06,9349
3491,昇達科,29,0,29,華南永昌-板橋,2024-06-06,9349
2301,光寶科,53,25,28,華南永昌-板橋,2024-06-06,9349
5340,建榮,27,0,27,華南永昌-板橋,2024-06-06,9349
2363,矽統,33,7,26,華南永昌-板橋,2024-06-06,9349
2834,臺企銀,30,6,24,華南永昌-板橋,2024-06-06,9349
2354,鴻準,67,43,24,華南永昌-板橋,2024-06-06,9349
1314,中石化,23,0,23,華南永昌-板橋,2024-06-06,9349
6147,頎邦,23,0,23,華南永昌-板橋,2024-06-06,9349
00918,大華優利高填息30,22,0,22,華南永昌-板橋,2024-06-06,9349
2101,南港,26,4,22,華南永昌-板橋,2024-06-06,9349
2520,冠德,67,45,22,華南永昌-板橋,2024-06-06,9349
5493,三聯,21,0,21,華南永昌-板橋,2024-06-06,9349
8271,宇瞻,20,0,20,華南永昌-板橋,2024-06-06,9349
1815,富喬,66,46,20,華南永昌-板橋,2024-06-06,9349
8028,昇陽半導體,20,0,20,華南永昌-板橋,2024-06-06,9349
2427,三商電,23,4,19,華南永昌-板橋,2024-06-06,9349
2482,連宇,20,1,19,華南永昌-板橋,2024-06-06,9349
3030,德律,43,24,19,華南永昌-板橋,2024-06-06,9349
00882,中信中國高股息,20,2,18,華南永昌-板橋,2024-06-06,9349
8101,華冠,18,0,18,華南永昌-板橋,2024-06-06,9349
2543,皇昌,17,0,17,華南永昌-板橋,2024-06-06,9349
6550,北極星藥業-KY,17,1,16,華南永昌-板橋,2024-06-06,9349
3189,景碩,15,0,15,華南永昌-板橋,2024-06-06,9349
00935,野村臺灣新科技50,15,0,15,華南永昌-板橋,2024-06-06,9349
2374,佳能,20,5,15,華南永昌-板橋,2024-06-06,9349
2328,廣宇,49,34,15,華南永昌-板橋,2024-06-06,9349
5484,慧友,14,0,14,華南永昌-板橋,2024-06-06,9349
00946,群益科技高息成長,12,0,12,華南永昌-板橋,2024-06-06,9349
2353,宏��,14,2,12,華南永昌-板橋,2024-06-06,9349
2634,漢翔,24,12,12,華南永昌-板橋,2024-06-06,9349
3231,緯創,15,4,11,華南永昌-板橋,2024-06-06,9349
1303,南亞,12,1,11,華南永昌-板橋,2024-06-06,9349
2331,精英,16,5,11,華南永昌-板橋,2024-06-06,9349
2420,新巨,11,0,11,華南永昌-板橋,2024-06-06,9349
3260,威剛,15,4,11,華南永昌-板橋,2024-06-06,9349
4716,大立,13,2,11,華南永昌-板橋,2024-06-06,9349
6215,和椿,22,11,11,華南永昌-板橋,2024-06-06,9349
6270,倍微,12,1,11,華南永昌-板橋,2024-06-06,9349
3017,奇鋐,15,5,10,華南永昌-板橋,2024-06-06,9349
2352,佳世達,10,0,10,華南永昌-板橋,2024-06-06,9349
00939,統一台灣高息動能,10,0,10,華南永昌-板橋,2024-06-06,9349
00885,富邦越南,10,0,10,華南永昌-板橋,2024-06-06,9349
00933B,國泰10Y+金融債,151,0,151,華南永昌-板橋,2024-06-07,9349
2312,金寶,172,105,67,華南永昌-板橋,2024-06-07,9349
00687B,國泰20年美債,67,2,65,華南永昌-板橋,2024-06-07,9349
00935,野村臺灣新科技50,50,0,50,華南永昌-板橋,2024-06-07,9349
00929,復華台灣科技優息,50,6,44,華南永昌-板橋,2024-06-07,9349
5258,虹堡,40,0,40,華南永昌-板橋,2024-06-07,9349
2601,益航,44,9,35,華南永昌-板橋,2024-06-07,9349
00919,群益台灣精選高息,37,3,34,華南永昌-板橋,2024-06-07,9349
2344,華邦電,31,0,31,華南永昌-板橋,2024-06-07,9349
2615,萬海,76,45,31,華南永昌-板橋,2024-06-07,9349
2603,長榮,38,11,27,華南永昌-板橋,2024-06-07,9349
00918,大華優利高填息30,27,1,26,華南永昌-板橋,2024-06-07,9349
2317,鴻海,63,37,26,華南永昌-板橋,2024-06-07,9349
2356,英業達,28,3,25,華南永昌-板橋,2024-06-07,9349
2516,新建,22,0,22,華南永昌-板橋,2024-06-07,9349
4157,太景*-KY,20,0,20,華南永昌-板橋,2024-06-07,9349
2330,台積電,18,0,18,華南永昌-板橋,2024-06-07,9349
2618,長榮航,40,22,18,華南永昌-板橋,2024-06-07,9349
3231,緯創,27,10,17,華南永昌-板橋,2024-06-07,9349
1609,大亞,38,21,17,華南永昌-板橋,2024-06-07,9349
2420,新巨,17,0,17,華南永昌-板橋,2024-06-07,9349
1308,亞聚,16,0,16,華南永昌-板橋,2024-06-07,9349
1802,台玻,18,2,16,華南永昌-板橋,2024-06-07,9349
00936,台新永續高息中小,15,0,15,華南永昌-板橋,2024-06-07,9349
00637L,元大滬深300正2,15,0,15,華南永昌-板橋,2024-06-07,9349
1101,台泥,16,1,15,華南永昌-板橋,2024-06-07,9349
2482,連宇,16,1,15,華南永昌-板橋,2024-06-07,9349
6239,力成,15,0,15,華南永昌-板橋,2024-06-07,9349
2374,佳能,14,0,14,華南永昌-板橋,2024-06-07,9349
3017,奇鋐,17,4,13,華南永昌-板橋,2024-06-07,9349
6125,廣運,18,5,13,華南永昌-板橋,2024-06-07,9349
00639,富邦深100,12,0,12,華南永昌-板橋,2024-06-07,9349
1795,美時,12,0,12,華南永昌-板橋,2024-06-07,9349
2891,中信金,13,2,11,華南永昌-板橋,2024-06-07,9349
3481,群創,46,35,11,華南永昌-板橋,2024-06-07,9349
3483,力致,11,0,11,華南永昌-板橋,2024-06-07,9349
3706,神達,12,1,11,華南永昌-板橋,2024-06-07,9349
4303,信立,11,0,11,華南永昌-板橋,2024-06-07,9349
00688L,國泰20年美債正2,10,0,10,華南永昌-板橋,2024-06-07,9349
1414,東和,10,0,10,華南永昌-板橋,2024-06-07,9349
2515,中工,12,2,10,華南永昌-板橋,2024-06-07,9349
3607,谷崧,10,0,10,華南永昌-板橋,2024-06-07,9349
4129,聯合,10,0,10,華南永昌-板橋,2024-06-07,9349
8446,華研,10,0,10,華南永昌-板橋,2024-06-07,9349
6282,康舒,10,1,9,華南永昌-板橋,2024-06-07,9349
1513,中興電,38,29,9,華南永昌-板橋,2024-06-07,9349
3380,明泰,9,0,9,華南永昌-板橋,2024-06-07,9349
4979,華星光,9,0,9,華南永昌-板橋,2024-06-07,9349
1524,耿鼎,8,0,8,華南永昌-板橋,2024-06-07,9349
2362,藍天,9,1,8,華南永昌-板橋,2024-06-07,9349
00937B,群益ESG投等債20,335,80,255,華南永昌-板橋,2024-06-11,9349
2520,冠德,232,44,188,華南永昌-板橋,2024-06-11,9349
4960,誠美材,180,0,180,華南永昌-板橋,2024-06-11,9349
2356,英業達,165,46,119,華南永昌-板橋,2024-06-11,9349
2101,南港,120,2,118,華南永昌-板橋,2024-06-11,9349
9946,三發地產,107,3,104,華南永昌-板橋,2024-06-11,9349
9919,康那香,101,0,101,華南永昌-板橋,2024-06-11,9349
00918,大華優利高填息30,91,1,90,華南永昌-板橋,2024-06-11,9349
00929,復華台灣科技優息,85,2,83,華南永昌-板橋,2024-06-11,9349
2331,精英,82,3,79,華南永昌-板橋,2024-06-11,9349
2615,萬海,320,257,63,華南永昌-板橋,2024-06-11,9349
00942B,台新美A公司債20+,62,0,62,華南永昌-板橋,2024-06-11,9349
1522,堤維西,70,8,62,華南永昌-板橋,2024-06-11,9349
00686R,群益臺灣加權反1,50,0,50,華南永昌-板橋,2024-06-11,9349
00935,野村臺灣新科技50,50,0,50,華南永昌-板橋,2024-06-11,9349
4306,炎洲,50,0,50,華南永昌-板橋,2024-06-11,9349
2603,長榮,170,124,46,華南永昌-板橋,2024-06-11,9349
2881,富邦金,50,6,44,華南永昌-板橋,2024-06-11,9349
00936,台新永續高息中小,53,10,43,華南永昌-板橋,2024-06-11,9349
2882,國泰金,54,15,39,華南永昌-板橋,2024-06-11,9349
1784,訊聯,33,0,33,華南永昌-板橋,2024-06-11,9349
00679B,元大美債20年,55,24,31,華南永昌-板橋,2024-06-11,9349
2888,新光金,122,91,31,華南永昌-板橋,2024-06-11,9349
00878,國泰永續高股息,35,5,30,華南永昌-板橋,2024-06-11,9349
2634,漢翔,34,4,30,華南永昌-板橋,2024-06-11,9349
00919,群益台灣精選高息,30,0,30,華南永昌-板橋,2024-06-11,9349
2417,圓剛,29,0,29,華南永昌-板橋,2024-06-11,9349
5263,智崴,40,12,28,華南永昌-板橋,2024-06-11,9349
00687B,國泰20年美債,31,4,27,華南永昌-板橋,2024-06-11,9349
00940,元大台灣價值高息,54,27,27,華南永昌-板橋,2024-06-11,9349
1532,勤美,30,3,27,華南永昌-板橋,2024-06-11,9349
4129,聯合,27,0,27,華南永昌-板橋,2024-06-11,9349
1608,華榮,25,0,25,華南永昌-板橋,2024-06-11,9349
1447,力鵬,24,0,24,華南永昌-板橋,2024-06-11,9349
2547,日勝生,23,0,23,華南永昌-板橋,2024-06-11,9349
3444,利機,31,9,22,華南永昌-板橋,2024-06-11,9349
2301,光寶科,22,0,22,華南永昌-板橋,2024-06-11,9349
1609,大亞,29,8,21,華南永昌-板橋,2024-06-11,9349
00931B,統一美債20年,20,0,20,華南永昌-板橋,2024-06-11,9349
3078,僑威,20,0,20,華南永昌-板橋,2024-06-11,9349
5465,富驊,20,0,20,華南永昌-板橋,2024-06-11,9349
6206,飛捷,20,0,20,華南永昌-板橋,2024-06-11,9349
00680L,元大美債20正2,19,0,19,華南永昌-板橋,2024-06-11,9349
4906,正文,20,1,19,華南永昌-板橋,2024-06-11,9349
5251,天鉞電,19,0,19,華南永昌-板橋,2024-06-11,9349
00720B,元大投資級公司債,16,0,16,華南永昌-板橋,2024-06-11,9349
1314,中石化,16,0,16,華南永昌-板橋,2024-06-11,9349
1504,東元,16,0,16,華南永昌-板橋,2024-06-11,9349
2449,京元電子,19,3,16,華南永昌-板橋,2024-06-11,9349
2885,元大金,16,0,16,華南永昌-板橋,2024-06-11,9349
4960,誠美材,500,0,500,華南永昌-板橋,2024-06-12,9349
00632R,元大台灣50反1,336,51,285,華南永昌-板橋,2024-06-12,9349
3290,東浦,70,0,70,華南永昌-板橋,2024-06-12,9349
9946,三發地產,62,0,62,華南永昌-板橋,2024-06-12,9349
00929,復華台灣科技優息,62,3,59,華南永昌-板橋,2024-06-12,9349
00753L,中信中國50正2,50,0,50,華南永昌-板橋,2024-06-12,9349
3622,洋華,37,0,37,華南永昌-板橋,2024-06-12,9349
2353,宏��,33,0,33,華南永昌-板橋,2024-06-12,9349
3491,昇達科,32,0,32,華南永昌-板橋,2024-06-12,9349
2897,王道銀行,31,0,31,華南永昌-板橋,2024-06-12,9349
00882,中信中國高股息,27,0,27,華南永昌-板橋,2024-06-12,9349
2101,南港,27,0,27,華南永昌-板橋,2024-06-12,9349
5531,鄉林,26,0,26,華南永昌-板橋,2024-06-12,9349
00885,富邦越南,25,0,25,華南永昌-板橋,2024-06-12,9349
2520,冠德,27,2,25,華南永昌-板橋,2024-06-12,9349
00946,群益科技高息成長,25,2,23,華南永昌-板橋,2024-06-12,9349
00942B,台新美A公司債20+,22,0,22,華南永昌-板橋,2024-06-12,9349
00937B,群益ESG投等債20,21,0,21,華南永昌-板橋,2024-06-12,9349
00712,復華富時不動產,20,0,20,華南永昌-板橋,2024-06-12,9349
2349,錸德,20,0,20,華南永昌-板橋,2024-06-12,9349
00918,大華優利高填息30,20,0,20,華南永昌-板橋,2024-06-12,9349
3576,聯合再生,20,0,20,華南永昌-板橋,2024-06-12,9349
6111,大宇資,20,0,20,華南永昌-板橋,2024-06-12,9349
2417,圓剛,19,0,19,華南永昌-板橋,2024-06-12,9349
3665,貿聯-KY,19,0,19,華南永昌-板橋,2024-06-12,9349
00919,群益台灣精選高息,18,0,18,華南永昌-板橋,2024-06-12,9349
1815,富喬,25,7,18,華南永昌-板橋,2024-06-12,9349
2323,中環,18,0,18,華南永昌-板橋,2024-06-12,9349
3450,聯鈞,21,3,18,華南永昌-板橋,2024-06-12,9349
4533,協易機,20,3,17,華南永昌-板橋,2024-06-12,9349
1314,中石化,25,10,15,華南永昌-板橋,2024-06-12,9349
2420,新巨,15,0,15,華南永昌-板橋,2024-06-12,9349
2486,一詮,15,0,15,華南永昌-板橋,2024-06-12,9349
4129,聯合,15,0,15,華南永昌-板橋,2024-06-12,9349
4979,華星光,25,10,15,華南永昌-板橋,2024-06-12,9349
00878,國泰永續高股息,14,0,14,華南永昌-板橋,2024-06-12,9349
4127,天良,15,1,14,華南永昌-板橋,2024-06-12,9349
1110,東泥,13,0,13,華南永昌-板橋,2024-06-12,9349
2344,華邦電,12,0,12,華南永昌-板橋,2024-06-12,9349
1514,亞力,13,1,12,華南永昌-板橋,2024-06-12,9349
00752,中信中國50,11,0,11,華南永昌-板橋,2024-06-12,9349
2425,承啟,11,0,11,華南永昌-板橋,2024-06-12,9349
8446,華研,11,0,11,華南永昌-板橋,2024-06-12,9349
2641,正德,11,0,11,華南永昌-板橋,2024-06-12,9349
1582,信錦,10,0,10,華南永昌-板橋,2024-06-12,9349
1732,毛寶,10,0,10,華南永昌-板橋,2024-06-12,9349
2515,中工,12,2,10,華南永昌-板橋,2024-06-12,9349
4167,松瑞藥,11,1,10,華南永昌-板橋,2024-06-12,9349
2351,順德,10,1,9,華南永昌-板橋,2024-06-12,9349
2606,裕民,10,1,9,華南永昌-板橋,2024-06-12,9349
00632R,元大台灣50反1,501,55,446,華南永昌-板橋,2024-06-13,9349
00637L,元大滬深300正2,115,3,112,華南永昌-板橋,2024-06-13,9349
2888,新光金,114,11,103,華南永昌-板橋,2024-06-13,9349
1784,訊聯,56,1,55,華南永昌-板橋,2024-06-13,9349
00929,復華台灣科技優息,67,13,54,華南永昌-板橋,2024-06-13,9349
00946,群益科技高息成長,45,1,44,華南永昌-板橋,2024-06-13,9349
2365,昆盈,43,4,39,華南永昌-板橋,2024-06-13,9349
4976,佳凌,40,2,38,華南永昌-板橋,2024-06-13,9349
2883,凱基金,38,2,36,華南永昌-板橋,2024-06-13,9349
2609,陽明,121,87,34,華南永昌-板橋,2024-06-13,9349
2368,金像電,37,3,34,華南永昌-板橋,2024-06-13,9349
5347,世界,179,145,34,華南永昌-板橋,2024-06-13,9349
00948B,中信優息投資級債,50,17,33,華南永昌-板橋,2024-06-13,9349
00686R,群益臺灣加權反1,30,0,30,華南永昌-板橋,2024-06-13,9349
2337,旺宏,31,1,30,華南永昌-板橋,2024-06-13,9349
2241,艾姆勒,31,3,28,華南永昌-板橋,2024-06-13,9349
6449,鈺邦,28,0,28,華南永昌-板橋,2024-06-13,9349
8028,昇陽半導體,41,14,27,華南永昌-板橋,2024-06-13,9349
00915,凱基優選高股息30,24,0,24,華南永昌-板橋,2024-06-13,9349
2801,彰銀,20,0,20,華南永昌-板橋,2024-06-13,9349
2342,茂矽,20,0,20,華南永昌-板橋,2024-06-13,9349
2460,建通,20,1,19,華南永昌-板橋,2024-06-13,9349
2002,中鋼,19,1,18,華南永昌-板橋,2024-06-13,9349
6139,亞翔,21,5,16,華南永昌-板橋,2024-06-13,9349
6111,大宇資,15,0,15,華南永昌-板橋,2024-06-13,9349
2420,新巨,17,2,15,華南永昌-板橋,2024-06-13,9349
00882,中信中國高股息,20,6,14,華南永昌-板橋,2024-06-13,9349
1617,榮星,20,6,14,華南永昌-板橋,2024-06-13,9349
4768,晶呈科技,15,1,14,華南永昌-板橋,2024-06-13,9349
00936,台新永續高息中小,13,1,12,華南永昌-板橋,2024-06-13,9349
1802,台玻,12,0,12,華南永昌-板橋,2024-06-13,9349
3264,欣銓,12,0,12,華南永昌-板橋,2024-06-13,9349
3444,利機,12,0,12,華南永昌-板橋,2024-06-13,9349
6190,萬泰科,15,3,12,華南永昌-板橋,2024-06-13,9349
1522,堤維西,14,3,11,華南永昌-板橋,2024-06-13,9349
4909,新復興,19,8,11,華南永昌-板橋,2024-06-13,9349
00850,元大臺灣ESG永續,10,0,10,華南永昌-板橋,2024-06-13,9349
00646,元大S＆P500,10,0,10,華南永昌-板橋,2024-06-13,9349
00892,富邦台灣半導體,10,0,10,華南永昌-板橋,2024-06-13,9349
00905,FT臺灣Smart,10,0,10,華南永昌-板橋,2024-06-13,9349
2351,順德,11,1,10,華南永昌-板橋,2024-06-13,9349
2426,鼎元,10,0,10,華南永昌-板橋,2024-06-13,9349
3312,弘憶股,21,11,10,華南永昌-板橋,2024-06-13,9349
4129,聯合,10,0,10,華南永昌-板橋,2024-06-13,9349
4137,麗豐-KY,10,0,10,華南永昌-板橋,2024-06-13,9349
6788,華景電,12,2,10,華南永昌-板橋,2024-06-13,9349
00941,中信上游半導體,11,2,9,華南永昌-板橋,2024-06-13,9349
9945,潤泰新,10,1,9,華南永昌-板橋,2024-06-13,9349
2357,華碩,24,15,9,華南永昌-板橋,2024-06-13,9349
2882,國泰金,9,1,8,華南永昌-板橋,2024-06-13,9349
00937B,群益ESG投等債20,200,25,175,華南永昌-板橋,2024-06-14,9349
2883,凱基金,122,2,120,華南永昌-板橋,2024-06-14,9349
5347,世界,157,50,107,華南永昌-板橋,2024-06-14,9349
2371,大同,125,43,82,華南永昌-板橋,2024-06-14,9349
6770,力積電,87,13,74,華南永昌-板橋,2024-06-14,9349
4157,太景*-KY,58,0,58,華南永昌-板橋,2024-06-14,9349
3048,益登,78,21,57,華南永昌-板橋,2024-06-14,9349
00706L,期元大S＆P日圓正2,56,0,56,華南永昌-板橋,2024-06-14,9349
3202,樺晟,58,2,56,華南永昌-板橋,2024-06-14,9349
00918,大華優利高填息30,53,0,53,華南永昌-板橋,2024-06-14,9349
00919,群益台灣精選高息,37,1,36,華南永昌-板橋,2024-06-14,9349
00713,元大台灣高息低波,32,0,32,華南永昌-板橋,2024-06-14,9349
1101,台泥,34,2,32,華南永昌-板橋,2024-06-14,9349
00632R,元大台灣50反1,30,0,30,華南永昌-板橋,2024-06-14,9349
00650L,復華香港正2,60,30,30,華南永昌-板橋,2024-06-14,9349
2449,京元電子,114,85,29,華南永昌-板橋,2024-06-14,9349
2888,新光金,31,3,28,華南永昌-板橋,2024-06-14,9349
1110,東泥,26,0,26,華南永昌-板橋,2024-06-14,9349
3374,精材,44,19,25,華南永昌-板橋,2024-06-14,9349
5531,鄉林,29,5,24,華南永昌-板橋,2024-06-14,9349
2351,順德,21,0,21,華南永昌-板橋,2024-06-14,9349
2613,中櫃,36,16,20,華南永昌-板橋,2024-06-14,9349
00733,富邦臺灣中小,20,0,20,華南永昌-板橋,2024-06-14,9349
3710,連展投控,20,0,20,華南永昌-板橋,2024-06-14,9349
6743,安普新,19,0,19,華南永昌-板橋,2024-06-14,9349
00878,國泰永續高股息,55,37,18,華南永昌-板橋,2024-06-14,9349
1609,大亞,49,31,18,華南永昌-板橋,2024-06-14,9349
6488,環球晶,16,0,16,華南永昌-板橋,2024-06-14,9349
1513,中興電,44,29,15,華南永昌-板橋,2024-06-14,9349
6235,華孚,15,0,15,華南永昌-板橋,2024-06-14,9349
3372,典範,20,5,15,華南永昌-板橋,2024-06-14,9349
3450,聯鈞,28,14,14,華南永昌-板橋,2024-06-14,9349
6111,大宇資,16,2,14,華南永昌-板橋,2024-06-14,9349
00929,復華台灣科技優息,31,18,13,華南永昌-板橋,2024-06-14,9349
5236,凌陽創新,13,0,13,華南永昌-板橋,2024-06-14,9349
3515,華擎,14,2,12,華南永昌-板橋,2024-06-14,9349
00941,中信上游半導體,12,0,12,華南永昌-板橋,2024-06-14,9349
2002,中鋼,17,5,12,華南永昌-板橋,2024-06-14,9349
3597,映興,12,0,12,華南永昌-板橋,2024-06-14,9349
00687B,國泰20年美債,21,9,12,華南永昌-板橋,2024-06-14,9349
2618,長榮航,25,14,11,華南永昌-板橋,2024-06-14,9349
3444,利機,31,20,11,華南永昌-板橋,2024-06-14,9349
8147,正淩,11,0,11,華南永昌-板橋,2024-06-14,9349
00712,復華富時不動產,11,0,11,華南永昌-板橋,2024-06-14,9349
2303,聯電,22,12,10,華南永昌-板橋,2024-06-14,9349
00664R,國泰臺灣加權反1,10,0,10,華南永昌-板橋,2024-06-14,9349
1528,恩德,10,0,10,華南永昌-板橋,2024-06-14,9349
2324,仁寶,10,0,10,華南永昌-板橋,2024-06-14,9349
2354,鴻準,15,5,10,華南永昌-板橋,2024-06-14,9349
2438,翔耀,10,0,10,華南永昌-板橋,2024-06-14,9349
00940,元大台灣價值高息,119,6,113,華南永昌-板橋,2024-06-17,9349
00725B,國泰投資級公司債,100,1,99,華南永昌-板橋,2024-06-17,9349
00632R,元大台灣50反1,71,0,71,華南永昌-板橋,2024-06-17,9349
2883,凱基金,72,5,67,華南永昌-板橋,2024-06-17,9349
00936,台新永續高息中小,69,7,62,華南永昌-板橋,2024-06-17,9349
00929,復華台灣科技優息,104,43,61,華南永昌-板橋,2024-06-17,9349
5475,德宏,56,0,56,華南永昌-板橋,2024-06-17,9349
2371,大同,181,138,43,華南永昌-板橋,2024-06-17,9349
00687B,國泰20年美債,47,6,41,華南永昌-板橋,2024-06-17,9349
2501,國建,49,11,38,華南永昌-板橋,2024-06-17,9349
2615,萬海,80,47,33,華南永昌-板橋,2024-06-17,9349
2882,國泰金,32,0,32,華南永昌-板橋,2024-06-17,9349
4768,晶呈科技,102,70,32,華南永昌-板橋,2024-06-17,9349
2520,冠德,31,0,31,華南永昌-板橋,2024-06-17,9349
2351,順德,41,12,29,華南永昌-板橋,2024-06-17,9349
00720B,元大投資級公司債,26,0,26,華南永昌-板橋,2024-06-17,9349
3466,德晉,47,22,25,華南永昌-板橋,2024-06-17,9349
2101,南港,46,22,24,華南永昌-板橋,2024-06-17,9349
2613,中櫃,32,8,24,華南永昌-板橋,2024-06-17,9349
3105,穩懋,24,0,24,華南永昌-板橋,2024-06-17,9349
3005,神基,26,3,23,華南永昌-板橋,2024-06-17,9349
00918,大華優利高填息30,25,2,23,華南永昌-板橋,2024-06-17,9349
2449,京元電子,70,48,22,華南永昌-板橋,2024-06-17,9349
00772B,中信高評級公司債,21,0,21,華南永昌-板橋,2024-06-17,9349
00946,群益科技高息成長,36,15,21,華南永昌-板橋,2024-06-17,9349
2610,華航,20,0,20,華南永昌-板橋,2024-06-17,9349
00878,國泰永續高股息,20,0,20,華南永昌-板橋,2024-06-17,9349
00686R,群益臺灣加權反1,20,0,20,華南永昌-板橋,2024-06-17,9349
00751B,元大AAA至A公司債,20,0,20,華南永昌-板橋,2024-06-17,9349
00853B,統一美債10年Aa-,18,0,18,華南永昌-板橋,2024-06-17,9349
2312,金寶,64,46,18,華南永昌-板橋,2024-06-17,9349
3362,先進光,18,0,18,華南永昌-板橋,2024-06-17,9349
1110,東泥,17,0,17,華南永昌-板橋,2024-06-17,9349
1504,東元,17,0,17,華南永昌-板橋,2024-06-17,9349
2022,聚亨,17,0,17,華南永昌-板橋,2024-06-17,9349
3597,映興,17,0,17,華南永昌-板橋,2024-06-17,9349
3710,連展投控,22,5,17,華南永昌-板橋,2024-06-17,9349
5608,四維航,16,0,16,華南永昌-板橋,2024-06-17,9349
2377,微星,16,1,15,華南永昌-板橋,2024-06-17,9349
00679B,元大美債20年,17,2,15,華南永昌-板橋,2024-06-17,9349
00937B,群益ESG投等債20,13,0,13,華南永昌-板橋,2024-06-17,9349
1809,中釉,16,3,13,華南永昌-板橋,2024-06-17,9349
2438,翔耀,13,0,13,華南永昌-板橋,2024-06-17,9349
4979,華星光,18,5,13,華南永昌-板橋,2024-06-17,9349
9904,寶成,13,0,13,華南永昌-板橋,2024-06-17,9349
1301,台塑,18,6,12,華南永昌-板橋,2024-06-17,9349
3450,聯鈞,14,2,12,華南永昌-板橋,2024-06-17,9349
2504,國產,36,25,11,華南永昌-板橋,2024-06-17,9349
00939,統一台灣高息動能,12,1,11,華南永昌-板橋,2024-06-17,9349
2405,輔信,11,0,11,華南永昌-板橋,2024-06-17,9349
00632R,元大台灣50反1,534,5,529,華南永昌-板橋,2024-06-18,9349
2371,大同,233,128,105,華南永昌-板橋,2024-06-18,9349
6142,友勁,90,0,90,華南永昌-板橋,2024-06-18,9349
2317,鴻海,89,8,81,華南永昌-板橋,2024-06-18,9349
2515,中工,48,0,48,華南永昌-板橋,2024-06-18,9349
6156,松上,43,0,43,華南永昌-板橋,2024-06-18,9349
2615,萬海,68,27,41,華南永昌-板橋,2024-06-18,9349
3450,聯鈞,47,11,36,華南永昌-板橋,2024-06-18,9349
1301,台塑,28,0,28,華南永昌-板橋,2024-06-18,9349
2353,宏��,36,8,28,華南永昌-板橋,2024-06-18,9349
00937B,群益ESG投等債20,28,4,24,華南永昌-板橋,2024-06-18,9349
2354,鴻準,26,3,23,華南永昌-板橋,2024-06-18,9349
3290,東浦,24,2,22,華南永昌-板橋,2024-06-18,9349
3665,貿聯-KY,24,4,20,華南永昌-板橋,2024-06-18,9349
1310,台苯,20,0,20,華南永昌-板橋,2024-06-18,9349
1809,中釉,20,0,20,華南永昌-板橋,2024-06-18,9349
00720B,元大投資級公司債,19,0,19,華南永昌-板橋,2024-06-18,9349
6218,豪勉,18,0,18,華南永昌-板橋,2024-06-18,9349
4768,晶呈科技,47,30,17,華南永昌-板橋,2024-06-18,9349
912000,晨訊科-DR,16,0,16,華南永昌-板橋,2024-06-18,9349
2031,新光鋼,24,9,15,華南永昌-板橋,2024-06-18,9349
3481,群創,31,16,15,華南永昌-板橋,2024-06-18,9349
2349,錸德,15,0,15,華南永昌-板橋,2024-06-18,9349
4128,中天,15,0,15,華南永昌-板橋,2024-06-18,9349
00921,兆豐龍頭等權重,14,0,14,華南永昌-板橋,2024-06-18,9349
2543,皇昌,15,1,14,華南永昌-板橋,2024-06-18,9349
5340,建榮,14,0,14,華南永昌-板橋,2024-06-18,9349
2027,大成鋼,12,0,12,華南永昌-板橋,2024-06-18,9349
8096,擎亞,73,61,12,華南永昌-板橋,2024-06-18,9349
1326,台化,11,0,11,華南永昌-板橋,2024-06-18,9349
1504,東元,102,91,11,華南永昌-板橋,2024-06-18,9349
2374,佳能,11,0,11,華南永昌-板橋,2024-06-18,9349
4977,眾達-KY,11,0,11,華南永昌-板橋,2024-06-18,9349
00948B,中信優息投資級債,10,0,10,華南永昌-板橋,2024-06-18,9349
1217,愛之味,10,0,10,華南永昌-板橋,2024-06-18,9349
2312,金寶,30,20,10,華南永昌-板橋,2024-06-18,9349
3049,精金,10,0,10,華南永昌-板橋,2024-06-18,9349
3217,優群,21,11,10,華南永昌-板橋,2024-06-18,9349
6147,頎邦,10,0,10,華南永昌-板橋,2024-06-18,9349
8040,九暘,15,5,10,華南永昌-板橋,2024-06-18,9349
1101,台泥,10,1,9,華南永昌-板橋,2024-06-18,9349
00687B,國泰20年美債,10,1,9,華南永昌-板橋,2024-06-18,9349
1524,耿鼎,10,1,9,華南永昌-板橋,2024-06-18,9349
2887,台新金,9,0,9,華南永昌-板橋,2024-06-18,9349
3624,光頡,10,1,9,華南永昌-板橋,2024-06-18,9349
5302,太欣,10,1,9,華南永昌-板橋,2024-06-18,9349
00679B,元大美債20年,9,1,8,華南永昌-板橋,2024-06-18,9349
1784,訊聯,14,6,8,華南永昌-板橋,2024-06-18,9349
5351,鈺創,10,2,8,華南永昌-板橋,2024-06-18,9349
6414,樺漢,8,0,8,華南永昌-板橋,2024-06-18,9349
00632R,元大台灣50反1,1008,0,1008,華南永昌-板橋,2024-06-19,9349
00935,野村臺灣新科技50,200,3,197,華南永昌-板橋,2024-06-19,9349
1734,杏輝,120,0,120,華南永昌-板橋,2024-06-19,9349
2371,大同,184,82,102,華南永昌-板橋,2024-06-19,9349
4960,誠美材,100,0,100,華南永昌-板橋,2024-06-19,9349
2362,藍天,95,15,80,華南永昌-板橋,2024-06-19,9349
5443,均豪,83,12,71,華南永昌-板橋,2024-06-19,9349
00946,群益科技高息成長,68,8,60,華南永昌-板橋,2024-06-19,9349
00712,復華富時不動產,92,34,58,華南永昌-板橋,2024-06-19,9349
2881,富邦金,51,0,51,華南永昌-板橋,2024-06-19,9349
2601,益航,50,0,50,華南永昌-板橋,2024-06-19,9349
00942B,台新美A公司債20+,40,0,40,華南永昌-板橋,2024-06-19,9349
6156,松上,39,0,39,華南永昌-板橋,2024-06-19,9349
00918,大華優利高填息30,43,5,38,華南永昌-板橋,2024-06-19,9349
3062,建漢,41,4,37,華南永昌-板橋,2024-06-19,9349
4768,晶呈科技,47,11,36,華南永昌-板橋,2024-06-19,9349
2520,冠德,33,0,33,華南永昌-板橋,2024-06-19,9349
3673,TPK-KY,34,1,33,華南永昌-板橋,2024-06-19,9349
00937B,群益ESG投等債20,40,11,29,華南永昌-板橋,2024-06-19,9349
2476,鉅祥,36,8,28,華南永昌-板橋,2024-06-19,9349
1522,堤維西,29,5,24,華南永昌-板橋,2024-06-19,9349
1616,億泰,24,1,23,華南永昌-板橋,2024-06-19,9349
5243,乙盛-KY,23,0,23,華南永昌-板橋,2024-06-19,9349
1785,光洋科,29,6,23,華南永昌-板橋,2024-06-19,9349
4566,時碩工業,35,14,21,華南永昌-板橋,2024-06-19,9349
1313,聯成,20,0,20,華南永昌-板橋,2024-06-19,9349
2478,大毅,20,0,20,華南永昌-板橋,2024-06-19,9349
3305,昇貿,20,0,20,華南永昌-板橋,2024-06-19,9349
4157,太景*-KY,20,0,20,華南永昌-板橋,2024-06-19,9349
6016,康和證,20,0,20,華南永昌-板橋,2024-06-19,9349
1815,富喬,52,33,19,華南永昌-板橋,2024-06-19,9349
2027,大成鋼,24,5,19,華南永昌-板橋,2024-06-19,9349
2317,鴻海,106,87,19,華南永昌-板橋,2024-06-19,9349
6164,華興,18,0,18,華南永昌-板橋,2024-06-19,9349
1532,勤美,18,1,17,華南永昌-板橋,2024-06-19,9349
3041,揚智,17,0,17,華南永昌-板橋,2024-06-19,9349
6770,力積電,27,11,16,華南永昌-板橋,2024-06-19,9349
1229,聯華,15,0,15,華南永昌-板橋,2024-06-19,9349
3379,彬台,15,0,15,華南永昌-板橋,2024-06-19,9349
8028,昇陽半導體,18,3,15,華南永昌-板橋,2024-06-19,9349
00936,台新永續高息中小,15,1,14,華南永昌-板橋,2024-06-19,9349
912000,晨訊科-DR,20,6,14,華南永昌-板橋,2024-06-19,9349
00687B,國泰20年美債,14,0,14,華南永昌-板橋,2024-06-19,9349
2353,宏��,18,5,13,華南永昌-板橋,2024-06-19,9349
2609,陽明,60,48,12,華南永昌-板橋,2024-06-19,9349
3013,晟銘電,13,1,12,華南永昌-板橋,2024-06-19,9349
1504,東元,92,80,12,華南永昌-板橋,2024-06-19,9349
2515,中工,12,0,12,華南永昌-板橋,2024-06-19,9349
2634,漢翔,12,0,12,華南永昌-板橋,2024-06-19,9349
5608,四維航,12,0,12,華南永昌-板橋,2024-06-19,9349
00632R,元大台灣50反1,262,18,244,華南永昌-板橋,2024-06-20,9349
00937B,群益ESG投等債20,205,0,205,華南永昌-板橋,2024-06-20,9349
6142,友勁,150,0,150,華南永昌-板橋,2024-06-20,9349
2888,新光金,135,2,133,華南永昌-板橋,2024-06-20,9349
00940,元大台灣價值高息,186,83,103,華南永昌-板橋,2024-06-20,9349
3597,映興,77,0,77,華南永昌-板橋,2024-06-20,9349
2363,矽統,86,11,75,華南永昌-板橋,2024-06-20,9349
00919,群益台灣精選高息,83,15,68,華南永昌-板橋,2024-06-20,9349
2515,中工,53,3,50,華南永昌-板橋,2024-06-20,9349
8105,凌巨,61,16,45,華南永昌-板橋,2024-06-20,9349
5272,笙科,40,0,40,華南永昌-板橋,2024-06-20,9349
3481,群創,42,10,32,華南永昌-板橋,2024-06-20,9349
00751B,元大AAA至A公司債,32,0,32,華南永昌-板橋,2024-06-20,9349
2356,英業達,60,28,32,華南永昌-板橋,2024-06-20,9349
2353,宏��,37,5,32,華南永昌-板橋,2024-06-20,9349
4157,太景*-KY,30,0,30,華南永昌-板橋,2024-06-20,9349
5347,世界,36,9,27,華南永昌-板橋,2024-06-20,9349
00929,復華台灣科技優息,32,6,26,華南永昌-板橋,2024-06-20,9349
2344,華邦電,45,19,26,華南永昌-板橋,2024-06-20,9349
1514,亞力,55,30,25,華南永昌-板橋,2024-06-20,9349
00665L,富邦�琤肭磪囓�2,25,2,23,華南永昌-板橋,2024-06-20,9349
6141,柏承,20,0,20,華南永昌-板橋,2024-06-20,9349
2609,陽明,75,57,18,華南永昌-板橋,2024-06-20,9349
3078,僑威,25,7,18,華南永昌-板橋,2024-06-20,9349
00687B,國泰20年美債,28,10,18,華南永昌-板橋,2024-06-20,9349
1608,華榮,22,5,17,華南永昌-板橋,2024-06-20,9349
3006,晶豪科,28,11,17,華南永昌-板橋,2024-06-20,9349
1605,華新,19,3,16,華南永昌-板橋,2024-06-20,9349
00753L,中信中國50正2,20,4,16,華南永昌-板橋,2024-06-20,9349
00947,台新臺灣IC設計,16,0,16,華南永昌-板橋,2024-06-20,9349
2330,台積電,17,2,15,華南永昌-板橋,2024-06-20,9349
1305,華夏,15,0,15,華南永昌-板橋,2024-06-20,9349
1584,精剛,15,0,15,華南永昌-板橋,2024-06-20,9349
4938,和碩,15,0,15,華南永昌-板橋,2024-06-20,9349
1303,南亞,14,0,14,華南永昌-板橋,2024-06-20,9349
1784,訊聯,15,2,13,華南永昌-板橋,2024-06-20,9349
8085,福華,14,1,13,華南永昌-板橋,2024-06-20,9349
1609,大亞,26,13,13,華南永昌-板橋,2024-06-20,9349
2449,京元電子,43,30,13,華南永昌-板橋,2024-06-20,9349
00933B,國泰10Y+金融債,13,0,13,華南永昌-板橋,2024-06-20,9349
00946,群益科技高息成長,12,0,12,華南永昌-板橋,2024-06-20,9349
2739,寒舍,12,0,12,華南永昌-板橋,2024-06-20,9349
6140,訊達,20,8,12,華南永昌-板橋,2024-06-20,9349
6148,驊宏資,12,0,12,華南永昌-板橋,2024-06-20,9349
6182,合晶,14,2,12,華南永昌-板橋,2024-06-20,9349
00639,富邦深100,11,0,11,華南永昌-板橋,2024-06-20,9349
00948B,中信優息投資級債,11,0,11,華南永昌-板橋,2024-06-20,9349
6005,群益證,11,0,11,華南永昌-板橋,2024-06-20,9349
6156,松上,11,0,11,華南永昌-板橋,2024-06-20,9349
6266,泰詠,11,0,11,華南永昌-板橋,2024-06-20,9349
2888,新光金,325,33,292,華南永昌-板橋,2024-06-21,9349
00650L,復華香港正2,95,0,95,華南永昌-板橋,2024-06-21,9349
00937B,群益ESG投等債20,92,0,92,華南永昌-板橋,2024-06-21,9349
2520,冠德,98,10,88,華南永昌-板橋,2024-06-21,9349
4768,晶呈科技,154,69,85,華南永昌-板橋,2024-06-21,9349
00929,復華台灣科技優息,84,23,61,華南永昌-板橋,2024-06-21,9349
3290,東浦,60,3,57,華南永昌-板橋,2024-06-21,9349
6142,友勁,50,0,50,華南永昌-板橋,2024-06-21,9349
8354,冠好,50,0,50,華南永昌-板橋,2024-06-21,9349
2317,鴻海,62,14,48,華南永昌-板橋,2024-06-21,9349
2365,昆盈,100,53,47,華南永昌-板橋,2024-06-21,9349
2489,瑞軒,61,14,47,華南永昌-板橋,2024-06-21,9349
2515,中工,48,10,38,華南永昌-板橋,2024-06-21,9349
8011,台通,49,15,34,華南永昌-板橋,2024-06-21,9349
1301,台塑,33,1,32,華南永昌-板橋,2024-06-21,9349
2371,大同,66,41,25,華南永昌-板橋,2024-06-21,9349
00918,大華優利高填息30,27,3,24,華南永昌-板橋,2024-06-21,9349
4167,松瑞藥,23,0,23,華南永昌-板橋,2024-06-21,9349
2634,漢翔,23,1,22,華南永昌-板橋,2024-06-21,9349
2382,廣達,40,19,21,華南永昌-板橋,2024-06-21,9349
2362,藍天,36,16,20,華南永昌-板橋,2024-06-21,9349
3543,州巧,20,0,20,華南永昌-板橋,2024-06-21,9349
00936,台新永續高息中小,22,3,19,華南永昌-板橋,2024-06-21,9349
2344,華邦電,30,11,19,華南永昌-板橋,2024-06-21,9349
00639,富邦深100,21,2,19,華南永昌-板橋,2024-06-21,9349
2867,三商壽,20,1,19,華南永昌-板橋,2024-06-21,9349
6152,百一,20,1,19,華南永昌-板橋,2024-06-21,9349
2412,中華電,18,0,18,華南永昌-板橋,2024-06-21,9349
3597,映興,17,0,17,華南永昌-板橋,2024-06-21,9349
6239,力成,17,0,17,華南永昌-板橋,2024-06-21,9349
1514,亞力,19,2,17,華南永昌-板橋,2024-06-21,9349
00679B,元大美債20年,20,5,15,華南永昌-板橋,2024-06-21,9349
00865B,國泰US短期公債,15,0,15,華南永昌-板橋,2024-06-21,9349
8374,羅昇,16,1,15,華南永昌-板橋,2024-06-21,9349
8403,盛弘,15,0,15,華南永昌-板橋,2024-06-21,9349
6217,中探針,14,0,14,華南永昌-板橋,2024-06-21,9349
6770,力積電,15,1,14,華南永昌-板橋,2024-06-21,9349
2330,台積電,15,1,14,華南永昌-板橋,2024-06-21,9349
00637L,元大滬深300正2,13,0,13,華南永昌-板橋,2024-06-21,9349
2609,陽明,219,206,13,華南永昌-板橋,2024-06-21,9349
3305,昇貿,29,16,13,華南永昌-板橋,2024-06-21,9349
00946,群益科技高息成長,13,0,13,華南永昌-板橋,2024-06-21,9349
1503,士電,19,7,12,華南永昌-板橋,2024-06-21,9349
1522,堤維西,14,2,12,華南永昌-板橋,2024-06-21,9349
1815,富喬,25,13,12,華南永昌-板橋,2024-06-21,9349
2547,日勝生,12,0,12,華南永昌-板橋,2024-06-21,9349
00830,國泰費城半導體,12,1,11,華南永昌-板橋,2024-06-21,9349
1303,南亞,11,1,10,華南永昌-板橋,2024-06-21,9349
00632R,元大台灣50反1,10,0,10,華南永昌-板橋,2024-06-21,9349
00706L,期元大S＆P日圓正2,10,0,10,華南永昌-板橋,2024-06-21,9349
3481,群創,466,103,363,華南永昌-板橋,2024-06-24,9349
2888,新光金,250,2,248,華南永昌-板橋,2024-06-24,9349
00935,野村臺灣新科技50,113,0,113,華南永昌-板橋,2024-06-24,9349
2101,南港,114,18,96,華南永昌-板橋,2024-06-24,9349
3047,訊舟,136,49,87,華南永昌-板橋,2024-06-24,9349
1459,聯發,70,0,70,華南永昌-板橋,2024-06-24,9349
1785,光洋科,76,6,70,華南永昌-板橋,2024-06-24,9349
00937B,群益ESG投等債20,72,5,67,華南永昌-板橋,2024-06-24,9349
00936,台新永續高息中小,67,0,67,華南永昌-板橋,2024-06-24,9349
00919,群益台灣精選高息,130,70,60,華南永昌-板橋,2024-06-24,9349
2332,友訊,60,0,60,華南永昌-板橋,2024-06-24,9349
2515,中工,50,0,50,華南永昌-板橋,2024-06-24,9349
00929,復華台灣科技優息,107,58,49,華南永昌-板橋,2024-06-24,9349
5443,均豪,80,31,49,華南永昌-板橋,2024-06-24,9349
4526,東台,107,60,47,華南永昌-板橋,2024-06-24,9349
00946,群益科技高息成長,38,0,38,華南永昌-板橋,2024-06-24,9349
3049,精金,37,0,37,華南永昌-板橋,2024-06-24,9349
4938,和碩,35,0,35,華南永昌-板橋,2024-06-24,9349
2501,國建,52,18,34,華南永昌-板橋,2024-06-24,9349
6197,佳必琪,38,4,34,華南永昌-板橋,2024-06-24,9349
2330,台積電,41,10,31,華南永昌-板橋,2024-06-24,9349
2362,藍天,32,1,31,華南永昌-板橋,2024-06-24,9349
00942B,台新美A公司債20+,30,0,30,華南永昌-板橋,2024-06-24,9349
8354,冠好,30,0,30,華南永昌-板橋,2024-06-24,9349
1409,新纖,30,1,29,華南永昌-板橋,2024-06-24,9349
6449,鈺邦,48,21,27,華南永昌-板橋,2024-06-24,9349
3231,緯創,29,2,27,華南永昌-板橋,2024-06-24,9349
2317,鴻海,83,58,25,華南永昌-板橋,2024-06-24,9349
5222,全訊,24,0,24,華南永昌-板橋,2024-06-24,9349
3062,建漢,170,146,24,華南永昌-板橋,2024-06-24,9349
2356,英業達,29,6,23,華南永昌-板橋,2024-06-24,9349
2881,富邦金,24,2,22,華南永昌-板橋,2024-06-24,9349
4768,晶呈科技,43,21,22,華南永昌-板橋,2024-06-24,9349
00715L,期街口布蘭特正2,20,0,20,華南永昌-板橋,2024-06-24,9349
6226,光鼎,20,0,20,華南永昌-板橋,2024-06-24,9349
2303,聯電,27,7,20,華南永昌-板橋,2024-06-24,9349
6672,騰輝電子-KY,19,0,19,華南永昌-板橋,2024-06-24,9349
2867,三商壽,18,0,18,華南永昌-板橋,2024-06-24,9349
8085,福華,17,0,17,華南永昌-板橋,2024-06-24,9349
3013,晟銘電,15,0,15,華南永昌-板橋,2024-06-24,9349
9105,泰金寶-DR,20,5,15,華南永昌-板橋,2024-06-24,9349
2382,廣達,22,7,15,華南永昌-板橋,2024-06-24,9349
2353,宏��,14,0,14,華南永昌-板橋,2024-06-24,9349
8048,德勝,14,0,14,華南永昌-板橋,2024-06-24,9349
1309,台達化,35,21,14,華南永昌-板橋,2024-06-24,9349
00915,凱基優選高股息30,13,0,13,華南永昌-板橋,2024-06-24,9349
2408,南亞科,23,10,13,華南永昌-板橋,2024-06-24,9349
00720B,元大投資級公司債,15,2,13,華南永昌-板橋,2024-06-24,9349
00712,復華富時不動產,18,5,13,華南永昌-板橋,2024-06-24,9349
6770,力積電,14,1,13,華南永昌-板橋,2024-06-24,9349
00637L,元大滬深300正2,242,50,192,華南永昌-板橋,2024-06-25,9349
00929,復華台灣科技優息,221,57,164,華南永昌-板橋,2024-06-25,9349
00942B,台新美A公司債20+,120,3,117,華南永昌-板橋,2024-06-25,9349
6441,廣錠,100,0,100,華南永昌-板橋,2024-06-25,9349
00937B,群益ESG投等債20,90,1,89,華南永昌-板橋,2024-06-25,9349
00936,台新永續高息中小,75,0,75,華南永昌-板橋,2024-06-25,9349
2332,友訊,70,0,70,華南永昌-板橋,2024-06-25,9349
00918,大華優利高填息30,101,35,66,華南永昌-板橋,2024-06-25,9349
6152,百一,53,0,53,華南永昌-板橋,2024-06-25,9349
2836,高雄銀,50,2,48,華南永昌-板橋,2024-06-25,9349
00632R,元大台灣50反1,41,0,41,華南永昌-板橋,2024-06-25,9349
3290,東浦,160,120,40,華南永昌-板橋,2024-06-25,9349
2353,宏��,41,5,36,華南永昌-板橋,2024-06-25,9349
1815,富喬,39,11,28,華南永昌-板橋,2024-06-25,9349
00946,群益科技高息成長,27,0,27,華南永昌-板橋,2024-06-25,9349
2834,臺企銀,27,0,27,華南永昌-板橋,2024-06-25,9349
2069,運錩,26,0,26,華南永昌-板橋,2024-06-25,9349
1611,中電,27,2,25,華南永昌-板橋,2024-06-25,9349
2409,友達,24,3,21,華南永昌-板橋,2024-06-25,9349
4157,太景*-KY,31,10,21,華南永昌-板橋,2024-06-25,9349
2328,廣宇,20,0,20,華南永昌-板橋,2024-06-25,9349
5452,佶優,37,17,20,華南永昌-板橋,2024-06-25,9349
00919,群益台灣精選高息,42,23,19,華南永昌-板橋,2024-06-25,9349
4714,永捷,19,0,19,華南永昌-板橋,2024-06-25,9349
2427,三商電,22,4,18,華南永昌-板橋,2024-06-25,9349
3481,群創,836,820,16,華南永昌-板橋,2024-06-25,9349
2303,聯電,22,6,16,華南永昌-板橋,2024-06-25,9349
00633L,富邦上証正2,16,0,16,華南永昌-板橋,2024-06-25,9349
3543,州巧,16,0,16,華南永昌-板橋,2024-06-25,9349
3652,精聯,19,3,16,華南永昌-板橋,2024-06-25,9349
6425,易發,19,3,16,華南永昌-板橋,2024-06-25,9349
3231,緯創,20,5,15,華南永昌-板橋,2024-06-25,9349
2382,廣達,21,6,15,華南永昌-板橋,2024-06-25,9349
4938,和碩,40,25,15,華南永昌-板橋,2024-06-25,9349
6770,力積電,15,1,14,華南永昌-板橋,2024-06-25,9349
2330,台積電,20,7,13,華南永昌-板橋,2024-06-25,9349
6869,雲豹能源,15,2,13,華南永昌-板橋,2024-06-25,9349
2344,華邦電,13,0,13,華南永昌-板橋,2024-06-25,9349
2611,志信,13,0,13,華南永昌-板橋,2024-06-25,9349
4768,晶呈科技,16,3,13,華南永昌-板橋,2024-06-25,9349
5347,世界,24,11,13,華南永昌-板橋,2024-06-25,9349
2362,藍天,15,3,12,華南永昌-板橋,2024-06-25,9349
2615,萬海,22,10,12,華南永昌-板橋,2024-06-25,9349
3049,精金,12,0,12,華南永昌-板橋,2024-06-25,9349
3037,欣興,13,2,11,華南永昌-板橋,2024-06-25,9349
00850,元大臺灣ESG永續,11,0,11,華南永昌-板橋,2024-06-25,9349
1785,光洋科,74,63,11,華南永昌-板橋,2024-06-25,9349
2324,仁寶,11,0,11,華南永昌-板橋,2024-06-25,9349
1608,華榮,11,0,11,華南永昌-板橋,2024-06-25,9349
2002,中鋼,13,2,11,華南永昌-板橋,2024-06-25,9349
3290,東浦,190,0,190,華南永昌-板橋,2024-06-26,9349
3481,群創,242,131,111,華南永昌-板橋,2024-06-26,9349
6142,友勁,100,0,100,華南永昌-板橋,2024-06-26,9349
2409,友達,79,13,66,華南永昌-板橋,2024-06-26,9349
2101,南港,56,0,56,華南永昌-板橋,2024-06-26,9349
2317,鴻海,74,20,54,華南永昌-板橋,2024-06-26,9349
3580,友威科,50,3,47,華南永昌-板橋,2024-06-26,9349
2002,中鋼,37,0,37,華南永昌-板橋,2024-06-26,9349
2353,宏��,44,9,35,華南永昌-板橋,2024-06-26,9349
00936,台新永續高息中小,35,0,35,華南永昌-板橋,2024-06-26,9349
00720B,元大投資級公司債,33,0,33,華南永昌-板橋,2024-06-26,9349
1709,和益,30,0,30,華南永昌-板橋,2024-06-26,9349
2332,友訊,30,0,30,華南永昌-板橋,2024-06-26,9349
4960,誠美材,30,0,30,華南永昌-板橋,2024-06-26,9349
2401,凌陽,63,34,29,華南永昌-板橋,2024-06-26,9349
1785,光洋科,52,26,26,華南永昌-板橋,2024-06-26,9349
00931B,統一美債20年,25,0,25,華南永昌-板橋,2024-06-26,9349
00919,群益台灣精選高息,25,1,24,華南永昌-板橋,2024-06-26,9349
4566,時碩工業,37,15,22,華南永昌-板橋,2024-06-26,9349
00937B,群益ESG投等債20,31,10,21,華南永昌-板橋,2024-06-26,9349
00738U,期元大道瓊白銀,21,0,21,華南永昌-板橋,2024-06-26,9349
3231,緯創,26,6,20,華南永昌-板橋,2024-06-26,9349
2609,陽明,64,44,20,華南永昌-板橋,2024-06-26,9349
00715L,期街口布蘭特正2,20,0,20,華南永昌-板橋,2024-06-26,9349
2362,藍天,20,0,20,華南永昌-板橋,2024-06-26,9349
2374,佳能,27,8,19,華南永昌-板橋,2024-06-26,9349
2634,漢翔,19,0,19,華南永昌-板橋,2024-06-26,9349
3597,映興,19,0,19,華南永昌-板橋,2024-06-26,9349
00929,復華台灣科技優息,21,3,18,華南永昌-板橋,2024-06-26,9349
2377,微星,16,0,16,華南永昌-板橋,2024-06-26,9349
3624,光頡,16,0,16,華南永昌-板橋,2024-06-26,9349
4123,晟德,17,1,16,華南永昌-板橋,2024-06-26,9349
6531,愛普*,21,5,16,華南永昌-板橋,2024-06-26,9349
1609,大亞,23,8,15,華南永昌-板橋,2024-06-26,9349
8072,陞泰,15,0,15,華南永昌-板橋,2024-06-26,9349
3287,廣寰科,14,0,14,華南永昌-板橋,2024-06-26,9349
4768,晶呈科技,16,2,14,華南永昌-板橋,2024-06-26,9349
1597,直得,13,0,13,華南永昌-板橋,2024-06-26,9349
1312,國喬,12,0,12,華南永昌-板橋,2024-06-26,9349
1305,華夏,12,0,12,華南永昌-板橋,2024-06-26,9349
2885,元大金,12,0,12,華南永昌-板橋,2024-06-26,9349
4961,天鈺,12,0,12,華南永昌-板橋,2024-06-26,9349
1503,士電,29,17,12,華南永昌-板橋,2024-06-26,9349
1513,中興電,13,2,11,華南永昌-板橋,2024-06-26,9349
2408,南亞科,21,10,11,華南永昌-板橋,2024-06-26,9349
2492,華新科,11,0,11,華南永昌-板橋,2024-06-26,9349
2883,凱基金,27,16,11,華南永昌-板橋,2024-06-26,9349
5312,寶島科,11,0,11,華南永昌-板橋,2024-06-26,9349
8110,華東,11,0,11,華南永昌-板橋,2024-06-26,9349
1303,南亞,12,2,10,華南永昌-板橋,2024-06-26,9349
00937B,群益ESG投等債20,185,2,183,華南永昌-板橋,2024-06-27,9349
00940,元大台灣價值高息,151,25,126,華南永昌-板橋,2024-06-27,9349
3290,東浦,108,1,107,華南永昌-板橋,2024-06-27,9349
6142,友勁,100,0,100,華南永昌-板橋,2024-06-27,9349
1809,中釉,63,5,58,華南永昌-板橋,2024-06-27,9349
8937,合騏,50,0,50,華南永昌-板橋,2024-06-27,9349
2515,中工,49,0,49,華南永昌-板橋,2024-06-27,9349
2303,聯電,45,0,45,華南永昌-板橋,2024-06-27,9349
2618,長榮航,105,65,40,華南永昌-板橋,2024-06-27,9349
8110,華東,56,17,39,華南永昌-板橋,2024-06-27,9349
0056,元大高股息,39,1,38,華南永昌-板橋,2024-06-27,9349
00919,群益台灣精選高息,36,0,36,華南永昌-板橋,2024-06-27,9349
00650L,復華香港正2,36,0,36,華南永昌-板橋,2024-06-27,9349
3543,州巧,35,0,35,華南永昌-板橋,2024-06-27,9349
3481,群創,182,150,32,華南永昌-板橋,2024-06-27,9349
4938,和碩,102,70,32,華南永昌-板橋,2024-06-27,9349
2409,友達,27,0,27,華南永昌-板橋,2024-06-27,9349
00680L,元大美債20正2,27,0,27,華南永昌-板橋,2024-06-27,9349
8064,東捷,139,112,27,華南永昌-板橋,2024-06-27,9349
00942B,台新美A公司債20+,23,0,23,華南永昌-板橋,2024-06-27,9349
2101,南港,23,0,23,華南永昌-板橋,2024-06-27,9349
2489,瑞軒,35,12,23,華南永昌-板橋,2024-06-27,9349
2241,艾姆勒,22,0,22,華南永昌-板橋,2024-06-27,9349
4768,晶呈科技,75,54,21,華南永昌-板橋,2024-06-27,9349
8354,冠好,21,0,21,華南永昌-板橋,2024-06-27,9349
1734,杏輝,20,0,20,華南永昌-板橋,2024-06-27,9349
2027,大成鋼,20,0,20,華南永昌-板橋,2024-06-27,9349
2408,南亞科,20,0,20,華南永昌-板橋,2024-06-27,9349
2352,佳世達,20,0,20,華南永昌-板橋,2024-06-27,9349
2368,金像電,20,1,19,華南永昌-板橋,2024-06-27,9349
00936,台新永續高息中小,17,0,17,華南永昌-板橋,2024-06-27,9349
1785,光洋科,20,5,15,華南永昌-板橋,2024-06-27,9349
2002,中鋼,15,0,15,華南永昌-板橋,2024-06-27,9349
6449,鈺邦,20,5,15,華南永昌-板橋,2024-06-27,9349
1815,富喬,28,14,14,華南永昌-板橋,2024-06-27,9349
00687B,國泰20年美債,14,0,14,華南永昌-板橋,2024-06-27,9349
2520,冠德,16,3,13,華南永昌-板橋,2024-06-27,9349
3597,映興,13,0,13,華南永昌-板橋,2024-06-27,9349
2885,元大金,14,1,13,華南永昌-板橋,2024-06-27,9349
2022,聚亨,12,0,12,華南永昌-板橋,2024-06-27,9349
2323,中環,12,0,12,華南永昌-板橋,2024-06-27,9349
2743,山富,12,0,12,華南永昌-板橋,2024-06-27,9349
3483,力致,14,2,12,華南永昌-板橋,2024-06-27,9349
5534,長虹,12,0,12,華南永昌-板橋,2024-06-27,9349
2392,正崴,13,1,12,華南永昌-板橋,2024-06-27,9349
2884,玉山金,12,0,12,華南永昌-板橋,2024-06-27,9349
6770,力積電,14,3,11,華南永昌-板橋,2024-06-27,9349
00933B,國泰10Y+金融債,11,0,11,華南永昌-板橋,2024-06-27,9349
3466,德晉,23,12,11,華南永昌-板橋,2024-06-27,9349
4123,晟德,13,2,11,華南永昌-板橋,2024-06-27,9349
3481,群創,239,4,235,華南永昌-板橋,2024-06-28,9349
00937B,群益ESG投等債20,176,11,165,華南永昌-板橋,2024-06-28,9349
4157,太景*-KY,140,0,140,華南永昌-板橋,2024-06-28,9349
2515,中工,57,0,57,華南永昌-板橋,2024-06-28,9349
1504,東元,51,0,51,華南永昌-板橋,2024-06-28,9349
2352,佳世達,47,0,47,華南永昌-板橋,2024-06-28,9349
3050,鈺德,41,0,41,華南永昌-板橋,2024-06-28,9349
00936,台新永續高息中小,38,0,38,華南永昌-板橋,2024-06-28,9349
6244,茂迪,70,34,36,華南永昌-板橋,2024-06-28,9349
4909,新復興,59,24,35,華南永昌-板橋,2024-06-28,9349
1734,杏輝,30,0,30,華南永昌-板橋,2024-06-28,9349
2303,聯電,25,3,22,華南永昌-板橋,2024-06-28,9349
2615,萬海,25,3,22,華南永昌-板橋,2024-06-28,9349
00919,群益台灣精選高息,21,0,21,華南永昌-板橋,2024-06-28,9349
2007,燁興,20,0,20,華南永昌-板橋,2024-06-28,9349
00929,復華台灣科技優息,25,6,19,華南永昌-板橋,2024-06-28,9349
2610,華航,38,19,19,華南永昌-板橋,2024-06-28,9349
2002,中鋼,19,0,19,華南永昌-板橋,2024-06-28,9349
9934,成霖,18,0,18,華南永昌-板橋,2024-06-28,9349
00687B,國泰20年美債,18,0,18,華南永昌-板橋,2024-06-28,9349
2349,錸德,35,17,18,華南永昌-板橋,2024-06-28,9349
3202,樺晟,16,0,16,華南永昌-板橋,2024-06-28,9349
2609,陽明,49,33,16,華南永昌-板橋,2024-06-28,9349
2301,光寶科,15,0,15,華南永昌-板橋,2024-06-28,9349
2353,宏��,15,0,15,華南永昌-板橋,2024-06-28,9349
2637,慧洋-KY,14,0,14,華南永昌-板橋,2024-06-28,9349
3576,聯合再生,101,87,14,華南永昌-板橋,2024-06-28,9349
4768,晶呈科技,14,0,14,華南永昌-板橋,2024-06-28,9349
6449,鈺邦,15,1,14,華南永昌-板橋,2024-06-28,9349
1101,台泥,15,2,13,華南永昌-板橋,2024-06-28,9349
1802,台玻,15,2,13,華南永昌-板橋,2024-06-28,9349
3597,映興,13,0,13,華南永昌-板橋,2024-06-28,9349
3264,欣銓,12,0,12,華南永昌-板橋,2024-06-28,9349
4968,立積,12,0,12,華南永昌-板橋,2024-06-28,9349
1301,台塑,13,2,11,華南永昌-板橋,2024-06-28,9349
2618,長榮航,54,43,11,華南永昌-板橋,2024-06-28,9349
3712,永崴投控,16,5,11,華南永昌-板橋,2024-06-28,9349
5493,三聯,11,0,11,華南永昌-板橋,2024-06-28,9349
2337,旺宏,16,5,11,華南永昌-板橋,2024-06-28,9349
00679B,元大美債20年,10,0,10,華南永昌-板橋,2024-06-28,9349
1312,國喬,10,0,10,華南永昌-板橋,2024-06-28,9349
1455,集盛,10,0,10,華南永昌-板橋,2024-06-28,9349
1609,大亞,22,12,10,華南永昌-板橋,2024-06-28,9349
2406,國碩,22,12,10,華南永昌-板橋,2024-06-28,9349
2605,新興,10,0,10,華南永昌-板橋,2024-06-28,9349
3265,台星科,10,0,10,華南永昌-板橋,2024-06-28,9349
5443,均豪,24,14,10,華南永昌-板橋,2024-06-28,9349
6164,華興,10,0,10,華南永昌-板橋,2024-06-28,9349
8071,能率網通,10,0,10,華南永昌-板橋,2024-06-28,9349
2363,矽統,11,2,9,華南永昌-板橋,2024-06-28,9349
2365,昆盈,343,175,168,華南永昌-板橋,2024-07-01,9349
3481,群創,191,33,158,華南永昌-板橋,2024-07-01,9349
6142,友勁,100,0,100,華南永昌-板橋,2024-07-01,9349
00947,台新臺灣IC設計,101,2,99,華南永昌-板橋,2024-07-01,9349
00632R,元大台灣50反1,121,37,84,華南永昌-板橋,2024-07-01,9349
00770,國泰北美科技,70,0,70,華南永昌-板橋,2024-07-01,9349
3290,東浦,50,3,47,華南永昌-板橋,2024-07-01,9349
00680L,元大美債20正2,43,0,43,華南永昌-板橋,2024-07-01,9349
2371,大同,85,45,40,華南永昌-板橋,2024-07-01,9349
2615,萬海,81,42,39,華南永昌-板橋,2024-07-01,9349
2317,鴻海,56,18,38,華南永昌-板橋,2024-07-01,9349
4768,晶呈科技,218,185,33,華南永昌-板橋,2024-07-01,9349
2392,正崴,54,22,32,華南永昌-板橋,2024-07-01,9349
2352,佳世達,34,3,31,華南永昌-板橋,2024-07-01,9349
2883,凱基金,33,2,31,華南永昌-板橋,2024-07-01,9349
0056,元大高股息,31,0,31,華南永昌-板橋,2024-07-01,9349
2611,志信,28,0,28,華南永昌-板橋,2024-07-01,9349
00936,台新永續高息中小,27,0,27,華南永昌-板橋,2024-07-01,9349
2313,華通,56,32,24,華南永昌-板橋,2024-07-01,9349
00942B,台新美A公司債20+,23,0,23,華南永昌-板橋,2024-07-01,9349
00931B,統一美債20年,21,0,21,華南永昌-板橋,2024-07-01,9349
2464,盟立,48,27,21,華南永昌-板橋,2024-07-01,9349
00715L,期街口布蘭特正2,20,0,20,華南永昌-板橋,2024-07-01,9349
3483,力致,20,0,20,華南永昌-板橋,2024-07-01,9349
6290,良維,35,16,19,華南永昌-板橋,2024-07-01,9349
6188,廣明,118,99,19,華南永昌-板橋,2024-07-01,9349
00687B,國泰20年美債,19,0,19,華南永昌-板橋,2024-07-01,9349
2820,華票,21,3,18,華南永昌-板橋,2024-07-01,9349
4157,太景*-KY,18,0,18,華南永昌-板橋,2024-07-01,9349
9105,泰金寶-DR,23,6,17,華南永昌-板橋,2024-07-01,9349
00929,復華台灣科技優息,28,10,18,華南永昌-板橋,2024-07-01,9349
6244,茂迪,36,20,16,華南永昌-板橋,2024-07-01,9349
00896,中信綠能及電動車,15,0,15,華南永昌-板橋,2024-07-01,9349
00751B,元大AAA至A公司債,15,0,15,華南永昌-板橋,2024-07-01,9349
1603,華電,15,0,15,華南永昌-板橋,2024-07-01,9349
5475,德宏,15,0,15,華南永昌-板橋,2024-07-01,9349
6207,雷科,37,23,14,華南永昌-板橋,2024-07-01,9349
2881,富邦金,17,3,14,華南永昌-板橋,2024-07-01,9349
1785,光洋科,17,4,13,華南永昌-板橋,2024-07-01,9349
2887,台新金,16,3,13,華南永昌-板橋,2024-07-01,9349
2609,陽明,36,23,13,華南永昌-板橋,2024-07-01,9349
1605,華新,12,0,12,華南永昌-板橋,2024-07-01,9349
3024,憶聲,13,1,12,華南永昌-板橋,2024-07-01,9349
6164,華興,12,0,12,華南永昌-板橋,2024-07-01,9349
6125,廣運,44,32,12,華南永昌-板橋,2024-07-01,9349
2002,中鋼,13,1,12,華南永昌-板橋,2024-07-01,9349
2354,鴻準,14,3,11,華南永昌-板橋,2024-07-01,9349
2359,所羅門,28,17,11,華南永昌-板橋,2024-07-01,9349
6449,鈺邦,20,9,11,華南永昌-板橋,2024-07-01,9349
00679B,元大美債20年,14,3,11,華南永昌-板橋,2024-07-01,9349
2406,國碩,170,42,128,華南永昌-板橋,2024-07-02,9349
5388,中磊,195,85,110,華南永昌-板橋,2024-07-02,9349
8085,福華,110,0,110,華南永昌-板橋,2024-07-02,9349
00929,復華台灣科技優息,117,12,105,華南永昌-板橋,2024-07-02,9349
2303,聯電,98,15,83,華南永昌-板橋,2024-07-02,9349
00940,元大台灣價值高息,137,64,73,華南永昌-板橋,2024-07-02,9349
00687B,國泰20年美債,54,0,54,華南永昌-板橋,2024-07-02,9349
2618,長榮航,74,23,51,華南永昌-板橋,2024-07-02,9349
2317,鴻海,73,22,51,華南永昌-板橋,2024-07-02,9349
2609,陽明,68,18,50,華南永昌-板橋,2024-07-02,9349
5355,佳總,57,7,50,華南永昌-板橋,2024-07-02,9349
00948B,中信優息投資級債,42,0,42,華南永昌-板橋,2024-07-02,9349
6443,元晶,101,62,39,華南永昌-板橋,2024-07-02,9349
00934,中信成長高股息,38,0,38,華南永昌-板橋,2024-07-02,9349
00936,台新永續高息中小,37,0,37,華南永昌-板橋,2024-07-02,9349
0056,元大高股息,34,0,34,華南永昌-板橋,2024-07-02,9349
3338,泰碩,35,1,34,華南永昌-板橋,2024-07-02,9349
1301,台塑,33,0,33,華南永昌-板橋,2024-07-02,9349
00939,統一台灣高息動能,35,3,32,華南永昌-板橋,2024-07-02,9349
8354,冠好,30,0,30,華南永昌-板橋,2024-07-02,9349
00937B,群益ESG投等債20,29,1,28,華南永昌-板橋,2024-07-02,9349
2337,旺宏,25,0,25,華南永昌-板橋,2024-07-02,9349
2002,中鋼,24,0,24,華南永昌-板橋,2024-07-02,9349
2409,友達,25,2,23,華南永昌-板橋,2024-07-02,9349
2834,臺企銀,23,0,23,華南永昌-板橋,2024-07-02,9349
6176,瑞儀,23,0,23,華南永昌-板橋,2024-07-02,9349
2354,鴻準,24,2,22,華南永昌-板橋,2024-07-02,9349
2611,志信,21,0,21,華南永昌-板橋,2024-07-02,9349
912000,晨訊科-DR,20,0,20,華南永昌-板橋,2024-07-02,9349
2027,大成鋼,19,0,19,華南永昌-板橋,2024-07-02,9349
6188,廣明,26,7,19,華南永昌-板橋,2024-07-02,9349
00679B,元大美債20年,18,0,18,華南永昌-板橋,2024-07-02,9349
3305,昇貿,20,3,17,華南永昌-板橋,2024-07-02,9349
2886,兆豐金,21,4,17,華南永昌-板橋,2024-07-02,9349
4562,穎漢,19,2,17,華南永昌-板橋,2024-07-02,9349
6139,亞翔,27,11,16,華南永昌-板橋,2024-07-02,9349
00680L,元大美債20正2,15,0,15,華南永昌-板橋,2024-07-02,9349
1326,台化,16,1,15,華南永昌-板橋,2024-07-02,9349
1815,富喬,15,0,15,華南永昌-板橋,2024-07-02,9349
3628,盈正,15,0,15,華南永昌-板橋,2024-07-02,9349
8068,全達,15,0,15,華南永昌-板橋,2024-07-02,9349
4967,十銓,16,2,14,華南永昌-板橋,2024-07-02,9349
8105,凌巨,15,1,14,華南永昌-板橋,2024-07-02,9349
00919,群益台灣精選高息,35,22,13,華南永昌-板橋,2024-07-02,9349
2329,華泰,14,1,13,華南永昌-板橋,2024-07-02,9349
3702,大聯大,13,0,13,華南永昌-板橋,2024-07-02,9349
4157,太景*-KY,13,0,13,華南永昌-板橋,2024-07-02,9349
8104,錸寶,14,1,13,華南永昌-板橋,2024-07-02,9349
8374,羅昇,29,16,13,華南永昌-板橋,2024-07-02,9349
8112,至上,13,0,13,華南永昌-板橋,2024-07-02,9349
00632R,元大台灣50反1,111,0,111,華南永昌-板橋,2024-07-03,9349
00680L,元大美債20正2,100,0,100,華南永昌-板橋,2024-07-03,9349
00942B,台新美A公司債20+,80,0,80,華南永昌-板橋,2024-07-03,9349
2884,玉山金,81,2,79,華南永昌-板橋,2024-07-03,9349
6244,茂迪,91,29,62,華南永昌-板橋,2024-07-03,9349
6152,百一,59,0,59,華南永昌-板橋,2024-07-03,9349
2881,富邦金,60,5,55,華南永昌-板橋,2024-07-03,9349
5388,中磊,95,40,55,華南永昌-板橋,2024-07-03,9349
3047,訊舟,157,102,55,華南永昌-板橋,2024-07-03,9349
00947,台新臺灣IC設計,50,0,50,華南永昌-板橋,2024-07-03,9349
00929,復華台灣科技優息,64,19,45,華南永昌-板橋,2024-07-03,9349
1785,光洋科,50,9,41,華南永昌-板橋,2024-07-03,9349
2349,錸德,40,4,36,華南永昌-板橋,2024-07-03,9349
2882,國泰金,54,22,32,華南永昌-板橋,2024-07-03,9349
6125,廣運,32,1,31,華南永昌-板橋,2024-07-03,9349
6139,亞翔,38,13,25,華南永昌-板橋,2024-07-03,9349
2317,鴻海,32,9,23,華南永昌-板橋,2024-07-03,9349
6443,元晶,98,76,22,華南永昌-板橋,2024-07-03,9349
6806,森崴能源,24,3,21,華南永昌-板橋,2024-07-03,9349
2405,輔信,26,5,21,華南永昌-板橋,2024-07-03,9349
3419,譁裕,21,0,21,華南永昌-板橋,2024-07-03,9349
00882,中信中國高股息,20,0,20,華南永昌-板橋,2024-07-03,9349
00715L,期街口布蘭特正2,20,0,20,華南永昌-板橋,2024-07-03,9349
912000,晨訊科-DR,20,0,20,華南永昌-板橋,2024-07-03,9349
5452,佶優,22,3,19,華南永昌-板橋,2024-07-03,9349
3062,建漢,18,2,16,華南永昌-板橋,2024-07-03,9349
6698,旭暉應材,16,0,16,華南永昌-板橋,2024-07-03,9349
1522,堤維西,16,2,14,華南永昌-板橋,2024-07-03,9349
3686,達能,14,0,14,華南永昌-板橋,2024-07-03,9349
4726,永昕,17,3,14,華南永昌-板橋,2024-07-03,9349
6218,豪勉,14,0,14,華南永昌-板橋,2024-07-03,9349
3597,映興,16,3,13,華南永昌-板橋,2024-07-03,9349
4768,晶呈科技,193,180,13,華南永昌-板橋,2024-07-03,9349
8383,千附,13,0,13,華南永昌-板橋,2024-07-03,9349
00937B,群益ESG投等債20,13,1,12,華南永昌-板橋,2024-07-03,9349
2303,聯電,21,9,12,華南永昌-板橋,2024-07-03,9349
3260,威剛,18,7,11,華南永昌-板橋,2024-07-03,9349
3290,東浦,12,1,11,華南永昌-板橋,2024-07-03,9349
3455,由田,19,9,10,華南永昌-板橋,2024-07-03,9349
4915,致伸,11,0,11,華南永昌-板橋,2024-07-03,9349
00679B,元大美債20年,10,0,10,華南永昌-板橋,2024-07-03,9349
3652,精聯,10,0,10,華南永昌-板橋,2024-07-03,9349
4906,正文,25,15,10,華南永昌-板橋,2024-07-03,9349
5493,三聯,10,0,10,華南永昌-板橋,2024-07-03,9349
5521,工信,10,0,10,華南永昌-板橋,2024-07-03,9349
6026,福邦證,10,0,10,華南永昌-板橋,2024-07-03,9349
6112,邁達特,10,0,10,華南永昌-板橋,2024-07-03,9349
6770,力積電,16,6,10,華南永昌-板橋,2024-07-03,9349
2357,華碩,12,2,10,華南永昌-板橋,2024-07-03,9349
00687B,國泰20年美債,10,0,10,華南永昌-板橋,2024-07-03,9349
2406,國碩,115,8,107,華南永昌-板橋,2024-07-04,9349
5355,佳總,93,0,93,華南永昌-板橋,2024-07-04,9349
2882,國泰金,85,4,81,華南永昌-板橋,2024-07-04,9349
2331,精英,82,6,76,華南永昌-板橋,2024-07-04,9349
9105,泰金寶-DR,107,42,65,華南永昌-板橋,2024-07-04,9349
5452,佶優,76,20,56,華南永昌-板橋,2024-07-04,9349
00934,中信成長高股息,55,0,55,華南永昌-板橋,2024-07-04,9349
00946,群益科技高息成長,52,5,47,華南永昌-板橋,2024-07-04,9349
3615,安可,67,20,47,華南永昌-板橋,2024-07-04,9349
6244,茂迪,184,139,45,華南永昌-板橋,2024-07-04,9349
8076,伍豐,42,1,41,華南永昌-板橋,2024-07-04,9349
8277,商丞,41,1,40,華南永昌-板橋,2024-07-04,9349
3491,昇達科,38,0,38,華南永昌-板橋,2024-07-04,9349
00650L,復華香港正2,70,35,35,華南永昌-板橋,2024-07-04,9349
6443,元晶,153,119,34,華南永昌-板橋,2024-07-04,9349
1809,中釉,72,40,32,華南永昌-板橋,2024-07-04,9349
00919,群益台灣精選高息,38,8,30,華南永昌-板橋,2024-07-04,9349
2344,華邦電,37,11,26,華南永昌-板橋,2024-07-04,9349
1313,聯成,23,0,23,華南永昌-板橋,2024-07-04,9349
2609,陽明,36,15,21,華南永昌-板橋,2024-07-04,9349
3455,由田,28,7,21,華南永昌-板橋,2024-07-04,9349
2367,燿華,30,9,21,華南永昌-板橋,2024-07-04,9349
2412,中華電,27,7,20,華南永昌-板橋,2024-07-04,9349
00947,台新臺灣IC設計,20,0,20,華南永昌-板橋,2024-07-04,9349
00686R,群益臺灣加權反1,20,0,20,華南永昌-板橋,2024-07-04,9349
2474,可成,20,0,20,華南永昌-板橋,2024-07-04,9349
3227,原相,20,0,20,華南永昌-板橋,2024-07-04,9349
2611,志信,20,1,19,華南永昌-板橋,2024-07-04,9349
3597,映興,22,3,19,華南永昌-板橋,2024-07-04,9349
1785,光洋科,225,206,19,華南永昌-板橋,2024-07-04,9349
5443,均豪,113,95,18,華南永昌-板橋,2024-07-04,9349
5347,世界,16,0,16,華南永昌-板橋,2024-07-04,9349
2421,建準,15,0,15,華南永昌-板橋,2024-07-04,9349
5521,工信,15,0,15,華南永昌-板橋,2024-07-04,9349
2323,中環,14,0,14,華南永昌-板橋,2024-07-04,9349
3231,緯創,16,3,13,華南永昌-板橋,2024-07-04,9349
1815,富喬,24,11,13,華南永昌-板橋,2024-07-04,9349
2883,凱基金,22,9,13,華南永昌-板橋,2024-07-04,9349
2605,新興,12,0,12,華南永昌-板橋,2024-07-04,9349
2401,凌陽,14,2,12,華南永昌-板橋,2024-07-04,9349
4526,東台,16,4,12,華南永昌-板橋,2024-07-04,9349
6143,振曜,12,0,12,華南永昌-板橋,2024-07-04,9349
6698,旭暉應材,25,13,12,華南永昌-板橋,2024-07-04,9349
2359,所羅門,74,62,12,華南永昌-板橋,2024-07-04,9349
00933B,國泰10Y+金融債,11,0,11,華南永昌-板橋,2024-07-04,9349
00632R,元大台灣50反1,10,0,10,華南永昌-板橋,2024-07-04,9349
2337,旺宏,15,5,10,華南永昌-板橋,2024-07-04,9349
2351,順德,10,0,10,華南永昌-板橋,2024-07-04,9349
2393,億光,50,40,10,華南永昌-板橋,2024-07-04,9349
5356,協益,10,0,10,華南永昌-板橋,2024-07-04,9349
6443,元晶,353,211,142,華南永昌-板橋,2024-07-05,9349
1809,中釉,46,0,46,華南永昌-板橋,2024-07-05,9349
00937B,群益ESG投等債20,40,0,40,華南永昌-板橋,2024-07-05,9349
1504,東元,59,23,36,華南永昌-板橋,2024-07-05,9349
2501,國建,33,1,32,華南永昌-板橋,2024-07-05,9349
2457,飛宏,36,4,32,華南永昌-板橋,2024-07-05,9349
3576,聯合再生,29,3,26,華南永昌-板橋,2024-07-05,9349
1447,力鵬,30,5,25,華南永昌-板橋,2024-07-05,9349
2867,三商壽,25,0,25,華南永昌-板橋,2024-07-05,9349
6158,禾昌,25,0,25,華南永昌-板橋,2024-07-05,9349
6244,茂迪,329,304,25,華南永昌-板橋,2024-07-05,9349
1325,恆大,22,0,22,華南永昌-板橋,2024-07-05,9349
8097,常珵,22,0,22,華南永昌-板橋,2024-07-05,9349
4114,健喬,25,4,21,華南永昌-板橋,2024-07-05,9349
2888,新光金,35,15,20,華南永昌-板橋,2024-07-05,9349
1514,亞力,27,8,19,華南永昌-板橋,2024-07-05,9349
3491,昇達科,20,1,19,華南永昌-板橋,2024-07-05,9349
00929,復華台灣科技優息,21,2,19,華南永昌-板橋,2024-07-05,9349
00830,國泰費城半導體,19,0,19,華南永昌-板橋,2024-07-05,9349
2402,毅嘉,22,4,18,華南永昌-板橋,2024-07-05,9349
2834,臺企銀,18,0,18,華南永昌-板橋,2024-07-05,9349
9105,泰金寶-DR,25,7,18,華南永昌-板橋,2024-07-05,9349
4968,立積,28,11,17,華南永昌-板橋,2024-07-05,9349
3597,映興,18,1,17,華南永昌-板橋,2024-07-05,9349
8104,錸寶,55,38,17,華南永昌-板橋,2024-07-05,9349
2367,燿華,118,102,16,華南永昌-板橋,2024-07-05,9349
8028,昇陽半導體,85,69,16,華南永昌-板橋,2024-07-05,9349
5484,慧友,16,1,15,華南永昌-板橋,2024-07-05,9349
2201,裕隆,15,0,15,華南永昌-板橋,2024-07-05,9349
5347,世界,18,3,15,華南永昌-板橋,2024-07-05,9349
3689,湧德,31,17,14,華南永昌-板橋,2024-07-05,9349
2312,金寶,24,10,14,華南永昌-板橋,2024-07-05,9349
3265,台星科,14,0,14,華南永昌-板橋,2024-07-05,9349
3444,利機,24,11,13,華南永昌-板橋,2024-07-05,9349
2353,宏��,13,1,12,華南永昌-板橋,2024-07-05,9349
2603,長榮,18,6,12,華南永昌-板橋,2024-07-05,9349
2727,王品,12,0,12,華南永昌-板橋,2024-07-05,9349
00915,凱基優選高股息30,12,0,12,華南永昌-板橋,2024-07-05,9349
2464,盟立,22,10,12,華南永昌-板橋,2024-07-05,9349
8112,至上,15,3,12,華南永昌-板橋,2024-07-05,9349
1301,台塑,12,0,12,華南永昌-板橋,2024-07-05,9349
2329,華泰,15,4,11,華南永昌-板橋,2024-07-05,9349
2347,聯強,11,0,11,華南永昌-板橋,2024-07-05,9349
2365,昆盈,29,18,11,華南永昌-板橋,2024-07-05,9349
4562,穎漢,32,21,11,華南永昌-板橋,2024-07-05,9349
6127,九豪,24,13,11,華南永昌-板橋,2024-07-05,9349
6706,惠特,14,3,11,華南永昌-板橋,2024-07-05,9349
00679B,元大美債20年,10,0,10,華南永昌-板橋,2024-07-05,9349
2610,華航,22,12,10,華南永昌-板橋,2024-07-05,9349
2615,萬海,18,8,10,華南永昌-板橋,2024-07-05,9349
6443,元晶,347,166,181,華南永昌-板橋,2024-07-08,9349
1785,光洋科,140,51,89,華南永昌-板橋,2024-07-08,9349
6244,茂迪,146,65,81,華南永昌-板橋,2024-07-08,9349
2618,長榮航,83,19,64,華南永昌-板橋,2024-07-08,9349
6127,九豪,51,3,48,華南永昌-板橋,2024-07-08,9349
00937B,群益ESG投等債20,44,1,43,華南永昌-板橋,2024-07-08,9349
6153,嘉聯益,54,11,43,華南永昌-板橋,2024-07-08,9349
6126,信音,59,17,42,華南永昌-板橋,2024-07-08,9349
1815,富喬,46,11,35,華南永昌-板橋,2024-07-08,9349
00650L,復華香港正2,34,0,34,華南永昌-板橋,2024-07-08,9349
5443,均豪,115,83,32,華南永昌-板橋,2024-07-08,9349
00934,中信成長高股息,31,0,31,華南永昌-板橋,2024-07-08,9349
2101,南港,34,3,31,華南永昌-板橋,2024-07-08,9349
2371,大同,40,11,29,華南永昌-板橋,2024-07-08,9349
00929,復華台灣科技優息,39,11,28,華南永昌-板橋,2024-07-08,9349
1718,中纖,25,1,24,華南永昌-板橋,2024-07-08,9349
1781,合世,24,0,24,華南永昌-板橋,2024-07-08,9349
9955,佳龍,26,2,24,華南永昌-板橋,2024-07-08,9349
3580,友威科,60,38,22,華南永昌-板橋,2024-07-08,9349
2609,陽明,51,29,22,華南永昌-板橋,2024-07-08,9349
00686R,群益臺灣加權反1,20,0,20,華南永昌-板橋,2024-07-08,9349
00945B,凱基美國非投等債,20,0,20,華南永昌-板橋,2024-07-08,9349
1531,高林股,20,0,20,華南永昌-板橋,2024-07-08,9349
2338,光罩,20,0,20,華南永昌-板橋,2024-07-08,9349
2501,國建,20,0,20,華南永昌-板橋,2024-07-08,9349
5452,佶優,79,59,20,華南永昌-板橋,2024-07-08,9349
2882,國泰金,26,6,20,華南永昌-板橋,2024-07-08,9349
5481,新華,19,0,19,華南永昌-板橋,2024-07-08,9349
00940,元大台灣價值高息,22,4,18,華南永昌-板橋,2024-07-08,9349
3706,神達,25,7,18,華南永昌-板橋,2024-07-08,9349
6207,雷科,19,1,18,華南永昌-板橋,2024-07-08,9349
2417,圓剛,47,30,17,華南永昌-板橋,2024-07-08,9349
4726,永昕,20,3,17,華南永昌-板橋,2024-07-08,9349
5608,四維航,17,0,17,華南永昌-板橋,2024-07-08,9349
00919,群益台灣精選高息,18,1,17,華南永昌-板橋,2024-07-08,9349
2354,鴻準,46,30,16,華南永昌-板橋,2024-07-08,9349
00665L,富邦�琤肭磪囓�2,15,0,15,華南永昌-板橋,2024-07-08,9349
3114,好德,15,0,15,華南永昌-板橋,2024-07-08,9349
0056,元大高股息,15,1,14,華南永昌-板橋,2024-07-08,9349
5222,全訊,14,0,14,華南永昌-板橋,2024-07-08,9349
6143,振曜,14,0,14,華南永昌-板橋,2024-07-08,9349
1444,力麗,13,0,13,華南永昌-板橋,2024-07-08,9349
2420,新巨,13,0,13,華南永昌-板橋,2024-07-08,9349
4109,加捷生醫,13,0,13,華南永昌-板橋,2024-07-08,9349
8068,全達,19,6,13,華南永昌-板橋,2024-07-08,9349
3450,聯鈞,19,6,13,華南永昌-板橋,2024-07-08,9349
3047,訊舟,31,18,13,華南永昌-板橋,2024-07-08,9349
2412,中華電,13,0,13,華南永昌-板橋,2024-07-08,9349
2603,長榮,27,15,12,華南永昌-板橋,2024-07-08,9349
2481,強茂,15,3,12,華南永昌-板橋,2024-07-08,9349
00632R,元大台灣50反1,350,36,314,華南永昌-板橋,2024-07-09,9349
2888,新光金,261,74,187,華南永昌-板橋,2024-07-09,9349
1785,光洋科,112,7,105,華南永昌-板橋,2024-07-09,9349
2474,可成,100,0,100,華南永昌-板橋,2024-07-09,9349
00942B,台新美A公司債20+,100,0,100,華南永昌-板橋,2024-07-09,9349
2486,一詮,100,4,96,華南永昌-板橋,2024-07-09,9349
4768,晶呈科技,206,141,65,華南永昌-板橋,2024-07-09,9349
8085,福華,51,0,51,華南永昌-板橋,2024-07-09,9349
4510,高鋒,49,2,47,華南永昌-板橋,2024-07-09,9349
2317,鴻海,122,77,45,華南永昌-板橋,2024-07-09,9349
2882,國泰金,46,3,43,華南永昌-板橋,2024-07-09,9349
3710,連展投控,38,1,37,華南永昌-板橋,2024-07-09,9349
3450,聯鈞,36,1,35,華南永昌-板橋,2024-07-09,9349
2312,金寶,129,96,33,華南永昌-板橋,2024-07-09,9349
2353,宏��,34,2,32,華南永昌-板橋,2024-07-09,9349
2354,鴻準,79,46,33,華南永昌-板橋,2024-07-09,9349
2362,藍天,48,16,32,華南永昌-板橋,2024-07-09,9349
2367,燿華,95,63,32,華南永昌-板橋,2024-07-09,9349
4137,麗豐-KY,31,0,31,華南永昌-板橋,2024-07-09,9349
8210,勤誠,35,6,29,華南永昌-板橋,2024-07-09,9349
00934,中信成長高股息,27,0,27,華南永昌-板橋,2024-07-09,9349
00915,凱基優選高股息30,26,0,26,華南永昌-板橋,2024-07-09,9349
6578,達邦蛋白,25,0,25,華南永昌-板橋,2024-07-09,9349
00929,復華台灣科技優息,60,35,25,華南永昌-板橋,2024-07-09,9349
2101,南港,23,0,23,華南永昌-板橋,2024-07-09,9349
6126,信音,54,31,23,華南永昌-板橋,2024-07-09,9349
2417,圓剛,23,2,21,華南永昌-板橋,2024-07-09,9349
00881,國泰台灣5G+,20,0,20,華南永昌-板橋,2024-07-09,9349
6158,禾昌,20,0,20,華南永昌-板橋,2024-07-09,9349
2731,雄獅,20,1,19,華南永昌-板橋,2024-07-09,9349
2834,臺企銀,19,0,19,華南永昌-板橋,2024-07-09,9349
2368,金像電,33,16,17,華南永昌-板橋,2024-07-09,9349
3466,德晉,16,0,16,華南永昌-板橋,2024-07-09,9349
2022,聚亨,15,0,15,華南永昌-板橋,2024-07-09,9349
2344,華邦電,15,0,15,華南永昌-板橋,2024-07-09,9349
6231,系微,29,15,14,華南永昌-板橋,2024-07-09,9349
0056,元大高股息,14,0,14,華南永昌-板橋,2024-07-09,9349
2449,京元電子,92,79,13,華南永昌-板橋,2024-07-09,9349
6217,中探針,15,2,13,華南永昌-板橋,2024-07-09,9349
00936,台新永續高息中小,12,0,12,華南永昌-板橋,2024-07-09,9349
2337,旺宏,14,2,12,華南永昌-板橋,2024-07-09,9349
3163,波若威,16,4,12,華南永昌-板橋,2024-07-09,9349
5443,均豪,17,5,12,華南永昌-板橋,2024-07-09,9349
6143,振曜,12,0,12,華南永昌-板橋,2024-07-09,9349
2356,英業達,14,3,11,華南永昌-板橋,2024-07-09,9349
1786,科妍,11,0,11,華南永昌-板橋,2024-07-09,9349
6213,聯茂,15,4,11,華南永昌-板橋,2024-07-09,9349
2330,台積電,18,7,11,華南永昌-板橋,2024-07-09,9349
00941,中信上游半導體,10,0,10,華南永昌-板橋,2024-07-09,9349
00895,富邦未來車,10,0,10,華南永昌-板橋,2024-07-09,9349
00637L,元大滬深300正2,100,0,100,華南永昌-板橋,2024-07-10,9349
4768,晶呈科技,108,33,75,華南永昌-板橋,2024-07-10,9349
2323,中環,92,20,72,華南永昌-板橋,2024-07-10,9349
2392,正崴,344,273,71,華南永昌-板橋,2024-07-10,9349
2405,輔信,57,15,42,華南永昌-板橋,2024-07-10,9349
9105,泰金寶-DR,34,0,34,華南永昌-板橋,2024-07-10,9349
5465,富驊,32,0,32,華南永昌-板橋,2024-07-10,9349
3052,夆典,30,0,30,華南永昌-板橋,2024-07-10,9349
6191,精成科,30,0,30,華南永昌-板橋,2024-07-10,9349
5443,均豪,145,117,28,華南永昌-板橋,2024-07-10,9349
2317,鴻海,61,33,28,華南永昌-板橋,2024-07-10,9349
2303,聯電,27,1,26,華南永昌-板橋,2024-07-10,9349
5876,上海商銀,26,0,26,華南永昌-板橋,2024-07-10,9349
6188,廣明,47,23,24,華南永昌-板橋,2024-07-10,9349
0052,富邦科技,20,0,20,華南永昌-板橋,2024-07-10,9349
6016,康和證,20,0,20,華南永昌-板橋,2024-07-10,9349
6770,力積電,20,0,20,華南永昌-板橋,2024-07-10,9349
1515,力山,18,0,18,華南永昌-板橋,2024-07-10,9349
4958,臻鼎-KY,19,1,18,華南永昌-板橋,2024-07-10,9349
2367,燿華,123,107,16,華南永昌-板橋,2024-07-10,9349
8085,福華,16,0,16,華南永昌-板橋,2024-07-10,9349
3047,訊舟,41,25,16,華南永昌-板橋,2024-07-10,9349
6111,大宇資,15,0,15,華南永昌-板橋,2024-07-10,9349
2369,菱生,14,0,14,華南永昌-板橋,2024-07-10,9349
5347,世界,13,0,13,華南永昌-板橋,2024-07-10,9349
8383,千附,13,0,13,華南永昌-板橋,2024-07-10,9349
9945,潤泰新,14,1,13,華南永昌-板橋,2024-07-10,9349
2324,仁寶,13,0,13,華南永昌-板橋,2024-07-10,9349
3032,偉訓,12,0,12,華南永昌-板橋,2024-07-10,9349
6806,森崴能源,67,55,12,華南永昌-板橋,2024-07-10,9349
2344,華邦電,11,0,11,華南永昌-板橋,2024-07-10,9349
2489,瑞軒,25,14,11,華南永昌-板橋,2024-07-10,9349
2498,宏達電,31,20,11,華南永昌-板橋,2024-07-10,9349
4566,時碩工業,12,1,11,華南永昌-板橋,2024-07-10,9349
6953,家碩,11,0,11,華南永昌-板橋,2024-07-10,9349
00929,復華台灣科技優息,16,5,11,華南永昌-板橋,2024-07-10,9349
1303,南亞,10,0,10,華南永昌-板橋,2024-07-10,9349
1301,台塑,10,0,10,華南永昌-板橋,2024-07-10,9349
00931B,統一美債20年,10,0,10,華南永昌-板橋,2024-07-10,9349
2022,聚亨,10,0,10,華南永昌-板橋,2024-07-10,9349
2474,可成,10,0,10,華南永昌-板橋,2024-07-10,9349
5493,三聯,10,0,10,華南永昌-板橋,2024-07-10,9349
6170,統振,10,0,10,華南永昌-板橋,2024-07-10,9349
6278,台表科,10,0,10,華南永昌-板橋,2024-07-10,9349
8105,凌巨,22,12,10,華南永昌-板橋,2024-07-10,9349
4904,遠傳,9,0,9,華南永昌-板橋,2024-07-10,9349
00935,野村臺灣新科技50,9,0,9,華南永昌-板橋,2024-07-10,9349
2390,云辰,9,0,9,華南永昌-板橋,2024-07-10,9349
4977,眾達-KY,10,1,9,華南永昌-板橋,2024-07-10,9349
3037,欣興,10,1,9,華南永昌-板橋,2024-07-10,9349
2867,三商壽,266,67,199,華南永昌-板橋,2024-07-11,9349
3047,訊舟,264,70,194,華南永昌-板橋,2024-07-11,9349
2609,陽明,83,9,74,華南永昌-板橋,2024-07-11,9349
3707,漢磊,67,3,64,華南永昌-板橋,2024-07-11,9349
00934,中信成長高股息,55,1,54,華南永昌-板橋,2024-07-11,9349
1513,中興電,84,32,52,華南永昌-板橋,2024-07-11,9349
3189,景碩,52,11,41,華南永昌-板橋,2024-07-11,9349
3176,基亞,40,0,40,華南永昌-板橋,2024-07-11,9349
9904,寶成,30,0,30,華南永昌-板橋,2024-07-11,9349
2362,藍天,61,32,29,華南永昌-板橋,2024-07-11,9349
5531,鄉林,30,1,29,華南永昌-板橋,2024-07-11,9349
6190,萬泰科,27,1,26,華南永昌-板橋,2024-07-11,9349
00688L,國泰20年美債正2,25,0,25,華南永昌-板橋,2024-07-11,9349
6282,康舒,39,14,25,華南永昌-板橋,2024-07-11,9349
2317,鴻海,78,54,24,華南永昌-板橋,2024-07-11,9349
1587,吉茂,24,0,24,華南永昌-板橋,2024-07-11,9349
2420,新巨,21,0,21,華南永昌-板橋,2024-07-11,9349
2913,農林,21,0,21,華南永昌-板橋,2024-07-11,9349
00950B,凱基A級公司債,20,0,20,華南永昌-板橋,2024-07-11,9349
1308,亞聚,20,0,20,華南永昌-板橋,2024-07-11,9349
2476,鉅祥,20,0,20,華南永昌-板橋,2024-07-11,9349
6743,安普新,20,0,20,華南永昌-板橋,2024-07-11,9349
2382,廣達,39,20,19,華南永昌-板橋,2024-07-11,9349
2101,南港,27,8,19,華南永昌-板橋,2024-07-11,9349
00687B,國泰20年美債,19,1,18,華南永昌-板橋,2024-07-11,9349
2354,鴻準,42,25,17,華南永昌-板橋,2024-07-11,9349
2439,美律,17,0,17,華南永昌-板橋,2024-07-11,9349
2537,聯上發,25,8,17,華南永昌-板橋,2024-07-11,9349
5443,均豪,100,83,17,華南永昌-板橋,2024-07-11,9349
2363,矽統,30,14,16,華南永昌-板橋,2024-07-11,9349
6275,元山,16,0,16,華南永昌-板橋,2024-07-11,9349
4129,聯合,15,0,15,華南永昌-板橋,2024-07-11,9349
4768,晶呈科技,88,74,14,華南永昌-板橋,2024-07-11,9349
1569,濱川,18,4,14,華南永昌-板橋,2024-07-11,9349
2365,昆盈,59,46,13,華南永昌-板橋,2024-07-11,9349
2615,萬海,15,2,13,華南永昌-板橋,2024-07-11,9349
2834,臺企銀,13,0,13,華南永昌-板橋,2024-07-11,9349
3576,聯合再生,15,2,13,華南永昌-板橋,2024-07-11,9349
00853B,統一美債10年Aa-,12,0,12,華南永昌-板橋,2024-07-11,9349
4533,協易機,12,0,12,華南永昌-板橋,2024-07-11,9349
2838,聯邦銀,11,0,11,華南永昌-板橋,2024-07-11,9349
3450,聯鈞,34,23,11,華南永昌-板橋,2024-07-11,9349
00724B,群益投資級金融債,10,0,10,華南永昌-板橋,2024-07-11,9349
00712,復華富時不動產,10,0,10,華南永昌-板橋,2024-07-11,9349
00680L,元大美債20正2,10,0,10,華南永昌-板橋,2024-07-11,9349
1409,新纖,10,0,10,華南永昌-板橋,2024-07-11,9349
1532,勤美,10,0,10,華南永昌-板橋,2024-07-11,9349
2618,長榮航,39,29,10,華南永昌-板橋,2024-07-11,9349
6005,群益證,15,5,10,華南永昌-板橋,2024-07-11,9349
6443,元晶,32,22,10,華南永昌-板橋,2024-07-11,9349
00934,中信成長高股息,119,0,119,華南永昌-板橋,2024-07-12,9349
00919,群益台灣精選高息,108,6,102,華南永昌-板橋,2024-07-12,9349
00929,復華台灣科技優息,97,0,97,華南永昌-板橋,2024-07-12,9349
2317,鴻海,125,35,90,華南永昌-板橋,2024-07-12,9349
00945B,凱基美國非投等債,70,0,70,華南永昌-板橋,2024-07-12,9349
2371,大同,124,59,65,華南永昌-板橋,2024-07-12,9349
3450,聯鈞,55,4,51,華南永昌-板橋,2024-07-12,9349
1301,台塑,52,2,50,華南永昌-板橋,2024-07-12,9349
2501,國建,40,0,40,華南永昌-板橋,2024-07-12,9349
1785,光洋科,38,2,36,華南永昌-板橋,2024-07-12,9349
4109,加捷生醫,31,1,30,華南永昌-板橋,2024-07-12,9349
8354,冠好,30,0,30,華南永昌-板橋,2024-07-12,9349
1609,大亞,45,16,29,華南永昌-板橋,2024-07-12,9349
2477,美隆電,31,2,29,華南永昌-板橋,2024-07-12,9349
1605,華新,34,6,28,華南永昌-板橋,2024-07-12,9349
00878,國泰永續高股息,28,0,28,華南永昌-板橋,2024-07-12,9349
2867,三商壽,62,36,26,華南永昌-板橋,2024-07-12,9349
00927,群益半導體收益,26,0,26,華南永昌-板橋,2024-07-12,9349
00881,國泰台灣5G+,25,0,25,華南永昌-板橋,2024-07-12,9349
2610,華航,41,16,25,華南永昌-板橋,2024-07-12,9349
3312,弘憶股,29,4,25,華南永昌-板橋,2024-07-12,9349
2303,聯電,39,15,24,華南永昌-板橋,2024-07-12,9349
00935,野村臺灣新科技50,24,0,24,華南永昌-板橋,2024-07-12,9349
3689,湧德,23,0,23,華南永昌-板橋,2024-07-12,9349
1536,和大,26,4,22,華南永昌-板橋,2024-07-12,9349
2330,台積電,55,34,21,華南永昌-板橋,2024-07-12,9349
1312,國喬,20,0,20,華南永昌-板橋,2024-07-12,9349
3543,州巧,20,0,20,華南永昌-板橋,2024-07-12,9349
2312,金寶,142,122,20,華南永昌-板橋,2024-07-12,9349
1316,上曜,30,11,19,華南永昌-板橋,2024-07-12,9349
2455,全新,22,3,19,華南永昌-板橋,2024-07-12,9349
6126,信音,32,13,19,華南永昌-板橋,2024-07-12,9349
00905,FT臺灣Smart,19,0,19,華南永昌-板橋,2024-07-12,9349
00946,群益科技高息成長,18,0,18,華南永昌-板橋,2024-07-12,9349
2313,華通,33,16,17,華南永昌-板橋,2024-07-12,9349
6170,統振,17,0,17,華南永昌-板橋,2024-07-12,9349
2887,台新金,17,1,16,華南永昌-板橋,2024-07-12,9349
2492,華新科,15,0,15,華南永昌-板橋,2024-07-12,9349
3060,銘異,16,1,15,華南永昌-板橋,2024-07-12,9349
5202,力新,17,2,15,華南永昌-板橋,2024-07-12,9349
2520,冠德,14,0,14,華南永昌-板橋,2024-07-12,9349
6569,醫揚,14,0,14,華南永昌-板橋,2024-07-12,9349
3711,日月光投控,16,2,14,華南永昌-板橋,2024-07-12,9349
3019,亞光,114,101,13,華南永昌-板橋,2024-07-12,9349
00725B,國泰投資級公司債,12,0,12,華南永昌-板橋,2024-07-12,9349
9945,潤泰新,36,25,11,華南永昌-板橋,2024-07-12,9349
1504,東元,12,1,11,華南永昌-板橋,2024-07-12,9349
1560,中砂,12,1,11,華南永昌-板橋,2024-07-12,9349
2241,艾姆勒,11,0,11,華南永昌-板橋,2024-07-12,9349
6120,達運,11,0,11,華南永昌-板橋,2024-07-12,9349
6116,彩晶,206,0,206,華南永昌-板橋,2024-07-15,9349
00929,復華台灣科技優息,112,26,86,華南永昌-板橋,2024-07-15,9349
00919,群益台灣精選高息,52,0,52,華南永昌-板橋,2024-07-15,9349
00680L,元大美債20正2,45,0,45,華南永昌-板橋,2024-07-15,9349
2409,友達,69,36,33,華南永昌-板橋,2024-07-15,9349
6244,茂迪,33,0,33,華南永昌-板橋,2024-07-15,9349
2365,昆盈,44,12,32,華南永昌-板橋,2024-07-15,9349
6111,大宇資,32,0,32,華南永昌-板橋,2024-07-15,9349
3481,群創,292,261,31,華南永昌-板橋,2024-07-15,9349
2371,大同,61,31,30,華南永昌-板橋,2024-07-15,9349
2515,中工,30,0,30,華南永昌-板橋,2024-07-15,9349
6005,群益證,30,0,30,華南永昌-板橋,2024-07-15,9349
1802,台玻,31,2,29,華南永昌-板橋,2024-07-15,9349
1815,富喬,36,7,29,華南永昌-板橋,2024-07-15,9349
2888,新光金,36,7,29,華南永昌-板橋,2024-07-15,9349
00935,野村臺灣新科技50,29,2,27,華南永昌-板橋,2024-07-15,9349
3594,磐儀,27,0,27,華南永昌-板橋,2024-07-15,9349
2382,廣達,31,5,26,華南永昌-板橋,2024-07-15,9349
9904,寶成,25,0,25,華南永昌-板橋,2024-07-15,9349
3176,基亞,25,0,25,華南永昌-板橋,2024-07-15,9349
2356,英業達,69,47,22,華南永昌-板橋,2024-07-15,9349
3034,聯詠,21,0,21,華南永昌-板橋,2024-07-15,9349
3312,弘憶股,44,23,21,華南永昌-板橋,2024-07-15,9349
2312,金寶,68,47,21,華南永昌-板橋,2024-07-15,9349
00632R,元大台灣50反1,20,0,20,華南永昌-板橋,2024-07-15,9349
1459,聯發,20,0,20,華南永昌-板橋,2024-07-15,9349
6152,百一,20,0,20,華南永昌-板橋,2024-07-15,9349
00928,中信上櫃ESG30,19,0,19,華南永昌-板橋,2024-07-15,9349
8937,合騏,19,0,19,華南永昌-板橋,2024-07-15,9349
3545,敦泰,52,36,16,華南永昌-板橋,2024-07-15,9349
00713,元大台灣高息低波,15,0,15,華南永昌-板橋,2024-07-15,9349
5258,虹堡,15,0,15,華南永昌-板橋,2024-07-15,9349
2891,中信金,19,4,15,華南永昌-板橋,2024-07-15,9349
00688L,國泰20年美債正2,15,0,15,華南永昌-板橋,2024-07-15,9349
1597,直得,29,14,15,華南永昌-板橋,2024-07-15,9349
1568,倉佑,14,0,14,華南永昌-板橋,2024-07-15,9349
3050,鈺德,17,3,14,華南永昌-板橋,2024-07-15,9349
3290,東浦,17,4,13,華南永昌-板橋,2024-07-15,9349
2489,瑞軒,109,96,13,華南永昌-板橋,2024-07-15,9349
2317,鴻海,38,25,13,華南永昌-板橋,2024-07-15,9349
3535,晶彩科,18,6,12,華南永昌-板橋,2024-07-15,9349
00945B,凱基美國非投等債,13,1,12,華南永昌-板橋,2024-07-15,9349
4157,太景*-KY,12,0,12,華南永昌-板橋,2024-07-15,9349
9955,佳龍,13,1,12,華南永昌-板橋,2024-07-15,9349
2882,國泰金,12,0,12,華南永昌-板橋,2024-07-15,9349
2618,長榮航,34,23,11,華南永昌-板橋,2024-07-15,9349
1303,南亞,11,0,11,華南永昌-板橋,2024-07-15,9349
2913,農林,11,0,11,華南永昌-板橋,2024-07-15,9349
4960,誠美材,13,2,11,華南永昌-板橋,2024-07-15,9349
9945,潤泰新,28,17,11,華南永昌-板橋,2024-07-15,9349
2349,錸德,700,1,699,華南永昌-板橋,2024-07-16,9349
2888,新光金,129,10,119,華南永昌-板橋,2024-07-16,9349
3481,群創,137,21,116,華南永昌-板橋,2024-07-16,9349
0056,元大高股息,101,2,99,華南永昌-板橋,2024-07-16,9349
6269,台郡,199,127,72,華南永昌-板橋,2024-07-16,9349
00919,群益台灣精選高息,71,1,70,華南永昌-板橋,2024-07-16,9349
2537,聯上發,65,0,65,華南永昌-板橋,2024-07-16,9349
00929,復華台灣科技優息,49,4,45,華南永昌-板橋,2024-07-16,9349
2206,三陽工業,42,3,39,華南永昌-板橋,2024-07-16,9349
4909,新復興,51,18,33,華南永昌-板橋,2024-07-16,9349
00905,FT臺灣Smart,27,0,27,華南永昌-板橋,2024-07-16,9349
2356,英業達,33,7,26,華南永昌-板橋,2024-07-16,9349
4129,聯合,25,0,25,華南永昌-板橋,2024-07-16,9349
1785,光洋科,28,5,23,華南永昌-板橋,2024-07-16,9349
1568,倉佑,39,17,22,華南永昌-板橋,2024-07-16,9349
2476,鉅祥,21,0,21,華南永昌-板橋,2024-07-16,9349
00882,中信中國高股息,21,0,21,華南永昌-板橋,2024-07-16,9349
2524,京城,39,18,21,華南永昌-板橋,2024-07-16,9349
2543,皇昌,30,9,21,華南永昌-板橋,2024-07-16,9349
2317,鴻海,115,95,20,華南永昌-板橋,2024-07-16,9349
3543,州巧,20,0,20,華南永昌-板橋,2024-07-16,9349
4306,炎洲,20,0,20,華南永昌-板橋,2024-07-16,9349
5328,華容,24,4,20,華南永昌-板橋,2024-07-16,9349
4566,時碩工業,31,12,19,華南永昌-板橋,2024-07-16,9349
4526,東台,18,0,18,華南永昌-板橋,2024-07-16,9349
9105,泰金寶-DR,37,19,18,華南永昌-板橋,2024-07-16,9349
00878,國泰永續高股息,25,8,17,華南永昌-板橋,2024-07-16,9349
3455,由田,19,2,17,華南永昌-板橋,2024-07-16,9349
6173,信昌電,23,6,17,華南永昌-板橋,2024-07-16,9349
1540,喬福,17,1,16,華南永昌-板橋,2024-07-16,9349
3294,英濟,19,3,16,華南永昌-板橋,2024-07-16,9349
4714,永捷,17,1,16,華南永昌-板橋,2024-07-16,9349
8076,伍豐,16,0,16,華南永昌-板橋,2024-07-16,9349
2891,中信金,15,0,15,華南永昌-板橋,2024-07-16,9349
2002,中鋼,15,0,15,華南永昌-板橋,2024-07-16,9349
00720B,元大投資級公司債,14,0,14,華南永昌-板橋,2024-07-16,9349
1609,大亞,32,18,14,華南永昌-板橋,2024-07-16,9349
00927,群益半導體收益,13,0,13,華南永昌-板橋,2024-07-16,9349
2363,矽統,20,7,13,華南永昌-板橋,2024-07-16,9349
3176,基亞,14,1,13,華南永昌-板橋,2024-07-16,9349
5443,均豪,54,41,13,華南永昌-板橋,2024-07-16,9349
6111,大宇資,17,4,13,華南永昌-板橋,2024-07-16,9349
6152,百一,20,7,13,華南永昌-板橋,2024-07-16,9349
2615,萬海,15,3,12,華南永昌-板橋,2024-07-16,9349
2362,藍天,20,9,11,華南永昌-板橋,2024-07-16,9349
3580,友威科,11,0,11,華南永昌-板橋,2024-07-16,9349
6164,華興,11,0,11,華南永昌-板橋,2024-07-16,9349
1532,勤美,10,0,10,華南永昌-板橋,2024-07-16,9349
2477,美隆電,10,0,10,華南永昌-板橋,2024-07-16,9349
3058,立德,10,0,10,華南永昌-板橋,2024-07-16,9349
00937B,群益ESG投等債20,126,1,125,華南永昌-板橋,2024-07-17,9349
00929,復華台灣科技優息,124,1,123,華南永昌-板橋,2024-07-17,9349
00934,中信成長高股息,106,2,104,華南永昌-板橋,2024-07-17,9349
4903,聯光通,100,1,99,華南永昌-板橋,2024-07-17,9349
3231,緯創,124,46,78,華南永昌-板橋,2024-07-17,9349
2317,鴻海,80,23,57,華南永昌-板橋,2024-07-17,9349
00919,群益台灣精選高息,56,0,56,華南永昌-板橋,2024-07-17,9349
2816,旺旺保,52,0,52,華南永昌-板橋,2024-07-17,9349
0056,元大高股息,52,0,52,華南永昌-板橋,2024-07-17,9349
6449,鈺邦,64,14,50,華南永昌-板橋,2024-07-17,9349
2515,中工,75,28,47,華南永昌-板橋,2024-07-17,9349
2402,毅嘉,72,31,41,華南永昌-板橋,2024-07-17,9349
1609,大亞,114,77,37,華南永昌-板橋,2024-07-17,9349
2731,雄獅,42,5,37,華南永昌-板橋,2024-07-17,9349
2881,富邦金,36,0,36,華南永昌-板橋,2024-07-17,9349
00664R,國泰臺灣加權反1,30,0,30,華南永昌-板橋,2024-07-17,9349
00650L,復華香港正2,30,0,30,華南永昌-板橋,2024-07-17,9349
2801,彰銀,30,0,30,華南永昌-板橋,2024-07-17,9349
8105,凌巨,42,13,29,華南永昌-板橋,2024-07-17,9349
00936,台新永續高息中小,28,0,28,華南永昌-板橋,2024-07-17,9349
2330,台積電,90,63,27,華南永昌-板橋,2024-07-17,9349
6290,良維,30,5,25,華南永昌-板橋,2024-07-17,9349
6770,力積電,40,15,25,華南永昌-板橋,2024-07-17,9349
00878,國泰永續高股息,21,0,21,華南永昌-板橋,2024-07-17,9349
3056,富華新,22,1,21,華南永昌-板橋,2024-07-17,9349
2481,強茂,22,2,20,華南永昌-板橋,2024-07-17,9349
2633,台灣高鐵,20,0,20,華南永昌-板橋,2024-07-17,9349
3050,鈺德,23,3,20,華南永昌-板橋,2024-07-17,9349
2501,國建,69,50,19,華南永昌-板橋,2024-07-17,9349
3673,TPK-KY,29,10,19,華南永昌-板橋,2024-07-17,9349
2449,京元電子,19,1,18,華南永昌-板橋,2024-07-17,9349
1815,富喬,20,2,18,華南永昌-板橋,2024-07-17,9349
1102,亞泥,17,0,17,華南永昌-板橋,2024-07-17,9349
2371,大同,70,53,17,華南永昌-板橋,2024-07-17,9349
2408,南亞科,21,5,16,華南永昌-板橋,2024-07-17,9349
2474,可成,16,0,16,華南永昌-板橋,2024-07-17,9349
4707,磐亞,16,0,16,華南永昌-板橋,2024-07-17,9349
5521,工信,16,0,16,華南永昌-板橋,2024-07-17,9349
00927,群益半導體收益,15,0,15,華南永昌-板橋,2024-07-17,9349
1304,台聚,21,6,15,華南永昌-板橋,2024-07-17,9349
2610,華航,35,20,15,華南永昌-板橋,2024-07-17,9349
3543,州巧,15,0,15,華南永昌-板橋,2024-07-17,9349
4906,正文,27,12,15,華南永昌-板橋,2024-07-17,9349
2880,華南金,20,5,15,華南永昌-板橋,2024-07-17,9349
00940,元大台灣價值高息,58,43,15,華南永昌-板橋,2024-07-17,9349
8421,旭源,14,0,14,華南永昌-板橋,2024-07-17,9349
00946,群益科技高息成長,14,0,14,華南永昌-板橋,2024-07-17,9349
00918,大華優利高填息30,13,0,13,華南永昌-板橋,2024-07-17,9349
1709,和益,23,10,13,華南永昌-板橋,2024-07-17,9349
2101,南港,65,52,13,華南永昌-板橋,2024-07-17,9349
2312,金寶,230,30,200,華南永昌-板橋,2024-07-18,9349
00919,群益台灣精選高息,89,1,88,華南永昌-板橋,2024-07-18,9349
00878,國泰永續高股息,87,1,86,華南永昌-板橋,2024-07-18,9349
1529,樂事綠能,74,0,74,華南永昌-板橋,2024-07-18,9349
2331,精英,70,3,67,華南永昌-板橋,2024-07-18,9349
00882,中信中國高股息,65,0,65,華南永昌-板橋,2024-07-18,9349
00934,中信成長高股息,59,2,57,華南永昌-板橋,2024-07-18,9349
3163,波若威,107,51,56,華南永昌-板橋,2024-07-18,9349
8085,福華,56,0,56,華南永昌-板橋,2024-07-18,9349
1304,台聚,51,4,47,華南永昌-板橋,2024-07-18,9349
2356,英業達,44,4,40,華南永昌-板橋,2024-07-18,9349
3189,景碩,42,4,38,華南永昌-板橋,2024-07-18,9349
00937B,群益ESG投等債20,41,9,32,華南永昌-板橋,2024-07-18,9349
3141,晶宏,33,3,30,華南永昌-板橋,2024-07-18,9349
2392,正崴,32,2,30,華南永昌-板橋,2024-07-18,9349
2313,華通,30,1,29,華南永昌-板橋,2024-07-18,9349
9945,潤泰新,35,7,28,華南永昌-板橋,2024-07-18,9349
2382,廣達,29,2,27,華南永昌-板橋,2024-07-18,9349
00946,群益科技高息成長,26,0,26,華南永昌-板橋,2024-07-18,9349
6449,鈺邦,26,0,26,華南永昌-板橋,2024-07-18,9349
8028,昇陽半導體,30,4,26,華南永昌-板橋,2024-07-18,9349
1809,中釉,25,0,25,華南永昌-板橋,2024-07-18,9349
6111,大宇資,26,1,25,華南永昌-板橋,2024-07-18,9349
00751B,元大AAA至A公司債,25,1,24,華南永昌-板橋,2024-07-18,9349
4768,晶呈科技,62,38,24,華南永昌-板橋,2024-07-18,9349
00940,元大台灣價值高息,64,40,24,華南永昌-板橋,2024-07-18,9349
6117,迎廣,23,0,23,華南永昌-板橋,2024-07-18,9349
6226,光鼎,22,0,22,華南永昌-板橋,2024-07-18,9349
6126,信音,21,0,21,華南永昌-板橋,2024-07-18,9349
3481,群創,223,202,21,華南永昌-板橋,2024-07-18,9349
6120,達運,20,0,20,華南永昌-板橋,2024-07-18,9349
6125,廣運,34,14,20,華南永昌-板橋,2024-07-18,9349
00929,復華台灣科技優息,82,62,20,華南永昌-板橋,2024-07-18,9349
1513,中興電,24,5,19,華南永昌-板橋,2024-07-18,9349
2330,台積電,47,29,18,華南永昌-板橋,2024-07-18,9349
9105,泰金寶-DR,21,3,18,華南永昌-板橋,2024-07-18,9349
00680L,元大美債20正2,17,0,17,華南永昌-板橋,2024-07-18,9349
00927,群益半導體收益,17,0,17,華南永昌-板橋,2024-07-18,9349
3013,晟銘電,35,18,17,華南永昌-板橋,2024-07-18,9349
2101,南港,41,26,15,華南永昌-板橋,2024-07-18,9349
2867,三商壽,20,5,15,華南永昌-板橋,2024-07-18,9349
3543,州巧,15,0,15,華南永昌-板橋,2024-07-18,9349
1815,富喬,24,10,14,華南永昌-板橋,2024-07-18,9349
5243,乙盛-KY,14,0,14,華南永昌-板橋,2024-07-18,9349
8011,台通,17,3,14,華南永昌-板橋,2024-07-18,9349
1514,亞力,19,6,13,華南永昌-板橋,2024-07-18,9349
1532,勤美,13,0,13,華南永昌-板橋,2024-07-18,9349
2882,國泰金,13,0,13,華南永昌-板橋,2024-07-18,9349
1402,遠東新,12,0,12,華南永昌-板橋,2024-07-18,9349
2634,漢翔,102,90,12,華南永昌-板橋,2024-07-18,9349
2891,中信金,271,1,270,華南永昌-板橋,2024-07-19,9349
00919,群益台灣精選高息,111,16,95,華南永昌-板橋,2024-07-19,9349
2520,冠德,90,8,82,華南永昌-板橋,2024-07-19,9349
2101,南港,82,1,81,華南永昌-板橋,2024-07-19,9349
00637L,元大滬深300正2,55,0,55,華南永昌-板橋,2024-07-19,9349
2501,國建,55,3,52,華南永昌-板橋,2024-07-19,9349
3481,群創,203,152,51,華南永昌-板橋,2024-07-19,9349
2516,新建,50,0,50,華南永昌-板橋,2024-07-19,9349
00878,國泰永續高股息,61,12,49,華南永昌-板橋,2024-07-19,9349
0050,元大台灣50,48,2,46,華南永昌-板橋,2024-07-19,9349
00929,復華台灣科技優息,139,93,46,華南永昌-板橋,2024-07-19,9349
2382,廣達,50,7,43,華南永昌-板橋,2024-07-19,9349
00918,大華優利高填息30,40,1,39,華南永昌-板橋,2024-07-19,9349
00882,中信中國高股息,38,0,38,華南永昌-板橋,2024-07-19,9349
8011,台通,63,25,38,華南永昌-板橋,2024-07-19,9349
00650L,復華香港正2,34,0,34,華南永昌-板橋,2024-07-19,9349
2330,台積電,54,21,33,華南永昌-板橋,2024-07-19,9349
8076,伍豐,43,10,33,華南永昌-板橋,2024-07-19,9349
0056,元大高股息,32,0,32,華南永昌-板橋,2024-07-19,9349
00680L,元大美債20正2,32,0,32,華南永昌-板橋,2024-07-19,9349
3380,明泰,34,3,31,華南永昌-板橋,2024-07-19,9349
00632R,元大台灣50反1,55,25,30,華南永昌-板橋,2024-07-19,9349
1711,永光,30,0,30,華南永昌-板橋,2024-07-19,9349
2331,精英,30,0,30,華南永昌-板橋,2024-07-19,9349
6290,良維,30,0,30,華南永昌-板橋,2024-07-19,9349
4768,晶呈科技,75,47,28,華南永昌-板橋,2024-07-19,9349
00751B,元大AAA至A公司債,27,0,27,華南永昌-板橋,2024-07-19,9349
2392,正崴,29,2,27,華南永昌-板橋,2024-07-19,9349
2419,仲琦,44,18,26,華南永昌-板橋,2024-07-19,9349
6770,力積電,27,1,26,華南永昌-板橋,2024-07-19,9349
2356,英業達,31,5,26,華南永昌-板橋,2024-07-19,9349
1709,和益,45,20,25,華南永昌-板橋,2024-07-19,9349
6156,松上,25,0,25,華南永昌-板橋,2024-07-19,9349
6111,大宇資,25,1,24,華南永昌-板橋,2024-07-19,9349
1785,光洋科,60,37,23,華南永昌-板橋,2024-07-19,9349
5521,工信,21,0,21,華南永昌-板橋,2024-07-19,9349
2610,華航,23,3,20,華南永昌-板橋,2024-07-19,9349
2834,臺企銀,22,2,20,華南永昌-板橋,2024-07-19,9349
00738U,期元大道瓊白銀,20,0,20,華南永昌-板橋,2024-07-19,9349
2206,三陽工業,20,0,20,華南永昌-板橋,2024-07-19,9349
2371,大同,32,12,20,華南永昌-板橋,2024-07-19,9349
2867,三商壽,21,1,20,華南永昌-板橋,2024-07-19,9349
4967,十銓,21,1,20,華南永昌-板橋,2024-07-19,9349
00934,中信成長高股息,22,3,19,華南永昌-板橋,2024-07-19,9349
2365,昆盈,29,11,18,華南永昌-板橋,2024-07-19,9349
6492,生華科,18,0,18,華南永昌-板橋,2024-07-19,9349
2887,台新金,18,0,18,華南永昌-板橋,2024-07-19,9349
00936,台新永續高息中小,18,1,17,華南永昌-板橋,2024-07-19,9349
3290,東浦,17,0,17,華南永昌-板橋,2024-07-19,9349
2881,富邦金,16,0,16,華南永昌-板橋,2024-07-19,9349
3481,群創,178,33,145,華南永昌-板橋,2024-07-22,9349
00929,復華台灣科技優息,239,133,106,華南永昌-板橋,2024-07-22,9349
4909,新復興,101,0,101,華南永昌-板橋,2024-07-22,9349
00946,群益科技高息成長,99,5,94,華南永昌-板橋,2024-07-22,9349
2409,友達,73,2,71,華南永昌-板橋,2024-07-22,9349
5258,虹堡,65,0,65,華南永昌-板橋,2024-07-22,9349
2888,新光金,67,8,59,華南永昌-板橋,2024-07-22,9349
2331,精英,61,6,55,華南永昌-板橋,2024-07-22,9349
2332,友訊,55,0,55,華南永昌-板橋,2024-07-22,9349
5512,力麒,93,51,42,華南永昌-板橋,2024-07-22,9349
2365,昆盈,60,22,38,華南永昌-板橋,2024-07-22,9349
1503,士電,38,0,38,華南永昌-板橋,2024-07-22,9349
0056,元大高股息,33,0,33,華南永昌-板橋,2024-07-22,9349
00637L,元大滬深300正2,33,0,33,華南永昌-板橋,2024-07-22,9349
2006,東和鋼鐵,35,6,29,華南永昌-板橋,2024-07-22,9349
2356,英業達,31,3,28,華南永昌-板橋,2024-07-22,9349
00715L,期街口布蘭特正2,25,0,25,華南永昌-板橋,2024-07-22,9349
1314,中石化,25,0,25,華南永昌-板橋,2024-07-22,9349
2206,三陽工業,24,0,24,華南永昌-板橋,2024-07-22,9349
5534,長虹,25,2,23,華南永昌-板橋,2024-07-22,9349
2610,華航,31,9,22,華南永昌-板橋,2024-07-22,9349
5465,富驊,22,0,22,華南永昌-板橋,2024-07-22,9349
2891,中信金,21,0,21,華南永昌-板橋,2024-07-22,9349
00878,國泰永續高股息,83,63,20,華南永昌-板橋,2024-07-22,9349
3689,湧德,20,0,20,華南永昌-板橋,2024-07-22,9349
6152,百一,20,0,20,華南永昌-板橋,2024-07-22,9349
4566,時碩工業,21,2,19,華南永昌-板橋,2024-07-22,9349
00934,中信成長高股息,18,0,18,華南永昌-板橋,2024-07-22,9349
2330,台積電,70,52,18,華南永昌-板橋,2024-07-22,9349
3019,亞光,22,5,17,華南永昌-板橋,2024-07-22,9349
5243,乙盛-KY,17,0,17,華南永昌-板橋,2024-07-22,9349
2323,中環,16,0,16,華南永昌-板橋,2024-07-22,9349
2501,國建,16,0,16,華南永昌-板橋,2024-07-22,9349
4768,晶呈科技,53,37,16,華南永昌-板橋,2024-07-22,9349
3163,波若威,17,2,15,華南永昌-板橋,2024-07-22,9349
2317,鴻海,108,93,15,華南永昌-板橋,2024-07-22,9349
0050,元大台灣50,23,9,14,華南永昌-板橋,2024-07-22,9349
2489,瑞軒,41,27,14,華南永昌-板橋,2024-07-22,9349
6158,禾昌,14,0,14,華南永昌-板橋,2024-07-22,9349
6282,康舒,14,0,14,華南永昌-板橋,2024-07-22,9349
00927,群益半導體收益,17,4,13,華南永昌-板橋,2024-07-22,9349
2352,佳世達,16,3,13,華南永昌-板橋,2024-07-22,9349
3450,聯鈞,20,7,13,華南永昌-板橋,2024-07-22,9349
6163,華電網,23,10,13,華南永昌-板橋,2024-07-22,9349
2603,長榮,41,28,13,華南永昌-板橋,2024-07-22,9349
1463,強盛新,12,0,12,華南永昌-板橋,2024-07-22,9349
8182,加高,12,0,12,華南永昌-板橋,2024-07-22,9349
3231,緯創,16,4,12,華南永昌-板橋,2024-07-22,9349
1449,佳和,11,0,11,華南永昌-板橋,2024-07-22,9349
2520,冠德,18,7,11,華南永昌-板橋,2024-07-22,9349
00878,國泰永續高股息,115,10,105,華南永昌-板橋,2024-07-23,9349
4903,聯光通,100,2,98,華南永昌-板橋,2024-07-23,9349
00637L,元大滬深300正2,71,0,71,華南永昌-板橋,2024-07-23,9349
00929,復華台灣科技優息,108,39,69,華南永昌-板橋,2024-07-23,9349
3481,群創,86,29,57,華南永昌-板橋,2024-07-23,9349
1529,樂事綠能,55,5,50,華南永昌-板橋,2024-07-23,9349
2317,鴻海,62,21,41,華南永昌-板橋,2024-07-23,9349
00934,中信成長高股息,37,0,37,華南永昌-板橋,2024-07-23,9349
3580,友威科,45,11,34,華南永昌-板橋,2024-07-23,9349
5534,長虹,36,2,34,華南永昌-板橋,2024-07-23,9349
6151,晉倫,36,2,34,華南永昌-板橋,2024-07-23,9349
00940,元大台灣價值高息,64,31,33,華南永昌-板橋,2024-07-23,9349
00905,FT臺灣Smart,27,0,27,華南永昌-板橋,2024-07-23,9349
2409,友達,29,3,26,華南永昌-板橋,2024-07-23,9349
6158,禾昌,26,0,26,華南永昌-板橋,2024-07-23,9349
00946,群益科技高息成長,26,0,26,華南永昌-板橋,2024-07-23,9349
00919,群益台灣精選高息,25,0,25,華南永昌-板橋,2024-07-23,9349
2312,金寶,27,2,25,華南永昌-板橋,2024-07-23,9349
2344,華邦電,25,0,25,華南永昌-板橋,2024-07-23,9349
2362,藍天,44,19,25,華南永昌-板橋,2024-07-23,9349
2891,中信金,25,0,25,華南永昌-板橋,2024-07-23,9349
2812,台中銀,24,0,24,華南永昌-板橋,2024-07-23,9349
5258,虹堡,20,0,20,華南永昌-板橋,2024-07-23,9349
00945B,凱基美國非投等債,18,0,18,華南永昌-板橋,2024-07-23,9349
2359,所羅門,38,21,17,華南永昌-板橋,2024-07-23,9349
00918,大華優利高填息30,16,0,16,華南永昌-板橋,2024-07-23,9349
00674R,期元大S＆P黃金反1,15,0,15,華南永昌-板橋,2024-07-23,9349
8374,羅昇,18,3,15,華南永昌-板橋,2024-07-23,9349
2489,瑞軒,15,0,15,華南永昌-板橋,2024-07-23,9349
00937B,群益ESG投等債20,17,3,14,華南永昌-板橋,2024-07-23,9349
00927,群益半導體收益,18,5,13,華南永昌-板橋,2024-07-23,9349
2408,南亞科,24,11,13,華南永昌-板橋,2024-07-23,9349
1802,台玻,12,0,12,華南永昌-板橋,2024-07-23,9349
2609,陽明,25,13,12,華南永昌-板橋,2024-07-23,9349
6531,愛普*,11,0,11,華南永昌-板橋,2024-07-23,9349
00642U,期元大S＆P石油,11,0,11,華南永昌-板橋,2024-07-23,9349
1616,億泰,11,0,11,華南永昌-板橋,2024-07-23,9349
3013,晟銘電,14,3,11,華南永昌-板橋,2024-07-23,9349
8446,華研,11,0,11,華南永昌-板橋,2024-07-23,9349
1229,聯華,12,2,10,華南永昌-板橋,2024-07-23,9349
9958,世紀鋼,16,6,10,華南永昌-板橋,2024-07-23,9349
00680L,元大美債20正2,10,0,10,華南永昌-板橋,2024-07-23,9349
2006,東和鋼鐵,10,0,10,華南永昌-板橋,2024-07-23,9349
2022,聚亨,10,0,10,華南永昌-板橋,2024-07-23,9349
4927,泰鼎-KY,10,0,10,華南永昌-板橋,2024-07-23,9349
6176,瑞儀,10,0,10,華南永昌-板橋,2024-07-23,9349
6239,力成,10,0,10,華南永昌-板橋,2024-07-23,9349
8033,雷虎,10,0,10,華南永昌-板橋,2024-07-23,9349
8937,合騏,10,0,10,華南永昌-板橋,2024-07-23,9349
9904,寶成,10,0,10,華南永昌-板橋,2024-07-23,9349
2888,新光金,401,209,192,華南永昌-板橋,2024-07-26,9349
00940,元大台灣價值高息,103,21,82,華南永昌-板橋,2024-07-26,9349
2501,國建,79,0,79,華南永昌-板橋,2024-07-26,9349
2884,玉山金,75,3,72,華南永昌-板橋,2024-07-26,9349
00929,復華台灣科技優息,71,0,71,華南永昌-板橋,2024-07-26,9349
00680L,元大美債20正2,71,1,70,華南永昌-板橋,2024-07-26,9349
2317,鴻海,113,49,64,華南永昌-板橋,2024-07-26,9349
00919,群益台灣精選高息,86,25,61,華南永昌-板橋,2024-07-26,9349
2330,台積電,64,3,61,華南永昌-板橋,2024-07-26,9349
2349,錸德,63,6,57,華南永昌-板橋,2024-07-26,9349
00688L,國泰20年美債正2,51,0,51,華南永昌-板橋,2024-07-26,9349
00946,群益科技高息成長,46,0,46,華南永昌-板橋,2024-07-26,9349
2101,南港,44,1,43,華南永昌-板橋,2024-07-26,9349
0056,元大高股息,40,1,39,華南永昌-板橋,2024-07-26,9349
00878,國泰永續高股息,39,3,36,華南永昌-板橋,2024-07-26,9349
2356,英業達,34,1,33,華南永昌-板橋,2024-07-26,9349
4960,誠美材,31,0,31,華南永昌-板橋,2024-07-26,9349
3689,湧德,30,0,30,華南永昌-板橋,2024-07-26,9349
2409,友達,29,1,28,華南永昌-板橋,2024-07-26,9349
6015,宏遠證,25,0,25,華南永昌-板橋,2024-07-26,9349
00951,台新日本半導體,42,18,24,華南永昌-板橋,2024-07-26,9349
3312,弘憶股,23,2,21,華南永昌-板橋,2024-07-26,9349
1325,恆大,20,0,20,華南永昌-板橋,2024-07-26,9349
4909,新復興,20,0,20,華南永昌-板橋,2024-07-26,9349
2362,藍天,24,5,19,華南永昌-板橋,2024-07-26,9349
00934,中信成長高股息,18,0,18,華南永昌-板橋,2024-07-26,9349
00939,統一台灣高息動能,18,0,18,華南永昌-板橋,2024-07-26,9349
2022,聚亨,18,0,18,華南永昌-板橋,2024-07-26,9349
2402,毅嘉,17,0,17,華南永昌-板橋,2024-07-26,9349
006208,富邦台50,16,0,16,華南永昌-板橋,2024-07-26,9349
8926,台汽電,39,23,16,華南永昌-板橋,2024-07-26,9349
2845,遠東銀,15,0,15,華南永昌-板橋,2024-07-26,9349
6116,彩晶,21,6,15,華南永昌-板橋,2024-07-26,9349
2344,華邦電,14,0,14,華南永昌-板橋,2024-07-26,9349
1609,大亞,38,24,14,華南永昌-板橋,2024-07-26,9349
2486,一詮,16,2,14,華南永昌-板橋,2024-07-26,9349
4906,正文,20,6,14,華南永昌-板橋,2024-07-26,9349
6443,元晶,15,1,14,華南永昌-板橋,2024-07-26,9349
3711,日月光投控,13,0,13,華南永昌-板橋,2024-07-26,9349
9906,欣巴巴,14,1,13,華南永昌-板橋,2024-07-26,9349
3033,威健,13,0,13,華南永昌-板橋,2024-07-26,9349
0050,元大台灣50,15,2,13,華南永昌-板橋,2024-07-26,9349
00931B,統一美債20年,14,2,12,華南永昌-板橋,2024-07-26,9349
1303,南亞,18,6,12,華南永昌-板橋,2024-07-26,9349
2419,仲琦,12,0,12,華南永昌-板橋,2024-07-26,9349
2439,美律,12,0,12,華南永昌-板橋,2024-07-26,9349
2834,臺企銀,12,0,12,華南永昌-板橋,2024-07-26,9349
2634,漢翔,11,0,11,華南永昌-板橋,2024-07-26,9349
00935,野村臺灣新科技50,10,0,10,華南永昌-板橋,2024-07-26,9349
00895,富邦未來車,10,0,10,華南永昌-板橋,2024-07-26,9349
2888,新光金,449,78,371,華南永昌-板橋,2024-07-29,9349
00933B,國泰10Y+金融債,222,1,221,華南永昌-板橋,2024-07-29,9349
00929,復華台灣科技優息,111,5,106,華南永昌-板橋,2024-07-29,9349
4960,誠美材,70,0,70,華南永昌-板橋,2024-07-29,9349
2331,精英,65,0,65,華南永昌-板橋,2024-07-29,9349
00687B,國泰20年美債,57,1,56,華南永昌-板橋,2024-07-29,9349
00725B,國泰投資級公司債,50,0,50,華南永昌-板橋,2024-07-29,9349
0056,元大高股息,46,3,43,華南永昌-板橋,2024-07-29,9349
2537,聯上發,42,1,41,華南永昌-板橋,2024-07-29,9349
00878,國泰永續高股息,44,3,41,華南永昌-板橋,2024-07-29,9349
2332,友訊,40,0,40,華南永昌-板橋,2024-07-29,9349
2344,華邦電,36,4,32,華南永昌-板橋,2024-07-29,9349
00919,群益台灣精選高息,39,7,32,華南永昌-板橋,2024-07-29,9349
9945,潤泰新,37,6,31,華南永昌-板橋,2024-07-29,9349
3056,富華新,32,2,30,華南永昌-板橋,2024-07-29,9349
1304,台聚,30,1,29,華南永昌-板橋,2024-07-29,9349
3705,永信,27,0,27,華南永昌-板橋,2024-07-29,9349
2427,三商電,26,0,26,華南永昌-板橋,2024-07-29,9349
3706,神達,25,0,25,華南永昌-板橋,2024-07-29,9349
2867,三商壽,25,0,25,華南永昌-板橋,2024-07-29,9349
9946,三發地產,24,0,24,華南永昌-板橋,2024-07-29,9349
00632R,元大台灣50反1,41,20,21,華南永昌-板橋,2024-07-29,9349
3290,東浦,20,0,20,華南永昌-板橋,2024-07-29,9349
2916,滿心,21,2,19,華南永昌-板橋,2024-07-29,9349
00928,中信上櫃ESG30,17,0,17,華南永昌-板橋,2024-07-29,9349
5519,隆大,16,0,16,華南永昌-板橋,2024-07-29,9349
2884,玉山金,16,0,16,華南永昌-板橋,2024-07-29,9349
2371,大同,30,15,15,華南永昌-板橋,2024-07-29,9349
3450,聯鈞,36,22,14,華南永昌-板橋,2024-07-29,9349
5465,富驊,14,0,14,華南永昌-板橋,2024-07-29,9349
5512,力麒,20,6,14,華南永昌-板橋,2024-07-29,9349
1506,正道,13,0,13,華南永昌-板橋,2024-07-29,9349
2312,金寶,21,8,13,華南永昌-板橋,2024-07-29,9349
2542,興富發,24,11,13,華南永昌-板橋,2024-07-29,9349
2891,中信金,13,0,13,華南永昌-板橋,2024-07-29,9349
3189,景碩,48,35,13,華南永昌-板橋,2024-07-29,9349
5443,均豪,150,138,12,華南永昌-板橋,2024-07-29,9349
6550,北極星藥業-KY,12,0,12,華南永昌-板橋,2024-07-29,9349
1529,樂事綠能,11,0,11,華南永昌-板橋,2024-07-29,9349
1907,永豐餘,11,0,11,華南永昌-板橋,2024-07-29,9349
2303,聯電,14,3,11,華南永昌-板橋,2024-07-29,9349
2417,圓剛,10,0,10,華南永昌-板橋,2024-07-29,9349
2897,王道銀行,10,0,10,華南永昌-板橋,2024-07-29,9349
4157,太景*-KY,10,0,10,華南永昌-板橋,2024-07-29,9349
6282,康舒,10,0,10,華南永昌-板橋,2024-07-29,9349
8996,高力,11,1,10,華南永昌-板橋,2024-07-29,9349
2610,華航,10,1,9,華南永昌-板橋,2024-07-29,9349
5530,龍巖,9,0,9,華南永昌-板橋,2024-07-29,9349
5534,長虹,9,0,9,華南永昌-板橋,2024-07-29,9349
3037,欣興,13,5,8,華南永昌-板橋,2024-07-29,9349
2332,友訊,125,10,115,華南永昌-板橋,2024-07-30,9349
2312,金寶,106,16,90,華南永昌-板橋,2024-07-30,9349
00940,元大台灣價值高息,90,2,88,華南永昌-板橋,2024-07-30,9349
00946,群益科技高息成長,68,0,68,華南永昌-板橋,2024-07-30,9349
00929,復華台灣科技優息,64,2,62,華南永昌-板橋,2024-07-30,9349
00878,國泰永續高股息,75,33,42,華南永昌-板橋,2024-07-30,9349
2891,中信金,39,0,39,華南永昌-板橋,2024-07-30,9349
2515,中工,35,0,35,華南永昌-板橋,2024-07-30,9349
00919,群益台灣精選高息,34,4,30,華南永昌-板橋,2024-07-30,9349
2489,瑞軒,32,5,27,華南永昌-板橋,2024-07-30,9349
2442,新美齊,27,2,25,華南永昌-板橋,2024-07-30,9349
2303,聯電,31,6,25,華南永昌-板橋,2024-07-30,9349
2363,矽統,31,9,22,華南永昌-板橋,2024-07-30,9349
1809,中釉,21,1,20,華南永昌-板橋,2024-07-30,9349
2331,精英,19,0,19,華南永昌-板橋,2024-07-30,9349
2344,華邦電,25,6,19,華南永昌-板橋,2024-07-30,9349
5534,長虹,17,0,17,華南永昌-板橋,2024-07-30,9349
2520,冠德,32,16,16,華南永昌-板橋,2024-07-30,9349
3444,利機,65,50,15,華南永昌-板橋,2024-07-30,9349
1605,華新,17,3,14,華南永昌-板橋,2024-07-30,9349
1609,大亞,16,2,14,華南永昌-板橋,2024-07-30,9349
00934,中信成長高股息,13,1,12,華南永昌-板橋,2024-07-30,9349
2365,昆盈,26,14,12,華南永昌-板橋,2024-07-30,9349
4743,合一,12,0,12,華南永昌-板橋,2024-07-30,9349
6125,廣運,25,13,12,華南永昌-板橋,2024-07-30,9349
2886,兆豐金,11,0,11,華南永昌-板橋,2024-07-30,9349
3466,德晉,10,0,10,華南永昌-板橋,2024-07-30,9349
6770,力積電,10,0,10,華南永昌-板橋,2024-07-30,9349
9904,寶成,10,0,10,華南永昌-板橋,2024-07-30,9349
0056,元大高股息,17,7,10,華南永昌-板橋,2024-07-30,9349
00915,凱基優選高股息30,9,0,9,華南永昌-板橋,2024-07-30,9349
2454,聯發科,10,1,9,華南永昌-板橋,2024-07-30,9349
00882,中信中國高股息,10,1,9,華南永昌-板橋,2024-07-30,9349
00939,統一台灣高息動能,13,4,9,華南永昌-板橋,2024-07-30,9349
2371,大同,11,2,9,華南永昌-板橋,2024-07-30,9349
2882,國泰金,11,3,8,華南永昌-板橋,2024-07-30,9349
2337,旺宏,14,6,8,華南永昌-板橋,2024-07-30,9349
3189,景碩,10,3,7,華南永昌-板橋,2024-07-30,9349
2382,廣達,11,4,7,華南永昌-板橋,2024-07-30,9349
00918,大華優利高填息30,7,0,7,華南永昌-板橋,2024-07-30,9349
00877,復華中國5G,7,0,7,華南永昌-板橋,2024-07-30,9349
2542,興富發,11,4,7,華南永昌-板橋,2024-07-30,9349
2884,玉山金,7,0,7,華南永昌-板橋,2024-07-30,9349
8937,合騏,12,5,7,華南永昌-板橋,2024-07-30,9349
006208,富邦台50,6,0,6,華南永昌-板橋,2024-07-30,9349
2881,富邦金,6,0,6,華南永昌-板橋,2024-07-30,9349
2364,倫飛,6,0,6,華南永昌-板橋,2024-07-30,9349
2485,兆赫,6,0,6,華南永昌-板橋,2024-07-30,9349
3321,同泰,6,0,6,華南永昌-板橋,2024-07-30,9349
6209,今國光,6,0,6,華南永昌-板橋,2024-07-30,9349
2615,萬海,109,6,103,華南永昌-板橋,2024-07-31,9349
3376,新日興,80,2,78,華南永昌-板橋,2024-07-31,9349
2332,友訊,77,0,77,華南永昌-板橋,2024-07-31,9349
2101,南港,71,10,61,華南永昌-板橋,2024-07-31,9349
00688L,國泰20年美債正2,50,0,50,華南永昌-板橋,2024-07-31,9349
2882,國泰金,54,10,44,華南永昌-板橋,2024-07-31,9349
00929,復華台灣科技優息,47,4,43,華南永昌-板橋,2024-07-31,9349
2312,金寶,93,51,42,華南永昌-板橋,2024-07-31,9349
1785,光洋科,36,3,33,華南永昌-板橋,2024-07-31,9349
00632R,元大台灣50反1,25,0,25,華南永昌-板橋,2024-07-31,9349
2534,宏盛,22,0,22,華南永昌-板橋,2024-07-31,9349
1325,恆大,20,0,20,華南永昌-板橋,2024-07-31,9349
3031,佰鴻,20,0,20,華南永昌-板橋,2024-07-31,9349
6133,金橋,20,0,20,華南永昌-板橋,2024-07-31,9349
8249,菱光,20,0,20,華南永昌-板橋,2024-07-31,9349
9105,泰金寶-DR,30,10,20,華南永昌-板橋,2024-07-31,9349
6125,廣運,49,30,19,華南永昌-板橋,2024-07-31,9349
3037,欣興,23,5,18,華南永昌-板橋,2024-07-31,9349
2236,百達-KY,16,0,16,華南永昌-板橋,2024-07-31,9349
2349,錸德,62,47,15,華南永昌-板橋,2024-07-31,9349
3176,基亞,14,0,14,華南永昌-板橋,2024-07-31,9349
4768,晶呈科技,83,69,14,華南永昌-板橋,2024-07-31,9349
2356,英業達,14,1,13,華南永昌-板橋,2024-07-31,9349
3680,家登,13,0,13,華南永昌-板橋,2024-07-31,9349
2442,新美齊,15,3,12,華南永昌-板橋,2024-07-31,9349
8028,昇陽半導體,61,49,12,華南永昌-板橋,2024-07-31,9349
8112,至上,12,0,12,華南永昌-板橋,2024-07-31,9349
2903,遠百,11,0,11,華南永昌-板橋,2024-07-31,9349
3024,憶聲,11,0,11,華南永昌-板橋,2024-07-31,9349
3715,定穎投控,28,17,11,華南永昌-板橋,2024-07-31,9349
00919,群益台灣精選高息,22,11,11,華南永昌-板橋,2024-07-31,9349
00720B,元大投資級公司債,10,0,10,華南永昌-板橋,2024-07-31,9349
1709,和益,10,0,10,華南永昌-板橋,2024-07-31,9349
3078,僑威,10,0,10,華南永昌-板橋,2024-07-31,9349
4960,誠美材,10,0,10,華南永昌-板橋,2024-07-31,9349
8473,山林水,10,0,10,華南永昌-板橋,2024-07-31,9349
2365,昆盈,14,5,9,華南永昌-板橋,2024-07-31,9349
2408,南亞科,9,0,9,華南永昌-板橋,2024-07-31,9349
4510,高鋒,16,7,9,華南永昌-板橋,2024-07-31,9349
6148,驊宏資,9,0,9,華南永昌-板橋,2024-07-31,9349
3047,訊舟,42,33,9,華南永昌-板橋,2024-07-31,9349
2303,聯電,11,2,9,華南永昌-板橋,2024-07-31,9349
00946,群益科技高息成長,8,0,8,華南永昌-板橋,2024-07-31,9349
8101,華冠,8,0,8,華南永昌-板橋,2024-07-31,9349
1721,三晃,10,2,8,華南永昌-板橋,2024-07-31,9349
3481,群創,38,31,7,華南永昌-板橋,2024-07-31,9349
00900,富邦特選高股息30,7,0,7,華南永昌-板橋,2024-07-31,9349
3231,緯創,10,3,7,華南永昌-板橋,2024-07-31,9349
2520,冠德,10,4,6,華南永昌-板橋,2024-07-31,9349
1453,大將,7,1,6,華南永昌-板橋,2024-07-31,9349
00706L,期元大S＆P日圓正2,100,4,96,華南永昌-板橋,2024-08-01,9349
00919,群益台灣精選高息,63,0,63,華南永昌-板橋,2024-08-01,9349
00937B,群益ESG投等債20,67,13,54,華南永昌-板橋,2024-08-01,9349
2337,旺宏,73,24,49,華南永昌-板橋,2024-08-01,9349
2613,中櫃,40,0,40,華南永昌-板橋,2024-08-01,9349
1229,聯華,30,0,30,華南永昌-板橋,2024-08-01,9349
1316,上曜,33,10,23,華南永昌-板橋,2024-08-01,9349
5512,力麒,23,0,23,華南永昌-板橋,2024-08-01,9349
3543,州巧,22,0,22,華南永昌-板橋,2024-08-01,9349
5443,均豪,52,30,22,華南永昌-板橋,2024-08-01,9349
2618,長榮航,31,9,22,華南永昌-板橋,2024-08-01,9349
3024,憶聲,31,10,21,華南永昌-板橋,2024-08-01,9349
4906,正文,21,0,21,華南永昌-板橋,2024-08-01,9349
2409,友達,21,0,21,華南永昌-板橋,2024-08-01,9349
6239,力成,20,0,20,華南永昌-板橋,2024-08-01,9349
2884,玉山金,18,0,18,華南永昌-板橋,2024-08-01,9349
3715,定穎投控,19,1,18,華南永昌-板橋,2024-08-01,9349
00942B,台新美A公司債20+,17,0,17,華南永昌-板橋,2024-08-01,9349
3450,聯鈞,24,7,17,華南永昌-板橋,2024-08-01,9349
2464,盟立,41,25,16,華南永昌-板橋,2024-08-01,9349
2489,瑞軒,21,5,16,華南永昌-板橋,2024-08-01,9349
6117,迎廣,15,0,15,華南永昌-板橋,2024-08-01,9349
2383,台光電,15,1,14,華南永昌-板橋,2024-08-01,9349
2891,中信金,14,0,14,華南永昌-板橋,2024-08-01,9349
2363,矽統,67,54,13,華南永昌-板橋,2024-08-01,9349
8011,台通,17,4,13,華南永昌-板橋,2024-08-01,9349
8064,東捷,48,36,12,華南永昌-板橋,2024-08-01,9349
2834,臺企銀,11,0,11,華南永昌-板橋,2024-08-01,9349
3491,昇達科,17,6,11,華南永昌-板橋,2024-08-01,9349
8105,凌巨,11,0,11,華南永昌-板橋,2024-08-01,9349
00943,兆豐電子高息等權,10,0,10,華南永昌-板橋,2024-08-01,9349
00885,富邦越南,10,0,10,華南永昌-板橋,2024-08-01,9349
1805,寶徠,10,0,10,華南永昌-板橋,2024-08-01,9349
2313,華通,13,3,10,華南永昌-板橋,2024-08-01,9349
3466,德晉,20,10,10,華南永昌-板橋,2024-08-01,9349
3591,艾笛森,10,0,10,華南永昌-板橋,2024-08-01,9349
6163,華電網,10,0,10,華南永昌-板橋,2024-08-01,9349
6269,台郡,10,0,10,華南永昌-板橋,2024-08-01,9349
3535,晶彩科,14,4,10,華南永昌-板橋,2024-08-01,9349
2374,佳能,17,8,9,華南永昌-板橋,2024-08-01,9349
2867,三商壽,9,0,9,華南永昌-板橋,2024-08-01,9349
1216,統一,10,2,8,華南永昌-板橋,2024-08-01,9349
3624,光頡,8,0,8,華南永昌-板橋,2024-08-01,9349
3663,鑫科,30,22,8,華南永昌-板橋,2024-08-01,9349
00679B,元大美債20年,7,0,7,華南永昌-板橋,2024-08-01,9349
2344,華邦電,7,0,7,華南永昌-板橋,2024-08-01,9349
5534,長虹,10,3,7,華南永昌-板橋,2024-08-01,9349
3231,緯創,13,7,6,華南永昌-板橋,2024-08-01,9349
1560,中砂,7,1,6,華南永昌-板橋,2024-08-01,9349
006208,富邦台50,6,0,6,華南永昌-板橋,2024-08-01,9349
00929,復華台灣科技優息,321,2,319,華南永昌-板橋,2024-08-02,9349
2501,國建,152,0,152,華南永昌-板橋,2024-08-02,9349
00680L,元大美債20正2,159,12,147,華南永昌-板橋,2024-08-02,9349
2520,冠德,151,6,145,華南永昌-板橋,2024-08-02,9349
00919,群益台灣精選高息,119,0,119,華南永昌-板橋,2024-08-02,9349
00948B,中信優息投資級債,110,0,110,華南永昌-板橋,2024-08-02,9349
00878,國泰永續高股息,109,0,109,華南永昌-板橋,2024-08-02,9349
2101,南港,118,10,108,華南永昌-板橋,2024-08-02,9349
2317,鴻海,141,41,100,華南永昌-板橋,2024-08-02,9349
2637,慧洋-KY,80,0,80,華南永昌-板橋,2024-08-02,9349
00687B,國泰20年美債,65,1,64,華南永昌-板橋,2024-08-02,9349
00940,元大台灣價值高息,59,0,59,華南永昌-板橋,2024-08-02,9349
00688L,國泰20年美債正2,51,0,51,華南永昌-板橋,2024-08-02,9349
2330,台積電,50,6,44,華南永昌-板橋,2024-08-02,9349
00951,台新日本半導體,42,0,42,華南永昌-板橋,2024-08-02,9349
2618,長榮航,47,10,37,華南永昌-板橋,2024-08-02,9349
00650L,復華香港正2,35,0,35,華南永昌-板橋,2024-08-02,9349
2371,大同,34,1,33,華南永昌-板橋,2024-08-02,9349
2402,毅嘉,38,5,33,華南永昌-板橋,2024-08-02,9349
3580,友威科,31,0,31,華南永昌-板橋,2024-08-02,9349
00894,中信小資高價30,30,0,30,華南永昌-板橋,2024-08-02,9349
00664R,國泰臺灣加權反1,30,0,30,華南永昌-板橋,2024-08-02,9349
3037,欣興,30,1,29,華南永昌-板橋,2024-08-02,9349
00706L,期元大S＆P日圓正2,30,2,28,華南永昌-板橋,2024-08-02,9349
2610,華航,41,14,27,華南永昌-板橋,2024-08-02,9349
00881,國泰台灣5G+,26,0,26,華南永昌-板橋,2024-08-02,9349
2613,中櫃,25,0,25,華南永昌-板橋,2024-08-02,9349
0056,元大高股息,25,1,24,華南永昌-板橋,2024-08-02,9349
2337,旺宏,31,8,23,華南永昌-板橋,2024-08-02,9349
9945,潤泰新,32,11,21,華南永昌-板橋,2024-08-02,9349
00945B,凱基美國非投等債,21,0,21,華南永昌-板橋,2024-08-02,9349
2344,華邦電,36,16,20,華南永昌-板橋,2024-08-02,9349
3543,州巧,20,0,20,華南永昌-板橋,2024-08-02,9349
4906,正文,20,0,20,華南永昌-板橋,2024-08-02,9349
6284,佳邦,20,0,20,華南永昌-板橋,2024-08-02,9349
00788B,元大10年IG電能債,20,1,19,華南永昌-板橋,2024-08-02,9349
00918,大華優利高填息30,19,0,19,華南永昌-板橋,2024-08-02,9349
5534,長虹,19,0,19,華南永昌-板橋,2024-08-02,9349
00946,群益科技高息成長,19,0,19,華南永昌-板橋,2024-08-02,9349
2867,三商壽,18,0,18,華南永昌-板橋,2024-08-02,9349
006208,富邦台50,17,0,17,華南永昌-板橋,2024-08-02,9349
2382,廣達,19,2,17,華南永昌-板橋,2024-08-02,9349
8028,昇陽半導體,21,6,15,華南永昌-板橋,2024-08-02,9349
6215,和椿,17,2,15,華南永昌-板橋,2024-08-02,9349
4526,東台,17,2,15,華南永昌-板橋,2024-08-02,9349
6603,富強鑫,16,1,15,華南永昌-板橋,2024-08-02,9349
8039,台虹,15,0,15,華南永昌-板橋,2024-08-02,9349
00937B,群益ESG投等債20,18,3,15,華南永昌-板橋,2024-08-02,9349
5880,合庫金,14,0,14,華南永昌-板橋,2024-08-02,9349
00923,群益台ESG低碳50,14,0,14,華南永昌-板橋,2024-08-02,9349
00929,復華台灣科技優息,479,89,390,華南永昌-板橋,2024-08-05,9349
00940,元大台灣價值高息,335,51,284,華南永昌-板橋,2024-08-05,9349
6770,力積電,295,20,275,華南永昌-板橋,2024-08-05,9349
00878,國泰永續高股息,215,42,173,華南永昌-板橋,2024-08-05,9349
4960,誠美材,161,0,161,華南永昌-板橋,2024-08-05,9349
2509,全坤建,158,0,158,華南永昌-板橋,2024-08-05,9349
00946,群益科技高息成長,140,0,140,華南永昌-板橋,2024-08-05,9349
2520,冠德,162,62,100,華南永昌-板橋,2024-08-05,9349
2317,鴻海,138,55,83,華南永昌-板橋,2024-08-05,9349
2409,友達,92,8,84,華南永昌-板橋,2024-08-05,9349
00882,中信中國高股息,100,17,83,華南永昌-板橋,2024-08-05,9349
2330,台積電,96,16,80,華南永昌-板橋,2024-08-05,9349
2426,鼎元,80,0,80,華南永昌-板橋,2024-08-05,9349
5438,東友,70,0,70,華南永昌-板橋,2024-08-05,9349
00632R,元大台灣50反1,149,83,66,華南永昌-板橋,2024-08-05,9349
00927,群益半導體收益,64,0,64,華南永昌-板橋,2024-08-05,9349
4510,高鋒,103,40,63,華南永昌-板橋,2024-08-05,9349
00948B,中信優息投資級債,75,17,58,華南永昌-板橋,2024-08-05,9349
2534,宏盛,53,0,53,華南永昌-板橋,2024-08-05,9349
2101,南港,60,11,49,華南永昌-板橋,2024-08-05,9349
8906,花王,49,2,47,華南永昌-板橋,2024-08-05,9349
00706L,期元大S＆P日圓正2,52,7,45,華南永昌-板橋,2024-08-05,9349
2867,三商壽,64,19,45,華南永昌-板橋,2024-08-05,9349
0056,元大高股息,67,23,44,華南永昌-板橋,2024-08-05,9349
2331,精英,44,0,44,華南永昌-板橋,2024-08-05,9349
00936,台新永續高息中小,43,0,43,華南永昌-板橋,2024-08-05,9349
2851,中再保,40,0,40,華南永昌-板橋,2024-08-05,9349
2451,創見,37,0,37,華南永昌-板橋,2024-08-05,9349
3543,州巧,35,0,35,華南永昌-板橋,2024-08-05,9349
3481,群創,67,33,34,華南永昌-板橋,2024-08-05,9349
4513,福裕,33,0,33,華南永昌-板橋,2024-08-05,9349
00900,富邦特選高股息30,33,1,32,華南永昌-板橋,2024-08-05,9349
6015,宏遠證,31,0,31,華南永昌-板橋,2024-08-05,9349
2478,大毅,30,0,30,華南永昌-板橋,2024-08-05,9349
2501,國建,34,4,30,華南永昌-板橋,2024-08-05,9349
1459,聯發,29,0,29,華南永昌-板橋,2024-08-05,9349
00713,元大台灣高息低波,28,1,27,華南永昌-板橋,2024-08-05,9349
2610,華航,43,17,26,華南永昌-板橋,2024-08-05,9349
4768,晶呈科技,45,20,25,華南永昌-板橋,2024-08-05,9349
6111,大宇資,25,0,25,華南永昌-板橋,2024-08-05,9349
2337,旺宏,38,14,24,華南永昌-板橋,2024-08-05,9349
9906,欣巴巴,26,2,24,華南永昌-板橋,2024-08-05,9349
1815,富喬,23,0,23,華南永昌-板橋,2024-08-05,9349
0050,元大台灣50,23,1,22,華南永昌-板橋,2024-08-05,9349
2382,廣達,24,2,22,華南永昌-板橋,2024-08-05,9349
2323,中環,22,1,21,華南永昌-板橋,2024-08-05,9349
2022,聚亨,31,10,21,華南永昌-板橋,2024-08-05,9349
5465,富驊,21,0,21,華南永昌-板橋,2024-08-05,9349
00885,富邦越南,20,0,20,華南永昌-板橋,2024-08-05,9349
1909,榮成,20,0,20,華南永昌-板橋,2024-08-05,9349
4960,誠美材,199,0,199,華南永昌-板橋,2024-08-06,9349
2426,鼎元,139,0,139,華南永昌-板橋,2024-08-06,9349
3163,波若威,110,4,106,華南永昌-板橋,2024-08-06,9349
2362,藍天,193,99,94,華南永昌-板橋,2024-08-06,9349
00882,中信中國高股息,60,10,50,華南永昌-板橋,2024-08-06,9349
2332,友訊,47,0,47,華南永昌-板橋,2024-08-06,9349
00878,國泰永續高股息,71,30,41,華南永昌-板橋,2024-08-06,9349
00937B,群益ESG投等債20,42,4,38,華南永昌-板橋,2024-08-06,9349
2337,旺宏,36,1,35,華南永昌-板橋,2024-08-06,9349
8028,昇陽半導體,47,13,34,華南永昌-板橋,2024-08-06,9349
3037,欣興,37,4,33,華南永昌-板橋,2024-08-06,9349
00900,富邦特選高股息30,33,0,33,華南永昌-板橋,2024-08-06,9349
3580,友威科,42,12,30,華南永昌-板橋,2024-08-06,9349
6016,康和證,30,0,30,華南永昌-板橋,2024-08-06,9349
6152,百一,30,0,30,華南永昌-板橋,2024-08-06,9349
1785,光洋科,28,2,26,華南永昌-板橋,2024-08-06,9349
1316,上曜,24,2,22,華南永昌-板橋,2024-08-06,9349
2323,中環,32,10,22,華南永昌-板橋,2024-08-06,9349
00946,群益科技高息成長,21,0,21,華南永昌-板橋,2024-08-06,9349
2464,盟立,23,2,21,華南永昌-板橋,2024-08-06,9349
1514,亞力,25,5,20,華南永昌-板橋,2024-08-06,9349
00688L,國泰20年美債正2,20,0,20,華南永昌-板橋,2024-08-06,9349
5522,遠雄,20,0,20,華南永昌-板橋,2024-08-06,9349
6148,驊宏資,20,0,20,華南永昌-板橋,2024-08-06,9349
2705,六福,18,0,18,華南永昌-板橋,2024-08-06,9349
3483,力致,23,5,18,華南永昌-板橋,2024-08-06,9349
2610,華航,24,6,18,華南永昌-板橋,2024-08-06,9349
00631L,元大台灣50正2,21,4,17,華南永昌-板橋,2024-08-06,9349
3450,聯鈞,35,18,17,華南永昌-板橋,2024-08-06,9349
2535,達欣工,16,0,16,華南永昌-板橋,2024-08-06,9349
00948B,中信優息投資級債,25,10,15,華南永昌-板橋,2024-08-06,9349
2609,陽明,46,32,14,華南永昌-板橋,2024-08-06,9349
00632R,元大台灣50反1,109,95,14,華南永昌-板橋,2024-08-06,9349
6531,愛普*,22,9,13,華南永昌-板橋,2024-08-06,9349
2449,京元電子,16,4,12,華南永昌-板橋,2024-08-06,9349
2324,仁寶,11,0,11,華南永昌-板橋,2024-08-06,9349
3491,昇達科,31,20,11,華南永昌-板橋,2024-08-06,9349
2409,友達,11,1,10,華南永昌-板橋,2024-08-06,9349
1301,台塑,10,0,10,華南永昌-板橋,2024-08-06,9349
1815,富喬,12,2,10,華南永昌-板橋,2024-08-06,9349
2022,聚亨,10,0,10,華南永昌-板橋,2024-08-06,9349
2392,正崴,12,2,10,華南永昌-板橋,2024-08-06,9349
2408,南亞科,11,1,10,華南永昌-板橋,2024-08-06,9349
3049,精金,10,0,10,華南永昌-板橋,2024-08-06,9349
6179,亞通,10,0,10,華南永昌-板橋,2024-08-06,9349
6190,萬泰科,10,0,10,華南永昌-板橋,2024-08-06,9349
9958,世紀鋼,20,10,10,華南永昌-板橋,2024-08-06,9349
4768,晶呈科技,157,148,9,華南永昌-板橋,2024-08-06,9349
8069,元太,9,0,9,華南永昌-板橋,2024-08-06,9349
2887,台新金,9,0,9,華南永昌-板橋,2024-08-06,9349
2891,中信金,151,2,149,華南永昌-板橋,2024-08-07,9349
3481,群創,115,12,103,華南永昌-板橋,2024-08-07,9349
3491,昇達科,73,5,68,華南永昌-板橋,2024-08-07,9349
00632R,元大台灣50反1,62,1,61,華南永昌-板橋,2024-08-07,9349
00722B,群益投資級電信債,60,0,60,華南永昌-板橋,2024-08-07,9349
00687B,國泰20年美債,68,22,46,華南永昌-板橋,2024-08-07,9349
6026,福邦證,41,0,41,華南永昌-板橋,2024-08-07,9349
00715L,期街口布蘭特正2,40,0,40,華南永昌-板橋,2024-08-07,9349
2409,友達,36,0,36,華南永昌-板橋,2024-08-07,9349
2609,陽明,45,11,34,華南永昌-板橋,2024-08-07,9349
6198,瑞築,32,0,32,華南永昌-板橋,2024-08-07,9349
8906,花王,30,0,30,華南永昌-板橋,2024-08-07,9349
00948B,中信優息投資級債,28,0,28,華南永昌-板橋,2024-08-07,9349
00937B,群益ESG投等債20,27,0,27,華南永昌-板橋,2024-08-07,9349
2363,矽統,32,7,25,華南永昌-板橋,2024-08-07,9349
00915,凱基優選高股息30,23,0,23,華南永昌-板橋,2024-08-07,9349
2022,聚亨,21,0,21,華南永昌-板橋,2024-08-07,9349
2613,中櫃,20,0,20,華南永昌-板橋,2024-08-07,9349
3189,景碩,23,4,19,華南永昌-板橋,2024-08-07,9349
2355,敬鵬,25,6,19,華南永昌-板橋,2024-08-07,9349
2382,廣達,52,34,18,華南永昌-板橋,2024-08-07,9349
00680L,元大美債20正2,18,0,18,華南永昌-板橋,2024-08-07,9349
3419,譁裕,18,0,18,華南永昌-板橋,2024-08-07,9349
6412,群電,18,0,18,華南永昌-板橋,2024-08-07,9349
6443,元晶,20,2,18,華南永昌-板橋,2024-08-07,9349
6153,嘉聯益,17,0,17,華南永昌-板橋,2024-08-07,9349
2317,鴻海,92,76,16,華南永昌-板橋,2024-08-07,9349
1522,堤維西,16,0,16,華南永昌-板橋,2024-08-07,9349
00788B,元大10年IG電能債,15,0,15,華南永昌-板橋,2024-08-07,9349
00665L,富邦�琤肭磪囓�2,15,0,15,華南永昌-板橋,2024-08-07,9349
1432,大魯閣,15,0,15,華南永昌-板橋,2024-08-07,9349
2887,台新金,14,0,14,華南永昌-板橋,2024-08-07,9349
3537,堡達,14,0,14,華南永昌-板橋,2024-08-07,9349
3543,州巧,13,0,13,華南永昌-板橋,2024-08-07,9349
6213,聯茂,13,1,12,華南永昌-板橋,2024-08-07,9349
00725B,國泰投資級公司債,11,0,11,華南永昌-板橋,2024-08-07,9349
00642U,期元大S＆P石油,11,0,11,華南永昌-板橋,2024-08-07,9349
00688L,國泰20年美債正2,14,3,11,華南永昌-板橋,2024-08-07,9349
6215,和椿,11,0,11,華南永昌-板橋,2024-08-07,9349
00720B,元大投資級公司債,10,0,10,華南永昌-板橋,2024-08-07,9349
00724B,群益投資級金融債,10,0,10,華南永昌-板橋,2024-08-07,9349
00751B,元大AAA至A公司債,10,0,10,華南永昌-板橋,2024-08-07,9349
00951,台新日本半導體,10,0,10,華南永昌-板橋,2024-08-07,9349
1312,國喬,10,0,10,華南永昌-板橋,2024-08-07,9349
3052,夆典,10,0,10,華南永昌-板橋,2024-08-07,9349
3689,湧德,15,5,10,華南永昌-板橋,2024-08-07,9349
6207,雷科,10,0,10,華南永昌-板橋,2024-08-07,9349
6770,力積電,10,0,10,華南永昌-板橋,2024-08-07,9349
8101,華冠,10,0,10,華南永昌-板橋,2024-08-07,9349
00631L,元大台灣50正2,10,1,9,華南永昌-板橋,2024-08-07,9349
2834,臺企銀,352,0,352,華南永昌-板橋,2024-08-08,9349
2888,新光金,271,162,109,華南永昌-板橋,2024-08-08,9349
00948B,中信優息投資級債,91,28,63,華南永昌-板橋,2024-08-08,9349
2365,昆盈,128,74,54,華南永昌-板橋,2024-08-08,9349
00680L,元大美債20正2,50,0,50,華南永昌-板橋,2024-08-08,9349
2501,國建,49,0,49,華南永昌-板橋,2024-08-08,9349
1455,集盛,48,0,48,華南永昌-板橋,2024-08-08,9349
00878,國泰永續高股息,46,5,41,華南永昌-板橋,2024-08-08,9349
2886,兆豐金,29,0,29,華南永昌-板橋,2024-08-08,9349
2027,大成鋼,30,1,29,華南永昌-板橋,2024-08-08,9349
00632R,元大台灣50反1,27,0,27,華南永昌-板橋,2024-08-08,9349
3481,群創,30,5,25,華南永昌-板橋,2024-08-08,9349
2374,佳能,26,2,24,華南永昌-板橋,2024-08-08,9349
9906,欣巴巴,23,0,23,華南永昌-板橋,2024-08-08,9349
00881,國泰台灣5G+,25,2,23,華南永昌-板橋,2024-08-08,9349
00929,復華台灣科技優息,24,4,20,華南永昌-板橋,2024-08-08,9349
4960,誠美材,20,0,20,華南永昌-板橋,2024-08-08,9349
2382,廣達,24,5,19,華南永昌-板橋,2024-08-08,9349
00720B,元大投資級公司債,19,0,19,華南永昌-板橋,2024-08-08,9349
2615,萬海,37,19,18,華南永昌-板橋,2024-08-08,9349
4768,晶呈科技,82,65,17,華南永昌-板橋,2024-08-08,9349
00951,台新日本半導體,16,0,16,華南永昌-板橋,2024-08-08,9349
2363,矽統,63,48,15,華南永昌-板橋,2024-08-08,9349
2330,台積電,21,6,15,華南永昌-板橋,2024-08-08,9349
00830,國泰費城半導體,14,0,14,華南永昌-板橋,2024-08-08,9349
2402,毅嘉,14,0,14,華南永昌-板橋,2024-08-08,9349
4909,新復興,34,20,14,華南永昌-板橋,2024-08-08,9349
9105,泰金寶-DR,15,1,14,華南永昌-板橋,2024-08-08,9349
2317,鴻海,83,70,13,華南永昌-板橋,2024-08-08,9349
9958,世紀鋼,29,16,13,華南永昌-板橋,2024-08-08,9349
00788B,元大10年IG電能債,13,0,13,華南永昌-板橋,2024-08-08,9349
00940,元大台灣價值高息,33,21,12,華南永昌-板橋,2024-08-08,9349
00688L,國泰20年美債正2,12,0,12,華南永昌-板橋,2024-08-08,9349
2892,第一金,11,0,11,華南永昌-板橋,2024-08-08,9349
6026,福邦證,11,0,11,華南永昌-板橋,2024-08-08,9349
4968,立積,10,0,10,華南永昌-板橋,2024-08-08,9349
00919,群益台灣精選高息,50,40,10,華南永昌-板橋,2024-08-08,9349
00895,富邦未來車,10,0,10,華南永昌-板橋,2024-08-08,9349
00751B,元大AAA至A公司債,10,0,10,華南永昌-板橋,2024-08-08,9349
00934,中信成長高股息,10,0,10,華南永昌-板橋,2024-08-08,9349
2444,兆勁,10,0,10,華南永昌-板橋,2024-08-08,9349
4540,全球傳動,11,1,10,華南永昌-板橋,2024-08-08,9349
4743,合一,11,1,10,華南永昌-板橋,2024-08-08,9349
5531,鄉林,10,0,10,華南永昌-板橋,2024-08-08,9349
6804,明係,9,0,9,華南永昌-板橋,2024-08-08,9349
8071,能率網通,9,0,9,華南永昌-板橋,2024-08-08,9349
1303,南亞,8,0,8,華南永昌-板橋,2024-08-08,9349
2405,輔信,10,2,8,華南永昌-板橋,2024-08-08,9349
2880,華南金,8,0,8,華南永昌-板橋,2024-08-08,9349
3163,波若威,17,9,8,華南永昌-板橋,2024-08-08,9349
0056,元大高股息,173,0,173,華南永昌-板橋,2024-08-09,9349
00632R,元大台灣50反1,89,0,89,華南永昌-板橋,2024-08-09,9349
3481,群創,162,84,78,華南永昌-板橋,2024-08-09,9349
1785,光洋科,59,6,53,華南永昌-板橋,2024-08-09,9349
00679B,元大美債20年,55,3,52,華南永昌-板橋,2024-08-09,9349
2615,萬海,110,58,52,華南永昌-板橋,2024-08-09,9349
00937B,群益ESG投等債20,99,50,49,華南永昌-板橋,2024-08-09,9349
00680L,元大美債20正2,53,5,48,華南永昌-板橋,2024-08-09,9349
2332,友訊,42,2,40,華南永昌-板橋,2024-08-09,9349
3019,亞光,67,28,39,華南永昌-板橋,2024-08-09,9349
3543,州巧,35,0,35,華南永昌-板橋,2024-08-09,9349
3037,欣興,39,7,32,華南永昌-板橋,2024-08-09,9349
3491,昇達科,31,1,30,華南永昌-板橋,2024-08-09,9349
2312,金寶,63,34,29,華南永昌-板橋,2024-08-09,9349
00687B,國泰20年美債,34,8,26,華南永昌-板橋,2024-08-09,9349
5425,台半,21,0,21,華南永昌-板橋,2024-08-09,9349
6285,啟��,21,1,20,華南永昌-板橋,2024-08-09,9349
1437,勤益控,20,0,20,華南永昌-板橋,2024-08-09,9349
5512,力麒,20,0,20,華南永昌-板橋,2024-08-09,9349
8071,能率網通,20,0,20,華南永昌-板橋,2024-08-09,9349
2886,兆豐金,19,1,18,華南永昌-板橋,2024-08-09,9349
2609,陽明,32,15,17,華南永昌-板橋,2024-08-09,9349
00919,群益台灣精選高息,16,0,16,華南永昌-板橋,2024-08-09,9349
00949,復華日本龍頭,16,0,16,華南永昌-板橋,2024-08-09,9349
2464,盟立,33,19,14,華南永昌-板橋,2024-08-09,9349
2062,橋椿,14,1,13,華南永昌-板橋,2024-08-09,9349
3466,德晉,19,6,13,華南永昌-板橋,2024-08-09,9349
00936,台新永續高息中小,12,0,12,華南永昌-板橋,2024-08-09,9349
00941,中信上游半導體,11,0,11,華南永昌-板橋,2024-08-09,9349
4510,高鋒,32,21,11,華南永昌-板橋,2024-08-09,9349
00720B,元大投資級公司債,10,0,10,華南永昌-板橋,2024-08-09,9349
00878,國泰永續高股息,26,16,10,華南永昌-板橋,2024-08-09,9349
2355,敬鵬,15,5,10,華南永昌-板橋,2024-08-09,9349
2511,太子,10,0,10,華南永昌-板橋,2024-08-09,9349
3522,御嵿,12,2,10,華南永昌-板橋,2024-08-09,9349
3679,新至陞,10,0,10,華南永昌-板橋,2024-08-09,9349
6158,禾昌,10,0,10,華南永昌-板橋,2024-08-09,9349
6288,聯嘉,10,0,10,華南永昌-板橋,2024-08-09,9349
9904,寶成,10,0,10,華南永昌-板橋,2024-08-09,9349
9105,泰金寶-DR,23,13,10,華南永昌-板橋,2024-08-09,9349
4909,新復興,21,12,9,華南永昌-板橋,2024-08-09,9349
00948B,中信優息投資級債,19,10,9,華南永昌-板橋,2024-08-09,9349
1324,地球,13,4,9,華南永昌-板橋,2024-08-09,9349
4960,誠美材,9,0,9,華南永昌-板橋,2024-08-09,9349
6807,峰源-KY,9,0,9,華南永昌-板橋,2024-08-09,9349
9955,佳龍,10,1,9,華南永昌-板橋,2024-08-09,9349
3450,聯鈞,8,0,8,華南永昌-板橋,2024-08-09,9349
4906,正文,21,13,8,華南永昌-板橋,2024-08-09,9349
3374,精材,16,8,8,華南永昌-板橋,2024-08-09,9349
00725B,國泰投資級公司債,7,0,7,華南永昌-板橋,2024-08-09,9349
2888,新光金,518,110,408,華南永昌-板橋,2024-08-12,9349
00929,復華台灣科技優息,214,15,199,華南永昌-板橋,2024-08-12,9349
2883,凱基金,128,11,117,華南永昌-板橋,2024-08-12,9349
00679B,元大美債20年,62,0,62,華南永昌-板橋,2024-08-12,9349
4513,福裕,55,6,49,華南永昌-板橋,2024-08-12,9349
3056,富華新,47,0,47,華南永昌-板橋,2024-08-12,9349
2312,金寶,44,7,37,華南永昌-板橋,2024-08-12,9349
2834,臺企銀,36,0,36,華南永昌-板橋,2024-08-12,9349
3491,昇達科,30,0,30,華南永昌-板橋,2024-08-12,9349
00773B,中信優先金融債,22,0,22,華南永昌-板橋,2024-08-12,9349
00687B,國泰20年美債,23,1,22,華南永昌-板橋,2024-08-12,9349
2359,所羅門,35,14,21,華南永昌-板橋,2024-08-12,9349
00680L,元大美債20正2,21,0,21,華南永昌-板橋,2024-08-12,9349
00724B,群益投資級金融債,20,0,20,華南永昌-板橋,2024-08-12,9349
00882,中信中國高股息,20,0,20,華南永昌-板橋,2024-08-12,9349
00706L,期元大S＆P日圓正2,20,0,20,華南永昌-板橋,2024-08-12,9349
4306,炎洲,20,0,20,華南永昌-板橋,2024-08-12,9349
9906,欣巴巴,20,0,20,華南永昌-板橋,2024-08-12,9349
4977,眾達-KY,18,0,18,華南永昌-板橋,2024-08-12,9349
00632R,元大台灣50反1,17,0,17,華南永昌-板橋,2024-08-12,9349
3047,訊舟,22,5,17,華南永昌-板橋,2024-08-12,9349
3444,利機,27,12,15,華南永昌-板橋,2024-08-12,9349
2609,陽明,40,25,15,華南永昌-板橋,2024-08-12,9349
2002,中鋼,14,0,14,華南永昌-板橋,2024-08-12,9349
2409,友達,14,0,14,華南永昌-板橋,2024-08-12,9349
8011,台通,23,10,13,華南永昌-板橋,2024-08-12,9349
4540,全球傳動,18,6,12,華南永昌-板橋,2024-08-12,9349
2891,中信金,17,5,12,華南永昌-板橋,2024-08-12,9349
8937,合騏,21,9,12,華南永昌-板橋,2024-08-12,9349
2615,萬海,48,37,11,華南永昌-板橋,2024-08-12,9349
00937B,群益ESG投等債20,13,2,11,華南永昌-板橋,2024-08-12,9349
00936,台新永續高息中小,13,2,11,華南永昌-板橋,2024-08-12,9349
1597,直得,18,7,11,華南永昌-板橋,2024-08-12,9349
2317,鴻海,91,81,10,華南永昌-板橋,2024-08-12,9349
4523,永彰,14,4,10,華南永昌-板橋,2024-08-12,9349
1110,東泥,20,10,10,華南永昌-板橋,2024-08-12,9349
1325,恆大,10,0,10,華南永昌-板橋,2024-08-12,9349
2402,毅嘉,10,0,10,華南永昌-板橋,2024-08-12,9349
2801,彰銀,10,0,10,華南永昌-板橋,2024-08-12,9349
3163,波若威,17,7,10,華南永昌-板橋,2024-08-12,9349
4562,穎漢,26,16,10,華南永昌-板橋,2024-08-12,9349
4976,佳凌,10,0,10,華南永昌-板橋,2024-08-12,9349
5531,鄉林,10,0,10,華南永昌-板橋,2024-08-12,9349
8028,昇陽半導體,11,1,10,華南永昌-板橋,2024-08-12,9349
1503,士電,11,2,9,華南永昌-板橋,2024-08-12,9349
1314,中石化,10,1,9,華南永昌-板橋,2024-08-12,9349
3019,亞光,243,234,9,華南永昌-板橋,2024-08-12,9349
6937,天虹,8,1,7,華南永昌-板橋,2024-08-12,9349
00931B,統一美債20年,7,0,7,華南永昌-板橋,2024-08-12,9349
1609,大亞,18,11,7,華南永昌-板橋,2024-08-12,9349
2888,新光金,304,3,301,華南永昌-板橋,2024-08-13,9349
3481,群創,100,4,96,華南永昌-板橋,2024-08-13,9349
00712,復華富時不動產,74,0,74,華南永昌-板橋,2024-08-13,9349
00680L,元大美債20正2,60,0,60,華南永昌-板橋,2024-08-13,9349
2880,華南金,46,0,46,華南永昌-板橋,2024-08-13,9349
00919,群益台灣精選高息,43,2,41,華南永昌-板橋,2024-08-13,9349
00632R,元大台灣50反1,40,0,40,華南永昌-板橋,2024-08-13,9349
2883,凱基金,40,2,38,華南永昌-板橋,2024-08-13,9349
2609,陽明,65,30,35,華南永昌-板橋,2024-08-13,9349
2615,萬海,64,32,32,華南永昌-板橋,2024-08-13,9349
00878,國泰永續高股息,33,2,31,華南永昌-板橋,2024-08-13,9349
2489,瑞軒,32,1,31,華南永昌-板橋,2024-08-13,9349
2913,農林,30,0,30,華南永昌-板橋,2024-08-13,9349
1513,中興電,35,6,29,華南永昌-板橋,2024-08-13,9349
2882,國泰金,30,2,28,華南永昌-板橋,2024-08-13,9349
6505,台塑化,24,0,24,華南永昌-板橋,2024-08-13,9349
00882,中信中國高股息,25,2,23,華南永昌-板橋,2024-08-13,9349
9945,潤泰新,24,1,23,華南永昌-板橋,2024-08-13,9349
2027,大成鋼,21,0,21,華南永昌-板橋,2024-08-13,9349
6148,驊宏資,20,0,20,華南永昌-板橋,2024-08-13,9349
6770,力積電,23,5,18,華南永昌-板橋,2024-08-13,9349
00929,復華台灣科技優息,18,1,17,華南永昌-板橋,2024-08-13,9349
6449,鈺邦,17,0,17,華南永昌-板橋,2024-08-13,9349
1785,光洋科,15,0,15,華南永昌-板橋,2024-08-13,9349
1802,台玻,13,0,13,華南永昌-板橋,2024-08-13,9349
00679B,元大美債20年,20,8,12,華南永昌-板橋,2024-08-13,9349
1597,直得,18,7,11,華南永昌-板橋,2024-08-13,9349
3024,憶聲,10,0,10,華南永昌-板橋,2024-08-13,9349
3167,大量,11,1,10,華南永昌-板橋,2024-08-13,9349
1527,鑽全,11,1,10,華南永昌-板橋,2024-08-13,9349
2332,友訊,20,10,10,華南永昌-板橋,2024-08-13,9349
2444,兆勁,10,0,10,華南永昌-板橋,2024-08-13,9349
2356,英業達,12,2,10,華南永昌-板橋,2024-08-13,9349
2464,盟立,71,62,9,華南永昌-板橋,2024-08-13,9349
2610,華航,24,15,9,華南永昌-板橋,2024-08-13,9349
8446,華研,9,1,8,華南永昌-板橋,2024-08-13,9349
00673R,期元大S＆P原油反1,8,0,8,華南永昌-板橋,2024-08-13,9349
1316,上曜,11,3,8,華南永昌-板橋,2024-08-13,9349
4157,太景*-KY,8,0,8,華南永昌-板橋,2024-08-13,9349
9105,泰金寶-DR,10,2,8,華南永昌-板橋,2024-08-13,9349
2834,臺企銀,11,4,7,華南永昌-板橋,2024-08-13,9349
1605,華新,9,2,7,華南永昌-板橋,2024-08-13,9349
2409,友達,7,0,7,華南永昌-板橋,2024-08-13,9349
2637,慧洋-KY,7,0,7,華南永昌-板橋,2024-08-13,9349
3303,岱稜,12,5,7,華南永昌-板橋,2024-08-13,9349
2886,兆豐金,7,1,6,華南永昌-板橋,2024-08-13,9349
2382,廣達,6,0,6,華南永昌-板橋,2024-08-13,9349
3324,雙鴻,9,3,6,華南永昌-板橋,2024-08-13,9349
6127,九豪,9,3,6,華南永昌-板橋,2024-08-13,9349
00795B,中信美國公債20年,6,0,6,華南永昌-板橋,2024-08-13,9349
00795B,中信美國公債20年,70,0,70,華南永昌-板橋,2024-08-14,9349
00919,群益台灣精選高息,64,5,59,華南永昌-板橋,2024-08-14,9349
5443,均豪,107,53,54,華南永昌-板橋,2024-08-14,9349
8096,擎亞,121,67,54,華南永昌-板橋,2024-08-14,9349
00857B,永豐20年美公債,40,0,40,華南永昌-板橋,2024-08-14,9349
3450,聯鈞,47,9,38,華南永昌-板橋,2024-08-14,9349
00632R,元大台灣50反1,37,0,37,華南永昌-板橋,2024-08-14,9349
00949,復華日本龍頭,31,0,31,華南永昌-板橋,2024-08-14,9349
3689,湧德,30,4,26,華南永昌-板橋,2024-08-14,9349
1314,中石化,23,1,22,華南永昌-板橋,2024-08-14,9349
00680L,元大美債20正2,54,33,21,華南永昌-板橋,2024-08-14,9349
2356,英業達,46,26,20,華南永昌-板橋,2024-08-14,9349
2610,華航,25,5,20,華南永昌-板橋,2024-08-14,9349
8147,正淩,20,0,20,華南永昌-板橋,2024-08-14,9349
8183,精星,20,0,20,華南永昌-板橋,2024-08-14,9349
2409,友達,21,2,19,華南永昌-板橋,2024-08-14,9349
2891,中信金,20,1,19,華南永昌-板橋,2024-08-14,9349
3013,晟銘電,76,57,19,華南永昌-板橋,2024-08-14,9349
00881,國泰台灣5G+,18,0,18,華南永昌-板橋,2024-08-14,9349
5386,青雲,18,0,18,華南永昌-板橋,2024-08-14,9349
1110,東泥,15,0,15,華南永昌-板橋,2024-08-14,9349
3189,景碩,16,1,15,華南永昌-板橋,2024-08-14,9349
4562,穎漢,100,85,15,華南永昌-板橋,2024-08-14,9349
00900,富邦特選高股息30,19,5,14,華南永昌-板橋,2024-08-14,9349
3024,憶聲,13,0,13,華南永昌-板橋,2024-08-14,9349
3019,亞光,156,144,12,華南永昌-板橋,2024-08-14,9349
2014,中鴻,11,0,11,華南永昌-板橋,2024-08-14,9349
2349,錸德,15,4,11,華南永昌-板橋,2024-08-14,9349
2609,陽明,25,14,11,華南永昌-板橋,2024-08-14,9349
00946,群益科技高息成長,10,0,10,華南永昌-板橋,2024-08-14,9349
2208,台船,15,5,10,華南永昌-板橋,2024-08-14,9349
6148,驊宏資,10,0,10,華南永昌-板橋,2024-08-14,9349
6219,富旺,11,1,10,華南永昌-板橋,2024-08-14,9349
6285,啟��,20,10,10,華南永昌-板橋,2024-08-14,9349
00878,國泰永續高股息,11,2,9,華南永昌-板橋,2024-08-14,9349
1446,宏和,9,0,9,華南永昌-板橋,2024-08-14,9349
2402,毅嘉,9,0,9,華南永昌-板橋,2024-08-14,9349
1609,大亞,13,5,8,華南永昌-板橋,2024-08-14,9349
2365,昆盈,63,55,8,華南永昌-板橋,2024-08-14,9349
2374,佳能,10,2,8,華南永昌-板橋,2024-08-14,9349
2002,中鋼,15,8,7,華南永昌-板橋,2024-08-14,9349
00715L,期街口布蘭特正2,7,0,7,華南永昌-板橋,2024-08-14,9349
00662,富邦NASDAQ,7,0,7,華南永昌-板橋,2024-08-14,9349
00687B,國泰20年美債,7,0,7,華南永昌-板橋,2024-08-14,9349
2324,仁寶,7,0,7,華南永昌-板橋,2024-08-14,9349
2506,太設,7,0,7,華南永昌-板橋,2024-08-14,9349
4523,永彰,7,0,7,華南永昌-板橋,2024-08-14,9349
4958,臻鼎-KY,7,0,7,華南永昌-板橋,2024-08-14,9349
6443,元晶,8,1,7,華南永昌-板橋,2024-08-14,9349
1514,亞力,10,3,7,華南永昌-板橋,2024-08-14,9349
00687B,國泰20年美債,182,21,161,華南永昌-板橋,2024-08-15,9349
00679B,元大美債20年,298,193,105,華南永昌-板橋,2024-08-15,9349
00900,富邦特選高股息30,65,3,62,華南永昌-板橋,2024-08-15,9349
2867,三商壽,62,1,61,華南永昌-板橋,2024-08-15,9349
2881,富邦金,61,1,60,華南永昌-板橋,2024-08-15,9349
00878,國泰永續高股息,54,1,53,華南永昌-板橋,2024-08-15,9349
00937B,群益ESG投等債20,55,2,53,華南永昌-板橋,2024-08-15,9349
2317,鴻海,62,24,38,華南永昌-板橋,2024-08-15,9349
4768,晶呈科技,90,53,37,華南永昌-板橋,2024-08-15,9349
00929,復華台灣科技優息,42,7,35,華南永昌-板橋,2024-08-15,9349
00632R,元大台灣50反1,33,0,33,華南永昌-板橋,2024-08-15,9349
2312,金寶,33,0,33,華南永昌-板橋,2024-08-15,9349
1714,和桐,29,0,29,華南永昌-板橋,2024-08-15,9349
3689,湧德,25,0,25,華南永昌-板橋,2024-08-15,9349
2323,中環,62,38,24,華南永昌-板橋,2024-08-15,9349
2441,超豐,25,1,24,華南永昌-板橋,2024-08-15,9349
9904,寶成,23,0,23,華南永昌-板橋,2024-08-15,9349
2476,鉅祥,20,0,20,華南永昌-板橋,2024-08-15,9349
2882,國泰金,20,2,18,華南永昌-板橋,2024-08-15,9349
2464,盟立,28,11,17,華南永昌-板橋,2024-08-15,9349
6442,光聖,17,1,16,華南永昌-板橋,2024-08-15,9349
2543,皇昌,29,13,16,華南永昌-板橋,2024-08-15,9349
00951,台新日本半導體,15,0,15,華南永昌-板橋,2024-08-15,9349
2332,友訊,15,0,15,華南永昌-板橋,2024-08-15,9349
3645,達邁,167,153,14,華南永昌-板橋,2024-08-15,9349
00882,中信中國高股息,13,0,13,華南永昌-板橋,2024-08-15,9349
8085,福華,13,0,13,華南永昌-板橋,2024-08-15,9349
1513,中興電,18,6,12,華南永昌-板橋,2024-08-15,9349
2913,農林,12,0,12,華南永昌-板橋,2024-08-15,9349
4523,永彰,14,2,12,華南永昌-板橋,2024-08-15,9349
4562,穎漢,14,3,11,華南永昌-板橋,2024-08-15,9349
2002,中鋼,13,2,11,華南永昌-板橋,2024-08-15,9349
2489,瑞軒,53,42,11,華南永昌-板橋,2024-08-15,9349
2891,中信金,10,0,10,華南永昌-板橋,2024-08-15,9349
00770,國泰北美科技,10,0,10,華南永昌-板橋,2024-08-15,9349
00923,群益台ESG低碳50,10,0,10,華南永昌-板橋,2024-08-15,9349
00948B,中信優息投資級債,10,0,10,華南永昌-板橋,2024-08-15,9349
1110,東泥,10,0,10,華南永昌-板橋,2024-08-15,9349
2062,橋椿,10,0,10,華南永昌-板橋,2024-08-15,9349
2201,裕隆,10,0,10,華南永昌-板橋,2024-08-15,9349
2355,敬鵬,15,5,10,華南永昌-板橋,2024-08-15,9349
2451,創見,12,2,10,華南永昌-板橋,2024-08-15,9349
2504,國產,10,0,10,華南永昌-板橋,2024-08-15,9349
2516,新建,10,0,10,華南永昌-板橋,2024-08-15,9349
5519,隆大,23,13,10,華南永昌-板橋,2024-08-15,9349
9105,泰金寶-DR,10,0,10,華南永昌-板橋,2024-08-15,9349
2886,兆豐金,9,0,9,華南永昌-板橋,2024-08-15,9349
3189,景碩,10,1,9,華南永昌-板橋,2024-08-15,9349
2008,高興昌,9,0,9,華南永昌-板橋,2024-08-15,9349
3450,聯鈞,20,12,8,華南永昌-板橋,2024-08-15,9349
00632R,元大台灣50反1,453,3,450,華南永昌-板橋,2024-08-16,9349
2888,新光金,443,97,346,華南永昌-板橋,2024-08-16,9349
2332,友訊,100,2,98,華南永昌-板橋,2024-08-16,9349
6609,瀧澤科,100,5,95,華南永昌-板橋,2024-08-16,9349
00680L,元大美債20正2,91,0,91,華南永昌-板橋,2024-08-16,9349
1785,光洋科,68,3,65,華南永昌-板橋,2024-08-16,9349
2605,新興,61,0,61,華南永昌-板橋,2024-08-16,9349
00878,國泰永續高股息,60,2,58,華南永昌-板橋,2024-08-16,9349
00688L,國泰20年美債正2,51,1,50,華南永昌-板橋,2024-08-16,9349
5291,邑昇,48,0,48,華南永昌-板橋,2024-08-16,9349
4566,時碩工業,56,12,44,華南永昌-板橋,2024-08-16,9349
00679B,元大美債20年,41,0,41,華南永昌-板橋,2024-08-16,9349
3217,優群,38,0,38,華南永昌-板橋,2024-08-16,9349
00687B,國泰20年美債,44,11,33,華南永昌-板橋,2024-08-16,9349
6177,達麗,64,32,32,華南永昌-板橋,2024-08-16,9349
00857B,永豐20年美公債,30,0,30,華南永昌-板橋,2024-08-16,9349
00932,兆豐永續高息等權,30,0,30,華南永昌-板橋,2024-08-16,9349
1609,大亞,29,0,29,華南永昌-板橋,2024-08-16,9349
8043,蜜望實,29,3,26,華南永昌-板橋,2024-08-16,9349
00900,富邦特選高股息30,27,3,24,華南永昌-板橋,2024-08-16,9349
6161,捷波,22,0,22,華南永昌-板橋,2024-08-16,9349
6141,柏承,20,0,20,華南永昌-板橋,2024-08-16,9349
8937,合騏,20,0,20,華南永昌-板橋,2024-08-16,9349
9955,佳龍,20,2,18,華南永昌-板橋,2024-08-16,9349
2543,皇昌,13,0,13,華南永昌-板橋,2024-08-16,9349
4303,信立,13,0,13,華南永昌-板橋,2024-08-16,9349
8086,宏捷科,13,0,13,華南永昌-板橋,2024-08-16,9349
2401,凌陽,12,0,12,華南永昌-板橋,2024-08-16,9349
2609,陽明,32,21,11,華南永昌-板橋,2024-08-16,9349
2637,慧洋-KY,21,10,11,華南永昌-板橋,2024-08-16,9349
4540,全球傳動,11,0,11,華南永昌-板橋,2024-08-16,9349
00948B,中信優息投資級債,10,0,10,華南永昌-板橋,2024-08-16,9349
1612,宏泰,10,0,10,華南永昌-板橋,2024-08-16,9349
2031,新光鋼,12,2,10,華南永昌-板橋,2024-08-16,9349
2337,旺宏,10,0,10,華南永昌-板橋,2024-08-16,9349
2355,敬鵬,25,15,10,華南永昌-板橋,2024-08-16,9349
2476,鉅祥,10,0,10,華南永昌-板橋,2024-08-16,9349
2834,臺企銀,10,0,10,華南永昌-板橋,2024-08-16,9349
2905,三商,10,0,10,華南永昌-板橋,2024-08-16,9349
3024,憶聲,10,0,10,華南永昌-板橋,2024-08-16,9349
4967,十銓,10,0,10,華南永昌-板橋,2024-08-16,9349
6191,精成科,10,0,10,華南永昌-板橋,2024-08-16,9349
2363,矽統,20,11,9,華南永昌-板橋,2024-08-16,9349
1326,台化,8,0,8,華南永昌-板橋,2024-08-16,9349
5438,東友,8,0,8,華南永昌-板橋,2024-08-16,9349
6278,台表科,9,1,8,華南永昌-板橋,2024-08-16,9349
8374,羅昇,28,20,8,華南永昌-板橋,2024-08-16,9349
2892,第一金,10,2,8,華南永昌-板橋,2024-08-16,9349
2520,冠德,35,27,8,華南永昌-板橋,2024-08-16,9349
006208,富邦台50,7,0,7,華南永昌-板橋,2024-08-16,9349
00632R,元大台灣50反1,3003,282,2721,華南永昌-板橋,2024-08-19,9349
00687B,國泰20年美債,313,11,302,華南永昌-板橋,2024-08-19,9349
2881,富邦金,167,11,156,華南永昌-板橋,2024-08-19,9349
3047,訊舟,188,57,131,華南永昌-板橋,2024-08-19,9349
5291,邑昇,109,0,109,華南永昌-板橋,2024-08-19,9349
00937B,群益ESG投等債20,76,0,76,華南永昌-板橋,2024-08-19,9349
4566,時碩工業,158,101,57,華南永昌-板橋,2024-08-19,9349
2883,凱基金,53,1,52,華南永昌-板橋,2024-08-19,9349
6188,廣明,59,7,52,華南永昌-板橋,2024-08-19,9349
2486,一詮,56,5,51,華南永昌-板橋,2024-08-19,9349
2605,新興,45,0,45,華南永昌-板橋,2024-08-19,9349
1325,恆大,35,0,35,華南永昌-板橋,2024-08-19,9349
2615,萬海,41,9,32,華南永昌-板橋,2024-08-19,9349
00881,國泰台灣5G+,32,0,32,華南永昌-板橋,2024-08-19,9349
2354,鴻準,31,1,30,華南永昌-板橋,2024-08-19,9349
3491,昇達科,31,1,30,華南永昌-板橋,2024-08-19,9349
9103,美德醫療-DR,30,3,27,華南永昌-板橋,2024-08-19,9349
3581,博磊,26,1,25,華南永昌-板橋,2024-08-19,9349
4716,大立,35,10,25,華南永昌-板橋,2024-08-19,9349
6177,達麗,182,158,24,華南永昌-板橋,2024-08-19,9349
00679B,元大美債20年,34,11,23,華南永昌-板橋,2024-08-19,9349
2885,元大金,23,0,23,華南永昌-板橋,2024-08-19,9349
2317,鴻海,47,26,21,華南永昌-板橋,2024-08-19,9349
2049,上銀,22,1,21,華南永昌-板橋,2024-08-19,9349
8028,昇陽半導體,48,28,20,華南永昌-板橋,2024-08-19,9349
9907,統一實,20,0,20,華南永昌-板橋,2024-08-19,9349
2467,志聖,32,13,19,華南永昌-板橋,2024-08-19,9349
1815,富喬,20,1,19,華南永昌-板橋,2024-08-19,9349
6290,良維,21,3,18,華南永昌-板橋,2024-08-19,9349
3374,精材,30,12,18,華南永昌-板橋,2024-08-19,9349
3450,聯鈞,28,10,18,華南永昌-板橋,2024-08-19,9349
00919,群益台灣精選高息,17,0,17,華南永昌-板橋,2024-08-19,9349
1101,台泥,16,0,16,華南永昌-板橋,2024-08-19,9349
2405,輔信,34,18,16,華南永昌-板橋,2024-08-19,9349
3447,展達,16,0,16,華南永昌-板橋,2024-08-19,9349
00929,復華台灣科技優息,41,25,16,華南永昌-板橋,2024-08-19,9349
2464,盟立,37,22,15,華南永昌-板橋,2024-08-19,9349
2356,英業達,17,2,15,華南永昌-板橋,2024-08-19,9349
2880,華南金,16,2,14,華南永昌-板橋,2024-08-19,9349
2313,華通,18,5,13,華南永昌-板橋,2024-08-19,9349
00931B,統一美債20年,12,0,12,華南永昌-板橋,2024-08-19,9349
00948B,中信優息投資級債,11,0,11,華南永昌-板橋,2024-08-19,9349
6015,宏遠證,11,0,11,華南永昌-板橋,2024-08-19,9349
8096,擎亞,21,10,11,華南永昌-板橋,2024-08-19,9349
3715,定穎投控,11,1,10,華南永昌-板橋,2024-08-19,9349
00895,富邦未來車,10,0,10,華南永昌-板橋,2024-08-19,9349
00857B,永豐20年美公債,10,0,10,華南永昌-板橋,2024-08-19,9349
00770,國泰北美科技,10,0,10,華南永昌-板橋,2024-08-19,9349
2201,裕隆,10,0,10,華南永昌-板橋,2024-08-19,9349
2511,太子,10,0,10,華南永昌-板橋,2024-08-19,9349
00632R,元大台灣50反1,201,1,200,華南永昌-板橋,2024-08-20,9349
00937B,群益ESG投等債20,123,0,123,華南永昌-板橋,2024-08-20,9349
5291,邑昇,113,0,113,華南永昌-板橋,2024-08-20,9349
00706L,期元大S＆P日圓正2,100,0,100,華南永昌-板橋,2024-08-20,9349
00679B,元大美債20年,108,9,99,華南永昌-板橋,2024-08-20,9349
2885,元大金,95,5,90,華南永昌-板橋,2024-08-20,9349
2605,新興,80,0,80,華南永昌-板橋,2024-08-20,9349
2888,新光金,180,107,73,華南永昌-板橋,2024-08-20,9349
2883,凱基金,73,0,73,華南永昌-板橋,2024-08-20,9349
2515,中工,71,3,68,華南永昌-板橋,2024-08-20,9349
9907,統一實,50,0,50,華南永昌-板橋,2024-08-20,9349
2312,金寶,53,7,46,華南永昌-板橋,2024-08-20,9349
00687B,國泰20年美債,43,0,43,華南永昌-板橋,2024-08-20,9349
00929,復華台灣科技優息,44,3,41,華南永昌-板橋,2024-08-20,9349
3689,湧德,69,28,41,華南永昌-板橋,2024-08-20,9349
5371,中光電,37,2,35,華南永昌-板橋,2024-08-20,9349
00688L,國泰20年美債正2,35,1,34,華南永昌-板橋,2024-08-20,9349
6218,豪勉,32,0,32,華南永昌-板橋,2024-08-20,9349
00712,復華富時不動產,30,0,30,華南永昌-板橋,2024-08-20,9349
2838,聯邦銀,30,0,30,華南永昌-板橋,2024-08-20,9349
2317,鴻海,46,19,27,華南永昌-板橋,2024-08-20,9349
2356,英業達,39,12,27,華南永昌-板橋,2024-08-20,9349
2417,圓剛,37,15,22,華南永昌-板橋,2024-08-20,9349
1514,亞力,24,2,22,華南永昌-板橋,2024-08-20,9349
1584,精剛,33,12,21,華南永昌-板橋,2024-08-20,9349
2316,楠梓電,20,0,20,華南永昌-板橋,2024-08-20,9349
6288,聯嘉,20,0,20,華南永昌-板橋,2024-08-20,9349
00720B,元大投資級公司債,18,0,18,華南永昌-板橋,2024-08-20,9349
2344,華邦電,22,5,17,華南永昌-板橋,2024-08-20,9349
2439,美律,21,5,16,華南永昌-板橋,2024-08-20,9349
2609,陽明,43,27,16,華南永昌-板橋,2024-08-20,9349
9945,潤泰新,16,0,16,華南永昌-板橋,2024-08-20,9349
1110,東泥,15,0,15,華南永昌-板橋,2024-08-20,9349
3029,零壹,15,1,14,華南永昌-板橋,2024-08-20,9349
3037,欣興,14,0,14,華南永昌-板橋,2024-08-20,9349
6188,廣明,26,12,14,華南永昌-板橋,2024-08-20,9349
6231,系微,13,0,13,華南永昌-板橋,2024-08-20,9349
2881,富邦金,14,1,13,華南永昌-板橋,2024-08-20,9349
8028,昇陽半導體,40,28,12,華南永昌-板橋,2024-08-20,9349
6125,廣運,24,12,12,華南永昌-板橋,2024-08-20,9349
2101,南港,34,23,11,華南永昌-板橋,2024-08-20,9349
2537,聯上發,14,3,11,華南永昌-板橋,2024-08-20,9349
1513,中興電,17,7,10,華南永昌-板橋,2024-08-20,9349
2362,藍天,28,18,10,華南永昌-板橋,2024-08-20,9349
00948B,中信優息投資級債,10,0,10,華南永昌-板橋,2024-08-20,9349
2405,輔信,10,0,10,華南永昌-板橋,2024-08-20,9349
2534,宏盛,10,0,10,華南永昌-板橋,2024-08-20,9349
3024,憶聲,10,0,10,華南永昌-板橋,2024-08-20,9349
3202,樺晟,10,0,10,華南永昌-板橋,2024-08-20,9349
4147,中裕,10,0,10,華南永昌-板橋,2024-08-20,9349
00632R,元大台灣50反1,2029,0,2029,華南永昌-板橋,2024-08-21,9349
2891,中信金,206,1,205,華南永昌-板橋,2024-08-21,9349
2888,新光金,444,349,95,華南永昌-板橋,2024-08-21,9349
2605,新興,91,1,90,華南永昌-板橋,2024-08-21,9349
3163,波若威,114,29,85,華南永昌-板橋,2024-08-21,9349
5291,邑昇,59,0,59,華南永昌-板橋,2024-08-21,9349
2867,三商壽,50,0,50,華南永昌-板橋,2024-08-21,9349
3645,達邁,80,36,44,華南永昌-板橋,2024-08-21,9349
00919,群益台灣精選高息,50,8,42,華南永昌-板橋,2024-08-21,9349
00929,復華台灣科技優息,41,0,41,華南永昌-板橋,2024-08-21,9349
3663,鑫科,141,100,41,華南永昌-板橋,2024-08-21,9349
2409,友達,41,1,40,華南永昌-板橋,2024-08-21,9349
00687B,國泰20年美債,35,1,34,華南永昌-板橋,2024-08-21,9349
2312,金寶,66,32,34,華南永昌-板橋,2024-08-21,9349
2313,華通,26,0,26,華南永昌-板橋,2024-08-21,9349
00715L,期街口布蘭特正2,40,15,25,華南永昌-板橋,2024-08-21,9349
2439,美律,25,0,25,華南永昌-板橋,2024-08-21,9349
8064,東捷,31,6,25,華南永昌-板橋,2024-08-21,9349
5371,中光電,29,6,23,華南永昌-板橋,2024-08-21,9349
8043,蜜望實,42,20,22,華南永昌-板橋,2024-08-21,9349
2610,華航,19,0,19,華南永昌-板橋,2024-08-21,9349
6443,元晶,19,0,19,華南永昌-板橋,2024-08-21,9349
3047,訊舟,99,80,19,華南永昌-板橋,2024-08-21,9349
00940,元大台灣價值高息,18,0,18,華南永昌-板橋,2024-08-21,9349
2331,精英,19,1,18,華南永昌-板橋,2024-08-21,9349
0056,元大高股息,19,4,15,華南永昌-板橋,2024-08-21,9349
2337,旺宏,15,0,15,華南永昌-板橋,2024-08-21,9349
00882,中信中國高股息,14,0,14,華南永昌-板橋,2024-08-21,9349
3535,晶彩科,31,17,14,華南永昌-板橋,2024-08-21,9349
5905,南仁湖,24,11,13,華南永昌-板橋,2024-08-21,9349
2330,台積電,14,2,12,華南永昌-板橋,2024-08-21,9349
6139,亞翔,16,4,12,華南永昌-板橋,2024-08-21,9349
00937B,群益ESG投等債20,15,4,11,華南永昌-板橋,2024-08-21,9349
6207,雷科,17,6,11,華南永昌-板橋,2024-08-21,9349
00909,國泰數位支付服務,10,0,10,華南永昌-板橋,2024-08-21,9349
2542,興富發,10,0,10,華南永昌-板橋,2024-08-21,9349
00951,台新日本半導體,10,0,10,華南永昌-板橋,2024-08-21,9349
2316,楠梓電,10,0,10,華南永昌-板橋,2024-08-21,9349
3017,奇鋐,10,0,10,華南永昌-板橋,2024-08-21,9349
6148,驊宏資,10,0,10,華南永昌-板橋,2024-08-21,9349
6152,百一,10,0,10,華南永昌-板橋,2024-08-21,9349
8054,安國,19,9,10,華南永昌-板橋,2024-08-21,9349
8071,能率網通,11,1,10,華南永昌-板橋,2024-08-21,9349
00900,富邦特選高股息30,10,0,10,華南永昌-板橋,2024-08-21,9349
2615,萬海,16,7,9,華南永昌-板橋,2024-08-21,9349
3363,上詮,20,12,8,華南永昌-板橋,2024-08-21,9349
4555,氣立,7,0,7,華南永昌-板橋,2024-08-21,9349
6156,松上,11,4,7,華南永昌-板橋,2024-08-21,9349
8028,昇陽半導體,22,15,7,華南永昌-板橋,2024-08-21,9349
1584,精剛,30,24,6,華南永昌-板橋,2024-08-21,9349
2610,華航,481,0,481,華南永昌-板橋,2024-08-22,9349
00940,元大台灣價值高息,189,6,183,華南永昌-板橋,2024-08-22,9349
2349,錸德,132,46,86,華南永昌-板橋,2024-08-22,9349
00953B,群益優選非投等債,100,15,85,華南永昌-板橋,2024-08-22,9349
2890,永豐金,65,0,65,華南永昌-板橋,2024-08-22,9349
00680L,元大美債20正2,60,0,60,華南永昌-板橋,2024-08-22,9349
2317,鴻海,67,21,46,華南永昌-板橋,2024-08-22,9349
5291,邑昇,43,0,43,華南永昌-板橋,2024-08-22,9349
2883,凱基金,40,0,40,華南永昌-板橋,2024-08-22,9349
00929,復華台灣科技優息,36,0,36,華南永昌-板橋,2024-08-22,9349
00720B,元大投資級公司債,30,0,30,華南永昌-板橋,2024-08-22,9349
6449,鈺邦,45,19,26,華南永昌-板橋,2024-08-22,9349
00878,國泰永續高股息,25,2,23,華南永昌-板橋,2024-08-22,9349
3374,精材,48,25,23,華南永昌-板橋,2024-08-22,9349
1708,東鹼,38,16,22,華南永昌-板橋,2024-08-22,9349
1217,愛之味,21,0,21,華南永昌-板橋,2024-08-22,9349
6139,亞翔,31,10,21,華南永昌-板橋,2024-08-22,9349
2501,國建,20,0,20,華南永昌-板橋,2024-08-22,9349
3491,昇達科,22,5,17,華南永昌-板橋,2024-08-22,9349
2515,中工,16,0,16,華南永昌-板橋,2024-08-22,9349
3105,穩懋,16,0,16,華南永昌-板橋,2024-08-22,9349
9955,佳龍,19,3,16,華南永昌-板橋,2024-08-22,9349
6177,達麗,21,6,15,華南永昌-板橋,2024-08-22,9349
8937,合騏,15,0,15,華南永昌-板橋,2024-08-22,9349
3580,友威科,16,2,14,華南永昌-板橋,2024-08-22,9349
6148,驊宏資,14,0,14,華南永昌-板橋,2024-08-22,9349
4716,大立,35,22,13,華南永昌-板橋,2024-08-22,9349
3687,歐買尬,12,0,12,華南永昌-板橋,2024-08-22,9349
2881,富邦金,12,1,11,華南永昌-板橋,2024-08-22,9349
4967,十銓,11,0,11,華南永昌-板橋,2024-08-22,9349
1513,中興電,11,1,10,華南永昌-板橋,2024-08-22,9349
00939,統一台灣高息動能,10,0,10,華南永昌-板橋,2024-08-22,9349
00688L,國泰20年美債正2,10,0,10,華南永昌-板橋,2024-08-22,9349
00951,台新日本半導體,10,0,10,華南永昌-板橋,2024-08-22,9349
3058,立德,10,0,10,華南永昌-板橋,2024-08-22,9349
6683,雍智科技,11,1,10,華南永昌-板橋,2024-08-22,9349
8121,越峰,10,0,10,華南永昌-板橋,2024-08-22,9349
3013,晟銘電,10,1,9,華南永昌-板橋,2024-08-22,9349
5371,中光電,20,11,9,華南永昌-板橋,2024-08-22,9349
6125,廣運,14,5,9,華南永昌-板橋,2024-08-22,9349
1514,亞力,36,28,8,華南永昌-板橋,2024-08-22,9349
1409,新纖,10,2,8,華南永昌-板橋,2024-08-22,9349
2031,新光鋼,10,2,8,華南永昌-板橋,2024-08-22,9349
8227,巨有科技,9,1,8,華南永昌-板橋,2024-08-22,9349
2891,中信金,19,12,7,華南永昌-板橋,2024-08-22,9349
2324,仁寶,12,5,7,華南永昌-板橋,2024-08-22,9349
2355,敬鵬,8,1,7,華南永昌-板橋,2024-08-22,9349
4707,磐亞,23,16,7,華南永昌-板橋,2024-08-22,9349
6869,雲豹能源,7,1,6,華南永昌-板橋,2024-08-22,9349
3312,弘憶股,6,0,6,華南永昌-板橋,2024-08-22,9349
2610,華航,201,0,201,華南永昌-板橋,2024-08-23,9349
00688L,國泰20年美債正2,139,0,139,華南永昌-板橋,2024-08-23,9349
00680L,元大美債20正2,124,0,124,華南永昌-板橋,2024-08-23,9349
00664R,國泰臺灣加權反1,100,0,100,華南永昌-板橋,2024-08-23,9349
2605,新興,90,0,90,華南永昌-板橋,2024-08-23,9349
3290,東浦,73,6,67,華南永昌-板橋,2024-08-23,9349
2891,中信金,68,5,63,華南永昌-板橋,2024-08-23,9349
6180,橘子,62,0,62,華南永昌-板橋,2024-08-23,9349
00937B,群益ESG投等債20,53,1,52,華南永昌-板橋,2024-08-23,9349
5291,邑昇,49,0,49,華南永昌-板橋,2024-08-23,9349
1711,永光,82,35,47,華南永昌-板橋,2024-08-23,9349
3189,景碩,50,4,46,華南永昌-板橋,2024-08-23,9349
2615,萬海,54,13,41,華南永昌-板橋,2024-08-23,9349
2534,宏盛,39,0,39,華南永昌-板橋,2024-08-23,9349
1314,中石化,75,37,38,華南永昌-板橋,2024-08-23,9349
4768,晶呈科技,59,24,35,華南永昌-板橋,2024-08-23,9349
00929,復華台灣科技優息,36,4,32,華南永昌-板橋,2024-08-23,9349
3491,昇達科,30,0,30,華南永昌-板橋,2024-08-23,9349
6667,信紘科,30,2,28,華南永昌-板橋,2024-08-23,9349
3663,鑫科,50,24,26,華南永昌-板橋,2024-08-23,9349
5452,佶優,25,0,25,華南永昌-板橋,2024-08-23,9349
00687B,國泰20年美債,28,6,22,華南永昌-板橋,2024-08-23,9349
3455,由田,21,1,20,華南永昌-板橋,2024-08-23,9349
6875,國邑*,20,0,20,華南永昌-板橋,2024-08-23,9349
2349,錸德,46,27,19,華南永昌-板橋,2024-08-23,9349
6285,啟��,20,1,19,華南永昌-板橋,2024-08-23,9349
00632R,元大台灣50反1,40,22,18,華南永昌-板橋,2024-08-23,9349
3580,友威科,46,30,16,華南永昌-板橋,2024-08-23,9349
3163,波若威,74,59,15,華南永昌-板橋,2024-08-23,9349
5309,系統電,22,7,15,華南永昌-板橋,2024-08-23,9349
00953B,群益優選非投等債,12,0,12,華南永昌-板橋,2024-08-23,9349
4979,華星光,13,2,11,華南永昌-板橋,2024-08-23,9349
00679B,元大美債20年,15,5,10,華南永昌-板橋,2024-08-23,9349
2374,佳能,11,1,10,華南永昌-板橋,2024-08-23,9349
2464,盟立,12,2,10,華南永昌-板橋,2024-08-23,9349
2892,第一金,10,0,10,華南永昌-板橋,2024-08-23,9349
5210,寶碩,10,0,10,華南永昌-板橋,2024-08-23,9349
2382,廣達,13,4,9,華南永昌-板橋,2024-08-23,9349
2362,藍天,23,14,9,華南永昌-板橋,2024-08-23,9349
2421,建準,9,0,9,華南永昌-板橋,2024-08-23,9349
2363,矽統,12,4,8,華南永昌-板橋,2024-08-23,9349
2543,皇昌,8,0,8,華南永昌-板橋,2024-08-23,9349
00918,大華優利高填息30,8,0,8,華南永昌-板橋,2024-08-23,9349
2427,三商電,8,0,8,華南永昌-板橋,2024-08-23,9349
6148,驊宏資,8,0,8,華南永昌-板橋,2024-08-23,9349
6282,康舒,8,0,8,華南永昌-板橋,2024-08-23,9349
2501,國建,7,0,7,華南永昌-板橋,2024-08-23,9349
3297,杭特,7,0,7,華南永昌-板橋,2024-08-23,9349
4540,全球傳動,9,2,7,華南永昌-板橋,2024-08-23,9349
6505,台塑化,7,0,7,華南永昌-板橋,2024-08-23,9349
6134,萬旭,218,5,213,華南永昌-板橋,2024-08-26,9349
00680L,元大美債20正2,158,14,144,華南永昌-板橋,2024-08-26,9349
2888,新光金,356,226,130,華南永昌-板橋,2024-08-26,9349
3481,群創,100,28,72,華南永昌-板橋,2024-08-26,9349
2880,華南金,61,0,61,華南永昌-板橋,2024-08-26,9349
2412,中華電,40,0,40,華南永昌-板橋,2024-08-26,9349
2887,台新金,54,15,39,華南永昌-板橋,2024-08-26,9349
00929,復華台灣科技優息,39,3,36,華南永昌-板橋,2024-08-26,9349
8064,東捷,76,44,32,華南永昌-板橋,2024-08-26,9349
1785,光洋科,31,1,30,華南永昌-板橋,2024-08-26,9349
2891,中信金,70,41,29,華南永昌-板橋,2024-08-26,9349
00937B,群益ESG投等債20,29,1,28,華南永昌-板橋,2024-08-26,9349
8070,長華*,33,5,28,華南永昌-板橋,2024-08-26,9349
2316,楠梓電,27,0,27,華南永昌-板橋,2024-08-26,9349
4768,晶呈科技,170,143,27,華南永昌-板橋,2024-08-26,9349
2439,美律,28,3,25,華南永昌-板橋,2024-08-26,9349
3450,聯鈞,27,3,24,華南永昌-板橋,2024-08-26,9349
3663,鑫科,65,43,22,華南永昌-板橋,2024-08-26,9349
2377,微星,27,5,22,華南永昌-板橋,2024-08-26,9349
6133,金橋,22,0,22,華南永昌-板橋,2024-08-26,9349
8028,昇陽半導體,64,42,22,華南永昌-板橋,2024-08-26,9349
2409,友達,48,26,22,華南永昌-板橋,2024-08-26,9349
2489,瑞軒,20,0,20,華南永昌-板橋,2024-08-26,9349
2303,聯電,23,3,20,華南永昌-板橋,2024-08-26,9349
00687B,國泰20年美債,20,0,20,華南永昌-板橋,2024-08-26,9349
6148,驊宏資,19,0,19,華南永昌-板橋,2024-08-26,9349
00679B,元大美債20年,24,6,18,華南永昌-板橋,2024-08-26,9349
3444,利機,35,17,18,華南永昌-板橋,2024-08-26,9349
2331,精英,49,32,17,華南永昌-板橋,2024-08-26,9349
00751B,元大AAA至A公司債,16,0,16,華南永昌-板橋,2024-08-26,9349
3189,景碩,21,5,16,華南永昌-板橋,2024-08-26,9349
00632R,元大台灣50反1,15,0,15,華南永昌-板橋,2024-08-26,9349
5371,中光電,14,0,14,華南永昌-板橋,2024-08-26,9349
6139,亞翔,13,0,13,華南永昌-板橋,2024-08-26,9349
2429,銘旺科,13,0,13,華南永昌-板橋,2024-08-26,9349
2845,遠東銀,13,0,13,華南永昌-板橋,2024-08-26,9349
8039,台虹,47,34,13,華南永昌-板橋,2024-08-26,9349
8096,擎亞,138,125,13,華南永昌-板橋,2024-08-26,9349
2376,技嘉,16,4,12,華南永昌-板橋,2024-08-26,9349
1514,亞力,13,1,12,華南永昌-板橋,2024-08-26,9349
4513,福裕,15,3,12,華南永昌-板橋,2024-08-26,9349
5452,佶優,29,17,12,華南永昌-板橋,2024-08-26,9349
2388,威盛,15,4,11,華南永昌-板橋,2024-08-26,9349
3013,晟銘電,12,1,11,華南永昌-板橋,2024-08-26,9349
3615,安可,35,24,11,華南永昌-板橋,2024-08-26,9349
2610,華航,14,3,11,華南永昌-板橋,2024-08-26,9349
8021,尖點,11,0,11,華南永昌-板橋,2024-08-26,9349
1217,愛之味,10,0,10,華南永昌-板橋,2024-08-26,9349
2603,長榮,10,0,10,華南永昌-板橋,2024-08-26,9349
8942,森鉅,10,0,10,華南永昌-板橋,2024-08-26,9349
3481,群創,260,27,233,華南永昌-板橋,2024-08-27,9349
2610,華航,151,10,141,華南永昌-板橋,2024-08-27,9349
2891,中信金,108,6,102,華南永昌-板橋,2024-08-27,9349
2618,長榮航,114,17,97,華南永昌-板橋,2024-08-27,9349
2883,凱基金,83,10,73,華南永昌-板橋,2024-08-27,9349
00679B,元大美債20年,56,2,54,華南永昌-板橋,2024-08-27,9349
00680L,元大美債20正2,47,0,47,華南永昌-板橋,2024-08-27,9349
3149,正達,41,0,41,華南永昌-板橋,2024-08-27,9349
00919,群益台灣精選高息,41,0,41,華南永昌-板橋,2024-08-27,9349
2399,映泰,49,13,36,華南永昌-板橋,2024-08-27,9349
6180,橘子,35,0,35,華南永昌-板橋,2024-08-27,9349
8028,昇陽半導體,37,5,32,華南永昌-板橋,2024-08-27,9349
3450,聯鈞,55,24,31,華南永昌-板橋,2024-08-27,9349
5469,瀚宇博,26,2,24,華南永昌-板橋,2024-08-27,9349
3019,亞光,66,45,21,華南永昌-板橋,2024-08-27,9349
00946,群益科技高息成長,20,0,20,華南永昌-板橋,2024-08-27,9349
00940,元大台灣價值高息,17,0,17,華南永昌-板橋,2024-08-27,9349
2615,萬海,19,3,16,華南永昌-板橋,2024-08-27,9349
2330,台積電,19,3,16,華南永昌-板橋,2024-08-27,9349
4768,晶呈科技,57,41,16,華南永昌-板橋,2024-08-27,9349
2882,國泰金,16,1,15,華南永昌-板橋,2024-08-27,9349
2355,敬鵬,15,0,15,華南永昌-板橋,2024-08-27,9349
4426,利勤,15,0,15,華南永昌-板橋,2024-08-27,9349
00937B,群益ESG投等債20,13,0,13,華南永昌-板橋,2024-08-27,9349
3455,由田,14,2,12,華南永昌-板橋,2024-08-27,9349
1303,南亞,11,0,11,華南永昌-板橋,2024-08-27,9349
1721,三晃,11,0,11,華南永昌-板橋,2024-08-27,9349
2417,圓剛,12,1,11,華南永昌-板橋,2024-08-27,9349
2449,京元電子,15,4,11,華南永昌-板橋,2024-08-27,9349
2515,中工,18,7,11,華南永昌-板橋,2024-08-27,9349
8446,華研,11,1,10,華南永昌-板橋,2024-08-27,9349
00929,復華台灣科技優息,20,10,10,華南永昌-板橋,2024-08-27,9349
1301,台塑,11,1,10,華南永昌-板橋,2024-08-27,9349
2017,官田鋼,10,0,10,華南永昌-板橋,2024-08-27,9349
2303,聯電,12,2,10,華南永昌-板橋,2024-08-27,9349
2880,華南金,25,15,10,華南永昌-板橋,2024-08-27,9349
6603,富強鑫,12,2,10,華南永昌-板橋,2024-08-27,9349
8111,立��,15,5,10,華南永昌-板橋,2024-08-27,9349
8210,勤誠,11,1,10,華南永昌-板橋,2024-08-27,9349
5876,上海商銀,9,0,9,華南永昌-板橋,2024-08-27,9349
6156,松上,8,0,8,華南永昌-板橋,2024-08-27,9349
2609,陽明,15,7,8,華南永昌-板橋,2024-08-27,9349
5452,佶優,14,6,8,華南永昌-板橋,2024-08-27,9349
8150,南茂,10,2,8,華南永昌-板橋,2024-08-27,9349
8937,合騏,8,0,8,華南永昌-板橋,2024-08-27,9349
00878,國泰永續高股息,7,0,7,華南永昌-板橋,2024-08-27,9349
0056,元大高股息,8,1,7,華南永昌-板橋,2024-08-27,9349
2356,英業達,9,2,7,華南永昌-板橋,2024-08-27,9349
2845,遠東銀,7,0,7,華南永昌-板橋,2024-08-27,9349
6153,嘉聯益,8,1,7,華南永昌-板橋,2024-08-27,9349
6134,萬旭,200,0,200,華南永昌-板橋,2024-08-28,9349
2891,中信金,39,0,39,華南永昌-板橋,2024-08-28,9349
00688L,國泰20年美債正2,36,0,36,華南永昌-板橋,2024-08-28,9349
6180,橘子,35,0,35,華南永昌-板橋,2024-08-28,9349
1301,台塑,33,0,33,華南永昌-板橋,2024-08-28,9349
2887,台新金,35,3,32,華南永昌-板橋,2024-08-28,9349
2412,中華電,30,0,30,華南永昌-板橋,2024-08-28,9349
5309,系統電,25,0,25,華南永昌-板橋,2024-08-28,9349
2867,三商壽,24,0,24,華南永昌-板橋,2024-08-28,9349
8068,全達,20,0,20,華南永昌-板橋,2024-08-28,9349
8183,精星,20,0,20,華南永昌-板橋,2024-08-28,9349
00940,元大台灣價值高息,20,1,19,華南永昌-板橋,2024-08-28,9349
2402,毅嘉,43,24,19,華南永昌-板橋,2024-08-28,9349
6152,百一,20,1,19,華南永昌-板橋,2024-08-28,9349
6609,瀧澤科,40,21,19,華南永昌-板橋,2024-08-28,9349
1314,中石化,15,0,15,華南永昌-板橋,2024-08-28,9349
2520,冠德,29,16,13,華南永昌-板橋,2024-08-28,9349
3290,東浦,13,0,13,華南永昌-板橋,2024-08-28,9349
6505,台塑化,15,2,13,華南永昌-板橋,2024-08-28,9349
00937B,群益ESG投等債20,12,0,12,華南永昌-板橋,2024-08-28,9349
1776,展宇,12,1,11,華南永昌-板橋,2024-08-28,9349
2355,敬鵬,11,0,11,華南永昌-板橋,2024-08-28,9349
6492,生華科,11,0,11,華南永昌-板橋,2024-08-28,9349
00900,富邦特選高股息30,10,0,10,華南永昌-板橋,2024-08-28,9349
2543,皇昌,13,3,10,華南永昌-板橋,2024-08-28,9349
2605,新興,10,0,10,華南永昌-板橋,2024-08-28,9349
2851,中再保,10,0,10,華南永昌-板橋,2024-08-28,9349
4540,全球傳動,33,23,10,華南永昌-板橋,2024-08-28,9349
4714,永捷,12,2,10,華南永昌-板橋,2024-08-28,9349
6188,廣明,32,22,10,華南永昌-板橋,2024-08-28,9349
6431,光麗-KY,10,0,10,華南永昌-板橋,2024-08-28,9349
8064,東捷,50,40,10,華南永昌-板橋,2024-08-28,9349
2426,鼎元,12,3,9,華南永昌-板橋,2024-08-28,9349
3374,精材,27,18,9,華南永昌-板橋,2024-08-28,9349
3037,欣興,8,0,8,華南永昌-板橋,2024-08-28,9349
00882,中信中國高股息,8,0,8,華南永昌-板橋,2024-08-28,9349
00929,復華台灣科技優息,7,0,7,華南永昌-板橋,2024-08-28,9349
1528,恩德,13,6,7,華南永昌-板橋,2024-08-28,9349
2383,台光電,9,2,7,華南永昌-板橋,2024-08-28,9349
4513,福裕,20,13,7,華南永昌-板橋,2024-08-28,9349
6151,晉倫,10,3,7,華南永昌-板橋,2024-08-28,9349
8011,台通,16,9,7,華南永昌-板橋,2024-08-28,9349
3059,華晶科,7,1,6,華南永昌-板橋,2024-08-28,9349
3605,宏致,8,2,6,華南永昌-板橋,2024-08-28,9349
5452,佶優,6,0,6,華南永昌-板橋,2024-08-28,9349
8070,長華*,7,1,6,華南永昌-板橋,2024-08-28,9349
00877,復華中國5G,5,0,5,華南永昌-板橋,2024-08-28,9349
1316,上曜,7,2,5,華南永昌-板橋,2024-08-28,9349
1536,和大,6,1,5,華南永昌-板橋,2024-08-28,9349
3296,勝德,5,0,5,華南永昌-板橋,2024-08-28,9349
2888,新光金,801,82,719,華南永昌-板橋,2024-08-29,9349
00919,群益台灣精選高息,134,0,134,華南永昌-板橋,2024-08-29,9349
2891,中信金,74,2,72,華南永昌-板橋,2024-08-29,9349
2609,陽明,74,5,69,華南永昌-板橋,2024-08-29,9349
00937B,群益ESG投等債20,69,0,69,華南永昌-板橋,2024-08-29,9349
00959B,大華投等美債15Y+,61,0,61,華南永昌-板橋,2024-08-29,9349
5443,均豪,118,82,36,華南永昌-板橋,2024-08-29,9349
3481,群創,45,13,32,華南永昌-板橋,2024-08-29,9349
6143,振曜,47,16,31,華南永昌-板橋,2024-08-29,9349
00680L,元大美債20正2,29,0,29,華南永昌-板橋,2024-08-29,9349
00878,國泰永續高股息,31,5,26,華南永昌-板橋,2024-08-29,9349
00751B,元大AAA至A公司債,22,0,22,華南永昌-板橋,2024-08-29,9349
2887,台新金,22,0,22,華南永昌-板橋,2024-08-29,9349
6151,晉倫,28,7,21,華南永昌-板橋,2024-08-29,9349
00881,國泰台灣5G+,20,0,20,華南永昌-板橋,2024-08-29,9349
00944,野村趨勢動能高息,20,0,20,華南永昌-板橋,2024-08-29,9349
00655L,國泰中國A50正2,20,0,20,華南永昌-板橋,2024-08-29,9349
00643,群益深証中小,20,0,20,華南永昌-板橋,2024-08-29,9349
2409,友達,27,7,20,華南永昌-板橋,2024-08-29,9349
3455,由田,23,3,20,華南永昌-板橋,2024-08-29,9349
4526,東台,43,23,20,華南永昌-板橋,2024-08-29,9349
00679B,元大美債20年,19,0,19,華南永昌-板橋,2024-08-29,9349
6603,富強鑫,22,5,17,華南永昌-板橋,2024-08-29,9349
3149,正達,21,5,16,華南永昌-板橋,2024-08-29,9349
00720B,元大投資級公司債,15,0,15,華南永昌-板橋,2024-08-29,9349
2884,玉山金,15,0,15,華南永昌-板橋,2024-08-29,9349
1540,喬福,52,38,14,華南永昌-板橋,2024-08-29,9349
00940,元大台灣價值高息,13,0,13,華南永昌-板橋,2024-08-29,9349
2330,台積電,18,7,11,華南永昌-板橋,2024-08-29,9349
2201,裕隆,26,15,11,華南永昌-板橋,2024-08-29,9349
4908,前鼎,14,3,11,華南永昌-板橋,2024-08-29,9349
4909,新復興,71,60,11,華南永昌-板橋,2024-08-29,9349
6505,台塑化,11,0,11,華南永昌-板橋,2024-08-29,9349
2317,鴻海,20,10,10,華南永昌-板橋,2024-08-29,9349
00915,凱基優選高股息30,10,0,10,華南永昌-板橋,2024-08-29,9349
2362,藍天,30,20,10,華南永昌-板橋,2024-08-29,9349
3673,TPK-KY,11,1,10,華南永昌-板橋,2024-08-29,9349
6180,橘子,10,0,10,華南永昌-板橋,2024-08-29,9349
9105,泰金寶-DR,13,3,10,華南永昌-板橋,2024-08-29,9349
1314,中石化,11,2,9,華南永昌-板橋,2024-08-29,9349
00687B,國泰20年美債,16,7,9,華南永昌-板橋,2024-08-29,9349
2402,毅嘉,22,13,9,華南永昌-板橋,2024-08-29,9349
2426,鼎元,28,19,9,華南永昌-板橋,2024-08-29,9349
6274,台燿,10,1,9,華南永昌-板橋,2024-08-29,9349
2520,冠德,11,2,9,華南永昌-板橋,2024-08-29,9349
00882,中信中國高股息,8,0,8,華南永昌-板橋,2024-08-29,9349
3447,展達,8,0,8,華南永昌-板橋,2024-08-29,9349
4510,高鋒,89,81,8,華南永昌-板橋,2024-08-29,9349
1609,大亞,9,2,7,華南永昌-板橋,2024-08-29,9349
2376,技嘉,7,0,7,華南永昌-板橋,2024-08-29,9349
00687B,國泰20年美債,183,1,182,華南永昌-板橋,2024-08-30,9349
3491,昇達科,82,0,82,華南永昌-板橋,2024-08-30,9349
3481,群創,110,29,81,華南永昌-板橋,2024-08-30,9349
00680L,元大美債20正2,55,0,55,華南永昌-板橋,2024-08-30,9349
00937B,群益ESG投等債20,74,20,54,華南永昌-板橋,2024-08-30,9349
00679B,元大美債20年,53,0,53,華南永昌-板橋,2024-08-30,9349
2845,遠東銀,52,0,52,華南永昌-板橋,2024-08-30,9349
2409,友達,53,4,49,華南永昌-板橋,2024-08-30,9349
1586,和勤,40,0,40,華南永昌-板橋,2024-08-30,9349
6667,信紘科,39,4,35,華南永昌-板橋,2024-08-30,9349
6213,聯茂,41,9,32,華南永昌-板橋,2024-08-30,9349
4979,華星光,31,2,29,華南永昌-板橋,2024-08-30,9349
3105,穩懋,22,0,22,華南永昌-板橋,2024-08-30,9349
1785,光洋科,52,31,21,華南永昌-板橋,2024-08-30,9349
2367,燿華,35,14,21,華南永昌-板橋,2024-08-30,9349
1711,永光,60,40,20,華南永昌-板橋,2024-08-30,9349
2891,中信金,20,2,18,華南永昌-板橋,2024-08-30,9349
6770,力積電,21,4,17,華南永昌-板橋,2024-08-30,9349
2313,華通,63,46,17,華南永昌-板橋,2024-08-30,9349
00753L,中信中國50正2,108,92,16,華南永昌-板橋,2024-08-30,9349
2537,聯上發,23,7,16,華南永昌-板橋,2024-08-30,9349
3265,台星科,16,0,16,華南永昌-板橋,2024-08-30,9349
4510,高鋒,24,8,16,華南永昌-板橋,2024-08-30,9349
3167,大量,16,1,15,華南永昌-板橋,2024-08-30,9349
00919,群益台灣精選高息,26,12,14,華南永昌-板橋,2024-08-30,9349
4768,晶呈科技,27,13,14,華南永昌-板橋,2024-08-30,9349
00933B,國泰10Y+金融債,14,0,14,華南永昌-板橋,2024-08-30,9349
3663,鑫科,14,1,13,華南永昌-板橋,2024-08-30,9349
4566,時碩工業,39,28,11,華南永昌-板橋,2024-08-30,9349
00918,大華優利高填息30,10,0,10,華南永昌-板橋,2024-08-30,9349
2382,廣達,11,1,10,華南永昌-板橋,2024-08-30,9349
3303,岱稜,12,2,10,華南永昌-板橋,2024-08-30,9349
6239,力成,10,0,10,華南永昌-板橋,2024-08-30,9349
8064,東捷,18,8,10,華南永昌-板橋,2024-08-30,9349
9955,佳龍,18,8,10,華南永昌-板橋,2024-08-30,9349
2426,鼎元,30,21,9,華南永昌-板橋,2024-08-30,9349
3019,亞光,17,8,9,華南永昌-板橋,2024-08-30,9349
3615,安可,18,9,9,華南永昌-板橋,2024-08-30,9349
5371,中光電,10,1,9,華南永昌-板橋,2024-08-30,9349
00929,復華台灣科技優息,33,25,8,華南永昌-板橋,2024-08-30,9349
2340,台亞,8,0,8,華南永昌-板橋,2024-08-30,9349
2425,承啟,13,5,8,華南永昌-板橋,2024-08-30,9349
2455,全新,8,0,8,華南永昌-板橋,2024-08-30,9349
6753,龍德造船,10,2,8,華南永昌-板橋,2024-08-30,9349
00878,國泰永續高股息,10,3,7,華南永昌-板橋,2024-08-30,9349
2356,英業達,8,1,7,華南永昌-板橋,2024-08-30,9349
3015,全漢,10,3,7,華南永昌-板橋,2024-08-30,9349
3189,景碩,22,15,7,華南永昌-板橋,2024-08-30,9349
3437,榮創,12,5,7,華南永昌-板橋,2024-08-30,9349
3147,大綜,9,2,7,華南永昌-板橋,2024-08-30,9349
00687B,國泰20年美債,145,2,143,華南永昌-板橋,2024-09-02,9349
00680L,元大美債20正2,87,0,87,華南永昌-板橋,2024-09-02,9349
2497,怡利電,84,16,68,華南永昌-板橋,2024-09-02,9349
00940,元大台灣價值高息,58,0,58,華南永昌-板橋,2024-09-02,9349
00919,群益台灣精選高息,41,0,41,華南永昌-板橋,2024-09-02,9349
00882,中信中國高股息,37,0,37,華南永昌-板橋,2024-09-02,9349
00642U,期元大S＆P石油,31,0,31,華南永昌-板橋,2024-09-02,9349
9904,寶成,31,0,31,華南永昌-板橋,2024-09-02,9349
00945B,凱基美國非投等債,30,0,30,華南永昌-板橋,2024-09-02,9349
3689,湧德,40,10,30,華南永昌-板橋,2024-09-02,9349
4716,大立,30,0,30,華南永昌-板橋,2024-09-02,9349
2609,陽明,40,13,27,華南永昌-板橋,2024-09-02,9349
4566,時碩工業,244,217,27,華南永昌-板橋,2024-09-02,9349
8111,立��,25,0,25,華南永昌-板橋,2024-09-02,9349
3043,科風,23,0,23,華南永昌-板橋,2024-09-02,9349
00929,復華台灣科技優息,30,10,20,華南永昌-板橋,2024-09-02,9349
00637L,元大滬深300正2,20,0,20,華南永昌-板橋,2024-09-02,9349
5519,隆大,20,0,20,華南永昌-板橋,2024-09-02,9349
6609,瀧澤科,18,0,18,華南永昌-板橋,2024-09-02,9349
00713,元大台灣高息低波,17,0,17,華南永昌-板橋,2024-09-02,9349
3010,華立,16,0,16,華南永昌-板橋,2024-09-02,9349
00937B,群益ESG投等債20,17,1,16,華南永昌-板橋,2024-09-02,9349
2409,友達,15,0,15,華南永昌-板橋,2024-09-02,9349
00679B,元大美債20年,25,11,14,華南永昌-板橋,2024-09-02,9349
2337,旺宏,23,10,13,華南永昌-板橋,2024-09-02,9349
3444,利機,13,0,13,華南永昌-板橋,2024-09-02,9349
5443,均豪,24,11,13,華南永昌-板橋,2024-09-02,9349
6208,日揚,12,0,12,華南永昌-板橋,2024-09-02,9349
2313,華通,78,66,12,華南永昌-板橋,2024-09-02,9349
00655L,國泰中國A50正2,10,0,10,華南永昌-板橋,2024-09-02,9349
2002,中鋼,10,0,10,華南永昌-板橋,2024-09-02,9349
2349,錸德,25,15,10,華南永昌-板橋,2024-09-02,9349
2605,新興,10,0,10,華南永昌-板橋,2024-09-02,9349
3363,上詮,11,1,10,華南永昌-板橋,2024-09-02,9349
4714,永捷,9,0,9,華南永昌-板橋,2024-09-02,9349
8105,凌巨,12,3,9,華南永昌-板橋,2024-09-02,9349
2317,鴻海,18,9,9,華南永昌-板橋,2024-09-02,9349
00881,國泰台灣5G+,8,0,8,華南永昌-板橋,2024-09-02,9349
2615,萬海,9,1,8,華南永昌-板橋,2024-09-02,9349
4979,華星光,9,1,8,華南永昌-板橋,2024-09-02,9349
2486,一詮,24,16,8,華南永昌-板橋,2024-09-02,9349
1808,潤隆,8,1,7,華南永昌-板橋,2024-09-02,9349
3017,奇鋐,13,6,7,華南永昌-板橋,2024-09-02,9349
1316,上曜,15,8,7,華南永昌-板橋,2024-09-02,9349
2371,大同,8,1,7,華南永昌-板橋,2024-09-02,9349
6274,台燿,34,27,7,華南永昌-板橋,2024-09-02,9349
6405,悅城,7,0,7,華南永昌-板橋,2024-09-02,9349
6505,台塑化,7,0,7,華南永昌-板橋,2024-09-02,9349
6550,北極星藥業-KY,7,0,7,華南永昌-板橋,2024-09-02,9349
2603,長榮,8,2,6,華南永昌-板橋,2024-09-02,9349
00942B,台新美A公司債20+,120,0,120,華南永昌-板橋,2024-09-03,9349
2515,中工,69,0,69,華南永昌-板橋,2024-09-03,9349
00632R,元大台灣50反1,105,38,67,華南永昌-板橋,2024-09-03,9349
2609,陽明,65,2,63,華南永昌-板橋,2024-09-03,9349
4908,前鼎,61,3,58,華南永昌-板橋,2024-09-03,9349
00919,群益台灣精選高息,75,26,49,華南永昌-板橋,2024-09-03,9349
2402,毅嘉,47,0,47,華南永昌-板橋,2024-09-03,9349
1785,光洋科,77,31,46,華南永昌-板橋,2024-09-03,9349
00918,大華優利高填息30,43,0,43,華南永昌-板橋,2024-09-03,9349
2881,富邦金,42,1,41,華南永昌-板橋,2024-09-03,9349
00929,復華台灣科技優息,37,0,37,華南永昌-板橋,2024-09-03,9349
5443,均豪,68,32,36,華南永昌-板橋,2024-09-03,9349
00680L,元大美債20正2,30,0,30,華南永昌-板橋,2024-09-03,9349
2884,玉山金,30,0,30,華南永昌-板橋,2024-09-03,9349
6213,聯茂,70,40,30,華南永昌-板橋,2024-09-03,9349
2520,冠德,29,0,29,華南永昌-板橋,2024-09-03,9349
2888,新光金,72,46,26,華南永昌-板橋,2024-09-03,9349
2316,楠梓電,51,27,24,華南永昌-板橋,2024-09-03,9349
0056,元大高股息,28,4,24,華南永昌-板橋,2024-09-03,9349
3450,聯鈞,23,4,19,華南永昌-板橋,2024-09-03,9349
6492,生華科,17,1,16,華南永昌-板橋,2024-09-03,9349
00687B,國泰20年美債,21,6,15,華南永昌-板橋,2024-09-03,9349
2887,台新金,15,0,15,華南永昌-板橋,2024-09-03,9349
2610,華航,21,7,14,華南永昌-板橋,2024-09-03,9349
6180,橘子,14,0,14,華南永昌-板橋,2024-09-03,9349
3105,穩懋,14,0,14,華南永昌-板橋,2024-09-03,9349
00679B,元大美債20年,16,3,13,華南永昌-板橋,2024-09-03,9349
00882,中信中國高股息,13,0,13,華南永昌-板橋,2024-09-03,9349
2323,中環,13,0,13,華南永昌-板橋,2024-09-03,9349
2449,京元電子,13,1,12,華南永昌-板橋,2024-09-03,9349
4906,正文,15,3,12,華南永昌-板橋,2024-09-03,9349
4958,臻鼎-KY,12,0,12,華南永昌-板橋,2024-09-03,9349
1314,中石化,11,1,10,華南永昌-板橋,2024-09-03,9349
2486,一詮,68,58,10,華南永昌-板橋,2024-09-03,9349
2208,台船,10,0,10,華南永昌-板橋,2024-09-03,9349
5512,力麒,10,0,10,華南永昌-板橋,2024-09-03,9349
6438,迅得,10,0,10,華南永昌-板橋,2024-09-03,9349
8111,立��,10,0,10,華南永昌-板橋,2024-09-03,9349
8446,華研,10,0,10,華南永昌-板橋,2024-09-03,9349
2392,正崴,9,0,9,華南永昌-板橋,2024-09-03,9349
3058,立德,10,1,9,華南永昌-板橋,2024-09-03,9349
3374,精材,11,2,9,華南永昌-板橋,2024-09-03,9349
5328,華容,10,1,9,華南永昌-板橋,2024-09-03,9349
2356,英業達,13,5,8,華南永昌-板橋,2024-09-03,9349
2615,萬海,13,5,8,華南永昌-板橋,2024-09-03,9349
4979,華星光,9,1,8,華南永昌-板橋,2024-09-03,9349
6158,禾昌,7,0,7,華南永昌-板橋,2024-09-03,9349
1513,中興電,6,0,6,華南永昌-板橋,2024-09-03,9349
1316,上曜,8,2,6,華南永昌-板橋,2024-09-03,9349
1815,富喬,6,0,6,華南永昌-板橋,2024-09-03,9349
00940,元大台灣價值高息,428,1,427,華南永昌-板橋,2024-09-04,9349
3290,東浦,151,30,121,華南永昌-板橋,2024-09-04,9349
2610,華航,102,0,102,華南永昌-板橋,2024-09-04,9349
00929,復華台灣科技優息,218,123,95,華南永昌-板橋,2024-09-04,9349
2891,中信金,97,2,95,華南永昌-板橋,2024-09-04,9349
00919,群益台灣精選高息,99,10,89,華南永昌-板橋,2024-09-04,9349
6125,廣運,82,3,79,華南永昌-板橋,2024-09-04,9349
2412,中華電,78,1,77,華南永昌-板橋,2024-09-04,9349
2344,華邦電,75,4,71,華南永昌-板橋,2024-09-04,9349
2330,台積電,84,15,69,華南永昌-板橋,2024-09-04,9349
3481,群創,56,1,55,華南永昌-板橋,2024-09-04,9349
2332,友訊,60,6,54,華南永昌-板橋,2024-09-04,9349
2382,廣達,55,1,54,華南永昌-板橋,2024-09-04,9349
4960,誠美材,44,0,44,華南永昌-板橋,2024-09-04,9349
2371,大同,71,31,40,華南永昌-板橋,2024-09-04,9349
0056,元大高股息,38,0,38,華南永昌-板橋,2024-09-04,9349
2101,南港,71,36,35,華南永昌-板橋,2024-09-04,9349
00712,復華富時不動產,34,0,34,華南永昌-板橋,2024-09-04,9349
2609,陽明,51,18,33,華南永昌-板橋,2024-09-04,9349
00830,國泰費城半導體,33,0,33,華南永昌-板橋,2024-09-04,9349
2867,三商壽,32,0,32,華南永昌-板橋,2024-09-04,9349
4768,晶呈科技,66,40,26,華南永昌-板橋,2024-09-04,9349
00945B,凱基美國非投等債,26,0,26,華南永昌-板橋,2024-09-04,9349
6180,橘子,26,1,25,華南永昌-板橋,2024-09-04,9349
2881,富邦金,34,10,24,華南永昌-板橋,2024-09-04,9349
00918,大華優利高填息30,23,0,23,華南永昌-板橋,2024-09-04,9349
3019,亞光,29,6,23,華南永昌-板橋,2024-09-04,9349
2801,彰銀,22,0,22,華南永昌-板橋,2024-09-04,9349
00946,群益科技高息成長,22,0,22,華南永昌-板橋,2024-09-04,9349
2317,鴻海,56,35,21,華南永昌-板橋,2024-09-04,9349
2367,燿華,19,0,19,華南永昌-板橋,2024-09-04,9349
2027,大成鋼,17,0,17,華南永昌-板橋,2024-09-04,9349
8182,加高,17,0,17,華南永昌-板橋,2024-09-04,9349
00675L,富邦臺灣加權正2,15,0,15,華南永昌-板橋,2024-09-04,9349
1609,大亞,15,0,15,華南永昌-板橋,2024-09-04,9349
2913,農林,15,0,15,華南永昌-板橋,2024-09-04,9349
4935,茂林-KY,15,0,15,華南永昌-板橋,2024-09-04,9349
2603,長榮,16,2,14,華南永昌-板橋,2024-09-04,9349
1303,南亞,14,0,14,華南永昌-板橋,2024-09-04,9349
2356,英業達,17,3,14,華南永昌-板橋,2024-09-04,9349
2451,創見,14,0,14,華南永昌-板橋,2024-09-04,9349
2543,皇昌,14,0,14,華南永昌-板橋,2024-09-04,9349
6770,力積電,16,2,14,華南永昌-板橋,2024-09-04,9349
8374,羅昇,39,25,14,華南永昌-板橋,2024-09-04,9349
2409,友達,14,0,14,華南永昌-板橋,2024-09-04,9349
00715L,期街口布蘭特正2,13,0,13,華南永昌-板橋,2024-09-04,9349
3374,精材,16,3,13,華南永昌-板橋,2024-09-04,9349
4967,十銓,13,0,13,華南永昌-板橋,2024-09-04,9349
2615,萬海,15,3,12,華南永昌-板橋,2024-09-04,9349
00788B,元大10年IG電能債,12,0,12,華南永昌-板橋,2024-09-04,9349
00632R,元大台灣50反1,4001,28,3973,華南永昌-板橋,2024-09-05,9349
00919,群益台灣精選高息,92,10,82,華南永昌-板橋,2024-09-05,9349
3290,東浦,61,0,61,華南永昌-板橋,2024-09-05,9349
3581,博磊,54,1,53,華南永昌-板橋,2024-09-05,9349
2317,鴻海,95,43,52,華南永昌-板橋,2024-09-05,9349
6284,佳邦,50,0,50,華南永昌-板橋,2024-09-05,9349
00929,復華台灣科技優息,47,0,47,華南永昌-板橋,2024-09-05,9349
00680L,元大美債20正2,50,3,47,華南永昌-板橋,2024-09-05,9349
2409,友達,39,2,37,華南永昌-板橋,2024-09-05,9349
00878,國泰永續高股息,36,0,36,華南永昌-板橋,2024-09-05,9349
3374,精材,36,3,33,華南永昌-板橋,2024-09-05,9349
3481,群創,33,0,33,華南永昌-板橋,2024-09-05,9349
00642U,期元大S＆P石油,32,0,32,華南永昌-板橋,2024-09-05,9349
00905,FT臺灣Smart,32,0,32,華南永昌-板橋,2024-09-05,9349
2371,大同,32,1,31,華南永昌-板橋,2024-09-05,9349
9105,泰金寶-DR,29,0,29,華南永昌-板橋,2024-09-05,9349
2408,南亞科,27,1,26,華南永昌-板橋,2024-09-05,9349
4549,桓達,23,0,23,華南永昌-板橋,2024-09-05,9349
3037,欣興,23,1,22,華南永昌-板橋,2024-09-05,9349
1539,巨庭,42,24,18,華南永昌-板橋,2024-09-05,9349
00918,大華優利高填息30,17,0,17,華南永昌-板橋,2024-09-05,9349
00637L,元大滬深300正2,15,0,15,華南永昌-板橋,2024-09-05,9349
2362,藍天,16,1,15,華南永昌-板橋,2024-09-05,9349
6152,百一,15,0,15,華南永昌-板橋,2024-09-05,9349
8147,正淩,15,0,15,華南永昌-板橋,2024-09-05,9349
1513,中興電,15,2,13,華南永昌-板橋,2024-09-05,9349
00915,凱基優選高股息30,13,0,13,華南永昌-板橋,2024-09-05,9349
2331,精英,12,0,12,華南永昌-板橋,2024-09-05,9349
3580,友威科,12,0,12,華南永昌-板橋,2024-09-05,9349
2543,皇昌,11,0,11,華南永昌-板橋,2024-09-05,9349
00713,元大台灣高息低波,12,1,11,華南永昌-板橋,2024-09-05,9349
00932,兆豐永續高息等權,11,0,11,華南永昌-板橋,2024-09-05,9349
3019,亞光,34,23,11,華南永昌-板橋,2024-09-05,9349
3444,利機,11,0,11,華南永昌-板橋,2024-09-05,9349
2801,彰銀,10,0,10,華南永昌-板橋,2024-09-05,9349
1597,直得,11,1,10,華南永昌-板橋,2024-09-05,9349
2313,華通,11,1,10,華南永昌-板橋,2024-09-05,9349
2610,華航,15,5,10,華南永昌-板橋,2024-09-05,9349
3504,揚明光,10,0,10,華南永昌-板橋,2024-09-05,9349
6153,嘉聯益,10,0,10,華南永昌-板橋,2024-09-05,9349
1609,大亞,19,10,9,華南永昌-板橋,2024-09-05,9349
0056,元大高股息,9,0,9,華南永昌-板橋,2024-09-05,9349
2344,華邦電,10,1,9,華南永昌-板橋,2024-09-05,9349
2356,英業達,9,0,9,華南永昌-板橋,2024-09-05,9349
3017,奇鋐,14,6,8,華南永昌-板橋,2024-09-05,9349
4935,茂林-KY,8,0,8,華南永昌-板橋,2024-09-05,9349
2855,統一證,14,6,8,華南永昌-板橋,2024-09-05,9349
0050,元大台灣50,8,0,8,華南永昌-板橋,2024-09-05,9349
00715L,期街口布蘭特正2,7,0,7,華南永昌-板橋,2024-09-05,9349
2027,大成鋼,9,2,7,華南永昌-板橋,2024-09-05,9349
00632R,元大台灣50反1,2422,0,2422,華南永昌-板橋,2024-09-06,9349
2888,新光金,1471,1123,348,華南永昌-板橋,2024-09-06,9349
00679B,元大美債20年,169,8,161,華南永昌-板橋,2024-09-06,9349
00687B,國泰20年美債,136,2,134,華南永昌-板橋,2024-09-06,9349
00951,台新日本半導體,101,0,101,華南永昌-板橋,2024-09-06,9349
2883,凱基金,80,3,77,華南永昌-板橋,2024-09-06,9349
00696B,富邦美債20年,60,1,59,華南永昌-板橋,2024-09-06,9349
2101,南港,52,0,52,華南永昌-板橋,2024-09-06,9349
00857B,永豐20年美公債,40,0,40,華南永昌-板橋,2024-09-06,9349
2881,富邦金,38,4,34,華南永昌-板橋,2024-09-06,9349
00929,復華台灣科技優息,51,21,30,華南永昌-板橋,2024-09-06,9349
9105,泰金寶-DR,30,0,30,華南永昌-板橋,2024-09-06,9349
00779B,凱基美債25+,30,0,30,華南永昌-板橋,2024-09-06,9349
00918,大華優利高填息30,31,6,25,華南永昌-板橋,2024-09-06,9349
00642U,期元大S＆P石油,25,0,25,華南永昌-板橋,2024-09-06,9349
6743,安普新,24,0,24,華南永昌-板橋,2024-09-06,9349
00741B,富邦全球非投等債,23,0,23,華南永昌-板橋,2024-09-06,9349
3019,亞光,45,23,22,華南永昌-板橋,2024-09-06,9349
6757,台灣虎航,21,0,21,華南永昌-板橋,2024-09-06,9349
3689,湧德,20,0,20,華南永昌-板橋,2024-09-06,9349
6151,晉倫,18,0,18,華南永昌-板橋,2024-09-06,9349
6152,百一,18,0,18,華南永昌-板橋,2024-09-06,9349
1314,中石化,13,0,13,華南永昌-板橋,2024-09-06,9349
00688L,國泰20年美債正2,16,4,12,華南永昌-板橋,2024-09-06,9349
00715L,期街口布蘭特正2,12,0,12,華南永昌-板橋,2024-09-06,9349
00945B,凱基美國非投等債,12,0,12,華南永昌-板橋,2024-09-06,9349
2349,錸德,23,11,12,華南永昌-板橋,2024-09-06,9349
00937B,群益ESG投等債20,14,2,12,華南永昌-板橋,2024-09-06,9349
3455,由田,14,3,11,華南永昌-板橋,2024-09-06,9349
6492,生華科,11,0,11,華南永昌-板橋,2024-09-06,9349
8028,昇陽半導體,17,6,11,華南永昌-板橋,2024-09-06,9349
00720B,元大投資級公司債,10,0,10,華南永昌-板橋,2024-09-06,9349
1540,喬福,90,80,10,華南永昌-板橋,2024-09-06,9349
2323,中環,10,0,10,華南永昌-板橋,2024-09-06,9349
3058,立德,10,0,10,華南永昌-板橋,2024-09-06,9349
4967,十銓,10,0,10,華南永昌-板橋,2024-09-06,9349
1609,大亞,15,6,9,華南永昌-板橋,2024-09-06,9349
1815,富喬,15,6,9,華南永昌-板橋,2024-09-06,9349
2371,大同,15,6,9,華南永昌-板橋,2024-09-06,9349
2312,金寶,13,5,8,華南永昌-板橋,2024-09-06,9349
2501,國建,8,0,8,華南永昌-板橋,2024-09-06,9349
2023,燁輝,7,0,7,華南永昌-板橋,2024-09-06,9349
1711,永光,13,7,6,華南永昌-板橋,2024-09-06,9349
2408,南亞科,9,3,6,華南永昌-板橋,2024-09-06,9349
2451,創見,6,0,6,華南永昌-板橋,2024-09-06,9349
2467,志聖,9,3,6,華南永昌-板橋,2024-09-06,9349
2610,華航,6,0,6,華南永昌-板橋,2024-09-06,9349
4513,福裕,7,1,6,華南永昌-板橋,2024-09-06,9349
8039,台虹,6,0,6,華南永昌-板橋,2024-09-06,9349
8374,羅昇,11,5,6,華南永昌-板橋,2024-09-06,9349
2888,新光金,701,612,89,華南永昌-板橋,2024-09-09,9349
00650L,復華香港正2,71,0,71,華南永昌-板橋,2024-09-09,9349
00878,國泰永續高股息,72,6,66,華南永昌-板橋,2024-09-09,9349
2520,冠德,48,0,48,華南永昌-板橋,2024-09-09,9349
00929,復華台灣科技優息,53,6,47,華南永昌-板橋,2024-09-09,9349
00919,群益台灣精選高息,40,0,40,華南永昌-板橋,2024-09-09,9349
3663,鑫科,72,35,37,華南永昌-板橋,2024-09-09,9349
3363,上詮,41,5,36,華南永昌-板橋,2024-09-09,9349
3312,弘憶股,31,0,31,華南永昌-板橋,2024-09-09,9349
00940,元大台灣價值高息,33,3,30,華南永昌-板橋,2024-09-09,9349
3290,東浦,31,1,30,華南永昌-板橋,2024-09-09,9349
2501,國建,48,20,28,華南永昌-板橋,2024-09-09,9349
2317,鴻海,29,3,26,華南永昌-板橋,2024-09-09,9349
2881,富邦金,26,0,26,華南永昌-板橋,2024-09-09,9349
2615,萬海,28,7,21,華南永昌-板橋,2024-09-09,9349
2408,南亞科,22,2,20,華南永昌-板橋,2024-09-09,9349
3548,兆利,26,7,19,華南永昌-板橋,2024-09-09,9349
2330,台積電,19,0,19,華南永昌-板橋,2024-09-09,9349
2609,陽明,17,0,17,華南永昌-板橋,2024-09-09,9349
5438,東友,17,0,17,華南永昌-板橋,2024-09-09,9349
2312,金寶,52,37,15,華南永昌-板橋,2024-09-09,9349
3037,欣興,13,0,13,華南永昌-板橋,2024-09-09,9349
2891,中信金,14,1,13,華南永昌-板橋,2024-09-09,9349
4768,晶呈科技,47,34,13,華南永昌-板橋,2024-09-09,9349
5443,均豪,39,26,13,華南永昌-板橋,2024-09-09,9349
6492,生華科,13,0,13,華南永昌-板橋,2024-09-09,9349
00922,國泰台灣領袖50,12,0,12,華南永昌-板橋,2024-09-09,9349
3481,群創,13,1,12,華南永昌-板橋,2024-09-09,9349
00915,凱基優選高股息30,12,1,11,華南永昌-板橋,2024-09-09,9349
00715L,期街口布蘭特正2,11,0,11,華南永昌-板橋,2024-09-09,9349
9945,潤泰新,11,0,11,華南永昌-板橋,2024-09-09,9349
00935,野村臺灣新科技50,11,0,11,華南永昌-板橋,2024-09-09,9349
00952,凱基台灣AI50,10,0,10,華南永昌-板橋,2024-09-09,9349
9105,泰金寶-DR,11,1,10,華南永昌-板橋,2024-09-09,9349
00882,中信中國高股息,10,0,10,華南永昌-板橋,2024-09-09,9349
00893,國泰智能電動車,10,0,10,華南永昌-板橋,2024-09-09,9349
2535,達欣工,10,0,10,華南永昌-板橋,2024-09-09,9349
6173,信昌電,10,0,10,華南永昌-板橋,2024-09-09,9349
6284,佳邦,10,0,10,華南永昌-板橋,2024-09-09,9349
0050,元大台灣50,10,0,10,華南永昌-板橋,2024-09-09,9349
1608,華榮,9,0,9,華南永昌-板橋,2024-09-09,9349
2002,中鋼,12,3,9,華南永昌-板橋,2024-09-09,9349
2464,盟立,14,5,9,華南永昌-板橋,2024-09-09,9349
5309,系統電,10,1,9,華南永昌-板橋,2024-09-09,9349
6609,瀧澤科,10,1,9,華南永昌-板橋,2024-09-09,9349
2382,廣達,10,2,8,華南永昌-板橋,2024-09-09,9349
6153,嘉聯益,10,1,9,華南永昌-板橋,2024-09-09,9349
00830,國泰費城半導體,9,0,9,華南永昌-板橋,2024-09-09,9349
00779B,凱基美債25+,8,0,8,華南永昌-板橋,2024-09-09,9349
3597,映興,8,0,8,華南永昌-板橋,2024-09-09,9349
00632R,元大台灣50反1,7600,55,7545,華南永昌-板橋,2024-09-10,9349
2312,金寶,206,15,191,華南永昌-板橋,2024-09-10,9349
3481,群創,116,0,116,華南永昌-板橋,2024-09-10,9349
2489,瑞軒,116,5,111,華南永昌-板橋,2024-09-10,9349
2888,新光金,775,671,104,華南永昌-板橋,2024-09-10,9349
3047,訊舟,76,7,69,華南永昌-板橋,2024-09-10,9349
00929,復華台灣科技優息,62,4,58,華南永昌-板橋,2024-09-10,9349
2609,陽明,65,15,50,華南永昌-板橋,2024-09-10,9349
00919,群益台灣精選高息,50,4,46,華南永昌-板橋,2024-09-10,9349
4960,誠美材,46,0,46,華南永昌-板橋,2024-09-10,9349
2501,國建,39,0,39,華南永昌-板橋,2024-09-10,9349
2520,冠德,37,0,37,華南永昌-板橋,2024-09-10,9349
2356,英業達,30,2,28,華南永昌-板橋,2024-09-10,9349
2382,廣達,30,4,26,華南永昌-板橋,2024-09-10,9349
3189,景碩,27,2,25,華南永昌-板橋,2024-09-10,9349
00940,元大台灣價值高息,29,5,24,華南永昌-板橋,2024-09-10,9349
2023,燁輝,21,0,21,華南永昌-板橋,2024-09-10,9349
00918,大華優利高填息30,27,10,17,華南永昌-板橋,2024-09-10,9349
00915,凱基優選高股息30,17,0,17,華南永昌-板橋,2024-09-10,9349
2313,華通,26,10,16,華南永昌-板橋,2024-09-10,9349
2368,金像電,20,5,15,華南永昌-板橋,2024-09-10,9349
2613,中櫃,15,0,15,華南永昌-板橋,2024-09-10,9349
3003,健和興,23,8,15,華南永昌-板橋,2024-09-10,9349
1785,光洋科,14,0,14,華南永昌-板橋,2024-09-10,9349
6215,和椿,16,2,14,華南永昌-板橋,2024-09-10,9349
2317,鴻海,36,23,13,華南永昌-板橋,2024-09-10,9349
4967,十銓,12,0,12,華南永昌-板橋,2024-09-10,9349
6770,力積電,17,5,12,華南永昌-板橋,2024-09-10,9349
8996,高力,16,4,12,華南永昌-板橋,2024-09-10,9349
5460,同協,39,29,10,華南永昌-板橋,2024-09-10,9349
00959B,大華投等美債15Y+,10,0,10,華南永昌-板橋,2024-09-10,9349
1217,愛之味,10,0,10,華南永昌-板橋,2024-09-10,9349
2331,精英,14,4,10,華南永昌-板橋,2024-09-10,9349
2509,全坤建,10,0,10,華南永昌-板橋,2024-09-10,9349
3419,譁裕,10,0,10,華南永昌-板橋,2024-09-10,9349
8039,台虹,10,0,10,華南永昌-板橋,2024-09-10,9349
00952,凱基台灣AI50,9,0,9,華南永昌-板橋,2024-09-10,9349
2540,愛山林,10,1,9,華南永昌-板橋,2024-09-10,9349
00878,國泰永續高股息,21,12,9,華南永昌-板橋,2024-09-10,9349
00712,復華富時不動產,11,3,8,華南永昌-板橋,2024-09-10,9349
2241,艾姆勒,11,3,8,華南永昌-板橋,2024-09-10,9349
2362,藍天,21,13,8,華南永昌-板橋,2024-09-10,9349
2417,圓剛,8,0,8,華南永昌-板橋,2024-09-10,9349
1609,大亞,25,17,8,華南永昌-板橋,2024-09-10,9349
2426,鼎元,16,9,7,華南永昌-板橋,2024-09-10,9349
3715,定穎投控,13,6,7,華南永昌-板橋,2024-09-10,9349
2543,皇昌,6,0,6,華南永昌-板橋,2024-09-10,9349
2409,友達,6,0,6,華南永昌-板橋,2024-09-10,9349
00934,中信成長高股息,6,0,6,華南永昌-板橋,2024-09-10,9349
3645,達邁,7,1,6,華南永昌-板橋,2024-09-10,9349
2489,瑞軒,140,6,134,華南永昌-板橋,2024-09-11,9349
6509,聚和,70,0,70,華南永昌-板橋,2024-09-11,9349
2891,中信金,70,2,68,華南永昌-板橋,2024-09-11,9349
00878,國泰永續高股息,63,1,62,華南永昌-板橋,2024-09-11,9349
00929,復華台灣科技優息,63,9,54,華南永昌-板橋,2024-09-11,9349
2520,冠德,52,1,51,華南永昌-板橋,2024-09-11,9349
00632R,元大台灣50反1,51,5,46,華南永昌-板橋,2024-09-11,9349
4768,晶呈科技,81,36,45,華南永昌-板橋,2024-09-11,9349
2887,台新金,54,12,42,華南永昌-板橋,2024-09-11,9349
2312,金寶,38,0,38,華南永昌-板橋,2024-09-11,9349
2344,華邦電,36,0,36,華南永昌-板橋,2024-09-11,9349
9105,泰金寶-DR,36,0,36,華南永昌-板橋,2024-09-11,9349
00650L,復華香港正2,35,0,35,華南永昌-板橋,2024-09-11,9349
00642U,期元大S＆P石油,21,0,21,華南永昌-板橋,2024-09-11,9349
2613,中櫃,20,0,20,華南永昌-板橋,2024-09-11,9349
2883,凱基金,20,0,20,華南永昌-板橋,2024-09-11,9349
4979,華星光,35,15,20,華南永昌-板橋,2024-09-11,9349
6152,百一,32,12,20,華南永昌-板橋,2024-09-11,9349
0056,元大高股息,24,5,19,華南永昌-板橋,2024-09-11,9349
2405,輔信,18,0,18,華南永昌-板橋,2024-09-11,9349
1522,堤維西,33,16,17,華南永昌-板橋,2024-09-11,9349
6505,台塑化,16,0,16,華南永昌-板橋,2024-09-11,9349
00919,群益台灣精選高息,15,0,15,華南永昌-板橋,2024-09-11,9349
6239,力成,15,0,15,華南永昌-板橋,2024-09-11,9349
3047,訊舟,17,3,14,華南永昌-板橋,2024-09-11,9349
00934,中信成長高股息,13,0,13,華南永昌-板橋,2024-09-11,9349
2362,藍天,45,32,13,華南永昌-板橋,2024-09-11,9349
6743,安普新,13,0,13,華南永昌-板橋,2024-09-11,9349
6550,北極星藥業-KY,12,0,12,華南永昌-板橋,2024-09-11,9349
00945B,凱基美國非投等債,11,0,11,華南永昌-板橋,2024-09-11,9349
00948B,中信優息投資級債,10,0,10,華南永昌-板橋,2024-09-11,9349
00637L,元大滬深300正2,10,0,10,華南永昌-板橋,2024-09-11,9349
00687B,國泰20年美債,11,1,10,華南永昌-板橋,2024-09-11,9349
00918,大華優利高填息30,10,0,10,華南永昌-板橋,2024-09-11,9349
1308,亞聚,10,0,10,華南永昌-板橋,2024-09-11,9349
2605,新興,10,0,10,華南永昌-板橋,2024-09-11,9349
3354,律勝,10,0,10,華南永昌-板橋,2024-09-11,9349
3711,日月光投控,11,1,10,華南永昌-板橋,2024-09-11,9349
6176,瑞儀,10,0,10,華南永昌-板橋,2024-09-11,9349
6742,澤米,10,0,10,華南永昌-板橋,2024-09-11,9349
00830,國泰費城半導體,10,0,10,華南永昌-板橋,2024-09-11,9349
00915,凱基優選高股息30,10,0,10,華南永昌-板橋,2024-09-11,9349
1540,喬福,139,130,9,華南永昌-板橋,2024-09-11,9349
2070,精湛,14,5,9,華南永昌-板橋,2024-09-11,9349
6442,光聖,10,1,9,華南永昌-板橋,2024-09-11,9349
00940,元大台灣價值高息,8,0,8,華南永昌-板橋,2024-09-11,9349
00900,富邦特選高股息30,8,0,8,華南永昌-板橋,2024-09-11,9349
1815,富喬,30,22,8,華南永昌-板橋,2024-09-11,9349
4426,利勤,8,0,8,華南永昌-板橋,2024-09-11,9349
1326,台化,7,0,7,華南永昌-板橋,2024-09-11,9349
00632R,元大台灣50反1,5209,65,5144,華南永昌-板橋,2024-09-12,9349
2888,新光金,857,591,266,華南永昌-板橋,2024-09-12,9349
6152,百一,90,4,86,華南永昌-板橋,2024-09-12,9349
2891,中信金,75,1,74,華南永昌-板橋,2024-09-12,9349
00715L,期街口布蘭特正2,70,5,65,華南永昌-板橋,2024-09-12,9349
6111,大宇資,52,1,51,華南永昌-板橋,2024-09-12,9349
00696B,富邦美債20年,50,0,50,華南永昌-板橋,2024-09-12,9349
2881,富邦金,51,3,48,華南永昌-板橋,2024-09-12,9349
2882,國泰金,30,1,29,華南永昌-板橋,2024-09-12,9349
3580,友威科,28,1,27,華南永昌-板橋,2024-09-12,9349
9105,泰金寶-DR,26,0,26,華南永昌-板橋,2024-09-12,9349
2543,皇昌,22,0,22,華南永昌-板橋,2024-09-12,9349
3013,晟銘電,33,11,22,華南永昌-板橋,2024-09-12,9349
2540,愛山林,34,12,22,華南永昌-板橋,2024-09-12,9349
00637L,元大滬深300正2,20,0,20,華南永昌-板橋,2024-09-12,9349
00673R,期元大S＆P原油反1,20,0,20,華南永昌-板橋,2024-09-12,9349
4909,新復興,24,6,18,華南永昌-板橋,2024-09-12,9349
00937B,群益ESG投等債20,28,12,16,華南永昌-板橋,2024-09-12,9349
3227,原相,36,20,16,華南永昌-板橋,2024-09-12,9349
6158,禾昌,13,0,13,華南永昌-板橋,2024-09-12,9349
00919,群益台灣精選高息,12,0,12,華南永昌-板橋,2024-09-12,9349
00687B,國泰20年美債,15,4,11,華南永昌-板橋,2024-09-12,9349
4768,晶呈科技,15,4,11,華南永昌-板橋,2024-09-12,9349
2230,泰茂,10,0,10,華南永昌-板橋,2024-09-12,9349
2883,凱基金,50,40,10,華南永昌-板橋,2024-09-12,9349
3535,晶彩科,11,1,10,華南永昌-板橋,2024-09-12,9349
6207,雷科,10,0,10,華南永昌-板橋,2024-09-12,9349
6217,中探針,11,1,10,華南永昌-板橋,2024-09-12,9349
00929,復華台灣科技優息,25,15,10,華南永昌-板橋,2024-09-12,9349
6231,系微,14,6,8,華南永昌-板橋,2024-09-12,9349
2486,一詮,18,10,8,華南永昌-板橋,2024-09-12,9349
6530,創威,40,32,8,華南永昌-板橋,2024-09-12,9349
00915,凱基優選高股息30,8,1,7,華南永昌-板橋,2024-09-12,9349
2637,慧洋-KY,7,0,7,華南永昌-板橋,2024-09-12,9349
2455,全新,9,2,7,華南永昌-板橋,2024-09-12,9349
3047,訊舟,7,0,7,華南永昌-板橋,2024-09-12,9349
3413,京鼎,8,1,7,華南永昌-板橋,2024-09-12,9349
4716,大立,7,0,7,華南永昌-板橋,2024-09-12,9349
00688L,國泰20年美債正2,6,0,6,華南永昌-板橋,2024-09-12,9349
00713,元大台灣高息低波,6,0,6,華南永昌-板橋,2024-09-12,9349
2489,瑞軒,6,0,6,華南永昌-板橋,2024-09-12,9349
2534,宏盛,6,0,6,華南永昌-板橋,2024-09-12,9349
3290,東浦,34,28,6,華南永昌-板橋,2024-09-12,9349
3715,定穎投控,7,1,6,華南永昌-板橋,2024-09-12,9349
5608,四維航,6,0,6,華南永昌-板橋,2024-09-12,9349
6531,愛普*,5,0,5,華南永昌-板橋,2024-09-12,9349
1582,信錦,5,0,5,華南永昌-板橋,2024-09-12,9349
1711,永光,19,14,5,華南永昌-板橋,2024-09-12,9349
2066,世德,5,0,5,華南永昌-板橋,2024-09-12,9349
2351,順德,5,0,5,華南永昌-板橋,2024-09-12,9349
00632R,元大台灣50反1,206,0,206,華南永昌-板橋,2024-09-13,9349
1301,台塑,115,0,115,華南永昌-板橋,2024-09-13,9349
1303,南亞,105,1,104,華南永昌-板橋,2024-09-13,9349
2489,瑞軒,100,0,100,華南永昌-板橋,2024-09-13,9349
1326,台化,103,7,96,華南永昌-板橋,2024-09-13,9349
2883,凱基金,101,13,88,華南永昌-板橋,2024-09-13,9349
3481,群創,90,11,79,華南永昌-板橋,2024-09-13,9349
00680L,元大美債20正2,44,0,44,華南永昌-板橋,2024-09-13,9349
00915,凱基優選高股息30,37,0,37,華南永昌-板橋,2024-09-13,9349
4977,眾達-KY,69,35,34,華南永昌-板橋,2024-09-13,9349
00919,群益台灣精選高息,27,0,27,華南永昌-板橋,2024-09-13,9349
6152,百一,23,1,22,華南永昌-板橋,2024-09-13,9349
3543,州巧,21,0,21,華南永昌-板橋,2024-09-13,9349
6143,振曜,21,0,21,華南永昌-板橋,2024-09-13,9349
00946,群益科技高息成長,20,0,20,華南永昌-板橋,2024-09-13,9349
2385,群光,20,0,20,華南永昌-板橋,2024-09-13,9349
2332,友訊,20,0,20,華南永昌-板橋,2024-09-13,9349
00687B,國泰20年美債,19,0,19,華南永昌-板橋,2024-09-13,9349
006208,富邦台50,22,3,19,華南永昌-板橋,2024-09-13,9349
00918,大華優利高填息30,19,0,19,華南永昌-板橋,2024-09-13,9349
3455,由田,19,0,19,華南永昌-板橋,2024-09-13,9349
1540,喬福,31,14,17,華南永昌-板橋,2024-09-13,9349
00929,復華台灣科技優息,20,5,15,華南永昌-板橋,2024-09-13,9349
6492,生華科,15,0,15,華南永昌-板橋,2024-09-13,9349
5531,鄉林,12,0,12,華南永昌-板橋,2024-09-13,9349
2317,鴻海,37,25,12,華南永昌-板橋,2024-09-13,9349
2609,陽明,22,11,11,華南永昌-板橋,2024-09-13,9349
00637L,元大滬深300正2,10,0,10,華南永昌-板橋,2024-09-13,9349
2454,聯發科,12,2,10,華南永昌-板橋,2024-09-13,9349
00945B,凱基美國非投等債,10,0,10,華南永昌-板橋,2024-09-13,9349
2362,藍天,11,1,10,華南永昌-板橋,2024-09-13,9349
5347,世界,81,71,10,華南永昌-板橋,2024-09-13,9349
6176,瑞儀,10,0,10,華南永昌-板橋,2024-09-13,9349
6462,神盾,10,0,10,華南永昌-板橋,2024-09-13,9349
3673,TPK-KY,11,2,9,華南永昌-板橋,2024-09-13,9349
4510,高鋒,17,8,9,華南永昌-板橋,2024-09-13,9349
2438,翔耀,8,0,8,華南永昌-板橋,2024-09-13,9349
3047,訊舟,11,3,8,華南永昌-板橋,2024-09-13,9349
5230,雷笛克光學,8,0,8,華南永昌-板橋,2024-09-13,9349
8070,長華*,9,1,8,華南永昌-板橋,2024-09-13,9349
00679B,元大美債20年,8,0,8,華南永昌-板橋,2024-09-13,9349
3231,緯創,9,2,7,華南永昌-板橋,2024-09-13,9349
2497,怡利電,20,13,7,華南永昌-板橋,2024-09-13,9349
1210,大成,6,0,6,華南永昌-板橋,2024-09-13,9349
6505,台塑化,6,0,6,華南永昌-板橋,2024-09-13,9349
3163,波若威,8,2,6,華南永昌-板橋,2024-09-13,9349
1514,亞力,6,1,5,華南永昌-板橋,2024-09-13,9349
1307,三芳,7,2,5,華南永昌-板橋,2024-09-13,9349
00931B,統一美債20年,5,0,5,華南永昌-板橋,2024-09-13,9349
2313,華通,8,3,5,華南永昌-板橋,2024-09-13,9349
2349,錸德,871,39,832,華南永昌-板橋,2024-09-16,9349
3444,利機,157,82,75,華南永昌-板橋,2024-09-16,9349
5230,雷笛克光學,69,3,66,華南永昌-板橋,2024-09-16,9349
00945B,凱基美國非投等債,55,0,55,華南永昌-板橋,2024-09-16,9349
00918,大華優利高填息30,55,1,54,華南永昌-板橋,2024-09-16,9349
1540,喬福,69,21,48,華南永昌-板橋,2024-09-16,9349
2891,中信金,51,3,48,華南永昌-板橋,2024-09-16,9349
4979,華星光,47,2,45,華南永昌-板橋,2024-09-16,9349
00937B,群益ESG投等債20,37,0,37,華南永昌-板橋,2024-09-16,9349
00679B,元大美債20年,51,15,36,華南永昌-板橋,2024-09-16,9349
1303,南亞,27,1,26,華南永昌-板橋,2024-09-16,9349
2385,群光,22,0,22,華南永昌-板橋,2024-09-16,9349
3290,東浦,126,105,21,華南永昌-板橋,2024-09-16,9349
00830,國泰費城半導體,20,0,20,華南永昌-板橋,2024-09-16,9349
2312,金寶,20,0,20,華南永昌-板橋,2024-09-16,9349
3019,亞光,29,9,20,華南永昌-板橋,2024-09-16,9349
6706,惠特,37,17,20,華南永昌-板橋,2024-09-16,9349
3057,喬鼎,20,1,19,華南永昌-板橋,2024-09-16,9349
2438,翔耀,15,0,15,華南永昌-板橋,2024-09-16,9349
00687B,國泰20年美債,28,14,14,華南永昌-板橋,2024-09-16,9349
2201,裕隆,18,4,14,華南永昌-板橋,2024-09-16,9349
3360,尚立,19,7,12,華南永昌-板橋,2024-09-16,9349
2007,燁興,13,1,12,華南永昌-板橋,2024-09-16,9349
3047,訊舟,27,15,12,華南永昌-板橋,2024-09-16,9349
8039,台虹,12,0,12,華南永昌-板橋,2024-09-16,9349
2371,大同,15,3,12,華南永昌-板橋,2024-09-16,9349
6531,愛普*,11,1,10,華南永昌-板橋,2024-09-16,9349
1727,中華化,12,2,10,華南永昌-板橋,2024-09-16,9349
2615,萬海,13,3,10,華南永昌-板橋,2024-09-16,9349
3303,岱稜,15,5,10,華南永昌-板橋,2024-09-16,9349
5439,高技,10,0,10,華南永昌-板橋,2024-09-16,9349
2834,臺企銀,15,6,9,華南永昌-板橋,2024-09-16,9349
6830,汎銓,20,12,8,華南永昌-板橋,2024-09-16,9349
8096,擎亞,8,0,8,華南永昌-板橋,2024-09-16,9349
3548,兆利,8,0,8,華南永昌-板橋,2024-09-16,9349
9934,成霖,8,0,8,華南永昌-板橋,2024-09-16,9349
2379,瑞昱,7,0,7,華南永昌-板橋,2024-09-16,9349
00931B,統一美債20年,7,0,7,華南永昌-板橋,2024-09-16,9349
2477,美隆電,7,0,7,華南永昌-板橋,2024-09-16,9349
2610,華航,7,0,7,華南永昌-板橋,2024-09-16,9349
4958,臻鼎-KY,15,8,7,華南永昌-板橋,2024-09-16,9349
8110,華東,8,1,7,華南永昌-板橋,2024-09-16,9349
1301,台塑,11,5,6,華南永昌-板橋,2024-09-16,9349
3149,正達,7,1,6,華南永昌-板橋,2024-09-16,9349
6279,胡連,6,0,6,華南永昌-板橋,2024-09-16,9349
8374,羅昇,8,2,6,華南永昌-板橋,2024-09-16,9349
2062,橋椿,5,0,5,華南永昌-板橋,2024-09-16,9349
1522,堤維西,5,0,5,華南永昌-板橋,2024-09-16,9349
2354,鴻準,5,0,5,華南永昌-板橋,2024-09-16,9349
2801,彰銀,5,0,5,華南永昌-板橋,2024-09-16,9349
00919,群益台灣精選高息,91,1,90,華南永昌-板橋,2024-09-18,9349
00918,大華優利高填息30,68,1,67,華南永昌-板橋,2024-09-18,9349
00929,復華台灣科技優息,54,0,54,華南永昌-板橋,2024-09-18,9349
2317,鴻海,54,12,42,華南永昌-板橋,2024-09-18,9349
2313,華通,48,8,40,華南永昌-板橋,2024-09-18,9349
00687B,國泰20年美債,37,0,37,華南永昌-板橋,2024-09-18,9349
8096,擎亞,35,0,35,華南永昌-板橋,2024-09-18,9349
00915,凱基優選高股息30,32,0,32,華南永昌-板橋,2024-09-18,9349
00945B,凱基美國非投等債,31,0,31,華南永昌-板橋,2024-09-18,9349
3147,大綜,31,3,28,華南永昌-板橋,2024-09-18,9349
2426,鼎元,26,1,25,華南永昌-板橋,2024-09-18,9349
5230,雷笛克光學,26,3,23,華南永昌-板橋,2024-09-18,9349
2033,佳大,22,0,22,華南永昌-板橋,2024-09-18,9349
8027,鈦昇,97,76,21,華南永昌-板橋,2024-09-18,9349
1305,華夏,20,0,20,華南永昌-板橋,2024-09-18,9349
2611,志信,20,0,20,華南永昌-板橋,2024-09-18,9349
5439,高技,20,0,20,華南永昌-板橋,2024-09-18,9349
6285,啟��,20,0,20,華南永昌-板橋,2024-09-18,9349
6695,芯鼎,19,0,19,華南永昌-板橋,2024-09-18,9349
2362,藍天,25,7,18,華南永昌-板橋,2024-09-18,9349
2355,敬鵬,15,0,15,華南永昌-板橋,2024-09-18,9349
3062,建漢,54,39,15,華南永昌-板橋,2024-09-18,9349
2331,精英,14,0,14,華南永昌-板橋,2024-09-18,9349
00688L,國泰20年美債正2,14,0,14,華南永昌-板橋,2024-09-18,9349
00679B,元大美債20年,17,4,13,華南永昌-板橋,2024-09-18,9349
00940,元大台灣價值高息,12,0,12,華南永昌-板橋,2024-09-18,9349
3019,亞光,13,1,12,華南永昌-板橋,2024-09-18,9349
3444,利機,167,155,12,華南永昌-板橋,2024-09-18,9349
6609,瀧澤科,99,87,12,華南永昌-板橋,2024-09-18,9349
1795,美時,11,0,11,華南永昌-板橋,2024-09-18,9349
00751B,元大AAA至A公司債,10,0,10,華南永昌-板橋,2024-09-18,9349
1529,樂事綠能,10,0,10,華南永昌-板橋,2024-09-18,9349
1727,中華化,15,5,10,華南永昌-板橋,2024-09-18,9349
2344,華邦電,16,6,10,華南永昌-板橋,2024-09-18,9349
3260,威剛,10,0,10,華南永昌-板橋,2024-09-18,9349
5443,均豪,16,6,10,華南永昌-板橋,2024-09-18,9349
5531,鄉林,10,0,10,華南永昌-板橋,2024-09-18,9349
6194,育富,11,1,10,華南永昌-板橋,2024-09-18,9349
4128,中天,10,0,10,華南永昌-板橋,2024-09-18,9349
2887,台新金,10,0,10,華南永昌-板橋,2024-09-18,9349
5512,力麒,9,0,9,華南永昌-板橋,2024-09-18,9349
00720B,元大投資級公司債,10,1,9,華南永昌-板橋,2024-09-18,9349
2393,億光,9,0,9,華南永昌-板橋,2024-09-18,9349
00680L,元大美債20正2,8,0,8,華南永昌-板橋,2024-09-18,9349
1711,永光,71,63,8,華南永昌-板橋,2024-09-18,9349
1717,長興,11,4,7,華南永昌-板橋,2024-09-18,9349
3013,晟銘電,7,0,7,華南永昌-板橋,2024-09-18,9349
4909,新復興,9,2,7,華南永昌-板橋,2024-09-18,9349
6152,百一,7,0,7,華南永昌-板橋,2024-09-18,9349
0056,元大高股息,6,0,6,華南永昌-板橋,2024-09-18,9349
00919,群益台灣精選高息,116,20,96,華南永昌-板橋,2024-09-19,9349
00937B,群益ESG投等債20,68,0,68,華南永昌-板橋,2024-09-19,9349
3481,群創,90,23,67,華南永昌-板橋,2024-09-19,9349
2412,中華電,70,9,61,華南永昌-板橋,2024-09-19,9349
6438,迅得,46,1,45,華南永昌-板橋,2024-09-19,9349
00929,復華台灣科技優息,51,9,42,華南永昌-板橋,2024-09-19,9349
00679B,元大美債20年,54,12,42,華南永昌-板橋,2024-09-19,9349
8147,正淩,40,0,40,華南永昌-板橋,2024-09-19,9349
2891,中信金,51,12,39,華南永昌-板橋,2024-09-19,9349
6492,生華科,25,0,25,華南永昌-板橋,2024-09-19,9349
0056,元大高股息,24,0,24,華南永昌-板橋,2024-09-19,9349
9105,泰金寶-DR,20,0,20,華南永昌-板橋,2024-09-19,9349
00931B,統一美債20年,20,0,20,華南永昌-板橋,2024-09-19,9349
00779B,凱基美債25+,20,0,20,華南永昌-板橋,2024-09-19,9349
6217,中探針,20,0,20,華南永昌-板橋,2024-09-19,9349
8105,凌巨,20,0,20,華南永昌-板橋,2024-09-19,9349
2464,盟立,66,47,19,華南永昌-板橋,2024-09-19,9349
2313,華通,18,2,16,華南永昌-板橋,2024-09-19,9349
2611,志信,20,6,14,華南永昌-板橋,2024-09-19,9349
2605,新興,13,0,13,華南永昌-板橋,2024-09-19,9349
4768,晶呈科技,57,45,12,華南永昌-板橋,2024-09-19,9349
8070,長華*,20,8,12,華南永昌-板橋,2024-09-19,9349
00857B,永豐20年美公債,11,0,11,華南永昌-板橋,2024-09-19,9349
3548,兆利,11,0,11,華南永昌-板橋,2024-09-19,9349
3663,鑫科,12,1,11,華南永昌-板橋,2024-09-19,9349
6197,佳必琪,11,0,11,華南永昌-板橋,2024-09-19,9349
00930,永豐ESG低碳高息,10,0,10,華南永昌-板橋,2024-09-19,9349
2344,華邦電,16,6,10,華南永昌-板橋,2024-09-19,9349
2406,國碩,10,0,10,華南永昌-板橋,2024-09-19,9349
2436,偉詮電,10,0,10,華南永昌-板橋,2024-09-19,9349
2903,遠百,10,0,10,華南永昌-板橋,2024-09-19,9349
3491,昇達科,10,0,10,華南永昌-板橋,2024-09-19,9349
4306,炎洲,10,0,10,華南永昌-板橋,2024-09-19,9349
4906,正文,12,2,10,華南永昌-板橋,2024-09-19,9349
5347,世界,30,20,10,華南永昌-板橋,2024-09-19,9349
6651,全宇昕,18,8,10,華南永昌-板橋,2024-09-19,9349
00687B,國泰20年美債,28,19,9,華南永昌-板橋,2024-09-19,9349
2399,映泰,34,25,9,華南永昌-板橋,2024-09-19,9349
1524,耿鼎,8,0,8,華南永昌-板橋,2024-09-19,9349
6869,雲豹能源,10,2,8,華南永昌-板橋,2024-09-19,9349
2002,中鋼,8,1,7,華南永昌-板橋,2024-09-19,9349
00878,國泰永續高股息,15,8,7,華南永昌-板橋,2024-09-19,9349
00713,元大台灣高息低波,7,0,7,華南永昌-板橋,2024-09-19,9349
2365,昆盈,7,0,7,華南永昌-板橋,2024-09-19,9349
6215,和椿,10,3,7,華南永昌-板橋,2024-09-19,9349
00688L,國泰20年美債正2,6,0,6,華南永昌-板橋,2024-09-19,9349
1514,亞力,11,5,6,華南永昌-板橋,2024-09-19,9349
3047,訊舟,10,4,6,華南永昌-板橋,2024-09-19,9349
3147,大綜,6,0,6,華南永昌-板橋,2024-09-19,9349
6288,聯嘉,9,3,6,華南永昌-板橋,2024-09-19,9349
2520,冠德,216,28,188,華南永昌-板橋,2024-09-20,9349
00919,群益台灣精選高息,152,3,149,華南永昌-板橋,2024-09-20,9349
2501,國建,134,21,113,華南永昌-板橋,2024-09-20,9349
2101,南港,96,0,96,華南永昌-板橋,2024-09-20,9349
2603,長榮,86,2,84,華南永昌-板橋,2024-09-20,9349
2888,新光金,79,0,79,華南永昌-板橋,2024-09-20,9349
3605,宏致,52,0,52,華南永昌-板橋,2024-09-20,9349
2323,中環,34,0,34,華南永昌-板橋,2024-09-20,9349
5475,德宏,29,0,29,華南永昌-板橋,2024-09-20,9349
3663,鑫科,110,83,27,華南永昌-板橋,2024-09-20,9349
2399,映泰,65,39,26,華南永昌-板橋,2024-09-20,9349
2419,仲琦,25,0,25,華南永昌-板橋,2024-09-20,9349
2883,凱基金,24,0,24,華南永昌-板橋,2024-09-20,9349
2420,新巨,21,0,21,華南永昌-板橋,2024-09-20,9349
00948B,中信優息投資級債,20,0,20,華南永昌-板橋,2024-09-20,9349
3491,昇達科,20,0,20,華南永昌-板橋,2024-09-20,9349
4566,時碩工業,20,0,20,華南永昌-板橋,2024-09-20,9349
00679B,元大美債20年,19,0,19,華南永昌-板橋,2024-09-20,9349
5512,力麒,19,0,19,華南永昌-板橋,2024-09-20,9349
1808,潤隆,19,1,18,華南永昌-板橋,2024-09-20,9349
8028,昇陽半導體,17,1,16,華南永昌-板橋,2024-09-20,9349
3266,昇陽,15,0,15,華南永昌-板橋,2024-09-20,9349
6163,華電網,16,1,15,華南永昌-板橋,2024-09-20,9349
2025,千興,13,0,13,華南永昌-板橋,2024-09-20,9349
2344,華邦電,20,7,13,華南永昌-板橋,2024-09-20,9349
3062,建漢,25,12,13,華南永昌-板橋,2024-09-20,9349
4714,永捷,17,5,12,華南永昌-板橋,2024-09-20,9349
6148,驊宏資,15,3,12,華南永昌-板橋,2024-09-20,9349
3231,緯創,17,6,11,華南永昌-板橋,2024-09-20,9349
3290,東浦,11,0,11,華南永昌-板橋,2024-09-20,9349
00637L,元大滬深300正2,10,0,10,華南永昌-板橋,2024-09-20,9349
00779B,凱基美債25+,10,0,10,華南永昌-板橋,2024-09-20,9349
2540,愛山林,11,1,10,華南永昌-板橋,2024-09-20,9349
1785,光洋科,40,30,10,華南永昌-板橋,2024-09-20,9349
1301,台塑,11,2,9,華南永昌-板橋,2024-09-20,9349
1540,喬福,49,40,9,華南永昌-板橋,2024-09-20,9349
2887,台新金,10,1,9,華南永昌-板橋,2024-09-20,9349
3236,千如,9,0,9,華南永昌-板橋,2024-09-20,9349
4977,眾達-KY,19,10,9,華南永昌-板橋,2024-09-20,9349
2611,志信,10,2,8,華南永昌-板橋,2024-09-20,9349
3010,華立,8,0,8,華南永昌-板橋,2024-09-20,9349
3609,三一東林,8,0,8,華南永昌-板橋,2024-09-20,9349
5534,長虹,10,2,8,華南永昌-板橋,2024-09-20,9349
1321,大洋,7,0,7,華南永昌-板橋,2024-09-20,9349
1446,宏和,7,0,7,華南永昌-板橋,2024-09-20,9349
2312,金寶,12,5,7,華南永昌-板橋,2024-09-20,9349
2328,廣宇,10,3,7,華南永昌-板橋,2024-09-20,9349
2417,圓剛,8,1,7,華南永昌-板橋,2024-09-20,9349
3673,TPK-KY,10,3,7,華南永昌-板橋,2024-09-20,9349
4768,晶呈科技,99,92,7,華南永昌-板橋,2024-09-20,9349
00929,復華台灣科技優息,293,6,287,華南永昌-板橋,2024-09-23,9349
3481,群創,176,11,165,華南永昌-板橋,2024-09-23,9349
6548,長科*,52,5,47,華南永昌-板橋,2024-09-23,9349
00679B,元大美債20年,37,0,37,華南永昌-板橋,2024-09-23,9349
00919,群益台灣精選高息,35,0,35,華南永昌-板橋,2024-09-23,9349
2514,龍邦,33,0,33,華南永昌-板橋,2024-09-23,9349
8064,東捷,25,0,25,華南永昌-板橋,2024-09-23,9349
2618,長榮航,42,17,25,華南永昌-板橋,2024-09-23,9349
2464,盟立,37,13,24,華南永昌-板橋,2024-09-23,9349
5531,鄉林,22,0,22,華南永昌-板橋,2024-09-23,9349
1301,台塑,22,0,22,華南永昌-板橋,2024-09-23,9349
00931B,統一美債20年,21,0,21,華南永昌-板橋,2024-09-23,9349
00937B,群益ESG投等債20,20,0,20,華南永昌-板橋,2024-09-23,9349
3227,原相,23,4,19,華南永昌-板橋,2024-09-23,9349
2449,京元電子,21,2,19,華南永昌-板橋,2024-09-23,9349
1711,永光,35,17,18,華南永昌-板橋,2024-09-23,9349
1785,光洋科,21,4,17,華南永昌-板橋,2024-09-23,9349
3455,由田,16,0,16,華南永昌-板橋,2024-09-23,9349
2412,中華電,15,0,15,華南永昌-板橋,2024-09-23,9349
2388,威盛,20,6,14,華南永昌-板橋,2024-09-23,9349
6269,台郡,14,0,14,華南永昌-板橋,2024-09-23,9349
3450,聯鈞,23,9,14,華南永昌-板橋,2024-09-23,9349
1727,中華化,25,12,13,華南永昌-板橋,2024-09-23,9349
2867,三商壽,13,0,13,華南永昌-板橋,2024-09-23,9349
3047,訊舟,13,1,12,華南永昌-板橋,2024-09-23,9349
4716,大立,13,1,12,華南永昌-板橋,2024-09-23,9349
4979,華星光,18,6,12,華南永昌-板橋,2024-09-23,9349
6163,華電網,15,3,12,華南永昌-板橋,2024-09-23,9349
6449,鈺邦,11,0,11,華南永昌-板橋,2024-09-23,9349
2332,友訊,10,0,10,華南永昌-板橋,2024-09-23,9349
00688L,國泰20年美債正2,10,0,10,華南永昌-板橋,2024-09-23,9349
5371,中光電,10,0,10,華南永昌-板橋,2024-09-23,9349
6170,統振,10,0,10,華南永昌-板橋,2024-09-23,9349
6770,力積電,10,0,10,華南永昌-板橋,2024-09-23,9349
2399,映泰,47,38,9,華南永昌-板橋,2024-09-23,9349
2362,藍天,13,4,9,華南永昌-板橋,2024-09-23,9349
1776,展宇,10,2,8,華南永昌-板橋,2024-09-23,9349
4113,聯上,8,0,8,華南永昌-板橋,2024-09-23,9349
4510,高鋒,9,1,8,華南永昌-板橋,2024-09-23,9349
4906,正文,8,0,8,華南永昌-板橋,2024-09-23,9349
6609,瀧澤科,8,0,8,華南永昌-板橋,2024-09-23,9349
8028,昇陽半導體,9,2,7,華南永昌-板橋,2024-09-23,9349
2344,華邦電,6,0,6,華南永昌-板橋,2024-09-23,9349
2515,中工,6,0,6,華南永昌-板橋,2024-09-23,9349
6109,亞元,6,0,6,華南永昌-板橋,2024-09-23,9349
1524,耿鼎,30,24,6,華南永昌-板橋,2024-09-23,9349
3580,友威科,37,31,6,華南永昌-板橋,2024-09-23,9349
3017,奇鋐,9,4,5,華南永昌-板橋,2024-09-23,9349
3324,雙鴻,7,2,5,華南永昌-板橋,2024-09-23,9349
00878,國泰永續高股息,14,9,5,華南永昌-板橋,2024-09-23,9349
2888,新光金,135,1,134,華南永昌-板橋,2024-09-24,9349
00931B,統一美債20年,100,0,100,華南永昌-板橋,2024-09-24,9349
00637L,元大滬深300正2,100,0,100,華南永昌-板橋,2024-09-24,9349
00680L,元大美債20正2,102,10,92,華南永昌-板橋,2024-09-24,9349
2883,凱基金,80,0,80,華南永昌-板橋,2024-09-24,9349
2615,萬海,137,72,65,華南永昌-板橋,2024-09-24,9349
3290,東浦,58,2,56,華南永昌-板橋,2024-09-24,9349
3019,亞光,32,1,31,華南永昌-板橋,2024-09-24,9349
3605,宏致,32,1,31,華南永昌-板橋,2024-09-24,9349
2474,可成,30,0,30,華南永昌-板橋,2024-09-24,9349
00919,群益台灣精選高息,57,31,26,華南永昌-板橋,2024-09-24,9349
1785,光洋科,29,3,26,華南永昌-板橋,2024-09-24,9349
00929,復華台灣科技優息,26,1,25,華南永昌-板橋,2024-09-24,9349
00679B,元大美債20年,25,0,25,華南永昌-板橋,2024-09-24,9349
2388,威盛,26,3,23,華南永昌-板橋,2024-09-24,9349
4768,晶呈科技,146,125,21,華南永昌-板橋,2024-09-24,9349
6706,惠特,24,3,21,華南永昌-板橋,2024-09-24,9349
3049,精金,20,0,20,華南永昌-板橋,2024-09-24,9349
2344,華邦電,26,8,18,華南永昌-板橋,2024-09-24,9349
3013,晟銘電,49,31,18,華南永昌-板橋,2024-09-24,9349
2514,龍邦,17,0,17,華南永昌-板橋,2024-09-24,9349
00720B,元大投資級公司債,20,4,16,華南永昌-板橋,2024-09-24,9349
6153,嘉聯益,16,0,16,華南永昌-板橋,2024-09-24,9349
3580,友威科,41,26,15,華南永昌-板橋,2024-09-24,9349
6224,聚鼎,16,1,15,華南永昌-板橋,2024-09-24,9349
6257,矽格,14,0,14,華南永昌-板橋,2024-09-24,9349
0056,元大高股息,13,0,13,華南永昌-板橋,2024-09-24,9349
4906,正文,13,0,13,華南永昌-板橋,2024-09-24,9349
5531,鄉林,13,0,13,華南永昌-板橋,2024-09-24,9349
6698,旭暉應材,15,2,13,華南永昌-板橋,2024-09-24,9349
9935,慶豐富,14,1,13,華南永昌-板橋,2024-09-24,9349
3149,正達,50,38,12,華南永昌-板橋,2024-09-24,9349
1560,中砂,11,0,11,華南永昌-板橋,2024-09-24,9349
3374,精材,12,1,11,華南永昌-板橋,2024-09-24,9349
00713,元大台灣高息低波,11,0,11,華南永昌-板橋,2024-09-24,9349
5460,同協,17,6,11,華南永昌-板橋,2024-09-24,9349
2884,玉山金,13,3,10,華南永昌-板橋,2024-09-24,9349
3066,李洲,10,0,10,華南永昌-板橋,2024-09-24,9349
3498,陽程,13,3,10,華南永昌-板橋,2024-09-24,9349
3550,聯穎,15,5,10,華南永昌-板橋,2024-09-24,9349
4563,百德,11,1,10,華南永昌-板橋,2024-09-24,9349
8068,全達,10,0,10,華南永昌-板橋,2024-09-24,9349
2331,精英,17,7,10,華南永昌-板橋,2024-09-24,9349
3033,威健,10,1,9,華南永昌-板橋,2024-09-24,9349
3167,大量,34,26,8,華南永昌-板橋,2024-09-24,9349
3481,群創,18,10,8,華南永昌-板橋,2024-09-24,9349
3176,基亞,8,0,8,華南永昌-板橋,2024-09-24,9349
4979,華星光,11,3,8,華南永昌-板橋,2024-09-24,9349
6269,台郡,8,0,8,華南永昌-板橋,2024-09-24,9349
6405,悅城,80,72,8,華南永昌-板橋,2024-09-24,9349
2883,凱基金,124,1,123,華南永昌-板橋,2024-09-25,9349
4979,華星光,76,5,71,華南永昌-板橋,2024-09-25,9349
2615,萬海,161,105,56,華南永昌-板橋,2024-09-25,9349
2609,陽明,195,141,54,華南永昌-板橋,2024-09-25,9349
2618,長榮航,42,1,41,華南永昌-板橋,2024-09-25,9349
3290,東浦,40,0,40,華南永昌-板橋,2024-09-25,9349
00945B,凱基美國非投等債,34,0,34,華南永昌-板橋,2024-09-25,9349
5351,鈺創,32,2,30,華南永昌-板橋,2024-09-25,9349
00637L,元大滬深300正2,30,3,27,華南永昌-板橋,2024-09-25,9349
3455,由田,21,0,21,華南永昌-板橋,2024-09-25,9349
3689,湧德,42,21,21,華南永昌-板橋,2024-09-25,9349
6143,振曜,22,1,21,華南永昌-板橋,2024-09-25,9349
00720B,元大投資級公司債,20,0,20,華南永昌-板橋,2024-09-25,9349
3094,聯傑,20,0,20,華南永昌-板橋,2024-09-25,9349
4306,炎洲,20,0,20,華南永昌-板橋,2024-09-25,9349
2228,劍麟,19,0,19,華南永昌-板橋,2024-09-25,9349
1785,光洋科,17,2,15,華南永昌-板橋,2024-09-25,9349
3481,群創,15,1,14,華南永昌-板橋,2024-09-25,9349
00687B,國泰20年美債,30,17,13,華南永昌-板橋,2024-09-25,9349
00665L,富邦�琤肭磪囓�2,13,0,13,華南永昌-板橋,2024-09-25,9349
4903,聯光通,16,4,12,華南永昌-板橋,2024-09-25,9349
1808,潤隆,12,0,12,華南永昌-板橋,2024-09-25,9349
2464,盟立,30,19,11,華南永昌-板橋,2024-09-25,9349
4510,高鋒,19,8,11,華南永昌-板橋,2024-09-25,9349
00679B,元大美債20年,20,10,10,華南永昌-板橋,2024-09-25,9349
3580,友威科,10,0,10,華南永昌-板橋,2024-09-25,9349
8440,綠電,10,0,10,華南永昌-板橋,2024-09-25,9349
910861,神州-DR,10,0,10,華南永昌-板橋,2024-09-25,9349
2328,廣宇,10,1,9,華南永昌-板橋,2024-09-25,9349
3663,鑫科,39,30,9,華南永昌-板橋,2024-09-25,9349
3149,正達,12,4,8,華南永昌-板橋,2024-09-25,9349
7402,邑錡,8,0,8,華南永昌-板橋,2024-09-25,9349
8068,全達,11,4,7,華南永昌-板橋,2024-09-25,9349
3715,定穎投控,45,38,7,華南永昌-板橋,2024-09-25,9349
1711,永光,28,22,6,華南永昌-板橋,2024-09-25,9349
2313,華通,10,4,6,華南永昌-板橋,2024-09-25,9349
2436,偉詮電,207,201,6,華南永昌-板橋,2024-09-25,9349
2482,連宇,6,0,6,華南永昌-板橋,2024-09-25,9349
2613,中櫃,6,0,6,華南永昌-板橋,2024-09-25,9349
3003,健和興,6,0,6,華南永昌-板橋,2024-09-25,9349
3714,富采,6,0,6,華南永昌-板橋,2024-09-25,9349
4526,東台,7,1,6,華南永昌-板橋,2024-09-25,9349
8089,康全電訊,6,0,6,華南永昌-板橋,2024-09-25,9349
9927,泰銘,6,0,6,華南永昌-板橋,2024-09-25,9349
1617,榮星,5,0,5,華南永昌-板橋,2024-09-25,9349
2481,強茂,11,6,5,華南永昌-板橋,2024-09-25,9349
3564,其陽,5,0,5,華南永昌-板橋,2024-09-25,9349
5340,建榮,5,0,5,華南永昌-板橋,2024-09-25,9349
5876,上海商銀,5,0,5,華南永昌-板橋,2024-09-25,9349
6538,倉和,5,0,5,華南永昌-板橋,2024-09-25,9349
2609,陽明,200,111,89,華南永昌-板橋,2024-09-26,9349
2344,華邦電,57,14,43,華南永昌-板橋,2024-09-26,9349
1586,和勤,36,0,36,華南永昌-板橋,2024-09-26,9349
3019,亞光,36,2,34,華南永昌-板橋,2024-09-26,9349
00679B,元大美債20年,30,0,30,華南永昌-板橋,2024-09-26,9349
3689,湧德,71,44,27,華南永昌-板橋,2024-09-26,9349
1587,吉茂,23,0,23,華南永昌-板橋,2024-09-26,9349
00937B,群益ESG投等債20,25,3,22,華南永昌-板橋,2024-09-26,9349
1815,富喬,24,2,22,華南永昌-板橋,2024-09-26,9349
6438,迅得,22,0,22,華南永昌-板橋,2024-09-26,9349
00948B,中信優息投資級債,21,0,21,華南永昌-板橋,2024-09-26,9349
00680L,元大美債20正2,25,5,20,華南永昌-板橋,2024-09-26,9349
00688L,國泰20年美債正2,20,0,20,華南永昌-板橋,2024-09-26,9349
2356,英業達,24,4,20,華南永昌-板橋,2024-09-26,9349
4114,健喬,20,0,20,華南永昌-板橋,2024-09-26,9349
5351,鈺創,83,63,20,華南永昌-板橋,2024-09-26,9349
6451,訊芯-KY,19,0,19,華南永昌-板橋,2024-09-26,9349
1101,台泥,18,0,18,華南永昌-板橋,2024-09-26,9349
00665L,富邦�琤肭磪囓�2,23,5,18,華南永昌-板橋,2024-09-26,9349
2362,藍天,34,16,18,華南永昌-板橋,2024-09-26,9349
5439,高技,20,2,18,華南永昌-板橋,2024-09-26,9349
2312,金寶,20,3,17,華南永昌-板橋,2024-09-26,9349
3047,訊舟,17,1,16,華南永昌-板橋,2024-09-26,9349
00712,復華富時不動產,14,0,14,華南永昌-板橋,2024-09-26,9349
00720B,元大投資級公司債,14,0,14,華南永昌-板橋,2024-09-26,9349
3290,東浦,14,0,14,華南永昌-板橋,2024-09-26,9349
4571,鈞興-KY,14,0,14,華南永昌-板橋,2024-09-26,9349
4768,晶呈科技,52,38,14,華南永昌-板橋,2024-09-26,9349
8110,華東,21,7,14,華南永昌-板橋,2024-09-26,9349
00929,復華台灣科技優息,15,2,13,華南永昌-板橋,2024-09-26,9349
6492,生華科,13,0,13,華南永昌-板橋,2024-09-26,9349
2365,昆盈,16,4,12,華南永昌-板橋,2024-09-26,9349
1808,潤隆,17,6,11,華南永昌-板橋,2024-09-26,9349
2323,中環,11,0,11,華南永昌-板橋,2024-09-26,9349
3006,晶豪科,11,0,11,華南永昌-板橋,2024-09-26,9349
3303,岱稜,11,0,11,華南永昌-板橋,2024-09-26,9349
3548,兆利,11,0,11,華南永昌-板橋,2024-09-26,9349
4908,前鼎,12,1,11,華南永昌-板橋,2024-09-26,9349
6188,廣明,13,2,11,華南永昌-板橋,2024-09-26,9349
8028,昇陽半導體,11,1,10,華南永昌-板橋,2024-09-26,9349
00713,元大台灣高息低波,10,0,10,華南永昌-板橋,2024-09-26,9349
00882,中信中國高股息,10,0,10,華南永昌-板橋,2024-09-26,9349
2208,台船,10,0,10,華南永昌-板橋,2024-09-26,9349
2408,南亞科,21,11,10,華南永昌-板橋,2024-09-26,9349
2636,台驊控股,10,0,10,華南永昌-板橋,2024-09-26,9349
3078,僑威,10,0,10,華南永昌-板橋,2024-09-26,9349
5512,力麒,10,0,10,華南永昌-板橋,2024-09-26,9349
6411,晶焱,10,0,10,華南永昌-板橋,2024-09-26,9349
3605,宏致,10,1,9,華南永昌-板橋,2024-09-26,9349
3444,利機,9,0,9,華南永昌-板橋,2024-09-26,9349
2891,中信金,110,2,108,華南永昌-板橋,2024-09-27,9349
2412,中華電,90,0,90,華南永昌-板橋,2024-09-27,9349
2615,萬海,283,222,61,華南永昌-板橋,2024-09-27,9349
4979,華星光,149,91,58,華南永昌-板橋,2024-09-27,9349
3450,聯鈞,50,3,47,華南永昌-板橋,2024-09-27,9349
00687B,國泰20年美債,42,0,42,華南永昌-板橋,2024-09-27,9349
00665L,富邦�琤肭磪囓�2,225,185,40,華南永昌-板橋,2024-09-27,9349
00650L,復華香港正2,35,1,34,華南永昌-板橋,2024-09-27,9349
00795B,中信美國公債20年,33,0,33,華南永昌-板橋,2024-09-27,9349
00945B,凱基美國非投等債,31,0,31,華南永昌-板橋,2024-09-27,9349
6217,中探針,30,0,30,華南永昌-板橋,2024-09-27,9349
2436,偉詮電,46,17,29,華南永昌-板橋,2024-09-27,9349
2363,矽統,117,89,28,華南永昌-板橋,2024-09-27,9349
00753L,中信中國50正2,151,123,28,華南永昌-板橋,2024-09-27,9349
2888,新光金,26,0,26,華南永昌-板橋,2024-09-27,9349
00706L,期元大S＆P日圓正2,22,0,22,華南永昌-板橋,2024-09-27,9349
00948B,中信優息投資級債,20,0,20,華南永昌-板橋,2024-09-27,9349
4114,健喬,20,0,20,華南永昌-板橋,2024-09-27,9349
3189,景碩,34,15,19,華南永昌-板橋,2024-09-27,9349
1785,光洋科,23,5,18,華南永昌-板橋,2024-09-27,9349
8937,合騏,18,0,18,華南永昌-板橋,2024-09-27,9349
00960,野村全球航運龍頭,17,0,17,華南永昌-板橋,2024-09-27,9349
2402,毅嘉,16,0,16,華南永昌-板橋,2024-09-27,9349
3149,正達,39,23,16,華南永昌-板橋,2024-09-27,9349
3663,鑫科,20,4,16,華南永昌-板橋,2024-09-27,9349
1314,中石化,23,8,15,華南永昌-板橋,2024-09-27,9349
6163,華電網,16,1,15,華南永昌-板橋,2024-09-27,9349
00882,中信中國高股息,20,6,14,華南永昌-板橋,2024-09-27,9349
9955,佳龍,14,0,14,華南永昌-板橋,2024-09-27,9349
4729,熒茂,17,4,13,華南永昌-板橋,2024-09-27,9349
00937B,群益ESG投等債20,42,30,12,華南永昌-板橋,2024-09-27,9349
6451,訊芯-KY,12,0,12,華南永昌-板橋,2024-09-27,9349
2388,威盛,21,9,12,華南永昌-板橋,2024-09-27,9349
6127,九豪,15,3,12,華南永昌-板橋,2024-09-27,9349
1524,耿鼎,13,2,11,華南永昌-板橋,2024-09-27,9349
2332,友訊,11,0,11,華南永昌-板橋,2024-09-27,9349
2495,普安,11,0,11,華南永昌-板橋,2024-09-27,9349
00927,群益半導體收益,10,0,10,華南永昌-板橋,2024-09-27,9349
1308,亞聚,10,0,10,華南永昌-板橋,2024-09-27,9349
1540,喬福,12,2,10,華南永昌-板橋,2024-09-27,9349
2032,新鋼,10,0,10,華南永昌-板橋,2024-09-27,9349
3363,上詮,16,6,10,華南永昌-板橋,2024-09-27,9349
3437,榮創,10,0,10,華南永昌-板橋,2024-09-27,9349
3455,由田,10,0,10,華南永昌-板橋,2024-09-27,9349
3580,友威科,10,0,10,華南永昌-板橋,2024-09-27,9349
3605,宏致,10,0,10,華南永昌-板橋,2024-09-27,9349
00715L,期街口布蘭特正2,9,0,9,華南永昌-板橋,2024-09-27,9349
2349,錸德,9,0,9,華南永昌-板橋,2024-09-27,9349
2641,正德,9,0,9,華南永昌-板橋,2024-09-27,9349
2890,永豐金,10,1,9,華南永昌-板橋,2024-09-27,9349
00643,群益深証中小,140,0,140,華南永昌-板橋,2024-09-30,9349
00919,群益台灣精選高息,140,2,138,華南永昌-板橋,2024-09-30,9349
00929,復華台灣科技優息,135,16,119,華南永昌-板橋,2024-09-30,9349
2615,萬海,207,95,112,華南永昌-板橋,2024-09-30,9349
00882,中信中國高股息,162,60,102,華南永昌-板橋,2024-09-30,9349
2412,中華電,70,3,67,華南永昌-板橋,2024-09-30,9349
6188,廣明,75,24,51,華南永昌-板橋,2024-09-30,9349
2605,新興,102,53,49,華南永昌-板橋,2024-09-30,9349
2362,藍天,42,7,35,華南永昌-板橋,2024-09-30,9349
00945B,凱基美國非投等債,35,0,35,華南永昌-板橋,2024-09-30,9349
3689,湧德,34,2,32,華南永昌-板橋,2024-09-30,9349
2330,台積電,31,2,29,華南永昌-板橋,2024-09-30,9349
1513,中興電,29,0,29,華南永昌-板橋,2024-09-30,9349
2332,友訊,29,0,29,華南永昌-板橋,2024-09-30,9349
1514,亞力,26,0,26,華南永昌-板橋,2024-09-30,9349
2313,華通,26,1,25,華南永昌-板橋,2024-09-30,9349
00680L,元大美債20正2,24,0,24,華南永昌-板橋,2024-09-30,9349
6841,長佳智能,25,2,23,華南永昌-板橋,2024-09-30,9349
2030,彰源,24,2,22,華南永昌-板橋,2024-09-30,9349
2356,英業達,22,0,22,華南永昌-板橋,2024-09-30,9349
00878,國泰永續高股息,21,0,21,華南永昌-板橋,2024-09-30,9349
2028,威致,22,1,21,華南永昌-板橋,2024-09-30,9349
5014,建錩,25,4,21,華南永昌-板橋,2024-09-30,9349
4927,泰鼎-KY,20,0,20,華南永昌-板橋,2024-09-30,9349
00634R,富邦上証反1,19,0,19,華南永昌-板橋,2024-09-30,9349
2402,毅嘉,18,0,18,華南永昌-板橋,2024-09-30,9349
2609,陽明,37,19,18,華南永昌-板橋,2024-09-30,9349
00655L,國泰中國A50正2,22,5,17,華南永昌-板橋,2024-09-30,9349
00927,群益半導體收益,15,0,15,華南永昌-板橋,2024-09-30,9349
00940,元大台灣價值高息,48,34,14,華南永昌-板橋,2024-09-30,9349
00948B,中信優息投資級債,14,0,14,華南永昌-板橋,2024-09-30,9349
8076,伍豐,13,0,13,華南永昌-板橋,2024-09-30,9349
2022,聚亨,24,12,12,華南永昌-板橋,2024-09-30,9349
3374,精材,13,1,12,華南永昌-板橋,2024-09-30,9349
8201,無敵,12,0,12,華南永昌-板橋,2024-09-30,9349
00638R,元大滬深300反1,11,0,11,華南永昌-板橋,2024-09-30,9349
1708,東鹼,11,0,11,華南永昌-板橋,2024-09-30,9349
3041,揚智,11,0,11,華南永昌-板橋,2024-09-30,9349
4726,永昕,12,2,10,華南永昌-板橋,2024-09-30,9349
00952,凱基台灣AI50,10,0,10,華南永昌-板橋,2024-09-30,9349
3043,科風,10,0,10,華南永昌-板橋,2024-09-30,9349
3511,矽瑪,10,0,10,華南永昌-板橋,2024-09-30,9349
3550,聯穎,13,3,10,華南永昌-板橋,2024-09-30,9349
8147,正淩,10,0,10,華南永昌-板橋,2024-09-30,9349
2382,廣達,15,6,9,華南永昌-板橋,2024-09-30,9349
1303,南亞,29,20,9,華南永昌-板橋,2024-09-30,9349
00720B,元大投資級公司債,9,0,9,華南永昌-板橋,2024-09-30,9349
3290,東浦,10,1,9,華南永昌-板橋,2024-09-30,9349
6143,振曜,10,1,9,華南永昌-板橋,2024-09-30,9349
6598,ABC-KY,9,0,9,華南永昌-板橋,2024-09-30,9349
3481,群創,208,73,135,華南永昌-板橋,2024-10-01,9349
00929,復華台灣科技優息,58,5,53,華南永昌-板橋,2024-10-01,9349
2887,台新金,51,1,50,華南永昌-板橋,2024-10-01,9349
4960,誠美材,50,0,50,華南永昌-板橋,2024-10-01,9349
00878,國泰永續高股息,47,3,44,華南永昌-板橋,2024-10-01,9349
2208,台船,40,0,40,華南永昌-板橋,2024-10-01,9349
0056,元大高股息,36,0,36,華南永昌-板橋,2024-10-01,9349
2882,國泰金,31,1,30,華南永昌-板橋,2024-10-01,9349
3715,定穎投控,39,12,27,華南永昌-板橋,2024-10-01,9349
00687B,國泰20年美債,23,0,23,華南永昌-板橋,2024-10-01,9349
00679B,元大美債20年,21,0,21,華南永昌-板橋,2024-10-01,9349
6188,廣明,31,10,21,華南永昌-板橋,2024-10-01,9349
00919,群益台灣精選高息,20,0,20,華南永昌-板橋,2024-10-01,9349
2351,順德,50,30,20,華南永昌-板橋,2024-10-01,9349
2317,鴻海,22,3,19,華南永昌-板橋,2024-10-01,9349
2009,第一銅,20,1,19,華南永昌-板橋,2024-10-01,9349
00915,凱基優選高股息30,17,0,17,華南永昌-板橋,2024-10-01,9349
00753L,中信中國50正2,20,3,17,華南永昌-板橋,2024-10-01,9349
1569,濱川,17,0,17,華南永昌-板橋,2024-10-01,9349
00650L,復華香港正2,32,15,17,華南永昌-板橋,2024-10-01,9349
2025,千興,15,0,15,華南永昌-板橋,2024-10-01,9349
4114,健喬,15,0,15,華南永昌-板橋,2024-10-01,9349
4906,正文,15,0,15,華南永昌-板橋,2024-10-01,9349
2455,全新,22,8,14,華南永昌-板橋,2024-10-01,9349
6770,力積電,15,2,13,華南永昌-板橋,2024-10-01,9349
1605,華新,15,3,12,華南永昌-板橋,2024-10-01,9349
2371,大同,13,2,11,華南永昌-板橋,2024-10-01,9349
2605,新興,16,5,11,華南永昌-板橋,2024-10-01,9349
00713,元大台灣高息低波,10,0,10,華南永昌-板橋,2024-10-01,9349
00952,凱基台灣AI50,10,0,10,華南永昌-板橋,2024-10-01,9349
00655L,國泰中國A50正2,10,0,10,華南永昌-板橋,2024-10-01,9349
1101,台泥,11,1,10,華南永昌-板橋,2024-10-01,9349
1522,堤維西,11,1,10,華南永昌-板橋,2024-10-01,9349
2032,新鋼,20,10,10,華南永昌-板橋,2024-10-01,9349
2883,凱基金,30,20,10,華南永昌-板橋,2024-10-01,9349
2892,第一金,10,0,10,華南永昌-板橋,2024-10-01,9349
6279,胡連,10,0,10,華南永昌-板橋,2024-10-01,9349
6451,訊芯-KY,10,1,9,華南永昌-板橋,2024-10-01,9349
00642U,期元大S＆P石油,11,3,8,華南永昌-板橋,2024-10-01,9349
00918,大華優利高填息30,8,0,8,華南永昌-板橋,2024-10-01,9349
8084,巨虹,8,0,8,華南永昌-板橋,2024-10-01,9349
8249,菱光,10,2,8,華南永昌-板橋,2024-10-01,9349
3430,奇鈦科,32,25,7,華南永昌-板橋,2024-10-01,9349
2353,宏��,13,6,7,華南永昌-板橋,2024-10-01,9349
2885,元大金,6,0,6,華南永昌-板橋,2024-10-01,9349
4909,新復興,61,55,6,華南永昌-板橋,2024-10-01,9349
00936,台新永續高息中小,6,0,6,華南永昌-板橋,2024-10-01,9349
1802,台玻,16,10,6,華南永昌-板橋,2024-10-01,9349
2070,精湛,15,9,6,華南永昌-板橋,2024-10-01,9349
2801,彰銀,6,0,6,華南永昌-板橋,2024-10-01,9349
2610,華航,401,10,391,華南永昌-板橋,2024-10-04,9349
2312,金寶,202,6,196,華南永昌-板橋,2024-10-04,9349
2618,長榮航,144,14,130,華南永昌-板橋,2024-10-04,9349
00948B,中信優息投資級債,101,0,101,華南永昌-板橋,2024-10-04,9349
00929,復華台灣科技優息,69,9,60,華南永昌-板橋,2024-10-04,9349
00937B,群益ESG投等債20,53,0,53,華南永昌-板橋,2024-10-04,9349
00715L,期街口布蘭特正2,60,8,52,華南永昌-板橋,2024-10-04,9349
4563,百德,57,6,51,華南永昌-板橋,2024-10-04,9349
6425,易發,55,5,50,華南永昌-板橋,2024-10-04,9349
00919,群益台灣精選高息,53,5,48,華南永昌-板橋,2024-10-04,9349
0056,元大高股息,44,3,41,華南永昌-板橋,2024-10-04,9349
00959B,大華投等美債15Y+,40,0,40,華南永昌-板橋,2024-10-04,9349
1304,台聚,32,0,32,華南永昌-板橋,2024-10-04,9349
1569,濱川,35,4,31,華南永昌-板橋,2024-10-04,9349
00950B,凱基A級公司債,30,0,30,華南永昌-板橋,2024-10-04,9349
00940,元大台灣價值高息,84,56,28,華南永昌-板橋,2024-10-04,9349
2911,麗嬰房,30,6,24,華南永昌-板橋,2024-10-04,9349
8039,台虹,23,1,22,華南永昌-板橋,2024-10-04,9349
00918,大華優利高填息30,21,0,21,華南永昌-板橋,2024-10-04,9349
00864B,中信美國公債0-1,20,0,20,華南永昌-板橋,2024-10-04,9349
00931B,統一美債20年,20,0,20,華南永昌-板橋,2024-10-04,9349
1513,中興電,23,3,20,華南永昌-板橋,2024-10-04,9349
6239,力成,20,0,20,華南永昌-板橋,2024-10-04,9349
00878,國泰永續高股息,22,4,18,華南永昌-板橋,2024-10-04,9349
5347,世界,17,0,17,華南永昌-板橋,2024-10-04,9349
00857B,永豐20年美公債,15,0,15,華南永昌-板橋,2024-10-04,9349
00680L,元大美債20正2,16,1,15,華南永昌-板橋,2024-10-04,9349
2208,台船,15,0,15,華南永昌-板橋,2024-10-04,9349
2371,大同,17,2,15,華南永昌-板橋,2024-10-04,9349
2451,創見,15,0,15,華南永昌-板橋,2024-10-04,9349
4909,新復興,68,53,15,華南永昌-板橋,2024-10-04,9349
2313,華通,18,4,14,華南永昌-板橋,2024-10-04,9349
2303,聯電,17,4,13,華南永昌-板橋,2024-10-04,9349
2449,京元電子,13,0,13,華南永昌-板橋,2024-10-04,9349
4768,晶呈科技,14,1,13,華南永昌-板橋,2024-10-04,9349
1313,聯成,12,0,12,華南永昌-板橋,2024-10-04,9349
1809,中釉,13,1,12,華南永昌-板橋,2024-10-04,9349
9105,泰金寶-DR,12,0,12,華南永昌-板橋,2024-10-04,9349
006206,元大上證50,11,0,11,華南永昌-板橋,2024-10-04,9349
3356,奇偶,11,0,11,華南永昌-板橋,2024-10-04,9349
3550,聯穎,11,0,11,華南永昌-板橋,2024-10-04,9349
6163,華電網,11,0,11,華南永昌-板橋,2024-10-04,9349
6530,創威,12,1,11,華南永昌-板橋,2024-10-04,9349
1305,華夏,10,0,10,華南永昌-板橋,2024-10-04,9349
1595,川寶,12,2,10,華南永昌-板橋,2024-10-04,9349
2439,美律,12,2,10,華南永昌-板橋,2024-10-04,9349
3163,波若威,19,9,10,華南永昌-板橋,2024-10-04,9349
6763,綠界科技*,10,0,10,華南永昌-板橋,2024-10-04,9349
2338,光罩,10,1,9,華南永昌-板橋,2024-10-04,9349
3231,緯創,11,2,9,華南永昌-板橋,2024-10-04,9349
4716,大立,100,0,100,華南永昌-板橋,2024-10-07,9349
3481,群創,133,45,88,華南永昌-板橋,2024-10-07,9349
2610,華航,82,0,82,華南永昌-板橋,2024-10-07,9349
00940,元大台灣價值高息,57,1,56,華南永昌-板橋,2024-10-07,9349
3049,精金,83,29,54,華南永昌-板橋,2024-10-07,9349
00887,永豐中國科技50大,101,57,44,華南永昌-板橋,2024-10-07,9349
6180,橘子,40,0,40,華南永昌-板橋,2024-10-07,9349
6875,國邑*,35,0,35,華南永昌-板橋,2024-10-07,9349
00638R,元大滬深300反1,30,0,30,華南永昌-板橋,2024-10-07,9349
2356,英業達,35,6,29,華南永昌-板橋,2024-10-07,9349
6284,佳邦,70,41,29,華南永昌-板橋,2024-10-07,9349
00637L,元大滬深300正2,126,98,28,華南永昌-板橋,2024-10-07,9349
1314,中石化,35,10,25,華南永昌-板橋,2024-10-07,9349
8068,全達,27,3,24,華南永昌-板橋,2024-10-07,9349
8111,立��,65,42,23,華南永昌-板橋,2024-10-07,9349
00919,群益台灣精選高息,33,11,22,華南永昌-板橋,2024-10-07,9349
00680L,元大美債20正2,21,0,21,華南永昌-板橋,2024-10-07,9349
2354,鴻準,23,2,21,華南永昌-板橋,2024-10-07,9349
2474,可成,20,0,20,華南永昌-板橋,2024-10-07,9349
2515,中工,39,19,20,華南永昌-板橋,2024-10-07,9349
6763,綠界科技*,20,0,20,華南永昌-板橋,2024-10-07,9349
4979,華星光,35,16,19,華南永昌-板橋,2024-10-07,9349
2014,中鴻,18,0,18,華南永昌-板橋,2024-10-07,9349
00636,國泰中國A50,18,1,17,華南永昌-板橋,2024-10-07,9349
8996,高力,19,2,17,華南永昌-板橋,2024-10-07,9349
2618,長榮航,16,0,16,華南永昌-板橋,2024-10-07,9349
00679B,元大美債20年,16,0,16,華南永昌-板橋,2024-10-07,9349
0061,元大寶滬深,67,52,15,華南永昌-板橋,2024-10-07,9349
3543,州巧,14,0,14,華南永昌-板橋,2024-10-07,9349
00752,中信中國50,13,0,13,華南永昌-板橋,2024-10-07,9349
2603,長榮,15,3,12,華南永昌-板橋,2024-10-07,9349
00639,富邦深100,12,0,12,華南永昌-板橋,2024-10-07,9349
3591,艾笛森,21,9,12,華南永昌-板橋,2024-10-07,9349
4523,永彰,12,0,12,華南永昌-板橋,2024-10-07,9349
2615,萬海,144,132,12,華南永昌-板橋,2024-10-07,9349
00696B,富邦美債20年,11,0,11,華南永昌-板橋,2024-10-07,9349
1702,南僑,11,0,11,華南永昌-板橋,2024-10-07,9349
2929,淘帝-KY,16,5,11,華南永昌-板橋,2024-10-07,9349
3580,友威科,12,1,11,華南永昌-板橋,2024-10-07,9349
00706L,期元大S＆P日圓正2,11,1,10,華南永昌-板橋,2024-10-07,9349
00960,野村全球航運龍頭,10,0,10,華南永昌-板橋,2024-10-07,9349
2355,敬鵬,10,0,10,華南永昌-板橋,2024-10-07,9349
2461,光群雷,10,0,10,華南永昌-板橋,2024-10-07,9349
2609,陽明,25,15,10,華南永昌-板橋,2024-10-07,9349
5907,大洋-KY,20,10,10,華南永昌-板橋,2024-10-07,9349
00642U,期元大S＆P石油,10,1,9,華南永昌-板橋,2024-10-07,9349
2017,官田鋼,9,0,9,華南永昌-板橋,2024-10-07,9349
2449,京元電子,14,5,9,華南永昌-板橋,2024-10-07,9349
2605,新興,11,2,9,華南永昌-板橋,2024-10-07,9349
6285,啟��,10,1,9,華南永昌-板橋,2024-10-07,9349
00637L,元大滬深300正2,2519,184,2335,華南永昌-板橋,2024-10-08,9349
00937B,群益ESG投等債20,172,3,169,華南永昌-板橋,2024-10-08,9349
3481,群創,149,6,143,華南永昌-板橋,2024-10-08,9349
00753L,中信中國50正2,186,51,135,華南永昌-板橋,2024-10-08,9349
00643,群益深証中小,110,3,107,華南永昌-板橋,2024-10-08,9349
2412,中華電,70,0,70,華南永昌-板橋,2024-10-08,9349
2101,南港,68,17,51,華南永昌-板橋,2024-10-08,9349
1314,中石化,45,5,40,華南永昌-板橋,2024-10-08,9349
6188,廣明,48,11,37,華南永昌-板橋,2024-10-08,9349
00922,國泰台灣領袖50,34,0,34,華南永昌-板橋,2024-10-08,9349
0056,元大高股息,53,22,31,華南永昌-板橋,2024-10-08,9349
00950B,凱基A級公司債,30,0,30,華南永昌-板橋,2024-10-08,9349
2344,華邦電,27,0,27,華南永昌-板橋,2024-10-08,9349
00929,復華台灣科技優息,46,22,24,華南永昌-板橋,2024-10-08,9349
2317,鴻海,32,8,24,華南永昌-板橋,2024-10-08,9349
00679B,元大美債20年,33,10,23,華南永昌-板橋,2024-10-08,9349
2362,藍天,55,32,23,華南永昌-板橋,2024-10-08,9349
00878,國泰永續高股息,22,0,22,華南永昌-板橋,2024-10-08,9349
0061,元大寶滬深,22,0,22,華南永昌-板橋,2024-10-08,9349
00919,群益台灣精選高息,31,10,21,華南永昌-板橋,2024-10-08,9349
4908,前鼎,21,1,20,華南永昌-板橋,2024-10-08,9349
4960,誠美材,20,0,20,華南永昌-板橋,2024-10-08,9349
00887,永豐中國科技50大,52,32,20,華南永昌-板橋,2024-10-08,9349
2515,中工,21,2,19,華南永昌-板橋,2024-10-08,9349
2371,大同,17,0,17,華南永昌-板橋,2024-10-08,9349
2408,南亞科,17,0,17,華南永昌-板橋,2024-10-08,9349
00946,群益科技高息成長,16,0,16,華南永昌-板橋,2024-10-08,9349
00720B,元大投資級公司債,15,0,15,華南永昌-板橋,2024-10-08,9349
1815,富喬,16,1,15,華南永昌-板橋,2024-10-08,9349
2425,承啟,16,1,15,華南永昌-板橋,2024-10-08,9349
2511,太子,15,0,15,華南永昌-板橋,2024-10-08,9349
00713,元大台灣高息低波,14,0,14,華南永昌-板橋,2024-10-08,9349
1718,中纖,14,0,14,華南永昌-板橋,2024-10-08,9349
2609,陽明,27,14,13,華南永昌-板橋,2024-10-08,9349
1721,三晃,15,2,13,華南永昌-板橋,2024-10-08,9349
2449,京元電子,12,0,12,華南永昌-板橋,2024-10-08,9349
3049,精金,12,0,12,華南永昌-板橋,2024-10-08,9349
8039,台虹,14,2,12,華南永昌-板橋,2024-10-08,9349
00940,元大台灣價值高息,10,0,10,華南永昌-板橋,2024-10-08,9349
00673R,期元大S＆P原油反1,10,0,10,華南永昌-板橋,2024-10-08,9349
00779B,凱基美債25+,10,0,10,華南永昌-板橋,2024-10-08,9349
00948B,中信優息投資級債,11,1,10,華南永昌-板橋,2024-10-08,9349
1734,杏輝,10,0,10,華南永昌-板橋,2024-10-08,9349
3037,欣興,10,1,9,華南永昌-板橋,2024-10-08,9349
6197,佳必琪,9,0,9,華南永昌-板橋,2024-10-08,9349
00687B,國泰20年美債,15,6,9,華南永昌-板橋,2024-10-08,9349
2887,台新金,8,0,8,華南永昌-板橋,2024-10-08,9349
00918,大華優利高填息30,9,1,8,華南永昌-板橋,2024-10-08,9349
1409,新纖,8,0,8,華南永昌-板橋,2024-10-08,9349
1711,永光,8,0,8,華南永昌-板橋,2024-10-08,9349
00637L,元大滬深300正2,485,3,482,華南永昌-板橋,2024-10-09,9349
6152,百一,83,0,83,華南永昌-板橋,2024-10-09,9349
00919,群益台灣精選高息,57,1,56,華南永昌-板橋,2024-10-09,9349
2601,益航,103,51,52,華南永昌-板橋,2024-10-09,9349
1314,中石化,57,12,45,華南永昌-板橋,2024-10-09,9349
1569,濱川,44,0,44,華南永昌-板橋,2024-10-09,9349
1815,富喬,44,0,44,華南永昌-板橋,2024-10-09,9349
00713,元大台灣高息低波,42,0,42,華南永昌-板橋,2024-10-09,9349
00882,中信中國高股息,52,11,41,華南永昌-板橋,2024-10-09,9349
2399,映泰,84,43,41,華南永昌-板橋,2024-10-09,9349
8084,巨虹,38,0,38,華南永昌-板橋,2024-10-09,9349
00680L,元大美債20正2,35,0,35,華南永昌-板橋,2024-10-09,9349
4768,晶呈科技,34,1,33,華南永昌-板橋,2024-10-09,9349
5310,天剛,33,0,33,華南永昌-板橋,2024-10-09,9349
00753L,中信中國50正2,38,6,32,華南永昌-板橋,2024-10-09,9349
2501,國建,32,0,32,華南永昌-板橋,2024-10-09,9349
3580,友威科,34,3,31,華南永昌-板橋,2024-10-09,9349
00650L,復華香港正2,30,0,30,華南永昌-板橋,2024-10-09,9349
2436,偉詮電,26,0,26,華南永昌-板橋,2024-10-09,9349
2363,矽統,128,103,25,華南永昌-板橋,2024-10-09,9349
2520,冠德,23,0,23,華南永昌-板橋,2024-10-09,9349
1305,華夏,22,0,22,華南永昌-板橋,2024-10-09,9349
2362,藍天,22,1,21,華南永昌-板橋,2024-10-09,9349
5386,青雲,47,26,21,華南永昌-板橋,2024-10-09,9349
00642U,期元大S＆P石油,20,0,20,華南永昌-板橋,2024-10-09,9349
2547,日勝生,20,0,20,華南永昌-板橋,2024-10-09,9349
8028,昇陽半導體,39,19,20,華南永昌-板橋,2024-10-09,9349
6451,訊芯-KY,17,0,17,華南永昌-板橋,2024-10-09,9349
3706,神達,22,5,17,華南永昌-板橋,2024-10-09,9349
6550,北極星藥業-KY,18,2,16,華南永昌-板橋,2024-10-09,9349
4977,眾達-KY,38,23,15,華南永昌-板橋,2024-10-09,9349
8937,合騏,14,0,14,華南永昌-板橋,2024-10-09,9349
2371,大同,20,7,13,華南永昌-板橋,2024-10-09,9349
00937B,群益ESG投等債20,13,0,13,華南永昌-板橋,2024-10-09,9349
0056,元大高股息,12,0,12,華南永昌-板橋,2024-10-09,9349
2204,中華,12,1,11,華南永昌-板橋,2024-10-09,9349
00687B,國泰20年美債,11,0,11,華南永昌-板橋,2024-10-09,9349
3481,群創,33,22,11,華南永昌-板橋,2024-10-09,9349
00720B,元大投資級公司債,11,0,11,華南永昌-板橋,2024-10-09,9349
2023,燁輝,11,0,11,華南永昌-板橋,2024-10-09,9349
2313,華通,18,8,10,華南永昌-板橋,2024-10-09,9349
00922,國泰台灣領袖50,10,0,10,華南永昌-板橋,2024-10-09,9349
1609,大亞,11,1,10,華南永昌-板橋,2024-10-09,9349
1810,和成,10,0,10,華南永昌-板橋,2024-10-09,9349
2891,中信金,12,2,10,華南永昌-板橋,2024-10-09,9349
8446,華研,10,0,10,華南永昌-板橋,2024-10-09,9349
2070,精湛,9,0,9,華南永昌-板橋,2024-10-09,9349
6188,廣明,12,3,9,華南永昌-板橋,2024-10-09,9349
00688L,國泰20年美債正2,8,0,8,華南永昌-板橋,2024-10-09,9349
00940,元大台灣價值高息,20,12,8,華南永昌-板橋,2024-10-09,9349
6134,萬旭,125,10,115,華南永昌-板橋,2024-10-11,9349
00753L,中信中國50正2,111,5,106,華南永昌-板橋,2024-10-11,9349
2601,益航,102,8,94,華南永昌-板橋,2024-10-11,9349
00680L,元大美債20正2,86,0,86,華南永昌-板橋,2024-10-11,9349
3706,神達,90,5,85,華南永昌-板橋,2024-10-11,9349
3481,群創,87,2,85,華南永昌-板橋,2024-10-11,9349
4960,誠美材,80,0,80,華南永昌-板橋,2024-10-11,9349
2887,台新金,62,10,52,華南永昌-板橋,2024-10-11,9349
00946,群益科技高息成長,50,1,49,華南永昌-板橋,2024-10-11,9349
1815,富喬,42,0,42,華南永昌-板橋,2024-10-11,9349
00937B,群益ESG投等債20,51,15,36,華南永昌-板橋,2024-10-11,9349
00687B,國泰20年美債,34,0,34,華南永昌-板橋,2024-10-11,9349
4768,晶呈科技,83,51,32,華南永昌-板橋,2024-10-11,9349
4114,健喬,30,0,30,華南永昌-板橋,2024-10-11,9349
00637L,元大滬深300正2,47,19,28,華南永昌-板橋,2024-10-11,9349
2344,華邦電,27,0,27,華南永昌-板橋,2024-10-11,9349
2449,京元電子,63,36,27,華南永昌-板橋,2024-10-11,9349
2101,南港,26,0,26,華南永昌-板橋,2024-10-11,9349
2392,正崴,22,0,22,華南永昌-板橋,2024-10-11,9349
8084,巨虹,21,0,21,華南永昌-板橋,2024-10-11,9349
3580,友威科,20,1,19,華南永昌-板橋,2024-10-11,9349
00655L,國泰中國A50正2,20,2,18,華南永昌-板橋,2024-10-11,9349
2905,三商,16,0,16,華南永昌-板橋,2024-10-11,9349
3543,州巧,16,0,16,華南永昌-板橋,2024-10-11,9349
6239,力成,15,0,15,華南永昌-板橋,2024-10-11,9349
00900,富邦特選高股息30,14,0,14,華南永昌-板橋,2024-10-11,9349
00636,國泰中國A50,14,0,14,華南永昌-板橋,2024-10-11,9349
00679B,元大美債20年,23,10,13,華南永昌-板橋,2024-10-11,9349
2498,宏達電,16,3,13,華南永昌-板橋,2024-10-11,9349
5310,天剛,13,0,13,華南永昌-板橋,2024-10-11,9349
2383,台光電,10,0,10,華南永昌-板橋,2024-10-11,9349
1312,國喬,10,0,10,華南永昌-板橋,2024-10-11,9349
2338,光罩,10,0,10,華南永昌-板橋,2024-10-11,9349
6598,ABC-KY,10,0,10,華南永昌-板橋,2024-10-11,9349
00915,凱基優選高股息30,10,0,10,華南永昌-板橋,2024-10-11,9349
00795B,中信美國公債20年,9,0,9,華南永昌-板橋,2024-10-11,9349
00919,群益台灣精選高息,25,16,9,華南永昌-板橋,2024-10-11,9349
4903,聯光通,16,8,8,華南永昌-板橋,2024-10-11,9349
6143,振曜,26,18,8,華南永昌-板橋,2024-10-11,9349
6158,禾昌,8,0,8,華南永昌-板橋,2024-10-11,9349
2303,聯電,7,0,7,華南永昌-板橋,2024-10-11,9349
00673R,期元大S＆P原油反1,7,0,7,華南永昌-板橋,2024-10-11,9349
3532,台勝科,7,0,7,華南永昌-板橋,2024-10-11,9349
6168,宏齊,7,0,7,華南永昌-板橋,2024-10-11,9349
6164,華興,11,5,6,華南永昌-板橋,2024-10-11,9349
3710,連展投控,7,1,6,華南永昌-板橋,2024-10-11,9349
00772B,中信高評級公司債,6,0,6,華南永昌-板橋,2024-10-11,9349
00934,中信成長高股息,6,0,6,華南永昌-板橋,2024-10-11,9349
2206,三陽工業,6,0,6,華南永昌-板橋,2024-10-11,9349
2388,威盛,34,28,6,華南永昌-板橋,2024-10-11,9349
0056,元大高股息,181,25,156,華南永昌-板橋,2024-10-14,9349
00720B,元大投資級公司債,103,0,103,華南永昌-板橋,2024-10-14,9349
1569,濱川,96,13,83,華南永昌-板橋,2024-10-14,9349
3706,神達,81,1,80,華南永昌-板橋,2024-10-14,9349
00922,國泰台灣領袖50,63,0,63,華南永昌-板橋,2024-10-14,9349
8011,台通,72,17,55,華南永昌-板橋,2024-10-14,9349
5230,雷笛克光學,54,0,54,華南永昌-板橋,2024-10-14,9349
00650L,復華香港正2,51,0,51,華南永昌-板橋,2024-10-14,9349
00637L,元大滬深300正2,50,5,45,華南永昌-板橋,2024-10-14,9349
00680L,元大美債20正2,44,0,44,華南永昌-板橋,2024-10-14,9349
1785,光洋科,43,0,43,華南永昌-板橋,2024-10-14,9349
1810,和成,38,1,37,華南永昌-板橋,2024-10-14,9349
2887,台新金,37,1,36,華南永昌-板橋,2024-10-14,9349
2538,基泰,30,0,30,華南永昌-板橋,2024-10-14,9349
2891,中信金,30,0,30,華南永昌-板橋,2024-10-14,9349
4960,誠美材,30,0,30,華南永昌-板橋,2024-10-14,9349
2897,王道銀行,28,0,28,華南永昌-板橋,2024-10-14,9349
00679B,元大美債20年,27,5,22,華南永昌-板橋,2024-10-14,9349
2420,新巨,22,0,22,華南永昌-板橋,2024-10-14,9349
00887,永豐中國科技50大,27,5,22,華南永昌-板橋,2024-10-14,9349
00950B,凱基A級公司債,20,0,20,華南永昌-板橋,2024-10-14,9349
2312,金寶,117,97,20,華南永昌-板橋,2024-10-14,9349
2362,藍天,23,3,20,華南永昌-板橋,2024-10-14,9349
5009,榮剛,20,0,20,華南永昌-板橋,2024-10-14,9349
6290,良維,20,0,20,華南永昌-板橋,2024-10-14,9349
8064,東捷,24,5,19,華南永昌-板橋,2024-10-14,9349
6148,驊宏資,18,0,18,華南永昌-板橋,2024-10-14,9349
00939,統一台灣高息動能,18,1,17,華南永昌-板橋,2024-10-14,9349
6156,松上,27,11,16,華南永昌-板橋,2024-10-14,9349
3231,緯創,17,1,16,華南永昌-板橋,2024-10-14,9349
00937B,群益ESG投等債20,17,1,16,華南永昌-板橋,2024-10-14,9349
2885,元大金,15,0,15,華南永昌-板橋,2024-10-14,9349
2399,映泰,37,23,14,華南永昌-板橋,2024-10-14,9349
6163,華電網,14,0,14,華南永昌-板橋,2024-10-14,9349
2439,美律,12,0,12,華南永昌-板橋,2024-10-14,9349
1584,精剛,11,0,11,華南永昌-板橋,2024-10-14,9349
2520,冠德,11,0,11,華南永昌-板橋,2024-10-14,9349
6649,台生材,11,0,11,華南永昌-板橋,2024-10-14,9349
2356,英業達,15,5,10,華南永昌-板橋,2024-10-14,9349
00633L,富邦上証正2,25,15,10,華南永昌-板橋,2024-10-14,9349
00882,中信中國高股息,13,3,10,華南永昌-板橋,2024-10-14,9349
2467,志聖,10,0,10,華南永昌-板橋,2024-10-14,9349
2888,新光金,12,2,10,華南永昌-板橋,2024-10-14,9349
00912,中信臺灣智慧50,9,0,9,華南永昌-板橋,2024-10-14,9349
00753L,中信中國50正2,13,4,9,華南永昌-板橋,2024-10-14,9349
2540,愛山林,9,1,8,華南永昌-板橋,2024-10-14,9349
5351,鈺創,8,0,8,華南永昌-板橋,2024-10-14,9349
6229,研通,7,0,7,華南永昌-板橋,2024-10-14,9349
1514,亞力,7,0,7,華南永昌-板橋,2024-10-14,9349
3715,定穎投控,28,21,7,華南永昌-板橋,2024-10-14,9349
8011,台通,124,3,121,華南永昌-板橋,2024-10-15,9349
4909,新復興,103,2,101,華南永昌-板橋,2024-10-15,9349
3706,神達,81,5,76,華南永昌-板橋,2024-10-15,9349
2332,友訊,57,0,57,華南永昌-板橋,2024-10-15,9349
6706,惠特,54,2,52,華南永昌-板橋,2024-10-15,9349
2408,南亞科,61,30,31,華南永昌-板橋,2024-10-15,9349
4162,智擎,30,0,30,華南永昌-板橋,2024-10-15,9349
2388,威盛,37,11,26,華南永昌-板橋,2024-10-15,9349
2603,長榮,28,3,25,華南永昌-板橋,2024-10-15,9349
2615,萬海,25,3,22,華南永昌-板橋,2024-10-15,9349
3481,群創,43,21,22,華南永昌-板橋,2024-10-15,9349
00919,群益台灣精選高息,24,2,22,華南永昌-板橋,2024-10-15,9349
00655L,國泰中國A50正2,20,0,20,華南永昌-板橋,2024-10-15,9349
4174,浩鼎,17,0,17,華南永昌-板橋,2024-10-15,9349
2101,南港,17,0,17,華南永昌-板橋,2024-10-15,9349
3013,晟銘電,56,39,17,華南永昌-板橋,2024-10-15,9349
00687B,國泰20年美債,16,0,16,華南永昌-板橋,2024-10-15,9349
2362,藍天,21,6,15,華南永昌-板橋,2024-10-15,9349
5531,鄉林,15,0,15,華南永昌-板橋,2024-10-15,9349
6451,訊芯-KY,16,2,14,華南永昌-板橋,2024-10-15,9349
2449,京元電子,29,15,14,華南永昌-板橋,2024-10-15,9349
1301,台塑,13,0,13,華南永昌-板橋,2024-10-15,9349
2241,艾姆勒,15,3,12,華南永昌-板橋,2024-10-15,9349
2419,仲琦,13,1,12,華南永昌-板橋,2024-10-15,9349
3447,展達,12,0,12,華南永昌-板橋,2024-10-15,9349
2376,技嘉,16,4,12,華南永昌-板橋,2024-10-15,9349
3303,岱稜,11,0,11,華南永昌-板橋,2024-10-15,9349
2356,英業達,15,5,10,華南永昌-板橋,2024-10-15,9349
2601,益航,10,0,10,華南永昌-板橋,2024-10-15,9349
3006,晶豪科,10,0,10,華南永昌-板橋,2024-10-15,9349
3257,虹冠電,10,0,10,華南永昌-板橋,2024-10-15,9349
3664,安瑞-KY,10,0,10,華南永昌-板橋,2024-10-15,9349
00887,永豐中國科技50大,11,2,9,華南永昌-板橋,2024-10-15,9349
3149,正達,27,18,9,華南永昌-板橋,2024-10-15,9349
5347,世界,10,1,9,華南永昌-板橋,2024-10-15,9349
6111,大宇資,9,0,9,華南永昌-板橋,2024-10-15,9349
2887,台新金,8,0,8,華南永昌-板橋,2024-10-15,9349
1595,川寶,20,12,8,華南永昌-板橋,2024-10-15,9349
3033,威健,9,1,8,華南永昌-板橋,2024-10-15,9349
2382,廣達,20,13,7,華南永昌-板橋,2024-10-15,9349
00934,中信成長高股息,10,3,7,華南永昌-板橋,2024-10-15,9349
4956,光鋐,127,120,7,華南永昌-板橋,2024-10-15,9349
4977,眾達-KY,13,6,7,華南永昌-板橋,2024-10-15,9349
6207,雷科,7,0,7,華南永昌-板橋,2024-10-15,9349
3715,定穎投控,7,1,6,華南永昌-板橋,2024-10-15,9349
00922,國泰台灣領袖50,6,0,6,華南永昌-板橋,2024-10-15,9349
00948B,中信優息投資級債,6,0,6,華南永昌-板橋,2024-10-15,9349
3163,波若威,7,1,6,華南永昌-板橋,2024-10-15,9349
3583,辛耘,6,0,6,華南永昌-板橋,2024-10-15,9349
8068,全達,9,3,6,華南永昌-板橋,2024-10-15,9349
2332,友訊,105,0,105,華南永昌-板橋,2024-10-16,9349
2615,萬海,126,24,102,華南永昌-板橋,2024-10-16,9349
2609,陽明,128,31,97,華南永昌-板橋,2024-10-16,9349
6134,萬旭,119,23,96,華南永昌-板橋,2024-10-16,9349
00922,國泰台灣領袖50,74,0,74,華南永昌-板橋,2024-10-16,9349
2885,元大金,85,13,72,華南永昌-板橋,2024-10-16,9349
00715L,期街口布蘭特正2,50,0,50,華南永昌-板橋,2024-10-16,9349
00753L,中信中國50正2,53,10,43,華南永昌-板橋,2024-10-16,9349
2888,新光金,44,2,42,華南永昌-板橋,2024-10-16,9349
00713,元大台灣高息低波,38,0,38,華南永昌-板橋,2024-10-16,9349
3481,群創,40,4,36,華南永昌-板橋,2024-10-16,9349
00632R,元大台灣50反1,40,5,35,華南永昌-板橋,2024-10-16,9349
00642U,期元大S＆P石油,35,0,35,華南永昌-板橋,2024-10-16,9349
2344,華邦電,35,0,35,華南永昌-板橋,2024-10-16,9349
0056,元大高股息,32,0,32,華南永昌-板橋,2024-10-16,9349
4960,誠美材,30,0,30,華南永昌-板橋,2024-10-16,9349
00878,國泰永續高股息,28,0,28,華南永昌-板橋,2024-10-16,9349
5234,達興材料,28,1,27,華南永昌-板橋,2024-10-16,9349
3466,德晉,30,6,24,華南永昌-板橋,2024-10-16,9349
2881,富邦金,24,0,24,華南永昌-板橋,2024-10-16,9349
3312,弘憶股,25,2,23,華南永昌-板橋,2024-10-16,9349
00912,中信臺灣智慧50,22,0,22,華南永昌-板橋,2024-10-16,9349
00943,兆豐電子高息等權,20,0,20,華南永昌-板橋,2024-10-16,9349
3706,神達,20,0,20,華南永昌-板橋,2024-10-16,9349
00637L,元大滬深300正2,40,22,18,華南永昌-板橋,2024-10-16,9349
2323,中環,20,2,18,華南永昌-板橋,2024-10-16,9349
2371,大同,17,0,17,華南永昌-板橋,2024-10-16,9349
3035,智原,17,1,16,華南永昌-板橋,2024-10-16,9349
2365,昆盈,20,4,16,華南永昌-板橋,2024-10-16,9349
00752,中信中國50,15,0,15,華南永昌-板橋,2024-10-16,9349
00687B,國泰20年美債,15,1,14,華南永昌-板橋,2024-10-16,9349
2317,鴻海,21,8,13,華南永昌-板橋,2024-10-16,9349
3015,全漢,13,0,13,華南永昌-板橋,2024-10-16,9349
6770,力積電,13,0,13,華南永昌-板橋,2024-10-16,9349
1314,中石化,38,26,12,華南永昌-板橋,2024-10-16,9349
1326,台化,13,1,12,華南永昌-板橋,2024-10-16,9349
2303,聯電,14,2,12,華南永昌-板橋,2024-10-16,9349
00919,群益台灣精選高息,19,8,11,華南永昌-板橋,2024-10-16,9349
00887,永豐中國科技50大,11,0,11,華南永昌-板橋,2024-10-16,9349
4768,晶呈科技,12,1,11,華南永昌-板橋,2024-10-16,9349
00751B,元大AAA至A公司債,10,0,10,華南永昌-板橋,2024-10-16,9349
00633L,富邦上証正2,10,0,10,華南永昌-板橋,2024-10-16,9349
2014,中鴻,10,0,10,華南永昌-板橋,2024-10-16,9349
2417,圓剛,10,0,10,華南永昌-板橋,2024-10-16,9349
2501,國建,10,0,10,華南永昌-板橋,2024-10-16,9349
3149,正達,77,67,10,華南永昌-板橋,2024-10-16,9349
2455,全新,9,0,9,華南永昌-板橋,2024-10-16,9349
00929,復華台灣科技優息,13,4,9,華南永昌-板橋,2024-10-16,9349
3591,艾笛森,9,0,9,華南永昌-板橋,2024-10-16,9349
4729,熒茂,21,12,9,華南永昌-板橋,2024-10-16,9349
1528,恩德,416,78,338,華南永昌-板橋,2024-10-17,9349
6134,萬旭,126,7,119,華南永昌-板橋,2024-10-17,9349
2312,金寶,263,164,99,華南永昌-板橋,2024-10-17,9349
00679B,元大美債20年,91,7,84,華南永昌-板橋,2024-10-17,9349
2332,友訊,50,0,50,華南永昌-板橋,2024-10-17,9349
3466,德晉,50,0,50,華南永昌-板橋,2024-10-17,9349
2313,華通,45,5,40,華南永昌-板橋,2024-10-17,9349
3706,神達,40,1,39,華南永昌-板橋,2024-10-17,9349
00887,永豐中國科技50大,35,2,33,華南永昌-板橋,2024-10-17,9349
0056,元大高股息,33,1,32,華南永昌-板橋,2024-10-17,9349
00665L,富邦�琤肭磪囓�2,31,0,31,華南永昌-板橋,2024-10-17,9349
3591,艾笛森,32,2,30,華南永昌-板橋,2024-10-17,9349
9105,泰金寶-DR,164,136,28,華南永昌-板橋,2024-10-17,9349
2362,藍天,32,5,27,華南永昌-板橋,2024-10-17,9349
2402,毅嘉,41,18,23,華南永昌-板橋,2024-10-17,9349
2354,鴻準,21,0,21,華南永昌-板橋,2024-10-17,9349
8068,全達,22,1,21,華南永昌-板橋,2024-10-17,9349
2426,鼎元,18,1,17,華南永昌-板橋,2024-10-17,9349
2330,台積電,28,12,16,華南永昌-板橋,2024-10-17,9349
00637L,元大滬深300正2,15,0,15,華南永昌-板橋,2024-10-17,9349
1785,光洋科,34,19,15,華南永昌-板橋,2024-10-17,9349
2464,盟立,20,6,14,華南永昌-板橋,2024-10-17,9349
2887,台新金,14,0,14,華南永昌-板橋,2024-10-17,9349
2543,皇昌,14,1,13,華南永昌-板橋,2024-10-17,9349
4979,華星光,46,33,13,華南永昌-板橋,2024-10-17,9349
00922,國泰台灣領袖50,12,0,12,華南永昌-板橋,2024-10-17,9349
1709,和益,10,0,10,華南永昌-板橋,2024-10-17,9349
2836,高雄銀,10,0,10,華南永昌-板橋,2024-10-17,9349
2903,遠百,10,0,10,華南永昌-板橋,2024-10-17,9349
6168,宏齊,10,0,10,華南永昌-板橋,2024-10-17,9349
6174,安��,10,0,10,華南永昌-板橋,2024-10-17,9349
8201,無敵,10,0,10,華南永昌-板橋,2024-10-17,9349
006208,富邦台50,10,1,9,華南永昌-板橋,2024-10-17,9349
3025,星通,9,0,9,華南永昌-板橋,2024-10-17,9349
8103,瀚荃,17,8,9,華南永昌-板橋,2024-10-17,9349
6829,千附精密,8,0,8,華南永昌-板橋,2024-10-17,9349
0050,元大台灣50,10,2,8,華南永昌-板橋,2024-10-17,9349
4533,協易機,8,0,8,華南永昌-板橋,2024-10-17,9349
6197,佳必琪,9,1,8,華南永昌-板橋,2024-10-17,9349
2382,廣達,16,8,8,華南永昌-板橋,2024-10-17,9349
00912,中信臺灣智慧50,7,0,7,華南永昌-板橋,2024-10-17,9349
2363,矽統,7,0,7,華南永昌-板橋,2024-10-17,9349
6658,聯策,27,20,7,華南永昌-板橋,2024-10-17,9349
1301,台塑,7,1,6,華南永昌-板橋,2024-10-17,9349
2230,泰茂,6,0,6,華南永昌-板橋,2024-10-17,9349
2388,威盛,27,21,6,華南永昌-板橋,2024-10-17,9349
3380,明泰,7,1,6,華南永昌-板橋,2024-10-17,9349
3444,利機,57,51,6,華南永昌-板橋,2024-10-17,9349
6184,大豐電,6,0,6,華南永昌-板橋,2024-10-17,9349
6598,ABC-KY,6,0,6,華南永昌-板橋,2024-10-17,9349
2449,京元電子,94,3,91,華南永昌-板橋,2024-10-18,9349
3706,神達,71,0,71,華南永昌-板橋,2024-10-18,9349
4960,誠美材,70,0,70,華南永昌-板橋,2024-10-18,9349
2402,毅嘉,92,23,69,華南永昌-板橋,2024-10-18,9349
3466,德晉,60,0,60,華南永昌-板橋,2024-10-18,9349
4909,新復興,57,6,51,華南永昌-板橋,2024-10-18,9349
5211,蒙恬,50,0,50,華南永昌-板橋,2024-10-18,9349
6234,高僑,50,0,50,華南永昌-板橋,2024-10-18,9349
00679B,元大美債20年,44,0,44,華南永昌-板橋,2024-10-18,9349
6134,萬旭,44,1,43,華南永昌-板橋,2024-10-18,9349
2303,聯電,40,0,40,華南永昌-板橋,2024-10-18,9349
00945B,凱基美國非投等債,35,0,35,華南永昌-板橋,2024-10-18,9349
00950B,凱基A級公司債,34,0,34,華南永昌-板橋,2024-10-18,9349
1785,光洋科,35,2,33,華南永昌-板橋,2024-10-18,9349
2101,南港,32,0,32,華南永昌-板橋,2024-10-18,9349
5452,佶優,37,6,31,華南永昌-板橋,2024-10-18,9349
2867,三商壽,30,0,30,華南永昌-板橋,2024-10-18,9349
3580,友威科,30,0,30,華南永昌-板橋,2024-10-18,9349
4510,高鋒,115,85,30,華南永昌-板橋,2024-10-18,9349
8028,昇陽半導體,68,40,28,華南永昌-板橋,2024-10-18,9349
00680L,元大美債20正2,27,0,27,華南永昌-板橋,2024-10-18,9349
2367,燿華,34,9,25,華南永昌-板橋,2024-10-18,9349
4979,華星光,34,13,21,華南永昌-板橋,2024-10-18,9349
2399,映泰,45,24,21,華南永昌-板橋,2024-10-18,9349
5347,世界,19,0,19,華南永昌-板橋,2024-10-18,9349
1721,三晃,20,4,16,華南永昌-板橋,2024-10-18,9349
4768,晶呈科技,78,62,16,華南永昌-板橋,2024-10-18,9349
6763,綠界科技*,16,0,16,華南永昌-板橋,2024-10-18,9349
4562,穎漢,83,67,16,華南永昌-板橋,2024-10-18,9349
1584,精剛,15,0,15,華南永昌-板橋,2024-10-18,9349
00632R,元大台灣50反1,15,0,15,華南永昌-板橋,2024-10-18,9349
2520,冠德,18,3,15,華南永昌-板橋,2024-10-18,9349
00918,大華優利高填息30,15,1,14,華南永昌-板橋,2024-10-18,9349
3450,聯鈞,72,58,14,華南永昌-板橋,2024-10-18,9349
6127,九豪,13,0,13,華南永昌-板橋,2024-10-18,9349
00887,永豐中國科技50大,18,5,13,華南永昌-板橋,2024-10-18,9349
00687B,國泰20年美債,12,0,12,華南永昌-板橋,2024-10-18,9349
00959B,大華投等美債15Y+,12,0,12,華南永昌-板橋,2024-10-18,9349
00882,中信中國高股息,11,0,11,華南永昌-板橋,2024-10-18,9349
00720B,元大投資級公司債,11,0,11,華南永昌-板橋,2024-10-18,9349
1711,永光,19,8,11,華南永昌-板橋,2024-10-18,9349
2388,威盛,28,17,11,華南永昌-板橋,2024-10-18,9349
5351,鈺創,11,0,11,華南永昌-板橋,2024-10-18,9349
6213,聯茂,11,0,11,華南永昌-板橋,2024-10-18,9349
00960,野村全球航運龍頭,10,0,10,華南永昌-板橋,2024-10-18,9349
00752,中信中國50,10,0,10,華南永昌-板橋,2024-10-18,9349
2331,精英,10,0,10,華南永昌-板橋,2024-10-18,9349
2349,錸德,10,0,10,華南永昌-板橋,2024-10-18,9349
2527,宏璟,10,0,10,華南永昌-板橋,2024-10-18,9349
6152,百一,10,0,10,華南永昌-板橋,2024-10-18,9349
00937B,群益ESG投等債20,135,0,135,華南永昌-板橋,2024-10-21,9349
3466,德晉,140,16,124,華南永昌-板橋,2024-10-21,9349
3706,神達,107,0,107,華南永昌-板橋,2024-10-21,9349
8043,蜜望實,101,0,101,華南永昌-板橋,2024-10-21,9349
00720B,元大投資級公司債,101,11,90,華南永昌-板橋,2024-10-21,9349
2883,凱基金,81,3,78,華南永昌-板橋,2024-10-21,9349
8064,東捷,107,48,59,華南永昌-板橋,2024-10-21,9349
4114,健喬,57,0,57,華南永昌-板橋,2024-10-21,9349
00637L,元大滬深300正2,63,10,53,華南永昌-板橋,2024-10-21,9349
4909,新復興,52,0,52,華南永昌-板橋,2024-10-21,9349
1802,台玻,55,7,48,華南永昌-板橋,2024-10-21,9349
4533,協易機,50,5,45,華南永昌-板橋,2024-10-21,9349
2371,大同,37,1,36,華南永昌-板橋,2024-10-21,9349
2881,富邦金,30,1,29,華南永昌-板橋,2024-10-21,9349
00940,元大台灣價值高息,35,9,26,華南永昌-板橋,2024-10-21,9349
00950B,凱基A級公司債,25,0,25,華南永昌-板橋,2024-10-21,9349
6142,友勁,25,0,25,華南永昌-板橋,2024-10-21,9349
4576,大銀微系統,54,30,24,華南永昌-板橋,2024-10-21,9349
6152,百一,25,1,24,華南永昌-板橋,2024-10-21,9349
2615,萬海,63,40,23,華南永昌-板橋,2024-10-21,9349
00959B,大華投等美債15Y+,22,0,22,華南永昌-板橋,2024-10-21,9349
6126,信音,23,1,22,華南永昌-板橋,2024-10-21,9349
2884,玉山金,21,0,21,華南永昌-板橋,2024-10-21,9349
2344,華邦電,21,0,21,華南永昌-板橋,2024-10-21,9349
00679B,元大美債20年,20,0,20,華南永昌-板橋,2024-10-21,9349
2501,國建,20,0,20,華南永昌-板橋,2024-10-21,9349
3013,晟銘電,45,25,20,華南永昌-板橋,2024-10-21,9349
0056,元大高股息,49,30,19,華南永昌-板橋,2024-10-21,9349
3444,利機,39,21,18,華南永昌-板橋,2024-10-21,9349
00642U,期元大S＆P石油,19,1,18,華南永昌-板橋,2024-10-21,9349
2891,中信金,19,2,17,華南永昌-板橋,2024-10-21,9349
3481,群創,27,10,17,華南永昌-板橋,2024-10-21,9349
00687B,國泰20年美債,16,0,16,華南永昌-板橋,2024-10-21,9349
1806,冠軍,15,0,15,華南永昌-板橋,2024-10-21,9349
1326,台化,13,0,13,華南永昌-板橋,2024-10-21,9349
4526,東台,48,35,13,華南永昌-板橋,2024-10-21,9349
2359,所羅門,12,0,12,華南永昌-板橋,2024-10-21,9349
3711,日月光投控,12,0,12,華南永昌-板橋,2024-10-21,9349
2362,藍天,11,0,11,華南永昌-板橋,2024-10-21,9349
00945B,凱基美國非投等債,11,0,11,華南永昌-板橋,2024-10-21,9349
3189,景碩,31,20,11,華南永昌-板橋,2024-10-21,9349
3455,由田,11,1,10,華南永昌-板橋,2024-10-21,9349
00655L,國泰中國A50正2,10,0,10,華南永昌-板橋,2024-10-21,9349
2101,南港,16,6,10,華南永昌-板橋,2024-10-21,9349
3056,富華新,10,0,10,華南永昌-板橋,2024-10-21,9349
3543,州巧,10,0,10,華南永昌-板橋,2024-10-21,9349
3704,合勤控,10,0,10,華南永昌-板橋,2024-10-21,9349
4561,健椿,10,0,10,華南永昌-板橋,2024-10-21,9349
4927,泰鼎-KY,10,0,10,華南永昌-板橋,2024-10-21,9349
4979,華星光,21,11,10,華南永昌-板橋,2024-10-21,9349
00687B,國泰20年美債,178,2,176,華南永昌-板橋,2024-10-22,9349
2241,艾姆勒,101,1,100,華南永昌-板橋,2024-10-22,9349
00632R,元大台灣50反1,90,10,80,華南永昌-板橋,2024-10-22,9349
00680L,元大美債20正2,73,0,73,華南永昌-板橋,2024-10-22,9349
2412,中華電,70,0,70,華南永昌-板橋,2024-10-22,9349
3706,神達,70,0,70,華南永昌-板橋,2024-10-22,9349
00950B,凱基A級公司債,69,0,69,華南永昌-板橋,2024-10-22,9349
00679B,元大美債20年,66,3,63,華南永昌-板橋,2024-10-22,9349
00753L,中信中國50正2,52,0,52,華南永昌-板橋,2024-10-22,9349
00937B,群益ESG投等債20,187,153,34,華南永昌-板橋,2024-10-22,9349
00948B,中信優息投資級債,34,0,34,華南永昌-板橋,2024-10-22,9349
3466,德晉,35,1,34,華南永昌-板橋,2024-10-22,9349
2371,大同,38,5,33,華南永昌-板橋,2024-10-22,9349
2474,可成,30,0,30,華南永昌-板橋,2024-10-22,9349
2354,鴻準,30,1,29,華南永昌-板橋,2024-10-22,9349
4903,聯光通,26,3,23,華南永昌-板橋,2024-10-22,9349
3576,聯合再生,21,0,21,華南永昌-板橋,2024-10-22,9349
6134,萬旭,22,1,21,華南永昌-板橋,2024-10-22,9349
2888,新光金,20,0,20,華南永昌-板橋,2024-10-22,9349
3444,利機,20,0,20,華南永昌-板橋,2024-10-22,9349
4540,全球傳動,25,5,20,華南永昌-板橋,2024-10-22,9349
6239,力成,20,0,20,華南永昌-板橋,2024-10-22,9349
00931B,統一美債20年,15,0,15,華南永昌-板橋,2024-10-22,9349
2887,台新金,15,0,15,華南永昌-板橋,2024-10-22,9349
6165,浪凡,13,0,13,華南永昌-板橋,2024-10-22,9349
8996,高力,13,0,13,華南永昌-板橋,2024-10-22,9349
00929,復華台灣科技優息,14,2,12,華南永昌-板橋,2024-10-22,9349
2867,三商壽,12,0,12,華南永昌-板橋,2024-10-22,9349
6179,亞通,18,6,12,華南永昌-板橋,2024-10-22,9349
1809,中釉,11,0,11,華南永昌-板橋,2024-10-22,9349
2101,南港,11,0,11,華南永昌-板橋,2024-10-22,9349
4906,正文,15,4,11,華南永昌-板橋,2024-10-22,9349
006208,富邦台50,11,0,11,華南永昌-板橋,2024-10-22,9349
2610,華航,10,0,10,華南永昌-板橋,2024-10-22,9349
3711,日月光投控,13,3,10,華南永昌-板橋,2024-10-22,9349
4956,光鋐,10,0,10,華南永昌-板橋,2024-10-22,9349
4976,佳凌,10,0,10,華南永昌-板橋,2024-10-22,9349
6180,橘子,10,0,10,華南永昌-板橋,2024-10-22,9349
0050,元大台灣50,10,1,9,華南永昌-板橋,2024-10-22,9349
6246,臺龍,9,0,9,華南永昌-板橋,2024-10-22,9349
8021,尖點,13,4,9,華南永昌-板橋,2024-10-22,9349
4526,東台,8,0,8,華南永昌-板橋,2024-10-22,9349
2201,裕隆,12,4,8,華南永昌-板橋,2024-10-22,9349
2369,菱生,10,2,8,華南永昌-板橋,2024-10-22,9349
2421,建準,8,0,8,華南永昌-板橋,2024-10-22,9349
3049,精金,40,32,8,華南永昌-板橋,2024-10-22,9349
00720B,元大投資級公司債,7,0,7,華南永昌-板橋,2024-10-22,9349
1307,三芳,8,1,7,華南永昌-板橋,2024-10-22,9349
3290,東浦,18,11,7,華南永昌-板橋,2024-10-22,9349
3615,安可,133,126,7,華南永昌-板橋,2024-10-22,9349
2332,友訊,132,50,82,華南永昌-板橋,2024-10-23,9349
2883,凱基金,60,1,59,華南永昌-板橋,2024-10-23,9349
2369,菱生,148,101,47,華南永昌-板橋,2024-10-23,9349
2441,超豐,35,0,35,華南永昌-板橋,2024-10-23,9349
3706,神達,35,0,35,華南永昌-板橋,2024-10-23,9349
00937B,群益ESG投等債20,131,96,35,華南永昌-板橋,2024-10-23,9349
6770,力積電,37,5,32,華南永昌-板橋,2024-10-23,9349
3481,群創,67,41,26,華南永昌-板橋,2024-10-23,9349
00687B,國泰20年美債,25,0,25,華南永昌-板橋,2024-10-23,9349
3466,德晉,25,0,25,華南永昌-板橋,2024-10-23,9349
2618,長榮航,24,0,24,華南永昌-板橋,2024-10-23,9349
2426,鼎元,32,9,23,華南永昌-板橋,2024-10-23,9349
00929,復華台灣科技優息,23,2,21,華南永昌-板橋,2024-10-23,9349
00878,國泰永續高股息,21,0,21,華南永昌-板橋,2024-10-23,9349
2351,順德,20,0,20,華南永昌-板橋,2024-10-23,9349
4157,太景*-KY,20,0,20,華南永昌-板橋,2024-10-23,9349
1528,恩德,87,69,18,華南永昌-板橋,2024-10-23,9349
3714,富采,18,0,18,華南永昌-板橋,2024-10-23,9349
006208,富邦台50,17,0,17,華南永昌-板橋,2024-10-23,9349
8028,昇陽半導體,24,7,17,華南永昌-板橋,2024-10-23,9349
2501,國建,17,0,17,華南永昌-板橋,2024-10-23,9349
4906,正文,17,0,17,華南永昌-板橋,2024-10-23,9349
1717,長興,16,0,16,華南永昌-板橋,2024-10-23,9349
3615,安可,15,0,15,華南永昌-板橋,2024-10-23,9349
6244,茂迪,15,0,15,華南永昌-板橋,2024-10-23,9349
2329,華泰,38,23,15,華南永昌-板橋,2024-10-23,9349
6269,台郡,15,2,13,華南永昌-板橋,2024-10-23,9349
2634,漢翔,13,0,13,華南永昌-板橋,2024-10-23,9349
2412,中華電,13,0,13,華南永昌-板橋,2024-10-23,9349
0056,元大高股息,12,0,12,華南永昌-板橋,2024-10-23,9349
2313,華通,14,2,12,華南永昌-板橋,2024-10-23,9349
6127,九豪,23,11,12,華南永昌-板橋,2024-10-23,9349
6167,久正,12,0,12,華南永昌-板橋,2024-10-23,9349
00688L,國泰20年美債正2,11,0,11,華南永昌-板橋,2024-10-23,9349
2354,鴻準,11,0,11,華南永昌-板橋,2024-10-23,9349
2449,京元電子,12,1,11,華南永昌-板橋,2024-10-23,9349
1314,中石化,16,6,10,華南永昌-板橋,2024-10-23,9349
2881,富邦金,10,0,10,華南永昌-板橋,2024-10-23,9349
00945B,凱基美國非投等債,10,0,10,華南永昌-板橋,2024-10-23,9349
2002,中鋼,10,0,10,華南永昌-板橋,2024-10-23,9349
2845,遠東銀,10,0,10,華南永昌-板橋,2024-10-23,9349
3312,弘憶股,10,0,10,華南永昌-板橋,2024-10-23,9349
3483,力致,10,0,10,華南永昌-板橋,2024-10-23,9349
5371,中光電,10,0,10,華南永昌-板橋,2024-10-23,9349
5386,青雲,58,48,10,華南永昌-板橋,2024-10-23,9349
8105,凌巨,10,0,10,華南永昌-板橋,2024-10-23,9349
00679B,元大美債20年,9,0,9,華南永昌-板橋,2024-10-23,9349
1582,信錦,10,1,9,華南永昌-板橋,2024-10-23,9349
2451,創見,9,0,9,華南永昌-板橋,2024-10-23,9349
6143,振曜,9,0,9,華南永昌-板橋,2024-10-23,9349
2388,威盛,86,6,80,華南永昌-板橋,2024-10-24,9349
1802,台玻,90,36,54,華南永昌-板橋,2024-10-24,9349
2371,大同,58,6,52,華南永昌-板橋,2024-10-24,9349
3551,世禾,51,6,45,華南永昌-板橋,2024-10-24,9349
2354,鴻準,137,92,45,華南永昌-板橋,2024-10-24,9349
3466,德晉,40,0,40,華南永昌-板橋,2024-10-24,9349
3706,神達,40,0,40,華南永昌-板橋,2024-10-24,9349
1785,光洋科,41,2,39,華南永昌-板橋,2024-10-24,9349
2449,京元電子,57,22,35,華南永昌-板橋,2024-10-24,9349
0056,元大高股息,33,0,33,華南永昌-板橋,2024-10-24,9349
00929,復華台灣科技優息,33,1,32,華南永昌-板橋,2024-10-24,9349
00945B,凱基美國非投等債,30,0,30,華南永昌-板橋,2024-10-24,9349
00950B,凱基A級公司債,30,0,30,華南永昌-板橋,2024-10-24,9349
3049,精金,30,0,30,華南永昌-板橋,2024-10-24,9349
00919,群益台灣精選高息,32,4,28,華南永昌-板橋,2024-10-24,9349
3481,群創,28,2,26,華南永昌-板橋,2024-10-24,9349
2891,中信金,22,0,22,華南永昌-板橋,2024-10-24,9349
4906,正文,21,0,21,華南永昌-板橋,2024-10-24,9349
00938,凱基優選30,20,0,20,華南永昌-板橋,2024-10-24,9349
2351,順德,20,0,20,華南永昌-板橋,2024-10-24,9349
2486,一詮,36,16,20,華南永昌-板橋,2024-10-24,9349
2382,廣達,27,8,19,華南永昌-板橋,2024-10-24,9349
00637L,元大滬深300正2,18,0,18,華南永昌-板橋,2024-10-24,9349
4716,大立,20,2,18,華南永昌-板橋,2024-10-24,9349
4768,晶呈科技,56,38,18,華南永昌-板橋,2024-10-24,9349
2887,台新金,17,0,17,華南永昌-板橋,2024-10-24,9349
00679B,元大美債20年,17,0,17,華南永昌-板橋,2024-10-24,9349
6134,萬旭,17,1,16,華南永昌-板橋,2024-10-24,9349
00751B,元大AAA至A公司債,15,0,15,華南永昌-板橋,2024-10-24,9349
2201,裕隆,17,2,15,華南永昌-板橋,2024-10-24,9349
3450,聯鈞,42,27,15,華南永昌-板橋,2024-10-24,9349
1528,恩德,156,142,14,華南永昌-板橋,2024-10-24,9349
6609,瀧澤科,49,36,13,華南永昌-板橋,2024-10-24,9349
1560,中砂,13,1,12,華南永昌-板橋,2024-10-24,9349
3037,欣興,16,4,12,華南永昌-板橋,2024-10-24,9349
6143,振曜,12,0,12,華南永昌-板橋,2024-10-24,9349
1609,大亞,12,0,12,華南永昌-板橋,2024-10-24,9349
00878,國泰永續高股息,12,0,12,華南永昌-板橋,2024-10-24,9349
8096,擎亞,14,3,11,華南永昌-板橋,2024-10-24,9349
0050,元大台灣50,11,0,11,華南永昌-板橋,2024-10-24,9349
2101,南港,11,0,11,華南永昌-板橋,2024-10-24,9349
2362,藍天,12,1,11,華南永昌-板橋,2024-10-24,9349
5202,力新,13,2,11,華南永昌-板橋,2024-10-24,9349
8028,昇陽半導體,23,12,11,華南永昌-板橋,2024-10-24,9349
00688L,國泰20年美債正2,10,0,10,華南永昌-板橋,2024-10-24,9349
00724B,群益投資級金融債,10,0,10,華南永昌-板橋,2024-10-24,9349
1905,華紙,10,0,10,華南永昌-板橋,2024-10-24,9349
2332,友訊,10,0,10,華南永昌-板橋,2024-10-24,9349
2501,國建,10,0,10,華南永昌-板橋,2024-10-24,9349
3312,弘憶股,11,1,10,華南永昌-板橋,2024-10-24,9349
2646,星宇航空,193,70,123,華南永昌-板橋,2024-10-25,9349
2610,華航,141,25,116,華南永昌-板橋,2024-10-25,9349
4960,誠美材,70,0,70,華南永昌-板橋,2024-10-25,9349
2618,長榮航,73,6,67,華南永昌-板橋,2024-10-25,9349
2317,鴻海,91,61,30,華南永昌-板橋,2024-10-25,9349
00882,中信中國高股息,30,0,30,華南永昌-板橋,2024-10-25,9349
2495,普安,109,82,27,華南永昌-板橋,2024-10-25,9349
2351,順德,23,1,22,華南永昌-板橋,2024-10-25,9349
4919,新唐,48,27,21,華南永昌-板橋,2024-10-25,9349
2888,新光金,23,2,21,華南永昌-板橋,2024-10-25,9349
8068,全達,26,7,19,華南永昌-板橋,2024-10-25,9349
3706,神達,20,2,18,華南永昌-板橋,2024-10-25,9349
00950B,凱基A級公司債,17,0,17,華南永昌-板橋,2024-10-25,9349
4739,康普,15,0,15,華南永昌-板橋,2024-10-25,9349
9955,佳龍,15,0,15,華南永昌-板橋,2024-10-25,9349
2337,旺宏,14,0,14,華南永昌-板橋,2024-10-25,9349
2344,華邦電,17,4,13,華南永昌-板橋,2024-10-25,9349
4726,永昕,11,0,11,華南永昌-板橋,2024-10-25,9349
5351,鈺創,11,0,11,華南永昌-板橋,2024-10-25,9349
1447,力鵬,10,0,10,華南永昌-板橋,2024-10-25,9349
2427,三商電,10,0,10,華南永昌-板橋,2024-10-25,9349
2845,遠東銀,10,0,10,華南永昌-板橋,2024-10-25,9349
4523,永彰,10,0,10,華南永昌-板橋,2024-10-25,9349
2884,玉山金,9,0,9,華南永昌-板橋,2024-10-25,9349
00948B,中信優息投資級債,10,1,9,華南永昌-板橋,2024-10-25,9349
3450,聯鈞,31,22,9,華南永昌-板橋,2024-10-25,9349
6151,晉倫,9,0,9,華南永昌-板橋,2024-10-25,9349
6770,力積電,10,1,9,華南永昌-板橋,2024-10-25,9349
00887,永豐中國科技50大,10,2,8,華南永昌-板橋,2024-10-25,9349
00893,國泰智能電動車,9,1,8,華南永昌-板橋,2024-10-25,9349
1785,光洋科,10,2,8,華南永昌-板橋,2024-10-25,9349
2233,宇隆,8,0,8,華南永昌-板橋,2024-10-25,9349
2887,台新金,9,1,8,華南永昌-板橋,2024-10-25,9349
4979,華星光,7,0,7,華南永昌-板橋,2024-10-25,9349
6275,元山,7,0,7,華南永昌-板橋,2024-10-25,9349
6443,元晶,7,0,7,華南永昌-板橋,2024-10-25,9349
8084,巨虹,7,0,7,華南永昌-板橋,2024-10-25,9349
4768,晶呈科技,112,105,7,華南永昌-板橋,2024-10-25,9349
2308,台達電,8,2,6,華南永昌-板橋,2024-10-25,9349
2883,凱基金,22,16,6,華南永昌-板橋,2024-10-25,9349
3714,富采,6,0,6,華南永昌-板橋,2024-10-25,9349
6589,台康生技,6,0,6,華南永昌-板橋,2024-10-25,9349
8064,東捷,16,10,6,華南永昌-板橋,2024-10-25,9349
2363,矽統,7,1,6,華南永昌-板橋,2024-10-25,9349
3029,零壹,5,0,5,華南永昌-板橋,2024-10-25,9349
8096,擎亞,6,1,5,華南永昌-板橋,2024-10-25,9349
3105,穩懋,6,1,5,華南永昌-板橋,2024-10-25,9349
1539,巨庭,5,0,5,華南永昌-板橋,2024-10-25,9349
1721,三晃,5,0,5,華南永昌-板橋,2024-10-25,9349
2478,大毅,10,5,5,華南永昌-板橋,2024-10-25,9349
00715L,期街口布蘭特正2,56,0,56,華南永昌-板橋,2024-10-28,9349
00679B,元大美債20年,52,0,52,華南永昌-板橋,2024-10-28,9349
3706,神達,50,0,50,華南永昌-板橋,2024-10-28,9349
00937B,群益ESG投等債20,49,0,49,華南永昌-板橋,2024-10-28,9349
2317,鴻海,71,27,44,華南永昌-板橋,2024-10-28,9349
3015,全漢,42,0,42,華南永昌-板橋,2024-10-28,9349
3438,類比科,39,0,39,華南永昌-板橋,2024-10-28,9349
1785,光洋科,33,0,33,華南永昌-板橋,2024-10-28,9349
00919,群益台灣精選高息,30,0,30,華南永昌-板橋,2024-10-28,9349
00864B,中信美國公債0-1,30,0,30,華南永昌-板橋,2024-10-28,9349
2880,華南金,30,0,30,華南永昌-板橋,2024-10-28,9349
3543,州巧,30,0,30,華南永昌-板橋,2024-10-28,9349
6194,育富,30,0,30,華南永昌-板橋,2024-10-28,9349
6143,振曜,29,0,29,華南永昌-板橋,2024-10-28,9349
2354,鴻準,107,80,27,華南永昌-板橋,2024-10-28,9349
1815,富喬,26,1,25,華南永昌-板橋,2024-10-28,9349
2303,聯電,22,0,22,華南永昌-板橋,2024-10-28,9349
3689,湧德,20,0,20,華南永昌-板橋,2024-10-28,9349
4960,誠美材,20,0,20,華南永昌-板橋,2024-10-28,9349
6246,臺龍,20,0,20,華南永昌-板橋,2024-10-28,9349
2646,星宇航空,78,59,19,華南永昌-板橋,2024-10-28,9349
00882,中信中國高股息,20,2,18,華南永昌-板橋,2024-10-28,9349
2344,華邦電,16,0,16,華南永昌-板橋,2024-10-28,9349
4768,晶呈科技,19,3,16,華南永昌-板橋,2024-10-28,9349
6770,力積電,16,0,16,華南永昌-板橋,2024-10-28,9349
6180,橘子,16,0,16,華南永昌-板橋,2024-10-28,9349
3231,緯創,59,43,16,華南永昌-板橋,2024-10-28,9349
2603,長榮,19,3,16,華南永昌-板橋,2024-10-28,9349
00637L,元大滬深300正2,15,0,15,華南永昌-板橋,2024-10-28,9349
5202,力新,21,6,15,華南永昌-板橋,2024-10-28,9349
2330,台積電,15,0,15,華南永昌-板橋,2024-10-28,9349
8111,立��,22,9,13,華南永昌-板橋,2024-10-28,9349
00948B,中信優息投資級債,12,0,12,華南永昌-板橋,2024-10-28,9349
2363,矽統,26,14,12,華南永昌-板橋,2024-10-28,9349
3081,聯亞,13,2,11,華南永昌-板橋,2024-10-28,9349
3481,群創,31,20,11,華南永昌-板橋,2024-10-28,9349
6165,浪凡,11,0,11,華南永昌-板橋,2024-10-28,9349
0056,元大高股息,16,5,11,華南永昌-板橋,2024-10-28,9349
00650L,復華香港正2,10,0,10,華南永昌-板橋,2024-10-28,9349
00688L,國泰20年美債正2,11,1,10,華南永昌-板橋,2024-10-28,9349
00945B,凱基美國非投等債,10,0,10,華南永昌-板橋,2024-10-28,9349
00959B,大華投等美債15Y+,10,0,10,華南永昌-板橋,2024-10-28,9349
2032,新鋼,10,0,10,華南永昌-板橋,2024-10-28,9349
2611,志信,10,0,10,華南永昌-板橋,2024-10-28,9349
2891,中信金,10,0,10,華南永昌-板橋,2024-10-28,9349
3290,東浦,15,5,10,華南永昌-板橋,2024-10-28,9349
4729,熒茂,10,0,10,華南永昌-板橋,2024-10-28,9349
00712,復華富時不動產,9,0,9,華南永昌-板橋,2024-10-28,9349
2349,錸德,9,0,9,華南永昌-板橋,2024-10-28,9349
4114,健喬,9,0,9,華南永昌-板橋,2024-10-28,9349
4960,誠美材,273,1,272,華南永昌-板橋,2024-10-29,9349
00887,永豐中國科技50大,148,17,131,華南永昌-板橋,2024-10-29,9349
00959B,大華投等美債15Y+,111,0,111,華南永昌-板橋,2024-10-29,9349
00919,群益台灣精選高息,101,5,96,華南永昌-板橋,2024-10-29,9349
0056,元大高股息,82,0,82,華南永昌-板橋,2024-10-29,9349
2362,藍天,81,0,81,華南永昌-板橋,2024-10-29,9349
00929,復華台灣科技優息,80,2,78,華南永昌-板橋,2024-10-29,9349
00940,元大台灣價值高息,74,0,74,華南永昌-板橋,2024-10-29,9349
2892,第一金,62,0,62,華南永昌-板橋,2024-10-29,9349
2646,星宇航空,69,10,59,華南永昌-板橋,2024-10-29,9349
00946,群益科技高息成長,56,0,56,華南永昌-板橋,2024-10-29,9349
00878,國泰永續高股息,53,0,53,華南永昌-板橋,2024-10-29,9349
00900,富邦特選高股息30,51,0,51,華南永昌-板橋,2024-10-29,9349
3290,東浦,58,10,48,華南永昌-板橋,2024-10-29,9349
00642U,期元大S＆P石油,35,0,35,華南永昌-板橋,2024-10-29,9349
6270,倍微,26,0,26,華南永昌-板橋,2024-10-29,9349
3551,世禾,27,2,25,華南永昌-板橋,2024-10-29,9349
2303,聯電,25,0,25,華南永昌-板橋,2024-10-29,9349
2392,正崴,28,7,21,華南永昌-板橋,2024-10-29,9349
3437,榮創,21,0,21,華南永昌-板橋,2024-10-29,9349
2330,台積電,29,9,20,華南永昌-板橋,2024-10-29,9349
00646,元大S＆P500,20,0,20,華南永昌-板橋,2024-10-29,9349
2883,凱基金,20,0,20,華南永昌-板橋,2024-10-29,9349
4545,銘鈺,21,1,20,華南永昌-板橋,2024-10-29,9349
4908,前鼎,20,2,18,華南永昌-板橋,2024-10-29,9349
6191,精成科,16,0,16,華南永昌-板橋,2024-10-29,9349
2887,台新金,25,9,16,華南永昌-板橋,2024-10-29,9349
00675L,富邦臺灣加權正2,15,0,15,華南永昌-板橋,2024-10-29,9349
1449,佳和,23,8,15,華南永昌-板橋,2024-10-29,9349
2611,志信,15,0,15,華南永昌-板橋,2024-10-29,9349
4961,天鈺,14,0,14,華南永昌-板橋,2024-10-29,9349
00687B,國泰20年美債,13,0,13,華南永昌-板橋,2024-10-29,9349
00915,凱基優選高股息30,12,0,12,華南永昌-板橋,2024-10-29,9349
00637L,元大滬深300正2,14,3,11,華南永昌-板橋,2024-10-29,9349
2302,麗正,11,0,11,華南永昌-板橋,2024-10-29,9349
2520,冠德,11,0,11,華南永昌-板橋,2024-10-29,9349
3013,晟銘電,15,4,11,華南永昌-板橋,2024-10-29,9349
6194,育富,11,0,11,華南永昌-板橋,2024-10-29,9349
0050,元大台灣50,11,0,11,華南永昌-板橋,2024-10-29,9349
00830,國泰費城半導體,10,0,10,華南永昌-板橋,2024-10-29,9349
1905,華紙,10,0,10,華南永昌-板橋,2024-10-29,9349
2027,大成鋼,10,0,10,華南永昌-板橋,2024-10-29,9349
3675,德微,10,0,10,華南永昌-板橋,2024-10-29,9349
6134,萬旭,15,5,10,華南永昌-板橋,2024-10-29,9349
2408,南亞科,9,0,9,華南永昌-板橋,2024-10-29,9349
3176,基亞,9,0,9,華南永昌-板橋,2024-10-29,9349
6274,台燿,9,0,9,華南永昌-板橋,2024-10-29,9349
2431,聯昌,10,2,8,華南永昌-板橋,2024-10-29,9349
1513,中興電,8,1,7,華南永昌-板橋,2024-10-29,9349
3037,欣興,8,1,7,華南永昌-板橋,2024-10-29,9349
3518,柏騰,100,0,100,華南永昌-板橋,2024-10-30,9349
00919,群益台灣精選高息,61,7,54,華南永昌-板橋,2024-10-30,9349
00959B,大華投等美債15Y+,44,0,44,華南永昌-板橋,2024-10-30,9349
00929,復華台灣科技優息,45,8,37,華南永昌-板橋,2024-10-30,9349
2618,長榮航,33,0,33,華南永昌-板橋,2024-10-30,9349
2887,台新金,32,0,32,華南永昌-板橋,2024-10-30,9349
6239,力成,30,0,30,華南永昌-板橋,2024-10-30,9349
8044,網家,47,19,28,華南永昌-板橋,2024-10-30,9349
00637L,元大滬深300正2,30,3,27,華南永昌-板橋,2024-10-30,9349
00878,國泰永續高股息,61,38,23,華南永昌-板橋,2024-10-30,9349
2646,星宇航空,26,4,22,華南永昌-板橋,2024-10-30,9349
00753L,中信中國50正2,20,0,20,華南永昌-板橋,2024-10-30,9349
3706,神達,20,0,20,華南永昌-板橋,2024-10-30,9349
2303,聯電,23,5,18,華南永昌-板橋,2024-10-30,9349
1568,倉佑,18,0,18,華南永昌-板橋,2024-10-30,9349
6194,育富,18,0,18,華南永昌-板橋,2024-10-30,9349
1528,恩德,50,33,17,華南永昌-板橋,2024-10-30,9349
2230,泰茂,17,0,17,華南永昌-板橋,2024-10-30,9349
2313,華通,17,1,16,華南永昌-板橋,2024-10-30,9349
00665L,富邦�琤肭磪囓�2,15,0,15,華南永昌-板橋,2024-10-30,9349
2317,鴻海,35,20,15,華南永昌-板橋,2024-10-30,9349
3481,群創,21,7,14,華南永昌-板橋,2024-10-30,9349
3290,東浦,59,46,13,華南永昌-板橋,2024-10-30,9349
006208,富邦台50,12,0,12,華南永昌-板橋,2024-10-30,9349
6191,精成科,12,0,12,華南永昌-板橋,2024-10-30,9349
0056,元大高股息,12,0,12,華南永昌-板橋,2024-10-30,9349
4768,晶呈科技,35,24,11,華南永昌-板橋,2024-10-30,9349
00715L,期街口布蘭特正2,10,0,10,華南永昌-板橋,2024-10-30,9349
2881,富邦金,10,0,10,華南永昌-板橋,2024-10-30,9349
00953B,群益優選非投等債,10,0,10,華南永昌-板橋,2024-10-30,9349
00740B,富邦全球投等債,10,0,10,華南永昌-板橋,2024-10-30,9349
1909,榮成,10,0,10,華南永昌-板橋,2024-10-30,9349
2409,友達,10,0,10,華南永昌-板橋,2024-10-30,9349
2834,臺企銀,10,0,10,華南永昌-板橋,2024-10-30,9349
2603,長榮,10,1,9,華南永昌-板橋,2024-10-30,9349
2388,威盛,20,11,9,華南永昌-板橋,2024-10-30,9349
3047,訊舟,9,0,9,華南永昌-板橋,2024-10-30,9349
3550,聯穎,9,0,9,華南永昌-板橋,2024-10-30,9349
6133,金橋,9,0,9,華南永昌-板橋,2024-10-30,9349
6143,振曜,10,1,9,華南永昌-板橋,2024-10-30,9349
2344,華邦電,10,2,8,華南永昌-板橋,2024-10-30,9349
2337,旺宏,10,2,8,華南永昌-板橋,2024-10-30,9349
2329,華泰,10,2,8,華南永昌-板橋,2024-10-30,9349
4919,新唐,60,52,8,華南永昌-板橋,2024-10-30,9349
3581,博磊,14,7,7,華南永昌-板橋,2024-10-30,9349
6134,萬旭,9,2,7,華南永昌-板橋,2024-10-30,9349
00915,凱基優選高股息30,6,0,6,華南永昌-板橋,2024-10-30,9349
1569,濱川,6,0,6,華南永昌-板橋,2024-10-30,9349
2328,廣宇,10,4,6,華南永昌-板橋,2024-10-30,9349
6208,日揚,6,0,6,華南永昌-板橋,2024-10-30,9349
6134,萬旭,118,7,111,華南永昌-板橋,2024-11-01,9349
4960,誠美材,80,0,80,華南永昌-板橋,2024-11-01,9349
5291,邑昇,79,0,79,華南永昌-板橋,2024-11-01,9349
00929,復華台灣科技優息,84,23,61,華南永昌-板橋,2024-11-01,9349
2349,錸德,51,0,51,華南永昌-板橋,2024-11-01,9349
2303,聯電,56,7,49,華南永昌-板橋,2024-11-01,9349
00882,中信中國高股息,40,0,40,華南永昌-板橋,2024-11-01,9349
00878,國泰永續高股息,40,2,38,華南永昌-板橋,2024-11-01,9349
3706,神達,39,1,38,華南永昌-板橋,2024-11-01,9349
00712,復華富時不動產,32,0,32,華南永昌-板橋,2024-11-01,9349
3176,基亞,26,0,26,華南永昌-板橋,2024-11-01,9349
2881,富邦金,23,1,22,華南永昌-板橋,2024-11-01,9349
2329,華泰,22,0,22,華南永昌-板橋,2024-11-01,9349
2317,鴻海,45,24,21,華南永昌-板橋,2024-11-01,9349
0056,元大高股息,22,1,21,華南永昌-板橋,2024-11-01,9349
9105,泰金寶-DR,20,0,20,華南永昌-板橋,2024-11-01,9349
00770,國泰北美科技,20,0,20,華南永昌-板橋,2024-11-01,9349
00945B,凱基美國非投等債,20,0,20,華南永昌-板橋,2024-11-01,9349
2302,麗正,19,0,19,華南永昌-板橋,2024-11-01,9349
2834,臺企銀,17,0,17,華南永昌-板橋,2024-11-01,9349
2354,鴻準,204,188,16,華南永昌-板橋,2024-11-01,9349
00665L,富邦�琤肭磪囓�2,15,0,15,華南永昌-板橋,2024-11-01,9349
4104,佳醫,15,0,15,華南永昌-板橋,2024-11-01,9349
2405,輔信,13,0,13,華南永昌-板橋,2024-11-01,9349
5880,合庫金,14,1,13,華南永昌-板橋,2024-11-01,9349
00751B,元大AAA至A公司債,13,1,12,華南永昌-板橋,2024-11-01,9349
00948B,中信優息投資級債,15,3,12,華南永昌-板橋,2024-11-01,9349
2330,台積電,15,5,10,華南永昌-板橋,2024-11-01,9349
3481,群創,11,1,10,華南永昌-板橋,2024-11-01,9349
6143,振曜,10,0,10,華南永昌-板橋,2024-11-01,9349
00933B,國泰10Y+金融債,10,0,10,華南永昌-板橋,2024-11-01,9349
00931B,統一美債20年,10,0,10,華南永昌-板橋,2024-11-01,9349
1234,黑松,10,0,10,華南永昌-板橋,2024-11-01,9349
2337,旺宏,16,6,10,華南永昌-板橋,2024-11-01,9349
2497,怡利電,10,0,10,華南永昌-板橋,2024-11-01,9349
8374,羅昇,10,0,10,華南永昌-板橋,2024-11-01,9349
00919,群益台灣精選高息,26,17,9,華南永昌-板橋,2024-11-01,9349
3019,亞光,9,0,9,華南永昌-板橋,2024-11-01,9349
3211,順達,9,0,9,華南永昌-板橋,2024-11-01,9349
6706,惠特,10,1,9,華南永昌-板橋,2024-11-01,9349
3047,訊舟,11,3,8,華南永昌-板橋,2024-11-01,9349
00881,國泰台灣5G+,8,0,8,華南永昌-板橋,2024-11-01,9349
2887,台新金,8,0,8,華南永昌-板橋,2024-11-01,9349
00915,凱基優選高股息30,8,0,8,華南永昌-板橋,2024-11-01,9349
2543,皇昌,16,9,7,華南永昌-板橋,2024-11-01,9349
2363,矽統,12,6,6,華南永昌-板橋,2024-11-01,9349
8996,高力,7,1,6,華南永昌-板橋,2024-11-01,9349
2353,宏��,8,2,6,華南永昌-板橋,2024-11-01,9349
2408,南亞科,6,0,6,華南永昌-板橋,2024-11-01,9349
2891,中信金,8,2,6,華南永昌-板橋,2024-11-01,9349
6134,萬旭,128,13,115,華南永昌-板橋,2024-11-04,9349
00933B,國泰10Y+金融債,102,0,102,華南永昌-板橋,2024-11-04,9349
4908,前鼎,101,1,100,華南永昌-板橋,2024-11-04,9349
00637L,元大滬深300正2,94,11,83,華南永昌-板橋,2024-11-04,9349
00878,國泰永續高股息,69,1,68,華南永昌-板橋,2024-11-04,9349
2354,鴻準,315,248,67,華南永昌-板橋,2024-11-04,9349
8089,康全電訊,51,0,51,華南永昌-板橋,2024-11-04,9349
00919,群益台灣精選高息,43,3,40,華南永昌-板橋,2024-11-04,9349
00665L,富邦�琤肭磪囓�2,35,0,35,華南永昌-板橋,2024-11-04,9349
2303,聯電,42,7,35,華南永昌-板橋,2024-11-04,9349
00937B,群益ESG投等債20,33,0,33,華南永昌-板橋,2024-11-04,9349
00948B,中信優息投資級債,32,0,32,華南永昌-板橋,2024-11-04,9349
4563,百德,30,0,30,華南永昌-板橋,2024-11-04,9349
1336,台翰,26,0,26,華南永昌-板橋,2024-11-04,9349
2646,星宇航空,41,17,24,華南永昌-板橋,2024-11-04,9349
00741B,富邦全球非投等債,22,0,22,華南永昌-板橋,2024-11-04,9349
2501,國建,21,0,21,華南永昌-板橋,2024-11-04,9349
2409,友達,20,0,20,華南永昌-板橋,2024-11-04,9349
2609,陽明,68,48,20,華南永昌-板橋,2024-11-04,9349
00934,中信成長高股息,21,1,20,華南永昌-板橋,2024-11-04,9349
1447,力鵬,20,0,20,華南永昌-板橋,2024-11-04,9349
2002,中鋼,21,1,20,華南永昌-板橋,2024-11-04,9349
2302,麗正,20,0,20,華南永昌-板橋,2024-11-04,9349
2338,光罩,20,0,20,華南永昌-板橋,2024-11-04,9349
2543,皇昌,28,8,20,華南永昌-板橋,2024-11-04,9349
6197,佳必琪,15,0,15,華南永昌-板橋,2024-11-04,9349
2101,南港,15,0,15,華南永昌-板橋,2024-11-04,9349
3176,基亞,15,0,15,華南永昌-板橋,2024-11-04,9349
2329,華泰,19,6,13,華南永昌-板橋,2024-11-04,9349
2337,旺宏,23,10,13,華南永昌-板橋,2024-11-04,9349
3019,亞光,13,0,13,華南永昌-板橋,2024-11-04,9349
2388,威盛,13,2,11,華南永昌-板橋,2024-11-04,9349
2362,藍天,11,0,11,華南永昌-板橋,2024-11-04,9349
8016,矽創,11,0,11,華南永昌-板橋,2024-11-04,9349
2615,萬海,55,44,11,華南永昌-板橋,2024-11-04,9349
0056,元大高股息,10,0,10,華南永昌-板橋,2024-11-04,9349
00950B,凱基A級公司債,10,0,10,華南永昌-板橋,2024-11-04,9349
2608,嘉里大榮,10,0,10,華南永昌-板橋,2024-11-04,9349
3033,威健,10,0,10,華南永昌-板橋,2024-11-04,9349
4960,誠美材,10,0,10,華南永昌-板橋,2024-11-04,9349
8021,尖點,11,1,10,華南永昌-板橋,2024-11-04,9349
8110,華東,10,0,10,華南永昌-板橋,2024-11-04,9349
4919,新唐,42,33,9,華南永昌-板橋,2024-11-04,9349
00679B,元大美債20年,8,0,8,華南永昌-板橋,2024-11-04,9349
00632R,元大台灣50反1,8,0,8,華南永昌-板橋,2024-11-04,9349
00680L,元大美債20正2,10,2,8,華南永昌-板橋,2024-11-04,9349
00900,富邦特選高股息30,8,0,8,華南永昌-板橋,2024-11-04,9349
00881,國泰台灣5G+,7,0,7,華南永昌-板橋,2024-11-04,9349
1560,中砂,7,0,7,華南永昌-板橋,2024-11-04,9349
3406,玉晶光,6,0,6,華南永昌-板橋,2024-11-04,9349
00937B,群益ESG投等債20,257,8,249,華南永昌-板橋,2024-11-05,9349
6134,萬旭,107,0,107,華南永昌-板橋,2024-11-05,9349
00632R,元大台灣50反1,102,0,102,華南永昌-板橋,2024-11-05,9349
2426,鼎元,60,0,60,華南永昌-板橋,2024-11-05,9349
2303,聯電,72,14,58,華南永昌-板橋,2024-11-05,9349
00919,群益台灣精選高息,41,0,41,華南永昌-板橋,2024-11-05,9349
4960,誠美材,40,0,40,華南永昌-板橋,2024-11-05,9349
2317,鴻海,31,6,25,華南永昌-板橋,2024-11-05,9349
2351,順德,24,0,24,華南永昌-板橋,2024-11-05,9349
2332,友訊,20,0,20,華南永昌-板橋,2024-11-05,9349
2409,友達,20,0,20,華南永昌-板橋,2024-11-05,9349
3176,基亞,25,5,20,華南永昌-板橋,2024-11-05,9349
6194,育富,20,0,20,華南永昌-板橋,2024-11-05,9349
1528,恩德,21,2,19,華南永昌-板橋,2024-11-05,9349
3015,全漢,20,1,19,華南永昌-板橋,2024-11-05,9349
00946,群益科技高息成長,14,0,14,華南永昌-板橋,2024-11-05,9349
2637,慧洋-KY,14,1,13,華南永昌-板橋,2024-11-05,9349
2405,輔信,21,9,12,華南永昌-板橋,2024-11-05,9349
00929,復華台灣科技優息,31,20,11,華南永昌-板橋,2024-11-05,9349
2329,華泰,13,2,11,華南永昌-板橋,2024-11-05,9349
6270,倍微,11,0,11,華南永昌-板橋,2024-11-05,9349
2615,萬海,119,108,11,華南永昌-板橋,2024-11-05,9349
00679B,元大美債20年,12,2,10,華南永昌-板橋,2024-11-05,9349
00633L,富邦上証正2,10,0,10,華南永昌-板橋,2024-11-05,9349
1301,台塑,10,0,10,華南永昌-板橋,2024-11-05,9349
2338,光罩,10,0,10,華南永昌-板橋,2024-11-05,9349
2488,漢平,10,0,10,華南永昌-板橋,2024-11-05,9349
2832,台產,10,0,10,華南永昌-板橋,2024-11-05,9349
2449,京元電子,42,32,10,華南永昌-板橋,2024-11-05,9349
3711,日月光投控,10,0,10,華南永昌-板橋,2024-11-05,9349
00655L,國泰中國A50正2,9,0,9,華南永昌-板橋,2024-11-05,9349
2328,廣宇,11,2,9,華南永昌-板橋,2024-11-05,9349
2399,映泰,16,7,9,華南永昌-板橋,2024-11-05,9349
4927,泰鼎-KY,20,11,9,華南永昌-板橋,2024-11-05,9349
00932,兆豐永續高息等權,8,0,8,華南永昌-板橋,2024-11-05,9349
2353,宏��,8,0,8,華南永昌-板橋,2024-11-05,9349
3013,晟銘電,47,39,8,華南永昌-板橋,2024-11-05,9349
3264,欣銓,8,0,8,華南永昌-板橋,2024-11-05,9349
3444,利機,10,2,8,華南永昌-板橋,2024-11-05,9349
00887,永豐中國科技50大,25,17,8,華南永昌-板橋,2024-11-05,9349
6133,金橋,7,0,7,華南永昌-板橋,2024-11-05,9349
6156,松上,7,0,7,華南永昌-板橋,2024-11-05,9349
6449,鈺邦,7,0,7,華南永昌-板橋,2024-11-05,9349
00939,統一台灣高息動能,6,0,6,華南永昌-板橋,2024-11-05,9349
00915,凱基優選高股息30,7,2,5,華南永昌-板橋,2024-11-05,9349
00940,元大台灣價值高息,5,0,5,華南永昌-板橋,2024-11-05,9349
2646,星宇航空,12,7,5,華南永昌-板橋,2024-11-05,9349
6278,台表科,9,4,5,華南永昌-板橋,2024-11-05,9349
00943,兆豐電子高息等權,5,0,5,華南永昌-板橋,2024-11-05,9349
00934,中信成長高股息,5,0,5,華南永昌-板橋,2024-11-05,9349
00637L,元大滬深300正2,375,73,302,華南永昌-板橋,2024-11-06,9349
00679B,元大美債20年,219,86,133,華南永昌-板橋,2024-11-06,9349
6134,萬旭,106,2,104,華南永昌-板橋,2024-11-06,9349
1447,力鵬,92,0,92,華南永昌-板橋,2024-11-06,9349
2431,聯昌,109,31,78,華南永昌-板橋,2024-11-06,9349
00680L,元大美債20正2,56,1,55,華南永昌-板橋,2024-11-06,9349
3176,基亞,52,0,52,華南永昌-板橋,2024-11-06,9349
00725B,國泰投資級公司債,50,0,50,華南永昌-板橋,2024-11-06,9349
00665L,富邦�琤肭磪囓�2,47,0,47,華南永昌-板橋,2024-11-06,9349
00946,群益科技高息成長,43,0,43,華南永昌-板橋,2024-11-06,9349
3444,利機,96,53,43,華南永昌-板橋,2024-11-06,9349
2392,正崴,38,0,38,華南永昌-板橋,2024-11-06,9349
4768,晶呈科技,49,22,27,華南永昌-板橋,2024-11-06,9349
6742,澤米,32,5,27,華南永昌-板橋,2024-11-06,9349
00937B,群益ESG投等債20,55,30,25,華南永昌-板橋,2024-11-06,9349
3290,東浦,25,0,25,華南永昌-板橋,2024-11-06,9349
00929,復華台灣科技優息,35,11,24,華南永昌-板橋,2024-11-06,9349
2467,志聖,26,5,21,華南永昌-板橋,2024-11-06,9349
2351,順德,20,1,19,華南永昌-板橋,2024-11-06,9349
3580,友威科,20,1,19,華南永昌-板橋,2024-11-06,9349
00915,凱基優選高股息30,18,0,18,華南永昌-板橋,2024-11-06,9349
00885,富邦越南,20,2,18,華南永昌-板橋,2024-11-06,9349
2303,聯電,44,27,17,華南永昌-板橋,2024-11-06,9349
2892,第一金,16,0,16,華南永昌-板橋,2024-11-06,9349
8047,星雲,16,0,16,華南永昌-板橋,2024-11-06,9349
00687B,國泰20年美債,35,20,15,華南永昌-板橋,2024-11-06,9349
00688L,國泰20年美債正2,16,2,14,華南永昌-板橋,2024-11-06,9349
2609,陽明,39,25,14,華南永昌-板橋,2024-11-06,9349
00948B,中信優息投資級債,13,0,13,華南永昌-板橋,2024-11-06,9349
2884,玉山金,28,16,12,華南永昌-板橋,2024-11-06,9349
2344,華邦電,11,0,11,華南永昌-板橋,2024-11-06,9349
3015,全漢,11,0,11,華南永昌-板橋,2024-11-06,9349
00919,群益台灣精選高息,12,1,11,華南永昌-板橋,2024-11-06,9349
2382,廣達,20,9,11,華南永昌-板橋,2024-11-06,9349
2646,星宇航空,10,0,10,華南永昌-板橋,2024-11-06,9349
2101,南港,10,0,10,華南永昌-板橋,2024-11-06,9349
1336,台翰,10,0,10,華南永昌-板橋,2024-11-06,9349
2070,精湛,10,0,10,華南永昌-板橋,2024-11-06,9349
2408,南亞科,10,0,10,華南永昌-板橋,2024-11-06,9349
2498,宏達電,25,15,10,華南永昌-板橋,2024-11-06,9349
2603,長榮,31,21,10,華南永昌-板橋,2024-11-06,9349
2881,富邦金,10,0,10,華南永昌-板橋,2024-11-06,9349
3543,州巧,10,0,10,華南永昌-板橋,2024-11-06,9349
4108,懷特,10,0,10,華南永昌-板橋,2024-11-06,9349
4977,眾達-KY,10,0,10,華南永昌-板橋,2024-11-06,9349
2451,創見,12,3,9,華南永昌-板橋,2024-11-06,9349
2883,凱基金,8,0,8,華南永昌-板橋,2024-11-06,9349
3060,銘異,10,2,8,華南永昌-板橋,2024-11-06,9349
00931B,統一美債20年,7,0,7,華南永昌-板橋,2024-11-06,9349
3380,明泰,7,0,7,華南永昌-板橋,2024-11-06,9349
00687B,國泰20年美債,108,0,108,華南永昌-板橋,2024-11-07,9349
4909,新復興,110,8,102,華南永昌-板橋,2024-11-07,9349
00940,元大台灣價值高息,101,1,100,華南永昌-板橋,2024-11-07,9349
2303,聯電,75,20,55,華南永昌-板橋,2024-11-07,9349
8089,康全電訊,50,0,50,華南永昌-板橋,2024-11-07,9349
00725B,國泰投資級公司債,48,0,48,華南永昌-板橋,2024-11-07,9349
00878,國泰永續高股息,52,12,40,華南永昌-板橋,2024-11-07,9349
3501,維熹,40,0,40,華南永昌-板橋,2024-11-07,9349
4979,華星光,41,3,38,華南永昌-板橋,2024-11-07,9349
00679B,元大美債20年,28,0,28,華南永昌-板橋,2024-11-07,9349
2314,台揚,36,12,24,華南永昌-板橋,2024-11-07,9349
3444,利機,47,23,24,華南永昌-板橋,2024-11-07,9349
00688L,國泰20年美債正2,21,0,21,華南永昌-板橋,2024-11-07,9349
2426,鼎元,20,0,20,華南永昌-板橋,2024-11-07,9349
3015,全漢,20,0,20,華南永昌-板橋,2024-11-07,9349
2605,新興,28,10,18,華南永昌-板橋,2024-11-07,9349
1536,和大,34,17,17,華南永昌-板橋,2024-11-07,9349
2027,大成鋼,21,5,16,華南永昌-板橋,2024-11-07,9349
3483,力致,16,0,16,華南永昌-板橋,2024-11-07,9349
6869,雲豹能源,18,3,15,華南永昌-板橋,2024-11-07,9349
2486,一詮,12,0,12,華南永昌-板橋,2024-11-07,9349
3167,大量,12,0,12,華南永昌-板橋,2024-11-07,9349
9105,泰金寶-DR,41,29,12,華南永昌-板橋,2024-11-07,9349
6188,廣明,16,5,11,華南永昌-板橋,2024-11-07,9349
00882,中信中國高股息,10,0,10,華南永昌-板橋,2024-11-07,9349
00927,群益半導體收益,10,0,10,華南永昌-板橋,2024-11-07,9349
3176,基亞,10,0,10,華南永昌-板橋,2024-11-07,9349
3543,州巧,10,0,10,華南永昌-板橋,2024-11-07,9349
3686,達能,10,0,10,華南永昌-板橋,2024-11-07,9349
1815,富喬,15,6,9,華南永昌-板橋,2024-11-07,9349
2399,映泰,22,13,9,華南永昌-板橋,2024-11-07,9349
00932,兆豐永續高息等權,8,0,8,華南永昌-板橋,2024-11-07,9349
00948B,中信優息投資級債,9,2,7,華南永昌-板橋,2024-11-07,9349
3163,波若威,8,1,7,華南永昌-板橋,2024-11-07,9349
3675,德微,7,0,7,華南永昌-板橋,2024-11-07,9349
8064,東捷,42,35,7,華南永昌-板橋,2024-11-07,9349
8261,富鼎,9,2,7,華南永昌-板橋,2024-11-07,9349
00706L,期元大S＆P日圓正2,6,0,6,華南永昌-板橋,2024-11-07,9349
2356,英業達,51,45,6,華南永昌-板橋,2024-11-07,9349
2368,金像電,6,0,6,華南永昌-板橋,2024-11-07,9349
2884,玉山金,6,0,6,華南永昌-板橋,2024-11-07,9349
3014,聯陽,6,0,6,華南永昌-板橋,2024-11-07,9349
3450,聯鈞,6,0,6,華南永昌-板橋,2024-11-07,9349
3701,大眾控,8,2,6,華南永昌-板橋,2024-11-07,9349
3062,建漢,40,34,6,華南永昌-板橋,2024-11-07,9349
00910,第一金太空衛星,5,0,5,華南永昌-板橋,2024-11-07,9349
00652,富邦印度,5,0,5,華南永昌-板橋,2024-11-07,9349
1402,遠東新,16,11,5,華南永昌-板橋,2024-11-07,9349
1584,精剛,5,0,5,華南永昌-板橋,2024-11-07,9349
2228,劍麟,5,0,5,華南永昌-板橋,2024-11-07,9349
00679B,元大美債20年,138,0,138,華南永昌-板橋,2024-11-08,9349
00637L,元大滬深300正2,287,170,117,華南永昌-板橋,2024-11-08,9349
00887,永豐中國科技50大,71,7,64,華南永昌-板橋,2024-11-08,9349
8147,正淩,60,0,60,華南永昌-板橋,2024-11-08,9349
2101,南港,59,1,58,華南永昌-板橋,2024-11-08,9349
6492,生華科,54,0,54,華南永昌-板橋,2024-11-08,9349
3049,精金,53,0,53,華南永昌-板橋,2024-11-08,9349
3013,晟銘電,52,3,49,華南永昌-板橋,2024-11-08,9349
2353,宏��,50,3,47,華南永昌-板橋,2024-11-08,9349
1815,富喬,44,6,38,華南永昌-板橋,2024-11-08,9349
4533,協易機,37,1,36,華南永昌-板橋,2024-11-08,9349
6290,良維,35,0,35,華南永昌-板橋,2024-11-08,9349
2354,鴻準,257,224,33,華南永昌-板橋,2024-11-08,9349
1721,三晃,33,2,31,華南永昌-板橋,2024-11-08,9349
3689,湧德,31,0,31,華南永昌-板橋,2024-11-08,9349
2312,金寶,131,103,28,華南永昌-板橋,2024-11-08,9349
2891,中信金,30,4,26,華南永昌-板橋,2024-11-08,9349
00878,國泰永續高股息,24,1,23,華南永昌-板橋,2024-11-08,9349
3501,維熹,30,7,23,華南永昌-板橋,2024-11-08,9349
2301,光寶科,23,1,22,華南永昌-板橋,2024-11-08,9349
2303,聯電,30,8,22,華南永昌-板橋,2024-11-08,9349
3176,基亞,21,0,21,華南永昌-板橋,2024-11-08,9349
4906,正文,21,0,21,華南永昌-板橋,2024-11-08,9349
3481,群創,22,1,21,華南永昌-板橋,2024-11-08,9349
1909,榮成,20,0,20,華南永昌-板橋,2024-11-08,9349
2537,聯上發,20,0,20,華南永昌-板橋,2024-11-08,9349
8110,華東,20,0,20,華南永昌-板橋,2024-11-08,9349
2883,凱基金,30,12,18,華南永昌-板橋,2024-11-08,9349
4555,氣立,17,0,17,華南永昌-板橋,2024-11-08,9349
2399,映泰,30,14,16,華南永昌-板橋,2024-11-08,9349
3060,銘異,16,0,16,華南永昌-板橋,2024-11-08,9349
4977,眾達-KY,15,0,15,華南永昌-板橋,2024-11-08,9349
6706,惠特,23,8,15,華南永昌-板橋,2024-11-08,9349
4768,晶呈科技,23,9,14,華南永昌-板橋,2024-11-08,9349
2388,威盛,26,13,13,華南永昌-板橋,2024-11-08,9349
1528,恩德,19,6,13,華南永昌-板橋,2024-11-08,9349
2359,所羅門,12,0,12,華南永昌-板橋,2024-11-08,9349
8064,東捷,52,41,11,華南永昌-板橋,2024-11-08,9349
00932,兆豐永續高息等權,10,0,10,華南永昌-板橋,2024-11-08,9349
2104,國際中橡,10,0,10,華南永昌-板橋,2024-11-08,9349
2405,輔信,10,0,10,華南永昌-板橋,2024-11-08,9349
2427,三商電,10,0,10,華南永昌-板橋,2024-11-08,9349
2489,瑞軒,11,1,10,華南永昌-板橋,2024-11-08,9349
2511,太子,10,0,10,華南永昌-板橋,2024-11-08,9349
2547,日勝生,10,0,10,華南永昌-板橋,2024-11-08,9349
3167,大量,10,0,10,華南永昌-板橋,2024-11-08,9349
3290,東浦,10,0,10,華南永昌-板橋,2024-11-08,9349
5521,工信,10,0,10,華南永昌-板橋,2024-11-08,9349
2538,基泰,9,0,9,華南永昌-板橋,2024-11-08,9349
2610,華航,13,5,8,華南永昌-板橋,2024-11-08,9349
00887,永豐中國科技50大,369,36,333,華南永昌-板橋,2024-11-11,9349
3481,群創,112,2,110,華南永昌-板橋,2024-11-11,9349
00937B,群益ESG投等債20,100,22,78,華南永昌-板橋,2024-11-11,9349
2609,陽明,106,39,67,華南永昌-板橋,2024-11-11,9349
2449,京元電子,84,36,48,華南永昌-板橋,2024-11-11,9349
2887,台新金,42,0,42,華南永昌-板橋,2024-11-11,9349
2354,鴻準,106,67,39,華南永昌-板橋,2024-11-11,9349
00878,國泰永續高股息,35,0,35,華南永昌-板橋,2024-11-11,9349
00919,群益台灣精選高息,33,0,33,華南永昌-板橋,2024-11-11,9349
2353,宏��,36,6,30,華南永昌-板橋,2024-11-11,9349
00662,富邦NASDAQ,30,0,30,華南永昌-板橋,2024-11-11,9349
00900,富邦特選高股息30,24,0,24,華南永昌-板橋,2024-11-11,9349
2388,威盛,25,1,24,華南永昌-板橋,2024-11-11,9349
2392,正崴,39,16,23,華南永昌-板橋,2024-11-11,9349
00740B,富邦全球投等債,20,0,20,華南永昌-板橋,2024-11-11,9349
1466,聚隆,20,0,20,華南永昌-板橋,2024-11-11,9349
1785,光洋科,20,0,20,華南永昌-板橋,2024-11-11,9349
1815,富喬,24,4,20,華南永昌-板橋,2024-11-11,9349
2515,中工,21,3,18,華南永昌-板橋,2024-11-11,9349
00665L,富邦�琤肭磪囓�2,29,12,17,華南永昌-板橋,2024-11-11,9349
1449,佳和,21,4,17,華南永昌-板橋,2024-11-11,9349
3176,基亞,17,0,17,華南永昌-板橋,2024-11-11,9349
2451,創見,15,0,15,華南永昌-板橋,2024-11-11,9349
2431,聯昌,17,3,14,華南永昌-板橋,2024-11-11,9349
4967,十銓,14,0,14,華南永昌-板橋,2024-11-11,9349
2646,星宇航空,14,1,13,華南永昌-板橋,2024-11-11,9349
4909,新復興,13,0,13,華南永昌-板橋,2024-11-11,9349
2337,旺宏,13,0,13,華南永昌-板橋,2024-11-11,9349
2881,富邦金,12,0,12,華南永昌-板橋,2024-11-11,9349
3490,單井,14,2,12,華南永昌-板橋,2024-11-11,9349
00915,凱基優選高股息30,11,0,11,華南永昌-板橋,2024-11-11,9349
6285,啟��,11,0,11,華南永昌-板橋,2024-11-11,9349
3029,零壹,11,0,11,華南永昌-板橋,2024-11-11,9349
6148,驊宏資,11,0,11,華南永昌-板橋,2024-11-11,9349
6290,良維,11,0,11,華南永昌-板橋,2024-11-11,9349
1582,信錦,10,0,10,華南永昌-板橋,2024-11-11,9349
00830,國泰費城半導體,10,0,10,華南永昌-板橋,2024-11-11,9349
1591,駿吉-KY,10,0,10,華南永昌-板橋,2024-11-11,9349
1605,華新,10,0,10,華南永昌-板橋,2024-11-11,9349
2302,麗正,10,0,10,華南永昌-板橋,2024-11-11,9349
3580,友威科,10,0,10,華南永昌-板橋,2024-11-11,9349
6270,倍微,10,0,10,華南永昌-板橋,2024-11-11,9349
2891,中信金,17,7,10,華南永昌-板橋,2024-11-11,9349
2402,毅嘉,9,0,9,華南永昌-板橋,2024-11-11,9349
4113,聯上,9,0,9,華南永昌-板橋,2024-11-11,9349
5608,四維航,10,1,9,華南永昌-板橋,2024-11-11,9349
6208,日揚,9,0,9,華南永昌-板橋,2024-11-11,9349
8182,加高,9,0,9,華南永昌-板橋,2024-11-11,9349
1301,台塑,11,2,9,華南永昌-板橋,2024-11-11,9349
3260,威剛,11,3,8,華南永昌-板橋,2024-11-11,9349
00937B,群益ESG投等債20,215,43,172,華南永昌-板橋,2024-11-12,9349
00715L,期街口布蘭特正2,155,0,155,華南永昌-板橋,2024-11-12,9349
00878,國泰永續高股息,112,0,112,華南永昌-板橋,2024-11-12,9349
2356,英業達,132,37,95,華南永昌-板橋,2024-11-12,9349
00650L,復華香港正2,85,20,65,華南永昌-板橋,2024-11-12,9349
2615,萬海,83,20,63,華南永昌-板橋,2024-11-12,9349
2354,鴻準,121,68,53,華南永昌-板橋,2024-11-12,9349
00642U,期元大S＆P石油,51,0,51,華南永昌-板橋,2024-11-12,9349
00637L,元大滬深300正2,60,10,50,華南永昌-板橋,2024-11-12,9349
4807,日成-KY,50,2,48,華南永昌-板橋,2024-11-12,9349
3231,緯創,69,26,43,華南永昌-板橋,2024-11-12,9349
2883,凱基金,43,2,41,華南永昌-板橋,2024-11-12,9349
00915,凱基優選高股息30,38,0,38,華南永昌-板橋,2024-11-12,9349
2882,國泰金,32,1,31,華南永昌-板橋,2024-11-12,9349
8027,鈦昇,30,1,29,華南永昌-板橋,2024-11-12,9349
00632R,元大台灣50反1,35,7,28,華南永昌-板橋,2024-11-12,9349
6492,生華科,26,0,26,華南永昌-板橋,2024-11-12,9349
2353,宏��,31,6,25,華南永昌-板橋,2024-11-12,9349
00940,元大台灣價值高息,24,0,24,華南永昌-板橋,2024-11-12,9349
3015,全漢,25,1,24,華南永昌-板橋,2024-11-12,9349
6541,泰福-KY,23,0,23,華南永昌-板橋,2024-11-12,9349
0056,元大高股息,24,2,22,華南永昌-板橋,2024-11-12,9349
00636,國泰中國A50,20,0,20,華南永昌-板橋,2024-11-12,9349
00943,兆豐電子高息等權,20,0,20,華南永昌-板橋,2024-11-12,9349
1909,榮成,20,0,20,華南永昌-板橋,2024-11-12,9349
5009,榮剛,19,0,19,華南永昌-板橋,2024-11-12,9349
8176,智捷,18,0,18,華南永昌-板橋,2024-11-12,9349
2328,廣宇,30,14,16,華南永昌-板橋,2024-11-12,9349
2002,中鋼,17,1,16,華南永昌-板橋,2024-11-12,9349
2455,全新,23,7,16,華南永昌-板橋,2024-11-12,9349
3211,順達,42,27,15,華南永昌-板橋,2024-11-12,9349
00929,復華台灣科技優息,35,20,15,華南永昌-板橋,2024-11-12,9349
4743,合一,15,0,15,華南永昌-板橋,2024-11-12,9349
00900,富邦特選高股息30,14,0,14,華南永昌-板橋,2024-11-12,9349
2887,台新金,14,0,14,華南永昌-板橋,2024-11-12,9349
00919,群益台灣精選高息,94,81,13,華南永昌-板橋,2024-11-12,9349
2330,台積電,25,12,13,華南永昌-板橋,2024-11-12,9349
2362,藍天,12,0,12,華南永昌-板橋,2024-11-12,9349
00680L,元大美債20正2,12,0,12,華南永昌-板橋,2024-11-12,9349
2332,友訊,12,0,12,華南永昌-板橋,2024-11-12,9349
2449,京元電子,13,1,12,華南永昌-板橋,2024-11-12,9349
2646,星宇航空,14,2,12,華南永昌-板橋,2024-11-12,9349
2891,中信金,25,13,12,華南永昌-板橋,2024-11-12,9349
3481,群創,30,18,12,華南永昌-板橋,2024-11-12,9349
5871,中租-KY,11,0,11,華南永昌-板橋,2024-11-12,9349
00881,國泰台灣5G+,11,0,11,華南永昌-板橋,2024-11-12,9349
4977,眾達-KY,21,10,11,華南永昌-板橋,2024-11-12,9349
6288,聯嘉,14,3,11,華南永昌-板橋,2024-11-12,9349
3037,欣興,12,1,11,華南永昌-板橋,2024-11-12,9349
2303,聯電,18,8,10,華南永昌-板橋,2024-11-12,9349
00933B,國泰10Y+金融債,101,0,101,華南永昌-板橋,2024-11-13,9349
4960,誠美材,80,0,80,華南永昌-板橋,2024-11-13,9349
00887,永豐中國科技50大,150,80,70,華南永昌-板橋,2024-11-13,9349
2412,中華電,70,0,70,華南永昌-板橋,2024-11-13,9349
00688L,國泰20年美債正2,52,0,52,華南永昌-板橋,2024-11-13,9349
00878,國泰永續高股息,49,1,48,華南永昌-板橋,2024-11-13,9349
00948B,中信優息投資級債,54,6,48,華南永昌-板橋,2024-11-13,9349
00919,群益台灣精選高息,97,60,37,華南永昌-板橋,2024-11-13,9349
00687B,國泰20年美債,31,0,31,華南永昌-板橋,2024-11-13,9349
00722B,群益投資級電信債,30,0,30,華南永昌-板橋,2024-11-13,9349
00646,元大S＆P500,30,0,30,華南永昌-板橋,2024-11-13,9349
2368,金像電,28,0,28,華南永昌-板橋,2024-11-13,9349
0056,元大高股息,112,85,27,華南永昌-板橋,2024-11-13,9349
4979,華星光,31,5,26,華南永昌-板橋,2024-11-13,9349
00770,國泰北美科技,25,0,25,華南永昌-板橋,2024-11-13,9349
2330,台積電,43,20,23,華南永昌-板橋,2024-11-13,9349
2354,鴻準,121,99,22,華南永昌-板橋,2024-11-13,9349
2477,美隆電,23,2,21,華南永昌-板橋,2024-11-13,9349
3062,建漢,30,9,21,華南永昌-板橋,2024-11-13,9349
00753L,中信中國50正2,20,0,20,華南永昌-板橋,2024-11-13,9349
4114,健喬,20,0,20,華南永昌-板橋,2024-11-13,9349
00680L,元大美債20正2,20,1,19,華南永昌-板橋,2024-11-13,9349
2303,聯電,19,2,17,華南永昌-板橋,2024-11-13,9349
2881,富邦金,16,0,16,華南永昌-板橋,2024-11-13,9349
2408,南亞科,16,0,16,華南永昌-板橋,2024-11-13,9349
3481,群創,16,0,16,華南永昌-板橋,2024-11-13,9349
00937B,群益ESG投等債20,25,9,16,華南永昌-板橋,2024-11-13,9349
2488,漢平,15,0,15,華南永昌-板橋,2024-11-13,9349
6492,生華科,15,0,15,華南永昌-板橋,2024-11-13,9349
6285,啟��,15,0,15,華南永昌-板橋,2024-11-13,9349
2349,錸德,24,10,14,華南永昌-板橋,2024-11-13,9349
3543,州巧,15,1,14,華南永昌-板橋,2024-11-13,9349
3013,晟銘電,23,11,12,華南永昌-板橋,2024-11-13,9349
8150,南茂,12,0,12,華南永昌-板橋,2024-11-13,9349
2324,仁寶,49,37,12,華南永昌-板橋,2024-11-13,9349
2353,宏��,14,2,12,華南永昌-板橋,2024-11-13,9349
1785,光洋科,12,1,11,華南永昌-板橋,2024-11-13,9349
5347,世界,10,0,10,華南永昌-板橋,2024-11-13,9349
2834,臺企銀,10,0,10,華南永昌-板橋,2024-11-13,9349
2603,長榮,27,17,10,華南永昌-板橋,2024-11-13,9349
3189,景碩,14,4,10,華南永昌-板橋,2024-11-13,9349
00950B,凱基A級公司債,10,0,10,華南永昌-板橋,2024-11-13,9349
1809,中釉,10,0,10,華南永昌-板橋,2024-11-13,9349
3303,岱稜,10,0,10,華南永昌-板橋,2024-11-13,9349
3701,大眾控,10,0,10,華南永昌-板橋,2024-11-13,9349
6194,育富,11,1,10,華南永昌-板橋,2024-11-13,9349
2882,國泰金,9,0,9,華南永昌-板橋,2024-11-13,9349
2317,鴻海,13,4,9,華南永昌-板橋,2024-11-13,9349
2615,萬海,23,15,8,華南永昌-板橋,2024-11-13,9349
6288,聯嘉,13,5,8,華南永昌-板橋,2024-11-13,9349
2609,陽明,150,8,142,華南永昌-板橋,2024-11-14,9349
00878,國泰永續高股息,134,1,133,華南永昌-板橋,2024-11-14,9349
3290,東浦,137,7,130,華南永昌-板橋,2024-11-14,9349
4960,誠美材,90,0,90,華南永昌-板橋,2024-11-14,9349
1603,華電,85,0,85,華南永昌-板橋,2024-11-14,9349
1714,和桐,68,0,68,華南永昌-板橋,2024-11-14,9349
0056,元大高股息,57,0,57,華南永昌-板橋,2024-11-14,9349
00919,群益台灣精選高息,56,0,56,華南永昌-板橋,2024-11-14,9349
5880,合庫金,60,5,55,華南永昌-板橋,2024-11-14,9349
2101,南港,53,0,53,華南永昌-板橋,2024-11-14,9349
2884,玉山金,51,0,51,華南永昌-板橋,2024-11-14,9349
00948B,中信優息投資級債,50,0,50,華南永昌-板橋,2024-11-14,9349
2426,鼎元,40,0,40,華南永昌-板橋,2024-11-14,9349
2382,廣達,47,12,35,華南永昌-板橋,2024-11-14,9349
2303,聯電,46,13,33,華南永昌-板橋,2024-11-14,9349
00937B,群益ESG投等債20,38,5,33,華南永昌-板橋,2024-11-14,9349
2439,美律,31,0,31,華南永昌-板橋,2024-11-14,9349
4543,萬在,30,0,30,華南永昌-板橋,2024-11-14,9349
4942,嘉彰,30,0,30,華南永昌-板橋,2024-11-14,9349
00929,復華台灣科技優息,50,22,28,華南永昌-板橋,2024-11-14,9349
2317,鴻海,55,29,26,華南永昌-板橋,2024-11-14,9349
2881,富邦金,24,0,24,華南永昌-板橋,2024-11-14,9349
2615,萬海,113,91,22,華南永昌-板橋,2024-11-14,9349
3444,利機,50,29,21,華南永昌-板橋,2024-11-14,9349
00922,國泰台灣領袖50,20,0,20,華南永昌-板橋,2024-11-14,9349
3024,憶聲,20,0,20,華南永昌-板橋,2024-11-14,9349
2353,宏��,18,0,18,華南永昌-板橋,2024-11-14,9349
2618,長榮航,46,28,18,華南永昌-板橋,2024-11-14,9349
00915,凱基優選高股息30,17,0,17,華南永昌-板橋,2024-11-14,9349
9105,泰金寶-DR,41,24,17,華南永昌-板橋,2024-11-14,9349
4931,新盛力,37,22,15,華南永昌-板橋,2024-11-14,9349
6194,育富,15,0,15,華南永昌-板橋,2024-11-14,9349
2392,正崴,47,32,15,華南永昌-板橋,2024-11-14,9349
2834,臺企銀,18,3,15,華南永昌-板橋,2024-11-14,9349
2603,長榮,81,67,14,華南永昌-板橋,2024-11-14,9349
00665L,富邦�琤肭磪囓�2,14,0,14,華南永昌-板橋,2024-11-14,9349
4768,晶呈科技,83,70,13,華南永昌-板橋,2024-11-14,9349
5351,鈺創,13,0,13,華南永昌-板橋,2024-11-14,9349
1303,南亞,12,0,12,華南永昌-板橋,2024-11-14,9349
2331,精英,12,0,12,華南永昌-板橋,2024-11-14,9349
2337,旺宏,11,0,11,華南永昌-板橋,2024-11-14,9349
3689,湧德,11,0,11,華南永昌-板橋,2024-11-14,9349
1301,台塑,10,0,10,華南永昌-板橋,2024-11-14,9349
2547,日勝生,10,0,10,華南永昌-板橋,2024-11-14,9349
3499,環天科,10,0,10,華南永昌-板橋,2024-11-14,9349
6134,萬旭,10,0,10,華南永昌-板橋,2024-11-14,9349
8096,擎亞,11,1,10,華南永昌-板橋,2024-11-14,9349
2312,金寶,75,66,9,華南永昌-板橋,2024-11-14,9349
5871,中租-KY,12,3,9,華南永昌-板橋,2024-11-14,9349
00940,元大台灣價值高息,9,0,9,華南永昌-板橋,2024-11-14,9349
3706,神達,274,151,123,華南永昌-板橋,2024-11-15,9349
00878,國泰永續高股息,119,1,118,華南永昌-板橋,2024-11-15,9349
3712,永崴投控,118,10,108,華南永昌-板橋,2024-11-15,9349
1301,台塑,101,0,101,華南永昌-板橋,2024-11-15,9349
1303,南亞,100,0,100,華南永昌-板橋,2024-11-15,9349
1326,台化,100,1,99,華南永昌-板橋,2024-11-15,9349
00637L,元大滬深300正2,100,5,95,華南永昌-板橋,2024-11-15,9349
00937B,群益ESG投等債20,94,4,90,華南永昌-板橋,2024-11-15,9349
3013,晟銘電,69,13,56,華南永昌-板橋,2024-11-15,9349
2615,萬海,62,8,54,華南永昌-板橋,2024-11-15,9349
2317,鴻海,102,57,45,華南永昌-板橋,2024-11-15,9349
2881,富邦金,56,12,44,華南永昌-板橋,2024-11-15,9349
00887,永豐中國科技50大,120,80,40,華南永昌-板橋,2024-11-15,9349
2488,漢平,40,0,40,華南永昌-板橋,2024-11-15,9349
4960,誠美材,40,0,40,華南永昌-板橋,2024-11-15,9349
2382,廣達,29,8,21,華南永昌-板橋,2024-11-15,9349
5871,中租-KY,21,1,20,華南永昌-板橋,2024-11-15,9349
2412,中華電,20,0,20,華南永昌-板橋,2024-11-15,9349
2356,英業達,24,5,19,華南永昌-板橋,2024-11-15,9349
2303,聯電,38,22,16,華南永昌-板橋,2024-11-15,9349
3338,泰碩,21,5,16,華南永昌-板橋,2024-11-15,9349
2834,臺企銀,12,0,12,華南永昌-板橋,2024-11-15,9349
2002,中鋼,10,0,10,華南永昌-板橋,2024-11-15,9349
2027,大成鋼,10,0,10,華南永昌-板橋,2024-11-15,9349
3047,訊舟,24,14,10,華南永昌-板橋,2024-11-15,9349
3231,緯創,15,6,9,華南永昌-板橋,2024-11-15,9349
2349,錸德,15,6,9,華南永昌-板橋,2024-11-15,9349
3444,利機,38,29,9,華南永昌-板橋,2024-11-15,9349
2474,可成,8,0,8,華南永昌-板橋,2024-11-15,9349
1802,台玻,8,0,8,華南永昌-板橋,2024-11-15,9349
2362,藍天,10,2,8,華南永昌-板橋,2024-11-15,9349
2402,毅嘉,8,0,8,華南永昌-板橋,2024-11-15,9349
4931,新盛力,17,9,8,華南永昌-板橋,2024-11-15,9349
6443,元晶,11,3,8,華南永昌-板橋,2024-11-15,9349
8358,金居,7,0,7,華南永昌-板橋,2024-11-15,9349
2376,技嘉,10,4,6,華南永昌-板橋,2024-11-15,9349
2449,京元電子,6,0,6,華南永昌-板橋,2024-11-15,9349
00679B,元大美債20年,10,4,6,華南永昌-板橋,2024-11-15,9349
3607,谷崧,6,0,6,華南永昌-板橋,2024-11-15,9349
9904,寶成,8,2,6,華南永昌-板橋,2024-11-15,9349
2301,光寶科,5,0,5,華南永昌-板橋,2024-11-15,9349
4746,台耀,5,0,5,華南永昌-板橋,2024-11-15,9349
00662,富邦NASDAQ,5,0,5,華南永昌-板橋,2024-11-15,9349
2104,國際中橡,5,0,5,華南永昌-板橋,2024-11-15,9349
2486,一詮,6,1,5,華南永昌-板橋,2024-11-15,9349
2929,淘帝-KY,9,4,5,華南永昌-板橋,2024-11-15,9349
4744,皇將,5,0,5,華南永昌-板橋,2024-11-15,9349
5398,慕康生醫,10,5,5,華南永昌-板橋,2024-11-15,9349
6116,彩晶,5,0,5,華南永昌-板橋,2024-11-15,9349
6126,信音,6,1,5,華南永昌-板橋,2024-11-15,9349
00878,國泰永續高股息,153,1,152,華南永昌-板橋,2024-11-18,9349
4960,誠美材,110,0,110,華南永昌-板橋,2024-11-18,9349
00929,復華台灣科技優息,109,21,88,華南永昌-板橋,2024-11-18,9349
3712,永崴投控,75,15,60,華南永昌-板橋,2024-11-18,9349
00642U,期元大S＆P石油,41,0,41,華南永昌-板橋,2024-11-18,9349
00679B,元大美債20年,40,0,40,華南永昌-板橋,2024-11-18,9349
2426,鼎元,40,0,40,華南永昌-板橋,2024-11-18,9349
0050,元大台灣50,34,0,34,華南永昌-板橋,2024-11-18,9349
3706,神達,150,119,31,華南永昌-板橋,2024-11-18,9349
0056,元大高股息,30,0,30,華南永昌-板橋,2024-11-18,9349
1603,華電,30,0,30,華南永昌-板橋,2024-11-18,9349
2488,漢平,30,0,30,華南永昌-板橋,2024-11-18,9349
1101,台泥,40,11,29,華南永昌-板橋,2024-11-18,9349
2330,台積電,41,12,29,華南永昌-板橋,2024-11-18,9349
2317,鴻海,35,10,25,華南永昌-板橋,2024-11-18,9349
2881,富邦金,24,0,24,華南永昌-板橋,2024-11-18,9349
1232,大統益,20,0,20,華南永昌-板橋,2024-11-18,9349
2337,旺宏,18,0,18,華南永昌-板橋,2024-11-18,9349
2618,長榮航,38,20,18,華南永昌-板橋,2024-11-18,9349
1326,台化,17,0,17,華南永昌-板橋,2024-11-18,9349
3013,晟銘電,19,2,17,華南永昌-板橋,2024-11-18,9349
2312,金寶,216,200,16,華南永昌-板橋,2024-11-18,9349
00919,群益台灣精選高息,15,0,15,華南永昌-板橋,2024-11-18,9349
2603,長榮,52,37,15,華南永昌-板橋,2024-11-18,9349
4743,合一,13,0,13,華南永昌-板橋,2024-11-18,9349
2353,宏��,14,1,13,華南永昌-板橋,2024-11-18,9349
3029,零壹,11,0,11,華南永昌-板橋,2024-11-18,9349
6194,育富,11,0,11,華南永昌-板橋,2024-11-18,9349
00937B,群益ESG投等債20,11,0,11,華南永昌-板橋,2024-11-18,9349
00724B,群益投資級金融債,10,0,10,華南永昌-板橋,2024-11-18,9349
2368,金像電,10,0,10,華南永昌-板橋,2024-11-18,9349
6492,生華科,10,0,10,華南永昌-板橋,2024-11-18,9349
00713,元大台灣高息低波,9,0,9,華南永昌-板橋,2024-11-18,9349
1560,中砂,14,5,9,華南永昌-板橋,2024-11-18,9349
2430,燦坤,9,0,9,華南永昌-板橋,2024-11-18,9349
2834,臺企銀,10,1,9,華南永昌-板橋,2024-11-18,9349
00885,富邦越南,8,0,8,華南永昌-板橋,2024-11-18,9349
2615,萬海,28,20,8,華南永昌-板橋,2024-11-18,9349
00680L,元大美債20正2,7,0,7,華南永昌-板橋,2024-11-18,9349
6134,萬旭,8,1,7,華南永昌-板橋,2024-11-18,9349
2646,星宇航空,6,0,6,華南永昌-板橋,2024-11-18,9349
3374,精材,8,2,6,華南永昌-板橋,2024-11-18,9349
1605,華新,6,0,6,華南永昌-板橋,2024-11-18,9349
2331,精英,6,0,6,華南永昌-板橋,2024-11-18,9349
2409,友達,6,0,6,華南永昌-板橋,2024-11-18,9349
4979,華星光,13,7,6,華南永昌-板橋,2024-11-18,9349
5284,jpp-KY,6,0,6,華南永昌-板橋,2024-11-18,9349
2382,廣達,7,2,5,華南永昌-板橋,2024-11-18,9349
2301,光寶科,5,0,5,華南永昌-板橋,2024-11-18,9349
00757,統一FANG+,5,0,5,華南永昌-板橋,2024-11-18,9349
4960,誠美材,81,5,76,華南永昌-板橋,2024-11-19,9349
1326,台化,70,6,64,華南永昌-板橋,2024-11-19,9349
3607,谷崧,63,0,63,華南永昌-板橋,2024-11-19,9349
3444,利機,74,22,52,華南永昌-板橋,2024-11-19,9349
3712,永崴投控,45,3,42,華南永昌-板橋,2024-11-19,9349
1232,大統益,39,0,39,華南永昌-板橋,2024-11-19,9349
00637L,元大滬深300正2,50,11,39,華南永昌-板橋,2024-11-19,9349
00878,國泰永續高股息,34,0,34,華南永昌-板橋,2024-11-19,9349
2464,盟立,32,1,31,華南永昌-板橋,2024-11-19,9349
3481,群創,25,0,25,華南永昌-板橋,2024-11-19,9349
2303,聯電,26,3,23,華南永昌-板橋,2024-11-19,9349
3176,基亞,22,0,22,華南永昌-板橋,2024-11-19,9349
00919,群益台灣精選高息,21,0,21,華南永昌-板橋,2024-11-19,9349
1603,華電,20,0,20,華南永昌-板橋,2024-11-19,9349
4931,新盛力,20,0,20,華南永昌-板橋,2024-11-19,9349
2457,飛宏,19,5,14,華南永昌-板橋,2024-11-19,9349
2002,中鋼,14,1,13,華南永昌-板橋,2024-11-19,9349
00953B,群益優選非投等債,11,0,11,華南永昌-板橋,2024-11-19,9349
6261,久元,11,0,11,華南永昌-板橋,2024-11-19,9349
1301,台塑,20,10,10,華南永昌-板橋,2024-11-19,9349
2441,超豐,10,0,10,華南永昌-板橋,2024-11-19,9349
4549,桓達,10,0,10,華南永昌-板橋,2024-11-19,9349
5521,工信,10,0,10,華南永昌-板橋,2024-11-19,9349
6134,萬旭,10,0,10,華南永昌-板橋,2024-11-19,9349
6194,育富,10,0,10,華南永昌-板橋,2024-11-19,9349
6838,台新藥,10,0,10,華南永昌-板橋,2024-11-19,9349
6805,富世達,10,0,10,華南永昌-板橋,2024-11-19,9349
2382,廣達,21,12,9,華南永昌-板橋,2024-11-19,9349
6830,汎銓,9,0,9,華南永昌-板橋,2024-11-19,9349
2399,映泰,11,2,9,華南永昌-板橋,2024-11-19,9349
3447,展達,11,3,8,華南永昌-板橋,2024-11-19,9349
6246,臺龍,9,1,8,華南永昌-板橋,2024-11-19,9349
6788,華景電,8,0,8,華南永昌-板橋,2024-11-19,9349
2317,鴻海,22,15,7,華南永昌-板橋,2024-11-19,9349
1587,吉茂,7,0,7,華南永昌-板橋,2024-11-19,9349
00929,復華台灣科技優息,10,3,7,華南永昌-板橋,2024-11-19,9349
2368,金像電,6,0,6,華南永昌-板橋,2024-11-19,9349
2618,長榮航,46,40,6,華南永昌-板橋,2024-11-19,9349
3338,泰碩,29,23,6,華南永昌-板橋,2024-11-19,9349
0050,元大台灣50,6,0,6,華南永昌-板橋,2024-11-19,9349
1312,國喬,5,0,5,華南永昌-板橋,2024-11-19,9349
1464,得力,5,0,5,華南永昌-板橋,2024-11-19,9349
2324,仁寶,5,0,5,華南永昌-板橋,2024-11-19,9349
2387,精元,6,1,5,華南永昌-板橋,2024-11-19,9349
3047,訊舟,15,10,5,華南永昌-板橋,2024-11-19,9349
4128,中天,5,0,5,華南永昌-板橋,2024-11-19,9349
6449,鈺邦,6,1,5,華南永昌-板橋,2024-11-19,9349
00688L,國泰20年美債正2,5,0,5,華南永昌-板橋,2024-11-19,9349
1102,亞泥,4,0,4,華南永昌-板橋,2024-11-19,9349
3450,聯鈞,9,5,4,華南永昌-板橋,2024-11-19,9349
00919,群益台灣精選高息,102,2,100,華南永昌-板橋,2024-11-20,9349
2426,鼎元,100,0,100,華南永昌-板橋,2024-11-20,9349
3607,谷崧,87,0,87,華南永昌-板橋,2024-11-20,9349
2354,鴻準,224,138,86,華南永昌-板橋,2024-11-20,9349
3712,永崴投控,68,7,61,華南永昌-板橋,2024-11-20,9349
8085,福華,54,0,54,華南永昌-板橋,2024-11-20,9349
6509,聚和,50,0,50,華南永昌-板橋,2024-11-20,9349
00929,復華台灣科技優息,48,1,47,華南永昌-板橋,2024-11-20,9349
00878,國泰永續高股息,46,0,46,華南永昌-板橋,2024-11-20,9349
3706,神達,221,179,42,華南永昌-板橋,2024-11-20,9349
2609,陽明,262,221,41,華南永昌-板橋,2024-11-20,9349
2885,元大金,37,0,37,華南永昌-板橋,2024-11-20,9349
2413,環科,63,41,22,華南永昌-板橋,2024-11-20,9349
3444,利機,22,1,21,華南永昌-板橋,2024-11-20,9349
1232,大統益,20,0,20,華南永昌-板橋,2024-11-20,9349
2356,英業達,29,9,20,華南永昌-板橋,2024-11-20,9349
8011,台通,20,0,20,華南永昌-板橋,2024-11-20,9349
1536,和大,17,0,17,華南永昌-板橋,2024-11-20,9349
8047,星雲,20,3,17,華南永昌-板橋,2024-11-20,9349
2439,美律,19,3,16,華南永昌-板橋,2024-11-20,9349
1464,得力,15,0,15,華南永昌-板橋,2024-11-20,9349
2392,正崴,20,5,15,華南永昌-板橋,2024-11-20,9349
00940,元大台灣價值高息,14,0,14,華南永昌-板橋,2024-11-20,9349
1569,濱川,14,0,14,華南永昌-板橋,2024-11-20,9349
3511,矽瑪,17,3,14,華南永昌-板橋,2024-11-20,9349
2201,裕隆,14,1,13,華南永昌-板橋,2024-11-20,9349
2449,京元電子,13,0,13,華南永昌-板橋,2024-11-20,9349
1326,台化,14,1,13,華南永昌-板橋,2024-11-20,9349
1528,恩德,12,0,12,華南永昌-板橋,2024-11-20,9349
3374,精材,11,0,11,華南永昌-板橋,2024-11-20,9349
6194,育富,11,0,11,華南永昌-板橋,2024-11-20,9349
0056,元大高股息,10,0,10,華南永昌-板橋,2024-11-20,9349
2303,聯電,21,11,10,華南永昌-板橋,2024-11-20,9349
00959B,大華投等美債15Y+,75,65,10,華南永昌-板橋,2024-11-20,9349
00953B,群益優選非投等債,10,0,10,華南永昌-板橋,2024-11-20,9349
00950B,凱基A級公司債,10,0,10,華南永昌-板橋,2024-11-20,9349
2362,藍天,10,0,10,華南永昌-板橋,2024-11-20,9349
3303,岱稜,10,0,10,華南永昌-板橋,2024-11-20,9349
6134,萬旭,10,0,10,華南永昌-板橋,2024-11-20,9349
00960,野村全球航運龍頭,10,1,9,華南永昌-板橋,2024-11-20,9349
6442,光聖,9,1,8,華南永昌-板橋,2024-11-20,9349
2457,飛宏,8,0,8,華南永昌-板橋,2024-11-20,9349
2834,臺企銀,8,0,8,華南永昌-板橋,2024-11-20,9349
3176,基亞,8,0,8,華南永昌-板橋,2024-11-20,9349
2431,聯昌,12,5,7,華南永昌-板橋,2024-11-20,9349
3490,單井,7,0,7,華南永昌-板橋,2024-11-20,9349
2330,台積電,23,17,6,華南永昌-板橋,2024-11-20,9349
3211,順達,6,0,6,華南永昌-板橋,2024-11-20,9349
6438,迅得,9,3,6,華南永昌-板橋,2024-11-20,9349
6223,旺矽,5,0,5,華南永昌-板橋,2024-11-20,9349
00940,元大台灣價值高息,60,1,59,華南永昌-板橋,2024-11-21,9349
3444,利機,73,18,55,華南永昌-板橋,2024-11-21,9349
2618,長榮航,94,42,52,華南永昌-板橋,2024-11-21,9349
3013,晟銘電,55,5,50,華南永昌-板橋,2024-11-21,9349
2426,鼎元,31,0,31,華南永昌-板橋,2024-11-21,9349
2881,富邦金,25,0,25,華南永昌-板橋,2024-11-21,9349
2354,鴻準,201,177,24,華南永昌-板橋,2024-11-21,9349
4931,新盛力,29,8,21,華南永昌-板橋,2024-11-21,9349
3006,晶豪科,22,1,21,華南永昌-板橋,2024-11-21,9349
00642U,期元大S＆P石油,20,0,20,華南永昌-板橋,2024-11-21,9349
3689,湧德,20,0,20,華南永昌-板橋,2024-11-21,9349
0056,元大高股息,21,2,19,華南永昌-板橋,2024-11-21,9349
1536,和大,20,2,18,華南永昌-板橋,2024-11-21,9349
2303,聯電,33,15,18,華南永昌-板橋,2024-11-21,9349
2382,廣達,18,1,17,華南永昌-板橋,2024-11-21,9349
2439,美律,26,10,16,華南永昌-板橋,2024-11-21,9349
6125,廣運,16,0,16,華南永昌-板橋,2024-11-21,9349
2330,台積電,31,16,15,華南永昌-板橋,2024-11-21,9349
2317,鴻海,29,14,15,華南永昌-板橋,2024-11-21,9349
00878,國泰永續高股息,16,2,14,華南永昌-板橋,2024-11-21,9349
2204,中華,32,18,14,華南永昌-板橋,2024-11-21,9349
2543,皇昌,16,2,14,華南永昌-板橋,2024-11-21,9349
5465,富驊,13,0,13,華南永昌-板橋,2024-11-21,9349
8028,昇陽半導體,11,0,11,華南永昌-板橋,2024-11-21,9349
2405,輔信,11,0,11,華南永昌-板橋,2024-11-21,9349
2413,環科,15,4,11,華南永昌-板橋,2024-11-21,9349
2646,星宇航空,11,0,11,華南永昌-板橋,2024-11-21,9349
4956,光鋐,13,2,11,華南永昌-板橋,2024-11-21,9349
5310,天剛,11,0,11,華南永昌-板橋,2024-11-21,9349
6788,華景電,11,0,11,華南永昌-板橋,2024-11-21,9349
1232,大統益,10,0,10,華南永昌-板橋,2024-11-21,9349
00877,復華中國5G,10,0,10,華南永昌-板橋,2024-11-21,9349
4523,永彰,10,0,10,華南永昌-板橋,2024-11-21,9349
00922,國泰台灣領袖50,9,0,9,華南永昌-板橋,2024-11-21,9349
0050,元大台灣50,8,0,8,華南永昌-板橋,2024-11-21,9349
1569,濱川,19,12,7,華南永昌-板橋,2024-11-21,9349
2371,大同,9,2,7,華南永昌-板橋,2024-11-21,9349
6194,育富,7,0,7,華南永昌-板橋,2024-11-21,9349
6782,視陽,7,0,7,華南永昌-板橋,2024-11-21,9349
8044,網家,9,2,7,華南永昌-板橋,2024-11-21,9349
2201,裕隆,8,2,6,華南永昌-板橋,2024-11-21,9349
00757,統一FANG+,6,0,6,華南永昌-板橋,2024-11-21,9349
1809,中釉,6,0,6,華南永昌-板橋,2024-11-21,9349
2867,三商壽,6,0,6,華南永昌-板橋,2024-11-21,9349
3017,奇鋐,8,2,6,華南永昌-板橋,2024-11-21,9349
3167,大量,6,0,6,華南永昌-板橋,2024-11-21,9349
5876,上海商銀,6,0,6,華南永昌-板橋,2024-11-21,9349
2890,永豐金,5,0,5,華南永昌-板橋,2024-11-21,9349
00919,群益台灣精選高息,6,1,5,華南永昌-板橋,2024-11-21,9349
00692,富邦公司治理,5,0,5,華南永昌-板橋,2024-11-21,9349
2834,臺企銀,200,58,142,華南永昌-板橋,2024-11-22,9349
1303,南亞,102,0,102,華南永昌-板橋,2024-11-22,9349
1301,台塑,101,5,96,華南永昌-板橋,2024-11-22,9349
1326,台化,100,5,95,華南永昌-板橋,2024-11-22,9349
2609,陽明,138,51,87,華南永昌-板橋,2024-11-22,9349
2603,長榮,94,25,69,華南永昌-板橋,2024-11-22,9349
00878,國泰永續高股息,61,0,61,華南永昌-板橋,2024-11-22,9349
2891,中信金,38,1,37,華南永昌-板橋,2024-11-22,9349
2488,漢平,34,0,34,華南永昌-板橋,2024-11-22,9349
3450,聯鈞,38,10,28,華南永昌-板橋,2024-11-22,9349
2324,仁寶,37,10,27,華南永昌-板橋,2024-11-22,9349
6282,康舒,30,4,26,華南永昌-板橋,2024-11-22,9349
1536,和大,24,1,23,華南永昌-板橋,2024-11-22,9349
3706,神達,200,177,23,華南永昌-板橋,2024-11-22,9349
2888,新光金,20,0,20,華南永昌-板橋,2024-11-22,9349
5439,高技,20,0,20,華南永昌-板橋,2024-11-22,9349
2615,萬海,75,57,18,華南永昌-板橋,2024-11-22,9349
2354,鴻準,169,152,17,華南永昌-板橋,2024-11-22,9349
00919,群益台灣精選高息,15,0,15,華南永昌-板橋,2024-11-22,9349
00637L,元大滬深300正2,25,10,15,華南永昌-板橋,2024-11-22,9349
6194,育富,15,0,15,華南永昌-板橋,2024-11-22,9349
3702,大聯大,17,3,14,華南永昌-板橋,2024-11-22,9349
5213,亞昕,14,0,14,華南永昌-板橋,2024-11-22,9349
2312,金寶,349,335,14,華南永昌-板橋,2024-11-22,9349
2317,鴻海,21,7,14,華南永昌-板橋,2024-11-22,9349
1232,大統益,11,0,11,華南永昌-板橋,2024-11-22,9349
00882,中信中國高股息,11,0,11,華南永昌-板橋,2024-11-22,9349
2204,中華,28,17,11,華南永昌-板橋,2024-11-22,9349
2439,美律,11,0,11,華南永昌-板橋,2024-11-22,9349
3511,矽瑪,17,6,11,華南永昌-板橋,2024-11-22,9349
8104,錸寶,24,13,11,華南永昌-板橋,2024-11-22,9349
006208,富邦台50,10,0,10,華南永昌-板橋,2024-11-22,9349
00953B,群益優選非投等債,10,0,10,華南永昌-板橋,2024-11-22,9349
00933B,國泰10Y+金融債,10,0,10,華南永昌-板橋,2024-11-22,9349
00752,中信中國50,10,0,10,華南永昌-板橋,2024-11-22,9349
3338,泰碩,10,0,10,華南永昌-板橋,2024-11-22,9349
9928,中視,10,0,10,華南永昌-板橋,2024-11-22,9349
2356,英業達,20,10,10,華南永昌-板橋,2024-11-22,9349
1560,中砂,9,0,9,華南永昌-板橋,2024-11-22,9349
2538,基泰,9,0,9,華南永昌-板橋,2024-11-22,9349
2646,星宇航空,9,0,9,華南永昌-板橋,2024-11-22,9349
5457,宣德,9,0,9,華南永昌-板橋,2024-11-22,9349
8163,達方,17,8,9,華南永昌-板橋,2024-11-22,9349
1312,國喬,8,0,8,華南永昌-板橋,2024-11-22,9349
2405,輔信,13,5,8,華南永昌-板橋,2024-11-22,9349
2543,皇昌,9,1,8,華南永昌-板橋,2024-11-22,9349
2605,新興,8,0,8,華南永昌-板橋,2024-11-22,9349
3305,昇貿,8,0,8,華南永昌-板橋,2024-11-22,9349
5347,世界,10,2,8,華南永昌-板橋,2024-11-22,9349
8028,昇陽半導體,21,13,8,華南永昌-板橋,2024-11-22,9349
2618,長榮航,124,26,98,華南永昌-板橋,2024-11-25,9349
2371,大同,180,83,97,華南永昌-板橋,2024-11-25,9349
9105,泰金寶-DR,123,34,89,華南永昌-板橋,2024-11-25,9349
00877,復華中國5G,88,0,88,華南永昌-板橋,2024-11-25,9349
2603,長榮,104,23,81,華南永昌-板橋,2024-11-25,9349
2615,萬海,93,23,70,華南永昌-板橋,2024-11-25,9349
2609,陽明,84,45,39,華南永昌-板橋,2024-11-25,9349
3444,利機,60,26,34,華南永昌-板橋,2024-11-25,9349
3450,聯鈞,50,26,24,華南永昌-板橋,2024-11-25,9349
2891,中信金,23,0,23,華南永昌-板橋,2024-11-25,9349
00878,國泰永續高股息,22,0,22,華南永昌-板橋,2024-11-25,9349
3293,鈊象,21,0,21,華南永昌-板橋,2024-11-25,9349
8240,華宏,20,1,19,華南永昌-板橋,2024-11-25,9349
00887,永豐中國科技50大,16,0,16,華南永昌-板橋,2024-11-25,9349
00639,富邦深100,16,0,16,華南永昌-板橋,2024-11-25,9349
2356,英業達,20,4,16,華南永昌-板橋,2024-11-25,9349
2634,漢翔,31,15,16,華南永昌-板橋,2024-11-25,9349
3049,精金,15,0,15,華南永昌-板橋,2024-11-25,9349
6706,惠特,14,1,13,華南永昌-板橋,2024-11-25,9349
2885,元大金,12,0,12,華南永昌-板橋,2024-11-25,9349
6199,天品,12,0,12,華南永昌-板橋,2024-11-25,9349
8044,網家,20,9,11,華南永昌-板橋,2024-11-25,9349
00953B,群益優選非投等債,10,0,10,華南永昌-板橋,2024-11-25,9349
00753L,中信中國50正2,10,0,10,華南永昌-板橋,2024-11-25,9349
00687B,國泰20年美債,10,0,10,華南永昌-板橋,2024-11-25,9349
1809,中釉,10,0,10,華南永昌-板橋,2024-11-25,9349
2329,華泰,10,0,10,華南永昌-板橋,2024-11-25,9349
2489,瑞軒,12,2,10,華南永昌-板橋,2024-11-25,9349
3013,晟銘電,12,2,10,華南永昌-板橋,2024-11-25,9349
3051,力特,10,0,10,華南永昌-板橋,2024-11-25,9349
5521,工信,20,10,10,華南永昌-板橋,2024-11-25,9349
6180,橘子,10,0,10,華南永昌-板橋,2024-11-25,9349
00713,元大台灣高息低波,9,0,9,華南永昌-板橋,2024-11-25,9349
0056,元大高股息,9,0,9,華南永昌-板橋,2024-11-25,9349
2331,精英,10,1,9,華南永昌-板橋,2024-11-25,9349
3580,友威科,10,1,9,華南永昌-板橋,2024-11-25,9349
3712,永崴投控,37,28,9,華南永昌-板橋,2024-11-25,9349
2915,潤泰全,8,0,8,華南永昌-板橋,2024-11-25,9349
6788,華景電,8,0,8,華南永昌-板橋,2024-11-25,9349
2313,華通,10,3,7,華南永昌-板橋,2024-11-25,9349
006208,富邦台50,7,0,7,華南永昌-板橋,2024-11-25,9349
5371,中光電,10,3,7,華南永昌-板橋,2024-11-25,9349
3114,好德,6,0,6,華南永昌-板橋,2024-11-25,9349
4903,聯光通,6,0,6,華南永昌-板橋,2024-11-25,9349
5483,中美晶,6,0,6,華南永昌-板橋,2024-11-25,9349
6598,ABC-KY,6,0,6,華南永昌-板橋,2024-11-25,9349
8032,光菱,6,0,6,華南永昌-板橋,2024-11-25,9349
6026,福邦證,5,0,5,華南永昌-板橋,2024-11-25,9349
00757,統一FANG+,5,0,5,華南永昌-板橋,2024-11-25,9349
1464,得力,5,0,5,華南永昌-板橋,2024-11-25,9349
8044,網家,116,1,115,華南永昌-板橋,2024-11-26,9349
3481,群創,100,1,99,華南永昌-板橋,2024-11-26,9349
2489,瑞軒,100,2,98,華南永昌-板橋,2024-11-26,9349
9105,泰金寶-DR,101,45,56,華南永昌-板橋,2024-11-26,9349
00951,台新日本半導體,52,0,52,華南永昌-板橋,2024-11-26,9349
8358,金居,51,1,50,華南永昌-板橋,2024-11-26,9349
2488,漢平,43,0,43,華南永昌-板橋,2024-11-26,9349
2610,華航,60,18,42,華南永昌-板橋,2024-11-26,9349
2317,鴻海,73,31,42,華南永昌-板橋,2024-11-26,9349
2312,金寶,435,404,31,華南永昌-板橋,2024-11-26,9349
3323,加百裕,62,35,27,華南永昌-板橋,2024-11-26,9349
2609,陽明,51,25,26,華南永昌-板橋,2024-11-26,9349
8240,華宏,22,2,20,華南永昌-板橋,2024-11-26,9349
3444,利機,80,62,18,華南永昌-板橋,2024-11-26,9349
6164,華興,24,7,17,華南永昌-板橋,2024-11-26,9349
2367,燿華,20,4,16,華南永昌-板橋,2024-11-26,9349
2344,華邦電,25,10,15,華南永昌-板橋,2024-11-26,9349
4526,東台,37,24,13,華南永昌-板橋,2024-11-26,9349
00878,國泰永續高股息,12,0,12,華南永昌-板橋,2024-11-26,9349
0056,元大高股息,20,10,10,華南永昌-板橋,2024-11-26,9349
2547,日勝生,10,0,10,華南永昌-板橋,2024-11-26,9349
2605,新興,10,0,10,華南永昌-板橋,2024-11-26,9349
8942,森鉅,10,0,10,華南永昌-板橋,2024-11-26,9349
00687B,國泰20年美債,9,0,9,華南永昌-板橋,2024-11-26,9349
1464,得力,9,0,9,華南永昌-板橋,2024-11-26,9349
2884,玉山金,9,0,9,華南永昌-板橋,2024-11-26,9349
4931,新盛力,15,6,9,華南永昌-板橋,2024-11-26,9349
2603,長榮,14,5,9,華南永昌-板橋,2024-11-26,9349
1785,光洋科,8,0,8,華南永昌-板橋,2024-11-26,9349
6215,和椿,8,0,8,華南永昌-板橋,2024-11-26,9349
3706,神達,167,159,8,華南永昌-板橋,2024-11-26,9349
2646,星宇航空,14,7,7,華南永昌-板橋,2024-11-26,9349
1809,中釉,7,0,7,華南永昌-板橋,2024-11-26,9349
2368,金像電,7,0,7,華南永昌-板橋,2024-11-26,9349
2371,大同,51,44,7,華南永昌-板橋,2024-11-26,9349
6558,興能高,14,7,7,華南永昌-板橋,2024-11-26,9349
00715L,期街口布蘭特正2,6,0,6,華南永昌-板橋,2024-11-26,9349
1560,中砂,6,0,6,華南永昌-板橋,2024-11-26,9349
00757,統一FANG+,6,0,6,華南永昌-板橋,2024-11-26,9349
1591,駿吉-KY,6,0,6,華南永昌-板橋,2024-11-26,9349
3017,奇鋐,7,1,6,華南永昌-板橋,2024-11-26,9349
6148,驊宏資,6,0,6,華南永昌-板橋,2024-11-26,9349
8121,越峰,6,0,6,華南永昌-板橋,2024-11-26,9349
00919,群益台灣精選高息,5,0,5,華南永昌-板橋,2024-11-26,9349
00939,統一台灣高息動能,5,0,5,華南永昌-板橋,2024-11-26,9349
00751B,元大AAA至A公司債,5,0,5,華南永昌-板橋,2024-11-26,9349
2332,友訊,5,0,5,華南永昌-板橋,2024-11-26,9349
2449,京元電子,5,0,5,華南永昌-板橋,2024-11-26,9349
3013,晟銘電,8,3,5,華南永昌-板橋,2024-11-26,9349
4956,光鋐,17,12,5,華南永昌-板橋,2024-11-26,9349
00878,國泰永續高股息,164,1,163,華南永昌-板橋,2024-11-27,9349
8027,鈦昇,76,0,76,華南永昌-板橋,2024-11-27,9349
8044,網家,75,0,75,華南永昌-板橋,2024-11-27,9349
2489,瑞軒,70,0,70,華南永昌-板橋,2024-11-27,9349
2317,鴻海,84,21,63,華南永昌-板橋,2024-11-27,9349
5443,均豪,50,2,48,華南永昌-板橋,2024-11-27,9349
5608,四維航,52,5,47,華南永昌-板橋,2024-11-27,9349
00918,大華優利高填息30,47,0,47,華南永昌-板橋,2024-11-27,9349
00946,群益科技高息成長,51,6,45,華南永昌-板橋,2024-11-27,9349
1802,台玻,45,0,45,華南永昌-板橋,2024-11-27,9349
00919,群益台灣精選高息,145,102,43,華南永昌-板橋,2024-11-27,9349
00940,元大台灣價值高息,43,3,40,華南永昌-板橋,2024-11-27,9349
2303,聯電,42,2,40,華南永昌-板橋,2024-11-27,9349
3518,柏騰,40,0,40,華南永昌-板橋,2024-11-27,9349
0056,元大高股息,40,0,40,華南永昌-板橋,2024-11-27,9349
3712,永崴投控,44,7,37,華南永昌-板橋,2024-11-27,9349
2615,萬海,58,23,35,華南永昌-板橋,2024-11-27,9349
2603,長榮,78,46,32,華南永昌-板橋,2024-11-27,9349
2520,冠德,30,0,30,華南永昌-板橋,2024-11-27,9349
3481,群創,31,1,30,華南永昌-板橋,2024-11-27,9349
2609,陽明,145,116,29,華南永昌-板橋,2024-11-27,9349
2891,中信金,28,0,28,華南永昌-板橋,2024-11-27,9349
1603,華電,25,0,25,華南永昌-板橋,2024-11-27,9349
6158,禾昌,25,0,25,華南永昌-板橋,2024-11-27,9349
3444,利機,42,18,24,華南永昌-板橋,2024-11-27,9349
2330,台積電,40,17,23,華南永昌-板橋,2024-11-27,9349
00943,兆豐電子高息等權,20,0,20,華南永昌-板橋,2024-11-27,9349
3024,憶聲,20,0,20,華南永昌-板橋,2024-11-27,9349
9105,泰金寶-DR,108,90,18,華南永昌-板橋,2024-11-27,9349
00934,中信成長高股息,15,0,15,華南永昌-板橋,2024-11-27,9349
2337,旺宏,15,0,15,華南永昌-板橋,2024-11-27,9349
3037,欣興,26,12,14,華南永昌-板橋,2024-11-27,9349
2344,華邦電,37,23,14,華南永昌-板橋,2024-11-27,9349
6770,力積電,24,10,14,華南永昌-板橋,2024-11-27,9349
2390,云辰,13,0,13,華南永昌-板橋,2024-11-27,9349
4979,華星光,34,22,12,華南永昌-板橋,2024-11-27,9349
00930,永豐ESG低碳高息,11,0,11,華南永昌-板橋,2024-11-27,9349
2488,漢平,12,1,11,華南永昌-板橋,2024-11-27,9349
2002,中鋼,12,1,11,華南永昌-板橋,2024-11-27,9349
2382,廣達,11,1,10,華南永昌-板橋,2024-11-27,9349
2376,技嘉,10,0,10,華南永昌-板橋,2024-11-27,9349
00662,富邦NASDAQ,10,0,10,華南永昌-板橋,2024-11-27,9349
2070,精湛,12,2,10,華南永昌-板橋,2024-11-27,9349
2362,藍天,10,0,10,華南永昌-板橋,2024-11-27,9349
2474,可成,10,0,10,華南永昌-板橋,2024-11-27,9349
5371,中光電,10,0,10,華南永昌-板橋,2024-11-27,9349
8064,東捷,11,1,10,華南永昌-板橋,2024-11-27,9349
8150,南茂,10,0,10,華南永昌-板橋,2024-11-27,9349
6962,ITH-KY,9,0,9,華南永昌-板橋,2024-11-27,9349
2356,英業達,48,39,9,華南永昌-板橋,2024-11-27,9349
3059,華晶科,184,0,184,華南永昌-板橋,2024-11-28,9349
2312,金寶,149,55,94,華南永昌-板橋,2024-11-28,9349
3481,群創,71,0,71,華南永昌-板橋,2024-11-28,9349
3712,永崴投控,70,0,70,華南永昌-板橋,2024-11-28,9349
00929,復華台灣科技優息,169,100,69,華南永昌-板橋,2024-11-28,9349
2332,友訊,80,24,56,華南永昌-板橋,2024-11-28,9349
2344,華邦電,57,3,54,華南永昌-板橋,2024-11-28,9349
4960,誠美材,50,0,50,華南永昌-板橋,2024-11-28,9349
00878,國泰永續高股息,50,1,49,華南永昌-板橋,2024-11-28,9349
00937B,群益ESG投等債20,62,17,45,華南永昌-板橋,2024-11-28,9349
3043,科風,40,0,40,華南永昌-板橋,2024-11-28,9349
8240,華宏,40,0,40,華南永昌-板橋,2024-11-28,9349
5465,富驊,39,2,37,華南永昌-板橋,2024-11-28,9349
2317,鴻海,48,12,36,華南永昌-板橋,2024-11-28,9349
2382,廣達,37,3,34,華南永昌-板橋,2024-11-28,9349
2303,聯電,61,28,33,華南永昌-板橋,2024-11-28,9349
2884,玉山金,30,4,26,華南永昌-板橋,2024-11-28,9349
9933,中鼎,25,0,25,華南永昌-板橋,2024-11-28,9349
00918,大華優利高填息30,26,2,24,華南永昌-板橋,2024-11-28,9349
6213,聯茂,22,0,22,華南永昌-板橋,2024-11-28,9349
00946,群益科技高息成長,20,0,20,華南永昌-板橋,2024-11-28,9349
3231,緯創,47,27,20,華南永昌-板橋,2024-11-28,9349
3037,欣興,20,1,19,華南永昌-板橋,2024-11-28,9349
2891,中信金,19,0,19,華南永昌-板橋,2024-11-28,9349
2362,藍天,17,0,17,華南永昌-板橋,2024-11-28,9349
4510,高鋒,114,97,17,華南永昌-板橋,2024-11-28,9349
3706,神達,248,232,16,華南永昌-板橋,2024-11-28,9349
2501,國建,15,0,15,華南永昌-板橋,2024-11-28,9349
3211,順達,20,6,14,華南永昌-板橋,2024-11-28,9349
1301,台塑,15,2,13,華南永昌-板橋,2024-11-28,9349
2331,精英,15,4,11,華南永昌-板橋,2024-11-28,9349
4127,天良,12,1,11,華南永昌-板橋,2024-11-28,9349
00631L,元大台灣50正2,10,0,10,華南永昌-板橋,2024-11-28,9349
00662,富邦NASDAQ,10,0,10,華南永昌-板橋,2024-11-28,9349
00940,元大台灣價值高息,10,0,10,華南永昌-板橋,2024-11-28,9349
2354,鴻準,83,73,10,華南永昌-板橋,2024-11-28,9349
4991,環宇-KY,12,2,10,華南永昌-板橋,2024-11-28,9349
5469,瀚宇博,10,0,10,華南永昌-板橋,2024-11-28,9349
6111,大宇資,10,0,10,華南永昌-板橋,2024-11-28,9349
8110,華東,10,0,10,華南永昌-板橋,2024-11-28,9349
8440,綠電,8,0,8,華南永昌-板橋,2024-11-28,9349
5351,鈺創,8,1,7,華南永昌-板橋,2024-11-28,9349
1326,台化,7,0,7,華南永昌-板橋,2024-11-28,9349
1455,集盛,7,0,7,華南永昌-板橋,2024-11-28,9349
1582,信錦,7,0,7,華南永昌-板橋,2024-11-28,9349
3176,基亞,8,1,7,華南永昌-板橋,2024-11-28,9349
3653,健策,7,0,7,華南永昌-板橋,2024-11-28,9349
8171,天宇,7,0,7,華南永昌-板橋,2024-11-28,9349
3450,聯鈞,15,8,7,華南永昌-板橋,2024-11-28,9349
5347,世界,7,0,7,華南永昌-板橋,2024-11-28,9349
3712,永崴投控,177,0,177,華南永昌-板橋,2024-11-29,9349
3059,華晶科,110,0,110,華南永昌-板橋,2024-11-29,9349
00878,國泰永續高股息,79,0,79,華南永昌-板橋,2024-11-29,9349
00950B,凱基A級公司債,65,0,65,華南永昌-板橋,2024-11-29,9349
1734,杏輝,55,0,55,華南永昌-板橋,2024-11-29,9349
1815,富喬,127,88,39,華南永昌-板橋,2024-11-29,9349
3706,神達,317,278,39,華南永昌-板橋,2024-11-29,9349
2891,中信金,39,1,38,華南永昌-板橋,2024-11-29,9349
2609,陽明,83,58,25,華南永昌-板橋,2024-11-29,9349
2312,金寶,157,136,21,華南永昌-板橋,2024-11-29,9349
3444,利機,67,46,21,華南永昌-板橋,2024-11-29,9349
00919,群益台灣精選高息,20,0,20,華南永昌-板橋,2024-11-29,9349
00943,兆豐電子高息等權,20,0,20,華南永昌-板橋,2024-11-29,9349
00637L,元大滬深300正2,20,0,20,華南永昌-板橋,2024-11-29,9349
2618,長榮航,22,2,20,華南永昌-板橋,2024-11-29,9349
3607,谷崧,20,0,20,華南永昌-板橋,2024-11-29,9349
5309,系統電,42,24,18,華南永昌-板橋,2024-11-29,9349
1301,台塑,17,0,17,華南永昌-板橋,2024-11-29,9349
00885,富邦越南,17,0,17,華南永昌-板橋,2024-11-29,9349
2303,聯電,30,15,15,華南永昌-板橋,2024-11-29,9349
2390,云辰,15,0,15,華南永昌-板橋,2024-11-29,9349
2603,長榮,22,8,14,華南永昌-板橋,2024-11-29,9349
2834,臺企銀,13,0,13,華南永昌-板橋,2024-11-29,9349
2409,友達,13,0,13,華南永昌-板橋,2024-11-29,9349
2313,華通,12,0,12,華南永昌-板橋,2024-11-29,9349
3047,訊舟,12,1,11,華南永昌-板橋,2024-11-29,9349
1303,南亞,10,0,10,華南永昌-板橋,2024-11-29,9349
2419,仲琦,25,15,10,華南永昌-板橋,2024-11-29,9349
3031,佰鴻,10,0,10,華南永昌-板橋,2024-11-29,9349
0056,元大高股息,9,0,9,華南永昌-板橋,2024-11-29,9349
6541,泰福-KY,10,1,9,華南永昌-板橋,2024-11-29,9349
4991,環宇-KY,78,69,9,華南永昌-板橋,2024-11-29,9349
2330,台積電,9,0,9,華南永昌-板橋,2024-11-29,9349
2314,台揚,8,0,8,華南永昌-板橋,2024-11-29,9349
00909,國泰數位支付服務,8,0,8,華南永昌-板橋,2024-11-29,9349
1326,台化,8,0,8,華南永昌-板橋,2024-11-29,9349
1802,台玻,11,3,8,華南永昌-板橋,2024-11-29,9349
4523,永彰,8,0,8,華南永昌-板橋,2024-11-29,9349
6127,九豪,11,3,8,華南永昌-板橋,2024-11-29,9349
1781,合世,6,0,6,華南永昌-板橋,2024-11-29,9349
4510,高鋒,131,125,6,華南永昌-板橋,2024-11-29,9349
6788,華景電,6,0,6,華南永昌-板橋,2024-11-29,9349
8171,天宇,7,1,6,華南永昌-板橋,2024-11-29,9349
2344,華邦電,7,2,5,華南永昌-板橋,2024-11-29,9349
2887,台新金,5,0,5,華南永昌-板橋,2024-11-29,9349
00953B,群益優選非投等債,5,0,5,華南永昌-板橋,2024-11-29,9349
2401,凌陽,5,0,5,華南永昌-板橋,2024-11-29,9349
2421,建準,5,0,5,華南永昌-板橋,2024-11-29,9349
6191,精成科,5,0,5,華南永昌-板橋,2024-11-29,9349
6530,創威,9,4,5,華南永昌-板橋,2024-11-29,9349
00632R,元大台灣50反1,1028,0,1028,華南永昌-板橋,2024-12-02,9349
3712,永崴投控,167,0,167,華南永昌-板橋,2024-12-02,9349
00950B,凱基A級公司債,65,0,65,華南永昌-板橋,2024-12-02,9349
00959B,大華投等美債15Y+,50,0,50,華南永昌-板橋,2024-12-02,9349
3211,順達,116,71,45,華南永昌-板橋,2024-12-02,9349
00953B,群益優選非投等債,43,0,43,華南永昌-板橋,2024-12-02,9349
2891,中信金,55,17,38,華南永昌-板橋,2024-12-02,9349
4510,高鋒,53,17,36,華南永昌-板橋,2024-12-02,9349
2354,鴻準,71,36,35,華南永昌-板橋,2024-12-02,9349
4979,華星光,178,143,35,華南永昌-板橋,2024-12-02,9349
1536,和大,56,26,30,華南永昌-板橋,2024-12-02,9349
3290,東浦,29,0,29,華南永昌-板橋,2024-12-02,9349
5328,華容,23,0,23,華南永昌-板橋,2024-12-02,9349
3230,錦明,22,1,21,華南永昌-板橋,2024-12-02,9349
1447,力鵬,20,0,20,華南永昌-板橋,2024-12-02,9349
3704,合勤控,20,0,20,華南永昌-板橋,2024-12-02,9349
2886,兆豐金,16,0,16,華南永昌-板橋,2024-12-02,9349
2390,云辰,15,0,15,華南永昌-板橋,2024-12-02,9349
2610,華航,53,40,13,華南永昌-板橋,2024-12-02,9349
2317,鴻海,13,0,13,華南永昌-板橋,2024-12-02,9349
2646,星宇航空,12,0,12,華南永昌-板橋,2024-12-02,9349
1308,亞聚,12,0,12,華南永昌-板橋,2024-12-02,9349
4123,晟德,13,1,12,華南永昌-板橋,2024-12-02,9349
2312,金寶,65,55,10,華南永昌-板橋,2024-12-02,9349
2449,京元電子,11,1,10,華南永昌-板橋,2024-12-02,9349
5222,全訊,10,0,10,華南永昌-板橋,2024-12-02,9349
3037,欣興,11,2,9,華南永昌-板橋,2024-12-02,9349
2337,旺宏,10,0,10,華南永昌-板橋,2024-12-02,9349
3013,晟銘電,15,6,9,華南永昌-板橋,2024-12-02,9349
3323,加百裕,53,44,9,華南永昌-板橋,2024-12-02,9349
6285,啟��,9,0,9,華南永昌-板橋,2024-12-02,9349
1605,華新,8,0,8,華南永昌-板橋,2024-12-02,9349
8072,陞泰,8,0,8,華南永昌-板橋,2024-12-02,9349
2382,廣達,9,1,8,華南永昌-板橋,2024-12-02,9349
2603,長榮,9,3,6,華南永昌-板橋,2024-12-02,9349
3380,明泰,6,0,6,華南永昌-板橋,2024-12-02,9349
8032,光菱,6,0,6,華南永昌-板橋,2024-12-02,9349
2884,玉山金,5,0,5,華南永昌-板橋,2024-12-02,9349
1464,得力,5,0,5,華南永昌-板橋,2024-12-02,9349
2356,英業達,7,2,5,華南永昌-板橋,2024-12-02,9349
2408,南亞科,5,0,5,華南永昌-板橋,2024-12-02,9349
2542,興富發,6,1,5,華南永昌-板橋,2024-12-02,9349
4927,泰鼎-KY,5,0,5,華南永昌-板橋,2024-12-02,9349
6668,中揚光,5,0,5,華南永昌-板橋,2024-12-02,9349
8114,振樺電,8,3,5,華南永昌-板橋,2024-12-02,9349
2049,上銀,5,0,5,華南永昌-板橋,2024-12-02,9349
6830,汎銓,5,0,5,華南永昌-板橋,2024-12-02,9349
2376,技嘉,6,1,5,華南永昌-板橋,2024-12-02,9349
1301,台塑,8,4,4,華南永昌-板橋,2024-12-02,9349
4303,信立,7,3,4,華南永昌-板橋,2024-12-02,9349
00919,群益台灣精選高息,201,4,197,華南永昌-板橋,2024-12-03,9349
2488,漢平,146,0,146,華南永昌-板橋,2024-12-03,9349
3051,力特,60,0,60,華南永昌-板橋,2024-12-03,9349
4931,新盛力,62,2,60,華南永昌-板橋,2024-12-03,9349
2887,台新金,57,2,55,華南永昌-板橋,2024-12-03,9349
3211,順達,84,40,44,華南永昌-板橋,2024-12-03,9349
4768,晶呈科技,130,88,42,華南永昌-板橋,2024-12-03,9349
00959B,大華投等美債15Y+,40,10,30,華南永昌-板橋,2024-12-03,9349
2891,中信金,30,4,26,華南永昌-板橋,2024-12-03,9349
4991,環宇-KY,60,35,25,華南永昌-板橋,2024-12-03,9349
5438,東友,24,0,24,華南永昌-板橋,2024-12-03,9349
3338,泰碩,30,7,23,華南永昌-板橋,2024-12-03,9349
4938,和碩,21,0,21,華南永昌-板橋,2024-12-03,9349
5907,大洋-KY,20,2,18,華南永昌-板橋,2024-12-03,9349
2303,聯電,21,4,17,華南永昌-板橋,2024-12-03,9349
3090,日電貿,16,0,16,華南永昌-板橋,2024-12-03,9349
1524,耿鼎,13,0,13,華南永昌-板橋,2024-12-03,9349
6148,驊宏資,13,0,13,華南永昌-板橋,2024-12-03,9349
2426,鼎元,13,1,12,華南永昌-板橋,2024-12-03,9349
3013,晟銘電,25,13,12,華南永昌-板橋,2024-12-03,9349
2498,宏達電,11,0,11,華南永昌-板橋,2024-12-03,9349
2501,國建,10,0,10,華南永昌-板橋,2024-12-03,9349
5222,全訊,10,0,10,華南永昌-板橋,2024-12-03,9349
5328,華容,22,12,10,華南永昌-板橋,2024-12-03,9349
00688L,國泰20年美債正2,10,1,9,華南永昌-板橋,2024-12-03,9349
2337,旺宏,10,1,9,華南永昌-板橋,2024-12-03,9349
3376,新日興,9,0,9,華南永昌-板橋,2024-12-03,9349
5371,中光電,14,5,9,華南永昌-板橋,2024-12-03,9349
6449,鈺邦,9,0,9,華南永昌-板橋,2024-12-03,9349
00918,大華優利高填息30,10,2,8,華南永昌-板橋,2024-12-03,9349
2344,華邦電,8,0,8,華南永昌-板橋,2024-12-03,9349
6770,力積電,10,2,8,華南永昌-板橋,2024-12-03,9349
2382,廣達,14,7,7,華南永昌-板橋,2024-12-03,9349
6451,訊芯-KY,7,0,7,華南永昌-板橋,2024-12-03,9349
1809,中釉,7,0,7,華南永昌-板橋,2024-12-03,9349
3702,大聯大,7,0,7,華南永昌-板橋,2024-12-03,9349
6153,嘉聯益,7,0,7,華南永昌-板橋,2024-12-03,9349
6235,華孚,7,0,7,華南永昌-板橋,2024-12-03,9349
2520,冠德,12,5,7,華南永昌-板橋,2024-12-03,9349
1519,華城,7,0,7,華南永昌-板橋,2024-12-03,9349
2903,遠百,6,0,6,華南永昌-板橋,2024-12-03,9349
3163,波若威,7,1,6,華南永昌-板橋,2024-12-03,9349
6869,雲豹能源,6,0,6,華南永昌-板橋,2024-12-03,9349
2542,興富發,6,0,6,華南永昌-板橋,2024-12-03,9349
1786,科妍,5,0,5,華南永昌-板橋,2024-12-03,9349
2405,輔信,39,34,5,華南永昌-板橋,2024-12-03,9349
2509,全坤建,5,0,5,華南永昌-板橋,2024-12-03,9349
2605,新興,5,0,5,華南永昌-板橋,2024-12-03,9349
3413,京鼎,5,0,5,華南永昌-板橋,2024-12-03,9349
3522,御嵿,5,0,5,華南永昌-板橋,2024-12-03,9349
00915,凱基優選高股息30,106,0,106,華南永昌-板橋,2024-12-04,9349
2888,新光金,106,0,106,華南永昌-板橋,2024-12-04,9349
1301,台塑,103,2,101,華南永昌-板橋,2024-12-04,9349
1303,南亞,101,1,100,華南永昌-板橋,2024-12-04,9349
1326,台化,100,1,99,華南永昌-板橋,2024-12-04,9349
3625,西勝,94,0,94,華南永昌-板橋,2024-12-04,9349
00918,大華優利高填息30,62,0,62,華南永昌-板橋,2024-12-04,9349
3481,群創,81,20,61,華南永昌-板橋,2024-12-04,9349
00713,元大台灣高息低波,36,0,36,華南永昌-板橋,2024-12-04,9349
6152,百一,30,0,30,華南永昌-板橋,2024-12-04,9349
3380,明泰,38,10,28,華南永昌-板橋,2024-12-04,9349
2542,興富發,27,0,27,華南永昌-板橋,2024-12-04,9349
4979,華星光,64,38,26,華南永昌-板橋,2024-12-04,9349
2883,凱基金,25,3,22,華南永昌-板橋,2024-12-04,9349
00919,群益台灣精選高息,20,0,20,華南永昌-板橋,2024-12-04,9349
1734,杏輝,17,0,17,華南永昌-板橋,2024-12-04,9349
1449,佳和,33,17,16,華南永昌-板橋,2024-12-04,9349
2303,聯電,25,10,15,華南永昌-板橋,2024-12-04,9349
00687B,國泰20年美債,14,0,14,華南永昌-板橋,2024-12-04,9349
1536,和大,21,7,14,華南永昌-板橋,2024-12-04,9349
2610,華航,28,14,14,華南永昌-板橋,2024-12-04,9349
2413,環科,15,3,12,華南永昌-板橋,2024-12-04,9349
2458,義隆,13,1,12,華南永昌-板橋,2024-12-04,9349
2801,彰銀,11,0,11,華南永昌-板橋,2024-12-04,9349
3702,大聯大,11,0,11,華南永昌-板橋,2024-12-04,9349
5244,弘凱,23,12,11,華南永昌-板橋,2024-12-04,9349
6180,橘子,14,3,11,華南永昌-板橋,2024-12-04,9349
2887,台新金,12,2,10,華南永昌-板橋,2024-12-04,9349
00953B,群益優選非投等債,10,0,10,華南永昌-板橋,2024-12-04,9349
1432,大魯閣,10,0,10,華南永昌-板橋,2024-12-04,9349
2440,太空梭,10,0,10,華南永昌-板橋,2024-12-04,9349
2455,全新,14,4,10,華南永昌-板橋,2024-12-04,9349
3047,訊舟,10,0,10,華南永昌-板橋,2024-12-04,9349
4108,懷特,10,0,10,華南永昌-板橋,2024-12-04,9349
00830,國泰費城半導體,10,0,10,華南永昌-板橋,2024-12-04,9349
2615,萬海,11,2,9,華南永昌-板橋,2024-12-04,9349
3455,由田,9,0,9,華南永昌-板橋,2024-12-04,9349
3466,德晉,20,11,9,華南永昌-板橋,2024-12-04,9349
8042,金山電,10,1,9,華南永昌-板橋,2024-12-04,9349
2344,華邦電,8,0,8,華南永昌-板橋,2024-12-04,9349
00637L,元大滬深300正2,10,2,8,華南永昌-板橋,2024-12-04,9349
2062,橋椿,8,0,8,華南永昌-板橋,2024-12-04,9349
2405,輔信,8,0,8,華南永昌-板橋,2024-12-04,9349
3211,順達,77,69,8,華南永昌-板橋,2024-12-04,9349
3228,金麗科,9,1,8,華南永昌-板橋,2024-12-04,9349
8043,蜜望實,8,0,8,華南永昌-板橋,2024-12-04,9349
2313,華通,7,0,7,華南永昌-板橋,2024-12-04,9349
3675,德微,7,0,7,華南永昌-板橋,2024-12-04,9349
6962,ITH-KY,7,0,7,華南永昌-板橋,2024-12-04,9349
2027,大成鋼,6,0,6,華南永昌-板橋,2024-12-04,9349
00918,大華優利高填息30,110,0,110,華南永昌-板橋,2024-12-05,9349
1815,富喬,113,57,56,華南永昌-板橋,2024-12-05,9349
6152,百一,50,0,50,華南永昌-板橋,2024-12-05,9349
6706,惠特,36,1,35,華南永昌-板橋,2024-12-05,9349
00919,群益台灣精選高息,104,71,33,華南永昌-板橋,2024-12-05,9349
2405,輔信,38,7,31,華南永昌-板橋,2024-12-05,9349
4114,健喬,31,0,31,華南永昌-板橋,2024-12-05,9349
1734,杏輝,30,0,30,華南永昌-板橋,2024-12-05,9349
8043,蜜望實,29,3,26,華南永昌-板橋,2024-12-05,9349
2610,華航,51,25,26,華南永昌-板橋,2024-12-05,9349
2618,長榮航,37,15,22,華南永昌-板橋,2024-12-05,9349
3090,日電貿,69,49,20,華南永昌-板橋,2024-12-05,9349
00953B,群益優選非投等債,20,0,20,華南永昌-板橋,2024-12-05,9349
00952,凱基台灣AI50,20,0,20,華南永昌-板橋,2024-12-05,9349
1447,力鵬,20,0,20,華南永昌-板橋,2024-12-05,9349
5469,瀚宇博,20,0,20,華南永昌-板橋,2024-12-05,9349
2317,鴻海,25,5,20,華南永昌-板橋,2024-12-05,9349
6274,台燿,20,1,19,華南永昌-板橋,2024-12-05,9349
2303,聯電,25,9,16,華南永昌-板橋,2024-12-05,9349
5439,高技,17,1,16,華南永昌-板橋,2024-12-05,9349
5328,華容,51,36,15,華南永昌-板橋,2024-12-05,9349
6173,信昌電,15,0,15,華南永昌-板橋,2024-12-05,9349
8028,昇陽半導體,14,1,13,華南永昌-板橋,2024-12-05,9349
2520,冠德,15,3,12,華南永昌-板橋,2024-12-05,9349
2408,南亞科,12,0,12,華南永昌-板橋,2024-12-05,9349
1609,大亞,11,0,11,華南永昌-板橋,2024-12-05,9349
3163,波若威,22,12,10,華南永昌-板橋,2024-12-05,9349
00909,國泰數位支付服務,11,1,10,華南永昌-板橋,2024-12-05,9349
2331,精英,10,0,10,華南永昌-板橋,2024-12-05,9349
3552,同致,10,0,10,華南永昌-板橋,2024-12-05,9349
4927,泰鼎-KY,15,5,10,華南永昌-板橋,2024-12-05,9349
5213,亞昕,10,0,10,華南永昌-板橋,2024-12-05,9349
6199,天品,10,0,10,華南永昌-板橋,2024-12-05,9349
9904,寶成,11,1,10,華南永昌-板橋,2024-12-05,9349
2801,彰銀,10,0,10,華南永昌-板橋,2024-12-05,9349
1432,大魯閣,10,0,10,華南永昌-板橋,2024-12-05,9349
3105,穩懋,10,0,10,華南永昌-板橋,2024-12-05,9349
2371,大同,38,29,9,華南永昌-板橋,2024-12-05,9349
2426,鼎元,9,0,9,華南永昌-板橋,2024-12-05,9349
4977,眾達-KY,30,21,9,華南永昌-板橋,2024-12-05,9349
5309,系統電,23,14,9,華南永昌-板橋,2024-12-05,9349
6127,九豪,32,23,9,華南永昌-板橋,2024-12-05,9349
6163,華電網,13,4,9,華南永昌-板橋,2024-12-05,9349
2392,正崴,45,37,8,華南永昌-板橋,2024-12-05,9349
2542,興富發,8,0,8,華南永昌-板橋,2024-12-05,9349
3455,由田,8,0,8,華南永昌-板橋,2024-12-05,9349
4979,華星光,15,7,8,華南永昌-板橋,2024-12-05,9349
3037,欣興,10,3,7,華南永昌-板橋,2024-12-05,9349
3376,新日興,8,1,7,華南永昌-板橋,2024-12-05,9349
00922,國泰台灣領袖50,7,0,7,華南永昌-板橋,2024-12-05,9349
3317,尼克森,105,1,104,華南永昌-板橋,2024-12-06,9349
2426,鼎元,100,0,100,華南永昌-板橋,2024-12-06,9349
00953B,群益優選非投等債,82,0,82,華南永昌-板橋,2024-12-06,9349
00930,永豐ESG低碳高息,61,0,61,華南永昌-板橋,2024-12-06,9349
3211,順達,103,42,61,華南永昌-板橋,2024-12-06,9349
2344,華邦電,53,2,51,華南永昌-板橋,2024-12-06,9349
00919,群益台灣精選高息,53,2,51,華南永昌-板橋,2024-12-06,9349
2610,華航,65,17,48,華南永昌-板橋,2024-12-06,9349
6148,驊宏資,47,0,47,華南永昌-板橋,2024-12-06,9349
1734,杏輝,42,0,42,華南永昌-板橋,2024-12-06,9349
5309,系統電,41,4,37,華南永昌-板橋,2024-12-06,9349
00715L,期街口布蘭特正2,36,0,36,華南永昌-板橋,2024-12-06,9349
3712,永崴投控,33,2,31,華南永昌-板橋,2024-12-06,9349
1217,愛之味,30,0,30,華南永昌-板橋,2024-12-06,9349
2375,凱美,31,1,30,華南永昌-板橋,2024-12-06,9349
5202,力新,90,62,28,華南永昌-板橋,2024-12-06,9349
1605,華新,26,0,26,華南永昌-板橋,2024-12-06,9349
8358,金居,25,1,24,華南永昌-板橋,2024-12-06,9349
5465,富驊,24,1,23,華南永昌-板橋,2024-12-06,9349
3706,神達,207,185,22,華南永昌-板橋,2024-12-06,9349
3230,錦明,20,0,20,華南永昌-板橋,2024-12-06,9349
3029,零壹,35,16,19,華南永昌-板橋,2024-12-06,9349
00918,大華優利高填息30,19,0,19,華南永昌-板橋,2024-12-06,9349
2337,旺宏,30,12,18,華南永昌-板橋,2024-12-06,9349
5371,中光電,23,5,18,華南永昌-板橋,2024-12-06,9349
9105,泰金寶-DR,38,20,18,華南永昌-板橋,2024-12-06,9349
4931,新盛力,32,16,16,華南永昌-板橋,2024-12-06,9349
5438,東友,16,0,16,華南永昌-板橋,2024-12-06,9349
1432,大魯閣,15,0,15,華南永昌-板橋,2024-12-06,9349
3380,明泰,15,0,15,華南永昌-板橋,2024-12-06,9349
6214,精誠,13,1,12,華南永昌-板橋,2024-12-06,9349
2371,大同,27,16,11,華南永昌-板橋,2024-12-06,9349
00662,富邦NASDAQ,10,0,10,華南永昌-板橋,2024-12-06,9349
2312,金寶,19,9,10,華南永昌-板橋,2024-12-06,9349
4157,太景*-KY,10,0,10,華南永昌-板橋,2024-12-06,9349
4746,台耀,10,0,10,華南永昌-板橋,2024-12-06,9349
6274,台燿,10,0,10,華南永昌-板橋,2024-12-06,9349
1609,大亞,10,1,9,華南永昌-板橋,2024-12-06,9349
6877,鏵友益,13,4,9,華南永昌-板橋,2024-12-06,9349
2891,中信金,21,13,8,華南永昌-板橋,2024-12-06,9349
3548,兆利,10,2,8,華南永昌-板橋,2024-12-06,9349
6134,萬旭,11,3,8,華南永昌-板橋,2024-12-06,9349
6191,精成科,8,0,8,華南永昌-板橋,2024-12-06,9349
2883,凱基金,10,3,7,華南永昌-板橋,2024-12-06,9349
3290,東浦,8,1,7,華南永昌-板橋,2024-12-06,9349
8249,菱光,7,0,7,華南永昌-板橋,2024-12-06,9349
1524,耿鼎,6,0,6,華南永昌-板橋,2024-12-06,9349
2646,星宇航空,6,0,6,華南永昌-板橋,2024-12-06,9349
6243,迅杰,6,0,6,華南永昌-板橋,2024-12-06,9349
6223,旺矽,6,1,5,華南永昌-板橋,2024-12-06,9349
00919,群益台灣精選高息,147,0,147,華南永昌-板橋,2024-12-09,9349
00918,大華優利高填息30,121,0,121,華南永昌-板橋,2024-12-09,9349
3211,順達,104,25,79,華南永昌-板橋,2024-12-09,9349
3712,永崴投控,59,4,55,華南永昌-板橋,2024-12-09,9349
2354,鴻準,78,27,51,華南永昌-板橋,2024-12-09,9349
2101,南港,45,0,45,華南永昌-板橋,2024-12-09,9349
2534,宏盛,37,0,37,華南永昌-板橋,2024-12-09,9349
1471,首利,35,0,35,華南永昌-板橋,2024-12-09,9349
2436,偉詮電,31,2,29,華南永昌-板橋,2024-12-09,9349
00878,國泰永續高股息,37,10,27,華南永昌-板橋,2024-12-09,9349
3481,群創,24,0,24,華南永昌-板橋,2024-12-09,9349
6443,元晶,25,2,23,華南永昌-板橋,2024-12-09,9349
3290,東浦,23,0,23,華南永昌-板橋,2024-12-09,9349
6143,振曜,24,1,23,華南永昌-板橋,2024-12-09,9349
4919,新唐,25,3,22,華南永昌-板橋,2024-12-09,9349
4746,台耀,21,0,21,華南永昌-板橋,2024-12-09,9349
00940,元大台灣價值高息,31,11,20,華南永昌-板橋,2024-12-09,9349
00936,台新永續高息中小,20,0,20,華南永昌-板橋,2024-12-09,9349
2883,凱基金,20,0,20,華南永昌-板橋,2024-12-09,9349
3029,零壹,65,45,20,華南永昌-板橋,2024-12-09,9349
2405,輔信,18,0,18,華南永昌-板橋,2024-12-09,9349
2520,冠德,18,0,18,華南永昌-板橋,2024-12-09,9349
6148,驊宏資,19,1,18,華南永昌-板橋,2024-12-09,9349
2331,精英,16,0,16,華南永昌-板橋,2024-12-09,9349
6462,神盾,20,6,14,華南永昌-板橋,2024-12-09,9349
3231,緯創,16,2,14,華南永昌-板橋,2024-12-09,9349
6770,力積電,13,0,13,華南永昌-板橋,2024-12-09,9349
4979,華星光,18,5,13,華南永昌-板橋,2024-12-09,9349
1432,大魯閣,12,0,12,華南永昌-板橋,2024-12-09,9349
2402,毅嘉,25,13,12,華南永昌-板橋,2024-12-09,9349
2362,藍天,11,0,11,華南永昌-板橋,2024-12-09,9349
5465,富驊,16,5,11,華南永昌-板橋,2024-12-09,9349
2349,錸德,12,1,11,華南永昌-板橋,2024-12-09,9349
4953,緯軟,13,3,10,華南永昌-板橋,2024-12-09,9349
8150,南茂,10,0,10,華南永昌-板橋,2024-12-09,9349
2069,運錩,10,0,10,華南永昌-板橋,2024-12-09,9349
2399,映泰,18,8,10,華南永昌-板橋,2024-12-09,9349
2468,華經,13,3,10,華南永昌-板橋,2024-12-09,9349
2511,太子,10,0,10,華南永昌-板橋,2024-12-09,9349
2542,興富發,10,0,10,華南永昌-板橋,2024-12-09,9349
2891,中信金,11,1,10,華南永昌-板橋,2024-12-09,9349
2913,農林,10,0,10,華南永昌-板橋,2024-12-09,9349
3706,神達,157,148,9,華南永昌-板橋,2024-12-09,9349
2382,廣達,13,4,9,華南永昌-板橋,2024-12-09,9349
1595,川寶,9,0,9,華南永昌-板橋,2024-12-09,9349
2329,華泰,10,1,9,華南永昌-板橋,2024-12-09,9349
3013,晟銘電,10,1,9,華南永昌-板橋,2024-12-09,9349
3176,基亞,9,0,9,華南永昌-板橋,2024-12-09,9349
5202,力新,77,68,9,華南永昌-板橋,2024-12-09,9349
8054,安國,11,2,9,華南永昌-板橋,2024-12-09,9349
2520,冠德,74,4,70,華南永昌-板橋,2024-12-10,9349
6026,福邦證,60,0,60,華南永昌-板橋,2024-12-10,9349
1326,台化,60,2,58,華南永昌-板橋,2024-12-10,9349
1303,南亞,61,5,56,華南永昌-板橋,2024-12-10,9349
1301,台塑,52,2,50,華南永昌-板橋,2024-12-10,9349
00650L,復華香港正2,101,51,50,華南永昌-板橋,2024-12-10,9349
00918,大華優利高填息30,43,0,43,華南永昌-板橋,2024-12-10,9349
0056,元大高股息,42,0,42,華南永昌-板橋,2024-12-10,9349
00945B,凱基美國非投等債,40,0,40,華南永昌-板橋,2024-12-10,9349
2362,藍天,67,30,37,華南永昌-板橋,2024-12-10,9349
2317,鴻海,36,4,32,華南永昌-板橋,2024-12-10,9349
3521,鴻翊,30,0,30,華南永昌-板橋,2024-12-10,9349
3706,神達,180,152,28,華南永昌-板橋,2024-12-10,9349
00950B,凱基A級公司債,28,0,28,華南永昌-板橋,2024-12-10,9349
3712,永崴投控,28,1,27,華南永昌-板橋,2024-12-10,9349
9105,泰金寶-DR,40,15,25,華南永昌-板橋,2024-12-10,9349
2382,廣達,25,3,22,華南永昌-板橋,2024-12-10,9349
00887,永豐中國科技50大,26,5,21,華南永昌-板橋,2024-12-10,9349
2618,長榮航,41,24,17,華南永昌-板橋,2024-12-10,9349
2353,宏��,17,1,16,華南永昌-板橋,2024-12-10,9349
5202,力新,30,14,16,華南永昌-板橋,2024-12-10,9349
00878,國泰永續高股息,15,0,15,華南永昌-板橋,2024-12-10,9349
4123,晟德,19,4,15,華南永昌-板橋,2024-12-10,9349
6134,萬旭,16,1,15,華南永昌-板橋,2024-12-10,9349
00919,群益台灣精選高息,14,0,14,華南永昌-板橋,2024-12-10,9349
4979,華星光,18,5,13,華南永昌-板橋,2024-12-10,9349
00679B,元大美債20年,12,0,12,華南永昌-板橋,2024-12-10,9349
2534,宏盛,12,0,12,華南永昌-板橋,2024-12-10,9349
2543,皇昌,31,20,11,華南永昌-板橋,2024-12-10,9349
5439,高技,15,5,10,華南永昌-板橋,2024-12-10,9349
2615,萬海,14,4,10,華南永昌-板橋,2024-12-10,9349
3047,訊舟,12,2,10,華南永昌-板橋,2024-12-10,9349
3631,晟楠,10,0,10,華南永昌-板橋,2024-12-10,9349
5465,富驊,10,0,10,華南永昌-板橋,2024-12-10,9349
6591,動力-KY,10,0,10,華南永昌-板橋,2024-12-10,9349
4743,合一,9,0,9,華南永昌-板橋,2024-12-10,9349
8054,安國,18,9,9,華南永昌-板橋,2024-12-10,9349
2603,長榮,10,2,8,華南永昌-板橋,2024-12-10,9349
1449,佳和,8,0,8,華南永昌-板橋,2024-12-10,9349
2101,南港,8,0,8,華南永昌-板橋,2024-12-10,9349
1904,正隆,7,0,7,華南永昌-板橋,2024-12-10,9349
2331,精英,15,8,7,華南永昌-板橋,2024-12-10,9349
2402,毅嘉,9,2,7,華南永昌-板橋,2024-12-10,9349
2486,一詮,8,1,7,華南永昌-板橋,2024-12-10,9349
3227,原相,7,0,7,華南永昌-板橋,2024-12-10,9349
4533,協易機,7,0,7,華南永昌-板橋,2024-12-10,9349
6180,橘子,7,0,7,華南永昌-板橋,2024-12-10,9349
6214,精誠,25,18,7,華南永昌-板橋,2024-12-10,9349
2449,京元電子,8,2,6,華南永昌-板橋,2024-12-10,9349
3231,緯創,11,5,6,華南永昌-板橋,2024-12-10,9349
00919,群益台灣精選高息,61,0,61,華南永昌-板橋,2024-12-11,9349
2609,陽明,64,11,53,華南永昌-板橋,2024-12-11,9349
00637L,元大滬深300正2,50,0,50,華南永昌-板橋,2024-12-11,9349
2402,毅嘉,40,1,39,華南永昌-板橋,2024-12-11,9349
2312,金寶,38,7,31,華南永昌-板橋,2024-12-11,9349
2534,宏盛,30,0,30,華南永昌-板橋,2024-12-11,9349
3712,永崴投控,32,2,30,華南永昌-板橋,2024-12-11,9349
2317,鴻海,29,3,26,華南永昌-板橋,2024-12-11,9349
6456,GIS-KY,26,0,26,華南永昌-板橋,2024-12-11,9349
6550,北極星藥業-KY,26,0,26,華南永昌-板橋,2024-12-11,9349
3234,光環,26,1,25,華南永昌-板橋,2024-12-11,9349
3189,景碩,25,1,24,華南永昌-板橋,2024-12-11,9349
00918,大華優利高填息30,22,0,22,華南永昌-板橋,2024-12-11,9349
6695,芯鼎,27,5,22,華南永昌-板橋,2024-12-11,9349
2359,所羅門,23,2,21,華南永昌-板橋,2024-12-11,9349
6026,福邦證,20,0,20,華南永昌-板橋,2024-12-11,9349
6290,良維,20,0,20,華南永昌-板橋,2024-12-11,9349
1101,台泥,20,2,18,華南永昌-板橋,2024-12-11,9349
2501,國建,18,0,18,華南永昌-板橋,2024-12-11,9349
2382,廣達,18,1,17,華南永昌-板橋,2024-12-11,9349
1455,集盛,17,0,17,華南永昌-板橋,2024-12-11,9349
00687B,國泰20年美債,24,8,16,華南永昌-板橋,2024-12-11,9349
00680L,元大美債20正2,16,0,16,華南永昌-板橋,2024-12-11,9349
6112,邁達特,17,1,16,華南永昌-板橋,2024-12-11,9349
6148,驊宏資,17,1,16,華南永昌-板橋,2024-12-11,9349
3521,鴻翊,15,0,15,華南永昌-板橋,2024-12-11,9349
4768,晶呈科技,108,93,15,華南永昌-板橋,2024-12-11,9349
6182,合晶,15,0,15,華南永昌-板橋,2024-12-11,9349
00878,國泰永續高股息,15,1,14,華南永昌-板橋,2024-12-11,9349
2929,淘帝-KY,13,0,13,華南永昌-板橋,2024-12-11,9349
2363,矽統,14,2,12,華南永昌-板橋,2024-12-11,9349
0056,元大高股息,11,0,11,華南永昌-板橋,2024-12-11,9349
2201,裕隆,16,5,11,華南永昌-板橋,2024-12-11,9349
3231,緯創,11,1,10,華南永昌-板橋,2024-12-11,9349
00662,富邦NASDAQ,10,0,10,華南永昌-板橋,2024-12-11,9349
00945B,凱基美國非投等債,10,0,10,華南永昌-板橋,2024-12-11,9349
1312,國喬,10,0,10,華南永昌-板橋,2024-12-11,9349
1432,大魯閣,10,0,10,華南永昌-板橋,2024-12-11,9349
2331,精英,10,0,10,華南永昌-板橋,2024-12-11,9349
2880,華南金,10,0,10,華南永昌-板橋,2024-12-11,9349
3380,明泰,10,0,10,華南永昌-板橋,2024-12-11,9349
3548,兆利,12,2,10,華南永昌-板橋,2024-12-11,9349
4108,懷特,10,0,10,華南永昌-板橋,2024-12-11,9349
6134,萬旭,10,0,10,華南永昌-板橋,2024-12-11,9349
6720,久昌,10,0,10,華南永昌-板橋,2024-12-11,9349
00953B,群益優選非投等債,9,0,9,華南永昌-板橋,2024-12-11,9349
00940,元大台灣價值高息,14,5,9,華南永昌-板橋,2024-12-11,9349
2610,華航,16,7,9,華南永昌-板橋,2024-12-11,9349
2303,聯電,9,1,8,華南永昌-板橋,2024-12-11,9349
1471,首利,8,0,8,華南永昌-板橋,2024-12-11,9349
3712,永崴投控,86,0,86,華南永昌-板橋,2024-12-12,9349
2520,冠德,85,0,85,華南永昌-板橋,2024-12-12,9349
2618,長榮航,73,10,63,華南永昌-板橋,2024-12-12,9349
00918,大華優利高填息30,57,0,57,華南永昌-板橋,2024-12-12,9349
00915,凱基優選高股息30,53,0,53,華南永昌-板橋,2024-12-12,9349
2337,旺宏,38,1,37,華南永昌-板橋,2024-12-12,9349
6148,驊宏資,37,0,37,華南永昌-板橋,2024-12-12,9349
3029,零壹,122,87,35,華南永昌-板橋,2024-12-12,9349
6269,台郡,32,0,32,華南永昌-板橋,2024-12-12,9349
9105,泰金寶-DR,46,18,28,華南永昌-板橋,2024-12-12,9349
2328,廣宇,27,2,25,華南永昌-板橋,2024-12-12,9349
2467,志聖,25,0,25,華南永昌-板橋,2024-12-12,9349
00940,元大台灣價值高息,33,12,21,華南永昌-板橋,2024-12-12,9349
00687B,國泰20年美債,20,0,20,華南永昌-板橋,2024-12-12,9349
2317,鴻海,23,4,19,華南永昌-板橋,2024-12-12,9349
4933,友輝,20,1,19,華南永昌-板橋,2024-12-12,9349
6214,精誠,28,10,18,華南永昌-板橋,2024-12-12,9349
1815,富喬,21,3,18,華南永昌-板橋,2024-12-12,9349
00919,群益台灣精選高息,22,5,17,華南永昌-板橋,2024-12-12,9349
00953B,群益優選非投等債,15,0,15,華南永昌-板橋,2024-12-12,9349
2388,威盛,15,1,14,華南永昌-板橋,2024-12-12,9349
3211,順達,32,18,14,華南永昌-板橋,2024-12-12,9349
3689,湧德,18,5,13,華南永昌-板橋,2024-12-12,9349
4979,華星光,31,18,13,華南永昌-板橋,2024-12-12,9349
00680L,元大美債20正2,12,0,12,華南永昌-板橋,2024-12-12,9349
2230,泰茂,12,0,12,華南永昌-板橋,2024-12-12,9349
2501,國建,12,0,12,華南永昌-板橋,2024-12-12,9349
3051,力特,12,0,12,華南永昌-板橋,2024-12-12,9349
8111,立��,11,0,11,華南永昌-板橋,2024-12-12,9349
00945B,凱基美國非投等債,10,0,10,華南永昌-板橋,2024-12-12,9349
1540,喬福,10,0,10,華南永昌-板橋,2024-12-12,9349
2009,第一銅,10,0,10,華南永昌-板橋,2024-12-12,9349
2390,云辰,10,0,10,華南永昌-板橋,2024-12-12,9349
5438,東友,10,0,10,華南永昌-板橋,2024-12-12,9349
8072,陞泰,10,0,10,華南永昌-板橋,2024-12-12,9349
8234,新漢,10,0,10,華南永昌-板橋,2024-12-12,9349
1301,台塑,11,1,10,華南永昌-板橋,2024-12-12,9349
2376,技嘉,9,0,9,華南永昌-板橋,2024-12-12,9349
2468,華經,23,14,9,華南永昌-板橋,2024-12-12,9349
2637,慧洋-KY,9,0,9,華南永昌-板橋,2024-12-12,9349
3019,亞光,28,19,9,華南永昌-板橋,2024-12-12,9349
2002,中鋼,9,1,8,華南永昌-板橋,2024-12-12,9349
00937B,群益ESG投等債20,8,0,8,華南永昌-板橋,2024-12-12,9349
1605,華新,10,2,8,華南永昌-板橋,2024-12-12,9349
2486,一詮,18,10,8,華南永昌-板橋,2024-12-12,9349
2603,長榮,14,6,8,華南永昌-板橋,2024-12-12,9349
4953,緯軟,9,1,8,華南永昌-板橋,2024-12-12,9349
5880,合庫金,8,0,8,華南永昌-板橋,2024-12-12,9349
8440,綠電,8,0,8,華南永昌-板橋,2024-12-12,9349
0056,元大高股息,8,0,8,華南永昌-板橋,2024-12-12,9349
2618,長榮航,137,2,135,華南永昌-板橋,2024-12-13,9349
00637L,元大滬深300正2,120,0,120,華南永昌-板橋,2024-12-13,9349
2317,鴻海,71,4,67,華南永昌-板橋,2024-12-13,9349
3211,順達,98,37,61,華南永昌-板橋,2024-12-13,9349
00918,大華優利高填息30,61,0,61,華南永昌-板橋,2024-12-13,9349
3712,永崴投控,56,1,55,華南永昌-板橋,2024-12-13,9349
3481,群創,57,4,53,華南永昌-板橋,2024-12-13,9349
1326,台化,62,21,41,華南永昌-板橋,2024-12-13,9349
2520,冠德,36,0,36,華南永昌-板橋,2024-12-13,9349
00940,元大台灣價值高息,34,3,31,華南永昌-板橋,2024-12-13,9349
2101,南港,27,0,27,華南永昌-板橋,2024-12-13,9349
00687B,國泰20年美債,25,0,25,華南永昌-板橋,2024-12-13,9349
2501,國建,25,0,25,華南永昌-板橋,2024-12-13,9349
00919,群益台灣精選高息,33,11,22,華南永昌-板橋,2024-12-13,9349
0056,元大高股息,23,0,23,華南永昌-板橋,2024-12-13,9349
00915,凱基優選高股息30,22,0,22,華南永昌-板橋,2024-12-13,9349
2408,南亞科,22,1,21,華南永昌-板橋,2024-12-13,9349
00948B,中信優息投資級債,21,0,21,華南永昌-板橋,2024-12-13,9349
4906,正文,16,0,16,華南永昌-板橋,2024-12-13,9349
6451,訊芯-KY,20,4,16,華南永昌-板橋,2024-12-13,9349
2488,漢平,15,0,15,華南永昌-板橋,2024-12-13,9349
4114,健喬,15,0,15,華南永昌-板橋,2024-12-13,9349
6199,天品,15,0,15,華南永昌-板橋,2024-12-13,9349
2303,聯電,32,17,15,華南永昌-板橋,2024-12-13,9349
00680L,元大美債20正2,14,0,14,華南永昌-板橋,2024-12-13,9349
3363,上詮,24,10,14,華南永昌-板橋,2024-12-13,9349
6530,創威,14,0,14,華南永昌-板橋,2024-12-13,9349
3231,緯創,25,11,14,華南永昌-板橋,2024-12-13,9349
3706,神達,126,113,13,華南永昌-板橋,2024-12-13,9349
1569,濱川,13,0,13,華南永昌-板橋,2024-12-13,9349
00959B,大華投等美債15Y+,12,0,12,華南永昌-板橋,2024-12-13,9349
6550,北極星藥業-KY,13,1,12,華南永昌-板橋,2024-12-13,9349
1513,中興電,11,0,11,華南永昌-板橋,2024-12-13,9349
6213,聯茂,13,2,11,華南永昌-板橋,2024-12-13,9349
00650L,復華香港正2,10,0,10,華南永昌-板橋,2024-12-13,9349
2313,華通,22,12,10,華南永昌-板橋,2024-12-13,9349
2458,義隆,11,1,10,華南永昌-板橋,2024-12-13,9349
2534,宏盛,10,0,10,華南永昌-板橋,2024-12-13,9349
2542,興富發,10,0,10,華南永昌-板橋,2024-12-13,9349
2867,三商壽,10,0,10,華南永昌-板橋,2024-12-13,9349
5465,富驊,10,0,10,華南永昌-板橋,2024-12-13,9349
5469,瀚宇博,10,0,10,華南永昌-板橋,2024-12-13,9349
6026,福邦證,10,0,10,華南永昌-板橋,2024-12-13,9349
6243,迅杰,10,0,10,華南永昌-板橋,2024-12-13,9349
00770,國泰北美科技,9,0,9,華南永昌-板橋,2024-12-13,9349
5278,尚凡*,9,0,9,華南永昌-板橋,2024-12-13,9349
3037,欣興,14,6,8,華南永昌-板橋,2024-12-13,9349
2374,佳能,41,33,8,華南永昌-板橋,2024-12-13,9349
4533,協易機,8,0,8,華南永昌-板橋,2024-12-13,9349
6757,台灣虎航,8,1,7,華南永昌-板橋,2024-12-13,9349
00937B,群益ESG投等債20,130,0,130,華南永昌-板橋,2024-12-16,9349
00919,群益台灣精選高息,128,0,128,華南永昌-板橋,2024-12-16,9349
2618,長榮航,116,25,91,華南永昌-板橋,2024-12-16,9349
00918,大華優利高填息30,89,0,89,華南永昌-板橋,2024-12-16,9349
00940,元大台灣價值高息,63,0,63,華南永昌-板橋,2024-12-16,9349
2317,鴻海,64,15,49,華南永昌-板橋,2024-12-16,9349
00680L,元大美債20正2,32,0,32,華南永昌-板橋,2024-12-16,9349
2027,大成鋼,31,0,31,華南永昌-板橋,2024-12-16,9349
2002,中鋼,32,1,31,華南永昌-板橋,2024-12-16,9349
00665L,富邦�琤肭磪囓�2,30,0,30,華南永昌-板橋,2024-12-16,9349
2408,南亞科,30,0,30,華南永昌-板橋,2024-12-16,9349
5483,中美晶,35,6,29,華南永昌-板橋,2024-12-16,9349
00878,國泰永續高股息,35,7,28,華南永昌-板橋,2024-12-16,9349
2605,新興,26,0,26,華南永昌-板橋,2024-12-16,9349
4979,華星光,44,20,24,華南永昌-板橋,2024-12-16,9349
3211,順達,33,10,23,華南永昌-板橋,2024-12-16,9349
4540,全球傳動,35,14,21,華南永昌-板橋,2024-12-16,9349
00637L,元大滬深300正2,20,0,20,華南永昌-板橋,2024-12-16,9349
3024,憶聲,20,0,20,華南永昌-板橋,2024-12-16,9349
0056,元大高股息,20,0,20,華南永昌-板橋,2024-12-16,9349
6451,訊芯-KY,22,4,18,華南永昌-板橋,2024-12-16,9349
3706,神達,67,50,17,華南永昌-板橋,2024-12-16,9349
2392,正崴,16,0,16,華南永昌-板橋,2024-12-16,9349
6134,萬旭,23,7,16,華南永昌-板橋,2024-12-16,9349
3712,永崴投控,18,3,15,華南永昌-板橋,2024-12-16,9349
1802,台玻,16,1,15,華南永昌-板橋,2024-12-16,9349
3231,緯創,13,0,13,華南永昌-板橋,2024-12-16,9349
2610,華航,15,2,13,華南永昌-板橋,2024-12-16,9349
00948B,中信優息投資級債,13,0,13,華南永昌-板橋,2024-12-16,9349
3017,奇鋐,27,15,12,華南永昌-板橋,2024-12-16,9349
00942B,台新美A公司債20+,10,0,10,華南永昌-板橋,2024-12-16,9349
1582,信錦,10,0,10,華南永昌-板橋,2024-12-16,9349
3380,明泰,10,0,10,華南永昌-板橋,2024-12-16,9349
8096,擎亞,10,0,10,華南永昌-板橋,2024-12-16,9349
3032,偉訓,11,2,9,華南永昌-板橋,2024-12-16,9349
3687,歐買尬,9,0,9,華南永昌-板橋,2024-12-16,9349
8440,綠電,15,6,9,華南永昌-板橋,2024-12-16,9349
3037,欣興,9,0,9,華南永昌-板橋,2024-12-16,9349
00887,永豐中國科技50大,8,0,8,華南永昌-板橋,2024-12-16,9349
00679B,元大美債20年,9,1,8,華南永昌-板橋,2024-12-16,9349
6290,良維,8,0,8,華南永昌-板橋,2024-12-16,9349
2354,鴻準,16,8,8,華南永昌-板橋,2024-12-16,9349
00713,元大台灣高息低波,7,0,7,華南永昌-板橋,2024-12-16,9349
6158,禾昌,7,0,7,華南永昌-板橋,2024-12-16,9349
6885,全福生技,7,0,7,華南永昌-板橋,2024-12-16,9349
2382,廣達,18,12,6,華南永昌-板橋,2024-12-16,9349
00688L,國泰20年美債正2,6,0,6,華南永昌-板橋,2024-12-16,9349
00687B,國泰20年美債,9,3,6,華南永昌-板橋,2024-12-16,9349
6163,華電網,14,8,6,華南永昌-板橋,2024-12-16,9349
6443,元晶,6,0,6,華南永昌-板橋,2024-12-16,9349
00680L,元大美債20正2,263,0,263,華南永昌-板橋,2024-12-17,9349
00937B,群益ESG投等債20,215,35,180,華南永昌-板橋,2024-12-17,9349
00918,大華優利高填息30,129,50,79,華南永昌-板橋,2024-12-17,9349
2520,冠德,64,1,63,華南永昌-板橋,2024-12-17,9349
4510,高鋒,48,5,43,華南永昌-板橋,2024-12-17,9349
2303,聯電,78,36,42,華南永昌-板橋,2024-12-17,9349
6509,聚和,40,0,40,華南永昌-板橋,2024-12-17,9349
00887,永豐中國科技50大,50,11,39,華南永昌-板橋,2024-12-17,9349
2314,台揚,36,0,36,華南永昌-板橋,2024-12-17,9349
2882,國泰金,32,0,32,華南永昌-板橋,2024-12-17,9349
2501,國建,30,1,29,華南永昌-板橋,2024-12-17,9349
2344,華邦電,32,4,28,華南永昌-板橋,2024-12-17,9349
1603,華電,25,0,25,華南永昌-板橋,2024-12-17,9349
2834,臺企銀,23,0,23,華南永昌-板橋,2024-12-17,9349
8249,菱光,25,4,21,華南永昌-板橋,2024-12-17,9349
2886,兆豐金,20,0,20,華南永昌-板橋,2024-12-17,9349
2488,漢平,20,0,20,華南永昌-板橋,2024-12-17,9349
4919,新唐,21,3,18,華南永昌-板橋,2024-12-17,9349
2449,京元電子,18,1,17,華南永昌-板橋,2024-12-17,9349
4933,友輝,17,0,17,華南永昌-板橋,2024-12-17,9349
00713,元大台灣高息低波,19,4,15,華南永昌-板橋,2024-12-17,9349
2542,興富發,15,0,15,華南永昌-板橋,2024-12-17,9349
3019,亞光,34,19,15,華南永昌-板橋,2024-12-17,9349
6290,良維,15,0,15,華南永昌-板橋,2024-12-17,9349
2897,王道銀行,14,0,14,華南永昌-板橋,2024-12-17,9349
00915,凱基優選高股息30,14,0,14,華南永昌-板橋,2024-12-17,9349
6451,訊芯-KY,12,0,12,華南永昌-板橋,2024-12-17,9349
00933B,國泰10Y+金融債,12,0,12,華南永昌-板橋,2024-12-17,9349
3032,偉訓,13,1,12,華南永昌-板橋,2024-12-17,9349
2317,鴻海,20,8,12,華南永昌-板橋,2024-12-17,9349
00948B,中信優息投資級債,11,0,11,華南永昌-板橋,2024-12-17,9349
2409,友達,11,0,11,華南永昌-板橋,2024-12-17,9349
2885,元大金,11,0,11,華南永昌-板橋,2024-12-17,9349
5483,中美晶,12,1,11,華南永昌-板橋,2024-12-17,9349
2382,廣達,13,3,10,華南永昌-板橋,2024-12-17,9349
00665L,富邦�琤肭磪囓�2,10,0,10,華南永昌-板橋,2024-12-17,9349
2601,益航,10,0,10,華南永昌-板橋,2024-12-17,9349
2101,南港,8,0,8,華南永昌-板橋,2024-12-17,9349
1802,台玻,9,1,8,華南永昌-板橋,2024-12-17,9349
4123,晟德,8,0,8,華南永昌-板橋,2024-12-17,9349
5213,亞昕,8,0,8,華南永昌-板橋,2024-12-17,9349
6163,華電網,10,2,8,華南永昌-板橋,2024-12-17,9349
2359,所羅門,25,18,7,華南永昌-板橋,2024-12-17,9349
2743,山富,7,0,7,華南永昌-板橋,2024-12-17,9349
0056,元大高股息,6,0,6,華南永昌-板橋,2024-12-17,9349
00950B,凱基A級公司債,6,0,6,華南永昌-板橋,2024-12-17,9349
2062,橋椿,11,5,6,華南永昌-板橋,2024-12-17,9349
2367,燿華,11,5,6,華南永昌-板橋,2024-12-17,9349
3189,景碩,6,0,6,華南永昌-板橋,2024-12-17,9349
8072,陞泰,6,0,6,華南永昌-板橋,2024-12-17,9349
9105,泰金寶-DR,247,81,166,華南永昌-板橋,2024-12-18,9349
2344,華邦電,123,2,121,華南永昌-板橋,2024-12-18,9349
1597,直得,104,0,104,華南永昌-板橋,2024-12-18,9349
2426,鼎元,88,3,85,華南永昌-板橋,2024-12-18,9349
1336,台翰,75,0,75,華南永昌-板橋,2024-12-18,9349
1734,杏輝,68,0,68,華南永昌-板橋,2024-12-18,9349
00918,大華優利高填息30,60,0,60,華南永昌-板橋,2024-12-18,9349
1303,南亞,53,1,52,華南永昌-板橋,2024-12-18,9349
1301,台塑,52,1,51,華南永昌-板橋,2024-12-18,9349
1326,台化,51,0,51,華南永昌-板橋,2024-12-18,9349
1536,和大,63,23,40,華南永昌-板橋,2024-12-18,9349
2609,陽明,58,25,33,華南永昌-板橋,2024-12-18,9349
6509,聚和,30,0,30,華南永昌-板橋,2024-12-18,9349
00950B,凱基A級公司債,28,0,28,華南永昌-板橋,2024-12-18,9349
8249,菱光,41,16,25,華南永昌-板橋,2024-12-18,9349
00713,元大台灣高息低波,23,0,23,華南永昌-板橋,2024-12-18,9349
2610,華航,27,6,21,華南永昌-板橋,2024-12-18,9349
00900,富邦特選高股息30,21,0,21,華南永昌-板橋,2024-12-18,9349
5880,合庫金,19,0,19,華南永昌-板橋,2024-12-18,9349
00712,復華富時不動產,18,0,18,華南永昌-板橋,2024-12-18,9349
2408,南亞科,56,39,17,華南永昌-板橋,2024-12-18,9349
3689,湧德,38,22,16,華南永昌-板橋,2024-12-18,9349
2603,長榮,26,11,15,華南永昌-板橋,2024-12-18,9349
2390,云辰,15,0,15,華南永昌-板橋,2024-12-18,9349
00878,國泰永續高股息,14,0,14,華南永昌-板橋,2024-12-18,9349
2317,鴻海,20,7,13,華南永昌-板橋,2024-12-18,9349
5309,系統電,14,1,13,華南永昌-板橋,2024-12-18,9349
00940,元大台灣價值高息,25,13,12,華南永昌-板橋,2024-12-18,9349
6488,環球晶,12,0,12,華南永昌-板橋,2024-12-18,9349
2520,冠德,18,7,11,華南永昌-板橋,2024-12-18,9349
00922,國泰台灣領袖50,11,0,11,華南永昌-板橋,2024-12-18,9349
2409,友達,10,0,10,華南永昌-板橋,2024-12-18,9349
00910,第一金太空衛星,10,0,10,華南永昌-板橋,2024-12-18,9349
2312,金寶,31,21,10,華南永昌-板橋,2024-12-18,9349
2360,致茂,10,0,10,華南永昌-板橋,2024-12-18,9349
6111,大宇資,10,0,10,華南永昌-板橋,2024-12-18,9349
2834,臺企銀,9,0,9,華南永昌-板橋,2024-12-18,9349
00939,統一台灣高息動能,10,1,9,華南永昌-板橋,2024-12-18,9349
2501,國建,9,0,9,華南永昌-板橋,2024-12-18,9349
6451,訊芯-KY,11,2,9,華南永昌-板橋,2024-12-18,9349
8054,安國,10,1,9,華南永昌-板橋,2024-12-18,9349
4123,晟德,8,0,8,華南永昌-板橋,2024-12-18,9349
5388,中磊,8,0,8,華南永昌-板橋,2024-12-18,9349
8104,錸寶,22,14,8,華南永昌-板橋,2024-12-18,9349
00679B,元大美債20年,7,0,7,華南永昌-板橋,2024-12-18,9349
5351,鈺創,7,0,7,華南永昌-板橋,2024-12-18,9349
6202,盛群,7,0,7,華南永昌-板橋,2024-12-18,9349
2027,大成鋼,6,0,6,華南永昌-板橋,2024-12-18,9349
2542,興富發,8,2,6,華南永昌-板橋,2024-12-18,9349
3481,群創,6,0,6,華南永昌-板橋,2024-12-18,9349
00795B,中信美國公債20年,112,0,112,華南永昌-板橋,2024-12-19,9349
00948B,中信優息投資級債,111,0,111,華南永昌-板橋,2024-12-19,9349
2618,長榮航,118,9,109,華南永昌-板橋,2024-12-19,9349
2371,大同,78,1,77,華南永昌-板橋,2024-12-19,9349
00918,大華優利高填息30,66,0,66,華南永昌-板橋,2024-12-19,9349
1301,台塑,65,2,63,華南永昌-板橋,2024-12-19,9349
2409,友達,73,15,58,華南永昌-板橋,2024-12-19,9349
3290,東浦,50,0,50,華南永昌-板橋,2024-12-19,9349
2101,南港,37,0,37,華南永昌-板橋,2024-12-19,9349
2344,華邦電,54,19,35,華南永昌-板橋,2024-12-19,9349
2515,中工,40,8,32,華南永昌-板橋,2024-12-19,9349
1603,華電,30,0,30,華南永昌-板橋,2024-12-19,9349
1734,杏輝,28,0,28,華南永昌-板橋,2024-12-19,9349
00878,國泰永續高股息,28,0,28,華南永昌-板橋,2024-12-19,9349
2609,陽明,69,43,26,華南永昌-板橋,2024-12-19,9349
6152,百一,25,0,25,華南永昌-板橋,2024-12-19,9349
4931,新盛力,56,32,24,華南永昌-板橋,2024-12-19,9349
6188,廣明,87,63,24,華南永昌-板橋,2024-12-19,9349
2880,華南金,23,0,23,華南永昌-板橋,2024-12-19,9349
2317,鴻海,30,8,22,華南永昌-板橋,2024-12-19,9349
4912,聯德控股-KY,20,0,20,華南永昌-板橋,2024-12-19,9349
00679B,元大美債20年,17,0,17,華南永昌-板橋,2024-12-19,9349
2887,台新金,17,0,17,華南永昌-板橋,2024-12-19,9349
00670L,富邦NASDAQ正2,15,0,15,華南永昌-板橋,2024-12-19,9349
4426,利勤,15,0,15,華南永昌-板橋,2024-12-19,9349
2882,國泰金,14,0,14,華南永昌-板橋,2024-12-19,9349
00712,復華富時不動產,12,0,12,華南永昌-板橋,2024-12-19,9349
3293,鈊象,11,0,11,華南永昌-板橋,2024-12-19,9349
00959B,大華投等美債15Y+,11,0,11,華南永昌-板橋,2024-12-19,9349
1314,中石化,11,0,11,華南永昌-板橋,2024-12-19,9349
1504,東元,11,0,11,華南永昌-板橋,2024-12-19,9349
5880,合庫金,10,0,10,華南永昌-板橋,2024-12-19,9349
00665L,富邦�琤肭磪囓�2,10,0,10,華南永昌-板橋,2024-12-19,9349
1232,大統益,10,0,10,華南永昌-板橋,2024-12-19,9349
2408,南亞科,10,0,10,華南永昌-板橋,2024-12-19,9349
3211,順達,28,18,10,華南永昌-板橋,2024-12-19,9349
3380,明泰,11,1,10,華南永昌-板橋,2024-12-19,9349
3444,利機,17,7,10,華南永昌-板橋,2024-12-19,9349
3689,湧德,55,45,10,華南永昌-板橋,2024-12-19,9349
5278,尚凡*,10,0,10,華南永昌-板橋,2024-12-19,9349
5392,能率,13,3,10,華南永昌-板橋,2024-12-19,9349
8042,金山電,10,0,10,華南永昌-板橋,2024-12-19,9349
00940,元大台灣價值高息,18,9,9,華南永昌-板橋,2024-12-19,9349
5243,乙盛-KY,11,2,9,華南永昌-板橋,2024-12-19,9349
9904,寶成,9,0,9,華南永昌-板橋,2024-12-19,9349
00915,凱基優選高股息30,9,0,9,華南永昌-板橋,2024-12-19,9349
6757,台灣虎航,10,1,9,華南永昌-板橋,2024-12-19,9349
2881,富邦金,9,0,9,華南永昌-板橋,2024-12-19,9349
9958,世紀鋼,14,6,8,華南永昌-板橋,2024-12-19,9349
00970B,新光BBB投等債20,8,0,8,華南永昌-板橋,2024-12-19,9349
