Ticker,Name,buy,sell,diff,Branch,Date,Branch_Code
2317,鴻海,133,3,130,華南永昌-虎尾,2023-01-03,9377
4157,太景*-KY,70,10,60,華南永昌-虎尾,2023-01-03,9377
2609,陽明,58,9,49,華南永昌-虎尾,2023-01-03,9377
3508,位速,42,1,41,華南永昌-虎尾,2023-01-03,9377
2888,新光金,50,10,40,華南永昌-虎尾,2023-01-03,9377
4114,健喬,31,1,30,華南永昌-虎尾,2023-01-03,9377
2201,裕隆,36,7,29,華南永昌-虎尾,2023-01-03,9377
4915,致伸,28,0,28,華南永昌-虎尾,2023-01-03,9377
00670L,富邦NASDAQ正2,25,0,25,華南永昌-虎尾,2023-01-03,9377
2605,新興,25,0,25,華南永昌-虎尾,2023-01-03,9377
6111,大宇資,27,3,24,華南永昌-虎尾,2023-01-03,9377
00637L,元大滬深300正2,128,106,22,華南永昌-虎尾,2023-01-03,9377
00728,第一金工業30,22,0,22,華南永昌-虎尾,2023-01-03,9377
2601,益航,20,0,20,華南永昌-虎尾,2023-01-03,9377
3062,建漢,20,0,20,華南永昌-虎尾,2023-01-03,9377
1605,華新,89,73,16,華南永昌-虎尾,2023-01-03,9377
1432,大魯閣,15,2,13,華南永昌-虎尾,2023-01-03,9377
2489,瑞軒,36,23,13,華南永昌-虎尾,2023-01-03,9377
2482,連宇,13,0,13,華南永昌-虎尾,2023-01-03,9377
2303,聯電,31,18,13,華南永昌-虎尾,2023-01-03,9377
2486,一詮,12,0,12,華南永昌-虎尾,2023-01-03,9377
2727,王品,13,2,11,華南永昌-虎尾,2023-01-03,9377
6182,合晶,11,0,11,華南永昌-虎尾,2023-01-03,9377
4106,雃博,10,0,10,華南永昌-虎尾,2023-01-03,9377
3576,聯合再生,11,1,10,華南永昌-虎尾,2023-01-03,9377
1312,國喬,10,0,10,華南永昌-虎尾,2023-01-03,9377
1720,生達,12,2,10,華南永昌-虎尾,2023-01-03,9377
2911,麗嬰房,10,0,10,華南永昌-虎尾,2023-01-03,9377
6233,旺玖,14,4,10,華南永昌-虎尾,2023-01-03,9377
6598,ABC-KY,10,0,10,華南永昌-虎尾,2023-01-03,9377
8110,華東,10,0,10,華南永昌-虎尾,2023-01-03,9377
8171,天宇,12,3,9,華南永昌-虎尾,2023-01-03,9377
2603,長榮,11,2,9,華南永昌-虎尾,2023-01-03,9377
3526,凡甲,8,0,8,華南永昌-虎尾,2023-01-03,9377
2884,玉山金,9,1,8,華南永昌-虎尾,2023-01-03,9377
3360,尚立,6,0,6,華南永昌-虎尾,2023-01-03,9377
1701,中化,6,0,6,華南永昌-虎尾,2023-01-03,9377
2402,毅嘉,8,2,6,華南永昌-虎尾,2023-01-03,9377
2614,東森,9,3,6,華南永昌-虎尾,2023-01-03,9377
2616,山隆,5,0,5,華南永昌-虎尾,2023-01-03,9377
3455,由田,5,0,5,華南永昌-虎尾,2023-01-03,9377
1503,士電,5,0,5,華南永昌-虎尾,2023-01-03,9377
1718,中纖,5,0,5,華南永昌-虎尾,2023-01-03,9377
1734,杏輝,6,1,5,華南永昌-虎尾,2023-01-03,9377
2354,鴻準,10,5,5,華南永昌-虎尾,2023-01-03,9377
3013,晟銘電,5,0,5,華南永昌-虎尾,2023-01-03,9377
4744,皇將,5,0,5,華南永昌-虎尾,2023-01-03,9377
6712,長聖,8,3,5,華南永昌-虎尾,2023-01-03,9377
00878,國泰永續高股息,4,0,4,華南永昌-虎尾,2023-01-03,9377
00675L,富邦臺灣加權正2,4,0,4,華南永昌-虎尾,2023-01-03,9377
00885,富邦越南,141,28,113,華南永昌-虎尾,2023-01-04,9377
00637L,元大滬深300正2,100,17,83,華南永昌-虎尾,2023-01-04,9377
00715L,期街口布蘭特正2,69,7,62,華南永昌-虎尾,2023-01-04,9377
1319,東陽,59,0,59,華南永昌-虎尾,2023-01-04,9377
1504,東元,58,0,58,華南永昌-虎尾,2023-01-04,9377
2498,宏達電,50,14,36,華南永昌-虎尾,2023-01-04,9377
2303,聯電,35,4,31,華南永昌-虎尾,2023-01-04,9377
8086,宏捷科,31,1,30,華南永昌-虎尾,2023-01-04,9377
2317,鴻海,34,6,28,華南永昌-虎尾,2023-01-04,9377
1810,和成,26,0,26,華南永昌-虎尾,2023-01-04,9377
1101,台泥,22,0,22,華南永昌-虎尾,2023-01-04,9377
4968,立積,20,1,19,華南永昌-虎尾,2023-01-04,9377
2497,怡利電,18,0,18,華南永昌-虎尾,2023-01-04,9377
3545,敦泰,34,16,18,華南永昌-虎尾,2023-01-04,9377
3037,欣興,23,6,17,華南永昌-虎尾,2023-01-04,9377
6770,力積電,17,0,17,華南永昌-虎尾,2023-01-04,9377
3128,昇銳,16,0,16,華南永昌-虎尾,2023-01-04,9377
3481,群創,35,21,14,華南永昌-虎尾,2023-01-04,9377
3228,金麗科,12,0,12,華南永昌-虎尾,2023-01-04,9377
6143,振曜,13,2,11,華南永昌-虎尾,2023-01-04,9377
00632R,元大台灣50反1,31,20,11,華南永昌-虎尾,2023-01-04,9377
3189,景碩,10,0,10,華南永昌-虎尾,2023-01-04,9377
1447,力鵬,10,0,10,華南永昌-虎尾,2023-01-04,9377
1711,永光,10,0,10,華南永昌-虎尾,2023-01-04,9377
2009,第一銅,10,0,10,華南永昌-虎尾,2023-01-04,9377
2404,漢唐,10,0,10,華南永昌-虎尾,2023-01-04,9377
2405,輔信,10,0,10,華南永昌-虎尾,2023-01-04,9377
3062,建漢,10,0,10,華南永昌-虎尾,2023-01-04,9377
4746,台耀,20,10,10,華南永昌-虎尾,2023-01-04,9377
2605,新興,20,11,9,華南永昌-虎尾,2023-01-04,9377
6233,旺玖,11,2,9,華南永昌-虎尾,2023-01-04,9377
2884,玉山金,8,1,7,華南永昌-虎尾,2023-01-04,9377
2345,智邦,6,0,6,華南永昌-虎尾,2023-01-04,9377
2354,鴻準,6,0,6,華南永昌-虎尾,2023-01-04,9377
2867,三商壽,6,0,6,華南永昌-虎尾,2023-01-04,9377
8341,日友,7,1,6,華南永昌-虎尾,2023-01-04,9377
3209,全科,5,0,5,華南永昌-虎尾,2023-01-04,9377
00680L,元大美債20正2,5,0,5,華南永昌-虎尾,2023-01-04,9377
00642U,期元大S＆P石油,5,0,5,華南永昌-虎尾,2023-01-04,9377
1417,嘉裕,13,8,5,華南永昌-虎尾,2023-01-04,9377
2636,台驊控股,5,0,5,華南永昌-虎尾,2023-01-04,9377
2836,高雄銀,5,0,5,華南永昌-虎尾,2023-01-04,9377
3289,宜特,7,2,5,華南永昌-虎尾,2023-01-04,9377
3419,譁裕,5,0,5,華南永昌-虎尾,2023-01-04,9377
3682,亞太電,5,0,5,華南永昌-虎尾,2023-01-04,9377
4128,中天,5,0,5,華南永昌-虎尾,2023-01-04,9377
6244,茂迪,32,27,5,華南永昌-虎尾,2023-01-04,9377
8440,綠電,6,1,5,華南永昌-虎尾,2023-01-04,9377
8046,南電,12,8,4,華南永昌-虎尾,2023-01-04,9377
2388,威盛,6,2,4,華南永昌-虎尾,2023-01-04,9377
00671R,富邦NASDAQ反1,200,0,200,華南永昌-虎尾,2023-01-05,9377
00715L,期街口布蘭特正2,103,0,103,華南永昌-虎尾,2023-01-05,9377
3576,聯合再生,100,0,100,華南永昌-虎尾,2023-01-05,9377
2495,普安,70,0,70,華南永昌-虎尾,2023-01-05,9377
6153,嘉聯益,60,0,60,華南永昌-虎尾,2023-01-05,9377
1605,華新,61,12,49,華南永昌-虎尾,2023-01-05,9377
6603,富強鑫,45,0,45,華南永昌-虎尾,2023-01-05,9377
5014,建錩,41,0,41,華南永昌-虎尾,2023-01-05,9377
6706,惠特,26,0,26,華南永昌-虎尾,2023-01-05,9377
8358,金居,26,0,26,華南永昌-虎尾,2023-01-05,9377
1736,喬山,25,0,25,華南永昌-虎尾,2023-01-05,9377
4746,台耀,35,10,25,華南永昌-虎尾,2023-01-05,9377
2317,鴻海,24,0,24,華南永昌-虎尾,2023-01-05,9377
6142,友勁,20,0,20,華南永昌-虎尾,2023-01-05,9377
00885,富邦越南,40,21,19,華南永昌-虎尾,2023-01-05,9377
2642,宅配通,20,2,18,華南永昌-虎尾,2023-01-05,9377
4157,太景*-KY,28,11,17,華南永昌-虎尾,2023-01-05,9377
4968,立積,31,14,17,華南永昌-虎尾,2023-01-05,9377
6477,安集,24,9,15,華南永昌-虎尾,2023-01-05,9377
2891,中信金,23,10,13,華南永昌-虎尾,2023-01-05,9377
1442,名軒,12,0,12,華南永昌-虎尾,2023-01-05,9377
2363,矽統,12,0,12,華南永昌-虎尾,2023-01-05,9377
3081,聯亞,13,1,12,華南永昌-虎尾,2023-01-05,9377
1785,光洋科,11,0,11,華南永昌-虎尾,2023-01-05,9377
2349,錸德,11,0,11,華南永昌-虎尾,2023-01-05,9377
6546,正基,11,0,11,華南永昌-虎尾,2023-01-05,9377
3209,全科,10,0,10,華南永昌-虎尾,2023-01-05,9377
1513,中興電,22,12,10,華南永昌-虎尾,2023-01-05,9377
1909,榮成,13,3,10,華南永昌-虎尾,2023-01-05,9377
2323,中環,20,10,10,華南永昌-虎尾,2023-01-05,9377
2743,山富,10,0,10,華南永昌-虎尾,2023-01-05,9377
3013,晟銘電,11,1,10,華南永昌-虎尾,2023-01-05,9377
3051,力特,10,0,10,華南永昌-虎尾,2023-01-05,9377
8183,精星,10,0,10,華南永昌-虎尾,2023-01-05,9377
8390,金益鼎,10,0,10,華南永昌-虎尾,2023-01-05,9377
2834,臺企銀,9,0,9,華南永昌-虎尾,2023-01-05,9377
4979,華星光,9,0,9,華南永昌-虎尾,2023-01-05,9377
00900,富邦特選高股息30,8,0,8,華南永昌-虎尾,2023-01-05,9377
3272,東碩,8,0,8,華南永昌-虎尾,2023-01-05,9377
5608,四維航,8,0,8,華南永昌-虎尾,2023-01-05,9377
2382,廣達,7,0,7,華南永昌-虎尾,2023-01-05,9377
3324,雙鴻,8,1,7,華南永昌-虎尾,2023-01-05,9377
0056,元大高股息,6,0,6,華南永昌-虎尾,2023-01-05,9377
4167,松瑞藥,56,50,6,華南永昌-虎尾,2023-01-05,9377
8069,元太,8,2,6,華南永昌-虎尾,2023-01-05,9377
2636,台驊控股,6,0,6,華南永昌-虎尾,2023-01-05,9377
3083,網龍,12,6,6,華南永昌-虎尾,2023-01-05,9377
3360,尚立,6,0,6,華南永昌-虎尾,2023-01-05,9377
6591,動力-KY,10,4,6,華南永昌-虎尾,2023-01-05,9377
8046,南電,19,14,5,華南永昌-虎尾,2023-01-05,9377
00671R,富邦NASDAQ反1,258,0,258,華南永昌-虎尾,2023-01-06,9377
2609,陽明,58,4,54,華南永昌-虎尾,2023-01-06,9377
00665L,富邦�琤肭磪囓�2,40,0,40,華南永昌-虎尾,2023-01-06,9377
00728,第一金工業30,39,0,39,華南永昌-虎尾,2023-01-06,9377
1810,和成,28,0,28,華南永昌-虎尾,2023-01-06,9377
00878,國泰永續高股息,33,6,27,華南永昌-虎尾,2023-01-06,9377
3265,台星科,31,5,26,華南永昌-虎尾,2023-01-06,9377
4157,太景*-KY,53,29,24,華南永昌-虎尾,2023-01-06,9377
8046,南電,51,27,24,華南永昌-虎尾,2023-01-06,9377
3545,敦泰,26,4,22,華南永昌-虎尾,2023-01-06,9377
00632R,元大台灣50反1,30,10,20,華南永昌-虎尾,2023-01-06,9377
1434,福懋,19,0,19,華南永昌-虎尾,2023-01-06,9377
2317,鴻海,22,4,18,華南永昌-虎尾,2023-01-06,9377
4102,永日,19,1,18,華南永昌-虎尾,2023-01-06,9377
2419,仲琦,16,0,16,華南永昌-虎尾,2023-01-06,9377
9955,佳龍,15,0,15,華南永昌-虎尾,2023-01-06,9377
1519,華城,35,21,14,華南永昌-虎尾,2023-01-06,9377
00891,中信關鍵半導體,12,0,12,華南永昌-虎尾,2023-01-06,9377
2201,裕隆,56,44,12,華南永昌-虎尾,2023-01-06,9377
2867,三商壽,10,0,10,華南永昌-虎尾,2023-01-06,9377
00903,富邦元宇宙,10,0,10,華南永昌-虎尾,2023-01-06,9377
2027,大成鋼,10,0,10,華南永昌-虎尾,2023-01-06,9377
3019,亞光,10,0,10,華南永昌-虎尾,2023-01-06,9377
3447,展達,10,0,10,華南永昌-虎尾,2023-01-06,9377
4114,健喬,13,3,10,華南永昌-虎尾,2023-01-06,9377
6153,嘉聯益,10,1,9,華南永昌-虎尾,2023-01-06,9377
00715L,期街口布蘭特正2,15,6,9,華南永昌-虎尾,2023-01-06,9377
1444,力麗,9,1,8,華南永昌-虎尾,2023-01-06,9377
4915,致伸,10,2,8,華南永昌-虎尾,2023-01-06,9377
2330,台積電,11,3,8,華南永昌-虎尾,2023-01-06,9377
2498,宏達電,13,6,7,華南永昌-虎尾,2023-01-06,9377
3218,大學光,7,0,7,華南永昌-虎尾,2023-01-06,9377
8033,雷虎,7,0,7,華南永昌-虎尾,2023-01-06,9377
2402,毅嘉,6,0,6,華南永昌-虎尾,2023-01-06,9377
2441,超豐,6,0,6,華南永昌-虎尾,2023-01-06,9377
4167,松瑞藥,67,61,6,華南永昌-虎尾,2023-01-06,9377
2634,漢翔,6,0,6,華南永昌-虎尾,2023-01-06,9377
3661,世芯-KY,8,3,5,華南永昌-虎尾,2023-01-06,9377
1609,大亞,5,0,5,華南永昌-虎尾,2023-01-06,9377
2344,華邦電,5,0,5,華南永昌-虎尾,2023-01-06,9377
3360,尚立,5,0,5,華南永昌-虎尾,2023-01-06,9377
5009,榮剛,5,0,5,華南永昌-虎尾,2023-01-06,9377
6109,亞元,5,0,5,華南永昌-虎尾,2023-01-06,9377
6276,安鈦克,5,0,5,華南永昌-虎尾,2023-01-06,9377
6456,GIS-KY,5,0,5,華南永昌-虎尾,2023-01-06,9377
8182,加高,5,0,5,華南永昌-虎尾,2023-01-06,9377
8404,百和興業-KY,5,0,5,華南永昌-虎尾,2023-01-06,9377
2359,所羅門,4,0,4,華南永昌-虎尾,2023-01-06,9377
2615,萬海,30,26,4,華南永昌-虎尾,2023-01-06,9377
3532,台勝科,4,0,4,華南永昌-虎尾,2023-01-06,9377
00632R,元大台灣50反1,449,90,359,華南永昌-虎尾,2023-01-09,9377
1605,華新,83,35,48,華南永昌-虎尾,2023-01-09,9377
2359,所羅門,50,2,48,華南永昌-虎尾,2023-01-09,9377
2618,長榮航,32,0,32,華南永昌-虎尾,2023-01-09,9377
2027,大成鋼,30,8,22,華南永昌-虎尾,2023-01-09,9377
00892,富邦台灣半導體,20,0,20,華南永昌-虎尾,2023-01-09,9377
2867,三商壽,20,0,20,華南永昌-虎尾,2023-01-09,9377
4114,健喬,23,3,20,華南永昌-虎尾,2023-01-09,9377
5522,遠雄,20,0,20,華南永昌-虎尾,2023-01-09,9377
8171,天宇,17,0,17,華南永昌-虎尾,2023-01-09,9377
3189,景碩,20,4,16,華南永昌-虎尾,2023-01-09,9377
3481,群創,21,6,15,華南永昌-虎尾,2023-01-09,9377
2495,普安,15,2,13,華南永昌-虎尾,2023-01-09,9377
00637L,元大滬深300正2,50,38,12,華南永昌-虎尾,2023-01-09,9377
00885,富邦越南,30,18,12,華南永昌-虎尾,2023-01-09,9377
2323,中環,52,40,12,華南永昌-虎尾,2023-01-09,9377
4102,永日,22,10,12,華南永昌-虎尾,2023-01-09,9377
2313,華通,27,16,11,華南永昌-虎尾,2023-01-09,9377
1342,八貫,10,0,10,華南永昌-虎尾,2023-01-09,9377
2489,瑞軒,10,0,10,華南永昌-虎尾,2023-01-09,9377
8938,明安,10,0,10,華南永昌-虎尾,2023-01-09,9377
9945,潤泰新,11,1,10,華南永昌-虎尾,2023-01-09,9377
9955,佳龍,10,0,10,華南永昌-虎尾,2023-01-09,9377
1529,樂事綠能,8,0,8,華南永昌-虎尾,2023-01-09,9377
00753L,中信中國50正2,8,0,8,華南永昌-虎尾,2023-01-09,9377
1444,力麗,8,0,8,華南永昌-虎尾,2023-01-09,9377
1524,耿鼎,8,0,8,華南永昌-虎尾,2023-01-09,9377
8069,元太,12,5,7,華南永昌-虎尾,2023-01-09,9377
2241,艾姆勒,7,0,7,華南永昌-虎尾,2023-01-09,9377
3360,尚立,7,0,7,華南永昌-虎尾,2023-01-09,9377
6550,北極星藥業-KY,9,2,7,華南永昌-虎尾,2023-01-09,9377
2317,鴻海,12,6,6,華南永昌-虎尾,2023-01-09,9377
1513,中興電,12,6,6,華南永昌-虎尾,2023-01-09,9377
2605,新興,6,0,6,華南永昌-虎尾,2023-01-09,9377
3363,上詮,6,0,6,華南永昌-虎尾,2023-01-09,9377
6456,GIS-KY,7,1,6,華南永昌-虎尾,2023-01-09,9377
1734,杏輝,5,0,5,華南永昌-虎尾,2023-01-09,9377
2608,嘉里大榮,5,0,5,華南永昌-虎尾,2023-01-09,9377
3556,禾瑞亞,5,0,5,華南永昌-虎尾,2023-01-09,9377
3704,合勤控,5,0,5,華南永昌-虎尾,2023-01-09,9377
4105,東洋,5,0,5,華南永昌-虎尾,2023-01-09,9377
4768,晶呈科技,5,0,5,華南永昌-虎尾,2023-01-09,9377
4961,天鈺,6,1,5,華南永昌-虎尾,2023-01-09,9377
6215,和椿,5,0,5,華南永昌-虎尾,2023-01-09,9377
8086,宏捷科,6,1,5,華南永昌-虎尾,2023-01-09,9377
8404,百和興業-KY,5,0,5,華南永昌-虎尾,2023-01-09,9377
00720B,元大投資級公司債,4,0,4,華南永昌-虎尾,2023-01-09,9377
1609,大亞,4,0,4,華南永昌-虎尾,2023-01-09,9377
2328,廣宇,6,2,4,華南永昌-虎尾,2023-01-09,9377
2345,智邦,7,3,4,華南永昌-虎尾,2023-01-09,9377
5425,台半,67,1,66,華南永昌-虎尾,2023-01-10,9377
00632R,元大台灣50反1,111,50,61,華南永昌-虎尾,2023-01-10,9377
00753L,中信中國50正2,40,0,40,華南永昌-虎尾,2023-01-10,9377
2323,中環,40,0,40,華南永昌-虎尾,2023-01-10,9377
2615,萬海,50,11,39,華南永昌-虎尾,2023-01-10,9377
2606,裕民,36,0,36,華南永昌-虎尾,2023-01-10,9377
1304,台聚,23,0,23,華南永昌-虎尾,2023-01-10,9377
3162,精確,40,18,22,華南永昌-虎尾,2023-01-10,9377
5905,南仁湖,43,21,22,華南永昌-虎尾,2023-01-10,9377
2836,高雄銀,20,0,20,華南永昌-虎尾,2023-01-10,9377
4121,優盛,20,0,20,華南永昌-虎尾,2023-01-10,9377
4114,健喬,26,10,16,華南永昌-虎尾,2023-01-10,9377
6443,元晶,17,1,16,華南永昌-虎尾,2023-01-10,9377
2303,聯電,99,83,16,華南永昌-虎尾,2023-01-10,9377
2402,毅嘉,15,0,15,華南永昌-虎尾,2023-01-10,9377
3317,尼克森,15,0,15,華南永昌-虎尾,2023-01-10,9377
8105,凌巨,20,5,15,華南永昌-虎尾,2023-01-10,9377
2009,第一銅,13,0,13,華南永昌-虎尾,2023-01-10,9377
2883,凱基金,13,0,13,華南永昌-虎尾,2023-01-10,9377
1609,大亞,13,0,13,華南永昌-虎尾,2023-01-10,9377
2312,金寶,12,0,12,華南永昌-虎尾,2023-01-10,9377
3027,盛達,17,5,12,華南永昌-虎尾,2023-01-10,9377
6182,合晶,28,16,12,華南永昌-虎尾,2023-01-10,9377
1514,亞力,12,1,11,華南永昌-虎尾,2023-01-10,9377
1701,中化,23,12,11,華南永昌-虎尾,2023-01-10,9377
4746,台耀,11,0,11,華南永昌-虎尾,2023-01-10,9377
2313,華通,22,12,10,華南永昌-虎尾,2023-01-10,9377
1444,力麗,10,0,10,華南永昌-虎尾,2023-01-10,9377
1762,中化生,10,0,10,華南永昌-虎尾,2023-01-10,9377
1806,冠軍,10,0,10,華南永昌-虎尾,2023-01-10,9377
2349,錸德,10,0,10,華南永昌-虎尾,2023-01-10,9377
3149,正達,10,0,10,華南永昌-虎尾,2023-01-10,9377
4157,太景*-KY,10,0,10,華南永昌-虎尾,2023-01-10,9377
2388,威盛,14,4,10,華南永昌-虎尾,2023-01-10,9377
1736,喬山,14,5,9,華南永昌-虎尾,2023-01-10,9377
1216,統一,7,0,7,華南永昌-虎尾,2023-01-10,9377
4968,立積,9,2,7,華南永昌-虎尾,2023-01-10,9377
5353,台林,7,0,7,華南永昌-虎尾,2023-01-10,9377
6187,萬潤,7,0,7,華南永昌-虎尾,2023-01-10,9377
2363,矽統,20,14,6,華南永昌-虎尾,2023-01-10,9377
8182,加高,6,0,6,華南永昌-虎尾,2023-01-10,9377
9955,佳龍,6,0,6,華南永昌-虎尾,2023-01-10,9377
2616,山隆,5,0,5,華南永昌-虎尾,2023-01-10,9377
00683L,期元大美元指正2,5,0,5,華南永昌-虎尾,2023-01-10,9377
00719B,元大美債1-3,5,0,5,華南永昌-虎尾,2023-01-10,9377
1402,遠東新,5,0,5,華南永昌-虎尾,2023-01-10,9377
1615,大山,5,0,5,華南永昌-虎尾,2023-01-10,9377
1708,東鹼,5,0,5,華南永昌-虎尾,2023-01-10,9377
1714,和桐,5,0,5,華南永昌-虎尾,2023-01-10,9377
2108,南帝,5,0,5,華南永昌-虎尾,2023-01-10,9377
00757,統一FANG+,73,3,70,華南永昌-虎尾,2023-01-11,9377
2603,長榮,42,12,30,華南永昌-虎尾,2023-01-11,9377
3207,耀勝,24,1,23,華南永昌-虎尾,2023-01-11,9377
2359,所羅門,21,0,21,華南永昌-虎尾,2023-01-11,9377
2618,長榮航,63,44,19,華南永昌-虎尾,2023-01-11,9377
00715L,期街口布蘭特正2,17,0,17,華南永昌-虎尾,2023-01-11,9377
2457,飛宏,30,15,15,華南永昌-虎尾,2023-01-11,9377
4904,遠傳,14,0,14,華南永昌-虎尾,2023-01-11,9377
1711,永光,13,0,13,華南永昌-虎尾,2023-01-11,9377
8358,金居,24,12,12,華南永昌-虎尾,2023-01-11,9377
4157,太景*-KY,11,0,11,華南永昌-虎尾,2023-01-11,9377
00669R,國泰美國道瓊反1,10,0,10,華南永昌-虎尾,2023-01-11,9377
2323,中環,10,0,10,華南永昌-虎尾,2023-01-11,9377
2371,大同,10,0,10,華南永昌-虎尾,2023-01-11,9377
3083,網龍,25,15,10,華南永昌-虎尾,2023-01-11,9377
4142,國光生,10,0,10,華南永昌-虎尾,2023-01-11,9377
6546,正基,10,0,10,華南永昌-虎尾,2023-01-11,9377
8096,擎亞,10,0,10,華南永昌-虎尾,2023-01-11,9377
2201,裕隆,32,22,10,華南永昌-虎尾,2023-01-11,9377
1308,亞聚,10,1,9,華南永昌-虎尾,2023-01-11,9377
1815,富喬,10,1,9,華南永昌-虎尾,2023-01-11,9377
2352,佳世達,9,0,9,華南永昌-虎尾,2023-01-11,9377
3532,台勝科,9,0,9,華南永昌-虎尾,2023-01-11,9377
3704,合勤控,20,12,8,華南永昌-虎尾,2023-01-11,9377
00637L,元大滬深300正2,35,27,8,華南永昌-虎尾,2023-01-11,9377
2609,陽明,15,7,8,華南永昌-虎尾,2023-01-11,9377
2313,華通,17,10,7,華南永昌-虎尾,2023-01-11,9377
6182,合晶,12,5,7,華南永昌-虎尾,2023-01-11,9377
1605,華新,26,19,7,華南永昌-虎尾,2023-01-11,9377
2344,華邦電,10,3,7,華南永昌-虎尾,2023-01-11,9377
2633,台灣高鐵,7,0,7,華南永昌-虎尾,2023-01-11,9377
3062,建漢,10,3,7,華南永昌-虎尾,2023-01-11,9377
5608,四維航,7,0,7,華南永昌-虎尾,2023-01-11,9377
9928,中視,7,0,7,華南永昌-虎尾,2023-01-11,9377
1560,中砂,7,1,6,華南永昌-虎尾,2023-01-11,9377
4162,智擎,8,2,6,華南永昌-虎尾,2023-01-11,9377
6215,和椿,6,0,6,華南永昌-虎尾,2023-01-11,9377
8222,寶一,7,1,6,華南永昌-虎尾,2023-01-11,9377
8069,元太,10,5,5,華南永昌-虎尾,2023-01-11,9377
2616,山隆,5,0,5,華南永昌-虎尾,2023-01-11,9377
00885,富邦越南,5,0,5,華南永昌-虎尾,2023-01-11,9377
00720B,元大投資級公司債,5,0,5,華南永昌-虎尾,2023-01-11,9377
2023,燁輝,5,0,5,華南永昌-虎尾,2023-01-11,9377
2489,瑞軒,7,2,5,華南永昌-虎尾,2023-01-11,9377
2884,玉山金,5,0,5,華南永昌-虎尾,2023-01-11,9377
3272,東碩,5,0,5,華南永昌-虎尾,2023-01-11,9377
3419,譁裕,5,0,5,華南永昌-虎尾,2023-01-11,9377
4736,泰博,5,0,5,華南永昌-虎尾,2023-01-11,9377
4939,亞電,5,0,5,華南永昌-虎尾,2023-01-11,9377
8076,伍豐,5,0,5,華南永昌-虎尾,2023-01-11,9377
2609,陽明,54,1,53,華南永昌-虎尾,2023-01-12,9377
1605,華新,131,83,48,華南永昌-虎尾,2023-01-12,9377
4157,太景*-KY,44,1,43,華南永昌-虎尾,2023-01-12,9377
2363,矽統,38,5,33,華南永昌-虎尾,2023-01-12,9377
00878,國泰永續高股息,31,1,30,華南永昌-虎尾,2023-01-12,9377
1467,南緯,30,0,30,華南永昌-虎尾,2023-01-12,9377
00753L,中信中國50正2,28,0,28,華南永昌-虎尾,2023-01-12,9377
2610,華航,30,2,28,華南永昌-虎尾,2023-01-12,9377
6443,元晶,34,8,26,華南永昌-虎尾,2023-01-12,9377
00673R,期元大S＆P原油反1,21,0,21,華南永昌-虎尾,2023-01-12,9377
4121,優盛,20,0,20,華南永昌-虎尾,2023-01-12,9377
2201,裕隆,47,28,19,華南永昌-虎尾,2023-01-12,9377
2615,萬海,43,25,18,華南永昌-虎尾,2023-01-12,9377
3047,訊舟,17,0,17,華南永昌-虎尾,2023-01-12,9377
00632R,元大台灣50反1,15,0,15,華南永昌-虎尾,2023-01-12,9377
2349,錸德,15,0,15,華南永昌-虎尾,2023-01-12,9377
2317,鴻海,14,0,14,華南永昌-虎尾,2023-01-12,9377
00882,中信中國高股息,33,20,13,華南永昌-虎尾,2023-01-12,9377
00679B,元大美債20年,12,0,12,華南永昌-虎尾,2023-01-12,9377
2014,中鴻,16,4,12,華南永昌-虎尾,2023-01-12,9377
2634,漢翔,12,0,12,華南永昌-虎尾,2023-01-12,9377
00715L,期街口布蘭特正2,25,14,11,華南永昌-虎尾,2023-01-12,9377
2641,正德,11,0,11,華南永昌-虎尾,2023-01-12,9377
4746,台耀,12,1,11,華南永昌-虎尾,2023-01-12,9377
5009,榮剛,11,0,11,華南永昌-虎尾,2023-01-12,9377
00676R,富邦臺灣加權反1,10,0,10,華南永昌-虎尾,2023-01-12,9377
1711,永光,10,0,10,華南永昌-虎尾,2023-01-12,9377
2338,光罩,22,12,10,華南永昌-虎尾,2023-01-12,9377
2601,益航,10,0,10,華南永昌-虎尾,2023-01-12,9377
5371,中光電,10,0,10,華南永昌-虎尾,2023-01-12,9377
6116,彩晶,10,0,10,華南永昌-虎尾,2023-01-12,9377
6456,GIS-KY,10,0,10,華南永昌-虎尾,2023-01-12,9377
2308,台達電,10,1,9,華南永昌-虎尾,2023-01-12,9377
00680L,元大美債20正2,11,2,9,華南永昌-虎尾,2023-01-12,9377
5388,中磊,10,1,9,華南永昌-虎尾,2023-01-12,9377
5608,四維航,10,1,9,華南永昌-虎尾,2023-01-12,9377
6274,台燿,11,2,9,華南永昌-虎尾,2023-01-12,9377
1795,美時,12,4,8,華南永昌-虎尾,2023-01-12,9377
00903,富邦元宇宙,8,0,8,華南永昌-虎尾,2023-01-12,9377
2354,鴻準,9,1,8,華南永昌-虎尾,2023-01-12,9377
8933,愛地雅,10,3,7,華南永昌-虎尾,2023-01-12,9377
2884,玉山金,6,0,6,華南永昌-虎尾,2023-01-12,9377
2367,燿華,6,0,6,華南永昌-虎尾,2023-01-12,9377
2892,第一金,6,0,6,華南永昌-虎尾,2023-01-12,9377
3594,磐儀,6,0,6,華南永昌-虎尾,2023-01-12,9377
4904,遠傳,6,0,6,華南永昌-虎尾,2023-01-12,9377
2330,台積電,6,0,6,華南永昌-虎尾,2023-01-12,9377
4114,健喬,25,20,5,華南永昌-虎尾,2023-01-12,9377
1402,遠東新,5,0,5,華南永昌-虎尾,2023-01-12,9377
00669R,國泰美國道瓊反1,5,0,5,華南永昌-虎尾,2023-01-12,9377
00632R,元大台灣50反1,40,0,40,華南永昌-虎尾,2023-01-13,9377
1101,台泥,77,37,40,華南永昌-虎尾,2023-01-13,9377
5014,建錩,32,0,32,華南永昌-虎尾,2023-01-13,9377
00882,中信中國高股息,41,10,31,華南永昌-虎尾,2023-01-13,9377
6142,友勁,30,0,30,華南永昌-虎尾,2023-01-13,9377
2881,富邦金,36,11,25,華南永昌-虎尾,2023-01-13,9377
1605,華新,52,29,23,華南永昌-虎尾,2023-01-13,9377
3704,合勤控,31,10,21,華南永昌-虎尾,2023-01-13,9377
6456,GIS-KY,19,1,18,華南永昌-虎尾,2023-01-13,9377
00885,富邦越南,16,0,16,華南永昌-虎尾,2023-01-13,9377
2312,金寶,16,0,16,華南永昌-虎尾,2023-01-13,9377
8050,廣積,14,0,14,華南永昌-虎尾,2023-01-13,9377
2880,華南金,13,0,13,華南永昌-虎尾,2023-01-13,9377
3047,訊舟,12,0,12,華南永昌-虎尾,2023-01-13,9377
2615,萬海,22,10,12,華南永昌-虎尾,2023-01-13,9377
6237,驊訊,12,0,12,華南永昌-虎尾,2023-01-13,9377
2344,華邦電,11,0,11,華南永昌-虎尾,2023-01-13,9377
8933,愛地雅,17,6,11,華南永昌-虎尾,2023-01-13,9377
1210,大成,10,0,10,華南永昌-虎尾,2023-01-13,9377
00664R,國泰臺灣加權反1,10,0,10,華南永昌-虎尾,2023-01-13,9377
1444,力麗,10,0,10,華南永昌-虎尾,2023-01-13,9377
1718,中纖,10,0,10,華南永昌-虎尾,2023-01-13,9377
2323,中環,10,0,10,華南永昌-虎尾,2023-01-13,9377
2359,所羅門,10,0,10,華南永昌-虎尾,2023-01-13,9377
8261,富鼎,11,1,10,華南永昌-虎尾,2023-01-13,9377
2342,茂矽,13,4,9,華南永昌-虎尾,2023-01-13,9377
2465,麗臺,22,13,9,華南永昌-虎尾,2023-01-13,9377
1608,華榮,9,1,8,華南永昌-虎尾,2023-01-13,9377
5608,四維航,10,2,8,華南永昌-虎尾,2023-01-13,9377
9955,佳龍,8,0,8,華南永昌-虎尾,2023-01-13,9377
3037,欣興,13,5,8,華南永昌-虎尾,2023-01-13,9377
2313,華通,8,1,7,華南永昌-虎尾,2023-01-13,9377
2363,矽統,14,7,7,華南永昌-虎尾,2023-01-13,9377
2498,宏達電,7,0,7,華南永昌-虎尾,2023-01-13,9377
2609,陽明,12,6,6,華南永昌-虎尾,2023-01-13,9377
2332,友訊,6,0,6,華南永昌-虎尾,2023-01-13,9377
2607,榮運,6,0,6,華南永昌-虎尾,2023-01-13,9377
2884,玉山金,12,6,6,華南永昌-虎尾,2023-01-13,9377
3673,TPK-KY,6,0,6,華南永昌-虎尾,2023-01-13,9377
2390,云辰,5,0,5,華南永昌-虎尾,2023-01-13,9377
00720B,元大投資級公司債,5,0,5,華南永昌-虎尾,2023-01-13,9377
00673R,期元大S＆P原油反1,5,0,5,華南永昌-虎尾,2023-01-13,9377
2317,鴻海,26,21,5,華南永昌-虎尾,2023-01-13,9377
2367,燿華,5,0,5,華南永昌-虎尾,2023-01-13,9377
2387,精元,5,0,5,華南永昌-虎尾,2023-01-13,9377
2489,瑞軒,5,0,5,華南永昌-虎尾,2023-01-13,9377
2605,新興,5,0,5,華南永昌-虎尾,2023-01-13,9377
2892,第一金,6,1,5,華南永昌-虎尾,2023-01-13,9377
3169,亞信,5,0,5,華南永昌-虎尾,2023-01-13,9377
8064,東捷,5,0,5,華南永昌-虎尾,2023-01-13,9377
00632R,元大台灣50反1,232,40,192,華南永昌-虎尾,2023-01-16,9377
2884,玉山金,106,0,106,華南永昌-虎尾,2023-01-16,9377
00679B,元大美債20年,100,0,100,華南永昌-虎尾,2023-01-16,9377
2897,王道銀行,60,0,60,華南永昌-虎尾,2023-01-16,9377
00673R,期元大S＆P原油反1,41,0,41,華南永昌-虎尾,2023-01-16,9377
6770,力積電,33,4,29,華南永昌-虎尾,2023-01-16,9377
2038,海光,20,0,20,華南永昌-虎尾,2023-01-16,9377
4114,健喬,22,2,20,華南永昌-虎尾,2023-01-16,9377
6120,達運,19,0,19,華南永昌-虎尾,2023-01-16,9377
1909,榮成,17,2,15,華南永昌-虎尾,2023-01-16,9377
3526,凡甲,15,0,15,華南永昌-虎尾,2023-01-16,9377
6456,GIS-KY,13,0,13,華南永昌-虎尾,2023-01-16,9377
5469,瀚宇博,12,0,12,華南永昌-虎尾,2023-01-16,9377
9955,佳龍,12,0,12,華南永昌-虎尾,2023-01-16,9377
00885,富邦越南,11,0,11,華南永昌-虎尾,2023-01-16,9377
1605,華新,33,22,11,華南永昌-虎尾,2023-01-16,9377
1718,中纖,11,0,11,華南永昌-虎尾,2023-01-16,9377
2489,瑞軒,13,2,11,華南永昌-虎尾,2023-01-16,9377
00772B,中信高評級公司債,10,0,10,華南永昌-虎尾,2023-01-16,9377
1615,大山,10,0,10,華南永昌-虎尾,2023-01-16,9377
2323,中環,10,0,10,華南永昌-虎尾,2023-01-16,9377
2377,微星,10,0,10,華南永昌-虎尾,2023-01-16,9377
2413,環科,10,0,10,華南永昌-虎尾,2023-01-16,9377
2702,華園,10,0,10,華南永昌-虎尾,2023-01-16,9377
3221,台嘉碩,10,0,10,華南永昌-虎尾,2023-01-16,9377
6118,建達,11,1,10,華南永昌-虎尾,2023-01-16,9377
8049,晶采,10,0,10,華南永昌-虎尾,2023-01-16,9377
00770,國泰北美科技,8,0,8,華南永昌-虎尾,2023-01-16,9377
3714,富采,10,2,8,華南永昌-虎尾,2023-01-16,9377
2317,鴻海,11,3,8,華南永昌-虎尾,2023-01-16,9377
00882,中信中國高股息,10,3,7,華南永昌-虎尾,2023-01-16,9377
1584,精剛,8,1,7,華南永昌-虎尾,2023-01-16,9377
9938,百和,9,2,7,華南永昌-虎尾,2023-01-16,9377
1305,華夏,7,1,6,華南永昌-虎尾,2023-01-16,9377
2812,台中銀,6,0,6,華南永昌-虎尾,2023-01-16,9377
6279,胡連,6,0,6,華南永昌-虎尾,2023-01-16,9377
00893,國泰智能電動車,6,0,6,華南永昌-虎尾,2023-01-16,9377
2605,新興,5,0,5,華南永昌-虎尾,2023-01-16,9377
1565,精華,5,0,5,華南永昌-虎尾,2023-01-16,9377
2028,威致,5,0,5,華南永昌-虎尾,2023-01-16,9377
2338,光罩,22,17,5,華南永昌-虎尾,2023-01-16,9377
3047,訊舟,5,0,5,華南永昌-虎尾,2023-01-16,9377
3605,宏致,5,0,5,華南永昌-虎尾,2023-01-16,9377
8933,愛地雅,5,0,5,華南永昌-虎尾,2023-01-16,9377
2241,艾姆勒,4,0,4,華南永昌-虎尾,2023-01-16,9377
2313,華通,7,3,4,華南永昌-虎尾,2023-01-16,9377
2618,長榮航,5,1,4,華南永昌-虎尾,2023-01-16,9377
2634,漢翔,7,3,4,華南永昌-虎尾,2023-01-16,9377
2731,雄獅,4,0,4,華南永昌-虎尾,2023-01-16,9377
4714,永捷,4,0,4,華南永昌-虎尾,2023-01-16,9377
00632R,元大台灣50反1,210,0,210,華南永昌-虎尾,2023-01-17,9377
2618,長榮航,121,12,109,華南永昌-虎尾,2023-01-17,9377
00637L,元大滬深300正2,87,0,87,華南永昌-虎尾,2023-01-17,9377
2882,國泰金,100,25,75,華南永昌-虎尾,2023-01-17,9377
2317,鴻海,82,12,70,華南永昌-虎尾,2023-01-17,9377
2485,兆赫,44,0,44,華南永昌-虎尾,2023-01-17,9377
8150,南茂,41,0,41,華南永昌-虎尾,2023-01-17,9377
2538,基泰,39,0,39,華南永昌-虎尾,2023-01-17,9377
00712,復華富時不動產,30,0,30,華南永昌-虎尾,2023-01-17,9377
3545,敦泰,30,1,29,華南永昌-虎尾,2023-01-17,9377
8033,雷虎,25,0,25,華南永昌-虎尾,2023-01-17,9377
2313,華通,22,1,21,華南永昌-虎尾,2023-01-17,9377
4121,優盛,20,1,19,華南永昌-虎尾,2023-01-17,9377
3013,晟銘電,17,0,17,華南永昌-虎尾,2023-01-17,9377
00726B,國泰新興投等債,15,0,15,華南永昌-虎尾,2023-01-17,9377
9955,佳龍,15,0,15,華南永昌-虎尾,2023-01-17,9377
00885,富邦越南,13,0,13,華南永昌-虎尾,2023-01-17,9377
4114,健喬,15,2,13,華南永昌-虎尾,2023-01-17,9377
2409,友達,20,8,12,華南永昌-虎尾,2023-01-17,9377
2884,玉山金,11,0,11,華南永昌-虎尾,2023-01-17,9377
6245,立端,12,1,11,華南永昌-虎尾,2023-01-17,9377
1101,台泥,14,4,10,華南永昌-虎尾,2023-01-17,9377
00669R,國泰美國道瓊反1,10,0,10,華南永昌-虎尾,2023-01-17,9377
4157,太景*-KY,20,10,10,華南永昌-虎尾,2023-01-17,9377
5522,遠雄,10,0,10,華南永昌-虎尾,2023-01-17,9377
6134,萬旭,10,0,10,華南永昌-虎尾,2023-01-17,9377
6609,瀧澤科,15,5,10,華南永昌-虎尾,2023-01-17,9377
1734,杏輝,9,0,9,華南永昌-虎尾,2023-01-17,9377
2732,六角,17,8,9,華南永昌-虎尾,2023-01-17,9377
5608,四維航,8,0,8,華南永昌-虎尾,2023-01-17,9377
6443,元晶,13,5,8,華南永昌-虎尾,2023-01-17,9377
6770,力積電,11,3,8,華南永昌-虎尾,2023-01-17,9377
2312,金寶,7,0,7,華南永昌-虎尾,2023-01-17,9377
2356,英業達,7,0,7,華南永昌-虎尾,2023-01-17,9377
2412,中華電,8,1,7,華南永昌-虎尾,2023-01-17,9377
1615,大山,7,0,7,華南永昌-虎尾,2023-01-17,9377
0050,元大台灣50,7,1,6,華南永昌-虎尾,2023-01-17,9377
2612,中航,6,0,6,華南永昌-虎尾,2023-01-17,9377
2836,高雄銀,6,0,6,華南永昌-虎尾,2023-01-17,9377
3207,耀勝,6,0,6,華南永昌-虎尾,2023-01-17,9377
3714,富采,6,0,6,華南永昌-虎尾,2023-01-17,9377
2354,鴻準,5,0,5,華南永昌-虎尾,2023-01-17,9377
2633,台灣高鐵,5,0,5,華南永昌-虎尾,2023-01-17,9377
3360,尚立,5,0,5,華南永昌-虎尾,2023-01-17,9377
4915,致伸,5,0,5,華南永昌-虎尾,2023-01-17,9377
5245,智晶,5,0,5,華南永昌-虎尾,2023-01-17,9377
8436,大江,11,6,5,華南永昌-虎尾,2023-01-17,9377
2327,國巨,5,0,5,華南永昌-虎尾,2023-01-17,9377
5263,智崴,4,0,4,華南永昌-虎尾,2023-01-17,9377
3037,欣興,5,1,4,華南永昌-虎尾,2023-01-17,9377
00632R,元大台灣50反1,260,15,245,華南永昌-虎尾,2023-01-30,9377
2888,新光金,75,2,73,華南永昌-虎尾,2023-01-30,9377
8088,品安,57,1,56,華南永昌-虎尾,2023-01-30,9377
2317,鴻海,58,4,54,華南永昌-虎尾,2023-01-30,9377
2867,三商壽,52,15,37,華南永昌-虎尾,2023-01-30,9377
3707,漢磊,35,4,31,華南永昌-虎尾,2023-01-30,9377
00671R,富邦NASDAQ反1,30,0,30,華南永昌-虎尾,2023-01-30,9377
2609,陽明,43,16,27,華南永昌-虎尾,2023-01-30,9377
00633L,富邦上証正2,25,0,25,華南永昌-虎尾,2023-01-30,9377
2392,正崴,25,0,25,華南永昌-虎尾,2023-01-30,9377
3045,台灣大,27,2,25,華南永昌-虎尾,2023-01-30,9377
4746,台耀,26,1,25,華南永昌-虎尾,2023-01-30,9377
3596,智易,21,0,21,華南永昌-虎尾,2023-01-30,9377
9105,泰金寶-DR,20,0,20,華南永昌-虎尾,2023-01-30,9377
2241,艾姆勒,17,0,17,華南永昌-虎尾,2023-01-30,9377
00664R,國泰臺灣加權反1,15,0,15,華南永昌-虎尾,2023-01-30,9377
2406,國碩,15,0,15,華南永昌-虎尾,2023-01-30,9377
4566,時碩工業,15,0,15,華南永昌-虎尾,2023-01-30,9377
6591,動力-KY,15,0,15,華南永昌-虎尾,2023-01-30,9377
2038,海光,14,0,14,華南永昌-虎尾,2023-01-30,9377
3059,華晶科,14,0,14,華南永昌-虎尾,2023-01-30,9377
2482,連宇,13,0,13,華南永昌-虎尾,2023-01-30,9377
3013,晟銘電,28,15,13,華南永昌-虎尾,2023-01-30,9377
6104,創惟,51,38,13,華南永昌-虎尾,2023-01-30,9377
00878,國泰永續高股息,14,2,12,華南永昌-虎尾,2023-01-30,9377
3374,精材,13,1,12,華南永昌-虎尾,2023-01-30,9377
2404,漢唐,12,0,12,華南永昌-虎尾,2023-01-30,9377
6187,萬潤,10,0,10,華南永昌-虎尾,2023-01-30,9377
00669R,國泰美國道瓊反1,10,0,10,華南永昌-虎尾,2023-01-30,9377
2314,台揚,10,0,10,華南永昌-虎尾,2023-01-30,9377
2617,台航,20,10,10,華南永昌-虎尾,2023-01-30,9377
3625,西勝,10,0,10,華南永昌-虎尾,2023-01-30,9377
4744,皇將,10,0,10,華南永昌-虎尾,2023-01-30,9377
8213,志超,10,0,10,華南永昌-虎尾,2023-01-30,9377
8996,高力,14,4,10,華南永昌-虎尾,2023-01-30,9377
1904,正隆,9,0,9,華南永昌-虎尾,2023-01-30,9377
2349,錸德,16,7,9,華南永昌-虎尾,2023-01-30,9377
2498,宏達電,16,7,9,華南永昌-虎尾,2023-01-30,9377
3017,奇鋐,10,1,9,華南永昌-虎尾,2023-01-30,9377
4162,智擎,10,1,9,華南永昌-虎尾,2023-01-30,9377
6279,胡連,13,4,9,華南永昌-虎尾,2023-01-30,9377
8930,青鋼,9,0,9,華南永昌-虎尾,2023-01-30,9377
1514,亞力,8,0,8,華南永昌-虎尾,2023-01-30,9377
2014,中鴻,16,8,8,華南永昌-虎尾,2023-01-30,9377
2616,山隆,8,0,8,華南永昌-虎尾,2023-01-30,9377
2633,台灣高鐵,10,2,8,華南永昌-虎尾,2023-01-30,9377
2748,雲品,8,0,8,華南永昌-虎尾,2023-01-30,9377
4121,優盛,10,2,8,華南永昌-虎尾,2023-01-30,9377
6535,順藥,8,0,8,華南永昌-虎尾,2023-01-30,9377
2615,萬海,12,4,8,華南永昌-虎尾,2023-01-30,9377
6603,富強鑫,88,0,88,華南永昌-虎尾,2023-01-31,9377
2329,華泰,75,6,69,華南永昌-虎尾,2023-01-31,9377
00637L,元大滬深300正2,67,0,67,華南永昌-虎尾,2023-01-31,9377
6550,北極星藥業-KY,70,5,65,華南永昌-虎尾,2023-01-31,9377
6026,福邦證,77,24,53,華南永昌-虎尾,2023-01-31,9377
2317,鴻海,73,24,49,華南永昌-虎尾,2023-01-31,9377
1314,中石化,55,10,45,華南永昌-虎尾,2023-01-31,9377
3264,欣銓,45,0,45,華南永昌-虎尾,2023-01-31,9377
1101,台泥,124,80,44,華南永昌-虎尾,2023-01-31,9377
00905,FT臺灣Smart,39,0,39,華南永昌-虎尾,2023-01-31,9377
4114,健喬,45,7,38,華南永昌-虎尾,2023-01-31,9377
6125,廣運,35,0,35,華南永昌-虎尾,2023-01-31,9377
6175,立敦,29,1,28,華南永昌-虎尾,2023-01-31,9377
2497,怡利電,28,1,27,華南永昌-虎尾,2023-01-31,9377
4746,台耀,27,4,23,華南永昌-虎尾,2023-01-31,9377
2887,台新金,23,1,22,華南永昌-虎尾,2023-01-31,9377
2354,鴻準,24,2,22,華南永昌-虎尾,2023-01-31,9377
2610,華航,50,29,21,華南永昌-虎尾,2023-01-31,9377
2897,王道銀行,20,0,20,華南永昌-虎尾,2023-01-31,9377
5522,遠雄,20,0,20,華南永昌-虎尾,2023-01-31,9377
1605,華新,105,85,20,華南永昌-虎尾,2023-01-31,9377
2492,華新科,26,6,20,華南永昌-虎尾,2023-01-31,9377
4566,時碩工業,19,0,19,華南永昌-虎尾,2023-01-31,9377
1326,台化,20,2,18,華南永昌-虎尾,2023-01-31,9377
2023,燁輝,20,2,18,華南永昌-虎尾,2023-01-31,9377
2892,第一金,18,1,17,華南永昌-虎尾,2023-01-31,9377
3017,奇鋐,18,1,17,華南永昌-虎尾,2023-01-31,9377
3711,日月光投控,17,0,17,華南永昌-虎尾,2023-01-31,9377
1529,樂事綠能,15,0,15,華南永昌-虎尾,2023-01-31,9377
8933,愛地雅,15,0,15,華南永昌-虎尾,2023-01-31,9377
2880,華南金,15,0,15,華南永昌-虎尾,2023-01-31,9377
6278,台表科,12,0,12,華南永昌-虎尾,2023-01-31,9377
00720B,元大投資級公司債,12,0,12,華南永昌-虎尾,2023-01-31,9377
1783,和康生,12,1,11,華南永昌-虎尾,2023-01-31,9377
2324,仁寶,11,0,11,華南永昌-虎尾,2023-01-31,9377
2344,華邦電,11,0,11,華南永昌-虎尾,2023-01-31,9377
3346,麗清,11,0,11,華南永昌-虎尾,2023-01-31,9377
2330,台積電,18,7,11,華南永昌-虎尾,2023-01-31,9377
9910,豐泰,10,0,10,華南永昌-虎尾,2023-01-31,9377
1711,永光,10,0,10,華南永昌-虎尾,2023-01-31,9377
2069,運錩,10,0,10,華南永昌-虎尾,2023-01-31,9377
2349,錸德,10,0,10,華南永昌-虎尾,2023-01-31,9377
2444,兆勁,10,0,10,華南永昌-虎尾,2023-01-31,9377
4979,華星光,32,22,10,華南永昌-虎尾,2023-01-31,9377
2352,佳世達,10,1,9,華南永昌-虎尾,2023-01-31,9377
2867,三商壽,10,1,9,華南永昌-虎尾,2023-01-31,9377
2915,潤泰全,10,1,9,華南永昌-虎尾,2023-01-31,9377
3162,精確,13,4,9,華南永昌-虎尾,2023-01-31,9377
5351,鈺創,11,2,9,華南永昌-虎尾,2023-01-31,9377
6279,胡連,9,0,9,華南永昌-虎尾,2023-01-31,9377
2329,華泰,107,6,101,華南永昌-虎尾,2023-02-01,9377
2369,菱生,57,2,55,華南永昌-虎尾,2023-02-01,9377
2614,東森,54,4,50,華南永昌-虎尾,2023-02-01,9377
3264,欣銓,55,5,50,華南永昌-虎尾,2023-02-01,9377
6505,台塑化,44,0,44,華南永昌-虎尾,2023-02-01,9377
2409,友達,38,0,38,華南永昌-虎尾,2023-02-01,9377
00633L,富邦上証正2,39,4,35,華南永昌-虎尾,2023-02-01,9377
9904,寶成,35,0,35,華南永昌-虎尾,2023-02-01,9377
3017,奇鋐,38,13,25,華南永昌-虎尾,2023-02-01,9377
00637L,元大滬深300正2,70,47,23,華南永昌-虎尾,2023-02-01,9377
6550,北極星藥業-KY,34,11,23,華南永昌-虎尾,2023-02-01,9377
1522,堤維西,22,0,22,華南永昌-虎尾,2023-02-01,9377
3013,晟銘電,22,0,22,華南永昌-虎尾,2023-02-01,9377
2897,王道銀行,33,12,21,華南永昌-虎尾,2023-02-01,9377
6173,信昌電,20,0,20,華南永昌-虎尾,2023-02-01,9377
00671R,富邦NASDAQ反1,20,0,20,華南永昌-虎尾,2023-02-01,9377
1615,大山,22,2,20,華南永昌-虎尾,2023-02-01,9377
4906,正文,20,0,20,華南永昌-虎尾,2023-02-01,9377
6226,光鼎,20,0,20,華南永昌-虎尾,2023-02-01,9377
6509,聚和,20,0,20,華南永昌-虎尾,2023-02-01,9377
2317,鴻海,26,8,18,華南永昌-虎尾,2023-02-01,9377
6456,GIS-KY,18,0,18,華南永昌-虎尾,2023-02-01,9377
4743,合一,26,9,17,華南永昌-虎尾,2023-02-01,9377
2358,廷鑫,19,2,17,華南永昌-虎尾,2023-02-01,9377
3022,威強電,16,0,16,華南永昌-虎尾,2023-02-01,9377
3714,富采,15,0,15,華南永昌-虎尾,2023-02-01,9377
8255,朋程,16,3,13,華南永昌-虎尾,2023-02-01,9377
2484,希華,13,0,13,華南永昌-虎尾,2023-02-01,9377
00878,國泰永續高股息,14,2,12,華南永昌-虎尾,2023-02-01,9377
2615,萬海,13,1,12,華南永昌-虎尾,2023-02-01,9377
5522,遠雄,11,0,11,華南永昌-虎尾,2023-02-01,9377
00905,FT臺灣Smart,11,0,11,華南永昌-虎尾,2023-02-01,9377
6245,立端,11,0,11,華南永昌-虎尾,2023-02-01,9377
6603,富強鑫,12,1,11,華南永昌-虎尾,2023-02-01,9377
6278,台表科,10,0,10,華南永昌-虎尾,2023-02-01,9377
1909,榮成,10,0,10,華南永昌-虎尾,2023-02-01,9377
2342,茂矽,40,30,10,華南永昌-虎尾,2023-02-01,9377
2404,漢唐,10,0,10,華南永昌-虎尾,2023-02-01,9377
2413,環科,10,0,10,華南永昌-虎尾,2023-02-01,9377
6589,台康生技,12,2,10,華南永昌-虎尾,2023-02-01,9377
0056,元大高股息,9,0,9,華南永昌-虎尾,2023-02-01,9377
1417,嘉裕,10,1,9,華南永昌-虎尾,2023-02-01,9377
00900,富邦特選高股息30,9,0,9,華南永昌-虎尾,2023-02-01,9377
2609,陽明,35,26,9,華南永昌-虎尾,2023-02-01,9377
1216,統一,8,0,8,華南永昌-虎尾,2023-02-01,9377
1612,宏泰,8,0,8,華南永昌-虎尾,2023-02-01,9377
2497,怡利電,10,2,8,華南永昌-虎尾,2023-02-01,9377
2892,第一金,8,0,8,華南永昌-虎尾,2023-02-01,9377
4153,鈺緯,9,1,8,華南永昌-虎尾,2023-02-01,9377
4426,利勤,10,2,8,華南永昌-虎尾,2023-02-01,9377
2610,華航,136,23,113,華南永昌-虎尾,2023-02-02,9377
2369,菱生,113,17,96,華南永昌-虎尾,2023-02-02,9377
2484,希華,106,29,77,華南永昌-虎尾,2023-02-02,9377
00878,國泰永續高股息,57,3,54,華南永昌-虎尾,2023-02-02,9377
2601,益航,41,0,41,華南永昌-虎尾,2023-02-02,9377
1615,大山,38,0,38,華南永昌-虎尾,2023-02-02,9377
6550,北極星藥業-KY,51,13,38,華南永昌-虎尾,2023-02-02,9377
6770,力積電,51,15,36,華南永昌-虎尾,2023-02-02,9377
6443,元晶,48,16,32,華南永昌-虎尾,2023-02-02,9377
2349,錸德,31,0,31,華南永昌-虎尾,2023-02-02,9377
3591,艾笛森,31,0,31,華南永昌-虎尾,2023-02-02,9377
1522,堤維西,30,2,28,華南永昌-虎尾,2023-02-02,9377
00885,富邦越南,26,0,26,華南永昌-虎尾,2023-02-02,9377
2342,茂矽,76,51,25,華南永昌-虎尾,2023-02-02,9377
8936,國統,25,0,25,華南永昌-虎尾,2023-02-02,9377
00921,兆豐龍頭等權重,25,2,23,華南永昌-虎尾,2023-02-02,9377
2891,中信金,22,0,22,華南永昌-虎尾,2023-02-02,9377
5522,遠雄,21,0,21,華南永昌-虎尾,2023-02-02,9377
6175,立敦,35,14,21,華南永昌-虎尾,2023-02-02,9377
00772B,中信高評級公司債,20,0,20,華南永昌-虎尾,2023-02-02,9377
2009,第一銅,20,0,20,華南永昌-虎尾,2023-02-02,9377
5425,台半,30,11,19,華南永昌-虎尾,2023-02-02,9377
2405,輔信,20,2,18,華南永昌-虎尾,2023-02-02,9377
3704,合勤控,28,10,18,華南永昌-虎尾,2023-02-02,9377
6104,創惟,21,3,18,華南永昌-虎尾,2023-02-02,9377
2492,華新科,33,16,17,華南永昌-虎尾,2023-02-02,9377
1785,光洋科,18,2,16,華南永昌-虎尾,2023-02-02,9377
2634,漢翔,18,2,16,華南永昌-虎尾,2023-02-02,9377
2388,威盛,32,16,16,華南永昌-虎尾,2023-02-02,9377
3128,昇銳,16,1,15,華南永昌-虎尾,2023-02-02,9377
2010,春源,14,0,14,華南永昌-虎尾,2023-02-02,9377
1605,華新,80,66,14,華南永昌-虎尾,2023-02-02,9377
1514,亞力,13,0,13,華南永昌-虎尾,2023-02-02,9377
6505,台塑化,13,0,13,華南永昌-虎尾,2023-02-02,9377
8215,明基材,20,7,13,華南永昌-虎尾,2023-02-02,9377
1524,耿鼎,12,0,12,華南永昌-虎尾,2023-02-02,9377
00637L,元大滬深300正2,48,37,11,華南永昌-虎尾,2023-02-02,9377
00715L,期街口布蘭特正2,11,0,11,華南永昌-虎尾,2023-02-02,9377
2883,凱基金,11,0,11,華南永昌-虎尾,2023-02-02,9377
3483,力致,11,0,11,華南永昌-虎尾,2023-02-02,9377
8086,宏捷科,11,0,11,華南永昌-虎尾,2023-02-02,9377
00671R,富邦NASDAQ反1,10,0,10,華南永昌-虎尾,2023-02-02,9377
00919,群益台灣精選高息,10,0,10,華南永昌-虎尾,2023-02-02,9377
1711,永光,20,10,10,華南永昌-虎尾,2023-02-02,9377
1904,正隆,10,0,10,華南永昌-虎尾,2023-02-02,9377
2486,一詮,10,0,10,華南永昌-虎尾,2023-02-02,9377
3013,晟銘電,12,2,10,華南永昌-虎尾,2023-02-02,9377
3163,波若威,10,0,10,華南永昌-虎尾,2023-02-02,9377
3479,安勤,10,0,10,華南永昌-虎尾,2023-02-02,9377
5015,華祺,10,0,10,華南永昌-虎尾,2023-02-02,9377
1312,國喬,160,10,150,華南永昌-虎尾,2023-02-03,9377
1409,新纖,101,0,101,華南永昌-虎尾,2023-02-03,9377
00637L,元大滬深300正2,105,20,85,華南永昌-虎尾,2023-02-03,9377
00878,國泰永續高股息,86,4,82,華南永昌-虎尾,2023-02-03,9377
2363,矽統,152,73,79,華南永昌-虎尾,2023-02-03,9377
2323,中環,41,0,41,華南永昌-虎尾,2023-02-03,9377
2610,華航,52,18,34,華南永昌-虎尾,2023-02-03,9377
3714,富采,31,0,31,華南永昌-虎尾,2023-02-03,9377
00885,富邦越南,30,0,30,華南永昌-虎尾,2023-02-03,9377
00753L,中信中國50正2,25,0,25,華南永昌-虎尾,2023-02-03,9377
00900,富邦特選高股息30,23,0,23,華南永昌-虎尾,2023-02-03,9377
3481,群創,35,12,23,華南永昌-虎尾,2023-02-03,9377
00655L,國泰中國A50正2,23,0,23,華南永昌-虎尾,2023-02-03,9377
00882,中信中國高股息,22,0,22,華南永昌-虎尾,2023-02-03,9377
2834,臺企銀,21,0,21,華南永昌-虎尾,2023-02-03,9377
5425,台半,34,13,21,華南永昌-虎尾,2023-02-03,9377
8938,明安,21,0,21,華南永昌-虎尾,2023-02-03,9377
2888,新光金,26,6,20,華南永昌-虎尾,2023-02-03,9377
00671R,富邦NASDAQ反1,20,0,20,華南永昌-虎尾,2023-02-03,9377
2405,輔信,20,0,20,華南永昌-虎尾,2023-02-03,9377
4114,健喬,20,0,20,華南永昌-虎尾,2023-02-03,9377
2634,漢翔,48,28,20,華南永昌-虎尾,2023-02-03,9377
00893,國泰智能電動車,19,0,19,華南永昌-虎尾,2023-02-03,9377
4961,天鈺,20,1,19,華南永昌-虎尾,2023-02-03,9377
00715L,期街口布蘭特正2,28,10,18,華南永昌-虎尾,2023-02-03,9377
2201,裕隆,23,5,18,華南永昌-虎尾,2023-02-03,9377
2349,錸德,16,0,16,華南永昌-虎尾,2023-02-03,9377
2409,友達,16,0,16,華南永昌-虎尾,2023-02-03,9377
1216,統一,16,0,16,華南永昌-虎尾,2023-02-03,9377
1210,大成,20,5,15,華南永昌-虎尾,2023-02-03,9377
1810,和成,15,0,15,華南永昌-虎尾,2023-02-03,9377
3710,連展投控,15,0,15,華南永昌-虎尾,2023-02-03,9377
00918,大華優利高填息30,29,15,14,華南永昌-虎尾,2023-02-03,9377
1522,堤維西,15,1,14,華南永昌-虎尾,2023-02-03,9377
3594,磐儀,16,2,14,華南永昌-虎尾,2023-02-03,9377
2014,中鴻,13,0,13,華南永昌-虎尾,2023-02-03,9377
5009,榮剛,35,22,13,華南永昌-虎尾,2023-02-03,9377
1101,台泥,25,13,12,華南永昌-虎尾,2023-02-03,9377
2867,三商壽,12,0,12,華南永昌-虎尾,2023-02-03,9377
2313,華通,23,12,11,華南永昌-虎尾,2023-02-03,9377
2489,瑞軒,31,20,11,華南永昌-虎尾,2023-02-03,9377
2897,王道銀行,11,0,11,華南永昌-虎尾,2023-02-03,9377
3047,訊舟,11,0,11,華南永昌-虎尾,2023-02-03,9377
5388,中磊,11,0,11,華南永昌-虎尾,2023-02-03,9377
8933,愛地雅,11,0,11,華南永昌-虎尾,2023-02-03,9377
1609,大亞,13,2,11,華南永昌-虎尾,2023-02-03,9377
6226,光鼎,10,0,10,華南永昌-虎尾,2023-02-03,9377
9105,泰金寶-DR,30,20,10,華南永昌-虎尾,2023-02-03,9377
2027,大成鋼,10,1,9,華南永昌-虎尾,2023-02-03,9377
6125,廣運,10,1,9,華南永昌-虎尾,2023-02-03,9377
00632R,元大台灣50反1,130,45,85,華南永昌-虎尾,2023-02-06,9377
00878,國泰永續高股息,79,0,79,華南永昌-虎尾,2023-02-06,9377
1584,精剛,75,1,74,華南永昌-虎尾,2023-02-06,9377
1605,華新,114,42,72,華南永昌-虎尾,2023-02-06,9377
00715L,期街口布蘭特正2,70,0,70,華南永昌-虎尾,2023-02-06,9377
5351,鈺創,50,7,43,華南永昌-虎尾,2023-02-06,9377
2903,遠百,40,0,40,華南永昌-虎尾,2023-02-06,9377
5464,霖宏,40,0,40,華南永昌-虎尾,2023-02-06,9377
1210,大成,38,0,38,華南永昌-虎尾,2023-02-06,9377
00900,富邦特選高股息30,42,5,37,華南永昌-虎尾,2023-02-06,9377
2884,玉山金,35,0,35,華南永昌-虎尾,2023-02-06,9377
00753L,中信中國50正2,34,0,34,華南永昌-虎尾,2023-02-06,9377
2491,吉祥全,33,0,33,華南永昌-虎尾,2023-02-06,9377
2610,華航,33,0,33,華南永昌-虎尾,2023-02-06,9377
2349,錸德,30,0,30,華南永昌-虎尾,2023-02-06,9377
2484,希華,40,10,30,華南永昌-虎尾,2023-02-06,9377
1101,台泥,28,0,28,華南永昌-虎尾,2023-02-06,9377
2371,大同,25,0,25,華南永昌-虎尾,2023-02-06,9377
2880,華南金,22,0,22,華南永昌-虎尾,2023-02-06,9377
6235,華孚,58,36,22,華南永昌-虎尾,2023-02-06,9377
3704,合勤控,21,0,21,華南永昌-虎尾,2023-02-06,9377
2489,瑞軒,21,1,20,華南永昌-虎尾,2023-02-06,9377
00665L,富邦�琤肭磪囓�2,20,0,20,華南永昌-虎尾,2023-02-06,9377
2344,華邦電,20,1,19,華南永昌-虎尾,2023-02-06,9377
2603,長榮,21,2,19,華南永昌-虎尾,2023-02-06,9377
4979,華星光,24,7,17,華南永昌-虎尾,2023-02-06,9377
3013,晟銘電,30,14,16,華南永昌-虎尾,2023-02-06,9377
2330,台積電,18,2,16,華南永昌-虎尾,2023-02-06,9377
00655L,國泰中國A50正2,15,0,15,華南永昌-虎尾,2023-02-06,9377
0056,元大高股息,14,0,14,華南永昌-虎尾,2023-02-06,9377
6592,和潤企業,15,1,14,華南永昌-虎尾,2023-02-06,9377
2615,萬海,16,3,13,華南永昌-虎尾,2023-02-06,9377
00882,中信中國高股息,11,0,11,華南永昌-虎尾,2023-02-06,9377
00720B,元大投資級公司債,11,0,11,華南永昌-虎尾,2023-02-06,9377
1312,國喬,11,0,11,華南永昌-虎尾,2023-02-06,9377
6443,元晶,12,1,11,華南永昌-虎尾,2023-02-06,9377
6188,廣明,15,4,11,華南永昌-虎尾,2023-02-06,9377
1615,大山,10,0,10,華南永昌-虎尾,2023-02-06,9377
2027,大成鋼,10,0,10,華南永昌-虎尾,2023-02-06,9377
2380,虹光,10,0,10,華南永昌-虎尾,2023-02-06,9377
2633,台灣高鐵,10,0,10,華南永昌-虎尾,2023-02-06,9377
2801,彰銀,10,0,10,華南永昌-虎尾,2023-02-06,9377
2888,新光金,10,0,10,華南永昌-虎尾,2023-02-06,9377
5512,力麒,10,0,10,華南永昌-虎尾,2023-02-06,9377
6005,群益證,10,0,10,華南永昌-虎尾,2023-02-06,9377
6770,力積電,12,2,10,華南永昌-虎尾,2023-02-06,9377
4174,浩鼎,10,0,10,華南永昌-虎尾,2023-02-06,9377
6603,富強鑫,17,8,9,華南永昌-虎尾,2023-02-06,9377
8358,金居,13,4,9,華南永昌-虎尾,2023-02-06,9377
2363,矽統,14,6,8,華南永昌-虎尾,2023-02-06,9377
00878,國泰永續高股息,99,0,99,華南永昌-虎尾,2023-02-07,9377
1605,華新,123,24,99,華南永昌-虎尾,2023-02-07,9377
2344,華邦電,63,11,52,華南永昌-虎尾,2023-02-07,9377
5351,鈺創,45,6,39,華南永昌-虎尾,2023-02-07,9377
5309,系統電,40,2,38,華南永昌-虎尾,2023-02-07,9377
4114,健喬,41,5,36,華南永昌-虎尾,2023-02-07,9377
2618,長榮航,31,2,29,華南永昌-虎尾,2023-02-07,9377
2201,裕隆,43,15,28,華南永昌-虎尾,2023-02-07,9377
6282,康舒,36,9,27,華南永昌-虎尾,2023-02-07,9377
3013,晟銘電,23,0,23,華南永昌-虎尾,2023-02-07,9377
6104,創惟,23,0,23,華南永昌-虎尾,2023-02-07,9377
4979,華星光,26,4,22,華南永昌-虎尾,2023-02-07,9377
2852,第一保,20,0,20,華南永昌-虎尾,2023-02-07,9377
2903,遠百,21,1,20,華南永昌-虎尾,2023-02-07,9377
4108,懷特,20,0,20,華南永昌-虎尾,2023-02-07,9377
5388,中磊,20,0,20,華南永昌-虎尾,2023-02-07,9377
1513,中興電,21,2,19,華南永昌-虎尾,2023-02-07,9377
2368,金像電,19,0,19,華南永昌-虎尾,2023-02-07,9377
2888,新光金,19,0,19,華南永昌-虎尾,2023-02-07,9377
6509,聚和,66,50,16,華南永昌-虎尾,2023-02-07,9377
00637L,元大滬深300正2,57,42,15,華南永昌-虎尾,2023-02-07,9377
2027,大成鋼,15,0,15,華南永昌-虎尾,2023-02-07,9377
1615,大山,14,0,14,華南永昌-虎尾,2023-02-07,9377
2313,華通,13,0,13,華南永昌-虎尾,2023-02-07,9377
1904,正隆,13,0,13,華南永昌-虎尾,2023-02-07,9377
8069,元太,13,0,13,華南永昌-虎尾,2023-02-07,9377
1218,泰山,12,0,12,華南永昌-虎尾,2023-02-07,9377
2610,華航,32,20,12,華南永昌-虎尾,2023-02-07,9377
3591,艾笛森,12,0,12,華南永昌-虎尾,2023-02-07,9377
6546,正基,12,0,12,華南永昌-虎尾,2023-02-07,9377
4919,新唐,20,9,11,華南永昌-虎尾,2023-02-07,9377
1417,嘉裕,11,0,11,華南永昌-虎尾,2023-02-07,9377
00715L,期街口布蘭特正2,56,45,11,華南永昌-虎尾,2023-02-07,9377
2609,陽明,13,2,11,華南永昌-虎尾,2023-02-07,9377
00772B,中信高評級公司債,10,0,10,華南永昌-虎尾,2023-02-07,9377
2302,麗正,10,0,10,華南永昌-虎尾,2023-02-07,9377
2314,台揚,10,0,10,華南永昌-虎尾,2023-02-07,9377
2439,美律,10,0,10,華南永昌-虎尾,2023-02-07,9377
3264,欣銓,10,0,10,華南永昌-虎尾,2023-02-07,9377
5864,致和證,10,0,10,華南永昌-虎尾,2023-02-07,9377
3362,先進光,12,3,9,華南永昌-虎尾,2023-02-07,9377
6592,和潤企業,9,0,9,華南永昌-虎尾,2023-02-07,9377
1762,中化生,10,2,8,華南永昌-虎尾,2023-02-07,9377
2342,茂矽,10,2,8,華南永昌-虎尾,2023-02-07,9377
3048,益登,7,0,7,華南永昌-虎尾,2023-02-07,9377
4916,事欣科,7,0,7,華南永昌-虎尾,2023-02-07,9377
00655L,國泰中國A50正2,7,0,7,華南永昌-虎尾,2023-02-07,9377
1442,名軒,7,0,7,華南永昌-虎尾,2023-02-07,9377
1795,美時,22,15,7,華南永昌-虎尾,2023-02-07,9377
2608,嘉里大榮,7,0,7,華南永昌-虎尾,2023-02-07,9377
00878,國泰永續高股息,56,1,55,華南永昌-虎尾,2023-02-08,9377
6509,聚和,98,44,54,華南永昌-虎尾,2023-02-08,9377
1615,大山,47,0,47,華南永昌-虎尾,2023-02-08,9377
3093,港建*,34,0,34,華南永昌-虎尾,2023-02-08,9377
2323,中環,37,10,27,華南永昌-虎尾,2023-02-08,9377
2498,宏達電,48,25,23,華南永昌-虎尾,2023-02-08,9377
6550,北極星藥業-KY,23,0,23,華南永昌-虎尾,2023-02-08,9377
00688L,國泰20年美債正2,22,0,22,華南永昌-虎尾,2023-02-08,9377
2634,漢翔,30,8,22,華南永昌-虎尾,2023-02-08,9377
2884,玉山金,21,1,20,華南永昌-虎尾,2023-02-08,9377
2023,燁輝,20,0,20,華南永昌-虎尾,2023-02-08,9377
2883,凱基金,20,0,20,華南永昌-虎尾,2023-02-08,9377
2367,燿華,40,23,17,華南永昌-虎尾,2023-02-08,9377
6282,康舒,16,0,16,華南永昌-虎尾,2023-02-08,9377
00637L,元大滬深300正2,45,30,15,華南永昌-虎尾,2023-02-08,9377
1584,精剛,17,2,15,華南永昌-虎尾,2023-02-08,9377
2014,中鴻,15,0,15,華南永昌-虎尾,2023-02-08,9377
5258,虹堡,15,0,15,華南永昌-虎尾,2023-02-08,9377
6790,永豐實,15,0,15,華南永昌-虎尾,2023-02-08,9377
1785,光洋科,14,0,14,華南永昌-虎尾,2023-02-08,9377
00885,富邦越南,13,0,13,華南永昌-虎尾,2023-02-08,9377
1312,國喬,12,0,12,華南永昌-虎尾,2023-02-08,9377
2337,旺宏,12,0,12,華南永昌-虎尾,2023-02-08,9377
2354,鴻準,12,0,12,華南永昌-虎尾,2023-02-08,9377
8171,天宇,19,7,12,華南永昌-虎尾,2023-02-08,9377
2368,金像電,11,0,11,華南永昌-虎尾,2023-02-08,9377
2308,台達電,11,0,11,華南永昌-虎尾,2023-02-08,9377
4961,天鈺,29,18,11,華南永昌-虎尾,2023-02-08,9377
00671R,富邦NASDAQ反1,10,0,10,華南永昌-虎尾,2023-02-08,9377
1513,中興電,13,3,10,華南永昌-虎尾,2023-02-08,9377
1909,榮成,10,0,10,華南永昌-虎尾,2023-02-08,9377
2342,茂矽,10,0,10,華南永昌-虎尾,2023-02-08,9377
2349,錸德,10,0,10,華南永昌-虎尾,2023-02-08,9377
2897,王道銀行,10,0,10,華南永昌-虎尾,2023-02-08,9377
3047,訊舟,10,0,10,華南永昌-虎尾,2023-02-08,9377
3714,富采,10,0,10,華南永昌-虎尾,2023-02-08,9377
6153,嘉聯益,12,2,10,華南永昌-虎尾,2023-02-08,9377
3545,敦泰,10,1,9,華南永昌-虎尾,2023-02-08,9377
1514,亞力,10,1,9,華南永昌-虎尾,2023-02-08,9377
3059,華晶科,12,3,9,華南永昌-虎尾,2023-02-08,9377
3081,聯亞,13,4,9,華南永昌-虎尾,2023-02-08,9377
6279,胡連,10,2,8,華南永昌-虎尾,2023-02-08,9377
00772B,中信高評級公司債,8,0,8,華南永昌-虎尾,2023-02-08,9377
1752,南光,9,1,8,華南永昌-虎尾,2023-02-08,9377
5353,台林,8,0,8,華南永昌-虎尾,2023-02-08,9377
5425,台半,15,7,8,華南永昌-虎尾,2023-02-08,9377
8436,大江,9,1,8,華南永昌-虎尾,2023-02-08,9377
00632R,元大台灣50反1,7,0,7,華南永昌-虎尾,2023-02-08,9377
2027,大成鋼,10,3,7,華南永昌-虎尾,2023-02-08,9377
2504,國產,9,2,7,華南永昌-虎尾,2023-02-08,9377
2317,鴻海,151,3,148,華南永昌-虎尾,2023-02-09,9377
4128,中天,114,2,112,華南永昌-虎尾,2023-02-09,9377
2484,希華,87,13,74,華南永昌-虎尾,2023-02-09,9377
1210,大成,60,2,58,華南永昌-虎尾,2023-02-09,9377
2888,新光金,39,0,39,華南永昌-虎尾,2023-02-09,9377
8033,雷虎,47,8,39,華南永昌-虎尾,2023-02-09,9377
2363,矽統,53,20,33,華南永昌-虎尾,2023-02-09,9377
00878,國泰永續高股息,27,0,27,華南永昌-虎尾,2023-02-09,9377
00676R,富邦臺灣加權反1,24,0,24,華南永昌-虎尾,2023-02-09,9377
3591,艾笛森,23,0,23,華南永昌-虎尾,2023-02-09,9377
4114,健喬,37,14,23,華南永昌-虎尾,2023-02-09,9377
2891,中信金,22,0,22,華南永昌-虎尾,2023-02-09,9377
1409,新纖,21,0,21,華南永昌-虎尾,2023-02-09,9377
6185,幃翔,20,0,20,華南永昌-虎尾,2023-02-09,9377
1615,大山,20,1,19,華南永昌-虎尾,2023-02-09,9377
3272,東碩,19,0,19,華南永昌-虎尾,2023-02-09,9377
5388,中磊,20,1,19,華南永昌-虎尾,2023-02-09,9377
8086,宏捷科,19,0,19,華南永昌-虎尾,2023-02-09,9377
1605,華新,44,26,18,華南永昌-虎尾,2023-02-09,9377
3710,連展投控,17,0,17,華南永昌-虎尾,2023-02-09,9377
3047,訊舟,16,0,16,華南永昌-虎尾,2023-02-09,9377
9802,鈺齊-KY,19,3,16,華南永昌-虎尾,2023-02-09,9377
5608,四維航,14,0,14,華南永昌-虎尾,2023-02-09,9377
3708,上緯投控,15,2,13,華南永昌-虎尾,2023-02-09,9377
2313,華通,13,1,12,華南永昌-虎尾,2023-02-09,9377
3014,聯陽,37,25,12,華南永昌-虎尾,2023-02-09,9377
6443,元晶,13,1,12,華南永昌-虎尾,2023-02-09,9377
6546,正基,14,2,12,華南永昌-虎尾,2023-02-09,9377
4121,優盛,11,0,11,華南永昌-虎尾,2023-02-09,9377
4968,立積,12,1,11,華南永昌-虎尾,2023-02-09,9377
1524,耿鼎,10,0,10,華南永昌-虎尾,2023-02-09,9377
2323,中環,10,0,10,華南永昌-虎尾,2023-02-09,9377
2880,華南金,21,11,10,華南永昌-虎尾,2023-02-09,9377
4108,懷特,10,0,10,華南永昌-虎尾,2023-02-09,9377
4142,國光生,10,0,10,華南永昌-虎尾,2023-02-09,9377
4541,晟田,17,7,10,華南永昌-虎尾,2023-02-09,9377
6790,永豐實,10,0,10,華南永昌-虎尾,2023-02-09,9377
3552,同致,10,0,10,華南永昌-虎尾,2023-02-09,9377
2883,凱基金,9,0,9,華南永昌-虎尾,2023-02-09,9377
2201,裕隆,20,11,9,華南永昌-虎尾,2023-02-09,9377
4909,新復興,10,1,9,華南永昌-虎尾,2023-02-09,9377
6550,北極星藥業-KY,10,1,9,華南永昌-虎尾,2023-02-09,9377
6770,力積電,10,1,9,華南永昌-虎尾,2023-02-09,9377
3035,智原,14,5,9,華南永昌-虎尾,2023-02-09,9377
00903,富邦元宇宙,8,0,8,華南永昌-虎尾,2023-02-09,9377
00679B,元大美債20年,8,0,8,華南永昌-虎尾,2023-02-09,9377
1529,樂事綠能,10,2,8,華南永昌-虎尾,2023-02-09,9377
1810,和成,13,5,8,華南永昌-虎尾,2023-02-09,9377
2890,永豐金,8,0,8,華南永昌-虎尾,2023-02-09,9377
4157,太景*-KY,13,5,8,華南永昌-虎尾,2023-02-09,9377
00878,國泰永續高股息,106,2,104,華南永昌-虎尾,2023-02-10,9377
1409,新纖,100,0,100,華南永昌-虎尾,2023-02-10,9377
1605,華新,106,44,62,華南永昌-虎尾,2023-02-10,9377
2515,中工,50,0,50,華南永昌-虎尾,2023-02-10,9377
6509,聚和,92,42,50,華南永昌-虎尾,2023-02-10,9377
4157,太景*-KY,50,18,32,華南永昌-虎尾,2023-02-10,9377
00893,國泰智能電動車,30,0,30,華南永昌-虎尾,2023-02-10,9377
00688L,國泰20年美債正2,28,0,28,華南永昌-虎尾,2023-02-10,9377
2363,矽統,45,20,25,華南永昌-虎尾,2023-02-10,9377
2498,宏達電,37,14,23,華南永昌-虎尾,2023-02-10,9377
1314,中石化,20,0,20,華南永昌-虎尾,2023-02-10,9377
00632R,元大台灣50反1,30,10,20,華南永昌-虎尾,2023-02-10,9377
2489,瑞軒,29,10,19,華南永昌-虎尾,2023-02-10,9377
2354,鴻準,17,0,17,華南永昌-虎尾,2023-02-10,9377
3189,景碩,22,6,16,華南永昌-虎尾,2023-02-10,9377
3374,精材,17,1,16,華南永昌-虎尾,2023-02-10,9377
2388,威盛,37,23,14,華南永昌-虎尾,2023-02-10,9377
3037,欣興,14,1,13,華南永昌-虎尾,2023-02-10,9377
2323,中環,13,0,13,華南永昌-虎尾,2023-02-10,9377
2731,雄獅,13,0,13,華南永昌-虎尾,2023-02-10,9377
2313,華通,14,2,12,華南永昌-虎尾,2023-02-10,9377
4979,華星光,54,42,12,華南永昌-虎尾,2023-02-10,9377
6190,萬泰科,13,1,12,華南永昌-虎尾,2023-02-10,9377
6279,胡連,12,0,12,華南永昌-虎尾,2023-02-10,9377
00712,復華富時不動產,11,0,11,華南永昌-虎尾,2023-02-10,9377
2105,正新,11,0,11,華南永昌-虎尾,2023-02-10,9377
8215,明基材,11,0,11,華南永昌-虎尾,2023-02-10,9377
1513,中興電,34,24,10,華南永昌-虎尾,2023-02-10,9377
1711,永光,10,0,10,華南永昌-虎尾,2023-02-10,9377
2344,華邦電,33,23,10,華南永昌-虎尾,2023-02-10,9377
2405,輔信,10,0,10,華南永昌-虎尾,2023-02-10,9377
2419,仲琦,10,0,10,華南永昌-虎尾,2023-02-10,9377
3027,盛達,16,6,10,華南永昌-虎尾,2023-02-10,9377
3059,華晶科,10,0,10,華南永昌-虎尾,2023-02-10,9377
3272,東碩,10,0,10,華南永昌-虎尾,2023-02-10,9377
8072,陞泰,10,0,10,華南永昌-虎尾,2023-02-10,9377
3013,晟銘電,10,1,9,華南永昌-虎尾,2023-02-10,9377
00679B,元大美債20年,9,0,9,華南永昌-虎尾,2023-02-10,9377
00753L,中信中國50正2,9,0,9,華南永昌-虎尾,2023-02-10,9377
00720B,元大投資級公司債,9,0,9,華南永昌-虎尾,2023-02-10,9377
1810,和成,28,19,9,華南永昌-虎尾,2023-02-10,9377
2614,東森,18,9,9,華南永昌-虎尾,2023-02-10,9377
3209,全科,10,1,9,華南永昌-虎尾,2023-02-10,9377
3594,磐儀,9,0,9,華南永昌-虎尾,2023-02-10,9377
6245,立端,13,4,9,華南永昌-虎尾,2023-02-10,9377
6679,鈺太,9,0,9,華南永昌-虎尾,2023-02-10,9377
8028,昇陽半導體,10,1,9,華南永昌-虎尾,2023-02-10,9377
9802,鈺齊-KY,10,1,9,華南永昌-虎尾,2023-02-10,9377
2492,華新科,10,1,9,華南永昌-虎尾,2023-02-10,9377
6182,合晶,13,5,8,華南永昌-虎尾,2023-02-10,9377
8033,雷虎,171,2,169,華南永昌-虎尾,2023-02-13,9377
00878,國泰永續高股息,108,5,103,華南永昌-虎尾,2023-02-13,9377
1615,大山,86,0,86,華南永昌-虎尾,2023-02-13,9377
2884,玉山金,63,0,63,華南永昌-虎尾,2023-02-13,9377
2303,聯電,120,68,52,華南永昌-虎尾,2023-02-13,9377
00688L,國泰20年美債正2,46,0,46,華南永昌-虎尾,2023-02-13,9377
1605,華新,82,38,44,華南永昌-虎尾,2023-02-13,9377
6770,力積電,40,2,38,華南永昌-虎尾,2023-02-13,9377
00680L,元大美債20正2,32,0,32,華南永昌-虎尾,2023-02-13,9377
00673R,期元大S＆P原油反1,24,0,24,華南永昌-虎尾,2023-02-13,9377
4739,康普,26,2,24,華南永昌-虎尾,2023-02-13,9377
6282,康舒,35,11,24,華南永昌-虎尾,2023-02-13,9377
2358,廷鑫,26,3,23,華南永昌-虎尾,2023-02-13,9377
2484,希華,23,1,22,華南永昌-虎尾,2023-02-13,9377
1447,力鵬,50,30,20,華南永昌-虎尾,2023-02-13,9377
4979,華星光,18,2,16,華南永昌-虎尾,2023-02-13,9377
00679B,元大美債20年,14,0,14,華南永昌-虎尾,2023-02-13,9377
00720B,元大投資級公司債,14,0,14,華南永昌-虎尾,2023-02-13,9377
2888,新光金,13,0,13,華南永昌-虎尾,2023-02-13,9377
6525,捷敏-KY,13,0,13,華南永昌-虎尾,2023-02-13,9377
3481,群創,12,0,12,華南永昌-虎尾,2023-02-13,9377
3037,欣興,12,1,11,華南永昌-虎尾,2023-02-13,9377
2359,所羅門,11,0,11,華南永昌-虎尾,2023-02-13,9377
2455,全新,18,7,11,華南永昌-虎尾,2023-02-13,9377
2883,凱基金,21,10,11,華南永昌-虎尾,2023-02-13,9377
2880,華南金,10,0,10,華南永昌-虎尾,2023-02-13,9377
00919,群益台灣精選高息,10,0,10,華南永昌-虎尾,2023-02-13,9377
1409,新纖,10,0,10,華南永昌-虎尾,2023-02-13,9377
2601,益航,10,0,10,華南永昌-虎尾,2023-02-13,9377
2891,中信金,10,0,10,華南永昌-虎尾,2023-02-13,9377
3094,聯傑,12,2,10,華南永昌-虎尾,2023-02-13,9377
2330,台積電,11,2,9,華南永昌-虎尾,2023-02-13,9377
1810,和成,15,6,9,華南永昌-虎尾,2023-02-13,9377
4564,元翎,9,0,9,華南永昌-虎尾,2023-02-13,9377
5347,世界,10,1,9,華南永昌-虎尾,2023-02-13,9377
5425,台半,31,22,9,華南永昌-虎尾,2023-02-13,9377
6854,錼創科技-KY創,9,0,9,華南永昌-虎尾,2023-02-13,9377
2241,艾姆勒,8,0,8,華南永昌-虎尾,2023-02-13,9377
2609,陽明,29,21,8,華南永昌-虎尾,2023-02-13,9377
8358,金居,8,0,8,華南永昌-虎尾,2023-02-13,9377
2317,鴻海,11,4,7,華南永昌-虎尾,2023-02-13,9377
1219,福壽,7,0,7,華南永昌-虎尾,2023-02-13,9377
2208,台船,10,3,7,華南永昌-虎尾,2023-02-13,9377
2399,映泰,12,5,7,華南永昌-虎尾,2023-02-13,9377
6104,創惟,9,2,7,華南永昌-虎尾,2023-02-13,9377
00772B,中信高評級公司債,6,0,6,華南永昌-虎尾,2023-02-13,9377
2314,台揚,22,16,6,華南永昌-虎尾,2023-02-13,9377
3189,景碩,10,4,6,華南永昌-虎尾,2023-02-13,9377
5608,四維航,10,4,6,華南永昌-虎尾,2023-02-13,9377
6235,華孚,11,5,6,華南永昌-虎尾,2023-02-13,9377
00632R,元大台灣50反1,535,0,535,華南永昌-虎尾,2023-02-14,9377
4950,牧東,130,1,129,華南永昌-虎尾,2023-02-14,9377
00878,國泰永續高股息,124,29,95,華南永昌-虎尾,2023-02-14,9377
2201,裕隆,90,33,57,華南永昌-虎尾,2023-02-14,9377
5425,台半,72,16,56,華南永昌-虎尾,2023-02-14,9377
1734,杏輝,50,0,50,華南永昌-虎尾,2023-02-14,9377
2618,長榮航,67,26,41,華南永昌-虎尾,2023-02-14,9377
1101,台泥,55,16,39,華南永昌-虎尾,2023-02-14,9377
1615,大山,39,0,39,華南永昌-虎尾,2023-02-14,9377
2027,大成鋼,48,10,38,華南永昌-虎尾,2023-02-14,9377
4157,太景*-KY,50,13,37,華南永昌-虎尾,2023-02-14,9377
2834,臺企銀,38,1,37,華南永昌-虎尾,2023-02-14,9377
3024,憶聲,38,2,36,華南永昌-虎尾,2023-02-14,9377
1218,泰山,31,0,31,華南永昌-虎尾,2023-02-14,9377
2498,宏達電,32,3,29,華南永昌-虎尾,2023-02-14,9377
3006,晶豪科,24,1,23,華南永昌-虎尾,2023-02-14,9377
6509,聚和,34,13,21,華南永昌-虎尾,2023-02-14,9377
2615,萬海,21,2,19,華南永昌-虎尾,2023-02-14,9377
6104,創惟,28,9,19,華南永昌-虎尾,2023-02-14,9377
6142,友勁,18,0,18,華南永昌-虎尾,2023-02-14,9377
00637L,元大滬深300正2,53,36,17,華南永昌-虎尾,2023-02-14,9377
1447,力鵬,36,20,16,華南永昌-虎尾,2023-02-14,9377
2405,輔信,16,0,16,華南永昌-虎尾,2023-02-14,9377
2327,國巨,16,1,15,華南永昌-虎尾,2023-02-14,9377
1605,華新,121,107,14,華南永昌-虎尾,2023-02-14,9377
2444,兆勁,14,0,14,華南永昌-虎尾,2023-02-14,9377
8069,元太,30,16,14,華南永昌-虎尾,2023-02-14,9377
2388,威盛,25,13,12,華南永昌-虎尾,2023-02-14,9377
2890,永豐金,12,0,12,華南永昌-虎尾,2023-02-14,9377
2338,光罩,24,13,11,華南永昌-虎尾,2023-02-14,9377
2413,環科,11,0,11,華南永昌-虎尾,2023-02-14,9377
00753L,中信中國50正2,10,0,10,華南永昌-虎尾,2023-02-14,9377
1718,中纖,10,0,10,華南永昌-虎尾,2023-02-14,9377
3363,上詮,10,0,10,華南永昌-虎尾,2023-02-14,9377
5315,光聯,10,0,10,華南永昌-虎尾,2023-02-14,9377
6185,幃翔,10,0,10,華南永昌-虎尾,2023-02-14,9377
3017,奇鋐,8,0,8,華南永昌-虎尾,2023-02-14,9377
2884,玉山金,8,1,7,華南永昌-虎尾,2023-02-14,9377
5880,合庫金,7,0,7,華南永昌-虎尾,2023-02-14,9377
1524,耿鼎,6,0,6,華南永昌-虎尾,2023-02-14,9377
1795,美時,13,7,6,華南永昌-虎尾,2023-02-14,9377
2236,百達-KY,6,0,6,華南永昌-虎尾,2023-02-14,9377
4114,健喬,16,10,6,華南永昌-虎尾,2023-02-14,9377
6269,台郡,6,0,6,華南永昌-虎尾,2023-02-14,9377
6546,正基,10,4,6,華南永昌-虎尾,2023-02-14,9377
8105,凌巨,6,0,6,華南永昌-虎尾,2023-02-14,9377
2883,凱基金,5,0,5,華南永昌-虎尾,2023-02-14,9377
00655L,國泰中國A50正2,5,0,5,華南永昌-虎尾,2023-02-14,9377
00772B,中信高評級公司債,5,0,5,華南永昌-虎尾,2023-02-14,9377
00762,元大全球AI,5,0,5,華南永昌-虎尾,2023-02-14,9377
00878,國泰永續高股息,290,10,280,華南永昌-虎尾,2023-02-15,9377
2891,中信金,84,0,84,華南永昌-虎尾,2023-02-15,9377
8358,金居,58,10,48,華南永昌-虎尾,2023-02-15,9377
00637L,元大滬深300正2,62,20,42,華南永昌-虎尾,2023-02-15,9377
8028,昇陽半導體,42,0,42,華南永昌-虎尾,2023-02-15,9377
1218,泰山,30,0,30,華南永昌-虎尾,2023-02-15,9377
2412,中華電,30,0,30,華南永昌-虎尾,2023-02-15,9377
4950,牧東,30,0,30,華南永昌-虎尾,2023-02-15,9377
2610,華航,35,7,28,華南永昌-虎尾,2023-02-15,9377
2615,萬海,28,1,27,華南永昌-虎尾,2023-02-15,9377
6592,和潤企業,27,0,27,華南永昌-虎尾,2023-02-15,9377
1409,新纖,25,0,25,華南永昌-虎尾,2023-02-15,9377
6443,元晶,23,0,23,華南永昌-虎尾,2023-02-15,9377
6546,正基,22,0,22,華南永昌-虎尾,2023-02-15,9377
8476,台境*,20,0,20,華南永昌-虎尾,2023-02-15,9377
2002,中鋼,24,5,19,華南永昌-虎尾,2023-02-15,9377
1615,大山,17,0,17,華南永昌-虎尾,2023-02-15,9377
6118,建達,18,1,17,華南永昌-虎尾,2023-02-15,9377
1447,力鵬,16,0,16,華南永昌-虎尾,2023-02-15,9377
2388,威盛,24,8,16,華南永昌-虎尾,2023-02-15,9377
00673R,期元大S＆P原油反1,15,0,15,華南永昌-虎尾,2023-02-15,9377
2883,凱基金,15,0,15,華南永昌-虎尾,2023-02-15,9377
00900,富邦特選高股息30,14,0,14,華南永昌-虎尾,2023-02-15,9377
1701,中化,14,0,14,華南永昌-虎尾,2023-02-15,9377
1718,中纖,14,1,13,華南永昌-虎尾,2023-02-15,9377
2027,大成鋼,51,38,13,華南永昌-虎尾,2023-02-15,9377
5425,台半,62,49,13,華南永昌-虎尾,2023-02-15,9377
5347,世界,16,4,12,華南永昌-虎尾,2023-02-15,9377
2363,矽統,17,5,12,華南永昌-虎尾,2023-02-15,9377
2498,宏達電,32,20,12,華南永昌-虎尾,2023-02-15,9377
2618,長榮航,15,3,12,華南永昌-虎尾,2023-02-15,9377
2609,陽明,13,1,12,華南永昌-虎尾,2023-02-15,9377
6112,邁達特,11,0,11,華南永昌-虎尾,2023-02-15,9377
8171,天宇,26,15,11,華南永昌-虎尾,2023-02-15,9377
1314,中石化,10,0,10,華南永昌-虎尾,2023-02-15,9377
00918,大華優利高填息30,10,0,10,華南永昌-虎尾,2023-02-15,9377
00720B,元大投資級公司債,10,0,10,華南永昌-虎尾,2023-02-15,9377
1517,利奇,10,0,10,華南永昌-虎尾,2023-02-15,9377
2302,麗正,10,0,10,華南永昌-虎尾,2023-02-15,9377
2354,鴻準,10,0,10,華南永昌-虎尾,2023-02-15,9377
2486,一詮,14,4,10,華南永昌-虎尾,2023-02-15,9377
2636,台驊控股,10,0,10,華南永昌-虎尾,2023-02-15,9377
2897,王道銀行,10,0,10,華南永昌-虎尾,2023-02-15,9377
3390,旭軟,10,0,10,華南永昌-虎尾,2023-02-15,9377
8938,明安,10,0,10,華南永昌-虎尾,2023-02-15,9377
9103,美德醫療-DR,10,0,10,華南永昌-虎尾,2023-02-15,9377
00679B,元大美債20年,9,0,9,華南永昌-虎尾,2023-02-15,9377
2413,環科,8,0,8,華南永昌-虎尾,2023-02-15,9377
3042,晶技,8,0,8,華南永昌-虎尾,2023-02-15,9377
2453,凌群,7,0,7,華南永昌-虎尾,2023-02-15,9377
00632R,元大台灣50反1,340,2,338,華南永昌-虎尾,2023-02-16,9377
2329,華泰,198,21,177,華南永昌-虎尾,2023-02-16,9377
00878,國泰永續高股息,94,30,64,華南永昌-虎尾,2023-02-16,9377
2891,中信金,50,0,50,華南永昌-虎尾,2023-02-16,9377
1609,大亞,48,6,42,華南永昌-虎尾,2023-02-16,9377
2027,大成鋼,37,0,37,華南永昌-虎尾,2023-02-16,9377
8358,金居,64,29,35,華南永昌-虎尾,2023-02-16,9377
1513,中興電,32,2,30,華南永昌-虎尾,2023-02-16,9377
1218,泰山,30,0,30,華南永昌-虎尾,2023-02-16,9377
00679B,元大美債20年,27,0,27,華南永昌-虎尾,2023-02-16,9377
6116,彩晶,32,6,26,華南永昌-虎尾,2023-02-16,9377
6142,友勁,25,1,24,華南永昌-虎尾,2023-02-16,9377
3624,光頡,28,5,23,華南永昌-虎尾,2023-02-16,9377
2612,中航,21,0,21,華南永昌-虎尾,2023-02-16,9377
00715L,期街口布蘭特正2,30,10,20,華南永昌-虎尾,2023-02-16,9377
2601,益航,20,0,20,華南永昌-虎尾,2023-02-16,9377
8255,朋程,21,1,20,華南永昌-虎尾,2023-02-16,9377
3481,群創,89,70,19,華南永昌-虎尾,2023-02-16,9377
2834,臺企銀,22,3,19,華南永昌-虎尾,2023-02-16,9377
00772B,中信高評級公司債,17,0,17,華南永昌-虎尾,2023-02-16,9377
4744,皇將,16,0,16,華南永昌-虎尾,2023-02-16,9377
8933,愛地雅,15,0,15,華南永昌-虎尾,2023-02-16,9377
6269,台郡,18,4,14,華南永昌-虎尾,2023-02-16,9377
9938,百和,14,0,14,華南永昌-虎尾,2023-02-16,9377
2201,裕隆,68,55,13,華南永昌-虎尾,2023-02-16,9377
2393,億光,13,0,13,華南永昌-虎尾,2023-02-16,9377
4960,誠美材,25,12,13,華南永昌-虎尾,2023-02-16,9377
6546,正基,12,0,12,華南永昌-虎尾,2023-02-16,9377
6672,騰輝電子-KY,15,3,12,華南永昌-虎尾,2023-02-16,9377
8421,旭源,12,0,12,華南永昌-虎尾,2023-02-16,9377
1904,正隆,11,0,11,華南永昌-虎尾,2023-02-16,9377
2406,國碩,12,1,11,華南永昌-虎尾,2023-02-16,9377
3094,聯傑,23,12,11,華南永昌-虎尾,2023-02-16,9377
3207,耀勝,16,5,11,華南永昌-虎尾,2023-02-16,9377
4906,正文,11,0,11,華南永昌-虎尾,2023-02-16,9377
6443,元晶,19,8,11,華南永昌-虎尾,2023-02-16,9377
8171,天宇,23,12,11,華南永昌-虎尾,2023-02-16,9377
3444,利機,10,0,10,華南永昌-虎尾,2023-02-16,9377
00901,永豐智能車供應鏈,10,0,10,華南永昌-虎尾,2023-02-16,9377
00669R,國泰美國道瓊反1,10,0,10,華南永昌-虎尾,2023-02-16,9377
1711,永光,10,0,10,華南永昌-虎尾,2023-02-16,9377
1785,光洋科,10,0,10,華南永昌-虎尾,2023-02-16,9377
2515,中工,10,0,10,華南永昌-虎尾,2023-02-16,9377
2609,陽明,16,6,10,華南永昌-虎尾,2023-02-16,9377
3390,旭軟,10,0,10,華南永昌-虎尾,2023-02-16,9377
4121,優盛,10,0,10,華南永昌-虎尾,2023-02-16,9377
5392,能率,10,0,10,華南永昌-虎尾,2023-02-16,9377
6134,萬旭,10,0,10,華南永昌-虎尾,2023-02-16,9377
6664,群翊,10,0,10,華南永昌-虎尾,2023-02-16,9377
2449,京元電子,10,1,9,華南永昌-虎尾,2023-02-16,9377
2610,華航,3162,96,3066,華南永昌-虎尾,2023-02-17,9377
00902,中信電池及儲能,115,0,115,華南永昌-虎尾,2023-02-17,9377
00637L,元大滬深300正2,119,51,68,華南永昌-虎尾,2023-02-17,9377
2888,新光金,60,0,60,華南永昌-虎尾,2023-02-17,9377
1219,福壽,50,0,50,華南永昌-虎尾,2023-02-17,9377
4114,健喬,58,8,50,華南永昌-虎尾,2023-02-17,9377
2201,裕隆,52,6,46,華南永昌-虎尾,2023-02-17,9377
00893,國泰智能電動車,36,0,36,華南永昌-虎尾,2023-02-17,9377
00679B,元大美債20年,31,0,31,華南永昌-虎尾,2023-02-17,9377
00753L,中信中國50正2,30,0,30,華南永昌-虎尾,2023-02-17,9377
5009,榮剛,36,6,30,華南永昌-虎尾,2023-02-17,9377
00688L,國泰20年美債正2,29,0,29,華南永昌-虎尾,2023-02-17,9377
8358,金居,31,5,26,華南永昌-虎尾,2023-02-17,9377
2344,華邦電,24,0,24,華南永昌-虎尾,2023-02-17,9377
2891,中信金,25,1,24,華南永昌-虎尾,2023-02-17,9377
1615,大山,21,0,21,華南永昌-虎尾,2023-02-17,9377
6547,高端疫苗,21,1,20,華南永昌-虎尾,2023-02-17,9377
9910,豐泰,19,0,19,華南永昌-虎尾,2023-02-17,9377
00878,國泰永續高股息,19,0,19,華南永昌-虎尾,2023-02-17,9377
4157,太景*-KY,17,0,17,華南永昌-虎尾,2023-02-17,9377
6104,創惟,32,15,17,華南永昌-虎尾,2023-02-17,9377
3374,精材,18,2,16,華南永昌-虎尾,2023-02-17,9377
00905,FT臺灣Smart,15,0,15,華南永昌-虎尾,2023-02-17,9377
2323,中環,15,0,15,華南永昌-虎尾,2023-02-17,9377
2634,漢翔,40,25,15,華南永昌-虎尾,2023-02-17,9377
3049,精金,15,0,15,華南永昌-虎尾,2023-02-17,9377
00885,富邦越南,13,0,13,華南永昌-虎尾,2023-02-17,9377
2303,聯電,53,40,13,華南永昌-虎尾,2023-02-17,9377
1718,中纖,11,0,11,華南永昌-虎尾,2023-02-17,9377
4919,新唐,13,2,11,華南永昌-虎尾,2023-02-17,9377
3035,智原,10,0,10,華南永昌-虎尾,2023-02-17,9377
2402,毅嘉,10,0,10,華南永昌-虎尾,2023-02-17,9377
2606,裕民,12,2,10,華南永昌-虎尾,2023-02-17,9377
2701,萬企,10,0,10,華南永昌-虎尾,2023-02-17,9377
3479,安勤,11,1,10,華南永昌-虎尾,2023-02-17,9377
4566,時碩工業,10,0,10,華南永昌-虎尾,2023-02-17,9377
5512,力麒,10,0,10,華南永昌-虎尾,2023-02-17,9377
6237,驊訊,10,0,10,華南永昌-虎尾,2023-02-17,9377
6271,同欣電,10,0,10,華南永昌-虎尾,2023-02-17,9377
1513,中興電,22,13,9,華南永昌-虎尾,2023-02-17,9377
00680L,元大美債20正2,9,0,9,華南永昌-虎尾,2023-02-17,9377
00772B,中信高評級公司債,8,0,8,華南永昌-虎尾,2023-02-17,9377
2330,台積電,14,6,8,華南永昌-虎尾,2023-02-17,9377
00895,富邦未來車,7,0,7,華南永昌-虎尾,2023-02-17,9377
00760B,復華新興企業債,7,0,7,華南永昌-虎尾,2023-02-17,9377
2851,中再保,7,0,7,華南永昌-虎尾,2023-02-17,9377
3037,欣興,7,1,6,華南永昌-虎尾,2023-02-17,9377
00773B,中信優先金融債,6,0,6,華南永昌-虎尾,2023-02-17,9377
2390,云辰,6,0,6,華南永昌-虎尾,2023-02-17,9377
2399,映泰,11,5,6,華南永昌-虎尾,2023-02-17,9377
00632R,元大台灣50反1,500,0,500,華南永昌-虎尾,2023-02-20,9377
2610,華航,148,41,107,華南永昌-虎尾,2023-02-20,9377
2881,富邦金,102,0,102,華南永昌-虎尾,2023-02-20,9377
2405,輔信,100,2,98,華南永昌-虎尾,2023-02-20,9377
2886,兆豐金,100,6,94,華南永昌-虎尾,2023-02-20,9377
3013,晟銘電,99,10,89,華南永昌-虎尾,2023-02-20,9377
2618,長榮航,88,21,67,華南永昌-虎尾,2023-02-20,9377
00637L,元大滬深300正2,166,101,65,華南永昌-虎尾,2023-02-20,9377
1218,泰山,60,0,60,華南永昌-虎尾,2023-02-20,9377
8358,金居,105,46,59,華南永昌-虎尾,2023-02-20,9377
9945,潤泰新,50,0,50,華南永昌-虎尾,2023-02-20,9377
2867,三商壽,40,0,40,華南永昌-虎尾,2023-02-20,9377
00679B,元大美債20年,40,0,40,華南永昌-虎尾,2023-02-20,9377
1504,東元,46,7,39,華南永昌-虎尾,2023-02-20,9377
6556,勝品,35,0,35,華南永昌-虎尾,2023-02-20,9377
1615,大山,33,0,33,華南永昌-虎尾,2023-02-20,9377
2369,菱生,31,3,28,華南永昌-虎尾,2023-02-20,9377
1605,華新,60,33,27,華南永昌-虎尾,2023-02-20,9377
3062,建漢,29,2,27,華南永昌-虎尾,2023-02-20,9377
1314,中石化,30,4,26,華南永昌-虎尾,2023-02-20,9377
2390,云辰,32,10,22,華南永昌-虎尾,2023-02-20,9377
3325,旭品,21,0,21,華南永昌-虎尾,2023-02-20,9377
00902,中信電池及儲能,20,0,20,華南永昌-虎尾,2023-02-20,9377
2344,華邦電,103,83,20,華南永昌-虎尾,2023-02-20,9377
2349,錸德,30,11,19,華南永昌-虎尾,2023-02-20,9377
6109,亞元,20,1,19,華南永昌-虎尾,2023-02-20,9377
2201,裕隆,39,21,18,華南永昌-虎尾,2023-02-20,9377
8349,�矬�,18,0,18,華南永昌-虎尾,2023-02-20,9377
00655L,國泰中國A50正2,20,4,16,華南永昌-虎尾,2023-02-20,9377
1319,東陽,16,0,16,華南永昌-虎尾,2023-02-20,9377
2208,台船,45,29,16,華南永昌-虎尾,2023-02-20,9377
6835,圓裕,17,1,16,華南永昌-虎尾,2023-02-20,9377
2323,中環,55,40,15,華南永昌-虎尾,2023-02-20,9377
2634,漢翔,16,1,15,華南永昌-虎尾,2023-02-20,9377
8038,長園科,15,0,15,華南永昌-虎尾,2023-02-20,9377
2104,國際中橡,14,0,14,華南永昌-虎尾,2023-02-20,9377
3526,凡甲,13,0,13,華南永昌-虎尾,2023-02-20,9377
2884,玉山金,14,2,12,華南永昌-虎尾,2023-02-20,9377
5392,能率,12,0,12,華南永昌-虎尾,2023-02-20,9377
6547,高端疫苗,12,0,12,華南永昌-虎尾,2023-02-20,9377
8069,元太,12,0,12,華南永昌-虎尾,2023-02-20,9377
1524,耿鼎,12,1,11,華南永昌-虎尾,2023-02-20,9377
2367,燿華,12,1,11,華南永昌-虎尾,2023-02-20,9377
2892,第一金,14,3,11,華南永昌-虎尾,2023-02-20,9377
4919,新唐,11,0,11,華南永昌-虎尾,2023-02-20,9377
6799,來頡,11,0,11,華南永昌-虎尾,2023-02-20,9377
6854,錼創科技-KY創,11,0,11,華南永昌-虎尾,2023-02-20,9377
2734,易飛網,10,0,10,華南永昌-虎尾,2023-02-20,9377
00905,FT臺灣Smart,10,0,10,華南永昌-虎尾,2023-02-20,9377
1907,永豐餘,10,0,10,華南永昌-虎尾,2023-02-20,9377
00637L,元大滬深300正2,345,59,286,華南永昌-虎尾,2023-02-21,9377
2884,玉山金,290,141,149,華南永昌-虎尾,2023-02-21,9377
00878,國泰永續高股息,88,6,82,華南永昌-虎尾,2023-02-21,9377
1108,幸福,81,1,80,華南永昌-虎尾,2023-02-21,9377
2313,華通,66,2,64,華南永昌-虎尾,2023-02-21,9377
2880,華南金,54,0,54,華南永昌-虎尾,2023-02-21,9377
2323,中環,67,14,53,華南永昌-虎尾,2023-02-21,9377
1615,大山,51,0,51,華南永昌-虎尾,2023-02-21,9377
2457,飛宏,78,32,46,華南永昌-虎尾,2023-02-21,9377
2349,錸德,39,0,39,華南永昌-虎尾,2023-02-21,9377
2498,宏達電,80,42,38,華南永昌-虎尾,2023-02-21,9377
2369,菱生,57,20,37,華南永昌-虎尾,2023-02-21,9377
5309,系統電,40,6,34,華南永昌-虎尾,2023-02-21,9377
2618,長榮航,99,69,30,華南永昌-虎尾,2023-02-21,9377
8358,金居,43,14,29,華南永昌-虎尾,2023-02-21,9377
1609,大亞,67,40,27,華南永昌-虎尾,2023-02-21,9377
6505,台塑化,26,1,25,華南永昌-虎尾,2023-02-21,9377
00688L,國泰20年美債正2,22,0,22,華南永昌-虎尾,2023-02-21,9377
3019,亞光,20,0,20,華南永昌-虎尾,2023-02-21,9377
3027,盛達,29,9,20,華南永昌-虎尾,2023-02-21,9377
4906,正文,20,0,20,華南永昌-虎尾,2023-02-21,9377
5701,劍湖山,20,0,20,華南永昌-虎尾,2023-02-21,9377
8183,精星,20,0,20,華南永昌-虎尾,2023-02-21,9377
1309,台達化,19,0,19,華南永昌-虎尾,2023-02-21,9377
00680L,元大美債20正2,20,2,18,華南永昌-虎尾,2023-02-21,9377
1319,東陽,19,2,17,華南永昌-虎尾,2023-02-21,9377
6125,廣運,20,3,17,華南永昌-虎尾,2023-02-21,9377
00720B,元大投資級公司債,16,0,16,華南永昌-虎尾,2023-02-21,9377
1447,力鵬,16,0,16,華南永昌-虎尾,2023-02-21,9377
3035,智原,31,15,16,華南永昌-虎尾,2023-02-21,9377
5880,合庫金,15,0,15,華南永昌-虎尾,2023-02-21,9377
1533,車王電,15,0,15,華南永昌-虎尾,2023-02-21,9377
6288,聯嘉,21,6,15,華南永昌-虎尾,2023-02-21,9377
1605,華新,67,54,13,華南永昌-虎尾,2023-02-21,9377
2485,兆赫,12,0,12,華南永昌-虎尾,2023-02-21,9377
3325,旭品,12,0,12,華南永昌-虎尾,2023-02-21,9377
8936,國統,15,3,12,華南永昌-虎尾,2023-02-21,9377
2363,矽統,12,1,11,華南永昌-虎尾,2023-02-21,9377
2030,彰源,11,0,11,華南永昌-虎尾,2023-02-21,9377
1701,中化,11,0,11,華南永昌-虎尾,2023-02-21,9377
2834,臺企銀,11,0,11,華南永昌-虎尾,2023-02-21,9377
1437,勤益控,10,0,10,華南永昌-虎尾,2023-02-21,9377
1517,利奇,10,0,10,華南永昌-虎尾,2023-02-21,9377
2025,千興,10,0,10,華南永昌-虎尾,2023-02-21,9377
2413,環科,10,0,10,華南永昌-虎尾,2023-02-21,9377
2427,三商電,10,0,10,華南永昌-虎尾,2023-02-21,9377
5426,振發,10,0,10,華南永昌-虎尾,2023-02-21,9377
5531,鄉林,10,0,10,華南永昌-虎尾,2023-02-21,9377
6547,高端疫苗,10,0,10,華南永昌-虎尾,2023-02-21,9377
8096,擎亞,10,0,10,華南永昌-虎尾,2023-02-21,9377
2610,華航,1036,138,898,華南永昌-虎尾,2023-02-22,9377
00878,國泰永續高股息,102,0,102,華南永昌-虎尾,2023-02-22,9377
00671R,富邦NASDAQ反1,100,0,100,華南永昌-虎尾,2023-02-22,9377
3013,晟銘電,101,3,98,華南永昌-虎尾,2023-02-22,9377
6116,彩晶,88,0,88,華南永昌-虎尾,2023-02-22,9377
2303,聯電,89,20,69,華南永昌-虎尾,2023-02-22,9377
6509,聚和,68,4,64,華南永昌-虎尾,2023-02-22,9377
3006,晶豪科,62,0,62,華南永昌-虎尾,2023-02-22,9377
2812,台中銀,60,1,59,華南永昌-虎尾,2023-02-22,9377
8111,立��,59,2,57,華南永昌-虎尾,2023-02-22,9377
2607,榮運,51,0,51,華南永昌-虎尾,2023-02-22,9377
1605,華新,101,58,43,華南永昌-虎尾,2023-02-22,9377
00637L,元大滬深300正2,100,60,40,華南永昌-虎尾,2023-02-22,9377
1219,福壽,30,0,30,華南永昌-虎尾,2023-02-22,9377
3037,欣興,27,2,25,華南永昌-虎尾,2023-02-22,9377
2612,中航,25,0,25,華南永昌-虎尾,2023-02-22,9377
6143,振曜,24,1,23,華南永昌-虎尾,2023-02-22,9377
6223,旺矽,23,0,23,華南永昌-虎尾,2023-02-22,9377
2884,玉山金,38,16,22,華南永昌-虎尾,2023-02-22,9377
2363,矽統,24,2,22,華南永昌-虎尾,2023-02-22,9377
1101,台泥,34,12,22,華南永昌-虎尾,2023-02-22,9377
2603,長榮,34,12,22,華南永昌-虎尾,2023-02-22,9377
1102,亞泥,21,0,21,華南永昌-虎尾,2023-02-22,9377
8358,金居,48,27,21,華南永昌-虎尾,2023-02-22,9377
00680L,元大美債20正2,20,0,20,華南永昌-虎尾,2023-02-22,9377
2889,國票金,20,0,20,華南永昌-虎尾,2023-02-22,9377
4157,太景*-KY,35,15,20,華南永昌-虎尾,2023-02-22,9377
8033,雷虎,32,12,20,華南永昌-虎尾,2023-02-22,9377
1615,大山,19,0,19,華南永昌-虎尾,2023-02-22,9377
4979,華星光,20,3,17,華南永昌-虎尾,2023-02-22,9377
2498,宏達電,55,39,16,華南永昌-虎尾,2023-02-22,9377
2301,光寶科,15,0,15,華南永昌-虎尾,2023-02-22,9377
2929,淘帝-KY,15,0,15,華南永昌-虎尾,2023-02-22,9377
2317,鴻海,15,1,14,華南永昌-虎尾,2023-02-22,9377
00688L,國泰20年美債正2,14,0,14,華南永昌-虎尾,2023-02-22,9377
00632R,元大台灣50反1,150,136,14,華南永昌-虎尾,2023-02-22,9377
00642U,期元大S＆P石油,18,5,13,華南永昌-虎尾,2023-02-22,9377
3049,精金,15,2,13,華南永昌-虎尾,2023-02-22,9377
3665,貿聯-KY,15,2,13,華南永昌-虎尾,2023-02-22,9377
5425,台半,23,10,13,華南永昌-虎尾,2023-02-22,9377
2705,六福,17,5,12,華南永昌-虎尾,2023-02-22,9377
2906,高林,12,0,12,華南永昌-虎尾,2023-02-22,9377
4168,醣聯,19,7,12,華南永昌-虎尾,2023-02-22,9377
6679,鈺太,13,1,12,華南永昌-虎尾,2023-02-22,9377
0050,元大台灣50,12,0,12,華南永昌-虎尾,2023-02-22,9377
3545,敦泰,11,0,11,華南永昌-虎尾,2023-02-22,9377
2330,台積電,12,1,11,華南永昌-虎尾,2023-02-22,9377
2390,云辰,10,0,10,華南永昌-虎尾,2023-02-22,9377
1326,台化,10,0,10,華南永昌-虎尾,2023-02-22,9377
1907,永豐餘,10,0,10,華南永昌-虎尾,2023-02-22,9377
00632R,元大台灣50反1,510,0,510,華南永昌-虎尾,2023-02-23,9377
2329,華泰,84,3,81,華南永昌-虎尾,2023-02-23,9377
00715L,期街口布蘭特正2,64,1,63,華南永昌-虎尾,2023-02-23,9377
5353,台林,62,1,61,華南永昌-虎尾,2023-02-23,9377
8358,金居,75,18,57,華南永昌-虎尾,2023-02-23,9377
6026,福邦證,51,0,51,華南永昌-虎尾,2023-02-23,9377
2834,臺企銀,86,35,51,華南永昌-虎尾,2023-02-23,9377
2344,華邦電,45,2,43,華南永昌-虎尾,2023-02-23,9377
2413,環科,43,0,43,華南永昌-虎尾,2023-02-23,9377
6509,聚和,79,37,42,華南永昌-虎尾,2023-02-23,9377
2607,榮運,43,5,38,華南永昌-虎尾,2023-02-23,9377
1102,亞泥,39,2,37,華南永昌-虎尾,2023-02-23,9377
8183,精星,32,0,32,華南永昌-虎尾,2023-02-23,9377
1301,台塑,30,1,29,華南永昌-虎尾,2023-02-23,9377
00902,中信電池及儲能,28,0,28,華南永昌-虎尾,2023-02-23,9377
2303,聯電,40,12,28,華南永昌-虎尾,2023-02-23,9377
00637L,元大滬深300正2,79,53,26,華南永昌-虎尾,2023-02-23,9377
2701,萬企,23,0,23,華南永昌-虎尾,2023-02-23,9377
4114,健喬,30,7,23,華南永昌-虎尾,2023-02-23,9377
8936,國統,45,23,22,華南永昌-虎尾,2023-02-23,9377
6505,台塑化,20,0,20,華南永昌-虎尾,2023-02-23,9377
4121,優盛,20,1,19,華南永昌-虎尾,2023-02-23,9377
4426,利勤,19,0,19,華南永昌-虎尾,2023-02-23,9377
00751B,元大AAA至A公司債,18,0,18,華南永昌-虎尾,2023-02-23,9377
2892,第一金,21,3,18,華南永昌-虎尾,2023-02-23,9377
3013,晟銘電,18,1,17,華南永昌-虎尾,2023-02-23,9377
4906,正文,16,0,16,華南永昌-虎尾,2023-02-23,9377
5905,南仁湖,18,2,16,華南永昌-虎尾,2023-02-23,9377
2406,國碩,15,0,15,華南永昌-虎尾,2023-02-23,9377
4979,華星光,19,5,14,華南永昌-虎尾,2023-02-23,9377
5426,振發,13,0,13,華南永昌-虎尾,2023-02-23,9377
6733,博晟生醫,13,0,13,華南永昌-虎尾,2023-02-23,9377
2618,長榮航,19,6,13,華南永昌-虎尾,2023-02-23,9377
5210,寶碩,12,0,12,華南永昌-虎尾,2023-02-23,9377
6257,矽格,12,0,12,華南永昌-虎尾,2023-02-23,9377
2308,台達電,12,0,12,華南永昌-虎尾,2023-02-23,9377
2356,英業達,11,0,11,華南永昌-虎尾,2023-02-23,9377
00918,大華優利高填息30,10,0,10,華南永昌-虎尾,2023-02-23,9377
1217,愛之味,10,0,10,華南永昌-虎尾,2023-02-23,9377
00772B,中信高評級公司債,10,0,10,華南永昌-虎尾,2023-02-23,9377
6005,群益證,10,0,10,華南永昌-虎尾,2023-02-23,9377
6168,宏齊,10,0,10,華南永昌-虎尾,2023-02-23,9377
6237,驊訊,10,0,10,華南永昌-虎尾,2023-02-23,9377
6806,森崴能源,11,1,10,華南永昌-虎尾,2023-02-23,9377
6462,神盾,10,0,10,華南永昌-虎尾,2023-02-23,9377
6160,欣技,13,4,9,華南永昌-虎尾,2023-02-23,9377
3037,欣興,11,3,8,華南永昌-虎尾,2023-02-23,9377
2409,友達,9,1,8,華南永昌-虎尾,2023-02-23,9377
2425,承啟,8,0,8,華南永昌-虎尾,2023-02-23,9377
2482,連宇,16,8,8,華南永昌-虎尾,2023-02-23,9377
2611,志信,133,0,133,華南永昌-虎尾,2023-02-24,9377
2331,精英,70,0,70,華南永昌-虎尾,2023-02-24,9377
2605,新興,80,11,69,華南永昌-虎尾,2023-02-24,9377
2317,鴻海,62,4,58,華南永昌-虎尾,2023-02-24,9377
2399,映泰,61,10,51,華南永昌-虎尾,2023-02-24,9377
8111,立��,54,4,50,華南永昌-虎尾,2023-02-24,9377
2834,臺企銀,74,27,47,華南永昌-虎尾,2023-02-24,9377
3093,港建*,40,1,39,華南永昌-虎尾,2023-02-24,9377
2390,云辰,33,0,33,華南永昌-虎尾,2023-02-24,9377
2323,中環,52,20,32,華南永昌-虎尾,2023-02-24,9377
1615,大山,31,0,31,華南永昌-虎尾,2023-02-24,9377
0056,元大高股息,30,2,28,華南永昌-虎尾,2023-02-24,9377
3037,欣興,42,14,28,華南永昌-虎尾,2023-02-24,9377
00882,中信中國高股息,28,0,28,華南永昌-虎尾,2023-02-24,9377
9921,巨大,31,3,28,華南永昌-虎尾,2023-02-24,9377
1605,華新,60,35,25,華南永昌-虎尾,2023-02-24,9377
2363,矽統,51,27,24,華南永昌-虎尾,2023-02-24,9377
2609,陽明,42,19,23,華南永昌-虎尾,2023-02-24,9377
2457,飛宏,23,0,23,華南永昌-虎尾,2023-02-24,9377
1519,華城,23,2,21,華南永昌-虎尾,2023-02-24,9377
2349,錸德,20,0,20,華南永昌-虎尾,2023-02-24,9377
4157,太景*-KY,30,11,19,華南永昌-虎尾,2023-02-24,9377
3013,晟銘電,27,10,17,華南永昌-虎尾,2023-02-24,9377
2498,宏達電,48,32,16,華南永昌-虎尾,2023-02-24,9377
9935,慶豐富,16,0,16,華南永昌-虎尾,2023-02-24,9377
1783,和康生,16,1,15,華南永昌-虎尾,2023-02-24,9377
2412,中華電,15,0,15,華南永昌-虎尾,2023-02-24,9377
6525,捷敏-KY,15,0,15,華南永昌-虎尾,2023-02-24,9377
1795,美時,19,5,14,華南永昌-虎尾,2023-02-24,9377
5512,力麒,23,9,14,華南永昌-虎尾,2023-02-24,9377
6770,力積電,31,17,14,華南永昌-虎尾,2023-02-24,9377
8938,明安,15,1,14,華南永昌-虎尾,2023-02-24,9377
00878,國泰永續高股息,19,5,14,華南永昌-虎尾,2023-02-24,9377
00655L,國泰中國A50正2,18,5,13,華南永昌-虎尾,2023-02-24,9377
00720B,元大投資級公司債,13,0,13,華南永昌-虎尾,2023-02-24,9377
00751B,元大AAA至A公司債,13,0,13,華南永昌-虎尾,2023-02-24,9377
1101,台泥,21,8,13,華南永昌-虎尾,2023-02-24,9377
2618,長榮航,25,13,12,華南永昌-虎尾,2023-02-24,9377
5426,振發,12,0,12,華南永昌-虎尾,2023-02-24,9377
2736,富野,23,11,12,華南永昌-虎尾,2023-02-24,9377
2723,美食-KY,11,0,11,華南永昌-虎尾,2023-02-24,9377
1809,中釉,11,0,11,華南永昌-虎尾,2023-02-24,9377
3094,聯傑,11,0,11,華南永昌-虎尾,2023-02-24,9377
3673,TPK-KY,21,10,11,華南永昌-虎尾,2023-02-24,9377
6547,高端疫苗,12,1,11,華南永昌-虎尾,2023-02-24,9377
8183,精星,11,0,11,華南永昌-虎尾,2023-02-24,9377
2354,鴻準,11,0,11,華南永昌-虎尾,2023-02-24,9377
2002,中鋼,15,5,10,華南永昌-虎尾,2023-02-24,9377
4968,立積,17,7,10,華南永昌-虎尾,2023-02-24,9377
00773B,中信優先金融債,10,0,10,華南永昌-虎尾,2023-02-24,9377
2610,華航,511,0,511,華南永昌-虎尾,2023-03-01,9377
00632R,元大台灣50反1,210,10,200,華南永昌-虎尾,2023-03-01,9377
2611,志信,180,0,180,華南永昌-虎尾,2023-03-01,9377
6770,力積電,88,4,84,華南永昌-虎尾,2023-03-01,9377
00878,國泰永續高股息,82,0,82,華南永昌-虎尾,2023-03-01,9377
8111,立��,64,2,62,華南永昌-虎尾,2023-03-01,9377
2327,國巨,51,0,51,華南永昌-虎尾,2023-03-01,9377
2607,榮運,45,0,45,華南永昌-虎尾,2023-03-01,9377
2002,中鋼,42,1,41,華南永昌-虎尾,2023-03-01,9377
2399,映泰,40,0,40,華南永昌-虎尾,2023-03-01,9377
2367,燿華,30,0,30,華南永昌-虎尾,2023-03-01,9377
5864,致和證,30,0,30,華南永昌-虎尾,2023-03-01,9377
4915,致伸,30,1,29,華南永昌-虎尾,2023-03-01,9377
5464,霖宏,30,1,29,華南永昌-虎尾,2023-03-01,9377
6282,康舒,43,14,29,華南永昌-虎尾,2023-03-01,9377
1102,亞泥,28,0,28,華南永昌-虎尾,2023-03-01,9377
0056,元大高股息,40,12,28,華南永昌-虎尾,2023-03-01,9377
00655L,國泰中國A50正2,39,13,26,華南永昌-虎尾,2023-03-01,9377
2867,三商壽,40,16,24,華南永昌-虎尾,2023-03-01,9377
6841,長佳智能,26,3,23,華南永昌-虎尾,2023-03-01,9377
1216,統一,20,0,20,華南永昌-虎尾,2023-03-01,9377
1731,美吾華,20,0,20,華南永昌-虎尾,2023-03-01,9377
4157,太景*-KY,40,20,20,華南永昌-虎尾,2023-03-01,9377
4142,國光生,20,1,19,華南永昌-虎尾,2023-03-01,9377
3714,富采,17,0,17,華南永昌-虎尾,2023-03-01,9377
2498,宏達電,77,61,16,華南永昌-虎尾,2023-03-01,9377
2618,長榮航,22,6,16,華南永昌-虎尾,2023-03-01,9377
3708,上緯投控,16,0,16,華南永昌-虎尾,2023-03-01,9377
8150,南茂,52,36,16,華南永昌-虎尾,2023-03-01,9377
2606,裕民,31,16,15,華南永昌-虎尾,2023-03-01,9377
1626,艾美特-KY,15,0,15,華南永昌-虎尾,2023-03-01,9377
2014,中鴻,17,3,14,華南永昌-虎尾,2023-03-01,9377
3673,TPK-KY,14,0,14,華南永昌-虎尾,2023-03-01,9377
4904,遠傳,14,0,14,華南永昌-虎尾,2023-03-01,9377
5388,中磊,14,0,14,華南永昌-虎尾,2023-03-01,9377
3035,智原,14,0,14,華南永昌-虎尾,2023-03-01,9377
1615,大山,14,0,14,華南永昌-虎尾,2023-03-01,9377
2332,友訊,13,0,13,華南永昌-虎尾,2023-03-01,9377
2305,全友,13,0,13,華南永昌-虎尾,2023-03-01,9377
2388,威盛,16,4,12,華南永昌-虎尾,2023-03-01,9377
2458,義隆,12,0,12,華南永昌-虎尾,2023-03-01,9377
2617,台航,12,0,12,華南永昌-虎尾,2023-03-01,9377
2890,永豐金,11,0,11,華南永昌-虎尾,2023-03-01,9377
1503,士電,11,0,11,華南永昌-虎尾,2023-03-01,9377
6456,GIS-KY,11,0,11,華南永昌-虎尾,2023-03-01,9377
2883,凱基金,15,5,10,華南永昌-虎尾,2023-03-01,9377
00902,中信電池及儲能,10,0,10,華南永昌-虎尾,2023-03-01,9377
5371,中光電,10,0,10,華南永昌-虎尾,2023-03-01,9377
5512,力麒,12,2,10,華南永昌-虎尾,2023-03-01,9377
1305,華夏,10,0,10,華南永昌-虎尾,2023-03-01,9377
2610,華航,508,5,503,華南永昌-虎尾,2023-03-02,9377
5009,榮剛,205,20,185,華南永昌-虎尾,2023-03-02,9377
00878,國泰永續高股息,148,3,145,華南永昌-虎尾,2023-03-02,9377
1101,台泥,94,7,87,華南永昌-虎尾,2023-03-02,9377
2618,長榮航,60,1,59,華南永昌-虎尾,2023-03-02,9377
3236,千如,55,0,55,華南永昌-虎尾,2023-03-02,9377
2834,臺企銀,45,3,42,華南永昌-虎尾,2023-03-02,9377
2489,瑞軒,60,20,40,華南永昌-虎尾,2023-03-02,9377
2637,慧洋-KY,45,9,36,華南永昌-虎尾,2023-03-02,9377
2867,三商壽,35,0,35,華南永昌-虎尾,2023-03-02,9377
2605,新興,36,3,33,華南永昌-虎尾,2023-03-02,9377
6841,長佳智能,33,0,33,華南永昌-虎尾,2023-03-02,9377
2498,宏達電,70,41,29,華南永昌-虎尾,2023-03-02,9377
2332,友訊,22,1,21,華南永昌-虎尾,2023-03-02,9377
4739,康普,21,0,21,華南永昌-虎尾,2023-03-02,9377
00671R,富邦NASDAQ反1,20,0,20,華南永昌-虎尾,2023-03-02,9377
2883,凱基金,18,0,18,華南永昌-虎尾,2023-03-02,9377
2352,佳世達,18,0,18,華南永昌-虎尾,2023-03-02,9377
2453,凌群,18,0,18,華南永昌-虎尾,2023-03-02,9377
3047,訊舟,18,0,18,華南永昌-虎尾,2023-03-02,9377
2388,威盛,21,3,18,華南永昌-虎尾,2023-03-02,9377
6578,達邦蛋白,17,0,17,華南永昌-虎尾,2023-03-02,9377
2634,漢翔,16,0,16,華南永昌-虎尾,2023-03-02,9377
2884,玉山金,16,1,15,華南永昌-虎尾,2023-03-02,9377
1218,泰山,20,5,15,華南永昌-虎尾,2023-03-02,9377
00738U,期元大道瓊白銀,15,0,15,華南永昌-虎尾,2023-03-02,9377
6231,系微,15,0,15,華南永昌-虎尾,2023-03-02,9377
6672,騰輝電子-KY,15,0,15,華南永昌-虎尾,2023-03-02,9377
2607,榮運,24,10,14,華南永昌-虎尾,2023-03-02,9377
6125,廣運,13,0,13,華南永昌-虎尾,2023-03-02,9377
5608,四維航,42,30,12,華南永昌-虎尾,2023-03-02,9377
00713,元大台灣高息低波,11,0,11,華南永昌-虎尾,2023-03-02,9377
00902,中信電池及儲能,11,0,11,華南永昌-虎尾,2023-03-02,9377
1709,和益,11,0,11,華南永昌-虎尾,2023-03-02,9377
2890,永豐金,11,0,11,華南永昌-虎尾,2023-03-02,9377
4904,遠傳,20,9,11,華南永昌-虎尾,2023-03-02,9377
2886,兆豐金,12,1,11,華南永昌-虎尾,2023-03-02,9377
00680L,元大美債20正2,10,0,10,華南永昌-虎尾,2023-03-02,9377
00773B,中信優先金融債,10,0,10,華南永昌-虎尾,2023-03-02,9377
2376,技嘉,10,0,10,華南永昌-虎尾,2023-03-02,9377
2390,云辰,10,0,10,華南永昌-虎尾,2023-03-02,9377
2402,毅嘉,10,0,10,華南永昌-虎尾,2023-03-02,9377
2476,鉅祥,10,0,10,華南永昌-虎尾,2023-03-02,9377
2929,淘帝-KY,10,0,10,華南永昌-虎尾,2023-03-02,9377
6168,宏齊,10,0,10,華南永昌-虎尾,2023-03-02,9377
6732,昇佳電子,11,1,10,華南永昌-虎尾,2023-03-02,9377
8049,晶采,10,0,10,華南永昌-虎尾,2023-03-02,9377
8926,台汽電,10,0,10,華南永昌-虎尾,2023-03-02,9377
2014,中鴻,10,1,9,華南永昌-虎尾,2023-03-02,9377
2363,矽統,30,21,9,華南永昌-虎尾,2023-03-02,9377
2609,陽明,184,39,145,華南永昌-虎尾,2023-03-03,9377
4915,致伸,55,3,52,華南永昌-虎尾,2023-03-03,9377
2888,新光金,51,1,50,華南永昌-虎尾,2023-03-03,9377
1701,中化,52,2,50,華南永昌-虎尾,2023-03-03,9377
00901,永豐智能車供應鏈,50,0,50,華南永昌-虎尾,2023-03-03,9377
2897,王道銀行,50,0,50,華南永昌-虎尾,2023-03-03,9377
6116,彩晶,77,33,44,華南永昌-虎尾,2023-03-03,9377
2208,台船,53,10,43,華南永昌-虎尾,2023-03-03,9377
2337,旺宏,61,22,39,華南永昌-虎尾,2023-03-03,9377
00688L,國泰20年美債正2,36,0,36,華南永昌-虎尾,2023-03-03,9377
2618,長榮航,55,20,35,華南永昌-虎尾,2023-03-03,9377
00713,元大台灣高息低波,29,0,29,華南永昌-虎尾,2023-03-03,9377
8150,南茂,31,2,29,華南永昌-虎尾,2023-03-03,9377
2641,正德,32,10,22,華南永昌-虎尾,2023-03-03,9377
8110,華東,24,2,22,華南永昌-虎尾,2023-03-03,9377
5426,振發,19,0,19,華南永昌-虎尾,2023-03-03,9377
1210,大成,22,4,18,華南永昌-虎尾,2023-03-03,9377
2359,所羅門,19,1,18,華南永昌-虎尾,2023-03-03,9377
1101,台泥,18,1,17,華南永昌-虎尾,2023-03-03,9377
3481,群創,79,63,16,華南永昌-虎尾,2023-03-03,9377
1218,泰山,16,0,16,華南永昌-虎尾,2023-03-03,9377
2308,台達電,15,0,15,華南永昌-虎尾,2023-03-03,9377
3037,欣興,31,17,14,華南永昌-虎尾,2023-03-03,9377
5608,四維航,40,26,14,華南永昌-虎尾,2023-03-03,9377
6219,富旺,14,0,14,華南永昌-虎尾,2023-03-03,9377
6288,聯嘉,14,0,14,華南永昌-虎尾,2023-03-03,9377
8033,雷虎,22,8,14,華南永昌-虎尾,2023-03-03,9377
4121,優盛,14,1,13,華南永昌-虎尾,2023-03-03,9377
3312,弘憶股,12,0,12,華南永昌-虎尾,2023-03-03,9377
4961,天鈺,14,2,12,華南永昌-虎尾,2023-03-03,9377
2402,毅嘉,11,0,11,華南永昌-虎尾,2023-03-03,9377
3016,嘉晶,14,3,11,華南永昌-虎尾,2023-03-03,9377
5340,建榮,12,1,11,華南永昌-虎尾,2023-03-03,9377
6005,群益證,11,0,11,華南永昌-虎尾,2023-03-03,9377
2349,錸德,10,0,10,華南永昌-虎尾,2023-03-03,9377
2399,映泰,10,0,10,華南永昌-虎尾,2023-03-03,9377
2465,麗臺,10,0,10,華南永昌-虎尾,2023-03-03,9377
3221,台嘉碩,10,0,10,華南永昌-虎尾,2023-03-03,9377
3252,海灣,10,0,10,華南永昌-虎尾,2023-03-03,9377
6443,元晶,12,2,10,華南永昌-虎尾,2023-03-03,9377
3406,玉晶光,15,5,10,華南永昌-虎尾,2023-03-03,9377
3576,聯合再生,10,1,9,華南永昌-虎尾,2023-03-03,9377
8111,立��,9,0,9,華南永昌-虎尾,2023-03-03,9377
1615,大山,9,0,9,華南永昌-虎尾,2023-03-03,9377
3081,聯亞,12,3,9,華南永昌-虎尾,2023-03-03,9377
4157,太景*-KY,10,1,9,華南永昌-虎尾,2023-03-03,9377
6282,康舒,9,1,8,華南永昌-虎尾,2023-03-03,9377
2038,海光,8,0,8,華南永昌-虎尾,2023-03-03,9377
2615,萬海,8,1,7,華南永昌-虎尾,2023-03-03,9377
2845,遠東銀,7,0,7,華南永昌-虎尾,2023-03-03,9377
3481,群創,1056,104,952,華南永昌-虎尾,2023-03-06,9377
00632R,元大台灣50反1,252,100,152,華南永昌-虎尾,2023-03-06,9377
6175,立敦,53,0,53,華南永昌-虎尾,2023-03-06,9377
6290,良維,41,0,41,華南永昌-虎尾,2023-03-06,9377
00713,元大台灣高息低波,37,1,36,華南永昌-虎尾,2023-03-06,9377
2313,華通,45,13,32,華南永昌-虎尾,2023-03-06,9377
1314,中石化,32,1,31,華南永昌-虎尾,2023-03-06,9377
1201,味全,30,0,30,華南永昌-虎尾,2023-03-06,9377
5439,高技,30,1,29,華南永昌-虎尾,2023-03-06,9377
1605,華新,45,17,28,華南永昌-虎尾,2023-03-06,9377
2884,玉山金,27,0,27,華南永昌-虎尾,2023-03-06,9377
1210,大成,27,1,26,華南永昌-虎尾,2023-03-06,9377
6244,茂迪,30,5,25,華南永昌-虎尾,2023-03-06,9377
2890,永豐金,24,0,24,華南永昌-虎尾,2023-03-06,9377
2637,慧洋-KY,31,7,24,華南永昌-虎尾,2023-03-06,9377
9907,統一實,23,0,23,華南永昌-虎尾,2023-03-06,9377
2633,台灣高鐵,28,6,22,華南永昌-虎尾,2023-03-06,9377
1711,永光,35,15,20,華南永昌-虎尾,2023-03-06,9377
2406,國碩,35,15,20,華南永昌-虎尾,2023-03-06,9377
2506,太設,20,0,20,華南永昌-虎尾,2023-03-06,9377
3715,定穎投控,20,0,20,華南永昌-虎尾,2023-03-06,9377
2891,中信金,20,0,20,華南永昌-虎尾,2023-03-06,9377
8183,精星,20,1,19,華南永昌-虎尾,2023-03-06,9377
8227,巨有科技,20,1,19,華南永昌-虎尾,2023-03-06,9377
1220,台榮,20,2,18,華南永昌-虎尾,2023-03-06,9377
2607,榮運,33,15,18,華南永昌-虎尾,2023-03-06,9377
6231,系微,21,3,18,華南永昌-虎尾,2023-03-06,9377
3264,欣銓,23,6,17,華南永昌-虎尾,2023-03-06,9377
1219,福壽,17,0,17,華南永昌-虎尾,2023-03-06,9377
1712,興農,16,0,16,華南永昌-虎尾,2023-03-06,9377
3006,晶豪科,60,44,16,華南永昌-虎尾,2023-03-06,9377
2206,三陽工業,15,0,15,華南永昌-虎尾,2023-03-06,9377
2867,三商壽,15,0,15,華南永昌-虎尾,2023-03-06,9377
5011,久陽,15,0,15,華南永昌-虎尾,2023-03-06,9377
4915,致伸,16,2,14,華南永昌-虎尾,2023-03-06,9377
2455,全新,14,2,12,華南永昌-虎尾,2023-03-06,9377
2471,資通,13,1,12,華南永昌-虎尾,2023-03-06,9377
2363,矽統,26,15,11,華南永昌-虎尾,2023-03-06,9377
4979,華星光,27,16,11,華南永昌-虎尾,2023-03-06,9377
6213,聯茂,11,0,11,華南永昌-虎尾,2023-03-06,9377
6227,茂綸,11,0,11,華南永昌-虎尾,2023-03-06,9377
00655L,國泰中國A50正2,10,0,10,華南永昌-虎尾,2023-03-06,9377
00633L,富邦上証正2,17,7,10,華南永昌-虎尾,2023-03-06,9377
00688L,國泰20年美債正2,10,0,10,華南永昌-虎尾,2023-03-06,9377
2420,新巨,10,0,10,華南永昌-虎尾,2023-03-06,9377
2495,普安,10,0,10,華南永昌-虎尾,2023-03-06,9377
4417,金洲,10,0,10,華南永昌-虎尾,2023-03-06,9377
5522,遠雄,10,0,10,華南永昌-虎尾,2023-03-06,9377
6113,亞矽,10,0,10,華南永昌-虎尾,2023-03-06,9377
6288,聯嘉,10,0,10,華南永昌-虎尾,2023-03-06,9377
3481,群創,1043,56,987,華南永昌-虎尾,2023-03-07,9377
00673R,期元大S＆P原油反1,156,0,156,華南永昌-虎尾,2023-03-07,9377
2030,彰源,70,5,65,華南永昌-虎尾,2023-03-07,9377
2344,華邦電,56,5,51,華南永昌-虎尾,2023-03-07,9377
8183,精星,40,0,40,華南永昌-虎尾,2023-03-07,9377
00900,富邦特選高股息30,34,0,34,華南永昌-虎尾,2023-03-07,9377
6290,良維,33,0,33,華南永昌-虎尾,2023-03-07,9377
1218,泰山,30,0,30,華南永昌-虎尾,2023-03-07,9377
1710,東聯,31,1,30,華南永昌-虎尾,2023-03-07,9377
3706,神達,30,0,30,華南永昌-虎尾,2023-03-07,9377
6282,康舒,35,8,27,華南永昌-虎尾,2023-03-07,9377
1609,大亞,48,21,27,華南永昌-虎尾,2023-03-07,9377
5608,四維航,24,0,24,華南永昌-虎尾,2023-03-07,9377
2241,艾姆勒,23,0,23,華南永昌-虎尾,2023-03-07,9377
5512,力麒,26,4,22,華南永昌-虎尾,2023-03-07,9377
3673,TPK-KY,34,12,22,華南永昌-虎尾,2023-03-07,9377
1455,集盛,21,0,21,華南永昌-虎尾,2023-03-07,9377
1718,中纖,30,9,21,華南永昌-虎尾,2023-03-07,9377
9907,統一實,22,1,21,華南永昌-虎尾,2023-03-07,9377
1524,耿鼎,20,0,20,華南永昌-虎尾,2023-03-07,9377
2034,允強,20,0,20,華南永昌-虎尾,2023-03-07,9377
4915,致伸,21,1,20,華南永昌-虎尾,2023-03-07,9377
6231,系微,29,11,18,華南永昌-虎尾,2023-03-07,9377
3037,欣興,18,1,17,華南永昌-虎尾,2023-03-07,9377
8049,晶采,16,0,16,華南永昌-虎尾,2023-03-07,9377
3264,欣銓,40,25,15,華南永昌-虎尾,2023-03-07,9377
3029,零壹,26,12,14,華南永昌-虎尾,2023-03-07,9377
2352,佳世達,15,1,14,華南永昌-虎尾,2023-03-07,9377
8096,擎亞,14,0,14,華南永昌-虎尾,2023-03-07,9377
4164,承業醫,18,5,13,華南永昌-虎尾,2023-03-07,9377
1101,台泥,13,1,12,華南永昌-虎尾,2023-03-07,9377
2641,正德,12,0,12,華南永昌-虎尾,2023-03-07,9377
1615,大山,12,0,12,華南永昌-虎尾,2023-03-07,9377
1319,東陽,11,0,11,華南永昌-虎尾,2023-03-07,9377
2882,國泰金,12,1,11,華南永昌-虎尾,2023-03-07,9377
4931,新盛力,11,0,11,華南永昌-虎尾,2023-03-07,9377
00915,凱基優選高股息30,10,0,10,華南永昌-虎尾,2023-03-07,9377
00669R,國泰美國道瓊反1,10,0,10,華南永昌-虎尾,2023-03-07,9377
00885,富邦越南,10,0,10,華南永昌-虎尾,2023-03-07,9377
4128,中天,10,0,10,華南永昌-虎尾,2023-03-07,9377
4994,傳奇,10,0,10,華南永昌-虎尾,2023-03-07,9377
5243,乙盛-KY,10,0,10,華南永昌-虎尾,2023-03-07,9377
5315,光聯,10,0,10,華南永昌-虎尾,2023-03-07,9377
8131,福懋科,10,0,10,華南永昌-虎尾,2023-03-07,9377
9802,鈺齊-KY,10,0,10,華南永昌-虎尾,2023-03-07,9377
00878,國泰永續高股息,15,6,9,華南永昌-虎尾,2023-03-07,9377
2402,毅嘉,11,2,9,華南永昌-虎尾,2023-03-07,9377
2886,兆豐金,9,0,9,華南永昌-虎尾,2023-03-07,9377
00650L,復華香港正2,8,0,8,華南永昌-虎尾,2023-03-07,9377
2323,中環,21,13,8,華南永昌-虎尾,2023-03-07,9377
00632R,元大台灣50反1,201,10,191,華南永昌-虎尾,2023-03-08,9377
00637L,元大滬深300正2,158,10,148,華南永昌-虎尾,2023-03-08,9377
8933,愛地雅,121,0,121,華南永昌-虎尾,2023-03-08,9377
2344,華邦電,130,27,103,華南永昌-虎尾,2023-03-08,9377
8111,立��,84,0,84,華南永昌-虎尾,2023-03-08,9377
00751B,元大AAA至A公司債,82,0,82,華南永昌-虎尾,2023-03-08,9377
3013,晟銘電,101,30,71,華南永昌-虎尾,2023-03-08,9377
9907,統一實,56,2,54,華南永昌-虎尾,2023-03-08,9377
2618,長榮航,71,22,49,華南永昌-虎尾,2023-03-08,9377
1101,台泥,54,5,49,華南永昌-虎尾,2023-03-08,9377
6244,茂迪,49,6,43,華南永昌-虎尾,2023-03-08,9377
3231,緯創,50,7,43,華南永昌-虎尾,2023-03-08,9377
00715L,期街口布蘭特正2,38,0,38,華南永昌-虎尾,2023-03-08,9377
2888,新光金,36,1,35,華南永昌-虎尾,2023-03-08,9377
3047,訊舟,40,5,35,華南永昌-虎尾,2023-03-08,9377
6217,中探針,32,0,32,華南永昌-虎尾,2023-03-08,9377
00897,富邦基因免疫生技,31,0,31,華南永昌-虎尾,2023-03-08,9377
0056,元大高股息,33,2,31,華南永昌-虎尾,2023-03-08,9377
8150,南茂,30,0,30,華南永昌-虎尾,2023-03-08,9377
00713,元大台灣高息低波,28,0,28,華南永昌-虎尾,2023-03-08,9377
2354,鴻準,32,5,27,華南永昌-虎尾,2023-03-08,9377
3706,神達,27,0,27,華南永昌-虎尾,2023-03-08,9377
5426,振發,26,0,26,華南永昌-虎尾,2023-03-08,9377
1102,亞泥,25,0,25,華南永昌-虎尾,2023-03-08,9377
2609,陽明,58,33,25,華南永昌-虎尾,2023-03-08,9377
5512,力麒,33,9,24,華南永昌-虎尾,2023-03-08,9377
5009,榮剛,28,5,23,華南永昌-虎尾,2023-03-08,9377
6205,詮欣,23,0,23,華南永昌-虎尾,2023-03-08,9377
3481,群創,41,18,23,華南永昌-虎尾,2023-03-08,9377
5439,高技,25,3,22,華南永昌-虎尾,2023-03-08,9377
2329,華泰,37,15,22,華南永昌-虎尾,2023-03-08,9377
2349,錸德,21,0,21,華南永昌-虎尾,2023-03-08,9377
00753L,中信中國50正2,19,0,19,華南永昌-虎尾,2023-03-08,9377
1701,中化,22,3,19,華南永昌-虎尾,2023-03-08,9377
2484,希華,19,1,18,華南永昌-虎尾,2023-03-08,9377
3362,先進光,26,10,16,華南永昌-虎尾,2023-03-08,9377
2637,慧洋-KY,21,6,15,華南永昌-虎尾,2023-03-08,9377
3022,威強電,33,20,13,華南永昌-虎尾,2023-03-08,9377
00633L,富邦上証正2,12,0,12,華南永昌-虎尾,2023-03-08,9377
1609,大亞,21,9,12,華南永昌-虎尾,2023-03-08,9377
8924,大田,12,0,12,華南永昌-虎尾,2023-03-08,9377
2201,裕隆,11,0,11,華南永昌-虎尾,2023-03-08,9377
2880,華南金,11,0,11,華南永昌-虎尾,2023-03-08,9377
1218,泰山,11,0,11,華南永昌-虎尾,2023-03-08,9377
2606,裕民,22,12,10,華南永昌-虎尾,2023-03-08,9377
3552,同致,13,3,10,華南永昌-虎尾,2023-03-08,9377
00738U,期元大道瓊白銀,10,0,10,華南永昌-虎尾,2023-03-08,9377
1605,華新,52,42,10,華南永昌-虎尾,2023-03-08,9377
2308,台達電,10,0,10,華南永昌-虎尾,2023-03-08,9377
3027,盛達,10,0,10,華南永昌-虎尾,2023-03-08,9377
6509,聚和,148,2,146,華南永昌-虎尾,2023-03-09,9377
2641,正德,161,25,136,華南永昌-虎尾,2023-03-09,9377
1409,新纖,135,3,132,華南永昌-虎尾,2023-03-09,9377
3481,群創,171,56,115,華南永昌-虎尾,2023-03-09,9377
00897,富邦基因免疫生技,70,0,70,華南永昌-虎尾,2023-03-09,9377
2610,華航,75,12,63,華南永昌-虎尾,2023-03-09,9377
00902,中信電池及儲能,50,0,50,華南永昌-虎尾,2023-03-09,9377
4904,遠傳,50,0,50,華南永昌-虎尾,2023-03-09,9377
2409,友達,58,11,47,華南永昌-虎尾,2023-03-09,9377
1609,大亞,67,26,41,華南永昌-虎尾,2023-03-09,9377
1615,大山,40,0,40,華南永昌-虎尾,2023-03-09,9377
4157,太景*-KY,50,12,38,華南永昌-虎尾,2023-03-09,9377
2634,漢翔,95,58,37,華南永昌-虎尾,2023-03-09,9377
1718,中纖,45,11,34,華南永昌-虎尾,2023-03-09,9377
2489,瑞軒,82,49,33,華南永昌-虎尾,2023-03-09,9377
3652,精聯,63,32,31,華南永昌-虎尾,2023-03-09,9377
9921,巨大,31,0,31,華南永昌-虎尾,2023-03-09,9377
6282,康舒,46,16,30,華南永昌-虎尾,2023-03-09,9377
1256,鮮活果汁-KY,27,0,27,華南永昌-虎尾,2023-03-09,9377
2317,鴻海,25,3,22,華南永昌-虎尾,2023-03-09,9377
2424,隴華,21,0,21,華南永昌-虎尾,2023-03-09,9377
00878,國泰永續高股息,22,1,21,華南永昌-虎尾,2023-03-09,9377
00632R,元大台灣50反1,20,0,20,華南永昌-虎尾,2023-03-09,9377
2354,鴻準,21,1,20,華南永昌-虎尾,2023-03-09,9377
3062,建漢,20,0,20,華南永昌-虎尾,2023-03-09,9377
6125,廣運,26,7,19,華南永昌-虎尾,2023-03-09,9377
1319,東陽,21,2,19,華南永昌-虎尾,2023-03-09,9377
3013,晟銘電,74,56,18,華南永昌-虎尾,2023-03-09,9377
2308,台達電,17,0,17,華南永昌-虎尾,2023-03-09,9377
5426,振發,17,0,17,華南永昌-虎尾,2023-03-09,9377
1584,精剛,18,2,16,華南永昌-虎尾,2023-03-09,9377
6679,鈺太,25,9,16,華南永昌-虎尾,2023-03-09,9377
1218,泰山,15,0,15,華南永昌-虎尾,2023-03-09,9377
1605,華新,23,8,15,華南永昌-虎尾,2023-03-09,9377
3576,聯合再生,15,0,15,華南永昌-虎尾,2023-03-09,9377
3673,TPK-KY,14,0,14,華南永昌-虎尾,2023-03-09,9377
6118,建達,19,5,14,華南永昌-虎尾,2023-03-09,9377
1303,南亞,13,0,13,華南永昌-虎尾,2023-03-09,9377
3308,聯德,13,0,13,華南永昌-虎尾,2023-03-09,9377
6116,彩晶,13,0,13,華南永昌-虎尾,2023-03-09,9377
3037,欣興,17,5,12,華南永昌-虎尾,2023-03-09,9377
8933,愛地雅,12,0,12,華南永昌-虎尾,2023-03-09,9377
0056,元大高股息,11,0,11,華南永昌-虎尾,2023-03-09,9377
1455,集盛,11,0,11,華南永昌-虎尾,2023-03-09,9377
2436,偉詮電,13,2,11,華南永昌-虎尾,2023-03-09,9377
4306,炎洲,11,0,11,華南永昌-虎尾,2023-03-09,9377
5315,光聯,12,1,11,華南永昌-虎尾,2023-03-09,9377
9958,世紀鋼,11,0,11,華南永昌-虎尾,2023-03-09,9377
2312,金寶,11,0,11,華南永昌-虎尾,2023-03-09,9377
2485,兆赫,10,0,10,華南永昌-虎尾,2023-03-09,9377
3481,群創,800,27,773,華南永昌-虎尾,2023-03-10,9377
9907,統一實,205,0,205,華南永昌-虎尾,2023-03-10,9377
2888,新光金,163,0,163,華南永昌-虎尾,2023-03-10,9377
00679B,元大美債20年,160,0,160,華南永昌-虎尾,2023-03-10,9377
3105,穩懋,140,0,140,華南永昌-虎尾,2023-03-10,9377
00878,國泰永續高股息,132,20,112,華南永昌-虎尾,2023-03-10,9377
2634,漢翔,98,4,94,華南永昌-虎尾,2023-03-10,9377
4157,太景*-KY,93,0,93,華南永昌-虎尾,2023-03-10,9377
2601,益航,100,8,92,華南永昌-虎尾,2023-03-10,9377
6488,環球晶,90,0,90,華南永昌-虎尾,2023-03-10,9377
2883,凱基金,82,14,68,華南永昌-虎尾,2023-03-10,9377
2371,大同,64,0,64,華南永昌-虎尾,2023-03-10,9377
2323,中環,60,0,60,華南永昌-虎尾,2023-03-10,9377
00923,群益台ESG低碳50,59,0,59,華南永昌-虎尾,2023-03-10,9377
2405,輔信,52,0,52,華南永昌-虎尾,2023-03-10,9377
5880,合庫金,53,2,51,華南永昌-虎尾,2023-03-10,9377
2327,國巨,51,0,51,華南永昌-虎尾,2023-03-10,9377
1605,華新,57,7,50,華南永昌-虎尾,2023-03-10,9377
00632R,元大台灣50反1,75,30,45,華南永昌-虎尾,2023-03-10,9377
2313,華通,63,19,44,華南永昌-虎尾,2023-03-10,9377
2610,華航,52,8,44,華南永昌-虎尾,2023-03-10,9377
2317,鴻海,41,1,40,華南永昌-虎尾,2023-03-10,9377
2344,華邦電,65,25,40,華南永昌-虎尾,2023-03-10,9377
6142,友勁,50,10,40,華南永昌-虎尾,2023-03-10,9377
3011,今皓,37,0,37,華南永昌-虎尾,2023-03-10,9377
5608,四維航,36,1,35,華南永昌-虎尾,2023-03-10,9377
5426,振發,34,0,34,華南永昌-虎尾,2023-03-10,9377
2367,燿華,33,0,33,華南永昌-虎尾,2023-03-10,9377
5469,瀚宇博,33,0,33,華南永昌-虎尾,2023-03-10,9377
2880,華南金,31,1,30,華南永昌-虎尾,2023-03-10,9377
3035,智原,38,8,30,華南永昌-虎尾,2023-03-10,9377
00897,富邦基因免疫生技,30,0,30,華南永昌-虎尾,2023-03-10,9377
3665,貿聯-KY,30,0,30,華南永昌-虎尾,2023-03-10,9377
2891,中信金,29,0,29,華南永昌-虎尾,2023-03-10,9377
8936,國統,30,2,28,華南永昌-虎尾,2023-03-10,9377
3712,永崴投控,28,1,27,華南永昌-虎尾,2023-03-10,9377
3706,神達,27,0,27,華南永昌-虎尾,2023-03-10,9377
6116,彩晶,32,5,27,華南永昌-虎尾,2023-03-10,9377
6180,橘子,26,0,26,華南永昌-虎尾,2023-03-10,9377
8069,元太,27,2,25,華南永昌-虎尾,2023-03-10,9377
2887,台新金,24,0,24,華南永昌-虎尾,2023-03-10,9377
2208,台船,23,0,23,華南永昌-虎尾,2023-03-10,9377
8110,華東,25,3,22,華南永昌-虎尾,2023-03-10,9377
00637L,元大滬深300正2,63,42,21,華南永昌-虎尾,2023-03-10,9377
00642U,期元大S＆P石油,21,0,21,華南永昌-虎尾,2023-03-10,9377
2812,台中銀,21,0,21,華南永昌-虎尾,2023-03-10,9377
3006,晶豪科,21,0,21,華南永昌-虎尾,2023-03-10,9377
4142,國光生,42,21,21,華南永昌-虎尾,2023-03-10,9377
2303,聯電,30,10,20,華南永昌-虎尾,2023-03-10,9377
2034,允強,20,0,20,華南永昌-虎尾,2023-03-10,9377
3481,群創,290,42,248,華南永昌-虎尾,2023-03-13,9377
00878,國泰永續高股息,210,13,197,華南永昌-虎尾,2023-03-13,9377
2634,漢翔,80,3,77,華南永昌-虎尾,2023-03-13,9377
2888,新光金,77,3,74,華南永昌-虎尾,2023-03-13,9377
1615,大山,71,0,71,華南永昌-虎尾,2023-03-13,9377
5469,瀚宇博,65,0,65,華南永昌-虎尾,2023-03-13,9377
3105,穩懋,63,0,63,華南永昌-虎尾,2023-03-13,9377
3236,千如,78,16,62,華南永昌-虎尾,2023-03-13,9377
00730,富邦臺灣優質高息,50,0,50,華南永昌-虎尾,2023-03-13,9377
2371,大同,48,0,48,華南永昌-虎尾,2023-03-13,9377
2312,金寶,52,5,47,華南永昌-虎尾,2023-03-13,9377
3673,TPK-KY,46,4,42,華南永昌-虎尾,2023-03-13,9377
2538,基泰,40,0,40,華南永昌-虎尾,2023-03-13,9377
2609,陽明,55,23,32,華南永昌-虎尾,2023-03-13,9377
3576,聯合再生,30,0,30,華南永昌-虎尾,2023-03-13,9377
3013,晟銘電,26,0,26,華南永昌-虎尾,2023-03-13,9377
00650L,復華香港正2,25,0,25,華南永昌-虎尾,2023-03-13,9377
2610,華航,26,1,25,華南永昌-虎尾,2023-03-13,9377
5426,振發,25,0,25,華南永昌-虎尾,2023-03-13,9377
00902,中信電池及儲能,24,0,24,華南永昌-虎尾,2023-03-13,9377
6547,高端疫苗,24,0,24,華南永昌-虎尾,2023-03-13,9377
6679,鈺太,30,6,24,華南永昌-虎尾,2023-03-13,9377
2313,華通,25,2,23,華南永昌-虎尾,2023-03-13,9377
00713,元大台灣高息低波,22,0,22,華南永昌-虎尾,2023-03-13,9377
1218,泰山,21,0,21,華南永昌-虎尾,2023-03-13,9377
6290,良維,22,1,21,華南永昌-虎尾,2023-03-13,9377
1584,精剛,21,1,20,華南永昌-虎尾,2023-03-13,9377
6244,茂迪,20,0,20,華南永昌-虎尾,2023-03-13,9377
8933,愛地雅,20,0,20,華南永昌-虎尾,2023-03-13,9377
3706,神達,26,7,19,華南永昌-虎尾,2023-03-13,9377
2880,華南金,20,1,19,華南永昌-虎尾,2023-03-13,9377
1101,台泥,18,0,18,華南永昌-虎尾,2023-03-13,9377
2241,艾姆勒,18,0,18,華南永昌-虎尾,2023-03-13,9377
2615,萬海,27,10,17,華南永昌-虎尾,2023-03-13,9377
2883,凱基金,17,0,17,華南永昌-虎尾,2023-03-13,9377
3029,零壹,25,9,16,華南永昌-虎尾,2023-03-13,9377
2489,瑞軒,87,72,15,華南永昌-虎尾,2023-03-13,9377
5351,鈺創,15,0,15,華南永昌-虎尾,2023-03-13,9377
1316,上曜,15,0,15,華南永昌-虎尾,2023-03-13,9377
2027,大成鋼,17,2,15,華南永昌-虎尾,2023-03-13,9377
3011,今皓,15,0,15,華南永昌-虎尾,2023-03-13,9377
8358,金居,15,0,15,華南永昌-虎尾,2023-03-13,9377
1519,華城,17,2,15,華南永昌-虎尾,2023-03-13,9377
6118,建達,14,0,14,華南永昌-虎尾,2023-03-13,9377
8227,巨有科技,15,1,14,華南永昌-虎尾,2023-03-13,9377
00712,復華富時不動產,13,0,13,華南永昌-虎尾,2023-03-13,9377
2812,台中銀,11,0,11,華南永昌-虎尾,2023-03-13,9377
2337,旺宏,16,5,11,華南永昌-虎尾,2023-03-13,9377
6488,環球晶,11,0,11,華南永昌-虎尾,2023-03-13,9377
1560,中砂,11,0,11,華南永昌-虎尾,2023-03-13,9377
3481,群創,535,39,496,華南永昌-虎尾,2023-03-14,9377
00878,國泰永續高股息,187,4,183,華南永昌-虎尾,2023-03-14,9377
6244,茂迪,88,6,82,華南永昌-虎尾,2023-03-14,9377
1101,台泥,81,5,76,華南永昌-虎尾,2023-03-14,9377
2610,華航,81,6,75,華南永昌-虎尾,2023-03-14,9377
2489,瑞軒,101,31,70,華南永昌-虎尾,2023-03-14,9377
2303,聯電,80,18,62,華南永昌-虎尾,2023-03-14,9377
00715L,期街口布蘭特正2,59,1,58,華南永昌-虎尾,2023-03-14,9377
2897,王道銀行,55,0,55,華南永昌-虎尾,2023-03-14,9377
2618,長榮航,78,40,38,華南永昌-虎尾,2023-03-14,9377
00712,復華富時不動產,36,0,36,華南永昌-虎尾,2023-03-14,9377
2609,陽明,64,28,36,華南永昌-虎尾,2023-03-14,9377
2883,凱基金,113,81,32,華南永昌-虎尾,2023-03-14,9377
3682,亞太電,31,0,31,華南永昌-虎尾,2023-03-14,9377
2103,台橡,30,0,30,華南永昌-虎尾,2023-03-14,9377
2834,臺企銀,48,21,27,華南永昌-虎尾,2023-03-14,9377
00642U,期元大S＆P石油,25,0,25,華南永昌-虎尾,2023-03-14,9377
2891,中信金,24,0,24,華南永昌-虎尾,2023-03-14,9377
3013,晟銘電,23,0,23,華南永昌-虎尾,2023-03-14,9377
00902,中信電池及儲能,22,0,22,華南永昌-虎尾,2023-03-14,9377
3231,緯創,23,1,22,華南永昌-虎尾,2023-03-14,9377
1409,新纖,20,0,20,華南永昌-虎尾,2023-03-14,9377
1460,宏遠,19,0,19,華南永昌-虎尾,2023-03-14,9377
3704,合勤控,20,1,19,華南永昌-虎尾,2023-03-14,9377
1615,大山,18,0,18,華南永昌-虎尾,2023-03-14,9377
2002,中鋼,17,0,17,華南永昌-虎尾,2023-03-14,9377
2880,華南金,22,5,17,華南永昌-虎尾,2023-03-14,9377
1605,華新,41,25,16,華南永昌-虎尾,2023-03-14,9377
2884,玉山金,27,11,16,華南永昌-虎尾,2023-03-14,9377
2457,飛宏,57,41,16,華南永昌-虎尾,2023-03-14,9377
1444,力麗,15,0,15,華南永昌-虎尾,2023-03-14,9377
2014,中鴻,15,0,15,華南永昌-虎尾,2023-03-14,9377
2539,櫻花建,15,0,15,華南永昌-虎尾,2023-03-14,9377
3236,千如,17,2,15,華南永昌-虎尾,2023-03-14,9377
5315,光聯,15,0,15,華南永昌-虎尾,2023-03-14,9377
2367,燿華,13,0,13,華南永昌-虎尾,2023-03-14,9377
6269,台郡,12,0,12,華南永昌-虎尾,2023-03-14,9377
00652,富邦印度,12,0,12,華南永昌-虎尾,2023-03-14,9377
1569,濱川,13,1,12,華南永昌-虎尾,2023-03-14,9377
2331,精英,12,0,12,華南永昌-虎尾,2023-03-14,9377
6275,元山,12,0,12,華南永昌-虎尾,2023-03-14,9377
8936,國統,12,1,11,華南永昌-虎尾,2023-03-14,9377
1339,昭輝,16,5,11,華南永昌-虎尾,2023-03-14,9377
3209,全科,11,0,11,華南永昌-虎尾,2023-03-14,9377
3230,錦明,11,0,11,華南永昌-虎尾,2023-03-14,9377
3711,日月光投控,11,0,11,華南永昌-虎尾,2023-03-14,9377
2409,友達,10,0,10,華南永昌-虎尾,2023-03-14,9377
020032,元大綠能N,10,0,10,華南永昌-虎尾,2023-03-14,9377
00773B,中信優先金融債,10,0,10,華南永昌-虎尾,2023-03-14,9377
1467,南緯,10,0,10,華南永昌-虎尾,2023-03-14,9377
00715L,期街口布蘭特正2,400,0,400,華南永昌-虎尾,2023-03-15,9377
2618,長榮航,89,7,82,華南永昌-虎尾,2023-03-15,9377
8933,愛地雅,64,0,64,華南永昌-虎尾,2023-03-15,9377
1504,東元,92,32,60,華南永昌-虎尾,2023-03-15,9377
2603,長榮,93,40,53,華南永昌-虎尾,2023-03-15,9377
3481,群創,54,10,44,華南永昌-虎尾,2023-03-15,9377
3682,亞太電,39,0,39,華南永昌-虎尾,2023-03-15,9377
2888,新光金,104,67,37,華南永昌-虎尾,2023-03-15,9377
1460,宏遠,36,0,36,華南永昌-虎尾,2023-03-15,9377
00902,中信電池及儲能,35,0,35,華南永昌-虎尾,2023-03-15,9377
2484,希華,30,0,30,華南永昌-虎尾,2023-03-15,9377
5302,太欣,30,0,30,華南永昌-虎尾,2023-03-15,9377
2201,裕隆,47,18,29,華南永昌-虎尾,2023-03-15,9377
2359,所羅門,31,4,27,華南永昌-虎尾,2023-03-15,9377
3027,盛達,33,8,25,華南永昌-虎尾,2023-03-15,9377
2421,建準,40,16,24,華南永昌-虎尾,2023-03-15,9377
8111,立��,24,0,24,華南永昌-虎尾,2023-03-15,9377
8222,寶一,27,4,23,華南永昌-虎尾,2023-03-15,9377
2845,遠東銀,22,0,22,華南永昌-虎尾,2023-03-15,9377
6244,茂迪,37,15,22,華南永昌-虎尾,2023-03-15,9377
2206,三陽工業,21,0,21,華南永昌-虎尾,2023-03-15,9377
2812,台中銀,21,0,21,華南永昌-虎尾,2023-03-15,9377
2609,陽明,68,48,20,華南永昌-虎尾,2023-03-15,9377
4536,拓凱,20,0,20,華南永昌-虎尾,2023-03-15,9377
2486,一詮,22,2,20,華南永昌-虎尾,2023-03-15,9377
4916,事欣科,20,0,20,華南永昌-虎尾,2023-03-15,9377
5426,振發,20,0,20,華南永昌-虎尾,2023-03-15,9377
2880,華南金,20,2,18,華南永昌-虎尾,2023-03-15,9377
1314,中石化,23,6,17,華南永昌-虎尾,2023-03-15,9377
2834,臺企銀,27,10,17,華南永昌-虎尾,2023-03-15,9377
5880,合庫金,16,0,16,華南永昌-虎尾,2023-03-15,9377
2886,兆豐金,15,0,15,華南永昌-虎尾,2023-03-15,9377
6841,長佳智能,15,0,15,華南永昌-虎尾,2023-03-15,9377
1453,大將,14,0,14,華南永昌-虎尾,2023-03-15,9377
2915,潤泰全,16,2,14,華南永昌-虎尾,2023-03-15,9377
2313,華通,15,1,14,華南永昌-虎尾,2023-03-15,9377
2630,亞航,13,0,13,華南永昌-虎尾,2023-03-15,9377
2636,台驊控股,13,0,13,華南永昌-虎尾,2023-03-15,9377
6116,彩晶,12,0,12,華南永昌-虎尾,2023-03-15,9377
6122,擎邦,15,3,12,華南永昌-虎尾,2023-03-15,9377
00679B,元大美債20年,10,0,10,華南永昌-虎尾,2023-03-15,9377
00642U,期元大S＆P石油,10,0,10,華南永昌-虎尾,2023-03-15,9377
2104,國際中橡,10,0,10,華南永昌-虎尾,2023-03-15,9377
2801,彰銀,10,0,10,華南永昌-虎尾,2023-03-15,9377
3024,憶聲,10,0,10,華南永昌-虎尾,2023-03-15,9377
3046,建��,33,23,10,華南永昌-虎尾,2023-03-15,9377
3209,全科,12,2,10,華南永昌-虎尾,2023-03-15,9377
4953,緯軟,10,0,10,華南永昌-虎尾,2023-03-15,9377
4958,臻鼎-KY,10,0,10,華南永昌-虎尾,2023-03-15,9377
9103,美德醫療-DR,10,0,10,華南永昌-虎尾,2023-03-15,9377
00676R,富邦臺灣加權反1,213,0,213,華南永昌-虎尾,2023-03-16,9377
2834,臺企銀,297,132,165,華南永昌-虎尾,2023-03-16,9377
00715L,期街口布蘭特正2,233,81,152,華南永昌-虎尾,2023-03-16,9377
2888,新光金,120,1,119,華南永昌-虎尾,2023-03-16,9377
2867,三商壽,110,0,110,華南永昌-虎尾,2023-03-16,9377
00878,國泰永續高股息,79,5,74,華南永昌-虎尾,2023-03-16,9377
6125,廣運,54,0,54,華南永昌-虎尾,2023-03-16,9377
6282,康舒,108,55,53,華南永昌-虎尾,2023-03-16,9377
1615,大山,52,0,52,華南永昌-虎尾,2023-03-16,9377
3038,全台,50,0,50,華南永昌-虎尾,2023-03-16,9377
6142,友勁,50,0,50,華南永昌-虎尾,2023-03-16,9377
00713,元大台灣高息低波,44,0,44,華南永昌-虎尾,2023-03-16,9377
3236,千如,80,36,44,華南永昌-虎尾,2023-03-16,9377
1453,大將,37,0,37,華南永昌-虎尾,2023-03-16,9377
5426,振發,37,0,37,華南永昌-虎尾,2023-03-16,9377
2603,長榮,42,6,36,華南永昌-虎尾,2023-03-16,9377
2634,漢翔,33,1,32,華南永昌-虎尾,2023-03-16,9377
1465,偉全,30,0,30,華南永昌-虎尾,2023-03-16,9377
2492,華新科,33,3,30,華南永昌-虎尾,2023-03-16,9377
4157,太景*-KY,40,10,30,華南永昌-虎尾,2023-03-16,9377
2880,華南金,35,6,29,華南永昌-虎尾,2023-03-16,9377
2636,台驊控股,34,6,28,華南永昌-虎尾,2023-03-16,9377
2883,凱基金,30,5,25,華南永昌-虎尾,2023-03-16,9377
2609,陽明,47,24,23,華南永昌-虎尾,2023-03-16,9377
1611,中電,63,40,23,華南永昌-虎尾,2023-03-16,9377
2388,威盛,56,34,22,華南永昌-虎尾,2023-03-16,9377
4934,太極,23,3,20,華南永昌-虎尾,2023-03-16,9377
00752,中信中國50,20,0,20,華南永昌-虎尾,2023-03-16,9377
2412,中華電,20,0,20,華南永昌-虎尾,2023-03-16,9377
4739,康普,20,0,20,華南永昌-虎尾,2023-03-16,9377
6456,GIS-KY,20,0,20,華南永昌-虎尾,2023-03-16,9377
2352,佳世達,18,0,18,華南永昌-虎尾,2023-03-16,9377
2367,燿華,18,0,18,華南永昌-虎尾,2023-03-16,9377
1605,華新,27,9,18,華南永昌-虎尾,2023-03-16,9377
2618,長榮航,19,2,17,華南永昌-虎尾,2023-03-16,9377
1785,光洋科,19,2,17,華南永昌-虎尾,2023-03-16,9377
2344,華邦電,28,11,17,華南永昌-虎尾,2023-03-16,9377
5880,合庫金,20,5,15,華南永昌-虎尾,2023-03-16,9377
2313,華通,15,0,15,華南永昌-虎尾,2023-03-16,9377
2615,萬海,28,14,14,華南永昌-虎尾,2023-03-16,9377
00902,中信電池及儲能,14,0,14,華南永昌-虎尾,2023-03-16,9377
1513,中興電,24,10,14,華南永昌-虎尾,2023-03-16,9377
5425,台半,21,7,14,華南永昌-虎尾,2023-03-16,9377
8103,瀚荃,14,0,14,華南永昌-虎尾,2023-03-16,9377
9919,康那香,14,0,14,華南永昌-虎尾,2023-03-16,9377
6672,騰輝電子-KY,13,0,13,華南永昌-虎尾,2023-03-16,9377
8936,國統,14,1,13,華南永昌-虎尾,2023-03-16,9377
2812,台中銀,12,0,12,華南永昌-虎尾,2023-03-16,9377
3056,富華新,24,12,12,華南永昌-虎尾,2023-03-16,9377
1584,精剛,12,0,12,華南永昌-虎尾,2023-03-16,9377
2867,三商壽,111,0,111,華南永昌-虎尾,2023-03-17,9377
6770,力積電,101,6,95,華南永昌-虎尾,2023-03-17,9377
00637L,元大滬深300正2,141,60,81,華南永昌-虎尾,2023-03-17,9377
00712,復華富時不動產,80,5,75,華南永昌-虎尾,2023-03-17,9377
4979,華星光,71,1,70,華南永昌-虎尾,2023-03-17,9377
2884,玉山金,63,0,63,華南永昌-虎尾,2023-03-17,9377
2618,長榮航,61,0,61,華南永昌-虎尾,2023-03-17,9377
8111,立��,53,0,53,華南永昌-虎尾,2023-03-17,9377
00715L,期街口布蘭特正2,107,55,52,華南永昌-虎尾,2023-03-17,9377
00830,國泰費城半導體,52,2,50,華南永昌-虎尾,2023-03-17,9377
00902,中信電池及儲能,47,0,47,華南永昌-虎尾,2023-03-17,9377
2362,藍天,40,0,40,華南永昌-虎尾,2023-03-17,9377
2845,遠東銀,40,0,40,華南永昌-虎尾,2023-03-17,9377
6244,茂迪,51,14,37,華南永昌-虎尾,2023-03-17,9377
1609,大亞,42,8,34,華南永昌-虎尾,2023-03-17,9377
00772B,中信高評級公司債,30,0,30,華南永昌-虎尾,2023-03-17,9377
3035,智原,55,27,28,華南永昌-虎尾,2023-03-17,9377
3682,亞太電,25,0,25,華南永昌-虎尾,2023-03-17,9377
2891,中信金,22,0,22,華南永昌-虎尾,2023-03-17,9377
00680L,元大美債20正2,22,0,22,華南永昌-虎尾,2023-03-17,9377
2610,華航,26,4,22,華南永昌-虎尾,2023-03-17,9377
1615,大山,21,0,21,華南永昌-虎尾,2023-03-17,9377
2892,第一金,21,0,21,華南永昌-虎尾,2023-03-17,9377
8183,精星,21,0,21,華南永昌-虎尾,2023-03-17,9377
2356,英業達,21,1,20,華南永昌-虎尾,2023-03-17,9377
00671R,富邦NASDAQ反1,20,0,20,華南永昌-虎尾,2023-03-17,9377
5880,合庫金,28,10,18,華南永昌-虎尾,2023-03-17,9377
1533,車王電,17,0,17,華南永昌-虎尾,2023-03-17,9377
2880,華南金,17,1,16,華南永昌-虎尾,2023-03-17,9377
6163,華電網,16,1,15,華南永昌-虎尾,2023-03-17,9377
4915,致伸,14,0,14,華南永昌-虎尾,2023-03-17,9377
5534,長虹,14,0,14,華南永昌-虎尾,2023-03-17,9377
6443,元晶,43,29,14,華南永昌-虎尾,2023-03-17,9377
2409,友達,15,1,14,華南永昌-虎尾,2023-03-17,9377
2834,臺企銀,21,7,14,華南永昌-虎尾,2023-03-17,9377
00878,國泰永續高股息,13,0,13,華南永昌-虎尾,2023-03-17,9377
2883,凱基金,14,1,13,華南永昌-虎尾,2023-03-17,9377
00679B,元大美債20年,14,1,13,華南永昌-虎尾,2023-03-17,9377
2305,全友,13,0,13,華南永昌-虎尾,2023-03-17,9377
2455,全新,17,4,13,華南永昌-虎尾,2023-03-17,9377
3532,台勝科,14,1,13,華南永昌-虎尾,2023-03-17,9377
1904,正隆,12,0,12,華南永昌-虎尾,2023-03-17,9377
2338,光罩,21,9,12,華南永昌-虎尾,2023-03-17,9377
1504,東元,15,3,12,華南永昌-虎尾,2023-03-17,9377
2812,台中銀,12,0,12,華南永昌-虎尾,2023-03-17,9377
2014,中鴻,15,4,11,華南永昌-虎尾,2023-03-17,9377
2323,中環,21,10,11,華南永昌-虎尾,2023-03-17,9377
1708,東鹼,11,0,11,華南永昌-虎尾,2023-03-17,9377
1714,和桐,11,0,11,華南永昌-虎尾,2023-03-17,9377
4934,太極,12,1,11,華南永昌-虎尾,2023-03-17,9377
00715L,期街口布蘭特正2,246,6,240,華南永昌-虎尾,2023-03-20,9377
6244,茂迪,83,15,68,華南永昌-虎尾,2023-03-20,9377
00878,國泰永續高股息,57,0,57,華南永昌-虎尾,2023-03-20,9377
2636,台驊控股,56,0,56,華南永昌-虎尾,2023-03-20,9377
2323,中環,50,0,50,華南永昌-虎尾,2023-03-20,9377
6843,進典,49,0,49,華南永昌-虎尾,2023-03-20,9377
2890,永豐金,54,10,44,華南永昌-虎尾,2023-03-20,9377
00680L,元大美債20正2,45,4,41,華南永昌-虎尾,2023-03-20,9377
00637L,元大滬深300正2,79,42,37,華南永昌-虎尾,2023-03-20,9377
2328,廣宇,30,0,30,華南永昌-虎尾,2023-03-20,9377
3576,聯合再生,77,47,30,華南永昌-虎尾,2023-03-20,9377
4979,華星光,34,7,27,華南永昌-虎尾,2023-03-20,9377
00712,復華富時不動產,26,0,26,華南永昌-虎尾,2023-03-20,9377
00753L,中信中國50正2,24,0,24,華南永昌-虎尾,2023-03-20,9377
2883,凱基金,25,1,24,華南永昌-虎尾,2023-03-20,9377
5203,訊連,29,5,24,華南永昌-虎尾,2023-03-20,9377
2449,京元電子,35,11,24,華南永昌-虎尾,2023-03-20,9377
3035,智原,31,8,23,華南永昌-虎尾,2023-03-20,9377
2206,三陽工業,21,0,21,華南永昌-虎尾,2023-03-20,9377
3631,晟楠,21,0,21,華南永昌-虎尾,2023-03-20,9377
1618,合機,30,10,20,華南永昌-虎尾,2023-03-20,9377
5009,榮剛,19,1,18,華南永昌-虎尾,2023-03-20,9377
1584,精剛,16,0,16,華南永昌-虎尾,2023-03-20,9377
1102,亞泥,15,0,15,華南永昌-虎尾,2023-03-20,9377
6191,精成科,20,5,15,華南永昌-虎尾,2023-03-20,9377
8110,華東,15,0,15,華南永昌-虎尾,2023-03-20,9377
00633L,富邦上証正2,14,0,14,華南永昌-虎尾,2023-03-20,9377
2880,華南金,16,3,13,華南永昌-虎尾,2023-03-20,9377
2605,新興,13,0,13,華南永昌-虎尾,2023-03-20,9377
5488,松普,15,2,13,華南永昌-虎尾,2023-03-20,9377
3481,群創,12,1,11,華南永昌-虎尾,2023-03-20,9377
00642U,期元大S＆P石油,12,1,11,華南永昌-虎尾,2023-03-20,9377
1522,堤維西,29,18,11,華南永昌-虎尾,2023-03-20,9377
2230,泰茂,12,1,11,華南永昌-虎尾,2023-03-20,9377
2801,彰銀,11,0,11,華南永昌-虎尾,2023-03-20,9377
00752,中信中國50,10,0,10,華南永昌-虎尾,2023-03-20,9377
2034,允強,10,0,10,華南永昌-虎尾,2023-03-20,9377
4995,晶達,10,0,10,華南永昌-虎尾,2023-03-20,9377
5508,永信建,10,0,10,華南永昌-虎尾,2023-03-20,9377
5522,遠雄,10,0,10,華南永昌-虎尾,2023-03-20,9377
5608,四維航,11,1,10,華南永昌-虎尾,2023-03-20,9377
6129,普誠,11,1,10,華南永昌-虎尾,2023-03-20,9377
6525,捷敏-KY,10,0,10,華南永昌-虎尾,2023-03-20,9377
6770,力積電,12,2,10,華南永昌-虎尾,2023-03-20,9377
8028,昇陽半導體,10,0,10,華南永昌-虎尾,2023-03-20,9377
5512,力麒,30,20,10,華南永昌-虎尾,2023-03-20,9377
9945,潤泰新,11,1,10,華南永昌-虎尾,2023-03-20,9377
2884,玉山金,13,3,10,華南永昌-虎尾,2023-03-20,9377
00655L,國泰中國A50正2,9,0,9,華南永昌-虎尾,2023-03-20,9377
3441,聯一光,9,0,9,華南永昌-虎尾,2023-03-20,9377
6139,亞翔,63,0,63,華南永昌-虎尾,2023-03-21,9377
2609,陽明,57,2,55,華南永昌-虎尾,2023-03-21,9377
00878,國泰永續高股息,41,0,41,華南永昌-虎尾,2023-03-21,9377
1101,台泥,74,34,40,華南永昌-虎尾,2023-03-21,9377
8111,立��,35,0,35,華南永昌-虎尾,2023-03-21,9377
2610,華航,33,2,31,華南永昌-虎尾,2023-03-21,9377
00680L,元大美債20正2,30,0,30,華南永昌-虎尾,2023-03-21,9377
2634,漢翔,34,4,30,華南永昌-虎尾,2023-03-21,9377
2204,中華,30,3,27,華南永昌-虎尾,2023-03-21,9377
00679B,元大美債20年,26,0,26,華南永昌-虎尾,2023-03-21,9377
4155,訊映,25,0,25,華南永昌-虎尾,2023-03-21,9377
2601,益航,23,1,22,華南永昌-虎尾,2023-03-21,9377
4916,事欣科,22,0,22,華南永昌-虎尾,2023-03-21,9377
2915,潤泰全,20,0,20,華南永昌-虎尾,2023-03-21,9377
3265,台星科,21,1,20,華南永昌-虎尾,2023-03-21,9377
6164,華興,20,0,20,華南永昌-虎尾,2023-03-21,9377
2409,友達,22,2,20,華南永昌-虎尾,2023-03-21,9377
00715L,期街口布蘭特正2,22,3,19,華南永昌-虎尾,2023-03-21,9377
6163,華電網,22,3,19,華南永昌-虎尾,2023-03-21,9377
1102,亞泥,18,0,18,華南永昌-虎尾,2023-03-21,9377
3686,達能,20,2,18,華南永昌-虎尾,2023-03-21,9377
5426,振發,18,0,18,華南永昌-虎尾,2023-03-21,9377
2484,希華,23,6,17,華南永昌-虎尾,2023-03-21,9377
1615,大山,16,0,16,華南永昌-虎尾,2023-03-21,9377
1522,堤維西,17,1,16,華南永昌-虎尾,2023-03-21,9377
2303,聯電,28,12,16,華南永昌-虎尾,2023-03-21,9377
2495,普安,18,3,15,華南永昌-虎尾,2023-03-21,9377
6180,橘子,16,1,15,華南永昌-虎尾,2023-03-21,9377
3029,零壹,18,4,14,華南永昌-虎尾,2023-03-21,9377
5425,台半,20,6,14,華南永昌-虎尾,2023-03-21,9377
00885,富邦越南,13,0,13,華南永昌-虎尾,2023-03-21,9377
2359,所羅門,15,2,13,華南永昌-虎尾,2023-03-21,9377
3059,華晶科,12,0,12,華南永昌-虎尾,2023-03-21,9377
8110,華東,17,5,12,華南永昌-虎尾,2023-03-21,9377
2453,凌群,37,26,11,華南永昌-虎尾,2023-03-21,9377
3034,聯詠,12,1,11,華南永昌-虎尾,2023-03-21,9377
2618,長榮航,15,5,10,華南永昌-虎尾,2023-03-21,9377
00642U,期元大S＆P石油,10,0,10,華南永昌-虎尾,2023-03-21,9377
2323,中環,10,0,10,華南永昌-虎尾,2023-03-21,9377
2404,漢唐,10,0,10,華南永昌-虎尾,2023-03-21,9377
2615,萬海,12,2,10,華南永昌-虎尾,2023-03-21,9377
3376,新日興,10,0,10,華南永昌-虎尾,2023-03-21,9377
3447,展達,10,0,10,華南永昌-虎尾,2023-03-21,9377
5905,南仁湖,10,0,10,華南永昌-虎尾,2023-03-21,9377
6505,台塑化,11,1,10,華南永昌-虎尾,2023-03-21,9377
8222,寶一,13,3,10,華南永昌-虎尾,2023-03-21,9377
9934,成霖,10,0,10,華南永昌-虎尾,2023-03-21,9377
1608,華榮,10,1,9,華南永昌-虎尾,2023-03-21,9377
2406,國碩,10,1,9,華南永昌-虎尾,2023-03-21,9377
6770,力積電,13,4,9,華南永昌-虎尾,2023-03-21,9377
2427,三商電,200,58,142,華南永昌-虎尾,2023-03-22,9377
00680L,元大美債20正2,140,0,140,華南永昌-虎尾,2023-03-22,9377
2610,華航,75,9,66,華南永昌-虎尾,2023-03-22,9377
4934,太極,53,1,52,華南永昌-虎尾,2023-03-22,9377
5426,振發,50,0,50,華南永昌-虎尾,2023-03-22,9377
8105,凌巨,45,0,45,華南永昌-虎尾,2023-03-22,9377
6139,亞翔,39,2,37,華南永昌-虎尾,2023-03-22,9377
9945,潤泰新,41,6,35,華南永昌-虎尾,2023-03-22,9377
00669R,國泰美國道瓊反1,60,25,35,華南永昌-虎尾,2023-03-22,9377
9103,美德醫療-DR,35,0,35,華南永昌-虎尾,2023-03-22,9377
4157,太景*-KY,131,97,34,華南永昌-虎尾,2023-03-22,9377
6509,聚和,41,8,33,華南永昌-虎尾,2023-03-22,9377
2612,中航,30,0,30,華南永昌-虎尾,2023-03-22,9377
00715L,期街口布蘭特正2,35,6,29,華南永昌-虎尾,2023-03-22,9377
3535,晶彩科,29,0,29,華南永昌-虎尾,2023-03-22,9377
2034,允強,28,0,28,華南永昌-虎尾,2023-03-22,9377
0050,元大台灣50,31,3,28,華南永昌-虎尾,2023-03-22,9377
2457,飛宏,52,25,27,華南永昌-虎尾,2023-03-22,9377
2834,臺企銀,28,1,27,華南永昌-虎尾,2023-03-22,9377
8111,立��,29,3,26,華南永昌-虎尾,2023-03-22,9377
2634,漢翔,24,0,24,華南永昌-虎尾,2023-03-22,9377
4906,正文,23,0,23,華南永昌-虎尾,2023-03-22,9377
00885,富邦越南,22,0,22,華南永昌-虎尾,2023-03-22,9377
2359,所羅門,24,2,22,華南永昌-虎尾,2023-03-22,9377
8261,富鼎,25,4,21,華南永昌-虎尾,2023-03-22,9377
00671R,富邦NASDAQ反1,20,0,20,華南永昌-虎尾,2023-03-22,9377
00637L,元大滬深300正2,78,58,20,華南永昌-虎尾,2023-03-22,9377
2413,環科,25,5,20,華南永昌-虎尾,2023-03-22,9377
3605,宏致,20,0,20,華南永昌-虎尾,2023-03-22,9377
3013,晟銘電,25,6,19,華南永昌-虎尾,2023-03-22,9377
00679B,元大美債20年,18,0,18,華南永昌-虎尾,2023-03-22,9377
2313,華通,24,6,18,華南永昌-虎尾,2023-03-22,9377
1522,堤維西,21,4,17,華南永昌-虎尾,2023-03-22,9377
4114,健喬,17,0,17,華南永昌-虎尾,2023-03-22,9377
6233,旺玖,24,7,17,華南永昌-虎尾,2023-03-22,9377
6109,亞元,16,0,16,華南永昌-虎尾,2023-03-22,9377
2371,大同,15,0,15,華南永昌-虎尾,2023-03-22,9377
2809,京城銀,15,0,15,華南永昌-虎尾,2023-03-22,9377
3376,新日興,15,0,15,華南永昌-虎尾,2023-03-22,9377
4956,光鋐,20,5,15,華南永昌-虎尾,2023-03-22,9377
3037,欣興,25,11,14,華南永昌-虎尾,2023-03-22,9377
1529,樂事綠能,19,6,13,華南永昌-虎尾,2023-03-22,9377
2323,中環,43,30,13,華南永昌-虎尾,2023-03-22,9377
5009,榮剛,13,0,13,華南永昌-虎尾,2023-03-22,9377
3034,聯詠,17,5,12,華南永昌-虎尾,2023-03-22,9377
8046,南電,18,7,11,華南永昌-虎尾,2023-03-22,9377
1718,中纖,11,0,11,華南永昌-虎尾,2023-03-22,9377
2201,裕隆,13,2,11,華南永昌-虎尾,2023-03-22,9377
8271,宇瞻,10,0,10,華南永昌-虎尾,2023-03-22,9377
1904,正隆,10,0,10,華南永昌-虎尾,2023-03-22,9377
00885,富邦越南,157,0,157,華南永昌-虎尾,2023-03-23,9377
2427,三商電,102,14,88,華南永昌-虎尾,2023-03-23,9377
2332,友訊,84,1,83,華南永昌-虎尾,2023-03-23,9377
5426,振發,64,0,64,華南永昌-虎尾,2023-03-23,9377
2801,彰銀,70,16,54,華南永昌-虎尾,2023-03-23,9377
3481,群創,69,15,54,華南永昌-虎尾,2023-03-23,9377
8070,長華*,51,0,51,華南永昌-虎尾,2023-03-23,9377
3682,亞太電,50,0,50,華南永昌-虎尾,2023-03-23,9377
8358,金居,51,2,49,華南永昌-虎尾,2023-03-23,9377
6175,立敦,57,8,49,華南永昌-虎尾,2023-03-23,9377
2369,菱生,46,3,43,華南永昌-虎尾,2023-03-23,9377
00632R,元大台灣50反1,60,20,40,華南永昌-虎尾,2023-03-23,9377
2352,佳世達,36,1,35,華南永昌-虎尾,2023-03-23,9377
4155,訊映,35,0,35,華南永昌-虎尾,2023-03-23,9377
8261,富鼎,27,0,27,華南永昌-虎尾,2023-03-23,9377
2610,華航,40,13,27,華南永昌-虎尾,2023-03-23,9377
2204,中華,35,11,24,華南永昌-虎尾,2023-03-23,9377
2612,中航,24,0,24,華南永昌-虎尾,2023-03-23,9377
6266,泰詠,24,0,24,華南永昌-虎尾,2023-03-23,9377
4564,元翎,23,0,23,華南永昌-虎尾,2023-03-23,9377
3376,新日興,23,0,23,華南永昌-虎尾,2023-03-23,9377
00772B,中信高評級公司債,20,0,20,華南永昌-虎尾,2023-03-23,9377
4956,光鋐,20,0,20,華南永昌-虎尾,2023-03-23,9377
3231,緯創,41,21,20,華南永昌-虎尾,2023-03-23,9377
3189,景碩,20,1,19,華南永昌-虎尾,2023-03-23,9377
2637,慧洋-KY,20,1,19,華南永昌-虎尾,2023-03-23,9377
00637L,元大滬深300正2,92,74,18,華南永昌-虎尾,2023-03-23,9377
5425,台半,23,7,16,華南永昌-虎尾,2023-03-23,9377
5608,四維航,15,0,15,華南永昌-虎尾,2023-03-23,9377
6547,高端疫苗,15,0,15,華南永昌-虎尾,2023-03-23,9377
1709,和益,14,0,14,華南永昌-虎尾,2023-03-23,9377
3322,建舜電,15,1,14,華南永昌-虎尾,2023-03-23,9377
5315,光聯,13,0,13,華南永昌-虎尾,2023-03-23,9377
1319,東陽,15,3,12,華南永昌-虎尾,2023-03-23,9377
5258,虹堡,13,1,12,華南永昌-虎尾,2023-03-23,9377
8926,台汽電,12,0,12,華南永昌-虎尾,2023-03-23,9377
6190,萬泰科,12,1,11,華南永昌-虎尾,2023-03-23,9377
6233,旺玖,37,26,11,華南永昌-虎尾,2023-03-23,9377
1447,力鵬,10,0,10,華南永昌-虎尾,2023-03-23,9377
00642U,期元大S＆P石油,10,0,10,華南永昌-虎尾,2023-03-23,9377
00673R,期元大S＆P原油反1,10,0,10,華南永昌-虎尾,2023-03-23,9377
1720,生達,10,0,10,華南永昌-虎尾,2023-03-23,9377
2105,正新,10,0,10,華南永昌-虎尾,2023-03-23,9377
3430,奇鈦科,10,0,10,華南永昌-虎尾,2023-03-23,9377
4994,傳奇,10,0,10,華南永昌-虎尾,2023-03-23,9377
5243,乙盛-KY,10,0,10,華南永昌-虎尾,2023-03-23,9377
6164,華興,10,0,10,華南永昌-虎尾,2023-03-23,9377
2354,鴻準,15,5,10,華南永昌-虎尾,2023-03-23,9377
2812,台中銀,12,2,10,華南永昌-虎尾,2023-03-23,9377
2489,瑞軒,22,13,9,華南永昌-虎尾,2023-03-23,9377
2834,臺企銀,386,13,373,華南永昌-虎尾,2023-03-24,9377
00632R,元大台灣50反1,207,20,187,華南永昌-虎尾,2023-03-24,9377
2641,正德,100,3,97,華南永昌-虎尾,2023-03-24,9377
3189,景碩,69,5,64,華南永昌-虎尾,2023-03-24,9377
2609,陽明,64,10,54,華南永昌-虎尾,2023-03-24,9377
6606,建德工業,56,9,47,華南永昌-虎尾,2023-03-24,9377
1504,東元,80,34,46,華南永昌-虎尾,2023-03-24,9377
5426,振發,45,0,45,華南永昌-虎尾,2023-03-24,9377
3005,神基,44,1,43,華南永昌-虎尾,2023-03-24,9377
8088,品安,47,6,41,華南永昌-虎尾,2023-03-24,9377
3037,欣興,68,30,38,華南永昌-虎尾,2023-03-24,9377
1711,永光,35,0,35,華南永昌-虎尾,2023-03-24,9377
6841,長佳智能,39,4,35,華南永昌-虎尾,2023-03-24,9377
00753L,中信中國50正2,31,0,31,華南永昌-虎尾,2023-03-24,9377
3162,精確,33,5,28,華南永昌-虎尾,2023-03-24,9377
3231,緯創,51,25,26,華南永昌-虎尾,2023-03-24,9377
2204,中華,25,0,25,華南永昌-虎尾,2023-03-24,9377
2615,萬海,32,7,25,華南永昌-虎尾,2023-03-24,9377
1524,耿鼎,26,2,24,華南永昌-虎尾,2023-03-24,9377
1519,華城,35,13,22,華南永昌-虎尾,2023-03-24,9377
8201,無敵,22,0,22,華南永昌-虎尾,2023-03-24,9377
1101,台泥,105,85,20,華南永昌-虎尾,2023-03-24,9377
2409,友達,22,3,19,華南永昌-虎尾,2023-03-24,9377
2489,瑞軒,20,1,19,華南永昌-虎尾,2023-03-24,9377
2337,旺宏,27,9,18,華南永昌-虎尾,2023-03-24,9377
2634,漢翔,42,26,16,華南永昌-虎尾,2023-03-24,9377
4906,正文,20,4,16,華南永昌-虎尾,2023-03-24,9377
9802,鈺齊-KY,16,0,16,華南永昌-虎尾,2023-03-24,9377
2369,菱生,15,0,15,華南永昌-虎尾,2023-03-24,9377
3711,日月光投控,16,3,13,華南永昌-虎尾,2023-03-24,9377
1342,八貫,14,1,13,華南永昌-虎尾,2023-03-24,9377
5009,榮剛,14,1,13,華南永昌-虎尾,2023-03-24,9377
5508,永信建,13,0,13,華南永昌-虎尾,2023-03-24,9377
6282,康舒,25,12,13,華南永昌-虎尾,2023-03-24,9377
1102,亞泥,12,0,12,華南永昌-虎尾,2023-03-24,9377
2371,大同,12,0,12,華南永昌-虎尾,2023-03-24,9377
2727,王品,20,8,12,華南永昌-虎尾,2023-03-24,9377
3050,鈺德,12,0,12,華南永昌-虎尾,2023-03-24,9377
1611,中電,11,0,11,華南永昌-虎尾,2023-03-24,9377
2427,三商電,11,0,11,華南永昌-虎尾,2023-03-24,9377
2618,長榮航,11,0,11,華南永昌-虎尾,2023-03-24,9377
2637,慧洋-KY,12,1,11,華南永昌-虎尾,2023-03-24,9377
3491,昇達科,16,5,11,華南永昌-虎尾,2023-03-24,9377
2323,中環,20,10,10,華南永昌-虎尾,2023-03-24,9377
1904,正隆,10,0,10,華南永昌-虎尾,2023-03-24,9377
00669R,國泰美國道瓊反1,10,0,10,華南永昌-虎尾,2023-03-24,9377
00680L,元大美債20正2,10,0,10,華南永昌-虎尾,2023-03-24,9377
1464,得力,10,0,10,華南永昌-虎尾,2023-03-24,9377
2363,矽統,10,0,10,華南永昌-虎尾,2023-03-24,9377
2420,新巨,10,0,10,華南永昌-虎尾,2023-03-24,9377
5608,四維航,88,2,86,華南永昌-虎尾,2023-03-27,9377
6244,茂迪,94,21,73,華南永昌-虎尾,2023-03-27,9377
1605,華新,133,70,63,華南永昌-虎尾,2023-03-27,9377
3231,緯創,79,19,60,華南永昌-虎尾,2023-03-27,9377
1101,台泥,61,6,55,華南永昌-虎尾,2023-03-27,9377
2031,新光鋼,54,0,54,華南永昌-虎尾,2023-03-27,9377
2834,臺企銀,63,10,53,華南永昌-虎尾,2023-03-27,9377
2409,友達,80,28,52,華南永昌-虎尾,2023-03-27,9377
00715L,期街口布蘭特正2,51,0,51,華南永昌-虎尾,2023-03-27,9377
00665L,富邦�琤肭磪囓�2,44,0,44,華南永昌-虎尾,2023-03-27,9377
3481,群創,52,10,42,華南永昌-虎尾,2023-03-27,9377
5426,振發,41,0,41,華南永昌-虎尾,2023-03-27,9377
5864,致和證,40,0,40,華南永昌-虎尾,2023-03-27,9377
6164,華興,40,0,40,華南永昌-虎尾,2023-03-27,9377
2371,大同,45,10,35,華南永昌-虎尾,2023-03-27,9377
9904,寶成,40,6,34,華南永昌-虎尾,2023-03-27,9377
2105,正新,57,25,32,華南永昌-虎尾,2023-03-27,9377
2323,中環,30,0,30,華南永昌-虎尾,2023-03-27,9377
00680L,元大美債20正2,30,2,28,華南永昌-虎尾,2023-03-27,9377
3714,富采,39,12,27,華南永昌-虎尾,2023-03-27,9377
5243,乙盛-KY,27,0,27,華南永昌-虎尾,2023-03-27,9377
6288,聯嘉,40,15,25,華南永昌-虎尾,2023-03-27,9377
2201,裕隆,24,0,24,華南永昌-虎尾,2023-03-27,9377
3047,訊舟,44,20,24,華南永昌-虎尾,2023-03-27,9377
1504,東元,47,24,23,華南永昌-虎尾,2023-03-27,9377
00762,元大全球AI,20,0,20,華南永昌-虎尾,2023-03-27,9377
2337,旺宏,30,10,20,華南永昌-虎尾,2023-03-27,9377
2353,宏��,20,0,20,華南永昌-虎尾,2023-03-27,9377
1609,大亞,28,9,19,華南永昌-虎尾,2023-03-27,9377
2204,中華,19,0,19,華南永昌-虎尾,2023-03-27,9377
5432,新門,19,0,19,華南永昌-虎尾,2023-03-27,9377
6719,力智,19,1,18,華南永昌-虎尾,2023-03-27,9377
8261,富鼎,18,0,18,華南永昌-虎尾,2023-03-27,9377
00878,國泰永續高股息,17,1,16,華南永昌-虎尾,2023-03-27,9377
2002,中鋼,16,0,16,華南永昌-虎尾,2023-03-27,9377
00882,中信中國高股息,14,0,14,華南永昌-虎尾,2023-03-27,9377
00637L,元大滬深300正2,92,79,13,華南永昌-虎尾,2023-03-27,9377
6841,長佳智能,54,41,13,華南永昌-虎尾,2023-03-27,9377
8024,佑華,15,2,13,華南永昌-虎尾,2023-03-27,9377
2436,偉詮電,12,0,12,華南永昌-虎尾,2023-03-27,9377
6279,胡連,13,1,12,華南永昌-虎尾,2023-03-27,9377
6548,長科*,13,1,12,華南永昌-虎尾,2023-03-27,9377
3037,欣興,14,2,12,華南永昌-虎尾,2023-03-27,9377
3013,晟銘電,13,2,11,華南永昌-虎尾,2023-03-27,9377
3224,三顧,14,3,11,華南永昌-虎尾,2023-03-27,9377
2330,台積電,12,1,11,華南永昌-虎尾,2023-03-27,9377
1309,台達化,10,0,10,華南永昌-虎尾,2023-03-27,9377
2461,光群雷,10,0,10,華南永昌-虎尾,2023-03-27,9377
2476,鉅祥,11,1,10,華南永昌-虎尾,2023-03-27,9377
2618,長榮航,20,10,10,華南永昌-虎尾,2023-03-27,9377
2809,京城銀,82,0,82,華南永昌-虎尾,2023-03-28,9377
00680L,元大美債20正2,65,0,65,華南永昌-虎尾,2023-03-28,9377
2883,凱基金,61,0,61,華南永昌-虎尾,2023-03-28,9377
00669R,國泰美國道瓊反1,50,0,50,華南永昌-虎尾,2023-03-28,9377
1905,華紙,47,0,47,華南永昌-虎尾,2023-03-28,9377
1460,宏遠,45,0,45,華南永昌-虎尾,2023-03-28,9377
2634,漢翔,62,18,44,華南永昌-虎尾,2023-03-28,9377
1101,台泥,45,2,43,華南永昌-虎尾,2023-03-28,9377
2369,菱生,41,0,41,華南永昌-虎尾,2023-03-28,9377
2498,宏達電,45,8,37,華南永昌-虎尾,2023-03-28,9377
3047,訊舟,38,3,35,華南永昌-虎尾,2023-03-28,9377
00664R,國泰臺灣加權反1,34,0,34,華南永昌-虎尾,2023-03-28,9377
2388,威盛,48,17,31,華南永昌-虎尾,2023-03-28,9377
4934,太極,32,1,31,華南永昌-虎尾,2023-03-28,9377
2323,中環,30,0,30,華南永昌-虎尾,2023-03-28,9377
4157,太景*-KY,30,0,30,華南永昌-虎尾,2023-03-28,9377
4967,十銓,30,0,30,華南永昌-虎尾,2023-03-28,9377
2408,南亞科,30,3,27,華南永昌-虎尾,2023-03-28,9377
00688L,國泰20年美債正2,25,0,25,華南永昌-虎尾,2023-03-28,9377
3189,景碩,23,0,23,華南永昌-虎尾,2023-03-28,9377
5426,振發,23,0,23,華南永昌-虎尾,2023-03-28,9377
6244,茂迪,40,17,23,華南永昌-虎尾,2023-03-28,9377
2845,遠東銀,22,0,22,華南永昌-虎尾,2023-03-28,9377
2891,中信金,22,1,21,華南永昌-虎尾,2023-03-28,9377
2359,所羅門,21,0,21,華南永昌-虎尾,2023-03-28,9377
2609,陽明,27,6,21,華南永昌-虎尾,2023-03-28,9377
8261,富鼎,21,0,21,華南永昌-虎尾,2023-03-28,9377
00753L,中信中國50正2,20,0,20,華南永昌-虎尾,2023-03-28,9377
2363,矽統,20,0,20,華南永昌-虎尾,2023-03-28,9377
4155,訊映,20,0,20,華南永昌-虎尾,2023-03-28,9377
4746,台耀,22,4,18,華南永昌-虎尾,2023-03-28,9377
00878,國泰永續高股息,17,2,15,華南永昌-虎尾,2023-03-28,9377
00772B,中信高評級公司債,15,0,15,華南永昌-虎尾,2023-03-28,9377
2610,華航,20,5,15,華南永昌-虎尾,2023-03-28,9377
2317,鴻海,22,8,14,華南永昌-虎尾,2023-03-28,9377
2427,三商電,14,0,14,華南永昌-虎尾,2023-03-28,9377
4916,事欣科,15,1,14,華南永昌-虎尾,2023-03-28,9377
1210,大成,13,0,13,華南永昌-虎尾,2023-03-28,9377
2340,台亞,16,3,13,華南永昌-虎尾,2023-03-28,9377
5225,東科-KY,13,0,13,華南永昌-虎尾,2023-03-28,9377
8358,金居,13,0,13,華南永昌-虎尾,2023-03-28,9377
3362,先進光,14,1,13,華南永昌-虎尾,2023-03-28,9377
4114,健喬,12,0,12,華南永昌-虎尾,2023-03-28,9377
6139,亞翔,14,2,12,華南永昌-虎尾,2023-03-28,9377
8383,千附,11,0,11,華南永昌-虎尾,2023-03-28,9377
2880,華南金,11,0,11,華南永昌-虎尾,2023-03-28,9377
3081,聯亞,11,0,11,華南永昌-虎尾,2023-03-28,9377
1609,大亞,13,2,11,華南永昌-虎尾,2023-03-28,9377
3011,今皓,18,7,11,華南永昌-虎尾,2023-03-28,9377
3376,新日興,11,0,11,華南永昌-虎尾,2023-03-28,9377
5426,振發,67,0,67,華南永昌-虎尾,2023-03-29,9377
1102,亞泥,55,0,55,華南永昌-虎尾,2023-03-29,9377
2329,華泰,50,2,48,華南永昌-虎尾,2023-03-29,9377
1609,大亞,64,17,47,華南永昌-虎尾,2023-03-29,9377
6142,友勁,40,0,40,華南永昌-虎尾,2023-03-29,9377
2368,金像電,60,24,36,華南永昌-虎尾,2023-03-29,9377
2371,大同,49,13,36,華南永昌-虎尾,2023-03-29,9377
2303,聯電,38,5,33,華南永昌-虎尾,2023-03-29,9377
1605,華新,53,22,31,華南永昌-虎尾,2023-03-29,9377
2610,華航,93,62,31,華南永昌-虎尾,2023-03-29,9377
4979,華星光,49,18,31,華南永昌-虎尾,2023-03-29,9377
00669R,國泰美國道瓊反1,30,0,30,華南永昌-虎尾,2023-03-29,9377
00688L,國泰20年美債正2,25,0,25,華南永昌-虎尾,2023-03-29,9377
00680L,元大美債20正2,25,0,25,華南永昌-虎尾,2023-03-29,9377
3714,富采,26,3,23,華南永昌-虎尾,2023-03-29,9377
8088,品安,29,6,23,華南永昌-虎尾,2023-03-29,9377
2388,威盛,28,7,21,華南永昌-虎尾,2023-03-29,9377
5315,光聯,20,0,20,華南永昌-虎尾,2023-03-29,9377
6841,長佳智能,23,4,19,華南永昌-虎尾,2023-03-29,9377
2408,南亞科,18,0,18,華南永昌-虎尾,2023-03-29,9377
2603,長榮,18,0,18,華南永昌-虎尾,2023-03-29,9377
6235,華孚,30,12,18,華南永昌-虎尾,2023-03-29,9377
2457,飛宏,32,15,17,華南永昌-虎尾,2023-03-29,9377
3715,定穎投控,28,11,17,華南永昌-虎尾,2023-03-29,9377
5425,台半,17,0,17,華南永昌-虎尾,2023-03-29,9377
1504,東元,41,25,16,華南永昌-虎尾,2023-03-29,9377
2481,強茂,29,13,16,華南永昌-虎尾,2023-03-29,9377
1342,八貫,20,5,15,華南永昌-虎尾,2023-03-29,9377
2427,三商電,16,1,15,華南永昌-虎尾,2023-03-29,9377
5243,乙盛-KY,29,16,13,華南永昌-虎尾,2023-03-29,9377
4157,太景*-KY,24,11,13,華南永昌-虎尾,2023-03-29,9377
2476,鉅祥,12,0,12,華南永昌-虎尾,2023-03-29,9377
2618,長榮航,71,59,12,華南永昌-虎尾,2023-03-29,9377
4934,太極,12,0,12,華南永昌-虎尾,2023-03-29,9377
6547,高端疫苗,12,0,12,華南永昌-虎尾,2023-03-29,9377
3037,欣興,15,4,11,華南永昌-虎尾,2023-03-29,9377
6196,帆宣,11,0,11,華南永昌-虎尾,2023-03-29,9377
8086,宏捷科,26,15,11,華南永昌-虎尾,2023-03-29,9377
8383,千附,11,0,11,華南永昌-虎尾,2023-03-29,9377
1101,台泥,17,6,11,華南永昌-虎尾,2023-03-29,9377
00882,中信中國高股息,15,5,10,華南永昌-虎尾,2023-03-29,9377
1514,亞力,10,0,10,華南永昌-虎尾,2023-03-29,9377
2323,中環,10,0,10,華南永昌-虎尾,2023-03-29,9377
2358,廷鑫,10,0,10,華南永昌-虎尾,2023-03-29,9377
2836,高雄銀,10,0,10,華南永昌-虎尾,2023-03-29,9377
3227,原相,10,0,10,華南永昌-虎尾,2023-03-29,9377
3710,連展投控,10,0,10,華南永昌-虎尾,2023-03-29,9377
4739,康普,10,0,10,華南永昌-虎尾,2023-03-29,9377
6116,彩晶,25,15,10,華南永昌-虎尾,2023-03-29,9377
6164,華興,10,0,10,華南永昌-虎尾,2023-03-29,9377
00632R,元大台灣50反1,1040,0,1040,華南永昌-虎尾,2023-03-30,9377
00900,富邦特選高股息30,100,9,91,華南永昌-虎尾,2023-03-30,9377
2401,凌陽,58,2,56,華南永昌-虎尾,2023-03-30,9377
00665L,富邦�琤肭磪囓�2,43,0,43,華南永昌-虎尾,2023-03-30,9377
1615,大山,40,0,40,華南永昌-虎尾,2023-03-30,9377
9962,有益,40,0,40,華南永昌-虎尾,2023-03-30,9377
4155,訊映,38,0,38,華南永昌-虎尾,2023-03-30,9377
2344,華邦電,100,64,36,華南永昌-虎尾,2023-03-30,9377
1101,台泥,49,14,35,華南永昌-虎尾,2023-03-30,9377
5011,久陽,35,0,35,華南永昌-虎尾,2023-03-30,9377
3231,緯創,131,97,34,華南永昌-虎尾,2023-03-30,9377
3481,群創,25,1,24,華南永昌-虎尾,2023-03-30,9377
5243,乙盛-KY,22,2,20,華南永昌-虎尾,2023-03-30,9377
00669R,國泰美國道瓊反1,20,0,20,華南永昌-虎尾,2023-03-30,9377
2367,燿華,20,1,19,華南永昌-虎尾,2023-03-30,9377
1504,東元,25,6,19,華南永昌-虎尾,2023-03-30,9377
2204,中華,17,0,17,華南永昌-虎尾,2023-03-30,9377
2406,國碩,16,0,16,華南永昌-虎尾,2023-03-30,9377
3705,永信,26,10,16,華南永昌-虎尾,2023-03-30,9377
4157,太景*-KY,15,0,15,華南永昌-虎尾,2023-03-30,9377
1319,東陽,14,0,14,華南永昌-虎尾,2023-03-30,9377
00680L,元大美債20正2,14,0,14,華南永昌-虎尾,2023-03-30,9377
8926,台汽電,13,0,13,華南永昌-虎尾,2023-03-30,9377
1708,東鹼,12,0,12,華南永昌-虎尾,2023-03-30,9377
2609,陽明,16,4,12,華南永昌-虎尾,2023-03-30,9377
5371,中光電,12,0,12,華南永昌-虎尾,2023-03-30,9377
1618,合機,11,0,11,華南永昌-虎尾,2023-03-30,9377
2027,大成鋼,11,0,11,華南永昌-虎尾,2023-03-30,9377
2402,毅嘉,10,0,10,華南永昌-虎尾,2023-03-30,9377
2736,富野,10,0,10,華南永昌-虎尾,2023-03-30,9377
3501,維熹,10,0,10,華南永昌-虎尾,2023-03-30,9377
5203,訊連,10,0,10,華南永昌-虎尾,2023-03-30,9377
5425,台半,17,7,10,華南永昌-虎尾,2023-03-30,9377
6176,瑞儀,11,1,10,華南永昌-虎尾,2023-03-30,9377
6672,騰輝電子-KY,10,0,10,華南永昌-虎尾,2023-03-30,9377
9935,慶豐富,10,0,10,華南永昌-虎尾,2023-03-30,9377
2006,東和鋼鐵,8,0,8,華南永昌-虎尾,2023-03-30,9377
2641,正德,8,0,8,華南永昌-虎尾,2023-03-30,9377
3071,協禧,8,0,8,華南永昌-虎尾,2023-03-30,9377
4979,華星光,20,12,8,華南永昌-虎尾,2023-03-30,9377
8024,佑華,8,0,8,華南永昌-虎尾,2023-03-30,9377
6266,泰詠,8,0,8,華南永昌-虎尾,2023-03-30,9377
2330,台積電,12,4,8,華南永昌-虎尾,2023-03-30,9377
2889,國票金,7,0,7,華南永昌-虎尾,2023-03-30,9377
1609,大亞,20,13,7,華南永昌-虎尾,2023-03-30,9377
2002,中鋼,7,0,7,華南永昌-虎尾,2023-03-30,9377
3518,柏騰,7,0,7,華南永昌-虎尾,2023-03-30,9377
3664,安瑞-KY,7,0,7,華南永昌-虎尾,2023-03-30,9377
4904,遠傳,9,2,7,華南永昌-虎尾,2023-03-30,9377
2409,友達,10,3,7,華南永昌-虎尾,2023-03-30,9377
2834,臺企銀,86,20,66,華南永昌-虎尾,2023-03-31,9377
00632R,元大台灣50反1,50,0,50,華南永昌-虎尾,2023-03-31,9377
00650L,復華香港正2,55,5,50,華南永昌-虎尾,2023-03-31,9377
2344,華邦電,187,137,50,華南永昌-虎尾,2023-03-31,9377
00673R,期元大S＆P原油反1,47,0,47,華南永昌-虎尾,2023-03-31,9377
2371,大同,36,0,36,華南永昌-虎尾,2023-03-31,9377
2634,漢翔,40,11,29,華南永昌-虎尾,2023-03-31,9377
00882,中信中國高股息,25,0,25,華南永昌-虎尾,2023-03-31,9377
8070,長華*,25,0,25,華南永昌-虎尾,2023-03-31,9377
2313,華通,24,2,22,華南永昌-虎尾,2023-03-31,9377
2367,燿華,22,0,22,華南永昌-虎尾,2023-03-31,9377
3705,永信,20,0,20,華南永昌-虎尾,2023-03-31,9377
8926,台汽電,20,0,20,華南永昌-虎尾,2023-03-31,9377
8358,金居,20,2,18,華南永昌-虎尾,2023-03-31,9377
3056,富華新,26,8,18,華南永昌-虎尾,2023-03-31,9377
2337,旺宏,74,57,17,華南永昌-虎尾,2023-03-31,9377
2409,友達,23,6,17,華南永昌-虎尾,2023-03-31,9377
2457,飛宏,34,18,16,華南永昌-虎尾,2023-03-31,9377
8916,光隆,16,0,16,華南永昌-虎尾,2023-03-31,9377
2402,毅嘉,13,0,13,華南永昌-虎尾,2023-03-31,9377
2809,京城銀,12,0,12,華南永昌-虎尾,2023-03-31,9377
2615,萬海,13,1,12,華南永昌-虎尾,2023-03-31,9377
2201,裕隆,11,0,11,華南永昌-虎尾,2023-03-31,9377
3037,欣興,15,5,10,華南永昌-虎尾,2023-03-31,9377
00671R,富邦NASDAQ反1,10,0,10,華南永昌-虎尾,2023-03-31,9377
1514,亞力,11,1,10,華南永昌-虎尾,2023-03-31,9377
1615,大山,12,2,10,華南永昌-虎尾,2023-03-31,9377
2302,麗正,15,5,10,華南永昌-虎尾,2023-03-31,9377
3024,憶聲,10,0,10,華南永昌-虎尾,2023-03-31,9377
3081,聯亞,10,0,10,華南永昌-虎尾,2023-03-31,9377
4157,太景*-KY,26,16,10,華南永昌-虎尾,2023-03-31,9377
4566,時碩工業,10,0,10,華南永昌-虎尾,2023-03-31,9377
6153,嘉聯益,10,0,10,華南永昌-虎尾,2023-03-31,9377
8933,愛地雅,10,0,10,華南永昌-虎尾,2023-03-31,9377
6196,帆宣,10,1,9,華南永昌-虎尾,2023-03-31,9377
1319,東陽,8,0,8,華南永昌-虎尾,2023-03-31,9377
1504,東元,56,48,8,華南永昌-虎尾,2023-03-31,9377
2241,艾姆勒,8,0,8,華南永昌-虎尾,2023-03-31,9377
2481,強茂,10,2,8,華南永昌-虎尾,2023-03-31,9377
3661,世芯-KY,9,1,8,華南永昌-虎尾,2023-03-31,9377
6770,力積電,8,1,7,華南永昌-虎尾,2023-03-31,9377
2609,陽明,17,10,7,華南永昌-虎尾,2023-03-31,9377
2314,台揚,7,0,7,華南永昌-虎尾,2023-03-31,9377
2641,正德,8,1,7,華南永昌-虎尾,2023-03-31,9377
6125,廣運,7,0,7,華南永昌-虎尾,2023-03-31,9377
6163,華電網,10,3,7,華南永昌-虎尾,2023-03-31,9377
9962,有益,7,0,7,華南永昌-虎尾,2023-03-31,9377
8024,佑華,9,3,6,華南永昌-虎尾,2023-03-31,9377
8050,廣積,9,3,6,華南永昌-虎尾,2023-03-31,9377
2206,三陽工業,5,0,5,華南永昌-虎尾,2023-03-31,9377
00632R,元大台灣50反1,1000,50,950,華南永昌-虎尾,2023-04-06,9377
2609,陽明,239,13,226,華南永昌-虎尾,2023-04-06,9377
2617,台航,200,0,200,華南永昌-虎尾,2023-04-06,9377
00673R,期元大S＆P原油反1,105,2,103,華南永昌-虎尾,2023-04-06,9377
00665L,富邦�琤肭磪囓�2,96,1,95,華南永昌-虎尾,2023-04-06,9377
8112,至上,102,10,92,華南永昌-虎尾,2023-04-06,9377
00753L,中信中國50正2,63,0,63,華南永昌-虎尾,2023-04-06,9377
2636,台驊控股,64,2,62,華南永昌-虎尾,2023-04-06,9377
6196,帆宣,61,0,61,華南永昌-虎尾,2023-04-06,9377
2888,新光金,50,0,50,華南永昌-虎尾,2023-04-06,9377
3715,定穎投控,50,0,50,華南永昌-虎尾,2023-04-06,9377
1802,台玻,50,1,49,華南永昌-虎尾,2023-04-06,9377
3236,千如,41,0,41,華南永昌-虎尾,2023-04-06,9377
1301,台塑,37,0,37,華南永昌-虎尾,2023-04-06,9377
00637L,元大滬深300正2,34,2,32,華南永昌-虎尾,2023-04-06,9377
4968,立積,40,8,32,華南永昌-虎尾,2023-04-06,9377
2867,三商壽,30,0,30,華南永昌-虎尾,2023-04-06,9377
2034,允強,29,0,29,華南永昌-虎尾,2023-04-06,9377
2353,宏��,29,3,26,華南永昌-虎尾,2023-04-06,9377
2603,長榮,35,10,25,華南永昌-虎尾,2023-04-06,9377
2611,志信,23,0,23,華南永昌-虎尾,2023-04-06,9377
3714,富采,33,10,23,華南永昌-虎尾,2023-04-06,9377
1708,東鹼,21,0,21,華南永昌-虎尾,2023-04-06,9377
3013,晟銘電,20,0,20,華南永昌-虎尾,2023-04-06,9377
6139,亞翔,24,4,20,華南永昌-虎尾,2023-04-06,9377
3479,安勤,20,1,19,華南永昌-虎尾,2023-04-06,9377
1102,亞泥,17,0,17,華南永昌-虎尾,2023-04-06,9377
2368,金像電,17,0,17,華南永昌-虎尾,2023-04-06,9377
3037,欣興,23,6,17,華南永昌-虎尾,2023-04-06,9377
2241,艾姆勒,16,0,16,華南永昌-虎尾,2023-04-06,9377
00902,中信電池及儲能,15,0,15,華南永昌-虎尾,2023-04-06,9377
00669R,國泰美國道瓊反1,15,0,15,華南永昌-虎尾,2023-04-06,9377
6461,益得,20,5,15,華南永昌-虎尾,2023-04-06,9377
2457,飛宏,28,14,14,華南永昌-虎尾,2023-04-06,9377
00679B,元大美債20年,15,1,14,華南永昌-虎尾,2023-04-06,9377
2027,大成鋼,13,0,13,華南永昌-虎尾,2023-04-06,9377
5425,台半,15,2,13,華南永昌-虎尾,2023-04-06,9377
9955,佳龍,18,5,13,華南永昌-虎尾,2023-04-06,9377
3056,富華新,30,18,12,華南永昌-虎尾,2023-04-06,9377
2337,旺宏,12,0,12,華南永昌-虎尾,2023-04-06,9377
2607,榮運,12,0,12,華南永昌-虎尾,2023-04-06,9377
3293,鈊象,12,0,12,華南永昌-虎尾,2023-04-06,9377
2538,基泰,11,0,11,華南永昌-虎尾,2023-04-06,9377
2606,裕民,67,56,11,華南永昌-虎尾,2023-04-06,9377
4976,佳凌,19,9,10,華南永昌-虎尾,2023-04-06,9377
3038,全台,15,5,10,華南永昌-虎尾,2023-04-06,9377
00923,群益台ESG低碳50,10,0,10,華南永昌-虎尾,2023-04-06,9377
1308,亞聚,10,0,10,華南永昌-虎尾,2023-04-06,9377
1314,中石化,10,0,10,華南永昌-虎尾,2023-04-06,9377
1909,榮成,10,0,10,華南永昌-虎尾,2023-04-06,9377
2867,三商壽,144,27,117,華南永昌-虎尾,2023-04-07,9377
2409,友達,100,0,100,華南永昌-虎尾,2023-04-07,9377
00669R,國泰美國道瓊反1,50,0,50,華南永昌-虎尾,2023-04-07,9377
8028,昇陽半導體,54,7,47,華南永昌-虎尾,2023-04-07,9377
6139,亞翔,44,0,44,華南永昌-虎尾,2023-04-07,9377
6220,岳豐,52,10,42,華南永昌-虎尾,2023-04-07,9377
00720B,元大投資級公司債,41,0,41,華南永昌-虎尾,2023-04-07,9377
2484,希華,45,5,40,華南永昌-虎尾,2023-04-07,9377
2634,漢翔,44,4,40,華南永昌-虎尾,2023-04-07,9377
3714,富采,52,14,38,華南永昌-虎尾,2023-04-07,9377
6266,泰詠,39,2,37,華南永昌-虎尾,2023-04-07,9377
1102,亞泥,34,0,34,華南永昌-虎尾,2023-04-07,9377
1513,中興電,34,5,29,華南永昌-虎尾,2023-04-07,9377
1609,大亞,48,20,28,華南永昌-虎尾,2023-04-07,9377
3360,尚立,26,0,26,華南永昌-虎尾,2023-04-07,9377
2636,台驊控股,25,0,25,華南永昌-虎尾,2023-04-07,9377
3006,晶豪科,44,21,23,華南永昌-虎尾,2023-04-07,9377
2208,台船,27,5,22,華南永昌-虎尾,2023-04-07,9377
4946,辣椒,21,0,21,華南永昌-虎尾,2023-04-07,9377
00885,富邦越南,20,0,20,華南永昌-虎尾,2023-04-07,9377
3035,智原,27,8,19,華南永昌-虎尾,2023-04-07,9377
6196,帆宣,17,0,17,華南永昌-虎尾,2023-04-07,9377
00878,國泰永續高股息,19,3,16,華南永昌-虎尾,2023-04-07,9377
2354,鴻準,18,2,16,華南永昌-虎尾,2023-04-07,9377
5426,振發,16,0,16,華南永昌-虎尾,2023-04-07,9377
6282,康舒,15,0,15,華南永昌-虎尾,2023-04-07,9377
3047,訊舟,12,0,12,華南永昌-虎尾,2023-04-07,9377
3264,欣銓,12,0,12,華南永昌-虎尾,2023-04-07,9377
5484,慧友,12,0,12,華南永昌-虎尾,2023-04-07,9377
6104,創惟,20,8,12,華南永昌-虎尾,2023-04-07,9377
8112,至上,11,0,11,華南永昌-虎尾,2023-04-07,9377
2402,毅嘉,14,3,11,華南永昌-虎尾,2023-04-07,9377
3207,耀勝,11,0,11,華南永昌-虎尾,2023-04-07,9377
2314,台揚,10,0,10,華南永昌-虎尾,2023-04-07,9377
2498,宏達電,30,20,10,華南永昌-虎尾,2023-04-07,9377
2611,志信,10,0,10,華南永昌-虎尾,2023-04-07,9377
2736,富野,10,0,10,華南永昌-虎尾,2023-04-07,9377
3013,晟銘電,10,0,10,華南永昌-虎尾,2023-04-07,9377
3016,嘉晶,10,0,10,華南永昌-虎尾,2023-04-07,9377
2356,英業達,11,1,10,華南永昌-虎尾,2023-04-07,9377
2317,鴻海,9,0,9,華南永昌-虎尾,2023-04-07,9377
00642U,期元大S＆P石油,11,2,9,華南永昌-虎尾,2023-04-07,9377
00679B,元大美債20年,18,9,9,華南永昌-虎尾,2023-04-07,9377
3224,三顧,9,0,9,華南永昌-虎尾,2023-04-07,9377
3520,華盈,11,2,9,華南永昌-虎尾,2023-04-07,9377
1504,東元,20,13,7,華南永昌-虎尾,2023-04-07,9377
2349,錸德,10,3,7,華南永昌-虎尾,2023-04-07,9377
2618,長榮航,22,15,7,華南永昌-虎尾,2023-04-07,9377
2890,永豐金,7,0,7,華南永昌-虎尾,2023-04-07,9377
8213,志超,7,0,7,華南永昌-虎尾,2023-04-07,9377
00676R,富邦臺灣加權反1,305,0,305,華南永昌-虎尾,2023-04-10,9377
00632R,元大台灣50反1,105,0,105,華南永昌-虎尾,2023-04-10,9377
00673R,期元大S＆P原油反1,67,0,67,華南永昌-虎尾,2023-04-10,9377
2344,華邦電,100,38,62,華南永昌-虎尾,2023-04-10,9377
3715,定穎投控,69,13,56,華南永昌-虎尾,2023-04-10,9377
3231,緯創,76,20,56,華南永昌-虎尾,2023-04-10,9377
2355,敬鵬,50,0,50,華南永昌-虎尾,2023-04-10,9377
2405,輔信,50,0,50,華南永昌-虎尾,2023-04-10,9377
2915,潤泰全,47,0,47,華南永昌-虎尾,2023-04-10,9377
3056,富華新,51,7,44,華南永昌-虎尾,2023-04-10,9377
3432,台端,40,1,39,華南永昌-虎尾,2023-04-10,9377
3207,耀勝,35,0,35,華南永昌-虎尾,2023-04-10,9377
1514,亞力,37,9,28,華南永昌-虎尾,2023-04-10,9377
1108,幸福,27,0,27,華南永昌-虎尾,2023-04-10,9377
2317,鴻海,31,4,27,華南永昌-虎尾,2023-04-10,9377
2382,廣達,25,0,25,華南永昌-虎尾,2023-04-10,9377
8183,精星,47,22,25,華南永昌-虎尾,2023-04-10,9377
6288,聯嘉,35,11,24,華南永昌-虎尾,2023-04-10,9377
2408,南亞科,24,1,23,華南永昌-虎尾,2023-04-10,9377
4162,智擎,22,0,22,華南永昌-虎尾,2023-04-10,9377
4155,訊映,21,0,21,華南永昌-虎尾,2023-04-10,9377
6290,良維,21,0,21,華南永昌-虎尾,2023-04-10,9377
1904,正隆,21,1,20,華南永昌-虎尾,2023-04-10,9377
2409,友達,20,3,17,華南永昌-虎尾,2023-04-10,9377
3038,全台,17,0,17,華南永昌-虎尾,2023-04-10,9377
6139,亞翔,17,0,17,華南永昌-虎尾,2023-04-10,9377
2349,錸德,20,6,14,華南永昌-虎尾,2023-04-10,9377
00679B,元大美債20年,14,1,13,華南永昌-虎尾,2023-04-10,9377
2471,資通,25,12,13,華南永昌-虎尾,2023-04-10,9377
5483,中美晶,13,0,13,華南永昌-虎尾,2023-04-10,9377
3017,奇鋐,16,4,12,華南永昌-虎尾,2023-04-10,9377
2497,怡利電,15,3,12,華南永昌-虎尾,2023-04-10,9377
2834,臺企銀,12,0,12,華南永昌-虎尾,2023-04-10,9377
2610,華航,11,0,11,華南永昌-虎尾,2023-04-10,9377
3707,漢磊,13,2,11,華南永昌-虎尾,2023-04-10,9377
2606,裕民,17,7,10,華南永昌-虎尾,2023-04-10,9377
00669R,國泰美國道瓊反1,10,0,10,華南永昌-虎尾,2023-04-10,9377
3664,安瑞-KY,10,0,10,華南永昌-虎尾,2023-04-10,9377
3708,上緯投控,10,0,10,華南永昌-虎尾,2023-04-10,9377
4128,中天,10,0,10,華南永昌-虎尾,2023-04-10,9377
4157,太景*-KY,30,20,10,華南永昌-虎尾,2023-04-10,9377
6196,帆宣,10,0,10,華南永昌-虎尾,2023-04-10,9377
6269,台郡,10,0,10,華南永昌-虎尾,2023-04-10,9377
8111,立��,10,0,10,華南永昌-虎尾,2023-04-10,9377
9945,潤泰新,10,0,10,華南永昌-虎尾,2023-04-10,9377
1529,樂事綠能,12,3,9,華南永昌-虎尾,2023-04-10,9377
8131,福懋科,9,0,9,華南永昌-虎尾,2023-04-10,9377
1308,亞聚,10,2,8,華南永昌-虎尾,2023-04-10,9377
00772B,中信高評級公司債,8,0,8,華南永昌-虎尾,2023-04-10,9377
2243,宏旭-KY,8,0,8,華南永昌-虎尾,2023-04-10,9377
1218,泰山,90,0,90,華南永昌-虎尾,2023-04-11,9377
2105,正新,55,0,55,華南永昌-虎尾,2023-04-11,9377
6191,精成科,53,4,49,華南永昌-虎尾,2023-04-11,9377
2601,益航,45,0,45,華南永昌-虎尾,2023-04-11,9377
5351,鈺創,65,23,42,華南永昌-虎尾,2023-04-11,9377
00673R,期元大S＆P原油反1,40,0,40,華南永昌-虎尾,2023-04-11,9377
2634,漢翔,60,24,36,華南永昌-虎尾,2023-04-11,9377
00637L,元大滬深300正2,65,30,35,華南永昌-虎尾,2023-04-11,9377
5243,乙盛-KY,42,7,35,華南永昌-虎尾,2023-04-11,9377
00650L,復華香港正2,33,0,33,華南永昌-虎尾,2023-04-11,9377
00671R,富邦NASDAQ反1,30,0,30,華南永昌-虎尾,2023-04-11,9377
6163,華電網,28,0,28,華南永昌-虎尾,2023-04-11,9377
3011,今皓,32,6,26,華南永昌-虎尾,2023-04-11,9377
00665L,富邦�琤肭磪囓�2,25,0,25,華南永昌-虎尾,2023-04-11,9377
6139,亞翔,25,0,25,華南永昌-虎尾,2023-04-11,9377
5328,華容,30,6,24,華南永昌-虎尾,2023-04-11,9377
2356,英業達,22,0,22,華南永昌-虎尾,2023-04-11,9377
1210,大成,20,0,20,華南永昌-虎尾,2023-04-11,9377
1615,大山,20,0,20,華南永昌-虎尾,2023-04-11,9377
3231,緯創,35,15,20,華南永昌-虎尾,2023-04-11,9377
3714,富采,25,5,20,華南永昌-虎尾,2023-04-11,9377
2402,毅嘉,20,0,20,華南永昌-虎尾,2023-04-11,9377
3558,神準,27,8,19,華南永昌-虎尾,2023-04-11,9377
2208,台船,16,0,16,華南永昌-虎尾,2023-04-11,9377
6175,立敦,16,2,14,華南永昌-虎尾,2023-04-11,9377
3484,崧騰,13,1,12,華南永昌-虎尾,2023-04-11,9377
2303,聯電,19,7,12,華南永昌-虎尾,2023-04-11,9377
6770,力積電,23,11,12,華南永昌-虎尾,2023-04-11,9377
2382,廣達,15,3,12,華南永昌-虎尾,2023-04-11,9377
2401,凌陽,12,0,12,華南永昌-虎尾,2023-04-11,9377
1215,卜蜂,11,0,11,華南永昌-虎尾,2023-04-11,9377
2027,大成鋼,11,0,11,華南永昌-虎尾,2023-04-11,9377
6271,同欣電,11,0,11,華南永昌-虎尾,2023-04-11,9377
2905,三商,10,0,10,華南永昌-虎尾,2023-04-11,9377
00712,復華富時不動產,10,0,10,華南永昌-虎尾,2023-04-11,9377
00669R,國泰美國道瓊反1,10,0,10,華南永昌-虎尾,2023-04-11,9377
00632R,元大台灣50反1,10,0,10,華南永昌-虎尾,2023-04-11,9377
00891,中信關鍵半導體,20,10,10,華南永昌-虎尾,2023-04-11,9377
1524,耿鼎,10,0,10,華南永昌-虎尾,2023-04-11,9377
2230,泰茂,10,0,10,華南永昌-虎尾,2023-04-11,9377
2349,錸德,10,0,10,華南永昌-虎尾,2023-04-11,9377
2427,三商電,10,0,10,華南永昌-虎尾,2023-04-11,9377
2530,華建,10,0,10,華南永昌-虎尾,2023-04-11,9377
4157,太景*-KY,10,0,10,華南永昌-虎尾,2023-04-11,9377
5426,振發,10,0,10,華南永昌-虎尾,2023-04-11,9377
8182,加高,10,0,10,華南永昌-虎尾,2023-04-11,9377
9945,潤泰新,10,0,10,華南永昌-虎尾,2023-04-11,9377
2457,飛宏,13,4,9,華南永昌-虎尾,2023-04-11,9377
2390,云辰,9,0,9,華南永昌-虎尾,2023-04-11,9377
2444,兆勁,9,0,9,華南永昌-虎尾,2023-04-11,9377
00720B,元大投資級公司債,107,0,107,華南永昌-虎尾,2023-04-12,9377
2027,大成鋼,57,1,56,華南永昌-虎尾,2023-04-12,9377
2367,燿華,56,3,53,華南永昌-虎尾,2023-04-12,9377
1526,日馳,49,0,49,華南永昌-虎尾,2023-04-12,9377
1102,亞泥,38,0,38,華南永昌-虎尾,2023-04-12,9377
8171,天宇,37,0,37,華南永昌-虎尾,2023-04-12,9377
2371,大同,36,0,36,華南永昌-虎尾,2023-04-12,9377
00878,國泰永續高股息,61,26,35,華南永昌-虎尾,2023-04-12,9377
1504,東元,38,6,32,華南永昌-虎尾,2023-04-12,9377
00679B,元大美債20年,31,0,31,華南永昌-虎尾,2023-04-12,9377
3545,敦泰,66,36,30,華南永昌-虎尾,2023-04-12,9377
1720,生達,30,0,30,華南永昌-虎尾,2023-04-12,9377
4167,松瑞藥,30,0,30,華南永昌-虎尾,2023-04-12,9377
6196,帆宣,30,0,30,華南永昌-虎尾,2023-04-12,9377
6573,虹揚-KY,30,0,30,華南永昌-虎尾,2023-04-12,9377
6770,力積電,39,9,30,華南永昌-虎尾,2023-04-12,9377
3580,友威科,29,0,29,華南永昌-虎尾,2023-04-12,9377
00753L,中信中國50正2,26,0,26,華南永昌-虎尾,2023-04-12,9377
1605,華新,63,39,24,華南永昌-虎尾,2023-04-12,9377
2897,王道銀行,30,6,24,華南永昌-虎尾,2023-04-12,9377
00665L,富邦�琤肭磪囓�2,22,0,22,華南永昌-虎尾,2023-04-12,9377
2610,華航,22,0,22,華南永昌-虎尾,2023-04-12,9377
3081,聯亞,21,0,21,華南永昌-虎尾,2023-04-12,9377
00885,富邦越南,20,0,20,華南永昌-虎尾,2023-04-12,9377
1909,榮成,20,0,20,華南永昌-虎尾,2023-04-12,9377
3535,晶彩科,20,2,18,華南永昌-虎尾,2023-04-12,9377
3014,聯陽,21,4,17,華南永昌-虎尾,2023-04-12,9377
2206,三陽工業,25,10,15,華南永昌-虎尾,2023-04-12,9377
4155,訊映,15,0,15,華南永昌-虎尾,2023-04-12,9377
6179,亞通,15,0,15,華南永昌-虎尾,2023-04-12,9377
8038,長園科,21,6,15,華南永昌-虎尾,2023-04-12,9377
2637,慧洋-KY,14,1,13,華南永昌-虎尾,2023-04-12,9377
00637L,元大滬深300正2,34,22,12,華南永昌-虎尾,2023-04-12,9377
2305,全友,12,0,12,華南永昌-虎尾,2023-04-12,9377
4960,誠美材,25,13,12,華南永昌-虎尾,2023-04-12,9377
6231,系微,12,0,12,華南永昌-虎尾,2023-04-12,9377
8933,愛地雅,11,0,11,華南永昌-虎尾,2023-04-12,9377
2317,鴻海,11,0,11,華南永昌-虎尾,2023-04-12,9377
4927,泰鼎-KY,13,2,11,華南永昌-虎尾,2023-04-12,9377
1216,統一,16,5,11,華南永昌-虎尾,2023-04-12,9377
2390,云辰,11,0,11,華南永昌-虎尾,2023-04-12,9377
3059,華晶科,11,0,11,華南永昌-虎尾,2023-04-12,9377
9958,世紀鋼,12,1,11,華南永昌-虎尾,2023-04-12,9377
1308,亞聚,10,0,10,華南永昌-虎尾,2023-04-12,9377
1310,台苯,10,0,10,華南永昌-虎尾,2023-04-12,9377
1612,宏泰,10,0,10,華南永昌-虎尾,2023-04-12,9377
2332,友訊,10,0,10,華南永昌-虎尾,2023-04-12,9377
2457,飛宏,19,9,10,華南永昌-虎尾,2023-04-12,9377
2462,良得電,18,8,10,華南永昌-虎尾,2023-04-12,9377
3257,虹冠電,10,0,10,華南永昌-虎尾,2023-04-12,9377
00753L,中信中國50正2,57,5,52,華南永昌-虎尾,2023-04-13,9377
2543,皇昌,50,0,50,華南永昌-虎尾,2023-04-13,9377
6175,立敦,44,1,43,華南永昌-虎尾,2023-04-13,9377
1503,士電,48,10,38,華南永昌-虎尾,2023-04-13,9377
2457,飛宏,51,14,37,華南永昌-虎尾,2023-04-13,9377
3711,日月光投控,42,9,33,華南永昌-虎尾,2023-04-13,9377
3059,華晶科,33,0,33,華南永昌-虎尾,2023-04-13,9377
3056,富華新,36,5,31,華南永昌-虎尾,2023-04-13,9377
2540,愛山林,31,1,30,華南永昌-虎尾,2023-04-13,9377
6231,系微,30,1,29,華南永昌-虎尾,2023-04-13,9377
00922,國泰台灣領袖50,28,0,28,華南永昌-虎尾,2023-04-13,9377
6163,華電網,36,10,26,華南永昌-虎尾,2023-04-13,9377
2867,三商壽,41,17,24,華南永昌-虎尾,2023-04-13,9377
2363,矽統,34,10,24,華南永昌-虎尾,2023-04-13,9377
00712,復華富時不動產,23,0,23,華南永昌-虎尾,2023-04-13,9377
2388,威盛,24,1,23,華南永昌-虎尾,2023-04-13,9377
3049,精金,20,0,20,華南永昌-虎尾,2023-04-13,9377
3257,虹冠電,20,0,20,華南永昌-虎尾,2023-04-13,9377
8064,東捷,20,0,20,華南永昌-虎尾,2023-04-13,9377
8261,富鼎,20,2,18,華南永昌-虎尾,2023-04-13,9377
3545,敦泰,24,6,18,華南永昌-虎尾,2023-04-13,9377
8383,千附,32,14,18,華南永昌-虎尾,2023-04-13,9377
1102,亞泥,16,0,16,華南永昌-虎尾,2023-04-13,9377
1609,大亞,54,38,16,華南永昌-虎尾,2023-04-13,9377
2368,金像電,25,9,16,華南永昌-虎尾,2023-04-13,9377
1513,中興電,22,6,16,華南永昌-虎尾,2023-04-13,9377
00878,國泰永續高股息,19,3,16,華南永昌-虎尾,2023-04-13,9377
2208,台船,94,79,15,華南永昌-虎尾,2023-04-13,9377
3005,神基,16,1,15,華南永昌-虎尾,2023-04-13,9377
3093,港建*,15,0,15,華南永昌-虎尾,2023-04-13,9377
2329,華泰,15,1,14,華南永昌-虎尾,2023-04-13,9377
3624,光頡,18,5,13,華南永昌-虎尾,2023-04-13,9377
2382,廣達,15,2,13,華南永昌-虎尾,2023-04-13,9377
3027,盛達,16,5,11,華南永昌-虎尾,2023-04-13,9377
6109,亞元,11,0,11,華南永昌-虎尾,2023-04-13,9377
9962,有益,12,1,11,華南永昌-虎尾,2023-04-13,9377
00673R,期元大S＆P原油反1,10,0,10,華南永昌-虎尾,2023-04-13,9377
1618,合機,10,0,10,華南永昌-虎尾,2023-04-13,9377
2014,中鴻,12,2,10,華南永昌-虎尾,2023-04-13,9377
2303,聯電,14,4,10,華南永昌-虎尾,2023-04-13,9377
2489,瑞軒,40,30,10,華南永昌-虎尾,2023-04-13,9377
3535,晶彩科,10,0,10,華南永昌-虎尾,2023-04-13,9377
4915,致伸,10,0,10,華南永昌-虎尾,2023-04-13,9377
5426,振發,10,0,10,華南永昌-虎尾,2023-04-13,9377
6196,帆宣,10,0,10,華南永昌-虎尾,2023-04-13,9377
6465,威潤,10,0,10,華南永昌-虎尾,2023-04-13,9377
3576,聯合再生,23,13,10,華南永昌-虎尾,2023-04-13,9377
00891,中信關鍵半導體,9,0,9,華南永昌-虎尾,2023-04-13,9377
2367,燿華,12,3,9,華南永昌-虎尾,2023-04-13,9377
5608,四維航,10,1,9,華南永昌-虎尾,2023-04-13,9377
2515,中工,318,22,296,華南永昌-虎尾,2023-04-14,9377
4306,炎洲,214,0,214,華南永昌-虎尾,2023-04-14,9377
00680L,元大美債20正2,115,0,115,華南永昌-虎尾,2023-04-14,9377
00632R,元大台灣50反1,105,0,105,華南永昌-虎尾,2023-04-14,9377
3576,聯合再生,83,3,80,華南永昌-虎尾,2023-04-14,9377
6179,亞通,106,33,73,華南永昌-虎尾,2023-04-14,9377
5351,鈺創,66,2,64,華南永昌-虎尾,2023-04-14,9377
1720,生達,60,1,59,華南永昌-虎尾,2023-04-14,9377
2634,漢翔,108,54,54,華南永昌-虎尾,2023-04-14,9377
4147,中裕,53,0,53,華南永昌-虎尾,2023-04-14,9377
2888,新光金,53,0,53,華南永昌-虎尾,2023-04-14,9377
1609,大亞,81,30,51,華南永昌-虎尾,2023-04-14,9377
4167,松瑞藥,50,0,50,華南永昌-虎尾,2023-04-14,9377
2211,長榮鋼,46,2,44,華南永昌-虎尾,2023-04-14,9377
2834,臺企銀,42,0,42,華南永昌-虎尾,2023-04-14,9377
2002,中鋼,41,1,40,華南永昌-虎尾,2023-04-14,9377
3432,台端,40,0,40,華南永昌-虎尾,2023-04-14,9377
2303,聯電,39,4,35,華南永昌-虎尾,2023-04-14,9377
5426,振發,34,0,34,華南永昌-虎尾,2023-04-14,9377
8110,華東,38,5,33,華南永昌-虎尾,2023-04-14,9377
5009,榮剛,39,8,31,華南永昌-虎尾,2023-04-14,9377
00669R,國泰美國道瓊反1,30,0,30,華南永昌-虎尾,2023-04-14,9377
1529,樂事綠能,47,18,29,華南永昌-虎尾,2023-04-14,9377
4968,立積,31,4,27,華南永昌-虎尾,2023-04-14,9377
3059,華晶科,31,6,25,華南永昌-虎尾,2023-04-14,9377
1536,和大,25,0,25,華南永昌-虎尾,2023-04-14,9377
2645,長榮航太,27,3,24,華南永昌-虎尾,2023-04-14,9377
1316,上曜,22,0,22,華南永昌-虎尾,2023-04-14,9377
4157,太景*-KY,36,14,22,華南永昌-虎尾,2023-04-14,9377
2609,陽明,34,14,20,華南永昌-虎尾,2023-04-14,9377
2358,廷鑫,30,10,20,華南永昌-虎尾,2023-04-14,9377
6026,福邦證,20,0,20,華南永昌-虎尾,2023-04-14,9377
2883,凱基金,20,1,19,華南永昌-虎尾,2023-04-14,9377
00679B,元大美債20年,18,0,18,華南永昌-虎尾,2023-04-14,9377
00772B,中信高評級公司債,18,0,18,華南永昌-虎尾,2023-04-14,9377
1101,台泥,19,2,17,華南永昌-虎尾,2023-04-14,9377
2618,長榮航,18,2,16,華南永昌-虎尾,2023-04-14,9377
8936,國統,21,5,16,華南永昌-虎尾,2023-04-14,9377
6125,廣運,18,2,16,華南永昌-虎尾,2023-04-14,9377
2367,燿華,20,5,15,華南永昌-虎尾,2023-04-14,9377
2382,廣達,17,3,14,華南永昌-虎尾,2023-04-14,9377
00637L,元大滬深300正2,64,52,12,華南永昌-虎尾,2023-04-14,9377
3027,盛達,15,3,12,華南永昌-虎尾,2023-04-14,9377
5425,台半,13,1,12,華南永昌-虎尾,2023-04-14,9377
8222,寶一,16,4,12,華南永昌-虎尾,2023-04-14,9377
3013,晟銘電,15,4,11,華南永昌-虎尾,2023-04-14,9377
3019,亞光,14,3,11,華南永昌-虎尾,2023-04-14,9377
5309,系統電,11,0,11,華南永昌-虎尾,2023-04-14,9377
6235,華孚,44,33,11,華南永昌-虎尾,2023-04-14,9377
6282,康舒,11,0,11,華南永昌-虎尾,2023-04-14,9377
00680L,元大美債20正2,115,0,115,華南永昌-虎尾,2023-04-17,9377
00673R,期元大S＆P原油反1,115,0,115,華南永昌-虎尾,2023-04-17,9377
3481,群創,111,3,108,華南永昌-虎尾,2023-04-17,9377
1101,台泥,135,34,101,華南永昌-虎尾,2023-04-17,9377
1802,台玻,100,0,100,華南永昌-虎尾,2023-04-17,9377
2634,漢翔,139,59,80,華南永昌-虎尾,2023-04-17,9377
1229,聯華,70,9,61,華南永昌-虎尾,2023-04-17,9377
2312,金寶,69,10,59,華南永昌-虎尾,2023-04-17,9377
6179,亞通,71,17,54,華南永昌-虎尾,2023-04-17,9377
3682,亞太電,50,0,50,華南永昌-虎尾,2023-04-17,9377
00632R,元大台灣50反1,40,0,40,華南永昌-虎尾,2023-04-17,9377
6140,訊達,40,1,39,華南永昌-虎尾,2023-04-17,9377
1605,華新,104,72,32,華南永昌-虎尾,2023-04-17,9377
2363,矽統,32,0,32,華南永昌-虎尾,2023-04-17,9377
00688L,國泰20年美債正2,30,0,30,華南永昌-虎尾,2023-04-17,9377
2323,中環,60,30,30,華南永昌-虎尾,2023-04-17,9377
3207,耀勝,31,1,30,華南永昌-虎尾,2023-04-17,9377
3714,富采,28,0,28,華南永昌-虎尾,2023-04-17,9377
6190,萬泰科,56,32,24,華南永昌-虎尾,2023-04-17,9377
5426,振發,23,0,23,華南永昌-虎尾,2023-04-17,9377
2867,三商壽,62,40,22,華南永昌-虎尾,2023-04-17,9377
00712,復華富時不動產,22,0,22,華南永昌-虎尾,2023-04-17,9377
2206,三陽工業,57,35,22,華南永昌-虎尾,2023-04-17,9377
2349,錸德,23,2,21,華南永昌-虎尾,2023-04-17,9377
3209,全科,20,0,20,華南永昌-虎尾,2023-04-17,9377
1409,新纖,30,10,20,華南永昌-虎尾,2023-04-17,9377
2611,志信,20,0,20,華南永昌-虎尾,2023-04-17,9377
2241,艾姆勒,19,0,19,華南永昌-虎尾,2023-04-17,9377
3591,艾笛森,20,1,19,華南永昌-虎尾,2023-04-17,9377
2609,陽明,55,37,18,華南永昌-虎尾,2023-04-17,9377
2402,毅嘉,18,0,18,華南永昌-虎尾,2023-04-17,9377
2618,長榮航,19,1,18,華南永昌-虎尾,2023-04-17,9377
6167,久正,29,12,17,華南永昌-虎尾,2023-04-17,9377
2243,宏旭-KY,16,0,16,華南永昌-虎尾,2023-04-17,9377
4915,致伸,25,10,15,華南永昌-虎尾,2023-04-17,9377
6109,亞元,15,0,15,華南永昌-虎尾,2023-04-17,9377
1618,合機,14,0,14,華南永昌-虎尾,2023-04-17,9377
6185,幃翔,14,0,14,華南永昌-虎尾,2023-04-17,9377
3059,華晶科,14,1,13,華南永昌-虎尾,2023-04-17,9377
1810,和成,15,2,13,華南永昌-虎尾,2023-04-17,9377
6125,廣運,15,3,12,華南永昌-虎尾,2023-04-17,9377
00753L,中信中國50正2,12,0,12,華南永昌-虎尾,2023-04-17,9377
5880,合庫金,12,0,12,華南永昌-虎尾,2023-04-17,9377
3029,零壹,17,6,11,華南永昌-虎尾,2023-04-17,9377
2344,華邦電,28,17,11,華南永昌-虎尾,2023-04-17,9377
2461,光群雷,11,0,11,華南永昌-虎尾,2023-04-17,9377
2705,六福,11,0,11,華南永昌-虎尾,2023-04-17,9377
3035,智原,13,2,11,華南永昌-虎尾,2023-04-17,9377
2892,第一金,11,0,11,華南永昌-虎尾,2023-04-17,9377
1701,中化,10,0,10,華南永昌-虎尾,2023-04-17,9377
00673R,期元大S＆P原油反1,393,6,387,華南永昌-虎尾,2023-04-18,9377
2317,鴻海,132,10,122,華南永昌-虎尾,2023-04-18,9377
00680L,元大美債20正2,122,10,112,華南永昌-虎尾,2023-04-18,9377
2897,王道銀行,150,51,99,華南永昌-虎尾,2023-04-18,9377
6509,聚和,101,2,99,華南永昌-虎尾,2023-04-18,9377
1615,大山,90,0,90,華南永昌-虎尾,2023-04-18,9377
00637L,元大滬深300正2,176,102,74,華南永昌-虎尾,2023-04-18,9377
2601,益航,71,1,70,華南永昌-虎尾,2023-04-18,9377
00669R,國泰美國道瓊反1,50,0,50,華南永昌-虎尾,2023-04-18,9377
2323,中環,50,0,50,華南永昌-虎尾,2023-04-18,9377
5009,榮剛,75,31,44,華南永昌-虎尾,2023-04-18,9377
2645,長榮航太,41,0,41,華南永昌-虎尾,2023-04-18,9377
1810,和成,40,2,38,華南永昌-虎尾,2023-04-18,9377
2498,宏達電,36,1,35,華南永昌-虎尾,2023-04-18,9377
1444,力麗,57,23,34,華南永昌-虎尾,2023-04-18,9377
3481,群創,38,5,33,華南永昌-虎尾,2023-04-18,9377
8033,雷虎,46,15,31,華南永昌-虎尾,2023-04-18,9377
00688L,國泰20年美債正2,40,10,30,華南永昌-虎尾,2023-04-18,9377
3059,華晶科,29,0,29,華南永昌-虎尾,2023-04-18,9377
2208,台船,76,47,29,華南永昌-虎尾,2023-04-18,9377
2610,華航,32,4,28,華南永昌-虎尾,2023-04-18,9377
2002,中鋼,30,4,26,華南永昌-虎尾,2023-04-18,9377
2241,艾姆勒,25,0,25,華南永昌-虎尾,2023-04-18,9377
00679B,元大美債20年,24,0,24,華南永昌-虎尾,2023-04-18,9377
8105,凌巨,37,13,24,華南永昌-虎尾,2023-04-18,9377
2401,凌陽,21,1,20,華南永昌-虎尾,2023-04-18,9377
5465,富驊,23,3,20,華南永昌-虎尾,2023-04-18,9377
8076,伍豐,20,0,20,華南永昌-虎尾,2023-04-18,9377
2359,所羅門,20,2,18,華南永昌-虎尾,2023-04-18,9377
4155,訊映,18,0,18,華南永昌-虎尾,2023-04-18,9377
5388,中磊,20,2,18,華南永昌-虎尾,2023-04-18,9377
5425,台半,19,1,18,華南永昌-虎尾,2023-04-18,9377
1609,大亞,44,27,17,華南永昌-虎尾,2023-04-18,9377
2453,凌群,26,10,16,華南永昌-虎尾,2023-04-18,9377
3545,敦泰,46,30,16,華南永昌-虎尾,2023-04-18,9377
4105,東洋,16,0,16,華南永昌-虎尾,2023-04-18,9377
5880,合庫金,16,0,16,華南永昌-虎尾,2023-04-18,9377
2417,圓剛,15,0,15,華南永昌-虎尾,2023-04-18,9377
6706,惠特,15,0,15,華南永昌-虎尾,2023-04-18,9377
1522,堤維西,39,24,15,華南永昌-虎尾,2023-04-18,9377
2867,三商壽,16,2,14,華南永昌-虎尾,2023-04-18,9377
00772B,中信高評級公司債,14,0,14,華南永昌-虎尾,2023-04-18,9377
3006,晶豪科,14,0,14,華南永昌-虎尾,2023-04-18,9377
3362,先進光,20,7,13,華南永昌-虎尾,2023-04-18,9377
6104,創惟,14,1,13,華南永昌-虎尾,2023-04-18,9377
6573,虹揚-KY,13,0,13,華南永昌-虎尾,2023-04-18,9377
2605,新興,12,0,12,華南永昌-虎尾,2023-04-18,9377
3025,星通,15,3,12,華南永昌-虎尾,2023-04-18,9377
6282,康舒,21,9,12,華南永昌-虎尾,2023-04-18,9377
1785,光洋科,15,4,11,華南永昌-虎尾,2023-04-18,9377
2515,中工,162,4,158,華南永昌-虎尾,2023-04-19,9377
6120,達運,151,0,151,華南永昌-虎尾,2023-04-19,9377
1701,中化,149,0,149,華南永昌-虎尾,2023-04-19,9377
2208,台船,146,24,122,華南永昌-虎尾,2023-04-19,9377
00897,富邦基因免疫生技,90,0,90,華南永昌-虎尾,2023-04-19,9377
2363,矽統,81,0,81,華南永昌-虎尾,2023-04-19,9377
2317,鴻海,73,2,71,華南永昌-虎尾,2023-04-19,9377
00665L,富邦�琤肭磪囓�2,47,0,47,華南永昌-虎尾,2023-04-19,9377
2413,環科,48,3,45,華南永昌-虎尾,2023-04-19,9377
1611,中電,42,2,40,華南永昌-虎尾,2023-04-19,9377
4114,健喬,41,1,40,華南永昌-虎尾,2023-04-19,9377
2002,中鋼,40,2,38,華南永昌-虎尾,2023-04-19,9377
6443,元晶,84,48,36,華南永昌-虎尾,2023-04-19,9377
2356,英業達,35,0,35,華南永昌-虎尾,2023-04-19,9377
1532,勤美,32,0,32,華南永昌-虎尾,2023-04-19,9377
4979,華星光,42,11,31,華南永昌-虎尾,2023-04-19,9377
3673,TPK-KY,66,35,31,華南永昌-虎尾,2023-04-19,9377
8358,金居,33,3,30,華南永昌-虎尾,2023-04-19,9377
00676R,富邦臺灣加權反1,28,0,28,華南永昌-虎尾,2023-04-19,9377
4306,炎洲,28,0,28,華南永昌-虎尾,2023-04-19,9377
4123,晟德,30,3,27,華南永昌-虎尾,2023-04-19,9377
1467,南緯,26,0,26,華南永昌-虎尾,2023-04-19,9377
2303,聯電,51,25,26,華南永昌-虎尾,2023-04-19,9377
6548,長科*,26,0,26,華南永昌-虎尾,2023-04-19,9377
2241,艾姆勒,25,0,25,華南永昌-虎尾,2023-04-19,9377
2705,六福,25,0,25,華南永昌-虎尾,2023-04-19,9377
1529,樂事綠能,48,24,24,華南永昌-虎尾,2023-04-19,9377
6770,力積電,36,14,22,華南永昌-虎尾,2023-04-19,9377
2457,飛宏,27,5,22,華南永昌-虎尾,2023-04-19,9377
8105,凌巨,22,0,22,華南永昌-虎尾,2023-04-19,9377
2331,精英,20,0,20,華南永昌-虎尾,2023-04-19,9377
00679B,元大美債20年,19,0,19,華南永昌-虎尾,2023-04-19,9377
2601,益航,18,0,18,華南永昌-虎尾,2023-04-19,9377
3003,健和興,26,8,18,華南永昌-虎尾,2023-04-19,9377
6134,萬旭,20,2,18,華南永昌-虎尾,2023-04-19,9377
5426,振發,16,0,16,華南永昌-虎尾,2023-04-19,9377
3019,亞光,15,0,15,華南永昌-虎尾,2023-04-19,9377
3432,台端,15,0,15,華南永昌-虎尾,2023-04-19,9377
5203,訊連,14,0,14,華南永昌-虎尾,2023-04-19,9377
3189,景碩,16,2,14,華南永昌-虎尾,2023-04-19,9377
2009,第一銅,14,1,13,華南永昌-虎尾,2023-04-19,9377
00637L,元大滬深300正2,20,7,13,華南永昌-虎尾,2023-04-19,9377
2312,金寶,12,0,12,華南永昌-虎尾,2023-04-19,9377
3047,訊舟,35,24,11,華南永昌-虎尾,2023-04-19,9377
6606,建德工業,11,0,11,華南永昌-虎尾,2023-04-19,9377
2618,長榮航,10,0,10,華南永昌-虎尾,2023-04-19,9377
00633L,富邦上証正2,10,0,10,華南永昌-虎尾,2023-04-19,9377
00753L,中信中國50正2,10,0,10,華南永昌-虎尾,2023-04-19,9377
1528,恩德,10,0,10,華南永昌-虎尾,2023-04-19,9377
2206,三陽工業,12,2,10,華南永昌-虎尾,2023-04-19,9377
2427,三商電,75,0,75,華南永昌-虎尾,2023-04-20,9377
3715,定穎投控,60,0,60,華南永昌-虎尾,2023-04-20,9377
6509,聚和,60,0,60,華南永昌-虎尾,2023-04-20,9377
6125,廣運,51,0,51,華南永昌-虎尾,2023-04-20,9377
4157,太景*-KY,81,30,51,華南永昌-虎尾,2023-04-20,9377
3058,立德,61,10,51,華南永昌-虎尾,2023-04-20,9377
2615,萬海,47,2,45,華南永昌-虎尾,2023-04-20,9377
3481,群創,51,10,41,華南永昌-虎尾,2023-04-20,9377
2530,華建,40,0,40,華南永昌-虎尾,2023-04-20,9377
2408,南亞科,37,0,37,華南永昌-虎尾,2023-04-20,9377
2610,華航,36,2,34,華南永昌-虎尾,2023-04-20,9377
00878,國泰永續高股息,32,0,32,華南永昌-虎尾,2023-04-20,9377
3363,上詮,31,0,31,華南永昌-虎尾,2023-04-20,9377
2601,益航,31,3,28,華南永昌-虎尾,2023-04-20,9377
00715L,期街口布蘭特正2,37,10,27,華南永昌-虎尾,2023-04-20,9377
1615,大山,27,0,27,華南永昌-虎尾,2023-04-20,9377
2241,艾姆勒,25,0,25,華南永昌-虎尾,2023-04-20,9377
3605,宏致,25,0,25,華南永昌-虎尾,2023-04-20,9377
6443,元晶,31,6,25,華南永昌-虎尾,2023-04-20,9377
1314,中石化,35,11,24,華南永昌-虎尾,2023-04-20,9377
1522,堤維西,26,2,24,華南永昌-虎尾,2023-04-20,9377
2337,旺宏,22,0,22,華南永昌-虎尾,2023-04-20,9377
3545,敦泰,22,0,22,華南永昌-虎尾,2023-04-20,9377
1101,台泥,29,8,21,華南永昌-虎尾,2023-04-20,9377
6592,和潤企業,21,0,21,華南永昌-虎尾,2023-04-20,9377
3013,晟銘電,22,1,21,華南永昌-虎尾,2023-04-20,9377
1467,南緯,20,0,20,華南永昌-虎尾,2023-04-20,9377
1532,勤美,20,0,20,華南永昌-虎尾,2023-04-20,9377
2888,新光金,20,0,20,華南永昌-虎尾,2023-04-20,9377
3712,永崴投控,20,0,20,華南永昌-虎尾,2023-04-20,9377
4739,康普,20,0,20,華南永昌-虎尾,2023-04-20,9377
1708,東鹼,22,4,18,華南永昌-虎尾,2023-04-20,9377
2353,宏��,20,2,18,華南永昌-虎尾,2023-04-20,9377
3056,富華新,18,0,18,華南永昌-虎尾,2023-04-20,9377
8358,金居,20,2,18,華南永昌-虎尾,2023-04-20,9377
1760,寶齡富錦,16,1,15,華南永昌-虎尾,2023-04-20,9377
2208,台船,38,23,15,華南永昌-虎尾,2023-04-20,9377
3078,僑威,28,13,15,華南永昌-虎尾,2023-04-20,9377
2449,京元電子,14,0,14,華南永昌-虎尾,2023-04-20,9377
2498,宏達電,21,7,14,華南永昌-虎尾,2023-04-20,9377
3532,台勝科,14,0,14,華南永昌-虎尾,2023-04-20,9377
1907,永豐餘,20,7,13,華南永昌-虎尾,2023-04-20,9377
9941,裕融,15,2,13,華南永昌-虎尾,2023-04-20,9377
1904,正隆,18,5,13,華南永昌-虎尾,2023-04-20,9377
6285,啟��,13,0,13,華南永昌-虎尾,2023-04-20,9377
6548,長科*,15,2,13,華南永昌-虎尾,2023-04-20,9377
1810,和成,25,13,12,華南永昌-虎尾,2023-04-20,9377
1216,統一,12,0,12,華南永昌-虎尾,2023-04-20,9377
3059,華晶科,12,0,12,華南永昌-虎尾,2023-04-20,9377
6129,普誠,15,3,12,華南永昌-虎尾,2023-04-20,9377
2705,六福,146,5,141,華南永昌-虎尾,2023-04-21,9377
4157,太景*-KY,112,3,109,華南永昌-虎尾,2023-04-21,9377
4128,中天,101,0,101,華南永昌-虎尾,2023-04-21,9377
2897,王道銀行,150,50,100,華南永昌-虎尾,2023-04-21,9377
2371,大同,101,26,75,華南永昌-虎尾,2023-04-21,9377
2601,益航,75,0,75,華南永昌-虎尾,2023-04-21,9377
3058,立德,70,4,66,華南永昌-虎尾,2023-04-21,9377
4167,松瑞藥,65,0,65,華南永昌-虎尾,2023-04-21,9377
2634,漢翔,104,41,63,華南永昌-虎尾,2023-04-21,9377
00897,富邦基因免疫生技,60,0,60,華南永昌-虎尾,2023-04-21,9377
2409,友達,54,1,53,華南永昌-虎尾,2023-04-21,9377
6509,聚和,54,3,51,華南永昌-虎尾,2023-04-21,9377
2609,陽明,52,5,47,華南永昌-虎尾,2023-04-21,9377
2323,中環,41,0,41,華南永昌-虎尾,2023-04-21,9377
6285,啟��,43,3,40,華南永昌-虎尾,2023-04-21,9377
5426,振發,39,0,39,華南永昌-虎尾,2023-04-21,9377
2303,聯電,49,13,36,華南永昌-虎尾,2023-04-21,9377
3037,欣興,42,9,33,華南永昌-虎尾,2023-04-21,9377
1710,東聯,32,0,32,華南永昌-虎尾,2023-04-21,9377
8182,加高,31,0,31,華南永昌-虎尾,2023-04-21,9377
6231,系微,30,0,30,華南永昌-虎尾,2023-04-21,9377
6550,北極星藥業-KY,31,1,30,華南永昌-虎尾,2023-04-21,9377
4968,立積,46,19,27,華南永昌-虎尾,2023-04-21,9377
2241,艾姆勒,24,0,24,華南永昌-虎尾,2023-04-21,9377
2427,三商電,24,0,24,華南永昌-虎尾,2023-04-21,9377
3056,富華新,22,0,22,華南永昌-虎尾,2023-04-21,9377
3149,正達,22,0,22,華南永昌-虎尾,2023-04-21,9377
5009,榮剛,47,25,22,華南永昌-虎尾,2023-04-21,9377
00902,中信電池及儲能,20,0,20,華南永昌-虎尾,2023-04-21,9377
1305,華夏,20,0,20,華南永昌-虎尾,2023-04-21,9377
1615,大山,20,0,20,華南永昌-虎尾,2023-04-21,9377
3545,敦泰,20,1,19,華南永昌-虎尾,2023-04-21,9377
2344,華邦電,29,12,17,華南永昌-虎尾,2023-04-21,9377
6282,康舒,36,19,17,華南永昌-虎尾,2023-04-21,9377
00900,富邦特選高股息30,16,0,16,華南永昌-虎尾,2023-04-21,9377
3605,宏致,16,0,16,華南永昌-虎尾,2023-04-21,9377
2208,台船,118,102,16,華南永昌-虎尾,2023-04-21,9377
2002,中鋼,15,0,15,華南永昌-虎尾,2023-04-21,9377
4123,晟德,15,0,15,華南永昌-虎尾,2023-04-21,9377
00715L,期街口布蘭特正2,16,2,14,華南永昌-虎尾,2023-04-21,9377
00753L,中信中國50正2,13,0,13,華南永昌-虎尾,2023-04-21,9377
1909,榮成,15,2,13,華南永昌-虎尾,2023-04-21,9377
2515,中工,13,0,13,華南永昌-虎尾,2023-04-21,9377
5425,台半,16,3,13,華南永昌-虎尾,2023-04-21,9377
6278,台表科,13,0,13,華南永昌-虎尾,2023-04-21,9377
2603,長榮,12,0,12,華南永昌-虎尾,2023-04-21,9377
2351,順德,12,0,12,華南永昌-虎尾,2023-04-21,9377
2369,菱生,12,0,12,華南永昌-虎尾,2023-04-21,9377
6271,同欣電,14,3,11,華南永昌-虎尾,2023-04-21,9377
1504,東元,25,14,11,華南永昌-虎尾,2023-04-21,9377
00637L,元大滬深300正2,141,23,118,華南永昌-虎尾,2023-04-24,9377
00664R,國泰臺灣加權反1,100,0,100,華南永昌-虎尾,2023-04-24,9377
1611,中電,100,1,99,華南永昌-虎尾,2023-04-24,9377
00902,中信電池及儲能,73,8,65,華南永昌-虎尾,2023-04-24,9377
1720,生達,70,13,57,華南永昌-虎尾,2023-04-24,9377
4906,正文,50,2,48,華南永昌-虎尾,2023-04-24,9377
4916,事欣科,40,0,40,華南永昌-虎尾,2023-04-24,9377
1218,泰山,30,0,30,華南永昌-虎尾,2023-04-24,9377
00752,中信中國50,30,0,30,華南永昌-虎尾,2023-04-24,9377
2241,艾姆勒,20,0,20,華南永昌-虎尾,2023-04-24,9377
3624,光頡,20,0,20,華南永昌-虎尾,2023-04-24,9377
2206,三陽工業,22,3,19,華南永昌-虎尾,2023-04-24,9377
2705,六福,19,0,19,華南永昌-虎尾,2023-04-24,9377
2031,新光鋼,20,2,18,華南永昌-虎尾,2023-04-24,9377
2303,聯電,23,6,17,華南永昌-虎尾,2023-04-24,9377
5426,振發,16,0,16,華南永昌-虎尾,2023-04-24,9377
00715L,期街口布蘭特正2,16,1,15,華南永昌-虎尾,2023-04-24,9377
2344,華邦電,40,25,15,華南永昌-虎尾,2023-04-24,9377
6182,合晶,15,1,14,華南永昌-虎尾,2023-04-24,9377
2609,陽明,19,5,14,華南永昌-虎尾,2023-04-24,9377
6592,和潤企業,16,2,14,華南永昌-虎尾,2023-04-24,9377
4743,合一,15,3,12,華南永昌-虎尾,2023-04-24,9377
00635U,期元大S＆P黃金,12,0,12,華南永昌-虎尾,2023-04-24,9377
2913,農林,16,4,12,華南永昌-虎尾,2023-04-24,9377
3576,聯合再生,13,1,12,華南永昌-虎尾,2023-04-24,9377
6770,力積電,14,3,11,華南永昌-虎尾,2023-04-24,9377
6288,聯嘉,13,2,11,華南永昌-虎尾,2023-04-24,9377
00885,富邦越南,10,0,10,華南永昌-虎尾,2023-04-24,9377
00665L,富邦�琤肭磪囓�2,10,0,10,華南永昌-虎尾,2023-04-24,9377
1312,國喬,10,0,10,華南永昌-虎尾,2023-04-24,9377
2014,中鴻,10,0,10,華南永昌-虎尾,2023-04-24,9377
2867,三商壽,10,0,10,華南永昌-虎尾,2023-04-24,9377
4908,前鼎,10,0,10,華南永昌-虎尾,2023-04-24,9377
6244,茂迪,19,9,10,華南永昌-虎尾,2023-04-24,9377
6456,GIS-KY,10,0,10,華南永昌-虎尾,2023-04-24,9377
2498,宏達電,11,1,10,華南永昌-虎尾,2023-04-24,9377
2354,鴻準,9,0,9,華南永昌-虎尾,2023-04-24,9377
8046,南電,16,7,9,華南永昌-虎尾,2023-04-24,9377
2409,友達,9,0,9,華南永昌-虎尾,2023-04-24,9377
6279,胡連,8,0,8,華南永昌-虎尾,2023-04-24,9377
1314,中石化,7,0,7,華南永昌-虎尾,2023-04-24,9377
6116,彩晶,17,10,7,華南永昌-虎尾,2023-04-24,9377
6441,廣錠,7,0,7,華南永昌-虎尾,2023-04-24,9377
00891,中信關鍵半導體,6,0,6,華南永昌-虎尾,2023-04-24,9377
00679B,元大美債20年,6,0,6,華南永昌-虎尾,2023-04-24,9377
1605,華新,14,8,6,華南永昌-虎尾,2023-04-24,9377
1907,永豐餘,18,12,6,華南永昌-虎尾,2023-04-24,9377
2027,大成鋼,6,0,6,華南永昌-虎尾,2023-04-24,9377
2314,台揚,6,0,6,華南永昌-虎尾,2023-04-24,9377
2449,京元電子,6,0,6,華南永昌-虎尾,2023-04-24,9377
1904,正隆,101,10,91,華南永昌-虎尾,2023-04-25,9377
2208,台船,112,25,87,華南永昌-虎尾,2023-04-25,9377
1101,台泥,108,36,72,華南永昌-虎尾,2023-04-25,9377
2313,華通,82,10,72,華南永昌-虎尾,2023-04-25,9377
2323,中環,80,22,58,華南永昌-虎尾,2023-04-25,9377
1453,大將,51,0,51,華南永昌-虎尾,2023-04-25,9377
4157,太景*-KY,81,31,50,華南永昌-虎尾,2023-04-25,9377
2610,華航,58,11,47,華南永昌-虎尾,2023-04-25,9377
2618,長榮航,45,1,44,華南永昌-虎尾,2023-04-25,9377
2031,新光鋼,42,0,42,華南永昌-虎尾,2023-04-25,9377
4908,前鼎,40,5,35,華南永昌-虎尾,2023-04-25,9377
6509,聚和,31,0,31,華南永昌-虎尾,2023-04-25,9377
1218,泰山,30,0,30,華南永昌-虎尾,2023-04-25,9377
3374,精材,29,0,29,華南永昌-虎尾,2023-04-25,9377
00878,國泰永續高股息,34,5,29,華南永昌-虎尾,2023-04-25,9377
2471,資通,47,19,28,華南永昌-虎尾,2023-04-25,9377
2303,聯電,69,42,27,華南永昌-虎尾,2023-04-25,9377
5426,振發,27,0,27,華南永昌-虎尾,2023-04-25,9377
6116,彩晶,27,0,27,華南永昌-虎尾,2023-04-25,9377
2353,宏��,28,2,26,華南永昌-虎尾,2023-04-25,9377
3059,華晶科,24,0,24,華南永昌-虎尾,2023-04-25,9377
3715,定穎投控,24,0,24,華南永昌-虎尾,2023-04-25,9377
2634,漢翔,78,54,24,華南永昌-虎尾,2023-04-25,9377
00902,中信電池及儲能,35,13,22,華南永昌-虎尾,2023-04-25,9377
2241,艾姆勒,22,0,22,華南永昌-虎尾,2023-04-25,9377
9919,康那香,320,298,22,華南永昌-虎尾,2023-04-25,9377
6770,力積電,25,4,21,華南永昌-虎尾,2023-04-25,9377
1721,三晃,24,3,21,華南永昌-虎尾,2023-04-25,9377
00665L,富邦�琤肭磪囓�2,20,0,20,華南永昌-虎尾,2023-04-25,9377
1314,中石化,61,41,20,華南永昌-虎尾,2023-04-25,9377
5471,松翰,20,0,20,華南永昌-虎尾,2023-04-25,9377
6231,系微,20,0,20,華南永昌-虎尾,2023-04-25,9377
00885,富邦越南,19,0,19,華南永昌-虎尾,2023-04-25,9377
2457,飛宏,37,21,16,華南永昌-虎尾,2023-04-25,9377
6799,來頡,19,3,16,華南永昌-虎尾,2023-04-25,9377
1905,華紙,36,21,15,華南永昌-虎尾,2023-04-25,9377
0056,元大高股息,23,9,14,華南永昌-虎尾,2023-04-25,9377
1504,東元,18,4,14,華南永昌-虎尾,2023-04-25,9377
6104,創惟,14,0,14,華南永昌-虎尾,2023-04-25,9377
00637L,元大滬深300正2,45,32,13,華南永昌-虎尾,2023-04-25,9377
1310,台苯,33,20,13,華南永昌-虎尾,2023-04-25,9377
8046,南電,30,18,12,華南永昌-虎尾,2023-04-25,9377
1526,日馳,12,0,12,華南永昌-虎尾,2023-04-25,9377
1615,大山,12,0,12,華南永昌-虎尾,2023-04-25,9377
1718,中纖,15,3,12,華南永昌-虎尾,2023-04-25,9377
1909,榮成,13,1,12,華南永昌-虎尾,2023-04-25,9377
2369,菱生,12,0,12,華南永昌-虎尾,2023-04-25,9377
8358,金居,12,0,12,華南永昌-虎尾,2023-04-25,9377
2337,旺宏,11,0,11,華南永昌-虎尾,2023-04-25,9377
2498,宏達電,20,9,11,華南永昌-虎尾,2023-04-25,9377
2888,新光金,105,0,105,華南永昌-虎尾,2023-04-26,9377
1101,台泥,115,39,76,華南永昌-虎尾,2023-04-26,9377
2609,陽明,71,2,69,華南永昌-虎尾,2023-04-26,9377
9945,潤泰新,51,0,51,華南永昌-虎尾,2023-04-26,9377
2634,漢翔,81,32,49,華南永昌-虎尾,2023-04-26,9377
1218,泰山,40,0,40,華南永昌-虎尾,2023-04-26,9377
2867,三商壽,35,0,35,華南永昌-虎尾,2023-04-26,9377
2337,旺宏,31,0,31,華南永昌-虎尾,2023-04-26,9377
00897,富邦基因免疫生技,30,0,30,華南永昌-虎尾,2023-04-26,9377
00712,復華富時不動產,26,0,26,華南永昌-虎尾,2023-04-26,9377
6592,和潤企業,23,0,23,華南永昌-虎尾,2023-04-26,9377
2610,華航,22,0,22,華南永昌-虎尾,2023-04-26,9377
00885,富邦越南,20,0,20,華南永昌-虎尾,2023-04-26,9377
1316,上曜,20,0,20,華南永昌-虎尾,2023-04-26,9377
3545,敦泰,20,0,20,華南永昌-虎尾,2023-04-26,9377
3715,定穎投控,20,0,20,華南永昌-虎尾,2023-04-26,9377
6443,元晶,24,6,18,華南永昌-虎尾,2023-04-26,9377
2409,友達,18,0,18,華南永昌-虎尾,2023-04-26,9377
3576,聯合再生,22,5,17,華南永昌-虎尾,2023-04-26,9377
8046,南電,25,10,15,華南永昌-虎尾,2023-04-26,9377
1709,和益,15,0,15,華南永昌-虎尾,2023-04-26,9377
2603,長榮,16,2,14,華南永昌-虎尾,2023-04-26,9377
1904,正隆,20,8,12,華南永昌-虎尾,2023-04-26,9377
1717,長興,12,0,12,華南永昌-虎尾,2023-04-26,9377
2495,普安,35,23,12,華南永昌-虎尾,2023-04-26,9377
6461,益得,12,0,12,華南永昌-虎尾,2023-04-26,9377
6770,力積電,17,5,12,華南永昌-虎尾,2023-04-26,9377
0050,元大台灣50,11,0,11,華南永昌-虎尾,2023-04-26,9377
2498,宏達電,44,33,11,華南永昌-虎尾,2023-04-26,9377
3019,亞光,11,0,11,華南永昌-虎尾,2023-04-26,9377
3058,立德,11,0,11,華南永昌-虎尾,2023-04-26,9377
6547,高端疫苗,12,1,11,華南永昌-虎尾,2023-04-26,9377
6509,聚和,10,0,10,華南永昌-虎尾,2023-04-26,9377
1711,永光,104,94,10,華南永昌-虎尾,2023-04-26,9377
2449,京元電子,11,1,10,華南永昌-虎尾,2023-04-26,9377
4157,太景*-KY,40,30,10,華南永昌-虎尾,2023-04-26,9377
1909,榮成,13,4,9,華南永昌-虎尾,2023-04-26,9377
2206,三陽工業,16,7,9,華南永昌-虎尾,2023-04-26,9377
00762,元大全球AI,10,1,9,華南永昌-虎尾,2023-04-26,9377
1503,士電,14,5,9,華南永昌-虎尾,2023-04-26,9377
1560,中砂,9,0,9,華南永昌-虎尾,2023-04-26,9377
2383,台光電,9,0,9,華南永昌-虎尾,2023-04-26,9377
5426,振發,9,0,9,華南永昌-虎尾,2023-04-26,9377
6148,驊宏資,11,2,9,華南永昌-虎尾,2023-04-26,9377
8222,寶一,26,17,9,華南永昌-虎尾,2023-04-26,9377
00715L,期街口布蘭特正2,13,5,8,華南永昌-虎尾,2023-04-26,9377
2342,茂矽,9,1,8,華南永昌-虎尾,2023-04-26,9377
2913,農林,9,1,8,華南永昌-虎尾,2023-04-26,9377
2618,長榮航,8,0,8,華南永昌-虎尾,2023-04-26,9377
6282,康舒,13,5,8,華南永昌-虎尾,2023-04-26,9377
00882,中信中國高股息,100,0,100,華南永昌-虎尾,2023-04-27,9377
1710,東聯,137,46,91,華南永昌-虎尾,2023-04-27,9377
00715L,期街口布蘭特正2,84,0,84,華南永昌-虎尾,2023-04-27,9377
1310,台苯,74,4,70,華南永昌-虎尾,2023-04-27,9377
0056,元大高股息,68,0,68,華南永昌-虎尾,2023-04-27,9377
00878,國泰永續高股息,71,10,61,華南永昌-虎尾,2023-04-27,9377
00753L,中信中國50正2,51,0,51,華南永昌-虎尾,2023-04-27,9377
2405,輔信,50,0,50,華南永昌-虎尾,2023-04-27,9377
3078,僑威,48,3,45,華南永昌-虎尾,2023-04-27,9377
2609,陽明,38,4,34,華南永昌-虎尾,2023-04-27,9377
1709,和益,45,15,30,華南永昌-虎尾,2023-04-27,9377
1229,聯華,30,2,28,華南永昌-虎尾,2023-04-27,9377
3265,台星科,26,0,26,華南永昌-虎尾,2023-04-27,9377
2634,漢翔,75,50,25,華南永昌-虎尾,2023-04-27,9377
1905,華紙,27,5,22,華南永昌-虎尾,2023-04-27,9377
4123,晟德,22,1,21,華南永昌-虎尾,2023-04-27,9377
3059,華晶科,21,0,21,華南永昌-虎尾,2023-04-27,9377
3673,TPK-KY,37,16,21,華南永昌-虎尾,2023-04-27,9377
1101,台泥,27,7,20,華南永昌-虎尾,2023-04-27,9377
1218,泰山,20,0,20,華南永昌-虎尾,2023-04-27,9377
00665L,富邦�琤肭磪囓�2,20,0,20,華南永昌-虎尾,2023-04-27,9377
3013,晟銘電,20,0,20,華南永昌-虎尾,2023-04-27,9377
2618,長榮航,37,18,19,華南永昌-虎尾,2023-04-27,9377
1471,首利,22,3,19,華南永昌-虎尾,2023-04-27,9377
00712,復華富時不動產,18,0,18,華南永昌-虎尾,2023-04-27,9377
8093,保銳,20,2,18,華南永昌-虎尾,2023-04-27,9377
1605,華新,27,10,17,華南永昌-虎尾,2023-04-27,9377
1528,恩德,16,0,16,華南永昌-虎尾,2023-04-27,9377
3037,欣興,20,4,16,華南永昌-虎尾,2023-04-27,9377
6116,彩晶,16,0,16,華南永昌-虎尾,2023-04-27,9377
1464,得力,14,0,14,華南永昌-虎尾,2023-04-27,9377
1711,永光,78,65,13,華南永昌-虎尾,2023-04-27,9377
2330,台積電,14,2,12,華南永昌-虎尾,2023-04-27,9377
3058,立德,12,0,12,華南永昌-虎尾,2023-04-27,9377
3081,聯亞,12,0,12,華南永昌-虎尾,2023-04-27,9377
00642U,期元大S＆P石油,11,0,11,華南永昌-虎尾,2023-04-27,9377
1714,和桐,28,17,11,華南永昌-虎尾,2023-04-27,9377
5222,全訊,14,3,11,華南永昌-虎尾,2023-04-27,9377
5426,振發,11,0,11,華南永昌-虎尾,2023-04-27,9377
6244,茂迪,23,12,11,華南永昌-虎尾,2023-04-27,9377
4960,誠美材,10,0,10,華南永昌-虎尾,2023-04-27,9377
2030,彰源,10,0,10,華南永昌-虎尾,2023-04-27,9377
2349,錸德,10,0,10,華南永昌-虎尾,2023-04-27,9377
2913,農林,14,4,10,華南永昌-虎尾,2023-04-27,9377
4306,炎洲,10,0,10,華南永昌-虎尾,2023-04-27,9377
8183,精星,10,0,10,華南永昌-虎尾,2023-04-27,9377
8926,台汽電,10,0,10,華南永昌-虎尾,2023-04-27,9377
2401,凌陽,11,1,10,華南永昌-虎尾,2023-04-27,9377
2363,矽統,20,10,10,華南永昌-虎尾,2023-04-27,9377
1216,統一,12,3,9,華南永昌-虎尾,2023-04-27,9377
00903,富邦元宇宙,160,0,160,華南永昌-虎尾,2023-04-28,9377
2880,華南金,147,10,137,華南永昌-虎尾,2023-04-28,9377
00632R,元大台灣50反1,100,0,100,華南永昌-虎尾,2023-04-28,9377
3711,日月光投控,70,2,68,華南永昌-虎尾,2023-04-28,9377
00715L,期街口布蘭特正2,70,2,68,華南永昌-虎尾,2023-04-28,9377
00650L,復華香港正2,55,0,55,華南永昌-虎尾,2023-04-28,9377
00900,富邦特選高股息30,55,0,55,華南永昌-虎尾,2023-04-28,9377
1701,中化,68,14,54,華南永昌-虎尾,2023-04-28,9377
3481,群創,105,55,50,華南永昌-虎尾,2023-04-28,9377
00923,群益台ESG低碳50,43,0,43,華南永昌-虎尾,2023-04-28,9377
2409,友達,49,9,40,華南永昌-虎尾,2023-04-28,9377
1752,南光,42,2,40,華南永昌-虎尾,2023-04-28,9377
2201,裕隆,40,1,39,華南永昌-虎尾,2023-04-28,9377
6282,康舒,46,12,34,華南永昌-虎尾,2023-04-28,9377
3081,聯亞,35,2,33,華南永昌-虎尾,2023-04-28,9377
2603,長榮,37,5,32,華南永昌-虎尾,2023-04-28,9377
3264,欣銓,37,6,31,華南永昌-虎尾,2023-04-28,9377
1444,力麗,30,0,30,華南永昌-虎尾,2023-04-28,9377
1218,泰山,30,0,30,華南永昌-虎尾,2023-04-28,9377
2520,冠德,30,0,30,華南永昌-虎尾,2023-04-28,9377
2498,宏達電,33,5,28,華南永昌-虎尾,2023-04-28,9377
6266,泰詠,27,1,26,華南永昌-虎尾,2023-04-28,9377
4977,眾達-KY,23,0,23,華南永昌-虎尾,2023-04-28,9377
2645,長榮航太,22,0,22,華南永昌-虎尾,2023-04-28,9377
6288,聯嘉,28,6,22,華南永昌-虎尾,2023-04-28,9377
00712,復華富時不動產,20,0,20,華南永昌-虎尾,2023-04-28,9377
3230,錦明,20,0,20,華南永昌-虎尾,2023-04-28,9377
3715,定穎投控,21,2,19,華南永昌-虎尾,2023-04-28,9377
1503,士電,35,17,18,華南永昌-虎尾,2023-04-28,9377
8121,越峰,24,6,18,華南永昌-虎尾,2023-04-28,9377
1711,永光,34,17,17,華南永昌-虎尾,2023-04-28,9377
2337,旺宏,17,0,17,華南永昌-虎尾,2023-04-28,9377
2609,陽明,23,7,16,華南永昌-虎尾,2023-04-28,9377
5426,振發,16,0,16,華南永昌-虎尾,2023-04-28,9377
8112,至上,16,0,16,華南永昌-虎尾,2023-04-28,9377
00688L,國泰20年美債正2,15,0,15,華南永昌-虎尾,2023-04-28,9377
2368,金像電,21,6,15,華南永昌-虎尾,2023-04-28,9377
2634,漢翔,73,58,15,華南永昌-虎尾,2023-04-28,9377
1536,和大,15,1,14,華南永昌-虎尾,2023-04-28,9377
3058,立德,27,14,13,華南永昌-虎尾,2023-04-28,9377
5425,台半,17,4,13,華南永昌-虎尾,2023-04-28,9377
2344,華邦電,52,40,12,華南永昌-虎尾,2023-04-28,9377
3056,富華新,12,0,12,華南永昌-虎尾,2023-04-28,9377
6209,今國光,12,0,12,華南永昌-虎尾,2023-04-28,9377
3035,智原,16,4,12,華南永昌-虎尾,2023-04-28,9377
2105,正新,11,0,11,華南永昌-虎尾,2023-04-28,9377
00892,富邦台灣半導體,10,0,10,華南永昌-虎尾,2023-04-28,9377
00680L,元大美債20正2,10,0,10,華南永昌-虎尾,2023-04-28,9377
2425,承啟,10,0,10,華南永昌-虎尾,2023-04-28,9377
3025,星通,13,3,10,華南永昌-虎尾,2023-04-28,9377
00664R,國泰臺灣加權反1,200,0,200,華南永昌-虎尾,2023-05-02,9377
2317,鴻海,217,89,128,華南永昌-虎尾,2023-05-02,9377
3705,永信,127,0,127,華南永昌-虎尾,2023-05-02,9377
2344,華邦電,113,0,113,華南永昌-虎尾,2023-05-02,9377
00673R,期元大S＆P原油反1,110,0,110,華南永昌-虎尾,2023-05-02,9377
2891,中信金,100,3,97,華南永昌-虎尾,2023-05-02,9377
3576,聯合再生,70,5,65,華南永昌-虎尾,2023-05-02,9377
00680L,元大美債20正2,62,0,62,華南永昌-虎尾,2023-05-02,9377
00632R,元大台灣50反1,51,0,51,華南永昌-虎尾,2023-05-02,9377
1809,中釉,51,6,45,華南永昌-虎尾,2023-05-02,9377
1605,華新,59,17,42,華南永昌-虎尾,2023-05-02,9377
2520,冠德,40,0,40,華南永昌-虎尾,2023-05-02,9377
00720B,元大投資級公司債,35,0,35,華南永昌-虎尾,2023-05-02,9377
00878,國泰永續高股息,33,0,33,華南永昌-虎尾,2023-05-02,9377
1467,南緯,30,0,30,華南永昌-虎尾,2023-05-02,9377
00688L,國泰20年美債正2,30,0,30,華南永昌-虎尾,2023-05-02,9377
3481,群創,61,32,29,華南永昌-虎尾,2023-05-02,9377
4121,優盛,30,3,27,華南永昌-虎尾,2023-05-02,9377
4155,訊映,26,0,26,華南永昌-虎尾,2023-05-02,9377
2633,台灣高鐵,28,5,23,華南永昌-虎尾,2023-05-02,9377
3715,定穎投控,30,7,23,華南永昌-虎尾,2023-05-02,9377
4904,遠傳,22,0,22,華南永昌-虎尾,2023-05-02,9377
00679B,元大美債20年,21,0,21,華南永昌-虎尾,2023-05-02,9377
00725B,國泰投資級公司債,21,0,21,華南永昌-虎尾,2023-05-02,9377
2349,錸德,20,0,20,華南永昌-虎尾,2023-05-02,9377
2515,中工,39,19,20,華南永昌-虎尾,2023-05-02,9377
2542,興富發,20,0,20,華南永昌-虎尾,2023-05-02,9377
2601,益航,20,0,20,華南永昌-虎尾,2023-05-02,9377
6288,聯嘉,18,0,18,華南永昌-虎尾,2023-05-02,9377
2603,長榮,25,8,17,華南永昌-虎尾,2023-05-02,9377
2352,佳世達,24,7,17,華南永昌-虎尾,2023-05-02,9377
2634,漢翔,38,22,16,華南永昌-虎尾,2023-05-02,9377
3419,譁裕,28,12,16,華南永昌-虎尾,2023-05-02,9377
5371,中光電,28,12,16,華南永昌-虎尾,2023-05-02,9377
1711,永光,27,12,15,華南永昌-虎尾,2023-05-02,9377
00772B,中信高評級公司債,13,0,13,華南永昌-虎尾,2023-05-02,9377
00652,富邦印度,20,7,13,華南永昌-虎尾,2023-05-02,9377
2610,華航,13,0,13,華南永昌-虎尾,2023-05-02,9377
2609,陽明,14,2,12,華南永昌-虎尾,2023-05-02,9377
4162,智擎,13,2,11,華南永昌-虎尾,2023-05-02,9377
2368,金像電,11,0,11,華南永昌-虎尾,2023-05-02,9377
2457,飛宏,26,15,11,華南永昌-虎尾,2023-05-02,9377
2471,資通,31,20,11,華南永昌-虎尾,2023-05-02,9377
2495,普安,20,9,11,華南永昌-虎尾,2023-05-02,9377
00637L,元大滬深300正2,72,62,10,華南永昌-虎尾,2023-05-02,9377
1536,和大,12,2,10,華南永昌-虎尾,2023-05-02,9377
2461,光群雷,10,0,10,華南永昌-虎尾,2023-05-02,9377
3202,樺晟,10,0,10,華南永昌-虎尾,2023-05-02,9377
3230,錦明,10,0,10,華南永昌-虎尾,2023-05-02,9377
5309,系統電,10,0,10,華南永昌-虎尾,2023-05-02,9377
2891,中信金,1314,0,1314,華南永昌-虎尾,2023-05-03,9377
00715L,期街口布蘭特正2,208,20,188,華南永昌-虎尾,2023-05-03,9377
00780B,國泰A級金融債,133,0,133,華南永昌-虎尾,2023-05-03,9377
00664R,國泰臺灣加權反1,101,0,101,華南永昌-虎尾,2023-05-03,9377
3481,群創,107,19,88,華南永昌-虎尾,2023-05-03,9377
00632R,元大台灣50反1,80,0,80,華南永昌-虎尾,2023-05-03,9377
1104,環泥,88,12,76,華南永昌-虎尾,2023-05-03,9377
5426,振發,57,0,57,華南永昌-虎尾,2023-05-03,9377
00712,復華富時不動產,52,0,52,華南永昌-虎尾,2023-05-03,9377
4167,松瑞藥,52,0,52,華南永昌-虎尾,2023-05-03,9377
00878,國泰永續高股息,52,0,52,華南永昌-虎尾,2023-05-03,9377
3711,日月光投控,51,3,48,華南永昌-虎尾,2023-05-03,9377
2472,立隆電,47,0,47,華南永昌-虎尾,2023-05-03,9377
00637L,元大滬深300正2,63,20,43,華南永昌-虎尾,2023-05-03,9377
2897,王道銀行,43,0,43,華南永昌-虎尾,2023-05-03,9377
2603,長榮,75,35,40,華南永昌-虎尾,2023-05-03,9377
3231,緯創,32,1,31,華南永昌-虎尾,2023-05-03,9377
4979,華星光,34,3,31,華南永昌-虎尾,2023-05-03,9377
2609,陽明,31,1,30,華南永昌-虎尾,2023-05-03,9377
3207,耀勝,30,0,30,華南永昌-虎尾,2023-05-03,9377
6182,合晶,32,2,30,華南永昌-虎尾,2023-05-03,9377
5009,榮剛,31,1,30,華南永昌-虎尾,2023-05-03,9377
2408,南亞科,30,4,26,華南永昌-虎尾,2023-05-03,9377
2883,凱基金,26,2,24,華南永昌-虎尾,2023-05-03,9377
1605,華新,28,4,24,華南永昌-虎尾,2023-05-03,9377
2417,圓剛,24,0,24,華南永昌-虎尾,2023-05-03,9377
1471,首利,25,2,23,華南永昌-虎尾,2023-05-03,9377
8038,長園科,24,1,23,華南永昌-虎尾,2023-05-03,9377
2634,漢翔,96,73,23,華南永昌-虎尾,2023-05-03,9377
1514,亞力,31,9,22,華南永昌-虎尾,2023-05-03,9377
3056,富華新,21,0,21,華南永昌-虎尾,2023-05-03,9377
2323,中環,20,0,20,華南永昌-虎尾,2023-05-03,9377
3276,宇環,20,0,20,華南永昌-虎尾,2023-05-03,9377
3011,今皓,19,0,19,華南永昌-虎尾,2023-05-03,9377
4123,晟德,20,2,18,華南永昌-虎尾,2023-05-03,9377
2615,萬海,17,1,16,華南永昌-虎尾,2023-05-03,9377
00642U,期元大S＆P石油,16,0,16,華南永昌-虎尾,2023-05-03,9377
2022,聚亨,17,1,16,華南永昌-虎尾,2023-05-03,9377
1101,台泥,32,16,16,華南永昌-虎尾,2023-05-03,9377
00753L,中信中國50正2,14,0,14,華南永昌-虎尾,2023-05-03,9377
1447,力鵬,14,0,14,華南永昌-虎尾,2023-05-03,9377
6266,泰詠,14,0,14,華南永昌-虎尾,2023-05-03,9377
6282,康舒,16,2,14,華南永昌-虎尾,2023-05-03,9377
8358,金居,13,0,13,華南永昌-虎尾,2023-05-03,9377
00882,中信中國高股息,12,0,12,華南永昌-虎尾,2023-05-03,9377
2913,農林,16,4,12,華南永昌-虎尾,2023-05-03,9377
6443,元晶,13,1,12,華南永昌-虎尾,2023-05-03,9377
1522,堤維西,12,1,11,華南永昌-虎尾,2023-05-03,9377
4129,聯合,12,1,11,華南永昌-虎尾,2023-05-03,9377
5469,瀚宇博,11,0,11,華南永昌-虎尾,2023-05-03,9377
00715L,期街口布蘭特正2,313,10,303,華南永昌-虎尾,2023-05-04,9377
2897,王道銀行,113,0,113,華南永昌-虎尾,2023-05-04,9377
1529,樂事綠能,107,2,105,華南永昌-虎尾,2023-05-04,9377
00632R,元大台灣50反1,62,0,62,華南永昌-虎尾,2023-05-04,9377
2206,三陽工業,68,6,62,華南永昌-虎尾,2023-05-04,9377
00877,復華中國5G,50,0,50,華南永昌-虎尾,2023-05-04,9377
00878,國泰永續高股息,47,0,47,華南永昌-虎尾,2023-05-04,9377
2538,基泰,116,70,46,華南永昌-虎尾,2023-05-04,9377
4744,皇將,30,0,30,華南永昌-虎尾,2023-05-04,9377
1308,亞聚,23,0,23,華南永昌-虎尾,2023-05-04,9377
2208,台船,42,20,22,華南永昌-虎尾,2023-05-04,9377
2401,凌陽,20,0,20,華南永昌-虎尾,2023-05-04,9377
2867,三商壽,20,0,20,華南永昌-虎尾,2023-05-04,9377
3033,威健,20,0,20,華南永昌-虎尾,2023-05-04,9377
5355,佳總,20,0,20,華南永昌-虎尾,2023-05-04,9377
6274,台燿,25,5,20,華南永昌-虎尾,2023-05-04,9377
00642U,期元大S＆P石油,19,0,19,華南永昌-虎尾,2023-05-04,9377
2486,一詮,26,7,19,華南永昌-虎尾,2023-05-04,9377
2634,漢翔,72,53,19,華南永昌-虎尾,2023-05-04,9377
2495,普安,25,7,18,華南永昌-虎尾,2023-05-04,9377
3092,鴻碩,18,2,16,華南永昌-虎尾,2023-05-04,9377
4164,承業醫,17,2,15,華南永昌-虎尾,2023-05-04,9377
1101,台泥,28,15,13,華南永昌-虎尾,2023-05-04,9377
4541,晟田,47,34,13,華南永昌-虎尾,2023-05-04,9377
6116,彩晶,12,0,12,華南永昌-虎尾,2023-05-04,9377
8121,越峰,12,0,12,華南永昌-虎尾,2023-05-04,9377
1907,永豐餘,22,10,12,華南永昌-虎尾,2023-05-04,9377
3141,晶宏,11,0,11,華南永昌-虎尾,2023-05-04,9377
4979,華星光,18,7,11,華南永昌-虎尾,2023-05-04,9377
5426,振發,11,0,11,華南永昌-虎尾,2023-05-04,9377
8046,南電,18,7,11,華南永昌-虎尾,2023-05-04,9377
8069,元太,15,4,11,華南永昌-虎尾,2023-05-04,9377
1611,中電,14,4,10,華南永昌-虎尾,2023-05-04,9377
1909,榮成,10,0,10,華南永昌-虎尾,2023-05-04,9377
2540,愛山林,10,0,10,華南永昌-虎尾,2023-05-04,9377
4114,健喬,12,2,10,華南永昌-虎尾,2023-05-04,9377
5356,協益,10,0,10,華南永昌-虎尾,2023-05-04,9377
2482,連宇,9,0,9,華南永昌-虎尾,2023-05-04,9377
1471,首利,12,3,9,華南永昌-虎尾,2023-05-04,9377
3029,零壹,27,18,9,華南永昌-虎尾,2023-05-04,9377
5009,榮剛,9,0,9,華南永昌-虎尾,2023-05-04,9377
1310,台苯,8,0,8,華南永昌-虎尾,2023-05-04,9377
1731,美吾華,8,0,8,華南永昌-虎尾,2023-05-04,9377
6282,康舒,14,6,8,華南永昌-虎尾,2023-05-04,9377
2230,泰茂,7,0,7,華南永昌-虎尾,2023-05-04,9377
3047,訊舟,7,0,7,華南永昌-虎尾,2023-05-04,9377
6111,大宇資,16,9,7,華南永昌-虎尾,2023-05-04,9377
6547,高端疫苗,11,4,7,華南永昌-虎尾,2023-05-04,9377
9958,世紀鋼,7,0,7,華南永昌-虎尾,2023-05-04,9377
4123,晟德,6,0,6,華南永昌-虎尾,2023-05-04,9377
1529,樂事綠能,236,23,213,華南永昌-虎尾,2023-05-05,9377
00676R,富邦臺灣加權反1,200,0,200,華南永昌-虎尾,2023-05-05,9377
00715L,期街口布蘭特正2,186,0,186,華南永昌-虎尾,2023-05-05,9377
00756B,群益投等新興公債,143,0,143,華南永昌-虎尾,2023-05-05,9377
1734,杏輝,117,3,114,華南永昌-虎尾,2023-05-05,9377
2634,漢翔,146,65,81,華南永昌-虎尾,2023-05-05,9377
6244,茂迪,64,8,56,華南永昌-虎尾,2023-05-05,9377
2601,益航,45,0,45,華南永昌-虎尾,2023-05-05,9377
2353,宏��,42,0,42,華南永昌-虎尾,2023-05-05,9377
2409,友達,41,1,40,華南永昌-虎尾,2023-05-05,9377
1504,東元,39,2,37,華南永昌-虎尾,2023-05-05,9377
1101,台泥,48,13,35,華南永昌-虎尾,2023-05-05,9377
2352,佳世達,42,9,33,華南永昌-虎尾,2023-05-05,9377
6185,幃翔,32,0,32,華南永昌-虎尾,2023-05-05,9377
2413,環科,34,3,31,華南永昌-虎尾,2023-05-05,9377
1605,華新,42,16,26,華南永昌-虎尾,2023-05-05,9377
1907,永豐餘,26,0,26,華南永昌-虎尾,2023-05-05,9377
00878,國泰永續高股息,26,2,24,華南永昌-虎尾,2023-05-05,9377
00712,復華富時不動產,23,0,23,華南永昌-虎尾,2023-05-05,9377
2834,臺企銀,23,0,23,華南永昌-虎尾,2023-05-05,9377
5426,振發,23,0,23,華南永昌-虎尾,2023-05-05,9377
2801,彰銀,22,0,22,華南永昌-虎尾,2023-05-05,9377
00757,統一FANG+,21,0,21,華南永昌-虎尾,2023-05-05,9377
6275,元山,21,0,21,華南永昌-虎尾,2023-05-05,9377
2606,裕民,18,0,18,華南永昌-虎尾,2023-05-05,9377
1513,中興電,24,7,17,華南永昌-虎尾,2023-05-05,9377
1471,首利,17,0,17,華南永昌-虎尾,2023-05-05,9377
6509,聚和,16,0,16,華南永昌-虎尾,2023-05-05,9377
2637,慧洋-KY,15,0,15,華南永昌-虎尾,2023-05-05,9377
2609,陽明,14,1,13,華南永昌-虎尾,2023-05-05,9377
3006,晶豪科,13,0,13,華南永昌-虎尾,2023-05-05,9377
6282,康舒,13,0,13,華南永昌-虎尾,2023-05-05,9377
1905,華紙,15,3,12,華南永昌-虎尾,2023-05-05,9377
2453,凌群,19,7,12,華南永昌-虎尾,2023-05-05,9377
3202,樺晟,12,0,12,華南永昌-虎尾,2023-05-05,9377
3207,耀勝,14,2,12,華南永昌-虎尾,2023-05-05,9377
2478,大毅,12,1,11,華南永昌-虎尾,2023-05-05,9377
2888,新光金,10,0,10,華南永昌-虎尾,2023-05-05,9377
1909,榮成,10,0,10,華南永昌-虎尾,2023-05-05,9377
2023,燁輝,10,0,10,華南永昌-虎尾,2023-05-05,9377
2367,燿華,10,0,10,華南永昌-虎尾,2023-05-05,9377
2488,漢平,10,0,10,華南永昌-虎尾,2023-05-05,9377
6443,元晶,24,14,10,華南永昌-虎尾,2023-05-05,9377
1524,耿鼎,9,0,9,華南永昌-虎尾,2023-05-05,9377
3089,億杰,9,0,9,華南永昌-虎尾,2023-05-05,9377
8072,陞泰,9,0,9,華南永昌-虎尾,2023-05-05,9377
2727,王品,15,6,9,華南永昌-虎尾,2023-05-05,9377
1310,台苯,9,1,8,華南永昌-虎尾,2023-05-05,9377
1434,福懋,8,0,8,華南永昌-虎尾,2023-05-05,9377
3265,台星科,21,13,8,華南永昌-虎尾,2023-05-05,9377
2834,臺企銀,416,5,411,華南永昌-虎尾,2023-05-08,9377
00664R,國泰臺灣加權反1,100,0,100,華南永昌-虎尾,2023-05-08,9377
3576,聯合再生,80,1,79,華南永昌-虎尾,2023-05-08,9377
2009,第一銅,70,0,70,華南永昌-虎尾,2023-05-08,9377
3481,群創,103,34,69,華南永昌-虎尾,2023-05-08,9377
2371,大同,80,15,65,華南永昌-虎尾,2023-05-08,9377
4157,太景*-KY,56,0,56,華南永昌-虎尾,2023-05-08,9377
5426,振發,54,0,54,華南永昌-虎尾,2023-05-08,9377
00632R,元大台灣50反1,50,0,50,華南永昌-虎尾,2023-05-08,9377
4566,時碩工業,50,0,50,華南永昌-虎尾,2023-05-08,9377
2609,陽明,60,14,46,華南永昌-虎尾,2023-05-08,9377
00757,統一FANG+,45,0,45,華南永昌-虎尾,2023-05-08,9377
1609,大亞,60,20,40,華南永昌-虎尾,2023-05-08,9377
2884,玉山金,44,4,40,華南永昌-虎尾,2023-05-08,9377
1101,台泥,50,12,38,華南永昌-虎尾,2023-05-08,9377
2457,飛宏,54,17,37,華南永昌-虎尾,2023-05-08,9377
3715,定穎投控,51,14,37,華南永昌-虎尾,2023-05-08,9377
1513,中興電,60,26,34,華南永昌-虎尾,2023-05-08,9377
3264,欣銓,35,2,33,華南永昌-虎尾,2023-05-08,9377
6173,信昌電,36,6,30,華南永昌-虎尾,2023-05-08,9377
2891,中信金,30,1,29,華南永昌-虎尾,2023-05-08,9377
3545,敦泰,41,12,29,華南永昌-虎尾,2023-05-08,9377
1701,中化,27,0,27,華南永昌-虎尾,2023-05-08,9377
4979,華星光,29,3,26,華南永昌-虎尾,2023-05-08,9377
1717,長興,25,0,25,華南永昌-虎尾,2023-05-08,9377
3051,力特,25,0,25,華南永昌-虎尾,2023-05-08,9377
2603,長榮,26,1,25,華南永昌-虎尾,2023-05-08,9377
1526,日馳,24,0,24,華南永昌-虎尾,2023-05-08,9377
5608,四維航,31,8,23,華南永昌-虎尾,2023-05-08,9377
3005,神基,25,3,22,華南永昌-虎尾,2023-05-08,9377
6125,廣運,47,25,22,華南永昌-虎尾,2023-05-08,9377
2880,華南金,21,0,21,華南永昌-虎尾,2023-05-08,9377
3032,偉訓,22,2,20,華南永昌-虎尾,2023-05-08,9377
3202,樺晟,20,0,20,華南永昌-虎尾,2023-05-08,9377
5328,華容,20,0,20,華南永昌-虎尾,2023-05-08,9377
8033,雷虎,25,6,19,華南永昌-虎尾,2023-05-08,9377
3149,正達,22,4,18,華南永昌-虎尾,2023-05-08,9377
6547,高端疫苗,28,10,18,華南永昌-虎尾,2023-05-08,9377
3188,鑫龍騰,15,0,15,華南永昌-虎尾,2023-05-08,9377
8358,金居,14,0,14,華南永昌-虎尾,2023-05-08,9377
00673R,期元大S＆P原油反1,13,0,13,華南永昌-虎尾,2023-05-08,9377
1434,福懋,13,0,13,華南永昌-虎尾,2023-05-08,9377
6443,元晶,28,15,13,華南永昌-虎尾,2023-05-08,9377
2462,良得電,12,0,12,華南永昌-虎尾,2023-05-08,9377
2630,亞航,12,0,12,華南永昌-虎尾,2023-05-08,9377
3046,建��,16,4,12,華南永昌-虎尾,2023-05-08,9377
3707,漢磊,13,1,12,華南永昌-虎尾,2023-05-08,9377
8924,大田,12,0,12,華南永昌-虎尾,2023-05-08,9377
00635U,期元大S＆P黃金,11,0,11,華南永昌-虎尾,2023-05-08,9377
2892,第一金,12,1,11,華南永昌-虎尾,2023-05-08,9377
2883,凱基金,332,172,160,華南永昌-虎尾,2023-05-09,9377
00632R,元大台灣50反1,135,0,135,華南永昌-虎尾,2023-05-09,9377
00637L,元大滬深300正2,170,64,106,華南永昌-虎尾,2023-05-09,9377
2634,漢翔,108,30,78,華南永昌-虎尾,2023-05-09,9377
2409,友達,112,35,77,華南永昌-虎尾,2023-05-09,9377
6443,元晶,78,14,64,華南永昌-虎尾,2023-05-09,9377
6026,福邦證,50,0,50,華南永昌-虎尾,2023-05-09,9377
2208,台船,55,7,48,華南永昌-虎尾,2023-05-09,9377
3005,神基,40,1,39,華南永昌-虎尾,2023-05-09,9377
1101,台泥,88,52,36,華南永昌-虎尾,2023-05-09,9377
1615,大山,34,0,34,華南永昌-虎尾,2023-05-09,9377
4541,晟田,35,4,31,華南永昌-虎尾,2023-05-09,9377
1904,正隆,45,14,31,華南永昌-虎尾,2023-05-09,9377
0056,元大高股息,32,2,30,華南永昌-虎尾,2023-05-09,9377
1319,東陽,35,6,29,華南永昌-虎尾,2023-05-09,9377
3029,零壹,39,10,29,華南永昌-虎尾,2023-05-09,9377
3032,偉訓,48,20,28,華南永昌-虎尾,2023-05-09,9377
4160,訊聯基因,25,0,25,華南永昌-虎尾,2023-05-09,9377
2881,富邦金,23,0,23,華南永昌-虎尾,2023-05-09,9377
1605,華新,38,15,23,華南永昌-虎尾,2023-05-09,9377
4173,久裕,30,8,22,華南永昌-虎尾,2023-05-09,9377
1218,泰山,27,6,21,華南永昌-虎尾,2023-05-09,9377
00673R,期元大S＆P原油反1,20,0,20,華南永昌-虎尾,2023-05-09,9377
1609,大亞,25,5,20,華南永昌-虎尾,2023-05-09,9377
1909,榮成,20,0,20,華南永昌-虎尾,2023-05-09,9377
4739,康普,20,0,20,華南永昌-虎尾,2023-05-09,9377
3545,敦泰,20,1,19,華南永昌-虎尾,2023-05-09,9377
00679B,元大美債20年,18,0,18,華南永昌-虎尾,2023-05-09,9377
2601,益航,17,0,17,華南永昌-虎尾,2023-05-09,9377
5426,振發,17,0,17,華南永昌-虎尾,2023-05-09,9377
6282,康舒,17,1,16,華南永昌-虎尾,2023-05-09,9377
00680L,元大美債20正2,15,0,15,華南永昌-虎尾,2023-05-09,9377
00688L,國泰20年美債正2,15,0,15,華南永昌-虎尾,2023-05-09,9377
2834,臺企銀,16,3,13,華南永昌-虎尾,2023-05-09,9377
1584,精剛,16,3,13,華南永昌-虎尾,2023-05-09,9377
2031,新光鋼,13,0,13,華南永昌-虎尾,2023-05-09,9377
6191,精成科,13,0,13,華南永昌-虎尾,2023-05-09,9377
2913,農林,14,1,13,華南永昌-虎尾,2023-05-09,9377
00712,復華富時不動產,12,0,12,華南永昌-虎尾,2023-05-09,9377
3025,星通,12,0,12,華南永昌-虎尾,2023-05-09,9377
4908,前鼎,12,0,12,華南永昌-虎尾,2023-05-09,9377
2880,華南金,12,1,11,華南永昌-虎尾,2023-05-09,9377
2387,精元,11,0,11,華南永昌-虎尾,2023-05-09,9377
6197,佳必琪,11,0,11,華南永昌-虎尾,2023-05-09,9377
6231,系微,11,0,11,華南永昌-虎尾,2023-05-09,9377
00772B,中信高評級公司債,10,0,10,華南永昌-虎尾,2023-05-09,9377
00665L,富邦�琤肭磪囓�2,10,0,10,華南永昌-虎尾,2023-05-09,9377
1519,華城,19,9,10,華南永昌-虎尾,2023-05-09,9377
2323,中環,10,0,10,華南永昌-虎尾,2023-05-09,9377
2427,三商電,10,0,10,華南永昌-虎尾,2023-05-09,9377
00637L,元大滬深300正2,171,51,120,華南永昌-虎尾,2023-05-10,9377
00680L,元大美債20正2,105,0,105,華南永昌-虎尾,2023-05-10,9377
00878,國泰永續高股息,81,0,81,華南永昌-虎尾,2023-05-10,9377
2344,華邦電,63,4,59,華南永昌-虎尾,2023-05-10,9377
00888,永豐台灣ESG,60,4,56,華南永昌-虎尾,2023-05-10,9377
3202,樺晟,52,2,50,華南永昌-虎尾,2023-05-10,9377
3005,神基,46,0,46,華南永昌-虎尾,2023-05-10,9377
4175,杏一,47,4,43,華南永昌-虎尾,2023-05-10,9377
1609,大亞,88,50,38,華南永昌-虎尾,2023-05-10,9377
00688L,國泰20年美債正2,35,0,35,華南永昌-虎尾,2023-05-10,9377
3390,旭軟,33,0,33,華南永昌-虎尾,2023-05-10,9377
2405,輔信,30,0,30,華南永昌-虎尾,2023-05-10,9377
5426,振發,26,0,26,華南永昌-虎尾,2023-05-10,9377
2913,農林,25,0,25,華南永昌-虎尾,2023-05-10,9377
3013,晟銘電,23,0,23,華南永昌-虎尾,2023-05-10,9377
9958,世紀鋼,27,4,23,華南永昌-虎尾,2023-05-10,9377
2313,華通,22,0,22,華南永昌-虎尾,2023-05-10,9377
1905,華紙,27,6,21,華南永昌-虎尾,2023-05-10,9377
2618,長榮航,63,42,21,華南永昌-虎尾,2023-05-10,9377
2009,第一銅,20,0,20,華南永昌-虎尾,2023-05-10,9377
6443,元晶,20,1,19,華南永昌-虎尾,2023-05-10,9377
9919,康那香,17,0,17,華南永昌-虎尾,2023-05-10,9377
4979,華星光,19,3,16,華南永昌-虎尾,2023-05-10,9377
00882,中信中國高股息,15,0,15,華南永昌-虎尾,2023-05-10,9377
4157,太景*-KY,15,0,15,華南永昌-虎尾,2023-05-10,9377
00673R,期元大S＆P原油反1,14,0,14,華南永昌-虎尾,2023-05-10,9377
00715L,期街口布蘭特正2,40,26,14,華南永昌-虎尾,2023-05-10,9377
1904,正隆,14,0,14,華南永昌-虎尾,2023-05-10,9377
2303,聯電,42,29,13,華南永昌-虎尾,2023-05-10,9377
1440,南紡,11,0,11,華南永昌-虎尾,2023-05-10,9377
2354,鴻準,12,1,11,華南永昌-虎尾,2023-05-10,9377
2834,臺企銀,11,0,11,華南永昌-虎尾,2023-05-10,9377
6213,聯茂,11,0,11,華南永昌-虎尾,2023-05-10,9377
6672,騰輝電子-KY,11,0,11,華南永昌-虎尾,2023-05-10,9377
8936,國統,11,0,11,華南永昌-虎尾,2023-05-10,9377
1314,中石化,10,0,10,華南永昌-虎尾,2023-05-10,9377
00753L,中信中國50正2,12,2,10,華南永昌-虎尾,2023-05-10,9377
1444,力麗,10,0,10,華南永昌-虎尾,2023-05-10,9377
1454,台富,10,0,10,華南永昌-虎尾,2023-05-10,9377
2034,允強,10,0,10,華南永昌-虎尾,2023-05-10,9377
2495,普安,15,5,10,華南永昌-虎尾,2023-05-10,9377
2609,陽明,31,21,10,華南永昌-虎尾,2023-05-10,9377
2612,中航,10,0,10,華南永昌-虎尾,2023-05-10,9377
2883B,凱基金乙特,10,0,10,華南永昌-虎尾,2023-05-10,9377
2906,高林,10,0,10,華南永昌-虎尾,2023-05-10,9377
3305,昇貿,10,0,10,華南永昌-虎尾,2023-05-10,9377
6275,元山,11,1,10,華南永昌-虎尾,2023-05-10,9377
8358,金居,10,0,10,華南永昌-虎尾,2023-05-10,9377
1340,勝悅-KY,10,1,9,華南永昌-虎尾,2023-05-10,9377
00687B,國泰20年美債,9,0,9,華南永昌-虎尾,2023-05-10,9377
2489,瑞軒,191,34,157,華南永昌-虎尾,2023-05-11,9377
00664R,國泰臺灣加權反1,110,0,110,華南永昌-虎尾,2023-05-11,9377
5426,振發,95,0,95,華南永昌-虎尾,2023-05-11,9377
3481,群創,93,1,92,華南永昌-虎尾,2023-05-11,9377
1609,大亞,88,7,81,華南永昌-虎尾,2023-05-11,9377
00878,國泰永續高股息,77,1,76,華南永昌-虎尾,2023-05-11,9377
00715L,期街口布蘭特正2,64,0,64,華南永昌-虎尾,2023-05-11,9377
00676R,富邦臺灣加權反1,60,0,60,華南永昌-虎尾,2023-05-11,9377
4157,太景*-KY,56,0,56,華南永昌-虎尾,2023-05-11,9377
2363,矽統,55,2,53,華南永昌-虎尾,2023-05-11,9377
2303,聯電,66,15,51,華南永昌-虎尾,2023-05-11,9377
00902,中信電池及儲能,50,3,47,華南永昌-虎尾,2023-05-11,9377
2634,漢翔,60,18,42,華南永昌-虎尾,2023-05-11,9377
3038,全台,42,0,42,華南永昌-虎尾,2023-05-11,9377
2618,長榮航,65,31,34,華南永昌-虎尾,2023-05-11,9377
1615,大山,47,16,31,華南永昌-虎尾,2023-05-11,9377
2344,華邦電,31,0,31,華南永昌-虎尾,2023-05-11,9377
1905,華紙,36,5,31,華南永昌-虎尾,2023-05-11,9377
6142,友勁,30,0,30,華南永昌-虎尾,2023-05-11,9377
8011,台通,30,2,28,華南永昌-虎尾,2023-05-11,9377
1218,泰山,28,1,27,華南永昌-虎尾,2023-05-11,9377
2402,毅嘉,27,0,27,華南永昌-虎尾,2023-05-11,9377
6160,欣技,27,0,27,華南永昌-虎尾,2023-05-11,9377
1514,亞力,31,5,26,華南永昌-虎尾,2023-05-11,9377
1314,中石化,25,0,25,華南永昌-虎尾,2023-05-11,9377
2539,櫻花建,25,0,25,華南永昌-虎尾,2023-05-11,9377
3287,廣寰科,25,0,25,華南永昌-虎尾,2023-05-11,9377
6175,立敦,24,0,24,華南永昌-虎尾,2023-05-11,9377
1101,台泥,52,29,23,華南永昌-虎尾,2023-05-11,9377
6592,和潤企業,23,0,23,華南永昌-虎尾,2023-05-11,9377
2610,華航,23,2,21,華南永昌-虎尾,2023-05-11,9377
8936,國統,21,0,21,華南永昌-虎尾,2023-05-11,9377
2405,輔信,20,0,20,華南永昌-虎尾,2023-05-11,9377
2880,華南金,20,0,20,華南永昌-虎尾,2023-05-11,9377
2881,富邦金,20,0,20,華南永昌-虎尾,2023-05-11,9377
4142,國光生,20,0,20,華南永昌-虎尾,2023-05-11,9377
8086,宏捷科,20,0,20,華南永昌-虎尾,2023-05-11,9377
2603,長榮,20,1,19,華南永昌-虎尾,2023-05-11,9377
1611,中電,20,3,17,華南永昌-虎尾,2023-05-11,9377
2359,所羅門,15,0,15,華南永昌-虎尾,2023-05-11,9377
6274,台燿,15,0,15,華南永昌-虎尾,2023-05-11,9377
1513,中興電,27,13,14,華南永昌-虎尾,2023-05-11,9377
2462,良得電,14,0,14,華南永昌-虎尾,2023-05-11,9377
3363,上詮,14,0,14,華南永昌-虎尾,2023-05-11,9377
6443,元晶,20,6,14,華南永昌-虎尾,2023-05-11,9377
3024,憶聲,13,0,13,華南永昌-虎尾,2023-05-11,9377
3081,聯亞,12,0,12,華南永昌-虎尾,2023-05-11,9377
2342,茂矽,11,0,11,華南永昌-虎尾,2023-05-11,9377
2515,中工,30,19,11,華南永昌-虎尾,2023-05-11,9377
00712,復華富時不動產,10,0,10,華南永昌-虎尾,2023-05-11,9377
6139,亞翔,73,0,73,華南永昌-虎尾,2023-05-12,9377
2834,臺企銀,40,0,40,華南永昌-虎尾,2023-05-12,9377
00640L,富邦日本正2,35,0,35,華南永昌-虎尾,2023-05-12,9377
00679B,元大美債20年,32,0,32,華南永昌-虎尾,2023-05-12,9377
00893,國泰智能電動車,30,0,30,華南永昌-虎尾,2023-05-12,9377
2890,永豐金,32,2,30,華南永昌-虎尾,2023-05-12,9377
6005,群益證,27,0,27,華南永昌-虎尾,2023-05-12,9377
1314,中石化,25,1,24,華南永昌-虎尾,2023-05-12,9377
6592,和潤企業,24,0,24,華南永昌-虎尾,2023-05-12,9377
2409,友達,23,0,23,華南永昌-虎尾,2023-05-12,9377
4916,事欣科,23,0,23,華南永昌-虎尾,2023-05-12,9377
2618,長榮航,26,5,21,華南永昌-虎尾,2023-05-12,9377
3481,群創,19,0,19,華南永昌-虎尾,2023-05-12,9377
3025,星通,18,0,18,華南永昌-虎尾,2023-05-12,9377
5209,新鼎,18,0,18,華南永昌-虎尾,2023-05-12,9377
00642U,期元大S＆P石油,16,0,16,華南永昌-虎尾,2023-05-12,9377
2881,富邦金,16,0,16,華南永昌-虎尾,2023-05-12,9377
2412,中華電,15,0,15,華南永昌-虎尾,2023-05-12,9377
6245,立端,20,5,15,華南永昌-虎尾,2023-05-12,9377
4743,合一,18,5,13,華南永昌-虎尾,2023-05-12,9377
6160,欣技,13,0,13,華南永昌-虎尾,2023-05-12,9377
00753L,中信中國50正2,12,0,12,華南永昌-虎尾,2023-05-12,9377
1905,華紙,20,8,12,華南永昌-虎尾,2023-05-12,9377
9907,統一實,11,0,11,華南永昌-虎尾,2023-05-12,9377
1519,華城,18,7,11,華南永昌-虎尾,2023-05-12,9377
2812,台中銀,11,0,11,華南永昌-虎尾,2023-05-12,9377
2330,台積電,11,1,10,華南永昌-虎尾,2023-05-12,9377
2889,國票金,10,0,10,華南永昌-虎尾,2023-05-12,9377
3287,廣寰科,10,0,10,華南永昌-虎尾,2023-05-12,9377
3701,大眾控,10,0,10,華南永昌-虎尾,2023-05-12,9377
4121,優盛,10,0,10,華南永昌-虎尾,2023-05-12,9377
6282,康舒,10,0,10,華南永昌-虎尾,2023-05-12,9377
6285,啟��,15,5,10,華南永昌-虎尾,2023-05-12,9377
8215,明基材,11,1,10,華南永昌-虎尾,2023-05-12,9377
6741,91APP*-KY,10,1,9,華南永昌-虎尾,2023-05-12,9377
2880,華南金,12,3,9,華南永昌-虎尾,2023-05-12,9377
2022,聚亨,11,2,9,華南永昌-虎尾,2023-05-12,9377
1529,樂事綠能,20,12,8,華南永昌-虎尾,2023-05-12,9377
1708,東鹼,8,0,8,華南永昌-虎尾,2023-05-12,9377
1605,華新,7,0,7,華南永昌-虎尾,2023-05-12,9377
1326,台化,6,0,6,華南永昌-虎尾,2023-05-12,9377
2408,南亞科,6,0,6,華南永昌-虎尾,2023-05-12,9377
3081,聯亞,6,0,6,華南永昌-虎尾,2023-05-12,9377
4566,時碩工業,6,0,6,華南永昌-虎尾,2023-05-12,9377
1609,大亞,14,8,6,華南永昌-虎尾,2023-05-12,9377
3592,瑞鼎,5,0,5,華南永昌-虎尾,2023-05-12,9377
1904,正隆,5,0,5,華南永昌-虎尾,2023-05-12,9377
1513,中興電,8,3,5,華南永昌-虎尾,2023-05-12,9377
1218,泰山,5,0,5,華南永昌-虎尾,2023-05-12,9377
1312,國喬,5,0,5,華南永昌-虎尾,2023-05-12,9377
00712,復華富時不動產,103,0,103,華南永昌-虎尾,2023-05-15,9377
00664R,國泰臺灣加權反1,100,0,100,華南永昌-虎尾,2023-05-15,9377
5498,凱崴,71,0,71,華南永昌-虎尾,2023-05-15,9377
2454,聯發科,57,5,52,華南永昌-虎尾,2023-05-15,9377
1101,台泥,68,17,51,華南永昌-虎尾,2023-05-15,9377
2618,長榮航,74,28,46,華南永昌-虎尾,2023-05-15,9377
2489,瑞軒,173,130,43,華南永昌-虎尾,2023-05-15,9377
00715L,期街口布蘭特正2,89,50,39,華南永昌-虎尾,2023-05-15,9377
00885,富邦越南,29,0,29,華南永昌-虎尾,2023-05-15,9377
1504,東元,57,28,29,華南永昌-虎尾,2023-05-15,9377
0056,元大高股息,35,8,27,華南永昌-虎尾,2023-05-15,9377
4157,太景*-KY,43,16,27,華南永昌-虎尾,2023-05-15,9377
2344,華邦電,26,3,23,華南永昌-虎尾,2023-05-15,9377
8183,精星,20,0,20,華南永昌-虎尾,2023-05-15,9377
00642U,期元大S＆P石油,20,0,20,華南永昌-虎尾,2023-05-15,9377
5426,振發,18,0,18,華南永昌-虎尾,2023-05-15,9377
2603,長榮,31,13,18,華南永昌-虎尾,2023-05-15,9377
1905,華紙,17,1,16,華南永昌-虎尾,2023-05-15,9377
3224,三顧,22,6,16,華南永昌-虎尾,2023-05-15,9377
3231,緯創,22,9,13,華南永昌-虎尾,2023-05-15,9377
2880,華南金,13,0,13,華南永昌-虎尾,2023-05-15,9377
2331,精英,13,0,13,華南永昌-虎尾,2023-05-15,9377
3479,安勤,26,13,13,華南永昌-虎尾,2023-05-15,9377
6005,群益證,33,20,13,華南永昌-虎尾,2023-05-15,9377
2317,鴻海,22,10,12,華南永昌-虎尾,2023-05-15,9377
1909,榮成,13,1,12,華南永昌-虎尾,2023-05-15,9377
2382,廣達,15,3,12,華南永昌-虎尾,2023-05-15,9377
2634,漢翔,42,30,12,華南永昌-虎尾,2023-05-15,9377
8038,長園科,12,0,12,華南永昌-虎尾,2023-05-15,9377
2444,兆勁,11,0,11,華南永昌-虎尾,2023-05-15,9377
2913,農林,12,1,11,華南永昌-虎尾,2023-05-15,9377
3105,穩懋,11,0,11,華南永昌-虎尾,2023-05-15,9377
2409,友達,10,0,10,華南永昌-虎尾,2023-05-15,9377
6191,精成科,10,0,10,華南永昌-虎尾,2023-05-15,9377
00676R,富邦臺灣加權反1,10,0,10,華南永昌-虎尾,2023-05-15,9377
00680L,元大美債20正2,10,0,10,華南永昌-虎尾,2023-05-15,9377
1337,再生-KY,10,0,10,華南永昌-虎尾,2023-05-15,9377
1608,華榮,10,0,10,華南永昌-虎尾,2023-05-15,9377
2349,錸德,15,5,10,華南永昌-虎尾,2023-05-15,9377
2363,矽統,10,0,10,華南永昌-虎尾,2023-05-15,9377
2520,冠德,10,0,10,華南永昌-虎尾,2023-05-15,9377
4137,麗豐-KY,10,0,10,華南永昌-虎尾,2023-05-15,9377
4533,協易機,10,0,10,華南永昌-虎尾,2023-05-15,9377
4707,磐亞,10,0,10,華南永昌-虎尾,2023-05-15,9377
2881,富邦金,10,1,9,華南永昌-虎尾,2023-05-15,9377
00878,國泰永續高股息,22,14,8,華南永昌-虎尾,2023-05-15,9377
1795,美時,13,5,8,華南永昌-虎尾,2023-05-15,9377
2105,正新,10,2,8,華南永昌-虎尾,2023-05-15,9377
3024,憶聲,8,0,8,華南永昌-虎尾,2023-05-15,9377
5258,虹堡,11,3,8,華南永昌-虎尾,2023-05-15,9377
00632R,元大台灣50反1,146,10,136,華南永昌-虎尾,2023-05-16,9377
2382,廣達,139,6,133,華南永昌-虎尾,2023-05-16,9377
00715L,期街口布蘭特正2,112,11,101,華南永昌-虎尾,2023-05-16,9377
00650L,復華香港正2,67,0,67,華南永昌-虎尾,2023-05-16,9377
5425,台半,74,8,66,華南永昌-虎尾,2023-05-16,9377
3052,夆典,65,0,65,華南永昌-虎尾,2023-05-16,9377
2610,華航,77,19,58,華南永昌-虎尾,2023-05-16,9377
1608,華榮,56,1,55,華南永昌-虎尾,2023-05-16,9377
00712,復華富時不動產,51,0,51,華南永昌-虎尾,2023-05-16,9377
2323,中環,55,10,45,華南永昌-虎尾,2023-05-16,9377
00885,富邦越南,35,0,35,華南永昌-虎尾,2023-05-16,9377
2834,臺企銀,35,1,34,華南永昌-虎尾,2023-05-16,9377
2349,錸德,30,0,30,華南永昌-虎尾,2023-05-16,9377
5426,振發,24,0,24,華南永昌-虎尾,2023-05-16,9377
00680L,元大美債20正2,23,0,23,華南永昌-虎尾,2023-05-16,9377
1609,大亞,54,32,22,華南永昌-虎尾,2023-05-16,9377
2317,鴻海,20,0,20,華南永昌-虎尾,2023-05-16,9377
00900,富邦特選高股息30,20,0,20,華南永昌-虎尾,2023-05-16,9377
1711,永光,22,3,19,華南永昌-虎尾,2023-05-16,9377
6443,元晶,23,4,19,華南永昌-虎尾,2023-05-16,9377
00878,國泰永續高股息,69,52,17,華南永昌-虎尾,2023-05-16,9377
1909,榮成,16,0,16,華南永昌-虎尾,2023-05-16,9377
2409,友達,15,0,15,華南永昌-虎尾,2023-05-16,9377
1307,三芳,14,0,14,華南永昌-虎尾,2023-05-16,9377
00637L,元大滬深300正2,45,32,13,華南永昌-虎尾,2023-05-16,9377
2241,艾姆勒,11,0,11,華南永昌-虎尾,2023-05-16,9377
2609,陽明,21,10,11,華南永昌-虎尾,2023-05-16,9377
2913,農林,15,4,11,華南永昌-虎尾,2023-05-16,9377
2428,興勤,11,0,11,華南永昌-虎尾,2023-05-16,9377
1454,台富,10,0,10,華南永昌-虎尾,2023-05-16,9377
1513,中興電,11,1,10,華南永昌-虎尾,2023-05-16,9377
1529,樂事綠能,10,0,10,華南永昌-虎尾,2023-05-16,9377
2206,三陽工業,15,5,10,華南永昌-虎尾,2023-05-16,9377
3576,聯合再生,10,0,10,華南永昌-虎尾,2023-05-16,9377
4402,郡都開發,10,0,10,華南永昌-虎尾,2023-05-16,9377
6148,驊宏資,10,0,10,華南永昌-虎尾,2023-05-16,9377
6175,立敦,12,2,10,華南永昌-虎尾,2023-05-16,9377
6234,高僑,18,8,10,華南永昌-虎尾,2023-05-16,9377
6488,環球晶,10,0,10,華南永昌-虎尾,2023-05-16,9377
6558,興能高,10,0,10,華南永昌-虎尾,2023-05-16,9377
3006,晶豪科,9,0,9,華南永昌-虎尾,2023-05-16,9377
1218,泰山,10,2,8,華南永昌-虎尾,2023-05-16,9377
2482,連宇,9,1,8,華南永昌-虎尾,2023-05-16,9377
6223,旺矽,15,7,8,華南永昌-虎尾,2023-05-16,9377
6712,長聖,8,0,8,華南永昌-虎尾,2023-05-16,9377
8446,華研,10,2,8,華南永昌-虎尾,2023-05-16,9377
2603,長榮,11,3,8,華南永昌-虎尾,2023-05-16,9377
2385,群光,10,3,7,華南永昌-虎尾,2023-05-16,9377
2303,聯電,15,8,7,華南永昌-虎尾,2023-05-16,9377
2368,金像電,11,4,7,華南永昌-虎尾,2023-05-16,9377
00632R,元大台灣50反1,610,0,610,華南永昌-虎尾,2023-05-17,9377
2887,台新金,100,32,68,華南永昌-虎尾,2023-05-17,9377
2402,毅嘉,78,11,67,華南永昌-虎尾,2023-05-17,9377
2618,長榮航,69,2,67,華南永昌-虎尾,2023-05-17,9377
1612,宏泰,60,9,51,華南永昌-虎尾,2023-05-17,9377
00637L,元大滬深300正2,60,12,48,華南永昌-虎尾,2023-05-17,9377
3078,僑威,46,3,43,華南永昌-虎尾,2023-05-17,9377
6026,福邦證,40,0,40,華南永昌-虎尾,2023-05-17,9377
2801,彰銀,112,76,36,華南永昌-虎尾,2023-05-17,9377
1584,精剛,39,4,35,華南永昌-虎尾,2023-05-17,9377
2377,微星,34,0,34,華南永昌-虎尾,2023-05-17,9377
1218,泰山,31,0,31,華南永昌-虎尾,2023-05-17,9377
2368,金像電,46,17,29,華南永昌-虎尾,2023-05-17,9377
3715,定穎投控,27,0,27,華南永昌-虎尾,2023-05-17,9377
2301,光寶科,28,2,26,華南永昌-虎尾,2023-05-17,9377
8222,寶一,35,12,23,華南永昌-虎尾,2023-05-17,9377
1904,正隆,30,10,20,華南永昌-虎尾,2023-05-17,9377
6168,宏齊,20,0,20,華南永昌-虎尾,2023-05-17,9377
6752,叡揚,20,0,20,華南永昌-虎尾,2023-05-17,9377
00878,國泰永續高股息,42,22,20,華南永昌-虎尾,2023-05-17,9377
3029,零壹,36,17,19,華南永昌-虎尾,2023-05-17,9377
3704,合勤控,24,5,19,華南永昌-虎尾,2023-05-17,9377
1609,大亞,57,40,17,華南永昌-虎尾,2023-05-17,9377
2454,聯發科,26,9,17,華南永昌-虎尾,2023-05-17,9377
00664R,國泰臺灣加權反1,16,0,16,華南永昌-虎尾,2023-05-17,9377
2317,鴻海,19,3,16,華南永昌-虎尾,2023-05-17,9377
5426,振發,16,0,16,華南永昌-虎尾,2023-05-17,9377
6285,啟��,15,0,15,華南永昌-虎尾,2023-05-17,9377
3504,揚明光,15,0,15,華南永昌-虎尾,2023-05-17,9377
00772B,中信高評級公司債,12,0,12,華南永昌-虎尾,2023-05-17,9377
00688L,國泰20年美債正2,12,0,12,華南永昌-虎尾,2023-05-17,9377
2312,金寶,14,2,12,華南永昌-虎尾,2023-05-17,9377
6279,胡連,12,0,12,華南永昌-虎尾,2023-05-17,9377
6278,台表科,11,0,11,華南永昌-虎尾,2023-05-17,9377
3034,聯詠,12,2,10,華南永昌-虎尾,2023-05-17,9377
1447,力鵬,10,0,10,華南永昌-虎尾,2023-05-17,9377
1513,中興電,14,4,10,華南永昌-虎尾,2023-05-17,9377
1734,杏輝,20,10,10,華南永昌-虎尾,2023-05-17,9377
4916,事欣科,10,0,10,華南永昌-虎尾,2023-05-17,9377
4927,泰鼎-KY,12,2,10,華南永昌-虎尾,2023-05-17,9377
6005,群益證,10,0,10,華南永昌-虎尾,2023-05-17,9377
8933,愛地雅,10,0,10,華南永昌-虎尾,2023-05-17,9377
9934,成霖,10,0,10,華南永昌-虎尾,2023-05-17,9377
3673,TPK-KY,16,7,9,華南永昌-虎尾,2023-05-17,9377
6234,高僑,32,23,9,華南永昌-虎尾,2023-05-17,9377
6243,迅杰,10,1,9,華南永昌-虎尾,2023-05-17,9377
8046,南電,13,4,9,華南永昌-虎尾,2023-05-17,9377
2542,興富發,8,0,8,華南永昌-虎尾,2023-05-17,9377
3231,緯創,18,10,8,華南永昌-虎尾,2023-05-17,9377
00642U,期元大S＆P石油,7,0,7,華南永昌-虎尾,2023-05-17,9377
00632R,元大台灣50反1,1374,100,1274,華南永昌-虎尾,2023-05-18,9377
00688L,國泰20年美債正2,42,0,42,華南永昌-虎尾,2023-05-18,9377
6509,聚和,40,0,40,華南永昌-虎尾,2023-05-18,9377
2402,毅嘉,42,3,39,華南永昌-虎尾,2023-05-18,9377
2471,資通,43,5,38,華南永昌-虎尾,2023-05-18,9377
4908,前鼎,34,0,34,華南永昌-虎尾,2023-05-18,9377
2206,三陽工業,51,17,34,華南永昌-虎尾,2023-05-18,9377
006208,富邦台50,31,0,31,華南永昌-虎尾,2023-05-18,9377
2377,微星,30,0,30,華南永昌-虎尾,2023-05-18,9377
3029,零壹,42,12,30,華南永昌-虎尾,2023-05-18,9377
3682,亞太電,30,0,30,華南永昌-虎尾,2023-05-18,9377
2495,普安,28,0,28,華南永昌-虎尾,2023-05-18,9377
00637L,元大滬深300正2,72,45,27,華南永昌-虎尾,2023-05-18,9377
5425,台半,37,13,24,華南永昌-虎尾,2023-05-18,9377
2801,彰銀,22,1,21,華南永昌-虎尾,2023-05-18,9377
00669R,國泰美國道瓊反1,20,0,20,華南永昌-虎尾,2023-05-18,9377
2349,錸德,50,30,20,華南永昌-虎尾,2023-05-18,9377
2645,長榮航太,20,0,20,華南永昌-虎尾,2023-05-18,9377
3011,今皓,20,0,20,華南永昌-虎尾,2023-05-18,9377
3686,達能,20,0,20,華南永昌-虎尾,2023-05-18,9377
4157,太景*-KY,20,0,20,華南永昌-虎尾,2023-05-18,9377
1584,精剛,29,10,19,華南永昌-虎尾,2023-05-18,9377
2633,台灣高鐵,22,3,19,華南永昌-虎尾,2023-05-18,9377
2634,漢翔,48,29,19,華南永昌-虎尾,2023-05-18,9377
4967,十銓,25,6,19,華南永昌-虎尾,2023-05-18,9377
2312,金寶,30,12,18,華南永昌-虎尾,2023-05-18,9377
2425,承啟,17,0,17,華南永昌-虎尾,2023-05-18,9377
8358,金居,16,0,16,華南永昌-虎尾,2023-05-18,9377
6589,台康生技,16,0,16,華南永昌-虎尾,2023-05-18,9377
2489,瑞軒,20,5,15,華南永昌-虎尾,2023-05-18,9377
00885,富邦越南,15,0,15,華南永昌-虎尾,2023-05-18,9377
3049,精金,21,6,15,華南永昌-虎尾,2023-05-18,9377
00713,元大台灣高息低波,18,3,15,華南永昌-虎尾,2023-05-18,9377
0050,元大台灣50,18,5,13,華南永昌-虎尾,2023-05-18,9377
2337,旺宏,16,4,12,華南永昌-虎尾,2023-05-18,9377
5426,振發,12,0,12,華南永昌-虎尾,2023-05-18,9377
6214,精誠,12,0,12,華南永昌-虎尾,2023-05-18,9377
1905,華紙,17,6,11,華南永昌-虎尾,2023-05-18,9377
2371,大同,94,83,11,華南永昌-虎尾,2023-05-18,9377
3207,耀勝,12,1,11,華南永昌-虎尾,2023-05-18,9377
2363,矽統,65,55,10,華南永昌-虎尾,2023-05-18,9377
1218,泰山,10,0,10,華南永昌-虎尾,2023-05-18,9377
00664R,國泰臺灣加權反1,10,0,10,華南永昌-虎尾,2023-05-18,9377
00673R,期元大S＆P原油反1,10,0,10,華南永昌-虎尾,2023-05-18,9377
1603,華電,10,0,10,華南永昌-虎尾,2023-05-18,9377
2014,中鴻,10,0,10,華南永昌-虎尾,2023-05-18,9377
2358,廷鑫,10,0,10,華南永昌-虎尾,2023-05-18,9377
2520,冠德,10,0,10,華南永昌-虎尾,2023-05-18,9377
2605,新興,10,0,10,華南永昌-虎尾,2023-05-18,9377
6153,嘉聯益,10,0,10,華南永昌-虎尾,2023-05-18,9377
00632R,元大台灣50反1,394,0,394,華南永昌-虎尾,2023-05-19,9377
00715L,期街口布蘭特正2,105,0,105,華南永昌-虎尾,2023-05-19,9377
2801,彰銀,100,0,100,華南永昌-虎尾,2023-05-19,9377
6443,元晶,70,4,66,華南永昌-虎尾,2023-05-19,9377
00637L,元大滬深300正2,142,82,60,華南永昌-虎尾,2023-05-19,9377
1504,東元,76,19,57,華南永昌-虎尾,2023-05-19,9377
5880,合庫金,46,6,40,華南永昌-虎尾,2023-05-19,9377
5426,振發,40,0,40,華南永昌-虎尾,2023-05-19,9377
2887,台新金,50,13,37,華南永昌-虎尾,2023-05-19,9377
1101,台泥,37,2,35,華南永昌-虎尾,2023-05-19,9377
2489,瑞軒,35,0,35,華南永昌-虎尾,2023-05-19,9377
00673R,期元大S＆P原油反1,33,0,33,華南永昌-虎尾,2023-05-19,9377
2634,漢翔,69,37,32,華南永昌-虎尾,2023-05-19,9377
2425,承啟,30,0,30,華南永昌-虎尾,2023-05-19,9377
2539,櫻花建,30,0,30,華南永昌-虎尾,2023-05-19,9377
1513,中興電,50,21,29,華南永昌-虎尾,2023-05-19,9377
2610,華航,136,107,29,華南永昌-虎尾,2023-05-19,9377
2371,大同,43,16,27,華南永昌-虎尾,2023-05-19,9377
2382,廣達,38,11,27,華南永昌-虎尾,2023-05-19,9377
1609,大亞,50,25,25,華南永昌-虎尾,2023-05-19,9377
2457,飛宏,31,7,24,華南永昌-虎尾,2023-05-19,9377
00680L,元大美債20正2,23,0,23,華南永昌-虎尾,2023-05-19,9377
6223,旺矽,29,7,22,華南永昌-虎尾,2023-05-19,9377
2614,東森,22,0,22,華南永昌-虎尾,2023-05-19,9377
2609,陽明,24,3,21,華南永昌-虎尾,2023-05-19,9377
00675L,富邦臺灣加權正2,20,0,20,華南永昌-虎尾,2023-05-19,9377
1718,中纖,23,3,20,華南永昌-虎尾,2023-05-19,9377
5425,台半,22,2,20,華南永昌-虎尾,2023-05-19,9377
5324,士開,20,1,19,華南永昌-虎尾,2023-05-19,9377
2363,矽統,20,1,19,華南永昌-虎尾,2023-05-19,9377
3049,精金,18,0,18,華南永昌-虎尾,2023-05-19,9377
4744,皇將,18,0,18,華南永昌-虎尾,2023-05-19,9377
2204,中華,30,13,17,華南永昌-虎尾,2023-05-19,9377
6679,鈺太,18,3,15,華南永昌-虎尾,2023-05-19,9377
2442,新美齊,19,4,15,華南永昌-虎尾,2023-05-19,9377
2241,艾姆勒,13,0,13,華南永昌-虎尾,2023-05-19,9377
2603,長榮,13,0,13,華南永昌-虎尾,2023-05-19,9377
2913,農林,13,0,13,華南永昌-虎尾,2023-05-19,9377
2421,建準,33,21,12,華南永昌-虎尾,2023-05-19,9377
3596,智易,12,0,12,華南永昌-虎尾,2023-05-19,9377
5009,榮剛,18,6,12,華南永昌-虎尾,2023-05-19,9377
00753L,中信中國50正2,14,3,11,華南永昌-虎尾,2023-05-19,9377
00688L,國泰20年美債正2,11,0,11,華南永昌-虎尾,2023-05-19,9377
1618,合機,11,0,11,華南永昌-虎尾,2023-05-19,9377
2601,益航,13,2,11,華南永昌-虎尾,2023-05-19,9377
6752,叡揚,18,7,11,華南永昌-虎尾,2023-05-19,9377
00902,中信電池及儲能,10,0,10,華南永昌-虎尾,2023-05-19,9377
00669R,國泰美國道瓊反1,10,0,10,華南永昌-虎尾,2023-05-19,9377
00752,中信中國50,10,0,10,華南永昌-虎尾,2023-05-19,9377
1337,再生-KY,10,0,10,華南永昌-虎尾,2023-05-19,9377
2801,彰銀,105,0,105,華南永昌-虎尾,2023-05-22,9377
1101,台泥,95,22,73,華南永昌-虎尾,2023-05-22,9377
00715L,期街口布蘭特正2,68,11,57,華南永昌-虎尾,2023-05-22,9377
1612,宏泰,50,0,50,華南永昌-虎尾,2023-05-22,9377
2881,富邦金,42,1,41,華南永昌-虎尾,2023-05-22,9377
00652,富邦印度,41,0,41,華南永昌-虎尾,2023-05-22,9377
1514,亞力,53,15,38,華南永昌-虎尾,2023-05-22,9377
2409,友達,37,2,35,華南永昌-虎尾,2023-05-22,9377
2615,萬海,36,3,33,華南永昌-虎尾,2023-05-22,9377
5426,振發,32,0,32,華南永昌-虎尾,2023-05-22,9377
2105,正新,45,14,31,華南永昌-虎尾,2023-05-22,9377
2241,艾姆勒,29,0,29,華南永昌-虎尾,2023-05-22,9377
00893,國泰智能電動車,30,2,28,華南永昌-虎尾,2023-05-22,9377
1504,東元,39,12,27,華南永昌-虎尾,2023-05-22,9377
3005,神基,27,2,25,華南永昌-虎尾,2023-05-22,9377
3047,訊舟,25,0,25,華南永昌-虎尾,2023-05-22,9377
6592,和潤企業,25,0,25,華南永昌-虎尾,2023-05-22,9377
00688L,國泰20年美債正2,24,0,24,華南永昌-虎尾,2023-05-22,9377
6770,力積電,24,2,22,華南永昌-虎尾,2023-05-22,9377
2022,聚亨,24,2,22,華南永昌-虎尾,2023-05-22,9377
2323,中環,23,1,22,華南永昌-虎尾,2023-05-22,9377
1810,和成,24,3,21,華南永昌-虎尾,2023-05-22,9377
2344,華邦電,33,12,21,華南永昌-虎尾,2023-05-22,9377
2611,志信,21,0,21,華南永昌-虎尾,2023-05-22,9377
1909,榮成,20,0,20,華南永昌-虎尾,2023-05-22,9377
2031,新光鋼,21,1,20,華南永昌-虎尾,2023-05-22,9377
6005,群益證,20,0,20,華南永昌-虎尾,2023-05-22,9377
2887,台新金,20,1,19,華南永昌-虎尾,2023-05-22,9377
2352,佳世達,19,1,18,華南永昌-虎尾,2023-05-22,9377
1524,耿鼎,15,0,15,華南永昌-虎尾,2023-05-22,9377
3712,永崴投控,15,0,15,華南永昌-虎尾,2023-05-22,9377
2883,凱基金,32,18,14,華南永昌-虎尾,2023-05-22,9377
2486,一詮,15,1,14,華南永昌-虎尾,2023-05-22,9377
5388,中磊,15,1,14,華南永昌-虎尾,2023-05-22,9377
2303,聯電,40,27,13,華南永昌-虎尾,2023-05-22,9377
00680L,元大美債20正2,13,0,13,華南永昌-虎尾,2023-05-22,9377
1342,八貫,12,0,12,華南永昌-虎尾,2023-05-22,9377
1605,華新,23,11,12,華南永昌-虎尾,2023-05-22,9377
1815,富喬,12,0,12,華南永昌-虎尾,2023-05-22,9377
3071,協禧,11,0,11,華南永昌-虎尾,2023-05-22,9377
1721,三晃,10,0,10,華南永昌-虎尾,2023-05-22,9377
2371,大同,19,9,10,華南永昌-虎尾,2023-05-22,9377
3038,全台,10,0,10,華南永昌-虎尾,2023-05-22,9377
3508,位速,10,0,10,華南永昌-虎尾,2023-05-22,9377
5328,華容,10,0,10,華南永昌-虎尾,2023-05-22,9377
8046,南電,10,1,9,華南永昌-虎尾,2023-05-22,9377
2402,毅嘉,10,1,9,華南永昌-虎尾,2023-05-22,9377
3202,樺晟,9,0,9,華南永昌-虎尾,2023-05-22,9377
2886,兆豐金,11,2,9,華南永昌-虎尾,2023-05-22,9377
1215,卜蜂,9,1,8,華南永昌-虎尾,2023-05-22,9377
2618,長榮航,230,39,191,華南永昌-虎尾,2023-05-23,9377
00712,復華富時不動產,110,0,110,華南永昌-虎尾,2023-05-23,9377
00637L,元大滬深300正2,107,6,101,華南永昌-虎尾,2023-05-23,9377
3706,神達,79,11,68,華南永昌-虎尾,2023-05-23,9377
1513,中興電,107,50,57,華南永昌-虎尾,2023-05-23,9377
00688L,國泰20年美債正2,53,0,53,華南永昌-虎尾,2023-05-23,9377
2897,王道銀行,50,0,50,華南永昌-虎尾,2023-05-23,9377
1528,恩德,52,5,47,華南永昌-虎尾,2023-05-23,9377
1101,台泥,49,5,44,華南永昌-虎尾,2023-05-23,9377
2206,三陽工業,53,12,41,華南永昌-虎尾,2023-05-23,9377
2887,台新金,46,5,41,華南永昌-虎尾,2023-05-23,9377
2425,承啟,35,0,35,華南永昌-虎尾,2023-05-23,9377
6026,福邦證,34,0,34,華南永昌-虎尾,2023-05-23,9377
2241,艾姆勒,32,0,32,華南永昌-虎尾,2023-05-23,9377
5498,凱崴,30,0,30,華南永昌-虎尾,2023-05-23,9377
2511,太子,28,0,28,華南永昌-虎尾,2023-05-23,9377
4915,致伸,25,0,25,華南永昌-虎尾,2023-05-23,9377
5388,中磊,30,5,25,華南永昌-虎尾,2023-05-23,9377
2208,台船,30,7,23,華南永昌-虎尾,2023-05-23,9377
00679B,元大美債20年,22,0,22,華南永昌-虎尾,2023-05-23,9377
00882,中信中國高股息,21,0,21,華南永昌-虎尾,2023-05-23,9377
1514,亞力,28,8,20,華南永昌-虎尾,2023-05-23,9377
2031,新光鋼,54,35,19,華南永昌-虎尾,2023-05-23,9377
5425,台半,27,9,18,華南永昌-虎尾,2023-05-23,9377
1314,中石化,17,0,17,華南永昌-虎尾,2023-05-23,9377
00652,富邦印度,17,0,17,華南永昌-虎尾,2023-05-23,9377
1524,耿鼎,15,0,15,華南永昌-虎尾,2023-05-23,9377
3712,永崴投控,15,0,15,華南永昌-虎尾,2023-05-23,9377
4909,新復興,27,13,14,華南永昌-虎尾,2023-05-23,9377
2313,華通,14,0,14,華南永昌-虎尾,2023-05-23,9377
3704,合勤控,15,1,14,華南永昌-虎尾,2023-05-23,9377
2323,中環,23,10,13,華南永昌-虎尾,2023-05-23,9377
2390,云辰,13,0,13,華南永昌-虎尾,2023-05-23,9377
3059,華晶科,13,0,13,華南永昌-虎尾,2023-05-23,9377
1609,大亞,36,24,12,華南永昌-虎尾,2023-05-23,9377
1565,精華,12,0,12,華南永昌-虎尾,2023-05-23,9377
2851,中再保,12,0,12,華南永昌-虎尾,2023-05-23,9377
8024,佑華,12,0,12,華南永昌-虎尾,2023-05-23,9377
2201,裕隆,34,22,12,華南永昌-虎尾,2023-05-23,9377
2444,兆勁,11,0,11,華南永昌-虎尾,2023-05-23,9377
00632R,元大台灣50反1,30,19,11,華南永昌-虎尾,2023-05-23,9377
6112,邁達特,18,8,10,華南永昌-虎尾,2023-05-23,9377
1721,三晃,10,0,10,華南永昌-虎尾,2023-05-23,9377
2337,旺宏,10,0,10,華南永昌-虎尾,2023-05-23,9377
2471,資通,14,4,10,華南永昌-虎尾,2023-05-23,9377
00706L,期元大S＆P日圓正2,10,0,10,華南永昌-虎尾,2023-05-23,9377
1608,華榮,10,0,10,華南永昌-虎尾,2023-05-23,9377
2383,台光電,13,3,10,華南永昌-虎尾,2023-05-23,9377
2539,櫻花建,10,0,10,華南永昌-虎尾,2023-05-23,9377
2881,富邦金,11,1,10,華南永昌-虎尾,2023-05-23,9377
00751B,元大AAA至A公司債,148,0,148,華南永昌-虎尾,2023-05-24,9377
00637L,元大滬深300正2,133,44,89,華南永昌-虎尾,2023-05-24,9377
6190,萬泰科,52,0,52,華南永昌-虎尾,2023-05-24,9377
1310,台苯,50,1,49,華南永昌-虎尾,2023-05-24,9377
2634,漢翔,83,35,48,華南永昌-虎尾,2023-05-24,9377
2458,義隆,82,42,40,華南永昌-虎尾,2023-05-24,9377
1618,合機,45,5,40,華南永昌-虎尾,2023-05-24,9377
3704,合勤控,55,17,38,華南永昌-虎尾,2023-05-24,9377
00655L,國泰中國A50正2,36,0,36,華南永昌-虎尾,2023-05-24,9377
2520,冠德,36,0,36,華南永昌-虎尾,2023-05-24,9377
2887,台新金,35,1,34,華南永昌-虎尾,2023-05-24,9377
2734,易飛網,38,11,27,華南永昌-虎尾,2023-05-24,9377
2393,億光,25,0,25,華南永昌-虎尾,2023-05-24,9377
2888,新光金,27,3,24,華南永昌-虎尾,2023-05-24,9377
6205,詮欣,24,0,24,華南永昌-虎尾,2023-05-24,9377
00878,國泰永續高股息,26,2,24,華南永昌-虎尾,2023-05-24,9377
5371,中光電,24,1,23,華南永昌-虎尾,2023-05-24,9377
00679B,元大美債20年,26,3,23,華南永昌-虎尾,2023-05-24,9377
2883,凱基金,23,1,22,華南永昌-虎尾,2023-05-24,9377
5009,榮剛,30,9,21,華南永昌-虎尾,2023-05-24,9377
2641,正德,20,0,20,華南永昌-虎尾,2023-05-24,9377
5426,振發,20,0,20,華南永昌-虎尾,2023-05-24,9377
00882,中信中國高股息,19,0,19,華南永昌-虎尾,2023-05-24,9377
2615,萬海,21,2,19,華南永昌-虎尾,2023-05-24,9377
6753,龍德造船,20,2,18,華南永昌-虎尾,2023-05-24,9377
1504,東元,30,14,16,華南永昌-虎尾,2023-05-24,9377
1732,毛寶,15,0,15,華南永昌-虎尾,2023-05-24,9377
2368,金像電,17,2,15,華南永昌-虎尾,2023-05-24,9377
2377,微星,17,2,15,華南永昌-虎尾,2023-05-24,9377
3207,耀勝,15,0,15,華南永昌-虎尾,2023-05-24,9377
1810,和成,17,3,14,華南永昌-虎尾,2023-05-24,9377
1605,華新,18,5,13,華南永昌-虎尾,2023-05-24,9377
2539,櫻花建,13,0,13,華南永昌-虎尾,2023-05-24,9377
3363,上詮,13,0,13,華南永昌-虎尾,2023-05-24,9377
2884,玉山金,16,4,12,華南永昌-虎尾,2023-05-24,9377
2344,華邦電,22,11,11,華南永昌-虎尾,2023-05-24,9377
2739,寒舍,11,0,11,華南永昌-虎尾,2023-05-24,9377
3178,公準,13,2,11,華南永昌-虎尾,2023-05-24,9377
3325,旭品,13,2,11,華南永昌-虎尾,2023-05-24,9377
6194,育富,11,0,11,華南永昌-虎尾,2023-05-24,9377
1337,再生-KY,10,0,10,華南永昌-虎尾,2023-05-24,9377
3682,亞太電,10,0,10,華南永昌-虎尾,2023-05-24,9377
00757,統一FANG+,10,0,10,華南永昌-虎尾,2023-05-24,9377
00680L,元大美債20正2,10,0,10,華南永昌-虎尾,2023-05-24,9377
1701,中化,10,0,10,華南永昌-虎尾,2023-05-24,9377
1714,和桐,10,0,10,華南永昌-虎尾,2023-05-24,9377
2208,台船,16,6,10,華南永昌-虎尾,2023-05-24,9377
2349,錸德,21,11,10,華南永昌-虎尾,2023-05-24,9377
2444,兆勁,10,0,10,華南永昌-虎尾,2023-05-24,9377
2491,吉祥全,10,0,10,華南永昌-虎尾,2023-05-24,9377
5301,寶得利,150,0,150,華南永昌-虎尾,2023-05-25,9377
5531,鄉林,84,11,73,華南永昌-虎尾,2023-05-25,9377
2611,志信,96,39,57,華南永昌-虎尾,2023-05-25,9377
3265,台星科,101,51,50,華南永昌-虎尾,2023-05-25,9377
1905,華紙,51,5,46,華南永昌-虎尾,2023-05-25,9377
00637L,元大滬深300正2,72,31,41,華南永昌-虎尾,2023-05-25,9377
2606,裕民,41,0,41,華南永昌-虎尾,2023-05-25,9377
2206,三陽工業,47,9,38,華南永昌-虎尾,2023-05-25,9377
3209,全科,34,0,34,華南永昌-虎尾,2023-05-25,9377
00882,中信中國高股息,36,2,34,華南永昌-虎尾,2023-05-25,9377
1513,中興電,58,25,33,華南永昌-虎尾,2023-05-25,9377
00655L,國泰中國A50正2,33,0,33,華南永昌-虎尾,2023-05-25,9377
2880,華南金,30,0,30,華南永昌-虎尾,2023-05-25,9377
3264,欣銓,30,0,30,華南永昌-虎尾,2023-05-25,9377
2425,承啟,29,0,29,華南永昌-虎尾,2023-05-25,9377
2887,台新金,28,3,25,華南永昌-虎尾,2023-05-25,9377
2031,新光鋼,26,1,25,華南永昌-虎尾,2023-05-25,9377
00665L,富邦�琤肭磪囓�2,24,0,24,華南永昌-虎尾,2023-05-25,9377
1711,永光,30,7,23,華南永昌-虎尾,2023-05-25,9377
2634,漢翔,35,12,23,華南永昌-虎尾,2023-05-25,9377
6191,精成科,34,12,22,華南永昌-虎尾,2023-05-25,9377
2489,瑞軒,22,1,21,華南永昌-虎尾,2023-05-25,9377
4157,太景*-KY,31,10,21,華南永昌-虎尾,2023-05-25,9377
2603,長榮,25,5,20,華南永昌-虎尾,2023-05-25,9377
2363,矽統,20,0,20,華南永昌-虎尾,2023-05-25,9377
3047,訊舟,20,0,20,華南永昌-虎尾,2023-05-25,9377
5315,光聯,20,0,20,華南永昌-虎尾,2023-05-25,9377
6733,博晟生醫,20,0,20,華南永昌-虎尾,2023-05-25,9377
3481,群創,34,15,19,華南永昌-虎尾,2023-05-25,9377
2303,聯電,29,11,18,華南永昌-虎尾,2023-05-25,9377
00688L,國泰20年美債正2,18,0,18,華南永昌-虎尾,2023-05-25,9377
1310,台苯,18,0,18,華南永昌-虎尾,2023-05-25,9377
6282,康舒,20,2,18,華南永昌-虎尾,2023-05-25,9377
8940,新天地,18,0,18,華南永昌-虎尾,2023-05-25,9377
4915,致伸,22,5,17,華南永昌-虎尾,2023-05-25,9377
2891,中信金,16,0,16,華南永昌-虎尾,2023-05-25,9377
00753L,中信中國50正2,16,0,16,華南永昌-虎尾,2023-05-25,9377
2241,艾姆勒,16,0,16,華南永昌-虎尾,2023-05-25,9377
6190,萬泰科,33,17,16,華南永昌-虎尾,2023-05-25,9377
6288,聯嘉,20,4,16,華南永昌-虎尾,2023-05-25,9377
2324,仁寶,23,8,15,華南永昌-虎尾,2023-05-25,9377
2520,冠德,14,0,14,華南永昌-虎尾,2023-05-25,9377
1519,華城,15,2,13,華南永昌-虎尾,2023-05-25,9377
5880,合庫金,12,0,12,華南永昌-虎尾,2023-05-25,9377
5009,榮剛,14,2,12,華南永昌-虎尾,2023-05-25,9377
2027,大成鋼,12,0,12,華南永昌-虎尾,2023-05-25,9377
2371,大同,50,38,12,華南永昌-虎尾,2023-05-25,9377
6770,力積電,11,0,11,華南永昌-虎尾,2023-05-25,9377
2801,彰銀,11,0,11,華南永昌-虎尾,2023-05-25,9377
00680L,元大美債20正2,11,0,11,華南永昌-虎尾,2023-05-25,9377
2538,基泰,100,0,100,華南永昌-虎尾,2023-05-26,9377
2610,華航,141,41,100,華南永昌-虎尾,2023-05-26,9377
2888,新光金,72,0,72,華南永昌-虎尾,2023-05-26,9377
2323,中環,143,80,63,華南永昌-虎尾,2023-05-26,9377
1618,合機,45,0,45,華南永昌-虎尾,2023-05-26,9377
5531,鄉林,43,0,43,華南永昌-虎尾,2023-05-26,9377
1504,東元,62,20,42,華南永昌-虎尾,2023-05-26,9377
2367,燿華,40,0,40,華南永昌-虎尾,2023-05-26,9377
00665L,富邦�琤肭磪囓�2,37,0,37,華南永昌-虎尾,2023-05-26,9377
5425,台半,44,8,36,華南永昌-虎尾,2023-05-26,9377
2349,錸德,35,0,35,華南永昌-虎尾,2023-05-26,9377
2402,毅嘉,35,0,35,華南永昌-虎尾,2023-05-26,9377
00637L,元大滬深300正2,75,41,34,華南永昌-虎尾,2023-05-26,9377
3706,神達,31,0,31,華南永昌-虎尾,2023-05-26,9377
00680L,元大美債20正2,30,0,30,華南永昌-虎尾,2023-05-26,9377
6116,彩晶,29,0,29,華南永昌-虎尾,2023-05-26,9377
2317,鴻海,28,1,27,華南永昌-虎尾,2023-05-26,9377
2344,華邦電,50,24,26,華南永昌-虎尾,2023-05-26,9377
00753L,中信中國50正2,23,0,23,華南永昌-虎尾,2023-05-26,9377
00715L,期街口布蘭特正2,24,2,22,華南永昌-虎尾,2023-05-26,9377
2390,云辰,22,0,22,華南永昌-虎尾,2023-05-26,9377
2489,瑞軒,32,10,22,華南永昌-虎尾,2023-05-26,9377
5426,振發,22,0,22,華南永昌-虎尾,2023-05-26,9377
1701,中化,21,0,21,華南永昌-虎尾,2023-05-26,9377
2634,漢翔,34,13,21,華南永昌-虎尾,2023-05-26,9377
3607,谷崧,30,9,21,華南永昌-虎尾,2023-05-26,9377
3686,達能,20,0,20,華南永昌-虎尾,2023-05-26,9377
4157,太景*-KY,20,0,20,華南永昌-虎尾,2023-05-26,9377
4916,事欣科,20,0,20,華南永昌-虎尾,2023-05-26,9377
5315,光聯,20,0,20,華南永昌-虎尾,2023-05-26,9377
6416,瑞祺電通,19,0,19,華南永昌-虎尾,2023-05-26,9377
3231,緯創,51,33,18,華南永昌-虎尾,2023-05-26,9377
1905,華紙,21,3,18,華南永昌-虎尾,2023-05-26,9377
5243,乙盛-KY,21,3,18,華南永昌-虎尾,2023-05-26,9377
6288,聯嘉,18,1,17,華南永昌-虎尾,2023-05-26,9377
8059,凱碩,20,3,17,華南永昌-虎尾,2023-05-26,9377
2382,廣達,21,4,17,華南永昌-虎尾,2023-05-26,9377
6547,高端疫苗,19,3,16,華南永昌-虎尾,2023-05-26,9377
2906,高林,15,0,15,華南永昌-虎尾,2023-05-26,9377
3508,位速,26,11,15,華南永昌-虎尾,2023-05-26,9377
3713,新晶投控,15,0,15,華南永昌-虎尾,2023-05-26,9377
2883,凱基金,15,0,15,華南永昌-虎尾,2023-05-26,9377
2441,超豐,14,0,14,華南永昌-虎尾,2023-05-26,9377
5388,中磊,24,10,14,華南永昌-虎尾,2023-05-26,9377
00772B,中信高評級公司債,13,0,13,華南永昌-虎尾,2023-05-26,9377
4979,華星光,70,57,13,華南永昌-虎尾,2023-05-26,9377
8091,翔名,13,0,13,華南永昌-虎尾,2023-05-26,9377
2409,友達,12,0,12,華南永昌-虎尾,2023-05-26,9377
8358,金居,48,36,12,華南永昌-虎尾,2023-05-26,9377
2801,彰銀,12,0,12,華南永昌-虎尾,2023-05-26,9377
00895,富邦未來車,379,0,379,華南永昌-虎尾,2023-05-29,9377
2317,鴻海,210,11,199,華南永昌-虎尾,2023-05-29,9377
3481,群創,192,33,159,華南永昌-虎尾,2023-05-29,9377
00632R,元大台灣50反1,102,0,102,華南永昌-虎尾,2023-05-29,9377
00882,中信中國高股息,80,0,80,華南永昌-虎尾,2023-05-29,9377
00715L,期街口布蘭特正2,92,40,52,華南永昌-虎尾,2023-05-29,9377
2484,希華,47,1,46,華南永昌-虎尾,2023-05-29,9377
2618,長榮航,123,80,43,華南永昌-虎尾,2023-05-29,9377
00637L,元大滬深300正2,65,30,35,華南永昌-虎尾,2023-05-29,9377
2371,大同,44,10,34,華南永昌-虎尾,2023-05-29,9377
2409,友達,45,11,34,華南永昌-虎尾,2023-05-29,9377
00900,富邦特選高股息30,50,20,30,華南永昌-虎尾,2023-05-29,9377
2349,錸德,30,0,30,華南永昌-虎尾,2023-05-29,9377
2880,華南金,30,0,30,華南永昌-虎尾,2023-05-29,9377
00878,國泰永續高股息,42,15,27,華南永昌-虎尾,2023-05-29,9377
1519,華城,33,6,27,華南永昌-虎尾,2023-05-29,9377
5531,鄉林,25,0,25,華南永昌-虎尾,2023-05-29,9377
4968,立積,40,15,25,華南永昌-虎尾,2023-05-29,9377
3005,神基,25,1,24,華南永昌-虎尾,2023-05-29,9377
00762,元大全球AI,21,0,21,華南永昌-虎尾,2023-05-29,9377
2362,藍天,20,0,20,華南永昌-虎尾,2023-05-29,9377
2520,冠德,20,0,20,華南永昌-虎尾,2023-05-29,9377
6708,天擎,20,0,20,華南永昌-虎尾,2023-05-29,9377
00675L,富邦臺灣加權正2,35,20,15,華南永昌-虎尾,2023-05-29,9377
1618,合機,15,0,15,華南永昌-虎尾,2023-05-29,9377
2491,吉祥全,13,0,13,華南永昌-虎尾,2023-05-29,9377
1503,士電,16,4,12,華南永昌-虎尾,2023-05-29,9377
8436,大江,12,0,12,華南永昌-虎尾,2023-05-29,9377
3056,富華新,15,4,11,華南永昌-虎尾,2023-05-29,9377
4904,遠傳,11,0,11,華南永昌-虎尾,2023-05-29,9377
1447,力鵬,11,0,11,華南永昌-虎尾,2023-05-29,9377
006208,富邦台50,10,0,10,華南永昌-虎尾,2023-05-29,9377
00922,國泰台灣領袖50,10,0,10,華南永昌-虎尾,2023-05-29,9377
1806,冠軍,10,0,10,華南永昌-虎尾,2023-05-29,9377
2230,泰茂,10,0,10,華南永昌-虎尾,2023-05-29,9377
2367,燿華,10,0,10,華南永昌-虎尾,2023-05-29,9377
3059,華晶科,10,0,10,華南永昌-虎尾,2023-05-29,9377
4707,磐亞,10,0,10,華南永昌-虎尾,2023-05-29,9377
6698,旭暉應材,10,0,10,華南永昌-虎尾,2023-05-29,9377
8024,佑華,10,0,10,華南永昌-虎尾,2023-05-29,9377
8105,凌巨,10,0,10,華南永昌-虎尾,2023-05-29,9377
2323,中環,57,48,9,華南永昌-虎尾,2023-05-29,9377
3707,漢磊,12,3,9,華南永昌-虎尾,2023-05-29,9377
2636,台驊控股,10,1,9,華南永昌-虎尾,2023-05-29,9377
8210,勤誠,13,4,9,華南永昌-虎尾,2023-05-29,9377
2601,益航,8,0,8,華南永昌-虎尾,2023-05-29,9377
5310,天剛,8,0,8,華南永昌-虎尾,2023-05-29,9377
1727,中華化,9,2,7,華南永昌-虎尾,2023-05-29,9377
2308,台達電,7,0,7,華南永昌-虎尾,2023-05-29,9377
2736,富野,15,8,7,華南永昌-虎尾,2023-05-29,9377
2610,華航,1243,90,1153,華南永昌-虎尾,2023-05-30,9377
6125,廣運,87,11,76,華南永昌-虎尾,2023-05-30,9377
2317,鴻海,112,40,72,華南永昌-虎尾,2023-05-30,9377
1460,宏遠,71,0,71,華南永昌-虎尾,2023-05-30,9377
2425,承啟,128,63,65,華南永昌-虎尾,2023-05-30,9377
2382,廣達,73,8,65,華南永昌-虎尾,2023-05-30,9377
00637L,元大滬深300正2,79,15,64,華南永昌-虎尾,2023-05-30,9377
5498,凱崴,56,4,52,華南永昌-虎尾,2023-05-30,9377
1609,大亞,59,11,48,華南永昌-虎尾,2023-05-30,9377
1526,日馳,48,0,48,華南永昌-虎尾,2023-05-30,9377
2801,彰銀,42,1,41,華南永昌-虎尾,2023-05-30,9377
2331,精英,39,1,38,華南永昌-虎尾,2023-05-30,9377
3032,偉訓,46,10,36,華南永昌-虎尾,2023-05-30,9377
00878,國泰永續高股息,36,1,35,華南永昌-虎尾,2023-05-30,9377
2634,漢翔,35,3,32,華南永昌-虎尾,2023-05-30,9377
2520,冠德,30,0,30,華南永昌-虎尾,2023-05-30,9377
3049,精金,30,0,30,華南永昌-虎尾,2023-05-30,9377
2002,中鋼,28,0,28,華南永昌-虎尾,2023-05-30,9377
6274,台燿,27,0,27,華南永昌-虎尾,2023-05-30,9377
00757,統一FANG+,25,0,25,華南永昌-虎尾,2023-05-30,9377
3564,其陽,26,1,25,華南永昌-虎尾,2023-05-30,9377
1608,華榮,40,16,24,華南永昌-虎尾,2023-05-30,9377
2401,凌陽,30,7,23,華南永昌-虎尾,2023-05-30,9377
00882,中信中國高股息,22,1,21,華南永昌-虎尾,2023-05-30,9377
1618,合機,20,0,20,華南永昌-虎尾,2023-05-30,9377
2362,藍天,20,0,20,華南永昌-虎尾,2023-05-30,9377
4726,永昕,20,0,20,華南永昌-虎尾,2023-05-30,9377
006208,富邦台50,20,1,19,華南永昌-虎尾,2023-05-30,9377
3535,晶彩科,18,0,18,華南永昌-虎尾,2023-05-30,9377
3706,神達,19,1,18,華南永昌-虎尾,2023-05-30,9377
6244,茂迪,22,4,18,華南永昌-虎尾,2023-05-30,9377
00675L,富邦臺灣加權正2,26,10,16,華南永昌-虎尾,2023-05-30,9377
3191,雲嘉南,15,0,15,華南永昌-虎尾,2023-05-30,9377
3607,谷崧,15,0,15,華南永昌-虎尾,2023-05-30,9377
6282,康舒,16,1,15,華南永昌-虎尾,2023-05-30,9377
2454,聯發科,22,7,15,華南永昌-虎尾,2023-05-30,9377
5425,台半,21,7,14,華南永昌-虎尾,2023-05-30,9377
0056,元大高股息,25,12,13,華南永昌-虎尾,2023-05-30,9377
3264,欣銓,20,7,13,華南永昌-虎尾,2023-05-30,9377
4979,華星光,17,4,13,華南永昌-虎尾,2023-05-30,9377
00673R,期元大S＆P原油反1,14,2,12,華南永昌-虎尾,2023-05-30,9377
4564,元翎,14,2,12,華南永昌-虎尾,2023-05-30,9377
5531,鄉林,12,0,12,華南永昌-虎尾,2023-05-30,9377
3231,緯創,36,24,12,華南永昌-虎尾,2023-05-30,9377
2388,威盛,26,15,11,華南永昌-虎尾,2023-05-30,9377
6708,天擎,11,0,11,華南永昌-虎尾,2023-05-30,9377
2498,宏達電,17,6,11,華南永昌-虎尾,2023-05-30,9377
1513,中興電,13,3,10,華南永昌-虎尾,2023-05-30,9377
00653L,富邦印度正2,10,0,10,華南永昌-虎尾,2023-05-30,9377
00753L,中信中國50正2,10,0,10,華南永昌-虎尾,2023-05-30,9377
2382,廣達,625,431,194,華南永昌-虎尾,2023-05-31,9377
00632R,元大台灣50反1,140,30,110,華南永昌-虎尾,2023-05-31,9377
6125,廣運,100,1,99,華南永昌-虎尾,2023-05-31,9377
5301,寶得利,91,0,91,華南永昌-虎尾,2023-05-31,9377
6188,廣明,84,2,82,華南永昌-虎尾,2023-05-31,9377
00637L,元大滬深300正2,85,20,65,華南永昌-虎尾,2023-05-31,9377
00882,中信中國高股息,66,2,64,華南永昌-虎尾,2023-05-31,9377
00655L,國泰中國A50正2,57,0,57,華南永昌-虎尾,2023-05-31,9377
00642U,期元大S＆P石油,56,0,56,華南永昌-虎尾,2023-05-31,9377
5498,凱崴,50,1,49,華南永昌-虎尾,2023-05-31,9377
3049,精金,50,3,47,華南永昌-虎尾,2023-05-31,9377
00762,元大全球AI,45,0,45,華南永昌-虎尾,2023-05-31,9377
2324,仁寶,48,3,45,華南永昌-虎尾,2023-05-31,9377
00715L,期街口布蘭特正2,247,204,43,華南永昌-虎尾,2023-05-31,9377
00753L,中信中國50正2,93,50,43,華南永昌-虎尾,2023-05-31,9377
3059,華晶科,51,8,43,華南永昌-虎尾,2023-05-31,9377
3265,台星科,42,0,42,華南永昌-虎尾,2023-05-31,9377
5426,振發,38,0,38,華南永昌-虎尾,2023-05-31,9377
8183,精星,39,2,37,華南永昌-虎尾,2023-05-31,9377
6104,創惟,44,9,35,華南永昌-虎尾,2023-05-31,9377
2457,飛宏,65,31,34,華南永昌-虎尾,2023-05-31,9377
2356,英業達,54,27,27,華南永昌-虎尾,2023-05-31,9377
5531,鄉林,24,0,24,華南永昌-虎尾,2023-05-31,9377
2611,志信,23,0,23,華南永昌-虎尾,2023-05-31,9377
2362,藍天,23,0,23,華南永昌-虎尾,2023-05-31,9377
3037,欣興,25,2,23,華南永昌-虎尾,2023-05-31,9377
2312,金寶,22,0,22,華南永昌-虎尾,2023-05-31,9377
3704,合勤控,27,6,21,華南永昌-虎尾,2023-05-31,9377
5905,南仁湖,29,9,20,華南永昌-虎尾,2023-05-31,9377
2371,大同,84,65,19,華南永昌-虎尾,2023-05-31,9377
1513,中興電,20,2,18,華南永昌-虎尾,2023-05-31,9377
1608,華榮,28,11,17,華南永昌-虎尾,2023-05-31,9377
2399,映泰,19,2,17,華南永昌-虎尾,2023-05-31,9377
2368,金像電,17,1,16,華南永昌-虎尾,2023-05-31,9377
3714,富采,20,4,16,華南永昌-虎尾,2023-05-31,9377
2603,長榮,17,2,15,華南永昌-虎尾,2023-05-31,9377
2392,正崴,14,1,13,華南永昌-虎尾,2023-05-31,9377
3191,雲嘉南,12,0,12,華南永昌-虎尾,2023-05-31,9377
3022,威強電,12,0,12,華南永昌-虎尾,2023-05-31,9377
5309,系統電,11,0,11,華南永昌-虎尾,2023-05-31,9377
5353,台林,11,0,11,華南永昌-虎尾,2023-05-31,9377
6112,邁達特,11,0,11,華南永昌-虎尾,2023-05-31,9377
1101,台泥,11,0,11,華南永昌-虎尾,2023-05-31,9377
00751B,元大AAA至A公司債,10,0,10,華南永昌-虎尾,2023-05-31,9377
1529,樂事綠能,10,0,10,華南永昌-虎尾,2023-05-31,9377
1802,台玻,10,0,10,華南永昌-虎尾,2023-05-31,9377
2514,龍邦,10,0,10,華南永昌-虎尾,2023-05-31,9377
3003,健和興,13,3,10,華南永昌-虎尾,2023-05-31,9377
3264,欣銓,10,0,10,華南永昌-虎尾,2023-05-31,9377
3290,東浦,10,0,10,華南永昌-虎尾,2023-05-31,9377
00715L,期街口布蘭特正2,227,2,225,華南永昌-虎尾,2023-06-01,9377
00712,復華富時不動產,88,0,88,華南永昌-虎尾,2023-06-01,9377
2610,華航,280,201,79,華南永昌-虎尾,2023-06-01,9377
2331,精英,81,8,73,華南永昌-虎尾,2023-06-01,9377
2371,大同,120,48,72,華南永昌-虎尾,2023-06-01,9377
2444,兆勁,70,0,70,華南永昌-虎尾,2023-06-01,9377
5301,寶得利,72,6,66,華南永昌-虎尾,2023-06-01,9377
2482,連宇,98,42,56,華南永昌-虎尾,2023-06-01,9377
6125,廣運,50,2,48,華南永昌-虎尾,2023-06-01,9377
2539,櫻花建,44,0,44,華南永昌-虎尾,2023-06-01,9377
2313,華通,42,0,42,華南永昌-虎尾,2023-06-01,9377
2520,冠德,40,0,40,華南永昌-虎尾,2023-06-01,9377
4533,協易機,40,0,40,華南永昌-虎尾,2023-06-01,9377
2105,正新,38,0,38,華南永昌-虎尾,2023-06-01,9377
3252,海灣,41,4,37,華南永昌-虎尾,2023-06-01,9377
3031,佰鴻,38,2,36,華南永昌-虎尾,2023-06-01,9377
6016,康和證,40,5,35,華南永昌-虎尾,2023-06-01,9377
00642U,期元大S＆P石油,32,0,32,華南永昌-虎尾,2023-06-01,9377
3094,聯傑,32,0,32,華南永昌-虎尾,2023-06-01,9377
2425,承啟,35,5,30,華南永昌-虎尾,2023-06-01,9377
6188,廣明,55,25,30,華南永昌-虎尾,2023-06-01,9377
3504,揚明光,30,2,28,華南永昌-虎尾,2023-06-01,9377
1608,華榮,31,4,27,華南永昌-虎尾,2023-06-01,9377
3706,神達,56,31,25,華南永昌-虎尾,2023-06-01,9377
2606,裕民,24,0,24,華南永昌-虎尾,2023-06-01,9377
3265,台星科,25,3,22,華南永昌-虎尾,2023-06-01,9377
3481,群創,22,0,22,華南永昌-虎尾,2023-06-01,9377
2323,中環,25,4,21,華南永昌-虎尾,2023-06-01,9377
2609,陽明,33,12,21,華南永昌-虎尾,2023-06-01,9377
2630,亞航,27,6,21,華南永昌-虎尾,2023-06-01,9377
1310,台苯,20,0,20,華南永昌-虎尾,2023-06-01,9377
2634,漢翔,34,14,20,華南永昌-虎尾,2023-06-01,9377
1609,大亞,20,2,18,華南永昌-虎尾,2023-06-01,9377
5706,鳳凰,29,13,16,華南永昌-虎尾,2023-06-01,9377
1101,台泥,18,2,16,華南永昌-虎尾,2023-06-01,9377
5328,華容,15,0,15,華南永昌-虎尾,2023-06-01,9377
6005,群益證,15,0,15,華南永昌-虎尾,2023-06-01,9377
2353,宏��,13,0,13,華南永昌-虎尾,2023-06-01,9377
3162,精確,13,0,13,華南永昌-虎尾,2023-06-01,9377
5531,鄉林,14,1,13,華南永昌-虎尾,2023-06-01,9377
00753L,中信中國50正2,14,2,12,華南永昌-虎尾,2023-06-01,9377
1605,華新,17,5,12,華南永昌-虎尾,2023-06-01,9377
2881,富邦金,12,0,12,華南永昌-虎尾,2023-06-01,9377
1314,中石化,11,0,11,華南永昌-虎尾,2023-06-01,9377
4908,前鼎,11,0,11,華南永昌-虎尾,2023-06-01,9377
4915,致伸,11,0,11,華南永昌-虎尾,2023-06-01,9377
2409,友達,11,1,10,華南永昌-虎尾,2023-06-01,9377
1467,南緯,10,0,10,華南永昌-虎尾,2023-06-01,9377
4976,佳凌,11,1,10,華南永昌-虎尾,2023-06-01,9377
8933,愛地雅,10,0,10,華南永昌-虎尾,2023-06-01,9377
2353,宏��,291,95,196,華南永昌-虎尾,2023-06-02,9377
00632R,元大台灣50反1,177,10,167,華南永昌-虎尾,2023-06-02,9377
2371,大同,136,36,100,華南永昌-虎尾,2023-06-02,9377
2706,第一店,100,1,99,華南永昌-虎尾,2023-06-02,9377
2356,英業達,77,6,71,華南永昌-虎尾,2023-06-02,9377
2382,廣達,82,18,64,華南永昌-虎尾,2023-06-02,9377
00673R,期元大S＆P原油反1,51,0,51,華南永昌-虎尾,2023-06-02,9377
2897,王道銀行,50,0,50,華南永昌-虎尾,2023-06-02,9377
8183,精星,51,2,49,華南永昌-虎尾,2023-06-02,9377
2329,華泰,41,4,37,華南永昌-虎尾,2023-06-02,9377
3305,昇貿,36,1,35,華南永昌-虎尾,2023-06-02,9377
1504,東元,85,53,32,華南永昌-虎尾,2023-06-02,9377
4747,強生,32,2,30,華南永昌-虎尾,2023-06-02,9377
5426,振發,42,13,29,華南永昌-虎尾,2023-06-02,9377
5243,乙盛-KY,32,4,28,華南永昌-虎尾,2023-06-02,9377
00919,群益台灣精選高息,26,0,26,華南永昌-虎尾,2023-06-02,9377
1905,華紙,71,46,25,華南永昌-虎尾,2023-06-02,9377
6288,聯嘉,24,0,24,華南永昌-虎尾,2023-06-02,9377
00712,復華富時不動產,22,0,22,華南永昌-虎尾,2023-06-02,9377
8110,華東,21,0,21,華南永昌-虎尾,2023-06-02,9377
3022,威強電,21,1,20,華南永昌-虎尾,2023-06-02,9377
3037,欣興,25,5,20,華南永昌-虎尾,2023-06-02,9377
3545,敦泰,20,0,20,華南永昌-虎尾,2023-06-02,9377
3711,日月光投控,31,11,20,華南永昌-虎尾,2023-06-02,9377
6127,九豪,20,1,19,華南永昌-虎尾,2023-06-02,9377
6205,詮欣,20,1,19,華南永昌-虎尾,2023-06-02,9377
5258,虹堡,25,7,18,華南永昌-虎尾,2023-06-02,9377
2323,中環,53,36,17,華南永昌-虎尾,2023-06-02,9377
2337,旺宏,19,2,17,華南永昌-虎尾,2023-06-02,9377
2615,萬海,20,3,17,華南永昌-虎尾,2023-06-02,9377
2002,中鋼,20,4,16,華南永昌-虎尾,2023-06-02,9377
00753L,中信中國50正2,23,7,16,華南永昌-虎尾,2023-06-02,9377
2349,錸德,15,0,15,華南永昌-虎尾,2023-06-02,9377
1101,台泥,72,58,14,華南永昌-虎尾,2023-06-02,9377
2734,易飛網,14,1,13,華南永昌-虎尾,2023-06-02,9377
4533,協易機,13,0,13,華南永昌-虎尾,2023-06-02,9377
6269,台郡,12,0,12,華南永昌-虎尾,2023-06-02,9377
00679B,元大美債20年,11,0,11,華南永昌-虎尾,2023-06-02,9377
2331,精英,25,14,11,華南永昌-虎尾,2023-06-02,9377
2851,中再保,11,0,11,華南永昌-虎尾,2023-06-02,9377
4168,醣聯,11,0,11,華南永昌-虎尾,2023-06-02,9377
6167,久正,11,0,11,華南永昌-虎尾,2023-06-02,9377
6223,旺矽,11,0,11,華南永昌-虎尾,2023-06-02,9377
3499,環天科,10,0,10,華南永昌-虎尾,2023-06-02,9377
4157,太景*-KY,10,0,10,華南永昌-虎尾,2023-06-02,9377
4904,遠傳,10,0,10,華南永昌-虎尾,2023-06-02,9377
5301,寶得利,10,0,10,華南永昌-虎尾,2023-06-02,9377
6122,擎邦,10,0,10,華南永昌-虎尾,2023-06-02,9377
8409,商之器,10,0,10,華南永昌-虎尾,2023-06-02,9377
3673,TPK-KY,15,5,10,華南永昌-虎尾,2023-06-02,9377
2888,新光金,799,353,446,華南永昌-虎尾,2023-06-05,9377
2382,廣達,263,23,240,華南永昌-虎尾,2023-06-05,9377
00673R,期元大S＆P原油反1,111,0,111,華南永昌-虎尾,2023-06-05,9377
2329,華泰,156,56,100,華南永昌-虎尾,2023-06-05,9377
1802,台玻,100,5,95,華南永昌-虎尾,2023-06-05,9377
9945,潤泰新,90,13,77,華南永昌-虎尾,2023-06-05,9377
2891,中信金,70,0,70,華南永昌-虎尾,2023-06-05,9377
1905,華紙,81,14,67,華南永昌-虎尾,2023-06-05,9377
3049,精金,57,0,57,華南永昌-虎尾,2023-06-05,9377
00675L,富邦臺灣加權正2,50,0,50,華南永昌-虎尾,2023-06-05,9377
5301,寶得利,50,0,50,華南永昌-虎尾,2023-06-05,9377
1314,中石化,75,28,47,華南永昌-虎尾,2023-06-05,9377
6139,亞翔,48,1,47,華南永昌-虎尾,2023-06-05,9377
2812,台中銀,50,4,46,華南永昌-虎尾,2023-06-05,9377
8064,東捷,60,16,44,華南永昌-虎尾,2023-06-05,9377
2344,華邦電,57,14,43,華南永昌-虎尾,2023-06-05,9377
1513,中興電,72,31,41,華南永昌-虎尾,2023-06-05,9377
6506,雙邦,40,0,40,華南永昌-虎尾,2023-06-05,9377
8059,凱碩,40,0,40,華南永昌-虎尾,2023-06-05,9377
2634,漢翔,86,46,40,華南永昌-虎尾,2023-06-05,9377
2014,中鴻,35,3,32,華南永昌-虎尾,2023-06-05,9377
2206,三陽工業,33,1,32,華南永昌-虎尾,2023-06-05,9377
00882,中信中國高股息,31,0,31,華南永昌-虎尾,2023-06-05,9377
1524,耿鼎,31,0,31,華南永昌-虎尾,2023-06-05,9377
2867,三商壽,31,0,31,華南永昌-虎尾,2023-06-05,9377
00669R,國泰美國道瓊反1,30,0,30,華南永昌-虎尾,2023-06-05,9377
2022,聚亨,30,0,30,華南永昌-虎尾,2023-06-05,9377
2303,聯電,36,11,25,華南永昌-虎尾,2023-06-05,9377
3092,鴻碩,25,0,25,華南永昌-虎尾,2023-06-05,9377
6282,康舒,47,22,25,華南永昌-虎尾,2023-06-05,9377
2543,皇昌,24,0,24,華南永昌-虎尾,2023-06-05,9377
5009,榮剛,38,14,24,華南永昌-虎尾,2023-06-05,9377
6116,彩晶,53,29,24,華南永昌-虎尾,2023-06-05,9377
2204,中華,45,22,23,華南永昌-虎尾,2023-06-05,9377
00878,國泰永續高股息,23,1,22,華南永昌-虎尾,2023-06-05,9377
2324,仁寶,21,0,21,華南永昌-虎尾,2023-06-05,9377
2368,金像電,28,7,21,華南永昌-虎尾,2023-06-05,9377
2369,菱生,20,0,20,華南永昌-虎尾,2023-06-05,9377
5425,台半,27,7,20,華南永昌-虎尾,2023-06-05,9377
6285,啟��,20,0,20,華南永昌-虎尾,2023-06-05,9377
2734,易飛網,19,0,19,華南永昌-虎尾,2023-06-05,9377
6015,宏遠證,19,1,18,華南永昌-虎尾,2023-06-05,9377
00712,復華富時不動產,17,0,17,華南永昌-虎尾,2023-06-05,9377
3011,今皓,17,0,17,華南永昌-虎尾,2023-06-05,9377
00919,群益台灣精選高息,17,0,17,華南永昌-虎尾,2023-06-05,9377
1440,南紡,16,0,16,華南永昌-虎尾,2023-06-05,9377
2308,台達電,17,1,16,華南永昌-虎尾,2023-06-05,9377
4942,嘉彰,16,0,16,華南永昌-虎尾,2023-06-05,9377
6143,振曜,16,0,16,華南永昌-虎尾,2023-06-05,9377
8112,至上,16,0,16,華南永昌-虎尾,2023-06-05,9377
00795B,中信美國公債20年,56,0,56,華南永昌-虎尾,2023-06-06,9377
8064,東捷,51,0,51,華南永昌-虎尾,2023-06-06,9377
2425,承啟,45,0,45,華南永昌-虎尾,2023-06-06,9377
00650L,復華香港正2,42,0,42,華南永昌-虎尾,2023-06-06,9377
1909,榮成,41,1,40,華南永昌-虎尾,2023-06-06,9377
2368,金像電,43,3,40,華南永昌-虎尾,2023-06-06,9377
1444,力麗,43,5,38,華南永昌-虎尾,2023-06-06,9377
1513,中興電,37,2,35,華南永昌-虎尾,2023-06-06,9377
2489,瑞軒,105,70,35,華南永昌-虎尾,2023-06-06,9377
3022,威強電,36,5,31,華南永昌-虎尾,2023-06-06,9377
6282,康舒,47,16,31,華南永昌-虎尾,2023-06-06,9377
8933,愛地雅,30,0,30,華南永昌-虎尾,2023-06-06,9377
1701,中化,30,0,30,華南永昌-虎尾,2023-06-06,9377
00679B,元大美債20年,28,0,28,華南永昌-虎尾,2023-06-06,9377
2634,漢翔,33,5,28,華南永昌-虎尾,2023-06-06,9377
4938,和碩,28,2,26,華南永昌-虎尾,2023-06-06,9377
4931,新盛力,24,0,24,華南永昌-虎尾,2023-06-06,9377
6416,瑞祺電通,24,0,24,華南永昌-虎尾,2023-06-06,9377
2427,三商電,29,6,23,華南永昌-虎尾,2023-06-06,9377
4121,優盛,22,0,22,華南永昌-虎尾,2023-06-06,9377
1605,華新,53,31,22,華南永昌-虎尾,2023-06-06,9377
1618,合機,22,1,21,華南永昌-虎尾,2023-06-06,9377
00919,群益台灣精選高息,21,0,21,華南永昌-虎尾,2023-06-06,9377
3706,神達,25,4,21,華南永昌-虎尾,2023-06-06,9377
2022,聚亨,20,0,20,華南永昌-虎尾,2023-06-06,9377
2349,錸德,20,0,20,華南永昌-虎尾,2023-06-06,9377
5426,振發,20,0,20,華南永昌-虎尾,2023-06-06,9377
5522,遠雄,20,0,20,華南永昌-虎尾,2023-06-06,9377
2498,宏達電,33,14,19,華南永昌-虎尾,2023-06-06,9377
3058,立德,32,13,19,華南永昌-虎尾,2023-06-06,9377
3217,優群,40,21,19,華南永昌-虎尾,2023-06-06,9377
2208,台船,19,3,16,華南永昌-虎尾,2023-06-06,9377
6180,橘子,17,1,16,華南永昌-虎尾,2023-06-06,9377
2530,華建,15,0,15,華南永昌-虎尾,2023-06-06,9377
3707,漢磊,20,5,15,華南永昌-虎尾,2023-06-06,9377
6592,和潤企業,20,6,14,華南永昌-虎尾,2023-06-06,9377
4904,遠傳,26,12,14,華南永昌-虎尾,2023-06-06,9377
3605,宏致,13,0,13,華南永昌-虎尾,2023-06-06,9377
3231,緯創,36,23,13,華南永昌-虎尾,2023-06-06,9377
2457,飛宏,20,8,12,華南永昌-虎尾,2023-06-06,9377
2461,光群雷,12,0,12,華南永昌-虎尾,2023-06-06,9377
3564,其陽,14,2,12,華南永昌-虎尾,2023-06-06,9377
2317,鴻海,15,4,11,華南永昌-虎尾,2023-06-06,9377
2867,三商壽,11,0,11,華南永昌-虎尾,2023-06-06,9377
2399,映泰,15,4,11,華南永昌-虎尾,2023-06-06,9377
3715,定穎投控,11,0,11,華南永昌-虎尾,2023-06-06,9377
6209,今國光,11,0,11,華南永昌-虎尾,2023-06-06,9377
3037,欣興,13,2,11,華南永昌-虎尾,2023-06-06,9377
00655L,國泰中國A50正2,10,0,10,華南永昌-虎尾,2023-06-06,9377
1529,樂事綠能,13,3,10,華南永昌-虎尾,2023-06-06,9377
2618,長榮航,289,14,275,華南永昌-虎尾,2023-06-07,9377
3481,群創,206,41,165,華南永昌-虎尾,2023-06-07,9377
2610,華航,172,54,118,華南永昌-虎尾,2023-06-07,9377
00712,復華富時不動產,98,4,94,華南永昌-虎尾,2023-06-07,9377
5301,寶得利,90,0,90,華南永昌-虎尾,2023-06-07,9377
1710,東聯,79,1,78,華南永昌-虎尾,2023-06-07,9377
00715L,期街口布蘭特正2,113,38,75,華南永昌-虎尾,2023-06-07,9377
00637L,元大滬深300正2,153,98,55,華南永昌-虎尾,2023-06-07,9377
2368,金像電,67,13,54,華南永昌-虎尾,2023-06-07,9377
2897,王道銀行,100,50,50,華南永昌-虎尾,2023-06-07,9377
6175,立敦,49,0,49,華南永昌-虎尾,2023-06-07,9377
1903,士紙,44,0,44,華南永昌-虎尾,2023-06-07,9377
1701,中化,43,0,43,華南永昌-虎尾,2023-06-07,9377
8930,青鋼,42,0,42,華南永昌-虎尾,2023-06-07,9377
00751B,元大AAA至A公司債,40,0,40,華南永昌-虎尾,2023-06-07,9377
2425,承啟,76,36,40,華南永昌-虎尾,2023-06-07,9377
2356,英業達,58,20,38,華南永昌-虎尾,2023-06-07,9377
6416,瑞祺電通,36,0,36,華南永昌-虎尾,2023-06-07,9377
00919,群益台灣精選高息,35,0,35,華南永昌-虎尾,2023-06-07,9377
3003,健和興,46,11,35,華南永昌-虎尾,2023-06-07,9377
4960,誠美材,34,0,34,華南永昌-虎尾,2023-06-07,9377
2344,華邦電,43,11,32,華南永昌-虎尾,2023-06-07,9377
2382,廣達,77,48,29,華南永昌-虎尾,2023-06-07,9377
2431,聯昌,26,0,26,華南永昌-虎尾,2023-06-07,9377
2312,金寶,24,0,24,華南永昌-虎尾,2023-06-07,9377
1504,東元,49,25,24,華南永昌-虎尾,2023-06-07,9377
2388,威盛,39,17,22,華南永昌-虎尾,2023-06-07,9377
1514,亞力,27,7,20,華南永昌-虎尾,2023-06-07,9377
2883,凱基金,26,6,20,華南永昌-虎尾,2023-06-07,9377
3217,優群,62,42,20,華南永昌-虎尾,2023-06-07,9377
4906,正文,21,1,20,華南永昌-虎尾,2023-06-07,9377
6191,精成科,29,10,19,華南永昌-虎尾,2023-06-07,9377
3013,晟銘電,27,9,18,華南永昌-虎尾,2023-06-07,9377
3711,日月光投控,35,19,16,華南永昌-虎尾,2023-06-07,9377
1605,華新,30,14,16,華南永昌-虎尾,2023-06-07,9377
3056,富華新,15,0,15,華南永昌-虎尾,2023-06-07,9377
3705,永信,14,0,14,華南永昌-虎尾,2023-06-07,9377
2349,錸德,21,8,13,華南永昌-虎尾,2023-06-07,9377
2409,友達,32,19,13,華南永昌-虎尾,2023-06-07,9377
1444,力麗,13,1,12,華南永昌-虎尾,2023-06-07,9377
4931,新盛力,13,1,12,華南永昌-虎尾,2023-06-07,9377
5386,青雲,12,0,12,華南永昌-虎尾,2023-06-07,9377
6270,倍微,12,0,12,華南永昌-虎尾,2023-06-07,9377
2371,大同,16,4,12,華南永昌-虎尾,2023-06-07,9377
1711,永光,22,11,11,華南永昌-虎尾,2023-06-07,9377
3450,聯鈞,11,0,11,華南永昌-虎尾,2023-06-07,9377
6414,樺漢,10,0,10,華南永昌-虎尾,2023-06-07,9377
00633L,富邦上証正2,12,2,10,華南永昌-虎尾,2023-06-07,9377
00655L,國泰中國A50正2,10,0,10,華南永昌-虎尾,2023-06-07,9377
2006,東和鋼鐵,10,0,10,華南永昌-虎尾,2023-06-07,9377
5301,寶得利,116,0,116,華南永昌-虎尾,2023-06-08,9377
6188,廣明,101,10,91,華南永昌-虎尾,2023-06-08,9377
2530,華建,60,0,60,華南永昌-虎尾,2023-06-08,9377
1504,東元,64,5,59,華南永昌-虎尾,2023-06-08,9377
2368,金像電,65,6,59,華南永昌-虎尾,2023-06-08,9377
1605,華新,68,16,52,華南永昌-虎尾,2023-06-08,9377
00878,國泰永續高股息,62,13,49,華南永昌-虎尾,2023-06-08,9377
2402,毅嘉,59,13,46,華南永昌-虎尾,2023-06-08,9377
00673R,期元大S＆P原油反1,42,0,42,華南永昌-虎尾,2023-06-08,9377
1513,中興電,79,38,41,華南永昌-虎尾,2023-06-08,9377
2801,彰銀,40,0,40,華南永昌-虎尾,2023-06-08,9377
8940,新天地,43,6,37,華南永昌-虎尾,2023-06-08,9377
2371,大同,55,18,37,華南永昌-虎尾,2023-06-08,9377
3231,緯創,53,17,36,華南永昌-虎尾,2023-06-08,9377
2734,易飛網,37,2,35,華南永昌-虎尾,2023-06-08,9377
3260,威剛,33,1,32,華南永昌-虎尾,2023-06-08,9377
1519,華城,32,1,31,華南永昌-虎尾,2023-06-08,9377
6443,元晶,33,2,31,華南永昌-虎尾,2023-06-08,9377
2401,凌陽,30,3,27,華南永昌-虎尾,2023-06-08,9377
5607,遠雄港,24,0,24,華南永昌-虎尾,2023-06-08,9377
2349,錸德,23,0,23,華南永昌-虎尾,2023-06-08,9377
5706,鳳凰,29,6,23,華南永昌-虎尾,2023-06-08,9377
1612,宏泰,45,23,22,華南永昌-虎尾,2023-06-08,9377
2204,中華,46,24,22,華南永昌-虎尾,2023-06-08,9377
4960,誠美材,41,20,21,華南永昌-虎尾,2023-06-08,9377
00688L,國泰20年美債正2,21,0,21,華南永昌-虎尾,2023-06-08,9377
2489,瑞軒,30,10,20,華南永昌-虎尾,2023-06-08,9377
5356,協益,20,0,20,華南永昌-虎尾,2023-06-08,9377
2454,聯發科,21,1,20,華南永昌-虎尾,2023-06-08,9377
0056,元大高股息,19,0,19,華南永昌-虎尾,2023-06-08,9377
1608,華榮,34,15,19,華南永昌-虎尾,2023-06-08,9377
1609,大亞,159,141,18,華南永昌-虎尾,2023-06-08,9377
3264,欣銓,20,3,17,華南永昌-虎尾,2023-06-08,9377
3354,律勝,17,0,17,華南永昌-虎尾,2023-06-08,9377
8182,加高,17,0,17,華南永昌-虎尾,2023-06-08,9377
1101,台泥,17,1,16,華南永昌-虎尾,2023-06-08,9377
1514,亞力,23,7,16,華南永昌-虎尾,2023-06-08,9377
2356,英業達,16,0,16,華南永昌-虎尾,2023-06-08,9377
1618,合機,16,1,15,華南永昌-虎尾,2023-06-08,9377
4108,懷特,15,0,15,華南永昌-虎尾,2023-06-08,9377
2323,中環,134,120,14,華南永昌-虎尾,2023-06-08,9377
4938,和碩,14,1,13,華南永昌-虎尾,2023-06-08,9377
6274,台燿,16,4,12,華南永昌-虎尾,2023-06-08,9377
00919,群益台灣精選高息,16,4,12,華南永昌-虎尾,2023-06-08,9377
2362,藍天,12,0,12,華南永昌-虎尾,2023-06-08,9377
2409,友達,28,16,12,華南永昌-虎尾,2023-06-08,9377
2736,富野,13,1,12,華南永昌-虎尾,2023-06-08,9377
3022,威強電,15,3,12,華南永昌-虎尾,2023-06-08,9377
6727,亞泰金屬,12,0,12,華南永昌-虎尾,2023-06-08,9377
2498,宏達電,14,3,11,華南永昌-虎尾,2023-06-08,9377
2801,彰銀,320,10,310,華南永昌-虎尾,2023-06-09,9377
2610,華航,349,86,263,華南永昌-虎尾,2023-06-09,9377
00929,復華台灣科技優息,260,0,260,華南永昌-虎尾,2023-06-09,9377
3056,富華新,170,0,170,華南永昌-虎尾,2023-06-09,9377
2382,廣達,155,17,138,華南永昌-虎尾,2023-06-09,9377
00715L,期街口布蘭特正2,137,1,136,華南永昌-虎尾,2023-06-09,9377
6125,廣運,161,39,122,華南永昌-虎尾,2023-06-09,9377
00665L,富邦�琤肭磪囓�2,100,0,100,華南永昌-虎尾,2023-06-09,9377
2353,宏��,105,40,65,華南永昌-虎尾,2023-06-09,9377
2377,微星,81,22,59,華南永昌-虎尾,2023-06-09,9377
1314,中石化,57,0,57,華南永昌-虎尾,2023-06-09,9377
2618,長榮航,73,29,44,華南永昌-虎尾,2023-06-09,9377
00919,群益台灣精選高息,45,2,43,華南永昌-虎尾,2023-06-09,9377
1419,新紡,45,5,40,華南永昌-虎尾,2023-06-09,9377
2399,映泰,65,26,39,華南永昌-虎尾,2023-06-09,9377
1618,合機,38,0,38,華南永昌-虎尾,2023-06-09,9377
6443,元晶,33,0,33,華南永昌-虎尾,2023-06-09,9377
3707,漢磊,30,0,30,華南永昌-虎尾,2023-06-09,9377
2482,連宇,46,17,29,華南永昌-虎尾,2023-06-09,9377
2368,金像電,31,4,27,華南永昌-虎尾,2023-06-09,9377
2356,英業達,80,53,27,華南永昌-虎尾,2023-06-09,9377
4155,訊映,30,4,26,華南永昌-虎尾,2023-06-09,9377
2428,興勤,26,0,26,華南永昌-虎尾,2023-06-09,9377
1612,宏泰,24,0,24,華南永昌-虎尾,2023-06-09,9377
6282,康舒,48,25,23,華南永昌-虎尾,2023-06-09,9377
00713,元大台灣高息低波,22,0,22,華南永昌-虎尾,2023-06-09,9377
5512,力麒,20,0,20,華南永昌-虎尾,2023-06-09,9377
3231,緯創,72,52,20,華南永昌-虎尾,2023-06-09,9377
5301,寶得利,68,50,18,華南永昌-虎尾,2023-06-09,9377
2349,錸德,20,3,17,華南永昌-虎尾,2023-06-09,9377
6288,聯嘉,23,7,16,華南永昌-虎尾,2023-06-09,9377
3324,雙鴻,16,2,14,華南永昌-虎尾,2023-06-09,9377
2323,中環,233,220,13,華南永昌-虎尾,2023-06-09,9377
6593,台灣銘板,13,0,13,華南永昌-虎尾,2023-06-09,9377
00885,富邦越南,12,0,12,華南永昌-虎尾,2023-06-09,9377
6155,鈞寶,12,0,12,華南永昌-虎尾,2023-06-09,9377
8069,元太,14,2,12,華南永昌-虎尾,2023-06-09,9377
9955,佳龍,15,3,12,華南永昌-虎尾,2023-06-09,9377
2882,國泰金,12,0,12,華南永昌-虎尾,2023-06-09,9377
5347,世界,12,1,11,華南永昌-虎尾,2023-06-09,9377
2402,毅嘉,12,1,11,華南永昌-虎尾,2023-06-09,9377
3673,TPK-KY,13,2,11,華南永昌-虎尾,2023-06-09,9377
6026,福邦證,11,0,11,華南永昌-虎尾,2023-06-09,9377
8049,晶采,11,0,11,華南永昌-虎尾,2023-06-09,9377
00878,國泰永續高股息,12,2,10,華南永昌-虎尾,2023-06-09,9377
00669R,國泰美國道瓊反1,10,0,10,華南永昌-虎尾,2023-06-09,9377
3663,鑫科,10,0,10,華南永昌-虎尾,2023-06-09,9377
6176,瑞儀,10,0,10,華南永昌-虎尾,2023-06-09,9377
6532,瑞耘,10,0,10,華南永昌-虎尾,2023-06-09,9377
9103,美德醫療-DR,10,0,10,華南永昌-虎尾,2023-06-09,9377
2801,彰銀,487,15,472,華南永昌-虎尾,2023-06-12,9377
00632R,元大台灣50反1,235,0,235,華南永昌-虎尾,2023-06-12,9377
00715L,期街口布蘭特正2,128,2,126,華南永昌-虎尾,2023-06-12,9377
2312,金寶,111,4,107,華南永昌-虎尾,2023-06-12,9377
2356,英業達,104,8,96,華南永昌-虎尾,2023-06-12,9377
00706L,期元大S＆P日圓正2,95,0,95,華南永昌-虎尾,2023-06-12,9377
00929,復華台灣科技優息,81,1,80,華南永昌-虎尾,2023-06-12,9377
2317,鴻海,106,30,76,華南永昌-虎尾,2023-06-12,9377
0056,元大高股息,65,5,60,華南永昌-虎尾,2023-06-12,9377
2618,長榮航,83,32,51,華南永昌-虎尾,2023-06-12,9377
2897,王道銀行,50,0,50,華南永昌-虎尾,2023-06-12,9377
4207,環泰,50,0,50,華南永昌-虎尾,2023-06-12,9377
2402,毅嘉,57,8,49,華南永昌-虎尾,2023-06-12,9377
2489,瑞軒,47,0,47,華南永昌-虎尾,2023-06-12,9377
2352,佳世達,44,2,42,華南永昌-虎尾,2023-06-12,9377
00753L,中信中國50正2,40,0,40,華南永昌-虎尾,2023-06-12,9377
00665L,富邦�琤肭磪囓�2,40,0,40,華南永昌-虎尾,2023-06-12,9377
6443,元晶,40,5,35,華南永昌-虎尾,2023-06-12,9377
00919,群益台灣精選高息,34,2,32,華南永昌-虎尾,2023-06-12,9377
00679B,元大美債20年,32,0,32,華南永昌-虎尾,2023-06-12,9377
2382,廣達,252,221,31,華南永昌-虎尾,2023-06-12,9377
2884,玉山金,40,10,30,華南永昌-虎尾,2023-06-12,9377
2634,漢翔,41,11,30,華南永昌-虎尾,2023-06-12,9377
2515,中工,35,5,30,華南永昌-虎尾,2023-06-12,9377
1789,神隆,30,3,27,華南永昌-虎尾,2023-06-12,9377
2542,興富發,26,0,26,華南永昌-虎尾,2023-06-12,9377
4123,晟德,27,1,26,華南永昌-虎尾,2023-06-12,9377
9939,宏全,26,0,26,華南永昌-虎尾,2023-06-12,9377
6122,擎邦,28,2,26,華南永昌-虎尾,2023-06-12,9377
1314,中石化,25,0,25,華南永昌-虎尾,2023-06-12,9377
2543,皇昌,25,0,25,華南永昌-虎尾,2023-06-12,9377
00893,國泰智能電動車,26,2,24,華南永昌-虎尾,2023-06-12,9377
2388,威盛,37,15,22,華南永昌-虎尾,2023-06-12,9377
6139,亞翔,22,0,22,華南永昌-虎尾,2023-06-12,9377
1710,東聯,20,0,20,華南永昌-虎尾,2023-06-12,9377
2890,永豐金,20,0,20,華南永昌-虎尾,2023-06-12,9377
00712,復華富時不動產,107,88,19,華南永昌-虎尾,2023-06-12,9377
3252,海灣,40,21,19,華南永昌-虎尾,2023-06-12,9377
3354,律勝,19,0,19,華南永昌-虎尾,2023-06-12,9377
2888,新光金,53,34,19,華南永昌-虎尾,2023-06-12,9377
2641,正德,17,0,17,華南永昌-虎尾,2023-06-12,9377
2349,錸德,20,4,16,華南永昌-虎尾,2023-06-12,9377
2353,宏��,23,7,16,華南永昌-虎尾,2023-06-12,9377
1524,耿鼎,17,2,15,華南永昌-虎尾,2023-06-12,9377
2610,華航,40,25,15,華南永昌-虎尾,2023-06-12,9377
3027,盛達,23,8,15,華南永昌-虎尾,2023-06-12,9377
4510,高鋒,15,0,15,華南永昌-虎尾,2023-06-12,9377
2323,中環,107,92,15,華南永昌-虎尾,2023-06-12,9377
1101,台泥,18,3,15,華南永昌-虎尾,2023-06-12,9377
8927,北基,13,0,13,華南永昌-虎尾,2023-06-12,9377
00715L,期街口布蘭特正2,309,0,309,華南永昌-虎尾,2023-06-13,9377
1319,東陽,152,7,145,華南永昌-虎尾,2023-06-13,9377
00893,國泰智能電動車,93,20,73,華南永昌-虎尾,2023-06-13,9377
2892,第一金,80,11,69,華南永昌-虎尾,2023-06-13,9377
3481,群創,70,4,66,華南永昌-虎尾,2023-06-13,9377
00712,復華富時不動產,63,0,63,華南永昌-虎尾,2023-06-13,9377
00642U,期元大S＆P石油,61,0,61,華南永昌-虎尾,2023-06-13,9377
00632R,元大台灣50反1,73,14,59,華南永昌-虎尾,2023-06-13,9377
00926,凱基全球菁英55,55,0,55,華南永昌-虎尾,2023-06-13,9377
9939,宏全,53,0,53,華南永昌-虎尾,2023-06-13,9377
2382,廣達,178,125,53,華南永昌-虎尾,2023-06-13,9377
1409,新纖,51,0,51,華南永昌-虎尾,2023-06-13,9377
2630,亞航,55,4,51,華南永昌-虎尾,2023-06-13,9377
6139,亞翔,52,1,51,華南永昌-虎尾,2023-06-13,9377
2897,王道銀行,50,0,50,華南永昌-虎尾,2023-06-13,9377
1615,大山,40,0,40,華南永昌-虎尾,2023-06-13,9377
1712,興農,40,0,40,華南永昌-虎尾,2023-06-13,9377
2890,永豐金,40,1,39,華南永昌-虎尾,2023-06-13,9377
1785,光洋科,41,7,34,華南永昌-虎尾,2023-06-13,9377
2402,毅嘉,44,12,32,華南永昌-虎尾,2023-06-13,9377
2641,正德,33,2,31,華南永昌-虎尾,2023-06-13,9377
2349,錸德,30,1,29,華南永昌-虎尾,2023-06-13,9377
00929,復華台灣科技優息,37,10,27,華南永昌-虎尾,2023-06-13,9377
2354,鴻準,36,10,26,華南永昌-虎尾,2023-06-13,9377
1312,國喬,25,0,25,華南永昌-虎尾,2023-06-13,9377
2425,承啟,37,12,25,華南永昌-虎尾,2023-06-13,9377
8050,廣積,41,16,25,華南永昌-虎尾,2023-06-13,9377
8358,金居,56,33,23,華南永昌-虎尾,2023-06-13,9377
00919,群益台灣精選高息,26,5,21,華南永昌-虎尾,2023-06-13,9377
1605,華新,28,7,21,華南永昌-虎尾,2023-06-13,9377
4157,太景*-KY,36,17,19,華南永昌-虎尾,2023-06-13,9377
00637L,元大滬深300正2,105,87,18,華南永昌-虎尾,2023-06-13,9377
8092,建暐,18,0,18,華南永昌-虎尾,2023-06-13,9377
1711,永光,17,0,17,華南永昌-虎尾,2023-06-13,9377
3706,神達,22,5,17,華南永昌-虎尾,2023-06-13,9377
3033,威健,21,5,16,華南永昌-虎尾,2023-06-13,9377
1314,中石化,15,0,15,華南永昌-虎尾,2023-06-13,9377
5607,遠雄港,15,0,15,華南永昌-虎尾,2023-06-13,9377
00713,元大台灣高息低波,18,3,15,華南永昌-虎尾,2023-06-13,9377
2329,華泰,15,1,14,華南永昌-虎尾,2023-06-13,9377
2603,長榮,20,6,14,華南永昌-虎尾,2023-06-13,9377
3013,晟銘電,16,2,14,華南永昌-虎尾,2023-06-13,9377
2303,聯電,62,49,13,華南永昌-虎尾,2023-06-13,9377
6217,中探針,13,1,12,華南永昌-虎尾,2023-06-13,9377
1611,中電,13,1,12,華南永昌-虎尾,2023-06-13,9377
6218,豪勉,16,4,12,華南永昌-虎尾,2023-06-13,9377
3576,聯合再生,13,2,11,華南永昌-虎尾,2023-06-13,9377
3004,豐達科,11,0,11,華南永昌-虎尾,2023-06-13,9377
4916,事欣科,11,0,11,華南永昌-虎尾,2023-06-13,9377
2368,金像電,23,12,11,華南永昌-虎尾,2023-06-13,9377
2884,玉山金,135,2,133,華南永昌-虎尾,2023-06-14,9377
6770,力積電,120,13,107,華南永昌-虎尾,2023-06-14,9377
2888,新光金,100,7,93,華南永昌-虎尾,2023-06-14,9377
6288,聯嘉,103,14,89,華南永昌-虎尾,2023-06-14,9377
1710,東聯,80,0,80,華南永昌-虎尾,2023-06-14,9377
2356,英業達,107,33,74,華南永昌-虎尾,2023-06-14,9377
8926,台汽電,68,2,66,華南永昌-虎尾,2023-06-14,9377
3715,定穎投控,50,1,49,華南永昌-虎尾,2023-06-14,9377
00673R,期元大S＆P原油反1,46,0,46,華南永昌-虎尾,2023-06-14,9377
6282,康舒,71,26,45,華南永昌-虎尾,2023-06-14,9377
3711,日月光投控,53,18,35,華南永昌-虎尾,2023-06-14,9377
2402,毅嘉,47,13,34,華南永昌-虎尾,2023-06-14,9377
4123,晟德,34,0,34,華南永昌-虎尾,2023-06-14,9377
8358,金居,35,1,34,華南永昌-虎尾,2023-06-14,9377
1312,國喬,32,0,32,華南永昌-虎尾,2023-06-14,9377
4157,太景*-KY,30,1,29,華南永昌-虎尾,2023-06-14,9377
9939,宏全,26,0,26,華南永昌-虎尾,2023-06-14,9377
6139,亞翔,26,1,25,華南永昌-虎尾,2023-06-14,9377
1711,永光,25,0,25,華南永昌-虎尾,2023-06-14,9377
00753L,中信中國50正2,30,6,24,華南永昌-虎尾,2023-06-14,9377
3105,穩懋,26,2,24,華南永昌-虎尾,2023-06-14,9377
1560,中砂,23,2,21,華南永昌-虎尾,2023-06-14,9377
00926,凱基全球菁英55,20,0,20,華南永昌-虎尾,2023-06-14,9377
6173,信昌電,20,0,20,華南永昌-虎尾,2023-06-14,9377
1608,華榮,18,0,18,華南永昌-虎尾,2023-06-14,9377
4533,協易機,41,23,18,華南永昌-虎尾,2023-06-14,9377
1528,恩德,18,1,17,華南永昌-虎尾,2023-06-14,9377
6005,群益證,17,0,17,華南永昌-虎尾,2023-06-14,9377
3017,奇鋐,27,10,17,華南永昌-虎尾,2023-06-14,9377
00712,復華富時不動產,25,10,15,華南永昌-虎尾,2023-06-14,9377
3356,奇偶,30,16,14,華南永昌-虎尾,2023-06-14,9377
2425,承啟,15,1,14,華南永昌-虎尾,2023-06-14,9377
5356,協益,14,0,14,華南永昌-虎尾,2023-06-14,9377
2705,六福,26,13,13,華南永昌-虎尾,2023-06-14,9377
00919,群益台灣精選高息,12,0,12,華南永昌-虎尾,2023-06-14,9377
2436,偉詮電,12,0,12,華南永昌-虎尾,2023-06-14,9377
4532,瑞智,12,0,12,華南永昌-虎尾,2023-06-14,9377
3006,晶豪科,11,0,11,華南永昌-虎尾,2023-06-14,9377
5371,中光電,11,0,11,華南永昌-虎尾,2023-06-14,9377
1104,環泥,10,0,10,華南永昌-虎尾,2023-06-14,9377
1521,大億,10,0,10,華南永昌-虎尾,2023-06-14,9377
2929,淘帝-KY,10,0,10,華南永昌-虎尾,2023-06-14,9377
3058,立德,13,3,10,華南永昌-虎尾,2023-06-14,9377
3089,億杰,10,0,10,華南永昌-虎尾,2023-06-14,9377
3257,虹冠電,10,0,10,華南永昌-虎尾,2023-06-14,9377
4104,佳醫,10,0,10,華南永昌-虎尾,2023-06-14,9377
4968,立積,11,1,10,華南永昌-虎尾,2023-06-14,9377
5388,中磊,10,0,10,華南永昌-虎尾,2023-06-14,9377
8234,新漢,11,1,10,華南永昌-虎尾,2023-06-14,9377
9934,成霖,10,0,10,華南永昌-虎尾,2023-06-14,9377
2610,華航,1970,194,1776,華南永昌-虎尾,2023-06-15,9377
00637L,元大滬深300正2,175,13,162,華南永昌-虎尾,2023-06-15,9377
6116,彩晶,150,6,144,華南永昌-虎尾,2023-06-15,9377
2618,長榮航,251,109,142,華南永昌-虎尾,2023-06-15,9377
6173,信昌電,106,1,105,華南永昌-虎尾,2023-06-15,9377
2887,台新金,100,2,98,華南永昌-虎尾,2023-06-15,9377
2303,聯電,143,67,76,華南永昌-虎尾,2023-06-15,9377
00919,群益台灣精選高息,77,1,76,華南永昌-虎尾,2023-06-15,9377
2356,英業達,110,43,67,華南永昌-虎尾,2023-06-15,9377
00878,國泰永續高股息,73,11,62,華南永昌-虎尾,2023-06-15,9377
00715L,期街口布蘭特正2,61,2,59,華南永昌-虎尾,2023-06-15,9377
1312,國喬,50,0,50,華南永昌-虎尾,2023-06-15,9377
6005,群益證,47,0,47,華南永昌-虎尾,2023-06-15,9377
1609,大亞,110,65,45,華南永昌-虎尾,2023-06-15,9377
8064,東捷,45,0,45,華南永昌-虎尾,2023-06-15,9377
2609,陽明,51,11,40,華南永昌-虎尾,2023-06-15,9377
4744,皇將,33,0,33,華南永昌-虎尾,2023-06-15,9377
1519,華城,39,8,31,華南永昌-虎尾,2023-06-15,9377
2323,中環,32,2,30,華南永昌-虎尾,2023-06-15,9377
2417,圓剛,30,0,30,華南永昌-虎尾,2023-06-15,9377
2332,友訊,29,2,27,華南永昌-虎尾,2023-06-15,9377
8936,國統,25,0,25,華南永昌-虎尾,2023-06-15,9377
2331,精英,25,1,24,華南永昌-虎尾,2023-06-15,9377
1319,東陽,41,18,23,華南永昌-虎尾,2023-06-15,9377
1711,永光,22,0,22,華南永昌-虎尾,2023-06-15,9377
3189,景碩,21,0,21,華南永昌-虎尾,2023-06-15,9377
4967,十銓,21,0,21,華南永昌-虎尾,2023-06-15,9377
3022,威強電,34,14,20,華南永昌-虎尾,2023-06-15,9377
8076,伍豐,53,33,20,華南永昌-虎尾,2023-06-15,9377
2349,錸德,20,1,19,華南永昌-虎尾,2023-06-15,9377
2881,富邦金,17,0,17,華南永昌-虎尾,2023-06-15,9377
3479,安勤,17,0,17,華南永昌-虎尾,2023-06-15,9377
6120,達運,20,4,16,華南永昌-虎尾,2023-06-15,9377
8046,南電,24,8,16,華南永昌-虎尾,2023-06-15,9377
1445,大宇,15,0,15,華南永昌-虎尾,2023-06-15,9377
4123,晟德,15,0,15,華南永昌-虎尾,2023-06-15,9377
6223,旺矽,15,0,15,華南永昌-虎尾,2023-06-15,9377
1524,耿鼎,14,0,14,華南永昌-虎尾,2023-06-15,9377
2101,南港,20,6,14,華南永昌-虎尾,2023-06-15,9377
2329,華泰,15,1,14,華南永昌-虎尾,2023-06-15,9377
3019,亞光,23,9,14,華南永昌-虎尾,2023-06-15,9377
5465,富驊,14,0,14,華南永昌-虎尾,2023-06-15,9377
3498,陽程,20,7,13,華南永昌-虎尾,2023-06-15,9377
3576,聯合再生,13,0,13,華南永昌-虎尾,2023-06-15,9377
6188,廣明,34,21,13,華南永昌-虎尾,2023-06-15,9377
6274,台燿,13,0,13,華南永昌-虎尾,2023-06-15,9377
2882,國泰金,12,0,12,華南永昌-虎尾,2023-06-15,9377
6269,台郡,12,0,12,華南永昌-虎尾,2023-06-15,9377
1784,訊聯,11,0,11,華南永昌-虎尾,2023-06-15,9377
1802,台玻,14,3,11,華南永昌-虎尾,2023-06-15,9377
2888,新光金,371,28,343,華南永昌-虎尾,2023-06-16,9377
2382,廣達,341,29,312,華南永昌-虎尾,2023-06-16,9377
2618,長榮航,223,88,135,華南永昌-虎尾,2023-06-16,9377
5301,寶得利,131,0,131,華南永昌-虎尾,2023-06-16,9377
00673R,期元大S＆P原油反1,108,0,108,華南永昌-虎尾,2023-06-16,9377
2489,瑞軒,173,80,93,華南永昌-虎尾,2023-06-16,9377
1605,華新,135,59,76,華南永昌-虎尾,2023-06-16,9377
2371,大同,143,68,75,華南永昌-虎尾,2023-06-16,9377
2880,華南金,68,0,68,華南永昌-虎尾,2023-06-16,9377
8183,精星,55,0,55,華南永昌-虎尾,2023-06-16,9377
6026,福邦證,50,1,49,華南永昌-虎尾,2023-06-16,9377
2425,承啟,48,0,48,華南永昌-虎尾,2023-06-16,9377
2356,英業達,83,42,41,華南永昌-虎尾,2023-06-16,9377
6016,康和證,50,10,40,華南永昌-虎尾,2023-06-16,9377
1609,大亞,88,49,39,華南永昌-虎尾,2023-06-16,9377
3481,群創,65,27,38,華南永昌-虎尾,2023-06-16,9377
3265,台星科,38,0,38,華南永昌-虎尾,2023-06-16,9377
2530,華建,30,0,30,華南永昌-虎尾,2023-06-16,9377
3264,欣銓,35,5,30,華南永昌-虎尾,2023-06-16,9377
3686,達能,30,0,30,華南永昌-虎尾,2023-06-16,9377
6770,力積電,37,10,27,華南永昌-虎尾,2023-06-16,9377
2349,錸德,25,0,25,華南永昌-虎尾,2023-06-16,9377
8112,至上,25,0,25,華南永昌-虎尾,2023-06-16,9377
3013,晟銘電,40,15,25,華南永昌-虎尾,2023-06-16,9377
2344,華邦電,28,4,24,華南永昌-虎尾,2023-06-16,9377
3022,威強電,24,0,24,華南永昌-虎尾,2023-06-16,9377
3685,元創精密,34,10,24,華南永昌-虎尾,2023-06-16,9377
8358,金居,25,1,24,華南永昌-虎尾,2023-06-16,9377
3706,神達,50,27,23,華南永昌-虎尾,2023-06-16,9377
1514,亞力,58,36,22,華南永昌-虎尾,2023-06-16,9377
1529,樂事綠能,40,18,22,華南永昌-虎尾,2023-06-16,9377
00632R,元大台灣50反1,21,0,21,華南永昌-虎尾,2023-06-16,9377
2103,台橡,21,0,21,華南永昌-虎尾,2023-06-16,9377
4739,康普,21,0,21,華南永昌-虎尾,2023-06-16,9377
5512,力麒,20,0,20,華南永昌-虎尾,2023-06-16,9377
1326,台化,18,0,18,華南永昌-虎尾,2023-06-16,9377
1611,中電,35,17,18,華南永昌-虎尾,2023-06-16,9377
00712,復華富時不動產,35,18,17,華南永昌-虎尾,2023-06-16,9377
5425,台半,20,3,17,華南永昌-虎尾,2023-06-16,9377
00929,復華台灣科技優息,21,4,17,華南永昌-虎尾,2023-06-16,9377
00919,群益台灣精選高息,17,1,16,華南永昌-虎尾,2023-06-16,9377
2201,裕隆,17,1,16,華南永昌-虎尾,2023-06-16,9377
5356,協益,16,0,16,華南永昌-虎尾,2023-06-16,9377
2883,凱基金,15,0,15,華南永昌-虎尾,2023-06-16,9377
3078,僑威,37,22,15,華南永昌-虎尾,2023-06-16,9377
1308,亞聚,15,0,15,華南永昌-虎尾,2023-06-16,9377
2332,友訊,21,6,15,華南永昌-虎尾,2023-06-16,9377
3390,旭軟,20,5,15,華南永昌-虎尾,2023-06-16,9377
6182,合晶,20,5,15,華南永昌-虎尾,2023-06-16,9377
1304,台聚,14,0,14,華南永昌-虎尾,2023-06-16,9377
00637L,元大滬深300正2,280,23,257,華南永昌-虎尾,2023-06-19,9377
2405,輔信,148,7,141,華南永昌-虎尾,2023-06-19,9377
2882,國泰金,108,1,107,華南永昌-虎尾,2023-06-19,9377
2344,華邦電,115,12,103,華南永昌-虎尾,2023-06-19,9377
00673R,期元大S＆P原油反1,59,0,59,華南永昌-虎尾,2023-06-19,9377
6282,康舒,69,13,56,華南永昌-虎尾,2023-06-19,9377
3380,明泰,56,1,55,華南永昌-虎尾,2023-06-19,9377
00929,復華台灣科技優息,50,5,45,華南永昌-虎尾,2023-06-19,9377
2362,藍天,43,0,43,華南永昌-虎尾,2023-06-19,9377
5607,遠雄港,36,0,36,華南永昌-虎尾,2023-06-19,9377
2618,長榮航,60,26,34,華南永昌-虎尾,2023-06-19,9377
3049,精金,35,2,33,華南永昌-虎尾,2023-06-19,9377
2312,金寶,49,17,32,華南永昌-虎尾,2023-06-19,9377
2913,農林,42,11,31,華南永昌-虎尾,2023-06-19,9377
2367,燿華,30,0,30,華南永昌-虎尾,2023-06-19,9377
8183,精星,30,0,30,華南永昌-虎尾,2023-06-19,9377
6125,廣運,30,1,29,華南永昌-虎尾,2023-06-19,9377
1218,泰山,27,0,27,華南永昌-虎尾,2023-06-19,9377
2388,威盛,34,8,26,華南永昌-虎尾,2023-06-19,9377
1611,中電,26,0,26,華南永昌-虎尾,2023-06-19,9377
00753L,中信中國50正2,26,2,24,華南永昌-虎尾,2023-06-19,9377
1513,中興電,83,59,24,華南永昌-虎尾,2023-06-19,9377
3071,協禧,24,2,22,華南永昌-虎尾,2023-06-19,9377
8076,伍豐,21,0,21,華南永昌-虎尾,2023-06-19,9377
00665L,富邦�琤肭磪囓�2,20,0,20,華南永昌-虎尾,2023-06-19,9377
2530,華建,20,0,20,華南永昌-虎尾,2023-06-19,9377
9939,宏全,20,0,20,華南永昌-虎尾,2023-06-19,9377
1525,江申,22,3,19,華南永昌-虎尾,2023-06-19,9377
2450,神腦,19,0,19,華南永昌-虎尾,2023-06-19,9377
6122,擎邦,26,7,19,華南永昌-虎尾,2023-06-19,9377
3207,耀勝,18,0,18,華南永昌-虎尾,2023-06-19,9377
6248,沛波,18,0,18,華南永昌-虎尾,2023-06-19,9377
2353,宏��,21,4,17,華南永昌-虎尾,2023-06-19,9377
00633L,富邦上証正2,18,2,16,華南永昌-虎尾,2023-06-19,9377
2402,毅嘉,21,5,16,華南永昌-虎尾,2023-06-19,9377
5356,協益,27,11,16,華南永昌-虎尾,2023-06-19,9377
2382,廣達,157,141,16,華南永昌-虎尾,2023-06-19,9377
1307,三芳,15,0,15,華南永昌-虎尾,2023-06-19,9377
6244,茂迪,17,2,15,華南永昌-虎尾,2023-06-19,9377
6790,永豐實,15,0,15,華南永昌-虎尾,2023-06-19,9377
3231,緯創,73,58,15,華南永昌-虎尾,2023-06-19,9377
4157,太景*-KY,17,3,14,華南永昌-虎尾,2023-06-19,9377
2208,台船,32,18,14,華南永昌-虎尾,2023-06-19,9377
1815,富喬,36,22,14,華南永昌-虎尾,2023-06-19,9377
2606,裕民,14,0,14,華南永昌-虎尾,2023-06-19,9377
2609,陽明,26,12,14,華南永昌-虎尾,2023-06-19,9377
3252,海灣,14,0,14,華南永昌-虎尾,2023-06-19,9377
1605,華新,28,14,14,華南永昌-虎尾,2023-06-19,9377
2104,國際中橡,19,5,14,華南永昌-虎尾,2023-06-19,9377
1103,嘉泥,15,2,13,華南永昌-虎尾,2023-06-19,9377
00632R,元大台灣50反1,1000,0,1000,華南永昌-虎尾,2023-06-20,9377
2610,華航,297,119,178,華南永昌-虎尾,2023-06-20,9377
5301,寶得利,149,0,149,華南永昌-虎尾,2023-06-20,9377
3481,群創,195,48,147,華南永昌-虎尾,2023-06-20,9377
2897,王道銀行,120,0,120,華南永昌-虎尾,2023-06-20,9377
2323,中環,139,55,84,華南永昌-虎尾,2023-06-20,9377
2888,新光金,71,7,64,華南永昌-虎尾,2023-06-20,9377
6282,康舒,82,21,61,華南永昌-虎尾,2023-06-20,9377
5353,台林,48,0,48,華南永昌-虎尾,2023-06-20,9377
5512,力麒,48,0,48,華南永昌-虎尾,2023-06-20,9377
00878,國泰永續高股息,124,77,47,華南永昌-虎尾,2023-06-20,9377
1319,東陽,46,3,43,華南永昌-虎尾,2023-06-20,9377
2609,陽明,49,8,41,華南永昌-虎尾,2023-06-20,9377
9945,潤泰新,40,0,40,華南永昌-虎尾,2023-06-20,9377
2427,三商電,42,4,38,華南永昌-虎尾,2023-06-20,9377
1514,亞力,44,12,32,華南永昌-虎尾,2023-06-20,9377
1312,國喬,30,0,30,華南永昌-虎尾,2023-06-20,9377
2485,兆赫,30,0,30,華南永昌-虎尾,2023-06-20,9377
5356,協益,28,0,28,華南永昌-虎尾,2023-06-20,9377
2453,凌群,34,6,28,華南永昌-虎尾,2023-06-20,9377
2303,聯電,25,1,24,華南永昌-虎尾,2023-06-20,9377
3374,精材,25,1,24,華南永昌-虎尾,2023-06-20,9377
2337,旺宏,27,5,22,華南永昌-虎尾,2023-06-20,9377
1802,台玻,36,15,21,華南永昌-虎尾,2023-06-20,9377
2409,友達,34,13,21,華南永昌-虎尾,2023-06-20,9377
2457,飛宏,26,5,21,華南永昌-虎尾,2023-06-20,9377
3325,旭品,27,6,21,華南永昌-虎尾,2023-06-20,9377
3380,明泰,22,1,21,華南永昌-虎尾,2023-06-20,9377
2406,國碩,21,1,20,華南永昌-虎尾,2023-06-20,9377
6161,捷波,20,0,20,華南永昌-虎尾,2023-06-20,9377
0056,元大高股息,25,6,19,華南永昌-虎尾,2023-06-20,9377
2634,漢翔,145,126,19,華南永昌-虎尾,2023-06-20,9377
1103,嘉泥,25,7,18,華南永昌-虎尾,2023-06-20,9377
2312,金寶,22,4,18,華南永昌-虎尾,2023-06-20,9377
2468,華經,23,6,17,華南永昌-虎尾,2023-06-20,9377
3625,西勝,17,0,17,華南永昌-虎尾,2023-06-20,9377
00753L,中信中國50正2,16,0,16,華南永昌-虎尾,2023-06-20,9377
2489,瑞軒,20,4,16,華南永昌-虎尾,2023-06-20,9377
00712,復華富時不動產,15,0,15,華南永昌-虎尾,2023-06-20,9377
1806,冠軍,15,0,15,華南永昌-虎尾,2023-06-20,9377
6288,聯嘉,17,3,14,華南永昌-虎尾,2023-06-20,9377
6234,高僑,14,0,14,華南永昌-虎尾,2023-06-20,9377
1907,永豐餘,17,3,14,華南永昌-虎尾,2023-06-20,9377
2504,國產,14,0,14,華南永昌-虎尾,2023-06-20,9377
1460,宏遠,13,0,13,華南永昌-虎尾,2023-06-20,9377
1905,華紙,22,9,13,華南永昌-虎尾,2023-06-20,9377
2399,映泰,12,0,12,華南永昌-虎尾,2023-06-20,9377
6285,啟��,11,0,11,華南永昌-虎尾,2023-06-20,9377
2030,彰源,11,0,11,華南永昌-虎尾,2023-06-20,9377
2340,台亞,11,0,11,華南永昌-虎尾,2023-06-20,9377
2382,廣達,627,233,394,華南永昌-虎尾,2023-06-21,9377
2409,友達,236,117,119,華南永昌-虎尾,2023-06-21,9377
00665L,富邦�琤肭磪囓�2,112,0,112,華南永昌-虎尾,2023-06-21,9377
3481,群創,319,211,108,華南永昌-虎尾,2023-06-21,9377
2425,承啟,137,58,79,華南永昌-虎尾,2023-06-21,9377
00650L,復華香港正2,71,0,71,華南永昌-虎尾,2023-06-21,9377
2317,鴻海,67,6,61,華南永昌-虎尾,2023-06-21,9377
5905,南仁湖,57,3,54,華南永昌-虎尾,2023-06-21,9377
1584,精剛,51,5,46,華南永昌-虎尾,2023-06-21,9377
2344,華邦電,45,8,37,華南永昌-虎尾,2023-06-21,9377
2618,長榮航,65,31,34,華南永昌-虎尾,2023-06-21,9377
3093,港建*,32,0,32,華南永昌-虎尾,2023-06-21,9377
2345,智邦,31,0,31,華南永昌-虎尾,2023-06-21,9377
2732,六角,30,0,30,華南永昌-虎尾,2023-06-21,9377
3056,富華新,35,5,30,華南永昌-虎尾,2023-06-21,9377
9945,潤泰新,32,2,30,華南永昌-虎尾,2023-06-21,9377
00753L,中信中國50正2,26,0,26,華南永昌-虎尾,2023-06-21,9377
1612,宏泰,24,1,23,華南永昌-虎尾,2023-06-21,9377
5356,協益,23,0,23,華南永昌-虎尾,2023-06-21,9377
00673R,期元大S＆P原油反1,22,0,22,華南永昌-虎尾,2023-06-21,9377
2303,聯電,38,16,22,華南永昌-虎尾,2023-06-21,9377
2017,官田鋼,21,0,21,華南永昌-虎尾,2023-06-21,9377
6672,騰輝電子-KY,21,0,21,華南永昌-虎尾,2023-06-21,9377
00637L,元大滬深300正2,62,42,20,華南永昌-虎尾,2023-06-21,9377
1609,大亞,30,10,20,華南永昌-虎尾,2023-06-21,9377
2362,藍天,20,0,20,華南永昌-虎尾,2023-06-21,9377
2736,富野,24,4,20,華南永昌-虎尾,2023-06-21,9377
5488,松普,20,0,20,華南永昌-虎尾,2023-06-21,9377
2104,國際中橡,19,0,19,華南永昌-虎尾,2023-06-21,9377
2634,漢翔,117,98,19,華南永昌-虎尾,2023-06-21,9377
1216,統一,24,6,18,華南永昌-虎尾,2023-06-21,9377
4904,遠傳,18,0,18,華南永昌-虎尾,2023-06-21,9377
3380,明泰,21,4,17,華南永昌-虎尾,2023-06-21,9377
6188,廣明,27,10,17,華南永昌-虎尾,2023-06-21,9377
00882,中信中國高股息,16,0,16,華南永昌-虎尾,2023-06-21,9377
1795,美時,18,2,16,華南永昌-虎尾,2023-06-21,9377
2485,兆赫,16,0,16,華南永昌-虎尾,2023-06-21,9377
6005,群益證,15,0,15,華南永昌-虎尾,2023-06-21,9377
2408,南亞科,14,0,14,華南永昌-虎尾,2023-06-21,9377
1904,正隆,23,9,14,華南永昌-虎尾,2023-06-21,9377
1460,宏遠,14,0,14,華南永昌-虎尾,2023-06-21,9377
1504,東元,37,23,14,華南永昌-虎尾,2023-06-21,9377
3402,漢科,14,0,14,華南永昌-虎尾,2023-06-21,9377
2706,第一店,16,3,13,華南永昌-虎尾,2023-06-21,9377
1513,中興電,21,8,13,華南永昌-虎尾,2023-06-21,9377
2305,全友,13,0,13,華南永昌-虎尾,2023-06-21,9377
2702,華園,17,4,13,華南永昌-虎尾,2023-06-21,9377
1101,台泥,16,5,11,華南永昌-虎尾,2023-06-21,9377
1909,榮成,36,25,11,華南永昌-虎尾,2023-06-21,9377
2498,宏達電,17,6,11,華南永昌-虎尾,2023-06-21,9377
00632R,元大台灣50反1,717,57,660,華南永昌-虎尾,2023-06-26,9377
00893,國泰智能電動車,133,0,133,華南永昌-虎尾,2023-06-26,9377
2349,錸德,130,20,110,華南永昌-虎尾,2023-06-26,9377
00637L,元大滬深300正2,161,51,110,華南永昌-虎尾,2023-06-26,9377
6125,廣運,119,19,100,華南永昌-虎尾,2023-06-26,9377
00715L,期街口布蘭特正2,102,4,98,華南永昌-虎尾,2023-06-26,9377
2340,台亞,94,9,85,華南永昌-虎尾,2023-06-26,9377
2485,兆赫,80,0,80,華南永昌-虎尾,2023-06-26,9377
2867,三商壽,76,0,76,華南永昌-虎尾,2023-06-26,9377
2331,精英,57,0,57,華南永昌-虎尾,2023-06-26,9377
2354,鴻準,94,44,50,華南永昌-虎尾,2023-06-26,9377
3049,精金,51,2,49,華南永昌-虎尾,2023-06-26,9377
3711,日月光投控,44,1,43,華南永昌-虎尾,2023-06-26,9377
2402,毅嘉,48,6,42,華南永昌-虎尾,2023-06-26,9377
2515,中工,40,0,40,華南永昌-虎尾,2023-06-26,9377
2393,億光,41,2,39,華南永昌-虎尾,2023-06-26,9377
3122,笙泉,40,2,38,華南永昌-虎尾,2023-06-26,9377
2489,瑞軒,86,50,36,華南永昌-虎尾,2023-06-26,9377
00762,元大全球AI,40,5,35,華南永昌-虎尾,2023-06-26,9377
8091,翔名,33,0,33,華南永昌-虎尾,2023-06-26,9377
2634,漢翔,75,43,32,華南永昌-虎尾,2023-06-26,9377
1504,東元,34,5,29,華南永昌-虎尾,2023-06-26,9377
3380,明泰,26,0,26,華南永昌-虎尾,2023-06-26,9377
00753L,中信中國50正2,23,0,23,華南永昌-虎尾,2023-06-26,9377
6244,茂迪,28,5,23,華南永昌-虎尾,2023-06-26,9377
2329,華泰,22,0,22,華南永昌-虎尾,2023-06-26,9377
3032,偉訓,28,6,22,華南永昌-虎尾,2023-06-26,9377
4916,事欣科,23,1,22,華南永昌-虎尾,2023-06-26,9377
2425,承啟,26,5,21,華南永昌-虎尾,2023-06-26,9377
4938,和碩,24,3,21,華南永昌-虎尾,2023-06-26,9377
1467,南緯,20,0,20,華南永昌-虎尾,2023-06-26,9377
1605,華新,37,17,20,華南永昌-虎尾,2023-06-26,9377
1762,中化生,20,0,20,華南永昌-虎尾,2023-06-26,9377
2324,仁寶,20,0,20,華南永昌-虎尾,2023-06-26,9377
3056,富華新,20,0,20,華南永昌-虎尾,2023-06-26,9377
3413,京鼎,20,0,20,華南永昌-虎尾,2023-06-26,9377
6672,騰輝電子-KY,20,0,20,華南永昌-虎尾,2023-06-26,9377
4510,高鋒,24,5,19,華南永昌-虎尾,2023-06-26,9377
6282,康舒,50,31,19,華南永昌-虎尾,2023-06-26,9377
6176,瑞儀,20,1,19,華南永昌-虎尾,2023-06-26,9377
1802,台玻,25,8,17,華南永昌-虎尾,2023-06-26,9377
2801,彰銀,22,5,17,華南永昌-虎尾,2023-06-26,9377
2457,飛宏,22,6,16,華南永昌-虎尾,2023-06-26,9377
2476,鉅祥,20,5,15,華南永昌-虎尾,2023-06-26,9377
2530,華建,20,5,15,華南永昌-虎尾,2023-06-26,9377
3713,新晶投控,15,0,15,華南永昌-虎尾,2023-06-26,9377
6288,聯嘉,17,3,14,華南永昌-虎尾,2023-06-26,9377
3003,健和興,16,2,14,華南永昌-虎尾,2023-06-26,9377
3089,億杰,13,0,13,華南永昌-虎尾,2023-06-26,9377
6732,昇佳電子,13,0,13,華南永昌-虎尾,2023-06-26,9377
2323,中環,348,111,237,華南永昌-虎尾,2023-06-27,9377
3481,群創,162,0,162,華南永昌-虎尾,2023-06-27,9377
2409,友達,146,1,145,華南永昌-虎尾,2023-06-27,9377
00715L,期街口布蘭特正2,102,18,84,華南永昌-虎尾,2023-06-27,9377
2241,艾姆勒,79,1,78,華南永昌-虎尾,2023-06-27,9377
5426,振發,62,0,62,華南永昌-虎尾,2023-06-27,9377
2427,三商電,77,18,59,華南永昌-虎尾,2023-06-27,9377
2515,中工,60,2,58,華南永昌-虎尾,2023-06-27,9377
3711,日月光投控,53,0,53,華南永昌-虎尾,2023-06-27,9377
1522,堤維西,66,15,51,華南永昌-虎尾,2023-06-27,9377
2376,技嘉,59,9,50,華南永昌-虎尾,2023-06-27,9377
1605,華新,59,18,41,華南永昌-虎尾,2023-06-27,9377
00878,國泰永續高股息,65,27,38,華南永昌-虎尾,2023-06-27,9377
1513,中興電,88,52,36,華南永昌-虎尾,2023-06-27,9377
1616,億泰,36,0,36,華南永昌-虎尾,2023-06-27,9377
00885,富邦越南,53,20,33,華南永昌-虎尾,2023-06-27,9377
2349,錸德,30,0,30,華南永昌-虎尾,2023-06-27,9377
2363,矽統,30,0,30,華南永昌-虎尾,2023-06-27,9377
3191,雲嘉南,30,0,30,華南永昌-虎尾,2023-06-27,9377
3257,虹冠電,30,0,30,華南永昌-虎尾,2023-06-27,9377
2340,台亞,126,97,29,華南永昌-虎尾,2023-06-27,9377
5353,台林,26,0,26,華南永昌-虎尾,2023-06-27,9377
6443,元晶,33,8,25,華南永昌-虎尾,2023-06-27,9377
2399,映泰,24,0,24,華南永昌-虎尾,2023-06-27,9377
2332,友訊,22,0,22,華南永昌-虎尾,2023-06-27,9377
2609,陽明,31,9,22,華南永昌-虎尾,2023-06-27,9377
1301,台塑,21,0,21,華南永昌-虎尾,2023-06-27,9377
00679B,元大美債20年,21,0,21,華南永昌-虎尾,2023-06-27,9377
2867,三商壽,30,10,20,華南永昌-虎尾,2023-06-27,9377
00753L,中信中國50正2,20,0,20,華南永昌-虎尾,2023-06-27,9377
2368,金像電,22,2,20,華南永昌-虎尾,2023-06-27,9377
2430,燦坤,20,0,20,華南永昌-虎尾,2023-06-27,9377
3380,明泰,21,1,20,華南永昌-虎尾,2023-06-27,9377
9105,泰金寶-DR,20,1,19,華南永昌-虎尾,2023-06-27,9377
1905,華紙,27,8,19,華南永昌-虎尾,2023-06-27,9377
2405,輔信,20,1,19,華南永昌-虎尾,2023-06-27,9377
6116,彩晶,21,4,17,華南永昌-虎尾,2023-06-27,9377
1340,勝悅-KY,20,4,16,華南永昌-虎尾,2023-06-27,9377
6005,群益證,16,0,16,華南永昌-虎尾,2023-06-27,9377
6282,康舒,31,15,16,華南永昌-虎尾,2023-06-27,9377
2317,鴻海,22,6,16,華南永昌-虎尾,2023-06-27,9377
3024,憶聲,15,0,15,華南永昌-虎尾,2023-06-27,9377
4102,永日,15,0,15,華南永昌-虎尾,2023-06-27,9377
6593,台灣銘板,15,0,15,華南永昌-虎尾,2023-06-27,9377
2303,聯電,59,45,14,華南永昌-虎尾,2023-06-27,9377
8072,陞泰,16,2,14,華南永昌-虎尾,2023-06-27,9377
1515,力山,13,0,13,華南永昌-虎尾,2023-06-27,9377
1809,中釉,13,0,13,華南永昌-虎尾,2023-06-27,9377
2883,凱基金,13,0,13,華南永昌-虎尾,2023-06-27,9377
2486,一詮,22,10,12,華南永昌-虎尾,2023-06-27,9377
2610,華航,442,54,388,華南永昌-虎尾,2023-06-28,9377
00715L,期街口布蘭特正2,266,0,266,華南永昌-虎尾,2023-06-28,9377
2409,友達,77,1,76,華南永昌-虎尾,2023-06-28,9377
1605,華新,86,15,71,華南永昌-虎尾,2023-06-28,9377
2888,新光金,60,1,59,華南永昌-虎尾,2023-06-28,9377
00665L,富邦�琤肭磪囓�2,55,0,55,華南永昌-虎尾,2023-06-28,9377
2323,中環,114,60,54,華南永昌-虎尾,2023-06-28,9377
3231,緯創,69,23,46,華南永昌-虎尾,2023-06-28,9377
1101,台泥,45,2,43,華南永昌-虎尾,2023-06-28,9377
3481,群創,53,12,41,華南永昌-虎尾,2023-06-28,9377
4906,正文,36,6,30,華南永昌-虎尾,2023-06-28,9377
2618,長榮航,75,46,29,華南永昌-虎尾,2023-06-28,9377
1513,中興電,32,10,22,華南永昌-虎尾,2023-06-28,9377
1312,國喬,22,0,22,華南永昌-虎尾,2023-06-28,9377
00642U,期元大S＆P石油,22,0,22,華南永昌-虎尾,2023-06-28,9377
3191,雲嘉南,21,0,21,華南永昌-虎尾,2023-06-28,9377
5356,協益,24,4,20,華南永昌-虎尾,2023-06-28,9377
4106,雃博,18,1,17,華南永昌-虎尾,2023-06-28,9377
5425,台半,16,0,16,華南永昌-虎尾,2023-06-28,9377
2614,東森,16,0,16,華南永昌-虎尾,2023-06-28,9377
2241,艾姆勒,16,0,16,華南永昌-虎尾,2023-06-28,9377
2371,大同,75,60,15,華南永昌-虎尾,2023-06-28,9377
5864,致和證,15,0,15,華南永昌-虎尾,2023-06-28,9377
5353,台林,14,0,14,華南永昌-虎尾,2023-06-28,9377
00919,群益台灣精選高息,13,0,13,華南永昌-虎尾,2023-06-28,9377
2603,長榮,29,16,13,華南永昌-虎尾,2023-06-28,9377
1584,精剛,18,5,13,華南永昌-虎尾,2023-06-28,9377
2367,燿華,13,0,13,華南永昌-虎尾,2023-06-28,9377
2376,技嘉,17,4,13,華南永昌-虎尾,2023-06-28,9377
6190,萬泰科,14,1,13,華南永昌-虎尾,2023-06-28,9377
2427,三商電,18,6,12,華南永昌-虎尾,2023-06-28,9377
1301,台塑,12,0,12,華南永昌-虎尾,2023-06-28,9377
1616,億泰,12,0,12,華南永昌-虎尾,2023-06-28,9377
5465,富驊,13,1,12,華南永昌-虎尾,2023-06-28,9377
6288,聯嘉,22,11,11,華南永昌-虎尾,2023-06-28,9377
2408,南亞科,12,1,11,華南永昌-虎尾,2023-06-28,9377
2457,飛宏,13,2,11,華南永昌-虎尾,2023-06-28,9377
6275,元山,12,1,11,華南永昌-虎尾,2023-06-28,9377
8450,霹靂,11,0,11,華南永昌-虎尾,2023-06-28,9377
2022,聚亨,10,0,10,華南永昌-虎尾,2023-06-28,9377
4994,傳奇,20,10,10,華南永昌-虎尾,2023-06-28,9377
6245,立端,10,0,10,華南永昌-虎尾,2023-06-28,9377
3450,聯鈞,10,0,10,華南永昌-虎尾,2023-06-28,9377
2801,彰銀,10,0,10,華南永昌-虎尾,2023-06-28,9377
2498,宏達電,31,22,9,華南永昌-虎尾,2023-06-28,9377
4931,新盛力,9,0,9,華南永昌-虎尾,2023-06-28,9377
6188,廣明,21,12,9,華南永昌-虎尾,2023-06-28,9377
6505,台塑化,9,0,9,華南永昌-虎尾,2023-06-28,9377
9958,世紀鋼,11,2,9,華南永昌-虎尾,2023-06-28,9377
1303,南亞,8,0,8,華南永昌-虎尾,2023-06-28,9377
00712,復華富時不動產,550,0,550,華南永昌-虎尾,2023-06-29,9377
00720B,元大投資級公司債,157,0,157,華南永昌-虎尾,2023-06-29,9377
2331,精英,149,5,144,華南永昌-虎尾,2023-06-29,9377
5301,寶得利,101,0,101,華南永昌-虎尾,2023-06-29,9377
2610,華航,280,193,87,華南永昌-虎尾,2023-06-29,9377
2329,華泰,107,21,86,華南永昌-虎尾,2023-06-29,9377
2618,長榮航,189,106,83,華南永昌-虎尾,2023-06-29,9377
2376,技嘉,91,13,78,華南永昌-虎尾,2023-06-29,9377
00772B,中信高評級公司債,75,2,73,華南永昌-虎尾,2023-06-29,9377
00919,群益台灣精選高息,101,35,66,華南永昌-虎尾,2023-06-29,9377
1605,華新,75,10,65,華南永昌-虎尾,2023-06-29,9377
1905,華紙,55,5,50,華南永昌-虎尾,2023-06-29,9377
2603,長榮,54,10,44,華南永昌-虎尾,2023-06-29,9377
6122,擎邦,42,0,42,華南永昌-虎尾,2023-06-29,9377
2303,聯電,44,5,39,華南永昌-虎尾,2023-06-29,9377
2399,映泰,82,52,30,華南永昌-虎尾,2023-06-29,9377
2382,廣達,45,15,30,華南永昌-虎尾,2023-06-29,9377
1701,中化,55,25,30,華南永昌-虎尾,2023-06-29,9377
2241,艾姆勒,29,0,29,華南永昌-虎尾,2023-06-29,9377
2104,國際中橡,28,0,28,華南永昌-虎尾,2023-06-29,9377
2371,大同,46,18,28,華南永昌-虎尾,2023-06-29,9377
1711,永光,28,1,27,華南永昌-虎尾,2023-06-29,9377
1611,中電,27,0,27,華南永昌-虎尾,2023-06-29,9377
2413,環科,27,0,27,華南永昌-虎尾,2023-06-29,9377
00673R,期元大S＆P原油反1,28,2,26,華南永昌-虎尾,2023-06-29,9377
1314,中石化,25,2,23,華南永昌-虎尾,2023-06-29,9377
00637L,元大滬深300正2,37,15,22,華南永昌-虎尾,2023-06-29,9377
6125,廣運,27,7,20,華南永昌-虎尾,2023-06-29,9377
2890,永豐金,20,0,20,華南永昌-虎尾,2023-06-29,9377
8277,商丞,21,1,20,華南永昌-虎尾,2023-06-29,9377
2419,仲琦,37,18,19,華南永昌-虎尾,2023-06-29,9377
6593,台灣銘板,19,0,19,華南永昌-虎尾,2023-06-29,9377
3607,谷崧,18,0,18,華南永昌-虎尾,2023-06-29,9377
4147,中裕,20,3,17,華南永昌-虎尾,2023-06-29,9377
2884,玉山金,16,0,16,華南永昌-虎尾,2023-06-29,9377
4157,太景*-KY,31,15,16,華南永昌-虎尾,2023-06-29,9377
6142,友勁,16,0,16,華南永昌-虎尾,2023-06-29,9377
1219,福壽,15,0,15,華南永昌-虎尾,2023-06-29,9377
6578,達邦蛋白,15,0,15,華南永昌-虎尾,2023-06-29,9377
1762,中化生,15,1,14,華南永昌-虎尾,2023-06-29,9377
2609,陽明,22,8,14,華南永昌-虎尾,2023-06-29,9377
1312,國喬,10,0,10,華南永昌-虎尾,2023-06-29,9377
2354,鴻準,15,5,10,華南永昌-虎尾,2023-06-29,9377
2606,裕民,10,0,10,華南永昌-虎尾,2023-06-29,9377
4175,杏一,10,0,10,華南永昌-虎尾,2023-06-29,9377
6101,寬魚國際,10,0,10,華南永昌-虎尾,2023-06-29,9377
6124,業強,10,0,10,華南永昌-虎尾,2023-06-29,9377
6191,精成科,10,0,10,華南永昌-虎尾,2023-06-29,9377
6279,胡連,11,1,10,華南永昌-虎尾,2023-06-29,9377
6625,必應,10,0,10,華南永昌-虎尾,2023-06-29,9377
3260,威剛,125,14,111,華南永昌-虎尾,2023-06-30,9377
2888,新光金,77,2,75,華南永昌-虎尾,2023-06-30,9377
00922,國泰台灣領袖50,70,0,70,華南永昌-虎尾,2023-06-30,9377
3481,群創,78,12,66,華南永昌-虎尾,2023-06-30,9377
2344,華邦電,53,2,51,華南永昌-虎尾,2023-06-30,9377
2382,廣達,83,35,48,華南永昌-虎尾,2023-06-30,9377
2303,聯電,47,6,41,華南永昌-虎尾,2023-06-30,9377
1616,億泰,39,0,39,華南永昌-虎尾,2023-06-30,9377
2331,精英,40,2,38,華南永昌-虎尾,2023-06-30,9377
6139,亞翔,37,0,37,華南永昌-虎尾,2023-06-30,9377
00688L,國泰20年美債正2,35,0,35,華南永昌-虎尾,2023-06-30,9377
2603,長榮,65,32,33,華南永昌-虎尾,2023-06-30,9377
3025,星通,30,3,27,華南永昌-虎尾,2023-06-30,9377
6547,高端疫苗,29,3,26,華南永昌-虎尾,2023-06-30,9377
3363,上詮,24,0,24,華南永昌-虎尾,2023-06-30,9377
3515,華擎,27,3,24,華南永昌-虎尾,2023-06-30,9377
2317,鴻海,29,6,23,華南永昌-虎尾,2023-06-30,9377
4114,健喬,26,4,22,華南永昌-虎尾,2023-06-30,9377
00680L,元大美債20正2,21,0,21,華南永昌-虎尾,2023-06-30,9377
2014,中鴻,21,0,21,華南永昌-虎尾,2023-06-30,9377
3191,雲嘉南,21,0,21,華南永昌-虎尾,2023-06-30,9377
2351,順德,20,0,20,華南永昌-虎尾,2023-06-30,9377
3050,鈺德,20,0,20,華南永昌-虎尾,2023-06-30,9377
8358,金居,20,0,20,華南永昌-虎尾,2023-06-30,9377
1301,台塑,21,2,19,華南永昌-虎尾,2023-06-30,9377
1605,華新,47,28,19,華南永昌-虎尾,2023-06-30,9377
2489,瑞軒,30,11,19,華南永昌-虎尾,2023-06-30,9377
2890,永豐金,16,0,16,華南永昌-虎尾,2023-06-30,9377
3032,偉訓,25,9,16,華南永昌-虎尾,2023-06-30,9377
4157,太景*-KY,24,8,16,華南永昌-虎尾,2023-06-30,9377
00885,富邦越南,15,0,15,華南永昌-虎尾,2023-06-30,9377
2615,萬海,19,4,15,華南永昌-虎尾,2023-06-30,9377
3356,奇偶,22,7,15,華南永昌-虎尾,2023-06-30,9377
6185,幃翔,15,0,15,華南永昌-虎尾,2023-06-30,9377
6285,啟��,17,2,15,華南永昌-虎尾,2023-06-30,9377
6125,廣運,18,4,14,華南永昌-虎尾,2023-06-30,9377
3035,智原,21,7,14,華南永昌-虎尾,2023-06-30,9377
00673R,期元大S＆P原油反1,14,0,14,華南永昌-虎尾,2023-06-30,9377
3033,威健,22,8,14,華南永昌-虎尾,2023-06-30,9377
3034,聯詠,18,4,14,華南永昌-虎尾,2023-06-30,9377
3078,僑威,21,7,14,華南永昌-虎尾,2023-06-30,9377
00878,國泰永續高股息,21,7,14,華南永昌-虎尾,2023-06-30,9377
2734,易飛網,13,0,13,華南永昌-虎尾,2023-06-30,9377
2049,上銀,13,0,13,華南永昌-虎尾,2023-06-30,9377
6188,廣明,32,19,13,華南永昌-虎尾,2023-06-30,9377
6116,彩晶,12,0,12,華南永昌-虎尾,2023-06-30,9377
00929,復華台灣科技優息,12,0,12,華南永昌-虎尾,2023-06-30,9377
1731,美吾華,12,0,12,華南永昌-虎尾,2023-06-30,9377
4123,晟德,17,5,12,華南永昌-虎尾,2023-06-30,9377
4164,承業醫,16,4,12,華南永昌-虎尾,2023-06-30,9377
00632R,元大台灣50反1,280,0,280,華南永昌-虎尾,2023-07-03,9377
2331,精英,65,5,60,華南永昌-虎尾,2023-07-03,9377
00922,國泰台灣領袖50,59,0,59,華南永昌-虎尾,2023-07-03,9377
2317,鴻海,63,17,46,華南永昌-虎尾,2023-07-03,9377
2356,英業達,49,10,39,華南永昌-虎尾,2023-07-03,9377
1609,大亞,67,33,34,華南永昌-虎尾,2023-07-03,9377
2888,新光金,39,5,34,華南永昌-虎尾,2023-07-03,9377
1795,美時,33,3,30,華南永昌-虎尾,2023-07-03,9377
2530,華建,30,0,30,華南永昌-虎尾,2023-07-03,9377
2634,漢翔,34,4,30,華南永昌-虎尾,2023-07-03,9377
4906,正文,56,26,30,華南永昌-虎尾,2023-07-03,9377
3003,健和興,29,0,29,華南永昌-虎尾,2023-07-03,9377
3481,群創,29,3,26,華南永昌-虎尾,2023-07-03,9377
2409,友達,30,5,25,華南永昌-虎尾,2023-07-03,9377
3231,緯創,52,28,24,華南永昌-虎尾,2023-07-03,9377
1217,愛之味,25,1,24,華南永昌-虎尾,2023-07-03,9377
3058,立德,32,8,24,華南永昌-虎尾,2023-07-03,9377
5905,南仁湖,26,2,24,華南永昌-虎尾,2023-07-03,9377
6245,立端,25,1,24,華南永昌-虎尾,2023-07-03,9377
3706,神達,39,15,24,華南永昌-虎尾,2023-07-03,9377
1513,中興電,30,7,23,華南永昌-虎尾,2023-07-03,9377
2610,華航,32,10,22,華南永昌-虎尾,2023-07-03,9377
2801,彰銀,22,0,22,華南永昌-虎尾,2023-07-03,9377
6190,萬泰科,24,3,21,華南永昌-虎尾,2023-07-03,9377
6191,精成科,21,0,21,華南永昌-虎尾,2023-07-03,9377
2382,廣達,34,13,21,華南永昌-虎尾,2023-07-03,9377
1471,首利,20,0,20,華南永昌-虎尾,2023-07-03,9377
2748,雲品,20,0,20,華南永昌-虎尾,2023-07-03,9377
3050,鈺德,20,0,20,華南永昌-虎尾,2023-07-03,9377
3545,敦泰,20,0,20,華南永昌-虎尾,2023-07-03,9377
5301,寶得利,20,0,20,華南永昌-虎尾,2023-07-03,9377
2485,兆赫,19,1,18,華南永昌-虎尾,2023-07-03,9377
2606,裕民,17,0,17,華南永昌-虎尾,2023-07-03,9377
3607,谷崧,35,18,17,華南永昌-虎尾,2023-07-03,9377
00673R,期元大S＆P原油反1,16,0,16,華南永昌-虎尾,2023-07-03,9377
6288,聯嘉,41,25,16,華南永昌-虎尾,2023-07-03,9377
00929,復華台灣科技優息,15,0,15,華南永昌-虎尾,2023-07-03,9377
2303,聯電,23,8,15,華南永昌-虎尾,2023-07-03,9377
2444,兆勁,15,0,15,華南永昌-虎尾,2023-07-03,9377
6188,廣明,21,6,15,華南永昌-虎尾,2023-07-03,9377
4904,遠傳,20,6,14,華南永昌-虎尾,2023-07-03,9377
8215,明基材,15,2,13,華南永昌-虎尾,2023-07-03,9377
2615,萬海,35,22,13,華南永昌-虎尾,2023-07-03,9377
8150,南茂,13,0,13,華南永昌-虎尾,2023-07-03,9377
1605,華新,38,26,12,華南永昌-虎尾,2023-07-03,9377
4564,元翎,27,15,12,華南永昌-虎尾,2023-07-03,9377
1303,南亞,11,0,11,華南永昌-虎尾,2023-07-03,9377
2498,宏達電,23,12,11,華南永昌-虎尾,2023-07-03,9377
3260,威剛,30,19,11,華南永昌-虎尾,2023-07-03,9377
1528,恩德,18,7,11,華南永昌-虎尾,2023-07-03,9377
2892,第一金,300,3,297,華南永昌-虎尾,2023-07-04,9377
2363,矽統,164,0,164,華南永昌-虎尾,2023-07-04,9377
2376,技嘉,333,178,155,華南永昌-虎尾,2023-07-04,9377
00637L,元大滬深300正2,141,0,141,華南永昌-虎尾,2023-07-04,9377
2331,精英,103,0,103,華南永昌-虎尾,2023-07-04,9377
6282,康舒,146,61,85,華南永昌-虎尾,2023-07-04,9377
2317,鴻海,92,13,79,華南永昌-虎尾,2023-07-04,9377
2888,新光金,103,25,78,華南永昌-虎尾,2023-07-04,9377
00922,國泰台灣領袖50,65,1,64,華南永昌-虎尾,2023-07-04,9377
00679B,元大美債20年,61,0,61,華南永昌-虎尾,2023-07-04,9377
2618,長榮航,66,7,59,華南永昌-虎尾,2023-07-04,9377
4157,太景*-KY,95,40,55,華南永昌-虎尾,2023-07-04,9377
1522,堤維西,89,37,52,華南永昌-虎尾,2023-07-04,9377
00795B,中信美國公債20年,50,0,50,華南永昌-虎尾,2023-07-04,9377
2891,中信金,45,4,41,華南永昌-虎尾,2023-07-04,9377
3563,牧德,34,0,34,華南永昌-虎尾,2023-07-04,9377
2408,南亞科,31,0,31,華南永昌-虎尾,2023-07-04,9377
2419,仲琦,33,3,30,華南永昌-虎尾,2023-07-04,9377
4543,萬在,39,10,29,華南永昌-虎尾,2023-07-04,9377
1513,中興電,47,19,28,華南永昌-虎尾,2023-07-04,9377
1611,中電,28,0,28,華南永昌-虎尾,2023-07-04,9377
2362,藍天,28,2,26,華南永昌-虎尾,2023-07-04,9377
00665L,富邦�琤肭磪囓�2,25,0,25,華南永昌-虎尾,2023-07-04,9377
2515,中工,25,0,25,華南永昌-虎尾,2023-07-04,9377
2615,萬海,69,44,25,華南永昌-虎尾,2023-07-04,9377
00753L,中信中國50正2,25,2,23,華南永昌-虎尾,2023-07-04,9377
2449,京元電子,25,2,23,華南永昌-虎尾,2023-07-04,9377
1326,台化,22,0,22,華南永昌-虎尾,2023-07-04,9377
5351,鈺創,21,0,21,華南永昌-虎尾,2023-07-04,9377
3520,華盈,21,0,21,華南永昌-虎尾,2023-07-04,9377
6231,系微,20,0,20,華南永昌-虎尾,2023-07-04,9377
00929,復華台灣科技優息,20,0,20,華南永昌-虎尾,2023-07-04,9377
4114,健喬,21,1,20,華南永昌-虎尾,2023-07-04,9377
5371,中光電,20,0,20,華南永昌-虎尾,2023-07-04,9377
8933,愛地雅,20,0,20,華南永昌-虎尾,2023-07-04,9377
1528,恩德,20,1,19,華南永昌-虎尾,2023-07-04,9377
3047,訊舟,20,1,19,華南永昌-虎尾,2023-07-04,9377
2301,光寶科,33,15,18,華南永昌-虎尾,2023-07-04,9377
2409,友達,18,1,17,華南永昌-虎尾,2023-07-04,9377
2486,一詮,17,0,17,華南永昌-虎尾,2023-07-04,9377
3169,亞信,16,0,16,華南永昌-虎尾,2023-07-04,9377
6188,廣明,31,15,16,華南永昌-虎尾,2023-07-04,9377
1303,南亞,15,0,15,華南永昌-虎尾,2023-07-04,9377
3704,合勤控,30,15,15,華南永昌-虎尾,2023-07-04,9377
6279,胡連,18,3,15,華南永昌-虎尾,2023-07-04,9377
5457,宣德,15,1,14,華南永昌-虎尾,2023-07-04,9377
6414,樺漢,15,1,14,華南永昌-虎尾,2023-07-04,9377
3013,晟銘電,22,8,14,華南永昌-虎尾,2023-07-04,9377
6235,華孚,13,0,13,華南永昌-虎尾,2023-07-04,9377
2312,金寶,41,29,12,華南永昌-虎尾,2023-07-04,9377
3260,威剛,160,39,121,華南永昌-虎尾,2023-07-05,9377
2610,華航,140,21,119,華南永昌-虎尾,2023-07-05,9377
3264,欣銓,110,5,105,華南永昌-虎尾,2023-07-05,9377
2427,三商電,79,5,74,華南永昌-虎尾,2023-07-05,9377
6244,茂迪,69,3,66,華南永昌-虎尾,2023-07-05,9377
00673R,期元大S＆P原油反1,53,0,53,華南永昌-虎尾,2023-07-05,9377
2485,兆赫,55,4,51,華南永昌-虎尾,2023-07-05,9377
00687B,國泰20年美債,45,0,45,華南永昌-虎尾,2023-07-05,9377
3003,健和興,58,13,45,華南永昌-虎尾,2023-07-05,9377
2425,承啟,47,3,44,華南永昌-虎尾,2023-07-05,9377
2880,華南金,43,0,43,華南永昌-虎尾,2023-07-05,9377
3380,明泰,44,2,42,華南永昌-虎尾,2023-07-05,9377
2530,華建,40,0,40,華南永昌-虎尾,2023-07-05,9377
1513,中興電,50,10,40,華南永昌-虎尾,2023-07-05,9377
4904,遠傳,38,0,38,華南永昌-虎尾,2023-07-05,9377
4106,雃博,38,1,37,華南永昌-虎尾,2023-07-05,9377
1612,宏泰,40,4,36,華南永昌-虎尾,2023-07-05,9377
3191,雲嘉南,36,0,36,華南永昌-虎尾,2023-07-05,9377
00882,中信中國高股息,35,0,35,華南永昌-虎尾,2023-07-05,9377
2323,中環,64,32,32,華南永昌-虎尾,2023-07-05,9377
2303,聯電,30,0,30,華南永昌-虎尾,2023-07-05,9377
1514,亞力,35,6,29,華南永昌-虎尾,2023-07-05,9377
6770,力積電,33,4,29,華南永昌-虎尾,2023-07-05,9377
2356,英業達,39,12,27,華南永昌-虎尾,2023-07-05,9377
00929,復華台灣科技優息,29,2,27,華南永昌-虎尾,2023-07-05,9377
2634,漢翔,63,40,23,華南永昌-虎尾,2023-07-05,9377
3059,華晶科,20,0,20,華南永昌-虎尾,2023-07-05,9377
00664R,國泰臺灣加權反1,20,0,20,華南永昌-虎尾,2023-07-05,9377
1312,國喬,20,0,20,華南永昌-虎尾,2023-07-05,9377
1444,力麗,20,0,20,華南永昌-虎尾,2023-07-05,9377
1217,愛之味,19,0,19,華南永昌-虎尾,2023-07-05,9377
3706,神達,49,31,18,華南永昌-虎尾,2023-07-05,9377
2515,中工,21,3,18,華南永昌-虎尾,2023-07-05,9377
1529,樂事綠能,17,0,17,華南永昌-虎尾,2023-07-05,9377
1608,華榮,32,15,17,華南永昌-虎尾,2023-07-05,9377
6168,宏齊,17,0,17,華南永昌-虎尾,2023-07-05,9377
8110,華東,18,1,17,華南永昌-虎尾,2023-07-05,9377
2460,建通,16,0,16,華南永昌-虎尾,2023-07-05,9377
3050,鈺德,16,0,16,華南永昌-虎尾,2023-07-05,9377
5356,協益,16,0,16,華南永昌-虎尾,2023-07-05,9377
1101,台泥,31,15,16,華南永昌-虎尾,2023-07-05,9377
1459,聯發,15,0,15,華南永昌-虎尾,2023-07-05,9377
0056,元大高股息,20,6,14,華南永昌-虎尾,2023-07-05,9377
6005,群益證,13,0,13,華南永昌-虎尾,2023-07-05,9377
6133,金橋,20,7,13,華南永昌-虎尾,2023-07-05,9377
4157,太景*-KY,52,40,12,華南永昌-虎尾,2023-07-05,9377
3037,欣興,15,3,12,華南永昌-虎尾,2023-07-05,9377
00753L,中信中國50正2,12,0,12,華南永昌-虎尾,2023-07-05,9377
00922,國泰台灣領袖50,12,0,12,華南永昌-虎尾,2023-07-05,9377
2405,輔信,17,5,12,華南永昌-虎尾,2023-07-05,9377
2323,中環,553,101,452,華南永昌-虎尾,2023-07-06,9377
2303,聯電,133,15,118,華南永昌-虎尾,2023-07-06,9377
2888,新光金,112,1,111,華南永昌-虎尾,2023-07-06,9377
3704,合勤控,104,18,86,華南永昌-虎尾,2023-07-06,9377
6244,茂迪,84,0,84,華南永昌-虎尾,2023-07-06,9377
00637L,元大滬深300正2,107,40,67,華南永昌-虎尾,2023-07-06,9377
2331,精英,62,2,60,華南永昌-虎尾,2023-07-06,9377
2468,華經,59,0,59,華南永昌-虎尾,2023-07-06,9377
2317,鴻海,71,18,53,華南永昌-虎尾,2023-07-06,9377
6282,康舒,62,10,52,華南永昌-虎尾,2023-07-06,9377
6133,金橋,61,11,50,華南永昌-虎尾,2023-07-06,9377
2883,凱基金,49,0,49,華南永昌-虎尾,2023-07-06,9377
2425,承啟,61,15,46,華南永昌-虎尾,2023-07-06,9377
6005,群益證,41,0,41,華南永昌-虎尾,2023-07-06,9377
1303,南亞,39,0,39,華南永昌-虎尾,2023-07-06,9377
2382,廣達,45,7,38,華南永昌-虎尾,2023-07-06,9377
2405,輔信,38,0,38,華南永昌-虎尾,2023-07-06,9377
2409,友達,46,8,38,華南永昌-虎尾,2023-07-06,9377
00753L,中信中國50正2,37,0,37,華南永昌-虎尾,2023-07-06,9377
3260,威剛,39,4,35,華南永昌-虎尾,2023-07-06,9377
5465,富驊,36,1,35,華南永昌-虎尾,2023-07-06,9377
6153,嘉聯益,35,0,35,華南永昌-虎尾,2023-07-06,9377
0056,元大高股息,64,30,34,華南永昌-虎尾,2023-07-06,9377
2880,華南金,74,40,34,華南永昌-虎尾,2023-07-06,9377
1101,台泥,33,0,33,華南永昌-虎尾,2023-07-06,9377
5009,榮剛,42,10,32,華南永昌-虎尾,2023-07-06,9377
3050,鈺德,31,0,31,華南永昌-虎尾,2023-07-06,9377
1909,榮成,30,0,30,華南永昌-虎尾,2023-07-06,9377
1301,台塑,30,3,27,華南永昌-虎尾,2023-07-06,9377
00680L,元大美債20正2,26,0,26,華南永昌-虎尾,2023-07-06,9377
2427,三商電,35,10,25,華南永昌-虎尾,2023-07-06,9377
00673R,期元大S＆P原油反1,24,0,24,華南永昌-虎尾,2023-07-06,9377
2104,國際中橡,25,1,24,華南永昌-虎尾,2023-07-06,9377
2891,中信金,30,6,24,華南永昌-虎尾,2023-07-06,9377
2881,富邦金,23,0,23,華南永昌-虎尾,2023-07-06,9377
2609,陽明,77,53,24,華南永昌-虎尾,2023-07-06,9377
2002,中鋼,23,0,23,華南永昌-虎尾,2023-07-06,9377
2340,台亞,29,8,21,華南永昌-虎尾,2023-07-06,9377
2618,長榮航,89,68,21,華南永昌-虎尾,2023-07-06,9377
4746,台耀,24,3,21,華南永昌-虎尾,2023-07-06,9377
6257,矽格,21,0,21,華南永昌-虎尾,2023-07-06,9377
6509,聚和,21,0,21,華南永昌-虎尾,2023-07-06,9377
2882,國泰金,20,0,20,華南永昌-虎尾,2023-07-06,9377
2301,光寶科,25,5,20,華南永昌-虎尾,2023-07-06,9377
3682,亞太電,20,0,20,華南永昌-虎尾,2023-07-06,9377
2887,台新金,41,22,19,華南永昌-虎尾,2023-07-06,9377
6182,合晶,22,3,19,華南永昌-虎尾,2023-07-06,9377
2049,上銀,19,1,18,華南永昌-虎尾,2023-07-06,9377
00929,復華台灣科技優息,17,0,17,華南永昌-虎尾,2023-07-06,9377
4744,皇將,33,16,17,華南永昌-虎尾,2023-07-06,9377
3481,群創,196,3,193,華南永昌-虎尾,2023-07-07,9377
2356,英業達,191,8,183,華南永昌-虎尾,2023-07-07,9377
2327,國巨,80,0,80,華南永昌-虎尾,2023-07-07,9377
4155,訊映,115,39,76,華南永昌-虎尾,2023-07-07,9377
00673R,期元大S＆P原油反1,74,0,74,華南永昌-虎尾,2023-07-07,9377
2891,中信金,71,0,71,華南永昌-虎尾,2023-07-07,9377
00680L,元大美債20正2,55,0,55,華南永昌-虎尾,2023-07-07,9377
00893,國泰智能電動車,53,5,48,華南永昌-虎尾,2023-07-07,9377
00688L,國泰20年美債正2,47,0,47,華南永昌-虎尾,2023-07-07,9377
0056,元大高股息,61,15,46,華南永昌-虎尾,2023-07-07,9377
1528,恩德,46,0,46,華南永昌-虎尾,2023-07-07,9377
6282,康舒,92,48,44,華南永昌-虎尾,2023-07-07,9377
2380,虹光,55,11,44,華南永昌-虎尾,2023-07-07,9377
3264,欣銓,40,0,40,華南永昌-虎尾,2023-07-07,9377
00655L,國泰中國A50正2,36,0,36,華南永昌-虎尾,2023-07-07,9377
2883,凱基金,39,4,35,華南永昌-虎尾,2023-07-07,9377
00929,復華台灣科技優息,32,1,31,華南永昌-虎尾,2023-07-07,9377
2530,華建,31,0,31,華南永昌-虎尾,2023-07-07,9377
2002,中鋼,28,0,28,華南永昌-虎尾,2023-07-07,9377
2344,華邦電,33,5,28,華南永昌-虎尾,2023-07-07,9377
1326,台化,26,1,25,華南永昌-虎尾,2023-07-07,9377
3050,鈺德,25,0,25,華南永昌-虎尾,2023-07-07,9377
00753L,中信中國50正2,23,0,23,華南永昌-虎尾,2023-07-07,9377
2340,台亞,29,7,22,華南永昌-虎尾,2023-07-07,9377
2880,華南金,21,0,21,華南永昌-虎尾,2023-07-07,9377
6672,騰輝電子-KY,21,0,21,華南永昌-虎尾,2023-07-07,9377
5009,榮剛,22,1,21,華南永昌-虎尾,2023-07-07,9377
6117,迎廣,27,6,21,華南永昌-虎尾,2023-07-07,9377
5880,合庫金,22,2,20,華南永昌-虎尾,2023-07-07,9377
2427,三商電,29,9,20,華南永昌-虎尾,2023-07-07,9377
00762,元大全球AI,20,0,20,華南永昌-虎尾,2023-07-07,9377
2323,中環,64,44,20,華南永昌-虎尾,2023-07-07,9377
3260,威剛,34,15,19,華南永昌-虎尾,2023-07-07,9377
4938,和碩,19,0,19,華南永昌-虎尾,2023-07-07,9377
1504,東元,21,3,18,華南永昌-虎尾,2023-07-07,9377
2884,玉山金,23,5,18,華南永昌-虎尾,2023-07-07,9377
2049,上銀,19,1,18,華南永昌-虎尾,2023-07-07,9377
2887,台新金,17,0,17,華南永昌-虎尾,2023-07-07,9377
00882,中信中國高股息,16,0,16,華南永昌-虎尾,2023-07-07,9377
3682,亞太電,16,0,16,華南永昌-虎尾,2023-07-07,9377
1301,台塑,17,1,16,華南永昌-虎尾,2023-07-07,9377
6176,瑞儀,16,0,16,華南永昌-虎尾,2023-07-07,9377
2609,陽明,32,16,16,華南永昌-虎尾,2023-07-07,9377
1722,台肥,15,0,15,華南永昌-虎尾,2023-07-07,9377
2603,長榮,38,23,15,華南永昌-虎尾,2023-07-07,9377
6770,力積電,16,2,14,華南永昌-虎尾,2023-07-07,9377
1611,中電,16,2,14,華南永昌-虎尾,2023-07-07,9377
00679B,元大美債20年,13,0,13,華南永昌-虎尾,2023-07-07,9377
6244,茂迪,20,7,13,華南永昌-虎尾,2023-07-07,9377
2421,建準,14,2,12,華南永昌-虎尾,2023-07-07,9377
2891,中信金,207,1,206,華南永昌-虎尾,2023-07-10,9377
2382,廣達,175,36,139,華南永昌-虎尾,2023-07-10,9377
2489,瑞軒,188,50,138,華南永昌-虎尾,2023-07-10,9377
00919,群益台灣精選高息,116,0,116,華南永昌-虎尾,2023-07-10,9377
00673R,期元大S＆P原油反1,97,0,97,華南永昌-虎尾,2023-07-10,9377
3231,緯創,229,141,88,華南永昌-虎尾,2023-07-10,9377
2427,三商電,87,2,85,華南永昌-虎尾,2023-07-10,9377
1101,台泥,82,10,72,華南永昌-虎尾,2023-07-10,9377
6191,精成科,90,27,63,華南永昌-虎尾,2023-07-10,9377
2363,矽統,61,0,61,華南永昌-虎尾,2023-07-10,9377
1584,精剛,57,2,55,華南永昌-虎尾,2023-07-10,9377
2801,彰銀,55,1,54,華南永昌-虎尾,2023-07-10,9377
6282,康舒,59,8,51,華南永昌-虎尾,2023-07-10,9377
00632R,元大台灣50反1,50,0,50,華南永昌-虎尾,2023-07-10,9377
6190,萬泰科,52,5,47,華南永昌-虎尾,2023-07-10,9377
2609,陽明,66,22,44,華南永昌-虎尾,2023-07-10,9377
2883,凱基金,47,4,43,華南永昌-虎尾,2023-07-10,9377
3016,嘉晶,49,7,42,華南永昌-虎尾,2023-07-10,9377
2376,技嘉,66,35,31,華南永昌-虎尾,2023-07-10,9377
00665L,富邦�琤肭磪囓�2,30,0,30,華南永昌-虎尾,2023-07-10,9377
2312,金寶,33,3,30,華南永昌-虎尾,2023-07-10,9377
00655L,國泰中國A50正2,40,11,29,華南永昌-虎尾,2023-07-10,9377
3022,威強電,36,9,27,華南永昌-虎尾,2023-07-10,9377
00926,凱基全球菁英55,26,0,26,華南永昌-虎尾,2023-07-10,9377
00680L,元大美債20正2,25,0,25,華南永昌-虎尾,2023-07-10,9377
2485,兆赫,27,2,25,華南永昌-虎尾,2023-07-10,9377
2913,農林,28,3,25,華南永昌-虎尾,2023-07-10,9377
3520,華盈,25,0,25,華南永昌-虎尾,2023-07-10,9377
3706,神達,26,1,25,華南永昌-虎尾,2023-07-10,9377
3035,智原,35,11,24,華南永昌-虎尾,2023-07-10,9377
5439,高技,23,1,22,華南永昌-虎尾,2023-07-10,9377
6266,泰詠,22,1,21,華南永昌-虎尾,2023-07-10,9377
2327,國巨,21,0,21,華南永昌-虎尾,2023-07-10,9377
6257,矽格,21,0,21,華南永昌-虎尾,2023-07-10,9377
2425,承啟,22,3,19,華南永昌-虎尾,2023-07-10,9377
2889,國票金,21,2,19,華南永昌-虎尾,2023-07-10,9377
2356,英業達,27,8,19,華南永昌-虎尾,2023-07-10,9377
00688L,國泰20年美債正2,18,0,18,華南永昌-虎尾,2023-07-10,9377
2618,長榮航,20,2,18,華南永昌-虎尾,2023-07-10,9377
4532,瑞智,44,27,17,華南永昌-虎尾,2023-07-10,9377
3056,富華新,16,0,16,華南永昌-虎尾,2023-07-10,9377
2457,飛宏,19,4,15,華南永昌-虎尾,2023-07-10,9377
3576,聯合再生,17,2,15,華南永昌-虎尾,2023-07-10,9377
1467,南緯,14,0,14,華南永昌-虎尾,2023-07-10,9377
1540,喬福,16,2,14,華南永昌-虎尾,2023-07-10,9377
3050,鈺德,14,0,14,華南永昌-虎尾,2023-07-10,9377
6188,廣明,29,16,13,華南永昌-虎尾,2023-07-10,9377
1528,恩德,15,2,13,華南永昌-虎尾,2023-07-10,9377
8038,長園科,13,0,13,華南永昌-虎尾,2023-07-10,9377
00679B,元大美債20年,12,0,12,華南永昌-虎尾,2023-07-10,9377
3231,緯創,414,139,275,華南永昌-虎尾,2023-07-11,9377
00632R,元大台灣50反1,220,20,200,華南永昌-虎尾,2023-07-11,9377
2618,長榮航,214,37,177,華南永昌-虎尾,2023-07-11,9377
3520,華盈,75,0,75,華南永昌-虎尾,2023-07-11,9377
1532,勤美,60,0,60,華南永昌-虎尾,2023-07-11,9377
6257,矽格,45,1,44,華南永昌-虎尾,2023-07-11,9377
5607,遠雄港,43,0,43,華南永昌-虎尾,2023-07-11,9377
1101,台泥,45,6,39,華南永昌-虎尾,2023-07-11,9377
2609,陽明,52,14,38,華南永昌-虎尾,2023-07-11,9377
00673R,期元大S＆P原油反1,34,0,34,華南永昌-虎尾,2023-07-11,9377
9904,寶成,35,1,34,華南永昌-虎尾,2023-07-11,9377
4157,太景*-KY,33,0,33,華南永昌-虎尾,2023-07-11,9377
6770,力積電,33,2,31,華南永昌-虎尾,2023-07-11,9377
2301,光寶科,50,21,29,華南永昌-虎尾,2023-07-11,9377
4532,瑞智,47,19,28,華南永昌-虎尾,2023-07-11,9377
1522,堤維西,30,5,25,華南永昌-虎尾,2023-07-11,9377
2241,艾姆勒,25,0,25,華南永昌-虎尾,2023-07-11,9377
3050,鈺德,22,0,22,華南永昌-虎尾,2023-07-11,9377
6288,聯嘉,22,0,22,華南永昌-虎尾,2023-07-11,9377
2014,中鴻,20,0,20,華南永昌-虎尾,2023-07-11,9377
2105,正新,20,0,20,華南永昌-虎尾,2023-07-11,9377
2705,六福,20,0,20,華南永昌-虎尾,2023-07-11,9377
3062,建漢,20,0,20,華南永昌-虎尾,2023-07-11,9377
4106,雃博,19,0,19,華南永昌-虎尾,2023-07-11,9377
1301,台塑,22,3,19,華南永昌-虎尾,2023-07-11,9377
4526,東台,17,0,17,華南永昌-虎尾,2023-07-11,9377
3027,盛達,25,8,17,華南永昌-虎尾,2023-07-11,9377
4934,太極,43,26,17,華南永昌-虎尾,2023-07-11,9377
5864,致和證,17,0,17,華南永昌-虎尾,2023-07-11,9377
2353,宏��,27,10,17,華南永昌-虎尾,2023-07-11,9377
2303,聯電,17,1,16,華南永昌-虎尾,2023-07-11,9377
5426,振發,16,0,16,華南永昌-虎尾,2023-07-11,9377
3290,東浦,15,0,15,華南永昌-虎尾,2023-07-11,9377
1504,東元,24,10,14,華南永昌-虎尾,2023-07-11,9377
6182,合晶,15,2,13,華南永昌-虎尾,2023-07-11,9377
1528,恩德,18,6,12,華南永昌-虎尾,2023-07-11,9377
1460,宏遠,11,0,11,華南永昌-虎尾,2023-07-11,9377
1802,台玻,11,0,11,華南永昌-虎尾,2023-07-11,9377
3234,光環,12,1,11,華南永昌-虎尾,2023-07-11,9377
6244,茂迪,11,0,11,華南永昌-虎尾,2023-07-11,9377
4306,炎洲,10,0,10,華南永昌-虎尾,2023-07-11,9377
3016,嘉晶,107,97,10,華南永昌-虎尾,2023-07-11,9377
2312,金寶,17,7,10,華南永昌-虎尾,2023-07-11,9377
1218,泰山,11,1,10,華南永昌-虎尾,2023-07-11,9377
3037,欣興,12,2,10,華南永昌-虎尾,2023-07-11,9377
2009,第一銅,10,0,10,華南永昌-虎尾,2023-07-11,9377
2402,毅嘉,34,24,10,華南永昌-虎尾,2023-07-11,9377
3264,欣銓,10,0,10,華南永昌-虎尾,2023-07-11,9377
3323,加百裕,10,0,10,華南永昌-虎尾,2023-07-11,9377
8034,榮群,10,0,10,華南永昌-虎尾,2023-07-11,9377
2323,中環,185,32,153,華南永昌-虎尾,2023-07-12,9377
2897,王道銀行,161,11,150,華南永昌-虎尾,2023-07-12,9377
00673R,期元大S＆P原油反1,124,0,124,華南永昌-虎尾,2023-07-12,9377
2801,彰銀,107,0,107,華南永昌-虎尾,2023-07-12,9377
3231,緯創,484,388,96,華南永昌-虎尾,2023-07-12,9377
2356,英業達,198,128,70,華南永昌-虎尾,2023-07-12,9377
2344,華邦電,78,21,57,華南永昌-虎尾,2023-07-12,9377
1303,南亞,52,0,52,華南永昌-虎尾,2023-07-12,9377
6509,聚和,50,0,50,華南永昌-虎尾,2023-07-12,9377
2402,毅嘉,48,3,45,華南永昌-虎尾,2023-07-12,9377
2301,光寶科,68,24,44,華南永昌-虎尾,2023-07-12,9377
2489,瑞軒,55,13,42,華南永昌-虎尾,2023-07-12,9377
2376,技嘉,161,124,37,華南永昌-虎尾,2023-07-12,9377
2371,大同,45,9,36,華南永昌-虎尾,2023-07-12,9377
2609,陽明,67,34,33,華南永昌-虎尾,2023-07-12,9377
2618,長榮航,53,21,32,華南永昌-虎尾,2023-07-12,9377
1217,愛之味,30,0,30,華南永昌-虎尾,2023-07-12,9377
3050,鈺德,29,0,29,華南永昌-虎尾,2023-07-12,9377
00720B,元大投資級公司債,25,0,25,華南永昌-虎尾,2023-07-12,9377
6190,萬泰科,31,6,25,華南永昌-虎尾,2023-07-12,9377
1515,力山,30,8,22,華南永昌-虎尾,2023-07-12,9377
2637,慧洋-KY,22,1,21,華南永昌-虎尾,2023-07-12,9377
3260,威剛,21,0,21,華南永昌-虎尾,2023-07-12,9377
2610,華航,47,26,21,華南永昌-虎尾,2023-07-12,9377
2705,六福,20,0,20,華南永昌-虎尾,2023-07-12,9377
3022,威強電,22,2,20,華南永昌-虎尾,2023-07-12,9377
4552,力達-KY,21,1,20,華南永昌-虎尾,2023-07-12,9377
6462,神盾,20,0,20,華南永昌-虎尾,2023-07-12,9377
3037,欣興,20,2,18,華南永昌-虎尾,2023-07-12,9377
6282,康舒,46,28,18,華南永昌-虎尾,2023-07-12,9377
3265,台星科,18,1,17,華南永昌-虎尾,2023-07-12,9377
00679B,元大美債20年,16,0,16,華南永昌-虎尾,2023-07-12,9377
2883,凱基金,17,1,16,華南永昌-虎尾,2023-07-12,9377
00929,復華台灣科技優息,15,0,15,華南永昌-虎尾,2023-07-12,9377
00655L,國泰中國A50正2,25,10,15,華南永昌-虎尾,2023-07-12,9377
1711,永光,15,0,15,華南永昌-虎尾,2023-07-12,9377
2363,矽統,29,14,15,華南永昌-虎尾,2023-07-12,9377
3006,晶豪科,15,0,15,華南永昌-虎尾,2023-07-12,9377
3545,敦泰,16,1,15,華南永昌-虎尾,2023-07-12,9377
8105,凌巨,15,0,15,華南永昌-虎尾,2023-07-12,9377
1459,聯發,14,0,14,華南永昌-虎尾,2023-07-12,9377
2399,映泰,22,8,14,華南永昌-虎尾,2023-07-12,9377
2515,中工,14,0,14,華南永昌-虎尾,2023-07-12,9377
4532,瑞智,26,12,14,華南永昌-虎尾,2023-07-12,9377
8926,台汽電,15,1,14,華南永昌-虎尾,2023-07-12,9377
2419,仲琦,15,2,13,華南永昌-虎尾,2023-07-12,9377
2204,中華,13,0,13,華南永昌-虎尾,2023-07-12,9377
1301,台塑,13,0,13,華南永昌-虎尾,2023-07-12,9377
3711,日月光投控,14,1,13,華南永昌-虎尾,2023-07-12,9377
4904,遠傳,13,0,13,華南永昌-虎尾,2023-07-12,9377
2382,廣達,598,71,527,華南永昌-虎尾,2023-07-13,9377
00632R,元大台灣50反1,273,10,263,華南永昌-虎尾,2023-07-13,9377
8016,矽創,101,0,101,華南永昌-虎尾,2023-07-13,9377
6120,達運,107,15,92,華南永昌-虎尾,2023-07-13,9377
2324,仁寶,118,27,91,華南永昌-虎尾,2023-07-13,9377
2402,毅嘉,92,21,71,華南永昌-虎尾,2023-07-13,9377
2618,長榮航,115,45,70,華南永昌-虎尾,2023-07-13,9377
6190,萬泰科,66,5,61,華南永昌-虎尾,2023-07-13,9377
2489,瑞軒,167,110,57,華南永昌-虎尾,2023-07-13,9377
2312,金寶,183,134,49,華南永昌-虎尾,2023-07-13,9377
5864,致和證,40,0,40,華南永昌-虎尾,2023-07-13,9377
00673R,期元大S＆P原油反1,44,4,40,華南永昌-虎尾,2023-07-13,9377
00930,永豐ESG低碳高息,37,0,37,華南永昌-虎尾,2023-07-13,9377
6443,元晶,38,1,37,華南永昌-虎尾,2023-07-13,9377
2610,華航,54,19,35,華南永昌-虎尾,2023-07-13,9377
1701,中化,33,0,33,華南永昌-虎尾,2023-07-13,9377
1584,精剛,32,0,32,華南永昌-虎尾,2023-07-13,9377
2340,台亞,47,15,32,華南永昌-虎尾,2023-07-13,9377
4916,事欣科,30,0,30,華南永昌-虎尾,2023-07-13,9377
6168,宏齊,30,0,30,華南永昌-虎尾,2023-07-13,9377
4157,太景*-KY,25,0,25,華南永昌-虎尾,2023-07-13,9377
00679B,元大美債20年,24,0,24,華南永昌-虎尾,2023-07-13,9377
2506,太設,21,0,21,華南永昌-虎尾,2023-07-13,9377
1301,台塑,21,1,20,華南永昌-虎尾,2023-07-13,9377
2801,彰銀,20,0,20,華南永昌-虎尾,2023-07-13,9377
2812,台中銀,19,0,19,華南永昌-虎尾,2023-07-13,9377
2352,佳世達,32,14,18,華南永昌-虎尾,2023-07-13,9377
3025,星通,30,14,16,華南永昌-虎尾,2023-07-13,9377
3234,光環,18,2,16,華南永昌-虎尾,2023-07-13,9377
6244,茂迪,18,2,16,華南永昌-虎尾,2023-07-13,9377
8050,廣積,24,9,15,華南永昌-虎尾,2023-07-13,9377
2609,陽明,61,46,15,華南永昌-虎尾,2023-07-13,9377
5905,南仁湖,15,0,15,華南永昌-虎尾,2023-07-13,9377
2030,彰源,15,0,15,華南永昌-虎尾,2023-07-13,9377
2498,宏達電,18,3,15,華南永昌-虎尾,2023-07-13,9377
2897,王道銀行,15,0,15,華南永昌-虎尾,2023-07-13,9377
3050,鈺德,15,0,15,華南永昌-虎尾,2023-07-13,9377
00725B,國泰投資級公司債,14,0,14,華南永昌-虎尾,2023-07-13,9377
1460,宏遠,14,0,14,華南永昌-虎尾,2023-07-13,9377
2421,建準,44,30,14,華南永昌-虎尾,2023-07-13,9377
2353,宏��,32,19,13,華南永昌-虎尾,2023-07-13,9377
2413,環科,13,0,13,華南永昌-虎尾,2023-07-13,9377
3380,明泰,20,7,13,華南永昌-虎尾,2023-07-13,9377
5607,遠雄港,13,0,13,華南永昌-虎尾,2023-07-13,9377
1609,大亞,48,36,12,華南永昌-虎尾,2023-07-13,9377
1795,美時,15,3,12,華南永昌-虎尾,2023-07-13,9377
00882,中信中國高股息,12,0,12,華南永昌-虎尾,2023-07-13,9377
2208,台船,17,5,12,華南永昌-虎尾,2023-07-13,9377
3005,神基,15,3,12,華南永昌-虎尾,2023-07-13,9377
5009,榮剛,16,4,12,華南永昌-虎尾,2023-07-13,9377
6120,達運,206,4,202,華南永昌-虎尾,2023-07-14,9377
2329,華泰,132,26,106,華南永昌-虎尾,2023-07-14,9377
2888,新光金,100,8,92,華南永昌-虎尾,2023-07-14,9377
2356,英業達,1155,1067,88,華南永昌-虎尾,2023-07-14,9377
00673R,期元大S＆P原油反1,128,46,82,華南永昌-虎尾,2023-07-14,9377
2352,佳世達,101,29,72,華南永昌-虎尾,2023-07-14,9377
2303,聯電,49,7,42,華南永昌-虎尾,2023-07-14,9377
1319,東陽,42,0,42,華南永昌-虎尾,2023-07-14,9377
00753L,中信中國50正2,40,0,40,華南永昌-虎尾,2023-07-14,9377
2609,陽明,46,8,38,華南永昌-虎尾,2023-07-14,9377
2610,華航,166,131,35,華南永昌-虎尾,2023-07-14,9377
00632R,元大台灣50反1,41,10,31,華南永昌-虎尾,2023-07-14,9377
3191,雲嘉南,39,8,31,華南永昌-虎尾,2023-07-14,9377
2332,友訊,25,0,25,華南永昌-虎尾,2023-07-14,9377
3338,泰碩,28,3,25,華南永昌-虎尾,2023-07-14,9377
2812,台中銀,24,0,24,華南永昌-虎尾,2023-07-14,9377
8016,矽創,23,0,23,華南永昌-虎尾,2023-07-14,9377
00905,FT臺灣Smart,24,1,23,華南永昌-虎尾,2023-07-14,9377
8201,無敵,23,0,23,華南永昌-虎尾,2023-07-14,9377
6443,元晶,32,11,21,華南永昌-虎尾,2023-07-14,9377
4414,如興,20,0,20,華南永昌-虎尾,2023-07-14,9377
2312,金寶,56,37,19,華南永昌-虎尾,2023-07-14,9377
6288,聯嘉,18,1,17,華南永昌-虎尾,2023-07-14,9377
6770,力積電,20,3,17,華南永昌-虎尾,2023-07-14,9377
2419,仲琦,47,31,16,華南永昌-虎尾,2023-07-14,9377
6235,華孚,20,4,16,華南永昌-虎尾,2023-07-14,9377
1611,中電,15,0,15,華南永昌-虎尾,2023-07-14,9377
2486,一詮,15,0,15,華南永昌-虎尾,2023-07-14,9377
3356,奇偶,15,0,15,華南永昌-虎尾,2023-07-14,9377
3704,合勤控,24,9,15,華南永昌-虎尾,2023-07-14,9377
6719,力智,15,0,15,華南永昌-虎尾,2023-07-14,9377
2301,光寶科,34,19,15,華南永昌-虎尾,2023-07-14,9377
1460,宏遠,14,0,14,華南永昌-虎尾,2023-07-14,9377
1584,精剛,40,26,14,華南永昌-虎尾,2023-07-14,9377
2406,國碩,15,1,14,華南永昌-虎尾,2023-07-14,9377
2421,建準,16,2,14,華南永昌-虎尾,2023-07-14,9377
6244,茂迪,15,1,14,華南永昌-虎尾,2023-07-14,9377
00882,中信中國高股息,13,0,13,華南永昌-虎尾,2023-07-14,9377
3006,晶豪科,12,0,12,華南永昌-虎尾,2023-07-14,9377
3032,偉訓,47,35,12,華南永昌-虎尾,2023-07-14,9377
8358,金居,33,21,12,華南永昌-虎尾,2023-07-14,9377
2498,宏達電,54,43,11,華南永昌-虎尾,2023-07-14,9377
1907,永豐餘,11,0,11,華南永昌-虎尾,2023-07-14,9377
2104,國際中橡,11,0,11,華南永昌-虎尾,2023-07-14,9377
3062,建漢,11,0,11,華南永昌-虎尾,2023-07-14,9377
8021,尖點,11,0,11,華南永昌-虎尾,2023-07-14,9377
6188,廣明,27,16,11,華南永昌-虎尾,2023-07-14,9377
4533,協易機,20,10,10,華南永昌-虎尾,2023-07-14,9377
00665L,富邦�琤肭磪囓�2,10,0,10,華南永昌-虎尾,2023-07-14,9377
1402,遠東新,10,0,10,華南永昌-虎尾,2023-07-14,9377
2324,仁寶,284,118,166,華南永昌-虎尾,2023-07-17,9377
8016,矽創,127,0,127,華南永昌-虎尾,2023-07-17,9377
00637L,元大滬深300正2,120,0,120,華南永昌-虎尾,2023-07-17,9377
2312,金寶,141,34,107,華南永昌-虎尾,2023-07-17,9377
00665L,富邦�琤肭磪囓�2,105,9,96,華南永昌-虎尾,2023-07-17,9377
2329,華泰,111,30,81,華南永昌-虎尾,2023-07-17,9377
2520,冠德,80,0,80,華南永昌-虎尾,2023-07-17,9377
2618,長榮航,112,42,70,華南永昌-虎尾,2023-07-17,9377
3024,憶聲,71,2,69,華南永昌-虎尾,2023-07-17,9377
0056,元大高股息,73,13,60,華南永昌-虎尾,2023-07-17,9377
3518,柏騰,56,2,54,華南永昌-虎尾,2023-07-17,9377
5426,振發,65,12,53,華南永昌-虎尾,2023-07-17,9377
2401,凌陽,63,12,51,華南永昌-虎尾,2023-07-17,9377
6190,萬泰科,85,35,50,華南永昌-虎尾,2023-07-17,9377
3038,全台,50,1,49,華南永昌-虎尾,2023-07-17,9377
5465,富驊,47,1,46,華南永昌-虎尾,2023-07-17,9377
9944,新麗,38,0,38,華南永昌-虎尾,2023-07-17,9377
1710,東聯,35,0,35,華南永昌-虎尾,2023-07-17,9377
00679B,元大美債20年,34,0,34,華南永昌-虎尾,2023-07-17,9377
2317,鴻海,52,18,34,華南永昌-虎尾,2023-07-17,9377
2362,藍天,42,11,31,華南永昌-虎尾,2023-07-17,9377
2388,威盛,40,10,30,華南永昌-虎尾,2023-07-17,9377
1101,台泥,31,2,29,華南永昌-虎尾,2023-07-17,9377
2349,錸德,26,0,26,華南永昌-虎尾,2023-07-17,9377
5009,榮剛,37,12,25,華南永昌-虎尾,2023-07-17,9377
5203,訊連,24,0,24,華南永昌-虎尾,2023-07-17,9377
2352,佳世達,28,5,23,華南永昌-虎尾,2023-07-17,9377
2609,陽明,35,13,22,華南永昌-虎尾,2023-07-17,9377
3545,敦泰,26,5,21,華南永昌-虎尾,2023-07-17,9377
6664,群翊,22,1,21,華南永昌-虎尾,2023-07-17,9377
8150,南茂,21,0,21,華南永昌-虎尾,2023-07-17,9377
00664R,國泰臺灣加權反1,20,0,20,華南永昌-虎尾,2023-07-17,9377
1303,南亞,20,0,20,華南永昌-虎尾,2023-07-17,9377
1721,三晃,20,0,20,華南永昌-虎尾,2023-07-17,9377
2897,王道銀行,20,0,20,華南永昌-虎尾,2023-07-17,9377
6142,友勁,20,0,20,華南永昌-虎尾,2023-07-17,9377
3706,神達,37,17,20,華南永昌-虎尾,2023-07-17,9377
5457,宣德,20,1,19,華南永昌-虎尾,2023-07-17,9377
1608,華榮,20,2,18,華南永昌-虎尾,2023-07-17,9377
3231,緯創,37,19,18,華南永昌-虎尾,2023-07-17,9377
2457,飛宏,37,20,17,華南永昌-虎尾,2023-07-17,9377
3167,大量,16,0,16,華南永昌-虎尾,2023-07-17,9377
4904,遠傳,16,0,16,華南永昌-虎尾,2023-07-17,9377
3050,鈺德,15,0,15,華南永昌-虎尾,2023-07-17,9377
4532,瑞智,34,19,15,華南永昌-虎尾,2023-07-17,9377
2402,毅嘉,48,34,14,華南永昌-虎尾,2023-07-17,9377
5460,同協,14,0,14,華南永昌-虎尾,2023-07-17,9377
1229,聯華,15,2,13,華南永昌-虎尾,2023-07-17,9377
2913,農林,13,0,13,華南永昌-虎尾,2023-07-17,9377
6179,亞通,23,10,13,華南永昌-虎尾,2023-07-17,9377
2883,凱基金,152,0,152,華南永昌-虎尾,2023-07-18,9377
2365,昆盈,102,0,102,華南永昌-虎尾,2023-07-18,9377
00632R,元大台灣50反1,350,250,100,華南永昌-虎尾,2023-07-18,9377
2402,毅嘉,99,7,92,華南永昌-虎尾,2023-07-18,9377
00878,國泰永續高股息,118,31,87,華南永昌-虎尾,2023-07-18,9377
1609,大亞,95,16,79,華南永昌-虎尾,2023-07-18,9377
2352,佳世達,104,36,68,華南永昌-虎尾,2023-07-18,9377
2312,金寶,182,114,68,華南永昌-虎尾,2023-07-18,9377
3050,鈺德,60,0,60,華南永昌-虎尾,2023-07-18,9377
00929,復華台灣科技優息,84,26,58,華南永昌-虎尾,2023-07-18,9377
2323,中環,107,51,56,華南永昌-虎尾,2023-07-18,9377
3338,泰碩,85,32,53,華南永昌-虎尾,2023-07-18,9377
2891,中信金,53,0,53,華南永昌-虎尾,2023-07-18,9377
2363,矽統,116,63,53,華南永昌-虎尾,2023-07-18,9377
6282,康舒,110,59,51,華南永昌-虎尾,2023-07-18,9377
1711,永光,76,25,51,華南永昌-虎尾,2023-07-18,9377
8016,矽創,52,2,50,華南永昌-虎尾,2023-07-18,9377
4157,太景*-KY,51,1,50,華南永昌-虎尾,2023-07-18,9377
00715L,期街口布蘭特正2,48,0,48,華南永昌-虎尾,2023-07-18,9377
2382,廣達,358,313,45,華南永昌-虎尾,2023-07-18,9377
4938,和碩,98,54,44,華南永昌-虎尾,2023-07-18,9377
1605,華新,56,19,37,華南永昌-虎尾,2023-07-18,9377
9105,泰金寶-DR,35,0,35,華南永昌-虎尾,2023-07-18,9377
00882,中信中國高股息,34,0,34,華南永昌-虎尾,2023-07-18,9377
8046,南電,44,10,34,華南永昌-虎尾,2023-07-18,9377
2377,微星,40,7,33,華南永昌-虎尾,2023-07-18,9377
2634,漢翔,33,2,31,華南永昌-虎尾,2023-07-18,9377
1313,聯成,34,3,31,華南永昌-虎尾,2023-07-18,9377
2884,玉山金,31,0,31,華南永昌-虎尾,2023-07-18,9377
00712,復華富時不動產,30,0,30,華南永昌-虎尾,2023-07-18,9377
8358,金居,29,0,29,華南永昌-虎尾,2023-07-18,9377
4533,協易機,45,19,26,華南永昌-虎尾,2023-07-18,9377
00679B,元大美債20年,25,0,25,華南永昌-虎尾,2023-07-18,9377
1460,宏遠,25,0,25,華南永昌-虎尾,2023-07-18,9377
5203,訊連,23,0,23,華南永昌-虎尾,2023-07-18,9377
2881,富邦金,22,0,22,華南永昌-虎尾,2023-07-18,9377
1513,中興電,30,9,21,華南永昌-虎尾,2023-07-18,9377
3027,盛達,21,0,21,華南永昌-虎尾,2023-07-18,9377
00888,永豐台灣ESG,20,0,20,華南永昌-虎尾,2023-07-18,9377
00650L,復華香港正2,20,0,20,華南永昌-虎尾,2023-07-18,9377
5512,力麒,20,0,20,華南永昌-虎尾,2023-07-18,9377
2520,冠德,20,0,20,華南永昌-虎尾,2023-07-18,9377
6122,擎邦,30,11,19,華南永昌-虎尾,2023-07-18,9377
3231,緯創,37,18,19,華南永昌-虎尾,2023-07-18,9377
1514,亞力,31,13,18,華南永昌-虎尾,2023-07-18,9377
6005,群益證,18,0,18,華南永昌-虎尾,2023-07-18,9377
2330,台積電,17,0,17,華南永昌-虎尾,2023-07-18,9377
3706,神達,132,115,17,華南永昌-虎尾,2023-07-18,9377
6285,啟��,25,8,17,華南永昌-虎尾,2023-07-18,9377
1515,力山,16,0,16,華南永昌-虎尾,2023-07-18,9377
2402,毅嘉,148,17,131,華南永昌-虎尾,2023-07-19,9377
6288,聯嘉,134,15,119,華南永昌-虎尾,2023-07-19,9377
6282,康舒,146,37,109,華南永昌-虎尾,2023-07-19,9377
3056,富華新,101,0,101,華南永昌-虎尾,2023-07-19,9377
1444,力麗,87,0,87,華南永昌-虎尾,2023-07-19,9377
2353,宏��,101,26,75,華南永昌-虎尾,2023-07-19,9377
2489,瑞軒,70,0,70,華南永昌-虎尾,2023-07-19,9377
2610,華航,72,3,69,華南永昌-虎尾,2023-07-19,9377
6443,元晶,67,0,67,華南永昌-虎尾,2023-07-19,9377
2382,廣達,555,493,62,華南永昌-虎尾,2023-07-19,9377
3037,欣興,62,7,55,華南永昌-虎尾,2023-07-19,9377
2329,華泰,65,11,54,華南永昌-虎尾,2023-07-19,9377
6188,廣明,89,36,53,華南永昌-虎尾,2023-07-19,9377
6505,台塑化,53,0,53,華南永昌-虎尾,2023-07-19,9377
3149,正達,50,0,50,華南永昌-虎尾,2023-07-19,9377
00712,復華富時不動產,50,0,50,華南永昌-虎尾,2023-07-19,9377
2881,富邦金,51,3,48,華南永昌-虎尾,2023-07-19,9377
3050,鈺德,46,0,46,華南永昌-虎尾,2023-07-19,9377
00679B,元大美債20年,41,0,41,華南永昌-虎尾,2023-07-19,9377
2323,中環,76,35,41,華南永昌-虎尾,2023-07-19,9377
3607,谷崧,37,0,37,華南永昌-虎尾,2023-07-19,9377
1467,南緯,35,0,35,華南永昌-虎尾,2023-07-19,9377
1101,台泥,34,2,32,華南永昌-虎尾,2023-07-19,9377
2399,映泰,31,1,30,華南永昌-虎尾,2023-07-19,9377
00753L,中信中國50正2,28,0,28,華南永昌-虎尾,2023-07-19,9377
1905,華紙,46,18,28,華南永昌-虎尾,2023-07-19,9377
2201,裕隆,30,4,26,華南永昌-虎尾,2023-07-19,9377
2867,三商壽,27,1,26,華南永昌-虎尾,2023-07-19,9377
2884,玉山金,22,0,22,華南永昌-虎尾,2023-07-19,9377
00673R,期元大S＆P原油反1,22,0,22,華南永昌-虎尾,2023-07-19,9377
00715L,期街口布蘭特正2,22,0,22,華南永昌-虎尾,2023-07-19,9377
1615,大山,22,0,22,華南永昌-虎尾,2023-07-19,9377
4532,瑞智,22,0,22,華南永昌-虎尾,2023-07-19,9377
00637L,元大滬深300正2,56,35,21,華南永昌-虎尾,2023-07-19,9377
2891,中信金,21,0,21,華南永昌-虎尾,2023-07-19,9377
1460,宏遠,20,0,20,華南永昌-虎尾,2023-07-19,9377
6592,和潤企業,20,0,20,華南永昌-虎尾,2023-07-19,9377
8150,南茂,20,0,20,華南永昌-虎尾,2023-07-19,9377
2431,聯昌,22,2,20,華南永昌-虎尾,2023-07-19,9377
3264,欣銓,30,11,19,華南永昌-虎尾,2023-07-19,9377
1731,美吾華,24,5,19,華南永昌-虎尾,2023-07-19,9377
3481,群創,20,2,18,華南永昌-虎尾,2023-07-19,9377
3044,健鼎,20,2,18,華南永昌-虎尾,2023-07-19,9377
4746,台耀,25,8,17,華南永昌-虎尾,2023-07-19,9377
6104,創惟,26,9,17,華南永昌-虎尾,2023-07-19,9377
3189,景碩,20,4,16,華南永昌-虎尾,2023-07-19,9377
4121,優盛,16,0,16,華南永昌-虎尾,2023-07-19,9377
00926,凱基全球菁英55,15,0,15,華南永昌-虎尾,2023-07-19,9377
2002,中鋼,15,0,15,華南永昌-虎尾,2023-07-19,9377
3338,泰碩,20,5,15,華南永昌-虎尾,2023-07-19,9377
2382,廣達,347,214,133,華南永昌-虎尾,2023-07-20,9377
1609,大亞,133,52,81,華南永昌-虎尾,2023-07-20,9377
3265,台星科,84,14,70,華南永昌-虎尾,2023-07-20,9377
2303,聯電,70,1,69,華南永昌-虎尾,2023-07-20,9377
2419,仲琦,71,4,67,華南永昌-虎尾,2023-07-20,9377
3481,群創,66,2,64,華南永昌-虎尾,2023-07-20,9377
6120,達運,63,0,63,華南永昌-虎尾,2023-07-20,9377
2329,華泰,77,25,52,華南永昌-虎尾,2023-07-20,9377
6188,廣明,82,31,51,華南永昌-虎尾,2023-07-20,9377
4960,誠美材,51,0,51,華南永昌-虎尾,2023-07-20,9377
3686,達能,50,0,50,華南永昌-虎尾,2023-07-20,9377
3037,欣興,58,9,49,華南永昌-虎尾,2023-07-20,9377
00715L,期街口布蘭特正2,64,20,44,華南永昌-虎尾,2023-07-20,9377
2520,冠德,41,0,41,華南永昌-虎尾,2023-07-20,9377
2349,錸德,40,0,40,華南永昌-虎尾,2023-07-20,9377
3050,鈺德,36,0,36,華南永昌-虎尾,2023-07-20,9377
1529,樂事綠能,37,7,30,華南永昌-虎尾,2023-07-20,9377
6122,擎邦,26,0,26,華南永昌-虎尾,2023-07-20,9377
4123,晟德,40,16,24,華南永昌-虎尾,2023-07-20,9377
4726,永昕,23,0,23,華南永昌-虎尾,2023-07-20,9377
4953,緯軟,30,8,22,華南永昌-虎尾,2023-07-20,9377
8933,愛地雅,22,0,22,華南永昌-虎尾,2023-07-20,9377
1102,亞泥,20,0,20,華南永昌-虎尾,2023-07-20,9377
00688L,國泰20年美債正2,20,0,20,華南永昌-虎尾,2023-07-20,9377
00673R,期元大S＆P原油反1,20,0,20,華南永昌-虎尾,2023-07-20,9377
2885,元大金,20,0,20,華南永昌-虎尾,2023-07-20,9377
6142,友勁,20,0,20,華南永昌-虎尾,2023-07-20,9377
1584,精剛,20,2,18,華南永昌-虎尾,2023-07-20,9377
00929,復華台灣科技優息,17,0,17,華南永昌-虎尾,2023-07-20,9377
4938,和碩,17,1,16,華南永昌-虎尾,2023-07-20,9377
6282,康舒,42,26,16,華南永昌-虎尾,2023-07-20,9377
0056,元大高股息,42,26,16,華南永昌-虎尾,2023-07-20,9377
2881,富邦金,18,2,16,華南永昌-虎尾,2023-07-20,9377
4106,雃博,15,0,15,華南永昌-虎尾,2023-07-20,9377
4503,金雨,30,15,15,華南永昌-虎尾,2023-07-20,9377
5439,高技,15,0,15,華南永昌-虎尾,2023-07-20,9377
00669R,國泰美國道瓊反1,14,0,14,華南永昌-虎尾,2023-07-20,9377
3289,宜特,25,11,14,華南永昌-虎尾,2023-07-20,9377
2312,金寶,15,2,13,華南永昌-虎尾,2023-07-20,9377
8076,伍豐,13,0,13,華南永昌-虎尾,2023-07-20,9377
6443,元晶,14,1,13,華南永昌-虎尾,2023-07-20,9377
2330,台積電,12,0,12,華南永昌-虎尾,2023-07-20,9377
00679B,元大美債20年,17,5,12,華南永昌-虎尾,2023-07-20,9377
3325,旭品,12,0,12,華南永昌-虎尾,2023-07-20,9377
2363,矽統,12,0,12,華南永昌-虎尾,2023-07-20,9377
2461,光群雷,13,2,11,華南永昌-虎尾,2023-07-20,9377
2359,所羅門,10,0,10,華南永昌-虎尾,2023-07-20,9377
2615,萬海,11,1,10,華南永昌-虎尾,2023-07-20,9377
1434,福懋,10,0,10,華南永昌-虎尾,2023-07-20,9377
2883,凱基金,10,0,10,華南永昌-虎尾,2023-07-20,9377
3231,緯創,326,27,299,華南永昌-虎尾,2023-07-21,9377
00679B,元大美債20年,177,2,175,華南永昌-虎尾,2023-07-21,9377
2371,大同,174,15,159,華南永昌-虎尾,2023-07-21,9377
2327,國巨,102,0,102,華南永昌-虎尾,2023-07-21,9377
2425,承啟,87,7,80,華南永昌-虎尾,2023-07-21,9377
00665L,富邦�琤肭磪囓�2,58,0,58,華南永昌-虎尾,2023-07-21,9377
00688L,國泰20年美債正2,55,0,55,華南永昌-虎尾,2023-07-21,9377
2634,漢翔,63,9,54,華南永昌-虎尾,2023-07-21,9377
00696B,富邦美債20年,50,0,50,華南永昌-虎尾,2023-07-21,9377
00715L,期街口布蘭特正2,75,26,49,華南永昌-虎尾,2023-07-21,9377
2419,仲琦,58,10,48,華南永昌-虎尾,2023-07-21,9377
1905,華紙,51,10,41,華南永昌-虎尾,2023-07-21,9377
1101,台泥,44,4,40,華南永昌-虎尾,2023-07-21,9377
3689,湧德,50,10,40,華南永昌-虎尾,2023-07-21,9377
6188,廣明,86,47,39,華南永昌-虎尾,2023-07-21,9377
2609,陽明,60,24,36,華南永昌-虎尾,2023-07-21,9377
3050,鈺德,33,0,33,華南永昌-虎尾,2023-07-21,9377
3051,力特,34,1,33,華南永昌-虎尾,2023-07-21,9377
2485,兆赫,31,0,31,華南永昌-虎尾,2023-07-21,9377
3037,欣興,36,6,30,華南永昌-虎尾,2023-07-21,9377
2324,仁寶,53,25,28,華南永昌-虎尾,2023-07-21,9377
2002,中鋼,27,0,27,華南永昌-虎尾,2023-07-21,9377
4123,晟德,48,23,25,華南永昌-虎尾,2023-07-21,9377
2405,輔信,26,1,25,華南永昌-虎尾,2023-07-21,9377
2303,聯電,65,42,23,華南永昌-虎尾,2023-07-21,9377
00673R,期元大S＆P原油反1,22,0,22,華南永昌-虎尾,2023-07-21,9377
5203,訊連,22,0,22,華南永昌-虎尾,2023-07-21,9377
2206,三陽工業,30,9,21,華南永昌-虎尾,2023-07-21,9377
00680L,元大美債20正2,21,0,21,華南永昌-虎尾,2023-07-21,9377
2633,台灣高鐵,20,0,20,華南永昌-虎尾,2023-07-21,9377
6443,元晶,30,10,20,華南永昌-虎尾,2023-07-21,9377
2369,菱生,20,2,18,華南永昌-虎尾,2023-07-21,9377
6122,擎邦,26,8,18,華南永昌-虎尾,2023-07-21,9377
2618,長榮航,37,20,17,華南永昌-虎尾,2023-07-21,9377
4908,前鼎,18,1,17,華南永昌-虎尾,2023-07-21,9377
5443,均豪,22,6,16,華南永昌-虎尾,2023-07-21,9377
5706,鳳凰,20,4,16,華南永昌-虎尾,2023-07-21,9377
2885,元大金,15,0,15,華南永昌-虎尾,2023-07-21,9377
6282,康舒,28,14,14,華南永昌-虎尾,2023-07-21,9377
2014,中鴻,18,5,13,華南永昌-虎尾,2023-07-21,9377
2352,佳世達,28,15,13,華南永昌-虎尾,2023-07-21,9377
4532,瑞智,35,22,13,華南永昌-虎尾,2023-07-21,9377
1301,台塑,12,0,12,華南永昌-虎尾,2023-07-21,9377
2353,宏��,25,13,12,華南永昌-虎尾,2023-07-21,9377
2524,京城,12,0,12,華南永昌-虎尾,2023-07-21,9377
6274,台燿,14,2,12,華南永昌-虎尾,2023-07-21,9377
2301,光寶科,24,12,12,華南永昌-虎尾,2023-07-21,9377
1319,東陽,11,0,11,華南永昌-虎尾,2023-07-21,9377
2344,華邦電,26,15,11,華南永昌-虎尾,2023-07-21,9377
2409,友達,11,0,11,華南永昌-虎尾,2023-07-21,9377
2241,艾姆勒,178,0,178,華南永昌-虎尾,2023-07-24,9377
2323,中環,206,97,109,華南永昌-虎尾,2023-07-24,9377
1609,大亞,165,64,101,華南永昌-虎尾,2023-07-24,9377
6443,元晶,101,1,100,華南永昌-虎尾,2023-07-24,9377
00712,復華富時不動產,78,0,78,華南永昌-虎尾,2023-07-24,9377
2353,宏��,139,62,77,華南永昌-虎尾,2023-07-24,9377
6125,廣運,78,10,68,華南永昌-虎尾,2023-07-24,9377
1218,泰山,72,15,57,華南永昌-虎尾,2023-07-24,9377
3050,鈺德,57,0,57,華南永昌-虎尾,2023-07-24,9377
8183,精星,55,0,55,華南永昌-虎尾,2023-07-24,9377
2610,華航,75,24,51,華南永昌-虎尾,2023-07-24,9377
00795B,中信美國公債20年,50,0,50,華南永昌-虎尾,2023-07-24,9377
00687B,國泰20年美債,50,0,50,華南永昌-虎尾,2023-07-24,9377
5353,台林,50,0,50,華南永昌-虎尾,2023-07-24,9377
2883,凱基金,46,4,42,華南永昌-虎尾,2023-07-24,9377
4157,太景*-KY,72,30,42,華南永昌-虎尾,2023-07-24,9377
3013,晟銘電,62,21,41,華南永昌-虎尾,2023-07-24,9377
6282,康舒,71,36,35,華南永昌-虎尾,2023-07-24,9377
2356,英業達,56,22,34,華南永昌-虎尾,2023-07-24,9377
3014,聯陽,34,1,33,華南永昌-虎尾,2023-07-24,9377
1615,大山,33,0,33,華南永昌-虎尾,2023-07-24,9377
00673R,期元大S＆P原油反1,27,0,27,華南永昌-虎尾,2023-07-24,9377
2489,瑞軒,30,3,27,華南永昌-虎尾,2023-07-24,9377
1101,台泥,36,9,27,華南永昌-虎尾,2023-07-24,9377
1785,光洋科,25,0,25,華南永昌-虎尾,2023-07-24,9377
9105,泰金寶-DR,24,0,24,華南永昌-虎尾,2023-07-24,9377
3037,欣興,51,28,23,華南永昌-虎尾,2023-07-24,9377
2891,中信金,23,0,23,華南永昌-虎尾,2023-07-24,9377
3481,群創,22,0,22,華南永昌-虎尾,2023-07-24,9377
00637L,元大滬深300正2,102,80,22,華南永昌-虎尾,2023-07-24,9377
2801,彰銀,22,1,21,華南永昌-虎尾,2023-07-24,9377
1503,士電,23,2,21,華南永昌-虎尾,2023-07-24,9377
1618,合機,40,19,21,華南永昌-虎尾,2023-07-24,9377
2316,楠梓電,27,6,21,華南永昌-虎尾,2023-07-24,9377
1305,華夏,20,0,20,華南永昌-虎尾,2023-07-24,9377
1721,三晃,20,0,20,華南永昌-虎尾,2023-07-24,9377
4532,瑞智,20,0,20,華南永昌-虎尾,2023-07-24,9377
9962,有益,20,0,20,華南永昌-虎尾,2023-07-24,9377
00929,復華台灣科技優息,19,1,18,華南永昌-虎尾,2023-07-24,9377
1217,愛之味,25,7,18,華南永昌-虎尾,2023-07-24,9377
3338,泰碩,33,16,17,華南永昌-虎尾,2023-07-24,9377
6285,啟��,18,1,17,華南永昌-虎尾,2023-07-24,9377
8358,金居,17,0,17,華南永昌-虎尾,2023-07-24,9377
2312,金寶,19,2,17,華南永昌-虎尾,2023-07-24,9377
2887,台新金,16,0,16,華南永昌-虎尾,2023-07-24,9377
6546,正基,16,0,16,華南永昌-虎尾,2023-07-24,9377
6139,亞翔,18,2,16,華南永昌-虎尾,2023-07-24,9377
1909,榮成,15,0,15,華南永昌-虎尾,2023-07-24,9377
2344,華邦電,15,0,15,華南永昌-虎尾,2023-07-24,9377
2363,矽統,25,10,15,華南永昌-虎尾,2023-07-24,9377
00632R,元大台灣50反1,250,0,250,華南永昌-虎尾,2023-07-25,9377
00673R,期元大S＆P原油反1,170,2,168,華南永昌-虎尾,2023-07-25,9377
00929,復華台灣科技優息,115,1,114,華南永昌-虎尾,2023-07-25,9377
6116,彩晶,106,0,106,華南永昌-虎尾,2023-07-25,9377
2014,中鴻,103,2,101,華南永昌-虎尾,2023-07-25,9377
3037,欣興,94,34,60,華南永昌-虎尾,2023-07-25,9377
00679B,元大美債20年,57,0,57,華南永昌-虎尾,2023-07-25,9377
1201,味全,52,0,52,華南永昌-虎尾,2023-07-25,9377
2520,冠德,51,0,51,華南永昌-虎尾,2023-07-25,9377
6147,頎邦,45,0,45,華南永昌-虎尾,2023-07-25,9377
3707,漢磊,44,1,43,華南永昌-虎尾,2023-07-25,9377
3050,鈺德,30,0,30,華南永昌-虎尾,2023-07-25,9377
4188,安克,30,0,30,華南永昌-虎尾,2023-07-25,9377
3706,神達,35,7,28,華南永昌-虎尾,2023-07-25,9377
2356,英業達,45,17,28,華南永昌-虎尾,2023-07-25,9377
8926,台汽電,28,3,25,華南永昌-虎尾,2023-07-25,9377
2030,彰源,21,0,21,華南永昌-虎尾,2023-07-25,9377
2312,金寶,21,0,21,華南永昌-虎尾,2023-07-25,9377
3481,群創,26,5,21,華南永昌-虎尾,2023-07-25,9377
1609,大亞,42,25,17,華南永昌-虎尾,2023-07-25,9377
6196,帆宣,17,1,16,華南永昌-虎尾,2023-07-25,9377
3227,原相,19,4,15,華南永昌-虎尾,2023-07-25,9377
2486,一詮,15,0,15,華南永昌-虎尾,2023-07-25,9377
3105,穩懋,17,2,15,華南永昌-虎尾,2023-07-25,9377
3338,泰碩,17,2,15,華南永昌-虎尾,2023-07-25,9377
2377,微星,23,8,15,華南永昌-虎尾,2023-07-25,9377
2382,廣達,177,162,15,華南永昌-虎尾,2023-07-25,9377
4106,雃博,14,0,14,華南永昌-虎尾,2023-07-25,9377
1314,中石化,13,0,13,華南永昌-虎尾,2023-07-25,9377
2388,威盛,13,0,13,華南永昌-虎尾,2023-07-25,9377
2324,仁寶,21,9,12,華南永昌-虎尾,2023-07-25,9377
3324,雙鴻,31,19,12,華南永昌-虎尾,2023-07-25,9377
6139,亞翔,14,2,12,華南永昌-虎尾,2023-07-25,9377
1409,新纖,11,0,11,華南永昌-虎尾,2023-07-25,9377
6015,宏遠證,11,0,11,華南永昌-虎尾,2023-07-25,9377
00688L,國泰20年美債正2,10,0,10,華南永昌-虎尾,2023-07-25,9377
1584,精剛,10,0,10,華南永昌-虎尾,2023-07-25,9377
1904,正隆,10,0,10,華南永昌-虎尾,2023-07-25,9377
2349,錸德,10,0,10,華南永昌-虎尾,2023-07-25,9377
2603,長榮,23,13,10,華南永昌-虎尾,2023-07-25,9377
3057,喬鼎,10,0,10,華南永昌-虎尾,2023-07-25,9377
2401,凌陽,15,5,10,華南永昌-虎尾,2023-07-25,9377
6125,廣運,32,22,10,華南永昌-虎尾,2023-07-25,9377
2208,台船,9,0,9,華南永昌-虎尾,2023-07-25,9377
2230,泰茂,10,1,9,華南永昌-虎尾,2023-07-25,9377
5425,台半,17,8,9,華南永昌-虎尾,2023-07-25,9377
3588,通嘉,13,4,9,華南永昌-虎尾,2023-07-25,9377
2357,華碩,27,19,8,華南永昌-虎尾,2023-07-25,9377
2915,潤泰全,8,0,8,華南永昌-虎尾,2023-07-25,9377
3056,富華新,12,4,8,華南永昌-虎尾,2023-07-25,9377
2329,華泰,260,79,181,華南永昌-虎尾,2023-07-26,9377
2618,長榮航,88,7,81,華南永昌-虎尾,2023-07-26,9377
2354,鴻準,60,4,56,華南永昌-虎尾,2023-07-26,9377
2303,聯電,55,5,50,華南永昌-虎尾,2023-07-26,9377
2888,新光金,175,125,50,華南永昌-虎尾,2023-07-26,9377
00687B,國泰20年美債,45,0,45,華南永昌-虎尾,2023-07-26,9377
3050,鈺德,40,0,40,華南永昌-虎尾,2023-07-26,9377
00673R,期元大S＆P原油反1,39,0,39,華南永昌-虎尾,2023-07-26,9377
4938,和碩,43,6,37,華南永昌-虎尾,2023-07-26,9377
6116,彩晶,51,15,36,華南永昌-虎尾,2023-07-26,9377
6190,萬泰科,33,0,33,華南永昌-虎尾,2023-07-26,9377
2344,華邦電,33,3,30,華南永昌-虎尾,2023-07-26,9377
1313,聯成,30,1,29,華南永昌-虎尾,2023-07-26,9377
2614,東森,25,0,25,華南永昌-虎尾,2023-07-26,9377
1218,泰山,26,1,25,華南永昌-虎尾,2023-07-26,9377
4967,十銓,25,0,25,華南永昌-虎尾,2023-07-26,9377
00926,凱基全球菁英55,24,0,24,華南永昌-虎尾,2023-07-26,9377
00929,復華台灣科技優息,28,4,24,華南永昌-虎尾,2023-07-26,9377
8926,台汽電,28,5,23,華南永昌-虎尾,2023-07-26,9377
2027,大成鋼,33,10,23,華南永昌-虎尾,2023-07-26,9377
2425,承啟,27,4,23,華南永昌-虎尾,2023-07-26,9377
2402,毅嘉,22,0,22,華南永昌-虎尾,2023-07-26,9377
3029,零壹,39,18,21,華南永昌-虎尾,2023-07-26,9377
6547,高端疫苗,21,0,21,華南永昌-虎尾,2023-07-26,9377
8358,金居,89,69,20,華南永昌-虎尾,2023-07-26,9377
2801,彰銀,20,2,18,華南永昌-虎尾,2023-07-26,9377
5864,致和證,17,1,16,華南永昌-虎尾,2023-07-26,9377
3545,敦泰,16,0,16,華南永昌-虎尾,2023-07-26,9377
4106,雃博,16,0,16,華南永昌-虎尾,2023-07-26,9377
1217,愛之味,27,11,16,華南永昌-虎尾,2023-07-26,9377
3032,偉訓,19,5,14,華南永昌-虎尾,2023-07-26,9377
1609,大亞,40,26,14,華南永昌-虎尾,2023-07-26,9377
1513,中興電,21,8,13,華南永昌-虎尾,2023-07-26,9377
3232,昱捷,13,0,13,華南永昌-虎尾,2023-07-26,9377
1104,環泥,12,0,12,華南永昌-虎尾,2023-07-26,9377
1618,合機,29,17,12,華南永昌-虎尾,2023-07-26,9377
3013,晟銘電,16,4,12,華南永昌-虎尾,2023-07-26,9377
6235,華孚,29,17,12,華南永昌-虎尾,2023-07-26,9377
6657,華安,14,2,12,華南永昌-虎尾,2023-07-26,9377
2390,云辰,11,0,11,華南永昌-虎尾,2023-07-26,9377
5483,中美晶,17,6,11,華南永昌-虎尾,2023-07-26,9377
6182,合晶,11,0,11,華南永昌-虎尾,2023-07-26,9377
1603,華電,25,15,10,華南永昌-虎尾,2023-07-26,9377
1905,華紙,18,8,10,華南永昌-虎尾,2023-07-26,9377
3049,精金,10,0,10,華南永昌-虎尾,2023-07-26,9377
6165,浪凡,10,0,10,華南永昌-虎尾,2023-07-26,9377
6227,茂綸,10,0,10,華南永昌-虎尾,2023-07-26,9377
6285,啟��,15,5,10,華南永昌-虎尾,2023-07-26,9377
8086,宏捷科,9,0,9,華南永昌-虎尾,2023-07-26,9377
2049,上銀,9,0,9,華南永昌-虎尾,2023-07-26,9377
00632R,元大台灣50反1,392,0,392,華南永昌-虎尾,2023-07-27,9377
2609,陽明,112,16,96,華南永昌-虎尾,2023-07-27,9377
5607,遠雄港,66,0,66,華南永昌-虎尾,2023-07-27,9377
5386,青雲,65,0,65,華南永昌-虎尾,2023-07-27,9377
2888,新光金,213,154,59,華南永昌-虎尾,2023-07-27,9377
00902,中信電池及儲能,58,0,58,華南永昌-虎尾,2023-07-27,9377
00900,富邦特選高股息30,60,3,57,華南永昌-虎尾,2023-07-27,9377
00665L,富邦�琤肭磪囓�2,55,0,55,華南永昌-虎尾,2023-07-27,9377
00907,永豐優息存股,50,0,50,華南永昌-虎尾,2023-07-27,9377
2030,彰源,50,0,50,華南永昌-虎尾,2023-07-27,9377
2002,中鋼,48,0,48,華南永昌-虎尾,2023-07-27,9377
00929,復華台灣科技優息,50,2,48,華南永昌-虎尾,2023-07-27,9377
3037,欣興,64,20,44,華南永昌-虎尾,2023-07-27,9377
2371,大同,74,30,44,華南永昌-虎尾,2023-07-27,9377
2471,資通,42,3,39,華南永昌-虎尾,2023-07-27,9377
00673R,期元大S＆P原油反1,37,2,35,華南永昌-虎尾,2023-07-27,9377
2883,凱基金,48,14,34,華南永昌-虎尾,2023-07-27,9377
1907,永豐餘,43,10,33,華南永昌-虎尾,2023-07-27,9377
2401,凌陽,36,3,33,華南永昌-虎尾,2023-07-27,9377
6015,宏遠證,36,3,33,華南永昌-虎尾,2023-07-27,9377
6213,聯茂,39,11,28,華南永昌-虎尾,2023-07-27,9377
4726,永昕,26,0,26,華南永昌-虎尾,2023-07-27,9377
00679B,元大美債20年,24,0,24,華南永昌-虎尾,2023-07-27,9377
2312,金寶,25,2,23,華南永昌-虎尾,2023-07-27,9377
6125,廣運,38,16,22,華南永昌-虎尾,2023-07-27,9377
2329,華泰,87,66,21,華南永昌-虎尾,2023-07-27,9377
8926,台汽電,21,0,21,華南永昌-虎尾,2023-07-27,9377
2359,所羅門,33,13,20,華南永昌-虎尾,2023-07-27,9377
2427,三商電,25,6,19,華南永昌-虎尾,2023-07-27,9377
6016,康和證,35,16,19,華南永昌-虎尾,2023-07-27,9377
3013,晟銘電,39,22,17,華南永昌-虎尾,2023-07-27,9377
8028,昇陽半導體,22,5,17,華南永昌-虎尾,2023-07-27,9377
1313,聯成,17,1,16,華南永昌-虎尾,2023-07-27,9377
2340,台亞,17,1,16,華南永昌-虎尾,2023-07-27,9377
00926,凱基全球菁英55,16,0,16,華南永昌-虎尾,2023-07-27,9377
2885,元大金,17,1,16,華南永昌-虎尾,2023-07-27,9377
2349,錸德,25,10,15,華南永昌-虎尾,2023-07-27,9377
2354,鴻準,20,5,15,華南永昌-虎尾,2023-07-27,9377
4909,新復興,15,0,15,華南永昌-虎尾,2023-07-27,9377
5452,佶優,30,15,15,華南永昌-虎尾,2023-07-27,9377
2331,精英,15,1,14,華南永昌-虎尾,2023-07-27,9377
4532,瑞智,20,6,14,華南永昌-虎尾,2023-07-27,9377
2356,英業達,29,15,14,華南永昌-虎尾,2023-07-27,9377
3049,精金,25,12,13,華南永昌-虎尾,2023-07-27,9377
6235,華孚,29,16,13,華南永昌-虎尾,2023-07-27,9377
1504,東元,16,4,12,華南永昌-虎尾,2023-07-27,9377
6285,啟��,11,0,11,華南永昌-虎尾,2023-07-27,9377
1218,泰山,11,0,11,華南永昌-虎尾,2023-07-27,9377
2353,宏��,22,11,11,華南永昌-虎尾,2023-07-27,9377
4915,致伸,11,0,11,華南永昌-虎尾,2023-07-27,9377
2610,華航,2040,61,1979,華南永昌-虎尾,2023-07-28,9377
00632R,元大台灣50反1,448,0,448,華南永昌-虎尾,2023-07-28,9377
2323,中環,171,60,111,華南永昌-虎尾,2023-07-28,9377
2014,中鴻,106,3,103,華南永昌-虎尾,2023-07-28,9377
00919,群益台灣精選高息,103,1,102,華南永昌-虎尾,2023-07-28,9377
00688L,國泰20年美債正2,91,0,91,華南永昌-虎尾,2023-07-28,9377
2888,新光金,76,1,75,華南永昌-虎尾,2023-07-28,9377
2371,大同,74,10,64,華南永昌-虎尾,2023-07-28,9377
2201,裕隆,61,5,56,華南永昌-虎尾,2023-07-28,9377
1907,永豐餘,56,5,51,華南永昌-虎尾,2023-07-28,9377
3052,夆典,50,0,50,華南永昌-虎尾,2023-07-28,9377
2634,漢翔,59,12,47,華南永昌-虎尾,2023-07-28,9377
6188,廣明,49,6,43,華南永昌-虎尾,2023-07-28,9377
2303,聯電,76,33,43,華南永昌-虎尾,2023-07-28,9377
1609,大亞,34,0,34,華南永昌-虎尾,2023-07-28,9377
2881,富邦金,30,0,30,華南永昌-虎尾,2023-07-28,9377
2885,元大金,30,0,30,華南永昌-虎尾,2023-07-28,9377
6141,柏承,29,0,29,華南永昌-虎尾,2023-07-28,9377
1905,華紙,161,134,27,華南永昌-虎尾,2023-07-28,9377
1815,富喬,64,38,26,華南永昌-虎尾,2023-07-28,9377
2489,瑞軒,50,25,25,華南永昌-虎尾,2023-07-28,9377
5009,榮剛,26,1,25,華南永昌-虎尾,2023-07-28,9377
3265,台星科,25,2,23,華南永昌-虎尾,2023-07-28,9377
0056,元大高股息,42,20,22,華南永昌-虎尾,2023-07-28,9377
00680L,元大美債20正2,22,0,22,華南永昌-虎尾,2023-07-28,9377
00712,復華富時不動產,20,0,20,華南永昌-虎尾,2023-07-28,9377
00706L,期元大S＆P日圓正2,20,0,20,華南永昌-虎尾,2023-07-28,9377
1312,國喬,20,0,20,華南永昌-虎尾,2023-07-28,9377
1504,東元,28,8,20,華南永昌-虎尾,2023-07-28,9377
2349,錸德,20,0,20,華南永昌-虎尾,2023-07-28,9377
4532,瑞智,24,4,20,華南永昌-虎尾,2023-07-28,9377
5203,訊連,20,0,20,華南永昌-虎尾,2023-07-28,9377
00885,富邦越南,25,6,19,華南永昌-虎尾,2023-07-28,9377
5426,振發,19,0,19,華南永昌-虎尾,2023-07-28,9377
2376,技嘉,29,10,19,華南永昌-虎尾,2023-07-28,9377
2913,農林,59,41,18,華南永昌-虎尾,2023-07-28,9377
8050,廣積,38,20,18,華南永昌-虎尾,2023-07-28,9377
2609,陽明,48,31,17,華南永昌-虎尾,2023-07-28,9377
4755,三福化,24,7,17,華南永昌-虎尾,2023-07-28,9377
3481,群創,127,113,14,華南永昌-虎尾,2023-07-28,9377
00929,復華台灣科技優息,14,0,14,華南永昌-虎尾,2023-07-28,9377
8064,東捷,14,0,14,華南永昌-虎尾,2023-07-28,9377
3037,欣興,26,13,13,華南永昌-虎尾,2023-07-28,9377
3231,緯創,69,55,14,華南永昌-虎尾,2023-07-28,9377
8210,勤誠,13,0,13,華南永昌-虎尾,2023-07-28,9377
2029,盛餘,13,0,13,華南永昌-虎尾,2023-07-28,9377
2401,凌陽,23,10,13,華南永昌-虎尾,2023-07-28,9377
2427,三商電,13,0,13,華南永昌-虎尾,2023-07-28,9377
5347,世界,13,0,13,華南永昌-虎尾,2023-07-28,9377
5880,合庫金,13,0,13,華南永昌-虎尾,2023-07-28,9377
2610,華航,267,8,259,華南永昌-虎尾,2023-07-31,9377
2897,王道銀行,205,0,205,華南永昌-虎尾,2023-07-31,9377
2323,中環,234,83,151,華南永昌-虎尾,2023-07-31,9377
2888,新光金,163,41,122,華南永昌-虎尾,2023-07-31,9377
2405,輔信,101,1,100,華南永昌-虎尾,2023-07-31,9377
2530,華建,100,0,100,華南永昌-虎尾,2023-07-31,9377
2329,華泰,230,140,90,華南永昌-虎尾,2023-07-31,9377
00878,國泰永續高股息,114,34,80,華南永昌-虎尾,2023-07-31,9377
5607,遠雄港,68,0,68,華南永昌-虎尾,2023-07-31,9377
6116,彩晶,79,11,68,華南永昌-虎尾,2023-07-31,9377
2312,金寶,85,19,66,華南永昌-虎尾,2023-07-31,9377
2356,英業達,66,2,64,華南永昌-虎尾,2023-07-31,9377
3231,緯創,65,8,57,華南永昌-虎尾,2023-07-31,9377
00665L,富邦�琤肭磪囓�2,52,0,52,華南永昌-虎尾,2023-07-31,9377
00929,復華台灣科技優息,52,2,50,華南永昌-虎尾,2023-07-31,9377
4909,新復興,50,0,50,華南永昌-虎尾,2023-07-31,9377
00650L,復華香港正2,50,1,49,華南永昌-虎尾,2023-07-31,9377
2340,台亞,75,27,48,華南永昌-虎尾,2023-07-31,9377
3715,定穎投控,50,9,41,華南永昌-虎尾,2023-07-31,9377
3033,威健,40,1,39,華南永昌-虎尾,2023-07-31,9377
2023,燁輝,39,1,38,華南永昌-虎尾,2023-07-31,9377
2409,友達,61,25,36,華南永昌-虎尾,2023-07-31,9377
2603,長榮,38,2,36,華南永昌-虎尾,2023-07-31,9377
1513,中興電,58,22,36,華南永昌-虎尾,2023-07-31,9377
1342,八貫,36,1,35,華南永昌-虎尾,2023-07-31,9377
2014,中鴻,40,6,34,華南永昌-虎尾,2023-07-31,9377
2425,承啟,100,66,34,華南永昌-虎尾,2023-07-31,9377
5439,高技,36,4,32,華南永昌-虎尾,2023-07-31,9377
3481,群創,41,11,30,華南永昌-虎尾,2023-07-31,9377
00688L,國泰20年美債正2,30,0,30,華南永昌-虎尾,2023-07-31,9377
2002,中鋼,27,1,26,華南永昌-虎尾,2023-07-31,9377
1314,中石化,27,1,26,華南永昌-虎尾,2023-07-31,9377
6217,中探針,26,0,26,華南永昌-虎尾,2023-07-31,9377
00673R,期元大S＆P原油反1,26,2,24,華南永昌-虎尾,2023-07-31,9377
00679B,元大美債20年,19,0,19,華南永昌-虎尾,2023-07-31,9377
1217,愛之味,18,0,18,華南永昌-虎尾,2023-07-31,9377
2426,鼎元,27,9,18,華南永昌-虎尾,2023-07-31,9377
3037,欣興,39,21,18,華南永昌-虎尾,2023-07-31,9377
2301,光寶科,46,29,17,華南永昌-虎尾,2023-07-31,9377
8210,勤誠,17,0,17,華南永昌-虎尾,2023-07-31,9377
2881,富邦金,17,0,17,華南永昌-虎尾,2023-07-31,9377
3706,神達,30,14,16,華南永昌-虎尾,2023-07-31,9377
2369,菱生,21,5,16,華南永昌-虎尾,2023-07-31,9377
6531,愛普*,20,4,16,華南永昌-虎尾,2023-07-31,9377
6657,華安,16,0,16,華南永昌-虎尾,2023-07-31,9377
4938,和碩,18,3,15,華南永昌-虎尾,2023-07-31,9377
2885,元大金,15,0,15,華南永昌-虎尾,2023-07-31,9377
2357,華碩,18,4,14,華南永昌-虎尾,2023-07-31,9377
00891,中信關鍵半導體,20,7,13,華南永昌-虎尾,2023-07-31,9377
3038,全台,14,1,13,華南永昌-虎尾,2023-07-31,9377
2887,台新金,294,4,290,華南永昌-虎尾,2023-08-01,9377
2312,金寶,180,11,169,華南永昌-虎尾,2023-08-01,9377
00929,復華台灣科技優息,145,4,141,華南永昌-虎尾,2023-08-01,9377
2371,大同,129,38,91,華南永昌-虎尾,2023-08-01,9377
00673R,期元大S＆P原油反1,74,16,58,華南永昌-虎尾,2023-08-01,9377
2344,華邦電,61,9,52,華南永昌-虎尾,2023-08-01,9377
00650L,復華香港正2,43,1,42,華南永昌-虎尾,2023-08-01,9377
2363,矽統,90,56,34,華南永昌-虎尾,2023-08-01,9377
2105,正新,32,0,32,華南永昌-虎尾,2023-08-01,9377
3062,建漢,31,0,31,華南永昌-虎尾,2023-08-01,9377
6443,元晶,31,0,31,華南永昌-虎尾,2023-08-01,9377
2382,廣達,94,63,31,華南永昌-虎尾,2023-08-01,9377
3050,鈺德,29,0,29,華南永昌-虎尾,2023-08-01,9377
5425,台半,29,3,26,華南永昌-虎尾,2023-08-01,9377
4909,新復興,21,0,21,華南永昌-虎尾,2023-08-01,9377
00902,中信電池及儲能,20,0,20,華南永昌-虎尾,2023-08-01,9377
6191,精成科,20,2,18,華南永昌-虎尾,2023-08-01,9377
6657,華安,18,0,18,華南永昌-虎尾,2023-08-01,9377
1504,東元,24,7,17,華南永昌-虎尾,2023-08-01,9377
2349,錸德,20,3,17,華南永昌-虎尾,2023-08-01,9377
2634,漢翔,22,5,17,華南永昌-虎尾,2023-08-01,9377
1314,中石化,15,0,15,華南永昌-虎尾,2023-08-01,9377
00687B,國泰20年美債,15,0,15,華南永昌-虎尾,2023-08-01,9377
2408,南亞科,15,0,15,華南永昌-虎尾,2023-08-01,9377
3711,日月光投控,18,3,15,華南永昌-虎尾,2023-08-01,9377
1513,中興電,23,8,15,華南永昌-虎尾,2023-08-01,9377
3056,富華新,19,5,14,華南永昌-虎尾,2023-08-01,9377
3264,欣銓,20,7,13,華南永昌-虎尾,2023-08-01,9377
1734,杏輝,12,0,12,華南永昌-虎尾,2023-08-01,9377
2538,基泰,12,0,12,華南永昌-虎尾,2023-08-01,9377
3714,富采,20,8,12,華南永昌-虎尾,2023-08-01,9377
2426,鼎元,11,0,11,華南永昌-虎尾,2023-08-01,9377
5388,中磊,19,8,11,華南永昌-虎尾,2023-08-01,9377
2913,農林,44,33,11,華南永昌-虎尾,2023-08-01,9377
00878,國泰永續高股息,79,69,10,華南永昌-虎尾,2023-08-01,9377
00680L,元大美債20正2,10,0,10,華南永昌-虎尾,2023-08-01,9377
00688L,國泰20年美債正2,10,0,10,華南永昌-虎尾,2023-08-01,9377
1514,亞力,10,0,10,華南永昌-虎尾,2023-08-01,9377
1711,永光,10,0,10,華南永昌-虎尾,2023-08-01,9377
2412,中華電,10,0,10,華南永昌-虎尾,2023-08-01,9377
2425,承啟,47,37,10,華南永昌-虎尾,2023-08-01,9377
3540,曜越,10,0,10,華南永昌-虎尾,2023-08-01,9377
4707,磐亞,10,0,10,華南永昌-虎尾,2023-08-01,9377
6234,高僑,15,5,10,華南永昌-虎尾,2023-08-01,9377
6664,群翊,10,0,10,華南永昌-虎尾,2023-08-01,9377
1802,台玻,14,5,9,華南永昌-虎尾,2023-08-01,9377
2485,兆赫,9,0,9,華南永昌-虎尾,2023-08-01,9377
6169,昱泉,9,0,9,華南永昌-虎尾,2023-08-01,9377
1905,華紙,11,3,8,華南永昌-虎尾,2023-08-01,9377
6207,雷科,15,7,8,華南永昌-虎尾,2023-08-01,9377
2402,毅嘉,218,44,174,華南永昌-虎尾,2023-08-02,9377
1314,中石化,134,20,114,華南永昌-虎尾,2023-08-02,9377
2618,長榮航,161,51,110,華南永昌-虎尾,2023-08-02,9377
00688L,國泰20年美債正2,100,0,100,華南永昌-虎尾,2023-08-02,9377
2530,華建,90,0,90,華南永昌-虎尾,2023-08-02,9377
00923,群益台ESG低碳50,78,0,78,華南永昌-虎尾,2023-08-02,9377
6282,康舒,103,25,78,華南永昌-虎尾,2023-08-02,9377
00637L,元大滬深300正2,77,0,77,華南永昌-虎尾,2023-08-02,9377
3050,鈺德,65,0,65,華南永昌-虎尾,2023-08-02,9377
9945,潤泰新,60,0,60,華南永昌-虎尾,2023-08-02,9377
1605,華新,110,50,60,華南永昌-虎尾,2023-08-02,9377
3049,精金,57,2,55,華南永昌-虎尾,2023-08-02,9377
3231,緯創,94,40,54,華南永昌-虎尾,2023-08-02,9377
2405,輔信,52,0,52,華南永昌-虎尾,2023-08-02,9377
2610,華航,55,4,51,華南永昌-虎尾,2023-08-02,9377
00706L,期元大S＆P日圓正2,50,0,50,華南永昌-虎尾,2023-08-02,9377
2425,承啟,50,1,49,華南永昌-虎尾,2023-08-02,9377
1313,聯成,52,6,46,華南永昌-虎尾,2023-08-02,9377
00900,富邦特選高股息30,41,0,41,華南永昌-虎尾,2023-08-02,9377
2323,中環,92,54,38,華南永昌-虎尾,2023-08-02,9377
1815,富喬,60,25,35,華南永昌-虎尾,2023-08-02,9377
00673R,期元大S＆P原油反1,32,0,32,華南永昌-虎尾,2023-08-02,9377
1905,華紙,140,109,31,華南永昌-虎尾,2023-08-02,9377
2489,瑞軒,40,10,30,華南永昌-虎尾,2023-08-02,9377
1319,東陽,51,22,29,華南永昌-虎尾,2023-08-02,9377
1210,大成,31,3,28,華南永昌-虎尾,2023-08-02,9377
2344,華邦電,39,12,27,華南永昌-虎尾,2023-08-02,9377
2885,元大金,27,0,27,華南永昌-虎尾,2023-08-02,9377
00753L,中信中國50正2,27,1,26,華南永昌-虎尾,2023-08-02,9377
00885,富邦越南,28,2,26,華南永昌-虎尾,2023-08-02,9377
00665L,富邦�琤肭磪囓�2,76,50,26,華南永昌-虎尾,2023-08-02,9377
6285,啟��,40,14,26,華南永昌-虎尾,2023-08-02,9377
00679B,元大美債20年,25,0,25,華南永昌-虎尾,2023-08-02,9377
3037,欣興,37,12,25,華南永昌-虎尾,2023-08-02,9377
6679,鈺太,28,4,24,華南永昌-虎尾,2023-08-02,9377
4543,萬在,31,8,23,華南永昌-虎尾,2023-08-02,9377
2409,友達,50,28,22,華南永昌-虎尾,2023-08-02,9377
2329,華泰,52,30,22,華南永昌-虎尾,2023-08-02,9377
00772B,中信高評級公司債,21,0,21,華南永昌-虎尾,2023-08-02,9377
2888,新光金,25,5,20,華南永昌-虎尾,2023-08-02,9377
3257,虹冠電,20,0,20,華南永昌-虎尾,2023-08-02,9377
6664,群翊,20,0,20,華南永昌-虎尾,2023-08-02,9377
1710,東聯,21,2,19,華南永昌-虎尾,2023-08-02,9377
6188,廣明,79,61,18,華南永昌-虎尾,2023-08-02,9377
2014,中鴻,38,20,18,華南永昌-虎尾,2023-08-02,9377
2801,彰銀,18,0,18,華南永昌-虎尾,2023-08-02,9377
00929,復華台灣科技優息,68,50,18,華南永昌-虎尾,2023-08-02,9377
2382,廣達,116,99,17,華南永昌-虎尾,2023-08-02,9377
5425,台半,22,5,17,華南永昌-虎尾,2023-08-02,9377
4532,瑞智,27,10,17,華南永昌-虎尾,2023-08-02,9377
00688L,國泰20年美債正2,172,0,172,華南永昌-虎尾,2023-08-04,9377
2610,華航,161,0,161,華南永昌-虎尾,2023-08-04,9377
2382,廣達,248,117,131,華南永昌-虎尾,2023-08-04,9377
2344,華邦電,136,6,130,華南永昌-虎尾,2023-08-04,9377
3231,緯創,499,410,89,華南永昌-虎尾,2023-08-04,9377
00680L,元大美債20正2,83,2,81,華南永昌-虎尾,2023-08-04,9377
1609,大亞,109,33,76,華南永昌-虎尾,2023-08-04,9377
5880,合庫金,62,0,62,華南永昌-虎尾,2023-08-04,9377
00679B,元大美債20年,58,10,48,華南永昌-虎尾,2023-08-04,9377
3050,鈺德,48,0,48,華南永昌-虎尾,2023-08-04,9377
2609,陽明,53,7,46,華南永昌-虎尾,2023-08-04,9377
2425,承啟,45,2,43,華南永昌-虎尾,2023-08-04,9377
00772B,中信高評級公司債,42,0,42,華南永昌-虎尾,2023-08-04,9377
4746,台耀,40,3,37,華南永昌-虎尾,2023-08-04,9377
3706,神達,63,28,35,華南永昌-虎尾,2023-08-04,9377
2206,三陽工業,36,5,31,華南永昌-虎尾,2023-08-04,9377
2888,新光金,30,0,30,華南永昌-虎尾,2023-08-04,9377
3037,欣興,43,17,26,華南永昌-虎尾,2023-08-04,9377
1216,統一,23,0,23,華南永昌-虎尾,2023-08-04,9377
2891,中信金,32,10,22,華南永昌-虎尾,2023-08-04,9377
1605,華新,21,0,21,華南永昌-虎尾,2023-08-04,9377
00712,復華富時不動產,20,0,20,華南永昌-虎尾,2023-08-04,9377
1785,光洋科,23,5,18,華南永昌-虎尾,2023-08-04,9377
00725B,國泰投資級公司債,18,0,18,華南永昌-虎尾,2023-08-04,9377
6282,康舒,29,12,17,華南永昌-虎尾,2023-08-04,9377
2498,宏達電,54,37,17,華南永昌-虎尾,2023-08-04,9377
00929,復華台灣科技優息,17,0,17,華南永昌-虎尾,2023-08-04,9377
3665,貿聯-KY,17,0,17,華南永昌-虎尾,2023-08-04,9377
00878,國泰永續高股息,40,23,17,華南永昌-虎尾,2023-08-04,9377
00665L,富邦�琤肭磪囓�2,20,5,15,華南永昌-虎尾,2023-08-04,9377
1519,華城,17,2,15,華南永昌-虎尾,2023-08-04,9377
3013,晟銘電,17,2,15,華南永昌-虎尾,2023-08-04,9377
4919,新唐,20,5,15,華南永昌-虎尾,2023-08-04,9377
6679,鈺太,19,4,15,華南永昌-虎尾,2023-08-04,9377
1210,大成,14,0,14,華南永昌-虎尾,2023-08-04,9377
6125,廣運,17,3,14,華南永昌-虎尾,2023-08-04,9377
00753L,中信中國50正2,20,7,13,華南永昌-虎尾,2023-08-04,9377
2313,華通,13,0,13,華南永昌-虎尾,2023-08-04,9377
3704,合勤控,13,0,13,華南永昌-虎尾,2023-08-04,9377
5425,台半,15,2,13,華南永昌-虎尾,2023-08-04,9377
1504,東元,12,0,12,華南永昌-虎尾,2023-08-04,9377
2845,遠東銀,12,0,12,華南永昌-虎尾,2023-08-04,9377
2884,玉山金,12,0,12,華南永昌-虎尾,2023-08-04,9377
3711,日月光投控,12,0,12,華南永昌-虎尾,2023-08-04,9377
8358,金居,12,0,12,華南永昌-虎尾,2023-08-04,9377
3576,聯合再生,12,0,12,華南永昌-虎尾,2023-08-04,9377
1319,東陽,21,10,11,華南永昌-虎尾,2023-08-04,9377
2449,京元電子,13,2,11,華南永昌-虎尾,2023-08-04,9377
2618,長榮航,14,3,11,華南永昌-虎尾,2023-08-04,9377
2913,農林,42,32,10,華南永昌-虎尾,2023-08-04,9377
00673R,期元大S＆P原油反1,129,0,129,華南永昌-虎尾,2023-08-07,9377
6125,廣運,128,35,93,華南永昌-虎尾,2023-08-07,9377
2610,華航,93,6,87,華南永昌-虎尾,2023-08-07,9377
00900,富邦特選高股息30,75,0,75,華南永昌-虎尾,2023-08-07,9377
6188,廣明,90,15,75,華南永昌-虎尾,2023-08-07,9377
00897,富邦基因免疫生技,60,0,60,華南永昌-虎尾,2023-08-07,9377
3042,晶技,61,7,54,華南永昌-虎尾,2023-08-07,9377
2458,義隆,46,3,43,華南永昌-虎尾,2023-08-07,9377
2401,凌陽,65,23,42,華南永昌-虎尾,2023-08-07,9377
2489,瑞軒,100,61,39,華南永昌-虎尾,2023-08-07,9377
2618,長榮航,75,37,38,華南永昌-虎尾,2023-08-07,9377
00878,國泰永續高股息,55,18,37,華南永昌-虎尾,2023-08-07,9377
1217,愛之味,43,10,33,華南永昌-虎尾,2023-08-07,9377
2312,金寶,32,0,32,華南永昌-虎尾,2023-08-07,9377
2402,毅嘉,36,6,30,華南永昌-虎尾,2023-08-07,9377
00637L,元大滬深300正2,68,39,29,華南永昌-虎尾,2023-08-07,9377
2891,中信金,33,5,28,華南永昌-虎尾,2023-08-07,9377
2301,光寶科,48,20,28,華南永昌-虎尾,2023-08-07,9377
4414,如興,26,0,26,華南永昌-虎尾,2023-08-07,9377
2241,艾姆勒,26,1,25,華南永昌-虎尾,2023-08-07,9377
5009,榮剛,54,30,24,華南永昌-虎尾,2023-08-07,9377
2409,友達,45,23,22,華南永昌-虎尾,2023-08-07,9377
3013,晟銘電,26,4,22,華南永昌-虎尾,2023-08-07,9377
00907,永豐優息存股,21,0,21,華南永昌-虎尾,2023-08-07,9377
00929,復華台灣科技優息,22,2,20,華南永昌-虎尾,2023-08-07,9377
2913,農林,22,2,20,華南永昌-虎尾,2023-08-07,9377
1709,和益,20,0,20,華南永昌-虎尾,2023-08-07,9377
5371,中光電,19,2,17,華南永昌-虎尾,2023-08-07,9377
00902,中信電池及儲能,16,0,16,華南永昌-虎尾,2023-08-07,9377
1308,亞聚,16,0,16,華南永昌-虎尾,2023-08-07,9377
8930,青鋼,16,0,16,華南永昌-虎尾,2023-08-07,9377
2369,菱生,16,0,16,華南永昌-虎尾,2023-08-07,9377
1313,聯成,14,0,14,華南永昌-虎尾,2023-08-07,9377
8210,勤誠,15,1,14,華南永昌-虎尾,2023-08-07,9377
2801,彰銀,47,34,13,華南永昌-虎尾,2023-08-07,9377
6015,宏遠證,13,0,13,華南永昌-虎尾,2023-08-07,9377
1609,大亞,34,22,12,華南永昌-虎尾,2023-08-07,9377
1905,華紙,23,11,12,華南永昌-虎尾,2023-08-07,9377
8021,尖點,12,0,12,華南永昌-虎尾,2023-08-07,9377
1909,榮成,12,0,12,華南永昌-虎尾,2023-08-07,9377
3050,鈺德,12,0,12,華南永昌-虎尾,2023-08-07,9377
6176,瑞儀,12,0,12,華南永昌-虎尾,2023-08-07,9377
1904,正隆,13,1,12,華南永昌-虎尾,2023-08-07,9377
00923,群益台ESG低碳50,11,0,11,華南永昌-虎尾,2023-08-07,9377
3481,群創,18,7,11,華南永昌-虎尾,2023-08-07,9377
2480,敦陽科,11,0,11,華南永昌-虎尾,2023-08-07,9377
3021,鴻名,11,0,11,華南永昌-虎尾,2023-08-07,9377
5258,虹堡,11,0,11,華南永昌-虎尾,2023-08-07,9377
8033,雷虎,11,0,11,華南永昌-虎尾,2023-08-07,9377
6276,安鈦克,11,0,11,華南永昌-虎尾,2023-08-07,9377
3231,緯創,276,141,135,華南永昌-虎尾,2023-08-08,9377
2892,第一金,100,0,100,華南永昌-虎尾,2023-08-08,9377
2356,英業達,129,50,79,華南永昌-虎尾,2023-08-08,9377
1319,東陽,83,10,73,華南永昌-虎尾,2023-08-08,9377
00878,國泰永續高股息,78,14,64,華南永昌-虎尾,2023-08-08,9377
2890,永豐金,56,1,55,華南永昌-虎尾,2023-08-08,9377
2241,艾姆勒,49,0,49,華南永昌-虎尾,2023-08-08,9377
00900,富邦特選高股息30,46,0,46,華南永昌-虎尾,2023-08-08,9377
00929,復華台灣科技優息,42,0,42,華南永昌-虎尾,2023-08-08,9377
2891,中信金,40,0,40,華南永昌-虎尾,2023-08-08,9377
1101,台泥,43,7,36,華南永昌-虎尾,2023-08-08,9377
00665L,富邦�琤肭磪囓�2,41,5,36,華南永昌-虎尾,2023-08-08,9377
00706L,期元大S＆P日圓正2,36,0,36,華南永昌-虎尾,2023-08-08,9377
2427,三商電,30,0,30,華南永昌-虎尾,2023-08-08,9377
6120,達運,30,0,30,華南永昌-虎尾,2023-08-08,9377
0056,元大高股息,40,13,27,華南永昌-虎尾,2023-08-08,9377
2371,大同,42,15,27,華南永昌-虎尾,2023-08-08,9377
1301,台塑,26,0,26,華南永昌-虎尾,2023-08-08,9377
2344,華邦電,26,0,26,華南永昌-虎尾,2023-08-08,9377
2392,正崴,26,0,26,華南永昌-虎尾,2023-08-08,9377
3706,神達,40,15,25,華南永昌-虎尾,2023-08-08,9377
2633,台灣高鐵,25,0,25,華南永昌-虎尾,2023-08-08,9377
3037,欣興,24,0,24,華南永昌-虎尾,2023-08-08,9377
2474,可成,25,1,24,華南永昌-虎尾,2023-08-08,9377
6185,幃翔,26,2,24,華南永昌-虎尾,2023-08-08,9377
5864,致和證,24,1,23,華南永昌-虎尾,2023-08-08,9377
00931B,統一美債20年,23,0,23,華南永昌-虎尾,2023-08-08,9377
3545,敦泰,22,0,22,華南永昌-虎尾,2023-08-08,9377
6274,台燿,36,14,22,華南永昌-虎尾,2023-08-08,9377
2349,錸德,21,0,21,華南永昌-虎尾,2023-08-08,9377
00850,元大臺灣ESG永續,20,0,20,華南永昌-虎尾,2023-08-08,9377
1709,和益,20,0,20,華南永昌-虎尾,2023-08-08,9377
8210,勤誠,30,10,20,華南永昌-虎尾,2023-08-08,9377
00650L,復華香港正2,21,2,19,華南永昌-虎尾,2023-08-08,9377
2002,中鋼,18,0,18,華南永昌-虎尾,2023-08-08,9377
4739,康普,20,2,18,華南永昌-虎尾,2023-08-08,9377
1817,凱撒衛,17,0,17,華南永昌-虎尾,2023-08-08,9377
2359,所羅門,17,0,17,華南永昌-虎尾,2023-08-08,9377
8201,無敵,16,0,16,華南永昌-虎尾,2023-08-08,9377
2301,光寶科,31,16,15,華南永昌-虎尾,2023-08-08,9377
2323,中環,120,105,15,華南永昌-虎尾,2023-08-08,9377
2426,鼎元,15,0,15,華南永昌-虎尾,2023-08-08,9377
4207,環泰,15,0,15,華南永昌-虎尾,2023-08-08,9377
2352,佳世達,27,12,15,華南永昌-虎尾,2023-08-08,9377
2486,一詮,13,0,13,華南永昌-虎尾,2023-08-08,9377
3044,健鼎,47,34,13,華南永昌-虎尾,2023-08-08,9377
6279,胡連,13,0,13,華南永昌-虎尾,2023-08-08,9377
2885,元大金,20,7,13,華南永昌-虎尾,2023-08-08,9377
2801,彰銀,12,0,12,華南永昌-虎尾,2023-08-08,9377
1504,東元,12,0,12,華南永昌-虎尾,2023-08-08,9377
00923,群益台ESG低碳50,197,0,197,華南永昌-虎尾,2023-08-09,9377
9919,康那香,72,1,71,華南永昌-虎尾,2023-08-09,9377
3231,緯創,210,165,45,華南永昌-虎尾,2023-08-09,9377
00753L,中信中國50正2,62,22,40,華南永昌-虎尾,2023-08-09,9377
6188,廣明,45,6,39,華南永昌-虎尾,2023-08-09,9377
0056,元大高股息,41,7,34,華南永昌-虎尾,2023-08-09,9377
00929,復華台灣科技優息,32,0,32,華南永昌-虎尾,2023-08-09,9377
00680L,元大美債20正2,50,20,30,華南永昌-虎尾,2023-08-09,9377
00665L,富邦�琤肭磪囓�2,50,20,30,華南永昌-虎尾,2023-08-09,9377
3050,鈺德,30,0,30,華南永昌-虎尾,2023-08-09,9377
6185,幃翔,28,0,28,華南永昌-虎尾,2023-08-09,9377
2888,新光金,27,2,25,華南永昌-虎尾,2023-08-09,9377
5353,台林,25,0,25,華南永昌-虎尾,2023-08-09,9377
2913,農林,48,24,24,華南永昌-虎尾,2023-08-09,9377
3483,力致,24,1,23,華南永昌-虎尾,2023-08-09,9377
4934,太極,23,0,23,華南永昌-虎尾,2023-08-09,9377
6603,富強鑫,24,1,23,華南永昌-虎尾,2023-08-09,9377
00900,富邦特選高股息30,22,0,22,華南永昌-虎尾,2023-08-09,9377
2834,臺企銀,22,0,22,華南永昌-虎尾,2023-08-09,9377
00878,國泰永續高股息,40,20,20,華南永昌-虎尾,2023-08-09,9377
00637L,元大滬深300正2,45,25,20,華南永昌-虎尾,2023-08-09,9377
1319,東陽,25,6,19,華南永昌-虎尾,2023-08-09,9377
1616,億泰,20,1,19,華南永昌-虎尾,2023-08-09,9377
3034,聯詠,19,1,18,華南永昌-虎尾,2023-08-09,9377
2344,華邦電,23,7,16,華南永昌-虎尾,2023-08-09,9377
2611,志信,16,0,16,華南永昌-虎尾,2023-08-09,9377
4739,康普,15,0,15,華南永昌-虎尾,2023-08-09,9377
8086,宏捷科,15,0,15,華南永昌-虎尾,2023-08-09,9377
2409,友達,24,10,14,華南永昌-虎尾,2023-08-09,9377
5425,台半,15,1,14,華南永昌-虎尾,2023-08-09,9377
2885,元大金,15,2,13,華南永昌-虎尾,2023-08-09,9377
6120,達運,13,0,13,華南永昌-虎尾,2023-08-09,9377
2002,中鋼,12,0,12,華南永昌-虎尾,2023-08-09,9377
2352,佳世達,13,1,12,華南永昌-虎尾,2023-08-09,9377
4533,協易機,12,0,12,華南永昌-虎尾,2023-08-09,9377
2356,英業達,60,48,12,華南永昌-虎尾,2023-08-09,9377
3325,旭品,22,10,12,華南永昌-虎尾,2023-08-09,9377
2363,矽統,111,99,12,華南永昌-虎尾,2023-08-09,9377
3037,欣興,29,17,12,華南永昌-虎尾,2023-08-09,9377
6117,迎廣,11,0,11,華南永昌-虎尾,2023-08-09,9377
2542,興富發,10,0,10,華南永昌-虎尾,2023-08-09,9377
00642U,期元大S＆P石油,10,0,10,華南永昌-虎尾,2023-08-09,9377
2516,新建,10,0,10,華南永昌-虎尾,2023-08-09,9377
3520,華盈,10,0,10,華南永昌-虎尾,2023-08-09,9377
4121,優盛,10,0,10,華南永昌-虎尾,2023-08-09,9377
4744,皇將,10,0,10,華南永昌-虎尾,2023-08-09,9377
4931,新盛力,10,0,10,華南永昌-虎尾,2023-08-09,9377
6155,鈞寶,10,0,10,華南永昌-虎尾,2023-08-09,9377
6592,和潤企業,10,0,10,華南永昌-虎尾,2023-08-09,9377
8105,凌巨,10,0,10,華南永昌-虎尾,2023-08-09,9377
6282,康舒,216,62,154,華南永昌-虎尾,2023-08-10,9377
2610,華航,153,10,143,華南永昌-虎尾,2023-08-10,9377
2323,中環,144,1,143,華南永昌-虎尾,2023-08-10,9377
3231,緯創,254,132,122,華南永昌-虎尾,2023-08-10,9377
2402,毅嘉,125,7,118,華南永昌-虎尾,2023-08-10,9377
00878,國泰永續高股息,135,21,114,華南永昌-虎尾,2023-08-10,9377
2312,金寶,122,10,112,華南永昌-虎尾,2023-08-10,9377
2888,新光金,145,42,103,華南永昌-虎尾,2023-08-10,9377
2030,彰源,108,12,96,華南永昌-虎尾,2023-08-10,9377
1615,大山,56,0,56,華南永昌-虎尾,2023-08-10,9377
1609,大亞,60,5,55,華南永昌-虎尾,2023-08-10,9377
1314,中石化,55,0,55,華南永昌-虎尾,2023-08-10,9377
2329,華泰,57,7,50,華南永昌-虎尾,2023-08-10,9377
0056,元大高股息,79,32,47,華南永昌-虎尾,2023-08-10,9377
6288,聯嘉,49,2,47,華南永昌-虎尾,2023-08-10,9377
1101,台泥,43,0,43,華南永昌-虎尾,2023-08-10,9377
3050,鈺德,40,0,40,華南永昌-虎尾,2023-08-10,9377
2425,承啟,58,20,38,華南永昌-虎尾,2023-08-10,9377
2409,友達,44,9,35,華南永昌-虎尾,2023-08-10,9377
4157,太景*-KY,31,0,31,華南永昌-虎尾,2023-08-10,9377
00891,中信關鍵半導體,29,0,29,華南永昌-虎尾,2023-08-10,9377
3014,聯陽,37,9,28,華南永昌-虎尾,2023-08-10,9377
00637L,元大滬深300正2,67,40,27,華南永昌-虎尾,2023-08-10,9377
1802,台玻,38,13,25,華南永昌-虎尾,2023-08-10,9377
00929,復華台灣科技優息,24,1,23,華南永昌-虎尾,2023-08-10,9377
2349,錸德,21,0,21,華南永昌-虎尾,2023-08-10,9377
2458,義隆,28,7,21,華南永昌-虎尾,2023-08-10,9377
2886,兆豐金,25,5,20,華南永昌-虎尾,2023-08-10,9377
3078,僑威,33,13,20,華南永昌-虎尾,2023-08-10,9377
4906,正文,21,1,20,華南永昌-虎尾,2023-08-10,9377
2891,中信金,23,3,20,華南永昌-虎尾,2023-08-10,9377
1605,華新,20,1,19,華南永昌-虎尾,2023-08-10,9377
1608,華榮,18,0,18,華南永昌-虎尾,2023-08-10,9377
2002,中鋼,18,0,18,華南永昌-虎尾,2023-08-10,9377
2883,凱基金,20,3,17,華南永昌-虎尾,2023-08-10,9377
00900,富邦特選高股息30,16,0,16,華南永昌-虎尾,2023-08-10,9377
00882,中信中國高股息,16,0,16,華南永昌-虎尾,2023-08-10,9377
8155,博智,18,3,15,華南永昌-虎尾,2023-08-10,9377
3374,精材,15,0,15,華南永昌-虎尾,2023-08-10,9377
6509,聚和,15,0,15,華南永昌-虎尾,2023-08-10,9377
6443,元晶,15,1,14,華南永昌-虎尾,2023-08-10,9377
4977,眾達-KY,17,3,14,華南永昌-虎尾,2023-08-10,9377
1904,正隆,14,0,14,華南永昌-虎尾,2023-08-10,9377
3038,全台,15,1,14,華南永昌-虎尾,2023-08-10,9377
3576,聯合再生,13,0,13,華南永昌-虎尾,2023-08-10,9377
1504,東元,17,4,13,華南永昌-虎尾,2023-08-10,9377
1809,中釉,13,0,13,華南永昌-虎尾,2023-08-10,9377
5443,均豪,15,3,12,華南永昌-虎尾,2023-08-10,9377
2633,台灣高鐵,13,1,12,華南永昌-虎尾,2023-08-10,9377
3356,奇偶,13,1,12,華南永昌-虎尾,2023-08-10,9377
2885,元大金,170,0,170,華南永昌-虎尾,2023-08-11,9377
2356,英業達,104,7,97,華南永昌-虎尾,2023-08-11,9377
2241,艾姆勒,98,4,94,華南永昌-虎尾,2023-08-11,9377
2382,廣達,166,102,64,華南永昌-虎尾,2023-08-11,9377
00665L,富邦�琤肭磪囓�2,67,5,62,華南永昌-虎尾,2023-08-11,9377
00637L,元大滬深300正2,88,36,52,華南永昌-虎尾,2023-08-11,9377
00900,富邦特選高股息30,51,0,51,華南永昌-虎尾,2023-08-11,9377
6443,元晶,52,1,51,華南永昌-虎尾,2023-08-11,9377
2891,中信金,50,0,50,華南永昌-虎尾,2023-08-11,9377
5353,台林,50,0,50,華南永昌-虎尾,2023-08-11,9377
3005,神基,43,0,43,華南永昌-虎尾,2023-08-11,9377
2880,華南金,41,0,41,華南永昌-虎尾,2023-08-11,9377
2883,凱基金,40,0,40,華南永昌-虎尾,2023-08-11,9377
5203,訊連,37,0,37,華南永昌-虎尾,2023-08-11,9377
2618,長榮航,117,85,32,華南永昌-虎尾,2023-08-11,9377
4155,訊映,31,0,31,華南永昌-虎尾,2023-08-11,9377
2344,華邦電,31,0,31,華南永昌-虎尾,2023-08-11,9377
2538,基泰,30,0,30,華南永昌-虎尾,2023-08-11,9377
2903,遠百,27,0,27,華南永昌-虎尾,2023-08-11,9377
2637,慧洋-KY,30,4,26,華南永昌-虎尾,2023-08-11,9377
00680L,元大美債20正2,25,0,25,華南永昌-虎尾,2023-08-11,9377
00931B,統一美債20年,24,0,24,華南永昌-虎尾,2023-08-11,9377
2401,凌陽,40,16,24,華南永昌-虎尾,2023-08-11,9377
2892,第一金,29,6,23,華南永昌-虎尾,2023-08-11,9377
3545,敦泰,23,0,23,華南永昌-虎尾,2023-08-11,9377
1905,華紙,35,12,23,華南永昌-虎尾,2023-08-11,9377
00878,國泰永續高股息,27,5,22,華南永昌-虎尾,2023-08-11,9377
2867,三商壽,20,0,20,華南永昌-虎尾,2023-08-11,9377
6672,騰輝電子-KY,25,6,19,華南永昌-虎尾,2023-08-11,9377
2312,金寶,17,0,17,華南永昌-虎尾,2023-08-11,9377
2486,一詮,20,3,17,華南永昌-虎尾,2023-08-11,9377
6278,台表科,17,0,17,華南永昌-虎尾,2023-08-11,9377
00751B,元大AAA至A公司債,16,0,16,華南永昌-虎尾,2023-08-11,9377
00715L,期街口布蘭特正2,14,0,14,華南永昌-虎尾,2023-08-11,9377
2002,中鋼,14,0,14,華南永昌-虎尾,2023-08-11,9377
3050,鈺德,14,0,14,華南永昌-虎尾,2023-08-11,9377
6770,力積電,31,18,13,華南永昌-虎尾,2023-08-11,9377
00929,復華台灣科技優息,13,0,13,華南永昌-虎尾,2023-08-11,9377
8926,台汽電,12,0,12,華南永昌-虎尾,2023-08-11,9377
00772B,中信高評級公司債,12,0,12,華南永昌-虎尾,2023-08-11,9377
2440,太空梭,12,0,12,華南永昌-虎尾,2023-08-11,9377
4906,正文,12,0,12,華南永昌-虎尾,2023-08-11,9377
6142,友勁,12,0,12,華南永昌-虎尾,2023-08-11,9377
00673R,期元大S＆P原油反1,17,6,11,華南永昌-虎尾,2023-08-11,9377
3483,力致,12,1,11,華南永昌-虎尾,2023-08-11,9377
2352,佳世達,11,0,11,華南永昌-虎尾,2023-08-11,9377
00850,元大臺灣ESG永續,10,0,10,華南永昌-虎尾,2023-08-11,9377
2206,三陽工業,20,10,10,華南永昌-虎尾,2023-08-11,9377
2329,華泰,11,1,10,華南永昌-虎尾,2023-08-11,9377
2349,錸德,10,0,10,華南永昌-虎尾,2023-08-11,9377
2834,臺企銀,207,2,205,華南永昌-虎尾,2023-08-14,9377
2382,廣達,283,115,168,華南永昌-虎尾,2023-08-14,9377
2241,艾姆勒,156,4,152,華南永昌-虎尾,2023-08-14,9377
00878,國泰永續高股息,129,29,100,華南永昌-虎尾,2023-08-14,9377
2402,毅嘉,105,5,100,華南永昌-虎尾,2023-08-14,9377
2897,王道銀行,100,0,100,華南永昌-虎尾,2023-08-14,9377
00680L,元大美債20正2,100,3,97,華南永昌-虎尾,2023-08-14,9377
2609,陽明,95,5,90,華南永昌-虎尾,2023-08-14,9377
2367,燿華,82,0,82,華南永昌-虎尾,2023-08-14,9377
2425,承啟,68,0,68,華南永昌-虎尾,2023-08-14,9377
2329,華泰,75,12,63,華南永昌-虎尾,2023-08-14,9377
2610,華航,64,1,63,華南永昌-虎尾,2023-08-14,9377
00753L,中信中國50正2,58,10,48,華南永昌-虎尾,2023-08-14,9377
6188,廣明,90,42,48,華南永昌-虎尾,2023-08-14,9377
1609,大亞,66,20,46,華南永昌-虎尾,2023-08-14,9377
00900,富邦特選高股息30,45,0,45,華南永昌-虎尾,2023-08-14,9377
2634,漢翔,45,1,44,華南永昌-虎尾,2023-08-14,9377
00929,復華台灣科技優息,41,0,41,華南永昌-虎尾,2023-08-14,9377
1301,台塑,42,2,40,華南永昌-虎尾,2023-08-14,9377
3545,敦泰,42,3,39,華南永昌-虎尾,2023-08-14,9377
2206,三陽工業,41,3,38,華南永昌-虎尾,2023-08-14,9377
2014,中鴻,45,9,36,華南永昌-虎尾,2023-08-14,9377
00907,永豐優息存股,35,0,35,華南永昌-虎尾,2023-08-14,9377
3481,群創,53,18,35,華南永昌-虎尾,2023-08-14,9377
2618,長榮航,110,75,35,華南永昌-虎尾,2023-08-14,9377
6125,廣運,59,26,33,華南永昌-虎尾,2023-08-14,9377
3032,偉訓,31,0,31,華南永昌-虎尾,2023-08-14,9377
3325,旭品,31,0,31,華南永昌-虎尾,2023-08-14,9377
2489,瑞軒,50,20,30,華南永昌-虎尾,2023-08-14,9377
00637L,元大滬深300正2,154,124,30,華南永昌-虎尾,2023-08-14,9377
2888,新光金,33,4,29,華南永昌-虎尾,2023-08-14,9377
2344,華邦電,58,31,27,華南永昌-虎尾,2023-08-14,9377
6005,群益證,26,0,26,華南永昌-虎尾,2023-08-14,9377
00688L,國泰20年美債正2,25,0,25,華南永昌-虎尾,2023-08-14,9377
2349,錸德,45,20,25,華南永昌-虎尾,2023-08-14,9377
3050,鈺德,25,0,25,華南永昌-虎尾,2023-08-14,9377
1513,中興電,25,2,23,華南永昌-虎尾,2023-08-14,9377
2605,新興,22,0,22,華南永昌-虎尾,2023-08-14,9377
4739,康普,20,0,20,華南永昌-虎尾,2023-08-14,9377
2891,中信金,20,1,19,華南永昌-虎尾,2023-08-14,9377
8201,無敵,19,0,19,華南永昌-虎尾,2023-08-14,9377
0050,元大台灣50,19,0,19,華南永昌-虎尾,2023-08-14,9377
00923,群益台ESG低碳50,18,0,18,華南永昌-虎尾,2023-08-14,9377
1605,華新,21,5,16,華南永昌-虎尾,2023-08-14,9377
2002,中鋼,28,12,16,華南永昌-虎尾,2023-08-14,9377
1615,大山,16,0,16,華南永昌-虎尾,2023-08-14,9377
2458,義隆,17,1,16,華南永昌-虎尾,2023-08-14,9377
00679B,元大美債20年,15,0,15,華南永昌-虎尾,2023-08-14,9377
6139,亞翔,15,1,14,華南永昌-虎尾,2023-08-14,9377
2363,矽統,90,76,14,華南永昌-虎尾,2023-08-14,9377
00632R,元大台灣50反1,900,100,800,華南永昌-虎尾,2023-08-15,9377
00929,復華台灣科技優息,128,5,123,華南永昌-虎尾,2023-08-15,9377
2376,技嘉,137,22,115,華南永昌-虎尾,2023-08-15,9377
6026,福邦證,101,0,101,華南永昌-虎尾,2023-08-15,9377
00923,群益台ESG低碳50,86,0,86,華南永昌-虎尾,2023-08-15,9377
2324,仁寶,226,144,82,華南永昌-虎尾,2023-08-15,9377
00900,富邦特選高股息30,64,0,64,華南永昌-虎尾,2023-08-15,9377
2317,鴻海,57,3,54,華南永昌-虎尾,2023-08-15,9377
2349,錸德,70,19,51,華南永昌-虎尾,2023-08-15,9377
3049,精金,50,0,50,華南永昌-虎尾,2023-08-15,9377
2323,中環,208,166,42,華南永昌-虎尾,2023-08-15,9377
2382,廣達,81,44,37,華南永昌-虎尾,2023-08-15,9377
2332,友訊,49,14,35,華南永昌-虎尾,2023-08-15,9377
2883,凱基金,34,5,29,華南永昌-虎尾,2023-08-15,9377
6139,亞翔,39,11,28,華南永昌-虎尾,2023-08-15,9377
3706,神達,56,31,25,華南永昌-虎尾,2023-08-15,9377
2880,華南金,21,0,21,華南永昌-虎尾,2023-08-15,9377
6188,廣明,32,11,21,華南永昌-虎尾,2023-08-15,9377
2884,玉山金,20,0,20,華南永昌-虎尾,2023-08-15,9377
3710,連展投控,20,0,20,華南永昌-虎尾,2023-08-15,9377
3481,群創,38,19,19,華南永昌-虎尾,2023-08-15,9377
2002,中鋼,16,0,16,華南永昌-虎尾,2023-08-15,9377
2014,中鴻,16,0,16,華南永昌-虎尾,2023-08-15,9377
0050,元大台灣50,19,4,15,華南永昌-虎尾,2023-08-15,9377
1616,億泰,15,0,15,華南永昌-虎尾,2023-08-15,9377
4726,永昕,15,0,15,華南永昌-虎尾,2023-08-15,9377
5607,遠雄港,15,0,15,華南永昌-虎尾,2023-08-15,9377
3050,鈺德,14,0,14,華南永昌-虎尾,2023-08-15,9377
1909,榮成,14,0,14,華南永昌-虎尾,2023-08-15,9377
2892,第一金,13,0,13,華南永昌-虎尾,2023-08-15,9377
1101,台泥,16,3,13,華南永昌-虎尾,2023-08-15,9377
2312,金寶,13,0,13,華南永昌-虎尾,2023-08-15,9377
2890,永豐金,12,0,12,華南永昌-虎尾,2023-08-15,9377
00720B,元大投資級公司債,12,0,12,華南永昌-虎尾,2023-08-15,9377
1904,正隆,12,0,12,華南永昌-虎尾,2023-08-15,9377
00712,復華富時不動產,12,0,12,華南永昌-虎尾,2023-08-15,9377
2618,長榮航,28,16,12,華南永昌-虎尾,2023-08-15,9377
4533,協易機,12,0,12,華南永昌-虎尾,2023-08-15,9377
2885,元大金,11,0,11,華南永昌-虎尾,2023-08-15,9377
5353,台林,12,1,11,華南永昌-虎尾,2023-08-15,9377
8084,巨虹,11,0,11,華南永昌-虎尾,2023-08-15,9377
1305,華夏,10,0,10,華南永昌-虎尾,2023-08-15,9377
1103,嘉泥,10,0,10,華南永昌-虎尾,2023-08-15,9377
2743,山富,10,0,10,華南永昌-虎尾,2023-08-15,9377
3682,亞太電,10,0,10,華南永昌-虎尾,2023-08-15,9377
5426,振發,10,0,10,華南永昌-虎尾,2023-08-15,9377
2460,建通,10,0,10,華南永昌-虎尾,2023-08-15,9377
2316,楠梓電,9,0,9,華南永昌-虎尾,2023-08-15,9377
00637L,元大滬深300正2,53,45,8,華南永昌-虎尾,2023-08-15,9377
2329,華泰,18,10,8,華南永昌-虎尾,2023-08-15,9377
2241,艾姆勒,184,1,183,華南永昌-虎尾,2023-08-16,9377
4938,和碩,120,10,110,華南永昌-虎尾,2023-08-16,9377
00882,中信中國高股息,106,1,105,華南永昌-虎尾,2023-08-16,9377
00632R,元大台灣50反1,210,110,100,華南永昌-虎尾,2023-08-16,9377
2329,華泰,138,43,95,華南永昌-虎尾,2023-08-16,9377
2323,中環,127,42,85,華南永昌-虎尾,2023-08-16,9377
2363,矽統,287,223,64,華南永昌-虎尾,2023-08-16,9377
00772B,中信高評級公司債,56,0,56,華南永昌-虎尾,2023-08-16,9377
00679B,元大美債20年,55,0,55,華南永昌-虎尾,2023-08-16,9377
1101,台泥,55,1,54,華南永昌-虎尾,2023-08-16,9377
2897,王道銀行,50,0,50,華南永昌-虎尾,2023-08-16,9377
2834,臺企銀,68,20,48,華南永昌-虎尾,2023-08-16,9377
2867,三商壽,45,0,45,華南永昌-虎尾,2023-08-16,9377
6188,廣明,60,16,44,華南永昌-虎尾,2023-08-16,9377
00680L,元大美債20正2,40,0,40,華南永昌-虎尾,2023-08-16,9377
6139,亞翔,42,3,39,華南永昌-虎尾,2023-08-16,9377
2610,華航,39,2,37,華南永昌-虎尾,2023-08-16,9377
00929,復華台灣科技優息,41,5,36,華南永昌-虎尾,2023-08-16,9377
2382,廣達,116,82,34,華南永昌-虎尾,2023-08-16,9377
3706,神達,56,22,34,華南永昌-虎尾,2023-08-16,9377
2014,中鴻,32,0,32,華南永昌-虎尾,2023-08-16,9377
2303,聯電,33,1,32,華南永昌-虎尾,2023-08-16,9377
00878,國泰永續高股息,88,58,30,華南永昌-虎尾,2023-08-16,9377
2543,皇昌,27,0,27,華南永昌-虎尾,2023-08-16,9377
1301,台塑,26,0,26,華南永昌-虎尾,2023-08-16,9377
2313,華通,28,2,26,華南永昌-虎尾,2023-08-16,9377
00688L,國泰20年美債正2,35,10,25,華南永昌-虎尾,2023-08-16,9377
2464,盟立,21,0,21,華南永昌-虎尾,2023-08-16,9377
2618,長榮航,29,8,21,華南永昌-虎尾,2023-08-16,9377
2883,凱基金,29,9,20,華南永昌-虎尾,2023-08-16,9377
00923,群益台ESG低碳50,25,5,20,華南永昌-虎尾,2023-08-16,9377
00637L,元大滬深300正2,100,80,20,華南永昌-虎尾,2023-08-16,9377
2489,瑞軒,50,30,20,華南永昌-虎尾,2023-08-16,9377
2884,玉山金,20,2,18,華南永昌-虎尾,2023-08-16,9377
5225,東科-KY,17,0,17,華南永昌-虎尾,2023-08-16,9377
00712,復華富時不動產,16,0,16,華南永昌-虎尾,2023-08-16,9377
00655L,國泰中國A50正2,45,30,15,華南永昌-虎尾,2023-08-16,9377
2603,長榮,20,5,15,華南永昌-虎尾,2023-08-16,9377
3481,群創,16,1,15,華南永昌-虎尾,2023-08-16,9377
1326,台化,14,0,14,華南永昌-虎尾,2023-08-16,9377
1304,台聚,14,0,14,華南永昌-虎尾,2023-08-16,9377
00891,中信關鍵半導體,12,0,12,華南永昌-虎尾,2023-08-16,9377
2344,華邦電,13,1,12,華南永昌-虎尾,2023-08-16,9377
2355,敬鵬,20,8,12,華南永昌-虎尾,2023-08-16,9377
00753L,中信中國50正2,21,10,11,華南永昌-虎尾,2023-08-16,9377
1708,東鹼,11,0,11,華南永昌-虎尾,2023-08-16,9377
2002,中鋼,11,0,11,華南永昌-虎尾,2023-08-16,9377
2371,大同,21,10,11,華南永昌-虎尾,2023-08-16,9377
2408,南亞科,11,0,11,華南永昌-虎尾,2023-08-16,9377
3035,智原,33,22,11,華南永昌-虎尾,2023-08-16,9377
2241,艾姆勒,230,11,219,華南永昌-虎尾,2023-08-17,9377
00878,國泰永續高股息,238,45,193,華南永昌-虎尾,2023-08-17,9377
3231,緯創,255,182,73,華南永昌-虎尾,2023-08-17,9377
00679B,元大美債20年,63,0,63,華南永昌-虎尾,2023-08-17,9377
2329,華泰,112,50,62,華南永昌-虎尾,2023-08-17,9377
00680L,元大美債20正2,50,0,50,華南永昌-虎尾,2023-08-17,9377
3049,精金,50,0,50,華南永昌-虎尾,2023-08-17,9377
00688L,國泰20年美債正2,48,0,48,華南永昌-虎尾,2023-08-17,9377
2303,聯電,40,3,37,華南永昌-虎尾,2023-08-17,9377
00632R,元大台灣50反1,72,35,37,華南永昌-虎尾,2023-08-17,9377
1326,台化,37,5,32,華南永昌-虎尾,2023-08-17,9377
5425,台半,43,11,32,華南永昌-虎尾,2023-08-17,9377
2880,華南金,45,16,29,華南永昌-虎尾,2023-08-17,9377
2324,仁寶,87,60,27,華南永昌-虎尾,2023-08-17,9377
2349,錸德,27,0,27,華南永昌-虎尾,2023-08-17,9377
2014,中鴻,30,5,25,華南永昌-虎尾,2023-08-17,9377
2892,第一金,27,3,24,華南永昌-虎尾,2023-08-17,9377
6125,廣運,33,12,21,華南永昌-虎尾,2023-08-17,9377
1301,台塑,19,0,19,華南永昌-虎尾,2023-08-17,9377
2610,華航,39,21,18,華南永昌-虎尾,2023-08-17,9377
00929,復華台灣科技優息,19,2,17,華南永昌-虎尾,2023-08-17,9377
00753L,中信中國50正2,41,24,17,華南永昌-虎尾,2023-08-17,9377
2002,中鋼,15,0,15,華南永昌-虎尾,2023-08-17,9377
006208,富邦台50,13,0,13,華南永昌-虎尾,2023-08-17,9377
3576,聯合再生,13,0,13,華南永昌-虎尾,2023-08-17,9377
00897,富邦基因免疫生技,13,0,13,華南永昌-虎尾,2023-08-17,9377
2388,威盛,18,5,13,華南永昌-虎尾,2023-08-17,9377
3363,上詮,14,1,13,華南永昌-虎尾,2023-08-17,9377
1308,亞聚,12,0,12,華南永昌-虎尾,2023-08-17,9377
2897,王道銀行,12,0,12,華南永昌-虎尾,2023-08-17,9377
8105,凌巨,12,0,12,華南永昌-虎尾,2023-08-17,9377
2420,新巨,11,0,11,華南永昌-虎尾,2023-08-17,9377
2888,新光金,14,3,11,華南永昌-虎尾,2023-08-17,9377
3265,台星科,12,1,11,華南永昌-虎尾,2023-08-17,9377
3362,先進光,20,9,11,華南永昌-虎尾,2023-08-17,9377
00706L,期元大S＆P日圓正2,10,0,10,華南永昌-虎尾,2023-08-17,9377
1722,台肥,10,0,10,華南永昌-虎尾,2023-08-17,9377
2367,燿華,10,0,10,華南永昌-虎尾,2023-08-17,9377
2369,菱生,10,0,10,華南永昌-虎尾,2023-08-17,9377
2609,陽明,11,1,10,華南永昌-虎尾,2023-08-17,9377
9103,美德醫療-DR,10,0,10,華南永昌-虎尾,2023-08-17,9377
1802,台玻,11,2,9,華南永昌-虎尾,2023-08-17,9377
3056,富華新,12,3,9,華南永昌-虎尾,2023-08-17,9377
1514,亞力,9,0,9,華南永昌-虎尾,2023-08-17,9377
2616,山隆,9,0,9,華南永昌-虎尾,2023-08-17,9377
3042,晶技,13,4,9,華南永昌-虎尾,2023-08-17,9377
3206,志豐,9,0,9,華南永昌-虎尾,2023-08-17,9377
1101,台泥,12,4,8,華南永昌-虎尾,2023-08-17,9377
9927,泰銘,8,0,8,華南永昌-虎尾,2023-08-17,9377
1905,華紙,9,1,8,華南永昌-虎尾,2023-08-17,9377
2002,中鋼,1084,15,1069,華南永昌-虎尾,2023-08-18,9377
2883,凱基金,206,0,206,華南永昌-虎尾,2023-08-18,9377
2241,艾姆勒,83,0,83,華南永昌-虎尾,2023-08-18,9377
2323,中環,140,65,75,華南永昌-虎尾,2023-08-18,9377
00878,國泰永續高股息,81,16,65,華南永昌-虎尾,2023-08-18,9377
2363,矽統,355,300,55,華南永昌-虎尾,2023-08-18,9377
4916,事欣科,50,0,50,華南永昌-虎尾,2023-08-18,9377
0056,元大高股息,50,1,49,華南永昌-虎尾,2023-08-18,9377
2382,廣達,164,118,46,華南永昌-虎尾,2023-08-18,9377
00897,富邦基因免疫生技,40,0,40,華南永昌-虎尾,2023-08-18,9377
1101,台泥,38,1,37,華南永昌-虎尾,2023-08-18,9377
2324,仁寶,69,33,36,華南永昌-虎尾,2023-08-18,9377
3056,富華新,62,26,36,華南永昌-虎尾,2023-08-18,9377
2885,元大金,30,0,30,華南永昌-虎尾,2023-08-18,9377
1504,東元,33,6,27,華南永昌-虎尾,2023-08-18,9377
00751B,元大AAA至A公司債,80,54,26,華南永昌-虎尾,2023-08-18,9377
00632R,元大台灣50反1,30,5,25,華南永昌-虎尾,2023-08-18,9377
00655L,國泰中國A50正2,30,5,25,華南永昌-虎尾,2023-08-18,9377
3014,聯陽,28,3,25,華南永昌-虎尾,2023-08-18,9377
6282,康舒,144,122,22,華南永昌-虎尾,2023-08-18,9377
2489,瑞軒,20,0,20,華南永昌-虎尾,2023-08-18,9377
00753L,中信中國50正2,31,11,20,華南永昌-虎尾,2023-08-18,9377
00673R,期元大S＆P原油反1,20,0,20,華南永昌-虎尾,2023-08-18,9377
6285,啟��,24,4,20,華南永昌-虎尾,2023-08-18,9377
2332,友訊,24,6,18,華南永昌-虎尾,2023-08-18,9377
2892,第一金,19,2,17,華南永昌-虎尾,2023-08-18,9377
2610,華航,23,7,16,華南永昌-虎尾,2023-08-18,9377
00637L,元大滬深300正2,76,61,15,華南永昌-虎尾,2023-08-18,9377
2618,長榮航,37,22,15,華南永昌-虎尾,2023-08-18,9377
5880,合庫金,15,0,15,華南永昌-虎尾,2023-08-18,9377
9934,成霖,15,0,15,華南永昌-虎尾,2023-08-18,9377
6592,和潤企業,15,1,14,華南永昌-虎尾,2023-08-18,9377
00923,群益台ESG低碳50,13,0,13,華南永昌-虎尾,2023-08-18,9377
5225,東科-KY,15,2,13,華南永昌-虎尾,2023-08-18,9377
8069,元太,14,2,12,華南永昌-虎尾,2023-08-18,9377
2395,研華,11,0,11,華南永昌-虎尾,2023-08-18,9377
3325,旭品,12,1,11,華南永昌-虎尾,2023-08-18,9377
5425,台半,14,3,11,華南永昌-虎尾,2023-08-18,9377
5603,陸海,10,0,10,華南永昌-虎尾,2023-08-18,9377
3324,雙鴻,20,10,10,華南永昌-虎尾,2023-08-18,9377
4157,太景*-KY,20,10,10,華南永昌-虎尾,2023-08-18,9377
6163,華電網,10,0,10,華南永昌-虎尾,2023-08-18,9377
00692,富邦公司治理,9,0,9,華南永昌-虎尾,2023-08-18,9377
00713,元大台灣高息低波,10,1,9,華南永昌-虎尾,2023-08-18,9377
2420,新巨,9,0,9,華南永昌-虎尾,2023-08-18,9377
2486,一詮,13,4,9,華南永昌-虎尾,2023-08-18,9377
3013,晟銘電,15,6,9,華南永昌-虎尾,2023-08-18,9377
8027,鈦昇,10,1,9,華南永昌-虎尾,2023-08-18,9377
6125,廣運,16,8,8,華南永昌-虎尾,2023-08-18,9377
00882,中信中國高股息,10,2,8,華南永昌-虎尾,2023-08-18,9377
3231,緯創,351,149,202,華南永昌-虎尾,2023-08-21,9377
2402,毅嘉,128,25,103,華南永昌-虎尾,2023-08-21,9377
2385,群光,100,0,100,華南永昌-虎尾,2023-08-21,9377
2890,永豐金,81,6,75,華南永昌-虎尾,2023-08-21,9377
00688L,國泰20年美債正2,61,0,61,華南永昌-虎尾,2023-08-21,9377
2884,玉山金,56,0,56,華南永昌-虎尾,2023-08-21,9377
1504,東元,55,0,55,華南永昌-虎尾,2023-08-21,9377
2606,裕民,79,30,49,華南永昌-虎尾,2023-08-21,9377
00929,復華台灣科技優息,50,2,48,華南永昌-虎尾,2023-08-21,9377
2610,華航,59,13,46,華南永昌-虎尾,2023-08-21,9377
2486,一詮,46,0,46,華南永昌-虎尾,2023-08-21,9377
00655L,國泰中國A50正2,42,0,42,華南永昌-虎尾,2023-08-21,9377
2344,華邦電,40,0,40,華南永昌-虎尾,2023-08-21,9377
2241,艾姆勒,38,0,38,華南永昌-虎尾,2023-08-21,9377
3706,神達,61,24,37,華南永昌-虎尾,2023-08-21,9377
6026,福邦證,34,0,34,華南永昌-虎尾,2023-08-21,9377
3689,湧德,33,2,31,華南永昌-虎尾,2023-08-21,9377
2618,長榮航,33,5,28,華南永昌-虎尾,2023-08-21,9377
1471,首利,27,0,27,華南永昌-虎尾,2023-08-21,9377
2206,三陽工業,28,2,26,華南永昌-虎尾,2023-08-21,9377
2457,飛宏,29,6,23,華南永昌-虎尾,2023-08-21,9377
2609,陽明,43,20,23,華南永昌-虎尾,2023-08-21,9377
1326,台化,22,0,22,華南永昌-虎尾,2023-08-21,9377
00637L,元大滬深300正2,87,67,20,華南永昌-虎尾,2023-08-21,9377
6269,台郡,21,3,18,華南永昌-虎尾,2023-08-21,9377
1903,士紙,17,0,17,華南永昌-虎尾,2023-08-21,9377
00679B,元大美債20年,17,0,17,華南永昌-虎尾,2023-08-21,9377
6770,力積電,16,0,16,華南永昌-虎尾,2023-08-21,9377
00753L,中信中國50正2,28,16,12,華南永昌-虎尾,2023-08-21,9377
2388,威盛,14,3,11,華南永昌-虎尾,2023-08-21,9377
2892,第一金,10,0,10,華南永昌-虎尾,2023-08-21,9377
00665L,富邦�琤肭磪囓�2,10,0,10,華南永昌-虎尾,2023-08-21,9377
1701,中化,10,0,10,華南永昌-虎尾,2023-08-21,9377
1909,榮成,10,0,10,華南永昌-虎尾,2023-08-21,9377
2030,彰源,10,0,10,華南永昌-虎尾,2023-08-21,9377
2371,大同,12,2,10,華南永昌-虎尾,2023-08-21,9377
2603,長榮,10,0,10,華南永昌-虎尾,2023-08-21,9377
5498,凱崴,10,0,10,華南永昌-虎尾,2023-08-21,9377
5439,高技,10,0,10,華南永昌-虎尾,2023-08-21,9377
00900,富邦特選高股息30,8,0,8,華南永昌-虎尾,2023-08-21,9377
1616,億泰,8,0,8,華南永昌-虎尾,2023-08-21,9377
1808,潤隆,8,0,8,華南永昌-虎尾,2023-08-21,9377
8050,廣積,8,0,8,華南永昌-虎尾,2023-08-21,9377
1301,台塑,9,2,7,華南永昌-虎尾,2023-08-21,9377
6176,瑞儀,8,1,7,華南永昌-虎尾,2023-08-21,9377
1215,卜蜂,7,0,7,華南永昌-虎尾,2023-08-21,9377
6274,台燿,11,4,7,華南永昌-虎尾,2023-08-21,9377
00882,中信中國高股息,11,4,7,華南永昌-虎尾,2023-08-21,9377
1101,台泥,17,11,6,華南永昌-虎尾,2023-08-21,9377
1514,亞力,6,0,6,華南永昌-虎尾,2023-08-21,9377
1301,台塑,157,0,157,華南永昌-虎尾,2023-08-22,9377
6122,擎邦,125,10,115,華南永昌-虎尾,2023-08-22,9377
2376,技嘉,115,38,77,華南永昌-虎尾,2023-08-22,9377
2363,矽統,154,82,72,華南永昌-虎尾,2023-08-22,9377
2329,華泰,99,39,60,華南永昌-虎尾,2023-08-22,9377
6026,福邦證,55,0,55,華南永昌-虎尾,2023-08-22,9377
2323,中環,102,48,54,華南永昌-虎尾,2023-08-22,9377
6188,廣明,57,5,52,華南永昌-虎尾,2023-08-22,9377
2324,仁寶,64,14,50,華南永昌-虎尾,2023-08-22,9377
2241,艾姆勒,44,3,41,華南永昌-虎尾,2023-08-22,9377
3049,精金,40,0,40,華南永昌-虎尾,2023-08-22,9377
2356,英業達,70,31,39,華南永昌-虎尾,2023-08-22,9377
6443,元晶,30,0,30,華南永昌-虎尾,2023-08-22,9377
2382,廣達,106,80,26,華南永昌-虎尾,2023-08-22,9377
1616,億泰,26,0,26,華南永昌-虎尾,2023-08-22,9377
2392,正崴,25,0,25,華南永昌-虎尾,2023-08-22,9377
2486,一詮,26,1,25,華南永昌-虎尾,2023-08-22,9377
2633,台灣高鐵,24,0,24,華南永昌-虎尾,2023-08-22,9377
6125,廣運,45,21,24,華南永昌-虎尾,2023-08-22,9377
1303,南亞,22,0,22,華南永昌-虎尾,2023-08-22,9377
3191,雲嘉南,22,0,22,華南永昌-虎尾,2023-08-22,9377
00680L,元大美債20正2,20,0,20,華南永昌-虎尾,2023-08-22,9377
00762,元大全球AI,20,0,20,華南永昌-虎尾,2023-08-22,9377
2834,臺企銀,20,0,20,華南永昌-虎尾,2023-08-22,9377
1513,中興電,55,36,19,華南永昌-虎尾,2023-08-22,9377
2457,飛宏,22,4,18,華南永昌-虎尾,2023-08-22,9377
2645,長榮航太,18,0,18,華南永昌-虎尾,2023-08-22,9377
5425,台半,29,11,18,華南永昌-虎尾,2023-08-22,9377
1609,大亞,62,46,16,華南永昌-虎尾,2023-08-22,9377
6770,力積電,16,0,16,華南永昌-虎尾,2023-08-22,9377
2206,三陽工業,16,0,16,華南永昌-虎尾,2023-08-22,9377
2371,大同,21,5,16,華南永昌-虎尾,2023-08-22,9377
6672,騰輝電子-KY,19,3,16,華南永昌-虎尾,2023-08-22,9377
2401,凌陽,19,6,13,華南永昌-虎尾,2023-08-22,9377
3605,宏致,13,0,13,華南永昌-虎尾,2023-08-22,9377
6546,正基,13,0,13,華南永昌-虎尾,2023-08-22,9377
00757,統一FANG+,12,0,12,華南永昌-虎尾,2023-08-22,9377
2637,慧洋-KY,14,2,12,華南永昌-虎尾,2023-08-22,9377
2002,中鋼,12,0,12,華南永昌-虎尾,2023-08-22,9377
2891,中信金,14,3,11,華南永昌-虎尾,2023-08-22,9377
2630,亞航,11,0,11,華南永昌-虎尾,2023-08-22,9377
3050,鈺德,11,0,11,華南永昌-虎尾,2023-08-22,9377
6830,汎銓,11,0,11,華南永昌-虎尾,2023-08-22,9377
2301,光寶科,28,18,10,華南永昌-虎尾,2023-08-22,9377
0056,元大高股息,31,21,10,華南永昌-虎尾,2023-08-22,9377
00664R,國泰臺灣加權反1,10,0,10,華南永昌-虎尾,2023-08-22,9377
020027,元大上櫃ESG成長N,10,0,10,華南永昌-虎尾,2023-08-22,9377
00931B,統一美債20年,10,0,10,華南永昌-虎尾,2023-08-22,9377
2409,友達,10,0,10,華南永昌-虎尾,2023-08-22,9377
2440,太空梭,10,0,10,華南永昌-虎尾,2023-08-22,9377
3231,緯創,256,67,189,華南永昌-虎尾,2023-08-23,9377
2610,華航,173,15,158,華南永昌-虎尾,2023-08-23,9377
2618,長榮航,140,15,125,華南永昌-虎尾,2023-08-23,9377
00632R,元大台灣50反1,125,3,122,華南永昌-虎尾,2023-08-23,9377
2329,華泰,125,19,106,華南永昌-虎尾,2023-08-23,9377
00720B,元大投資級公司債,85,0,85,華南永昌-虎尾,2023-08-23,9377
3264,欣銓,50,5,45,華南永昌-虎尾,2023-08-23,9377
00929,復華台灣科技優息,37,5,32,華南永昌-虎尾,2023-08-23,9377
00680L,元大美債20正2,30,0,30,華南永昌-虎尾,2023-08-23,9377
00753L,中信中國50正2,58,28,30,華南永昌-虎尾,2023-08-23,9377
2486,一詮,51,21,30,華南永昌-虎尾,2023-08-23,9377
5425,台半,27,1,26,華南永昌-虎尾,2023-08-23,9377
2412,中華電,25,0,25,華南永昌-虎尾,2023-08-23,9377
3715,定穎投控,68,44,24,華南永昌-虎尾,2023-08-23,9377
2615,萬海,21,0,21,華南永昌-虎尾,2023-08-23,9377
8050,廣積,22,2,20,華南永昌-虎尾,2023-08-23,9377
2034,允強,20,0,20,華南永昌-虎尾,2023-08-23,9377
2349,錸德,20,0,20,華南永昌-虎尾,2023-08-23,9377
6122,擎邦,28,9,19,華南永昌-虎尾,2023-08-23,9377
6167,久正,20,3,17,華南永昌-虎尾,2023-08-23,9377
6282,康舒,68,51,17,華南永昌-虎尾,2023-08-23,9377
1504,東元,17,1,16,華南永昌-虎尾,2023-08-23,9377
6139,亞翔,14,1,13,華南永昌-虎尾,2023-08-23,9377
6196,帆宣,13,0,13,華南永昌-虎尾,2023-08-23,9377
2421,建準,25,13,12,華南永昌-虎尾,2023-08-23,9377
4979,華星光,12,0,12,華南永昌-虎尾,2023-08-23,9377
2353,宏��,14,2,12,華南永昌-虎尾,2023-08-23,9377
3163,波若威,18,6,12,華南永昌-虎尾,2023-08-23,9377
00882,中信中國高股息,11,0,11,華南永昌-虎尾,2023-08-23,9377
6125,廣運,20,9,11,華南永昌-虎尾,2023-08-23,9377
2409,友達,10,0,10,華南永昌-虎尾,2023-08-23,9377
6290,良維,10,0,10,華南永昌-虎尾,2023-08-23,9377
3035,智原,29,19,10,華南永昌-虎尾,2023-08-23,9377
5388,中磊,12,2,10,華南永昌-虎尾,2023-08-23,9377
2303,聯電,14,5,9,華南永昌-虎尾,2023-08-23,9377
1303,南亞,9,0,9,華南永昌-虎尾,2023-08-23,9377
2886,兆豐金,10,1,9,華南永昌-虎尾,2023-08-23,9377
3042,晶技,9,0,9,華南永昌-虎尾,2023-08-23,9377
2884,玉山金,11,3,8,華南永昌-虎尾,2023-08-23,9377
2332,友訊,52,44,8,華南永昌-虎尾,2023-08-23,9377
1434,福懋,7,0,7,華南永昌-虎尾,2023-08-23,9377
2301,光寶科,17,10,7,華南永昌-虎尾,2023-08-23,9377
3689,湧德,7,0,7,華南永昌-虎尾,2023-08-23,9377
3675,德微,7,0,7,華南永昌-虎尾,2023-08-23,9377
2324,仁寶,18,11,7,華南永昌-虎尾,2023-08-23,9377
00902,中信電池及儲能,6,0,6,華南永昌-虎尾,2023-08-23,9377
1905,華紙,28,22,6,華南永昌-虎尾,2023-08-23,9377
2453,凌群,6,0,6,華南永昌-虎尾,2023-08-23,9377
3051,力特,24,18,6,華南永昌-虎尾,2023-08-23,9377
3308,聯德,8,2,6,華南永昌-虎尾,2023-08-23,9377
00929,復華台灣科技優息,465,54,411,華南永昌-虎尾,2023-08-24,9377
00919,群益台灣精選高息,259,1,258,華南永昌-虎尾,2023-08-24,9377
2376,技嘉,185,31,154,華南永昌-虎尾,2023-08-24,9377
6284,佳邦,122,4,118,華南永昌-虎尾,2023-08-24,9377
2363,矽統,527,411,116,華南永昌-虎尾,2023-08-24,9377
2419,仲琦,119,16,103,華南永昌-虎尾,2023-08-24,9377
2356,英業達,119,38,81,華南永昌-虎尾,2023-08-24,9377
6026,福邦證,71,0,71,華南永昌-虎尾,2023-08-24,9377
2402,毅嘉,68,4,64,華南永昌-虎尾,2023-08-24,9377
2241,艾姆勒,62,0,62,華南永昌-虎尾,2023-08-24,9377
2371,大同,70,10,60,華南永昌-虎尾,2023-08-24,9377
00632R,元大台灣50反1,59,1,58,華南永昌-虎尾,2023-08-24,9377
2885,元大金,50,1,49,華南永昌-虎尾,2023-08-24,9377
1101,台泥,52,3,49,華南永昌-虎尾,2023-08-24,9377
2353,宏��,52,6,46,華南永昌-虎尾,2023-08-24,9377
3058,立德,32,2,30,華南永昌-虎尾,2023-08-24,9377
2329,華泰,104,81,23,華南永昌-虎尾,2023-08-24,9377
2344,華邦電,28,7,21,華南永昌-虎尾,2023-08-24,9377
1471,首利,21,0,21,華南永昌-虎尾,2023-08-24,9377
3059,華晶科,21,0,21,華南永昌-虎尾,2023-08-24,9377
1313,聯成,20,0,20,華南永昌-虎尾,2023-08-24,9377
5425,台半,22,2,20,華南永昌-虎尾,2023-08-24,9377
6505,台塑化,20,0,20,華南永昌-虎尾,2023-08-24,9377
3035,智原,33,15,18,華南永昌-虎尾,2023-08-24,9377
1515,力山,18,0,18,華南永昌-虎尾,2023-08-24,9377
00655L,國泰中國A50正2,41,24,17,華南永昌-虎尾,2023-08-24,9377
2880,華南金,17,0,17,華南永昌-虎尾,2023-08-24,9377
2884,玉山金,16,0,16,華南永昌-虎尾,2023-08-24,9377
2330,台積電,27,12,15,華南永昌-虎尾,2023-08-24,9377
3050,鈺德,15,0,15,華南永昌-虎尾,2023-08-24,9377
2883,凱基金,14,0,14,華南永昌-虎尾,2023-08-24,9377
4960,誠美材,14,0,14,華南永昌-虎尾,2023-08-24,9377
2449,京元電子,57,43,14,華南永昌-虎尾,2023-08-24,9377
2486,一詮,32,20,12,華南永昌-虎尾,2023-08-24,9377
6196,帆宣,12,0,12,華南永昌-虎尾,2023-08-24,9377
6202,盛群,12,0,12,華南永昌-虎尾,2023-08-24,9377
6546,正基,12,0,12,華南永昌-虎尾,2023-08-24,9377
4157,太景*-KY,11,0,11,華南永昌-虎尾,2023-08-24,9377
2337,旺宏,13,3,10,華南永昌-虎尾,2023-08-24,9377
3443,創意,11,1,10,華南永昌-虎尾,2023-08-24,9377
00885,富邦越南,10,0,10,華南永昌-虎尾,2023-08-24,9377
00676R,富邦臺灣加權反1,10,0,10,華南永昌-虎尾,2023-08-24,9377
00664R,國泰臺灣加權反1,10,0,10,華南永昌-虎尾,2023-08-24,9377
1737,臺鹽,11,1,10,華南永昌-虎尾,2023-08-24,9377
2349,錸德,10,0,10,華南永昌-虎尾,2023-08-24,9377
2387,精元,10,0,10,華南永昌-虎尾,2023-08-24,9377
2440,太空梭,16,6,10,華南永昌-虎尾,2023-08-24,9377
3567,逸昌,10,0,10,華南永昌-虎尾,2023-08-24,9377
4542,科嶠,10,0,10,華南永昌-虎尾,2023-08-24,9377
4744,皇將,10,0,10,華南永昌-虎尾,2023-08-24,9377
00878,國泰永續高股息,226,1,225,華南永昌-虎尾,2023-08-25,9377
1301,台塑,203,0,203,華南永昌-虎尾,2023-08-25,9377
3231,緯創,158,48,110,華南永昌-虎尾,2023-08-25,9377
2344,華邦電,101,0,101,華南永昌-虎尾,2023-08-25,9377
6505,台塑化,100,2,98,華南永昌-虎尾,2023-08-25,9377
00632R,元大台灣50反1,103,6,97,華南永昌-虎尾,2023-08-25,9377
2409,友達,85,0,85,華南永昌-虎尾,2023-08-25,9377
2353,宏��,75,1,74,華南永昌-虎尾,2023-08-25,9377
2356,英業達,54,11,43,華南永昌-虎尾,2023-08-25,9377
00637L,元大滬深300正2,51,10,41,華南永昌-虎尾,2023-08-25,9377
4906,正文,69,29,40,華南永昌-虎尾,2023-08-25,9377
8033,雷虎,45,7,38,華南永昌-虎尾,2023-08-25,9377
2425,承啟,37,0,37,華南永昌-虎尾,2023-08-25,9377
6122,擎邦,40,5,35,華南永昌-虎尾,2023-08-25,9377
2618,長榮航,49,17,32,華南永昌-虎尾,2023-08-25,9377
2206,三陽工業,38,8,30,華南永昌-虎尾,2023-08-25,9377
2349,錸德,30,0,30,華南永昌-虎尾,2023-08-25,9377
2885,元大金,30,0,30,華南永昌-虎尾,2023-08-25,9377
3037,欣興,32,3,29,華南永昌-虎尾,2023-08-25,9377
2486,一詮,33,6,27,華南永昌-虎尾,2023-08-25,9377
5880,合庫金,26,0,26,華南永昌-虎尾,2023-08-25,9377
2883,凱基金,36,10,26,華南永昌-虎尾,2023-08-25,9377
2634,漢翔,56,30,26,華南永昌-虎尾,2023-08-25,9377
2329,華泰,33,10,23,華南永昌-虎尾,2023-08-25,9377
2610,華航,22,0,22,華南永昌-虎尾,2023-08-25,9377
1101,台泥,24,2,22,華南永昌-虎尾,2023-08-25,9377
6188,廣明,26,4,22,華南永昌-虎尾,2023-08-25,9377
2892,第一金,21,0,21,華南永昌-虎尾,2023-08-25,9377
8926,台汽電,20,1,19,華南永昌-虎尾,2023-08-25,9377
00900,富邦特選高股息30,19,2,17,華南永昌-虎尾,2023-08-25,9377
2330,台積電,20,3,17,華南永昌-虎尾,2023-08-25,9377
0056,元大高股息,16,0,16,華南永昌-虎尾,2023-08-25,9377
1722,台肥,15,0,15,華南永昌-虎尾,2023-08-25,9377
00893,國泰智能電動車,16,1,15,華南永昌-虎尾,2023-08-25,9377
3050,鈺德,15,0,15,華南永昌-虎尾,2023-08-25,9377
2303,聯電,15,1,14,華南永昌-虎尾,2023-08-25,9377
2002,中鋼,13,0,13,華南永昌-虎尾,2023-08-25,9377
3704,合勤控,13,0,13,華南永昌-虎尾,2023-08-25,9377
3017,奇鋐,17,5,12,華南永昌-虎尾,2023-08-25,9377
5706,鳳凰,15,3,12,華南永昌-虎尾,2023-08-25,9377
2357,華碩,18,7,11,華南永昌-虎尾,2023-08-25,9377
3056,富華新,11,0,11,華南永昌-虎尾,2023-08-25,9377
3234,光環,14,3,11,華南永昌-虎尾,2023-08-25,9377
3363,上詮,14,3,11,華南永昌-虎尾,2023-08-25,9377
1434,福懋,16,6,10,華南永昌-虎尾,2023-08-25,9377
2369,菱生,10,0,10,華南永昌-虎尾,2023-08-25,9377
2371,大同,25,15,10,華南永昌-虎尾,2023-08-25,9377
00899,FT潔淨能源,10,0,10,華南永昌-虎尾,2023-08-25,9377
2301,光寶科,26,16,10,華南永昌-虎尾,2023-08-25,9377
2484,希華,10,0,10,華南永昌-虎尾,2023-08-25,9377
2323,中環,160,0,160,華南永昌-虎尾,2023-08-28,9377
4906,正文,181,39,142,華南永昌-虎尾,2023-08-28,9377
8105,凌巨,130,0,130,華南永昌-虎尾,2023-08-28,9377
00753L,中信中國50正2,110,13,97,華南永昌-虎尾,2023-08-28,9377
3665,貿聯-KY,75,1,74,華南永昌-虎尾,2023-08-28,9377
2241,艾姆勒,72,0,72,華南永昌-虎尾,2023-08-28,9377
2303,聯電,130,58,72,華南永昌-虎尾,2023-08-28,9377
00929,復華台灣科技優息,47,0,47,華南永昌-虎尾,2023-08-28,9377
2618,長榮航,50,8,42,華南永昌-虎尾,2023-08-28,9377
00706L,期元大S＆P日圓正2,35,0,35,華南永昌-虎尾,2023-08-28,9377
00673R,期元大S＆P原油反1,40,5,35,華南永昌-虎尾,2023-08-28,9377
1802,台玻,34,0,34,華南永昌-虎尾,2023-08-28,9377
1609,大亞,42,10,32,華南永昌-虎尾,2023-08-28,9377
2449,京元電子,53,21,32,華南永昌-虎尾,2023-08-28,9377
2883,凱基金,27,0,27,華南永昌-虎尾,2023-08-28,9377
3050,鈺德,26,0,26,華南永昌-虎尾,2023-08-28,9377
2331,精英,48,22,26,華南永昌-虎尾,2023-08-28,9377
2610,華航,29,5,24,華南永昌-虎尾,2023-08-28,9377
00665L,富邦�琤肭磪囓�2,101,78,23,華南永昌-虎尾,2023-08-28,9377
4564,元翎,21,0,21,華南永昌-虎尾,2023-08-28,9377
3231,緯創,88,68,20,華南永昌-虎尾,2023-08-28,9377
2601,益航,20,0,20,華南永昌-虎尾,2023-08-28,9377
2485,兆赫,23,4,19,華南永昌-虎尾,2023-08-28,9377
00878,國泰永續高股息,24,5,19,華南永昌-虎尾,2023-08-28,9377
2371,大同,55,36,19,華南永昌-虎尾,2023-08-28,9377
2425,承啟,22,4,18,華南永昌-虎尾,2023-08-28,9377
2206,三陽工業,18,1,17,華南永昌-虎尾,2023-08-28,9377
2486,一詮,17,0,17,華南永昌-虎尾,2023-08-28,9377
3078,僑威,17,0,17,華南永昌-虎尾,2023-08-28,9377
4739,康普,17,0,17,華南永昌-虎尾,2023-08-28,9377
6418,詠昇,20,3,17,華南永昌-虎尾,2023-08-28,9377
3374,精材,15,0,15,華南永昌-虎尾,2023-08-28,9377
2388,威盛,21,7,14,華南永昌-虎尾,2023-08-28,9377
1504,東元,14,0,14,華南永昌-虎尾,2023-08-28,9377
1515,力山,17,3,14,華南永昌-虎尾,2023-08-28,9377
2606,裕民,14,0,14,華南永昌-虎尾,2023-08-28,9377
3051,力特,21,7,14,華南永昌-虎尾,2023-08-28,9377
1101,台泥,13,0,13,華南永昌-虎尾,2023-08-28,9377
2317,鴻海,13,0,13,華南永昌-虎尾,2023-08-28,9377
3325,旭品,14,1,13,華南永昌-虎尾,2023-08-28,9377
2401,凌陽,12,0,12,華南永昌-虎尾,2023-08-28,9377
3483,力致,16,4,12,華南永昌-虎尾,2023-08-28,9377
5381,合正,25,13,12,華南永昌-虎尾,2023-08-28,9377
6122,擎邦,11,0,11,華南永昌-虎尾,2023-08-28,9377
2885,元大金,11,0,11,華南永昌-虎尾,2023-08-28,9377
3094,聯傑,12,1,11,華南永昌-虎尾,2023-08-28,9377
2634,漢翔,83,72,11,華南永昌-虎尾,2023-08-28,9377
6592,和潤企業,10,0,10,華南永昌-虎尾,2023-08-28,9377
6509,聚和,10,0,10,華南永昌-虎尾,2023-08-28,9377
1220,台榮,10,0,10,華南永昌-虎尾,2023-08-28,9377
9945,潤泰新,150,14,136,華南永昌-虎尾,2023-08-29,9377
2363,矽統,269,219,50,華南永昌-虎尾,2023-08-29,9377
2405,輔信,50,0,50,華南永昌-虎尾,2023-08-29,9377
2883,凱基金,42,4,38,華南永昌-虎尾,2023-08-29,9377
00712,復華富時不動產,32,0,32,華南永昌-虎尾,2023-08-29,9377
00720B,元大投資級公司債,30,0,30,華南永昌-虎尾,2023-08-29,9377
2344,華邦電,32,4,28,華南永昌-虎尾,2023-08-29,9377
00878,國泰永續高股息,26,1,25,華南永昌-虎尾,2023-08-29,9377
2634,漢翔,55,32,23,華南永昌-虎尾,2023-08-29,9377
2618,長榮航,24,2,22,華南永昌-虎尾,2023-08-29,9377
6672,騰輝電子-KY,22,0,22,華南永昌-虎尾,2023-08-29,9377
3050,鈺德,20,0,20,華南永昌-虎尾,2023-08-29,9377
6122,擎邦,20,0,20,華南永昌-虎尾,2023-08-29,9377
6244,茂迪,20,0,20,華南永昌-虎尾,2023-08-29,9377
3058,立德,16,0,16,華南永昌-虎尾,2023-08-29,9377
3231,緯創,66,51,15,華南永昌-虎尾,2023-08-29,9377
2812,台中銀,15,0,15,華南永昌-虎尾,2023-08-29,9377
4906,正文,33,20,13,華南永昌-虎尾,2023-08-29,9377
6443,元晶,76,64,12,華南永昌-虎尾,2023-08-29,9377
2449,京元電子,31,20,11,華南永昌-虎尾,2023-08-29,9377
00664R,國泰臺灣加權反1,10,0,10,華南永昌-虎尾,2023-08-29,9377
00632R,元大台灣50反1,10,0,10,華南永昌-虎尾,2023-08-29,9377
00706L,期元大S＆P日圓正2,10,0,10,華南永昌-虎尾,2023-08-29,9377
2354,鴻準,11,1,10,華南永昌-虎尾,2023-08-29,9377
2478,大毅,10,0,10,華南永昌-虎尾,2023-08-29,9377
4919,新唐,10,0,10,華南永昌-虎尾,2023-08-29,9377
00929,復華台灣科技優息,9,0,9,華南永昌-虎尾,2023-08-29,9377
2105,正新,12,3,9,華南永昌-虎尾,2023-08-29,9377
3665,貿聯-KY,10,1,9,華南永昌-虎尾,2023-08-29,9377
3017,奇鋐,13,5,8,華南永昌-虎尾,2023-08-29,9377
6188,廣明,9,1,8,華南永昌-虎尾,2023-08-29,9377
2317,鴻海,28,21,7,華南永昌-虎尾,2023-08-29,9377
2002,中鋼,7,0,7,華南永昌-虎尾,2023-08-29,9377
2611,志信,7,0,7,華南永昌-虎尾,2023-08-29,9377
2324,仁寶,11,4,7,華南永昌-虎尾,2023-08-29,9377
2630,亞航,21,14,7,華南永昌-虎尾,2023-08-29,9377
2888,新光金,21,15,6,華南永昌-虎尾,2023-08-29,9377
6527,明達醫,6,0,6,華南永昌-虎尾,2023-08-29,9377
8222,寶一,10,4,6,華南永昌-虎尾,2023-08-29,9377
2887,台新金,6,0,6,華南永昌-虎尾,2023-08-29,9377
2340,台亞,8,3,5,華南永昌-虎尾,2023-08-29,9377
2368,金像電,15,10,5,華南永昌-虎尾,2023-08-29,9377
00919,群益台灣精選高息,5,0,5,華南永昌-虎尾,2023-08-29,9377
1519,華城,11,6,5,華南永昌-虎尾,2023-08-29,9377
1522,堤維西,5,0,5,華南永昌-虎尾,2023-08-29,9377
2425,承啟,5,0,5,華南永昌-虎尾,2023-08-29,9377
2464,盟立,7,2,5,華南永昌-虎尾,2023-08-29,9377
4916,事欣科,8,3,5,華南永昌-虎尾,2023-08-29,9377
6191,精成科,10,5,5,華南永昌-虎尾,2023-08-29,9377
6788,華景電,5,0,5,華南永昌-虎尾,2023-08-29,9377
3231,緯創,351,79,272,華南永昌-虎尾,2023-08-30,9377
00637L,元大滬深300正2,74,10,64,華南永昌-虎尾,2023-08-30,9377
3176,基亞,64,1,63,華南永昌-虎尾,2023-08-30,9377
2344,華邦電,75,24,51,華南永昌-虎尾,2023-08-30,9377
2390,云辰,52,2,50,華南永昌-虎尾,2023-08-30,9377
00712,復華富時不動產,50,2,48,華南永昌-虎尾,2023-08-30,9377
2618,長榮航,48,6,42,華南永昌-虎尾,2023-08-30,9377
6125,廣運,36,5,31,華南永昌-虎尾,2023-08-30,9377
8105,凌巨,30,0,30,華南永昌-虎尾,2023-08-30,9377
1615,大山,25,0,25,華南永昌-虎尾,2023-08-30,9377
2457,飛宏,21,0,21,華南永昌-虎尾,2023-08-30,9377
5353,台林,21,0,21,華南永昌-虎尾,2023-08-30,9377
00673R,期元大S＆P原油反1,20,0,20,華南永昌-虎尾,2023-08-30,9377
1460,宏遠,20,0,20,華南永昌-虎尾,2023-08-30,9377
2323,中環,40,20,20,華南永昌-虎尾,2023-08-30,9377
2425,承啟,24,4,20,華南永昌-虎尾,2023-08-30,9377
00720B,元大投資級公司債,20,1,19,華南永昌-虎尾,2023-08-30,9377
3481,群創,19,1,18,華南永昌-虎尾,2023-08-30,9377
2382,廣達,118,104,14,華南永昌-虎尾,2023-08-30,9377
5443,均豪,15,1,14,華南永昌-虎尾,2023-08-30,9377
2884,玉山金,12,0,12,華南永昌-虎尾,2023-08-30,9377
2440,太空梭,18,6,12,華南永昌-虎尾,2023-08-30,9377
3032,偉訓,13,1,12,華南永昌-虎尾,2023-08-30,9377
2486,一詮,12,0,12,華南永昌-虎尾,2023-08-30,9377
8112,至上,11,0,11,華南永昌-虎尾,2023-08-30,9377
2367,燿華,11,0,11,華南永昌-虎尾,2023-08-30,9377
6285,啟��,17,6,11,華南永昌-虎尾,2023-08-30,9377
1101,台泥,12,1,11,華南永昌-虎尾,2023-08-30,9377
1589,永冠-KY,12,2,10,華南永昌-虎尾,2023-08-30,9377
00664R,國泰臺灣加權反1,10,0,10,華南永昌-虎尾,2023-08-30,9377
00885,富邦越南,10,0,10,華南永昌-虎尾,2023-08-30,9377
3706,神達,22,12,10,華南永昌-虎尾,2023-08-30,9377
5009,榮剛,10,0,10,華南永昌-虎尾,2023-08-30,9377
2401,凌陽,30,20,10,華南永昌-虎尾,2023-08-30,9377
2883,凱基金,10,1,9,華南永昌-虎尾,2023-08-30,9377
3094,聯傑,14,5,9,華南永昌-虎尾,2023-08-30,9377
3264,欣銓,12,3,9,華南永昌-虎尾,2023-08-30,9377
1522,堤維西,10,1,9,華南永昌-虎尾,2023-08-30,9377
2355,敬鵬,22,13,9,華南永昌-虎尾,2023-08-30,9377
2002,中鋼,10,2,8,華南永昌-虎尾,2023-08-30,9377
3058,立德,9,1,8,華南永昌-虎尾,2023-08-30,9377
6213,聯茂,18,10,8,華南永昌-虎尾,2023-08-30,9377
6231,系微,12,4,8,華南永昌-虎尾,2023-08-30,9377
8222,寶一,11,3,8,華南永昌-虎尾,2023-08-30,9377
9938,百和,9,1,8,華南永昌-虎尾,2023-08-30,9377
2801,彰銀,7,0,7,華南永昌-虎尾,2023-08-30,9377
8150,南茂,9,2,7,華南永昌-虎尾,2023-08-30,9377
2368,金像電,15,9,6,華南永昌-虎尾,2023-08-30,9377
5469,瀚宇博,6,0,6,華南永昌-虎尾,2023-08-30,9377
2301,光寶科,17,11,6,華南永昌-虎尾,2023-08-30,9377
3231,緯創,342,110,232,華南永昌-虎尾,2023-08-31,9377
2618,長榮航,115,12,103,華南永昌-虎尾,2023-08-31,9377
2337,旺宏,77,19,58,華南永昌-虎尾,2023-08-31,9377
2425,承啟,58,3,55,華南永昌-虎尾,2023-08-31,9377
1301,台塑,52,0,52,華南永昌-虎尾,2023-08-31,9377
6505,台塑化,52,0,52,華南永昌-虎尾,2023-08-31,9377
2405,輔信,50,3,47,華南永昌-虎尾,2023-08-31,9377
00720B,元大投資級公司債,42,0,42,華南永昌-虎尾,2023-08-31,9377
5009,榮剛,40,0,40,華南永昌-虎尾,2023-08-31,9377
2610,華航,40,1,39,華南永昌-虎尾,2023-08-31,9377
2323,中環,36,0,36,華南永昌-虎尾,2023-08-31,9377
2402,毅嘉,94,59,35,華南永昌-虎尾,2023-08-31,9377
2390,云辰,51,18,33,華南永昌-虎尾,2023-08-31,9377
2880,華南金,33,0,33,華南永昌-虎尾,2023-08-31,9377
6168,宏齊,42,10,32,華南永昌-虎尾,2023-08-31,9377
0056,元大高股息,35,4,31,華南永昌-虎尾,2023-08-31,9377
00712,復華富時不動產,30,1,29,華南永昌-虎尾,2023-08-31,9377
00655L,國泰中國A50正2,30,2,28,華南永昌-虎尾,2023-08-31,9377
3715,定穎投控,35,8,27,華南永昌-虎尾,2023-08-31,9377
9958,世紀鋼,26,2,24,華南永昌-虎尾,2023-08-31,9377
00878,國泰永續高股息,24,0,24,華南永昌-虎尾,2023-08-31,9377
2344,華邦電,32,9,23,華南永昌-虎尾,2023-08-31,9377
00637L,元大滬深300正2,20,0,20,華南永昌-虎尾,2023-08-31,9377
9910,豐泰,20,0,20,華南永昌-虎尾,2023-08-31,9377
2303,聯電,28,9,19,華南永昌-虎尾,2023-08-31,9377
3706,神達,27,8,19,華南永昌-虎尾,2023-08-31,9377
6284,佳邦,20,1,19,華南永昌-虎尾,2023-08-31,9377
2329,華泰,43,27,16,華南永昌-虎尾,2023-08-31,9377
3481,群創,37,21,16,華南永昌-虎尾,2023-08-31,9377
3051,力特,17,2,15,華南永昌-虎尾,2023-08-31,9377
3622,洋華,14,0,14,華南永昌-虎尾,2023-08-31,9377
6770,力積電,21,7,14,華南永昌-虎尾,2023-08-31,9377
2002,中鋼,15,2,13,華南永昌-虎尾,2023-08-31,9377
2331,精英,27,14,13,華南永昌-虎尾,2023-08-31,9377
5381,合正,21,8,13,華南永昌-虎尾,2023-08-31,9377
1216,統一,12,0,12,華南永昌-虎尾,2023-08-31,9377
2615,萬海,12,0,12,華南永昌-虎尾,2023-08-31,9377
3094,聯傑,14,2,12,華南永昌-虎尾,2023-08-31,9377
3576,聯合再生,15,3,12,華南永昌-虎尾,2023-08-31,9377
6116,彩晶,12,0,12,華南永昌-虎尾,2023-08-31,9377
2892,第一金,11,0,11,華南永昌-虎尾,2023-08-31,9377
2905,三商,11,0,11,華南永昌-虎尾,2023-08-31,9377
1101,台泥,12,2,10,華南永昌-虎尾,2023-08-31,9377
1528,恩德,10,0,10,華南永昌-虎尾,2023-08-31,9377
1712,興農,10,0,10,華南永昌-虎尾,2023-08-31,9377
1714,和桐,10,0,10,華南永昌-虎尾,2023-08-31,9377
1802,台玻,22,12,10,華南永昌-虎尾,2023-08-31,9377
3058,立德,10,0,10,華南永昌-虎尾,2023-08-31,9377
3710,連展投控,10,0,10,華南永昌-虎尾,2023-08-31,9377
5289,宜鼎,10,0,10,華南永昌-虎尾,2023-08-31,9377
00921,兆豐龍頭等權重,100,0,100,華南永昌-虎尾,2023-09-01,9377
00932,兆豐永續高息等權,150,91,59,華南永昌-虎尾,2023-09-01,9377
2399,映泰,50,0,50,華南永昌-虎尾,2023-09-01,9377
2485,兆赫,98,49,49,華南永昌-虎尾,2023-09-01,9377
00673R,期元大S＆P原油反1,44,0,44,華南永昌-虎尾,2023-09-01,9377
6121,新普,43,0,43,華南永昌-虎尾,2023-09-01,9377
3231,緯創,147,108,39,華南永昌-虎尾,2023-09-01,9377
3481,群創,36,0,36,華南永昌-虎尾,2023-09-01,9377
2705,六福,35,0,35,華南永昌-虎尾,2023-09-01,9377
2356,英業達,35,4,31,華南永昌-虎尾,2023-09-01,9377
1762,中化生,34,7,27,華南永昌-虎尾,2023-09-01,9377
4944,兆遠,27,0,27,華南永昌-虎尾,2023-09-01,9377
2912,統一超,21,0,21,華南永昌-虎尾,2023-09-01,9377
6175,立敦,21,0,21,華南永昌-虎尾,2023-09-01,9377
4157,太景*-KY,20,0,20,華南永昌-虎尾,2023-09-01,9377
8105,凌巨,20,0,20,華南永昌-虎尾,2023-09-01,9377
2892,第一金,18,0,18,華南永昌-虎尾,2023-09-01,9377
2543,皇昌,18,0,18,華南永昌-虎尾,2023-09-01,9377
2367,燿華,22,5,17,華南永昌-虎尾,2023-09-01,9377
00919,群益台灣精選高息,14,0,14,華南永昌-虎尾,2023-09-01,9377
2329,華泰,52,38,14,華南永昌-虎尾,2023-09-01,9377
2303,聯電,17,3,14,華南永昌-虎尾,2023-09-01,9377
2363,矽統,132,118,14,華南永昌-虎尾,2023-09-01,9377
2884,玉山金,12,0,12,華南永昌-虎尾,2023-09-01,9377
1714,和桐,12,0,12,華南永昌-虎尾,2023-09-01,9377
3050,鈺德,12,0,12,華南永昌-虎尾,2023-09-01,9377
1605,華新,26,14,12,華南永昌-虎尾,2023-09-01,9377
1618,合機,12,1,11,華南永昌-虎尾,2023-09-01,9377
2359,所羅門,11,0,11,華南永昌-虎尾,2023-09-01,9377
00633L,富邦上証正2,10,0,10,華南永昌-虎尾,2023-09-01,9377
00753L,中信中國50正2,10,0,10,華南永昌-虎尾,2023-09-01,9377
1513,中興電,21,11,10,華南永昌-虎尾,2023-09-01,9377
1524,耿鼎,10,0,10,華南永昌-虎尾,2023-09-01,9377
5353,台林,10,0,10,華南永昌-虎尾,2023-09-01,9377
1540,喬福,10,0,10,華南永昌-虎尾,2023-09-01,9377
1612,宏泰,11,1,10,華南永昌-虎尾,2023-09-01,9377
1434,福懋,9,0,9,華南永昌-虎尾,2023-09-01,9377
4973,廣穎,11,2,9,華南永昌-虎尾,2023-09-01,9377
6285,啟��,14,5,9,華南永昌-虎尾,2023-09-01,9377
2301,光寶科,15,6,9,華南永昌-虎尾,2023-09-01,9377
1471,首利,8,0,8,華南永昌-虎尾,2023-09-01,9377
1522,堤維西,52,44,8,華南永昌-虎尾,2023-09-01,9377
2324,仁寶,10,2,8,華南永昌-虎尾,2023-09-01,9377
2609,陽明,10,2,8,華南永昌-虎尾,2023-09-01,9377
2376,技嘉,31,24,7,華南永昌-虎尾,2023-09-01,9377
2392,正崴,8,2,6,華南永昌-虎尾,2023-09-01,9377
2436,偉詮電,23,17,6,華南永昌-虎尾,2023-09-01,9377
3032,偉訓,6,0,6,華南永昌-虎尾,2023-09-01,9377
5880,合庫金,6,0,6,華南永昌-虎尾,2023-09-01,9377
1101,台泥,15,10,5,華南永昌-虎尾,2023-09-01,9377
00919,群益台灣精選高息,136,10,126,華南永昌-虎尾,2023-09-04,9377
2323,中環,175,50,125,華南永昌-虎尾,2023-09-04,9377
1504,東元,90,4,86,華南永昌-虎尾,2023-09-04,9377
2409,友達,65,0,65,華南永昌-虎尾,2023-09-04,9377
00932,兆豐永續高息等權,85,32,53,華南永昌-虎尾,2023-09-04,9377
2329,華泰,57,6,51,華南永昌-虎尾,2023-09-04,9377
2405,輔信,50,0,50,華南永昌-虎尾,2023-09-04,9377
00857B,永豐20年美公債,43,0,43,華南永昌-虎尾,2023-09-04,9377
2363,矽統,179,143,36,華南永昌-虎尾,2023-09-04,9377
3338,泰碩,33,1,32,華南永昌-虎尾,2023-09-04,9377
00688L,國泰20年美債正2,30,0,30,華南永昌-虎尾,2023-09-04,9377
2472,立隆電,30,1,29,華南永昌-虎尾,2023-09-04,9377
2344,華邦電,40,12,28,華南永昌-虎尾,2023-09-04,9377
2892,第一金,24,0,24,華南永昌-虎尾,2023-09-04,9377
00929,復華台灣科技優息,27,5,22,華南永昌-虎尾,2023-09-04,9377
00679B,元大美債20年,21,0,21,華南永昌-虎尾,2023-09-04,9377
00757,統一FANG+,21,0,21,華南永昌-虎尾,2023-09-04,9377
2542,興富發,20,0,20,華南永昌-虎尾,2023-09-04,9377
8105,凌巨,20,0,20,華南永昌-虎尾,2023-09-04,9377
2520,冠德,19,0,19,華南永昌-虎尾,2023-09-04,9377
2208,台船,21,5,16,華南永昌-虎尾,2023-09-04,9377
1608,華榮,15,0,15,華南永昌-虎尾,2023-09-04,9377
2464,盟立,25,10,15,華南永昌-虎尾,2023-09-04,9377
2364,倫飛,14,0,14,華南永昌-虎尾,2023-09-04,9377
3311,閎暉,20,6,14,華南永昌-虎尾,2023-09-04,9377
1104,環泥,13,0,13,華南永昌-虎尾,2023-09-04,9377
2705,六福,13,0,13,華南永昌-虎尾,2023-09-04,9377
2887,台新金,13,0,13,華南永昌-虎尾,2023-09-04,9377
3078,僑威,13,0,13,華南永昌-虎尾,2023-09-04,9377
4909,新復興,12,0,12,華南永昌-虎尾,2023-09-04,9377
00915,凱基優選高股息30,11,0,11,華南永昌-虎尾,2023-09-04,9377
1529,樂事綠能,11,0,11,華南永昌-虎尾,2023-09-04,9377
1909,榮成,11,0,11,華南永昌-虎尾,2023-09-04,9377
2337,旺宏,13,2,11,華南永昌-虎尾,2023-09-04,9377
5381,合正,34,23,11,華南永昌-虎尾,2023-09-04,9377
5880,合庫金,11,0,11,華南永昌-虎尾,2023-09-04,9377
00795B,中信美國公債20年,10,0,10,華南永昌-虎尾,2023-09-04,9377
2031,新光鋼,10,0,10,華南永昌-虎尾,2023-09-04,9377
4533,協易機,10,0,10,華南永昌-虎尾,2023-09-04,9377
9919,康那香,38,28,10,華南永昌-虎尾,2023-09-04,9377
5347,世界,13,4,9,華南永昌-虎尾,2023-09-04,9377
6547,高端疫苗,14,5,9,華南永昌-虎尾,2023-09-04,9377
00882,中信中國高股息,9,0,9,華南永昌-虎尾,2023-09-04,9377
1616,億泰,13,4,9,華南永昌-虎尾,2023-09-04,9377
1762,中化生,9,0,9,華南永昌-虎尾,2023-09-04,9377
2603,長榮,11,2,9,華南永昌-虎尾,2023-09-04,9377
8069,元太,9,1,8,華南永昌-虎尾,2023-09-04,9377
2324,仁寶,8,0,8,華南永昌-虎尾,2023-09-04,9377
2402,毅嘉,76,68,8,華南永昌-虎尾,2023-09-04,9377
3051,力特,14,6,8,華南永昌-虎尾,2023-09-04,9377
00929,復華台灣科技優息,135,0,135,華南永昌-虎尾,2023-09-05,9377
9105,泰金寶-DR,100,0,100,華南永昌-虎尾,2023-09-05,9377
2402,毅嘉,107,28,79,華南永昌-虎尾,2023-09-05,9377
1584,精剛,72,0,72,華南永昌-虎尾,2023-09-05,9377
5469,瀚宇博,181,110,71,華南永昌-虎尾,2023-09-05,9377
00915,凱基優選高股息30,58,0,58,華南永昌-虎尾,2023-09-05,9377
2323,中環,130,80,50,華南永昌-虎尾,2023-09-05,9377
8103,瀚荃,50,0,50,華南永昌-虎尾,2023-09-05,9377
2331,精英,53,4,49,華南永昌-虎尾,2023-09-05,9377
2610,華航,47,1,46,華南永昌-虎尾,2023-09-05,9377
4157,太景*-KY,41,0,41,華南永昌-虎尾,2023-09-05,9377
2883,凱基金,39,0,39,華南永昌-虎尾,2023-09-05,9377
2425,承啟,33,0,33,華南永昌-虎尾,2023-09-05,9377
8150,南茂,33,5,28,華南永昌-虎尾,2023-09-05,9377
2324,仁寶,42,16,26,華南永昌-虎尾,2023-09-05,9377
1710,東聯,24,0,24,華南永昌-虎尾,2023-09-05,9377
5215,科嘉-KY,31,7,24,華南永昌-虎尾,2023-09-05,9377
3029,零壹,23,2,21,華南永昌-虎尾,2023-09-05,9377
2409,友達,21,0,21,華南永昌-虎尾,2023-09-05,9377
00919,群益台灣精選高息,24,4,20,華南永昌-虎尾,2023-09-05,9377
2017,官田鋼,20,0,20,華南永昌-虎尾,2023-09-05,9377
2371,大同,47,27,20,華南永昌-虎尾,2023-09-05,9377
00637L,元大滬深300正2,30,13,17,華南永昌-虎尾,2023-09-05,9377
1615,大山,16,0,16,華南永昌-虎尾,2023-09-05,9377
2031,新光鋼,15,0,15,華南永昌-虎尾,2023-09-05,9377
2201,裕隆,19,4,15,華南永昌-虎尾,2023-09-05,9377
2369,菱生,18,4,14,華南永昌-虎尾,2023-09-05,9377
8930,青鋼,14,0,14,華南永昌-虎尾,2023-09-05,9377
2002,中鋼,12,0,12,華南永昌-虎尾,2023-09-05,9377
6235,華孚,24,12,12,華南永昌-虎尾,2023-09-05,9377
2312,金寶,13,1,12,華南永昌-虎尾,2023-09-05,9377
00907,永豐優息存股,11,0,11,華南永昌-虎尾,2023-09-05,9377
2344,華邦電,22,11,11,華南永昌-虎尾,2023-09-05,9377
3078,僑威,12,1,11,華南永昌-虎尾,2023-09-05,9377
00878,國泰永續高股息,10,0,10,華南永昌-虎尾,2023-09-05,9377
00706L,期元大S＆P日圓正2,10,0,10,華南永昌-虎尾,2023-09-05,9377
00680L,元大美債20正2,10,0,10,華南永昌-虎尾,2023-09-05,9377
00795B,中信美國公債20年,10,0,10,華南永昌-虎尾,2023-09-05,9377
1714,和桐,10,0,10,華南永昌-虎尾,2023-09-05,9377
1717,長興,10,0,10,華南永昌-虎尾,2023-09-05,9377
2349,錸德,10,0,10,華南永昌-虎尾,2023-09-05,9377
3005,神基,10,0,10,華南永昌-虎尾,2023-09-05,9377
3038,全台,10,0,10,華南永昌-虎尾,2023-09-05,9377
4906,正文,10,0,10,華南永昌-虎尾,2023-09-05,9377
6550,北極星藥業-KY,10,0,10,華南永昌-虎尾,2023-09-05,9377
2881,富邦金,11,2,9,華南永昌-虎尾,2023-09-05,9377
1101,台泥,12,2,10,華南永昌-虎尾,2023-09-05,9377
2357,華碩,9,0,9,華南永昌-虎尾,2023-09-05,9377
2392,正崴,9,0,9,華南永昌-虎尾,2023-09-05,9377
3050,鈺德,9,0,9,華南永昌-虎尾,2023-09-05,9377
2382,廣達,248,20,228,華南永昌-虎尾,2023-09-06,9377
3481,群創,224,3,221,華南永昌-虎尾,2023-09-06,9377
00929,復華台灣科技優息,259,98,161,華南永昌-虎尾,2023-09-06,9377
00919,群益台灣精選高息,156,3,153,華南永昌-虎尾,2023-09-06,9377
2409,友達,158,21,137,華南永昌-虎尾,2023-09-06,9377
3311,閎暉,97,16,81,華南永昌-虎尾,2023-09-06,9377
00673R,期元大S＆P原油反1,77,0,77,華南永昌-虎尾,2023-09-06,9377
2363,矽統,174,101,73,華南永昌-虎尾,2023-09-06,9377
1101,台泥,69,0,69,華南永昌-虎尾,2023-09-06,9377
4743,合一,58,0,58,華南永昌-虎尾,2023-09-06,9377
2349,錸德,47,0,47,華南永昌-虎尾,2023-09-06,9377
3545,敦泰,49,2,47,華南永昌-虎尾,2023-09-06,9377
2634,漢翔,52,7,45,華南永昌-虎尾,2023-09-06,9377
00637L,元大滬深300正2,40,0,40,華南永昌-虎尾,2023-09-06,9377
00753L,中信中國50正2,37,0,37,華南永昌-虎尾,2023-09-06,9377
4909,新復興,37,3,34,華南永昌-虎尾,2023-09-06,9377
8103,瀚荃,30,0,30,華南永昌-虎尾,2023-09-06,9377
00915,凱基優選高股息30,36,6,30,華南永昌-虎尾,2023-09-06,9377
1460,宏遠,30,0,30,華南永昌-虎尾,2023-09-06,9377
1522,堤維西,38,11,27,華南永昌-虎尾,2023-09-06,9377
3042,晶技,63,37,26,華南永昌-虎尾,2023-09-06,9377
2359,所羅門,25,0,25,華南永昌-虎尾,2023-09-06,9377
2883,凱基金,25,0,25,華南永昌-虎尾,2023-09-06,9377
2354,鴻準,36,11,25,華南永昌-虎尾,2023-09-06,9377
2606,裕民,25,0,25,華南永昌-虎尾,2023-09-06,9377
2485,兆赫,55,31,24,華南永昌-虎尾,2023-09-06,9377
8261,富鼎,23,0,23,華南永昌-虎尾,2023-09-06,9377
2356,英業達,46,23,23,華南永昌-虎尾,2023-09-06,9377
5880,合庫金,22,0,22,華南永昌-虎尾,2023-09-06,9377
3704,合勤控,23,1,22,華南永昌-虎尾,2023-09-06,9377
3567,逸昌,21,0,21,華南永昌-虎尾,2023-09-06,9377
00655L,國泰中國A50正2,20,0,20,華南永昌-虎尾,2023-09-06,9377
3338,泰碩,20,0,20,華南永昌-虎尾,2023-09-06,9377
2436,偉詮電,33,14,19,華南永昌-虎尾,2023-09-06,9377
2449,京元電子,24,5,19,華南永昌-虎尾,2023-09-06,9377
8028,昇陽半導體,20,1,19,華南永昌-虎尾,2023-09-06,9377
2402,毅嘉,29,11,18,華南永昌-虎尾,2023-09-06,9377
2888,新光金,16,0,16,華南永昌-虎尾,2023-09-06,9377
1815,富喬,31,15,16,華南永昌-虎尾,2023-09-06,9377
2301,光寶科,16,2,14,華南永昌-虎尾,2023-09-06,9377
6274,台燿,39,25,14,華南永昌-虎尾,2023-09-06,9377
4977,眾達-KY,16,3,13,華南永昌-虎尾,2023-09-06,9377
6182,合晶,14,1,13,華南永昌-虎尾,2023-09-06,9377
6547,高端疫苗,16,3,13,華南永昌-虎尾,2023-09-06,9377
2884,玉山金,12,0,12,華南永昌-虎尾,2023-09-06,9377
6116,彩晶,12,0,12,華南永昌-虎尾,2023-09-06,9377
00680L,元大美債20正2,12,0,12,華南永昌-虎尾,2023-09-06,9377
5381,合正,20,8,12,華南永昌-虎尾,2023-09-06,9377
8358,金居,19,8,11,華南永昌-虎尾,2023-09-06,9377
2816,旺旺保,17,6,11,華南永昌-虎尾,2023-09-06,9377
00932,兆豐永續高息等權,503,0,503,華南永昌-虎尾,2023-09-07,9377
00929,復華台灣科技優息,238,126,112,華南永昌-虎尾,2023-09-07,9377
3481,群創,159,47,112,華南永昌-虎尾,2023-09-07,9377
00637L,元大滬深300正2,127,43,84,華南永昌-虎尾,2023-09-07,9377
4909,新復興,99,15,84,華南永昌-虎尾,2023-09-07,9377
3078,僑威,79,7,72,華南永昌-虎尾,2023-09-07,9377
3090,日電貿,69,6,63,華南永昌-虎尾,2023-09-07,9377
00673R,期元大S＆P原油反1,62,2,60,華南永昌-虎尾,2023-09-07,9377
9945,潤泰新,60,1,59,華南永昌-虎尾,2023-09-07,9377
4533,協易機,71,22,49,華南永昌-虎尾,2023-09-07,9377
2609,陽明,42,0,42,華南永昌-虎尾,2023-09-07,9377
2358,廷鑫,48,7,41,華南永昌-虎尾,2023-09-07,9377
4906,正文,49,10,39,華南永昌-虎尾,2023-09-07,9377
1522,堤維西,45,6,39,華南永昌-虎尾,2023-09-07,9377
2402,毅嘉,38,3,35,華南永昌-虎尾,2023-09-07,9377
2356,英業達,39,4,35,華南永昌-虎尾,2023-09-07,9377
3050,鈺德,34,0,34,華南永昌-虎尾,2023-09-07,9377
2884,玉山金,26,0,26,華南永昌-虎尾,2023-09-07,9377
3545,敦泰,35,10,25,華南永昌-虎尾,2023-09-07,9377
4157,太景*-KY,21,0,21,華南永昌-虎尾,2023-09-07,9377
6274,台燿,43,22,21,華南永昌-虎尾,2023-09-07,9377
4114,健喬,22,2,20,華南永昌-虎尾,2023-09-07,9377
2002,中鋼,20,2,18,華南永昌-虎尾,2023-09-07,9377
00919,群益台灣精選高息,25,9,16,華南永昌-虎尾,2023-09-07,9377
1524,耿鼎,18,2,16,華南永昌-虎尾,2023-09-07,9377
2436,偉詮電,33,17,16,華南永昌-虎尾,2023-09-07,9377
2605,新興,16,0,16,華南永昌-虎尾,2023-09-07,9377
9904,寶成,15,0,15,華南永昌-虎尾,2023-09-07,9377
4915,致伸,15,1,14,華南永昌-虎尾,2023-09-07,9377
2241,艾姆勒,14,0,14,華南永昌-虎尾,2023-09-07,9377
8112,至上,24,10,14,華南永昌-虎尾,2023-09-07,9377
00918,大華優利高填息30,15,2,13,華南永昌-虎尾,2023-09-07,9377
6245,立端,15,2,13,華南永昌-虎尾,2023-09-07,9377
2027,大成鋼,13,0,13,華南永昌-虎尾,2023-09-07,9377
2031,新光鋼,12,0,12,華南永昌-虎尾,2023-09-07,9377
2401,凌陽,11,0,11,華南永昌-虎尾,2023-09-07,9377
1319,東陽,11,0,11,華南永昌-虎尾,2023-09-07,9377
00915,凱基優選高股息30,11,0,11,華南永昌-虎尾,2023-09-07,9377
2344,華邦電,12,1,11,華南永昌-虎尾,2023-09-07,9377
2464,盟立,11,0,11,華南永昌-虎尾,2023-09-07,9377
2303,聯電,41,30,11,華南永昌-虎尾,2023-09-07,9377
2330,台積電,13,3,10,華南永昌-虎尾,2023-09-07,9377
00922,國泰台灣領袖50,10,0,10,華南永昌-虎尾,2023-09-07,9377
1618,合機,13,3,10,華南永昌-虎尾,2023-09-07,9377
1802,台玻,11,1,10,華南永昌-虎尾,2023-09-07,9377
2349,錸德,10,0,10,華南永昌-虎尾,2023-09-07,9377
2883,凱基金,10,0,10,華南永昌-虎尾,2023-09-07,9377
3026,禾伸堂,10,0,10,華南永昌-虎尾,2023-09-07,9377
4532,瑞智,10,0,10,華南永昌-虎尾,2023-09-07,9377
6148,驊宏資,10,0,10,華南永昌-虎尾,2023-09-07,9377
00919,群益台灣精選高息,242,5,237,華南永昌-虎尾,2023-09-08,9377
00673R,期元大S＆P原油反1,117,5,112,華南永昌-虎尾,2023-09-08,9377
9105,泰金寶-DR,190,110,80,華南永昌-虎尾,2023-09-08,9377
1305,華夏,65,0,65,華南永昌-虎尾,2023-09-08,9377
00897,富邦基因免疫生技,60,0,60,華南永昌-虎尾,2023-09-08,9377
00878,國泰永續高股息,67,8,59,華南永昌-虎尾,2023-09-08,9377
00929,復華台灣科技優息,63,11,52,華南永昌-虎尾,2023-09-08,9377
8261,富鼎,54,2,52,華南永昌-虎尾,2023-09-08,9377
2405,輔信,45,4,41,華南永昌-虎尾,2023-09-08,9377
00637L,元大滬深300正2,70,30,40,華南永昌-虎尾,2023-09-08,9377
1471,首利,48,10,38,華南永昌-虎尾,2023-09-08,9377
3078,僑威,43,6,37,華南永昌-虎尾,2023-09-08,9377
2618,長榮航,37,1,36,華南永昌-虎尾,2023-09-08,9377
2884,玉山金,36,1,35,華南永昌-虎尾,2023-09-08,9377
00931B,統一美債20年,31,0,31,華南永昌-虎尾,2023-09-08,9377
5880,合庫金,30,0,30,華南永昌-虎尾,2023-09-08,9377
3545,敦泰,30,0,30,華南永昌-虎尾,2023-09-08,9377
2880,華南金,23,0,23,華南永昌-虎尾,2023-09-08,9377
00655L,國泰中國A50正2,23,0,23,華南永昌-虎尾,2023-09-08,9377
5371,中光電,23,1,22,華南永昌-虎尾,2023-09-08,9377
2912,統一超,22,0,22,華南永昌-虎尾,2023-09-08,9377
2812,台中銀,21,0,21,華南永昌-虎尾,2023-09-08,9377
2409,友達,30,10,20,華南永昌-虎尾,2023-09-08,9377
2891,中信金,20,1,19,華南永昌-虎尾,2023-09-08,9377
3050,鈺德,18,0,18,華南永昌-虎尾,2023-09-08,9377
6139,亞翔,20,3,17,華南永昌-虎尾,2023-09-08,9377
1101,台泥,17,0,17,華南永昌-虎尾,2023-09-08,9377
2485,兆赫,16,1,15,華南永昌-虎尾,2023-09-08,9377
3706,神達,20,6,14,華南永昌-虎尾,2023-09-08,9377
8050,廣積,20,6,14,華南永昌-虎尾,2023-09-08,9377
3013,晟銘電,14,1,13,華南永昌-虎尾,2023-09-08,9377
4207,環泰,13,0,13,華南永昌-虎尾,2023-09-08,9377
2323,中環,68,56,12,華南永昌-虎尾,2023-09-08,9377
5498,凱崴,12,0,12,華南永昌-虎尾,2023-09-08,9377
2303,聯電,12,1,11,華南永昌-虎尾,2023-09-08,9377
1308,亞聚,11,0,11,華南永昌-虎尾,2023-09-08,9377
8112,至上,16,5,11,華南永昌-虎尾,2023-09-08,9377
3227,原相,11,0,11,華南永昌-虎尾,2023-09-08,9377
00753L,中信中國50正2,10,0,10,華南永昌-虎尾,2023-09-08,9377
00632R,元大台灣50反1,10,0,10,華南永昌-虎尾,2023-09-08,9377
00882,中信中國高股息,10,0,10,華南永昌-虎尾,2023-09-08,9377
1533,車王電,11,1,10,華南永昌-虎尾,2023-09-08,9377
4739,康普,10,0,10,華南永昌-虎尾,2023-09-08,9377
5488,松普,10,0,10,華南永昌-虎尾,2023-09-08,9377
6274,台燿,21,11,10,華南永昌-虎尾,2023-09-08,9377
6550,北極星藥業-KY,10,0,10,華南永昌-虎尾,2023-09-08,9377
2464,盟立,15,6,9,華南永昌-虎尾,2023-09-08,9377
2637,慧洋-KY,11,2,9,華南永昌-虎尾,2023-09-08,9377
2241,艾姆勒,12,3,9,華南永昌-虎尾,2023-09-08,9377
2883,凱基金,11,3,8,華南永昌-虎尾,2023-09-08,9377
2323,中環,178,20,158,華南永昌-虎尾,2023-09-11,9377
00919,群益台灣精選高息,158,1,157,華南永昌-虎尾,2023-09-11,9377
4909,新復興,96,0,96,華南永昌-虎尾,2023-09-11,9377
00929,復華台灣科技優息,65,3,62,華南永昌-虎尾,2023-09-11,9377
3231,緯創,138,80,58,華南永昌-虎尾,2023-09-11,9377
2312,金寶,61,7,54,華南永昌-虎尾,2023-09-11,9377
2329,華泰,94,43,51,華南永昌-虎尾,2023-09-11,9377
2897,王道銀行,51,0,51,華南永昌-虎尾,2023-09-11,9377
2486,一詮,70,25,45,華南永昌-虎尾,2023-09-11,9377
1809,中釉,47,7,40,華南永昌-虎尾,2023-09-11,9377
6274,台燿,48,15,33,華南永昌-虎尾,2023-09-11,9377
8261,富鼎,33,0,33,華南永昌-虎尾,2023-09-11,9377
2705,六福,30,0,30,華南永昌-虎尾,2023-09-11,9377
2409,友達,32,3,29,華南永昌-虎尾,2023-09-11,9377
0056,元大高股息,30,3,27,華南永昌-虎尾,2023-09-11,9377
2363,矽統,195,169,26,華南永昌-虎尾,2023-09-11,9377
2610,華航,31,6,25,華南永昌-虎尾,2023-09-11,9377
2357,華碩,24,0,24,華南永昌-虎尾,2023-09-11,9377
00915,凱基優選高股息30,24,1,23,華南永昌-虎尾,2023-09-11,9377
2888,新光金,23,0,23,華南永昌-虎尾,2023-09-11,9377
3042,晶技,23,0,23,華南永昌-虎尾,2023-09-11,9377
5607,遠雄港,22,0,22,華南永昌-虎尾,2023-09-11,9377
2374,佳能,22,0,22,華南永昌-虎尾,2023-09-11,9377
00931B,統一美債20年,21,0,21,華南永昌-虎尾,2023-09-11,9377
1615,大山,23,2,21,華南永昌-虎尾,2023-09-11,9377
2449,京元電子,33,12,21,華南永昌-虎尾,2023-09-11,9377
5381,合正,31,10,21,華南永昌-虎尾,2023-09-11,9377
00655L,國泰中國A50正2,50,30,20,華南永昌-虎尾,2023-09-11,9377
1305,華夏,20,0,20,華南永昌-虎尾,2023-09-11,9377
3051,力特,23,5,18,華南永昌-虎尾,2023-09-11,9377
00900,富邦特選高股息30,17,0,17,華南永昌-虎尾,2023-09-11,9377
1471,首利,27,10,17,華南永昌-虎尾,2023-09-11,9377
2634,漢翔,29,12,17,華南永昌-虎尾,2023-09-11,9377
2352,佳世達,17,1,16,華南永昌-虎尾,2023-09-11,9377
00664R,國泰臺灣加權反1,20,4,16,華南永昌-虎尾,2023-09-11,9377
1609,大亞,16,1,15,華南永昌-虎尾,2023-09-11,9377
2606,裕民,15,0,15,華南永昌-虎尾,2023-09-11,9377
3078,僑威,17,2,15,華南永昌-虎尾,2023-09-11,9377
2359,所羅門,15,1,14,華南永昌-虎尾,2023-09-11,9377
3706,神達,14,0,14,華南永昌-虎尾,2023-09-11,9377
6547,高端疫苗,15,1,14,華南永昌-虎尾,2023-09-11,9377
2002,中鋼,18,5,13,華南永昌-虎尾,2023-09-11,9377
3050,鈺德,13,0,13,華南永昌-虎尾,2023-09-11,9377
3005,神基,12,0,12,華南永昌-虎尾,2023-09-11,9377
2884,玉山金,11,0,11,華南永昌-虎尾,2023-09-11,9377
2392,正崴,14,3,11,華南永昌-虎尾,2023-09-11,9377
2457,飛宏,13,2,11,華南永昌-虎尾,2023-09-11,9377
2371,大同,20,10,10,華南永昌-虎尾,2023-09-11,9377
2436,偉詮電,16,6,10,華南永昌-虎尾,2023-09-11,9377
2451,創見,10,0,10,華南永昌-虎尾,2023-09-11,9377
2610,華航,212,20,192,華南永昌-虎尾,2023-09-12,9377
00893,國泰智能電動車,163,0,163,華南永昌-虎尾,2023-09-12,9377
00929,復華台灣科技優息,172,35,137,華南永昌-虎尾,2023-09-12,9377
2241,艾姆勒,73,0,73,華南永昌-虎尾,2023-09-12,9377
2367,燿華,53,0,53,華南永昌-虎尾,2023-09-12,9377
2332,友訊,55,5,50,華南永昌-虎尾,2023-09-12,9377
9919,康那香,50,0,50,華南永昌-虎尾,2023-09-12,9377
00673R,期元大S＆P原油反1,40,0,40,華南永昌-虎尾,2023-09-12,9377
5309,系統電,40,1,39,華南永昌-虎尾,2023-09-12,9377
00895,富邦未來車,38,0,38,華南永昌-虎尾,2023-09-12,9377
2538,基泰,46,16,30,華南永昌-虎尾,2023-09-12,9377
2457,飛宏,36,7,29,華南永昌-虎尾,2023-09-12,9377
2105,正新,35,7,28,華南永昌-虎尾,2023-09-12,9377
3715,定穎投控,27,0,27,華南永昌-虎尾,2023-09-12,9377
00918,大華優利高填息30,30,4,26,華南永昌-虎尾,2023-09-12,9377
2363,矽統,260,235,25,華南永昌-虎尾,2023-09-12,9377
2884,玉山金,26,2,24,華南永昌-虎尾,2023-09-12,9377
2481,強茂,25,1,24,華南永昌-虎尾,2023-09-12,9377
00637L,元大滬深300正2,45,23,22,華南永昌-虎尾,2023-09-12,9377
3042,晶技,22,0,22,華南永昌-虎尾,2023-09-12,9377
2618,長榮航,42,21,21,華南永昌-虎尾,2023-09-12,9377
6125,廣運,27,6,21,華南永昌-虎尾,2023-09-12,9377
2634,漢翔,25,4,21,華南永昌-虎尾,2023-09-12,9377
2705,六福,20,0,20,華南永昌-虎尾,2023-09-12,9377
3050,鈺德,18,0,18,華南永昌-虎尾,2023-09-12,9377
2543,皇昌,17,0,17,華南永昌-虎尾,2023-09-12,9377
00923,群益台ESG低碳50,14,0,14,華南永昌-虎尾,2023-09-12,9377
2002,中鋼,13,0,13,華南永昌-虎尾,2023-09-12,9377
6196,帆宣,13,0,13,華南永昌-虎尾,2023-09-12,9377
00919,群益台灣精選高息,17,5,12,華南永昌-虎尾,2023-09-12,9377
2603,長榮,13,1,12,華南永昌-虎尾,2023-09-12,9377
3545,敦泰,17,5,12,華南永昌-虎尾,2023-09-12,9377
1736,喬山,12,0,12,華南永昌-虎尾,2023-09-12,9377
6116,彩晶,11,0,11,華南永昌-虎尾,2023-09-12,9377
00902,中信電池及儲能,11,0,11,華南永昌-虎尾,2023-09-12,9377
2834,臺企銀,21,10,11,華南永昌-虎尾,2023-09-12,9377
2887,台新金,20,9,11,華南永昌-虎尾,2023-09-12,9377
1528,恩德,10,0,10,華南永昌-虎尾,2023-09-12,9377
2379,瑞昱,10,0,10,華南永昌-虎尾,2023-09-12,9377
5488,松普,10,0,10,華南永昌-虎尾,2023-09-12,9377
1313,聯成,10,0,10,華南永昌-虎尾,2023-09-12,9377
2357,華碩,15,6,9,華南永昌-虎尾,2023-09-12,9377
5347,世界,10,1,9,華南永昌-虎尾,2023-09-12,9377
4967,十銓,10,1,9,華南永昌-虎尾,2023-09-12,9377
2405,輔信,66,57,9,華南永昌-虎尾,2023-09-12,9377
6288,聯嘉,20,11,9,華南永昌-虎尾,2023-09-12,9377
2882,國泰金,10,2,8,華南永昌-虎尾,2023-09-12,9377
2401,凌陽,8,0,8,華南永昌-虎尾,2023-09-12,9377
1707,葡萄王,8,0,8,華南永昌-虎尾,2023-09-12,9377
2606,裕民,9,1,8,華南永昌-虎尾,2023-09-12,9377
00929,復華台灣科技優息,302,4,298,華南永昌-虎尾,2023-09-13,9377
2884,玉山金,180,0,180,華南永昌-虎尾,2023-09-13,9377
2402,毅嘉,127,2,125,華南永昌-虎尾,2023-09-13,9377
2382,廣達,124,18,106,華南永昌-虎尾,2023-09-13,9377
1809,中釉,86,7,79,華南永昌-虎尾,2023-09-13,9377
1568,倉佑,93,18,75,華南永昌-虎尾,2023-09-13,9377
6116,彩晶,70,0,70,華南永昌-虎尾,2023-09-13,9377
1409,新纖,52,0,52,華南永昌-虎尾,2023-09-13,9377
00637L,元大滬深300正2,96,49,47,華南永昌-虎尾,2023-09-13,9377
3317,尼克森,47,0,47,華南永昌-虎尾,2023-09-13,9377
2002,中鋼,46,1,45,華南永昌-虎尾,2023-09-13,9377
2634,漢翔,42,3,39,華南永昌-虎尾,2023-09-13,9377
2538,基泰,76,40,36,華南永昌-虎尾,2023-09-13,9377
2449,京元電子,38,4,34,華南永昌-虎尾,2023-09-13,9377
1909,榮成,35,1,34,華南永昌-虎尾,2023-09-13,9377
00878,國泰永續高股息,38,6,32,華南永昌-虎尾,2023-09-13,9377
00919,群益台灣精選高息,36,6,30,華南永昌-虎尾,2023-09-13,9377
2485,兆赫,57,30,27,華南永昌-虎尾,2023-09-13,9377
3050,鈺德,26,0,26,華南永昌-虎尾,2023-09-13,9377
1316,上曜,25,0,25,華南永昌-虎尾,2023-09-13,9377
1314,中石化,25,0,25,華南永昌-虎尾,2023-09-13,9377
3711,日月光投控,25,1,24,華南永昌-虎尾,2023-09-13,9377
1339,昭輝,27,5,22,華南永昌-虎尾,2023-09-13,9377
2241,艾姆勒,22,0,22,華南永昌-虎尾,2023-09-13,9377
1616,億泰,20,0,20,華南永昌-虎尾,2023-09-13,9377
2542,興富發,20,0,20,華南永昌-虎尾,2023-09-13,9377
2906,高林,20,0,20,華南永昌-虎尾,2023-09-13,9377
2025,千興,20,0,20,華南永昌-虎尾,2023-09-13,9377
6122,擎邦,20,0,20,華南永昌-虎尾,2023-09-13,9377
00715L,期街口布蘭特正2,20,1,19,華南永昌-虎尾,2023-09-13,9377
2349,錸德,18,0,18,華南永昌-虎尾,2023-09-13,9377
1301,台塑,18,1,17,華南永昌-虎尾,2023-09-13,9377
1736,喬山,14,0,14,華南永昌-虎尾,2023-09-13,9377
5009,榮剛,15,1,14,華南永昌-虎尾,2023-09-13,9377
6285,啟��,19,5,14,華南永昌-虎尾,2023-09-13,9377
2436,偉詮電,18,6,12,華南永昌-虎尾,2023-09-13,9377
2606,裕民,12,0,12,華南永昌-虎尾,2023-09-13,9377
3006,晶豪科,25,13,12,華南永昌-虎尾,2023-09-13,9377
2354,鴻準,11,0,11,華南永昌-虎尾,2023-09-13,9377
3042,晶技,14,3,11,華南永昌-虎尾,2023-09-13,9377
2352,佳世達,12,1,11,華南永昌-虎尾,2023-09-13,9377
5347,世界,34,24,10,華南永昌-虎尾,2023-09-13,9377
1904,正隆,10,0,10,華南永昌-虎尾,2023-09-13,9377
00924,復華S＆P500成長,10,0,10,華南永昌-虎尾,2023-09-13,9377
3545,敦泰,13,3,10,華南永昌-虎尾,2023-09-13,9377
6418,詠昇,10,0,10,華南永昌-虎尾,2023-09-13,9377
8044,網家,10,0,10,華南永昌-虎尾,2023-09-13,9377
8358,金居,9,0,9,華南永昌-虎尾,2023-09-13,9377
2313,華通,13,4,9,華南永昌-虎尾,2023-09-13,9377
2027,大成鋼,10,2,8,華南永昌-虎尾,2023-09-13,9377
2883,凱基金,170,7,163,華南永昌-虎尾,2023-09-14,9377
00751B,元大AAA至A公司債,100,0,100,華南永昌-虎尾,2023-09-14,9377
00919,群益台灣精選高息,82,18,64,華南永昌-虎尾,2023-09-14,9377
6139,亞翔,67,3,64,華南永昌-虎尾,2023-09-14,9377
2634,漢翔,58,2,56,華南永昌-虎尾,2023-09-14,9377
2382,廣達,65,13,52,華南永昌-虎尾,2023-09-14,9377
00893,國泰智能電動車,50,0,50,華南永昌-虎尾,2023-09-14,9377
1467,南緯,40,0,40,華南永昌-虎尾,2023-09-14,9377
00762,元大全球AI,38,0,38,華南永昌-虎尾,2023-09-14,9377
2371,大同,55,17,38,華南永昌-虎尾,2023-09-14,9377
00929,復華台灣科技優息,198,163,35,華南永昌-虎尾,2023-09-14,9377
2358,廷鑫,34,0,34,華南永昌-虎尾,2023-09-14,9377
8068,全達,33,0,33,華南永昌-虎尾,2023-09-14,9377
2409,友達,33,1,32,華南永昌-虎尾,2023-09-14,9377
00895,富邦未來車,30,0,30,華南永昌-虎尾,2023-09-14,9377
8227,巨有科技,41,15,26,華南永昌-虎尾,2023-09-14,9377
00632R,元大台灣50反1,25,0,25,華南永昌-虎尾,2023-09-14,9377
4909,新復興,25,0,25,華南永昌-虎尾,2023-09-14,9377
6412,群電,25,0,25,華南永昌-虎尾,2023-09-14,9377
00902,中信電池及儲能,21,0,21,華南永昌-虎尾,2023-09-14,9377
2228,劍麟,20,0,20,華南永昌-虎尾,2023-09-14,9377
2542,興富發,20,0,20,華南永昌-虎尾,2023-09-14,9377
2601,益航,20,0,20,華南永昌-虎尾,2023-09-14,9377
3003,健和興,23,3,20,華南永昌-虎尾,2023-09-14,9377
3714,富采,20,1,19,華南永昌-虎尾,2023-09-14,9377
2402,毅嘉,30,12,18,華南永昌-虎尾,2023-09-14,9377
2413,環科,20,2,18,華南永昌-虎尾,2023-09-14,9377
1524,耿鼎,18,1,17,華南永昌-虎尾,2023-09-14,9377
4979,華星光,19,2,17,華南永昌-虎尾,2023-09-14,9377
3715,定穎投控,26,9,17,華南永昌-虎尾,2023-09-14,9377
00664R,國泰臺灣加權反1,20,5,15,華南永昌-虎尾,2023-09-14,9377
3257,虹冠電,20,5,15,華南永昌-虎尾,2023-09-14,9377
8070,長華*,15,0,15,華南永昌-虎尾,2023-09-14,9377
00900,富邦特選高股息30,24,10,14,華南永昌-虎尾,2023-09-14,9377
4721,美琪瑪,15,1,14,華南永昌-虎尾,2023-09-14,9377
2645,長榮航太,13,0,13,華南永昌-虎尾,2023-09-14,9377
3227,原相,14,1,13,華南永昌-虎尾,2023-09-14,9377
5608,四維航,20,7,13,華南永昌-虎尾,2023-09-14,9377
2897,王道銀行,12,0,12,華南永昌-虎尾,2023-09-14,9377
8050,廣積,14,2,12,華南永昌-虎尾,2023-09-14,9377
00932,兆豐永續高息等權,10,0,10,華南永昌-虎尾,2023-09-14,9377
1305,華夏,10,0,10,華南永昌-虎尾,2023-09-14,9377
2025,千興,10,0,10,華南永昌-虎尾,2023-09-14,9377
3276,宇環,13,3,10,華南永昌-虎尾,2023-09-14,9377
6426,統新,13,3,10,華南永昌-虎尾,2023-09-14,9377
6443,元晶,10,0,10,華南永昌-虎尾,2023-09-14,9377
9962,有益,10,0,10,華南永昌-虎尾,2023-09-14,9377
00882,中信中國高股息,9,0,9,華南永昌-虎尾,2023-09-14,9377
00753L,中信中國50正2,9,0,9,華南永昌-虎尾,2023-09-14,9377
1616,億泰,9,0,9,華南永昌-虎尾,2023-09-14,9377
2883,凱基金,145,0,145,華南永昌-虎尾,2023-09-15,9377
2002,中鋼,177,71,106,華南永昌-虎尾,2023-09-15,9377
00929,復華台灣科技優息,170,64,106,華南永昌-虎尾,2023-09-15,9377
00897,富邦基因免疫生技,100,0,100,華南永昌-虎尾,2023-09-15,9377
1584,精剛,90,0,90,華南永昌-虎尾,2023-09-15,9377
2425,承啟,75,1,74,華南永昌-虎尾,2023-09-15,9377
00919,群益台灣精選高息,82,9,73,華南永昌-虎尾,2023-09-15,9377
3231,緯創,134,63,71,華南永昌-虎尾,2023-09-15,9377
2486,一詮,129,75,54,華南永昌-虎尾,2023-09-15,9377
2371,大同,57,6,51,華南永昌-虎尾,2023-09-15,9377
2329,華泰,48,8,40,華南永昌-虎尾,2023-09-15,9377
2897,王道銀行,38,0,38,華南永昌-虎尾,2023-09-15,9377
2382,廣達,43,6,37,華南永昌-虎尾,2023-09-15,9377
4157,太景*-KY,52,19,33,華南永昌-虎尾,2023-09-15,9377
2206,三陽工業,35,4,31,華南永昌-虎尾,2023-09-15,9377
00885,富邦越南,30,0,30,華南永昌-虎尾,2023-09-15,9377
2358,廷鑫,29,0,29,華南永昌-虎尾,2023-09-15,9377
2356,英業達,32,5,27,華南永昌-虎尾,2023-09-15,9377
2641,正德,28,3,25,華南永昌-虎尾,2023-09-15,9377
3481,群創,26,2,24,華南永昌-虎尾,2023-09-15,9377
2485,兆赫,39,16,23,華南永昌-虎尾,2023-09-15,9377
2634,漢翔,42,19,23,華南永昌-虎尾,2023-09-15,9377
2317,鴻海,22,2,20,華南永昌-虎尾,2023-09-15,9377
1616,億泰,20,0,20,華南永昌-虎尾,2023-09-15,9377
6770,力積電,20,1,19,華南永昌-虎尾,2023-09-15,9377
00918,大華優利高填息30,24,6,18,華南永昌-虎尾,2023-09-15,9377
00753L,中信中國50正2,28,10,18,華南永昌-虎尾,2023-09-15,9377
2323,中環,18,0,18,華南永昌-虎尾,2023-09-15,9377
5483,中美晶,17,0,17,華南永昌-虎尾,2023-09-15,9377
6139,亞翔,17,0,17,華南永昌-虎尾,2023-09-15,9377
00715L,期街口布蘭特正2,20,5,15,華南永昌-虎尾,2023-09-15,9377
00637L,元大滬深300正2,122,107,15,華南永昌-虎尾,2023-09-15,9377
3058,立德,17,2,15,華南永昌-虎尾,2023-09-15,9377
2363,矽統,159,145,14,華南永昌-虎尾,2023-09-15,9377
9935,慶豐富,14,0,14,華南永昌-虎尾,2023-09-15,9377
2405,輔信,15,2,13,華南永昌-虎尾,2023-09-15,9377
3050,鈺德,13,0,13,華南永昌-虎尾,2023-09-15,9377
8048,德勝,13,0,13,華南永昌-虎尾,2023-09-15,9377
8068,全達,63,50,13,華南永昌-虎尾,2023-09-15,9377
00931B,統一美債20年,12,0,12,華南永昌-虎尾,2023-09-15,9377
4532,瑞智,12,0,12,華南永昌-虎尾,2023-09-15,9377
6593,台灣銘板,13,1,12,華南永昌-虎尾,2023-09-15,9377
1402,遠東新,12,1,11,華南永昌-虎尾,2023-09-15,9377
3003,健和興,11,0,11,華南永昌-虎尾,2023-09-15,9377
4906,正文,23,12,11,華南永昌-虎尾,2023-09-15,9377
2353,宏��,12,2,10,華南永昌-虎尾,2023-09-15,9377
00664R,國泰臺灣加權反1,10,0,10,華南永昌-虎尾,2023-09-15,9377
1710,東聯,10,0,10,華南永昌-虎尾,2023-09-15,9377
2020,美亞,10,0,10,華南永昌-虎尾,2023-09-15,9377
4142,國光生,10,0,10,華南永昌-虎尾,2023-09-15,9377
00929,復華台灣科技優息,188,17,171,華南永昌-虎尾,2023-09-18,9377
2363,矽統,216,109,107,華南永昌-虎尾,2023-09-18,9377
00665L,富邦�琤肭磪囓�2,100,0,100,華南永昌-虎尾,2023-09-18,9377
00919,群益台灣精選高息,99,1,98,華南永昌-虎尾,2023-09-18,9377
2323,中環,98,1,97,華南永昌-虎尾,2023-09-18,9377
00878,國泰永續高股息,82,8,74,華南永昌-虎尾,2023-09-18,9377
00893,國泰智能電動車,55,0,55,華南永昌-虎尾,2023-09-18,9377
2354,鴻準,69,15,54,華南永昌-虎尾,2023-09-18,9377
2618,長榮航,42,0,42,華南永昌-虎尾,2023-09-18,9377
3231,緯創,55,24,31,華南永昌-虎尾,2023-09-18,9377
3715,定穎投控,39,9,30,華南永昌-虎尾,2023-09-18,9377
2486,一詮,44,20,24,華南永昌-虎尾,2023-09-18,9377
2609,陽明,38,15,23,華南永昌-虎尾,2023-09-18,9377
1514,亞力,21,0,21,華南永昌-虎尾,2023-09-18,9377
2347,聯強,22,2,20,華南永昌-虎尾,2023-09-18,9377
2887,台新金,20,0,20,華南永昌-虎尾,2023-09-18,9377
2881,富邦金,19,0,19,華南永昌-虎尾,2023-09-18,9377
1615,大山,17,0,17,華南永昌-虎尾,2023-09-18,9377
2027,大成鋼,21,4,17,華南永昌-虎尾,2023-09-18,9377
3257,虹冠電,15,0,15,華南永昌-虎尾,2023-09-18,9377
2399,映泰,15,1,14,華南永昌-虎尾,2023-09-18,9377
2330,台積電,16,3,13,華南永昌-虎尾,2023-09-18,9377
2324,仁寶,14,1,13,華南永昌-虎尾,2023-09-18,9377
2329,華泰,12,0,12,華南永昌-虎尾,2023-09-18,9377
8358,金居,12,0,12,華南永昌-虎尾,2023-09-18,9377
00679B,元大美債20年,11,0,11,華南永昌-虎尾,2023-09-18,9377
1905,華紙,11,0,11,華南永昌-虎尾,2023-09-18,9377
3014,聯陽,11,0,11,華南永昌-虎尾,2023-09-18,9377
3078,僑威,11,0,11,華南永昌-虎尾,2023-09-18,9377
4952,凌通,11,0,11,華南永昌-虎尾,2023-09-18,9377
6275,元山,11,0,11,華南永昌-虎尾,2023-09-18,9377
8088,品安,11,0,11,華南永昌-虎尾,2023-09-18,9377
8210,勤誠,13,3,10,華南永昌-虎尾,2023-09-18,9377
6509,聚和,10,0,10,華南永昌-虎尾,2023-09-18,9377
00921,兆豐龍頭等權重,10,0,10,華南永昌-虎尾,2023-09-18,9377
00885,富邦越南,20,10,10,華南永昌-虎尾,2023-09-18,9377
00715L,期街口布蘭特正2,10,0,10,華南永昌-虎尾,2023-09-18,9377
1305,華夏,10,0,10,華南永昌-虎尾,2023-09-18,9377
1609,大亞,10,0,10,華南永昌-虎尾,2023-09-18,9377
1909,榮成,10,0,10,華南永昌-虎尾,2023-09-18,9377
2105,正新,11,1,10,華南永昌-虎尾,2023-09-18,9377
2305,全友,11,1,10,華南永昌-虎尾,2023-09-18,9377
2352,佳世達,10,0,10,華南永昌-虎尾,2023-09-18,9377
3209,全科,10,0,10,華南永昌-虎尾,2023-09-18,9377
4155,訊映,10,0,10,華南永昌-虎尾,2023-09-18,9377
8046,南電,13,3,10,華南永昌-虎尾,2023-09-18,9377
2353,宏��,10,1,9,華南永昌-虎尾,2023-09-18,9377
1402,遠東新,10,1,9,華南永昌-虎尾,2023-09-18,9377
1785,光洋科,10,1,9,華南永昌-虎尾,2023-09-18,9377
2402,毅嘉,27,18,9,華南永昌-虎尾,2023-09-18,9377
00929,復華台灣科技優息,163,23,140,華南永昌-虎尾,2023-09-19,9377
2641,正德,95,10,85,華南永昌-虎尾,2023-09-19,9377
2486,一詮,105,42,63,華南永昌-虎尾,2023-09-19,9377
3231,緯創,128,75,53,華南永昌-虎尾,2023-09-19,9377
1609,大亞,63,12,51,華南永昌-虎尾,2023-09-19,9377
00919,群益台灣精選高息,45,2,43,華南永昌-虎尾,2023-09-19,9377
2241,艾姆勒,42,0,42,華南永昌-虎尾,2023-09-19,9377
2485,兆赫,59,21,38,華南永昌-虎尾,2023-09-19,9377
2606,裕民,43,6,37,華南永昌-虎尾,2023-09-19,9377
2367,燿華,57,25,32,華南永昌-虎尾,2023-09-19,9377
00878,國泰永續高股息,27,1,26,華南永昌-虎尾,2023-09-19,9377
8112,至上,32,6,26,華南永昌-虎尾,2023-09-19,9377
3058,立德,23,0,23,華南永昌-虎尾,2023-09-19,9377
3481,群創,23,0,23,華南永昌-虎尾,2023-09-19,9377
6235,華孚,21,0,21,華南永昌-虎尾,2023-09-19,9377
2329,華泰,22,1,21,華南永昌-虎尾,2023-09-19,9377
2427,三商電,24,3,21,華南永昌-虎尾,2023-09-19,9377
00885,富邦越南,20,0,20,華南永昌-虎尾,2023-09-19,9377
2349,錸德,20,0,20,華南永昌-虎尾,2023-09-19,9377
6125,廣運,20,0,20,華南永昌-虎尾,2023-09-19,9377
1467,南緯,19,0,19,華南永昌-虎尾,2023-09-19,9377
8033,雷虎,19,1,18,華南永昌-虎尾,2023-09-19,9377
8069,元太,24,7,17,華南永昌-虎尾,2023-09-19,9377
3257,虹冠電,16,0,16,華南永昌-虎尾,2023-09-19,9377
1904,正隆,15,0,15,華南永昌-虎尾,2023-09-19,9377
00921,兆豐龍頭等權重,15,0,15,華南永昌-虎尾,2023-09-19,9377
2356,英業達,22,8,14,華南永昌-虎尾,2023-09-19,9377
2425,承啟,35,21,14,華南永昌-虎尾,2023-09-19,9377
6120,達運,14,0,14,華南永昌-虎尾,2023-09-19,9377
8068,全達,14,0,14,華南永昌-虎尾,2023-09-19,9377
2331,精英,15,2,13,華南永昌-虎尾,2023-09-19,9377
2371,大同,57,44,13,華南永昌-虎尾,2023-09-19,9377
4919,新唐,14,1,13,華南永昌-虎尾,2023-09-19,9377
6244,茂迪,12,0,12,華南永昌-虎尾,2023-09-19,9377
00932,兆豐永續高息等權,16,4,12,華南永昌-虎尾,2023-09-19,9377
00762,元大全球AI,12,0,12,華南永昌-虎尾,2023-09-19,9377
6288,聯嘉,12,0,12,華南永昌-虎尾,2023-09-19,9377
8081,致新,11,0,11,華南永昌-虎尾,2023-09-19,9377
00715L,期街口布蘭特正2,10,0,10,華南永昌-虎尾,2023-09-19,9377
00923,群益台ESG低碳50,10,0,10,華南永昌-虎尾,2023-09-19,9377
00912,中信臺灣智慧50,10,0,10,華南永昌-虎尾,2023-09-19,9377
00893,國泰智能電動車,10,0,10,華南永昌-虎尾,2023-09-19,9377
1616,億泰,10,0,10,華南永昌-虎尾,2023-09-19,9377
2362,藍天,10,0,10,華南永昌-虎尾,2023-09-19,9377
2645,長榮航太,10,0,10,華南永昌-虎尾,2023-09-19,9377
3050,鈺德,10,0,10,華南永昌-虎尾,2023-09-19,9377
3545,敦泰,12,2,10,華南永昌-虎尾,2023-09-19,9377
3709,鑫聯大投控,10,0,10,華南永昌-虎尾,2023-09-19,9377
4162,智擎,10,0,10,華南永昌-虎尾,2023-09-19,9377
6015,宏遠證,10,0,10,華南永昌-虎尾,2023-09-19,9377
00929,復華台灣科技優息,270,88,182,華南永昌-虎尾,2023-09-20,9377
2641,正德,144,42,102,華南永昌-虎尾,2023-09-20,9377
2344,華邦電,91,5,86,華南永昌-虎尾,2023-09-20,9377
2367,燿華,168,95,73,華南永昌-虎尾,2023-09-20,9377
00919,群益台灣精選高息,56,0,56,華南永昌-虎尾,2023-09-20,9377
00673R,期元大S＆P原油反1,50,3,47,華南永昌-虎尾,2023-09-20,9377
8150,南茂,46,0,46,華南永昌-虎尾,2023-09-20,9377
2449,京元電子,47,2,45,華南永昌-虎尾,2023-09-20,9377
00637L,元大滬深300正2,53,10,43,華南永昌-虎尾,2023-09-20,9377
2105,正新,41,1,40,華南永昌-虎尾,2023-09-20,9377
00932,兆豐永續高息等權,38,0,38,華南永昌-虎尾,2023-09-20,9377
5328,華容,34,0,34,華南永昌-虎尾,2023-09-20,9377
3231,緯創,88,54,34,華南永昌-虎尾,2023-09-20,9377
2241,艾姆勒,33,0,33,華南永昌-虎尾,2023-09-20,9377
2883,凱基金,28,0,28,華南永昌-虎尾,2023-09-20,9377
2601,益航,26,0,26,華南永昌-虎尾,2023-09-20,9377
3037,欣興,30,4,26,華南永昌-虎尾,2023-09-20,9377
1605,華新,107,82,25,華南永昌-虎尾,2023-09-20,9377
2618,長榮航,29,5,24,華南永昌-虎尾,2023-09-20,9377
2489,瑞軒,22,0,22,華南永昌-虎尾,2023-09-20,9377
1609,大亞,21,0,21,華南永昌-虎尾,2023-09-20,9377
1515,力山,20,0,20,華南永昌-虎尾,2023-09-20,9377
2888,新光金,20,0,20,華南永昌-虎尾,2023-09-20,9377
3191,雲嘉南,20,0,20,華南永昌-虎尾,2023-09-20,9377
3663,鑫科,20,0,20,華南永昌-虎尾,2023-09-20,9377
2363,矽統,189,169,20,華南永昌-虎尾,2023-09-20,9377
2606,裕民,27,8,19,華南永昌-虎尾,2023-09-20,9377
3265,台星科,25,7,18,華南永昌-虎尾,2023-09-20,9377
2324,仁寶,17,0,17,華南永昌-虎尾,2023-09-20,9377
8358,金居,17,0,17,華南永昌-虎尾,2023-09-20,9377
1101,台泥,17,1,16,華南永昌-虎尾,2023-09-20,9377
00680L,元大美債20正2,15,0,15,華南永昌-虎尾,2023-09-20,9377
2332,友訊,15,0,15,華南永昌-虎尾,2023-09-20,9377
2486,一詮,50,35,15,華南永昌-虎尾,2023-09-20,9377
6257,矽格,15,0,15,華南永昌-虎尾,2023-09-20,9377
00753L,中信中國50正2,34,20,14,華南永昌-虎尾,2023-09-20,9377
1802,台玻,29,15,14,華南永昌-虎尾,2023-09-20,9377
2317,鴻海,18,4,14,華南永昌-虎尾,2023-09-20,9377
2538,基泰,14,0,14,華南永昌-虎尾,2023-09-20,9377
2913,農林,14,0,14,華南永昌-虎尾,2023-09-20,9377
3006,晶豪科,17,3,14,華南永昌-虎尾,2023-09-20,9377
6285,啟��,18,4,14,華南永昌-虎尾,2023-09-20,9377
8088,品安,27,14,13,華南永昌-虎尾,2023-09-20,9377
2352,佳世達,18,6,12,華南永昌-虎尾,2023-09-20,9377
2498,宏達電,12,0,12,華南永昌-虎尾,2023-09-20,9377
2031,新光鋼,11,0,11,華南永昌-虎尾,2023-09-20,9377
3545,敦泰,12,1,11,華南永昌-虎尾,2023-09-20,9377
4157,太景*-KY,11,0,11,華南永昌-虎尾,2023-09-20,9377
2485,兆赫,51,41,10,華南永昌-虎尾,2023-09-20,9377
5880,合庫金,10,0,10,華南永昌-虎尾,2023-09-20,9377
2371,大同,82,0,82,華南永昌-虎尾,2023-09-21,9377
1809,中釉,96,16,80,華南永昌-虎尾,2023-09-21,9377
2382,廣達,86,9,77,華南永昌-虎尾,2023-09-21,9377
2358,廷鑫,59,0,59,華南永昌-虎尾,2023-09-21,9377
4167,松瑞藥,50,1,49,華南永昌-虎尾,2023-09-21,9377
2884,玉山金,45,0,45,華南永昌-虎尾,2023-09-21,9377
2399,映泰,55,11,44,華南永昌-虎尾,2023-09-21,9377
2834,臺企銀,41,0,41,華南永昌-虎尾,2023-09-21,9377
00637L,元大滬深300正2,50,10,40,華南永昌-虎尾,2023-09-21,9377
5880,合庫金,40,0,40,華南永昌-虎尾,2023-09-21,9377
2880,華南金,41,3,38,華南永昌-虎尾,2023-09-21,9377
2485,兆赫,66,30,36,華南永昌-虎尾,2023-09-21,9377
1615,大山,35,0,35,華南永昌-虎尾,2023-09-21,9377
2883,凱基金,35,2,33,華南永昌-虎尾,2023-09-21,9377
2610,華航,31,0,31,華南永昌-虎尾,2023-09-21,9377
00680L,元大美債20正2,31,0,31,華南永昌-虎尾,2023-09-21,9377
2489,瑞軒,30,0,30,華南永昌-虎尾,2023-09-21,9377
00878,國泰永續高股息,40,11,29,華南永昌-虎尾,2023-09-21,9377
2888,新光金,28,0,28,華南永昌-虎尾,2023-09-21,9377
00929,復華台灣科技優息,150,122,28,華南永昌-虎尾,2023-09-21,9377
2449,京元電子,28,3,25,華南永昌-虎尾,2023-09-21,9377
1101,台泥,27,3,24,華南永昌-虎尾,2023-09-21,9377
1616,億泰,24,0,24,華南永昌-虎尾,2023-09-21,9377
2363,矽統,164,142,22,華南永昌-虎尾,2023-09-21,9377
00919,群益台灣精選高息,26,4,22,華南永昌-虎尾,2023-09-21,9377
2401,凌陽,22,0,22,華南永昌-虎尾,2023-09-21,9377
00932,兆豐永續高息等權,26,4,22,華南永昌-虎尾,2023-09-21,9377
00885,富邦越南,22,0,22,華南永昌-虎尾,2023-09-21,9377
1609,大亞,20,0,20,華南永昌-虎尾,2023-09-21,9377
2887,台新金,20,0,20,華南永昌-虎尾,2023-09-21,9377
6672,騰輝電子-KY,20,0,20,華南永昌-虎尾,2023-09-21,9377
2882,國泰金,17,0,17,華南永昌-虎尾,2023-09-21,9377
2486,一詮,17,0,17,華南永昌-虎尾,2023-09-21,9377
2330,台積電,20,3,17,華南永昌-虎尾,2023-09-21,9377
2313,華通,36,20,16,華南永昌-虎尾,2023-09-21,9377
4904,遠傳,14,0,14,華南永昌-虎尾,2023-09-21,9377
3050,鈺德,14,0,14,華南永昌-虎尾,2023-09-21,9377
3711,日月光投控,15,1,14,華南永昌-虎尾,2023-09-21,9377
0050,元大台灣50,14,1,13,華南永昌-虎尾,2023-09-21,9377
6026,福邦證,13,0,13,華南永昌-虎尾,2023-09-21,9377
2801,彰銀,13,0,13,華南永昌-虎尾,2023-09-21,9377
3576,聯合再生,13,0,13,華南永昌-虎尾,2023-09-21,9377
2915,潤泰全,12,0,12,華南永昌-虎尾,2023-09-21,9377
3005,神基,12,0,12,華南永昌-虎尾,2023-09-21,9377
3545,敦泰,19,7,12,華南永昌-虎尾,2023-09-21,9377
6269,台郡,12,0,12,華南永昌-虎尾,2023-09-21,9377
8068,全達,23,11,12,華南永昌-虎尾,2023-09-21,9377
8050,廣積,18,6,12,華南永昌-虎尾,2023-09-21,9377
2356,英業達,16,4,12,華南永昌-虎尾,2023-09-21,9377
3078,僑威,11,0,11,華南永昌-虎尾,2023-09-21,9377
00751B,元大AAA至A公司債,56,0,56,華南永昌-虎尾,2023-09-22,9377
2888,新光金,53,0,53,華南永昌-虎尾,2023-09-22,9377
00680L,元大美債20正2,40,0,40,華南永昌-虎尾,2023-09-22,9377
00929,復華台灣科技優息,66,30,36,華南永昌-虎尾,2023-09-22,9377
2801,彰銀,33,0,33,華南永昌-虎尾,2023-09-22,9377
2344,華邦電,33,0,33,華南永昌-虎尾,2023-09-22,9377
00885,富邦越南,33,2,31,華南永昌-虎尾,2023-09-22,9377
00712,復華富時不動產,29,0,29,華南永昌-虎尾,2023-09-22,9377
1444,力麗,37,8,29,華南永昌-虎尾,2023-09-22,9377
3092,鴻碩,28,0,28,華南永昌-虎尾,2023-09-22,9377
2618,長榮航,30,3,27,華南永昌-虎尾,2023-09-22,9377
2002,中鋼,27,0,27,華南永昌-虎尾,2023-09-22,9377
00688L,國泰20年美債正2,26,0,26,華南永昌-虎尾,2023-09-22,9377
3050,鈺德,26,0,26,華南永昌-虎尾,2023-09-22,9377
2358,廷鑫,25,0,25,華南永昌-虎尾,2023-09-22,9377
2303,聯電,21,0,21,華南永昌-虎尾,2023-09-22,9377
1101,台泥,20,0,20,華南永昌-虎尾,2023-09-22,9377
1339,昭輝,20,0,20,華南永昌-虎尾,2023-09-22,9377
00878,國泰永續高股息,54,35,19,華南永昌-虎尾,2023-09-22,9377
2330,台積電,19,1,18,華南永昌-虎尾,2023-09-22,9377
3317,尼克森,18,0,18,華南永昌-虎尾,2023-09-22,9377
2399,映泰,21,4,17,華南永昌-虎尾,2023-09-22,9377
00679B,元大美債20年,16,0,16,華南永昌-虎尾,2023-09-22,9377
2329,華泰,19,3,16,華南永昌-虎尾,2023-09-22,9377
6116,彩晶,16,1,15,華南永昌-虎尾,2023-09-22,9377
00795B,中信美國公債20年,14,0,14,華南永昌-虎尾,2023-09-22,9377
2486,一詮,20,6,14,華南永昌-虎尾,2023-09-22,9377
2637,慧洋-KY,17,3,14,華南永昌-虎尾,2023-09-22,9377
2376,技嘉,27,15,12,華南永昌-虎尾,2023-09-22,9377
2316,楠梓電,22,10,12,華南永昌-虎尾,2023-09-22,9377
00919,群益台灣精選高息,15,3,12,華南永昌-虎尾,2023-09-22,9377
2241,艾姆勒,11,0,11,華南永昌-虎尾,2023-09-22,9377
1309,台達化,10,0,10,華南永昌-虎尾,2023-09-22,9377
00673R,期元大S＆P原油反1,10,0,10,華南永昌-虎尾,2023-09-22,9377
2337,旺宏,11,1,10,華南永昌-虎尾,2023-09-22,9377
2892,第一金,10,0,10,華南永昌-虎尾,2023-09-22,9377
9928,中視,20,10,10,華南永昌-虎尾,2023-09-22,9377
1615,大山,9,0,9,華南永昌-虎尾,2023-09-22,9377
3715,定穎投控,17,8,9,華南永昌-虎尾,2023-09-22,9377
2634,漢翔,13,4,9,華南永昌-虎尾,2023-09-22,9377
2606,裕民,8,0,8,華南永昌-虎尾,2023-09-22,9377
3088,艾訊,8,0,8,華南永昌-虎尾,2023-09-22,9377
2354,鴻準,7,0,7,華南永昌-虎尾,2023-09-22,9377
2388,威盛,10,3,7,華南永昌-虎尾,2023-09-22,9377
5371,中光電,7,0,7,華南永昌-虎尾,2023-09-22,9377
1319,東陽,6,0,6,華南永昌-虎尾,2023-09-22,9377
2393,億光,6,0,6,華南永昌-虎尾,2023-09-22,9377
2820,華票,6,0,6,華南永昌-虎尾,2023-09-22,9377
2883,凱基金,7,1,6,華南永昌-虎尾,2023-09-22,9377
3005,神基,6,0,6,華南永昌-虎尾,2023-09-22,9377
2323,中環,115,10,105,華南永昌-虎尾,2023-09-25,9377
1101,台泥,46,1,45,華南永昌-虎尾,2023-09-25,9377
2332,友訊,28,0,28,華南永昌-虎尾,2023-09-25,9377
4533,協易機,26,0,26,華南永昌-虎尾,2023-09-25,9377
2329,華泰,69,44,25,華南永昌-虎尾,2023-09-25,9377
9958,世紀鋼,26,2,24,華南永昌-虎尾,2023-09-25,9377
2241,艾姆勒,23,0,23,華南永昌-虎尾,2023-09-25,9377
2392,正崴,23,0,23,華南永昌-虎尾,2023-09-25,9377
00929,復華台灣科技優息,36,14,22,華南永昌-虎尾,2023-09-25,9377
00919,群益台灣精選高息,19,0,19,華南永昌-虎尾,2023-09-25,9377
3704,合勤控,20,2,18,華南永昌-虎尾,2023-09-25,9377
00902,中信電池及儲能,16,0,16,華南永昌-虎尾,2023-09-25,9377
2303,聯電,30,14,16,華南永昌-虎尾,2023-09-25,9377
2356,英業達,18,2,16,華南永昌-虎尾,2023-09-25,9377
00753L,中信中國50正2,30,15,15,華南永昌-虎尾,2023-09-25,9377
2313,華通,20,8,12,華南永昌-虎尾,2023-09-25,9377
2344,華邦電,13,1,12,華南永昌-虎尾,2023-09-25,9377
2208,台船,11,0,11,華南永昌-虎尾,2023-09-25,9377
1314,中石化,10,0,10,華南永昌-虎尾,2023-09-25,9377
00885,富邦越南,10,0,10,華南永昌-虎尾,2023-09-25,9377
2312,金寶,10,0,10,華南永昌-虎尾,2023-09-25,9377
3379,彬台,10,0,10,華南永昌-虎尾,2023-09-25,9377
8028,昇陽半導體,11,1,10,華南永昌-虎尾,2023-09-25,9377
2542,興富發,10,0,10,華南永昌-虎尾,2023-09-25,9377
8924,大田,11,2,9,華南永昌-虎尾,2023-09-25,9377
2027,大成鋼,10,1,9,華南永昌-虎尾,2023-09-25,9377
2405,輔信,10,1,9,華南永昌-虎尾,2023-09-25,9377
3706,神達,19,10,9,華南永昌-虎尾,2023-09-25,9377
2606,裕民,10,2,8,華南永昌-虎尾,2023-09-25,9377
2618,長榮航,26,18,8,華南永昌-虎尾,2023-09-25,9377
3322,建舜電,11,3,8,華南永昌-虎尾,2023-09-25,9377
3481,群創,7,0,7,華南永昌-虎尾,2023-09-25,9377
00637L,元大滬深300正2,41,35,6,華南永昌-虎尾,2023-09-25,9377
2451,創見,6,0,6,華南永昌-虎尾,2023-09-25,9377
4908,前鼎,9,3,6,華南永昌-虎尾,2023-09-25,9377
3617,碩天,8,2,6,華南永昌-虎尾,2023-09-25,9377
9938,百和,6,0,6,華南永昌-虎尾,2023-09-25,9377
9910,豐泰,5,0,5,華南永昌-虎尾,2023-09-25,9377
1514,亞力,5,0,5,華南永昌-虎尾,2023-09-25,9377
1605,華新,6,1,5,華南永昌-虎尾,2023-09-25,9377
00679B,元大美債20年,6,1,5,華南永昌-虎尾,2023-09-25,9377
1227,佳格,5,0,5,華南永昌-虎尾,2023-09-25,9377
2301,光寶科,6,1,5,華南永昌-虎尾,2023-09-25,9377
2478,大毅,5,0,5,華南永昌-虎尾,2023-09-25,9377
2912,統一超,5,0,5,華南永昌-虎尾,2023-09-25,9377
3163,波若威,11,6,5,華南永昌-虎尾,2023-09-25,9377
3257,虹冠電,5,0,5,華南永昌-虎尾,2023-09-25,9377
6244,茂迪,5,0,5,華南永昌-虎尾,2023-09-25,9377
8150,南茂,5,0,5,華南永昌-虎尾,2023-09-25,9377
2317,鴻海,4,0,4,華南永昌-虎尾,2023-09-25,9377
00929,復華台灣科技優息,195,39,156,華南永昌-虎尾,2023-09-26,9377
00919,群益台灣精選高息,119,1,118,華南永昌-虎尾,2023-09-26,9377
2880,華南金,94,1,93,華南永昌-虎尾,2023-09-26,9377
1522,堤維西,136,44,92,華南永昌-虎尾,2023-09-26,9377
00688L,國泰20年美債正2,49,0,49,華南永昌-虎尾,2023-09-26,9377
2634,漢翔,48,2,46,華南永昌-虎尾,2023-09-26,9377
2344,華邦電,45,0,45,華南永昌-虎尾,2023-09-26,9377
8150,南茂,32,0,32,華南永昌-虎尾,2023-09-26,9377
9945,潤泰新,31,0,31,華南永昌-虎尾,2023-09-26,9377
2206,三陽工業,32,2,30,華南永昌-虎尾,2023-09-26,9377
2489,瑞軒,30,2,28,華南永昌-虎尾,2023-09-26,9377
2303,聯電,41,15,26,華南永昌-虎尾,2023-09-26,9377
00637L,元大滬深300正2,26,0,26,華南永昌-虎尾,2023-09-26,9377
1101,台泥,43,18,25,華南永昌-虎尾,2023-09-26,9377
3006,晶豪科,22,0,22,華南永昌-虎尾,2023-09-26,9377
6122,擎邦,34,12,22,華南永昌-虎尾,2023-09-26,9377
2241,艾姆勒,26,5,21,華南永昌-虎尾,2023-09-26,9377
2313,華通,30,10,20,華南永昌-虎尾,2023-09-26,9377
2353,宏��,21,1,20,華南永昌-虎尾,2023-09-26,9377
2382,廣達,31,12,19,華南永昌-虎尾,2023-09-26,9377
2486,一詮,25,6,19,華南永昌-虎尾,2023-09-26,9377
2317,鴻海,24,6,18,華南永昌-虎尾,2023-09-26,9377
3715,定穎投控,55,37,18,華南永昌-虎尾,2023-09-26,9377
4960,誠美材,18,0,18,華南永昌-虎尾,2023-09-26,9377
8112,至上,24,8,16,華南永昌-虎尾,2023-09-26,9377
2412,中華電,15,0,15,華南永昌-虎尾,2023-09-26,9377
2834,臺企銀,15,0,15,華南永昌-虎尾,2023-09-26,9377
6531,愛普*,17,2,15,華南永昌-虎尾,2023-09-26,9377
1605,華新,25,11,14,華南永昌-虎尾,2023-09-26,9377
2883,凱基金,14,0,14,華南永昌-虎尾,2023-09-26,9377
3322,建舜電,20,6,14,華南永昌-虎尾,2023-09-26,9377
8069,元太,16,2,14,華南永昌-虎尾,2023-09-26,9377
1524,耿鼎,28,14,14,華南永昌-虎尾,2023-09-26,9377
00878,國泰永續高股息,18,5,13,華南永昌-虎尾,2023-09-26,9377
5880,合庫金,13,0,13,華南永昌-虎尾,2023-09-26,9377
3711,日月光投控,14,2,12,華南永昌-虎尾,2023-09-26,9377
00712,復華富時不動產,12,0,12,華南永昌-虎尾,2023-09-26,9377
2474,可成,12,0,12,華南永昌-虎尾,2023-09-26,9377
3289,宜特,12,0,12,華南永昌-虎尾,2023-09-26,9377
2356,英業達,15,3,12,華南永昌-虎尾,2023-09-26,9377
2436,偉詮電,12,1,11,華南永昌-虎尾,2023-09-26,9377
6285,啟��,11,0,11,華南永昌-虎尾,2023-09-26,9377
2323,中環,10,0,10,華南永昌-虎尾,2023-09-26,9377
2388,威盛,11,1,10,華南永昌-虎尾,2023-09-26,9377
1312,國喬,10,0,10,華南永昌-虎尾,2023-09-26,9377
1711,永光,10,0,10,華南永昌-虎尾,2023-09-26,9377
2104,國際中橡,10,0,10,華南永昌-虎尾,2023-09-26,9377
3257,虹冠電,10,0,10,華南永昌-虎尾,2023-09-26,9377
3704,合勤控,10,0,10,華南永昌-虎尾,2023-09-26,9377
5009,榮剛,10,0,10,華南永昌-虎尾,2023-09-26,9377
2323,中環,296,30,266,華南永昌-虎尾,2023-09-27,9377
1815,富喬,143,23,120,華南永昌-虎尾,2023-09-27,9377
00929,復華台灣科技優息,106,21,85,華南永昌-虎尾,2023-09-27,9377
2241,艾姆勒,80,0,80,華南永昌-虎尾,2023-09-27,9377
00673R,期元大S＆P原油反1,50,0,50,華南永昌-虎尾,2023-09-27,9377
2002,中鋼,56,9,47,華南永昌-虎尾,2023-09-27,9377
00637L,元大滬深300正2,105,59,46,華南永昌-虎尾,2023-09-27,9377
1609,大亞,63,18,45,華南永昌-虎尾,2023-09-27,9377
2637,慧洋-KY,50,5,45,華南永昌-虎尾,2023-09-27,9377
6418,詠昇,65,30,35,華南永昌-虎尾,2023-09-27,9377
3051,力特,41,7,34,華南永昌-虎尾,2023-09-27,9377
2367,燿華,30,0,30,華南永昌-虎尾,2023-09-27,9377
2883,凱基金,27,0,27,華南永昌-虎尾,2023-09-27,9377
2834,臺企銀,24,0,24,華南永昌-虎尾,2023-09-27,9377
3025,星通,27,4,23,華南永昌-虎尾,2023-09-27,9377
2313,華通,29,7,22,華南永昌-虎尾,2023-09-27,9377
3545,敦泰,56,34,22,華南永昌-虎尾,2023-09-27,9377
2014,中鴻,31,10,21,華南永昌-虎尾,2023-09-27,9377
2543,皇昌,20,0,20,華南永昌-虎尾,2023-09-27,9377
6156,松上,20,0,20,華南永昌-虎尾,2023-09-27,9377
8420,明揚,22,5,17,華南永昌-虎尾,2023-09-27,9377
00712,復華富時不動產,17,0,17,華南永昌-虎尾,2023-09-27,9377
00720B,元大投資級公司債,16,0,16,華南永昌-虎尾,2023-09-27,9377
2324,仁寶,14,0,14,華南永昌-虎尾,2023-09-27,9377
2344,華邦電,14,1,13,華南永昌-虎尾,2023-09-27,9377
3042,晶技,15,2,13,華南永昌-虎尾,2023-09-27,9377
00932,兆豐永續高息等權,12,0,12,華南永昌-虎尾,2023-09-27,9377
00900,富邦特選高股息30,12,0,12,華南永昌-虎尾,2023-09-27,9377
2449,京元電子,15,3,12,華南永昌-虎尾,2023-09-27,9377
3037,欣興,13,1,12,華南永昌-虎尾,2023-09-27,9377
3520,華盈,12,0,12,華南永昌-虎尾,2023-09-27,9377
00753L,中信中國50正2,14,3,11,華南永昌-虎尾,2023-09-27,9377
1718,中纖,11,0,11,華南永昌-虎尾,2023-09-27,9377
1101,台泥,10,0,10,華南永昌-虎尾,2023-09-27,9377
2609,陽明,15,5,10,華南永昌-虎尾,2023-09-27,9377
1806,冠軍,10,0,10,華南永昌-虎尾,2023-09-27,9377
2349,錸德,10,0,10,華南永昌-虎尾,2023-09-27,9377
2425,承啟,10,0,10,華南永昌-虎尾,2023-09-27,9377
2451,創見,10,0,10,華南永昌-虎尾,2023-09-27,9377
3050,鈺德,10,0,10,華南永昌-虎尾,2023-09-27,9377
4533,協易機,10,0,10,華南永昌-虎尾,2023-09-27,9377
6167,久正,10,0,10,華南永昌-虎尾,2023-09-27,9377
6288,聯嘉,10,0,10,華南永昌-虎尾,2023-09-27,9377
6509,聚和,10,0,10,華南永昌-虎尾,2023-09-27,9377
6117,迎廣,10,0,10,華南永昌-虎尾,2023-09-27,9377
2353,宏��,16,7,9,華南永昌-虎尾,2023-09-27,9377
2610,華航,10,1,9,華南永昌-虎尾,2023-09-27,9377
2892,第一金,9,0,9,華南永昌-虎尾,2023-09-27,9377
4906,正文,9,0,9,華南永昌-虎尾,2023-09-27,9377
1605,華新,9,0,9,華南永昌-虎尾,2023-09-27,9377
3231,緯創,128,23,105,華南永昌-虎尾,2023-09-28,9377
2344,華邦電,80,1,79,華南永昌-虎尾,2023-09-28,9377
00637L,元大滬深300正2,91,30,61,華南永昌-虎尾,2023-09-28,9377
00655L,國泰中國A50正2,70,20,50,華南永昌-虎尾,2023-09-28,9377
2888,新光金,50,1,49,華南永昌-虎尾,2023-09-28,9377
00720B,元大投資級公司債,41,0,41,華南永昌-虎尾,2023-09-28,9377
1519,華城,44,3,41,華南永昌-虎尾,2023-09-28,9377
3709,鑫聯大投控,38,0,38,華南永昌-虎尾,2023-09-28,9377
2408,南亞科,38,1,37,華南永昌-虎尾,2023-09-28,9377
00712,復華富時不動產,36,0,36,華南永昌-虎尾,2023-09-28,9377
2002,中鋼,38,3,35,華南永昌-虎尾,2023-09-28,9377
00919,群益台灣精選高息,33,3,30,華南永昌-虎尾,2023-09-28,9377
2355,敬鵬,30,0,30,華南永昌-虎尾,2023-09-28,9377
2358,廷鑫,40,10,30,華南永昌-虎尾,2023-09-28,9377
6275,元山,31,1,30,華南永昌-虎尾,2023-09-28,9377
8034,榮群,30,0,30,華南永昌-虎尾,2023-09-28,9377
00929,復華台灣科技優息,52,22,30,華南永昌-虎尾,2023-09-28,9377
2486,一詮,31,3,28,華南永昌-虎尾,2023-09-28,9377
1444,力麗,26,0,26,華南永昌-虎尾,2023-09-28,9377
2382,廣達,75,49,26,華南永昌-虎尾,2023-09-28,9377
2353,宏��,24,0,24,華南永昌-虎尾,2023-09-28,9377
3481,群創,23,1,22,華南永昌-虎尾,2023-09-28,9377
6122,擎邦,22,1,21,華南永昌-虎尾,2023-09-28,9377
00679B,元大美債20年,20,0,20,華南永昌-虎尾,2023-09-28,9377
3714,富采,20,0,20,華南永昌-虎尾,2023-09-28,9377
00688L,國泰20年美債正2,20,0,20,華南永昌-虎尾,2023-09-28,9377
2349,錸德,20,0,20,華南永昌-虎尾,2023-09-28,9377
6188,廣明,22,3,19,華南永昌-虎尾,2023-09-28,9377
00673R,期元大S＆P原油反1,29,10,19,華南永昌-虎尾,2023-09-28,9377
2885,元大金,20,1,19,華南永昌-虎尾,2023-09-28,9377
6196,帆宣,19,0,19,華南永昌-虎尾,2023-09-28,9377
2313,華通,28,10,18,華南永昌-虎尾,2023-09-28,9377
3006,晶豪科,17,0,17,華南永昌-虎尾,2023-09-28,9377
2301,光寶科,21,5,16,華南永昌-虎尾,2023-09-28,9377
2884,玉山金,15,0,15,華南永昌-虎尾,2023-09-28,9377
8183,精星,15,0,15,華南永昌-虎尾,2023-09-28,9377
3715,定穎投控,75,61,14,華南永昌-虎尾,2023-09-28,9377
4961,天鈺,14,1,13,華南永昌-虎尾,2023-09-28,9377
1514,亞力,12,0,12,華南永昌-虎尾,2023-09-28,9377
2605,新興,12,0,12,華南永昌-虎尾,2023-09-28,9377
3615,安可,12,0,12,華南永昌-虎尾,2023-09-28,9377
00885,富邦越南,12,1,11,華南永昌-虎尾,2023-09-28,9377
2402,毅嘉,25,14,11,華南永昌-虎尾,2023-09-28,9377
6213,聯茂,15,4,11,華南永昌-虎尾,2023-09-28,9377
1711,永光,10,0,10,華南永昌-虎尾,2023-09-28,9377
2241,艾姆勒,11,1,10,華南永昌-虎尾,2023-09-28,9377
2362,藍天,10,0,10,華南永昌-虎尾,2023-09-28,9377
5351,鈺創,11,1,10,華南永昌-虎尾,2023-09-28,9377
5465,富驊,12,2,10,華南永昌-虎尾,2023-09-28,9377
8086,宏捷科,10,0,10,華南永昌-虎尾,2023-09-28,9377
2363,矽統,138,63,75,華南永昌-虎尾,2023-10-02,9377
2313,華通,84,21,63,華南永昌-虎尾,2023-10-02,9377
2353,宏��,63,1,62,華南永昌-虎尾,2023-10-02,9377
00673R,期元大S＆P原油反1,60,0,60,華南永昌-虎尾,2023-10-02,9377
2344,華邦電,62,6,56,華南永昌-虎尾,2023-10-02,9377
2515,中工,52,0,52,華南永昌-虎尾,2023-10-02,9377
2618,長榮航,45,1,44,華南永昌-虎尾,2023-10-02,9377
3615,安可,31,0,31,華南永昌-虎尾,2023-10-02,9377
2885,元大金,35,5,30,華南永昌-虎尾,2023-10-02,9377
3483,力致,34,6,28,華南永昌-虎尾,2023-10-02,9377
2425,承啟,25,1,24,華南永昌-虎尾,2023-10-02,9377
1504,東元,30,6,24,華南永昌-虎尾,2023-10-02,9377
2884,玉山金,22,0,22,華南永昌-虎尾,2023-10-02,9377
3715,定穎投控,32,12,20,華南永昌-虎尾,2023-10-02,9377
2241,艾姆勒,23,3,20,華南永昌-虎尾,2023-10-02,9377
2498,宏達電,20,1,19,華南永昌-虎尾,2023-10-02,9377
6288,聯嘉,23,4,19,華南永昌-虎尾,2023-10-02,9377
2382,廣達,40,22,18,華南永昌-虎尾,2023-10-02,9377
6282,康舒,28,12,16,華南永昌-虎尾,2023-10-02,9377
2208,台船,18,2,16,華南永昌-虎尾,2023-10-02,9377
3046,建��,17,1,16,華南永昌-虎尾,2023-10-02,9377
2323,中環,16,1,15,華南永昌-虎尾,2023-10-02,9377
6122,擎邦,15,0,15,華南永昌-虎尾,2023-10-02,9377
00679B,元大美債20年,14,0,14,華南永昌-虎尾,2023-10-02,9377
2880,華南金,14,0,14,華南永昌-虎尾,2023-10-02,9377
2329,華泰,44,32,12,華南永昌-虎尾,2023-10-02,9377
3081,聯亞,23,11,12,華南永昌-虎尾,2023-10-02,9377
5258,虹堡,13,1,12,華南永昌-虎尾,2023-10-02,9377
1210,大成,11,0,11,華南永昌-虎尾,2023-10-02,9377
2367,燿華,83,72,11,華南永昌-虎尾,2023-10-02,9377
2402,毅嘉,20,9,11,華南永昌-虎尾,2023-10-02,9377
2388,威盛,17,6,11,華南永昌-虎尾,2023-10-02,9377
6188,廣明,36,25,11,華南永昌-虎尾,2023-10-02,9377
2352,佳世達,10,0,10,華南永昌-虎尾,2023-10-02,9377
00712,復華富時不動產,10,0,10,華南永昌-虎尾,2023-10-02,9377
00688L,國泰20年美債正2,10,0,10,華南永昌-虎尾,2023-10-02,9377
00664R,國泰臺灣加權反1,10,0,10,華南永昌-虎尾,2023-10-02,9377
00907,永豐優息存股,10,0,10,華南永昌-虎尾,2023-10-02,9377
2206,三陽工業,15,5,10,華南永昌-虎尾,2023-10-02,9377
2478,大毅,10,0,10,華南永昌-虎尾,2023-10-02,9377
2610,華航,10,0,10,華南永昌-虎尾,2023-10-02,9377
2630,亞航,10,0,10,華南永昌-虎尾,2023-10-02,9377
3322,建舜電,10,0,10,華南永昌-虎尾,2023-10-02,9377
4542,科嶠,32,22,10,華南永昌-虎尾,2023-10-02,9377
5324,士開,10,0,10,華南永昌-虎尾,2023-10-02,9377
5426,振發,10,0,10,華南永昌-虎尾,2023-10-02,9377
2457,飛宏,10,1,9,華南永昌-虎尾,2023-10-02,9377
2002,中鋼,12,4,8,華南永昌-虎尾,2023-10-02,9377
00720B,元大投資級公司債,8,0,8,華南永昌-虎尾,2023-10-02,9377
1618,合機,16,8,8,華南永昌-虎尾,2023-10-02,9377
2353,宏��,121,1,120,華南永昌-虎尾,2023-10-03,9377
00637L,元大滬深300正2,63,0,63,華南永昌-虎尾,2023-10-03,9377
1301,台塑,61,0,61,華南永昌-虎尾,2023-10-03,9377
3481,群創,57,0,57,華南永昌-虎尾,2023-10-03,9377
00922,國泰台灣領袖50,56,0,56,華南永昌-虎尾,2023-10-03,9377
00655L,國泰中國A50正2,56,0,56,華南永昌-虎尾,2023-10-03,9377
6282,康舒,54,0,54,華南永昌-虎尾,2023-10-03,9377
2618,長榮航,69,19,50,華南永昌-虎尾,2023-10-03,9377
2485,兆赫,58,8,50,華南永昌-虎尾,2023-10-03,9377
0056,元大高股息,51,4,47,華南永昌-虎尾,2023-10-03,9377
3231,緯創,85,41,44,華南永昌-虎尾,2023-10-03,9377
2201,裕隆,48,11,37,華南永昌-虎尾,2023-10-03,9377
1609,大亞,39,4,35,華南永昌-虎尾,2023-10-03,9377
00929,復華台灣科技優息,47,15,32,華南永昌-虎尾,2023-10-03,9377
2405,輔信,42,11,31,華南永昌-虎尾,2023-10-03,9377
00688L,國泰20年美債正2,28,0,28,華南永昌-虎尾,2023-10-03,9377
3013,晟銘電,59,36,23,華南永昌-虎尾,2023-10-03,9377
9958,世紀鋼,23,0,23,華南永昌-虎尾,2023-10-03,9377
2356,英業達,38,15,23,華南永昌-虎尾,2023-10-03,9377
00712,復華富時不動產,31,10,21,華南永昌-虎尾,2023-10-03,9377
3234,光環,28,7,21,華南永昌-虎尾,2023-10-03,9377
3338,泰碩,22,1,21,華南永昌-虎尾,2023-10-03,9377
1909,榮成,20,0,20,華南永昌-虎尾,2023-10-03,9377
2615,萬海,19,1,18,華南永昌-虎尾,2023-10-03,9377
1616,億泰,17,0,17,華南永昌-虎尾,2023-10-03,9377
3706,神達,36,20,16,華南永昌-虎尾,2023-10-03,9377
2014,中鴻,21,5,16,華南永昌-虎尾,2023-10-03,9377
2002,中鋼,17,1,16,華南永昌-虎尾,2023-10-03,9377
2382,廣達,35,21,14,華南永昌-虎尾,2023-10-03,9377
3567,逸昌,14,0,14,華南永昌-虎尾,2023-10-03,9377
2363,矽統,102,89,13,華南永昌-虎尾,2023-10-03,9377
1303,南亞,13,0,13,華南永昌-虎尾,2023-10-03,9377
2301,光寶科,16,3,13,華南永昌-虎尾,2023-10-03,9377
3615,安可,13,0,13,華南永昌-虎尾,2023-10-03,9377
00720B,元大投資級公司債,12,0,12,華南永昌-虎尾,2023-10-03,9377
00715L,期街口布蘭特正2,12,0,12,華南永昌-虎尾,2023-10-03,9377
2388,威盛,33,21,12,華南永昌-虎尾,2023-10-03,9377
2606,裕民,14,2,12,華南永昌-虎尾,2023-10-03,9377
2603,長榮,12,0,12,華南永昌-虎尾,2023-10-03,9377
3032,偉訓,14,3,11,華南永昌-虎尾,2023-10-03,9377
1711,永光,10,0,10,華南永昌-虎尾,2023-10-03,9377
2241,艾姆勒,11,1,10,華南永昌-虎尾,2023-10-03,9377
2504,國產,10,0,10,華南永昌-虎尾,2023-10-03,9377
3623,富晶通,10,0,10,華南永昌-虎尾,2023-10-03,9377
5351,鈺創,13,3,10,華南永昌-虎尾,2023-10-03,9377
00795B,中信美國公債20年,9,0,9,華南永昌-虎尾,2023-10-03,9377
1409,新纖,16,7,9,華南永昌-虎尾,2023-10-03,9377
00919,群益台灣精選高息,16,8,8,華南永昌-虎尾,2023-10-03,9377
1605,華新,17,10,7,華南永昌-虎尾,2023-10-03,9377
00882,中信中國高股息,7,0,7,華南永昌-虎尾,2023-10-03,9377
2303,聯電,497,0,497,華南永昌-虎尾,2023-10-04,9377
2241,艾姆勒,208,2,206,華南永昌-虎尾,2023-10-04,9377
2409,友達,139,10,129,華南永昌-虎尾,2023-10-04,9377
2330,台積電,116,1,115,華南永昌-虎尾,2023-10-04,9377
3481,群創,116,7,109,華南永昌-虎尾,2023-10-04,9377
2884,玉山金,138,35,103,華南永昌-虎尾,2023-10-04,9377
1815,富喬,99,24,75,華南永昌-虎尾,2023-10-04,9377
0056,元大高股息,66,2,64,華南永昌-虎尾,2023-10-04,9377
2363,矽統,171,107,64,華南永昌-虎尾,2023-10-04,9377
00637L,元大滬深300正2,103,40,63,華南永昌-虎尾,2023-10-04,9377
1615,大山,59,0,59,華南永昌-虎尾,2023-10-04,9377
2887,台新金,54,0,54,華南永昌-虎尾,2023-10-04,9377
3032,偉訓,44,2,42,華南永昌-虎尾,2023-10-04,9377
00655L,國泰中國A50正2,39,0,39,華南永昌-虎尾,2023-10-04,9377
00688L,國泰20年美債正2,35,0,35,華南永昌-虎尾,2023-10-04,9377
1303,南亞,34,0,34,華南永昌-虎尾,2023-10-04,9377
1101,台泥,34,1,33,華南永昌-虎尾,2023-10-04,9377
2610,華航,30,2,28,華南永昌-虎尾,2023-10-04,9377
2498,宏達電,27,0,27,華南永昌-虎尾,2023-10-04,9377
00922,國泰台灣領袖50,25,1,24,華南永昌-虎尾,2023-10-04,9377
2606,裕民,25,1,24,華南永昌-虎尾,2023-10-04,9377
2353,宏��,28,5,23,華南永昌-虎尾,2023-10-04,9377
00919,群益台灣精選高息,25,2,23,華南永昌-虎尾,2023-10-04,9377
2323,中環,33,10,23,華南永昌-虎尾,2023-10-04,9377
1326,台化,22,0,22,華南永昌-虎尾,2023-10-04,9377
2313,華通,36,14,22,華南永昌-虎尾,2023-10-04,9377
00712,復華富時不動產,21,0,21,華南永昌-虎尾,2023-10-04,9377
2637,慧洋-KY,21,0,21,華南永昌-虎尾,2023-10-04,9377
1616,億泰,20,0,20,華南永昌-虎尾,2023-10-04,9377
4564,元翎,23,4,19,華南永昌-虎尾,2023-10-04,9377
8086,宏捷科,19,2,17,華南永昌-虎尾,2023-10-04,9377
1605,華新,28,11,17,華南永昌-虎尾,2023-10-04,9377
2880,華南金,20,3,17,華南永昌-虎尾,2023-10-04,9377
00679B,元大美債20年,19,4,15,華南永昌-虎尾,2023-10-04,9377
6282,康舒,15,0,15,華南永昌-虎尾,2023-10-04,9377
2314,台揚,15,1,14,華南永昌-虎尾,2023-10-04,9377
2634,漢翔,15,1,14,華南永昌-虎尾,2023-10-04,9377
2449,京元電子,25,12,13,華南永昌-虎尾,2023-10-04,9377
8112,至上,16,3,13,華南永昌-虎尾,2023-10-04,9377
2888,新光金,16,4,12,華南永昌-虎尾,2023-10-04,9377
1618,合機,46,34,12,華南永昌-虎尾,2023-10-04,9377
1802,台玻,12,0,12,華南永昌-虎尾,2023-10-04,9377
2030,彰源,12,0,12,華南永昌-虎尾,2023-10-04,9377
3122,笙泉,20,8,12,華南永昌-虎尾,2023-10-04,9377
6202,盛群,12,0,12,華南永昌-虎尾,2023-10-04,9377
8277,商丞,12,0,12,華南永昌-虎尾,2023-10-04,9377
2882,國泰金,11,0,11,華南永昌-虎尾,2023-10-04,9377
3374,精材,11,0,11,華南永昌-虎尾,2023-10-04,9377
00931B,統一美債20年,11,0,11,華南永昌-虎尾,2023-10-04,9377
2891,中信金,10,0,10,華南永昌-虎尾,2023-10-04,9377
2241,艾姆勒,339,0,339,華南永昌-虎尾,2023-10-05,9377
2618,長榮航,203,45,158,華南永昌-虎尾,2023-10-05,9377
00897,富邦基因免疫生技,120,0,120,華南永昌-虎尾,2023-10-05,9377
2323,中環,117,20,97,華南永昌-虎尾,2023-10-05,9377
3231,緯創,91,24,67,華南永昌-虎尾,2023-10-05,9377
00931B,統一美債20年,53,1,52,華南永昌-虎尾,2023-10-05,9377
8033,雷虎,48,0,48,華南永昌-虎尾,2023-10-05,9377
1303,南亞,30,0,30,華南永昌-虎尾,2023-10-05,9377
00720B,元大投資級公司債,30,0,30,華南永昌-虎尾,2023-10-05,9377
3715,定穎投控,66,38,28,華南永昌-虎尾,2023-10-05,9377
4564,元翎,28,0,28,華南永昌-虎尾,2023-10-05,9377
3567,逸昌,25,1,24,華南永昌-虎尾,2023-10-05,9377
2002,中鋼,24,1,23,華南永昌-虎尾,2023-10-05,9377
00751B,元大AAA至A公司債,20,0,20,華南永昌-虎尾,2023-10-05,9377
2641,正德,20,0,20,華南永昌-虎尾,2023-10-05,9377
00922,國泰台灣領袖50,16,0,16,華南永昌-虎尾,2023-10-05,9377
2417,圓剛,28,12,16,華南永昌-虎尾,2023-10-05,9377
6196,帆宣,16,1,15,華南永昌-虎尾,2023-10-05,9377
00893,國泰智能電動車,15,1,14,華南永昌-虎尾,2023-10-05,9377
00715L,期街口布蘭特正2,14,0,14,華南永昌-虎尾,2023-10-05,9377
2892,第一金,14,0,14,華南永昌-虎尾,2023-10-05,9377
6285,啟��,14,0,14,華南永昌-虎尾,2023-10-05,9377
1598,岱宇,13,0,13,華南永昌-虎尾,2023-10-05,9377
3322,建舜電,14,1,13,華南永昌-虎尾,2023-10-05,9377
1616,億泰,12,0,12,華南永昌-虎尾,2023-10-05,9377
3017,奇鋐,22,10,12,華南永昌-虎尾,2023-10-05,9377
4533,協易機,12,0,12,華南永昌-虎尾,2023-10-05,9377
8068,全達,33,21,12,華南永昌-虎尾,2023-10-05,9377
3234,光環,31,19,12,華南永昌-虎尾,2023-10-05,9377
00712,復華富時不動產,11,0,11,華南永昌-虎尾,2023-10-05,9377
1718,中纖,11,0,11,華南永昌-虎尾,2023-10-05,9377
2355,敬鵬,11,0,11,華南永昌-虎尾,2023-10-05,9377
3049,精金,11,0,11,華南永昌-虎尾,2023-10-05,9377
9945,潤泰新,11,0,11,華南永昌-虎尾,2023-10-05,9377
3545,敦泰,12,2,10,華南永昌-虎尾,2023-10-05,9377
2358,廷鑫,10,0,10,華南永昌-虎尾,2023-10-05,9377
2637,慧洋-KY,10,0,10,華南永昌-虎尾,2023-10-05,9377
3576,聯合再生,10,0,10,華南永昌-虎尾,2023-10-05,9377
5285,界霖,10,0,10,華南永昌-虎尾,2023-10-05,9377
5351,鈺創,10,0,10,華南永昌-虎尾,2023-10-05,9377
3050,鈺德,9,0,9,華南永昌-虎尾,2023-10-05,9377
1324,地球,21,12,9,華南永昌-虎尾,2023-10-05,9377
6770,力積電,8,0,8,華南永昌-虎尾,2023-10-05,9377
2329,華泰,10,2,8,華南永昌-虎尾,2023-10-05,9377
2606,裕民,12,4,8,華南永昌-虎尾,2023-10-05,9377
4909,新復興,8,0,8,華南永昌-虎尾,2023-10-05,9377
8011,台通,8,0,8,華南永昌-虎尾,2023-10-05,9377
2382,廣達,20,12,8,華南永昌-虎尾,2023-10-05,9377
3481,群創,7,0,7,華南永昌-虎尾,2023-10-05,9377
2884,玉山金,18,11,7,華南永昌-虎尾,2023-10-05,9377
9105,泰金寶-DR,125,0,125,華南永昌-虎尾,2023-10-06,9377
6547,高端疫苗,124,22,102,華南永昌-虎尾,2023-10-06,9377
2241,艾姆勒,90,0,90,華南永昌-虎尾,2023-10-06,9377
2605,新興,102,18,84,華南永昌-虎尾,2023-10-06,9377
3051,力特,158,79,79,華南永昌-虎尾,2023-10-06,9377
2363,矽統,136,63,73,華南永昌-虎尾,2023-10-06,9377
1616,億泰,55,0,55,華南永昌-虎尾,2023-10-06,9377
00929,復華台灣科技優息,42,0,42,華南永昌-虎尾,2023-10-06,9377
8930,青鋼,41,0,41,華南永昌-虎尾,2023-10-06,9377
00715L,期街口布蘭特正2,38,0,38,華南永昌-虎尾,2023-10-06,9377
2618,長榮航,40,5,35,華南永昌-虎尾,2023-10-06,9377
2002,中鋼,35,1,34,華南永昌-虎尾,2023-10-06,9377
2486,一詮,75,41,34,華南永昌-虎尾,2023-10-06,9377
2409,友達,31,1,30,華南永昌-虎尾,2023-10-06,9377
00679B,元大美債20年,30,0,30,華南永昌-虎尾,2023-10-06,9377
2356,英業達,46,21,25,華南永昌-虎尾,2023-10-06,9377
00893,國泰智能電動車,23,0,23,華南永昌-虎尾,2023-10-06,9377
8271,宇瞻,23,0,23,華南永昌-虎尾,2023-10-06,9377
3231,緯創,77,54,23,華南永昌-虎尾,2023-10-06,9377
1467,南緯,20,0,20,華南永昌-虎尾,2023-10-06,9377
2323,中環,65,45,20,華南永昌-虎尾,2023-10-06,9377
6509,聚和,20,1,19,華南永昌-虎尾,2023-10-06,9377
1815,富喬,57,39,18,華南永昌-虎尾,2023-10-06,9377
8088,品安,16,0,16,華南永昌-虎尾,2023-10-06,9377
2329,華泰,43,27,16,華南永昌-虎尾,2023-10-06,9377
3037,欣興,16,2,14,華南永昌-虎尾,2023-10-06,9377
1802,台玻,13,0,13,華南永昌-虎尾,2023-10-06,9377
3483,力致,15,3,12,華南永昌-虎尾,2023-10-06,9377
2354,鴻準,16,5,11,華南永昌-虎尾,2023-10-06,9377
3450,聯鈞,15,4,11,華南永昌-虎尾,2023-10-06,9377
3481,群創,11,0,11,華南永昌-虎尾,2023-10-06,9377
4503,金雨,12,1,11,華南永昌-虎尾,2023-10-06,9377
00688L,國泰20年美債正2,10,0,10,華南永昌-虎尾,2023-10-06,9377
5426,振發,23,13,10,華南永昌-虎尾,2023-10-06,9377
6274,台燿,14,4,10,華南永昌-虎尾,2023-10-06,9377
2881,富邦金,10,1,9,華南永昌-虎尾,2023-10-06,9377
00885,富邦越南,9,0,9,華南永昌-虎尾,2023-10-06,9377
1514,亞力,12,3,9,華南永昌-虎尾,2023-10-06,9377
1598,岱宇,9,0,9,華南永昌-虎尾,2023-10-06,9377
3567,逸昌,9,0,9,華南永昌-虎尾,2023-10-06,9377
4584,君帆,8,0,8,華南永昌-虎尾,2023-10-06,9377
8044,網家,10,2,8,華南永昌-虎尾,2023-10-06,9377
2504,國產,7,0,7,華南永昌-虎尾,2023-10-06,9377
3322,建舜電,7,0,7,華南永昌-虎尾,2023-10-06,9377
2610,華航,6,0,6,華南永昌-虎尾,2023-10-06,9377
2408,南亞科,9,3,6,華南永昌-虎尾,2023-10-06,9377
6122,擎邦,6,0,6,華南永昌-虎尾,2023-10-06,9377
2369,菱生,6,0,6,華南永昌-虎尾,2023-10-06,9377
2388,威盛,7,1,6,華南永昌-虎尾,2023-10-06,9377
3325,旭品,24,18,6,華南永昌-虎尾,2023-10-06,9377
2031,新光鋼,107,0,107,華南永昌-虎尾,2023-10-11,9377
2241,艾姆勒,84,0,84,華南永昌-虎尾,2023-10-11,9377
00637L,元大滬深300正2,88,14,74,華南永昌-虎尾,2023-10-11,9377
9105,泰金寶-DR,187,120,67,華南永昌-虎尾,2023-10-11,9377
2353,宏��,62,3,59,華南永昌-虎尾,2023-10-11,9377
2344,華邦電,159,114,45,華南永昌-虎尾,2023-10-11,9377
4157,太景*-KY,41,1,40,華南永昌-虎尾,2023-10-11,9377
00893,國泰智能電動車,38,0,38,華南永昌-虎尾,2023-10-11,9377
2883,凱基金,33,1,32,華南永昌-虎尾,2023-10-11,9377
2323,中環,103,73,30,華南永昌-虎尾,2023-10-11,9377
2476,鉅祥,30,0,30,華南永昌-虎尾,2023-10-11,9377
2610,華航,37,10,27,華南永昌-虎尾,2023-10-11,9377
2609,陽明,33,7,26,華南永昌-虎尾,2023-10-11,9377
3325,旭品,30,5,25,華南永昌-虎尾,2023-10-11,9377
2376,技嘉,35,11,24,華南永昌-虎尾,2023-10-11,9377
2498,宏達電,24,0,24,華南永昌-虎尾,2023-10-11,9377
00919,群益台灣精選高息,22,1,21,華南永昌-虎尾,2023-10-11,9377
3715,定穎投控,47,26,21,華南永昌-虎尾,2023-10-11,9377
6548,長科*,21,0,21,華南永昌-虎尾,2023-10-11,9377
2020,美亞,20,0,20,華南永昌-虎尾,2023-10-11,9377
6509,聚和,20,0,20,華南永昌-虎尾,2023-10-11,9377
1616,億泰,20,0,20,華南永昌-虎尾,2023-10-11,9377
2302,麗正,20,0,20,華南永昌-虎尾,2023-10-11,9377
5351,鈺創,26,6,20,華南永昌-虎尾,2023-10-11,9377
6116,彩晶,20,0,20,華南永昌-虎尾,2023-10-11,9377
2603,長榮,21,2,19,華南永昌-虎尾,2023-10-11,9377
2409,友達,18,0,18,華南永昌-虎尾,2023-10-11,9377
3545,敦泰,17,1,16,華南永昌-虎尾,2023-10-11,9377
4533,協易機,31,15,16,華南永昌-虎尾,2023-10-11,9377
2453,凌群,16,1,15,華南永昌-虎尾,2023-10-11,9377
1584,精剛,18,4,14,華南永昌-虎尾,2023-10-11,9377
2377,微星,21,7,14,華南永昌-虎尾,2023-10-11,9377
00720B,元大投資級公司債,12,0,12,華南永昌-虎尾,2023-10-11,9377
00687B,國泰20年美債,12,0,12,華南永昌-虎尾,2023-10-11,9377
2002,中鋼,52,40,12,華南永昌-虎尾,2023-10-11,9377
3207,耀勝,12,0,12,華南永昌-虎尾,2023-10-11,9377
00679B,元大美債20年,14,3,11,華南永昌-虎尾,2023-10-11,9377
2014,中鴻,12,1,11,華南永昌-虎尾,2023-10-11,9377
3450,聯鈞,13,2,11,華南永昌-虎尾,2023-10-11,9377
3615,安可,11,0,11,華南永昌-虎尾,2023-10-11,9377
00772B,中信高評級公司債,10,0,10,華南永昌-虎尾,2023-10-11,9377
00680L,元大美債20正2,10,0,10,華南永昌-虎尾,2023-10-11,9377
2331,精英,10,0,10,華南永昌-虎尾,2023-10-11,9377
2349,錸德,10,0,10,華南永昌-虎尾,2023-10-11,9377
2515,中工,10,0,10,華南永昌-虎尾,2023-10-11,9377
4532,瑞智,10,0,10,華南永昌-虎尾,2023-10-11,9377
3276,宇環,10,0,10,華南永昌-虎尾,2023-10-11,9377
2356,英業達,28,19,9,華南永昌-虎尾,2023-10-11,9377
2367,燿華,10,1,9,華南永昌-虎尾,2023-10-11,9377
2420,新巨,9,0,9,華南永昌-虎尾,2023-10-11,9377
2031,新光鋼,142,0,142,華南永昌-虎尾,2023-10-12,9377
1815,富喬,151,40,111,華南永昌-虎尾,2023-10-12,9377
2358,廷鑫,70,2,68,華南永昌-虎尾,2023-10-12,9377
2329,華泰,85,18,67,華南永昌-虎尾,2023-10-12,9377
00751B,元大AAA至A公司債,57,0,57,華南永昌-虎尾,2023-10-12,9377
2405,輔信,60,5,55,華南永昌-虎尾,2023-10-12,9377
5009,榮剛,61,8,53,華南永昌-虎尾,2023-10-12,9377
00730,富邦臺灣優質高息,50,0,50,華南永昌-虎尾,2023-10-12,9377
3231,緯創,157,112,45,華南永昌-虎尾,2023-10-12,9377
3481,群創,42,1,41,華南永昌-虎尾,2023-10-12,9377
6547,高端疫苗,50,11,39,華南永昌-虎尾,2023-10-12,9377
2349,錸德,30,0,30,華南永昌-虎尾,2023-10-12,9377
2382,廣達,60,34,26,華南永昌-虎尾,2023-10-12,9377
4906,正文,25,0,25,華南永昌-虎尾,2023-10-12,9377
2356,英業達,28,5,23,華南永昌-虎尾,2023-10-12,9377
00922,國泰台灣領袖50,22,0,22,華南永昌-虎尾,2023-10-12,9377
2425,承啟,29,7,22,華南永昌-虎尾,2023-10-12,9377
2882,國泰金,23,3,20,華南永昌-虎尾,2023-10-12,9377
3338,泰碩,21,1,20,華南永昌-虎尾,2023-10-12,9377
1444,力麗,20,0,20,華南永昌-虎尾,2023-10-12,9377
3706,神達,41,24,17,華南永昌-虎尾,2023-10-12,9377
2887,台新金,22,5,17,華南永昌-虎尾,2023-10-12,9377
3711,日月光投控,20,3,17,華南永昌-虎尾,2023-10-12,9377
00720B,元大投資級公司債,16,0,16,華南永昌-虎尾,2023-10-12,9377
1514,亞力,17,1,16,華南永昌-虎尾,2023-10-12,9377
3322,建舜電,21,5,16,華南永昌-虎尾,2023-10-12,9377
0056,元大高股息,24,9,15,華南永昌-虎尾,2023-10-12,9377
3037,欣興,16,2,14,華南永昌-虎尾,2023-10-12,9377
2883,凱基金,15,1,14,華南永昌-虎尾,2023-10-12,9377
00673R,期元大S＆P原油反1,13,1,12,華南永昌-虎尾,2023-10-12,9377
2402,毅嘉,20,8,12,華南永昌-虎尾,2023-10-12,9377
5512,力麒,12,0,12,華南永昌-虎尾,2023-10-12,9377
6168,宏齊,20,8,12,華南永昌-虎尾,2023-10-12,9377
1810,和成,11,0,11,華南永昌-虎尾,2023-10-12,9377
00773B,中信優先金融債,10,0,10,華南永昌-虎尾,2023-10-12,9377
00664R,國泰臺灣加權反1,10,0,10,華南永昌-虎尾,2023-10-12,9377
00680L,元大美債20正2,10,0,10,華南永昌-虎尾,2023-10-12,9377
2352,佳世達,10,0,10,華南永昌-虎尾,2023-10-12,9377
2468,華經,10,0,10,華南永昌-虎尾,2023-10-12,9377
3545,敦泰,11,1,10,華南永昌-虎尾,2023-10-12,9377
00679B,元大美債20年,16,7,9,華南永昌-虎尾,2023-10-12,9377
00772B,中信高評級公司債,10,1,9,華南永昌-虎尾,2023-10-12,9377
4207,環泰,9,0,9,華南永昌-虎尾,2023-10-12,9377
3049,精金,9,0,9,華南永昌-虎尾,2023-10-12,9377
3149,正達,9,1,8,華南永昌-虎尾,2023-10-12,9377
00919,群益台灣精選高息,8,0,8,華南永昌-虎尾,2023-10-12,9377
2301,光寶科,14,6,8,華南永昌-虎尾,2023-10-12,9377
3234,光環,9,1,8,華南永昌-虎尾,2023-10-12,9377
6550,北極星藥業-KY,8,0,8,華南永昌-虎尾,2023-10-12,9377
00642U,期元大S＆P石油,10,3,7,華南永昌-虎尾,2023-10-12,9377
2031,新光鋼,120,0,120,華南永昌-虎尾,2023-10-13,9377
00637L,元大滬深300正2,134,20,114,華南永昌-虎尾,2023-10-13,9377
00751B,元大AAA至A公司債,104,0,104,華南永昌-虎尾,2023-10-13,9377
2363,矽統,292,196,96,華南永昌-虎尾,2023-10-13,9377
3231,緯創,115,20,95,華南永昌-虎尾,2023-10-13,9377
2323,中環,73,11,62,華南永昌-虎尾,2023-10-13,9377
8150,南茂,50,0,50,華南永昌-虎尾,2023-10-13,9377
00878,國泰永續高股息,46,0,46,華南永昌-虎尾,2023-10-13,9377
9105,泰金寶-DR,40,0,40,華南永昌-虎尾,2023-10-13,9377
00688L,國泰20年美債正2,39,0,39,華南永昌-虎尾,2023-10-13,9377
2241,艾姆勒,37,0,37,華南永昌-虎尾,2023-10-13,9377
2409,友達,36,2,34,華南永昌-虎尾,2023-10-13,9377
1909,榮成,30,0,30,華南永昌-虎尾,2023-10-13,9377
2486,一詮,38,15,23,華南永昌-虎尾,2023-10-13,9377
2485,兆赫,66,45,21,華南永昌-虎尾,2023-10-13,9377
2913,農林,22,1,21,華南永昌-虎尾,2023-10-13,9377
1515,力山,20,0,20,華南永昌-虎尾,2023-10-13,9377
1605,華新,23,3,20,華南永昌-虎尾,2023-10-13,9377
3338,泰碩,20,0,20,華南永昌-虎尾,2023-10-13,9377
4157,太景*-KY,20,0,20,華南永昌-虎尾,2023-10-13,9377
0056,元大高股息,22,2,20,華南永昌-虎尾,2023-10-13,9377
00919,群益台灣精選高息,23,4,19,華南永昌-虎尾,2023-10-13,9377
1319,東陽,22,4,18,華南永昌-虎尾,2023-10-13,9377
2618,長榮航,19,1,18,華南永昌-虎尾,2023-10-13,9377
2301,光寶科,20,2,18,華南永昌-虎尾,2023-10-13,9377
6188,廣明,20,4,16,華南永昌-虎尾,2023-10-13,9377
3257,虹冠電,16,0,16,華南永昌-虎尾,2023-10-13,9377
2356,英業達,27,11,16,華南永昌-虎尾,2023-10-13,9377
00679B,元大美債20年,15,0,15,華南永昌-虎尾,2023-10-13,9377
2834,臺企銀,15,1,14,華南永昌-虎尾,2023-10-13,9377
2002,中鋼,16,2,14,華南永昌-虎尾,2023-10-13,9377
6257,矽格,16,3,13,華南永昌-虎尾,2023-10-13,9377
6672,騰輝電子-KY,21,8,13,華南永昌-虎尾,2023-10-13,9377
5880,合庫金,15,3,12,華南永昌-虎尾,2023-10-13,9377
3615,安可,12,0,12,華南永昌-虎尾,2023-10-13,9377
5009,榮剛,12,0,12,華南永昌-虎尾,2023-10-13,9377
9958,世紀鋼,12,0,12,華南永昌-虎尾,2023-10-13,9377
1216,統一,11,0,11,華南永昌-虎尾,2023-10-13,9377
1524,耿鼎,11,0,11,華南永昌-虎尾,2023-10-13,9377
2324,仁寶,14,3,11,華南永昌-虎尾,2023-10-13,9377
2610,華航,11,0,11,華南永昌-虎尾,2023-10-13,9377
2883,凱基金,11,0,11,華南永昌-虎尾,2023-10-13,9377
2892,第一金,12,1,11,華南永昌-虎尾,2023-10-13,9377
1304,台聚,10,0,10,華南永昌-虎尾,2023-10-13,9377
00897,富邦基因免疫生技,10,0,10,華南永昌-虎尾,2023-10-13,9377
4904,遠傳,15,5,10,華南永昌-虎尾,2023-10-13,9377
6491,晶碩,10,0,10,華南永昌-虎尾,2023-10-13,9377
6214,精誠,10,0,10,華南永昌-虎尾,2023-10-13,9377
2887,台新金,10,1,9,華南永昌-虎尾,2023-10-13,9377
3163,波若威,10,1,9,華南永昌-虎尾,2023-10-13,9377
2344,華邦電,146,12,134,華南永昌-虎尾,2023-10-16,9377
2363,矽統,142,80,62,華南永昌-虎尾,2023-10-16,9377
9105,泰金寶-DR,100,40,60,華南永昌-虎尾,2023-10-16,9377
00637L,元大滬深300正2,133,80,53,華南永昌-虎尾,2023-10-16,9377
6120,達運,50,0,50,華南永昌-虎尾,2023-10-16,9377
2241,艾姆勒,43,0,43,華南永昌-虎尾,2023-10-16,9377
2323,中環,93,50,43,華南永昌-虎尾,2023-10-16,9377
3231,緯創,122,80,42,華南永昌-虎尾,2023-10-16,9377
00715L,期街口布蘭特正2,51,9,42,華南永昌-虎尾,2023-10-16,9377
2486,一詮,62,20,42,華南永昌-虎尾,2023-10-16,9377
2618,長榮航,76,37,39,華南永昌-虎尾,2023-10-16,9377
0056,元大高股息,47,10,37,華南永昌-虎尾,2023-10-16,9377
3025,星通,46,9,37,華南永昌-虎尾,2023-10-16,9377
00929,復華台灣科技優息,36,0,36,華南永昌-虎尾,2023-10-16,9377
3706,神達,44,8,36,華南永昌-虎尾,2023-10-16,9377
00919,群益台灣精選高息,33,0,33,華南永昌-虎尾,2023-10-16,9377
2610,華航,29,1,28,華南永昌-虎尾,2023-10-16,9377
2002,中鋼,28,1,27,華南永昌-虎尾,2023-10-16,9377
1304,台聚,21,0,21,華南永昌-虎尾,2023-10-16,9377
00915,凱基優選高股息30,20,0,20,華南永昌-虎尾,2023-10-16,9377
1909,榮成,20,1,19,華南永昌-虎尾,2023-10-16,9377
2201,裕隆,27,9,18,華南永昌-虎尾,2023-10-16,9377
00922,國泰台灣領袖50,18,0,18,華南永昌-虎尾,2023-10-16,9377
2609,陽明,31,14,17,華南永昌-虎尾,2023-10-16,9377
4906,正文,20,4,16,華南永昌-虎尾,2023-10-16,9377
2427,三商電,22,7,15,華南永昌-虎尾,2023-10-16,9377
3234,光環,15,0,15,華南永昌-虎尾,2023-10-16,9377
4533,協易機,15,0,15,華南永昌-虎尾,2023-10-16,9377
1444,力麗,20,6,14,華南永昌-虎尾,2023-10-16,9377
3615,安可,14,0,14,華南永昌-虎尾,2023-10-16,9377
3014,聯陽,16,3,13,華南永昌-虎尾,2023-10-16,9377
1605,華新,18,5,13,華南永昌-虎尾,2023-10-16,9377
1101,台泥,16,5,11,華南永昌-虎尾,2023-10-16,9377
6531,愛普*,12,1,11,華南永昌-虎尾,2023-10-16,9377
8050,廣積,13,2,11,華南永昌-虎尾,2023-10-16,9377
6282,康舒,11,1,10,華南永昌-虎尾,2023-10-16,9377
2406,國碩,10,0,10,華南永昌-虎尾,2023-10-16,9377
00885,富邦越南,10,0,10,華南永昌-虎尾,2023-10-16,9377
1734,杏輝,10,0,10,華南永昌-虎尾,2023-10-16,9377
2331,精英,10,0,10,華南永昌-虎尾,2023-10-16,9377
2489,瑞軒,10,0,10,華南永昌-虎尾,2023-10-16,9377
00878,國泰永續高股息,9,0,9,華南永昌-虎尾,2023-10-16,9377
6235,華孚,9,0,9,華南永昌-虎尾,2023-10-16,9377
3702,大聯大,12,3,9,華南永昌-虎尾,2023-10-16,9377
3260,威剛,23,14,9,華南永昌-虎尾,2023-10-16,9377
2354,鴻準,8,0,8,華南永昌-虎尾,2023-10-16,9377
2606,裕民,11,3,8,華南永昌-虎尾,2023-10-16,9377
3176,基亞,8,0,8,華南永昌-虎尾,2023-10-16,9377
3232,昱捷,8,0,8,華南永昌-虎尾,2023-10-16,9377
6643,M31,9,1,8,華南永昌-虎尾,2023-10-16,9377
9105,泰金寶-DR,90,0,90,華南永昌-虎尾,2023-10-17,9377
0056,元大高股息,70,0,70,華南永昌-虎尾,2023-10-17,9377
00688L,國泰20年美債正2,63,0,63,華南永昌-虎尾,2023-10-17,9377
00679B,元大美債20年,45,0,45,華南永昌-虎尾,2023-10-17,9377
00673R,期元大S＆P原油反1,45,0,45,華南永昌-虎尾,2023-10-17,9377
2347,聯強,40,0,40,華南永昌-虎尾,2023-10-17,9377
4904,遠傳,43,5,38,華南永昌-虎尾,2023-10-17,9377
3231,緯創,155,120,35,華南永昌-虎尾,2023-10-17,9377
6139,亞翔,35,4,31,華南永昌-虎尾,2023-10-17,9377
00878,國泰永續高股息,30,0,30,華南永昌-虎尾,2023-10-17,9377
4157,太景*-KY,32,2,30,華南永昌-虎尾,2023-10-17,9377
6592,和潤企業,28,0,28,華南永昌-虎尾,2023-10-17,9377
3025,星通,26,1,25,華南永昌-虎尾,2023-10-17,9377
3483,力致,32,8,24,華南永昌-虎尾,2023-10-17,9377
2201,裕隆,29,7,22,華南永昌-虎尾,2023-10-17,9377
2883,凱基金,20,0,20,華南永昌-虎尾,2023-10-17,9377
1616,億泰,20,0,20,華南永昌-虎尾,2023-10-17,9377
2241,艾姆勒,19,0,19,華南永昌-虎尾,2023-10-17,9377
3014,聯陽,19,0,19,華南永昌-虎尾,2023-10-17,9377
3615,安可,18,0,18,華南永昌-虎尾,2023-10-17,9377
00929,復華台灣科技優息,24,6,18,華南永昌-虎尾,2023-10-17,9377
00642U,期元大S＆P石油,16,0,16,華南永昌-虎尾,2023-10-17,9377
3049,精金,16,0,16,華南永昌-虎尾,2023-10-17,9377
8054,安國,24,8,16,華南永昌-虎尾,2023-10-17,9377
1514,亞力,16,1,15,華南永昌-虎尾,2023-10-17,9377
1609,大亞,15,2,13,華南永昌-虎尾,2023-10-17,9377
00919,群益台灣精選高息,23,11,12,華南永昌-虎尾,2023-10-17,9377
6548,長科*,12,0,12,華南永昌-虎尾,2023-10-17,9377
00637L,元大滬深300正2,71,60,11,華南永昌-虎尾,2023-10-17,9377
2897,王道銀行,11,0,11,華南永昌-虎尾,2023-10-17,9377
3078,僑威,15,4,11,華南永昌-虎尾,2023-10-17,9377
1101,台泥,20,9,11,華南永昌-虎尾,2023-10-17,9377
1304,台聚,10,0,10,華南永昌-虎尾,2023-10-17,9377
1319,東陽,33,23,10,華南永昌-虎尾,2023-10-17,9377
00715L,期街口布蘭特正2,10,0,10,華南永昌-虎尾,2023-10-17,9377
2331,精英,10,0,10,華南永昌-虎尾,2023-10-17,9377
2489,瑞軒,30,20,10,華南永昌-虎尾,2023-10-17,9377
2723,美食-KY,10,0,10,華南永昌-虎尾,2023-10-17,9377
2884,玉山金,10,0,10,華南永昌-虎尾,2023-10-17,9377
3013,晟銘電,10,0,10,華南永昌-虎尾,2023-10-17,9377
3050,鈺德,10,0,10,華南永昌-虎尾,2023-10-17,9377
3207,耀勝,10,0,10,華南永昌-虎尾,2023-10-17,9377
3305,昇貿,10,0,10,華南永昌-虎尾,2023-10-17,9377
3706,神達,32,22,10,華南永昌-虎尾,2023-10-17,9377
4533,協易機,10,0,10,華南永昌-虎尾,2023-10-17,9377
6477,安集,10,0,10,華南永昌-虎尾,2023-10-17,9377
3234,光環,12,3,9,華南永昌-虎尾,2023-10-17,9377
1504,東元,9,0,9,華南永昌-虎尾,2023-10-17,9377
2461,光群雷,10,1,9,華南永昌-虎尾,2023-10-17,9377
4207,環泰,9,0,9,華南永昌-虎尾,2023-10-17,9377
2323,中環,214,10,204,華南永昌-虎尾,2023-10-18,9377
6770,力積電,85,0,85,華南永昌-虎尾,2023-10-18,9377
0056,元大高股息,76,0,76,華南永昌-虎尾,2023-10-18,9377
1101,台泥,71,11,60,華南永昌-虎尾,2023-10-18,9377
00878,國泰永續高股息,59,2,57,華南永昌-虎尾,2023-10-18,9377
2606,裕民,56,5,51,華南永昌-虎尾,2023-10-18,9377
00929,復華台灣科技優息,47,0,47,華南永昌-虎尾,2023-10-18,9377
2369,菱生,61,16,45,華南永昌-虎尾,2023-10-18,9377
2344,華邦電,64,20,44,華南永昌-虎尾,2023-10-18,9377
2489,瑞軒,71,30,41,華南永昌-虎尾,2023-10-18,9377
2486,一詮,69,28,41,華南永昌-虎尾,2023-10-18,9377
2634,漢翔,44,5,39,華南永昌-虎尾,2023-10-18,9377
2363,矽統,61,23,38,華南永昌-虎尾,2023-10-18,9377
2241,艾姆勒,38,0,38,華南永昌-虎尾,2023-10-18,9377
3231,緯創,173,139,34,華南永昌-虎尾,2023-10-18,9377
1615,大山,32,0,32,華南永昌-虎尾,2023-10-18,9377
00720B,元大投資級公司債,32,0,32,華南永昌-虎尾,2023-10-18,9377
3704,合勤控,31,0,31,華南永昌-虎尾,2023-10-18,9377
3481,群創,30,0,30,華南永昌-虎尾,2023-10-18,9377
00687B,國泰20年美債,28,0,28,華南永昌-虎尾,2023-10-18,9377
6274,台燿,30,2,28,華南永昌-虎尾,2023-10-18,9377
00919,群益台灣精選高息,28,1,27,華南永昌-虎尾,2023-10-18,9377
3715,定穎投控,48,24,24,華南永昌-虎尾,2023-10-18,9377
6142,友勁,24,0,24,華南永昌-虎尾,2023-10-18,9377
2485,兆赫,40,17,23,華南永昌-虎尾,2023-10-18,9377
2498,宏達電,28,5,23,華南永昌-虎尾,2023-10-18,9377
8033,雷虎,22,0,22,華南永昌-虎尾,2023-10-18,9377
2349,錸德,21,0,21,華南永昌-虎尾,2023-10-18,9377
6672,騰輝電子-KY,21,0,21,華南永昌-虎尾,2023-10-18,9377
2482,連宇,20,0,20,華南永昌-虎尾,2023-10-18,9377
3257,虹冠電,20,0,20,華南永昌-虎尾,2023-10-18,9377
4157,太景*-KY,30,10,20,華南永昌-虎尾,2023-10-18,9377
4707,磐亞,20,0,20,華南永昌-虎尾,2023-10-18,9377
6139,亞翔,21,1,20,華南永昌-虎尾,2023-10-18,9377
1304,台聚,19,1,18,華南永昌-虎尾,2023-10-18,9377
2002,中鋼,19,2,17,華南永昌-虎尾,2023-10-18,9377
2618,長榮航,27,10,17,華南永昌-虎尾,2023-10-18,9377
3706,神達,42,25,17,華南永昌-虎尾,2023-10-18,9377
8054,安國,21,4,17,華南永昌-虎尾,2023-10-18,9377
00688L,國泰20年美債正2,16,0,16,華南永昌-虎尾,2023-10-18,9377
2313,華通,19,4,15,華南永昌-虎尾,2023-10-18,9377
3094,聯傑,25,10,15,華南永昌-虎尾,2023-10-18,9377
1609,大亞,15,1,14,華南永昌-虎尾,2023-10-18,9377
1303,南亞,14,0,14,華南永昌-虎尾,2023-10-18,9377
1467,南緯,14,0,14,華南永昌-虎尾,2023-10-18,9377
2388,威盛,42,28,14,華南永昌-虎尾,2023-10-18,9377
3078,僑威,16,2,14,華南永昌-虎尾,2023-10-18,9377
2883,凱基金,13,0,13,華南永昌-虎尾,2023-10-18,9377
00673R,期元大S＆P原油反1,12,0,12,華南永昌-虎尾,2023-10-18,9377
00902,中信電池及儲能,11,0,11,華南永昌-虎尾,2023-10-18,9377
00688L,國泰20年美債正2,132,0,132,華南永昌-虎尾,2023-10-19,9377
1101,台泥,115,10,105,華南永昌-虎尾,2023-10-19,9377
0056,元大高股息,97,2,95,華南永昌-虎尾,2023-10-19,9377
00929,復華台灣科技優息,133,56,77,華南永昌-虎尾,2023-10-19,9377
2002,中鋼,78,1,77,華南永昌-虎尾,2023-10-19,9377
00637L,元大滬深300正2,90,30,60,華南永昌-虎尾,2023-10-19,9377
4904,遠傳,60,0,60,華南永昌-虎尾,2023-10-19,9377
00933B,國泰10Y+金融債,74,29,45,華南永昌-虎尾,2023-10-19,9377
2618,長榮航,31,0,31,華南永昌-虎尾,2023-10-19,9377
3709,鑫聯大投控,35,5,30,華南永昌-虎尾,2023-10-19,9377
2888,新光金,24,0,24,華南永昌-虎尾,2023-10-19,9377
2356,英業達,27,4,23,華南永昌-虎尾,2023-10-19,9377
2516,新建,22,0,22,華南永昌-虎尾,2023-10-19,9377
00878,國泰永續高股息,25,3,22,華南永昌-虎尾,2023-10-19,9377
00895,富邦未來車,21,0,21,華南永昌-虎尾,2023-10-19,9377
4915,致伸,20,0,20,華南永昌-虎尾,2023-10-19,9377
6168,宏齊,20,0,20,華南永昌-虎尾,2023-10-19,9377
6443,元晶,22,2,20,華南永昌-虎尾,2023-10-19,9377
2610,華航,19,0,19,華南永昌-虎尾,2023-10-19,9377
2892,第一金,18,0,18,華南永昌-虎尾,2023-10-19,9377
2884,玉山金,18,0,18,華南永昌-虎尾,2023-10-19,9377
1471,首利,19,1,18,華南永昌-虎尾,2023-10-19,9377
2353,宏��,33,16,17,華南永昌-虎尾,2023-10-19,9377
3228,金麗科,18,1,17,華南永昌-虎尾,2023-10-19,9377
2486,一詮,19,3,16,華南永昌-虎尾,2023-10-19,9377
2611,志信,16,0,16,華南永昌-虎尾,2023-10-19,9377
00922,國泰台灣領袖50,15,0,15,華南永昌-虎尾,2023-10-19,9377
8085,福華,15,0,15,華南永昌-虎尾,2023-10-19,9377
6284,佳邦,16,1,15,華南永昌-虎尾,2023-10-19,9377
3041,揚智,40,26,14,華南永昌-虎尾,2023-10-19,9377
1584,精剛,13,0,13,華南永昌-虎尾,2023-10-19,9377
3715,定穎投控,41,29,12,華南永昌-虎尾,2023-10-19,9377
4207,環泰,13,1,12,華南永昌-虎尾,2023-10-19,9377
00687B,國泰20年美債,13,2,11,華南永昌-虎尾,2023-10-19,9377
1605,華新,21,10,11,華南永昌-虎尾,2023-10-19,9377
1609,大亞,11,1,10,華南永昌-虎尾,2023-10-19,9377
1514,亞力,10,0,10,華南永昌-虎尾,2023-10-19,9377
00795B,中信美國公債20年,10,0,10,華南永昌-虎尾,2023-10-19,9377
1904,正隆,10,0,10,華南永昌-虎尾,2023-10-19,9377
2323,中環,50,40,10,華南永昌-虎尾,2023-10-19,9377
2850,新產,10,0,10,華南永昌-虎尾,2023-10-19,9377
3276,宇環,10,0,10,華南永昌-虎尾,2023-10-19,9377
6526,達發,11,2,9,華南永昌-虎尾,2023-10-19,9377
3050,鈺德,9,0,9,華南永昌-虎尾,2023-10-19,9377
4503,金雨,9,0,9,華南永昌-虎尾,2023-10-19,9377
6732,昇佳電子,9,0,9,華南永昌-虎尾,2023-10-19,9377
2409,友達,10,2,8,華南永昌-虎尾,2023-10-19,9377
9945,潤泰新,8,0,8,華南永昌-虎尾,2023-10-19,9377
3481,群創,12,4,8,華南永昌-虎尾,2023-10-19,9377
6223,旺矽,8,0,8,華南永昌-虎尾,2023-10-19,9377
00712,復華富時不動產,96,0,96,華南永昌-虎尾,2023-10-20,9377
6158,禾昌,72,2,70,華南永昌-虎尾,2023-10-20,9377
00878,國泰永續高股息,70,1,69,華南永昌-虎尾,2023-10-20,9377
2312,金寶,60,0,60,華南永昌-虎尾,2023-10-20,9377
2241,艾姆勒,40,0,40,華南永昌-虎尾,2023-10-20,9377
2425,承啟,31,0,31,華南永昌-虎尾,2023-10-20,9377
2606,裕民,45,14,31,華南永昌-虎尾,2023-10-20,9377
00637L,元大滬深300正2,100,70,30,華南永昌-虎尾,2023-10-20,9377
2884,玉山金,28,0,28,華南永昌-虎尾,2023-10-20,9377
2002,中鋼,28,1,27,華南永昌-虎尾,2023-10-20,9377
4904,遠傳,25,0,25,華南永昌-虎尾,2023-10-20,9377
1101,台泥,26,3,23,華南永昌-虎尾,2023-10-20,9377
2538,基泰,22,0,22,華南永昌-虎尾,2023-10-20,9377
3704,合勤控,29,7,22,華南永昌-虎尾,2023-10-20,9377
3265,台星科,20,0,20,華南永昌-虎尾,2023-10-20,9377
2888,新光金,20,0,20,華南永昌-虎尾,2023-10-20,9377
1314,中石化,21,2,19,華南永昌-虎尾,2023-10-20,9377
3615,安可,19,0,19,華南永昌-虎尾,2023-10-20,9377
6237,驊訊,33,16,17,華南永昌-虎尾,2023-10-20,9377
1701,中化,16,0,16,華南永昌-虎尾,2023-10-20,9377
2886,兆豐金,18,2,16,華南永昌-虎尾,2023-10-20,9377
4989,榮科,16,0,16,華南永昌-虎尾,2023-10-20,9377
00664R,國泰臺灣加權反1,15,0,15,華南永昌-虎尾,2023-10-20,9377
8112,至上,14,0,14,華南永昌-虎尾,2023-10-20,9377
2881,富邦金,14,0,14,華南永昌-虎尾,2023-10-20,9377
2204,中華,14,0,14,華南永昌-虎尾,2023-10-20,9377
2409,友達,17,3,14,華南永昌-虎尾,2023-10-20,9377
3260,威剛,25,12,13,華南永昌-虎尾,2023-10-20,9377
2388,威盛,19,6,13,華南永昌-虎尾,2023-10-20,9377
2344,華邦電,12,0,12,華南永昌-虎尾,2023-10-20,9377
3483,力致,15,3,12,華南永昌-虎尾,2023-10-20,9377
2882,國泰金,11,0,11,華南永昌-虎尾,2023-10-20,9377
2610,華航,17,6,11,華南永昌-虎尾,2023-10-20,9377
1605,華新,14,3,11,華南永昌-虎尾,2023-10-20,9377
3050,鈺德,11,0,11,華南永昌-虎尾,2023-10-20,9377
2834,臺企銀,10,0,10,華南永昌-虎尾,2023-10-20,9377
2542,興富發,10,0,10,華南永昌-虎尾,2023-10-20,9377
00679B,元大美債20年,12,2,10,華南永昌-虎尾,2023-10-20,9377
00680L,元大美債20正2,10,0,10,華南永昌-虎尾,2023-10-20,9377
00665L,富邦�琤肭磪囓�2,10,0,10,華南永昌-虎尾,2023-10-20,9377
00900,富邦特選高股息30,10,0,10,華南永昌-虎尾,2023-10-20,9377
2104,國際中橡,11,1,10,華南永昌-虎尾,2023-10-20,9377
2892,第一金,12,2,10,華南永昌-虎尾,2023-10-20,9377
4157,太景*-KY,30,20,10,華南永昌-虎尾,2023-10-20,9377
4533,協易機,10,0,10,華南永昌-虎尾,2023-10-20,9377
4960,誠美材,10,0,10,華南永昌-虎尾,2023-10-20,9377
8033,雷虎,10,0,10,華南永昌-虎尾,2023-10-20,9377
8936,國統,10,0,10,華南永昌-虎尾,2023-10-20,9377
6770,力積電,21,11,10,華南永昌-虎尾,2023-10-20,9377
00922,國泰台灣領袖50,9,0,9,華南永昌-虎尾,2023-10-20,9377
00929,復華台灣科技優息,135,2,133,華南永昌-虎尾,2023-10-23,9377
00688L,國泰20年美債正2,103,0,103,華南永昌-虎尾,2023-10-23,9377
2618,長榮航,91,3,88,華南永昌-虎尾,2023-10-23,9377
00712,復華富時不動產,34,0,34,華南永昌-虎尾,2023-10-23,9377
3481,群創,33,0,33,華南永昌-虎尾,2023-10-23,9377
1609,大亞,39,6,33,華南永昌-虎尾,2023-10-23,9377
2317,鴻海,48,17,31,華南永昌-虎尾,2023-10-23,9377
00878,國泰永續高股息,27,0,27,華南永昌-虎尾,2023-10-23,9377
00753L,中信中國50正2,24,0,24,華南永昌-虎尾,2023-10-23,9377
2888,新光金,30,6,24,華南永昌-虎尾,2023-10-23,9377
2002,中鋼,23,0,23,華南永昌-虎尾,2023-10-23,9377
4958,臻鼎-KY,22,0,22,華南永昌-虎尾,2023-10-23,9377
2884,玉山金,22,0,22,華南永昌-虎尾,2023-10-23,9377
5880,合庫金,21,0,21,華南永昌-虎尾,2023-10-23,9377
6901,鑽石投資,21,0,21,華南永昌-虎尾,2023-10-23,9377
00655L,國泰中國A50正2,20,0,20,華南永昌-虎尾,2023-10-23,9377
2610,華航,19,1,18,華南永昌-虎尾,2023-10-23,9377
3265,台星科,20,2,18,華南永昌-虎尾,2023-10-23,9377
6237,驊訊,36,18,18,華南永昌-虎尾,2023-10-23,9377
2606,裕民,25,8,17,華南永昌-虎尾,2023-10-23,9377
2330,台積電,16,0,16,華南永昌-虎尾,2023-10-23,9377
6285,啟��,22,6,16,華南永昌-虎尾,2023-10-23,9377
00642U,期元大S＆P石油,15,0,15,華南永昌-虎尾,2023-10-23,9377
00637L,元大滬深300正2,45,30,15,華南永昌-虎尾,2023-10-23,9377
3483,力致,15,2,13,華南永昌-虎尾,2023-10-23,9377
3260,威剛,22,10,12,華南永昌-虎尾,2023-10-23,9377
4503,金雨,12,0,12,華南永昌-虎尾,2023-10-23,9377
1460,宏遠,11,0,11,華南永昌-虎尾,2023-10-23,9377
2881,富邦金,11,0,11,華南永昌-虎尾,2023-10-23,9377
8110,華東,11,0,11,華南永昌-虎尾,2023-10-23,9377
00715L,期街口布蘭特正2,10,0,10,華南永昌-虎尾,2023-10-23,9377
2313,華通,22,12,10,華南永昌-虎尾,2023-10-23,9377
2323,中環,70,60,10,華南永昌-虎尾,2023-10-23,9377
6120,達運,10,0,10,華南永昌-虎尾,2023-10-23,9377
6509,聚和,10,0,10,華南永昌-虎尾,2023-10-23,9377
1101,台泥,9,0,9,華南永昌-虎尾,2023-10-23,9377
1301,台塑,9,0,9,華南永昌-虎尾,2023-10-23,9377
8054,安國,15,6,9,華南永昌-虎尾,2023-10-23,9377
2382,廣達,22,14,8,華南永昌-虎尾,2023-10-23,9377
2324,仁寶,8,0,8,華南永昌-虎尾,2023-10-23,9377
2401,凌陽,18,10,8,華南永昌-虎尾,2023-10-23,9377
3078,僑威,8,0,8,華南永昌-虎尾,2023-10-23,9377
4907,富宇,8,0,8,華南永昌-虎尾,2023-10-23,9377
0056,元大高股息,43,35,8,華南永昌-虎尾,2023-10-23,9377
2409,友達,27,20,7,華南永昌-虎尾,2023-10-23,9377
00900,富邦特選高股息30,7,0,7,華南永昌-虎尾,2023-10-23,9377
2892,第一金,7,0,7,華南永昌-虎尾,2023-10-23,9377
1513,中興電,10,3,7,華南永昌-虎尾,2023-10-23,9377
00687B,國泰20年美債,6,0,6,華南永昌-虎尾,2023-10-23,9377
6546,正基,6,0,6,華南永昌-虎尾,2023-10-23,9377
9105,泰金寶-DR,218,88,130,華南永昌-虎尾,2023-10-24,9377
00679B,元大美債20年,43,0,43,華南永昌-虎尾,2023-10-24,9377
00712,復華富時不動產,41,0,41,華南永昌-虎尾,2023-10-24,9377
00637L,元大滬深300正2,83,45,38,華南永昌-虎尾,2023-10-24,9377
2618,長榮航,52,14,38,華南永昌-虎尾,2023-10-24,9377
2883,凱基金,35,0,35,華南永昌-虎尾,2023-10-24,9377
2317,鴻海,71,39,32,華南永昌-虎尾,2023-10-24,9377
2880,華南金,30,0,30,華南永昌-虎尾,2023-10-24,9377
00655L,國泰中國A50正2,29,0,29,華南永昌-虎尾,2023-10-24,9377
2610,華航,32,5,27,華南永昌-虎尾,2023-10-24,9377
2382,廣達,52,25,27,華南永昌-虎尾,2023-10-24,9377
2002,中鋼,26,2,24,華南永昌-虎尾,2023-10-24,9377
3363,上詮,44,23,21,華南永昌-虎尾,2023-10-24,9377
1805,寶徠,20,0,20,華南永昌-虎尾,2023-10-24,9377
2888,新光金,20,0,20,華南永昌-虎尾,2023-10-24,9377
00753L,中信中國50正2,50,31,19,華南永昌-虎尾,2023-10-24,9377
2409,友達,43,24,19,華南永昌-虎尾,2023-10-24,9377
00673R,期元大S＆P原油反1,20,2,18,華南永昌-虎尾,2023-10-24,9377
3376,新日興,23,5,18,華南永昌-虎尾,2023-10-24,9377
6223,旺矽,18,0,18,華南永昌-虎尾,2023-10-24,9377
1101,台泥,19,3,16,華南永昌-虎尾,2023-10-24,9377
1721,三晃,17,2,15,華南永昌-虎尾,2023-10-24,9377
3711,日月光投控,15,0,15,華南永昌-虎尾,2023-10-24,9377
3591,艾笛森,14,0,14,華南永昌-虎尾,2023-10-24,9377
6695,芯鼎,18,4,14,華南永昌-虎尾,2023-10-24,9377
00929,復華台灣科技優息,14,1,13,華南永昌-虎尾,2023-10-24,9377
00687B,國泰20年美債,12,0,12,華南永昌-虎尾,2023-10-24,9377
5353,台林,14,2,12,華南永昌-虎尾,2023-10-24,9377
6168,宏齊,26,14,12,華南永昌-虎尾,2023-10-24,9377
6120,達運,20,10,10,華南永昌-虎尾,2023-10-24,9377
8222,寶一,12,2,10,華南永昌-虎尾,2023-10-24,9377
2408,南亞科,10,0,10,華南永昌-虎尾,2023-10-24,9377
2489,瑞軒,35,25,10,華南永昌-虎尾,2023-10-24,9377
3050,鈺德,10,0,10,華南永昌-虎尾,2023-10-24,9377
3673,TPK-KY,10,0,10,華南永昌-虎尾,2023-10-24,9377
8176,智捷,10,0,10,華南永昌-虎尾,2023-10-24,9377
5302,太欣,10,0,10,華南永昌-虎尾,2023-10-24,9377
3260,威剛,25,15,10,華南永昌-虎尾,2023-10-24,9377
1303,南亞,9,0,9,華南永昌-虎尾,2023-10-24,9377
00900,富邦特選高股息30,9,0,9,華南永昌-虎尾,2023-10-24,9377
1711,永光,14,5,9,華南永昌-虎尾,2023-10-24,9377
2371,大同,9,0,9,華南永昌-虎尾,2023-10-24,9377
0056,元大高股息,8,0,8,華南永昌-虎尾,2023-10-24,9377
3014,聯陽,8,0,8,華南永昌-虎尾,2023-10-24,9377
00919,群益台灣精選高息,9,1,8,華南永昌-虎尾,2023-10-24,9377
00878,國泰永續高股息,8,0,8,華南永昌-虎尾,2023-10-24,9377
2426,鼎元,7,0,7,華南永昌-虎尾,2023-10-24,9377
3483,力致,12,5,7,華南永昌-虎尾,2023-10-24,9377
4543,萬在,7,0,7,華南永昌-虎尾,2023-10-24,9377
4739,康普,7,0,7,華南永昌-虎尾,2023-10-24,9377
2883,凱基金,128,0,128,華南永昌-虎尾,2023-10-25,9377
2645,長榮航太,101,0,101,華南永昌-虎尾,2023-10-25,9377
2618,長榮航,64,0,64,華南永昌-虎尾,2023-10-25,9377
2382,廣達,90,33,57,華南永昌-虎尾,2023-10-25,9377
1522,堤維西,60,7,53,華南永昌-虎尾,2023-10-25,9377
1303,南亞,38,0,38,華南永昌-虎尾,2023-10-25,9377
1524,耿鼎,87,49,38,華南永昌-虎尾,2023-10-25,9377
3025,星通,44,7,37,華南永昌-虎尾,2023-10-25,9377
2884,玉山金,36,0,36,華南永昌-虎尾,2023-10-25,9377
8110,華東,65,31,34,華南永昌-虎尾,2023-10-25,9377
2633,台灣高鐵,33,0,33,華南永昌-虎尾,2023-10-25,9377
2337,旺宏,33,3,30,華南永昌-虎尾,2023-10-25,9377
00680L,元大美債20正2,30,0,30,華南永昌-虎尾,2023-10-25,9377
2538,基泰,30,0,30,華南永昌-虎尾,2023-10-25,9377
3265,台星科,30,0,30,華南永昌-虎尾,2023-10-25,9377
00878,國泰永續高股息,29,0,29,華南永昌-虎尾,2023-10-25,9377
1467,南緯,20,0,20,華南永昌-虎尾,2023-10-25,9377
5512,力麒,20,0,20,華南永昌-虎尾,2023-10-25,9377
6191,精成科,21,1,20,華南永昌-虎尾,2023-10-25,9377
00712,復華富時不動產,18,0,18,華南永昌-虎尾,2023-10-25,9377
3234,光環,21,3,18,華南永昌-虎尾,2023-10-25,9377
0056,元大高股息,18,0,18,華南永昌-虎尾,2023-10-25,9377
1101,台泥,17,0,17,華南永昌-虎尾,2023-10-25,9377
1609,大亞,17,1,16,華南永昌-虎尾,2023-10-25,9377
2405,輔信,38,22,16,華南永昌-虎尾,2023-10-25,9377
3078,僑威,30,14,16,華南永昌-虎尾,2023-10-25,9377
00664R,國泰臺灣加權反1,20,5,15,華南永昌-虎尾,2023-10-25,9377
00715L,期街口布蘭特正2,15,0,15,華南永昌-虎尾,2023-10-25,9377
2408,南亞科,15,0,15,華南永昌-虎尾,2023-10-25,9377
2317,鴻海,15,1,14,華南永昌-虎尾,2023-10-25,9377
2356,英業達,14,0,14,華南永昌-虎尾,2023-10-25,9377
9105,泰金寶-DR,13,0,13,華南永昌-虎尾,2023-10-25,9377
2305,全友,12,0,12,華南永昌-虎尾,2023-10-25,9377
2834,臺企銀,11,0,11,華南永昌-虎尾,2023-10-25,9377
4157,太景*-KY,17,6,11,華南永昌-虎尾,2023-10-25,9377
5353,台林,11,0,11,華南永昌-虎尾,2023-10-25,9377
2637,慧洋-KY,10,0,10,華南永昌-虎尾,2023-10-25,9377
00830,國泰費城半導體,10,0,10,華南永昌-虎尾,2023-10-25,9377
1584,精剛,10,0,10,華南永昌-虎尾,2023-10-25,9377
3044,健鼎,10,0,10,華南永昌-虎尾,2023-10-25,9377
3071,協禧,10,0,10,華南永昌-虎尾,2023-10-25,9377
6194,育富,10,0,10,華南永昌-虎尾,2023-10-25,9377
3189,景碩,11,1,10,華南永昌-虎尾,2023-10-25,9377
6442,光聖,11,2,9,華南永昌-虎尾,2023-10-25,9377
8040,九暘,13,4,9,華南永昌-虎尾,2023-10-25,9377
1319,東陽,8,0,8,華南永昌-虎尾,2023-10-25,9377
00900,富邦特選高股息30,8,0,8,華南永昌-虎尾,2023-10-25,9377
2101,南港,8,0,8,華南永昌-虎尾,2023-10-25,9377
2881,富邦金,10,2,8,華南永昌-虎尾,2023-10-25,9377
3050,鈺德,8,0,8,華南永昌-虎尾,2023-10-25,9377
2303,聯電,119,4,115,華南永昌-虎尾,2023-10-26,9377
4904,遠傳,97,0,97,華南永昌-虎尾,2023-10-26,9377
2344,華邦電,60,10,50,華南永昌-虎尾,2023-10-26,9377
00929,復華台灣科技優息,42,2,40,華南永昌-虎尾,2023-10-26,9377
00878,國泰永續高股息,40,1,39,華南永昌-虎尾,2023-10-26,9377
3481,群創,37,0,37,華南永昌-虎尾,2023-10-26,9377
3231,緯創,68,33,35,華南永昌-虎尾,2023-10-26,9377
00712,復華富時不動產,32,0,32,華南永昌-虎尾,2023-10-26,9377
6223,旺矽,32,0,32,華南永昌-虎尾,2023-10-26,9377
8033,雷虎,32,0,32,華南永昌-虎尾,2023-10-26,9377
1101,台泥,31,1,30,華南永昌-虎尾,2023-10-26,9377
1301,台塑,28,0,28,華南永昌-虎尾,2023-10-26,9377
2323,中環,67,40,27,華南永昌-虎尾,2023-10-26,9377
2486,一詮,27,0,27,華南永昌-虎尾,2023-10-26,9377
00885,富邦越南,23,0,23,華南永昌-虎尾,2023-10-26,9377
2888,新光金,23,0,23,華南永昌-虎尾,2023-10-26,9377
4958,臻鼎-KY,21,0,21,華南永昌-虎尾,2023-10-26,9377
1605,華新,20,0,20,華南永昌-虎尾,2023-10-26,9377
2538,基泰,20,0,20,華南永昌-虎尾,2023-10-26,9377
2883,凱基金,20,0,20,華南永昌-虎尾,2023-10-26,9377
3037,欣興,22,3,19,華南永昌-虎尾,2023-10-26,9377
1760,寶齡富錦,20,1,19,華南永昌-虎尾,2023-10-26,9377
00919,群益台灣精選高息,19,0,19,華南永昌-虎尾,2023-10-26,9377
2313,華通,18,0,18,華南永昌-虎尾,2023-10-26,9377
1721,三晃,47,29,18,華南永昌-虎尾,2023-10-26,9377
0050,元大台灣50,18,0,18,華南永昌-虎尾,2023-10-26,9377
00664R,國泰臺灣加權反1,37,20,17,華南永昌-虎尾,2023-10-26,9377
3006,晶豪科,24,7,17,華南永昌-虎尾,2023-10-26,9377
00688L,國泰20年美債正2,16,0,16,華南永昌-虎尾,2023-10-26,9377
2485,兆赫,111,95,16,華南永昌-虎尾,2023-10-26,9377
2606,裕民,19,3,16,華南永昌-虎尾,2023-10-26,9377
2489,瑞軒,15,0,15,華南永昌-虎尾,2023-10-26,9377
0056,元大高股息,27,13,14,華南永昌-虎尾,2023-10-26,9377
1519,華城,19,5,14,華南永昌-虎尾,2023-10-26,9377
2106,建大,14,0,14,華南永昌-虎尾,2023-10-26,9377
00753L,中信中國50正2,35,22,13,華南永昌-虎尾,2023-10-26,9377
1711,永光,14,1,13,華南永昌-虎尾,2023-10-26,9377
2368,金像電,15,2,13,華南永昌-虎尾,2023-10-26,9377
3050,鈺德,13,0,13,華南永昌-虎尾,2023-10-26,9377
5512,力麒,13,0,13,華南永昌-虎尾,2023-10-26,9377
9945,潤泰新,13,0,13,華南永昌-虎尾,2023-10-26,9377
2337,旺宏,23,10,13,華南永昌-虎尾,2023-10-26,9377
4157,太景*-KY,12,0,12,華南永昌-虎尾,2023-10-26,9377
1609,大亞,13,1,12,華南永昌-虎尾,2023-10-26,9377
2645,長榮航太,12,0,12,華南永昌-虎尾,2023-10-26,9377
3406,玉晶光,11,0,11,華南永昌-虎尾,2023-10-26,9377
3706,神達,11,0,11,華南永昌-虎尾,2023-10-26,9377
4739,康普,11,0,11,華南永昌-虎尾,2023-10-26,9377
2881,富邦金,10,0,10,華南永昌-虎尾,2023-10-26,9377
2349,錸德,10,0,10,華南永昌-虎尾,2023-10-26,9377
00929,復華台灣科技優息,64,0,64,華南永昌-虎尾,2023-10-27,9377
2382,廣達,144,81,63,華南永昌-虎尾,2023-10-27,9377
2610,華航,68,12,56,華南永昌-虎尾,2023-10-27,9377
2369,菱生,63,18,45,華南永昌-虎尾,2023-10-27,9377
2486,一詮,49,8,41,華南永昌-虎尾,2023-10-27,9377
2425,承啟,33,0,33,華南永昌-虎尾,2023-10-27,9377
2408,南亞科,22,0,22,華南永昌-虎尾,2023-10-27,9377
5519,隆大,22,0,22,華南永昌-虎尾,2023-10-27,9377
1519,華城,24,3,21,華南永昌-虎尾,2023-10-27,9377
1460,宏遠,20,0,20,華南永昌-虎尾,2023-10-27,9377
2323,中環,40,20,20,華南永昌-虎尾,2023-10-27,9377
2349,錸德,20,0,20,華南永昌-虎尾,2023-10-27,9377
5471,松翰,20,0,20,華南永昌-虎尾,2023-10-27,9377
1727,中華化,16,0,16,華南永昌-虎尾,2023-10-27,9377
2457,飛宏,17,1,16,華南永昌-虎尾,2023-10-27,9377
2515,中工,15,0,15,華南永昌-虎尾,2023-10-27,9377
1616,億泰,15,0,15,華南永昌-虎尾,2023-10-27,9377
3710,連展投控,15,0,15,華南永昌-虎尾,2023-10-27,9377
2317,鴻海,18,4,14,華南永昌-虎尾,2023-10-27,9377
2344,華邦電,19,5,14,華南永昌-虎尾,2023-10-27,9377
8227,巨有科技,14,0,14,華南永昌-虎尾,2023-10-27,9377
2329,華泰,39,26,13,華南永昌-虎尾,2023-10-27,9377
00712,復華富時不動產,12,0,12,華南永昌-虎尾,2023-10-27,9377
2383,台光電,12,0,12,華南永昌-虎尾,2023-10-27,9377
3702,大聯大,13,1,12,華南永昌-虎尾,2023-10-27,9377
5009,榮剛,13,2,11,華南永昌-虎尾,2023-10-27,9377
6202,盛群,11,0,11,華南永昌-虎尾,2023-10-27,9377
8176,智捷,11,0,11,華南永昌-虎尾,2023-10-27,9377
2884,玉山金,11,0,11,華南永昌-虎尾,2023-10-27,9377
00751B,元大AAA至A公司債,10,0,10,華南永昌-虎尾,2023-10-27,9377
1711,永光,10,0,10,華南永昌-虎尾,2023-10-27,9377
1909,榮成,10,0,10,華南永昌-虎尾,2023-10-27,9377
2885,元大金,10,0,10,華南永昌-虎尾,2023-10-27,9377
8033,雷虎,10,0,10,華南永昌-虎尾,2023-10-27,9377
2303,聯電,39,30,9,華南永昌-虎尾,2023-10-27,9377
2409,友達,10,1,9,華南永昌-虎尾,2023-10-27,9377
00905,FT臺灣Smart,9,0,9,華南永昌-虎尾,2023-10-27,9377
2883,凱基金,9,0,9,華南永昌-虎尾,2023-10-27,9377
3078,僑威,17,8,9,華南永昌-虎尾,2023-10-27,9377
3704,合勤控,27,18,9,華南永昌-虎尾,2023-10-27,9377
6139,亞翔,11,2,9,華南永昌-虎尾,2023-10-27,9377
2363,矽統,17,8,9,華南永昌-虎尾,2023-10-27,9377
2337,旺宏,8,0,8,華南永昌-虎尾,2023-10-27,9377
2612,中航,8,0,8,華南永昌-虎尾,2023-10-27,9377
2637,慧洋-KY,8,0,8,華南永昌-虎尾,2023-10-27,9377
0056,元大高股息,7,0,7,華南永昌-虎尾,2023-10-27,9377
00878,國泰永續高股息,13,6,7,華南永昌-虎尾,2023-10-27,9377
6122,擎邦,8,1,7,華南永昌-虎尾,2023-10-27,9377
6138,茂達,9,2,7,華南永昌-虎尾,2023-10-27,9377
2888,新光金,6,0,6,華南永昌-虎尾,2023-10-27,9377
2317,鴻海,154,5,149,華南永昌-虎尾,2023-10-30,9377
00933B,國泰10Y+金融債,56,0,56,華南永昌-虎尾,2023-10-30,9377
00715L,期街口布蘭特正2,53,3,50,華南永昌-虎尾,2023-10-30,9377
3231,緯創,96,48,48,華南永昌-虎尾,2023-10-30,9377
2485,兆赫,88,43,45,華南永昌-虎尾,2023-10-30,9377
6168,宏齊,32,0,32,華南永昌-虎尾,2023-10-30,9377
00712,復華富時不動產,30,0,30,華南永昌-虎尾,2023-10-30,9377
00664R,國泰臺灣加權反1,28,0,28,華南永昌-虎尾,2023-10-30,9377
6156,松上,28,0,28,華南永昌-虎尾,2023-10-30,9377
00878,國泰永續高股息,26,1,25,華南永昌-虎尾,2023-10-30,9377
3294,英濟,25,0,25,華南永昌-虎尾,2023-10-30,9377
3576,聯合再生,26,1,25,華南永昌-虎尾,2023-10-30,9377
2606,裕民,36,13,23,華南永昌-虎尾,2023-10-30,9377
2344,華邦電,47,25,22,華南永昌-虎尾,2023-10-30,9377
5880,合庫金,21,0,21,華南永昌-虎尾,2023-10-30,9377
2349,錸德,20,0,20,華南永昌-虎尾,2023-10-30,9377
4533,協易機,20,1,19,華南永昌-虎尾,2023-10-30,9377
2353,宏��,20,2,18,華南永昌-虎尾,2023-10-30,9377
2312,金寶,21,4,17,華南永昌-虎尾,2023-10-30,9377
4979,華星光,21,5,16,華南永昌-虎尾,2023-10-30,9377
2886,兆豐金,14,0,14,華南永昌-虎尾,2023-10-30,9377
1524,耿鼎,21,7,14,華南永昌-虎尾,2023-10-30,9377
2354,鴻準,15,2,13,華南永昌-虎尾,2023-10-30,9377
2615,萬海,31,18,13,華南永昌-虎尾,2023-10-30,9377
6443,元晶,23,10,13,華南永昌-虎尾,2023-10-30,9377
2884,玉山金,12,0,12,華南永昌-虎尾,2023-10-30,9377
4960,誠美材,53,42,11,華南永昌-虎尾,2023-10-30,9377
0056,元大高股息,12,1,11,華南永昌-虎尾,2023-10-30,9377
2337,旺宏,10,0,10,華南永昌-虎尾,2023-10-30,9377
1909,榮成,13,3,10,華南永昌-虎尾,2023-10-30,9377
2369,菱生,20,10,10,華南永昌-虎尾,2023-10-30,9377
2633,台灣高鐵,10,0,10,華南永昌-虎尾,2023-10-30,9377
6117,迎廣,24,14,10,華南永昌-虎尾,2023-10-30,9377
9955,佳龍,10,0,10,華南永昌-虎尾,2023-10-30,9377
4938,和碩,10,0,10,華南永昌-虎尾,2023-10-30,9377
2303,聯電,12,2,10,華南永昌-虎尾,2023-10-30,9377
2444,兆勁,9,0,9,華南永昌-虎尾,2023-10-30,9377
3189,景碩,9,0,9,華南永昌-虎尾,2023-10-30,9377
2356,英業達,13,4,9,華南永昌-虎尾,2023-10-30,9377
3045,台灣大,8,0,8,華南永昌-虎尾,2023-10-30,9377
4958,臻鼎-KY,8,0,8,華南永昌-虎尾,2023-10-30,9377
6546,正基,8,0,8,華南永昌-虎尾,2023-10-30,9377
8054,安國,28,20,8,華南永昌-虎尾,2023-10-30,9377
2887,台新金,10,3,7,華南永昌-虎尾,2023-10-30,9377
1722,台肥,7,0,7,華南永昌-虎尾,2023-10-30,9377
2890,永豐金,7,0,7,華南永昌-虎尾,2023-10-30,9377
3037,欣興,8,1,7,華南永昌-虎尾,2023-10-30,9377
3715,定穎投控,17,10,7,華南永昌-虎尾,2023-10-30,9377
3306,鼎天,6,0,6,華南永昌-虎尾,2023-10-30,9377
1519,華城,13,7,6,華南永昌-虎尾,2023-10-30,9377
00933B,國泰10Y+金融債,259,0,259,華南永昌-虎尾,2023-10-31,9377
2834,臺企銀,200,0,200,華南永昌-虎尾,2023-10-31,9377
2884,玉山金,115,0,115,華南永昌-虎尾,2023-10-31,9377
00919,群益台灣精選高息,106,2,104,華南永昌-虎尾,2023-10-31,9377
2344,華邦電,97,2,95,華南永昌-虎尾,2023-10-31,9377
00878,國泰永續高股息,96,2,94,華南永昌-虎尾,2023-10-31,9377
3231,緯創,115,29,86,華南永昌-虎尾,2023-10-31,9377
1101,台泥,91,10,81,華南永昌-虎尾,2023-10-31,9377
2323,中環,70,0,70,華南永昌-虎尾,2023-10-31,9377
3105,穩懋,88,25,63,華南永昌-虎尾,2023-10-31,9377
00712,復華富時不動產,55,0,55,華南永昌-虎尾,2023-10-31,9377
2538,基泰,50,0,50,華南永昌-虎尾,2023-10-31,9377
3094,聯傑,68,20,48,華南永昌-虎尾,2023-10-31,9377
2618,長榮航,55,9,46,華南永昌-虎尾,2023-10-31,9377
00715L,期街口布蘭特正2,45,0,45,華南永昌-虎尾,2023-10-31,9377
2486,一詮,61,16,45,華南永昌-虎尾,2023-10-31,9377
2485,兆赫,147,105,42,華南永昌-虎尾,2023-10-31,9377
2363,矽統,43,5,38,華南永昌-虎尾,2023-10-31,9377
2427,三商電,74,37,37,華南永昌-虎尾,2023-10-31,9377
2885,元大金,41,5,36,華南永昌-虎尾,2023-10-31,9377
5425,台半,34,0,34,華南永昌-虎尾,2023-10-31,9377
2353,宏��,35,2,33,華南永昌-虎尾,2023-10-31,9377
2312,金寶,52,20,32,華南永昌-虎尾,2023-10-31,9377
3078,僑威,39,9,30,華南永昌-虎尾,2023-10-31,9377
2489,瑞軒,33,7,26,華南永昌-虎尾,2023-10-31,9377
1524,耿鼎,52,28,24,華南永昌-虎尾,2023-10-31,9377
3041,揚智,22,0,22,華南永昌-虎尾,2023-10-31,9377
3062,建漢,22,1,21,華南永昌-虎尾,2023-10-31,9377
4157,太景*-KY,21,0,21,華南永昌-虎尾,2023-10-31,9377
8033,雷虎,21,0,21,華南永昌-虎尾,2023-10-31,9377
00900,富邦特選高股息30,20,0,20,華南永昌-虎尾,2023-10-31,9377
2303,聯電,54,36,18,華南永昌-虎尾,2023-10-31,9377
2449,京元電子,20,5,15,華南永昌-虎尾,2023-10-31,9377
3050,鈺德,15,0,15,華南永昌-虎尾,2023-10-31,9377
1615,大山,15,0,15,華南永昌-虎尾,2023-10-31,9377
1616,億泰,15,0,15,華南永昌-虎尾,2023-10-31,9377
1722,台肥,17,2,15,華南永昌-虎尾,2023-10-31,9377
2637,慧洋-KY,15,0,15,華南永昌-虎尾,2023-10-31,9377
3257,虹冠電,15,0,15,華南永昌-虎尾,2023-10-31,9377
0050,元大台灣50,14,0,14,華南永昌-虎尾,2023-10-31,9377
00679B,元大美債20年,14,0,14,華南永昌-虎尾,2023-10-31,9377
6235,華孚,17,3,14,華南永昌-虎尾,2023-10-31,9377
3715,定穎投控,54,41,13,華南永昌-虎尾,2023-10-31,9377
0056,元大高股息,14,1,13,華南永昌-虎尾,2023-10-31,9377
2301,光寶科,18,6,12,華南永昌-虎尾,2023-10-31,9377
9955,佳龍,13,1,12,華南永昌-虎尾,2023-10-31,9377
2880,華南金,12,1,11,華南永昌-虎尾,2023-10-31,9377
2324,仁寶,11,0,11,華南永昌-虎尾,2023-10-31,9377
2883,凱基金,11,0,11,華南永昌-虎尾,2023-10-31,9377
1218,泰山,10,0,10,華南永昌-虎尾,2023-10-31,9377
00933B,國泰10Y+金融債,663,1,662,華南永昌-虎尾,2023-11-01,9377
2405,輔信,104,0,104,華南永昌-虎尾,2023-11-01,9377
00878,國泰永續高股息,133,58,75,華南永昌-虎尾,2023-11-01,9377
4915,致伸,61,1,60,華南永昌-虎尾,2023-11-01,9377
00929,復華台灣科技優息,54,1,53,華南永昌-虎尾,2023-11-01,9377
2892,第一金,52,0,52,華南永昌-虎尾,2023-11-01,9377
2344,華邦電,85,38,47,華南永昌-虎尾,2023-11-01,9377
1616,億泰,44,0,44,華南永昌-虎尾,2023-11-01,9377
9105,泰金寶-DR,60,20,40,華南永昌-虎尾,2023-11-01,9377
2485,兆赫,70,31,39,華南永昌-虎尾,2023-11-01,9377
3231,緯創,40,10,30,華南永昌-虎尾,2023-11-01,9377
00715L,期街口布蘭特正2,32,7,25,華南永昌-虎尾,2023-11-01,9377
2809,京城銀,25,0,25,華南永昌-虎尾,2023-11-01,9377
2425,承啟,21,0,21,華南永昌-虎尾,2023-11-01,9377
2630,亞航,21,0,21,華南永昌-虎尾,2023-11-01,9377
1615,大山,20,0,20,華南永昌-虎尾,2023-11-01,9377
5469,瀚宇博,42,22,20,華南永昌-虎尾,2023-11-01,9377
6509,聚和,20,0,20,華南永昌-虎尾,2023-11-01,9377
8183,精星,20,0,20,華南永昌-虎尾,2023-11-01,9377
1609,大亞,25,6,19,華南永昌-虎尾,2023-11-01,9377
00753L,中信中國50正2,19,0,19,華南永昌-虎尾,2023-11-01,9377
2618,長榮航,31,13,18,華南永昌-虎尾,2023-11-01,9377
2409,友達,18,0,18,華南永昌-虎尾,2023-11-01,9377
3265,台星科,17,1,16,華南永昌-虎尾,2023-11-01,9377
2337,旺宏,118,103,15,華南永昌-虎尾,2023-11-01,9377
2605,新興,15,0,15,華南永昌-虎尾,2023-11-01,9377
5301,寶得利,15,0,15,華南永昌-虎尾,2023-11-01,9377
00885,富邦越南,12,0,12,華南永昌-虎尾,2023-11-01,9377
00900,富邦特選高股息30,12,0,12,華南永昌-虎尾,2023-11-01,9377
1605,華新,11,0,11,華南永昌-虎尾,2023-11-01,9377
3059,華晶科,11,0,11,華南永昌-虎尾,2023-11-01,9377
3062,建漢,12,1,11,華南永昌-虎尾,2023-11-01,9377
6472,保瑞,10,0,10,華南永昌-虎尾,2023-11-01,9377
00665L,富邦�琤肭磪囓�2,10,0,10,華南永昌-虎尾,2023-11-01,9377
6288,聯嘉,10,0,10,華南永昌-虎尾,2023-11-01,9377
2382,廣達,105,95,10,華南永昌-虎尾,2023-11-01,9377
3545,敦泰,12,3,9,華南永昌-虎尾,2023-11-01,9377
2002,中鋼,8,0,8,華南永昌-虎尾,2023-11-01,9377
00712,復華富時不動產,8,0,8,華南永昌-虎尾,2023-11-01,9377
3260,威剛,24,16,8,華南永昌-虎尾,2023-11-01,9377
4114,健喬,8,0,8,華南永昌-虎尾,2023-11-01,9377
2884,玉山金,8,0,8,華南永昌-虎尾,2023-11-01,9377
1721,三晃,8,1,7,華南永昌-虎尾,2023-11-01,9377
2402,毅嘉,7,0,7,華南永昌-虎尾,2023-11-01,9377
3605,宏致,7,0,7,華南永昌-虎尾,2023-11-01,9377
2886,兆豐金,6,0,6,華南永昌-虎尾,2023-11-01,9377
6196,帆宣,6,0,6,華南永昌-虎尾,2023-11-01,9377
2316,楠梓電,6,0,6,華南永昌-虎尾,2023-11-01,9377
3338,泰碩,8,2,6,華南永昌-虎尾,2023-11-01,9377
6442,光聖,7,1,6,華南永昌-虎尾,2023-11-01,9377
00632R,元大台灣50反1,222,0,222,華南永昌-虎尾,2023-11-02,9377
2353,宏��,117,6,111,華南永昌-虎尾,2023-11-02,9377
00675L,富邦臺灣加權正2,109,1,108,華南永昌-虎尾,2023-11-02,9377
006208,富邦台50,98,0,98,華南永昌-虎尾,2023-11-02,9377
2382,廣達,162,101,61,華南永昌-虎尾,2023-11-02,9377
6156,松上,57,1,56,華南永昌-虎尾,2023-11-02,9377
2363,矽統,77,24,53,華南永昌-虎尾,2023-11-02,9377
9919,康那香,648,600,48,華南永昌-虎尾,2023-11-02,9377
00751B,元大AAA至A公司債,49,1,48,華南永昌-虎尾,2023-11-02,9377
1708,東鹼,33,0,33,華南永昌-虎尾,2023-11-02,9377
3706,神達,38,8,30,華南永昌-虎尾,2023-11-02,9377
2610,華航,45,19,26,華南永昌-虎尾,2023-11-02,9377
3715,定穎投控,47,21,26,華南永昌-虎尾,2023-11-02,9377
1513,中興電,27,2,25,華南永昌-虎尾,2023-11-02,9377
6257,矽格,35,14,21,華南永昌-虎尾,2023-11-02,9377
00680L,元大美債20正2,20,0,20,華南永昌-虎尾,2023-11-02,9377
00902,中信電池及儲能,20,0,20,華南永昌-虎尾,2023-11-02,9377
3481,群創,62,42,20,華南永昌-虎尾,2023-11-02,9377
9105,泰金寶-DR,19,0,19,華南永昌-虎尾,2023-11-02,9377
9946,三發地產,19,0,19,華南永昌-虎尾,2023-11-02,9377
3483,力致,22,7,15,華南永昌-虎尾,2023-11-02,9377
4167,松瑞藥,22,7,15,華南永昌-虎尾,2023-11-02,9377
6125,廣運,15,2,13,華南永昌-虎尾,2023-11-02,9377
2376,技嘉,19,7,12,華南永昌-虎尾,2023-11-02,9377
00927,群益半導體收益,12,0,12,華南永昌-虎尾,2023-11-02,9377
1615,大山,12,0,12,華南永昌-虎尾,2023-11-02,9377
6168,宏齊,12,0,12,華南永昌-虎尾,2023-11-02,9377
5356,協益,10,0,10,華南永昌-虎尾,2023-11-02,9377
00687B,國泰20年美債,10,0,10,華南永昌-虎尾,2023-11-02,9377
00720B,元大投資級公司債,10,0,10,華南永昌-虎尾,2023-11-02,9377
1618,合機,10,0,10,華南永昌-虎尾,2023-11-02,9377
6443,元晶,10,0,10,華南永昌-虎尾,2023-11-02,9377
8390,金益鼎,10,0,10,華南永昌-虎尾,2023-11-02,9377
5206,坤悅,9,0,9,華南永昌-虎尾,2023-11-02,9377
8049,晶采,9,0,9,華南永昌-虎尾,2023-11-02,9377
2356,英業達,13,4,9,華南永昌-虎尾,2023-11-02,9377
6185,幃翔,7,0,7,華南永昌-虎尾,2023-11-02,9377
00715L,期街口布蘭特正2,7,1,6,華南永昌-虎尾,2023-11-02,9377
2369,菱生,6,0,6,華南永昌-虎尾,2023-11-02,9377
2454,聯發科,25,19,6,華南永昌-虎尾,2023-11-02,9377
00885,富邦越南,5,0,5,華南永昌-虎尾,2023-11-02,9377
00637L,元大滬深300正2,40,35,5,華南永昌-虎尾,2023-11-02,9377
3325,旭品,5,0,5,華南永昌-虎尾,2023-11-02,9377
5227,立凱-KY,5,0,5,華南永昌-虎尾,2023-11-02,9377
6546,正基,5,0,5,華南永昌-虎尾,2023-11-02,9377
8044,網家,5,0,5,華南永昌-虎尾,2023-11-02,9377
8016,矽創,6,1,5,華南永昌-虎尾,2023-11-02,9377
1519,華城,10,6,4,華南永昌-虎尾,2023-11-02,9377
1108,幸福,4,0,4,華南永昌-虎尾,2023-11-02,9377
3043,科風,4,0,4,華南永昌-虎尾,2023-11-02,9377
00751B,元大AAA至A公司債,80,0,80,華南永昌-虎尾,2023-11-03,9377
2363,矽統,151,73,78,華南永昌-虎尾,2023-11-03,9377
2610,華航,119,48,71,華南永昌-虎尾,2023-11-03,9377
1460,宏遠,70,0,70,華南永昌-虎尾,2023-11-03,9377
2882,國泰金,75,5,70,華南永昌-虎尾,2023-11-03,9377
00878,國泰永續高股息,59,1,58,華南永昌-虎尾,2023-11-03,9377
006208,富邦台50,41,0,41,華南永昌-虎尾,2023-11-03,9377
2312,金寶,40,0,40,華南永昌-虎尾,2023-11-03,9377
6156,松上,54,14,40,華南永昌-虎尾,2023-11-03,9377
00934,中信成長高股息,39,0,39,華南永昌-虎尾,2023-11-03,9377
1524,耿鼎,77,45,32,華南永昌-虎尾,2023-11-03,9377
3231,緯創,111,80,31,華南永昌-虎尾,2023-11-03,9377
00929,復華台灣科技優息,29,8,21,華南永昌-虎尾,2023-11-03,9377
3481,群創,24,4,20,華南永昌-虎尾,2023-11-03,9377
00680L,元大美債20正2,20,0,20,華南永昌-虎尾,2023-11-03,9377
1815,富喬,64,45,19,華南永昌-虎尾,2023-11-03,9377
6185,幃翔,18,0,18,華南永昌-虎尾,2023-11-03,9377
2332,友訊,16,0,16,華南永昌-虎尾,2023-11-03,9377
2458,義隆,16,0,16,華南永昌-虎尾,2023-11-03,9377
2317,鴻海,32,17,15,華南永昌-虎尾,2023-11-03,9377
1710,東聯,13,0,13,華南永昌-虎尾,2023-11-03,9377
2417,圓剛,43,30,13,華南永昌-虎尾,2023-11-03,9377
2369,菱生,13,1,12,華南永昌-虎尾,2023-11-03,9377
3122,笙泉,12,0,12,華南永昌-虎尾,2023-11-03,9377
2027,大成鋼,11,0,11,華南永昌-虎尾,2023-11-03,9377
4157,太景*-KY,11,0,11,華南永昌-虎尾,2023-11-03,9377
00720B,元大投資級公司債,10,0,10,華南永昌-虎尾,2023-11-03,9377
2349,錸德,10,0,10,華南永昌-虎尾,2023-11-03,9377
2353,宏��,16,6,10,華南永昌-虎尾,2023-11-03,9377
3062,建漢,10,0,10,華南永昌-虎尾,2023-11-03,9377
3265,台星科,10,0,10,華南永昌-虎尾,2023-11-03,9377
5243,乙盛-KY,10,0,10,華南永昌-虎尾,2023-11-03,9377
8011,台通,10,0,10,華南永昌-虎尾,2023-11-03,9377
9103,美德醫療-DR,10,0,10,華南永昌-虎尾,2023-11-03,9377
9950,萬國通,12,2,10,華南永昌-虎尾,2023-11-03,9377
2356,英業達,14,4,10,華南永昌-虎尾,2023-11-03,9377
2892,第一金,10,1,9,華南永昌-虎尾,2023-11-03,9377
3189,景碩,10,1,9,華南永昌-虎尾,2023-11-03,9377
2485,兆赫,49,40,9,華南永昌-虎尾,2023-11-03,9377
3322,建舜電,9,0,9,華南永昌-虎尾,2023-11-03,9377
3706,神達,14,5,9,華南永昌-虎尾,2023-11-03,9377
2501,國建,10,2,8,華南永昌-虎尾,2023-11-03,9377
6187,萬潤,9,1,8,華南永昌-虎尾,2023-11-03,9377
5347,世界,7,0,7,華南永昌-虎尾,2023-11-03,9377
00687B,國泰20年美債,12,5,7,華南永昌-虎尾,2023-11-03,9377
5907,大洋-KY,8,1,7,華南永昌-虎尾,2023-11-03,9377
2241,艾姆勒,6,0,6,華南永昌-虎尾,2023-11-03,9377
2301,光寶科,7,1,6,華南永昌-虎尾,2023-11-03,9377
3176,基亞,21,15,6,華南永昌-虎尾,2023-11-03,9377
6118,建達,6,0,6,華南永昌-虎尾,2023-11-03,9377
00935,野村臺灣新科技50,363,0,363,華南永昌-虎尾,2023-11-06,9377
2382,廣達,209,94,115,華南永昌-虎尾,2023-11-06,9377
2353,宏��,102,1,101,華南永昌-虎尾,2023-11-06,9377
2605,新興,100,0,100,華南永昌-虎尾,2023-11-06,9377
2891,中信金,120,30,90,華南永昌-虎尾,2023-11-06,9377
00675L,富邦臺灣加權正2,71,0,71,華南永昌-虎尾,2023-11-06,9377
2618,長榮航,99,35,64,華南永昌-虎尾,2023-11-06,9377
00632R,元大台灣50反1,60,0,60,華南永昌-虎尾,2023-11-06,9377
00934,中信成長高股息,96,51,45,華南永昌-虎尾,2023-11-06,9377
2538,基泰,37,0,37,華南永昌-虎尾,2023-11-06,9377
2363,矽統,111,77,34,華南永昌-虎尾,2023-11-06,9377
2388,威盛,70,42,28,華南永昌-虎尾,2023-11-06,9377
00688L,國泰20年美債正2,36,10,26,華南永昌-虎尾,2023-11-06,9377
2408,南亞科,25,0,25,華南永昌-虎尾,2023-11-06,9377
6139,亞翔,26,6,20,華南永昌-虎尾,2023-11-06,9377
2332,友訊,20,0,20,華南永昌-虎尾,2023-11-06,9377
2486,一詮,31,11,20,華南永昌-虎尾,2023-11-06,9377
6603,富強鑫,20,1,19,華南永昌-虎尾,2023-11-06,9377
3702,大聯大,19,1,18,華南永昌-虎尾,2023-11-06,9377
00900,富邦特選高股息30,39,22,17,華南永昌-虎尾,2023-11-06,9377
6213,聯茂,20,3,17,華南永昌-虎尾,2023-11-06,9377
00715L,期街口布蘭特正2,15,0,15,華南永昌-虎尾,2023-11-06,9377
2409,友達,20,6,14,華南永昌-虎尾,2023-11-06,9377
6182,合晶,14,1,13,華南永昌-虎尾,2023-11-06,9377
2329,華泰,23,11,12,華南永昌-虎尾,2023-11-06,9377
2369,菱生,13,1,12,華南永昌-虎尾,2023-11-06,9377
2349,錸德,11,0,11,華南永昌-虎尾,2023-11-06,9377
6191,精成科,11,0,11,華南永昌-虎尾,2023-11-06,9377
00907,永豐優息存股,10,0,10,華南永昌-虎尾,2023-11-06,9377
1524,耿鼎,77,67,10,華南永昌-虎尾,2023-11-06,9377
2014,中鴻,10,0,10,華南永昌-虎尾,2023-11-06,9377
3022,威強電,10,0,10,華南永昌-虎尾,2023-11-06,9377
3483,力致,15,5,10,華南永昌-虎尾,2023-11-06,9377
6509,聚和,10,0,10,華南永昌-虎尾,2023-11-06,9377
1460,宏遠,9,0,9,華南永昌-虎尾,2023-11-06,9377
2371,大同,17,8,9,華南永昌-虎尾,2023-11-06,9377
3596,智易,9,0,9,華南永昌-虎尾,2023-11-06,9377
00878,國泰永續高股息,12,3,9,華南永昌-虎尾,2023-11-06,9377
00642U,期元大S＆P石油,8,0,8,華南永昌-虎尾,2023-11-06,9377
1802,台玻,16,8,8,華南永昌-虎尾,2023-11-06,9377
2392,正崴,22,14,8,華南永昌-虎尾,2023-11-06,9377
2887,台新金,8,0,8,華南永昌-虎尾,2023-11-06,9377
6197,佳必琪,8,0,8,華南永昌-虎尾,2023-11-06,9377
3162,精確,7,0,7,華南永昌-虎尾,2023-11-06,9377
6147,頎邦,7,0,7,華南永昌-虎尾,2023-11-06,9377
6770,力積電,7,0,7,華南永昌-虎尾,2023-11-06,9377
6901,鑽石投資,10,3,7,華南永昌-虎尾,2023-11-06,9377
3189,景碩,6,0,6,華南永昌-虎尾,2023-11-06,9377
00902,中信電池及儲能,6,0,6,華南永昌-虎尾,2023-11-06,9377
2399,映泰,6,0,6,華南永昌-虎尾,2023-11-06,9377
9105,泰金寶-DR,70,0,70,華南永昌-虎尾,2023-11-07,9377
00935,野村臺灣新科技50,42,0,42,華南永昌-虎尾,2023-11-07,9377
1815,富喬,71,38,33,華南永昌-虎尾,2023-11-07,9377
2359,所羅門,35,2,33,華南永昌-虎尾,2023-11-07,9377
00688L,國泰20年美債正2,30,0,30,華南永昌-虎尾,2023-11-07,9377
2605,新興,27,0,27,華南永昌-虎尾,2023-11-07,9377
2486,一詮,25,1,24,華南永昌-虎尾,2023-11-07,9377
2888,新光金,23,0,23,華南永昌-虎尾,2023-11-07,9377
00900,富邦特選高股息30,20,0,20,華南永昌-虎尾,2023-11-07,9377
00857B,永豐20年美公債,20,0,20,華南永昌-虎尾,2023-11-07,9377
4106,雃博,20,1,19,華南永昌-虎尾,2023-11-07,9377
2634,漢翔,18,0,18,華南永昌-虎尾,2023-11-07,9377
5301,寶得利,18,0,18,華南永昌-虎尾,2023-11-07,9377
1789,神隆,14,0,14,華南永昌-虎尾,2023-11-07,9377
2736,富野,21,7,14,華南永昌-虎尾,2023-11-07,9377
6257,矽格,14,0,14,華南永昌-虎尾,2023-11-07,9377
1721,三晃,38,25,13,華南永昌-虎尾,2023-11-07,9377
2485,兆赫,21,8,13,華南永昌-虎尾,2023-11-07,9377
6185,幃翔,18,5,13,華南永昌-虎尾,2023-11-07,9377
9955,佳龍,12,0,12,華南永昌-虎尾,2023-11-07,9377
2313,華通,23,11,12,華南永昌-虎尾,2023-11-07,9377
6197,佳必琪,18,6,12,華南永昌-虎尾,2023-11-07,9377
2020,美亞,12,1,11,華南永昌-虎尾,2023-11-07,9377
00637L,元大滬深300正2,21,10,11,華南永昌-虎尾,2023-11-07,9377
2417,圓剛,11,0,11,華南永昌-虎尾,2023-11-07,9377
1216,統一,20,10,10,華南永昌-虎尾,2023-11-07,9377
2393,億光,10,0,10,華南永昌-虎尾,2023-11-07,9377
3535,晶彩科,10,0,10,華南永昌-虎尾,2023-11-07,9377
6509,聚和,10,0,10,華南永昌-虎尾,2023-11-07,9377
6532,瑞耘,10,0,10,華南永昌-虎尾,2023-11-07,9377
5351,鈺創,21,11,10,華南永昌-虎尾,2023-11-07,9377
2408,南亞科,10,0,10,華南永昌-虎尾,2023-11-07,9377
3481,群創,10,1,9,華南永昌-虎尾,2023-11-07,9377
00715L,期街口布蘭特正2,8,0,8,華南永昌-虎尾,2023-11-07,9377
2344,華邦電,8,0,8,華南永昌-虎尾,2023-11-07,9377
2363,矽統,62,54,8,華南永昌-虎尾,2023-11-07,9377
4946,辣椒,8,0,8,華南永昌-虎尾,2023-11-07,9377
6139,亞翔,14,6,8,華南永昌-虎尾,2023-11-07,9377
6143,振曜,9,1,8,華南永昌-虎尾,2023-11-07,9377
2303,聯電,26,19,7,華南永昌-虎尾,2023-11-07,9377
2002,中鋼,8,1,7,華南永昌-虎尾,2023-11-07,9377
2515,中工,13,6,7,華南永昌-虎尾,2023-11-07,9377
6492,生華科,7,0,7,華南永昌-虎尾,2023-11-07,9377
6856,鑫傳,7,0,7,華南永昌-虎尾,2023-11-07,9377
2317,鴻海,11,5,6,華南永昌-虎尾,2023-11-07,9377
2376,技嘉,9,3,6,華南永昌-虎尾,2023-11-07,9377
1558,伸興,6,0,6,華南永昌-虎尾,2023-11-07,9377
2301,光寶科,7,1,6,華南永昌-虎尾,2023-11-07,9377
3704,合勤控,7,1,6,華南永昌-虎尾,2023-11-07,9377
3548,兆利,11,5,6,華南永昌-虎尾,2023-11-07,9377
00931B,統一美債20年,198,1,197,華南永昌-虎尾,2023-11-08,9377
00936,台新永續高息中小,148,0,148,華南永昌-虎尾,2023-11-08,9377
00680L,元大美債20正2,125,0,125,華南永昌-虎尾,2023-11-08,9377
00715L,期街口布蘭特正2,107,1,106,華南永昌-虎尾,2023-11-08,9377
00935,野村臺灣新科技50,104,0,104,華南永昌-虎尾,2023-11-08,9377
2834,臺企銀,90,0,90,華南永昌-虎尾,2023-11-08,9377
1605,華新,81,0,81,華南永昌-虎尾,2023-11-08,9377
2388,威盛,48,12,36,華南永昌-虎尾,2023-11-08,9377
2484,希華,36,1,35,華南永昌-虎尾,2023-11-08,9377
2880,華南金,30,0,30,華南永昌-虎尾,2023-11-08,9377
2891,中信金,30,0,30,華南永昌-虎尾,2023-11-08,9377
00934,中信成長高股息,29,0,29,華南永昌-虎尾,2023-11-08,9377
2359,所羅門,37,10,27,華南永昌-虎尾,2023-11-08,9377
6901,鑽石投資,28,7,21,華南永昌-虎尾,2023-11-08,9377
00857B,永豐20年美公債,20,0,20,華南永昌-虎尾,2023-11-08,9377
1513,中興電,25,5,20,華南永昌-虎尾,2023-11-08,9377
2323,中環,100,80,20,華南永昌-虎尾,2023-11-08,9377
2332,友訊,20,0,20,華南永昌-虎尾,2023-11-08,9377
6509,聚和,20,0,20,華南永昌-虎尾,2023-11-08,9377
3038,全台,20,1,19,華南永昌-虎尾,2023-11-08,9377
2485,兆赫,68,51,17,華南永昌-虎尾,2023-11-08,9377
3317,尼克森,17,0,17,華南永昌-虎尾,2023-11-08,9377
00720B,元大投資級公司債,16,0,16,華南永昌-虎尾,2023-11-08,9377
2206,三陽工業,20,4,16,華南永昌-虎尾,2023-11-08,9377
2382,廣達,32,16,16,華南永昌-虎尾,2023-11-08,9377
4167,松瑞藥,18,3,15,華南永昌-虎尾,2023-11-08,9377
3715,定穎投控,17,2,15,華南永昌-虎尾,2023-11-08,9377
5483,中美晶,17,2,15,華南永昌-虎尾,2023-11-08,9377
2014,中鴻,13,0,13,華南永昌-虎尾,2023-11-08,9377
2609,陽明,16,4,12,華南永昌-虎尾,2023-11-08,9377
5347,世界,12,0,12,華南永昌-虎尾,2023-11-08,9377
1514,亞力,21,10,11,華南永昌-虎尾,2023-11-08,9377
2488,漢平,12,1,11,華南永昌-虎尾,2023-11-08,9377
8034,榮群,12,1,11,華南永昌-虎尾,2023-11-08,9377
8183,精星,11,0,11,華南永昌-虎尾,2023-11-08,9377
00632R,元大台灣50反1,10,0,10,華南永昌-虎尾,2023-11-08,9377
00637L,元大滬深300正2,25,15,10,華南永昌-虎尾,2023-11-08,9377
00679B,元大美債20年,10,0,10,華南永昌-虎尾,2023-11-08,9377
1904,正隆,10,0,10,華南永昌-虎尾,2023-11-08,9377
2034,允強,10,0,10,華南永昌-虎尾,2023-11-08,9377
2349,錸德,10,0,10,華南永昌-虎尾,2023-11-08,9377
2489,瑞軒,15,5,10,華南永昌-虎尾,2023-11-08,9377
2607,榮運,10,0,10,華南永昌-虎尾,2023-11-08,9377
3014,聯陽,10,0,10,華南永昌-虎尾,2023-11-08,9377
4106,雃博,10,0,10,華南永昌-虎尾,2023-11-08,9377
8093,保銳,10,0,10,華南永昌-虎尾,2023-11-08,9377
9919,康那香,9,0,9,華南永昌-虎尾,2023-11-08,9377
2006,東和鋼鐵,8,0,8,華南永昌-虎尾,2023-11-08,9377
4105,東洋,8,0,8,華南永昌-虎尾,2023-11-08,9377
6202,盛群,7,0,7,華南永昌-虎尾,2023-11-08,9377
00931B,統一美債20年,270,52,218,華南永昌-虎尾,2023-11-09,9377
2405,輔信,103,0,103,華南永昌-虎尾,2023-11-09,9377
3231,緯創,227,124,103,華南永昌-虎尾,2023-11-09,9377
00712,復華富時不動產,100,5,95,華南永昌-虎尾,2023-11-09,9377
2329,華泰,124,29,95,華南永昌-虎尾,2023-11-09,9377
2409,友達,112,20,92,華南永昌-虎尾,2023-11-09,9377
1609,大亞,82,1,81,華南永昌-虎尾,2023-11-09,9377
00715L,期街口布蘭特正2,70,1,69,華南永昌-虎尾,2023-11-09,9377
2485,兆赫,60,0,60,華南永昌-虎尾,2023-11-09,9377
2486,一詮,87,28,59,華南永昌-虎尾,2023-11-09,9377
5519,隆大,53,0,53,華南永昌-虎尾,2023-11-09,9377
00934,中信成長高股息,45,0,45,華南永昌-虎尾,2023-11-09,9377
00680L,元大美債20正2,52,10,42,華南永昌-虎尾,2023-11-09,9377
2206,三陽工業,43,2,41,華南永昌-虎尾,2023-11-09,9377
2031,新光鋼,30,0,30,華南永昌-虎尾,2023-11-09,9377
6274,台燿,33,4,29,華南永昌-虎尾,2023-11-09,9377
00878,國泰永續高股息,32,4,28,華南永昌-虎尾,2023-11-09,9377
2883,凱基金,27,0,27,華南永昌-虎尾,2023-11-09,9377
2382,廣達,58,32,26,華南永昌-虎尾,2023-11-09,9377
4906,正文,25,0,25,華南永昌-虎尾,2023-11-09,9377
2425,承啟,35,13,22,華南永昌-虎尾,2023-11-09,9377
6284,佳邦,25,3,22,華南永昌-虎尾,2023-11-09,9377
1522,堤維西,40,21,19,華南永昌-虎尾,2023-11-09,9377
2305,全友,20,1,19,華南永昌-虎尾,2023-11-09,9377
00753L,中信中國50正2,18,0,18,華南永昌-虎尾,2023-11-09,9377
00751B,元大AAA至A公司債,17,0,17,華南永昌-虎尾,2023-11-09,9377
00885,富邦越南,29,12,17,華南永昌-虎尾,2023-11-09,9377
2356,英業達,25,8,17,華南永昌-虎尾,2023-11-09,9377
2489,瑞軒,36,20,16,華南永昌-虎尾,2023-11-09,9377
5706,鳳凰,15,0,15,華南永昌-虎尾,2023-11-09,9377
1455,集盛,15,1,14,華南永昌-虎尾,2023-11-09,9377
00687B,國泰20年美債,14,0,14,華南永昌-虎尾,2023-11-09,9377
3014,聯陽,13,0,13,華南永昌-虎尾,2023-11-09,9377
00929,復華台灣科技優息,14,1,13,華南永昌-虎尾,2023-11-09,9377
2605,新興,13,0,13,華南永昌-虎尾,2023-11-09,9377
3227,原相,46,33,13,華南永昌-虎尾,2023-11-09,9377
3260,威剛,19,7,12,華南永昌-虎尾,2023-11-09,9377
2408,南亞科,11,0,11,華南永昌-虎尾,2023-11-09,9377
1815,富喬,30,19,11,華南永昌-虎尾,2023-11-09,9377
3322,建舜電,12,1,11,華南永昌-虎尾,2023-11-09,9377
00857B,永豐20年美公債,10,0,10,華南永昌-虎尾,2023-11-09,9377
1460,宏遠,10,0,10,華南永昌-虎尾,2023-11-09,9377
1717,長興,10,0,10,華南永昌-虎尾,2023-11-09,9377
2014,中鴻,10,0,10,華南永昌-虎尾,2023-11-09,9377
3105,穩懋,24,14,10,華南永昌-虎尾,2023-11-09,9377
3257,虹冠電,10,0,10,華南永昌-虎尾,2023-11-09,9377
6477,安集,10,0,10,華南永昌-虎尾,2023-11-09,9377
8105,凌巨,10,0,10,華南永昌-虎尾,2023-11-09,9377
6282,康舒,12,2,10,華南永昌-虎尾,2023-11-09,9377
4207,環泰,9,0,9,華南永昌-虎尾,2023-11-09,9377
00931B,統一美債20年,318,0,318,華南永昌-虎尾,2023-11-10,9377
3231,緯創,358,77,281,華南永昌-虎尾,2023-11-10,9377
2618,長榮航,143,17,126,華南永昌-虎尾,2023-11-10,9377
6156,松上,95,0,95,華南永昌-虎尾,2023-11-10,9377
00935,野村臺灣新科技50,72,0,72,華南永昌-虎尾,2023-11-10,9377
2834,臺企銀,60,2,58,華南永昌-虎尾,2023-11-10,9377
2405,輔信,52,3,49,華南永昌-虎尾,2023-11-10,9377
2485,兆赫,94,47,47,華南永昌-虎尾,2023-11-10,9377
00637L,元大滬深300正2,86,40,46,華南永昌-虎尾,2023-11-10,9377
2329,華泰,77,32,45,華南永昌-虎尾,2023-11-10,9377
4157,太景*-KY,53,8,45,華南永昌-虎尾,2023-11-10,9377
2344,華邦電,40,0,40,華南永昌-虎尾,2023-11-10,9377
00679B,元大美債20年,39,0,39,華南永昌-虎尾,2023-11-10,9377
1815,富喬,61,27,34,華南永昌-虎尾,2023-11-10,9377
3483,力致,36,4,32,華南永昌-虎尾,2023-11-10,9377
00688L,國泰20年美債正2,32,0,32,華南永昌-虎尾,2023-11-10,9377
2486,一詮,36,9,27,華南永昌-虎尾,2023-11-10,9377
2634,漢翔,23,0,23,華南永昌-虎尾,2023-11-10,9377
4726,永昕,21,0,21,華南永昌-虎尾,2023-11-10,9377
1460,宏遠,20,0,20,華南永昌-虎尾,2023-11-10,9377
2323,中環,40,20,20,華南永昌-虎尾,2023-11-10,9377
00878,國泰永續高股息,20,2,18,華南永昌-虎尾,2023-11-10,9377
1714,和桐,20,2,18,華南永昌-虎尾,2023-11-10,9377
3050,鈺德,18,0,18,華南永昌-虎尾,2023-11-10,9377
2363,矽統,45,28,17,華南永昌-虎尾,2023-11-10,9377
2379,瑞昱,15,0,15,華南永昌-虎尾,2023-11-10,9377
1216,統一,15,0,15,華南永昌-虎尾,2023-11-10,9377
6185,幃翔,15,0,15,華南永昌-虎尾,2023-11-10,9377
1717,長興,15,0,15,華南永昌-虎尾,2023-11-10,9377
2303,聯電,13,0,13,華南永昌-虎尾,2023-11-10,9377
2208,台船,13,0,13,華南永昌-虎尾,2023-11-10,9377
3038,全台,13,0,13,華南永昌-虎尾,2023-11-10,9377
2331,精英,13,0,13,華南永昌-虎尾,2023-11-10,9377
1609,大亞,14,2,12,華南永昌-虎尾,2023-11-10,9377
2538,基泰,12,0,12,華南永昌-虎尾,2023-11-10,9377
2388,威盛,23,12,11,華南永昌-虎尾,2023-11-10,9377
2369,菱生,17,6,11,華南永昌-虎尾,2023-11-10,9377
3535,晶彩科,11,0,11,華南永昌-虎尾,2023-11-10,9377
2409,友達,10,0,10,華南永昌-虎尾,2023-11-10,9377
1504,東元,11,1,10,華南永昌-虎尾,2023-11-10,9377
1909,榮成,10,0,10,華南永昌-虎尾,2023-11-10,9377
2371,大同,10,0,10,華南永昌-虎尾,2023-11-10,9377
2401,凌陽,10,0,10,華南永昌-虎尾,2023-11-10,9377
3046,建��,10,0,10,華南永昌-虎尾,2023-11-10,9377
3122,笙泉,10,0,10,華南永昌-虎尾,2023-11-10,9377
6182,合晶,10,0,10,華南永昌-虎尾,2023-11-10,9377
00936,台新永續高息中小,9,0,9,華南永昌-虎尾,2023-11-10,9377
3325,旭品,9,0,9,華南永昌-虎尾,2023-11-10,9377
5512,力麒,9,0,9,華南永昌-虎尾,2023-11-10,9377
00934,中信成長高股息,8,0,8,華南永昌-虎尾,2023-11-10,9377
00675L,富邦臺灣加權正2,115,0,115,華南永昌-虎尾,2023-11-13,9377
2834,臺企銀,100,0,100,華南永昌-虎尾,2023-11-13,9377
00929,復華台灣科技優息,82,2,80,華南永昌-虎尾,2023-11-13,9377
00878,國泰永續高股息,79,0,79,華南永昌-虎尾,2023-11-13,9377
2618,長榮航,85,20,65,華南永昌-虎尾,2023-11-13,9377
3050,鈺德,65,0,65,華南永昌-虎尾,2023-11-13,9377
2323,中環,160,100,60,華南永昌-虎尾,2023-11-13,9377
5371,中光電,56,0,56,華南永昌-虎尾,2023-11-13,9377
6282,康舒,57,5,52,華南永昌-虎尾,2023-11-13,9377
2486,一詮,50,6,44,華南永昌-虎尾,2023-11-13,9377
6213,聯茂,40,0,40,華南永昌-虎尾,2023-11-13,9377
00715L,期街口布蘭特正2,30,2,28,華南永昌-虎尾,2023-11-13,9377
2609,陽明,35,8,27,華南永昌-虎尾,2023-11-13,9377
6139,亞翔,25,0,25,華南永昌-虎尾,2023-11-13,9377
8112,至上,25,0,25,華南永昌-虎尾,2023-11-13,9377
2376,技嘉,33,9,24,華南永昌-虎尾,2023-11-13,9377
2408,南亞科,23,0,23,華南永昌-虎尾,2023-11-13,9377
8176,智捷,24,1,23,華南永昌-虎尾,2023-11-13,9377
8936,國統,22,0,22,華南永昌-虎尾,2023-11-13,9377
00679B,元大美債20年,20,0,20,華南永昌-虎尾,2023-11-13,9377
00936,台新永續高息中小,20,0,20,華南永昌-虎尾,2023-11-13,9377
1216,統一,17,0,17,華南永昌-虎尾,2023-11-13,9377
2332,友訊,15,0,15,華南永昌-虎尾,2023-11-13,9377
00637L,元大滬深300正2,39,25,14,華南永昌-虎尾,2023-11-13,9377
2888,新光金,24,10,14,華南永昌-虎尾,2023-11-13,9377
5519,隆大,14,0,14,華南永昌-虎尾,2023-11-13,9377
2412,中華電,12,0,12,華南永昌-虎尾,2023-11-13,9377
3036,文曄,14,3,11,華南永昌-虎尾,2023-11-13,9377
2462,良得電,11,0,11,華南永昌-虎尾,2023-11-13,9377
2002,中鋼,10,0,10,華南永昌-虎尾,2023-11-13,9377
1721,三晃,10,0,10,華南永昌-虎尾,2023-11-13,9377
1795,美時,10,0,10,華南永昌-虎尾,2023-11-13,9377
2516,新建,10,0,10,華南永昌-虎尾,2023-11-13,9377
2610,華航,10,0,10,華南永昌-虎尾,2023-11-13,9377
4157,太景*-KY,35,25,10,華南永昌-虎尾,2023-11-13,9377
8110,華東,25,15,10,華南永昌-虎尾,2023-11-13,9377
2409,友達,9,0,9,華南永昌-虎尾,2023-11-13,9377
3044,健鼎,10,1,9,華南永昌-虎尾,2023-11-13,9377
4147,中裕,10,1,9,華南永昌-虎尾,2023-11-13,9377
5225,東科-KY,9,0,9,華南永昌-虎尾,2023-11-13,9377
2634,漢翔,11,2,9,華南永昌-虎尾,2023-11-13,9377
2305,全友,8,0,8,華南永昌-虎尾,2023-11-13,9377
2736,富野,10,2,8,華南永昌-虎尾,2023-11-13,9377
3078,僑威,15,7,8,華南永昌-虎尾,2023-11-13,9377
9910,豐泰,7,0,7,華南永昌-虎尾,2023-11-13,9377
3105,穩懋,7,0,7,華南永昌-虎尾,2023-11-13,9377
3581,博磊,7,0,7,華南永昌-虎尾,2023-11-13,9377
5880,合庫金,7,0,7,華南永昌-虎尾,2023-11-13,9377
8358,金居,7,0,7,華南永昌-虎尾,2023-11-13,9377
2885,元大金,10,3,7,華南永昌-虎尾,2023-11-13,9377
5452,佶優,102,1,101,華南永昌-虎尾,2023-11-14,9377
2834,臺企銀,100,3,97,華南永昌-虎尾,2023-11-14,9377
2618,長榮航,77,12,65,華南永昌-虎尾,2023-11-14,9377
6116,彩晶,52,2,50,華南永昌-虎尾,2023-11-14,9377
6282,康舒,51,5,46,華南永昌-虎尾,2023-11-14,9377
00931B,統一美債20年,41,0,41,華南永昌-虎尾,2023-11-14,9377
00900,富邦特選高股息30,40,0,40,華南永昌-虎尾,2023-11-14,9377
2427,三商電,34,0,34,華南永昌-虎尾,2023-11-14,9377
00751B,元大AAA至A公司債,32,0,32,華南永昌-虎尾,2023-11-14,9377
1504,東元,25,0,25,華南永昌-虎尾,2023-11-14,9377
1515,力山,50,28,22,華南永昌-虎尾,2023-11-14,9377
2489,瑞軒,26,4,22,華南永昌-虎尾,2023-11-14,9377
4207,環泰,21,0,21,華南永昌-虎尾,2023-11-14,9377
00680L,元大美債20正2,20,0,20,華南永昌-虎尾,2023-11-14,9377
3520,華盈,20,0,20,華南永昌-虎尾,2023-11-14,9377
6509,聚和,20,0,20,華南永昌-虎尾,2023-11-14,9377
6213,聯茂,21,3,18,華南永昌-虎尾,2023-11-14,9377
2417,圓剛,25,9,16,華南永昌-虎尾,2023-11-14,9377
5210,寶碩,16,0,16,華南永昌-虎尾,2023-11-14,9377
1616,億泰,15,0,15,華南永昌-虎尾,2023-11-14,9377
2402,毅嘉,41,28,13,華南永昌-虎尾,2023-11-14,9377
3234,光環,12,0,12,華南永昌-虎尾,2023-11-14,9377
5371,中光電,12,0,12,華南永昌-虎尾,2023-11-14,9377
8054,安國,15,3,12,華南永昌-虎尾,2023-11-14,9377
1314,中石化,12,0,12,華南永昌-虎尾,2023-11-14,9377
3481,群創,11,0,11,華南永昌-虎尾,2023-11-14,9377
2002,中鋼,11,0,11,華南永昌-虎尾,2023-11-14,9377
2892,第一金,11,0,11,華南永昌-虎尾,2023-11-14,9377
1714,和桐,11,0,11,華南永昌-虎尾,2023-11-14,9377
3052,夆典,10,0,10,華南永昌-虎尾,2023-11-14,9377
00936,台新永續高息中小,10,0,10,華南永昌-虎尾,2023-11-14,9377
00632R,元大台灣50反1,10,0,10,華南永昌-虎尾,2023-11-14,9377
00673R,期元大S＆P原油反1,10,0,10,華南永昌-虎尾,2023-11-14,9377
00712,復華富時不動產,10,0,10,華南永昌-虎尾,2023-11-14,9377
2376,技嘉,12,2,10,華南永昌-虎尾,2023-11-14,9377
2520,冠德,10,0,10,華南永昌-虎尾,2023-11-14,9377
2734,易飛網,10,0,10,華南永昌-虎尾,2023-11-14,9377
3306,鼎天,13,4,9,華南永昌-虎尾,2023-11-14,9377
5009,榮剛,12,3,9,華南永昌-虎尾,2023-11-14,9377
2883,凱基金,14,5,9,華南永昌-虎尾,2023-11-14,9377
3013,晟銘電,8,0,8,華南永昌-虎尾,2023-11-14,9377
5011,久陽,10,2,8,華南永昌-虎尾,2023-11-14,9377
8110,華東,8,0,8,華南永昌-虎尾,2023-11-14,9377
8182,加高,8,0,8,華南永昌-虎尾,2023-11-14,9377
00679B,元大美債20年,8,1,7,華南永昌-虎尾,2023-11-14,9377
2356,英業達,12,5,7,華南永昌-虎尾,2023-11-14,9377
3176,基亞,7,0,7,華南永昌-虎尾,2023-11-14,9377
5426,振發,7,0,7,華南永昌-虎尾,2023-11-14,9377
6122,擎邦,60,53,7,華南永昌-虎尾,2023-11-14,9377
6593,台灣銘板,7,1,6,華南永昌-虎尾,2023-11-14,9377
006208,富邦台50,130,0,130,華南永昌-虎尾,2023-11-15,9377
1217,愛之味,122,0,122,華南永昌-虎尾,2023-11-15,9377
00673R,期元大S＆P原油反1,103,0,103,華南永昌-虎尾,2023-11-15,9377
2402,毅嘉,117,21,96,華南永昌-虎尾,2023-11-15,9377
00720B,元大投資級公司債,60,0,60,華南永昌-虎尾,2023-11-15,9377
00679B,元大美債20年,52,0,52,華南永昌-虎尾,2023-11-15,9377
00878,國泰永續高股息,61,10,51,華南永昌-虎尾,2023-11-15,9377
3231,緯創,153,104,49,華南永昌-虎尾,2023-11-15,9377
2323,中環,145,103,42,華南永昌-虎尾,2023-11-15,9377
2516,新建,37,1,36,華南永昌-虎尾,2023-11-15,9377
00762,元大全球AI,33,0,33,華南永昌-虎尾,2023-11-15,9377
5351,鈺創,40,8,32,華南永昌-虎尾,2023-11-15,9377
2392,正崴,32,0,32,華南永昌-虎尾,2023-11-15,9377
00757,統一FANG+,30,0,30,華南永昌-虎尾,2023-11-15,9377
00753L,中信中國50正2,40,10,30,華南永昌-虎尾,2023-11-15,9377
1460,宏遠,30,0,30,華南永昌-虎尾,2023-11-15,9377
2633,台灣高鐵,31,2,29,華南永昌-虎尾,2023-11-15,9377
2486,一詮,36,8,28,華南永昌-虎尾,2023-11-15,9377
1904,正隆,31,5,26,華南永昌-虎尾,2023-11-15,9377
2543,皇昌,35,11,24,華南永昌-虎尾,2023-11-15,9377
2618,長榮航,77,53,24,華南永昌-虎尾,2023-11-15,9377
3265,台星科,25,1,24,華南永昌-虎尾,2023-11-15,9377
2356,英業達,24,0,24,華南永昌-虎尾,2023-11-15,9377
4207,環泰,27,5,22,華南永昌-虎尾,2023-11-15,9377
2609,陽明,21,0,21,華南永昌-虎尾,2023-11-15,9377
00652,富邦印度,20,0,20,華南永昌-虎尾,2023-11-15,9377
6451,訊芯-KY,25,5,20,華南永昌-虎尾,2023-11-15,9377
00900,富邦特選高股息30,21,2,19,華南永昌-虎尾,2023-11-15,9377
6558,興能高,19,0,19,華南永昌-虎尾,2023-11-15,9377
1504,東元,31,13,18,華南永昌-虎尾,2023-11-15,9377
00680L,元大美債20正2,20,2,18,華南永昌-虎尾,2023-11-15,9377
3260,威剛,25,8,17,華南永昌-虎尾,2023-11-15,9377
6139,亞翔,35,18,17,華南永昌-虎尾,2023-11-15,9377
1815,富喬,54,39,15,華南永昌-虎尾,2023-11-15,9377
1218,泰山,16,1,15,華南永昌-虎尾,2023-11-15,9377
3227,原相,13,0,13,華南永昌-虎尾,2023-11-15,9377
3035,智原,19,6,13,華南永昌-虎尾,2023-11-15,9377
3346,麗清,23,10,13,華南永昌-虎尾,2023-11-15,9377
8182,加高,13,0,13,華南永昌-虎尾,2023-11-15,9377
2352,佳世達,13,1,12,華南永昌-虎尾,2023-11-15,9377
2371,大同,13,1,12,華南永昌-虎尾,2023-11-15,9377
3363,上詮,21,9,12,華南永昌-虎尾,2023-11-15,9377
00919,群益台灣精選高息,18,6,12,華南永昌-虎尾,2023-11-15,9377
2369,菱生,22,11,11,華南永昌-虎尾,2023-11-15,9377
5519,隆大,11,0,11,華南永昌-虎尾,2023-11-15,9377
00751B,元大AAA至A公司債,11,0,11,華南永昌-虎尾,2023-11-15,9377
1304,台聚,10,0,10,華南永昌-虎尾,2023-11-15,9377
3228,金麗科,13,3,10,華南永昌-虎尾,2023-11-15,9377
00687B,國泰20年美債,10,0,10,華南永昌-虎尾,2023-11-15,9377
1447,力鵬,10,0,10,華南永昌-虎尾,2023-11-15,9377
6156,松上,106,0,106,華南永昌-虎尾,2023-11-16,9377
1904,正隆,73,0,73,華南永昌-虎尾,2023-11-16,9377
2605,新興,75,4,71,華南永昌-虎尾,2023-11-16,9377
6026,福邦證,70,0,70,華南永昌-虎尾,2023-11-16,9377
2014,中鴻,64,0,64,華南永昌-虎尾,2023-11-16,9377
2611,志信,52,0,52,華南永昌-虎尾,2023-11-16,9377
00706L,期元大S＆P日圓正2,50,0,50,華南永昌-虎尾,2023-11-16,9377
2402,毅嘉,66,26,40,華南永昌-虎尾,2023-11-16,9377
00922,國泰台灣領袖50,34,1,33,華南永昌-虎尾,2023-11-16,9377
1101,台泥,30,0,30,華南永昌-虎尾,2023-11-16,9377
3078,僑威,32,2,30,華南永昌-虎尾,2023-11-16,9377
2324,仁寶,30,1,29,華南永昌-虎尾,2023-11-16,9377
3545,敦泰,31,5,26,華南永昌-虎尾,2023-11-16,9377
2312,金寶,23,1,22,華南永昌-虎尾,2023-11-16,9377
1605,華新,28,8,20,華南永昌-虎尾,2023-11-16,9377
2610,華航,91,71,20,華南永昌-虎尾,2023-11-16,9377
2408,南亞科,19,0,19,華南永昌-虎尾,2023-11-16,9377
00632R,元大台灣50反1,18,0,18,華南永昌-虎尾,2023-11-16,9377
3058,立德,17,0,17,華南永昌-虎尾,2023-11-16,9377
00680L,元大美債20正2,15,0,15,華南永昌-虎尾,2023-11-16,9377
00929,復華台灣科技優息,18,5,13,華南永昌-虎尾,2023-11-16,9377
2367,燿華,22,9,13,華南永昌-虎尾,2023-11-16,9377
3454,晶睿,13,0,13,華南永昌-虎尾,2023-11-16,9377
3694,海華,20,7,13,華南永昌-虎尾,2023-11-16,9377
8034,榮群,16,3,13,華南永昌-虎尾,2023-11-16,9377
2357,華碩,13,0,13,華南永昌-虎尾,2023-11-16,9377
2027,大成鋼,16,3,13,華南永昌-虎尾,2023-11-16,9377
2891,中信金,15,3,12,華南永昌-虎尾,2023-11-16,9377
00688L,國泰20年美債正2,11,0,11,華南永昌-虎尾,2023-11-16,9377
1513,中興電,11,0,11,華南永昌-虎尾,2023-11-16,9377
1815,富喬,31,20,11,華南永昌-虎尾,2023-11-16,9377
2404,漢唐,11,0,11,華南永昌-虎尾,2023-11-16,9377
1504,東元,24,13,11,華南永昌-虎尾,2023-11-16,9377
00637L,元大滬深300正2,50,40,10,華南永昌-虎尾,2023-11-16,9377
2023,燁輝,10,0,10,華南永昌-虎尾,2023-11-16,9377
3481,群創,10,0,10,華南永昌-虎尾,2023-11-16,9377
4157,太景*-KY,25,15,10,華南永昌-虎尾,2023-11-16,9377
6805,富世達,10,0,10,華南永昌-虎尾,2023-11-16,9377
8054,安國,11,1,10,華南永昌-虎尾,2023-11-16,9377
2363,矽統,45,36,9,華南永昌-虎尾,2023-11-16,9377
5347,世界,12,3,9,華南永昌-虎尾,2023-11-16,9377
2516,新建,10,1,9,華南永昌-虎尾,2023-11-16,9377
6770,力積電,12,3,9,華南永昌-虎尾,2023-11-16,9377
00919,群益台灣精選高息,11,2,9,華南永昌-虎尾,2023-11-16,9377
2352,佳世達,22,14,8,華南永昌-虎尾,2023-11-16,9377
6104,創惟,13,5,8,華南永昌-虎尾,2023-11-16,9377
2356,英業達,17,9,8,華南永昌-虎尾,2023-11-16,9377
00757,統一FANG+,8,1,7,華南永昌-虎尾,2023-11-16,9377
0056,元大高股息,7,0,7,華南永昌-虎尾,2023-11-16,9377
00642U,期元大S＆P石油,7,0,7,華南永昌-虎尾,2023-11-16,9377
00715L,期街口布蘭特正2,177,16,161,華南永昌-虎尾,2023-11-17,9377
00637L,元大滬深300正2,207,53,154,華南永昌-虎尾,2023-11-17,9377
6139,亞翔,132,10,122,華南永昌-虎尾,2023-11-17,9377
8034,榮群,110,10,100,華南永昌-虎尾,2023-11-17,9377
00632R,元大台灣50反1,95,0,95,華南永昌-虎尾,2023-11-17,9377
2618,長榮航,89,14,75,華南永昌-虎尾,2023-11-17,9377
00933B,國泰10Y+金融債,72,0,72,華南永昌-虎尾,2023-11-17,9377
00712,復華富時不動產,71,0,71,華南永昌-虎尾,2023-11-17,9377
2605,新興,63,0,63,華南永昌-虎尾,2023-11-17,9377
00929,復華台灣科技優息,72,10,62,華南永昌-虎尾,2023-11-17,9377
00679B,元大美債20年,45,1,44,華南永昌-虎尾,2023-11-17,9377
4142,國光生,43,0,43,華南永昌-虎尾,2023-11-17,9377
2329,華泰,129,94,35,華南永昌-虎尾,2023-11-17,9377
2611,志信,35,0,35,華南永昌-虎尾,2023-11-17,9377
6125,廣運,44,13,31,華南永昌-虎尾,2023-11-17,9377
00751B,元大AAA至A公司債,30,0,30,華南永昌-虎尾,2023-11-17,9377
2610,華航,31,2,29,華南永昌-虎尾,2023-11-17,9377
00642U,期元大S＆P石油,27,0,27,華南永昌-虎尾,2023-11-17,9377
1904,正隆,28,4,24,華南永昌-虎尾,2023-11-17,9377
2612,中航,25,1,24,華南永昌-虎尾,2023-11-17,9377
5519,隆大,24,0,24,華南永昌-虎尾,2023-11-17,9377
00680L,元大美債20正2,23,0,23,華南永昌-虎尾,2023-11-17,9377
2014,中鴻,23,0,23,華南永昌-虎尾,2023-11-17,9377
2538,基泰,22,0,22,華南永昌-虎尾,2023-11-17,9377
00936,台新永續高息中小,20,0,20,華南永昌-虎尾,2023-11-17,9377
2359,所羅門,21,1,20,華南永昌-虎尾,2023-11-17,9377
2412,中華電,19,0,19,華南永昌-虎尾,2023-11-17,9377
3265,台星科,19,0,19,華南永昌-虎尾,2023-11-17,9377
2462,良得電,18,0,18,華南永昌-虎尾,2023-11-17,9377
3390,旭軟,18,0,18,華南永昌-虎尾,2023-11-17,9377
00688L,國泰20年美債正2,21,5,16,華南永昌-虎尾,2023-11-17,9377
00762,元大全球AI,15,0,15,華南永昌-虎尾,2023-11-17,9377
8176,智捷,15,0,15,華南永昌-虎尾,2023-11-17,9377
2705,六福,14,0,14,華南永昌-虎尾,2023-11-17,9377
2701,萬企,13,0,13,華南永昌-虎尾,2023-11-17,9377
2344,華邦電,25,13,12,華南永昌-虎尾,2023-11-17,9377
2486,一詮,12,0,12,華南永昌-虎尾,2023-11-17,9377
3041,揚智,142,130,12,華南永昌-虎尾,2023-11-17,9377
00902,中信電池及儲能,11,0,11,華南永昌-虎尾,2023-11-17,9377
8358,金居,11,0,11,華南永昌-虎尾,2023-11-17,9377
00720B,元大投資級公司債,10,0,10,華南永昌-虎尾,2023-11-17,9377
1714,和桐,10,0,10,華南永昌-虎尾,2023-11-17,9377
2243,宏旭-KY,10,0,10,華南永昌-虎尾,2023-11-17,9377
2349,錸德,10,0,10,華南永昌-虎尾,2023-11-17,9377
2374,佳能,10,0,10,華南永昌-虎尾,2023-11-17,9377
3548,兆利,12,2,10,華南永昌-虎尾,2023-11-17,9377
6414,樺漢,10,0,10,華南永昌-虎尾,2023-11-17,9377
3260,威剛,16,7,9,華南永昌-虎尾,2023-11-17,9377
2723,美食-KY,12,3,9,華南永昌-虎尾,2023-11-17,9377
2369,菱生,10,1,9,華南永昌-虎尾,2023-11-17,9377
6026,福邦證,202,0,202,華南永昌-虎尾,2023-11-20,9377
8033,雷虎,101,1,100,華南永昌-虎尾,2023-11-20,9377
3019,亞光,73,0,73,華南永昌-虎尾,2023-11-20,9377
3362,先進光,51,6,45,華南永昌-虎尾,2023-11-20,9377
2905,三商,42,0,42,華南永昌-虎尾,2023-11-20,9377
2014,中鴻,33,0,33,華南永昌-虎尾,2023-11-20,9377
2312,金寶,51,18,33,華南永昌-虎尾,2023-11-20,9377
2367,燿華,42,11,31,華南永昌-虎尾,2023-11-20,9377
00706L,期元大S＆P日圓正2,30,0,30,華南永昌-虎尾,2023-11-20,9377
1810,和成,30,0,30,華南永昌-虎尾,2023-11-20,9377
00933B,國泰10Y+金融債,30,1,29,華南永昌-虎尾,2023-11-20,9377
00934,中信成長高股息,26,0,26,華南永昌-虎尾,2023-11-20,9377
4952,凌通,23,0,23,華南永昌-虎尾,2023-11-20,9377
2344,華邦電,26,5,21,華南永昌-虎尾,2023-11-20,9377
00715L,期街口布蘭特正2,54,34,20,華南永昌-虎尾,2023-11-20,9377
00669R,國泰美國道瓊反1,20,0,20,華南永昌-虎尾,2023-11-20,9377
3265,台星科,20,0,20,華南永昌-虎尾,2023-11-20,9377
3576,聯合再生,32,12,20,華南永昌-虎尾,2023-11-20,9377
6180,橘子,20,0,20,華南永昌-虎尾,2023-11-20,9377
6901,鑽石投資,20,0,20,華南永昌-虎尾,2023-11-20,9377
2538,基泰,20,2,18,華南永昌-虎尾,2023-11-20,9377
6933,AMAX-KY,18,0,18,華南永昌-虎尾,2023-11-20,9377
2417,圓剛,21,4,17,華南永昌-虎尾,2023-11-20,9377
2610,華航,39,22,17,華南永昌-虎尾,2023-11-20,9377
1795,美時,29,13,16,華南永昌-虎尾,2023-11-20,9377
2884,玉山金,15,1,14,華南永昌-虎尾,2023-11-20,9377
2543,皇昌,57,43,14,華南永昌-虎尾,2023-11-20,9377
2486,一詮,13,0,13,華南永昌-虎尾,2023-11-20,9377
6552,易華電,13,0,13,華南永昌-虎尾,2023-11-20,9377
2547,日勝生,12,0,12,華南永昌-虎尾,2023-11-20,9377
6443,元晶,16,4,12,華南永昌-虎尾,2023-11-20,9377
6270,倍微,12,1,11,華南永昌-虎尾,2023-11-20,9377
3402,漢科,11,0,11,華南永昌-虎尾,2023-11-20,9377
2409,友達,12,2,10,華南永昌-虎尾,2023-11-20,9377
00655L,國泰中國A50正2,10,0,10,華南永昌-虎尾,2023-11-20,9377
00680L,元大美債20正2,10,0,10,華南永昌-虎尾,2023-11-20,9377
2201,裕隆,10,0,10,華南永昌-虎尾,2023-11-20,9377
2324,仁寶,12,2,10,華南永昌-虎尾,2023-11-20,9377
2440,太空梭,10,0,10,華南永昌-虎尾,2023-11-20,9377
2606,裕民,10,0,10,華南永昌-虎尾,2023-11-20,9377
2607,榮運,10,0,10,華南永昌-虎尾,2023-11-20,9377
3058,立德,10,0,10,華南永昌-虎尾,2023-11-20,9377
4904,遠傳,10,0,10,華南永昌-虎尾,2023-11-20,9377
5302,太欣,10,0,10,華南永昌-虎尾,2023-11-20,9377
5608,四維航,10,0,10,華南永昌-虎尾,2023-11-20,9377
5706,鳳凰,12,2,10,華南永昌-虎尾,2023-11-20,9377
6147,頎邦,10,0,10,華南永昌-虎尾,2023-11-20,9377
6477,安集,10,0,10,華南永昌-虎尾,2023-11-20,9377
9958,世紀鋼,10,0,10,華南永昌-虎尾,2023-11-20,9377
3363,上詮,10,0,10,華南永昌-虎尾,2023-11-20,9377
00679B,元大美債20年,145,10,135,華南永昌-虎尾,2023-11-21,9377
2618,長榮航,98,3,95,華南永昌-虎尾,2023-11-21,9377
2014,中鴻,90,10,80,華南永昌-虎尾,2023-11-21,9377
00637L,元大滬深300正2,180,105,75,華南永昌-虎尾,2023-11-21,9377
2376,技嘉,77,5,72,華南永昌-虎尾,2023-11-21,9377
2027,大成鋼,54,2,52,華南永昌-虎尾,2023-11-21,9377
6116,彩晶,51,0,51,華南永昌-虎尾,2023-11-21,9377
5351,鈺創,103,64,39,華南永昌-虎尾,2023-11-21,9377
6592,和潤企業,38,0,38,華南永昌-虎尾,2023-11-21,9377
00936,台新永續高息中小,165,130,35,華南永昌-虎尾,2023-11-21,9377
00655L,國泰中國A50正2,40,5,35,華南永昌-虎尾,2023-11-21,9377
3325,旭品,48,15,33,華南永昌-虎尾,2023-11-21,9377
2329,華泰,44,12,32,華南永昌-虎尾,2023-11-21,9377
2367,燿華,47,15,32,華南永昌-虎尾,2023-11-21,9377
6127,九豪,41,10,31,華南永昌-虎尾,2023-11-21,9377
00753L,中信中國50正2,51,21,30,華南永昌-虎尾,2023-11-21,9377
00751B,元大AAA至A公司債,30,0,30,華南永昌-虎尾,2023-11-21,9377
6270,倍微,31,4,27,華南永昌-虎尾,2023-11-21,9377
6237,驊訊,36,10,26,華南永昌-虎尾,2023-11-21,9377
9939,宏全,24,0,24,華南永昌-虎尾,2023-11-21,9377
5309,系統電,23,0,23,華南永昌-虎尾,2023-11-21,9377
6282,康舒,32,9,23,華南永昌-虎尾,2023-11-21,9377
6125,廣運,50,30,20,華南永昌-虎尾,2023-11-21,9377
00900,富邦特選高股息30,36,16,20,華南永昌-虎尾,2023-11-21,9377
2349,錸德,20,0,20,華南永昌-虎尾,2023-11-21,9377
3038,全台,20,0,20,華南永昌-虎尾,2023-11-21,9377
2441,超豐,20,0,20,華南永昌-虎尾,2023-11-21,9377
2611,志信,20,0,20,華南永昌-虎尾,2023-11-21,9377
3665,貿聯-KY,20,0,20,華南永昌-虎尾,2023-11-21,9377
6257,矽格,21,1,20,華南永昌-虎尾,2023-11-21,9377
5210,寶碩,20,0,20,華南永昌-虎尾,2023-11-21,9377
2480,敦陽科,19,0,19,華南永昌-虎尾,2023-11-21,9377
3390,旭軟,19,0,19,華南永昌-虎尾,2023-11-21,9377
00673R,期元大S＆P原油反1,18,0,18,華南永昌-虎尾,2023-11-21,9377
4207,環泰,21,3,18,華南永昌-虎尾,2023-11-21,9377
1460,宏遠,19,2,17,華南永昌-虎尾,2023-11-21,9377
6672,騰輝電子-KY,16,0,16,華南永昌-虎尾,2023-11-21,9377
1524,耿鼎,23,8,15,華南永昌-虎尾,2023-11-21,9377
1815,富喬,21,7,14,華南永昌-虎尾,2023-11-21,9377
3035,智原,18,5,13,華南永昌-虎尾,2023-11-21,9377
4906,正文,20,7,13,華南永昌-虎尾,2023-11-21,9377
00929,復華台灣科技優息,83,70,13,華南永昌-虎尾,2023-11-21,9377
2355,敬鵬,22,9,13,華南永昌-虎尾,2023-11-21,9377
00757,統一FANG+,12,0,12,華南永昌-虎尾,2023-11-21,9377
2363,矽統,45,34,11,華南永昌-虎尾,2023-11-21,9377
00669R,國泰美國道瓊反1,11,0,11,華南永昌-虎尾,2023-11-21,9377
3044,健鼎,11,0,11,華南永昌-虎尾,2023-11-21,9377
6533,晶心科,21,10,11,華南永昌-虎尾,2023-11-21,9377
2352,佳世達,10,0,10,華南永昌-虎尾,2023-11-21,9377
1714,和桐,10,0,10,華南永昌-虎尾,2023-11-21,9377
00897,富邦基因免疫生技,100,0,100,華南永昌-虎尾,2023-11-22,9377
2527,宏璟,97,0,97,華南永昌-虎尾,2023-11-22,9377
3047,訊舟,102,12,90,華南永昌-虎尾,2023-11-22,9377
00637L,元大滬深300正2,281,219,62,華南永昌-虎尾,2023-11-22,9377
00680L,元大美債20正2,60,0,60,華南永昌-虎尾,2023-11-22,9377
2367,燿華,71,12,59,華南永昌-虎尾,2023-11-22,9377
00664R,國泰臺灣加權反1,50,0,50,華南永昌-虎尾,2023-11-22,9377
2356,英業達,47,3,44,華南永昌-虎尾,2023-11-22,9377
2883,凱基金,45,6,39,華南永昌-虎尾,2023-11-22,9377
5392,能率,34,2,32,華南永昌-虎尾,2023-11-22,9377
00669R,國泰美國道瓊反1,30,0,30,華南永昌-虎尾,2023-11-22,9377
006208,富邦台50,29,0,29,華南永昌-虎尾,2023-11-22,9377
2329,華泰,45,18,27,華南永昌-虎尾,2023-11-22,9377
2402,毅嘉,28,1,27,華南永昌-虎尾,2023-11-22,9377
2888,新光金,22,0,22,華南永昌-虎尾,2023-11-22,9377
1514,亞力,20,0,20,華南永昌-虎尾,2023-11-22,9377
2455,全新,20,0,20,華南永昌-虎尾,2023-11-22,9377
3041,揚智,46,27,19,華南永昌-虎尾,2023-11-22,9377
2352,佳世達,18,0,18,華南永昌-虎尾,2023-11-22,9377
00905,FT臺灣Smart,18,0,18,華南永昌-虎尾,2023-11-22,9377
00929,復華台灣科技優息,18,1,17,華南永昌-虎尾,2023-11-22,9377
2409,友達,17,0,17,華南永昌-虎尾,2023-11-22,9377
2401,凌陽,32,16,16,華南永昌-虎尾,2023-11-22,9377
2610,華航,16,0,16,華南永昌-虎尾,2023-11-22,9377
2618,長榮航,22,6,16,華南永昌-虎尾,2023-11-22,9377
6185,幃翔,16,0,16,華南永昌-虎尾,2023-11-22,9377
00688L,國泰20年美債正2,16,0,16,華南永昌-虎尾,2023-11-22,9377
1904,正隆,15,0,15,華南永昌-虎尾,2023-11-22,9377
5309,系統電,15,0,15,華南永昌-虎尾,2023-11-22,9377
6147,頎邦,15,0,15,華南永昌-虎尾,2023-11-22,9377
6560,欣普羅,15,0,15,華南永昌-虎尾,2023-11-22,9377
6139,亞翔,24,10,14,華南永昌-虎尾,2023-11-22,9377
3481,群創,14,0,14,華南永昌-虎尾,2023-11-22,9377
1460,宏遠,13,0,13,華南永昌-虎尾,2023-11-22,9377
2405,輔信,34,21,13,華南永昌-虎尾,2023-11-22,9377
00900,富邦特選高股息30,12,0,12,華南永昌-虎尾,2023-11-22,9377
2330,台積電,12,0,12,華南永昌-虎尾,2023-11-22,9377
4953,緯軟,22,11,11,華南永昌-虎尾,2023-11-22,9377
2355,敬鵬,14,3,11,華南永昌-虎尾,2023-11-22,9377
3050,鈺德,11,0,11,華南永昌-虎尾,2023-11-22,9377
3715,定穎投控,14,3,11,華南永昌-虎尾,2023-11-22,9377
6188,廣明,11,0,11,華南永昌-虎尾,2023-11-22,9377
6120,達運,10,0,10,華南永昌-虎尾,2023-11-22,9377
6191,精成科,11,1,10,華南永昌-虎尾,2023-11-22,9377
1218,泰山,10,0,10,華南永昌-虎尾,2023-11-22,9377
1710,東聯,10,0,10,華南永昌-虎尾,2023-11-22,9377
2349,錸德,10,0,10,華南永昌-虎尾,2023-11-22,9377
2736,富野,10,0,10,華南永昌-虎尾,2023-11-22,9377
2883B,凱基金乙特,10,0,10,華南永昌-虎尾,2023-11-22,9377
5475,德宏,10,0,10,華南永昌-虎尾,2023-11-22,9377
00637L,元大滬深300正2,224,101,123,華南永昌-虎尾,2023-11-23,9377
9919,康那香,118,0,118,華南永昌-虎尾,2023-11-23,9377
5521,工信,108,0,108,華南永昌-虎尾,2023-11-23,9377
5347,世界,128,29,99,華南永昌-虎尾,2023-11-23,9377
3231,緯創,126,68,58,華南永昌-虎尾,2023-11-23,9377
00936,台新永續高息中小,60,3,57,華南永昌-虎尾,2023-11-23,9377
2323,中環,67,10,57,華南永昌-虎尾,2023-11-23,9377
2363,矽統,89,39,50,華南永昌-虎尾,2023-11-23,9377
2374,佳能,50,7,43,華南永昌-虎尾,2023-11-23,9377
2405,輔信,60,20,40,華南永昌-虎尾,2023-11-23,9377
2027,大成鋼,39,0,39,華南永昌-虎尾,2023-11-23,9377
00919,群益台灣精選高息,36,0,36,華南永昌-虎尾,2023-11-23,9377
00929,復華台灣科技優息,50,17,33,華南永昌-虎尾,2023-11-23,9377
1517,利奇,30,0,30,華南永昌-虎尾,2023-11-23,9377
2427,三商電,30,0,30,華南永昌-虎尾,2023-11-23,9377
2355,敬鵬,30,1,29,華南永昌-虎尾,2023-11-23,9377
3078,僑威,62,35,27,華南永昌-虎尾,2023-11-23,9377
8358,金居,59,34,25,華南永昌-虎尾,2023-11-23,9377
1584,精剛,84,60,24,華南永昌-虎尾,2023-11-23,9377
2485,兆赫,49,25,24,華南永昌-虎尾,2023-11-23,9377
3005,神基,25,1,24,華南永昌-虎尾,2023-11-23,9377
3715,定穎投控,45,22,23,華南永昌-虎尾,2023-11-23,9377
2891,中信金,22,0,22,華南永昌-虎尾,2023-11-23,9377
1514,亞力,22,0,22,華南永昌-虎尾,2023-11-23,9377
2331,精英,21,0,21,華南永昌-虎尾,2023-11-23,9377
2605,新興,26,5,21,華南永昌-虎尾,2023-11-23,9377
6191,精成科,21,0,21,華南永昌-虎尾,2023-11-23,9377
5236,凌陽創新,26,5,21,華南永昌-虎尾,2023-11-23,9377
00751B,元大AAA至A公司債,20,0,20,華南永昌-虎尾,2023-11-23,9377
00680L,元大美債20正2,20,0,20,華南永昌-虎尾,2023-11-23,9377
00720B,元大投資級公司債,20,0,20,華南永昌-虎尾,2023-11-23,9377
2867,三商壽,20,0,20,華南永昌-虎尾,2023-11-23,9377
3217,優群,20,0,20,華南永昌-虎尾,2023-11-23,9377
1455,集盛,19,0,19,華南永昌-虎尾,2023-11-23,9377
2474,可成,15,1,14,華南永昌-虎尾,2023-11-23,9377
3042,晶技,15,1,14,華南永昌-虎尾,2023-11-23,9377
3390,旭軟,14,0,14,華南永昌-虎尾,2023-11-23,9377
6139,亞翔,15,1,14,華南永昌-虎尾,2023-11-23,9377
6243,迅杰,24,10,14,華南永昌-虎尾,2023-11-23,9377
00900,富邦特選高股息30,13,0,13,華南永昌-虎尾,2023-11-23,9377
00665L,富邦�琤肭磪囓�2,13,0,13,華南永昌-虎尾,2023-11-23,9377
1524,耿鼎,15,2,13,華南永昌-虎尾,2023-11-23,9377
5512,力麒,13,0,13,華南永昌-虎尾,2023-11-23,9377
9105,泰金寶-DR,112,100,12,華南永昌-虎尾,2023-11-23,9377
8227,巨有科技,13,2,11,華南永昌-虎尾,2023-11-23,9377
6143,振曜,10,0,10,華南永昌-虎尾,2023-11-23,9377
00757,統一FANG+,10,0,10,華南永昌-虎尾,2023-11-23,9377
00687B,國泰20年美債,10,0,10,華南永昌-虎尾,2023-11-23,9377
1598,岱宇,10,0,10,華南永昌-虎尾,2023-11-23,9377
2358,廷鑫,10,0,10,華南永昌-虎尾,2023-11-23,9377
2618,長榮航,158,6,152,華南永昌-虎尾,2023-11-24,9377
00673R,期元大S＆P原油反1,105,3,102,華南永昌-虎尾,2023-11-24,9377
9105,泰金寶-DR,102,0,102,華南永昌-虎尾,2023-11-24,9377
2455,全新,100,26,74,華南永昌-虎尾,2023-11-24,9377
2610,華航,64,0,64,華南永昌-虎尾,2023-11-24,9377
5351,鈺創,81,19,62,華南永昌-虎尾,2023-11-24,9377
2405,輔信,55,0,55,華南永昌-虎尾,2023-11-24,9377
2349,錸德,52,0,52,華南永昌-虎尾,2023-11-24,9377
2888,新光金,88,44,44,華南永昌-虎尾,2023-11-24,9377
4157,太景*-KY,40,0,40,華南永昌-虎尾,2023-11-24,9377
5210,寶碩,36,4,32,華南永昌-虎尾,2023-11-24,9377
2486,一詮,39,8,31,華南永昌-虎尾,2023-11-24,9377
2323,中環,26,0,26,華南永昌-虎尾,2023-11-24,9377
2538,基泰,27,2,25,華南永昌-虎尾,2023-11-24,9377
3014,聯陽,22,0,22,華南永昌-虎尾,2023-11-24,9377
6806,森崴能源,43,21,22,華南永昌-虎尾,2023-11-24,9377
2731,雄獅,21,0,21,華南永昌-虎尾,2023-11-24,9377
3006,晶豪科,29,8,21,華南永昌-虎尾,2023-11-24,9377
3520,華盈,20,0,20,華南永昌-虎尾,2023-11-24,9377
8054,安國,28,8,20,華南永昌-虎尾,2023-11-24,9377
8933,愛地雅,20,0,20,華南永昌-虎尾,2023-11-24,9377
2317,鴻海,26,8,18,華南永昌-虎尾,2023-11-24,9377
00688L,國泰20年美債正2,17,0,17,華南永昌-虎尾,2023-11-24,9377
1605,華新,51,34,17,華南永昌-虎尾,2023-11-24,9377
1609,大亞,35,18,17,華南永昌-虎尾,2023-11-24,9377
2344,華邦電,22,5,17,華南永昌-虎尾,2023-11-24,9377
3042,晶技,20,3,17,華南永昌-虎尾,2023-11-24,9377
00757,統一FANG+,15,0,15,華南永昌-虎尾,2023-11-24,9377
3515,華擎,18,3,15,華南永昌-虎尾,2023-11-24,9377
00878,國泰永續高股息,16,2,14,華南永昌-虎尾,2023-11-24,9377
1471,首利,12,0,12,華南永昌-虎尾,2023-11-24,9377
2399,映泰,12,0,12,華南永昌-虎尾,2023-11-24,9377
3390,旭軟,12,0,12,華南永昌-虎尾,2023-11-24,9377
3437,榮創,27,15,12,華南永昌-虎尾,2023-11-24,9377
8176,智捷,12,0,12,華南永昌-虎尾,2023-11-24,9377
3521,鴻翊,11,0,11,華南永昌-虎尾,2023-11-24,9377
1460,宏遠,11,0,11,華南永昌-虎尾,2023-11-24,9377
2633,台灣高鐵,11,0,11,華南永昌-虎尾,2023-11-24,9377
2812,台中銀,11,0,11,華南永昌-虎尾,2023-11-24,9377
3483,力致,14,3,11,華南永昌-虎尾,2023-11-24,9377
4956,光鋐,27,16,11,華南永昌-虎尾,2023-11-24,9377
3047,訊舟,10,0,10,華南永昌-虎尾,2023-11-24,9377
00687B,國泰20年美債,10,0,10,華南永昌-虎尾,2023-11-24,9377
00665L,富邦�琤肭磪囓�2,10,0,10,華南永昌-虎尾,2023-11-24,9377
2337,旺宏,10,0,10,華南永昌-虎尾,2023-11-24,9377
3041,揚智,17,7,10,華南永昌-虎尾,2023-11-24,9377
4726,永昕,10,0,10,華南永昌-虎尾,2023-11-24,9377
4906,正文,10,0,10,華南永昌-虎尾,2023-11-24,9377
5425,台半,16,6,10,華南永昌-虎尾,2023-11-24,9377
6491,晶碩,10,0,10,華南永昌-虎尾,2023-11-24,9377
9919,康那香,200,8,192,華南永昌-虎尾,2023-11-27,9377
00637L,元大滬深300正2,142,0,142,華南永昌-虎尾,2023-11-27,9377
3231,緯創,115,26,89,華南永昌-虎尾,2023-11-27,9377
2323,中環,70,0,70,華南永昌-虎尾,2023-11-27,9377
00919,群益台灣精選高息,74,11,63,華南永昌-虎尾,2023-11-27,9377
00933B,國泰10Y+金融債,60,0,60,華南永昌-虎尾,2023-11-27,9377
2618,長榮航,62,14,48,華南永昌-虎尾,2023-11-27,9377
1584,精剛,185,138,47,華南永昌-虎尾,2023-11-27,9377
2455,全新,50,3,47,華南永昌-虎尾,2023-11-27,9377
2883,凱基金,46,1,45,華南永昌-虎尾,2023-11-27,9377
2356,英業達,36,0,36,華南永昌-虎尾,2023-11-27,9377
0056,元大高股息,34,0,34,華南永昌-虎尾,2023-11-27,9377
3390,旭軟,28,0,28,華南永昌-虎尾,2023-11-27,9377
2027,大成鋼,24,0,24,華南永昌-虎尾,2023-11-27,9377
3706,神達,25,1,24,華南永昌-虎尾,2023-11-27,9377
2882,國泰金,22,0,22,華南永昌-虎尾,2023-11-27,9377
8033,雷虎,41,20,21,華南永昌-虎尾,2023-11-27,9377
9105,泰金寶-DR,20,0,20,華南永昌-虎尾,2023-11-27,9377
5347,世界,22,3,19,華南永昌-虎尾,2023-11-27,9377
2382,廣達,21,2,19,華南永昌-虎尾,2023-11-27,9377
5452,佶優,20,2,18,華南永昌-虎尾,2023-11-27,9377
2489,瑞軒,17,0,17,華南永昌-虎尾,2023-11-27,9377
2375,凱美,19,2,17,華南永昌-虎尾,2023-11-27,9377
00642U,期元大S＆P石油,16,0,16,華南永昌-虎尾,2023-11-27,9377
2349,錸德,16,0,16,華南永昌-虎尾,2023-11-27,9377
4956,光鋐,22,6,16,華南永昌-虎尾,2023-11-27,9377
00655L,國泰中國A50正2,15,0,15,華南永昌-虎尾,2023-11-27,9377
2408,南亞科,15,0,15,華南永昌-虎尾,2023-11-27,9377
2630,亞航,48,34,14,華南永昌-虎尾,2023-11-27,9377
2634,漢翔,15,1,14,華南永昌-虎尾,2023-11-27,9377
00936,台新永續高息中小,13,0,13,華南永昌-虎尾,2023-11-27,9377
1734,杏輝,13,0,13,華南永昌-虎尾,2023-11-27,9377
4714,永捷,13,0,13,華南永昌-虎尾,2023-11-27,9377
4746,台耀,20,8,12,華南永昌-虎尾,2023-11-27,9377
1503,士電,16,4,12,華南永昌-虎尾,2023-11-27,9377
3006,晶豪科,13,1,12,華南永昌-虎尾,2023-11-27,9377
2506,太設,16,4,12,華南永昌-虎尾,2023-11-27,9377
1785,光洋科,12,1,11,華南永昌-虎尾,2023-11-27,9377
3018,隆銘綠能,11,0,11,華南永昌-虎尾,2023-11-27,9377
1216,統一,41,31,10,華南永昌-虎尾,2023-11-27,9377
00751B,元大AAA至A公司債,10,0,10,華南永昌-虎尾,2023-11-27,9377
00757,統一FANG+,10,0,10,華南永昌-虎尾,2023-11-27,9377
1471,首利,10,0,10,華南永昌-虎尾,2023-11-27,9377
2312,金寶,37,27,10,華南永昌-虎尾,2023-11-27,9377
2409,友達,10,0,10,華南永昌-虎尾,2023-11-27,9377
2436,偉詮電,17,7,10,華南永昌-虎尾,2023-11-27,9377
2485,兆赫,30,20,10,華南永昌-虎尾,2023-11-27,9377
2605,新興,11,1,10,華南永昌-虎尾,2023-11-27,9377
2897,王道銀行,10,0,10,華南永昌-虎尾,2023-11-27,9377
6185,幃翔,11,1,10,華南永昌-虎尾,2023-11-27,9377
1514,亞力,127,30,97,華南永昌-虎尾,2023-11-28,9377
2885,元大金,100,3,97,華南永昌-虎尾,2023-11-28,9377
2605,新興,113,17,96,華南永昌-虎尾,2023-11-28,9377
2472,立隆電,72,6,66,華南永昌-虎尾,2023-11-28,9377
00664R,國泰臺灣加權反1,50,0,50,華南永昌-虎尾,2023-11-28,9377
1905,華紙,51,2,49,華南永昌-虎尾,2023-11-28,9377
00936,台新永續高息中小,48,2,46,華南永昌-虎尾,2023-11-28,9377
2641,正德,72,33,39,華南永昌-虎尾,2023-11-28,9377
4157,太景*-KY,133,94,39,華南永昌-虎尾,2023-11-28,9377
3689,湧德,36,2,34,華南永昌-虎尾,2023-11-28,9377
5351,鈺創,147,116,31,華南永昌-虎尾,2023-11-28,9377
1101,台泥,72,41,31,華南永昌-虎尾,2023-11-28,9377
2382,廣達,74,46,28,華南永昌-虎尾,2023-11-28,9377
2401,凌陽,35,13,22,華南永昌-虎尾,2023-11-28,9377
6605,帝寶,21,0,21,華南永昌-虎尾,2023-11-28,9377
2303,聯電,31,10,21,華南永昌-虎尾,2023-11-28,9377
6129,普誠,20,0,20,華南永昌-虎尾,2023-11-28,9377
3390,旭軟,19,0,19,華南永昌-虎尾,2023-11-28,9377
2486,一詮,20,3,17,華南永昌-虎尾,2023-11-28,9377
2027,大成鋼,55,39,16,華南永昌-虎尾,2023-11-28,9377
2516,新建,15,0,15,華南永昌-虎尾,2023-11-28,9377
2371,大同,23,10,13,華南永昌-虎尾,2023-11-28,9377
2630,亞航,13,0,13,華南永昌-虎尾,2023-11-28,9377
3705,永信,13,0,13,華南永昌-虎尾,2023-11-28,9377
4114,健喬,43,31,12,華南永昌-虎尾,2023-11-28,9377
2352,佳世達,12,0,12,華南永昌-虎尾,2023-11-28,9377
3217,優群,22,11,11,華南永昌-虎尾,2023-11-28,9377
3374,精材,11,0,11,華南永昌-虎尾,2023-11-28,9377
5347,世界,19,9,10,華南永昌-虎尾,2023-11-28,9377
00753L,中信中國50正2,10,0,10,華南永昌-虎尾,2023-11-28,9377
00712,復華富時不動產,10,0,10,華南永昌-虎尾,2023-11-28,9377
00676R,富邦臺灣加權反1,10,0,10,華南永昌-虎尾,2023-11-28,9377
1402,遠東新,10,0,10,華南永昌-虎尾,2023-11-28,9377
2369,菱生,10,0,10,華南永昌-虎尾,2023-11-28,9377
2498,宏達電,17,7,10,華南永昌-虎尾,2023-11-28,9377
3049,精金,10,0,10,華南永昌-虎尾,2023-11-28,9377
3138,耀登,10,0,10,華南永昌-虎尾,2023-11-28,9377
3346,麗清,10,0,10,華南永昌-虎尾,2023-11-28,9377
3532,台勝科,10,0,10,華南永昌-虎尾,2023-11-28,9377
5309,系統電,10,0,10,華南永昌-虎尾,2023-11-28,9377
5483,中美晶,26,16,10,華南永昌-虎尾,2023-11-28,9377
6127,九豪,12,2,10,華南永昌-虎尾,2023-11-28,9377
6282,康舒,24,14,10,華南永昌-虎尾,2023-11-28,9377
2634,漢翔,10,1,9,華南永昌-虎尾,2023-11-28,9377
6552,易華電,9,0,9,華南永昌-虎尾,2023-11-28,9377
2367,燿華,42,33,9,華南永昌-虎尾,2023-11-28,9377
2883,凱基金,13,4,9,華南永昌-虎尾,2023-11-28,9377
1732,毛寶,11,3,8,華南永昌-虎尾,2023-11-28,9377
1815,富喬,8,0,8,華南永昌-虎尾,2023-11-28,9377
2399,映泰,8,0,8,華南永昌-虎尾,2023-11-28,9377
2885,元大金,146,0,146,華南永昌-虎尾,2023-11-29,9377
00673R,期元大S＆P原油反1,111,0,111,華南永昌-虎尾,2023-11-29,9377
2382,廣達,114,13,101,華南永昌-虎尾,2023-11-29,9377
00897,富邦基因免疫生技,100,0,100,華南永昌-虎尾,2023-11-29,9377
2618,長榮航,111,13,98,華南永昌-虎尾,2023-11-29,9377
5328,華容,76,4,72,華南永昌-虎尾,2023-11-29,9377
00664R,國泰臺灣加權反1,60,0,60,華南永昌-虎尾,2023-11-29,9377
00919,群益台灣精選高息,45,5,40,華南永昌-虎尾,2023-11-29,9377
2610,華航,53,15,38,華南永昌-虎尾,2023-11-29,9377
3615,安可,35,2,33,華南永昌-虎尾,2023-11-29,9377
00687B,國泰20年美債,30,0,30,華南永昌-虎尾,2023-11-29,9377
00655L,國泰中國A50正2,30,0,30,華南永昌-虎尾,2023-11-29,9377
2353,宏��,30,2,28,華南永昌-虎尾,2023-11-29,9377
00679B,元大美債20年,27,0,27,華南永昌-虎尾,2023-11-29,9377
1460,宏遠,25,0,25,華南永昌-虎尾,2023-11-29,9377
6282,康舒,29,4,25,華南永昌-虎尾,2023-11-29,9377
2356,英業達,27,3,24,華南永昌-虎尾,2023-11-29,9377
2472,立隆電,52,29,23,華南永昌-虎尾,2023-11-29,9377
00648R,元大S＆P500反1,20,0,20,華南永昌-虎尾,2023-11-29,9377
00669R,國泰美國道瓊反1,20,0,20,華南永昌-虎尾,2023-11-29,9377
00671R,富邦NASDAQ反1,20,0,20,華南永昌-虎尾,2023-11-29,9377
1714,和桐,20,0,20,華南永昌-虎尾,2023-11-29,9377
3265,台星科,20,0,20,華南永昌-虎尾,2023-11-29,9377
00929,復華台灣科技優息,37,19,18,華南永昌-虎尾,2023-11-29,9377
2401,凌陽,48,30,18,華南永昌-虎尾,2023-11-29,9377
5351,鈺創,27,10,17,華南永昌-虎尾,2023-11-29,9377
2303,聯電,36,19,17,華南永昌-虎尾,2023-11-29,9377
00882,中信中國高股息,15,0,15,華南永昌-虎尾,2023-11-29,9377
00637L,元大滬深300正2,56,41,15,華南永昌-虎尾,2023-11-29,9377
5498,凱崴,15,0,15,華南永昌-虎尾,2023-11-29,9377
2601,益航,14,0,14,華南永昌-虎尾,2023-11-29,9377
5236,凌陽創新,17,3,14,華南永昌-虎尾,2023-11-29,9377
1101,台泥,34,20,14,華南永昌-虎尾,2023-11-29,9377
3018,隆銘綠能,13,0,13,華南永昌-虎尾,2023-11-29,9377
6552,易華電,13,0,13,華南永昌-虎尾,2023-11-29,9377
5347,世界,15,3,12,華南永昌-虎尾,2023-11-29,9377
2489,瑞軒,20,8,12,華南永昌-虎尾,2023-11-29,9377
00712,復華富時不動產,12,0,12,華南永昌-虎尾,2023-11-29,9377
2468,華經,12,0,12,華南永昌-虎尾,2023-11-29,9377
00878,國泰永續高股息,11,0,11,華南永昌-虎尾,2023-11-29,9377
1325,恆大,23,12,11,華南永昌-虎尾,2023-11-29,9377
1503,士電,11,0,11,華南永昌-虎尾,2023-11-29,9377
2538,基泰,11,0,11,華南永昌-虎尾,2023-11-29,9377
3679,新至陞,11,0,11,華南永昌-虎尾,2023-11-29,9377
1732,毛寶,10,0,10,華南永昌-虎尾,2023-11-29,9377
2014,中鴻,11,1,10,華南永昌-虎尾,2023-11-29,9377
2349,錸德,10,0,10,華南永昌-虎尾,2023-11-29,9377
3014,聯陽,10,0,10,華南永昌-虎尾,2023-11-29,9377
4714,永捷,10,0,10,華南永昌-虎尾,2023-11-29,9377
1319,東陽,35,25,10,華南永昌-虎尾,2023-11-29,9377
2605,新興,206,3,203,華南永昌-虎尾,2023-11-30,9377
00935,野村臺灣新科技50,100,0,100,華南永昌-虎尾,2023-11-30,9377
5608,四維航,104,5,99,華南永昌-虎尾,2023-11-30,9377
3231,緯創,70,4,66,華南永昌-虎尾,2023-11-30,9377
2618,長榮航,64,11,53,華南永昌-虎尾,2023-11-30,9377
2610,華航,42,0,42,華南永昌-虎尾,2023-11-30,9377
2332,友訊,80,39,41,華南永昌-虎尾,2023-11-30,9377
2486,一詮,37,1,36,華南永昌-虎尾,2023-11-30,9377
00751B,元大AAA至A公司債,30,0,30,華南永昌-虎尾,2023-11-30,9377
1605,華新,31,7,24,華南永昌-虎尾,2023-11-30,9377
2881,富邦金,25,2,23,華南永昌-虎尾,2023-11-30,9377
2387,精元,23,0,23,華南永昌-虎尾,2023-11-30,9377
2492,華新科,34,13,21,華南永昌-虎尾,2023-11-30,9377
00712,復華富時不動產,20,0,20,華南永昌-虎尾,2023-11-30,9377
3049,精金,20,0,20,華南永昌-虎尾,2023-11-30,9377
00878,國泰永續高股息,22,2,20,華南永昌-虎尾,2023-11-30,9377
2303,聯電,35,16,19,華南永昌-虎尾,2023-11-30,9377
6695,芯鼎,19,1,18,華南永昌-虎尾,2023-11-30,9377
2606,裕民,19,3,16,華南永昌-虎尾,2023-11-30,9377
2002,中鋼,17,2,15,華南永昌-虎尾,2023-11-30,9377
1513,中興電,29,15,14,華南永昌-虎尾,2023-11-30,9377
2337,旺宏,18,4,14,華南永昌-虎尾,2023-11-30,9377
6285,啟��,12,0,12,華南永昌-虎尾,2023-11-30,9377
00679B,元大美債20年,12,1,11,華南永昌-虎尾,2023-11-30,9377
1616,億泰,13,2,11,華南永昌-虎尾,2023-11-30,9377
2457,飛宏,17,6,11,華南永昌-虎尾,2023-11-30,9377
3050,鈺德,23,12,11,華南永昌-虎尾,2023-11-30,9377
1515,力山,10,0,10,華南永昌-虎尾,2023-11-30,9377
1714,和桐,10,0,10,華南永昌-虎尾,2023-11-30,9377
2641,正德,10,0,10,華南永昌-虎尾,2023-11-30,9377
3162,精確,10,0,10,華南永昌-虎尾,2023-11-30,9377
3257,虹冠電,15,5,10,華南永昌-虎尾,2023-11-30,9377
3438,類比科,10,0,10,華南永昌-虎尾,2023-11-30,9377
6127,九豪,21,11,10,華南永昌-虎尾,2023-11-30,9377
3227,原相,10,1,9,華南永昌-虎尾,2023-11-30,9377
2454,聯發科,9,0,9,華南永昌-虎尾,2023-11-30,9377
2538,基泰,20,11,9,華南永昌-虎尾,2023-11-30,9377
6558,興能高,11,2,9,華南永昌-虎尾,2023-11-30,9377
2603,長榮,8,0,8,華南永昌-虎尾,2023-11-30,9377
00687B,國泰20年美債,10,2,8,華南永昌-虎尾,2023-11-30,9377
6125,廣運,8,0,8,華南永昌-虎尾,2023-11-30,9377
8112,至上,8,0,8,華南永昌-虎尾,2023-11-30,9377
2409,友達,10,3,7,華南永昌-虎尾,2023-11-30,9377
00882,中信中國高股息,8,1,7,華南永昌-虎尾,2023-11-30,9377
2371,大同,13,6,7,華南永昌-虎尾,2023-11-30,9377
2375,凱美,7,0,7,華南永昌-虎尾,2023-11-30,9377
2482,連宇,8,1,7,華南永昌-虎尾,2023-11-30,9377
3264,欣銓,7,0,7,華南永昌-虎尾,2023-11-30,9377
8163,達方,7,0,7,華南永昌-虎尾,2023-11-30,9377
4953,緯軟,7,0,7,華南永昌-虎尾,2023-11-30,9377
2618,長榮航,197,51,146,華南永昌-虎尾,2023-12-01,9377
00632R,元大台灣50反1,224,85,139,華南永昌-虎尾,2023-12-01,9377
6108,競國,122,4,118,華南永昌-虎尾,2023-12-01,9377
00637L,元大滬深300正2,86,20,66,華南永昌-虎尾,2023-12-01,9377
2382,廣達,65,6,59,華南永昌-虎尾,2023-12-01,9377
2324,仁寶,53,0,53,華南永昌-虎尾,2023-12-01,9377
1605,華新,60,12,48,華南永昌-虎尾,2023-12-01,9377
8068,全達,48,5,43,華南永昌-虎尾,2023-12-01,9377
2201,裕隆,40,0,40,華南永昌-虎尾,2023-12-01,9377
6167,久正,40,0,40,華南永昌-虎尾,2023-12-01,9377
00688L,國泰20年美債正2,39,0,39,華南永昌-虎尾,2023-12-01,9377
5519,隆大,32,0,32,華南永昌-虎尾,2023-12-01,9377
00919,群益台灣精選高息,48,16,32,華南永昌-虎尾,2023-12-01,9377
00751B,元大AAA至A公司債,31,0,31,華南永昌-虎尾,2023-12-01,9377
00722B,群益投資級電信債,29,0,29,華南永昌-虎尾,2023-12-01,9377
2883,凱基金,27,0,27,華南永昌-虎尾,2023-12-01,9377
00655L,國泰中國A50正2,26,0,26,華南永昌-虎尾,2023-12-01,9377
00680L,元大美債20正2,26,0,26,華南永昌-虎尾,2023-12-01,9377
00720B,元大投資級公司債,22,0,22,華南永昌-虎尾,2023-12-01,9377
00679B,元大美債20年,21,0,21,華南永昌-虎尾,2023-12-01,9377
2359,所羅門,25,4,21,華南永昌-虎尾,2023-12-01,9377
6486,互動,21,0,21,華南永昌-虎尾,2023-12-01,9377
3047,訊舟,20,0,20,華南永昌-虎尾,2023-12-01,9377
00753L,中信中國50正2,35,16,19,華南永昌-虎尾,2023-12-01,9377
3709,鑫聯大投控,19,0,19,華南永昌-虎尾,2023-12-01,9377
1101,台泥,18,0,18,華南永昌-虎尾,2023-12-01,9377
3276,宇環,21,3,18,華南永昌-虎尾,2023-12-01,9377
00929,復華台灣科技優息,61,43,18,華南永昌-虎尾,2023-12-01,9377
5880,合庫金,17,0,17,華南永昌-虎尾,2023-12-01,9377
6672,騰輝電子-KY,21,4,17,華南永昌-虎尾,2023-12-01,9377
6194,育富,20,4,16,華南永昌-虎尾,2023-12-01,9377
8110,華東,16,0,16,華南永昌-虎尾,2023-12-01,9377
1514,亞力,19,4,15,華南永昌-虎尾,2023-12-01,9377
6695,芯鼎,20,6,14,華南永昌-虎尾,2023-12-01,9377
8093,保銳,14,0,14,華南永昌-虎尾,2023-12-01,9377
3715,定穎投控,59,46,13,華南永昌-虎尾,2023-12-01,9377
2356,英業達,15,2,13,華南永昌-虎尾,2023-12-01,9377
00900,富邦特選高股息30,12,0,12,華南永昌-虎尾,2023-12-01,9377
3038,全台,12,0,12,華南永昌-虎尾,2023-12-01,9377
00652,富邦印度,11,0,11,華南永昌-虎尾,2023-12-01,9377
6116,彩晶,12,1,11,華南永昌-虎尾,2023-12-01,9377
00932,兆豐永續高息等權,10,0,10,華南永昌-虎尾,2023-12-01,9377
00669R,國泰美國道瓊反1,10,0,10,華南永昌-虎尾,2023-12-01,9377
2034,允強,10,0,10,華南永昌-虎尾,2023-12-01,9377
2316,楠梓電,10,0,10,華南永昌-虎尾,2023-12-01,9377
2516,新建,10,0,10,華南永昌-虎尾,2023-12-01,9377
4906,正文,10,0,10,華南永昌-虎尾,2023-12-01,9377
5536,聖暉*,10,0,10,華南永昌-虎尾,2023-12-01,9377
6191,精成科,23,13,10,華南永昌-虎尾,2023-12-01,9377
6922,宸曜,10,0,10,華南永昌-虎尾,2023-12-01,9377
00900,富邦特選高股息30,309,54,255,華南永昌-虎尾,2023-12-04,9377
2405,輔信,208,0,208,華南永昌-虎尾,2023-12-04,9377
2382,廣達,130,11,119,華南永昌-虎尾,2023-12-04,9377
2332,友訊,106,0,106,華南永昌-虎尾,2023-12-04,9377
00932,兆豐永續高息等權,100,0,100,華南永昌-虎尾,2023-12-04,9377
2323,中環,96,20,76,華南永昌-虎尾,2023-12-04,9377
00715L,期街口布蘭特正2,73,6,67,華南永昌-虎尾,2023-12-04,9377
2609,陽明,84,19,65,華南永昌-虎尾,2023-12-04,9377
00936,台新永續高息中小,63,0,63,華南永昌-虎尾,2023-12-04,9377
2313,華通,75,14,61,華南永昌-虎尾,2023-12-04,9377
1514,亞力,86,33,53,華南永昌-虎尾,2023-12-04,9377
2355,敬鵬,79,31,48,華南永昌-虎尾,2023-12-04,9377
00637L,元大滬深300正2,123,81,42,華南永昌-虎尾,2023-12-04,9377
1504,東元,44,3,41,華南永昌-虎尾,2023-12-04,9377
00918,大華優利高填息30,40,0,40,華南永昌-虎尾,2023-12-04,9377
00712,復華富時不動產,40,1,39,華南永昌-虎尾,2023-12-04,9377
3105,穩懋,47,8,39,華南永昌-虎尾,2023-12-04,9377
8183,精星,40,1,39,華南永昌-虎尾,2023-12-04,9377
5347,世界,51,13,38,華南永昌-虎尾,2023-12-04,9377
2617,台航,38,5,33,華南永昌-虎尾,2023-12-04,9377
3265,台星科,33,1,32,華南永昌-虎尾,2023-12-04,9377
00655L,國泰中國A50正2,30,0,30,華南永昌-虎尾,2023-12-04,9377
2402,毅嘉,52,22,30,華南永昌-虎尾,2023-12-04,9377
3715,定穎投控,36,8,28,華南永昌-虎尾,2023-12-04,9377
9919,康那香,112,86,26,華南永昌-虎尾,2023-12-04,9377
2009,第一銅,29,4,25,華南永昌-虎尾,2023-12-04,9377
5519,隆大,21,0,21,華南永昌-虎尾,2023-12-04,9377
6116,彩晶,30,9,21,華南永昌-虎尾,2023-12-04,9377
3713,新晶投控,20,0,20,華南永昌-虎尾,2023-12-04,9377
5464,霖宏,20,0,20,華南永昌-虎尾,2023-12-04,9377
1605,華新,65,46,19,華南永昌-虎尾,2023-12-04,9377
2634,漢翔,20,4,16,華南永昌-虎尾,2023-12-04,9377
6122,擎邦,23,7,16,華南永昌-虎尾,2023-12-04,9377
1781,合世,15,0,15,華南永昌-虎尾,2023-12-04,9377
2485,兆赫,25,10,15,華南永昌-虎尾,2023-12-04,9377
3037,欣興,16,1,15,華南永昌-虎尾,2023-12-04,9377
3042,晶技,20,5,15,華南永昌-虎尾,2023-12-04,9377
3704,合勤控,30,15,15,華南永昌-虎尾,2023-12-04,9377
00669R,國泰美國道瓊反1,14,0,14,華南永昌-虎尾,2023-12-04,9377
2486,一詮,17,3,14,華南永昌-虎尾,2023-12-04,9377
4909,新復興,19,5,14,華南永昌-虎尾,2023-12-04,9377
6235,華孚,20,6,14,華南永昌-虎尾,2023-12-04,9377
6488,環球晶,14,0,14,華南永昌-虎尾,2023-12-04,9377
2601,益航,37,23,14,華南永昌-虎尾,2023-12-04,9377
3325,旭品,26,13,13,華南永昌-虎尾,2023-12-04,9377
00680L,元大美債20正2,13,0,13,華南永昌-虎尾,2023-12-04,9377
6288,聯嘉,15,2,13,華南永昌-虎尾,2023-12-04,9377
2457,飛宏,16,4,12,華南永昌-虎尾,2023-12-04,9377
2888,新光金,12,0,12,華南永昌-虎尾,2023-12-04,9377
6271,同欣電,12,0,12,華南永昌-虎尾,2023-12-04,9377
2027,大成鋼,206,11,195,華南永昌-虎尾,2023-12-05,9377
2617,台航,172,10,162,華南永昌-虎尾,2023-12-05,9377
00637L,元大滬深300正2,150,20,130,華南永昌-虎尾,2023-12-05,9377
00919,群益台灣精選高息,126,0,126,華南永昌-虎尾,2023-12-05,9377
2888,新光金,113,0,113,華南永昌-虎尾,2023-12-05,9377
00878,國泰永續高股息,115,6,109,華南永昌-虎尾,2023-12-05,9377
2547,日勝生,102,0,102,華南永昌-虎尾,2023-12-05,9377
2312,金寶,116,21,95,華南永昌-虎尾,2023-12-05,9377
00680L,元大美債20正2,90,0,90,華南永昌-虎尾,2023-12-05,9377
00715L,期街口布蘭特正2,89,0,89,華南永昌-虎尾,2023-12-05,9377
2641,正德,131,65,66,華南永昌-虎尾,2023-12-05,9377
1605,華新,71,6,65,華南永昌-虎尾,2023-12-05,9377
00664R,國泰臺灣加權反1,50,0,50,華南永昌-虎尾,2023-12-05,9377
1616,億泰,69,19,50,華南永昌-虎尾,2023-12-05,9377
3231,緯創,58,11,47,華南永昌-虎尾,2023-12-05,9377
00896,中信綠能及電動車,41,0,41,華南永昌-虎尾,2023-12-05,9377
2323,中環,80,40,40,華南永昌-虎尾,2023-12-05,9377
1514,亞力,77,39,38,華南永昌-虎尾,2023-12-05,9377
00687B,國泰20年美債,36,0,36,華南永昌-虎尾,2023-12-05,9377
6443,元晶,32,0,32,華南永昌-虎尾,2023-12-05,9377
00918,大華優利高填息30,31,0,31,華南永昌-虎尾,2023-12-05,9377
4157,太景*-KY,53,23,30,華南永昌-虎尾,2023-12-05,9377
2349,錸德,50,20,30,華南永昌-虎尾,2023-12-05,9377
00929,復華台灣科技優息,39,10,29,華南永昌-虎尾,2023-12-05,9377
2332,友訊,29,0,29,華南永昌-虎尾,2023-12-05,9377
5608,四維航,137,110,27,華南永昌-虎尾,2023-12-05,9377
2382,廣達,28,4,24,華南永昌-虎尾,2023-12-05,9377
8936,國統,23,0,23,華南永昌-虎尾,2023-12-05,9377
00751B,元大AAA至A公司債,22,0,22,華南永昌-虎尾,2023-12-05,9377
2337,旺宏,20,0,20,華南永昌-虎尾,2023-12-05,9377
1714,和桐,20,0,20,華南永昌-虎尾,2023-12-05,9377
2455,全新,20,0,20,華南永昌-虎尾,2023-12-05,9377
2461,光群雷,20,0,20,華南永昌-虎尾,2023-12-05,9377
3162,精確,20,0,20,華南永昌-虎尾,2023-12-05,9377
3047,訊舟,20,1,19,華南永昌-虎尾,2023-12-05,9377
2891,中信金,18,0,18,華南永昌-虎尾,2023-12-05,9377
00655L,國泰中國A50正2,18,0,18,華南永昌-虎尾,2023-12-05,9377
1402,遠東新,25,7,18,華南永昌-虎尾,2023-12-05,9377
1727,中華化,18,0,18,華南永昌-虎尾,2023-12-05,9377
2206,三陽工業,18,0,18,華南永昌-虎尾,2023-12-05,9377
4167,松瑞藥,43,26,17,華南永昌-虎尾,2023-12-05,9377
2344,華邦電,54,38,16,華南永昌-虎尾,2023-12-05,9377
00900,富邦特選高股息30,16,1,15,華南永昌-虎尾,2023-12-05,9377
00679B,元大美債20年,20,5,15,華南永昌-虎尾,2023-12-05,9377
5347,世界,23,8,15,華南永昌-虎尾,2023-12-05,9377
1460,宏遠,14,0,14,華南永昌-虎尾,2023-12-05,9377
1795,美時,19,5,14,華南永昌-虎尾,2023-12-05,9377
4939,亞電,16,2,14,華南永昌-虎尾,2023-12-05,9377
6806,森崴能源,27,13,14,華南永昌-虎尾,2023-12-05,9377
2313,華通,14,0,14,華南永昌-虎尾,2023-12-05,9377
00665L,富邦�琤肭磪囓�2,180,0,180,華南永昌-虎尾,2023-12-06,9377
1612,宏泰,127,0,127,華南永昌-虎尾,2023-12-06,9377
5328,華容,120,2,118,華南永昌-虎尾,2023-12-06,9377
00637L,元大滬深300正2,171,66,105,華南永昌-虎尾,2023-12-06,9377
3047,訊舟,100,5,95,華南永昌-虎尾,2023-12-06,9377
2349,錸德,152,70,82,華南永昌-虎尾,2023-12-06,9377
2547,日勝生,66,0,66,華南永昌-虎尾,2023-12-06,9377
3481,群創,52,0,52,華南永昌-虎尾,2023-12-06,9377
00715L,期街口布蘭特正2,51,0,51,華南永昌-虎尾,2023-12-06,9377
4960,誠美材,50,0,50,華南永昌-虎尾,2023-12-06,9377
2329,華泰,121,73,48,華南永昌-虎尾,2023-12-06,9377
8358,金居,53,5,48,華南永昌-虎尾,2023-12-06,9377
00655L,國泰中國A50正2,66,28,38,華南永昌-虎尾,2023-12-06,9377
2371,大同,41,3,38,華南永昌-虎尾,2023-12-06,9377
1513,中興電,57,19,38,華南永昌-虎尾,2023-12-06,9377
00919,群益台灣精選高息,40,3,37,華南永昌-虎尾,2023-12-06,9377
2419,仲琦,52,16,36,華南永昌-虎尾,2023-12-06,9377
9945,潤泰新,39,3,36,華南永昌-虎尾,2023-12-06,9377
00680L,元大美債20正2,40,5,35,華南永昌-虎尾,2023-12-06,9377
00937B,群益ESG投等債20,53,20,33,華南永昌-虎尾,2023-12-06,9377
00936,台新永續高息中小,30,0,30,華南永昌-虎尾,2023-12-06,9377
2543,皇昌,29,2,27,華南永昌-虎尾,2023-12-06,9377
2485,兆赫,51,25,26,華南永昌-虎尾,2023-12-06,9377
2867,三商壽,30,5,25,華南永昌-虎尾,2023-12-06,9377
1503,士電,45,21,24,華南永昌-虎尾,2023-12-06,9377
2367,燿華,44,21,23,華南永昌-虎尾,2023-12-06,9377
6282,康舒,21,1,20,華南永昌-虎尾,2023-12-06,9377
2409,友達,29,10,19,華南永昌-虎尾,2023-12-06,9377
3264,欣銓,22,4,18,華南永昌-虎尾,2023-12-06,9377
3317,尼克森,20,2,18,華南永昌-虎尾,2023-12-06,9377
5351,鈺創,20,2,18,華南永昌-虎尾,2023-12-06,9377
6213,聯茂,18,0,18,華南永昌-虎尾,2023-12-06,9377
00679B,元大美債20年,22,5,17,華南永昌-虎尾,2023-12-06,9377
1605,華新,17,0,17,華南永昌-虎尾,2023-12-06,9377
00753L,中信中國50正2,19,3,16,華南永昌-虎尾,2023-12-06,9377
2347,聯強,15,0,15,華南永昌-虎尾,2023-12-06,9377
2609,陽明,44,29,15,華南永昌-虎尾,2023-12-06,9377
00929,復華台灣科技優息,18,4,14,華南永昌-虎尾,2023-12-06,9377
5426,振發,22,8,14,華南永昌-虎尾,2023-12-06,9377
2457,飛宏,14,0,14,華南永昌-虎尾,2023-12-06,9377
2486,一詮,15,2,13,華南永昌-虎尾,2023-12-06,9377
3228,金麗科,14,1,13,華南永昌-虎尾,2023-12-06,9377
6122,擎邦,19,6,13,華南永昌-虎尾,2023-12-06,9377
2344,華邦電,36,23,13,華南永昌-虎尾,2023-12-06,9377
8068,全達,13,1,12,華南永昌-虎尾,2023-12-06,9377
00918,大華優利高填息30,11,0,11,華南永昌-虎尾,2023-12-06,9377
1584,精剛,11,0,11,華南永昌-虎尾,2023-12-06,9377
5213,亞昕,11,0,11,華南永昌-虎尾,2023-12-06,9377
5511,德昌,11,0,11,華南永昌-虎尾,2023-12-06,9377
1301,台塑,10,0,10,華南永昌-虎尾,2023-12-06,9377
00937B,群益ESG投等債20,295,5,290,華南永昌-虎尾,2023-12-07,9377
00688L,國泰20年美債正2,255,18,237,華南永昌-虎尾,2023-12-07,9377
2801,彰銀,212,0,212,華南永昌-虎尾,2023-12-07,9377
00687B,國泰20年美債,201,0,201,華南永昌-虎尾,2023-12-07,9377
2376,技嘉,146,17,129,華南永昌-虎尾,2023-12-07,9377
3231,緯創,226,120,106,華南永昌-虎尾,2023-12-07,9377
00715L,期街口布蘭特正2,104,0,104,華南永昌-虎尾,2023-12-07,9377
2888,新光金,100,2,98,華南永昌-虎尾,2023-12-07,9377
2891,中信金,76,15,61,華南永昌-虎尾,2023-12-07,9377
00753L,中信中國50正2,77,17,60,華南永昌-虎尾,2023-12-07,9377
1513,中興電,86,32,54,華南永昌-虎尾,2023-12-07,9377
3050,鈺德,90,40,50,華南永昌-虎尾,2023-12-07,9377
00933B,國泰10Y+金融債,44,0,44,華南永昌-虎尾,2023-12-07,9377
3041,揚智,89,48,41,華南永昌-虎尾,2023-12-07,9377
3715,定穎投控,43,9,34,華南永昌-虎尾,2023-12-07,9377
2890,永豐金,31,0,31,華南永昌-虎尾,2023-12-07,9377
00712,復華富時不動產,36,5,31,華南永昌-虎尾,2023-12-07,9377
00680L,元大美債20正2,70,40,30,華南永昌-虎尾,2023-12-07,9377
9919,康那香,30,0,30,華南永昌-虎尾,2023-12-07,9377
00919,群益台灣精選高息,64,34,30,華南永昌-虎尾,2023-12-07,9377
3481,群創,59,30,29,華南永昌-虎尾,2023-12-07,9377
2883,凱基金,32,5,27,華南永昌-虎尾,2023-12-07,9377
4157,太景*-KY,37,10,27,華南永昌-虎尾,2023-12-07,9377
1503,士電,38,11,27,華南永昌-虎尾,2023-12-07,9377
3059,華晶科,32,8,24,華南永昌-虎尾,2023-12-07,9377
00637L,元大滬深300正2,99,76,23,華南永昌-虎尾,2023-12-07,9377
2314,台揚,23,1,22,華南永昌-虎尾,2023-12-07,9377
2399,映泰,241,221,20,華南永昌-虎尾,2023-12-07,9377
6185,幃翔,20,0,20,華南永昌-虎尾,2023-12-07,9377
00642U,期元大S＆P石油,19,0,19,華南永昌-虎尾,2023-12-07,9377
00882,中信中國高股息,18,0,18,華南永昌-虎尾,2023-12-07,9377
00679B,元大美債20年,26,8,18,華南永昌-虎尾,2023-12-07,9377
1618,合機,25,7,18,華南永昌-虎尾,2023-12-07,9377
4571,鈞興-KY,18,0,18,華南永昌-虎尾,2023-12-07,9377
1815,富喬,17,0,17,華南永昌-虎尾,2023-12-07,9377
3013,晟銘電,37,20,17,華南永昌-虎尾,2023-12-07,9377
2324,仁寶,17,1,16,華南永昌-虎尾,2023-12-07,9377
2419,仲琦,21,5,16,華南永昌-虎尾,2023-12-07,9377
5521,工信,20,5,15,華南永昌-虎尾,2023-12-07,9377
2323,中環,80,65,15,華南永昌-虎尾,2023-12-07,9377
2417,圓剛,15,0,15,華南永昌-虎尾,2023-12-07,9377
2329,華泰,59,45,14,華南永昌-虎尾,2023-12-07,9377
1609,大亞,60,46,14,華南永昌-虎尾,2023-12-07,9377
00720B,元大投資級公司債,14,1,13,華南永昌-虎尾,2023-12-07,9377
1319,東陽,38,25,13,華南永昌-虎尾,2023-12-07,9377
1616,億泰,31,18,13,華南永昌-虎尾,2023-12-07,9377
8054,安國,22,9,13,華南永昌-虎尾,2023-12-07,9377
1611,中電,24,11,13,華南永昌-虎尾,2023-12-07,9377
00655L,國泰中國A50正2,50,38,12,華南永昌-虎尾,2023-12-07,9377
2605,新興,49,37,12,華南永昌-虎尾,2023-12-07,9377
6443,元晶,394,0,394,華南永昌-虎尾,2023-12-08,9377
00937B,群益ESG投等債20,360,14,346,華南永昌-虎尾,2023-12-08,9377
00935,野村臺灣新科技50,325,21,304,華南永昌-虎尾,2023-12-08,9377
2888,新光金,168,0,168,華南永昌-虎尾,2023-12-08,9377
00687B,國泰20年美債,134,0,134,華南永昌-虎尾,2023-12-08,9377
9105,泰金寶-DR,134,0,134,華南永昌-虎尾,2023-12-08,9377
2376,技嘉,132,17,115,華南永昌-虎尾,2023-12-08,9377
00929,復華台灣科技優息,115,5,110,華南永昌-虎尾,2023-12-08,9377
00655L,國泰中國A50正2,75,0,75,華南永昌-虎尾,2023-12-08,9377
00715L,期街口布蘭特正2,71,1,70,華南永昌-虎尾,2023-12-08,9377
2485,兆赫,87,18,69,華南永昌-虎尾,2023-12-08,9377
3043,科風,53,0,53,華南永昌-虎尾,2023-12-08,9377
00680L,元大美債20正2,50,0,50,華南永昌-虎尾,2023-12-08,9377
2905,三商,45,0,45,華南永昌-虎尾,2023-12-08,9377
4571,鈞興-KY,38,0,38,華南永昌-虎尾,2023-12-08,9377
00757,統一FANG+,37,0,37,華南永昌-虎尾,2023-12-08,9377
9919,康那香,34,3,31,華南永昌-虎尾,2023-12-08,9377
00712,復華富時不動產,30,0,30,華南永昌-虎尾,2023-12-08,9377
1714,和桐,30,0,30,華南永昌-虎尾,2023-12-08,9377
2543,皇昌,30,0,30,華南永昌-虎尾,2023-12-08,9377
2472,立隆電,35,6,29,華南永昌-虎尾,2023-12-08,9377
8112,至上,36,9,27,華南永昌-虎尾,2023-12-08,9377
6024,群益期,26,0,26,華南永昌-虎尾,2023-12-08,9377
3390,旭軟,28,3,25,華南永昌-虎尾,2023-12-08,9377
3481,群創,43,18,25,華南永昌-虎尾,2023-12-08,9377
00919,群益台灣精選高息,27,4,23,華南永昌-虎尾,2023-12-08,9377
8034,榮群,22,0,22,華南永昌-虎尾,2023-12-08,9377
00688L,國泰20年美債正2,21,0,21,華南永昌-虎尾,2023-12-08,9377
2344,華邦電,24,3,21,華南永昌-虎尾,2023-12-08,9377
6244,茂迪,22,1,21,華南永昌-虎尾,2023-12-08,9377
2605,新興,109,91,18,華南永昌-虎尾,2023-12-08,9377
2617,台航,18,0,18,華南永昌-虎尾,2023-12-08,9377
4440,宜新實業,16,0,16,華南永昌-虎尾,2023-12-08,9377
00918,大華優利高填息30,15,0,15,華南永昌-虎尾,2023-12-08,9377
3715,定穎投控,19,4,15,華南永昌-虎尾,2023-12-08,9377
6243,迅杰,32,18,14,華南永昌-虎尾,2023-12-08,9377
1711,永光,14,0,14,華南永昌-虎尾,2023-12-08,9377
00679B,元大美債20年,15,2,13,華南永昌-虎尾,2023-12-08,9377
5222,全訊,12,0,12,華南永昌-虎尾,2023-12-08,9377
1504,東元,14,2,12,華南永昌-虎尾,2023-12-08,9377
2399,映泰,83,71,12,華南永昌-虎尾,2023-12-08,9377
2606,裕民,14,2,12,華南永昌-虎尾,2023-12-08,9377
6148,驊宏資,13,1,12,華南永昌-虎尾,2023-12-08,9377
2601,益航,11,0,11,華南永昌-虎尾,2023-12-08,9377
2409,友達,15,4,11,華南永昌-虎尾,2023-12-08,9377
3013,晟銘電,21,10,11,華南永昌-虎尾,2023-12-08,9377
3062,建漢,12,1,11,華南永昌-虎尾,2023-12-08,9377
00901,永豐智能車供應鏈,10,0,10,華南永昌-虎尾,2023-12-08,9377
1805,寶徠,10,0,10,華南永昌-虎尾,2023-12-08,9377
1810,和成,10,0,10,華南永昌-虎尾,2023-12-08,9377
2365,昆盈,130,21,109,華南永昌-虎尾,2023-12-11,9377
2323,中環,102,0,102,華南永昌-虎尾,2023-12-11,9377
00937B,群益ESG投等債20,99,2,97,華南永昌-虎尾,2023-12-11,9377
00919,群益台灣精選高息,93,0,93,華南永昌-虎尾,2023-12-11,9377
2888,新光金,93,0,93,華南永昌-虎尾,2023-12-11,9377
00753L,中信中國50正2,185,100,85,華南永昌-虎尾,2023-12-11,9377
2376,技嘉,196,124,72,華南永昌-虎尾,2023-12-11,9377
2382,廣達,84,14,70,華南永昌-虎尾,2023-12-11,9377
2605,新興,72,8,64,華南永昌-虎尾,2023-12-11,9377
1524,耿鼎,82,25,57,華南永昌-虎尾,2023-12-11,9377
1785,光洋科,55,0,55,華南永昌-虎尾,2023-12-11,9377
00687B,國泰20年美債,50,0,50,華南永昌-虎尾,2023-12-11,9377
2883,凱基金,52,5,47,華南永昌-虎尾,2023-12-11,9377
4906,正文,41,0,41,華南永昌-虎尾,2023-12-11,9377
00720B,元大投資級公司債,41,0,41,華南永昌-虎尾,2023-12-11,9377
2313,華通,42,2,40,華南永昌-虎尾,2023-12-11,9377
9919,康那香,45,7,38,華南永昌-虎尾,2023-12-11,9377
2867,三商壽,35,0,35,華南永昌-虎尾,2023-12-11,9377
6282,康舒,36,2,34,華南永昌-虎尾,2023-12-11,9377
2353,宏��,43,10,33,華南永昌-虎尾,2023-12-11,9377
2206,三陽工業,45,13,32,華南永昌-虎尾,2023-12-11,9377
3050,鈺德,50,20,30,華南永昌-虎尾,2023-12-11,9377
2425,承啟,35,7,28,華南永昌-虎尾,2023-12-11,9377
00882,中信中國高股息,29,2,27,華南永昌-虎尾,2023-12-11,9377
2392,正崴,27,4,23,華南永昌-虎尾,2023-12-11,9377
2337,旺宏,20,0,20,華南永昌-虎尾,2023-12-11,9377
2002,中鋼,20,0,20,華南永昌-虎尾,2023-12-11,9377
00933B,國泰10Y+金融債,20,0,20,華南永昌-虎尾,2023-12-11,9377
2006,東和鋼鐵,21,1,20,華南永昌-虎尾,2023-12-11,9377
8176,智捷,20,0,20,華南永昌-虎尾,2023-12-11,9377
3438,類比科,19,0,19,華南永昌-虎尾,2023-12-11,9377
2388,威盛,32,15,17,華南永昌-虎尾,2023-12-11,9377
6244,茂迪,22,5,17,華南永昌-虎尾,2023-12-11,9377
00706L,期元大S＆P日圓正2,16,0,16,華南永昌-虎尾,2023-12-11,9377
00688L,國泰20年美債正2,16,0,16,華南永昌-虎尾,2023-12-11,9377
4904,遠傳,16,0,16,華南永昌-虎尾,2023-12-11,9377
5608,四維航,16,0,16,華南永昌-虎尾,2023-12-11,9377
4306,炎洲,20,5,15,華南永昌-虎尾,2023-12-11,9377
3715,定穎投控,25,11,14,華南永昌-虎尾,2023-12-11,9377
3374,精材,14,0,14,華南永昌-虎尾,2023-12-11,9377
1605,華新,14,0,14,華南永昌-虎尾,2023-12-11,9377
00680L,元大美債20正2,13,0,13,華南永昌-虎尾,2023-12-11,9377
2355,敬鵬,16,3,13,華南永昌-虎尾,2023-12-11,9377
6122,擎邦,12,0,12,華南永昌-虎尾,2023-12-11,9377
00934,中信成長高股息,12,0,12,華南永昌-虎尾,2023-12-11,9377
1515,力山,13,2,11,華南永昌-虎尾,2023-12-11,9377
2029,盛餘,11,0,11,華南永昌-虎尾,2023-12-11,9377
6279,胡連,11,0,11,華南永昌-虎尾,2023-12-11,9377
6443,元晶,11,0,11,華南永昌-虎尾,2023-12-11,9377
6589,台康生技,11,0,11,華南永昌-虎尾,2023-12-11,9377
9105,泰金寶-DR,437,100,337,華南永昌-虎尾,2023-12-12,9377
00929,復華台灣科技優息,314,84,230,華南永昌-虎尾,2023-12-12,9377
00919,群益台灣精選高息,220,11,209,華南永昌-虎尾,2023-12-12,9377
2618,長榮航,167,24,143,華南永昌-虎尾,2023-12-12,9377
8096,擎亞,181,41,140,華南永昌-虎尾,2023-12-12,9377
8110,華東,125,0,125,華南永昌-虎尾,2023-12-12,9377
6026,福邦證,112,0,112,華南永昌-虎尾,2023-12-12,9377
5521,工信,477,389,88,華南永昌-虎尾,2023-12-12,9377
00680L,元大美債20正2,62,0,62,華南永昌-虎尾,2023-12-12,9377
3481,群創,82,27,55,華南永昌-虎尾,2023-12-12,9377
2323,中環,70,20,50,華南永昌-虎尾,2023-12-12,9377
3231,緯創,60,10,50,華南永昌-虎尾,2023-12-12,9377
2376,技嘉,99,54,45,華南永昌-虎尾,2023-12-12,9377
2313,華通,50,7,43,華南永昌-虎尾,2023-12-12,9377
1217,愛之味,38,0,38,華南永昌-虎尾,2023-12-12,9377
2353,宏��,39,1,38,華南永昌-虎尾,2023-12-12,9377
00918,大華優利高填息30,37,1,36,華南永昌-虎尾,2023-12-12,9377
3504,揚明光,36,0,36,華南永昌-虎尾,2023-12-12,9377
00720B,元大投資級公司債,30,0,30,華南永昌-虎尾,2023-12-12,9377
2034,允強,30,0,30,華南永昌-虎尾,2023-12-12,9377
2426,鼎元,30,0,30,華南永昌-虎尾,2023-12-12,9377
3050,鈺德,30,0,30,華南永昌-虎尾,2023-12-12,9377
3483,力致,33,4,29,華南永昌-虎尾,2023-12-12,9377
2913,農林,28,0,28,華南永昌-虎尾,2023-12-12,9377
00687B,國泰20年美債,23,0,23,華南永昌-虎尾,2023-12-12,9377
6856,鑫傳,22,0,22,華南永昌-虎尾,2023-12-12,9377
2610,華航,36,15,21,華南永昌-虎尾,2023-12-12,9377
2880,華南金,21,0,21,華南永昌-虎尾,2023-12-12,9377
2367,燿華,20,0,20,華南永昌-虎尾,2023-12-12,9377
2383,台光電,20,0,20,華南永昌-虎尾,2023-12-12,9377
2002,中鋼,18,0,18,華南永昌-虎尾,2023-12-12,9377
5347,世界,22,4,18,華南永昌-虎尾,2023-12-12,9377
1904,正隆,20,2,18,華南永昌-虎尾,2023-12-12,9377
2368,金像電,21,3,18,華南永昌-虎尾,2023-12-12,9377
2867,三商壽,17,0,17,華南永昌-虎尾,2023-12-12,9377
1609,大亞,36,21,15,華南永昌-虎尾,2023-12-12,9377
2329,華泰,52,38,14,華南永昌-虎尾,2023-12-12,9377
2337,旺宏,15,1,14,華南永昌-虎尾,2023-12-12,9377
5609,中菲行,16,3,13,華南永昌-虎尾,2023-12-12,9377
4157,太景*-KY,17,5,12,華南永昌-虎尾,2023-12-12,9377
5706,鳳凰,12,0,12,華南永昌-虎尾,2023-12-12,9377
2486,一詮,19,7,12,華南永昌-虎尾,2023-12-12,9377
4967,十銓,37,25,12,華南永昌-虎尾,2023-12-12,9377
5608,四維航,12,0,12,華南永昌-虎尾,2023-12-12,9377
1504,東元,11,0,11,華南永昌-虎尾,2023-12-12,9377
00795B,中信美國公債20年,11,0,11,華南永昌-虎尾,2023-12-12,9377
00900,富邦特選高股息30,11,0,11,華南永昌-虎尾,2023-12-12,9377
00915,凱基優選高股息30,11,0,11,華南永昌-虎尾,2023-12-12,9377
1618,合機,28,17,11,華南永昌-虎尾,2023-12-12,9377
1773,勝一,11,0,11,華南永昌-虎尾,2023-12-12,9377
00937B,群益ESG投等債20,236,20,216,華南永昌-虎尾,2023-12-13,9377
3050,鈺德,215,6,209,華南永昌-虎尾,2023-12-13,9377
00929,復華台灣科技優息,186,41,145,華南永昌-虎尾,2023-12-13,9377
00637L,元大滬深300正2,115,10,105,華南永昌-虎尾,2023-12-13,9377
2402,毅嘉,112,11,101,華南永昌-虎尾,2023-12-13,9377
00715L,期街口布蘭特正2,106,12,94,華南永昌-虎尾,2023-12-13,9377
1584,精剛,139,48,91,華南永昌-虎尾,2023-12-13,9377
00919,群益台灣精選高息,105,35,70,華南永昌-虎尾,2023-12-13,9377
00882,中信中國高股息,56,0,56,華南永昌-虎尾,2023-12-13,9377
2888,新光金,58,3,55,華南永昌-虎尾,2023-12-13,9377
00671R,富邦NASDAQ反1,50,0,50,華南永昌-虎尾,2023-12-13,9377
00680L,元大美債20正2,50,0,50,華南永昌-虎尾,2023-12-13,9377
3035,智原,55,18,37,華南永昌-虎尾,2023-12-13,9377
6282,康舒,48,13,35,華南永昌-虎尾,2023-12-13,9377
8112,至上,46,14,32,華南永昌-虎尾,2023-12-13,9377
00648R,元大S＆P500反1,32,0,32,華南永昌-虎尾,2023-12-13,9377
00933B,國泰10Y+金融債,31,0,31,華南永昌-虎尾,2023-12-13,9377
8183,精星,30,0,30,華南永昌-虎尾,2023-12-13,9377
00918,大華優利高填息30,31,2,29,華南永昌-虎尾,2023-12-13,9377
2880,華南金,27,0,27,華南永昌-虎尾,2023-12-13,9377
3083,網龍,25,0,25,華南永昌-虎尾,2023-12-13,9377
2516,新建,24,0,24,華南永昌-虎尾,2023-12-13,9377
3003,健和興,45,22,23,華南永昌-虎尾,2023-12-13,9377
2892,第一金,22,0,22,華南永昌-虎尾,2023-12-13,9377
1618,合機,27,6,21,華南永昌-虎尾,2023-12-13,9377
00900,富邦特選高股息30,67,47,20,華南永昌-虎尾,2023-12-13,9377
2867,三商壽,39,20,19,華南永昌-虎尾,2023-12-13,9377
6104,創惟,20,1,19,華南永昌-虎尾,2023-12-13,9377
1905,華紙,19,0,19,華南永昌-虎尾,2023-12-13,9377
5347,世界,22,5,17,華南永昌-虎尾,2023-12-13,9377
1303,南亞,19,2,17,華南永昌-虎尾,2023-12-13,9377
2610,華航,23,6,17,華南永昌-虎尾,2023-12-13,9377
3481,群創,23,7,16,華南永昌-虎尾,2023-12-13,9377
00753L,中信中國50正2,16,0,16,華南永昌-虎尾,2023-12-13,9377
6016,康和證,15,0,15,華南永昌-虎尾,2023-12-13,9377
5324,士開,15,0,15,華南永昌-虎尾,2023-12-13,9377
6901,鑽石投資,15,0,15,華南永昌-虎尾,2023-12-13,9377
2353,宏��,27,13,14,華南永昌-虎尾,2023-12-13,9377
2002,中鋼,13,0,13,華南永昌-虎尾,2023-12-13,9377
00687B,國泰20年美債,13,0,13,華南永昌-虎尾,2023-12-13,9377
6418,詠昇,13,0,13,華南永昌-虎尾,2023-12-13,9377
00633L,富邦上証正2,12,0,12,華南永昌-虎尾,2023-12-13,9377
00738U,期元大道瓊白銀,12,0,12,華南永昌-虎尾,2023-12-13,9377
2369,菱生,15,3,12,華南永昌-虎尾,2023-12-13,9377
2419,仲琦,28,16,12,華南永昌-虎尾,2023-12-13,9377
2905,三商,14,2,12,華南永昌-虎尾,2023-12-13,9377
2204,中華,25,13,12,華南永昌-虎尾,2023-12-13,9377
1101,台泥,13,2,11,華南永昌-虎尾,2023-12-13,9377
2344,華邦電,25,14,11,華南永昌-虎尾,2023-12-13,9377
00720B,元大投資級公司債,11,0,11,華南永昌-虎尾,2023-12-13,9377
00715L,期街口布蘭特正2,192,9,183,華南永昌-虎尾,2023-12-14,9377
00936,台新永續高息中小,174,1,173,華南永昌-虎尾,2023-12-14,9377
0055,元大MSCI金融,93,1,92,華南永昌-虎尾,2023-12-14,9377
3605,宏致,93,1,92,華南永昌-虎尾,2023-12-14,9377
00680L,元大美債20正2,108,35,73,華南永昌-虎尾,2023-12-14,9377
3264,欣銓,61,0,61,華南永昌-虎尾,2023-12-14,9377
2363,矽統,172,113,59,華南永昌-虎尾,2023-12-14,9377
00688L,國泰20年美債正2,63,15,48,華南永昌-虎尾,2023-12-14,9377
00687B,國泰20年美債,47,1,46,華南永昌-虎尾,2023-12-14,9377
2108,南帝,45,0,45,華南永昌-虎尾,2023-12-14,9377
2444,兆勁,40,0,40,華南永昌-虎尾,2023-12-14,9377
3481,群創,40,1,39,華南永昌-虎尾,2023-12-14,9377
6122,擎邦,51,17,34,華南永昌-虎尾,2023-12-14,9377
8011,台通,45,11,34,華南永昌-虎尾,2023-12-14,9377
00934,中信成長高股息,32,0,32,華南永昌-虎尾,2023-12-14,9377
6168,宏齊,33,1,32,華南永昌-虎尾,2023-12-14,9377
2332,友訊,40,10,30,華南永昌-虎尾,2023-12-14,9377
00919,群益台灣精選高息,117,88,29,華南永昌-虎尾,2023-12-14,9377
2913,農林,31,2,29,華南永昌-虎尾,2023-12-14,9377
2485,兆赫,56,27,29,華南永昌-虎尾,2023-12-14,9377
2329,華泰,42,15,27,華南永昌-虎尾,2023-12-14,9377
2449,京元電子,28,4,24,華南永昌-虎尾,2023-12-14,9377
00933B,國泰10Y+金融債,23,0,23,華南永昌-虎尾,2023-12-14,9377
3047,訊舟,23,0,23,華南永昌-虎尾,2023-12-14,9377
1615,大山,20,0,20,華南永昌-虎尾,2023-12-14,9377
4916,事欣科,20,0,20,華南永昌-虎尾,2023-12-14,9377
5488,松普,20,0,20,華南永昌-虎尾,2023-12-14,9377
8936,國統,19,0,19,華南永昌-虎尾,2023-12-14,9377
2353,宏��,31,12,19,華南永昌-虎尾,2023-12-14,9377
2365,昆盈,271,252,19,華南永昌-虎尾,2023-12-14,9377
00648R,元大S＆P500反1,18,0,18,華南永昌-虎尾,2023-12-14,9377
2426,鼎元,20,2,18,華南永昌-虎尾,2023-12-14,9377
00720B,元大投資級公司債,16,0,16,華南永昌-虎尾,2023-12-14,9377
2609,陽明,18,3,15,華南永昌-虎尾,2023-12-14,9377
00637L,元大滬深300正2,65,50,15,華南永昌-虎尾,2023-12-14,9377
2484,希華,15,0,15,華南永昌-虎尾,2023-12-14,9377
9802,鈺齊-KY,15,0,15,華南永昌-虎尾,2023-12-14,9377
4543,萬在,15,1,14,華南永昌-虎尾,2023-12-14,9377
6133,金橋,14,0,14,華南永昌-虎尾,2023-12-14,9377
2436,偉詮電,12,0,12,華南永昌-虎尾,2023-12-14,9377
3630,新鉅科,20,8,12,華南永昌-虎尾,2023-12-14,9377
5351,鈺創,19,7,12,華南永昌-虎尾,2023-12-14,9377
8043,蜜望實,12,0,12,華南永昌-虎尾,2023-12-14,9377
2204,中華,17,5,12,華南永昌-虎尾,2023-12-14,9377
00882,中信中國高股息,11,0,11,華南永昌-虎尾,2023-12-14,9377
00931B,統一美債20年,11,0,11,華南永昌-虎尾,2023-12-14,9377
00885,富邦越南,11,0,11,華南永昌-虎尾,2023-12-14,9377
1524,耿鼎,11,0,11,華南永昌-虎尾,2023-12-14,9377
2617,台航,11,0,11,華南永昌-虎尾,2023-12-14,9377
3105,穩懋,14,3,11,華南永昌-虎尾,2023-12-14,9377
2356,英業達,310,171,139,華南永昌-虎尾,2023-12-15,9377
00904,新光臺灣半導體30,138,0,138,華南永昌-虎尾,2023-12-15,9377
00936,台新永續高息中小,108,2,106,華南永昌-虎尾,2023-12-15,9377
3265,台星科,108,4,104,華南永昌-虎尾,2023-12-15,9377
00687B,國泰20年美債,85,2,83,華南永昌-虎尾,2023-12-15,9377
00680L,元大美債20正2,98,25,73,華南永昌-虎尾,2023-12-15,9377
3050,鈺德,71,0,71,華南永昌-虎尾,2023-12-15,9377
2367,燿華,55,0,55,華南永昌-虎尾,2023-12-15,9377
2883,凱基金,101,50,51,華南永昌-虎尾,2023-12-15,9377
00922,國泰台灣領袖50,50,5,45,華南永昌-虎尾,2023-12-15,9377
00632R,元大台灣50反1,41,0,41,華南永昌-虎尾,2023-12-15,9377
1802,台玻,40,1,39,華南永昌-虎尾,2023-12-15,9377
2610,華航,50,11,39,華南永昌-虎尾,2023-12-15,9377
00919,群益台灣精選高息,94,55,39,華南永昌-虎尾,2023-12-15,9377
6133,金橋,36,0,36,華南永昌-虎尾,2023-12-15,9377
2402,毅嘉,36,1,35,華南永昌-虎尾,2023-12-15,9377
00637L,元大滬深300正2,95,65,30,華南永昌-虎尾,2023-12-15,9377
2353,宏��,47,17,30,華南永昌-虎尾,2023-12-15,9377
2897,王道銀行,30,0,30,華南永昌-虎尾,2023-12-15,9377
6168,宏齊,41,11,30,華南永昌-虎尾,2023-12-15,9377
00751B,元大AAA至A公司債,25,0,25,華南永昌-虎尾,2023-12-15,9377
2206,三陽工業,25,0,25,華南永昌-虎尾,2023-12-15,9377
3481,群創,30,7,23,華南永昌-虎尾,2023-12-15,9377
1815,富喬,60,37,23,華南永昌-虎尾,2023-12-15,9377
00673R,期元大S＆P原油反1,22,0,22,華南永昌-虎尾,2023-12-15,9377
2641,正德,22,0,22,華南永昌-虎尾,2023-12-15,9377
1312,國喬,25,4,21,華南永昌-虎尾,2023-12-15,9377
4207,環泰,21,0,21,華南永昌-虎尾,2023-12-15,9377
8176,智捷,21,0,21,華南永昌-虎尾,2023-12-15,9377
0056,元大高股息,20,0,20,華南永昌-虎尾,2023-12-15,9377
5355,佳總,25,5,20,華南永昌-虎尾,2023-12-15,9377
00933B,國泰10Y+金融債,19,0,19,華南永昌-虎尾,2023-12-15,9377
3706,神達,18,0,18,華南永昌-虎尾,2023-12-15,9377
00918,大華優利高填息30,40,22,18,華南永昌-虎尾,2023-12-15,9377
00857B,永豐20年美公債,18,0,18,華南永昌-虎尾,2023-12-15,9377
1609,大亞,22,4,18,華南永昌-虎尾,2023-12-15,9377
6233,旺玖,26,9,17,華南永昌-虎尾,2023-12-15,9377
2630,亞航,20,4,16,華南永昌-虎尾,2023-12-15,9377
2010,春源,18,3,15,華南永昌-虎尾,2023-12-15,9377
2329,華泰,17,2,15,華南永昌-虎尾,2023-12-15,9377
2603,長榮,22,9,13,華南永昌-虎尾,2023-12-15,9377
00930,永豐ESG低碳高息,12,0,12,華南永昌-虎尾,2023-12-15,9377
3372,典範,12,0,12,華南永昌-虎尾,2023-12-15,9377
1301,台塑,12,0,12,華南永昌-虎尾,2023-12-15,9377
1615,大山,11,0,11,華南永昌-虎尾,2023-12-15,9377
2359,所羅門,11,0,11,華南永昌-虎尾,2023-12-15,9377
5258,虹堡,11,0,11,華南永昌-虎尾,2023-12-15,9377
6547,高端疫苗,11,0,11,華南永昌-虎尾,2023-12-15,9377
00679B,元大美債20年,17,6,11,華南永昌-虎尾,2023-12-15,9377
3231,緯創,36,26,10,華南永昌-虎尾,2023-12-15,9377
00688L,國泰20年美債正2,349,19,330,華南永昌-虎尾,2023-12-18,9377
2610,華航,219,15,204,華南永昌-虎尾,2023-12-18,9377
00680L,元大美債20正2,179,22,157,華南永昌-虎尾,2023-12-18,9377
2382,廣達,128,12,116,華南永昌-虎尾,2023-12-18,9377
5608,四維航,100,0,100,華南永昌-虎尾,2023-12-18,9377
00919,群益台灣精選高息,137,54,83,華南永昌-虎尾,2023-12-18,9377
2834,臺企銀,70,0,70,華南永昌-虎尾,2023-12-18,9377
2897,王道銀行,60,0,60,華南永昌-虎尾,2023-12-18,9377
00720B,元大投資級公司債,50,0,50,華南永昌-虎尾,2023-12-18,9377
1802,台玻,46,0,46,華南永昌-虎尾,2023-12-18,9377
2617,台航,40,0,40,華南永昌-虎尾,2023-12-18,9377
3325,旭品,40,0,40,華南永昌-虎尾,2023-12-18,9377
006208,富邦台50,35,0,35,華南永昌-虎尾,2023-12-18,9377
8103,瀚荃,36,1,35,華南永昌-虎尾,2023-12-18,9377
6168,宏齊,30,0,30,華南永昌-虎尾,2023-12-18,9377
2409,友達,29,0,29,華南永昌-虎尾,2023-12-18,9377
2605,新興,206,178,28,華南永昌-虎尾,2023-12-18,9377
2612,中航,38,10,28,華南永昌-虎尾,2023-12-18,9377
3037,欣興,28,0,28,華南永昌-虎尾,2023-12-18,9377
6263,普萊德,26,0,26,華南永昌-虎尾,2023-12-18,9377
6182,合晶,25,0,25,華南永昌-虎尾,2023-12-18,9377
00687B,國泰20年美債,24,0,24,華南永昌-虎尾,2023-12-18,9377
2023,燁輝,29,5,24,華南永昌-虎尾,2023-12-18,9377
3715,定穎投控,34,12,22,華南永昌-虎尾,2023-12-18,9377
2884,玉山金,21,0,21,華南永昌-虎尾,2023-12-18,9377
00922,國泰台灣領袖50,20,0,20,華南永昌-虎尾,2023-12-18,9377
2630,亞航,21,1,20,華南永昌-虎尾,2023-12-18,9377
00900,富邦特選高股息30,22,3,19,華南永昌-虎尾,2023-12-18,9377
3228,金麗科,20,1,19,華南永昌-虎尾,2023-12-18,9377
5521,工信,33,16,17,華南永昌-虎尾,2023-12-18,9377
3047,訊舟,27,10,17,華南永昌-虎尾,2023-12-18,9377
2611,志信,18,2,16,華南永昌-虎尾,2023-12-18,9377
1605,華新,100,85,15,華南永昌-虎尾,2023-12-18,9377
5469,瀚宇博,15,0,15,華南永昌-虎尾,2023-12-18,9377
2105,正新,16,1,15,華南永昌-虎尾,2023-12-18,9377
1732,毛寶,13,0,13,華南永昌-虎尾,2023-12-18,9377
2313,華通,20,7,13,華南永昌-虎尾,2023-12-18,9377
2002,中鋼,26,13,13,華南永昌-虎尾,2023-12-18,9377
00933B,國泰10Y+金融債,12,0,12,華南永昌-虎尾,2023-12-18,9377
00904,新光臺灣半導體30,12,0,12,華南永昌-虎尾,2023-12-18,9377
00706L,期元大S＆P日圓正2,11,0,11,華南永昌-虎尾,2023-12-18,9377
00712,復華富時不動產,12,1,11,華南永昌-虎尾,2023-12-18,9377
00665L,富邦�琤肭磪囓�2,11,0,11,華南永昌-虎尾,2023-12-18,9377
2028,威致,11,0,11,華南永昌-虎尾,2023-12-18,9377
2069,運錩,11,0,11,華南永昌-虎尾,2023-12-18,9377
2383,台光電,11,0,11,華南永昌-虎尾,2023-12-18,9377
3042,晶技,11,0,11,華南永昌-虎尾,2023-12-18,9377
1701,中化,11,1,10,華南永昌-虎尾,2023-12-18,9377
2241,艾姆勒,10,0,10,華南永昌-虎尾,2023-12-18,9377
2476,鉅祥,16,6,10,華南永昌-虎尾,2023-12-18,9377
00937B,群益ESG投等債20,361,10,351,華南永昌-虎尾,2023-12-19,9377
00688L,國泰20年美債正2,279,1,278,華南永昌-虎尾,2023-12-19,9377
00715L,期街口布蘭特正2,282,19,263,華南永昌-虎尾,2023-12-19,9377
2382,廣達,263,21,242,華南永昌-虎尾,2023-12-19,9377
5521,工信,172,32,140,華南永昌-虎尾,2023-12-19,9377
00720B,元大投資級公司債,93,1,92,華南永昌-虎尾,2023-12-19,9377
2402,毅嘉,110,41,69,華南永昌-虎尾,2023-12-19,9377
2371,大同,60,0,60,華南永昌-虎尾,2023-12-19,9377
2323,中環,73,20,53,華南永昌-虎尾,2023-12-19,9377
6770,力積電,52,0,52,華南永昌-虎尾,2023-12-19,9377
2405,輔信,51,0,51,華南永昌-虎尾,2023-12-19,9377
2547,日勝生,50,0,50,華南永昌-虎尾,2023-12-19,9377
2885,元大金,50,1,49,華南永昌-虎尾,2023-12-19,9377
2356,英業達,63,16,47,華南永昌-虎尾,2023-12-19,9377
2353,宏��,95,51,44,華南永昌-虎尾,2023-12-19,9377
4533,協易機,43,0,43,華南永昌-虎尾,2023-12-19,9377
2489,瑞軒,50,10,40,華南永昌-虎尾,2023-12-19,9377
2897,王道銀行,40,0,40,華南永昌-虎尾,2023-12-19,9377
9962,有益,40,0,40,華南永昌-虎尾,2023-12-19,9377
3050,鈺德,47,8,39,華南永昌-虎尾,2023-12-19,9377
2436,偉詮電,33,0,33,華南永昌-虎尾,2023-12-19,9377
2913,農林,36,5,31,華南永昌-虎尾,2023-12-19,9377
2892,第一金,30,0,30,華南永昌-虎尾,2023-12-19,9377
2610,華航,29,3,26,華南永昌-虎尾,2023-12-19,9377
1815,富喬,74,49,25,華南永昌-虎尾,2023-12-19,9377
2485,兆赫,61,37,24,華南永昌-虎尾,2023-12-19,9377
00753L,中信中國50正2,24,0,24,華南永昌-虎尾,2023-12-19,9377
00919,群益台灣精選高息,72,49,23,華南永昌-虎尾,2023-12-19,9377
2801,彰銀,23,0,23,華南永昌-虎尾,2023-12-19,9377
8011,台通,25,4,21,華南永昌-虎尾,2023-12-19,9377
00922,國泰台灣領袖50,22,2,20,華南永昌-虎尾,2023-12-19,9377
00878,國泰永續高股息,20,1,19,華南永昌-虎尾,2023-12-19,9377
00687B,國泰20年美債,18,0,18,華南永昌-虎尾,2023-12-19,9377
00900,富邦特選高股息30,25,8,17,華南永昌-虎尾,2023-12-19,9377
2010,春源,24,7,17,華南永昌-虎尾,2023-12-19,9377
2344,華邦電,40,23,17,華南永昌-虎尾,2023-12-19,9377
00679B,元大美債20年,22,5,17,華南永昌-虎尾,2023-12-19,9377
2615,萬海,35,19,16,華南永昌-虎尾,2023-12-19,9377
6856,鑫傳,16,0,16,華南永昌-虎尾,2023-12-19,9377
00934,中信成長高股息,15,0,15,華南永昌-虎尾,2023-12-19,9377
2883,凱基金,15,2,13,華南永昌-虎尾,2023-12-19,9377
8112,至上,18,5,13,華南永昌-虎尾,2023-12-19,9377
4746,台耀,15,2,13,華南永昌-虎尾,2023-12-19,9377
1584,精剛,14,2,12,華南永昌-虎尾,2023-12-19,9377
2206,三陽工業,12,0,12,華南永昌-虎尾,2023-12-19,9377
2834,臺企銀,12,0,12,華南永昌-虎尾,2023-12-19,9377
6202,盛群,11,0,11,華南永昌-虎尾,2023-12-19,9377
1471,首利,14,3,11,華南永昌-虎尾,2023-12-19,9377
6462,神盾,13,2,11,華南永昌-虎尾,2023-12-19,9377
00882,中信中國高股息,11,0,11,華南永昌-虎尾,2023-12-19,9377
00715L,期街口布蘭特正2,403,29,374,華南永昌-虎尾,2023-12-20,9377
00937B,群益ESG投等債20,252,0,252,華南永昌-虎尾,2023-12-20,9377
2382,廣達,114,17,97,華南永昌-虎尾,2023-12-20,9377
00929,復華台灣科技優息,91,3,88,華南永昌-虎尾,2023-12-20,9377
00653L,富邦印度正2,55,0,55,華南永昌-虎尾,2023-12-20,9377
00664R,國泰臺灣加權反1,50,0,50,華南永昌-虎尾,2023-12-20,9377
2801,彰銀,39,0,39,華南永昌-虎尾,2023-12-20,9377
6191,精成科,33,0,33,華南永昌-虎尾,2023-12-20,9377
2603,長榮,48,17,31,華南永昌-虎尾,2023-12-20,9377
2344,華邦電,40,12,28,華南永昌-虎尾,2023-12-20,9377
6451,訊芯-KY,32,4,28,華南永昌-虎尾,2023-12-20,9377
2371,大同,42,14,28,華南永昌-虎尾,2023-12-20,9377
00680L,元大美債20正2,26,3,23,華南永昌-虎尾,2023-12-20,9377
00882,中信中國高股息,25,3,22,華南永昌-虎尾,2023-12-20,9377
00922,國泰台灣領袖50,22,0,22,華南永昌-虎尾,2023-12-20,9377
4904,遠傳,22,0,22,華南永昌-虎尾,2023-12-20,9377
2892,第一金,26,5,21,華南永昌-虎尾,2023-12-20,9377
2014,中鴻,38,17,21,華南永昌-虎尾,2023-12-20,9377
00751B,元大AAA至A公司債,20,0,20,華南永昌-虎尾,2023-12-20,9377
1101,台泥,18,0,18,華南永昌-虎尾,2023-12-20,9377
1568,倉佑,18,0,18,華南永昌-虎尾,2023-12-20,9377
2022,聚亨,18,0,18,華南永昌-虎尾,2023-12-20,9377
1504,東元,23,6,17,華南永昌-虎尾,2023-12-20,9377
1319,東陽,24,9,15,華南永昌-虎尾,2023-12-20,9377
00637L,元大滬深300正2,70,55,15,華南永昌-虎尾,2023-12-20,9377
6147,頎邦,15,1,14,華南永昌-虎尾,2023-12-20,9377
00919,群益台灣精選高息,12,0,12,華南永昌-虎尾,2023-12-20,9377
2489,瑞軒,28,16,12,華南永昌-虎尾,2023-12-20,9377
5009,榮剛,13,1,12,華南永昌-虎尾,2023-12-20,9377
2331,精英,12,1,11,華南永昌-虎尾,2023-12-20,9377
5880,合庫金,10,0,10,華南永昌-虎尾,2023-12-20,9377
00887,永豐中國科技50大,10,0,10,華南永昌-虎尾,2023-12-20,9377
1781,合世,10,0,10,華南永昌-虎尾,2023-12-20,9377
2524,京城,17,7,10,華南永昌-虎尾,2023-12-20,9377
2633,台灣高鐵,10,0,10,華南永昌-虎尾,2023-12-20,9377
4142,國光生,10,0,10,華南永昌-虎尾,2023-12-20,9377
5324,士開,10,0,10,華南永昌-虎尾,2023-12-20,9377
6485,點序,12,2,10,華南永昌-虎尾,2023-12-20,9377
2002,中鋼,14,4,10,華南永昌-虎尾,2023-12-20,9377
1905,華紙,9,0,9,華南永昌-虎尾,2023-12-20,9377
00713,元大台灣高息低波,10,1,9,華南永昌-虎尾,2023-12-20,9377
2408,南亞科,10,1,9,華南永昌-虎尾,2023-12-20,9377
2881,富邦金,10,1,9,華南永昌-虎尾,2023-12-20,9377
4207,環泰,9,0,9,華南永昌-虎尾,2023-12-20,9377
2913,農林,8,0,8,華南永昌-虎尾,2023-12-20,9377
00679B,元大美債20年,8,0,8,華南永昌-虎尾,2023-12-20,9377
2337,旺宏,8,0,8,華南永昌-虎尾,2023-12-20,9377
2601,益航,8,0,8,華南永昌-虎尾,2023-12-20,9377
2867,三商壽,10,2,8,華南永昌-虎尾,2023-12-20,9377
3265,台星科,8,0,8,華南永昌-虎尾,2023-12-20,9377
2801,彰銀,178,0,178,華南永昌-虎尾,2023-12-21,9377
6263,普萊德,161,1,160,華南永昌-虎尾,2023-12-21,9377
2353,宏��,244,86,158,華南永昌-虎尾,2023-12-21,9377
3231,緯創,266,108,158,華南永昌-虎尾,2023-12-21,9377
00715L,期街口布蘭特正2,141,9,132,華南永昌-虎尾,2023-12-21,9377
2312,金寶,127,7,120,華南永昌-虎尾,2023-12-21,9377
2344,華邦電,138,50,88,華南永昌-虎尾,2023-12-21,9377
00919,群益台灣精選高息,88,5,83,華南永昌-虎尾,2023-12-21,9377
2356,英業達,123,52,71,華南永昌-虎尾,2023-12-21,9377
8926,台汽電,70,0,70,華南永昌-虎尾,2023-12-21,9377
2890,永豐金,50,0,50,華南永昌-虎尾,2023-12-21,9377
8110,華東,79,29,50,華南永昌-虎尾,2023-12-21,9377
2617,台航,50,1,49,華南永昌-虎尾,2023-12-21,9377
2402,毅嘉,50,4,46,華南永昌-虎尾,2023-12-21,9377
2324,仁寶,67,22,45,華南永昌-虎尾,2023-12-21,9377
1605,華新,43,7,36,華南永昌-虎尾,2023-12-21,9377
3317,尼克森,35,0,35,華南永昌-虎尾,2023-12-21,9377
1504,東元,33,0,33,華南永昌-虎尾,2023-12-21,9377
00922,國泰台灣領袖50,31,0,31,華南永昌-虎尾,2023-12-21,9377
1304,台聚,30,0,30,華南永昌-虎尾,2023-12-21,9377
00653L,富邦印度正2,30,0,30,華南永昌-虎尾,2023-12-21,9377
9962,有益,30,0,30,華南永昌-虎尾,2023-12-21,9377
3605,宏致,55,30,25,華南永昌-虎尾,2023-12-21,9377
6477,安集,25,0,25,華南永昌-虎尾,2023-12-21,9377
00753L,中信中國50正2,28,4,24,華南永昌-虎尾,2023-12-21,9377
00712,復華富時不動產,40,16,24,華南永昌-虎尾,2023-12-21,9377
2515,中工,38,14,24,華南永昌-虎尾,2023-12-21,9377
2369,菱生,23,0,23,華南永昌-虎尾,2023-12-21,9377
8936,國統,23,0,23,華南永昌-虎尾,2023-12-21,9377
4533,協易機,22,0,22,華南永昌-虎尾,2023-12-21,9377
2363,矽統,27,6,21,華南永昌-虎尾,2023-12-21,9377
2303,聯電,23,3,20,華南永昌-虎尾,2023-12-21,9377
2258,鴻華先進-創,20,0,20,華南永昌-虎尾,2023-12-21,9377
2612,中航,30,10,20,華南永昌-虎尾,2023-12-21,9377
6288,聯嘉,20,0,20,華南永昌-虎尾,2023-12-21,9377
00680L,元大美債20正2,27,8,19,華南永昌-虎尾,2023-12-21,9377
1325,恆大,48,29,19,華南永昌-虎尾,2023-12-21,9377
1303,南亞,17,0,17,華南永昌-虎尾,2023-12-21,9377
006208,富邦台50,16,0,16,華南永昌-虎尾,2023-12-21,9377
2472,立隆電,17,1,16,華南永昌-虎尾,2023-12-21,9377
2329,華泰,15,0,15,華南永昌-虎尾,2023-12-21,9377
4543,萬在,15,0,15,華南永昌-虎尾,2023-12-21,9377
6547,高端疫苗,15,0,15,華南永昌-虎尾,2023-12-21,9377
2330,台積電,14,0,14,華南永昌-虎尾,2023-12-21,9377
2636,台驊控股,23,9,14,華南永昌-虎尾,2023-12-21,9377
2543,皇昌,13,0,13,華南永昌-虎尾,2023-12-21,9377
3715,定穎投控,16,3,13,華南永昌-虎尾,2023-12-21,9377
3050,鈺德,12,0,12,華南永昌-虎尾,2023-12-21,9377
6024,群益期,12,0,12,華南永昌-虎尾,2023-12-21,9377
1319,東陽,13,2,11,華南永昌-虎尾,2023-12-21,9377
00688L,國泰20年美債正2,219,0,219,華南永昌-虎尾,2023-12-22,9377
2367,燿華,201,3,198,華南永昌-虎尾,2023-12-22,9377
2618,長榮航,220,44,176,華南永昌-虎尾,2023-12-22,9377
2606,裕民,129,17,112,華南永昌-虎尾,2023-12-22,9377
2324,仁寶,122,24,98,華南永昌-虎尾,2023-12-22,9377
9105,泰金寶-DR,184,92,92,華南永昌-虎尾,2023-12-22,9377
2344,華邦電,328,253,75,華南永昌-虎尾,2023-12-22,9377
00937B,群益ESG投等債20,85,14,71,華南永昌-虎尾,2023-12-22,9377
8068,全達,68,3,65,華南永昌-虎尾,2023-12-22,9377
2382,廣達,88,32,56,華南永昌-虎尾,2023-12-22,9377
00753L,中信中國50正2,60,7,53,華南永昌-虎尾,2023-12-22,9377
2891,中信金,50,2,48,華南永昌-虎尾,2023-12-22,9377
2376,技嘉,50,3,47,華南永昌-虎尾,2023-12-22,9377
4157,太景*-KY,70,23,47,華南永昌-虎尾,2023-12-22,9377
1314,中石化,46,0,46,華南永昌-虎尾,2023-12-22,9377
5425,台半,45,2,43,華南永昌-虎尾,2023-12-22,9377
6263,普萊德,42,0,42,華南永昌-虎尾,2023-12-22,9377
2615,萬海,73,31,42,華南永昌-虎尾,2023-12-22,9377
00680L,元大美債20正2,35,0,35,華南永昌-虎尾,2023-12-22,9377
2313,華通,60,27,33,華南永昌-虎尾,2023-12-22,9377
3545,敦泰,30,0,30,華南永昌-虎尾,2023-12-22,9377
3605,宏致,39,9,30,華南永昌-虎尾,2023-12-22,9377
2303,聯電,52,23,29,華南永昌-虎尾,2023-12-22,9377
1326,台化,31,3,28,華南永昌-虎尾,2023-12-22,9377
00720B,元大投資級公司債,25,0,25,華南永昌-虎尾,2023-12-22,9377
2258,鴻華先進-創,25,0,25,華南永昌-虎尾,2023-12-22,9377
6024,群益期,26,1,25,華南永昌-虎尾,2023-12-22,9377
6477,安集,25,0,25,華南永昌-虎尾,2023-12-22,9377
5498,凱崴,20,0,20,華南永昌-虎尾,2023-12-22,9377
6856,鑫傳,20,0,20,華南永昌-虎尾,2023-12-22,9377
5521,工信,51,32,19,華南永昌-虎尾,2023-12-22,9377
9919,康那香,20,3,17,華南永昌-虎尾,2023-12-22,9377
2611,志信,16,0,16,華南永昌-虎尾,2023-12-22,9377
2356,英業達,140,124,16,華南永昌-虎尾,2023-12-22,9377
2485,兆赫,25,10,15,華南永昌-虎尾,2023-12-22,9377
5469,瀚宇博,15,0,15,華南永昌-虎尾,2023-12-22,9377
6147,頎邦,15,0,15,華南永昌-虎尾,2023-12-22,9377
9910,豐泰,15,1,14,華南永昌-虎尾,2023-12-22,9377
1605,華新,44,30,14,華南永昌-虎尾,2023-12-22,9377
2605,新興,22,9,13,華南永昌-虎尾,2023-12-22,9377
2892,第一金,12,0,12,華南永昌-虎尾,2023-12-22,9377
9945,潤泰新,13,1,12,華南永昌-虎尾,2023-12-22,9377
1711,永光,11,0,11,華南永昌-虎尾,2023-12-22,9377
2543,皇昌,22,11,11,華南永昌-虎尾,2023-12-22,9377
3037,欣興,12,1,11,華南永昌-虎尾,2023-12-22,9377
3071,協禧,11,0,11,華南永昌-虎尾,2023-12-22,9377
00669R,國泰美國道瓊反1,10,0,10,華南永昌-虎尾,2023-12-22,9377
2349,錸德,10,0,10,華南永昌-虎尾,2023-12-22,9377
5410,國眾,10,0,10,華南永昌-虎尾,2023-12-22,9377
6134,萬旭,10,0,10,華南永昌-虎尾,2023-12-22,9377
3231,緯創,407,125,282,華南永昌-虎尾,2023-12-25,9377
00680L,元大美債20正2,103,2,101,華南永昌-虎尾,2023-12-25,9377
2313,華通,100,8,92,華南永昌-虎尾,2023-12-25,9377
2331,精英,71,0,71,華南永昌-虎尾,2023-12-25,9377
00937B,群益ESG投等債20,73,10,63,華南永昌-虎尾,2023-12-25,9377
00687B,國泰20年美債,55,0,55,華南永昌-虎尾,2023-12-25,9377
2609,陽明,222,168,54,華南永昌-虎尾,2023-12-25,9377
4904,遠傳,53,0,53,華南永昌-虎尾,2023-12-25,9377
3019,亞光,49,2,47,華南永昌-虎尾,2023-12-25,9377
00919,群益台灣精選高息,52,6,46,華南永昌-虎尾,2023-12-25,9377
9919,康那香,346,305,41,華南永昌-虎尾,2023-12-25,9377
2327,國巨,40,0,40,華南永昌-虎尾,2023-12-25,9377
00688L,國泰20年美債正2,38,0,38,華南永昌-虎尾,2023-12-25,9377
3521,鴻翊,35,0,35,華南永昌-虎尾,2023-12-25,9377
5425,台半,41,9,32,華南永昌-虎尾,2023-12-25,9377
00637L,元大滬深300正2,55,25,30,華南永昌-虎尾,2023-12-25,9377
2377,微星,36,7,29,華南永昌-虎尾,2023-12-25,9377
2515,中工,28,1,27,華南永昌-虎尾,2023-12-25,9377
8086,宏捷科,41,14,27,華南永昌-虎尾,2023-12-25,9377
1319,東陽,31,5,26,華南永昌-虎尾,2023-12-25,9377
2323,中環,63,37,26,華南永昌-虎尾,2023-12-25,9377
2405,輔信,30,5,25,華南永昌-虎尾,2023-12-25,9377
8103,瀚荃,23,0,23,華南永昌-虎尾,2023-12-25,9377
2637,慧洋-KY,28,6,22,華南永昌-虎尾,2023-12-25,9377
3264,欣銓,22,0,22,華南永昌-虎尾,2023-12-25,9377
1605,華新,23,3,20,華南永昌-虎尾,2023-12-25,9377
1785,光洋科,20,0,20,華南永昌-虎尾,2023-12-25,9377
2607,榮運,21,1,20,華南永昌-虎尾,2023-12-25,9377
5498,凱崴,20,0,20,華南永昌-虎尾,2023-12-25,9377
6182,合晶,20,0,20,華南永昌-虎尾,2023-12-25,9377
1806,冠軍,30,11,19,華南永昌-虎尾,2023-12-25,9377
2485,兆赫,41,22,19,華南永昌-虎尾,2023-12-25,9377
2615,萬海,24,6,18,華南永昌-虎尾,2023-12-25,9377
3444,利機,16,0,16,華南永昌-虎尾,2023-12-25,9377
8176,智捷,16,0,16,華南永昌-虎尾,2023-12-25,9377
1522,堤維西,15,0,15,華南永昌-虎尾,2023-12-25,9377
1815,富喬,15,0,15,華南永昌-虎尾,2023-12-25,9377
2031,新光鋼,15,0,15,華南永昌-虎尾,2023-12-25,9377
2467,志聖,15,0,15,華南永昌-虎尾,2023-12-25,9377
8112,至上,16,1,15,華南永昌-虎尾,2023-12-25,9377
00642U,期元大S＆P石油,15,1,14,華南永昌-虎尾,2023-12-25,9377
1514,亞力,22,8,14,華南永昌-虎尾,2023-12-25,9377
2427,三商電,14,0,14,華南永昌-虎尾,2023-12-25,9377
4157,太景*-KY,31,17,14,華南永昌-虎尾,2023-12-25,9377
2007,燁興,16,3,13,華南永昌-虎尾,2023-12-25,9377
8068,全達,13,0,13,華南永昌-虎尾,2023-12-25,9377
9802,鈺齊-KY,14,1,13,華南永昌-虎尾,2023-12-25,9377
2481,強茂,12,0,12,華南永昌-虎尾,2023-12-25,9377
3105,穩懋,12,0,12,華南永昌-虎尾,2023-12-25,9377
2032,新鋼,15,4,11,華南永昌-虎尾,2023-12-25,9377
2324,仁寶,529,340,189,華南永昌-虎尾,2023-12-26,9377
2353,宏��,133,35,98,華南永昌-虎尾,2023-12-26,9377
00937B,群益ESG投等債20,109,15,94,華南永昌-虎尾,2023-12-26,9377
2402,毅嘉,92,1,91,華南永昌-虎尾,2023-12-26,9377
00929,復華台灣科技優息,91,4,87,華南永昌-虎尾,2023-12-26,9377
5483,中美晶,77,3,74,華南永昌-虎尾,2023-12-26,9377
2369,菱生,65,0,65,華南永昌-虎尾,2023-12-26,9377
00680L,元大美債20正2,46,0,46,華南永昌-虎尾,2023-12-26,9377
2888,新光金,50,5,45,華南永昌-虎尾,2023-12-26,9377
5521,工信,35,2,33,華南永昌-虎尾,2023-12-26,9377
5426,振發,29,0,29,華南永昌-虎尾,2023-12-26,9377
3231,緯創,99,72,27,華南永昌-虎尾,2023-12-26,9377
2303,聯電,90,63,27,華南永昌-虎尾,2023-12-26,9377
2356,英業達,62,38,24,華南永昌-虎尾,2023-12-26,9377
6116,彩晶,27,4,23,華南永昌-虎尾,2023-12-26,9377
2610,華航,22,0,22,華南永昌-虎尾,2023-12-26,9377
1307,三芳,20,0,20,華南永昌-虎尾,2023-12-26,9377
00637L,元大滬深300正2,45,25,20,華南永昌-虎尾,2023-12-26,9377
00669R,國泰美國道瓊反1,20,0,20,華南永昌-虎尾,2023-12-26,9377
00687B,國泰20年美債,20,0,20,華南永昌-虎尾,2023-12-26,9377
1806,冠軍,20,0,20,華南永昌-虎尾,2023-12-26,9377
2382,廣達,23,4,19,華南永昌-虎尾,2023-12-26,9377
3413,京鼎,17,0,17,華南永昌-虎尾,2023-12-26,9377
6244,茂迪,17,0,17,華南永昌-虎尾,2023-12-26,9377
3711,日月光投控,15,1,14,華南永昌-虎尾,2023-12-26,9377
00919,群益台灣精選高息,14,0,14,華南永昌-虎尾,2023-12-26,9377
2618,長榮航,34,21,13,華南永昌-虎尾,2023-12-26,9377
8086,宏捷科,12,0,12,華南永昌-虎尾,2023-12-26,9377
1519,華城,18,6,12,華南永昌-虎尾,2023-12-26,9377
2603,長榮,33,21,12,華南永昌-虎尾,2023-12-26,9377
00688L,國泰20年美債正2,11,0,11,華南永昌-虎尾,2023-12-26,9377
3264,欣銓,12,1,11,華南永昌-虎尾,2023-12-26,9377
6672,騰輝電子-KY,10,0,10,華南永昌-虎尾,2023-12-26,9377
1612,宏泰,10,0,10,華南永昌-虎尾,2023-12-26,9377
3284,太普高,10,0,10,華南永昌-虎尾,2023-12-26,9377
8163,達方,10,0,10,華南永昌-虎尾,2023-12-26,9377
1815,富喬,10,1,9,華南永昌-虎尾,2023-12-26,9377
4198,欣大健康,9,0,9,華南永昌-虎尾,2023-12-26,9377
9919,康那香,9,0,9,華南永昌-虎尾,2023-12-26,9377
5498,凱崴,8,0,8,華南永昌-虎尾,2023-12-26,9377
00895,富邦未來車,7,0,7,華南永昌-虎尾,2023-12-26,9377
1514,亞力,19,12,7,華南永昌-虎尾,2023-12-26,9377
1605,華新,12,5,7,華南永昌-虎尾,2023-12-26,9377
2204,中華,10,3,7,華南永昌-虎尾,2023-12-26,9377
2801,彰銀,7,0,7,華南永昌-虎尾,2023-12-26,9377
3479,安勤,13,6,7,華南永昌-虎尾,2023-12-26,9377
6182,合晶,7,0,7,華南永昌-虎尾,2023-12-26,9377
6187,萬潤,8,1,7,華南永昌-虎尾,2023-12-26,9377
6799,來頡,12,5,7,華南永昌-虎尾,2023-12-26,9377
8096,擎亞,8,1,7,華南永昌-虎尾,2023-12-26,9377
00937B,群益ESG投等債20,243,15,228,華南永昌-虎尾,2023-12-27,9377
2883,凱基金,155,0,155,華南永昌-虎尾,2023-12-27,9377
00929,復華台灣科技優息,128,2,126,華南永昌-虎尾,2023-12-27,9377
2324,仁寶,204,85,119,華南永昌-虎尾,2023-12-27,9377
2618,長榮航,119,5,114,華南永昌-虎尾,2023-12-27,9377
5425,台半,73,2,71,華南永昌-虎尾,2023-12-27,9377
2014,中鴻,54,4,50,華南永昌-虎尾,2023-12-27,9377
3691,碩禾,50,1,49,華南永昌-虎尾,2023-12-27,9377
9105,泰金寶-DR,50,5,45,華南永昌-虎尾,2023-12-27,9377
00632R,元大台灣50反1,41,0,41,華南永昌-虎尾,2023-12-27,9377
3711,日月光投控,35,0,35,華南永昌-虎尾,2023-12-27,9377
3438,類比科,33,3,30,華南永昌-虎尾,2023-12-27,9377
8105,凌巨,30,0,30,華南永昌-虎尾,2023-12-27,9377
5426,振發,29,0,29,華南永昌-虎尾,2023-12-27,9377
2368,金像電,36,8,28,華南永昌-虎尾,2023-12-27,9377
3706,神達,41,13,28,華南永昌-虎尾,2023-12-27,9377
2376,技嘉,28,4,24,華南永昌-虎尾,2023-12-27,9377
00919,群益台灣精選高息,24,0,24,華南永昌-虎尾,2023-12-27,9377
6182,合晶,25,1,24,華南永昌-虎尾,2023-12-27,9377
5355,佳總,22,0,22,華南永昌-虎尾,2023-12-27,9377
2615,萬海,43,21,22,華南永昌-虎尾,2023-12-27,9377
3346,麗清,24,3,21,華南永昌-虎尾,2023-12-27,9377
5521,工信,21,0,21,華南永昌-虎尾,2023-12-27,9377
3605,宏致,20,0,20,華南永昌-虎尾,2023-12-27,9377
6509,聚和,20,0,20,華南永昌-虎尾,2023-12-27,9377
8103,瀚荃,17,0,17,華南永昌-虎尾,2023-12-27,9377
00772B,中信高評級公司債,16,0,16,華南永昌-虎尾,2023-12-27,9377
2329,華泰,16,1,15,華南永昌-虎尾,2023-12-27,9377
00882,中信中國高股息,20,6,14,華南永昌-虎尾,2023-12-27,9377
2330,台積電,35,21,14,華南永昌-虎尾,2023-12-27,9377
6108,競國,13,0,13,華南永昌-虎尾,2023-12-27,9377
2405,輔信,61,50,11,華南永昌-虎尾,2023-12-27,9377
2377,微星,18,7,11,華南永昌-虎尾,2023-12-27,9377
00887,永豐中國科技50大,10,0,10,華南永昌-虎尾,2023-12-27,9377
1524,耿鼎,10,0,10,華南永昌-虎尾,2023-12-27,9377
3050,鈺德,15,5,10,華南永昌-虎尾,2023-12-27,9377
4402,郡都開發,10,0,10,華南永昌-虎尾,2023-12-27,9377
5328,華容,10,0,10,華南永昌-虎尾,2023-12-27,9377
5403,中菲,10,0,10,華南永昌-虎尾,2023-12-27,9377
5512,力麒,11,1,10,華南永昌-虎尾,2023-12-27,9377
8936,國統,18,8,10,華南永昌-虎尾,2023-12-27,9377
1471,首利,12,2,10,華南永昌-虎尾,2023-12-27,9377
00679B,元大美債20年,11,2,9,華南永昌-虎尾,2023-12-27,9377
2486,一詮,11,2,9,華南永昌-虎尾,2023-12-27,9377
6185,幃翔,9,0,9,華南永昌-虎尾,2023-12-27,9377
6288,聯嘉,33,24,9,華南永昌-虎尾,2023-12-27,9377
6770,力積電,11,2,9,華南永昌-虎尾,2023-12-27,9377
2352,佳世達,11,2,9,華南永昌-虎尾,2023-12-27,9377
00687B,國泰20年美債,8,0,8,華南永昌-虎尾,2023-12-27,9377
00764B,群益25年美債,8,0,8,華南永昌-虎尾,2023-12-27,9377
2405,輔信,232,2,230,華南永昌-虎尾,2023-12-28,9377
00919,群益台灣精選高息,213,10,203,華南永昌-虎尾,2023-12-28,9377
6443,元晶,115,0,115,華南永昌-虎尾,2023-12-28,9377
2363,矽統,119,18,101,華南永昌-虎尾,2023-12-28,9377
00929,復華台灣科技優息,53,5,48,華南永昌-虎尾,2023-12-28,9377
4958,臻鼎-KY,43,0,43,華南永昌-虎尾,2023-12-28,9377
2472,立隆電,36,0,36,華南永昌-虎尾,2023-12-28,9377
00679B,元大美債20年,34,0,34,華南永昌-虎尾,2023-12-28,9377
2352,佳世達,32,0,32,華南永昌-虎尾,2023-12-28,9377
5351,鈺創,39,9,30,華南永昌-虎尾,2023-12-28,9377
00680L,元大美債20正2,30,0,30,華南永昌-虎尾,2023-12-28,9377
3050,鈺德,30,0,30,華南永昌-虎尾,2023-12-28,9377
2618,長榮航,28,0,28,華南永昌-虎尾,2023-12-28,9377
9105,泰金寶-DR,40,12,28,華南永昌-虎尾,2023-12-28,9377
8110,華東,25,0,25,華南永昌-虎尾,2023-12-28,9377
2365,昆盈,28,3,25,華南永昌-虎尾,2023-12-28,9377
8011,台通,24,1,23,華南永昌-虎尾,2023-12-28,9377
1513,中興電,34,11,23,華南永昌-虎尾,2023-12-28,9377
1618,合機,34,13,21,華南永昌-虎尾,2023-12-28,9377
3049,精金,20,0,20,華南永昌-虎尾,2023-12-28,9377
4207,環泰,20,0,20,華南永昌-虎尾,2023-12-28,9377
5425,台半,20,0,20,華南永昌-虎尾,2023-12-28,9377
2313,華通,21,2,19,華南永昌-虎尾,2023-12-28,9377
2609,陽明,42,24,18,華南永昌-虎尾,2023-12-28,9377
3605,宏致,24,6,18,華南永昌-虎尾,2023-12-28,9377
9919,康那香,24,6,18,華南永昌-虎尾,2023-12-28,9377
0056,元大高股息,18,1,17,華南永昌-虎尾,2023-12-28,9377
2022,聚亨,17,0,17,華南永昌-虎尾,2023-12-28,9377
8176,智捷,16,0,16,華南永昌-虎尾,2023-12-28,9377
00642U,期元大S＆P石油,15,0,15,華南永昌-虎尾,2023-12-28,9377
3042,晶技,15,0,15,華南永昌-虎尾,2023-12-28,9377
4157,太景*-KY,20,5,15,華南永昌-虎尾,2023-12-28,9377
2356,英業達,72,58,14,華南永昌-虎尾,2023-12-28,9377
3231,緯創,86,73,13,華南永昌-虎尾,2023-12-28,9377
8096,擎亞,68,55,13,華南永昌-虎尾,2023-12-28,9377
2408,南亞科,12,0,12,華南永昌-虎尾,2023-12-28,9377
5426,振發,12,0,12,華南永昌-虎尾,2023-12-28,9377
3376,新日興,22,11,11,華南永昌-虎尾,2023-12-28,9377
4906,正文,11,0,11,華南永昌-虎尾,2023-12-28,9377
1515,力山,10,0,10,華南永昌-虎尾,2023-12-28,9377
3035,智原,14,4,10,華南永昌-虎尾,2023-12-28,9377
2323,中環,41,31,10,華南永昌-虎尾,2023-12-28,9377
3264,欣銓,10,0,10,華南永昌-虎尾,2023-12-28,9377
4571,鈞興-KY,10,0,10,華南永昌-虎尾,2023-12-28,9377
4934,太極,10,0,10,華南永昌-虎尾,2023-12-28,9377
4979,華星光,10,0,10,華南永昌-虎尾,2023-12-28,9377
2834,臺企銀,20,10,10,華南永昌-虎尾,2023-12-28,9377
2882,國泰金,12,3,9,華南永昌-虎尾,2023-12-28,9377
6182,合晶,10,1,9,華南永昌-虎尾,2023-12-28,9377
5347,世界,27,19,8,華南永昌-虎尾,2023-12-28,9377
5521,工信,433,90,343,華南永昌-虎尾,2023-12-29,9377
00937B,群益ESG投等債20,247,10,237,華南永昌-虎尾,2023-12-29,9377
6443,元晶,191,2,189,華南永昌-虎尾,2023-12-29,9377
2405,輔信,116,6,110,華南永昌-虎尾,2023-12-29,9377
00900,富邦特選高股息30,100,0,100,華南永昌-虎尾,2023-12-29,9377
8096,擎亞,72,2,70,華南永昌-虎尾,2023-12-29,9377
2891,中信金,50,0,50,華南永昌-虎尾,2023-12-29,9377
9105,泰金寶-DR,50,0,50,華南永昌-虎尾,2023-12-29,9377
1605,華新,45,0,45,華南永昌-虎尾,2023-12-29,9377
00715L,期街口布蘭特正2,40,1,39,華南永昌-虎尾,2023-12-29,9377
5426,振發,33,0,33,華南永昌-虎尾,2023-12-29,9377
2312,金寶,40,8,32,華南永昌-虎尾,2023-12-29,9377
2913,農林,30,0,30,華南永昌-虎尾,2023-12-29,9377
2911,麗嬰房,25,0,25,華南永昌-虎尾,2023-12-29,9377
2349,錸德,25,0,25,華南永昌-虎尾,2023-12-29,9377
00688L,國泰20年美債正2,24,0,24,華南永昌-虎尾,2023-12-29,9377
2303,聯電,31,9,22,華南永昌-虎尾,2023-12-29,9377
3006,晶豪科,24,2,22,華南永昌-虎尾,2023-12-29,9377
1514,亞力,48,27,21,華南永昌-虎尾,2023-12-29,9377
1504,東元,25,7,18,華南永昌-虎尾,2023-12-29,9377
6667,信紘科,36,18,18,華南永昌-虎尾,2023-12-29,9377
00923,群益台ESG低碳50,20,2,18,華南永昌-虎尾,2023-12-29,9377
2409,友達,29,12,17,華南永昌-虎尾,2023-12-29,9377
5469,瀚宇博,20,3,17,華南永昌-虎尾,2023-12-29,9377
00929,復華台灣科技優息,17,0,17,華南永昌-虎尾,2023-12-29,9377
00637L,元大滬深300正2,50,33,17,華南永昌-虎尾,2023-12-29,9377
3050,鈺德,16,0,16,華南永昌-虎尾,2023-12-29,9377
4906,正文,16,0,16,華南永昌-虎尾,2023-12-29,9377
00642U,期元大S＆P石油,15,0,15,華南永昌-虎尾,2023-12-29,9377
5498,凱崴,15,0,15,華南永昌-虎尾,2023-12-29,9377
6147,頎邦,16,1,15,華南永昌-虎尾,2023-12-29,9377
6509,聚和,15,0,15,華南永昌-虎尾,2023-12-29,9377
1519,華城,23,10,13,華南永昌-虎尾,2023-12-29,9377
1609,大亞,16,3,13,華南永昌-虎尾,2023-12-29,9377
4967,十銓,27,15,12,華南永昌-虎尾,2023-12-29,9377
2428,興勤,12,0,12,華南永昌-虎尾,2023-12-29,9377
2610,華航,12,0,12,華南永昌-虎尾,2023-12-29,9377
8478,東哥遊艇,12,0,12,華南永昌-虎尾,2023-12-29,9377
2323,中環,11,0,11,華南永昌-虎尾,2023-12-29,9377
3078,僑威,19,8,11,華南永昌-虎尾,2023-12-29,9377
6116,彩晶,12,1,11,華南永昌-虎尾,2023-12-29,9377
00882,中信中國高股息,10,0,10,華南永昌-虎尾,2023-12-29,9377
1314,中石化,10,0,10,華南永昌-虎尾,2023-12-29,9377
2892,第一金,10,0,10,華南永昌-虎尾,2023-12-29,9377
5014,建錩,10,0,10,華南永昌-虎尾,2023-12-29,9377
6284,佳邦,10,0,10,華南永昌-虎尾,2023-12-29,9377
6462,神盾,12,2,10,華南永昌-虎尾,2023-12-29,9377
6530,創威,10,0,10,華南永昌-虎尾,2023-12-29,9377
6546,正基,10,0,10,華南永昌-虎尾,2023-12-29,9377
1503,士電,9,0,9,華南永昌-虎尾,2023-12-29,9377
00937B,群益ESG投等債20,197,1,196,華南永昌-虎尾,2024-01-02,9377
00637L,元大滬深300正2,181,44,137,華南永昌-虎尾,2024-01-02,9377
3231,緯創,137,12,125,華南永昌-虎尾,2024-01-02,9377
6770,力積電,119,2,117,華南永昌-虎尾,2024-01-02,9377
2405,輔信,111,8,103,華南永昌-虎尾,2024-01-02,9377
00851,台新全球AI,88,0,88,華南永昌-虎尾,2024-01-02,9377
00762,元大全球AI,88,5,83,華南永昌-虎尾,2024-01-02,9377
3264,欣銓,69,0,69,華南永昌-虎尾,2024-01-02,9377
2327,國巨,62,0,62,華南永昌-虎尾,2024-01-02,9377
00655L,國泰中國A50正2,60,0,60,華南永昌-虎尾,2024-01-02,9377
2641,正德,57,0,57,華南永昌-虎尾,2024-01-02,9377
6443,元晶,46,0,46,華南永昌-虎尾,2024-01-02,9377
3321,同泰,40,1,39,華南永昌-虎尾,2024-01-02,9377
4207,環泰,33,0,33,華南永昌-虎尾,2024-01-02,9377
2382,廣達,48,16,32,華南永昌-虎尾,2024-01-02,9377
4157,太景*-KY,38,8,30,華南永昌-虎尾,2024-01-02,9377
00934,中信成長高股息,25,1,24,華南永昌-虎尾,2024-01-02,9377
00929,復華台灣科技優息,57,33,24,華南永昌-虎尾,2024-01-02,9377
2606,裕民,30,7,23,華南永昌-虎尾,2024-01-02,9377
6811,宏�硌穈T,37,14,23,華南永昌-虎尾,2024-01-02,9377
3037,欣興,22,0,22,華南永昌-虎尾,2024-01-02,9377
2867,三商壽,22,0,22,華南永昌-虎尾,2024-01-02,9377
00919,群益台灣精選高息,23,2,21,華南永昌-虎尾,2024-01-02,9377
2344,華邦電,35,15,20,華南永昌-虎尾,2024-01-02,9377
2331,精英,71,54,17,華南永昌-虎尾,2024-01-02,9377
2610,華航,75,58,17,華南永昌-虎尾,2024-01-02,9377
1216,統一,15,0,15,華南永昌-虎尾,2024-01-02,9377
3715,定穎投控,23,8,15,華南永昌-虎尾,2024-01-02,9377
5291,邑昇,15,0,15,華南永昌-虎尾,2024-01-02,9377
2206,三陽工業,26,12,14,華南永昌-虎尾,2024-01-02,9377
00679B,元大美債20年,13,0,13,華南永昌-虎尾,2024-01-02,9377
3078,僑威,13,0,13,華南永昌-虎尾,2024-01-02,9377
3673,TPK-KY,18,5,13,華南永昌-虎尾,2024-01-02,9377
2330,台積電,15,2,13,華南永昌-虎尾,2024-01-02,9377
3050,鈺德,12,0,12,華南永昌-虎尾,2024-01-02,9377
5425,台半,12,1,11,華南永昌-虎尾,2024-01-02,9377
8110,華東,11,0,11,華南永昌-虎尾,2024-01-02,9377
2454,聯發科,14,4,10,華南永昌-虎尾,2024-01-02,9377
00664R,國泰臺灣加權反1,10,0,10,華南永昌-虎尾,2024-01-02,9377
1785,光洋科,10,0,10,華南永昌-虎尾,2024-01-02,9377
2349,錸德,10,0,10,華南永昌-虎尾,2024-01-02,9377
2501,國建,10,0,10,華南永昌-虎尾,2024-01-02,9377
3033,威健,10,0,10,華南永昌-虎尾,2024-01-02,9377
5498,凱崴,10,0,10,華南永昌-虎尾,2024-01-02,9377
6125,廣運,11,1,10,華南永昌-虎尾,2024-01-02,9377
6182,合晶,12,2,10,華南永昌-虎尾,2024-01-02,9377
9105,泰金寶-DR,10,0,10,華南永昌-虎尾,2024-01-02,9377
2332,友訊,10,0,10,華南永昌-虎尾,2024-01-02,9377
1609,大亞,13,3,10,華南永昌-虎尾,2024-01-02,9377
2352,佳世達,21,12,9,華南永昌-虎尾,2024-01-02,9377
00688L,國泰20年美債正2,172,0,172,華南永昌-虎尾,2024-01-03,9377
6443,元晶,155,0,155,華南永昌-虎尾,2024-01-03,9377
2530,華建,124,0,124,華南永昌-虎尾,2024-01-03,9377
5426,振發,109,1,108,華南永昌-虎尾,2024-01-03,9377
3481,群創,90,5,85,華南永昌-虎尾,2024-01-03,9377
00929,復華台灣科技優息,133,56,77,華南永昌-虎尾,2024-01-03,9377
5521,工信,108,39,69,華南永昌-虎尾,2024-01-03,9377
2303,聯電,84,19,65,華南永昌-虎尾,2024-01-03,9377
00937B,群益ESG投等債20,60,0,60,華南永昌-虎尾,2024-01-03,9377
00679B,元大美債20年,62,3,59,華南永昌-虎尾,2024-01-03,9377
00715L,期街口布蘭特正2,56,0,56,華南永昌-虎尾,2024-01-03,9377
2329,華泰,55,0,55,華南永昌-虎尾,2024-01-03,9377
2890,永豐金,53,0,53,華南永昌-虎尾,2024-01-03,9377
2324,仁寶,50,4,46,華南永昌-虎尾,2024-01-03,9377
5425,台半,44,0,44,華南永昌-虎尾,2024-01-03,9377
2356,英業達,53,10,43,華南永昌-虎尾,2024-01-03,9377
1605,華新,48,7,41,華南永昌-虎尾,2024-01-03,9377
2323,中環,38,0,38,華南永昌-虎尾,2024-01-03,9377
2353,宏��,39,2,37,華南永昌-虎尾,2024-01-03,9377
00680L,元大美債20正2,56,20,36,華南永昌-虎尾,2024-01-03,9377
00919,群益台灣精選高息,35,0,35,華南永昌-虎尾,2024-01-03,9377
2344,華邦電,40,8,32,華南永昌-虎尾,2024-01-03,9377
00881,國泰台灣5G+,31,0,31,華南永昌-虎尾,2024-01-03,9377
3037,欣興,31,1,30,華南永昌-虎尾,2024-01-03,9377
0056,元大高股息,34,8,26,華南永昌-虎尾,2024-01-03,9377
3050,鈺德,26,0,26,華南永昌-虎尾,2024-01-03,9377
3231,緯創,37,13,24,華南永昌-虎尾,2024-01-03,9377
2610,華航,24,0,24,華南永昌-虎尾,2024-01-03,9377
00637L,元大滬深300正2,50,30,20,華南永昌-虎尾,2024-01-03,9377
2801,彰銀,20,0,20,華南永昌-虎尾,2024-01-03,9377
5498,凱崴,20,0,20,華南永昌-虎尾,2024-01-03,9377
1101,台泥,16,0,16,華南永昌-虎尾,2024-01-03,9377
3390,旭軟,54,38,16,華南永昌-虎尾,2024-01-03,9377
2485,兆赫,34,18,16,華南永昌-虎尾,2024-01-03,9377
6770,力積電,22,7,15,華南永昌-虎尾,2024-01-03,9377
00642U,期元大S＆P石油,14,0,14,華南永昌-虎尾,2024-01-03,9377
1216,統一,17,3,14,華南永昌-虎尾,2024-01-03,9377
3260,威剛,16,2,14,華南永昌-虎尾,2024-01-03,9377
2014,中鴻,13,0,13,華南永昌-虎尾,2024-01-03,9377
8112,至上,13,0,13,華南永昌-虎尾,2024-01-03,9377
00878,國泰永續高股息,33,21,12,華南永昌-虎尾,2024-01-03,9377
1460,宏遠,15,3,12,華南永昌-虎尾,2024-01-03,9377
00915,凱基優選高股息30,12,0,12,華南永昌-虎尾,2024-01-03,9377
2330,台積電,14,3,11,華南永昌-虎尾,2024-01-03,9377
1102,亞泥,11,0,11,華南永昌-虎尾,2024-01-03,9377
2428,興勤,11,0,11,華南永昌-虎尾,2024-01-03,9377
4133,亞諾法,13,2,11,華南永昌-虎尾,2024-01-03,9377
2362,藍天,19,9,10,華南永昌-虎尾,2024-01-03,9377
1301,台塑,10,0,10,華南永昌-虎尾,2024-01-03,9377
1310,台苯,10,0,10,華南永昌-虎尾,2024-01-03,9377
5521,工信,206,5,201,華南永昌-虎尾,2024-01-04,9377
00929,復華台灣科技優息,182,5,177,華南永昌-虎尾,2024-01-04,9377
00637L,元大滬深300正2,161,30,131,華南永昌-虎尾,2024-01-04,9377
2530,華建,110,0,110,華南永昌-虎尾,2024-01-04,9377
00688L,國泰20年美債正2,135,31,104,華南永昌-虎尾,2024-01-04,9377
2455,全新,108,6,102,華南永昌-虎尾,2024-01-04,9377
2405,輔信,92,5,87,華南永昌-虎尾,2024-01-04,9377
2382,廣達,85,19,66,華南永昌-虎尾,2024-01-04,9377
2618,長榮航,95,31,64,華南永昌-虎尾,2024-01-04,9377
00680L,元大美債20正2,58,0,58,華南永昌-虎尾,2024-01-04,9377
2610,華航,57,3,54,華南永昌-虎尾,2024-01-04,9377
2486,一詮,97,49,48,華南永昌-虎尾,2024-01-04,9377
5609,中菲行,45,0,45,華南永昌-虎尾,2024-01-04,9377
00927,群益半導體收益,44,0,44,華南永昌-虎尾,2024-01-04,9377
2353,宏��,54,17,37,華南永昌-虎尾,2024-01-04,9377
2376,技嘉,37,6,31,華南永昌-虎尾,2024-01-04,9377
2344,華邦電,32,2,30,華南永昌-虎尾,2024-01-04,9377
2485,兆赫,50,20,30,華南永昌-虎尾,2024-01-04,9377
5210,寶碩,26,0,26,華南永昌-虎尾,2024-01-04,9377
2356,英業達,42,17,25,華南永昌-虎尾,2024-01-04,9377
00937B,群益ESG投等債20,30,7,23,華南永昌-虎尾,2024-01-04,9377
1460,宏遠,22,0,22,華南永昌-虎尾,2024-01-04,9377
2425,承啟,22,0,22,華南永昌-虎尾,2024-01-04,9377
3050,鈺德,21,0,21,華南永昌-虎尾,2024-01-04,9377
5498,凱崴,21,0,21,華南永昌-虎尾,2024-01-04,9377
00753L,中信中國50正2,23,3,20,華南永昌-虎尾,2024-01-04,9377
00738U,期元大道瓊白銀,20,0,20,華南永昌-虎尾,2024-01-04,9377
3024,憶聲,20,1,19,華南永昌-虎尾,2024-01-04,9377
00878,國泰永續高股息,17,1,16,華南永昌-虎尾,2024-01-04,9377
2363,矽統,16,0,16,華南永昌-虎尾,2024-01-04,9377
2014,中鴻,18,2,16,華南永昌-虎尾,2024-01-04,9377
4402,郡都開發,16,0,16,華南永昌-虎尾,2024-01-04,9377
8086,宏捷科,19,3,16,華南永昌-虎尾,2024-01-04,9377
3032,偉訓,18,3,15,華南永昌-虎尾,2024-01-04,9377
3042,晶技,18,3,15,華南永昌-虎尾,2024-01-04,9377
6156,松上,15,0,15,華南永昌-虎尾,2024-01-04,9377
2331,精英,128,116,12,華南永昌-虎尾,2024-01-04,9377
00881,國泰台灣5G+,12,0,12,華南永昌-虎尾,2024-01-04,9377
3605,宏致,17,5,12,華南永昌-虎尾,2024-01-04,9377
8932,智通*,14,2,12,華南永昌-虎尾,2024-01-04,9377
2362,藍天,11,0,11,華南永昌-虎尾,2024-01-04,9377
2038,海光,17,6,11,華南永昌-虎尾,2024-01-04,9377
2845,遠東銀,11,0,11,華南永昌-虎尾,2024-01-04,9377
3380,明泰,11,0,11,華南永昌-虎尾,2024-01-04,9377
3260,威剛,15,4,11,華南永昌-虎尾,2024-01-04,9377
1314,中石化,15,5,10,華南永昌-虎尾,2024-01-04,9377
5351,鈺創,10,0,10,華南永昌-虎尾,2024-01-04,9377
00770,國泰北美科技,10,0,10,華南永昌-虎尾,2024-01-04,9377
00762,元大全球AI,10,0,10,華南永昌-虎尾,2024-01-04,9377
1560,中砂,10,0,10,華南永昌-虎尾,2024-01-04,9377
2530,華建,87,0,87,華南永昌-虎尾,2024-01-05,9377
2356,英業達,86,17,69,華南永昌-虎尾,2024-01-05,9377
2486,一詮,92,35,57,華南永昌-虎尾,2024-01-05,9377
2363,矽統,63,14,49,華南永昌-虎尾,2024-01-05,9377
2353,宏��,59,11,48,華南永昌-虎尾,2024-01-05,9377
00929,復華台灣科技優息,92,54,38,華南永昌-虎尾,2024-01-05,9377
00687B,國泰20年美債,37,0,37,華南永昌-虎尾,2024-01-05,9377
00937B,群益ESG投等債20,37,2,35,華南永昌-虎尾,2024-01-05,9377
00762,元大全球AI,35,0,35,華南永昌-虎尾,2024-01-05,9377
8096,擎亞,51,17,34,華南永昌-虎尾,2024-01-05,9377
2206,三陽工業,32,0,32,華南永昌-虎尾,2024-01-05,9377
2376,技嘉,32,0,32,華南永昌-虎尾,2024-01-05,9377
2610,華航,47,15,32,華南永昌-虎尾,2024-01-05,9377
3380,明泰,49,17,32,華南永昌-虎尾,2024-01-05,9377
2485,兆赫,66,35,31,華南永昌-虎尾,2024-01-05,9377
00851,台新全球AI,25,0,25,華南永昌-虎尾,2024-01-05,9377
3050,鈺德,25,0,25,華南永昌-虎尾,2024-01-05,9377
00770,國泰北美科技,22,0,22,華南永昌-虎尾,2024-01-05,9377
2368,金像電,22,0,22,華南永昌-虎尾,2024-01-05,9377
8085,福華,24,2,22,華南永昌-虎尾,2024-01-05,9377
2303,聯電,53,32,21,華南永昌-虎尾,2024-01-05,9377
1605,華新,20,0,20,華南永昌-虎尾,2024-01-05,9377
9935,慶豐富,20,0,20,華南永昌-虎尾,2024-01-05,9377
2337,旺宏,20,1,19,華南永昌-虎尾,2024-01-05,9377
2489,瑞軒,22,4,18,華南永昌-虎尾,2024-01-05,9377
00679B,元大美債20年,29,11,18,華南永昌-虎尾,2024-01-05,9377
00927,群益半導體收益,15,0,15,華南永昌-虎尾,2024-01-05,9377
2369,菱生,15,0,15,華南永昌-虎尾,2024-01-05,9377
3715,定穎投控,15,0,15,華南永昌-虎尾,2024-01-05,9377
5880,合庫金,15,0,15,華南永昌-虎尾,2024-01-05,9377
6672,騰輝電子-KY,15,0,15,華南永昌-虎尾,2024-01-05,9377
2344,華邦電,25,11,14,華南永昌-虎尾,2024-01-05,9377
00680L,元大美債20正2,14,0,14,華南永昌-虎尾,2024-01-05,9377
2607,榮運,56,42,14,華南永昌-虎尾,2024-01-05,9377
4207,環泰,21,7,14,華南永昌-虎尾,2024-01-05,9377
00919,群益台灣精選高息,12,0,12,華南永昌-虎尾,2024-01-05,9377
1802,台玻,11,0,11,華南永昌-虎尾,2024-01-05,9377
00720B,元大投資級公司債,11,0,11,華南永昌-虎尾,2024-01-05,9377
5498,凱崴,11,0,11,華南永昌-虎尾,2024-01-05,9377
2801,彰銀,10,0,10,華南永昌-虎尾,2024-01-05,9377
3630,新鉅科,10,0,10,華南永昌-虎尾,2024-01-05,9377
3673,TPK-KY,14,4,10,華南永昌-虎尾,2024-01-05,9377
2889,國票金,10,0,10,華南永昌-虎尾,2024-01-05,9377
3094,聯傑,9,0,9,華南永昌-虎尾,2024-01-05,9377
6285,啟��,11,3,8,華南永昌-虎尾,2024-01-05,9377
2880,華南金,10,2,8,華南永昌-虎尾,2024-01-05,9377
3005,神基,8,0,8,華南永昌-虎尾,2024-01-05,9377
3014,聯陽,8,0,8,華南永昌-虎尾,2024-01-05,9377
00878,國泰永續高股息,8,0,8,華南永昌-虎尾,2024-01-05,9377
1711,永光,7,0,7,華南永昌-虎尾,2024-01-05,9377
00929,復華台灣科技優息,178,0,178,華南永昌-虎尾,2024-01-08,9377
00882,中信中國高股息,110,0,110,華南永昌-虎尾,2024-01-08,9377
2376,技嘉,64,0,64,華南永昌-虎尾,2024-01-08,9377
2344,華邦電,68,8,60,華南永昌-虎尾,2024-01-08,9377
2388,威盛,74,19,55,華南永昌-虎尾,2024-01-08,9377
00933B,國泰10Y+金融債,61,10,51,華南永昌-虎尾,2024-01-08,9377
5521,工信,95,46,49,華南永昌-虎尾,2024-01-08,9377
00919,群益台灣精選高息,47,0,47,華南永昌-虎尾,2024-01-08,9377
2486,一詮,57,12,45,華南永昌-虎尾,2024-01-08,9377
8034,榮群,48,4,44,華南永昌-虎尾,2024-01-08,9377
2353,宏��,75,32,43,華南永昌-虎尾,2024-01-08,9377
00637L,元大滬深300正2,216,176,40,華南永昌-虎尾,2024-01-08,9377
2610,華航,37,0,37,華南永昌-虎尾,2024-01-08,9377
00687B,國泰20年美債,36,0,36,華南永昌-虎尾,2024-01-08,9377
8096,擎亞,64,29,35,華南永昌-虎尾,2024-01-08,9377
2331,精英,186,157,29,華南永昌-虎尾,2024-01-08,9377
6770,力積電,57,30,27,華南永昌-虎尾,2024-01-08,9377
2324,仁寶,68,44,24,華南永昌-虎尾,2024-01-08,9377
1532,勤美,24,0,24,華南永昌-虎尾,2024-01-08,9377
5347,世界,22,1,21,華南永昌-虎尾,2024-01-08,9377
3017,奇鋐,21,1,20,華南永昌-虎尾,2024-01-08,9377
2607,榮運,20,0,20,華南永昌-虎尾,2024-01-08,9377
1785,光洋科,30,10,20,華南永昌-虎尾,2024-01-08,9377
9904,寶成,20,0,20,華南永昌-虎尾,2024-01-08,9377
00679B,元大美債20年,18,0,18,華南永昌-虎尾,2024-01-08,9377
00680L,元大美債20正2,17,0,17,華南永昌-虎尾,2024-01-08,9377
3673,TPK-KY,17,0,17,華南永昌-虎尾,2024-01-08,9377
2485,兆赫,20,5,15,華南永昌-虎尾,2024-01-08,9377
2543,皇昌,25,10,15,華南永昌-虎尾,2024-01-08,9377
8213,志超,15,0,15,華南永昌-虎尾,2024-01-08,9377
1909,榮成,14,0,14,華南永昌-虎尾,2024-01-08,9377
4533,協易機,14,0,14,華南永昌-虎尾,2024-01-08,9377
2363,矽統,16,2,14,華南永昌-虎尾,2024-01-08,9377
2439,美律,12,0,12,華南永昌-虎尾,2024-01-08,9377
1440,南紡,13,1,12,華南永昌-虎尾,2024-01-08,9377
3013,晟銘電,12,0,12,華南永昌-虎尾,2024-01-08,9377
3588,通嘉,45,33,12,華南永昌-虎尾,2024-01-08,9377
00633L,富邦上証正2,21,10,11,華南永昌-虎尾,2024-01-08,9377
2882,國泰金,12,1,11,華南永昌-虎尾,2024-01-08,9377
1721,三晃,12,1,11,華南永昌-虎尾,2024-01-08,9377
00923,群益台ESG低碳50,10,0,10,華南永昌-虎尾,2024-01-08,9377
2352,佳世達,14,4,10,華南永昌-虎尾,2024-01-08,9377
00715L,期街口布蘭特正2,10,0,10,華南永昌-虎尾,2024-01-08,9377
00795B,中信美國公債20年,10,0,10,華南永昌-虎尾,2024-01-08,9377
3287,廣寰科,11,1,10,華南永昌-虎尾,2024-01-08,9377
3322,建舜電,10,0,10,華南永昌-虎尾,2024-01-08,9377
4906,正文,10,0,10,華南永昌-虎尾,2024-01-08,9377
5302,太欣,10,0,10,華南永昌-虎尾,2024-01-08,9377
1584,精剛,11,1,10,華南永昌-虎尾,2024-01-08,9377
4105,東洋,10,0,10,華南永昌-虎尾,2024-01-08,9377
2405,輔信,102,3,99,華南永昌-虎尾,2024-01-09,9377
00680L,元大美債20正2,108,10,98,華南永昌-虎尾,2024-01-09,9377
8096,擎亞,161,65,96,華南永昌-虎尾,2024-01-09,9377
2324,仁寶,105,22,83,華南永昌-虎尾,2024-01-09,9377
2323,中環,100,20,80,華南永昌-虎尾,2024-01-09,9377
00715L,期街口布蘭特正2,61,0,61,華南永昌-虎尾,2024-01-09,9377
00937B,群益ESG投等債20,58,2,56,華南永昌-虎尾,2024-01-09,9377
00929,復華台灣科技優息,65,14,51,華南永昌-虎尾,2024-01-09,9377
2327,國巨,50,0,50,華南永昌-虎尾,2024-01-09,9377
00753L,中信中國50正2,50,0,50,華南永昌-虎尾,2024-01-09,9377
2897,王道銀行,50,0,50,華南永昌-虎尾,2024-01-09,9377
6505,台塑化,50,0,50,華南永昌-虎尾,2024-01-09,9377
2882,國泰金,51,2,49,華南永昌-虎尾,2024-01-09,9377
00851,台新全球AI,54,6,48,華南永昌-虎尾,2024-01-09,9377
00919,群益台灣精選高息,35,1,34,華南永昌-虎尾,2024-01-09,9377
2002,中鋼,35,1,34,華南永昌-虎尾,2024-01-09,9377
1615,大山,31,0,31,華南永昌-虎尾,2024-01-09,9377
2890,永豐金,30,1,29,華南永昌-虎尾,2024-01-09,9377
3231,緯創,111,83,28,華南永昌-虎尾,2024-01-09,9377
00762,元大全球AI,26,0,26,華南永昌-虎尾,2024-01-09,9377
2344,華邦電,25,0,25,華南永昌-虎尾,2024-01-09,9377
2353,宏��,149,124,25,華南永昌-虎尾,2024-01-09,9377
2881,富邦金,26,1,25,華南永昌-虎尾,2024-01-09,9377
2607,榮運,24,1,23,華南永昌-虎尾,2024-01-09,9377
00687B,國泰20年美債,23,0,23,華南永昌-虎尾,2024-01-09,9377
5452,佶優,20,0,20,華南永昌-虎尾,2024-01-09,9377
6015,宏遠證,20,0,20,華南永昌-虎尾,2024-01-09,9377
1460,宏遠,20,0,20,華南永昌-虎尾,2024-01-09,9377
2530,華建,20,0,20,華南永昌-虎尾,2024-01-09,9377
8932,智通*,20,0,20,華南永昌-虎尾,2024-01-09,9377
6125,廣運,20,0,20,華南永昌-虎尾,2024-01-09,9377
3078,僑威,24,4,20,華南永昌-虎尾,2024-01-09,9377
8068,全達,21,2,19,華南永昌-虎尾,2024-01-09,9377
6672,騰輝電子-KY,20,2,18,華南永昌-虎尾,2024-01-09,9377
3051,力特,17,0,17,華南永昌-虎尾,2024-01-09,9377
1217,愛之味,15,0,15,華南永昌-虎尾,2024-01-09,9377
3287,廣寰科,17,2,15,華南永昌-虎尾,2024-01-09,9377
2368,金像電,18,6,12,華南永昌-虎尾,2024-01-09,9377
1711,永光,12,0,12,華南永昌-虎尾,2024-01-09,9377
2317,鴻海,12,0,12,華南永昌-虎尾,2024-01-09,9377
3257,虹冠電,12,0,12,華南永昌-虎尾,2024-01-09,9377
2634,漢翔,20,9,11,華南永昌-虎尾,2024-01-09,9377
5498,凱崴,11,0,11,華南永昌-虎尾,2024-01-09,9377
6235,華孚,14,3,11,華南永昌-虎尾,2024-01-09,9377
6244,茂迪,11,0,11,華南永昌-虎尾,2024-01-09,9377
2617,台航,11,0,11,華南永昌-虎尾,2024-01-09,9377
6117,迎廣,19,8,11,華南永昌-虎尾,2024-01-09,9377
6163,華電網,10,0,10,華南永昌-虎尾,2024-01-09,9377
2645,長榮航太,10,0,10,華南永昌-虎尾,2024-01-09,9377
00653L,富邦印度正2,10,0,10,華南永昌-虎尾,2024-01-09,9377
00632R,元大台灣50反1,165,0,165,華南永昌-虎尾,2024-01-10,9377
00688L,國泰20年美債正2,154,0,154,華南永昌-虎尾,2024-01-10,9377
00937B,群益ESG投等債20,123,11,112,華南永昌-虎尾,2024-01-10,9377
5439,高技,95,0,95,華南永昌-虎尾,2024-01-10,9377
00929,復華台灣科技優息,64,3,61,華南永昌-虎尾,2024-01-10,9377
2530,華建,60,0,60,華南永昌-虎尾,2024-01-10,9377
1615,大山,59,0,59,華南永昌-虎尾,2024-01-10,9377
2317,鴻海,53,0,53,華南永昌-虎尾,2024-01-10,9377
2897,王道銀行,50,0,50,華南永昌-虎尾,2024-01-10,9377
9105,泰金寶-DR,50,0,50,華南永昌-虎尾,2024-01-10,9377
1326,台化,45,0,45,華南永昌-虎尾,2024-01-10,9377
2890,永豐金,35,0,35,華南永昌-虎尾,2024-01-10,9377
3605,宏致,34,0,34,華南永昌-虎尾,2024-01-10,9377
3050,鈺德,28,0,28,華南永昌-虎尾,2024-01-10,9377
2408,南亞科,27,0,27,華南永昌-虎尾,2024-01-10,9377
00878,國泰永續高股息,26,0,26,華南永昌-虎尾,2024-01-10,9377
00919,群益台灣精選高息,25,0,25,華南永昌-虎尾,2024-01-10,9377
3189,景碩,23,0,23,華南永昌-虎尾,2024-01-10,9377
5347,世界,26,3,23,華南永昌-虎尾,2024-01-10,9377
2002,中鋼,22,0,22,華南永昌-虎尾,2024-01-10,9377
2399,映泰,21,0,21,華南永昌-虎尾,2024-01-10,9377
2353,宏��,28,7,21,華南永昌-虎尾,2024-01-10,9377
4157,太景*-KY,20,0,20,華南永昌-虎尾,2024-01-10,9377
1532,勤美,19,0,19,華南永昌-虎尾,2024-01-10,9377
4207,環泰,19,0,19,華南永昌-虎尾,2024-01-10,9377
2915,潤泰全,18,0,18,華南永昌-虎尾,2024-01-10,9377
8932,智通*,16,0,16,華南永昌-虎尾,2024-01-10,9377
2427,三商電,15,0,15,華南永昌-虎尾,2024-01-10,9377
6282,康舒,15,0,15,華南永昌-虎尾,2024-01-10,9377
6122,擎邦,15,0,15,華南永昌-虎尾,2024-01-10,9377
2356,英業達,28,13,15,華南永昌-虎尾,2024-01-10,9377
2609,陽明,106,92,14,華南永昌-虎尾,2024-01-10,9377
00933B,國泰10Y+金融債,15,1,14,華南永昌-虎尾,2024-01-10,9377
1805,寶徠,14,0,14,華南永昌-虎尾,2024-01-10,9377
2610,華航,25,11,14,華南永昌-虎尾,2024-01-10,9377
2634,漢翔,32,18,14,華南永昌-虎尾,2024-01-10,9377
5880,合庫金,13,0,13,華南永昌-虎尾,2024-01-10,9377
2482,連宇,12,0,12,華南永昌-虎尾,2024-01-10,9377
3583,辛耘,13,1,12,華南永昌-虎尾,2024-01-10,9377
5519,隆大,12,0,12,華南永昌-虎尾,2024-01-10,9377
1455,集盛,11,0,11,華南永昌-虎尾,2024-01-10,9377
1584,精剛,11,0,11,華南永昌-虎尾,2024-01-10,9377
1460,宏遠,11,0,11,華南永昌-虎尾,2024-01-10,9377
3051,力特,12,1,11,華南永昌-虎尾,2024-01-10,9377
2303,聯電,13,3,10,華南永昌-虎尾,2024-01-10,9377
2323,中環,10,0,10,華南永昌-虎尾,2024-01-10,9377
2485,兆赫,25,15,10,華南永昌-虎尾,2024-01-10,9377
2633,台灣高鐵,10,0,10,華南永昌-虎尾,2024-01-10,9377
2301,光寶科,11,1,10,華南永昌-虎尾,2024-01-10,9377
3016,嘉晶,10,0,10,華南永昌-虎尾,2024-01-10,9377
00919,群益台灣精選高息,124,0,124,華南永昌-虎尾,2024-01-11,9377
00929,復華台灣科技優息,95,2,93,華南永昌-虎尾,2024-01-11,9377
2376,技嘉,107,20,87,華南永昌-虎尾,2024-01-11,9377
00715L,期街口布蘭特正2,61,0,61,華南永昌-虎尾,2024-01-11,9377
2618,長榮航,110,52,58,華南永昌-虎尾,2024-01-11,9377
3052,夆典,50,0,50,華南永昌-虎尾,2024-01-11,9377
6116,彩晶,44,0,44,華南永昌-虎尾,2024-01-11,9377
2607,榮運,37,0,37,華南永昌-虎尾,2024-01-11,9377
2610,華航,33,0,33,華南永昌-虎尾,2024-01-11,9377
2444,兆勁,32,0,32,華南永昌-虎尾,2024-01-11,9377
3715,定穎投控,36,5,31,華南永昌-虎尾,2024-01-11,9377
3312,弘憶股,31,0,31,華南永昌-虎尾,2024-01-11,9377
5880,合庫金,30,0,30,華南永昌-虎尾,2024-01-11,9377
2449,京元電子,30,1,29,華南永昌-虎尾,2024-01-11,9377
00688L,國泰20年美債正2,29,0,29,華南永昌-虎尾,2024-01-11,9377
00687B,國泰20年美債,27,0,27,華南永昌-虎尾,2024-01-11,9377
1301,台塑,26,0,26,華南永昌-虎尾,2024-01-11,9377
2023,燁輝,26,0,26,華南永昌-虎尾,2024-01-11,9377
00851,台新全球AI,24,0,24,華南永昌-虎尾,2024-01-11,9377
2408,南亞科,24,1,23,華南永昌-虎尾,2024-01-11,9377
6120,達運,38,15,23,華南永昌-虎尾,2024-01-11,9377
3264,欣銓,23,1,22,華南永昌-虎尾,2024-01-11,9377
1909,榮成,20,0,20,華南永昌-虎尾,2024-01-11,9377
2365,昆盈,20,0,20,華南永昌-虎尾,2024-01-11,9377
2324,仁寶,25,5,20,華南永昌-虎尾,2024-01-11,9377
6187,萬潤,19,0,19,華南永昌-虎尾,2024-01-11,9377
00937B,群益ESG投等債20,18,1,17,華南永昌-虎尾,2024-01-11,9377
2915,潤泰全,16,0,16,華南永昌-虎尾,2024-01-11,9377
2356,英業達,54,38,16,華南永昌-虎尾,2024-01-11,9377
00655L,國泰中國A50正2,25,10,15,華南永昌-虎尾,2024-01-11,9377
2409,友達,15,0,15,華南永昌-虎尾,2024-01-11,9377
5426,振發,19,6,13,華南永昌-虎尾,2024-01-11,9377
3078,僑威,13,1,12,華南永昌-虎尾,2024-01-11,9377
2468,華經,12,0,12,華南永昌-虎尾,2024-01-11,9377
2329,華泰,38,27,11,華南永昌-虎尾,2024-01-11,9377
3059,華晶科,11,0,11,華南永昌-虎尾,2024-01-11,9377
2344,華邦電,11,0,11,華南永昌-虎尾,2024-01-11,9377
2867,三商壽,12,1,11,華南永昌-虎尾,2024-01-11,9377
8933,愛地雅,11,0,11,華南永昌-虎尾,2024-01-11,9377
2611,志信,18,7,11,華南永昌-虎尾,2024-01-11,9377
3163,波若威,11,0,11,華南永昌-虎尾,2024-01-11,9377
00930,永豐ESG低碳高息,10,0,10,華南永昌-虎尾,2024-01-11,9377
4533,協易機,10,0,10,華南永昌-虎尾,2024-01-11,9377
5272,笙科,10,0,10,華南永昌-虎尾,2024-01-11,9377
2206,三陽工業,10,0,10,華南永昌-虎尾,2024-01-11,9377
6164,華興,11,1,10,華南永昌-虎尾,2024-01-11,9377
6239,力成,26,16,10,華南永昌-虎尾,2024-01-11,9377
00857B,永豐20年美公債,9,0,9,華南永昌-虎尾,2024-01-11,9377
2101,南港,9,0,9,華南永昌-虎尾,2024-01-11,9377
2388,威盛,12,3,9,華南永昌-虎尾,2024-01-11,9377
00715L,期街口布蘭特正2,400,122,278,華南永昌-虎尾,2024-01-12,9377
00891,中信關鍵半導體,183,0,183,華南永昌-虎尾,2024-01-12,9377
00894,中信小資高價30,159,0,159,華南永昌-虎尾,2024-01-12,9377
2610,華航,121,7,114,華南永昌-虎尾,2024-01-12,9377
2890,永豐金,147,35,112,華南永昌-虎尾,2024-01-12,9377
6547,高端疫苗,115,8,107,華南永昌-虎尾,2024-01-12,9377
00929,復華台灣科技優息,84,0,84,華南永昌-虎尾,2024-01-12,9377
2607,榮運,63,3,60,華南永昌-虎尾,2024-01-12,9377
00896,中信綠能及電動車,50,0,50,華南永昌-虎尾,2024-01-12,9377
00637L,元大滬深300正2,131,81,50,華南永昌-虎尾,2024-01-12,9377
2356,英業達,54,12,42,華南永昌-虎尾,2024-01-12,9377
8096,擎亞,98,58,40,華南永昌-虎尾,2024-01-12,9377
2449,京元電子,38,0,38,華南永昌-虎尾,2024-01-12,9377
00687B,國泰20年美債,32,0,32,華南永昌-虎尾,2024-01-12,9377
3050,鈺德,32,0,32,華南永昌-虎尾,2024-01-12,9377
3438,類比科,33,2,31,華南永昌-虎尾,2024-01-12,9377
2516,新建,30,0,30,華南永昌-虎尾,2024-01-12,9377
5498,凱崴,26,0,26,華南永昌-虎尾,2024-01-12,9377
2915,潤泰全,27,2,25,華南永昌-虎尾,2024-01-12,9377
2603,長榮,53,29,24,華南永昌-虎尾,2024-01-12,9377
00680L,元大美債20正2,23,0,23,華南永昌-虎尾,2024-01-12,9377
2409,友達,25,2,23,華南永昌-虎尾,2024-01-12,9377
2303,聯電,22,0,22,華南永昌-虎尾,2024-01-12,9377
5426,振發,50,29,21,華南永昌-虎尾,2024-01-12,9377
3257,虹冠電,20,0,20,華南永昌-虎尾,2024-01-12,9377
6235,華孚,17,0,17,華南永昌-虎尾,2024-01-12,9377
2485,兆赫,20,5,15,華南永昌-虎尾,2024-01-12,9377
5880,合庫金,15,0,15,華南永昌-虎尾,2024-01-12,9377
00927,群益半導體收益,13,0,13,華南永昌-虎尾,2024-01-12,9377
4979,華星光,16,3,13,華南永昌-虎尾,2024-01-12,9377
2376,技嘉,16,3,13,華南永昌-虎尾,2024-01-12,9377
00878,國泰永續高股息,12,0,12,華南永昌-虎尾,2024-01-12,9377
1809,中釉,14,2,12,華南永昌-虎尾,2024-01-12,9377
4402,郡都開發,12,0,12,華南永昌-虎尾,2024-01-12,9377
6237,驊訊,14,2,12,華南永昌-虎尾,2024-01-12,9377
3481,群創,21,11,10,華南永昌-虎尾,2024-01-12,9377
6217,中探針,10,0,10,華南永昌-虎尾,2024-01-12,9377
00725B,國泰投資級公司債,10,0,10,華南永昌-虎尾,2024-01-12,9377
1301,台塑,10,0,10,華南永昌-虎尾,2024-01-12,9377
2323,中環,20,10,10,華南永昌-虎尾,2024-01-12,9377
2887,台新金,10,0,10,華南永昌-虎尾,2024-01-12,9377
5364,力麗店,10,0,10,華南永昌-虎尾,2024-01-12,9377
5452,佶優,10,0,10,華南永昌-虎尾,2024-01-12,9377
5487,通泰,10,0,10,華南永昌-虎尾,2024-01-12,9377
6219,富旺,10,0,10,華南永昌-虎尾,2024-01-12,9377
6509,聚和,10,0,10,華南永昌-虎尾,2024-01-12,9377
8183,精星,10,0,10,華南永昌-虎尾,2024-01-12,9377
2388,威盛,16,7,9,華南永昌-虎尾,2024-01-12,9377
2457,飛宏,20,11,9,華南永昌-虎尾,2024-01-12,9377
5258,虹堡,17,8,9,華南永昌-虎尾,2024-01-12,9377
3231,緯創,389,78,311,華南永昌-虎尾,2024-01-15,9377
00929,復華台灣科技優息,150,7,143,華南永昌-虎尾,2024-01-15,9377
2618,長榮航,133,8,125,華南永昌-虎尾,2024-01-15,9377
00894,中信小資高價30,100,0,100,華南永昌-虎尾,2024-01-15,9377
2883,凱基金,83,0,83,華南永昌-虎尾,2024-01-15,9377
00878,國泰永續高股息,72,0,72,華南永昌-虎尾,2024-01-15,9377
3481,群創,36,2,34,華南永昌-虎尾,2024-01-15,9377
2329,華泰,37,7,30,華南永昌-虎尾,2024-01-15,9377
00680L,元大美債20正2,28,0,28,華南永昌-虎尾,2024-01-15,9377
2392,正崴,28,0,28,華南永昌-虎尾,2024-01-15,9377
2382,廣達,35,9,26,華南永昌-虎尾,2024-01-15,9377
00688L,國泰20年美債正2,26,0,26,華南永昌-虎尾,2024-01-15,9377
2890,永豐金,25,0,25,華南永昌-虎尾,2024-01-15,9377
2887,台新金,25,0,25,華南永昌-虎尾,2024-01-15,9377
5521,工信,23,0,23,華南永昌-虎尾,2024-01-15,9377
2344,華邦電,62,39,23,華南永昌-虎尾,2024-01-15,9377
2353,宏��,41,19,22,華南永昌-虎尾,2024-01-15,9377
4956,光鋐,22,0,22,華南永昌-虎尾,2024-01-15,9377
3483,力致,52,31,21,華南永昌-虎尾,2024-01-15,9377
2610,華航,21,1,20,華南永昌-虎尾,2024-01-15,9377
2312,金寶,17,0,17,華南永昌-虎尾,2024-01-15,9377
6486,互動,16,0,16,華南永昌-虎尾,2024-01-15,9377
00919,群益台灣精選高息,16,0,16,華南永昌-虎尾,2024-01-15,9377
6806,森崴能源,22,7,15,華南永昌-虎尾,2024-01-15,9377
3588,通嘉,29,15,14,華南永昌-虎尾,2024-01-15,9377
6244,茂迪,29,16,13,華南永昌-虎尾,2024-01-15,9377
1815,富喬,22,10,12,華南永昌-虎尾,2024-01-15,9377
5351,鈺創,28,16,12,華南永昌-虎尾,2024-01-15,9377
6415,矽力*-KY,12,1,11,華南永昌-虎尾,2024-01-15,9377
5347,世界,12,1,11,華南永昌-虎尾,2024-01-15,9377
4564,元翎,10,0,10,華南永昌-虎尾,2024-01-15,9377
1909,榮成,10,0,10,華南永昌-虎尾,2024-01-15,9377
2104,國際中橡,10,0,10,華南永昌-虎尾,2024-01-15,9377
2349,錸德,10,0,10,華南永昌-虎尾,2024-01-15,9377
2364,倫飛,15,5,10,華南永昌-虎尾,2024-01-15,9377
2888,新光金,10,0,10,華南永昌-虎尾,2024-01-15,9377
3363,上詮,12,2,10,華南永昌-虎尾,2024-01-15,9377
5498,凱崴,10,0,10,華南永昌-虎尾,2024-01-15,9377
3528,安馳,10,0,10,華南永昌-虎尾,2024-01-15,9377
6530,創威,12,2,10,華南永昌-虎尾,2024-01-15,9377
6593,台灣銘板,20,10,10,華南永昌-虎尾,2024-01-15,9377
2402,毅嘉,13,4,9,華南永昌-虎尾,2024-01-15,9377
3017,奇鋐,13,4,9,華南永昌-虎尾,2024-01-15,9377
2409,友達,20,11,9,華南永昌-虎尾,2024-01-15,9377
6770,力積電,9,1,8,華南永昌-虎尾,2024-01-15,9377
3035,智原,14,6,8,華南永昌-虎尾,2024-01-15,9377
1301,台塑,8,0,8,華南永昌-虎尾,2024-01-15,9377
6856,鑫傳,8,0,8,華南永昌-虎尾,2024-01-15,9377
2603,長榮,13,5,8,華南永昌-虎尾,2024-01-15,9377
6235,華孚,8,1,7,華南永昌-虎尾,2024-01-15,9377
8096,擎亞,119,10,109,華南永昌-虎尾,2024-01-16,9377
2486,一詮,118,16,102,華南永昌-虎尾,2024-01-16,9377
00894,中信小資高價30,86,2,84,華南永昌-虎尾,2024-01-16,9377
1326,台化,76,0,76,華南永昌-虎尾,2024-01-16,9377
2323,中環,90,20,70,華南永昌-虎尾,2024-01-16,9377
2409,友達,82,15,67,華南永昌-虎尾,2024-01-16,9377
2883,凱基金,67,1,66,華南永昌-虎尾,2024-01-16,9377
00688L,國泰20年美債正2,57,0,57,華南永昌-虎尾,2024-01-16,9377
1301,台塑,55,0,55,華南永昌-虎尾,2024-01-16,9377
6139,亞翔,51,2,49,華南永昌-虎尾,2024-01-16,9377
2371,大同,45,1,44,華南永昌-虎尾,2024-01-16,9377
2884,玉山金,44,2,42,華南永昌-虎尾,2024-01-16,9377
3623,富晶通,57,21,36,華南永昌-虎尾,2024-01-16,9377
2344,華邦電,39,5,34,華南永昌-虎尾,2024-01-16,9377
3231,緯創,63,30,33,華南永昌-虎尾,2024-01-16,9377
00881,國泰台灣5G+,35,2,33,華南永昌-虎尾,2024-01-16,9377
2303,聯電,51,19,32,華南永昌-虎尾,2024-01-16,9377
00850,元大臺灣ESG永續,30,0,30,華南永昌-虎尾,2024-01-16,9377
6152,百一,30,0,30,華南永昌-虎尾,2024-01-16,9377
5880,合庫金,29,0,29,華南永昌-虎尾,2024-01-16,9377
2609,陽明,53,25,28,華南永昌-虎尾,2024-01-16,9377
5498,凱崴,27,0,27,華南永昌-虎尾,2024-01-16,9377
1101,台泥,26,1,25,華南永昌-虎尾,2024-01-16,9377
2610,華航,35,10,25,華南永昌-虎尾,2024-01-16,9377
2324,仁寶,22,0,22,華南永昌-虎尾,2024-01-16,9377
4157,太景*-KY,26,5,21,華南永昌-虎尾,2024-01-16,9377
4960,誠美材,21,0,21,華南永昌-虎尾,2024-01-16,9377
00927,群益半導體收益,20,0,20,華南永昌-虎尾,2024-01-16,9377
2365,昆盈,20,0,20,華南永昌-虎尾,2024-01-16,9377
2539,櫻花建,20,0,20,華南永昌-虎尾,2024-01-16,9377
6695,芯鼎,36,16,20,華南永昌-虎尾,2024-01-16,9377
6535,順藥,23,4,19,華南永昌-虎尾,2024-01-16,9377
2405,輔信,26,9,17,華南永昌-虎尾,2024-01-16,9377
9919,康那香,17,0,17,華南永昌-虎尾,2024-01-16,9377
6120,達運,20,4,16,華南永昌-虎尾,2024-01-16,9377
2208,台船,17,2,15,華南永昌-虎尾,2024-01-16,9377
00680L,元大美債20正2,14,0,14,華南永昌-虎尾,2024-01-16,9377
4904,遠傳,17,3,14,華南永昌-虎尾,2024-01-16,9377
3013,晟銘電,14,1,13,華南永昌-虎尾,2024-01-16,9377
6282,康舒,15,2,13,華南永昌-虎尾,2024-01-16,9377
6505,台塑化,13,0,13,華南永昌-虎尾,2024-01-16,9377
1528,恩德,28,15,13,華南永昌-虎尾,2024-01-16,9377
2801,彰銀,12,0,12,華南永昌-虎尾,2024-01-16,9377
1609,大亞,13,1,12,華南永昌-虎尾,2024-01-16,9377
1909,榮成,17,5,12,華南永昌-虎尾,2024-01-16,9377
2355,敬鵬,12,0,12,華南永昌-虎尾,2024-01-16,9377
1584,精剛,11,0,11,華南永昌-虎尾,2024-01-16,9377
2603,長榮,19,8,11,華南永昌-虎尾,2024-01-16,9377
2834,臺企銀,11,0,11,華南永昌-虎尾,2024-01-16,9377
5258,虹堡,11,0,11,華南永昌-虎尾,2024-01-16,9377
2344,華邦電,180,15,165,華南永昌-虎尾,2024-01-17,9377
00894,中信小資高價30,155,0,155,華南永昌-虎尾,2024-01-17,9377
00919,群益台灣精選高息,105,1,104,華南永昌-虎尾,2024-01-17,9377
5498,凱崴,99,0,99,華南永昌-虎尾,2024-01-17,9377
2303,聯電,74,4,70,華南永昌-虎尾,2024-01-17,9377
1467,南緯,70,5,65,華南永昌-虎尾,2024-01-17,9377
2402,毅嘉,65,0,65,華南永昌-虎尾,2024-01-17,9377
2323,中環,89,30,59,華南永昌-虎尾,2024-01-17,9377
0056,元大高股息,54,3,51,華南永昌-虎尾,2024-01-17,9377
2890,永豐金,51,0,51,華南永昌-虎尾,2024-01-17,9377
2486,一詮,81,37,44,華南永昌-虎尾,2024-01-17,9377
00655L,國泰中國A50正2,43,0,43,華南永昌-虎尾,2024-01-17,9377
00878,國泰永續高股息,61,20,41,華南永昌-虎尾,2024-01-17,9377
2485,兆赫,50,10,40,華南永昌-虎尾,2024-01-17,9377
2489,瑞軒,44,4,40,華南永昌-虎尾,2024-01-17,9377
2883,凱基金,39,0,39,華南永昌-虎尾,2024-01-17,9377
00688L,國泰20年美債正2,37,0,37,華南永昌-虎尾,2024-01-17,9377
2317,鴻海,36,0,36,華南永昌-虎尾,2024-01-17,9377
00929,復華台灣科技優息,106,71,35,華南永昌-虎尾,2024-01-17,9377
4157,太景*-KY,33,0,33,華南永昌-虎尾,2024-01-17,9377
1301,台塑,38,6,32,華南永昌-虎尾,2024-01-17,9377
2888,新光金,32,0,32,華南永昌-虎尾,2024-01-17,9377
1326,台化,39,7,32,華南永昌-虎尾,2024-01-17,9377
00882,中信中國高股息,31,2,29,華南永昌-虎尾,2024-01-17,9377
8358,金居,29,0,29,華南永昌-虎尾,2024-01-17,9377
2884,玉山金,28,0,28,華南永昌-虎尾,2024-01-17,9377
00680L,元大美債20正2,28,0,28,華南永昌-虎尾,2024-01-17,9377
2356,英業達,59,33,26,華南永昌-虎尾,2024-01-17,9377
00637L,元大滬深300正2,127,103,24,華南永昌-虎尾,2024-01-17,9377
6243,迅杰,61,38,23,華南永昌-虎尾,2024-01-17,9377
2329,華泰,65,42,23,華南永昌-虎尾,2024-01-17,9377
0050,元大台灣50,21,0,21,華南永昌-虎尾,2024-01-17,9377
6505,台塑化,23,3,20,華南永昌-虎尾,2024-01-17,9377
2530,華建,20,0,20,華南永昌-虎尾,2024-01-17,9377
2867,三商壽,20,0,20,華南永昌-虎尾,2024-01-17,9377
9910,豐泰,22,3,19,華南永昌-虎尾,2024-01-17,9377
1504,東元,21,2,19,華南永昌-虎尾,2024-01-17,9377
4909,新復興,20,1,19,華南永昌-虎尾,2024-01-17,9377
2312,金寶,25,7,18,華南永昌-虎尾,2024-01-17,9377
2409,友達,18,0,18,華南永昌-虎尾,2024-01-17,9377
1733,五鼎,19,1,18,華南永昌-虎尾,2024-01-17,9377
3306,鼎天,20,2,18,華南永昌-虎尾,2024-01-17,9377
4956,光鋐,26,9,17,華南永昌-虎尾,2024-01-17,9377
2516,新建,20,3,17,華南永昌-虎尾,2024-01-17,9377
1584,精剛,16,0,16,華南永昌-虎尾,2024-01-17,9377
00679B,元大美債20年,15,0,15,華南永昌-虎尾,2024-01-17,9377
00904,新光臺灣半導體30,15,0,15,華南永昌-虎尾,2024-01-17,9377
2368,金像電,18,3,15,華南永昌-虎尾,2024-01-17,9377
2886,兆豐金,15,0,15,華南永昌-虎尾,2024-01-17,9377
00900,富邦特選高股息30,14,0,14,華南永昌-虎尾,2024-01-17,9377
00632R,元大台灣50反1,264,0,264,華南永昌-虎尾,2024-01-18,9377
3033,威健,72,0,72,華南永昌-虎尾,2024-01-18,9377
2002,中鋼,65,0,65,華南永昌-虎尾,2024-01-18,9377
2609,陽明,89,25,64,華南永昌-虎尾,2024-01-18,9377
2303,聯電,72,10,62,華南永昌-虎尾,2024-01-18,9377
2890,永豐金,55,5,50,華南永昌-虎尾,2024-01-18,9377
2897,王道銀行,50,0,50,華南永昌-虎尾,2024-01-18,9377
00882,中信中國高股息,47,0,47,華南永昌-虎尾,2024-01-18,9377
6189,豐藝,46,0,46,華南永昌-虎尾,2024-01-18,9377
00715L,期街口布蘭特正2,50,6,44,華南永昌-虎尾,2024-01-18,9377
00929,復華台灣科技優息,52,10,42,華南永昌-虎尾,2024-01-18,9377
00933B,國泰10Y+金融債,37,0,37,華南永昌-虎尾,2024-01-18,9377
2324,仁寶,39,4,35,華南永昌-虎尾,2024-01-18,9377
00762,元大全球AI,35,0,35,華南永昌-虎尾,2024-01-18,9377
1303,南亞,34,1,33,華南永昌-虎尾,2024-01-18,9377
5498,凱崴,28,0,28,華南永昌-虎尾,2024-01-18,9377
00851,台新全球AI,26,1,25,華南永昌-虎尾,2024-01-18,9377
9919,康那香,25,0,25,華南永昌-虎尾,2024-01-18,9377
4960,誠美材,44,21,23,華南永昌-虎尾,2024-01-18,9377
3051,力特,22,0,22,華南永昌-虎尾,2024-01-18,9377
6770,力積電,22,0,22,華南永昌-虎尾,2024-01-18,9377
2382,廣達,29,8,21,華南永昌-虎尾,2024-01-18,9377
00680L,元大美債20正2,20,0,20,華南永昌-虎尾,2024-01-18,9377
8096,擎亞,31,11,20,華南永昌-虎尾,2024-01-18,9377
8936,國統,27,7,20,華南永昌-虎尾,2024-01-18,9377
2486,一詮,106,87,19,華南永昌-虎尾,2024-01-18,9377
5880,合庫金,19,0,19,華南永昌-虎尾,2024-01-18,9377
1528,恩德,357,339,18,華南永昌-虎尾,2024-01-18,9377
0056,元大高股息,16,0,16,華南永昌-虎尾,2024-01-18,9377
5426,振發,50,34,16,華南永昌-虎尾,2024-01-18,9377
00918,大華優利高填息30,15,0,15,華南永昌-虎尾,2024-01-18,9377
3287,廣寰科,27,12,15,華南永昌-虎尾,2024-01-18,9377
9910,豐泰,14,0,14,華南永昌-虎尾,2024-01-18,9377
2362,藍天,15,1,14,華南永昌-虎尾,2024-01-18,9377
5864,致和證,13,0,13,華南永昌-虎尾,2024-01-18,9377
1815,富喬,12,0,12,華南永昌-虎尾,2024-01-18,9377
6139,亞翔,14,2,12,華南永昌-虎尾,2024-01-18,9377
9105,泰金寶-DR,12,0,12,華南永昌-虎尾,2024-01-18,9377
2883,凱基金,11,0,11,華南永昌-虎尾,2024-01-18,9377
2258,鴻華先進-創,10,0,10,華南永昌-虎尾,2024-01-18,9377
4909,新復興,10,0,10,華南永昌-虎尾,2024-01-18,9377
5443,均豪,10,0,10,華南永昌-虎尾,2024-01-18,9377
6856,鑫傳,10,0,10,華南永昌-虎尾,2024-01-18,9377
00878,國泰永續高股息,8,0,8,華南永昌-虎尾,2024-01-18,9377
00894,中信小資高價30,8,0,8,華南永昌-虎尾,2024-01-18,9377
3013,晟銘電,8,0,8,華南永昌-虎尾,2024-01-18,9377
2353,宏��,50,43,7,華南永昌-虎尾,2024-01-18,9377
6505,台塑化,7,0,7,華南永昌-虎尾,2024-01-18,9377
3035,智原,12,5,7,華南永昌-虎尾,2024-01-18,9377
00655L,國泰中國A50正2,13,6,7,華南永昌-虎尾,2024-01-18,9377
2486,一詮,118,30,88,華南永昌-虎尾,2024-01-19,9377
00882,中信中國高股息,75,0,75,華南永昌-虎尾,2024-01-19,9377
00891,中信關鍵半導體,59,0,59,華南永昌-虎尾,2024-01-19,9377
00688L,國泰20年美債正2,52,0,52,華南永昌-虎尾,2024-01-19,9377
2002,中鋼,53,1,52,華南永昌-虎尾,2024-01-19,9377
2369,菱生,50,0,50,華南永昌-虎尾,2024-01-19,9377
2363,矽統,50,4,46,華南永昌-虎尾,2024-01-19,9377
6770,力積電,44,0,44,華南永昌-虎尾,2024-01-19,9377
2618,長榮航,47,5,42,華南永昌-虎尾,2024-01-19,9377
4909,新復興,40,0,40,華南永昌-虎尾,2024-01-19,9377
00679B,元大美債20年,34,0,34,華南永昌-虎尾,2024-01-19,9377
00937B,群益ESG投等債20,33,0,33,華南永昌-虎尾,2024-01-19,9377
00680L,元大美債20正2,28,0,28,華南永昌-虎尾,2024-01-19,9377
6173,信昌電,33,6,27,華南永昌-虎尾,2024-01-19,9377
6547,高端疫苗,26,0,26,華南永昌-虎尾,2024-01-19,9377
00929,復華台灣科技優息,29,4,25,華南永昌-虎尾,2024-01-19,9377
2409,友達,25,2,23,華南永昌-虎尾,2024-01-19,9377
3520,華盈,31,8,23,華南永昌-虎尾,2024-01-19,9377
2324,仁寶,58,36,22,華南永昌-虎尾,2024-01-19,9377
00687B,國泰20年美債,21,0,21,華南永昌-虎尾,2024-01-19,9377
00919,群益台灣精選高息,29,8,21,華南永昌-虎尾,2024-01-19,9377
00751B,元大AAA至A公司債,20,0,20,華南永昌-虎尾,2024-01-19,9377
4906,正文,20,0,20,華南永昌-虎尾,2024-01-19,9377
6285,啟��,23,3,20,華南永昌-虎尾,2024-01-19,9377
4960,誠美材,20,1,19,華南永昌-虎尾,2024-01-19,9377
2485,兆赫,30,11,19,華南永昌-虎尾,2024-01-19,9377
5439,高技,19,0,19,華南永昌-虎尾,2024-01-19,9377
3483,力致,17,0,17,華南永昌-虎尾,2024-01-19,9377
2106,建大,15,0,15,華南永昌-虎尾,2024-01-19,9377
3032,偉訓,14,0,14,華南永昌-虎尾,2024-01-19,9377
4402,郡都開發,11,0,11,華南永昌-虎尾,2024-01-19,9377
2014,中鴻,14,4,10,華南永昌-虎尾,2024-01-19,9377
1304,台聚,10,0,10,華南永昌-虎尾,2024-01-19,9377
1539,巨庭,10,0,10,華南永昌-虎尾,2024-01-19,9377
1732,毛寶,10,0,10,華南永昌-虎尾,2024-01-19,9377
1802,台玻,10,0,10,華南永昌-虎尾,2024-01-19,9377
3289,宜特,12,2,10,華南永昌-虎尾,2024-01-19,9377
3522,御嵿,10,0,10,華南永昌-虎尾,2024-01-19,9377
6109,亞元,10,0,10,華南永昌-虎尾,2024-01-19,9377
6667,信紘科,10,1,9,華南永昌-虎尾,2024-01-19,9377
2603,長榮,17,9,8,華南永昌-虎尾,2024-01-19,9377
00753L,中信中國50正2,14,6,8,華南永昌-虎尾,2024-01-19,9377
1514,亞力,17,9,8,華南永昌-虎尾,2024-01-19,9377
3252,海灣,8,0,8,華南永昌-虎尾,2024-01-19,9377
3265,台星科,11,3,8,華南永昌-虎尾,2024-01-19,9377
5880,合庫金,8,0,8,華南永昌-虎尾,2024-01-19,9377
6593,台灣銘板,8,0,8,華南永昌-虎尾,2024-01-19,9377
00720B,元大投資級公司債,7,0,7,華南永昌-虎尾,2024-01-19,9377
1326,台化,7,0,7,華南永昌-虎尾,2024-01-19,9377
3013,晟銘電,8,1,7,華南永昌-虎尾,2024-01-19,9377
00891,中信關鍵半導體,329,0,329,華南永昌-虎尾,2024-01-22,9377
00882,中信中國高股息,162,0,162,華南永昌-虎尾,2024-01-22,9377
3481,群創,139,80,59,華南永昌-虎尾,2024-01-22,9377
00751B,元大AAA至A公司債,50,0,50,華南永昌-虎尾,2024-01-22,9377
00680L,元大美債20正2,50,0,50,華南永昌-虎尾,2024-01-22,9377
3704,合勤控,50,0,50,華南永昌-虎尾,2024-01-22,9377
2344,華邦電,56,10,46,華南永昌-虎尾,2024-01-22,9377
2324,仁寶,89,44,45,華南永昌-虎尾,2024-01-22,9377
3520,華盈,45,1,44,華南永昌-虎尾,2024-01-22,9377
00753L,中信中國50正2,57,13,44,華南永昌-虎尾,2024-01-22,9377
4909,新復興,41,1,40,華南永昌-虎尾,2024-01-22,9377
6770,力積電,45,5,40,華南永昌-虎尾,2024-01-22,9377
00851,台新全球AI,38,0,38,華南永昌-虎尾,2024-01-22,9377
4906,正文,45,14,31,華南永昌-虎尾,2024-01-22,9377
2530,華建,29,0,29,華南永昌-虎尾,2024-01-22,9377
2881,富邦金,28,1,27,華南永昌-虎尾,2024-01-22,9377
6113,亞矽,26,0,26,華南永昌-虎尾,2024-01-22,9377
2618,長榮航,121,96,25,華南永昌-虎尾,2024-01-22,9377
2317,鴻海,26,1,25,華南永昌-虎尾,2024-01-22,9377
1101,台泥,22,0,22,華南永昌-虎尾,2024-01-22,9377
2002,中鋼,20,0,20,華南永昌-虎尾,2024-01-22,9377
00706L,期元大S＆P日圓正2,20,0,20,華南永昌-虎尾,2024-01-22,9377
00929,復華台灣科技優息,47,29,18,華南永昌-虎尾,2024-01-22,9377
2885,元大金,15,0,15,華南永昌-虎尾,2024-01-22,9377
3437,榮創,15,0,15,華南永昌-虎尾,2024-01-22,9377
2316,楠梓電,14,0,14,華南永昌-虎尾,2024-01-22,9377
6856,鑫傳,14,0,14,華南永昌-虎尾,2024-01-22,9377
3706,神達,42,28,14,華南永昌-虎尾,2024-01-22,9377
2834,臺企銀,14,0,14,華南永昌-虎尾,2024-01-22,9377
6285,啟��,15,2,13,華南永昌-虎尾,2024-01-22,9377
00885,富邦越南,13,0,13,華南永昌-虎尾,2024-01-22,9377
5880,合庫金,11,0,11,華南永昌-虎尾,2024-01-22,9377
1216,統一,11,0,11,華南永昌-虎尾,2024-01-22,9377
2543,皇昌,11,0,11,華南永昌-虎尾,2024-01-22,9377
8996,高力,17,6,11,華南永昌-虎尾,2024-01-22,9377
2892,第一金,11,0,11,華南永昌-虎尾,2024-01-22,9377
1301,台塑,11,0,11,華南永昌-虎尾,2024-01-22,9377
6190,萬泰科,14,4,10,華南永昌-虎尾,2024-01-22,9377
1217,愛之味,10,0,10,華南永昌-虎尾,2024-01-22,9377
1584,精剛,10,0,10,華南永昌-虎尾,2024-01-22,9377
3317,尼克森,10,0,10,華南永昌-虎尾,2024-01-22,9377
3419,譁裕,10,0,10,華南永昌-虎尾,2024-01-22,9377
1731,美吾華,10,0,10,華南永昌-虎尾,2024-01-22,9377
3339,泰谷,10,0,10,華南永昌-虎尾,2024-01-22,9377
6451,訊芯-KY,10,0,10,華南永昌-虎尾,2024-01-22,9377
1795,美時,10,2,8,華南永昌-虎尾,2024-01-22,9377
6505,台塑化,7,0,7,華南永昌-虎尾,2024-01-22,9377
1409,新纖,7,0,7,華南永昌-虎尾,2024-01-22,9377
3287,廣寰科,9,2,7,華南永昌-虎尾,2024-01-22,9377
6592,和潤企業,7,0,7,華南永昌-虎尾,2024-01-22,9377
2610,華航,361,10,351,華南永昌-虎尾,2024-01-23,9377
3033,威健,102,0,102,華南永昌-虎尾,2024-01-23,9377
2609,陽明,96,14,82,華南永昌-虎尾,2024-01-23,9377
2356,英業達,206,130,76,華南永昌-虎尾,2024-01-23,9377
5244,弘凱,61,0,61,華南永昌-虎尾,2024-01-23,9377
2329,華泰,93,33,60,華南永昌-虎尾,2024-01-23,9377
00637L,元大滬深300正2,290,235,55,華南永昌-虎尾,2024-01-23,9377
6108,競國,60,6,54,華南永昌-虎尾,2024-01-23,9377
2530,華建,40,0,40,華南永昌-虎尾,2024-01-23,9377
8059,凱碩,30,1,29,華南永昌-虎尾,2024-01-23,9377
2363,矽統,35,7,28,華南永昌-虎尾,2024-01-23,9377
2867,三商壽,31,3,28,華南永昌-虎尾,2024-01-23,9377
2834,臺企銀,30,3,27,華南永昌-虎尾,2024-01-23,9377
3050,鈺德,34,12,22,華南永昌-虎尾,2024-01-23,9377
2887,台新金,19,1,18,華南永昌-虎尾,2024-01-23,9377
2331,精英,19,1,18,華南永昌-虎尾,2024-01-23,9377
3323,加百裕,18,0,18,華南永昌-虎尾,2024-01-23,9377
5351,鈺創,17,1,16,華南永昌-虎尾,2024-01-23,9377
3032,偉訓,33,18,15,華南永昌-虎尾,2024-01-23,9377
00738U,期元大道瓊白銀,15,0,15,華南永昌-虎尾,2024-01-23,9377
3701,大眾控,15,0,15,華南永昌-虎尾,2024-01-23,9377
6156,松上,15,0,15,華南永昌-虎尾,2024-01-23,9377
2486,一詮,65,50,15,華南永昌-虎尾,2024-01-23,9377
2618,長榮航,20,6,14,華南永昌-虎尾,2024-01-23,9377
2408,南亞科,16,2,14,華南永昌-虎尾,2024-01-23,9377
2002,中鋼,15,2,13,華南永昌-虎尾,2024-01-23,9377
2355,敬鵬,13,1,12,華南永昌-虎尾,2024-01-23,9377
2537,聯上發,14,2,12,華南永昌-虎尾,2024-01-23,9377
8096,擎亞,15,3,12,華南永昌-虎尾,2024-01-23,9377
3037,欣興,17,6,11,華南永昌-虎尾,2024-01-23,9377
00669R,國泰美國道瓊反1,11,0,11,華南永昌-虎尾,2024-01-23,9377
2014,中鴻,11,0,11,華南永昌-虎尾,2024-01-23,9377
2349,錸德,11,0,11,華南永昌-虎尾,2024-01-23,9377
4956,光鋐,11,0,11,華南永昌-虎尾,2024-01-23,9377
2485,兆赫,20,10,10,華南永昌-虎尾,2024-01-23,9377
00933B,國泰10Y+金融債,10,0,10,華南永昌-虎尾,2024-01-23,9377
00673R,期元大S＆P原油反1,10,0,10,華南永昌-虎尾,2024-01-23,9377
00632R,元大台灣50反1,10,0,10,華南永昌-虎尾,2024-01-23,9377
6026,福邦證,10,0,10,華南永昌-虎尾,2024-01-23,9377
6244,茂迪,10,1,9,華南永昌-虎尾,2024-01-23,9377
3041,揚智,12,3,9,華南永昌-虎尾,2024-01-23,9377
1584,精剛,8,0,8,華南永昌-虎尾,2024-01-23,9377
6531,愛普*,9,2,7,華南永昌-虎尾,2024-01-23,9377
8011,台通,7,0,7,華南永昌-虎尾,2024-01-23,9377
1325,恆大,8,1,7,華南永昌-虎尾,2024-01-23,9377
2615,萬海,7,0,7,華南永昌-虎尾,2024-01-23,9377
8931,大汽電,7,0,7,華南永昌-虎尾,2024-01-23,9377
1795,美時,7,1,6,華南永昌-虎尾,2024-01-23,9377
3712,永崴投控,8,2,6,華南永昌-虎尾,2024-01-23,9377
00877,復華中國5G,6,0,6,華南永昌-虎尾,2024-01-23,9377
00632R,元大台灣50反1,388,0,388,華南永昌-虎尾,2024-01-24,9377
00637L,元大滬深300正2,242,102,140,華南永昌-虎尾,2024-01-24,9377
2356,英業達,164,48,116,華南永昌-虎尾,2024-01-24,9377
2329,華泰,90,14,76,華南永昌-虎尾,2024-01-24,9377
2484,希華,69,0,69,華南永昌-虎尾,2024-01-24,9377
00753L,中信中國50正2,63,19,44,華南永昌-虎尾,2024-01-24,9377
2344,華邦電,61,20,41,華南永昌-虎尾,2024-01-24,9377
8068,全達,57,24,33,華南永昌-虎尾,2024-01-24,9377
6770,力積電,34,2,32,華南永昌-虎尾,2024-01-24,9377
2884,玉山金,31,1,30,華南永昌-虎尾,2024-01-24,9377
00937B,群益ESG投等債20,42,13,29,華南永昌-虎尾,2024-01-24,9377
3231,緯創,66,37,29,華南永昌-虎尾,2024-01-24,9377
2883,凱基金,31,3,28,華南永昌-虎尾,2024-01-24,9377
3047,訊舟,30,2,28,華南永昌-虎尾,2024-01-24,9377
2409,友達,28,1,27,華南永昌-虎尾,2024-01-24,9377
3050,鈺德,22,0,22,華南永昌-虎尾,2024-01-24,9377
3504,揚明光,32,10,22,華南永昌-虎尾,2024-01-24,9377
2359,所羅門,21,0,21,華南永昌-虎尾,2024-01-24,9377
3037,欣興,31,10,21,華南永昌-虎尾,2024-01-24,9377
5880,合庫金,20,0,20,華南永昌-虎尾,2024-01-24,9377
2530,華建,20,0,20,華南永昌-虎尾,2024-01-24,9377
2516,新建,15,0,15,華南永昌-虎尾,2024-01-24,9377
1522,堤維西,13,0,13,華南永昌-虎尾,2024-01-24,9377
2352,佳世達,13,1,12,華南永昌-虎尾,2024-01-24,9377
6271,同欣電,13,1,12,華南永昌-虎尾,2024-01-24,9377
2382,廣達,15,3,12,華南永昌-虎尾,2024-01-24,9377
1101,台泥,11,0,11,華南永昌-虎尾,2024-01-24,9377
3374,精材,13,2,11,華南永昌-虎尾,2024-01-24,9377
6274,台燿,12,1,11,華南永昌-虎尾,2024-01-24,9377
2609,陽明,22,11,11,華南永昌-虎尾,2024-01-24,9377
3481,群創,52,41,11,華南永昌-虎尾,2024-01-24,9377
00688L,國泰20年美債正2,10,0,10,華南永昌-虎尾,2024-01-24,9377
5398,慕康生醫,10,0,10,華南永昌-虎尾,2024-01-24,9377
8034,榮群,12,2,10,華南永昌-虎尾,2024-01-24,9377
6237,驊訊,38,28,10,華南永昌-虎尾,2024-01-24,9377
4909,新復興,16,7,9,華南永昌-虎尾,2024-01-24,9377
2913,農林,10,1,9,華南永昌-虎尾,2024-01-24,9377
3615,安可,70,61,9,華南永昌-虎尾,2024-01-24,9377
5244,弘凱,11,2,9,華南永昌-虎尾,2024-01-24,9377
8096,擎亞,20,11,9,華南永昌-虎尾,2024-01-24,9377
8054,安國,26,19,7,華南永昌-虎尾,2024-01-24,9377
2421,建準,18,11,7,華南永昌-虎尾,2024-01-24,9377
3499,環天科,10,3,7,華南永昌-虎尾,2024-01-24,9377
6265,方土昶,10,4,6,華南永昌-虎尾,2024-01-24,9377
3580,友威科,6,0,6,華南永昌-虎尾,2024-01-24,9377
3406,玉晶光,8,2,6,華南永昌-虎尾,2024-01-24,9377
9910,豐泰,6,0,6,華南永昌-虎尾,2024-01-24,9377
2610,華航,16,10,6,華南永昌-虎尾,2024-01-24,9377
2886,兆豐金,6,0,6,華南永昌-虎尾,2024-01-24,9377
3016,嘉晶,6,0,6,華南永昌-虎尾,2024-01-24,9377
00753L,中信中國50正2,353,13,340,華南永昌-虎尾,2024-01-25,9377
2356,英業達,268,94,174,華南永昌-虎尾,2024-01-25,9377
00933B,國泰10Y+金融債,214,64,150,華南永昌-虎尾,2024-01-25,9377
2344,華邦電,119,18,101,華南永昌-虎尾,2024-01-25,9377
4726,永昕,96,2,94,華南永昌-虎尾,2024-01-25,9377
4960,誠美材,81,0,81,華南永昌-虎尾,2024-01-25,9377
3231,緯創,130,57,73,華南永昌-虎尾,2024-01-25,9377
00923,群益台ESG低碳50,60,0,60,華南永昌-虎尾,2024-01-25,9377
4909,新復興,56,3,53,華南永昌-虎尾,2024-01-25,9377
2610,華航,51,1,50,華南永昌-虎尾,2024-01-25,9377
2324,仁寶,66,18,48,華南永昌-虎尾,2024-01-25,9377
2369,菱生,74,29,45,華南永昌-虎尾,2024-01-25,9377
2382,廣達,62,19,43,華南永昌-虎尾,2024-01-25,9377
6168,宏齊,40,0,40,華南永昌-虎尾,2024-01-25,9377
00633L,富邦上証正2,44,7,37,華南永昌-虎尾,2024-01-25,9377
00687B,國泰20年美債,34,0,34,華南永昌-虎尾,2024-01-25,9377
2485,兆赫,30,0,30,華南永昌-虎尾,2024-01-25,9377
2431,聯昌,26,0,26,華南永昌-虎尾,2024-01-25,9377
6244,茂迪,21,0,21,華南永昌-虎尾,2024-01-25,9377
00902,中信電池及儲能,20,0,20,華南永昌-虎尾,2024-01-25,9377
2482,連宇,20,0,20,華南永昌-虎尾,2024-01-25,9377
2516,新建,20,0,20,華南永昌-虎尾,2024-01-25,9377
5515,建國,20,0,20,華南永昌-虎尾,2024-01-25,9377
8358,金居,20,0,20,華南永昌-虎尾,2024-01-25,9377
2436,偉詮電,16,0,16,華南永昌-虎尾,2024-01-25,9377
3050,鈺德,16,0,16,華南永昌-虎尾,2024-01-25,9377
00688L,國泰20年美債正2,15,0,15,華南永昌-虎尾,2024-01-25,9377
2489,瑞軒,15,0,15,華南永昌-虎尾,2024-01-25,9377
8096,擎亞,67,53,14,華南永昌-虎尾,2024-01-25,9377
2371,大同,13,0,13,華南永昌-虎尾,2024-01-25,9377
6182,合晶,23,10,13,華南永昌-虎尾,2024-01-25,9377
5426,振發,18,5,13,華南永昌-虎尾,2024-01-25,9377
2609,陽明,13,1,12,華南永昌-虎尾,2024-01-25,9377
00673R,期元大S＆P原油反1,12,0,12,華南永昌-虎尾,2024-01-25,9377
00720B,元大投資級公司債,12,0,12,華南永昌-虎尾,2024-01-25,9377
8936,國統,21,9,12,華南永昌-虎尾,2024-01-25,9377
2484,希華,11,0,11,華南永昌-虎尾,2024-01-25,9377
4967,十銓,11,0,11,華南永昌-虎尾,2024-01-25,9377
5210,寶碩,11,0,11,華南永昌-虎尾,2024-01-25,9377
5474,聰泰,11,0,11,華南永昌-虎尾,2024-01-25,9377
6113,亞矽,31,20,11,華南永昌-虎尾,2024-01-25,9377
5347,世界,11,1,10,華南永昌-虎尾,2024-01-25,9377
1909,榮成,10,0,10,華南永昌-虎尾,2024-01-25,9377
00934,中信成長高股息,10,0,10,華南永昌-虎尾,2024-01-25,9377
00752,中信中國50,10,0,10,華南永昌-虎尾,2024-01-25,9377
00680L,元大美債20正2,10,0,10,華南永昌-虎尾,2024-01-25,9377
2323,中環,50,40,10,華南永昌-虎尾,2024-01-25,9377
2883,凱基金,10,0,10,華南永昌-虎尾,2024-01-25,9377
5371,中光電,10,0,10,華南永昌-虎尾,2024-01-25,9377
5512,力麒,10,0,10,華南永昌-虎尾,2024-01-25,9377
00673R,期元大S＆P原油反1,120,0,120,華南永昌-虎尾,2024-01-26,9377
00637L,元大滬深300正2,177,65,112,華南永昌-虎尾,2024-01-26,9377
2303,聯電,156,65,91,華南永昌-虎尾,2024-01-26,9377
2402,毅嘉,78,0,78,華南永昌-虎尾,2024-01-26,9377
00851,台新全球AI,73,0,73,華南永昌-虎尾,2024-01-26,9377
2356,英業達,104,32,72,華南永昌-虎尾,2024-01-26,9377
8112,至上,74,3,71,華南永昌-虎尾,2024-01-26,9377
00687B,國泰20年美債,67,0,67,華南永昌-虎尾,2024-01-26,9377
2324,仁寶,66,5,61,華南永昌-虎尾,2024-01-26,9377
4909,新復興,63,3,60,華南永昌-虎尾,2024-01-26,9377
3520,華盈,38,0,38,華南永昌-虎尾,2024-01-26,9377
00937B,群益ESG投等債20,35,0,35,華南永昌-虎尾,2024-01-26,9377
1540,喬福,35,0,35,華南永昌-虎尾,2024-01-26,9377
3050,鈺德,34,0,34,華南永昌-虎尾,2024-01-26,9377
1615,大山,28,0,28,華南永昌-虎尾,2024-01-26,9377
00878,國泰永續高股息,39,12,27,華南永昌-虎尾,2024-01-26,9377
2454,聯發科,26,0,26,華南永昌-虎尾,2024-01-26,9377
2344,華邦電,69,43,26,華南永昌-虎尾,2024-01-26,9377
2329,華泰,51,25,26,華南永昌-虎尾,2024-01-26,9377
3706,神達,28,4,24,華南永昌-虎尾,2024-01-26,9377
00929,復華台灣科技優息,23,0,23,華南永昌-虎尾,2024-01-26,9377
2359,所羅門,22,0,22,華南永昌-虎尾,2024-01-26,9377
3360,尚立,40,18,22,華南永昌-虎尾,2024-01-26,9377
5425,台半,21,0,21,華南永昌-虎尾,2024-01-26,9377
6125,廣運,24,3,21,華南永昌-虎尾,2024-01-26,9377
2313,華通,22,1,21,華南永昌-虎尾,2024-01-26,9377
1584,精剛,20,0,20,華南永昌-虎尾,2024-01-26,9377
6168,宏齊,20,0,20,華南永昌-虎尾,2024-01-26,9377
6873,泓德能源,20,0,20,華南永昌-虎尾,2024-01-26,9377
3035,智原,25,5,20,華南永昌-虎尾,2024-01-26,9377
3231,緯創,72,53,19,華南永昌-虎尾,2024-01-26,9377
4746,台耀,21,3,18,華南永昌-虎尾,2024-01-26,9377
0056,元大高股息,17,1,16,華南永昌-虎尾,2024-01-26,9377
2489,瑞軒,29,14,15,華南永昌-虎尾,2024-01-26,9377
3312,弘憶股,23,8,15,華南永昌-虎尾,2024-01-26,9377
3499,環天科,15,0,15,華南永昌-虎尾,2024-01-26,9377
3354,律勝,25,11,14,華南永昌-虎尾,2024-01-26,9377
5519,隆大,15,1,14,華南永昌-虎尾,2024-01-26,9377
1101,台泥,13,0,13,華南永昌-虎尾,2024-01-26,9377
2323,中環,15,2,13,華南永昌-虎尾,2024-01-26,9377
3005,神基,14,1,13,華南永昌-虎尾,2024-01-26,9377
3287,廣寰科,13,0,13,華南永昌-虎尾,2024-01-26,9377
00882,中信中國高股息,13,1,12,華南永昌-虎尾,2024-01-26,9377
6235,華孚,16,4,12,華南永昌-虎尾,2024-01-26,9377
6285,啟��,12,0,12,華南永昌-虎尾,2024-01-26,9377
3030,德律,11,0,11,華南永昌-虎尾,2024-01-26,9377
00919,群益台灣精選高息,11,0,11,華南永昌-虎尾,2024-01-26,9377
2609,陽明,16,6,10,華南永昌-虎尾,2024-01-26,9377
00671R,富邦NASDAQ反1,10,0,10,華南永昌-虎尾,2024-01-26,9377
00669R,國泰美國道瓊反1,10,0,10,華南永昌-虎尾,2024-01-26,9377
00935,野村臺灣新科技50,219,20,199,華南永昌-虎尾,2024-01-29,9377
3041,揚智,203,10,193,華南永昌-虎尾,2024-01-29,9377
9919,康那香,110,0,110,華南永昌-虎尾,2024-01-29,9377
00687B,國泰20年美債,68,0,68,華南永昌-虎尾,2024-01-29,9377
2014,中鴻,80,18,62,華南永昌-虎尾,2024-01-29,9377
3481,群創,92,32,60,華南永昌-虎尾,2024-01-29,9377
00632R,元大台灣50反1,50,0,50,華南永昌-虎尾,2024-01-29,9377
00679B,元大美債20年,38,0,38,華南永昌-虎尾,2024-01-29,9377
2303,聯電,36,0,36,華南永昌-虎尾,2024-01-29,9377
3581,博磊,30,0,30,華南永昌-虎尾,2024-01-29,9377
3520,華盈,29,0,29,華南永昌-虎尾,2024-01-29,9377
2609,陽明,36,8,28,華南永昌-虎尾,2024-01-29,9377
3297,杭特,30,5,25,華南永昌-虎尾,2024-01-29,9377
2352,佳世達,28,5,23,華南永昌-虎尾,2024-01-29,9377
5469,瀚宇博,41,18,23,華南永昌-虎尾,2024-01-29,9377
5519,隆大,23,1,22,華南永昌-虎尾,2024-01-29,9377
2867,三商壽,21,0,21,華南永昌-虎尾,2024-01-29,9377
00933B,國泰10Y+金融債,21,0,21,華南永昌-虎尾,2024-01-29,9377
2634,漢翔,20,0,20,華南永昌-虎尾,2024-01-29,9377
6120,達運,20,0,20,華南永昌-虎尾,2024-01-29,9377
5452,佶優,20,0,20,華南永昌-虎尾,2024-01-29,9377
2399,映泰,20,0,20,華南永昌-虎尾,2024-01-29,9377
4533,協易機,19,0,19,華南永昌-虎尾,2024-01-29,9377
00673R,期元大S＆P原油反1,16,0,16,華南永昌-虎尾,2024-01-29,9377
00891,中信關鍵半導體,15,0,15,華南永昌-虎尾,2024-01-29,9377
00929,復華台灣科技優息,30,15,15,華南永昌-虎尾,2024-01-29,9377
2476,鉅祥,15,0,15,華南永昌-虎尾,2024-01-29,9377
2454,聯發科,14,1,13,華南永昌-虎尾,2024-01-29,9377
8096,擎亞,28,15,13,華南永昌-虎尾,2024-01-29,9377
4157,太景*-KY,11,0,11,華南永昌-虎尾,2024-01-29,9377
3047,訊舟,19,8,11,華南永昌-虎尾,2024-01-29,9377
2913,農林,10,0,10,華南永昌-虎尾,2024-01-29,9377
3025,星通,12,2,10,華南永昌-虎尾,2024-01-29,9377
3033,威健,10,0,10,華南永昌-虎尾,2024-01-29,9377
00919,群益台灣精選高息,11,1,10,華南永昌-虎尾,2024-01-29,9377
00669R,國泰美國道瓊反1,10,0,10,華南永昌-虎尾,2024-01-29,9377
00753L,中信中國50正2,10,0,10,華南永昌-虎尾,2024-01-29,9377
1308,亞聚,10,0,10,華南永昌-虎尾,2024-01-29,9377
3218,大學光,10,0,10,華南永昌-虎尾,2024-01-29,9377
3257,虹冠電,10,0,10,華南永昌-虎尾,2024-01-29,9377
4532,瑞智,15,5,10,華南永昌-虎尾,2024-01-29,9377
6477,安集,10,0,10,華南永昌-虎尾,2024-01-29,9377
8404,百和興業-KY,10,0,10,華南永昌-虎尾,2024-01-29,9377
2486,一詮,14,5,9,華南永昌-虎尾,2024-01-29,9377
00706L,期元大S＆P日圓正2,8,0,8,華南永昌-虎尾,2024-01-29,9377
1326,台化,13,5,8,華南永昌-虎尾,2024-01-29,9377
6589,台康生技,18,10,8,華南永昌-虎尾,2024-01-29,9377
6770,力積電,9,1,8,華南永昌-虎尾,2024-01-29,9377
2610,華航,27,20,7,華南永昌-虎尾,2024-01-29,9377
3017,奇鋐,13,6,7,華南永昌-虎尾,2024-01-29,9377
00894,中信小資高價30,284,0,284,華南永昌-虎尾,2024-01-30,9377
3481,群創,214,73,141,華南永昌-虎尾,2024-01-30,9377
00712,復華富時不動產,73,0,73,華南永昌-虎尾,2024-01-30,9377
2867,三商壽,54,0,54,華南永昌-虎尾,2024-01-30,9377
3050,鈺德,47,0,47,華南永昌-虎尾,2024-01-30,9377
8112,至上,46,0,46,華南永昌-虎尾,2024-01-30,9377
2344,華邦電,70,24,46,華南永昌-虎尾,2024-01-30,9377
2486,一詮,47,6,41,華南永昌-虎尾,2024-01-30,9377
2883,凱基金,39,0,39,華南永昌-虎尾,2024-01-30,9377
00937B,群益ESG投等債20,48,11,37,華南永昌-虎尾,2024-01-30,9377
6770,力積電,40,5,35,華南永昌-虎尾,2024-01-30,9377
00900,富邦特選高股息30,30,0,30,華南永昌-虎尾,2024-01-30,9377
00933B,國泰10Y+金融債,29,1,28,華南永昌-虎尾,2024-01-30,9377
2356,英業達,71,45,26,華南永昌-虎尾,2024-01-30,9377
2323,中環,55,30,25,華南永昌-虎尾,2024-01-30,9377
8034,榮群,25,1,24,華南永昌-虎尾,2024-01-30,9377
4729,熒茂,22,0,22,華南永昌-虎尾,2024-01-30,9377
4960,誠美材,21,1,20,華南永昌-虎尾,2024-01-30,9377
00850,元大臺灣ESG永續,20,1,19,華南永昌-虎尾,2024-01-30,9377
00715L,期街口布蘭特正2,21,2,19,華南永昌-虎尾,2024-01-30,9377
00650L,復華香港正2,18,0,18,華南永昌-虎尾,2024-01-30,9377
3045,台灣大,18,0,18,華南永昌-虎尾,2024-01-30,9377
6235,華孚,22,5,17,華南永昌-虎尾,2024-01-30,9377
00637L,元大滬深300正2,154,137,17,華南永昌-虎尾,2024-01-30,9377
2489,瑞軒,17,0,17,華南永昌-虎尾,2024-01-30,9377
00669R,國泰美國道瓊反1,16,0,16,華南永昌-虎尾,2024-01-30,9377
6120,達運,31,15,16,華南永昌-虎尾,2024-01-30,9377
2421,建準,38,25,13,華南永昌-虎尾,2024-01-30,9377
2498,宏達電,44,31,13,華南永昌-虎尾,2024-01-30,9377
2609,陽明,21,8,13,華南永昌-虎尾,2024-01-30,9377
2454,聯發科,17,4,13,華南永昌-虎尾,2024-01-30,9377
00929,復華台灣科技優息,12,0,12,華南永昌-虎尾,2024-01-30,9377
3227,原相,15,3,12,華南永昌-虎尾,2024-01-30,9377
6282,康舒,17,5,12,華南永昌-虎尾,2024-01-30,9377
1301,台塑,19,7,12,華南永昌-虎尾,2024-01-30,9377
2485,兆赫,17,5,12,華南永昌-虎尾,2024-01-30,9377
5425,台半,11,0,11,華南永昌-虎尾,2024-01-30,9377
2349,錸德,11,0,11,華南永昌-虎尾,2024-01-30,9377
2606,裕民,11,0,11,華南永昌-虎尾,2024-01-30,9377
2382,廣達,36,25,11,華南永昌-虎尾,2024-01-30,9377
3221,台嘉碩,10,0,10,華南永昌-虎尾,2024-01-30,9377
4909,新復興,10,0,10,華南永昌-虎尾,2024-01-30,9377
6185,幃翔,10,0,10,華南永昌-虎尾,2024-01-30,9377
00730,富邦臺灣優質高息,10,0,10,華南永昌-虎尾,2024-01-30,9377
2301,光寶科,13,3,10,華南永昌-虎尾,2024-01-30,9377
2324,仁寶,15,5,10,華南永昌-虎尾,2024-01-30,9377
2363,矽統,10,0,10,華南永昌-虎尾,2024-01-30,9377
2618,長榮航,54,44,10,華南永昌-虎尾,2024-01-30,9377
5386,青雲,9,0,9,華南永昌-虎尾,2024-01-30,9377
3499,環天科,8,0,8,華南永昌-虎尾,2024-01-30,9377
00937B,群益ESG投等債20,237,32,205,華南永昌-虎尾,2024-01-31,9377
00894,中信小資高價30,94,0,94,華南永昌-虎尾,2024-01-31,9377
8080,印鉐,78,0,78,華南永昌-虎尾,2024-01-31,9377
2880,華南金,72,0,72,華南永昌-虎尾,2024-01-31,9377
00877,復華中國5G,53,0,53,華南永昌-虎尾,2024-01-31,9377
2303,聯電,61,9,52,華南永昌-虎尾,2024-01-31,9377
2405,輔信,61,11,50,華南永昌-虎尾,2024-01-31,9377
2892,第一金,50,2,48,華南永昌-虎尾,2024-01-31,9377
2356,英業達,71,23,48,華南永昌-虎尾,2024-01-31,9377
2409,友達,46,0,46,華南永昌-虎尾,2024-01-31,9377
00680L,元大美債20正2,42,0,42,華南永昌-虎尾,2024-01-31,9377
2498,宏達電,66,40,26,華南永昌-虎尾,2024-01-31,9377
0056,元大高股息,24,0,24,華南永昌-虎尾,2024-01-31,9377
2485,兆赫,23,0,23,華南永昌-虎尾,2024-01-31,9377
6235,華孚,28,5,23,華南永昌-虎尾,2024-01-31,9377
2883,凱基金,22,0,22,華南永昌-虎尾,2024-01-31,9377
3481,群創,25,3,22,華南永昌-虎尾,2024-01-31,9377
00929,復華台灣科技優息,23,2,21,華南永昌-虎尾,2024-01-31,9377
2888,新光金,21,1,20,華南永昌-虎尾,2024-01-31,9377
2408,南亞科,20,0,20,華南永昌-虎尾,2024-01-31,9377
3376,新日興,24,4,20,華南永昌-虎尾,2024-01-31,9377
8112,至上,19,0,19,華南永昌-虎尾,2024-01-31,9377
2382,廣達,21,3,18,華南永昌-虎尾,2024-01-31,9377
4726,永昕,18,0,18,華南永昌-虎尾,2024-01-31,9377
6180,橘子,20,2,18,華南永昌-虎尾,2024-01-31,9377
3231,緯創,57,41,16,華南永昌-虎尾,2024-01-31,9377
2014,中鴻,20,5,15,華南永昌-虎尾,2024-01-31,9377
6147,頎邦,15,0,15,華南永昌-虎尾,2024-01-31,9377
1432,大魯閣,15,0,15,華南永昌-虎尾,2024-01-31,9377
4533,協易機,14,0,14,華南永昌-虎尾,2024-01-31,9377
2431,聯昌,12,0,12,華南永昌-虎尾,2024-01-31,9377
00650L,復華香港正2,12,0,12,華南永昌-虎尾,2024-01-31,9377
4303,信立,22,10,12,華南永昌-虎尾,2024-01-31,9377
2330,台積電,19,7,12,華南永昌-虎尾,2024-01-31,9377
0050,元大台灣50,11,0,11,華南永昌-虎尾,2024-01-31,9377
2489,瑞軒,11,0,11,華南永昌-虎尾,2024-01-31,9377
3041,揚智,22,11,11,華南永昌-虎尾,2024-01-31,9377
8222,寶一,11,0,11,華南永昌-虎尾,2024-01-31,9377
5880,合庫金,10,0,10,華南永昌-虎尾,2024-01-31,9377
00669R,國泰美國道瓊反1,10,0,10,華南永昌-虎尾,2024-01-31,9377
1325,恆大,12,2,10,華南永昌-虎尾,2024-01-31,9377
1471,首利,10,0,10,華南永昌-虎尾,2024-01-31,9377
1785,光洋科,11,1,10,華南永昌-虎尾,2024-01-31,9377
2530,華建,10,0,10,華南永昌-虎尾,2024-01-31,9377
4133,亞諾法,10,0,10,華南永昌-虎尾,2024-01-31,9377
6239,力成,13,3,10,華南永昌-虎尾,2024-01-31,9377
8358,金居,10,0,10,華南永昌-虎尾,2024-01-31,9377
9105,泰金寶-DR,10,0,10,華南永昌-虎尾,2024-01-31,9377
3189,景碩,10,0,10,華南永昌-虎尾,2024-01-31,9377
5388,中磊,10,1,9,華南永昌-虎尾,2024-01-31,9377
00894,中信小資高價30,205,0,205,華南永昌-虎尾,2024-02-01,9377
2618,長榮航,92,12,80,華南永昌-虎尾,2024-02-01,9377
00937B,群益ESG投等債20,90,18,72,華南永昌-虎尾,2024-02-01,9377
00665L,富邦�琤肭磪囓�2,64,0,64,華南永昌-虎尾,2024-02-01,9377
2376,技嘉,64,6,58,華南永昌-虎尾,2024-02-01,9377
3038,全台,51,0,51,華南永昌-虎尾,2024-02-01,9377
2485,兆赫,62,16,46,華南永昌-虎尾,2024-02-01,9377
9919,康那香,35,1,34,華南永昌-虎尾,2024-02-01,9377
2409,友達,38,5,33,華南永昌-虎尾,2024-02-01,9377
3376,新日興,39,9,30,華南永昌-虎尾,2024-02-01,9377
6668,中揚光,30,0,30,華南永昌-虎尾,2024-02-01,9377
8096,擎亞,34,12,22,華南永昌-虎尾,2024-02-01,9377
00715L,期街口布蘭特正2,23,2,21,華南永昌-虎尾,2024-02-01,9377
00919,群益台灣精選高息,21,0,21,華南永昌-虎尾,2024-02-01,9377
2402,毅嘉,20,0,20,華南永昌-虎尾,2024-02-01,9377
2431,聯昌,22,3,19,華南永昌-虎尾,2024-02-01,9377
8936,國統,24,7,17,華南永昌-虎尾,2024-02-01,9377
2303,聯電,26,10,16,華南永昌-虎尾,2024-02-01,9377
00935,野村臺灣新科技50,16,0,16,華南永昌-虎尾,2024-02-01,9377
6116,彩晶,12,0,12,華南永昌-虎尾,2024-02-01,9377
8011,台通,12,1,11,華南永昌-虎尾,2024-02-01,9377
00900,富邦特選高股息30,11,0,11,華南永昌-虎尾,2024-02-01,9377
5426,振發,15,4,11,華南永昌-虎尾,2024-02-01,9377
9105,泰金寶-DR,20,9,11,華南永昌-虎尾,2024-02-01,9377
2399,映泰,10,0,10,華南永昌-虎尾,2024-02-01,9377
2543,皇昌,25,15,10,華南永昌-虎尾,2024-02-01,9377
2867,三商壽,10,0,10,華南永昌-虎尾,2024-02-01,9377
5315,光聯,10,0,10,華南永昌-虎尾,2024-02-01,9377
5439,高技,10,0,10,華南永昌-虎尾,2024-02-01,9377
6208,日揚,10,0,10,華南永昌-虎尾,2024-02-01,9377
6285,啟��,10,0,10,華南永昌-虎尾,2024-02-01,9377
6856,鑫傳,9,0,9,華南永昌-虎尾,2024-02-01,9377
2886,兆豐金,10,1,9,華南永昌-虎尾,2024-02-01,9377
1503,士電,11,2,9,華南永昌-虎尾,2024-02-01,9377
3030,德律,10,2,8,華南永昌-虎尾,2024-02-01,9377
2537,聯上發,11,3,8,華南永昌-虎尾,2024-02-01,9377
3023,信邦,8,0,8,華南永昌-虎尾,2024-02-01,9377
8222,寶一,10,2,8,華南永昌-虎尾,2024-02-01,9377
00712,復華富時不動產,7,0,7,華南永昌-虎尾,2024-02-01,9377
2356,英業達,30,23,7,華南永昌-虎尾,2024-02-01,9377
4529,淳紳,7,0,7,華南永昌-虎尾,2024-02-01,9377
6265,方土昶,8,1,7,華南永昌-虎尾,2024-02-01,9377
00934,中信成長高股息,6,0,6,華南永昌-虎尾,2024-02-01,9377
5880,合庫金,6,0,6,華南永昌-虎尾,2024-02-01,9377
00679B,元大美債20年,6,0,6,華南永昌-虎尾,2024-02-01,9377
2461,光群雷,7,1,6,華南永昌-虎尾,2024-02-01,9377
3041,揚智,20,14,6,華南永昌-虎尾,2024-02-01,9377
6237,驊訊,6,0,6,華南永昌-虎尾,2024-02-01,9377
3706,神達,11,5,6,華南永昌-虎尾,2024-02-01,9377
2337,旺宏,5,0,5,華南永昌-虎尾,2024-02-01,9377
00933B,國泰10Y+金融債,311,5,306,華南永昌-虎尾,2024-02-02,9377
00937B,群益ESG投等債20,106,2,104,華南永昌-虎尾,2024-02-02,9377
3313,斐成,81,4,77,華南永昌-虎尾,2024-02-02,9377
2618,長榮航,70,8,62,華南永昌-虎尾,2024-02-02,9377
2329,華泰,93,41,52,華南永昌-虎尾,2024-02-02,9377
3481,群創,46,1,45,華南永昌-虎尾,2024-02-02,9377
2344,華邦電,46,2,44,華南永昌-虎尾,2024-02-02,9377
00919,群益台灣精選高息,43,0,43,華南永昌-虎尾,2024-02-02,9377
3231,緯創,149,108,41,華南永昌-虎尾,2024-02-02,9377
6438,迅得,40,0,40,華南永昌-虎尾,2024-02-02,9377
2444,兆勁,33,0,33,華南永昌-虎尾,2024-02-02,9377
1314,中石化,30,0,30,華南永昌-虎尾,2024-02-02,9377
2390,云辰,28,1,27,華南永昌-虎尾,2024-02-02,9377
00637L,元大滬深300正2,89,62,27,華南永昌-虎尾,2024-02-02,9377
6770,力積電,27,1,26,華南永昌-虎尾,2024-02-02,9377
2356,英業達,77,55,22,華南永昌-虎尾,2024-02-02,9377
2303,聯電,40,19,21,華南永昌-虎尾,2024-02-02,9377
2603,長榮,21,1,20,華南永昌-虎尾,2024-02-02,9377
00680L,元大美債20正2,20,0,20,華南永昌-虎尾,2024-02-02,9377
1584,精剛,20,0,20,華南永昌-虎尾,2024-02-02,9377
4729,熒茂,20,0,20,華南永昌-虎尾,2024-02-02,9377
1514,亞力,27,9,18,華南永昌-虎尾,2024-02-02,9377
6416,瑞祺電通,18,0,18,華南永昌-虎尾,2024-02-02,9377
2609,陽明,22,5,17,華南永昌-虎尾,2024-02-02,9377
2323,中環,16,0,16,華南永昌-虎尾,2024-02-02,9377
2489,瑞軒,35,20,15,華南永昌-虎尾,2024-02-02,9377
00882,中信中國高股息,15,0,15,華南永昌-虎尾,2024-02-02,9377
3265,台星科,15,0,15,華南永昌-虎尾,2024-02-02,9377
5519,隆大,15,0,15,華南永昌-虎尾,2024-02-02,9377
6143,振曜,15,0,15,華南永昌-虎尾,2024-02-02,9377
00715L,期街口布蘭特正2,14,0,14,華南永昌-虎尾,2024-02-02,9377
1609,大亞,17,4,13,華南永昌-虎尾,2024-02-02,9377
1324,地球,17,5,12,華南永昌-虎尾,2024-02-02,9377
2409,友達,23,11,12,華南永昌-虎尾,2024-02-02,9377
3362,先進光,16,4,12,華南永昌-虎尾,2024-02-02,9377
4157,太景*-KY,20,8,12,華南永昌-虎尾,2024-02-02,9377
5347,世界,14,2,12,華南永昌-虎尾,2024-02-02,9377
8011,台通,24,12,12,華南永昌-虎尾,2024-02-02,9377
2408,南亞科,10,0,10,華南永昌-虎尾,2024-02-02,9377
00669R,國泰美國道瓊反1,10,0,10,華南永昌-虎尾,2024-02-02,9377
2324,仁寶,35,25,10,華南永昌-虎尾,2024-02-02,9377
2374,佳能,10,0,10,華南永昌-虎尾,2024-02-02,9377
3049,精金,10,0,10,華南永昌-虎尾,2024-02-02,9377
3050,鈺德,99,89,10,華南永昌-虎尾,2024-02-02,9377
3213,茂訊,10,0,10,華南永昌-虎尾,2024-02-02,9377
4904,遠傳,10,0,10,華南永昌-虎尾,2024-02-02,9377
3230,錦明,9,0,9,華南永昌-虎尾,2024-02-02,9377
3294,英濟,21,12,9,華南永昌-虎尾,2024-02-02,9377
1513,中興電,18,9,9,華南永昌-虎尾,2024-02-02,9377
5426,振發,13,5,8,華南永昌-虎尾,2024-02-02,9377
3050,鈺德,96,0,96,華南永昌-虎尾,2024-02-05,9377
00715L,期街口布蘭特正2,210,130,80,華南永昌-虎尾,2024-02-05,9377
00878,國泰永續高股息,82,7,75,華南永昌-虎尾,2024-02-05,9377
4714,永捷,81,20,61,華南永昌-虎尾,2024-02-05,9377
3520,華盈,85,30,55,華南永昌-虎尾,2024-02-05,9377
2890,永豐金,50,0,50,華南永昌-虎尾,2024-02-05,9377
2884,玉山金,62,16,46,華南永昌-虎尾,2024-02-05,9377
2883,凱基金,47,5,42,華南永昌-虎尾,2024-02-05,9377
00712,復華富時不動產,39,0,39,華南永昌-虎尾,2024-02-05,9377
2609,陽明,39,4,35,華南永昌-虎尾,2024-02-05,9377
00937B,群益ESG投等債20,132,97,35,華南永昌-虎尾,2024-02-05,9377
2303,聯電,33,2,31,華南永昌-虎尾,2024-02-05,9377
2323,中環,60,29,31,華南永昌-虎尾,2024-02-05,9377
4906,正文,30,0,30,華南永昌-虎尾,2024-02-05,9377
00688L,國泰20年美債正2,29,0,29,華南永昌-虎尾,2024-02-05,9377
00687B,國泰20年美債,28,0,28,華南永昌-虎尾,2024-02-05,9377
8110,華東,27,0,27,華南永昌-虎尾,2024-02-05,9377
2390,云辰,26,0,26,華南永昌-虎尾,2024-02-05,9377
00679B,元大美債20年,25,0,25,華南永昌-虎尾,2024-02-05,9377
3483,力致,34,10,24,華南永昌-虎尾,2024-02-05,9377
6770,力積電,21,0,21,華南永昌-虎尾,2024-02-05,9377
6462,神盾,21,1,20,華南永昌-虎尾,2024-02-05,9377
1434,福懋,20,0,20,華南永昌-虎尾,2024-02-05,9377
00933B,國泰10Y+金融債,28,8,20,華南永昌-虎尾,2024-02-05,9377
00738U,期元大道瓊白銀,20,0,20,華南永昌-虎尾,2024-02-05,9377
1731,美吾華,20,0,20,華南永昌-虎尾,2024-02-05,9377
1815,富喬,20,0,20,華南永昌-虎尾,2024-02-05,9377
3481,群創,25,5,20,華南永昌-虎尾,2024-02-05,9377
2485,兆赫,20,1,19,華南永昌-虎尾,2024-02-05,9377
3058,立德,20,1,19,華南永昌-虎尾,2024-02-05,9377
3390,旭軟,17,0,17,華南永昌-虎尾,2024-02-05,9377
00680L,元大美債20正2,16,0,16,華南永昌-虎尾,2024-02-05,9377
1514,亞力,21,5,16,華南永昌-虎尾,2024-02-05,9377
6125,廣運,15,0,15,華南永昌-虎尾,2024-02-05,9377
2606,裕民,15,1,14,華南永昌-虎尾,2024-02-05,9377
2867,三商壽,13,0,13,華南永昌-虎尾,2024-02-05,9377
1101,台泥,20,7,13,華南永昌-虎尾,2024-02-05,9377
3268,海德威,38,25,13,華南永昌-虎尾,2024-02-05,9377
2363,矽統,14,2,12,華南永昌-虎尾,2024-02-05,9377
2618,長榮航,21,9,12,華南永昌-虎尾,2024-02-05,9377
2408,南亞科,12,0,12,華南永昌-虎尾,2024-02-05,9377
00929,復華台灣科技優息,12,0,12,華南永昌-虎尾,2024-02-05,9377
00934,中信成長高股息,11,0,11,華南永昌-虎尾,2024-02-05,9377
6285,啟��,11,0,11,華南永昌-虎尾,2024-02-05,9377
3287,廣寰科,16,5,11,華南永昌-虎尾,2024-02-05,9377
2352,佳世達,14,3,11,華南永昌-虎尾,2024-02-05,9377
2317,鴻海,12,2,10,華南永昌-虎尾,2024-02-05,9377
2388,威盛,11,1,10,華南永昌-虎尾,2024-02-05,9377
00642U,期元大S＆P石油,10,0,10,華南永昌-虎尾,2024-02-05,9377
1752,南光,10,0,10,華南永昌-虎尾,2024-02-05,9377
00935,野村臺灣新科技50,646,0,646,華南永昌-虎尾,2024-02-15,9377
2530,華建,157,0,157,華南永昌-虎尾,2024-02-15,9377
00706L,期元大S＆P日圓正2,127,0,127,華南永昌-虎尾,2024-02-15,9377
2344,華邦電,111,3,108,華南永昌-虎尾,2024-02-15,9377
3481,群創,99,9,90,華南永昌-虎尾,2024-02-15,9377
00712,復華富時不動產,85,0,85,華南永昌-虎尾,2024-02-15,9377
00679B,元大美債20年,79,0,79,華南永昌-虎尾,2024-02-15,9377
00688L,國泰20年美債正2,81,3,78,華南永昌-虎尾,2024-02-15,9377
00664R,國泰臺灣加權反1,80,10,70,華南永昌-虎尾,2024-02-15,9377
00937B,群益ESG投等債20,76,6,70,華南永昌-虎尾,2024-02-15,9377
00680L,元大美債20正2,65,0,65,華南永昌-虎尾,2024-02-15,9377
2312,金寶,60,0,60,華南永昌-虎尾,2024-02-15,9377
1522,堤維西,65,5,60,華南永昌-虎尾,2024-02-15,9377
00894,中信小資高價30,50,0,50,華南永昌-虎尾,2024-02-15,9377
6733,博晟生醫,45,0,45,華南永昌-虎尾,2024-02-15,9377
2884,玉山金,42,1,41,華南永昌-虎尾,2024-02-15,9377
2332,友訊,42,1,41,華南永昌-虎尾,2024-02-15,9377
1101,台泥,40,0,40,華南永昌-虎尾,2024-02-15,9377
00632R,元大台灣50反1,40,0,40,華南永昌-虎尾,2024-02-15,9377
00929,復華台灣科技優息,45,7,38,華南永昌-虎尾,2024-02-15,9377
2408,南亞科,45,7,38,華南永昌-虎尾,2024-02-15,9377
2376,技嘉,52,14,38,華南永昌-虎尾,2024-02-15,9377
1615,大山,37,0,37,華南永昌-虎尾,2024-02-15,9377
00851,台新全球AI,30,0,30,華南永昌-虎尾,2024-02-15,9377
2323,中環,100,70,30,華南永昌-虎尾,2024-02-15,9377
2349,錸德,30,0,30,華南永昌-虎尾,2024-02-15,9377
6198,瑞築,30,0,30,華南永昌-虎尾,2024-02-15,9377
00687B,國泰20年美債,27,0,27,華南永昌-虎尾,2024-02-15,9377
4714,永捷,35,8,27,華南永昌-虎尾,2024-02-15,9377
2409,友達,28,2,26,華南永昌-虎尾,2024-02-15,9377
00673R,期元大S＆P原油反1,25,0,25,華南永昌-虎尾,2024-02-15,9377
8034,榮群,26,2,24,華南永昌-虎尾,2024-02-15,9377
8110,華東,23,0,23,華南永昌-虎尾,2024-02-15,9377
2301,光寶科,22,1,21,華南永昌-虎尾,2024-02-15,9377
1304,台聚,20,0,20,華南永昌-虎尾,2024-02-15,9377
6770,力積電,20,0,20,華南永昌-虎尾,2024-02-15,9377
1210,大成,20,0,20,華南永昌-虎尾,2024-02-15,9377
1591,駿吉-KY,20,0,20,華南永昌-虎尾,2024-02-15,9377
3306,鼎天,20,0,20,華南永昌-虎尾,2024-02-15,9377
2002,中鋼,21,3,18,華南永昌-虎尾,2024-02-15,9377
00882,中信中國高股息,17,1,16,華南永昌-虎尾,2024-02-15,9377
4529,淳紳,24,8,16,華南永昌-虎尾,2024-02-15,9377
2352,佳世達,20,4,16,華南永昌-虎尾,2024-02-15,9377
00919,群益台灣精選高息,30,15,15,華南永昌-虎尾,2024-02-15,9377
2609,陽明,25,10,15,華南永昌-虎尾,2024-02-15,9377
5498,凱崴,15,0,15,華南永昌-虎尾,2024-02-15,9377
6147,頎邦,15,0,15,華南永昌-虎尾,2024-02-15,9377
5302,太欣,21,7,14,華南永昌-虎尾,2024-02-15,9377
3535,晶彩科,14,0,14,華南永昌-虎尾,2024-02-15,9377
9919,康那香,13,0,13,華南永昌-虎尾,2024-02-15,9377
00673R,期元大S＆P原油反1,120,0,120,華南永昌-虎尾,2024-02-16,9377
1710,東聯,120,0,120,華南永昌-虎尾,2024-02-16,9377
1615,大山,100,0,100,華南永昌-虎尾,2024-02-16,9377
5521,工信,80,0,80,華南永昌-虎尾,2024-02-16,9377
2344,華邦電,121,44,77,華南永昌-虎尾,2024-02-16,9377
00894,中信小資高價30,70,0,70,華南永昌-虎尾,2024-02-16,9377
00665L,富邦�琤肭磪囓�2,70,0,70,華南永昌-虎尾,2024-02-16,9377
3481,群創,72,3,69,華南永昌-虎尾,2024-02-16,9377
2327,國巨,60,0,60,華南永昌-虎尾,2024-02-16,9377
2303,聯電,98,46,52,華南永昌-虎尾,2024-02-16,9377
00687B,國泰20年美債,34,0,34,華南永昌-虎尾,2024-02-16,9377
3264,欣銓,33,3,30,華南永昌-虎尾,2024-02-16,9377
00933B,國泰10Y+金融債,29,0,29,華南永昌-虎尾,2024-02-16,9377
2027,大成鋼,28,0,28,華南永昌-虎尾,2024-02-16,9377
3231,緯創,98,73,25,華南永昌-虎尾,2024-02-16,9377
3673,TPK-KY,27,3,24,華南永昌-虎尾,2024-02-16,9377
00664R,國泰臺灣加權反1,20,0,20,華南永昌-虎尾,2024-02-16,9377
2025,千興,20,0,20,華南永昌-虎尾,2024-02-16,9377
2484,希華,40,20,20,華南永昌-虎尾,2024-02-16,9377
6269,台郡,20,0,20,華南永昌-虎尾,2024-02-16,9377
2371,大同,33,14,19,華南永昌-虎尾,2024-02-16,9377
6187,萬潤,24,5,19,華南永昌-虎尾,2024-02-16,9377
2486,一詮,155,137,18,華南永昌-虎尾,2024-02-16,9377
3047,訊舟,20,3,17,華南永昌-虎尾,2024-02-16,9377
6288,聯嘉,28,11,17,華南永昌-虎尾,2024-02-16,9377
00878,國泰永續高股息,38,21,17,華南永昌-虎尾,2024-02-16,9377
5011,久陽,15,0,15,華南永昌-虎尾,2024-02-16,9377
2408,南亞科,16,2,14,華南永昌-虎尾,2024-02-16,9377
2417,圓剛,15,1,14,華南永昌-虎尾,2024-02-16,9377
8110,華東,19,6,13,華南永昌-虎尾,2024-02-16,9377
00751B,元大AAA至A公司債,12,0,12,華南永昌-虎尾,2024-02-16,9377
5425,台半,15,3,12,華南永昌-虎尾,2024-02-16,9377
5498,凱崴,12,0,12,華南永昌-虎尾,2024-02-16,9377
6156,松上,12,0,12,華南永昌-虎尾,2024-02-16,9377
1616,億泰,11,0,11,華南永昌-虎尾,2024-02-16,9377
2002,中鋼,11,0,11,華南永昌-虎尾,2024-02-16,9377
2515,中工,22,11,11,華南永昌-虎尾,2024-02-16,9377
3715,定穎投控,18,7,11,華南永昌-虎尾,2024-02-16,9377
4303,信立,11,0,11,華南永昌-虎尾,2024-02-16,9377
6509,聚和,13,2,11,華南永昌-虎尾,2024-02-16,9377
6532,瑞耘,12,1,11,華南永昌-虎尾,2024-02-16,9377
2880,華南金,15,4,11,華南永昌-虎尾,2024-02-16,9377
3035,智原,16,6,10,華南永昌-虎尾,2024-02-16,9377
00795B,中信美國公債20年,10,0,10,華南永昌-虎尾,2024-02-16,9377
00680L,元大美債20正2,10,0,10,華南永昌-虎尾,2024-02-16,9377
3078,僑威,11,1,10,華南永昌-虎尾,2024-02-16,9377
5512,力麒,10,0,10,華南永昌-虎尾,2024-02-16,9377
6180,橘子,10,0,10,華南永昌-虎尾,2024-02-16,9377
3036,文曄,11,1,10,華南永昌-虎尾,2024-02-16,9377
6191,精成科,19,10,9,華南永昌-虎尾,2024-02-16,9377
2329,華泰,258,66,192,華南永昌-虎尾,2024-02-19,9377
3231,緯創,204,25,179,華南永昌-虎尾,2024-02-19,9377
00933B,國泰10Y+金融債,146,0,146,華南永昌-虎尾,2024-02-19,9377
5521,工信,140,0,140,華南永昌-虎尾,2024-02-19,9377
2530,華建,133,5,128,華南永昌-虎尾,2024-02-19,9377
2382,廣達,83,9,74,華南永昌-虎尾,2024-02-19,9377
2356,英業達,94,28,66,華南永昌-虎尾,2024-02-19,9377
4714,永捷,87,23,64,華南永昌-虎尾,2024-02-19,9377
2353,宏��,87,36,51,華南永昌-虎尾,2024-02-19,9377
2867,三商壽,50,5,45,華南永昌-虎尾,2024-02-19,9377
8096,擎亞,51,8,43,華南永昌-虎尾,2024-02-19,9377
2881,富邦金,40,2,38,華南永昌-虎尾,2024-02-19,9377
00878,國泰永續高股息,51,14,37,華南永昌-虎尾,2024-02-19,9377
00753L,中信中國50正2,35,0,35,華南永昌-虎尾,2024-02-19,9377
00937B,群益ESG投等債20,37,3,34,華南永昌-虎尾,2024-02-19,9377
8110,華東,101,67,34,華南永昌-虎尾,2024-02-19,9377
00679B,元大美債20年,33,1,32,華南永昌-虎尾,2024-02-19,9377
3689,湧德,32,0,32,華南永昌-虎尾,2024-02-19,9377
3149,正達,31,0,31,華南永昌-虎尾,2024-02-19,9377
6113,亞矽,27,0,27,華南永昌-虎尾,2024-02-19,9377
00637L,元大滬深300正2,77,51,26,華南永昌-虎尾,2024-02-19,9377
1711,永光,32,7,25,華南永昌-虎尾,2024-02-19,9377
00712,復華富時不動產,24,0,24,華南永昌-虎尾,2024-02-19,9377
3025,星通,25,1,24,華南永昌-虎尾,2024-02-19,9377
1785,光洋科,24,1,23,華南永昌-虎尾,2024-02-19,9377
00664R,國泰臺灣加權反1,22,0,22,華南永昌-虎尾,2024-02-19,9377
00919,群益台灣精選高息,30,8,22,華南永昌-虎尾,2024-02-19,9377
4960,誠美材,45,23,22,華南永昌-虎尾,2024-02-19,9377
2374,佳能,22,1,21,華南永昌-虎尾,2024-02-19,9377
6425,易發,22,1,21,華南永昌-虎尾,2024-02-19,9377
8038,長園科,21,0,21,華南永昌-虎尾,2024-02-19,9377
8213,志超,20,0,20,華南永昌-虎尾,2024-02-19,9377
5244,弘凱,20,0,20,華南永昌-虎尾,2024-02-19,9377
1460,宏遠,20,1,19,華南永昌-虎尾,2024-02-19,9377
2349,錸德,27,8,19,華南永昌-虎尾,2024-02-19,9377
2330,台積電,23,5,18,華南永昌-虎尾,2024-02-19,9377
00891,中信關鍵半導體,18,0,18,華南永昌-虎尾,2024-02-19,9377
00687B,國泰20年美債,17,0,17,華南永昌-虎尾,2024-02-19,9377
2324,仁寶,27,10,17,華南永昌-虎尾,2024-02-19,9377
3013,晟銘電,16,0,16,華南永昌-虎尾,2024-02-19,9377
3708,上緯投控,16,1,15,華南永昌-虎尾,2024-02-19,9377
1314,中石化,33,18,15,華南永昌-虎尾,2024-02-19,9377
2543,皇昌,31,16,15,華南永昌-虎尾,2024-02-19,9377
3265,台星科,15,0,15,華南永昌-虎尾,2024-02-19,9377
4720,德淵,15,0,15,華南永昌-虎尾,2024-02-19,9377
5498,凱崴,15,0,15,華南永昌-虎尾,2024-02-19,9377
3234,光環,16,1,15,華南永昌-虎尾,2024-02-19,9377
3032,偉訓,14,0,14,華南永昌-虎尾,2024-02-19,9377
00680L,元大美債20正2,12,0,12,華南永昌-虎尾,2024-02-19,9377
3078,僑威,15,3,12,華南永昌-虎尾,2024-02-19,9377
00933B,國泰10Y+金融債,89,0,89,華南永昌-虎尾,2024-02-20,9377
2329,華泰,181,112,69,華南永昌-虎尾,2024-02-20,9377
9945,潤泰新,58,0,58,華南永昌-虎尾,2024-02-20,9377
3481,群創,67,11,56,華南永昌-虎尾,2024-02-20,9377
5202,力新,58,2,56,華南永昌-虎尾,2024-02-20,9377
2530,華建,53,0,53,華南永昌-虎尾,2024-02-20,9377
4714,永捷,89,36,53,華南永昌-虎尾,2024-02-20,9377
00877,復華中國5G,50,0,50,華南永昌-虎尾,2024-02-20,9377
2374,佳能,50,0,50,華南永昌-虎尾,2024-02-20,9377
3042,晶技,50,0,50,華南永昌-虎尾,2024-02-20,9377
2641,正德,50,1,49,華南永昌-虎尾,2024-02-20,9377
3037,欣興,51,2,49,華南永昌-虎尾,2024-02-20,9377
5498,凱崴,47,0,47,華南永昌-虎尾,2024-02-20,9377
00673R,期元大S＆P原油反1,43,0,43,華南永昌-虎尾,2024-02-20,9377
2303,聯電,51,10,41,華南永昌-虎尾,2024-02-20,9377
6164,華興,36,1,35,華南永昌-虎尾,2024-02-20,9377
2367,燿華,39,4,35,華南永昌-虎尾,2024-02-20,9377
00679B,元大美債20年,33,0,33,華南永昌-虎尾,2024-02-20,9377
2356,英業達,50,19,31,華南永昌-虎尾,2024-02-20,9377
6770,力積電,30,0,30,華南永昌-虎尾,2024-02-20,9377
2349,錸德,30,0,30,華南永昌-虎尾,2024-02-20,9377
2332,友訊,34,5,29,華南永昌-虎尾,2024-02-20,9377
2609,陽明,56,27,29,華南永昌-虎尾,2024-02-20,9377
3025,星通,35,6,29,華南永昌-虎尾,2024-02-20,9377
3437,榮創,27,0,27,華南永昌-虎尾,2024-02-20,9377
1455,集盛,28,1,27,華南永昌-虎尾,2024-02-20,9377
2426,鼎元,27,0,27,華南永昌-虎尾,2024-02-20,9377
00688L,國泰20年美債正2,26,0,26,華南永昌-虎尾,2024-02-20,9377
5355,佳總,26,0,26,華南永昌-虎尾,2024-02-20,9377
6188,廣明,26,2,24,華南永昌-虎尾,2024-02-20,9377
2431,聯昌,24,0,24,華南永昌-虎尾,2024-02-20,9377
8182,加高,25,3,22,華南永昌-虎尾,2024-02-20,9377
4533,協易機,22,0,22,華南永昌-虎尾,2024-02-20,9377
4934,太極,21,0,21,華南永昌-虎尾,2024-02-20,9377
3607,谷崧,23,3,20,華南永昌-虎尾,2024-02-20,9377
6202,盛群,20,0,20,華南永昌-虎尾,2024-02-20,9377
3035,智原,21,2,19,華南永昌-虎尾,2024-02-20,9377
6282,康舒,32,15,17,華南永昌-虎尾,2024-02-20,9377
8096,擎亞,37,20,17,華南永昌-虎尾,2024-02-20,9377
2371,大同,15,0,15,華南永昌-虎尾,2024-02-20,9377
00918,大華優利高填息30,15,0,15,華南永昌-虎尾,2024-02-20,9377
2382,廣達,36,21,15,華南永昌-虎尾,2024-02-20,9377
3321,同泰,13,0,13,華南永昌-虎尾,2024-02-20,9377
6742,澤米,13,0,13,華南永昌-虎尾,2024-02-20,9377
3711,日月光投控,13,0,13,華南永昌-虎尾,2024-02-20,9377
4906,正文,13,0,13,華南永昌-虎尾,2024-02-20,9377
5521,工信,13,0,13,華南永昌-虎尾,2024-02-20,9377
6136,富爾特,13,0,13,華南永昌-虎尾,2024-02-20,9377
00927,群益半導體收益,12,0,12,華南永昌-虎尾,2024-02-20,9377
1584,精剛,12,0,12,華南永昌-虎尾,2024-02-20,9377
2367,燿華,166,1,165,華南永昌-虎尾,2024-02-21,9377
5521,工信,153,0,153,華南永昌-虎尾,2024-02-21,9377
3231,緯創,187,63,124,華南永昌-虎尾,2024-02-21,9377
00933B,國泰10Y+金融債,86,0,86,華南永昌-虎尾,2024-02-21,9377
00878,國泰永續高股息,77,1,76,華南永昌-虎尾,2024-02-21,9377
3047,訊舟,153,88,65,華南永昌-虎尾,2024-02-21,9377
2303,聯電,91,28,63,華南永昌-虎尾,2024-02-21,9377
2312,金寶,64,12,52,華南永昌-虎尾,2024-02-21,9377
00937B,群益ESG投等債20,51,0,51,華南永昌-虎尾,2024-02-21,9377
1618,合機,48,0,48,華南永昌-虎尾,2024-02-21,9377
4533,協易機,39,0,39,華南永昌-虎尾,2024-02-21,9377
6282,康舒,50,11,39,華南永昌-虎尾,2024-02-21,9377
00919,群益台灣精選高息,38,2,36,華南永昌-虎尾,2024-02-21,9377
00680L,元大美債20正2,33,0,33,華南永昌-虎尾,2024-02-21,9377
2530,華建,30,0,30,華南永昌-虎尾,2024-02-21,9377
6530,創威,35,5,30,華南永昌-虎尾,2024-02-21,9377
3481,群創,29,1,28,華南永昌-虎尾,2024-02-21,9377
00891,中信關鍵半導體,27,0,27,華南永昌-虎尾,2024-02-21,9377
2352,佳世達,25,0,25,華南永昌-虎尾,2024-02-21,9377
3006,晶豪科,32,8,24,華南永昌-虎尾,2024-02-21,9377
6770,力積電,24,1,23,華南永昌-虎尾,2024-02-21,9377
2356,英業達,27,6,21,華南永昌-虎尾,2024-02-21,9377
00712,復華富時不動產,20,0,20,華南永昌-虎尾,2024-02-21,9377
9945,潤泰新,20,0,20,華南永昌-虎尾,2024-02-21,9377
00892,富邦台灣半導體,20,0,20,華南永昌-虎尾,2024-02-21,9377
3432,台端,20,0,20,華南永昌-虎尾,2024-02-21,9377
00753L,中信中國50正2,30,13,17,華南永昌-虎尾,2024-02-21,9377
1101,台泥,20,4,16,華南永昌-虎尾,2024-02-21,9377
2609,陽明,105,90,15,華南永昌-虎尾,2024-02-21,9377
3374,精材,16,1,15,華南永昌-虎尾,2024-02-21,9377
3702,大聯大,15,0,15,華南永昌-虎尾,2024-02-21,9377
00679B,元大美債20年,13,0,13,華南永昌-虎尾,2024-02-21,9377
3313,斐成,23,10,13,華南永昌-虎尾,2024-02-21,9377
6290,良維,18,6,12,華南永昌-虎尾,2024-02-21,9377
3118,進階,12,0,12,華南永昌-虎尾,2024-02-21,9377
3311,閎暉,12,0,12,華南永昌-虎尾,2024-02-21,9377
6233,旺玖,14,2,12,華南永昌-虎尾,2024-02-21,9377
6856,鑫傳,12,0,12,華南永昌-虎尾,2024-02-21,9377
3035,智原,20,9,11,華南永昌-虎尾,2024-02-21,9377
1785,光洋科,16,5,11,華南永昌-虎尾,2024-02-21,9377
2369,菱生,28,17,11,華南永昌-虎尾,2024-02-21,9377
1717,長興,16,5,11,華南永昌-虎尾,2024-02-21,9377
2332,友訊,11,0,11,華南永昌-虎尾,2024-02-21,9377
3306,鼎天,11,0,11,華南永昌-虎尾,2024-02-21,9377
3376,新日興,13,2,11,華南永昌-虎尾,2024-02-21,9377
2330,台積電,11,1,10,華南永昌-虎尾,2024-02-21,9377
8926,台汽電,10,0,10,華南永昌-虎尾,2024-02-21,9377
00857B,永豐20年美公債,10,0,10,華南永昌-虎尾,2024-02-21,9377
00795B,中信美國公債20年,10,0,10,華南永昌-虎尾,2024-02-21,9377
2485,兆赫,10,0,10,華南永昌-虎尾,2024-02-21,9377
00680L,元大美債20正2,220,0,220,華南永昌-虎尾,2024-02-22,9377
3041,揚智,208,22,186,華南永昌-虎尾,2024-02-22,9377
5521,工信,120,0,120,華南永昌-虎尾,2024-02-22,9377
2367,燿華,146,47,99,華南永昌-虎尾,2024-02-22,9377
2356,英業達,115,40,75,華南永昌-虎尾,2024-02-22,9377
00637L,元大滬深300正2,134,63,71,華南永昌-虎尾,2024-02-22,9377
4934,太極,70,0,70,華南永昌-虎尾,2024-02-22,9377
2530,華建,80,15,65,華南永昌-虎尾,2024-02-22,9377
2371,大同,81,19,62,華南永昌-虎尾,2024-02-22,9377
00753L,中信中國50正2,133,73,60,華南永昌-虎尾,2024-02-22,9377
2609,陽明,137,87,50,華南永昌-虎尾,2024-02-22,9377
2454,聯發科,52,3,49,華南永昌-虎尾,2024-02-22,9377
00937B,群益ESG投等債20,48,0,48,華南永昌-虎尾,2024-02-22,9377
3013,晟銘電,60,16,44,華南永昌-虎尾,2024-02-22,9377
6185,幃翔,60,20,40,華南永昌-虎尾,2024-02-22,9377
3231,緯創,108,69,39,華南永昌-虎尾,2024-02-22,9377
3044,健鼎,44,7,37,華南永昌-虎尾,2024-02-22,9377
4533,協易機,36,0,36,華南永昌-虎尾,2024-02-22,9377
9945,潤泰新,38,3,35,華南永昌-虎尾,2024-02-22,9377
3481,群創,40,5,35,華南永昌-虎尾,2024-02-22,9377
2618,長榮航,37,4,33,華南永昌-虎尾,2024-02-22,9377
4157,太景*-KY,32,2,30,華南永昌-虎尾,2024-02-22,9377
00894,中信小資高價30,30,0,30,華南永昌-虎尾,2024-02-22,9377
00703,台新MSCI中國,30,0,30,華南永昌-虎尾,2024-02-22,9377
1460,宏遠,30,0,30,華南永昌-虎尾,2024-02-22,9377
5512,力麒,30,0,30,華南永昌-虎尾,2024-02-22,9377
5302,太欣,29,0,29,華南永昌-虎尾,2024-02-22,9377
1528,恩德,27,0,27,華南永昌-虎尾,2024-02-22,9377
2006,東和鋼鐵,26,0,26,華南永昌-虎尾,2024-02-22,9377
1513,中興電,39,15,24,華南永昌-虎尾,2024-02-22,9377
3711,日月光投控,24,1,23,華南永昌-虎尾,2024-02-22,9377
2489,瑞軒,170,147,23,華南永昌-虎尾,2024-02-22,9377
6770,力積電,23,1,22,華南永昌-虎尾,2024-02-22,9377
3027,盛達,21,0,21,華南永昌-虎尾,2024-02-22,9377
5498,凱崴,127,106,21,華南永昌-虎尾,2024-02-22,9377
00935,野村臺灣新科技50,20,0,20,華南永昌-虎尾,2024-02-22,9377
1722,台肥,20,0,20,華南永昌-虎尾,2024-02-22,9377
2515,中工,20,0,20,華南永昌-虎尾,2024-02-22,9377
2547,日勝生,20,0,20,華南永昌-虎尾,2024-02-22,9377
5353,台林,20,0,20,華南永昌-虎尾,2024-02-22,9377
8926,台汽電,20,1,19,華南永昌-虎尾,2024-02-22,9377
00687B,國泰20年美債,20,2,18,華南永昌-虎尾,2024-02-22,9377
4906,正文,20,2,18,華南永昌-虎尾,2024-02-22,9377
00632R,元大台灣50反1,18,0,18,華南永昌-虎尾,2024-02-22,9377
5515,建國,18,0,18,華南永昌-虎尾,2024-02-22,9377
8105,凌巨,35,18,17,華南永昌-虎尾,2024-02-22,9377
1504,東元,21,5,16,華南永昌-虎尾,2024-02-22,9377
6530,創威,22,6,16,華南永昌-虎尾,2024-02-22,9377
2834,臺企銀,15,0,15,華南永昌-虎尾,2024-02-22,9377
3118,進階,15,0,15,華南永昌-虎尾,2024-02-22,9377
8096,擎亞,293,11,282,華南永昌-虎尾,2024-02-23,9377
6443,元晶,200,0,200,華南永昌-虎尾,2024-02-23,9377
6770,力積電,129,3,126,華南永昌-虎尾,2024-02-23,9377
5302,太欣,98,0,98,華南永昌-虎尾,2024-02-23,9377
00933B,國泰10Y+金融債,57,0,57,華南永昌-虎尾,2024-02-23,9377
2489,瑞軒,142,87,55,華南永昌-虎尾,2024-02-23,9377
3711,日月光投控,56,2,54,華南永昌-虎尾,2024-02-23,9377
2885,元大金,51,0,51,華南永昌-虎尾,2024-02-23,9377
6285,啟��,61,10,51,華南永昌-虎尾,2024-02-23,9377
00664R,國泰臺灣加權反1,50,0,50,華南永昌-虎尾,2024-02-23,9377
00935,野村臺灣新科技50,50,0,50,華南永昌-虎尾,2024-02-23,9377
2451,創見,50,0,50,華南永昌-虎尾,2024-02-23,9377
2323,中環,50,1,49,華南永昌-虎尾,2024-02-23,9377
2486,一詮,53,4,49,華南永昌-虎尾,2024-02-23,9377
00907,永豐優息存股,53,5,48,華南永昌-虎尾,2024-02-23,9377
00712,復華富時不動產,44,0,44,華南永昌-虎尾,2024-02-23,9377
1615,大山,36,0,36,華南永昌-虎尾,2024-02-23,9377
1618,合機,38,3,35,華南永昌-虎尾,2024-02-23,9377
3264,欣銓,33,0,33,華南永昌-虎尾,2024-02-23,9377
4157,太景*-KY,33,0,33,華南永昌-虎尾,2024-02-23,9377
00706L,期元大S＆P日圓正2,30,3,27,華南永昌-虎尾,2024-02-23,9377
2484,希華,25,1,24,華南永昌-虎尾,2024-02-23,9377
8085,福華,24,1,23,華南永昌-虎尾,2024-02-23,9377
6185,幃翔,22,0,22,華南永昌-虎尾,2024-02-23,9377
00878,國泰永續高股息,28,6,22,華南永昌-虎尾,2024-02-23,9377
3041,揚智,31,10,21,華南永昌-虎尾,2024-02-23,9377
1303,南亞,20,0,20,華南永昌-虎尾,2024-02-23,9377
2472,立隆電,22,2,20,華南永昌-虎尾,2024-02-23,9377
5460,同協,20,0,20,華南永昌-虎尾,2024-02-23,9377
2412,中華電,18,0,18,華南永昌-虎尾,2024-02-23,9377
2312,金寶,20,2,18,華南永昌-虎尾,2024-02-23,9377
3044,健鼎,25,9,16,華南永昌-虎尾,2024-02-23,9377
6856,鑫傳,16,0,16,華南永昌-虎尾,2024-02-23,9377
2618,長榮航,27,12,15,華南永昌-虎尾,2024-02-23,9377
00738U,期元大道瓊白銀,15,0,15,華南永昌-虎尾,2024-02-23,9377
1316,上曜,35,20,15,華南永昌-虎尾,2024-02-23,9377
8213,志超,15,0,15,華南永昌-虎尾,2024-02-23,9377
00919,群益台灣精選高息,69,55,14,華南永昌-虎尾,2024-02-23,9377
1515,力山,19,5,14,華南永昌-虎尾,2024-02-23,9377
1314,中石化,13,0,13,華南永昌-虎尾,2024-02-23,9377
2431,聯昌,13,0,13,華南永昌-虎尾,2024-02-23,9377
3447,展達,13,0,13,華南永昌-虎尾,2024-02-23,9377
5426,振發,13,0,13,華南永昌-虎尾,2024-02-23,9377
6141,柏承,15,2,13,華南永昌-虎尾,2024-02-23,9377
6147,頎邦,17,4,13,華南永昌-虎尾,2024-02-23,9377
6235,華孚,13,0,13,華南永昌-虎尾,2024-02-23,9377
2421,建準,21,8,13,華南永昌-虎尾,2024-02-23,9377
3362,先進光,14,2,12,華南永昌-虎尾,2024-02-23,9377
6438,迅得,14,2,12,華南永昌-虎尾,2024-02-23,9377
3706,神達,14,2,12,華南永昌-虎尾,2024-02-23,9377
2801,彰銀,473,0,473,華南永昌-虎尾,2024-02-26,9377
00632R,元大台灣50反1,200,0,200,華南永昌-虎尾,2024-02-26,9377
00929,復華台灣科技優息,193,26,167,華南永昌-虎尾,2024-02-26,9377
1528,恩德,129,0,129,華南永昌-虎尾,2024-02-26,9377
1504,東元,132,6,126,華南永昌-虎尾,2024-02-26,9377
00933B,國泰10Y+金融債,125,0,125,華南永昌-虎尾,2024-02-26,9377
00673R,期元大S＆P原油反1,100,5,95,華南永昌-虎尾,2024-02-26,9377
00935,野村臺灣新科技50,78,0,78,華南永昌-虎尾,2024-02-26,9377
00637L,元大滬深300正2,135,65,70,華南永昌-虎尾,2024-02-26,9377
00878,國泰永續高股息,97,31,66,華南永昌-虎尾,2024-02-26,9377
2363,矽統,93,34,59,華南永昌-虎尾,2024-02-26,9377
2371,大同,123,65,58,華南永昌-虎尾,2024-02-26,9377
6288,聯嘉,61,7,54,華南永昌-虎尾,2024-02-26,9377
00937B,群益ESG投等債20,50,0,50,華南永昌-虎尾,2024-02-26,9377
2495,普安,49,0,49,華南永昌-虎尾,2024-02-26,9377
2312,金寶,47,0,47,華南永昌-虎尾,2024-02-26,9377
3481,群創,52,6,46,華南永昌-虎尾,2024-02-26,9377
2329,華泰,61,15,46,華南永昌-虎尾,2024-02-26,9377
00751B,元大AAA至A公司債,50,5,45,華南永昌-虎尾,2024-02-26,9377
00687B,國泰20年美債,44,0,44,華南永昌-虎尾,2024-02-26,9377
00753L,中信中國50正2,42,0,42,華南永昌-虎尾,2024-02-26,9377
6284,佳邦,40,0,40,華南永昌-虎尾,2024-02-26,9377
2330,台積電,68,30,38,華南永昌-虎尾,2024-02-26,9377
1809,中釉,34,2,32,華南永昌-虎尾,2024-02-26,9377
1455,集盛,31,0,31,華南永昌-虎尾,2024-02-26,9377
2890,永豐金,30,0,30,華南永昌-虎尾,2024-02-26,9377
6664,群翊,30,0,30,華南永昌-虎尾,2024-02-26,9377
8110,華東,30,0,30,華南永昌-虎尾,2024-02-26,9377
2355,敬鵬,37,9,28,華南永昌-虎尾,2024-02-26,9377
6806,森崴能源,33,5,28,華南永昌-虎尾,2024-02-26,9377
2367,燿華,46,21,25,華南永昌-虎尾,2024-02-26,9377
6113,亞矽,45,20,25,華南永昌-虎尾,2024-02-26,9377
4960,誠美材,25,1,24,華南永昌-虎尾,2024-02-26,9377
5426,振發,23,0,23,華南永昌-虎尾,2024-02-26,9377
3715,定穎投控,25,2,23,華南永昌-虎尾,2024-02-26,9377
00715L,期街口布蘭特正2,22,0,22,華南永昌-虎尾,2024-02-26,9377
2417,圓剛,20,0,20,華南永昌-虎尾,2024-02-26,9377
4956,光鋐,20,0,20,華南永昌-虎尾,2024-02-26,9377
6486,互動,18,0,18,華南永昌-虎尾,2024-02-26,9377
5498,凱崴,20,5,15,華南永昌-虎尾,2024-02-26,9377
1460,宏遠,15,0,15,華南永昌-虎尾,2024-02-26,9377
2442,新美齊,15,0,15,華南永昌-虎尾,2024-02-26,9377
2002,中鋼,15,1,14,華南永昌-虎尾,2024-02-26,9377
8064,東捷,13,0,13,華南永昌-虎尾,2024-02-26,9377
1597,直得,13,0,13,華南永昌-虎尾,2024-02-26,9377
6505,台塑化,13,0,13,華南永昌-虎尾,2024-02-26,9377
2609,陽明,17,5,12,華南永昌-虎尾,2024-02-26,9377
2449,京元電子,25,13,12,華南永昌-虎尾,2024-02-26,9377
2883,凱基金,12,0,12,華南永昌-虎尾,2024-02-26,9377
3380,明泰,12,0,12,華南永昌-虎尾,2024-02-26,9377
2405,輔信,281,36,245,華南永昌-虎尾,2024-02-27,9377
8096,擎亞,196,10,186,華南永昌-虎尾,2024-02-27,9377
00937B,群益ESG投等債20,127,5,122,華南永昌-虎尾,2024-02-27,9377
00878,國泰永續高股息,131,16,115,華南永昌-虎尾,2024-02-27,9377
00929,復華台灣科技優息,88,13,75,華南永昌-虎尾,2024-02-27,9377
00679B,元大美債20年,71,0,71,華南永昌-虎尾,2024-02-27,9377
2303,聯電,83,16,67,華南永昌-虎尾,2024-02-27,9377
6288,聯嘉,118,59,59,華南永昌-虎尾,2024-02-27,9377
00919,群益台灣精選高息,79,22,57,華南永昌-虎尾,2024-02-27,9377
4157,太景*-KY,52,0,52,華南永昌-虎尾,2024-02-27,9377
6185,幃翔,54,2,52,華南永昌-虎尾,2024-02-27,9377
00933B,國泰10Y+金融債,43,0,43,華南永昌-虎尾,2024-02-27,9377
2618,長榮航,42,0,42,華南永昌-虎尾,2024-02-27,9377
3037,欣興,61,23,38,華南永昌-虎尾,2024-02-27,9377
6266,泰詠,32,0,32,華南永昌-虎尾,2024-02-27,9377
5512,力麒,30,0,30,華南永昌-虎尾,2024-02-27,9377
3231,緯創,72,44,28,華南永昌-虎尾,2024-02-27,9377
2489,瑞軒,110,83,27,華南永昌-虎尾,2024-02-27,9377
2329,華泰,52,27,25,華南永昌-虎尾,2024-02-27,9377
00637L,元大滬深300正2,115,90,25,華南永昌-虎尾,2024-02-27,9377
2883,凱基金,26,2,24,華南永昌-虎尾,2024-02-27,9377
2882,國泰金,26,2,24,華南永昌-虎尾,2024-02-27,9377
6167,久正,28,5,23,華南永昌-虎尾,2024-02-27,9377
2356,英業達,29,7,22,華南永昌-虎尾,2024-02-27,9377
2409,友達,22,0,22,華南永昌-虎尾,2024-02-27,9377
9945,潤泰新,21,0,21,華南永昌-虎尾,2024-02-27,9377
2834,臺企銀,20,0,20,華南永昌-虎尾,2024-02-27,9377
8105,凌巨,20,0,20,華南永昌-虎尾,2024-02-27,9377
6770,力積電,20,1,19,華南永昌-虎尾,2024-02-27,9377
2464,盟立,20,1,19,華南永昌-虎尾,2024-02-27,9377
3390,旭軟,55,36,19,華南永昌-虎尾,2024-02-27,9377
6806,森崴能源,26,7,19,華南永昌-虎尾,2024-02-27,9377
2002,中鋼,20,1,19,華南永昌-虎尾,2024-02-27,9377
6285,啟��,30,12,18,華南永昌-虎尾,2024-02-27,9377
3520,華盈,18,0,18,華南永昌-虎尾,2024-02-27,9377
3706,神達,19,1,18,華南永昌-虎尾,2024-02-27,9377
00891,中信關鍵半導體,20,3,17,華南永昌-虎尾,2024-02-27,9377
2369,菱生,31,14,17,華南永昌-虎尾,2024-02-27,9377
2402,毅嘉,18,1,17,華南永昌-虎尾,2024-02-27,9377
00738U,期元大道瓊白銀,16,0,16,華南永昌-虎尾,2024-02-27,9377
1809,中釉,19,3,16,華南永昌-虎尾,2024-02-27,9377
2891,中信金,15,0,15,華南永昌-虎尾,2024-02-27,9377
8027,鈦昇,15,0,15,華南永昌-虎尾,2024-02-27,9377
5225,東科-KY,15,0,15,華南永昌-虎尾,2024-02-27,9377
3450,聯鈞,28,13,15,華南永昌-虎尾,2024-02-27,9377
1316,上曜,37,24,13,華南永昌-虎尾,2024-02-27,9377
2331,精英,16,3,13,華南永昌-虎尾,2024-02-27,9377
3265,台星科,16,3,13,華南永昌-虎尾,2024-02-27,9377
8011,台通,13,0,13,華南永昌-虎尾,2024-02-27,9377
1721,三晃,31,18,13,華南永昌-虎尾,2024-02-27,9377
00897,富邦基因免疫生技,294,0,294,華南永昌-虎尾,2024-02-29,9377
5452,佶優,207,29,178,華南永昌-虎尾,2024-02-29,9377
0056,元大高股息,142,15,127,華南永昌-虎尾,2024-02-29,9377
00937B,群益ESG投等債20,120,12,108,華南永昌-虎尾,2024-02-29,9377
5512,力麒,98,8,90,華南永昌-虎尾,2024-02-29,9377
6488,環球晶,71,0,71,華南永昌-虎尾,2024-02-29,9377
3231,緯創,89,34,55,華南永昌-虎尾,2024-02-29,9377
6284,佳邦,54,1,53,華南永昌-虎尾,2024-02-29,9377
00706L,期元大S＆P日圓正2,50,0,50,華南永昌-虎尾,2024-02-29,9377
8110,華東,79,31,48,華南永昌-虎尾,2024-02-29,9377
2376,技嘉,42,4,38,華南永昌-虎尾,2024-02-29,9377
00678,群益那斯達克生技,32,0,32,華南永昌-虎尾,2024-02-29,9377
1795,美時,35,4,31,華南永昌-虎尾,2024-02-29,9377
2353,宏��,36,6,30,華南永昌-虎尾,2024-02-29,9377
00878,國泰永續高股息,41,11,30,華南永昌-虎尾,2024-02-29,9377
00673R,期元大S＆P原油反1,25,0,25,華南永昌-虎尾,2024-02-29,9377
2329,華泰,54,30,24,華南永昌-虎尾,2024-02-29,9377
2867,三商壽,23,0,23,華南永昌-虎尾,2024-02-29,9377
4534,慶騰,22,0,22,華南永昌-虎尾,2024-02-29,9377
00680L,元大美債20正2,22,0,22,華南永昌-虎尾,2024-02-29,9377
8926,台汽電,29,7,22,華南永昌-虎尾,2024-02-29,9377
1101,台泥,38,16,22,華南永昌-虎尾,2024-02-29,9377
3372,典範,41,20,21,華南永昌-虎尾,2024-02-29,9377
1710,東聯,20,0,20,華南永昌-虎尾,2024-02-29,9377
2355,敬鵬,27,7,20,華南永昌-虎尾,2024-02-29,9377
2363,矽統,23,3,20,華南永昌-虎尾,2024-02-29,9377
3033,威健,20,0,20,華南永昌-虎尾,2024-02-29,9377
1513,中興電,39,20,19,華南永昌-虎尾,2024-02-29,9377
00679B,元大美債20年,18,0,18,華南永昌-虎尾,2024-02-29,9377
6530,創威,18,0,18,華南永昌-虎尾,2024-02-29,9377
3481,群創,22,5,17,華南永昌-虎尾,2024-02-29,9377
00687B,國泰20年美債,17,0,17,華南永昌-虎尾,2024-02-29,9377
9919,康那香,22,5,17,華南永昌-虎尾,2024-02-29,9377
2312,金寶,16,0,16,華南永昌-虎尾,2024-02-29,9377
6263,普萊德,16,0,16,華南永昌-虎尾,2024-02-29,9377
2480,敦陽科,15,0,15,華南永昌-虎尾,2024-02-29,9377
2489,瑞軒,45,30,15,華南永昌-虎尾,2024-02-29,9377
6266,泰詠,15,0,15,華南永昌-虎尾,2024-02-29,9377
2884,玉山金,16,2,14,華南永昌-虎尾,2024-02-29,9377
3118,進階,14,0,14,華南永昌-虎尾,2024-02-29,9377
9945,潤泰新,16,2,14,華南永昌-虎尾,2024-02-29,9377
00751B,元大AAA至A公司債,13,0,13,華南永昌-虎尾,2024-02-29,9377
6426,統新,13,1,12,華南永昌-虎尾,2024-02-29,9377
3167,大量,12,0,12,華南永昌-虎尾,2024-02-29,9377
2605,新興,13,2,11,華南永昌-虎尾,2024-02-29,9377
3556,禾瑞亞,11,0,11,華南永昌-虎尾,2024-02-29,9377
5225,東科-KY,11,0,11,華南永昌-虎尾,2024-02-29,9377
5328,華容,11,0,11,華南永昌-虎尾,2024-02-29,9377
6485,點序,11,0,11,華南永昌-虎尾,2024-02-29,9377
9907,統一實,10,0,10,華南永昌-虎尾,2024-02-29,9377
2402,毅嘉,125,0,125,華南永昌-虎尾,2024-03-01,9377
00929,復華台灣科技優息,92,1,91,華南永昌-虎尾,2024-03-01,9377
1612,宏泰,89,0,89,華南永昌-虎尾,2024-03-01,9377
00919,群益台灣精選高息,75,7,68,華南永昌-虎尾,2024-03-01,9377
00933B,國泰10Y+金融債,65,0,65,華南永昌-虎尾,2024-03-01,9377
2376,技嘉,88,24,64,華南永昌-虎尾,2024-03-01,9377
00894,中信小資高價30,55,0,55,華南永昌-虎尾,2024-03-01,9377
1504,東元,57,4,53,華南永昌-虎尾,2024-03-01,9377
00652,富邦印度,46,0,46,華南永昌-虎尾,2024-03-01,9377
00632R,元大台灣50反1,50,5,45,華南永昌-虎尾,2024-03-01,9377
2618,長榮航,50,5,45,華南永昌-虎尾,2024-03-01,9377
00937B,群益ESG投等債20,46,3,43,華南永昌-虎尾,2024-03-01,9377
00680L,元大美債20正2,38,0,38,華南永昌-虎尾,2024-03-01,9377
1101,台泥,42,5,37,華南永昌-虎尾,2024-03-01,9377
3041,揚智,39,3,36,華南永昌-虎尾,2024-03-01,9377
2609,陽明,36,1,35,華南永昌-虎尾,2024-03-01,9377
2610,華航,38,3,35,華南永昌-虎尾,2024-03-01,9377
2812,台中銀,36,3,33,華南永昌-虎尾,2024-03-01,9377
8085,福華,62,30,32,華南永昌-虎尾,2024-03-01,9377
00918,大華優利高填息30,30,0,30,華南永昌-虎尾,2024-03-01,9377
2369,菱生,34,4,30,華南永昌-虎尾,2024-03-01,9377
1514,亞力,55,27,28,華南永昌-虎尾,2024-03-01,9377
1815,富喬,63,35,28,華南永昌-虎尾,2024-03-01,9377
4930,燦星網,28,0,28,華南永昌-虎尾,2024-03-01,9377
5202,力新,32,4,28,華南永昌-虎尾,2024-03-01,9377
2480,敦陽科,30,3,27,華南永昌-虎尾,2024-03-01,9377
2303,聯電,44,18,26,華南永昌-虎尾,2024-03-01,9377
1609,大亞,41,16,25,華南永昌-虎尾,2024-03-01,9377
00882,中信中國高股息,25,0,25,華南永昌-虎尾,2024-03-01,9377
3708,上緯投控,25,2,23,華南永昌-虎尾,2024-03-01,9377
2329,華泰,109,87,22,華南永昌-虎尾,2024-03-01,9377
9919,康那香,26,4,22,華南永昌-虎尾,2024-03-01,9377
8936,國統,27,5,22,華南永昌-虎尾,2024-03-01,9377
1303,南亞,22,1,21,華南永昌-虎尾,2024-03-01,9377
1471,首利,21,0,21,華南永昌-虎尾,2024-03-01,9377
2891,中信金,20,0,20,華南永昌-虎尾,2024-03-01,9377
5864,致和證,20,0,20,華南永昌-虎尾,2024-03-01,9377
6016,康和證,20,0,20,華南永昌-虎尾,2024-03-01,9377
6127,九豪,20,0,20,華南永昌-虎尾,2024-03-01,9377
00934,中信成長高股息,23,4,19,華南永昌-虎尾,2024-03-01,9377
3715,定穎投控,21,3,18,華南永昌-虎尾,2024-03-01,9377
1513,中興電,37,20,17,華南永昌-虎尾,2024-03-01,9377
2349,錸德,17,0,17,華南永昌-虎尾,2024-03-01,9377
2436,偉詮電,17,0,17,華南永昌-虎尾,2024-03-01,9377
00891,中信關鍵半導體,15,0,15,華南永昌-虎尾,2024-03-01,9377
2355,敬鵬,16,1,15,華南永昌-虎尾,2024-03-01,9377
00885,富邦越南,15,1,14,華南永昌-虎尾,2024-03-01,9377
1608,華榮,26,12,14,華南永昌-虎尾,2024-03-01,9377
3264,欣銓,16,2,14,華南永昌-虎尾,2024-03-01,9377
6141,柏承,16,2,14,華南永昌-虎尾,2024-03-01,9377
00935,野村臺灣新科技50,508,5,503,華南永昌-虎尾,2024-03-04,9377
00632R,元大台灣50反1,185,0,185,華南永昌-虎尾,2024-03-04,9377
9919,康那香,127,8,119,華南永昌-虎尾,2024-03-04,9377
2014,中鴻,114,0,114,華南永昌-虎尾,2024-03-04,9377
00753L,中信中國50正2,130,20,110,華南永昌-虎尾,2024-03-04,9377
00915,凱基優選高股息30,107,0,107,華南永昌-虎尾,2024-03-04,9377
2883,凱基金,103,4,99,華南永昌-虎尾,2024-03-04,9377
00918,大華優利高填息30,90,0,90,華南永昌-虎尾,2024-03-04,9377
2329,華泰,119,62,57,華南永昌-虎尾,2024-03-04,9377
00734B,台新JPM新興債,53,0,53,華南永昌-虎尾,2024-03-04,9377
4157,太景*-KY,62,11,51,華南永昌-虎尾,2024-03-04,9377
1342,八貫,50,0,50,華南永昌-虎尾,2024-03-04,9377
2543,皇昌,62,12,50,華南永昌-虎尾,2024-03-04,9377
00652,富邦印度,45,0,45,華南永昌-虎尾,2024-03-04,9377
2371,大同,58,14,44,華南永昌-虎尾,2024-03-04,9377
2489,瑞軒,142,100,42,華南永昌-虎尾,2024-03-04,9377
3047,訊舟,42,0,42,華南永昌-虎尾,2024-03-04,9377
2530,華建,40,0,40,華南永昌-虎尾,2024-03-04,9377
6770,力積電,52,13,39,華南永昌-虎尾,2024-03-04,9377
6284,佳邦,41,2,39,華南永昌-虎尾,2024-03-04,9377
00937B,群益ESG投等債20,38,0,38,華南永昌-虎尾,2024-03-04,9377
3005,神基,67,32,35,華南永昌-虎尾,2024-03-04,9377
2609,陽明,45,12,33,華南永昌-虎尾,2024-03-04,9377
2464,盟立,32,0,32,華南永昌-虎尾,2024-03-04,9377
2330,台積電,63,33,30,華南永昌-虎尾,2024-03-04,9377
1304,台聚,30,0,30,華南永昌-虎尾,2024-03-04,9377
00919,群益台灣精選高息,44,14,30,華南永昌-虎尾,2024-03-04,9377
2903,遠百,30,0,30,華南永昌-虎尾,2024-03-04,9377
2888,新光金,28,0,28,華南永昌-虎尾,2024-03-04,9377
1514,亞力,75,47,28,華南永昌-虎尾,2024-03-04,9377
1504,東元,34,7,27,華南永昌-虎尾,2024-03-04,9377
3062,建漢,23,0,23,華南永昌-虎尾,2024-03-04,9377
2454,聯發科,24,1,23,華南永昌-虎尾,2024-03-04,9377
6156,松上,22,0,22,華南永昌-虎尾,2024-03-04,9377
00885,富邦越南,21,0,21,華南永昌-虎尾,2024-03-04,9377
6282,康舒,24,3,21,華南永昌-虎尾,2024-03-04,9377
2356,英業達,25,4,21,華南永昌-虎尾,2024-03-04,9377
00673R,期元大S＆P原油反1,20,0,20,華南永昌-虎尾,2024-03-04,9377
2882,國泰金,20,0,20,華南永昌-虎尾,2024-03-04,9377
4401,東隆興,20,0,20,華南永昌-虎尾,2024-03-04,9377
7402,邑錡,20,0,20,華南永昌-虎尾,2024-03-04,9377
5905,南仁湖,20,0,20,華南永昌-虎尾,2024-03-04,9377
2201,裕隆,20,1,19,華南永昌-虎尾,2024-03-04,9377
2641,正德,20,1,19,華南永昌-虎尾,2024-03-04,9377
2889,國票金,21,2,19,華南永昌-虎尾,2024-03-04,9377
6547,高端疫苗,20,1,19,華南永昌-虎尾,2024-03-04,9377
2208,台船,20,2,18,華南永昌-虎尾,2024-03-04,9377
5880,合庫金,20,2,18,華南永昌-虎尾,2024-03-04,9377
2301,光寶科,27,10,17,華南永昌-虎尾,2024-03-04,9377
6189,豐藝,17,0,17,華南永昌-虎尾,2024-03-04,9377
6770,力積電,999,57,942,華南永昌-虎尾,2024-03-05,9377
2405,輔信,130,12,118,華南永昌-虎尾,2024-03-05,9377
00753L,中信中國50正2,95,0,95,華南永昌-虎尾,2024-03-05,9377
2382,廣達,109,14,95,華南永昌-虎尾,2024-03-05,9377
00937B,群益ESG投等債20,79,2,77,華南永昌-虎尾,2024-03-05,9377
2367,燿華,161,91,70,華南永昌-虎尾,2024-03-05,9377
00665L,富邦�琤肭磪囓�2,68,0,68,華南永昌-虎尾,2024-03-05,9377
00882,中信中國高股息,59,0,59,華南永昌-虎尾,2024-03-05,9377
00929,復華台灣科技優息,70,13,57,華南永昌-虎尾,2024-03-05,9377
2883,凱基金,57,2,55,華南永昌-虎尾,2024-03-05,9377
00877,復華中國5G,50,0,50,華南永昌-虎尾,2024-03-05,9377
1528,恩德,48,0,48,華南永昌-虎尾,2024-03-05,9377
2845,遠東銀,50,2,48,華南永昌-虎尾,2024-03-05,9377
2618,長榮航,59,15,44,華南永昌-虎尾,2024-03-05,9377
3232,昱捷,44,0,44,華南永昌-虎尾,2024-03-05,9377
1460,宏遠,40,0,40,華南永昌-虎尾,2024-03-05,9377
6163,華電網,58,21,37,華南永昌-虎尾,2024-03-05,9377
4939,亞電,34,0,34,華南永昌-虎尾,2024-03-05,9377
2313,華通,37,8,29,華南永昌-虎尾,2024-03-05,9377
00915,凱基優選高股息30,28,0,28,華南永昌-虎尾,2024-03-05,9377
2888,新光金,29,1,28,華南永昌-虎尾,2024-03-05,9377
2809,京城銀,30,3,27,華南永昌-虎尾,2024-03-05,9377
6113,亞矽,25,0,25,華南永昌-虎尾,2024-03-05,9377
2634,漢翔,25,0,25,華南永昌-虎尾,2024-03-05,9377
4157,太景*-KY,24,0,24,華南永昌-虎尾,2024-03-05,9377
8086,宏捷科,28,6,22,華南永昌-虎尾,2024-03-05,9377
4915,致伸,25,4,21,華南永昌-虎尾,2024-03-05,9377
1301,台塑,24,5,19,華南永昌-虎尾,2024-03-05,9377
2208,台船,25,7,18,華南永昌-虎尾,2024-03-05,9377
1513,中興電,36,18,18,華南永昌-虎尾,2024-03-05,9377
1326,台化,16,0,16,華南永昌-虎尾,2024-03-05,9377
00919,群益台灣精選高息,20,4,16,華南永昌-虎尾,2024-03-05,9377
3118,進階,16,1,15,華南永昌-虎尾,2024-03-05,9377
00650L,復華香港正2,18,3,15,華南永昌-虎尾,2024-03-05,9377
00680L,元大美債20正2,25,10,15,華南永昌-虎尾,2024-03-05,9377
3052,夆典,15,0,15,華南永昌-虎尾,2024-03-05,9377
6185,幃翔,15,0,15,華南永昌-虎尾,2024-03-05,9377
8054,安國,16,2,14,華南永昌-虎尾,2024-03-05,9377
6189,豐藝,14,0,14,華南永昌-虎尾,2024-03-05,9377
6530,創威,14,1,13,華南永昌-虎尾,2024-03-05,9377
1409,新纖,24,11,13,華南永昌-虎尾,2024-03-05,9377
2485,兆赫,125,112,13,華南永昌-虎尾,2024-03-05,9377
5488,松普,13,0,13,華南永昌-虎尾,2024-03-05,9377
1303,南亞,12,0,12,華南永昌-虎尾,2024-03-05,9377
2324,仁寶,37,25,12,華南永昌-虎尾,2024-03-05,9377
3006,晶豪科,11,0,11,華南永昌-虎尾,2024-03-05,9377
2355,敬鵬,12,1,11,華南永昌-虎尾,2024-03-05,9377
3260,威剛,19,8,11,華南永昌-虎尾,2024-03-05,9377
00902,中信電池及儲能,11,0,11,華南永昌-虎尾,2024-03-05,9377
1609,大亞,22,11,11,華南永昌-虎尾,2024-03-05,9377
00937B,群益ESG投等債20,200,9,191,華南永昌-虎尾,2024-03-06,9377
00919,群益台灣精選高息,148,10,138,華南永昌-虎尾,2024-03-06,9377
00918,大華優利高填息30,107,0,107,華南永昌-虎尾,2024-03-06,9377
00712,復華富時不動產,103,0,103,華南永昌-虎尾,2024-03-06,9377
3481,群創,110,8,102,華南永昌-虎尾,2024-03-06,9377
00933B,國泰10Y+金融債,100,0,100,華南永昌-虎尾,2024-03-06,9377
00857B,永豐20年美公債,100,1,99,華南永昌-虎尾,2024-03-06,9377
2376,技嘉,107,13,94,華南永昌-虎尾,2024-03-06,9377
2369,菱生,95,14,81,華南永昌-虎尾,2024-03-06,9377
2633,台灣高鐵,70,0,70,華南永昌-虎尾,2024-03-06,9377
00632R,元大台灣50反1,77,10,67,華南永昌-虎尾,2024-03-06,9377
1453,大將,50,0,50,華南永昌-虎尾,2024-03-06,9377
2368,金像電,41,1,40,華南永昌-虎尾,2024-03-06,9377
6284,佳邦,51,13,38,華南永昌-虎尾,2024-03-06,9377
8096,擎亞,32,0,32,華南永昌-虎尾,2024-03-06,9377
00680L,元大美債20正2,33,2,31,華南永昌-虎尾,2024-03-06,9377
2002,中鋼,30,0,30,華南永昌-虎尾,2024-03-06,9377
00706L,期元大S＆P日圓正2,30,0,30,華南永昌-虎尾,2024-03-06,9377
1316,上曜,42,14,28,華南永昌-虎尾,2024-03-06,9377
0056,元大高股息,31,4,27,華南永昌-虎尾,2024-03-06,9377
6288,聯嘉,27,0,27,華南永昌-虎尾,2024-03-06,9377
2883,凱基金,40,14,26,華南永昌-虎尾,2024-03-06,9377
2329,華泰,50,24,26,華南永昌-虎尾,2024-03-06,9377
00935,野村臺灣新科技50,25,0,25,華南永昌-虎尾,2024-03-06,9377
2637,慧洋-KY,25,0,25,華南永昌-虎尾,2024-03-06,9377
4939,亞電,23,0,23,華南永昌-虎尾,2024-03-06,9377
1522,堤維西,24,2,22,華南永昌-虎尾,2024-03-06,9377
1528,恩德,22,0,22,華南永昌-虎尾,2024-03-06,9377
2609,陽明,25,3,22,華南永昌-虎尾,2024-03-06,9377
3221,台嘉碩,24,3,21,華南永昌-虎尾,2024-03-06,9377
00673R,期元大S＆P原油反1,20,0,20,華南永昌-虎尾,2024-03-06,9377
00696B,富邦美債20年,20,0,20,華南永昌-虎尾,2024-03-06,9377
4956,光鋐,40,20,20,華南永昌-虎尾,2024-03-06,9377
5498,凱崴,27,7,20,華南永昌-虎尾,2024-03-06,9377
2402,毅嘉,20,1,19,華南永昌-虎尾,2024-03-06,9377
00915,凱基優選高股息30,19,1,18,華南永昌-虎尾,2024-03-06,9377
00715L,期街口布蘭特正2,18,0,18,華南永昌-虎尾,2024-03-06,9377
6179,亞通,20,2,18,華南永昌-虎尾,2024-03-06,9377
9907,統一實,17,0,17,華南永昌-虎尾,2024-03-06,9377
3047,訊舟,17,0,17,華南永昌-虎尾,2024-03-06,9377
2408,南亞科,16,0,16,華南永昌-虎尾,2024-03-06,9377
00720B,元大投資級公司債,16,0,16,華南永昌-虎尾,2024-03-06,9377
3711,日月光投控,21,5,16,華南永昌-虎尾,2024-03-06,9377
1303,南亞,17,1,16,華南永昌-虎尾,2024-03-06,9377
00927,群益半導體收益,15,0,15,華南永昌-虎尾,2024-03-06,9377
2206,三陽工業,20,5,15,華南永昌-虎尾,2024-03-06,9377
2392,正崴,15,0,15,華南永昌-虎尾,2024-03-06,9377
2208,台船,21,7,14,華南永昌-虎尾,2024-03-06,9377
3354,律勝,16,2,14,華南永昌-虎尾,2024-03-06,9377
00687B,國泰20年美債,18,5,13,華南永昌-虎尾,2024-03-06,9377
00632R,元大台灣50反1,249,0,249,華南永昌-虎尾,2024-03-07,9377
2344,華邦電,289,64,225,華南永昌-虎尾,2024-03-07,9377
00937B,群益ESG投等債20,163,30,133,華南永昌-虎尾,2024-03-07,9377
1528,恩德,107,2,105,華南永昌-虎尾,2024-03-07,9377
4533,協易機,102,0,102,華南永昌-虎尾,2024-03-07,9377
2610,華航,109,10,99,華南永昌-虎尾,2024-03-07,9377
5521,工信,168,77,91,華南永昌-虎尾,2024-03-07,9377
3481,群創,103,18,85,華南永昌-虎尾,2024-03-07,9377
00935,野村臺灣新科技50,81,0,81,華南永昌-虎尾,2024-03-07,9377
2405,輔信,81,5,76,華南永昌-虎尾,2024-03-07,9377
3038,全台,74,1,73,華南永昌-虎尾,2024-03-07,9377
6284,佳邦,70,0,70,華南永昌-虎尾,2024-03-07,9377
3231,緯創,118,50,68,華南永昌-虎尾,2024-03-07,9377
1316,上曜,89,24,65,華南永昌-虎尾,2024-03-07,9377
2883,凱基金,145,82,63,華南永昌-虎尾,2024-03-07,9377
3711,日月光投控,59,5,54,華南永昌-虎尾,2024-03-07,9377
00877,復華中國5G,50,0,50,華南永昌-虎尾,2024-03-07,9377
2402,毅嘉,50,0,50,華南永昌-虎尾,2024-03-07,9377
8105,凌巨,50,0,50,華南永昌-虎尾,2024-03-07,9377
2367,燿華,113,66,47,華南永昌-虎尾,2024-03-07,9377
0056,元大高股息,85,39,46,華南永昌-虎尾,2024-03-07,9377
2324,仁寶,52,7,45,華南永昌-虎尾,2024-03-07,9377
00753L,中信中國50正2,44,0,44,華南永昌-虎尾,2024-03-07,9377
2486,一詮,52,9,43,華南永昌-虎尾,2024-03-07,9377
1615,大山,43,0,43,華南永昌-虎尾,2024-03-07,9377
8110,華東,38,2,36,華南永昌-虎尾,2024-03-07,9377
00679B,元大美債20年,45,10,35,華南永昌-虎尾,2024-03-07,9377
00687B,國泰20年美債,32,0,32,華南永昌-虎尾,2024-03-07,9377
1717,長興,34,2,32,華南永昌-虎尾,2024-03-07,9377
4306,炎洲,33,1,32,華南永昌-虎尾,2024-03-07,9377
2027,大成鋼,31,0,31,華南永昌-虎尾,2024-03-07,9377
2323,中環,32,1,31,華南永昌-虎尾,2024-03-07,9377
5465,富驊,31,0,31,華南永昌-虎尾,2024-03-07,9377
5488,松普,31,0,31,華南永昌-虎尾,2024-03-07,9377
1504,東元,47,17,30,華南永昌-虎尾,2024-03-07,9377
3714,富采,30,0,30,華南永昌-虎尾,2024-03-07,9377
00919,群益台灣精選高息,82,52,30,華南永昌-虎尾,2024-03-07,9377
2356,英業達,39,10,29,華南永昌-虎尾,2024-03-07,9377
2618,長榮航,76,48,28,華南永昌-虎尾,2024-03-07,9377
6163,華電網,84,56,28,華南永昌-虎尾,2024-03-07,9377
1609,大亞,43,17,26,華南永昌-虎尾,2024-03-07,9377
2485,兆赫,66,42,24,華南永昌-虎尾,2024-03-07,9377
5425,台半,26,3,23,華南永昌-虎尾,2024-03-07,9377
8936,國統,22,0,22,華南永昌-虎尾,2024-03-07,9377
6263,普萊德,22,0,22,華南永昌-虎尾,2024-03-07,9377
3432,台端,20,0,20,華南永昌-虎尾,2024-03-07,9377
2353,宏��,39,20,19,華南永昌-虎尾,2024-03-07,9377
00637L,元大滬深300正2,71,52,19,華南永昌-虎尾,2024-03-07,9377
2421,建準,31,12,19,華南永昌-虎尾,2024-03-07,9377
3308,聯德,20,1,19,華南永昌-虎尾,2024-03-07,9377
00632R,元大台灣50反1,411,0,411,華南永昌-虎尾,2024-03-08,9377
00919,群益台灣精選高息,568,301,267,華南永昌-虎尾,2024-03-08,9377
1615,大山,178,1,177,華南永昌-虎尾,2024-03-08,9377
006208,富邦台50,130,3,127,華南永昌-虎尾,2024-03-08,9377
1528,恩德,93,0,93,華南永昌-虎尾,2024-03-08,9377
3481,群創,123,39,84,華南永昌-虎尾,2024-03-08,9377
00680L,元大美債20正2,90,7,83,華南永昌-虎尾,2024-03-08,9377
2323,中環,96,20,76,華南永昌-虎尾,2024-03-08,9377
00937B,群益ESG投等債20,81,16,65,華南永昌-虎尾,2024-03-08,9377
2405,輔信,76,15,61,華南永昌-虎尾,2024-03-08,9377
2897,王道銀行,50,1,49,華南永昌-虎尾,2024-03-08,9377
9919,康那香,242,202,40,華南永昌-虎尾,2024-03-08,9377
00706L,期元大S＆P日圓正2,40,0,40,華南永昌-虎尾,2024-03-08,9377
3707,漢磊,40,0,40,華南永昌-虎尾,2024-03-08,9377
8096,擎亞,42,3,39,華南永昌-虎尾,2024-03-08,9377
6188,廣明,42,5,37,華南永昌-虎尾,2024-03-08,9377
2356,英業達,41,8,33,華南永昌-虎尾,2024-03-08,9377
2609,陽明,38,7,31,華南永昌-虎尾,2024-03-08,9377
2402,毅嘉,37,7,30,華南永昌-虎尾,2024-03-08,9377
00918,大華優利高填息30,32,2,30,華南永昌-虎尾,2024-03-08,9377
4157,太景*-KY,60,31,29,華南永昌-虎尾,2024-03-08,9377
2485,兆赫,143,115,28,華南永昌-虎尾,2024-03-08,9377
00915,凱基優選高股息30,27,0,27,華南永昌-虎尾,2024-03-08,9377
1609,大亞,28,3,25,華南永昌-虎尾,2024-03-08,9377
2489,瑞軒,50,25,25,華南永昌-虎尾,2024-03-08,9377
2630,亞航,25,0,25,華南永昌-虎尾,2024-03-08,9377
2014,中鴻,22,0,22,華南永昌-虎尾,2024-03-08,9377
00895,富邦未來車,22,0,22,華南永昌-虎尾,2024-03-08,9377
5498,凱崴,34,12,22,華南永昌-虎尾,2024-03-08,9377
00687B,國泰20年美債,22,1,21,華南永昌-虎尾,2024-03-08,9377
00935,野村臺灣新科技50,21,0,21,華南永昌-虎尾,2024-03-08,9377
3581,博磊,23,2,21,華南永昌-虎尾,2024-03-08,9377
1314,中石化,20,0,20,華南永昌-虎尾,2024-03-08,9377
8933,愛地雅,20,0,20,華南永昌-虎尾,2024-03-08,9377
2103,台橡,20,0,20,華南永昌-虎尾,2024-03-08,9377
2399,映泰,20,0,20,華南永昌-虎尾,2024-03-08,9377
00637L,元大滬深300正2,70,50,20,華南永昌-虎尾,2024-03-08,9377
4906,正文,20,1,19,華南永昌-虎尾,2024-03-08,9377
3006,晶豪科,19,0,19,華南永昌-虎尾,2024-03-08,9377
4526,東台,19,0,19,華南永昌-虎尾,2024-03-08,9377
2408,南亞科,17,0,17,華南永昌-虎尾,2024-03-08,9377
2241,艾姆勒,17,0,17,華南永昌-虎尾,2024-03-08,9377
3338,泰碩,19,2,17,華南永昌-虎尾,2024-03-08,9377
6125,廣運,54,37,17,華南永昌-虎尾,2024-03-08,9377
2301,光寶科,31,15,16,華南永昌-虎尾,2024-03-08,9377
1605,華新,17,1,16,華南永昌-虎尾,2024-03-08,9377
3037,欣興,25,9,16,華南永昌-虎尾,2024-03-08,9377
3078,僑威,15,0,15,華南永昌-虎尾,2024-03-08,9377
5388,中磊,14,0,14,華南永昌-虎尾,2024-03-08,9377
2464,盟立,14,0,14,華南永昌-虎尾,2024-03-08,9377
2834,臺企銀,212,1,211,華南永昌-虎尾,2024-03-11,9377
3231,緯創,449,269,180,華南永昌-虎尾,2024-03-11,9377
00937B,群益ESG投等債20,125,2,123,華南永昌-虎尾,2024-03-11,9377
1815,富喬,181,78,103,華南永昌-虎尾,2024-03-11,9377
00753L,中信中國50正2,140,64,76,華南永昌-虎尾,2024-03-11,9377
2303,聯電,127,52,75,華南永昌-虎尾,2024-03-11,9377
2382,廣達,98,46,52,華南永昌-虎尾,2024-03-11,9377
2530,華建,50,0,50,華南永昌-虎尾,2024-03-11,9377
006208,富邦台50,51,1,50,華南永昌-虎尾,2024-03-11,9377
00712,復華富時不動產,50,1,49,華南永昌-虎尾,2024-03-11,9377
2618,長榮航,64,18,46,華南永昌-虎尾,2024-03-11,9377
2516,新建,44,0,44,華南永昌-虎尾,2024-03-11,9377
1101,台泥,46,4,42,華南永昌-虎尾,2024-03-11,9377
4533,協易機,76,36,40,華南永昌-虎尾,2024-03-11,9377
3062,建漢,50,10,40,華南永昌-虎尾,2024-03-11,9377
00715L,期街口布蘭特正2,39,0,39,華南永昌-虎尾,2024-03-11,9377
00918,大華優利高填息30,39,5,34,華南永昌-虎尾,2024-03-11,9377
6462,神盾,39,8,31,華南永昌-虎尾,2024-03-11,9377
2539,櫻花建,30,0,30,華南永昌-虎尾,2024-03-11,9377
1528,恩德,28,0,28,華南永昌-虎尾,2024-03-11,9377
6282,康舒,40,12,28,華南永昌-虎尾,2024-03-11,9377
8049,晶采,28,0,28,華南永昌-虎尾,2024-03-11,9377
2353,宏��,35,9,26,華南永昌-虎尾,2024-03-11,9377
00687B,國泰20年美債,33,7,26,華南永昌-虎尾,2024-03-11,9377
1718,中纖,25,0,25,華南永昌-虎尾,2024-03-11,9377
2371,大同,33,11,22,華南永昌-虎尾,2024-03-11,9377
2882,國泰金,35,14,21,華南永昌-虎尾,2024-03-11,9377
5515,建國,21,0,21,華南永昌-虎尾,2024-03-11,9377
2328,廣宇,20,0,20,華南永昌-虎尾,2024-03-11,9377
3483,力致,23,3,20,華南永昌-虎尾,2024-03-11,9377
2801,彰銀,30,10,20,華南永昌-虎尾,2024-03-11,9377
00907,永豐優息存股,20,0,20,華南永昌-虎尾,2024-03-11,9377
1316,上曜,24,6,18,華南永昌-虎尾,2024-03-11,9377
3052,夆典,21,5,16,華南永昌-虎尾,2024-03-11,9377
00900,富邦特選高股息30,20,4,16,華南永昌-虎尾,2024-03-11,9377
3044,健鼎,17,1,16,華南永昌-虎尾,2024-03-11,9377
6116,彩晶,14,0,14,華南永昌-虎尾,2024-03-11,9377
2881,富邦金,25,11,14,華南永昌-虎尾,2024-03-11,9377
2485,兆赫,53,40,13,華南永昌-虎尾,2024-03-11,9377
4147,中裕,12,0,12,華南永昌-虎尾,2024-03-11,9377
5469,瀚宇博,12,0,12,華南永昌-虎尾,2024-03-11,9377
3703,欣陸,12,0,12,華南永昌-虎尾,2024-03-11,9377
2031,新光鋼,11,0,11,華南永昌-虎尾,2024-03-11,9377
2402,毅嘉,11,0,11,華南永昌-虎尾,2024-03-11,9377
8105,凌巨,11,0,11,華南永昌-虎尾,2024-03-11,9377
2330,台積電,14,3,11,華南永昌-虎尾,2024-03-11,9377
3202,樺晟,10,0,10,華南永昌-虎尾,2024-03-11,9377
4973,廣穎,10,0,10,華南永昌-虎尾,2024-03-11,9377
6016,康和證,20,10,10,華南永昌-虎尾,2024-03-11,9377
8150,南茂,10,0,10,華南永昌-虎尾,2024-03-11,9377
2367,燿華,269,6,263,華南永昌-虎尾,2024-03-12,9377
00918,大華優利高填息30,170,1,169,華南永昌-虎尾,2024-03-12,9377
2867,三商壽,168,0,168,華南永昌-虎尾,2024-03-12,9377
00680L,元大美債20正2,70,0,70,華南永昌-虎尾,2024-03-12,9377
2371,大同,76,12,64,華南永昌-虎尾,2024-03-12,9377
1528,恩德,60,0,60,華南永昌-虎尾,2024-03-12,9377
1504,東元,66,21,45,華南永昌-虎尾,2024-03-12,9377
4714,永捷,49,5,44,華南永昌-虎尾,2024-03-12,9377
00919,群益台灣精選高息,64,26,38,華南永昌-虎尾,2024-03-12,9377
1514,亞力,51,18,33,華南永昌-虎尾,2024-03-12,9377
2809,京城銀,33,0,33,華南永昌-虎尾,2024-03-12,9377
2615,萬海,41,9,32,華南永昌-虎尾,2024-03-12,9377
8110,華東,37,6,31,華南永昌-虎尾,2024-03-12,9377
00795B,中信美國公債20年,30,0,30,華南永昌-虎尾,2024-03-12,9377
4109,加捷生醫,30,0,30,華南永昌-虎尾,2024-03-12,9377
3033,威健,30,0,30,華南永昌-虎尾,2024-03-12,9377
3049,精金,29,0,29,華南永昌-虎尾,2024-03-12,9377
00679B,元大美債20年,28,0,28,華南永昌-虎尾,2024-03-12,9377
2606,裕民,31,4,27,華南永昌-虎尾,2024-03-12,9377
2363,矽統,31,5,26,華南永昌-虎尾,2024-03-12,9377
8059,凱碩,28,2,26,華南永昌-虎尾,2024-03-12,9377
3669,圓展,26,1,25,華南永昌-虎尾,2024-03-12,9377
5469,瀚宇博,26,1,25,華南永昌-虎尾,2024-03-12,9377
8105,凌巨,25,0,25,華南永昌-虎尾,2024-03-12,9377
2344,華邦電,24,0,24,華南永昌-虎尾,2024-03-12,9377
6143,振曜,22,0,22,華南永昌-虎尾,2024-03-12,9377
2314,台揚,22,0,22,華南永昌-虎尾,2024-03-12,9377
3234,光環,29,7,22,華南永昌-虎尾,2024-03-12,9377
6275,元山,27,5,22,華南永昌-虎尾,2024-03-12,9377
00706L,期元大S＆P日圓正2,20,0,20,華南永昌-虎尾,2024-03-12,9377
1815,富喬,33,13,20,華南永昌-虎尾,2024-03-12,9377
3516,亞帝歐,20,0,20,華南永昌-虎尾,2024-03-12,9377
3583,辛耘,26,6,20,華南永昌-虎尾,2024-03-12,9377
2329,華泰,21,2,19,華南永昌-虎尾,2024-03-12,9377
00857B,永豐20年美公債,18,0,18,華南永昌-虎尾,2024-03-12,9377
2356,英業達,41,24,17,華南永昌-虎尾,2024-03-12,9377
3712,永崴投控,16,0,16,華南永昌-虎尾,2024-03-12,9377
1718,中纖,15,0,15,華南永昌-虎尾,2024-03-12,9377
3481,群創,23,8,15,華南永昌-虎尾,2024-03-12,9377
3665,貿聯-KY,15,0,15,華南永昌-虎尾,2024-03-12,9377
6120,達運,39,25,14,華南永昌-虎尾,2024-03-12,9377
00937B,群益ESG投等債20,16,2,14,華南永昌-虎尾,2024-03-12,9377
00632R,元大台灣50反1,34,20,14,華南永昌-虎尾,2024-03-12,9377
5202,力新,14,0,14,華南永昌-虎尾,2024-03-12,9377
8034,榮群,14,0,14,華南永昌-虎尾,2024-03-12,9377
2883,凱基金,37,23,14,華南永昌-虎尾,2024-03-12,9377
2489,瑞軒,43,30,13,華南永昌-虎尾,2024-03-12,9377
3044,健鼎,15,2,13,華南永昌-虎尾,2024-03-12,9377
006208,富邦台50,15,2,13,華南永昌-虎尾,2024-03-12,9377
2369,菱生,18,6,12,華南永昌-虎尾,2024-03-12,9377
00900,富邦特選高股息30,120,1,119,華南永昌-虎尾,2024-03-13,9377
00664R,國泰臺灣加權反1,100,0,100,華南永昌-虎尾,2024-03-13,9377
2405,輔信,104,13,91,華南永昌-虎尾,2024-03-13,9377
00637L,元大滬深300正2,117,35,82,華南永昌-虎尾,2024-03-13,9377
1612,宏泰,81,0,81,華南永昌-虎尾,2024-03-13,9377
00918,大華優利高填息30,80,3,77,華南永昌-虎尾,2024-03-13,9377
3231,緯創,145,70,75,華南永昌-虎尾,2024-03-13,9377
3025,星通,70,0,70,華南永昌-虎尾,2024-03-13,9377
4157,太景*-KY,61,0,61,華南永昌-虎尾,2024-03-13,9377
2344,華邦電,77,18,59,華南永昌-虎尾,2024-03-13,9377
2353,宏��,70,12,58,華南永昌-虎尾,2024-03-13,9377
1528,恩德,60,3,57,華南永昌-虎尾,2024-03-13,9377
3481,群創,66,12,54,華南永昌-虎尾,2024-03-13,9377
3049,精金,50,0,50,華南永昌-虎尾,2024-03-13,9377
6219,富旺,50,0,50,華南永昌-虎尾,2024-03-13,9377
4714,永捷,50,2,48,華南永昌-虎尾,2024-03-13,9377
006208,富邦台50,45,0,45,華南永昌-虎尾,2024-03-13,9377
2516,新建,42,0,42,華南永昌-虎尾,2024-03-13,9377
6770,力積電,42,6,36,華南永昌-虎尾,2024-03-13,9377
3715,定穎投控,34,0,34,華南永昌-虎尾,2024-03-13,9377
00919,群益台灣精選高息,75,41,34,華南永昌-虎尾,2024-03-13,9377
3032,偉訓,31,0,31,華南永昌-虎尾,2024-03-13,9377
2349,錸德,30,0,30,華南永昌-虎尾,2024-03-13,9377
4906,正文,30,0,30,華南永昌-虎尾,2024-03-13,9377
2543,皇昌,29,0,29,華南永昌-虎尾,2024-03-13,9377
3078,僑威,28,0,28,華南永昌-虎尾,2024-03-13,9377
5469,瀚宇博,37,9,28,華南永昌-虎尾,2024-03-13,9377
6125,廣運,27,1,26,華南永昌-虎尾,2024-03-13,9377
2816,旺旺保,26,0,26,華南永昌-虎尾,2024-03-13,9377
2363,矽統,37,12,25,華南永昌-虎尾,2024-03-13,9377
1815,富喬,34,10,24,華南永昌-虎尾,2024-03-13,9377
1608,華榮,37,13,24,華南永昌-虎尾,2024-03-13,9377
6284,佳邦,26,4,22,華南永昌-虎尾,2024-03-13,9377
00687B,國泰20年美債,22,0,22,華南永昌-虎尾,2024-03-13,9377
1313,聯成,20,0,20,華南永昌-虎尾,2024-03-13,9377
2359,所羅門,27,7,20,華南永昌-虎尾,2024-03-13,9377
2485,兆赫,50,30,20,華南永昌-虎尾,2024-03-13,9377
00902,中信電池及儲能,20,0,20,華南永昌-虎尾,2024-03-13,9377
3013,晟銘電,19,0,19,華南永昌-虎尾,2024-03-13,9377
3520,華盈,18,0,18,華南永昌-虎尾,2024-03-13,9377
2882,國泰金,20,2,18,華南永昌-虎尾,2024-03-13,9377
00915,凱基優選高股息30,18,1,17,華南永昌-虎尾,2024-03-13,9377
00688L,國泰20年美債正2,24,7,17,華南永昌-虎尾,2024-03-13,9377
5309,系統電,16,0,16,華南永昌-虎尾,2024-03-13,9377
1718,中纖,15,1,14,華南永昌-虎尾,2024-03-13,9377
1434,福懋,14,0,14,華南永昌-虎尾,2024-03-13,9377
2324,仁寶,19,5,14,華南永昌-虎尾,2024-03-13,9377
2476,鉅祥,16,3,13,華南永昌-虎尾,2024-03-13,9377
1712,興農,13,0,13,華南永昌-虎尾,2024-03-13,9377
2208,台船,13,0,13,華南永昌-虎尾,2024-03-13,9377
2882,國泰金,345,50,295,華南永昌-虎尾,2024-03-14,9377
2883,凱基金,139,44,95,華南永昌-虎尾,2024-03-14,9377
2834,臺企銀,112,17,95,華南永昌-虎尾,2024-03-14,9377
2618,長榮航,283,196,87,華南永昌-虎尾,2024-03-14,9377
00915,凱基優選高股息30,92,8,84,華南永昌-虎尾,2024-03-14,9377
0055,元大MSCI金融,82,0,82,華南永昌-虎尾,2024-03-14,9377
00885,富邦越南,102,30,72,華南永昌-虎尾,2024-03-14,9377
2323,中環,160,100,60,華南永昌-虎尾,2024-03-14,9377
2027,大成鋼,46,1,45,華南永昌-虎尾,2024-03-14,9377
2889,國票金,84,42,42,華南永昌-虎尾,2024-03-14,9377
00632R,元大台灣50反1,42,0,42,華南永昌-虎尾,2024-03-14,9377
2354,鴻準,61,19,42,華南永昌-虎尾,2024-03-14,9377
00637L,元大滬深300正2,60,20,40,華南永昌-虎尾,2024-03-14,9377
00918,大華優利高填息30,55,16,39,華南永昌-虎尾,2024-03-14,9377
2801,彰銀,44,8,36,華南永昌-虎尾,2024-03-14,9377
1528,恩德,35,0,35,華南永昌-虎尾,2024-03-14,9377
2881,富邦金,44,10,34,華南永昌-虎尾,2024-03-14,9377
9919,康那香,233,200,33,華南永昌-虎尾,2024-03-14,9377
3481,群創,35,3,32,華南永昌-虎尾,2024-03-14,9377
2303,聯電,53,21,32,華南永昌-虎尾,2024-03-14,9377
3231,緯創,57,26,31,華南永昌-虎尾,2024-03-14,9377
2836,高雄銀,55,25,30,華南永昌-虎尾,2024-03-14,9377
2888,新光金,30,0,30,華南永昌-虎尾,2024-03-14,9377
5452,佶優,30,0,30,華南永昌-虎尾,2024-03-14,9377
3032,偉訓,30,1,29,華南永昌-虎尾,2024-03-14,9377
00937B,群益ESG投等債20,42,14,28,華南永昌-虎尾,2024-03-14,9377
2615,萬海,30,2,28,華南永昌-虎尾,2024-03-14,9377
2353,宏��,32,4,28,華南永昌-虎尾,2024-03-14,9377
00687B,國泰20年美債,26,0,26,華南永昌-虎尾,2024-03-14,9377
00688L,國泰20年美債正2,26,0,26,華南永昌-虎尾,2024-03-14,9377
6026,福邦證,25,1,24,華南永昌-虎尾,2024-03-14,9377
2915,潤泰全,23,0,23,華南永昌-虎尾,2024-03-14,9377
4934,太極,20,0,20,華南永昌-虎尾,2024-03-14,9377
2471,資通,21,1,20,華南永昌-虎尾,2024-03-14,9377
3712,永崴投控,20,0,20,華南永昌-虎尾,2024-03-14,9377
4919,新唐,20,1,19,華南永昌-虎尾,2024-03-14,9377
6139,亞翔,18,0,18,華南永昌-虎尾,2024-03-14,9377
6189,豐藝,18,0,18,華南永昌-虎尾,2024-03-14,9377
1316,上曜,58,42,16,華南永昌-虎尾,2024-03-14,9377
2405,輔信,20,4,16,華南永昌-虎尾,2024-03-14,9377
00673R,期元大S＆P原油反1,15,0,15,華南永昌-虎尾,2024-03-14,9377
2537,聯上發,17,2,15,華南永昌-虎尾,2024-03-14,9377
6016,康和證,15,0,15,華南永昌-虎尾,2024-03-14,9377
6856,鑫傳,15,0,15,華南永昌-虎尾,2024-03-14,9377
8027,鈦昇,15,0,15,華南永昌-虎尾,2024-03-14,9377
6742,澤米,14,0,14,華南永昌-虎尾,2024-03-14,9377
1612,宏泰,14,0,14,華南永昌-虎尾,2024-03-14,9377
00891,中信關鍵半導體,13,0,13,華南永昌-虎尾,2024-03-14,9377
3050,鈺德,13,0,13,華南永昌-虎尾,2024-03-14,9377
6005,群益證,15,3,12,華南永昌-虎尾,2024-03-14,9377
00919,群益台灣精選高息,392,107,285,華南永昌-虎尾,2024-03-15,9377
2834,臺企銀,174,5,169,華南永昌-虎尾,2024-03-15,9377
2820,華票,96,5,91,華南永昌-虎尾,2024-03-15,9377
2356,英業達,110,30,80,華南永昌-虎尾,2024-03-15,9377
00712,復華富時不動產,70,1,69,華南永昌-虎尾,2024-03-15,9377
00753L,中信中國50正2,67,3,64,華南永昌-虎尾,2024-03-15,9377
2369,菱生,75,12,63,華南永昌-虎尾,2024-03-15,9377
00687B,國泰20年美債,60,0,60,華南永昌-虎尾,2024-03-15,9377
00665L,富邦�琤肭磪囓�2,56,0,56,華南永昌-虎尾,2024-03-15,9377
00915,凱基優選高股息30,61,10,51,華南永昌-虎尾,2024-03-15,9377
1305,華夏,51,0,51,華南永昌-虎尾,2024-03-15,9377
6278,台表科,50,0,50,華南永昌-虎尾,2024-03-15,9377
6770,力積電,50,1,49,華南永昌-虎尾,2024-03-15,9377
2367,燿華,56,9,47,華南永昌-虎尾,2024-03-15,9377
2603,長榮,71,25,46,華南永昌-虎尾,2024-03-15,9377
00941,中信上游半導體,204,161,43,華南永昌-虎尾,2024-03-15,9377
00637L,元大滬深300正2,72,30,42,華南永昌-虎尾,2024-03-15,9377
1615,大山,56,16,40,華南永昌-虎尾,2024-03-15,9377
2344,華邦電,45,6,39,華南永昌-虎尾,2024-03-15,9377
1313,聯成,59,21,38,華南永昌-虎尾,2024-03-15,9377
2618,長榮航,50,14,36,華南永昌-虎尾,2024-03-15,9377
6016,康和證,34,0,34,華南永昌-虎尾,2024-03-15,9377
2363,矽統,40,7,33,華南永昌-虎尾,2024-03-15,9377
2377,微星,32,0,32,華南永昌-虎尾,2024-03-15,9377
2399,映泰,32,0,32,華南永昌-虎尾,2024-03-15,9377
00673R,期元大S＆P原油反1,31,0,31,華南永昌-虎尾,2024-03-15,9377
2382,廣達,79,48,31,華南永昌-虎尾,2024-03-15,9377
00715L,期街口布蘭特正2,32,3,29,華南永昌-虎尾,2024-03-15,9377
2317,鴻海,537,509,28,華南永昌-虎尾,2024-03-15,9377
00688L,國泰20年美債正2,28,0,28,華南永昌-虎尾,2024-03-15,9377
2634,漢翔,32,6,26,華南永昌-虎尾,2024-03-15,9377
00795B,中信美國公債20年,26,0,26,華南永昌-虎尾,2024-03-15,9377
3715,定穎投控,25,0,25,華南永昌-虎尾,2024-03-15,9377
2882,國泰金,29,6,23,華南永昌-虎尾,2024-03-15,9377
00929,復華台灣科技優息,29,6,23,華南永昌-虎尾,2024-03-15,9377
2328,廣宇,28,6,22,華南永昌-虎尾,2024-03-15,9377
3224,三顧,22,0,22,華南永昌-虎尾,2024-03-15,9377
6117,迎廣,22,0,22,華南永昌-虎尾,2024-03-15,9377
00679B,元大美債20年,26,6,20,華南永昌-虎尾,2024-03-15,9377
00706L,期元大S＆P日圓正2,20,0,20,華南永昌-虎尾,2024-03-15,9377
2472,立隆電,30,10,20,華南永昌-虎尾,2024-03-15,9377
2888,新光金,20,0,20,華南永昌-虎尾,2024-03-15,9377
1303,南亞,20,1,19,華南永昌-虎尾,2024-03-15,9377
2002,中鋼,23,5,18,華南永昌-虎尾,2024-03-15,9377
1210,大成,17,0,17,華南永昌-虎尾,2024-03-15,9377
3466,德晉,17,0,17,華南永昌-虎尾,2024-03-15,9377
2030,彰源,16,0,16,華南永昌-虎尾,2024-03-15,9377
1513,中興電,35,20,15,華南永昌-虎尾,2024-03-15,9377
8936,國統,18,3,15,華南永昌-虎尾,2024-03-15,9377
1528,恩德,15,0,15,華南永昌-虎尾,2024-03-15,9377
00941,中信上游半導體,212,18,194,華南永昌-虎尾,2024-03-18,9377
2887,台新金,112,2,110,華南永昌-虎尾,2024-03-18,9377
2317,鴻海,305,200,105,華南永昌-虎尾,2024-03-18,9377
00919,群益台灣精選高息,90,2,88,華南永昌-虎尾,2024-03-18,9377
2834,臺企銀,105,19,86,華南永昌-虎尾,2024-03-18,9377
8096,擎亞,87,3,84,華南永昌-虎尾,2024-03-18,9377
2329,華泰,123,54,69,華南永昌-虎尾,2024-03-18,9377
2471,資通,73,5,68,華南永昌-虎尾,2024-03-18,9377
006208,富邦台50,55,0,55,華南永昌-虎尾,2024-03-18,9377
00918,大華優利高填息30,65,14,51,華南永昌-虎尾,2024-03-18,9377
6015,宏遠證,51,0,51,華南永昌-虎尾,2024-03-18,9377
2472,立隆電,50,0,50,華南永昌-虎尾,2024-03-18,9377
2897,王道銀行,50,0,50,華南永昌-虎尾,2024-03-18,9377
2303,聯電,59,11,48,華南永昌-虎尾,2024-03-18,9377
1528,恩德,41,0,41,華南永昌-虎尾,2024-03-18,9377
00929,復華台灣科技優息,39,3,36,華南永昌-虎尾,2024-03-18,9377
1514,亞力,67,32,35,華南永昌-虎尾,2024-03-18,9377
4934,太極,40,5,35,華南永昌-虎尾,2024-03-18,9377
2354,鴻準,50,17,33,華南永昌-虎尾,2024-03-18,9377
2609,陽明,42,10,32,華南永昌-虎尾,2024-03-18,9377
4114,健喬,30,0,30,華南永昌-虎尾,2024-03-18,9377
6856,鑫傳,30,0,30,華南永昌-虎尾,2024-03-18,9377
00706L,期元大S＆P日圓正2,26,0,26,華南永昌-虎尾,2024-03-18,9377
2382,廣達,74,52,22,華南永昌-虎尾,2024-03-18,9377
3481,群創,21,1,20,華南永昌-虎尾,2024-03-18,9377
2371,大同,51,31,20,華南永昌-虎尾,2024-03-18,9377
3715,定穎投控,20,0,20,華南永昌-虎尾,2024-03-18,9377
2618,長榮航,29,9,20,華南永昌-虎尾,2024-03-18,9377
2449,京元電子,36,16,20,華南永昌-虎尾,2024-03-18,9377
00937B,群益ESG投等債20,22,3,19,華南永昌-虎尾,2024-03-18,9377
1615,大山,41,22,19,華南永昌-虎尾,2024-03-18,9377
2027,大成鋼,19,0,19,華南永昌-虎尾,2024-03-18,9377
6679,鈺太,21,2,19,華南永昌-虎尾,2024-03-18,9377
9910,豐泰,21,4,17,華南永昌-虎尾,2024-03-18,9377
3231,緯創,133,116,17,華南永昌-虎尾,2024-03-18,9377
2731,雄獅,17,0,17,華南永昌-虎尾,2024-03-18,9377
8089,康全電訊,26,9,17,華南永昌-虎尾,2024-03-18,9377
2611,志信,23,6,17,華南永昌-虎尾,2024-03-18,9377
5880,合庫金,21,5,16,華南永昌-虎尾,2024-03-18,9377
00712,復華富時不動產,16,0,16,華南永昌-虎尾,2024-03-18,9377
2603,長榮,23,8,15,華南永昌-虎尾,2024-03-18,9377
1101,台泥,17,3,14,華南永昌-虎尾,2024-03-18,9377
3005,神基,55,41,14,華南永昌-虎尾,2024-03-18,9377
9902,台火,12,0,12,華南永昌-虎尾,2024-03-18,9377
1513,中興電,44,32,12,華南永昌-虎尾,2024-03-18,9377
00687B,國泰20年美債,11,0,11,華南永昌-虎尾,2024-03-18,9377
2451,創見,11,0,11,華南永昌-虎尾,2024-03-18,9377
9945,潤泰新,11,0,11,華南永昌-虎尾,2024-03-18,9377
3520,華盈,11,1,10,華南永昌-虎尾,2024-03-18,9377
00639,富邦深100,10,0,10,華南永昌-虎尾,2024-03-18,9377
00927,群益半導體收益,133,0,133,華南永昌-虎尾,2024-03-19,9377
00857B,永豐20年美公債,125,0,125,華南永昌-虎尾,2024-03-19,9377
2834,臺企銀,168,53,115,華南永昌-虎尾,2024-03-19,9377
2303,聯電,191,95,96,華南永昌-虎尾,2024-03-19,9377
00753L,中信中國50正2,100,20,80,華南永昌-虎尾,2024-03-19,9377
2402,毅嘉,58,0,58,華南永昌-虎尾,2024-03-19,9377
3231,緯創,178,126,52,華南永昌-虎尾,2024-03-19,9377
00665L,富邦�琤肭磪囓�2,50,0,50,華南永昌-虎尾,2024-03-19,9377
9945,潤泰新,58,10,48,華南永昌-虎尾,2024-03-19,9377
2486,一詮,76,28,48,華南永昌-虎尾,2024-03-19,9377
2885,元大金,44,0,44,華南永昌-虎尾,2024-03-19,9377
2515,中工,46,7,39,華南永昌-虎尾,2024-03-19,9377
2208,台船,55,17,38,華南永昌-虎尾,2024-03-19,9377
6856,鑫傳,36,0,36,華南永昌-虎尾,2024-03-19,9377
00655L,國泰中國A50正2,35,0,35,華南永昌-虎尾,2024-03-19,9377
6679,鈺太,40,5,35,華南永昌-虎尾,2024-03-19,9377
4157,太景*-KY,42,10,32,華南永昌-虎尾,2024-03-19,9377
00687B,國泰20年美債,29,0,29,華南永昌-虎尾,2024-03-19,9377
00673R,期元大S＆P原油反1,29,0,29,華南永昌-虎尾,2024-03-19,9377
2449,京元電子,36,8,28,華南永昌-虎尾,2024-03-19,9377
1513,中興電,40,13,27,華南永昌-虎尾,2024-03-19,9377
00941,中信上游半導體,37,10,27,華南永昌-虎尾,2024-03-19,9377
8011,台通,31,4,27,華南永昌-虎尾,2024-03-19,9377
2323,中環,32,6,26,華南永昌-虎尾,2024-03-19,9377
1528,恩德,25,0,25,華南永昌-虎尾,2024-03-19,9377
2612,中航,25,0,25,華南永昌-虎尾,2024-03-19,9377
2630,亞航,26,1,25,華南永昌-虎尾,2024-03-19,9377
8341,日友,24,0,24,華南永昌-虎尾,2024-03-19,9377
3481,群創,26,5,21,華南永昌-虎尾,2024-03-19,9377
2371,大同,42,21,21,華南永昌-虎尾,2024-03-19,9377
2103,台橡,20,0,20,華南永昌-虎尾,2024-03-19,9377
5488,松普,20,0,20,華南永昌-虎尾,2024-03-19,9377
3322,建舜電,19,0,19,華南永昌-虎尾,2024-03-19,9377
00919,群益台灣精選高息,37,20,17,華南永昌-虎尾,2024-03-19,9377
00712,復華富時不動產,30,13,17,華南永昌-虎尾,2024-03-19,9377
00680L,元大美債20正2,17,0,17,華南永昌-虎尾,2024-03-19,9377
3545,敦泰,16,0,16,華南永昌-虎尾,2024-03-19,9377
2353,宏��,37,21,16,華南永昌-虎尾,2024-03-19,9377
2348,海悅,16,0,16,華南永昌-虎尾,2024-03-19,9377
1809,中釉,20,5,15,華南永昌-虎尾,2024-03-19,9377
2027,大成鋼,19,4,15,華南永昌-虎尾,2024-03-19,9377
2611,志信,22,7,15,華南永昌-虎尾,2024-03-19,9377
2887,台新金,15,0,15,華南永昌-虎尾,2024-03-19,9377
3059,華晶科,16,1,15,華南永昌-虎尾,2024-03-19,9377
4906,正文,16,1,15,華南永昌-虎尾,2024-03-19,9377
4938,和碩,20,5,15,華南永昌-虎尾,2024-03-19,9377
2382,廣達,27,12,15,華南永昌-虎尾,2024-03-19,9377
2547,日勝生,15,1,14,華南永昌-虎尾,2024-03-19,9377
3712,永崴投控,15,1,14,華南永昌-虎尾,2024-03-19,9377
1303,南亞,13,0,13,華南永昌-虎尾,2024-03-19,9377
00939,統一台灣高息動能,633,154,479,華南永昌-虎尾,2024-03-20,9377
6026,福邦證,279,0,279,華南永昌-虎尾,2024-03-20,9377
3231,緯創,311,49,262,華南永昌-虎尾,2024-03-20,9377
2317,鴻海,357,170,187,華南永昌-虎尾,2024-03-20,9377
00664R,國泰臺灣加權反1,124,0,124,華南永昌-虎尾,2024-03-20,9377
2897,王道銀行,101,0,101,華南永昌-虎尾,2024-03-20,9377
9933,中鼎,100,1,99,華南永昌-虎尾,2024-03-20,9377
2356,英業達,146,57,89,華南永昌-虎尾,2024-03-20,9377
00919,群益台灣精選高息,151,75,76,華南永昌-虎尾,2024-03-20,9377
2208,台船,72,0,72,華南永昌-虎尾,2024-03-20,9377
2344,華邦電,68,0,68,華南永昌-虎尾,2024-03-20,9377
00673R,期元大S＆P原油反1,70,5,65,華南永昌-虎尾,2024-03-20,9377
2354,鴻準,113,52,61,華南永昌-虎尾,2024-03-20,9377
2303,聯電,247,193,54,華南永昌-虎尾,2024-03-20,9377
5880,合庫金,58,5,53,華南永昌-虎尾,2024-03-20,9377
2206,三陽工業,70,18,52,華南永昌-虎尾,2024-03-20,9377
8070,長華*,52,0,52,華南永昌-虎尾,2024-03-20,9377
4938,和碩,61,10,51,華南永昌-虎尾,2024-03-20,9377
00753L,中信中國50正2,73,23,50,華南永昌-虎尾,2024-03-20,9377
00918,大華優利高填息30,74,25,49,華南永昌-虎尾,2024-03-20,9377
3520,華盈,49,0,49,華南永昌-虎尾,2024-03-20,9377
2371,大同,50,1,49,華南永昌-虎尾,2024-03-20,9377
5439,高技,47,1,46,華南永昌-虎尾,2024-03-20,9377
6856,鑫傳,42,0,42,華南永昌-虎尾,2024-03-20,9377
00679B,元大美債20年,30,0,30,華南永昌-虎尾,2024-03-20,9377
6116,彩晶,31,1,30,華南永昌-虎尾,2024-03-20,9377
2485,兆赫,62,32,30,華南永昌-虎尾,2024-03-20,9377
00637L,元大滬深300正2,73,47,26,華南永昌-虎尾,2024-03-20,9377
1609,大亞,26,1,25,華南永昌-虎尾,2024-03-20,9377
2002,中鋼,27,3,24,華南永昌-虎尾,2024-03-20,9377
2408,南亞科,22,0,22,華南永昌-虎尾,2024-03-20,9377
2449,京元電子,62,41,21,華南永昌-虎尾,2024-03-20,9377
6202,盛群,22,1,21,華南永昌-虎尾,2024-03-20,9377
00933B,國泰10Y+金融債,20,0,20,華南永昌-虎尾,2024-03-20,9377
1802,台玻,20,0,20,華南永昌-虎尾,2024-03-20,9377
2547,日勝生,20,0,20,華南永昌-虎尾,2024-03-20,9377
5452,佶優,20,0,20,華南永昌-虎尾,2024-03-20,9377
2834,臺企銀,20,1,19,華南永昌-虎尾,2024-03-20,9377
2359,所羅門,20,1,19,華南永昌-虎尾,2024-03-20,9377
00632R,元大台灣50反1,21,2,19,華南永昌-虎尾,2024-03-20,9377
8011,台通,19,1,18,華南永昌-虎尾,2024-03-20,9377
2323,中環,32,15,17,華南永昌-虎尾,2024-03-20,9377
2880,華南金,18,1,17,華南永昌-虎尾,2024-03-20,9377
3447,展達,17,0,17,華南永昌-虎尾,2024-03-20,9377
6770,力積電,15,0,15,華南永昌-虎尾,2024-03-20,9377
2489,瑞軒,17,2,15,華南永昌-虎尾,2024-03-20,9377
00878,國泰永續高股息,17,3,14,華南永昌-虎尾,2024-03-20,9377
2486,一詮,40,26,14,華南永昌-虎尾,2024-03-20,9377
8033,雷虎,14,0,14,華南永昌-虎尾,2024-03-20,9377
2030,彰源,12,0,12,華南永昌-虎尾,2024-03-20,9377
00632R,元大台灣50反1,294,10,284,華南永昌-虎尾,2024-03-21,9377
00933B,國泰10Y+金融債,200,0,200,華南永昌-虎尾,2024-03-21,9377
00939,統一台灣高息動能,203,68,135,華南永昌-虎尾,2024-03-21,9377
2405,輔信,99,2,97,華南永昌-虎尾,2024-03-21,9377
2367,燿華,100,26,74,華南永昌-虎尾,2024-03-21,9377
00679B,元大美債20年,74,5,69,華南永昌-虎尾,2024-03-21,9377
00669R,國泰美國道瓊反1,63,0,63,華南永昌-虎尾,2024-03-21,9377
00687B,國泰20年美債,63,0,63,華南永昌-虎尾,2024-03-21,9377
00929,復華台灣科技優息,99,40,59,華南永昌-虎尾,2024-03-21,9377
00665L,富邦�琤肭磪囓�2,54,0,54,華南永昌-虎尾,2024-03-21,9377
2454,聯發科,42,2,40,華南永昌-虎尾,2024-03-21,9377
1802,台玻,40,0,40,華南永昌-虎尾,2024-03-21,9377
2449,京元電子,60,23,37,華南永昌-虎尾,2024-03-21,9377
00664R,國泰臺灣加權反1,35,0,35,華南永昌-虎尾,2024-03-21,9377
2337,旺宏,41,10,31,華南永昌-虎尾,2024-03-21,9377
006208,富邦台50,33,2,31,華南永昌-虎尾,2024-03-21,9377
00680L,元大美債20正2,30,0,30,華南永昌-虎尾,2024-03-21,9377
2301,光寶科,44,15,29,華南永昌-虎尾,2024-03-21,9377
2425,承啟,29,1,28,華南永昌-虎尾,2024-03-21,9377
00857B,永豐20年美公債,27,0,27,華南永昌-虎尾,2024-03-21,9377
6856,鑫傳,26,0,26,華南永昌-虎尾,2024-03-21,9377
00655L,國泰中國A50正2,25,0,25,華南永昌-虎尾,2024-03-21,9377
3520,華盈,23,0,23,華南永昌-虎尾,2024-03-21,9377
8112,至上,38,15,23,華南永昌-虎尾,2024-03-21,9377
2609,陽明,37,15,22,華南永昌-虎尾,2024-03-21,9377
5452,佶優,20,0,20,華南永昌-虎尾,2024-03-21,9377
6188,廣明,53,33,20,華南永昌-虎尾,2024-03-21,9377
8404,百和興業-KY,20,0,20,華南永昌-虎尾,2024-03-21,9377
5443,均豪,32,15,17,華南永昌-虎尾,2024-03-21,9377
6143,振曜,17,0,17,華南永昌-虎尾,2024-03-21,9377
00941,中信上游半導體,73,56,17,華南永昌-虎尾,2024-03-21,9377
2406,國碩,20,3,17,華南永昌-虎尾,2024-03-21,9377
1540,喬福,16,0,16,華南永昌-虎尾,2024-03-21,9377
5263,智崴,16,0,16,華南永昌-虎尾,2024-03-21,9377
6770,力積電,15,0,15,華南永昌-虎尾,2024-03-21,9377
2731,雄獅,15,0,15,華南永昌-虎尾,2024-03-21,9377
3003,健和興,15,0,15,華南永昌-虎尾,2024-03-21,9377
4979,華星光,15,0,15,華南永昌-虎尾,2024-03-21,9377
5371,中光電,15,0,15,華南永昌-虎尾,2024-03-21,9377
6477,安集,17,2,15,華南永昌-虎尾,2024-03-21,9377
6274,台燿,15,1,14,華南永昌-虎尾,2024-03-21,9377
1815,富喬,28,14,14,華南永昌-虎尾,2024-03-21,9377
2834,臺企銀,24,10,14,華南永昌-虎尾,2024-03-21,9377
6505,台塑化,14,0,14,華南永昌-虎尾,2024-03-21,9377
2884,玉山金,21,7,14,華南永昌-虎尾,2024-03-21,9377
00720B,元大投資級公司債,12,0,12,華南永昌-虎尾,2024-03-21,9377
6244,茂迪,23,11,12,華南永昌-虎尾,2024-03-21,9377
2329,華泰,13,2,11,華南永昌-虎尾,2024-03-21,9377
3576,聯合再生,13,2,11,華南永昌-虎尾,2024-03-21,9377
6285,啟��,10,0,10,華南永昌-虎尾,2024-03-21,9377
2633,台灣高鐵,250,0,250,華南永昌-虎尾,2024-03-22,9377
3706,神達,161,40,121,華南永昌-虎尾,2024-03-22,9377
1616,億泰,120,6,114,華南永昌-虎尾,2024-03-22,9377
00753L,中信中國50正2,106,5,101,華南永昌-虎尾,2024-03-22,9377
2353,宏��,146,53,93,華南永昌-虎尾,2024-03-22,9377
3231,緯創,157,64,93,華南永昌-虎尾,2024-03-22,9377
2834,臺企銀,78,4,74,華南永昌-虎尾,2024-03-22,9377
2486,一詮,113,41,72,華南永昌-虎尾,2024-03-22,9377
2344,華邦電,113,51,62,華南永昌-虎尾,2024-03-22,9377
2303,聯電,70,10,60,華南永昌-虎尾,2024-03-22,9377
00939,統一台灣高息動能,167,116,51,華南永昌-虎尾,2024-03-22,9377
00680L,元大美債20正2,50,0,50,華南永昌-虎尾,2024-03-22,9377
2323,中環,93,51,42,華南永昌-虎尾,2024-03-22,9377
3715,定穎投控,38,0,38,華南永昌-虎尾,2024-03-22,9377
2402,毅嘉,37,0,37,華南永昌-虎尾,2024-03-22,9377
8936,國統,41,5,36,華南永昌-虎尾,2024-03-22,9377
3322,建舜電,35,1,34,華南永昌-虎尾,2024-03-22,9377
00637L,元大滬深300正2,150,118,32,華南永昌-虎尾,2024-03-22,9377
00665L,富邦�琤肭磪囓�2,90,60,30,華南永昌-虎尾,2024-03-22,9377
00679B,元大美債20年,35,5,30,華南永昌-虎尾,2024-03-22,9377
8105,凌巨,30,0,30,華南永昌-虎尾,2024-03-22,9377
3032,偉訓,30,1,29,華南永昌-虎尾,2024-03-22,9377
2367,燿華,57,28,29,華南永昌-虎尾,2024-03-22,9377
2913,農林,30,2,28,華南永昌-虎尾,2024-03-22,9377
5439,高技,41,15,26,華南永昌-虎尾,2024-03-22,9377
2883,凱基金,30,6,24,華南永昌-虎尾,2024-03-22,9377
1504,東元,29,6,23,華南永昌-虎尾,2024-03-22,9377
1216,統一,24,3,21,華南永昌-虎尾,2024-03-22,9377
2405,輔信,24,3,21,華南永昌-虎尾,2024-03-22,9377
2301,光寶科,37,16,21,華南永昌-虎尾,2024-03-22,9377
2401,凌陽,20,0,20,華南永昌-虎尾,2024-03-22,9377
2530,華建,20,0,20,華南永昌-虎尾,2024-03-22,9377
1301,台塑,20,1,19,華南永昌-虎尾,2024-03-22,9377
00687B,國泰20年美債,23,5,18,華南永昌-虎尾,2024-03-22,9377
2349,錸德,18,0,18,華南永昌-虎尾,2024-03-22,9377
3083,網龍,24,7,17,華南永昌-虎尾,2024-03-22,9377
2408,南亞科,47,30,17,華南永昌-虎尾,2024-03-22,9377
00650L,復華香港正2,16,0,16,華南永昌-虎尾,2024-03-22,9377
1907,永豐餘,15,0,15,華南永昌-虎尾,2024-03-22,9377
2882,國泰金,17,2,15,華南永昌-虎尾,2024-03-22,9377
3058,立德,15,0,15,華南永昌-虎尾,2024-03-22,9377
2206,三陽工業,13,0,13,華南永昌-虎尾,2024-03-22,9377
2465,麗臺,13,0,13,華南永昌-虎尾,2024-03-22,9377
6147,頎邦,13,0,13,華南永昌-虎尾,2024-03-22,9377
6505,台塑化,13,1,12,華南永昌-虎尾,2024-03-22,9377
1513,中興電,34,22,12,華南永昌-虎尾,2024-03-22,9377
2371,大同,54,42,12,華南永昌-虎尾,2024-03-22,9377
2399,映泰,12,0,12,華南永昌-虎尾,2024-03-22,9377
6547,高端疫苗,15,3,12,華南永昌-虎尾,2024-03-22,9377
6265,方土昶,11,0,11,華南永昌-虎尾,2024-03-22,9377
6026,福邦證,229,2,227,華南永昌-虎尾,2024-03-25,9377
2356,英業達,237,48,189,華南永昌-虎尾,2024-03-25,9377
2889,國票金,170,0,170,華南永昌-虎尾,2024-03-25,9377
2317,鴻海,135,33,102,華南永昌-虎尾,2024-03-25,9377
2705,六福,83,0,83,華南永昌-虎尾,2024-03-25,9377
2607,榮運,58,0,58,華南永昌-虎尾,2024-03-25,9377
1504,東元,61,7,54,華南永昌-虎尾,2024-03-25,9377
00937B,群益ESG投等債20,55,5,50,華南永昌-虎尾,2024-03-25,9377
00680L,元大美債20正2,50,4,46,華南永昌-虎尾,2024-03-25,9377
4510,高鋒,34,0,34,華南永昌-虎尾,2024-03-25,9377
2344,華邦電,37,4,33,華南永昌-虎尾,2024-03-25,9377
00753L,中信中國50正2,42,10,32,華南永昌-虎尾,2024-03-25,9377
2352,佳世達,32,0,32,華南永昌-虎尾,2024-03-25,9377
00939,統一台灣高息動能,48,16,32,華南永昌-虎尾,2024-03-25,9377
1303,南亞,30,0,30,華南永昌-虎尾,2024-03-25,9377
3545,敦泰,32,2,30,華南永昌-虎尾,2024-03-25,9377
1612,宏泰,38,8,30,華南永昌-虎尾,2024-03-25,9377
6770,力積電,30,1,29,華南永昌-虎尾,2024-03-25,9377
00688L,國泰20年美債正2,34,8,26,華南永昌-虎尾,2024-03-25,9377
00632R,元大台灣50反1,25,0,25,華南永昌-虎尾,2024-03-25,9377
2301,光寶科,25,0,25,華南永昌-虎尾,2024-03-25,9377
4915,致伸,30,5,25,華南永昌-虎尾,2024-03-25,9377
3322,建舜電,30,8,22,華南永昌-虎尾,2024-03-25,9377
2408,南亞科,57,36,21,華南永昌-虎尾,2024-03-25,9377
3338,泰碩,21,0,21,華南永昌-虎尾,2024-03-25,9377
5328,華容,20,0,20,華南永昌-虎尾,2024-03-25,9377
2349,錸德,20,0,20,華南永昌-虎尾,2024-03-25,9377
2538,基泰,20,0,20,華南永昌-虎尾,2024-03-25,9377
2609,陽明,25,5,20,華南永昌-虎尾,2024-03-25,9377
6016,康和證,20,0,20,華南永昌-虎尾,2024-03-25,9377
2369,菱生,20,1,19,華南永昌-虎尾,2024-03-25,9377
2449,京元電子,40,23,17,華南永昌-虎尾,2024-03-25,9377
2809,京城銀,17,0,17,華南永昌-虎尾,2024-03-25,9377
3306,鼎天,29,12,17,華南永昌-虎尾,2024-03-25,9377
3708,上緯投控,16,0,16,華南永昌-虎尾,2024-03-25,9377
1815,富喬,27,12,15,華南永昌-虎尾,2024-03-25,9377
9941,裕融,14,0,14,華南永昌-虎尾,2024-03-25,9377
3005,神基,16,2,14,華南永昌-虎尾,2024-03-25,9377
3167,大量,14,0,14,華南永昌-虎尾,2024-03-25,9377
8936,國統,23,9,14,華南永昌-虎尾,2024-03-25,9377
00720B,元大投資級公司債,13,0,13,華南永昌-虎尾,2024-03-25,9377
2337,旺宏,13,1,12,華南永昌-虎尾,2024-03-25,9377
1605,華新,13,1,12,華南永昌-虎尾,2024-03-25,9377
3576,聯合再生,12,0,12,華南永昌-虎尾,2024-03-25,9377
3622,洋華,12,0,12,華南永昌-虎尾,2024-03-25,9377
5483,中美晶,13,1,12,華南永昌-虎尾,2024-03-25,9377
1540,喬福,12,0,12,華南永昌-虎尾,2024-03-25,9377
3059,華晶科,30,18,12,華南永昌-虎尾,2024-03-25,9377
2354,鴻準,25,13,12,華南永昌-虎尾,2024-03-25,9377
2027,大成鋼,11,0,11,華南永昌-虎尾,2024-03-25,9377
00939,統一台灣高息動能,388,216,172,華南永昌-虎尾,2024-03-26,9377
2367,燿華,184,46,138,華南永昌-虎尾,2024-03-26,9377
2323,中環,227,111,116,華南永昌-虎尾,2024-03-26,9377
00919,群益台灣精選高息,114,14,100,華南永昌-虎尾,2024-03-26,9377
2889,國票金,100,0,100,華南永昌-虎尾,2024-03-26,9377
00935,野村臺灣新科技50,98,0,98,華南永昌-虎尾,2024-03-26,9377
1504,東元,169,91,78,華南永昌-虎尾,2024-03-26,9377
00679B,元大美債20年,76,0,76,華南永昌-虎尾,2024-03-26,9377
5439,高技,62,2,60,華南永昌-虎尾,2024-03-26,9377
6770,力積電,59,5,54,華南永昌-虎尾,2024-03-26,9377
00909,國泰數位支付服務,52,0,52,華南永昌-虎尾,2024-03-26,9377
00673R,期元大S＆P原油反1,50,0,50,華南永昌-虎尾,2024-03-26,9377
1612,宏泰,61,13,48,華南永昌-虎尾,2024-03-26,9377
4510,高鋒,43,0,43,華南永昌-虎尾,2024-03-26,9377
3322,建舜電,45,3,42,華南永昌-虎尾,2024-03-26,9377
2344,華邦電,70,30,40,華南永昌-虎尾,2024-03-26,9377
2485,兆赫,80,40,40,華南永昌-虎尾,2024-03-26,9377
3520,華盈,37,0,37,華南永昌-虎尾,2024-03-26,9377
3059,華晶科,46,10,36,華南永昌-虎尾,2024-03-26,9377
6139,亞翔,38,3,35,華南永昌-虎尾,2024-03-26,9377
00929,復華台灣科技優息,60,29,31,華南永昌-虎尾,2024-03-26,9377
2317,鴻海,151,121,30,華南永昌-虎尾,2024-03-26,9377
6185,幃翔,28,0,28,華南永昌-虎尾,2024-03-26,9377
3376,新日興,24,0,24,華南永昌-虎尾,2024-03-26,9377
6856,鑫傳,23,0,23,華南永昌-虎尾,2024-03-26,9377
2417,圓剛,36,13,23,華南永昌-虎尾,2024-03-26,9377
2486,一詮,75,52,23,華南永昌-虎尾,2024-03-26,9377
1618,合機,38,15,23,華南永昌-虎尾,2024-03-26,9377
00941,中信上游半導體,166,144,22,華南永昌-虎尾,2024-03-26,9377
2618,長榮航,29,7,22,華南永昌-虎尾,2024-03-26,9377
2365,昆盈,50,29,21,華南永昌-虎尾,2024-03-26,9377
1605,華新,48,28,20,華南永昌-虎尾,2024-03-26,9377
3390,旭軟,19,0,19,華南永昌-虎尾,2024-03-26,9377
2330,台積電,36,18,18,華南永昌-虎尾,2024-03-26,9377
1529,樂事綠能,24,6,18,華南永昌-虎尾,2024-03-26,9377
3062,建漢,29,11,18,華南永昌-虎尾,2024-03-26,9377
2049,上銀,19,2,17,華南永昌-虎尾,2024-03-26,9377
2476,鉅祥,22,5,17,華南永昌-虎尾,2024-03-26,9377
2356,英業達,89,73,16,華南永昌-虎尾,2024-03-26,9377
5009,榮剛,16,0,16,華南永昌-虎尾,2024-03-26,9377
2208,台船,16,0,16,華南永昌-虎尾,2024-03-26,9377
3265,台星科,16,0,16,華南永昌-虎尾,2024-03-26,9377
8011,台通,16,0,16,華南永昌-虎尾,2024-03-26,9377
3338,泰碩,15,0,15,華南永昌-虎尾,2024-03-26,9377
3704,合勤控,19,4,15,華南永昌-虎尾,2024-03-26,9377
2834,臺企銀,14,0,14,華南永昌-虎尾,2024-03-26,9377
6530,創威,25,12,13,華南永昌-虎尾,2024-03-26,9377
2880,華南金,16,3,13,華南永昌-虎尾,2024-03-26,9377
1229,聯華,14,2,12,華南永昌-虎尾,2024-03-26,9377
1718,中纖,12,0,12,華南永昌-虎尾,2024-03-26,9377
2371,大同,212,43,169,華南永昌-虎尾,2024-03-27,9377
2634,漢翔,121,32,89,華南永昌-虎尾,2024-03-27,9377
3481,群創,91,16,75,華南永昌-虎尾,2024-03-27,9377
2486,一詮,77,12,65,華南永昌-虎尾,2024-03-27,9377
1522,堤維西,66,8,58,華南永昌-虎尾,2024-03-27,9377
1504,東元,56,5,51,華南永昌-虎尾,2024-03-27,9377
2889,國票金,55,10,45,華南永昌-虎尾,2024-03-27,9377
3231,緯創,56,12,44,華南永昌-虎尾,2024-03-27,9377
1615,大山,47,4,43,華南永昌-虎尾,2024-03-27,9377
3706,神達,70,32,38,華南永昌-虎尾,2024-03-27,9377
00918,大華優利高填息30,35,0,35,華南永昌-虎尾,2024-03-27,9377
2618,長榮航,128,93,35,華南永昌-虎尾,2024-03-27,9377
5371,中光電,53,24,29,華南永昌-虎尾,2024-03-27,9377
6901,鑽石投資,31,2,29,華南永昌-虎尾,2024-03-27,9377
00877,復華中國5G,28,0,28,華南永昌-虎尾,2024-03-27,9377
2356,英業達,58,32,26,華南永昌-虎尾,2024-03-27,9377
00673R,期元大S＆P原油反1,30,5,25,華南永昌-虎尾,2024-03-27,9377
3221,台嘉碩,24,0,24,華南永昌-虎尾,2024-03-27,9377
7402,邑錡,28,4,24,華南永昌-虎尾,2024-03-27,9377
5324,士開,22,0,22,華南永昌-虎尾,2024-03-27,9377
2301,光寶科,22,1,21,華南永昌-虎尾,2024-03-27,9377
2367,燿華,278,257,21,華南永昌-虎尾,2024-03-27,9377
2612,中航,21,0,21,華南永昌-虎尾,2024-03-27,9377
3013,晟銘電,40,19,21,華南永昌-虎尾,2024-03-27,9377
00935,野村臺灣新科技50,20,0,20,華南永昌-虎尾,2024-03-27,9377
8404,百和興業-KY,20,0,20,華南永昌-虎尾,2024-03-27,9377
4510,高鋒,21,1,20,華南永昌-虎尾,2024-03-27,9377
00680L,元大美債20正2,21,4,17,華南永昌-虎尾,2024-03-27,9377
2324,仁寶,23,6,17,華南永昌-虎尾,2024-03-27,9377
4906,正文,17,0,17,華南永昌-虎尾,2024-03-27,9377
3715,定穎投控,17,1,16,華南永昌-虎尾,2024-03-27,9377
8059,凱碩,15,0,15,華南永昌-虎尾,2024-03-27,9377
3032,偉訓,18,5,13,華南永昌-虎尾,2024-03-27,9377
3049,精金,13,0,13,華南永昌-虎尾,2024-03-27,9377
5225,東科-KY,13,0,13,華南永昌-虎尾,2024-03-27,9377
6770,力積電,12,0,12,華南永昌-虎尾,2024-03-27,9377
00715L,期街口布蘭特正2,12,0,12,華南永昌-虎尾,2024-03-27,9377
6282,康舒,12,0,12,華南永昌-虎尾,2024-03-27,9377
00909,國泰數位支付服務,11,0,11,華南永昌-虎尾,2024-03-27,9377
1605,華新,14,3,11,華南永昌-虎尾,2024-03-27,9377
3105,穩懋,11,0,11,華南永昌-虎尾,2024-03-27,9377
1513,中興電,33,22,11,華南永昌-虎尾,2024-03-27,9377
2330,台積電,11,0,11,華南永昌-虎尾,2024-03-27,9377
6188,廣明,12,2,10,華南永昌-虎尾,2024-03-27,9377
1312,國喬,10,0,10,華南永昌-虎尾,2024-03-27,9377
1445,大宇,10,0,10,華南永昌-虎尾,2024-03-27,9377
2302,麗正,10,0,10,華南永昌-虎尾,2024-03-27,9377
2402,毅嘉,10,0,10,華南永昌-虎尾,2024-03-27,9377
2485,兆赫,40,30,10,華南永昌-虎尾,2024-03-27,9377
2888,新光金,10,0,10,華南永昌-虎尾,2024-03-27,9377
2883,凱基金,347,11,336,華南永昌-虎尾,2024-03-28,9377
4510,高鋒,148,0,148,華南永昌-虎尾,2024-03-28,9377
00937B,群益ESG投等債20,142,1,141,華南永昌-虎尾,2024-03-28,9377
00919,群益台灣精選高息,131,24,107,華南永昌-虎尾,2024-03-28,9377
2634,漢翔,112,12,100,華南永昌-虎尾,2024-03-28,9377
2618,長榮航,144,69,75,華南永昌-虎尾,2024-03-28,9377
1615,大山,66,2,64,華南永昌-虎尾,2024-03-28,9377
2885,元大金,61,0,61,華南永昌-虎尾,2024-03-28,9377
2344,華邦電,53,0,53,華南永昌-虎尾,2024-03-28,9377
3710,連展投控,50,0,50,華南永昌-虎尾,2024-03-28,9377
2612,中航,41,0,41,華南永昌-虎尾,2024-03-28,9377
2485,兆赫,40,0,40,華南永昌-虎尾,2024-03-28,9377
8033,雷虎,36,1,35,華南永昌-虎尾,2024-03-28,9377
8936,國統,35,4,31,華南永昌-虎尾,2024-03-28,9377
2801,彰銀,30,0,30,華南永昌-虎尾,2024-03-28,9377
1809,中釉,30,0,30,華南永昌-虎尾,2024-03-28,9377
2312,金寶,30,0,30,華南永昌-虎尾,2024-03-28,9377
2489,瑞軒,40,10,30,華南永昌-虎尾,2024-03-28,9377
1722,台肥,28,0,28,華南永昌-虎尾,2024-03-28,9377
00939,統一台灣高息動能,66,39,27,華南永昌-虎尾,2024-03-28,9377
4906,正文,27,0,27,華南永昌-虎尾,2024-03-28,9377
2382,廣達,88,61,27,華南永昌-虎尾,2024-03-28,9377
1608,華榮,153,130,23,華南永昌-虎尾,2024-03-28,9377
3062,建漢,80,58,22,華南永昌-虎尾,2024-03-28,9377
5522,遠雄,22,0,22,華南永昌-虎尾,2024-03-28,9377
00918,大華優利高填息30,22,1,21,華南永昌-虎尾,2024-03-28,9377
5452,佶優,21,0,21,華南永昌-虎尾,2024-03-28,9377
2323,中環,71,51,20,華南永昌-虎尾,2024-03-28,9377
5488,松普,21,1,20,華南永昌-虎尾,2024-03-28,9377
6770,力積電,30,11,19,華南永昌-虎尾,2024-03-28,9377
3005,神基,20,1,19,華南永昌-虎尾,2024-03-28,9377
1795,美時,19,2,17,華南永昌-虎尾,2024-03-28,9377
00934,中信成長高股息,15,0,15,華南永昌-虎尾,2024-03-28,9377
2903,遠百,15,0,15,華南永昌-虎尾,2024-03-28,9377
5243,乙盛-KY,16,1,15,華南永昌-虎尾,2024-03-28,9377
5371,中光電,29,14,15,華南永昌-虎尾,2024-03-28,9377
00673R,期元大S＆P原油反1,14,0,14,華南永昌-虎尾,2024-03-28,9377
2888,新光金,20,6,14,華南永昌-虎尾,2024-03-28,9377
2324,仁寶,35,21,14,華南永昌-虎尾,2024-03-28,9377
00891,中信關鍵半導體,13,0,13,華南永昌-虎尾,2024-03-28,9377
3322,建舜電,19,6,13,華南永昌-虎尾,2024-03-28,9377
2548,華固,12,0,12,華南永昌-虎尾,2024-03-28,9377
6505,台塑化,13,1,12,華南永昌-虎尾,2024-03-28,9377
5515,建國,38,26,12,華南永昌-虎尾,2024-03-28,9377
2027,大成鋼,15,4,11,華南永昌-虎尾,2024-03-28,9377
2537,聯上發,11,0,11,華南永昌-虎尾,2024-03-28,9377
4908,前鼎,11,0,11,華南永昌-虎尾,2024-03-28,9377
00929,復華台灣科技優息,10,0,10,華南永昌-虎尾,2024-03-28,9377
1310,台苯,10,0,10,華南永昌-虎尾,2024-03-28,9377
1216,統一,13,3,10,華南永昌-虎尾,2024-03-28,9377
00937B,群益ESG投等債20,364,10,354,華南永昌-虎尾,2024-03-29,9377
00753L,中信中國50正2,100,0,100,華南永昌-虎尾,2024-03-29,9377
2371,大同,114,35,79,華南永昌-虎尾,2024-03-29,9377
2891,中信金,100,21,79,華南永昌-虎尾,2024-03-29,9377
4510,高鋒,73,0,73,華南永昌-虎尾,2024-03-29,9377
00673R,期元大S＆P原油反1,71,0,71,華南永昌-虎尾,2024-03-29,9377
2331,精英,60,2,58,華南永昌-虎尾,2024-03-29,9377
1615,大山,41,0,41,華南永昌-虎尾,2024-03-29,9377
2365,昆盈,67,27,40,華南永昌-虎尾,2024-03-29,9377
2530,華建,40,0,40,華南永昌-虎尾,2024-03-29,9377
00939,統一台灣高息動能,39,0,39,華南永昌-虎尾,2024-03-29,9377
2324,仁寶,38,4,34,華南永昌-虎尾,2024-03-29,9377
1591,駿吉-KY,30,0,30,華南永昌-虎尾,2024-03-29,9377
2323,中環,46,20,26,華南永昌-虎尾,2024-03-29,9377
5469,瀚宇博,38,12,26,華南永昌-虎尾,2024-03-29,9377
3706,神達,32,7,25,華南永昌-虎尾,2024-03-29,9377
2344,華邦電,25,0,25,華南永昌-虎尾,2024-03-29,9377
4938,和碩,32,11,21,華南永昌-虎尾,2024-03-29,9377
8933,愛地雅,20,0,20,華南永昌-虎尾,2024-03-29,9377
2062,橋椿,19,0,19,華南永昌-虎尾,2024-03-29,9377
3576,聯合再生,20,1,19,華南永昌-虎尾,2024-03-29,9377
1504,東元,25,7,18,華南永昌-虎尾,2024-03-29,9377
3290,東浦,18,0,18,華南永昌-虎尾,2024-03-29,9377
3322,建舜電,18,0,18,華南永昌-虎尾,2024-03-29,9377
5309,系統電,20,2,18,華南永昌-虎尾,2024-03-29,9377
2449,京元電子,20,3,17,華南永昌-虎尾,2024-03-29,9377
2515,中工,20,4,16,華南永昌-虎尾,2024-03-29,9377
7402,邑錡,16,1,15,華南永昌-虎尾,2024-03-29,9377
2354,鴻準,78,64,14,華南永昌-虎尾,2024-03-29,9377
2454,聯發科,39,26,13,華南永昌-虎尾,2024-03-29,9377
6770,力積電,12,1,11,華南永昌-虎尾,2024-03-29,9377
2314,台揚,11,0,11,華南永昌-虎尾,2024-03-29,9377
6191,精成科,31,20,11,華南永昌-虎尾,2024-03-29,9377
00935,野村臺灣新科技50,10,0,10,華南永昌-虎尾,2024-03-29,9377
00632R,元大台灣50反1,10,0,10,華南永昌-虎尾,2024-03-29,9377
00719B,元大美債1-3,10,0,10,華南永昌-虎尾,2024-03-29,9377
2201,裕隆,10,0,10,華南永昌-虎尾,2024-03-29,9377
2206,三陽工業,10,0,10,華南永昌-虎尾,2024-03-29,9377
2369,菱生,10,0,10,華南永昌-虎尾,2024-03-29,9377
2485,兆赫,20,10,10,華南永昌-虎尾,2024-03-29,9377
8085,福華,22,13,9,華南永昌-虎尾,2024-03-29,9377
00929,復華台灣科技優息,8,0,8,華南永昌-虎尾,2024-03-29,9377
8111,立��,11,3,8,華南永昌-虎尾,2024-03-29,9377
3481,群創,10,2,8,華南永昌-虎尾,2024-03-29,9377
6244,茂迪,8,0,8,華南永昌-虎尾,2024-03-29,9377
00919,群益台灣精選高息,48,40,8,華南永昌-虎尾,2024-03-29,9377
1312,國喬,10,3,7,華南永昌-虎尾,2024-03-29,9377
4526,東台,15,8,7,華南永昌-虎尾,2024-03-29,9377
00934,中信成長高股息,9,2,7,華南永昌-虎尾,2024-03-29,9377
2404,漢唐,11,4,7,華南永昌-虎尾,2024-03-29,9377
00937B,群益ESG投等債20,397,3,394,華南永昌-虎尾,2024-04-01,9377
00940,元大台灣價值高息,1032,837,195,華南永昌-虎尾,2024-04-01,9377
2317,鴻海,204,19,185,華南永昌-虎尾,2024-04-01,9377
2356,英業達,169,34,135,華南永昌-虎尾,2024-04-01,9377
2634,漢翔,142,9,133,華南永昌-虎尾,2024-04-01,9377
3231,緯創,120,18,102,華南永昌-虎尾,2024-04-01,9377
4510,高鋒,95,0,95,華南永昌-虎尾,2024-04-01,9377
2637,慧洋-KY,77,1,76,華南永昌-虎尾,2024-04-01,9377
2801,彰銀,60,3,57,華南永昌-虎尾,2024-04-01,9377
2371,大同,89,32,57,華南永昌-虎尾,2024-04-01,9377
4938,和碩,61,18,43,華南永昌-虎尾,2024-04-01,9377
1504,東元,43,1,42,華南永昌-虎尾,2024-04-01,9377
00939,統一台灣高息動能,47,5,42,華南永昌-虎尾,2024-04-01,9377
2062,橋椿,36,0,36,華南永昌-虎尾,2024-04-01,9377
2402,毅嘉,33,0,33,華南永昌-虎尾,2024-04-01,9377
2354,鴻準,73,41,32,華南永昌-虎尾,2024-04-01,9377
1785,光洋科,34,2,32,華南永昌-虎尾,2024-04-01,9377
3037,欣興,40,9,31,華南永昌-虎尾,2024-04-01,9377
3704,合勤控,31,0,31,華南永昌-虎尾,2024-04-01,9377
2609,陽明,29,0,29,華南永昌-虎尾,2024-04-01,9377
2324,仁寶,40,13,27,華南永昌-虎尾,2024-04-01,9377
1305,華夏,31,5,26,華南永昌-虎尾,2024-04-01,9377
2329,華泰,27,5,22,華南永昌-虎尾,2024-04-01,9377
2603,長榮,25,4,21,華南永昌-虎尾,2024-04-01,9377
3707,漢磊,22,1,21,華南永昌-虎尾,2024-04-01,9377
2888,新光金,20,0,20,華南永昌-虎尾,2024-04-01,9377
3711,日月光投控,20,0,20,華南永昌-虎尾,2024-04-01,9377
8096,擎亞,29,9,20,華南永昌-虎尾,2024-04-01,9377
2891,中信金,21,3,18,華南永昌-虎尾,2024-04-01,9377
4956,光鋐,18,0,18,華南永昌-虎尾,2024-04-01,9377
00706L,期元大S＆P日圓正2,15,0,15,華南永昌-虎尾,2024-04-01,9377
6284,佳邦,28,14,14,華南永昌-虎尾,2024-04-01,9377
2883,凱基金,13,0,13,華南永昌-虎尾,2024-04-01,9377
2303,聯電,20,8,12,華南永昌-虎尾,2024-04-01,9377
2382,廣達,28,16,12,華南永昌-虎尾,2024-04-01,9377
3005,神基,14,2,12,華南永昌-虎尾,2024-04-01,9377
6191,精成科,14,2,12,華南永昌-虎尾,2024-04-01,9377
2337,旺宏,11,0,11,華南永昌-虎尾,2024-04-01,9377
3042,晶技,12,1,11,華南永昌-虎尾,2024-04-01,9377
5201,凱衛,11,0,11,華南永昌-虎尾,2024-04-01,9377
6215,和椿,12,1,11,華南永昌-虎尾,2024-04-01,9377
9105,泰金寶-DR,11,0,11,華南永昌-虎尾,2024-04-01,9377
2027,大成鋼,16,6,10,華南永昌-虎尾,2024-04-01,9377
00680L,元大美債20正2,210,200,10,華南永昌-虎尾,2024-04-01,9377
1514,亞力,10,0,10,華南永昌-虎尾,2024-04-01,9377
2301,光寶科,20,10,10,華南永昌-虎尾,2024-04-01,9377
2349,錸德,10,0,10,華南永昌-虎尾,2024-04-01,9377
2406,國碩,10,0,10,華南永昌-虎尾,2024-04-01,9377
3062,建漢,10,0,10,華南永昌-虎尾,2024-04-01,9377
4906,正文,10,0,10,華南永昌-虎尾,2024-04-01,9377
00688L,國泰20年美債正2,181,0,181,華南永昌-虎尾,2024-04-02,9377
2371,大同,185,20,165,華南永昌-虎尾,2024-04-02,9377
00929,復華台灣科技優息,141,10,131,華南永昌-虎尾,2024-04-02,9377
00680L,元大美債20正2,131,0,131,華南永昌-虎尾,2024-04-02,9377
00927,群益半導體收益,124,0,124,華南永昌-虎尾,2024-04-02,9377
00937B,群益ESG投等債20,203,103,100,華南永昌-虎尾,2024-04-02,9377
00940,元大台灣價值高息,265,180,85,華南永昌-虎尾,2024-04-02,9377
00941,中信上游半導體,75,0,75,華南永昌-虎尾,2024-04-02,9377
2317,鴻海,180,112,68,華南永昌-虎尾,2024-04-02,9377
2344,華邦電,71,3,68,華南永昌-虎尾,2024-04-02,9377
00679B,元大美債20年,64,1,63,華南永昌-虎尾,2024-04-02,9377
00935,野村臺灣新科技50,60,0,60,華南永昌-虎尾,2024-04-02,9377
00933B,國泰10Y+金融債,56,0,56,華南永昌-虎尾,2024-04-02,9377
6284,佳邦,67,15,52,華南永昌-虎尾,2024-04-02,9377
2834,臺企銀,54,3,51,華南永昌-虎尾,2024-04-02,9377
4510,高鋒,46,0,46,華南永昌-虎尾,2024-04-02,9377
1615,大山,35,0,35,華南永昌-虎尾,2024-04-02,9377
00632R,元大台灣50反1,33,0,33,華南永昌-虎尾,2024-04-02,9377
2888,新光金,32,0,32,華南永昌-虎尾,2024-04-02,9377
1104,環泥,30,0,30,華南永昌-虎尾,2024-04-02,9377
00664R,國泰臺灣加權反1,30,0,30,華南永昌-虎尾,2024-04-02,9377
2027,大成鋼,30,1,29,華南永昌-虎尾,2024-04-02,9377
00637L,元大滬深300正2,58,29,29,華南永昌-虎尾,2024-04-02,9377
1785,光洋科,29,0,29,華南永昌-虎尾,2024-04-02,9377
2417,圓剛,32,5,27,華南永昌-虎尾,2024-04-02,9377
00939,統一台灣高息動能,147,121,26,華南永昌-虎尾,2024-04-02,9377
00687B,國泰20年美債,26,1,25,華南永昌-虎尾,2024-04-02,9377
2485,兆赫,30,5,25,華南永昌-虎尾,2024-04-02,9377
1815,富喬,93,70,23,華南永昌-虎尾,2024-04-02,9377
2472,立隆電,22,1,21,華南永昌-虎尾,2024-04-02,9377
2801,彰銀,20,0,20,華南永昌-虎尾,2024-04-02,9377
2464,盟立,21,1,20,華南永昌-虎尾,2024-04-02,9377
5880,合庫金,20,0,20,華南永昌-虎尾,2024-04-02,9377
6547,高端疫苗,22,2,20,華南永昌-虎尾,2024-04-02,9377
1605,華新,20,1,19,華南永昌-虎尾,2024-04-02,9377
1305,華夏,18,0,18,華南永昌-虎尾,2024-04-02,9377
3372,典範,17,0,17,華南永昌-虎尾,2024-04-02,9377
6788,華景電,17,0,17,華南永昌-虎尾,2024-04-02,9377
2454,聯發科,37,20,17,華南永昌-虎尾,2024-04-02,9377
8064,東捷,32,15,17,華南永昌-虎尾,2024-04-02,9377
2323,中環,25,10,15,華南永昌-虎尾,2024-04-02,9377
3673,TPK-KY,15,0,15,華南永昌-虎尾,2024-04-02,9377
3706,神達,16,2,14,華南永昌-虎尾,2024-04-02,9377
1515,力山,24,10,14,華南永昌-虎尾,2024-04-02,9377
1455,集盛,15,1,14,華南永昌-虎尾,2024-04-02,9377
3707,漢磊,16,2,14,華南永昌-虎尾,2024-04-02,9377
5425,台半,14,0,14,華南永昌-虎尾,2024-04-02,9377
6125,廣運,14,0,14,華南永昌-虎尾,2024-04-02,9377
2421,建準,15,2,13,華南永昌-虎尾,2024-04-02,9377
2889,國票金,13,0,13,華南永昌-虎尾,2024-04-02,9377
6443,元晶,802,2,800,華南永昌-虎尾,2024-04-03,9377
00940,元大台灣價值高息,495,5,490,華南永昌-虎尾,2024-04-03,9377
2408,南亞科,416,7,409,華南永昌-虎尾,2024-04-03,9377
00664R,國泰臺灣加權反1,214,0,214,華南永昌-虎尾,2024-04-03,9377
2892,第一金,164,0,164,華南永昌-虎尾,2024-04-03,9377
00929,復華台灣科技優息,127,9,118,華南永昌-虎尾,2024-04-03,9377
2317,鴻海,337,221,116,華南永昌-虎尾,2024-04-03,9377
2486,一詮,158,56,102,華南永昌-虎尾,2024-04-03,9377
2834,臺企銀,102,0,102,華南永昌-虎尾,2024-04-03,9377
1815,富喬,98,12,86,華南永昌-虎尾,2024-04-03,9377
3481,群創,102,20,82,華南永昌-虎尾,2024-04-03,9377
1609,大亞,90,14,76,華南永昌-虎尾,2024-04-03,9377
4157,太景*-KY,74,10,64,華南永昌-虎尾,2024-04-03,9377
3231,緯創,154,95,59,華南永昌-虎尾,2024-04-03,9377
00673R,期元大S＆P原油反1,57,0,57,華南永昌-虎尾,2024-04-03,9377
00688L,國泰20年美債正2,41,0,41,華南永昌-虎尾,2024-04-03,9377
9105,泰金寶-DR,40,0,40,華南永昌-虎尾,2024-04-03,9377
2303,聯電,40,3,37,華南永昌-虎尾,2024-04-03,9377
4510,高鋒,35,0,35,華南永昌-虎尾,2024-04-03,9377
8358,金居,54,21,33,華南永昌-虎尾,2024-04-03,9377
00753L,中信中國50正2,50,20,30,華南永昌-虎尾,2024-04-03,9377
2344,華邦電,34,4,30,華南永昌-虎尾,2024-04-03,9377
8936,國統,29,1,28,華南永昌-虎尾,2024-04-03,9377
2880,華南金,25,1,24,華南永昌-虎尾,2024-04-03,9377
2338,光罩,23,0,23,華南永昌-虎尾,2024-04-03,9377
2882,國泰金,22,0,22,華南永昌-虎尾,2024-04-03,9377
1101,台泥,25,4,21,華南永昌-虎尾,2024-04-03,9377
2402,毅嘉,34,13,21,華南永昌-虎尾,2024-04-03,9377
3042,晶技,22,1,21,華南永昌-虎尾,2024-04-03,9377
2610,華航,21,1,20,華南永昌-虎尾,2024-04-03,9377
3013,晟銘電,45,25,20,華南永昌-虎尾,2024-04-03,9377
3257,虹冠電,20,0,20,華南永昌-虎尾,2024-04-03,9377
4513,福裕,20,0,20,華南永昌-虎尾,2024-04-03,9377
4714,永捷,20,0,20,華南永昌-虎尾,2024-04-03,9377
5452,佶優,20,0,20,華南永昌-虎尾,2024-04-03,9377
5880,合庫金,20,0,20,華南永昌-虎尾,2024-04-03,9377
2355,敬鵬,21,2,19,華南永昌-虎尾,2024-04-03,9377
2485,兆赫,20,1,19,華南永昌-虎尾,2024-04-03,9377
912000,晨訊科-DR,19,0,19,華南永昌-虎尾,2024-04-03,9377
2014,中鴻,19,2,17,華南永昌-虎尾,2024-04-03,9377
6284,佳邦,31,14,17,華南永昌-虎尾,2024-04-03,9377
2301,光寶科,20,4,16,華南永昌-虎尾,2024-04-03,9377
2464,盟立,18,2,16,華南永昌-虎尾,2024-04-03,9377
6116,彩晶,16,0,16,華南永昌-虎尾,2024-04-03,9377
1445,大宇,15,0,15,華南永昌-虎尾,2024-04-03,9377
3372,典範,15,0,15,華南永昌-虎尾,2024-04-03,9377
2354,鴻準,36,22,14,華南永昌-虎尾,2024-04-03,9377
4958,臻鼎-KY,14,0,14,華南永昌-虎尾,2024-04-03,9377
00637L,元大滬深300正2,37,25,12,華南永昌-虎尾,2024-04-03,9377
6753,龍德造船,13,1,12,華南永昌-虎尾,2024-04-03,9377
2834,臺企銀,179,0,179,華南永昌-虎尾,2024-04-08,9377
00940,元大台灣價值高息,152,42,110,華南永昌-虎尾,2024-04-08,9377
00706L,期元大S＆P日圓正2,110,0,110,華南永昌-虎尾,2024-04-08,9377
2324,仁寶,97,1,96,華南永昌-虎尾,2024-04-08,9377
00719B,元大美債1-3,90,0,90,華南永昌-虎尾,2024-04-08,9377
6284,佳邦,60,5,55,華南永昌-虎尾,2024-04-08,9377
00664R,國泰臺灣加權反1,54,0,54,華南永昌-虎尾,2024-04-08,9377
00687B,國泰20年美債,57,5,52,華南永昌-虎尾,2024-04-08,9377
00679B,元大美債20年,65,13,52,華南永昌-虎尾,2024-04-08,9377
00935,野村臺灣新科技50,42,0,42,華南永昌-虎尾,2024-04-08,9377
3257,虹冠電,41,0,41,華南永昌-虎尾,2024-04-08,9377
00753L,中信中國50正2,80,42,38,華南永昌-虎尾,2024-04-08,9377
1528,恩德,38,0,38,華南永昌-虎尾,2024-04-08,9377
3402,漢科,38,0,38,華南永昌-虎尾,2024-04-08,9377
2486,一詮,162,125,37,華南永昌-虎尾,2024-04-08,9377
00929,復華台灣科技優息,42,6,36,華南永昌-虎尾,2024-04-08,9377
2382,廣達,57,23,34,華南永昌-虎尾,2024-04-08,9377
2374,佳能,78,45,33,華南永昌-虎尾,2024-04-08,9377
1460,宏遠,32,0,32,華南永昌-虎尾,2024-04-08,9377
006208,富邦台50,30,1,29,華南永昌-虎尾,2024-04-08,9377
2417,圓剛,29,0,29,華南永昌-虎尾,2024-04-08,9377
2371,大同,55,27,28,華南永昌-虎尾,2024-04-08,9377
00688L,國泰20年美債正2,32,4,28,華南永昌-虎尾,2024-04-08,9377
00637L,元大滬深300正2,128,100,28,華南永昌-虎尾,2024-04-08,9377
2317,鴻海,36,10,26,華南永昌-虎尾,2024-04-08,9377
1513,中興電,37,11,26,華南永昌-虎尾,2024-04-08,9377
00919,群益台灣精選高息,41,16,25,華南永昌-虎尾,2024-04-08,9377
4938,和碩,47,25,22,華南永昌-虎尾,2024-04-08,9377
00632R,元大台灣50反1,20,0,20,華南永昌-虎尾,2024-04-08,9377
3680,家登,20,0,20,華南永昌-虎尾,2024-04-08,9377
8111,立��,20,2,18,華南永昌-虎尾,2024-04-08,9377
5425,台半,19,2,17,華南永昌-虎尾,2024-04-08,9377
1785,光洋科,18,1,17,華南永昌-虎尾,2024-04-08,9377
3303,岱稜,16,0,16,華南永昌-虎尾,2024-04-08,9377
3036,文曄,17,3,14,華南永昌-虎尾,2024-04-08,9377
00927,群益半導體收益,13,0,13,華南永昌-虎尾,2024-04-08,9377
1597,直得,13,0,13,華南永昌-虎尾,2024-04-08,9377
8027,鈦昇,21,8,13,華南永昌-虎尾,2024-04-08,9377
6462,神盾,16,3,13,華南永昌-虎尾,2024-04-08,9377
2354,鴻準,36,24,12,華南永昌-虎尾,2024-04-08,9377
2888,新光金,22,10,12,華南永昌-虎尾,2024-04-08,9377
2352,佳世達,11,0,11,華南永昌-虎尾,2024-04-08,9377
5512,力麒,11,0,11,華南永昌-虎尾,2024-04-08,9377
6548,長科*,15,4,11,華南永昌-虎尾,2024-04-08,9377
1304,台聚,10,0,10,華南永昌-虎尾,2024-04-08,9377
00680L,元大美債20正2,10,0,10,華南永昌-虎尾,2024-04-08,9377
00673R,期元大S＆P原油反1,15,5,10,華南永昌-虎尾,2024-04-08,9377
1308,亞聚,10,0,10,華南永昌-虎尾,2024-04-08,9377
1515,力山,10,0,10,華南永昌-虎尾,2024-04-08,9377
3015,全漢,10,0,10,華南永昌-虎尾,2024-04-08,9377
00940,元大台灣價值高息,370,15,355,華南永昌-虎尾,2024-04-09,9377
2402,毅嘉,213,90,123,華南永昌-虎尾,2024-04-09,9377
2885,元大金,118,6,112,華南永昌-虎尾,2024-04-09,9377
2520,冠德,91,0,91,華南永昌-虎尾,2024-04-09,9377
006208,富邦台50,78,1,77,華南永昌-虎尾,2024-04-09,9377
2501,國建,74,0,74,華南永昌-虎尾,2024-04-09,9377
2330,台積電,82,20,62,華南永昌-虎尾,2024-04-09,9377
6026,福邦證,60,1,59,華南永昌-虎尾,2024-04-09,9377
00929,復華台灣科技優息,58,0,58,華南永昌-虎尾,2024-04-09,9377
2356,英業達,72,16,56,華南永昌-虎尾,2024-04-09,9377
00632R,元大台灣50反1,55,0,55,華南永昌-虎尾,2024-04-09,9377
6288,聯嘉,53,0,53,華南永昌-虎尾,2024-04-09,9377
00637L,元大滬深300正2,73,30,43,華南永昌-虎尾,2024-04-09,9377
4510,高鋒,37,1,36,華南永昌-虎尾,2024-04-09,9377
8112,至上,46,11,35,華南永昌-虎尾,2024-04-09,9377
1108,幸福,30,0,30,華南永昌-虎尾,2024-04-09,9377
2344,華邦電,30,1,29,華南永昌-虎尾,2024-04-09,9377
2537,聯上發,34,6,28,華南永昌-虎尾,2024-04-09,9377
1612,宏泰,30,8,22,華南永昌-虎尾,2024-04-09,9377
8358,金居,48,27,21,華南永昌-虎尾,2024-04-09,9377
2367,燿華,26,5,21,華南永昌-虎尾,2024-04-09,9377
3257,虹冠電,21,0,21,華南永昌-虎尾,2024-04-09,9377
2338,光罩,28,8,20,華南永昌-虎尾,2024-04-09,9377
00927,群益半導體收益,20,0,20,華南永昌-虎尾,2024-04-09,9377
2349,錸德,20,0,20,華南永昌-虎尾,2024-04-09,9377
00937B,群益ESG投等債20,26,7,19,華南永昌-虎尾,2024-04-09,9377
6207,雷科,31,12,19,華南永昌-虎尾,2024-04-09,9377
6122,擎邦,19,0,19,華南永昌-虎尾,2024-04-09,9377
2892,第一金,20,2,18,華南永昌-虎尾,2024-04-09,9377
00687B,國泰20年美債,17,0,17,華南永昌-虎尾,2024-04-09,9377
2010,春源,18,2,16,華南永昌-虎尾,2024-04-09,9377
3360,尚立,33,17,16,華南永昌-虎尾,2024-04-09,9377
1536,和大,17,2,15,華南永昌-虎尾,2024-04-09,9377
3052,夆典,15,0,15,華南永昌-虎尾,2024-04-09,9377
3163,波若威,15,0,15,華南永昌-虎尾,2024-04-09,9377
3005,神基,14,0,14,華南永昌-虎尾,2024-04-09,9377
9802,鈺齊-KY,13,0,13,華南永昌-虎尾,2024-04-09,9377
2023,燁輝,15,2,13,華南永昌-虎尾,2024-04-09,9377
8034,榮群,13,0,13,華南永昌-虎尾,2024-04-09,9377
2101,南港,27,14,13,華南永昌-虎尾,2024-04-09,9377
6202,盛群,13,1,12,華南永昌-虎尾,2024-04-09,9377
00941,中信上游半導體,13,1,12,華南永昌-虎尾,2024-04-09,9377
2014,中鴻,49,37,12,華南永昌-虎尾,2024-04-09,9377
6233,旺玖,15,3,12,華南永昌-虎尾,2024-04-09,9377
1785,光洋科,17,5,12,華南永昌-虎尾,2024-04-09,9377
00673R,期元大S＆P原油反1,11,0,11,華南永昌-虎尾,2024-04-09,9377
3014,聯陽,11,0,11,華南永昌-虎尾,2024-04-09,9377
4533,協易機,24,13,11,華南永昌-虎尾,2024-04-09,9377
6116,彩晶,14,3,11,華南永昌-虎尾,2024-04-09,9377
6284,佳邦,19,8,11,華南永昌-虎尾,2024-04-09,9377
00632R,元大台灣50反1,188,10,178,華南永昌-虎尾,2024-04-10,9377
6026,福邦證,162,7,155,華南永昌-虎尾,2024-04-10,9377
00671R,富邦NASDAQ反1,99,0,99,華南永昌-虎尾,2024-04-10,9377
2601,益航,100,2,98,華南永昌-虎尾,2024-04-10,9377
00673R,期元大S＆P原油反1,82,0,82,華南永昌-虎尾,2024-04-10,9377
2354,鴻準,69,14,55,華南永昌-虎尾,2024-04-10,9377
2371,大同,97,44,53,華南永昌-虎尾,2024-04-10,9377
2208,台船,55,2,53,華南永昌-虎尾,2024-04-10,9377
8942,森鉅,45,0,45,華南永昌-虎尾,2024-04-10,9377
1815,富喬,90,47,43,華南永昌-虎尾,2024-04-10,9377
2486,一詮,62,19,43,華南永昌-虎尾,2024-04-10,9377
2454,聯發科,44,4,40,華南永昌-虎尾,2024-04-10,9377
2520,冠德,39,0,39,華南永昌-虎尾,2024-04-10,9377
00937B,群益ESG投等債20,62,27,35,華南永昌-虎尾,2024-04-10,9377
2323,中環,35,0,35,華南永昌-虎尾,2024-04-10,9377
2356,英業達,55,21,34,華南永昌-虎尾,2024-04-10,9377
6770,力積電,36,5,31,華南永昌-虎尾,2024-04-10,9377
2495,普安,30,0,30,華南永昌-虎尾,2024-04-10,9377
00877,復華中國5G,29,0,29,華南永昌-虎尾,2024-04-10,9377
00878,國泰永續高股息,51,24,27,華南永昌-虎尾,2024-04-10,9377
3576,聯合再生,37,10,27,華南永昌-虎尾,2024-04-10,9377
6257,矽格,27,0,27,華南永昌-虎尾,2024-04-10,9377
6016,康和證,31,6,25,華南永昌-虎尾,2024-04-10,9377
8069,元太,26,2,24,華南永昌-虎尾,2024-04-10,9377
2363,矽統,102,80,22,華南永昌-虎尾,2024-04-10,9377
2382,廣達,34,12,22,華南永昌-虎尾,2024-04-10,9377
1504,東元,22,0,22,華南永昌-虎尾,2024-04-10,9377
2376,技嘉,25,4,21,華南永昌-虎尾,2024-04-10,9377
2426,鼎元,20,0,20,華南永昌-虎尾,2024-04-10,9377
3265,台星科,20,0,20,華南永昌-虎尾,2024-04-10,9377
3520,華盈,20,0,20,華南永昌-虎尾,2024-04-10,9377
6856,鑫傳,19,0,19,華南永昌-虎尾,2024-04-10,9377
2062,橋椿,18,0,18,華南永昌-虎尾,2024-04-10,9377
3481,群創,49,32,17,華南永昌-虎尾,2024-04-10,9377
2476,鉅祥,22,6,16,華南永昌-虎尾,2024-04-10,9377
3715,定穎投控,45,29,16,華南永昌-虎尾,2024-04-10,9377
6125,廣運,16,0,16,華南永昌-虎尾,2024-04-10,9377
00637L,元大滬深300正2,55,40,15,華南永昌-虎尾,2024-04-10,9377
2302,麗正,15,0,15,華南永昌-虎尾,2024-04-10,9377
3372,典範,20,5,15,華南永昌-虎尾,2024-04-10,9377
3059,華晶科,23,9,14,華南永昌-虎尾,2024-04-10,9377
3306,鼎天,16,2,14,華南永昌-虎尾,2024-04-10,9377
2891,中信金,13,0,13,華南永昌-虎尾,2024-04-10,9377
2002,中鋼,19,6,13,華南永昌-虎尾,2024-04-10,9377
3231,緯創,49,36,13,華南永昌-虎尾,2024-04-10,9377
2383,台光電,16,4,12,華南永昌-虎尾,2024-04-10,9377
00633L,富邦上証正2,16,4,12,華南永昌-虎尾,2024-04-10,9377
1513,中興電,55,43,12,華南永昌-虎尾,2024-04-10,9377
2887,台新金,12,1,11,華南永昌-虎尾,2024-04-10,9377
8085,福華,12,1,11,華南永昌-虎尾,2024-04-10,9377
3481,群創,174,13,161,華南永昌-虎尾,2024-04-11,9377
2331,精英,100,0,100,華南永昌-虎尾,2024-04-11,9377
2601,益航,100,0,100,華南永昌-虎尾,2024-04-11,9377
00857B,永豐20年美公債,82,0,82,華南永昌-虎尾,2024-04-11,9377
00688L,國泰20年美債正2,83,10,73,華南永昌-虎尾,2024-04-11,9377
00937B,群益ESG投等債20,125,53,72,華南永昌-虎尾,2024-04-11,9377
00929,復華台灣科技優息,58,1,57,華南永昌-虎尾,2024-04-11,9377
2349,錸德,49,0,49,華南永昌-虎尾,2024-04-11,9377
1504,東元,54,7,47,華南永昌-虎尾,2024-04-11,9377
4510,高鋒,42,1,41,華南永昌-虎尾,2024-04-11,9377
2501,國建,47,9,38,華南永昌-虎尾,2024-04-11,9377
6282,康舒,45,10,35,華南永昌-虎尾,2024-04-11,9377
00712,復華富時不動產,33,0,33,華南永昌-虎尾,2024-04-11,9377
2883,凱基金,32,2,30,華南永昌-虎尾,2024-04-11,9377
2485,兆赫,30,0,30,華南永昌-虎尾,2024-04-11,9377
6202,盛群,30,0,30,華南永昌-虎尾,2024-04-11,9377
6125,廣運,35,5,30,華南永昌-虎尾,2024-04-11,9377
3615,安可,30,1,29,華南永昌-虎尾,2024-04-11,9377
6207,雷科,29,0,29,華南永昌-虎尾,2024-04-11,9377
2834,臺企銀,27,0,27,華南永昌-虎尾,2024-04-11,9377
8936,國統,36,9,27,華南永昌-虎尾,2024-04-11,9377
1905,華紙,40,14,26,華南永昌-虎尾,2024-04-11,9377
2323,中環,75,50,25,華南永昌-虎尾,2024-04-11,9377
6547,高端疫苗,25,0,25,華南永昌-虎尾,2024-04-11,9377
2610,華航,44,20,24,華南永昌-虎尾,2024-04-11,9377
1605,華新,33,10,23,華南永昌-虎尾,2024-04-11,9377
8096,擎亞,39,16,23,華南永昌-虎尾,2024-04-11,9377
4157,太景*-KY,22,0,22,華南永昌-虎尾,2024-04-11,9377
00637L,元大滬深300正2,71,50,21,華南永昌-虎尾,2024-04-11,9377
2731,雄獅,21,0,21,華南永昌-虎尾,2024-04-11,9377
00633L,富邦上証正2,23,3,20,華南永昌-虎尾,2024-04-11,9377
3257,虹冠電,20,0,20,華南永昌-虎尾,2024-04-11,9377
9105,泰金寶-DR,20,0,20,華南永昌-虎尾,2024-04-11,9377
1785,光洋科,22,2,20,華南永昌-虎尾,2024-04-11,9377
00751B,元大AAA至A公司債,20,2,18,華南永昌-虎尾,2024-04-11,9377
00679B,元大美債20年,41,23,18,華南永昌-虎尾,2024-04-11,9377
00927,群益半導體收益,20,2,18,華南永昌-虎尾,2024-04-11,9377
3252,海灣,18,0,18,華南永昌-虎尾,2024-04-11,9377
3231,緯創,42,24,18,華南永昌-虎尾,2024-04-11,9377
6257,矽格,19,2,17,華南永昌-虎尾,2024-04-11,9377
1609,大亞,47,30,17,華南永昌-虎尾,2024-04-11,9377
2464,盟立,30,13,17,華南永昌-虎尾,2024-04-11,9377
1503,士電,28,11,17,華南永昌-虎尾,2024-04-11,9377
2303,聯電,20,4,16,華南永昌-虎尾,2024-04-11,9377
2324,仁寶,21,5,16,華南永昌-虎尾,2024-04-11,9377
2355,敬鵬,20,5,15,華南永昌-虎尾,2024-04-11,9377
00933B,國泰10Y+金融債,15,0,15,華南永昌-虎尾,2024-04-11,9377
2476,鉅祥,15,0,15,華南永昌-虎尾,2024-04-11,9377
4402,郡都開發,15,0,15,華南永昌-虎尾,2024-04-11,9377
2023,燁輝,15,1,14,華南永昌-虎尾,2024-04-11,9377
00937B,群益ESG投等債20,353,0,353,華南永昌-虎尾,2024-04-12,9377
2317,鴻海,278,27,251,華南永昌-虎尾,2024-04-12,9377
2367,燿華,442,228,214,華南永昌-虎尾,2024-04-12,9377
00680L,元大美債20正2,210,100,110,華南永昌-虎尾,2024-04-12,9377
00918,大華優利高填息30,101,0,101,華南永昌-虎尾,2024-04-12,9377
2353,宏��,104,34,70,華南永昌-虎尾,2024-04-12,9377
8096,擎亞,103,36,67,華南永昌-虎尾,2024-04-12,9377
1701,中化,60,0,60,華南永昌-虎尾,2024-04-12,9377
00753L,中信中國50正2,80,20,60,華南永昌-虎尾,2024-04-12,9377
2330,台積電,61,5,56,華南永昌-虎尾,2024-04-12,9377
00929,復華台灣科技優息,65,13,52,華南永昌-虎尾,2024-04-12,9377
8942,森鉅,45,0,45,華南永昌-虎尾,2024-04-12,9377
00637L,元大滬深300正2,80,36,44,華南永昌-虎尾,2024-04-12,9377
00922,國泰台灣領袖50,42,0,42,華南永昌-虎尾,2024-04-12,9377
2882,國泰金,40,0,40,華南永昌-虎尾,2024-04-12,9377
2618,長榮航,41,5,36,華南永昌-虎尾,2024-04-12,9377
2887,台新金,38,2,36,華南永昌-虎尾,2024-04-12,9377
2344,華邦電,35,1,34,華南永昌-虎尾,2024-04-12,9377
1616,億泰,32,2,30,華南永昌-虎尾,2024-04-12,9377
2002,中鋼,28,1,27,華南永昌-虎尾,2024-04-12,9377
2504,國產,31,5,26,華南永昌-虎尾,2024-04-12,9377
6770,力積電,29,3,26,華南永昌-虎尾,2024-04-12,9377
7402,邑錡,26,0,26,華南永昌-虎尾,2024-04-12,9377
6116,彩晶,26,1,25,華南永昌-虎尾,2024-04-12,9377
3715,定穎投控,24,0,24,華南永昌-虎尾,2024-04-12,9377
5371,中光電,28,5,23,華南永昌-虎尾,2024-04-12,9377
2610,華航,31,8,23,華南永昌-虎尾,2024-04-12,9377
1522,堤維西,22,0,22,華南永昌-虎尾,2024-04-12,9377
3294,英濟,27,5,22,華南永昌-虎尾,2024-04-12,9377
2892,第一金,22,0,22,華南永昌-虎尾,2024-04-12,9377
6257,矽格,25,4,21,華南永昌-虎尾,2024-04-12,9377
2417,圓剛,21,0,21,華南永昌-虎尾,2024-04-12,9377
3257,虹冠電,21,0,21,華南永昌-虎尾,2024-04-12,9377
3706,神達,28,7,21,華南永昌-虎尾,2024-04-12,9377
1722,台肥,20,0,20,華南永昌-虎尾,2024-04-12,9377
2634,漢翔,42,22,20,華南永昌-虎尾,2024-04-12,9377
8110,華東,44,24,20,華南永昌-虎尾,2024-04-12,9377
4938,和碩,24,5,19,華南永昌-虎尾,2024-04-12,9377
1101,台泥,27,9,18,華南永昌-虎尾,2024-04-12,9377
0056,元大高股息,18,0,18,華南永昌-虎尾,2024-04-12,9377
2436,偉詮電,18,0,18,華南永昌-虎尾,2024-04-12,9377
6120,達運,22,4,18,華南永昌-虎尾,2024-04-12,9377
2354,鴻準,19,3,16,華南永昌-虎尾,2024-04-12,9377
3030,德律,16,2,14,華南永昌-虎尾,2024-04-12,9377
00679B,元大美債20年,19,6,13,華南永昌-虎尾,2024-04-12,9377
6015,宏遠證,14,1,13,華南永昌-虎尾,2024-04-12,9377
1904,正隆,12,0,12,華南永昌-虎尾,2024-04-12,9377
1907,永豐餘,12,0,12,華南永昌-虎尾,2024-04-12,9377
2340,台亞,13,1,12,華南永昌-虎尾,2024-04-12,9377
2356,英業達,20,8,12,華南永昌-虎尾,2024-04-12,9377
00664R,國泰臺灣加權反1,405,0,405,華南永昌-虎尾,2024-04-15,9377
2331,精英,170,10,160,華南永昌-虎尾,2024-04-15,9377
00929,復華台灣科技優息,163,15,148,華南永昌-虎尾,2024-04-15,9377
2634,漢翔,167,31,136,華南永昌-虎尾,2024-04-15,9377
3615,安可,93,0,93,華南永昌-虎尾,2024-04-15,9377
3481,群創,92,9,83,華南永昌-虎尾,2024-04-15,9377
00940,元大台灣價值高息,293,217,76,華南永昌-虎尾,2024-04-15,9377
3013,晟銘電,107,37,70,華南永昌-虎尾,2024-04-15,9377
2303,聯電,65,4,61,華南永昌-虎尾,2024-04-15,9377
6603,富強鑫,60,0,60,華南永昌-虎尾,2024-04-15,9377
2867,三商壽,87,28,59,華南永昌-虎尾,2024-04-15,9377
2344,華邦電,77,20,57,華南永昌-虎尾,2024-04-15,9377
1504,東元,48,8,40,華南永昌-虎尾,2024-04-15,9377
3037,欣興,41,1,40,華南永昌-虎尾,2024-04-15,9377
00941,中信上游半導體,38,5,33,華南永昌-虎尾,2024-04-15,9377
3059,華晶科,37,6,31,華南永昌-虎尾,2024-04-15,9377
2208,台船,39,9,30,華南永昌-虎尾,2024-04-15,9377
2206,三陽工業,35,7,28,華南永昌-虎尾,2024-04-15,9377
3042,晶技,28,0,28,華南永昌-虎尾,2024-04-15,9377
1513,中興電,59,32,27,華南永昌-虎尾,2024-04-15,9377
00927,群益半導體收益,26,0,26,華南永昌-虎尾,2024-04-15,9377
1815,富喬,27,1,26,華南永昌-虎尾,2024-04-15,9377
2369,菱生,26,0,26,華南永昌-虎尾,2024-04-15,9377
4157,太景*-KY,35,10,25,華南永昌-虎尾,2024-04-15,9377
2612,中航,25,0,25,華南永昌-虎尾,2024-04-15,9377
3052,夆典,25,0,25,華南永昌-虎尾,2024-04-15,9377
9907,統一實,27,2,25,華南永昌-虎尾,2024-04-15,9377
1616,億泰,41,18,23,華南永昌-虎尾,2024-04-15,9377
1608,華榮,50,28,22,華南永昌-虎尾,2024-04-15,9377
6443,元晶,25,3,22,華南永昌-虎尾,2024-04-15,9377
1314,中石化,46,25,21,華南永昌-虎尾,2024-04-15,9377
2486,一詮,26,5,21,華南永昌-虎尾,2024-04-15,9377
2323,中環,55,35,20,華南永昌-虎尾,2024-04-15,9377
3257,虹冠電,20,0,20,華南永昌-虎尾,2024-04-15,9377
6770,力積電,21,2,19,華南永昌-虎尾,2024-04-15,9377
0056,元大高股息,34,15,19,華南永昌-虎尾,2024-04-15,9377
2382,廣達,35,17,18,華南永昌-虎尾,2024-04-15,9377
2408,南亞科,20,2,18,華南永昌-虎尾,2024-04-15,9377
5351,鈺創,18,0,18,華南永昌-虎尾,2024-04-15,9377
2376,技嘉,34,16,18,華南永昌-虎尾,2024-04-15,9377
1597,直得,17,0,17,華南永昌-虎尾,2024-04-15,9377
2501,國建,36,19,17,華南永昌-虎尾,2024-04-15,9377
6547,高端疫苗,21,4,17,華南永昌-虎尾,2024-04-15,9377
8096,擎亞,24,7,17,華南永昌-虎尾,2024-04-15,9377
2449,京元電子,24,8,16,華南永昌-虎尾,2024-04-15,9377
2317,鴻海,46,30,16,華南永昌-虎尾,2024-04-15,9377
00772B,中信高評級公司債,15,0,15,華南永昌-虎尾,2024-04-15,9377
2477,美隆電,15,0,15,華南永昌-虎尾,2024-04-15,9377
2543,皇昌,23,8,15,華南永昌-虎尾,2024-04-15,9377
3374,精材,15,0,15,華南永昌-虎尾,2024-04-15,9377
00679B,元大美債20年,1029,40,989,華南永昌-虎尾,2024-04-16,9377
00940,元大台灣價值高息,687,2,685,華南永昌-虎尾,2024-04-16,9377
2317,鴻海,295,17,278,華南永昌-虎尾,2024-04-16,9377
2834,臺企銀,207,0,207,華南永昌-虎尾,2024-04-16,9377
2405,輔信,155,0,155,華南永昌-虎尾,2024-04-16,9377
00939,統一台灣高息動能,161,15,146,華南永昌-虎尾,2024-04-16,9377
2323,中環,190,47,143,華南永昌-虎尾,2024-04-16,9377
00929,復華台灣科技優息,140,17,123,華南永昌-虎尾,2024-04-16,9377
2883,凱基金,126,3,123,華南永昌-虎尾,2024-04-16,9377
2312,金寶,122,0,122,華南永昌-虎尾,2024-04-16,9377
2303,聯電,130,16,114,華南永昌-虎尾,2024-04-16,9377
2634,漢翔,152,43,109,華南永昌-虎尾,2024-04-16,9377
2601,益航,100,0,100,華南永昌-虎尾,2024-04-16,9377
3481,群創,150,50,100,華南永昌-虎尾,2024-04-16,9377
2867,三商壽,161,73,88,華南永昌-虎尾,2024-04-16,9377
00753L,中信中國50正2,80,0,80,華南永昌-虎尾,2024-04-16,9377
2409,友達,78,3,75,華南永昌-虎尾,2024-04-16,9377
2371,大同,118,47,71,華南永昌-虎尾,2024-04-16,9377
00919,群益台灣精選高息,113,45,68,華南永昌-虎尾,2024-04-16,9377
2344,華邦電,72,9,63,華南永昌-虎尾,2024-04-16,9377
4510,高鋒,59,0,59,華南永昌-虎尾,2024-04-16,9377
1616,億泰,58,0,58,華南永昌-虎尾,2024-04-16,9377
3520,華盈,51,0,51,華南永昌-虎尾,2024-04-16,9377
3052,夆典,58,10,48,華南永昌-虎尾,2024-04-16,9377
2408,南亞科,50,5,45,華南永昌-虎尾,2024-04-16,9377
4157,太景*-KY,44,0,44,華南永昌-虎尾,2024-04-16,9377
2489,瑞軒,55,11,44,華南永昌-虎尾,2024-04-16,9377
0056,元大高股息,46,5,41,華南永昌-虎尾,2024-04-16,9377
00712,復華富時不動產,41,0,41,華南永昌-虎尾,2024-04-16,9377
2009,第一銅,43,2,41,華南永昌-虎尾,2024-04-16,9377
00878,國泰永續高股息,68,30,38,華南永昌-虎尾,2024-04-16,9377
2401,凌陽,58,20,38,華南永昌-虎尾,2024-04-16,9377
6856,鑫傳,38,0,38,華南永昌-虎尾,2024-04-16,9377
00680L,元大美債20正2,37,0,37,華南永昌-虎尾,2024-04-16,9377
1608,華榮,52,18,34,華南永昌-虎尾,2024-04-16,9377
2501,國建,69,35,34,華南永昌-虎尾,2024-04-16,9377
6015,宏遠證,32,0,32,華南永昌-虎尾,2024-04-16,9377
3231,緯創,36,7,29,華南永昌-虎尾,2024-04-16,9377
2892,第一金,28,0,28,華南永昌-虎尾,2024-04-16,9377
8182,加高,28,0,28,華南永昌-虎尾,2024-04-16,9377
2880,華南金,28,0,28,華南永昌-虎尾,2024-04-16,9377
5880,合庫金,26,0,26,華南永昌-虎尾,2024-04-16,9377
6226,光鼎,26,0,26,華南永昌-虎尾,2024-04-16,9377
1513,中興電,40,14,26,華南永昌-虎尾,2024-04-16,9377
6284,佳邦,26,1,25,華南永昌-虎尾,2024-04-16,9377
1785,光洋科,31,6,25,華南永昌-虎尾,2024-04-16,9377
2618,長榮航,29,5,24,華南永昌-虎尾,2024-04-16,9377
3615,安可,24,0,24,華南永昌-虎尾,2024-04-16,9377
2436,偉詮電,23,0,23,華南永昌-虎尾,2024-04-16,9377
2356,英業達,38,15,23,華南永昌-虎尾,2024-04-16,9377
1504,東元,236,39,197,華南永昌-虎尾,2024-04-17,9377
00929,復華台灣科技優息,185,1,184,華南永昌-虎尾,2024-04-17,9377
2101,南港,136,6,130,華南永昌-虎尾,2024-04-17,9377
2317,鴻海,133,24,109,華南永昌-虎尾,2024-04-17,9377
00905,FT臺灣Smart,103,0,103,華南永昌-虎尾,2024-04-17,9377
0056,元大高股息,105,8,97,華南永昌-虎尾,2024-04-17,9377
1102,亞泥,65,0,65,華南永昌-虎尾,2024-04-17,9377
3402,漢科,55,8,47,華南永昌-虎尾,2024-04-17,9377
00688L,國泰20年美債正2,42,0,42,華南永昌-虎尾,2024-04-17,9377
2465,麗臺,40,1,39,華南永昌-虎尾,2024-04-17,9377
1101,台泥,43,5,38,華南永昌-虎尾,2024-04-17,9377
2356,英業達,42,8,34,華南永昌-虎尾,2024-04-17,9377
3481,群創,31,0,31,華南永昌-虎尾,2024-04-17,9377
6015,宏遠證,30,0,30,華南永昌-虎尾,2024-04-17,9377
2303,聯電,42,13,29,華南永昌-虎尾,2024-04-17,9377
2408,南亞科,28,0,28,華南永昌-虎尾,2024-04-17,9377
00679B,元大美債20年,28,0,28,華南永昌-虎尾,2024-04-17,9377
3706,神達,29,2,27,華南永昌-虎尾,2024-04-17,9377
9955,佳龍,53,28,25,華南永昌-虎尾,2024-04-17,9377
2009,第一銅,37,13,24,華南永昌-虎尾,2024-04-17,9377
3231,緯創,33,10,23,華南永昌-虎尾,2024-04-17,9377
6770,力積電,44,21,23,華南永昌-虎尾,2024-04-17,9377
2402,毅嘉,22,0,22,華南永昌-虎尾,2024-04-17,9377
2618,長榮航,28,6,22,華南永昌-虎尾,2024-04-17,9377
5880,合庫金,21,0,21,華南永昌-虎尾,2024-04-17,9377
00712,復華富時不動產,23,2,21,華南永昌-虎尾,2024-04-17,9377
00933B,國泰10Y+金融債,20,0,20,華南永昌-虎尾,2024-04-17,9377
00633L,富邦上証正2,23,3,20,華南永昌-虎尾,2024-04-17,9377
4402,郡都開發,20,0,20,華南永昌-虎尾,2024-04-17,9377
6278,台表科,21,1,20,華南永昌-虎尾,2024-04-17,9377
2515,中工,19,0,19,華南永昌-虎尾,2024-04-17,9377
2504,國產,24,5,19,華南永昌-虎尾,2024-04-17,9377
00687B,國泰20年美債,18,0,18,華南永昌-虎尾,2024-04-17,9377
00909,國泰數位支付服務,18,0,18,華南永昌-虎尾,2024-04-17,9377
1460,宏遠,18,0,18,華南永昌-虎尾,2024-04-17,9377
00878,國泰永續高股息,19,1,18,華南永昌-虎尾,2024-04-17,9377
2801,彰銀,17,0,17,華南永昌-虎尾,2024-04-17,9377
8059,凱碩,17,0,17,華南永昌-虎尾,2024-04-17,9377
6213,聯茂,40,24,16,華南永昌-虎尾,2024-04-17,9377
3715,定穎投控,19,3,16,華南永昌-虎尾,2024-04-17,9377
8404,百和興業-KY,15,0,15,華南永昌-虎尾,2024-04-17,9377
2337,旺宏,26,12,14,華南永昌-虎尾,2024-04-17,9377
1789,神隆,13,0,13,華南永昌-虎尾,2024-04-17,9377
2892,第一金,12,0,12,華南永昌-虎尾,2024-04-17,9377
4306,炎洲,12,0,12,華南永昌-虎尾,2024-04-17,9377
6235,華孚,13,1,12,華南永昌-虎尾,2024-04-17,9377
6550,北極星藥業-KY,12,0,12,華南永昌-虎尾,2024-04-17,9377
6856,鑫傳,12,0,12,華南永昌-虎尾,2024-04-17,9377
2880,華南金,12,0,12,華南永昌-虎尾,2024-04-17,9377
00919,群益台灣精選高息,32,21,11,華南永昌-虎尾,2024-04-17,9377
2515,中工,153,15,138,華南永昌-虎尾,2024-04-18,9377
1605,華新,171,39,132,華南永昌-虎尾,2024-04-18,9377
2542,興富發,128,6,122,華南永昌-虎尾,2024-04-18,9377
2101,南港,116,2,114,華南永昌-虎尾,2024-04-18,9377
2371,大同,223,129,94,華南永昌-虎尾,2024-04-18,9377
1540,喬福,63,1,62,華南永昌-虎尾,2024-04-18,9377
1504,東元,106,55,51,華南永昌-虎尾,2024-04-18,9377
3707,漢磊,56,7,49,華南永昌-虎尾,2024-04-18,9377
8110,華東,50,2,48,華南永昌-虎尾,2024-04-18,9377
2633,台灣高鐵,42,0,42,華南永昌-虎尾,2024-04-18,9377
2303,聯電,49,8,41,華南永昌-虎尾,2024-04-18,9377
6026,福邦證,40,0,40,華南永昌-虎尾,2024-04-18,9377
2367,燿華,64,27,37,華南永昌-虎尾,2024-04-18,9377
6257,矽格,35,0,35,華南永昌-虎尾,2024-04-18,9377
00940,元大台灣價值高息,33,1,32,華南永昌-虎尾,2024-04-18,9377
9105,泰金寶-DR,30,0,30,華南永昌-虎尾,2024-04-18,9377
2405,輔信,31,1,30,華南永昌-虎尾,2024-04-18,9377
5426,振發,30,0,30,華南永昌-虎尾,2024-04-18,9377
6664,群翊,30,0,30,華南永昌-虎尾,2024-04-18,9377
00919,群益台灣精選高息,39,12,27,華南永昌-虎尾,2024-04-18,9377
00941,中信上游半導體,27,2,25,華南永昌-虎尾,2024-04-18,9377
2402,毅嘉,35,10,25,華南永昌-虎尾,2024-04-18,9377
2408,南亞科,23,0,23,華南永昌-虎尾,2024-04-18,9377
2382,廣達,42,19,23,華南永昌-虎尾,2024-04-18,9377
1536,和大,25,3,22,華南永昌-虎尾,2024-04-18,9377
3615,安可,22,0,22,華南永昌-虎尾,2024-04-18,9377
5210,寶碩,22,0,22,華南永昌-虎尾,2024-04-18,9377
3030,德律,22,0,22,華南永昌-虎尾,2024-04-18,9377
4564,元翎,21,0,21,華南永昌-虎尾,2024-04-18,9377
2425,承啟,21,0,21,華南永昌-虎尾,2024-04-18,9377
3576,聯合再生,24,3,21,華南永昌-虎尾,2024-04-18,9377
00893,國泰智能電動車,20,0,20,華南永昌-虎尾,2024-04-18,9377
2427,三商電,30,10,20,華南永昌-虎尾,2024-04-18,9377
2352,佳世達,20,1,19,華南永昌-虎尾,2024-04-18,9377
2489,瑞軒,30,11,19,華南永昌-虎尾,2024-04-18,9377
2634,漢翔,31,12,19,華南永昌-虎尾,2024-04-18,9377
00720B,元大投資級公司債,18,0,18,華南永昌-虎尾,2024-04-18,9377
2888,新光金,20,3,17,華南永昌-虎尾,2024-04-18,9377
5512,力麒,31,14,17,華南永昌-虎尾,2024-04-18,9377
5381,合正,24,8,16,華南永昌-虎尾,2024-04-18,9377
1611,中電,38,23,15,華南永昌-虎尾,2024-04-18,9377
3265,台星科,15,0,15,華南永昌-虎尾,2024-04-18,9377
6284,佳邦,16,1,15,華南永昌-虎尾,2024-04-18,9377
2417,圓剛,16,2,14,華南永昌-虎尾,2024-04-18,9377
00712,復華富時不動產,14,0,14,華南永昌-虎尾,2024-04-18,9377
1616,億泰,19,5,14,華南永昌-虎尾,2024-04-18,9377
2330,台積電,30,16,14,華南永昌-虎尾,2024-04-18,9377
1513,中興電,39,26,13,華南永昌-虎尾,2024-04-18,9377
2406,國碩,16,3,13,華南永昌-虎尾,2024-04-18,9377
1314,中石化,53,40,13,華南永昌-虎尾,2024-04-18,9377
00929,復華台灣科技優息,232,17,215,華南永昌-虎尾,2024-04-19,9377
00940,元大台灣價值高息,256,78,178,華南永昌-虎尾,2024-04-19,9377
2834,臺企銀,187,71,116,華南永昌-虎尾,2024-04-19,9377
2303,聯電,140,25,115,華南永昌-虎尾,2024-04-19,9377
00671R,富邦NASDAQ反1,100,0,100,華南永昌-虎尾,2024-04-19,9377
2618,長榮航,100,1,99,華南永昌-虎尾,2024-04-19,9377
2634,漢翔,103,20,83,華南永昌-虎尾,2024-04-19,9377
2516,新建,71,0,71,華南永昌-虎尾,2024-04-19,9377
2317,鴻海,116,49,67,華南永昌-虎尾,2024-04-19,9377
00939,統一台灣高息動能,68,2,66,華南永昌-虎尾,2024-04-19,9377
2543,皇昌,78,15,63,華南永昌-虎尾,2024-04-19,9377
2609,陽明,99,43,56,華南永昌-虎尾,2024-04-19,9377
3703,欣陸,64,10,54,華南永昌-虎尾,2024-04-19,9377
00919,群益台灣精選高息,65,11,54,華南永昌-虎尾,2024-04-19,9377
00878,國泰永續高股息,64,10,54,華南永昌-虎尾,2024-04-19,9377
3481,群創,53,0,53,華南永昌-虎尾,2024-04-19,9377
3520,華盈,50,2,48,華南永昌-虎尾,2024-04-19,9377
1603,華電,60,16,44,華南永昌-虎尾,2024-04-19,9377
2409,友達,44,0,44,華南永昌-虎尾,2024-04-19,9377
2401,凌陽,43,1,42,華南永昌-虎尾,2024-04-19,9377
8936,國統,54,12,42,華南永昌-虎尾,2024-04-19,9377
2515,中工,140,100,40,華南永昌-虎尾,2024-04-19,9377
0050,元大台灣50,45,6,39,華南永昌-虎尾,2024-04-19,9377
6770,力積電,64,27,37,華南永昌-虎尾,2024-04-19,9377
5512,力麒,93,58,35,華南永昌-虎尾,2024-04-19,9377
9945,潤泰新,48,13,35,華南永昌-虎尾,2024-04-19,9377
00680L,元大美債20正2,48,15,33,華南永昌-虎尾,2024-04-19,9377
1612,宏泰,50,17,33,華南永昌-虎尾,2024-04-19,9377
2884,玉山金,31,0,31,華南永昌-虎尾,2024-04-19,9377
1605,華新,56,25,31,華南永昌-虎尾,2024-04-19,9377
3025,星通,30,0,30,華南永昌-虎尾,2024-04-19,9377
2485,兆赫,60,30,30,華南永昌-虎尾,2024-04-19,9377
2408,南亞科,30,0,30,華南永昌-虎尾,2024-04-19,9377
1313,聯成,30,0,30,華南永昌-虎尾,2024-04-19,9377
8112,至上,35,5,30,華南永昌-虎尾,2024-04-19,9377
2486,一詮,32,3,29,華南永昌-虎尾,2024-04-19,9377
2892,第一金,36,10,26,華南永昌-虎尾,2024-04-19,9377
2887,台新金,25,0,25,華南永昌-虎尾,2024-04-19,9377
2610,華航,25,0,25,華南永昌-虎尾,2024-04-19,9377
3257,虹冠電,25,0,25,華南永昌-虎尾,2024-04-19,9377
00753L,中信中國50正2,24,0,24,華南永昌-虎尾,2024-04-19,9377
1532,勤美,25,1,24,華南永昌-虎尾,2024-04-19,9377
2882,國泰金,23,0,23,華南永昌-虎尾,2024-04-19,9377
1785,光洋科,33,10,23,華南永昌-虎尾,2024-04-19,9377
1815,富喬,25,2,23,華南永昌-虎尾,2024-04-19,9377
2353,宏��,30,9,21,華南永昌-虎尾,2024-04-19,9377
4707,磐亞,21,0,21,華南永昌-虎尾,2024-04-19,9377
5880,合庫金,21,0,21,華南永昌-虎尾,2024-04-19,9377
00637L,元大滬深300正2,50,30,20,華南永昌-虎尾,2024-04-19,9377
2480,敦陽科,20,0,20,華南永昌-虎尾,2024-04-19,9377
00929,復華台灣科技優息,248,1,247,華南永昌-虎尾,2024-04-22,9377
2618,長榮航,151,31,120,華南永昌-虎尾,2024-04-22,9377
00940,元大台灣價值高息,112,12,100,華南永昌-虎尾,2024-04-22,9377
00715L,期街口布蘭特正2,74,0,74,華南永昌-虎尾,2024-04-22,9377
2101,南港,98,29,69,華南永昌-虎尾,2024-04-22,9377
5512,力麒,103,40,63,華南永昌-虎尾,2024-04-22,9377
1701,中化,62,0,62,華南永昌-虎尾,2024-04-22,9377
2515,中工,113,53,60,華南永昌-虎尾,2024-04-22,9377
1612,宏泰,61,4,57,華南永昌-虎尾,2024-04-22,9377
1314,中石化,198,144,54,華南永昌-虎尾,2024-04-22,9377
2344,華邦電,54,0,54,華南永昌-虎尾,2024-04-22,9377
9945,潤泰新,56,3,53,華南永昌-虎尾,2024-04-22,9377
2405,輔信,51,0,51,華南永昌-虎尾,2024-04-22,9377
00939,統一台灣高息動能,50,5,45,華南永昌-虎尾,2024-04-22,9377
00687B,國泰20年美債,44,0,44,華南永昌-虎尾,2024-04-22,9377
1903,士紙,44,0,44,華南永昌-虎尾,2024-04-22,9377
3015,全漢,42,0,42,華南永昌-虎尾,2024-04-22,9377
1605,華新,46,4,42,華南永昌-虎尾,2024-04-22,9377
3231,緯創,62,22,40,華南永昌-虎尾,2024-04-22,9377
1419,新紡,39,0,39,華南永昌-虎尾,2024-04-22,9377
00937B,群益ESG投等債20,37,0,37,華南永昌-虎尾,2024-04-22,9377
2303,聯電,47,10,37,華南永昌-虎尾,2024-04-22,9377
1608,華榮,61,25,36,華南永昌-虎尾,2024-04-22,9377
2371,大同,248,213,35,華南永昌-虎尾,2024-04-22,9377
1722,台肥,35,0,35,華南永昌-虎尾,2024-04-22,9377
1609,大亞,94,61,33,華南永昌-虎尾,2024-04-22,9377
00919,群益台灣精選高息,63,32,31,華南永昌-虎尾,2024-04-22,9377
4157,太景*-KY,107,77,30,華南永昌-虎尾,2024-04-22,9377
2605,新興,30,0,30,華南永昌-虎尾,2024-04-22,9377
3058,立德,30,0,30,華南永昌-虎尾,2024-04-22,9377
00688L,國泰20年美債正2,28,0,28,華南永昌-虎尾,2024-04-22,9377
3045,台灣大,28,1,27,華南永昌-虎尾,2024-04-22,9377
3703,欣陸,64,37,27,華南永昌-虎尾,2024-04-22,9377
6125,廣運,51,25,26,華南永昌-虎尾,2024-04-22,9377
5351,鈺創,25,1,24,華南永昌-虎尾,2024-04-22,9377
5531,鄉林,26,2,24,華南永昌-虎尾,2024-04-22,9377
2330,台積電,32,8,24,華南永昌-虎尾,2024-04-22,9377
00673R,期元大S＆P原油反1,40,17,23,華南永昌-虎尾,2024-04-22,9377
3013,晟銘電,37,15,22,華南永昌-虎尾,2024-04-22,9377
6664,群翊,22,0,22,華南永昌-虎尾,2024-04-22,9377
2501,國建,69,47,22,華南永昌-虎尾,2024-04-22,9377
2356,英業達,33,12,21,華南永昌-虎尾,2024-04-22,9377
2409,友達,21,0,21,華南永昌-虎尾,2024-04-22,9377
00639,富邦深100,20,0,20,華南永昌-虎尾,2024-04-22,9377
1615,大山,28,9,19,華南永昌-虎尾,2024-04-22,9377
5355,佳總,18,0,18,華南永昌-虎尾,2024-04-22,9377
1815,富喬,17,0,17,華南永昌-虎尾,2024-04-22,9377
2208,台船,16,0,16,華南永昌-虎尾,2024-04-22,9377
2388,威盛,17,1,16,華南永昌-虎尾,2024-04-22,9377
5443,均豪,16,0,16,華南永昌-虎尾,2024-04-22,9377
2349,錸德,200,0,200,華南永昌-虎尾,2024-04-23,9377
2369,菱生,80,5,75,華南永昌-虎尾,2024-04-23,9377
2607,榮運,65,0,65,華南永昌-虎尾,2024-04-23,9377
3052,夆典,60,0,60,華南永昌-虎尾,2024-04-23,9377
2371,大同,172,113,59,華南永昌-虎尾,2024-04-23,9377
2530,華建,50,0,50,華南永昌-虎尾,2024-04-23,9377
2344,華邦電,40,0,40,華南永昌-虎尾,2024-04-23,9377
2882,國泰金,50,11,39,華南永昌-虎尾,2024-04-23,9377
1903,士紙,38,0,38,華南永昌-虎尾,2024-04-23,9377
8936,國統,48,11,37,華南永昌-虎尾,2024-04-23,9377
6219,富旺,45,10,35,華南永昌-虎尾,2024-04-23,9377
1419,新紡,31,0,31,華南永昌-虎尾,2024-04-23,9377
1605,華新,34,3,31,華南永昌-虎尾,2024-04-23,9377
6233,旺玖,30,0,30,華南永昌-虎尾,2024-04-23,9377
1616,億泰,30,1,29,華南永昌-虎尾,2024-04-23,9377
3013,晟銘電,51,23,28,華南永昌-虎尾,2024-04-23,9377
5469,瀚宇博,25,0,25,華南永昌-虎尾,2024-04-23,9377
00939,統一台灣高息動能,24,0,24,華南永昌-虎尾,2024-04-23,9377
1815,富喬,58,35,23,華南永昌-虎尾,2024-04-23,9377
1101,台泥,27,6,21,華南永昌-虎尾,2024-04-23,9377
2374,佳能,32,12,20,華南永昌-虎尾,2024-04-23,9377
2402,毅嘉,20,0,20,華南永昌-虎尾,2024-04-23,9377
3015,全漢,21,1,20,華南永昌-虎尾,2024-04-23,9377
6143,振曜,21,1,20,華南永昌-虎尾,2024-04-23,9377
8404,百和興業-KY,20,0,20,華南永昌-虎尾,2024-04-23,9377
00919,群益台灣精選高息,21,2,19,華南永昌-虎尾,2024-04-23,9377
2101,南港,30,13,17,華南永昌-虎尾,2024-04-23,9377
3707,漢磊,40,23,17,華南永昌-虎尾,2024-04-23,9377
1504,東元,29,13,16,華南永昌-虎尾,2024-04-23,9377
00940,元大台灣價值高息,16,2,14,華南永昌-虎尾,2024-04-23,9377
5512,力麒,23,9,14,華南永昌-虎尾,2024-04-23,9377
1612,宏泰,16,2,14,華南永昌-虎尾,2024-04-23,9377
8110,華東,15,2,13,華南永昌-虎尾,2024-04-23,9377
1536,和大,14,1,13,華南永昌-虎尾,2024-04-23,9377
1615,大山,17,4,13,華南永昌-虎尾,2024-04-23,9377
2885,元大金,13,0,13,華南永昌-虎尾,2024-04-23,9377
2408,南亞科,15,3,12,華南永昌-虎尾,2024-04-23,9377
2634,漢翔,21,9,12,華南永昌-虎尾,2024-04-23,9377
0056,元大高股息,12,1,11,華南永昌-虎尾,2024-04-23,9377
4174,浩鼎,10,0,10,華南永昌-虎尾,2024-04-23,9377
1732,毛寶,10,0,10,華南永昌-虎尾,2024-04-23,9377
3045,台灣大,10,0,10,華南永昌-虎尾,2024-04-23,9377
8358,金居,10,0,10,華南永昌-虎尾,2024-04-23,9377
9938,百和,10,0,10,華南永昌-虎尾,2024-04-23,9377
1326,台化,10,1,9,華南永昌-虎尾,2024-04-23,9377
6015,宏遠證,10,1,9,華南永昌-虎尾,2024-04-23,9377
2449,京元電子,25,17,8,華南永昌-虎尾,2024-04-23,9377
3715,定穎投控,9,1,8,華南永昌-虎尾,2024-04-23,9377
2367,燿華,50,42,8,華南永昌-虎尾,2024-04-23,9377
2605,新興,8,0,8,華南永昌-虎尾,2024-04-23,9377
00676R,富邦臺灣加權反1,1000,0,1000,華南永昌-虎尾,2024-04-24,9377
3481,群創,428,0,428,華南永昌-虎尾,2024-04-24,9377
2801,彰銀,155,40,115,華南永昌-虎尾,2024-04-24,9377
2511,太子,100,0,100,華南永昌-虎尾,2024-04-24,9377
3703,欣陸,73,5,68,華南永昌-虎尾,2024-04-24,9377
2880,華南金,70,10,60,華南永昌-虎尾,2024-04-24,9377
00929,復華台灣科技優息,67,19,48,華南永昌-虎尾,2024-04-24,9377
6125,廣運,122,81,41,華南永昌-虎尾,2024-04-24,9377
6770,力積電,66,25,41,華南永昌-虎尾,2024-04-24,9377
3231,緯創,70,31,39,華南永昌-虎尾,2024-04-24,9377
1616,億泰,39,1,38,華南永昌-虎尾,2024-04-24,9377
2515,中工,52,16,36,華南永昌-虎尾,2024-04-24,9377
2613,中櫃,35,4,31,華南永昌-虎尾,2024-04-24,9377
3005,神基,31,0,31,華南永昌-虎尾,2024-04-24,9377
8404,百和興業-KY,30,0,30,華南永昌-虎尾,2024-04-24,9377
2363,矽統,43,14,29,華南永昌-虎尾,2024-04-24,9377
6215,和椿,50,25,25,華南永昌-虎尾,2024-04-24,9377
3052,夆典,25,0,25,華南永昌-虎尾,2024-04-24,9377
2520,冠德,30,6,24,華南永昌-虎尾,2024-04-24,9377
0056,元大高股息,22,0,22,華南永昌-虎尾,2024-04-24,9377
2006,東和鋼鐵,20,0,20,華南永昌-虎尾,2024-04-24,9377
2472,立隆電,20,0,20,華南永昌-虎尾,2024-04-24,9377
3264,欣銓,20,0,20,華南永昌-虎尾,2024-04-24,9377
6261,久元,20,0,20,華南永昌-虎尾,2024-04-24,9377
2605,新興,20,1,19,華南永昌-虎尾,2024-04-24,9377
2545,皇翔,18,0,18,華南永昌-虎尾,2024-04-24,9377
00637L,元大滬深300正2,45,30,15,華南永昌-虎尾,2024-04-24,9377
00680L,元大美債20正2,15,0,15,華南永昌-虎尾,2024-04-24,9377
1529,樂事綠能,18,4,14,華南永昌-虎尾,2024-04-24,9377
2634,漢翔,14,1,13,華南永昌-虎尾,2024-04-24,9377
1612,宏泰,14,2,12,華南永昌-虎尾,2024-04-24,9377
1101,台泥,13,1,12,華南永昌-虎尾,2024-04-24,9377
1102,亞泥,12,0,12,華南永昌-虎尾,2024-04-24,9377
1605,華新,26,14,12,華南永昌-虎尾,2024-04-24,9377
2610,華航,74,62,12,華南永昌-虎尾,2024-04-24,9377
00687B,國泰20年美債,11,0,11,華南永昌-虎尾,2024-04-24,9377
1301,台塑,21,10,11,華南永昌-虎尾,2024-04-24,9377
4726,永昕,11,0,11,華南永昌-虎尾,2024-04-24,9377
4973,廣穎,11,0,11,華南永昌-虎尾,2024-04-24,9377
8183,精星,11,0,11,華南永昌-虎尾,2024-04-24,9377
2406,國碩,10,0,10,華南永昌-虎尾,2024-04-24,9377
006208,富邦台50,10,0,10,華南永昌-虎尾,2024-04-24,9377
00688L,國泰20年美債正2,10,0,10,華南永昌-虎尾,2024-04-24,9377
2349,錸德,10,0,10,華南永昌-虎尾,2024-04-24,9377
2359,所羅門,10,0,10,華南永昌-虎尾,2024-04-24,9377
2367,燿華,55,45,10,華南永昌-虎尾,2024-04-24,9377
3038,全台,10,0,10,華南永昌-虎尾,2024-04-24,9377
3252,海灣,10,0,10,華南永昌-虎尾,2024-04-24,9377
4979,華星光,10,0,10,華南永昌-虎尾,2024-04-24,9377
5498,凱崴,10,0,10,華南永昌-虎尾,2024-04-24,9377
2515,中工,452,40,412,華南永昌-虎尾,2024-04-25,9377
2317,鴻海,181,9,172,華南永昌-虎尾,2024-04-25,9377
00929,復華台灣科技優息,190,31,159,華南永昌-虎尾,2024-04-25,9377
1504,東元,99,2,97,華南永昌-虎尾,2024-04-25,9377
00937B,群益ESG投等債20,79,0,79,華南永昌-虎尾,2024-04-25,9377
3231,緯創,60,0,60,華南永昌-虎尾,2024-04-25,9377
2609,陽明,76,17,59,華南永昌-虎尾,2024-04-25,9377
2409,友達,62,8,54,華南永昌-虎尾,2024-04-25,9377
00919,群益台灣精選高息,50,0,50,華南永昌-虎尾,2024-04-25,9377
1305,華夏,50,0,50,華南永昌-虎尾,2024-04-25,9377
3052,夆典,48,0,48,華南永昌-虎尾,2024-04-25,9377
6207,雷科,57,12,45,華南永昌-虎尾,2024-04-25,9377
3481,群創,88,43,45,華南永昌-虎尾,2024-04-25,9377
3703,欣陸,55,11,44,華南永昌-虎尾,2024-04-25,9377
2880,華南金,43,0,43,華南永昌-虎尾,2024-04-25,9377
1101,台泥,33,0,33,華南永昌-虎尾,2024-04-25,9377
2887,台新金,31,0,31,華南永昌-虎尾,2024-04-25,9377
1701,中化,30,0,30,華南永昌-虎尾,2024-04-25,9377
2892,第一金,28,0,28,華南永昌-虎尾,2024-04-25,9377
00687B,國泰20年美債,27,0,27,華南永昌-虎尾,2024-04-25,9377
00882,中信中國高股息,25,0,25,華南永昌-虎尾,2024-04-25,9377
2888,新光金,25,0,25,華南永昌-虎尾,2024-04-25,9377
00665L,富邦�琤肭磪囓�2,26,2,24,華南永昌-虎尾,2024-04-25,9377
2371,大同,88,65,23,華南永昌-虎尾,2024-04-25,9377
2883,凱基金,25,3,22,華南永昌-虎尾,2024-04-25,9377
2354,鴻準,29,7,22,華南永昌-虎尾,2024-04-25,9377
2881,富邦金,21,0,21,華南永昌-虎尾,2024-04-25,9377
00635U,期元大S＆P黃金,21,0,21,華南永昌-虎尾,2024-04-25,9377
2363,矽統,32,11,21,華南永昌-虎尾,2024-04-25,9377
3024,憶聲,20,0,20,華南永昌-虎尾,2024-04-25,9377
2208,台船,19,0,19,華南永昌-虎尾,2024-04-25,9377
2356,英業達,19,0,19,華南永昌-虎尾,2024-04-25,9377
6761,穩得,20,1,19,華南永昌-虎尾,2024-04-25,9377
00878,國泰永續高股息,19,1,18,華南永昌-虎尾,2024-04-25,9377
2406,國碩,19,3,16,華南永昌-虎尾,2024-04-25,9377
1615,大山,18,3,15,華南永昌-虎尾,2024-04-25,9377
2867,三商壽,15,0,15,華南永昌-虎尾,2024-04-25,9377
5443,均豪,16,1,15,華南永昌-虎尾,2024-04-25,9377
2031,新光鋼,14,0,14,華南永昌-虎尾,2024-04-25,9377
2506,太設,14,0,14,華南永昌-虎尾,2024-04-25,9377
2801,彰銀,15,1,14,華南永昌-虎尾,2024-04-25,9377
6770,力積電,18,5,13,華南永昌-虎尾,2024-04-25,9377
2891,中信金,13,0,13,華南永昌-虎尾,2024-04-25,9377
2330,台積電,15,2,13,華南永昌-虎尾,2024-04-25,9377
3715,定穎投控,13,2,11,華南永昌-虎尾,2024-04-25,9377
1529,樂事綠能,14,3,11,華南永昌-虎尾,2024-04-25,9377
00939,統一台灣高息動能,10,0,10,華南永昌-虎尾,2024-04-25,9377
2734,易飛網,10,0,10,華南永昌-虎尾,2024-04-25,9377
2329,華泰,11,1,10,華南永昌-虎尾,2024-04-25,9377
1301,台塑,10,0,10,華南永昌-虎尾,2024-04-25,9377
2610,華航,230,94,136,華南永昌-虎尾,2024-04-26,9377
00632R,元大台灣50反1,120,0,120,華南永昌-虎尾,2024-04-26,9377
3052,夆典,96,1,95,華南永昌-虎尾,2024-04-26,9377
2363,矽統,67,5,62,華南永昌-虎尾,2024-04-26,9377
2371,大同,138,79,59,華南永昌-虎尾,2024-04-26,9377
6189,豐藝,40,0,40,華南永昌-虎尾,2024-04-26,9377
2344,華邦電,40,1,39,華南永昌-虎尾,2024-04-26,9377
1611,中電,50,11,39,華南永昌-虎尾,2024-04-26,9377
3545,敦泰,36,0,36,華南永昌-虎尾,2024-04-26,9377
2317,鴻海,64,34,30,華南永昌-虎尾,2024-04-26,9377
2002,中鋼,35,5,30,華南永昌-虎尾,2024-04-26,9377
2368,金像電,33,4,29,華南永昌-虎尾,2024-04-26,9377
2486,一詮,86,58,28,華南永昌-虎尾,2024-04-26,9377
3703,欣陸,31,3,28,華南永昌-虎尾,2024-04-26,9377
2630,亞航,30,3,27,華南永昌-虎尾,2024-04-26,9377
6016,康和證,26,0,26,華南永昌-虎尾,2024-04-26,9377
8064,東捷,38,12,26,華南永昌-虎尾,2024-04-26,9377
2515,中工,60,37,23,華南永昌-虎尾,2024-04-26,9377
1101,台泥,29,7,22,華南永昌-虎尾,2024-04-26,9377
3706,神達,23,3,20,華南永昌-虎尾,2024-04-26,9377
1608,華榮,38,18,20,華南永昌-虎尾,2024-04-26,9377
2542,興富發,21,1,20,華南永昌-虎尾,2024-04-26,9377
2301,光寶科,26,7,19,華南永昌-虎尾,2024-04-26,9377
2427,三商電,19,0,19,華南永昌-虎尾,2024-04-26,9377
2329,華泰,23,5,18,華南永昌-虎尾,2024-04-26,9377
3013,晟銘電,28,10,18,華南永昌-虎尾,2024-04-26,9377
1605,華新,25,8,17,華南永昌-虎尾,2024-04-26,9377
6143,振曜,24,7,17,華南永昌-虎尾,2024-04-26,9377
00941,中信上游半導體,16,0,16,華南永昌-虎尾,2024-04-26,9377
6125,廣運,28,12,16,華南永昌-虎尾,2024-04-26,9377
1587,吉茂,28,12,16,華南永昌-虎尾,2024-04-26,9377
6546,正基,16,0,16,華南永昌-虎尾,2024-04-26,9377
1909,榮成,15,0,15,華南永昌-虎尾,2024-04-26,9377
2537,聯上發,15,0,15,華南永昌-虎尾,2024-04-26,9377
2206,三陽工業,68,54,14,華南永昌-虎尾,2024-04-26,9377
6425,易發,51,37,14,華南永昌-虎尾,2024-04-26,9377
2882,國泰金,18,4,14,華南永昌-虎尾,2024-04-26,9377
2359,所羅門,92,80,12,華南永昌-虎尾,2024-04-26,9377
6282,康舒,12,0,12,華南永昌-虎尾,2024-04-26,9377
6856,鑫傳,12,0,12,華南永昌-虎尾,2024-04-26,9377
00933B,國泰10Y+金融債,11,0,11,華南永昌-虎尾,2024-04-26,9377
4532,瑞智,22,11,11,華南永昌-虎尾,2024-04-26,9377
6788,華景電,11,0,11,華南永昌-虎尾,2024-04-26,9377
8404,百和興業-KY,11,0,11,華南永昌-虎尾,2024-04-26,9377
00665L,富邦�琤肭磪囓�2,10,0,10,華南永昌-虎尾,2024-04-26,9377
1905,華紙,10,0,10,華南永昌-虎尾,2024-04-26,9377
4960,誠美材,40,30,10,華南永昌-虎尾,2024-04-26,9377
6761,穩得,10,0,10,華南永昌-虎尾,2024-04-26,9377
1440,南紡,32,23,9,華南永昌-虎尾,2024-04-26,9377
1718,中纖,9,0,9,華南永昌-虎尾,2024-04-26,9377
00937B,群益ESG投等債20,370,0,370,華南永昌-虎尾,2024-04-29,9377
2511,太子,184,11,173,華南永昌-虎尾,2024-04-29,9377
00632R,元大台灣50反1,151,0,151,華南永昌-虎尾,2024-04-29,9377
2542,興富發,167,18,149,華南永昌-虎尾,2024-04-29,9377
2609,陽明,245,107,138,華南永昌-虎尾,2024-04-29,9377
2618,長榮航,131,47,84,華南永昌-虎尾,2024-04-29,9377
2882,國泰金,139,58,81,華南永昌-虎尾,2024-04-29,9377
2349,錸德,65,0,65,華南永昌-虎尾,2024-04-29,9377
00929,復華台灣科技優息,71,11,60,華南永昌-虎尾,2024-04-29,9377
2323,中環,184,124,60,華南永昌-虎尾,2024-04-29,9377
3052,夆典,55,0,55,華南永昌-虎尾,2024-04-29,9377
2101,南港,64,23,41,華南永昌-虎尾,2024-04-29,9377
2363,矽統,60,21,39,華南永昌-虎尾,2024-04-29,9377
2427,三商電,36,0,36,華南永昌-虎尾,2024-04-29,9377
2354,鴻準,58,23,35,華南永昌-虎尾,2024-04-29,9377
2530,華建,30,0,30,華南永昌-虎尾,2024-04-29,9377
6284,佳邦,30,0,30,華南永昌-虎尾,2024-04-29,9377
2371,大同,65,37,28,華南永昌-虎尾,2024-04-29,9377
1609,大亞,71,45,26,華南永昌-虎尾,2024-04-29,9377
2489,瑞軒,30,5,25,華南永昌-虎尾,2024-04-29,9377
2884,玉山金,30,5,25,華南永昌-虎尾,2024-04-29,9377
2449,京元電子,36,13,23,華南永昌-虎尾,2024-04-29,9377
2506,太設,29,6,23,華南永昌-虎尾,2024-04-29,9377
00637L,元大滬深300正2,25,2,23,華南永昌-虎尾,2024-04-29,9377
6806,森崴能源,25,3,22,華南永昌-虎尾,2024-04-29,9377
6217,中探針,20,0,20,華南永昌-虎尾,2024-04-29,9377
1615,大山,20,0,20,華南永昌-虎尾,2024-04-29,9377
2436,偉詮電,20,0,20,華南永昌-虎尾,2024-04-29,9377
4401,東隆興,20,0,20,華南永昌-虎尾,2024-04-29,9377
6761,穩得,20,0,20,華南永昌-虎尾,2024-04-29,9377
3059,華晶科,20,1,19,華南永昌-虎尾,2024-04-29,9377
00720B,元大投資級公司債,20,2,18,華南永昌-虎尾,2024-04-29,9377
00878,國泰永續高股息,34,16,18,華南永昌-虎尾,2024-04-29,9377
1409,新纖,21,3,18,華南永昌-虎尾,2024-04-29,9377
6770,力積電,19,2,17,華南永昌-虎尾,2024-04-29,9377
1608,華榮,23,6,17,華南永昌-虎尾,2024-04-29,9377
2388,威盛,16,0,16,華南永昌-虎尾,2024-04-29,9377
00633L,富邦上証正2,16,1,15,華南永昌-虎尾,2024-04-29,9377
5351,鈺創,15,0,15,華南永昌-虎尾,2024-04-29,9377
2888,新光金,63,49,14,華南永昌-虎尾,2024-04-29,9377
4167,松瑞藥,15,1,14,華南永昌-虎尾,2024-04-29,9377
3376,新日興,20,7,13,華南永昌-虎尾,2024-04-29,9377
5607,遠雄港,15,2,13,華南永昌-虎尾,2024-04-29,9377
00680L,元大美債20正2,12,0,12,華南永昌-虎尾,2024-04-29,9377
1442,名軒,12,0,12,華南永昌-虎尾,2024-04-29,9377
3017,奇鋐,22,11,11,華南永昌-虎尾,2024-04-29,9377
1522,堤維西,11,0,11,華南永昌-虎尾,2024-04-29,9377
00679B,元大美債20年,12,1,11,華南永昌-虎尾,2024-04-29,9377
2374,佳能,10,0,10,華南永昌-虎尾,2024-04-29,9377
00919,群益台灣精選高息,31,21,10,華南永昌-虎尾,2024-04-29,9377
1532,勤美,153,8,145,華南永昌-虎尾,2024-04-30,9377
2880,華南金,169,24,145,華南永昌-虎尾,2024-04-30,9377
5880,合庫金,105,0,105,華南永昌-虎尾,2024-04-30,9377
2801,彰銀,102,0,102,華南永昌-虎尾,2024-04-30,9377
00664R,國泰臺灣加權反1,100,0,100,華南永昌-虎尾,2024-04-30,9377
00632R,元大台灣50反1,101,2,99,華南永昌-虎尾,2024-04-30,9377
00940,元大台灣價值高息,92,0,92,華南永昌-虎尾,2024-04-30,9377
3052,夆典,83,0,83,華南永昌-虎尾,2024-04-30,9377
3059,華晶科,55,0,55,華南永昌-虎尾,2024-04-30,9377
1615,大山,52,0,52,華南永昌-虎尾,2024-04-30,9377
6284,佳邦,62,11,51,華南永昌-虎尾,2024-04-30,9377
00753L,中信中國50正2,50,0,50,華南永昌-虎尾,2024-04-30,9377
8088,品安,51,4,47,華南永昌-虎尾,2024-04-30,9377
00929,復華台灣科技優息,47,5,42,華南永昌-虎尾,2024-04-30,9377
1316,上曜,48,7,41,華南永昌-虎尾,2024-04-30,9377
8110,華東,32,1,31,華南永昌-虎尾,2024-04-30,9377
3078,僑威,28,1,27,華南永昌-虎尾,2024-04-30,9377
1304,台聚,26,0,26,華南永昌-虎尾,2024-04-30,9377
2356,英業達,27,2,25,華南永昌-虎尾,2024-04-30,9377
2501,國建,102,77,25,華南永昌-虎尾,2024-04-30,9377
2323,中環,100,77,23,華南永昌-虎尾,2024-04-30,9377
00637L,元大滬深300正2,52,30,22,華南永昌-虎尾,2024-04-30,9377
8183,精星,23,1,22,華南永昌-虎尾,2024-04-30,9377
2897,王道銀行,20,0,20,華南永昌-虎尾,2024-04-30,9377
2449,京元電子,24,5,19,華南永昌-虎尾,2024-04-30,9377
2371,大同,47,28,19,華南永昌-虎尾,2024-04-30,9377
1711,永光,20,2,18,華南永昌-虎尾,2024-04-30,9377
4157,太景*-KY,19,2,17,華南永昌-虎尾,2024-04-30,9377
6190,萬泰科,22,5,17,華南永昌-虎尾,2024-04-30,9377
6269,台郡,16,1,15,華南永昌-虎尾,2024-04-30,9377
6916,華凌,15,0,15,華南永昌-虎尾,2024-04-30,9377
2329,華泰,16,2,14,華南永昌-虎尾,2024-04-30,9377
2363,矽統,59,46,13,華南永昌-虎尾,2024-04-30,9377
2913,農林,18,6,12,華南永昌-虎尾,2024-04-30,9377
1301,台塑,11,0,11,華南永昌-虎尾,2024-04-30,9377
2367,燿華,11,0,11,華南永昌-虎尾,2024-04-30,9377
3234,光環,13,2,11,華南永昌-虎尾,2024-04-30,9377
2062,橋椿,10,0,10,華南永昌-虎尾,2024-04-30,9377
2606,裕民,10,0,10,華南永昌-虎尾,2024-04-30,9377
3038,全台,10,0,10,華南永昌-虎尾,2024-04-30,9377
5225,東科-KY,10,0,10,華南永昌-虎尾,2024-04-30,9377
5321,美而快,10,0,10,華南永昌-虎尾,2024-04-30,9377
5324,士開,10,0,10,華南永昌-虎尾,2024-04-30,9377
6219,富旺,10,0,10,華南永昌-虎尾,2024-04-30,9377
1785,光洋科,12,2,10,華南永昌-虎尾,2024-04-30,9377
1515,力山,9,0,9,華南永昌-虎尾,2024-04-30,9377
3019,亞光,10,1,9,華南永昌-虎尾,2024-04-30,9377
5425,台半,12,3,9,華南永昌-虎尾,2024-04-30,9377
5531,鄉林,19,10,9,華南永昌-虎尾,2024-04-30,9377
6218,豪勉,10,1,9,華南永昌-虎尾,2024-04-30,9377
00632R,元大台灣50反1,499,2,497,華南永昌-虎尾,2024-05-02,9377
1314,中石化,354,98,256,華南永昌-虎尾,2024-05-02,9377
2542,興富發,279,26,253,華南永昌-虎尾,2024-05-02,9377
00937B,群益ESG投等債20,243,0,243,華南永昌-虎尾,2024-05-02,9377
00929,復華台灣科技優息,153,2,151,華南永昌-虎尾,2024-05-02,9377
5009,榮剛,125,18,107,華南永昌-虎尾,2024-05-02,9377
2888,新光金,100,0,100,華南永昌-虎尾,2024-05-02,9377
6770,力積電,91,9,82,華南永昌-虎尾,2024-05-02,9377
3481,群創,101,23,78,華南永昌-虎尾,2024-05-02,9377
2610,華航,119,48,71,華南永昌-虎尾,2024-05-02,9377
5880,合庫金,70,0,70,華南永昌-虎尾,2024-05-02,9377
2515,中工,80,13,67,華南永昌-虎尾,2024-05-02,9377
2889,國票金,104,41,63,華南永昌-虎尾,2024-05-02,9377
2880,華南金,165,103,62,華南永昌-虎尾,2024-05-02,9377
3231,緯創,62,7,55,華南永昌-虎尾,2024-05-02,9377
2409,友達,73,19,54,華南永昌-虎尾,2024-05-02,9377
2607,榮運,51,0,51,華南永昌-虎尾,2024-05-02,9377
4526,東台,59,11,48,華南永昌-虎尾,2024-05-02,9377
8064,東捷,63,15,48,華南永昌-虎尾,2024-05-02,9377
00940,元大台灣價值高息,48,2,46,華南永昌-虎尾,2024-05-02,9377
3052,夆典,43,0,43,華南永昌-虎尾,2024-05-02,9377
4915,致伸,43,2,41,華南永昌-虎尾,2024-05-02,9377
3306,鼎天,50,10,40,華南永昌-虎尾,2024-05-02,9377
5452,佶優,30,0,30,華南永昌-虎尾,2024-05-02,9377
2023,燁輝,30,1,29,華南永昌-虎尾,2024-05-02,9377
1805,寶徠,28,0,28,華南永昌-虎尾,2024-05-02,9377
00919,群益台灣精選高息,35,9,26,華南永昌-虎尾,2024-05-02,9377
2603,長榮,36,12,24,華南永昌-虎尾,2024-05-02,9377
2641,正德,25,1,24,華南永昌-虎尾,2024-05-02,9377
00715L,期街口布蘭特正2,23,0,23,華南永昌-虎尾,2024-05-02,9377
3715,定穎投控,24,1,23,華南永昌-虎尾,2024-05-02,9377
6284,佳邦,33,11,22,華南永昌-虎尾,2024-05-02,9377
2801,彰銀,124,102,22,華南永昌-虎尾,2024-05-02,9377
3006,晶豪科,25,4,21,華南永昌-虎尾,2024-05-02,9377
00753L,中信中國50正2,60,40,20,華南永昌-虎尾,2024-05-02,9377
2371,大同,79,59,20,華南永昌-虎尾,2024-05-02,9377
2427,三商電,20,0,20,華南永昌-虎尾,2024-05-02,9377
2867,三商壽,20,0,20,華南永昌-虎尾,2024-05-02,9377
2367,燿華,30,11,19,華南永昌-虎尾,2024-05-02,9377
00878,國泰永續高股息,38,20,18,華南永昌-虎尾,2024-05-02,9377
2486,一詮,20,2,18,華南永昌-虎尾,2024-05-02,9377
3038,全台,20,2,18,華南永昌-虎尾,2024-05-02,9377
5371,中光電,21,4,17,華南永昌-虎尾,2024-05-02,9377
6140,訊達,28,11,17,華南永昌-虎尾,2024-05-02,9377
6125,廣運,32,16,16,華南永昌-虎尾,2024-05-02,9377
2330,台積電,22,7,15,華南永昌-虎尾,2024-05-02,9377
1440,南紡,21,7,14,華南永昌-虎尾,2024-05-02,9377
6244,茂迪,14,0,14,華南永昌-虎尾,2024-05-02,9377
6443,元晶,13,0,13,華南永昌-虎尾,2024-05-02,9377
6202,盛群,13,0,13,華南永昌-虎尾,2024-05-02,9377
00632R,元大台灣50反1,549,0,549,華南永昌-虎尾,2024-05-03,9377
5880,合庫金,200,8,192,華南永昌-虎尾,2024-05-03,9377
00929,復華台灣科技優息,91,7,84,華南永昌-虎尾,2024-05-03,9377
2610,華航,163,84,79,華南永昌-虎尾,2024-05-03,9377
5531,鄉林,81,7,74,華南永昌-虎尾,2024-05-03,9377
2303,聯電,112,39,73,華南永昌-虎尾,2024-05-03,9377
00937B,群益ESG投等債20,70,0,70,華南永昌-虎尾,2024-05-03,9377
2371,大同,84,23,61,華南永昌-虎尾,2024-05-03,9377
9945,潤泰新,107,63,44,華南永昌-虎尾,2024-05-03,9377
3052,夆典,42,0,42,華南永昌-虎尾,2024-05-03,9377
2323,中環,78,40,38,華南永昌-虎尾,2024-05-03,9377
2344,華邦電,35,0,35,華南永昌-虎尾,2024-05-03,9377
2542,興富發,64,31,33,華南永昌-虎尾,2024-05-03,9377
2363,矽統,49,19,30,華南永昌-虎尾,2024-05-03,9377
00940,元大台灣價值高息,30,0,30,華南永昌-虎尾,2024-05-03,9377
2374,佳能,42,14,28,華南永昌-虎尾,2024-05-03,9377
2634,漢翔,36,10,26,華南永昌-虎尾,2024-05-03,9377
2884,玉山金,25,1,24,華南永昌-虎尾,2024-05-03,9377
3231,緯創,27,4,23,華南永昌-虎尾,2024-05-03,9377
1608,華榮,32,9,23,華南永昌-虎尾,2024-05-03,9377
00650L,復華香港正2,22,0,22,華南永昌-虎尾,2024-05-03,9377
2506,太設,22,0,22,華南永昌-虎尾,2024-05-03,9377
2408,南亞科,23,1,22,華南永昌-虎尾,2024-05-03,9377
00941,中信上游半導體,22,1,21,華南永昌-虎尾,2024-05-03,9377
3030,德律,32,11,21,華南永昌-虎尾,2024-05-03,9377
2897,王道銀行,20,0,20,華南永昌-虎尾,2024-05-03,9377
5347,世界,22,3,19,華南永昌-虎尾,2024-05-03,9377
1316,上曜,75,57,18,華南永昌-虎尾,2024-05-03,9377
1615,大山,18,0,18,華南永昌-虎尾,2024-05-03,9377
6244,茂迪,17,0,17,華南永昌-虎尾,2024-05-03,9377
2330,台積電,22,5,17,華南永昌-虎尾,2024-05-03,9377
2206,三陽工業,26,10,16,華南永昌-虎尾,2024-05-03,9377
2449,京元電子,19,3,16,華南永昌-虎尾,2024-05-03,9377
4402,郡都開發,16,0,16,華南永昌-虎尾,2024-05-03,9377
2880,華南金,28,13,15,華南永昌-虎尾,2024-05-03,9377
00919,群益台灣精選高息,17,3,14,華南永昌-虎尾,2024-05-03,9377
2061,風青,14,0,14,華南永昌-虎尾,2024-05-03,9377
3512,皇龍,14,0,14,華南永昌-虎尾,2024-05-03,9377
1795,美時,17,4,13,華南永昌-虎尾,2024-05-03,9377
1808,潤隆,13,0,13,華南永昌-虎尾,2024-05-03,9377
2356,英業達,16,3,13,華南永昌-虎尾,2024-05-03,9377
5230,雷笛克光學,13,1,12,華南永昌-虎尾,2024-05-03,9377
00878,國泰永續高股息,12,0,12,華南永昌-虎尾,2024-05-03,9377
6770,力積電,158,147,11,華南永昌-虎尾,2024-05-03,9377
3013,晟銘電,13,2,11,華南永昌-虎尾,2024-05-03,9377
3056,富華新,16,5,11,華南永昌-虎尾,2024-05-03,9377
6443,元晶,13,2,11,華南永昌-虎尾,2024-05-03,9377
1514,亞力,27,17,10,華南永昌-虎尾,2024-05-03,9377
00679B,元大美債20年,10,0,10,華南永昌-虎尾,2024-05-03,9377
2913,農林,18,8,10,華南永昌-虎尾,2024-05-03,9377
00937B,群益ESG投等債20,170,7,163,華南永昌-虎尾,2024-05-06,9377
00878,國泰永續高股息,124,5,119,華南永昌-虎尾,2024-05-06,9377
6770,力積電,132,21,111,華南永昌-虎尾,2024-05-06,9377
00881,國泰台灣5G+,103,0,103,華南永昌-虎尾,2024-05-06,9377
2506,太設,100,0,100,華南永昌-虎尾,2024-05-06,9377
2705,六福,100,0,100,華南永昌-虎尾,2024-05-06,9377
2618,長榮航,101,8,93,華南永昌-虎尾,2024-05-06,9377
6257,矽格,70,1,69,華南永昌-虎尾,2024-05-06,9377
2886,兆豐金,68,4,64,華南永昌-虎尾,2024-05-06,9377
1815,富喬,62,2,60,華南永昌-虎尾,2024-05-06,9377
00945B,凱基美國非投等債,57,0,57,華南永昌-虎尾,2024-05-06,9377
2449,京元電子,86,30,56,華南永昌-虎尾,2024-05-06,9377
2511,太子,50,2,48,華南永昌-虎尾,2024-05-06,9377
00922,國泰台灣領袖50,45,1,44,華南永昌-虎尾,2024-05-06,9377
2633,台灣高鐵,62,18,44,華南永昌-虎尾,2024-05-06,9377
2867,三商壽,42,0,42,華南永昌-虎尾,2024-05-06,9377
2501,國建,52,13,39,華南永昌-虎尾,2024-05-06,9377
2374,佳能,47,11,36,華南永昌-虎尾,2024-05-06,9377
9945,潤泰新,66,31,35,華南永昌-虎尾,2024-05-06,9377
00637L,元大滬深300正2,65,30,35,華南永昌-虎尾,2024-05-06,9377
1605,華新,35,0,35,華南永昌-虎尾,2024-05-06,9377
00929,復華台灣科技優息,33,0,33,華南永昌-虎尾,2024-05-06,9377
2349,錸德,33,0,33,華南永昌-虎尾,2024-05-06,9377
3052,夆典,33,0,33,華南永昌-虎尾,2024-05-06,9377
2301,光寶科,42,10,32,華南永昌-虎尾,2024-05-06,9377
2363,矽統,49,18,31,華南永昌-虎尾,2024-05-06,9377
2882,國泰金,40,10,30,華南永昌-虎尾,2024-05-06,9377
2409,友達,32,3,29,華南永昌-虎尾,2024-05-06,9377
2888,新光金,74,46,28,華南永昌-虎尾,2024-05-06,9377
2611,志信,21,0,21,華南永昌-虎尾,2024-05-06,9377
2101,南港,24,4,20,華南永昌-虎尾,2024-05-06,9377
4956,光鋐,20,0,20,華南永昌-虎尾,2024-05-06,9377
9933,中鼎,19,0,19,華南永昌-虎尾,2024-05-06,9377
1808,潤隆,18,0,18,華南永昌-虎尾,2024-05-06,9377
1608,華榮,18,0,18,華南永昌-虎尾,2024-05-06,9377
2367,燿華,59,42,17,華南永昌-虎尾,2024-05-06,9377
00687B,國泰20年美債,16,0,16,華南永昌-虎尾,2024-05-06,9377
00632R,元大台灣50反1,16,0,16,華南永昌-虎尾,2024-05-06,9377
2609,陽明,40,24,16,華南永昌-虎尾,2024-05-06,9377
6177,達麗,33,18,15,華南永昌-虎尾,2024-05-06,9377
8033,雷虎,14,0,14,華南永昌-虎尾,2024-05-06,9377
3706,神達,19,5,14,華南永昌-虎尾,2024-05-06,9377
00751B,元大AAA至A公司債,12,0,12,華南永昌-虎尾,2024-05-06,9377
2515,中工,32,21,11,華南永昌-虎尾,2024-05-06,9377
1446,宏和,15,4,11,華南永昌-虎尾,2024-05-06,9377
3305,昇貿,11,0,11,華南永昌-虎尾,2024-05-06,9377
6215,和椿,13,2,11,華南永昌-虎尾,2024-05-06,9377
6282,康舒,11,0,11,華南永昌-虎尾,2024-05-06,9377
8064,東捷,12,1,11,華南永昌-虎尾,2024-05-06,9377
4303,信立,15,4,11,華南永昌-虎尾,2024-05-06,9377
1815,富喬,174,24,150,華南永昌-虎尾,2024-05-07,9377
2371,大同,139,10,129,華南永昌-虎尾,2024-05-07,9377
00940,元大台灣價值高息,132,4,128,華南永昌-虎尾,2024-05-07,9377
00929,復華台灣科技優息,118,12,106,華南永昌-虎尾,2024-05-07,9377
3056,富華新,102,1,101,華南永昌-虎尾,2024-05-07,9377
00650L,復華香港正2,96,0,96,華南永昌-虎尾,2024-05-07,9377
8271,宇瞻,91,0,91,華南永昌-虎尾,2024-05-07,9377
2897,王道銀行,126,50,76,華南永昌-虎尾,2024-05-07,9377
00720B,元大投資級公司債,62,0,62,華南永昌-虎尾,2024-05-07,9377
1708,東鹼,76,19,57,華南永昌-虎尾,2024-05-07,9377
2392,正崴,57,1,56,華南永昌-虎尾,2024-05-07,9377
00878,國泰永續高股息,61,6,55,華南永昌-虎尾,2024-05-07,9377
2845,遠東銀,60,5,55,華南永昌-虎尾,2024-05-07,9377
4904,遠傳,50,0,50,華南永昌-虎尾,2024-05-07,9377
1608,華榮,64,16,48,華南永昌-虎尾,2024-05-07,9377
6269,台郡,49,6,43,華南永昌-虎尾,2024-05-07,9377
2301,光寶科,45,4,41,華南永昌-虎尾,2024-05-07,9377
2520,冠德,66,25,41,華南永昌-虎尾,2024-05-07,9377
3052,夆典,40,0,40,華南永昌-虎尾,2024-05-07,9377
2501,國建,54,18,36,華南永昌-虎尾,2024-05-07,9377
2328,廣宇,38,4,34,華南永昌-虎尾,2024-05-07,9377
2472,立隆電,33,0,33,華南永昌-虎尾,2024-05-07,9377
2363,矽統,34,2,32,華南永昌-虎尾,2024-05-07,9377
00679B,元大美債20年,31,0,31,華南永昌-虎尾,2024-05-07,9377
2515,中工,38,10,28,華南永昌-虎尾,2024-05-07,9377
006208,富邦台50,26,0,26,華南永昌-虎尾,2024-05-07,9377
3024,憶聲,25,0,25,華南永昌-虎尾,2024-05-07,9377
2540,愛山林,23,0,23,華南永昌-虎尾,2024-05-07,9377
6125,廣運,58,35,23,華南永昌-虎尾,2024-05-07,9377
1570,力肯,20,0,20,華南永昌-虎尾,2024-05-07,9377
2323,中環,88,68,20,華南永昌-虎尾,2024-05-07,9377
00712,復華富時不動產,20,1,19,華南永昌-虎尾,2024-05-07,9377
2609,陽明,98,79,19,華南永昌-虎尾,2024-05-07,9377
00753L,中信中國50正2,20,2,18,華南永昌-虎尾,2024-05-07,9377
1808,潤隆,17,0,17,華南永昌-虎尾,2024-05-07,9377
2543,皇昌,17,0,17,華南永昌-虎尾,2024-05-07,9377
3013,晟銘電,104,88,16,華南永昌-虎尾,2024-05-07,9377
4967,十銓,17,3,14,華南永昌-虎尾,2024-05-07,9377
00632R,元大台灣50反1,14,0,14,華南永昌-虎尾,2024-05-07,9377
2409,友達,28,15,13,華南永昌-虎尾,2024-05-07,9377
1532,勤美,14,1,13,華南永昌-虎尾,2024-05-07,9377
5210,寶碩,13,0,13,華南永昌-虎尾,2024-05-07,9377
3163,波若威,17,4,13,華南永昌-虎尾,2024-05-07,9377
1905,華紙,12,0,12,華南永昌-虎尾,2024-05-07,9377
2208,台船,11,0,11,華南永昌-虎尾,2024-05-07,9377
2537,聯上發,11,0,11,華南永昌-虎尾,2024-05-07,9377
4402,郡都開發,11,0,11,華南永昌-虎尾,2024-05-07,9377
8088,品安,11,0,11,華南永昌-虎尾,2024-05-07,9377
2362,藍天,11,1,10,華南永昌-虎尾,2024-05-07,9377
3537,堡達,10,0,10,華南永昌-虎尾,2024-05-07,9377
1815,富喬,364,46,318,華南永昌-虎尾,2024-05-08,9377
3052,夆典,107,0,107,華南永昌-虎尾,2024-05-08,9377
1504,東元,108,3,105,華南永昌-虎尾,2024-05-08,9377
2374,佳能,117,21,96,華南永昌-虎尾,2024-05-08,9377
2609,陽明,184,90,94,華南永昌-虎尾,2024-05-08,9377
00937B,群益ESG投等債20,95,2,93,華南永昌-虎尾,2024-05-08,9377
2845,遠東銀,90,0,90,華南永昌-虎尾,2024-05-08,9377
00753L,中信中國50正2,92,20,72,華南永昌-虎尾,2024-05-08,9377
2369,菱生,70,0,70,華南永昌-虎尾,2024-05-08,9377
1108,幸福,70,11,59,華南永昌-虎尾,2024-05-08,9377
00637L,元大滬深300正2,65,18,47,華南永昌-虎尾,2024-05-08,9377
00664R,國泰臺灣加權反1,42,0,42,華南永昌-虎尾,2024-05-08,9377
00632R,元大台灣50反1,40,0,40,華南永昌-虎尾,2024-05-08,9377
2472,立隆電,41,2,39,華南永昌-虎尾,2024-05-08,9377
2867,三商壽,45,6,39,華南永昌-虎尾,2024-05-08,9377
00715L,期街口布蘭特正2,36,0,36,華南永昌-虎尾,2024-05-08,9377
00940,元大台灣價值高息,39,3,36,華南永昌-虎尾,2024-05-08,9377
5607,遠雄港,34,0,34,華南永昌-虎尾,2024-05-08,9377
5871,中租-KY,32,0,32,華南永昌-虎尾,2024-05-08,9377
1314,中石化,130,98,32,華南永昌-虎尾,2024-05-08,9377
4402,郡都開發,30,0,30,華南永昌-虎尾,2024-05-08,9377
2618,長榮航,72,43,29,華南永昌-虎尾,2024-05-08,9377
2344,華邦電,32,4,28,華南永昌-虎尾,2024-05-08,9377
5522,遠雄,27,0,27,華南永昌-虎尾,2024-05-08,9377
5608,四維航,30,4,26,華南永昌-虎尾,2024-05-08,9377
00878,國泰永續高股息,34,9,25,華南永昌-虎尾,2024-05-08,9377
6015,宏遠證,21,0,21,華南永昌-虎尾,2024-05-08,9377
2103,台橡,20,0,20,華南永昌-虎尾,2024-05-08,9377
2328,廣宇,33,13,20,華南永昌-虎尾,2024-05-08,9377
2405,輔信,20,0,20,華南永昌-虎尾,2024-05-08,9377
6189,豐藝,20,0,20,華南永昌-虎尾,2024-05-08,9377
1808,潤隆,17,1,16,華南永昌-虎尾,2024-05-08,9377
1616,億泰,18,2,16,華南永昌-虎尾,2024-05-08,9377
2208,台船,16,0,16,華南永昌-虎尾,2024-05-08,9377
2603,長榮,20,4,16,華南永昌-虎尾,2024-05-08,9377
6142,友勁,16,0,16,華南永昌-虎尾,2024-05-08,9377
2323,中環,55,39,16,華南永昌-虎尾,2024-05-08,9377
00857B,永豐20年美公債,15,0,15,華南永昌-虎尾,2024-05-08,9377
2855,統一證,16,1,15,華南永昌-虎尾,2024-05-08,9377
5864,致和證,15,0,15,華南永昌-虎尾,2024-05-08,9377
2634,漢翔,55,41,14,華南永昌-虎尾,2024-05-08,9377
1612,宏泰,22,8,14,華南永昌-虎尾,2024-05-08,9377
3036,文曄,13,0,13,華南永昌-虎尾,2024-05-08,9377
2359,所羅門,38,25,13,華南永昌-虎尾,2024-05-08,9377
6188,廣明,22,10,12,華南永昌-虎尾,2024-05-08,9377
2881,富邦金,14,2,12,華南永昌-虎尾,2024-05-08,9377
00687B,國泰20年美債,11,0,11,華南永昌-虎尾,2024-05-08,9377
1104,環泥,10,0,10,華南永昌-虎尾,2024-05-08,9377
00719B,元大美債1-3,10,0,10,華南永昌-虎尾,2024-05-08,9377
00633L,富邦上証正2,14,4,10,華南永昌-虎尾,2024-05-08,9377
5880,合庫金,204,0,204,華南永昌-虎尾,2024-05-09,9377
2610,華航,112,3,109,華南永昌-虎尾,2024-05-09,9377
00665L,富邦�琤肭磪囓�2,102,15,87,華南永昌-虎尾,2024-05-09,9377
00944,野村趨勢動能高息,116,37,79,華南永昌-虎尾,2024-05-09,9377
2880,華南金,77,1,76,華南永昌-虎尾,2024-05-09,9377
9945,潤泰新,84,12,72,華南永昌-虎尾,2024-05-09,9377
2501,國建,70,5,65,華南永昌-虎尾,2024-05-09,9377
00929,復華台灣科技優息,110,50,60,華南永昌-虎尾,2024-05-09,9377
2367,燿華,82,30,52,華南永昌-虎尾,2024-05-09,9377
00878,國泰永續高股息,54,3,51,華南永昌-虎尾,2024-05-09,9377
2801,彰銀,50,4,46,華南永昌-虎尾,2024-05-09,9377
00632R,元大台灣50反1,45,0,45,華南永昌-虎尾,2024-05-09,9377
3052,夆典,44,0,44,華南永昌-虎尾,2024-05-09,9377
2542,興富發,42,2,40,華南永昌-虎尾,2024-05-09,9377
2888,新光金,115,79,36,華南永昌-虎尾,2024-05-09,9377
2618,長榮航,53,19,34,華南永昌-虎尾,2024-05-09,9377
6438,迅得,36,3,33,華南永昌-虎尾,2024-05-09,9377
1101,台泥,35,3,32,華南永昌-虎尾,2024-05-09,9377
3231,緯創,34,2,32,華南永昌-虎尾,2024-05-09,9377
2408,南亞科,42,10,32,華南永昌-虎尾,2024-05-09,9377
2527,宏璟,35,4,31,華南永昌-虎尾,2024-05-09,9377
00650L,復華香港正2,30,0,30,華南永昌-虎尾,2024-05-09,9377
3047,訊舟,35,6,29,華南永昌-虎尾,2024-05-09,9377
1815,富喬,90,63,27,華南永昌-虎尾,2024-05-09,9377
2892,第一金,26,0,26,華南永昌-虎尾,2024-05-09,9377
6770,力積電,28,3,25,華南永昌-虎尾,2024-05-09,9377
1618,合機,28,4,24,華南永昌-虎尾,2024-05-09,9377
2449,京元電子,24,1,23,華南永昌-虎尾,2024-05-09,9377
3041,揚智,33,11,22,華南永昌-虎尾,2024-05-09,9377
2845,遠東銀,42,20,22,華南永昌-虎尾,2024-05-09,9377
6257,矽格,22,0,22,華南永昌-虎尾,2024-05-09,9377
2882,國泰金,30,9,21,華南永昌-虎尾,2024-05-09,9377
1570,力肯,20,0,20,華南永昌-虎尾,2024-05-09,9377
4167,松瑞藥,20,0,20,華南永昌-虎尾,2024-05-09,9377
2538,基泰,20,1,19,華南永昌-虎尾,2024-05-09,9377
6177,達麗,22,3,19,華南永昌-虎尾,2024-05-09,9377
2363,矽統,59,41,18,華南永昌-虎尾,2024-05-09,9377
2374,佳能,27,9,18,華南永昌-虎尾,2024-05-09,9377
2409,友達,28,10,18,華南永昌-虎尾,2024-05-09,9377
8096,擎亞,17,0,17,華南永昌-虎尾,2024-05-09,9377
2330,台積電,17,1,16,華南永昌-虎尾,2024-05-09,9377
2867,三商壽,15,0,15,華南永昌-虎尾,2024-05-09,9377
2485,兆赫,25,10,15,華南永昌-虎尾,2024-05-09,9377
00687B,國泰20年美債,15,0,15,華南永昌-虎尾,2024-05-09,9377
00936,台新永續高息中小,15,0,15,華南永昌-虎尾,2024-05-09,9377
3360,尚立,15,0,15,華南永昌-虎尾,2024-05-09,9377
6282,康舒,17,2,15,華南永昌-虎尾,2024-05-09,9377
1711,永光,16,2,14,華南永昌-虎尾,2024-05-09,9377
00940,元大台灣價值高息,25,12,13,華南永昌-虎尾,2024-05-09,9377
2061,風青,17,4,13,華南永昌-虎尾,2024-05-09,9377
3231,緯創,270,7,263,華南永昌-虎尾,2024-05-10,9377
5521,工信,213,10,203,華南永昌-虎尾,2024-05-10,9377
00936,台新永續高息中小,131,0,131,華南永昌-虎尾,2024-05-10,9377
00665L,富邦�琤肭磪囓�2,100,0,100,華南永昌-虎尾,2024-05-10,9377
00664R,國泰臺灣加權反1,100,0,100,華南永昌-虎尾,2024-05-10,9377
00650L,復華香港正2,90,0,90,華南永昌-虎尾,2024-05-10,9377
00946,群益科技高息成長,100,20,80,華南永昌-虎尾,2024-05-10,9377
2328,廣宇,81,5,76,華南永昌-虎尾,2024-05-10,9377
00632R,元大台灣50反1,70,0,70,華南永昌-虎尾,2024-05-10,9377
2371,大同,133,63,70,華南永昌-虎尾,2024-05-10,9377
3047,訊舟,60,0,60,華南永昌-虎尾,2024-05-10,9377
2303,聯電,67,13,54,華南永昌-虎尾,2024-05-10,9377
2405,輔信,52,0,52,華南永昌-虎尾,2024-05-10,9377
2486,一詮,69,17,52,華南永昌-虎尾,2024-05-10,9377
2489,瑞軒,60,10,50,華南永昌-虎尾,2024-05-10,9377
3052,夆典,42,0,42,華南永昌-虎尾,2024-05-10,9377
2344,華邦電,36,0,36,華南永昌-虎尾,2024-05-10,9377
2527,宏璟,38,2,36,華南永昌-虎尾,2024-05-10,9377
2313,華通,59,25,34,華南永昌-虎尾,2024-05-10,9377
8936,國統,36,2,34,華南永昌-虎尾,2024-05-10,9377
4916,事欣科,33,0,33,華南永昌-虎尾,2024-05-10,9377
8150,南茂,30,0,30,華南永昌-虎尾,2024-05-10,9377
9934,成霖,31,1,30,華南永昌-虎尾,2024-05-10,9377
3060,銘異,30,3,27,華南永昌-虎尾,2024-05-10,9377
2427,三商電,26,0,26,華南永昌-虎尾,2024-05-10,9377
6282,康舒,25,1,24,華南永昌-虎尾,2024-05-10,9377
00940,元大台灣價值高息,24,2,22,華南永昌-虎尾,2024-05-10,9377
00633L,富邦上証正2,22,2,20,華南永昌-虎尾,2024-05-10,9377
2349,錸德,20,0,20,華南永昌-虎尾,2024-05-10,9377
4402,郡都開發,20,0,20,華南永昌-虎尾,2024-05-10,9377
6202,盛群,21,1,20,華南永昌-虎尾,2024-05-10,9377
2801,彰銀,21,2,19,華南永昌-虎尾,2024-05-10,9377
00944,野村趨勢動能高息,23,6,17,華南永昌-虎尾,2024-05-10,9377
2605,新興,41,24,17,華南永昌-虎尾,2024-05-10,9377
2913,農林,19,2,17,華南永昌-虎尾,2024-05-10,9377
3583,辛耘,21,4,17,華南永昌-虎尾,2024-05-10,9377
2641,正德,21,5,16,華南永昌-虎尾,2024-05-10,9377
6226,光鼎,16,0,16,華南永昌-虎尾,2024-05-10,9377
2388,威盛,17,2,15,華南永昌-虎尾,2024-05-10,9377
2546,根基,15,0,15,華南永昌-虎尾,2024-05-10,9377
3481,群創,25,10,15,華南永昌-虎尾,2024-05-10,9377
2891,中信金,21,6,15,華南永昌-虎尾,2024-05-10,9377
3036,文曄,16,2,14,華南永昌-虎尾,2024-05-10,9377
1515,力山,12,0,12,華南永昌-虎尾,2024-05-10,9377
2542,興富發,11,0,11,華南永昌-虎尾,2024-05-10,9377
00933B,國泰10Y+金融債,11,0,11,華南永昌-虎尾,2024-05-10,9377
1605,華新,11,0,11,華南永昌-虎尾,2024-05-10,9377
1701,中化,11,0,11,華南永昌-虎尾,2024-05-10,9377
2374,佳能,33,22,11,華南永昌-虎尾,2024-05-10,9377
8112,至上,15,4,11,華南永昌-虎尾,2024-05-10,9377
00676R,富邦臺灣加權反1,1000,0,1000,華南永昌-虎尾,2024-05-13,9377
2349,錸德,277,0,277,華南永昌-虎尾,2024-05-13,9377
2888,新光金,222,31,191,華南永昌-虎尾,2024-05-13,9377
00915,凱基優選高股息30,189,0,189,華南永昌-虎尾,2024-05-13,9377
00935,野村臺灣新科技50,178,0,178,華南永昌-虎尾,2024-05-13,9377
1563,巧新,213,35,178,華南永昌-虎尾,2024-05-13,9377
2801,彰銀,163,1,162,華南永昌-虎尾,2024-05-13,9377
1710,東聯,143,0,143,華南永昌-虎尾,2024-05-13,9377
5521,工信,123,8,115,華南永昌-虎尾,2024-05-13,9377
2882,國泰金,106,12,94,華南永昌-虎尾,2024-05-13,9377
2002,中鋼,129,39,90,華南永昌-虎尾,2024-05-13,9377
2610,華航,224,134,90,華南永昌-虎尾,2024-05-13,9377
00937B,群益ESG投等債20,80,0,80,華南永昌-虎尾,2024-05-13,9377
00929,復華台灣科技優息,80,2,78,華南永昌-虎尾,2024-05-13,9377
2367,燿華,114,47,67,華南永昌-虎尾,2024-05-13,9377
2101,南港,44,0,44,華南永昌-虎尾,2024-05-13,9377
2317,鴻海,65,21,44,華南永昌-虎尾,2024-05-13,9377
00900,富邦特選高股息30,39,0,39,華南永昌-虎尾,2024-05-13,9377
00715L,期街口布蘭特正2,30,0,30,華南永昌-虎尾,2024-05-13,9377
9945,潤泰新,45,16,29,華南永昌-虎尾,2024-05-13,9377
6264,富裔,29,0,29,華南永昌-虎尾,2024-05-13,9377
3032,偉訓,28,1,27,華南永昌-虎尾,2024-05-13,9377
00939,統一台灣高息動能,24,0,24,華南永昌-虎尾,2024-05-13,9377
8936,國統,27,3,24,華南永昌-虎尾,2024-05-13,9377
00944,野村趨勢動能高息,23,0,23,華南永昌-虎尾,2024-05-13,9377
8050,廣積,23,0,23,華南永昌-虎尾,2024-05-13,9377
00940,元大台灣價值高息,30,8,22,華南永昌-虎尾,2024-05-13,9377
8033,雷虎,26,4,22,華南永昌-虎尾,2024-05-13,9377
2489,瑞軒,32,10,22,華南永昌-虎尾,2024-05-13,9377
2618,長榮航,84,63,21,華南永昌-虎尾,2024-05-13,9377
3167,大量,21,0,21,華南永昌-虎尾,2024-05-13,9377
4562,穎漢,25,4,21,華南永昌-虎尾,2024-05-13,9377
2363,矽統,73,52,21,華南永昌-虎尾,2024-05-13,9377
0055,元大MSCI金融,20,0,20,華南永昌-虎尾,2024-05-13,9377
00637L,元大滬深300正2,70,50,20,華南永昌-虎尾,2024-05-13,9377
00633L,富邦上証正2,20,0,20,華南永昌-虎尾,2024-05-13,9377
1447,力鵬,30,10,20,華南永昌-虎尾,2024-05-13,9377
2449,京元電子,26,8,18,華南永昌-虎尾,2024-05-13,9377
3013,晟銘電,34,16,18,華南永昌-虎尾,2024-05-13,9377
2881,富邦金,23,5,18,華南永昌-虎尾,2024-05-13,9377
1785,光洋科,21,5,16,華南永昌-虎尾,2024-05-13,9377
3036,文曄,18,2,16,華南永昌-虎尾,2024-05-13,9377
5009,榮剛,17,1,16,華南永昌-虎尾,2024-05-13,9377
00907,永豐優息存股,15,0,15,華南永昌-虎尾,2024-05-13,9377
2705,六福,15,0,15,華南永昌-虎尾,2024-05-13,9377
5519,隆大,16,1,15,華南永昌-虎尾,2024-05-13,9377
2603,長榮,34,20,14,華南永昌-虎尾,2024-05-13,9377
2486,一詮,37,23,14,華南永昌-虎尾,2024-05-13,9377
6189,豐藝,14,0,14,華南永昌-虎尾,2024-05-13,9377
2515,中工,23,10,13,華南永昌-虎尾,2024-05-13,9377
2801,彰銀,234,3,231,華南永昌-虎尾,2024-05-14,9377
00935,野村臺灣新科技50,220,1,219,華南永昌-虎尾,2024-05-14,9377
2371,大同,210,26,184,華南永昌-虎尾,2024-05-14,9377
1563,巧新,97,6,91,華南永昌-虎尾,2024-05-14,9377
00650L,復華香港正2,74,0,74,華南永昌-虎尾,2024-05-14,9377
00878,國泰永續高股息,74,1,73,華南永昌-虎尾,2024-05-14,9377
6219,富旺,71,0,71,華南永昌-虎尾,2024-05-14,9377
00637L,元大滬深300正2,80,20,60,華南永昌-虎尾,2024-05-14,9377
1615,大山,49,0,49,華南永昌-虎尾,2024-05-14,9377
2317,鴻海,71,24,47,華南永昌-虎尾,2024-05-14,9377
2303,聯電,52,8,44,華南永昌-虎尾,2024-05-14,9377
2485,兆赫,60,20,40,華南永昌-虎尾,2024-05-14,9377
00753L,中信中國50正2,42,2,40,華南永昌-虎尾,2024-05-14,9377
00922,國泰台灣領袖50,40,2,38,華南永昌-虎尾,2024-05-14,9377
2353,宏��,92,59,33,華南永昌-虎尾,2024-05-14,9377
8050,廣積,32,0,32,華南永昌-虎尾,2024-05-14,9377
2332,友訊,32,0,32,華南永昌-虎尾,2024-05-14,9377
2472,立隆電,33,1,32,華南永昌-虎尾,2024-05-14,9377
00712,復華富時不動產,30,0,30,華南永昌-虎尾,2024-05-14,9377
2349,錸德,30,0,30,華南永昌-虎尾,2024-05-14,9377
3217,優群,30,0,30,華南永昌-虎尾,2024-05-14,9377
2606,裕民,47,18,29,華南永昌-虎尾,2024-05-14,9377
3047,訊舟,35,7,28,華南永昌-虎尾,2024-05-14,9377
6264,富裔,28,0,28,華南永昌-虎尾,2024-05-14,9377
0050,元大台灣50,25,0,25,華南永昌-虎尾,2024-05-14,9377
2501,國建,34,10,24,華南永昌-虎尾,2024-05-14,9377
2328,廣宇,22,0,22,華南永昌-虎尾,2024-05-14,9377
2313,華通,21,2,19,華南永昌-虎尾,2024-05-14,9377
3033,威健,21,2,19,華南永昌-虎尾,2024-05-14,9377
1101,台泥,33,14,19,華南永昌-虎尾,2024-05-14,9377
2427,三商電,18,0,18,華南永昌-虎尾,2024-05-14,9377
2615,萬海,174,156,18,華南永昌-虎尾,2024-05-14,9377
6770,力積電,68,53,15,華南永昌-虎尾,2024-05-14,9377
5871,中租-KY,16,1,15,華南永昌-虎尾,2024-05-14,9377
6207,雷科,16,2,14,華南永昌-虎尾,2024-05-14,9377
2374,佳能,129,116,13,華南永昌-虎尾,2024-05-14,9377
6140,訊達,15,2,13,華南永昌-虎尾,2024-05-14,9377
2352,佳世達,14,1,13,華南永昌-虎尾,2024-05-14,9377
2329,華泰,13,1,12,華南永昌-虎尾,2024-05-14,9377
2362,藍天,12,0,12,華南永昌-虎尾,2024-05-14,9377
1589,永冠-KY,11,0,11,華南永昌-虎尾,2024-05-14,9377
0055,元大MSCI金融,11,0,11,華南永昌-虎尾,2024-05-14,9377
2323,中環,79,68,11,華南永昌-虎尾,2024-05-14,9377
2834,臺企銀,11,0,11,華南永昌-虎尾,2024-05-14,9377
3490,單井,15,4,11,華南永昌-虎尾,2024-05-14,9377
5522,遠雄,12,1,11,華南永昌-虎尾,2024-05-14,9377
00632R,元大台灣50反1,10,0,10,華南永昌-虎尾,2024-05-14,9377
00927,群益半導體收益,10,0,10,華南永昌-虎尾,2024-05-14,9377
2611,志信,10,0,10,華南永昌-虎尾,2024-05-14,9377
2705,六福,10,0,10,華南永昌-虎尾,2024-05-14,9377
00891,中信關鍵半導體,407,0,407,華南永昌-虎尾,2024-05-15,9377
00632R,元大台灣50反1,371,0,371,華南永昌-虎尾,2024-05-15,9377
2382,廣達,271,69,202,華南永昌-虎尾,2024-05-15,9377
1563,巧新,190,2,188,華南永昌-虎尾,2024-05-15,9377
2323,中環,246,150,96,華南永昌-虎尾,2024-05-15,9377
00937B,群益ESG投等債20,81,1,80,華南永昌-虎尾,2024-05-15,9377
4123,晟德,76,1,75,華南永昌-虎尾,2024-05-15,9377
6026,福邦證,63,0,63,華南永昌-虎尾,2024-05-15,9377
8103,瀚荃,60,0,60,華南永昌-虎尾,2024-05-15,9377
00857B,永豐20年美公債,50,0,50,華南永昌-虎尾,2024-05-15,9377
6163,華電網,51,1,50,華南永昌-虎尾,2024-05-15,9377
2516,新建,47,0,47,華南永昌-虎尾,2024-05-15,9377
00715L,期街口布蘭特正2,46,0,46,華南永昌-虎尾,2024-05-15,9377
2486,一詮,87,47,40,華南永昌-虎尾,2024-05-15,9377
3049,精金,40,0,40,華南永昌-虎尾,2024-05-15,9377
2328,廣宇,36,0,36,華南永昌-虎尾,2024-05-15,9377
4956,光鋐,34,0,34,華南永昌-虎尾,2024-05-15,9377
2355,敬鵬,33,1,32,華南永昌-虎尾,2024-05-15,9377
1537,廣隆,31,0,31,華南永昌-虎尾,2024-05-15,9377
5521,工信,30,0,30,華南永昌-虎尾,2024-05-15,9377
1304,台聚,30,0,30,華南永昌-虎尾,2024-05-15,9377
4952,凌通,30,0,30,華南永昌-虎尾,2024-05-15,9377
6166,凌華,30,0,30,華南永昌-虎尾,2024-05-15,9377
00919,群益台灣精選高息,53,24,29,華南永昌-虎尾,2024-05-15,9377
2618,長榮航,45,18,27,華南永昌-虎尾,2024-05-15,9377
3060,銘異,29,2,27,華南永昌-虎尾,2024-05-15,9377
00637L,元大滬深300正2,65,40,25,華南永昌-虎尾,2024-05-15,9377
2489,瑞軒,30,5,25,華南永昌-虎尾,2024-05-15,9377
2405,輔信,46,22,24,華南永昌-虎尾,2024-05-15,9377
2406,國碩,66,42,24,華南永昌-虎尾,2024-05-15,9377
2603,長榮,41,21,20,華南永昌-虎尾,2024-05-15,9377
2547,日勝生,19,0,19,華南永昌-虎尾,2024-05-15,9377
6108,競國,19,0,19,華南永昌-虎尾,2024-05-15,9377
1447,力鵬,19,0,19,華南永昌-虎尾,2024-05-15,9377
6264,富裔,18,0,18,華南永昌-虎尾,2024-05-15,9377
3605,宏致,17,0,17,華南永昌-虎尾,2024-05-15,9377
6770,力積電,34,17,17,華南永昌-虎尾,2024-05-15,9377
3706,神達,40,24,16,華南永昌-虎尾,2024-05-15,9377
3047,訊舟,35,19,16,華南永昌-虎尾,2024-05-15,9377
1201,味全,15,0,15,華南永昌-虎尾,2024-05-15,9377
1220,台榮,21,6,15,華南永昌-虎尾,2024-05-15,9377
4402,郡都開發,15,0,15,華南永昌-虎尾,2024-05-15,9377
5519,隆大,13,0,13,華南永昌-虎尾,2024-05-15,9377
00932,兆豐永續高息等權,13,0,13,華南永昌-虎尾,2024-05-15,9377
2867,三商壽,30,18,12,華南永昌-虎尾,2024-05-15,9377
4906,正文,12,0,12,華南永昌-虎尾,2024-05-15,9377
5531,鄉林,13,1,12,華南永昌-虎尾,2024-05-15,9377
6790,永豐實,12,0,12,華南永昌-虎尾,2024-05-15,9377
3234,光環,15,3,12,華南永昌-虎尾,2024-05-15,9377
1609,大亞,14,3,11,華南永昌-虎尾,2024-05-15,9377
1563,巧新,251,0,251,華南永昌-虎尾,2024-05-16,9377
2101,南港,164,9,155,華南永昌-虎尾,2024-05-16,9377
2609,陽明,223,119,104,華南永昌-虎尾,2024-05-16,9377
00881,國泰台灣5G+,100,1,99,華南永昌-虎尾,2024-05-16,9377
2888,新光金,96,2,94,華南永昌-虎尾,2024-05-16,9377
00929,復華台灣科技優息,65,2,63,華南永昌-虎尾,2024-05-16,9377
6284,佳邦,60,0,60,華南永昌-虎尾,2024-05-16,9377
00680L,元大美債20正2,52,0,52,華南永昌-虎尾,2024-05-16,9377
1447,力鵬,61,10,51,華南永昌-虎尾,2024-05-16,9377
3052,夆典,45,0,45,華南永昌-虎尾,2024-05-16,9377
3231,緯創,56,11,45,華南永昌-虎尾,2024-05-16,9377
3360,尚立,50,7,43,華南永昌-虎尾,2024-05-16,9377
6215,和椿,53,19,34,華南永昌-虎尾,2024-05-16,9377
5353,台林,34,0,34,華南永昌-虎尾,2024-05-16,9377
2301,光寶科,32,1,31,華南永昌-虎尾,2024-05-16,9377
00655L,國泰中國A50正2,30,0,30,華南永昌-虎尾,2024-05-16,9377
6613,朋億*,30,0,30,華南永昌-虎尾,2024-05-16,9377
2356,英業達,59,31,28,華南永昌-虎尾,2024-05-16,9377
2405,輔信,52,26,26,華南永昌-虎尾,2024-05-16,9377
3163,波若威,28,2,26,華南永昌-虎尾,2024-05-16,9377
1785,光洋科,23,0,23,華南永昌-虎尾,2024-05-16,9377
2464,盟立,39,16,23,華南永昌-虎尾,2024-05-16,9377
1220,台榮,28,5,23,華南永昌-虎尾,2024-05-16,9377
2382,廣達,79,57,22,華南永昌-虎尾,2024-05-16,9377
00937B,群益ESG投等債20,64,42,22,華南永昌-虎尾,2024-05-16,9377
2408,南亞科,21,0,21,華南永昌-虎尾,2024-05-16,9377
2317,鴻海,65,45,20,華南永昌-虎尾,2024-05-16,9377
3481,群創,30,10,20,華南永昌-虎尾,2024-05-16,9377
1319,東陽,20,0,20,華南永昌-虎尾,2024-05-16,9377
00669R,國泰美國道瓊反1,20,0,20,華南永昌-虎尾,2024-05-16,9377
2371,大同,31,11,20,華南永昌-虎尾,2024-05-16,9377
6166,凌華,20,0,20,華南永昌-虎尾,2024-05-16,9377
1612,宏泰,25,6,19,華南永昌-虎尾,2024-05-16,9377
1608,華榮,44,25,19,華南永昌-虎尾,2024-05-16,9377
5531,鄉林,17,0,17,華南永昌-虎尾,2024-05-16,9377
2486,一詮,34,17,17,華南永昌-虎尾,2024-05-16,9377
2504,國產,20,4,16,華南永昌-虎尾,2024-05-16,9377
2515,中工,21,6,15,華南永昌-虎尾,2024-05-16,9377
2201,裕隆,25,10,15,華南永昌-虎尾,2024-05-16,9377
2885,元大金,16,1,15,華南永昌-虎尾,2024-05-16,9377
00945B,凱基美國非投等債,14,0,14,華南永昌-虎尾,2024-05-16,9377
5009,榮剛,14,0,14,華南永昌-虎尾,2024-05-16,9377
3702,大聯大,13,0,13,華南永昌-虎尾,2024-05-16,9377
5210,寶碩,13,0,13,華南永昌-虎尾,2024-05-16,9377
2406,國碩,22,10,12,華南永昌-虎尾,2024-05-16,9377
2034,允強,11,0,11,華南永昌-虎尾,2024-05-16,9377
8182,加高,11,0,11,華南永昌-虎尾,2024-05-16,9377
2337,旺宏,22,11,11,華南永昌-虎尾,2024-05-16,9377
2451,創見,10,0,10,華南永昌-虎尾,2024-05-16,9377
1616,億泰,10,0,10,華南永昌-虎尾,2024-05-16,9377
2489,瑞軒,568,70,498,華南永昌-虎尾,2024-05-17,9377
2867,三商壽,358,98,260,華南永昌-虎尾,2024-05-17,9377
2511,太子,130,0,130,華南永昌-虎尾,2024-05-17,9377
4306,炎洲,112,10,102,華南永昌-虎尾,2024-05-17,9377
2349,錸德,122,26,96,華南永昌-虎尾,2024-05-17,9377
00929,復華台灣科技優息,81,0,81,華南永昌-虎尾,2024-05-17,9377
6264,富裔,80,0,80,華南永昌-虎尾,2024-05-17,9377
6770,力積電,93,28,65,華南永昌-虎尾,2024-05-17,9377
1605,華新,65,10,55,華南永昌-虎尾,2024-05-17,9377
9945,潤泰新,72,18,54,華南永昌-虎尾,2024-05-17,9377
1563,巧新,62,10,52,華南永昌-虎尾,2024-05-17,9377
2408,南亞科,48,1,47,華南永昌-虎尾,2024-05-17,9377
00922,國泰台灣領袖50,44,0,44,華南永昌-虎尾,2024-05-17,9377
2338,光罩,40,0,40,華南永昌-虎尾,2024-05-17,9377
2609,陽明,53,16,37,華南永昌-虎尾,2024-05-17,9377
2630,亞航,40,3,37,華南永昌-虎尾,2024-05-17,9377
6257,矽格,34,0,34,華南永昌-虎尾,2024-05-17,9377
2002,中鋼,33,0,33,華南永昌-虎尾,2024-05-17,9377
00878,國泰永續高股息,35,4,31,華南永昌-虎尾,2024-05-17,9377
00902,中信電池及儲能,30,0,30,華南永昌-虎尾,2024-05-17,9377
00650L,復華香港正2,30,0,30,華南永昌-虎尾,2024-05-17,9377
3047,訊舟,48,19,29,華南永昌-虎尾,2024-05-17,9377
2603,長榮,33,7,26,華南永昌-虎尾,2024-05-17,9377
2303,聯電,53,27,26,華南永昌-虎尾,2024-05-17,9377
5351,鈺創,28,3,25,華南永昌-虎尾,2024-05-17,9377
3576,聯合再生,89,68,21,華南永昌-虎尾,2024-05-17,9377
1442,名軒,20,0,20,華南永昌-虎尾,2024-05-17,9377
00637L,元大滬深300正2,60,40,20,華南永昌-虎尾,2024-05-17,9377
2617,台航,20,0,20,華南永昌-虎尾,2024-05-17,9377
00940,元大台灣價值高息,22,3,19,華南永昌-虎尾,2024-05-17,9377
2888,新光金,21,2,19,華南永昌-虎尾,2024-05-17,9377
3260,威剛,24,5,19,華南永昌-虎尾,2024-05-17,9377
2431,聯昌,18,0,18,華南永昌-虎尾,2024-05-17,9377
2514,龍邦,26,9,17,華南永昌-虎尾,2024-05-17,9377
3706,神達,19,3,16,華南永昌-虎尾,2024-05-17,9377
2023,燁輝,15,0,15,華南永昌-虎尾,2024-05-17,9377
3013,晟銘電,33,18,15,華南永昌-虎尾,2024-05-17,9377
8182,加高,15,0,15,華南永昌-虎尾,2024-05-17,9377
2641,正德,15,0,15,華南永昌-虎尾,2024-05-17,9377
2905,三商,14,0,14,華南永昌-虎尾,2024-05-17,9377
1615,大山,12,0,12,華南永昌-虎尾,2024-05-17,9377
4545,銘鈺,12,0,12,華南永昌-虎尾,2024-05-17,9377
4908,前鼎,12,0,12,華南永昌-虎尾,2024-05-17,9377
006205,富邦上証,10,0,10,華南永昌-虎尾,2024-05-17,9377
2034,允強,10,0,10,華南永昌-虎尾,2024-05-17,9377
2412,中華電,10,0,10,華南永昌-虎尾,2024-05-17,9377
3257,虹冠電,10,0,10,華南永昌-虎尾,2024-05-17,9377
5355,佳總,10,0,10,華南永昌-虎尾,2024-05-17,9377
2515,中工,31,22,9,華南永昌-虎尾,2024-05-17,9377
2915,潤泰全,11,2,9,華南永昌-虎尾,2024-05-17,9377
1563,巧新,411,83,328,華南永昌-虎尾,2024-05-20,9377
2610,華航,287,23,264,華南永昌-虎尾,2024-05-20,9377
00929,復華台灣科技優息,161,0,161,華南永昌-虎尾,2024-05-20,9377
00937B,群益ESG投等債20,143,4,139,華南永昌-虎尾,2024-05-20,9377
2867,三商壽,142,21,121,華南永昌-虎尾,2024-05-20,9377
2406,國碩,108,10,98,華南永昌-虎尾,2024-05-20,9377
6770,力積電,118,22,96,華南永昌-虎尾,2024-05-20,9377
1409,新纖,100,5,95,華南永昌-虎尾,2024-05-20,9377
00753L,中信中國50正2,190,120,70,華南永昌-虎尾,2024-05-20,9377
00940,元大台灣價值高息,126,62,64,華南永昌-虎尾,2024-05-20,9377
2442,新美齊,57,7,50,華南永昌-虎尾,2024-05-20,9377
2641,正德,46,0,46,華南永昌-虎尾,2024-05-20,9377
2501,國建,45,4,41,華南永昌-虎尾,2024-05-20,9377
00712,復華富時不動產,40,0,40,華南永昌-虎尾,2024-05-20,9377
3402,漢科,40,0,40,華南永昌-虎尾,2024-05-20,9377
2349,錸德,49,10,39,華南永昌-虎尾,2024-05-20,9377
8182,加高,39,0,39,華南永昌-虎尾,2024-05-20,9377
00650L,復華香港正2,38,0,38,華南永昌-虎尾,2024-05-20,9377
3305,昇貿,35,2,33,華南永昌-虎尾,2024-05-20,9377
5225,東科-KY,32,0,32,華南永昌-虎尾,2024-05-20,9377
3715,定穎投控,31,0,31,華南永昌-虎尾,2024-05-20,9377
1532,勤美,31,0,31,華南永昌-虎尾,2024-05-20,9377
00673R,期元大S＆P原油反1,30,0,30,華南永昌-虎尾,2024-05-20,9377
6284,佳邦,26,0,26,華南永昌-虎尾,2024-05-20,9377
3231,緯創,44,21,23,華南永昌-虎尾,2024-05-20,9377
2363,矽統,51,29,22,華南永昌-虎尾,2024-05-20,9377
2374,佳能,53,32,21,華南永昌-虎尾,2024-05-20,9377
2630,亞航,20,0,20,華南永昌-虎尾,2024-05-20,9377
2731,雄獅,24,4,20,華南永昌-虎尾,2024-05-20,9377
00882,中信中國高股息,19,0,19,華南永昌-虎尾,2024-05-20,9377
6125,廣運,70,52,18,華南永昌-虎尾,2024-05-20,9377
1609,大亞,54,36,18,華南永昌-虎尾,2024-05-20,9377
1446,宏和,17,0,17,華南永昌-虎尾,2024-05-20,9377
3037,欣興,14,0,14,華南永昌-虎尾,2024-05-20,9377
2882,國泰金,24,10,14,華南永昌-虎尾,2024-05-20,9377
2609,陽明,34,20,14,華南永昌-虎尾,2024-05-20,9377
3234,光環,13,0,13,華南永昌-虎尾,2024-05-20,9377
2615,萬海,13,0,13,華南永昌-虎尾,2024-05-20,9377
1795,美時,21,8,13,華南永昌-虎尾,2024-05-20,9377
8110,華東,13,1,12,華南永昌-虎尾,2024-05-20,9377
2476,鉅祥,12,0,12,華南永昌-虎尾,2024-05-20,9377
5009,榮剛,12,1,11,華南永昌-虎尾,2024-05-20,9377
2317,鴻海,26,15,11,華南永昌-虎尾,2024-05-20,9377
2401,凌陽,18,7,11,華南永昌-虎尾,2024-05-20,9377
6227,茂綸,11,0,11,華南永昌-虎尾,2024-05-20,9377
2204,中華,11,0,11,華南永昌-虎尾,2024-05-20,9377
2887,台新金,11,1,10,華南永昌-虎尾,2024-05-20,9377
8033,雷虎,10,0,10,華南永昌-虎尾,2024-05-20,9377
00632R,元大台灣50反1,10,0,10,華南永昌-虎尾,2024-05-20,9377
00945B,凱基美國非投等債,10,0,10,華南永昌-虎尾,2024-05-20,9377
1563,巧新,266,2,264,華南永昌-虎尾,2024-05-21,9377
1409,新纖,210,1,209,華南永昌-虎尾,2024-05-21,9377
00929,復華台灣科技優息,153,3,150,華南永昌-虎尾,2024-05-21,9377
00753L,中信中國50正2,220,100,120,華南永昌-虎尾,2024-05-21,9377
2610,華航,122,8,114,華南永昌-虎尾,2024-05-21,9377
2636,台驊控股,97,0,97,華南永昌-虎尾,2024-05-21,9377
2323,中環,130,50,80,華南永昌-虎尾,2024-05-21,9377
2365,昆盈,100,38,62,華南永昌-虎尾,2024-05-21,9377
2511,太子,60,0,60,華南永昌-虎尾,2024-05-21,9377
3325,旭品,56,4,52,華南永昌-虎尾,2024-05-21,9377
1314,中石化,71,20,51,華南永昌-虎尾,2024-05-21,9377
2890,永豐金,44,0,44,華南永昌-虎尾,2024-05-21,9377
2027,大成鋼,43,2,41,華南永昌-虎尾,2024-05-21,9377
00937B,群益ESG投等債20,38,0,38,華南永昌-虎尾,2024-05-21,9377
4956,光鋐,36,0,36,華南永昌-虎尾,2024-05-21,9377
5519,隆大,37,3,34,華南永昌-虎尾,2024-05-21,9377
00940,元大台灣價值高息,43,10,33,華南永昌-虎尾,2024-05-21,9377
5426,振發,44,12,32,華南永昌-虎尾,2024-05-21,9377
8050,廣積,47,15,32,華南永昌-虎尾,2024-05-21,9377
3052,夆典,28,0,28,華南永昌-虎尾,2024-05-21,9377
2609,陽明,34,6,28,華南永昌-虎尾,2024-05-21,9377
2489,瑞軒,45,21,24,華南永昌-虎尾,2024-05-21,9377
1312,國喬,23,0,23,華南永昌-虎尾,2024-05-21,9377
2887,台新金,22,0,22,華南永昌-虎尾,2024-05-21,9377
00679B,元大美債20年,21,0,21,華南永昌-虎尾,2024-05-21,9377
2801,彰銀,31,10,21,華南永昌-虎尾,2024-05-21,9377
00665L,富邦�琤肭磪囓�2,20,0,20,華南永昌-虎尾,2024-05-21,9377
1527,鑽全,20,0,20,華南永昌-虎尾,2024-05-21,9377
1752,南光,20,0,20,華南永昌-虎尾,2024-05-21,9377
2442,新美齊,20,0,20,華南永昌-虎尾,2024-05-21,9377
2515,中工,19,0,19,華南永昌-虎尾,2024-05-21,9377
1101,台泥,20,1,19,華南永昌-虎尾,2024-05-21,9377
2867,三商壽,25,6,19,華南永昌-虎尾,2024-05-21,9377
1301,台塑,18,0,18,華南永昌-虎尾,2024-05-21,9377
1303,南亞,18,0,18,華南永昌-虎尾,2024-05-21,9377
2633,台灣高鐵,21,3,18,華南永昌-虎尾,2024-05-21,9377
00939,統一台灣高息動能,18,0,18,華南永昌-虎尾,2024-05-21,9377
9105,泰金寶-DR,40,23,17,華南永昌-虎尾,2024-05-21,9377
1504,東元,25,8,17,華南永昌-虎尾,2024-05-21,9377
1815,富喬,107,91,16,華南永昌-虎尾,2024-05-21,9377
2618,長榮航,78,63,15,華南永昌-虎尾,2024-05-21,9377
8182,加高,15,0,15,華南永昌-虎尾,2024-05-21,9377
4533,協易機,40,25,15,華南永昌-虎尾,2024-05-21,9377
00688L,國泰20年美債正2,14,0,14,華南永昌-虎尾,2024-05-21,9377
3060,銘異,17,3,14,華南永昌-虎尾,2024-05-21,9377
3360,尚立,33,20,13,華南永昌-虎尾,2024-05-21,9377
1799,易威,12,0,12,華南永昌-虎尾,2024-05-21,9377
2344,華邦電,12,0,12,華南永昌-虎尾,2024-05-21,9377
2883,凱基金,22,10,12,華南永昌-虎尾,2024-05-21,9377
2888,新光金,46,34,12,華南永昌-虎尾,2024-05-21,9377
00881,國泰台灣5G+,200,0,200,華南永昌-虎尾,2024-05-22,9377
2489,瑞軒,300,121,179,華南永昌-虎尾,2024-05-22,9377
00937B,群益ESG投等債20,116,3,113,華南永昌-虎尾,2024-05-22,9377
2002,中鋼,105,0,105,華南永昌-虎尾,2024-05-22,9377
8096,擎亞,103,5,98,華南永昌-虎尾,2024-05-22,9377
00632R,元大台灣50反1,67,0,67,華南永昌-虎尾,2024-05-22,9377
2354,鴻準,94,33,61,華南永昌-虎尾,2024-05-22,9377
00935,野村臺灣新科技50,60,0,60,華南永昌-虎尾,2024-05-22,9377
00891,中信關鍵半導體,60,1,59,華南永昌-虎尾,2024-05-22,9377
1563,巧新,51,2,49,華南永昌-虎尾,2024-05-22,9377
2356,英業達,66,17,49,華南永昌-虎尾,2024-05-22,9377
00665L,富邦�琤肭磪囓�2,45,0,45,華南永昌-虎尾,2024-05-22,9377
6284,佳邦,43,0,43,華南永昌-虎尾,2024-05-22,9377
4960,誠美材,81,41,40,華南永昌-虎尾,2024-05-22,9377
6116,彩晶,98,58,40,華南永昌-虎尾,2024-05-22,9377
2618,長榮航,94,55,39,華南永昌-虎尾,2024-05-22,9377
6257,矽格,52,16,36,華南永昌-虎尾,2024-05-22,9377
3052,夆典,32,0,32,華南永昌-虎尾,2024-05-22,9377
2344,華邦電,34,3,31,華南永昌-虎尾,2024-05-22,9377
3060,銘異,61,31,30,華南永昌-虎尾,2024-05-22,9377
00753L,中信中國50正2,51,21,30,華南永昌-虎尾,2024-05-22,9377
3059,華晶科,53,23,30,華南永昌-虎尾,2024-05-22,9377
5519,隆大,29,0,29,華南永昌-虎尾,2024-05-22,9377
2504,國產,29,0,29,華南永昌-虎尾,2024-05-22,9377
2331,精英,30,3,27,華南永昌-虎尾,2024-05-22,9377
2340,台亞,26,0,26,華南永昌-虎尾,2024-05-22,9377
3686,達能,34,9,25,華南永昌-虎尾,2024-05-22,9377
6245,立端,24,0,24,華南永昌-虎尾,2024-05-22,9377
3013,晟銘電,53,30,23,華南永昌-虎尾,2024-05-22,9377
6189,豐藝,23,0,23,華南永昌-虎尾,2024-05-22,9377
6275,元山,24,1,23,華南永昌-虎尾,2024-05-22,9377
00715L,期街口布蘭特正2,21,0,21,華南永昌-虎尾,2024-05-22,9377
2486,一詮,56,35,21,華南永昌-虎尾,2024-05-22,9377
2891,中信金,20,0,20,華南永昌-虎尾,2024-05-22,9377
2062,橋椿,20,0,20,華南永昌-虎尾,2024-05-22,9377
2485,兆赫,70,50,20,華南永昌-虎尾,2024-05-22,9377
2630,亞航,20,0,20,華南永昌-虎尾,2024-05-22,9377
3260,威剛,28,8,20,華南永昌-虎尾,2024-05-22,9377
00905,FT臺灣Smart,20,1,19,華南永昌-虎尾,2024-05-22,9377
2349,錸德,30,12,18,華南永昌-虎尾,2024-05-22,9377
1303,南亞,17,0,17,華南永昌-虎尾,2024-05-22,9377
2547,日勝生,23,6,17,華南永昌-虎尾,2024-05-22,9377
2365,昆盈,36,19,17,華南永昌-虎尾,2024-05-22,9377
2515,中工,21,5,16,華南永昌-虎尾,2024-05-22,9377
00892,富邦台灣半導體,15,0,15,華南永昌-虎尾,2024-05-22,9377
00882,中信中國高股息,20,5,15,華南永昌-虎尾,2024-05-22,9377
2206,三陽工業,18,3,15,華南永昌-虎尾,2024-05-22,9377
2027,大成鋼,23,11,12,華南永昌-虎尾,2024-05-22,9377
00830,國泰費城半導體,12,0,12,華南永昌-虎尾,2024-05-22,9377
2449,京元電子,20,8,12,華南永昌-虎尾,2024-05-22,9377
2317,鴻海,215,56,159,華南永昌-虎尾,2024-05-23,9377
2610,華航,254,143,111,華南永昌-虎尾,2024-05-23,9377
00919,群益台灣精選高息,103,1,102,華南永昌-虎尾,2024-05-23,9377
1615,大山,81,0,81,華南永昌-虎尾,2024-05-23,9377
3481,群創,116,42,74,華南永昌-虎尾,2024-05-23,9377
3060,銘異,118,70,48,華南永昌-虎尾,2024-05-23,9377
2897,王道銀行,110,64,46,華南永昌-虎尾,2024-05-23,9377
00637L,元大滬深300正2,90,45,45,華南永昌-虎尾,2024-05-23,9377
2363,矽統,49,6,43,華南永昌-虎尾,2024-05-23,9377
6188,廣明,53,10,43,華南永昌-虎尾,2024-05-23,9377
3047,訊舟,53,11,42,華南永昌-虎尾,2024-05-23,9377
00753L,中信中國50正2,40,0,40,華南永昌-虎尾,2024-05-23,9377
2454,聯發科,40,2,38,華南永昌-虎尾,2024-05-23,9377
00946,群益科技高息成長,38,2,36,華南永昌-虎尾,2024-05-23,9377
2324,仁寶,51,17,34,華南永昌-虎尾,2024-05-23,9377
00935,野村臺灣新科技50,31,0,31,華南永昌-虎尾,2024-05-23,9377
00929,復華台灣科技優息,30,0,30,華南永昌-虎尾,2024-05-23,9377
00945B,凱基美國非投等債,30,0,30,華南永昌-虎尾,2024-05-23,9377
1563,巧新,30,0,30,華南永昌-虎尾,2024-05-23,9377
2323,中環,60,30,30,華南永昌-虎尾,2024-05-23,9377
3402,漢科,30,0,30,華南永昌-虎尾,2024-05-23,9377
4157,太景*-KY,30,1,29,華南永昌-虎尾,2024-05-23,9377
1608,華榮,54,25,29,華南永昌-虎尾,2024-05-23,9377
00937B,群益ESG投等債20,42,14,28,華南永昌-虎尾,2024-05-23,9377
2002,中鋼,30,3,27,華南永昌-虎尾,2024-05-23,9377
2349,錸德,36,9,27,華南永昌-虎尾,2024-05-23,9377
3024,憶聲,27,0,27,華南永昌-虎尾,2024-05-23,9377
2356,英業達,32,6,26,華南永昌-虎尾,2024-05-23,9377
2609,陽明,34,8,26,華南永昌-虎尾,2024-05-23,9377
4956,光鋐,25,0,25,華南永昌-虎尾,2024-05-23,9377
2027,大成鋼,25,2,23,華南永昌-虎尾,2024-05-23,9377
2014,中鴻,23,0,23,華南永昌-虎尾,2024-05-23,9377
2313,華通,46,24,22,華南永昌-虎尾,2024-05-23,9377
2406,國碩,22,1,21,華南永昌-虎尾,2024-05-23,9377
2427,三商電,21,0,21,華南永昌-虎尾,2024-05-23,9377
2511,太子,60,40,20,華南永昌-虎尾,2024-05-23,9377
1303,南亞,21,1,20,華南永昌-虎尾,2024-05-23,9377
2442,新美齊,20,0,20,華南永昌-虎尾,2024-05-23,9377
2501,國建,26,6,20,華南永昌-虎尾,2024-05-23,9377
7402,邑錡,20,0,20,華南永昌-虎尾,2024-05-23,9377
9105,泰金寶-DR,20,0,20,華南永昌-虎尾,2024-05-23,9377
8150,南茂,19,0,19,華南永昌-虎尾,2024-05-23,9377
8936,國統,19,1,18,華南永昌-虎尾,2024-05-23,9377
2888,新光金,30,12,18,華南永昌-虎尾,2024-05-23,9377
2520,冠德,23,5,18,華南永昌-虎尾,2024-05-23,9377
2545,皇翔,18,0,18,華南永昌-虎尾,2024-05-23,9377
4908,前鼎,23,5,18,華南永昌-虎尾,2024-05-23,9377
5871,中租-KY,20,2,18,華南永昌-虎尾,2024-05-23,9377
1101,台泥,21,4,17,華南永昌-虎尾,2024-05-23,9377
00679B,元大美債20年,32,15,17,華南永昌-虎尾,2024-05-23,9377
2353,宏��,304,106,198,華南永昌-虎尾,2024-05-24,9377
00937B,群益ESG投等債20,109,1,108,華南永昌-虎尾,2024-05-24,9377
00946,群益科技高息成長,84,0,84,華南永昌-虎尾,2024-05-24,9377
6770,力積電,81,4,77,華南永昌-虎尾,2024-05-24,9377
2892,第一金,66,0,66,華南永昌-虎尾,2024-05-24,9377
00753L,中信中國50正2,102,52,50,華南永昌-虎尾,2024-05-24,9377
00922,國泰台灣領袖50,44,0,44,華南永昌-虎尾,2024-05-24,9377
2636,台驊控股,51,7,44,華南永昌-虎尾,2024-05-24,9377
6282,康舒,53,12,41,華南永昌-虎尾,2024-05-24,9377
00637L,元大滬深300正2,65,30,35,華南永昌-虎尾,2024-05-24,9377
1563,巧新,34,2,32,華南永昌-虎尾,2024-05-24,9377
5452,佶優,30,0,30,華南永昌-虎尾,2024-05-24,9377
3313,斐成,25,0,25,華南永昌-虎尾,2024-05-24,9377
2002,中鋼,23,0,23,華南永昌-虎尾,2024-05-24,9377
1409,新纖,22,0,22,華南永昌-虎尾,2024-05-24,9377
5519,隆大,22,0,22,華南永昌-虎尾,2024-05-24,9377
2027,大成鋼,22,0,22,華南永昌-虎尾,2024-05-24,9377
1532,勤美,21,0,21,華南永昌-虎尾,2024-05-24,9377
2547,日勝生,20,0,20,華南永昌-虎尾,2024-05-24,9377
6120,達運,20,0,20,華南永昌-虎尾,2024-05-24,9377
00715L,期街口布蘭特正2,17,0,17,華南永昌-虎尾,2024-05-24,9377
2368,金像電,23,6,17,華南永昌-虎尾,2024-05-24,9377
3024,憶聲,16,0,16,華南永昌-虎尾,2024-05-24,9377
2313,華通,17,2,15,華南永昌-虎尾,2024-05-24,9377
2915,潤泰全,15,0,15,華南永昌-虎尾,2024-05-24,9377
6147,頎邦,21,6,15,華南永昌-虎尾,2024-05-24,9377
6275,元山,30,15,15,華南永昌-虎尾,2024-05-24,9377
00712,復華富時不動產,34,20,14,華南永昌-虎尾,2024-05-24,9377
00665L,富邦�琤肭磪囓�2,14,0,14,華南永昌-虎尾,2024-05-24,9377
4956,光鋐,17,3,14,華南永昌-虎尾,2024-05-24,9377
1809,中釉,18,5,13,華南永昌-虎尾,2024-05-24,9377
3005,神基,13,0,13,華南永昌-虎尾,2024-05-24,9377
5426,振發,15,2,13,華南永昌-虎尾,2024-05-24,9377
1216,統一,12,0,12,華南永昌-虎尾,2024-05-24,9377
1810,和成,45,33,12,華南永昌-虎尾,2024-05-24,9377
2891,中信金,13,1,12,華南永昌-虎尾,2024-05-24,9377
6142,友勁,12,0,12,華南永昌-虎尾,2024-05-24,9377
6530,創威,21,9,12,華南永昌-虎尾,2024-05-24,9377
2061,風青,11,0,11,華南永昌-虎尾,2024-05-24,9377
3014,聯陽,11,0,11,華南永昌-虎尾,2024-05-24,9377
4532,瑞智,11,0,11,華南永昌-虎尾,2024-05-24,9377
4967,十銓,32,21,11,華南永昌-虎尾,2024-05-24,9377
1301,台塑,12,2,10,華南永昌-虎尾,2024-05-24,9377
4979,華星光,14,4,10,華南永昌-虎尾,2024-05-24,9377
6263,普萊德,11,1,10,華南永昌-虎尾,2024-05-24,9377
1522,堤維西,10,0,10,華南永昌-虎尾,2024-05-24,9377
1616,億泰,10,0,10,華南永昌-虎尾,2024-05-24,9377
2009,第一銅,14,4,10,華南永昌-虎尾,2024-05-24,9377
2014,中鴻,10,0,10,華南永昌-虎尾,2024-05-24,9377
2537,聯上發,12,2,10,華南永昌-虎尾,2024-05-24,9377
2371,大同,414,93,321,華南永昌-虎尾,2024-05-27,9377
2353,宏��,417,105,312,華南永昌-虎尾,2024-05-27,9377
2897,王道銀行,264,0,264,華南永昌-虎尾,2024-05-27,9377
00891,中信關鍵半導體,176,2,174,華南永昌-虎尾,2024-05-27,9377
2382,廣達,184,11,173,華南永昌-虎尾,2024-05-27,9377
00935,野村臺灣新科技50,171,1,170,華南永昌-虎尾,2024-05-27,9377
3481,群創,138,16,122,華南永昌-虎尾,2024-05-27,9377
1522,堤維西,95,0,95,華南永昌-虎尾,2024-05-27,9377
9105,泰金寶-DR,80,1,79,華南永昌-虎尾,2024-05-27,9377
00919,群益台灣精選高息,87,20,67,華南永昌-虎尾,2024-05-27,9377
00946,群益科技高息成長,54,0,54,華南永昌-虎尾,2024-05-27,9377
00937B,群益ESG投等債20,53,0,53,華南永昌-虎尾,2024-05-27,9377
3060,銘異,54,4,50,華南永昌-虎尾,2024-05-27,9377
3338,泰碩,61,11,50,華南永昌-虎尾,2024-05-27,9377
2609,陽明,96,47,49,華南永昌-虎尾,2024-05-27,9377
2489,瑞軒,199,150,49,華南永昌-虎尾,2024-05-27,9377
2867,三商壽,47,0,47,華南永昌-虎尾,2024-05-27,9377
3090,日電貿,30,0,30,華南永昌-虎尾,2024-05-27,9377
2303,聯電,141,112,29,華南永昌-虎尾,2024-05-27,9377
3052,夆典,27,0,27,華南永昌-虎尾,2024-05-27,9377
3694,海華,32,5,27,華南永昌-虎尾,2024-05-27,9377
00753L,中信中國50正2,24,0,24,華南永昌-虎尾,2024-05-27,9377
6505,台塑化,27,4,23,華南永昌-虎尾,2024-05-27,9377
00929,復華台灣科技優息,92,70,22,華南永昌-虎尾,2024-05-27,9377
2352,佳世達,39,19,20,華南永昌-虎尾,2024-05-27,9377
00632R,元大台灣50反1,60,40,20,華南永昌-虎尾,2024-05-27,9377
00881,國泰台灣5G+,22,2,20,華南永昌-虎尾,2024-05-27,9377
2406,國碩,26,6,20,華南永昌-虎尾,2024-05-27,9377
3202,樺晟,26,6,20,華南永昌-虎尾,2024-05-27,9377
00944,野村趨勢動能高息,50,31,19,華南永昌-虎尾,2024-05-27,9377
2464,盟立,53,34,19,華南永昌-虎尾,2024-05-27,9377
5353,台林,19,0,19,華南永昌-虎尾,2024-05-27,9377
2340,台亞,17,0,17,華南永昌-虎尾,2024-05-27,9377
2401,凌陽,25,8,17,華南永昌-虎尾,2024-05-27,9377
1815,富喬,103,86,17,華南永昌-虎尾,2024-05-27,9377
2476,鉅祥,17,0,17,華南永昌-虎尾,2024-05-27,9377
3047,訊舟,79,62,17,華南永昌-虎尾,2024-05-27,9377
2002,中鋼,21,4,17,華南永昌-虎尾,2024-05-27,9377
4960,誠美材,16,0,16,華南永昌-虎尾,2024-05-27,9377
2520,冠德,21,5,16,華南永昌-虎尾,2024-05-27,9377
3013,晟銘電,28,12,16,華南永昌-虎尾,2024-05-27,9377
4545,銘鈺,16,0,16,華南永昌-虎尾,2024-05-27,9377
00943,兆豐電子高息等權,15,0,15,華南永昌-虎尾,2024-05-27,9377
2344,華邦電,15,0,15,華南永昌-虎尾,2024-05-27,9377
8059,凱碩,15,0,15,華南永昌-虎尾,2024-05-27,9377
6213,聯茂,23,9,14,華南永昌-虎尾,2024-05-27,9377
8938,明安,14,0,14,華南永昌-虎尾,2024-05-27,9377
1514,亞力,14,2,12,華南永昌-虎尾,2024-05-27,9377
1809,中釉,13,1,12,華南永昌-虎尾,2024-05-27,9377
3430,奇鈦科,12,0,12,華南永昌-虎尾,2024-05-27,9377
00937B,群益ESG投等債20,337,0,337,華南永昌-虎尾,2024-05-28,9377
2353,宏��,241,50,191,華南永昌-虎尾,2024-05-28,9377
1563,巧新,180,0,180,華南永昌-虎尾,2024-05-28,9377
2609,陽明,127,25,102,華南永昌-虎尾,2024-05-28,9377
2317,鴻海,233,132,101,華南永昌-虎尾,2024-05-28,9377
00935,野村臺灣新科技50,100,0,100,華南永昌-虎尾,2024-05-28,9377
00891,中信關鍵半導體,100,8,92,華南永昌-虎尾,2024-05-28,9377
2363,矽統,125,50,75,華南永昌-虎尾,2024-05-28,9377
2618,長榮航,165,97,68,華南永昌-虎尾,2024-05-28,9377
4564,元翎,60,0,60,華南永昌-虎尾,2024-05-28,9377
6257,矽格,66,7,59,華南永昌-虎尾,2024-05-28,9377
2331,精英,55,1,54,華南永昌-虎尾,2024-05-28,9377
6215,和椿,54,1,53,華南永昌-虎尾,2024-05-28,9377
2301,光寶科,54,5,49,華南永昌-虎尾,2024-05-28,9377
2486,一詮,59,13,46,華南永昌-虎尾,2024-05-28,9377
3231,緯創,303,258,45,華南永昌-虎尾,2024-05-28,9377
3060,銘異,45,7,38,華南永昌-虎尾,2024-05-28,9377
2454,聯發科,39,2,37,華南永昌-虎尾,2024-05-28,9377
00712,復華富時不動產,36,0,36,華南永昌-虎尾,2024-05-28,9377
4960,誠美材,35,0,35,華南永昌-虎尾,2024-05-28,9377
2501,國建,32,0,32,華南永昌-虎尾,2024-05-28,9377
1210,大成,32,1,31,華南永昌-虎尾,2024-05-28,9377
00665L,富邦�琤肭磪囓�2,30,0,30,華南永昌-虎尾,2024-05-28,9377
3710,連展投控,30,0,30,華南永昌-虎尾,2024-05-28,9377
2613,中櫃,28,0,28,華南永昌-虎尾,2024-05-28,9377
3024,憶聲,28,1,27,華南永昌-虎尾,2024-05-28,9377
2313,華通,26,0,26,華南永昌-虎尾,2024-05-28,9377
2464,盟立,49,25,24,華南永昌-虎尾,2024-05-28,9377
3594,磐儀,34,10,24,華南永昌-虎尾,2024-05-28,9377
2406,國碩,25,2,23,華南永昌-虎尾,2024-05-28,9377
8064,東捷,42,19,23,華南永昌-虎尾,2024-05-28,9377
3312,弘憶股,23,1,22,華南永昌-虎尾,2024-05-28,9377
00931B,統一美債20年,36,15,21,華南永昌-虎尾,2024-05-28,9377
00637L,元大滬深300正2,40,20,20,華南永昌-虎尾,2024-05-28,9377
5426,振發,23,3,20,華南永昌-虎尾,2024-05-28,9377
1504,東元,20,1,19,華南永昌-虎尾,2024-05-28,9377
8401,白紗科,19,0,19,華南永昌-虎尾,2024-05-28,9377
2801,彰銀,21,3,18,華南永昌-虎尾,2024-05-28,9377
1309,台達化,18,0,18,華南永昌-虎尾,2024-05-28,9377
3052,夆典,22,4,18,華南永昌-虎尾,2024-05-28,9377
6209,今國光,26,8,18,華南永昌-虎尾,2024-05-28,9377
2371,大同,44,26,18,華南永昌-虎尾,2024-05-28,9377
1514,亞力,24,7,17,華南永昌-虎尾,2024-05-28,9377
3360,尚立,22,5,17,華南永昌-虎尾,2024-05-28,9377
3260,威剛,16,0,16,華南永昌-虎尾,2024-05-28,9377
2891,中信金,16,0,16,華南永昌-虎尾,2024-05-28,9377
2356,英業達,40,25,15,華南永昌-虎尾,2024-05-28,9377
1456,怡華,15,0,15,華南永昌-虎尾,2024-05-28,9377
2409,友達,30,15,15,華南永昌-虎尾,2024-05-28,9377
4908,前鼎,15,0,15,華南永昌-虎尾,2024-05-28,9377
00937B,群益ESG投等債20,360,0,360,華南永昌-虎尾,2024-05-29,9377
2884,玉山金,150,13,137,華南永昌-虎尾,2024-05-29,9377
2489,瑞軒,177,49,128,華南永昌-虎尾,2024-05-29,9377
00896,中信綠能及電動車,101,1,100,華南永昌-虎尾,2024-05-29,9377
5608,四維航,97,3,94,華南永昌-虎尾,2024-05-29,9377
00753L,中信中國50正2,142,50,92,華南永昌-虎尾,2024-05-29,9377
2888,新光金,152,62,90,華南永昌-虎尾,2024-05-29,9377
3047,訊舟,145,56,89,華南永昌-虎尾,2024-05-29,9377
00632R,元大台灣50反1,104,33,71,華南永昌-虎尾,2024-05-29,9377
1563,巧新,75,5,70,華南永昌-虎尾,2024-05-29,9377
3052,夆典,70,0,70,華南永昌-虎尾,2024-05-29,9377
2610,華航,75,7,68,華南永昌-虎尾,2024-05-29,9377
1314,中石化,66,0,66,華南永昌-虎尾,2024-05-29,9377
2605,新興,108,44,64,華南永昌-虎尾,2024-05-29,9377
2441,超豐,63,0,63,華南永昌-虎尾,2024-05-29,9377
2897,王道銀行,60,0,60,華南永昌-虎尾,2024-05-29,9377
2409,友達,60,3,57,華南永昌-虎尾,2024-05-29,9377
3481,群創,76,20,56,華南永昌-虎尾,2024-05-29,9377
2353,宏��,99,50,49,華南永昌-虎尾,2024-05-29,9377
00715L,期街口布蘭特正2,90,42,48,華南永昌-虎尾,2024-05-29,9377
00679B,元大美債20年,47,0,47,華南永昌-虎尾,2024-05-29,9377
1717,長興,49,3,46,華南永昌-虎尾,2024-05-29,9377
2328,廣宇,59,17,42,華南永昌-虎尾,2024-05-29,9377
2367,燿華,62,23,39,華南永昌-虎尾,2024-05-29,9377
1101,台泥,37,0,37,華南永昌-虎尾,2024-05-29,9377
2352,佳世達,42,7,35,華南永昌-虎尾,2024-05-29,9377
6869,雲豹能源,35,0,35,華南永昌-虎尾,2024-05-29,9377
2486,一詮,43,10,33,華南永昌-虎尾,2024-05-29,9377
2886,兆豐金,33,0,33,華南永昌-虎尾,2024-05-29,9377
3706,神達,41,8,33,華南永昌-虎尾,2024-05-29,9377
2454,聯發科,32,0,32,華南永昌-虎尾,2024-05-29,9377
5706,鳳凰,30,0,30,華南永昌-虎尾,2024-05-29,9377
3024,憶聲,40,10,30,華南永昌-虎尾,2024-05-29,9377
2609,陽明,54,24,30,華南永昌-虎尾,2024-05-29,9377
2340,台亞,28,0,28,華南永昌-虎尾,2024-05-29,9377
00688L,國泰20年美債正2,28,0,28,華南永昌-虎尾,2024-05-29,9377
8033,雷虎,28,0,28,華南永昌-虎尾,2024-05-29,9377
00946,群益科技高息成長,27,0,27,華南永昌-虎尾,2024-05-29,9377
6215,和椿,42,15,27,華南永昌-虎尾,2024-05-29,9377
3380,明泰,32,6,26,華南永昌-虎尾,2024-05-29,9377
2801,彰銀,25,0,25,華南永昌-虎尾,2024-05-29,9377
2349,錸德,74,50,24,華南永昌-虎尾,2024-05-29,9377
8438,昶昕,25,1,24,華南永昌-虎尾,2024-05-29,9377
8401,白紗科,24,0,24,華南永昌-虎尾,2024-05-29,9377
3294,英濟,43,20,23,華南永昌-虎尾,2024-05-29,9377
2444,兆勁,23,0,23,華南永昌-虎尾,2024-05-29,9377
3306,鼎天,23,0,23,華南永昌-虎尾,2024-05-29,9377
00680L,元大美債20正2,22,0,22,華南永昌-虎尾,2024-05-29,9377
2406,國碩,21,0,21,華南永昌-虎尾,2024-05-29,9377
2882,國泰金,21,0,21,華南永昌-虎尾,2024-05-29,9377
2405,輔信,152,35,117,華南永昌-虎尾,2024-05-30,9377
00915,凱基優選高股息30,105,0,105,華南永昌-虎尾,2024-05-30,9377
00937B,群益ESG投等債20,84,0,84,華南永昌-虎尾,2024-05-30,9377
3047,訊舟,87,12,75,華南永昌-虎尾,2024-05-30,9377
2354,鴻準,94,22,72,華南永昌-虎尾,2024-05-30,9377
2349,錸德,70,1,69,華南永昌-虎尾,2024-05-30,9377
00679B,元大美債20年,63,0,63,華南永昌-虎尾,2024-05-30,9377
2002,中鋼,59,0,59,華南永昌-虎尾,2024-05-30,9377
2344,華邦電,50,0,50,華南永昌-虎尾,2024-05-30,9377
2511,太子,50,2,48,華南永昌-虎尾,2024-05-30,9377
8401,白紗科,47,0,47,華南永昌-虎尾,2024-05-30,9377
00929,復華台灣科技優息,43,0,43,華南永昌-虎尾,2024-05-30,9377
2301,光寶科,64,22,42,華南永昌-虎尾,2024-05-30,9377
00687B,國泰20年美債,37,0,37,華南永昌-虎尾,2024-05-30,9377
2369,菱生,44,7,37,華南永昌-虎尾,2024-05-30,9377
1563,巧新,47,12,35,華南永昌-虎尾,2024-05-30,9377
2489,瑞軒,367,335,32,華南永昌-虎尾,2024-05-30,9377
2356,英業達,60,28,32,華南永昌-虎尾,2024-05-30,9377
3052,夆典,31,0,31,華南永昌-虎尾,2024-05-30,9377
00637L,元大滬深300正2,71,40,31,華南永昌-虎尾,2024-05-30,9377
2367,燿華,49,18,31,華南永昌-虎尾,2024-05-30,9377
2485,兆赫,30,1,29,華南永昌-虎尾,2024-05-30,9377
2618,長榮航,98,70,28,華南永昌-虎尾,2024-05-30,9377
2406,國碩,30,2,28,華南永昌-虎尾,2024-05-30,9377
3071,協禧,31,3,28,華南永昌-虎尾,2024-05-30,9377
2527,宏璟,51,25,26,華南永昌-虎尾,2024-05-30,9377
00940,元大台灣價值高息,25,0,25,華南永昌-虎尾,2024-05-30,9377
2486,一詮,36,11,25,華南永昌-虎尾,2024-05-30,9377
6147,頎邦,33,8,25,華南永昌-虎尾,2024-05-30,9377
2353,宏��,39,14,25,華南永昌-虎尾,2024-05-30,9377
2363,矽統,48,24,24,華南永昌-虎尾,2024-05-30,9377
6290,良維,27,3,24,華南永昌-虎尾,2024-05-30,9377
2328,廣宇,32,9,23,華南永昌-虎尾,2024-05-30,9377
00891,中信關鍵半導體,22,0,22,華南永昌-虎尾,2024-05-30,9377
00680L,元大美債20正2,22,0,22,華南永昌-虎尾,2024-05-30,9377
00712,復華富時不動產,21,0,21,華南永昌-虎尾,2024-05-30,9377
4533,協易機,60,39,21,華南永昌-虎尾,2024-05-30,9377
4562,穎漢,59,39,20,華南永昌-虎尾,2024-05-30,9377
2547,日勝生,20,0,20,華南永昌-虎尾,2024-05-30,9377
3058,立德,30,10,20,華南永昌-虎尾,2024-05-30,9377
3234,光環,24,4,20,華南永昌-虎尾,2024-05-30,9377
00935,野村臺灣新科技50,20,0,20,華南永昌-虎尾,2024-05-30,9377
1303,南亞,27,8,19,華南永昌-虎尾,2024-05-30,9377
6125,廣運,40,21,19,華南永昌-虎尾,2024-05-30,9377
2377,微星,21,2,19,華南永昌-虎尾,2024-05-30,9377
3419,譁裕,19,0,19,華南永昌-虎尾,2024-05-30,9377
6284,佳邦,44,26,18,華南永昌-虎尾,2024-05-30,9377
2538,基泰,27,10,17,華南永昌-虎尾,2024-05-30,9377
3535,晶彩科,17,0,17,華南永昌-虎尾,2024-05-30,9377
2408,南亞科,17,0,17,華南永昌-虎尾,2024-05-30,9377
00715L,期街口布蘭特正2,179,0,179,華南永昌-虎尾,2024-05-31,9377
00929,復華台灣科技優息,228,50,178,華南永昌-虎尾,2024-05-31,9377
2371,大同,118,5,113,華南永昌-虎尾,2024-05-31,9377
2344,華邦電,107,0,107,華南永昌-虎尾,2024-05-31,9377
1563,巧新,102,0,102,華南永昌-虎尾,2024-05-31,9377
2328,廣宇,123,22,101,華南永昌-虎尾,2024-05-31,9377
2002,中鋼,96,5,91,華南永昌-虎尾,2024-05-31,9377
00919,群益台灣精選高息,89,3,86,華南永昌-虎尾,2024-05-31,9377
1711,永光,59,0,59,華南永昌-虎尾,2024-05-31,9377
1815,富喬,219,162,57,華南永昌-虎尾,2024-05-31,9377
2330,台積電,54,4,50,華南永昌-虎尾,2024-05-31,9377
8105,凌巨,50,1,49,華南永昌-虎尾,2024-05-31,9377
2331,精英,84,36,48,華南永昌-虎尾,2024-05-31,9377
8358,金居,41,0,41,華南永昌-虎尾,2024-05-31,9377
6112,邁達特,41,3,38,華南永昌-虎尾,2024-05-31,9377
2615,萬海,40,3,37,華南永昌-虎尾,2024-05-31,9377
3033,威健,53,17,36,華南永昌-虎尾,2024-05-31,9377
2405,輔信,40,6,34,華南永昌-虎尾,2024-05-31,9377
2317,鴻海,60,28,32,華南永昌-虎尾,2024-05-31,9377
2486,一詮,46,15,31,華南永昌-虎尾,2024-05-31,9377
2439,美律,30,0,30,華南永昌-虎尾,2024-05-31,9377
3430,奇鈦科,30,1,29,華南永昌-虎尾,2024-05-31,9377
3231,緯創,30,3,27,華南永昌-虎尾,2024-05-31,9377
1301,台塑,26,0,26,華南永昌-虎尾,2024-05-31,9377
6547,高端疫苗,25,0,25,華南永昌-虎尾,2024-05-31,9377
2399,映泰,23,0,23,華南永昌-虎尾,2024-05-31,9377
3265,台星科,22,0,22,華南永昌-虎尾,2024-05-31,9377
4960,誠美材,22,1,21,華南永昌-虎尾,2024-05-31,9377
00665L,富邦�琤肭磪囓�2,20,0,20,華南永昌-虎尾,2024-05-31,9377
00637L,元大滬深300正2,60,40,20,華南永昌-虎尾,2024-05-31,9377
3019,亞光,20,0,20,華南永昌-虎尾,2024-05-31,9377
4956,光鋐,20,0,20,華南永昌-虎尾,2024-05-31,9377
2495,普安,20,0,20,華南永昌-虎尾,2024-05-31,9377
4157,太景*-KY,20,1,19,華南永昌-虎尾,2024-05-31,9377
6265,方土昶,20,1,19,華南永昌-虎尾,2024-05-31,9377
1314,中石化,29,10,19,華南永昌-虎尾,2024-05-31,9377
2425,承啟,20,2,18,華南永昌-虎尾,2024-05-31,9377
2363,矽統,34,16,18,華南永昌-虎尾,2024-05-31,9377
1434,福懋,17,0,17,華南永昌-虎尾,2024-05-31,9377
3052,夆典,17,0,17,華南永昌-虎尾,2024-05-31,9377
00878,國泰永續高股息,17,1,16,華南永昌-虎尾,2024-05-31,9377
3047,訊舟,36,20,16,華南永昌-虎尾,2024-05-31,9377
1447,力鵬,15,0,15,華南永昌-虎尾,2024-05-31,9377
1909,榮成,16,1,15,華南永昌-虎尾,2024-05-31,9377
3167,大量,20,5,15,華南永昌-虎尾,2024-05-31,9377
6189,豐藝,25,10,15,華南永昌-虎尾,2024-05-31,9377
00907,永豐優息存股,15,1,14,華南永昌-虎尾,2024-05-31,9377
2365,昆盈,19,5,14,華南永昌-虎尾,2024-05-31,9377
3037,欣興,15,1,14,華南永昌-虎尾,2024-05-31,9377
4906,正文,15,2,13,華南永昌-虎尾,2024-05-31,9377
00679B,元大美債20年,228,2,226,華南永昌-虎尾,2024-06-03,9377
3048,益登,186,4,182,華南永昌-虎尾,2024-06-03,9377
00919,群益台灣精選高息,156,0,156,華南永昌-虎尾,2024-06-03,9377
00891,中信關鍵半導體,129,0,129,華南永昌-虎尾,2024-06-03,9377
00935,野村臺灣新科技50,122,0,122,華南永昌-虎尾,2024-06-03,9377
00632R,元大台灣50反1,101,0,101,華南永昌-虎尾,2024-06-03,9377
2442,新美齊,101,0,101,華南永昌-虎尾,2024-06-03,9377
2610,華航,91,0,91,華南永昌-虎尾,2024-06-03,9377
2867,三商壽,92,3,89,華南永昌-虎尾,2024-06-03,9377
3706,神達,85,1,84,華南永昌-虎尾,2024-06-03,9377
2880,華南金,84,2,82,華南永昌-虎尾,2024-06-03,9377
00637L,元大滬深300正2,142,60,82,華南永昌-虎尾,2024-06-03,9377
3437,榮創,88,9,79,華南永昌-虎尾,2024-06-03,9377
2353,宏��,76,5,71,華南永昌-虎尾,2024-06-03,9377
2618,長榮航,80,11,69,華南永昌-虎尾,2024-06-03,9377
3481,群創,57,2,55,華南永昌-虎尾,2024-06-03,9377
2501,國建,52,1,51,華南永昌-虎尾,2024-06-03,9377
2890,永豐金,45,0,45,華南永昌-虎尾,2024-06-03,9377
2354,鴻準,73,28,45,華南永昌-虎尾,2024-06-03,9377
6284,佳邦,44,1,43,華南永昌-虎尾,2024-06-03,9377
2101,南港,91,50,41,華南永昌-虎尾,2024-06-03,9377
3047,訊舟,85,50,35,華南永昌-虎尾,2024-06-03,9377
2349,錸德,42,8,34,華南永昌-虎尾,2024-06-03,9377
6188,廣明,49,17,32,華南永昌-虎尾,2024-06-03,9377
2356,英業達,55,25,30,華南永昌-虎尾,2024-06-03,9377
1909,榮成,29,0,29,華南永昌-虎尾,2024-06-03,9377
2409,友達,46,20,26,華南永昌-虎尾,2024-06-03,9377
1714,和桐,25,0,25,華南永昌-虎尾,2024-06-03,9377
2636,台驊控股,25,0,25,華南永昌-虎尾,2024-06-03,9377
2369,菱生,24,0,24,華南永昌-虎尾,2024-06-03,9377
2317,鴻海,156,135,21,華南永昌-虎尾,2024-06-03,9377
2002,中鋼,28,7,21,華南永昌-虎尾,2024-06-03,9377
2504,國產,21,0,21,華南永昌-虎尾,2024-06-03,9377
6170,統振,24,3,21,華南永昌-虎尾,2024-06-03,9377
8089,康全電訊,21,0,21,華南永昌-虎尾,2024-06-03,9377
2489,瑞軒,115,95,20,華南永昌-虎尾,2024-06-03,9377
1310,台苯,20,0,20,華南永昌-虎尾,2024-06-03,9377
3052,夆典,20,0,20,華南永昌-虎尾,2024-06-03,9377
5452,佶優,20,0,20,華南永昌-虎尾,2024-06-03,9377
5371,中光電,41,22,19,華南永昌-虎尾,2024-06-03,9377
4973,廣穎,20,1,19,華南永昌-虎尾,2024-06-03,9377
8404,百和興業-KY,18,0,18,華南永昌-虎尾,2024-06-03,9377
1815,富喬,118,100,18,華南永昌-虎尾,2024-06-03,9377
2324,仁寶,25,9,16,華南永昌-虎尾,2024-06-03,9377
00715L,期街口布蘭特正2,16,0,16,華南永昌-虎尾,2024-06-03,9377
1785,光洋科,21,5,16,華南永昌-虎尾,2024-06-03,9377
8050,廣積,16,0,16,華南永昌-虎尾,2024-06-03,9377
00940,元大台灣價值高息,15,0,15,華南永昌-虎尾,2024-06-03,9377
2371,大同,15,0,15,華南永昌-虎尾,2024-06-03,9377
2459,敦吉,15,0,15,華南永昌-虎尾,2024-06-03,9377
2331,精英,196,30,166,華南永昌-虎尾,2024-06-04,9377
00881,國泰台灣5G+,168,3,165,華南永昌-虎尾,2024-06-04,9377
00919,群益台灣精選高息,189,26,163,華南永昌-虎尾,2024-06-04,9377
2344,華邦電,190,45,145,華南永昌-虎尾,2024-06-04,9377
00929,復華台灣科技優息,138,0,138,華南永昌-虎尾,2024-06-04,9377
2501,國建,137,15,122,華南永昌-虎尾,2024-06-04,9377
2888,新光金,126,5,121,華南永昌-虎尾,2024-06-04,9377
2101,南港,100,20,80,華南永昌-虎尾,2024-06-04,9377
00922,國泰台灣領袖50,81,3,78,華南永昌-虎尾,2024-06-04,9377
6125,廣運,105,31,74,華南永昌-虎尾,2024-06-04,9377
1532,勤美,71,0,71,華南永昌-虎尾,2024-06-04,9377
2312,金寶,78,10,68,華南永昌-虎尾,2024-06-04,9377
1717,長興,64,0,64,華南永昌-虎尾,2024-06-04,9377
2442,新美齊,52,0,52,華南永昌-虎尾,2024-06-04,9377
2489,瑞軒,220,169,51,華南永昌-虎尾,2024-06-04,9377
8105,凌巨,50,0,50,華南永昌-虎尾,2024-06-04,9377
8401,白紗科,50,0,50,華南永昌-虎尾,2024-06-04,9377
3030,德律,51,1,50,華南永昌-虎尾,2024-06-04,9377
1909,榮成,45,0,45,華南永昌-虎尾,2024-06-04,9377
3706,神達,46,2,44,華南永昌-虎尾,2024-06-04,9377
2317,鴻海,54,10,44,華南永昌-虎尾,2024-06-04,9377
2349,錸德,50,7,43,華南永昌-虎尾,2024-06-04,9377
8936,國統,54,11,43,華南永昌-虎尾,2024-06-04,9377
2882,國泰金,42,0,42,華南永昌-虎尾,2024-06-04,9377
5512,力麒,42,0,42,華南永昌-虎尾,2024-06-04,9377
00936,台新永續高息中小,82,42,40,華南永昌-虎尾,2024-06-04,9377
2323,中環,90,50,40,華南永昌-虎尾,2024-06-04,9377
2324,仁寶,72,35,37,華南永昌-虎尾,2024-06-04,9377
2367,燿華,75,39,36,華南永昌-虎尾,2024-06-04,9377
5426,振發,32,0,32,華南永昌-虎尾,2024-06-04,9377
4534,慶騰,32,0,32,華南永昌-虎尾,2024-06-04,9377
2369,菱生,31,0,31,華南永昌-虎尾,2024-06-04,9377
00679B,元大美債20年,30,1,29,華南永昌-虎尾,2024-06-04,9377
2353,宏��,56,27,29,華南永昌-虎尾,2024-06-04,9377
2301,光寶科,29,1,28,華南永昌-虎尾,2024-06-04,9377
1101,台泥,25,0,25,華南永昌-虎尾,2024-06-04,9377
00878,國泰永續高股息,26,1,25,華南永昌-虎尾,2024-06-04,9377
2354,鴻準,47,23,24,華南永昌-虎尾,2024-06-04,9377
1301,台塑,25,2,23,華南永昌-虎尾,2024-06-04,9377
4306,炎洲,22,0,22,華南永昌-虎尾,2024-06-04,9377
2883,凱基金,23,1,22,華南永昌-虎尾,2024-06-04,9377
2603,長榮,22,2,20,華南永昌-虎尾,2024-06-04,9377
2547,日勝生,20,0,20,華南永昌-虎尾,2024-06-04,9377
4956,光鋐,20,0,20,華南永昌-虎尾,2024-06-04,9377
2399,映泰,19,0,19,華南永昌-虎尾,2024-06-04,9377
00918,大華優利高填息30,18,0,18,華南永昌-虎尾,2024-06-04,9377
1563,巧新,63,45,18,華南永昌-虎尾,2024-06-04,9377
1609,大亞,25,7,18,華南永昌-虎尾,2024-06-04,9377
3052,夆典,18,0,18,華南永昌-虎尾,2024-06-04,9377
2610,華航,18,2,16,華南永昌-虎尾,2024-06-04,9377
3048,益登,245,51,194,華南永昌-虎尾,2024-06-05,9377
00929,復華台灣科技優息,150,4,146,華南永昌-虎尾,2024-06-05,9377
00878,國泰永續高股息,132,4,128,華南永昌-虎尾,2024-06-05,9377
6120,達運,100,0,100,華南永昌-虎尾,2024-06-05,9377
1455,集盛,106,12,94,華南永昌-虎尾,2024-06-05,9377
2610,華航,71,0,71,華南永昌-虎尾,2024-06-05,9377
1522,堤維西,71,1,70,華南永昌-虎尾,2024-06-05,9377
2888,新光金,74,21,53,華南永昌-虎尾,2024-06-05,9377
00936,台新永續高息中小,52,0,52,華南永昌-虎尾,2024-06-05,9377
2353,宏��,56,10,46,華南永昌-虎尾,2024-06-05,9377
4906,正文,53,11,42,華南永昌-虎尾,2024-06-05,9377
00918,大華優利高填息30,41,0,41,華南永昌-虎尾,2024-06-05,9377
2511,太子,58,20,38,華南永昌-虎尾,2024-06-05,9377
3380,明泰,47,9,38,華南永昌-虎尾,2024-06-05,9377
00881,國泰台灣5G+,36,0,36,華南永昌-虎尾,2024-06-05,9377
0056,元大高股息,35,0,35,華南永昌-虎尾,2024-06-05,9377
2105,正新,31,0,31,華南永昌-虎尾,2024-06-05,9377
00637L,元大滬深300正2,51,20,31,華南永昌-虎尾,2024-06-05,9377
00942B,台新美A公司債20+,31,0,31,華南永昌-虎尾,2024-06-05,9377
00935,野村臺灣新科技50,30,0,30,華南永昌-虎尾,2024-06-05,9377
00946,群益科技高息成長,30,0,30,華南永昌-虎尾,2024-06-05,9377
2605,新興,53,23,30,華南永昌-虎尾,2024-06-05,9377
5512,力麒,30,0,30,華南永昌-虎尾,2024-06-05,9377
2002,中鋼,27,0,27,華南永昌-虎尾,2024-06-05,9377
00941,中信上游半導體,24,0,24,華南永昌-虎尾,2024-06-05,9377
6770,力積電,24,1,23,華南永昌-虎尾,2024-06-05,9377
00939,統一台灣高息動能,33,10,23,華南永昌-虎尾,2024-06-05,9377
1609,大亞,27,5,22,華南永昌-虎尾,2024-06-05,9377
2369,菱生,33,12,21,華南永昌-虎尾,2024-06-05,9377
00922,國泰台灣領袖50,20,0,20,華南永昌-虎尾,2024-06-05,9377
2323,中環,91,71,20,華南永昌-虎尾,2024-06-05,9377
3669,圓展,20,0,20,華南永昌-虎尾,2024-06-05,9377
2331,精英,72,53,19,華南永昌-虎尾,2024-06-05,9377
2449,京元電子,19,1,18,華南永昌-虎尾,2024-06-05,9377
2867,三商壽,19,2,17,華南永昌-虎尾,2024-06-05,9377
1504,東元,22,5,17,華南永昌-虎尾,2024-06-05,9377
1310,台苯,16,0,16,華南永昌-虎尾,2024-06-05,9377
3308,聯德,16,0,16,華南永昌-虎尾,2024-06-05,9377
3665,貿聯-KY,16,0,16,華南永昌-虎尾,2024-06-05,9377
2417,圓剛,22,6,16,華南永昌-虎尾,2024-06-05,9377
2101,南港,18,3,15,華南永昌-虎尾,2024-06-05,9377
00696B,富邦美債20年,15,0,15,華南永昌-虎尾,2024-06-05,9377
2486,一詮,35,20,15,華南永昌-虎尾,2024-06-05,9377
3041,揚智,15,0,15,華南永昌-虎尾,2024-06-05,9377
3202,樺晟,16,1,15,華南永昌-虎尾,2024-06-05,9377
3360,尚立,25,10,15,華南永昌-虎尾,2024-06-05,9377
6142,友勁,15,0,15,華南永昌-虎尾,2024-06-05,9377
6275,元山,15,0,15,華南永昌-虎尾,2024-06-05,9377
6423,億而得-創,15,0,15,華南永昌-虎尾,2024-06-05,9377
2887,台新金,15,0,15,華南永昌-虎尾,2024-06-05,9377
00688L,國泰20年美債正2,192,27,165,華南永昌-虎尾,2024-06-06,9377
00632R,元大台灣50反1,173,50,123,華南永昌-虎尾,2024-06-06,9377
00946,群益科技高息成長,107,0,107,華南永昌-虎尾,2024-06-06,9377
2354,鴻準,119,31,88,華南永昌-虎尾,2024-06-06,9377
2609,陽明,201,114,87,華南永昌-虎尾,2024-06-06,9377
00891,中信關鍵半導體,83,4,79,華南永昌-虎尾,2024-06-06,9377
2367,燿華,84,21,63,華南永昌-虎尾,2024-06-06,9377
1909,榮成,60,1,59,華南永昌-虎尾,2024-06-06,9377
1455,集盛,56,0,56,華南永昌-虎尾,2024-06-06,9377
00918,大華優利高填息30,55,0,55,華南永昌-虎尾,2024-06-06,9377
5302,太欣,57,2,55,華南永昌-虎尾,2024-06-06,9377
00935,野村臺灣新科技50,52,0,52,華南永昌-虎尾,2024-06-06,9377
2328,廣宇,62,10,52,華南永昌-虎尾,2024-06-06,9377
2344,華邦電,56,5,51,華南永昌-虎尾,2024-06-06,9377
2101,南港,98,48,50,華南永昌-虎尾,2024-06-06,9377
6284,佳邦,46,1,45,華南永昌-虎尾,2024-06-06,9377
00929,復華台灣科技優息,46,3,43,華南永昌-虎尾,2024-06-06,9377
1563,巧新,41,0,41,華南永昌-虎尾,2024-06-06,9377
3481,群創,42,2,40,華南永昌-虎尾,2024-06-06,9377
2409,友達,59,20,39,華南永昌-虎尾,2024-06-06,9377
2454,聯發科,38,4,34,華南永昌-虎尾,2024-06-06,9377
2371,大同,32,0,32,華南永昌-虎尾,2024-06-06,9377
00881,國泰台灣5G+,33,1,32,華南永昌-虎尾,2024-06-06,9377
2303,聯電,51,21,30,華南永昌-虎尾,2024-06-06,9377
2323,中環,70,40,30,華南永昌-虎尾,2024-06-06,9377
3041,揚智,28,0,28,華南永昌-虎尾,2024-06-06,9377
00942B,台新美A公司債20+,27,0,27,華南永昌-虎尾,2024-06-06,9377
2105,正新,26,0,26,華南永昌-虎尾,2024-06-06,9377
2542,興富發,41,15,26,華南永昌-虎尾,2024-06-06,9377
2312,金寶,165,141,24,華南永昌-虎尾,2024-06-06,9377
2353,宏��,25,2,23,華南永昌-虎尾,2024-06-06,9377
00936,台新永續高息中小,23,0,23,華南永昌-虎尾,2024-06-06,9377
6770,力積電,44,24,20,華南永昌-虎尾,2024-06-06,9377
1456,怡華,20,0,20,華南永昌-虎尾,2024-06-06,9377
3052,夆典,20,0,20,華南永昌-虎尾,2024-06-06,9377
8401,白紗科,20,0,20,華南永昌-虎尾,2024-06-06,9377
1303,南亞,17,0,17,華南永昌-虎尾,2024-06-06,9377
2331,精英,27,10,17,華南永昌-虎尾,2024-06-06,9377
6257,矽格,45,29,16,華南永昌-虎尾,2024-06-06,9377
2489,瑞軒,97,81,16,華南永昌-虎尾,2024-06-06,9377
1314,中石化,30,15,15,華南永昌-虎尾,2024-06-06,9377
4532,瑞智,15,0,15,華南永昌-虎尾,2024-06-06,9377
2537,聯上發,15,1,14,華南永昌-虎尾,2024-06-06,9377
3062,建漢,14,1,13,華南永昌-虎尾,2024-06-06,9377
00904,新光臺灣半導體30,18,5,13,華南永昌-虎尾,2024-06-06,9377
2349,錸德,15,2,13,華南永昌-虎尾,2024-06-06,9377
6244,茂迪,13,0,13,華南永昌-虎尾,2024-06-06,9377
3229,晟鈦,11,0,11,華南永昌-虎尾,2024-06-06,9377
2543,皇昌,14,3,11,華南永昌-虎尾,2024-06-06,9377
6423,億而得-創,11,0,11,華南永昌-虎尾,2024-06-06,9377
00637L,元大滬深300正2,245,0,245,華南永昌-虎尾,2024-06-07,9377
00687B,國泰20年美債,159,5,154,華南永昌-虎尾,2024-06-07,9377
2331,精英,160,25,135,華南永昌-虎尾,2024-06-07,9377
00929,復華台灣科技優息,107,0,107,華南永昌-虎尾,2024-06-07,9377
2867,三商壽,120,26,94,華南永昌-虎尾,2024-06-07,9377
2303,聯電,99,15,84,華南永昌-虎尾,2024-06-07,9377
2312,金寶,96,29,67,華南永昌-虎尾,2024-06-07,9377
1815,富喬,301,243,58,華南永昌-虎尾,2024-06-07,9377
1312,國喬,52,0,52,華南永昌-虎尾,2024-06-07,9377
00650L,復華香港正2,50,0,50,華南永昌-虎尾,2024-06-07,9377
3231,緯創,44,1,43,華南永昌-虎尾,2024-06-07,9377
00936,台新永續高息中小,40,0,40,華南永昌-虎尾,2024-06-07,9377
2882,國泰金,40,0,40,華南永昌-虎尾,2024-06-07,9377
2365,昆盈,42,3,39,華南永昌-虎尾,2024-06-07,9377
1563,巧新,40,1,39,華南永昌-虎尾,2024-06-07,9377
1319,東陽,39,0,39,華南永昌-虎尾,2024-06-07,9377
1532,勤美,37,0,37,華南永昌-虎尾,2024-06-07,9377
00918,大華優利高填息30,35,0,35,華南永昌-虎尾,2024-06-07,9377
3037,欣興,37,6,31,華南永昌-虎尾,2024-06-07,9377
2449,京元電子,33,3,30,華南永昌-虎尾,2024-06-07,9377
2371,大同,39,11,28,華南永昌-虎尾,2024-06-07,9377
2356,英業達,30,3,27,華南永昌-虎尾,2024-06-07,9377
2820,華票,27,0,27,華南永昌-虎尾,2024-06-07,9377
6257,矽格,24,0,24,華南永昌-虎尾,2024-06-07,9377
2486,一詮,101,78,23,華南永昌-虎尾,2024-06-07,9377
3092,鴻碩,23,0,23,華南永昌-虎尾,2024-06-07,9377
2405,輔信,35,13,22,華南永昌-虎尾,2024-06-07,9377
1609,大亞,61,40,21,華南永昌-虎尾,2024-06-07,9377
3504,揚明光,21,0,21,華南永昌-虎尾,2024-06-07,9377
6147,頎邦,27,8,19,華南永昌-虎尾,2024-06-07,9377
3380,明泰,20,1,19,華南永昌-虎尾,2024-06-07,9377
5426,振發,20,1,19,華南永昌-虎尾,2024-06-07,9377
00919,群益台灣精選高息,20,2,18,華南永昌-虎尾,2024-06-07,9377
6207,雷科,28,11,17,華南永昌-虎尾,2024-06-07,9377
2367,燿華,67,52,15,華南永昌-虎尾,2024-06-07,9377
6143,振曜,15,0,15,華南永昌-虎尾,2024-06-07,9377
00912,中信臺灣智慧50,15,0,15,華南永昌-虎尾,2024-06-07,9377
6477,安集,14,0,14,華南永昌-虎尾,2024-06-07,9377
2002,中鋼,13,0,13,華南永昌-虎尾,2024-06-07,9377
2886,兆豐金,13,0,13,華南永昌-虎尾,2024-06-07,9377
2615,萬海,32,19,13,華南永昌-虎尾,2024-06-07,9377
2609,陽明,153,141,12,華南永昌-虎尾,2024-06-07,9377
3689,湧德,13,1,12,華南永昌-虎尾,2024-06-07,9377
2357,華碩,12,1,11,華南永昌-虎尾,2024-06-07,9377
2885,元大金,11,0,11,華南永昌-虎尾,2024-06-07,9377
1524,耿鼎,11,0,11,華南永昌-虎尾,2024-06-07,9377
3049,精金,11,0,11,華南永昌-虎尾,2024-06-07,9377
3052,夆典,12,1,11,華南永昌-虎尾,2024-06-07,9377
1440,南紡,11,0,11,華南永昌-虎尾,2024-06-07,9377
2049,上銀,10,0,10,華南永昌-虎尾,2024-06-07,9377
2610,華航,529,62,467,華南永昌-虎尾,2024-06-11,9377
9907,統一實,200,7,193,華南永昌-虎尾,2024-06-11,9377
00929,復華台灣科技優息,188,2,186,華南永昌-虎尾,2024-06-11,9377
2405,輔信,167,0,167,華南永昌-虎尾,2024-06-11,9377
1563,巧新,158,0,158,華南永昌-虎尾,2024-06-11,9377
4167,松瑞藥,160,37,123,華南永昌-虎尾,2024-06-11,9377
1615,大山,117,11,106,華南永昌-虎尾,2024-06-11,9377
00936,台新永續高息中小,92,0,92,華南永昌-虎尾,2024-06-11,9377
2331,精英,97,6,91,華南永昌-虎尾,2024-06-11,9377
2890,永豐金,80,0,80,華南永昌-虎尾,2024-06-11,9377
00918,大華優利高填息30,89,10,79,華南永昌-虎尾,2024-06-11,9377
2515,中工,82,13,69,華南永昌-虎尾,2024-06-11,9377
2312,金寶,65,0,65,華南永昌-虎尾,2024-06-11,9377
2303,聯電,82,17,65,華南永昌-虎尾,2024-06-11,9377
00637L,元大滬深300正2,102,40,62,華南永昌-虎尾,2024-06-11,9377
2485,兆赫,70,10,60,華南永昌-虎尾,2024-06-11,9377
00687B,國泰20年美債,58,0,58,華南永昌-虎尾,2024-06-11,9377
2344,華邦電,58,2,56,華南永昌-虎尾,2024-06-11,9377
00680L,元大美債20正2,55,0,55,華南永昌-虎尾,2024-06-11,9377
1504,東元,52,1,51,華南永昌-虎尾,2024-06-11,9377
2603,長榮,51,7,44,華南永昌-虎尾,2024-06-11,9377
8358,金居,55,12,43,華南永昌-虎尾,2024-06-11,9377
1608,華榮,57,16,41,華南永昌-虎尾,2024-06-11,9377
1618,合機,67,28,39,華南永昌-虎尾,2024-06-11,9377
1609,大亞,68,30,38,華南永昌-虎尾,2024-06-11,9377
00679B,元大美債20年,36,0,36,華南永昌-虎尾,2024-06-11,9377
2323,中環,44,12,32,華南永昌-虎尾,2024-06-11,9377
3231,緯創,51,20,31,華南永昌-虎尾,2024-06-11,9377
2834,臺企銀,35,5,30,華南永昌-虎尾,2024-06-11,9377
00919,群益台灣精選高息,36,6,30,華南永昌-虎尾,2024-06-11,9377
3481,群創,30,0,30,華南永昌-虎尾,2024-06-11,9377
3707,漢磊,30,0,30,華南永昌-虎尾,2024-06-11,9377
5392,能率,30,0,30,華南永昌-虎尾,2024-06-11,9377
00878,國泰永續高股息,31,2,29,華南永昌-虎尾,2024-06-11,9377
1909,榮成,25,0,25,華南永昌-虎尾,2024-06-11,9377
9945,潤泰新,84,60,24,華南永昌-虎尾,2024-06-11,9377
2301,光寶科,28,6,22,華南永昌-虎尾,2024-06-11,9377
9105,泰金寶-DR,21,0,21,華南永昌-虎尾,2024-06-11,9377
1218,泰山,21,0,21,華南永昌-虎尾,2024-06-11,9377
2356,英業達,30,9,21,華南永昌-虎尾,2024-06-11,9377
3041,揚智,20,0,20,華南永昌-虎尾,2024-06-11,9377
00933B,國泰10Y+金融債,20,0,20,華南永昌-虎尾,2024-06-11,9377
00891,中信關鍵半導體,20,0,20,華南永昌-虎尾,2024-06-11,9377
00881,國泰台灣5G+,20,0,20,華南永昌-虎尾,2024-06-11,9377
2547,日勝生,20,0,20,華南永昌-虎尾,2024-06-11,9377
2354,鴻準,43,24,19,華南永昌-虎尾,2024-06-11,9377
2002,中鋼,19,0,19,華南永昌-虎尾,2024-06-11,9377
00764B,群益25年美債,19,0,19,華南永昌-虎尾,2024-06-11,9377
00712,復華富時不動產,20,1,19,華南永昌-虎尾,2024-06-11,9377
2636,台驊控股,19,1,18,華南永昌-虎尾,2024-06-11,9377
00948B,中信優息投資級債,402,51,351,華南永昌-虎尾,2024-06-12,9377
2897,王道銀行,100,0,100,華南永昌-虎尾,2024-06-12,9377
2609,陽明,165,70,95,華南永昌-虎尾,2024-06-12,9377
2323,中環,105,20,85,華南永昌-虎尾,2024-06-12,9377
2406,國碩,50,3,47,華南永昌-虎尾,2024-06-12,9377
2009,第一銅,42,1,41,華南永昌-虎尾,2024-06-12,9377
2330,台積電,65,27,38,華南永昌-虎尾,2024-06-12,9377
2486,一詮,45,8,37,華南永昌-虎尾,2024-06-12,9377
2354,鴻準,67,31,36,華南永昌-虎尾,2024-06-12,9377
00679B,元大美債20年,50,14,36,華南永昌-虎尾,2024-06-12,9377
1909,榮成,35,0,35,華南永昌-虎尾,2024-06-12,9377
2374,佳能,39,6,33,華南永昌-虎尾,2024-06-12,9377
1101,台泥,33,1,32,華南永昌-虎尾,2024-06-12,9377
00918,大華優利高填息30,31,0,31,華南永昌-虎尾,2024-06-12,9377
00650L,復華香港正2,30,0,30,華南永昌-虎尾,2024-06-12,9377
6788,華景電,32,2,30,華南永昌-虎尾,2024-06-12,9377
2367,燿華,71,42,29,華南永昌-虎尾,2024-06-12,9377
00751B,元大AAA至A公司債,25,0,25,華南永昌-虎尾,2024-06-12,9377
1701,中化,25,0,25,華南永昌-虎尾,2024-06-12,9377
2312,金寶,24,0,24,華南永昌-虎尾,2024-06-12,9377
00942B,台新美A公司債20+,23,0,23,華南永昌-虎尾,2024-06-12,9377
6282,康舒,22,0,22,華南永昌-虎尾,2024-06-12,9377
00673R,期元大S＆P原油反1,20,0,20,華南永昌-虎尾,2024-06-12,9377
2501,國建,21,1,20,華南永昌-虎尾,2024-06-12,9377
6257,矽格,20,0,20,華南永昌-虎尾,2024-06-12,9377
3231,緯創,35,16,19,華南永昌-虎尾,2024-06-12,9377
00936,台新永續高息中小,21,2,19,華南永昌-虎尾,2024-06-12,9377
1587,吉茂,21,2,19,華南永昌-虎尾,2024-06-12,9377
2867,三商壽,43,25,18,華南永昌-虎尾,2024-06-12,9377
1504,東元,20,3,17,華南永昌-虎尾,2024-06-12,9377
2105,正新,16,0,16,華南永昌-虎尾,2024-06-12,9377
1609,大亞,34,18,16,華南永昌-虎尾,2024-06-12,9377
2201,裕隆,17,1,16,華南永昌-虎尾,2024-06-12,9377
2515,中工,21,5,16,華南永昌-虎尾,2024-06-12,9377
6477,安集,16,0,16,華南永昌-虎尾,2024-06-12,9377
9904,寶成,16,0,16,華南永昌-虎尾,2024-06-12,9377
3047,訊舟,43,27,16,華南永昌-虎尾,2024-06-12,9377
00901,永豐智能車供應鏈,15,0,15,華南永昌-虎尾,2024-06-12,9377
00720B,元大投資級公司債,15,0,15,華南永昌-虎尾,2024-06-12,9377
2705,六福,15,0,15,華南永昌-虎尾,2024-06-12,9377
2903,遠百,15,0,15,華南永昌-虎尾,2024-06-12,9377
4157,太景*-KY,20,5,15,華南永昌-虎尾,2024-06-12,9377
8110,華東,17,2,15,華南永昌-虎尾,2024-06-12,9377
2881,富邦金,17,2,15,華南永昌-虎尾,2024-06-12,9377
2834,臺企銀,15,0,15,華南永昌-虎尾,2024-06-12,9377
2615,萬海,41,26,15,華南永昌-虎尾,2024-06-12,9377
3041,揚智,14,0,14,華南永昌-虎尾,2024-06-12,9377
00881,國泰台灣5G+,15,1,14,華南永昌-虎尾,2024-06-12,9377
00687B,國泰20年美債,34,20,14,華南永昌-虎尾,2024-06-12,9377
00919,群益台灣精選高息,29,15,14,華南永昌-虎尾,2024-06-12,9377
9907,統一實,285,0,285,華南永昌-虎尾,2024-06-13,9377
2367,燿華,197,20,177,華南永昌-虎尾,2024-06-13,9377
00664R,國泰臺灣加權反1,160,0,160,華南永昌-虎尾,2024-06-13,9377
00881,國泰台灣5G+,146,2,144,華南永昌-虎尾,2024-06-13,9377
3202,樺晟,114,0,114,華南永昌-虎尾,2024-06-13,9377
2801,彰銀,111,0,111,華南永昌-虎尾,2024-06-13,9377
00922,國泰台灣領袖50,90,0,90,華南永昌-虎尾,2024-06-13,9377
2867,三商壽,86,3,83,華南永昌-虎尾,2024-06-13,9377
3052,夆典,62,0,62,華南永昌-虎尾,2024-06-13,9377
2426,鼎元,60,6,54,華南永昌-虎尾,2024-06-13,9377
00947,台新臺灣IC設計,53,0,53,華南永昌-虎尾,2024-06-13,9377
00706L,期元大S＆P日圓正2,50,0,50,華南永昌-虎尾,2024-06-13,9377
00637L,元大滬深300正2,75,40,35,華南永昌-虎尾,2024-06-13,9377
2002,中鋼,34,0,34,華南永昌-虎尾,2024-06-13,9377
00936,台新永續高息中小,44,11,33,華南永昌-虎尾,2024-06-13,9377
4909,新復興,35,2,33,華南永昌-虎尾,2024-06-13,9377
3024,憶聲,32,0,32,華南永昌-虎尾,2024-06-13,9377
2323,中環,50,21,29,華南永昌-虎尾,2024-06-13,9377
8183,精星,27,0,27,華南永昌-虎尾,2024-06-13,9377
6147,頎邦,26,0,26,華南永昌-虎尾,2024-06-13,9377
2344,華邦電,36,11,25,華南永昌-虎尾,2024-06-13,9377
2501,國建,25,1,24,華南永昌-虎尾,2024-06-13,9377
3229,晟鈦,23,0,23,華南永昌-虎尾,2024-06-13,9377
4157,太景*-KY,22,0,22,華南永昌-虎尾,2024-06-13,9377
6284,佳邦,41,19,22,華南永昌-虎尾,2024-06-13,9377
2382,廣達,31,10,21,華南永昌-虎尾,2024-06-13,9377
00933B,國泰10Y+金融債,29,8,21,華南永昌-虎尾,2024-06-13,9377
2349,錸德,20,0,20,華南永昌-虎尾,2024-06-13,9377
3027,盛達,20,0,20,華南永昌-虎尾,2024-06-13,9377
1504,東元,17,0,17,華南永昌-虎尾,2024-06-13,9377
2913,農林,20,3,17,華南永昌-虎尾,2024-06-13,9377
3032,偉訓,17,0,17,華南永昌-虎尾,2024-06-13,9377
8112,至上,19,3,16,華南永昌-虎尾,2024-06-13,9377
1802,台玻,16,0,16,華南永昌-虎尾,2024-06-13,9377
00673R,期元大S＆P原油反1,15,0,15,華南永昌-虎尾,2024-06-13,9377
00918,大華優利高填息30,16,1,15,華南永昌-虎尾,2024-06-13,9377
00942B,台新美A公司債20+,14,0,14,華南永昌-虎尾,2024-06-13,9377
2427,三商電,21,7,14,華南永昌-虎尾,2024-06-13,9377
6548,長科*,16,2,14,華南永昌-虎尾,2024-06-13,9377
6706,惠特,19,5,14,華南永昌-虎尾,2024-06-13,9377
2365,昆盈,14,1,13,華南永昌-虎尾,2024-06-13,9377
6125,廣運,20,7,13,華南永昌-虎尾,2024-06-13,9377
00753L,中信中國50正2,23,10,13,華南永昌-虎尾,2024-06-13,9377
2454,聯發科,21,9,12,華南永昌-虎尾,2024-06-13,9377
00923,群益台ESG低碳50,13,2,11,華南永昌-虎尾,2024-06-13,9377
2464,盟立,31,20,11,華南永昌-虎尾,2024-06-13,9377
6163,華電網,11,0,11,華南永昌-虎尾,2024-06-13,9377
6505,台塑化,11,0,11,華南永昌-虎尾,2024-06-13,9377
2104,國際中橡,10,0,10,華南永昌-虎尾,2024-06-13,9377
2483,百容,10,0,10,華南永昌-虎尾,2024-06-13,9377
2371,大同,234,101,133,華南永昌-虎尾,2024-06-14,9377
00918,大華優利高填息30,115,0,115,華南永昌-虎尾,2024-06-14,9377
2489,瑞軒,213,105,108,華南永昌-虎尾,2024-06-14,9377
00673R,期元大S＆P原油反1,100,0,100,華南永昌-虎尾,2024-06-14,9377
6869,雲豹能源,100,0,100,華南永昌-虎尾,2024-06-14,9377
2890,永豐金,95,0,95,華南永昌-虎尾,2024-06-14,9377
2354,鴻準,96,24,72,華南永昌-虎尾,2024-06-14,9377
00878,國泰永續高股息,44,0,44,華南永昌-虎尾,2024-06-14,9377
00907,永豐優息存股,42,2,40,華南永昌-虎尾,2024-06-14,9377
2363,矽統,65,26,39,華南永昌-虎尾,2024-06-14,9377
6239,力成,35,0,35,華南永昌-虎尾,2024-06-14,9377
2888,新光金,65,33,32,華南永昌-虎尾,2024-06-14,9377
3037,欣興,35,3,32,華南永昌-虎尾,2024-06-14,9377
2605,新興,42,12,30,華南永昌-虎尾,2024-06-14,9377
3202,樺晟,33,3,30,華南永昌-虎尾,2024-06-14,9377
3052,夆典,27,0,27,華南永昌-虎尾,2024-06-14,9377
2495,普安,21,0,21,華南永昌-虎尾,2024-06-14,9377
2723,美食-KY,21,0,21,華南永昌-虎尾,2024-06-14,9377
00679B,元大美債20年,21,1,20,華南永昌-虎尾,2024-06-14,9377
2349,錸德,20,0,20,華南永昌-虎尾,2024-06-14,9377
2812,台中銀,20,0,20,華南永昌-虎尾,2024-06-14,9377
00942B,台新美A公司債20+,19,0,19,華南永昌-虎尾,2024-06-14,9377
6284,佳邦,36,17,19,華南永昌-虎尾,2024-06-14,9377
2486,一詮,71,52,19,華南永昌-虎尾,2024-06-14,9377
6139,亞翔,23,5,18,華南永昌-虎尾,2024-06-14,9377
3312,弘憶股,18,1,17,華南永昌-虎尾,2024-06-14,9377
00921,兆豐龍頭等權重,15,0,15,華南永昌-虎尾,2024-06-14,9377
1513,中興電,41,26,15,華南永昌-虎尾,2024-06-14,9377
1325,恆大,15,1,14,華南永昌-虎尾,2024-06-14,9377
2615,萬海,43,29,14,華南永昌-虎尾,2024-06-14,9377
5381,合正,15,1,14,華南永昌-虎尾,2024-06-14,9377
2834,臺企銀,15,1,14,華南永昌-虎尾,2024-06-14,9377
2880,華南金,14,1,13,華南永昌-虎尾,2024-06-14,9377
3019,亞光,13,0,13,華南永昌-虎尾,2024-06-14,9377
3213,茂訊,13,0,13,華南永昌-虎尾,2024-06-14,9377
3372,典範,13,0,13,華南永昌-虎尾,2024-06-14,9377
2427,三商電,13,0,13,華南永昌-虎尾,2024-06-14,9377
1301,台塑,14,1,13,華南永昌-虎尾,2024-06-14,9377
2365,昆盈,13,1,12,華南永昌-虎尾,2024-06-14,9377
1785,光洋科,31,19,12,華南永昌-虎尾,2024-06-14,9377
2406,國碩,32,20,12,華南永昌-虎尾,2024-06-14,9377
1587,吉茂,14,2,12,華南永昌-虎尾,2024-06-14,9377
00753L,中信中國50正2,31,20,11,華南永昌-虎尾,2024-06-14,9377
00947,台新臺灣IC設計,11,0,11,華南永昌-虎尾,2024-06-14,9377
2611,志信,12,1,11,華南永昌-虎尾,2024-06-14,9377
2867,三商壽,11,0,11,華南永昌-虎尾,2024-06-14,9377
8039,台虹,11,0,11,華南永昌-虎尾,2024-06-14,9377
3035,智原,14,4,10,華南永昌-虎尾,2024-06-14,9377
2337,旺宏,15,5,10,華南永昌-虎尾,2024-06-14,9377
00902,中信電池及儲能,10,0,10,華南永昌-虎尾,2024-06-14,9377
00919,群益台灣精選高息,143,20,123,華南永昌-虎尾,2024-06-17,9377
1522,堤維西,102,0,102,華南永昌-虎尾,2024-06-17,9377
2891,中信金,100,0,100,華南永昌-虎尾,2024-06-17,9377
00918,大華優利高填息30,97,0,97,華南永昌-虎尾,2024-06-17,9377
6873,泓德能源,82,0,82,華南永昌-虎尾,2024-06-17,9377
2312,金寶,107,29,78,華南永昌-虎尾,2024-06-17,9377
1563,巧新,224,157,67,華南永昌-虎尾,2024-06-17,9377
00936,台新永續高息中小,81,19,62,華南永昌-虎尾,2024-06-17,9377
3105,穩懋,61,3,58,華南永昌-虎尾,2024-06-17,9377
2349,錸德,57,0,57,華南永昌-虎尾,2024-06-17,9377
1802,台玻,98,49,49,華南永昌-虎尾,2024-06-17,9377
2356,英業達,54,5,49,華南永昌-虎尾,2024-06-17,9377
3202,樺晟,58,10,48,華南永昌-虎尾,2024-06-17,9377
912000,晨訊科-DR,50,7,43,華南永昌-虎尾,2024-06-17,9377
1605,華新,41,0,41,華南永昌-虎尾,2024-06-17,9377
6133,金橋,40,0,40,華南永昌-虎尾,2024-06-17,9377
1608,華榮,43,4,39,華南永昌-虎尾,2024-06-17,9377
2888,新光金,50,13,37,華南永昌-虎尾,2024-06-17,9377
3231,緯創,39,4,35,華南永昌-虎尾,2024-06-17,9377
8383,千附,35,0,35,華南永昌-虎尾,2024-06-17,9377
6869,雲豹能源,42,8,34,華南永昌-虎尾,2024-06-17,9377
2515,中工,31,0,31,華南永昌-虎尾,2024-06-17,9377
006205,富邦上証,30,0,30,華南永昌-虎尾,2024-06-17,9377
2354,鴻準,33,3,30,華南永昌-虎尾,2024-06-17,9377
2025,千興,32,3,29,華南永昌-虎尾,2024-06-17,9377
00946,群益科技高息成長,28,0,28,華南永昌-虎尾,2024-06-17,9377
4976,佳凌,28,0,28,華南永昌-虎尾,2024-06-17,9377
00942B,台新美A公司債20+,27,0,27,華南永昌-虎尾,2024-06-17,9377
3380,明泰,29,2,27,華南永昌-虎尾,2024-06-17,9377
2401,凌陽,31,5,26,華南永昌-虎尾,2024-06-17,9377
3052,夆典,24,0,24,華南永昌-虎尾,2024-06-17,9377
00902,中信電池及儲能,23,0,23,華南永昌-虎尾,2024-06-17,9377
00948B,中信優息投資級債,23,0,23,華南永昌-虎尾,2024-06-17,9377
1473,台南,23,0,23,華南永昌-虎尾,2024-06-17,9377
1504,東元,25,3,22,華南永昌-虎尾,2024-06-17,9377
00921,兆豐龍頭等權重,20,0,20,華南永昌-虎尾,2024-06-17,9377
00915,凱基優選高股息30,20,0,20,華南永昌-虎尾,2024-06-17,9377
00712,復華富時不動產,20,0,20,華南永昌-虎尾,2024-06-17,9377
5522,遠雄,18,0,18,華南永昌-虎尾,2024-06-17,9377
00713,元大台灣高息低波,17,0,17,華南永昌-虎尾,2024-06-17,9377
1618,合機,57,40,17,華南永昌-虎尾,2024-06-17,9377
6547,高端疫苗,20,3,17,華南永昌-虎尾,2024-06-17,9377
2330,台積電,18,1,17,華南永昌-虎尾,2024-06-17,9377
2867,三商壽,23,7,16,華南永昌-虎尾,2024-06-17,9377
00687B,國泰20年美債,21,5,16,華南永昌-虎尾,2024-06-17,9377
2897,王道銀行,116,100,16,華南永昌-虎尾,2024-06-17,9377
8084,巨虹,16,0,16,華南永昌-虎尾,2024-06-17,9377
2428,興勤,23,8,15,華南永昌-虎尾,2024-06-17,9377
2542,興富發,17,2,15,華南永昌-虎尾,2024-06-17,9377
1101,台泥,17,2,15,華南永昌-虎尾,2024-06-17,9377
00664R,國泰臺灣加權反1,181,0,181,華南永昌-虎尾,2024-06-18,9377
2489,瑞軒,272,100,172,華南永昌-虎尾,2024-06-18,9377
2888,新光金,245,78,167,華南永昌-虎尾,2024-06-18,9377
1504,東元,144,0,144,華南永昌-虎尾,2024-06-18,9377
2610,華航,221,82,139,華南永昌-虎尾,2024-06-18,9377
00632R,元大台灣50反1,112,0,112,華南永昌-虎尾,2024-06-18,9377
1563,巧新,111,2,109,華南永昌-虎尾,2024-06-18,9377
8011,台通,80,2,78,華南永昌-虎尾,2024-06-18,9377
1802,台玻,79,11,68,華南永昌-虎尾,2024-06-18,9377
00936,台新永續高息中小,86,31,55,華南永昌-虎尾,2024-06-18,9377
2009,第一銅,50,0,50,華南永昌-虎尾,2024-06-18,9377
2353,宏��,50,3,47,華南永昌-虎尾,2024-06-18,9377
00937B,群益ESG投等債20,45,0,45,華南永昌-虎尾,2024-06-18,9377
911868,同方友友-DR,45,0,45,華南永昌-虎尾,2024-06-18,9377
1303,南亞,40,0,40,華南永昌-虎尾,2024-06-18,9377
00673R,期元大S＆P原油反1,40,0,40,華南永昌-虎尾,2024-06-18,9377
6170,統振,40,4,36,華南永昌-虎尾,2024-06-18,9377
3481,群創,87,52,35,華南永昌-虎尾,2024-06-18,9377
1522,堤維西,82,48,34,華南永昌-虎尾,2024-06-18,9377
2349,錸德,42,11,31,華南永昌-虎尾,2024-06-18,9377
912000,晨訊科-DR,50,20,30,華南永昌-虎尾,2024-06-18,9377
2883,凱基金,39,10,29,華南永昌-虎尾,2024-06-18,9377
1301,台塑,37,11,26,華南永昌-虎尾,2024-06-18,9377
00918,大華優利高填息30,51,25,26,華南永昌-虎尾,2024-06-18,9377
00637L,元大滬深300正2,50,25,25,華南永昌-虎尾,2024-06-18,9377
8358,金居,25,0,25,華南永昌-虎尾,2024-06-18,9377
2367,燿華,35,10,25,華南永昌-虎尾,2024-06-18,9377
2363,矽統,39,16,23,華南永昌-虎尾,2024-06-18,9377
8028,昇陽半導體,27,5,22,華南永昌-虎尾,2024-06-18,9377
6770,力積電,33,12,21,華南永昌-虎尾,2024-06-18,9377
00687B,國泰20年美債,21,0,21,華南永昌-虎尾,2024-06-18,9377
00947,台新臺灣IC設計,21,0,21,華南永昌-虎尾,2024-06-18,9377
2323,中環,31,11,20,華南永昌-虎尾,2024-06-18,9377
1402,遠東新,23,3,20,華南永昌-虎尾,2024-06-18,9377
2365,昆盈,21,1,20,華南永昌-虎尾,2024-06-18,9377
2301,光寶科,21,2,19,華南永昌-虎尾,2024-06-18,9377
2002,中鋼,18,0,18,華南永昌-虎尾,2024-06-18,9377
2486,一詮,35,17,18,華南永昌-虎尾,2024-06-18,9377
00946,群益科技高息成長,17,0,17,華南永昌-虎尾,2024-06-18,9377
2402,毅嘉,20,3,17,華南永昌-虎尾,2024-06-18,9377
3376,新日興,21,4,17,華南永昌-虎尾,2024-06-18,9377
3287,廣寰科,20,3,17,華南永昌-虎尾,2024-06-18,9377
00680L,元大美債20正2,15,0,15,華南永昌-虎尾,2024-06-18,9377
00753L,中信中國50正2,21,6,15,華南永昌-虎尾,2024-06-18,9377
2371,大同,100,85,15,華南永昌-虎尾,2024-06-18,9377
2801,彰銀,15,0,15,華南永昌-虎尾,2024-06-18,9377
3284,太普高,15,0,15,華南永昌-虎尾,2024-06-18,9377
3013,晟銘電,16,2,14,華南永昌-虎尾,2024-06-18,9377
4976,佳凌,17,4,13,華南永昌-虎尾,2024-06-18,9377
6213,聯茂,13,0,13,華南永昌-虎尾,2024-06-18,9377
00676R,富邦臺灣加權反1,1005,25,980,華南永昌-虎尾,2024-06-19,9377
00892,富邦台灣半導體,540,0,540,華南永昌-虎尾,2024-06-19,9377
00632R,元大台灣50反1,417,31,386,華南永昌-虎尾,2024-06-19,9377
00933B,國泰10Y+金融債,352,1,351,華南永昌-虎尾,2024-06-19,9377
2312,金寶,349,14,335,華南永昌-虎尾,2024-06-19,9377
2371,大同,245,97,148,華南永昌-虎尾,2024-06-19,9377
9105,泰金寶-DR,142,10,132,華南永昌-虎尾,2024-06-19,9377
00942B,台新美A公司債20+,132,2,130,華南永昌-虎尾,2024-06-19,9377
00929,復華台灣科技優息,205,75,130,華南永昌-虎尾,2024-06-19,9377
2489,瑞軒,156,29,127,華南永昌-虎尾,2024-06-19,9377
00919,群益台灣精選高息,149,50,99,華南永昌-虎尾,2024-06-19,9377
00688L,國泰20年美債正2,95,4,91,華南永昌-虎尾,2024-06-19,9377
3372,典範,256,171,85,華南永昌-虎尾,2024-06-19,9377
1815,富喬,131,56,75,華南永昌-虎尾,2024-06-19,9377
00935,野村臺灣新科技50,68,1,67,華南永昌-虎尾,2024-06-19,9377
2609,陽明,121,56,65,華南永昌-虎尾,2024-06-19,9377
00673R,期元大S＆P原油反1,60,0,60,華南永昌-虎尾,2024-06-19,9377
2002,中鋼,62,3,59,華南永昌-虎尾,2024-06-19,9377
8906,花王,55,0,55,華南永昌-虎尾,2024-06-19,9377
00936,台新永續高息中小,59,5,54,華南永昌-虎尾,2024-06-19,9377
00664R,國泰臺灣加權反1,50,0,50,華南永昌-虎尾,2024-06-19,9377
6265,方土昶,44,0,44,華南永昌-虎尾,2024-06-19,9377
2408,南亞科,68,24,44,華南永昌-虎尾,2024-06-19,9377
6190,萬泰科,50,7,43,華南永昌-虎尾,2024-06-19,9377
00940,元大台灣價值高息,82,47,35,華南永昌-虎尾,2024-06-19,9377
5426,振發,31,0,31,華南永昌-虎尾,2024-06-19,9377
2458,義隆,30,0,30,華南永昌-虎尾,2024-06-19,9377
8401,白紗科,30,0,30,華南永昌-虎尾,2024-06-19,9377
4915,致伸,30,1,29,華南永昌-虎尾,2024-06-19,9377
2606,裕民,29,2,27,華南永昌-虎尾,2024-06-19,9377
6217,中探針,25,0,25,華南永昌-虎尾,2024-06-19,9377
3260,威剛,27,3,24,華南永昌-虎尾,2024-06-19,9377
1609,大亞,30,8,22,華南永昌-虎尾,2024-06-19,9377
1616,億泰,32,10,22,華南永昌-虎尾,2024-06-19,9377
4157,太景*-KY,22,0,22,華南永昌-虎尾,2024-06-19,9377
5392,能率,22,0,22,華南永昌-虎尾,2024-06-19,9377
00905,FT臺灣Smart,20,0,20,華南永昌-虎尾,2024-06-19,9377
2615,萬海,53,33,20,華南永昌-虎尾,2024-06-19,9377
6284,佳邦,20,0,20,華南永昌-虎尾,2024-06-19,9377
2340,台亞,20,0,20,華南永昌-虎尾,2024-06-19,9377
5243,乙盛-KY,18,0,18,華南永昌-虎尾,2024-06-19,9377
2368,金像電,18,1,17,華南永昌-虎尾,2024-06-19,9377
9934,成霖,17,0,17,華南永昌-虎尾,2024-06-19,9377
2353,宏��,42,25,17,華南永昌-虎尾,2024-06-19,9377
00713,元大台灣高息低波,17,1,16,華南永昌-虎尾,2024-06-19,9377
3047,訊舟,29,13,16,華南永昌-虎尾,2024-06-19,9377
2330,台積電,21,6,15,華南永昌-虎尾,2024-06-19,9377
00901,永豐智能車供應鏈,15,0,15,華南永昌-虎尾,2024-06-19,9377
3673,TPK-KY,15,0,15,華南永昌-虎尾,2024-06-19,9377
3006,晶豪科,15,1,14,華南永昌-虎尾,2024-06-19,9377
00940,元大台灣價值高息,261,39,222,華南永昌-虎尾,2024-06-20,9377
00632R,元大台灣50反1,120,3,117,華南永昌-虎尾,2024-06-20,9377
00936,台新永續高息中小,102,5,97,華南永昌-虎尾,2024-06-20,9377
1522,堤維西,102,5,97,華南永昌-虎尾,2024-06-20,9377
4915,致伸,67,0,67,華南永昌-虎尾,2024-06-20,9377
2615,萬海,97,36,61,華南永昌-虎尾,2024-06-20,9377
00687B,國泰20年美債,60,0,60,華南永昌-虎尾,2024-06-20,9377
4306,炎洲,68,16,52,華南永昌-虎尾,2024-06-20,9377
2353,宏��,66,19,47,華南永昌-虎尾,2024-06-20,9377
2885,元大金,50,6,44,華南永昌-虎尾,2024-06-20,9377
2371,大同,97,53,44,華南永昌-虎尾,2024-06-20,9377
00947,台新臺灣IC設計,40,0,40,華南永昌-虎尾,2024-06-20,9377
00679B,元大美債20年,38,1,37,華南永昌-虎尾,2024-06-20,9377
2368,金像電,43,6,37,華南永昌-虎尾,2024-06-20,9377
00937B,群益ESG投等債20,37,1,36,華南永昌-虎尾,2024-06-20,9377
2888,新光金,36,0,36,華南永昌-虎尾,2024-06-20,9377
00673R,期元大S＆P原油反1,30,0,30,華南永昌-虎尾,2024-06-20,9377
2501,國建,46,20,26,華南永昌-虎尾,2024-06-20,9377
6188,廣明,27,2,25,華南永昌-虎尾,2024-06-20,9377
1815,富喬,176,151,25,華南永昌-虎尾,2024-06-20,9377
00753L,中信中國50正2,44,20,24,華南永昌-虎尾,2024-06-20,9377
1608,華榮,27,4,23,華南永昌-虎尾,2024-06-20,9377
00665L,富邦�琤肭磪囓�2,24,3,21,華南永昌-虎尾,2024-06-20,9377
2449,京元電子,25,4,21,華南永昌-虎尾,2024-06-20,9377
00637L,元大滬深300正2,90,70,20,華南永昌-虎尾,2024-06-20,9377
3257,虹冠電,20,0,20,華南永昌-虎尾,2024-06-20,9377
3481,群創,23,4,19,華南永昌-虎尾,2024-06-20,9377
9905,大華,19,0,19,華南永昌-虎尾,2024-06-20,9377
3339,泰谷,20,1,19,華南永昌-虎尾,2024-06-20,9377
3048,益登,34,16,18,華南永昌-虎尾,2024-06-20,9377
2105,正新,18,0,18,華南永昌-虎尾,2024-06-20,9377
6160,欣技,18,0,18,華南永昌-虎尾,2024-06-20,9377
1513,中興電,26,9,17,華南永昌-虎尾,2024-06-20,9377
1609,大亞,39,22,17,華南永昌-虎尾,2024-06-20,9377
6215,和椿,17,0,17,華南永昌-虎尾,2024-06-20,9377
2328,廣宇,20,4,16,華南永昌-虎尾,2024-06-20,9377
1216,統一,18,2,16,華南永昌-虎尾,2024-06-20,9377
00933B,國泰10Y+金融債,15,0,15,華南永昌-虎尾,2024-06-20,9377
00664R,國泰臺灣加權反1,15,0,15,華南永昌-虎尾,2024-06-20,9377
6275,元山,15,0,15,華南永昌-虎尾,2024-06-20,9377
6456,GIS-KY,16,1,15,華南永昌-虎尾,2024-06-20,9377
2330,台積電,16,1,15,華南永昌-虎尾,2024-06-20,9377
2393,億光,14,0,14,華南永昌-虎尾,2024-06-20,9377
2354,鴻準,74,61,13,華南永昌-虎尾,2024-06-20,9377
2365,昆盈,43,30,13,華南永昌-虎尾,2024-06-20,9377
00680L,元大美債20正2,12,0,12,華南永昌-虎尾,2024-06-20,9377
2363,矽統,26,14,12,華南永昌-虎尾,2024-06-20,9377
6235,華孚,27,15,12,華南永昌-虎尾,2024-06-20,9377
2801,彰銀,13,1,12,華南永昌-虎尾,2024-06-20,9377
3231,緯創,32,21,11,華南永昌-虎尾,2024-06-20,9377
00937B,群益ESG投等債20,1005,0,1005,華南永昌-虎尾,2024-06-21,9377
2888,新光金,404,101,303,華南永昌-虎尾,2024-06-21,9377
6173,信昌電,163,3,160,華南永昌-虎尾,2024-06-21,9377
00637L,元大滬深300正2,121,0,121,華南永昌-虎尾,2024-06-21,9377
00936,台新永續高息中小,115,0,115,華南永昌-虎尾,2024-06-21,9377
912000,晨訊科-DR,100,0,100,華南永昌-虎尾,2024-06-21,9377
2520,冠德,95,0,95,華南永昌-虎尾,2024-06-21,9377
2303,聯電,112,18,94,華南永昌-虎尾,2024-06-21,9377
2323,中環,130,41,89,華南永昌-虎尾,2024-06-21,9377
6217,中探針,90,2,88,華南永昌-虎尾,2024-06-21,9377
3048,益登,98,21,77,華南永昌-虎尾,2024-06-21,9377
2382,廣達,90,15,75,華南永昌-虎尾,2024-06-21,9377
2371,大同,89,21,68,華南永昌-虎尾,2024-06-21,9377
2409,友達,109,54,55,華南永昌-虎尾,2024-06-21,9377
00753L,中信中國50正2,53,2,51,華南永昌-虎尾,2024-06-21,9377
2609,陽明,173,122,51,華南永昌-虎尾,2024-06-21,9377
1326,台化,51,1,50,華南永昌-虎尾,2024-06-21,9377
6015,宏遠證,50,0,50,華南永昌-虎尾,2024-06-21,9377
1522,堤維西,54,6,48,華南永昌-虎尾,2024-06-21,9377
00673R,期元大S＆P原油反1,40,0,40,華南永昌-虎尾,2024-06-21,9377
8039,台虹,43,3,40,華南永昌-虎尾,2024-06-21,9377
1708,東鹼,38,0,38,華南永昌-虎尾,2024-06-21,9377
6443,元晶,32,1,31,華南永昌-虎尾,2024-06-21,9377
00940,元大台灣價值高息,40,10,30,華南永昌-虎尾,2024-06-21,9377
00632R,元大台灣50反1,30,0,30,華南永昌-虎尾,2024-06-21,9377
6547,高端疫苗,30,0,30,華南永昌-虎尾,2024-06-21,9377
00918,大華優利高填息30,37,10,27,華南永昌-虎尾,2024-06-21,9377
2801,彰銀,27,1,26,華南永昌-虎尾,2024-06-21,9377
5530,龍巖,26,0,26,華南永昌-虎尾,2024-06-21,9377
2317,鴻海,75,49,26,華南永昌-虎尾,2024-06-21,9377
00679B,元大美債20年,25,0,25,華南永昌-虎尾,2024-06-21,9377
9945,潤泰新,25,1,24,華南永昌-虎尾,2024-06-21,9377
3052,夆典,24,0,24,華南永昌-虎尾,2024-06-21,9377
3234,光環,23,0,23,華南永昌-虎尾,2024-06-21,9377
1301,台塑,23,1,22,華南永昌-虎尾,2024-06-21,9377
911608,明輝-DR,23,2,21,華南永昌-虎尾,2024-06-21,9377
00655L,國泰中國A50正2,20,0,20,華南永昌-虎尾,2024-06-21,9377
2363,矽統,35,16,19,華南永昌-虎尾,2024-06-21,9377
3029,零壹,19,0,19,華南永昌-虎尾,2024-06-21,9377
00878,國泰永續高股息,21,3,18,華南永昌-虎尾,2024-06-21,9377
8011,台通,28,10,18,華南永昌-虎尾,2024-06-21,9377
4956,光鋐,30,12,18,華南永昌-虎尾,2024-06-21,9377
00687B,國泰20年美債,17,0,17,華南永昌-虎尾,2024-06-21,9377
2354,鴻準,25,8,17,華南永昌-虎尾,2024-06-21,9377
00882,中信中國高股息,15,0,15,華南永昌-虎尾,2024-06-21,9377
2301,光寶科,39,24,15,華南永昌-虎尾,2024-06-21,9377
8021,尖點,15,0,15,華南永昌-虎尾,2024-06-21,9377
2498,宏達電,37,23,14,華南永昌-虎尾,2024-06-21,9377
6598,ABC-KY,17,3,14,華南永昌-虎尾,2024-06-21,9377
8105,凌巨,19,5,14,華南永昌-虎尾,2024-06-21,9377
00937B,群益ESG投等債20,603,20,583,華南永昌-虎尾,2024-06-24,9377
2888,新光金,247,0,247,華南永昌-虎尾,2024-06-24,9377
00679B,元大美債20年,237,2,235,華南永昌-虎尾,2024-06-24,9377
6015,宏遠證,220,0,220,華南永昌-虎尾,2024-06-24,9377
2317,鴻海,159,15,144,華南永昌-虎尾,2024-06-24,9377
00936,台新永續高息中小,140,0,140,華南永昌-虎尾,2024-06-24,9377
8358,金居,128,3,125,華南永昌-虎尾,2024-06-24,9377
3481,群創,278,173,105,華南永昌-虎尾,2024-06-24,9377
3686,達能,96,0,96,華南永昌-虎尾,2024-06-24,9377
1815,富喬,141,56,85,華南永昌-虎尾,2024-06-24,9377
00919,群益台灣精選高息,78,1,77,華南永昌-虎尾,2024-06-24,9377
00929,復華台灣科技優息,81,6,75,華南永昌-虎尾,2024-06-24,9377
1701,中化,70,0,70,華南永昌-虎尾,2024-06-24,9377
3231,緯創,94,25,69,華南永昌-虎尾,2024-06-24,9377
4967,十銓,71,6,65,華南永昌-虎尾,2024-06-24,9377
2349,錸德,49,0,49,華南永昌-虎尾,2024-06-24,9377
2501,國建,49,0,49,華南永昌-虎尾,2024-06-24,9377
2353,宏��,71,24,47,華南永昌-虎尾,2024-06-24,9377
3062,建漢,89,44,45,華南永昌-虎尾,2024-06-24,9377
2408,南亞科,40,0,40,華南永昌-虎尾,2024-06-24,9377
2609,陽明,48,12,36,華南永昌-虎尾,2024-06-24,9377
2344,華邦電,34,0,34,華南永昌-虎尾,2024-06-24,9377
1303,南亞,32,0,32,華南永昌-虎尾,2024-06-24,9377
00878,國泰永續高股息,38,8,30,華南永昌-虎尾,2024-06-24,9377
3033,威健,31,2,29,華南永昌-虎尾,2024-06-24,9377
3149,正達,33,4,29,華南永昌-虎尾,2024-06-24,9377
4956,光鋐,40,16,24,華南永昌-虎尾,2024-06-24,9377
2347,聯強,24,1,23,華南永昌-虎尾,2024-06-24,9377
3037,欣興,24,1,23,華南永昌-虎尾,2024-06-24,9377
00673R,期元大S＆P原油反1,20,0,20,華南永昌-虎尾,2024-06-24,9377
2867,三商壽,20,0,20,華南永昌-虎尾,2024-06-24,9377
3047,訊舟,64,44,20,華南永昌-虎尾,2024-06-24,9377
4526,東台,23,3,20,華南永昌-虎尾,2024-06-24,9377
2301,光寶科,23,4,19,華南永昌-虎尾,2024-06-24,9377
1909,榮成,20,2,18,華南永昌-虎尾,2024-06-24,9377
2329,華泰,23,5,18,華南永昌-虎尾,2024-06-24,9377
2834,臺企銀,20,2,18,華南永昌-虎尾,2024-06-24,9377
2330,台積電,29,12,17,華南永昌-虎尾,2024-06-24,9377
8027,鈦昇,21,4,17,華南永昌-虎尾,2024-06-24,9377
2002,中鋼,26,10,16,華南永昌-虎尾,2024-06-24,9377
00907,永豐優息存股,16,0,16,華南永昌-虎尾,2024-06-24,9377
9105,泰金寶-DR,43,28,15,華南永昌-虎尾,2024-06-24,9377
2323,中環,34,19,15,華南永昌-虎尾,2024-06-24,9377
2485,兆赫,15,0,15,華南永昌-虎尾,2024-06-24,9377
6257,矽格,31,16,15,華南永昌-虎尾,2024-06-24,9377
3455,由田,14,0,14,華南永昌-虎尾,2024-06-24,9377
8011,台通,14,0,14,華南永昌-虎尾,2024-06-24,9377
3036,文曄,23,10,13,華南永昌-虎尾,2024-06-24,9377
00687B,國泰20年美債,13,0,13,華南永昌-虎尾,2024-06-24,9377
1513,中興電,16,3,13,華南永昌-虎尾,2024-06-24,9377
3481,群創,456,67,389,華南永昌-虎尾,2024-06-25,9377
2888,新光金,300,25,275,華南永昌-虎尾,2024-06-25,9377
00891,中信關鍵半導體,196,45,151,華南永昌-虎尾,2024-06-25,9377
00919,群益台灣精選高息,135,38,97,華南永昌-虎尾,2024-06-25,9377
00935,野村臺灣新科技50,96,0,96,華南永昌-虎尾,2024-06-25,9377
9105,泰金寶-DR,87,1,86,華南永昌-虎尾,2024-06-25,9377
2330,台積電,92,9,83,華南永昌-虎尾,2024-06-25,9377
1815,富喬,152,80,72,華南永昌-虎尾,2024-06-25,9377
00673R,期元大S＆P原油反1,65,0,65,華南永昌-虎尾,2024-06-25,9377
6015,宏遠證,63,0,63,華南永昌-虎尾,2024-06-25,9377
3037,欣興,58,0,58,華南永昌-虎尾,2024-06-25,9377
00929,復華台灣科技優息,64,8,56,華南永昌-虎尾,2024-06-25,9377
1708,東鹼,59,5,54,華南永昌-虎尾,2024-06-25,9377
00687B,國泰20年美債,53,0,53,華南永昌-虎尾,2024-06-25,9377
1563,巧新,48,0,48,華南永昌-虎尾,2024-06-25,9377
6265,方土昶,46,0,46,華南永昌-虎尾,2024-06-25,9377
2349,錸德,51,7,44,華南永昌-虎尾,2024-06-25,9377
6869,雲豹能源,64,28,36,華南永昌-虎尾,2024-06-25,9377
2347,聯強,36,0,36,華南永昌-虎尾,2024-06-25,9377
00637L,元大滬深300正2,35,0,35,華南永昌-虎尾,2024-06-25,9377
2615,萬海,59,25,34,華南永昌-虎尾,2024-06-25,9377
8358,金居,29,4,25,華南永昌-虎尾,2024-06-25,9377
00632R,元大台灣50反1,35,10,25,華南永昌-虎尾,2024-06-25,9377
2883,凱基金,63,40,23,華南永昌-虎尾,2024-06-25,9377
5530,龍巖,21,0,21,華南永昌-虎尾,2024-06-25,9377
1605,華新,30,10,20,華南永昌-虎尾,2024-06-25,9377
5426,振發,20,0,20,華南永昌-虎尾,2024-06-25,9377
2356,英業達,34,15,19,華南永昌-虎尾,2024-06-25,9377
2409,友達,19,0,19,華南永昌-虎尾,2024-06-25,9377
3052,夆典,19,0,19,華南永昌-虎尾,2024-06-25,9377
4549,桓達,19,0,19,華南永昌-虎尾,2024-06-25,9377
8110,華東,30,11,19,華南永昌-虎尾,2024-06-25,9377
2374,佳能,23,5,18,華南永昌-虎尾,2024-06-25,9377
1101,台泥,17,2,15,華南永昌-虎尾,2024-06-25,9377
1785,光洋科,89,74,15,華南永昌-虎尾,2024-06-25,9377
00936,台新永續高息中小,18,3,15,華南永昌-虎尾,2024-06-25,9377
2303,聯電,22,7,15,華南永昌-虎尾,2024-06-25,9377
2472,立隆電,15,0,15,華南永昌-虎尾,2024-06-25,9377
2331,精英,17,3,14,華南永昌-虎尾,2024-06-25,9377
2344,華邦電,15,1,14,華南永昌-虎尾,2024-06-25,9377
6834,天二科技,18,4,14,華南永昌-虎尾,2024-06-25,9377
3055,蔚華科,18,4,14,華南永昌-虎尾,2024-06-25,9377
2406,國碩,21,7,14,華南永昌-虎尾,2024-06-25,9377
3231,緯創,20,7,13,華南永昌-虎尾,2024-06-25,9377
2027,大成鋼,12,0,12,華南永昌-虎尾,2024-06-25,9377
3308,聯德,15,3,12,華南永昌-虎尾,2024-06-25,9377
6770,力積電,28,17,11,華南永昌-虎尾,2024-06-25,9377
1326,台化,11,0,11,華南永昌-虎尾,2024-06-25,9377
3652,精聯,12,1,11,華南永昌-虎尾,2024-06-25,9377
5490,同亨,12,1,11,華南永昌-虎尾,2024-06-25,9377
2888,新光金,542,0,542,華南永昌-虎尾,2024-06-26,9377
00919,群益台灣精選高息,108,0,108,華南永昌-虎尾,2024-06-26,9377
2883,凱基金,107,20,87,華南永昌-虎尾,2024-06-26,9377
00637L,元大滬深300正2,97,10,87,華南永昌-虎尾,2024-06-26,9377
00922,國泰台灣領袖50,86,0,86,華南永昌-虎尾,2024-06-26,9377
1815,富喬,112,34,78,華南永昌-虎尾,2024-06-26,9377
2409,友達,78,1,77,華南永昌-虎尾,2024-06-26,9377
3481,群創,134,74,60,華南永昌-虎尾,2024-06-26,9377
2515,中工,51,0,51,華南永昌-虎尾,2024-06-26,9377
2440,太空梭,49,0,49,華南永昌-虎尾,2024-06-26,9377
6265,方土昶,47,0,47,華南永昌-虎尾,2024-06-26,9377
3576,聯合再生,54,9,45,華南永昌-虎尾,2024-06-26,9377
1101,台泥,42,0,42,華南永昌-虎尾,2024-06-26,9377
00937B,群益ESG投等債20,40,0,40,華南永昌-虎尾,2024-06-26,9377
00687B,國泰20年美債,38,0,38,華南永昌-虎尾,2024-06-26,9377
2609,陽明,36,1,35,華南永昌-虎尾,2024-06-26,9377
2349,錸德,34,0,34,華南永昌-虎尾,2024-06-26,9377
2356,英業達,42,8,34,華南永昌-虎尾,2024-06-26,9377
9105,泰金寶-DR,60,27,33,華南永昌-虎尾,2024-06-26,9377
2002,中鋼,42,9,33,華南永昌-虎尾,2024-06-26,9377
2458,義隆,33,2,31,華南永昌-虎尾,2024-06-26,9377
1609,大亞,38,11,27,華南永昌-虎尾,2024-06-26,9377
8011,台通,48,23,25,華南永昌-虎尾,2024-06-26,9377
2301,光寶科,58,33,25,華南永昌-虎尾,2024-06-26,9377
6015,宏遠證,27,2,25,華南永昌-虎尾,2024-06-26,9377
3231,緯創,30,7,23,華南永昌-虎尾,2024-06-26,9377
1608,華榮,25,3,22,華南永昌-虎尾,2024-06-26,9377
9933,中鼎,21,0,21,華南永昌-虎尾,2024-06-26,9377
6806,森崴能源,49,28,21,華南永昌-虎尾,2024-06-26,9377
00891,中信關鍵半導體,21,0,21,華南永昌-虎尾,2024-06-26,9377
2331,精英,20,0,20,華南永昌-虎尾,2024-06-26,9377
2520,冠德,20,0,20,華南永昌-虎尾,2024-06-26,9377
3265,台星科,20,0,20,華南永昌-虎尾,2024-06-26,9377
6505,台塑化,21,1,20,華南永昌-虎尾,2024-06-26,9377
2344,華邦電,21,2,19,華南永昌-虎尾,2024-06-26,9377
5452,佶優,24,5,19,華南永昌-虎尾,2024-06-26,9377
1605,華新,20,2,18,華南永昌-虎尾,2024-06-26,9377
1540,喬福,30,12,18,華南永昌-虎尾,2024-06-26,9377
2615,萬海,17,0,17,華南永昌-虎尾,2024-06-26,9377
3624,光頡,18,3,15,華南永昌-虎尾,2024-06-26,9377
2401,凌陽,33,18,15,華南永昌-虎尾,2024-06-26,9377
00892,富邦台灣半導體,15,0,15,華南永昌-虎尾,2024-06-26,9377
1309,台達化,15,0,15,華南永昌-虎尾,2024-06-26,9377
5009,榮剛,15,0,15,華南永昌-虎尾,2024-06-26,9377
3105,穩懋,15,1,14,華南永昌-虎尾,2024-06-26,9377
3594,磐儀,14,0,14,華南永昌-虎尾,2024-06-26,9377
9904,寶成,14,0,14,華南永昌-虎尾,2024-06-26,9377
1303,南亞,16,3,13,華南永昌-虎尾,2024-06-26,9377
00940,元大台灣價值高息,19,6,13,華南永昌-虎尾,2024-06-26,9377
1802,台玻,13,0,13,華南永昌-虎尾,2024-06-26,9377
2317,鴻海,290,56,234,華南永昌-虎尾,2024-06-27,9377
00881,國泰台灣5G+,143,1,142,華南永昌-虎尾,2024-06-27,9377
2609,陽明,142,18,124,華南永昌-虎尾,2024-06-27,9377
2354,鴻準,118,10,108,華南永昌-虎尾,2024-06-27,9377
00687B,國泰20年美債,91,0,91,華南永昌-虎尾,2024-06-27,9377
6257,矽格,98,7,91,華南永昌-虎尾,2024-06-27,9377
3481,群創,189,104,85,華南永昌-虎尾,2024-06-27,9377
2356,英業達,88,4,84,華南永昌-虎尾,2024-06-27,9377
2890,永豐金,80,0,80,華南永昌-虎尾,2024-06-27,9377
00937B,群益ESG投等債20,62,0,62,華南永昌-虎尾,2024-06-27,9377
5469,瀚宇博,55,0,55,華南永昌-虎尾,2024-06-27,9377
00936,台新永續高息中小,50,1,49,華南永昌-虎尾,2024-06-27,9377
6147,頎邦,46,0,46,華南永昌-虎尾,2024-06-27,9377
00942B,台新美A公司債20+,45,0,45,華南永昌-虎尾,2024-06-27,9377
2323,中環,138,93,45,華南永昌-虎尾,2024-06-27,9377
2371,大同,50,6,44,華南永昌-虎尾,2024-06-27,9377
1717,長興,40,0,40,華南永昌-虎尾,2024-06-27,9377
2485,兆赫,50,10,40,華南永昌-虎尾,2024-06-27,9377
00679B,元大美債20年,39,0,39,華南永昌-虎尾,2024-06-27,9377
4976,佳凌,63,27,36,華南永昌-虎尾,2024-06-27,9377
3047,訊舟,121,89,32,華南永昌-虎尾,2024-06-27,9377
5355,佳總,31,0,31,華南永昌-虎尾,2024-06-27,9377
7402,邑錡,30,0,30,華南永昌-虎尾,2024-06-27,9377
3663,鑫科,42,15,27,華南永昌-虎尾,2024-06-27,9377
2440,太空梭,24,0,24,華南永昌-虎尾,2024-06-27,9377
3050,鈺德,25,1,24,華南永昌-虎尾,2024-06-27,9377
1785,光洋科,49,26,23,華南永昌-虎尾,2024-06-27,9377
1319,東陽,23,0,23,華南永昌-虎尾,2024-06-27,9377
2883,凱基金,22,0,22,華南永昌-虎尾,2024-06-27,9377
4938,和碩,32,10,22,華南永昌-虎尾,2024-06-27,9377
9904,寶成,22,0,22,華南永昌-虎尾,2024-06-27,9377
2002,中鋼,22,1,21,華南永昌-虎尾,2024-06-27,9377
4167,松瑞藥,49,28,21,華南永昌-虎尾,2024-06-27,9377
6806,森崴能源,45,26,19,華南永昌-虎尾,2024-06-27,9377
2885,元大金,22,3,19,華南永昌-虎尾,2024-06-27,9377
8064,東捷,29,10,19,華南永昌-虎尾,2024-06-27,9377
5871,中租-KY,38,20,18,華南永昌-虎尾,2024-06-27,9377
6265,方土昶,18,0,18,華南永昌-虎尾,2024-06-27,9377
8011,台通,20,2,18,華南永昌-虎尾,2024-06-27,9377
00878,國泰永續高股息,19,2,17,華南永昌-虎尾,2024-06-27,9377
6550,北極星藥業-KY,20,3,17,華南永昌-虎尾,2024-06-27,9377
2101,南港,16,0,16,華南永昌-虎尾,2024-06-27,9377
1301,台塑,16,0,16,華南永昌-虎尾,2024-06-27,9377
3062,建漢,33,17,16,華南永昌-虎尾,2024-06-27,9377
00753L,中信中國50正2,20,5,15,華南永昌-虎尾,2024-06-27,9377
2459,敦吉,15,0,15,華南永昌-虎尾,2024-06-27,9377
2515,中工,15,0,15,華南永昌-虎尾,2024-06-27,9377
6288,聯嘉,15,0,15,華南永昌-虎尾,2024-06-27,9377
8039,台虹,15,0,15,華南永昌-虎尾,2024-06-27,9377
00946,群益科技高息成長,14,0,14,華南永昌-虎尾,2024-06-27,9377
9958,世紀鋼,159,8,151,華南永昌-虎尾,2024-06-28,9377
00881,國泰台灣5G+,118,0,118,華南永昌-虎尾,2024-06-28,9377
6284,佳邦,95,3,92,華南永昌-虎尾,2024-06-28,9377
00673R,期元大S＆P原油反1,88,0,88,華南永昌-虎尾,2024-06-28,9377
00922,國泰台灣領袖50,84,0,84,華南永昌-虎尾,2024-06-28,9377
2382,廣達,90,12,78,華南永昌-虎尾,2024-06-28,9377
00936,台新永續高息中小,45,1,44,華南永昌-虎尾,2024-06-28,9377
00929,復華台灣科技優息,38,2,36,華南永昌-虎尾,2024-06-28,9377
2354,鴻準,77,41,36,華南永昌-虎尾,2024-06-28,9377
2610,華航,78,42,36,華南永昌-虎尾,2024-06-28,9377
1609,大亞,51,15,36,華南永昌-虎尾,2024-06-28,9377
3047,訊舟,67,34,33,華南永昌-虎尾,2024-06-28,9377
8076,伍豐,32,0,32,華南永昌-虎尾,2024-06-28,9377
00919,群益台灣精選高息,42,11,31,華南永昌-虎尾,2024-06-28,9377
2440,太空梭,32,2,30,華南永昌-虎尾,2024-06-28,9377
2883,凱基金,46,15,31,華南永昌-虎尾,2024-06-28,9377
2609,陽明,38,8,30,華南永昌-虎尾,2024-06-28,9377
3060,銘異,30,0,30,華南永昌-虎尾,2024-06-28,9377
3481,群創,49,20,29,華南永昌-虎尾,2024-06-28,9377
2328,廣宇,32,5,27,華南永昌-虎尾,2024-06-28,9377
2301,光寶科,36,9,27,華南永昌-虎尾,2024-06-28,9377
3576,聯合再生,90,65,25,華南永昌-虎尾,2024-06-28,9377
1513,中興電,30,5,25,華南永昌-虎尾,2024-06-28,9377
3062,建漢,30,6,24,華南永昌-虎尾,2024-06-28,9377
4157,太景*-KY,22,0,22,華南永昌-虎尾,2024-06-28,9377
6112,邁達特,26,5,21,華南永昌-虎尾,2024-06-28,9377
1312,國喬,20,0,20,華南永昌-虎尾,2024-06-28,9377
2455,全新,31,11,20,華南永昌-虎尾,2024-06-28,9377
3202,樺晟,45,25,20,華南永昌-虎尾,2024-06-28,9377
3704,合勤控,20,0,20,華南永昌-虎尾,2024-06-28,9377
2101,南港,26,7,19,華南永昌-虎尾,2024-06-28,9377
2031,新光鋼,25,6,19,華南永昌-虎尾,2024-06-28,9377
4976,佳凌,28,10,18,華南永昌-虎尾,2024-06-28,9377
6869,雲豹能源,20,3,17,華南永昌-虎尾,2024-06-28,9377
2337,旺宏,29,13,16,華南永昌-虎尾,2024-06-28,9377
00905,FT臺灣Smart,16,0,16,華南永昌-虎尾,2024-06-28,9377
3044,健鼎,17,1,16,華南永昌-虎尾,2024-06-28,9377
4908,前鼎,17,1,16,華南永昌-虎尾,2024-06-28,9377
00903,富邦元宇宙,15,0,15,華南永昌-虎尾,2024-06-28,9377
2324,仁寶,14,0,14,華南永昌-虎尾,2024-06-28,9377
2329,華泰,15,1,14,華南永昌-虎尾,2024-06-28,9377
3231,緯創,20,6,14,華南永昌-虎尾,2024-06-28,9377
6164,華興,14,0,14,華南永昌-虎尾,2024-06-28,9377
3052,夆典,14,0,14,華南永昌-虎尾,2024-06-28,9377
3149,正達,18,5,13,華南永昌-虎尾,2024-06-28,9377
2406,國碩,61,48,13,華南永昌-虎尾,2024-06-28,9377
8085,福華,12,0,12,華南永昌-虎尾,2024-06-28,9377
00904,新光臺灣半導體30,12,0,12,華南永昌-虎尾,2024-06-28,9377
3005,神基,20,8,12,華南永昌-虎尾,2024-06-28,9377
3666,光耀,12,0,12,華南永昌-虎尾,2024-06-28,9377
00937B,群益ESG投等債20,261,0,261,華南永昌-虎尾,2024-07-01,9377
00948B,中信優息投資級債,203,0,203,華南永昌-虎尾,2024-07-01,9377
00942B,台新美A公司債20+,146,0,146,華南永昌-虎尾,2024-07-01,9377
1522,堤維西,99,2,97,華南永昌-虎尾,2024-07-01,9377
00935,野村臺灣新科技50,82,0,82,華南永昌-虎尾,2024-07-01,9377
1471,首利,76,0,76,華南永昌-虎尾,2024-07-01,9377
4562,穎漢,69,10,59,華南永昌-虎尾,2024-07-01,9377
00881,國泰台灣5G+,60,2,58,華南永昌-虎尾,2024-07-01,9377
2317,鴻海,213,157,56,華南永昌-虎尾,2024-07-01,9377
00946,群益科技高息成長,51,3,48,華南永昌-虎尾,2024-07-01,9377
00687B,國泰20年美債,43,0,43,華南永昌-虎尾,2024-07-01,9377
3481,群創,77,34,43,華南永昌-虎尾,2024-07-01,9377
2002,中鋼,46,4,42,華南永昌-虎尾,2024-07-01,9377
3576,聯合再生,56,15,41,華南永昌-虎尾,2024-07-01,9377
6547,高端疫苗,42,1,41,華南永昌-虎尾,2024-07-01,9377
3006,晶豪科,40,0,40,華南永昌-虎尾,2024-07-01,9377
2408,南亞科,35,0,35,華南永昌-虎尾,2024-07-01,9377
3052,夆典,35,0,35,華南永昌-虎尾,2024-07-01,9377
8105,凌巨,30,0,30,華南永昌-虎尾,2024-07-01,9377
1809,中釉,30,0,30,華南永昌-虎尾,2024-07-01,9377
5347,世界,49,20,29,華南永昌-虎尾,2024-07-01,9377
1201,味全,26,0,26,華南永昌-虎尾,2024-07-01,9377
1609,大亞,34,8,26,華南永昌-虎尾,2024-07-01,9377
00637L,元大滬深300正2,58,35,23,華南永昌-虎尾,2024-07-01,9377
9910,豐泰,25,2,23,華南永昌-虎尾,2024-07-01,9377
1101,台泥,30,8,22,華南永昌-虎尾,2024-07-01,9377
0056,元大高股息,22,0,22,華南永昌-虎尾,2024-07-01,9377
2323,中環,42,20,22,華南永昌-虎尾,2024-07-01,9377
2609,陽明,40,18,22,華南永昌-虎尾,2024-07-01,9377
2313,華通,38,17,21,華南永昌-虎尾,2024-07-01,9377
00934,中信成長高股息,20,0,20,華南永昌-虎尾,2024-07-01,9377
2331,精英,20,0,20,華南永昌-虎尾,2024-07-01,9377
00680L,元大美債20正2,20,0,20,華南永昌-虎尾,2024-07-01,9377
00632R,元大台灣50反1,20,0,20,華南永昌-虎尾,2024-07-01,9377
2440,太空梭,20,0,20,華南永昌-虎尾,2024-07-01,9377
6265,方土昶,20,0,20,華南永昌-虎尾,2024-07-01,9377
2402,毅嘉,20,0,20,華南永昌-虎尾,2024-07-01,9377
2884,玉山金,30,11,19,華南永昌-虎尾,2024-07-01,9377
00936,台新永續高息中小,19,0,19,華南永昌-虎尾,2024-07-01,9377
4919,新唐,20,1,19,華南永昌-虎尾,2024-07-01,9377
3013,晟銘電,21,2,19,華南永昌-虎尾,2024-07-01,9377
2359,所羅門,32,13,19,華南永昌-虎尾,2024-07-01,9377
5009,榮剛,18,0,18,華南永昌-虎尾,2024-07-01,9377
1785,光洋科,21,3,18,華南永昌-虎尾,2024-07-01,9377
3615,安可,26,9,17,華南永昌-虎尾,2024-07-01,9377
8374,羅昇,26,9,17,華南永昌-虎尾,2024-07-01,9377
2352,佳世達,64,48,16,華南永昌-虎尾,2024-07-01,9377
9904,寶成,16,0,16,華南永昌-虎尾,2024-07-01,9377
2371,大同,21,8,13,華南永昌-虎尾,2024-07-01,9377
3167,大量,13,0,13,華南永昌-虎尾,2024-07-01,9377
2610,華航,2555,1512,1043,華南永昌-虎尾,2024-07-02,9377
2888,新光金,930,14,916,華南永昌-虎尾,2024-07-02,9377
2641,正德,200,6,194,華南永昌-虎尾,2024-07-02,9377
00949,復華日本龍頭,192,46,146,華南永昌-虎尾,2024-07-02,9377
2303,聯電,151,8,143,華南永昌-虎尾,2024-07-02,9377
2371,大同,123,1,122,華南永昌-虎尾,2024-07-02,9377
00673R,期元大S＆P原油反1,119,0,119,華南永昌-虎尾,2024-07-02,9377
9105,泰金寶-DR,129,13,116,華南永昌-虎尾,2024-07-02,9377
00929,復華台灣科技優息,114,4,110,華南永昌-虎尾,2024-07-02,9377
3202,樺晟,100,0,100,華南永昌-虎尾,2024-07-02,9377
00934,中信成長高股息,105,12,93,華南永昌-虎尾,2024-07-02,9377
00655L,國泰中國A50正2,69,0,69,華南永昌-虎尾,2024-07-02,9377
00940,元大台灣價值高息,80,17,63,華南永昌-虎尾,2024-07-02,9377
6265,方土昶,62,0,62,華南永昌-虎尾,2024-07-02,9377
00936,台新永續高息中小,63,2,61,華南永昌-虎尾,2024-07-02,9377
3052,夆典,55,0,55,華南永昌-虎尾,2024-07-02,9377
6133,金橋,52,2,50,華南永昌-虎尾,2024-07-02,9377
2353,宏��,48,2,46,華南永昌-虎尾,2024-07-02,9377
2495,普安,59,13,46,華南永昌-虎尾,2024-07-02,9377
0056,元大高股息,48,6,42,華南永昌-虎尾,2024-07-02,9377
00857B,永豐20年美公債,41,0,41,華南永昌-虎尾,2024-07-02,9377
2365,昆盈,61,21,40,華南永昌-虎尾,2024-07-02,9377
6284,佳邦,40,0,40,華南永昌-虎尾,2024-07-02,9377
00937B,群益ESG投等債20,36,0,36,華南永昌-虎尾,2024-07-02,9377
3481,群創,50,14,36,華南永昌-虎尾,2024-07-02,9377
3045,台灣大,35,0,35,華南永昌-虎尾,2024-07-02,9377
00687B,國泰20年美債,34,0,34,華南永昌-虎尾,2024-07-02,9377
5230,雷笛克光學,35,1,34,華南永昌-虎尾,2024-07-02,9377
2317,鴻海,83,50,33,華南永昌-虎尾,2024-07-02,9377
1605,華新,35,2,33,華南永昌-虎尾,2024-07-02,9377
1611,中電,43,10,33,華南永昌-虎尾,2024-07-02,9377
3024,憶聲,37,4,33,華南永昌-虎尾,2024-07-02,9377
00679B,元大美債20年,49,18,31,華南永昌-虎尾,2024-07-02,9377
1101,台泥,36,5,31,華南永昌-虎尾,2024-07-02,9377
00946,群益科技高息成長,30,0,30,華南永昌-虎尾,2024-07-02,9377
1210,大成,30,0,30,華南永昌-虎尾,2024-07-02,9377
2412,中華電,30,0,30,華南永昌-虎尾,2024-07-02,9377
4976,佳凌,34,6,28,華南永昌-虎尾,2024-07-02,9377
8071,能率網通,58,30,28,華南永昌-虎尾,2024-07-02,9377
3576,聯合再生,89,63,26,華南永昌-虎尾,2024-07-02,9377
3711,日月光投控,27,1,26,華南永昌-虎尾,2024-07-02,9377
1326,台化,24,0,24,華南永昌-虎尾,2024-07-02,9377
3047,訊舟,53,29,24,華南永昌-虎尾,2024-07-02,9377
00751B,元大AAA至A公司債,22,0,22,華南永昌-虎尾,2024-07-02,9377
2337,旺宏,31,9,22,華南永昌-虎尾,2024-07-02,9377
8112,至上,24,2,22,華南永昌-虎尾,2024-07-02,9377
4157,太景*-KY,21,0,21,華南永昌-虎尾,2024-07-02,9377
2883,凱基金,38,18,20,華南永昌-虎尾,2024-07-02,9377
2002,中鋼,24,4,20,華南永昌-虎尾,2024-07-02,9377
5364,力麗店,20,0,20,華南永昌-虎尾,2024-07-02,9377
2888,新光金,866,251,615,華南永昌-虎尾,2024-07-03,9377
2641,正德,499,116,383,華南永昌-虎尾,2024-07-03,9377
00632R,元大台灣50反1,220,0,220,華南永昌-虎尾,2024-07-03,9377
3062,建漢,140,9,131,華南永昌-虎尾,2024-07-03,9377
00857B,永豐20年美公債,130,0,130,華南永昌-虎尾,2024-07-03,9377
00945B,凱基美國非投等債,130,0,130,華南永昌-虎尾,2024-07-03,9377
9105,泰金寶-DR,119,17,102,華南永昌-虎尾,2024-07-03,9377
3202,樺晟,101,0,101,華南永昌-虎尾,2024-07-03,9377
00934,中信成長高股息,98,0,98,華南永昌-虎尾,2024-07-03,9377
3576,聯合再生,200,123,77,華南永昌-虎尾,2024-07-03,9377
2882,國泰金,91,16,75,華南永昌-虎尾,2024-07-03,9377
2472,立隆電,75,2,73,華南永昌-虎尾,2024-07-03,9377
6257,矽格,65,0,65,華南永昌-虎尾,2024-07-03,9377
1785,光洋科,93,38,55,華南永昌-虎尾,2024-07-03,9377
6443,元晶,65,16,49,華南永昌-虎尾,2024-07-03,9377
2317,鴻海,61,17,44,華南永昌-虎尾,2024-07-03,9377
2323,中環,264,224,40,華南永昌-虎尾,2024-07-03,9377
00918,大華優利高填息30,38,0,38,華南永昌-虎尾,2024-07-03,9377
4915,致伸,37,1,36,華南永昌-虎尾,2024-07-03,9377
3005,神基,35,1,34,華南永昌-虎尾,2024-07-03,9377
5488,松普,30,0,30,華南永昌-虎尾,2024-07-03,9377
3481,群創,53,24,29,華南永昌-虎尾,2024-07-03,9377
6244,茂迪,43,14,29,華南永昌-虎尾,2024-07-03,9377
2332,友訊,36,7,29,華南永昌-虎尾,2024-07-03,9377
6213,聯茂,31,3,28,華南永昌-虎尾,2024-07-03,9377
8215,明基材,33,5,28,華南永昌-虎尾,2024-07-03,9377
2610,華航,36,10,26,華南永昌-虎尾,2024-07-03,9377
2412,中華電,26,1,25,華南永昌-虎尾,2024-07-03,9377
0056,元大高股息,24,1,23,華南永昌-虎尾,2024-07-03,9377
00895,富邦未來車,25,3,22,華南永昌-虎尾,2024-07-03,9377
3556,禾瑞亞,21,0,21,華南永昌-虎尾,2024-07-03,9377
2371,大同,27,6,21,華南永昌-虎尾,2024-07-03,9377
6525,捷敏-KY,21,0,21,華南永昌-虎尾,2024-07-03,9377
4909,新復興,30,10,20,華南永昌-虎尾,2024-07-03,9377
00919,群益台灣精選高息,68,48,20,華南永昌-虎尾,2024-07-03,9377
1608,華榮,72,53,19,華南永昌-虎尾,2024-07-03,9377
2201,裕隆,28,9,19,華南永昌-虎尾,2024-07-03,9377
2489,瑞軒,96,77,19,華南永昌-虎尾,2024-07-03,9377
2495,普安,29,11,18,華南永昌-虎尾,2024-07-03,9377
3024,憶聲,19,1,18,華南永昌-虎尾,2024-07-03,9377
2603,長榮,30,13,17,華南永昌-虎尾,2024-07-03,9377
00949,復華日本龍頭,27,10,17,華南永昌-虎尾,2024-07-03,9377
6235,華孚,23,6,17,華南永昌-虎尾,2024-07-03,9377
2498,宏達電,15,0,15,華南永昌-虎尾,2024-07-03,9377
6278,台表科,23,8,15,華南永昌-虎尾,2024-07-03,9377
00912,中信臺灣智慧50,15,0,15,華南永昌-虎尾,2024-07-03,9377
0055,元大MSCI金融,15,0,15,華南永昌-虎尾,2024-07-03,9377
00673R,期元大S＆P原油反1,16,1,15,華南永昌-虎尾,2024-07-03,9377
00655L,國泰中國A50正2,15,0,15,華南永昌-虎尾,2024-07-03,9377
00701,國泰股利精選30,15,0,15,華南永昌-虎尾,2024-07-03,9377
00632R,元大台灣50反1,542,75,467,華南永昌-虎尾,2024-07-04,9377
2349,錸德,216,3,213,華南永昌-虎尾,2024-07-04,9377
2888,新光金,210,5,205,華南永昌-虎尾,2024-07-04,9377
2610,華航,169,2,167,華南永昌-虎尾,2024-07-04,9377
00934,中信成長高股息,138,0,138,華南永昌-虎尾,2024-07-04,9377
2883,凱基金,142,34,108,華南永昌-虎尾,2024-07-04,9377
1815,富喬,161,68,93,華南永昌-虎尾,2024-07-04,9377
00922,國泰台灣領袖50,84,1,83,華南永昌-虎尾,2024-07-04,9377
6443,元晶,97,15,82,華南永昌-虎尾,2024-07-04,9377
2402,毅嘉,79,4,75,華南永昌-虎尾,2024-07-04,9377
2405,輔信,100,28,72,華南永昌-虎尾,2024-07-04,9377
3206,志豐,54,0,54,華南永昌-虎尾,2024-07-04,9377
3481,群創,197,146,51,華南永昌-虎尾,2024-07-04,9377
9105,泰金寶-DR,74,23,51,華南永昌-虎尾,2024-07-04,9377
1718,中纖,52,3,49,華南永昌-虎尾,2024-07-04,9377
00637L,元大滬深300正2,80,35,45,華南永昌-虎尾,2024-07-04,9377
00679B,元大美債20年,43,0,43,華南永昌-虎尾,2024-07-04,9377
8011,台通,43,1,42,華南永昌-虎尾,2024-07-04,9377
6142,友勁,41,0,41,華南永昌-虎尾,2024-07-04,9377
2412,中華電,46,6,40,華南永昌-虎尾,2024-07-04,9377
2618,長榮航,72,36,36,華南永昌-虎尾,2024-07-04,9377
00929,復華台灣科技優息,41,6,35,華南永昌-虎尾,2024-07-04,9377
2731,雄獅,31,0,31,華南永昌-虎尾,2024-07-04,9377
3576,聯合再生,65,34,31,華南永昌-虎尾,2024-07-04,9377
5243,乙盛-KY,47,17,30,華南永昌-虎尾,2024-07-04,9377
2801,彰銀,34,5,29,華南永昌-虎尾,2024-07-04,9377
2330,台積電,41,13,28,華南永昌-虎尾,2024-07-04,9377
2344,華邦電,30,3,27,華南永昌-虎尾,2024-07-04,9377
00949,復華日本龍頭,27,1,26,華南永昌-虎尾,2024-07-04,9377
00725B,國泰投資級公司債,25,0,25,華南永昌-虎尾,2024-07-04,9377
00664R,國泰臺灣加權反1,25,0,25,華南永昌-虎尾,2024-07-04,9377
3189,景碩,25,2,23,華南永昌-虎尾,2024-07-04,9377
4109,加捷生醫,23,0,23,華南永昌-虎尾,2024-07-04,9377
4968,立積,23,3,20,華南永昌-虎尾,2024-07-04,9377
2034,允強,20,0,20,華南永昌-虎尾,2024-07-04,9377
1529,樂事綠能,20,1,19,華南永昌-虎尾,2024-07-04,9377
2101,南港,19,0,19,華南永昌-虎尾,2024-07-04,9377
2486,一詮,47,28,19,華南永昌-虎尾,2024-07-04,9377
3372,典範,23,4,19,華南永昌-虎尾,2024-07-04,9377
3024,憶聲,19,1,18,華南永昌-虎尾,2024-07-04,9377
5347,世界,19,1,18,華南永昌-虎尾,2024-07-04,9377
2353,宏��,27,10,17,華南永昌-虎尾,2024-07-04,9377
3050,鈺德,17,0,17,華南永昌-虎尾,2024-07-04,9377
5426,振發,17,0,17,華南永昌-虎尾,2024-07-04,9377
9904,寶成,19,2,17,華南永昌-虎尾,2024-07-04,9377
2882,國泰金,23,6,17,華南永昌-虎尾,2024-07-04,9377
2472,立隆電,32,16,16,華南永昌-虎尾,2024-07-04,9377
1536,和大,30,15,15,華南永昌-虎尾,2024-07-04,9377
1734,杏輝,15,0,15,華南永昌-虎尾,2024-07-04,9377
3036,文曄,16,1,15,華南永昌-虎尾,2024-07-04,9377
2888,新光金,406,52,354,華南永昌-虎尾,2024-07-05,9377
1536,和大,346,45,301,華南永昌-虎尾,2024-07-05,9377
00637L,元大滬深300正2,281,30,251,華南永昌-虎尾,2024-07-05,9377
00632R,元大台灣50反1,210,0,210,華南永昌-虎尾,2024-07-05,9377
2537,聯上發,174,10,164,華南永昌-虎尾,2024-07-05,9377
2542,興富發,158,0,158,華南永昌-虎尾,2024-07-05,9377
2547,日勝生,100,0,100,華南永昌-虎尾,2024-07-05,9377
6179,亞通,89,7,82,華南永昌-虎尾,2024-07-05,9377
2367,燿華,125,47,78,華南永昌-虎尾,2024-07-05,9377
6173,信昌電,52,0,52,華南永昌-虎尾,2024-07-05,9377
1308,亞聚,47,0,47,華南永昌-虎尾,2024-07-05,9377
2891,中信金,56,11,45,華南永昌-虎尾,2024-07-05,9377
3005,神基,40,1,39,華南永昌-虎尾,2024-07-05,9377
3052,夆典,39,0,39,華南永昌-虎尾,2024-07-05,9377
2610,華航,82,44,38,華南永昌-虎尾,2024-07-05,9377
2356,英業達,158,121,37,華南永昌-虎尾,2024-07-05,9377
2382,廣達,43,7,36,華南永昌-虎尾,2024-07-05,9377
00937B,群益ESG投等債20,35,0,35,華南永昌-虎尾,2024-07-05,9377
6153,嘉聯益,38,4,34,華南永昌-虎尾,2024-07-05,9377
2618,長榮航,74,43,31,華南永昌-虎尾,2024-07-05,9377
2472,立隆電,80,50,30,華南永昌-虎尾,2024-07-05,9377
2301,光寶科,40,11,29,華南永昌-虎尾,2024-07-05,9377
911608,明輝-DR,36,8,28,華南永昌-虎尾,2024-07-05,9377
2359,所羅門,30,4,26,華南永昌-虎尾,2024-07-05,9377
4534,慶騰,26,0,26,華南永昌-虎尾,2024-07-05,9377
6443,元晶,42,18,24,華南永昌-虎尾,2024-07-05,9377
00949,復華日本龍頭,25,2,23,華南永昌-虎尾,2024-07-05,9377
8112,至上,24,3,21,華南永昌-虎尾,2024-07-05,9377
2324,仁寶,23,2,21,華南永昌-虎尾,2024-07-05,9377
00919,群益台灣精選高息,21,1,20,華南永昌-虎尾,2024-07-05,9377
3591,艾笛森,20,0,20,華南永昌-虎尾,2024-07-05,9377
6770,力積電,24,5,19,華南永昌-虎尾,2024-07-05,9377
6146,耕興,20,1,19,華南永昌-虎尾,2024-07-05,9377
2331,精英,23,4,19,華南永昌-虎尾,2024-07-05,9377
2316,楠梓電,19,0,19,華南永昌-虎尾,2024-07-05,9377
5608,四維航,18,0,18,華南永昌-虎尾,2024-07-05,9377
6152,百一,17,0,17,華南永昌-虎尾,2024-07-05,9377
3048,益登,34,18,16,華南永昌-虎尾,2024-07-05,9377
2609,陽明,22,7,15,華南永昌-虎尾,2024-07-05,9377
2543,皇昌,47,32,15,華南永昌-虎尾,2024-07-05,9377
3450,聯鈞,48,33,15,華南永昌-虎尾,2024-07-05,9377
2323,中環,197,183,14,華南永昌-虎尾,2024-07-05,9377
1515,力山,14,0,14,華南永昌-虎尾,2024-07-05,9377
2344,華邦電,18,4,14,華南永昌-虎尾,2024-07-05,9377
9105,泰金寶-DR,19,5,14,華南永昌-虎尾,2024-07-05,9377
2353,宏��,19,5,14,華南永昌-虎尾,2024-07-05,9377
5484,慧友,18,5,13,華南永昌-虎尾,2024-07-05,9377
6207,雷科,18,5,13,華南永昌-虎尾,2024-07-05,9377
2882,國泰金,15,2,13,華南永昌-虎尾,2024-07-05,9377
5512,力麒,12,0,12,華南永昌-虎尾,2024-07-05,9377
00687B,國泰20年美債,618,12,606,華南永昌-虎尾,2024-07-08,9377
2888,新光金,341,10,331,華南永昌-虎尾,2024-07-08,9377
00632R,元大台灣50反1,221,20,201,華南永昌-虎尾,2024-07-08,9377
00935,野村臺灣新科技50,133,1,132,華南永昌-虎尾,2024-07-08,9377
2641,正德,108,0,108,華南永昌-虎尾,2024-07-08,9377
6265,方土昶,105,0,105,華南永昌-虎尾,2024-07-08,9377
00664R,國泰臺灣加權反1,103,0,103,華南永昌-虎尾,2024-07-08,9377
2538,基泰,101,0,101,華南永昌-虎尾,2024-07-08,9377
2489,瑞軒,238,145,93,華南永昌-虎尾,2024-07-08,9377
3231,緯創,116,30,86,華南永昌-虎尾,2024-07-08,9377
1815,富喬,82,13,69,華南永昌-虎尾,2024-07-08,9377
2401,凌陽,85,18,67,華南永昌-虎尾,2024-07-08,9377
1785,光洋科,129,68,61,華南永昌-虎尾,2024-07-08,9377
6873,泓德能源,52,0,52,華南永昌-虎尾,2024-07-08,9377
00680L,元大美債20正2,50,0,50,華南永昌-虎尾,2024-07-08,9377
6274,台燿,55,6,49,華南永昌-虎尾,2024-07-08,9377
00934,中信成長高股息,47,0,47,華南永昌-虎尾,2024-07-08,9377
2365,昆盈,128,81,47,華南永昌-虎尾,2024-07-08,9377
2417,圓剛,64,17,47,華南永昌-虎尾,2024-07-08,9377
2353,宏��,126,82,44,華南永昌-虎尾,2024-07-08,9377
6288,聯嘉,50,7,43,華南永昌-虎尾,2024-07-08,9377
6153,嘉聯益,77,34,43,華南永昌-虎尾,2024-07-08,9377
1608,華榮,45,3,42,華南永昌-虎尾,2024-07-08,9377
2301,光寶科,52,11,41,華南永昌-虎尾,2024-07-08,9377
1522,堤維西,44,4,40,華南永昌-虎尾,2024-07-08,9377
00929,復華台灣科技優息,42,4,38,華南永昌-虎尾,2024-07-08,9377
2371,大同,55,18,37,華南永昌-虎尾,2024-07-08,9377
1718,中纖,36,0,36,華南永昌-虎尾,2024-07-08,9377
2324,仁寶,48,12,36,華南永昌-虎尾,2024-07-08,9377
2374,佳能,64,29,35,華南永昌-虎尾,2024-07-08,9377
6152,百一,41,6,35,華南永昌-虎尾,2024-07-08,9377
8011,台通,50,16,34,華南永昌-虎尾,2024-07-08,9377
6173,信昌電,31,0,31,華南永昌-虎尾,2024-07-08,9377
4960,誠美材,40,10,30,華南永昌-虎尾,2024-07-08,9377
00662,富邦NASDAQ,30,0,30,華南永昌-虎尾,2024-07-08,9377
8034,榮群,30,0,30,華南永昌-虎尾,2024-07-08,9377
5392,能率,39,11,28,華南永昌-虎尾,2024-07-08,9377
6770,力積電,30,2,28,華南永昌-虎尾,2024-07-08,9377
00940,元大台灣價值高息,27,0,27,華南永昌-虎尾,2024-07-08,9377
4157,太景*-KY,27,0,27,華南永昌-虎尾,2024-07-08,9377
4534,慶騰,27,0,27,華南永昌-虎尾,2024-07-08,9377
2472,立隆電,28,1,27,華南永昌-虎尾,2024-07-08,9377
3005,神基,31,5,26,華南永昌-虎尾,2024-07-08,9377
2329,華泰,25,1,24,華南永昌-虎尾,2024-07-08,9377
2486,一詮,33,9,24,華南永昌-虎尾,2024-07-08,9377
1515,力山,28,4,24,華南永昌-虎尾,2024-07-08,9377
2323,中環,68,45,23,華南永昌-虎尾,2024-07-08,9377
2834,臺企銀,28,7,21,華南永昌-虎尾,2024-07-08,9377
3380,明泰,23,2,21,華南永昌-虎尾,2024-07-08,9377
2464,盟立,47,27,20,華南永昌-虎尾,2024-07-08,9377
2317,鴻海,490,89,401,華南永昌-虎尾,2024-07-09,9377
2888,新光金,363,159,204,華南永昌-虎尾,2024-07-09,9377
1563,巧新,153,1,152,華南永昌-虎尾,2024-07-09,9377
2353,宏��,129,2,127,華南永昌-虎尾,2024-07-09,9377
2323,中環,161,50,111,華南永昌-虎尾,2024-07-09,9377
00927,群益半導體收益,112,5,107,華南永昌-虎尾,2024-07-09,9377
2440,太空梭,105,0,105,華南永昌-虎尾,2024-07-09,9377
2374,佳能,103,8,95,華南永昌-虎尾,2024-07-09,9377
2002,中鋼,93,1,92,華南永昌-虎尾,2024-07-09,9377
3052,夆典,79,0,79,華南永昌-虎尾,2024-07-09,9377
3050,鈺德,79,25,54,華南永昌-虎尾,2024-07-09,9377
2102,泰豐,54,0,54,華南永昌-虎尾,2024-07-09,9377
1337,再生-KY,50,1,49,華南永昌-虎尾,2024-07-09,9377
2312,金寶,183,137,46,華南永昌-虎尾,2024-07-09,9377
2367,燿華,115,69,46,華南永昌-虎尾,2024-07-09,9377
6257,矽格,61,18,43,華南永昌-虎尾,2024-07-09,9377
3673,TPK-KY,75,33,42,華南永昌-虎尾,2024-07-09,9377
00881,國泰台灣5G+,40,0,40,華南永昌-虎尾,2024-07-09,9377
3032,偉訓,40,0,40,華南永昌-虎尾,2024-07-09,9377
2834,臺企銀,39,0,39,華南永昌-虎尾,2024-07-09,9377
2471,資通,40,2,38,華南永昌-虎尾,2024-07-09,9377
6126,信音,42,6,36,華南永昌-虎尾,2024-07-09,9377
9105,泰金寶-DR,176,140,36,華南永昌-虎尾,2024-07-09,9377
4157,太景*-KY,35,0,35,華南永昌-虎尾,2024-07-09,9377
8358,金居,35,1,34,華南永昌-虎尾,2024-07-09,9377
4534,慶騰,35,1,34,華南永昌-虎尾,2024-07-09,9377
2485,兆赫,73,40,33,華南永昌-虎尾,2024-07-09,9377
2439,美律,32,0,32,華南永昌-虎尾,2024-07-09,9377
2543,皇昌,67,37,30,華南永昌-虎尾,2024-07-09,9377
3711,日月光投控,31,2,29,華南永昌-虎尾,2024-07-09,9377
00936,台新永續高息中小,26,0,26,華南永昌-虎尾,2024-07-09,9377
6547,高端疫苗,30,5,25,華南永昌-虎尾,2024-07-09,9377
2547,日勝生,24,0,24,華南永昌-虎尾,2024-07-09,9377
2618,長榮航,35,11,24,華南永昌-虎尾,2024-07-09,9377
6603,富強鑫,26,2,24,華南永昌-虎尾,2024-07-09,9377
1101,台泥,24,0,24,華南永昌-虎尾,2024-07-09,9377
4960,誠美材,38,15,23,華南永昌-虎尾,2024-07-09,9377
4904,遠傳,23,2,21,華南永昌-虎尾,2024-07-09,9377
3576,聯合再生,30,9,21,華南永昌-虎尾,2024-07-09,9377
2611,志信,20,0,20,華南永昌-虎尾,2024-07-09,9377
3260,威剛,31,11,20,華南永昌-虎尾,2024-07-09,9377
6133,金橋,20,0,20,華南永昌-虎尾,2024-07-09,9377
2417,圓剛,28,8,20,華南永昌-虎尾,2024-07-09,9377
8096,擎亞,22,3,19,華南永昌-虎尾,2024-07-09,9377
1717,長興,21,3,18,華南永昌-虎尾,2024-07-09,9377
2453,凌群,32,14,18,華南永昌-虎尾,2024-07-09,9377
5381,合正,17,0,17,華南永昌-虎尾,2024-07-09,9377
8104,錸寶,18,1,17,華南永昌-虎尾,2024-07-09,9377
2406,國碩,18,2,16,華南永昌-虎尾,2024-07-09,9377
3380,明泰,17,1,16,華南永昌-虎尾,2024-07-09,9377
3372,典範,166,0,166,華南永昌-虎尾,2024-07-10,9377
2489,瑞軒,344,219,125,華南永昌-虎尾,2024-07-10,9377
00664R,國泰臺灣加權反1,123,0,123,華南永昌-虎尾,2024-07-10,9377
1536,和大,139,26,113,華南永昌-虎尾,2024-07-10,9377
00949,復華日本龍頭,95,1,94,華南永昌-虎尾,2024-07-10,9377
3047,訊舟,145,63,82,華南永昌-虎尾,2024-07-10,9377
2883,凱基金,111,36,75,華南永昌-虎尾,2024-07-10,9377
8085,福華,82,9,73,華南永昌-虎尾,2024-07-10,9377
2312,金寶,72,16,56,華南永昌-虎尾,2024-07-10,9377
8105,凌巨,81,31,50,華南永昌-虎尾,2024-07-10,9377
6257,矽格,73,23,50,華南永昌-虎尾,2024-07-10,9377
00934,中信成長高股息,48,0,48,華南永昌-虎尾,2024-07-10,9377
1815,富喬,71,24,47,華南永昌-虎尾,2024-07-10,9377
2002,中鋼,128,83,45,華南永昌-虎尾,2024-07-10,9377
00878,國泰永續高股息,41,0,41,華南永昌-虎尾,2024-07-10,9377
1308,亞聚,40,0,40,華南永昌-虎尾,2024-07-10,9377
2442,新美齊,40,1,39,華南永昌-虎尾,2024-07-10,9377
2331,精英,55,18,37,華南永昌-虎尾,2024-07-10,9377
2317,鴻海,52,18,34,華南永昌-虎尾,2024-07-10,9377
3052,夆典,34,0,34,華南永昌-虎尾,2024-07-10,9377
1616,億泰,88,55,33,華南永昌-虎尾,2024-07-10,9377
4904,遠傳,33,1,32,華南永昌-虎尾,2024-07-10,9377
8011,台通,36,4,32,華南永昌-虎尾,2024-07-10,9377
6282,康舒,34,3,31,華南永昌-虎尾,2024-07-10,9377
2038,海光,30,0,30,華南永昌-虎尾,2024-07-10,9377
2882,國泰金,32,4,28,華南永昌-虎尾,2024-07-10,9377
2892,第一金,27,0,27,華南永昌-虎尾,2024-07-10,9377
4534,慶騰,27,0,27,華南永昌-虎尾,2024-07-10,9377
3162,精確,31,5,26,華南永昌-虎尾,2024-07-10,9377
2618,長榮航,52,27,25,華南永昌-虎尾,2024-07-10,9377
00679B,元大美債20年,23,0,23,華南永昌-虎尾,2024-07-10,9377
5309,系統電,38,15,23,華南永昌-虎尾,2024-07-10,9377
3625,西勝,22,0,22,華南永昌-虎尾,2024-07-10,9377
3035,智原,25,4,21,華南永昌-虎尾,2024-07-10,9377
00632R,元大台灣50反1,20,0,20,華南永昌-虎尾,2024-07-10,9377
00885,富邦越南,20,0,20,華南永昌-虎尾,2024-07-10,9377
3481,群創,59,39,20,華南永昌-虎尾,2024-07-10,9377
2367,燿華,27,8,19,華南永昌-虎尾,2024-07-10,9377
2408,南亞科,28,9,19,華南永昌-虎尾,2024-07-10,9377
3706,神達,25,8,17,華南永昌-虎尾,2024-07-10,9377
2243,宏旭-KY,16,0,16,華南永昌-虎尾,2024-07-10,9377
2867,三商壽,33,17,16,華南永昌-虎尾,2024-07-10,9377
00905,FT臺灣Smart,15,0,15,華南永昌-虎尾,2024-07-10,9377
1515,力山,28,14,14,華南永昌-虎尾,2024-07-10,9377
1618,合機,18,4,14,華南永昌-虎尾,2024-07-10,9377
6244,茂迪,29,16,13,華南永昌-虎尾,2024-07-10,9377
2405,輔信,62,49,13,華南永昌-虎尾,2024-07-10,9377
2390,云辰,13,0,13,華南永昌-虎尾,2024-07-10,9377
2426,鼎元,13,0,13,華南永昌-虎尾,2024-07-10,9377
3060,銘異,13,0,13,華南永昌-虎尾,2024-07-10,9377
00632R,元大台灣50反1,2081,7,2074,華南永昌-虎尾,2024-07-11,9377
2834,臺企銀,201,6,195,華南永昌-虎尾,2024-07-11,9377
1563,巧新,159,8,151,華南永昌-虎尾,2024-07-11,9377
2883,凱基金,190,87,103,華南永昌-虎尾,2024-07-11,9377
1522,堤維西,101,0,101,華南永昌-虎尾,2024-07-11,9377
2882,國泰金,116,36,80,華南永昌-虎尾,2024-07-11,9377
00941,中信上游半導體,80,2,78,華南永昌-虎尾,2024-07-11,9377
00680L,元大美債20正2,53,0,53,華南永昌-虎尾,2024-07-11,9377
2426,鼎元,52,0,52,華南永昌-虎尾,2024-07-11,9377
3576,聯合再生,72,20,52,華南永昌-虎尾,2024-07-11,9377
4976,佳凌,57,6,51,華南永昌-虎尾,2024-07-11,9377
3322,建舜電,50,0,50,華南永昌-虎尾,2024-07-11,9377
2014,中鴻,50,1,49,華南永昌-虎尾,2024-07-11,9377
6175,立敦,46,0,46,華南永昌-虎尾,2024-07-11,9377
1609,大亞,133,88,45,華南永昌-虎尾,2024-07-11,9377
00934,中信成長高股息,44,1,43,華南永昌-虎尾,2024-07-11,9377
2323,中環,93,53,40,華南永昌-虎尾,2024-07-11,9377
3260,威剛,38,0,38,華南永昌-虎尾,2024-07-11,9377
1529,樂事綠能,52,15,37,華南永昌-虎尾,2024-07-11,9377
2408,南亞科,40,5,35,華南永昌-虎尾,2024-07-11,9377
3048,益登,41,9,32,華南永昌-虎尾,2024-07-11,9377
2610,華航,32,1,31,華南永昌-虎尾,2024-07-11,9377
3593,力銘,31,1,30,華南永昌-虎尾,2024-07-11,9377
2353,宏��,67,39,28,華南永昌-虎尾,2024-07-11,9377
5498,凱崴,30,3,27,華南永昌-虎尾,2024-07-11,9377
1314,中石化,26,0,26,華南永昌-虎尾,2024-07-11,9377
2867,三商壽,52,27,25,華南永昌-虎尾,2024-07-11,9377
2367,燿華,29,5,24,華南永昌-虎尾,2024-07-11,9377
3289,宜特,25,2,23,華南永昌-虎尾,2024-07-11,9377
2618,長榮航,30,8,22,華南永昌-虎尾,2024-07-11,9377
3114,好德,22,0,22,華南永昌-虎尾,2024-07-11,9377
2449,京元電子,26,4,22,華南永昌-虎尾,2024-07-11,9377
2537,聯上發,34,13,21,華南永昌-虎尾,2024-07-11,9377
6126,信音,22,1,21,華南永昌-虎尾,2024-07-11,9377
00895,富邦未來車,20,0,20,華南永昌-虎尾,2024-07-11,9377
4745,合富-KY,20,0,20,華南永昌-虎尾,2024-07-11,9377
6438,迅得,25,6,19,華南永昌-虎尾,2024-07-11,9377
2365,昆盈,79,61,18,華南永昌-虎尾,2024-07-11,9377
2478,大毅,18,0,18,華南永昌-虎尾,2024-07-11,9377
2442,新美齊,18,2,16,華南永昌-虎尾,2024-07-11,9377
1303,南亞,17,2,15,華南永昌-虎尾,2024-07-11,9377
3231,緯創,16,1,15,華南永昌-虎尾,2024-07-11,9377
2438,翔耀,16,1,15,華南永昌-虎尾,2024-07-11,9377
00679B,元大美債20年,14,0,14,華南永昌-虎尾,2024-07-11,9377
1795,美時,20,6,14,華南永昌-虎尾,2024-07-11,9377
2328,廣宇,16,2,14,華南永昌-虎尾,2024-07-11,9377
5538,東明-KY,14,0,14,華南永昌-虎尾,2024-07-11,9377
3450,聯鈞,27,13,14,華南永昌-虎尾,2024-07-11,9377
1711,永光,13,0,13,華南永昌-虎尾,2024-07-11,9377
2316,楠梓電,15,2,13,華南永昌-虎尾,2024-07-11,9377
2867,三商壽,326,43,283,華南永昌-虎尾,2024-07-12,9377
00934,中信成長高股息,139,1,138,華南永昌-虎尾,2024-07-12,9377
00720B,元大投資級公司債,135,1,134,華南永昌-虎尾,2024-07-12,9377
00929,復華台灣科技優息,127,2,125,華南永昌-虎尾,2024-07-12,9377
9105,泰金寶-DR,127,27,100,華南永昌-虎尾,2024-07-12,9377
00919,群益台灣精選高息,72,0,72,華南永昌-虎尾,2024-07-12,9377
2312,金寶,164,94,70,華南永昌-虎尾,2024-07-12,9377
00664R,國泰臺灣加權反1,60,0,60,華南永昌-虎尾,2024-07-12,9377
6265,方土昶,76,16,60,華南永昌-虎尾,2024-07-12,9377
2883,凱基金,62,5,57,華南永昌-虎尾,2024-07-12,9377
2882,國泰金,64,10,54,華南永昌-虎尾,2024-07-12,9377
8107,大億金茂,52,0,52,華南永昌-虎尾,2024-07-12,9377
2303,聯電,62,12,50,華南永昌-虎尾,2024-07-12,9377
1563,巧新,50,0,50,華南永昌-虎尾,2024-07-12,9377
3265,台星科,40,0,40,華南永昌-虎尾,2024-07-12,9377
3556,禾瑞亞,38,0,38,華南永昌-虎尾,2024-07-12,9377
2834,臺企銀,35,0,35,華南永昌-虎尾,2024-07-12,9377
3231,緯創,54,20,34,華南永昌-虎尾,2024-07-12,9377
1312,國喬,63,29,34,華南永昌-虎尾,2024-07-12,9377
2330,台積電,42,10,32,華南永昌-虎尾,2024-07-12,9377
00946,群益科技高息成長,31,1,30,華南永昌-虎尾,2024-07-12,9377
2371,大同,60,32,28,華南永昌-虎尾,2024-07-12,9377
1609,大亞,78,53,25,華南永昌-虎尾,2024-07-12,9377
5328,華容,52,29,23,華南永昌-虎尾,2024-07-12,9377
1316,上曜,48,25,23,華南永昌-虎尾,2024-07-12,9377
00688L,國泰20年美債正2,21,1,20,華南永昌-虎尾,2024-07-12,9377
4745,合富-KY,20,0,20,華南永昌-虎尾,2024-07-12,9377
6005,群益證,20,0,20,華南永昌-虎尾,2024-07-12,9377
2609,陽明,26,7,19,華南永昌-虎尾,2024-07-12,9377
2201,裕隆,16,0,16,華南永昌-虎尾,2024-07-12,9377
2241,艾姆勒,18,2,16,華南永昌-虎尾,2024-07-12,9377
4714,永捷,17,1,16,華南永昌-虎尾,2024-07-12,9377
2449,京元電子,17,2,15,華南永昌-虎尾,2024-07-12,9377
00882,中信中國高股息,16,1,15,華南永昌-虎尾,2024-07-12,9377
3289,宜特,20,5,15,華南永昌-虎尾,2024-07-12,9377
6235,華孚,15,0,15,華南永昌-虎尾,2024-07-12,9377
6576,逸達,15,0,15,華南永昌-虎尾,2024-07-12,9377
9945,潤泰新,20,5,15,華南永昌-虎尾,2024-07-12,9377
8105,凌巨,60,45,15,華南永昌-虎尾,2024-07-12,9377
00878,國泰永續高股息,14,0,14,華南永昌-虎尾,2024-07-12,9377
2809,京城銀,14,0,14,華南永昌-虎尾,2024-07-12,9377
6163,華電網,15,1,14,華南永昌-虎尾,2024-07-12,9377
1101,台泥,20,6,14,華南永昌-虎尾,2024-07-12,9377
6126,信音,38,25,13,華南永昌-虎尾,2024-07-12,9377
8011,台通,28,15,13,華南永昌-虎尾,2024-07-12,9377
8086,宏捷科,14,1,13,華南永昌-虎尾,2024-07-12,9377
3013,晟銘電,21,8,13,華南永昌-虎尾,2024-07-12,9377
5452,佶優,14,1,13,華南永昌-虎尾,2024-07-12,9377
3019,亞光,19,8,11,華南永昌-虎尾,2024-07-12,9377
9902,台火,11,0,11,華南永昌-虎尾,2024-07-12,9377
2489,瑞軒,407,231,176,華南永昌-虎尾,2024-07-15,9377
1563,巧新,167,5,162,華南永昌-虎尾,2024-07-15,9377
2888,新光金,193,81,112,華南永昌-虎尾,2024-07-15,9377
9105,泰金寶-DR,128,39,89,華南永昌-虎尾,2024-07-15,9377
2472,立隆電,87,0,87,華南永昌-虎尾,2024-07-15,9377
00664R,國泰臺灣加權反1,87,0,87,華南永昌-虎尾,2024-07-15,9377
2312,金寶,143,66,77,華南永昌-虎尾,2024-07-15,9377
00937B,群益ESG投等債20,76,0,76,華南永昌-虎尾,2024-07-15,9377
1815,富喬,79,11,68,華南永昌-虎尾,2024-07-15,9377
4566,時碩工業,68,1,67,華南永昌-虎尾,2024-07-15,9377
00929,復華台灣科技優息,64,1,63,華南永昌-虎尾,2024-07-15,9377
00934,中信成長高股息,56,0,56,華南永昌-虎尾,2024-07-15,9377
00687B,國泰20年美債,56,0,56,華南永昌-虎尾,2024-07-15,9377
6257,矽格,54,0,54,華南永昌-虎尾,2024-07-15,9377
2883,凱基金,78,27,51,華南永昌-虎尾,2024-07-15,9377
6265,方土昶,41,0,41,華南永昌-虎尾,2024-07-15,9377
6126,信音,58,18,40,華南永昌-虎尾,2024-07-15,9377
5531,鄉林,40,0,40,華南永昌-虎尾,2024-07-15,9377
2891,中信金,40,1,39,華南永昌-虎尾,2024-07-15,9377
6282,康舒,37,0,37,華南永昌-虎尾,2024-07-15,9377
2867,三商壽,37,0,37,華南永昌-虎尾,2024-07-15,9377
2356,英業達,438,402,36,華南永昌-虎尾,2024-07-15,9377
6005,群益證,45,10,35,華南永昌-虎尾,2024-07-15,9377
2485,兆赫,60,30,30,華南永昌-虎尾,2024-07-15,9377
2332,友訊,39,10,29,華南永昌-虎尾,2024-07-15,9377
2363,矽統,39,11,28,華南永昌-虎尾,2024-07-15,9377
4155,訊映,28,1,27,華南永昌-虎尾,2024-07-15,9377
1513,中興電,58,32,26,華南永昌-虎尾,2024-07-15,9377
2243,宏旭-KY,33,7,26,華南永昌-虎尾,2024-07-15,9377
6873,泓德能源,26,0,26,華南永昌-虎尾,2024-07-15,9377
3706,神達,32,7,25,華南永昌-虎尾,2024-07-15,9377
2344,華邦電,25,0,25,華南永昌-虎尾,2024-07-15,9377
1312,國喬,25,1,24,華南永昌-虎尾,2024-07-15,9377
2609,陽明,53,29,24,華南永昌-虎尾,2024-07-15,9377
1608,華榮,45,22,23,華南永昌-虎尾,2024-07-15,9377
00680L,元大美債20正2,23,0,23,華南永昌-虎尾,2024-07-15,9377
2455,全新,27,4,23,華南永昌-虎尾,2024-07-15,9377
3673,TPK-KY,29,6,23,華南永昌-虎尾,2024-07-15,9377
3686,達能,24,1,23,華南永昌-虎尾,2024-07-15,9377
5309,系統電,28,6,22,華南永昌-虎尾,2024-07-15,9377
1314,中石化,20,0,20,華南永昌-虎尾,2024-07-15,9377
3322,建舜電,20,0,20,華南永昌-虎尾,2024-07-15,9377
4564,元翎,20,1,19,華南永昌-虎尾,2024-07-15,9377
6237,驊訊,19,0,19,華南永昌-虎尾,2024-07-15,9377
4157,太景*-KY,18,0,18,華南永昌-虎尾,2024-07-15,9377
6274,台燿,21,3,18,華南永昌-虎尾,2024-07-15,9377
8084,巨虹,18,0,18,華南永昌-虎尾,2024-07-15,9377
2845,遠東銀,19,2,17,華南永昌-虎尾,2024-07-15,9377
4534,慶騰,19,2,17,華南永昌-虎尾,2024-07-15,9377
00919,群益台灣精選高息,23,6,17,華南永昌-虎尾,2024-07-15,9377
2888,新光金,1300,77,1223,華南永昌-虎尾,2024-07-16,9377
00948B,中信優息投資級債,310,2,308,華南永昌-虎尾,2024-07-16,9377
2489,瑞軒,419,173,246,華南永昌-虎尾,2024-07-16,9377
00949,復華日本龍頭,230,13,217,華南永昌-虎尾,2024-07-16,9377
5475,德宏,139,0,139,華南永昌-虎尾,2024-07-16,9377
9945,潤泰新,137,17,120,華南永昌-虎尾,2024-07-16,9377
2834,臺企銀,110,0,110,華南永昌-虎尾,2024-07-16,9377
4904,遠傳,109,0,109,華南永昌-虎尾,2024-07-16,9377
2882,國泰金,100,19,81,華南永昌-虎尾,2024-07-16,9377
00922,國泰台灣領袖50,80,1,79,華南永昌-虎尾,2024-07-16,9377
0056,元大高股息,77,1,76,華南永昌-虎尾,2024-07-16,9377
2312,金寶,88,17,71,華南永昌-虎尾,2024-07-16,9377
6265,方土昶,68,0,68,華南永昌-虎尾,2024-07-16,9377
00929,復華台灣科技優息,92,37,55,華南永昌-虎尾,2024-07-16,9377
8358,金居,56,2,54,華南永昌-虎尾,2024-07-16,9377
1563,巧新,57,3,54,華南永昌-虎尾,2024-07-16,9377
2618,長榮航,65,17,48,華南永昌-虎尾,2024-07-16,9377
00934,中信成長高股息,46,0,46,華南永昌-虎尾,2024-07-16,9377
6443,元晶,47,1,46,華南永昌-虎尾,2024-07-16,9377
2356,英業達,58,14,44,華南永昌-虎尾,2024-07-16,9377
6237,驊訊,40,0,40,華南永昌-虎尾,2024-07-16,9377
00753L,中信中國50正2,36,0,36,華南永昌-虎尾,2024-07-16,9377
6257,矽格,54,22,32,華南永昌-虎尾,2024-07-16,9377
00878,國泰永續高股息,33,2,31,華南永昌-虎尾,2024-07-16,9377
6873,泓德能源,31,0,31,華南永昌-虎尾,2024-07-16,9377
00919,群益台灣精選高息,30,0,30,華南永昌-虎尾,2024-07-16,9377
2406,國碩,32,3,29,華南永昌-虎尾,2024-07-16,9377
00905,FT臺灣Smart,28,0,28,華南永昌-虎尾,2024-07-16,9377
1316,上曜,48,20,28,華南永昌-虎尾,2024-07-16,9377
4109,加捷生醫,29,3,26,華南永昌-虎尾,2024-07-16,9377
1785,光洋科,53,28,25,華南永昌-虎尾,2024-07-16,9377
2880,華南金,25,1,24,華南永昌-虎尾,2024-07-16,9377
1513,中興電,49,26,23,華南永昌-虎尾,2024-07-16,9377
2884,玉山金,29,7,22,華南永昌-虎尾,2024-07-16,9377
2371,大同,52,30,22,華南永昌-虎尾,2024-07-16,9377
2481,強茂,27,5,22,華南永昌-虎尾,2024-07-16,9377
1309,台達化,21,0,21,華南永昌-虎尾,2024-07-16,9377
3652,精聯,22,1,21,華南永昌-虎尾,2024-07-16,9377
2449,京元電子,37,16,21,華南永昌-虎尾,2024-07-16,9377
00632R,元大台灣50反1,20,0,20,華南永昌-虎尾,2024-07-16,9377
00757,統一FANG+,20,0,20,華南永昌-虎尾,2024-07-16,9377
2324,仁寶,20,0,20,華南永昌-虎尾,2024-07-16,9377
2547,日勝生,20,0,20,華南永昌-虎尾,2024-07-16,9377
4123,晟德,20,0,20,華南永昌-虎尾,2024-07-16,9377
3037,欣興,34,15,19,華南永昌-虎尾,2024-07-16,9377
3019,亞光,26,7,19,華南永昌-虎尾,2024-07-16,9377
2303,聯電,22,4,18,華南永昌-虎尾,2024-07-16,9377
9105,泰金寶-DR,74,57,17,華南永昌-虎尾,2024-07-16,9377
6139,亞翔,27,10,17,華南永昌-虎尾,2024-07-16,9377
6179,亞通,17,0,17,華南永昌-虎尾,2024-07-16,9377
2888,新光金,456,1,455,華南永昌-虎尾,2024-07-17,9377
00950B,凱基A級公司債,211,7,204,華南永昌-虎尾,2024-07-17,9377
6770,力積電,249,100,149,華南永昌-虎尾,2024-07-17,9377
2353,宏��,112,2,110,華南永昌-虎尾,2024-07-17,9377
2515,中工,105,19,86,華南永昌-虎尾,2024-07-17,9377
8358,金居,74,5,69,華南永昌-虎尾,2024-07-17,9377
4906,正文,79,11,68,華南永昌-虎尾,2024-07-17,9377
00929,復華台灣科技優息,67,0,67,華南永昌-虎尾,2024-07-17,9377
1409,新纖,75,10,65,華南永昌-虎尾,2024-07-17,9377
2882,國泰金,54,0,54,華南永昌-虎尾,2024-07-17,9377
2371,大同,107,60,47,華南永昌-虎尾,2024-07-17,9377
00937B,群益ESG投等債20,51,4,47,華南永昌-虎尾,2024-07-17,9377
3704,合勤控,41,0,41,華南永昌-虎尾,2024-07-17,9377
9945,潤泰新,68,28,40,華南永昌-虎尾,2024-07-17,9377
3231,緯創,50,12,38,華南永昌-虎尾,2024-07-17,9377
00927,群益半導體收益,46,10,36,華南永昌-虎尾,2024-07-17,9377
3006,晶豪科,39,4,35,華南永昌-虎尾,2024-07-17,9377
2889,國票金,33,0,33,華南永昌-虎尾,2024-07-17,9377
2883,凱基金,70,38,32,華南永昌-虎尾,2024-07-17,9377
2836,高雄銀,50,20,30,華南永昌-虎尾,2024-07-17,9377
2884,玉山金,30,0,30,華南永昌-虎尾,2024-07-17,9377
3438,類比科,30,0,30,華南永昌-虎尾,2024-07-17,9377
2329,華泰,30,0,30,華南永昌-虎尾,2024-07-17,9377
5530,龍巖,28,0,28,華南永昌-虎尾,2024-07-17,9377
8011,台通,83,56,27,華南永昌-虎尾,2024-07-17,9377
00878,國泰永續高股息,27,1,26,華南永昌-虎尾,2024-07-17,9377
1301,台塑,36,11,25,華南永昌-虎尾,2024-07-17,9377
2338,光罩,25,1,24,華南永昌-虎尾,2024-07-17,9377
1785,光洋科,26,3,23,華南永昌-虎尾,2024-07-17,9377
00919,群益台灣精選高息,27,4,23,華南永昌-虎尾,2024-07-17,9377
5880,合庫金,26,4,22,華南永昌-虎尾,2024-07-17,9377
2376,技嘉,20,0,20,華南永昌-虎尾,2024-07-17,9377
1605,華新,34,14,20,華南永昌-虎尾,2024-07-17,9377
3230,錦明,20,0,20,華南永昌-虎尾,2024-07-17,9377
3673,TPK-KY,31,11,20,華南永昌-虎尾,2024-07-17,9377
2609,陽明,27,7,20,華南永昌-虎尾,2024-07-17,9377
2408,南亞科,20,1,19,華南永昌-虎尾,2024-07-17,9377
6271,同欣電,19,0,19,華南永昌-虎尾,2024-07-17,9377
2330,台積電,21,2,19,華南永昌-虎尾,2024-07-17,9377
00665L,富邦�琤肭磪囓�2,18,0,18,華南永昌-虎尾,2024-07-17,9377
2344,華邦電,20,4,16,華南永昌-虎尾,2024-07-17,9377
8936,國統,19,5,14,華南永昌-虎尾,2024-07-17,9377
1303,南亞,21,7,14,華南永昌-虎尾,2024-07-17,9377
3294,英濟,111,97,14,華南永昌-虎尾,2024-07-17,9377
2301,光寶科,14,1,13,華南永昌-虎尾,2024-07-17,9377
00713,元大台灣高息低波,13,0,13,華南永昌-虎尾,2024-07-17,9377
4904,遠傳,16,3,13,華南永昌-虎尾,2024-07-17,9377
6244,茂迪,15,2,13,華南永昌-虎尾,2024-07-17,9377
3706,神達,19,7,12,華南永昌-虎尾,2024-07-17,9377
2312,金寶,33,21,12,華南永昌-虎尾,2024-07-17,9377
2888,新光金,668,36,632,華南永昌-虎尾,2024-07-18,9377
2353,宏��,208,20,188,華南永昌-虎尾,2024-07-18,9377
2002,中鋼,152,0,152,華南永昌-虎尾,2024-07-18,9377
1102,亞泥,105,1,104,華南永昌-虎尾,2024-07-18,9377
00948B,中信優息投資級債,89,0,89,華南永昌-虎尾,2024-07-18,9377
00919,群益台灣精選高息,72,0,72,華南永昌-虎尾,2024-07-18,9377
00937B,群益ESG投等債20,69,0,69,華南永昌-虎尾,2024-07-18,9377
6265,方土昶,61,0,61,華南永昌-虎尾,2024-07-18,9377
2489,瑞軒,221,160,61,華南永昌-虎尾,2024-07-18,9377
2609,陽明,79,24,55,華南永昌-虎尾,2024-07-18,9377
00940,元大台灣價值高息,52,0,52,華南永昌-虎尾,2024-07-18,9377
1608,華榮,54,4,50,華南永昌-虎尾,2024-07-18,9377
1709,和益,72,22,50,華南永昌-虎尾,2024-07-18,9377
2405,輔信,58,11,47,華南永昌-虎尾,2024-07-18,9377
1563,巧新,46,0,46,華南永昌-虎尾,2024-07-18,9377
1301,台塑,50,8,42,華南永昌-虎尾,2024-07-18,9377
1810,和成,51,10,41,華南永昌-虎尾,2024-07-18,9377
2317,鴻海,60,20,40,華南永昌-虎尾,2024-07-18,9377
2303,聯電,43,5,38,華南永昌-虎尾,2024-07-18,9377
3481,群創,208,172,36,華南永昌-虎尾,2024-07-18,9377
3035,智原,41,5,36,華南永昌-虎尾,2024-07-18,9377
00878,國泰永續高股息,34,1,33,華南永昌-虎尾,2024-07-18,9377
2371,大同,44,12,32,華南永昌-虎尾,2024-07-18,9377
3163,波若威,87,57,30,華南永昌-虎尾,2024-07-18,9377
8105,凌巨,47,17,30,華南永昌-虎尾,2024-07-18,9377
2614,東森,30,1,29,華南永昌-虎尾,2024-07-18,9377
00934,中信成長高股息,27,0,27,華南永昌-虎尾,2024-07-18,9377
00669R,國泰美國道瓊反1,27,0,27,華南永昌-虎尾,2024-07-18,9377
2427,三商電,27,0,27,華南永昌-虎尾,2024-07-18,9377
00931B,統一美債20年,26,0,26,華南永昌-虎尾,2024-07-18,9377
4426,利勤,24,0,24,華南永昌-虎尾,2024-07-18,9377
2537,聯上發,29,8,21,華南永昌-虎尾,2024-07-18,9377
2634,漢翔,24,3,21,華南永昌-虎尾,2024-07-18,9377
1201,味全,20,0,20,華南永昌-虎尾,2024-07-18,9377
2331,精英,22,2,20,華南永昌-虎尾,2024-07-18,9377
2344,華邦電,26,6,20,華南永昌-虎尾,2024-07-18,9377
2472,立隆電,21,1,20,華南永昌-虎尾,2024-07-18,9377
00936,台新永續高息中小,21,1,20,華南永昌-虎尾,2024-07-18,9377
00927,群益半導體收益,22,3,19,華南永昌-虎尾,2024-07-18,9377
3711,日月光投控,19,0,19,華南永昌-虎尾,2024-07-18,9377
2409,友達,20,2,18,華南永昌-虎尾,2024-07-18,9377
3013,晟銘電,39,22,17,華南永昌-虎尾,2024-07-18,9377
3062,建漢,30,13,17,華南永昌-虎尾,2024-07-18,9377
3284,太普高,17,0,17,華南永昌-虎尾,2024-07-18,9377
6163,華電網,19,2,17,華南永昌-虎尾,2024-07-18,9377
8936,國統,92,75,17,華南永昌-虎尾,2024-07-18,9377
2365,昆盈,97,81,16,華南永昌-虎尾,2024-07-18,9377
3673,TPK-KY,20,4,16,華南永昌-虎尾,2024-07-18,9377
3625,西勝,15,0,15,華南永昌-虎尾,2024-07-18,9377
6596,寬宏藝術,15,0,15,華南永昌-虎尾,2024-07-18,9377
2888,新光金,608,5,603,華南永昌-虎尾,2024-07-19,9377
00948B,中信優息投資級債,204,0,204,華南永昌-虎尾,2024-07-19,9377
1563,巧新,193,0,193,華南永昌-虎尾,2024-07-19,9377
6265,方土昶,164,0,164,華南永昌-虎尾,2024-07-19,9377
2489,瑞軒,258,114,144,華南永昌-虎尾,2024-07-19,9377
2834,臺企銀,124,0,124,華南永昌-虎尾,2024-07-19,9377
6488,環球晶,100,0,100,華南永昌-虎尾,2024-07-19,9377
2501,國建,88,1,87,華南永昌-虎尾,2024-07-19,9377
3481,群創,169,85,84,華南永昌-虎尾,2024-07-19,9377
00919,群益台灣精選高息,85,8,77,華南永昌-虎尾,2024-07-19,9377
2408,南亞科,70,0,70,華南永昌-虎尾,2024-07-19,9377
8401,白紗科,70,0,70,華南永昌-虎尾,2024-07-19,9377
4906,正文,74,6,68,華南永昌-虎尾,2024-07-19,9377
00878,國泰永續高股息,68,7,61,華南永昌-虎尾,2024-07-19,9377
1717,長興,60,0,60,華南永昌-虎尾,2024-07-19,9377
1102,亞泥,59,1,58,華南永昌-虎尾,2024-07-19,9377
2344,華邦電,66,10,56,華南永昌-虎尾,2024-07-19,9377
2472,立隆電,56,0,56,華南永昌-虎尾,2024-07-19,9377
6869,雲豹能源,54,0,54,華南永昌-虎尾,2024-07-19,9377
2323,中環,43,1,42,華南永昌-虎尾,2024-07-19,9377
0056,元大高股息,51,9,42,華南永昌-虎尾,2024-07-19,9377
4157,太景*-KY,41,0,41,華南永昌-虎尾,2024-07-19,9377
1312,國喬,40,0,40,華南永昌-虎尾,2024-07-19,9377
2371,大同,71,33,38,華南永昌-虎尾,2024-07-19,9377
1785,光洋科,88,52,36,華南永昌-虎尾,2024-07-19,9377
2485,兆赫,35,0,35,華南永昌-虎尾,2024-07-19,9377
00934,中信成長高股息,37,3,34,華南永昌-虎尾,2024-07-19,9377
00929,復華台灣科技優息,82,49,33,華南永昌-虎尾,2024-07-19,9377
2330,台積電,63,30,33,華南永昌-虎尾,2024-07-19,9377
00665L,富邦�琤肭磪囓�2,32,0,32,華南永昌-虎尾,2024-07-19,9377
3231,緯創,32,1,31,華南永昌-虎尾,2024-07-19,9377
00753L,中信中國50正2,30,0,30,華南永昌-虎尾,2024-07-19,9377
2845,遠東銀,30,0,30,華南永昌-虎尾,2024-07-19,9377
3211,順達,32,2,30,華南永昌-虎尾,2024-07-19,9377
2495,普安,31,3,28,華南永昌-虎尾,2024-07-19,9377
00936,台新永續高息中小,27,0,27,華南永昌-虎尾,2024-07-19,9377
6770,力積電,25,0,25,華南永昌-虎尾,2024-07-19,9377
1615,大山,25,0,25,華南永昌-虎尾,2024-07-19,9377
4916,事欣科,37,12,25,華南永昌-虎尾,2024-07-19,9377
3673,TPK-KY,31,7,24,華南永昌-虎尾,2024-07-19,9377
2324,仁寶,24,2,22,華南永昌-虎尾,2024-07-19,9377
6806,森崴能源,56,34,22,華南永昌-虎尾,2024-07-19,9377
1597,直得,56,34,22,華南永昌-虎尾,2024-07-19,9377
5381,合正,20,0,20,華南永昌-虎尾,2024-07-19,9377
00858,永豐美國500大,20,0,20,華南永昌-虎尾,2024-07-19,9377
2303,聯電,26,6,20,華南永昌-虎尾,2024-07-19,9377
3652,精聯,20,0,20,華南永昌-虎尾,2024-07-19,9377
4904,遠傳,33,13,20,華南永昌-虎尾,2024-07-19,9377
6257,矽格,23,3,20,華南永昌-虎尾,2024-07-19,9377
2337,旺宏,17,0,17,華南永昌-虎尾,2024-07-19,9377
2382,廣達,204,10,194,華南永昌-虎尾,2024-07-22,9377
1563,巧新,171,4,167,華南永昌-虎尾,2024-07-22,9377
00687B,國泰20年美債,151,30,121,華南永昌-虎尾,2024-07-22,9377
2883,凱基金,124,9,115,華南永昌-虎尾,2024-07-22,9377
00919,群益台灣精選高息,117,14,103,華南永昌-虎尾,2024-07-22,9377
2014,中鴻,102,1,101,華南永昌-虎尾,2024-07-22,9377
3481,群創,393,302,91,華南永昌-虎尾,2024-07-22,9377
2023,燁輝,124,41,83,華南永昌-虎尾,2024-07-22,9377
00929,復華台灣科技優息,155,81,74,華南永昌-虎尾,2024-07-22,9377
1609,大亞,96,24,72,華南永昌-虎尾,2024-07-22,9377
8401,白紗科,68,0,68,華南永昌-虎尾,2024-07-22,9377
00934,中信成長高股息,75,10,65,華南永昌-虎尾,2024-07-22,9377
2610,華航,67,6,61,華南永昌-虎尾,2024-07-22,9377
00940,元大台灣價值高息,100,40,60,華南永昌-虎尾,2024-07-22,9377
4904,遠傳,60,3,57,華南永昌-虎尾,2024-07-22,9377
2371,大同,69,13,56,華南永昌-虎尾,2024-07-22,9377
2002,中鋼,54,3,51,華南永昌-虎尾,2024-07-22,9377
2485,兆赫,80,30,50,華南永昌-虎尾,2024-07-22,9377
3048,益登,65,15,50,華南永昌-虎尾,2024-07-22,9377
00946,群益科技高息成長,59,15,44,華南永昌-虎尾,2024-07-22,9377
1529,樂事綠能,95,52,43,華南永昌-虎尾,2024-07-22,9377
6265,方土昶,42,1,41,華南永昌-虎尾,2024-07-22,9377
1608,華榮,53,14,39,華南永昌-虎尾,2024-07-22,9377
0056,元大高股息,47,8,39,華南永昌-虎尾,2024-07-22,9377
00688L,國泰20年美債正2,36,0,36,華南永昌-虎尾,2024-07-22,9377
2312,金寶,76,40,36,華南永昌-虎尾,2024-07-22,9377
9105,泰金寶-DR,38,2,36,華南永昌-虎尾,2024-07-22,9377
1785,光洋科,63,28,35,華南永昌-虎尾,2024-07-22,9377
2337,旺宏,67,33,34,華南永昌-虎尾,2024-07-22,9377
2356,英業達,72,38,34,華南永昌-虎尾,2024-07-22,9377
2317,鴻海,87,55,32,華南永昌-虎尾,2024-07-22,9377
1101,台泥,33,2,31,華南永昌-虎尾,2024-07-22,9377
1102,亞泥,30,0,30,華南永昌-虎尾,2024-07-22,9377
2323,中環,50,20,30,華南永昌-虎尾,2024-07-22,9377
2449,京元電子,31,1,30,華南永昌-虎尾,2024-07-22,9377
6126,信音,32,2,30,華南永昌-虎尾,2024-07-22,9377
9902,台火,30,0,30,華南永昌-虎尾,2024-07-22,9377
2867,三商壽,30,3,27,華南永昌-虎尾,2024-07-22,9377
5512,力麒,74,48,26,華南永昌-虎尾,2024-07-22,9377
1217,愛之味,23,0,23,華南永昌-虎尾,2024-07-22,9377
2330,台積電,32,10,22,華南永昌-虎尾,2024-07-22,9377
2834,臺企銀,34,12,22,華南永昌-虎尾,2024-07-22,9377
2369,菱生,22,0,22,華南永昌-虎尾,2024-07-22,9377
4967,十銓,21,0,21,華南永昌-虎尾,2024-07-22,9377
3673,TPK-KY,42,21,21,華南永昌-虎尾,2024-07-22,9377
2426,鼎元,20,0,20,華南永昌-虎尾,2024-07-22,9377
8215,明基材,20,0,20,華南永昌-虎尾,2024-07-22,9377
1615,大山,22,3,19,華南永昌-虎尾,2024-07-22,9377
8105,凌巨,31,12,19,華南永昌-虎尾,2024-07-22,9377
5309,系統電,22,4,18,華南永昌-虎尾,2024-07-22,9377
00946,群益科技高息成長,196,5,191,華南永昌-虎尾,2024-07-23,9377
3481,群創,588,411,177,華南永昌-虎尾,2024-07-23,9377
006208,富邦台50,124,6,118,華南永昌-虎尾,2024-07-23,9377
2312,金寶,164,49,115,華南永昌-虎尾,2024-07-23,9377
00929,復華台灣科技優息,122,8,114,華南永昌-虎尾,2024-07-23,9377
00878,國泰永續高股息,107,7,100,華南永昌-虎尾,2024-07-23,9377
3372,典範,98,0,98,華南永昌-虎尾,2024-07-23,9377
00632R,元大台灣50反1,100,23,77,華南永昌-虎尾,2024-07-23,9377
1217,愛之味,63,0,63,華南永昌-虎尾,2024-07-23,9377
2317,鴻海,114,55,59,華南永昌-虎尾,2024-07-23,9377
2867,三商壽,55,0,55,華南永昌-虎尾,2024-07-23,9377
6265,方土昶,52,0,52,華南永昌-虎尾,2024-07-23,9377
2890,永豐金,51,0,51,華南永昌-虎尾,2024-07-23,9377
2101,南港,48,0,48,華南永昌-虎尾,2024-07-23,9377
2409,友達,46,5,41,華南永昌-虎尾,2024-07-23,9377
2344,華邦電,43,9,34,華南永昌-虎尾,2024-07-23,9377
6179,亞通,32,0,32,華南永昌-虎尾,2024-07-23,9377
6263,普萊德,31,0,31,華南永昌-虎尾,2024-07-23,9377
2316,楠梓電,30,0,30,華南永昌-虎尾,2024-07-23,9377
3663,鑫科,48,19,29,華南永昌-虎尾,2024-07-23,9377
2408,南亞科,28,0,28,華南永昌-虎尾,2024-07-23,9377
2618,長榮航,45,17,28,華南永昌-虎尾,2024-07-23,9377
3037,欣興,38,12,26,華南永昌-虎尾,2024-07-23,9377
1609,大亞,28,5,23,華南永昌-虎尾,2024-07-23,9377
2449,京元電子,37,15,22,華南永昌-虎尾,2024-07-23,9377
00687B,國泰20年美債,47,25,22,華南永昌-虎尾,2024-07-23,9377
00676R,富邦臺灣加權反1,20,0,20,華南永昌-虎尾,2024-07-23,9377
1313,聯成,20,0,20,華南永昌-虎尾,2024-07-23,9377
2845,遠東銀,20,0,20,華南永昌-虎尾,2024-07-23,9377
6869,雲豹能源,19,0,19,華南永昌-虎尾,2024-07-23,9377
1529,樂事綠能,45,27,18,華南永昌-虎尾,2024-07-23,9377
2489,瑞軒,112,95,17,華南永昌-虎尾,2024-07-23,9377
6834,天二科技,17,0,17,華南永昌-虎尾,2024-07-23,9377
6770,力積電,19,3,16,華南永昌-虎尾,2024-07-23,9377
00940,元大台灣價值高息,28,12,16,華南永昌-虎尾,2024-07-23,9377
00892,富邦台灣半導體,15,0,15,華南永昌-虎尾,2024-07-23,9377
00901,永豐智能車供應鏈,15,0,15,華南永昌-虎尾,2024-07-23,9377
2444,兆勁,15,0,15,華南永昌-虎尾,2024-07-23,9377
6264,富裔,15,0,15,華南永昌-虎尾,2024-07-23,9377
00947,台新臺灣IC設計,20,6,14,華南永昌-虎尾,2024-07-23,9377
2301,光寶科,18,4,14,華南永昌-虎尾,2024-07-23,9377
1815,富喬,37,24,13,華南永昌-虎尾,2024-07-23,9377
2337,旺宏,12,0,12,華南永昌-虎尾,2024-07-23,9377
00937B,群益ESG投等債20,21,9,12,華南永昌-虎尾,2024-07-23,9377
00688L,國泰20年美債正2,12,0,12,華南永昌-虎尾,2024-07-23,9377
00918,大華優利高填息30,12,0,12,華南永昌-虎尾,2024-07-23,9377
00894,中信小資高價30,12,0,12,華南永昌-虎尾,2024-07-23,9377
6152,百一,14,2,12,華南永昌-虎尾,2024-07-23,9377
1314,中石化,21,10,11,華南永昌-虎尾,2024-07-23,9377
6163,華電網,12,1,11,華南永昌-虎尾,2024-07-23,9377
00637L,元大滬深300正2,177,40,137,華南永昌-虎尾,2024-07-26,9377
00919,群益台灣精選高息,129,1,128,華南永昌-虎尾,2024-07-26,9377
2367,燿華,112,2,110,華南永昌-虎尾,2024-07-26,9377
2382,廣達,114,4,110,華南永昌-虎尾,2024-07-26,9377
2884,玉山金,99,0,99,華南永昌-虎尾,2024-07-26,9377
00929,復華台灣科技優息,99,7,92,華南永昌-虎尾,2024-07-26,9377
00922,國泰台灣領袖50,98,12,86,華南永昌-虎尾,2024-07-26,9377
00937B,群益ESG投等債20,86,13,73,華南永昌-虎尾,2024-07-26,9377
0056,元大高股息,58,1,57,華南永昌-虎尾,2024-07-26,9377
00878,國泰永續高股息,54,1,53,華南永昌-虎尾,2024-07-26,9377
6244,茂迪,52,0,52,華南永昌-虎尾,2024-07-26,9377
1563,巧新,50,0,50,華南永昌-虎尾,2024-07-26,9377
2349,錸德,52,5,47,華南永昌-虎尾,2024-07-26,9377
2317,鴻海,54,7,47,華南永昌-虎尾,2024-07-26,9377
00946,群益科技高息成長,47,2,45,華南永昌-虎尾,2024-07-26,9377
2834,臺企銀,46,1,45,華南永昌-虎尾,2024-07-26,9377
6265,方土昶,42,0,42,華南永昌-虎尾,2024-07-26,9377
3211,順達,43,3,40,華南永昌-虎尾,2024-07-26,9377
1101,台泥,48,11,37,華南永昌-虎尾,2024-07-26,9377
3576,聯合再生,55,20,35,華南永昌-虎尾,2024-07-26,9377
2330,台積電,43,8,35,華南永昌-虎尾,2024-07-26,9377
2520,冠德,35,1,34,華南永昌-虎尾,2024-07-26,9377
3711,日月光投控,33,0,33,華南永昌-虎尾,2024-07-26,9377
6209,今國光,33,2,31,華南永昌-虎尾,2024-07-26,9377
2408,南亞科,40,10,30,華南永昌-虎尾,2024-07-26,9377
00665L,富邦�琤肭磪囓�2,30,0,30,華南永昌-虎尾,2024-07-26,9377
2340,台亞,30,0,30,華南永昌-虎尾,2024-07-26,9377
4956,光鋐,30,0,30,華南永昌-虎尾,2024-07-26,9377
1314,中石化,35,6,29,華南永昌-虎尾,2024-07-26,9377
2303,聯電,30,3,27,華南永昌-虎尾,2024-07-26,9377
3052,夆典,26,0,26,華南永昌-虎尾,2024-07-26,9377
00940,元大台灣價值高息,31,5,26,華南永昌-虎尾,2024-07-26,9377
3372,典範,32,8,24,華南永昌-虎尾,2024-07-26,9377
6257,矽格,29,5,24,華南永昌-虎尾,2024-07-26,9377
00679B,元大美債20年,23,3,20,華南永昌-虎尾,2024-07-26,9377
1717,長興,20,0,20,華南永昌-虎尾,2024-07-26,9377
2356,英業達,57,38,19,華南永昌-虎尾,2024-07-26,9377
2369,菱生,20,1,19,華南永昌-虎尾,2024-07-26,9377
2547,日勝生,20,1,19,華南永昌-虎尾,2024-07-26,9377
00633L,富邦上証正2,18,0,18,華南永昌-虎尾,2024-07-26,9377
3231,緯創,23,6,17,華南永昌-虎尾,2024-07-26,9377
00680L,元大美債20正2,16,0,16,華南永昌-虎尾,2024-07-26,9377
3033,威健,16,0,16,華南永昌-虎尾,2024-07-26,9377
2515,中工,21,6,15,華南永昌-虎尾,2024-07-26,9377
2331,精英,15,0,15,華南永昌-虎尾,2024-07-26,9377
2634,漢翔,20,5,15,華南永昌-虎尾,2024-07-26,9377
1529,樂事綠能,15,1,14,華南永昌-虎尾,2024-07-26,9377
6873,泓德能源,13,0,13,華南永昌-虎尾,2024-07-26,9377
8401,白紗科,13,0,13,華南永昌-虎尾,2024-07-26,9377
006208,富邦台50,13,1,12,華南永昌-虎尾,2024-07-26,9377
00632R,元大台灣50反1,1355,58,1297,華南永昌-虎尾,2024-07-29,9377
00948B,中信優息投資級債,707,0,707,華南永昌-虎尾,2024-07-29,9377
00929,復華台灣科技優息,230,1,229,華南永昌-虎尾,2024-07-29,9377
00830,國泰費城半導體,176,4,172,華南永昌-虎尾,2024-07-29,9377
1102,亞泥,155,12,143,華南永昌-虎尾,2024-07-29,9377
1563,巧新,90,0,90,華南永昌-虎尾,2024-07-29,9377
00919,群益台灣精選高息,51,1,50,華南永昌-虎尾,2024-07-29,9377
6244,茂迪,52,4,48,華南永昌-虎尾,2024-07-29,9377
6265,方土昶,48,0,48,華南永昌-虎尾,2024-07-29,9377
00946,群益科技高息成長,52,5,47,華南永昌-虎尾,2024-07-29,9377
1615,大山,40,0,40,華南永昌-虎尾,2024-07-29,9377
0056,元大高股息,38,0,38,華南永昌-虎尾,2024-07-29,9377
2301,光寶科,44,10,34,華南永昌-虎尾,2024-07-29,9377
2371,大同,43,12,31,華南永昌-虎尾,2024-07-29,9377
2485,兆赫,40,10,30,華南永昌-虎尾,2024-07-29,9377
00918,大華優利高填息30,29,0,29,華南永昌-虎尾,2024-07-29,9377
1513,中興電,41,12,29,華南永昌-虎尾,2024-07-29,9377
2201,裕隆,27,0,27,華南永昌-虎尾,2024-07-29,9377
2881,富邦金,41,14,27,華南永昌-虎尾,2024-07-29,9377
00680L,元大美債20正2,23,0,23,華南永昌-虎尾,2024-07-29,9377
3372,典範,31,8,23,華南永昌-虎尾,2024-07-29,9377
8105,凌巨,25,3,22,華南永昌-虎尾,2024-07-29,9377
2303,聯電,22,1,21,華南永昌-虎尾,2024-07-29,9377
2363,矽統,29,7,22,華南永昌-虎尾,2024-07-29,9377
1608,華榮,21,0,21,華南永昌-虎尾,2024-07-29,9377
2369,菱生,20,0,20,華南永昌-虎尾,2024-07-29,9377
1101,台泥,19,0,19,華南永昌-虎尾,2024-07-29,9377
1216,統一,19,0,19,華南永昌-虎尾,2024-07-29,9377
3481,群創,179,161,18,華南永昌-虎尾,2024-07-29,9377
2313,華通,20,2,18,華南永昌-虎尾,2024-07-29,9377
00635U,期元大S＆P黃金,18,0,18,華南永昌-虎尾,2024-07-29,9377
1785,光洋科,25,7,18,華南永昌-虎尾,2024-07-29,9377
9955,佳龍,17,0,17,華南永昌-虎尾,2024-07-29,9377
2472,立隆電,17,0,17,華南永昌-虎尾,2024-07-29,9377
2376,技嘉,16,0,16,華南永昌-虎尾,2024-07-29,9377
00937B,群益ESG投等債20,35,20,15,華南永昌-虎尾,2024-07-29,9377
2511,太子,15,0,15,華南永昌-虎尾,2024-07-29,9377
2477,美隆電,13,0,13,華南永昌-虎尾,2024-07-29,9377
6596,寬宏藝術,13,0,13,華南永昌-虎尾,2024-07-29,9377
2884,玉山金,16,4,12,華南永昌-虎尾,2024-07-29,9377
4967,十銓,12,0,12,華南永昌-虎尾,2024-07-29,9377
2515,中工,20,9,11,華南永昌-虎尾,2024-07-29,9377
00927,群益半導體收益,11,0,11,華南永昌-虎尾,2024-07-29,9377
1529,樂事綠能,11,0,11,華南永昌-虎尾,2024-07-29,9377
1717,長興,11,0,11,華南永昌-虎尾,2024-07-29,9377
2610,華航,27,16,11,華南永昌-虎尾,2024-07-29,9377
4532,瑞智,11,0,11,華南永昌-虎尾,2024-07-29,9377
2344,華邦電,10,0,10,華南永昌-虎尾,2024-07-29,9377
2506,太設,10,0,10,華南永昌-虎尾,2024-07-29,9377
3036,文曄,11,1,10,華南永昌-虎尾,2024-07-29,9377
00929,復華台灣科技優息,208,2,206,華南永昌-虎尾,2024-07-30,9377
00937B,群益ESG投等債20,112,4,108,華南永昌-虎尾,2024-07-30,9377
2515,中工,102,5,97,華南永昌-虎尾,2024-07-30,9377
9945,潤泰新,96,0,96,華南永昌-虎尾,2024-07-30,9377
3447,展達,70,0,70,華南永昌-虎尾,2024-07-30,9377
00637L,元大滬深300正2,62,0,62,華南永昌-虎尾,2024-07-30,9377
2344,華邦電,64,2,62,華南永昌-虎尾,2024-07-30,9377
00878,國泰永續高股息,55,0,55,華南永昌-虎尾,2024-07-30,9377
00687B,國泰20年美債,53,0,53,華南永昌-虎尾,2024-07-30,9377
2349,錸德,92,42,50,華南永昌-虎尾,2024-07-30,9377
00715L,期街口布蘭特正2,47,0,47,華南永昌-虎尾,2024-07-30,9377
00919,群益台灣精選高息,36,2,34,華南永昌-虎尾,2024-07-30,9377
2409,友達,32,0,32,華南永昌-虎尾,2024-07-30,9377
00946,群益科技高息成長,35,3,32,華南永昌-虎尾,2024-07-30,9377
00940,元大台灣價值高息,50,21,29,華南永昌-虎尾,2024-07-30,9377
1808,潤隆,27,2,25,華南永昌-虎尾,2024-07-30,9377
1563,巧新,25,2,23,華南永昌-虎尾,2024-07-30,9377
0056,元大高股息,32,10,22,華南永昌-虎尾,2024-07-30,9377
2303,聯電,23,1,22,華南永昌-虎尾,2024-07-30,9377
1456,怡華,22,0,22,華南永昌-虎尾,2024-07-30,9377
2801,彰銀,26,5,21,華南永昌-虎尾,2024-07-30,9377
1615,大山,21,0,21,華南永昌-虎尾,2024-07-30,9377
8401,白紗科,20,0,20,華南永昌-虎尾,2024-07-30,9377
2356,英業達,32,14,18,華南永昌-虎尾,2024-07-30,9377
2301,光寶科,17,2,15,華南永昌-虎尾,2024-07-30,9377
00894,中信小資高價30,14,0,14,華南永昌-虎尾,2024-07-30,9377
00893,國泰智能電動車,14,0,14,華南永昌-虎尾,2024-07-30,9377
2365,昆盈,19,5,14,華南永昌-虎尾,2024-07-30,9377
2330,台積電,34,21,13,華南永昌-虎尾,2024-07-30,9377
2884,玉山金,13,1,12,華南永昌-虎尾,2024-07-30,9377
00935,野村臺灣新科技50,12,0,12,華南永昌-虎尾,2024-07-30,9377
00679B,元大美債20年,16,5,11,華南永昌-虎尾,2024-07-30,9377
1529,樂事綠能,12,1,11,華南永昌-虎尾,2024-07-30,9377
1608,華榮,11,0,11,華南永昌-虎尾,2024-07-30,9377
3663,鑫科,106,95,11,華南永昌-虎尾,2024-07-30,9377
6531,愛普*,11,0,11,華南永昌-虎尾,2024-07-30,9377
8104,錸寶,16,5,11,華南永昌-虎尾,2024-07-30,9377
3047,訊舟,28,17,11,華南永昌-虎尾,2024-07-30,9377
2408,南亞科,10,0,10,華南永昌-虎尾,2024-07-30,9377
1809,中釉,11,1,10,華南永昌-虎尾,2024-07-30,9377
00635U,期元大S＆P黃金,10,0,10,華南永昌-虎尾,2024-07-30,9377
2101,南港,10,0,10,華南永昌-虎尾,2024-07-30,9377
2520,冠德,12,2,10,華南永昌-虎尾,2024-07-30,9377
3257,虹冠電,10,0,10,華南永昌-虎尾,2024-07-30,9377
3673,TPK-KY,13,3,10,華南永昌-虎尾,2024-07-30,9377
4956,光鋐,10,0,10,華南永昌-虎尾,2024-07-30,9377
5258,虹堡,10,0,10,華南永昌-虎尾,2024-07-30,9377
6016,康和證,10,0,10,華南永昌-虎尾,2024-07-30,9377
6160,欣技,10,0,10,華南永昌-虎尾,2024-07-30,9377
4919,新唐,10,0,10,華南永昌-虎尾,2024-07-30,9377
2489,瑞軒,194,82,112,華南永昌-虎尾,2024-07-31,9377
2609,陽明,103,25,78,華南永昌-虎尾,2024-07-31,9377
00922,國泰台灣領袖50,76,0,76,華南永昌-虎尾,2024-07-31,9377
6257,矽格,83,24,59,華南永昌-虎尾,2024-07-31,9377
2323,中環,75,20,55,華南永昌-虎尾,2024-07-31,9377
00929,復華台灣科技優息,47,1,46,華南永昌-虎尾,2024-07-31,9377
00679B,元大美債20年,44,1,43,華南永昌-虎尾,2024-07-31,9377
00946,群益科技高息成長,42,0,42,華南永昌-虎尾,2024-07-31,9377
6770,力積電,42,1,41,華南永昌-虎尾,2024-07-31,9377
3047,訊舟,108,69,39,華南永昌-虎尾,2024-07-31,9377
00878,國泰永續高股息,38,3,35,華南永昌-虎尾,2024-07-31,9377
3481,群創,232,199,33,華南永昌-虎尾,2024-07-31,9377
6265,方土昶,32,0,32,華南永昌-虎尾,2024-07-31,9377
2344,華邦電,34,2,32,華南永昌-虎尾,2024-07-31,9377
3024,憶聲,30,5,25,華南永昌-虎尾,2024-07-31,9377
2317,鴻海,43,19,24,華南永昌-虎尾,2024-07-31,9377
3663,鑫科,43,19,24,華南永昌-虎尾,2024-07-31,9377
4564,元翎,31,7,24,華南永昌-虎尾,2024-07-31,9377
2542,興富發,25,2,23,華南永昌-虎尾,2024-07-31,9377
2486,一詮,26,5,21,華南永昌-虎尾,2024-07-31,9377
00919,群益台灣精選高息,23,2,21,華南永昌-虎尾,2024-07-31,9377
8028,昇陽半導體,41,20,21,華南永昌-虎尾,2024-07-31,9377
00947,台新臺灣IC設計,20,0,20,華南永昌-虎尾,2024-07-31,9377
2537,聯上發,27,7,20,華南永昌-虎尾,2024-07-31,9377
3303,岱稜,21,1,20,華南永昌-虎尾,2024-07-31,9377
00632R,元大台灣50反1,118,100,18,華南永昌-虎尾,2024-07-31,9377
3037,欣興,18,0,18,華南永昌-虎尾,2024-07-31,9377
9105,泰金寶-DR,47,30,17,華南永昌-虎尾,2024-07-31,9377
3686,達能,16,0,16,華南永昌-虎尾,2024-07-31,9377
6147,頎邦,15,0,15,華南永昌-虎尾,2024-07-31,9377
00907,永豐優息存股,15,0,15,華南永昌-虎尾,2024-07-31,9377
2408,南亞科,14,0,14,華南永昌-虎尾,2024-07-31,9377
2406,國碩,14,0,14,華南永昌-虎尾,2024-07-31,9377
00680L,元大美債20正2,14,0,14,華南永昌-虎尾,2024-07-31,9377
6443,元晶,15,1,14,華南永昌-虎尾,2024-07-31,9377
1608,華榮,13,0,13,華南永昌-虎尾,2024-07-31,9377
2449,京元電子,15,2,13,華南永昌-虎尾,2024-07-31,9377
8011,台通,13,0,13,華南永昌-虎尾,2024-07-31,9377
8105,凌巨,15,2,13,華南永昌-虎尾,2024-07-31,9377
4919,新唐,11,0,11,華南永昌-虎尾,2024-07-31,9377
1453,大將,11,0,11,華南永昌-虎尾,2024-07-31,9377
4566,時碩工業,11,0,11,華南永昌-虎尾,2024-07-31,9377
00857B,永豐20年美公債,10,0,10,華南永昌-虎尾,2024-07-31,9377
00725B,國泰投資級公司債,10,0,10,華南永昌-虎尾,2024-07-31,9377
00701,國泰股利精選30,10,0,10,華南永昌-虎尾,2024-07-31,9377
0055,元大MSCI金融,10,0,10,華南永昌-虎尾,2024-07-31,9377
2483,百容,10,0,10,華南永昌-虎尾,2024-07-31,9377
3454,晶睿,10,0,10,華南永昌-虎尾,2024-07-31,9377
6209,今國光,10,0,10,華南永昌-虎尾,2024-07-31,9377
6202,盛群,9,0,9,華南永昌-虎尾,2024-07-31,9377
006208,富邦台50,133,0,133,華南永昌-虎尾,2024-08-01,9377
00937B,群益ESG投等債20,129,11,118,華南永昌-虎尾,2024-08-01,9377
00637L,元大滬深300正2,100,0,100,華南永昌-虎尾,2024-08-01,9377
00712,復華富時不動產,100,4,96,華南永昌-虎尾,2024-08-01,9377
00878,國泰永續高股息,109,13,96,華南永昌-虎尾,2024-08-01,9377
2349,錸德,127,51,76,華南永昌-虎尾,2024-08-01,9377
5880,合庫金,64,9,55,華南永昌-虎尾,2024-08-01,9377
00679B,元大美債20年,52,0,52,華南永昌-虎尾,2024-08-01,9377
3019,亞光,54,9,45,華南永昌-虎尾,2024-08-01,9377
00680L,元大美債20正2,50,7,43,華南永昌-虎尾,2024-08-01,9377
0056,元大高股息,41,0,41,華南永昌-虎尾,2024-08-01,9377
2880,華南金,70,30,40,華南永昌-虎尾,2024-08-01,9377
2888,新光金,42,2,40,華南永昌-虎尾,2024-08-01,9377
00940,元大台灣價值高息,47,9,38,華南永昌-虎尾,2024-08-01,9377
2317,鴻海,171,136,35,華南永昌-虎尾,2024-08-01,9377
2449,京元電子,45,11,34,華南永昌-虎尾,2024-08-01,9377
1101,台泥,42,16,26,華南永昌-虎尾,2024-08-01,9377
00919,群益台灣精選高息,42,17,25,華南永昌-虎尾,2024-08-01,9377
2408,南亞科,25,0,25,華南永昌-虎尾,2024-08-01,9377
2486,一詮,60,36,24,華南永昌-虎尾,2024-08-01,9377
1722,台肥,23,0,23,華南永昌-虎尾,2024-08-01,9377
1216,統一,32,10,22,華南永昌-虎尾,2024-08-01,9377
00857B,永豐20年美公債,22,0,22,華南永昌-虎尾,2024-08-01,9377
8064,東捷,67,45,22,華南永昌-虎尾,2024-08-01,9377
4960,誠美材,20,0,20,華南永昌-虎尾,2024-08-01,9377
5328,華容,20,0,20,華南永昌-虎尾,2024-08-01,9377
2362,藍天,38,19,19,華南永昌-虎尾,2024-08-01,9377
2609,陽明,36,19,17,華南永昌-虎尾,2024-08-01,9377
3338,泰碩,22,5,17,華南永昌-虎尾,2024-08-01,9377
00934,中信成長高股息,16,0,16,華南永昌-虎尾,2024-08-01,9377
2363,矽統,56,41,15,華南永昌-虎尾,2024-08-01,9377
3580,友威科,23,8,15,華南永昌-虎尾,2024-08-01,9377
00885,富邦越南,15,0,15,華南永昌-虎尾,2024-08-01,9377
00901,永豐智能車供應鏈,15,0,15,華南永昌-虎尾,2024-08-01,9377
2511,太子,14,0,14,華南永昌-虎尾,2024-08-01,9377
8011,台通,22,9,13,華南永昌-虎尾,2024-08-01,9377
1702,南僑,13,0,13,華南永昌-虎尾,2024-08-01,9377
2498,宏達電,14,2,12,華南永昌-虎尾,2024-08-01,9377
2881,富邦金,63,51,12,華南永昌-虎尾,2024-08-01,9377
2542,興富發,13,1,12,華南永昌-虎尾,2024-08-01,9377
6147,頎邦,11,1,10,華南永昌-虎尾,2024-08-01,9377
00895,富邦未來車,10,0,10,華南永昌-虎尾,2024-08-01,9377
00751B,元大AAA至A公司債,10,0,10,華南永昌-虎尾,2024-08-01,9377
00939,統一台灣高息動能,10,0,10,華南永昌-虎尾,2024-08-01,9377
1709,和益,10,0,10,華南永昌-虎尾,2024-08-01,9377
5258,虹堡,10,0,10,華南永昌-虎尾,2024-08-01,9377
6152,百一,11,1,10,華南永昌-虎尾,2024-08-01,9377
6278,台表科,10,0,10,華南永昌-虎尾,2024-08-01,9377
8104,錸寶,10,0,10,華南永昌-虎尾,2024-08-01,9377
2393,億光,9,0,9,華南永昌-虎尾,2024-08-01,9377
00919,群益台灣精選高息,287,3,284,華南永昌-虎尾,2024-08-02,9377
00948B,中信優息投資級債,252,0,252,華南永昌-虎尾,2024-08-02,9377
00878,國泰永續高股息,175,7,168,華南永昌-虎尾,2024-08-02,9377
2317,鴻海,179,27,152,華南永昌-虎尾,2024-08-02,9377
3041,揚智,111,0,111,華南永昌-虎尾,2024-08-02,9377
00940,元大台灣價值高息,123,19,104,華南永昌-虎尾,2024-08-02,9377
00929,復華台灣科技優息,107,19,88,華南永昌-虎尾,2024-08-02,9377
2349,錸德,178,93,85,華南永昌-虎尾,2024-08-02,9377
00893,國泰智能電動車,76,0,76,華南永昌-虎尾,2024-08-02,9377
00923,群益台ESG低碳50,76,0,76,華南永昌-虎尾,2024-08-02,9377
00679B,元大美債20年,101,27,74,華南永昌-虎尾,2024-08-02,9377
00645,富邦日本,67,0,67,華南永昌-虎尾,2024-08-02,9377
2485,兆赫,62,0,62,華南永昌-虎尾,2024-08-02,9377
00725B,國泰投資級公司債,60,0,60,華南永昌-虎尾,2024-08-02,9377
2409,友達,54,2,52,華南永昌-虎尾,2024-08-02,9377
3037,欣興,60,10,50,華南永昌-虎尾,2024-08-02,9377
2408,南亞科,63,15,48,華南永昌-虎尾,2024-08-02,9377
2362,藍天,52,6,46,華南永昌-虎尾,2024-08-02,9377
2405,輔信,40,0,40,華南永昌-虎尾,2024-08-02,9377
00637L,元大滬深300正2,55,15,40,華南永昌-虎尾,2024-08-02,9377
00946,群益科技高息成長,39,0,39,華南永昌-虎尾,2024-08-02,9377
3019,亞光,39,1,38,華南永昌-虎尾,2024-08-02,9377
00934,中信成長高股息,40,5,35,華南永昌-虎尾,2024-08-02,9377
2892,第一金,63,29,34,華南永昌-虎尾,2024-08-02,9377
3481,群創,45,11,34,華南永昌-虎尾,2024-08-02,9377
6873,泓德能源,34,0,34,華南永昌-虎尾,2024-08-02,9377
2834,臺企銀,37,5,32,華南永昌-虎尾,2024-08-02,9377
00687B,國泰20年美債,37,5,32,華南永昌-虎尾,2024-08-02,9377
2449,京元電子,34,3,31,華南永昌-虎尾,2024-08-02,9377
00936,台新永續高息中小,30,0,30,華南永昌-虎尾,2024-08-02,9377
3338,泰碩,31,2,29,華南永昌-虎尾,2024-08-02,9377
3231,緯創,38,10,28,華南永昌-虎尾,2024-08-02,9377
1711,永光,28,2,26,華南永昌-虎尾,2024-08-02,9377
00891,中信關鍵半導體,26,0,26,華南永昌-虎尾,2024-08-02,9377
2489,瑞軒,57,32,25,華南永昌-虎尾,2024-08-02,9377
2371,大同,55,30,25,華南永昌-虎尾,2024-08-02,9377
0050,元大台灣50,25,0,25,華南永昌-虎尾,2024-08-02,9377
2542,興富發,24,2,22,華南永昌-虎尾,2024-08-02,9377
8936,國統,22,0,22,華南永昌-虎尾,2024-08-02,9377
8011,台通,41,19,22,華南永昌-虎尾,2024-08-02,9377
3686,達能,22,0,22,華南永昌-虎尾,2024-08-02,9377
0056,元大高股息,28,6,22,華南永昌-虎尾,2024-08-02,9377
2867,三商壽,21,0,21,華南永昌-虎尾,2024-08-02,9377
5309,系統電,28,7,21,華南永昌-虎尾,2024-08-02,9377
1314,中石化,20,0,20,華南永昌-虎尾,2024-08-02,9377
2323,中環,50,30,20,華南永昌-虎尾,2024-08-02,9377
2547,日勝生,20,0,20,華南永昌-虎尾,2024-08-02,9377
3303,岱稜,20,0,20,華南永昌-虎尾,2024-08-02,9377
2891,中信金,19,0,19,華南永昌-虎尾,2024-08-02,9377
2330,台積電,47,29,18,華南永昌-虎尾,2024-08-02,9377
2888,新光金,738,117,621,華南永昌-虎尾,2024-08-05,9377
00878,國泰永續高股息,265,13,252,華南永昌-虎尾,2024-08-05,9377
2376,技嘉,220,10,210,華南永昌-虎尾,2024-08-05,9377
00929,復華台灣科技優息,357,181,176,華南永昌-虎尾,2024-08-05,9377
00922,國泰台灣領袖50,120,0,120,華南永昌-虎尾,2024-08-05,9377
00941,中信上游半導體,116,5,111,華南永昌-虎尾,2024-08-05,9377
2489,瑞軒,218,108,110,華南永昌-虎尾,2024-08-05,9377
1326,台化,117,20,97,華南永昌-虎尾,2024-08-05,9377
2409,友達,93,0,93,華南永昌-虎尾,2024-08-05,9377
00857B,永豐20年美公債,101,12,89,華南永昌-虎尾,2024-08-05,9377
2834,臺企銀,91,5,86,華南永昌-虎尾,2024-08-05,9377
6265,方土昶,82,0,82,華南永昌-虎尾,2024-08-05,9377
1314,中石化,81,5,76,華南永昌-虎尾,2024-08-05,9377
2374,佳能,76,1,75,華南永昌-虎尾,2024-08-05,9377
00715L,期街口布蘭特正2,72,0,72,華南永昌-虎尾,2024-08-05,9377
00645,富邦日本,70,0,70,華南永昌-虎尾,2024-08-05,9377
00931B,統一美債20年,71,1,70,華南永昌-虎尾,2024-08-05,9377
00679B,元大美債20年,128,60,68,華南永昌-虎尾,2024-08-05,9377
3481,群創,383,319,64,華南永昌-虎尾,2024-08-05,9377
2881,富邦金,92,35,57,華南永昌-虎尾,2024-08-05,9377
2330,台積電,92,38,54,華南永昌-虎尾,2024-08-05,9377
00934,中信成長高股息,80,27,53,華南永昌-虎尾,2024-08-05,9377
1305,華夏,50,0,50,華南永昌-虎尾,2024-08-05,9377
2323,中環,60,10,50,華南永昌-虎尾,2024-08-05,9377
1615,大山,51,2,49,華南永昌-虎尾,2024-08-05,9377
00937B,群益ESG投等債20,649,601,48,華南永昌-虎尾,2024-08-05,9377
2890,永豐金,57,10,47,華南永昌-虎尾,2024-08-05,9377
2883,凱基金,102,57,45,華南永昌-虎尾,2024-08-05,9377
00948B,中信優息投資級債,185,140,45,華南永昌-虎尾,2024-08-05,9377
2371,大同,44,2,42,華南永昌-虎尾,2024-08-05,9377
4157,太景*-KY,83,43,40,華南永昌-虎尾,2024-08-05,9377
00881,國泰台灣5G+,38,0,38,華南永昌-虎尾,2024-08-05,9377
9105,泰金寶-DR,35,0,35,華南永昌-虎尾,2024-08-05,9377
2880,華南金,35,2,33,華南永昌-虎尾,2024-08-05,9377
00688L,國泰20年美債正2,33,3,30,華南永昌-虎尾,2024-08-05,9377
1460,宏遠,30,0,30,華南永昌-虎尾,2024-08-05,9377
3050,鈺德,30,0,30,華南永昌-虎尾,2024-08-05,9377
0050,元大台灣50,32,2,30,華南永昌-虎尾,2024-08-05,9377
2405,輔信,34,5,29,華南永昌-虎尾,2024-08-05,9377
2515,中工,28,0,28,華南永昌-虎尾,2024-08-05,9377
8936,國統,27,0,27,華南永昌-虎尾,2024-08-05,9377
3024,憶聲,26,0,26,華南永昌-虎尾,2024-08-05,9377
2382,廣達,36,11,25,華南永昌-虎尾,2024-08-05,9377
1312,國喬,25,0,25,華南永昌-虎尾,2024-08-05,9377
4534,慶騰,24,0,24,華南永昌-虎尾,2024-08-05,9377
2634,漢翔,51,27,24,華南永昌-虎尾,2024-08-05,9377
4919,新唐,23,0,23,華南永昌-虎尾,2024-08-05,9377
6147,頎邦,23,0,23,華南永昌-虎尾,2024-08-05,9377
1101,台泥,24,2,22,華南永昌-虎尾,2024-08-05,9377
2301,光寶科,26,4,22,華南永昌-虎尾,2024-08-05,9377
00679B,元大美債20年,279,40,239,華南永昌-虎尾,2024-08-06,9377
00929,復華台灣科技優息,185,13,172,華南永昌-虎尾,2024-08-06,9377
00940,元大台灣價值高息,180,32,148,華南永昌-虎尾,2024-08-06,9377
2547,日勝生,130,20,110,華南永昌-虎尾,2024-08-06,9377
00881,國泰台灣5G+,106,10,96,華南永昌-虎尾,2024-08-06,9377
3481,群創,432,347,85,華南永昌-虎尾,2024-08-06,9377
00632R,元大台灣50反1,334,250,84,華南永昌-虎尾,2024-08-06,9377
6257,矽格,81,0,81,華南永昌-虎尾,2024-08-06,9377
00637L,元大滬深300正2,90,10,80,華南永昌-虎尾,2024-08-06,9377
2609,陽明,138,61,77,華南永昌-虎尾,2024-08-06,9377
6219,富旺,73,0,73,華南永昌-虎尾,2024-08-06,9377
00878,國泰永續高股息,86,18,68,華南永昌-虎尾,2024-08-06,9377
2888,新光金,63,2,61,華南永昌-虎尾,2024-08-06,9377
2371,大同,138,81,57,華南永昌-虎尾,2024-08-06,9377
2537,聯上發,62,5,57,華南永昌-虎尾,2024-08-06,9377
00931B,統一美債20年,55,0,55,華南永昌-虎尾,2024-08-06,9377
2405,輔信,49,4,45,華南永昌-虎尾,2024-08-06,9377
2615,萬海,45,3,42,華南永昌-虎尾,2024-08-06,9377
6265,方土昶,41,0,41,華南永昌-虎尾,2024-08-06,9377
2241,艾姆勒,39,0,39,華南永昌-虎尾,2024-08-06,9377
2409,友達,39,0,39,華南永昌-虎尾,2024-08-06,9377
0050,元大台灣50,69,32,37,華南永昌-虎尾,2024-08-06,9377
2449,京元電子,40,4,36,華南永昌-虎尾,2024-08-06,9377
2542,興富發,36,2,34,華南永昌-虎尾,2024-08-06,9377
2365,昆盈,63,29,34,華南永昌-虎尾,2024-08-06,9377
2356,英業達,76,42,34,華南永昌-虎尾,2024-08-06,9377
9105,泰金寶-DR,34,1,33,華南永昌-虎尾,2024-08-06,9377
2344,華邦電,59,26,33,華南永昌-虎尾,2024-08-06,9377
00919,群益台灣精選高息,35,4,31,華南永昌-虎尾,2024-08-06,9377
6126,信音,32,1,31,華南永昌-虎尾,2024-08-06,9377
2230,泰茂,30,0,30,華南永昌-虎尾,2024-08-06,9377
2317,鴻海,114,84,30,華南永昌-虎尾,2024-08-06,9377
2885,元大金,35,6,29,華南永昌-虎尾,2024-08-06,9377
2603,長榮,36,7,29,華南永昌-虎尾,2024-08-06,9377
1785,光洋科,44,21,23,華南永昌-虎尾,2024-08-06,9377
9955,佳龍,23,0,23,華南永昌-虎尾,2024-08-06,9377
00900,富邦特選高股息30,23,1,22,華南永昌-虎尾,2024-08-06,9377
8112,至上,22,1,21,華南永昌-虎尾,2024-08-06,9377
9945,潤泰新,21,0,21,華南永昌-虎尾,2024-08-06,9377
3050,鈺德,20,0,20,華南永昌-虎尾,2024-08-06,9377
1711,永光,17,0,17,華南永昌-虎尾,2024-08-06,9377
2362,藍天,28,11,17,華南永昌-虎尾,2024-08-06,9377
6788,華景電,17,0,17,華南永昌-虎尾,2024-08-06,9377
0056,元大高股息,41,24,17,華南永昌-虎尾,2024-08-06,9377
3706,神達,18,2,16,華南永昌-虎尾,2024-08-06,9377
00715L,期街口布蘭特正2,27,11,16,華南永昌-虎尾,2024-08-06,9377
2402,毅嘉,17,2,15,華南永昌-虎尾,2024-08-06,9377
5508,永信建,15,0,15,華南永昌-虎尾,2024-08-06,9377
4564,元翎,21,8,13,華南永昌-虎尾,2024-08-06,9377
00712,復華富時不動產,13,0,13,華南永昌-虎尾,2024-08-06,9377
2888,新光金,200,40,160,華南永昌-虎尾,2024-08-07,9377
3481,群創,345,189,156,華南永昌-虎尾,2024-08-07,9377
2883,凱基金,89,2,87,華南永昌-虎尾,2024-08-07,9377
2615,萬海,91,13,78,華南永昌-虎尾,2024-08-07,9377
00878,國泰永續高股息,100,24,76,華南永昌-虎尾,2024-08-07,9377
00664R,國泰臺灣加權反1,70,0,70,華南永昌-虎尾,2024-08-07,9377
00688L,國泰20年美債正2,54,3,51,華南永昌-虎尾,2024-08-07,9377
00687B,國泰20年美債,79,32,47,華南永昌-虎尾,2024-08-07,9377
6213,聯茂,49,10,39,華南永昌-虎尾,2024-08-07,9377
00680L,元大美債20正2,45,10,35,華南永昌-虎尾,2024-08-07,9377
2206,三陽工業,33,0,33,華南永昌-虎尾,2024-08-07,9377
3706,神達,40,9,31,華南永昌-虎尾,2024-08-07,9377
1217,愛之味,31,0,31,華南永昌-虎尾,2024-08-07,9377
00679B,元大美債20年,49,20,29,華南永昌-虎尾,2024-08-07,9377
2618,長榮航,32,5,27,華南永昌-虎尾,2024-08-07,9377
5531,鄉林,22,0,22,華南永昌-虎尾,2024-08-07,9377
3037,欣興,24,3,21,華南永昌-虎尾,2024-08-07,9377
1806,冠軍,21,0,21,華南永昌-虎尾,2024-08-07,9377
2887,台新金,26,5,21,華南永昌-虎尾,2024-08-07,9377
4707,磐亞,20,0,20,華南永昌-虎尾,2024-08-07,9377
2412,中華電,19,0,19,華南永昌-虎尾,2024-08-07,9377
2476,鉅祥,19,1,18,華南永昌-虎尾,2024-08-07,9377
2408,南亞科,19,1,18,華南永昌-虎尾,2024-08-07,9377
2442,新美齊,20,3,17,華南永昌-虎尾,2024-08-07,9377
2313,華通,21,4,17,華南永昌-虎尾,2024-08-07,9377
3013,晟銘電,23,7,16,華南永昌-虎尾,2024-08-07,9377
1717,長興,16,0,16,華南永昌-虎尾,2024-08-07,9377
2376,技嘉,25,10,15,華南永昌-虎尾,2024-08-07,9377
006208,富邦台50,15,1,14,華南永昌-虎尾,2024-08-07,9377
6265,方土昶,13,0,13,華南永昌-虎尾,2024-08-07,9377
2201,裕隆,14,2,12,華南永昌-虎尾,2024-08-07,9377
6257,矽格,44,32,12,華南永昌-虎尾,2024-08-07,9377
3588,通嘉,13,2,11,華南永昌-虎尾,2024-08-07,9377
2867,三商壽,19,8,11,華南永昌-虎尾,2024-08-07,9377
00933B,國泰10Y+金融債,11,0,11,華南永昌-虎尾,2024-08-07,9377
2356,英業達,21,10,11,華南永昌-虎尾,2024-08-07,9377
4566,時碩工業,15,4,11,華南永昌-虎尾,2024-08-07,9377
2603,長榮,25,15,10,華南永昌-虎尾,2024-08-07,9377
00635U,期元大S＆P黃金,10,0,10,華南永昌-虎尾,2024-08-07,9377
00712,復華富時不動產,10,0,10,華南永昌-虎尾,2024-08-07,9377
00936,台新永續高息中小,10,0,10,華南永昌-虎尾,2024-08-07,9377
6016,康和證,10,0,10,華南永昌-虎尾,2024-08-07,9377
4919,新唐,12,3,9,華南永昌-虎尾,2024-08-07,9377
3019,亞光,45,36,9,華南永昌-虎尾,2024-08-07,9377
3483,力致,8,0,8,華南永昌-虎尾,2024-08-07,9377
1721,三晃,13,5,8,華南永昌-虎尾,2024-08-07,9377
2337,旺宏,15,7,8,華南永昌-虎尾,2024-08-07,9377
3673,TPK-KY,15,7,8,華南永昌-虎尾,2024-08-07,9377
2382,廣達,25,18,7,華南永昌-虎尾,2024-08-07,9377
6116,彩晶,11,4,7,華南永昌-虎尾,2024-08-07,9377
2834,臺企銀,1029,69,960,華南永昌-虎尾,2024-08-08,9377
2888,新光金,393,1,392,華南永昌-虎尾,2024-08-08,9377
00632R,元大台灣50反1,212,60,152,華南永昌-虎尾,2024-08-08,9377
2537,聯上發,157,37,120,華南永昌-虎尾,2024-08-08,9377
00922,國泰台灣領袖50,106,0,106,華南永昌-虎尾,2024-08-08,9377
00929,復華台灣科技優息,111,23,88,華南永昌-虎尾,2024-08-08,9377
00878,國泰永續高股息,83,26,57,華南永昌-虎尾,2024-08-08,9377
00893,國泰智能電動車,55,0,55,華南永昌-虎尾,2024-08-08,9377
2317,鴻海,64,23,41,華南永昌-虎尾,2024-08-08,9377
2062,橋椿,38,0,38,華南永昌-虎尾,2024-08-08,9377
2409,友達,59,23,36,華南永昌-虎尾,2024-08-08,9377
00882,中信中國高股息,31,0,31,華南永昌-虎尾,2024-08-08,9377
2886,兆豐金,26,2,24,華南永昌-虎尾,2024-08-08,9377
2882,國泰金,25,1,24,華南永昌-虎尾,2024-08-08,9377
00680L,元大美債20正2,121,100,21,華南永昌-虎尾,2024-08-08,9377
2323,中環,21,0,21,華南永昌-虎尾,2024-08-08,9377
4532,瑞智,21,0,21,華南永昌-虎尾,2024-08-08,9377
9105,泰金寶-DR,20,0,20,華南永昌-虎尾,2024-08-08,9377
1217,愛之味,20,0,20,華南永昌-虎尾,2024-08-08,9377
6213,聯茂,24,4,20,華南永昌-虎尾,2024-08-08,9377
5880,合庫金,31,12,19,華南永昌-虎尾,2024-08-08,9377
006208,富邦台50,22,4,18,華南永昌-虎尾,2024-08-08,9377
4510,高鋒,62,44,18,華南永昌-虎尾,2024-08-08,9377
2603,長榮,31,15,16,華南永昌-虎尾,2024-08-08,9377
8028,昇陽半導體,18,2,16,華南永昌-虎尾,2024-08-08,9377
9902,台火,20,5,15,華南永昌-虎尾,2024-08-08,9377
2353,宏��,35,21,14,華南永昌-虎尾,2024-08-08,9377
2241,艾姆勒,14,0,14,華南永昌-虎尾,2024-08-08,9377
2892,第一金,14,0,14,華南永昌-虎尾,2024-08-08,9377
2002,中鋼,15,2,13,華南永昌-虎尾,2024-08-08,9377
00688L,國泰20年美債正2,13,0,13,華南永昌-虎尾,2024-08-08,9377
2867,三商壽,14,1,13,華南永昌-虎尾,2024-08-08,9377
1785,光洋科,23,10,13,華南永昌-虎尾,2024-08-08,9377
2301,光寶科,15,2,13,華南永昌-虎尾,2024-08-08,9377
1611,中電,13,1,12,華南永昌-虎尾,2024-08-08,9377
1717,長興,12,0,12,華南永昌-虎尾,2024-08-08,9377
3481,群創,157,145,12,華南永昌-虎尾,2024-08-08,9377
2371,大同,44,33,11,華南永昌-虎尾,2024-08-08,9377
3312,弘憶股,11,0,11,華南永昌-虎尾,2024-08-08,9377
2609,陽明,48,37,11,華南永昌-虎尾,2024-08-08,9377
00932,兆豐永續高息等權,10,0,10,華南永昌-虎尾,2024-08-08,9377
2363,矽統,12,2,10,華南永昌-虎尾,2024-08-08,9377
3048,益登,26,16,10,華南永昌-虎尾,2024-08-08,9377
0050,元大台灣50,11,1,10,華南永昌-虎尾,2024-08-08,9377
2485,兆赫,30,20,10,華南永昌-虎尾,2024-08-08,9377
3711,日月光投控,10,0,10,華南永昌-虎尾,2024-08-08,9377
6120,達運,11,1,10,華南永昌-虎尾,2024-08-08,9377
2408,南亞科,10,0,10,華南永昌-虎尾,2024-08-08,9377
00712,復華富時不動產,10,0,10,華南永昌-虎尾,2024-08-08,9377
00637L,元大滬深300正2,50,40,10,華南永昌-虎尾,2024-08-08,9377
00937B,群益ESG投等債20,264,0,264,華南永昌-虎尾,2024-08-09,9377
006208,富邦台50,162,7,155,華南永昌-虎尾,2024-08-09,9377
3481,群創,508,371,137,華南永昌-虎尾,2024-08-09,9377
00933B,國泰10Y+金融債,132,0,132,華南永昌-虎尾,2024-08-09,9377
00664R,國泰臺灣加權反1,130,0,130,華南永昌-虎尾,2024-08-09,9377
2349,錸德,168,50,118,華南永昌-虎尾,2024-08-09,9377
00632R,元大台灣50反1,117,0,117,華南永昌-虎尾,2024-08-09,9377
00687B,國泰20年美債,83,0,83,華南永昌-虎尾,2024-08-09,9377
2363,矽統,88,14,74,華南永昌-虎尾,2024-08-09,9377
00680L,元大美債20正2,93,19,74,華南永昌-虎尾,2024-08-09,9377
1563,巧新,59,1,58,華南永昌-虎尾,2024-08-09,9377
6175,立敦,46,0,46,華南永昌-虎尾,2024-08-09,9377
5880,合庫金,40,5,35,華南永昌-虎尾,2024-08-09,9377
3706,神達,38,6,32,華南永昌-虎尾,2024-08-09,9377
2365,昆盈,161,131,30,華南永昌-虎尾,2024-08-09,9377
00688L,國泰20年美債正2,28,0,28,華南永昌-虎尾,2024-08-09,9377
5484,慧友,25,0,25,華南永昌-虎尾,2024-08-09,9377
9902,台火,25,0,25,華南永昌-虎尾,2024-08-09,9377
00942B,台新美A公司債20+,24,0,24,華南永昌-虎尾,2024-08-09,9377
6770,力積電,25,2,23,華南永昌-虎尾,2024-08-09,9377
4919,新唐,23,1,22,華南永昌-虎尾,2024-08-09,9377
2486,一詮,29,9,20,華南永昌-虎尾,2024-08-09,9377
2313,華通,22,3,19,華南永昌-虎尾,2024-08-09,9377
2301,光寶科,21,2,19,華南永昌-虎尾,2024-08-09,9377
1785,光洋科,18,0,18,華南永昌-虎尾,2024-08-09,9377
3044,健鼎,17,0,17,華南永昌-虎尾,2024-08-09,9377
4157,太景*-KY,17,0,17,華南永昌-虎尾,2024-08-09,9377
00941,中信上游半導體,16,0,16,華南永昌-虎尾,2024-08-09,9377
00929,復華台灣科技優息,30,15,15,華南永昌-虎尾,2024-08-09,9377
8105,凌巨,25,10,15,華南永昌-虎尾,2024-08-09,9377
2892,第一金,15,1,14,華南永昌-虎尾,2024-08-09,9377
4952,凌通,15,1,14,華南永昌-虎尾,2024-08-09,9377
9945,潤泰新,15,1,14,華南永昌-虎尾,2024-08-09,9377
6285,啟��,14,1,13,華南永昌-虎尾,2024-08-09,9377
00881,國泰台灣5G+,16,3,13,華南永昌-虎尾,2024-08-09,9377
2610,華航,13,0,13,華南永昌-虎尾,2024-08-09,9377
6265,方土昶,13,0,13,華南永昌-虎尾,2024-08-09,9377
2603,長榮,23,11,12,華南永昌-虎尾,2024-08-09,9377
2636,台驊控股,13,1,12,華南永昌-虎尾,2024-08-09,9377
4306,炎洲,12,0,12,華南永昌-虎尾,2024-08-09,9377
4707,磐亞,12,0,12,華南永昌-虎尾,2024-08-09,9377
6152,百一,12,0,12,華南永昌-虎尾,2024-08-09,9377
1316,上曜,11,0,11,華南永昌-虎尾,2024-08-09,9377
2520,冠德,15,4,11,華南永昌-虎尾,2024-08-09,9377
8089,康全電訊,11,0,11,華南永昌-虎尾,2024-08-09,9377
00932,兆豐永續高息等權,10,0,10,華南永昌-虎尾,2024-08-09,9377
00637L,元大滬深300正2,40,30,10,華南永昌-虎尾,2024-08-09,9377
00719B,元大美債1-3,10,0,10,華南永昌-虎尾,2024-08-09,9377
6535,順藥,10,0,10,華南永昌-虎尾,2024-08-09,9377
8150,南茂,10,0,10,華南永昌-虎尾,2024-08-09,9377
00664R,國泰臺灣加權反1,150,0,150,華南永昌-虎尾,2024-08-12,9377
2888,新光金,285,140,145,華南永昌-虎尾,2024-08-12,9377
2344,華邦電,184,51,133,華南永昌-虎尾,2024-08-12,9377
00936,台新永續高息中小,122,1,121,華南永昌-虎尾,2024-08-12,9377
00857B,永豐20年美公債,100,0,100,華南永昌-虎尾,2024-08-12,9377
00679B,元大美債20年,81,0,81,華南永昌-虎尾,2024-08-12,9377
3522,御嵿,80,10,70,華南永昌-虎尾,2024-08-12,9377
2610,華航,87,20,67,華南永昌-虎尾,2024-08-12,9377
3535,晶彩科,79,14,65,華南永昌-虎尾,2024-08-12,9377
2845,遠東銀,61,4,57,華南永昌-虎尾,2024-08-12,9377
2312,金寶,84,29,55,華南永昌-虎尾,2024-08-12,9377
00680L,元大美債20正2,55,2,53,華南永昌-虎尾,2024-08-12,9377
6265,方土昶,47,0,47,華南永昌-虎尾,2024-08-12,9377
2618,長榮航,49,11,38,華南永昌-虎尾,2024-08-12,9377
00878,國泰永續高股息,47,10,37,華南永昌-虎尾,2024-08-12,9377
2349,錸德,53,16,37,華南永昌-虎尾,2024-08-12,9377
1513,中興電,45,15,30,華南永昌-虎尾,2024-08-12,9377
1563,巧新,32,3,29,華南永昌-虎尾,2024-08-12,9377
8358,金居,32,4,28,華南永昌-虎尾,2024-08-12,9377
4564,元翎,48,21,27,華南永昌-虎尾,2024-08-12,9377
6215,和椿,27,3,24,華南永昌-虎尾,2024-08-12,9377
6290,良維,23,1,22,華南永昌-虎尾,2024-08-12,9377
00687B,國泰20年美債,32,10,22,華南永昌-虎尾,2024-08-12,9377
2615,萬海,37,16,21,華南永昌-虎尾,2024-08-12,9377
8936,國統,22,1,21,華南永昌-虎尾,2024-08-12,9377
2392,正崴,20,2,18,華南永昌-虎尾,2024-08-12,9377
3024,憶聲,21,3,18,華南永昌-虎尾,2024-08-12,9377
2408,南亞科,18,1,17,華南永昌-虎尾,2024-08-12,9377
6505,台塑化,16,0,16,華南永昌-虎尾,2024-08-12,9377
2485,兆赫,80,64,16,華南永昌-虎尾,2024-08-12,9377
4707,磐亞,16,0,16,華南永昌-虎尾,2024-08-12,9377
2061,風青,20,5,15,華南永昌-虎尾,2024-08-12,9377
2369,菱生,15,0,15,華南永昌-虎尾,2024-08-12,9377
2241,艾姆勒,16,2,14,華南永昌-虎尾,2024-08-12,9377
3048,益登,27,13,14,華南永昌-虎尾,2024-08-12,9377
6213,聯茂,18,5,13,華南永昌-虎尾,2024-08-12,9377
1314,中石化,13,0,13,華南永昌-虎尾,2024-08-12,9377
2887,台新金,13,0,13,華南永昌-虎尾,2024-08-12,9377
1815,富喬,23,11,12,華南永昌-虎尾,2024-08-12,9377
2641,正德,14,2,12,華南永昌-虎尾,2024-08-12,9377
2365,昆盈,36,24,12,華南永昌-虎尾,2024-08-12,9377
6603,富強鑫,11,0,11,華南永昌-虎尾,2024-08-12,9377
1597,直得,22,11,11,華南永昌-虎尾,2024-08-12,9377
3167,大量,15,4,11,華南永昌-虎尾,2024-08-12,9377
0056,元大高股息,14,4,10,華南永昌-虎尾,2024-08-12,9377
00725B,國泰投資級公司債,10,0,10,華南永昌-虎尾,2024-08-12,9377
00662,富邦NASDAQ,10,0,10,華南永昌-虎尾,2024-08-12,9377
00696B,富邦美債20年,10,0,10,華南永昌-虎尾,2024-08-12,9377
2023,燁輝,15,5,10,華南永昌-虎尾,2024-08-12,9377
3005,神基,10,0,10,華南永昌-虎尾,2024-08-12,9377
00940,元大台灣價值高息,220,8,212,華南永昌-虎尾,2024-08-13,9377
2801,彰銀,169,2,167,華南永昌-虎尾,2024-08-13,9377
00650L,復華香港正2,100,0,100,華南永昌-虎尾,2024-08-13,9377
2618,長榮航,96,0,96,華南永昌-虎尾,2024-08-13,9377
2880,華南金,90,0,90,華南永昌-虎尾,2024-08-13,9377
00900,富邦特選高股息30,56,0,56,華南永昌-虎尾,2024-08-13,9377
00632R,元大台灣50反1,52,0,52,華南永昌-虎尾,2024-08-13,9377
2609,陽明,62,11,51,華南永昌-虎尾,2024-08-13,9377
3704,合勤控,46,0,46,華南永昌-虎尾,2024-08-13,9377
2371,大同,47,8,39,華南永昌-虎尾,2024-08-13,9377
1303,南亞,36,0,36,華南永昌-虎尾,2024-08-13,9377
3048,益登,61,27,34,華南永昌-虎尾,2024-08-13,9377
2317,鴻海,200,169,31,華南永昌-虎尾,2024-08-13,9377
00929,復華台灣科技優息,52,21,31,華南永昌-虎尾,2024-08-13,9377
3663,鑫科,53,22,31,華南永昌-虎尾,2024-08-13,9377
00637L,元大滬深300正2,31,5,26,華南永昌-虎尾,2024-08-13,9377
00673R,期元大S＆P原油反1,25,0,25,華南永昌-虎尾,2024-08-13,9377
2374,佳能,31,6,25,華南永昌-虎尾,2024-08-13,9377
4904,遠傳,25,3,22,華南永昌-虎尾,2024-08-13,9377
3706,神達,42,21,21,華南永昌-虎尾,2024-08-13,9377
00882,中信中國高股息,20,0,20,華南永昌-虎尾,2024-08-13,9377
3444,利機,20,0,20,華南永昌-虎尾,2024-08-13,9377
5880,合庫金,22,2,20,華南永昌-虎尾,2024-08-13,9377
00878,國泰永續高股息,29,11,18,華南永昌-虎尾,2024-08-13,9377
2886,兆豐金,17,0,17,華南永昌-虎尾,2024-08-13,9377
00712,復華富時不動產,17,0,17,華南永昌-虎尾,2024-08-13,9377
00937B,群益ESG投等債20,18,2,16,華南永昌-虎尾,2024-08-13,9377
2402,毅嘉,16,0,16,華南永昌-虎尾,2024-08-13,9377
1785,光洋科,15,1,14,華南永昌-虎尾,2024-08-13,9377
2615,萬海,39,25,14,華南永昌-虎尾,2024-08-13,9377
4563,百德,15,1,14,華南永昌-虎尾,2024-08-13,9377
00919,群益台灣精選高息,25,11,14,華南永昌-虎尾,2024-08-13,9377
00936,台新永續高息中小,13,0,13,華南永昌-虎尾,2024-08-13,9377
4306,炎洲,13,0,13,華南永昌-虎尾,2024-08-13,9377
6269,台郡,13,1,12,華南永昌-虎尾,2024-08-13,9377
2610,華航,12,0,12,華南永昌-虎尾,2024-08-13,9377
00907,永豐優息存股,12,0,12,華南永昌-虎尾,2024-08-13,9377
4707,磐亞,11,0,11,華南永昌-虎尾,2024-08-13,9377
00881,國泰台灣5G+,12,1,11,華南永昌-虎尾,2024-08-13,9377
00680L,元大美債20正2,23,12,11,華南永昌-虎尾,2024-08-13,9377
3013,晟銘電,39,28,11,華南永昌-虎尾,2024-08-13,9377
3024,憶聲,11,0,11,華南永昌-虎尾,2024-08-13,9377
1711,永光,10,0,10,華南永昌-虎尾,2024-08-13,9377
1434,福懋,10,0,10,華南永昌-虎尾,2024-08-13,9377
00688L,國泰20年美債正2,10,0,10,華南永昌-虎尾,2024-08-13,9377
2486,一詮,17,7,10,華南永昌-虎尾,2024-08-13,9377
2636,台驊控股,11,1,10,華南永昌-虎尾,2024-08-13,9377
3303,岱稜,11,1,10,華南永昌-虎尾,2024-08-13,9377
3705,永信,10,0,10,華南永昌-虎尾,2024-08-13,9377
6191,精成科,10,0,10,華南永昌-虎尾,2024-08-13,9377
3481,群創,471,99,372,華南永昌-虎尾,2024-08-14,9377
00687B,國泰20年美債,266,0,266,華南永昌-虎尾,2024-08-14,9377
6152,百一,215,6,209,華南永昌-虎尾,2024-08-14,9377
00650L,復華香港正2,100,0,100,華南永昌-虎尾,2024-08-14,9377
00632R,元大台灣50反1,120,21,99,華南永昌-虎尾,2024-08-14,9377
00934,中信成長高股息,96,0,96,華南永昌-虎尾,2024-08-14,9377
4566,時碩工業,110,19,91,華南永昌-虎尾,2024-08-14,9377
2356,英業達,135,55,80,華南永昌-虎尾,2024-08-14,9377
2537,聯上發,121,52,69,華南永昌-虎尾,2024-08-14,9377
8043,蜜望實,76,13,63,華南永昌-虎尾,2024-08-14,9377
006208,富邦台50,56,1,55,華南永昌-虎尾,2024-08-14,9377
00900,富邦特選高股息30,53,1,52,華南永昌-虎尾,2024-08-14,9377
2836,高雄銀,52,1,51,華南永昌-虎尾,2024-08-14,9377
9945,潤泰新,48,3,45,華南永昌-虎尾,2024-08-14,9377
2324,仁寶,45,1,44,華南永昌-虎尾,2024-08-14,9377
1563,巧新,40,2,38,華南永昌-虎尾,2024-08-14,9377
00929,復華台灣科技優息,74,42,32,華南永昌-虎尾,2024-08-14,9377
00706L,期元大S＆P日圓正2,30,0,30,華南永昌-虎尾,2024-08-14,9377
2486,一詮,33,4,29,華南永昌-虎尾,2024-08-14,9377
2890,永豐金,30,4,26,華南永昌-虎尾,2024-08-14,9377
6108,競國,25,0,25,華南永昌-虎尾,2024-08-14,9377
00933B,國泰10Y+金融債,24,0,24,華南永昌-虎尾,2024-08-14,9377
6290,良維,23,1,22,華南永昌-虎尾,2024-08-14,9377
8936,國統,21,0,21,華南永昌-虎尾,2024-08-14,9377
00664R,國泰臺灣加權反1,20,0,20,華南永昌-虎尾,2024-08-14,9377
8104,錸寶,20,2,18,華南永昌-虎尾,2024-08-14,9377
1101,台泥,17,0,17,華南永昌-虎尾,2024-08-14,9377
00637L,元大滬深300正2,20,5,15,華南永昌-虎尾,2024-08-14,9377
3044,健鼎,16,1,15,華南永昌-虎尾,2024-08-14,9377
6215,和椿,26,11,15,華南永昌-虎尾,2024-08-14,9377
2915,潤泰全,18,4,14,華南永昌-虎尾,2024-08-14,9377
6443,元晶,15,1,14,華南永昌-虎尾,2024-08-14,9377
2609,陽明,19,6,13,華南永昌-虎尾,2024-08-14,9377
00882,中信中國高股息,13,0,13,華南永昌-虎尾,2024-08-14,9377
2323,中環,53,40,13,華南永昌-虎尾,2024-08-14,9377
2520,冠德,15,2,13,華南永昌-虎尾,2024-08-14,9377
3312,弘憶股,13,1,12,華南永昌-虎尾,2024-08-14,9377
2401,凌陽,16,4,12,華南永昌-虎尾,2024-08-14,9377
5512,力麒,14,2,12,華南永昌-虎尾,2024-08-14,9377
8150,南茂,12,0,12,華南永昌-虎尾,2024-08-14,9377
00679B,元大美債20年,12,1,11,華南永昌-虎尾,2024-08-14,9377
1616,億泰,21,10,11,華南永昌-虎尾,2024-08-14,9377
5347,世界,14,3,11,華南永昌-虎尾,2024-08-14,9377
2344,華邦電,37,26,11,華南永昌-虎尾,2024-08-14,9377
00693U,期街口S＆P黃豆,10,0,10,華南永昌-虎尾,2024-08-14,9377
1449,佳和,10,0,10,華南永昌-虎尾,2024-08-14,9377
3105,穩懋,20,10,10,華南永昌-虎尾,2024-08-14,9377
2382,廣達,15,5,10,華南永昌-虎尾,2024-08-14,9377
00680L,元大美債20正2,56,47,9,華南永昌-虎尾,2024-08-14,9377
2312,金寶,24,15,9,華南永昌-虎尾,2024-08-14,9377
00679B,元大美債20年,112,0,112,華南永昌-虎尾,2024-08-15,9377
00673R,期元大S＆P原油反1,110,0,110,華南永昌-虎尾,2024-08-15,9377
00687B,國泰20年美債,119,10,109,華南永昌-虎尾,2024-08-15,9377
00900,富邦特選高股息30,127,20,107,華南永昌-虎尾,2024-08-15,9377
00650L,復華香港正2,100,0,100,華南永昌-虎尾,2024-08-15,9377
5481,新華,100,1,99,華南永昌-虎尾,2024-08-15,9377
00878,國泰永續高股息,132,67,65,華南永昌-虎尾,2024-08-15,9377
2537,聯上發,131,71,60,華南永昌-虎尾,2024-08-15,9377
2303,聯電,60,7,53,華南永昌-虎尾,2024-08-15,9377
00929,復華台灣科技優息,52,9,43,華南永昌-虎尾,2024-08-15,9377
2371,大同,66,24,42,華南永昌-虎尾,2024-08-15,9377
2349,錸德,51,10,41,華南永昌-虎尾,2024-08-15,9377
2317,鴻海,50,10,40,華南永昌-虎尾,2024-08-15,9377
6257,矽格,50,10,40,華南永昌-虎尾,2024-08-15,9377
00795B,中信美國公債20年,38,0,38,華南永昌-虎尾,2024-08-15,9377
2208,台船,44,7,37,華南永昌-虎尾,2024-08-15,9377
00688L,國泰20年美債正2,40,5,35,華南永昌-虎尾,2024-08-15,9377
2801,彰銀,36,8,28,華南永昌-虎尾,2024-08-15,9377
00932,兆豐永續高息等權,27,0,27,華南永昌-虎尾,2024-08-15,9377
00937B,群益ESG投等債20,40,16,24,華南永昌-虎尾,2024-08-15,9377
3231,緯創,47,23,24,華南永昌-虎尾,2024-08-15,9377
1326,台化,28,5,23,華南永昌-虎尾,2024-08-15,9377
2230,泰茂,21,0,21,華南永昌-虎尾,2024-08-15,9377
00893,國泰智能電動車,20,0,20,華南永昌-虎尾,2024-08-15,9377
00933B,國泰10Y+金融債,20,0,20,華南永昌-虎尾,2024-08-15,9377
4562,穎漢,72,53,19,華南永昌-虎尾,2024-08-15,9377
2344,華邦電,19,2,17,華南永昌-虎尾,2024-08-15,9377
2892,第一金,15,0,15,華南永昌-虎尾,2024-08-15,9377
00940,元大台灣價值高息,16,1,15,華南永昌-虎尾,2024-08-15,9377
00907,永豐優息存股,15,0,15,華南永昌-虎尾,2024-08-15,9377
2002,中鋼,18,4,14,華南永昌-虎尾,2024-08-15,9377
1101,台泥,22,9,13,華南永昌-虎尾,2024-08-15,9377
00662,富邦NASDAQ,13,0,13,華南永昌-虎尾,2024-08-15,9377
9955,佳龍,15,2,13,華南永昌-虎尾,2024-08-15,9377
5371,中光電,26,14,12,華南永昌-虎尾,2024-08-15,9377
6263,普萊德,12,0,12,華南永昌-虎尾,2024-08-15,9377
1216,統一,12,0,12,華南永昌-虎尾,2024-08-15,9377
2615,萬海,18,6,12,華南永昌-虎尾,2024-08-15,9377
4513,福裕,12,0,12,華南永昌-虎尾,2024-08-15,9377
4564,元翎,15,3,12,華南永昌-虎尾,2024-08-15,9377
6244,茂迪,12,0,12,華南永昌-虎尾,2024-08-15,9377
1514,亞力,15,3,12,華南永昌-虎尾,2024-08-15,9377
1527,鑽全,31,20,11,華南永昌-虎尾,2024-08-15,9377
00632R,元大台灣50反1,10,0,10,華南永昌-虎尾,2024-08-15,9377
1605,華新,10,0,10,華南永昌-虎尾,2024-08-15,9377
1904,正隆,10,0,10,華南永昌-虎尾,2024-08-15,9377
6152,百一,10,0,10,華南永昌-虎尾,2024-08-15,9377
8011,台通,15,5,10,華南永昌-虎尾,2024-08-15,9377
00934,中信成長高股息,9,0,9,華南永昌-虎尾,2024-08-15,9377
2331,精英,9,0,9,華南永昌-虎尾,2024-08-15,9377
00664R,國泰臺灣加權反1,140,0,140,華南永昌-虎尾,2024-08-16,9377
006208,富邦台50,90,1,89,華南永昌-虎尾,2024-08-16,9377
2371,大同,76,4,72,華南永昌-虎尾,2024-08-16,9377
00687B,國泰20年美債,64,3,61,華南永昌-虎尾,2024-08-16,9377
00688L,國泰20年美債正2,56,0,56,華南永昌-虎尾,2024-08-16,9377
1217,愛之味,50,0,50,華南永昌-虎尾,2024-08-16,9377
00929,復華台灣科技優息,56,7,49,華南永昌-虎尾,2024-08-16,9377
8070,長華*,43,3,40,華南永昌-虎尾,2024-08-16,9377
00882,中信中國高股息,38,0,38,華南永昌-虎尾,2024-08-16,9377
1563,巧新,38,0,38,華南永昌-虎尾,2024-08-16,9377
2317,鴻海,73,43,30,華南永昌-虎尾,2024-08-16,9377
6532,瑞耘,30,0,30,華南永昌-虎尾,2024-08-16,9377
2323,中環,54,25,29,華南永昌-虎尾,2024-08-16,9377
2388,威盛,31,4,27,華南永昌-虎尾,2024-08-16,9377
00878,國泰永續高股息,50,25,25,華南永昌-虎尾,2024-08-16,9377
1785,光洋科,33,9,24,華南永昌-虎尾,2024-08-16,9377
00934,中信成長高股息,22,0,22,華南永昌-虎尾,2024-08-16,9377
8096,擎亞,41,19,22,華南永昌-虎尾,2024-08-16,9377
5515,建國,21,0,21,華南永昌-虎尾,2024-08-16,9377
1904,正隆,21,0,21,華南永昌-虎尾,2024-08-16,9377
00907,永豐優息存股,20,0,20,華南永昌-虎尾,2024-08-16,9377
3705,永信,20,0,20,華南永昌-虎尾,2024-08-16,9377
9904,寶成,22,2,20,華南永昌-虎尾,2024-08-16,9377
2301,光寶科,20,4,16,華南永昌-虎尾,2024-08-16,9377
6477,安集,16,0,16,華南永昌-虎尾,2024-08-16,9377
8021,尖點,17,2,15,華南永昌-虎尾,2024-08-16,9377
3231,緯創,34,20,14,華南永昌-虎尾,2024-08-16,9377
2610,華航,17,4,13,華南永昌-虎尾,2024-08-16,9377
00936,台新永續高息中小,13,0,13,華南永昌-虎尾,2024-08-16,9377
8374,羅昇,31,18,13,華南永昌-虎尾,2024-08-16,9377
2603,長榮,34,22,12,華南永昌-虎尾,2024-08-16,9377
1301,台塑,15,4,11,華南永昌-虎尾,2024-08-16,9377
2062,橋椿,73,62,11,華南永昌-虎尾,2024-08-16,9377
2349,錸德,25,14,11,華南永昌-虎尾,2024-08-16,9377
3581,博磊,13,2,11,華南永昌-虎尾,2024-08-16,9377
5534,長虹,11,0,11,華南永昌-虎尾,2024-08-16,9377
8104,錸寶,11,0,11,華南永昌-虎尾,2024-08-16,9377
1711,永光,30,20,10,華南永昌-虎尾,2024-08-16,9377
6139,亞翔,12,2,10,華南永昌-虎尾,2024-08-16,9377
6269,台郡,10,0,10,華南永昌-虎尾,2024-08-16,9377
00669R,國泰美國道瓊反1,10,0,10,華南永昌-虎尾,2024-08-16,9377
1909,榮成,10,0,10,華南永昌-虎尾,2024-08-16,9377
2427,三商電,10,0,10,華南永昌-虎尾,2024-08-16,9377
2441,超豐,10,0,10,華南永昌-虎尾,2024-08-16,9377
2465,麗臺,10,0,10,華南永昌-虎尾,2024-08-16,9377
4563,百德,10,0,10,華南永昌-虎尾,2024-08-16,9377
6133,金橋,12,2,10,華南永昌-虎尾,2024-08-16,9377
1540,喬福,9,0,9,華南永昌-虎尾,2024-08-16,9377
2538,基泰,15,6,9,華南永昌-虎尾,2024-08-16,9377
2905,三商,15,6,9,華南永昌-虎尾,2024-08-16,9377
00706L,期元大S＆P日圓正2,200,0,200,華南永昌-虎尾,2024-08-19,9377
00687B,國泰20年美債,191,0,191,華南永昌-虎尾,2024-08-19,9377
00923,群益台ESG低碳50,87,0,87,華南永昌-虎尾,2024-08-19,9377
2537,聯上發,62,0,62,華南永昌-虎尾,2024-08-19,9377
6257,矽格,90,37,53,華南永昌-虎尾,2024-08-19,9377
00929,復華台灣科技優息,62,12,50,華南永昌-虎尾,2024-08-19,9377
8936,國統,45,5,40,華南永昌-虎尾,2024-08-19,9377
00941,中信上游半導體,40,1,39,華南永昌-虎尾,2024-08-19,9377
00893,國泰智能電動車,35,0,35,華南永昌-虎尾,2024-08-19,9377
00680L,元大美債20正2,32,0,32,華南永昌-虎尾,2024-08-19,9377
9945,潤泰新,40,10,30,華南永昌-虎尾,2024-08-19,9377
3047,訊舟,53,24,29,華南永昌-虎尾,2024-08-19,9377
2323,中環,30,2,28,華南永昌-虎尾,2024-08-19,9377
6188,廣明,44,17,27,華南永昌-虎尾,2024-08-19,9377
00642U,期元大S＆P石油,26,0,26,華南永昌-虎尾,2024-08-19,9377
3045,台灣大,33,7,26,華南永昌-虎尾,2024-08-19,9377
4566,時碩工業,26,1,25,華南永昌-虎尾,2024-08-19,9377
3231,緯創,34,12,22,華南永昌-虎尾,2024-08-19,9377
2359,所羅門,46,25,21,華南永昌-虎尾,2024-08-19,9377
2344,華邦電,29,8,21,華南永昌-虎尾,2024-08-19,9377
00942B,台新美A公司債20+,21,0,21,華南永昌-虎尾,2024-08-19,9377
2409,友達,320,300,20,華南永昌-虎尾,2024-08-19,9377
2520,冠德,20,0,20,華南永昌-虎尾,2024-08-19,9377
2851,中再保,20,0,20,華南永昌-虎尾,2024-08-19,9377
4974,亞泰,20,1,19,華南永昌-虎尾,2024-08-19,9377
1563,巧新,24,5,19,華南永昌-虎尾,2024-08-19,9377
4956,光鋐,20,1,19,華南永昌-虎尾,2024-08-19,9377
1785,光洋科,41,22,19,華南永昌-虎尾,2024-08-19,9377
3035,智原,22,4,18,華南永昌-虎尾,2024-08-19,9377
8028,昇陽半導體,56,38,18,華南永昌-虎尾,2024-08-19,9377
1609,大亞,24,6,18,華南永昌-虎尾,2024-08-19,9377
9904,寶成,17,0,17,華南永昌-虎尾,2024-08-19,9377
00933B,國泰10Y+金融債,16,0,16,華南永昌-虎尾,2024-08-19,9377
6609,瀧澤科,19,3,16,華南永昌-虎尾,2024-08-19,9377
2634,漢翔,15,0,15,華南永昌-虎尾,2024-08-19,9377
4564,元翎,45,32,13,華南永昌-虎尾,2024-08-19,9377
2542,興富發,24,11,13,華南永昌-虎尾,2024-08-19,9377
00915,凱基優選高股息30,13,0,13,華南永昌-虎尾,2024-08-19,9377
00653L,富邦印度正2,12,0,12,華南永昌-虎尾,2024-08-19,9377
6152,百一,15,3,12,華南永昌-虎尾,2024-08-19,9377
00637L,元大滬深300正2,41,30,11,華南永昌-虎尾,2024-08-19,9377
3025,星通,11,0,11,華南永昌-虎尾,2024-08-19,9377
3483,力致,11,0,11,華南永昌-虎尾,2024-08-19,9377
8096,擎亞,16,5,11,華南永昌-虎尾,2024-08-19,9377
2002,中鋼,19,9,10,華南永昌-虎尾,2024-08-19,9377
00902,中信電池及儲能,10,0,10,華南永昌-虎尾,2024-08-19,9377
1434,福懋,10,0,10,華南永昌-虎尾,2024-08-19,9377
2543,皇昌,15,5,10,華南永昌-虎尾,2024-08-19,9377
4513,福裕,12,2,10,華南永昌-虎尾,2024-08-19,9377
5324,士開,10,0,10,華南永昌-虎尾,2024-08-19,9377
8358,金居,111,8,103,華南永昌-虎尾,2024-08-20,9377
00764B,群益25年美債,100,0,100,華南永昌-虎尾,2024-08-20,9377
00929,復華台灣科技優息,92,0,92,華南永昌-虎尾,2024-08-20,9377
2317,鴻海,98,12,86,華南永昌-虎尾,2024-08-20,9377
6257,矽格,68,0,68,華南永昌-虎尾,2024-08-20,9377
2883,凱基金,53,1,52,華南永昌-虎尾,2024-08-20,9377
8043,蜜望實,120,68,52,華南永昌-虎尾,2024-08-20,9377
00720B,元大投資級公司債,50,0,50,華南永昌-虎尾,2024-08-20,9377
00632R,元大台灣50反1,50,0,50,華南永昌-虎尾,2024-08-20,9377
2356,英業達,64,15,49,華南永昌-虎尾,2024-08-20,9377
00637L,元大滬深300正2,40,0,40,華南永昌-虎尾,2024-08-20,9377
1409,新纖,40,2,38,華南永昌-虎尾,2024-08-20,9377
00715L,期街口布蘭特正2,46,10,36,華南永昌-虎尾,2024-08-20,9377
00919,群益台灣精選高息,34,0,34,華南永昌-虎尾,2024-08-20,9377
00893,國泰智能電動車,30,0,30,華南永昌-虎尾,2024-08-20,9377
8089,康全電訊,31,1,30,華南永昌-虎尾,2024-08-20,9377
006208,富邦台50,27,0,27,華南永昌-虎尾,2024-08-20,9377
6505,台塑化,25,0,25,華南永昌-虎尾,2024-08-20,9377
00687B,國泰20年美債,30,7,23,華南永昌-虎尾,2024-08-20,9377
2323,中環,111,88,23,華南永昌-虎尾,2024-08-20,9377
1326,台化,23,1,22,華南永昌-虎尾,2024-08-20,9377
2486,一詮,26,5,21,華南永昌-虎尾,2024-08-20,9377
2836,高雄銀,20,0,20,華南永昌-虎尾,2024-08-20,9377
9955,佳龍,20,0,20,華南永昌-虎尾,2024-08-20,9377
00642U,期元大S＆P石油,20,0,20,華南永昌-虎尾,2024-08-20,9377
00918,大華優利高填息30,20,0,20,華南永昌-虎尾,2024-08-20,9377
2547,日勝生,20,0,20,華南永昌-虎尾,2024-08-20,9377
3710,連展投控,20,0,20,華南永昌-虎尾,2024-08-20,9377
9904,寶成,20,0,20,華南永昌-虎尾,2024-08-20,9377
2405,輔信,40,21,19,華南永昌-虎尾,2024-08-20,9377
3312,弘憶股,26,9,17,華南永昌-虎尾,2024-08-20,9377
00915,凱基優選高股息30,17,0,17,華南永昌-虎尾,2024-08-20,9377
4904,遠傳,17,0,17,華南永昌-虎尾,2024-08-20,9377
2243,宏旭-KY,19,3,16,華南永昌-虎尾,2024-08-20,9377
2408,南亞科,26,11,15,華南永昌-虎尾,2024-08-20,9377
2406,國碩,15,0,15,華南永昌-虎尾,2024-08-20,9377
00680L,元大美債20正2,20,5,15,華南永昌-虎尾,2024-08-20,9377
4303,信立,29,14,15,華南永昌-虎尾,2024-08-20,9377
3260,威剛,14,0,14,華南永昌-虎尾,2024-08-20,9377
00679B,元大美債20年,17,4,13,華南永昌-虎尾,2024-08-20,9377
1527,鑽全,13,0,13,華南永昌-虎尾,2024-08-20,9377
5202,力新,14,1,13,華南永昌-虎尾,2024-08-20,9377
2618,長榮航,30,17,13,華南永昌-虎尾,2024-08-20,9377
5371,中光電,13,1,12,華南永昌-虎尾,2024-08-20,9377
2062,橋椿,22,10,12,華南永昌-虎尾,2024-08-20,9377
2498,宏達電,12,0,12,華南永昌-虎尾,2024-08-20,9377
3379,彬台,16,4,12,華南永昌-虎尾,2024-08-20,9377
1536,和大,13,2,11,華南永昌-虎尾,2024-08-20,9377
00878,國泰永續高股息,17,6,11,華南永昌-虎尾,2024-08-20,9377
2101,南港,16,5,11,華南永昌-虎尾,2024-08-20,9377
2317,鴻海,329,2,327,華南永昌-虎尾,2024-08-21,9377
2537,聯上發,132,0,132,華南永昌-虎尾,2024-08-21,9377
2891,中信金,114,0,114,華南永昌-虎尾,2024-08-21,9377
00907,永豐優息存股,105,0,105,華南永昌-虎尾,2024-08-21,9377
00857B,永豐20年美公債,100,0,100,華南永昌-虎尾,2024-08-21,9377
2323,中環,83,20,63,華南永昌-虎尾,2024-08-21,9377
00929,復華台灣科技優息,75,12,63,華南永昌-虎尾,2024-08-21,9377
00715L,期街口布蘭特正2,59,0,59,華南永昌-虎尾,2024-08-21,9377
00680L,元大美債20正2,90,36,54,華南永昌-虎尾,2024-08-21,9377
2405,輔信,60,6,54,華南永昌-虎尾,2024-08-21,9377
2489,瑞軒,144,90,54,華南永昌-虎尾,2024-08-21,9377
2539,櫻花建,52,0,52,華南永昌-虎尾,2024-08-21,9377
4174,浩鼎,41,4,37,華南永昌-虎尾,2024-08-21,9377
3551,世禾,37,1,36,華南永昌-虎尾,2024-08-21,9377
9907,統一實,40,6,34,華南永昌-虎尾,2024-08-21,9377
00919,群益台灣精選高息,35,2,33,華南永昌-虎尾,2024-08-21,9377
3041,揚智,31,0,31,華南永昌-虎尾,2024-08-21,9377
3715,定穎投控,32,3,29,華南永昌-虎尾,2024-08-21,9377
2312,金寶,72,46,26,華南永昌-虎尾,2024-08-21,9377
2330,台積電,29,4,25,華南永昌-虎尾,2024-08-21,9377
2834,臺企銀,21,0,21,華南永昌-虎尾,2024-08-21,9377
4157,太景*-KY,21,0,21,華南永昌-虎尾,2024-08-21,9377
5381,合正,20,0,20,華南永昌-虎尾,2024-08-21,9377
6152,百一,19,0,19,華南永昌-虎尾,2024-08-21,9377
2002,中鋼,19,1,18,華南永昌-虎尾,2024-08-21,9377
2880,華南金,17,0,17,華南永昌-虎尾,2024-08-21,9377
6117,迎廣,16,0,16,華南永昌-虎尾,2024-08-21,9377
00665L,富邦�琤肭磪囓�2,15,0,15,華南永昌-虎尾,2024-08-21,9377
00753L,中信中國50正2,15,0,15,華南永昌-虎尾,2024-08-21,9377
5202,力新,15,0,15,華南永昌-虎尾,2024-08-21,9377
2363,矽統,22,7,15,華南永昌-虎尾,2024-08-21,9377
1563,巧新,14,0,14,華南永昌-虎尾,2024-08-21,9377
8054,安國,15,2,13,華南永昌-虎尾,2024-08-21,9377
00878,國泰永續高股息,36,22,14,華南永昌-虎尾,2024-08-21,9377
3363,上詮,27,14,13,華南永昌-虎尾,2024-08-21,9377
1785,光洋科,37,24,13,華南永昌-虎尾,2024-08-21,9377
5905,南仁湖,49,36,13,華南永昌-虎尾,2024-08-21,9377
8358,金居,12,0,12,華南永昌-虎尾,2024-08-21,9377
00927,群益半導體收益,13,1,12,華南永昌-虎尾,2024-08-21,9377
6869,雲豹能源,30,18,12,華南永昌-虎尾,2024-08-21,9377
00881,國泰台灣5G+,11,0,11,華南永昌-虎尾,2024-08-21,9377
2337,旺宏,11,0,11,華南永昌-虎尾,2024-08-21,9377
2371,大同,35,24,11,華南永昌-虎尾,2024-08-21,9377
2462,良得電,11,0,11,華南永昌-虎尾,2024-08-21,9377
4563,百德,24,13,11,華南永昌-虎尾,2024-08-21,9377
9958,世紀鋼,12,1,11,華南永昌-虎尾,2024-08-21,9377
2354,鴻準,26,16,10,華南永昌-虎尾,2024-08-21,9377
2486,一詮,12,2,10,華南永昌-虎尾,2024-08-21,9377
2344,華邦電,11,1,10,華南永昌-虎尾,2024-08-21,9377
2374,佳能,16,6,10,華南永昌-虎尾,2024-08-21,9377
00715L,期街口布蘭特正2,209,0,209,華南永昌-虎尾,2024-08-22,9377
00687B,國泰20年美債,152,1,151,華南永昌-虎尾,2024-08-22,9377
00953B,群益優選非投等債,146,0,146,華南永昌-虎尾,2024-08-22,9377
00919,群益台灣精選高息,136,0,136,華南永昌-虎尾,2024-08-22,9377
4904,遠傳,101,0,101,華南永昌-虎尾,2024-08-22,9377
2062,橋椿,121,24,97,華南永昌-虎尾,2024-08-22,9377
00907,永豐優息存股,188,140,48,華南永昌-虎尾,2024-08-22,9377
3045,台灣大,47,0,47,華南永昌-虎尾,2024-08-22,9377
4906,正文,55,8,47,華南永昌-虎尾,2024-08-22,9377
2610,華航,41,0,41,華南永昌-虎尾,2024-08-22,9377
2890,永豐金,40,0,40,華南永昌-虎尾,2024-08-22,9377
2317,鴻海,44,8,36,華南永昌-虎尾,2024-08-22,9377
8103,瀚荃,54,19,35,華南永昌-虎尾,2024-08-22,9377
6265,方土昶,32,0,32,華南永昌-虎尾,2024-08-22,9377
2489,瑞軒,176,145,31,華南永昌-虎尾,2024-08-22,9377
00878,國泰永續高股息,38,7,31,華南永昌-虎尾,2024-08-22,9377
8104,錸寶,31,0,31,華南永昌-虎尾,2024-08-22,9377
00937B,群益ESG投等債20,30,0,30,華南永昌-虎尾,2024-08-22,9377
5309,系統電,32,3,29,華南永昌-虎尾,2024-08-22,9377
3545,敦泰,29,1,28,華南永昌-虎尾,2024-08-22,9377
2881,富邦金,28,0,28,華南永昌-虎尾,2024-08-22,9377
3551,世禾,31,6,25,華南永昌-虎尾,2024-08-22,9377
3665,貿聯-KY,26,2,24,華南永昌-虎尾,2024-08-22,9377
2312,金寶,23,1,22,華南永昌-虎尾,2024-08-22,9377
2401,凌陽,21,0,21,華南永昌-虎尾,2024-08-22,9377
1314,中石化,40,20,20,華南永昌-虎尾,2024-08-22,9377
2356,英業達,29,9,20,華南永昌-虎尾,2024-08-22,9377
8937,合騏,21,1,20,華南永昌-虎尾,2024-08-22,9377
00951,台新日本半導體,23,5,18,華南永昌-虎尾,2024-08-22,9377
00923,群益台ESG低碳50,17,0,17,華南永昌-虎尾,2024-08-22,9377
9955,佳龍,22,5,17,華南永昌-虎尾,2024-08-22,9377
1303,南亞,16,0,16,華南永昌-虎尾,2024-08-22,9377
00713,元大台灣高息低波,16,0,16,華南永昌-虎尾,2024-08-22,9377
8070,長華*,24,8,16,華南永昌-虎尾,2024-08-22,9377
00940,元大台灣價值高息,25,9,16,華南永昌-虎尾,2024-08-22,9377
00929,復華台灣科技優息,25,10,15,華南永昌-虎尾,2024-08-22,9377
1714,和桐,15,0,15,華南永昌-虎尾,2024-08-22,9377
2867,三商壽,16,1,15,華南永昌-虎尾,2024-08-22,9377
9935,慶豐富,20,5,15,華南永昌-虎尾,2024-08-22,9377
1513,中興電,28,13,15,華南永昌-虎尾,2024-08-22,9377
8374,羅昇,17,3,14,華南永昌-虎尾,2024-08-22,9377
6152,百一,14,0,14,華南永昌-虎尾,2024-08-22,9377
1301,台塑,17,3,14,華南永昌-虎尾,2024-08-22,9377
5347,世界,13,0,13,華南永昌-虎尾,2024-08-22,9377
1536,和大,14,1,13,華南永昌-虎尾,2024-08-22,9377
2002,中鋼,16,3,13,華南永昌-虎尾,2024-08-22,9377
8096,擎亞,45,32,13,華南永昌-虎尾,2024-08-22,9377
2886,兆豐金,12,0,12,華南永昌-虎尾,2024-08-22,9377
1584,精剛,34,23,11,華南永昌-虎尾,2024-08-22,9377
3518,柏騰,26,15,11,華南永昌-虎尾,2024-08-22,9377
2887,台新金,288,10,278,華南永昌-虎尾,2024-08-23,9377
9958,世紀鋼,203,2,201,華南永昌-虎尾,2024-08-23,9377
1314,中石化,167,45,122,華南永昌-虎尾,2024-08-23,9377
2489,瑞軒,204,99,105,華南永昌-虎尾,2024-08-23,9377
1409,新纖,62,0,62,華南永昌-虎尾,2024-08-23,9377
006208,富邦台50,62,9,53,華南永昌-虎尾,2024-08-23,9377
8358,金居,65,13,52,華南永昌-虎尾,2024-08-23,9377
2596,綠意,46,0,46,華南永昌-虎尾,2024-08-23,9377
00929,復華台灣科技優息,47,3,44,華南永昌-虎尾,2024-08-23,9377
1563,巧新,41,0,41,華南永昌-虎尾,2024-08-23,9377
2312,金寶,43,2,41,華南永昌-虎尾,2024-08-23,9377
2208,台船,55,15,40,華南永昌-虎尾,2024-08-23,9377
2891,中信金,49,12,37,華南永昌-虎尾,2024-08-23,9377
00688L,國泰20年美債正2,36,0,36,華南永昌-虎尾,2024-08-23,9377
6265,方土昶,36,0,36,華南永昌-虎尾,2024-08-23,9377
8089,康全電訊,45,9,36,華南永昌-虎尾,2024-08-23,9377
1721,三晃,55,23,32,華南永昌-虎尾,2024-08-23,9377
2317,鴻海,42,10,32,華南永昌-虎尾,2024-08-23,9377
00738U,期元大道瓊白銀,30,0,30,華南永昌-虎尾,2024-08-23,9377
1708,東鹼,31,2,29,華南永昌-虎尾,2024-08-23,9377
2542,興富發,30,2,28,華南永昌-虎尾,2024-08-23,9377
2362,藍天,32,4,28,華南永昌-虎尾,2024-08-23,9377
00893,國泰智能電動車,27,0,27,華南永昌-虎尾,2024-08-23,9377
1714,和桐,25,0,25,華南永昌-虎尾,2024-08-23,9377
6218,豪勉,25,1,24,華南永昌-虎尾,2024-08-23,9377
2344,華邦電,22,0,22,華南永昌-虎尾,2024-08-23,9377
00687B,國泰20年美債,26,5,21,華南永昌-虎尾,2024-08-23,9377
2543,皇昌,34,13,21,華南永昌-虎尾,2024-08-23,9377
00940,元大台灣價值高息,20,0,20,華南永昌-虎尾,2024-08-23,9377
2363,矽統,20,2,18,華南永昌-虎尾,2024-08-23,9377
00878,國泰永續高股息,23,5,18,華南永昌-虎尾,2024-08-23,9377
1711,永光,72,54,18,華南永昌-虎尾,2024-08-23,9377
00679B,元大美債20年,17,0,17,華南永昌-虎尾,2024-08-23,9377
8930,青鋼,17,0,17,華南永昌-虎尾,2024-08-23,9377
00662,富邦NASDAQ,16,0,16,華南永昌-虎尾,2024-08-23,9377
3050,鈺德,16,0,16,華南永昌-虎尾,2024-08-23,9377
2426,鼎元,15,0,15,華南永昌-虎尾,2024-08-23,9377
8937,合騏,15,0,15,華南永昌-虎尾,2024-08-23,9377
2405,輔信,22,8,14,華南永昌-虎尾,2024-08-23,9377
2834,臺企銀,15,1,14,華南永昌-虎尾,2024-08-23,9377
1326,台化,13,0,13,華南永昌-虎尾,2024-08-23,9377
00680L,元大美債20正2,13,0,13,華南永昌-虎尾,2024-08-23,9377
1727,中華化,39,26,13,華南永昌-虎尾,2024-08-23,9377
2356,英業達,25,12,13,華南永昌-虎尾,2024-08-23,9377
5309,系統電,27,15,12,華南永昌-虎尾,2024-08-23,9377
2886,兆豐金,12,1,11,華南永昌-虎尾,2024-08-23,9377
5484,慧友,11,0,11,華南永昌-虎尾,2024-08-23,9377
5608,四維航,11,0,11,華南永昌-虎尾,2024-08-23,9377
6856,鑫傳,11,0,11,華南永昌-虎尾,2024-08-23,9377
1776,展宇,11,1,10,華南永昌-虎尾,2024-08-23,9377
2317,鴻海,207,9,198,華南永昌-虎尾,2024-08-26,9377
00687B,國泰20年美債,127,0,127,華南永昌-虎尾,2024-08-26,9377
2882,國泰金,128,17,111,華南永昌-虎尾,2024-08-26,9377
2455,全新,100,0,100,華南永昌-虎尾,2024-08-26,9377
2867,三商壽,106,6,100,華南永昌-虎尾,2024-08-26,9377
00922,國泰台灣領袖50,104,5,99,華南永昌-虎尾,2024-08-26,9377
00637L,元大滬深300正2,80,0,80,華南永昌-虎尾,2024-08-26,9377
00679B,元大美債20年,52,0,52,華南永昌-虎尾,2024-08-26,9377
00937B,群益ESG投等債20,50,1,49,華南永昌-虎尾,2024-08-26,9377
1608,華榮,40,5,35,華南永昌-虎尾,2024-08-26,9377
2891,中信金,64,34,30,華南永昌-虎尾,2024-08-26,9377
3025,星通,26,1,25,華南永昌-虎尾,2024-08-26,9377
3049,精金,50,25,25,華南永昌-虎尾,2024-08-26,9377
1721,三晃,23,0,23,華南永昌-虎尾,2024-08-26,9377
2486,一詮,29,7,22,華南永昌-虎尾,2024-08-26,9377
2477,美隆電,26,4,22,華南永昌-虎尾,2024-08-26,9377
00664R,國泰臺灣加權反1,20,0,20,華南永昌-虎尾,2024-08-26,9377
00882,中信中國高股息,20,0,20,華南永昌-虎尾,2024-08-26,9377
6405,悅城,20,0,20,華南永昌-虎尾,2024-08-26,9377
8104,錸寶,20,0,20,華南永昌-虎尾,2024-08-26,9377
2365,昆盈,49,31,18,華南永昌-虎尾,2024-08-26,9377
3260,威剛,24,6,18,華南永昌-虎尾,2024-08-26,9377
1711,永光,65,48,17,華南永昌-虎尾,2024-08-26,9377
1708,東鹼,16,0,16,華南永昌-虎尾,2024-08-26,9377
2303,聯電,21,6,15,華南永昌-虎尾,2024-08-26,9377
2905,三商,15,0,15,華南永昌-虎尾,2024-08-26,9377
2409,友達,30,16,14,華南永昌-虎尾,2024-08-26,9377
2363,矽統,23,9,14,華南永昌-虎尾,2024-08-26,9377
3374,精材,19,5,14,華南永昌-虎尾,2024-08-26,9377
8043,蜜望實,20,6,14,華南永昌-虎尾,2024-08-26,9377
9935,慶豐富,14,0,14,華南永昌-虎尾,2024-08-26,9377
3013,晟銘電,16,3,13,華南永昌-虎尾,2024-08-26,9377
00891,中信關鍵半導體,16,3,13,華南永昌-虎尾,2024-08-26,9377
5309,系統電,14,1,13,華南永昌-虎尾,2024-08-26,9377
2359,所羅門,25,13,12,華南永昌-虎尾,2024-08-26,9377
3047,訊舟,44,32,12,華南永昌-虎尾,2024-08-26,9377
3073,天方能源,17,5,12,華南永昌-虎尾,2024-08-26,9377
8028,昇陽半導體,34,23,11,華南永昌-虎尾,2024-08-26,9377
2603,長榮,25,14,11,華南永昌-虎尾,2024-08-26,9377
8930,青鋼,11,0,11,華南永昌-虎尾,2024-08-26,9377
6449,鈺邦,12,1,11,華南永昌-虎尾,2024-08-26,9377
00642U,期元大S＆P石油,10,0,10,華南永昌-虎尾,2024-08-26,9377
1809,中釉,10,0,10,華南永昌-虎尾,2024-08-26,9377
1815,富喬,16,6,10,華南永昌-虎尾,2024-08-26,9377
2390,云辰,10,0,10,華南永昌-虎尾,2024-08-26,9377
2605,新興,10,0,10,華南永昌-虎尾,2024-08-26,9377
3083,網龍,10,0,10,華南永昌-虎尾,2024-08-26,9377
4707,磐亞,10,0,10,華南永昌-虎尾,2024-08-26,9377
5512,力麒,10,0,10,華南永昌-虎尾,2024-08-26,9377
6431,光麗-KY,10,0,10,華南永昌-虎尾,2024-08-26,9377
3481,群創,611,213,398,華南永昌-虎尾,2024-08-27,9377
00687B,國泰20年美債,162,0,162,華南永昌-虎尾,2024-08-27,9377
2891,中信金,164,11,153,華南永昌-虎尾,2024-08-27,9377
2888,新光金,335,186,149,華南永昌-虎尾,2024-08-27,9377
2208,台船,96,5,91,華南永昌-虎尾,2024-08-27,9377
2883,凱基金,201,150,51,華南永昌-虎尾,2024-08-27,9377
00953B,群益優選非投等債,52,2,50,華南永昌-虎尾,2024-08-27,9377
2882,國泰金,74,26,48,華南永昌-虎尾,2024-08-27,9377
2489,瑞軒,156,108,48,華南永昌-虎尾,2024-08-27,9377
00673R,期元大S＆P原油反1,43,0,43,華南永昌-虎尾,2024-08-27,9377
00919,群益台灣精選高息,39,0,39,華南永昌-虎尾,2024-08-27,9377
3576,聯合再生,65,27,38,華南永昌-虎尾,2024-08-27,9377
00948B,中信優息投資級債,30,0,30,華南永昌-虎尾,2024-08-27,9377
2317,鴻海,26,0,26,華南永昌-虎尾,2024-08-27,9377
00893,國泰智能電動車,20,0,20,華南永昌-虎尾,2024-08-27,9377
2406,國碩,40,20,20,華南永昌-虎尾,2024-08-27,9377
3260,威剛,22,3,19,華南永昌-虎尾,2024-08-27,9377
3149,正達,36,18,18,華南永昌-虎尾,2024-08-27,9377
5347,世界,25,7,18,華南永昌-虎尾,2024-08-27,9377
2362,藍天,26,8,18,華南永昌-虎尾,2024-08-27,9377
2609,陽明,33,17,16,華南永昌-虎尾,2024-08-27,9377
2615,萬海,17,2,15,華南永昌-虎尾,2024-08-27,9377
2889,國票金,15,0,15,華南永昌-虎尾,2024-08-27,9377
4564,元翎,17,2,15,華南永昌-虎尾,2024-08-27,9377
2344,華邦電,16,2,14,華南永昌-虎尾,2024-08-27,9377
2356,英業達,14,0,14,華南永昌-虎尾,2024-08-27,9377
2801,彰銀,15,1,14,華南永昌-虎尾,2024-08-27,9377
3033,威健,17,3,14,華南永昌-虎尾,2024-08-27,9377
3522,御嵿,13,0,13,華南永昌-虎尾,2024-08-27,9377
4562,穎漢,33,20,13,華南永昌-虎尾,2024-08-27,9377
8043,蜜望實,121,108,13,華南永昌-虎尾,2024-08-27,9377
2405,輔信,49,37,12,華南永昌-虎尾,2024-08-27,9377
8070,長華*,15,3,12,華南永昌-虎尾,2024-08-27,9377
00878,國泰永續高股息,16,5,11,華南永昌-虎尾,2024-08-27,9377
2374,佳能,14,3,11,華南永昌-虎尾,2024-08-27,9377
2409,友達,11,0,11,華南永昌-虎尾,2024-08-27,9377
5469,瀚宇博,14,3,11,華南永昌-虎尾,2024-08-27,9377
6152,百一,11,0,11,華南永昌-虎尾,2024-08-27,9377
2867,三商壽,13,2,11,華南永昌-虎尾,2024-08-27,9377
2363,矽統,10,0,10,華南永昌-虎尾,2024-08-27,9377
00951,台新日本半導體,10,0,10,華南永昌-虎尾,2024-08-27,9377
00696B,富邦美債20年,10,0,10,華南永昌-虎尾,2024-08-27,9377
00688L,國泰20年美債正2,10,0,10,華南永昌-虎尾,2024-08-27,9377
00937B,群益ESG投等債20,10,0,10,華南永昌-虎尾,2024-08-27,9377
1809,中釉,11,1,10,華南永昌-虎尾,2024-08-27,9377
2313,華通,10,0,10,華南永昌-虎尾,2024-08-27,9377
2610,華航,10,0,10,華南永昌-虎尾,2024-08-27,9377
2812,台中銀,10,0,10,華南永昌-虎尾,2024-08-27,9377
3545,敦泰,10,0,10,華南永昌-虎尾,2024-08-27,9377
4123,晟德,13,3,10,華南永昌-虎尾,2024-08-27,9377
2888,新光金,376,50,326,華南永昌-虎尾,2024-08-28,9377
00632R,元大台灣50反1,300,10,290,華南永昌-虎尾,2024-08-28,9377
2409,友達,250,5,245,華南永昌-虎尾,2024-08-28,9377
00935,野村臺灣新科技50,208,0,208,華南永昌-虎尾,2024-08-28,9377
00934,中信成長高股息,116,0,116,華南永昌-虎尾,2024-08-28,9377
00637L,元大滬深300正2,152,40,112,華南永昌-虎尾,2024-08-28,9377
00687B,國泰20年美債,102,5,97,華南永昌-虎尾,2024-08-28,9377
2354,鴻準,102,12,90,華南永昌-虎尾,2024-08-28,9377
2317,鴻海,135,49,86,華南永昌-虎尾,2024-08-28,9377
3522,御嵿,75,3,72,華南永昌-虎尾,2024-08-28,9377
3715,定穎投控,108,40,68,華南永昌-虎尾,2024-08-28,9377
8043,蜜望實,55,1,54,華南永昌-虎尾,2024-08-28,9377
2405,輔信,66,16,50,華南永昌-虎尾,2024-08-28,9377
2367,燿華,85,41,44,華南永昌-虎尾,2024-08-28,9377
00919,群益台灣精選高息,40,5,35,華南永昌-虎尾,2024-08-28,9377
0056,元大高股息,34,0,34,華南永昌-虎尾,2024-08-28,9377
2867,三商壽,30,2,28,華南永昌-虎尾,2024-08-28,9377
9911,櫻花,25,0,25,華南永昌-虎尾,2024-08-28,9377
1527,鑽全,24,1,23,華南永昌-虎尾,2024-08-28,9377
6854,錼創科技-KY創,23,0,23,華南永昌-虎尾,2024-08-28,9377
6180,橘子,21,0,21,華南永昌-虎尾,2024-08-28,9377
9955,佳龍,21,1,20,華南永昌-虎尾,2024-08-28,9377
2371,大同,40,20,20,華南永昌-虎尾,2024-08-28,9377
00764B,群益25年美債,20,0,20,華南永昌-虎尾,2024-08-28,9377
3033,威健,20,0,20,華南永昌-虎尾,2024-08-28,9377
00929,復華台灣科技優息,19,3,16,華南永昌-虎尾,2024-08-28,9377
3545,敦泰,16,0,16,華南永昌-虎尾,2024-08-28,9377
1528,恩德,20,4,16,華南永昌-虎尾,2024-08-28,9377
2331,精英,15,0,15,華南永昌-虎尾,2024-08-28,9377
4906,正文,15,0,15,華南永昌-虎尾,2024-08-28,9377
3050,鈺德,15,0,15,華南永昌-虎尾,2024-08-28,9377
6431,光麗-KY,15,0,15,華南永昌-虎尾,2024-08-28,9377
2486,一詮,13,0,13,華南永昌-虎尾,2024-08-28,9377
8111,立��,14,1,13,華南永昌-虎尾,2024-08-28,9377
3059,華晶科,14,1,13,華南永昌-虎尾,2024-08-28,9377
00669R,國泰美國道瓊反1,12,0,12,華南永昌-虎尾,2024-08-28,9377
3227,原相,12,0,12,華南永昌-虎尾,2024-08-28,9377
00679B,元大美債20年,12,0,12,華南永昌-虎尾,2024-08-28,9377
1776,展宇,11,0,11,華南永昌-虎尾,2024-08-28,9377
00878,國泰永續高股息,12,1,11,華南永昌-虎尾,2024-08-28,9377
1597,直得,15,4,11,華南永昌-虎尾,2024-08-28,9377
2489,瑞軒,61,50,11,華南永昌-虎尾,2024-08-28,9377
4540,全球傳動,32,22,10,華南永昌-虎尾,2024-08-28,9377
00885,富邦越南,12,2,10,華南永昌-虎尾,2024-08-28,9377
00904,新光臺灣半導體30,10,0,10,華南永昌-虎尾,2024-08-28,9377
2023,燁輝,10,0,10,華南永昌-虎尾,2024-08-28,9377
2537,聯上發,10,0,10,華南永昌-虎尾,2024-08-28,9377
3217,優群,10,0,10,華南永昌-虎尾,2024-08-28,9377
6133,金橋,11,1,10,華南永昌-虎尾,2024-08-28,9377
6191,精成科,10,0,10,華南永昌-虎尾,2024-08-28,9377
2371,大同,320,63,257,華南永昌-虎尾,2024-08-29,9377
2314,台揚,183,5,178,華南永昌-虎尾,2024-08-29,9377
00687B,國泰20年美債,137,0,137,華南永昌-虎尾,2024-08-29,9377
2354,鴻準,107,7,100,華南永昌-虎尾,2024-08-29,9377
2891,中信金,101,7,94,華南永昌-虎尾,2024-08-29,9377
2317,鴻海,105,11,94,華南永昌-虎尾,2024-08-29,9377
2367,燿華,182,98,84,華南永昌-虎尾,2024-08-29,9377
3481,群創,81,1,80,華南永昌-虎尾,2024-08-29,9377
8111,立��,86,13,73,華南永昌-虎尾,2024-08-29,9377
1615,大山,53,0,53,華南永昌-虎尾,2024-08-29,9377
8070,長華*,55,3,52,華南永昌-虎尾,2024-08-29,9377
2547,日勝生,71,29,42,華南永昌-虎尾,2024-08-29,9377
1609,大亞,42,1,41,華南永昌-虎尾,2024-08-29,9377
00937B,群益ESG投等債20,40,0,40,華南永昌-虎尾,2024-08-29,9377
00680L,元大美債20正2,86,50,36,華南永昌-虎尾,2024-08-29,9377
00959B,大華投等美債15Y+,51,15,36,華南永昌-虎尾,2024-08-29,9377
1540,喬福,110,75,35,華南永昌-虎尾,2024-08-29,9377
00893,國泰智能電動車,35,0,35,華南永昌-虎尾,2024-08-29,9377
2444,兆勁,32,0,32,華南永昌-虎尾,2024-08-29,9377
00738U,期元大道瓊白銀,30,0,30,華南永昌-虎尾,2024-08-29,9377
1460,宏遠,30,0,30,華南永昌-虎尾,2024-08-29,9377
6209,今國光,30,0,30,華南永昌-虎尾,2024-08-29,9377
00878,國泰永續高股息,44,16,28,華南永昌-虎尾,2024-08-29,9377
2312,金寶,41,13,28,華南永昌-虎尾,2024-08-29,9377
1409,新纖,28,0,28,華南永昌-虎尾,2024-08-29,9377
4157,太景*-KY,26,0,26,華南永昌-虎尾,2024-08-29,9377
00929,復華台灣科技優息,29,3,26,華南永昌-虎尾,2024-08-29,9377
2323,中環,45,20,25,華南永昌-虎尾,2024-08-29,9377
3522,御嵿,23,0,23,華南永昌-虎尾,2024-08-29,9377
2883,凱基金,21,0,21,華南永昌-虎尾,2024-08-29,9377
8039,台虹,24,5,19,華南永昌-虎尾,2024-08-29,9377
2377,微星,18,0,18,華南永昌-虎尾,2024-08-29,9377
8064,東捷,25,7,18,華南永昌-虎尾,2024-08-29,9377
00715L,期街口布蘭特正2,17,0,17,華南永昌-虎尾,2024-08-29,9377
8096,擎亞,20,4,16,華南永昌-虎尾,2024-08-29,9377
2618,長榮航,48,32,16,華南永昌-虎尾,2024-08-29,9377
3437,榮創,28,12,16,華南永昌-虎尾,2024-08-29,9377
2887,台新金,15,0,15,華南永昌-虎尾,2024-08-29,9377
2498,宏達電,15,0,15,華南永昌-虎尾,2024-08-29,9377
4714,永捷,21,6,15,華南永昌-虎尾,2024-08-29,9377
8104,錸寶,25,10,15,華南永昌-虎尾,2024-08-29,9377
8404,百和興業-KY,15,0,15,華南永昌-虎尾,2024-08-29,9377
8936,國統,16,1,15,華南永昌-虎尾,2024-08-29,9377
2313,華通,31,16,15,華南永昌-虎尾,2024-08-29,9377
4303,信立,29,14,15,華南永昌-虎尾,2024-08-29,9377
2880,華南金,18,4,14,華南永昌-虎尾,2024-08-29,9377
3047,訊舟,32,18,14,華南永昌-虎尾,2024-08-29,9377
3019,亞光,24,10,14,華南永昌-虎尾,2024-08-29,9377
2409,友達,13,0,13,華南永昌-虎尾,2024-08-29,9377
2464,盟立,50,37,13,華南永昌-虎尾,2024-08-29,9377
00935,野村臺灣新科技50,107,0,107,華南永昌-虎尾,2024-08-30,9377
3481,群創,135,40,95,華南永昌-虎尾,2024-08-30,9377
006208,富邦台50,83,0,83,華南永昌-虎尾,2024-08-30,9377
2371,大同,181,110,71,華南永昌-虎尾,2024-08-30,9377
00673R,期元大S＆P原油反1,60,0,60,華南永昌-虎尾,2024-08-30,9377
6770,力積電,40,0,40,華南永昌-虎尾,2024-08-30,9377
2367,燿華,64,24,40,華南永昌-虎尾,2024-08-30,9377
00929,復華台灣科技優息,41,4,37,華南永昌-虎尾,2024-08-30,9377
3019,亞光,48,14,34,華南永昌-虎尾,2024-08-30,9377
4976,佳凌,41,8,33,華南永昌-虎尾,2024-08-30,9377
1711,永光,78,48,30,華南永昌-虎尾,2024-08-30,9377
1605,華新,34,5,29,華南永昌-虎尾,2024-08-30,9377
2062,橋椿,67,40,27,華南永昌-虎尾,2024-08-30,9377
00679B,元大美債20年,26,0,26,華南永昌-虎尾,2024-08-30,9377
2392,正崴,27,1,26,華南永昌-虎尾,2024-08-30,9377
8111,立��,28,3,25,華南永昌-虎尾,2024-08-30,9377
6265,方土昶,24,0,24,華南永昌-虎尾,2024-08-30,9377
00936,台新永續高息中小,23,0,23,華南永昌-虎尾,2024-08-30,9377
2486,一詮,23,1,22,華南永昌-虎尾,2024-08-30,9377
8011,台通,23,1,22,華南永昌-虎尾,2024-08-30,9377
00688L,國泰20年美債正2,21,0,21,華南永昌-虎尾,2024-08-30,9377
2489,瑞軒,40,20,20,華南永昌-虎尾,2024-08-30,9377
00664R,國泰臺灣加權反1,20,0,20,華南永昌-虎尾,2024-08-30,9377
00893,國泰智能電動車,20,0,20,華南永昌-虎尾,2024-08-30,9377
5426,振發,20,0,20,華南永昌-虎尾,2024-08-30,9377
8104,錸寶,20,0,20,華南永昌-虎尾,2024-08-30,9377
2603,長榮,26,7,19,華南永昌-虎尾,2024-08-30,9377
6215,和椿,29,10,19,華南永昌-虎尾,2024-08-30,9377
00955,中信日本商社,18,0,18,華南永昌-虎尾,2024-08-30,9377
2881,富邦金,20,2,18,華南永昌-虎尾,2024-08-30,9377
2891,中信金,27,10,17,華南永昌-虎尾,2024-08-30,9377
2313,華通,62,45,17,華南永昌-虎尾,2024-08-30,9377
2363,矽統,18,1,17,華南永昌-虎尾,2024-08-30,9377
3303,岱稜,18,1,17,華南永昌-虎尾,2024-08-30,9377
8039,台虹,19,2,17,華南永昌-虎尾,2024-08-30,9377
2382,廣達,19,3,16,華南永昌-虎尾,2024-08-30,9377
6213,聯茂,20,5,15,華南永昌-虎尾,2024-08-30,9377
2349,錸德,15,0,15,華南永昌-虎尾,2024-08-30,9377
8105,凌巨,20,5,15,華南永昌-虎尾,2024-08-30,9377
2845,遠東銀,14,0,14,華南永昌-虎尾,2024-08-30,9377
4979,華星光,16,2,14,華南永昌-虎尾,2024-08-30,9377
911608,明輝-DR,14,0,14,華南永昌-虎尾,2024-08-30,9377
2002,中鋼,14,1,13,華南永昌-虎尾,2024-08-30,9377
2548,華固,13,0,13,華南永昌-虎尾,2024-08-30,9377
2402,毅嘉,22,10,12,華南永昌-虎尾,2024-08-30,9377
8021,尖點,12,0,12,華南永昌-虎尾,2024-08-30,9377
4906,正文,14,3,11,華南永昌-虎尾,2024-08-30,9377
3015,全漢,11,0,11,華南永昌-虎尾,2024-08-30,9377
8085,福華,15,4,11,華南永昌-虎尾,2024-08-30,9377
1904,正隆,10,0,10,華南永昌-虎尾,2024-08-30,9377
00637L,元大滬深300正2,172,0,172,華南永昌-虎尾,2024-09-02,9377
6770,力積電,142,1,141,華南永昌-虎尾,2024-09-02,9377
2882,國泰金,120,5,115,華南永昌-虎尾,2024-09-02,9377
00715L,期街口布蘭特正2,94,0,94,華南永昌-虎尾,2024-09-02,9377
00929,復華台灣科技優息,79,0,79,華南永昌-虎尾,2024-09-02,9377
00738U,期元大道瓊白銀,60,0,60,華南永昌-虎尾,2024-09-02,9377
2489,瑞軒,91,31,60,華南永昌-虎尾,2024-09-02,9377
3481,群創,58,2,56,華南永昌-虎尾,2024-09-02,9377
00937B,群益ESG投等債20,45,1,44,華南永昌-虎尾,2024-09-02,9377
00680L,元大美債20正2,42,0,42,華南永昌-虎尾,2024-09-02,9377
2371,大同,60,21,39,華南永昌-虎尾,2024-09-02,9377
1434,福懋,36,0,36,華南永昌-虎尾,2024-09-02,9377
4714,永捷,37,1,36,華南永昌-虎尾,2024-09-02,9377
00935,野村臺灣新科技50,35,0,35,華南永昌-虎尾,2024-09-02,9377
8104,錸寶,35,0,35,華南永昌-虎尾,2024-09-02,9377
00712,復華富時不動產,30,0,30,華南永昌-虎尾,2024-09-02,9377
2897,王道銀行,50,21,29,華南永昌-虎尾,2024-09-02,9377
2609,陽明,34,6,28,華南永昌-虎尾,2024-09-02,9377
00687B,國泰20年美債,29,1,28,華南永昌-虎尾,2024-09-02,9377
3047,訊舟,107,81,26,華南永昌-虎尾,2024-09-02,9377
2891,中信金,55,31,24,華南永昌-虎尾,2024-09-02,9377
00940,元大台灣價值高息,25,2,23,華南永昌-虎尾,2024-09-02,9377
2633,台灣高鐵,23,0,23,華南永昌-虎尾,2024-09-02,9377
2313,華通,28,5,23,華南永昌-虎尾,2024-09-02,9377
4716,大立,20,0,20,華南永昌-虎尾,2024-09-02,9377
00753L,中信中國50正2,20,0,20,華南永昌-虎尾,2024-09-02,9377
2547,日勝生,20,0,20,華南永昌-虎尾,2024-09-02,9377
8070,長華*,31,11,20,華南永昌-虎尾,2024-09-02,9377
2409,友達,25,6,19,華南永昌-虎尾,2024-09-02,9377
6113,亞矽,19,0,19,華南永昌-虎尾,2024-09-02,9377
1711,永光,21,3,18,華南永昌-虎尾,2024-09-02,9377
2426,鼎元,21,3,18,華南永昌-虎尾,2024-09-02,9377
1409,新纖,31,15,16,華南永昌-虎尾,2024-09-02,9377
1563,巧新,16,0,16,華南永昌-虎尾,2024-09-02,9377
2349,錸德,35,19,16,華南永昌-虎尾,2024-09-02,9377
00918,大華優利高填息30,15,0,15,華南永昌-虎尾,2024-09-02,9377
3231,緯創,25,10,15,華南永昌-虎尾,2024-09-02,9377
8358,金居,15,0,15,華南永昌-虎尾,2024-09-02,9377
2867,三商壽,14,0,14,華南永昌-虎尾,2024-09-02,9377
8085,福華,15,1,14,華南永昌-虎尾,2024-09-02,9377
3062,建漢,43,29,14,華南永昌-虎尾,2024-09-02,9377
00955,中信日本商社,13,0,13,華南永昌-虎尾,2024-09-02,9377
2312,金寶,14,1,13,華南永昌-虎尾,2024-09-02,9377
3114,好德,12,0,12,華南永昌-虎尾,2024-09-02,9377
3019,亞光,53,41,12,華南永昌-虎尾,2024-09-02,9377
6505,台塑化,12,1,11,華南永昌-虎尾,2024-09-02,9377
2603,長榮,13,2,11,華南永昌-虎尾,2024-09-02,9377
1210,大成,11,0,11,華南永昌-虎尾,2024-09-02,9377
00635U,期元大S＆P黃金,11,0,11,華南永昌-虎尾,2024-09-02,9377
3515,華擎,11,0,11,華南永昌-虎尾,2024-09-02,9377
3481,群創,96,14,82,華南永昌-虎尾,2024-09-03,9377
00915,凱基優選高股息30,66,0,66,華南永昌-虎尾,2024-09-03,9377
00950B,凱基A級公司債,60,0,60,華南永昌-虎尾,2024-09-03,9377
00637L,元大滬深300正2,70,20,50,華南永昌-虎尾,2024-09-03,9377
1785,光洋科,50,11,39,華南永昌-虎尾,2024-09-03,9377
2486,一詮,42,6,36,華南永昌-虎尾,2024-09-03,9377
00882,中信中國高股息,35,0,35,華南永昌-虎尾,2024-09-03,9377
1301,台塑,38,4,34,華南永昌-虎尾,2024-09-03,9377
2607,榮運,36,2,34,華南永昌-虎尾,2024-09-03,9377
6133,金橋,34,0,34,華南永昌-虎尾,2024-09-03,9377
2409,友達,32,0,32,華南永昌-虎尾,2024-09-03,9377
2323,中環,51,20,31,華南永昌-虎尾,2024-09-03,9377
1101,台泥,30,0,30,華南永昌-虎尾,2024-09-03,9377
2891,中信金,30,0,30,華南永昌-虎尾,2024-09-03,9377
3665,貿聯-KY,34,4,30,華南永昌-虎尾,2024-09-03,9377
2317,鴻海,47,17,30,華南永昌-虎尾,2024-09-03,9377
8401,白紗科,28,0,28,華南永昌-虎尾,2024-09-03,9377
00680L,元大美債20正2,32,5,27,華南永昌-虎尾,2024-09-03,9377
8096,擎亞,58,33,25,華南永昌-虎尾,2024-09-03,9377
2425,承啟,24,0,24,華南永昌-虎尾,2024-09-03,9377
2356,英業達,26,2,24,華南永昌-虎尾,2024-09-03,9377
6265,方土昶,24,0,24,華南永昌-虎尾,2024-09-03,9377
00918,大華優利高填息30,29,6,23,華南永昌-虎尾,2024-09-03,9377
2402,毅嘉,22,0,22,華南永昌-虎尾,2024-09-03,9377
00664R,國泰臺灣加權反1,20,0,20,華南永昌-虎尾,2024-09-03,9377
6547,高端疫苗,20,0,20,華南永昌-虎尾,2024-09-03,9377
1314,中石化,19,0,19,華南永昌-虎尾,2024-09-03,9377
3167,大量,23,4,19,華南永昌-虎尾,2024-09-03,9377
3062,建漢,133,117,16,華南永昌-虎尾,2024-09-03,9377
2365,昆盈,35,19,16,華南永昌-虎尾,2024-09-03,9377
00688L,國泰20年美債正2,15,0,15,華南永昌-虎尾,2024-09-03,9377
2367,燿華,38,23,15,華南永昌-虎尾,2024-09-03,9377
6770,力積電,14,0,14,華南永昌-虎尾,2024-09-03,9377
2477,美隆電,13,0,13,華南永昌-虎尾,2024-09-03,9377
6239,力成,13,0,13,華南永昌-虎尾,2024-09-03,9377
8182,加高,13,0,13,華南永昌-虎尾,2024-09-03,9377
8926,台汽電,13,0,13,華南永昌-虎尾,2024-09-03,9377
3037,欣興,13,0,13,華南永昌-虎尾,2024-09-03,9377
4716,大立,12,0,12,華南永昌-虎尾,2024-09-03,9377
8027,鈦昇,33,21,12,華南永昌-虎尾,2024-09-03,9377
2880,華南金,17,5,12,華南永昌-虎尾,2024-09-03,9377
6505,台塑化,11,0,11,華南永昌-虎尾,2024-09-03,9377
00959B,大華投等美債15Y+,11,0,11,華南永昌-虎尾,2024-09-03,9377
4157,太景*-KY,11,0,11,華南永昌-虎尾,2024-09-03,9377
2887,台新金,10,0,10,華南永昌-虎尾,2024-09-03,9377
8011,台通,12,2,10,華南永昌-虎尾,2024-09-03,9377
2401,凌陽,10,0,10,華南永昌-虎尾,2024-09-03,9377
2485,兆赫,20,10,10,華南永昌-虎尾,2024-09-03,9377
4960,誠美材,10,0,10,華南永昌-虎尾,2024-09-03,9377
5203,訊連,10,0,10,華南永昌-虎尾,2024-09-03,9377
2834,臺企銀,281,0,281,華南永昌-虎尾,2024-09-04,9377
00940,元大台灣價值高息,273,58,215,華南永昌-虎尾,2024-09-04,9377
00929,復華台灣科技優息,212,32,180,華南永昌-虎尾,2024-09-04,9377
00715L,期街口布蘭特正2,177,0,177,華南永昌-虎尾,2024-09-04,9377
0056,元大高股息,142,7,135,華南永昌-虎尾,2024-09-04,9377
00687B,國泰20年美債,154,28,126,華南永昌-虎尾,2024-09-04,9377
00919,群益台灣精選高息,158,55,103,華南永昌-虎尾,2024-09-04,9377
00878,國泰永續高股息,112,11,101,華南永昌-虎尾,2024-09-04,9377
00918,大華優利高填息30,104,8,96,華南永昌-虎尾,2024-09-04,9377
2891,中信金,87,10,77,華南永昌-虎尾,2024-09-04,9377
00893,國泰智能電動車,70,0,70,華南永昌-虎尾,2024-09-04,9377
2317,鴻海,125,59,66,華南永昌-虎尾,2024-09-04,9377
1303,南亞,67,2,65,華南永昌-虎尾,2024-09-04,9377
6873,泓德能源,64,0,64,華南永昌-虎尾,2024-09-04,9377
1815,富喬,97,41,56,華南永昌-虎尾,2024-09-04,9377
006208,富邦台50,51,2,49,華南永昌-虎尾,2024-09-04,9377
2330,台積電,55,8,47,華南永昌-虎尾,2024-09-04,9377
1301,台塑,47,2,45,華南永昌-虎尾,2024-09-04,9377
00927,群益半導體收益,43,0,43,華南永昌-虎尾,2024-09-04,9377
00915,凱基優選高股息30,47,5,42,華南永昌-虎尾,2024-09-04,9377
8076,伍豐,41,0,41,華南永昌-虎尾,2024-09-04,9377
2002,中鋼,48,9,39,華南永昌-虎尾,2024-09-04,9377
6265,方土昶,34,0,34,華南永昌-虎尾,2024-09-04,9377
2880,華南金,38,5,33,華南永昌-虎尾,2024-09-04,9377
3481,群創,61,28,33,華南永昌-虎尾,2024-09-04,9377
2485,兆赫,60,30,30,華南永昌-虎尾,2024-09-04,9377
8027,鈦昇,32,3,29,華南永昌-虎尾,2024-09-04,9377
1540,喬福,63,35,28,華南永昌-虎尾,2024-09-04,9377
2603,長榮,30,4,26,華南永昌-虎尾,2024-09-04,9377
6770,力積電,25,0,25,華南永昌-虎尾,2024-09-04,9377
9902,台火,25,0,25,華南永昌-虎尾,2024-09-04,9377
2634,漢翔,34,9,25,華南永昌-虎尾,2024-09-04,9377
00713,元大台灣高息低波,25,2,23,華南永昌-虎尾,2024-09-04,9377
8936,國統,22,0,22,華南永昌-虎尾,2024-09-04,9377
2892,第一金,25,3,22,華南永昌-虎尾,2024-09-04,9377
2344,華邦電,21,0,21,華南永昌-虎尾,2024-09-04,9377
2408,南亞科,20,0,20,華南永昌-虎尾,2024-09-04,9377
00655L,國泰中國A50正2,20,0,20,華南永昌-虎尾,2024-09-04,9377
00955,中信日本商社,20,0,20,華南永昌-虎尾,2024-09-04,9377
1326,台化,20,1,19,華南永昌-虎尾,2024-09-04,9377
3037,欣興,32,13,19,華南永昌-虎尾,2024-09-04,9377
2486,一詮,20,1,19,華南永昌-虎尾,2024-09-04,9377
00692,富邦公司治理,19,0,19,華南永昌-虎尾,2024-09-04,9377
3062,建漢,21,3,18,華南永昌-虎尾,2024-09-04,9377
2882,國泰金,21,3,18,華南永昌-虎尾,2024-09-04,9377
00951,台新日本半導體,17,0,17,華南永昌-虎尾,2024-09-04,9377
6113,亞矽,27,10,17,華南永昌-虎尾,2024-09-04,9377
8930,青鋼,17,0,17,華南永昌-虎尾,2024-09-04,9377
2801,彰銀,17,0,17,華南永昌-虎尾,2024-09-04,9377
2313,華通,26,10,16,華南永昌-虎尾,2024-09-04,9377
00715L,期街口布蘭特正2,217,0,217,華南永昌-虎尾,2024-09-05,9377
00919,群益台灣精選高息,100,6,94,華南永昌-虎尾,2024-09-05,9377
2897,王道銀行,92,0,92,華南永昌-虎尾,2024-09-05,9377
00713,元大台灣高息低波,82,0,82,華南永昌-虎尾,2024-09-05,9377
00687B,國泰20年美債,151,87,64,華南永昌-虎尾,2024-09-05,9377
6873,泓德能源,60,0,60,華南永昌-虎尾,2024-09-05,9377
00929,復華台灣科技優息,109,50,59,華南永昌-虎尾,2024-09-05,9377
2402,毅嘉,63,5,58,華南永昌-虎尾,2024-09-05,9377
1409,新纖,47,0,47,華南永昌-虎尾,2024-09-05,9377
3092,鴻碩,50,6,44,華南永昌-虎尾,2024-09-05,9377
2801,彰銀,44,0,44,華南永昌-虎尾,2024-09-05,9377
4716,大立,43,0,43,華南永昌-虎尾,2024-09-05,9377
2486,一詮,48,13,35,華南永昌-虎尾,2024-09-05,9377
00937B,群益ESG投等債20,150,115,35,華南永昌-虎尾,2024-09-05,9377
6265,方土昶,32,0,32,華南永昌-虎尾,2024-09-05,9377
00664R,國泰臺灣加權反1,30,0,30,華南永昌-虎尾,2024-09-05,9377
00878,國泰永續高股息,33,4,29,華南永昌-虎尾,2024-09-05,9377
1615,大山,34,5,29,華南永昌-虎尾,2024-09-05,9377
1303,南亞,29,2,27,華南永昌-虎尾,2024-09-05,9377
4561,健椿,34,8,26,華南永昌-虎尾,2024-09-05,9377
00953B,群益優選非投等債,25,0,25,華南永昌-虎尾,2024-09-05,9377
2371,大同,23,0,23,華南永昌-虎尾,2024-09-05,9377
2408,南亞科,23,0,23,華南永昌-虎尾,2024-09-05,9377
00918,大華優利高填息30,29,7,22,華南永昌-虎尾,2024-09-05,9377
8401,白紗科,22,0,22,華南永昌-虎尾,2024-09-05,9377
2362,藍天,31,11,20,華南永昌-虎尾,2024-09-05,9377
2317,鴻海,32,13,19,華南永昌-虎尾,2024-09-05,9377
2367,燿華,29,11,18,華南永昌-虎尾,2024-09-05,9377
3706,神達,20,2,18,華南永昌-虎尾,2024-09-05,9377
2618,長榮航,26,10,16,華南永昌-虎尾,2024-09-05,9377
00946,群益科技高息成長,16,1,15,華南永昌-虎尾,2024-09-05,9377
2426,鼎元,15,0,15,華南永昌-虎尾,2024-09-05,9377
3062,建漢,17,2,15,華南永昌-虎尾,2024-09-05,9377
4562,穎漢,25,11,14,華南永昌-虎尾,2024-09-05,9377
2002,中鋼,14,0,14,華南永昌-虎尾,2024-09-05,9377
00952,凱基台灣AI50,17,4,13,華南永昌-虎尾,2024-09-05,9377
2388,威盛,13,0,13,華南永昌-虎尾,2024-09-05,9377
6188,廣明,13,0,13,華南永昌-虎尾,2024-09-05,9377
1722,台肥,12,0,12,華南永昌-虎尾,2024-09-05,9377
2891,中信金,62,50,12,華南永昌-虎尾,2024-09-05,9377
00720B,元大投資級公司債,12,0,12,華南永昌-虎尾,2024-09-05,9377
2101,南港,13,1,12,華南永昌-虎尾,2024-09-05,9377
2204,中華,12,0,12,華南永昌-虎尾,2024-09-05,9377
3580,友威科,13,1,12,華南永昌-虎尾,2024-09-05,9377
9105,泰金寶-DR,13,1,12,華南永昌-虎尾,2024-09-05,9377
2882,國泰金,44,32,12,華南永昌-虎尾,2024-09-05,9377
2498,宏達電,15,3,12,華南永昌-虎尾,2024-09-05,9377
6770,力積電,22,11,11,華南永昌-虎尾,2024-09-05,9377
3163,波若威,11,0,11,華南永昌-虎尾,2024-09-05,9377
00753L,中信中國50正2,11,0,11,華南永昌-虎尾,2024-09-05,9377
2062,橋椿,125,10,115,華南永昌-虎尾,2024-09-06,9377
3092,鴻碩,101,13,88,華南永昌-虎尾,2024-09-06,9377
6873,泓德能源,61,0,61,華南永昌-虎尾,2024-09-06,9377
6770,力積電,68,16,52,華南永昌-虎尾,2024-09-06,9377
2486,一詮,57,9,48,華南永昌-虎尾,2024-09-06,9377
00715L,期街口布蘭特正2,58,10,48,華南永昌-虎尾,2024-09-06,9377
00680L,元大美債20正2,46,0,46,華南永昌-虎尾,2024-09-06,9377
3019,亞光,66,20,46,華南永昌-虎尾,2024-09-06,9377
00664R,國泰臺灣加權反1,40,0,40,華南永昌-虎尾,2024-09-06,9377
00935,野村臺灣新科技50,39,0,39,華南永昌-虎尾,2024-09-06,9377
8401,白紗科,39,0,39,華南永昌-虎尾,2024-09-06,9377
2344,華邦電,38,0,38,華南永昌-虎尾,2024-09-06,9377
2888,新光金,45,7,38,華南永昌-虎尾,2024-09-06,9377
00929,復華台灣科技優息,114,80,34,華南永昌-虎尾,2024-09-06,9377
00878,國泰永續高股息,33,0,33,華南永昌-虎尾,2024-09-06,9377
2489,瑞軒,53,22,31,華南永昌-虎尾,2024-09-06,9377
00687B,國泰20年美債,47,17,30,華南永昌-虎尾,2024-09-06,9377
00952,凱基台灣AI50,28,0,28,華南永昌-虎尾,2024-09-06,9377
2002,中鋼,24,1,23,華南永昌-虎尾,2024-09-06,9377
8936,國統,22,0,22,華南永昌-虎尾,2024-09-06,9377
1615,大山,22,0,22,華南永昌-虎尾,2024-09-06,9377
2330,台積電,29,7,22,華南永昌-虎尾,2024-09-06,9377
3013,晟銘電,28,7,21,華南永昌-虎尾,2024-09-06,9377
00642U,期元大S＆P石油,20,0,20,華南永昌-虎尾,2024-09-06,9377
8438,昶昕,20,0,20,華南永昌-虎尾,2024-09-06,9377
2634,漢翔,22,2,20,華南永昌-虎尾,2024-09-06,9377
4956,光鋐,25,6,19,華南永昌-虎尾,2024-09-06,9377
2618,長榮航,26,10,16,華南永昌-虎尾,2024-09-06,9377
1815,富喬,89,74,15,華南永昌-虎尾,2024-09-06,9377
4967,十銓,15,0,15,華南永昌-虎尾,2024-09-06,9377
2880,華南金,15,0,15,華南永昌-虎尾,2024-09-06,9377
00918,大華優利高填息30,22,8,14,華南永昌-虎尾,2024-09-06,9377
00795B,中信美國公債20年,14,0,14,華南永昌-虎尾,2024-09-06,9377
2444,兆勁,13,0,13,華南永昌-虎尾,2024-09-06,9377
8111,立��,13,0,13,華南永昌-虎尾,2024-09-06,9377
0056,元大高股息,12,0,12,華南永昌-虎尾,2024-09-06,9377
8105,凌巨,12,0,12,華南永昌-虎尾,2024-09-06,9377
2610,華航,17,6,11,華南永昌-虎尾,2024-09-06,9377
6191,精成科,11,0,11,華南永昌-虎尾,2024-09-06,9377
2520,冠德,10,0,10,華南永昌-虎尾,2024-09-06,9377
00927,群益半導體收益,10,0,10,華南永昌-虎尾,2024-09-06,9377
00882,中信中國高股息,10,0,10,華南永昌-虎尾,2024-09-06,9377
2727,王品,10,0,10,華南永昌-虎尾,2024-09-06,9377
8071,能率網通,10,0,10,華南永昌-虎尾,2024-09-06,9377
8215,明基材,10,0,10,華南永昌-虎尾,2024-09-06,9377
8249,菱光,10,0,10,華南永昌-虎尾,2024-09-06,9377
2882,國泰金,20,11,9,華南永昌-虎尾,2024-09-06,9377
006208,富邦台50,10,2,8,華南永昌-虎尾,2024-09-06,9377
1563,巧新,8,0,8,華南永昌-虎尾,2024-09-06,9377
3380,明泰,8,0,8,華南永昌-虎尾,2024-09-06,9377
00919,群益台灣精選高息,318,11,307,華南永昌-虎尾,2024-09-09,9377
00929,復華台灣科技優息,287,55,232,華南永昌-虎尾,2024-09-09,9377
00650L,復華香港正2,200,0,200,華南永昌-虎尾,2024-09-09,9377
00922,國泰台灣領袖50,111,0,111,華南永昌-虎尾,2024-09-09,9377
3092,鴻碩,102,0,102,華南永昌-虎尾,2024-09-09,9377
00687B,國泰20年美債,150,50,100,華南永昌-虎尾,2024-09-09,9377
2891,中信金,75,1,74,華南永昌-虎尾,2024-09-09,9377
00878,國泰永續高股息,74,1,73,華南永昌-虎尾,2024-09-09,9377
3715,定穎投控,74,8,66,華南永昌-虎尾,2024-09-09,9377
00637L,元大滬深300正2,60,0,60,華南永昌-虎尾,2024-09-09,9377
00940,元大台灣價值高息,100,40,60,華南永昌-虎尾,2024-09-09,9377
00712,復華富時不動產,50,0,50,華南永昌-虎尾,2024-09-09,9377
6873,泓德能源,50,0,50,華南永昌-虎尾,2024-09-09,9377
2344,華邦電,40,2,38,華南永昌-虎尾,2024-09-09,9377
2317,鴻海,39,3,36,華南永昌-虎尾,2024-09-09,9377
00715L,期街口布蘭特正2,45,10,35,華南永昌-虎尾,2024-09-09,9377
1721,三晃,34,0,34,華南永昌-虎尾,2024-09-09,9377
2002,中鋼,40,6,34,華南永昌-虎尾,2024-09-09,9377
006208,富邦台50,35,3,32,華南永昌-虎尾,2024-09-09,9377
2356,英業達,36,5,31,華南永昌-虎尾,2024-09-09,9377
2349,錸德,31,0,31,華南永昌-虎尾,2024-09-09,9377
2497,怡利電,42,12,30,華南永昌-虎尾,2024-09-09,9377
6215,和椿,30,2,28,華南永昌-虎尾,2024-09-09,9377
0056,元大高股息,22,0,22,華南永昌-虎尾,2024-09-09,9377
3437,榮創,43,21,22,華南永昌-虎尾,2024-09-09,9377
00918,大華優利高填息30,27,6,21,華南永昌-虎尾,2024-09-09,9377
00893,國泰智能電動車,21,0,21,華南永昌-虎尾,2024-09-09,9377
00952,凱基台灣AI50,22,1,21,華南永昌-虎尾,2024-09-09,9377
2459,敦吉,20,0,20,華南永昌-虎尾,2024-09-09,9377
4157,太景*-KY,20,0,20,華南永昌-虎尾,2024-09-09,9377
2881,富邦金,23,4,19,華南永昌-虎尾,2024-09-09,9377
1540,喬福,31,12,19,華南永昌-虎尾,2024-09-09,9377
8096,擎亞,39,21,18,華南永昌-虎尾,2024-09-09,9377
2885,元大金,16,0,16,華南永昌-虎尾,2024-09-09,9377
3481,群創,55,40,15,華南永昌-虎尾,2024-09-09,9377
00915,凱基優選高股息30,15,0,15,華南永昌-虎尾,2024-09-09,9377
2201,裕隆,27,12,15,華南永昌-虎尾,2024-09-09,9377
2367,燿華,15,0,15,華南永昌-虎尾,2024-09-09,9377
1309,台達化,13,0,13,華南永昌-虎尾,2024-09-09,9377
8089,康全電訊,24,12,12,華南永昌-虎尾,2024-09-09,9377
2486,一詮,30,19,11,華南永昌-虎尾,2024-09-09,9377
00923,群益台ESG低碳50,11,0,11,華南永昌-虎尾,2024-09-09,9377
00902,中信電池及儲能,11,0,11,華南永昌-虎尾,2024-09-09,9377
1615,大山,11,0,11,華南永昌-虎尾,2024-09-09,9377
6423,億而得-創,11,0,11,華南永昌-虎尾,2024-09-09,9377
6505,台塑化,12,2,10,華南永昌-虎尾,2024-09-09,9377
00635U,期元大S＆P黃金,10,0,10,華南永昌-虎尾,2024-09-09,9377
00642U,期元大S＆P石油,10,0,10,華南永昌-虎尾,2024-09-09,9377
00937B,群益ESG投等債20,10,0,10,華南永昌-虎尾,2024-09-09,9377
1907,永豐餘,10,0,10,華南永昌-虎尾,2024-09-09,9377
2610,華航,179,0,179,華南永昌-虎尾,2024-09-10,9377
00940,元大台灣價值高息,169,1,168,華南永昌-虎尾,2024-09-10,9377
00687B,國泰20年美債,100,5,95,華南永昌-虎尾,2024-09-10,9377
00857B,永豐20年美公債,90,0,90,華南永昌-虎尾,2024-09-10,9377
00918,大華優利高填息30,82,2,80,華南永昌-虎尾,2024-09-10,9377
00919,群益台灣精選高息,84,10,74,華南永昌-虎尾,2024-09-10,9377
1615,大山,70,15,55,華南永昌-虎尾,2024-09-10,9377
2356,英業達,65,13,52,華南永昌-虎尾,2024-09-10,9377
1305,華夏,50,0,50,華南永昌-虎尾,2024-09-10,9377
1409,新纖,50,0,50,華南永昌-虎尾,2024-09-10,9377
4564,元翎,58,10,48,華南永昌-虎尾,2024-09-10,9377
8358,金居,49,2,47,華南永昌-虎尾,2024-09-10,9377
00929,復華台灣科技優息,41,5,36,華南永昌-虎尾,2024-09-10,9377
2323,中環,46,10,36,華南永昌-虎尾,2024-09-10,9377
1605,華新,45,10,35,華南永昌-虎尾,2024-09-10,9377
1563,巧新,34,0,34,華南永昌-虎尾,2024-09-10,9377
00951,台新日本半導體,31,0,31,華南永昌-虎尾,2024-09-10,9377
00664R,國泰臺灣加權反1,30,0,30,華南永昌-虎尾,2024-09-10,9377
4726,永昕,30,0,30,華南永昌-虎尾,2024-09-10,9377
2609,陽明,35,6,29,華南永昌-虎尾,2024-09-10,9377
4958,臻鼎-KY,30,1,29,華南永昌-虎尾,2024-09-10,9377
2497,怡利電,52,24,28,華南永昌-虎尾,2024-09-10,9377
2363,矽統,26,0,26,華南永昌-虎尾,2024-09-10,9377
00632R,元大台灣50反1,30,5,25,華南永昌-虎尾,2024-09-10,9377
1539,巨庭,27,2,25,華南永昌-虎尾,2024-09-10,9377
00688L,國泰20年美債正2,45,21,24,華南永昌-虎尾,2024-09-10,9377
2337,旺宏,42,20,22,華南永昌-虎尾,2024-09-10,9377
00952,凱基台灣AI50,21,0,21,華南永昌-虎尾,2024-09-10,9377
1101,台泥,26,5,21,華南永昌-虎尾,2024-09-10,9377
2485,兆赫,35,15,20,華南永昌-虎尾,2024-09-10,9377
3047,訊舟,23,3,20,華南永昌-虎尾,2024-09-10,9377
6151,晉倫,20,0,20,華南永昌-虎尾,2024-09-10,9377
8401,白紗科,20,0,20,華南永昌-虎尾,2024-09-10,9377
4909,新復興,32,13,19,華南永昌-虎尾,2024-09-10,9377
2317,鴻海,30,11,19,華南永昌-虎尾,2024-09-10,9377
2382,廣達,34,16,18,華南永昌-虎尾,2024-09-10,9377
2374,佳能,17,0,17,華南永昌-虎尾,2024-09-10,9377
3437,榮創,19,3,16,華南永昌-虎尾,2024-09-10,9377
6133,金橋,22,6,16,華南永昌-虎尾,2024-09-10,9377
8404,百和興業-KY,40,25,15,華南永昌-虎尾,2024-09-10,9377
2002,中鋼,16,1,15,華南永昌-虎尾,2024-09-10,9377
4716,大立,14,0,14,華南永昌-虎尾,2024-09-10,9377
00878,國泰永續高股息,13,0,13,華南永昌-虎尾,2024-09-10,9377
00923,群益台ESG低碳50,13,0,13,華南永昌-虎尾,2024-09-10,9377
00946,群益科技高息成長,12,0,12,華南永昌-虎尾,2024-09-10,9377
6449,鈺邦,12,0,12,華南永昌-虎尾,2024-09-10,9377
2492,華新科,12,0,12,華南永昌-虎尾,2024-09-10,9377
3013,晟銘電,22,10,12,華南永昌-虎尾,2024-09-10,9377
0056,元大高股息,14,2,12,華南永昌-虎尾,2024-09-10,9377
2409,友達,11,0,11,華南永昌-虎尾,2024-09-10,9377
00905,FT臺灣Smart,174,0,174,華南永昌-虎尾,2024-09-11,9377
00687B,國泰20年美債,212,49,163,華南永昌-虎尾,2024-09-11,9377
00680L,元大美債20正2,122,5,117,華南永昌-虎尾,2024-09-11,9377
2883,凱基金,83,0,83,華南永昌-虎尾,2024-09-11,9377
00715L,期街口布蘭特正2,68,0,68,華南永昌-虎尾,2024-09-11,9377
2356,英業達,67,0,67,華南永昌-虎尾,2024-09-11,9377
00933B,國泰10Y+金融債,65,3,62,華南永昌-虎尾,2024-09-11,9377
00929,復華台灣科技優息,63,2,61,華南永昌-虎尾,2024-09-11,9377
00937B,群益ESG投等債20,58,2,56,華南永昌-虎尾,2024-09-11,9377
3049,精金,54,0,54,華南永昌-虎尾,2024-09-11,9377
2349,錸德,72,31,41,華南永昌-虎尾,2024-09-11,9377
00915,凱基優選高股息30,40,0,40,華南永昌-虎尾,2024-09-11,9377
2486,一詮,43,3,40,華南永昌-虎尾,2024-09-11,9377
00711B,復華彭博新興債,36,0,36,華南永昌-虎尾,2024-09-11,9377
00878,國泰永續高股息,35,0,35,華南永昌-虎尾,2024-09-11,9377
00679B,元大美債20年,36,3,33,華南永昌-虎尾,2024-09-11,9377
2388,威盛,32,2,30,華南永昌-虎尾,2024-09-11,9377
2845,遠東銀,24,0,24,華南永昌-虎尾,2024-09-11,9377
9904,寶成,26,3,23,華南永昌-虎尾,2024-09-11,9377
1711,永光,23,2,21,華南永昌-虎尾,2024-09-11,9377
00637L,元大滬深300正2,30,10,20,華南永昌-虎尾,2024-09-11,9377
1809,中釉,20,0,20,華南永昌-虎尾,2024-09-11,9377
2547,日勝生,20,0,20,華南永昌-虎尾,2024-09-11,9377
00918,大華優利高填息30,18,0,18,華南永昌-虎尾,2024-09-11,9377
9105,泰金寶-DR,17,0,17,華南永昌-虎尾,2024-09-11,9377
3047,訊舟,26,10,16,華南永昌-虎尾,2024-09-11,9377
6108,競國,19,3,16,華南永昌-虎尾,2024-09-11,9377
3013,晟銘電,17,1,16,華南永昌-虎尾,2024-09-11,9377
00940,元大台灣價值高息,16,0,16,華南永昌-虎尾,2024-09-11,9377
8076,伍豐,16,1,15,華南永昌-虎尾,2024-09-11,9377
0056,元大高股息,13,0,13,華南永昌-虎尾,2024-09-11,9377
2881,富邦金,13,0,13,華南永昌-虎尾,2024-09-11,9377
1303,南亞,14,1,13,華南永昌-虎尾,2024-09-11,9377
6423,億而得-創,13,0,13,華南永昌-虎尾,2024-09-11,9377
3360,尚立,24,12,12,華南永昌-虎尾,2024-09-11,9377
3623,富晶通,12,0,12,華南永昌-虎尾,2024-09-11,9377
8096,擎亞,13,1,12,華南永昌-虎尾,2024-09-11,9377
4157,太景*-KY,11,0,11,華南永昌-虎尾,2024-09-11,9377
1815,富喬,57,47,10,華南永昌-虎尾,2024-09-11,9377
00655L,國泰中國A50正2,10,0,10,華南永昌-虎尾,2024-09-11,9377
00645,富邦日本,10,0,10,華南永昌-虎尾,2024-09-11,9377
00642U,期元大S＆P石油,10,0,10,華南永昌-虎尾,2024-09-11,9377
1319,東陽,13,3,10,華南永昌-虎尾,2024-09-11,9377
2457,飛宏,10,0,10,華南永昌-虎尾,2024-09-11,9377
3356,奇偶,11,1,10,華南永昌-虎尾,2024-09-11,9377
4114,健喬,10,0,10,華南永昌-虎尾,2024-09-11,9377
6426,統新,10,0,10,華南永昌-虎尾,2024-09-11,9377
2891,中信金,10,1,9,華南永昌-虎尾,2024-09-11,9377
2362,藍天,13,4,9,華南永昌-虎尾,2024-09-11,9377
8039,台虹,9,0,9,華南永昌-虎尾,2024-09-11,9377
00935,野村臺灣新科技50,501,0,501,華南永昌-虎尾,2024-09-12,9377
2897,王道銀行,150,0,150,華南永昌-虎尾,2024-09-12,9377
00632R,元大台灣50反1,120,0,120,華南永昌-虎尾,2024-09-12,9377
00922,國泰台灣領袖50,108,1,107,華南永昌-虎尾,2024-09-12,9377
00929,復華台灣科技優息,83,7,76,華南永昌-虎尾,2024-09-12,9377
00688L,國泰20年美債正2,63,0,63,華南永昌-虎尾,2024-09-12,9377
2891,中信金,69,10,59,華南永昌-虎尾,2024-09-12,9377
00933B,國泰10Y+金融債,60,2,58,華南永昌-虎尾,2024-09-12,9377
2489,瑞軒,90,35,55,華南永昌-虎尾,2024-09-12,9377
8070,長華*,42,3,39,華南永昌-虎尾,2024-09-12,9377
00715L,期街口布蘭特正2,50,12,38,華南永昌-虎尾,2024-09-12,9377
00919,群益台灣精選高息,42,8,34,華南永昌-虎尾,2024-09-12,9377
2330,台積電,47,15,32,華南永昌-虎尾,2024-09-12,9377
006208,富邦台50,28,0,28,華南永昌-虎尾,2024-09-12,9377
2462,良得電,27,0,27,華南永昌-虎尾,2024-09-12,9377
3481,群創,32,9,23,華南永昌-虎尾,2024-09-12,9377
3049,精金,40,18,22,華南永昌-虎尾,2024-09-12,9377
8438,昶昕,21,0,21,華南永昌-虎尾,2024-09-12,9377
00696B,富邦美債20年,20,0,20,華南永昌-虎尾,2024-09-12,9377
00943,兆豐電子高息等權,20,0,20,華南永昌-虎尾,2024-09-12,9377
5381,合正,20,1,19,華南永昌-虎尾,2024-09-12,9377
2459,敦吉,18,0,18,華南永昌-虎尾,2024-09-12,9377
6108,競國,18,0,18,華南永昌-虎尾,2024-09-12,9377
2887,台新金,19,1,18,華南永昌-虎尾,2024-09-12,9377
3062,建漢,23,7,16,華南永昌-虎尾,2024-09-12,9377
2354,鴻準,16,2,14,華南永昌-虎尾,2024-09-12,9377
2543,皇昌,14,0,14,華南永昌-虎尾,2024-09-12,9377
00915,凱基優選高股息30,13,0,13,華南永昌-虎尾,2024-09-12,9377
6664,群翊,12,0,12,華南永昌-虎尾,2024-09-12,9377
3704,合勤控,12,0,12,華南永昌-虎尾,2024-09-12,9377
8069,元太,13,1,12,華南永昌-虎尾,2024-09-12,9377
3013,晟銘電,33,21,12,華南永昌-虎尾,2024-09-12,9377
2467,志聖,15,4,11,華南永昌-虎尾,2024-09-12,9377
3587,閎康,11,0,11,華南永昌-虎尾,2024-09-12,9377
2002,中鋼,14,4,10,華南永昌-虎尾,2024-09-12,9377
1616,億泰,10,0,10,華南永昌-虎尾,2024-09-12,9377
3715,定穎投控,13,3,10,華南永昌-虎尾,2024-09-12,9377
6122,擎邦,10,0,10,華南永昌-虎尾,2024-09-12,9377
00680L,元大美債20正2,9,0,9,華南永昌-虎尾,2024-09-12,9377
2313,華通,21,12,9,華南永昌-虎尾,2024-09-12,9377
2208,台船,8,0,8,華南永昌-虎尾,2024-09-12,9377
5347,世界,9,1,8,華南永昌-虎尾,2024-09-12,9377
1326,台化,8,1,7,華南永昌-虎尾,2024-09-12,9377
2537,聯上發,10,3,7,華南永昌-虎尾,2024-09-12,9377
3303,岱稜,91,84,7,華南永昌-虎尾,2024-09-12,9377
4157,太景*-KY,12,5,7,華南永昌-虎尾,2024-09-12,9377
5460,同協,63,56,7,華南永昌-虎尾,2024-09-12,9377
6215,和椿,18,11,7,華南永昌-虎尾,2024-09-12,9377
3092,鴻碩,16,10,6,華南永昌-虎尾,2024-09-12,9377
4114,健喬,6,0,6,華南永昌-虎尾,2024-09-12,9377
2888,新光金,222,10,212,華南永昌-虎尾,2024-09-13,9377
2867,三商壽,157,15,142,華南永昌-虎尾,2024-09-13,9377
2891,中信金,76,7,69,華南永昌-虎尾,2024-09-13,9377
2356,英業達,72,4,68,華南永昌-虎尾,2024-09-13,9377
00929,復華台灣科技優息,64,0,64,華南永昌-虎尾,2024-09-13,9377
1314,中石化,63,4,59,華南永昌-虎尾,2024-09-13,9377
2836,高雄銀,50,0,50,華南永昌-虎尾,2024-09-13,9377
006208,富邦台50,50,1,49,華南永昌-虎尾,2024-09-13,9377
00940,元大台灣價值高息,64,21,43,華南永昌-虎尾,2024-09-13,9377
00637L,元大滬深300正2,65,35,30,華南永昌-虎尾,2024-09-13,9377
00950B,凱基A級公司債,25,0,25,華南永昌-虎尾,2024-09-13,9377
2426,鼎元,25,0,25,華南永昌-虎尾,2024-09-13,9377
3013,晟銘電,27,3,24,華南永昌-虎尾,2024-09-13,9377
00687B,國泰20年美債,35,13,22,華南永昌-虎尾,2024-09-13,9377
2367,燿華,21,0,21,華南永昌-虎尾,2024-09-13,9377
00673R,期元大S＆P原油反1,20,0,20,華南永昌-虎尾,2024-09-13,9377
1409,新纖,20,0,20,華南永昌-虎尾,2024-09-13,9377
1570,力肯,20,0,20,華南永昌-虎尾,2024-09-13,9377
4956,光鋐,21,1,20,華南永昌-虎尾,2024-09-13,9377
8021,尖點,20,0,20,華南永昌-虎尾,2024-09-13,9377
1309,台達化,17,0,17,華南永昌-虎尾,2024-09-13,9377
1540,喬福,65,48,17,華南永昌-虎尾,2024-09-13,9377
2301,光寶科,19,2,17,華南永昌-虎尾,2024-09-13,9377
6152,百一,15,0,15,華南永昌-虎尾,2024-09-13,9377
8104,錸寶,30,15,15,華南永昌-虎尾,2024-09-13,9377
00679B,元大美債20年,14,0,14,華南永昌-虎尾,2024-09-13,9377
00919,群益台灣精選高息,14,1,13,華南永昌-虎尾,2024-09-13,9377
00680L,元大美債20正2,12,0,12,華南永昌-虎尾,2024-09-13,9377
6191,精成科,12,0,12,華南永昌-虎尾,2024-09-13,9377
00688L,國泰20年美債正2,11,0,11,華南永昌-虎尾,2024-09-13,9377
4714,永捷,11,0,11,華南永昌-虎尾,2024-09-13,9377
4716,大立,11,0,11,華南永昌-虎尾,2024-09-13,9377
6246,臺龍,13,2,11,華南永昌-虎尾,2024-09-13,9377
8096,擎亞,13,2,11,華南永昌-虎尾,2024-09-13,9377
2382,廣達,14,4,10,華南永昌-虎尾,2024-09-13,9377
00664R,國泰臺灣加權反1,10,0,10,華南永昌-虎尾,2024-09-13,9377
00696B,富邦美債20年,10,0,10,華南永昌-虎尾,2024-09-13,9377
00915,凱基優選高股息30,10,0,10,華南永昌-虎尾,2024-09-13,9377
2017,官田鋼,10,0,10,華南永昌-虎尾,2024-09-13,9377
2316,楠梓電,12,2,10,華南永昌-虎尾,2024-09-13,9377
2462,良得電,10,0,10,華南永昌-虎尾,2024-09-13,9377
2498,宏達電,14,4,10,華南永昌-虎尾,2024-09-13,9377
8039,台虹,32,22,10,華南永昌-虎尾,2024-09-13,9377
1711,永光,23,13,10,華南永昌-虎尾,2024-09-13,9377
3624,光頡,10,1,9,華南永昌-虎尾,2024-09-13,9377
00946,群益科技高息成長,8,0,8,華南永昌-虎尾,2024-09-13,9377
00933B,國泰10Y+金融債,8,0,8,華南永昌-虎尾,2024-09-13,9377
1563,巧新,8,0,8,華南永昌-虎尾,2024-09-13,9377
4510,高鋒,20,12,8,華南永昌-虎尾,2024-09-13,9377
8390,金益鼎,10,2,8,華南永昌-虎尾,2024-09-13,9377
2891,中信金,205,40,165,華南永昌-虎尾,2024-09-16,9377
2834,臺企銀,151,10,141,華南永昌-虎尾,2024-09-16,9377
2426,鼎元,116,20,96,華南永昌-虎尾,2024-09-16,9377
2887,台新金,60,0,60,華南永昌-虎尾,2024-09-16,9377
4909,新復興,78,20,58,華南永昌-虎尾,2024-09-16,9377
00679B,元大美債20年,57,0,57,華南永昌-虎尾,2024-09-16,9377
2371,大同,88,38,50,華南永昌-虎尾,2024-09-16,9377
00637L,元大滬深300正2,70,20,50,華南永昌-虎尾,2024-09-16,9377
00688L,國泰20年美債正2,41,0,41,華南永昌-虎尾,2024-09-16,9377
00918,大華優利高填息30,42,1,41,華南永昌-虎尾,2024-09-16,9377
00937B,群益ESG投等債20,39,0,39,華南永昌-虎尾,2024-09-16,9377
00919,群益台灣精選高息,44,8,36,華南永昌-虎尾,2024-09-16,9377
00921,兆豐龍頭等權重,35,0,35,華南永昌-虎尾,2024-09-16,9377
1721,三晃,66,31,35,華南永昌-虎尾,2024-09-16,9377
00940,元大台灣價值高息,72,40,32,華南永昌-虎尾,2024-09-16,9377
2356,英業達,36,4,32,華南永昌-虎尾,2024-09-16,9377
1815,富喬,74,43,31,華南永昌-虎尾,2024-09-16,9377
8390,金益鼎,32,1,31,華南永昌-虎尾,2024-09-16,9377
2542,興富發,30,1,29,華南永昌-虎尾,2024-09-16,9377
4956,光鋐,32,3,29,華南永昌-虎尾,2024-09-16,9377
00687B,國泰20年美債,42,16,26,華南永昌-虎尾,2024-09-16,9377
00713,元大台灣高息低波,25,0,25,華南永昌-虎尾,2024-09-16,9377
2349,錸德,60,36,24,華南永昌-虎尾,2024-09-16,9377
2412,中華電,25,1,24,華南永昌-虎尾,2024-09-16,9377
3290,東浦,25,3,22,華南永昌-虎尾,2024-09-16,9377
3092,鴻碩,24,5,19,華南永昌-虎尾,2024-09-16,9377
4716,大立,18,0,18,華南永昌-虎尾,2024-09-16,9377
00915,凱基優選高股息30,17,0,17,華南永昌-虎尾,2024-09-16,9377
2431,聯昌,17,0,17,華南永昌-虎尾,2024-09-16,9377
00907,永豐優息存股,15,0,15,華南永昌-虎尾,2024-09-16,9377
2033,佳大,16,1,15,華南永昌-虎尾,2024-09-16,9377
2867,三商壽,30,15,15,華南永昌-虎尾,2024-09-16,9377
3360,尚立,48,33,15,華南永昌-虎尾,2024-09-16,9377
1540,喬福,42,28,14,華南永昌-虎尾,2024-09-16,9377
6152,百一,15,1,14,華南永昌-虎尾,2024-09-16,9377
2408,南亞科,11,0,11,華南永昌-虎尾,2024-09-16,9377
00680L,元大美債20正2,58,47,11,華南永昌-虎尾,2024-09-16,9377
1612,宏泰,11,0,11,華南永昌-虎尾,2024-09-16,9377
2609,陽明,14,3,11,華南永昌-虎尾,2024-09-16,9377
8249,菱光,21,10,11,華南永昌-虎尾,2024-09-16,9377
2324,仁寶,13,2,11,華南永昌-虎尾,2024-09-16,9377
3013,晟銘電,11,1,10,華南永昌-虎尾,2024-09-16,9377
4128,中天,10,0,10,華南永昌-虎尾,2024-09-16,9377
1524,耿鼎,10,0,10,華南永昌-虎尾,2024-09-16,9377
4532,瑞智,10,0,10,華南永昌-虎尾,2024-09-16,9377
6134,萬旭,10,0,10,華南永昌-虎尾,2024-09-16,9377
6214,精誠,10,0,10,華南永昌-虎尾,2024-09-16,9377
6535,順藥,10,0,10,華南永昌-虎尾,2024-09-16,9377
6670,復盛應用,10,0,10,華南永昌-虎尾,2024-09-16,9377
2634,漢翔,20,10,10,華南永昌-虎尾,2024-09-16,9377
00958B,永豐ESG銀行債15,403,26,377,華南永昌-虎尾,2024-09-18,9377
00929,復華台灣科技優息,325,0,325,華南永昌-虎尾,2024-09-18,9377
00922,國泰台灣領袖50,113,0,113,華南永昌-虎尾,2024-09-18,9377
00919,群益台灣精選高息,150,72,78,華南永昌-虎尾,2024-09-18,9377
1815,富喬,78,5,73,華南永昌-虎尾,2024-09-18,9377
2390,云辰,50,2,48,華南永昌-虎尾,2024-09-18,9377
6257,矽格,48,1,47,華南永昌-虎尾,2024-09-18,9377
2344,華邦電,46,0,46,華南永昌-虎尾,2024-09-18,9377
00642U,期元大S＆P石油,65,20,45,華南永昌-虎尾,2024-09-18,9377
2371,大同,59,15,44,華南永昌-虎尾,2024-09-18,9377
9924,福興,43,0,43,華南永昌-虎尾,2024-09-18,9377
00687B,國泰20年美債,122,80,42,華南永昌-虎尾,2024-09-18,9377
3715,定穎投控,46,4,42,華南永昌-虎尾,2024-09-18,9377
3062,建漢,48,7,41,華南永昌-虎尾,2024-09-18,9377
00918,大華優利高填息30,42,2,40,華南永昌-虎尾,2024-09-18,9377
2317,鴻海,39,0,39,華南永昌-虎尾,2024-09-18,9377
2303,聯電,35,3,32,華南永昌-虎尾,2024-09-18,9377
3354,律勝,30,1,29,華南永昌-虎尾,2024-09-18,9377
00688L,國泰20年美債正2,58,30,28,華南永昌-虎尾,2024-09-18,9377
2887,台新金,31,3,28,華南永昌-虎尾,2024-09-18,9377
2356,英業達,28,1,27,華南永昌-虎尾,2024-09-18,9377
4720,德淵,24,0,24,華南永昌-虎尾,2024-09-18,9377
4303,信立,25,2,23,華南永昌-虎尾,2024-09-18,9377
00935,野村臺灣新科技50,23,0,23,華南永昌-虎尾,2024-09-18,9377
2349,錸德,69,47,22,華南永昌-虎尾,2024-09-18,9377
2363,矽統,21,0,21,華南永昌-虎尾,2024-09-18,9377
8936,國統,20,0,20,華南永昌-虎尾,2024-09-18,9377
2867,三商壽,21,3,18,華南永昌-虎尾,2024-09-18,9377
00878,國泰永續高股息,18,0,18,華南永昌-虎尾,2024-09-18,9377
8401,白紗科,19,2,17,華南永昌-虎尾,2024-09-18,9377
8076,伍豐,15,0,15,華南永昌-虎尾,2024-09-18,9377
3481,群創,56,42,14,華南永昌-虎尾,2024-09-18,9377
5443,均豪,16,2,14,華南永昌-虎尾,2024-09-18,9377
0056,元大高股息,17,4,13,華南永昌-虎尾,2024-09-18,9377
2374,佳能,27,14,13,華南永昌-虎尾,2024-09-18,9377
2408,南亞科,24,12,12,華南永昌-虎尾,2024-09-18,9377
6214,精誠,12,0,12,華南永昌-虎尾,2024-09-18,9377
2477,美隆電,15,3,12,華南永昌-虎尾,2024-09-18,9377
2481,強茂,12,0,12,華南永昌-虎尾,2024-09-18,9377
4903,聯光通,17,5,12,華南永昌-虎尾,2024-09-18,9377
00946,群益科技高息成長,11,0,11,華南永昌-虎尾,2024-09-18,9377
00719B,元大美債1-3,11,0,11,華南永昌-虎尾,2024-09-18,9377
6163,華電網,11,0,11,華南永昌-虎尾,2024-09-18,9377
00942B,台新美A公司債20+,10,0,10,華南永昌-虎尾,2024-09-18,9377
00941,中信上游半導體,10,0,10,華南永昌-虎尾,2024-09-18,9377
1540,喬福,33,23,10,華南永昌-虎尾,2024-09-18,9377
2104,國際中橡,10,0,10,華南永昌-虎尾,2024-09-18,9377
3290,東浦,10,0,10,華南永昌-虎尾,2024-09-18,9377
3581,博磊,10,0,10,華南永昌-虎尾,2024-09-18,9377
4960,誠美材,10,0,10,華南永昌-虎尾,2024-09-18,9377
00937B,群益ESG投等債20,408,72,336,華南永昌-虎尾,2024-09-19,9377
00955,中信日本商社,292,0,292,華南永昌-虎尾,2024-09-19,9377
00919,群益台灣精選高息,198,2,196,華南永昌-虎尾,2024-09-19,9377
00688L,國泰20年美債正2,171,30,141,華南永昌-虎尾,2024-09-19,9377
3062,建漢,158,18,140,華南永昌-虎尾,2024-09-19,9377
00959B,大華投等美債15Y+,100,0,100,華南永昌-虎尾,2024-09-19,9377
00929,復華台灣科技優息,109,9,100,華南永昌-虎尾,2024-09-19,9377
1785,光洋科,80,24,56,華南永昌-虎尾,2024-09-19,9377
3049,精金,198,150,48,華南永昌-虎尾,2024-09-19,9377
5905,南仁湖,44,4,40,華南永昌-虎尾,2024-09-19,9377
2426,鼎元,53,16,37,華南永昌-虎尾,2024-09-19,9377
00935,野村臺灣新科技50,35,0,35,華南永昌-虎尾,2024-09-19,9377
00915,凱基優選高股息30,35,2,33,華南永昌-虎尾,2024-09-19,9377
00715L,期街口布蘭特正2,51,19,32,華南永昌-虎尾,2024-09-19,9377
2462,良得電,32,0,32,華南永昌-虎尾,2024-09-19,9377
2892,第一金,30,1,29,華南永昌-虎尾,2024-09-19,9377
4909,新復興,41,12,29,華南永昌-虎尾,2024-09-19,9377
3354,律勝,25,0,25,華南永昌-虎尾,2024-09-19,9377
8104,錸寶,25,0,25,華南永昌-虎尾,2024-09-19,9377
2915,潤泰全,20,0,20,華南永昌-虎尾,2024-09-19,9377
3645,達邁,25,5,20,華南永昌-虎尾,2024-09-19,9377
00713,元大台灣高息低波,19,0,19,華南永昌-虎尾,2024-09-19,9377
00720B,元大投資級公司債,19,0,19,華南永昌-虎尾,2024-09-19,9377
9924,福興,19,0,19,華南永昌-虎尾,2024-09-19,9377
00918,大華優利高填息30,24,7,17,華南永昌-虎尾,2024-09-19,9377
00946,群益科技高息成長,16,0,16,華南永昌-虎尾,2024-09-19,9377
2349,錸德,31,15,16,華南永昌-虎尾,2024-09-19,9377
2881,富邦金,21,6,15,華南永昌-虎尾,2024-09-19,9377
2402,毅嘉,16,2,14,華南永昌-虎尾,2024-09-19,9377
2543,皇昌,20,6,14,華南永昌-虎尾,2024-09-19,9377
2344,華邦電,20,7,13,華南永昌-虎尾,2024-09-19,9377
2301,光寶科,30,17,13,華南永昌-虎尾,2024-09-19,9377
2609,陽明,27,15,12,華南永昌-虎尾,2024-09-19,9377
2409,友達,15,4,11,華南永昌-虎尾,2024-09-19,9377
6116,彩晶,17,6,11,華南永昌-虎尾,2024-09-19,9377
4526,東台,14,3,11,華南永昌-虎尾,2024-09-19,9377
2002,中鋼,12,1,11,華南永昌-虎尾,2024-09-19,9377
8085,福華,10,0,10,華南永昌-虎尾,2024-09-19,9377
00664R,國泰臺灣加權反1,30,20,10,華南永昌-虎尾,2024-09-19,9377
2458,義隆,10,0,10,華南永昌-虎尾,2024-09-19,9377
4933,友輝,10,0,10,華南永昌-虎尾,2024-09-19,9377
5210,寶碩,10,0,10,華南永昌-虎尾,2024-09-19,9377
2605,新興,9,0,9,華南永昌-虎尾,2024-09-19,9377
3708,上緯投控,12,3,9,華南永昌-虎尾,2024-09-19,9377
4561,健椿,10,1,9,華南永昌-虎尾,2024-09-19,9377
00933B,國泰10Y+金融債,8,0,8,華南永昌-虎尾,2024-09-19,9377
00931B,統一美債20年,9,1,8,華南永昌-虎尾,2024-09-19,9377
6285,啟��,8,0,8,華南永昌-虎尾,2024-09-19,9377
8064,東捷,10,2,8,華南永昌-虎尾,2024-09-19,9377
9802,鈺齊-KY,8,0,8,華南永昌-虎尾,2024-09-19,9377
2891,中信金,220,61,159,華南永昌-虎尾,2024-09-20,9377
00881,國泰台灣5G+,149,0,149,華南永昌-虎尾,2024-09-20,9377
00637L,元大滬深300正2,160,50,110,華南永昌-虎尾,2024-09-20,9377
00960,野村全球航運龍頭,107,18,89,華南永昌-虎尾,2024-09-20,9377
4533,協易機,90,10,80,華南永昌-虎尾,2024-09-20,9377
00919,群益台灣精選高息,139,67,72,華南永昌-虎尾,2024-09-20,9377
00757,統一FANG+,69,0,69,華南永昌-虎尾,2024-09-20,9377
2356,英業達,67,3,64,華南永昌-虎尾,2024-09-20,9377
6016,康和證,60,0,60,華南永昌-虎尾,2024-09-20,9377
1524,耿鼎,77,20,57,華南永昌-虎尾,2024-09-20,9377
3481,群創,139,86,53,華南永昌-虎尾,2024-09-20,9377
00632R,元大台灣50反1,450,400,50,華南永昌-虎尾,2024-09-20,9377
00688L,國泰20年美債正2,49,0,49,華南永昌-虎尾,2024-09-20,9377
1101,台泥,39,2,37,華南永昌-虎尾,2024-09-20,9377
9924,福興,33,0,33,華南永昌-虎尾,2024-09-20,9377
00935,野村臺灣新科技50,32,0,32,華南永昌-虎尾,2024-09-20,9377
6226,光鼎,30,0,30,華南永昌-虎尾,2024-09-20,9377
2425,承啟,50,22,28,華南永昌-虎尾,2024-09-20,9377
6856,鑫傳,25,0,25,華南永昌-虎尾,2024-09-20,9377
00937B,群益ESG投等債20,26,2,24,華南永昌-虎尾,2024-09-20,9377
1460,宏遠,23,0,23,華南永昌-虎尾,2024-09-20,9377
00857B,永豐20年美公債,21,0,21,華南永昌-虎尾,2024-09-20,9377
5905,南仁湖,21,0,21,華南永昌-虎尾,2024-09-20,9377
1714,和桐,20,0,20,華南永昌-虎尾,2024-09-20,9377
6152,百一,45,25,20,華南永昌-虎尾,2024-09-20,9377
6244,茂迪,20,0,20,華南永昌-虎尾,2024-09-20,9377
8104,錸寶,20,0,20,華南永昌-虎尾,2024-09-20,9377
2382,廣達,26,7,19,華南永昌-虎尾,2024-09-20,9377
00929,復華台灣科技優息,30,12,18,華南永昌-虎尾,2024-09-20,9377
2524,京城,19,1,18,華南永昌-虎尾,2024-09-20,9377
8401,白紗科,18,0,18,華南永昌-虎尾,2024-09-20,9377
2462,良得電,17,0,17,華南永昌-虎尾,2024-09-20,9377
2486,一詮,32,15,17,華南永昌-虎尾,2024-09-20,9377
4714,永捷,21,4,17,華南永昌-虎尾,2024-09-20,9377
2312,金寶,17,1,16,華南永昌-虎尾,2024-09-20,9377
2406,國碩,16,0,16,華南永昌-虎尾,2024-09-20,9377
2515,中工,28,12,16,華南永昌-虎尾,2024-09-20,9377
2542,興富發,27,11,16,華南永昌-虎尾,2024-09-20,9377
2301,光寶科,15,0,15,華南永昌-虎尾,2024-09-20,9377
2548,華固,13,0,13,華南永昌-虎尾,2024-09-20,9377
3390,旭軟,15,2,13,華南永昌-虎尾,2024-09-20,9377
3576,聯合再生,11,0,11,華南永昌-虎尾,2024-09-20,9377
9945,潤泰新,15,4,11,華南永昌-虎尾,2024-09-20,9377
3149,正達,20,9,11,華南永昌-虎尾,2024-09-20,9377
2464,盟立,49,39,10,華南永昌-虎尾,2024-09-20,9377
00669R,國泰美國道瓊反1,10,0,10,華南永昌-虎尾,2024-09-20,9377
1527,鑽全,12,2,10,華南永昌-虎尾,2024-09-20,9377
2337,旺宏,13,3,10,華南永昌-虎尾,2024-09-20,9377
2427,三商電,10,0,10,華南永昌-虎尾,2024-09-20,9377
2485,兆赫,10,0,10,華南永昌-虎尾,2024-09-20,9377
2888,新光金,1429,196,1233,華南永昌-虎尾,2024-09-23,9377
00937B,群益ESG投等債20,1033,21,1012,華南永昌-虎尾,2024-09-23,9377
00948B,中信優息投資級債,560,20,540,華南永昌-虎尾,2024-09-23,9377
6133,金橋,72,0,72,華南永昌-虎尾,2024-09-23,9377
00680L,元大美債20正2,75,11,64,華南永昌-虎尾,2024-09-23,9377
00960,野村全球航運龍頭,154,103,51,華南永昌-虎尾,2024-09-23,9377
00688L,國泰20年美債正2,47,0,47,華南永昌-虎尾,2024-09-23,9377
8081,致新,45,0,45,華南永昌-虎尾,2024-09-23,9377
1785,光洋科,65,25,40,華南永昌-虎尾,2024-09-23,9377
6770,力積電,40,0,40,華南永昌-虎尾,2024-09-23,9377
9907,統一實,40,0,40,華南永昌-虎尾,2024-09-23,9377
3481,群創,90,51,39,華南永昌-虎尾,2024-09-23,9377
2547,日勝生,36,0,36,華南永昌-虎尾,2024-09-23,9377
4720,德淵,33,0,33,華南永昌-虎尾,2024-09-23,9377
1524,耿鼎,71,40,31,華南永昌-虎尾,2024-09-23,9377
6509,聚和,46,21,25,華南永昌-虎尾,2024-09-23,9377
4533,協易機,29,5,24,華南永昌-虎尾,2024-09-23,9377
3622,洋華,24,0,24,華南永昌-虎尾,2024-09-23,9377
1711,永光,53,32,21,華南永昌-虎尾,2024-09-23,9377
8438,昶昕,21,0,21,華南永昌-虎尾,2024-09-23,9377
00664R,國泰臺灣加權反1,20,0,20,華南永昌-虎尾,2024-09-23,9377
1460,宏遠,20,0,20,華南永昌-虎尾,2024-09-23,9377
00687B,國泰20年美債,53,34,19,華南永昌-虎尾,2024-09-23,9377
5478,智冠,18,0,18,華南永昌-虎尾,2024-09-23,9377
1336,台翰,16,0,16,華南永昌-虎尾,2024-09-23,9377
2301,光寶科,16,0,16,華南永昌-虎尾,2024-09-23,9377
2409,友達,20,5,15,華南永昌-虎尾,2024-09-23,9377
00720B,元大投資級公司債,15,0,15,華南永昌-虎尾,2024-09-23,9377
2323,中環,20,5,15,華南永昌-虎尾,2024-09-23,9377
2344,華邦電,16,1,15,華南永昌-虎尾,2024-09-23,9377
5210,寶碩,15,0,15,華南永昌-虎尾,2024-09-23,9377
1727,中華化,28,14,14,華南永昌-虎尾,2024-09-23,9377
2426,鼎元,14,0,14,華南永昌-虎尾,2024-09-23,9377
2462,良得電,14,0,14,華南永昌-虎尾,2024-09-23,9377
3062,建漢,20,7,13,華南永昌-虎尾,2024-09-23,9377
2062,橋椿,19,6,13,華南永昌-虎尾,2024-09-23,9377
2867,三商壽,14,1,13,華南永昌-虎尾,2024-09-23,9377
4707,磐亞,15,2,13,華南永昌-虎尾,2024-09-23,9377
2317,鴻海,20,8,12,華南永昌-虎尾,2024-09-23,9377
00679B,元大美債20年,13,1,12,華南永昌-虎尾,2024-09-23,9377
2543,皇昌,15,3,12,華南永昌-虎尾,2024-09-23,9377
2630,亞航,38,26,12,華南永昌-虎尾,2024-09-23,9377
6152,百一,18,6,12,華南永昌-虎尾,2024-09-23,9377
8033,雷虎,11,0,11,華南永昌-虎尾,2024-09-23,9377
3714,富采,22,11,11,華南永昌-虎尾,2024-09-23,9377
1314,中石化,11,1,10,華南永昌-虎尾,2024-09-23,9377
2883,凱基金,12,2,10,華南永昌-虎尾,2024-09-23,9377
1342,八貫,10,0,10,華南永昌-虎尾,2024-09-23,9377
1515,力山,10,0,10,華南永昌-虎尾,2024-09-23,9377
2477,美隆電,11,1,10,華南永昌-虎尾,2024-09-23,9377
2891,中信金,408,5,403,華南永昌-虎尾,2024-09-24,9377
00946,群益科技高息成長,271,1,270,華南永昌-虎尾,2024-09-24,9377
00960,野村全球航運龍頭,126,3,123,華南永昌-虎尾,2024-09-24,9377
00932,兆豐永續高息等權,110,0,110,華南永昌-虎尾,2024-09-24,9377
2323,中環,126,26,100,華南永昌-虎尾,2024-09-24,9377
2888,新光金,137,50,87,華南永昌-虎尾,2024-09-24,9377
2349,錸德,64,9,55,華南永昌-虎尾,2024-09-24,9377
8081,致新,54,0,54,華南永昌-虎尾,2024-09-24,9377
00715L,期街口布蘭特正2,50,5,45,華南永昌-虎尾,2024-09-24,9377
00665L,富邦�琤肭磪囓�2,35,0,35,華南永昌-虎尾,2024-09-24,9377
4956,光鋐,30,0,30,華南永昌-虎尾,2024-09-24,9377
6712,長聖,30,0,30,華南永昌-虎尾,2024-09-24,9377
3360,尚立,25,0,25,華南永昌-虎尾,2024-09-24,9377
2515,中工,23,0,23,華南永昌-虎尾,2024-09-24,9377
00937B,群益ESG投等債20,22,0,22,華南永昌-虎尾,2024-09-24,9377
2426,鼎元,26,4,22,華南永昌-虎尾,2024-09-24,9377
3706,神達,26,5,21,華南永昌-虎尾,2024-09-24,9377
00720B,元大投資級公司債,20,0,20,華南永昌-虎尾,2024-09-24,9377
2481,強茂,21,1,20,華南永昌-虎尾,2024-09-24,9377
6517,保勝光學,22,3,19,華南永昌-虎尾,2024-09-24,9377
00929,復華台灣科技優息,31,13,18,華南永昌-虎尾,2024-09-24,9377
00712,復華富時不動產,20,2,18,華南永昌-虎尾,2024-09-24,9377
2388,威盛,19,1,18,華南永昌-虎尾,2024-09-24,9377
2371,大同,20,2,18,華南永昌-虎尾,2024-09-24,9377
2867,三商壽,16,0,16,華南永昌-虎尾,2024-09-24,9377
6506,雙邦,21,5,16,華南永昌-虎尾,2024-09-24,9377
6706,惠特,17,1,16,華南永昌-虎尾,2024-09-24,9377
8936,國統,16,0,16,華南永昌-虎尾,2024-09-24,9377
8104,錸寶,15,0,15,華南永昌-虎尾,2024-09-24,9377
2882,國泰金,28,14,14,華南永昌-虎尾,2024-09-24,9377
00878,國泰永續高股息,14,0,14,華南永昌-虎尾,2024-09-24,9377
1314,中石化,18,5,13,華南永昌-虎尾,2024-09-24,9377
1776,展宇,13,0,13,華南永昌-虎尾,2024-09-24,9377
2408,南亞科,14,1,13,華南永昌-虎尾,2024-09-24,9377
00940,元大台灣價值高息,12,0,12,華南永昌-虎尾,2024-09-24,9377
1539,巨庭,12,0,12,華南永昌-虎尾,2024-09-24,9377
00687B,國泰20年美債,11,0,11,華南永昌-虎尾,2024-09-24,9377
6274,台燿,11,0,11,華南永昌-虎尾,2024-09-24,9377
00882,中信中國高股息,11,0,11,華南永昌-虎尾,2024-09-24,9377
1460,宏遠,11,0,11,華南永昌-虎尾,2024-09-24,9377
2504,國產,11,0,11,華南永昌-虎尾,2024-09-24,9377
3591,艾笛森,11,0,11,華南永昌-虎尾,2024-09-24,9377
6116,彩晶,11,0,11,華南永昌-虎尾,2024-09-24,9377
1734,杏輝,10,0,10,華南永昌-虎尾,2024-09-24,9377
00941,中信上游半導體,10,0,10,華南永昌-虎尾,2024-09-24,9377
1612,宏泰,10,0,10,華南永昌-虎尾,2024-09-24,9377
2027,大成鋼,10,0,10,華南永昌-虎尾,2024-09-24,9377
2107,厚生,10,0,10,華南永昌-虎尾,2024-09-24,9377
2383,台光電,10,0,10,華南永昌-虎尾,2024-09-24,9377
6265,方土昶,10,0,10,華南永昌-虎尾,2024-09-24,9377
00632R,元大台灣50反1,278,0,278,華南永昌-虎尾,2024-09-25,9377
006208,富邦台50,131,0,131,華南永昌-虎尾,2024-09-25,9377
00922,國泰台灣領袖50,110,0,110,華南永昌-虎尾,2024-09-25,9377
2887,台新金,110,9,101,華南永昌-虎尾,2024-09-25,9377
00688L,國泰20年美債正2,100,0,100,華南永昌-虎尾,2024-09-25,9377
00650L,復華香港正2,90,0,90,華南永昌-虎尾,2024-09-25,9377
00687B,國泰20年美債,118,31,87,華南永昌-虎尾,2024-09-25,9377
2609,陽明,182,100,82,華南永昌-虎尾,2024-09-25,9377
2382,廣達,148,93,55,華南永昌-虎尾,2024-09-25,9377
4903,聯光通,84,33,51,華南永昌-虎尾,2024-09-25,9377
00935,野村臺灣新科技50,50,0,50,華南永昌-虎尾,2024-09-25,9377
8070,長華*,55,11,44,華南永昌-虎尾,2024-09-25,9377
4720,德淵,44,1,43,華南永昌-虎尾,2024-09-25,9377
2891,中信金,36,1,35,華南永昌-虎尾,2024-09-25,9377
1721,三晃,34,1,33,華南永昌-虎尾,2024-09-25,9377
2543,皇昌,34,7,27,華南永昌-虎尾,2024-09-25,9377
00753L,中信中國50正2,86,60,26,華南永昌-虎尾,2024-09-25,9377
4174,浩鼎,25,0,25,華南永昌-虎尾,2024-09-25,9377
6265,方土昶,23,0,23,華南永昌-虎尾,2024-09-25,9377
3550,聯穎,97,76,21,華南永昌-虎尾,2024-09-25,9377
00679B,元大美債20年,22,2,20,華南永昌-虎尾,2024-09-25,9377
00664R,國泰臺灣加權反1,20,0,20,華南永昌-虎尾,2024-09-25,9377
00715L,期街口布蘭特正2,20,2,18,華南永昌-虎尾,2024-09-25,9377
2882,國泰金,24,7,17,華南永昌-虎尾,2024-09-25,9377
5439,高技,17,0,17,華南永昌-虎尾,2024-09-25,9377
1776,展宇,18,2,16,華南永昌-虎尾,2024-09-25,9377
2641,正德,16,0,16,華南永昌-虎尾,2024-09-25,9377
2867,三商壽,16,0,16,華南永昌-虎尾,2024-09-25,9377
1711,永光,59,45,14,華南永昌-虎尾,2024-09-25,9377
8021,尖點,19,6,13,華南永昌-虎尾,2024-09-25,9377
4545,銘鈺,13,0,13,華南永昌-虎尾,2024-09-25,9377
1524,耿鼎,26,14,12,華南永昌-虎尾,2024-09-25,9377
2458,義隆,12,0,12,華南永昌-虎尾,2024-09-25,9377
2613,中櫃,16,4,12,華南永昌-虎尾,2024-09-25,9377
1303,南亞,16,5,11,華南永昌-虎尾,2024-09-25,9377
2027,大成鋼,25,14,11,華南永昌-虎尾,2024-09-25,9377
2302,麗正,11,0,11,華南永昌-虎尾,2024-09-25,9377
2464,盟立,29,18,11,華南永昌-虎尾,2024-09-25,9377
8112,至上,10,0,10,華南永昌-虎尾,2024-09-25,9377
2409,友達,10,0,10,華南永昌-虎尾,2024-09-25,9377
2605,新興,16,6,10,華南永昌-虎尾,2024-09-25,9377
2636,台驊控股,10,0,10,華南永昌-虎尾,2024-09-25,9377
3021,鴻名,13,3,10,華南永昌-虎尾,2024-09-25,9377
3645,達邁,10,0,10,華南永昌-虎尾,2024-09-25,9377
6191,精成科,10,0,10,華南永昌-虎尾,2024-09-25,9377
6712,長聖,10,0,10,華南永昌-虎尾,2024-09-25,9377
8088,品安,10,0,10,華南永昌-虎尾,2024-09-25,9377
8341,日友,10,0,10,華南永昌-虎尾,2024-09-25,9377
00633L,富邦上証正2,9,0,9,華南永昌-虎尾,2024-09-25,9377
00905,FT臺灣Smart,10,1,9,華南永昌-虎尾,2024-09-25,9377
2609,陽明,349,148,201,華南永昌-虎尾,2024-09-26,9377
00673R,期元大S＆P原油反1,100,0,100,華南永昌-虎尾,2024-09-26,9377
00943,兆豐電子高息等權,100,5,95,華南永昌-虎尾,2024-09-26,9377
1524,耿鼎,100,8,92,華南永昌-虎尾,2024-09-26,9377
3019,亞光,104,15,89,華南永昌-虎尾,2024-09-26,9377
4903,聯光通,134,62,72,華南永昌-虎尾,2024-09-26,9377
00921,兆豐龍頭等權重,65,0,65,華南永昌-虎尾,2024-09-26,9377
2344,華邦電,78,19,59,華南永昌-虎尾,2024-09-26,9377
2887,台新金,49,0,49,華南永昌-虎尾,2024-09-26,9377
00937B,群益ESG投等債20,60,12,48,華南永昌-虎尾,2024-09-26,9377
1721,三晃,42,0,42,華南永昌-虎尾,2024-09-26,9377
1522,堤維西,42,0,42,華南永昌-虎尾,2024-09-26,9377
00687B,國泰20年美債,66,27,39,華南永昌-虎尾,2024-09-26,9377
2303,聯電,46,8,38,華南永昌-虎尾,2024-09-26,9377
4720,德淵,38,0,38,華南永昌-虎尾,2024-09-26,9377
6133,金橋,32,0,32,華南永昌-虎尾,2024-09-26,9377
00679B,元大美債20年,37,7,30,華南永昌-虎尾,2024-09-26,9377
2477,美隆電,30,0,30,華南永昌-虎尾,2024-09-26,9377
2454,聯發科,34,5,29,華南永昌-虎尾,2024-09-26,9377
1776,展宇,29,1,28,華南永昌-虎尾,2024-09-26,9377
00688L,國泰20年美債正2,26,0,26,華南永昌-虎尾,2024-09-26,9377
1540,喬福,28,2,26,華南永昌-虎尾,2024-09-26,9377
00715L,期街口布蘭特正2,25,0,25,華南永昌-虎尾,2024-09-26,9377
4157,太景*-KY,21,0,21,華南永昌-虎尾,2024-09-26,9377
6152,百一,28,7,21,華南永昌-虎尾,2024-09-26,9377
6535,順藥,20,0,20,華南永昌-虎尾,2024-09-26,9377
8104,錸寶,20,0,20,華南永昌-虎尾,2024-09-26,9377
2449,京元電子,22,4,18,華南永昌-虎尾,2024-09-26,9377
1815,富喬,31,15,16,華南永昌-虎尾,2024-09-26,9377
6274,台燿,16,0,16,華南永昌-虎尾,2024-09-26,9377
00720B,元大投資級公司債,15,0,15,華南永昌-虎尾,2024-09-26,9377
1711,永光,28,13,15,華南永昌-虎尾,2024-09-26,9377
2349,錸德,33,18,15,華南永昌-虎尾,2024-09-26,9377
3062,建漢,15,0,15,華南永昌-虎尾,2024-09-26,9377
00929,復華台灣科技優息,43,28,15,華南永昌-虎尾,2024-09-26,9377
6182,合晶,13,0,13,華南永昌-虎尾,2024-09-26,9377
2408,南亞科,21,10,11,華南永昌-虎尾,2024-09-26,9377
00680L,元大美債20正2,11,0,11,華南永昌-虎尾,2024-09-26,9377
1612,宏泰,11,0,11,華南永昌-虎尾,2024-09-26,9377
2427,三商電,11,0,11,華南永昌-虎尾,2024-09-26,9377
3149,正達,26,16,10,華南永昌-虎尾,2024-09-26,9377
5522,遠雄,10,0,10,華南永昌-虎尾,2024-09-26,9377
00642U,期元大S＆P石油,10,0,10,華南永昌-虎尾,2024-09-26,9377
00918,大華優利高填息30,10,0,10,華南永昌-虎尾,2024-09-26,9377
00945B,凱基美國非投等債,10,0,10,華南永昌-虎尾,2024-09-26,9377
2415,錩新,10,0,10,華南永昌-虎尾,2024-09-26,9377
3686,達能,10,0,10,華南永昌-虎尾,2024-09-26,9377
8105,凌巨,10,0,10,華南永昌-虎尾,2024-09-26,9377
1609,大亞,13,3,10,華南永昌-虎尾,2024-09-26,9377
3013,晟銘電,32,22,10,華南永昌-虎尾,2024-09-26,9377
00937B,群益ESG投等債20,296,10,286,華南永昌-虎尾,2024-09-27,9377
00933B,國泰10Y+金融債,221,0,221,華南永昌-虎尾,2024-09-27,9377
00960,野村全球航運龍頭,220,5,215,華南永昌-虎尾,2024-09-27,9377
00650L,復華香港正2,201,0,201,華南永昌-虎尾,2024-09-27,9377
00706L,期元大S＆P日圓正2,200,0,200,華南永昌-虎尾,2024-09-27,9377
00632R,元大台灣50反1,205,19,186,華南永昌-虎尾,2024-09-27,9377
2897,王道銀行,100,0,100,華南永昌-虎尾,2024-09-27,9377
2891,中信金,85,0,85,華南永昌-虎尾,2024-09-27,9377
00947,台新臺灣IC設計,50,0,50,華南永昌-虎尾,2024-09-27,9377
6116,彩晶,65,16,49,華南永昌-虎尾,2024-09-27,9377
6505,台塑化,47,0,47,華南永昌-虎尾,2024-09-27,9377
6958,日盛台駿,46,0,46,華南永昌-虎尾,2024-09-27,9377
2027,大成鋼,60,16,44,華南永昌-虎尾,2024-09-27,9377
2537,聯上發,45,2,43,華南永昌-虎尾,2024-09-27,9377
00882,中信中國高股息,45,3,42,華南永昌-虎尾,2024-09-27,9377
6188,廣明,52,15,37,華南永昌-虎尾,2024-09-27,9377
1808,潤隆,37,1,36,華南永昌-虎尾,2024-09-27,9377
2888,新光金,35,0,35,華南永昌-虎尾,2024-09-27,9377
8081,致新,34,0,34,華南永昌-虎尾,2024-09-27,9377
3019,亞光,91,59,32,華南永昌-虎尾,2024-09-27,9377
00715L,期街口布蘭特正2,32,0,32,華南永昌-虎尾,2024-09-27,9377
1540,喬福,47,16,31,華南永昌-虎尾,2024-09-27,9377
00687B,國泰20年美債,40,9,31,華南永昌-虎尾,2024-09-27,9377
2230,泰茂,30,0,30,華南永昌-虎尾,2024-09-27,9377
1409,新纖,28,0,28,華南永昌-虎尾,2024-09-27,9377
2543,皇昌,34,9,25,華南永昌-虎尾,2024-09-27,9377
6248,沛波,30,5,25,華南永昌-虎尾,2024-09-27,9377
2637,慧洋-KY,31,6,25,華南永昌-虎尾,2024-09-27,9377
2303,聯電,59,35,24,華南永昌-虎尾,2024-09-27,9377
1522,堤維西,22,0,22,華南永昌-虎尾,2024-09-27,9377
3715,定穎投控,59,37,22,華南永昌-虎尾,2024-09-27,9377
00942B,台新美A公司債20+,21,0,21,華南永昌-虎尾,2024-09-27,9377
2388,威盛,25,5,20,華南永昌-虎尾,2024-09-27,9377
2401,凌陽,20,0,20,華南永昌-虎尾,2024-09-27,9377
00665L,富邦�琤肭磪囓�2,20,0,20,華南永昌-虎尾,2024-09-27,9377
2867,三商壽,20,0,20,華南永昌-虎尾,2024-09-27,9377
2030,彰源,20,1,19,華南永昌-虎尾,2024-09-27,9377
2393,億光,16,0,16,華南永昌-虎尾,2024-09-27,9377
3041,揚智,23,7,16,華南永昌-虎尾,2024-09-27,9377
2009,第一銅,25,10,15,華南永昌-虎尾,2024-09-27,9377
2883,凱基金,16,1,15,華南永昌-虎尾,2024-09-27,9377
3062,建漢,20,5,15,華南永昌-虎尾,2024-09-27,9377
5011,久陽,20,5,15,華南永昌-虎尾,2024-09-27,9377
2382,廣達,50,35,15,華南永昌-虎尾,2024-09-27,9377
2363,矽統,51,37,14,華南永昌-虎尾,2024-09-27,9377
6243,迅杰,19,5,14,華南永昌-虎尾,2024-09-27,9377
2546,根基,14,0,14,華南永昌-虎尾,2024-09-27,9377
1314,中石化,36,23,13,華南永昌-虎尾,2024-09-27,9377
2641,正德,19,6,13,華南永昌-虎尾,2024-09-27,9377
3049,精金,15,2,13,華南永昌-虎尾,2024-09-27,9377
2888,新光金,1176,7,1169,華南永昌-虎尾,2024-09-30,9377
2605,新興,175,11,164,華南永昌-虎尾,2024-09-30,9377
00919,群益台灣精選高息,136,8,128,華南永昌-虎尾,2024-09-30,9377
00929,復華台灣科技優息,117,5,112,華南永昌-虎尾,2024-09-30,9377
00762,元大全球AI,101,0,101,華南永昌-虎尾,2024-09-30,9377
2887,台新金,100,0,100,華南永昌-虎尾,2024-09-30,9377
006208,富邦台50,101,3,98,華南永昌-虎尾,2024-09-30,9377
2330,台積電,102,8,94,華南永昌-虎尾,2024-09-30,9377
00680L,元大美債20正2,81,3,78,華南永昌-虎尾,2024-09-30,9377
00877,復華中國5G,77,0,77,華南永昌-虎尾,2024-09-30,9377
9105,泰金寶-DR,100,30,70,華南永昌-虎尾,2024-09-30,9377
00900,富邦特選高股息30,71,4,67,華南永昌-虎尾,2024-09-30,9377
3481,群創,72,10,62,華南永昌-虎尾,2024-09-30,9377
00932,兆豐永續高息等權,51,0,51,華南永昌-虎尾,2024-09-30,9377
00679B,元大美債20年,48,4,44,華南永昌-虎尾,2024-09-30,9377
2890,永豐金,40,0,40,華南永昌-虎尾,2024-09-30,9377
00882,中信中國高股息,70,31,39,華南永昌-虎尾,2024-09-30,9377
00687B,國泰20年美債,37,0,37,華南永昌-虎尾,2024-09-30,9377
8096,擎亞,37,0,37,華南永昌-虎尾,2024-09-30,9377
00878,國泰永續高股息,36,0,36,華南永昌-虎尾,2024-09-30,9377
2323,中環,53,20,33,華南永昌-虎尾,2024-09-30,9377
8401,白紗科,32,0,32,華南永昌-虎尾,2024-09-30,9377
00650L,復華香港正2,31,0,31,華南永昌-虎尾,2024-09-30,9377
2103,台橡,30,0,30,華南永昌-虎尾,2024-09-30,9377
2382,廣達,35,7,28,華南永昌-虎尾,2024-09-30,9377
2454,聯發科,25,0,25,華南永昌-虎尾,2024-09-30,9377
00946,群益科技高息成長,21,0,21,華南永昌-虎尾,2024-09-30,9377
00712,復華富時不動產,21,0,21,華南永昌-虎尾,2024-09-30,9377
3019,亞光,48,27,21,華南永昌-虎尾,2024-09-30,9377
00665L,富邦�琤肭磪囓�2,40,20,20,華南永昌-虎尾,2024-09-30,9377
1471,首利,20,0,20,華南永昌-虎尾,2024-09-30,9377
4503,金雨,20,0,20,華南永昌-虎尾,2024-09-30,9377
6535,順藥,20,0,20,華南永昌-虎尾,2024-09-30,9377
6727,亞泰金屬,20,0,20,華南永昌-虎尾,2024-09-30,9377
2402,毅嘉,20,1,19,華南永昌-虎尾,2024-09-30,9377
6191,精成科,19,0,19,華南永昌-虎尾,2024-09-30,9377
2618,長榮航,33,16,17,華南永昌-虎尾,2024-09-30,9377
0056,元大高股息,18,1,17,華南永昌-虎尾,2024-09-30,9377
1303,南亞,17,0,17,華南永昌-虎尾,2024-09-30,9377
2892,第一金,16,0,16,華南永昌-虎尾,2024-09-30,9377
00636,國泰中國A50,16,0,16,華南永昌-虎尾,2024-09-30,9377
2344,華邦電,18,3,15,華南永昌-虎尾,2024-09-30,9377
8936,國統,17,2,15,華南永昌-虎尾,2024-09-30,9377
2801,彰銀,15,0,15,華南永昌-虎尾,2024-09-30,9377
2317,鴻海,36,22,14,華南永昌-虎尾,2024-09-30,9377
1216,統一,17,3,14,華南永昌-虎尾,2024-09-30,9377
3257,虹冠電,15,1,14,華南永昌-虎尾,2024-09-30,9377
006206,元大上證50,13,0,13,華南永昌-虎尾,2024-09-30,9377
00927,群益半導體收益,13,0,13,華南永昌-虎尾,2024-09-30,9377
2383,台光電,13,0,13,華南永昌-虎尾,2024-09-30,9377
00905,FT臺灣Smart,180,0,180,華南永昌-虎尾,2024-10-01,9377
00929,復華台灣科技優息,68,0,68,華南永昌-虎尾,2024-10-01,9377
00762,元大全球AI,59,0,59,華南永昌-虎尾,2024-10-01,9377
2892,第一金,50,0,50,華南永昌-虎尾,2024-10-01,9377
6246,臺龍,51,2,49,華南永昌-虎尾,2024-10-01,9377
2330,台積電,46,2,44,華南永昌-虎尾,2024-10-01,9377
2382,廣達,63,21,42,華南永昌-虎尾,2024-10-01,9377
0056,元大高股息,40,0,40,華南永昌-虎尾,2024-10-01,9377
00919,群益台灣精選高息,37,1,36,華南永昌-虎尾,2024-10-01,9377
00633L,富邦上証正2,35,0,35,華南永昌-虎尾,2024-10-01,9377
2449,京元電子,40,8,32,華南永昌-虎尾,2024-10-01,9377
2883,凱基金,32,0,32,華南永昌-虎尾,2024-10-01,9377
00650L,復華香港正2,30,0,30,華南永昌-虎尾,2024-10-01,9377
8401,白紗科,30,0,30,華南永昌-虎尾,2024-10-01,9377
00940,元大台灣價值高息,27,0,27,華南永昌-虎尾,2024-10-01,9377
00882,中信中國高股息,61,36,25,華南永昌-虎尾,2024-10-01,9377
1540,喬福,58,35,23,華南永昌-虎尾,2024-10-01,9377
2913,農林,31,10,21,華南永昌-虎尾,2024-10-01,9377
2547,日勝生,20,0,20,華南永昌-虎尾,2024-10-01,9377
3576,聯合再生,72,52,20,華南永昌-虎尾,2024-10-01,9377
4960,誠美材,20,0,20,華南永昌-虎尾,2024-10-01,9377
3715,定穎投控,23,4,19,華南永昌-虎尾,2024-10-01,9377
1721,三晃,18,0,18,華南永昌-虎尾,2024-10-01,9377
00680L,元大美債20正2,17,0,17,華南永昌-虎尾,2024-10-01,9377
2504,國產,17,0,17,華南永昌-虎尾,2024-10-01,9377
3450,聯鈞,21,4,17,華南永昌-虎尾,2024-10-01,9377
2605,新興,20,3,17,華南永昌-虎尾,2024-10-01,9377
00922,國泰台灣領袖50,15,0,15,華南永昌-虎尾,2024-10-01,9377
00687B,國泰20年美債,40,25,15,華南永昌-虎尾,2024-10-01,9377
3511,矽瑪,16,2,14,華南永昌-虎尾,2024-10-01,9377
4720,德淵,14,0,14,華南永昌-虎尾,2024-10-01,9377
8429,金麗-KY,16,3,13,華南永昌-虎尾,2024-10-01,9377
6535,順藥,12,0,12,華南永昌-虎尾,2024-10-01,9377
2543,皇昌,29,18,11,華南永昌-虎尾,2024-10-01,9377
1409,新纖,11,0,11,華南永昌-虎尾,2024-10-01,9377
6182,合晶,11,0,11,華南永昌-虎尾,2024-10-01,9377
00923,群益台ESG低碳50,10,0,10,華南永昌-虎尾,2024-10-01,9377
00932,兆豐永續高息等權,10,0,10,華南永昌-虎尾,2024-10-01,9377
00877,復華中國5G,10,0,10,華南永昌-虎尾,2024-10-01,9377
1527,鑽全,10,0,10,華南永昌-虎尾,2024-10-01,9377
3622,洋華,10,0,10,華南永昌-虎尾,2024-10-01,9377
3673,TPK-KY,10,0,10,華南永昌-虎尾,2024-10-01,9377
3686,達能,10,0,10,華南永昌-虎尾,2024-10-01,9377
4958,臻鼎-KY,10,0,10,華南永昌-虎尾,2024-10-01,9377
6609,瀧澤科,10,0,10,華南永昌-虎尾,2024-10-01,9377
6958,日盛台駿,10,0,10,華南永昌-虎尾,2024-10-01,9377
5905,南仁湖,9,0,9,華南永昌-虎尾,2024-10-01,9377
1615,大山,11,2,9,華南永昌-虎尾,2024-10-01,9377
1773,勝一,9,0,9,華南永昌-虎尾,2024-10-01,9377
00878,國泰永續高股息,28,20,8,華南永昌-虎尾,2024-10-01,9377
00632R,元大台灣50反1,1001,0,1001,華南永昌-虎尾,2024-10-04,9377
2610,華航,204,2,202,華南永昌-虎尾,2024-10-04,9377
00919,群益台灣精選高息,158,22,136,華南永昌-虎尾,2024-10-04,9377
8401,白紗科,106,0,106,華南永昌-虎尾,2024-10-04,9377
00927,群益半導體收益,95,0,95,華南永昌-虎尾,2024-10-04,9377
2344,華邦電,88,0,88,華南永昌-虎尾,2024-10-04,9377
8076,伍豐,100,15,85,華南永昌-虎尾,2024-10-04,9377
2609,陽明,109,27,82,華南永昌-虎尾,2024-10-04,9377
00929,復華台灣科技優息,93,30,63,華南永昌-虎尾,2024-10-04,9377
2330,台積電,65,3,62,華南永昌-虎尾,2024-10-04,9377
2349,錸德,69,10,59,華南永昌-虎尾,2024-10-04,9377
00673R,期元大S＆P原油反1,55,0,55,華南永昌-虎尾,2024-10-04,9377
2324,仁寶,50,0,50,華南永昌-虎尾,2024-10-04,9377
0056,元大高股息,49,0,49,華南永昌-虎尾,2024-10-04,9377
2615,萬海,49,0,49,華南永昌-虎尾,2024-10-04,9377
2605,新興,53,7,46,華南永昌-虎尾,2024-10-04,9377
2603,長榮,48,4,44,華南永昌-虎尾,2024-10-04,9377
5531,鄉林,45,1,44,華南永昌-虎尾,2024-10-04,9377
00664R,國泰臺灣加權反1,40,0,40,華南永昌-虎尾,2024-10-04,9377
00655L,國泰中國A50正2,40,0,40,華南永昌-虎尾,2024-10-04,9377
4540,全球傳動,34,0,34,華南永昌-虎尾,2024-10-04,9377
2489,瑞軒,73,40,33,華南永昌-虎尾,2024-10-04,9377
6156,松上,32,0,32,華南永昌-虎尾,2024-10-04,9377
1540,喬福,81,50,31,華南永昌-虎尾,2024-10-04,9377
00878,國泰永續高股息,31,4,27,華南永昌-虎尾,2024-10-04,9377
2382,廣達,30,4,26,華南永昌-虎尾,2024-10-04,9377
3062,建漢,56,30,26,華南永昌-虎尾,2024-10-04,9377
00687B,國泰20年美債,28,3,25,華南永昌-虎尾,2024-10-04,9377
2303,聯電,26,3,23,華南永昌-虎尾,2024-10-04,9377
00688L,國泰20年美債正2,22,0,22,華南永昌-虎尾,2024-10-04,9377
1524,耿鼎,22,0,22,華南永昌-虎尾,2024-10-04,9377
3665,貿聯-KY,22,0,22,華南永昌-虎尾,2024-10-04,9377
2618,長榮航,56,35,21,華南永昌-虎尾,2024-10-04,9377
2845,遠東銀,20,0,20,華南永昌-虎尾,2024-10-04,9377
00703,台新MSCI中國,20,0,20,華南永昌-虎尾,2024-10-04,9377
4157,太景*-KY,20,0,20,華南永昌-虎尾,2024-10-04,9377
8438,昶昕,20,0,20,華南永昌-虎尾,2024-10-04,9377
1809,中釉,30,10,20,華南永昌-虎尾,2024-10-04,9377
00665L,富邦�琤肭磪囓�2,30,11,19,華南永昌-虎尾,2024-10-04,9377
00940,元大台灣價值高息,18,0,18,華南永昌-虎尾,2024-10-04,9377
1785,光洋科,44,27,17,華南永昌-虎尾,2024-10-04,9377
6265,方土昶,17,0,17,華南永昌-虎尾,2024-10-04,9377
4720,德淵,16,0,16,華南永昌-虎尾,2024-10-04,9377
2062,橋椿,20,5,15,華南永昌-虎尾,2024-10-04,9377
6486,互動,15,0,15,華南永昌-虎尾,2024-10-04,9377
00918,大華優利高填息30,45,30,15,華南永昌-虎尾,2024-10-04,9377
3580,友威科,14,0,14,華南永昌-虎尾,2024-10-04,9377
4958,臻鼎-KY,14,0,14,華南永昌-虎尾,2024-10-04,9377
2543,皇昌,39,25,14,華南永昌-虎尾,2024-10-04,9377
9914,美利達,14,0,14,華南永昌-虎尾,2024-10-04,9377
00955,中信日本商社,321,0,321,華南永昌-虎尾,2024-10-07,9377
00632R,元大台灣50反1,300,65,235,華南永昌-虎尾,2024-10-07,9377
00706L,期元大S＆P日圓正2,130,0,130,華南永昌-虎尾,2024-10-07,9377
2356,英業達,92,4,88,華南永昌-虎尾,2024-10-07,9377
00637L,元大滬深300正2,132,67,65,華南永昌-虎尾,2024-10-07,9377
00753L,中信中國50正2,98,37,61,華南永昌-虎尾,2024-10-07,9377
00882,中信中國高股息,204,146,58,華南永昌-虎尾,2024-10-07,9377
1314,中石化,76,21,55,華南永昌-虎尾,2024-10-07,9377
2929,淘帝-KY,54,0,54,華南永昌-虎尾,2024-10-07,9377
2867,三商壽,53,2,51,華南永昌-虎尾,2024-10-07,9377
2388,威盛,45,0,45,華南永昌-虎尾,2024-10-07,9377
2399,映泰,64,22,42,華南永昌-虎尾,2024-10-07,9377
4720,德淵,41,0,41,華南永昌-虎尾,2024-10-07,9377
2349,錸德,54,14,40,華南永昌-虎尾,2024-10-07,9377
8104,錸寶,40,6,34,華南永昌-虎尾,2024-10-07,9377
00857B,永豐20年美公債,30,0,30,華南永昌-虎尾,2024-10-07,9377
2477,美隆電,31,1,30,華南永昌-虎尾,2024-10-07,9377
00656R,國泰中國A50反1,29,0,29,華南永昌-虎尾,2024-10-07,9377
2408,南亞科,24,0,24,華南永昌-虎尾,2024-10-07,9377
00643,群益深証中小,21,0,21,華南永昌-虎尾,2024-10-07,9377
00665L,富邦�琤肭磪囓�2,21,0,21,華南永昌-虎尾,2024-10-07,9377
00703,台新MSCI中國,20,0,20,華南永昌-虎尾,2024-10-07,9377
1909,榮成,30,10,20,華南永昌-虎尾,2024-10-07,9377
2801,彰銀,20,0,20,華南永昌-虎尾,2024-10-07,9377
00919,群益台灣精選高息,33,13,20,華南永昌-虎尾,2024-10-07,9377
1301,台塑,33,14,19,華南永昌-虎尾,2024-10-07,9377
1540,喬福,83,64,19,華南永昌-虎尾,2024-10-07,9377
1727,中華化,19,1,18,華南永昌-虎尾,2024-10-07,9377
2634,漢翔,20,2,18,華南永昌-虎尾,2024-10-07,9377
1721,三晃,29,11,18,華南永昌-虎尾,2024-10-07,9377
3048,益登,32,15,17,華南永昌-虎尾,2024-10-07,9377
0061,元大寶滬深,15,0,15,華南永昌-虎尾,2024-10-07,9377
3025,星通,26,13,13,華南永昌-虎尾,2024-10-07,9377
2316,楠梓電,17,4,13,華南永昌-虎尾,2024-10-07,9377
00639,富邦深100,22,10,12,華南永昌-虎尾,2024-10-07,9377
8401,白紗科,12,0,12,華南永昌-虎尾,2024-10-07,9377
00949,復華日本龍頭,12,0,12,華南永昌-虎尾,2024-10-07,9377
2449,京元電子,15,4,11,華南永昌-虎尾,2024-10-07,9377
1569,濱川,25,14,11,華南永昌-虎尾,2024-10-07,9377
2049,上銀,11,0,11,華南永昌-虎尾,2024-10-07,9377
2105,正新,11,0,11,華南永昌-虎尾,2024-10-07,9377
6274,台燿,14,3,11,華南永昌-虎尾,2024-10-07,9377
1815,富喬,60,49,11,華南永昌-虎尾,2024-10-07,9377
3481,群創,31,21,10,華南永昌-虎尾,2024-10-07,9377
00934,中信成長高股息,10,0,10,華南永昌-虎尾,2024-10-07,9377
2612,中航,10,0,10,華南永昌-虎尾,2024-10-07,9377
3231,緯創,17,7,10,華南永昌-虎尾,2024-10-07,9377
3360,尚立,10,0,10,華南永昌-虎尾,2024-10-07,9377
6505,台塑化,15,5,10,華南永昌-虎尾,2024-10-07,9377
00929,復華台灣科技優息,10,0,10,華南永昌-虎尾,2024-10-07,9377
00637L,元大滬深300正2,1215,887,328,華南永昌-虎尾,2024-10-08,9377
8401,白紗科,181,10,171,華南永昌-虎尾,2024-10-08,9377
1314,中石化,99,4,95,華南永昌-虎尾,2024-10-08,9377
00940,元大台灣價值高息,107,15,92,華南永昌-虎尾,2024-10-08,9377
00919,群益台灣精選高息,80,1,79,華南永昌-虎尾,2024-10-08,9377
00673R,期元大S＆P原油反1,77,0,77,華南永昌-虎尾,2024-10-08,9377
00929,復華台灣科技優息,83,17,66,華南永昌-虎尾,2024-10-08,9377
2515,中工,61,5,56,華南永昌-虎尾,2024-10-08,9377
2897,王道銀行,50,0,50,華南永昌-虎尾,2024-10-08,9377
911868,同方友友-DR,50,0,50,華南永昌-虎尾,2024-10-08,9377
00687B,國泰20年美債,59,12,47,華南永昌-虎尾,2024-10-08,9377
2929,淘帝-KY,96,50,46,華南永昌-虎尾,2024-10-08,9377
00688L,國泰20年美債正2,44,0,44,華南永昌-虎尾,2024-10-08,9377
2371,大同,51,10,41,華南永昌-虎尾,2024-10-08,9377
2330,台積電,52,12,40,華南永昌-虎尾,2024-10-08,9377
8070,長華*,40,0,40,華南永昌-虎尾,2024-10-08,9377
3715,定穎投控,41,5,36,華南永昌-虎尾,2024-10-08,9377
2888,新光金,50,14,36,華南永昌-虎尾,2024-10-08,9377
00680L,元大美債20正2,41,10,31,華南永昌-虎尾,2024-10-08,9377
3049,精金,52,21,31,華南永昌-虎尾,2024-10-08,9377
4157,太景*-KY,31,0,31,華南永昌-虎尾,2024-10-08,9377
2537,聯上發,31,0,31,華南永昌-虎尾,2024-10-08,9377
2356,英業達,47,20,27,華南永昌-虎尾,2024-10-08,9377
3149,正達,68,41,27,華南永昌-虎尾,2024-10-08,9377
2425,承啟,78,51,27,華南永昌-虎尾,2024-10-08,9377
00878,國泰永續高股息,24,0,24,華南永昌-虎尾,2024-10-08,9377
9919,康那香,45,22,23,華南永昌-虎尾,2024-10-08,9377
4720,德淵,22,0,22,華南永昌-虎尾,2024-10-08,9377
9105,泰金寶-DR,20,0,20,華南永昌-虎尾,2024-10-08,9377
00679B,元大美債20年,28,8,20,華南永昌-虎尾,2024-10-08,9377
006208,富邦台50,21,1,20,華南永昌-虎尾,2024-10-08,9377
2344,華邦電,24,4,20,華南永昌-虎尾,2024-10-08,9377
9905,大華,19,0,19,華南永昌-虎尾,2024-10-08,9377
0056,元大高股息,22,3,19,華南永昌-虎尾,2024-10-08,9377
3019,亞光,21,3,18,華南永昌-虎尾,2024-10-08,9377
00713,元大台灣高息低波,18,0,18,華南永昌-虎尾,2024-10-08,9377
1702,南僑,16,0,16,華南永昌-虎尾,2024-10-08,9377
3037,欣興,16,0,16,華南永昌-虎尾,2024-10-08,9377
6207,雷科,28,13,15,華南永昌-虎尾,2024-10-08,9377
6532,瑞耘,15,0,15,華南永昌-虎尾,2024-10-08,9377
00652,富邦印度,15,0,15,華南永昌-虎尾,2024-10-08,9377
2020,美亞,15,0,15,華南永昌-虎尾,2024-10-08,9377
2303,聯電,15,0,15,華南永昌-虎尾,2024-10-08,9377
2402,毅嘉,39,24,15,華南永昌-虎尾,2024-10-08,9377
2536,宏普,20,5,15,華南永昌-虎尾,2024-10-08,9377
00922,國泰台灣領袖50,14,0,14,華南永昌-虎尾,2024-10-08,9377
4426,利勤,14,0,14,華南永昌-虎尾,2024-10-08,9377
2801,彰銀,14,0,14,華南永昌-虎尾,2024-10-08,9377
2323,中環,14,1,13,華南永昌-虎尾,2024-10-08,9377
6742,澤米,15,2,13,華南永昌-虎尾,2024-10-08,9377
00632R,元大台灣50反1,1000,300,700,華南永昌-虎尾,2024-10-09,9377
1314,中石化,233,48,185,華南永昌-虎尾,2024-10-09,9377
00882,中信中國高股息,256,76,180,華南永昌-虎尾,2024-10-09,9377
2323,中環,143,20,123,華南永昌-虎尾,2024-10-09,9377
00933B,國泰10Y+金融債,115,1,114,華南永昌-虎尾,2024-10-09,9377
00706L,期元大S＆P日圓正2,103,0,103,華南永昌-虎尾,2024-10-09,9377
00932,兆豐永續高息等權,80,0,80,華南永昌-虎尾,2024-10-09,9377
3290,東浦,71,0,71,華南永昌-虎尾,2024-10-09,9377
8401,白紗科,71,0,71,華南永昌-虎尾,2024-10-09,9377
00715L,期街口布蘭特正2,65,0,65,華南永昌-虎尾,2024-10-09,9377
8076,伍豐,62,0,62,華南永昌-虎尾,2024-10-09,9377
00937B,群益ESG投等債20,52,0,52,華南永昌-虎尾,2024-10-09,9377
2897,王道銀行,50,0,50,華南永昌-虎尾,2024-10-09,9377
2399,映泰,64,17,47,華南永昌-虎尾,2024-10-09,9377
2371,大同,41,0,41,華南永昌-虎尾,2024-10-09,9377
00655L,國泰中國A50正2,83,44,39,華南永昌-虎尾,2024-10-09,9377
1711,永光,46,9,37,華南永昌-虎尾,2024-10-09,9377
5531,鄉林,37,0,37,華南永昌-虎尾,2024-10-09,9377
3481,群創,38,2,36,華南永昌-虎尾,2024-10-09,9377
3049,精金,49,14,35,華南永昌-虎尾,2024-10-09,9377
4720,德淵,34,0,34,華南永昌-虎尾,2024-10-09,9377
4904,遠傳,33,0,33,華南永昌-虎尾,2024-10-09,9377
2867,三商壽,32,0,32,華南永昌-虎尾,2024-10-09,9377
8039,台虹,32,0,32,華南永昌-虎尾,2024-10-09,9377
1815,富喬,69,37,32,華南永昌-虎尾,2024-10-09,9377
00712,復華富時不動產,30,0,30,華南永昌-虎尾,2024-10-09,9377
2883,凱基金,30,0,30,華南永昌-虎尾,2024-10-09,9377
1710,東聯,29,0,29,華南永昌-虎尾,2024-10-09,9377
2344,華邦電,31,2,29,華南永昌-虎尾,2024-10-09,9377
3710,連展投控,30,1,29,華南永昌-虎尾,2024-10-09,9377
00955,中信日本商社,28,0,28,華南永昌-虎尾,2024-10-09,9377
0056,元大高股息,27,0,27,華南永昌-虎尾,2024-10-09,9377
1524,耿鼎,27,1,26,華南永昌-虎尾,2024-10-09,9377
2547,日勝生,25,0,25,華南永昌-虎尾,2024-10-09,9377
6116,彩晶,24,0,24,華南永昌-虎尾,2024-10-09,9377
2543,皇昌,70,47,23,華南永昌-虎尾,2024-10-09,9377
8112,至上,25,3,22,華南永昌-虎尾,2024-10-09,9377
2892,第一金,22,0,22,華南永昌-虎尾,2024-10-09,9377
2888,新光金,67,45,22,華南永昌-虎尾,2024-10-09,9377
2442,新美齊,21,0,21,華南永昌-虎尾,2024-10-09,9377
4157,太景*-KY,21,1,20,華南永昌-虎尾,2024-10-09,9377
8104,錸寶,21,4,17,華南永昌-虎尾,2024-10-09,9377
00693U,期街口S＆P黃豆,15,0,15,華南永昌-虎尾,2024-10-09,9377
2405,輔信,18,3,15,華南永昌-虎尾,2024-10-09,9377
6152,百一,14,0,14,華南永昌-虎尾,2024-10-09,9377
00960,野村全球航運龍頭,14,0,14,華南永昌-虎尾,2024-10-09,9377
2101,南港,16,3,13,華南永昌-虎尾,2024-10-09,9377
6274,台燿,18,5,13,華南永昌-虎尾,2024-10-09,9377
00679B,元大美債20年,13,0,13,華南永昌-虎尾,2024-10-09,9377
1301,台塑,13,1,12,華南永昌-虎尾,2024-10-09,9377
00637L,元大滬深300正2,463,220,243,華南永昌-虎尾,2024-10-11,9377
3605,宏致,70,1,69,華南永昌-虎尾,2024-10-11,9377
00673R,期元大S＆P原油反1,67,0,67,華南永昌-虎尾,2024-10-11,9377
2371,大同,64,2,62,華南永昌-虎尾,2024-10-11,9377
00632R,元大台灣50反1,58,2,56,華南永昌-虎尾,2024-10-11,9377
1815,富喬,65,29,36,華南永昌-虎尾,2024-10-11,9377
1615,大山,34,0,34,華南永昌-虎尾,2024-10-11,9377
1314,中石化,35,2,33,華南永昌-虎尾,2024-10-11,9377
00650L,復華香港正2,33,0,33,華南永昌-虎尾,2024-10-11,9377
2537,聯上發,30,0,30,華南永昌-虎尾,2024-10-11,9377
006208,富邦台50,37,7,30,華南永昌-虎尾,2024-10-11,9377
00633L,富邦上証正2,30,0,30,華南永昌-虎尾,2024-10-11,9377
1802,台玻,30,0,30,華南永昌-虎尾,2024-10-11,9377
2367,燿華,29,1,28,華南永昌-虎尾,2024-10-11,9377
00679B,元大美債20年,26,0,26,華南永昌-虎尾,2024-10-11,9377
6257,矽格,36,10,26,華南永昌-虎尾,2024-10-11,9377
2356,英業達,36,13,23,華南永昌-虎尾,2024-10-11,9377
2449,京元電子,53,30,23,華南永昌-虎尾,2024-10-11,9377
00960,野村全球航運龍頭,23,2,21,華南永昌-虎尾,2024-10-11,9377
2101,南港,28,7,21,華南永昌-虎尾,2024-10-11,9377
8039,台虹,22,1,21,華南永昌-虎尾,2024-10-11,9377
2442,新美齊,20,0,20,華南永昌-虎尾,2024-10-11,9377
2388,威盛,36,16,20,華南永昌-虎尾,2024-10-11,9377
3149,正達,73,53,20,華南永昌-虎尾,2024-10-11,9377
00753L,中信中國50正2,76,57,19,華南永昌-虎尾,2024-10-11,9377
6770,力積電,20,1,19,華南永昌-虎尾,2024-10-11,9377
2867,三商壽,18,0,18,華南永昌-虎尾,2024-10-11,9377
1584,精剛,18,0,18,華南永昌-虎尾,2024-10-11,9377
4952,凌通,18,0,18,華南永昌-虎尾,2024-10-11,9377
6547,高端疫苗,20,2,18,華南永昌-虎尾,2024-10-11,9377
1101,台泥,20,3,17,華南永昌-虎尾,2024-10-11,9377
00687B,國泰20年美債,23,6,17,華南永昌-虎尾,2024-10-11,9377
2454,聯發科,20,3,17,華南永昌-虎尾,2024-10-11,9377
2891,中信金,22,6,16,華南永昌-虎尾,2024-10-11,9377
1785,光洋科,17,1,16,華南永昌-虎尾,2024-10-11,9377
2349,錸德,36,20,16,華南永昌-虎尾,2024-10-11,9377
4903,聯光通,31,15,16,華南永昌-虎尾,2024-10-11,9377
9924,福興,15,0,15,華南永昌-虎尾,2024-10-11,9377
0056,元大高股息,16,1,15,華南永昌-虎尾,2024-10-11,9377
1216,統一,17,3,14,華南永昌-虎尾,2024-10-11,9377
2509,全坤建,14,0,14,華南永昌-虎尾,2024-10-11,9377
6108,競國,14,0,14,華南永昌-虎尾,2024-10-11,9377
00878,國泰永續高股息,13,0,13,華南永昌-虎尾,2024-10-11,9377
2002,中鋼,14,1,13,華南永昌-虎尾,2024-10-11,9377
6152,百一,12,0,12,華南永昌-虎尾,2024-10-11,9377
00655L,國泰中國A50正2,13,1,12,華南永昌-虎尾,2024-10-11,9377
00693U,期街口S＆P黃豆,12,0,12,華南永昌-虎尾,2024-10-11,9377
1605,華新,24,12,12,華南永昌-虎尾,2024-10-11,9377
00929,復華台灣科技優息,19,7,12,華南永昌-虎尾,2024-10-11,9377
00940,元大台灣價值高息,11,0,11,華南永昌-虎尾,2024-10-11,9377
2312,金寶,187,26,161,華南永昌-虎尾,2024-10-14,9377
00679B,元大美債20年,58,0,58,華南永昌-虎尾,2024-10-14,9377
00650L,復華香港正2,58,0,58,華南永昌-虎尾,2024-10-14,9377
00687B,國泰20年美債,56,0,56,華南永昌-虎尾,2024-10-14,9377
00887,永豐中國科技50大,56,5,51,華南永昌-虎尾,2024-10-14,9377
2892,第一金,50,0,50,華南永昌-虎尾,2024-10-14,9377
00937B,群益ESG投等債20,41,0,41,華南永昌-虎尾,2024-10-14,9377
8104,錸寶,40,2,38,華南永昌-虎尾,2024-10-14,9377
8103,瀚荃,36,0,36,華南永昌-虎尾,2024-10-14,9377
2867,三商壽,57,25,32,華南永昌-虎尾,2024-10-14,9377
00922,國泰台灣領袖50,29,0,29,華南永昌-虎尾,2024-10-14,9377
1802,台玻,28,0,28,華南永昌-虎尾,2024-10-14,9377
2344,華邦電,41,15,26,華南永昌-虎尾,2024-10-14,9377
2426,鼎元,56,30,26,華南永昌-虎尾,2024-10-14,9377
00753L,中信中國50正2,25,0,25,華南永昌-虎尾,2024-10-14,9377
00952,凱基台灣AI50,25,0,25,華南永昌-虎尾,2024-10-14,9377
9919,康那香,25,0,25,華南永昌-虎尾,2024-10-14,9377
3481,群創,24,1,23,華南永昌-虎尾,2024-10-14,9377
2890,永豐金,22,0,22,華南永昌-虎尾,2024-10-14,9377
2845,遠東銀,21,0,21,華南永昌-虎尾,2024-10-14,9377
00664R,國泰臺灣加權反1,20,0,20,華南永昌-虎尾,2024-10-14,9377
1809,中釉,20,0,20,華南永昌-虎尾,2024-10-14,9377
4720,德淵,18,0,18,華南永昌-虎尾,2024-10-14,9377
0056,元大高股息,18,0,18,華南永昌-虎尾,2024-10-14,9377
1563,巧新,17,0,17,華南永昌-虎尾,2024-10-14,9377
3710,連展投控,21,5,16,華南永昌-虎尾,2024-10-14,9377
00912,中信臺灣智慧50,15,0,15,華南永昌-虎尾,2024-10-14,9377
00891,中信關鍵半導體,15,0,15,華南永昌-虎尾,2024-10-14,9377
00712,復華富時不動產,15,0,15,華南永昌-虎尾,2024-10-14,9377
3162,精確,15,1,14,華南永昌-虎尾,2024-10-14,9377
2489,瑞軒,32,20,12,華南永昌-虎尾,2024-10-14,9377
6219,富旺,20,8,12,華南永昌-虎尾,2024-10-14,9377
2887,台新金,11,0,11,華南永昌-虎尾,2024-10-14,9377
00720B,元大投資級公司債,11,0,11,華南永昌-虎尾,2024-10-14,9377
4564,元翎,11,0,11,華南永昌-虎尾,2024-10-14,9377
3025,星通,16,5,11,華南永昌-虎尾,2024-10-14,9377
6241,易通展,13,2,11,華南永昌-虎尾,2024-10-14,9377
00894,中信小資高價30,11,0,11,華南永昌-虎尾,2024-10-14,9377
3213,茂訊,11,0,11,華南永昌-虎尾,2024-10-14,9377
4927,泰鼎-KY,11,0,11,華南永昌-虎尾,2024-10-14,9377
8011,台通,37,26,11,華南永昌-虎尾,2024-10-14,9377
2601,益航,10,0,10,華南永昌-虎尾,2024-10-14,9377
2634,漢翔,10,0,10,華南永昌-虎尾,2024-10-14,9377
00669R,國泰美國道瓊反1,10,0,10,華南永昌-虎尾,2024-10-14,9377
00730,富邦臺灣優質高息,10,0,10,華南永昌-虎尾,2024-10-14,9377
00728,第一金工業30,10,0,10,華南永昌-虎尾,2024-10-14,9377
00715L,期街口布蘭特正2,10,0,10,華南永昌-虎尾,2024-10-14,9377
00935,野村臺灣新科技50,10,0,10,華南永昌-虎尾,2024-10-14,9377
1309,台達化,10,0,10,華南永昌-虎尾,2024-10-14,9377
2455,全新,10,0,10,華南永昌-虎尾,2024-10-14,9377
00664R,國泰臺灣加權反1,250,0,250,華南永昌-虎尾,2024-10-15,9377
00632R,元大台灣50反1,202,0,202,華南永昌-虎尾,2024-10-15,9377
00637L,元大滬深300正2,281,97,184,華南永昌-虎尾,2024-10-15,9377
2867,三商壽,105,1,104,華南永昌-虎尾,2024-10-15,9377
00943,兆豐電子高息等權,101,0,101,華南永昌-虎尾,2024-10-15,9377
2891,中信金,117,17,100,華南永昌-虎尾,2024-10-15,9377
1314,中石化,144,47,97,華南永昌-虎尾,2024-10-15,9377
00934,中信成長高股息,104,10,94,華南永昌-虎尾,2024-10-15,9377
2344,華邦電,93,1,92,華南永昌-虎尾,2024-10-15,9377
00949,復華日本龍頭,88,0,88,華南永昌-虎尾,2024-10-15,9377
2399,映泰,109,31,78,華南永昌-虎尾,2024-10-15,9377
00687B,國泰20年美債,62,0,62,華南永昌-虎尾,2024-10-15,9377
00921,兆豐龍頭等權重,60,0,60,華南永昌-虎尾,2024-10-15,9377
1605,華新,70,10,60,華南永昌-虎尾,2024-10-15,9377
1785,光洋科,50,2,48,華南永昌-虎尾,2024-10-15,9377
2363,矽統,126,84,42,華南永昌-虎尾,2024-10-15,9377
00679B,元大美債20年,36,0,36,華南永昌-虎尾,2024-10-15,9377
1563,巧新,35,0,35,華南永昌-虎尾,2024-10-15,9377
2426,鼎元,51,18,33,華南永昌-虎尾,2024-10-15,9377
2027,大成鋼,32,0,32,華南永昌-虎尾,2024-10-15,9377
4720,德淵,31,0,31,華南永昌-虎尾,2024-10-15,9377
2371,大同,30,0,30,華南永昌-虎尾,2024-10-15,9377
3019,亞光,29,1,28,華南永昌-虎尾,2024-10-15,9377
3013,晟銘電,48,21,27,華南永昌-虎尾,2024-10-15,9377
3710,連展投控,27,2,25,華南永昌-虎尾,2024-10-15,9377
00715L,期街口布蘭特正2,24,0,24,華南永昌-虎尾,2024-10-15,9377
2034,允強,21,0,21,華南永昌-虎尾,2024-10-15,9377
1301,台塑,22,2,20,華南永昌-虎尾,2024-10-15,9377
00680L,元大美債20正2,20,0,20,華南永昌-虎尾,2024-10-15,9377
2606,裕民,20,0,20,華南永昌-虎尾,2024-10-15,9377
4527,方土霖,20,0,20,華南永昌-虎尾,2024-10-15,9377
3264,欣銓,20,1,19,華南永昌-虎尾,2024-10-15,9377
8104,錸寶,19,0,19,華南永昌-虎尾,2024-10-15,9377
2543,皇昌,29,11,18,華南永昌-虎尾,2024-10-15,9377
1101,台泥,17,0,17,華南永昌-虎尾,2024-10-15,9377
6142,友勁,19,2,17,華南永昌-虎尾,2024-10-15,9377
8076,伍豐,17,0,17,華南永昌-虎尾,2024-10-15,9377
3149,正達,48,32,16,華南永昌-虎尾,2024-10-15,9377
00688L,國泰20年美債正2,15,0,15,華南永昌-虎尾,2024-10-15,9377
2388,威盛,20,5,15,華南永昌-虎尾,2024-10-15,9377
1718,中纖,14,0,14,華南永昌-虎尾,2024-10-15,9377
2601,益航,14,0,14,華南永昌-虎尾,2024-10-15,9377
3498,陽程,50,37,13,華南永昌-虎尾,2024-10-15,9377
2406,國碩,13,0,13,華南永昌-虎尾,2024-10-15,9377
00753L,中信中國50正2,20,8,12,華南永昌-虎尾,2024-10-15,9377
2439,美律,12,0,12,華南永昌-虎尾,2024-10-15,9377
1734,杏輝,11,0,11,華南永昌-虎尾,2024-10-15,9377
6284,佳邦,21,10,11,華南永昌-虎尾,2024-10-15,9377
3231,緯創,33,22,11,華南永昌-虎尾,2024-10-15,9377
00665L,富邦�琤肭磪囓�2,10,0,10,華南永昌-虎尾,2024-10-15,9377
2888,新光金,1069,0,1069,華南永昌-虎尾,2024-10-16,9377
00664R,國泰臺灣加權反1,253,50,203,華南永昌-虎尾,2024-10-16,9377
3062,建漢,170,57,113,華南永昌-虎尾,2024-10-16,9377
2801,彰銀,110,0,110,華南永昌-虎尾,2024-10-16,9377
2834,臺企銀,103,1,102,華南永昌-虎尾,2024-10-16,9377
2317,鴻海,122,32,90,華南永昌-虎尾,2024-10-16,9377
2344,華邦電,87,0,87,華南永昌-虎尾,2024-10-16,9377
006208,富邦台50,81,0,81,華南永昌-虎尾,2024-10-16,9377
00927,群益半導體收益,80,0,80,華南永昌-虎尾,2024-10-16,9377
00712,復華富時不動產,92,20,72,華南永昌-虎尾,2024-10-16,9377
1605,華新,55,10,45,華南永昌-虎尾,2024-10-16,9377
3615,安可,41,2,39,華南永昌-虎尾,2024-10-16,9377
00922,國泰台灣領袖50,34,0,34,華南永昌-虎尾,2024-10-16,9377
1101,台泥,32,0,32,華南永昌-虎尾,2024-10-16,9377
2371,大同,32,0,32,華南永昌-虎尾,2024-10-16,9377
00887,永豐中國科技50大,34,3,31,華南永昌-虎尾,2024-10-16,9377
5452,佶優,63,37,26,華南永昌-虎尾,2024-10-16,9377
6486,互動,23,0,23,華南永昌-虎尾,2024-10-16,9377
00637L,元大滬深300正2,154,131,23,華南永昌-虎尾,2024-10-16,9377
8021,尖點,21,0,21,華南永昌-虎尾,2024-10-16,9377
2027,大成鋼,21,0,21,華南永昌-虎尾,2024-10-16,9377
2812,台中銀,20,0,20,華南永昌-虎尾,2024-10-16,9377
1563,巧新,22,2,20,華南永昌-虎尾,2024-10-16,9377
3232,昱捷,20,0,20,華南永昌-虎尾,2024-10-16,9377
8104,錸寶,20,0,20,華南永昌-虎尾,2024-10-16,9377
5481,新華,40,20,20,華南永昌-虎尾,2024-10-16,9377
2884,玉山金,18,0,18,華南永昌-虎尾,2024-10-16,9377
00918,大華優利高填息30,16,0,16,華南永昌-虎尾,2024-10-16,9377
00946,群益科技高息成長,16,0,16,華南永昌-虎尾,2024-10-16,9377
9919,康那香,16,0,16,華南永昌-虎尾,2024-10-16,9377
2887,台新金,15,0,15,華南永昌-虎尾,2024-10-16,9377
2303,聯電,15,0,15,華南永昌-虎尾,2024-10-16,9377
1216,統一,18,3,15,華南永昌-虎尾,2024-10-16,9377
1785,光洋科,16,1,15,華南永昌-虎尾,2024-10-16,9377
2022,聚亨,15,0,15,華南永昌-虎尾,2024-10-16,9377
3071,協禧,15,0,15,華南永昌-虎尾,2024-10-16,9377
00893,國泰智能電動車,14,0,14,華南永昌-虎尾,2024-10-16,9377
00919,群益台灣精選高息,18,4,14,華南永昌-虎尾,2024-10-16,9377
00878,國泰永續高股息,17,5,12,華南永昌-虎尾,2024-10-16,9377
00715L,期街口布蘭特正2,12,0,12,華南永昌-虎尾,2024-10-16,9377
00753L,中信中國50正2,26,14,12,華南永昌-虎尾,2024-10-16,9377
4440,宜新實業,12,0,12,華南永昌-虎尾,2024-10-16,9377
3481,群創,53,42,11,華南永昌-虎尾,2024-10-16,9377
1326,台化,17,6,11,華南永昌-虎尾,2024-10-16,9377
3059,華晶科,11,0,11,華南永昌-虎尾,2024-10-16,9377
5425,台半,12,1,11,華南永昌-虎尾,2024-10-16,9377
5347,世界,12,1,11,華南永昌-虎尾,2024-10-16,9377
2408,南亞科,12,2,10,華南永昌-虎尾,2024-10-16,9377
00642U,期元大S＆P石油,10,0,10,華南永昌-虎尾,2024-10-16,9377
1815,富喬,20,10,10,華南永昌-虎尾,2024-10-16,9377
2312,金寶,259,83,176,華南永昌-虎尾,2024-10-17,9377
2845,遠東銀,168,10,158,華南永昌-虎尾,2024-10-17,9377
00922,國泰台灣領袖50,150,2,148,華南永昌-虎尾,2024-10-17,9377
00881,國泰台灣5G+,153,6,147,華南永昌-虎尾,2024-10-17,9377
2344,華邦電,110,1,109,華南永昌-虎尾,2024-10-17,9377
00887,永豐中國科技50大,91,0,91,華南永昌-虎尾,2024-10-17,9377
2543,皇昌,84,15,69,華南永昌-虎尾,2024-10-17,9377
00857B,永豐20年美公債,65,0,65,華南永昌-虎尾,2024-10-17,9377
00637L,元大滬深300正2,172,114,58,華南永昌-虎尾,2024-10-17,9377
00882,中信中國高股息,97,40,57,華南永昌-虎尾,2024-10-17,9377
2887,台新金,49,0,49,華南永昌-虎尾,2024-10-17,9377
00715L,期街口布蘭特正2,46,0,46,華南永昌-虎尾,2024-10-17,9377
006208,富邦台50,42,1,41,華南永昌-虎尾,2024-10-17,9377
1528,恩德,88,48,40,華南永昌-虎尾,2024-10-17,9377
2882,國泰金,38,6,32,華南永昌-虎尾,2024-10-17,9377
2486,一詮,38,6,32,華南永昌-虎尾,2024-10-17,9377
2399,映泰,56,28,28,華南永昌-虎尾,2024-10-17,9377
8021,尖點,27,1,26,華南永昌-虎尾,2024-10-17,9377
8104,錸寶,24,1,23,華南永昌-虎尾,2024-10-17,9377
2801,彰銀,21,0,21,華南永昌-虎尾,2024-10-17,9377
0056,元大高股息,24,3,21,華南永昌-虎尾,2024-10-17,9377
2062,橋椿,23,3,20,華南永昌-虎尾,2024-10-17,9377
00712,復華富時不動產,20,1,19,華南永昌-虎尾,2024-10-17,9377
00753L,中信中國50正2,28,10,18,華南永昌-虎尾,2024-10-17,9377
6215,和椿,25,7,18,華南永昌-虎尾,2024-10-17,9377
4720,德淵,18,2,16,華南永昌-虎尾,2024-10-17,9377
6248,沛波,16,0,16,華南永昌-虎尾,2024-10-17,9377
00639,富邦深100,15,0,15,華南永昌-虎尾,2024-10-17,9377
2421,建準,24,9,15,華南永昌-虎尾,2024-10-17,9377
4916,事欣科,14,1,13,華南永昌-虎尾,2024-10-17,9377
00693U,期街口S＆P黃豆,12,0,12,華南永昌-虎尾,2024-10-17,9377
2022,聚亨,12,0,12,華南永昌-虎尾,2024-10-17,9377
6257,矽格,31,20,11,華南永昌-虎尾,2024-10-17,9377
00720B,元大投資級公司債,10,0,10,華南永昌-虎尾,2024-10-17,9377
2426,鼎元,13,3,10,華南永昌-虎尾,2024-10-17,9377
4157,太景*-KY,20,10,10,華南永昌-虎尾,2024-10-17,9377
4960,誠美材,10,0,10,華南永昌-虎尾,2024-10-17,9377
8374,羅昇,21,11,10,華南永昌-虎尾,2024-10-17,9377
6274,台燿,13,4,9,華南永昌-虎尾,2024-10-17,9377
2303,聯電,9,0,9,華南永昌-虎尾,2024-10-17,9377
00669R,國泰美國道瓊反1,8,0,8,華南永昌-虎尾,2024-10-17,9377
3060,銘異,13,5,8,華南永昌-虎尾,2024-10-17,9377
2412,中華電,7,0,7,華南永昌-虎尾,2024-10-17,9377
2356,英業達,13,6,7,華南永昌-虎尾,2024-10-17,9377
00688L,國泰20年美債正2,7,0,7,華南永昌-虎尾,2024-10-17,9377
2489,瑞軒,59,52,7,華南永昌-虎尾,2024-10-17,9377
4533,協易機,21,14,7,華南永昌-虎尾,2024-10-17,9377
8039,台虹,7,0,7,華南永昌-虎尾,2024-10-17,9377
8111,立��,9,2,7,華南永昌-虎尾,2024-10-17,9377
00642U,期元大S＆P石油,6,0,6,華南永昌-虎尾,2024-10-17,9377
00632R,元大台灣50反1,201,0,201,華南永昌-虎尾,2024-10-18,9377
2312,金寶,145,61,84,華南永昌-虎尾,2024-10-18,9377
1540,喬福,115,40,75,華南永昌-虎尾,2024-10-18,9377
2867,三商壽,67,0,67,華南永昌-虎尾,2024-10-18,9377
00918,大華優利高填息30,62,0,62,華南永昌-虎尾,2024-10-18,9377
2449,京元電子,60,7,53,華南永昌-虎尾,2024-10-18,9377
2426,鼎元,54,2,52,華南永昌-虎尾,2024-10-18,9377
00687B,國泰20年美債,81,31,50,華南永昌-虎尾,2024-10-18,9377
00937B,群益ESG投等債20,57,10,47,華南永昌-虎尾,2024-10-18,9377
2885,元大金,55,10,45,華南永昌-虎尾,2024-10-18,9377
0056,元大高股息,49,8,41,華南永昌-虎尾,2024-10-18,9377
1815,富喬,70,34,36,華南永昌-虎尾,2024-10-18,9377
9105,泰金寶-DR,65,32,33,華南永昌-虎尾,2024-10-18,9377
00715L,期街口布蘭特正2,32,1,31,華南永昌-虎尾,2024-10-18,9377
1563,巧新,31,0,31,華南永昌-虎尾,2024-10-18,9377
8104,錸寶,31,1,30,華南永昌-虎尾,2024-10-18,9377
00652,富邦印度,30,0,30,華南永昌-虎尾,2024-10-18,9377
00650L,復華香港正2,35,5,30,華南永昌-虎尾,2024-10-18,9377
6278,台表科,30,0,30,華南永昌-虎尾,2024-10-18,9377
00679B,元大美債20年,30,0,30,華南永昌-虎尾,2024-10-18,9377
2374,佳能,43,15,28,華南永昌-虎尾,2024-10-18,9377
2801,彰銀,30,4,26,華南永昌-虎尾,2024-10-18,9377
2356,英業達,35,11,24,華南永昌-虎尾,2024-10-18,9377
2845,遠東銀,32,10,22,華南永昌-虎尾,2024-10-18,9377
8404,百和興業-KY,22,0,22,華南永昌-虎尾,2024-10-18,9377
4510,高鋒,39,18,21,華南永昌-虎尾,2024-10-18,9377
00664R,國泰臺灣加權反1,120,100,20,華南永昌-虎尾,2024-10-18,9377
00706L,期元大S＆P日圓正2,20,0,20,華南永昌-虎尾,2024-10-18,9377
6284,佳邦,20,0,20,華南永昌-虎尾,2024-10-18,9377
1314,中石化,29,10,19,華南永昌-虎尾,2024-10-18,9377
00919,群益台灣精選高息,19,0,19,華南永昌-虎尾,2024-10-18,9377
3498,陽程,21,3,18,華南永昌-虎尾,2024-10-18,9377
2303,聯電,29,11,18,華南永昌-虎尾,2024-10-18,9377
5347,世界,18,2,16,華南永昌-虎尾,2024-10-18,9377
00712,復華富時不動產,16,0,16,華南永昌-虎尾,2024-10-18,9377
3019,亞光,19,3,16,華南永昌-虎尾,2024-10-18,9377
4720,德淵,19,3,16,華南永昌-虎尾,2024-10-18,9377
3615,安可,32,17,15,華南永昌-虎尾,2024-10-18,9377
2615,萬海,19,5,14,華南永昌-虎尾,2024-10-18,9377
3025,星通,37,23,14,華南永昌-虎尾,2024-10-18,9377
3665,貿聯-KY,19,5,14,華南永昌-虎尾,2024-10-18,9377
4971,IET-KY,15,1,14,華南永昌-虎尾,2024-10-18,9377
2399,映泰,31,18,13,華南永昌-虎尾,2024-10-18,9377
8111,立��,14,1,13,華南永昌-虎尾,2024-10-18,9377
1101,台泥,18,6,12,華南永昌-虎尾,2024-10-18,9377
2367,燿華,23,11,12,華南永昌-虎尾,2024-10-18,9377
3162,精確,20,8,12,華南永昌-虎尾,2024-10-18,9377
3711,日月光投控,16,4,12,華南永昌-虎尾,2024-10-18,9377
3450,聯鈞,20,9,11,華南永昌-虎尾,2024-10-18,9377
3374,精材,14,3,11,華南永昌-虎尾,2024-10-18,9377
2883,凱基金,254,3,251,華南永昌-虎尾,2024-10-21,9377
3481,群創,217,20,197,華南永昌-虎尾,2024-10-21,9377
00905,FT臺灣Smart,184,4,180,華南永昌-虎尾,2024-10-21,9377
2303,聯電,115,2,113,華南永昌-虎尾,2024-10-21,9377
00937B,群益ESG投等債20,102,0,102,華南永昌-虎尾,2024-10-21,9377
2344,華邦電,107,10,97,華南永昌-虎尾,2024-10-21,9377
00637L,元大滬深300正2,181,97,84,華南永昌-虎尾,2024-10-21,9377
2618,長榮航,82,1,81,華南永昌-虎尾,2024-10-21,9377
1473,台南,73,0,73,華南永昌-虎尾,2024-10-21,9377
2801,彰銀,57,0,57,華南永昌-虎尾,2024-10-21,9377
2312,金寶,57,5,52,華南永昌-虎尾,2024-10-21,9377
00650L,復華香港正2,50,0,50,華南永昌-虎尾,2024-10-21,9377
1721,三晃,48,1,47,華南永昌-虎尾,2024-10-21,9377
00679B,元大美債20年,39,0,39,華南永昌-虎尾,2024-10-21,9377
00946,群益科技高息成長,36,0,36,華南永昌-虎尾,2024-10-21,9377
00956,中信日經高股息,35,0,35,華南永昌-虎尾,2024-10-21,9377
2881,富邦金,41,10,31,華南永昌-虎尾,2024-10-21,9377
00959B,大華投等美債15Y+,30,0,30,華南永昌-虎尾,2024-10-21,9377
00687B,國泰20年美債,29,0,29,華南永昌-虎尾,2024-10-21,9377
2891,中信金,26,0,26,華南永昌-虎尾,2024-10-21,9377
2002,中鋼,27,1,26,華南永昌-虎尾,2024-10-21,9377
006208,富邦台50,25,0,25,華南永昌-虎尾,2024-10-21,9377
00665L,富邦�琤肭磪囓�2,56,31,25,華南永昌-虎尾,2024-10-21,9377
00642U,期元大S＆P石油,25,0,25,華南永昌-虎尾,2024-10-21,9377
1605,華新,70,45,25,華南永昌-虎尾,2024-10-21,9377
00753L,中信中國50正2,37,13,24,華南永昌-虎尾,2024-10-21,9377
1540,喬福,34,12,22,華南永昌-虎尾,2024-10-21,9377
1309,台達化,22,0,22,華南永昌-虎尾,2024-10-21,9377
00646,元大S＆P500,21,1,20,華南永昌-虎尾,2024-10-21,9377
00720B,元大投資級公司債,20,0,20,華南永昌-虎尾,2024-10-21,9377
00927,群益半導體收益,20,0,20,華南永昌-虎尾,2024-10-21,9377
00715L,期街口布蘭特正2,20,0,20,華南永昌-虎尾,2024-10-21,9377
1434,福懋,20,0,20,華南永昌-虎尾,2024-10-21,9377
2497,怡利電,20,0,20,華南永昌-虎尾,2024-10-21,9377
4720,德淵,20,0,20,華南永昌-虎尾,2024-10-21,9377
2486,一詮,25,6,19,華南永昌-虎尾,2024-10-21,9377
00632R,元大台灣50反1,20,1,19,華南永昌-虎尾,2024-10-21,9377
3049,精金,16,0,16,華南永昌-虎尾,2024-10-21,9377
1303,南亞,15,0,15,華南永昌-虎尾,2024-10-21,9377
1216,統一,16,3,13,華南永昌-虎尾,2024-10-21,9377
2317,鴻海,34,22,12,華南永昌-虎尾,2024-10-21,9377
4979,華星光,12,0,12,華南永昌-虎尾,2024-10-21,9377
2405,輔信,13,1,12,華南永昌-虎尾,2024-10-21,9377
3231,緯創,15,4,11,華南永昌-虎尾,2024-10-21,9377
00725B,國泰投資級公司債,11,0,11,華南永昌-虎尾,2024-10-21,9377
4977,眾達-KY,12,1,11,華南永昌-虎尾,2024-10-21,9377
6532,瑞耘,20,9,11,華南永昌-虎尾,2024-10-21,9377
2880,華南金,11,0,11,華南永昌-虎尾,2024-10-21,9377
5434,崇越,11,0,11,華南永昌-虎尾,2024-10-21,9377
1326,台化,10,0,10,華南永昌-虎尾,2024-10-21,9377
00706L,期元大S＆P日圓正2,695,0,695,華南永昌-虎尾,2024-10-22,9377
00687B,國泰20年美債,286,0,286,華南永昌-虎尾,2024-10-22,9377
2317,鴻海,171,51,120,華南永昌-虎尾,2024-10-22,9377
2330,台積電,115,9,106,華南永昌-虎尾,2024-10-22,9377
00679B,元大美債20年,95,2,93,華南永昌-虎尾,2024-10-22,9377
00918,大華優利高填息30,100,16,84,華南永昌-虎尾,2024-10-22,9377
1785,光洋科,67,4,63,華南永昌-虎尾,2024-10-22,9377
1605,華新,63,0,63,華南永昌-虎尾,2024-10-22,9377
00753L,中信中國50正2,50,7,43,華南永昌-虎尾,2024-10-22,9377
2883,凱基金,45,2,43,華南永昌-虎尾,2024-10-22,9377
3481,群創,59,19,40,華南永昌-虎尾,2024-10-22,9377
2426,鼎元,42,5,37,華南永昌-虎尾,2024-10-22,9377
8043,蜜望實,41,7,34,華南永昌-虎尾,2024-10-22,9377
8104,錸寶,33,0,33,華南永昌-虎尾,2024-10-22,9377
3715,定穎投控,49,17,32,華南永昌-虎尾,2024-10-22,9377
8105,凌巨,31,0,31,華南永昌-虎尾,2024-10-22,9377
00953B,群益優選非投等債,30,0,30,華南永昌-虎尾,2024-10-22,9377
2476,鉅祥,33,3,30,華南永昌-虎尾,2024-10-22,9377
6609,瀧澤科,27,2,25,華南永昌-虎尾,2024-10-22,9377
3354,律勝,28,6,22,華南永昌-虎尾,2024-10-22,9377
2371,大同,26,5,21,華南永昌-虎尾,2024-10-22,9377
2888,新光金,27,6,21,華南永昌-虎尾,2024-10-22,9377
2801,彰銀,20,0,20,華南永昌-虎尾,2024-10-22,9377
00650L,復華香港正2,20,0,20,華南永昌-虎尾,2024-10-22,9377
00639,富邦深100,20,0,20,華南永昌-虎尾,2024-10-22,9377
00945B,凱基美國非投等債,20,0,20,華南永昌-虎尾,2024-10-22,9377
5315,光聯,26,6,20,華南永昌-虎尾,2024-10-22,9377
2363,矽統,61,42,19,華南永昌-虎尾,2024-10-22,9377
9802,鈺齊-KY,19,0,19,華南永昌-虎尾,2024-10-22,9377
1563,巧新,18,0,18,華南永昌-虎尾,2024-10-22,9377
2867,三商壽,17,0,17,華南永昌-虎尾,2024-10-22,9377
00905,FT臺灣Smart,17,0,17,華南永昌-虎尾,2024-10-22,9377
3060,銘異,15,0,15,華南永昌-虎尾,2024-10-22,9377
4533,協易機,18,3,15,華南永昌-虎尾,2024-10-22,9377
00637L,元大滬深300正2,103,88,15,華南永昌-虎尾,2024-10-22,9377
00927,群益半導體收益,15,0,15,華南永昌-虎尾,2024-10-22,9377
3031,佰鴻,15,0,15,華南永昌-虎尾,2024-10-22,9377
4545,銘鈺,14,0,14,華南永昌-虎尾,2024-10-22,9377
6742,澤米,34,20,14,華南永昌-虎尾,2024-10-22,9377
3390,旭軟,13,0,13,華南永昌-虎尾,2024-10-22,9377
5434,崇越,13,0,13,華南永昌-虎尾,2024-10-22,9377
2303,聯電,22,9,13,華南永昌-虎尾,2024-10-22,9377
00959B,大華投等美債15Y+,12,0,12,華南永昌-虎尾,2024-10-22,9377
1527,鑽全,11,0,11,華南永昌-虎尾,2024-10-22,9377
6763,綠界科技*,12,1,11,華南永昌-虎尾,2024-10-22,9377
1734,杏輝,10,0,10,華南永昌-虎尾,2024-10-22,9377
2101,南港,10,0,10,華南永昌-虎尾,2024-10-22,9377
00933B,國泰10Y+金融債,10,0,10,華南永昌-虎尾,2024-10-22,9377
00943,兆豐電子高息等權,10,0,10,華南永昌-虎尾,2024-10-22,9377
1595,川寶,31,21,10,華南永昌-虎尾,2024-10-22,9377
1711,永光,147,18,129,華南永昌-虎尾,2024-10-23,9377
00950B,凱基A級公司債,75,0,75,華南永昌-虎尾,2024-10-23,9377
2330,台積電,67,3,64,華南永昌-虎尾,2024-10-23,9377
00673R,期元大S＆P原油反1,50,0,50,華南永昌-虎尾,2024-10-23,9377
2369,菱生,56,11,45,華南永昌-虎尾,2024-10-23,9377
00887,永豐中國科技50大,44,0,44,華南永昌-虎尾,2024-10-23,9377
00687B,國泰20年美債,48,5,43,華南永昌-虎尾,2024-10-23,9377
1785,光洋科,60,19,41,華南永昌-虎尾,2024-10-23,9377
2388,威盛,42,2,40,華南永昌-虎尾,2024-10-23,9377
3037,欣興,54,15,39,華南永昌-虎尾,2024-10-23,9377
2323,中環,40,1,39,華南永昌-虎尾,2024-10-23,9377
2329,華泰,62,25,37,華南永昌-虎尾,2024-10-23,9377
4720,德淵,36,1,35,華南永昌-虎尾,2024-10-23,9377
1314,中石化,53,20,33,華南永昌-虎尾,2024-10-23,9377
00679B,元大美債20年,34,1,33,華南永昌-虎尾,2024-10-23,9377
2303,聯電,34,1,33,華南永昌-虎尾,2024-10-23,9377
8076,伍豐,30,0,30,華南永昌-虎尾,2024-10-23,9377
8104,錸寶,26,0,26,華南永昌-虎尾,2024-10-23,9377
00740B,富邦全球投等債,25,0,25,華南永昌-虎尾,2024-10-23,9377
6139,亞翔,26,1,25,華南永昌-虎尾,2024-10-23,9377
00907,永豐優息存股,24,0,24,華南永昌-虎尾,2024-10-23,9377
2426,鼎元,24,0,24,華南永昌-虎尾,2024-10-23,9377
2317,鴻海,30,6,24,華南永昌-虎尾,2024-10-23,9377
1301,台塑,23,0,23,華南永昌-虎尾,2024-10-23,9377
1563,巧新,22,0,22,華南永昌-虎尾,2024-10-23,9377
3689,湧德,30,8,22,華南永昌-虎尾,2024-10-23,9377
00712,復華富時不動產,21,0,21,華南永昌-虎尾,2024-10-23,9377
6770,力積電,21,0,21,華南永昌-虎尾,2024-10-23,9377
9105,泰金寶-DR,21,0,21,華南永昌-虎尾,2024-10-23,9377
6763,綠界科技*,24,3,21,華南永昌-虎尾,2024-10-23,9377
00878,國泰永續高股息,21,0,21,華南永昌-虎尾,2024-10-23,9377
9955,佳龍,20,0,20,華南永昌-虎尾,2024-10-23,9377
00885,富邦越南,20,0,20,華南永昌-虎尾,2024-10-23,9377
9945,潤泰新,20,0,20,華南永昌-虎尾,2024-10-23,9377
6218,豪勉,17,0,17,華南永昌-虎尾,2024-10-23,9377
2374,佳能,27,11,16,華南永昌-虎尾,2024-10-23,9377
6189,豐藝,16,0,16,華南永昌-虎尾,2024-10-23,9377
4903,聯光通,27,11,16,華南永昌-虎尾,2024-10-23,9377
2601,益航,15,0,15,華南永昌-虎尾,2024-10-23,9377
2464,盟立,23,9,14,華南永昌-虎尾,2024-10-23,9377
00937B,群益ESG投等債20,12,0,12,華南永昌-虎尾,2024-10-23,9377
2002,中鋼,12,0,12,華南永昌-虎尾,2024-10-23,9377
2453,凌群,13,1,12,華南永昌-虎尾,2024-10-23,9377
6279,胡連,12,0,12,華南永昌-虎尾,2024-10-23,9377
8032,光菱,13,1,12,華南永昌-虎尾,2024-10-23,9377
0056,元大高股息,12,0,12,華南永昌-虎尾,2024-10-23,9377
5386,青雲,13,2,11,華南永昌-虎尾,2024-10-23,9377
2884,玉山金,11,0,11,華南永昌-虎尾,2024-10-23,9377
1471,首利,10,0,10,華南永昌-虎尾,2024-10-23,9377
00922,國泰台灣領袖50,10,0,10,華南永昌-虎尾,2024-10-23,9377
00938,凱基優選30,285,0,285,華南永昌-虎尾,2024-10-24,9377
00937B,群益ESG投等債20,99,0,99,華南永昌-虎尾,2024-10-24,9377
00637L,元大滬深300正2,128,30,98,華南永昌-虎尾,2024-10-24,9377
00919,群益台灣精選高息,54,0,54,華南永昌-虎尾,2024-10-24,9377
2344,華邦電,53,0,53,華南永昌-虎尾,2024-10-24,9377
8104,錸寶,50,0,50,華南永昌-虎尾,2024-10-24,9377
2399,映泰,81,32,49,華南永昌-虎尾,2024-10-24,9377
00753L,中信中國50正2,47,0,47,華南永昌-虎尾,2024-10-24,9377
2027,大成鋼,44,0,44,華南永昌-虎尾,2024-10-24,9377
3481,群創,47,8,39,華南永昌-虎尾,2024-10-24,9377
6763,綠界科技*,38,2,36,華南永昌-虎尾,2024-10-24,9377
2489,瑞軒,116,82,34,華南永昌-虎尾,2024-10-24,9377
6770,力積電,51,19,32,華南永昌-虎尾,2024-10-24,9377
00940,元大台灣價值高息,68,37,31,華南永昌-虎尾,2024-10-24,9377
2867,三商壽,30,0,30,華南永昌-虎尾,2024-10-24,9377
2468,華經,31,1,30,華南永昌-虎尾,2024-10-24,9377
1815,富喬,50,21,29,華南永昌-虎尾,2024-10-24,9377
0056,元大高股息,29,0,29,華南永昌-虎尾,2024-10-24,9377
00688L,國泰20年美債正2,30,3,27,華南永昌-虎尾,2024-10-24,9377
2883,凱基金,27,0,27,華南永昌-虎尾,2024-10-24,9377
00929,復華台灣科技優息,27,1,26,華南永昌-虎尾,2024-10-24,9377
1308,亞聚,23,0,23,華南永昌-虎尾,2024-10-24,9377
2402,毅嘉,22,0,22,華南永昌-虎尾,2024-10-24,9377
1563,巧新,21,0,21,華南永昌-虎尾,2024-10-24,9377
3591,艾笛森,21,0,21,華南永昌-虎尾,2024-10-24,9377
6284,佳邦,21,0,21,華南永昌-虎尾,2024-10-24,9377
8996,高力,22,2,20,華南永昌-虎尾,2024-10-24,9377
1785,光洋科,34,14,20,華南永昌-虎尾,2024-10-24,9377
2485,兆赫,20,0,20,華南永昌-虎尾,2024-10-24,9377
3019,亞光,41,21,20,華南永昌-虎尾,2024-10-24,9377
6263,普萊德,20,0,20,華南永昌-虎尾,2024-10-24,9377
6139,亞翔,20,0,20,華南永昌-虎尾,2024-10-24,9377
2303,聯電,25,6,19,華南永昌-虎尾,2024-10-24,9377
4526,東台,33,14,19,華南永昌-虎尾,2024-10-24,9377
2382,廣達,32,13,19,華南永昌-虎尾,2024-10-24,9377
1101,台泥,18,0,18,華南永昌-虎尾,2024-10-24,9377
2371,大同,23,6,17,華南永昌-虎尾,2024-10-24,9377
2388,威盛,82,65,17,華南永昌-虎尾,2024-10-24,9377
00679B,元大美債20年,18,2,16,華南永昌-虎尾,2024-10-24,9377
1528,恩德,60,44,16,華南永昌-虎尾,2024-10-24,9377
2426,鼎元,16,0,16,華南永昌-虎尾,2024-10-24,9377
3360,尚立,15,0,15,華南永昌-虎尾,2024-10-24,9377
00665L,富邦�琤肭磪囓�2,15,0,15,華南永昌-虎尾,2024-10-24,9377
1473,台南,13,0,13,華南永昌-虎尾,2024-10-24,9377
2431,聯昌,26,13,13,華南永昌-虎尾,2024-10-24,9377
3031,佰鴻,16,3,13,華南永昌-虎尾,2024-10-24,9377
00887,永豐中國科技50大,12,0,12,華南永昌-虎尾,2024-10-24,9377
00959B,大華投等美債15Y+,12,0,12,華南永昌-虎尾,2024-10-24,9377
00960,野村全球航運龍頭,11,0,11,華南永昌-虎尾,2024-10-24,9377
1301,台塑,12,1,11,華南永昌-虎尾,2024-10-24,9377
00959B,大華投等美債15Y+,430,0,430,華南永昌-虎尾,2024-10-25,9377
00948B,中信優息投資級債,400,0,400,華南永昌-虎尾,2024-10-25,9377
00950B,凱基A級公司債,300,0,300,華南永昌-虎尾,2024-10-25,9377
00942B,台新美A公司債20+,200,0,200,華南永昌-虎尾,2024-10-25,9377
00753L,中信中國50正2,155,25,130,華南永昌-虎尾,2024-10-25,9377
2312,金寶,108,25,83,華南永昌-虎尾,2024-10-25,9377
3615,安可,84,3,81,華南永昌-虎尾,2024-10-25,9377
3710,連展投控,77,0,77,華南永昌-虎尾,2024-10-25,9377
2303,聯電,66,1,65,華南永昌-虎尾,2024-10-25,9377
3481,群創,59,4,55,華南永昌-虎尾,2024-10-25,9377
00715L,期街口布蘭特正2,51,0,51,華南永昌-虎尾,2024-10-25,9377
00938,凱基優選30,100,50,50,華南永昌-虎尾,2024-10-25,9377
00652,富邦印度,46,0,46,華南永昌-虎尾,2024-10-25,9377
8358,金居,47,1,46,華南永昌-虎尾,2024-10-25,9377
00687B,國泰20年美債,66,25,41,華南永昌-虎尾,2024-10-25,9377
2489,瑞軒,221,182,39,華南永昌-虎尾,2024-10-25,9377
1605,華新,48,10,38,華南永昌-虎尾,2024-10-25,9377
2027,大成鋼,25,0,25,華南永昌-虎尾,2024-10-25,9377
1314,中石化,25,0,25,華南永昌-虎尾,2024-10-25,9377
1815,富喬,45,22,23,華南永昌-虎尾,2024-10-25,9377
2369,菱生,22,0,22,華南永昌-虎尾,2024-10-25,9377
8076,伍豐,21,0,21,華南永昌-虎尾,2024-10-25,9377
1522,堤維西,20,0,20,華南永昌-虎尾,2024-10-25,9377
2845,遠東銀,20,0,20,華南永昌-虎尾,2024-10-25,9377
6142,友勁,21,1,20,華南永昌-虎尾,2024-10-25,9377
6219,富旺,20,0,20,華南永昌-虎尾,2024-10-25,9377
2426,鼎元,18,0,18,華南永昌-虎尾,2024-10-25,9377
1595,川寶,17,0,17,華南永昌-虎尾,2024-10-25,9377
00893,國泰智能電動車,16,0,16,華南永昌-虎尾,2024-10-25,9377
00951,台新日本半導體,15,0,15,華南永昌-虎尾,2024-10-25,9377
2399,映泰,25,11,14,華南永昌-虎尾,2024-10-25,9377
1528,恩德,32,19,13,華南永昌-虎尾,2024-10-25,9377
2344,華邦電,35,23,12,華南永昌-虎尾,2024-10-25,9377
1609,大亞,12,0,12,華南永昌-虎尾,2024-10-25,9377
8021,尖點,13,1,12,華南永昌-虎尾,2024-10-25,9377
4968,立積,11,0,11,華南永昌-虎尾,2024-10-25,9377
1536,和大,21,10,11,華南永昌-虎尾,2024-10-25,9377
3035,智原,12,1,11,華南永昌-虎尾,2024-10-25,9377
00795B,中信美國公債20年,10,0,10,華南永昌-虎尾,2024-10-25,9377
8050,廣積,11,1,10,華南永昌-虎尾,2024-10-25,9377
3033,威健,10,0,10,華南永昌-虎尾,2024-10-25,9377
6016,康和證,10,0,10,華南永昌-虎尾,2024-10-25,9377
00706L,期元大S＆P日圓正2,10,0,10,華南永昌-虎尾,2024-10-25,9377
00690,兆豐藍籌30,10,0,10,華南永昌-虎尾,2024-10-25,9377
1326,台化,10,0,10,華南永昌-虎尾,2024-10-25,9377
1524,耿鼎,11,1,10,華南永昌-虎尾,2024-10-25,9377
2323,中環,20,10,10,華南永昌-虎尾,2024-10-25,9377
2429,銘旺科,10,0,10,華南永昌-虎尾,2024-10-25,9377
2455,全新,10,0,10,華南永昌-虎尾,2024-10-25,9377
2915,潤泰全,10,0,10,華南永昌-虎尾,2024-10-25,9377
2312,金寶,179,17,162,華南永昌-虎尾,2024-10-28,9377
00715L,期街口布蘭特正2,138,0,138,華南永昌-虎尾,2024-10-28,9377
00937B,群益ESG投等債20,119,1,118,華南永昌-虎尾,2024-10-28,9377
6486,互動,102,2,100,華南永昌-虎尾,2024-10-28,9377
3481,群創,91,0,91,華南永昌-虎尾,2024-10-28,9377
2883,凱基金,91,1,90,華南永昌-虎尾,2024-10-28,9377
00959B,大華投等美債15Y+,75,0,75,華南永昌-虎尾,2024-10-28,9377
00637L,元大滬深300正2,150,96,54,華南永昌-虎尾,2024-10-28,9377
3615,安可,39,0,39,華南永昌-虎尾,2024-10-28,9377
2317,鴻海,96,58,38,華南永昌-虎尾,2024-10-28,9377
3607,谷崧,35,0,35,華南永昌-虎尾,2024-10-28,9377
4720,德淵,34,0,34,華南永昌-虎尾,2024-10-28,9377
2354,鴻準,50,17,33,華南永昌-虎尾,2024-10-28,9377
2303,聯電,32,0,32,華南永昌-虎尾,2024-10-28,9377
1584,精剛,30,0,30,華南永昌-虎尾,2024-10-28,9377
2489,瑞軒,116,86,30,華南永昌-虎尾,2024-10-28,9377
6591,動力-KY,28,0,28,華南永昌-虎尾,2024-10-28,9377
00687B,國泰20年美債,26,0,26,華南永昌-虎尾,2024-10-28,9377
6152,百一,26,0,26,華南永昌-虎尾,2024-10-28,9377
006208,富邦台50,26,1,25,華南永昌-虎尾,2024-10-28,9377
00762,元大全球AI,25,0,25,華南永昌-虎尾,2024-10-28,9377
2607,榮運,25,0,25,華南永昌-虎尾,2024-10-28,9377
3257,虹冠電,25,0,25,華南永昌-虎尾,2024-10-28,9377
2426,鼎元,22,0,22,華南永昌-虎尾,2024-10-28,9377
6906,現觀科,21,0,21,華南永昌-虎尾,2024-10-28,9377
2022,聚亨,20,0,20,華南永昌-虎尾,2024-10-28,9377
4105,東洋,20,0,20,華南永昌-虎尾,2024-10-28,9377
00706L,期元大S＆P日圓正2,20,0,20,華南永昌-虎尾,2024-10-28,9377
2485,兆赫,30,10,20,華南永昌-虎尾,2024-10-28,9377
6288,聯嘉,36,16,20,華南永昌-虎尾,2024-10-28,9377
00679B,元大美債20年,20,2,18,華南永昌-虎尾,2024-10-28,9377
3710,連展投控,19,2,17,華南永昌-虎尾,2024-10-28,9377
0056,元大高股息,22,6,16,華南永昌-虎尾,2024-10-28,9377
00719B,元大美債1-3,15,0,15,華南永昌-虎尾,2024-10-28,9377
00712,復華富時不動產,15,0,15,華南永昌-虎尾,2024-10-28,9377
8104,錸寶,14,0,14,華南永昌-虎尾,2024-10-28,9377
00893,國泰智能電動車,20,7,13,華南永昌-虎尾,2024-10-28,9377
8021,尖點,13,0,13,華南永昌-虎尾,2024-10-28,9377
6235,華孚,21,8,13,華南永昌-虎尾,2024-10-28,9377
2323,中環,22,10,12,華南永昌-虎尾,2024-10-28,9377
00688L,國泰20年美債正2,12,0,12,華南永昌-虎尾,2024-10-28,9377
2356,英業達,15,3,12,華南永昌-虎尾,2024-10-28,9377
2482,連宇,10,0,10,華南永昌-虎尾,2024-10-28,9377
2929,淘帝-KY,10,0,10,華南永昌-虎尾,2024-10-28,9377
00642U,期元大S＆P石油,10,0,10,華南永昌-虎尾,2024-10-28,9377
00664R,國泰臺灣加權反1,10,0,10,華南永昌-虎尾,2024-10-28,9377
00692,富邦公司治理,10,0,10,華南永昌-虎尾,2024-10-28,9377
00907,永豐優息存股,10,0,10,華南永昌-虎尾,2024-10-28,9377
00918,大華優利高填息30,10,0,10,華南永昌-虎尾,2024-10-28,9377
00946,群益科技高息成長,10,0,10,華南永昌-虎尾,2024-10-28,9377
2607,榮運,221,0,221,華南永昌-虎尾,2024-10-29,9377
00715L,期街口布蘭特正2,171,0,171,華南永昌-虎尾,2024-10-29,9377
00878,國泰永續高股息,150,0,150,華南永昌-虎尾,2024-10-29,9377
2323,中環,142,10,132,華南永昌-虎尾,2024-10-29,9377
00919,群益台灣精選高息,89,2,87,華南永昌-虎尾,2024-10-29,9377
00929,復華台灣科技優息,78,0,78,華南永昌-虎尾,2024-10-29,9377
2303,聯電,81,8,73,華南永昌-虎尾,2024-10-29,9377
4720,德淵,65,0,65,華南永昌-虎尾,2024-10-29,9377
2883,凱基金,73,12,61,華南永昌-虎尾,2024-10-29,9377
00673R,期元大S＆P原油反1,60,0,60,華南永昌-虎尾,2024-10-29,9377
3481,群創,59,8,51,華南永昌-虎尾,2024-10-29,9377
00959B,大華投等美債15Y+,50,0,50,華南永昌-虎尾,2024-10-29,9377
8104,錸寶,50,0,50,華南永昌-虎尾,2024-10-29,9377
00918,大華優利高填息30,44,0,44,華南永昌-虎尾,2024-10-29,9377
2489,瑞軒,134,91,43,華南永昌-虎尾,2024-10-29,9377
2812,台中銀,42,0,42,華南永昌-虎尾,2024-10-29,9377
1563,巧新,38,0,38,華南永昌-虎尾,2024-10-29,9377
1449,佳和,48,14,34,華南永昌-虎尾,2024-10-29,9377
2349,錸德,44,11,33,華南永昌-虎尾,2024-10-29,9377
2344,華邦電,36,6,30,華南永昌-虎尾,2024-10-29,9377
00946,群益科技高息成長,28,0,28,華南永昌-虎尾,2024-10-29,9377
00757,統一FANG+,28,0,28,華南永昌-虎尾,2024-10-29,9377
2476,鉅祥,26,1,25,華南永昌-虎尾,2024-10-29,9377
1718,中纖,22,0,22,華南永昌-虎尾,2024-10-29,9377
2609,陽明,24,3,21,華南永昌-虎尾,2024-10-29,9377
00639,富邦深100,20,0,20,華南永昌-虎尾,2024-10-29,9377
00643,群益深証中小,20,0,20,華南永昌-虎尾,2024-10-29,9377
00940,元大台灣價值高息,19,0,19,華南永昌-虎尾,2024-10-29,9377
8021,尖點,19,0,19,華南永昌-虎尾,2024-10-29,9377
2646,星宇航空,26,9,17,華南永昌-虎尾,2024-10-29,9377
3035,智原,20,3,17,華南永昌-虎尾,2024-10-29,9377
00891,中信關鍵半導體,16,0,16,華南永昌-虎尾,2024-10-29,9377
1711,永光,19,3,16,華南永昌-虎尾,2024-10-29,9377
2371,大同,47,31,16,華南永昌-虎尾,2024-10-29,9377
2399,映泰,19,3,16,華南永昌-虎尾,2024-10-29,9377
006208,富邦台50,24,9,15,華南永昌-虎尾,2024-10-29,9377
00795B,中信美國公債20年,15,0,15,華南永昌-虎尾,2024-10-29,9377
2601,益航,15,0,15,華南永昌-虎尾,2024-10-29,9377
2515,中工,14,0,14,華南永昌-虎尾,2024-10-29,9377
2881,富邦金,14,0,14,華南永昌-虎尾,2024-10-29,9377
5488,松普,15,1,14,華南永昌-虎尾,2024-10-29,9377
0050,元大台灣50,14,0,14,華南永昌-虎尾,2024-10-29,9377
00762,元大全球AI,13,0,13,華南永昌-虎尾,2024-10-29,9377
6142,友勁,23,10,13,華南永昌-虎尾,2024-10-29,9377
2498,宏達電,13,1,12,華南永昌-虎尾,2024-10-29,9377
2543,皇昌,21,9,12,華南永昌-虎尾,2024-10-29,9377
4157,太景*-KY,22,10,12,華南永昌-虎尾,2024-10-29,9377
2317,鴻海,49,37,12,華南永昌-虎尾,2024-10-29,9377
3711,日月光投控,11,0,11,華南永昌-虎尾,2024-10-29,9377
00679B,元大美債20年,11,0,11,華南永昌-虎尾,2024-10-29,9377
3481,群創,257,15,242,華南永昌-虎尾,2024-10-30,9377
00637L,元大滬深300正2,174,17,157,華南永昌-虎尾,2024-10-30,9377
00937B,群益ESG投等債20,124,0,124,華南永昌-虎尾,2024-10-30,9377
2312,金寶,115,5,110,華南永昌-虎尾,2024-10-30,9377
00882,中信中國高股息,89,0,89,華南永昌-虎尾,2024-10-30,9377
00753L,中信中國50正2,77,2,75,華南永昌-虎尾,2024-10-30,9377
00715L,期街口布蘭特正2,58,0,58,華南永昌-虎尾,2024-10-30,9377
2801,彰銀,56,0,56,華南永昌-虎尾,2024-10-30,9377
2303,聯電,55,0,55,華南永昌-虎尾,2024-10-30,9377
6278,台表科,50,0,50,華南永昌-虎尾,2024-10-30,9377
3715,定穎投控,52,7,45,華南永昌-虎尾,2024-10-30,9377
00946,群益科技高息成長,39,0,39,華南永昌-虎尾,2024-10-30,9377
00919,群益台灣精選高息,39,0,39,華南永昌-虎尾,2024-10-30,9377
2489,瑞軒,77,41,36,華南永昌-虎尾,2024-10-30,9377
2867,三商壽,34,0,34,華南永昌-虎尾,2024-10-30,9377
0056,元大高股息,33,0,33,華南永昌-虎尾,2024-10-30,9377
2392,正崴,39,6,33,華南永昌-虎尾,2024-10-30,9377
2881,富邦金,30,1,29,華南永昌-虎尾,2024-10-30,9377
00929,復華台灣科技優息,55,27,28,華南永昌-虎尾,2024-10-30,9377
00680L,元大美債20正2,25,0,25,華南永昌-虎尾,2024-10-30,9377
8104,錸寶,25,0,25,華南永昌-虎尾,2024-10-30,9377
1326,台化,21,0,21,華南永昌-虎尾,2024-10-30,9377
5202,力新,26,5,21,華南永昌-虎尾,2024-10-30,9377
00891,中信關鍵半導體,20,0,20,華南永昌-虎尾,2024-10-30,9377
6182,合晶,20,0,20,華南永昌-虎尾,2024-10-30,9377
2337,旺宏,29,10,19,華南永昌-虎尾,2024-10-30,9377
00878,國泰永續高股息,20,2,18,華南永昌-虎尾,2024-10-30,9377
00887,永豐中國科技50大,25,7,18,華南永昌-虎尾,2024-10-30,9377
00712,復華富時不動產,16,0,16,華南永昌-虎尾,2024-10-30,9377
2891,中信金,16,1,15,華南永昌-虎尾,2024-10-30,9377
2328,廣宇,26,11,15,華南永昌-虎尾,2024-10-30,9377
2349,錸德,14,0,14,華南永昌-虎尾,2024-10-30,9377
00940,元大台灣價值高息,15,2,13,華南永昌-虎尾,2024-10-30,9377
6213,聯茂,13,0,13,華南永昌-虎尾,2024-10-30,9377
6235,華孚,12,0,12,華南永昌-虎尾,2024-10-30,9377
3615,安可,12,0,12,華南永昌-虎尾,2024-10-30,9377
2481,強茂,12,0,12,華南永昌-虎尾,2024-10-30,9377
6265,方土昶,12,0,12,華南永昌-虎尾,2024-10-30,9377
2355,敬鵬,11,0,11,華南永昌-虎尾,2024-10-30,9377
2890,永豐金,11,0,11,華南永昌-虎尾,2024-10-30,9377
1540,喬福,114,103,11,華南永昌-虎尾,2024-10-30,9377
00751B,元大AAA至A公司債,10,0,10,華南永昌-虎尾,2024-10-30,9377
00632R,元大台灣50反1,10,0,10,華南永昌-虎尾,2024-10-30,9377
00642U,期元大S＆P石油,10,0,10,華南永昌-虎尾,2024-10-30,9377
1714,和桐,10,0,10,華南永昌-虎尾,2024-10-30,9377
2845,遠東銀,20,10,10,華南永昌-虎尾,2024-10-30,9377
3162,精確,10,0,10,華南永昌-虎尾,2024-10-30,9377
3360,尚立,16,6,10,華南永昌-虎尾,2024-10-30,9377
3666,光耀,10,0,10,華南永昌-虎尾,2024-10-30,9377
4956,光鋐,10,0,10,華南永昌-虎尾,2024-10-30,9377
2303,聯電,178,6,172,華南永昌-虎尾,2024-11-01,9377
3047,訊舟,146,49,97,華南永昌-虎尾,2024-11-01,9377
2542,興富發,74,3,71,華南永昌-虎尾,2024-11-01,9377
00929,復華台灣科技優息,73,10,63,華南永昌-虎尾,2024-11-01,9377
00878,國泰永續高股息,57,0,57,華南永昌-虎尾,2024-11-01,9377
1605,華新,70,14,56,華南永昌-虎尾,2024-11-01,9377
2317,鴻海,52,7,45,華南永昌-虎尾,2024-11-01,9377
2891,中信金,44,0,44,華南永昌-虎尾,2024-11-01,9377
1563,巧新,43,0,43,華南永昌-虎尾,2024-11-01,9377
6213,聯茂,50,7,43,華南永昌-虎尾,2024-11-01,9377
00919,群益台灣精選高息,53,11,42,華南永昌-虎尾,2024-11-01,9377
8111,立��,52,14,38,華南永昌-虎尾,2024-11-01,9377
2646,星宇航空,38,3,35,華南永昌-虎尾,2024-11-01,9377
2354,鴻準,140,108,32,華南永昌-虎尾,2024-11-01,9377
00671R,富邦NASDAQ反1,30,0,30,華南永昌-虎尾,2024-11-01,9377
6278,台表科,30,0,30,華南永昌-虎尾,2024-11-01,9377
2543,皇昌,40,11,29,華南永昌-虎尾,2024-11-01,9377
00712,復華富時不動產,28,0,28,華南永昌-虎尾,2024-11-01,9377
4958,臻鼎-KY,27,0,27,華南永昌-虎尾,2024-11-01,9377
2884,玉山金,25,0,25,華南永昌-虎尾,2024-11-01,9377
00673R,期元大S＆P原油反1,20,0,20,華南永昌-虎尾,2024-11-01,9377
2337,旺宏,27,9,18,華南永昌-虎尾,2024-11-01,9377
00915,凱基優選高股息30,17,0,17,華南永昌-虎尾,2024-11-01,9377
2883,凱基金,17,0,17,華南永昌-虎尾,2024-11-01,9377
00670L,富邦NASDAQ正2,15,0,15,華南永昌-虎尾,2024-11-01,9377
00945B,凱基美國非投等債,15,0,15,華南永昌-虎尾,2024-11-01,9377
2405,輔信,21,6,15,華南永昌-虎尾,2024-11-01,9377
3207,耀勝,15,0,15,華南永昌-虎尾,2024-11-01,9377
3481,群創,30,15,15,華南永昌-虎尾,2024-11-01,9377
4915,致伸,15,0,15,華南永昌-虎尾,2024-11-01,9377
00940,元大台灣價值高息,14,0,14,華南永昌-虎尾,2024-11-01,9377
3024,憶聲,14,0,14,華南永昌-虎尾,2024-11-01,9377
2426,鼎元,23,10,13,華南永昌-虎尾,2024-11-01,9377
3149,正達,14,1,13,華南永昌-虎尾,2024-11-01,9377
4971,IET-KY,13,0,13,華南永昌-虎尾,2024-11-01,9377
1815,富喬,39,27,12,華南永昌-虎尾,2024-11-01,9377
6216,居易,25,13,12,華南永昌-虎尾,2024-11-01,9377
6788,華景電,12,0,12,華南永昌-虎尾,2024-11-01,9377
2328,廣宇,21,9,12,華南永昌-虎尾,2024-11-01,9377
6770,力積電,11,0,11,華南永昌-虎尾,2024-11-01,9377
1326,台化,12,1,11,華南永昌-虎尾,2024-11-01,9377
3031,佰鴻,11,0,11,華南永昌-虎尾,2024-11-01,9377
4720,德淵,11,0,11,華南永昌-虎尾,2024-11-01,9377
2606,裕民,11,1,10,華南永昌-虎尾,2024-11-01,9377
3050,鈺德,10,0,10,華南永昌-虎尾,2024-11-01,9377
6443,元晶,20,10,10,華南永昌-虎尾,2024-11-01,9377
6161,捷波,9,0,9,華南永昌-虎尾,2024-11-01,9377
2344,華邦電,14,5,9,華南永昌-虎尾,2024-11-01,9377
2363,矽統,10,1,9,華南永昌-虎尾,2024-11-01,9377
2886,兆豐金,9,0,9,華南永昌-虎尾,2024-11-01,9377
00943,兆豐電子高息等權,181,0,181,華南永昌-虎尾,2024-11-04,9377
00932,兆豐永續高息等權,110,3,107,華南永昌-虎尾,2024-11-04,9377
00753L,中信中國50正2,70,0,70,華南永昌-虎尾,2024-11-04,9377
2615,萬海,106,38,68,華南永昌-虎尾,2024-11-04,9377
2408,南亞科,64,2,62,華南永昌-虎尾,2024-11-04,9377
00687B,國泰20年美債,55,0,55,華南永昌-虎尾,2024-11-04,9377
2429,銘旺科,54,0,54,華南永昌-虎尾,2024-11-04,9377
00878,國泰永續高股息,52,1,51,華南永昌-虎尾,2024-11-04,9377
2303,聯電,63,12,51,華南永昌-虎尾,2024-11-04,9377
00919,群益台灣精選高息,50,0,50,華南永昌-虎尾,2024-11-04,9377
2312,金寶,113,67,46,華南永昌-虎尾,2024-11-04,9377
2607,榮運,44,2,42,華南永昌-虎尾,2024-11-04,9377
1528,恩德,47,8,39,華南永昌-虎尾,2024-11-04,9377
2337,旺宏,36,0,36,華南永昌-虎尾,2024-11-04,9377
00929,復華台灣科技優息,117,81,36,華南永昌-虎尾,2024-11-04,9377
00960,野村全球航運龍頭,33,0,33,華南永昌-虎尾,2024-11-04,9377
6770,力積電,31,5,26,華南永昌-虎尾,2024-11-04,9377
00930,永豐ESG低碳高息,25,0,25,華南永昌-虎尾,2024-11-04,9377
2323,中環,45,20,25,華南永昌-虎尾,2024-11-04,9377
4956,光鋐,26,1,25,華南永昌-虎尾,2024-11-04,9377
6133,金橋,37,13,24,華南永昌-虎尾,2024-11-04,9377
8086,宏捷科,23,0,23,華南永昌-虎尾,2024-11-04,9377
00632R,元大台灣50反1,21,0,21,華南永昌-虎尾,2024-11-04,9377
2646,星宇航空,28,8,20,華南永昌-虎尾,2024-11-04,9377
00664R,國泰臺灣加權反1,20,0,20,華南永昌-虎尾,2024-11-04,9377
2228,劍麟,20,0,20,華南永昌-虎尾,2024-11-04,9377
3207,耀勝,20,0,20,華南永昌-虎尾,2024-11-04,9377
2892,第一金,20,0,20,華南永昌-虎尾,2024-11-04,9377
2349,錸德,20,2,18,華南永昌-虎尾,2024-11-04,9377
2882,國泰金,33,15,18,華南永昌-虎尾,2024-11-04,9377
4545,銘鈺,17,0,17,華南永昌-虎尾,2024-11-04,9377
8111,立��,50,33,17,華南永昌-虎尾,2024-11-04,9377
0056,元大高股息,16,0,16,華南永昌-虎尾,2024-11-04,9377
3257,虹冠電,20,5,15,華南永昌-虎尾,2024-11-04,9377
3264,欣銓,15,0,15,華南永昌-虎尾,2024-11-04,9377
8104,錸寶,15,0,15,華南永昌-虎尾,2024-11-04,9377
2329,華泰,17,3,14,華南永昌-虎尾,2024-11-04,9377
00679B,元大美債20年,18,5,13,華南永昌-虎尾,2024-11-04,9377
00795B,中信美國公債20年,14,1,13,華南永昌-虎尾,2024-11-04,9377
6265,方土昶,13,0,13,華南永昌-虎尾,2024-11-04,9377
00915,凱基優選高股息30,13,0,13,華南永昌-虎尾,2024-11-04,9377
00652,富邦印度,12,0,12,華南永昌-虎尾,2024-11-04,9377
1605,華新,22,10,12,華南永昌-虎尾,2024-11-04,9377
3260,威剛,12,0,12,華南永昌-虎尾,2024-11-04,9377
3711,日月光投控,12,0,12,華南永昌-虎尾,2024-11-04,9377
4720,德淵,12,0,12,華南永昌-虎尾,2024-11-04,9377
8390,金益鼎,12,0,12,華南永昌-虎尾,2024-11-04,9377
3481,群創,12,1,11,華南永昌-虎尾,2024-11-04,9377
2354,鴻準,102,91,11,華南永昌-虎尾,2024-11-04,9377
00665L,富邦�琤肭磪囓�2,10,0,10,華南永昌-虎尾,2024-11-04,9377
00937B,群益ESG投等債20,152,10,142,華南永昌-虎尾,2024-11-05,9377
3049,精金,86,6,80,華南永昌-虎尾,2024-11-05,9377
5508,永信建,69,0,69,華南永昌-虎尾,2024-11-05,9377
2312,金寶,73,16,57,華南永昌-虎尾,2024-11-05,9377
2303,聯電,56,4,52,華南永昌-虎尾,2024-11-05,9377
00919,群益台灣精選高息,59,11,48,華南永昌-虎尾,2024-11-05,9377
00664R,國泰臺灣加權反1,40,0,40,華南永昌-虎尾,2024-11-05,9377
2354,鴻準,134,101,33,華南永昌-虎尾,2024-11-05,9377
00930,永豐ESG低碳高息,31,0,31,華南永昌-虎尾,2024-11-05,9377
00650L,復華香港正2,30,0,30,華南永昌-虎尾,2024-11-05,9377
1449,佳和,30,0,30,華南永昌-虎尾,2024-11-05,9377
3317,尼克森,30,0,30,華南永昌-虎尾,2024-11-05,9377
3710,連展投控,30,0,30,華南永昌-虎尾,2024-11-05,9377
00633L,富邦上証正2,30,2,28,華南永昌-虎尾,2024-11-05,9377
6265,方土昶,22,0,22,華南永昌-虎尾,2024-11-05,9377
00844B,新光15年IG金融債,20,0,20,華南永昌-虎尾,2024-11-05,9377
2344,華邦電,21,4,17,華南永昌-虎尾,2024-11-05,9377
3615,安可,17,0,17,華南永昌-虎尾,2024-11-05,9377
00878,國泰永續高股息,19,2,17,華南永昌-虎尾,2024-11-05,9377
00946,群益科技高息成長,16,0,16,華南永昌-虎尾,2024-11-05,9377
1595,川寶,16,1,15,華南永昌-虎尾,2024-11-05,9377
2601,益航,20,5,15,華南永昌-虎尾,2024-11-05,9377
2929,淘帝-KY,15,0,15,華南永昌-虎尾,2024-11-05,9377
006208,富邦台50,14,0,14,華南永昌-虎尾,2024-11-05,9377
2405,輔信,27,14,13,華南永昌-虎尾,2024-11-05,9377
6547,高端疫苗,14,1,13,華南永昌-虎尾,2024-11-05,9377
3711,日月光投控,12,0,12,華南永昌-虎尾,2024-11-05,9377
2607,榮運,13,1,12,華南永昌-虎尾,2024-11-05,9377
8104,錸寶,12,0,12,華南永昌-虎尾,2024-11-05,9377
1326,台化,11,0,11,華南永昌-虎尾,2024-11-05,9377
9911,櫻花,11,0,11,華南永昌-虎尾,2024-11-05,9377
2880,華南金,11,0,11,華南永昌-虎尾,2024-11-05,9377
9914,美利達,14,4,10,華南永昌-虎尾,2024-11-05,9377
00932,兆豐永續高息等權,10,0,10,華南永昌-虎尾,2024-11-05,9377
3490,單井,20,10,10,華南永昌-虎尾,2024-11-05,9377
2408,南亞科,13,3,10,華南永昌-虎尾,2024-11-05,9377
2485,兆赫,40,30,10,華南永昌-虎尾,2024-11-05,9377
3374,精材,10,0,10,華南永昌-虎尾,2024-11-05,9377
8096,擎亞,10,0,10,華南永昌-虎尾,2024-11-05,9377
006205,富邦上証,10,1,9,華南永昌-虎尾,2024-11-05,9377
00959B,大華投等美債15Y+,10,1,9,華南永昌-虎尾,2024-11-05,9377
1442,名軒,9,0,9,華南永昌-虎尾,2024-11-05,9377
2646,星宇航空,9,0,9,華南永昌-虎尾,2024-11-05,9377
4716,大立,10,1,9,華南永昌-虎尾,2024-11-05,9377
0056,元大高股息,9,0,9,華南永昌-虎尾,2024-11-05,9377
00665L,富邦�琤肭磪囓�2,30,22,8,華南永昌-虎尾,2024-11-05,9377
3055,蔚華科,8,0,8,華南永昌-虎尾,2024-11-05,9377
6197,佳必琪,9,1,8,華南永昌-虎尾,2024-11-05,9377
6550,北極星藥業-KY,10,2,8,華南永昌-虎尾,2024-11-05,9377
3450,聯鈞,20,12,8,華南永昌-虎尾,2024-11-05,9377
00932,兆豐永續高息等權,157,6,151,華南永昌-虎尾,2024-11-06,9377
00687B,國泰20年美債,163,38,125,華南永昌-虎尾,2024-11-06,9377
00922,國泰台灣領袖50,117,2,115,華南永昌-虎尾,2024-11-06,9377
2834,臺企銀,100,4,96,華南永昌-虎尾,2024-11-06,9377
00637L,元大滬深300正2,217,137,80,華南永昌-虎尾,2024-11-06,9377
2353,宏��,82,11,71,華南永昌-虎尾,2024-11-06,9377
00680L,元大美債20正2,62,0,62,華南永昌-虎尾,2024-11-06,9377
3049,精金,61,0,61,華南永昌-虎尾,2024-11-06,9377
2101,南港,57,1,56,華南永昌-虎尾,2024-11-06,9377
00753L,中信中國50正2,48,1,47,華南永昌-虎尾,2024-11-06,9377
00679B,元大美債20年,48,3,45,華南永昌-虎尾,2024-11-06,9377
00959B,大華投等美債15Y+,30,0,30,華南永昌-虎尾,2024-11-06,9377
2426,鼎元,30,0,30,華南永昌-虎尾,2024-11-06,9377
2883,凱基金,34,6,28,華南永昌-虎尾,2024-11-06,9377
4919,新唐,26,1,25,華南永昌-虎尾,2024-11-06,9377
00919,群益台灣精選高息,33,8,25,華南永昌-虎尾,2024-11-06,9377
3149,正達,27,3,24,華南永昌-虎尾,2024-11-06,9377
2344,華邦電,23,1,22,華南永昌-虎尾,2024-11-06,9377
4157,太景*-KY,21,0,21,華南永昌-虎尾,2024-11-06,9377
00693U,期街口S＆P黃豆,20,0,20,華南永昌-虎尾,2024-11-06,9377
1809,中釉,20,0,20,華南永昌-虎尾,2024-11-06,9377
3062,建漢,57,37,20,華南永昌-虎尾,2024-11-06,9377
00633L,富邦上証正2,23,5,18,華南永昌-虎尾,2024-11-06,9377
00887,永豐中國科技50大,31,15,16,華南永昌-虎尾,2024-11-06,9377
3317,尼克森,26,10,16,華南永昌-虎尾,2024-11-06,9377
4545,銘鈺,15,0,15,華南永昌-虎尾,2024-11-06,9377
4716,大立,15,0,15,華南永昌-虎尾,2024-11-06,9377
9907,統一實,15,0,15,華南永昌-虎尾,2024-11-06,9377
2330,台積電,33,19,14,華南永昌-虎尾,2024-11-06,9377
5347,世界,17,4,13,華南永昌-虎尾,2024-11-06,9377
1722,台肥,12,0,12,華南永昌-虎尾,2024-11-06,9377
5443,均豪,15,3,12,華南永昌-虎尾,2024-11-06,9377
6856,鑫傳,12,0,12,華南永昌-虎尾,2024-11-06,9377
3033,威健,11,0,11,華南永昌-虎尾,2024-11-06,9377
6153,嘉聯益,11,0,11,華南永昌-虎尾,2024-11-06,9377
6486,互動,11,0,11,華南永昌-虎尾,2024-11-06,9377
8104,錸寶,11,0,11,華南永昌-虎尾,2024-11-06,9377
4958,臻鼎-KY,10,0,10,華南永昌-虎尾,2024-11-06,9377
5508,永信建,15,5,10,華南永昌-虎尾,2024-11-06,9377
2409,友達,11,1,10,華南永昌-虎尾,2024-11-06,9377
4956,光鋐,41,31,10,華南永昌-虎尾,2024-11-06,9377
1727,中華化,10,0,10,華南永昌-虎尾,2024-11-06,9377
2498,宏達電,11,1,10,華南永昌-虎尾,2024-11-06,9377
2520,冠德,10,0,10,華南永昌-虎尾,2024-11-06,9377
6016,康和證,10,0,10,華南永昌-虎尾,2024-11-06,9377
6215,和椿,10,0,10,華南永昌-虎尾,2024-11-06,9377
8088,品安,10,0,10,華南永昌-虎尾,2024-11-06,9377
2351,順德,9,0,9,華南永昌-虎尾,2024-11-06,9377
4561,健椿,10,1,9,華南永昌-虎尾,2024-11-06,9377
4903,聯光通,14,5,9,華南永昌-虎尾,2024-11-06,9377
2888,新光金,236,100,136,華南永昌-虎尾,2024-11-07,9377
2897,王道銀行,101,0,101,華南永昌-虎尾,2024-11-07,9377
00932,兆豐永續高息等權,98,8,90,華南永昌-虎尾,2024-11-07,9377
00688L,國泰20年美債正2,75,0,75,華南永昌-虎尾,2024-11-07,9377
2062,橋椿,73,0,73,華南永昌-虎尾,2024-11-07,9377
3231,緯創,96,31,65,華南永昌-虎尾,2024-11-07,9377
00673R,期元大S＆P原油反1,60,0,60,華南永昌-虎尾,2024-11-07,9377
00687B,國泰20年美債,46,0,46,華南永昌-虎尾,2024-11-07,9377
2303,聯電,81,38,43,華南永昌-虎尾,2024-11-07,9377
9105,泰金寶-DR,96,64,32,華南永昌-虎尾,2024-11-07,9377
2007,燁興,28,0,28,華南永昌-虎尾,2024-11-07,9377
2801,彰銀,28,0,28,華南永昌-虎尾,2024-11-07,9377
6548,長科*,27,0,27,華南永昌-虎尾,2024-11-07,9377
00762,元大全球AI,25,0,25,華南永昌-虎尾,2024-11-07,9377
2388,威盛,37,12,25,華南永昌-虎尾,2024-11-07,9377
00712,復華富時不動產,22,0,22,華南永昌-虎尾,2024-11-07,9377
2425,承啟,30,9,21,華南永昌-虎尾,2024-11-07,9377
00713,元大台灣高息低波,20,0,20,華南永昌-虎尾,2024-11-07,9377
00664R,國泰臺灣加權反1,20,0,20,華南永昌-虎尾,2024-11-07,9377
6016,康和證,20,0,20,華南永昌-虎尾,2024-11-07,9377
2314,台揚,20,2,18,華南永昌-虎尾,2024-11-07,9377
2365,昆盈,29,11,18,華南永昌-虎尾,2024-11-07,9377
2646,星宇航空,20,3,17,華南永昌-虎尾,2024-11-07,9377
00680L,元大美債20正2,17,0,17,華南永昌-虎尾,2024-11-07,9377
9914,美利達,17,0,17,華南永昌-虎尾,2024-11-07,9377
2881,富邦金,16,0,16,華南永昌-虎尾,2024-11-07,9377
006208,富邦台50,14,1,13,華南永昌-虎尾,2024-11-07,9377
3706,神達,24,11,13,華南永昌-虎尾,2024-11-07,9377
2892,第一金,17,5,12,華南永昌-虎尾,2024-11-07,9377
2486,一詮,15,3,12,華南永昌-虎尾,2024-11-07,9377
2867,三商壽,12,0,12,華南永昌-虎尾,2024-11-07,9377
4716,大立,12,0,12,華南永昌-虎尾,2024-11-07,9377
6753,龍德造船,11,0,11,華南永昌-虎尾,2024-11-07,9377
2408,南亞科,13,3,10,華南永昌-虎尾,2024-11-07,9377
5864,致和證,10,0,10,華南永昌-虎尾,2024-11-07,9377
1904,正隆,10,0,10,華南永昌-虎尾,2024-11-07,9377
2609,陽明,26,16,10,華南永昌-虎尾,2024-11-07,9377
1540,喬福,11,1,10,華南永昌-虎尾,2024-11-07,9377
1584,精剛,11,1,10,華南永昌-虎尾,2024-11-07,9377
2547,日勝生,10,0,10,華南永昌-虎尾,2024-11-07,9377
5315,光聯,10,0,10,華南永昌-虎尾,2024-11-07,9377
6142,友勁,10,0,10,華南永昌-虎尾,2024-11-07,9377
8104,錸寶,12,2,10,華南永昌-虎尾,2024-11-07,9377
2419,仲琦,11,2,9,華南永昌-虎尾,2024-11-07,9377
3576,聯合再生,9,0,9,華南永昌-虎尾,2024-11-07,9377
3665,貿聯-KY,10,1,9,華南永昌-虎尾,2024-11-07,9377
8112,至上,10,1,9,華南永昌-虎尾,2024-11-07,9377
00919,群益台灣精選高息,23,14,9,華南永昌-虎尾,2024-11-07,9377
8249,菱光,8,0,8,華南永昌-虎尾,2024-11-07,9377
2889,國票金,8,0,8,華南永昌-虎尾,2024-11-07,9377
00632R,元大台灣50反1,2011,0,2011,華南永昌-虎尾,2024-11-08,9377
3481,群創,652,13,639,華南永昌-虎尾,2024-11-08,9377
2489,瑞軒,165,19,146,華南永昌-虎尾,2024-11-08,9377
9105,泰金寶-DR,140,12,128,華南永昌-虎尾,2024-11-08,9377
2354,鴻準,208,111,97,華南永昌-虎尾,2024-11-08,9377
00943,兆豐電子高息等權,70,0,70,華南永昌-虎尾,2024-11-08,9377
1314,中石化,55,0,55,華南永昌-虎尾,2024-11-08,9377
2408,南亞科,59,8,51,華南永昌-虎尾,2024-11-08,9377
2607,榮運,49,0,49,華南永昌-虎尾,2024-11-08,9377
3615,安可,53,6,47,華南永昌-虎尾,2024-11-08,9377
2312,金寶,132,86,46,華南永昌-虎尾,2024-11-08,9377
00637L,元大滬深300正2,169,127,42,華南永昌-虎尾,2024-11-08,9377
8089,康全電訊,41,0,41,華南永昌-虎尾,2024-11-08,9377
2103,台橡,41,0,41,華南永昌-虎尾,2024-11-08,9377
2889,國票金,40,0,40,華南永昌-虎尾,2024-11-08,9377
6788,華景電,40,0,40,華南永昌-虎尾,2024-11-08,9377
00673R,期元大S＆P原油反1,40,0,40,華南永昌-虎尾,2024-11-08,9377
00921,兆豐龍頭等權重,40,0,40,華南永昌-虎尾,2024-11-08,9377
2062,橋椿,35,0,35,華南永昌-虎尾,2024-11-08,9377
2388,威盛,36,1,35,華南永昌-虎尾,2024-11-08,9377
2323,中環,53,20,33,華南永昌-虎尾,2024-11-08,9377
2820,華票,33,0,33,華南永昌-虎尾,2024-11-08,9377
2929,淘帝-KY,34,4,30,華南永昌-虎尾,2024-11-08,9377
4916,事欣科,40,10,30,華南永昌-虎尾,2024-11-08,9377
6126,信音,30,0,30,華南永昌-虎尾,2024-11-08,9377
3494,誠研,26,0,26,華南永昌-虎尾,2024-11-08,9377
8096,擎亞,32,7,25,華南永昌-虎尾,2024-11-08,9377
6505,台塑化,61,38,23,華南永昌-虎尾,2024-11-08,9377
3062,建漢,84,62,22,華南永昌-虎尾,2024-11-08,9377
4157,太景*-KY,21,0,21,華南永昌-虎尾,2024-11-08,9377
2356,英業達,50,30,20,華南永昌-虎尾,2024-11-08,9377
6180,橘子,20,0,20,華南永昌-虎尾,2024-11-08,9377
1815,富喬,29,9,20,華南永昌-虎尾,2024-11-08,9377
2485,兆赫,20,0,20,華南永昌-虎尾,2024-11-08,9377
8011,台通,21,1,20,華南永昌-虎尾,2024-11-08,9377
00878,國泰永續高股息,27,7,20,華南永昌-虎尾,2024-11-08,9377
6486,互動,19,0,19,華南永昌-虎尾,2024-11-08,9377
2368,金像電,19,0,19,華南永昌-虎尾,2024-11-08,9377
2313,華通,18,0,18,華南永昌-虎尾,2024-11-08,9377
3689,湧德,19,1,18,華南永昌-虎尾,2024-11-08,9377
00753L,中信中國50正2,35,17,18,華南永昌-虎尾,2024-11-08,9377
2892,第一金,22,5,17,華南永昌-虎尾,2024-11-08,9377
6133,金橋,17,0,17,華南永昌-虎尾,2024-11-08,9377
00932,兆豐永續高息等權,15,0,15,華南永昌-虎尾,2024-11-08,9377
1605,華新,20,5,15,華南永昌-虎尾,2024-11-08,9377
1909,榮成,15,0,15,華南永昌-虎尾,2024-11-08,9377
4303,信立,30,15,15,華南永昌-虎尾,2024-11-08,9377
0056,元大高股息,16,2,14,華南永昌-虎尾,2024-11-08,9377
1904,正隆,14,0,14,華南永昌-虎尾,2024-11-08,9377
8104,錸寶,13,0,13,華南永昌-虎尾,2024-11-08,9377
00960,野村全球航運龍頭,418,0,418,華南永昌-虎尾,2024-11-11,9377
00948B,中信優息投資級債,320,0,320,華南永昌-虎尾,2024-11-11,9377
3481,群創,142,5,137,華南永昌-虎尾,2024-11-11,9377
9958,世紀鋼,104,0,104,華南永昌-虎尾,2024-11-11,9377
00878,國泰永續高股息,104,1,103,華南永昌-虎尾,2024-11-11,9377
2888,新光金,100,30,70,華南永昌-虎尾,2024-11-11,9377
2609,陽明,95,41,54,華南永昌-虎尾,2024-11-11,9377
00932,兆豐永續高息等權,50,0,50,華南永昌-虎尾,2024-11-11,9377
1524,耿鼎,57,7,50,華南永昌-虎尾,2024-11-11,9377
5438,東友,53,12,41,華南永昌-虎尾,2024-11-11,9377
4157,太景*-KY,40,0,40,華南永昌-虎尾,2024-11-11,9377
1519,華城,43,5,38,華南永昌-虎尾,2024-11-11,9377
2303,聯電,41,4,37,華南永昌-虎尾,2024-11-11,9377
1605,華新,46,10,36,華南永昌-虎尾,2024-11-11,9377
00795B,中信美國公債20年,26,0,26,華南永昌-虎尾,2024-11-11,9377
3317,尼克森,28,2,26,華南永昌-虎尾,2024-11-11,9377
00740B,富邦全球投等債,25,0,25,華南永昌-虎尾,2024-11-11,9377
00633L,富邦上証正2,33,8,25,華南永昌-虎尾,2024-11-11,9377
2646,星宇航空,37,12,25,華南永昌-虎尾,2024-11-11,9377
6763,綠界科技*,27,3,24,華南永昌-虎尾,2024-11-11,9377
00753L,中信中國50正2,23,0,23,華南永昌-虎尾,2024-11-11,9377
9914,美利達,24,2,22,華南永昌-虎尾,2024-11-11,9377
1449,佳和,26,4,22,華南永昌-虎尾,2024-11-11,9377
2489,瑞軒,59,37,22,華南永昌-虎尾,2024-11-11,9377
2344,華邦電,24,3,21,華南永昌-虎尾,2024-11-11,9377
8936,國統,21,0,21,華南永昌-虎尾,2024-11-11,9377
00665L,富邦�琤肭磪囓�2,20,0,20,華南永昌-虎尾,2024-11-11,9377
2429,銘旺科,20,0,20,華南永昌-虎尾,2024-11-11,9377
2897,王道銀行,20,0,20,華南永昌-虎尾,2024-11-11,9377
6126,信音,20,0,20,華南永昌-虎尾,2024-11-11,9377
2915,潤泰全,22,2,20,華南永昌-虎尾,2024-11-11,9377
3498,陽程,20,1,19,華南永昌-虎尾,2024-11-11,9377
3518,柏騰,21,2,19,華南永昌-虎尾,2024-11-11,9377
00921,兆豐龍頭等權重,20,2,18,華南永昌-虎尾,2024-11-11,9377
3231,緯創,33,15,18,華南永昌-虎尾,2024-11-11,9377
2317,鴻海,20,4,16,華南永昌-虎尾,2024-11-11,9377
6505,台塑化,16,0,16,華南永昌-虎尾,2024-11-11,9377
2324,仁寶,16,0,16,華南永昌-虎尾,2024-11-11,9377
2353,宏��,27,12,15,華南永昌-虎尾,2024-11-11,9377
0056,元大高股息,18,3,15,華南永昌-虎尾,2024-11-11,9377
00637L,元大滬深300正2,96,81,15,華南永昌-虎尾,2024-11-11,9377
3615,安可,22,7,15,華南永昌-虎尾,2024-11-11,9377
00927,群益半導體收益,24,10,14,華南永昌-虎尾,2024-11-11,9377
6265,方土昶,13,0,13,華南永昌-虎尾,2024-11-11,9377
00909,國泰數位支付服務,25,12,13,華南永昌-虎尾,2024-11-11,9377
1584,精剛,13,0,13,華南永昌-虎尾,2024-11-11,9377
2349,錸德,48,35,13,華南永昌-虎尾,2024-11-11,9377
2409,友達,12,0,12,華南永昌-虎尾,2024-11-11,9377
1326,台化,20,8,12,華南永昌-虎尾,2024-11-11,9377
6191,精成科,12,0,12,華南永昌-虎尾,2024-11-11,9377
00878,國泰永續高股息,272,2,270,華南永昌-虎尾,2024-11-12,9377
2888,新光金,200,0,200,華南永昌-虎尾,2024-11-12,9377
2609,陽明,221,92,129,華南永昌-虎尾,2024-11-12,9377
9105,泰金寶-DR,141,14,127,華南永昌-虎尾,2024-11-12,9377
3481,群創,111,4,107,華南永昌-虎尾,2024-11-12,9377
2607,榮運,100,0,100,華南永昌-虎尾,2024-11-12,9377
2303,聯電,97,15,82,華南永昌-虎尾,2024-11-12,9377
00715L,期街口布蘭特正2,72,0,72,華南永昌-虎尾,2024-11-12,9377
2883,凱基金,91,20,71,華南永昌-虎尾,2024-11-12,9377
2887,台新金,65,0,65,華南永昌-虎尾,2024-11-12,9377
5438,東友,76,20,56,華南永昌-虎尾,2024-11-12,9377
2897,王道銀行,50,0,50,華南永昌-虎尾,2024-11-12,9377
2603,長榮,62,12,50,華南永昌-虎尾,2024-11-12,9377
5871,中租-KY,50,0,50,華南永昌-虎尾,2024-11-12,9377
0056,元大高股息,49,2,47,華南永昌-虎尾,2024-11-12,9377
00919,群益台灣精選高息,46,0,46,華南永昌-虎尾,2024-11-12,9377
2002,中鋼,46,1,45,華南永昌-虎尾,2024-11-12,9377
2356,英業達,68,23,45,華南永昌-虎尾,2024-11-12,9377
00946,群益科技高息成長,41,0,41,華南永昌-虎尾,2024-11-12,9377
4123,晟德,37,0,37,華南永昌-虎尾,2024-11-12,9377
1216,統一,39,3,36,華南永昌-虎尾,2024-11-12,9377
6288,聯嘉,34,1,33,華南永昌-虎尾,2024-11-12,9377
00753L,中信中國50正2,50,18,32,華南永昌-虎尾,2024-11-12,9377
00921,兆豐龍頭等權重,32,0,32,華南永昌-虎尾,2024-11-12,9377
2615,萬海,57,28,29,華南永昌-虎尾,2024-11-12,9377
2328,廣宇,35,7,28,華南永昌-虎尾,2024-11-12,9377
2409,友達,26,0,26,華南永昌-虎尾,2024-11-12,9377
2641,正德,30,4,26,華南永昌-虎尾,2024-11-12,9377
00927,群益半導體收益,25,0,25,華南永昌-虎尾,2024-11-12,9377
1301,台塑,25,2,23,華南永昌-虎尾,2024-11-12,9377
0050,元大台灣50,24,2,22,華南永昌-虎尾,2024-11-12,9377
6265,方土昶,22,0,22,華南永昌-虎尾,2024-11-12,9377
2353,宏��,21,0,21,華南永昌-虎尾,2024-11-12,9377
00642U,期元大S＆P石油,21,0,21,華南永昌-虎尾,2024-11-12,9377
5309,系統電,22,1,21,華南永昌-虎尾,2024-11-12,9377
8104,錸寶,21,0,21,華南永昌-虎尾,2024-11-12,9377
2354,鴻準,51,30,21,華南永昌-虎尾,2024-11-12,9377
00943,兆豐電子高息等權,20,0,20,華南永昌-虎尾,2024-11-12,9377
1210,大成,20,0,20,華南永昌-虎尾,2024-11-12,9377
5522,遠雄,20,0,20,華南永昌-虎尾,2024-11-12,9377
2834,臺企銀,24,5,19,華南永昌-虎尾,2024-11-12,9377
8076,伍豐,19,0,19,華南永昌-虎尾,2024-11-12,9377
00887,永豐中國科技50大,30,12,18,華南永昌-虎尾,2024-11-12,9377
3049,精金,22,5,17,華南永昌-虎尾,2024-11-12,9377
00929,復華台灣科技優息,16,0,16,華南永昌-虎尾,2024-11-12,9377
00932,兆豐永續高息等權,15,0,15,華南永昌-虎尾,2024-11-12,9377
00915,凱基優選高股息30,15,0,15,華南永昌-虎尾,2024-11-12,9377
2344,華邦電,19,4,15,華南永昌-虎尾,2024-11-12,9377
2408,南亞科,25,10,15,華南永昌-虎尾,2024-11-12,9377
00909,國泰數位支付服務,31,16,15,華南永昌-虎尾,2024-11-12,9377
2834,臺企銀,421,0,421,華南永昌-虎尾,2024-11-13,9377
00878,國泰永續高股息,139,0,139,華南永昌-虎尾,2024-11-13,9377
2312,金寶,152,53,99,華南永昌-虎尾,2024-11-13,9377
2609,陽明,121,41,80,華南永昌-虎尾,2024-11-13,9377
00688L,國泰20年美債正2,76,0,76,華南永昌-虎尾,2024-11-13,9377
2323,中環,110,43,67,華南永昌-虎尾,2024-11-13,9377
00715L,期街口布蘭特正2,70,5,65,華南永昌-虎尾,2024-11-13,9377
1605,華新,80,15,65,華南永昌-虎尾,2024-11-13,9377
3035,智原,52,1,51,華南永昌-虎尾,2024-11-13,9377
2883,凱基金,47,0,47,華南永昌-虎尾,2024-11-13,9377
5880,合庫金,46,0,46,華南永昌-虎尾,2024-11-13,9377
9919,康那香,46,0,46,華南永昌-虎尾,2024-11-13,9377
5871,中租-KY,45,0,45,華南永昌-虎尾,2024-11-13,9377
006208,富邦台50,44,0,44,華南永昌-虎尾,2024-11-13,9377
6265,方土昶,37,0,37,華南永昌-虎尾,2024-11-13,9377
2330,台積電,36,1,35,華南永昌-虎尾,2024-11-13,9377
5438,東友,35,1,34,華南永昌-虎尾,2024-11-13,9377
2882,國泰金,39,6,33,華南永昌-虎尾,2024-11-13,9377
2801,彰銀,31,0,31,華南永昌-虎尾,2024-11-13,9377
5608,四維航,30,0,30,華南永昌-虎尾,2024-11-13,9377
00919,群益台灣精選高息,30,1,29,華南永昌-虎尾,2024-11-13,9377
2354,鴻準,71,43,28,華南永昌-虎尾,2024-11-13,9377
3481,群創,30,2,28,華南永昌-虎尾,2024-11-13,9377
00687B,國泰20年美債,28,0,28,華南永昌-虎尾,2024-11-13,9377
2408,南亞科,38,11,27,華南永昌-虎尾,2024-11-13,9377
00937B,群益ESG投等債20,23,0,23,華南永昌-虎尾,2024-11-13,9377
4306,炎洲,22,0,22,華南永昌-虎尾,2024-11-13,9377
00929,復華台灣科技優息,21,0,21,華南永昌-虎尾,2024-11-13,9377
1904,正隆,21,0,21,華南永昌-虎尾,2024-11-13,9377
00706L,期元大S＆P日圓正2,20,0,20,華南永昌-虎尾,2024-11-13,9377
2349,錸德,72,53,19,華南永昌-虎尾,2024-11-13,9377
6763,綠界科技*,21,2,19,華南永昌-虎尾,2024-11-13,9377
0056,元大高股息,23,4,19,華南永昌-虎尾,2024-11-13,9377
2317,鴻海,21,2,19,華南永昌-虎尾,2024-11-13,9377
2486,一詮,18,0,18,華南永昌-虎尾,2024-11-13,9377
2393,億光,19,1,18,華南永昌-虎尾,2024-11-13,9377
3689,湧德,18,0,18,華南永昌-虎尾,2024-11-13,9377
6126,信音,18,0,18,華南永昌-虎尾,2024-11-13,9377
2388,威盛,17,0,17,華南永昌-虎尾,2024-11-13,9377
3025,星通,18,2,16,華南永昌-虎尾,2024-11-13,9377
2915,潤泰全,17,2,15,華南永昌-虎尾,2024-11-13,9377
1449,佳和,21,6,15,華南永昌-虎尾,2024-11-13,9377
2363,矽統,15,0,15,華南永昌-虎尾,2024-11-13,9377
2543,皇昌,20,5,15,華南永昌-虎尾,2024-11-13,9377
1326,台化,21,7,14,華南永昌-虎尾,2024-11-13,9377
2603,長榮,23,9,14,華南永昌-虎尾,2024-11-13,9377
3033,威健,13,0,13,華南永昌-虎尾,2024-11-13,9377
5443,均豪,15,3,12,華南永昌-虎尾,2024-11-13,9377
2881,富邦金,12,0,12,華南永昌-虎尾,2024-11-13,9377
6712,長聖,12,0,12,華南永昌-虎尾,2024-11-13,9377
00933B,國泰10Y+金融債,380,0,380,華南永昌-虎尾,2024-11-14,9377
00878,國泰永續高股息,344,0,344,華南永昌-虎尾,2024-11-14,9377
00963,中信全球高股息,368,51,317,華南永昌-虎尾,2024-11-14,9377
2408,南亞科,218,2,216,華南永昌-虎尾,2024-11-14,9377
2603,長榮,164,13,151,華南永昌-虎尾,2024-11-14,9377
6180,橘子,110,2,108,華南永昌-虎尾,2024-11-14,9377
1314,中石化,81,0,81,華南永昌-虎尾,2024-11-14,9377
4157,太景*-KY,80,0,80,華南永昌-虎尾,2024-11-14,9377
00929,復華台灣科技優息,74,0,74,華南永昌-虎尾,2024-11-14,9377
3481,群創,76,10,66,華南永昌-虎尾,2024-11-14,9377
2323,中環,100,40,60,華南永昌-虎尾,2024-11-14,9377
2317,鴻海,64,5,59,華南永昌-虎尾,2024-11-14,9377
3049,精金,97,40,57,華南永昌-虎尾,2024-11-14,9377
2303,聯電,72,16,56,華南永昌-虎尾,2024-11-14,9377
00679B,元大美債20年,53,0,53,華南永昌-虎尾,2024-11-14,9377
0056,元大高股息,52,0,52,華南永昌-虎尾,2024-11-14,9377
9919,康那香,51,0,51,華南永昌-虎尾,2024-11-14,9377
2888,新光金,100,51,49,華南永昌-虎尾,2024-11-14,9377
2892,第一金,53,5,48,華南永昌-虎尾,2024-11-14,9377
2312,金寶,80,33,47,華南永昌-虎尾,2024-11-14,9377
00688L,國泰20年美債正2,42,0,42,華南永昌-虎尾,2024-11-14,9377
2101,南港,41,0,41,華南永昌-虎尾,2024-11-14,9377
2845,遠東銀,60,20,40,華南永昌-虎尾,2024-11-14,9377
4720,德淵,40,0,40,華南永昌-虎尾,2024-11-14,9377
5880,合庫金,35,0,35,華南永昌-虎尾,2024-11-14,9377
00927,群益半導體收益,32,0,32,華南永昌-虎尾,2024-11-14,9377
00715L,期街口布蘭特正2,31,0,31,華南永昌-虎尾,2024-11-14,9377
6265,方土昶,30,0,30,華南永昌-虎尾,2024-11-14,9377
00637L,元大滬深300正2,105,78,27,華南永昌-虎尾,2024-11-14,9377
2402,毅嘉,29,3,26,華南永昌-虎尾,2024-11-14,9377
6175,立敦,26,0,26,華南永昌-虎尾,2024-11-14,9377
00762,元大全球AI,23,0,23,華南永昌-虎尾,2024-11-14,9377
00891,中信關鍵半導體,22,0,22,華南永昌-虎尾,2024-11-14,9377
2485,兆赫,23,2,21,華南永昌-虎尾,2024-11-14,9377
2103,台橡,20,0,20,華南永昌-虎尾,2024-11-14,9377
00687B,國泰20年美債,20,0,20,華南永昌-虎尾,2024-11-14,9377
5469,瀚宇博,20,0,20,華南永昌-虎尾,2024-11-14,9377
8081,致新,20,0,20,華南永昌-虎尾,2024-11-14,9377
2337,旺宏,23,3,20,華南永昌-虎尾,2024-11-14,9377
00937B,群益ESG投等債20,16,0,16,華南永昌-虎尾,2024-11-14,9377
5871,中租-KY,16,1,15,華南永昌-虎尾,2024-11-14,9377
2002,中鋼,15,0,15,華南永昌-虎尾,2024-11-14,9377
2413,環科,18,3,15,華南永昌-虎尾,2024-11-14,9377
2476,鉅祥,37,22,15,華南永昌-虎尾,2024-11-14,9377
1513,中興電,16,2,14,華南永昌-虎尾,2024-11-14,9377
00932,兆豐永續高息等權,14,0,14,華南永昌-虎尾,2024-11-14,9377
6282,康舒,13,0,13,華南永昌-虎尾,2024-11-14,9377
6788,華景電,14,1,13,華南永昌-虎尾,2024-11-14,9377
8064,東捷,14,1,13,華南永昌-虎尾,2024-11-14,9377
2382,廣達,14,2,12,華南永昌-虎尾,2024-11-14,9377
00960,野村全球航運龍頭,546,5,541,華南永昌-虎尾,2024-11-15,9377
00878,國泰永續高股息,193,2,191,華南永昌-虎尾,2024-11-15,9377
00937B,群益ESG投等債20,164,0,164,華南永昌-虎尾,2024-11-15,9377
1303,南亞,113,0,113,華南永昌-虎尾,2024-11-15,9377
00637L,元大滬深300正2,174,63,111,華南永昌-虎尾,2024-11-15,9377
6133,金橋,100,0,100,華南永昌-虎尾,2024-11-15,9377
0055,元大MSCI金融,90,2,88,華南永昌-虎尾,2024-11-15,9377
6180,橘子,68,1,67,華南永昌-虎尾,2024-11-15,9377
00664R,國泰臺灣加權反1,60,0,60,華南永昌-虎尾,2024-11-15,9377
3010,華立,36,0,36,華南永昌-虎尾,2024-11-15,9377
3706,神達,108,75,33,華南永昌-虎尾,2024-11-15,9377
00919,群益台灣精選高息,35,3,32,華南永昌-虎尾,2024-11-15,9377
2303,聯電,32,1,31,華南永昌-虎尾,2024-11-15,9377
6015,宏遠證,26,0,26,華南永昌-虎尾,2024-11-15,9377
2301,光寶科,38,13,25,華南永昌-虎尾,2024-11-15,9377
9919,康那香,25,0,25,華南永昌-虎尾,2024-11-15,9377
00885,富邦越南,25,0,25,華南永昌-虎尾,2024-11-15,9377
00712,復華富時不動產,24,0,24,華南永昌-虎尾,2024-11-15,9377
2486,一詮,26,6,20,華南永昌-虎尾,2024-11-15,9377
00753L,中信中國50正2,20,0,20,華南永昌-虎尾,2024-11-15,9377
2419,仲琦,20,0,20,華南永昌-虎尾,2024-11-15,9377
8929,富堡,20,0,20,華南永昌-虎尾,2024-11-15,9377
6873,泓德能源,21,2,19,華南永昌-虎尾,2024-11-15,9377
3231,緯創,30,11,19,華南永昌-虎尾,2024-11-15,9377
00929,復華台灣科技優息,80,61,19,華南永昌-虎尾,2024-11-15,9377
2382,廣達,23,6,17,華南永昌-虎尾,2024-11-15,9377
6265,方土昶,17,0,17,華南永昌-虎尾,2024-11-15,9377
00633L,富邦上証正2,16,0,16,華南永昌-虎尾,2024-11-15,9377
2543,皇昌,17,1,16,華南永昌-虎尾,2024-11-15,9377
6505,台塑化,17,2,15,華南永昌-虎尾,2024-11-15,9377
1611,中電,15,0,15,華南永昌-虎尾,2024-11-15,9377
3338,泰碩,21,6,15,華南永昌-虎尾,2024-11-15,9377
2408,南亞科,14,0,14,華南永昌-虎尾,2024-11-15,9377
1449,佳和,24,10,14,華南永昌-虎尾,2024-11-15,9377
2317,鴻海,46,33,13,華南永昌-虎尾,2024-11-15,9377
1605,華新,13,0,13,華南永昌-虎尾,2024-11-15,9377
1785,光洋科,16,3,13,華南永昌-虎尾,2024-11-15,9377
1799,易威,13,0,13,華南永昌-虎尾,2024-11-15,9377
8076,伍豐,35,22,13,華南永昌-虎尾,2024-11-15,9377
3481,群創,67,55,12,華南永昌-虎尾,2024-11-15,9377
5871,中租-KY,14,2,12,華南永昌-虎尾,2024-11-15,9377
3017,奇鋐,19,7,12,華南永昌-虎尾,2024-11-15,9377
00887,永豐中國科技50大,21,10,11,華南永昌-虎尾,2024-11-15,9377
00715L,期街口布蘭特正2,31,20,11,華南永昌-虎尾,2024-11-15,9377
6763,綠界科技*,21,10,11,華南永昌-虎尾,2024-11-15,9377
2867,三商壽,10,0,10,華南永昌-虎尾,2024-11-15,9377
00954,中信日本半導體,10,0,10,華南永昌-虎尾,2024-11-15,9377
00706L,期元大S＆P日圓正2,10,0,10,華南永昌-虎尾,2024-11-15,9377
00693U,期街口S＆P黃豆,10,0,10,華南永昌-虎尾,2024-11-15,9377
00762,元大全球AI,10,0,10,華南永昌-虎尾,2024-11-15,9377
00878,國泰永續高股息,254,5,249,華南永昌-虎尾,2024-11-18,9377
5530,龍巖,78,0,78,華南永昌-虎尾,2024-11-18,9377
1815,富喬,86,10,76,華南永昌-虎尾,2024-11-18,9377
2890,永豐金,70,0,70,華南永昌-虎尾,2024-11-18,9377
3481,群創,100,30,70,華南永昌-虎尾,2024-11-18,9377
00919,群益台灣精選高息,59,0,59,華南永昌-虎尾,2024-11-18,9377
5438,東友,57,0,57,華南永昌-虎尾,2024-11-18,9377
1524,耿鼎,61,5,56,華南永昌-虎尾,2024-11-18,9377
00929,復華台灣科技優息,72,16,56,華南永昌-虎尾,2024-11-18,9377
9105,泰金寶-DR,167,113,54,華南永昌-虎尾,2024-11-18,9377
00715L,期街口布蘭特正2,53,0,53,華南永昌-虎尾,2024-11-18,9377
8076,伍豐,43,0,43,華南永昌-虎尾,2024-11-18,9377
4903,聯光通,40,1,39,華南永昌-虎尾,2024-11-18,9377
0055,元大MSCI金融,38,0,38,華南永昌-虎尾,2024-11-18,9377
2612,中航,37,0,37,華南永昌-虎尾,2024-11-18,9377
1101,台泥,35,2,33,華南永昌-虎尾,2024-11-18,9377
2312,金寶,112,81,31,華南永昌-虎尾,2024-11-18,9377
5425,台半,31,0,31,華南永昌-虎尾,2024-11-18,9377
2476,鉅祥,31,1,30,華南永昌-虎尾,2024-11-18,9377
1216,統一,28,0,28,華南永昌-虎尾,2024-11-18,9377
1785,光洋科,26,1,25,華南永昌-虎尾,2024-11-18,9377
0056,元大高股息,25,1,24,華南永昌-虎尾,2024-11-18,9377
2354,鴻準,73,49,24,華南永昌-虎尾,2024-11-18,9377
00940,元大台灣價值高息,24,0,24,華南永昌-虎尾,2024-11-18,9377
3090,日電貿,39,18,21,華南永昌-虎尾,2024-11-18,9377
00635U,期元大S＆P黃金,20,0,20,華南永昌-虎尾,2024-11-18,9377
2323,中環,90,70,20,華南永昌-虎尾,2024-11-18,9377
3062,建漢,26,6,20,華南永昌-虎尾,2024-11-18,9377
4114,健喬,20,0,20,華南永昌-虎尾,2024-11-18,9377
3019,亞光,23,4,19,華南永昌-虎尾,2024-11-18,9377
3317,尼克森,21,3,18,華南永昌-虎尾,2024-11-18,9377
00687B,國泰20年美債,18,1,17,華南永昌-虎尾,2024-11-18,9377
00887,永豐中國科技50大,35,20,15,華南永昌-虎尾,2024-11-18,9377
00679B,元大美債20年,14,0,14,華南永昌-虎尾,2024-11-18,9377
6257,矽格,14,0,14,華南永昌-虎尾,2024-11-18,9377
2371,大同,14,0,14,華南永昌-虎尾,2024-11-18,9377
0050,元大台灣50,13,0,13,華南永昌-虎尾,2024-11-18,9377
00918,大華優利高填息30,15,2,13,華南永昌-虎尾,2024-11-18,9377
4956,光鋐,13,0,13,華南永昌-虎尾,2024-11-18,9377
6180,橘子,12,0,12,華南永昌-虎尾,2024-11-18,9377
6153,嘉聯益,11,0,11,華南永昌-虎尾,2024-11-18,9377
1446,宏和,11,0,11,華南永昌-虎尾,2024-11-18,9377
2351,順德,12,1,11,華南永昌-虎尾,2024-11-18,9377
2388,威盛,12,1,11,華南永昌-虎尾,2024-11-18,9377
2887,台新金,11,0,11,華南永昌-虎尾,2024-11-18,9377
6244,茂迪,10,0,10,華南永昌-虎尾,2024-11-18,9377
00927,群益半導體收益,10,0,10,華南永昌-虎尾,2024-11-18,9377
00634R,富邦上証反1,10,0,10,華南永昌-虎尾,2024-11-18,9377
00642U,期元大S＆P石油,10,0,10,華南永昌-虎尾,2024-11-18,9377
1584,精剛,10,0,10,華南永昌-虎尾,2024-11-18,9377
00637L,元大滬深300正2,209,35,174,華南永昌-虎尾,2024-11-19,9377
00632R,元大台灣50反1,110,0,110,華南永昌-虎尾,2024-11-19,9377
00664R,國泰臺灣加權反1,110,0,110,華南永昌-虎尾,2024-11-19,9377
2312,金寶,171,76,95,華南永昌-虎尾,2024-11-19,9377
3481,群創,122,32,90,華南永昌-虎尾,2024-11-19,9377
2609,陽明,200,124,76,華南永昌-虎尾,2024-11-19,9377
8429,金麗-KY,71,5,66,華南永昌-虎尾,2024-11-19,9377
2349,錸德,79,35,44,華南永昌-虎尾,2024-11-19,9377
2431,聯昌,39,6,33,華南永昌-虎尾,2024-11-19,9377
2317,鴻海,36,4,32,華南永昌-虎尾,2024-11-19,9377
6763,綠界科技*,29,0,29,華南永昌-虎尾,2024-11-19,9377
00887,永豐中國科技50大,32,5,27,華南永昌-虎尾,2024-11-19,9377
00753L,中信中國50正2,30,5,25,華南永昌-虎尾,2024-11-19,9377
2520,冠德,23,0,23,華南永昌-虎尾,2024-11-19,9377
2303,聯電,29,7,22,華南永昌-虎尾,2024-11-19,9377
00878,國泰永續高股息,21,0,21,華南永昌-虎尾,2024-11-19,9377
00687B,國泰20年美債,21,0,21,華南永昌-虎尾,2024-11-19,9377
2399,映泰,32,12,20,華南永昌-虎尾,2024-11-19,9377
2883,凱基金,20,1,19,華南永昌-虎尾,2024-11-19,9377
3689,湧德,18,0,18,華南永昌-虎尾,2024-11-19,9377
6153,嘉聯益,18,0,18,華南永昌-虎尾,2024-11-19,9377
1301,台塑,27,10,17,華南永昌-虎尾,2024-11-19,9377
2371,大同,41,26,15,華南永昌-虎尾,2024-11-19,9377
00932,兆豐永續高息等權,21,7,14,華南永昌-虎尾,2024-11-19,9377
3024,憶聲,26,12,14,華南永昌-虎尾,2024-11-19,9377
4958,臻鼎-KY,15,1,14,華南永昌-虎尾,2024-11-19,9377
6668,中揚光,14,0,14,華南永昌-虎尾,2024-11-19,9377
4720,德淵,13,0,13,華南永昌-虎尾,2024-11-19,9377
6486,互動,13,0,13,華南永昌-虎尾,2024-11-19,9377
6558,興能高,21,8,13,華南永昌-虎尾,2024-11-19,9377
2324,仁寶,15,3,12,華南永昌-虎尾,2024-11-19,9377
2406,國碩,11,0,11,華南永昌-虎尾,2024-11-19,9377
1210,大成,10,0,10,華南永昌-虎尾,2024-11-19,9377
1308,亞聚,10,0,10,華南永昌-虎尾,2024-11-19,9377
1815,富喬,15,5,10,華南永昌-虎尾,2024-11-19,9377
2323,中環,40,30,10,華南永昌-虎尾,2024-11-19,9377
2368,金像電,10,0,10,華南永昌-虎尾,2024-11-19,9377
2401,凌陽,20,10,10,華南永昌-虎尾,2024-11-19,9377
3049,精金,10,0,10,華南永昌-虎尾,2024-11-19,9377
6133,金橋,14,4,10,華南永昌-虎尾,2024-11-19,9377
8096,擎亞,10,1,9,華南永昌-虎尾,2024-11-19,9377
9105,泰金寶-DR,206,198,8,華南永昌-虎尾,2024-11-19,9377
2330,台積電,14,6,8,華南永昌-虎尾,2024-11-19,9377
2329,華泰,11,3,8,華南永昌-虎尾,2024-11-19,9377
5530,龍巖,10,3,7,華南永昌-虎尾,2024-11-19,9377
6134,萬旭,7,0,7,華南永昌-虎尾,2024-11-19,9377
6152,百一,7,0,7,華南永昌-虎尾,2024-11-19,9377
0052,富邦科技,6,0,6,華南永昌-虎尾,2024-11-19,9377
2387,精元,7,1,6,華南永昌-虎尾,2024-11-19,9377
8210,勤誠,8,2,6,華南永昌-虎尾,2024-11-19,9377
2354,鴻準,173,21,152,華南永昌-虎尾,2024-11-20,9377
6770,力積電,138,0,138,華南永昌-虎尾,2024-11-20,9377
2371,大同,115,3,112,華南永昌-虎尾,2024-11-20,9377
3062,建漢,106,3,103,華南永昌-虎尾,2024-11-20,9377
2834,臺企銀,95,10,85,華南永昌-虎尾,2024-11-20,9377
2609,陽明,200,147,53,華南永昌-虎尾,2024-11-20,9377
2887,台新金,51,0,51,華南永昌-虎尾,2024-11-20,9377
2323,中環,80,30,50,華南永昌-虎尾,2024-11-20,9377
3481,群創,51,5,46,華南永昌-虎尾,2024-11-20,9377
2312,金寶,79,36,43,華南永昌-虎尾,2024-11-20,9377
00937B,群益ESG投等債20,42,4,38,華南永昌-虎尾,2024-11-20,9377
00927,群益半導體收益,35,0,35,華南永昌-虎尾,2024-11-20,9377
00878,國泰永續高股息,34,3,31,華南永昌-虎尾,2024-11-20,9377
00929,復華台灣科技優息,31,0,31,華南永昌-虎尾,2024-11-20,9377
3050,鈺德,33,2,31,華南永昌-虎尾,2024-11-20,9377
1809,中釉,30,0,30,華南永昌-虎尾,2024-11-20,9377
2888,新光金,50,20,30,華南永昌-虎尾,2024-11-20,9377
00915,凱基優選高股息30,29,0,29,華南永昌-虎尾,2024-11-20,9377
2349,錸德,95,66,29,華南永昌-虎尾,2024-11-20,9377
4720,德淵,29,0,29,華南永昌-虎尾,2024-11-20,9377
0056,元大高股息,29,0,29,華南永昌-虎尾,2024-11-20,9377
1301,台塑,27,1,26,華南永昌-虎尾,2024-11-20,9377
2101,南港,25,0,25,華南永昌-虎尾,2024-11-20,9377
6265,方土昶,25,0,25,華南永昌-虎尾,2024-11-20,9377
2344,華邦電,24,0,24,華南永昌-虎尾,2024-11-20,9377
2615,萬海,58,35,23,華南永昌-虎尾,2024-11-20,9377
9904,寶成,53,31,22,華南永昌-虎尾,2024-11-20,9377
4157,太景*-KY,51,30,21,華南永昌-虎尾,2024-11-20,9377
3625,西勝,21,1,20,華南永昌-虎尾,2024-11-20,9377
00712,復華富時不動產,20,0,20,華南永昌-虎尾,2024-11-20,9377
2392,正崴,60,40,20,華南永昌-虎尾,2024-11-20,9377
2301,光寶科,18,0,18,華南永昌-虎尾,2024-11-20,9377
8249,菱光,24,7,17,華南永昌-虎尾,2024-11-20,9377
4440,宜新實業,16,0,16,華南永昌-虎尾,2024-11-20,9377
2356,英業達,34,19,15,華南永昌-虎尾,2024-11-20,9377
2476,鉅祥,15,0,15,華南永昌-虎尾,2024-11-20,9377
2543,皇昌,13,1,12,華南永昌-虎尾,2024-11-20,9377
3049,精金,13,2,11,華南永昌-虎尾,2024-11-20,9377
2408,南亞科,15,5,10,華南永昌-虎尾,2024-11-20,9377
00959B,大華投等美債15Y+,10,0,10,華南永昌-虎尾,2024-11-20,9377
1210,大成,10,0,10,華南永昌-虎尾,2024-11-20,9377
2324,仁寶,11,1,10,華南永昌-虎尾,2024-11-20,9377
2929,淘帝-KY,12,2,10,華南永昌-虎尾,2024-11-20,9377
5371,中光電,10,0,10,華南永昌-虎尾,2024-11-20,9377
8064,東捷,10,0,10,華南永昌-虎尾,2024-11-20,9377
1303,南亞,10,1,9,華南永昌-虎尾,2024-11-20,9377
2337,旺宏,9,0,9,華南永昌-虎尾,2024-11-20,9377
2368,金像電,9,0,9,華南永昌-虎尾,2024-11-20,9377
2889,國票金,9,0,9,華南永昌-虎尾,2024-11-20,9377
4979,華星光,10,1,9,華南永昌-虎尾,2024-11-20,9377
2888,新光金,300,0,300,華南永昌-虎尾,2024-11-21,9377
2867,三商壽,100,0,100,華南永昌-虎尾,2024-11-21,9377
00960,野村全球航運龍頭,83,0,83,華南永昌-虎尾,2024-11-21,9377
2371,大同,74,11,63,華南永昌-虎尾,2024-11-21,9377
00927,群益半導體收益,60,0,60,華南永昌-虎尾,2024-11-21,9377
3481,群創,42,0,42,華南永昌-虎尾,2024-11-21,9377
1524,耿鼎,42,1,41,華南永昌-虎尾,2024-11-21,9377
2303,聯電,44,6,38,華南永昌-虎尾,2024-11-21,9377
00637L,元大滬深300正2,58,21,37,華南永昌-虎尾,2024-11-21,9377
00753L,中信中國50正2,32,0,32,華南永昌-虎尾,2024-11-21,9377
2892,第一金,40,8,32,華南永昌-虎尾,2024-11-21,9377
4720,德淵,32,0,32,華南永昌-虎尾,2024-11-21,9377
8104,錸寶,85,54,31,華南永昌-虎尾,2024-11-21,9377
2317,鴻海,29,4,25,華南永昌-虎尾,2024-11-21,9377
00706L,期元大S＆P日圓正2,25,0,25,華南永昌-虎尾,2024-11-21,9377
8249,菱光,27,3,24,華南永昌-虎尾,2024-11-21,9377
2349,錸德,97,74,23,華南永昌-虎尾,2024-11-21,9377
00665L,富邦�琤肭磪囓�2,22,0,22,華南永昌-虎尾,2024-11-21,9377
6265,方土昶,22,0,22,華南永昌-虎尾,2024-11-21,9377
2380,虹光,21,0,21,華南永昌-虎尾,2024-11-21,9377
00715L,期街口布蘭特正2,20,0,20,華南永昌-虎尾,2024-11-21,9377
1605,華新,29,9,20,華南永昌-虎尾,2024-11-21,9377
2887,台新金,20,0,20,華南永昌-虎尾,2024-11-21,9377
8404,百和興業-KY,20,0,20,華南永昌-虎尾,2024-11-21,9377
9136,巨騰-DR,20,0,20,華南永昌-虎尾,2024-11-21,9377
00878,國泰永續高股息,23,4,19,華南永昌-虎尾,2024-11-21,9377
2881,富邦金,18,0,18,華南永昌-虎尾,2024-11-21,9377
2520,冠德,25,7,18,華南永昌-虎尾,2024-11-21,9377
6770,力積電,17,0,17,華南永昌-虎尾,2024-11-21,9377
0050,元大台灣50,15,0,15,華南永昌-虎尾,2024-11-21,9377
3290,東浦,17,2,15,華南永昌-虎尾,2024-11-21,9377
00937B,群益ESG投等債20,15,1,14,華南永昌-虎尾,2024-11-21,9377
1584,精剛,13,0,13,華南永昌-虎尾,2024-11-21,9377
0055,元大MSCI金融,12,0,12,華南永昌-虎尾,2024-11-21,9377
2101,南港,13,1,12,華南永昌-虎尾,2024-11-21,9377
4956,光鋐,49,38,11,華南永昌-虎尾,2024-11-21,9377
2890,永豐金,11,0,11,華南永昌-虎尾,2024-11-21,9377
8085,福華,14,3,11,華南永昌-虎尾,2024-11-21,9377
2485,兆赫,20,10,10,華南永昌-虎尾,2024-11-21,9377
3362,先進光,10,0,10,華南永昌-虎尾,2024-11-21,9377
00693U,期街口S＆P黃豆,10,0,10,華南永昌-虎尾,2024-11-21,9377
2431,聯昌,10,0,10,華南永昌-虎尾,2024-11-21,9377
5465,富驊,10,0,10,華南永昌-虎尾,2024-11-21,9377
2634,漢翔,13,3,10,華南永昌-虎尾,2024-11-21,9377
00919,群益台灣精選高息,13,3,10,華南永昌-虎尾,2024-11-21,9377
1326,台化,12,3,9,華南永昌-虎尾,2024-11-21,9377
3552,同致,10,1,9,華南永昌-虎尾,2024-11-21,9377
1301,台塑,9,1,8,華南永昌-虎尾,2024-11-21,9377
3019,亞光,33,25,8,華南永昌-虎尾,2024-11-21,9377
6153,嘉聯益,8,0,8,華南永昌-虎尾,2024-11-21,9377
00637L,元大滬深300正2,232,10,222,華南永昌-虎尾,2024-11-22,9377
9105,泰金寶-DR,457,300,157,華南永昌-虎尾,2024-11-22,9377
3015,全漢,95,11,84,華南永昌-虎尾,2024-11-22,9377
00664R,國泰臺灣加權反1,60,0,60,華南永昌-虎尾,2024-11-22,9377
00882,中信中國高股息,51,0,51,華南永昌-虎尾,2024-11-22,9377
3036,文曄,60,9,51,華南永昌-虎尾,2024-11-22,9377
2606,裕民,41,0,41,華南永昌-虎尾,2024-11-22,9377
2867,三商壽,48,8,40,華南永昌-虎尾,2024-11-22,9377
2405,輔信,37,2,35,華南永昌-虎尾,2024-11-22,9377
1519,華城,32,2,30,華南永昌-虎尾,2024-11-22,9377
4720,德淵,26,0,26,華南永昌-虎尾,2024-11-22,9377
3706,神達,165,139,26,華南永昌-虎尾,2024-11-22,9377
00753L,中信中國50正2,25,0,25,華南永昌-虎尾,2024-11-22,9377
00673R,期元大S＆P原油反1,25,0,25,華南永昌-虎尾,2024-11-22,9377
4960,誠美材,25,0,25,華南永昌-虎尾,2024-11-22,9377
2380,虹光,21,0,21,華南永昌-虎尾,2024-11-22,9377
006208,富邦台50,21,1,20,華南永昌-虎尾,2024-11-22,9377
3047,訊舟,26,6,20,華南永昌-虎尾,2024-11-22,9377
2615,萬海,34,14,20,華南永昌-虎尾,2024-11-22,9377
3689,湧德,19,0,19,華南永昌-虎尾,2024-11-22,9377
2204,中華,25,6,19,華南永昌-虎尾,2024-11-22,9377
00953B,群益優選非投等債,18,0,18,華南永昌-虎尾,2024-11-22,9377
2349,錸德,96,78,18,華南永昌-虎尾,2024-11-22,9377
3498,陽程,17,0,17,華南永昌-虎尾,2024-11-22,9377
2603,長榮,38,22,16,華南永昌-虎尾,2024-11-22,9377
2442,新美齊,16,0,16,華南永昌-虎尾,2024-11-22,9377
2504,國產,16,0,16,華南永昌-虎尾,2024-11-22,9377
2520,冠德,16,0,16,華南永昌-虎尾,2024-11-22,9377
00904,新光臺灣半導體30,14,0,14,華南永昌-虎尾,2024-11-22,9377
2399,映泰,15,1,14,華南永昌-虎尾,2024-11-22,9377
2354,鴻準,46,33,13,華南永昌-虎尾,2024-11-22,9377
00652,富邦印度,13,0,13,華南永昌-虎尾,2024-11-22,9377
00633L,富邦上証正2,13,0,13,華南永昌-虎尾,2024-11-22,9377
911868,同方友友-DR,13,0,13,華南永昌-虎尾,2024-11-22,9377
2609,陽明,69,57,12,華南永昌-虎尾,2024-11-22,9377
00894,中信小資高價30,12,0,12,華南永昌-虎尾,2024-11-22,9377
00901,永豐智能車供應鏈,12,0,12,華南永昌-虎尾,2024-11-22,9377
3711,日月光投控,17,5,12,華南永昌-虎尾,2024-11-22,9377
8104,錸寶,43,31,12,華南永昌-虎尾,2024-11-22,9377
2317,鴻海,16,5,11,華南永昌-虎尾,2024-11-22,9377
5876,上海商銀,11,0,11,華南永昌-虎尾,2024-11-22,9377
0056,元大高股息,22,11,11,華南永昌-虎尾,2024-11-22,9377
2449,京元電子,14,3,11,華南永昌-虎尾,2024-11-22,9377
2498,宏達電,11,0,11,華南永昌-虎尾,2024-11-22,9377
3545,敦泰,12,1,11,華南永昌-虎尾,2024-11-22,9377
00909,國泰數位支付服務,10,0,10,華南永昌-虎尾,2024-11-22,9377
00935,野村臺灣新科技50,10,0,10,華南永昌-虎尾,2024-11-22,9377
00881,國泰台灣5G+,10,0,10,華南永昌-虎尾,2024-11-22,9377
00693U,期街口S＆P黃豆,10,0,10,華南永昌-虎尾,2024-11-22,9377
00680L,元大美債20正2,10,0,10,華南永昌-虎尾,2024-11-22,9377
9105,泰金寶-DR,501,198,303,華南永昌-虎尾,2024-11-25,9377
00919,群益台灣精選高息,110,0,110,華南永昌-虎尾,2024-11-25,9377
2371,大同,208,106,102,華南永昌-虎尾,2024-11-25,9377
00950B,凱基A級公司債,75,0,75,華南永昌-虎尾,2024-11-25,9377
00673R,期元大S＆P原油反1,70,0,70,華南永昌-虎尾,2024-11-25,9377
6509,聚和,70,0,70,華南永昌-虎尾,2024-11-25,9377
2603,長榮,55,5,50,華南永昌-虎尾,2024-11-25,9377
006208,富邦台50,48,0,48,華南永昌-虎尾,2024-11-25,9377
00652,富邦印度,48,0,48,華南永昌-虎尾,2024-11-25,9377
8104,錸寶,46,4,42,華南永昌-虎尾,2024-11-25,9377
4157,太景*-KY,90,50,40,華南永昌-虎尾,2024-11-25,9377
00882,中信中國高股息,33,0,33,華南永昌-虎尾,2024-11-25,9377
1402,遠東新,38,5,33,華南永昌-虎尾,2024-11-25,9377
1301,台塑,32,0,32,華南永昌-虎尾,2024-11-25,9377
2330,台積電,30,0,30,華南永昌-虎尾,2024-11-25,9377
00664R,國泰臺灣加權反1,30,0,30,華南永昌-虎尾,2024-11-25,9377
00637L,元大滬深300正2,78,50,28,華南永昌-虎尾,2024-11-25,9377
2324,仁寶,40,13,27,華南永昌-虎尾,2024-11-25,9377
2356,英業達,47,21,26,華南永昌-虎尾,2024-11-25,9377
8249,菱光,30,6,24,華南永昌-虎尾,2024-11-25,9377
6873,泓德能源,22,0,22,華南永昌-虎尾,2024-11-25,9377
00943,兆豐電子高息等權,20,0,20,華南永昌-虎尾,2024-11-25,9377
6191,精成科,20,0,20,華南永昌-虎尾,2024-11-25,9377
9904,寶成,22,2,20,華南永昌-虎尾,2024-11-25,9377
1326,台化,20,2,18,華南永昌-虎尾,2024-11-25,9377
6288,聯嘉,20,2,18,華南永昌-虎尾,2024-11-25,9377
00918,大華優利高填息30,16,0,16,華南永昌-虎尾,2024-11-25,9377
2382,廣達,15,0,15,華南永昌-虎尾,2024-11-25,9377
3019,亞光,18,3,15,華南永昌-虎尾,2024-11-25,9377
2349,錸德,31,16,15,華南永昌-虎尾,2024-11-25,9377
4903,聯光通,20,7,13,華南永昌-虎尾,2024-11-25,9377
1815,富喬,118,105,13,華南永昌-虎尾,2024-11-25,9377
2605,新興,12,0,12,華南永昌-虎尾,2024-11-25,9377
4729,熒茂,18,6,12,華南永昌-虎尾,2024-11-25,9377
2442,新美齊,11,0,11,華南永昌-虎尾,2024-11-25,9377
00930,永豐ESG低碳高息,11,0,11,華南永昌-虎尾,2024-11-25,9377
2431,聯昌,11,0,11,華南永昌-虎尾,2024-11-25,9377
3511,矽瑪,13,2,11,華南永昌-虎尾,2024-11-25,9377
8942,森鉅,11,0,11,華南永昌-虎尾,2024-11-25,9377
5340,建榮,10,0,10,華南永昌-虎尾,2024-11-25,9377
00887,永豐中國科技50大,25,15,10,華南永昌-虎尾,2024-11-25,9377
00893,國泰智能電動車,10,0,10,華南永昌-虎尾,2024-11-25,9377
00795B,中信美國公債20年,10,0,10,華南永昌-虎尾,2024-11-25,9377
1466,聚隆,12,2,10,華南永昌-虎尾,2024-11-25,9377
3221,台嘉碩,10,0,10,華南永昌-虎尾,2024-11-25,9377
3264,欣銓,10,0,10,華南永昌-虎尾,2024-11-25,9377
4534,慶騰,10,0,10,華南永昌-虎尾,2024-11-25,9377
4561,健椿,10,0,10,華南永昌-虎尾,2024-11-25,9377
5880,合庫金,10,0,10,華南永昌-虎尾,2024-11-25,9377
3260,威剛,9,0,9,華南永昌-虎尾,2024-11-25,9377
00937B,群益ESG投等債20,150,4,146,華南永昌-虎尾,2024-11-26,9377
2356,英業達,144,27,117,華南永昌-虎尾,2024-11-26,9377
2891,中信金,103,0,103,華南永昌-虎尾,2024-11-26,9377
00948B,中信優息投資級債,100,0,100,華南永昌-虎尾,2024-11-26,9377
00715L,期街口布蘭特正2,90,10,80,華南永昌-虎尾,2024-11-26,9377
5530,龍巖,80,0,80,華南永昌-虎尾,2024-11-26,9377
1815,富喬,184,113,71,華南永昌-虎尾,2024-11-26,9377
2317,鴻海,75,4,71,華南永昌-虎尾,2024-11-26,9377
3605,宏致,63,0,63,華南永昌-虎尾,2024-11-26,9377
9904,寶成,51,0,51,華南永昌-虎尾,2024-11-26,9377
6288,聯嘉,51,0,51,華南永昌-虎尾,2024-11-26,9377
3481,群創,50,0,50,華南永昌-虎尾,2024-11-26,9377
3015,全漢,46,5,41,華南永昌-虎尾,2024-11-26,9377
00943,兆豐電子高息等權,40,0,40,華南永昌-虎尾,2024-11-26,9377
00951,台新日本半導體,40,0,40,華南永昌-虎尾,2024-11-26,9377
5309,系統電,53,14,39,華南永昌-虎尾,2024-11-26,9377
1449,佳和,42,8,34,華南永昌-虎尾,2024-11-26,9377
2929,淘帝-KY,36,4,32,華南永昌-虎尾,2024-11-26,9377
00878,國泰永續高股息,33,1,32,華南永昌-虎尾,2024-11-26,9377
2344,華邦電,26,0,26,華南永昌-虎尾,2024-11-26,9377
00740B,富邦全球投等債,25,0,25,華南永昌-虎尾,2024-11-26,9377
2367,燿華,26,2,24,華南永昌-虎尾,2024-11-26,9377
1229,聯華,22,0,22,華南永昌-虎尾,2024-11-26,9377
00887,永豐中國科技50大,26,5,21,華南永昌-虎尾,2024-11-26,9377
1777,生泰,20,0,20,華南永昌-虎尾,2024-11-26,9377
3323,加百裕,74,54,20,華南永昌-虎尾,2024-11-26,9377
4956,光鋐,25,5,20,華南永昌-虎尾,2024-11-26,9377
3231,緯創,31,12,19,華南永昌-虎尾,2024-11-26,9377
0050,元大台灣50,18,0,18,華南永昌-虎尾,2024-11-26,9377
00930,永豐ESG低碳高息,18,0,18,華南永昌-虎尾,2024-11-26,9377
6763,綠界科技*,18,0,18,華南永昌-虎尾,2024-11-26,9377
00882,中信中國高股息,16,0,16,華南永昌-虎尾,2024-11-26,9377
2634,漢翔,18,2,16,華南永昌-虎尾,2024-11-26,9377
1471,首利,14,0,14,華南永昌-虎尾,2024-11-26,9377
2610,華航,15,2,13,華南永昌-虎尾,2024-11-26,9377
00753L,中信中國50正2,12,0,12,華南永昌-虎尾,2024-11-26,9377
00693U,期街口S＆P黃豆,12,0,12,華南永昌-虎尾,2024-11-26,9377
00646,元大S＆P500,12,0,12,華南永昌-虎尾,2024-11-26,9377
6664,群翊,12,0,12,華南永昌-虎尾,2024-11-26,9377
6668,中揚光,26,14,12,華南永昌-虎尾,2024-11-26,9377
6156,松上,11,0,11,華南永昌-虎尾,2024-11-26,9377
00965,元大航太防衛科技,19,8,11,華南永昌-虎尾,2024-11-26,9377
3707,漢磊,10,0,10,華南永昌-虎尾,2024-11-26,9377
00922,國泰台灣領袖50,10,0,10,華南永昌-虎尾,2024-11-26,9377
1326,台化,23,13,10,華南永昌-虎尾,2024-11-26,9377
1711,永光,10,0,10,華南永昌-虎尾,2024-11-26,9377
2406,國碩,10,0,10,華南永昌-虎尾,2024-11-26,9377
2419,仲琦,22,12,10,華南永昌-虎尾,2024-11-26,9377
6118,建達,10,0,10,華南永昌-虎尾,2024-11-26,9377
6134,萬旭,11,1,10,華南永昌-虎尾,2024-11-26,9377
00679B,元大美債20年,969,20,949,華南永昌-虎尾,2024-11-27,9377
00878,國泰永續高股息,251,0,251,華南永昌-虎尾,2024-11-27,9377
2303,聯電,167,8,159,華南永昌-虎尾,2024-11-27,9377
2323,中環,141,10,131,華南永昌-虎尾,2024-11-27,9377
00943,兆豐電子高息等權,120,1,119,華南永昌-虎尾,2024-11-27,9377
0056,元大高股息,110,1,109,華南永昌-虎尾,2024-11-27,9377
4904,遠傳,109,5,104,華南永昌-虎尾,2024-11-27,9377
2883,凱基金,99,10,89,華南永昌-虎尾,2024-11-27,9377
00715L,期街口布蘭特正2,82,0,82,華南永昌-虎尾,2024-11-27,9377
1215,卜蜂,79,0,79,華南永昌-虎尾,2024-11-27,9377
2609,陽明,170,107,63,華南永昌-虎尾,2024-11-27,9377
2317,鴻海,81,18,63,華南永昌-虎尾,2024-11-27,9377
1528,恩德,63,2,61,華南永昌-虎尾,2024-11-27,9377
00919,群益台灣精選高息,63,5,58,華南永昌-虎尾,2024-11-27,9377
2489,瑞軒,54,0,54,華南永昌-虎尾,2024-11-27,9377
2426,鼎元,84,31,53,華南永昌-虎尾,2024-11-27,9377
2344,華邦電,83,33,50,華南永昌-虎尾,2024-11-27,9377
4720,德淵,49,0,49,華南永昌-虎尾,2024-11-27,9377
9105,泰金寶-DR,158,110,48,華南永昌-虎尾,2024-11-27,9377
3231,緯創,46,9,37,華南永昌-虎尾,2024-11-27,9377
2330,台積電,44,8,36,華南永昌-虎尾,2024-11-27,9377
2892,第一金,40,6,34,華南永昌-虎尾,2024-11-27,9377
8104,錸寶,61,28,33,華南永昌-虎尾,2024-11-27,9377
9945,潤泰新,32,0,32,華南永昌-虎尾,2024-11-27,9377
00932,兆豐永續高息等權,32,0,32,華南永昌-虎尾,2024-11-27,9377
2476,鉅祥,31,0,31,華南永昌-虎尾,2024-11-27,9377
6265,方土昶,29,0,29,華南永昌-虎尾,2024-11-27,9377
1536,和大,54,26,28,華南永昌-虎尾,2024-11-27,9377
2354,鴻準,49,22,27,華南永昌-虎尾,2024-11-27,9377
1605,華新,35,10,25,華南永昌-虎尾,2024-11-27,9377
2349,錸德,41,18,23,華南永昌-虎尾,2024-11-27,9377
6770,力積電,22,0,22,華南永昌-虎尾,2024-11-27,9377
3481,群創,31,10,21,華南永昌-虎尾,2024-11-27,9377
1210,大成,21,0,21,華南永昌-虎尾,2024-11-27,9377
4157,太景*-KY,20,0,20,華南永昌-虎尾,2024-11-27,9377
00673R,期元大S＆P原油反1,20,0,20,華南永昌-虎尾,2024-11-27,9377
2485,兆赫,30,10,20,華南永昌-虎尾,2024-11-27,9377
9904,寶成,22,2,20,華南永昌-虎尾,2024-11-27,9377
00753L,中信中國50正2,20,2,18,華南永昌-虎尾,2024-11-27,9377
5309,系統電,37,20,17,華南永昌-虎尾,2024-11-27,9377
00927,群益半導體收益,17,0,17,華南永昌-虎尾,2024-11-27,9377
00946,群益科技高息成長,17,0,17,華南永昌-虎尾,2024-11-27,9377
2888,新光金,20,3,17,華南永昌-虎尾,2024-11-27,9377
3049,精金,17,0,17,華南永昌-虎尾,2024-11-27,9377
1524,耿鼎,17,1,16,華南永昌-虎尾,2024-11-27,9377
2392,正崴,48,32,16,華南永昌-虎尾,2024-11-27,9377
2929,淘帝-KY,41,25,16,華南永昌-虎尾,2024-11-27,9377
00940,元大台灣價值高息,107,92,15,華南永昌-虎尾,2024-11-27,9377
00930,永豐ESG低碳高息,15,0,15,華南永昌-虎尾,2024-11-27,9377
2801,彰銀,15,0,15,華南永昌-虎尾,2024-11-27,9377
00937B,群益ESG投等債20,1097,195,902,華南永昌-虎尾,2024-11-28,9377
00919,群益台灣精選高息,240,4,236,華南永昌-虎尾,2024-11-28,9377
00905,FT臺灣Smart,190,1,189,華南永昌-虎尾,2024-11-28,9377
00948B,中信優息投資級債,100,0,100,華南永昌-虎尾,2024-11-28,9377
00878,國泰永續高股息,137,43,94,華南永昌-虎尾,2024-11-28,9377
2312,金寶,126,42,84,華南永昌-虎尾,2024-11-28,9377
1312,國喬,70,0,70,華南永昌-虎尾,2024-11-28,9377
2332,友訊,90,30,60,華南永昌-虎尾,2024-11-28,9377
3481,群創,103,44,59,華南永昌-虎尾,2024-11-28,9377
00943,兆豐電子高息等權,66,10,56,華南永昌-虎尾,2024-11-28,9377
9105,泰金寶-DR,265,216,49,華南永昌-虎尾,2024-11-28,9377
2883,凱基金,52,6,46,華南永昌-虎尾,2024-11-28,9377
00685L,群益臺灣加權正2,40,0,40,華南永昌-虎尾,2024-11-28,9377
00940,元大台灣價值高息,40,2,38,華南永昌-虎尾,2024-11-28,9377
00740B,富邦全球投等債,34,0,34,華南永昌-虎尾,2024-11-28,9377
1809,中釉,34,0,34,華南永昌-虎尾,2024-11-28,9377
2371,大同,42,10,32,華南永昌-虎尾,2024-11-28,9377
2601,益航,31,0,31,華南永昌-虎尾,2024-11-28,9377
00715L,期街口布蘭特正2,30,0,30,華南永昌-虎尾,2024-11-28,9377
2303,聯電,34,6,28,華南永昌-虎尾,2024-11-28,9377
0056,元大高股息,33,6,27,華南永昌-虎尾,2024-11-28,9377
1815,富喬,145,119,26,華南永昌-虎尾,2024-11-28,9377
2354,鴻準,51,26,25,華南永昌-虎尾,2024-11-28,9377
00932,兆豐永續高息等權,24,0,24,華南永昌-虎尾,2024-11-28,9377
00637L,元大滬深300正2,83,60,23,華南永昌-虎尾,2024-11-28,9377
2489,瑞軒,33,11,22,華南永昌-虎尾,2024-11-28,9377
4510,高鋒,76,54,22,華南永昌-虎尾,2024-11-28,9377
2449,京元電子,26,5,21,華南永昌-虎尾,2024-11-28,9377
8171,天宇,21,1,20,華南永昌-虎尾,2024-11-28,9377
1611,中電,18,0,18,華南永昌-虎尾,2024-11-28,9377
3015,全漢,20,2,18,華南永昌-虎尾,2024-11-28,9377
2442,新美齊,16,0,16,華南永昌-虎尾,2024-11-28,9377
2457,飛宏,18,2,16,華南永昌-虎尾,2024-11-28,9377
4720,德淵,16,0,16,華南永昌-虎尾,2024-11-28,9377
1524,耿鼎,22,7,15,華南永昌-虎尾,2024-11-28,9377
1584,精剛,15,0,15,華南永昌-虎尾,2024-11-28,9377
6104,創惟,15,0,15,華南永昌-虎尾,2024-11-28,9377
2344,華邦電,13,0,13,華南永昌-虎尾,2024-11-28,9377
2349,錸德,13,0,13,華南永昌-虎尾,2024-11-28,9377
00946,群益科技高息成長,12,0,12,華南永昌-虎尾,2024-11-28,9377
4526,東台,12,0,12,華南永昌-虎尾,2024-11-28,9377
8038,長園科,13,1,12,華南永昌-虎尾,2024-11-28,9377
2834,臺企銀,12,0,12,華南永昌-虎尾,2024-11-28,9377
1471,首利,13,2,11,華南永昌-虎尾,2024-11-28,9377
2204,中華,13,2,11,華南永昌-虎尾,2024-11-28,9377
2355,敬鵬,11,0,11,華南永昌-虎尾,2024-11-28,9377
2406,國碩,11,0,11,華南永昌-虎尾,2024-11-28,9377
2492,華新科,11,0,11,華南永昌-虎尾,2024-11-28,9377
6133,金橋,14,3,11,華南永昌-虎尾,2024-11-28,9377
6156,松上,11,0,11,華南永昌-虎尾,2024-11-28,9377
2609,陽明,338,54,284,華南永昌-虎尾,2024-11-29,9377
2324,仁寶,213,1,212,華南永昌-虎尾,2024-11-29,9377
2603,長榮,137,4,133,華南永昌-虎尾,2024-11-29,9377
3481,群創,110,43,67,華南永昌-虎尾,2024-11-29,9377
00919,群益台灣精選高息,66,5,61,華南永昌-虎尾,2024-11-29,9377
5880,合庫金,54,0,54,華南永昌-虎尾,2024-11-29,9377
1301,台塑,47,3,44,華南永昌-虎尾,2024-11-29,9377
00642U,期元大S＆P石油,40,0,40,華南永昌-虎尾,2024-11-29,9377
8358,金居,40,0,40,華南永昌-虎尾,2024-11-29,9377
2002,中鋼,34,1,33,華南永昌-虎尾,2024-11-29,9377
2485,兆赫,30,0,30,華南永昌-虎尾,2024-11-29,9377
2367,燿華,30,1,29,華南永昌-虎尾,2024-11-29,9377
2834,臺企銀,27,1,26,華南永昌-虎尾,2024-11-29,9377
00878,國泰永續高股息,66,40,26,華南永昌-虎尾,2024-11-29,9377
2356,英業達,26,1,25,華南永昌-虎尾,2024-11-29,9377
0056,元大高股息,29,5,24,華南永昌-虎尾,2024-11-29,9377
2312,金寶,75,53,22,華南永昌-虎尾,2024-11-29,9377
2303,聯電,73,51,22,華南永昌-虎尾,2024-11-29,9377
00940,元大台灣價值高息,21,0,21,華南永昌-虎尾,2024-11-29,9377
2204,中華,24,3,21,華南永昌-虎尾,2024-11-29,9377
6265,方土昶,21,0,21,華南永昌-虎尾,2024-11-29,9377
00635U,期元大S＆P黃金,20,0,20,華南永昌-虎尾,2024-11-29,9377
1524,耿鼎,20,0,20,華南永昌-虎尾,2024-11-29,9377
2344,華邦電,30,11,19,華南永昌-虎尾,2024-11-29,9377
00712,復華富時不動產,18,0,18,華南永昌-虎尾,2024-11-29,9377
3689,湧德,19,1,18,華南永昌-虎尾,2024-11-29,9377
3031,佰鴻,19,2,17,華南永昌-虎尾,2024-11-29,9377
3231,緯創,21,4,17,華南永昌-虎尾,2024-11-29,9377
00918,大華優利高填息30,15,0,15,華南永昌-虎尾,2024-11-29,9377
5309,系統電,35,21,14,華南永昌-虎尾,2024-11-29,9377
6770,力積電,13,0,13,華南永昌-虎尾,2024-11-29,9377
3114,好德,14,2,12,華南永昌-虎尾,2024-11-29,9377
1308,亞聚,11,0,11,華南永昌-虎尾,2024-11-29,9377
3013,晟銘電,31,20,11,華南永昌-虎尾,2024-11-29,9377
6235,華孚,12,1,11,華南永昌-虎尾,2024-11-29,9377
2881,富邦金,10,0,10,華南永昌-虎尾,2024-11-29,9377
1595,川寶,10,0,10,華南永昌-虎尾,2024-11-29,9377
2103,台橡,10,0,10,華南永昌-虎尾,2024-11-29,9377
2801,彰銀,11,1,10,華南永昌-虎尾,2024-11-29,9377
2845,遠東銀,10,0,10,華南永昌-虎尾,2024-11-29,9377
3050,鈺德,10,0,10,華南永昌-虎尾,2024-11-29,9377
6109,亞元,10,0,10,華南永昌-虎尾,2024-11-29,9377
6152,百一,10,0,10,華南永昌-虎尾,2024-11-29,9377
9904,寶成,10,0,10,華南永昌-虎尾,2024-11-29,9377
2634,漢翔,10,0,10,華南永昌-虎尾,2024-11-29,9377
6133,金橋,9,0,9,華南永昌-虎尾,2024-11-29,9377
2392,正崴,31,22,9,華南永昌-虎尾,2024-11-29,9377
4510,高鋒,25,17,8,華南永昌-虎尾,2024-11-29,9377
2308,台達電,8,0,8,華南永昌-虎尾,2024-11-29,9377
4720,德淵,8,0,8,華南永昌-虎尾,2024-11-29,9377
00948B,中信優息投資級債,1099,0,1099,華南永昌-虎尾,2024-12-02,9377
00953B,群益優選非投等債,240,0,240,華南永昌-虎尾,2024-12-02,9377
2891,中信金,239,9,230,華南永昌-虎尾,2024-12-02,9377
00664R,國泰臺灣加權反1,80,0,80,華南永昌-虎尾,2024-12-02,9377
8104,錸寶,72,1,71,華南永昌-虎尾,2024-12-02,9377
00637L,元大滬深300正2,166,121,45,華南永昌-虎尾,2024-12-02,9377
4157,太景*-KY,50,5,45,華南永昌-虎尾,2024-12-02,9377
00715L,期街口布蘭特正2,43,0,43,華南永昌-虎尾,2024-12-02,9377
1524,耿鼎,45,2,43,華南永昌-虎尾,2024-12-02,9377
3481,群創,49,14,35,華南永昌-虎尾,2024-12-02,9377
2356,英業達,38,3,35,華南永昌-虎尾,2024-12-02,9377
6175,立敦,35,0,35,華南永昌-虎尾,2024-12-02,9377
2929,淘帝-KY,65,31,34,華南永昌-虎尾,2024-12-02,9377
2332,友訊,33,2,31,華南永昌-虎尾,2024-12-02,9377
4510,高鋒,40,11,29,華南永昌-虎尾,2024-12-02,9377
6443,元晶,30,3,27,華南永昌-虎尾,2024-12-02,9377
00878,國泰永續高股息,33,7,26,華南永昌-虎尾,2024-12-02,9377
00918,大華優利高填息30,26,0,26,華南永昌-虎尾,2024-12-02,9377
00632R,元大台灣50反1,25,0,25,華南永昌-虎尾,2024-12-02,9377
00740B,富邦全球投等債,25,0,25,華南永昌-虎尾,2024-12-02,9377
6290,良維,25,0,25,華南永昌-虎尾,2024-12-02,9377
2317,鴻海,29,4,25,華南永昌-虎尾,2024-12-02,9377
2324,仁寶,21,1,20,華南永昌-虎尾,2024-12-02,9377
3036,文曄,23,3,20,華南永昌-虎尾,2024-12-02,9377
3038,全台,20,0,20,華南永昌-虎尾,2024-12-02,9377
4906,正文,20,0,20,華南永昌-虎尾,2024-12-02,9377
8021,尖點,19,0,19,華南永昌-虎尾,2024-12-02,9377
2454,聯發科,20,1,19,華南永昌-虎尾,2024-12-02,9377
1795,美時,18,1,17,華南永昌-虎尾,2024-12-02,9377
2888,新光金,25,8,17,華南永昌-虎尾,2024-12-02,9377
3031,佰鴻,17,0,17,華南永昌-虎尾,2024-12-02,9377
5309,系統電,50,33,17,華南永昌-虎尾,2024-12-02,9377
00927,群益半導體收益,16,0,16,華南永昌-虎尾,2024-12-02,9377
1605,華新,33,17,16,華南永昌-虎尾,2024-12-02,9377
6558,興能高,73,57,16,華南永昌-虎尾,2024-12-02,9377
2349,錸德,26,11,15,華南永昌-虎尾,2024-12-02,9377
2354,鴻準,48,33,15,華南永昌-虎尾,2024-12-02,9377
00946,群益科技高息成長,14,0,14,華南永昌-虎尾,2024-12-02,9377
00915,凱基優選高股息30,13,0,13,華南永昌-虎尾,2024-12-02,9377
1308,亞聚,13,0,13,華南永昌-虎尾,2024-12-02,9377
00891,中信關鍵半導體,13,1,12,華南永昌-虎尾,2024-12-02,9377
6180,橘子,13,1,12,華南永昌-虎尾,2024-12-02,9377
1536,和大,25,13,12,華南永昌-虎尾,2024-12-02,9377
1815,富喬,78,66,12,華南永昌-虎尾,2024-12-02,9377
8033,雷虎,11,0,11,華南永昌-虎尾,2024-12-02,9377
6763,綠界科技*,11,0,11,華南永昌-虎尾,2024-12-02,9377
00764B,群益25年美債,11,0,11,華南永昌-虎尾,2024-12-02,9377
2002,中鋼,12,2,10,華南永昌-虎尾,2024-12-02,9377
00881,國泰台灣5G+,10,0,10,華南永昌-虎尾,2024-12-02,9377
2323,中環,80,70,10,華南永昌-虎尾,2024-12-02,9377
00632R,元大台灣50反1,809,100,709,華南永昌-虎尾,2024-12-03,9377
00664R,國泰臺灣加權反1,621,0,621,華南永昌-虎尾,2024-12-03,9377
00935,野村臺灣新科技50,326,0,326,華南永昌-虎尾,2024-12-03,9377
2312,金寶,366,42,324,華南永昌-虎尾,2024-12-03,9377
00918,大華優利高填息30,264,12,252,華南永昌-虎尾,2024-12-03,9377
00905,FT臺灣Smart,179,0,179,華南永昌-虎尾,2024-12-03,9377
006208,富邦台50,120,0,120,華南永昌-虎尾,2024-12-03,9377
00919,群益台灣精選高息,114,3,111,華南永昌-虎尾,2024-12-03,9377
00948B,中信優息投資級債,100,0,100,華南永昌-虎尾,2024-12-03,9377
6558,興能高,98,13,85,華南永昌-虎尾,2024-12-03,9377
2801,彰銀,80,0,80,華南永昌-虎尾,2024-12-03,9377
2845,遠東銀,52,0,52,華南永昌-虎尾,2024-12-03,9377
8104,錸寶,70,20,50,華南永昌-虎尾,2024-12-03,9377
00937B,群益ESG投等債20,50,1,49,華南永昌-虎尾,2024-12-03,9377
2465,麗臺,50,3,47,華南永昌-虎尾,2024-12-03,9377
3024,憶聲,45,4,41,華南永昌-虎尾,2024-12-03,9377
00915,凱基優選高股息30,35,0,35,華南永昌-虎尾,2024-12-03,9377
5351,鈺創,31,1,30,華南永昌-虎尾,2024-12-03,9377
2883,凱基金,52,25,27,華南永昌-虎尾,2024-12-03,9377
00740B,富邦全球投等債,25,0,25,華南永昌-虎尾,2024-12-03,9377
2332,友訊,26,5,21,華南永昌-虎尾,2024-12-03,9377
1609,大亞,20,0,20,華南永昌-虎尾,2024-12-03,9377
2547,日勝生,20,0,20,華南永昌-虎尾,2024-12-03,9377
00900,富邦特選高股息30,20,0,20,華南永昌-虎尾,2024-12-03,9377
2034,允強,20,0,20,華南永昌-虎尾,2024-12-03,9377
6175,立敦,20,0,20,華南永昌-虎尾,2024-12-03,9377
1560,中砂,22,3,19,華南永昌-虎尾,2024-12-03,9377
5880,合庫金,17,0,17,華南永昌-虎尾,2024-12-03,9377
00715L,期街口布蘭特正2,67,50,17,華南永昌-虎尾,2024-12-03,9377
2324,仁寶,19,2,17,華南永昌-虎尾,2024-12-03,9377
6274,台燿,16,1,15,華南永昌-虎尾,2024-12-03,9377
6127,九豪,17,4,13,華南永昌-虎尾,2024-12-03,9377
00713,元大台灣高息低波,14,1,13,華南永昌-虎尾,2024-12-03,9377
8028,昇陽半導體,13,2,11,華南永昌-虎尾,2024-12-03,9377
9802,鈺齊-KY,11,0,11,華南永昌-虎尾,2024-12-03,9377
2867,三商壽,10,0,10,華南永昌-虎尾,2024-12-03,9377
1615,大山,10,0,10,華南永昌-虎尾,2024-12-03,9377
2227,裕日車,10,0,10,華南永昌-虎尾,2024-12-03,9377
2337,旺宏,10,0,10,華南永昌-虎尾,2024-12-03,9377
2023,燁輝,11,1,10,華南永昌-虎尾,2024-12-03,9377
1605,華新,36,27,9,華南永昌-虎尾,2024-12-03,9377
1595,川寶,10,1,9,華南永昌-虎尾,2024-12-03,9377
5328,華容,30,21,9,華南永昌-虎尾,2024-12-03,9377
1815,富喬,64,55,9,華南永昌-虎尾,2024-12-03,9377
1471,首利,9,1,8,華南永昌-虎尾,2024-12-03,9377
2603,長榮,24,16,8,華南永昌-虎尾,2024-12-03,9377
2354,鴻準,13,6,7,華南永昌-虎尾,2024-12-03,9377
2014,中鴻,7,0,7,華南永昌-虎尾,2024-12-03,9377
2444,兆勁,7,0,7,華南永昌-虎尾,2024-12-03,9377
8112,至上,7,0,7,華南永昌-虎尾,2024-12-03,9377
00953B,群益優選非投等債,241,0,241,華南永昌-虎尾,2024-12-04,9377
00918,大華優利高填息30,89,2,87,華南永昌-虎尾,2024-12-04,9377
2801,彰銀,77,5,72,華南永昌-虎尾,2024-12-04,9377
00935,野村臺灣新科技50,72,0,72,華南永昌-虎尾,2024-12-04,9377
2929,淘帝-KY,63,5,58,華南永昌-虎尾,2024-12-04,9377
1301,台塑,57,3,54,華南永昌-虎尾,2024-12-04,9377
6509,聚和,40,0,40,華南永昌-虎尾,2024-12-04,9377
1605,華新,48,11,37,華南永昌-虎尾,2024-12-04,9377
2603,長榮,40,3,37,華南永昌-虎尾,2024-12-04,9377
00673R,期元大S＆P原油反1,35,0,35,華南永昌-虎尾,2024-12-04,9377
2504,國產,35,0,35,華南永昌-虎尾,2024-12-04,9377
8089,康全電訊,37,4,33,華南永昌-虎尾,2024-12-04,9377
2312,金寶,60,30,30,華南永昌-虎尾,2024-12-04,9377
2891,中信金,33,5,28,華南永昌-虎尾,2024-12-04,9377
2344,華邦電,27,0,27,華南永昌-虎尾,2024-12-04,9377
2609,陽明,37,14,23,華南永昌-虎尾,2024-12-04,9377
2890,永豐金,25,2,23,華南永昌-虎尾,2024-12-04,9377
6152,百一,23,0,23,華南永昌-虎尾,2024-12-04,9377
00687B,國泰20年美債,23,1,22,華南永昌-虎尾,2024-12-04,9377
6265,方土昶,21,0,21,華南永昌-虎尾,2024-12-04,9377
00688L,國泰20年美債正2,20,0,20,華南永昌-虎尾,2024-12-04,9377
3576,聯合再生,20,0,20,華南永昌-虎尾,2024-12-04,9377
6486,互動,21,1,20,華南永昌-虎尾,2024-12-04,9377
1904,正隆,20,1,19,華南永昌-虎尾,2024-12-04,9377
2062,橋椿,20,2,18,華南永昌-虎尾,2024-12-04,9377
00941,中信上游半導體,20,4,16,華南永昌-虎尾,2024-12-04,9377
2324,仁寶,21,5,16,華南永昌-虎尾,2024-12-04,9377
2892,第一金,16,0,16,華南永昌-虎尾,2024-12-04,9377
4931,新盛力,32,16,16,華南永昌-虎尾,2024-12-04,9377
00795B,中信美國公債20年,15,0,15,華南永昌-虎尾,2024-12-04,9377
00685L,群益臺灣加權正2,15,0,15,華南永昌-虎尾,2024-12-04,9377
2408,南亞科,26,11,15,華南永昌-虎尾,2024-12-04,9377
1595,川寶,14,0,14,華南永昌-虎尾,2024-12-04,9377
2449,京元電子,18,4,14,華南永昌-虎尾,2024-12-04,9377
6134,萬旭,14,0,14,華南永昌-虎尾,2024-12-04,9377
2646,星宇航空,12,0,12,華南永昌-虎尾,2024-12-04,9377
2605,新興,11,0,11,華南永昌-虎尾,2024-12-04,9377
1785,光洋科,13,2,11,華南永昌-虎尾,2024-12-04,9377
2337,旺宏,39,28,11,華南永昌-虎尾,2024-12-04,9377
6191,精成科,12,1,11,華南永昌-虎尾,2024-12-04,9377
4979,華星光,44,33,11,華南永昌-虎尾,2024-12-04,9377
2371,大同,62,52,10,華南永昌-虎尾,2024-12-04,9377
2002,中鋼,10,0,10,華南永昌-虎尾,2024-12-04,9377
2465,麗臺,11,1,10,華南永昌-虎尾,2024-12-04,9377
2365,昆盈,14,4,10,華南永昌-虎尾,2024-12-04,9377
00664R,國泰臺灣加權反1,10,0,10,華南永昌-虎尾,2024-12-04,9377
1909,榮成,10,0,10,華南永昌-虎尾,2024-12-04,9377
2323,中環,20,10,10,華南永昌-虎尾,2024-12-04,9377
2520,冠德,10,0,10,華南永昌-虎尾,2024-12-04,9377
5498,凱崴,10,0,10,華南永昌-虎尾,2024-12-04,9377
00952,凱基台灣AI50,398,0,398,華南永昌-虎尾,2024-12-05,9377
00715L,期街口布蘭特正2,195,0,195,華南永昌-虎尾,2024-12-05,9377
00912,中信臺灣智慧50,90,0,90,華南永昌-虎尾,2024-12-05,9377
2312,金寶,98,32,66,華南永昌-虎尾,2024-12-05,9377
3323,加百裕,156,92,64,華南永昌-虎尾,2024-12-05,9377
00637L,元大滬深300正2,92,30,62,華南永昌-虎尾,2024-12-05,9377
8104,錸寶,51,0,51,華南永昌-虎尾,2024-12-05,9377
8215,明基材,44,0,44,華南永昌-虎尾,2024-12-05,9377
00918,大華優利高填息30,48,5,43,華南永昌-虎尾,2024-12-05,9377
1216,統一,35,0,35,華南永昌-虎尾,2024-12-05,9377
1528,恩德,32,0,32,華南永昌-虎尾,2024-12-05,9377
00712,復華富時不動產,31,0,31,華南永昌-虎尾,2024-12-05,9377
4720,德淵,28,0,28,華南永昌-虎尾,2024-12-05,9377
2317,鴻海,28,2,26,華南永昌-虎尾,2024-12-05,9377
2371,大同,57,33,24,華南永昌-虎尾,2024-12-05,9377
3003,健和興,26,2,24,華南永昌-虎尾,2024-12-05,9377
2801,彰銀,25,2,23,華南永昌-虎尾,2024-12-05,9377
2349,錸德,48,26,22,華南永昌-虎尾,2024-12-05,9377
2034,允強,25,5,20,華南永昌-虎尾,2024-12-05,9377
2834,臺企銀,20,0,20,華南永昌-虎尾,2024-12-05,9377
2399,映泰,22,3,19,華南永昌-虎尾,2024-12-05,9377
6191,精成科,19,0,19,華南永昌-虎尾,2024-12-05,9377
1815,富喬,198,181,17,華南永昌-虎尾,2024-12-05,9377
8064,東捷,17,0,17,華南永昌-虎尾,2024-12-05,9377
5328,華容,67,51,16,華南永昌-虎尾,2024-12-05,9377
00919,群益台灣精選高息,27,12,15,華南永昌-虎尾,2024-12-05,9377
3265,台星科,18,2,16,華南永昌-虎尾,2024-12-05,9377
2485,兆赫,20,5,15,華南永昌-虎尾,2024-12-05,9377
8171,天宇,17,2,15,華南永昌-虎尾,2024-12-05,9377
2303,聯電,27,12,15,華南永昌-虎尾,2024-12-05,9377
2375,凱美,21,6,15,華南永昌-虎尾,2024-12-05,9377
2382,廣達,18,4,14,華南永昌-虎尾,2024-12-05,9377
6127,九豪,26,13,13,華南永昌-虎尾,2024-12-05,9377
5243,乙盛-KY,15,3,12,華南永昌-虎尾,2024-12-05,9377
2426,鼎元,16,4,12,華南永昌-虎尾,2024-12-05,9377
3665,貿聯-KY,11,0,11,華南永昌-虎尾,2024-12-05,9377
00642U,期元大S＆P石油,11,0,11,華南永昌-虎尾,2024-12-05,9377
3380,明泰,11,0,11,華南永昌-虎尾,2024-12-05,9377
00665L,富邦�琤肭磪囓�2,10,0,10,華南永昌-虎尾,2024-12-05,9377
00652,富邦印度,10,0,10,華南永昌-虎尾,2024-12-05,9377
2489,瑞軒,92,82,10,華南永昌-虎尾,2024-12-05,9377
2547,日勝生,10,0,10,華南永昌-虎尾,2024-12-05,9377
3033,威健,10,0,10,華南永昌-虎尾,2024-12-05,9377
3257,虹冠電,10,0,10,華南永昌-虎尾,2024-12-05,9377
4157,太景*-KY,10,0,10,華南永昌-虎尾,2024-12-05,9377
4958,臻鼎-KY,10,0,10,華南永昌-虎尾,2024-12-05,9377
6175,立敦,10,0,10,華南永昌-虎尾,2024-12-05,9377
8076,伍豐,10,0,10,華南永昌-虎尾,2024-12-05,9377
2929,淘帝-KY,46,36,10,華南永昌-虎尾,2024-12-05,9377
4526,東台,9,0,9,華南永昌-虎尾,2024-12-05,9377
00938,凱基優選30,160,0,160,華南永昌-虎尾,2024-12-06,9377
1605,華新,125,48,77,華南永昌-虎尾,2024-12-06,9377
2867,三商壽,55,0,55,華南永昌-虎尾,2024-12-06,9377
00715L,期街口布蘭特正2,52,0,52,華南永昌-虎尾,2024-12-06,9377
00918,大華優利高填息30,50,4,46,華南永昌-虎尾,2024-12-06,9377
00951,台新日本半導體,46,0,46,華南永昌-虎尾,2024-12-06,9377
00915,凱基優選高股息30,45,0,45,華南永昌-虎尾,2024-12-06,9377
3323,加百裕,101,63,38,華南永昌-虎尾,2024-12-06,9377
00953B,群益優選非投等債,35,0,35,華南永昌-虎尾,2024-12-06,9377
00887,永豐中國科技50大,43,11,32,華南永昌-虎尾,2024-12-06,9377
3049,精金,31,0,31,華南永昌-虎尾,2024-12-06,9377
2801,彰銀,30,0,30,華南永昌-虎尾,2024-12-06,9377
3003,健和興,34,4,30,華南永昌-虎尾,2024-12-06,9377
3231,緯創,74,45,29,華南永昌-虎尾,2024-12-06,9377
8064,東捷,25,0,25,華南永昌-虎尾,2024-12-06,9377
00919,群益台灣精選高息,24,0,24,華南永昌-虎尾,2024-12-06,9377
00878,國泰永續高股息,30,6,24,華南永昌-虎尾,2024-12-06,9377
2344,華邦電,50,26,24,華南永昌-虎尾,2024-12-06,9377
8089,康全電訊,25,1,24,華南永昌-虎尾,2024-12-06,9377
3015,全漢,28,5,23,華南永昌-虎尾,2024-12-06,9377
2204,中華,23,1,22,華南永昌-虎尾,2024-12-06,9377
1528,恩德,21,0,21,華南永昌-虎尾,2024-12-06,9377
00725B,國泰投資級公司債,20,0,20,華南永昌-虎尾,2024-12-06,9377
00673R,期元大S＆P原油反1,20,0,20,華南永昌-虎尾,2024-12-06,9377
6141,柏承,21,1,20,華南永昌-虎尾,2024-12-06,9377
6125,廣運,20,0,20,華南永昌-虎尾,2024-12-06,9377
8936,國統,20,0,20,華南永昌-虎尾,2024-12-06,9377
2449,京元電子,20,2,18,華南永昌-虎尾,2024-12-06,9377
1815,富喬,62,46,16,華南永昌-虎尾,2024-12-06,9377
00652,富邦印度,16,0,16,華南永昌-虎尾,2024-12-06,9377
2489,瑞軒,36,20,16,華南永昌-虎尾,2024-12-06,9377
3016,嘉晶,16,0,16,華南永昌-虎尾,2024-12-06,9377
2845,遠東銀,35,20,15,華南永昌-虎尾,2024-12-06,9377
4919,新唐,25,10,15,華南永昌-虎尾,2024-12-06,9377
00685L,群益臺灣加權正2,15,0,15,華南永昌-虎尾,2024-12-06,9377
6189,豐藝,15,0,15,華南永昌-虎尾,2024-12-06,9377
3706,神達,63,48,15,華南永昌-虎尾,2024-12-06,9377
2486,一詮,15,1,14,華南永昌-虎尾,2024-12-06,9377
3019,亞光,18,4,14,華南永昌-虎尾,2024-12-06,9377
2426,鼎元,13,0,13,華南永昌-虎尾,2024-12-06,9377
2929,淘帝-KY,57,44,13,華南永昌-虎尾,2024-12-06,9377
00909,國泰數位支付服務,12,0,12,華南永昌-虎尾,2024-12-06,9377
00940,元大台灣價值高息,11,0,11,華南永昌-虎尾,2024-12-06,9377
2408,南亞科,11,0,11,華南永昌-虎尾,2024-12-06,9377
00923,群益台ESG低碳50,11,0,11,華南永昌-虎尾,2024-12-06,9377
00937B,群益ESG投等債20,11,1,10,華南永昌-虎尾,2024-12-06,9377
00719B,元大美債1-3,10,0,10,華南永昌-虎尾,2024-12-06,9377
1307,三芳,10,0,10,華南永昌-虎尾,2024-12-06,9377
1402,遠東新,10,0,10,華南永昌-虎尾,2024-12-06,9377
3167,大量,10,0,10,華南永昌-虎尾,2024-12-06,9377
3481,群創,270,2,268,華南永昌-虎尾,2024-12-09,9377
00912,中信臺灣智慧50,140,0,140,華南永昌-虎尾,2024-12-09,9377
00715L,期街口布蘭特正2,108,0,108,華南永昌-虎尾,2024-12-09,9377
8104,錸寶,83,0,83,華南永昌-虎尾,2024-12-09,9377
00909,國泰數位支付服務,85,11,74,華南永昌-虎尾,2024-12-09,9377
00918,大華優利高填息30,68,1,67,華南永昌-虎尾,2024-12-09,9377
00950B,凱基A級公司債,65,0,65,華南永昌-虎尾,2024-12-09,9377
006208,富邦台50,50,0,50,華南永昌-虎尾,2024-12-09,9377
1528,恩德,50,2,48,華南永昌-虎尾,2024-12-09,9377
2354,鴻準,80,37,43,華南永昌-虎尾,2024-12-09,9377
3015,全漢,41,3,38,華南永昌-虎尾,2024-12-09,9377
8210,勤誠,30,0,30,華南永昌-虎尾,2024-12-09,9377
00951,台新日本半導體,30,0,30,華南永昌-虎尾,2024-12-09,9377
1717,長興,30,0,30,華南永昌-虎尾,2024-12-09,9377
2489,瑞軒,31,3,28,華南永昌-虎尾,2024-12-09,9377
2485,兆赫,28,0,28,華南永昌-虎尾,2024-12-09,9377
2615,萬海,64,38,26,華南永昌-虎尾,2024-12-09,9377
3049,精金,36,11,25,華南永昌-虎尾,2024-12-09,9377
2834,臺企銀,46,21,25,華南永昌-虎尾,2024-12-09,9377
1471,首利,26,2,24,華南永昌-虎尾,2024-12-09,9377
6263,普萊德,22,0,22,華南永昌-虎尾,2024-12-09,9377
6288,聯嘉,22,1,21,華南永昌-虎尾,2024-12-09,9377
8150,南茂,22,1,21,華南永昌-虎尾,2024-12-09,9377
00664R,國泰臺灣加權反1,20,0,20,華南永昌-虎尾,2024-12-09,9377
4720,德淵,20,0,20,華南永昌-虎尾,2024-12-09,9377
6770,力積電,19,0,19,華南永昌-虎尾,2024-12-09,9377
3689,湧德,18,1,17,華南永昌-虎尾,2024-12-09,9377
3003,健和興,16,0,16,華南永昌-虎尾,2024-12-09,9377
6141,柏承,22,6,16,華南永昌-虎尾,2024-12-09,9377
2332,友訊,23,8,15,華南永昌-虎尾,2024-12-09,9377
3706,神達,38,24,14,華南永昌-虎尾,2024-12-09,9377
2324,仁寶,58,44,14,華南永昌-虎尾,2024-12-09,9377
00713,元大台灣高息低波,14,0,14,華南永昌-虎尾,2024-12-09,9377
00919,群益台灣精選高息,36,22,14,華南永昌-虎尾,2024-12-09,9377
1309,台達化,13,0,13,華南永昌-虎尾,2024-12-09,9377
2355,敬鵬,18,5,13,華南永昌-虎尾,2024-12-09,9377
6133,金橋,14,1,13,華南永昌-虎尾,2024-12-09,9377
2891,中信金,33,20,13,華南永昌-虎尾,2024-12-09,9377
5309,系統電,14,2,12,華南永昌-虎尾,2024-12-09,9377
6117,迎廣,12,0,12,華南永昌-虎尾,2024-12-09,9377
0056,元大高股息,12,0,12,華南永昌-虎尾,2024-12-09,9377
1605,華新,44,33,11,華南永昌-虎尾,2024-12-09,9377
2520,冠德,11,0,11,華南永昌-虎尾,2024-12-09,9377
3257,虹冠電,12,1,11,華南永昌-虎尾,2024-12-09,9377
6265,方土昶,11,0,11,華南永昌-虎尾,2024-12-09,9377
6874,倍力,11,0,11,華南永昌-虎尾,2024-12-09,9377
2002,中鋼,11,1,10,華南永昌-虎尾,2024-12-09,9377
1447,力鵬,19,9,10,華南永昌-虎尾,2024-12-09,9377
1802,台玻,12,2,10,華南永昌-虎尾,2024-12-09,9377
00719B,元大美債1-3,10,0,10,華南永昌-虎尾,2024-12-09,9377
2834,臺企銀,322,2,320,華南永昌-虎尾,2024-12-10,9377
2610,華航,190,1,189,華南永昌-虎尾,2024-12-10,9377
2436,偉詮電,141,4,137,華南永昌-虎尾,2024-12-10,9377
00919,群益台灣精選高息,133,0,133,華南永昌-虎尾,2024-12-10,9377
2888,新光金,170,52,118,華南永昌-虎尾,2024-12-10,9377
2883,凱基金,93,31,62,華南永昌-虎尾,2024-12-10,9377
00953B,群益優選非投等債,46,0,46,華南永昌-虎尾,2024-12-10,9377
3049,精金,71,30,41,華南永昌-虎尾,2024-12-10,9377
2317,鴻海,42,4,38,華南永昌-虎尾,2024-12-10,9377
2354,鴻準,75,40,35,華南永昌-虎尾,2024-12-10,9377
00930,永豐ESG低碳高息,32,0,32,華南永昌-虎尾,2024-12-10,9377
00909,國泰數位支付服務,28,0,28,華南永昌-虎尾,2024-12-10,9377
00715L,期街口布蘭特正2,28,2,26,華南永昌-虎尾,2024-12-10,9377
5328,華容,26,1,25,華南永昌-虎尾,2024-12-10,9377
3317,尼克森,24,0,24,華南永昌-虎尾,2024-12-10,9377
3706,神達,65,42,23,華南永昌-虎尾,2024-12-10,9377
00937B,群益ESG投等債20,25,3,22,華南永昌-虎尾,2024-12-10,9377
3406,玉晶光,23,1,22,華南永昌-虎尾,2024-12-10,9377
00882,中信中國高股息,35,15,20,華南永昌-虎尾,2024-12-10,9377
2323,中環,46,26,20,華南永昌-虎尾,2024-12-10,9377
3015,全漢,20,0,20,華南永昌-虎尾,2024-12-10,9377
4571,鈞興-KY,20,0,20,華南永昌-虎尾,2024-12-10,9377
2547,日勝生,40,20,20,華南永昌-虎尾,2024-12-10,9377
0056,元大高股息,26,8,18,華南永昌-虎尾,2024-12-10,9377
1301,台塑,19,3,16,華南永昌-虎尾,2024-12-10,9377
00918,大華優利高填息30,33,17,16,華南永昌-虎尾,2024-12-10,9377
1314,中石化,15,0,15,華南永昌-虎尾,2024-12-10,9377
1815,富喬,50,35,15,華南永昌-虎尾,2024-12-10,9377
4720,德淵,15,0,15,華南永昌-虎尾,2024-12-10,9377
8054,安國,28,13,15,華南永昌-虎尾,2024-12-10,9377
9105,泰金寶-DR,14,0,14,華南永昌-虎尾,2024-12-10,9377
006208,富邦台50,16,2,14,華南永昌-虎尾,2024-12-10,9377
2867,三商壽,15,1,14,華南永昌-虎尾,2024-12-10,9377
1101,台泥,14,0,14,華南永昌-虎尾,2024-12-10,9377
2449,京元電子,17,3,14,華南永昌-虎尾,2024-12-10,9377
2409,友達,16,2,14,華南永昌-虎尾,2024-12-10,9377
3607,谷崧,16,2,14,華南永昌-虎尾,2024-12-10,9377
00878,國泰永續高股息,19,6,13,華南永昌-虎尾,2024-12-10,9377
2344,華邦電,20,7,13,華南永昌-虎尾,2024-12-10,9377
4743,合一,19,6,13,華南永昌-虎尾,2024-12-10,9377
5202,力新,18,5,13,華南永昌-虎尾,2024-12-10,9377
8096,擎亞,14,2,12,華南永昌-虎尾,2024-12-10,9377
2408,南亞科,12,0,12,華南永昌-虎尾,2024-12-10,9377
3450,聯鈞,22,10,12,華南永昌-虎尾,2024-12-10,9377
2353,宏��,12,1,11,華南永昌-虎尾,2024-12-10,9377
2489,瑞軒,51,40,11,華南永昌-虎尾,2024-12-10,9377
3665,貿聯-KY,12,1,11,華南永昌-虎尾,2024-12-10,9377
2486,一詮,12,2,10,華南永昌-虎尾,2024-12-10,9377
00731,復華富時高息低波,10,0,10,華南永昌-虎尾,2024-12-10,9377
00950B,凱基A級公司債,10,0,10,華南永昌-虎尾,2024-12-10,9377
2888,新光金,300,2,298,華南永昌-虎尾,2024-12-11,9377
00918,大華優利高填息30,240,22,218,華南永昌-虎尾,2024-12-11,9377
00926,凱基全球菁英55,198,0,198,華南永昌-虎尾,2024-12-11,9377
2344,華邦電,178,50,128,華南永昌-虎尾,2024-12-11,9377
4720,德淵,89,0,89,華南永昌-虎尾,2024-12-11,9377
00757,統一FANG+,86,0,86,華南永昌-虎尾,2024-12-11,9377
5328,華容,106,40,66,華南永昌-虎尾,2024-12-11,9377
9904,寶成,61,0,61,華南永昌-虎尾,2024-12-11,9377
2010,春源,60,0,60,華南永昌-虎尾,2024-12-11,9377
3035,智原,50,2,48,華南永昌-虎尾,2024-12-11,9377
00650L,復華香港正2,40,0,40,華南永昌-虎尾,2024-12-11,9377
00919,群益台灣精選高息,39,0,39,華南永昌-虎尾,2024-12-11,9377
2609,陽明,92,54,38,華南永昌-虎尾,2024-12-11,9377
8429,金麗-KY,37,0,37,華南永昌-虎尾,2024-12-11,9377
2890,永豐金,36,0,36,華南永昌-虎尾,2024-12-11,9377
00688L,國泰20年美債正2,32,0,32,華南永昌-虎尾,2024-12-11,9377
2547,日勝生,50,20,30,華南永昌-虎尾,2024-12-11,9377
1449,佳和,31,2,29,華南永昌-虎尾,2024-12-11,9377
00878,國泰永續高股息,29,0,29,華南永昌-虎尾,2024-12-11,9377
2317,鴻海,63,35,28,華南永昌-虎尾,2024-12-11,9377
2867,三商壽,31,6,25,華南永昌-虎尾,2024-12-11,9377
00687B,國泰20年美債,32,10,22,華南永昌-虎尾,2024-12-11,9377
3706,神達,37,15,22,華南永昌-虎尾,2024-12-11,9377
6470,宇智,22,0,22,華南永昌-虎尾,2024-12-11,9377
1519,華城,23,2,21,華南永昌-虎尾,2024-12-11,9377
2323,中環,29,8,21,華南永昌-虎尾,2024-12-11,9377
2634,漢翔,25,4,21,華南永昌-虎尾,2024-12-11,9377
00922,國泰台灣領袖50,19,0,19,華南永昌-虎尾,2024-12-11,9377
2883,凱基金,20,1,19,華南永昌-虎尾,2024-12-11,9377
00753L,中信中國50正2,24,6,18,華南永昌-虎尾,2024-12-11,9377
3037,欣興,19,1,18,華南永昌-虎尾,2024-12-11,9377
0056,元大高股息,18,0,18,華南永昌-虎尾,2024-12-11,9377
2303,聯電,38,21,17,華南永昌-虎尾,2024-12-11,9377
0050,元大台灣50,15,0,15,華南永昌-虎尾,2024-12-11,9377
2337,旺宏,17,3,14,華南永昌-虎尾,2024-12-11,9377
00915,凱基優選高股息30,13,0,13,華南永昌-虎尾,2024-12-11,9377
2436,偉詮電,14,1,13,華南永昌-虎尾,2024-12-11,9377
00933B,國泰10Y+金融債,12,0,12,華南永昌-虎尾,2024-12-11,9377
3033,威健,12,0,12,華南永昌-虎尾,2024-12-11,9377
2312,金寶,17,6,11,華南永昌-虎尾,2024-12-11,9377
4541,晟田,12,1,11,華南永昌-虎尾,2024-12-11,9377
006208,富邦台50,12,1,11,華南永昌-虎尾,2024-12-11,9377
00940,元大台灣價值高息,22,12,10,華南永昌-虎尾,2024-12-11,9377
6213,聯茂,10,0,10,華南永昌-虎尾,2024-12-11,9377
1718,中纖,10,0,10,華南永昌-虎尾,2024-12-11,9377
00923,群益台ESG低碳50,10,0,10,華南永昌-虎尾,2024-12-11,9377
00673R,期元大S＆P原油反1,10,0,10,華南永昌-虎尾,2024-12-11,9377
00642U,期元大S＆P石油,10,0,10,華南永昌-虎尾,2024-12-11,9377
00953B,群益優選非投等債,10,0,10,華南永昌-虎尾,2024-12-11,9377
00968B,元大優息投等債,10,0,10,華南永昌-虎尾,2024-12-11,9377
00676R,富邦臺灣加權反1,132,0,132,華南永昌-虎尾,2024-12-12,9377
006208,富邦台50,80,0,80,華南永昌-虎尾,2024-12-12,9377
00664R,國泰臺灣加權反1,60,0,60,華南永昌-虎尾,2024-12-12,9377
5328,華容,113,54,59,華南永昌-虎尾,2024-12-12,9377
00918,大華優利高填息30,67,13,54,華南永昌-虎尾,2024-12-12,9377
00688L,國泰20年美債正2,51,0,51,華南永昌-虎尾,2024-12-12,9377
00687B,國泰20年美債,49,1,48,華南永昌-虎尾,2024-12-12,9377
00915,凱基優選高股息30,46,0,46,華南永昌-虎尾,2024-12-12,9377
8104,錸寶,39,0,39,華南永昌-虎尾,2024-12-12,9377
2891,中信金,92,55,37,華南永昌-虎尾,2024-12-12,9377
00673R,期元大S＆P原油反1,30,0,30,華南永昌-虎尾,2024-12-12,9377
3317,尼克森,30,0,30,華南永昌-虎尾,2024-12-12,9377
2354,鴻準,57,27,30,華南永昌-虎尾,2024-12-12,9377
1471,首利,30,1,29,華南永昌-虎尾,2024-12-12,9377
2867,三商壽,24,0,24,華南永昌-虎尾,2024-12-12,9377
1522,堤維西,31,7,24,華南永昌-虎尾,2024-12-12,9377
8076,伍豐,24,0,24,華南永昌-虎尾,2024-12-12,9377
00690,兆豐藍籌30,22,0,22,華南永昌-虎尾,2024-12-12,9377
2449,京元電子,23,1,22,華南永昌-虎尾,2024-12-12,9377
3689,湧德,24,3,21,華南永昌-虎尾,2024-12-12,9377
2002,中鋼,20,0,20,華南永昌-虎尾,2024-12-12,9377
1615,大山,20,0,20,華南永昌-虎尾,2024-12-12,9377
3038,全台,20,0,20,華南永昌-虎尾,2024-12-12,9377
4720,德淵,20,0,20,華南永昌-虎尾,2024-12-12,9377
3015,全漢,20,0,20,華南永昌-虎尾,2024-12-12,9377
1815,富喬,54,34,20,華南永昌-虎尾,2024-12-12,9377
6235,華孚,20,2,18,華南永昌-虎尾,2024-12-12,9377
2454,聯發科,21,4,17,華南永昌-虎尾,2024-12-12,9377
2890,永豐金,16,0,16,華南永昌-虎尾,2024-12-12,9377
6443,元晶,24,8,16,華南永昌-虎尾,2024-12-12,9377
2355,敬鵬,15,0,15,華南永昌-虎尾,2024-12-12,9377
6763,綠界科技*,20,6,14,華南永昌-虎尾,2024-12-12,9377
3062,建漢,41,27,14,華南永昌-虎尾,2024-12-12,9377
1301,台塑,29,15,14,華南永昌-虎尾,2024-12-12,9377
3029,零壹,27,14,13,華南永昌-虎尾,2024-12-12,9377
6133,金橋,32,20,12,華南永昌-虎尾,2024-12-12,9377
3545,敦泰,12,1,11,華南永昌-虎尾,2024-12-12,9377
6695,芯鼎,11,0,11,華南永昌-虎尾,2024-12-12,9377
4157,太景*-KY,22,12,10,華南永昌-虎尾,2024-12-12,9377
1734,杏輝,10,0,10,華南永昌-虎尾,2024-12-12,9377
2615,萬海,17,7,10,華南永昌-虎尾,2024-12-12,9377
2547,日勝生,20,10,10,華南永昌-虎尾,2024-12-12,9377
2605,新興,11,1,10,華南永昌-虎尾,2024-12-12,9377
3550,聯穎,10,0,10,華南永昌-虎尾,2024-12-12,9377
5425,台半,10,0,10,華南永昌-虎尾,2024-12-12,9377
6274,台燿,38,28,10,華南永昌-虎尾,2024-12-12,9377
6558,興能高,67,57,10,華南永昌-虎尾,2024-12-12,9377
8926,台汽電,10,0,10,華南永昌-虎尾,2024-12-12,9377
6962,ITH-KY,10,0,10,華南永昌-虎尾,2024-12-12,9377
1449,佳和,9,0,9,華南永昌-虎尾,2024-12-12,9377
00937B,群益ESG投等債20,348,1,347,華南永昌-虎尾,2024-12-13,9377
3481,群創,258,5,253,華南永昌-虎尾,2024-12-13,9377
2303,聯電,108,28,80,華南永昌-虎尾,2024-12-13,9377
2382,廣達,71,2,69,華南永昌-虎尾,2024-12-13,9377
5530,龍巖,58,1,57,華南永昌-虎尾,2024-12-13,9377
00637L,元大滬深300正2,82,30,52,華南永昌-虎尾,2024-12-13,9377
2609,陽明,132,83,49,華南永昌-虎尾,2024-12-13,9377
00919,群益台灣精選高息,45,0,45,華南永昌-虎尾,2024-12-13,9377
00918,大華優利高填息30,42,0,42,華南永昌-虎尾,2024-12-13,9377
3323,加百裕,79,38,41,華南永昌-虎尾,2024-12-13,9377
2354,鴻準,42,2,40,華南永昌-虎尾,2024-12-13,9377
2485,兆赫,50,10,40,華南永昌-虎尾,2024-12-13,9377
2890,永豐金,40,0,40,華南永昌-虎尾,2024-12-13,9377
1471,首利,38,2,36,華南永昌-虎尾,2024-12-13,9377
00665L,富邦�琤肭磪囓�2,51,19,32,華南永昌-虎尾,2024-12-13,9377
4906,正文,32,0,32,華南永昌-虎尾,2024-12-13,9377
4720,德淵,31,0,31,華南永昌-虎尾,2024-12-13,9377
00915,凱基優選高股息30,30,0,30,華南永昌-虎尾,2024-12-13,9377
3231,緯創,29,1,28,華南永昌-虎尾,2024-12-13,9377
1528,恩德,30,2,28,華南永昌-虎尾,2024-12-13,9377
5871,中租-KY,25,0,25,華南永昌-虎尾,2024-12-13,9377
00688L,國泰20年美債正2,24,0,24,華南永昌-虎尾,2024-12-13,9377
3317,尼克森,24,0,24,華南永昌-虎尾,2024-12-13,9377
1522,堤維西,33,10,23,華南永昌-虎尾,2024-12-13,9377
1605,華新,46,25,21,華南永昌-虎尾,2024-12-13,9377
8104,錸寶,21,0,21,華南永昌-虎尾,2024-12-13,9377
00882,中信中國高股息,20,0,20,華南永昌-虎尾,2024-12-13,9377
00673R,期元大S＆P原油反1,20,0,20,華南永昌-虎尾,2024-12-13,9377
00687B,國泰20年美債,23,3,20,華南永昌-虎尾,2024-12-13,9377
00946,群益科技高息成長,20,0,20,華南永昌-虎尾,2024-12-13,9377
2009,第一銅,20,0,20,華南永昌-虎尾,2024-12-13,9377
0056,元大高股息,20,0,20,華南永昌-虎尾,2024-12-13,9377
3049,精金,21,2,19,華南永昌-虎尾,2024-12-13,9377
00753L,中信中國50正2,31,12,19,華南永昌-虎尾,2024-12-13,9377
3041,揚智,29,12,17,華南永昌-虎尾,2024-12-13,9377
6486,互動,17,0,17,華南永昌-虎尾,2024-12-13,9377
2371,大同,42,26,16,華南永昌-虎尾,2024-12-13,9377
2883,凱基金,48,32,16,華南永昌-虎尾,2024-12-13,9377
3037,欣興,15,0,15,華南永昌-虎尾,2024-12-13,9377
2603,長榮,20,6,14,華南永昌-虎尾,2024-12-13,9377
3673,TPK-KY,15,1,14,華南永昌-虎尾,2024-12-13,9377
5328,華容,48,34,14,華南永昌-虎尾,2024-12-13,9377
5508,永信建,14,0,14,華南永昌-虎尾,2024-12-13,9377
1802,台玻,13,0,13,華南永昌-虎尾,2024-12-13,9377
2369,菱生,15,2,13,華南永昌-虎尾,2024-12-13,9377
1301,台塑,19,7,12,華南永昌-虎尾,2024-12-13,9377
1524,耿鼎,14,2,12,華南永昌-虎尾,2024-12-13,9377
3062,建漢,12,0,12,華南永昌-虎尾,2024-12-13,9377
00907,永豐優息存股,11,0,11,華南永昌-虎尾,2024-12-13,9377
3710,連展投控,11,0,11,華南永昌-虎尾,2024-12-13,9377
00948B,中信優息投資級債,540,0,540,華南永昌-虎尾,2024-12-16,9377
2888,新光金,400,0,400,華南永昌-虎尾,2024-12-16,9377
2607,榮運,155,11,144,華南永昌-虎尾,2024-12-16,9377
9105,泰金寶-DR,111,11,100,華南永昌-虎尾,2024-12-16,9377
00923,群益台ESG低碳50,100,2,98,華南永昌-虎尾,2024-12-16,9377
00918,大華優利高填息30,92,7,85,華南永昌-虎尾,2024-12-16,9377
3481,群創,81,3,78,華南永昌-虎尾,2024-12-16,9377
00965,元大航太防衛科技,65,0,65,華南永昌-虎尾,2024-12-16,9377
00673R,期元大S＆P原油反1,54,0,54,華南永昌-虎尾,2024-12-16,9377
00919,群益台灣精選高息,63,10,53,華南永昌-虎尾,2024-12-16,9377
00757,統一FANG+,51,0,51,華南永昌-虎尾,2024-12-16,9377
00706L,期元大S＆P日圓正2,45,0,45,華南永昌-虎尾,2024-12-16,9377
00679B,元大美債20年,34,0,34,華南永昌-虎尾,2024-12-16,9377
2002,中鋼,37,6,31,華南永昌-虎尾,2024-12-16,9377
6425,易發,31,0,31,華南永昌-虎尾,2024-12-16,9377
00664R,國泰臺灣加權反1,30,0,30,華南永昌-虎尾,2024-12-16,9377
00688L,國泰20年美債正2,28,0,28,華南永昌-虎尾,2024-12-16,9377
1615,大山,27,0,27,華南永昌-虎尾,2024-12-16,9377
2449,京元電子,28,3,25,華南永昌-虎尾,2024-12-16,9377
2354,鴻準,37,13,24,華南永昌-虎尾,2024-12-16,9377
3231,緯創,37,13,24,華南永昌-虎尾,2024-12-16,9377
1563,巧新,25,1,24,華南永昌-虎尾,2024-12-16,9377
1785,光洋科,29,5,24,華南永昌-虎尾,2024-12-16,9377
0056,元大高股息,31,7,24,華南永昌-虎尾,2024-12-16,9377
3706,神達,64,41,23,華南永昌-虎尾,2024-12-16,9377
2408,南亞科,32,10,22,華南永昌-虎尾,2024-12-16,9377
00900,富邦特選高股息30,25,3,22,華南永昌-虎尾,2024-12-16,9377
00927,群益半導體收益,22,0,22,華南永昌-虎尾,2024-12-16,9377
1314,中石化,21,1,20,華南永昌-虎尾,2024-12-16,9377
2547,日勝生,20,0,20,華南永昌-虎尾,2024-12-16,9377
8249,菱光,23,4,19,華南永昌-虎尾,2024-12-16,9377
1815,富喬,79,61,18,華南永昌-虎尾,2024-12-16,9377
1301,台塑,51,34,17,華南永昌-虎尾,2024-12-16,9377
3015,全漢,20,3,17,華南永昌-虎尾,2024-12-16,9377
1802,台玻,17,1,16,華南永昌-虎尾,2024-12-16,9377
00921,兆豐龍頭等權重,16,0,16,華南永昌-虎尾,2024-12-16,9377
00637L,元大滬深300正2,76,60,16,華南永昌-虎尾,2024-12-16,9377
4720,德淵,16,0,16,華南永昌-虎尾,2024-12-16,9377
8104,錸寶,16,1,15,華南永昌-虎尾,2024-12-16,9377
911608,明輝-DR,15,0,15,華南永昌-虎尾,2024-12-16,9377
2603,長榮,20,5,15,華南永昌-虎尾,2024-12-16,9377
3211,順達,23,9,14,華南永昌-虎尾,2024-12-16,9377
2891,中信金,66,52,14,華南永昌-虎尾,2024-12-16,9377
1303,南亞,21,7,14,華南永昌-虎尾,2024-12-16,9377
2633,台灣高鐵,14,0,14,華南永昌-虎尾,2024-12-16,9377
00680L,元大美債20正2,13,0,13,華南永昌-虎尾,2024-12-16,9377
5328,華容,13,0,13,華南永昌-虎尾,2024-12-16,9377
00795B,中信美國公債20年,12,0,12,華南永昌-虎尾,2024-12-16,9377
2332,友訊,12,0,12,華南永昌-虎尾,2024-12-16,9377
5880,合庫金,12,0,12,華南永昌-虎尾,2024-12-16,9377
3481,群創,135,3,132,華南永昌-虎尾,2024-12-17,9377
006208,富邦台50,114,0,114,華南永昌-虎尾,2024-12-17,9377
2897,王道銀行,100,0,100,華南永昌-虎尾,2024-12-17,9377
8047,星雲,116,45,71,華南永昌-虎尾,2024-12-17,9377
2801,彰銀,61,0,61,華南永昌-虎尾,2024-12-17,9377
1314,中石化,73,19,54,華南永昌-虎尾,2024-12-17,9377
00937B,群益ESG投等債20,52,0,52,華南永昌-虎尾,2024-12-17,9377
1101,台泥,60,12,48,華南永昌-虎尾,2024-12-17,9377
00687B,國泰20年美債,41,0,41,華南永昌-虎尾,2024-12-17,9377
2883,凱基金,69,30,39,華南永昌-虎尾,2024-12-17,9377
2312,金寶,60,22,38,華南永昌-虎尾,2024-12-17,9377
2332,友訊,40,5,35,華南永昌-虎尾,2024-12-17,9377
1815,富喬,74,40,34,華南永昌-虎尾,2024-12-17,9377
00918,大華優利高填息30,34,1,33,華南永昌-虎尾,2024-12-17,9377
2344,華邦電,48,15,33,華南永昌-虎尾,2024-12-17,9377
00715L,期街口布蘭特正2,30,0,30,華南永昌-虎尾,2024-12-17,9377
2485,兆赫,89,59,30,華南永昌-虎尾,2024-12-17,9377
2888,新光金,50,20,30,華南永昌-虎尾,2024-12-17,9377
5880,合庫金,29,0,29,華南永昌-虎尾,2024-12-17,9377
2609,陽明,65,36,29,華南永昌-虎尾,2024-12-17,9377
1605,華新,46,20,26,華南永昌-虎尾,2024-12-17,9377
2002,中鋼,26,0,26,華南永昌-虎尾,2024-12-17,9377
00673R,期元大S＆P原油反1,25,0,25,華南永昌-虎尾,2024-12-17,9377
2382,廣達,28,4,24,華南永昌-虎尾,2024-12-17,9377
00878,國泰永續高股息,23,0,23,華南永昌-虎尾,2024-12-17,9377
1326,台化,28,5,23,華南永昌-虎尾,2024-12-17,9377
00882,中信中國高股息,22,0,22,華南永昌-虎尾,2024-12-17,9377
2371,大同,23,1,22,華南永昌-虎尾,2024-12-17,9377
2408,南亞科,32,10,22,華南永昌-虎尾,2024-12-17,9377
1785,光洋科,20,0,20,華南永昌-虎尾,2024-12-17,9377
1809,中釉,20,0,20,華南永昌-虎尾,2024-12-17,9377
6209,今國光,20,0,20,華南永昌-虎尾,2024-12-17,9377
6263,普萊德,19,0,19,華南永昌-虎尾,2024-12-17,9377
00753L,中信中國50正2,19,0,19,華南永昌-虎尾,2024-12-17,9377
2409,友達,18,0,18,華南永昌-虎尾,2024-12-17,9377
0056,元大高股息,17,0,17,華南永昌-虎尾,2024-12-17,9377
2834,臺企銀,17,1,16,華南永昌-虎尾,2024-12-17,9377
2405,輔信,16,0,16,華南永昌-虎尾,2024-12-17,9377
4720,德淵,16,0,16,華南永昌-虎尾,2024-12-17,9377
00915,凱基優選高股息30,16,0,16,華南永昌-虎尾,2024-12-17,9377
6265,方土昶,14,0,14,華南永昌-虎尾,2024-12-17,9377
8358,金居,14,0,14,華南永昌-虎尾,2024-12-17,9377
00680L,元大美債20正2,13,0,13,華南永昌-虎尾,2024-12-17,9377
00830,國泰費城半導體,13,0,13,華南永昌-虎尾,2024-12-17,9377
2646,星宇航空,15,2,13,華南永昌-虎尾,2024-12-17,9377
1216,統一,12,0,12,華南永昌-虎尾,2024-12-17,9377
6962,ITH-KY,13,1,12,華南永昌-虎尾,2024-12-17,9377
00713,元大台灣高息低波,12,0,12,華南永昌-虎尾,2024-12-17,9377
2929,淘帝-KY,12,1,11,華南永昌-虎尾,2024-12-17,9377
2867,三商壽,10,0,10,華南永昌-虎尾,2024-12-17,9377
00664R,國泰臺灣加權反1,400,20,380,華南永昌-虎尾,2024-12-18,9377
00937B,群益ESG投等債20,280,0,280,華南永昌-虎尾,2024-12-18,9377
2888,新光金,275,0,275,華南永昌-虎尾,2024-12-18,9377
00922,國泰台灣領袖50,215,2,213,華南永昌-虎尾,2024-12-18,9377
1314,中石化,137,0,137,華南永昌-虎尾,2024-12-18,9377
2344,華邦電,134,16,118,華南永昌-虎尾,2024-12-18,9377
2607,榮運,73,0,73,華南永昌-虎尾,2024-12-18,9377
8047,星雲,83,25,58,華南永昌-虎尾,2024-12-18,9377
1101,台泥,50,1,49,華南永昌-虎尾,2024-12-18,9377
2867,三商壽,47,0,47,華南永昌-虎尾,2024-12-18,9377
1615,大山,45,0,45,華南永昌-虎尾,2024-12-18,9377
00715L,期街口布蘭特正2,40,0,40,華南永昌-虎尾,2024-12-18,9377
00918,大華優利高填息30,43,3,40,華南永昌-虎尾,2024-12-18,9377
2002,中鋼,37,1,36,華南永昌-虎尾,2024-12-18,9377
8033,雷虎,37,1,36,華南永昌-虎尾,2024-12-18,9377
2330,台積電,36,1,35,華南永昌-虎尾,2024-12-18,9377
2359,所羅門,36,4,32,華南永昌-虎尾,2024-12-18,9377
1471,首利,31,0,31,華南永昌-虎尾,2024-12-18,9377
2354,鴻準,30,1,29,華南永昌-虎尾,2024-12-18,9377
2634,漢翔,29,0,29,華南永昌-虎尾,2024-12-18,9377
8076,伍豐,28,0,28,華南永昌-虎尾,2024-12-18,9377
1229,聯華,27,0,27,華南永昌-虎尾,2024-12-18,9377
1605,華新,45,18,27,華南永昌-虎尾,2024-12-18,9377
2609,陽明,35,12,23,華南永昌-虎尾,2024-12-18,9377
6142,友勁,22,0,22,華南永昌-虎尾,2024-12-18,9377
00970B,新光BBB投等債20,20,0,20,華南永昌-虎尾,2024-12-18,9377
2845,遠東銀,20,0,20,華南永昌-虎尾,2024-12-18,9377
3665,貿聯-KY,20,2,18,華南永昌-虎尾,2024-12-18,9377
2332,友訊,17,0,17,華南永昌-虎尾,2024-12-18,9377
5371,中光電,25,10,15,華南永昌-虎尾,2024-12-18,9377
00712,復華富時不動產,15,0,15,華南永昌-虎尾,2024-12-18,9377
1326,台化,16,3,13,華南永昌-虎尾,2024-12-18,9377
2312,金寶,24,12,12,華南永昌-虎尾,2024-12-18,9377
8183,精星,12,0,12,華南永昌-虎尾,2024-12-18,9377
2891,中信金,63,52,11,華南永昌-虎尾,2024-12-18,9377
1785,光洋科,12,1,11,華南永昌-虎尾,2024-12-18,9377
2355,敬鵬,11,0,11,華南永昌-虎尾,2024-12-18,9377
1301,台塑,25,15,10,華南永昌-虎尾,2024-12-18,9377
4979,華星光,17,7,10,華南永昌-虎尾,2024-12-18,9377
00673R,期元大S＆P原油反1,10,0,10,華南永昌-虎尾,2024-12-18,9377
2303,聯電,51,41,10,華南永昌-虎尾,2024-12-18,9377
2547,日勝生,10,0,10,華南永昌-虎尾,2024-12-18,9377
2855,統一證,10,0,10,華南永昌-虎尾,2024-12-18,9377
3289,宜特,10,0,10,華南永昌-虎尾,2024-12-18,9377
3706,神達,30,20,10,華南永昌-虎尾,2024-12-18,9377
4916,事欣科,10,0,10,華南永昌-虎尾,2024-12-18,9377
6133,金橋,10,0,10,華南永昌-虎尾,2024-12-18,9377
6263,普萊德,10,0,10,華南永昌-虎尾,2024-12-18,9377
8064,東捷,10,0,10,華南永昌-虎尾,2024-12-18,9377
2408,南亞科,43,34,9,華南永昌-虎尾,2024-12-18,9377
2888,新光金,280,5,275,華南永昌-虎尾,2024-12-19,9377
1314,中石化,214,0,214,華南永昌-虎尾,2024-12-19,9377
2607,榮運,137,0,137,華南永昌-虎尾,2024-12-19,9377
2929,淘帝-KY,103,11,92,華南永昌-虎尾,2024-12-19,9377
00687B,國泰20年美債,91,5,86,華南永昌-虎尾,2024-12-19,9377
2834,臺企銀,81,0,81,華南永昌-虎尾,2024-12-19,9377
2883,凱基金,102,21,81,華南永昌-虎尾,2024-12-19,9377
00918,大華優利高填息30,78,0,78,華南永昌-虎尾,2024-12-19,9377
3481,群創,78,0,78,華南永昌-虎尾,2024-12-19,9377
00937B,群益ESG投等債20,72,6,66,華南永昌-虎尾,2024-12-19,9377
8249,菱光,74,9,65,華南永昌-虎尾,2024-12-19,9377
00919,群益台灣精選高息,89,28,61,華南永昌-虎尾,2024-12-19,9377
00676R,富邦臺灣加權反1,50,1,49,華南永昌-虎尾,2024-12-19,9377
2609,陽明,60,15,45,華南永昌-虎尾,2024-12-19,9377
9904,寶成,44,0,44,華南永昌-虎尾,2024-12-19,9377
2330,台積電,47,3,44,華南永昌-虎尾,2024-12-19,9377
8104,錸寶,40,0,40,華南永昌-虎尾,2024-12-19,9377
1471,首利,39,1,38,華南永昌-虎尾,2024-12-19,9377
2062,橋椿,37,0,37,華南永昌-虎尾,2024-12-19,9377
00688L,國泰20年美債正2,33,0,33,華南永昌-虎尾,2024-12-19,9377
00878,國泰永續高股息,32,0,32,華南永昌-虎尾,2024-12-19,9377
2002,中鋼,26,0,26,華南永昌-虎尾,2024-12-19,9377
2303,聯電,43,18,25,華南永昌-虎尾,2024-12-19,9377
2892,第一金,23,0,23,華南永昌-虎尾,2024-12-19,9377
00951,台新日本半導體,23,0,23,華南永昌-虎尾,2024-12-19,9377
2371,大同,21,0,21,華南永昌-虎尾,2024-12-19,9377
00915,凱基優選高股息30,21,0,21,華南永昌-虎尾,2024-12-19,9377
2867,三商壽,20,0,20,華南永昌-虎尾,2024-12-19,9377
1301,台塑,29,9,20,華南永昌-虎尾,2024-12-19,9377
1210,大成,20,0,20,華南永昌-虎尾,2024-12-19,9377
2485,兆赫,30,10,20,華南永昌-虎尾,2024-12-19,9377
2618,長榮航,52,33,19,華南永昌-虎尾,2024-12-19,9377
2845,遠東銀,20,1,19,華南永昌-虎尾,2024-12-19,9377
4720,德淵,19,0,19,華南永昌-虎尾,2024-12-19,9377
00679B,元大美債20年,20,2,18,華南永昌-虎尾,2024-12-19,9377
1303,南亞,28,11,17,華南永昌-虎尾,2024-12-19,9377
8059,凱碩,16,0,16,華南永昌-虎尾,2024-12-19,9377
2382,廣達,18,3,15,華南永昌-虎尾,2024-12-19,9377
00924,復華S＆P500成長,15,0,15,華南永昌-虎尾,2024-12-19,9377
2801,彰銀,20,5,15,華南永昌-虎尾,2024-12-19,9377
0050,元大台灣50,15,0,15,華南永昌-虎尾,2024-12-19,9377
9105,泰金寶-DR,30,16,14,華南永昌-虎尾,2024-12-19,9377
2349,錸德,15,2,13,華南永昌-虎尾,2024-12-19,9377
6695,芯鼎,13,0,13,華南永昌-虎尾,2024-12-19,9377
6997,博弘,13,0,13,華南永昌-虎尾,2024-12-19,9377
0056,元大高股息,13,0,13,華南永昌-虎尾,2024-12-19,9377
00830,國泰費城半導體,12,0,12,華南永昌-虎尾,2024-12-19,9377
2458,義隆,12,0,12,華南永昌-虎尾,2024-12-19,9377
8429,金麗-KY,12,0,12,華南永昌-虎尾,2024-12-19,9377
00909,國泰數位支付服務,11,0,11,華南永昌-虎尾,2024-12-19,9377
