Ticker,Name,buy,sell,diff,Branch,Date,Branch_Code
00878,國泰永續高股息,172,11,161,富邦-陽明,2023-01-03,9604
2303,聯電,179,36,143,富邦-陽明,2023-01-03,9604
6182,合晶,121,2,119,富邦-陽明,2023-01-03,9604
00669R,國泰美國道瓊反1,102,1,101,富邦-陽明,2023-01-03,9604
1752,南光,58,2,56,富邦-陽明,2023-01-03,9604
2027,大成鋼,62,6,56,富邦-陽明,2023-01-03,9604
00772B,中信高評級公司債,51,0,51,富邦-陽明,2023-01-03,9604
1605,華新,94,43,51,富邦-陽明,2023-01-03,9604
2890,永豐金,56,7,49,富邦-陽明,2023-01-03,9604
6546,正基,49,0,49,富邦-陽明,2023-01-03,9604
1701,中化,55,10,45,富邦-陽明,2023-01-03,9604
2428,興勤,44,0,44,富邦-陽明,2023-01-03,9604
00720B,元大投資級公司債,42,0,42,富邦-陽明,2023-01-03,9604
4167,松瑞藥,80,41,39,富邦-陽明,2023-01-03,9604
2609,陽明,65,29,36,富邦-陽明,2023-01-03,9604
5488,松普,35,0,35,富邦-陽明,2023-01-03,9604
2542,興富發,36,1,35,富邦-陽明,2023-01-03,9604
00712,復華富時不動產,32,0,32,富邦-陽明,2023-01-03,9604
6770,力積電,39,10,29,富邦-陽明,2023-01-03,9604
6589,台康生技,35,7,28,富邦-陽明,2023-01-03,9604
3128,昇銳,37,11,26,富邦-陽明,2023-01-03,9604
2618,長榮航,185,159,26,富邦-陽明,2023-01-03,9604
00679B,元大美債20年,41,15,26,富邦-陽明,2023-01-03,9604
1101,台泥,25,0,25,富邦-陽明,2023-01-03,9604
00637L,元大滬深300正2,144,120,24,富邦-陽明,2023-01-03,9604
2069,運錩,29,5,24,富邦-陽明,2023-01-03,9604
2330,台積電,44,22,22,富邦-陽明,2023-01-03,9604
3645,達邁,22,0,22,富邦-陽明,2023-01-03,9604
8147,正淩,21,0,21,富邦-陽明,2023-01-03,9604
8171,天宇,44,23,21,富邦-陽明,2023-01-03,9604
4943,康控-KY,21,1,20,富邦-陽明,2023-01-03,9604
2331,精英,32,13,19,富邦-陽明,2023-01-03,9604
1477,聚陽,20,2,18,富邦-陽明,2023-01-03,9604
1432,大魯閣,20,2,18,富邦-陽明,2023-01-03,9604
2603,長榮,27,9,18,富邦-陽明,2023-01-03,9604
4736,泰博,17,0,17,富邦-陽明,2023-01-03,9604
2439,美律,16,0,16,富邦-陽明,2023-01-03,9604
2892,第一金,27,11,16,富邦-陽明,2023-01-03,9604
1503,士電,16,2,14,富邦-陽明,2023-01-03,9604
6177,達麗,14,0,14,富邦-陽明,2023-01-03,9604
3037,欣興,28,15,13,富邦-陽明,2023-01-03,9604
3443,創意,27,14,13,富邦-陽明,2023-01-03,9604
1907,永豐餘,13,0,13,富邦-陽明,2023-01-03,9604
2882,國泰金,44,31,13,富邦-陽明,2023-01-03,9604
2834,臺企銀,30,18,12,富邦-陽明,2023-01-03,9604
2884,玉山金,18,6,12,富邦-陽明,2023-01-03,9604
00773B,中信優先金融債,12,0,12,富邦-陽明,2023-01-03,9604
1783,和康生,13,2,11,富邦-陽明,2023-01-03,9604
2425,承啟,12,1,11,富邦-陽明,2023-01-03,9604
1760,寶齡富錦,22,11,11,富邦-陽明,2023-01-03,9604
00715L,期街口布蘭特正2,256,8,248,富邦-陽明,2023-01-04,9604
00878,國泰永續高股息,184,12,172,富邦-陽明,2023-01-04,9604
2482,連宇,80,1,79,富邦-陽明,2023-01-04,9604
2317,鴻海,88,16,72,富邦-陽明,2023-01-04,9604
6235,華孚,91,21,70,富邦-陽明,2023-01-04,9604
2498,宏達電,112,45,67,富邦-陽明,2023-01-04,9604
2368,金像電,63,3,60,富邦-陽明,2023-01-04,9604
00679B,元大美債20年,60,2,58,富邦-陽明,2023-01-04,9604
1447,力鵬,54,0,54,富邦-陽明,2023-01-04,9604
00713,元大台灣高息低波,54,0,54,富邦-陽明,2023-01-04,9604
00882,中信中國高股息,59,7,52,富邦-陽明,2023-01-04,9604
00885,富邦越南,89,37,52,富邦-陽明,2023-01-04,9604
00770,國泰北美科技,51,0,51,富邦-陽明,2023-01-04,9604
1101,台泥,56,5,51,富邦-陽明,2023-01-04,9604
3693,營邦,57,7,50,富邦-陽明,2023-01-04,9604
2014,中鴻,51,3,48,富邦-陽明,2023-01-04,9604
2884,玉山金,44,0,44,富邦-陽明,2023-01-04,9604
8069,元太,71,31,40,富邦-陽明,2023-01-04,9604
1217,愛之味,50,10,40,富邦-陽明,2023-01-04,9604
3081,聯亞,40,0,40,富邦-陽明,2023-01-04,9604
2610,華航,54,17,37,富邦-陽明,2023-01-04,9604
2637,慧洋-KY,42,7,35,富邦-陽明,2023-01-04,9604
6143,振曜,41,6,35,富邦-陽明,2023-01-04,9604
8046,南電,56,23,33,富邦-陽明,2023-01-04,9604
2101,南港,33,0,33,富邦-陽明,2023-01-04,9604
2301,光寶科,32,0,32,富邦-陽明,2023-01-04,9604
2002,中鋼,35,6,29,富邦-陽明,2023-01-04,9604
0056,元大高股息,36,9,27,富邦-陽明,2023-01-04,9604
2615,萬海,74,48,26,富邦-陽明,2023-01-04,9604
00738U,期元大道瓊白銀,25,0,25,富邦-陽明,2023-01-04,9604
00900,富邦特選高股息30,27,2,25,富邦-陽明,2023-01-04,9604
1609,大亞,67,43,24,富邦-陽明,2023-01-04,9604
6177,達麗,24,0,24,富邦-陽明,2023-01-04,9604
6806,森崴能源,85,61,24,富邦-陽明,2023-01-04,9604
2603,長榮,37,14,23,富邦-陽明,2023-01-04,9604
00895,富邦未來車,22,0,22,富邦-陽明,2023-01-04,9604
4114,健喬,41,19,22,富邦-陽明,2023-01-04,9604
00673R,期元大S＆P原油反1,40,19,21,富邦-陽明,2023-01-04,9604
00720B,元大投資級公司債,27,6,21,富邦-陽明,2023-01-04,9604
3037,欣興,29,8,21,富邦-陽明,2023-01-04,9604
9103,美德醫療-DR,20,0,20,富邦-陽明,2023-01-04,9604
00893,國泰智能電動車,24,4,20,富邦-陽明,2023-01-04,9604
00680L,元大美債20正2,23,3,20,富邦-陽明,2023-01-04,9604
2388,威盛,30,11,19,富邦-陽明,2023-01-04,9604
2390,云辰,19,0,19,富邦-陽明,2023-01-04,9604
0050,元大台灣50,19,0,19,富邦-陽明,2023-01-04,9604
2033,佳大,19,2,17,富邦-陽明,2023-01-04,9604
00773B,中信優先金融債,16,0,16,富邦-陽明,2023-01-04,9604
9939,宏全,15,0,15,富邦-陽明,2023-01-04,9604
2371,大同,20,5,15,富邦-陽明,2023-01-04,9604
00885,富邦越南,500,56,444,富邦-陽明,2023-01-05,9604
6257,矽格,101,0,101,富邦-陽明,2023-01-05,9604
00897,富邦基因免疫生技,75,0,75,富邦-陽明,2023-01-05,9604
2038,海光,68,0,68,富邦-陽明,2023-01-05,9604
4979,華星光,75,14,61,富邦-陽明,2023-01-05,9604
3693,營邦,69,9,60,富邦-陽明,2023-01-05,9604
00715L,期街口布蘭特正2,70,10,60,富邦-陽明,2023-01-05,9604
6142,友勁,58,0,58,富邦-陽明,2023-01-05,9604
00706L,期元大S＆P日圓正2,54,0,54,富邦-陽明,2023-01-05,9604
6443,元晶,79,26,53,富邦-陽明,2023-01-05,9604
3665,貿聯-KY,56,4,52,富邦-陽明,2023-01-05,9604
2501,國建,50,0,50,富邦-陽明,2023-01-05,9604
3162,精確,57,8,49,富邦-陽明,2023-01-05,9604
2498,宏達電,168,125,43,富邦-陽明,2023-01-05,9604
1417,嘉裕,60,18,42,富邦-陽明,2023-01-05,9604
00753L,中信中國50正2,72,30,42,富邦-陽明,2023-01-05,9604
2317,鴻海,45,4,41,富邦-陽明,2023-01-05,9604
2409,友達,44,6,38,富邦-陽明,2023-01-05,9604
6205,詮欣,43,8,35,富邦-陽明,2023-01-05,9604
1529,樂事綠能,90,55,35,富邦-陽明,2023-01-05,9604
2618,長榮航,64,31,33,富邦-陽明,2023-01-05,9604
2313,華通,33,2,31,富邦-陽明,2023-01-05,9604
3645,達邁,31,0,31,富邦-陽明,2023-01-05,9604
00679B,元大美債20年,43,13,30,富邦-陽明,2023-01-05,9604
00903,富邦元宇宙,39,10,29,富邦-陽明,2023-01-05,9604
2465,麗臺,115,86,29,富邦-陽明,2023-01-05,9604
1605,華新,83,55,28,富邦-陽明,2023-01-05,9604
3479,安勤,77,50,27,富邦-陽明,2023-01-05,9604
6244,茂迪,31,7,24,富邦-陽明,2023-01-05,9604
2538,基泰,24,0,24,富邦-陽明,2023-01-05,9604
1905,華紙,30,7,23,富邦-陽明,2023-01-05,9604
6111,大宇資,34,12,22,富邦-陽明,2023-01-05,9604
2101,南港,31,10,21,富邦-陽明,2023-01-05,9604
00772B,中信高評級公司債,20,1,19,富邦-陽明,2023-01-05,9604
1444,力麗,23,5,18,富邦-陽明,2023-01-05,9604
8044,網家,33,16,17,富邦-陽明,2023-01-05,9604
4162,智擎,33,16,17,富邦-陽明,2023-01-05,9604
3034,聯詠,28,11,17,富邦-陽明,2023-01-05,9604
2482,連宇,32,16,16,富邦-陽明,2023-01-05,9604
8069,元太,69,54,15,富邦-陽明,2023-01-05,9604
3447,展達,17,2,15,富邦-陽明,2023-01-05,9604
3272,東碩,18,3,15,富邦-陽明,2023-01-05,9604
1737,臺鹽,15,0,15,富邦-陽明,2023-01-05,9604
3046,建��,16,1,15,富邦-陽明,2023-01-05,9604
2603,長榮,26,11,15,富邦-陽明,2023-01-05,9604
3594,磐儀,15,1,14,富邦-陽明,2023-01-05,9604
4931,新盛力,17,3,14,富邦-陽明,2023-01-05,9604
2382,廣達,13,0,13,富邦-陽明,2023-01-05,9604
2885,元大金,14,1,13,富邦-陽明,2023-01-05,9604
0056,元大高股息,53,40,13,富邦-陽明,2023-01-05,9604
00720B,元大投資級公司債,153,5,148,富邦-陽明,2023-01-06,9604
8105,凌巨,151,7,144,富邦-陽明,2023-01-06,9604
00753L,中信中國50正2,121,22,99,富邦-陽明,2023-01-06,9604
00671R,富邦NASDAQ反1,100,2,98,富邦-陽明,2023-01-06,9604
6180,橘子,72,9,63,富邦-陽明,2023-01-06,9604
1529,樂事綠能,75,15,60,富邦-陽明,2023-01-06,9604
2888,新光金,64,6,58,富邦-陽明,2023-01-06,9604
3704,合勤控,113,56,57,富邦-陽明,2023-01-06,9604
3665,貿聯-KY,56,1,55,富邦-陽明,2023-01-06,9604
2317,鴻海,59,8,51,富邦-陽明,2023-01-06,9604
00903,富邦元宇宙,50,0,50,富邦-陽明,2023-01-06,9604
3481,群創,166,117,49,富邦-陽明,2023-01-06,9604
00665L,富邦�琤肭磪囓�2,63,14,49,富邦-陽明,2023-01-06,9604
5475,德宏,54,5,49,富邦-陽明,2023-01-06,9604
4943,康控-KY,45,3,42,富邦-陽明,2023-01-06,9604
3027,盛達,44,3,41,富邦-陽明,2023-01-06,9604
4977,眾達-KY,45,4,41,富邦-陽明,2023-01-06,9604
2428,興勤,38,0,38,富邦-陽明,2023-01-06,9604
2332,友訊,42,6,36,富邦-陽明,2023-01-06,9604
2834,臺企銀,55,21,34,富邦-陽明,2023-01-06,9604
1336,台翰,30,0,30,富邦-陽明,2023-01-06,9604
00707R,期元大S＆P日圓反1,30,0,30,富邦-陽明,2023-01-06,9604
8033,雷虎,35,7,28,富邦-陽明,2023-01-06,9604
6578,達邦蛋白,31,4,27,富邦-陽明,2023-01-06,9604
2108,南帝,27,0,27,富邦-陽明,2023-01-06,9604
00708L,期元大S＆P黃金正2,41,15,26,富邦-陽明,2023-01-06,9604
3447,展達,26,0,26,富邦-陽明,2023-01-06,9604
1701,中化,114,89,25,富邦-陽明,2023-01-06,9604
00688L,國泰20年美債正2,25,0,25,富邦-陽明,2023-01-06,9604
3711,日月光投控,36,11,25,富邦-陽明,2023-01-06,9604
1609,大亞,48,24,24,富邦-陽明,2023-01-06,9604
2482,連宇,33,10,23,富邦-陽明,2023-01-06,9604
4167,松瑞藥,52,30,22,富邦-陽明,2023-01-06,9604
6182,合晶,31,9,22,富邦-陽明,2023-01-06,9604
1417,嘉裕,23,1,22,富邦-陽明,2023-01-06,9604
2609,陽明,36,15,21,富邦-陽明,2023-01-06,9604
8147,正淩,20,0,20,富邦-陽明,2023-01-06,9604
00715L,期街口布蘭特正2,38,21,17,富邦-陽明,2023-01-06,9604
3105,穩懋,33,17,16,富邦-陽明,2023-01-06,9604
6142,友勁,16,0,16,富邦-陽明,2023-01-06,9604
2308,台達電,15,0,15,富邦-陽明,2023-01-06,9604
1519,華城,70,55,15,富邦-陽明,2023-01-06,9604
00772B,中信高評級公司債,15,0,15,富邦-陽明,2023-01-06,9604
3479,安勤,47,32,15,富邦-陽明,2023-01-06,9604
3494,誠研,15,0,15,富邦-陽明,2023-01-06,9604
2380,虹光,16,2,14,富邦-陽明,2023-01-06,9604
3576,聯合再生,22,8,14,富邦-陽明,2023-01-06,9604
00679B,元大美債20年,14,0,14,富邦-陽明,2023-01-06,9604
6274,台燿,19,7,12,富邦-陽明,2023-01-06,9604
4130,健亞,14,2,12,富邦-陽明,2023-01-06,9604
6443,元晶,278,118,160,富邦-陽明,2023-01-09,9604
2883,凱基金,136,33,103,富邦-陽明,2023-01-09,9604
9105,泰金寶-DR,90,0,90,富邦-陽明,2023-01-09,9604
2428,興勤,92,3,89,富邦-陽明,2023-01-09,9604
2603,長榮,98,12,86,富邦-陽明,2023-01-09,9604
2419,仲琦,113,32,81,富邦-陽明,2023-01-09,9604
2501,國建,70,5,65,富邦-陽明,2023-01-09,9604
00715L,期街口布蘭特正2,67,2,65,富邦-陽明,2023-01-09,9604
1503,士電,53,1,52,富邦-陽明,2023-01-09,9604
1417,嘉裕,51,0,51,富邦-陽明,2023-01-09,9604
2609,陽明,69,20,49,富邦-陽明,2023-01-09,9604
00671R,富邦NASDAQ反1,47,1,46,富邦-陽明,2023-01-09,9604
2104,國際中橡,45,2,43,富邦-陽明,2023-01-09,9604
1529,樂事綠能,45,4,41,富邦-陽明,2023-01-09,9604
6153,嘉聯益,74,33,41,富邦-陽明,2023-01-09,9604
5388,中磊,45,6,39,富邦-陽明,2023-01-09,9604
00680L,元大美債20正2,39,3,36,富邦-陽明,2023-01-09,9604
00648R,元大S＆P500反1,35,0,35,富邦-陽明,2023-01-09,9604
00753L,中信中國50正2,173,138,35,富邦-陽明,2023-01-09,9604
3624,光頡,55,21,34,富邦-陽明,2023-01-09,9604
2009,第一銅,42,8,34,富邦-陽明,2023-01-09,9604
2851,中再保,37,3,34,富邦-陽明,2023-01-09,9604
1605,華新,117,84,33,富邦-陽明,2023-01-09,9604
2317,鴻海,46,19,27,富邦-陽明,2023-01-09,9604
2328,廣宇,28,5,23,富邦-陽明,2023-01-09,9604
2388,威盛,39,19,20,富邦-陽明,2023-01-09,9604
6592,和潤企業,20,0,20,富邦-陽明,2023-01-09,9604
00631L,元大台灣50正2,20,2,18,富邦-陽明,2023-01-09,9604
2359,所羅門,27,10,17,富邦-陽明,2023-01-09,9604
5905,南仁湖,17,1,16,富邦-陽明,2023-01-09,9604
3162,精確,16,0,16,富邦-陽明,2023-01-09,9604
5284,jpp-KY,26,10,16,富邦-陽明,2023-01-09,9604
8933,愛地雅,18,2,16,富邦-陽明,2023-01-09,9604
00664R,國泰臺灣加權反1,15,0,15,富邦-陽明,2023-01-09,9604
1907,永豐餘,15,0,15,富邦-陽明,2023-01-09,9604
00637L,元大滬深300正2,165,150,15,富邦-陽明,2023-01-09,9604
3545,敦泰,16,1,15,富邦-陽明,2023-01-09,9604
3447,展達,15,0,15,富邦-陽明,2023-01-09,9604
00770,國泰北美科技,14,0,14,富邦-陽明,2023-01-09,9604
6274,台燿,18,4,14,富邦-陽明,2023-01-09,9604
5351,鈺創,28,15,13,富邦-陽明,2023-01-09,9604
1233,天仁,13,0,13,富邦-陽明,2023-01-09,9604
1909,榮成,22,9,13,富邦-陽明,2023-01-09,9604
8091,翔名,13,1,12,富邦-陽明,2023-01-09,9604
00893,國泰智能電動車,19,8,11,富邦-陽明,2023-01-09,9604
2345,智邦,28,17,11,富邦-陽明,2023-01-09,9604
00700,富邦�琤肭磪�,11,0,11,富邦-陽明,2023-01-09,9604
4545,銘鈺,11,0,11,富邦-陽明,2023-01-09,9604
8936,國統,11,0,11,富邦-陽明,2023-01-09,9604
8069,元太,62,52,10,富邦-陽明,2023-01-09,9604
00637L,元大滬深300正2,399,158,241,富邦-陽明,2023-01-10,9604
00715L,期街口布蘭特正2,195,3,192,富邦-陽明,2023-01-10,9604
3665,貿聯-KY,107,0,107,富邦-陽明,2023-01-10,9604
3481,群創,108,5,103,富邦-陽明,2023-01-10,9604
1708,東鹼,84,2,82,富邦-陽明,2023-01-10,9604
6282,康舒,84,8,76,富邦-陽明,2023-01-10,9604
5425,台半,69,12,57,富邦-陽明,2023-01-10,9604
8086,宏捷科,55,3,52,富邦-陽明,2023-01-10,9604
2367,燿華,58,11,47,富邦-陽明,2023-01-10,9604
3252,海灣,40,0,40,富邦-陽明,2023-01-10,9604
00897,富邦基因免疫生技,38,0,38,富邦-陽明,2023-01-10,9604
8064,東捷,33,0,33,富邦-陽明,2023-01-10,9604
00878,國泰永續高股息,45,14,31,富邦-陽明,2023-01-10,9604
00679B,元大美債20年,37,6,31,富邦-陽明,2023-01-10,9604
3711,日月光投控,42,12,30,富邦-陽明,2023-01-10,9604
3027,盛達,33,5,28,富邦-陽明,2023-01-10,9604
3025,星通,27,0,27,富邦-陽明,2023-01-10,9604
2338,光罩,40,14,26,富邦-陽明,2023-01-10,9604
2353,宏��,33,8,25,富邦-陽明,2023-01-10,9604
6109,亞元,24,1,23,富邦-陽明,2023-01-10,9604
2609,陽明,42,20,22,富邦-陽明,2023-01-10,9604
2413,環科,27,5,22,富邦-陽明,2023-01-10,9604
6182,合晶,24,3,21,富邦-陽明,2023-01-10,9604
2312,金寶,20,0,20,富邦-陽明,2023-01-10,9604
1336,台翰,20,0,20,富邦-陽明,2023-01-10,9604
4114,健喬,39,19,20,富邦-陽明,2023-01-10,9604
2615,萬海,34,15,19,富邦-陽明,2023-01-10,9604
2498,宏達電,41,22,19,富邦-陽明,2023-01-10,9604
1216,統一,17,0,17,富邦-陽明,2023-01-10,9604
00909,國泰數位支付服務,17,0,17,富邦-陽明,2023-01-10,9604
1451,年興,17,0,17,富邦-陽明,2023-01-10,9604
3234,光環,22,5,17,富邦-陽明,2023-01-10,9604
4721,美琪瑪,17,1,16,富邦-陽明,2023-01-10,9604
4121,優盛,18,2,16,富邦-陽明,2023-01-10,9604
3479,安勤,75,60,15,富邦-陽明,2023-01-10,9604
1516,川飛,15,0,15,富邦-陽明,2023-01-10,9604
6223,旺矽,20,5,15,富邦-陽明,2023-01-10,9604
1701,中化,30,15,15,富邦-陽明,2023-01-10,9604
2236,百達-KY,14,0,14,富邦-陽明,2023-01-10,9604
2344,華邦電,36,22,14,富邦-陽明,2023-01-10,9604
3035,智原,32,19,13,富邦-陽明,2023-01-10,9604
2388,威盛,23,11,12,富邦-陽明,2023-01-10,9604
2009,第一銅,17,5,12,富邦-陽明,2023-01-10,9604
8171,天宇,26,14,12,富邦-陽明,2023-01-10,9604
6244,茂迪,11,0,11,富邦-陽明,2023-01-10,9604
4915,致伸,12,1,11,富邦-陽明,2023-01-10,9604
3707,漢磊,19,8,11,富邦-陽明,2023-01-10,9604
1514,亞力,13,2,11,富邦-陽明,2023-01-10,9604
4147,中裕,11,0,11,富邦-陽明,2023-01-10,9604
3006,晶豪科,32,21,11,富邦-陽明,2023-01-10,9604
00885,富邦越南,320,71,249,富邦-陽明,2023-01-11,9604
2324,仁寶,213,5,208,富邦-陽明,2023-01-11,9604
4167,松瑞藥,223,65,158,富邦-陽明,2023-01-11,9604
2614,東森,96,4,92,富邦-陽明,2023-01-11,9604
2892,第一金,101,21,80,富邦-陽明,2023-01-11,9604
00637L,元大滬深300正2,507,429,78,富邦-陽明,2023-01-11,9604
2495,普安,56,0,56,富邦-陽明,2023-01-11,9604
2428,興勤,52,0,52,富邦-陽明,2023-01-11,9604
2845,遠東銀,101,49,52,富邦-陽明,2023-01-11,9604
2103,台橡,50,0,50,富邦-陽明,2023-01-11,9604
2492,華新科,61,15,46,富邦-陽明,2023-01-11,9604
00878,國泰永續高股息,46,2,44,富邦-陽明,2023-01-11,9604
2313,華通,47,4,43,富邦-陽明,2023-01-11,9604
4974,亞泰,44,2,42,富邦-陽明,2023-01-11,9604
2633,台灣高鐵,42,1,41,富邦-陽明,2023-01-11,9604
2884,玉山金,41,0,41,富邦-陽明,2023-01-11,9604
5425,台半,48,8,40,富邦-陽明,2023-01-11,9604
1336,台翰,40,0,40,富邦-陽明,2023-01-11,9604
2610,華航,74,34,40,富邦-陽明,2023-01-11,9604
6752,叡揚,39,1,38,富邦-陽明,2023-01-11,9604
4904,遠傳,36,4,32,富邦-陽明,2023-01-11,9604
00648R,元大S＆P500反1,30,0,30,富邦-陽明,2023-01-11,9604
5309,系統電,30,1,29,富邦-陽明,2023-01-11,9604
2881,富邦金,55,30,25,富邦-陽明,2023-01-11,9604
00706L,期元大S＆P日圓正2,25,0,25,富邦-陽明,2023-01-11,9604
6257,矽格,25,0,25,富邦-陽明,2023-01-11,9604
3693,營邦,43,20,23,富邦-陽明,2023-01-11,9604
3704,合勤控,112,89,23,富邦-陽明,2023-01-11,9604
3006,晶豪科,25,4,21,富邦-陽明,2023-01-11,9604
6285,啟��,22,1,21,富邦-陽明,2023-01-11,9604
00671R,富邦NASDAQ反1,20,0,20,富邦-陽明,2023-01-11,9604
8171,天宇,27,8,19,富邦-陽明,2023-01-11,9604
6456,GIS-KY,18,0,18,富邦-陽明,2023-01-11,9604
5009,榮剛,30,12,18,富邦-陽明,2023-01-11,9604
8933,愛地雅,38,20,18,富邦-陽明,2023-01-11,9604
4417,金洲,20,2,18,富邦-陽明,2023-01-11,9604
0056,元大高股息,36,18,18,富邦-陽明,2023-01-11,9604
1815,富喬,17,0,17,富邦-陽明,2023-01-11,9604
1762,中化生,16,0,16,富邦-陽明,2023-01-11,9604
6589,台康生技,18,3,15,富邦-陽明,2023-01-11,9604
4746,台耀,16,1,15,富邦-陽明,2023-01-11,9604
3045,台灣大,14,0,14,富邦-陽明,2023-01-11,9604
3661,世芯-KY,21,7,14,富邦-陽明,2023-01-11,9604
2612,中航,15,1,14,富邦-陽明,2023-01-11,9604
2520,冠德,15,1,14,富邦-陽明,2023-01-11,9604
9933,中鼎,16,2,14,富邦-陽明,2023-01-11,9604
6182,合晶,13,0,13,富邦-陽明,2023-01-11,9604
4979,華星光,42,29,13,富邦-陽明,2023-01-11,9604
8358,金居,16,3,13,富邦-陽明,2023-01-11,9604
3047,訊舟,13,0,13,富邦-陽明,2023-01-11,9604
00665L,富邦�琤肭磪囓�2,528,4,524,富邦-陽明,2023-01-12,9604
00673R,期元大S＆P原油反1,398,90,308,富邦-陽明,2023-01-12,9604
00753L,中信中國50正2,259,27,232,富邦-陽明,2023-01-12,9604
2845,遠東銀,206,3,203,富邦-陽明,2023-01-12,9604
3693,營邦,104,7,97,富邦-陽明,2023-01-12,9604
1101,台泥,132,38,94,富邦-陽明,2023-01-12,9604
00885,富邦越南,96,17,79,富邦-陽明,2023-01-12,9604
00878,國泰永續高股息,97,21,76,富邦-陽明,2023-01-12,9604
3665,貿聯-KY,70,3,67,富邦-陽明,2023-01-12,9604
00650L,復華香港正2,180,115,65,富邦-陽明,2023-01-12,9604
6285,啟��,70,6,64,富邦-陽明,2023-01-12,9604
2884,玉山金,64,12,52,富邦-陽明,2023-01-12,9604
1432,大魯閣,52,0,52,富邦-陽明,2023-01-12,9604
2317,鴻海,57,9,48,富邦-陽明,2023-01-12,9604
3645,達邁,40,0,40,富邦-陽明,2023-01-12,9604
00679B,元大美債20年,73,34,39,富邦-陽明,2023-01-12,9604
2609,陽明,67,28,39,富邦-陽明,2023-01-12,9604
1529,樂事綠能,41,3,38,富邦-陽明,2023-01-12,9604
6282,康舒,46,10,36,富邦-陽明,2023-01-12,9604
4121,優盛,40,5,35,富邦-陽明,2023-01-12,9604
00669R,國泰美國道瓊反1,34,0,34,富邦-陽明,2023-01-12,9604
2501,國建,32,0,32,富邦-陽明,2023-01-12,9604
2603,長榮,38,6,32,富邦-陽明,2023-01-12,9604
4979,華星光,85,54,31,富邦-陽明,2023-01-12,9604
1612,宏泰,64,36,28,富邦-陽明,2023-01-12,9604
5321,美而快,53,25,28,富邦-陽明,2023-01-12,9604
2892,第一金,32,5,27,富邦-陽明,2023-01-12,9604
2358,廷鑫,134,109,25,富邦-陽明,2023-01-12,9604
8038,長園科,28,3,25,富邦-陽明,2023-01-12,9604
2312,金寶,25,0,25,富邦-陽明,2023-01-12,9604
1417,嘉裕,24,0,24,富邦-陽明,2023-01-12,9604
00900,富邦特選高股息30,26,3,23,富邦-陽明,2023-01-12,9604
4904,遠傳,23,1,22,富邦-陽明,2023-01-12,9604
00648R,元大S＆P500反1,22,0,22,富邦-陽明,2023-01-12,9604
00632R,元大台灣50反1,22,0,22,富邦-陽明,2023-01-12,9604
3576,聯合再生,21,0,21,富邦-陽明,2023-01-12,9604
2641,正德,21,0,21,富邦-陽明,2023-01-12,9604
2313,華通,30,9,21,富邦-陽明,2023-01-12,9604
3090,日電貿,20,0,20,富邦-陽明,2023-01-12,9604
6176,瑞儀,20,0,20,富邦-陽明,2023-01-12,9604
00637L,元大滬深300正2,262,243,19,富邦-陽明,2023-01-12,9604
00770,國泰北美科技,19,1,18,富邦-陽明,2023-01-12,9604
2880,華南金,18,0,18,富邦-陽明,2023-01-12,9604
6244,茂迪,19,1,18,富邦-陽明,2023-01-12,9604
2354,鴻準,21,4,17,富邦-陽明,2023-01-12,9604
00712,復華富時不動產,20,3,17,富邦-陽明,2023-01-12,9604
5608,四維航,17,0,17,富邦-陽明,2023-01-12,9604
3037,欣興,40,24,16,富邦-陽明,2023-01-12,9604
00905,FT臺灣Smart,15,0,15,富邦-陽明,2023-01-12,9604
5425,台半,20,5,15,富邦-陽明,2023-01-12,9604
00632R,元大台灣50反1,128,12,116,富邦-陽明,2023-01-13,9604
3576,聯合再生,94,0,94,富邦-陽明,2023-01-13,9604
3665,貿聯-KY,95,3,92,富邦-陽明,2023-01-13,9604
00673R,期元大S＆P原油反1,91,0,91,富邦-陽明,2023-01-13,9604
6257,矽格,80,0,80,富邦-陽明,2023-01-13,9604
1313,聯成,75,7,68,富邦-陽明,2023-01-13,9604
2609,陽明,83,15,68,富邦-陽明,2023-01-13,9604
2428,興勤,80,13,67,富邦-陽明,2023-01-13,9604
2368,金像電,69,3,66,富邦-陽明,2023-01-13,9604
2353,宏��,142,94,48,富邦-陽明,2023-01-13,9604
8050,廣積,54,13,41,富邦-陽明,2023-01-13,9604
1432,大魯閣,40,0,40,富邦-陽明,2023-01-13,9604
2344,華邦電,40,6,34,富邦-陽明,2023-01-13,9604
00720B,元大投資級公司債,36,2,34,富邦-陽明,2023-01-13,9604
2323,中環,34,0,34,富邦-陽明,2023-01-13,9604
00900,富邦特選高股息30,32,3,29,富邦-陽明,2023-01-13,9604
3022,威強電,37,10,27,富邦-陽明,2023-01-13,9604
00893,國泰智能電動車,44,19,25,富邦-陽明,2023-01-13,9604
00688L,國泰20年美債正2,25,0,25,富邦-陽明,2023-01-13,9604
006201,元大富櫃50,25,0,25,富邦-陽明,2023-01-13,9604
00679B,元大美債20年,30,6,24,富邦-陽明,2023-01-13,9604
2388,威盛,28,5,23,富邦-陽明,2023-01-13,9604
2468,華經,41,18,23,富邦-陽明,2023-01-13,9604
8215,明基材,23,0,23,富邦-陽明,2023-01-13,9604
00738U,期元大道瓊白銀,23,0,23,富邦-陽明,2023-01-13,9604
2498,宏達電,147,125,22,富邦-陽明,2023-01-13,9604
2312,金寶,24,3,21,富邦-陽明,2023-01-13,9604
2402,毅嘉,21,0,21,富邦-陽明,2023-01-13,9604
00665L,富邦�琤肭磪囓�2,24,3,21,富邦-陽明,2023-01-13,9604
9958,世紀鋼,21,0,21,富邦-陽明,2023-01-13,9604
2313,華通,24,4,20,富邦-陽明,2023-01-13,9604
00669R,國泰美國道瓊反1,20,0,20,富邦-陽明,2023-01-13,9604
2534,宏盛,20,0,20,富邦-陽明,2023-01-13,9604
4961,天鈺,37,19,18,富邦-陽明,2023-01-13,9604
1584,精剛,50,33,17,富邦-陽明,2023-01-13,9604
3645,達邁,17,0,17,富邦-陽明,2023-01-13,9604
2023,燁輝,19,2,17,富邦-陽明,2023-01-13,9604
6153,嘉聯益,17,0,17,富邦-陽明,2023-01-13,9604
00680L,元大美債20正2,27,10,17,富邦-陽明,2023-01-13,9604
2603,長榮,22,6,16,富邦-陽明,2023-01-13,9604
1417,嘉裕,16,0,16,富邦-陽明,2023-01-13,9604
8171,天宇,18,3,15,富邦-陽明,2023-01-13,9604
2812,台中銀,14,1,13,富邦-陽明,2023-01-13,9604
2317,鴻海,21,8,13,富邦-陽明,2023-01-13,9604
8069,元太,27,14,13,富邦-陽明,2023-01-13,9604
3675,德微,30,17,13,富邦-陽明,2023-01-13,9604
2457,飛宏,14,1,13,富邦-陽明,2023-01-13,9604
4770,上品,33,20,13,富邦-陽明,2023-01-13,9604
8271,宇瞻,13,0,13,富邦-陽明,2023-01-13,9604
6443,元晶,28,16,12,富邦-陽明,2023-01-13,9604
2880,華南金,1002,5,997,富邦-陽明,2023-01-16,9604
1477,聚陽,142,0,142,富邦-陽明,2023-01-16,9604
2618,長榮航,220,84,136,富邦-陽明,2023-01-16,9604
00673R,期元大S＆P原油反1,124,0,124,富邦-陽明,2023-01-16,9604
2317,鴻海,118,9,109,富邦-陽明,2023-01-16,9604
2615,萬海,129,36,93,富邦-陽明,2023-01-16,9604
00632R,元大台灣50反1,142,61,81,富邦-陽明,2023-01-16,9604
2101,南港,52,0,52,富邦-陽明,2023-01-16,9604
1529,樂事綠能,63,11,52,富邦-陽明,2023-01-16,9604
6282,康舒,51,0,51,富邦-陽明,2023-01-16,9604
6770,力積電,136,88,48,富邦-陽明,2023-01-16,9604
3163,波若威,50,2,48,富邦-陽明,2023-01-16,9604
6285,啟��,45,0,45,富邦-陽明,2023-01-16,9604
00772B,中信高評級公司債,44,0,44,富邦-陽明,2023-01-16,9604
2867,三商壽,40,0,40,富邦-陽明,2023-01-16,9604
2481,強茂,42,2,40,富邦-陽明,2023-01-16,9604
2371,大同,38,0,38,富邦-陽明,2023-01-16,9604
1909,榮成,37,0,37,富邦-陽明,2023-01-16,9604
2609,陽明,73,37,36,富邦-陽明,2023-01-16,9604
3447,展達,28,0,28,富邦-陽明,2023-01-16,9604
3048,益登,28,0,28,富邦-陽明,2023-01-16,9604
3665,貿聯-KY,26,1,25,富邦-陽明,2023-01-16,9604
1605,華新,69,45,24,富邦-陽明,2023-01-16,9604
00671R,富邦NASDAQ反1,23,0,23,富邦-陽明,2023-01-16,9604
00648R,元大S＆P500反1,23,0,23,富邦-陽明,2023-01-16,9604
5386,青雲,22,0,22,富邦-陽明,2023-01-16,9604
00679B,元大美債20年,97,75,22,富邦-陽明,2023-01-16,9604
6257,矽格,21,0,21,富邦-陽明,2023-01-16,9604
00669R,國泰美國道瓊反1,21,0,21,富邦-陽明,2023-01-16,9604
6592,和潤企業,20,0,20,富邦-陽明,2023-01-16,9604
4162,智擎,30,10,20,富邦-陽明,2023-01-16,9604
2009,第一銅,42,22,20,富邦-陽明,2023-01-16,9604
8476,台境*,20,0,20,富邦-陽明,2023-01-16,9604
1519,華城,22,3,19,富邦-陽明,2023-01-16,9604
2404,漢唐,19,0,19,富邦-陽明,2023-01-16,9604
00680L,元大美債20正2,30,12,18,富邦-陽明,2023-01-16,9604
2882,國泰金,38,20,18,富邦-陽明,2023-01-16,9604
00878,國泰永續高股息,72,55,17,富邦-陽明,2023-01-16,9604
2458,義隆,16,1,15,富邦-陽明,2023-01-16,9604
6015,宏遠證,15,0,15,富邦-陽明,2023-01-16,9604
3030,德律,14,0,14,富邦-陽明,2023-01-16,9604
6244,茂迪,15,2,13,富邦-陽明,2023-01-16,9604
2498,宏達電,85,72,13,富邦-陽明,2023-01-16,9604
00720B,元大投資級公司債,49,36,13,富邦-陽明,2023-01-16,9604
8087,麗升能源,13,0,13,富邦-陽明,2023-01-16,9604
00664R,國泰臺灣加權反1,13,0,13,富邦-陽明,2023-01-16,9604
2368,金像電,20,8,12,富邦-陽明,2023-01-16,9604
00751B,元大AAA至A公司債,12,0,12,富邦-陽明,2023-01-16,9604
1513,中興電,16,4,12,富邦-陽明,2023-01-16,9604
4770,上品,13,1,12,富邦-陽明,2023-01-16,9604
00632R,元大台灣50反1,566,45,521,富邦-陽明,2023-01-17,9604
3702,大聯大,376,10,366,富邦-陽明,2023-01-17,9604
3013,晟銘電,209,25,184,富邦-陽明,2023-01-17,9604
00753L,中信中國50正2,122,3,119,富邦-陽明,2023-01-17,9604
00882,中信中國高股息,130,27,103,富邦-陽明,2023-01-17,9604
00673R,期元大S＆P原油反1,122,25,97,富邦-陽明,2023-01-17,9604
2884,玉山金,88,1,87,富邦-陽明,2023-01-17,9604
5243,乙盛-KY,80,2,78,富邦-陽明,2023-01-17,9604
2344,華邦電,96,23,73,富邦-陽明,2023-01-17,9604
2014,中鴻,121,51,70,富邦-陽明,2023-01-17,9604
2006,東和鋼鐵,70,0,70,富邦-陽明,2023-01-17,9604
00637L,元大滬深300正2,322,257,65,富邦-陽明,2023-01-17,9604
2883,凱基金,86,24,62,富邦-陽明,2023-01-17,9604
00706L,期元大S＆P日圓正2,50,0,50,富邦-陽明,2023-01-17,9604
2409,友達,51,1,50,富邦-陽明,2023-01-17,9604
3665,貿聯-KY,51,2,49,富邦-陽明,2023-01-17,9604
1432,大魯閣,51,2,49,富邦-陽明,2023-01-17,9604
00650L,復華香港正2,93,50,43,富邦-陽明,2023-01-17,9604
6279,胡連,41,0,41,富邦-陽明,2023-01-17,9604
2034,允強,42,1,41,富邦-陽明,2023-01-17,9604
1529,樂事綠能,71,31,40,富邦-陽明,2023-01-17,9604
2367,燿華,46,8,38,富邦-陽明,2023-01-17,9604
1219,福壽,41,3,38,富邦-陽明,2023-01-17,9604
3479,安勤,58,22,36,富邦-陽明,2023-01-17,9604
3481,群創,48,12,36,富邦-陽明,2023-01-17,9604
00720B,元大投資級公司債,34,0,34,富邦-陽明,2023-01-17,9604
1609,大亞,31,0,31,富邦-陽明,2023-01-17,9604
2393,億光,30,0,30,富邦-陽明,2023-01-17,9604
2317,鴻海,35,8,27,富邦-陽明,2023-01-17,9604
1752,南光,41,17,24,富邦-陽明,2023-01-17,9604
00772B,中信高評級公司債,23,0,23,富邦-陽明,2023-01-17,9604
2323,中環,23,0,23,富邦-陽明,2023-01-17,9604
3037,欣興,35,13,22,富邦-陽明,2023-01-17,9604
1905,華紙,22,0,22,富邦-陽明,2023-01-17,9604
1810,和成,24,2,22,富邦-陽明,2023-01-17,9604
00712,復華富時不動產,22,0,22,富邦-陽明,2023-01-17,9604
4909,新復興,21,0,21,富邦-陽明,2023-01-17,9604
00679B,元大美債20年,21,0,21,富邦-陽明,2023-01-17,9604
2880,華南金,21,0,21,富邦-陽明,2023-01-17,9604
2867,三商壽,20,0,20,富邦-陽明,2023-01-17,9604
2031,新光鋼,20,0,20,富邦-陽明,2023-01-17,9604
1314,中石化,20,0,20,富邦-陽明,2023-01-17,9604
8147,正淩,20,0,20,富邦-陽明,2023-01-17,9604
6770,力積電,33,14,19,富邦-陽明,2023-01-17,9604
2101,南港,20,1,19,富邦-陽明,2023-01-17,9604
1259,安心,20,1,19,富邦-陽明,2023-01-17,9604
00680L,元大美債20正2,18,0,18,富邦-陽明,2023-01-17,9604
2481,強茂,18,1,17,富邦-陽明,2023-01-17,9604
2308,台達電,20,3,17,富邦-陽明,2023-01-17,9604
2603,長榮,23,7,16,富邦-陽明,2023-01-17,9604
2317,鴻海,662,11,651,富邦-陽明,2023-01-30,9604
6176,瑞儀,408,0,408,富邦-陽明,2023-01-30,9604
2542,興富發,278,1,277,富邦-陽明,2023-01-30,9604
2023,燁輝,243,15,228,富邦-陽明,2023-01-30,9604
3702,大聯大,202,1,201,富邦-陽明,2023-01-30,9604
2313,華通,219,21,198,富邦-陽明,2023-01-30,9604
3665,貿聯-KY,188,10,178,富邦-陽明,2023-01-30,9604
2428,興勤,139,15,124,富邦-陽明,2023-01-30,9604
00885,富邦越南,167,44,123,富邦-陽明,2023-01-30,9604
00671R,富邦NASDAQ反1,122,11,111,富邦-陽明,2023-01-30,9604
2002,中鋼,197,113,84,富邦-陽明,2023-01-30,9604
2867,三商壽,66,0,66,富邦-陽明,2023-01-30,9604
6182,合晶,77,12,65,富邦-陽明,2023-01-30,9604
00680L,元大美債20正2,64,0,64,富邦-陽明,2023-01-30,9604
00632R,元大台灣50反1,219,157,62,富邦-陽明,2023-01-30,9604
00665L,富邦�琤肭磪囓�2,77,27,50,富邦-陽明,2023-01-30,9604
1432,大魯閣,50,0,50,富邦-陽明,2023-01-30,9604
00770,國泰北美科技,49,0,49,富邦-陽明,2023-01-30,9604
00720B,元大投資級公司債,49,0,49,富邦-陽明,2023-01-30,9604
2889,國票金,50,2,48,富邦-陽明,2023-01-30,9604
1312,國喬,50,3,47,富邦-陽明,2023-01-30,9604
2358,廷鑫,62,16,46,富邦-陽明,2023-01-30,9604
3228,金麗科,51,5,46,富邦-陽明,2023-01-30,9604
2497,怡利電,42,4,38,富邦-陽明,2023-01-30,9604
1718,中纖,36,2,34,富邦-陽明,2023-01-30,9604
3693,營邦,42,12,30,富邦-陽明,2023-01-30,9604
8069,元太,36,7,29,富邦-陽明,2023-01-30,9604
5871,中租-KY,35,6,29,富邦-陽明,2023-01-30,9604
2609,陽明,72,45,27,富邦-陽明,2023-01-30,9604
6550,北極星藥業-KY,33,8,25,富邦-陽明,2023-01-30,9604
00673R,期元大S＆P原油反1,27,5,22,富邦-陽明,2023-01-30,9604
3027,盛達,93,71,22,富邦-陽明,2023-01-30,9604
2449,京元電子,27,5,22,富邦-陽明,2023-01-30,9604
2892,第一金,44,23,21,富邦-陽明,2023-01-30,9604
1477,聚陽,28,7,21,富邦-陽明,2023-01-30,9604
00710B,復華彭博非投等債,20,0,20,富邦-陽明,2023-01-30,9604
4113,聯上,20,0,20,富邦-陽明,2023-01-30,9604
4768,晶呈科技,30,11,19,富邦-陽明,2023-01-30,9604
6122,擎邦,20,2,18,富邦-陽明,2023-01-30,9604
3374,精材,40,22,18,富邦-陽明,2023-01-30,9604
9902,台火,18,0,18,富邦-陽明,2023-01-30,9604
00679B,元大美債20年,33,15,18,富邦-陽明,2023-01-30,9604
1612,宏泰,23,6,17,富邦-陽明,2023-01-30,9604
2520,冠德,16,0,16,富邦-陽明,2023-01-30,9604
4106,雃博,21,5,16,富邦-陽明,2023-01-30,9604
8171,天宇,40,24,16,富邦-陽明,2023-01-30,9604
1305,華夏,32,17,15,富邦-陽明,2023-01-30,9604
1603,華電,15,0,15,富邦-陽明,2023-01-30,9604
00646,元大S＆P500,16,1,15,富邦-陽明,2023-01-30,9604
2031,新光鋼,24,9,15,富邦-陽明,2023-01-30,9604
00885,富邦越南,557,53,504,富邦-陽明,2023-01-31,9604
00905,FT臺灣Smart,223,1,222,富邦-陽明,2023-01-31,9604
2023,燁輝,221,19,202,富邦-陽明,2023-01-31,9604
2002,中鋼,279,82,197,富邦-陽明,2023-01-31,9604
00632R,元大台灣50反1,216,41,175,富邦-陽明,2023-01-31,9604
00882,中信中國高股息,157,7,150,富邦-陽明,2023-01-31,9604
0056,元大高股息,229,85,144,富邦-陽明,2023-01-31,9604
00715L,期街口布蘭特正2,125,2,123,富邦-陽明,2023-01-31,9604
00680L,元大美債20正2,108,0,108,富邦-陽明,2023-01-31,9604
3702,大聯大,104,0,104,富邦-陽明,2023-01-31,9604
00665L,富邦�琤肭磪囓�2,147,58,89,富邦-陽明,2023-01-31,9604
2892,第一金,98,12,86,富邦-陽明,2023-01-31,9604
00720B,元大投資級公司債,82,0,82,富邦-陽明,2023-01-31,9604
2428,興勤,70,0,70,富邦-陽明,2023-01-31,9604
00637L,元大滬深300正2,264,199,65,富邦-陽明,2023-01-31,9604
1513,中興電,162,97,65,富邦-陽明,2023-01-31,9604
3346,麗清,75,11,64,富邦-陽明,2023-01-31,9604
5880,合庫金,64,0,64,富邦-陽明,2023-01-31,9604
00650L,復華香港正2,96,35,61,富邦-陽明,2023-01-31,9604
2897,王道銀行,63,3,60,富邦-陽明,2023-01-31,9604
2891,中信金,60,0,60,富邦-陽明,2023-01-31,9604
2444,兆勁,56,0,56,富邦-陽明,2023-01-31,9604
00903,富邦元宇宙,63,10,53,富邦-陽明,2023-01-31,9604
6282,康舒,170,118,52,富邦-陽明,2023-01-31,9604
2330,台積電,86,36,50,富邦-陽明,2023-01-31,9604
00753L,中信中國50正2,69,20,49,富邦-陽明,2023-01-31,9604
6285,啟��,50,2,48,富邦-陽明,2023-01-31,9604
8183,精星,46,0,46,富邦-陽明,2023-01-31,9604
00772B,中信高評級公司債,45,0,45,富邦-陽明,2023-01-31,9604
1603,華電,45,0,45,富邦-陽明,2023-01-31,9604
3060,銘異,45,0,45,富邦-陽明,2023-01-31,9604
2324,仁寶,46,4,42,富邦-陽明,2023-01-31,9604
6153,嘉聯益,81,40,41,富邦-陽明,2023-01-31,9604
1477,聚陽,44,5,39,富邦-陽明,2023-01-31,9604
2867,三商壽,47,10,37,富邦-陽明,2023-01-31,9604
2885,元大金,35,1,34,富邦-陽明,2023-01-31,9604
4979,華星光,108,75,33,富邦-陽明,2023-01-31,9604
00881,國泰台灣5G+,38,6,32,富邦-陽明,2023-01-31,9604
00679B,元大美債20年,31,0,31,富邦-陽明,2023-01-31,9604
2883,凱基金,49,18,31,富邦-陽明,2023-01-31,9604
4961,天鈺,51,20,31,富邦-陽明,2023-01-31,9604
2880,華南金,29,1,28,富邦-陽明,2023-01-31,9604
4168,醣聯,30,3,27,富邦-陽明,2023-01-31,9604
2201,裕隆,99,74,25,富邦-陽明,2023-01-31,9604
1626,艾美特-KY,25,0,25,富邦-陽明,2023-01-31,9604
2633,台灣高鐵,27,2,25,富邦-陽明,2023-01-31,9604
2101,南港,25,0,25,富邦-陽明,2023-01-31,9604
3576,聯合再生,41,17,24,富邦-陽明,2023-01-31,9604
2884,玉山金,36,12,24,富邦-陽明,2023-01-31,9604
2408,南亞科,25,2,23,富邦-陽明,2023-01-31,9604
00878,國泰永續高股息,189,7,182,富邦-陽明,2023-02-01,9604
00673R,期元大S＆P原油反1,162,0,162,富邦-陽明,2023-02-01,9604
2023,燁輝,164,14,150,富邦-陽明,2023-02-01,9604
6290,良維,149,2,147,富邦-陽明,2023-02-01,9604
2614,東森,121,23,98,富邦-陽明,2023-02-01,9604
00882,中信中國高股息,93,4,89,富邦-陽明,2023-02-01,9604
6770,力積電,123,35,88,富邦-陽明,2023-02-01,9604
2891,中信金,86,1,85,富邦-陽明,2023-02-01,9604
6244,茂迪,84,2,82,富邦-陽明,2023-02-01,9604
2006,東和鋼鐵,77,1,76,富邦-陽明,2023-02-01,9604
00671R,富邦NASDAQ反1,75,3,72,富邦-陽明,2023-02-01,9604
00905,FT臺灣Smart,70,0,70,富邦-陽明,2023-02-01,9604
2329,華泰,76,7,69,富邦-陽明,2023-02-01,9604
00669R,國泰美國道瓊反1,64,0,64,富邦-陽明,2023-02-01,9604
2317,鴻海,76,15,61,富邦-陽明,2023-02-01,9604
2883,凱基金,85,26,59,富邦-陽明,2023-02-01,9604
00637L,元大滬深300正2,299,243,56,富邦-陽明,2023-02-01,9604
3693,營邦,78,25,53,富邦-陽明,2023-02-01,9604
1718,中纖,51,1,50,富邦-陽明,2023-02-01,9604
2409,友達,56,7,49,富邦-陽明,2023-02-01,9604
3706,神達,53,5,48,富邦-陽明,2023-02-01,9604
00642U,期元大S＆P石油,40,4,36,富邦-陽明,2023-02-01,9604
00900,富邦特選高股息30,43,9,34,富邦-陽明,2023-02-01,9604
3006,晶豪科,35,4,31,富邦-陽明,2023-02-01,9604
2002,中鋼,67,37,30,富邦-陽明,2023-02-01,9604
2230,泰茂,74,46,28,富邦-陽明,2023-02-01,9604
2482,連宇,45,17,28,富邦-陽明,2023-02-01,9604
2881,富邦金,54,27,27,富邦-陽明,2023-02-01,9604
5426,振發,25,0,25,富邦-陽明,2023-02-01,9604
6182,合晶,28,3,25,富邦-陽明,2023-02-01,9604
2867,三商壽,24,0,24,富邦-陽明,2023-02-01,9604
1810,和成,52,29,23,富邦-陽明,2023-02-01,9604
2884,玉山金,43,20,23,富邦-陽明,2023-02-01,9604
2368,金像電,49,26,23,富邦-陽明,2023-02-01,9604
2890,永豐金,23,0,23,富邦-陽明,2023-02-01,9604
3305,昇貿,34,11,23,富邦-陽明,2023-02-01,9604
5347,世界,26,3,23,富邦-陽明,2023-02-01,9604
00720B,元大投資級公司債,24,1,23,富邦-陽明,2023-02-01,9604
2014,中鴻,43,21,22,富邦-陽明,2023-02-01,9604
01004T,土銀富邦R2,22,0,22,富邦-陽明,2023-02-01,9604
2610,華航,78,56,22,富邦-陽明,2023-02-01,9604
1529,樂事綠能,30,8,22,富邦-陽明,2023-02-01,9604
6443,元晶,66,45,21,富邦-陽明,2023-02-01,9604
8938,明安,21,1,20,富邦-陽明,2023-02-01,9604
3357,臺慶科,20,0,20,富邦-陽明,2023-02-01,9604
8016,矽創,22,3,19,富邦-陽明,2023-02-01,9604
1616,億泰,19,1,18,富邦-陽明,2023-02-01,9604
2349,錸德,30,13,17,富邦-陽明,2023-02-01,9604
2354,鴻準,18,2,16,富邦-陽明,2023-02-01,9604
5258,虹堡,60,44,16,富邦-陽明,2023-02-01,9604
00715L,期街口布蘭特正2,311,0,311,富邦-陽明,2023-02-02,9604
2845,遠東銀,300,1,299,富邦-陽明,2023-02-02,9604
00671R,富邦NASDAQ反1,228,14,214,富邦-陽明,2023-02-02,9604
1612,宏泰,201,2,199,富邦-陽明,2023-02-02,9604
8105,凌巨,169,2,167,富邦-陽明,2023-02-02,9604
00676R,富邦臺灣加權反1,150,0,150,富邦-陽明,2023-02-02,9604
00878,國泰永續高股息,185,38,147,富邦-陽明,2023-02-02,9604
6164,華興,145,3,142,富邦-陽明,2023-02-02,9604
00885,富邦越南,138,5,133,富邦-陽明,2023-02-02,9604
1605,華新,174,62,112,富邦-陽明,2023-02-02,9604
3049,精金,114,9,105,富邦-陽明,2023-02-02,9604
2618,長榮航,134,34,100,富邦-陽明,2023-02-02,9604
00882,中信中國高股息,96,3,93,富邦-陽明,2023-02-02,9604
5215,科嘉-KY,70,0,70,富邦-陽明,2023-02-02,9604
2317,鴻海,83,20,63,富邦-陽明,2023-02-02,9604
2891,中信金,68,6,62,富邦-陽明,2023-02-02,9604
8926,台汽電,62,0,62,富邦-陽明,2023-02-02,9604
00720B,元大投資級公司債,60,1,59,富邦-陽明,2023-02-02,9604
1305,華夏,59,2,57,富邦-陽明,2023-02-02,9604
2014,中鴻,85,29,56,富邦-陽明,2023-02-02,9604
00648R,元大S＆P500反1,55,0,55,富邦-陽明,2023-02-02,9604
2481,強茂,67,12,55,富邦-陽明,2023-02-02,9604
2367,燿華,57,4,53,富邦-陽明,2023-02-02,9604
3041,揚智,58,6,52,富邦-陽明,2023-02-02,9604
3704,合勤控,114,64,50,富邦-陽明,2023-02-02,9604
1417,嘉裕,64,20,44,富邦-陽明,2023-02-02,9604
00725B,國泰投資級公司債,43,0,43,富邦-陽明,2023-02-02,9604
2880,華南金,50,9,41,富邦-陽明,2023-02-02,9604
6530,創威,40,0,40,富邦-陽明,2023-02-02,9604
8147,正淩,40,0,40,富邦-陽明,2023-02-02,9604
3027,盛達,50,14,36,富邦-陽明,2023-02-02,9604
1512,瑞利,36,0,36,富邦-陽明,2023-02-02,9604
5009,榮剛,74,38,36,富邦-陽明,2023-02-02,9604
2892,第一金,46,10,36,富邦-陽明,2023-02-02,9604
2884,玉山金,47,11,36,富邦-陽明,2023-02-02,9604
2615,萬海,52,16,36,富邦-陽明,2023-02-02,9604
00903,富邦元宇宙,134,99,35,富邦-陽明,2023-02-02,9604
6443,元晶,120,85,35,富邦-陽明,2023-02-02,9604
00637L,元大滬深300正2,100,66,34,富邦-陽明,2023-02-02,9604
3209,全科,35,1,34,富邦-陽明,2023-02-02,9604
3693,營邦,46,13,33,富邦-陽明,2023-02-02,9604
2201,裕隆,122,91,31,富邦-陽明,2023-02-02,9604
00679B,元大美債20年,29,1,28,富邦-陽明,2023-02-02,9604
3441,聯一光,27,2,25,富邦-陽明,2023-02-02,9604
2886,兆豐金,37,12,25,富邦-陽明,2023-02-02,9604
00642U,期元大S＆P石油,24,0,24,富邦-陽明,2023-02-02,9604
00653L,富邦印度正2,22,0,22,富邦-陽明,2023-02-02,9604
00664R,國泰臺灣加權反1,21,0,21,富邦-陽明,2023-02-02,9604
6546,正基,25,4,21,富邦-陽明,2023-02-02,9604
2020,美亞,20,0,20,富邦-陽明,2023-02-02,9604
00878,國泰永續高股息,361,46,315,富邦-陽明,2023-02-03,9604
00665L,富邦�琤肭磪囓�2,281,5,276,富邦-陽明,2023-02-03,9604
00715L,期街口布蘭特正2,196,0,196,富邦-陽明,2023-02-03,9604
00680L,元大美債20正2,193,5,188,富邦-陽明,2023-02-03,9604
2891,中信金,186,12,174,富邦-陽明,2023-02-03,9604
00882,中信中國高股息,194,24,170,富邦-陽明,2023-02-03,9604
00650L,復華香港正2,135,18,117,富邦-陽明,2023-02-03,9604
2882,國泰金,97,11,86,富邦-陽明,2023-02-03,9604
2002,中鋼,90,9,81,富邦-陽明,2023-02-03,9604
2388,威盛,125,51,74,富邦-陽明,2023-02-03,9604
2481,強茂,100,29,71,富邦-陽明,2023-02-03,9604
00885,富邦越南,78,12,66,富邦-陽明,2023-02-03,9604
2888,新光金,61,0,61,富邦-陽明,2023-02-03,9604
6118,建達,77,16,61,富邦-陽明,2023-02-03,9604
2108,南帝,60,0,60,富邦-陽明,2023-02-03,9604
3693,營邦,69,10,59,富邦-陽明,2023-02-03,9604
6275,元山,55,0,55,富邦-陽明,2023-02-03,9604
2834,臺企銀,66,13,53,富邦-陽明,2023-02-03,9604
8431,匯鑽科,50,0,50,富邦-陽明,2023-02-03,9604
00633L,富邦上証正2,61,11,50,富邦-陽明,2023-02-03,9604
00632R,元大台灣50反1,110,63,47,富邦-陽明,2023-02-03,9604
2618,長榮航,53,7,46,富邦-陽明,2023-02-03,9604
00902,中信電池及儲能,48,2,46,富邦-陽明,2023-02-03,9604
00725B,國泰投資級公司債,45,0,45,富邦-陽明,2023-02-03,9604
00753L,中信中國50正2,45,1,44,富邦-陽明,2023-02-03,9604
6470,宇智,41,0,41,富邦-陽明,2023-02-03,9604
2867,三商壽,37,0,37,富邦-陽明,2023-02-03,9604
2201,裕隆,79,42,37,富邦-陽明,2023-02-03,9604
00679B,元大美債20年,91,55,36,富邦-陽明,2023-02-03,9604
8046,南電,49,14,35,富邦-陽明,2023-02-03,9604
2412,中華電,36,1,35,富邦-陽明,2023-02-03,9604
2884,玉山金,35,0,35,富邦-陽明,2023-02-03,9604
2337,旺宏,40,6,34,富邦-陽明,2023-02-03,9604
2609,陽明,124,90,34,富邦-陽明,2023-02-03,9604
4102,永日,33,0,33,富邦-陽明,2023-02-03,9604
00720B,元大投資級公司債,34,1,33,富邦-陽明,2023-02-03,9604
1301,台塑,40,8,32,富邦-陽明,2023-02-03,9604
2498,宏達電,235,204,31,富邦-陽明,2023-02-03,9604
2409,友達,48,17,31,富邦-陽明,2023-02-03,9604
3027,盛達,43,12,31,富邦-陽明,2023-02-03,9604
4114,健喬,36,6,30,富邦-陽明,2023-02-03,9604
00653L,富邦印度正2,31,1,30,富邦-陽明,2023-02-03,9604
1216,統一,30,0,30,富邦-陽明,2023-02-03,9604
2603,長榮,54,25,29,富邦-陽明,2023-02-03,9604
5608,四維航,40,13,27,富邦-陽明,2023-02-03,9604
4979,華星光,34,8,26,富邦-陽明,2023-02-03,9604
5258,虹堡,55,29,26,富邦-陽明,2023-02-03,9604
00637L,元大滬深300正2,231,206,25,富邦-陽明,2023-02-03,9604
00712,復華富時不動產,25,0,25,富邦-陽明,2023-02-03,9604
3707,漢磊,56,31,25,富邦-陽明,2023-02-03,9604
00878,國泰永續高股息,497,32,465,富邦-陽明,2023-02-06,9604
00715L,期街口布蘭特正2,317,85,232,富邦-陽明,2023-02-06,9604
2882,國泰金,259,35,224,富邦-陽明,2023-02-06,9604
2609,陽明,212,22,190,富邦-陽明,2023-02-06,9604
00882,中信中國高股息,152,12,140,富邦-陽明,2023-02-06,9604
00720B,元大投資級公司債,127,13,114,富邦-陽明,2023-02-06,9604
00664R,國泰臺灣加權反1,107,4,103,富邦-陽明,2023-02-06,9604
00665L,富邦�琤肭磪囓�2,135,33,102,富邦-陽明,2023-02-06,9604
00680L,元大美債20正2,122,22,100,富邦-陽明,2023-02-06,9604
1336,台翰,101,2,99,富邦-陽明,2023-02-06,9604
00900,富邦特選高股息30,183,90,93,富邦-陽明,2023-02-06,9604
2603,長榮,96,14,82,富邦-陽明,2023-02-06,9604
0056,元大高股息,118,38,80,富邦-陽明,2023-02-06,9604
3037,欣興,106,33,73,富邦-陽明,2023-02-06,9604
2884,玉山金,64,1,63,富邦-陽明,2023-02-06,9604
00650L,復華香港正2,83,20,63,富邦-陽明,2023-02-06,9604
00679B,元大美債20年,83,20,63,富邦-陽明,2023-02-06,9604
2888,新光金,68,8,60,富邦-陽明,2023-02-06,9604
2330,台積電,63,5,58,富邦-陽明,2023-02-06,9604
00885,富邦越南,69,14,55,富邦-陽明,2023-02-06,9604
1905,華紙,60,10,50,富邦-陽明,2023-02-06,9604
2101,南港,50,0,50,富邦-陽明,2023-02-06,9604
00632R,元大台灣50反1,106,56,50,富邦-陽明,2023-02-06,9604
3163,波若威,81,32,49,富邦-陽明,2023-02-06,9604
2880,華南金,49,3,46,富邦-陽明,2023-02-06,9604
2481,強茂,86,45,41,富邦-陽明,2023-02-06,9604
0050,元大台灣50,48,8,40,富邦-陽明,2023-02-06,9604
2368,金像電,47,7,40,富邦-陽明,2023-02-06,9604
2002,中鋼,46,7,39,富邦-陽明,2023-02-06,9604
6770,力積電,50,12,38,富邦-陽明,2023-02-06,9604
2885,元大金,52,14,38,富邦-陽明,2023-02-06,9604
6197,佳必琪,37,0,37,富邦-陽明,2023-02-06,9604
2890,永豐金,41,4,37,富邦-陽明,2023-02-06,9604
00671R,富邦NASDAQ反1,35,0,35,富邦-陽明,2023-02-06,9604
00706L,期元大S＆P日圓正2,40,5,35,富邦-陽明,2023-02-06,9604
6104,創惟,90,57,33,富邦-陽明,2023-02-06,9604
8938,明安,37,4,33,富邦-陽明,2023-02-06,9604
2891,中信金,41,9,32,富邦-陽明,2023-02-06,9604
2736,富野,32,0,32,富邦-陽明,2023-02-06,9604
2881,富邦金,37,5,32,富邦-陽明,2023-02-06,9604
00642U,期元大S＆P石油,31,0,31,富邦-陽明,2023-02-06,9604
2014,中鴻,31,1,30,富邦-陽明,2023-02-06,9604
5880,合庫金,29,0,29,富邦-陽明,2023-02-06,9604
1417,嘉裕,32,3,29,富邦-陽明,2023-02-06,9604
5425,台半,43,14,29,富邦-陽明,2023-02-06,9604
00713,元大台灣高息低波,39,12,27,富邦-陽明,2023-02-06,9604
1720,生達,35,8,27,富邦-陽明,2023-02-06,9604
2897,王道銀行,25,0,25,富邦-陽明,2023-02-06,9604
6205,詮欣,56,31,25,富邦-陽明,2023-02-06,9604
2109,華豐,25,0,25,富邦-陽明,2023-02-06,9604
6176,瑞儀,437,8,429,富邦-陽明,2023-02-07,9604
2834,臺企銀,544,115,429,富邦-陽明,2023-02-07,9604
00878,國泰永續高股息,301,18,283,富邦-陽明,2023-02-07,9604
00772B,中信高評級公司債,131,1,130,富邦-陽明,2023-02-07,9604
2498,宏達電,211,102,109,富邦-陽明,2023-02-07,9604
2618,長榮航,83,8,75,富邦-陽明,2023-02-07,9604
00679B,元大美債20年,74,0,74,富邦-陽明,2023-02-07,9604
9105,泰金寶-DR,74,7,67,富邦-陽明,2023-02-07,9604
2317,鴻海,73,8,65,富邦-陽明,2023-02-07,9604
00632R,元大台灣50反1,74,10,64,富邦-陽明,2023-02-07,9604
1605,華新,138,84,54,富邦-陽明,2023-02-07,9604
2323,中環,53,0,53,富邦-陽明,2023-02-07,9604
00664R,國泰臺灣加權反1,50,0,50,富邦-陽明,2023-02-07,9604
3702,大聯大,52,2,50,富邦-陽明,2023-02-07,9604
00900,富邦特選高股息30,102,53,49,富邦-陽明,2023-02-07,9604
6603,富強鑫,49,2,47,富邦-陽明,2023-02-07,9604
00720B,元大投資級公司債,46,0,46,富邦-陽明,2023-02-07,9604
00680L,元大美債20正2,44,0,44,富邦-陽明,2023-02-07,9604
1752,南光,81,39,42,富邦-陽明,2023-02-07,9604
5426,振發,40,0,40,富邦-陽明,2023-02-07,9604
00641R,富邦日本反1,40,0,40,富邦-陽明,2023-02-07,9604
00671R,富邦NASDAQ反1,40,0,40,富邦-陽明,2023-02-07,9604
2368,金像電,39,0,39,富邦-陽明,2023-02-07,9604
2344,華邦電,45,9,36,富邦-陽明,2023-02-07,9604
1701,中化,35,0,35,富邦-陽明,2023-02-07,9604
2884,玉山金,37,2,35,富邦-陽明,2023-02-07,9604
9902,台火,34,0,34,富邦-陽明,2023-02-07,9604
1504,東元,30,0,30,富邦-陽明,2023-02-07,9604
00706L,期元大S＆P日圓正2,29,0,29,富邦-陽明,2023-02-07,9604
00751B,元大AAA至A公司債,29,0,29,富邦-陽明,2023-02-07,9604
00631L,元大台灣50正2,28,0,28,富邦-陽明,2023-02-07,9604
6470,宇智,32,4,28,富邦-陽明,2023-02-07,9604
00780B,國泰A級金融債,28,0,28,富邦-陽明,2023-02-07,9604
2891,中信金,34,8,26,富邦-陽明,2023-02-07,9604
6202,盛群,31,7,24,富邦-陽明,2023-02-07,9604
5258,虹堡,66,43,23,富邦-陽明,2023-02-07,9604
00642U,期元大S＆P石油,24,1,23,富邦-陽明,2023-02-07,9604
1795,美時,100,77,23,富邦-陽明,2023-02-07,9604
2610,華航,35,13,22,富邦-陽明,2023-02-07,9604
2890,永豐金,22,0,22,富邦-陽明,2023-02-07,9604
4128,中天,26,4,22,富邦-陽明,2023-02-07,9604
1506,正道,22,0,22,富邦-陽明,2023-02-07,9604
3046,建��,42,20,22,富邦-陽明,2023-02-07,9604
4931,新盛力,28,7,21,富邦-陽明,2023-02-07,9604
3447,展達,21,0,21,富邦-陽明,2023-02-07,9604
3536,誠創,20,0,20,富邦-陽明,2023-02-07,9604
5234,達興材料,20,0,20,富邦-陽明,2023-02-07,9604
6138,茂達,31,11,20,富邦-陽明,2023-02-07,9604
1519,華城,36,16,20,富邦-陽明,2023-02-07,9604
3548,兆利,21,1,20,富邦-陽明,2023-02-07,9604
00632R,元大台灣50反1,554,40,514,富邦-陽明,2023-02-08,9604
00673R,期元大S＆P原油反1,476,22,454,富邦-陽明,2023-02-08,9604
00878,國泰永續高股息,242,68,174,富邦-陽明,2023-02-08,9604
00882,中信中國高股息,154,1,153,富邦-陽明,2023-02-08,9604
2884,玉山金,127,7,120,富邦-陽明,2023-02-08,9604
00885,富邦越南,123,4,119,富邦-陽明,2023-02-08,9604
00676R,富邦臺灣加權反1,100,0,100,富邦-陽明,2023-02-08,9604
2609,陽明,118,30,88,富邦-陽明,2023-02-08,9604
2481,強茂,83,2,81,富邦-陽明,2023-02-08,9604
4157,太景*-KY,70,0,70,富邦-陽明,2023-02-08,9604
1417,嘉裕,68,3,65,富邦-陽明,2023-02-08,9604
00671R,富邦NASDAQ反1,62,0,62,富邦-陽明,2023-02-08,9604
3702,大聯大,55,0,55,富邦-陽明,2023-02-08,9604
1104,環泥,50,1,49,富邦-陽明,2023-02-08,9604
1605,華新,96,49,47,富邦-陽明,2023-02-08,9604
2014,中鴻,87,43,44,富邦-陽明,2023-02-08,9604
00900,富邦特選高股息30,72,30,42,富邦-陽明,2023-02-08,9604
00720B,元大投資級公司債,42,0,42,富邦-陽明,2023-02-08,9604
2706,第一店,41,0,41,富邦-陽明,2023-02-08,9604
4114,健喬,105,67,38,富邦-陽明,2023-02-08,9604
00680L,元大美債20正2,37,0,37,富邦-陽明,2023-02-08,9604
00903,富邦元宇宙,42,5,37,富邦-陽明,2023-02-08,9604
00772B,中信高評級公司債,35,0,35,富邦-陽明,2023-02-08,9604
8105,凌巨,37,2,35,富邦-陽明,2023-02-08,9604
3711,日月光投控,58,24,34,富邦-陽明,2023-02-08,9604
2401,凌陽,41,9,32,富邦-陽明,2023-02-08,9604
00679B,元大美債20年,51,20,31,富邦-陽明,2023-02-08,9604
00637L,元大滬深300正2,104,74,30,富邦-陽明,2023-02-08,9604
00907,永豐優息存股,30,0,30,富邦-陽明,2023-02-08,9604
5426,振發,30,0,30,富邦-陽明,2023-02-08,9604
3105,穩懋,29,0,29,富邦-陽明,2023-02-08,9604
2890,永豐金,27,0,27,富邦-陽明,2023-02-08,9604
6625,必應,33,6,27,富邦-陽明,2023-02-08,9604
00780B,國泰A級金融債,27,0,27,富邦-陽明,2023-02-08,9604
6182,合晶,80,53,27,富邦-陽明,2023-02-08,9604
2880,華南金,29,3,26,富邦-陽明,2023-02-08,9604
2881,富邦金,29,4,25,富邦-陽明,2023-02-08,9604
4979,華星光,99,74,25,富邦-陽明,2023-02-08,9604
3594,磐儀,26,1,25,富邦-陽明,2023-02-08,9604
2317,鴻海,36,12,24,富邦-陽明,2023-02-08,9604
2419,仲琦,28,5,23,富邦-陽明,2023-02-08,9604
00753L,中信中國50正2,23,0,23,富邦-陽明,2023-02-08,9604
6165,浪凡,23,0,23,富邦-陽明,2023-02-08,9604
2889,國票金,24,1,23,富邦-陽明,2023-02-08,9604
2812,台中銀,22,0,22,富邦-陽明,2023-02-08,9604
3708,上緯投控,21,0,21,富邦-陽明,2023-02-08,9604
2368,金像電,22,2,20,富邦-陽明,2023-02-08,9604
6217,中探針,28,8,20,富邦-陽明,2023-02-08,9604
3264,欣銓,23,3,20,富邦-陽明,2023-02-08,9604
2201,裕隆,44,24,20,富邦-陽明,2023-02-08,9604
2884,玉山金,931,11,920,富邦-陽明,2023-02-09,9604
6176,瑞儀,346,0,346,富邦-陽明,2023-02-09,9604
2618,長榮航,245,10,235,富邦-陽明,2023-02-09,9604
00878,國泰永續高股息,254,25,229,富邦-陽明,2023-02-09,9604
4157,太景*-KY,193,2,191,富邦-陽明,2023-02-09,9604
00632R,元大台灣50反1,124,0,124,富邦-陽明,2023-02-09,9604
00673R,期元大S＆P原油反1,138,18,120,富邦-陽明,2023-02-09,9604
00679B,元大美債20年,105,0,105,富邦-陽明,2023-02-09,9604
00680L,元大美債20正2,76,0,76,富邦-陽明,2023-02-09,9604
3481,群創,104,28,76,富邦-陽明,2023-02-09,9604
1701,中化,106,33,73,富邦-陽明,2023-02-09,9604
1402,遠東新,71,0,71,富邦-陽明,2023-02-09,9604
3710,連展投控,98,29,69,富邦-陽明,2023-02-09,9604
00916,國泰全球品牌50,61,0,61,富邦-陽明,2023-02-09,9604
3035,智原,94,38,56,富邦-陽明,2023-02-09,9604
2498,宏達電,127,74,53,富邦-陽明,2023-02-09,9604
2845,遠東銀,58,8,50,富邦-陽明,2023-02-09,9604
4128,中天,69,20,49,富邦-陽明,2023-02-09,9604
6441,廣錠,55,6,49,富邦-陽明,2023-02-09,9604
2344,華邦電,153,109,44,富邦-陽明,2023-02-09,9604
6589,台康生技,66,22,44,富邦-陽明,2023-02-09,9604
2634,漢翔,78,35,43,富邦-陽明,2023-02-09,9604
4130,健亞,60,19,41,富邦-陽明,2023-02-09,9604
6552,易華電,46,5,41,富邦-陽明,2023-02-09,9604
9902,台火,40,0,40,富邦-陽明,2023-02-09,9604
00885,富邦越南,39,0,39,富邦-陽明,2023-02-09,9604
00720B,元大投資級公司債,38,0,38,富邦-陽明,2023-02-09,9604
2887,台新金,39,1,38,富邦-陽明,2023-02-09,9604
4968,立積,51,16,35,富邦-陽明,2023-02-09,9604
9105,泰金寶-DR,35,0,35,富邦-陽明,2023-02-09,9604
2883,凱基金,41,7,34,富邦-陽明,2023-02-09,9604
2482,連宇,39,7,32,富邦-陽明,2023-02-09,9604
1460,宏遠,30,0,30,富邦-陽明,2023-02-09,9604
6770,力積電,32,3,29,富邦-陽明,2023-02-09,9604
3305,昇貿,30,1,29,富邦-陽明,2023-02-09,9604
3703,欣陸,35,7,28,富邦-陽明,2023-02-09,9604
3454,晶睿,63,36,27,富邦-陽明,2023-02-09,9604
8358,金居,37,10,27,富邦-陽明,2023-02-09,9604
00898,國泰基因免疫革命,25,0,25,富邦-陽明,2023-02-09,9604
2399,映泰,25,0,25,富邦-陽明,2023-02-09,9604
2609,陽明,33,8,25,富邦-陽明,2023-02-09,9604
6509,聚和,33,9,24,富邦-陽明,2023-02-09,9604
1305,華夏,25,1,24,富邦-陽明,2023-02-09,9604
6550,北極星藥業-KY,27,4,23,富邦-陽明,2023-02-09,9604
9802,鈺齊-KY,21,0,21,富邦-陽明,2023-02-09,9604
2834,臺企銀,25,4,21,富邦-陽明,2023-02-09,9604
3034,聯詠,23,2,21,富邦-陽明,2023-02-09,9604
2368,金像電,27,7,20,富邦-陽明,2023-02-09,9604
6129,普誠,41,21,20,富邦-陽明,2023-02-09,9604
00676R,富邦臺灣加權反1,20,0,20,富邦-陽明,2023-02-09,9604
2834,臺企銀,536,34,502,富邦-陽明,2023-02-10,9604
00878,國泰永續高股息,488,112,376,富邦-陽明,2023-02-10,9604
00882,中信中國高股息,244,10,234,富邦-陽明,2023-02-10,9604
00900,富邦特選高股息30,213,10,203,富邦-陽明,2023-02-10,9604
2884,玉山金,130,3,127,富邦-陽明,2023-02-10,9604
2618,長榮航,123,14,109,富邦-陽明,2023-02-10,9604
1605,華新,356,249,107,富邦-陽明,2023-02-10,9604
5371,中光電,110,11,99,富邦-陽明,2023-02-10,9604
2610,華航,135,37,98,富邦-陽明,2023-02-10,9604
00650L,復華香港正2,90,0,90,富邦-陽明,2023-02-10,9604
2344,華邦電,95,10,85,富邦-陽明,2023-02-10,9604
2886,兆豐金,106,21,85,富邦-陽明,2023-02-10,9604
2498,宏達電,190,113,77,富邦-陽明,2023-02-10,9604
00665L,富邦�琤肭磪囓�2,92,18,74,富邦-陽明,2023-02-10,9604
3037,欣興,67,4,63,富邦-陽明,2023-02-10,9604
2367,燿華,65,3,62,富邦-陽明,2023-02-10,9604
4155,訊映,64,3,61,富邦-陽明,2023-02-10,9604
3013,晟銘電,70,10,60,富邦-陽明,2023-02-10,9604
2883B,凱基金乙特,61,2,59,富邦-陽明,2023-02-10,9604
2495,普安,57,0,57,富邦-陽明,2023-02-10,9604
9938,百和,79,26,53,富邦-陽明,2023-02-10,9604
1783,和康生,57,5,52,富邦-陽明,2023-02-10,9604
1104,環泥,50,0,50,富邦-陽明,2023-02-10,9604
1305,華夏,50,0,50,富邦-陽明,2023-02-10,9604
2453,凌群,73,26,47,富邦-陽明,2023-02-10,9604
00680L,元大美債20正2,41,0,41,富邦-陽明,2023-02-10,9604
5009,榮剛,97,56,41,富邦-陽明,2023-02-10,9604
2609,陽明,56,18,38,富邦-陽明,2023-02-10,9604
3027,盛達,60,22,38,富邦-陽明,2023-02-10,9604
4555,氣立,38,0,38,富邦-陽明,2023-02-10,9604
0056,元大高股息,71,33,38,富邦-陽明,2023-02-10,9604
2603,長榮,62,25,37,富邦-陽明,2023-02-10,9604
00720B,元大投資級公司債,35,0,35,富邦-陽明,2023-02-10,9604
6116,彩晶,37,3,34,富邦-陽明,2023-02-10,9604
4915,致伸,43,9,34,富邦-陽明,2023-02-10,9604
3231,緯創,43,10,33,富邦-陽明,2023-02-10,9604
2368,金像電,40,8,32,富邦-陽明,2023-02-10,9604
1752,南光,39,7,32,富邦-陽明,2023-02-10,9604
2409,友達,34,2,32,富邦-陽明,2023-02-10,9604
00633L,富邦上証正2,40,9,31,富邦-陽明,2023-02-10,9604
3702,大聯大,31,0,31,富邦-陽明,2023-02-10,9604
9902,台火,30,0,30,富邦-陽明,2023-02-10,9604
1810,和成,98,69,29,富邦-陽明,2023-02-10,9604
1514,亞力,28,0,28,富邦-陽明,2023-02-10,9604
2468,華經,91,64,27,富邦-陽明,2023-02-10,9604
2891,中信金,31,6,25,富邦-陽明,2023-02-10,9604
2706,第一店,26,1,25,富邦-陽明,2023-02-10,9604
00712,復華富時不動產,26,1,25,富邦-陽明,2023-02-10,9604
6182,合晶,36,12,24,富邦-陽明,2023-02-10,9604
00637L,元大滬深300正2,110,86,24,富邦-陽明,2023-02-10,9604
2834,臺企銀,558,143,415,富邦-陽明,2023-02-13,9604
00878,國泰永續高股息,432,32,400,富邦-陽明,2023-02-13,9604
00632R,元大台灣50反1,245,10,235,富邦-陽明,2023-02-13,9604
00673R,期元大S＆P原油反1,173,3,170,富邦-陽明,2023-02-13,9604
00679B,元大美債20年,116,1,115,富邦-陽明,2023-02-13,9604
2882,國泰金,112,21,91,富邦-陽明,2023-02-13,9604
2884,玉山金,134,43,91,富邦-陽明,2023-02-13,9604
00882,中信中國高股息,89,0,89,富邦-陽明,2023-02-13,9604
6109,亞元,88,0,88,富邦-陽明,2023-02-13,9604
00720B,元大投資級公司債,67,0,67,富邦-陽明,2023-02-13,9604
2303,聯電,126,65,61,富邦-陽明,2023-02-13,9604
00772B,中信高評級公司債,60,1,59,富邦-陽明,2023-02-13,9604
00680L,元大美債20正2,59,0,59,富邦-陽明,2023-02-13,9604
2323,中環,51,1,50,富邦-陽明,2023-02-13,9604
4155,訊映,50,0,50,富邦-陽明,2023-02-13,9604
1809,中釉,53,4,49,富邦-陽明,2023-02-13,9604
2609,陽明,84,41,43,富邦-陽明,2023-02-13,9604
2618,長榮航,47,7,40,富邦-陽明,2023-02-13,9604
6806,森崴能源,79,41,38,富邦-陽明,2023-02-13,9604
3447,展達,37,0,37,富邦-陽明,2023-02-13,9604
2603,長榮,57,21,36,富邦-陽明,2023-02-13,9604
4931,新盛力,49,13,36,富邦-陽明,2023-02-13,9604
00706L,期元大S＆P日圓正2,41,5,36,富邦-陽明,2023-02-13,9604
6285,啟��,42,7,35,富邦-陽明,2023-02-13,9604
2888,新光金,36,2,34,富邦-陽明,2023-02-13,9604
0056,元大高股息,105,74,31,富邦-陽明,2023-02-13,9604
00903,富邦元宇宙,30,0,30,富邦-陽明,2023-02-13,9604
1810,和成,38,8,30,富邦-陽明,2023-02-13,9604
2399,映泰,55,26,29,富邦-陽明,2023-02-13,9604
2887,台新金,28,0,28,富邦-陽明,2023-02-13,9604
00670L,富邦NASDAQ正2,27,0,27,富邦-陽明,2023-02-13,9604
3037,欣興,28,2,26,富邦-陽明,2023-02-13,9604
5009,榮剛,66,41,25,富邦-陽明,2023-02-13,9604
00893,國泰智能電動車,56,32,24,富邦-陽明,2023-02-13,9604
2317,鴻海,40,15,25,富邦-陽明,2023-02-13,9604
2201,裕隆,82,58,24,富邦-陽明,2023-02-13,9604
3207,耀勝,42,18,24,富邦-陽明,2023-02-13,9604
00751B,元大AAA至A公司債,24,0,24,富邦-陽明,2023-02-13,9604
1447,力鵬,72,50,22,富邦-陽明,2023-02-13,9604
1417,嘉裕,34,12,22,富邦-陽明,2023-02-13,9604
1210,大成,24,2,22,富邦-陽明,2023-02-13,9604
6116,彩晶,25,4,21,富邦-陽明,2023-02-13,9604
9945,潤泰新,22,1,21,富邦-陽明,2023-02-13,9604
5222,全訊,46,25,21,富邦-陽明,2023-02-13,9604
2809,京城銀,21,0,21,富邦-陽明,2023-02-13,9604
1708,東鹼,21,1,20,富邦-陽明,2023-02-13,9604
2536,宏普,20,0,20,富邦-陽明,2023-02-13,9604
1402,遠東新,20,0,20,富邦-陽明,2023-02-13,9604
5701,劍湖山,20,0,20,富邦-陽明,2023-02-13,9604
2405,輔信,20,0,20,富邦-陽明,2023-02-13,9604
3013,晟銘電,581,5,576,富邦-陽明,2023-02-14,9604
00878,國泰永續高股息,432,90,342,富邦-陽明,2023-02-14,9604
00632R,元大台灣50反1,170,0,170,富邦-陽明,2023-02-14,9604
00676R,富邦臺灣加權反1,124,1,123,富邦-陽明,2023-02-14,9604
3048,益登,100,0,100,富邦-陽明,2023-02-14,9604
6148,驊宏資,100,0,100,富邦-陽明,2023-02-14,9604
1519,華城,100,1,99,富邦-陽明,2023-02-14,9604
00679B,元大美債20年,113,17,96,富邦-陽明,2023-02-14,9604
00673R,期元大S＆P原油反1,79,0,79,富邦-陽明,2023-02-14,9604
2101,南港,68,3,65,富邦-陽明,2023-02-14,9604
00671R,富邦NASDAQ反1,65,0,65,富邦-陽明,2023-02-14,9604
00772B,中信高評級公司債,64,2,62,富邦-陽明,2023-02-14,9604
2884,玉山金,95,41,54,富邦-陽明,2023-02-14,9604
4938,和碩,57,5,52,富邦-陽明,2023-02-14,9604
3305,昇貿,70,22,48,富邦-陽明,2023-02-14,9604
2453,凌群,124,77,47,富邦-陽明,2023-02-14,9604
00637L,元大滬深300正2,257,212,45,富邦-陽明,2023-02-14,9604
1402,遠東新,42,0,42,富邦-陽明,2023-02-14,9604
2834,臺企銀,83,43,40,富邦-陽明,2023-02-14,9604
6282,康舒,45,10,35,富邦-陽明,2023-02-14,9604
5425,台半,56,22,34,富邦-陽明,2023-02-14,9604
00773B,中信優先金融債,34,1,33,富邦-陽明,2023-02-14,9604
6288,聯嘉,42,10,32,富邦-陽明,2023-02-14,9604
00669R,國泰美國道瓊反1,30,0,30,富邦-陽明,2023-02-14,9604
1810,和成,34,4,30,富邦-陽明,2023-02-14,9604
6411,晶焱,32,2,30,富邦-陽明,2023-02-14,9604
1503,士電,29,0,29,富邦-陽明,2023-02-14,9604
6213,聯茂,30,2,28,富邦-陽明,2023-02-14,9604
00753L,中信中國50正2,133,106,27,富邦-陽明,2023-02-14,9604
2890,永豐金,26,1,25,富邦-陽明,2023-02-14,9604
1336,台翰,27,2,25,富邦-陽明,2023-02-14,9604
3481,群創,72,50,22,富邦-陽明,2023-02-14,9604
00907,永豐優息存股,23,1,22,富邦-陽明,2023-02-14,9604
2009,第一銅,32,11,21,富邦-陽明,2023-02-14,9604
1718,中纖,21,0,21,富邦-陽明,2023-02-14,9604
3711,日月光投控,26,5,21,富邦-陽明,2023-02-14,9604
3661,世芯-KY,28,8,20,富邦-陽明,2023-02-14,9604
2883B,凱基金乙特,20,0,20,富邦-陽明,2023-02-14,9604
2748,雲品,33,13,20,富邦-陽明,2023-02-14,9604
00688L,國泰20年美債正2,20,0,20,富邦-陽明,2023-02-14,9604
2440,太空梭,20,0,20,富邦-陽明,2023-02-14,9604
1783,和康生,20,1,19,富邦-陽明,2023-02-14,9604
2606,裕民,20,1,19,富邦-陽明,2023-02-14,9604
5608,四維航,18,0,18,富邦-陽明,2023-02-14,9604
8107,大億金茂,18,0,18,富邦-陽明,2023-02-14,9604
5258,虹堡,28,11,17,富邦-陽明,2023-02-14,9604
2634,漢翔,28,11,17,富邦-陽明,2023-02-14,9604
8926,台汽電,20,3,17,富邦-陽明,2023-02-14,9604
6245,立端,20,4,16,富邦-陽明,2023-02-14,9604
2618,長榮航,60,44,16,富邦-陽明,2023-02-14,9604
00878,國泰永續高股息,750,65,685,富邦-陽明,2023-02-15,9604
2884,玉山金,710,65,645,富邦-陽明,2023-02-15,9604
00665L,富邦�琤肭磪囓�2,498,348,150,富邦-陽明,2023-02-15,9604
2481,強茂,123,4,119,富邦-陽明,2023-02-15,9604
00632R,元大台灣50反1,245,140,105,富邦-陽明,2023-02-15,9604
6148,驊宏資,103,2,101,富邦-陽明,2023-02-15,9604
0050,元大台灣50,96,3,93,富邦-陽明,2023-02-15,9604
1402,遠東新,94,6,88,富邦-陽明,2023-02-15,9604
2101,南港,82,0,82,富邦-陽明,2023-02-15,9604
1101,台泥,106,26,80,富邦-陽明,2023-02-15,9604
00650L,復華香港正2,106,30,76,富邦-陽明,2023-02-15,9604
00679B,元大美債20年,66,5,61,富邦-陽明,2023-02-15,9604
2883B,凱基金乙特,58,0,58,富邦-陽明,2023-02-15,9604
00671R,富邦NASDAQ反1,57,0,57,富邦-陽明,2023-02-15,9604
2891,中信金,64,8,56,富邦-陽明,2023-02-15,9604
00706L,期元大S＆P日圓正2,57,5,52,富邦-陽明,2023-02-15,9604
00888,永豐台灣ESG,48,0,48,富邦-陽明,2023-02-15,9604
00772B,中信高評級公司債,47,0,47,富邦-陽明,2023-02-15,9604
00900,富邦特選高股息30,48,3,45,富邦-陽明,2023-02-15,9604
6257,矽格,47,3,44,富邦-陽明,2023-02-15,9604
00895,富邦未來車,81,38,43,富邦-陽明,2023-02-15,9604
2330,台積電,159,116,43,富邦-陽明,2023-02-15,9604
00916,國泰全球品牌50,41,0,41,富邦-陽明,2023-02-15,9604
6235,華孚,90,49,41,富邦-陽明,2023-02-15,9604
2102,泰豐,40,0,40,富邦-陽明,2023-02-15,9604
3207,耀勝,52,19,33,富邦-陽明,2023-02-15,9604
6101,寬魚國際,36,4,32,富邦-陽明,2023-02-15,9604
00751B,元大AAA至A公司債,31,0,31,富邦-陽明,2023-02-15,9604
8046,南電,51,20,31,富邦-陽明,2023-02-15,9604
5347,世界,39,9,30,富邦-陽明,2023-02-15,9604
1802,台玻,31,1,30,富邦-陽明,2023-02-15,9604
4534,慶騰,64,34,30,富邦-陽明,2023-02-15,9604
00763U,期街口道瓊銅,30,0,30,富邦-陽明,2023-02-15,9604
1336,台翰,30,1,29,富邦-陽明,2023-02-15,9604
1305,華夏,28,0,28,富邦-陽明,2023-02-15,9604
2482,連宇,42,14,28,富邦-陽明,2023-02-15,9604
1752,南光,35,7,28,富邦-陽明,2023-02-15,9604
3708,上緯投控,28,1,27,富邦-陽明,2023-02-15,9604
9105,泰金寶-DR,25,0,25,富邦-陽明,2023-02-15,9604
00710B,復華彭博非投等債,25,0,25,富邦-陽明,2023-02-15,9604
00753L,中信中國50正2,65,41,24,富邦-陽明,2023-02-15,9604
5512,力麒,23,0,23,富邦-陽明,2023-02-15,9604
00725B,國泰投資級公司債,23,0,23,富邦-陽明,2023-02-15,9604
2890,永豐金,23,0,23,富邦-陽明,2023-02-15,9604
2834,臺企銀,23,0,23,富邦-陽明,2023-02-15,9604
2618,長榮航,48,26,22,富邦-陽明,2023-02-15,9604
00780B,國泰A級金融債,22,0,22,富邦-陽明,2023-02-15,9604
8087,麗升能源,22,0,22,富邦-陽明,2023-02-15,9604
00720B,元大投資級公司債,21,0,21,富邦-陽明,2023-02-15,9604
2520,冠德,20,0,20,富邦-陽明,2023-02-15,9604
00878,國泰永續高股息,1023,29,994,富邦-陽明,2023-02-16,9604
00632R,元大台灣50反1,243,34,209,富邦-陽明,2023-02-16,9604
00679B,元大美債20年,118,2,116,富邦-陽明,2023-02-16,9604
3231,緯創,105,5,100,富邦-陽明,2023-02-16,9604
2886,兆豐金,121,33,88,富邦-陽明,2023-02-16,9604
4728,雙美,88,0,88,富邦-陽明,2023-02-16,9604
00720B,元大投資級公司債,71,0,71,富邦-陽明,2023-02-16,9604
6269,台郡,68,6,62,富邦-陽明,2023-02-16,9604
00772B,中信高評級公司債,60,0,60,富邦-陽明,2023-02-16,9604
5880,合庫金,53,1,52,富邦-陽明,2023-02-16,9604
6187,萬潤,51,0,51,富邦-陽明,2023-02-16,9604
00697B,元大美債7-10,50,0,50,富邦-陽明,2023-02-16,9604
00673R,期元大S＆P原油反1,50,0,50,富邦-陽明,2023-02-16,9604
00671R,富邦NASDAQ反1,47,0,47,富邦-陽明,2023-02-16,9604
1609,大亞,87,41,46,富邦-陽明,2023-02-16,9604
2881,富邦金,42,0,42,富邦-陽明,2023-02-16,9604
00882,中信中國高股息,41,0,41,富邦-陽明,2023-02-16,9604
00706L,期元大S＆P日圓正2,41,0,41,富邦-陽明,2023-02-16,9604
00654R,富邦印度反1,35,0,35,富邦-陽明,2023-02-16,9604
2313,華通,48,13,35,富邦-陽明,2023-02-16,9604
3576,聯合再生,38,4,34,富邦-陽明,2023-02-16,9604
00664R,國泰臺灣加權反1,33,0,33,富邦-陽明,2023-02-16,9604
00712,復華富時不動產,32,0,32,富邦-陽明,2023-02-16,9604
2031,新光鋼,30,0,30,富邦-陽明,2023-02-16,9604
3058,立德,33,4,29,富邦-陽明,2023-02-16,9604
00900,富邦特選高股息30,29,0,29,富邦-陽明,2023-02-16,9604
6456,GIS-KY,30,2,28,富邦-陽明,2023-02-16,9604
00751B,元大AAA至A公司債,28,0,28,富邦-陽明,2023-02-16,9604
00795B,中信美國公債20年,24,0,24,富邦-陽明,2023-02-16,9604
9938,百和,23,0,23,富邦-陽明,2023-02-16,9604
2706,第一店,22,0,22,富邦-陽明,2023-02-16,9604
3545,敦泰,27,7,20,富邦-陽明,2023-02-16,9604
00904,新光臺灣半導體30,20,0,20,富邦-陽明,2023-02-16,9604
2101,南港,20,0,20,富邦-陽明,2023-02-16,9604
1618,合機,20,0,20,富邦-陽明,2023-02-16,9604
2534,宏盛,20,0,20,富邦-陽明,2023-02-16,9604
2022,聚亨,20,0,20,富邦-陽明,2023-02-16,9604
2501,國建,30,10,20,富邦-陽明,2023-02-16,9604
6712,長聖,26,6,20,富邦-陽明,2023-02-16,9604
4207,環泰,20,0,20,富邦-陽明,2023-02-16,9604
5353,台林,18,0,18,富邦-陽明,2023-02-16,9604
6205,詮欣,25,7,18,富邦-陽明,2023-02-16,9604
3264,欣銓,18,0,18,富邦-陽明,2023-02-16,9604
1513,中興電,130,112,18,富邦-陽明,2023-02-16,9604
3037,欣興,60,43,17,富邦-陽明,2023-02-16,9604
8222,寶一,22,5,17,富邦-陽明,2023-02-16,9604
3163,波若威,20,3,17,富邦-陽明,2023-02-16,9604
3653,健策,21,4,17,富邦-陽明,2023-02-16,9604
8938,明安,16,0,16,富邦-陽明,2023-02-16,9604
2743,山富,29,13,16,富邦-陽明,2023-02-16,9604
3013,晟銘電,273,18,255,富邦-陽明,2023-02-17,9604
00893,國泰智能電動車,170,4,166,富邦-陽明,2023-02-17,9604
3062,建漢,129,6,123,富邦-陽明,2023-02-17,9604
00680L,元大美債20正2,110,0,110,富邦-陽明,2023-02-17,9604
2618,長榮航,184,76,108,富邦-陽明,2023-02-17,9604
6176,瑞儀,106,2,104,富邦-陽明,2023-02-17,9604
2312,金寶,105,2,103,富邦-陽明,2023-02-17,9604
2615,萬海,104,3,101,富邦-陽明,2023-02-17,9604
00878,國泰永續高股息,236,137,99,富邦-陽明,2023-02-17,9604
0050,元大台灣50,94,1,93,富邦-陽明,2023-02-17,9604
2610,華航,300,210,90,富邦-陽明,2023-02-17,9604
8358,金居,106,19,87,富邦-陽明,2023-02-17,9604
4728,雙美,85,0,85,富邦-陽明,2023-02-17,9604
3264,欣銓,86,7,79,富邦-陽明,2023-02-17,9604
00679B,元大美債20年,120,41,79,富邦-陽明,2023-02-17,9604
8431,匯鑽科,73,0,73,富邦-陽明,2023-02-17,9604
00632R,元大台灣50反1,120,53,67,富邦-陽明,2023-02-17,9604
2834,臺企銀,120,55,65,富邦-陽明,2023-02-17,9604
00751B,元大AAA至A公司債,64,0,64,富邦-陽明,2023-02-17,9604
2314,台揚,59,1,58,富邦-陽明,2023-02-17,9604
00637L,元大滬深300正2,125,72,53,富邦-陽明,2023-02-17,9604
6026,福邦證,50,0,50,富邦-陽明,2023-02-17,9604
8222,寶一,66,19,47,富邦-陽明,2023-02-17,9604
6443,元晶,74,28,46,富邦-陽明,2023-02-17,9604
00903,富邦元宇宙,50,5,45,富邦-陽明,2023-02-17,9604
00720B,元大投資級公司債,44,0,44,富邦-陽明,2023-02-17,9604
2482,連宇,65,23,42,富邦-陽明,2023-02-17,9604
6116,彩晶,64,27,37,富邦-陽明,2023-02-17,9604
2329,華泰,44,8,36,富邦-陽明,2023-02-17,9604
2701,萬企,35,0,35,富邦-陽明,2023-02-17,9604
3037,欣興,51,18,33,富邦-陽明,2023-02-17,9604
2344,華邦電,77,44,33,富邦-陽明,2023-02-17,9604
2330,台積電,90,57,33,富邦-陽明,2023-02-17,9604
00882,中信中國高股息,34,2,32,富邦-陽明,2023-02-17,9604
6271,同欣電,32,0,32,富邦-陽明,2023-02-17,9604
1802,台玻,32,0,32,富邦-陽明,2023-02-17,9604
2449,京元電子,38,7,31,富邦-陽明,2023-02-17,9604
4919,新唐,34,3,31,富邦-陽明,2023-02-17,9604
00650L,復華香港正2,41,10,31,富邦-陽明,2023-02-17,9604
2845,遠東銀,31,0,31,富邦-陽明,2023-02-17,9604
00725B,國泰投資級公司債,29,0,29,富邦-陽明,2023-02-17,9604
8046,南電,37,8,29,富邦-陽明,2023-02-17,9604
1402,遠東新,29,1,28,富邦-陽明,2023-02-17,9604
00772B,中信高評級公司債,68,40,28,富邦-陽明,2023-02-17,9604
00706L,期元大S＆P日圓正2,27,0,27,富邦-陽明,2023-02-17,9604
2367,燿華,50,23,27,富邦-陽明,2023-02-17,9604
00891,中信關鍵半導體,26,0,26,富邦-陽明,2023-02-17,9604
00670L,富邦NASDAQ正2,28,2,26,富邦-陽明,2023-02-17,9604
8421,旭源,25,0,25,富邦-陽明,2023-02-17,9604
00897,富邦基因免疫生技,25,0,25,富邦-陽明,2023-02-17,9604
2610,華航,927,202,725,富邦-陽明,2023-02-20,9604
2880,華南金,281,5,276,富邦-陽明,2023-02-20,9604
00878,國泰永續高股息,238,91,147,富邦-陽明,2023-02-20,9604
2905,三商,145,0,145,富邦-陽明,2023-02-20,9604
6443,元晶,124,17,107,富邦-陽明,2023-02-20,9604
00632R,元大台灣50反1,216,110,106,富邦-陽明,2023-02-20,9604
2834,臺企銀,177,76,101,富邦-陽明,2023-02-20,9604
9105,泰金寶-DR,101,1,100,富邦-陽明,2023-02-20,9604
5353,台林,106,14,92,富邦-陽明,2023-02-20,9604
1605,華新,153,67,86,富邦-陽明,2023-02-20,9604
00715L,期街口布蘭特正2,87,2,85,富邦-陽明,2023-02-20,9604
8358,金居,112,32,80,富邦-陽明,2023-02-20,9604
6245,立端,133,57,76,富邦-陽明,2023-02-20,9604
4164,承業醫,88,16,72,富邦-陽明,2023-02-20,9604
00713,元大台灣高息低波,75,7,68,富邦-陽明,2023-02-20,9604
00679B,元大美債20年,82,21,61,富邦-陽明,2023-02-20,9604
6104,創惟,103,46,57,富邦-陽明,2023-02-20,9604
1528,恩德,53,0,53,富邦-陽明,2023-02-20,9604
2457,飛宏,148,98,50,富邦-陽明,2023-02-20,9604
2453,凌群,45,2,43,富邦-陽明,2023-02-20,9604
5608,四維航,42,1,41,富邦-陽明,2023-02-20,9604
00772B,中信高評級公司債,41,2,39,富邦-陽明,2023-02-20,9604
1504,東元,49,12,37,富邦-陽明,2023-02-20,9604
3046,建��,44,8,36,富邦-陽明,2023-02-20,9604
8940,新天地,37,1,36,富邦-陽明,2023-02-20,9604
1503,士電,51,16,35,富邦-陽明,2023-02-20,9604
3037,欣興,50,15,35,富邦-陽明,2023-02-20,9604
2607,榮運,34,0,34,富邦-陽明,2023-02-20,9604
4162,智擎,45,12,33,富邦-陽明,2023-02-20,9604
00720B,元大投資級公司債,34,1,33,富邦-陽明,2023-02-20,9604
4526,東台,39,8,31,富邦-陽明,2023-02-20,9604
00633L,富邦上証正2,53,22,31,富邦-陽明,2023-02-20,9604
00753L,中信中國50正2,46,16,30,富邦-陽明,2023-02-20,9604
3035,智原,50,22,28,富邦-陽明,2023-02-20,9604
2010,春源,25,0,25,富邦-陽明,2023-02-20,9604
1603,華電,25,0,25,富邦-陽明,2023-02-20,9604
2634,漢翔,37,12,25,富邦-陽明,2023-02-20,9604
6109,亞元,29,5,24,富邦-陽明,2023-02-20,9604
4402,郡都開發,24,0,24,富邦-陽明,2023-02-20,9604
6282,康舒,41,17,24,富邦-陽明,2023-02-20,9604
00902,中信電池及儲能,23,0,23,富邦-陽明,2023-02-20,9604
1718,中纖,25,2,23,富邦-陽明,2023-02-20,9604
5905,南仁湖,23,0,23,富邦-陽明,2023-02-20,9604
6556,勝品,24,1,23,富邦-陽明,2023-02-20,9604
1417,嘉裕,22,0,22,富邦-陽明,2023-02-20,9604
2482,連宇,51,30,21,富邦-陽明,2023-02-20,9604
00670L,富邦NASDAQ正2,21,0,21,富邦-陽明,2023-02-20,9604
3594,磐儀,42,21,21,富邦-陽明,2023-02-20,9604
1218,泰山,20,0,20,富邦-陽明,2023-02-20,9604
00680L,元大美債20正2,33,13,20,富邦-陽明,2023-02-20,9604
2884,玉山金,1042,460,582,富邦-陽明,2023-02-21,9604
6026,福邦證,315,0,315,富邦-陽明,2023-02-21,9604
3535,晶彩科,170,0,170,富邦-陽明,2023-02-21,9604
2634,漢翔,288,138,150,富邦-陽明,2023-02-21,9604
6288,聯嘉,163,35,128,富邦-陽明,2023-02-21,9604
00878,國泰永續高股息,146,37,109,富邦-陽明,2023-02-21,9604
2618,長榮航,130,33,97,富邦-陽明,2023-02-21,9604
2867,三商壽,77,0,77,富邦-陽明,2023-02-21,9604
00650L,復華香港正2,95,21,74,富邦-陽明,2023-02-21,9604
6285,啟��,76,3,73,富邦-陽明,2023-02-21,9604
00772B,中信高評級公司債,71,4,67,富邦-陽明,2023-02-21,9604
00725B,國泰投資級公司債,67,2,65,富邦-陽明,2023-02-21,9604
2344,華邦電,93,31,62,富邦-陽明,2023-02-21,9604
00751B,元大AAA至A公司債,60,1,59,富邦-陽明,2023-02-21,9604
00665L,富邦�琤肭磪囓�2,81,23,58,富邦-陽明,2023-02-21,9604
2547,日勝生,60,3,57,富邦-陽明,2023-02-21,9604
5536,聖暉*,55,1,54,富邦-陽明,2023-02-21,9604
4960,誠美材,51,0,51,富邦-陽明,2023-02-21,9604
00720B,元大投資級公司債,80,30,50,富邦-陽明,2023-02-21,9604
2406,國碩,50,0,50,富邦-陽明,2023-02-21,9604
1529,樂事綠能,77,28,49,富邦-陽明,2023-02-21,9604
6187,萬潤,44,1,43,富邦-陽明,2023-02-21,9604
6165,浪凡,42,3,39,富邦-陽明,2023-02-21,9604
8222,寶一,66,29,37,富邦-陽明,2023-02-21,9604
4931,新盛力,69,36,33,富邦-陽明,2023-02-21,9604
2419,仲琦,37,5,32,富邦-陽明,2023-02-21,9604
2906,高林,38,6,32,富邦-陽明,2023-02-21,9604
00679B,元大美債20年,48,16,32,富邦-陽明,2023-02-21,9604
5426,振發,31,0,31,富邦-陽明,2023-02-21,9604
2845,遠東銀,30,0,30,富邦-陽明,2023-02-21,9604
4961,天鈺,62,34,28,富邦-陽明,2023-02-21,9604
1810,和成,71,43,28,富邦-陽明,2023-02-21,9604
8105,凌巨,39,11,28,富邦-陽明,2023-02-21,9604
4121,優盛,27,0,27,富邦-陽明,2023-02-21,9604
00753L,中信中國50正2,34,7,27,富邦-陽明,2023-02-21,9604
6202,盛群,25,1,24,富邦-陽明,2023-02-21,9604
8215,明基材,27,4,23,富邦-陽明,2023-02-21,9604
00715L,期街口布蘭特正2,27,5,22,富邦-陽明,2023-02-21,9604
3224,三顧,29,7,22,富邦-陽明,2023-02-21,9604
2883,凱基金,29,8,21,富邦-陽明,2023-02-21,9604
00862B,中信投資級公司債,20,0,20,富邦-陽明,2023-02-21,9604
1402,遠東新,20,0,20,富邦-陽明,2023-02-21,9604
4979,華星光,50,30,20,富邦-陽明,2023-02-21,9604
00882,中信中國高股息,25,5,20,富邦-陽明,2023-02-21,9604
6770,力積電,21,1,20,富邦-陽明,2023-02-21,9604
3022,威強電,32,13,19,富邦-陽明,2023-02-21,9604
3006,晶豪科,35,16,19,富邦-陽明,2023-02-21,9604
6829,千附精密,21,2,19,富邦-陽明,2023-02-21,9604
2610,華航,145,126,19,富邦-陽明,2023-02-21,9604
6806,森崴能源,26,8,18,富邦-陽明,2023-02-21,9604
00878,國泰永續高股息,627,64,563,富邦-陽明,2023-02-22,9604
1514,亞力,577,112,465,富邦-陽明,2023-02-22,9604
5371,中光電,218,19,199,富邦-陽明,2023-02-22,9604
2618,長榮航,184,36,148,富邦-陽明,2023-02-22,9604
3693,營邦,150,9,141,富邦-陽明,2023-02-22,9604
00893,國泰智能電動車,143,3,140,富邦-陽明,2023-02-22,9604
3362,先進光,144,10,134,富邦-陽明,2023-02-22,9604
00895,富邦未來車,145,13,132,富邦-陽明,2023-02-22,9604
1444,力麗,91,0,91,富邦-陽明,2023-02-22,9604
3013,晟銘電,100,10,90,富邦-陽明,2023-02-22,9604
00772B,中信高評級公司債,83,0,83,富邦-陽明,2023-02-22,9604
00665L,富邦�琤肭磪囓�2,97,19,78,富邦-陽明,2023-02-22,9604
00773B,中信優先金融債,74,0,74,富邦-陽明,2023-02-22,9604
00720B,元大投資級公司債,66,0,66,富邦-陽明,2023-02-22,9604
2634,漢翔,79,15,64,富邦-陽明,2023-02-22,9604
5425,台半,70,12,58,富邦-陽明,2023-02-22,9604
00751B,元大AAA至A公司債,58,0,58,富邦-陽明,2023-02-22,9604
00916,國泰全球品牌50,58,0,58,富邦-陽明,2023-02-22,9604
2303,聯電,105,47,58,富邦-陽明,2023-02-22,9604
0050,元大台灣50,61,7,54,富邦-陽明,2023-02-22,9604
1504,東元,65,14,51,富邦-陽明,2023-02-22,9604
6026,福邦證,50,0,50,富邦-陽明,2023-02-22,9604
2388,威盛,95,46,49,富邦-陽明,2023-02-22,9604
2897,王道銀行,48,0,48,富邦-陽明,2023-02-22,9604
1783,和康生,53,6,47,富邦-陽明,2023-02-22,9604
00897,富邦基因免疫生技,60,14,46,富邦-陽明,2023-02-22,9604
00712,復華富時不動產,43,0,43,富邦-陽明,2023-02-22,9604
00679B,元大美債20年,56,14,42,富邦-陽明,2023-02-22,9604
4979,華星光,74,34,40,富邦-陽明,2023-02-22,9604
8069,元太,72,32,40,富邦-陽明,2023-02-22,9604
0056,元大高股息,80,41,39,富邦-陽明,2023-02-22,9604
8171,天宇,37,2,35,富邦-陽明,2023-02-22,9604
8033,雷虎,92,58,34,富邦-陽明,2023-02-22,9604
2201,裕隆,76,44,32,富邦-陽明,2023-02-22,9604
2610,華航,100,69,31,富邦-陽明,2023-02-22,9604
3710,連展投控,31,0,31,富邦-陽明,2023-02-22,9604
2706,第一店,52,21,31,富邦-陽明,2023-02-22,9604
00715L,期街口布蘭特正2,44,14,30,富邦-陽明,2023-02-22,9604
00706L,期元大S＆P日圓正2,30,0,30,富邦-陽明,2023-02-22,9604
00725B,國泰投資級公司債,29,0,29,富邦-陽明,2023-02-22,9604
1802,台玻,30,3,27,富邦-陽明,2023-02-22,9604
1108,幸福,31,5,26,富邦-陽明,2023-02-22,9604
4536,拓凱,73,47,26,富邦-陽明,2023-02-22,9604
2344,華邦電,131,105,26,富邦-陽明,2023-02-22,9604
2330,台積電,50,24,26,富邦-陽明,2023-02-22,9604
6235,華孚,156,131,25,富邦-陽明,2023-02-22,9604
00753L,中信中國50正2,28,3,25,富邦-陽明,2023-02-22,9604
1529,樂事綠能,36,11,25,富邦-陽明,2023-02-22,9604
3447,展達,24,0,24,富邦-陽明,2023-02-22,9604
3037,欣興,72,48,24,富邦-陽明,2023-02-22,9604
00715L,期街口布蘭特正2,249,2,247,富邦-陽明,2023-02-23,9604
00671R,富邦NASDAQ反1,231,55,176,富邦-陽明,2023-02-23,9604
5381,合正,111,2,109,富邦-陽明,2023-02-23,9604
00632R,元大台灣50反1,197,89,108,富邦-陽明,2023-02-23,9604
00664R,國泰臺灣加權反1,102,0,102,富邦-陽明,2023-02-23,9604
00676R,富邦臺灣加權反1,101,0,101,富邦-陽明,2023-02-23,9604
00720B,元大投資級公司債,85,0,85,富邦-陽明,2023-02-23,9604
2618,長榮航,125,47,78,富邦-陽明,2023-02-23,9604
00885,富邦越南,70,1,69,富邦-陽明,2023-02-23,9604
00772B,中信高評級公司債,67,0,67,富邦-陽明,2023-02-23,9604
2897,王道銀行,67,1,66,富邦-陽明,2023-02-23,9604
2883,凱基金,73,18,55,富邦-陽明,2023-02-23,9604
00650L,復華香港正2,143,88,55,富邦-陽明,2023-02-23,9604
3037,欣興,78,23,55,富邦-陽明,2023-02-23,9604
00665L,富邦�琤肭磪囓�2,131,77,54,富邦-陽明,2023-02-23,9604
1447,力鵬,54,0,54,富邦-陽明,2023-02-23,9604
5009,榮剛,92,38,54,富邦-陽明,2023-02-23,9604
2409,友達,58,5,53,富邦-陽明,2023-02-23,9604
3162,精確,63,10,53,富邦-陽明,2023-02-23,9604
2390,云辰,52,0,52,富邦-陽明,2023-02-23,9604
8033,雷虎,109,57,52,富邦-陽明,2023-02-23,9604
1605,華新,79,28,51,富邦-陽明,2023-02-23,9604
6546,正基,51,0,51,富邦-陽明,2023-02-23,9604
6160,欣技,53,3,50,富邦-陽明,2023-02-23,9604
2610,華航,92,44,48,富邦-陽明,2023-02-23,9604
5475,德宏,50,2,48,富邦-陽明,2023-02-23,9604
00751B,元大AAA至A公司債,47,0,47,富邦-陽明,2023-02-23,9604
2884,玉山金,112,66,46,富邦-陽明,2023-02-23,9604
2812,台中銀,47,2,45,富邦-陽明,2023-02-23,9604
00712,復華富時不動產,43,0,43,富邦-陽明,2023-02-23,9604
1336,台翰,42,0,42,富邦-陽明,2023-02-23,9604
8940,新天地,49,8,41,富邦-陽明,2023-02-23,9604
00773B,中信優先金融債,41,0,41,富邦-陽明,2023-02-23,9604
00642U,期元大S＆P石油,40,0,40,富邦-陽明,2023-02-23,9604
1309,台達化,36,2,34,富邦-陽明,2023-02-23,9604
8034,榮群,30,0,30,富邦-陽明,2023-02-23,9604
6153,嘉聯益,30,1,29,富邦-陽明,2023-02-23,9604
3029,零壹,33,5,28,富邦-陽明,2023-02-23,9604
2002,中鋼,30,3,27,富邦-陽明,2023-02-23,9604
8358,金居,49,22,27,富邦-陽明,2023-02-23,9604
2882,國泰金,31,4,27,富邦-陽明,2023-02-23,9604
6235,華孚,49,23,26,富邦-陽明,2023-02-23,9604
1722,台肥,26,1,25,富邦-陽明,2023-02-23,9604
3024,憶聲,24,0,24,富邦-陽明,2023-02-23,9604
3322,建舜電,23,0,23,富邦-陽明,2023-02-23,9604
3673,TPK-KY,24,1,23,富邦-陽明,2023-02-23,9604
1417,嘉裕,23,1,22,富邦-陽明,2023-02-23,9604
00637L,元大滬深300正2,46,24,22,富邦-陽明,2023-02-23,9604
3520,華盈,27,5,22,富邦-陽明,2023-02-23,9604
3264,欣銓,32,11,21,富邦-陽明,2023-02-23,9604
2884,玉山金,243,10,233,富邦-陽明,2023-02-24,9604
2867,三商壽,227,0,227,富邦-陽明,2023-02-24,9604
00650L,復華香港正2,214,17,197,富邦-陽明,2023-02-24,9604
3036,文曄,174,15,159,富邦-陽明,2023-02-24,9604
00673R,期元大S＆P原油反1,104,0,104,富邦-陽明,2023-02-24,9604
2618,長榮航,109,22,87,富邦-陽明,2023-02-24,9604
00637L,元大滬深300正2,100,20,80,富邦-陽明,2023-02-24,9604
1447,力鵬,80,0,80,富邦-陽明,2023-02-24,9604
00882,中信中國高股息,76,0,76,富邦-陽明,2023-02-24,9604
2812,台中銀,86,13,73,富邦-陽明,2023-02-24,9604
1806,冠軍,70,0,70,富邦-陽明,2023-02-24,9604
2101,南港,80,10,70,富邦-陽明,2023-02-24,9604
5457,宣德,107,39,68,富邦-陽明,2023-02-24,9604
2002,中鋼,65,2,63,富邦-陽明,2023-02-24,9604
00665L,富邦�琤肭磪囓�2,81,18,63,富邦-陽明,2023-02-24,9604
3045,台灣大,61,0,61,富邦-陽明,2023-02-24,9604
6282,康舒,64,8,56,富邦-陽明,2023-02-24,9604
4960,誠美材,56,2,54,富邦-陽明,2023-02-24,9604
2317,鴻海,57,4,53,富邦-陽明,2023-02-24,9604
5512,力麒,118,65,53,富邦-陽明,2023-02-24,9604
2208,台船,61,8,53,富邦-陽明,2023-02-24,9604
2371,大同,53,1,52,富邦-陽明,2023-02-24,9604
3037,欣興,100,48,52,富邦-陽明,2023-02-24,9604
2409,友達,209,159,50,富邦-陽明,2023-02-24,9604
5351,鈺創,130,86,44,富邦-陽明,2023-02-24,9604
0056,元大高股息,90,47,43,富邦-陽明,2023-02-24,9604
4433,興采,54,11,43,富邦-陽明,2023-02-24,9604
1440,南紡,40,0,40,富邦-陽明,2023-02-24,9604
2883,凱基金,71,35,36,富邦-陽明,2023-02-24,9604
8150,南茂,38,5,33,富邦-陽明,2023-02-24,9604
6245,立端,43,10,33,富邦-陽明,2023-02-24,9604
2330,台積電,65,34,31,富邦-陽明,2023-02-24,9604
4536,拓凱,51,20,31,富邦-陽明,2023-02-24,9604
1217,愛之味,32,1,31,富邦-陽明,2023-02-24,9604
00633L,富邦上証正2,31,0,31,富邦-陽明,2023-02-24,9604
00753L,中信中國50正2,81,51,30,富邦-陽明,2023-02-24,9604
2706,第一店,30,0,30,富邦-陽明,2023-02-24,9604
2014,中鴻,72,43,29,富邦-陽明,2023-02-24,9604
4919,新唐,57,28,29,富邦-陽明,2023-02-24,9604
2481,強茂,33,5,28,富邦-陽明,2023-02-24,9604
1101,台泥,47,19,28,富邦-陽明,2023-02-24,9604
2501,國建,31,4,27,富邦-陽明,2023-02-24,9604
2739,寒舍,33,6,27,富邦-陽明,2023-02-24,9604
5608,四維航,153,127,26,富邦-陽明,2023-02-24,9604
6109,亞元,26,0,26,富邦-陽明,2023-02-24,9604
3042,晶技,25,0,25,富邦-陽明,2023-02-24,9604
3693,營邦,36,12,24,富邦-陽明,2023-02-24,9604
00664R,國泰臺灣加權反1,27,4,23,富邦-陽明,2023-02-24,9604
3447,展達,23,1,22,富邦-陽明,2023-02-24,9604
4763,材料-KY,40,18,22,富邦-陽明,2023-02-24,9604
1519,華城,407,1,406,富邦-陽明,2023-03-01,9604
00878,國泰永續高股息,249,56,193,富邦-陽明,2023-03-01,9604
1605,華新,305,125,180,富邦-陽明,2023-03-01,9604
2002,中鋼,159,7,152,富邦-陽明,2023-03-01,9604
2637,慧洋-KY,210,72,138,富邦-陽明,2023-03-01,9604
2601,益航,212,97,115,富邦-陽明,2023-03-01,9604
5608,四維航,180,68,112,富邦-陽明,2023-03-01,9604
2884,玉山金,122,12,110,富邦-陽明,2023-03-01,9604
1101,台泥,119,16,103,富邦-陽明,2023-03-01,9604
3481,群創,146,58,88,富邦-陽明,2023-03-01,9604
2101,南港,80,0,80,富邦-陽明,2023-03-01,9604
00680L,元大美債20正2,95,20,75,富邦-陽明,2023-03-01,9604
2344,華邦電,83,12,71,富邦-陽明,2023-03-01,9604
00772B,中信高評級公司債,71,0,71,富邦-陽明,2023-03-01,9604
2392,正崴,72,2,70,富邦-陽明,2023-03-01,9604
2882,國泰金,60,3,57,富邦-陽明,2023-03-01,9604
1402,遠東新,52,0,52,富邦-陽明,2023-03-01,9604
2618,長榮航,71,21,50,富邦-陽明,2023-03-01,9604
2845,遠東銀,50,0,50,富邦-陽明,2023-03-01,9604
4155,訊映,50,0,50,富邦-陽明,2023-03-01,9604
2605,新興,139,89,50,富邦-陽明,2023-03-01,9604
00712,復華富時不動產,49,0,49,富邦-陽明,2023-03-01,9604
3013,晟銘電,80,34,46,富邦-陽明,2023-03-01,9604
00885,富邦越南,53,7,46,富邦-陽明,2023-03-01,9604
3706,神達,59,13,46,富邦-陽明,2023-03-01,9604
00679B,元大美債20年,45,1,44,富邦-陽明,2023-03-01,9604
1514,亞力,52,9,43,富邦-陽明,2023-03-01,9604
2069,運錩,43,0,43,富邦-陽明,2023-03-01,9604
8431,匯鑽科,40,0,40,富邦-陽明,2023-03-01,9604
8176,智捷,40,0,40,富邦-陽明,2023-03-01,9604
0056,元大高股息,62,23,39,富邦-陽明,2023-03-01,9604
00903,富邦元宇宙,41,2,39,富邦-陽明,2023-03-01,9604
3231,緯創,46,8,38,富邦-陽明,2023-03-01,9604
00898,國泰基因免疫革命,35,0,35,富邦-陽明,2023-03-01,9604
2867,三商壽,34,0,34,富邦-陽明,2023-03-01,9604
2881,富邦金,43,9,34,富邦-陽明,2023-03-01,9604
2885,元大金,34,0,34,富邦-陽明,2023-03-01,9604
4763,材料-KY,48,15,33,富邦-陽明,2023-03-01,9604
00692,富邦公司治理,33,1,32,富邦-陽明,2023-03-01,9604
6139,亞翔,45,14,31,富邦-陽明,2023-03-01,9604
2609,陽明,43,12,31,富邦-陽明,2023-03-01,9604
2892,第一金,40,10,30,富邦-陽明,2023-03-01,9604
2739,寒舍,30,0,30,富邦-陽明,2023-03-01,9604
2230,泰茂,42,13,29,富邦-陽明,2023-03-01,9604
2897,王道銀行,35,7,28,富邦-陽明,2023-03-01,9604
2834,臺企銀,183,157,26,富邦-陽明,2023-03-01,9604
8150,南茂,37,11,26,富邦-陽明,2023-03-01,9604
2606,裕民,55,29,26,富邦-陽明,2023-03-01,9604
9945,潤泰新,26,1,25,富邦-陽明,2023-03-01,9604
1708,東鹼,34,9,25,富邦-陽明,2023-03-01,9604
00878,國泰永續高股息,363,17,346,富邦-陽明,2023-03-02,9604
2601,益航,229,96,133,富邦-陽明,2023-03-02,9604
2884,玉山金,129,4,125,富邦-陽明,2023-03-02,9604
00680L,元大美債20正2,113,0,113,富邦-陽明,2023-03-02,9604
2101,南港,103,1,102,富邦-陽明,2023-03-02,9604
2611,志信,104,4,100,富邦-陽明,2023-03-02,9604
3481,群創,140,49,91,富邦-陽明,2023-03-02,9604
1103,嘉泥,90,0,90,富邦-陽明,2023-03-02,9604
2495,普安,106,21,85,富邦-陽明,2023-03-02,9604
2867,三商壽,90,8,82,富邦-陽明,2023-03-02,9604
2618,長榮航,125,46,79,富邦-陽明,2023-03-02,9604
00897,富邦基因免疫生技,77,0,77,富邦-陽明,2023-03-02,9604
00712,復華富時不動產,74,0,74,富邦-陽明,2023-03-02,9604
1605,華新,257,193,64,富邦-陽明,2023-03-02,9604
00706L,期元大S＆P日圓正2,63,0,63,富邦-陽明,2023-03-02,9604
2888,新光金,60,7,53,富邦-陽明,2023-03-02,9604
00679B,元大美債20年,51,0,51,富邦-陽明,2023-03-02,9604
2498,宏達電,140,90,50,富邦-陽明,2023-03-02,9604
00898,國泰基因免疫革命,50,0,50,富邦-陽明,2023-03-02,9604
00903,富邦元宇宙,49,0,49,富邦-陽明,2023-03-02,9604
1108,幸福,50,1,49,富邦-陽明,2023-03-02,9604
2201,裕隆,76,36,40,富邦-陽明,2023-03-02,9604
2547,日勝生,40,0,40,富邦-陽明,2023-03-02,9604
00720B,元大投資級公司債,43,5,38,富邦-陽明,2023-03-02,9604
2501,國建,40,3,37,富邦-陽明,2023-03-02,9604
8034,榮群,36,0,36,富邦-陽明,2023-03-02,9604
2409,友達,54,19,35,富邦-陽明,2023-03-02,9604
2363,矽統,36,1,35,富邦-陽明,2023-03-02,9604
1101,台泥,52,18,34,富邦-陽明,2023-03-02,9604
1417,嘉裕,33,0,33,富邦-陽明,2023-03-02,9604
5381,合正,30,0,30,富邦-陽明,2023-03-02,9604
00772B,中信高評級公司債,28,0,28,富邦-陽明,2023-03-02,9604
00751B,元大AAA至A公司債,27,0,27,富邦-陽明,2023-03-02,9604
9933,中鼎,36,10,26,富邦-陽明,2023-03-02,9604
00885,富邦越南,31,6,25,富邦-陽明,2023-03-02,9604
6806,森崴能源,27,2,25,富邦-陽明,2023-03-02,9604
2892,第一金,31,7,24,富邦-陽明,2023-03-02,9604
00773B,中信優先金融債,23,0,23,富邦-陽明,2023-03-02,9604
1217,愛之味,24,1,23,富邦-陽明,2023-03-02,9604
1402,遠東新,41,18,23,富邦-陽明,2023-03-02,9604
2605,新興,60,37,23,富邦-陽明,2023-03-02,9604
00882,中信中國高股息,35,13,22,富邦-陽明,2023-03-02,9604
1455,集盛,22,0,22,富邦-陽明,2023-03-02,9604
2371,大同,24,3,21,富邦-陽明,2023-03-02,9604
9938,百和,21,0,21,富邦-陽明,2023-03-02,9604
3694,海華,21,0,21,富邦-陽明,2023-03-02,9604
1447,力鵬,20,0,20,富邦-陽明,2023-03-02,9604
2453,凌群,20,1,19,富邦-陽明,2023-03-02,9604
00725B,國泰投資級公司債,18,0,18,富邦-陽明,2023-03-02,9604
00637L,元大滬深300正2,134,116,18,富邦-陽明,2023-03-02,9604
2457,飛宏,333,79,254,富邦-陽明,2023-03-03,9604
2845,遠東銀,252,5,247,富邦-陽明,2023-03-03,9604
2882,國泰金,208,13,195,富邦-陽明,2023-03-03,9604
1605,華新,200,58,142,富邦-陽明,2023-03-03,9604
00665L,富邦�琤肭磪囓�2,150,13,137,富邦-陽明,2023-03-03,9604
00772B,中信高評級公司債,129,0,129,富邦-陽明,2023-03-03,9604
2101,南港,100,0,100,富邦-陽明,2023-03-03,9604
2884,玉山金,76,2,74,富邦-陽明,2023-03-03,9604
00679B,元大美債20年,88,17,71,富邦-陽明,2023-03-03,9604
8431,匯鑽科,70,0,70,富邦-陽明,2023-03-03,9604
1460,宏遠,65,0,65,富邦-陽明,2023-03-03,9604
00712,復華富時不動產,60,0,60,富邦-陽明,2023-03-03,9604
6109,亞元,61,4,57,富邦-陽明,2023-03-03,9604
1101,台泥,59,9,50,富邦-陽明,2023-03-03,9604
00637L,元大滬深300正2,180,134,46,富邦-陽明,2023-03-03,9604
00751B,元大AAA至A公司債,43,0,43,富邦-陽明,2023-03-03,9604
2704,國賓,42,1,41,富邦-陽明,2023-03-03,9604
2010,春源,39,0,39,富邦-陽明,2023-03-03,9604
2891,中信金,40,2,38,富邦-陽明,2023-03-03,9604
8171,天宇,108,70,38,富邦-陽明,2023-03-03,9604
00878,國泰永續高股息,103,65,38,富邦-陽明,2023-03-03,9604
2419,仲琦,50,14,36,富邦-陽明,2023-03-03,9604
3416,融程電,36,0,36,富邦-陽明,2023-03-03,9604
5536,聖暉*,37,1,36,富邦-陽明,2023-03-03,9604
1217,愛之味,37,3,34,富邦-陽明,2023-03-03,9604
3062,建漢,33,1,32,富邦-陽明,2023-03-03,9604
4155,訊映,33,2,31,富邦-陽明,2023-03-03,9604
6288,聯嘉,35,5,30,富邦-陽明,2023-03-03,9604
2609,陽明,183,153,30,富邦-陽明,2023-03-03,9604
5258,虹堡,69,40,29,富邦-陽明,2023-03-03,9604
1514,亞力,42,14,28,富邦-陽明,2023-03-03,9604
2330,台積電,31,4,27,富邦-陽明,2023-03-03,9604
00664R,國泰臺灣加權反1,26,0,26,富邦-陽明,2023-03-03,9604
00673R,期元大S＆P原油反1,25,0,25,富邦-陽明,2023-03-03,9604
5410,國眾,49,24,25,富邦-陽明,2023-03-03,9604
2542,興富發,26,2,24,富邦-陽明,2023-03-03,9604
2451,創見,26,3,23,富邦-陽明,2023-03-03,9604
00720B,元大投資級公司債,25,2,23,富邦-陽明,2023-03-03,9604
00680L,元大美債20正2,24,1,23,富邦-陽明,2023-03-03,9604
2867,三商壽,23,0,23,富邦-陽明,2023-03-03,9604
6235,華孚,68,45,23,富邦-陽明,2023-03-03,9604
2501,國建,30,8,22,富邦-陽明,2023-03-03,9604
4915,致伸,27,5,22,富邦-陽明,2023-03-03,9604
6239,力成,21,0,21,富邦-陽明,2023-03-03,9604
2887,台新金,25,4,21,富邦-陽明,2023-03-03,9604
1477,聚陽,23,2,21,富邦-陽明,2023-03-03,9604
2641,正德,53,33,20,富邦-陽明,2023-03-03,9604
3441,聯一光,27,7,20,富邦-陽明,2023-03-03,9604
4157,太景*-KY,20,0,20,富邦-陽明,2023-03-03,9604
8086,宏捷科,24,4,20,富邦-陽明,2023-03-03,9604
00673R,期元大S＆P原油反1,411,0,411,富邦-陽明,2023-03-06,9604
2206,三陽工業,329,52,277,富邦-陽明,2023-03-06,9604
1710,東聯,130,1,129,富邦-陽明,2023-03-06,9604
00671R,富邦NASDAQ反1,140,20,120,富邦-陽明,2023-03-06,9604
6470,宇智,112,3,109,富邦-陽明,2023-03-06,9604
00676R,富邦臺灣加權反1,100,0,100,富邦-陽明,2023-03-06,9604
1528,恩德,111,14,97,富邦-陽明,2023-03-06,9604
00664R,國泰臺灣加權反1,91,0,91,富邦-陽明,2023-03-06,9604
00637L,元大滬深300正2,228,147,81,富邦-陽明,2023-03-06,9604
2888,新光金,86,7,79,富邦-陽明,2023-03-06,9604
00878,國泰永續高股息,216,142,74,富邦-陽明,2023-03-06,9604
2101,南港,70,0,70,富邦-陽明,2023-03-06,9604
3264,欣銓,69,8,61,富邦-陽明,2023-03-06,9604
1718,中纖,61,2,59,富邦-陽明,2023-03-06,9604
6517,保勝光學,64,8,56,富邦-陽明,2023-03-06,9604
00713,元大台灣高息低波,59,6,53,富邦-陽明,2023-03-06,9604
2107,厚生,51,1,50,富邦-陽明,2023-03-06,9604
2605,新興,60,10,50,富邦-陽明,2023-03-06,9604
1444,力麗,50,1,49,富邦-陽明,2023-03-06,9604
2618,長榮航,54,13,41,富邦-陽明,2023-03-06,9604
020025,統一亞洲半導體N,40,0,40,富邦-陽明,2023-03-06,9604
1103,嘉泥,40,0,40,富邦-陽明,2023-03-06,9604
00772B,中信高評級公司債,41,2,39,富邦-陽明,2023-03-06,9604
2609,陽明,177,138,39,富邦-陽明,2023-03-06,9604
3047,訊舟,71,33,38,富邦-陽明,2023-03-06,9604
9907,統一實,44,6,38,富邦-陽明,2023-03-06,9604
2444,兆勁,45,8,37,富邦-陽明,2023-03-06,9604
3162,精確,39,3,36,富邦-陽明,2023-03-06,9604
9935,慶豐富,36,0,36,富邦-陽明,2023-03-06,9604
1313,聯成,34,0,34,富邦-陽明,2023-03-06,9604
4157,太景*-KY,34,0,34,富邦-陽明,2023-03-06,9604
6139,亞翔,34,0,34,富邦-陽明,2023-03-06,9604
3050,鈺德,34,0,34,富邦-陽明,2023-03-06,9604
3356,奇偶,71,38,33,富邦-陽明,2023-03-06,9604
2105,正新,35,3,32,富邦-陽明,2023-03-06,9604
8076,伍豐,33,2,31,富邦-陽明,2023-03-06,9604
5450,南良,32,2,30,富邦-陽明,2023-03-06,9604
1101,台泥,33,4,29,富邦-陽明,2023-03-06,9604
2630,亞航,30,1,29,富邦-陽明,2023-03-06,9604
3147,大綜,32,4,28,富邦-陽明,2023-03-06,9604
5443,均豪,28,1,27,富邦-陽明,2023-03-06,9604
2891,中信金,48,22,26,富邦-陽明,2023-03-06,9604
3289,宜特,38,12,26,富邦-陽明,2023-03-06,9604
4953,緯軟,34,9,25,富邦-陽明,2023-03-06,9604
6245,立端,33,9,24,富邦-陽明,2023-03-06,9604
3265,台星科,24,0,24,富邦-陽明,2023-03-06,9604
1712,興農,27,3,24,富邦-陽明,2023-03-06,9604
5905,南仁湖,43,20,23,富邦-陽明,2023-03-06,9604
2449,京元電子,27,5,22,富邦-陽明,2023-03-06,9604
2634,漢翔,31,9,22,富邦-陽明,2023-03-06,9604
6005,群益證,501,2,499,富邦-陽明,2023-03-07,9604
2495,普安,136,18,118,富邦-陽明,2023-03-07,9604
3013,晟銘電,304,187,117,富邦-陽明,2023-03-07,9604
1447,力鵬,105,0,105,富邦-陽明,2023-03-07,9604
00857B,永豐20年美公債,100,0,100,富邦-陽明,2023-03-07,9604
00679B,元大美債20年,106,14,92,富邦-陽明,2023-03-07,9604
00632R,元大台灣50反1,216,125,91,富邦-陽明,2023-03-07,9604
9907,統一實,77,3,74,富邦-陽明,2023-03-07,9604
6116,彩晶,133,67,66,富邦-陽明,2023-03-07,9604
3019,亞光,108,50,58,富邦-陽明,2023-03-07,9604
00664R,國泰臺灣加權反1,56,0,56,富邦-陽明,2023-03-07,9604
2331,精英,55,0,55,富邦-陽明,2023-03-07,9604
00680L,元大美債20正2,55,0,55,富邦-陽明,2023-03-07,9604
2208,台船,55,1,54,富邦-陽明,2023-03-07,9604
9935,慶豐富,54,0,54,富邦-陽明,2023-03-07,9604
2607,榮運,54,2,52,富邦-陽明,2023-03-07,9604
00897,富邦基因免疫生技,51,1,50,富邦-陽明,2023-03-07,9604
00772B,中信高評級公司債,48,1,47,富邦-陽明,2023-03-07,9604
1101,台泥,44,3,41,富邦-陽明,2023-03-07,9604
3209,全科,45,5,40,富邦-陽明,2023-03-07,9604
6517,保勝光學,43,4,39,富邦-陽明,2023-03-07,9604
2888,新光金,51,12,39,富邦-陽明,2023-03-07,9604
3037,欣興,45,9,36,富邦-陽明,2023-03-07,9604
00713,元大台灣高息低波,41,5,36,富邦-陽明,2023-03-07,9604
6282,康舒,64,30,34,富邦-陽明,2023-03-07,9604
2486,一詮,53,19,34,富邦-陽明,2023-03-07,9604
3042,晶技,34,1,33,富邦-陽明,2023-03-07,9604
2498,宏達電,58,25,33,富邦-陽明,2023-03-07,9604
00720B,元大投資級公司債,33,0,33,富邦-陽明,2023-03-07,9604
4906,正文,43,10,33,富邦-陽明,2023-03-07,9604
2482,連宇,62,30,32,富邦-陽明,2023-03-07,9604
1708,東鹼,40,9,31,富邦-陽明,2023-03-07,9604
00665L,富邦�琤肭磪囓�2,124,93,31,富邦-陽明,2023-03-07,9604
4915,致伸,40,10,30,富邦-陽明,2023-03-07,9604
8936,國統,33,3,30,富邦-陽明,2023-03-07,9604
2405,輔信,41,11,30,富邦-陽明,2023-03-07,9604
1718,中纖,34,4,30,富邦-陽明,2023-03-07,9604
5381,合正,30,1,29,富邦-陽明,2023-03-07,9604
2337,旺宏,53,26,27,富邦-陽明,2023-03-07,9604
1907,永豐餘,26,1,25,富邦-陽明,2023-03-07,9604
1210,大成,32,8,24,富邦-陽明,2023-03-07,9604
2314,台揚,24,0,24,富邦-陽明,2023-03-07,9604
2388,威盛,28,6,22,富邦-陽明,2023-03-07,9604
00637L,元大滬深300正2,165,144,21,富邦-陽明,2023-03-07,9604
3706,神達,27,7,20,富邦-陽明,2023-03-07,9604
2820,華票,22,2,20,富邦-陽明,2023-03-07,9604
2034,允強,24,4,20,富邦-陽明,2023-03-07,9604
3051,力特,22,2,20,富邦-陽明,2023-03-07,9604
00673R,期元大S＆P原油反1,240,220,20,富邦-陽明,2023-03-07,9604
8076,伍豐,21,1,20,富邦-陽明,2023-03-07,9604
00650L,復華香港正2,342,1,341,富邦-陽明,2023-03-08,9604
9907,統一實,295,31,264,富邦-陽明,2023-03-08,9604
3013,晟銘電,354,103,251,富邦-陽明,2023-03-08,9604
00715L,期街口布蘭特正2,190,10,180,富邦-陽明,2023-03-08,9604
00753L,中信中國50正2,173,7,166,富邦-陽明,2023-03-08,9604
2897,王道銀行,165,5,160,富邦-陽明,2023-03-08,9604
5315,光聯,159,15,144,富邦-陽明,2023-03-08,9604
00637L,元大滬深300正2,199,89,110,富邦-陽明,2023-03-08,9604
00665L,富邦�琤肭磪囓�2,76,2,74,富邦-陽明,2023-03-08,9604
8163,達方,95,25,70,富邦-陽明,2023-03-08,9604
00720B,元大投資級公司債,67,0,67,富邦-陽明,2023-03-08,9604
1504,東元,120,56,64,富邦-陽明,2023-03-08,9604
2884,玉山金,85,23,62,富邦-陽明,2023-03-08,9604
1609,大亞,138,77,61,富邦-陽明,2023-03-08,9604
00923,群益台ESG低碳50,61,0,61,富邦-陽明,2023-03-08,9604
1102,亞泥,61,1,60,富邦-陽明,2023-03-08,9604
2495,普安,62,4,58,富邦-陽明,2023-03-08,9604
00664R,國泰臺灣加權反1,60,2,58,富邦-陽明,2023-03-08,9604
6188,廣明,65,8,57,富邦-陽明,2023-03-08,9604
2880,華南金,58,5,53,富邦-陽明,2023-03-08,9604
2344,華邦電,131,78,53,富邦-陽明,2023-03-08,9604
8926,台汽電,53,1,52,富邦-陽明,2023-03-08,9604
1201,味全,51,0,51,富邦-陽明,2023-03-08,9604
1513,中興電,117,66,51,富邦-陽明,2023-03-08,9604
2349,錸德,50,0,50,富邦-陽明,2023-03-08,9604
00751B,元大AAA至A公司債,47,0,47,富邦-陽明,2023-03-08,9604
6180,橘子,54,11,43,富邦-陽明,2023-03-08,9604
00725B,國泰投資級公司債,42,0,42,富邦-陽明,2023-03-08,9604
00713,元大台灣高息低波,41,0,41,富邦-陽明,2023-03-08,9604
1447,力鵬,40,0,40,富邦-陽明,2023-03-08,9604
2890,永豐金,42,3,39,富邦-陽明,2023-03-08,9604
5351,鈺創,56,19,37,富邦-陽明,2023-03-08,9604
3041,揚智,37,0,37,富邦-陽明,2023-03-08,9604
2888,新光金,42,6,36,富邦-陽明,2023-03-08,9604
2313,華通,41,5,36,富邦-陽明,2023-03-08,9604
1708,東鹼,59,23,36,富邦-陽明,2023-03-08,9604
00712,復華富時不動產,36,0,36,富邦-陽明,2023-03-08,9604
9933,中鼎,50,16,34,富邦-陽明,2023-03-08,9604
2606,裕民,49,15,34,富邦-陽明,2023-03-08,9604
2337,旺宏,39,6,33,富邦-陽明,2023-03-08,9604
2002,中鋼,44,11,33,富邦-陽明,2023-03-08,9604
3022,威強電,56,24,32,富邦-陽明,2023-03-08,9604
2834,臺企銀,55,24,31,富邦-陽明,2023-03-08,9604
6116,彩晶,34,3,31,富邦-陽明,2023-03-08,9604
1101,台泥,35,4,31,富邦-陽明,2023-03-08,9604
00706L,期元大S＆P日圓正2,30,0,30,富邦-陽明,2023-03-08,9604
2453,凌群,50,21,29,富邦-陽明,2023-03-08,9604
2881,富邦金,32,5,27,富邦-陽明,2023-03-08,9604
4976,佳凌,51,25,26,富邦-陽明,2023-03-08,9604
0056,元大高股息,72,46,26,富邦-陽明,2023-03-08,9604
00878,國泰永續高股息,299,10,289,富邦-陽明,2023-03-09,9604
9907,統一實,223,0,223,富邦-陽明,2023-03-09,9604
6005,群益證,201,0,201,富邦-陽明,2023-03-09,9604
3481,群創,537,357,180,富邦-陽明,2023-03-09,9604
00715L,期街口布蘭特正2,163,0,163,富邦-陽明,2023-03-09,9604
2481,強茂,132,4,128,富邦-陽明,2023-03-09,9604
6116,彩晶,156,39,117,富邦-陽明,2023-03-09,9604
2317,鴻海,121,10,111,富邦-陽明,2023-03-09,9604
1447,力鵬,110,0,110,富邦-陽明,2023-03-09,9604
00671R,富邦NASDAQ反1,100,0,100,富邦-陽明,2023-03-09,9604
1460,宏遠,93,0,93,富邦-陽明,2023-03-09,9604
1718,中纖,132,45,87,富邦-陽明,2023-03-09,9604
1402,遠東新,84,3,81,富邦-陽明,2023-03-09,9604
1102,亞泥,97,16,81,富邦-陽明,2023-03-09,9604
2201,裕隆,106,26,80,富邦-陽明,2023-03-09,9604
1609,大亞,99,19,80,富邦-陽明,2023-03-09,9604
2351,順德,66,1,65,富邦-陽明,2023-03-09,9604
2834,臺企銀,103,42,61,富邦-陽明,2023-03-09,9604
2337,旺宏,61,3,58,富邦-陽明,2023-03-09,9604
2890,永豐金,62,4,58,富邦-陽明,2023-03-09,9604
2471,資通,71,16,55,富邦-陽明,2023-03-09,9604
2603,長榮,91,37,54,富邦-陽明,2023-03-09,9604
3264,欣銓,58,4,54,富邦-陽明,2023-03-09,9604
4903,聯光通,54,0,54,富邦-陽明,2023-03-09,9604
00632R,元大台灣50反1,60,11,49,富邦-陽明,2023-03-09,9604
6443,元晶,86,37,49,富邦-陽明,2023-03-09,9604
5381,合正,45,0,45,富邦-陽明,2023-03-09,9604
3029,零壹,52,8,44,富邦-陽明,2023-03-09,9604
00720B,元大投資級公司債,40,0,40,富邦-陽明,2023-03-09,9604
00923,群益台ESG低碳50,40,0,40,富邦-陽明,2023-03-09,9604
2408,南亞科,39,0,39,富邦-陽明,2023-03-09,9604
2486,一詮,82,43,39,富邦-陽明,2023-03-09,9604
3059,華晶科,66,28,38,富邦-陽明,2023-03-09,9604
2489,瑞軒,127,89,38,富邦-陽明,2023-03-09,9604
1336,台翰,38,0,38,富邦-陽明,2023-03-09,9604
00713,元大台灣高息低波,37,0,37,富邦-陽明,2023-03-09,9604
3209,全科,51,14,37,富邦-陽明,2023-03-09,9604
2886,兆豐金,65,28,37,富邦-陽明,2023-03-09,9604
6231,系微,57,22,35,富邦-陽明,2023-03-09,9604
1528,恩德,47,13,34,富邦-陽明,2023-03-09,9604
2881,富邦金,34,1,33,富邦-陽明,2023-03-09,9604
6129,普誠,80,47,33,富邦-陽明,2023-03-09,9604
3046,建��,64,33,31,富邦-陽明,2023-03-09,9604
8936,國統,33,2,31,富邦-陽明,2023-03-09,9604
3289,宜特,59,29,30,富邦-陽明,2023-03-09,9604
2706,第一店,30,0,30,富邦-陽明,2023-03-09,9604
6148,驊宏資,30,0,30,富邦-陽明,2023-03-09,9604
912000,晨訊科-DR,30,0,30,富邦-陽明,2023-03-09,9604
2851,中再保,31,2,29,富邦-陽明,2023-03-09,9604
3058,立德,32,3,29,富邦-陽明,2023-03-09,9604
2883,凱基金,2591,13,2578,富邦-陽明,2023-03-10,9604
00665L,富邦�琤肭磪囓�2,1848,7,1841,富邦-陽明,2023-03-10,9604
00878,國泰永續高股息,718,91,627,富邦-陽明,2023-03-10,9604
00632R,元大台灣50反1,710,288,422,富邦-陽明,2023-03-10,9604
00715L,期街口布蘭特正2,404,1,403,富邦-陽明,2023-03-10,9604
1101,台泥,214,7,207,富邦-陽明,2023-03-10,9604
2610,華航,494,291,203,富邦-陽明,2023-03-10,9604
2344,華邦電,227,71,156,富邦-陽明,2023-03-10,9604
2618,長榮航,211,72,139,富邦-陽明,2023-03-10,9604
2371,大同,137,4,133,富邦-陽明,2023-03-10,9604
2609,陽明,630,502,128,富邦-陽明,2023-03-10,9604
6285,啟��,125,6,119,富邦-陽明,2023-03-10,9604
2881,富邦金,124,19,105,富邦-陽明,2023-03-10,9604
5388,中磊,133,32,101,富邦-陽明,2023-03-10,9604
3162,精確,107,8,99,富邦-陽明,2023-03-10,9604
8069,元太,108,11,97,富邦-陽明,2023-03-10,9604
6282,康舒,141,45,96,富邦-陽明,2023-03-10,9604
0056,元大高股息,244,153,91,富邦-陽明,2023-03-10,9604
00650L,復華香港正2,124,33,91,富邦-陽明,2023-03-10,9604
00713,元大台灣高息低波,100,11,89,富邦-陽明,2023-03-10,9604
2882,國泰金,89,2,87,富邦-陽明,2023-03-10,9604
0050,元大台灣50,90,13,77,富邦-陽明,2023-03-10,9604
2888,新光金,146,74,72,富邦-陽明,2023-03-10,9604
1447,力鵬,70,1,69,富邦-陽明,2023-03-10,9604
2337,旺宏,71,6,65,富邦-陽明,2023-03-10,9604
3481,群創,116,56,60,富邦-陽明,2023-03-10,9604
2482,連宇,99,41,58,富邦-陽明,2023-03-10,9604
2884,玉山金,66,9,57,富邦-陽明,2023-03-10,9604
2641,正德,94,37,57,富邦-陽明,2023-03-10,9604
2006,東和鋼鐵,60,4,56,富邦-陽明,2023-03-10,9604
1708,東鹼,57,1,56,富邦-陽明,2023-03-10,9604
00712,復華富時不動產,57,1,56,富邦-陽明,2023-03-10,9604
8046,南電,94,41,53,富邦-陽明,2023-03-10,9604
2812,台中銀,63,12,51,富邦-陽明,2023-03-10,9604
2891,中信金,62,11,51,富邦-陽明,2023-03-10,9604
00893,國泰智能電動車,72,22,50,富邦-陽明,2023-03-10,9604
1437,勤益控,50,0,50,富邦-陽明,2023-03-10,9604
4142,國光生,69,20,49,富邦-陽明,2023-03-10,9604
1907,永豐餘,54,6,48,富邦-陽明,2023-03-10,9604
2330,台積電,72,24,48,富邦-陽明,2023-03-10,9604
00897,富邦基因免疫生技,47,0,47,富邦-陽明,2023-03-10,9604
2887,台新金,51,7,44,富邦-陽明,2023-03-10,9604
6770,力積電,56,14,42,富邦-陽明,2023-03-10,9604
5706,鳳凰,49,8,41,富邦-陽明,2023-03-10,9604
4916,事欣科,43,2,41,富邦-陽明,2023-03-10,9604
4402,郡都開發,40,0,40,富邦-陽明,2023-03-10,9604
2402,毅嘉,85,45,40,富邦-陽明,2023-03-10,9604
4123,晟德,40,1,39,富邦-陽明,2023-03-10,9604
2534,宏盛,48,10,38,富邦-陽明,2023-03-10,9604
00753L,中信中國50正2,69,31,38,富邦-陽明,2023-03-10,9604
2883,凱基金,1054,40,1014,富邦-陽明,2023-03-13,9604
00878,國泰永續高股息,672,189,483,富邦-陽明,2023-03-13,9604
00713,元大台灣高息低波,296,6,290,富邦-陽明,2023-03-13,9604
00632R,元大台灣50反1,220,20,200,富邦-陽明,2023-03-13,9604
2609,陽明,296,148,148,富邦-陽明,2023-03-13,9604
3052,夆典,100,0,100,富邦-陽明,2023-03-13,9604
6109,亞元,91,2,89,富邦-陽明,2023-03-13,9604
00712,復華富時不動產,89,0,89,富邦-陽明,2023-03-13,9604
3013,晟銘電,124,53,71,富邦-陽明,2023-03-13,9604
2888,新光金,104,38,66,富邦-陽明,2023-03-13,9604
1101,台泥,81,23,58,富邦-陽明,2023-03-13,9604
9955,佳龍,55,0,55,富邦-陽明,2023-03-13,9604
2884,玉山金,80,26,54,富邦-陽明,2023-03-13,9604
2337,旺宏,69,16,53,富邦-陽明,2023-03-13,9604
3576,聯合再生,53,3,50,富邦-陽明,2023-03-13,9604
9902,台火,48,0,48,富邦-陽明,2023-03-13,9604
00923,群益台ESG低碳50,49,2,47,富邦-陽明,2023-03-13,9604
3305,昇貿,43,0,43,富邦-陽明,2023-03-13,9604
8033,雷虎,53,10,43,富邦-陽明,2023-03-13,9604
00751B,元大AAA至A公司債,48,5,43,富邦-陽明,2023-03-13,9604
1460,宏遠,42,0,42,富邦-陽明,2023-03-13,9604
2495,普安,50,9,41,富邦-陽明,2023-03-13,9604
2634,漢翔,58,18,40,富邦-陽明,2023-03-13,9604
2357,華碩,48,9,39,富邦-陽明,2023-03-13,9604
1217,愛之味,41,2,39,富邦-陽明,2023-03-13,9604
4736,泰博,41,5,36,富邦-陽明,2023-03-13,9604
3702,大聯大,33,0,33,富邦-陽明,2023-03-13,9604
2702,華園,33,0,33,富邦-陽明,2023-03-13,9604
3591,艾笛森,36,4,32,富邦-陽明,2023-03-13,9604
00717,富邦美國特別股,39,7,32,富邦-陽明,2023-03-13,9604
2482,連宇,49,19,30,富邦-陽明,2023-03-13,9604
3710,連展投控,33,3,30,富邦-陽明,2023-03-13,9604
9105,泰金寶-DR,35,5,30,富邦-陽明,2023-03-13,9604
2449,京元電子,144,115,29,富邦-陽明,2023-03-13,9604
2375,凱美,28,0,28,富邦-陽明,2023-03-13,9604
00637L,元大滬深300正2,60,32,28,富邦-陽明,2023-03-13,9604
00772B,中信高評級公司債,29,2,27,富邦-陽明,2023-03-13,9604
2342,茂矽,29,3,26,富邦-陽明,2023-03-13,9604
00897,富邦基因免疫生技,26,0,26,富邦-陽明,2023-03-13,9604
2457,飛宏,145,119,26,富邦-陽明,2023-03-13,9604
00862B,中信投資級公司債,25,0,25,富邦-陽明,2023-03-13,9604
2010,春源,30,5,25,富邦-陽明,2023-03-13,9604
6182,合晶,25,2,23,富邦-陽明,2023-03-13,9604
3447,展達,24,1,23,富邦-陽明,2023-03-13,9604
1524,耿鼎,48,25,23,富邦-陽明,2023-03-13,9604
2027,大成鋼,84,62,22,富邦-陽明,2023-03-13,9604
3128,昇銳,24,2,22,富邦-陽明,2023-03-13,9604
2501,國建,22,0,22,富邦-陽明,2023-03-13,9604
2312,金寶,23,1,22,富邦-陽明,2023-03-13,9604
6274,台燿,23,2,21,富邦-陽明,2023-03-13,9604
00878,國泰永續高股息,723,57,666,富邦-陽明,2023-03-14,9604
2618,長榮航,299,87,212,富邦-陽明,2023-03-14,9604
2888,新光金,234,61,173,富邦-陽明,2023-03-14,9604
2883,凱基金,174,28,146,富邦-陽明,2023-03-14,9604
00715L,期街口布蘭特正2,154,10,144,富邦-陽明,2023-03-14,9604
1477,聚陽,141,0,141,富邦-陽明,2023-03-14,9604
3481,群創,184,50,134,富邦-陽明,2023-03-14,9604
2303,聯電,198,64,134,富邦-陽明,2023-03-14,9604
6285,啟��,123,2,121,富邦-陽明,2023-03-14,9604
00679B,元大美債20年,126,27,99,富邦-陽明,2023-03-14,9604
00642U,期元大S＆P石油,100,3,97,富邦-陽明,2023-03-14,9604
2891,中信金,130,36,94,富邦-陽明,2023-03-14,9604
2610,華航,156,69,87,富邦-陽明,2023-03-14,9604
00713,元大台灣高息低波,85,0,85,富邦-陽明,2023-03-14,9604
00753L,中信中國50正2,87,2,85,富邦-陽明,2023-03-14,9604
00893,國泰智能電動車,83,1,82,富邦-陽明,2023-03-14,9604
00712,復華富時不動產,76,3,73,富邦-陽明,2023-03-14,9604
00720B,元大投資級公司債,74,1,73,富邦-陽明,2023-03-14,9604
00637L,元大滬深300正2,166,100,66,富邦-陽明,2023-03-14,9604
2880,華南金,66,6,60,富邦-陽明,2023-03-14,9604
5880,合庫金,56,1,55,富邦-陽明,2023-03-14,9604
2601,益航,66,11,55,富邦-陽明,2023-03-14,9604
2884,玉山金,65,12,53,富邦-陽明,2023-03-14,9604
2882,國泰金,65,13,52,富邦-陽明,2023-03-14,9604
2495,普安,90,38,52,富邦-陽明,2023-03-14,9604
3052,夆典,51,0,51,富邦-陽明,2023-03-14,9604
00676R,富邦臺灣加權反1,50,0,50,富邦-陽明,2023-03-14,9604
2330,台積電,58,9,49,富邦-陽明,2023-03-14,9604
00680L,元大美債20正2,78,29,49,富邦-陽明,2023-03-14,9604
2881,富邦金,63,18,45,富邦-陽明,2023-03-14,9604
2486,一詮,54,9,45,富邦-陽明,2023-03-14,9604
2313,華通,61,17,44,富邦-陽明,2023-03-14,9604
1605,華新,95,52,43,富邦-陽明,2023-03-14,9604
4989,榮科,53,10,43,富邦-陽明,2023-03-14,9604
00650L,復華香港正2,59,16,43,富邦-陽明,2023-03-14,9604
2409,友達,45,4,41,富邦-陽明,2023-03-14,9604
2897,王道銀行,53,13,40,富邦-陽明,2023-03-14,9604
2887,台新金,53,14,39,富邦-陽明,2023-03-14,9604
2201,裕隆,68,31,37,富邦-陽明,2023-03-14,9604
5608,四維航,62,25,37,富邦-陽明,2023-03-14,9604
00665L,富邦�琤肭磪囓�2,42,5,37,富邦-陽明,2023-03-14,9604
2892,第一金,38,2,36,富邦-陽明,2023-03-14,9604
2615,萬海,127,92,35,富邦-陽明,2023-03-14,9604
0050,元大台灣50,36,1,35,富邦-陽明,2023-03-14,9604
3702,大聯大,37,5,32,富邦-陽明,2023-03-14,9604
3570,大塚,35,3,32,富邦-陽明,2023-03-14,9604
2337,旺宏,33,1,32,富邦-陽明,2023-03-14,9604
3703,欣陸,32,2,30,富邦-陽明,2023-03-14,9604
00882,中信中國高股息,51,21,30,富邦-陽明,2023-03-14,9604
00772B,中信高評級公司債,32,2,30,富邦-陽明,2023-03-14,9604
00878,國泰永續高股息,308,77,231,富邦-陽明,2023-03-15,9604
00715L,期街口布蘭特正2,275,51,224,富邦-陽明,2023-03-15,9604
2476,鉅祥,207,15,192,富邦-陽明,2023-03-15,9604
2603,長榮,387,239,148,富邦-陽明,2023-03-15,9604
00671R,富邦NASDAQ反1,130,0,130,富邦-陽明,2023-03-15,9604
00713,元大台灣高息低波,131,8,123,富邦-陽明,2023-03-15,9604
2633,台灣高鐵,123,1,122,富邦-陽明,2023-03-15,9604
00664R,國泰臺灣加權反1,101,0,101,富邦-陽明,2023-03-15,9604
2609,陽明,253,155,98,富邦-陽明,2023-03-15,9604
2891,中信金,114,24,90,富邦-陽明,2023-03-15,9604
00642U,期元大S＆P石油,88,0,88,富邦-陽明,2023-03-15,9604
00712,復華富時不動產,91,3,88,富邦-陽明,2023-03-15,9604
3162,精確,184,98,86,富邦-陽明,2023-03-15,9604
2880,華南金,97,11,86,富邦-陽明,2023-03-15,9604
6122,擎邦,99,26,73,富邦-陽明,2023-03-15,9604
1434,福懋,60,0,60,富邦-陽明,2023-03-15,9604
2888,新光金,62,6,56,富邦-陽明,2023-03-15,9604
1101,台泥,61,5,56,富邦-陽明,2023-03-15,9604
2330,台積電,63,8,55,富邦-陽明,2023-03-15,9604
4976,佳凌,74,21,53,富邦-陽明,2023-03-15,9604
8215,明基材,50,2,48,富邦-陽明,2023-03-15,9604
2834,臺企銀,62,16,46,富邦-陽明,2023-03-15,9604
2606,裕民,47,1,46,富邦-陽明,2023-03-15,9604
2313,華通,45,0,45,富邦-陽明,2023-03-15,9604
2884,玉山金,47,3,44,富邦-陽明,2023-03-15,9604
00679B,元大美債20年,44,1,43,富邦-陽明,2023-03-15,9604
2607,榮運,65,23,42,富邦-陽明,2023-03-15,9604
2520,冠德,43,3,40,富邦-陽明,2023-03-15,9604
2897,王道銀行,40,1,39,富邦-陽明,2023-03-15,9604
00680L,元大美債20正2,46,7,39,富邦-陽明,2023-03-15,9604
3481,群創,58,19,39,富邦-陽明,2023-03-15,9604
1802,台玻,40,2,38,富邦-陽明,2023-03-15,9604
5425,台半,74,38,36,富邦-陽明,2023-03-15,9604
00720B,元大投資級公司債,37,2,35,富邦-陽明,2023-03-15,9604
1783,和康生,35,1,34,富邦-陽明,2023-03-15,9604
2881,富邦金,46,12,34,富邦-陽明,2023-03-15,9604
2027,大成鋼,54,21,33,富邦-陽明,2023-03-15,9604
6109,亞元,34,1,33,富邦-陽明,2023-03-15,9604
6235,華孚,81,52,29,富邦-陽明,2023-03-15,9604
3141,晶宏,31,2,29,富邦-陽明,2023-03-15,9604
3673,TPK-KY,31,2,29,富邦-陽明,2023-03-15,9604
4994,傳奇,30,1,29,富邦-陽明,2023-03-15,9604
5608,四維航,57,30,27,富邦-陽明,2023-03-15,9604
1104,環泥,25,0,25,富邦-陽明,2023-03-15,9604
2883,凱基金,52,28,24,富邦-陽明,2023-03-15,9604
3094,聯傑,40,16,24,富邦-陽明,2023-03-15,9604
3706,神達,25,2,23,富邦-陽明,2023-03-15,9604
1314,中石化,25,2,23,富邦-陽明,2023-03-15,9604
6505,台塑化,24,1,23,富邦-陽明,2023-03-15,9604
1326,台化,22,0,22,富邦-陽明,2023-03-15,9604
00665L,富邦�琤肭磪囓�2,1518,17,1501,富邦-陽明,2023-03-16,9604
6176,瑞儀,901,1,900,富邦-陽明,2023-03-16,9604
00878,國泰永續高股息,459,122,337,富邦-陽明,2023-03-16,9604
00715L,期街口布蘭特正2,423,101,322,富邦-陽明,2023-03-16,9604
2883,凱基金,372,138,234,富邦-陽明,2023-03-16,9604
3703,欣陸,208,0,208,富邦-陽明,2023-03-16,9604
00885,富邦越南,156,12,144,富邦-陽明,2023-03-16,9604
2891,中信金,217,82,135,富邦-陽明,2023-03-16,9604
2603,長榮,291,181,110,富邦-陽明,2023-03-16,9604
00891,中信關鍵半導體,100,2,98,富邦-陽明,2023-03-16,9604
00664R,國泰臺灣加權反1,110,12,98,富邦-陽明,2023-03-16,9604
00642U,期元大S＆P石油,103,17,86,富邦-陽明,2023-03-16,9604
2897,王道銀行,109,27,82,富邦-陽明,2023-03-16,9604
00713,元大台灣高息低波,94,13,81,富邦-陽明,2023-03-16,9604
0056,元大高股息,114,34,80,富邦-陽明,2023-03-16,9604
2888,新光金,114,34,80,富邦-陽明,2023-03-16,9604
3056,富華新,132,58,74,富邦-陽明,2023-03-16,9604
2610,華航,89,16,73,富邦-陽明,2023-03-16,9604
00671R,富邦NASDAQ反1,70,0,70,富邦-陽明,2023-03-16,9604
2609,陽明,146,78,68,富邦-陽明,2023-03-16,9604
1611,中電,472,404,68,富邦-陽明,2023-03-16,9604
1477,聚陽,73,10,63,富邦-陽明,2023-03-16,9604
2545,皇翔,61,0,61,富邦-陽明,2023-03-16,9604
00632R,元大台灣50反1,141,81,60,富邦-陽明,2023-03-16,9604
2208,台船,60,2,58,富邦-陽明,2023-03-16,9604
2884,玉山金,143,89,54,富邦-陽明,2023-03-16,9604
2881,富邦金,73,20,53,富邦-陽明,2023-03-16,9604
2486,一詮,86,36,50,富邦-陽明,2023-03-16,9604
00882,中信中國高股息,53,8,45,富邦-陽明,2023-03-16,9604
00688L,國泰20年美債正2,41,0,41,富邦-陽明,2023-03-16,9604
2634,漢翔,71,32,39,富邦-陽明,2023-03-16,9604
2313,華通,38,0,38,富邦-陽明,2023-03-16,9604
3704,合勤控,47,10,37,富邦-陽明,2023-03-16,9604
2520,冠德,40,4,36,富邦-陽明,2023-03-16,9604
9105,泰金寶-DR,36,0,36,富邦-陽明,2023-03-16,9604
2885,元大金,42,7,35,富邦-陽明,2023-03-16,9604
6129,普誠,35,0,35,富邦-陽明,2023-03-16,9604
6271,同欣電,36,1,35,富邦-陽明,2023-03-16,9604
00712,復華富時不動產,38,5,33,富邦-陽明,2023-03-16,9604
2501,國建,31,0,31,富邦-陽明,2023-03-16,9604
4934,太極,49,18,31,富邦-陽明,2023-03-16,9604
3693,營邦,30,0,30,富邦-陽明,2023-03-16,9604
6609,瀧澤科,30,0,30,富邦-陽明,2023-03-16,9604
2887,台新金,58,29,29,富邦-陽明,2023-03-16,9604
8936,國統,32,4,28,富邦-陽明,2023-03-16,9604
2618,長榮航,92,65,27,富邦-陽明,2023-03-16,9604
2330,台積電,35,8,27,富邦-陽明,2023-03-16,9604
1104,環泥,27,0,27,富邦-陽明,2023-03-16,9604
6245,立端,30,3,27,富邦-陽明,2023-03-16,9604
3702,大聯大,32,5,27,富邦-陽明,2023-03-16,9604
1104,環泥,264,10,254,富邦-陽明,2023-03-17,9604
00712,復華富時不動產,226,0,226,富邦-陽明,2023-03-17,9604
2891,中信金,214,18,196,富邦-陽明,2023-03-17,9604
00715L,期街口布蘭特正2,237,81,156,富邦-陽明,2023-03-17,9604
00713,元大台灣高息低波,127,2,125,富邦-陽明,2023-03-17,9604
00878,國泰永續高股息,168,51,117,富邦-陽明,2023-03-17,9604
3624,光頡,133,25,108,富邦-陽明,2023-03-17,9604
1519,華城,105,7,98,富邦-陽明,2023-03-17,9604
2888,新光金,95,6,89,富邦-陽明,2023-03-17,9604
1795,美時,77,3,74,富邦-陽明,2023-03-17,9604
2887,台新金,93,22,71,富邦-陽明,2023-03-17,9604
2481,強茂,65,2,63,富邦-陽明,2023-03-17,9604
00679B,元大美債20年,63,4,59,富邦-陽明,2023-03-17,9604
2031,新光鋼,66,8,58,富邦-陽明,2023-03-17,9604
1314,中石化,67,11,56,富邦-陽明,2023-03-17,9604
00885,富邦越南,88,34,54,富邦-陽明,2023-03-17,9604
00772B,中信高評級公司債,57,2,55,富邦-陽明,2023-03-17,9604
2883,凱基金,81,27,54,富邦-陽明,2023-03-17,9604
3013,晟銘電,123,70,53,富邦-陽明,2023-03-17,9604
3707,漢磊,57,7,50,富邦-陽明,2023-03-17,9604
2610,華航,56,6,50,富邦-陽明,2023-03-17,9604
2609,陽明,80,34,46,富邦-陽明,2023-03-17,9604
2352,佳世達,42,2,40,富邦-陽明,2023-03-17,9604
2476,鉅祥,53,15,38,富邦-陽明,2023-03-17,9604
00632R,元大台灣50反1,59,23,36,富邦-陽明,2023-03-17,9604
6282,康舒,43,7,36,富邦-陽明,2023-03-17,9604
00898,國泰基因免疫革命,35,0,35,富邦-陽明,2023-03-17,9604
2482,連宇,66,31,35,富邦-陽明,2023-03-17,9604
5483,中美晶,44,10,34,富邦-陽明,2023-03-17,9604
5880,合庫金,41,7,34,富邦-陽明,2023-03-17,9604
2736,富野,33,0,33,富邦-陽明,2023-03-17,9604
9904,寶成,56,24,32,富邦-陽明,2023-03-17,9604
2890,永豐金,39,8,31,富邦-陽明,2023-03-17,9604
00720B,元大投資級公司債,31,1,30,富邦-陽明,2023-03-17,9604
2399,映泰,63,33,30,富邦-陽明,2023-03-17,9604
2023,燁輝,30,0,30,富邦-陽明,2023-03-17,9604
6180,橘子,30,0,30,富邦-陽明,2023-03-17,9604
00648R,元大S＆P500反1,30,0,30,富邦-陽明,2023-03-17,9604
2331,精英,29,0,29,富邦-陽明,2023-03-17,9604
2027,大成鋼,35,8,27,富邦-陽明,2023-03-17,9604
2313,華通,28,1,27,富邦-陽明,2023-03-17,9604
00642U,期元大S＆P石油,29,2,27,富邦-陽明,2023-03-17,9604
2049,上銀,28,3,25,富邦-陽明,2023-03-17,9604
8033,雷虎,33,8,25,富邦-陽明,2023-03-17,9604
2884,玉山金,45,21,24,富邦-陽明,2023-03-17,9604
00687B,國泰20年美債,22,0,22,富邦-陽明,2023-03-17,9604
2645,長榮航太,23,1,22,富邦-陽明,2023-03-17,9604
2409,友達,124,103,21,富邦-陽明,2023-03-17,9604
2390,云辰,22,1,21,富邦-陽明,2023-03-17,9604
2867,三商壽,21,0,21,富邦-陽明,2023-03-17,9604
00665L,富邦�琤肭磪囓�2,1603,33,1570,富邦-陽明,2023-03-20,9604
00878,國泰永續高股息,303,39,264,富邦-陽明,2023-03-20,9604
4157,太景*-KY,185,0,185,富邦-陽明,2023-03-20,9604
00715L,期街口布蘭特正2,237,53,184,富邦-陽明,2023-03-20,9604
6285,啟��,104,7,97,富邦-陽明,2023-03-20,9604
2891,中信金,100,10,90,富邦-陽明,2023-03-20,9604
00650L,復華香港正2,100,20,80,富邦-陽明,2023-03-20,9604
1605,華新,119,39,80,富邦-陽明,2023-03-20,9604
2801,彰銀,79,0,79,富邦-陽明,2023-03-20,9604
2881,富邦金,76,3,73,富邦-陽明,2023-03-20,9604
6288,聯嘉,73,1,72,富邦-陽明,2023-03-20,9604
00637L,元大滬深300正2,185,119,66,富邦-陽明,2023-03-20,9604
9907,統一實,64,0,64,富邦-陽明,2023-03-20,9604
6116,彩晶,109,50,59,富邦-陽明,2023-03-20,9604
1514,亞力,61,3,58,富邦-陽明,2023-03-20,9604
00753L,中信中國50正2,75,21,54,富邦-陽明,2023-03-20,9604
2882,國泰金,142,88,54,富邦-陽明,2023-03-20,9604
6233,旺玖,73,23,50,富邦-陽明,2023-03-20,9604
1718,中纖,50,0,50,富邦-陽明,2023-03-20,9604
5450,南良,50,2,48,富邦-陽明,2023-03-20,9604
2476,鉅祥,52,9,43,富邦-陽明,2023-03-20,9604
8938,明安,41,0,41,富邦-陽明,2023-03-20,9604
2312,金寶,45,6,39,富邦-陽明,2023-03-20,9604
00688L,國泰20年美債正2,36,1,35,富邦-陽明,2023-03-20,9604
2880,華南金,49,14,35,富邦-陽明,2023-03-20,9604
1903,士紙,34,0,34,富邦-陽明,2023-03-20,9604
00893,國泰智能電動車,51,17,34,富邦-陽明,2023-03-20,9604
5512,力麒,46,13,33,富邦-陽明,2023-03-20,9604
2892,第一金,39,6,33,富邦-陽明,2023-03-20,9604
6443,元晶,200,169,31,富邦-陽明,2023-03-20,9604
9105,泰金寶-DR,30,0,30,富邦-陽明,2023-03-20,9604
6220,岳豐,30,0,30,富邦-陽明,2023-03-20,9604
8431,匯鑽科,30,0,30,富邦-陽明,2023-03-20,9604
5521,工信,30,0,30,富邦-陽明,2023-03-20,9604
1304,台聚,34,6,28,富邦-陽明,2023-03-20,9604
8112,至上,34,8,26,富邦-陽明,2023-03-20,9604
00633L,富邦上証正2,25,0,25,富邦-陽明,2023-03-20,9604
8936,國統,47,23,24,富邦-陽明,2023-03-20,9604
4736,泰博,25,1,24,富邦-陽明,2023-03-20,9604
6163,華電網,29,5,24,富邦-陽明,2023-03-20,9604
2002,中鋼,23,0,23,富邦-陽明,2023-03-20,9604
00751B,元大AAA至A公司債,48,25,23,富邦-陽明,2023-03-20,9604
6570,維田,24,1,23,富邦-陽明,2023-03-20,9604
00713,元大台灣高息低波,24,1,23,富邦-陽明,2023-03-20,9604
2484,希華,22,0,22,富邦-陽明,2023-03-20,9604
3062,建漢,22,0,22,富邦-陽明,2023-03-20,9604
2330,台積電,22,0,22,富邦-陽明,2023-03-20,9604
1806,冠軍,21,0,21,富邦-陽明,2023-03-20,9604
5515,建國,24,3,21,富邦-陽明,2023-03-20,9604
3362,先進光,23,2,21,富邦-陽明,2023-03-20,9604
4157,太景*-KY,433,35,398,富邦-陽明,2023-03-21,9604
2888,新光金,246,7,239,富邦-陽明,2023-03-21,9604
0056,元大高股息,226,17,209,富邦-陽明,2023-03-21,9604
1519,華城,186,34,152,富邦-陽明,2023-03-21,9604
00878,國泰永續高股息,218,84,134,富邦-陽明,2023-03-21,9604
1437,勤益控,100,0,100,富邦-陽明,2023-03-21,9604
2618,長榮航,103,12,91,富邦-陽明,2023-03-21,9604
2027,大成鋼,90,3,87,富邦-陽明,2023-03-21,9604
6776,展�眥篕�,90,5,85,富邦-陽明,2023-03-21,9604
6285,啟��,80,0,80,富邦-陽明,2023-03-21,9604
3324,雙鴻,91,24,67,富邦-陽明,2023-03-21,9604
2891,中信金,70,6,64,富邦-陽明,2023-03-21,9604
9902,台火,62,0,62,富邦-陽明,2023-03-21,9604
2471,資通,131,72,59,富邦-陽明,2023-03-21,9604
2413,環科,82,24,58,富邦-陽明,2023-03-21,9604
5880,合庫金,65,10,55,富邦-陽明,2023-03-21,9604
2867,三商壽,55,0,55,富邦-陽明,2023-03-21,9604
4960,誠美材,54,0,54,富邦-陽明,2023-03-21,9604
6715,嘉基,63,15,48,富邦-陽明,2023-03-21,9604
6863,永道-KY,54,8,46,富邦-陽明,2023-03-21,9604
2603,長榮,55,10,45,富邦-陽明,2023-03-21,9604
2610,華航,61,18,43,富邦-陽明,2023-03-21,9604
8016,矽創,44,3,41,富邦-陽明,2023-03-21,9604
1447,力鵬,40,0,40,富邦-陽明,2023-03-21,9604
2388,威盛,74,36,38,富邦-陽明,2023-03-21,9604
1752,南光,40,2,38,富邦-陽明,2023-03-21,9604
6266,泰詠,54,16,38,富邦-陽明,2023-03-21,9604
00665L,富邦�琤肭磪囓�2,66,29,37,富邦-陽明,2023-03-21,9604
4934,太極,46,9,37,富邦-陽明,2023-03-21,9604
00679B,元大美債20年,68,31,37,富邦-陽明,2023-03-21,9604
00753L,中信中國50正2,80,44,36,富邦-陽明,2023-03-21,9604
1504,東元,73,37,36,富邦-陽明,2023-03-21,9604
3162,精確,82,47,35,富邦-陽明,2023-03-21,9604
2882,國泰金,55,20,35,富邦-陽明,2023-03-21,9604
6231,系微,47,13,34,富邦-陽明,2023-03-21,9604
2457,飛宏,239,207,32,富邦-陽明,2023-03-21,9604
5258,虹堡,66,35,31,富邦-陽明,2023-03-21,9604
00670L,富邦NASDAQ正2,45,15,30,富邦-陽明,2023-03-21,9604
3062,建漢,30,0,30,富邦-陽明,2023-03-21,9604
3570,大塚,31,2,29,富邦-陽明,2023-03-21,9604
00712,復華富時不動產,30,1,29,富邦-陽明,2023-03-21,9604
2409,友達,30,2,28,富邦-陽明,2023-03-21,9604
2881,富邦金,30,3,27,富邦-陽明,2023-03-21,9604
1467,南緯,26,0,26,富邦-陽明,2023-03-21,9604
1305,華夏,29,4,25,富邦-陽明,2023-03-21,9604
6161,捷波,25,0,25,富邦-陽明,2023-03-21,9604
3533,嘉澤,33,9,24,富邦-陽明,2023-03-21,9604
1907,永豐餘,24,1,23,富邦-陽明,2023-03-21,9604
6163,華電網,50,27,23,富邦-陽明,2023-03-21,9604
3545,敦泰,32,9,23,富邦-陽明,2023-03-21,9604
00679B,元大美債20年,342,7,335,富邦-陽明,2023-03-22,9604
00632R,元大台灣50反1,192,57,135,富邦-陽明,2023-03-22,9604
3013,晟銘電,198,66,132,富邦-陽明,2023-03-22,9604
6285,啟��,125,0,125,富邦-陽明,2023-03-22,9604
2610,華航,141,21,120,富邦-陽明,2023-03-22,9604
00676R,富邦臺灣加權反1,102,0,102,富邦-陽明,2023-03-22,9604
2476,鉅祥,85,3,82,富邦-陽明,2023-03-22,9604
2302,麗正,155,79,76,富邦-陽明,2023-03-22,9604
6191,精成科,77,4,73,富邦-陽明,2023-03-22,9604
00664R,國泰臺灣加權反1,77,10,67,富邦-陽明,2023-03-22,9604
1524,耿鼎,140,78,62,富邦-陽明,2023-03-22,9604
4157,太景*-KY,61,0,61,富邦-陽明,2023-03-22,9604
2888,新光金,70,9,61,富邦-陽明,2023-03-22,9604
00647L,元大S＆P500正2,60,0,60,富邦-陽明,2023-03-22,9604
00680L,元大美債20正2,78,19,59,富邦-陽明,2023-03-22,9604
2603,長榮,75,16,59,富邦-陽明,2023-03-22,9604
2457,飛宏,106,50,56,富邦-陽明,2023-03-22,9604
2027,大成鋼,62,8,54,富邦-陽明,2023-03-22,9604
0056,元大高股息,80,25,55,富邦-陽明,2023-03-22,9604
9955,佳龍,53,0,53,富邦-陽明,2023-03-22,9604
2436,偉詮電,63,11,52,富邦-陽明,2023-03-22,9604
5289,宜鼎,51,0,51,富邦-陽明,2023-03-22,9604
00885,富邦越南,67,20,47,富邦-陽明,2023-03-22,9604
1605,華新,64,20,44,富邦-陽明,2023-03-22,9604
2427,三商電,62,18,44,富邦-陽明,2023-03-22,9604
00637L,元大滬深300正2,359,317,42,富邦-陽明,2023-03-22,9604
4432,銘旺實,92,50,42,富邦-陽明,2023-03-22,9604
2867,三商壽,66,24,42,富邦-陽明,2023-03-22,9604
5203,訊連,50,9,41,富邦-陽明,2023-03-22,9604
3305,昇貿,40,1,39,富邦-陽明,2023-03-22,9604
3038,全台,63,24,39,富邦-陽明,2023-03-22,9604
00772B,中信高評級公司債,37,0,37,富邦-陽明,2023-03-22,9604
6282,康舒,52,16,36,富邦-陽明,2023-03-22,9604
1219,福壽,35,0,35,富邦-陽明,2023-03-22,9604
00892,富邦台灣半導體,36,1,35,富邦-陽明,2023-03-22,9604
00706L,期元大S＆P日圓正2,34,0,34,富邦-陽明,2023-03-22,9604
3058,立德,41,8,33,富邦-陽明,2023-03-22,9604
3710,連展投控,51,19,32,富邦-陽明,2023-03-22,9604
6443,元晶,47,18,29,富邦-陽明,2023-03-22,9604
2645,長榮航太,27,0,27,富邦-陽明,2023-03-22,9604
8163,達方,30,4,26,富邦-陽明,2023-03-22,9604
6122,擎邦,50,24,26,富邦-陽明,2023-03-22,9604
8431,匯鑽科,32,7,25,富邦-陽明,2023-03-22,9604
2881,富邦金,28,3,25,富邦-陽明,2023-03-22,9604
6290,良維,76,52,24,富邦-陽明,2023-03-22,9604
1305,華夏,26,2,24,富邦-陽明,2023-03-22,9604
00687B,國泰20年美債,25,1,24,富邦-陽明,2023-03-22,9604
2453,凌群,86,62,24,富邦-陽明,2023-03-22,9604
2834,臺企銀,51,29,22,富邦-陽明,2023-03-22,9604
1609,大亞,29,7,22,富邦-陽明,2023-03-22,9604
2495,普安,204,6,198,富邦-陽明,2023-03-23,9604
00679B,元大美債20年,224,65,159,富邦-陽明,2023-03-23,9604
00669R,國泰美國道瓊反1,150,0,150,富邦-陽明,2023-03-23,9604
00680L,元大美債20正2,123,21,102,富邦-陽明,2023-03-23,9604
1447,力鵬,90,0,90,富邦-陽明,2023-03-23,9604
3481,群創,114,31,83,富邦-陽明,2023-03-23,9604
9955,佳龍,135,63,72,富邦-陽明,2023-03-23,9604
00664R,國泰臺灣加權反1,65,3,62,富邦-陽明,2023-03-23,9604
6288,聯嘉,151,94,57,富邦-陽明,2023-03-23,9604
2344,華邦電,63,10,53,富邦-陽明,2023-03-23,9604
2476,鉅祥,51,0,51,富邦-陽明,2023-03-23,9604
2409,友達,51,1,50,富邦-陽明,2023-03-23,9604
1904,正隆,50,0,50,富邦-陽明,2023-03-23,9604
6122,擎邦,55,6,49,富邦-陽明,2023-03-23,9604
2609,陽明,76,28,48,富邦-陽明,2023-03-23,9604
1101,台泥,57,9,48,富邦-陽明,2023-03-23,9604
8358,金居,50,3,47,富邦-陽明,2023-03-23,9604
2427,三商電,137,91,46,富邦-陽明,2023-03-23,9604
2605,新興,41,1,40,富邦-陽明,2023-03-23,9604
3322,建舜電,56,16,40,富邦-陽明,2023-03-23,9604
1219,福壽,40,0,40,富邦-陽明,2023-03-23,9604
6863,永道-KY,47,8,39,富邦-陽明,2023-03-23,9604
00751B,元大AAA至A公司債,36,0,36,富邦-陽明,2023-03-23,9604
00898,國泰基因免疫革命,32,0,32,富邦-陽明,2023-03-23,9604
3701,大眾控,33,2,31,富邦-陽明,2023-03-23,9604
6282,康舒,95,65,30,富邦-陽明,2023-03-23,9604
6756,威鋒電子,37,8,29,富邦-陽明,2023-03-23,9604
1722,台肥,30,1,29,富邦-陽明,2023-03-23,9604
2603,長榮,47,19,28,富邦-陽明,2023-03-23,9604
3306,鼎天,28,1,27,富邦-陽明,2023-03-23,9604
00720B,元大投資級公司債,36,9,27,富邦-陽明,2023-03-23,9604
3324,雙鴻,42,15,27,富邦-陽明,2023-03-23,9604
2303,聯電,70,44,26,富邦-陽明,2023-03-23,9604
1437,勤益控,25,0,25,富邦-陽明,2023-03-23,9604
3652,精聯,98,74,24,富邦-陽明,2023-03-23,9604
2243,宏旭-KY,27,3,24,富邦-陽明,2023-03-23,9604
3710,連展投控,34,10,24,富邦-陽明,2023-03-23,9604
4736,泰博,24,0,24,富邦-陽明,2023-03-23,9604
6188,廣明,26,2,24,富邦-陽明,2023-03-23,9604
3712,永崴投控,23,0,23,富邦-陽明,2023-03-23,9604
2606,裕民,31,10,21,富邦-陽明,2023-03-23,9604
2618,長榮航,41,21,20,富邦-陽明,2023-03-23,9604
3682,亞太電,21,1,20,富邦-陽明,2023-03-23,9604
3038,全台,27,7,20,富邦-陽明,2023-03-23,9604
1799,易威,21,2,19,富邦-陽明,2023-03-23,9604
1903,士紙,25,6,19,富邦-陽明,2023-03-23,9604
2027,大成鋼,20,2,18,富邦-陽明,2023-03-23,9604
2482,連宇,55,38,17,富邦-陽明,2023-03-23,9604
8936,國統,24,7,17,富邦-陽明,2023-03-23,9604
8070,長華*,17,0,17,富邦-陽明,2023-03-23,9604
00665L,富邦�琤肭磪囓�2,613,59,554,富邦-陽明,2023-03-24,9604
00632R,元大台灣50反1,197,54,143,富邦-陽明,2023-03-24,9604
1103,嘉泥,100,0,100,富邦-陽明,2023-03-24,9604
2867,三商壽,92,0,92,富邦-陽明,2023-03-24,9604
6443,元晶,106,29,77,富邦-陽明,2023-03-24,9604
1219,福壽,75,0,75,富邦-陽明,2023-03-24,9604
00897,富邦基因免疫生技,76,4,72,富邦-陽明,2023-03-24,9604
4162,智擎,72,4,68,富邦-陽明,2023-03-24,9604
6134,萬旭,70,3,67,富邦-陽明,2023-03-24,9604
6279,胡連,80,14,66,富邦-陽明,2023-03-24,9604
2427,三商電,67,8,59,富邦-陽明,2023-03-24,9604
00679B,元大美債20年,58,0,58,富邦-陽明,2023-03-24,9604
1708,東鹼,54,0,54,富邦-陽明,2023-03-24,9604
00720B,元大投資級公司債,58,5,53,富邦-陽明,2023-03-24,9604
5425,台半,70,21,49,富邦-陽明,2023-03-24,9604
2883,凱基金,52,4,48,富邦-陽明,2023-03-24,9604
2107,厚生,45,0,45,富邦-陽明,2023-03-24,9604
4155,訊映,41,0,41,富邦-陽明,2023-03-24,9604
5285,界霖,56,16,40,富邦-陽明,2023-03-24,9604
1903,士紙,40,0,40,富邦-陽明,2023-03-24,9604
00696B,富邦美債20年,39,0,39,富邦-陽明,2023-03-24,9604
2812,台中銀,39,0,39,富邦-陽明,2023-03-24,9604
2603,長榮,53,15,38,富邦-陽明,2023-03-24,9604
6024,群益期,33,0,33,富邦-陽明,2023-03-24,9604
2834,臺企銀,43,10,33,富邦-陽明,2023-03-24,9604
1605,華新,132,99,33,富邦-陽明,2023-03-24,9604
8112,至上,35,3,32,富邦-陽明,2023-03-24,9604
00671R,富邦NASDAQ反1,30,0,30,富邦-陽明,2023-03-24,9604
2388,威盛,86,57,29,富邦-陽明,2023-03-24,9604
3498,陽程,30,3,27,富邦-陽明,2023-03-24,9604
2108,南帝,29,2,27,富邦-陽明,2023-03-24,9604
2881,富邦金,29,2,27,富邦-陽明,2023-03-24,9604
2231,為升,28,2,26,富邦-陽明,2023-03-24,9604
2338,光罩,46,20,26,富邦-陽明,2023-03-24,9604
2399,映泰,30,5,25,富邦-陽明,2023-03-24,9604
8931,大汽電,26,2,24,富邦-陽明,2023-03-24,9604
00637L,元大滬深300正2,43,19,24,富邦-陽明,2023-03-24,9604
6863,永道-KY,42,19,23,富邦-陽明,2023-03-24,9604
6190,萬泰科,23,0,23,富邦-陽明,2023-03-24,9604
6122,擎邦,39,17,22,富邦-陽明,2023-03-24,9604
2471,資通,45,24,21,富邦-陽明,2023-03-24,9604
00652,富邦印度,21,0,21,富邦-陽明,2023-03-24,9604
2406,國碩,21,0,21,富邦-陽明,2023-03-24,9604
3576,聯合再生,21,0,21,富邦-陽明,2023-03-24,9604
2891,中信金,25,5,20,富邦-陽明,2023-03-24,9604
2637,慧洋-KY,21,1,20,富邦-陽明,2023-03-24,9604
00655L,國泰中國A50正2,25,5,20,富邦-陽明,2023-03-24,9604
5450,南良,20,0,20,富邦-陽明,2023-03-24,9604
6171,大城地產,20,0,20,富邦-陽明,2023-03-24,9604
1909,榮成,20,1,19,富邦-陽明,2023-03-24,9604
1101,台泥,263,27,236,富邦-陽明,2023-03-27,9604
00632R,元大台灣50反1,205,0,205,富邦-陽明,2023-03-27,9604
00882,中信中國高股息,120,0,120,富邦-陽明,2023-03-27,9604
020027,元大上櫃ESG成長N,100,0,100,富邦-陽明,2023-03-27,9604
1605,華新,122,22,100,富邦-陽明,2023-03-27,9604
1219,福壽,104,8,96,富邦-陽明,2023-03-27,9604
2634,漢翔,199,105,94,富邦-陽明,2023-03-27,9604
00715L,期街口布蘭特正2,100,8,92,富邦-陽明,2023-03-27,9604
2101,南港,100,10,90,富邦-陽明,2023-03-27,9604
3324,雙鴻,130,42,88,富邦-陽明,2023-03-27,9604
2340,台亞,136,56,80,富邦-陽明,2023-03-27,9604
2317,鴻海,98,22,76,富邦-陽明,2023-03-27,9604
9907,統一實,74,2,72,富邦-陽明,2023-03-27,9604
2312,金寶,65,0,65,富邦-陽明,2023-03-27,9604
2495,普安,64,3,61,富邦-陽明,2023-03-27,9604
1603,華電,60,1,59,富邦-陽明,2023-03-27,9604
1504,東元,378,321,57,富邦-陽明,2023-03-27,9604
1903,士紙,55,0,55,富邦-陽明,2023-03-27,9604
2610,華航,145,93,52,富邦-陽明,2023-03-27,9604
2888,新光金,53,2,51,富邦-陽明,2023-03-27,9604
2887,台新金,67,17,50,富邦-陽明,2023-03-27,9604
1102,亞泥,50,0,50,富邦-陽明,2023-03-27,9604
00673R,期元大S＆P原油反1,50,0,50,富邦-陽明,2023-03-27,9604
9934,成霖,52,3,49,富邦-陽明,2023-03-27,9604
3217,優群,48,5,43,富邦-陽明,2023-03-27,9604
2481,強茂,43,3,40,富邦-陽明,2023-03-27,9604
8210,勤誠,42,2,40,富邦-陽明,2023-03-27,9604
00885,富邦越南,39,1,38,富邦-陽明,2023-03-27,9604
2461,光群雷,43,5,38,富邦-陽明,2023-03-27,9604
00671R,富邦NASDAQ反1,40,3,37,富邦-陽明,2023-03-27,9604
00637L,元大滬深300正2,60,23,37,富邦-陽明,2023-03-27,9604
00650L,復華香港正2,63,28,35,富邦-陽明,2023-03-27,9604
6266,泰詠,45,11,34,富邦-陽明,2023-03-27,9604
00751B,元大AAA至A公司債,33,0,33,富邦-陽明,2023-03-27,9604
2431,聯昌,30,0,30,富邦-陽明,2023-03-27,9604
1802,台玻,30,0,30,富邦-陽明,2023-03-27,9604
3552,同致,37,8,29,富邦-陽明,2023-03-27,9604
3714,富采,45,16,29,富邦-陽明,2023-03-27,9604
2889,國票金,29,1,28,富邦-陽明,2023-03-27,9604
6770,力積電,43,16,27,富邦-陽明,2023-03-27,9604
00633L,富邦上証正2,28,2,26,富邦-陽明,2023-03-27,9604
3715,定穎投控,49,24,25,富邦-陽明,2023-03-27,9604
8059,凱碩,25,0,25,富邦-陽明,2023-03-27,9604
2867,三商壽,24,0,24,富邦-陽明,2023-03-27,9604
2330,台積電,34,10,24,富邦-陽明,2023-03-27,9604
3035,智原,44,21,23,富邦-陽明,2023-03-27,9604
4919,新唐,34,11,23,富邦-陽明,2023-03-27,9604
2014,中鴻,26,3,23,富邦-陽明,2023-03-27,9604
2356,英業達,29,6,23,富邦-陽明,2023-03-27,9604
3686,達能,23,0,23,富邦-陽明,2023-03-27,9604
2883,凱基金,703,21,682,富邦-陽明,2023-03-28,9604
2344,華邦電,242,11,231,富邦-陽明,2023-03-28,9604
1101,台泥,231,12,219,富邦-陽明,2023-03-28,9604
00679B,元大美債20年,168,7,161,富邦-陽明,2023-03-28,9604
2607,榮運,121,0,121,富邦-陽明,2023-03-28,9604
00772B,中信高評級公司債,121,5,116,富邦-陽明,2023-03-28,9604
1605,華新,172,57,115,富邦-陽明,2023-03-28,9604
3037,欣興,142,37,105,富邦-陽明,2023-03-28,9604
2476,鉅祥,111,21,90,富邦-陽明,2023-03-28,9604
8255,朋程,96,8,88,富邦-陽明,2023-03-28,9604
8096,擎亞,84,0,84,富邦-陽明,2023-03-28,9604
00680L,元大美債20正2,91,9,82,富邦-陽明,2023-03-28,9604
00673R,期元大S＆P原油反1,76,0,76,富邦-陽明,2023-03-28,9604
00882,中信中國高股息,76,0,76,富邦-陽明,2023-03-28,9604
2481,強茂,150,78,72,富邦-陽明,2023-03-28,9604
00751B,元大AAA至A公司債,69,0,69,富邦-陽明,2023-03-28,9604
2457,飛宏,120,53,67,富邦-陽明,2023-03-28,9604
3025,星通,74,7,67,富邦-陽明,2023-03-28,9604
6168,宏齊,93,34,59,富邦-陽明,2023-03-28,9604
1417,嘉裕,56,0,56,富邦-陽明,2023-03-28,9604
5388,中磊,56,4,52,富邦-陽明,2023-03-28,9604
3710,連展投控,50,0,50,富邦-陽明,2023-03-28,9604
2303,聯電,80,30,50,富邦-陽明,2023-03-28,9604
3005,神基,49,1,48,富邦-陽明,2023-03-28,9604
6142,友勁,58,12,46,富邦-陽明,2023-03-28,9604
2204,中華,51,6,45,富邦-陽明,2023-03-28,9604
2889,國票金,47,2,45,富邦-陽明,2023-03-28,9604
1584,精剛,53,8,45,富邦-陽明,2023-03-28,9604
6226,光鼎,46,2,44,富邦-陽明,2023-03-28,9604
00665L,富邦�琤肭磪囓�2,70,26,44,富邦-陽明,2023-03-28,9604
6266,泰詠,52,9,43,富邦-陽明,2023-03-28,9604
2495,普安,44,2,42,富邦-陽明,2023-03-28,9604
2317,鴻海,52,12,40,富邦-陽明,2023-03-28,9604
9934,成霖,40,0,40,富邦-陽明,2023-03-28,9604
00720B,元大投資級公司債,40,0,40,富邦-陽明,2023-03-28,9604
5521,工信,40,5,35,富邦-陽明,2023-03-28,9604
6148,驊宏資,37,3,34,富邦-陽明,2023-03-28,9604
2867,三商壽,36,2,34,富邦-陽明,2023-03-28,9604
4906,正文,87,54,33,富邦-陽明,2023-03-28,9604
5353,台林,55,22,33,富邦-陽明,2023-03-28,9604
00681R,元大美債20反1,33,0,33,富邦-陽明,2023-03-28,9604
3035,智原,57,25,32,富邦-陽明,2023-03-28,9604
2014,中鴻,37,6,31,富邦-陽明,2023-03-28,9604
2634,漢翔,89,58,31,富邦-陽明,2023-03-28,9604
3033,威健,30,0,30,富邦-陽明,2023-03-28,9604
00688L,國泰20年美債正2,30,0,30,富邦-陽明,2023-03-28,9604
2379,瑞昱,32,3,29,富邦-陽明,2023-03-28,9604
1711,永光,31,2,29,富邦-陽明,2023-03-28,9604
3047,訊舟,46,17,29,富邦-陽明,2023-03-28,9604
2603,長榮,30,2,28,富邦-陽明,2023-03-28,9604
6116,彩晶,171,20,151,富邦-陽明,2023-03-29,9604
6443,元晶,141,8,133,富邦-陽明,2023-03-29,9604
2303,聯電,167,50,117,富邦-陽明,2023-03-29,9604
2607,榮運,120,10,110,富邦-陽明,2023-03-29,9604
00679B,元大美債20年,98,3,95,富邦-陽明,2023-03-29,9604
2603,長榮,103,17,86,富邦-陽明,2023-03-29,9604
00673R,期元大S＆P原油反1,91,7,84,富邦-陽明,2023-03-29,9604
00680L,元大美債20正2,88,5,83,富邦-陽明,2023-03-29,9604
1504,東元,264,182,82,富邦-陽明,2023-03-29,9604
3715,定穎投控,216,147,69,富邦-陽明,2023-03-29,9604
1609,大亞,135,71,64,富邦-陽明,2023-03-29,9604
00720B,元大投資級公司債,54,0,54,富邦-陽明,2023-03-29,9604
3362,先進光,60,19,41,富邦-陽明,2023-03-29,9604
3025,星通,56,16,40,富邦-陽明,2023-03-29,9604
2449,京元電子,68,30,38,富邦-陽明,2023-03-29,9604
8016,矽創,39,1,38,富邦-陽明,2023-03-29,9604
6698,旭暉應材,56,18,38,富邦-陽明,2023-03-29,9604
00635U,期元大S＆P黃金,36,0,36,富邦-陽明,2023-03-29,9604
2329,華泰,43,12,31,富邦-陽明,2023-03-29,9604
2476,鉅祥,35,5,30,富邦-陽明,2023-03-29,9604
2029,盛餘,30,0,30,富邦-陽明,2023-03-29,9604
2885,元大金,41,12,29,富邦-陽明,2023-03-29,9604
2609,陽明,51,23,28,富邦-陽明,2023-03-29,9604
3576,聯合再生,32,4,28,富邦-陽明,2023-03-29,9604
00713,元大台灣高息低波,31,4,27,富邦-陽明,2023-03-29,9604
2457,飛宏,74,51,23,富邦-陽明,2023-03-29,9604
00903,富邦元宇宙,22,0,22,富邦-陽明,2023-03-29,9604
5258,虹堡,42,20,22,富邦-陽明,2023-03-29,9604
6109,亞元,22,1,21,富邦-陽明,2023-03-29,9604
2228,劍麟,21,0,21,富邦-陽明,2023-03-29,9604
1336,台翰,21,0,21,富邦-陽明,2023-03-29,9604
5450,南良,42,21,21,富邦-陽明,2023-03-29,9604
4123,晟德,20,0,20,富邦-陽明,2023-03-29,9604
00647L,元大S＆P500正2,20,0,20,富邦-陽明,2023-03-29,9604
00885,富邦越南,26,8,18,富邦-陽明,2023-03-29,9604
4919,新唐,25,7,18,富邦-陽明,2023-03-29,9604
2331,精英,53,35,18,富邦-陽明,2023-03-29,9604
00772B,中信高評級公司債,17,0,17,富邦-陽明,2023-03-29,9604
2375,凱美,18,1,17,富邦-陽明,2023-03-29,9604
00922,國泰台灣領袖50,32,15,17,富邦-陽明,2023-03-29,9604
8069,元太,20,4,16,富邦-陽明,2023-03-29,9604
2748,雲品,32,16,16,富邦-陽明,2023-03-29,9604
2462,良得電,16,0,16,富邦-陽明,2023-03-29,9604
4726,永昕,20,4,16,富邦-陽明,2023-03-29,9604
9907,統一實,15,0,15,富邦-陽明,2023-03-29,9604
8421,旭源,15,0,15,富邦-陽明,2023-03-29,9604
2388,威盛,32,18,14,富邦-陽明,2023-03-29,9604
3712,永崴投控,14,0,14,富邦-陽明,2023-03-29,9604
3017,奇鋐,63,49,14,富邦-陽明,2023-03-29,9604
6531,愛普*,27,13,14,富邦-陽明,2023-03-29,9604
2867,三商壽,164,15,149,富邦-陽明,2023-03-30,9604
5258,虹堡,141,21,120,富邦-陽明,2023-03-30,9604
2419,仲琦,108,8,100,富邦-陽明,2023-03-30,9604
00882,中信中國高股息,97,1,96,富邦-陽明,2023-03-30,9604
2607,榮運,90,0,90,富邦-陽明,2023-03-30,9604
2449,京元電子,92,10,82,富邦-陽明,2023-03-30,9604
1477,聚陽,64,0,64,富邦-陽明,2023-03-30,9604
5425,台半,77,20,57,富邦-陽明,2023-03-30,9604
2889,國票金,53,2,51,富邦-陽明,2023-03-30,9604
3706,神達,48,0,48,富邦-陽明,2023-03-30,9604
3481,群創,64,18,46,富邦-陽明,2023-03-30,9604
2610,華航,51,12,39,富邦-陽明,2023-03-30,9604
2883,凱基金,47,11,36,富邦-陽明,2023-03-30,9604
2890,永豐金,35,3,32,富邦-陽明,2023-03-30,9604
5289,宜鼎,64,31,33,富邦-陽明,2023-03-30,9604
2534,宏盛,32,0,32,富邦-陽明,2023-03-30,9604
00679B,元大美債20年,61,30,31,富邦-陽明,2023-03-30,9604
2409,友達,33,3,30,富邦-陽明,2023-03-30,9604
00720B,元大投資級公司債,31,1,30,富邦-陽明,2023-03-30,9604
4306,炎洲,30,0,30,富邦-陽明,2023-03-30,9604
00680L,元大美債20正2,44,15,29,富邦-陽明,2023-03-30,9604
2101,南港,29,0,29,富邦-陽明,2023-03-30,9604
3047,訊舟,37,11,26,富邦-陽明,2023-03-30,9604
2723,美食-KY,25,0,25,富邦-陽明,2023-03-30,9604
2331,精英,33,8,25,富邦-陽明,2023-03-30,9604
00706L,期元大S＆P日圓正2,25,0,25,富邦-陽明,2023-03-30,9604
3704,合勤控,25,1,24,富邦-陽明,2023-03-30,9604
4977,眾達-KY,30,8,22,富邦-陽明,2023-03-30,9604
6233,旺玖,37,15,22,富邦-陽明,2023-03-30,9604
5351,鈺創,32,10,22,富邦-陽明,2023-03-30,9604
6143,振曜,28,8,20,富邦-陽明,2023-03-30,9604
00669R,國泰美國道瓊反1,20,0,20,富邦-陽明,2023-03-30,9604
00671R,富邦NASDAQ反1,20,0,20,富邦-陽明,2023-03-30,9604
2617,台航,20,0,20,富邦-陽明,2023-03-30,9604
6133,金橋,61,41,20,富邦-陽明,2023-03-30,9604
2103,台橡,20,0,20,富邦-陽明,2023-03-30,9604
2883B,凱基金乙特,20,0,20,富邦-陽明,2023-03-30,9604
1605,華新,42,23,19,富邦-陽明,2023-03-30,9604
2618,長榮航,22,3,19,富邦-陽明,2023-03-30,9604
00650L,復華香港正2,21,2,19,富邦-陽明,2023-03-30,9604
6015,宏遠證,20,1,19,富邦-陽明,2023-03-30,9604
2104,國際中橡,17,0,17,富邦-陽明,2023-03-30,9604
1447,力鵬,20,3,17,富邦-陽明,2023-03-30,9604
6770,力積電,19,3,16,富邦-陽明,2023-03-30,9604
2645,長榮航太,18,2,16,富邦-陽明,2023-03-30,9604
3710,連展投控,16,0,16,富邦-陽明,2023-03-30,9604
6244,茂迪,41,25,16,富邦-陽明,2023-03-30,9604
3035,智原,26,11,15,富邦-陽明,2023-03-30,9604
6485,點序,42,27,15,富邦-陽明,2023-03-30,9604
3062,建漢,15,0,15,富邦-陽明,2023-03-30,9604
1605,華新,324,48,276,富邦-陽明,2023-03-31,9604
00679B,元大美債20年,145,20,125,富邦-陽明,2023-03-31,9604
3290,東浦,119,11,108,富邦-陽明,2023-03-31,9604
00671R,富邦NASDAQ反1,100,0,100,富邦-陽明,2023-03-31,9604
2897,王道銀行,100,5,95,富邦-陽明,2023-03-31,9604
1708,東鹼,58,1,57,富邦-陽明,2023-03-31,9604
5289,宜鼎,61,6,55,富邦-陽明,2023-03-31,9604
3312,弘憶股,60,5,55,富邦-陽明,2023-03-31,9604
1504,東元,101,50,51,富邦-陽明,2023-03-31,9604
2367,燿華,52,1,51,富邦-陽明,2023-03-31,9604
1477,聚陽,50,0,50,富邦-陽明,2023-03-31,9604
00673R,期元大S＆P原油反1,45,0,45,富邦-陽明,2023-03-31,9604
5258,虹堡,65,21,44,富邦-陽明,2023-03-31,9604
6109,亞元,44,1,43,富邦-陽明,2023-03-31,9604
2634,漢翔,50,7,43,富邦-陽明,2023-03-31,9604
00664R,國泰臺灣加權反1,42,0,42,富邦-陽明,2023-03-31,9604
1760,寶齡富錦,48,6,42,富邦-陽明,2023-03-31,9604
3322,建舜電,53,16,37,富邦-陽明,2023-03-31,9604
6770,力積電,63,27,36,富邦-陽明,2023-03-31,9604
2607,榮運,33,0,33,富邦-陽明,2023-03-31,9604
1447,力鵬,34,1,33,富邦-陽明,2023-03-31,9604
8050,廣積,39,9,30,富邦-陽明,2023-03-31,9604
6414,樺漢,41,13,28,富邦-陽明,2023-03-31,9604
1522,堤維西,30,2,28,富邦-陽明,2023-03-31,9604
00712,復華富時不動產,27,0,27,富邦-陽明,2023-03-31,9604
8088,品安,50,23,27,富邦-陽明,2023-03-31,9604
00647L,元大S＆P500正2,30,4,26,富邦-陽明,2023-03-31,9604
1524,耿鼎,27,1,26,富邦-陽明,2023-03-31,9604
6142,友勁,27,2,25,富邦-陽明,2023-03-31,9604
2342,茂矽,30,5,25,富邦-陽明,2023-03-31,9604
2352,佳世達,30,5,25,富邦-陽明,2023-03-31,9604
4967,十銓,49,24,25,富邦-陽明,2023-03-31,9604
6279,胡連,24,0,24,富邦-陽明,2023-03-31,9604
3576,聯合再生,41,18,23,富邦-陽明,2023-03-31,9604
3711,日月光投控,27,4,23,富邦-陽明,2023-03-31,9604
2419,仲琦,50,28,22,富邦-陽明,2023-03-31,9604
3693,營邦,23,2,21,富邦-陽明,2023-03-31,9604
9105,泰金寶-DR,21,0,21,富邦-陽明,2023-03-31,9604
8271,宇瞻,28,8,20,富邦-陽明,2023-03-31,9604
00882,中信中國高股息,29,10,19,富邦-陽明,2023-03-31,9604
3088,艾訊,20,1,19,富邦-陽明,2023-03-31,9604
2609,陽明,37,18,19,富邦-陽明,2023-03-31,9604
2482,連宇,52,34,18,富邦-陽明,2023-03-31,9604
3025,星通,17,1,16,富邦-陽明,2023-03-31,9604
3051,力特,16,0,16,富邦-陽明,2023-03-31,9604
1108,幸福,24,8,16,富邦-陽明,2023-03-31,9604
6163,華電網,101,86,15,富邦-陽明,2023-03-31,9604
2603,長榮,20,5,15,富邦-陽明,2023-03-31,9604
2881,富邦金,22,8,14,富邦-陽明,2023-03-31,9604
00713,元大台灣高息低波,24,10,14,富邦-陽明,2023-03-31,9604
00665L,富邦�琤肭磪囓�2,448,57,391,富邦-陽明,2023-04-06,9604
00673R,期元大S＆P原油反1,367,0,367,富邦-陽明,2023-04-06,9604
00885,富邦越南,345,32,313,富邦-陽明,2023-04-06,9604
2344,華邦電,350,145,205,富邦-陽明,2023-04-06,9604
2317,鴻海,184,37,147,富邦-陽明,2023-04-06,9604
00919,群益台灣精選高息,102,0,102,富邦-陽明,2023-04-06,9604
00882,中信中國高股息,101,0,101,富邦-陽明,2023-04-06,9604
2457,飛宏,110,25,85,富邦-陽明,2023-04-06,9604
2609,陽明,101,24,77,富邦-陽明,2023-04-06,9604
2337,旺宏,76,7,69,富邦-陽明,2023-04-06,9604
1603,華電,67,0,67,富邦-陽明,2023-04-06,9604
8069,元太,79,15,64,富邦-陽明,2023-04-06,9604
1104,環泥,62,0,62,富邦-陽明,2023-04-06,9604
6548,長科*,70,10,60,富邦-陽明,2023-04-06,9604
00900,富邦特選高股息30,84,25,59,富邦-陽明,2023-04-06,9604
0056,元大高股息,91,33,58,富邦-陽明,2023-04-06,9604
00679B,元大美債20年,114,58,56,富邦-陽明,2023-04-06,9604
5388,中磊,56,3,53,富邦-陽明,2023-04-06,9604
9907,統一實,67,16,51,富邦-陽明,2023-04-06,9604
00669R,國泰美國道瓊反1,50,0,50,富邦-陽明,2023-04-06,9604
00893,國泰智能電動車,51,1,50,富邦-陽明,2023-04-06,9604
3037,欣興,71,23,48,富邦-陽明,2023-04-06,9604
3006,晶豪科,54,10,44,富邦-陽明,2023-04-06,9604
00688L,國泰20年美債正2,44,1,43,富邦-陽明,2023-04-06,9604
3011,今皓,43,0,43,富邦-陽明,2023-04-06,9604
2413,環科,46,4,42,富邦-陽明,2023-04-06,9604
6285,啟��,48,7,41,富邦-陽明,2023-04-06,9604
2449,京元電子,50,10,40,富邦-陽明,2023-04-06,9604
5521,工信,40,0,40,富邦-陽明,2023-04-06,9604
00751B,元大AAA至A公司債,43,4,39,富邦-陽明,2023-04-06,9604
6770,力積電,41,4,37,富邦-陽明,2023-04-06,9604
3312,弘憶股,36,0,36,富邦-陽明,2023-04-06,9604
3047,訊舟,40,7,33,富邦-陽明,2023-04-06,9604
1519,華城,57,28,29,富邦-陽明,2023-04-06,9604
2368,金像電,51,23,28,富邦-陽明,2023-04-06,9604
00637L,元大滬深300正2,78,51,27,富邦-陽明,2023-04-06,9604
3479,安勤,55,28,27,富邦-陽明,2023-04-06,9604
6235,華孚,172,145,27,富邦-陽明,2023-04-06,9604
2605,新興,60,33,27,富邦-陽明,2023-04-06,9604
00902,中信電池及儲能,25,0,25,富邦-陽明,2023-04-06,9604
3290,東浦,24,0,24,富邦-陽明,2023-04-06,9604
2495,普安,34,11,23,富邦-陽明,2023-04-06,9604
00633L,富邦上証正2,23,0,23,富邦-陽明,2023-04-06,9604
00922,國泰台灣領袖50,23,0,23,富邦-陽明,2023-04-06,9604
1219,福壽,25,2,23,富邦-陽明,2023-04-06,9604
00713,元大台灣高息低波,27,5,22,富邦-陽明,2023-04-06,9604
3532,台勝科,22,0,22,富邦-陽明,2023-04-06,9604
4916,事欣科,27,5,22,富邦-陽明,2023-04-06,9604
2402,毅嘉,43,23,20,富邦-陽明,2023-04-06,9604
8421,旭源,20,0,20,富邦-陽明,2023-04-06,9604
2867,三商壽,337,108,229,富邦-陽明,2023-04-07,9604
2201,裕隆,204,5,199,富邦-陽明,2023-04-07,9604
2409,友達,126,15,111,富邦-陽明,2023-04-07,9604
1609,大亞,136,40,96,富邦-陽明,2023-04-07,9604
1101,台泥,90,5,85,富邦-陽明,2023-04-07,9604
2317,鴻海,81,8,73,富邦-陽明,2023-04-07,9604
3481,群創,97,30,67,富邦-陽明,2023-04-07,9604
9907,統一實,66,9,57,富邦-陽明,2023-04-07,9604
00669R,國泰美國道瓊反1,50,0,50,富邦-陽明,2023-04-07,9604
00673R,期元大S＆P原油反1,49,0,49,富邦-陽明,2023-04-07,9604
00712,復華富時不動產,49,0,49,富邦-陽明,2023-04-07,9604
00665L,富邦�琤肭磪囓�2,52,4,48,富邦-陽明,2023-04-07,9604
3312,弘憶股,49,2,47,富邦-陽明,2023-04-07,9604
3520,華盈,54,11,43,富邦-陽明,2023-04-07,9604
8069,元太,63,27,36,富邦-陽明,2023-04-07,9604
2453,凌群,46,10,36,富邦-陽明,2023-04-07,9604
6235,華孚,91,57,34,富邦-陽明,2023-04-07,9604
2208,台船,59,27,32,富邦-陽明,2023-04-07,9604
8210,勤誠,32,0,32,富邦-陽明,2023-04-07,9604
2399,映泰,30,0,30,富邦-陽明,2023-04-07,9604
00882,中信中國高股息,31,1,30,富邦-陽明,2023-04-07,9604
6226,光鼎,30,0,30,富邦-陽明,2023-04-07,9604
6160,欣技,34,5,29,富邦-陽明,2023-04-07,9604
3052,夆典,28,0,28,富邦-陽明,2023-04-07,9604
1447,力鵬,32,5,27,富邦-陽明,2023-04-07,9604
2495,普安,27,1,26,富邦-陽明,2023-04-07,9604
3162,精確,30,4,26,富邦-陽明,2023-04-07,9604
6005,群益證,25,0,25,富邦-陽明,2023-04-07,9604
3693,營邦,26,1,25,富邦-陽明,2023-04-07,9604
2886,兆豐金,29,4,25,富邦-陽明,2023-04-07,9604
1709,和益,24,0,24,富邦-陽明,2023-04-07,9604
00773B,中信優先金融債,24,1,23,富邦-陽明,2023-04-07,9604
00637L,元大滬深300正2,292,270,22,富邦-陽明,2023-04-07,9604
00633L,富邦上証正2,32,10,22,富邦-陽明,2023-04-07,9604
1795,美時,69,47,22,富邦-陽明,2023-04-07,9604
4130,健亞,21,0,21,富邦-陽明,2023-04-07,9604
00671R,富邦NASDAQ反1,20,0,20,富邦-陽明,2023-04-07,9604
2362,藍天,20,0,20,富邦-陽明,2023-04-07,9604
2455,全新,23,3,20,富邦-陽明,2023-04-07,9604
2393,億光,20,0,20,富邦-陽明,2023-04-07,9604
6579,研揚,20,0,20,富邦-陽明,2023-04-07,9604
3715,定穎投控,24,4,20,富邦-陽明,2023-04-07,9604
1903,士紙,20,0,20,富邦-陽明,2023-04-07,9604
8926,台汽電,34,14,20,富邦-陽明,2023-04-07,9604
00692,富邦公司治理,22,3,19,富邦-陽明,2023-04-07,9604
6138,茂達,20,1,19,富邦-陽明,2023-04-07,9604
6282,康舒,24,6,18,富邦-陽明,2023-04-07,9604
2887,台新金,18,0,18,富邦-陽明,2023-04-07,9604
3025,星通,85,67,18,富邦-陽明,2023-04-07,9604
2402,毅嘉,25,7,18,富邦-陽明,2023-04-07,9604
2344,華邦電,296,104,192,富邦-陽明,2023-04-10,9604
00673R,期元大S＆P原油反1,151,0,151,富邦-陽明,2023-04-10,9604
00679B,元大美債20年,154,3,151,富邦-陽明,2023-04-10,9604
1605,華新,142,26,116,富邦-陽明,2023-04-10,9604
2455,全新,116,26,90,富邦-陽明,2023-04-10,9604
2349,錸德,96,12,84,富邦-陽明,2023-04-10,9604
2481,強茂,80,2,78,富邦-陽明,2023-04-10,9604
1308,亞聚,98,24,74,富邦-陽明,2023-04-10,9604
4968,立積,108,35,73,富邦-陽明,2023-04-10,9604
2609,陽明,127,55,72,富邦-陽明,2023-04-10,9604
1313,聯成,54,1,53,富邦-陽明,2023-04-10,9604
6863,永道-KY,51,5,46,富邦-陽明,2023-04-10,9604
2834,臺企銀,52,8,44,富邦-陽明,2023-04-10,9604
00772B,中信高評級公司債,43,2,41,富邦-陽明,2023-04-10,9604
2881,富邦金,54,13,41,富邦-陽明,2023-04-10,9604
1589,永冠-KY,40,0,40,富邦-陽明,2023-04-10,9604
00643,群益深証中小,40,0,40,富邦-陽明,2023-04-10,9604
00720B,元大投資級公司債,48,11,37,富邦-陽明,2023-04-10,9604
3272,東碩,37,0,37,富邦-陽明,2023-04-10,9604
00632R,元大台灣50反1,40,5,35,富邦-陽明,2023-04-10,9604
2497,怡利電,58,25,33,富邦-陽明,2023-04-10,9604
2317,鴻海,43,13,30,富邦-陽明,2023-04-10,9604
2723,美食-KY,30,1,29,富邦-陽明,2023-04-10,9604
3035,智原,48,20,28,富邦-陽明,2023-04-10,9604
6664,群翊,28,1,27,富邦-陽明,2023-04-10,9604
2302,麗正,32,6,26,富邦-陽明,2023-04-10,9604
4207,環泰,25,0,25,富邦-陽明,2023-04-10,9604
2331,精英,30,5,25,富邦-陽明,2023-04-10,9604
6443,元晶,55,30,25,富邦-陽明,2023-04-10,9604
1210,大成,25,2,23,富邦-陽明,2023-04-10,9604
2483,百容,45,22,23,富邦-陽明,2023-04-10,9604
9942,茂順,31,8,23,富邦-陽明,2023-04-10,9604
00751B,元大AAA至A公司債,25,2,23,富邦-陽明,2023-04-10,9604
2634,漢翔,136,113,23,富邦-陽明,2023-04-10,9604
3029,零壹,48,26,22,富邦-陽明,2023-04-10,9604
00633L,富邦上証正2,31,9,22,富邦-陽明,2023-04-10,9604
2457,飛宏,124,102,22,富邦-陽明,2023-04-10,9604
00637L,元大滬深300正2,332,311,21,富邦-陽明,2023-04-10,9604
8028,昇陽半導體,26,5,21,富邦-陽明,2023-04-10,9604
1447,力鵬,21,0,21,富邦-陽明,2023-04-10,9604
1519,華城,61,40,21,富邦-陽明,2023-04-10,9604
4951,精拓科,21,0,21,富邦-陽明,2023-04-10,9604
00687B,國泰20年美債,21,0,21,富邦-陽明,2023-04-10,9604
3362,先進光,24,3,21,富邦-陽明,2023-04-10,9604
1903,士紙,20,0,20,富邦-陽明,2023-04-10,9604
3703,欣陸,20,0,20,富邦-陽明,2023-04-10,9604
2443,昶虹,20,0,20,富邦-陽明,2023-04-10,9604
1219,福壽,20,0,20,富邦-陽明,2023-04-10,9604
5531,鄉林,24,5,19,富邦-陽明,2023-04-10,9604
6197,佳必琪,34,15,19,富邦-陽明,2023-04-10,9604
00650L,復華香港正2,271,50,221,富邦-陽明,2023-04-11,9604
1101,台泥,213,31,182,富邦-陽明,2023-04-11,9604
1609,大亞,217,72,145,富邦-陽明,2023-04-11,9604
6161,捷波,142,10,132,富邦-陽明,2023-04-11,9604
3703,欣陸,115,3,112,富邦-陽明,2023-04-11,9604
2535,達欣工,119,8,111,富邦-陽明,2023-04-11,9604
00673R,期元大S＆P原油反1,112,10,102,富邦-陽明,2023-04-11,9604
3006,晶豪科,198,96,102,富邦-陽明,2023-04-11,9604
00671R,富邦NASDAQ反1,100,0,100,富邦-陽明,2023-04-11,9604
2349,錸德,103,5,98,富邦-陽明,2023-04-11,9604
2834,臺企銀,123,36,87,富邦-陽明,2023-04-11,9604
3625,西勝,92,9,83,富邦-陽明,2023-04-11,9604
00679B,元大美債20年,146,64,82,富邦-陽明,2023-04-11,9604
1308,亞聚,85,12,73,富邦-陽明,2023-04-11,9604
00712,復華富時不動產,75,8,67,富邦-陽明,2023-04-11,9604
00753L,中信中國50正2,129,64,65,富邦-陽明,2023-04-11,9604
2547,日勝生,65,0,65,富邦-陽明,2023-04-11,9604
00632R,元大台灣50反1,74,15,59,富邦-陽明,2023-04-11,9604
2498,宏達電,152,93,59,富邦-陽明,2023-04-11,9604
3047,訊舟,57,0,57,富邦-陽明,2023-04-11,9604
2303,聯電,67,10,57,富邦-陽明,2023-04-11,9604
5243,乙盛-KY,53,1,52,富邦-陽明,2023-04-11,9604
00665L,富邦�琤肭磪囓�2,467,416,51,富邦-陽明,2023-04-11,9604
6245,立端,52,6,46,富邦-陽明,2023-04-11,9604
00720B,元大投資級公司債,45,0,45,富邦-陽明,2023-04-11,9604
4916,事欣科,45,2,43,富邦-陽明,2023-04-11,9604
6770,力積電,58,18,40,富邦-陽明,2023-04-11,9604
6698,旭暉應材,48,8,40,富邦-陽明,2023-04-11,9604
3046,建��,115,79,36,富邦-陽明,2023-04-11,9604
1504,東元,122,86,36,富邦-陽明,2023-04-11,9604
00772B,中信高評級公司債,35,0,35,富邦-陽明,2023-04-11,9604
3037,欣興,47,15,32,富邦-陽明,2023-04-11,9604
00648R,元大S＆P500反1,31,0,31,富邦-陽明,2023-04-11,9604
3710,連展投控,40,10,30,富邦-陽明,2023-04-11,9604
6223,旺矽,32,2,30,富邦-陽明,2023-04-11,9604
8097,常珵,33,4,29,富邦-陽明,2023-04-11,9604
5439,高技,30,1,29,富邦-陽明,2023-04-11,9604
00647L,元大S＆P500正2,30,1,29,富邦-陽明,2023-04-11,9604
1447,力鵬,30,1,29,富邦-陽明,2023-04-11,9604
3706,神達,37,9,28,富邦-陽明,2023-04-11,9604
2314,台揚,29,1,28,富邦-陽明,2023-04-11,9604
3081,聯亞,30,2,28,富邦-陽明,2023-04-11,9604
2455,全新,34,6,28,富邦-陽明,2023-04-11,9604
2723,美食-KY,34,6,28,富邦-陽明,2023-04-11,9604
8222,寶一,45,18,27,富邦-陽明,2023-04-11,9604
00738U,期元大道瓊白銀,30,3,27,富邦-陽明,2023-04-11,9604
2443,昶虹,40,13,27,富邦-陽明,2023-04-11,9604
6477,安集,28,1,27,富邦-陽明,2023-04-11,9604
4915,致伸,26,0,26,富邦-陽明,2023-04-11,9604
00773B,中信優先金融債,23,0,23,富邦-陽明,2023-04-11,9604
6223,旺矽,282,83,199,富邦-陽明,2023-04-12,9604
2356,英業達,181,2,179,富邦-陽明,2023-04-12,9604
00665L,富邦�琤肭磪囓�2,115,4,111,富邦-陽明,2023-04-12,9604
00673R,期元大S＆P原油反1,153,42,111,富邦-陽明,2023-04-12,9604
8215,明基材,129,27,102,富邦-陽明,2023-04-12,9604
2535,達欣工,84,3,81,富邦-陽明,2023-04-12,9604
2105,正新,105,29,76,富邦-陽明,2023-04-12,9604
00679B,元大美債20年,74,2,72,富邦-陽明,2023-04-12,9604
5521,工信,75,5,70,富邦-陽明,2023-04-12,9604
2344,華邦電,185,123,62,富邦-陽明,2023-04-12,9604
2481,強茂,65,4,61,富邦-陽明,2023-04-12,9604
2313,華通,74,19,55,富邦-陽明,2023-04-12,9604
9935,慶豐富,52,0,52,富邦-陽明,2023-04-12,9604
00878,國泰永續高股息,146,94,52,富邦-陽明,2023-04-12,9604
00712,復華富時不動產,52,1,51,富邦-陽明,2023-04-12,9604
3027,盛達,97,46,51,富邦-陽明,2023-04-12,9604
1447,力鵬,50,0,50,富邦-陽明,2023-04-12,9604
3703,欣陸,50,1,49,富邦-陽明,2023-04-12,9604
4968,立積,87,38,49,富邦-陽明,2023-04-12,9604
1718,中纖,50,2,48,富邦-陽明,2023-04-12,9604
4147,中裕,66,20,46,富邦-陽明,2023-04-12,9604
3290,東浦,50,5,45,富邦-陽明,2023-04-12,9604
2330,台積電,56,15,41,富邦-陽明,2023-04-12,9604
6180,橘子,41,2,39,富邦-陽明,2023-04-12,9604
3037,欣興,47,10,37,富邦-陽明,2023-04-12,9604
00888,永豐台灣ESG,40,4,36,富邦-陽明,2023-04-12,9604
4155,訊映,35,1,34,富邦-陽明,2023-04-12,9604
00637L,元大滬深300正2,290,257,33,富邦-陽明,2023-04-12,9604
2317,鴻海,38,6,32,富邦-陽明,2023-04-12,9604
00713,元大台灣高息低波,35,3,32,富邦-陽明,2023-04-12,9604
2501,國建,30,0,30,富邦-陽明,2023-04-12,9604
3607,谷崧,30,0,30,富邦-陽明,2023-04-12,9604
2027,大成鋼,32,2,30,富邦-陽明,2023-04-12,9604
00772B,中信高評級公司債,28,0,28,富邦-陽明,2023-04-12,9604
5439,高技,53,28,25,富邦-陽明,2023-04-12,9604
3363,上詮,129,105,24,富邦-陽明,2023-04-12,9604
4162,智擎,24,0,24,富邦-陽明,2023-04-12,9604
3570,大塚,24,0,24,富邦-陽明,2023-04-12,9604
2542,興富發,29,6,23,富邦-陽明,2023-04-12,9604
3231,緯創,102,79,23,富邦-陽明,2023-04-12,9604
00633L,富邦上証正2,30,8,22,富邦-陽明,2023-04-12,9604
2329,華泰,64,43,21,富邦-陽明,2023-04-12,9604
1584,精剛,71,50,21,富邦-陽明,2023-04-12,9604
3701,大眾控,30,9,21,富邦-陽明,2023-04-12,9604
2883,凱基金,108,88,20,富邦-陽明,2023-04-12,9604
1434,福懋,20,0,20,富邦-陽明,2023-04-12,9604
3209,全科,24,4,20,富邦-陽明,2023-04-12,9604
8088,品安,48,28,20,富邦-陽明,2023-04-12,9604
4114,健喬,61,41,20,富邦-陽明,2023-04-12,9604
6220,岳豐,20,1,19,富邦-陽明,2023-04-12,9604
2867,三商壽,218,15,203,富邦-陽明,2023-04-13,9604
3363,上詮,166,13,153,富邦-陽明,2023-04-13,9604
5258,虹堡,129,4,125,富邦-陽明,2023-04-13,9604
3576,聯合再生,142,19,123,富邦-陽明,2023-04-13,9604
00673R,期元大S＆P原油反1,100,0,100,富邦-陽明,2023-04-13,9604
1314,中石化,116,17,99,富邦-陽明,2023-04-13,9604
3006,晶豪科,93,16,77,富邦-陽明,2023-04-13,9604
00712,復華富時不動產,77,2,75,富邦-陽明,2023-04-13,9604
3711,日月光投控,75,2,73,富邦-陽明,2023-04-13,9604
00679B,元大美債20年,79,8,71,富邦-陽明,2023-04-13,9604
2609,陽明,89,24,65,富邦-陽明,2023-04-13,9604
1609,大亞,369,306,63,富邦-陽明,2023-04-13,9604
1447,力鵬,71,8,63,富邦-陽明,2023-04-13,9604
00772B,中信高評級公司債,63,1,62,富邦-陽明,2023-04-13,9604
6443,元晶,60,4,56,富邦-陽明,2023-04-13,9604
6235,華孚,181,127,54,富邦-陽明,2023-04-13,9604
1504,東元,208,154,54,富邦-陽明,2023-04-13,9604
2344,華邦電,263,210,53,富邦-陽明,2023-04-13,9604
1605,華新,98,45,53,富邦-陽明,2023-04-13,9604
0056,元大高股息,76,24,52,富邦-陽明,2023-04-13,9604
2330,台積電,59,11,48,富邦-陽明,2023-04-13,9604
1503,士電,99,53,46,富邦-陽明,2023-04-13,9604
5608,四維航,59,14,45,富邦-陽明,2023-04-13,9604
00720B,元大投資級公司債,45,1,44,富邦-陽明,2023-04-13,9604
1709,和益,49,5,44,富邦-陽明,2023-04-13,9604
6163,華電網,83,40,43,富邦-陽明,2023-04-13,9604
1527,鑽全,41,0,41,富邦-陽明,2023-04-13,9604
2501,國建,40,0,40,富邦-陽明,2023-04-13,9604
00713,元大台灣高息低波,44,4,40,富邦-陽明,2023-04-13,9604
2515,中工,303,265,38,富邦-陽明,2023-04-13,9604
2337,旺宏,39,1,38,富邦-陽明,2023-04-13,9604
0050,元大台灣50,42,6,36,富邦-陽明,2023-04-13,9604
3715,定穎投控,57,21,36,富邦-陽明,2023-04-13,9604
00900,富邦特選高股息30,35,0,35,富邦-陽明,2023-04-13,9604
5351,鈺創,47,12,35,富邦-陽明,2023-04-13,9604
00725B,國泰投資級公司債,35,0,35,富邦-陽明,2023-04-13,9604
2206,三陽工業,47,14,33,富邦-陽明,2023-04-13,9604
00891,中信關鍵半導體,42,10,32,富邦-陽明,2023-04-13,9604
4147,中裕,64,35,29,富邦-陽明,2023-04-13,9604
2486,一詮,27,0,27,富邦-陽明,2023-04-13,9604
3312,弘憶股,30,3,27,富邦-陽明,2023-04-13,9604
3231,緯創,81,56,25,富邦-陽明,2023-04-13,9604
6282,康舒,38,13,25,富邦-陽明,2023-04-13,9604
5521,工信,39,14,25,富邦-陽明,2023-04-13,9604
2457,飛宏,148,124,24,富邦-陽明,2023-04-13,9604
8046,南電,29,5,24,富邦-陽明,2023-04-13,9604
3037,欣興,50,26,24,富邦-陽明,2023-04-13,9604
2201,裕隆,67,43,24,富邦-陽明,2023-04-13,9604
2313,華通,39,16,23,富邦-陽明,2023-04-13,9604
2471,資通,23,0,23,富邦-陽明,2023-04-13,9604
2030,彰源,276,1,275,富邦-陽明,2023-04-14,9604
2344,華邦電,278,85,193,富邦-陽明,2023-04-14,9604
00679B,元大美債20年,163,5,158,富邦-陽明,2023-04-14,9604
3071,協禧,156,2,154,富邦-陽明,2023-04-14,9604
00676R,富邦臺灣加權反1,152,0,152,富邦-陽明,2023-04-14,9604
8215,明基材,161,18,143,富邦-陽明,2023-04-14,9604
2610,華航,197,56,141,富邦-陽明,2023-04-14,9604
2208,台船,219,108,111,富邦-陽明,2023-04-14,9604
2382,廣達,113,4,109,富邦-陽明,2023-04-14,9604
3703,欣陸,104,0,104,富邦-陽明,2023-04-14,9604
00772B,中信高評級公司債,100,0,100,富邦-陽明,2023-04-14,9604
3576,聯合再生,101,11,90,富邦-陽明,2023-04-14,9604
00878,國泰永續高股息,130,45,85,富邦-陽明,2023-04-14,9604
3481,群創,120,41,79,富邦-陽明,2023-04-14,9604
00712,復華富時不動產,72,0,72,富邦-陽明,2023-04-14,9604
6209,今國光,90,18,72,富邦-陽明,2023-04-14,9604
00720B,元大投資級公司債,68,0,68,富邦-陽明,2023-04-14,9604
2409,友達,107,41,66,富邦-陽明,2023-04-14,9604
3607,谷崧,58,0,58,富邦-陽明,2023-04-14,9604
2313,華通,56,1,55,富邦-陽明,2023-04-14,9604
1444,力麗,53,0,53,富邦-陽明,2023-04-14,9604
00671R,富邦NASDAQ反1,50,0,50,富邦-陽明,2023-04-14,9604
1584,精剛,148,100,48,富邦-陽明,2023-04-14,9604
2449,京元電子,41,0,41,富邦-陽明,2023-04-14,9604
3499,環天科,46,7,39,富邦-陽明,2023-04-14,9604
1529,樂事綠能,124,86,38,富邦-陽明,2023-04-14,9604
9902,台火,38,0,38,富邦-陽明,2023-04-14,9604
1762,中化生,80,42,38,富邦-陽明,2023-04-14,9604
4147,中裕,48,11,37,富邦-陽明,2023-04-14,9604
1504,東元,176,139,37,富邦-陽明,2023-04-14,9604
6244,茂迪,41,4,37,富邦-陽明,2023-04-14,9604
1909,榮成,38,2,36,富邦-陽明,2023-04-14,9604
4541,晟田,76,41,35,富邦-陽明,2023-04-14,9604
2630,亞航,40,6,34,富邦-陽明,2023-04-14,9604
2867,三商壽,41,8,33,富邦-陽明,2023-04-14,9604
8936,國統,53,21,32,富邦-陽明,2023-04-14,9604
6129,普誠,34,3,31,富邦-陽明,2023-04-14,9604
0056,元大高股息,57,27,30,富邦-陽明,2023-04-14,9604
00713,元大台灣高息低波,35,5,30,富邦-陽明,2023-04-14,9604
6026,福邦證,30,0,30,富邦-陽明,2023-04-14,9604
1752,南光,80,51,29,富邦-陽明,2023-04-14,9604
2834,臺企銀,39,10,29,富邦-陽明,2023-04-14,9604
00687B,國泰20年美債,28,0,28,富邦-陽明,2023-04-14,9604
1104,環泥,31,3,28,富邦-陽明,2023-04-14,9604
2385,群光,30,2,28,富邦-陽明,2023-04-14,9604
6285,啟��,64,37,27,富邦-陽明,2023-04-14,9604
2402,毅嘉,82,56,26,富邦-陽明,2023-04-14,9604
3264,欣銓,29,3,26,富邦-陽明,2023-04-14,9604
3176,基亞,26,0,26,富邦-陽明,2023-04-14,9604
3231,緯創,96,71,25,富邦-陽明,2023-04-14,9604
1789,神隆,300,2,298,富邦-陽明,2023-04-17,9604
5009,榮剛,237,11,226,富邦-陽明,2023-04-17,9604
00679B,元大美債20年,214,2,212,富邦-陽明,2023-04-17,9604
1605,華新,308,111,197,富邦-陽明,2023-04-17,9604
2324,仁寶,214,60,154,富邦-陽明,2023-04-17,9604
3231,緯創,190,55,135,富邦-陽明,2023-04-17,9604
3494,誠研,112,0,112,富邦-陽明,2023-04-17,9604
1762,中化生,128,34,94,富邦-陽明,2023-04-17,9604
2206,三陽工業,118,29,89,富邦-陽明,2023-04-17,9604
00673R,期元大S＆P原油反1,86,0,86,富邦-陽明,2023-04-17,9604
5512,力麒,86,2,84,富邦-陽明,2023-04-17,9604
00680L,元大美債20正2,82,0,82,富邦-陽明,2023-04-17,9604
4526,東台,102,22,80,富邦-陽明,2023-04-17,9604
00725B,國泰投資級公司債,82,3,79,富邦-陽明,2023-04-17,9604
3058,立德,94,18,76,富邦-陽明,2023-04-17,9604
2030,彰源,75,0,75,富邦-陽明,2023-04-17,9604
6235,華孚,178,108,70,富邦-陽明,2023-04-17,9604
00772B,中信高評級公司債,71,1,70,富邦-陽明,2023-04-17,9604
2105,正新,68,0,68,富邦-陽明,2023-04-17,9604
00706L,期元大S＆P日圓正2,67,0,67,富邦-陽明,2023-04-17,9604
1210,大成,86,19,67,富邦-陽明,2023-04-17,9604
2481,強茂,85,23,62,富邦-陽明,2023-04-17,9604
00720B,元大投資級公司債,62,7,55,富邦-陽明,2023-04-17,9604
9955,佳龍,52,0,52,富邦-陽明,2023-04-17,9604
2409,友達,75,25,50,富邦-陽明,2023-04-17,9604
00712,復華富時不動產,50,0,50,富邦-陽明,2023-04-17,9604
3703,欣陸,50,2,48,富邦-陽明,2023-04-17,9604
3006,晶豪科,52,4,48,富邦-陽明,2023-04-17,9604
1477,聚陽,46,0,46,富邦-陽明,2023-04-17,9604
3712,永崴投控,70,25,45,富邦-陽明,2023-04-17,9604
2363,矽統,45,0,45,富邦-陽明,2023-04-17,9604
00687B,國泰20年美債,44,1,43,富邦-陽明,2023-04-17,9604
4961,天鈺,84,44,40,富邦-陽明,2023-04-17,9604
2401,凌陽,40,0,40,富邦-陽明,2023-04-17,9604
6125,廣運,42,2,40,富邦-陽明,2023-04-17,9604
1409,新纖,40,0,40,富邦-陽明,2023-04-17,9604
6234,高僑,53,13,40,富邦-陽明,2023-04-17,9604
2312,金寶,100,63,37,富邦-陽明,2023-04-17,9604
2615,萬海,69,33,36,富邦-陽明,2023-04-17,9604
6205,詮欣,37,1,36,富邦-陽明,2023-04-17,9604
00751B,元大AAA至A公司債,46,10,36,富邦-陽明,2023-04-17,9604
3652,精聯,41,9,32,富邦-陽明,2023-04-17,9604
3032,偉訓,55,25,30,富邦-陽明,2023-04-17,9604
4552,力達-KY,30,0,30,富邦-陽明,2023-04-17,9604
3714,富采,32,4,28,富邦-陽明,2023-04-17,9604
3491,昇達科,39,12,27,富邦-陽明,2023-04-17,9604
6163,華電網,38,12,26,富邦-陽明,2023-04-17,9604
2454,聯發科,28,3,25,富邦-陽明,2023-04-17,9604
2610,華航,40,15,25,富邦-陽明,2023-04-17,9604
1734,杏輝,30,5,25,富邦-陽明,2023-04-17,9604
3711,日月光投控,1880,10,1870,富邦-陽明,2023-04-18,9604
00679B,元大美債20年,287,16,271,富邦-陽明,2023-04-18,9604
2609,陽明,267,66,201,富邦-陽明,2023-04-18,9604
1104,環泥,152,0,152,富邦-陽明,2023-04-18,9604
6233,旺玖,150,5,145,富邦-陽明,2023-04-18,9604
00680L,元大美債20正2,146,5,141,富邦-陽明,2023-04-18,9604
2634,漢翔,301,185,116,富邦-陽明,2023-04-18,9604
00772B,中信高評級公司債,113,0,113,富邦-陽明,2023-04-18,9604
00676R,富邦臺灣加權反1,100,0,100,富邦-陽明,2023-04-18,9604
00878,國泰永續高股息,171,74,97,富邦-陽明,2023-04-18,9604
5009,榮剛,118,22,96,富邦-陽明,2023-04-18,9604
00720B,元大投資級公司債,96,0,96,富邦-陽明,2023-04-18,9604
1584,精剛,171,76,95,富邦-陽明,2023-04-18,9604
1477,聚陽,90,0,90,富邦-陽明,2023-04-18,9604
00891,中信關鍵半導體,90,2,88,富邦-陽明,2023-04-18,9604
1609,大亞,121,46,75,富邦-陽明,2023-04-18,9604
3481,群創,109,39,70,富邦-陽明,2023-04-18,9604
1417,嘉裕,88,29,59,富邦-陽明,2023-04-18,9604
6244,茂迪,104,46,58,富邦-陽明,2023-04-18,9604
2380,虹光,57,0,57,富邦-陽明,2023-04-18,9604
1447,力鵬,56,0,56,富邦-陽明,2023-04-18,9604
3419,譁裕,57,2,55,富邦-陽明,2023-04-18,9604
5309,系統電,66,11,55,富邦-陽明,2023-04-18,9604
00641R,富邦日本反1,50,0,50,富邦-陽明,2023-04-18,9604
2867,三商壽,78,30,48,富邦-陽明,2023-04-18,9604
4968,立積,73,27,46,富邦-陽明,2023-04-18,9604
3715,定穎投控,57,11,46,富邦-陽明,2023-04-18,9604
00712,復華富時不動產,46,0,46,富邦-陽明,2023-04-18,9604
2208,台船,133,88,45,富邦-陽明,2023-04-18,9604
6167,久正,65,21,44,富邦-陽明,2023-04-18,9604
2834,臺企銀,46,3,43,富邦-陽明,2023-04-18,9604
6282,康舒,98,56,42,富邦-陽明,2023-04-18,9604
6770,力積電,50,10,40,富邦-陽明,2023-04-18,9604
2312,金寶,40,2,38,富邦-陽明,2023-04-18,9604
0056,元大高股息,71,35,36,富邦-陽明,2023-04-18,9604
5880,合庫金,39,4,35,富邦-陽明,2023-04-18,9604
00773B,中信優先金融債,35,0,35,富邦-陽明,2023-04-18,9604
2453,凌群,70,35,35,富邦-陽明,2023-04-18,9604
00751B,元大AAA至A公司債,49,15,34,富邦-陽明,2023-04-18,9604
2457,飛宏,252,219,33,富邦-陽明,2023-04-18,9604
2449,京元電子,33,0,33,富邦-陽明,2023-04-18,9604
3712,永崴投控,50,19,31,富邦-陽明,2023-04-18,9604
6142,友勁,41,10,31,富邦-陽明,2023-04-18,9604
2501,國建,30,0,30,富邦-陽明,2023-04-18,9604
2344,華邦電,240,211,29,富邦-陽明,2023-04-18,9604
2328,廣宇,33,4,29,富邦-陽明,2023-04-18,9604
3037,欣興,44,15,29,富邦-陽明,2023-04-18,9604
3017,奇鋐,37,8,29,富邦-陽明,2023-04-18,9604
00673R,期元大S＆P原油反1,43,15,28,富邦-陽明,2023-04-18,9604
2002,中鋼,30,2,28,富邦-陽明,2023-04-18,9604
3673,TPK-KY,397,22,375,富邦-陽明,2023-04-19,9604
2609,陽明,377,55,322,富邦-陽明,2023-04-19,9604
3481,群創,407,176,231,富邦-陽明,2023-04-19,9604
2409,友達,199,53,146,富邦-陽明,2023-04-19,9604
3588,通嘉,126,3,123,富邦-陽明,2023-04-19,9604
00679B,元大美債20年,116,5,111,富邦-陽明,2023-04-19,9604
1810,和成,168,58,110,富邦-陽明,2023-04-19,9604
00720B,元大投資級公司債,95,0,95,富邦-陽明,2023-04-19,9604
1616,億泰,114,24,90,富邦-陽明,2023-04-19,9604
6470,宇智,110,23,87,富邦-陽明,2023-04-19,9604
6160,欣技,93,14,79,富邦-陽明,2023-04-19,9604
2330,台積電,69,4,65,富邦-陽明,2023-04-19,9604
2852,第一保,63,0,63,富邦-陽明,2023-04-19,9604
5371,中光電,75,13,62,富邦-陽明,2023-04-19,9604
6243,迅杰,70,10,60,富邦-陽明,2023-04-19,9604
3037,欣興,91,31,60,富邦-陽明,2023-04-19,9604
6167,久正,99,40,59,富邦-陽明,2023-04-19,9604
8091,翔名,61,4,57,富邦-陽明,2023-04-19,9604
00772B,中信高評級公司債,53,0,53,富邦-陽明,2023-04-19,9604
1612,宏泰,53,1,52,富邦-陽明,2023-04-19,9604
1608,華榮,66,15,51,富邦-陽明,2023-04-19,9604
3682,亞太電,50,0,50,富邦-陽明,2023-04-19,9604
9955,佳龍,50,2,48,富邦-陽明,2023-04-19,9604
00687B,國泰20年美債,47,1,46,富邦-陽明,2023-04-19,9604
6770,力積電,74,28,46,富邦-陽明,2023-04-19,9604
2399,映泰,42,0,42,富邦-陽明,2023-04-19,9604
1101,台泥,46,7,39,富邦-陽明,2023-04-19,9604
2313,華通,40,2,38,富邦-陽明,2023-04-19,9604
6239,力成,38,0,38,富邦-陽明,2023-04-19,9604
2002,中鋼,87,49,38,富邦-陽明,2023-04-19,9604
4572,駐龍,41,4,37,富邦-陽明,2023-04-19,9604
0050,元大台灣50,52,15,37,富邦-陽明,2023-04-19,9604
4967,十銓,81,47,34,富邦-陽明,2023-04-19,9604
6863,永道-KY,71,37,34,富邦-陽明,2023-04-19,9604
2303,聯電,64,31,33,富邦-陽明,2023-04-19,9604
3090,日電貿,33,1,32,富邦-陽明,2023-04-19,9604
2481,強茂,38,6,32,富邦-陽明,2023-04-19,9604
2886,兆豐金,39,7,32,富邦-陽明,2023-04-19,9604
2851,中再保,31,0,31,富邦-陽明,2023-04-19,9604
2888,新光金,31,1,30,富邦-陽明,2023-04-19,9604
00664R,國泰臺灣加權反1,30,0,30,富邦-陽明,2023-04-19,9604
2882,國泰金,31,1,30,富邦-陽明,2023-04-19,9604
1528,恩德,33,4,29,富邦-陽明,2023-04-19,9604
2312,金寶,29,1,28,富邦-陽明,2023-04-19,9604
3711,日月光投控,28,0,28,富邦-陽明,2023-04-19,9604
2471,資通,39,12,27,富邦-陽明,2023-04-19,9604
2408,南亞科,31,4,27,富邦-陽明,2023-04-19,9604
5009,榮剛,31,5,26,富邦-陽明,2023-04-19,9604
1104,環泥,30,4,26,富邦-陽明,2023-04-19,9604
00655L,國泰中國A50正2,26,0,26,富邦-陽明,2023-04-19,9604
2344,華邦電,289,22,267,富邦-陽明,2023-04-20,9604
00878,國泰永續高股息,256,14,242,富邦-陽明,2023-04-20,9604
00772B,中信高評級公司債,139,10,129,富邦-陽明,2023-04-20,9604
5498,凱崴,101,0,101,富邦-陽明,2023-04-20,9604
2615,萬海,109,15,94,富邦-陽明,2023-04-20,9604
2484,希華,100,21,79,富邦-陽明,2023-04-20,9604
2324,仁寶,72,1,71,富邦-陽明,2023-04-20,9604
4510,高鋒,71,2,69,富邦-陽明,2023-04-20,9604
6443,元晶,193,125,68,富邦-陽明,2023-04-20,9604
4157,太景*-KY,67,1,66,富邦-陽明,2023-04-20,9604
6770,力積電,89,28,61,富邦-陽明,2023-04-20,9604
4114,健喬,81,21,60,富邦-陽明,2023-04-20,9604
2498,宏達電,120,62,58,富邦-陽明,2023-04-20,9604
6290,良維,80,22,58,富邦-陽明,2023-04-20,9604
00679B,元大美債20年,60,2,58,富邦-陽明,2023-04-20,9604
2618,長榮航,84,27,57,富邦-陽明,2023-04-20,9604
6160,欣技,58,7,51,富邦-陽明,2023-04-20,9604
6285,啟��,83,35,48,富邦-陽明,2023-04-20,9604
3607,谷崧,47,0,47,富邦-陽明,2023-04-20,9604
1417,嘉裕,52,7,45,富邦-陽明,2023-04-20,9604
1409,新纖,43,0,43,富邦-陽明,2023-04-20,9604
2426,鼎元,42,0,42,富邦-陽明,2023-04-20,9604
1609,大亞,53,14,39,富邦-陽明,2023-04-20,9604
00637L,元大滬深300正2,54,15,39,富邦-陽明,2023-04-20,9604
4167,松瑞藥,113,74,39,富邦-陽明,2023-04-20,9604
3588,通嘉,41,2,39,富邦-陽明,2023-04-20,9604
00715L,期街口布蘭特正2,96,58,38,富邦-陽明,2023-04-20,9604
2504,國產,39,2,37,富邦-陽明,2023-04-20,9604
6129,普誠,46,10,36,富邦-陽明,2023-04-20,9604
3576,聯合再生,276,241,35,富邦-陽明,2023-04-20,9604
2031,新光鋼,67,33,34,富邦-陽明,2023-04-20,9604
6282,康舒,236,204,32,富邦-陽明,2023-04-20,9604
1477,聚陽,32,0,32,富邦-陽明,2023-04-20,9604
6167,久正,46,14,32,富邦-陽明,2023-04-20,9604
5371,中光電,79,48,31,富邦-陽明,2023-04-20,9604
6122,擎邦,53,22,31,富邦-陽明,2023-04-20,9604
1802,台玻,33,3,30,富邦-陽明,2023-04-20,9604
1314,中石化,43,14,29,富邦-陽明,2023-04-20,9604
3047,訊舟,33,6,27,富邦-陽明,2023-04-20,9604
2852,第一保,27,0,27,富邦-陽明,2023-04-20,9604
3013,晟銘電,26,0,26,富邦-陽明,2023-04-20,9604
00725B,國泰投資級公司債,26,0,26,富邦-陽明,2023-04-20,9604
3715,定穎投控,91,66,25,富邦-陽明,2023-04-20,9604
6782,視陽,31,6,25,富邦-陽明,2023-04-20,9604
3707,漢磊,24,0,24,富邦-陽明,2023-04-20,9604
5203,訊連,24,0,24,富邦-陽明,2023-04-20,9604
00680L,元大美債20正2,24,0,24,富邦-陽明,2023-04-20,9604
6182,合晶,24,0,24,富邦-陽明,2023-04-20,9604
9955,佳龍,24,0,24,富邦-陽明,2023-04-20,9604
00720B,元大投資級公司債,43,20,23,富邦-陽明,2023-04-20,9604
00665L,富邦�琤肭磪囓�2,181,16,165,富邦-陽明,2023-04-21,9604
3058,立德,201,51,150,富邦-陽明,2023-04-21,9604
00715L,期街口布蘭特正2,142,0,142,富邦-陽明,2023-04-21,9604
00679B,元大美債20年,154,23,131,富邦-陽明,2023-04-21,9604
3576,聯合再生,121,6,115,富邦-陽明,2023-04-21,9604
2610,華航,124,9,115,富邦-陽明,2023-04-21,9604
00772B,中信高評級公司債,110,0,110,富邦-陽明,2023-04-21,9604
1611,中電,171,61,110,富邦-陽明,2023-04-21,9604
00664R,國泰臺灣加權反1,105,1,104,富邦-陽明,2023-04-21,9604
0056,元大高股息,144,41,103,富邦-陽明,2023-04-21,9604
00878,國泰永續高股息,141,51,90,富邦-陽明,2023-04-21,9604
6167,久正,82,13,69,富邦-陽明,2023-04-21,9604
00720B,元大投資級公司債,77,15,62,富邦-陽明,2023-04-21,9604
2834,臺企銀,71,10,61,富邦-陽明,2023-04-21,9604
3588,通嘉,54,0,54,富邦-陽明,2023-04-21,9604
1909,榮成,128,75,53,富邦-陽明,2023-04-21,9604
2393,億光,51,0,51,富邦-陽明,2023-04-21,9604
2867,三商壽,50,0,50,富邦-陽明,2023-04-21,9604
4931,新盛力,63,15,48,富邦-陽明,2023-04-21,9604
00642U,期元大S＆P石油,47,2,45,富邦-陽明,2023-04-21,9604
00650L,復華香港正2,77,33,44,富邦-陽明,2023-04-21,9604
6733,博晟生醫,50,6,44,富邦-陽明,2023-04-21,9604
6245,立端,52,9,43,富邦-陽明,2023-04-21,9604
00688L,國泰20年美債正2,43,0,43,富邦-陽明,2023-04-21,9604
3645,達邁,42,0,42,富邦-陽明,2023-04-21,9604
5243,乙盛-KY,47,5,42,富邦-陽明,2023-04-21,9604
00919,群益台灣精選高息,41,0,41,富邦-陽明,2023-04-21,9604
00900,富邦特選高股息30,42,1,41,富邦-陽明,2023-04-21,9604
2484,希華,43,3,40,富邦-陽明,2023-04-21,9604
2852,第一保,40,0,40,富邦-陽明,2023-04-21,9604
00680L,元大美債20正2,47,8,39,富邦-陽明,2023-04-21,9604
1708,東鹼,40,1,39,富邦-陽明,2023-04-21,9604
6770,力積電,64,26,38,富邦-陽明,2023-04-21,9604
4979,華星光,51,13,38,富邦-陽明,2023-04-21,9604
6188,廣明,55,17,38,富邦-陽明,2023-04-21,9604
1711,永光,75,39,36,富邦-陽明,2023-04-21,9604
00893,國泰智能電動車,44,9,35,富邦-陽明,2023-04-21,9604
2303,聯電,60,25,35,富邦-陽明,2023-04-21,9604
00902,中信電池及儲能,33,0,33,富邦-陽明,2023-04-21,9604
6456,GIS-KY,34,1,33,富邦-陽明,2023-04-21,9604
1609,大亞,60,27,33,富邦-陽明,2023-04-21,9604
2913,農林,128,95,33,富邦-陽明,2023-04-21,9604
6271,同欣電,37,4,33,富邦-陽明,2023-04-21,9604
6244,茂迪,200,168,32,富邦-陽明,2023-04-21,9604
00903,富邦元宇宙,30,0,30,富邦-陽明,2023-04-21,9604
5512,力麒,29,0,29,富邦-陽明,2023-04-21,9604
5488,松普,32,3,29,富邦-陽明,2023-04-21,9604
3450,聯鈞,28,0,28,富邦-陽明,2023-04-21,9604
2009,第一銅,27,2,25,富邦-陽明,2023-04-21,9604
00648R,元大S＆P500反1,25,0,25,富邦-陽明,2023-04-21,9604
00665L,富邦�琤肭磪囓�2,521,6,515,富邦-陽明,2023-04-24,9604
2344,華邦電,242,43,199,富邦-陽明,2023-04-24,9604
00637L,元大滬深300正2,86,9,77,富邦-陽明,2023-04-24,9604
2027,大成鋼,71,0,71,富邦-陽明,2023-04-24,9604
00680L,元大美債20正2,68,0,68,富邦-陽明,2023-04-24,9604
2610,華航,80,17,63,富邦-陽明,2023-04-24,9604
2913,農林,169,109,60,富邦-陽明,2023-04-24,9604
5353,台林,57,1,56,富邦-陽明,2023-04-24,9604
00679B,元大美債20年,77,21,56,富邦-陽明,2023-04-24,9604
1907,永豐餘,91,36,55,富邦-陽明,2023-04-24,9604
00902,中信電池及儲能,54,0,54,富邦-陽明,2023-04-24,9604
2313,華通,56,3,53,富邦-陽明,2023-04-24,9604
00878,國泰永續高股息,102,52,50,富邦-陽明,2023-04-24,9604
2101,南港,50,0,50,富邦-陽明,2023-04-24,9604
2010,春源,51,2,49,富邦-陽明,2023-04-24,9604
4510,高鋒,47,3,44,富邦-陽明,2023-04-24,9604
2031,新光鋼,45,2,43,富邦-陽明,2023-04-24,9604
00772B,中信高評級公司債,40,0,40,富邦-陽明,2023-04-24,9604
00712,復華富時不動產,41,5,36,富邦-陽明,2023-04-24,9604
4968,立積,76,40,36,富邦-陽明,2023-04-24,9604
5521,工信,36,0,36,富邦-陽明,2023-04-24,9604
00720B,元大投資級公司債,55,21,34,富邦-陽明,2023-04-24,9604
2324,仁寶,39,5,34,富邦-陽明,2023-04-24,9604
3071,協禧,60,26,34,富邦-陽明,2023-04-24,9604
8222,寶一,55,21,34,富邦-陽明,2023-04-24,9604
3481,群創,46,13,33,富邦-陽明,2023-04-24,9604
00650L,復華香港正2,37,4,33,富邦-陽明,2023-04-24,9604
2634,漢翔,154,121,33,富邦-陽明,2023-04-24,9604
6770,力積電,35,4,31,富邦-陽明,2023-04-24,9604
5009,榮剛,39,10,29,富邦-陽明,2023-04-24,9604
6234,高僑,35,6,29,富邦-陽明,2023-04-24,9604
3058,立德,52,23,29,富邦-陽明,2023-04-24,9604
5328,華容,31,2,29,富邦-陽明,2023-04-24,9604
6269,台郡,53,26,27,富邦-陽明,2023-04-24,9604
3035,智原,42,16,26,富邦-陽明,2023-04-24,9604
3576,聯合再生,30,4,26,富邦-陽明,2023-04-24,9604
1609,大亞,37,11,26,富邦-陽明,2023-04-24,9604
6282,康舒,85,60,25,富邦-陽明,2023-04-24,9604
5371,中光電,41,16,25,富邦-陽明,2023-04-24,9604
2206,三陽工業,40,16,24,富邦-陽明,2023-04-24,9604
2609,陽明,40,16,24,富邦-陽明,2023-04-24,9604
6443,元晶,29,6,23,富邦-陽明,2023-04-24,9604
5457,宣德,23,0,23,富邦-陽明,2023-04-24,9604
00882,中信中國高股息,32,11,21,富邦-陽明,2023-04-24,9604
1616,億泰,21,0,21,富邦-陽明,2023-04-24,9604
1802,台玻,20,0,20,富邦-陽明,2023-04-24,9604
6753,龍德造船,27,7,20,富邦-陽明,2023-04-24,9604
1796,金穎生技,23,3,20,富邦-陽明,2023-04-24,9604
2528,皇普,20,0,20,富邦-陽明,2023-04-24,9604
3260,威剛,20,0,20,富邦-陽明,2023-04-24,9604
00665L,富邦�琤肭磪囓�2,1092,3,1089,富邦-陽明,2023-04-25,9604
0056,元大高股息,485,221,264,富邦-陽明,2023-04-25,9604
2610,華航,427,163,264,富邦-陽明,2023-04-25,9604
1101,台泥,308,94,214,富邦-陽明,2023-04-25,9604
00878,國泰永續高股息,238,63,175,富邦-陽明,2023-04-25,9604
3706,神達,163,6,157,富邦-陽明,2023-04-25,9604
3231,緯創,195,54,141,富邦-陽明,2023-04-25,9604
00891,中信關鍵半導體,132,4,128,富邦-陽明,2023-04-25,9604
1802,台玻,120,1,119,富邦-陽明,2023-04-25,9604
2609,陽明,145,31,114,富邦-陽明,2023-04-25,9604
9902,台火,109,0,109,富邦-陽明,2023-04-25,9604
2913,農林,159,57,102,富邦-陽明,2023-04-25,9604
00902,中信電池及儲能,107,7,100,富邦-陽明,2023-04-25,9604
2883,凱基金,113,19,94,富邦-陽明,2023-04-25,9604
1722,台肥,92,1,91,富邦-陽明,2023-04-25,9604
2206,三陽工業,184,94,90,富邦-陽明,2023-04-25,9604
1907,永豐餘,101,16,85,富邦-陽明,2023-04-25,9604
4561,健椿,85,0,85,富邦-陽明,2023-04-25,9604
1711,永光,102,20,82,富邦-陽明,2023-04-25,9604
3037,欣興,100,26,74,富邦-陽明,2023-04-25,9604
006208,富邦台50,74,0,74,富邦-陽明,2023-04-25,9604
2303,聯電,118,46,72,富邦-陽明,2023-04-25,9604
00752,中信中國50,72,0,72,富邦-陽明,2023-04-25,9604
6285,啟��,94,22,72,富邦-陽明,2023-04-25,9604
1905,華紙,203,132,71,富邦-陽明,2023-04-25,9604
00675L,富邦臺灣加權正2,69,1,68,富邦-陽明,2023-04-25,9604
4566,時碩工業,91,27,64,富邦-陽明,2023-04-25,9604
6167,久正,62,0,62,富邦-陽明,2023-04-25,9604
6016,康和證,60,0,60,富邦-陽明,2023-04-25,9604
6282,康舒,129,69,60,富邦-陽明,2023-04-25,9604
0050,元大台灣50,75,15,60,富邦-陽明,2023-04-25,9604
1310,台苯,180,124,56,富邦-陽明,2023-04-25,9604
2020,美亞,52,0,52,富邦-陽明,2023-04-25,9604
2330,台積電,72,21,51,富邦-陽明,2023-04-25,9604
1503,士電,122,75,47,富邦-陽明,2023-04-25,9604
2618,長榮航,66,20,46,富邦-陽明,2023-04-25,9604
2633,台灣高鐵,51,6,45,富邦-陽明,2023-04-25,9604
1477,聚陽,44,1,43,富邦-陽明,2023-04-25,9604
00650L,復華香港正2,42,0,42,富邦-陽明,2023-04-25,9604
00900,富邦特選高股息30,62,20,42,富邦-陽明,2023-04-25,9604
5340,建榮,43,2,41,富邦-陽明,2023-04-25,9604
6218,豪勉,47,9,38,富邦-陽明,2023-04-25,9604
6129,普誠,41,4,37,富邦-陽明,2023-04-25,9604
6244,茂迪,58,22,36,富邦-陽明,2023-04-25,9604
6120,達運,36,0,36,富邦-陽明,2023-04-25,9604
00923,群益台ESG低碳50,36,0,36,富邦-陽明,2023-04-25,9604
2208,台船,58,23,35,富邦-陽明,2023-04-25,9604
6806,森崴能源,82,47,35,富邦-陽明,2023-04-25,9604
4977,眾達-KY,36,2,34,富邦-陽明,2023-04-25,9604
5009,榮剛,54,20,34,富邦-陽明,2023-04-25,9604
00632R,元大台灣50反1,460,47,413,富邦-陽明,2023-04-26,9604
1101,台泥,254,53,201,富邦-陽明,2023-04-26,9604
0056,元大高股息,187,61,126,富邦-陽明,2023-04-26,9604
2610,華航,174,48,126,富邦-陽明,2023-04-26,9604
00715L,期街口布蘭特正2,104,3,101,富邦-陽明,2023-04-26,9604
00712,復華富時不動產,87,0,87,富邦-陽明,2023-04-26,9604
2515,中工,90,7,83,富邦-陽明,2023-04-26,9604
1108,幸福,81,12,69,富邦-陽明,2023-04-26,9604
6290,良維,67,2,65,富邦-陽明,2023-04-26,9604
006208,富邦台50,65,0,65,富邦-陽明,2023-04-26,9604
2609,陽明,71,15,56,富邦-陽明,2023-04-26,9604
6285,啟��,51,8,43,富邦-陽明,2023-04-26,9604
2618,長榮航,51,10,41,富邦-陽明,2023-04-26,9604
3035,智原,55,14,41,富邦-陽明,2023-04-26,9604
1312,國喬,45,9,36,富邦-陽明,2023-04-26,9604
0050,元大台灣50,45,10,35,富邦-陽明,2023-04-26,9604
00891,中信關鍵半導體,49,16,33,富邦-陽明,2023-04-26,9604
6752,叡揚,39,6,33,富邦-陽明,2023-04-26,9604
3576,聯合再生,53,21,32,富邦-陽明,2023-04-26,9604
2913,農林,61,29,32,富邦-陽明,2023-04-26,9604
2303,聯電,94,63,31,富邦-陽明,2023-04-26,9604
00664R,國泰臺灣加權反1,32,1,31,富邦-陽明,2023-04-26,9604
2337,旺宏,77,48,29,富邦-陽明,2023-04-26,9604
2801,彰銀,28,0,28,富邦-陽明,2023-04-26,9604
6104,創惟,32,5,27,富邦-陽明,2023-04-26,9604
00878,國泰永續高股息,88,61,27,富邦-陽明,2023-04-26,9604
6770,力積電,39,13,26,富邦-陽明,2023-04-26,9604
2883,凱基金,29,4,25,富邦-陽明,2023-04-26,9604
00919,群益台灣精選高息,25,0,25,富邦-陽明,2023-04-26,9604
3051,力特,25,0,25,富邦-陽明,2023-04-26,9604
00751B,元大AAA至A公司債,24,0,24,富邦-陽明,2023-04-26,9604
2471,資通,53,30,23,富邦-陽明,2023-04-26,9604
4977,眾達-KY,25,4,21,富邦-陽明,2023-04-26,9604
1609,大亞,26,6,20,富邦-陽明,2023-04-26,9604
4561,健椿,20,0,20,富邦-陽明,2023-04-26,9604
1709,和益,25,5,20,富邦-陽明,2023-04-26,9604
6182,合晶,18,0,18,富邦-陽明,2023-04-26,9604
2330,台積電,40,22,18,富邦-陽明,2023-04-26,9604
1447,力鵬,20,2,18,富邦-陽明,2023-04-26,9604
3056,富華新,18,0,18,富邦-陽明,2023-04-26,9604
3071,協禧,48,30,18,富邦-陽明,2023-04-26,9604
2882,國泰金,33,16,17,富邦-陽明,2023-04-26,9604
6148,驊宏資,23,6,17,富邦-陽明,2023-04-26,9604
3025,星通,41,24,17,富邦-陽明,2023-04-26,9604
4967,十銓,18,2,16,富邦-陽明,2023-04-26,9604
4951,精拓科,41,25,16,富邦-陽明,2023-04-26,9604
00853B,統一美債10年Aa-,16,0,16,富邦-陽明,2023-04-26,9604
1714,和桐,29,13,16,富邦-陽明,2023-04-26,9604
00713,元大台灣高息低波,19,4,15,富邦-陽明,2023-04-26,9604
1611,中電,19,4,15,富邦-陽明,2023-04-26,9604
00715L,期街口布蘭特正2,587,10,577,富邦-陽明,2023-04-27,9604
1101,台泥,232,68,164,富邦-陽明,2023-04-27,9604
00673R,期元大S＆P原油反1,415,300,115,富邦-陽明,2023-04-27,9604
6266,泰詠,96,11,85,富邦-陽明,2023-04-27,9604
2303,聯電,128,59,69,富邦-陽明,2023-04-27,9604
6285,啟��,64,8,56,富邦-陽明,2023-04-27,9604
1710,東聯,100,44,56,富邦-陽明,2023-04-27,9604
5009,榮剛,59,7,52,富邦-陽明,2023-04-27,9604
00712,復華富時不動產,51,0,51,富邦-陽明,2023-04-27,9604
1104,環泥,50,0,50,富邦-陽明,2023-04-27,9604
2609,陽明,86,37,49,富邦-陽明,2023-04-27,9604
00679B,元大美債20年,68,22,46,富邦-陽明,2023-04-27,9604
2489,瑞軒,50,7,43,富邦-陽明,2023-04-27,9604
00751B,元大AAA至A公司債,40,0,40,富邦-陽明,2023-04-27,9604
00671R,富邦NASDAQ反1,40,0,40,富邦-陽明,2023-04-27,9604
2002,中鋼,78,38,40,富邦-陽明,2023-04-27,9604
2409,友達,50,11,39,富邦-陽明,2023-04-27,9604
3481,群創,41,3,38,富邦-陽明,2023-04-27,9604
00878,國泰永續高股息,43,7,36,富邦-陽明,2023-04-27,9604
4566,時碩工業,42,7,35,富邦-陽明,2023-04-27,9604
3005,神基,40,7,33,富邦-陽明,2023-04-27,9604
2330,台積電,42,10,32,富邦-陽明,2023-04-27,9604
3037,欣興,46,13,33,富邦-陽明,2023-04-27,9604
00720B,元大投資級公司債,38,6,32,富邦-陽明,2023-04-27,9604
2449,京元電子,39,7,32,富邦-陽明,2023-04-27,9604
1447,力鵬,31,0,31,富邦-陽明,2023-04-27,9604
1513,中興電,43,15,28,富邦-陽明,2023-04-27,9604
00897,富邦基因免疫生技,28,0,28,富邦-陽明,2023-04-27,9604
1711,永光,343,315,28,富邦-陽明,2023-04-27,9604
00680L,元大美債20正2,27,1,26,富邦-陽明,2023-04-27,9604
2457,飛宏,77,53,24,富邦-陽明,2023-04-27,9604
00900,富邦特選高股息30,35,12,23,富邦-陽明,2023-04-27,9604
0056,元大高股息,35,12,23,富邦-陽明,2023-04-27,9604
3548,兆利,25,2,23,富邦-陽明,2023-04-27,9604
1905,華紙,168,145,23,富邦-陽明,2023-04-27,9604
2884,玉山金,28,5,23,富邦-陽明,2023-04-27,9604
2353,宏��,39,16,23,富邦-陽明,2023-04-27,9604
0050,元大台灣50,24,2,22,富邦-陽明,2023-04-27,9604
8069,元太,37,16,21,富邦-陽明,2023-04-27,9604
00882,中信中國高股息,22,1,21,富邦-陽明,2023-04-27,9604
2313,華通,28,7,21,富邦-陽明,2023-04-27,9604
00772B,中信高評級公司債,26,5,21,富邦-陽明,2023-04-27,9604
8933,愛地雅,20,0,20,富邦-陽明,2023-04-27,9604
3006,晶豪科,24,4,20,富邦-陽明,2023-04-27,9604
6244,茂迪,38,19,19,富邦-陽明,2023-04-27,9604
1717,長興,46,26,20,富邦-陽明,2023-04-27,9604
00665L,富邦�琤肭磪囓�2,313,294,19,富邦-陽明,2023-04-27,9604
2603,長榮,23,4,19,富邦-陽明,2023-04-27,9604
2542,興富發,20,2,18,富邦-陽明,2023-04-27,9604
00753L,中信中國50正2,20,2,18,富邦-陽明,2023-04-27,9604
6770,力積電,277,7,270,富邦-陽明,2023-04-28,9604
3481,群創,268,38,230,富邦-陽明,2023-04-28,9604
2409,友達,290,102,188,富邦-陽明,2023-04-28,9604
2883,凱基金,147,20,127,富邦-陽明,2023-04-28,9604
1789,神隆,133,9,124,富邦-陽明,2023-04-28,9604
1101,台泥,148,46,102,富邦-陽明,2023-04-28,9604
00676R,富邦臺灣加權反1,100,0,100,富邦-陽明,2023-04-28,9604
2498,宏達電,105,6,99,富邦-陽明,2023-04-28,9604
5425,台半,81,2,79,富邦-陽明,2023-04-28,9604
6282,康舒,127,50,77,富邦-陽明,2023-04-28,9604
2880,華南金,145,69,76,富邦-陽明,2023-04-28,9604
00679B,元大美債20年,92,22,70,富邦-陽明,2023-04-28,9604
2892,第一金,85,22,63,富邦-陽明,2023-04-28,9604
1416,廣豐,50,0,50,富邦-陽明,2023-04-28,9604
00648R,元大S＆P500反1,50,0,50,富邦-陽明,2023-04-28,9604
4510,高鋒,50,0,50,富邦-陽明,2023-04-28,9604
00772B,中信高評級公司債,49,0,49,富邦-陽明,2023-04-28,9604
6288,聯嘉,109,62,47,富邦-陽明,2023-04-28,9604
0056,元大高股息,68,23,45,富邦-陽明,2023-04-28,9604
00720B,元大投資級公司債,48,4,44,富邦-陽明,2023-04-28,9604
00715L,期街口布蘭特正2,74,31,43,富邦-陽明,2023-04-28,9604
6244,茂迪,62,20,42,富邦-陽明,2023-04-28,9604
00669R,國泰美國道瓊反1,61,20,41,富邦-陽明,2023-04-28,9604
00639,富邦深100,40,0,40,富邦-陽明,2023-04-28,9604
00632R,元大台灣50反1,125,86,39,富邦-陽明,2023-04-28,9604
2344,華邦電,329,290,39,富邦-陽明,2023-04-28,9604
6116,彩晶,43,8,35,富邦-陽明,2023-04-28,9604
6271,同欣電,42,8,34,富邦-陽明,2023-04-28,9604
8222,寶一,219,185,34,富邦-陽明,2023-04-28,9604
00900,富邦特選高股息30,53,21,32,富邦-陽明,2023-04-28,9604
2634,漢翔,293,263,30,富邦-陽明,2023-04-28,9604
3050,鈺德,30,0,30,富邦-陽明,2023-04-28,9604
00878,國泰永續高股息,93,63,30,富邦-陽明,2023-04-28,9604
00751B,元大AAA至A公司債,29,0,29,富邦-陽明,2023-04-28,9604
00687B,國泰20年美債,29,0,29,富邦-陽明,2023-04-28,9604
5009,榮剛,70,42,28,富邦-陽明,2023-04-28,9604
1776,展宇,82,54,28,富邦-陽明,2023-04-28,9604
1477,聚陽,27,0,27,富邦-陽明,2023-04-28,9604
6733,博晟生醫,28,1,27,富邦-陽明,2023-04-28,9604
0050,元大台灣50,27,3,24,富邦-陽明,2023-04-28,9604
2883B,凱基金乙特,24,0,24,富邦-陽明,2023-04-28,9604
5381,合正,24,0,24,富邦-陽明,2023-04-28,9604
3704,合勤控,31,7,24,富邦-陽明,2023-04-28,9604
3265,台星科,40,17,23,富邦-陽明,2023-04-28,9604
9938,百和,22,0,22,富邦-陽明,2023-04-28,9604
1796,金穎生技,26,4,22,富邦-陽明,2023-04-28,9604
1504,東元,74,52,22,富邦-陽明,2023-04-28,9604
00671R,富邦NASDAQ反1,21,0,21,富邦-陽明,2023-04-28,9604
00888,永豐台灣ESG,20,0,20,富邦-陽明,2023-04-28,9604
4755,三福化,37,17,20,富邦-陽明,2023-04-28,9604
1722,台肥,167,1,166,富邦-陽明,2023-05-02,9604
00680L,元大美債20正2,141,3,138,富邦-陽明,2023-05-02,9604
2409,友達,196,59,137,富邦-陽明,2023-05-02,9604
2891,中信金,146,46,100,富邦-陽明,2023-05-02,9604
2603,長榮,109,9,100,富邦-陽明,2023-05-02,9604
00679B,元大美債20年,91,0,91,富邦-陽明,2023-05-02,9604
2419,仲琦,90,1,89,富邦-陽明,2023-05-02,9604
00772B,中信高評級公司債,74,0,74,富邦-陽明,2023-05-02,9604
2031,新光鋼,73,1,72,富邦-陽明,2023-05-02,9604
00664R,國泰臺灣加權反1,70,0,70,富邦-陽明,2023-05-02,9604
3006,晶豪科,67,2,65,富邦-陽明,2023-05-02,9604
2634,漢翔,173,115,58,富邦-陽明,2023-05-02,9604
2609,陽明,118,61,57,富邦-陽明,2023-05-02,9604
2022,聚亨,81,27,54,富邦-陽明,2023-05-02,9604
00671R,富邦NASDAQ反1,50,0,50,富邦-陽明,2023-05-02,9604
6188,廣明,56,6,50,富邦-陽明,2023-05-02,9604
3032,偉訓,53,8,45,富邦-陽明,2023-05-02,9604
00706L,期元大S＆P日圓正2,45,0,45,富邦-陽明,2023-05-02,9604
2801,彰銀,72,28,44,富邦-陽明,2023-05-02,9604
1605,華新,75,32,43,富邦-陽明,2023-05-02,9604
3363,上詮,45,7,38,富邦-陽明,2023-05-02,9604
4904,遠傳,42,4,38,富邦-陽明,2023-05-02,9604
2427,三商電,38,1,37,富邦-陽明,2023-05-02,9604
6161,捷波,40,3,37,富邦-陽明,2023-05-02,9604
3037,欣興,92,55,37,富邦-陽明,2023-05-02,9604
00900,富邦特選高股息30,37,2,35,富邦-陽明,2023-05-02,9604
4155,訊映,35,0,35,富邦-陽明,2023-05-02,9604
8403,盛弘,47,12,35,富邦-陽明,2023-05-02,9604
2471,資通,78,44,34,富邦-陽明,2023-05-02,9604
1809,中釉,69,35,34,富邦-陽明,2023-05-02,9604
00751B,元大AAA至A公司債,41,10,31,富邦-陽明,2023-05-02,9604
3033,威健,35,8,27,富邦-陽明,2023-05-02,9604
00720B,元大投資級公司債,47,20,27,富邦-陽明,2023-05-02,9604
6234,高僑,52,26,26,富邦-陽明,2023-05-02,9604
8085,福華,23,0,23,富邦-陽明,2023-05-02,9604
1310,台苯,28,5,23,富邦-陽明,2023-05-02,9604
1802,台玻,29,8,21,富邦-陽明,2023-05-02,9604
6290,良維,22,1,21,富邦-陽明,2023-05-02,9604
1714,和桐,31,10,21,富邦-陽明,2023-05-02,9604
4541,晟田,76,55,21,富邦-陽明,2023-05-02,9604
5381,合正,21,0,21,富邦-陽明,2023-05-02,9604
2887,台新金,30,10,20,富邦-陽明,2023-05-02,9604
8121,越峰,22,2,20,富邦-陽明,2023-05-02,9604
2352,佳世達,67,47,20,富邦-陽明,2023-05-02,9604
2884,玉山金,33,13,20,富邦-陽明,2023-05-02,9604
00794B,群益7+中國政金債,19,0,19,富邦-陽明,2023-05-02,9604
00882,中信中國高股息,21,2,19,富邦-陽明,2023-05-02,9604
6163,華電網,32,14,18,富邦-陽明,2023-05-02,9604
00885,富邦越南,60,42,18,富邦-陽明,2023-05-02,9604
2845,遠東銀,18,0,18,富邦-陽明,2023-05-02,9604
00715L,期街口布蘭特正2,436,11,425,富邦-陽明,2023-05-03,9604
00878,國泰永續高股息,437,75,362,富邦-陽明,2023-05-03,9604
2329,華泰,300,0,300,富邦-陽明,2023-05-03,9604
2812,台中銀,224,26,198,富邦-陽明,2023-05-03,9604
00665L,富邦�琤肭磪囓�2,167,4,163,富邦-陽明,2023-05-03,9604
2609,陽明,158,24,134,富邦-陽明,2023-05-03,9604
00632R,元大台灣50反1,135,5,130,富邦-陽明,2023-05-03,9604
00642U,期元大S＆P石油,150,23,127,富邦-陽明,2023-05-03,9604
4173,久裕,116,0,116,富邦-陽明,2023-05-03,9604
00706L,期元大S＆P日圓正2,109,0,109,富邦-陽明,2023-05-03,9604
2603,長榮,136,29,107,富邦-陽明,2023-05-03,9604
00637L,元大滬深300正2,212,110,102,富邦-陽明,2023-05-03,9604
00712,復華富時不動產,99,0,99,富邦-陽明,2023-05-03,9604
2417,圓剛,101,2,99,富邦-陽明,2023-05-03,9604
5490,同亨,100,4,96,富邦-陽明,2023-05-03,9604
1711,永光,116,24,92,富邦-陽明,2023-05-03,9604
2880,華南金,106,28,78,富邦-陽明,2023-05-03,9604
00650L,復華香港正2,76,1,75,富邦-陽明,2023-05-03,9604
4967,十銓,154,82,72,富邦-陽明,2023-05-03,9604
1101,台泥,106,35,71,富邦-陽明,2023-05-03,9604
00753L,中信中國50正2,93,27,66,富邦-陽明,2023-05-03,9604
3481,群創,78,13,65,富邦-陽明,2023-05-03,9604
3231,緯創,140,81,59,富邦-陽明,2023-05-03,9604
4526,東台,55,0,55,富邦-陽明,2023-05-03,9604
2888,新光金,58,5,53,富邦-陽明,2023-05-03,9604
1104,環泥,64,12,52,富邦-陽明,2023-05-03,9604
00713,元大台灣高息低波,54,2,52,富邦-陽明,2023-05-03,9604
00679B,元大美債20年,57,9,48,富邦-陽明,2023-05-03,9604
4968,立積,71,27,44,富邦-陽明,2023-05-03,9604
3033,威健,45,6,39,富邦-陽明,2023-05-03,9604
3419,譁裕,119,80,39,富邦-陽明,2023-05-03,9604
6782,視陽,51,12,39,富邦-陽明,2023-05-03,9604
6116,彩晶,37,0,37,富邦-陽明,2023-05-03,9604
2002,中鋼,41,5,36,富邦-陽明,2023-05-03,9604
4121,優盛,80,48,32,富邦-陽明,2023-05-03,9604
2419,仲琦,65,34,31,富邦-陽明,2023-05-03,9604
0050,元大台灣50,32,0,32,富邦-陽明,2023-05-03,9604
1504,東元,60,28,32,富邦-陽明,2023-05-03,9604
5465,富驊,33,2,31,富邦-陽明,2023-05-03,9604
3060,銘異,36,5,31,富邦-陽明,2023-05-03,9604
2887,台新金,37,6,31,富邦-陽明,2023-05-03,9604
2344,華邦電,45,15,30,富邦-陽明,2023-05-03,9604
00772B,中信高評級公司債,31,2,29,富邦-陽明,2023-05-03,9604
00751B,元大AAA至A公司債,29,0,29,富邦-陽明,2023-05-03,9604
2201,裕隆,27,1,26,富邦-陽明,2023-05-03,9604
4147,中裕,29,3,26,富邦-陽明,2023-05-03,9604
2801,彰銀,34,9,25,富邦-陽明,2023-05-03,9604
1102,亞泥,27,2,25,富邦-陽明,2023-05-03,9604
00692,富邦公司治理,28,3,25,富邦-陽明,2023-05-03,9604
1789,神隆,24,0,24,富邦-陽明,2023-05-03,9604
00715L,期街口布蘭特正2,621,2,619,富邦-陽明,2023-05-04,9604
00642U,期元大S＆P石油,279,3,276,富邦-陽明,2023-05-04,9604
3231,緯創,162,37,125,富邦-陽明,2023-05-04,9604
00676R,富邦臺灣加權反1,100,0,100,富邦-陽明,2023-05-04,9604
00878,國泰永續高股息,138,53,85,富邦-陽明,2023-05-04,9604
1314,中石化,72,0,72,富邦-陽明,2023-05-04,9604
2208,台船,86,16,70,富邦-陽明,2023-05-04,9604
6443,元晶,80,11,69,富邦-陽明,2023-05-04,9604
00680L,元大美債20正2,75,22,53,富邦-陽明,2023-05-04,9604
6111,大宇資,125,74,51,富邦-陽明,2023-05-04,9604
2002,中鋼,48,4,44,富邦-陽明,2023-05-04,9604
2634,漢翔,87,44,43,富邦-陽明,2023-05-04,9604
1701,中化,77,34,43,富邦-陽明,2023-05-04,9604
2883,凱基金,67,26,41,富邦-陽明,2023-05-04,9604
5490,同亨,45,4,41,富邦-陽明,2023-05-04,9604
1905,華紙,101,62,39,富邦-陽明,2023-05-04,9604
5425,台半,42,3,39,富邦-陽明,2023-05-04,9604
1447,力鵬,40,1,39,富邦-陽明,2023-05-04,9604
00679B,元大美債20年,74,36,38,富邦-陽明,2023-05-04,9604
3141,晶宏,50,12,38,富邦-陽明,2023-05-04,9604
00713,元大台灣高息低波,40,2,38,富邦-陽明,2023-05-04,9604
00712,復華富時不動產,39,1,38,富邦-陽明,2023-05-04,9604
9902,台火,37,0,37,富邦-陽明,2023-05-04,9604
3202,樺晟,68,32,36,富邦-陽明,2023-05-04,9604
4123,晟德,51,17,34,富邦-陽明,2023-05-04,9604
2603,長榮,53,19,34,富邦-陽明,2023-05-04,9604
00674R,期元大S＆P黃金反1,31,0,31,富邦-陽明,2023-05-04,9604
1319,東陽,46,15,31,富邦-陽明,2023-05-04,9604
1103,嘉泥,30,0,30,富邦-陽明,2023-05-04,9604
1423,利華,30,0,30,富邦-陽明,2023-05-04,9604
6550,北極星藥業-KY,31,2,29,富邦-陽明,2023-05-04,9604
3006,晶豪科,30,2,28,富邦-陽明,2023-05-04,9604
3380,明泰,28,0,28,富邦-陽明,2023-05-04,9604
2610,華航,35,7,28,富邦-陽明,2023-05-04,9604
4744,皇將,67,40,27,富邦-陽明,2023-05-04,9604
2538,基泰,28,2,26,富邦-陽明,2023-05-04,9604
3481,群創,30,5,25,富邦-陽明,2023-05-04,9604
4906,正文,24,0,24,富邦-陽明,2023-05-04,9604
2344,華邦電,240,216,24,富邦-陽明,2023-05-04,9604
3715,定穎投控,58,34,24,富邦-陽明,2023-05-04,9604
1752,南光,47,23,24,富邦-陽明,2023-05-04,9604
3362,先進光,45,22,23,富邦-陽明,2023-05-04,9604
1909,榮成,22,0,22,富邦-陽明,2023-05-04,9604
5498,凱崴,23,1,22,富邦-陽明,2023-05-04,9604
1605,華新,51,30,21,富邦-陽明,2023-05-04,9604
6235,華孚,26,5,21,富邦-陽明,2023-05-04,9604
3013,晟銘電,31,11,20,富邦-陽明,2023-05-04,9604
3712,永崴投控,43,23,20,富邦-陽明,2023-05-04,9604
00891,中信關鍵半導體,20,0,20,富邦-陽明,2023-05-04,9604
00720B,元大投資級公司債,22,3,19,富邦-陽明,2023-05-04,9604
1104,環泥,315,7,308,富邦-陽明,2023-05-05,9604
00878,國泰永續高股息,285,27,258,富邦-陽明,2023-05-05,9604
00715L,期街口布蘭特正2,251,80,171,富邦-陽明,2023-05-05,9604
2352,佳世達,188,41,147,富邦-陽明,2023-05-05,9604
8215,明基材,148,28,120,富邦-陽明,2023-05-05,9604
00852L,國泰美國道瓊正2,114,0,114,富邦-陽明,2023-05-05,9604
00720B,元大投資級公司債,90,3,87,富邦-陽明,2023-05-05,9604
1905,華紙,183,96,87,富邦-陽明,2023-05-05,9604
1609,大亞,277,201,76,富邦-陽明,2023-05-05,9604
00679B,元大美債20年,98,23,75,富邦-陽明,2023-05-05,9604
00772B,中信高評級公司債,124,50,74,富邦-陽明,2023-05-05,9604
2913,農林,76,6,70,富邦-陽明,2023-05-05,9604
1519,華城,95,34,61,富邦-陽明,2023-05-05,9604
8358,金居,58,2,56,富邦-陽明,2023-05-05,9604
2353,宏��,121,66,55,富邦-陽明,2023-05-05,9604
5009,榮剛,55,2,53,富邦-陽明,2023-05-05,9604
2206,三陽工業,76,25,51,富邦-陽明,2023-05-05,9604
1447,力鵬,50,1,49,富邦-陽明,2023-05-05,9604
1504,東元,127,84,43,富邦-陽明,2023-05-05,9604
0056,元大高股息,55,15,40,富邦-陽明,2023-05-05,9604
2201,裕隆,42,5,37,富邦-陽明,2023-05-05,9604
00642U,期元大S＆P石油,38,3,35,富邦-陽明,2023-05-05,9604
4906,正文,36,1,35,富邦-陽明,2023-05-05,9604
4105,東洋,36,1,35,富邦-陽明,2023-05-05,9604
2515,中工,42,8,34,富邦-陽明,2023-05-05,9604
2609,陽明,55,22,33,富邦-陽明,2023-05-05,9604
3017,奇鋐,84,51,33,富邦-陽明,2023-05-05,9604
00751B,元大AAA至A公司債,32,0,32,富邦-陽明,2023-05-05,9604
5381,合正,31,0,31,富邦-陽明,2023-05-05,9604
9902,台火,32,1,31,富邦-陽明,2023-05-05,9604
6148,驊宏資,40,10,30,富邦-陽明,2023-05-05,9604
2002,中鋼,31,1,30,富邦-陽明,2023-05-05,9604
6767,台微醫,28,0,28,富邦-陽明,2023-05-05,9604
2897,王道銀行,48,20,28,富邦-陽明,2023-05-05,9604
6129,普誠,61,34,27,富邦-陽明,2023-05-05,9604
2834,臺企銀,33,7,26,富邦-陽明,2023-05-05,9604
1310,台苯,35,10,25,富邦-陽明,2023-05-05,9604
00712,復華富時不動產,31,7,24,富邦-陽明,2023-05-05,9604
8099,大世科,27,3,24,富邦-陽明,2023-05-05,9604
1904,正隆,52,28,24,富邦-陽明,2023-05-05,9604
3481,群創,26,3,23,富邦-陽明,2023-05-05,9604
00687B,國泰20年美債,23,0,23,富邦-陽明,2023-05-05,9604
2208,台船,35,12,23,富邦-陽明,2023-05-05,9604
3661,世芯-KY,27,5,22,富邦-陽明,2023-05-05,9604
3479,安勤,72,50,22,富邦-陽明,2023-05-05,9604
3576,聯合再生,66,45,21,富邦-陽明,2023-05-05,9604
1605,華新,62,41,21,富邦-陽明,2023-05-05,9604
1513,中興電,29,9,20,富邦-陽明,2023-05-05,9604
1616,億泰,20,0,20,富邦-陽明,2023-05-05,9604
00647L,元大S＆P500正2,20,0,20,富邦-陽明,2023-05-05,9604
2883,凱基金,650,116,534,富邦-陽明,2023-05-08,9604
00673R,期元大S＆P原油反1,209,12,197,富邦-陽明,2023-05-08,9604
00715L,期街口布蘭特正2,221,36,185,富邦-陽明,2023-05-08,9604
00712,復華富時不動產,162,4,158,富邦-陽明,2023-05-08,9604
1605,華新,280,134,146,富邦-陽明,2023-05-08,9604
2609,陽明,111,3,108,富邦-陽明,2023-05-08,9604
2883B,凱基金乙特,98,0,98,富邦-陽明,2023-05-08,9604
00679B,元大美債20年,155,61,94,富邦-陽明,2023-05-08,9604
1514,亞力,145,55,90,富邦-陽明,2023-05-08,9604
5498,凱崴,114,34,80,富邦-陽明,2023-05-08,9604
3481,群創,79,6,73,富邦-陽明,2023-05-08,9604
2851,中再保,79,9,70,富邦-陽明,2023-05-08,9604
6163,華電網,115,49,66,富邦-陽明,2023-05-08,9604
2449,京元電子,62,0,62,富邦-陽明,2023-05-08,9604
4916,事欣科,60,2,58,富邦-陽明,2023-05-08,9604
00713,元大台灣高息低波,55,3,52,富邦-陽明,2023-05-08,9604
8403,盛弘,70,19,51,富邦-陽明,2023-05-08,9604
00751B,元大AAA至A公司債,50,0,50,富邦-陽明,2023-05-08,9604
00641R,富邦日本反1,50,0,50,富邦-陽明,2023-05-08,9604
00878,國泰永續高股息,115,75,40,富邦-陽明,2023-05-08,9604
8085,福華,54,14,40,富邦-陽明,2023-05-08,9604
2002,中鋼,58,20,38,富邦-陽明,2023-05-08,9604
2421,建準,77,39,38,富邦-陽明,2023-05-08,9604
6173,信昌電,99,63,36,富邦-陽明,2023-05-08,9604
9902,台火,41,5,36,富邦-陽明,2023-05-08,9604
3011,今皓,35,2,33,富邦-陽明,2023-05-08,9604
00664R,國泰臺灣加權反1,32,0,32,富邦-陽明,2023-05-08,9604
3029,零壹,67,35,32,富邦-陽明,2023-05-08,9604
4967,十銓,37,6,31,富邦-陽明,2023-05-08,9604
2352,佳世達,39,8,31,富邦-陽明,2023-05-08,9604
3058,立德,41,12,29,富邦-陽明,2023-05-08,9604
2482,連宇,69,41,28,富邦-陽明,2023-05-08,9604
4951,精拓科,28,0,28,富邦-陽明,2023-05-08,9604
6180,橘子,29,1,28,富邦-陽明,2023-05-08,9604
3682,亞太電,30,3,27,富邦-陽明,2023-05-08,9604
00772B,中信高評級公司債,31,4,27,富邦-陽明,2023-05-08,9604
9933,中鼎,28,2,26,富邦-陽明,2023-05-08,9604
1101,台泥,78,51,27,富邦-陽明,2023-05-08,9604
2801,彰銀,32,6,26,富邦-陽明,2023-05-08,9604
6527,明達醫,26,0,26,富邦-陽明,2023-05-08,9604
2457,飛宏,65,39,26,富邦-陽明,2023-05-08,9604
1210,大成,42,16,26,富邦-陽明,2023-05-08,9604
00892,富邦台灣半導體,31,6,25,富邦-陽明,2023-05-08,9604
1909,榮成,26,1,25,富邦-陽明,2023-05-08,9604
9955,佳龍,31,7,24,富邦-陽明,2023-05-08,9604
4561,健椿,23,0,23,富邦-陽明,2023-05-08,9604
6139,亞翔,30,7,23,富邦-陽明,2023-05-08,9604
6205,詮欣,25,2,23,富邦-陽明,2023-05-08,9604
00720B,元大投資級公司債,23,0,23,富邦-陽明,2023-05-08,9604
2201,裕隆,23,1,22,富邦-陽明,2023-05-08,9604
00680L,元大美債20正2,251,20,231,富邦-陽明,2023-05-09,9604
2883,凱基金,256,104,152,富邦-陽明,2023-05-09,9604
1101,台泥,162,25,137,富邦-陽明,2023-05-09,9604
2634,漢翔,159,28,131,富邦-陽明,2023-05-09,9604
00772B,中信高評級公司債,136,6,130,富邦-陽明,2023-05-09,9604
5498,凱崴,124,15,109,富邦-陽明,2023-05-09,9604
00878,國泰永續高股息,121,25,96,富邦-陽明,2023-05-09,9604
2886,兆豐金,114,19,95,富邦-陽明,2023-05-09,9604
1504,東元,140,55,85,富邦-陽明,2023-05-09,9604
1519,華城,116,36,80,富邦-陽明,2023-05-09,9604
00725B,國泰投資級公司債,80,0,80,富邦-陽明,2023-05-09,9604
2610,華航,116,37,79,富邦-陽明,2023-05-09,9604
3715,定穎投控,126,50,76,富邦-陽明,2023-05-09,9604
1210,大成,82,7,75,富邦-陽明,2023-05-09,9604
00687B,國泰20年美債,72,0,72,富邦-陽明,2023-05-09,9604
6443,元晶,85,14,71,富邦-陽明,2023-05-09,9604
00751B,元大AAA至A公司債,69,0,69,富邦-陽明,2023-05-09,9604
5425,台半,67,11,56,富邦-陽明,2023-05-09,9604
2603,長榮,66,11,55,富邦-陽明,2023-05-09,9604
2645,長榮航太,59,5,54,富邦-陽明,2023-05-09,9604
1513,中興電,88,34,54,富邦-陽明,2023-05-09,9604
00720B,元大投資級公司債,55,3,52,富邦-陽明,2023-05-09,9604
1605,華新,160,112,48,富邦-陽明,2023-05-09,9604
5484,慧友,43,0,43,富邦-陽明,2023-05-09,9604
6244,茂迪,61,19,42,富邦-陽明,2023-05-09,9604
3058,立德,71,32,39,富邦-陽明,2023-05-09,9604
3693,營邦,43,4,39,富邦-陽明,2023-05-09,9604
3576,聯合再生,46,8,38,富邦-陽明,2023-05-09,9604
3027,盛達,58,20,38,富邦-陽明,2023-05-09,9604
2609,陽明,47,13,34,富邦-陽明,2023-05-09,9604
6163,華電網,41,8,33,富邦-陽明,2023-05-09,9604
3025,星通,32,1,31,富邦-陽明,2023-05-09,9604
1802,台玻,31,0,31,富邦-陽明,2023-05-09,9604
3701,大眾控,43,12,31,富邦-陽明,2023-05-09,9604
6016,康和證,30,0,30,富邦-陽明,2023-05-09,9604
2881A,富邦特,30,0,30,富邦-陽明,2023-05-09,9604
6179,亞通,68,39,29,富邦-陽明,2023-05-09,9604
1611,中電,35,6,29,富邦-陽明,2023-05-09,9604
3029,零壹,112,84,28,富邦-陽明,2023-05-09,9604
6282,康舒,42,14,28,富邦-陽明,2023-05-09,9604
2323,中環,27,0,27,富邦-陽明,2023-05-09,9604
4919,新唐,27,2,25,富邦-陽明,2023-05-09,9604
1477,聚陽,24,0,24,富邦-陽明,2023-05-09,9604
4503,金雨,27,3,24,富邦-陽明,2023-05-09,9604
2913,農林,64,40,24,富邦-陽明,2023-05-09,9604
00795B,中信美國公債20年,23,0,23,富邦-陽明,2023-05-09,9604
9105,泰金寶-DR,23,0,23,富邦-陽明,2023-05-09,9604
4130,健亞,22,0,22,富邦-陽明,2023-05-09,9604
1721,三晃,48,26,22,富邦-陽明,2023-05-09,9604
1708,東鹼,36,15,21,富邦-陽明,2023-05-09,9604
00665L,富邦�琤肭磪囓�2,1640,3,1637,富邦-陽明,2023-05-10,9604
2481,強茂,124,2,122,富邦-陽明,2023-05-10,9604
3013,晟銘電,164,58,106,富邦-陽明,2023-05-10,9604
00720B,元大投資級公司債,97,1,96,富邦-陽明,2023-05-10,9604
00878,國泰永續高股息,208,117,91,富邦-陽明,2023-05-10,9604
3231,緯創,177,88,89,富邦-陽明,2023-05-10,9604
00690,兆豐藍籌30,86,0,86,富邦-陽明,2023-05-10,9604
00637L,元大滬深300正2,351,266,85,富邦-陽明,2023-05-10,9604
1519,華城,100,20,80,富邦-陽明,2023-05-10,9604
4306,炎洲,71,0,71,富邦-陽明,2023-05-10,9604
00772B,中信高評級公司債,59,0,59,富邦-陽明,2023-05-10,9604
1101,台泥,61,4,57,富邦-陽明,2023-05-10,9604
00679B,元大美債20年,63,6,57,富邦-陽明,2023-05-10,9604
2371,大同,56,0,56,富邦-陽明,2023-05-10,9604
00751B,元大AAA至A公司債,54,2,52,富邦-陽明,2023-05-10,9604
00680L,元大美債20正2,52,0,52,富邦-陽明,2023-05-10,9604
00713,元大台灣高息低波,55,4,51,富邦-陽明,2023-05-10,9604
1584,精剛,58,10,48,富邦-陽明,2023-05-10,9604
00712,復華富時不動產,55,7,48,富邦-陽明,2023-05-10,9604
1609,大亞,190,143,47,富邦-陽明,2023-05-10,9604
00687B,國泰20年美債,45,0,45,富邦-陽明,2023-05-10,9604
8215,明基材,48,3,45,富邦-陽明,2023-05-10,9604
1605,華新,54,14,40,富邦-陽明,2023-05-10,9604
2834,臺企銀,57,19,38,富邦-陽明,2023-05-10,9604
2330,台積電,42,5,37,富邦-陽明,2023-05-10,9604
00919,群益台灣精選高息,37,1,36,富邦-陽明,2023-05-10,9604
2883B,凱基金乙特,35,0,35,富邦-陽明,2023-05-10,9604
00633L,富邦上証正2,43,10,33,富邦-陽明,2023-05-10,9604
2852,第一保,32,0,32,富邦-陽明,2023-05-10,9604
6290,良維,30,0,30,富邦-陽明,2023-05-10,9604
1907,永豐餘,38,8,30,富邦-陽明,2023-05-10,9604
2442,新美齊,30,0,30,富邦-陽明,2023-05-10,9604
2913,農林,39,10,29,富邦-陽明,2023-05-10,9604
6806,森崴能源,67,40,27,富邦-陽明,2023-05-10,9604
4744,皇將,71,45,26,富邦-陽明,2023-05-10,9604
2886,兆豐金,41,16,25,富邦-陽明,2023-05-10,9604
3025,星通,33,8,25,富邦-陽明,2023-05-10,9604
1905,華紙,48,23,25,富邦-陽明,2023-05-10,9604
00753L,中信中國50正2,28,3,25,富邦-陽明,2023-05-10,9604
00688L,國泰20年美債正2,25,0,25,富邦-陽明,2023-05-10,9604
6243,迅杰,58,33,25,富邦-陽明,2023-05-10,9604
2882,國泰金,25,1,24,富邦-陽明,2023-05-10,9604
00655L,國泰中國A50正2,33,9,24,富邦-陽明,2023-05-10,9604
6235,華孚,58,34,24,富邦-陽明,2023-05-10,9604
1504,東元,38,15,23,富邦-陽明,2023-05-10,9604
3202,樺晟,32,9,23,富邦-陽明,2023-05-10,9604
2324,仁寶,52,30,22,富邦-陽明,2023-05-10,9604
1471,首利,27,5,22,富邦-陽明,2023-05-10,9604
6285,啟��,27,6,21,富邦-陽明,2023-05-10,9604
00706L,期元大S＆P日圓正2,31,10,21,富邦-陽明,2023-05-10,9604
5531,鄉林,170,1,169,富邦-陽明,2023-05-11,9604
00878,國泰永續高股息,186,20,166,富邦-陽明,2023-05-11,9604
4306,炎洲,162,0,162,富邦-陽明,2023-05-11,9604
6285,啟��,162,25,137,富邦-陽明,2023-05-11,9604
2317,鴻海,124,23,101,富邦-陽明,2023-05-11,9604
1102,亞泥,101,0,101,富邦-陽明,2023-05-11,9604
2027,大成鋼,101,6,95,富邦-陽明,2023-05-11,9604
00712,復華富時不動產,91,0,91,富邦-陽明,2023-05-11,9604
2609,陽明,88,7,81,富邦-陽明,2023-05-11,9604
2313,華通,77,6,71,富邦-陽明,2023-05-11,9604
5488,松普,69,0,69,富邦-陽明,2023-05-11,9604
9907,統一實,98,31,67,富邦-陽明,2023-05-11,9604
00687B,國泰20年美債,74,10,64,富邦-陽明,2023-05-11,9604
00882,中信中國高股息,64,4,60,富邦-陽明,2023-05-11,9604
3701,大眾控,82,23,59,富邦-陽明,2023-05-11,9604
1609,大亞,167,115,52,富邦-陽明,2023-05-11,9604
4121,優盛,54,3,51,富邦-陽明,2023-05-11,9604
00673R,期元大S＆P原油反1,50,0,50,富邦-陽明,2023-05-11,9604
1312,國喬,50,0,50,富邦-陽明,2023-05-11,9604
2409,友達,49,0,49,富邦-陽明,2023-05-11,9604
2610,華航,74,26,48,富邦-陽明,2023-05-11,9604
00720B,元大投資級公司債,46,1,45,富邦-陽明,2023-05-11,9604
2903,遠百,46,2,44,富邦-陽明,2023-05-11,9604
2002,中鋼,46,2,44,富邦-陽明,2023-05-11,9604
0056,元大高股息,78,36,42,富邦-陽明,2023-05-11,9604
5009,榮剛,49,7,42,富邦-陽明,2023-05-11,9604
4729,熒茂,43,2,41,富邦-陽明,2023-05-11,9604
1103,嘉泥,40,0,40,富邦-陽明,2023-05-11,9604
1314,中石化,40,4,36,富邦-陽明,2023-05-11,9604
4906,正文,57,21,36,富邦-陽明,2023-05-11,9604
2890,永豐金,35,0,35,富邦-陽明,2023-05-11,9604
9105,泰金寶-DR,35,0,35,富邦-陽明,2023-05-11,9604
2615,萬海,34,1,33,富邦-陽明,2023-05-11,9604
1905,華紙,49,16,33,富邦-陽明,2023-05-11,9604
3202,樺晟,85,54,31,富邦-陽明,2023-05-11,9604
8105,凌巨,31,1,30,富邦-陽明,2023-05-11,9604
2881A,富邦特,29,0,29,富邦-陽明,2023-05-11,9604
2457,飛宏,85,57,28,富邦-陽明,2023-05-11,9604
3058,立德,62,34,28,富邦-陽明,2023-05-11,9604
2603,長榮,49,21,28,富邦-陽明,2023-05-11,9604
1718,中纖,32,5,27,富邦-陽明,2023-05-11,9604
6470,宇智,27,0,27,富邦-陽明,2023-05-11,9604
00690,兆豐藍籌30,24,0,24,富邦-陽明,2023-05-11,9604
3013,晟銘電,32,9,23,富邦-陽明,2023-05-11,9604
2206,三陽工業,43,21,22,富邦-陽明,2023-05-11,9604
8938,明安,22,1,21,富邦-陽明,2023-05-11,9604
00713,元大台灣高息低波,21,0,21,富邦-陽明,2023-05-11,9604
4967,十銓,23,3,20,富邦-陽明,2023-05-11,9604
4951,精拓科,21,1,20,富邦-陽明,2023-05-11,9604
5443,均豪,21,1,20,富邦-陽明,2023-05-11,9604
00878,國泰永續高股息,344,35,309,富邦-陽明,2023-05-12,9604
2317,鴻海,208,11,197,富邦-陽明,2023-05-12,9604
1101,台泥,204,7,197,富邦-陽明,2023-05-12,9604
2888,新光金,139,28,111,富邦-陽明,2023-05-12,9604
6443,元晶,103,3,100,富邦-陽明,2023-05-12,9604
1905,華紙,133,41,92,富邦-陽明,2023-05-12,9604
6285,啟��,93,18,75,富邦-陽明,2023-05-12,9604
00882,中信中國高股息,70,0,70,富邦-陽明,2023-05-12,9604
8403,盛弘,75,7,68,富邦-陽明,2023-05-12,9604
3646,艾恩特,64,0,64,富邦-陽明,2023-05-12,9604
1504,東元,84,23,61,富邦-陽明,2023-05-12,9604
1742,台蠟,66,12,54,富邦-陽明,2023-05-12,9604
2387,精元,102,50,52,富邦-陽明,2023-05-12,9604
00637L,元大滬深300正2,106,55,51,富邦-陽明,2023-05-12,9604
1701,中化,50,0,50,富邦-陽明,2023-05-12,9604
2736,富野,59,11,48,富邦-陽明,2023-05-12,9604
2882,國泰金,43,1,42,富邦-陽明,2023-05-12,9604
2027,大成鋼,39,0,39,富邦-陽明,2023-05-12,9604
2610,華航,65,28,37,富邦-陽明,2023-05-12,9604
2303,聯電,39,6,33,富邦-陽明,2023-05-12,9604
3202,樺晟,62,31,31,富邦-陽明,2023-05-12,9604
2883,凱基金,37,8,29,富邦-陽明,2023-05-12,9604
4939,亞電,29,0,29,富邦-陽明,2023-05-12,9604
1314,中石化,31,3,28,富邦-陽明,2023-05-12,9604
6282,康舒,34,6,28,富邦-陽明,2023-05-12,9604
00713,元大台灣高息低波,37,9,28,富邦-陽明,2023-05-12,9604
4549,桓達,31,6,25,富邦-陽明,2023-05-12,9604
2885,元大金,27,2,25,富邦-陽明,2023-05-12,9604
2903,遠百,24,0,24,富邦-陽明,2023-05-12,9604
8085,福華,47,24,23,富邦-陽明,2023-05-12,9604
6770,力積電,35,13,22,富邦-陽明,2023-05-12,9604
3094,聯傑,21,0,21,富邦-陽明,2023-05-12,9604
9105,泰金寶-DR,20,0,20,富邦-陽明,2023-05-12,9604
3013,晟銘電,22,3,19,富邦-陽明,2023-05-12,9604
6477,安集,22,4,18,富邦-陽明,2023-05-12,9604
00633L,富邦上証正2,17,0,17,富邦-陽明,2023-05-12,9604
4938,和碩,20,3,17,富邦-陽明,2023-05-12,9604
2330,台積電,20,3,17,富邦-陽明,2023-05-12,9604
00712,復華富時不動產,16,0,16,富邦-陽明,2023-05-12,9604
5498,凱崴,17,1,16,富邦-陽明,2023-05-12,9604
4743,合一,27,11,16,富邦-陽明,2023-05-12,9604
9907,統一實,55,40,15,富邦-陽明,2023-05-12,9604
4906,正文,15,0,15,富邦-陽明,2023-05-12,9604
020027,元大上櫃ESG成長N,15,0,15,富邦-陽明,2023-05-12,9604
3006,晶豪科,17,3,14,富邦-陽明,2023-05-12,9604
4729,熒茂,15,1,14,富邦-陽明,2023-05-12,9604
4510,高鋒,14,0,14,富邦-陽明,2023-05-12,9604
8938,明安,15,1,14,富邦-陽明,2023-05-12,9604
0050,元大台灣50,15,1,14,富邦-陽明,2023-05-12,9604
2314,台揚,14,1,13,富邦-陽明,2023-05-12,9604
00878,國泰永續高股息,695,64,631,富邦-陽明,2023-05-15,9604
00632R,元大台灣50反1,224,2,222,富邦-陽明,2023-05-15,9604
00882,中信中國高股息,231,32,199,富邦-陽明,2023-05-15,9604
00715L,期街口布蘭特正2,193,2,191,富邦-陽明,2023-05-15,9604
00665L,富邦�琤肭磪囓�2,158,33,125,富邦-陽明,2023-05-15,9604
2331,精英,132,28,104,富邦-陽明,2023-05-15,9604
6122,擎邦,248,173,75,富邦-陽明,2023-05-15,9604
3078,僑威,71,12,59,富邦-陽明,2023-05-15,9604
3017,奇鋐,62,4,58,富邦-陽明,2023-05-15,9604
2303,聯電,71,13,58,富邦-陽明,2023-05-15,9604
6112,邁達特,65,8,57,富邦-陽明,2023-05-15,9604
3105,穩懋,58,5,53,富邦-陽明,2023-05-15,9604
1513,中興電,59,9,50,富邦-陽明,2023-05-15,9604
2630,亞航,57,7,50,富邦-陽明,2023-05-15,9604
00751B,元大AAA至A公司債,50,1,49,富邦-陽明,2023-05-15,9604
00753L,中信中國50正2,81,32,49,富邦-陽明,2023-05-15,9604
1504,東元,161,113,48,富邦-陽明,2023-05-15,9604
2453,凌群,54,6,48,富邦-陽明,2023-05-15,9604
2317,鴻海,77,29,48,富邦-陽明,2023-05-15,9604
00687B,國泰20年美債,48,0,48,富邦-陽明,2023-05-15,9604
00679B,元大美債20年,87,41,46,富邦-陽明,2023-05-15,9604
3481,群創,44,0,44,富邦-陽明,2023-05-15,9604
3231,緯創,146,104,42,富邦-陽明,2023-05-15,9604
00706L,期元大S＆P日圓正2,40,0,40,富邦-陽明,2023-05-15,9604
00713,元大台灣高息低波,41,4,37,富邦-陽明,2023-05-15,9604
3693,營邦,39,2,37,富邦-陽明,2023-05-15,9604
2419,仲琦,39,5,34,富邦-陽明,2023-05-15,9604
00772B,中信高評級公司債,34,1,33,富邦-陽明,2023-05-15,9604
3202,樺晟,52,19,33,富邦-陽明,2023-05-15,9604
5871,中租-KY,41,9,32,富邦-陽明,2023-05-15,9604
6163,華電網,84,52,32,富邦-陽明,2023-05-15,9604
9105,泰金寶-DR,30,0,30,富邦-陽明,2023-05-15,9604
3029,零壹,38,9,29,富邦-陽明,2023-05-15,9604
4121,優盛,29,1,28,富邦-陽明,2023-05-15,9604
00720B,元大投資級公司債,28,1,27,富邦-陽明,2023-05-15,9604
00642U,期元大S＆P石油,27,0,27,富邦-陽明,2023-05-15,9604
2634,漢翔,33,7,26,富邦-陽明,2023-05-15,9604
6214,精誠,30,4,26,富邦-陽明,2023-05-15,9604
3646,艾恩特,25,0,25,富邦-陽明,2023-05-15,9604
5905,南仁湖,32,9,23,富邦-陽明,2023-05-15,9604
5706,鳳凰,45,22,23,富邦-陽明,2023-05-15,9604
3037,欣興,29,6,23,富邦-陽明,2023-05-15,9604
3712,永崴投控,25,3,22,富邦-陽明,2023-05-15,9604
3046,建��,58,37,21,富邦-陽明,2023-05-15,9604
00795B,中信美國公債20年,21,0,21,富邦-陽明,2023-05-15,9604
1609,大亞,80,59,21,富邦-陽明,2023-05-15,9604
1314,中石化,20,0,20,富邦-陽明,2023-05-15,9604
2610,華航,25,5,20,富邦-陽明,2023-05-15,9604
5258,虹堡,38,19,19,富邦-陽明,2023-05-15,9604
1529,樂事綠能,22,3,19,富邦-陽明,2023-05-15,9604
00680L,元大美債20正2,122,0,122,富邦-陽明,2023-05-16,9604
00772B,中信高評級公司債,107,0,107,富邦-陽明,2023-05-16,9604
00751B,元大AAA至A公司債,102,0,102,富邦-陽明,2023-05-16,9604
00676R,富邦臺灣加權反1,100,0,100,富邦-陽明,2023-05-16,9604
00632R,元大台灣50反1,235,140,95,富邦-陽明,2023-05-16,9604
3231,緯創,153,61,92,富邦-陽明,2023-05-16,9604
00720B,元大投資級公司債,93,2,91,富邦-陽明,2023-05-16,9604
2105,正新,102,31,71,富邦-陽明,2023-05-16,9604
00679B,元大美債20年,71,4,67,富邦-陽明,2023-05-16,9604
2881A,富邦特,60,0,60,富邦-陽明,2023-05-16,9604
2317,鴻海,61,4,57,富邦-陽明,2023-05-16,9604
00664R,國泰臺灣加權反1,55,0,55,富邦-陽明,2023-05-16,9604
00673R,期元大S＆P原油反1,52,1,51,富邦-陽明,2023-05-16,9604
00687B,國泰20年美債,50,0,50,富邦-陽明,2023-05-16,9604
00706L,期元大S＆P日圓正2,50,0,50,富邦-陽明,2023-05-16,9604
2498,宏達電,67,20,47,富邦-陽明,2023-05-16,9604
2382,廣達,112,66,46,富邦-陽明,2023-05-16,9604
1608,華榮,65,21,44,富邦-陽明,2023-05-16,9604
00712,復華富時不動產,38,0,38,富邦-陽明,2023-05-16,9604
1612,宏泰,41,9,32,富邦-陽明,2023-05-16,9604
4744,皇將,47,16,31,富邦-陽明,2023-05-16,9604
2534,宏盛,30,0,30,富邦-陽明,2023-05-16,9604
2486,一詮,31,1,30,富邦-陽明,2023-05-16,9604
3481,群創,59,30,29,富邦-陽明,2023-05-16,9604
6712,長聖,26,1,25,富邦-陽明,2023-05-16,9604
2484,希華,25,0,25,富邦-陽明,2023-05-16,9604
2851,中再保,25,0,25,富邦-陽明,2023-05-16,9604
2313,華通,23,0,23,富邦-陽明,2023-05-16,9604
5871,中租-KY,24,2,22,富邦-陽明,2023-05-16,9604
5498,凱崴,31,10,21,富邦-陽明,2023-05-16,9604
2449,京元電子,21,0,21,富邦-陽明,2023-05-16,9604
2453,凌群,22,1,21,富邦-陽明,2023-05-16,9604
2344,華邦電,88,67,21,富邦-陽明,2023-05-16,9604
6139,亞翔,31,11,20,富邦-陽明,2023-05-16,9604
2368,金像電,29,10,19,富邦-陽明,2023-05-16,9604
2323,中環,41,22,19,富邦-陽明,2023-05-16,9604
1471,首利,24,5,19,富邦-陽明,2023-05-16,9604
4938,和碩,50,31,19,富邦-陽明,2023-05-16,9604
6235,華孚,79,61,18,富邦-陽明,2023-05-16,9604
1314,中石化,19,1,18,富邦-陽明,2023-05-16,9604
6269,台郡,17,0,17,富邦-陽明,2023-05-16,9604
1310,台苯,17,0,17,富邦-陽明,2023-05-16,9604
00892,富邦台灣半導體,17,0,17,富邦-陽明,2023-05-16,9604
2603,長榮,22,5,17,富邦-陽明,2023-05-16,9604
2014,中鴻,27,11,16,富邦-陽明,2023-05-16,9604
2303,聯電,21,5,16,富邦-陽明,2023-05-16,9604
9955,佳龍,16,0,16,富邦-陽明,2023-05-16,9604
2488,漢平,16,0,16,富邦-陽明,2023-05-16,9604
1312,國喬,16,0,16,富邦-陽明,2023-05-16,9604
1702,南僑,17,1,16,富邦-陽明,2023-05-16,9604
00878,國泰永續高股息,334,84,250,富邦-陽明,2023-05-17,9604
00632R,元大台灣50反1,637,396,241,富邦-陽明,2023-05-17,9604
00673R,期元大S＆P原油反1,160,30,130,富邦-陽明,2023-05-17,9604
00687B,國泰20年美債,121,0,121,富邦-陽明,2023-05-17,9604
00664R,國泰臺灣加權反1,116,0,116,富邦-陽明,2023-05-17,9604
00679B,元大美債20年,112,6,106,富邦-陽明,2023-05-17,9604
1314,中石化,116,15,101,富邦-陽明,2023-05-17,9604
2504,國產,102,2,100,富邦-陽明,2023-05-17,9604
00688L,國泰20年美債正2,100,4,96,富邦-陽明,2023-05-17,9604
3715,定穎投控,128,43,85,富邦-陽明,2023-05-17,9604
00772B,中信高評級公司債,82,0,82,富邦-陽明,2023-05-17,9604
00669R,國泰美國道瓊反1,80,0,80,富邦-陽明,2023-05-17,9604
00680L,元大美債20正2,78,0,78,富邦-陽明,2023-05-17,9604
6285,啟��,96,24,72,富邦-陽明,2023-05-17,9604
00712,復華富時不動產,58,0,58,富邦-陽明,2023-05-17,9604
2888,新光金,104,47,57,富邦-陽明,2023-05-17,9604
00882,中信中國高股息,54,0,54,富邦-陽明,2023-05-17,9604
2618,長榮航,60,14,46,富邦-陽明,2023-05-17,9604
1310,台苯,54,9,45,富邦-陽明,2023-05-17,9604
2421,建準,62,22,40,富邦-陽明,2023-05-17,9604
3596,智易,40,0,40,富邦-陽明,2023-05-17,9604
1702,南僑,40,0,40,富邦-陽明,2023-05-17,9604
00720B,元大投資級公司債,40,1,39,富邦-陽明,2023-05-17,9604
00751B,元大AAA至A公司債,38,0,38,富邦-陽明,2023-05-17,9604
1104,環泥,41,4,37,富邦-陽明,2023-05-17,9604
00637L,元大滬深300正2,305,269,36,富邦-陽明,2023-05-17,9604
2303,聯電,62,26,36,富邦-陽明,2023-05-17,9604
6752,叡揚,32,0,32,富邦-陽明,2023-05-17,9604
00725B,國泰投資級公司債,31,0,31,富邦-陽明,2023-05-17,9604
2743,山富,66,35,31,富邦-陽明,2023-05-17,9604
2317,鴻海,52,23,29,富邦-陽明,2023-05-17,9604
3059,華晶科,35,8,27,富邦-陽明,2023-05-17,9604
8076,伍豐,65,39,26,富邦-陽明,2023-05-17,9604
2344,華邦電,149,124,25,富邦-陽明,2023-05-17,9604
2609,陽明,42,18,24,富邦-陽明,2023-05-17,9604
1210,大成,32,8,24,富邦-陽明,2023-05-17,9604
00655L,國泰中國A50正2,24,1,23,富邦-陽明,2023-05-17,9604
00650L,復華香港正2,24,3,21,富邦-陽明,2023-05-17,9604
00773B,中信優先金融債,20,0,20,富邦-陽明,2023-05-17,9604
00671R,富邦NASDAQ反1,20,0,20,富邦-陽明,2023-05-17,9604
00852L,國泰美國道瓊正2,20,0,20,富邦-陽明,2023-05-17,9604
00665L,富邦�琤肭磪囓�2,26,6,20,富邦-陽明,2023-05-17,9604
2385,群光,20,1,19,富邦-陽明,2023-05-17,9604
4960,誠美材,21,3,18,富邦-陽明,2023-05-17,9604
1471,首利,18,0,18,富邦-陽明,2023-05-17,9604
00897,富邦基因免疫生技,18,0,18,富邦-陽明,2023-05-17,9604
3305,昇貿,18,0,18,富邦-陽明,2023-05-17,9604
00753L,中信中國50正2,20,2,18,富邦-陽明,2023-05-17,9604
3022,威強電,42,24,18,富邦-陽明,2023-05-17,9604
00885,富邦越南,28,11,17,富邦-陽明,2023-05-17,9604
00665L,富邦�琤肭磪囓�2,1738,242,1496,富邦-陽明,2023-05-18,9604
00632R,元大台灣50反1,591,70,521,富邦-陽明,2023-05-18,9604
2886,兆豐金,490,19,471,富邦-陽明,2023-05-18,9604
00676R,富邦臺灣加權反1,153,0,153,富邦-陽明,2023-05-18,9604
00697B,元大美債7-10,152,0,152,富邦-陽明,2023-05-18,9604
5531,鄉林,151,1,150,富邦-陽明,2023-05-18,9604
2323,中環,174,40,134,富邦-陽明,2023-05-18,9604
3078,僑威,154,34,120,富邦-陽明,2023-05-18,9604
00706L,期元大S＆P日圓正2,110,0,110,富邦-陽明,2023-05-18,9604
8358,金居,113,9,104,富邦-陽明,2023-05-18,9604
1215,卜蜂,103,2,101,富邦-陽明,2023-05-18,9604
00680L,元大美債20正2,97,0,97,富邦-陽明,2023-05-18,9604
2890,永豐金,109,14,95,富邦-陽明,2023-05-18,9604
00683L,期元大美元指正2,91,0,91,富邦-陽明,2023-05-18,9604
2402,毅嘉,85,3,82,富邦-陽明,2023-05-18,9604
2845,遠東銀,81,0,81,富邦-陽明,2023-05-18,9604
00751B,元大AAA至A公司債,77,0,77,富邦-陽明,2023-05-18,9604
00687B,國泰20年美債,76,0,76,富邦-陽明,2023-05-18,9604
1471,首利,79,5,74,富邦-陽明,2023-05-18,9604
00664R,國泰臺灣加權反1,74,0,74,富邦-陽明,2023-05-18,9604
2888,新光金,141,71,70,富邦-陽明,2023-05-18,9604
4960,誠美材,62,0,62,富邦-陽明,2023-05-18,9604
3693,營邦,66,10,56,富邦-陽明,2023-05-18,9604
2603,長榮,64,11,53,富邦-陽明,2023-05-18,9604
9955,佳龍,50,0,50,富邦-陽明,2023-05-18,9604
1734,杏輝,50,1,49,富邦-陽明,2023-05-18,9604
00673R,期元大S＆P原油反1,46,0,46,富邦-陽明,2023-05-18,9604
6285,啟��,110,67,43,富邦-陽明,2023-05-18,9604
2485,兆赫,40,0,40,富邦-陽明,2023-05-18,9604
2614,東森,40,1,39,富邦-陽明,2023-05-18,9604
2634,漢翔,86,48,38,富邦-陽明,2023-05-18,9604
3022,威強電,49,14,35,富邦-陽明,2023-05-18,9604
3701,大眾控,40,6,34,富邦-陽明,2023-05-18,9604
3704,合勤控,64,30,34,富邦-陽明,2023-05-18,9604
3162,精確,42,9,33,富邦-陽明,2023-05-18,9604
2630,亞航,88,55,33,富邦-陽明,2023-05-18,9604
2633,台灣高鐵,79,47,32,富邦-陽明,2023-05-18,9604
8222,寶一,112,82,30,富邦-陽明,2023-05-18,9604
1776,展宇,26,0,26,富邦-陽明,2023-05-18,9604
00650L,復華香港正2,57,33,24,富邦-陽明,2023-05-18,9604
6243,迅杰,25,1,24,富邦-陽明,2023-05-18,9604
6535,順藥,30,6,24,富邦-陽明,2023-05-18,9604
3481,群創,65,41,24,富邦-陽明,2023-05-18,9604
4906,正文,30,6,24,富邦-陽明,2023-05-18,9604
00772B,中信高評級公司債,23,0,23,富邦-陽明,2023-05-18,9604
2409,友達,34,12,22,富邦-陽明,2023-05-18,9604
4968,立積,34,12,22,富邦-陽明,2023-05-18,9604
6752,叡揚,21,0,21,富邦-陽明,2023-05-18,9604
2331,精英,38,18,20,富邦-陽明,2023-05-18,9604
1810,和成,21,1,20,富邦-陽明,2023-05-18,9604
00632R,元大台灣50反1,532,85,447,富邦-陽明,2023-05-19,9604
00665L,富邦�琤肭磪囓�2,332,50,282,富邦-陽明,2023-05-19,9604
00680L,元大美債20正2,242,1,241,富邦-陽明,2023-05-19,9604
00752,中信中國50,187,0,187,富邦-陽明,2023-05-19,9604
00700,富邦�琤肭磪�,180,0,180,富邦-陽明,2023-05-19,9604
2887,台新金,191,12,179,富邦-陽明,2023-05-19,9604
1101,台泥,199,42,157,富邦-陽明,2023-05-19,9604
5324,士開,160,4,156,富邦-陽明,2023-05-19,9604
00687B,國泰20年美債,158,6,152,富邦-陽明,2023-05-19,9604
00772B,中信高評級公司債,158,7,151,富邦-陽明,2023-05-19,9604
00697B,元大美債7-10,151,0,151,富邦-陽明,2023-05-19,9604
5531,鄉林,131,1,130,富邦-陽明,2023-05-19,9604
2886,兆豐金,190,78,112,富邦-陽明,2023-05-19,9604
3036,文曄,100,0,100,富邦-陽明,2023-05-19,9604
5009,榮剛,160,64,96,富邦-陽明,2023-05-19,9604
00712,復華富時不動產,111,16,95,富邦-陽明,2023-05-19,9604
2349,錸德,92,0,92,富邦-陽明,2023-05-19,9604
1605,華新,106,14,92,富邦-陽明,2023-05-19,9604
00753L,中信中國50正2,86,0,86,富邦-陽明,2023-05-19,9604
1504,東元,243,158,85,富邦-陽明,2023-05-19,9604
2457,飛宏,115,42,73,富邦-陽明,2023-05-19,9604
00761B,國泰A級公司債,70,0,70,富邦-陽明,2023-05-19,9604
00751B,元大AAA至A公司債,69,0,69,富邦-陽明,2023-05-19,9604
2801,彰銀,71,6,65,富邦-陽明,2023-05-19,9604
00882,中信中國高股息,65,5,60,富邦-陽明,2023-05-19,9604
1513,中興電,130,74,56,富邦-陽明,2023-05-19,9604
00773B,中信優先金融債,53,0,53,富邦-陽明,2023-05-19,9604
5258,虹堡,78,27,51,富邦-陽明,2023-05-19,9604
1215,卜蜂,51,0,51,富邦-陽明,2023-05-19,9604
00676R,富邦臺灣加權反1,51,0,51,富邦-陽明,2023-05-19,9604
3576,聯合再生,52,1,51,富邦-陽明,2023-05-19,9604
00679B,元大美債20年,80,31,49,富邦-陽明,2023-05-19,9604
2453,凌群,107,59,48,富邦-陽明,2023-05-19,9604
3363,上詮,76,30,46,富邦-陽明,2023-05-19,9604
4960,誠美材,47,3,44,富邦-陽明,2023-05-19,9604
00671R,富邦NASDAQ反1,100,58,42,富邦-陽明,2023-05-19,9604
6218,豪勉,47,6,41,富邦-陽明,2023-05-19,9604
2317,鴻海,45,5,40,富邦-陽明,2023-05-19,9604
1210,大成,37,0,37,富邦-陽明,2023-05-19,9604
2633,台灣高鐵,44,7,37,富邦-陽明,2023-05-19,9604
1312,國喬,35,0,35,富邦-陽明,2023-05-19,9604
1314,中石化,36,1,35,富邦-陽明,2023-05-19,9604
2530,華建,30,0,30,富邦-陽明,2023-05-19,9604
00664R,國泰臺灣加權反1,31,1,30,富邦-陽明,2023-05-19,9604
5243,乙盛-KY,109,81,28,富邦-陽明,2023-05-19,9604
00892,富邦台灣半導體,28,0,28,富邦-陽明,2023-05-19,9604
3029,零壹,109,82,27,富邦-陽明,2023-05-19,9604
6235,華孚,62,36,26,富邦-陽明,2023-05-19,9604
2482,連宇,52,27,25,富邦-陽明,2023-05-19,9604
00696B,富邦美債20年,25,0,25,富邦-陽明,2023-05-19,9604
2888,新光金,243,4,239,富邦-陽明,2023-05-22,9604
00632R,元大台灣50反1,232,8,224,富邦-陽明,2023-05-22,9604
00715L,期街口布蘭特正2,222,0,222,富邦-陽明,2023-05-22,9604
2834,臺企銀,205,1,204,富邦-陽明,2023-05-22,9604
00680L,元大美債20正2,136,0,136,富邦-陽明,2023-05-22,9604
2303,聯電,132,12,120,富邦-陽明,2023-05-22,9604
2031,新光鋼,124,11,113,富邦-陽明,2023-05-22,9604
00687B,國泰20年美債,107,0,107,富邦-陽明,2023-05-22,9604
9955,佳龍,80,0,80,富邦-陽明,2023-05-22,9604
2340,台亞,81,1,80,富邦-陽明,2023-05-22,9604
00882,中信中國高股息,81,4,77,富邦-陽明,2023-05-22,9604
1503,士電,155,86,69,富邦-陽明,2023-05-22,9604
3017,奇鋐,82,17,65,富邦-陽明,2023-05-22,9604
3052,夆典,60,0,60,富邦-陽明,2023-05-22,9604
5388,中磊,70,12,58,富邦-陽明,2023-05-22,9604
00679B,元大美債20年,110,62,48,富邦-陽明,2023-05-22,9604
6282,康舒,134,92,42,富邦-陽明,2023-05-22,9604
3257,虹冠電,45,4,41,富邦-陽明,2023-05-22,9604
3038,全台,42,2,40,富邦-陽明,2023-05-22,9604
3443,創意,48,9,39,富邦-陽明,2023-05-22,9604
00751B,元大AAA至A公司債,35,0,35,富邦-陽明,2023-05-22,9604
1809,中釉,42,9,33,富邦-陽明,2023-05-22,9604
2383,台光電,54,22,32,富邦-陽明,2023-05-22,9604
2530,華建,35,3,32,富邦-陽明,2023-05-22,9604
00752,中信中國50,32,0,32,富邦-陽明,2023-05-22,9604
4960,誠美材,30,0,30,富邦-陽明,2023-05-22,9604
5324,士開,31,1,30,富邦-陽明,2023-05-22,9604
8937,合騏,30,0,30,富邦-陽明,2023-05-22,9604
00713,元大台灣高息低波,34,4,30,富邦-陽明,2023-05-22,9604
2368,金像電,58,29,29,富邦-陽明,2023-05-22,9604
8421,旭源,29,0,29,富邦-陽明,2023-05-22,9604
3576,聯合再生,31,2,29,富邦-陽明,2023-05-22,9604
2022,聚亨,30,2,28,富邦-陽明,2023-05-22,9604
3035,智原,28,2,26,富邦-陽明,2023-05-22,9604
1789,神隆,25,0,25,富邦-陽明,2023-05-22,9604
2371,大同,34,9,25,富邦-陽明,2023-05-22,9604
2356,英業達,28,4,24,富邦-陽明,2023-05-22,9604
2442,新美齊,41,17,24,富邦-陽明,2023-05-22,9604
2891,中信金,37,13,24,富邦-陽明,2023-05-22,9604
2344,華邦電,364,342,22,富邦-陽明,2023-05-22,9604
1529,樂事綠能,65,43,22,富邦-陽明,2023-05-22,9604
2489,瑞軒,24,2,22,富邦-陽明,2023-05-22,9604
00700,富邦�琤肭磪�,20,0,20,富邦-陽明,2023-05-22,9604
9105,泰金寶-DR,20,0,20,富邦-陽明,2023-05-22,9604
6821,聯寶,21,1,20,富邦-陽明,2023-05-22,9604
6179,亞通,20,0,20,富邦-陽明,2023-05-22,9604
1616,億泰,20,0,20,富邦-陽明,2023-05-22,9604
2603,長榮,41,23,18,富邦-陽明,2023-05-22,9604
8046,南電,26,9,17,富邦-陽明,2023-05-22,9604
8446,華研,19,2,17,富邦-陽明,2023-05-22,9604
1101,台泥,188,26,162,富邦-陽明,2023-05-23,9604
00687B,國泰20年美債,115,0,115,富邦-陽明,2023-05-23,9604
00882,中信中國高股息,114,0,114,富邦-陽明,2023-05-23,9604
00671R,富邦NASDAQ反1,105,0,105,富邦-陽明,2023-05-23,9604
2897,王道銀行,100,0,100,富邦-陽明,2023-05-23,9604
1905,華紙,192,102,90,富邦-陽明,2023-05-23,9604
00679B,元大美債20年,91,7,84,富邦-陽明,2023-05-23,9604
00680L,元大美債20正2,81,0,81,富邦-陽明,2023-05-23,9604
00637L,元大滬深300正2,110,36,74,富邦-陽明,2023-05-23,9604
2303,聯電,78,12,66,富邦-陽明,2023-05-23,9604
3078,僑威,149,91,58,富邦-陽明,2023-05-23,9604
8213,志超,55,0,55,富邦-陽明,2023-05-23,9604
5425,台半,60,7,53,富邦-陽明,2023-05-23,9604
2888,新光金,56,3,53,富邦-陽明,2023-05-23,9604
1460,宏遠,55,5,50,富邦-陽明,2023-05-23,9604
1513,中興電,202,152,50,富邦-陽明,2023-05-23,9604
00751B,元大AAA至A公司債,48,0,48,富邦-陽明,2023-05-23,9604
00772B,中信高評級公司債,57,9,48,富邦-陽明,2023-05-23,9604
2442,新美齊,66,19,47,富邦-陽明,2023-05-23,9604
4564,元翎,41,0,41,富邦-陽明,2023-05-23,9604
1210,大成,53,13,40,富邦-陽明,2023-05-23,9604
4126,太醫,40,0,40,富邦-陽明,2023-05-23,9604
00665L,富邦�琤肭磪囓�2,56,17,39,富邦-陽明,2023-05-23,9604
00720B,元大投資級公司債,39,0,39,富邦-陽明,2023-05-23,9604
2201,裕隆,69,30,39,富邦-陽明,2023-05-23,9604
5388,中磊,58,21,37,富邦-陽明,2023-05-23,9604
1605,華新,59,26,33,富邦-陽明,2023-05-23,9604
4977,眾達-KY,38,6,32,富邦-陽明,2023-05-23,9604
2101,南港,30,0,30,富邦-陽明,2023-05-23,9604
3038,全台,33,3,30,富邦-陽明,2023-05-23,9604
2371,大同,41,13,28,富邦-陽明,2023-05-23,9604
6446,藥華藥,36,10,26,富邦-陽明,2023-05-23,9604
2236,百達-KY,26,0,26,富邦-陽明,2023-05-23,9604
2409,友達,26,1,25,富邦-陽明,2023-05-23,9604
3693,營邦,55,31,24,富邦-陽明,2023-05-23,9604
5469,瀚宇博,23,0,23,富邦-陽明,2023-05-23,9604
4541,晟田,106,83,23,富邦-陽明,2023-05-23,9604
6182,合晶,28,6,22,富邦-陽明,2023-05-23,9604
2705,六福,52,30,22,富邦-陽明,2023-05-23,9604
1616,億泰,35,13,22,富邦-陽明,2023-05-23,9604
3481,群創,49,28,21,富邦-陽明,2023-05-23,9604
2313,華通,43,22,21,富邦-陽明,2023-05-23,9604
2352,佳世達,40,19,21,富邦-陽明,2023-05-23,9604
5351,鈺創,32,11,21,富邦-陽明,2023-05-23,9604
00632R,元大台灣50反1,45,24,21,富邦-陽明,2023-05-23,9604
6026,福邦證,21,0,21,富邦-陽明,2023-05-23,9604
00673R,期元大S＆P原油反1,20,0,20,富邦-陽明,2023-05-23,9604
00712,復華富時不動產,28,8,20,富邦-陽明,2023-05-23,9604
2609,陽明,31,11,20,富邦-陽明,2023-05-23,9604
4167,松瑞藥,20,1,19,富邦-陽明,2023-05-23,9604
2890,永豐金,229,0,229,富邦-陽明,2023-05-24,9604
1101,台泥,228,5,223,富邦-陽明,2023-05-24,9604
00882,中信中國高股息,177,0,177,富邦-陽明,2023-05-24,9604
5531,鄉林,165,15,150,富邦-陽明,2023-05-24,9604
2352,佳世達,148,19,129,富邦-陽明,2023-05-24,9604
2332,友訊,128,9,119,富邦-陽明,2023-05-24,9604
2884,玉山金,144,31,113,富邦-陽明,2023-05-24,9604
2501,國建,100,0,100,富邦-陽明,2023-05-24,9604
2888,新光金,147,55,92,富邦-陽明,2023-05-24,9604
00637L,元大滬深300正2,210,123,87,富邦-陽明,2023-05-24,9604
2101,南港,80,0,80,富邦-陽明,2023-05-24,9604
2881,富邦金,73,12,61,富邦-陽明,2023-05-24,9604
2834,臺企銀,65,8,57,富邦-陽明,2023-05-24,9604
00665L,富邦�琤肭磪囓�2,131,76,55,富邦-陽明,2023-05-24,9604
6577,勁豐,52,0,52,富邦-陽明,2023-05-24,9604
2323,中環,124,74,50,富邦-陽明,2023-05-24,9604
00647L,元大S＆P500正2,50,0,50,富邦-陽明,2023-05-24,9604
00650L,復華香港正2,105,61,44,富邦-陽明,2023-05-24,9604
00752,中信中國50,41,0,41,富邦-陽明,2023-05-24,9604
6285,啟��,42,2,40,富邦-陽明,2023-05-24,9604
5301,寶得利,39,3,36,富邦-陽明,2023-05-24,9604
5009,榮剛,80,47,33,富邦-陽明,2023-05-24,9604
6233,旺玖,59,27,32,富邦-陽明,2023-05-24,9604
3704,合勤控,59,28,31,富邦-陽明,2023-05-24,9604
4706,大恭,30,0,30,富邦-陽明,2023-05-24,9604
3419,譁裕,44,16,28,富邦-陽明,2023-05-24,9604
2705,六福,65,37,28,富邦-陽明,2023-05-24,9604
1802,台玻,29,1,28,富邦-陽明,2023-05-24,9604
2409,友達,28,1,27,富邦-陽明,2023-05-24,9604
2328,廣宇,44,17,27,富邦-陽明,2023-05-24,9604
1612,宏泰,30,4,26,富邦-陽明,2023-05-24,9604
2349,錸德,30,5,25,富邦-陽明,2023-05-24,9604
00673R,期元大S＆P原油反1,24,0,24,富邦-陽明,2023-05-24,9604
00687B,國泰20年美債,22,0,22,富邦-陽明,2023-05-24,9604
2442,新美齊,60,38,22,富邦-陽明,2023-05-24,9604
00680L,元大美債20正2,26,4,22,富邦-陽明,2023-05-24,9604
2402,毅嘉,48,26,22,富邦-陽明,2023-05-24,9604
6585,鼎基,22,0,22,富邦-陽明,2023-05-24,9604
9904,寶成,22,0,22,富邦-陽明,2023-05-24,9604
1907,永豐餘,37,15,22,富邦-陽明,2023-05-24,9604
6535,順藥,34,13,21,富邦-陽明,2023-05-24,9604
4167,松瑞藥,21,0,21,富邦-陽明,2023-05-24,9604
1809,中釉,76,55,21,富邦-陽明,2023-05-24,9604
00700,富邦�琤肭磪�,20,0,20,富邦-陽明,2023-05-24,9604
8059,凱碩,20,0,20,富邦-陽明,2023-05-24,9604
1201,味全,21,2,19,富邦-陽明,2023-05-24,9604
3257,虹冠電,40,21,19,富邦-陽明,2023-05-24,9604
1528,恩德,21,2,19,富邦-陽明,2023-05-24,9604
3078,僑威,206,188,18,富邦-陽明,2023-05-24,9604
5388,中磊,20,3,17,富邦-陽明,2023-05-24,9604
2883,凱基金,1090,22,1068,富邦-陽明,2023-05-25,9604
2890,永豐金,504,3,501,富邦-陽明,2023-05-25,9604
00902,中信電池及儲能,429,0,429,富邦-陽明,2023-05-25,9604
00686R,群益臺灣加權反1,300,0,300,富邦-陽明,2023-05-25,9604
00882,中信中國高股息,215,4,211,富邦-陽明,2023-05-25,9604
00700,富邦�琤肭磪�,180,0,180,富邦-陽明,2023-05-25,9604
00650L,復華香港正2,203,40,163,富邦-陽明,2023-05-25,9604
2801,彰銀,160,0,160,富邦-陽明,2023-05-25,9604
2344,華邦電,457,299,158,富邦-陽明,2023-05-25,9604
00687B,國泰20年美債,171,28,143,富邦-陽明,2023-05-25,9604
00632R,元大台灣50反1,188,48,140,富邦-陽明,2023-05-25,9604
00752,中信中國50,128,0,128,富邦-陽明,2023-05-25,9604
2609,陽明,134,17,117,富邦-陽明,2023-05-25,9604
00637L,元大滬深300正2,325,223,102,富邦-陽明,2023-05-25,9604
00665L,富邦�琤肭磪囓�2,127,26,101,富邦-陽明,2023-05-25,9604
8403,盛弘,91,0,91,富邦-陽明,2023-05-25,9604
2706,第一店,86,3,83,富邦-陽明,2023-05-25,9604
6591,動力-KY,80,0,80,富邦-陽明,2023-05-25,9604
00664R,國泰臺灣加權反1,71,0,71,富邦-陽明,2023-05-25,9604
2352,佳世達,91,24,67,富邦-陽明,2023-05-25,9604
00753L,中信中國50正2,62,0,62,富邦-陽明,2023-05-25,9604
00712,復華富時不動產,67,7,60,富邦-陽明,2023-05-25,9604
00897,富邦基因免疫生技,60,0,60,富邦-陽明,2023-05-25,9604
2103,台橡,58,0,58,富邦-陽明,2023-05-25,9604
00676R,富邦臺灣加權反1,52,0,52,富邦-陽明,2023-05-25,9604
1314,中石化,50,0,50,富邦-陽明,2023-05-25,9604
2501,國建,50,0,50,富邦-陽明,2023-05-25,9604
4564,元翎,68,23,45,富邦-陽明,2023-05-25,9604
5880,合庫金,45,0,45,富邦-陽明,2023-05-25,9604
2027,大成鋼,45,2,43,富邦-陽明,2023-05-25,9604
3583,辛耘,62,20,42,富邦-陽明,2023-05-25,9604
2892,第一金,45,4,41,富邦-陽明,2023-05-25,9604
1460,宏遠,59,19,40,富邦-陽明,2023-05-25,9604
5310,天剛,40,0,40,富邦-陽明,2023-05-25,9604
3646,艾恩特,42,2,40,富邦-陽明,2023-05-25,9604
2603,長榮,43,4,39,富邦-陽明,2023-05-25,9604
2323,中環,142,103,39,富邦-陽明,2023-05-25,9604
00751B,元大AAA至A公司債,38,0,38,富邦-陽明,2023-05-25,9604
2303,聯電,68,31,37,富邦-陽明,2023-05-25,9604
00633L,富邦上証正2,49,12,37,富邦-陽明,2023-05-25,9604
2317,鴻海,43,7,36,富邦-陽明,2023-05-25,9604
00772B,中信高評級公司債,41,6,35,富邦-陽明,2023-05-25,9604
2891,中信金,60,26,34,富邦-陽明,2023-05-25,9604
1504,東元,95,61,34,富邦-陽明,2023-05-25,9604
6282,康舒,53,20,33,富邦-陽明,2023-05-25,9604
2402,毅嘉,41,9,32,富邦-陽明,2023-05-25,9604
3701,大眾控,47,16,31,富邦-陽明,2023-05-25,9604
3617,碩天,47,17,30,富邦-陽明,2023-05-25,9604
3363,上詮,93,63,30,富邦-陽明,2023-05-25,9604
00680L,元大美債20正2,40,11,29,富邦-陽明,2023-05-25,9604
2890,永豐金,519,6,513,富邦-陽明,2023-05-26,9604
00882,中信中國高股息,236,1,235,富邦-陽明,2023-05-26,9604
2302,麗正,208,0,208,富邦-陽明,2023-05-26,9604
00712,復華富時不動產,205,0,205,富邦-陽明,2023-05-26,9604
00715L,期街口布蘭特正2,201,0,201,富邦-陽明,2023-05-26,9604
00720B,元大投資級公司債,187,2,185,富邦-陽明,2023-05-26,9604
00632R,元大台灣50反1,487,332,155,富邦-陽明,2023-05-26,9604
2883,凱基金,305,157,148,富邦-陽明,2023-05-26,9604
3231,緯創,438,305,133,富邦-陽明,2023-05-26,9604
00664R,國泰臺灣加權反1,112,0,112,富邦-陽明,2023-05-26,9604
00902,中信電池及儲能,110,0,110,富邦-陽明,2023-05-26,9604
1591,駿吉-KY,95,0,95,富邦-陽明,2023-05-26,9604
00687B,國泰20年美債,92,0,92,富邦-陽明,2023-05-26,9604
6770,力積電,96,5,91,富邦-陽明,2023-05-26,9604
6190,萬泰科,93,9,84,富邦-陽明,2023-05-26,9604
2317,鴻海,89,6,83,富邦-陽明,2023-05-26,9604
6288,聯嘉,112,32,80,富邦-陽明,2023-05-26,9604
4564,元翎,136,57,79,富邦-陽明,2023-05-26,9604
2419,仲琦,81,6,75,富邦-陽明,2023-05-26,9604
2027,大成鋼,77,14,63,富邦-陽明,2023-05-26,9604
00637L,元大滬深300正2,179,117,62,富邦-陽明,2023-05-26,9604
1905,華紙,86,27,59,富邦-陽明,2023-05-26,9604
00688L,國泰20年美債正2,58,0,58,富邦-陽明,2023-05-26,9604
00680L,元大美債20正2,82,25,57,富邦-陽明,2023-05-26,9604
2103,台橡,54,0,54,富邦-陽明,2023-05-26,9604
2342,茂矽,53,0,53,富邦-陽明,2023-05-26,9604
00753L,中信中國50正2,53,3,50,富邦-陽明,2023-05-26,9604
00633L,富邦上証正2,60,10,50,富邦-陽明,2023-05-26,9604
2458,義隆,61,11,50,富邦-陽明,2023-05-26,9604
4706,大恭,50,1,49,富邦-陽明,2023-05-26,9604
3583,辛耘,56,10,46,富邦-陽明,2023-05-26,9604
00751B,元大AAA至A公司債,45,0,45,富邦-陽明,2023-05-26,9604
3374,精材,54,9,45,富邦-陽明,2023-05-26,9604
1711,永光,45,3,42,富邦-陽明,2023-05-26,9604
1616,億泰,39,0,39,富邦-陽明,2023-05-26,9604
00772B,中信高評級公司債,38,0,38,富邦-陽明,2023-05-26,9604
2376,技嘉,107,68,39,富邦-陽明,2023-05-26,9604
8940,新天地,41,3,38,富邦-陽明,2023-05-26,9604
2368,金像電,61,24,37,富邦-陽明,2023-05-26,9604
4960,誠美材,46,10,36,富邦-陽明,2023-05-26,9604
9907,統一實,50,15,35,富邦-陽明,2023-05-26,9604
2323,中環,228,193,35,富邦-陽明,2023-05-26,9604
2002,中鋼,45,11,34,富邦-陽明,2023-05-26,9604
6026,福邦證,36,5,31,富邦-陽明,2023-05-26,9604
3481,群創,37,7,30,富邦-陽明,2023-05-26,9604
3014,聯陽,35,5,30,富邦-陽明,2023-05-26,9604
1560,中砂,46,16,30,富邦-陽明,2023-05-26,9604
2609,陽明,70,41,29,富邦-陽明,2023-05-26,9604
00713,元大台灣高息低波,40,12,28,富邦-陽明,2023-05-26,9604
00725B,國泰投資級公司債,27,0,27,富邦-陽明,2023-05-26,9604
2890,永豐金,1325,1,1324,富邦-陽明,2023-05-29,9604
2801,彰銀,381,44,337,富邦-陽明,2023-05-29,9604
2887,台新金,337,1,336,富邦-陽明,2023-05-29,9604
2812,台中銀,322,0,322,富邦-陽明,2023-05-29,9604
2371,大同,418,101,317,富邦-陽明,2023-05-29,9604
00720B,元大投資級公司債,192,0,192,富邦-陽明,2023-05-29,9604
2615,萬海,155,7,148,富邦-陽明,2023-05-29,9604
00673R,期元大S＆P原油反1,130,0,130,富邦-陽明,2023-05-29,9604
6443,元晶,139,9,130,富邦-陽明,2023-05-29,9604
00687B,國泰20年美債,112,2,110,富邦-陽明,2023-05-29,9604
00637L,元大滬深300正2,376,278,98,富邦-陽明,2023-05-29,9604
00664R,國泰臺灣加權反1,93,0,93,富邦-陽明,2023-05-29,9604
00752,中信中國50,90,5,85,富邦-陽明,2023-05-29,9604
00882,中信中國高股息,79,0,79,富邦-陽明,2023-05-29,9604
3231,緯創,342,268,74,富邦-陽明,2023-05-29,9604
3481,群創,175,109,66,富邦-陽明,2023-05-29,9604
00713,元大台灣高息低波,70,5,65,富邦-陽明,2023-05-29,9604
2427,三商電,59,4,55,富邦-陽明,2023-05-29,9604
00772B,中信高評級公司債,50,0,50,富邦-陽明,2023-05-29,9604
3037,欣興,109,59,50,富邦-陽明,2023-05-29,9604
1409,新纖,50,5,45,富邦-陽明,2023-05-29,9604
3701,大眾控,89,45,44,富邦-陽明,2023-05-29,9604
2458,義隆,57,14,43,富邦-陽明,2023-05-29,9604
00633L,富邦上証正2,48,5,43,富邦-陽明,2023-05-29,9604
1528,恩德,40,0,40,富邦-陽明,2023-05-29,9604
00688L,國泰20年美債正2,36,0,36,富邦-陽明,2023-05-29,9604
1907,永豐餘,41,6,35,富邦-陽明,2023-05-29,9604
5531,鄉林,40,5,35,富邦-陽明,2023-05-29,9604
00753L,中信中國50正2,65,31,34,富邦-陽明,2023-05-29,9604
00878,國泰永續高股息,176,142,34,富邦-陽明,2023-05-29,9604
2324,仁寶,121,87,34,富邦-陽明,2023-05-29,9604
00671R,富邦NASDAQ反1,42,10,32,富邦-陽明,2023-05-29,9604
5439,高技,90,58,32,富邦-陽明,2023-05-29,9604
00640L,富邦日本正2,31,0,31,富邦-陽明,2023-05-29,9604
00696B,富邦美債20年,31,0,31,富邦-陽明,2023-05-29,9604
5907,大洋-KY,30,0,30,富邦-陽明,2023-05-29,9604
5871,中租-KY,33,3,30,富邦-陽明,2023-05-29,9604
3189,景碩,44,15,29,富邦-陽明,2023-05-29,9604
00902,中信電池及儲能,28,0,28,富邦-陽明,2023-05-29,9604
3232,昱捷,37,10,27,富邦-陽明,2023-05-29,9604
2736,富野,83,57,26,富邦-陽明,2023-05-29,9604
3711,日月光投控,40,14,26,富邦-陽明,2023-05-29,9604
3646,艾恩特,30,5,25,富邦-陽明,2023-05-29,9604
6223,旺矽,26,2,24,富邦-陽明,2023-05-29,9604
00795B,中信美國公債20年,23,0,23,富邦-陽明,2023-05-29,9604
3265,台星科,42,19,23,富邦-陽明,2023-05-29,9604
6125,廣運,46,23,23,富邦-陽明,2023-05-29,9604
00650L,復華香港正2,45,23,22,富邦-陽明,2023-05-29,9604
8938,明安,21,0,21,富邦-陽明,2023-05-29,9604
2530,華建,21,0,21,富邦-陽明,2023-05-29,9604
00632R,元大台灣50反1,785,303,482,富邦-陽明,2023-05-30,9604
2883,凱基金,290,5,285,富邦-陽明,2023-05-30,9604
2812,台中銀,181,3,178,富邦-陽明,2023-05-30,9604
2887,台新金,181,12,169,富邦-陽明,2023-05-30,9604
2618,長榮航,358,200,158,富邦-陽明,2023-05-30,9604
00671R,富邦NASDAQ反1,125,0,125,富邦-陽明,2023-05-30,9604
6190,萬泰科,114,1,113,富邦-陽明,2023-05-30,9604
2427,三商電,109,5,104,富邦-陽明,2023-05-30,9604
2002,中鋼,112,11,101,富邦-陽明,2023-05-30,9604
2886,兆豐金,112,17,95,富邦-陽明,2023-05-30,9604
3078,僑威,179,107,72,富邦-陽明,2023-05-30,9604
3701,大眾控,92,33,59,富邦-陽明,2023-05-30,9604
2382,廣達,116,59,57,富邦-陽明,2023-05-30,9604
3032,偉訓,69,16,53,富邦-陽明,2023-05-30,9604
00882,中信中國高股息,73,20,53,富邦-陽明,2023-05-30,9604
2634,漢翔,88,37,51,富邦-陽明,2023-05-30,9604
00687B,國泰20年美債,51,0,51,富邦-陽明,2023-05-30,9604
00633L,富邦上証正2,56,5,51,富邦-陽明,2023-05-30,9604
00650L,復華香港正2,57,7,50,富邦-陽明,2023-05-30,9604
00688L,國泰20年美債正2,50,0,50,富邦-陽明,2023-05-30,9604
1609,大亞,61,11,50,富邦-陽明,2023-05-30,9604
1605,華新,73,26,47,富邦-陽明,2023-05-30,9604
8099,大世科,72,29,43,富邦-陽明,2023-05-30,9604
2331,精英,64,22,42,富邦-陽明,2023-05-30,9604
1460,宏遠,48,6,42,富邦-陽明,2023-05-30,9604
00795B,中信美國公債20年,41,0,41,富邦-陽明,2023-05-30,9604
00639,富邦深100,40,0,40,富邦-陽明,2023-05-30,9604
00637L,元大滬深300正2,59,19,40,富邦-陽明,2023-05-30,9604
2867,三商壽,40,1,39,富邦-陽明,2023-05-30,9604
00772B,中信高評級公司債,38,0,38,富邦-陽明,2023-05-30,9604
6456,GIS-KY,40,3,37,富邦-陽明,2023-05-30,9604
00665L,富邦�琤肭磪囓�2,58,21,37,富邦-陽明,2023-05-30,9604
5880,合庫金,37,0,37,富邦-陽明,2023-05-30,9604
00680L,元大美債20正2,40,4,36,富邦-陽明,2023-05-30,9604
2882,國泰金,38,2,36,富邦-陽明,2023-05-30,9604
00715L,期街口布蘭特正2,34,0,34,富邦-陽明,2023-05-30,9604
00725B,國泰投資級公司債,34,1,33,富邦-陽明,2023-05-30,9604
2356,英業達,167,134,33,富邦-陽明,2023-05-30,9604
6156,松上,36,4,32,富邦-陽明,2023-05-30,9604
6226,光鼎,31,0,31,富邦-陽明,2023-05-30,9604
1301,台塑,34,7,27,富邦-陽明,2023-05-30,9604
2388,威盛,51,25,26,富邦-陽明,2023-05-30,9604
2421,建準,63,37,26,富邦-陽明,2023-05-30,9604
3438,類比科,25,0,25,富邦-陽明,2023-05-30,9604
3693,營邦,50,26,24,富邦-陽明,2023-05-30,9604
2352,佳世達,50,26,24,富邦-陽明,2023-05-30,9604
8076,伍豐,44,20,24,富邦-陽明,2023-05-30,9604
6806,森崴能源,39,16,23,富邦-陽明,2023-05-30,9604
2399,映泰,38,15,23,富邦-陽明,2023-05-30,9604
4564,元翎,28,8,20,富邦-陽明,2023-05-30,9604
2890,永豐金,1007,25,982,富邦-陽明,2023-05-31,9604
00715L,期街口布蘭特正2,542,8,534,富邦-陽明,2023-05-31,9604
2888,新光金,409,43,366,富邦-陽明,2023-05-31,9604
2801,彰銀,335,0,335,富邦-陽明,2023-05-31,9604
00632R,元大台灣50反1,264,65,199,富邦-陽明,2023-05-31,9604
2371,大同,341,185,156,富邦-陽明,2023-05-31,9604
00688L,國泰20年美債正2,121,0,121,富邦-陽明,2023-05-31,9604
00665L,富邦�琤肭磪囓�2,126,7,119,富邦-陽明,2023-05-31,9604
00882,中信中國高股息,122,5,117,富邦-陽明,2023-05-31,9604
00720B,元大投資級公司債,97,0,97,富邦-陽明,2023-05-31,9604
2883,凱基金,139,46,93,富邦-陽明,2023-05-31,9604
00712,復華富時不動產,117,32,85,富邦-陽明,2023-05-31,9604
3231,緯創,201,116,85,富邦-陽明,2023-05-31,9604
3037,欣興,101,19,82,富邦-陽明,2023-05-31,9604
2444,兆勁,70,0,70,富邦-陽明,2023-05-31,9604
00687B,國泰20年美債,92,23,69,富邦-陽明,2023-05-31,9604
2427,三商電,68,2,66,富邦-陽明,2023-05-31,9604
2382,廣達,116,51,65,富邦-陽明,2023-05-31,9604
00637L,元大滬深300正2,195,133,62,富邦-陽明,2023-05-31,9604
3189,景碩,65,12,53,富邦-陽明,2023-05-31,9604
2609,陽明,63,10,53,富邦-陽明,2023-05-31,9604
2618,長榮航,237,186,51,富邦-陽明,2023-05-31,9604
00671R,富邦NASDAQ反1,50,0,50,富邦-陽明,2023-05-31,9604
00719B,元大美債1-3,50,0,50,富邦-陽明,2023-05-31,9604
2867,三商壽,50,3,47,富邦-陽明,2023-05-31,9604
3712,永崴投控,50,3,47,富邦-陽明,2023-05-31,9604
3321,同泰,50,6,44,富邦-陽明,2023-05-31,9604
6282,康舒,117,77,40,富邦-陽明,2023-05-31,9604
2356,英業達,69,29,40,富邦-陽明,2023-05-31,9604
00650L,復華香港正2,38,0,38,富邦-陽明,2023-05-31,9604
6125,廣運,39,4,35,富邦-陽明,2023-05-31,9604
00916,國泰全球品牌50,41,7,34,富邦-陽明,2023-05-31,9604
2302,麗正,43,10,33,富邦-陽明,2023-05-31,9604
5371,中光電,36,5,31,富邦-陽明,2023-05-31,9604
4967,十銓,69,38,31,富邦-陽明,2023-05-31,9604
2851,中再保,51,20,31,富邦-陽明,2023-05-31,9604
00885,富邦越南,39,9,30,富邦-陽明,2023-05-31,9604
00642U,期元大S＆P石油,39,10,29,富邦-陽明,2023-05-31,9604
6269,台郡,29,2,27,富邦-陽明,2023-05-31,9604
2457,飛宏,90,63,27,富邦-陽明,2023-05-31,9604
5301,寶得利,27,3,24,富邦-陽明,2023-05-31,9604
00752,中信中國50,25,1,24,富邦-陽明,2023-05-31,9604
00772B,中信高評級公司債,35,11,24,富邦-陽明,2023-05-31,9604
00680L,元大美債20正2,23,0,23,富邦-陽明,2023-05-31,9604
2603,長榮,40,17,23,富邦-陽明,2023-05-31,9604
2331,精英,41,19,22,富邦-陽明,2023-05-31,9604
3006,晶豪科,61,40,21,富邦-陽明,2023-05-31,9604
5907,大洋-KY,20,0,20,富邦-陽明,2023-05-31,9604
1308,亞聚,20,0,20,富邦-陽明,2023-05-31,9604
6120,達運,22,2,20,富邦-陽明,2023-05-31,9604
00715L,期街口布蘭特正2,370,9,361,富邦-陽明,2023-06-01,9604
00632R,元大台灣50反1,231,32,199,富邦-陽明,2023-06-01,9604
2371,大同,385,213,172,富邦-陽明,2023-06-01,9604
2888,新光金,147,1,146,富邦-陽明,2023-06-01,9604
00642U,期元大S＆P石油,145,3,142,富邦-陽明,2023-06-01,9604
3706,神達,460,335,125,富邦-陽明,2023-06-01,9604
2913,農林,210,114,96,富邦-陽明,2023-06-01,9604
00882,中信中國高股息,109,15,94,富邦-陽明,2023-06-01,9604
3019,亞光,124,35,89,富邦-陽明,2023-06-01,9604
2323,中環,201,115,86,富邦-陽明,2023-06-01,9604
1310,台苯,81,4,77,富邦-陽明,2023-06-01,9604
2515,中工,166,93,73,富邦-陽明,2023-06-01,9604
2489,瑞軒,113,42,71,富邦-陽明,2023-06-01,9604
2352,佳世達,125,62,63,富邦-陽明,2023-06-01,9604
2609,陽明,78,18,60,富邦-陽明,2023-06-01,9604
2427,三商電,76,17,59,富邦-陽明,2023-06-01,9604
00795B,中信美國公債20年,53,0,53,富邦-陽明,2023-06-01,9604
00719B,元大美債1-3,50,0,50,富邦-陽明,2023-06-01,9604
00706L,期元大S＆P日圓正2,50,0,50,富邦-陽明,2023-06-01,9604
2453,凌群,63,15,48,富邦-陽明,2023-06-01,9604
8059,凱碩,54,7,47,富邦-陽明,2023-06-01,9604
3673,TPK-KY,95,48,47,富邦-陽明,2023-06-01,9604
2444,兆勁,106,62,44,富邦-陽明,2023-06-01,9604
3013,晟銘電,277,233,44,富邦-陽明,2023-06-01,9604
4533,協易機,49,6,43,富邦-陽明,2023-06-01,9604
00885,富邦越南,44,3,41,富邦-陽明,2023-06-01,9604
1727,中華化,65,25,40,富邦-陽明,2023-06-01,9604
00710B,復華彭博非投等債,40,0,40,富邦-陽明,2023-06-01,9604
2206,三陽工業,61,24,37,富邦-陽明,2023-06-01,9604
1605,華新,48,13,35,富邦-陽明,2023-06-01,9604
2002,中鋼,36,2,34,富邦-陽明,2023-06-01,9604
00751B,元大AAA至A公司債,31,0,31,富邦-陽明,2023-06-01,9604
3576,聯合再生,31,0,31,富邦-陽明,2023-06-01,9604
00878,國泰永續高股息,88,59,29,富邦-陽明,2023-06-01,9604
1101,台泥,145,117,28,富邦-陽明,2023-06-01,9604
2882,國泰金,42,15,27,富邦-陽明,2023-06-01,9604
2344,華邦電,245,218,27,富邦-陽明,2023-06-01,9604
2892,第一金,29,2,27,富邦-陽明,2023-06-01,9604
2425,承啟,65,38,27,富邦-陽明,2023-06-01,9604
00916,國泰全球品牌50,26,0,26,富邦-陽明,2023-06-01,9604
3260,威剛,38,13,25,富邦-陽明,2023-06-01,9604
1108,幸福,25,0,25,富邦-陽明,2023-06-01,9604
2514,龍邦,27,2,25,富邦-陽明,2023-06-01,9604
1608,華榮,29,5,24,富邦-陽明,2023-06-01,9604
4129,聯合,46,23,23,富邦-陽明,2023-06-01,9604
5905,南仁湖,23,0,23,富邦-陽明,2023-06-01,9604
3044,健鼎,23,1,22,富邦-陽明,2023-06-01,9604
2330,台積電,44,22,22,富邦-陽明,2023-06-01,9604
2331,精英,54,32,22,富邦-陽明,2023-06-01,9604
3645,達邁,52,31,21,富邦-陽明,2023-06-01,9604
2618,長榮航,509,275,234,富邦-陽明,2023-06-02,9604
1905,華紙,362,177,185,富邦-陽明,2023-06-02,9604
2890,永豐金,153,7,146,富邦-陽明,2023-06-02,9604
2913,農林,234,101,133,富邦-陽明,2023-06-02,9604
2371,大同,231,122,109,富邦-陽明,2023-06-02,9604
00919,群益台灣精選高息,123,17,106,富邦-陽明,2023-06-02,9604
00719B,元大美債1-3,100,0,100,富邦-陽明,2023-06-02,9604
3231,緯創,397,300,97,富邦-陽明,2023-06-02,9604
00882,中信中國高股息,110,20,90,富邦-陽明,2023-06-02,9604
00664R,國泰臺灣加權反1,90,0,90,富邦-陽明,2023-06-02,9604
1513,中興電,172,90,82,富邦-陽明,2023-06-02,9604
2892,第一金,93,13,80,富邦-陽明,2023-06-02,9604
2356,英業達,161,82,79,富邦-陽明,2023-06-02,9604
2610,華航,348,278,70,富邦-陽明,2023-06-02,9604
00680L,元大美債20正2,99,40,59,富邦-陽明,2023-06-02,9604
9105,泰金寶-DR,74,15,59,富邦-陽明,2023-06-02,9604
00679B,元大美債20年,104,46,58,富邦-陽明,2023-06-02,9604
3363,上詮,79,21,58,富邦-陽明,2023-06-02,9604
3042,晶技,61,6,55,富邦-陽明,2023-06-02,9604
2323,中環,255,200,55,富邦-陽明,2023-06-02,9604
3646,艾恩特,54,0,54,富邦-陽明,2023-06-02,9604
4979,華星光,93,40,53,富邦-陽明,2023-06-02,9604
1314,中石化,47,0,47,富邦-陽明,2023-06-02,9604
3306,鼎天,62,16,46,富邦-陽明,2023-06-02,9604
6443,元晶,74,29,45,富邦-陽明,2023-06-02,9604
3693,營邦,64,20,44,富邦-陽明,2023-06-02,9604
5243,乙盛-KY,51,8,43,富邦-陽明,2023-06-02,9604
911868,同方友友-DR,40,0,40,富邦-陽明,2023-06-02,9604
2354,鴻準,46,7,39,富邦-陽明,2023-06-02,9604
3003,健和興,38,0,38,富邦-陽明,2023-06-02,9604
00738U,期元大道瓊白銀,40,2,38,富邦-陽明,2023-06-02,9604
6128,上福,36,0,36,富邦-陽明,2023-06-02,9604
6244,茂迪,66,32,34,富邦-陽明,2023-06-02,9604
2302,麗正,37,3,34,富邦-陽明,2023-06-02,9604
1525,江申,41,7,34,富邦-陽明,2023-06-02,9604
6198,瑞築,34,0,34,富邦-陽明,2023-06-02,9604
2633,台灣高鐵,40,7,33,富邦-陽明,2023-06-02,9604
2331,精英,121,88,33,富邦-陽明,2023-06-02,9604
2498,宏達電,54,21,33,富邦-陽明,2023-06-02,9604
3083,網龍,30,0,30,富邦-陽明,2023-06-02,9604
5498,凱崴,30,2,28,富邦-陽明,2023-06-02,9604
2382,廣達,103,76,27,富邦-陽明,2023-06-02,9604
00671R,富邦NASDAQ反1,30,3,27,富邦-陽明,2023-06-02,9604
00772B,中信高評級公司債,28,2,26,富邦-陽明,2023-06-02,9604
2337,旺宏,50,24,26,富邦-陽明,2023-06-02,9604
6167,久正,45,19,26,富邦-陽明,2023-06-02,9604
2332,友訊,40,16,24,富邦-陽明,2023-06-02,9604
2328,廣宇,72,48,24,富邦-陽明,2023-06-02,9604
2734,易飛網,29,7,22,富邦-陽明,2023-06-02,9604
00687B,國泰20年美債,51,29,22,富邦-陽明,2023-06-02,9604
2323,中環,556,234,322,富邦-陽明,2023-06-05,9604
00673R,期元大S＆P原油反1,264,0,264,富邦-陽明,2023-06-05,9604
00712,復華富時不動產,252,26,226,富邦-陽明,2023-06-05,9604
2618,長榮航,386,173,213,富邦-陽明,2023-06-05,9604
2486,一詮,208,42,166,富邦-陽明,2023-06-05,9604
00679B,元大美債20年,176,12,164,富邦-陽明,2023-06-05,9604
2515,中工,199,38,161,富邦-陽明,2023-06-05,9604
2489,瑞軒,139,9,130,富邦-陽明,2023-06-05,9604
3049,精金,137,7,130,富邦-陽明,2023-06-05,9604
00852L,國泰美國道瓊正2,110,0,110,富邦-陽明,2023-06-05,9604
00680L,元大美債20正2,176,71,105,富邦-陽明,2023-06-05,9604
1477,聚陽,109,5,104,富邦-陽明,2023-06-05,9604
2886,兆豐金,108,23,85,富邦-陽明,2023-06-05,9604
1514,亞力,133,52,81,富邦-陽明,2023-06-05,9604
8358,金居,84,7,77,富邦-陽明,2023-06-05,9604
00882,中信中國高股息,104,29,75,富邦-陽明,2023-06-05,9604
00902,中信電池及儲能,75,0,75,富邦-陽明,2023-06-05,9604
2382,廣達,89,15,74,富邦-陽明,2023-06-05,9604
3706,神達,86,19,67,富邦-陽明,2023-06-05,9604
00687B,國泰20年美債,64,1,63,富邦-陽明,2023-06-05,9604
6179,亞通,63,0,63,富邦-陽明,2023-06-05,9604
912000,晨訊科-DR,62,0,62,富邦-陽明,2023-06-05,9604
00919,群益台灣精選高息,58,0,58,富邦-陽明,2023-06-05,9604
3231,緯創,272,219,53,富邦-陽明,2023-06-05,9604
2206,三陽工業,79,26,53,富邦-陽明,2023-06-05,9604
1303,南亞,53,1,52,富邦-陽明,2023-06-05,9604
2883,凱基金,128,77,51,富邦-陽明,2023-06-05,9604
2352,佳世達,66,15,51,富邦-陽明,2023-06-05,9604
00641R,富邦日本反1,50,0,50,富邦-陽明,2023-06-05,9604
2425,承啟,51,4,47,富邦-陽明,2023-06-05,9604
2890,永豐金,83,36,47,富邦-陽明,2023-06-05,9604
2353,宏��,103,57,46,富邦-陽明,2023-06-05,9604
2731,雄獅,51,5,46,富邦-陽明,2023-06-05,9604
1513,中興電,117,74,43,富邦-陽明,2023-06-05,9604
1529,樂事綠能,53,10,43,富邦-陽明,2023-06-05,9604
1799,易威,43,0,43,富邦-陽明,2023-06-05,9604
2104,國際中橡,42,1,41,富邦-陽明,2023-06-05,9604
5880,合庫金,45,5,40,富邦-陽明,2023-06-05,9604
2330,台積電,43,5,38,富邦-陽明,2023-06-05,9604
2449,京元電子,48,10,38,富邦-陽明,2023-06-05,9604
2371,大同,83,45,38,富邦-陽明,2023-06-05,9604
1519,華城,84,49,35,富邦-陽明,2023-06-05,9604
3058,立德,85,51,34,富邦-陽明,2023-06-05,9604
3264,欣銓,45,12,33,富邦-陽明,2023-06-05,9604
5439,高技,60,28,32,富邦-陽明,2023-06-05,9604
2014,中鴻,77,45,32,富邦-陽明,2023-06-05,9604
1802,台玻,53,21,32,富邦-陽明,2023-06-05,9604
1795,美時,52,21,31,富邦-陽明,2023-06-05,9604
3081,聯亞,31,0,31,富邦-陽明,2023-06-05,9604
1909,榮成,31,0,31,富邦-陽明,2023-06-05,9604
2329,華泰,504,5,499,富邦-陽明,2023-06-06,9604
2312,金寶,419,18,401,富邦-陽明,2023-06-06,9604
00671R,富邦NASDAQ反1,220,0,220,富邦-陽明,2023-06-06,9604
00679B,元大美債20年,175,6,169,富邦-陽明,2023-06-06,9604
2427,三商電,136,13,123,富邦-陽明,2023-06-06,9604
6116,彩晶,171,62,109,富邦-陽明,2023-06-06,9604
9105,泰金寶-DR,102,1,101,富邦-陽明,2023-06-06,9604
1219,福壽,90,0,90,富邦-陽明,2023-06-06,9604
0056,元大高股息,172,83,89,富邦-陽明,2023-06-06,9604
1477,聚陽,87,0,87,富邦-陽明,2023-06-06,9604
00927,群益半導體收益,87,0,87,富邦-陽明,2023-06-06,9604
4916,事欣科,112,33,79,富邦-陽明,2023-06-06,9604
3231,緯創,137,58,79,富邦-陽明,2023-06-06,9604
00712,復華富時不動產,102,25,77,富邦-陽明,2023-06-06,9604
00720B,元大投資級公司債,76,0,76,富邦-陽明,2023-06-06,9604
1609,大亞,261,193,68,富邦-陽明,2023-06-06,9604
1608,華榮,85,19,66,富邦-陽明,2023-06-06,9604
911868,同方友友-DR,65,0,65,富邦-陽明,2023-06-06,9604
3583,辛耘,88,23,65,富邦-陽明,2023-06-06,9604
6125,廣運,122,59,63,富邦-陽明,2023-06-06,9604
00687B,國泰20年美債,62,0,62,富邦-陽明,2023-06-06,9604
2888,新光金,257,196,61,富邦-陽明,2023-06-06,9604
00632R,元大台灣50反1,114,55,59,富邦-陽明,2023-06-06,9604
3013,晟銘電,82,26,56,富邦-陽明,2023-06-06,9604
4960,誠美材,57,2,55,富邦-陽明,2023-06-06,9604
2913,農林,118,69,49,富邦-陽明,2023-06-06,9604
4931,新盛力,61,14,47,富邦-陽明,2023-06-06,9604
00713,元大台灣高息低波,49,2,47,富邦-陽明,2023-06-06,9604
5301,寶得利,46,0,46,富邦-陽明,2023-06-06,9604
4533,協易機,57,15,42,富邦-陽明,2023-06-06,9604
5439,高技,42,2,40,富邦-陽明,2023-06-06,9604
4123,晟德,50,10,40,富邦-陽明,2023-06-06,9604
2701,萬企,121,84,37,富邦-陽明,2023-06-06,9604
6456,GIS-KY,52,16,36,富邦-陽明,2023-06-06,9604
6282,康舒,124,88,36,富邦-陽明,2023-06-06,9604
1810,和成,38,3,35,富邦-陽明,2023-06-06,9604
9945,潤泰新,34,1,33,富邦-陽明,2023-06-06,9604
3406,玉晶光,42,10,32,富邦-陽明,2023-06-06,9604
1513,中興電,57,26,31,富邦-陽明,2023-06-06,9604
3260,威剛,35,4,31,富邦-陽明,2023-06-06,9604
3232,昱捷,35,4,31,富邦-陽明,2023-06-06,9604
3037,欣興,48,18,30,富邦-陽明,2023-06-06,9604
4510,高鋒,31,1,30,富邦-陽明,2023-06-06,9604
6026,福邦證,30,0,30,富邦-陽明,2023-06-06,9604
2867,三商壽,30,0,30,富邦-陽明,2023-06-06,9604
5011,久陽,30,0,30,富邦-陽明,2023-06-06,9604
2014,中鴻,36,7,29,富邦-陽明,2023-06-06,9604
3483,力致,52,23,29,富邦-陽明,2023-06-06,9604
3673,TPK-KY,66,37,29,富邦-陽明,2023-06-06,9604
2331,精英,70,42,28,富邦-陽明,2023-06-06,9604
2329,華泰,530,5,525,富邦-陽明,2023-06-07,9604
2882,國泰金,436,12,424,富邦-陽明,2023-06-07,9604
00919,群益台灣精選高息,271,23,248,富邦-陽明,2023-06-07,9604
00676R,富邦臺灣加權反1,200,0,200,富邦-陽明,2023-06-07,9604
2323,中環,465,287,178,富邦-陽明,2023-06-07,9604
00637L,元大滬深300正2,338,174,164,富邦-陽明,2023-06-07,9604
1815,富喬,171,35,136,富邦-陽明,2023-06-07,9604
2889,國票金,124,2,122,富邦-陽明,2023-06-07,9604
6190,萬泰科,135,17,118,富邦-陽明,2023-06-07,9604
00902,中信電池及儲能,98,0,98,富邦-陽明,2023-06-07,9604
2515,中工,306,211,95,富邦-陽明,2023-06-07,9604
00632R,元大台灣50反1,517,423,94,富邦-陽明,2023-06-07,9604
6125,廣運,206,119,87,富邦-陽明,2023-06-07,9604
00720B,元大投資級公司債,79,0,79,富邦-陽明,2023-06-07,9604
6282,康舒,127,49,78,富邦-陽明,2023-06-07,9604
2633,台灣高鐵,98,24,74,富邦-陽明,2023-06-07,9604
00712,復華富時不動產,93,21,72,富邦-陽明,2023-06-07,9604
00882,中信中國高股息,63,2,61,富邦-陽明,2023-06-07,9604
2618,長榮航,230,172,58,富邦-陽明,2023-06-07,9604
2409,友達,89,32,57,富邦-陽明,2023-06-07,9604
00679B,元大美債20年,61,5,56,富邦-陽明,2023-06-07,9604
00673R,期元大S＆P原油反1,56,0,56,富邦-陽明,2023-06-07,9604
8358,金居,98,43,55,富邦-陽明,2023-06-07,9604
00675L,富邦臺灣加權正2,50,1,49,富邦-陽明,2023-06-07,9604
1234,黑松,46,0,46,富邦-陽明,2023-06-07,9604
2906,高林,56,11,45,富邦-陽明,2023-06-07,9604
2634,漢翔,120,75,45,富邦-陽明,2023-06-07,9604
6591,動力-KY,40,0,40,富邦-陽明,2023-06-07,9604
1219,福壽,40,0,40,富邦-陽明,2023-06-07,9604
00713,元大台灣高息低波,40,1,39,富邦-陽明,2023-06-07,9604
2206,三陽工業,139,101,38,富邦-陽明,2023-06-07,9604
6243,迅杰,43,6,37,富邦-陽明,2023-06-07,9604
6290,良維,40,5,35,富邦-陽明,2023-06-07,9604
2637,慧洋-KY,33,0,33,富邦-陽明,2023-06-07,9604
2337,旺宏,32,0,32,富邦-陽明,2023-06-07,9604
00751B,元大AAA至A公司債,32,0,32,富邦-陽明,2023-06-07,9604
00687B,國泰20年美債,61,32,29,富邦-陽明,2023-06-07,9604
1616,億泰,30,1,29,富邦-陽明,2023-06-07,9604
5439,高技,37,9,28,富邦-陽明,2023-06-07,9604
3711,日月光投控,72,44,28,富邦-陽明,2023-06-07,9604
3591,艾笛森,46,19,27,富邦-陽明,2023-06-07,9604
5531,鄉林,38,11,27,富邦-陽明,2023-06-07,9604
8046,南電,41,14,27,富邦-陽明,2023-06-07,9604
3532,台勝科,29,3,26,富邦-陽明,2023-06-07,9604
1608,華榮,48,22,26,富邦-陽明,2023-06-07,9604
2610,華航,55,29,26,富邦-陽明,2023-06-07,9604
00633L,富邦上証正2,41,16,25,富邦-陽明,2023-06-07,9604
2347,聯強,27,3,24,富邦-陽明,2023-06-07,9604
1513,中興電,51,27,24,富邦-陽明,2023-06-07,9604
1605,華新,42,19,23,富邦-陽明,2023-06-07,9604
00680L,元大美債20正2,346,1,345,富邦-陽明,2023-06-08,9604
00679B,元大美債20年,209,0,209,富邦-陽明,2023-06-08,9604
00673R,期元大S＆P原油反1,156,0,156,富邦-陽明,2023-06-08,9604
00671R,富邦NASDAQ反1,150,0,150,富邦-陽明,2023-06-08,9604
2329,華泰,128,20,108,富邦-陽明,2023-06-08,9604
00878,國泰永續高股息,147,43,104,富邦-陽明,2023-06-08,9604
00919,群益台灣精選高息,166,63,103,富邦-陽明,2023-06-08,9604
6285,啟��,120,22,98,富邦-陽明,2023-06-08,9604
1603,華電,103,6,97,富邦-陽明,2023-06-08,9604
4533,協易機,101,6,95,富邦-陽明,2023-06-08,9604
3037,欣興,129,38,91,富邦-陽明,2023-06-08,9604
00687B,國泰20年美債,88,0,88,富邦-陽明,2023-06-08,9604
6233,旺玖,100,14,86,富邦-陽明,2023-06-08,9604
2888,新光金,233,152,81,富邦-陽明,2023-06-08,9604
00688L,國泰20年美債正2,73,0,73,富邦-陽明,2023-06-08,9604
2882,國泰金,74,6,68,富邦-陽明,2023-06-08,9604
2337,旺宏,83,16,67,富邦-陽明,2023-06-08,9604
2867,三商壽,62,0,62,富邦-陽明,2023-06-08,9604
3025,星通,72,10,62,富邦-陽明,2023-06-08,9604
00772B,中信高評級公司債,61,2,59,富邦-陽明,2023-06-08,9604
6274,台燿,68,12,56,富邦-陽明,2023-06-08,9604
2344,華邦電,306,252,54,富邦-陽明,2023-06-08,9604
00713,元大台灣高息低波,74,22,52,富邦-陽明,2023-06-08,9604
2634,漢翔,119,68,51,富邦-陽明,2023-06-08,9604
3094,聯傑,51,0,51,富邦-陽明,2023-06-08,9604
2455,全新,52,2,50,富邦-陽明,2023-06-08,9604
6015,宏遠證,52,6,46,富邦-陽明,2023-06-08,9604
2881,富邦金,53,7,46,富邦-陽明,2023-06-08,9604
5531,鄉林,47,2,45,富邦-陽明,2023-06-08,9604
6188,廣明,53,9,44,富邦-陽明,2023-06-08,9604
4960,誠美材,65,23,42,富邦-陽明,2023-06-08,9604
2427,三商電,82,40,42,富邦-陽明,2023-06-08,9604
1340,勝悅-KY,47,5,42,富邦-陽明,2023-06-08,9604
2515,中工,72,30,42,富邦-陽明,2023-06-08,9604
6282,康舒,105,64,41,富邦-陽明,2023-06-08,9604
2409,友達,50,10,40,富邦-陽明,2023-06-08,9604
2489,瑞軒,40,0,40,富邦-陽明,2023-06-08,9604
3312,弘憶股,48,8,40,富邦-陽明,2023-06-08,9604
00720B,元大投資級公司債,63,24,39,富邦-陽明,2023-06-08,9604
00696B,富邦美債20年,38,0,38,富邦-陽明,2023-06-08,9604
1605,華新,62,24,38,富邦-陽明,2023-06-08,9604
2498,宏達電,41,4,37,富邦-陽明,2023-06-08,9604
00712,復華富時不動產,39,2,37,富邦-陽明,2023-06-08,9604
5512,力麒,61,24,37,富邦-陽明,2023-06-08,9604
00885,富邦越南,62,25,37,富邦-陽明,2023-06-08,9604
1101,台泥,55,18,37,富邦-陽明,2023-06-08,9604
1612,宏泰,71,36,35,富邦-陽明,2023-06-08,9604
3078,僑威,61,26,35,富邦-陽明,2023-06-08,9604
2457,飛宏,53,19,34,富邦-陽明,2023-06-08,9604
2611,志信,48,15,33,富邦-陽明,2023-06-08,9604
00712,復華富時不動產,366,9,357,富邦-陽明,2023-06-09,9604
00715L,期街口布蘭特正2,251,2,249,富邦-陽明,2023-06-09,9604
00632R,元大台灣50反1,242,40,202,富邦-陽明,2023-06-09,9604
2609,陽明,199,10,189,富邦-陽明,2023-06-09,9604
00751B,元大AAA至A公司債,167,0,167,富邦-陽明,2023-06-09,9604
00720B,元大投資級公司債,145,5,140,富邦-陽明,2023-06-09,9604
00679B,元大美債20年,131,2,129,富邦-陽明,2023-06-09,9604
2888,新光金,377,249,128,富邦-陽明,2023-06-09,9604
6190,萬泰科,118,0,118,富邦-陽明,2023-06-09,9604
00893,國泰智能電動車,254,137,117,富邦-陽明,2023-06-09,9604
4551,智伸科,116,11,105,富邦-陽明,2023-06-09,9604
00919,群益台灣精選高息,108,4,104,富邦-陽明,2023-06-09,9604
2618,長榮航,202,102,100,富邦-陽明,2023-06-09,9604
2356,英業達,264,188,76,富邦-陽明,2023-06-09,9604
6288,聯嘉,96,23,73,富邦-陽明,2023-06-09,9604
2409,友達,79,13,66,富邦-陽明,2023-06-09,9604
6191,精成科,75,16,59,富邦-陽明,2023-06-09,9604
6016,康和證,63,4,59,富邦-陽明,2023-06-09,9604
8076,伍豐,67,16,51,富邦-陽明,2023-06-09,9604
3202,樺晟,52,5,47,富邦-陽明,2023-06-09,9604
6285,啟��,71,25,46,富邦-陽明,2023-06-09,9604
2421,建準,93,47,46,富邦-陽明,2023-06-09,9604
3209,全科,46,0,46,富邦-陽明,2023-06-09,9604
3305,昇貿,46,2,44,富邦-陽明,2023-06-09,9604
6576,逸達,43,0,43,富邦-陽明,2023-06-09,9604
2467,志聖,55,13,42,富邦-陽明,2023-06-09,9604
2383,台光電,56,16,40,富邦-陽明,2023-06-09,9604
1504,東元,75,37,38,富邦-陽明,2023-06-09,9604
2425,承啟,76,42,34,富邦-陽明,2023-06-09,9604
6125,廣運,117,84,33,富邦-陽明,2023-06-09,9604
9944,新麗,38,5,33,富邦-陽明,2023-06-09,9604
2634,漢翔,52,20,32,富邦-陽明,2023-06-09,9604
6163,華電網,45,15,30,富邦-陽明,2023-06-09,9604
00852L,國泰美國道瓊正2,30,0,30,富邦-陽明,2023-06-09,9604
1802,台玻,29,0,29,富邦-陽明,2023-06-09,9604
3646,艾恩特,29,0,29,富邦-陽明,2023-06-09,9604
3312,弘憶股,30,1,29,富邦-陽明,2023-06-09,9604
2731,雄獅,44,16,28,富邦-陽明,2023-06-09,9604
5425,台半,104,76,28,富邦-陽明,2023-06-09,9604
4744,皇將,28,0,28,富邦-陽明,2023-06-09,9604
2301,光寶科,46,18,28,富邦-陽明,2023-06-09,9604
3673,TPK-KY,51,24,27,富邦-陽明,2023-06-09,9604
1616,億泰,32,5,27,富邦-陽明,2023-06-09,9604
2610,華航,37,11,26,富邦-陽明,2023-06-09,9604
1513,中興電,46,20,26,富邦-陽明,2023-06-09,9604
1417,嘉裕,25,0,25,富邦-陽明,2023-06-09,9604
2882,國泰金,92,67,25,富邦-陽明,2023-06-09,9604
3363,上詮,29,5,24,富邦-陽明,2023-06-09,9604
5469,瀚宇博,31,7,24,富邦-陽明,2023-06-09,9604
2457,飛宏,56,33,23,富邦-陽明,2023-06-09,9604
2888,新光金,1045,290,755,富邦-陽明,2023-06-12,9604
00715L,期街口布蘭特正2,290,1,289,富邦-陽明,2023-06-12,9604
2382,廣達,304,86,218,富邦-陽明,2023-06-12,9604
00919,群益台灣精選高息,223,16,207,富邦-陽明,2023-06-12,9604
2618,長榮航,443,245,198,富邦-陽明,2023-06-12,9604
00929,復華台灣科技優息,233,45,188,富邦-陽明,2023-06-12,9604
0056,元大高股息,243,61,182,富邦-陽明,2023-06-12,9604
00632R,元大台灣50反1,205,70,135,富邦-陽明,2023-06-12,9604
2323,中環,375,245,130,富邦-陽明,2023-06-12,9604
00720B,元大投資級公司債,130,0,130,富邦-陽明,2023-06-12,9604
00878,國泰永續高股息,338,218,120,富邦-陽明,2023-06-12,9604
1101,台泥,115,5,110,富邦-陽明,2023-06-12,9604
3231,緯創,218,110,108,富邦-陽明,2023-06-12,9604
2409,友達,113,12,101,富邦-陽明,2023-06-12,9604
1102,亞泥,100,0,100,富邦-陽明,2023-06-12,9604
2834,臺企銀,135,36,99,富邦-陽明,2023-06-12,9604
3027,盛達,236,139,97,富邦-陽明,2023-06-12,9604
00642U,期元大S＆P石油,79,0,79,富邦-陽明,2023-06-12,9604
1603,華電,80,1,79,富邦-陽明,2023-06-12,9604
2610,華航,146,78,68,富邦-陽明,2023-06-12,9604
00712,復華富時不動產,87,20,67,富邦-陽明,2023-06-12,9604
1815,富喬,93,27,66,富邦-陽明,2023-06-12,9604
6282,康舒,78,14,64,富邦-陽明,2023-06-12,9604
6576,逸達,65,1,64,富邦-陽明,2023-06-12,9604
2882,國泰金,70,9,61,富邦-陽明,2023-06-12,9604
1752,南光,67,7,60,富邦-陽明,2023-06-12,9604
6191,精成科,64,5,59,富邦-陽明,2023-06-12,9604
00676R,富邦臺灣加權反1,55,0,55,富邦-陽明,2023-06-12,9604
2891,中信金,68,13,55,富邦-陽明,2023-06-12,9604
00687B,國泰20年美債,62,10,52,富邦-陽明,2023-06-12,9604
2501,國建,52,0,52,富邦-陽明,2023-06-12,9604
5340,建榮,85,33,52,富邦-陽明,2023-06-12,9604
1513,中興電,65,15,50,富邦-陽明,2023-06-12,9604
5324,士開,103,54,49,富邦-陽明,2023-06-12,9604
2312,金寶,68,23,45,富邦-陽明,2023-06-12,9604
5439,高技,62,17,45,富邦-陽明,2023-06-12,9604
2206,三陽工業,65,20,45,富邦-陽明,2023-06-12,9604
5488,松普,51,7,44,富邦-陽明,2023-06-12,9604
2353,宏��,57,13,44,富邦-陽明,2023-06-12,9604
4551,智伸科,41,0,41,富邦-陽明,2023-06-12,9604
3444,利機,40,0,40,富邦-陽明,2023-06-12,9604
3015,全漢,61,21,40,富邦-陽明,2023-06-12,9604
9902,台火,40,0,40,富邦-陽明,2023-06-12,9604
2356,英業達,267,228,39,富邦-陽明,2023-06-12,9604
3042,晶技,52,15,37,富邦-陽明,2023-06-12,9604
6190,萬泰科,37,0,37,富邦-陽明,2023-06-12,9604
00892,富邦台灣半導體,42,7,35,富邦-陽明,2023-06-12,9604
2014,中鴻,75,40,35,富邦-陽明,2023-06-12,9604
6188,廣明,37,4,33,富邦-陽明,2023-06-12,9604
00795B,中信美國公債20年,32,0,32,富邦-陽明,2023-06-12,9604
00715L,期街口布蘭特正2,1216,5,1211,富邦-陽明,2023-06-13,9604
2890,永豐金,684,2,682,富邦-陽明,2023-06-13,9604
00919,群益台灣精選高息,304,6,298,富邦-陽明,2023-06-13,9604
00642U,期元大S＆P石油,204,0,204,富邦-陽明,2023-06-13,9604
00712,復華富時不動產,165,24,141,富邦-陽明,2023-06-13,9604
00632R,元大台灣50反1,661,528,133,富邦-陽明,2023-06-13,9604
2886,兆豐金,166,43,123,富邦-陽明,2023-06-13,9604
00929,復華台灣科技優息,125,20,105,富邦-陽明,2023-06-13,9604
00878,國泰永續高股息,333,231,102,富邦-陽明,2023-06-13,9604
00686R,群益臺灣加權反1,100,0,100,富邦-陽明,2023-06-13,9604
5324,士開,101,2,99,富邦-陽明,2023-06-13,9604
1101,台泥,110,18,92,富邦-陽明,2023-06-13,9604
2515,中工,230,142,88,富邦-陽明,2023-06-13,9604
2323,中環,144,64,80,富邦-陽明,2023-06-13,9604
2882,國泰金,84,9,75,富邦-陽明,2023-06-13,9604
6288,聯嘉,169,97,72,富邦-陽明,2023-06-13,9604
00720B,元大投資級公司債,75,4,71,富邦-陽明,2023-06-13,9604
00664R,國泰臺灣加權反1,67,0,67,富邦-陽明,2023-06-13,9604
2888,新光金,185,120,65,富邦-陽明,2023-06-13,9604
3217,優群,62,0,62,富邦-陽明,2023-06-13,9604
2501,國建,50,0,50,富邦-陽明,2023-06-13,9604
00676R,富邦臺灣加權反1,50,1,49,富邦-陽明,2023-06-13,9604
2105,正新,52,4,48,富邦-陽明,2023-06-13,9604
00637L,元大滬深300正2,192,145,47,富邦-陽明,2023-06-13,9604
2312,金寶,52,6,46,富邦-陽明,2023-06-13,9604
00671R,富邦NASDAQ反1,45,0,45,富邦-陽明,2023-06-13,9604
00679B,元大美債20年,70,26,44,富邦-陽明,2023-06-13,9604
1409,新纖,43,1,42,富邦-陽明,2023-06-13,9604
1609,大亞,129,90,39,富邦-陽明,2023-06-13,9604
6196,帆宣,68,30,38,富邦-陽明,2023-06-13,9604
5607,遠雄港,34,0,34,富邦-陽明,2023-06-13,9604
3715,定穎投控,61,27,34,富邦-陽明,2023-06-13,9604
8358,金居,60,27,33,富邦-陽明,2023-06-13,9604
3205,佰研,31,1,30,富邦-陽明,2023-06-13,9604
9917,中保科,30,1,29,富邦-陽明,2023-06-13,9604
6517,保勝光學,37,9,28,富邦-陽明,2023-06-13,9604
3163,波若威,50,22,28,富邦-陽明,2023-06-13,9604
1701,中化,28,0,28,富邦-陽明,2023-06-13,9604
2301,光寶科,46,19,27,富邦-陽明,2023-06-13,9604
5351,鈺創,43,16,27,富邦-陽明,2023-06-13,9604
2352,佳世達,85,59,26,富邦-陽明,2023-06-13,9604
3033,威健,73,47,26,富邦-陽明,2023-06-13,9604
5301,寶得利,25,0,25,富邦-陽明,2023-06-13,9604
6194,育富,29,4,25,富邦-陽明,2023-06-13,9604
00713,元大台灣高息低波,33,10,23,富邦-陽明,2023-06-13,9604
6672,騰輝電子-KY,23,0,23,富邦-陽明,2023-06-13,9604
2881,富邦金,36,14,22,富邦-陽明,2023-06-13,9604
3231,緯創,185,163,22,富邦-陽明,2023-06-13,9604
2302,麗正,21,0,21,富邦-陽明,2023-06-13,9604
2412,中華電,22,1,21,富邦-陽明,2023-06-13,9604
00712,復華富時不動產,277,5,272,富邦-陽明,2023-06-14,9604
00919,群益台灣精選高息,221,0,221,富邦-陽明,2023-06-14,9604
00680L,元大美債20正2,224,8,216,富邦-陽明,2023-06-14,9604
2356,英業達,487,323,164,富邦-陽明,2023-06-14,9604
3617,碩天,152,4,148,富邦-陽明,2023-06-14,9604
00929,復華台灣科技優息,146,6,140,富邦-陽明,2023-06-14,9604
1477,聚陽,135,1,134,富邦-陽明,2023-06-14,9604
6282,康舒,113,13,100,富邦-陽明,2023-06-14,9604
3715,定穎投控,107,10,97,富邦-陽明,2023-06-14,9604
8215,明基材,102,6,96,富邦-陽明,2023-06-14,9604
9105,泰金寶-DR,78,0,78,富邦-陽明,2023-06-14,9604
00687B,國泰20年美債,71,0,71,富邦-陽明,2023-06-14,9604
2382,廣達,144,76,68,富邦-陽明,2023-06-14,9604
00720B,元大投資級公司債,67,1,66,富邦-陽明,2023-06-14,9604
2515,中工,128,64,64,富邦-陽明,2023-06-14,9604
3049,精金,60,0,60,富邦-陽明,2023-06-14,9604
00665L,富邦�琤肭磪囓�2,503,443,60,富邦-陽明,2023-06-14,9604
2206,三陽工業,141,83,58,富邦-陽明,2023-06-14,9604
1312,國喬,60,4,56,富邦-陽明,2023-06-14,9604
2324,仁寶,83,29,54,富邦-陽明,2023-06-14,9604
00927,群益半導體收益,53,0,53,富邦-陽明,2023-06-14,9604
5258,虹堡,77,28,49,富邦-陽明,2023-06-14,9604
6005,群益證,49,0,49,富邦-陽明,2023-06-14,9604
00679B,元大美債20年,67,21,46,富邦-陽明,2023-06-14,9604
2705,六福,83,38,45,富邦-陽明,2023-06-14,9604
00671R,富邦NASDAQ反1,40,0,40,富邦-陽明,2023-06-14,9604
00648R,元大S＆P500反1,40,0,40,富邦-陽明,2023-06-14,9604
3038,全台,50,11,39,富邦-陽明,2023-06-14,9604
1524,耿鼎,49,11,38,富邦-陽明,2023-06-14,9604
4533,協易機,106,68,38,富邦-陽明,2023-06-14,9604
6789,采鈺,47,10,37,富邦-陽明,2023-06-14,9604
00795B,中信美國公債20年,34,0,34,富邦-陽明,2023-06-14,9604
6182,合晶,54,21,33,富邦-陽明,2023-06-14,9604
2439,美律,34,2,32,富邦-陽明,2023-06-14,9604
3046,建��,37,5,32,富邦-陽明,2023-06-14,9604
00669R,國泰美國道瓊反1,30,0,30,富邦-陽明,2023-06-14,9604
2353,宏��,61,31,30,富邦-陽明,2023-06-14,9604
1319,東陽,38,8,30,富邦-陽明,2023-06-14,9604
00878,國泰永續高股息,142,112,30,富邦-陽明,2023-06-14,9604
1102,亞泥,29,0,29,富邦-陽明,2023-06-14,9604
3003,健和興,33,4,29,富邦-陽明,2023-06-14,9604
1609,大亞,128,100,28,富邦-陽明,2023-06-14,9604
2880,華南金,31,4,27,富邦-陽明,2023-06-14,9604
5488,松普,27,0,27,富邦-陽明,2023-06-14,9604
00713,元大台灣高息低波,37,10,27,富邦-陽明,2023-06-14,9604
6205,詮欣,35,9,26,富邦-陽明,2023-06-14,9604
3019,亞光,33,7,26,富邦-陽明,2023-06-14,9604
3481,群創,104,79,25,富邦-陽明,2023-06-14,9604
1522,堤維西,108,83,25,富邦-陽明,2023-06-14,9604
5425,台半,47,23,24,富邦-陽明,2023-06-14,9604
00632R,元大台灣50反1,387,0,387,富邦-陽明,2023-06-15,9604
2618,長榮航,1219,912,307,富邦-陽明,2023-06-15,9604
00919,群益台灣精選高息,373,121,252,富邦-陽明,2023-06-15,9604
00715L,期街口布蘭特正2,244,27,217,富邦-陽明,2023-06-15,9604
2356,英業達,374,232,142,富邦-陽明,2023-06-15,9604
2888,新光金,192,80,112,富邦-陽明,2023-06-15,9604
1806,冠軍,171,63,108,富邦-陽明,2023-06-15,9604
3217,優群,113,6,107,富邦-陽明,2023-06-15,9604
2515,中工,125,25,100,富邦-陽明,2023-06-15,9604
2317,鴻海,111,19,92,富邦-陽明,2023-06-15,9604
9902,台火,100,11,89,富邦-陽明,2023-06-15,9604
1514,亞力,99,11,88,富邦-陽明,2023-06-15,9604
2609,陽明,128,48,80,富邦-陽明,2023-06-15,9604
6576,逸達,80,2,78,富邦-陽明,2023-06-15,9604
3078,僑威,98,20,78,富邦-陽明,2023-06-15,9604
6282,康舒,156,80,76,富邦-陽明,2023-06-15,9604
1104,環泥,82,8,74,富邦-陽明,2023-06-15,9604
2352,佳世達,106,33,73,富邦-陽明,2023-06-15,9604
1522,堤維西,125,54,71,富邦-陽明,2023-06-15,9604
3576,聯合再生,78,12,66,富邦-陽明,2023-06-15,9604
2705,六福,94,29,65,富邦-陽明,2023-06-15,9604
3025,星通,85,29,56,富邦-陽明,2023-06-15,9604
3055,蔚華科,73,18,55,富邦-陽明,2023-06-15,9604
00882,中信中國高股息,53,0,53,富邦-陽明,2023-06-15,9604
6015,宏遠證,52,0,52,富邦-陽明,2023-06-15,9604
00642U,期元大S＆P石油,68,20,48,富邦-陽明,2023-06-15,9604
1609,大亞,193,145,48,富邦-陽明,2023-06-15,9604
6116,彩晶,57,10,47,富邦-陽明,2023-06-15,9604
3257,虹冠電,50,3,47,富邦-陽明,2023-06-15,9604
2409,友達,49,6,43,富邦-陽明,2023-06-15,9604
2344,華邦電,166,125,41,富邦-陽明,2023-06-15,9604
1101,台泥,54,14,40,富邦-陽明,2023-06-15,9604
6164,華興,40,0,40,富邦-陽明,2023-06-15,9604
00679B,元大美債20年,46,6,40,富邦-陽明,2023-06-15,9604
3105,穩懋,50,11,39,富邦-陽明,2023-06-15,9604
5465,富驊,59,24,35,富邦-陽明,2023-06-15,9604
2408,南亞科,38,6,32,富邦-陽明,2023-06-15,9604
00895,富邦未來車,53,21,32,富邦-陽明,2023-06-15,9604
2891,中信金,36,5,31,富邦-陽明,2023-06-15,9604
00712,復華富時不動產,129,100,29,富邦-陽明,2023-06-15,9604
8076,伍豐,121,92,29,富邦-陽明,2023-06-15,9604
3032,偉訓,35,7,28,富邦-陽明,2023-06-15,9604
00885,富邦越南,62,34,28,富邦-陽明,2023-06-15,9604
2887,台新金,29,2,27,富邦-陽明,2023-06-15,9604
3356,奇偶,127,101,26,富邦-陽明,2023-06-15,9604
8050,廣積,31,8,23,富邦-陽明,2023-06-15,9604
3033,威健,23,1,22,富邦-陽明,2023-06-15,9604
6127,九豪,24,2,22,富邦-陽明,2023-06-15,9604
3551,世禾,22,0,22,富邦-陽明,2023-06-15,9604
6830,汎銓,22,0,22,富邦-陽明,2023-06-15,9604
2888,新光金,1346,326,1020,富邦-陽明,2023-06-16,9604
2618,長榮航,1254,465,789,富邦-陽明,2023-06-16,9604
00919,群益台灣精選高息,385,106,279,富邦-陽明,2023-06-16,9604
2610,華航,1223,1013,210,富邦-陽明,2023-06-16,9604
2323,中環,307,120,187,富邦-陽明,2023-06-16,9604
3013,晟銘電,260,76,184,富邦-陽明,2023-06-16,9604
3481,群創,260,81,179,富邦-陽明,2023-06-16,9604
2382,廣達,252,85,167,富邦-陽明,2023-06-16,9604
00712,復華富時不動產,216,57,159,富邦-陽明,2023-06-16,9604
2353,宏��,205,54,151,富邦-陽明,2023-06-16,9604
1605,華新,294,153,141,富邦-陽明,2023-06-16,9604
00673R,期元大S＆P原油反1,126,0,126,富邦-陽明,2023-06-16,9604
3024,憶聲,158,39,119,富邦-陽明,2023-06-16,9604
3706,神達,339,240,99,富邦-陽明,2023-06-16,9604
8234,新漢,104,7,97,富邦-陽明,2023-06-16,9604
1815,富喬,99,6,93,富邦-陽明,2023-06-16,9604
00671R,富邦NASDAQ反1,80,2,78,富邦-陽明,2023-06-16,9604
6188,廣明,103,31,72,富邦-陽明,2023-06-16,9604
00929,復華台灣科技優息,72,2,70,富邦-陽明,2023-06-16,9604
2385,群光,73,6,67,富邦-陽明,2023-06-16,9604
9902,台火,85,18,67,富邦-陽明,2023-06-16,9604
00882,中信中國高股息,73,12,61,富邦-陽明,2023-06-16,9604
2882,國泰金,61,1,60,富邦-陽明,2023-06-16,9604
3027,盛達,68,16,52,富邦-陽明,2023-06-16,9604
2201,裕隆,59,8,51,富邦-陽明,2023-06-16,9604
00676R,富邦臺灣加權反1,50,0,50,富邦-陽明,2023-06-16,9604
4533,協易機,75,25,50,富邦-陽明,2023-06-16,9604
00637L,元大滬深300正2,122,76,46,富邦-陽明,2023-06-16,9604
3056,富華新,43,0,43,富邦-陽明,2023-06-16,9604
1304,台聚,40,0,40,富邦-陽明,2023-06-16,9604
3617,碩天,55,16,39,富邦-陽明,2023-06-16,9604
2891,中信金,50,11,39,富邦-陽明,2023-06-16,9604
5876,上海商銀,65,26,39,富邦-陽明,2023-06-16,9604
00650L,復華香港正2,84,45,39,富邦-陽明,2023-06-16,9604
6576,逸達,39,0,39,富邦-陽明,2023-06-16,9604
4510,高鋒,43,5,38,富邦-陽明,2023-06-16,9604
2399,映泰,60,23,37,富邦-陽明,2023-06-16,9604
2614,東森,36,0,36,富邦-陽明,2023-06-16,9604
4977,眾達-KY,36,0,36,富邦-陽明,2023-06-16,9604
2886,兆豐金,54,21,33,富邦-陽明,2023-06-16,9604
2371,大同,357,324,33,富邦-陽明,2023-06-16,9604
2344,華邦電,299,269,30,富邦-陽明,2023-06-16,9604
00679B,元大美債20年,34,4,30,富邦-陽明,2023-06-16,9604
2641,正德,30,0,30,富邦-陽明,2023-06-16,9604
00713,元大台灣高息低波,71,42,29,富邦-陽明,2023-06-16,9604
2301,光寶科,61,33,28,富邦-陽明,2023-06-16,9604
2356,英業達,340,312,28,富邦-陽明,2023-06-16,9604
6173,信昌電,27,0,27,富邦-陽明,2023-06-16,9604
1337,再生-KY,27,0,27,富邦-陽明,2023-06-16,9604
3264,欣銓,74,48,26,富邦-陽明,2023-06-16,9604
2618,長榮航,489,204,285,富邦-陽明,2023-06-19,9604
00673R,期元大S＆P原油反1,232,0,232,富邦-陽明,2023-06-19,9604
6116,彩晶,585,374,211,富邦-陽明,2023-06-19,9604
3706,神達,223,68,155,富邦-陽明,2023-06-19,9604
00632R,元大台灣50反1,143,9,134,富邦-陽明,2023-06-19,9604
3049,精金,159,26,133,富邦-陽明,2023-06-19,9604
2609,陽明,165,60,105,富邦-陽明,2023-06-19,9604
2312,金寶,146,45,101,富邦-陽明,2023-06-19,9604
2324,仁寶,144,46,98,富邦-陽明,2023-06-19,9604
2380,虹光,93,0,93,富邦-陽明,2023-06-19,9604
00637L,元大滬深300正2,110,27,83,富邦-陽明,2023-06-19,9604
00633L,富邦上証正2,96,13,83,富邦-陽明,2023-06-19,9604
6282,康舒,76,3,73,富邦-陽明,2023-06-19,9604
2371,大同,174,108,66,富邦-陽明,2023-06-19,9604
1806,冠軍,101,36,65,富邦-陽明,2023-06-19,9604
3024,憶聲,69,5,64,富邦-陽明,2023-06-19,9604
8215,明基材,82,19,63,富邦-陽明,2023-06-19,9604
00882,中信中國高股息,70,8,62,富邦-陽明,2023-06-19,9604
1307,三芳,63,1,62,富邦-陽明,2023-06-19,9604
2883,凱基金,71,11,60,富邦-陽明,2023-06-19,9604
1310,台苯,57,0,57,富邦-陽明,2023-06-19,9604
3025,星通,60,3,57,富邦-陽明,2023-06-19,9604
2104,國際中橡,67,13,54,富邦-陽明,2023-06-19,9604
00648R,元大S＆P500反1,50,0,50,富邦-陽明,2023-06-19,9604
1519,華城,79,31,48,富邦-陽明,2023-06-19,9604
2106,建大,52,4,48,富邦-陽明,2023-06-19,9604
5905,南仁湖,60,12,48,富邦-陽明,2023-06-19,9604
2504,國產,52,5,47,富邦-陽明,2023-06-19,9604
1477,聚陽,46,1,45,富邦-陽明,2023-06-19,9604
00929,復華台灣科技優息,44,0,44,富邦-陽明,2023-06-19,9604
2369,菱生,50,6,44,富邦-陽明,2023-06-19,9604
2845,遠東銀,72,28,44,富邦-陽明,2023-06-19,9604
2888,新光金,68,27,41,富邦-陽明,2023-06-19,9604
00650L,復華香港正2,46,6,40,富邦-陽明,2023-06-19,9604
00700,富邦�琤肭磪�,40,0,40,富邦-陽明,2023-06-19,9604
1423,利華,40,0,40,富邦-陽明,2023-06-19,9604
2913,農林,46,7,39,富邦-陽明,2023-06-19,9604
5328,華容,43,5,38,富邦-陽明,2023-06-19,9604
4538,大詠城,48,11,37,富邦-陽明,2023-06-19,9604
1907,永豐餘,59,24,35,富邦-陽明,2023-06-19,9604
1802,台玻,87,52,35,富邦-陽明,2023-06-19,9604
2332,友訊,36,2,34,富邦-陽明,2023-06-19,9604
6275,元山,47,14,33,富邦-陽明,2023-06-19,9604
2498,宏達電,37,5,32,富邦-陽明,2023-06-19,9604
1514,亞力,68,37,31,富邦-陽明,2023-06-19,9604
2388,威盛,38,7,31,富邦-陽明,2023-06-19,9604
2515,中工,52,22,30,富邦-陽明,2023-06-19,9604
6285,啟��,42,12,30,富邦-陽明,2023-06-19,9604
6576,逸達,30,1,29,富邦-陽明,2023-06-19,9604
5258,虹堡,58,30,28,富邦-陽明,2023-06-19,9604
00673R,期元大S＆P原油反1,520,0,520,富邦-陽明,2023-06-20,9604
6290,良維,251,64,187,富邦-陽明,2023-06-20,9604
00680L,元大美債20正2,157,0,157,富邦-陽明,2023-06-20,9604
2340,台亞,229,101,128,富邦-陽明,2023-06-20,9604
00929,復華台灣科技優息,114,1,113,富邦-陽明,2023-06-20,9604
2609,陽明,122,21,101,富邦-陽明,2023-06-20,9604
00852L,國泰美國道瓊正2,100,0,100,富邦-陽明,2023-06-20,9604
3687,歐買尬,107,21,86,富邦-陽明,2023-06-20,9604
00878,國泰永續高股息,164,81,83,富邦-陽明,2023-06-20,9604
3013,晟銘電,104,21,83,富邦-陽明,2023-06-20,9604
1802,台玻,90,8,82,富邦-陽明,2023-06-20,9604
2337,旺宏,89,9,80,富邦-陽明,2023-06-20,9604
2634,漢翔,285,209,76,富邦-陽明,2023-06-20,9604
00632R,元大台灣50反1,175,100,75,富邦-陽明,2023-06-20,9604
2302,麗正,71,0,71,富邦-陽明,2023-06-20,9604
2454,聯發科,89,19,70,富邦-陽明,2023-06-20,9604
2801,彰銀,98,36,62,富邦-陽明,2023-06-20,9604
6147,頎邦,65,3,62,富邦-陽明,2023-06-20,9604
1313,聯成,52,0,52,富邦-陽明,2023-06-20,9604
1810,和成,54,2,52,富邦-陽明,2023-06-20,9604
2504,國產,51,0,51,富邦-陽明,2023-06-20,9604
2409,友達,98,47,51,富邦-陽明,2023-06-20,9604
2885,元大金,53,3,50,富邦-陽明,2023-06-20,9604
8215,明基材,50,0,50,富邦-陽明,2023-06-20,9604
2501,國建,50,0,50,富邦-陽明,2023-06-20,9604
1603,華電,50,1,49,富邦-陽明,2023-06-20,9604
3563,牧德,48,0,48,富邦-陽明,2023-06-20,9604
5426,振發,57,9,48,富邦-陽明,2023-06-20,9604
5340,建榮,50,5,45,富邦-陽明,2023-06-20,9604
9902,台火,45,0,45,富邦-陽明,2023-06-20,9604
8222,寶一,70,26,44,富邦-陽明,2023-06-20,9604
2515,中工,43,0,43,富邦-陽明,2023-06-20,9604
1591,駿吉-KY,42,5,37,富邦-陽明,2023-06-20,9604
6576,逸達,37,0,37,富邦-陽明,2023-06-20,9604
5328,華容,34,0,34,富邦-陽明,2023-06-20,9604
4904,遠傳,34,1,33,富邦-陽明,2023-06-20,9604
4157,太景*-KY,35,2,33,富邦-陽明,2023-06-20,9604
00688L,國泰20年美債正2,33,0,33,富邦-陽明,2023-06-20,9604
3481,群創,671,638,33,富邦-陽明,2023-06-20,9604
8150,南茂,32,0,32,富邦-陽明,2023-06-20,9604
8358,金居,54,22,32,富邦-陽明,2023-06-20,9604
3264,欣銓,81,49,32,富邦-陽明,2023-06-20,9604
3024,憶聲,30,0,30,富邦-陽明,2023-06-20,9604
1522,堤維西,44,17,27,富邦-陽明,2023-06-20,9604
6573,虹揚-KY,27,0,27,富邦-陽明,2023-06-20,9604
00919,群益台灣精選高息,45,18,27,富邦-陽明,2023-06-20,9604
6462,神盾,29,3,26,富邦-陽明,2023-06-20,9604
2603,長榮,58,32,26,富邦-陽明,2023-06-20,9604
1504,東元,69,43,26,富邦-陽明,2023-06-20,9604
2323,中環,211,186,25,富邦-陽明,2023-06-20,9604
1103,嘉泥,478,1,477,富邦-陽明,2023-06-21,9604
2609,陽明,233,21,212,富邦-陽明,2023-06-21,9604
1802,台玻,223,38,185,富邦-陽明,2023-06-21,9604
2705,六福,319,138,181,富邦-陽明,2023-06-21,9604
8150,南茂,180,1,179,富邦-陽明,2023-06-21,9604
3706,神達,232,66,166,富邦-陽明,2023-06-21,9604
1513,中興電,193,42,151,富邦-陽明,2023-06-21,9604
1101,台泥,158,30,128,富邦-陽明,2023-06-21,9604
1612,宏泰,124,7,117,富邦-陽明,2023-06-21,9604
2323,中環,286,177,109,富邦-陽明,2023-06-21,9604
2356,英業達,209,104,105,富邦-陽明,2023-06-21,9604
6120,達運,152,54,98,富邦-陽明,2023-06-21,9604
00929,復華台灣科技優息,101,7,94,富邦-陽明,2023-06-21,9604
2302,麗正,83,0,83,富邦-陽明,2023-06-21,9604
2634,漢翔,354,274,80,富邦-陽明,2023-06-21,9604
3714,富采,81,3,78,富邦-陽明,2023-06-21,9604
6285,啟��,79,4,75,富邦-陽明,2023-06-21,9604
2101,南港,70,0,70,富邦-陽明,2023-06-21,9604
4916,事欣科,158,90,68,富邦-陽明,2023-06-21,9604
3011,今皓,67,2,65,富邦-陽明,2023-06-21,9604
3380,明泰,62,7,55,富邦-陽明,2023-06-21,9604
00919,群益台灣精選高息,55,5,50,富邦-陽明,2023-06-21,9604
2408,南亞科,50,1,49,富邦-陽明,2023-06-21,9604
1605,華新,106,58,48,富邦-陽明,2023-06-21,9604
1609,大亞,83,35,48,富邦-陽明,2023-06-21,9604
8215,明基材,50,2,48,富邦-陽明,2023-06-21,9604
2371,大同,490,442,48,富邦-陽明,2023-06-21,9604
2402,毅嘉,59,16,43,富邦-陽明,2023-06-21,9604
2104,國際中橡,53,12,41,富邦-陽明,2023-06-21,9604
3563,牧德,40,0,40,富邦-陽明,2023-06-21,9604
5426,振發,55,16,39,富邦-陽明,2023-06-21,9604
1591,駿吉-KY,38,0,38,富邦-陽明,2023-06-21,9604
2603,長榮,80,46,34,富邦-陽明,2023-06-21,9604
2312,金寶,65,31,34,富邦-陽明,2023-06-21,9604
2340,台亞,59,26,33,富邦-陽明,2023-06-21,9604
00893,國泰智能電動車,108,75,33,富邦-陽明,2023-06-21,9604
2337,旺宏,53,21,32,富邦-陽明,2023-06-21,9604
00650L,復華香港正2,32,0,32,富邦-陽明,2023-06-21,9604
6278,台表科,33,1,32,富邦-陽明,2023-06-21,9604
5258,虹堡,44,14,30,富邦-陽明,2023-06-21,9604
1718,中纖,30,0,30,富邦-陽明,2023-06-21,9604
1714,和桐,30,1,29,富邦-陽明,2023-06-21,9604
4904,遠傳,27,0,27,富邦-陽明,2023-06-21,9604
2457,飛宏,68,41,27,富邦-陽明,2023-06-21,9604
5469,瀚宇博,38,12,26,富邦-陽明,2023-06-21,9604
2449,京元電子,39,15,24,富邦-陽明,2023-06-21,9604
6147,頎邦,25,1,24,富邦-陽明,2023-06-21,9604
2707,晶華,34,10,24,富邦-陽明,2023-06-21,9604
3089,億杰,24,0,24,富邦-陽明,2023-06-21,9604
5464,霖宏,23,0,23,富邦-陽明,2023-06-21,9604
5880,合庫金,722,0,722,富邦-陽明,2023-06-26,9604
2801,彰銀,816,324,492,富邦-陽明,2023-06-26,9604
00715L,期街口布蘭特正2,434,30,404,富邦-陽明,2023-06-26,9604
2881,富邦金,444,85,359,富邦-陽明,2023-06-26,9604
2344,華邦電,404,49,355,富邦-陽明,2023-06-26,9604
00878,國泰永續高股息,328,24,304,富邦-陽明,2023-06-26,9604
2323,中環,520,220,300,富邦-陽明,2023-06-26,9604
2892,第一金,310,16,294,富邦-陽明,2023-06-26,9604
2880,華南金,211,35,176,富邦-陽明,2023-06-26,9604
1514,亞力,168,19,149,富邦-陽明,2023-06-26,9604
6770,力積電,156,12,144,富邦-陽明,2023-06-26,9604
1711,永光,153,13,140,富邦-陽明,2023-06-26,9604
1477,聚陽,131,5,126,富邦-陽明,2023-06-26,9604
2409,友達,151,37,114,富邦-陽明,2023-06-26,9604
2002,中鋼,117,3,114,富邦-陽明,2023-06-26,9604
2885,元大金,112,2,110,富邦-陽明,2023-06-26,9604
9105,泰金寶-DR,153,45,108,富邦-陽明,2023-06-26,9604
00632R,元大台灣50反1,144,40,104,富邦-陽明,2023-06-26,9604
6190,萬泰科,109,6,103,富邦-陽明,2023-06-26,9604
6142,友勁,102,0,102,富邦-陽明,2023-06-26,9604
0056,元大高股息,158,65,93,富邦-陽明,2023-06-26,9604
6288,聯嘉,94,3,91,富邦-陽明,2023-06-26,9604
2618,長榮航,337,251,86,富邦-陽明,2023-06-26,9604
3576,聯合再生,92,10,82,富邦-陽明,2023-06-26,9604
2101,南港,81,0,81,富邦-陽明,2023-06-26,9604
00929,復華台灣科技優息,63,0,63,富邦-陽明,2023-06-26,9604
3032,偉訓,73,13,60,富邦-陽明,2023-06-26,9604
2312,金寶,62,5,57,富邦-陽明,2023-06-26,9604
2201,裕隆,60,3,57,富邦-陽明,2023-06-26,9604
00637L,元大滬深300正2,140,83,57,富邦-陽明,2023-06-26,9604
2405,輔信,61,5,56,富邦-陽明,2023-06-26,9604
6282,康舒,117,63,54,富邦-陽明,2023-06-26,9604
1605,華新,85,32,53,富邦-陽明,2023-06-26,9604
5425,台半,61,8,53,富邦-陽明,2023-06-26,9604
2382,廣達,87,35,52,富邦-陽明,2023-06-26,9604
2204,中華,52,1,51,富邦-陽明,2023-06-26,9604
2867,三商壽,88,37,51,富邦-陽明,2023-06-26,9604
2412,中華電,52,2,50,富邦-陽明,2023-06-26,9604
4414,如興,50,0,50,富邦-陽明,2023-06-26,9604
4157,太景*-KY,50,0,50,富邦-陽明,2023-06-26,9604
3013,晟銘電,59,10,49,富邦-陽明,2023-06-26,9604
3231,緯創,231,183,48,富邦-陽明,2023-06-26,9604
8358,金居,57,11,46,富邦-陽明,2023-06-26,9604
8069,元太,78,33,45,富邦-陽明,2023-06-26,9604
00882,中信中國高股息,57,15,42,富邦-陽明,2023-06-26,9604
2371,大同,276,236,40,富邦-陽明,2023-06-26,9604
00679B,元大美債20年,54,17,37,富邦-陽明,2023-06-26,9604
2303,聯電,88,52,36,富邦-陽明,2023-06-26,9604
00893,國泰智能電動車,123,87,36,富邦-陽明,2023-06-26,9604
3673,TPK-KY,53,18,35,富邦-陽明,2023-06-26,9604
6770,力積電,944,36,908,富邦-陽明,2023-06-27,9604
3481,群創,641,69,572,富邦-陽明,2023-06-27,9604
2867,三商壽,698,235,463,富邦-陽明,2023-06-27,9604
2409,友達,491,41,450,富邦-陽明,2023-06-27,9604
2340,台亞,558,117,441,富邦-陽明,2023-06-27,9604
2302,麗正,360,0,360,富邦-陽明,2023-06-27,9604
2303,聯電,337,7,330,富邦-陽明,2023-06-27,9604
2618,長榮航,457,142,315,富邦-陽明,2023-06-27,9604
2344,華邦電,279,54,225,富邦-陽明,2023-06-27,9604
00878,國泰永續高股息,388,166,222,富邦-陽明,2023-06-27,9604
5880,合庫金,200,2,198,富邦-陽明,2023-06-27,9604
00919,群益台灣精選高息,130,5,125,富邦-陽明,2023-06-27,9604
1605,華新,142,21,121,富邦-陽明,2023-06-27,9604
2913,農林,139,28,111,富邦-陽明,2023-06-27,9604
00720B,元大投資級公司債,135,26,109,富邦-陽明,2023-06-27,9604
2317,鴻海,130,28,102,富邦-陽明,2023-06-27,9604
0056,元大高股息,203,108,95,富邦-陽明,2023-06-27,9604
1513,中興電,187,97,90,富邦-陽明,2023-06-27,9604
1815,富喬,124,35,89,富邦-陽明,2023-06-27,9604
3231,緯創,219,130,89,富邦-陽明,2023-06-27,9604
2515,中工,99,11,88,富邦-陽明,2023-06-27,9604
2101,南港,80,0,80,富邦-陽明,2023-06-27,9604
6188,廣明,124,45,79,富邦-陽明,2023-06-27,9604
6190,萬泰科,84,5,79,富邦-陽明,2023-06-27,9604
00665L,富邦�琤肭磪囓�2,362,286,76,富邦-陽明,2023-06-27,9604
1905,華紙,116,44,72,富邦-陽明,2023-06-27,9604
2883,凱基金,132,59,73,富邦-陽明,2023-06-27,9604
2412,中華電,54,1,53,富邦-陽明,2023-06-27,9604
1471,首利,94,41,53,富邦-陽明,2023-06-27,9604
4533,協易機,52,2,50,富邦-陽明,2023-06-27,9604
00929,復華台灣科技優息,103,57,46,富邦-陽明,2023-06-27,9604
2314,台揚,45,1,44,富邦-陽明,2023-06-27,9604
2332,友訊,67,24,43,富邦-陽明,2023-06-27,9604
3710,連展投控,40,0,40,富邦-陽明,2023-06-27,9604
2382,廣達,92,53,39,富邦-陽明,2023-06-27,9604
2609,陽明,59,20,39,富邦-陽明,2023-06-27,9604
00679B,元大美債20年,80,42,38,富邦-陽明,2023-06-27,9604
1301,台塑,37,0,37,富邦-陽明,2023-06-27,9604
2352,佳世達,73,36,37,富邦-陽明,2023-06-27,9604
00706L,期元大S＆P日圓正2,36,0,36,富邦-陽明,2023-06-27,9604
9105,泰金寶-DR,35,0,35,富邦-陽明,2023-06-27,9604
6116,彩晶,47,13,34,富邦-陽明,2023-06-27,9604
4157,太景*-KY,59,25,34,富邦-陽明,2023-06-27,9604
3032,偉訓,42,8,34,富邦-陽明,2023-06-27,9604
1907,永豐餘,64,32,32,富邦-陽明,2023-06-27,9604
6142,友勁,37,5,32,富邦-陽明,2023-06-27,9604
2887,台新金,75,44,31,富邦-陽明,2023-06-27,9604
6288,聯嘉,52,22,30,富邦-陽明,2023-06-27,9604
911868,同方友友-DR,30,0,30,富邦-陽明,2023-06-27,9604
4167,松瑞藥,32,2,30,富邦-陽明,2023-06-27,9604
00715L,期街口布蘭特正2,646,0,646,富邦-陽明,2023-06-28,9604
2302,麗正,276,1,275,富邦-陽明,2023-06-28,9604
1605,華新,339,67,272,富邦-陽明,2023-06-28,9604
1101,台泥,305,51,254,富邦-陽明,2023-06-28,9604
2409,友達,206,30,176,富邦-陽明,2023-06-28,9604
00642U,期元大S＆P石油,156,0,156,富邦-陽明,2023-06-28,9604
4533,協易機,130,9,121,富邦-陽明,2023-06-28,9604
2609,陽明,141,26,115,富邦-陽明,2023-06-28,9604
5880,合庫金,126,21,105,富邦-陽明,2023-06-28,9604
00665L,富邦�琤肭磪囓�2,128,26,102,富邦-陽明,2023-06-28,9604
2888,新光金,124,25,99,富邦-陽明,2023-06-28,9604
2913,農林,95,0,95,富邦-陽明,2023-06-28,9604
4157,太景*-KY,103,10,93,富邦-陽明,2023-06-28,9604
3231,緯創,253,165,88,富邦-陽明,2023-06-28,9604
9902,台火,83,0,83,富邦-陽明,2023-06-28,9604
3083,網龍,124,45,79,富邦-陽明,2023-06-28,9604
1444,力麗,153,85,68,富邦-陽明,2023-06-28,9604
6180,橘子,65,4,61,富邦-陽明,2023-06-28,9604
00929,復華台灣科技優息,70,13,57,富邦-陽明,2023-06-28,9604
2885,元大金,56,0,56,富邦-陽明,2023-06-28,9604
3481,群創,99,43,56,富邦-陽明,2023-06-28,9604
1503,士電,60,8,52,富邦-陽明,2023-06-28,9604
2601,益航,51,0,51,富邦-陽明,2023-06-28,9604
4916,事欣科,54,9,45,富邦-陽明,2023-06-28,9604
2101,南港,40,1,39,富邦-陽明,2023-06-28,9604
00893,國泰智能電動車,58,19,39,富邦-陽明,2023-06-28,9604
1219,福壽,37,0,37,富邦-陽明,2023-06-28,9604
00679B,元大美債20年,48,12,36,富邦-陽明,2023-06-28,9604
2010,春源,50,14,36,富邦-陽明,2023-06-28,9604
5425,台半,39,5,34,富邦-陽明,2023-06-28,9604
6841,長佳智能,42,8,34,富邦-陽明,2023-06-28,9604
2498,宏達電,32,0,32,富邦-陽明,2023-06-28,9604
6505,台塑化,31,0,31,富邦-陽明,2023-06-28,9604
6188,廣明,88,57,31,富邦-陽明,2023-06-28,9604
2371,大同,196,165,31,富邦-陽明,2023-06-28,9604
2374,佳能,30,0,30,富邦-陽明,2023-06-28,9604
5484,慧友,30,0,30,富邦-陽明,2023-06-28,9604
9904,寶成,31,1,30,富邦-陽明,2023-06-28,9604
00919,群益台灣精選高息,31,2,29,富邦-陽明,2023-06-28,9604
3038,全台,124,95,29,富邦-陽明,2023-06-28,9604
3356,奇偶,87,60,27,富邦-陽明,2023-06-28,9604
8277,商丞,26,0,26,富邦-陽明,2023-06-28,9604
2323,中環,200,174,26,富邦-陽明,2023-06-28,9604
2303,聯電,47,22,25,富邦-陽明,2023-06-28,9604
2801,彰銀,37,11,26,富邦-陽明,2023-06-28,9604
6111,大宇資,36,11,25,富邦-陽明,2023-06-28,9604
2614,東森,30,5,25,富邦-陽明,2023-06-28,9604
1301,台塑,25,0,25,富邦-陽明,2023-06-28,9604
2534,宏盛,25,0,25,富邦-陽明,2023-06-28,9604
2495,普安,36,12,24,富邦-陽明,2023-06-28,9604
00665L,富邦�琤肭磪囓�2,1787,151,1636,富邦-陽明,2023-06-29,9604
2888,新光金,342,0,342,富邦-陽明,2023-06-29,9604
2302,麗正,337,2,335,富邦-陽明,2023-06-29,9604
2618,長榮航,314,108,206,富邦-陽明,2023-06-29,9604
2303,聯電,187,5,182,富邦-陽明,2023-06-29,9604
2103,台橡,155,0,155,富邦-陽明,2023-06-29,9604
4414,如興,212,66,146,富邦-陽明,2023-06-29,9604
2323,中環,150,21,129,富邦-陽明,2023-06-29,9604
1219,福壽,115,4,111,富邦-陽明,2023-06-29,9604
00753L,中信中國50正2,134,30,104,富邦-陽明,2023-06-29,9604
6266,泰詠,102,1,101,富邦-陽明,2023-06-29,9604
3715,定穎投控,103,3,100,富邦-陽明,2023-06-29,9604
4967,十銓,192,103,89,富邦-陽明,2023-06-29,9604
00679B,元大美債20年,90,9,81,富邦-陽明,2023-06-29,9604
2317,鴻海,126,51,75,富邦-陽明,2023-06-29,9604
6185,幃翔,71,0,71,富邦-陽明,2023-06-29,9604
3058,立德,89,21,68,富邦-陽明,2023-06-29,9604
1605,華新,93,33,60,富邦-陽明,2023-06-29,9604
3025,星通,83,24,59,富邦-陽明,2023-06-29,9604
4155,訊映,59,3,56,富邦-陽明,2023-06-29,9604
00919,群益台灣精選高息,56,0,56,富邦-陽明,2023-06-29,9604
1802,台玻,61,8,53,富邦-陽明,2023-06-29,9604
6142,友勁,54,4,50,富邦-陽明,2023-06-29,9604
2340,台亞,53,6,47,富邦-陽明,2023-06-29,9604
1905,華紙,74,28,46,富邦-陽明,2023-06-29,9604
0056,元大高股息,88,46,42,富邦-陽明,2023-06-29,9604
2913,農林,53,11,42,富邦-陽明,2023-06-29,9604
00673R,期元大S＆P原油反1,41,0,41,富邦-陽明,2023-06-29,9604
2906,高林,44,5,39,富邦-陽明,2023-06-29,9604
3038,全台,68,29,39,富邦-陽明,2023-06-29,9604
4746,台耀,50,12,38,富邦-陽明,2023-06-29,9604
00929,復華台灣科技優息,39,3,36,富邦-陽明,2023-06-29,9604
4533,協易機,36,0,36,富邦-陽明,2023-06-29,9604
2885,元大金,41,5,36,富邦-陽明,2023-06-29,9604
2412,中華電,45,11,34,富邦-陽明,2023-06-29,9604
1101,台泥,69,34,35,富邦-陽明,2023-06-29,9604
4526,東台,43,9,34,富邦-陽明,2023-06-29,9604
2313,華通,52,19,33,富邦-陽明,2023-06-29,9604
00637L,元大滬深300正2,77,47,30,富邦-陽明,2023-06-29,9604
2409,友達,49,19,30,富邦-陽明,2023-06-29,9604
8086,宏捷科,28,0,28,富邦-陽明,2023-06-29,9604
00751B,元大AAA至A公司債,28,2,26,富邦-陽明,2023-06-29,9604
2609,陽明,125,100,25,富邦-陽明,2023-06-29,9604
2882,國泰金,29,4,25,富邦-陽明,2023-06-29,9604
2634,漢翔,58,33,25,富邦-陽明,2023-06-29,9604
1711,永光,46,21,25,富邦-陽明,2023-06-29,9604
3005,神基,43,19,24,富邦-陽明,2023-06-29,9604
2449,京元電子,25,1,24,富邦-陽明,2023-06-29,9604
5009,榮剛,78,54,24,富邦-陽明,2023-06-29,9604
3105,穩懋,22,0,22,富邦-陽明,2023-06-29,9604
2323,中環,312,48,264,富邦-陽明,2023-06-30,9604
2888,新光金,306,49,257,富邦-陽明,2023-06-30,9604
3481,群創,263,67,196,富邦-陽明,2023-06-30,9604
00680L,元大美債20正2,194,40,154,富邦-陽明,2023-06-30,9604
1605,華新,162,20,142,富邦-陽明,2023-06-30,9604
3005,神基,161,19,142,富邦-陽明,2023-06-30,9604
4533,協易機,100,3,97,富邦-陽明,2023-06-30,9604
2883,凱基金,110,22,88,富邦-陽明,2023-06-30,9604
2344,華邦電,98,12,86,富邦-陽明,2023-06-30,9604
2303,聯電,91,11,80,富邦-陽明,2023-06-30,9604
2409,友達,77,1,76,富邦-陽明,2023-06-30,9604
3038,全台,111,38,73,富邦-陽明,2023-06-30,9604
00720B,元大投資級公司債,74,1,73,富邦-陽明,2023-06-30,9604
1219,福壽,73,2,71,富邦-陽明,2023-06-30,9604
00919,群益台灣精選高息,83,13,70,富邦-陽明,2023-06-30,9604
1314,中石化,69,2,67,富邦-陽明,2023-06-30,9604
00688L,國泰20年美債正2,60,0,60,富邦-陽明,2023-06-30,9604
2312,金寶,67,10,57,富邦-陽明,2023-06-30,9604
3260,威剛,60,5,55,富邦-陽明,2023-06-30,9604
6185,幃翔,58,4,54,富邦-陽明,2023-06-30,9604
00891,中信關鍵半導體,60,7,53,富邦-陽明,2023-06-30,9604
8358,金居,56,7,49,富邦-陽明,2023-06-30,9604
2603,長榮,198,152,46,富邦-陽明,2023-06-30,9604
00878,國泰永續高股息,72,27,45,富邦-陽明,2023-06-30,9604
00751B,元大AAA至A公司債,44,0,44,富邦-陽明,2023-06-30,9604
2489,瑞軒,42,0,42,富邦-陽明,2023-06-30,9604
2340,台亞,71,30,41,富邦-陽明,2023-06-30,9604
6274,台燿,43,2,41,富邦-陽明,2023-06-30,9604
1103,嘉泥,40,1,39,富邦-陽明,2023-06-30,9604
2913,農林,37,0,37,富邦-陽明,2023-06-30,9604
3045,台灣大,39,2,37,富邦-陽明,2023-06-30,9604
4968,立積,39,2,37,富邦-陽明,2023-06-30,9604
3711,日月光投控,42,5,37,富邦-陽明,2023-06-30,9604
2882,國泰金,56,20,36,富邦-陽明,2023-06-30,9604
6153,嘉聯益,64,28,36,富邦-陽明,2023-06-30,9604
00885,富邦越南,48,13,35,富邦-陽明,2023-06-30,9604
5381,合正,35,0,35,富邦-陽明,2023-06-30,9604
3706,神達,44,9,35,富邦-陽明,2023-06-30,9604
2412,中華電,35,0,35,富邦-陽明,2023-06-30,9604
2353,宏��,50,15,35,富邦-陽明,2023-06-30,9604
6451,訊芯-KY,66,32,34,富邦-陽明,2023-06-30,9604
3034,聯詠,33,0,33,富邦-陽明,2023-06-30,9604
3563,牧德,33,0,33,富邦-陽明,2023-06-30,9604
8087,麗升能源,32,0,32,富邦-陽明,2023-06-30,9604
00929,復華台灣科技優息,40,10,30,富邦-陽明,2023-06-30,9604
4414,如興,30,0,30,富邦-陽明,2023-06-30,9604
00648R,元大S＆P500反1,29,0,29,富邦-陽明,2023-06-30,9604
1519,華城,35,6,29,富邦-陽明,2023-06-30,9604
00795B,中信美國公債20年,29,0,29,富邦-陽明,2023-06-30,9604
2371,大同,143,115,28,富邦-陽明,2023-06-30,9604
2801,彰銀,566,8,558,富邦-陽明,2023-07-03,9604
2890,永豐金,560,2,558,富邦-陽明,2023-07-03,9604
2603,長榮,608,68,540,富邦-陽明,2023-07-03,9604
1219,福壽,468,31,437,富邦-陽明,2023-07-03,9604
2887,台新金,420,31,389,富邦-陽明,2023-07-03,9604
2409,友達,324,2,322,富邦-陽明,2023-07-03,9604
00632R,元大台灣50反1,193,23,170,富邦-陽明,2023-07-03,9604
6770,力積電,188,34,154,富邦-陽明,2023-07-03,9604
4414,如興,159,21,138,富邦-陽明,2023-07-03,9604
00713,元大台灣高息低波,167,37,130,富邦-陽明,2023-07-03,9604
911868,同方友友-DR,130,0,130,富邦-陽明,2023-07-03,9604
6190,萬泰科,152,22,130,富邦-陽明,2023-07-03,9604
00671R,富邦NASDAQ反1,120,1,119,富邦-陽明,2023-07-03,9604
1605,華新,172,72,100,富邦-陽明,2023-07-03,9604
2303,聯電,139,40,99,富邦-陽明,2023-07-03,9604
1514,亞力,125,27,98,富邦-陽明,2023-07-03,9604
2356,英業達,158,60,98,富邦-陽明,2023-07-03,9604
00681R,元大美債20反1,90,0,90,富邦-陽明,2023-07-03,9604
3231,緯創,245,166,79,富邦-陽明,2023-07-03,9604
1609,大亞,148,69,79,富邦-陽明,2023-07-03,9604
3027,盛達,83,11,72,富邦-陽明,2023-07-03,9604
3715,定穎投控,82,12,70,富邦-陽明,2023-07-03,9604
1513,中興電,104,44,60,富邦-陽明,2023-07-03,9604
3038,全台,79,23,56,富邦-陽明,2023-07-03,9604
2340,台亞,117,63,54,富邦-陽明,2023-07-03,9604
2412,中華電,54,3,51,富邦-陽明,2023-07-03,9604
00902,中信電池及儲能,53,4,49,富邦-陽明,2023-07-03,9604
9907,統一實,60,12,48,富邦-陽明,2023-07-03,9604
2353,宏��,63,16,47,富邦-陽明,2023-07-03,9604
8087,麗升能源,46,1,45,富邦-陽明,2023-07-03,9604
2486,一詮,69,29,40,富邦-陽明,2023-07-03,9604
1402,遠東新,38,0,38,富邦-陽明,2023-07-03,9604
8358,金居,52,14,38,富邦-陽明,2023-07-03,9604
2618,長榮航,265,228,37,富邦-陽明,2023-07-03,9604
6417,韋僑,36,1,35,富邦-陽明,2023-07-03,9604
2888,新光金,58,24,34,富邦-陽明,2023-07-03,9604
3545,敦泰,34,1,33,富邦-陽明,2023-07-03,9604
6142,友勁,37,4,33,富邦-陽明,2023-07-03,9604
1795,美時,35,3,32,富邦-陽明,2023-07-03,9604
6679,鈺太,30,0,30,富邦-陽明,2023-07-03,9604
8227,巨有科技,32,2,30,富邦-陽明,2023-07-03,9604
4904,遠傳,33,3,30,富邦-陽明,2023-07-03,9604
2031,新光鋼,30,0,30,富邦-陽明,2023-07-03,9604
6576,逸達,30,1,29,富邦-陽明,2023-07-03,9604
2371,大同,186,157,29,富邦-陽明,2023-07-03,9604
1519,華城,29,1,28,富邦-陽明,2023-07-03,9604
2332,友訊,55,27,28,富邦-陽明,2023-07-03,9604
2482,連宇,31,3,28,富邦-陽明,2023-07-03,9604
4532,瑞智,45,17,28,富邦-陽明,2023-07-03,9604
00895,富邦未來車,44,16,28,富邦-陽明,2023-07-03,9604
3711,日月光投控,2004,2,2002,富邦-陽明,2023-07-04,9604
2888,新光金,805,82,723,富邦-陽明,2023-07-04,9604
2603,長榮,758,397,361,富邦-陽明,2023-07-04,9604
2317,鴻海,330,91,239,富邦-陽明,2023-07-04,9604
4414,如興,227,2,225,富邦-陽明,2023-07-04,9604
6770,力積電,221,4,217,富邦-陽明,2023-07-04,9604
2609,陽明,272,170,102,富邦-陽明,2023-07-04,9604
2883,凱基金,173,85,88,富邦-陽明,2023-07-04,9604
1219,福壽,80,0,80,富邦-陽明,2023-07-04,9604
1514,亞力,111,31,80,富邦-陽明,2023-07-04,9604
3047,訊舟,77,1,76,富邦-陽明,2023-07-04,9604
00687B,國泰20年美債,74,6,68,富邦-陽明,2023-07-04,9604
1314,中石化,73,6,67,富邦-陽明,2023-07-04,9604
1513,中興電,101,35,66,富邦-陽明,2023-07-04,9604
2449,京元電子,82,19,63,富邦-陽明,2023-07-04,9604
00720B,元大投資級公司債,72,9,63,富邦-陽明,2023-07-04,9604
4551,智伸科,60,1,59,富邦-陽明,2023-07-04,9604
2618,長榮航,198,141,57,富邦-陽明,2023-07-04,9604
2371,大同,143,86,57,富邦-陽明,2023-07-04,9604
3042,晶技,58,2,56,富邦-陽明,2023-07-04,9604
6185,幃翔,60,5,55,富邦-陽明,2023-07-04,9604
00679B,元大美債20年,55,6,49,富邦-陽明,2023-07-04,9604
1409,新纖,50,1,49,富邦-陽明,2023-07-04,9604
1802,台玻,51,2,49,富邦-陽明,2023-07-04,9604
6188,廣明,160,113,47,富邦-陽明,2023-07-04,9604
00632R,元大台灣50反1,207,161,46,富邦-陽明,2023-07-04,9604
4906,正文,64,18,46,富邦-陽明,2023-07-04,9604
00929,復華台灣科技優息,86,40,46,富邦-陽明,2023-07-04,9604
2887,台新金,45,0,45,富邦-陽明,2023-07-04,9604
2812,台中銀,46,1,45,富邦-陽明,2023-07-04,9604
00772B,中信高評級公司債,45,1,44,富邦-陽明,2023-07-04,9604
3045,台灣大,41,0,41,富邦-陽明,2023-07-04,9604
5531,鄉林,42,1,41,富邦-陽明,2023-07-04,9604
1540,喬福,40,0,40,富邦-陽明,2023-07-04,9604
2340,台亞,54,14,40,富邦-陽明,2023-07-04,9604
2634,漢翔,60,21,39,富邦-陽明,2023-07-04,9604
4938,和碩,143,104,39,富邦-陽明,2023-07-04,9604
2395,研華,38,0,38,富邦-陽明,2023-07-04,9604
8088,品安,39,1,38,富邦-陽明,2023-07-04,9604
6282,康舒,256,218,38,富邦-陽明,2023-07-04,9604
2399,映泰,82,46,36,富邦-陽明,2023-07-04,9604
8050,廣積,119,83,36,富邦-陽明,2023-07-04,9604
2882,國泰金,38,3,35,富邦-陽明,2023-07-04,9604
1609,大亞,193,158,35,富邦-陽明,2023-07-04,9604
1584,精剛,64,31,33,富邦-陽明,2023-07-04,9604
3105,穩懋,35,3,32,富邦-陽明,2023-07-04,9604
4543,萬在,57,25,32,富邦-陽明,2023-07-04,9604
2301,光寶科,92,60,32,富邦-陽明,2023-07-04,9604
1101,台泥,44,13,31,富邦-陽明,2023-07-04,9604
3704,合勤控,77,46,31,富邦-陽明,2023-07-04,9604
00632R,元大台灣50反1,537,0,537,富邦-陽明,2023-07-05,9604
2610,華航,573,214,359,富邦-陽明,2023-07-05,9604
2312,金寶,247,30,217,富邦-陽明,2023-07-05,9604
4414,如興,242,55,187,富邦-陽明,2023-07-05,9604
2618,長榮航,525,349,176,富邦-陽明,2023-07-05,9604
2534,宏盛,152,1,151,富邦-陽明,2023-07-05,9604
3231,緯創,260,143,117,富邦-陽明,2023-07-05,9604
00892,富邦台灣半導體,101,0,101,富邦-陽明,2023-07-05,9604
00852L,國泰美國道瓊正2,100,0,100,富邦-陽明,2023-07-05,9604
00882,中信中國高股息,104,8,96,富邦-陽明,2023-07-05,9604
00929,復華台灣科技優息,147,54,93,富邦-陽明,2023-07-05,9604
2317,鴻海,144,52,92,富邦-陽明,2023-07-05,9604
6770,力積電,134,43,91,富邦-陽明,2023-07-05,9604
2356,英業達,473,383,90,富邦-陽明,2023-07-05,9604
2609,陽明,471,382,89,富邦-陽明,2023-07-05,9604
6190,萬泰科,94,12,82,富邦-陽明,2023-07-05,9604
1477,聚陽,70,2,68,富邦-陽明,2023-07-05,9604
1513,中興電,89,25,64,富邦-陽明,2023-07-05,9604
2303,聯電,80,21,59,富邦-陽明,2023-07-05,9604
2402,毅嘉,104,49,55,富邦-陽明,2023-07-05,9604
6164,華興,54,0,54,富邦-陽明,2023-07-05,9604
3563,牧德,53,0,53,富邦-陽明,2023-07-05,9604
1101,台泥,57,5,52,富邦-陽明,2023-07-05,9604
2812,台中銀,53,1,52,富邦-陽明,2023-07-05,9604
00891,中信關鍵半導體,51,0,51,富邦-陽明,2023-07-05,9604
00679B,元大美債20年,71,20,51,富邦-陽明,2023-07-05,9604
4904,遠傳,49,0,49,富邦-陽明,2023-07-05,9604
00795B,中信美國公債20年,49,0,49,富邦-陽明,2023-07-05,9604
3682,亞太電,48,0,48,富邦-陽明,2023-07-05,9604
1605,華新,62,15,47,富邦-陽明,2023-07-05,9604
2103,台橡,45,0,45,富邦-陽明,2023-07-05,9604
00665L,富邦�琤肭磪囓�2,76,31,45,富邦-陽明,2023-07-05,9604
1326,台化,42,0,42,富邦-陽明,2023-07-05,9604
2427,三商電,102,60,42,富邦-陽明,2023-07-05,9604
6188,廣明,133,91,42,富邦-陽明,2023-07-05,9604
8358,金居,54,14,40,富邦-陽明,2023-07-05,9604
0056,元大高股息,238,198,40,富邦-陽明,2023-07-05,9604
1519,華城,41,2,39,富邦-陽明,2023-07-05,9604
1907,永豐餘,60,23,37,富邦-陽明,2023-07-05,9604
3047,訊舟,52,16,36,富邦-陽明,2023-07-05,9604
2206,三陽工業,39,4,35,富邦-陽明,2023-07-05,9604
2369,菱生,118,83,35,富邦-陽明,2023-07-05,9604
3545,敦泰,34,0,34,富邦-陽明,2023-07-05,9604
3221,台嘉碩,35,1,34,富邦-陽明,2023-07-05,9604
00637L,元大滬深300正2,60,26,34,富邦-陽明,2023-07-05,9604
00673R,期元大S＆P原油反1,31,0,31,富邦-陽明,2023-07-05,9604
4938,和碩,47,16,31,富邦-陽明,2023-07-05,9604
911868,同方友友-DR,30,0,30,富邦-陽明,2023-07-05,9604
3325,旭品,35,6,29,富邦-陽明,2023-07-05,9604
6243,迅杰,29,1,28,富邦-陽明,2023-07-05,9604
3711,日月光投控,588,9,579,富邦-陽明,2023-07-06,9604
6770,力積電,327,5,322,富邦-陽明,2023-07-06,9604
2891,中信金,271,9,262,富邦-陽明,2023-07-06,9604
00673R,期元大S＆P原油反1,208,1,207,富邦-陽明,2023-07-06,9604
00680L,元大美債20正2,209,3,206,富邦-陽明,2023-07-06,9604
00929,復華台灣科技優息,217,26,191,富邦-陽明,2023-07-06,9604
0056,元大高股息,222,39,183,富邦-陽明,2023-07-06,9604
2883,凱基金,224,45,179,富邦-陽明,2023-07-06,9604
2352,佳世達,164,6,158,富邦-陽明,2023-07-06,9604
8215,明基材,175,19,156,富邦-陽明,2023-07-06,9604
00650L,復華香港正2,185,35,150,富邦-陽明,2023-07-06,9604
2618,長榮航,189,45,144,富邦-陽明,2023-07-06,9604
00679B,元大美債20年,150,14,136,富邦-陽明,2023-07-06,9604
3037,欣興,156,22,134,富邦-陽明,2023-07-06,9604
00878,國泰永續高股息,168,35,133,富邦-陽明,2023-07-06,9604
1101,台泥,237,105,132,富邦-陽明,2023-07-06,9604
1718,中纖,117,0,117,富邦-陽明,2023-07-06,9604
4414,如興,286,181,105,富邦-陽明,2023-07-06,9604
2888,新光金,132,31,101,富邦-陽明,2023-07-06,9604
2330,台積電,118,19,99,富邦-陽明,2023-07-06,9604
00687B,國泰20年美債,94,0,94,富邦-陽明,2023-07-06,9604
2317,鴻海,135,43,92,富邦-陽明,2023-07-06,9604
2002,中鋼,89,0,89,富邦-陽明,2023-07-06,9604
1103,嘉泥,86,1,85,富邦-陽明,2023-07-06,9604
00882,中信中國高股息,89,13,76,富邦-陽明,2023-07-06,9604
5009,榮剛,102,27,75,富邦-陽明,2023-07-06,9604
1802,台玻,117,44,73,富邦-陽明,2023-07-06,9604
8112,至上,75,5,70,富邦-陽明,2023-07-06,9604
00665L,富邦�琤肭磪囓�2,214,145,69,富邦-陽明,2023-07-06,9604
3583,辛耘,89,25,64,富邦-陽明,2023-07-06,9604
2882,國泰金,60,1,59,富邦-陽明,2023-07-06,9604
00772B,中信高評級公司債,64,8,56,富邦-陽明,2023-07-06,9604
1477,聚陽,56,0,56,富邦-陽明,2023-07-06,9604
2382,廣達,139,84,55,富邦-陽明,2023-07-06,9604
2356,英業達,115,61,54,富邦-陽明,2023-07-06,9604
0050,元大台灣50,58,4,54,富邦-陽明,2023-07-06,9604
2329,華泰,98,46,52,富邦-陽明,2023-07-06,9604
9904,寶成,51,0,51,富邦-陽明,2023-07-06,9604
00720B,元大投資級公司債,50,2,48,富邦-陽明,2023-07-06,9604
3563,牧德,48,2,46,富邦-陽明,2023-07-06,9604
2409,友達,108,62,46,富邦-陽明,2023-07-06,9604
5864,致和證,58,13,45,富邦-陽明,2023-07-06,9604
3259,鑫創,44,0,44,富邦-陽明,2023-07-06,9604
00892,富邦台灣半導體,43,0,43,富邦-陽明,2023-07-06,9604
2801,彰銀,47,5,42,富邦-陽明,2023-07-06,9604
8936,國統,63,21,42,富邦-陽明,2023-07-06,9604
2609,陽明,159,117,42,富邦-陽明,2023-07-06,9604
6111,大宇資,95,54,41,富邦-陽明,2023-07-06,9604
2881,富邦金,51,11,40,富邦-陽明,2023-07-06,9604
00688L,國泰20年美債正2,38,0,38,富邦-陽明,2023-07-06,9604
00882,中信中國高股息,306,33,273,富邦-陽明,2023-07-07,9604
00679B,元大美債20年,267,1,266,富邦-陽明,2023-07-07,9604
2340,台亞,276,59,217,富邦-陽明,2023-07-07,9604
00929,復華台灣科技優息,195,20,175,富邦-陽明,2023-07-07,9604
2344,華邦電,380,213,167,富邦-陽明,2023-07-07,9604
2888,新光金,166,14,152,富邦-陽明,2023-07-07,9604
8215,明基材,216,68,148,富邦-陽明,2023-07-07,9604
4155,訊映,140,8,132,富邦-陽明,2023-07-07,9604
2409,友達,139,10,129,富邦-陽明,2023-07-07,9604
00673R,期元大S＆P原油反1,110,0,110,富邦-陽明,2023-07-07,9604
00671R,富邦NASDAQ反1,170,60,110,富邦-陽明,2023-07-07,9604
0056,元大高股息,240,134,106,富邦-陽明,2023-07-07,9604
1477,聚陽,97,1,96,富邦-陽明,2023-07-07,9604
00878,國泰永續高股息,154,59,95,富邦-陽明,2023-07-07,9604
2887,台新金,97,12,85,富邦-陽明,2023-07-07,9604
00720B,元大投資級公司債,89,12,77,富邦-陽明,2023-07-07,9604
2323,中環,154,82,72,富邦-陽明,2023-07-07,9604
00712,復華富時不動產,81,11,70,富邦-陽明,2023-07-07,9604
3583,辛耘,95,27,68,富邦-陽明,2023-07-07,9604
1103,嘉泥,66,5,61,富邦-陽明,2023-07-07,9604
2382,廣達,125,65,60,富邦-陽明,2023-07-07,9604
6223,旺矽,62,4,58,富邦-陽明,2023-07-07,9604
00681R,元大美債20反1,53,0,53,富邦-陽明,2023-07-07,9604
8930,青鋼,50,1,49,富邦-陽明,2023-07-07,9604
8358,金居,52,4,48,富邦-陽明,2023-07-07,9604
5457,宣德,103,56,47,富邦-陽明,2023-07-07,9604
5871,中租-KY,47,1,46,富邦-陽明,2023-07-07,9604
1314,中石化,53,8,45,富邦-陽明,2023-07-07,9604
2002,中鋼,49,5,44,富邦-陽明,2023-07-07,9604
00751B,元大AAA至A公司債,49,6,43,富邦-陽明,2023-07-07,9604
1301,台塑,42,1,41,富邦-陽明,2023-07-07,9604
2855,統一證,54,13,41,富邦-陽明,2023-07-07,9604
3260,威剛,44,3,41,富邦-陽明,2023-07-07,9604
8028,昇陽半導體,42,2,40,富邦-陽明,2023-07-07,9604
2493,揚博,37,0,37,富邦-陽明,2023-07-07,9604
3037,欣興,61,24,37,富邦-陽明,2023-07-07,9604
6290,良維,49,12,37,富邦-陽明,2023-07-07,9604
2801,彰銀,64,28,36,富邦-陽明,2023-07-07,9604
00640L,富邦日本正2,35,1,34,富邦-陽明,2023-07-07,9604
8050,廣積,91,57,34,富邦-陽明,2023-07-07,9604
00927,群益半導體收益,35,1,34,富邦-陽明,2023-07-07,9604
2371,大同,110,77,33,富邦-陽明,2023-07-07,9604
2882,國泰金,40,8,32,富邦-陽明,2023-07-07,9604
2460,建通,41,9,32,富邦-陽明,2023-07-07,9604
2890,永豐金,32,1,31,富邦-陽明,2023-07-07,9604
2603,長榮,92,60,32,富邦-陽明,2023-07-07,9604
3363,上詮,56,25,31,富邦-陽明,2023-07-07,9604
6147,頎邦,32,2,30,富邦-陽明,2023-07-07,9604
911868,同方友友-DR,30,0,30,富邦-陽明,2023-07-07,9604
2498,宏達電,33,3,30,富邦-陽明,2023-07-07,9604
00882,中信中國高股息,455,2,453,富邦-陽明,2023-07-10,9604
00673R,期元大S＆P原油反1,338,0,338,富邦-陽明,2023-07-10,9604
00679B,元大美債20年,252,0,252,富邦-陽明,2023-07-10,9604
2610,華航,295,57,238,富邦-陽明,2023-07-10,9604
00665L,富邦�琤肭磪囓�2,342,106,236,富邦-陽明,2023-07-10,9604
00632R,元大台灣50反1,250,37,213,富邦-陽明,2023-07-10,9604
6770,力積電,170,4,166,富邦-陽明,2023-07-10,9604
2481,強茂,212,49,163,富邦-陽明,2023-07-10,9604
00929,復華台灣科技優息,151,11,140,富邦-陽明,2023-07-10,9604
2303,聯電,144,16,128,富邦-陽明,2023-07-10,9604
2888,新光金,143,22,121,富邦-陽明,2023-07-10,9604
1101,台泥,131,15,116,富邦-陽明,2023-07-10,9604
0056,元大高股息,133,22,111,富邦-陽明,2023-07-10,9604
2027,大成鋼,109,5,104,富邦-陽明,2023-07-10,9604
2323,中環,106,12,94,富邦-陽明,2023-07-10,9604
2312,金寶,130,40,90,富邦-陽明,2023-07-10,9604
2618,長榮航,119,43,76,富邦-陽明,2023-07-10,9604
1323,永裕,68,0,68,富邦-陽明,2023-07-10,9604
6288,聯嘉,116,49,67,富邦-陽明,2023-07-10,9604
2603,長榮,88,24,64,富邦-陽明,2023-07-10,9604
00680L,元大美債20正2,64,1,63,富邦-陽明,2023-07-10,9604
4414,如興,85,25,60,富邦-陽明,2023-07-10,9604
00712,復華富時不動產,64,5,59,富邦-陽明,2023-07-10,9604
6290,良維,79,22,57,富邦-陽明,2023-07-10,9604
2344,華邦電,262,208,54,富邦-陽明,2023-07-10,9604
2324,仁寶,66,13,53,富邦-陽明,2023-07-10,9604
00720B,元大投資級公司債,57,6,51,富邦-陽明,2023-07-10,9604
2317,鴻海,54,3,51,富邦-陽明,2023-07-10,9604
3704,合勤控,54,6,48,富邦-陽明,2023-07-10,9604
3305,昇貿,56,9,47,富邦-陽明,2023-07-10,9604
6733,博晟生醫,46,0,46,富邦-陽明,2023-07-10,9604
4155,訊映,63,17,46,富邦-陽明,2023-07-10,9604
3576,聯合再生,85,40,45,富邦-陽明,2023-07-10,9604
00687B,國泰20年美債,42,0,42,富邦-陽明,2023-07-10,9604
8050,廣積,57,16,41,富邦-陽明,2023-07-10,9604
1905,華紙,77,37,40,富邦-陽明,2023-07-10,9604
2419,仲琦,116,76,40,富邦-陽明,2023-07-10,9604
00795B,中信美國公債20年,39,0,39,富邦-陽明,2023-07-10,9604
3380,明泰,55,16,39,富邦-陽明,2023-07-10,9604
6179,亞通,51,12,39,富邦-陽明,2023-07-10,9604
8049,晶采,40,2,38,富邦-陽明,2023-07-10,9604
3491,昇達科,39,2,37,富邦-陽明,2023-07-10,9604
2002,中鋼,38,1,37,富邦-陽明,2023-07-10,9604
00772B,中信高評級公司債,40,5,35,富邦-陽明,2023-07-10,9604
1608,華榮,47,12,35,富邦-陽明,2023-07-10,9604
6266,泰詠,37,2,35,富邦-陽明,2023-07-10,9604
2331,精英,40,7,33,富邦-陽明,2023-07-10,9604
9907,統一實,31,0,31,富邦-陽明,2023-07-10,9604
00892,富邦台灣半導體,31,0,31,富邦-陽明,2023-07-10,9604
00919,群益台灣精選高息,53,22,31,富邦-陽明,2023-07-10,9604
2515,中工,897,61,836,富邦-陽明,2023-07-11,9604
2340,台亞,334,121,213,富邦-陽明,2023-07-11,9604
2609,陽明,267,69,198,富邦-陽明,2023-07-11,9604
2610,華航,674,493,181,富邦-陽明,2023-07-11,9604
00679B,元大美債20年,175,0,175,富邦-陽明,2023-07-11,9604
6288,聯嘉,181,60,121,富邦-陽明,2023-07-11,9604
00919,群益台灣精選高息,144,25,119,富邦-陽明,2023-07-11,9604
2317,鴻海,129,12,117,富邦-陽明,2023-07-11,9604
00712,復華富時不動產,124,10,114,富邦-陽明,2023-07-11,9604
00929,復華台灣科技優息,174,68,106,富邦-陽明,2023-07-11,9604
00673R,期元大S＆P原油反1,105,0,105,富邦-陽明,2023-07-11,9604
6142,友勁,97,1,96,富邦-陽明,2023-07-11,9604
2883,凱基金,105,11,94,富邦-陽明,2023-07-11,9604
1210,大成,94,8,86,富邦-陽明,2023-07-11,9604
8358,金居,73,9,64,富邦-陽明,2023-07-11,9604
3234,光環,64,2,62,富邦-陽明,2023-07-11,9604
1734,杏輝,58,1,57,富邦-陽明,2023-07-11,9604
6282,康舒,110,53,57,富邦-陽明,2023-07-11,9604
3052,夆典,66,10,56,富邦-陽明,2023-07-11,9604
6753,龍德造船,52,0,52,富邦-陽明,2023-07-11,9604
00882,中信中國高股息,53,2,51,富邦-陽明,2023-07-11,9604
8431,匯鑽科,50,0,50,富邦-陽明,2023-07-11,9604
1409,新纖,55,10,45,富邦-陽明,2023-07-11,9604
2329,華泰,76,35,41,富邦-陽明,2023-07-11,9604
8087,麗升能源,41,0,41,富邦-陽明,2023-07-11,9604
1609,大亞,159,120,39,富邦-陽明,2023-07-11,9604
2399,映泰,50,11,39,富邦-陽明,2023-07-11,9604
4130,健亞,38,0,38,富邦-陽明,2023-07-11,9604
1522,堤維西,47,9,38,富邦-陽明,2023-07-11,9604
6179,亞通,40,2,38,富邦-陽明,2023-07-11,9604
1477,聚陽,41,4,37,富邦-陽明,2023-07-11,9604
8071,能率網通,37,1,36,富邦-陽明,2023-07-11,9604
00862B,中信投資級公司債,35,0,35,富邦-陽明,2023-07-11,9604
2427,三商電,72,37,35,富邦-陽明,2023-07-11,9604
2457,飛宏,85,51,34,富邦-陽明,2023-07-11,9604
1604,聲寶,40,6,34,富邦-陽明,2023-07-11,9604
4967,十銓,34,0,34,富邦-陽明,2023-07-11,9604
4526,東台,49,16,33,富邦-陽明,2023-07-11,9604
2834,臺企銀,34,1,33,富邦-陽明,2023-07-11,9604
3701,大眾控,42,11,31,富邦-陽明,2023-07-11,9604
2892,第一金,33,3,30,富邦-陽明,2023-07-11,9604
6443,元晶,31,1,30,富邦-陽明,2023-07-11,9604
1909,榮成,30,0,30,富邦-陽明,2023-07-11,9604
4960,誠美材,35,5,30,富邦-陽明,2023-07-11,9604
911868,同方友友-DR,30,0,30,富邦-陽明,2023-07-11,9604
3037,欣興,41,14,27,富邦-陽明,2023-07-11,9604
3016,嘉晶,41,16,25,富邦-陽明,2023-07-11,9604
5880,合庫金,30,5,25,富邦-陽明,2023-07-11,9604
1905,華紙,34,9,25,富邦-陽明,2023-07-11,9604
1737,臺鹽,28,4,24,富邦-陽明,2023-07-11,9604
00679B,元大美債20年,310,0,310,富邦-陽明,2023-07-12,9604
00929,復華台灣科技優息,302,9,293,富邦-陽明,2023-07-12,9604
2886,兆豐金,265,16,249,富邦-陽明,2023-07-12,9604
00919,群益台灣精選高息,229,34,195,富邦-陽明,2023-07-12,9604
2303,聯電,232,47,185,富邦-陽明,2023-07-12,9604
00673R,期元大S＆P原油反1,176,8,168,富邦-陽明,2023-07-12,9604
2323,中環,299,139,160,富邦-陽明,2023-07-12,9604
1609,大亞,265,120,145,富邦-陽明,2023-07-12,9604
2356,英業達,374,257,117,富邦-陽明,2023-07-12,9604
6142,友勁,103,3,100,富邦-陽明,2023-07-12,9604
00905,FT臺灣Smart,96,0,96,富邦-陽明,2023-07-12,9604
2409,友達,119,37,82,富邦-陽明,2023-07-12,9604
6191,精成科,84,2,82,富邦-陽明,2023-07-12,9604
2027,大成鋼,83,3,80,富邦-陽明,2023-07-12,9604
6285,啟��,114,40,74,富邦-陽明,2023-07-12,9604
00637L,元大滬深300正2,83,12,71,富邦-陽明,2023-07-12,9604
6770,力積電,73,7,66,富邦-陽明,2023-07-12,9604
3037,欣興,97,32,65,富邦-陽明,2023-07-12,9604
00632R,元大台灣50反1,61,0,61,富邦-陽明,2023-07-12,9604
3078,僑威,77,18,59,富邦-陽明,2023-07-12,9604
2633,台灣高鐵,57,0,57,富邦-陽明,2023-07-12,9604
00680L,元大美債20正2,53,0,53,富邦-陽明,2023-07-12,9604
5439,高技,91,40,51,富邦-陽明,2023-07-12,9604
00648R,元大S＆P500反1,50,0,50,富邦-陽明,2023-07-12,9604
6290,良維,53,4,49,富邦-陽明,2023-07-12,9604
3346,麗清,53,10,43,富邦-陽明,2023-07-12,9604
6477,安集,47,5,42,富邦-陽明,2023-07-12,9604
1618,合機,69,31,38,富邦-陽明,2023-07-12,9604
2317,鴻海,85,50,35,富邦-陽明,2023-07-12,9604
2481,強茂,98,63,35,富邦-陽明,2023-07-12,9604
4108,懷特,30,0,30,富邦-陽明,2023-07-12,9604
3289,宜特,53,25,28,富邦-陽明,2023-07-12,9604
3583,辛耘,54,26,28,富邦-陽明,2023-07-12,9604
9904,寶成,35,9,26,富邦-陽明,2023-07-12,9604
3419,譁裕,25,0,25,富邦-陽明,2023-07-12,9604
2609,陽明,232,207,25,富邦-陽明,2023-07-12,9604
5347,世界,24,0,24,富邦-陽明,2023-07-12,9604
00688L,國泰20年美債正2,24,0,24,富邦-陽明,2023-07-12,9604
5009,榮剛,23,0,23,富邦-陽明,2023-07-12,9604
3059,華晶科,23,0,23,富邦-陽明,2023-07-12,9604
1308,亞聚,22,0,22,富邦-陽明,2023-07-12,9604
1218,泰山,22,0,22,富邦-陽明,2023-07-12,9604
020035,元大上櫃ESG高息N,22,0,22,富邦-陽明,2023-07-12,9604
3563,牧德,22,0,22,富邦-陽明,2023-07-12,9604
5425,台半,41,19,22,富邦-陽明,2023-07-12,9604
1101,台泥,30,8,22,富邦-陽明,2023-07-12,9604
3071,協禧,28,7,21,富邦-陽明,2023-07-12,9604
1711,永光,21,0,21,富邦-陽明,2023-07-12,9604
5465,富驊,27,6,21,富邦-陽明,2023-07-12,9604
8403,盛弘,21,0,21,富邦-陽明,2023-07-12,9604
2618,長榮航,677,180,497,富邦-陽明,2023-07-13,9604
00679B,元大美債20年,173,13,160,富邦-陽明,2023-07-13,9604
2340,台亞,132,21,111,富邦-陽明,2023-07-13,9604
2481,強茂,140,31,109,富邦-陽明,2023-07-13,9604
1718,中纖,113,5,108,富邦-陽明,2023-07-13,9604
1104,環泥,102,0,102,富邦-陽明,2023-07-13,9604
00673R,期元大S＆P原油反1,99,11,88,富邦-陽明,2023-07-13,9604
3231,緯創,307,222,85,富邦-陽明,2023-07-13,9604
2303,聯電,141,66,75,富邦-陽明,2023-07-13,9604
6288,聯嘉,175,101,74,富邦-陽明,2023-07-13,9604
1103,嘉泥,71,1,70,富邦-陽明,2023-07-13,9604
2609,陽明,225,162,63,富邦-陽明,2023-07-13,9604
1471,首利,91,28,63,富邦-陽明,2023-07-13,9604
2883,凱基金,71,10,61,富邦-陽明,2023-07-13,9604
3217,優群,72,12,60,富邦-陽明,2023-07-13,9604
6191,精成科,59,2,57,富邦-陽明,2023-07-13,9604
2603,長榮,129,74,55,富邦-陽明,2023-07-13,9604
00687B,國泰20年美債,67,13,54,富邦-陽明,2023-07-13,9604
4533,協易機,184,130,54,富邦-陽明,2023-07-13,9604
00751B,元大AAA至A公司債,67,17,50,富邦-陽明,2023-07-13,9604
2610,華航,523,474,49,富邦-陽明,2023-07-13,9604
00930,永豐ESG低碳高息,46,0,46,富邦-陽明,2023-07-13,9604
2820,華票,45,0,45,富邦-陽明,2023-07-13,9604
2892,第一金,46,5,41,富邦-陽明,2023-07-13,9604
6120,達運,123,82,41,富邦-陽明,2023-07-13,9604
00671R,富邦NASDAQ反1,41,1,40,富邦-陽明,2023-07-13,9604
2413,環科,36,2,34,富邦-陽明,2023-07-13,9604
9103,美德醫療-DR,37,3,34,富邦-陽明,2023-07-13,9604
5880,合庫金,36,2,34,富邦-陽明,2023-07-13,9604
2419,仲琦,68,35,33,富邦-陽明,2023-07-13,9604
00680L,元大美債20正2,42,10,32,富邦-陽明,2023-07-13,9604
5381,合正,33,1,32,富邦-陽明,2023-07-13,9604
2515,中工,58,26,32,富邦-陽明,2023-07-13,9604
6412,群電,62,33,29,富邦-陽明,2023-07-13,9604
2449,京元電子,97,69,28,富邦-陽明,2023-07-13,9604
8033,雷虎,28,1,27,富邦-陽明,2023-07-13,9604
00712,復華富時不動產,97,71,26,富邦-陽明,2023-07-13,9604
6016,康和證,34,8,26,富邦-陽明,2023-07-13,9604
5864,致和證,39,13,26,富邦-陽明,2023-07-13,9604
1905,華紙,33,8,25,富邦-陽明,2023-07-13,9604
6282,康舒,154,129,25,富邦-陽明,2023-07-13,9604
00664R,國泰臺灣加權反1,25,0,25,富邦-陽明,2023-07-13,9604
3025,星通,87,62,25,富邦-陽明,2023-07-13,9604
3693,營邦,38,14,24,富邦-陽明,2023-07-13,9604
5371,中光電,29,5,24,富邦-陽明,2023-07-13,9604
1503,士電,43,20,23,富邦-陽明,2023-07-13,9604
3058,立德,27,4,23,富邦-陽明,2023-07-13,9604
2108,南帝,23,0,23,富邦-陽明,2023-07-13,9604
2376,技嘉,87,64,23,富邦-陽明,2023-07-13,9604
2353,宏��,121,98,23,富邦-陽明,2023-07-13,9604
00632R,元大台灣50反1,1240,14,1226,富邦-陽明,2023-07-14,9604
1101,台泥,442,28,414,富邦-陽明,2023-07-14,9604
00882,中信中國高股息,409,27,382,富邦-陽明,2023-07-14,9604
2610,華航,782,429,353,富邦-陽明,2023-07-14,9604
2409,友達,319,34,285,富邦-陽明,2023-07-14,9604
00929,復華台灣科技優息,293,10,283,富邦-陽明,2023-07-14,9604
00892,富邦台灣半導體,170,11,159,富邦-陽明,2023-07-14,9604
2344,華邦電,264,109,155,富邦-陽明,2023-07-14,9604
00679B,元大美債20年,149,4,145,富邦-陽明,2023-07-14,9604
3057,喬鼎,140,8,132,富邦-陽明,2023-07-14,9604
2329,華泰,202,77,125,富邦-陽明,2023-07-14,9604
1447,力鵬,101,0,101,富邦-陽明,2023-07-14,9604
1210,大成,103,3,100,富邦-陽明,2023-07-14,9604
6235,華孚,102,25,77,富邦-陽明,2023-07-14,9604
3363,上詮,147,81,66,富邦-陽明,2023-07-14,9604
00751B,元大AAA至A公司債,59,0,59,富邦-陽明,2023-07-14,9604
2419,仲琦,148,91,57,富邦-陽明,2023-07-14,9604
00905,FT臺灣Smart,55,5,50,富邦-陽明,2023-07-14,9604
00676R,富邦臺灣加權反1,50,0,50,富邦-陽明,2023-07-14,9604
2382,廣達,251,203,48,富邦-陽明,2023-07-14,9604
2618,長榮航,794,751,43,富邦-陽明,2023-07-14,9604
2208,台船,43,0,43,富邦-陽明,2023-07-14,9604
00673R,期元大S＆P原油反1,82,40,42,富邦-陽明,2023-07-14,9604
00720B,元大投資級公司債,43,4,39,富邦-陽明,2023-07-14,9604
3032,偉訓,51,12,39,富邦-陽明,2023-07-14,9604
3704,合勤控,94,56,38,富邦-陽明,2023-07-14,9604
2312,金寶,140,101,39,富邦-陽明,2023-07-14,9604
00650L,復華香港正2,35,0,35,富邦-陽明,2023-07-14,9604
1513,中興電,152,118,34,富邦-陽明,2023-07-14,9604
1802,台玻,50,16,34,富邦-陽明,2023-07-14,9604
2504,國產,43,10,33,富邦-陽明,2023-07-14,9604
3169,亞信,33,0,33,富邦-陽明,2023-07-14,9604
1409,新纖,32,0,32,富邦-陽明,2023-07-14,9604
3645,達邁,40,8,32,富邦-陽明,2023-07-14,9604
6288,聯嘉,80,49,31,富邦-陽明,2023-07-14,9604
1714,和桐,30,0,30,富邦-陽明,2023-07-14,9604
4510,高鋒,29,0,29,富邦-陽明,2023-07-14,9604
2377,微星,48,20,28,富邦-陽明,2023-07-14,9604
2603,長榮,72,45,27,富邦-陽明,2023-07-14,9604
1618,合機,54,29,25,富邦-陽明,2023-07-14,9604
1722,台肥,26,1,25,富邦-陽明,2023-07-14,9604
2449,京元電子,62,38,24,富邦-陽明,2023-07-14,9604
2501,國建,24,0,24,富邦-陽明,2023-07-14,9604
2421,建準,57,33,24,富邦-陽明,2023-07-14,9604
00712,復華富時不動產,48,25,23,富邦-陽明,2023-07-14,9604
6275,元山,24,1,23,富邦-陽明,2023-07-14,9604
9802,鈺齊-KY,21,0,21,富邦-陽明,2023-07-14,9604
1305,華夏,21,0,21,富邦-陽明,2023-07-14,9604
8011,台通,23,2,21,富邦-陽明,2023-07-14,9604
2812,台中銀,25,5,20,富邦-陽明,2023-07-14,9604
00632R,元大台灣50反1,779,555,224,富邦-陽明,2023-07-17,9604
00720B,元大投資級公司債,184,1,183,富邦-陽明,2023-07-17,9604
6190,萬泰科,185,22,163,富邦-陽明,2023-07-17,9604
00878,國泰永續高股息,413,259,154,富邦-陽明,2023-07-17,9604
1101,台泥,220,66,154,富邦-陽明,2023-07-17,9604
3380,明泰,196,42,154,富邦-陽明,2023-07-17,9604
00929,復華台灣科技優息,372,258,114,富邦-陽明,2023-07-17,9604
00888,永豐台灣ESG,108,8,100,富邦-陽明,2023-07-17,9604
2371,大同,200,128,72,富邦-陽明,2023-07-17,9604
6412,群電,80,10,70,富邦-陽明,2023-07-17,9604
00673R,期元大S＆P原油反1,87,23,64,富邦-陽明,2023-07-17,9604
00900,富邦特選高股息30,124,61,63,富邦-陽明,2023-07-17,9604
00882,中信中國高股息,74,13,61,富邦-陽明,2023-07-17,9604
5425,台半,69,13,56,富邦-陽明,2023-07-17,9604
5880,合庫金,62,6,56,富邦-陽明,2023-07-17,9604
1477,聚陽,54,2,52,富邦-陽明,2023-07-17,9604
4533,協易機,74,22,52,富邦-陽明,2023-07-17,9604
3706,神達,77,25,52,富邦-陽明,2023-07-17,9604
00637L,元大滬深300正2,61,10,51,富邦-陽明,2023-07-17,9604
00679B,元大美債20年,63,13,50,富邦-陽明,2023-07-17,9604
2399,映泰,69,19,50,富邦-陽明,2023-07-17,9604
00725B,國泰投資級公司債,49,0,49,富邦-陽明,2023-07-17,9604
1402,遠東新,46,0,46,富邦-陽明,2023-07-17,9604
2504,國產,46,0,46,富邦-陽明,2023-07-17,9604
00751B,元大AAA至A公司債,47,2,45,富邦-陽明,2023-07-17,9604
3071,協禧,43,1,42,富邦-陽明,2023-07-17,9604
1618,合機,77,37,40,富邦-陽明,2023-07-17,9604
2425,承啟,72,33,39,富邦-陽明,2023-07-17,9604
2382,廣達,151,114,37,富邦-陽明,2023-07-17,9604
2884,玉山金,53,17,36,富邦-陽明,2023-07-17,9604
2388,威盛,121,87,34,富邦-陽明,2023-07-17,9604
2471,資通,34,1,33,富邦-陽明,2023-07-17,9604
3037,欣興,86,53,33,富邦-陽明,2023-07-17,9604
3189,景碩,36,3,33,富邦-陽明,2023-07-17,9604
6179,亞通,44,12,32,富邦-陽明,2023-07-17,9604
5471,松翰,32,0,32,富邦-陽明,2023-07-17,9604
6120,達運,47,16,31,富邦-陽明,2023-07-17,9604
2328,廣宇,39,8,31,富邦-陽明,2023-07-17,9604
3081,聯亞,36,8,28,富邦-陽明,2023-07-17,9604
2027,大成鋼,34,6,28,富邦-陽明,2023-07-17,9604
00680L,元大美債20正2,27,1,26,富邦-陽明,2023-07-17,9604
3563,牧德,25,0,25,富邦-陽明,2023-07-17,9604
4549,桓達,25,0,25,富邦-陽明,2023-07-17,9604
00894,中信小資高價30,25,0,25,富邦-陽明,2023-07-17,9604
2356,英業達,144,120,24,富邦-陽明,2023-07-17,9604
2421,建準,42,17,25,富邦-陽明,2023-07-17,9604
2301,光寶科,183,158,25,富邦-陽明,2023-07-17,9604
2337,旺宏,34,10,24,富邦-陽明,2023-07-17,9604
4532,瑞智,58,34,24,富邦-陽明,2023-07-17,9604
3163,波若威,74,50,24,富邦-陽明,2023-07-17,9604
1605,華新,452,26,426,富邦-陽明,2023-07-18,9604
00929,復華台灣科技優息,423,98,325,富邦-陽明,2023-07-18,9604
8215,明基材,335,13,322,富邦-陽明,2023-07-18,9604
3706,神達,587,309,278,富邦-陽明,2023-07-18,9604
2324,仁寶,514,259,255,富邦-陽明,2023-07-18,9604
1402,遠東新,219,0,219,富邦-陽明,2023-07-18,9604
00882,中信中國高股息,220,2,218,富邦-陽明,2023-07-18,9604
2382,廣達,413,204,209,富邦-陽明,2023-07-18,9604
3047,訊舟,209,9,200,富邦-陽明,2023-07-18,9604
9105,泰金寶-DR,287,89,198,富邦-陽明,2023-07-18,9604
00878,國泰永續高股息,366,185,181,富邦-陽明,2023-07-18,9604
00679B,元大美債20年,147,15,132,富邦-陽明,2023-07-18,9604
6282,康舒,332,201,131,富邦-陽明,2023-07-18,9604
2705,六福,151,20,131,富邦-陽明,2023-07-18,9604
3483,力致,172,53,119,富邦-陽明,2023-07-18,9604
2344,華邦電,331,216,115,富邦-陽明,2023-07-18,9604
2340,台亞,190,77,113,富邦-陽明,2023-07-18,9604
2449,京元電子,221,110,111,富邦-陽明,2023-07-18,9604
4938,和碩,331,227,104,富邦-陽明,2023-07-18,9604
0056,元大高股息,316,219,97,富邦-陽明,2023-07-18,9604
4906,正文,90,6,84,富邦-陽明,2023-07-18,9604
00632R,元大台灣50反1,110,28,82,富邦-陽明,2023-07-18,9604
2369,菱生,82,6,76,富邦-陽明,2023-07-18,9604
6546,正基,100,27,73,富邦-陽明,2023-07-18,9604
1104,環泥,73,0,73,富邦-陽明,2023-07-18,9604
2889,國票金,68,1,67,富邦-陽明,2023-07-18,9604
3038,全台,70,3,67,富邦-陽明,2023-07-18,9604
5258,虹堡,78,11,67,富邦-陽明,2023-07-18,9604
6005,群益證,69,3,66,富邦-陽明,2023-07-18,9604
3689,湧德,76,10,66,富邦-陽明,2023-07-18,9604
1477,聚陽,70,6,64,富邦-陽明,2023-07-18,9604
1101,台泥,68,8,60,富邦-陽明,2023-07-18,9604
00680L,元大美債20正2,63,3,60,富邦-陽明,2023-07-18,9604
2534,宏盛,60,2,58,富邦-陽明,2023-07-18,9604
1514,亞力,103,47,56,富邦-陽明,2023-07-18,9604
6188,廣明,108,53,55,富邦-陽明,2023-07-18,9604
1513,中興電,145,91,54,富邦-陽明,2023-07-18,9604
2457,飛宏,79,25,54,富邦-陽明,2023-07-18,9604
2301,光寶科,202,148,54,富邦-陽明,2023-07-18,9604
5490,同亨,53,0,53,富邦-陽明,2023-07-18,9604
00720B,元大投資級公司債,63,10,53,富邦-陽明,2023-07-18,9604
2329,華泰,304,251,53,富邦-陽明,2023-07-18,9604
1907,永豐餘,62,12,50,富邦-陽明,2023-07-18,9604
8201,無敵,78,28,50,富邦-陽明,2023-07-18,9604
2633,台灣高鐵,53,3,50,富邦-陽明,2023-07-18,9604
2302,麗正,50,0,50,富邦-陽明,2023-07-18,9604
2323,中環,71,22,49,富邦-陽明,2023-07-18,9604
4129,聯合,53,4,49,富邦-陽明,2023-07-18,9604
2883,凱基金,66,18,48,富邦-陽明,2023-07-18,9604
2515,中工,61,13,48,富邦-陽明,2023-07-18,9604
00665L,富邦�琤肭磪囓�2,1958,55,1903,富邦-陽明,2023-07-19,9604
1210,大成,309,12,297,富邦-陽明,2023-07-19,9604
2801,彰銀,294,32,262,富邦-陽明,2023-07-19,9604
2324,仁寶,441,219,222,富邦-陽明,2023-07-19,9604
00929,復華台灣科技優息,245,47,198,富邦-陽明,2023-07-19,9604
4938,和碩,288,119,169,富邦-陽明,2023-07-19,9604
3037,欣興,331,179,152,富邦-陽明,2023-07-19,9604
2618,長榮航,333,191,142,富邦-陽明,2023-07-19,9604
00878,國泰永續高股息,365,248,117,富邦-陽明,2023-07-19,9604
3189,景碩,142,38,104,富邦-陽明,2023-07-19,9604
00706L,期元大S＆P日圓正2,102,0,102,富邦-陽明,2023-07-19,9604
2329,華泰,311,210,101,富邦-陽明,2023-07-19,9604
00671R,富邦NASDAQ反1,100,0,100,富邦-陽明,2023-07-19,9604
1102,亞泥,110,20,90,富邦-陽明,2023-07-19,9604
4906,正文,84,1,83,富邦-陽明,2023-07-19,9604
00712,復華富時不動產,191,109,82,富邦-陽明,2023-07-19,9604
2303,聯電,160,79,81,富邦-陽明,2023-07-19,9604
2515,中工,85,10,75,富邦-陽明,2023-07-19,9604
00679B,元大美債20年,80,7,73,富邦-陽明,2023-07-19,9604
1734,杏輝,73,1,72,富邦-陽明,2023-07-19,9604
1101,台泥,69,1,68,富邦-陽明,2023-07-19,9604
1504,東元,81,20,61,富邦-陽明,2023-07-19,9604
1513,中興電,78,19,59,富邦-陽明,2023-07-19,9604
0056,元大高股息,246,187,59,富邦-陽明,2023-07-19,9604
00882,中信中國高股息,158,99,59,富邦-陽明,2023-07-19,9604
2887,台新金,68,9,59,富邦-陽明,2023-07-19,9604
2301,光寶科,105,51,54,富邦-陽明,2023-07-19,9604
2409,友達,71,17,54,富邦-陽明,2023-07-19,9604
2317,鴻海,85,32,53,富邦-陽明,2023-07-19,9604
6120,達運,92,39,53,富邦-陽明,2023-07-19,9604
1104,環泥,51,0,51,富邦-陽明,2023-07-19,9604
6546,正基,60,12,48,富邦-陽明,2023-07-19,9604
4726,永昕,74,27,47,富邦-陽明,2023-07-19,9604
00650L,復華香港正2,57,12,45,富邦-陽明,2023-07-19,9604
2867,三商壽,44,0,44,富邦-陽明,2023-07-19,9604
1524,耿鼎,45,1,44,富邦-陽明,2023-07-19,9604
00905,FT臺灣Smart,45,1,44,富邦-陽明,2023-07-19,9604
1609,大亞,136,93,43,富邦-陽明,2023-07-19,9604
2382,廣達,161,119,42,富邦-陽明,2023-07-19,9604
1402,遠東新,42,0,42,富邦-陽明,2023-07-19,9604
2340,台亞,74,32,42,富邦-陽明,2023-07-19,9604
1605,華新,57,17,40,富邦-陽明,2023-07-19,9604
1503,士電,61,21,40,富邦-陽明,2023-07-19,9604
1477,聚陽,41,1,40,富邦-陽明,2023-07-19,9604
00753L,中信中國50正2,48,10,38,富邦-陽明,2023-07-19,9604
00637L,元大滬深300正2,74,38,36,富邦-陽明,2023-07-19,9604
6770,力積電,37,2,35,富邦-陽明,2023-07-19,9604
6122,擎邦,35,0,35,富邦-陽明,2023-07-19,9604
8070,長華*,35,0,35,富邦-陽明,2023-07-19,9604
3051,力特,43,9,34,富邦-陽明,2023-07-19,9604
1313,聯成,345,0,345,富邦-陽明,2023-07-20,9604
2303,聯電,308,31,277,富邦-陽明,2023-07-20,9604
1102,亞泥,237,0,237,富邦-陽明,2023-07-20,9604
2352,佳世達,245,63,182,富邦-陽明,2023-07-20,9604
2481,強茂,192,13,179,富邦-陽明,2023-07-20,9604
00929,復華台灣科技優息,193,33,160,富邦-陽明,2023-07-20,9604
1210,大成,201,74,127,富邦-陽明,2023-07-20,9604
2201,裕隆,119,13,106,富邦-陽明,2023-07-20,9604
1104,環泥,102,3,99,富邦-陽明,2023-07-20,9604
00712,復華富時不動產,189,92,97,富邦-陽明,2023-07-20,9604
6190,萬泰科,98,3,95,富邦-陽明,2023-07-20,9604
00665L,富邦�琤肭磪囓�2,281,190,91,富邦-陽明,2023-07-20,9604
2881,富邦金,106,24,82,富邦-陽明,2023-07-20,9604
6283,淳安,80,0,80,富邦-陽明,2023-07-20,9604
00720B,元大投資級公司債,86,10,76,富邦-陽明,2023-07-20,9604
1513,中興電,79,4,75,富邦-陽明,2023-07-20,9604
3037,欣興,140,68,72,富邦-陽明,2023-07-20,9604
4953,緯軟,94,25,69,富邦-陽明,2023-07-20,9604
2002,中鋼,132,65,67,富邦-陽明,2023-07-20,9604
4123,晟德,133,70,63,富邦-陽明,2023-07-20,9604
2332,友訊,62,6,56,富邦-陽明,2023-07-20,9604
3032,偉訓,132,77,55,富邦-陽明,2023-07-20,9604
4938,和碩,80,27,53,富邦-陽明,2023-07-20,9604
2461,光群雷,81,31,50,富邦-陽明,2023-07-20,9604
6548,長科*,58,9,49,富邦-陽明,2023-07-20,9604
2312,金寶,104,55,49,富邦-陽明,2023-07-20,9604
6112,邁達特,58,11,47,富邦-陽明,2023-07-20,9604
3289,宜特,88,41,47,富邦-陽明,2023-07-20,9604
1795,美時,54,7,47,富邦-陽明,2023-07-20,9604
1314,中石化,53,7,46,富邦-陽明,2023-07-20,9604
2324,仁寶,116,71,45,富邦-陽明,2023-07-20,9604
2313,華通,52,8,44,富邦-陽明,2023-07-20,9604
2419,仲琦,57,13,44,富邦-陽明,2023-07-20,9604
00679B,元大美債20年,57,16,41,富邦-陽明,2023-07-20,9604
2515,中工,50,10,40,富邦-陽明,2023-07-20,9604
6282,康舒,110,74,36,富邦-陽明,2023-07-20,9604
2337,旺宏,37,3,34,富邦-陽明,2023-07-20,9604
2317,鴻海,38,4,34,富邦-陽明,2023-07-20,9604
3706,神達,130,97,33,富邦-陽明,2023-07-20,9604
1904,正隆,33,0,33,富邦-陽明,2023-07-20,9604
5876,上海商銀,31,0,31,富邦-陽明,2023-07-20,9604
6191,精成科,32,2,30,富邦-陽明,2023-07-20,9604
2633,台灣高鐵,36,6,30,富邦-陽明,2023-07-20,9604
00669R,國泰美國道瓊反1,30,0,30,富邦-陽明,2023-07-20,9604
5386,青雲,50,20,30,富邦-陽明,2023-07-20,9604
911868,同方友友-DR,30,0,30,富邦-陽明,2023-07-20,9604
00687B,國泰20年美債,30,1,29,富邦-陽明,2023-07-20,9604
2204,中華,37,10,27,富邦-陽明,2023-07-20,9604
1234,黑松,26,0,26,富邦-陽明,2023-07-20,9604
00753L,中信中國50正2,113,87,26,富邦-陽明,2023-07-20,9604
00632R,元大台灣50反1,543,223,320,富邦-陽明,2023-07-21,9604
2303,聯電,222,55,167,富邦-陽明,2023-07-21,9604
2302,麗正,150,0,150,富邦-陽明,2023-07-21,9604
2340,台亞,187,74,113,富邦-陽明,2023-07-21,9604
2330,台積電,133,24,109,富邦-陽明,2023-07-21,9604
4157,太景*-KY,105,0,105,富邦-陽明,2023-07-21,9604
00929,復華台灣科技優息,132,32,100,富邦-陽明,2023-07-21,9604
2313,華通,90,2,88,富邦-陽明,2023-07-21,9604
1513,中興電,299,212,87,富邦-陽明,2023-07-21,9604
2609,陽明,203,128,75,富邦-陽明,2023-07-21,9604
6112,邁達特,88,17,71,富邦-陽明,2023-07-21,9604
2353,宏��,160,97,63,富邦-陽明,2023-07-21,9604
2027,大成鋼,80,19,61,富邦-陽明,2023-07-21,9604
1102,亞泥,70,14,56,富邦-陽明,2023-07-21,9604
2888,新光金,64,13,51,富邦-陽明,2023-07-21,9604
2610,華航,231,181,50,富邦-陽明,2023-07-21,9604
00679B,元大美債20年,81,32,49,富邦-陽明,2023-07-21,9604
00673R,期元大S＆P原油反1,48,2,46,富邦-陽明,2023-07-21,9604
0050,元大台灣50,51,5,46,富邦-陽明,2023-07-21,9604
6417,韋僑,45,2,43,富邦-陽明,2023-07-21,9604
2618,長榮航,156,115,41,富邦-陽明,2023-07-21,9604
6274,台燿,67,26,41,富邦-陽明,2023-07-21,9604
5425,台半,43,2,41,富邦-陽明,2023-07-21,9604
1605,華新,46,5,41,富邦-陽明,2023-07-21,9604
6164,華興,40,0,40,富邦-陽明,2023-07-21,9604
00919,群益台灣精選高息,52,14,38,富邦-陽明,2023-07-21,9604
00905,FT臺灣Smart,37,0,37,富邦-陽明,2023-07-21,9604
1727,中華化,73,36,37,富邦-陽明,2023-07-21,9604
2405,輔信,39,2,37,富邦-陽明,2023-07-21,9604
6282,康舒,67,33,34,富邦-陽明,2023-07-21,9604
6770,力積電,36,3,33,富邦-陽明,2023-07-21,9604
2324,仁寶,110,79,31,富邦-陽明,2023-07-21,9604
6190,萬泰科,34,3,31,富邦-陽明,2023-07-21,9604
911868,同方友友-DR,30,0,30,富邦-陽明,2023-07-21,9604
3706,神達,118,88,30,富邦-陽明,2023-07-21,9604
2206,三陽工業,64,35,29,富邦-陽明,2023-07-21,9604
4532,瑞智,66,38,28,富邦-陽明,2023-07-21,9604
2883,凱基金,39,11,28,富邦-陽明,2023-07-21,9604
2419,仲琦,72,45,27,富邦-陽明,2023-07-21,9604
9958,世紀鋼,33,6,27,富邦-陽明,2023-07-21,9604
8933,愛地雅,26,0,26,富邦-陽明,2023-07-21,9604
2634,漢翔,37,13,24,富邦-陽明,2023-07-21,9604
1402,遠東新,24,0,24,富邦-陽明,2023-07-21,9604
00927,群益半導體收益,24,0,24,富邦-陽明,2023-07-21,9604
8088,品安,23,0,23,富邦-陽明,2023-07-21,9604
2301,光寶科,108,86,22,富邦-陽明,2023-07-21,9604
00680L,元大美債20正2,61,40,21,富邦-陽明,2023-07-21,9604
2454,聯發科,30,10,20,富邦-陽明,2023-07-21,9604
3711,日月光投控,23,2,21,富邦-陽明,2023-07-21,9604
00669R,國泰美國道瓊反1,20,0,20,富邦-陽明,2023-07-21,9604
00665L,富邦�琤肭磪囓�2,1752,44,1708,富邦-陽明,2023-07-24,9604
00632R,元大台灣50反1,326,115,211,富邦-陽明,2023-07-24,9604
1402,遠東新,203,15,188,富邦-陽明,2023-07-24,9604
1467,南緯,183,16,167,富邦-陽明,2023-07-24,9604
1504,東元,214,55,159,富邦-陽明,2023-07-24,9604
00929,復華台灣科技優息,178,20,158,富邦-陽明,2023-07-24,9604
2323,中環,130,10,120,富邦-陽明,2023-07-24,9604
1210,大成,125,7,118,富邦-陽明,2023-07-24,9604
3013,晟銘電,179,70,109,富邦-陽明,2023-07-24,9604
1102,亞泥,108,5,103,富邦-陽明,2023-07-24,9604
1101,台泥,196,107,89,富邦-陽明,2023-07-24,9604
2883,凱基金,98,9,89,富邦-陽明,2023-07-24,9604
2359,所羅門,91,11,80,富邦-陽明,2023-07-24,9604
00882,中信中國高股息,95,16,79,富邦-陽明,2023-07-24,9604
1513,中興電,158,79,79,富邦-陽明,2023-07-24,9604
00650L,復華香港正2,148,70,78,富邦-陽明,2023-07-24,9604
2515,中工,79,4,75,富邦-陽明,2023-07-24,9604
3324,雙鴻,125,53,72,富邦-陽明,2023-07-24,9604
6112,邁達特,93,28,65,富邦-陽明,2023-07-24,9604
00679B,元大美債20年,87,26,61,富邦-陽明,2023-07-24,9604
5243,乙盛-KY,62,2,60,富邦-陽明,2023-07-24,9604
2457,飛宏,92,33,59,富邦-陽明,2023-07-24,9604
2201,裕隆,59,1,58,富邦-陽明,2023-07-24,9604
2890,永豐金,58,0,58,富邦-陽明,2023-07-24,9604
2481,強茂,62,7,55,富邦-陽明,2023-07-24,9604
3338,泰碩,110,58,52,富邦-陽明,2023-07-24,9604
3483,力致,56,5,51,富邦-陽明,2023-07-24,9604
2461,光群雷,98,47,51,富邦-陽明,2023-07-24,9604
2886,兆豐金,66,15,51,富邦-陽明,2023-07-24,9604
2313,華通,52,2,50,富邦-陽明,2023-07-24,9604
6266,泰詠,50,0,50,富邦-陽明,2023-07-24,9604
2356,英業達,126,76,50,富邦-陽明,2023-07-24,9604
2449,京元電子,87,42,45,富邦-陽明,2023-07-24,9604
3035,智原,82,37,45,富邦-陽明,2023-07-24,9604
2328,廣宇,59,14,45,富邦-陽明,2023-07-24,9604
1477,聚陽,43,1,42,富邦-陽明,2023-07-24,9604
2427,三商電,45,4,41,富邦-陽明,2023-07-24,9604
2353,宏��,190,150,40,富邦-陽明,2023-07-24,9604
2421,建準,144,104,40,富邦-陽明,2023-07-24,9604
2368,金像電,77,38,39,富邦-陽明,2023-07-24,9604
00712,復華富時不動產,47,8,39,富邦-陽明,2023-07-24,9604
2302,麗正,40,2,38,富邦-陽明,2023-07-24,9604
0052,富邦科技,38,1,37,富邦-陽明,2023-07-24,9604
2887,台新金,50,14,36,富邦-陽明,2023-07-24,9604
2352,佳世達,82,46,36,富邦-陽明,2023-07-24,9604
6125,廣運,114,79,35,富邦-陽明,2023-07-24,9604
2891,中信金,45,11,34,富邦-陽明,2023-07-24,9604
2340,台亞,62,28,34,富邦-陽明,2023-07-24,9604
6274,台燿,92,58,34,富邦-陽明,2023-07-24,9604
8103,瀚荃,36,4,32,富邦-陽明,2023-07-24,9604
2610,華航,354,164,190,富邦-陽明,2023-07-25,9604
1504,東元,426,283,143,富邦-陽明,2023-07-25,9604
1210,大成,132,3,129,富邦-陽明,2023-07-25,9604
2382,廣達,317,211,106,富邦-陽明,2023-07-25,9604
2603,長榮,111,16,95,富邦-陽明,2023-07-25,9604
2887,台新金,126,33,93,富邦-陽明,2023-07-25,9604
00679B,元大美債20年,101,9,92,富邦-陽明,2023-07-25,9604
00673R,期元大S＆P原油反1,90,0,90,富邦-陽明,2023-07-25,9604
00878,國泰永續高股息,419,338,81,富邦-陽明,2023-07-25,9604
3231,緯創,131,57,74,富邦-陽明,2023-07-25,9604
3702,大聯大,75,1,74,富邦-陽明,2023-07-25,9604
00712,復華富時不動產,77,4,73,富邦-陽明,2023-07-25,9604
6125,廣運,118,49,69,富邦-陽明,2023-07-25,9604
2883,凱基金,89,21,68,富邦-陽明,2023-07-25,9604
1101,台泥,102,38,64,富邦-陽明,2023-07-25,9604
1815,富喬,120,59,61,富邦-陽明,2023-07-25,9604
6187,萬潤,73,14,59,富邦-陽明,2023-07-25,9604
1314,中石化,58,0,58,富邦-陽明,2023-07-25,9604
00720B,元大投資級公司債,58,0,58,富邦-陽明,2023-07-25,9604
1609,大亞,118,60,58,富邦-陽明,2023-07-25,9604
00687B,國泰20年美債,57,0,57,富邦-陽明,2023-07-25,9604
3037,欣興,168,112,56,富邦-陽明,2023-07-25,9604
00795B,中信美國公債20年,50,0,50,富邦-陽明,2023-07-25,9604
6142,友勁,50,0,50,富邦-陽明,2023-07-25,9604
6026,福邦證,50,0,50,富邦-陽明,2023-07-25,9604
2344,華邦電,175,126,49,富邦-陽明,2023-07-25,9604
8071,能率網通,43,1,42,富邦-陽明,2023-07-25,9604
2002,中鋼,67,25,42,富邦-陽明,2023-07-25,9604
00751B,元大AAA至A公司債,40,0,40,富邦-陽明,2023-07-25,9604
2820,華票,42,2,40,富邦-陽明,2023-07-25,9604
2618,長榮航,99,60,39,富邦-陽明,2023-07-25,9604
2913,農林,41,2,39,富邦-陽明,2023-07-25,9604
5452,佶優,49,11,38,富邦-陽明,2023-07-25,9604
2834,臺企銀,48,11,37,富邦-陽明,2023-07-25,9604
5425,台半,38,1,37,富邦-陽明,2023-07-25,9604
4123,晟德,54,17,37,富邦-陽明,2023-07-25,9604
2303,聯電,59,26,33,富邦-陽明,2023-07-25,9604
2617,台航,33,2,31,富邦-陽明,2023-07-25,9604
00929,復華台灣科技優息,96,65,31,富邦-陽明,2023-07-25,9604
2458,義隆,35,5,30,富邦-陽明,2023-07-25,9604
3013,晟銘電,71,42,29,富邦-陽明,2023-07-25,9604
3324,雙鴻,63,34,29,富邦-陽明,2023-07-25,9604
3609,三一東林,30,3,27,富邦-陽明,2023-07-25,9604
3105,穩懋,36,9,27,富邦-陽明,2023-07-25,9604
6282,康舒,80,54,26,富邦-陽明,2023-07-25,9604
1417,嘉裕,28,3,25,富邦-陽明,2023-07-25,9604
2356,英業達,129,106,23,富邦-陽明,2023-07-25,9604
3694,海華,24,1,23,富邦-陽明,2023-07-25,9604
1477,聚陽,25,3,22,富邦-陽明,2023-07-25,9604
5465,富驊,26,4,22,富邦-陽明,2023-07-25,9604
8358,金居,361,103,258,富邦-陽明,2023-07-26,9604
00929,復華台灣科技優息,243,3,240,富邦-陽明,2023-07-26,9604
1504,東元,477,277,200,富邦-陽明,2023-07-26,9604
00878,國泰永續高股息,357,161,196,富邦-陽明,2023-07-26,9604
2002,中鋼,170,8,162,富邦-陽明,2023-07-26,9604
1210,大成,157,7,150,富邦-陽明,2023-07-26,9604
00673R,期元大S＆P原油反1,140,0,140,富邦-陽明,2023-07-26,9604
2887,台新金,144,25,119,富邦-陽明,2023-07-26,9604
2340,台亞,138,22,116,富邦-陽明,2023-07-26,9604
5439,高技,116,6,110,富邦-陽明,2023-07-26,9604
6116,彩晶,120,19,101,富邦-陽明,2023-07-26,9604
00665L,富邦�琤肭磪囓�2,187,88,99,富邦-陽明,2023-07-26,9604
1618,合機,129,51,78,富邦-陽明,2023-07-26,9604
00637L,元大滬深300正2,115,40,75,富邦-陽明,2023-07-26,9604
2371,大同,133,58,75,富邦-陽明,2023-07-26,9604
5425,台半,69,1,68,富邦-陽明,2023-07-26,9604
4533,協易機,122,56,66,富邦-陽明,2023-07-26,9604
00679B,元大美債20年,71,12,59,富邦-陽明,2023-07-26,9604
1513,中興電,85,26,59,富邦-陽明,2023-07-26,9604
2337,旺宏,71,13,58,富邦-陽明,2023-07-26,9604
4129,聯合,62,7,55,富邦-陽明,2023-07-26,9604
2399,映泰,58,5,53,富邦-陽明,2023-07-26,9604
3038,全台,65,14,51,富邦-陽明,2023-07-26,9604
6275,元山,85,34,51,富邦-陽明,2023-07-26,9604
3059,華晶科,86,36,50,富邦-陽明,2023-07-26,9604
6125,廣運,86,43,43,富邦-陽明,2023-07-26,9604
2376,技嘉,90,47,43,富邦-陽明,2023-07-26,9604
2303,聯電,78,35,43,富邦-陽明,2023-07-26,9604
6190,萬泰科,59,17,42,富邦-陽明,2023-07-26,9604
00671R,富邦NASDAQ反1,40,0,40,富邦-陽明,2023-07-26,9604
4154,樂威科-KY,39,0,39,富邦-陽明,2023-07-26,9604
2324,仁寶,89,50,39,富邦-陽明,2023-07-26,9604
2633,台灣高鐵,43,4,39,富邦-陽明,2023-07-26,9604
1471,首利,45,7,38,富邦-陽明,2023-07-26,9604
6770,力積電,37,2,35,富邦-陽明,2023-07-26,9604
8021,尖點,37,2,35,富邦-陽明,2023-07-26,9604
3105,穩懋,39,4,35,富邦-陽明,2023-07-26,9604
4188,安克,46,12,34,富邦-陽明,2023-07-26,9604
2415,錩新,32,0,32,富邦-陽明,2023-07-26,9604
2344,華邦電,141,109,32,富邦-陽明,2023-07-26,9604
6841,長佳智能,53,22,31,富邦-陽明,2023-07-26,9604
2610,華航,67,37,30,富邦-陽明,2023-07-26,9604
3005,神基,31,1,30,富邦-陽明,2023-07-26,9604
00664R,國泰臺灣加權反1,30,0,30,富邦-陽明,2023-07-26,9604
1447,力鵬,30,0,30,富邦-陽明,2023-07-26,9604
911868,同方友友-DR,30,0,30,富邦-陽明,2023-07-26,9604
2618,長榮航,74,47,27,富邦-陽明,2023-07-26,9604
5258,虹堡,45,18,27,富邦-陽明,2023-07-26,9604
2323,中環,66,39,27,富邦-陽明,2023-07-26,9604
2330,台積電,33,6,27,富邦-陽明,2023-07-26,9604
00632R,元大台灣50反1,1510,110,1400,富邦-陽明,2023-07-27,9604
00929,復華台灣科技優息,183,3,180,富邦-陽明,2023-07-27,9604
2313,華通,110,1,109,富邦-陽明,2023-07-27,9604
4961,天鈺,124,15,109,富邦-陽明,2023-07-27,9604
1210,大成,106,9,97,富邦-陽明,2023-07-27,9604
00673R,期元大S＆P原油反1,87,0,87,富邦-陽明,2023-07-27,9604
2884,玉山金,106,25,81,富邦-陽明,2023-07-27,9604
00891,中信關鍵半導體,81,0,81,富邦-陽明,2023-07-27,9604
6120,達運,103,26,77,富邦-陽明,2023-07-27,9604
2002,中鋼,82,6,76,富邦-陽明,2023-07-27,9604
6290,良維,87,13,74,富邦-陽明,2023-07-27,9604
1802,台玻,116,43,73,富邦-陽明,2023-07-27,9604
2382,廣達,223,153,70,富邦-陽明,2023-07-27,9604
5425,台半,65,0,65,富邦-陽明,2023-07-27,9604
2887,台新金,66,5,61,富邦-陽明,2023-07-27,9604
8358,金居,250,190,60,富邦-陽明,2023-07-27,9604
00679B,元大美債20年,100,41,59,富邦-陽明,2023-07-27,9604
2609,陽明,154,95,59,富邦-陽明,2023-07-27,9604
3706,神達,92,33,59,富邦-陽明,2023-07-27,9604
6770,力積電,81,26,55,富邦-陽明,2023-07-27,9604
00687B,國泰20年美債,56,4,52,富邦-陽明,2023-07-27,9604
2462,良得電,46,3,43,富邦-陽明,2023-07-27,9604
1709,和益,43,1,42,富邦-陽明,2023-07-27,9604
1522,堤維西,44,2,42,富邦-陽明,2023-07-27,9604
2340,台亞,88,47,41,富邦-陽明,2023-07-27,9604
5880,合庫金,45,4,41,富邦-陽明,2023-07-27,9604
2498,宏達電,67,27,40,富邦-陽明,2023-07-27,9604
2888,新光金,446,409,37,富邦-陽明,2023-07-27,9604
00902,中信電池及儲能,34,0,34,富邦-陽明,2023-07-27,9604
2312,金寶,137,105,32,富邦-陽明,2023-07-27,9604
00712,復華富時不動產,89,57,32,富邦-陽明,2023-07-27,9604
3003,健和興,34,2,32,富邦-陽明,2023-07-27,9604
8234,新漢,59,29,30,富邦-陽明,2023-07-27,9604
6161,捷波,37,7,30,富邦-陽明,2023-07-27,9604
1710,東聯,30,0,30,富邦-陽明,2023-07-27,9604
2301,光寶科,87,57,30,富邦-陽明,2023-07-27,9604
2801,彰銀,31,2,29,富邦-陽明,2023-07-27,9604
3037,欣興,97,68,29,富邦-陽明,2023-07-27,9604
2324,仁寶,62,33,29,富邦-陽明,2023-07-27,9604
2317,鴻海,44,16,28,富邦-陽明,2023-07-27,9604
2353,宏��,53,25,28,富邦-陽明,2023-07-27,9604
00919,群益台灣精選高息,52,25,27,富邦-陽明,2023-07-27,9604
2453,凌群,49,22,27,富邦-陽明,2023-07-27,9604
6116,彩晶,171,144,27,富邦-陽明,2023-07-27,9604
00795B,中信美國公債20年,26,0,26,富邦-陽明,2023-07-27,9604
6188,廣明,85,58,27,富邦-陽明,2023-07-27,9604
00885,富邦越南,46,21,25,富邦-陽明,2023-07-27,9604
3189,景碩,29,5,24,富邦-陽明,2023-07-27,9604
6125,廣運,102,78,24,富邦-陽明,2023-07-27,9604
8215,明基材,25,1,24,富邦-陽明,2023-07-27,9604
00665L,富邦�琤肭磪囓�2,1658,208,1450,富邦-陽明,2023-07-28,9604
00680L,元大美債20正2,467,0,467,富邦-陽明,2023-07-28,9604
00679B,元大美債20年,444,0,444,富邦-陽明,2023-07-28,9604
00720B,元大投資級公司債,293,2,291,富邦-陽明,2023-07-28,9604
1905,華紙,585,369,216,富邦-陽明,2023-07-28,9604
3049,精金,191,2,189,富邦-陽明,2023-07-28,9604
6125,廣運,188,36,152,富邦-陽明,2023-07-28,9604
3231,緯創,297,160,137,富邦-陽明,2023-07-28,9604
00751B,元大AAA至A公司債,142,8,134,富邦-陽明,2023-07-28,9604
00772B,中信高評級公司債,146,16,130,富邦-陽明,2023-07-28,9604
00687B,國泰20年美債,127,1,126,富邦-陽明,2023-07-28,9604
2323,中環,133,31,102,富邦-陽明,2023-07-28,9604
3290,東浦,93,0,93,富邦-陽明,2023-07-28,9604
1815,富喬,169,80,89,富邦-陽明,2023-07-28,9604
2883,凱基金,115,26,89,富邦-陽明,2023-07-28,9604
2887,台新金,85,1,84,富邦-陽明,2023-07-28,9604
3029,零壹,99,19,80,富邦-陽明,2023-07-28,9604
6282,康舒,164,87,77,富邦-陽明,2023-07-28,9604
6185,幃翔,76,0,76,富邦-陽明,2023-07-28,9604
00688L,國泰20年美債正2,74,0,74,富邦-陽明,2023-07-28,9604
2027,大成鋼,118,46,72,富邦-陽明,2023-07-28,9604
2834,臺企銀,78,7,71,富邦-陽明,2023-07-28,9604
00929,復華台灣科技優息,113,43,70,富邦-陽明,2023-07-28,9604
2409,友達,204,135,69,富邦-陽明,2023-07-28,9604
2329,華泰,329,261,68,富邦-陽明,2023-07-28,9604
00795B,中信美國公債20年,67,0,67,富邦-陽明,2023-07-28,9604
00712,復華富時不動產,62,0,62,富邦-陽明,2023-07-28,9604
5608,四維航,89,28,61,富邦-陽明,2023-07-28,9604
3706,神達,83,23,60,富邦-陽明,2023-07-28,9604
00862B,中信投資級公司債,55,0,55,富邦-陽明,2023-07-28,9604
3032,偉訓,76,21,55,富邦-陽明,2023-07-28,9604
6116,彩晶,76,23,53,富邦-陽明,2023-07-28,9604
6218,豪勉,58,5,53,富邦-陽明,2023-07-28,9604
2705,六福,52,3,49,富邦-陽明,2023-07-28,9604
5386,青雲,54,6,48,富邦-陽明,2023-07-28,9604
3037,欣興,72,26,46,富邦-陽明,2023-07-28,9604
4533,協易機,90,45,45,富邦-陽明,2023-07-28,9604
00673R,期元大S＆P原油反1,48,3,45,富邦-陽明,2023-07-28,9604
1609,大亞,69,27,42,富邦-陽明,2023-07-28,9604
1210,大成,50,8,42,富邦-陽明,2023-07-28,9604
2481,強茂,42,1,41,富邦-陽明,2023-07-28,9604
6535,順藥,45,4,41,富邦-陽明,2023-07-28,9604
1447,力鵬,40,0,40,富邦-陽明,2023-07-28,9604
3715,定穎投控,57,17,40,富邦-陽明,2023-07-28,9604
1907,永豐餘,88,49,39,富邦-陽明,2023-07-28,9604
2610,華航,207,170,37,富邦-陽明,2023-07-28,9604
3712,永崴投控,35,0,35,富邦-陽明,2023-07-28,9604
00902,中信電池及儲能,33,0,33,富邦-陽明,2023-07-28,9604
1904,正隆,47,15,32,富邦-陽明,2023-07-28,9604
1313,聯成,44,12,32,富邦-陽明,2023-07-28,9604
00878,國泰永續高股息,808,590,218,富邦-陽明,2023-07-31,9604
00639,富邦深100,180,0,180,富邦-陽明,2023-07-31,9604
3481,群創,264,128,136,富邦-陽明,2023-07-31,9604
3231,緯創,299,168,131,富邦-陽明,2023-07-31,9604
2329,華泰,354,249,105,富邦-陽明,2023-07-31,9604
2610,華航,136,34,102,富邦-陽明,2023-07-31,9604
00671R,富邦NASDAQ反1,100,0,100,富邦-陽明,2023-07-31,9604
2317,鴻海,111,11,100,富邦-陽明,2023-07-31,9604
2363,矽統,146,52,94,富邦-陽明,2023-07-31,9604
3558,神準,122,32,90,富邦-陽明,2023-07-31,9604
3049,精金,90,1,89,富邦-陽明,2023-07-31,9604
3324,雙鴻,150,61,89,富邦-陽明,2023-07-31,9604
6412,群電,88,1,87,富邦-陽明,2023-07-31,9604
5469,瀚宇博,90,9,81,富邦-陽明,2023-07-31,9604
00706L,期元大S＆P日圓正2,104,25,79,富邦-陽明,2023-07-31,9604
3056,富華新,107,31,76,富邦-陽明,2023-07-31,9604
00664R,國泰臺灣加權反1,82,9,73,富邦-陽明,2023-07-31,9604
2324,仁寶,142,69,73,富邦-陽明,2023-07-31,9604
6274,台燿,94,29,65,富邦-陽明,2023-07-31,9604
3025,星通,83,24,59,富邦-陽明,2023-07-31,9604
00713,元大台灣高息低波,78,19,59,富邦-陽明,2023-07-31,9604
9927,泰銘,63,7,56,富邦-陽明,2023-07-31,9604
2356,英業達,114,57,57,富邦-陽明,2023-07-31,9604
00673R,期元大S＆P原油反1,56,0,56,富邦-陽明,2023-07-31,9604
5880,合庫金,70,15,55,富邦-陽明,2023-07-31,9604
2609,陽明,160,108,52,富邦-陽明,2023-07-31,9604
2891,中信金,67,16,51,富邦-陽明,2023-07-31,9604
2409,友達,153,104,49,富邦-陽明,2023-07-31,9604
2353,宏��,63,15,48,富邦-陽明,2023-07-31,9604
00680L,元大美債20正2,58,10,48,富邦-陽明,2023-07-31,9604
2382,廣達,289,242,47,富邦-陽明,2023-07-31,9604
2542,興富發,46,1,45,富邦-陽明,2023-07-31,9604
00930,永豐ESG低碳高息,43,0,43,富邦-陽明,2023-07-31,9604
2371,大同,103,60,43,富邦-陽明,2023-07-31,9604
2330,台積電,49,8,41,富邦-陽明,2023-07-31,9604
2104,國際中橡,48,7,41,富邦-陽明,2023-07-31,9604
2357,華碩,93,52,41,富邦-陽明,2023-07-31,9604
1815,富喬,115,76,39,富邦-陽明,2023-07-31,9604
2002,中鋼,53,15,38,富邦-陽明,2023-07-31,9604
3013,晟銘電,51,13,38,富邦-陽明,2023-07-31,9604
6191,精成科,44,7,37,富邦-陽明,2023-07-31,9604
2530,華建,37,0,37,富邦-陽明,2023-07-31,9604
5258,虹堡,44,8,36,富邦-陽明,2023-07-31,9604
00923,群益台ESG低碳50,36,1,35,富邦-陽明,2023-07-31,9604
3290,東浦,35,0,35,富邦-陽明,2023-07-31,9604
00919,群益台灣精選高息,47,13,34,富邦-陽明,2023-07-31,9604
2883,凱基金,52,19,33,富邦-陽明,2023-07-31,9604
00882,中信中國高股息,113,81,32,富邦-陽明,2023-07-31,9604
4908,前鼎,36,4,32,富邦-陽明,2023-07-31,9604
1513,中興電,94,62,32,富邦-陽明,2023-07-31,9604
00632R,元大台灣50反1,609,267,342,富邦-陽明,2023-08-01,9604
2344,華邦電,409,99,310,富邦-陽明,2023-08-01,9604
00673R,期元大S＆P原油反1,252,54,198,富邦-陽明,2023-08-01,9604
00929,復華台灣科技優息,249,55,194,富邦-陽明,2023-08-01,9604
00882,中信中國高股息,244,70,174,富邦-陽明,2023-08-01,9604
00637L,元大滬深300正2,234,61,173,富邦-陽明,2023-08-01,9604
2891,中信金,155,38,117,富邦-陽明,2023-08-01,9604
6239,力成,95,3,92,富邦-陽明,2023-08-01,9604
00679B,元大美債20年,116,30,86,富邦-陽明,2023-08-01,9604
6770,力積電,82,5,77,富邦-陽明,2023-08-01,9604
00713,元大台灣高息低波,75,3,72,富邦-陽明,2023-08-01,9604
2369,菱生,66,0,66,富邦-陽明,2023-08-01,9604
2312,金寶,130,66,64,富邦-陽明,2023-08-01,9604
3005,神基,56,0,56,富邦-陽明,2023-08-01,9604
6223,旺矽,78,23,55,富邦-陽明,2023-08-01,9604
8087,麗升能源,55,0,55,富邦-陽明,2023-08-01,9604
6282,康舒,124,71,53,富邦-陽明,2023-08-01,9604
6116,彩晶,107,64,43,富邦-陽明,2023-08-01,9604
2363,矽統,214,172,42,富邦-陽明,2023-08-01,9604
1905,華紙,97,56,41,富邦-陽明,2023-08-01,9604
5425,台半,46,8,38,富邦-陽明,2023-08-01,9604
2206,三陽工業,41,5,36,富邦-陽明,2023-08-01,9604
3583,辛耘,77,41,36,富邦-陽明,2023-08-01,9604
1477,聚陽,40,4,36,富邦-陽明,2023-08-01,9604
3706,神達,79,44,35,富邦-陽明,2023-08-01,9604
4977,眾達-KY,48,14,34,富邦-陽明,2023-08-01,9604
5880,合庫金,36,2,34,富邦-陽明,2023-08-01,9604
00923,群益台ESG低碳50,34,0,34,富邦-陽明,2023-08-01,9604
006208,富邦台50,40,6,34,富邦-陽明,2023-08-01,9604
2405,輔信,42,9,33,富邦-陽明,2023-08-01,9604
3704,合勤控,56,23,33,富邦-陽明,2023-08-01,9604
6125,廣運,56,24,32,富邦-陽明,2023-08-01,9604
4906,正文,38,6,32,富邦-陽明,2023-08-01,9604
2340,台亞,83,51,32,富邦-陽明,2023-08-01,9604
2867,三商壽,30,0,30,富邦-陽明,2023-08-01,9604
3444,利機,30,0,30,富邦-陽明,2023-08-01,9604
911868,同方友友-DR,30,0,30,富邦-陽明,2023-08-01,9604
2313,華通,31,1,30,富邦-陽明,2023-08-01,9604
00720B,元大投資級公司債,32,3,29,富邦-陽明,2023-08-01,9604
00706L,期元大S＆P日圓正2,31,2,29,富邦-陽明,2023-08-01,9604
2449,京元電子,95,66,29,富邦-陽明,2023-08-01,9604
2353,宏��,44,16,28,富邦-陽明,2023-08-01,9604
3056,富華新,29,1,28,富邦-陽明,2023-08-01,9604
3033,威健,38,10,28,富邦-陽明,2023-08-01,9604
3257,虹冠電,31,4,27,富邦-陽明,2023-08-01,9604
2323,中環,31,4,27,富邦-陽明,2023-08-01,9604
2888,新光金,192,166,26,富邦-陽明,2023-08-01,9604
5388,中磊,35,9,26,富邦-陽明,2023-08-01,9604
2002,中鋼,32,6,26,富邦-陽明,2023-08-01,9604
1301,台塑,31,6,25,富邦-陽明,2023-08-01,9604
00665L,富邦�琤肭磪囓�2,1332,55,1277,富邦-陽明,2023-08-02,9604
00878,國泰永續高股息,1136,335,801,富邦-陽明,2023-08-02,9604
2409,友達,432,53,379,富邦-陽明,2023-08-02,9604
00680L,元大美債20正2,376,21,355,富邦-陽明,2023-08-02,9604
4157,太景*-KY,220,0,220,富邦-陽明,2023-08-02,9604
00900,富邦特選高股息30,306,101,205,富邦-陽明,2023-08-02,9604
6282,康舒,288,94,194,富邦-陽明,2023-08-02,9604
2618,長榮航,211,37,174,富邦-陽明,2023-08-02,9604
2883,凱基金,166,1,165,富邦-陽明,2023-08-02,9604
00923,群益台ESG低碳50,195,30,165,富邦-陽明,2023-08-02,9604
0056,元大高股息,297,134,163,富邦-陽明,2023-08-02,9604
00720B,元大投資級公司債,151,1,150,富邦-陽明,2023-08-02,9604
00679B,元大美債20年,173,24,149,富邦-陽明,2023-08-02,9604
3481,群創,200,69,131,富邦-陽明,2023-08-02,9604
2880,華南金,122,0,122,富邦-陽明,2023-08-02,9604
6770,力積電,136,19,117,富邦-陽明,2023-08-02,9604
6443,元晶,191,77,114,富邦-陽明,2023-08-02,9604
00637L,元大滬深300正2,141,33,108,富邦-陽明,2023-08-02,9604
00929,復華台灣科技優息,255,152,103,富邦-陽明,2023-08-02,9604
00671R,富邦NASDAQ反1,250,150,100,富邦-陽明,2023-08-02,9604
00687B,國泰20年美債,98,0,98,富邦-陽明,2023-08-02,9604
2382,廣達,351,255,96,富邦-陽明,2023-08-02,9604
00650L,復華香港正2,91,0,91,富邦-陽明,2023-08-02,9604
3056,富華新,99,9,90,富邦-陽明,2023-08-02,9604
2881,富邦金,104,16,88,富邦-陽明,2023-08-02,9604
2002,中鋼,86,2,84,富邦-陽明,2023-08-02,9604
00751B,元大AAA至A公司債,84,0,84,富邦-陽明,2023-08-02,9604
2609,陽明,125,46,79,富邦-陽明,2023-08-02,9604
00882,中信中國高股息,75,2,73,富邦-陽明,2023-08-02,9604
2610,華航,126,54,72,富邦-陽明,2023-08-02,9604
2886,兆豐金,109,38,71,富邦-陽明,2023-08-02,9604
2882,國泰金,104,34,70,富邦-陽明,2023-08-02,9604
2834,臺企銀,69,3,66,富邦-陽明,2023-08-02,9604
3231,緯創,248,182,66,富邦-陽明,2023-08-02,9604
00795B,中信美國公債20年,65,0,65,富邦-陽明,2023-08-02,9604
3576,聯合再生,77,14,63,富邦-陽明,2023-08-02,9604
2887,台新金,78,15,63,富邦-陽明,2023-08-02,9604
2303,聯電,130,68,62,富邦-陽明,2023-08-02,9604
2031,新光鋼,67,11,56,富邦-陽明,2023-08-02,9604
2324,仁寶,110,56,54,富邦-陽明,2023-08-02,9604
2449,京元電子,175,122,53,富邦-陽明,2023-08-02,9604
3711,日月光投控,56,3,53,富邦-陽明,2023-08-02,9604
1313,聯成,61,9,52,富邦-陽明,2023-08-02,9604
2884,玉山金,52,0,52,富邦-陽明,2023-08-02,9604
2498,宏達電,76,25,51,富邦-陽明,2023-08-02,9604
2313,華通,52,1,51,富邦-陽明,2023-08-02,9604
5880,合庫金,52,3,49,富邦-陽明,2023-08-02,9604
1718,中纖,50,1,49,富邦-陽明,2023-08-02,9604
3037,欣興,78,29,49,富邦-陽明,2023-08-02,9604
2885,元大金,51,4,47,富邦-陽明,2023-08-02,9604
00632R,元大台灣50反1,2597,1751,846,富邦-陽明,2023-08-04,9604
00673R,期元大S＆P原油反1,829,75,754,富邦-陽明,2023-08-04,9604
00679B,元大美債20年,393,3,390,富邦-陽明,2023-08-04,9604
2409,友達,406,41,365,富邦-陽明,2023-08-04,9604
8215,明基材,291,11,280,富邦-陽明,2023-08-04,9604
00929,復華台灣科技優息,257,1,256,富邦-陽明,2023-08-04,9604
00688L,國泰20年美債正2,257,40,217,富邦-陽明,2023-08-04,9604
2892,第一金,219,5,214,富邦-陽明,2023-08-04,9604
00900,富邦特選高股息30,230,20,210,富邦-陽明,2023-08-04,9604
00687B,國泰20年美債,205,0,205,富邦-陽明,2023-08-04,9604
00680L,元大美債20正2,493,291,202,富邦-陽明,2023-08-04,9604
2344,華邦電,245,44,201,富邦-陽明,2023-08-04,9604
1605,華新,227,45,182,富邦-陽明,2023-08-04,9604
2891,中信金,192,44,148,富邦-陽明,2023-08-04,9604
00772B,中信高評級公司債,164,22,142,富邦-陽明,2023-08-04,9604
00720B,元大投資級公司債,199,64,135,富邦-陽明,2023-08-04,9604
00862B,中信投資級公司債,131,0,131,富邦-陽明,2023-08-04,9604
00891,中信關鍵半導體,127,2,125,富邦-陽明,2023-08-04,9604
1609,大亞,157,32,125,富邦-陽明,2023-08-04,9604
1409,新纖,100,0,100,富邦-陽明,2023-08-04,9604
00681R,元大美債20反1,98,0,98,富邦-陽明,2023-08-04,9604
00795B,中信美國公債20年,93,0,93,富邦-陽明,2023-08-04,9604
00923,群益台ESG低碳50,82,0,82,富邦-陽明,2023-08-04,9604
00885,富邦越南,120,51,69,富邦-陽明,2023-08-04,9604
00696B,富邦美債20年,64,0,64,富邦-陽明,2023-08-04,9604
3444,利機,63,0,63,富邦-陽明,2023-08-04,9604
6156,松上,59,4,55,富邦-陽明,2023-08-04,9604
2014,中鴻,87,33,54,富邦-陽明,2023-08-04,9604
00712,復華富時不動產,60,12,48,富邦-陽明,2023-08-04,9604
00773B,中信優先金融債,47,2,45,富邦-陽明,2023-08-04,9604
1802,台玻,67,22,45,富邦-陽明,2023-08-04,9604
2618,長榮航,47,3,44,富邦-陽明,2023-08-04,9604
6190,萬泰科,48,4,44,富邦-陽明,2023-08-04,9604
2330,台積電,54,11,43,富邦-陽明,2023-08-04,9604
00857B,永豐20年美公債,40,0,40,富邦-陽明,2023-08-04,9604
2633,台灣高鐵,44,4,40,富邦-陽明,2023-08-04,9604
5880,合庫金,49,10,39,富邦-陽明,2023-08-04,9604
2206,三陽工業,55,18,37,富邦-陽明,2023-08-04,9604
2913,農林,230,196,34,富邦-陽明,2023-08-04,9604
2368,金像電,44,11,33,富邦-陽明,2023-08-04,9604
2328,廣宇,33,0,33,富邦-陽明,2023-08-04,9604
00740B,富邦全球投等債,32,0,32,富邦-陽明,2023-08-04,9604
2440,太空梭,51,21,30,富邦-陽明,2023-08-04,9604
2455,全新,48,18,30,富邦-陽明,2023-08-04,9604
4155,訊映,30,1,29,富邦-陽明,2023-08-04,9604
6239,力成,35,6,29,富邦-陽明,2023-08-04,9604
2915,潤泰全,29,0,29,富邦-陽明,2023-08-04,9604
2312,金寶,131,103,28,富邦-陽明,2023-08-04,9604
00902,中信電池及儲能,28,0,28,富邦-陽明,2023-08-04,9604
3037,欣興,35,7,28,富邦-陽明,2023-08-04,9604
00931B,統一美債20年,340,0,340,富邦-陽明,2023-08-07,9604
00632R,元大台灣50反1,717,390,327,富邦-陽明,2023-08-07,9604
2610,華航,259,40,219,富邦-陽明,2023-08-07,9604
00929,復華台灣科技優息,236,21,215,富邦-陽明,2023-08-07,9604
00919,群益台灣精選高息,234,20,214,富邦-陽明,2023-08-07,9604
2352,佳世達,234,41,193,富邦-陽明,2023-08-07,9604
2891,中信金,132,1,131,富邦-陽明,2023-08-07,9604
2630,亞航,152,22,130,富邦-陽明,2023-08-07,9604
00900,富邦特選高股息30,159,50,109,富邦-陽明,2023-08-07,9604
1402,遠東新,111,9,102,富邦-陽明,2023-08-07,9604
8096,擎亞,105,7,98,富邦-陽明,2023-08-07,9604
2618,長榮航,270,184,86,富邦-陽明,2023-08-07,9604
00795B,中信美國公債20年,76,0,76,富邦-陽明,2023-08-07,9604
2603,長榮,89,16,73,富邦-陽明,2023-08-07,9604
2913,農林,189,118,71,富邦-陽明,2023-08-07,9604
2609,陽明,138,72,66,富邦-陽明,2023-08-07,9604
5452,佶優,82,17,65,富邦-陽明,2023-08-07,9604
00720B,元大投資級公司債,64,2,62,富邦-陽明,2023-08-07,9604
6016,康和證,71,11,60,富邦-陽明,2023-08-07,9604
2890,永豐金,62,6,56,富邦-陽明,2023-08-07,9604
00923,群益台ESG低碳50,57,3,54,富邦-陽明,2023-08-07,9604
2317,鴻海,84,32,52,富邦-陽明,2023-08-07,9604
3052,夆典,57,8,49,富邦-陽明,2023-08-07,9604
1477,聚陽,51,6,45,富邦-陽明,2023-08-07,9604
2303,聯電,57,16,41,富邦-陽明,2023-08-07,9604
2892,第一金,65,25,40,富邦-陽明,2023-08-07,9604
6275,元山,56,16,40,富邦-陽明,2023-08-07,9604
6274,台燿,87,48,39,富邦-陽明,2023-08-07,9604
2340,台亞,42,5,37,富邦-陽明,2023-08-07,9604
4129,聯合,37,0,37,富邦-陽明,2023-08-07,9604
00655L,國泰中國A50正2,43,6,37,富邦-陽明,2023-08-07,9604
1904,正隆,43,7,36,富邦-陽明,2023-08-07,9604
2382,廣達,243,208,35,富邦-陽明,2023-08-07,9604
00637L,元大滬深300正2,47,12,35,富邦-陽明,2023-08-07,9604
4960,誠美材,38,3,35,富邦-陽明,2023-08-07,9604
5009,榮剛,72,39,33,富邦-陽明,2023-08-07,9604
3576,聯合再生,39,9,30,富邦-陽明,2023-08-07,9604
3033,威健,35,5,30,富邦-陽明,2023-08-07,9604
1591,駿吉-KY,30,0,30,富邦-陽明,2023-08-07,9604
2301,光寶科,165,135,30,富邦-陽明,2023-08-07,9604
1514,亞力,31,2,29,富邦-陽明,2023-08-07,9604
6125,廣運,101,73,28,富邦-陽明,2023-08-07,9604
6015,宏遠證,26,0,26,富邦-陽明,2023-08-07,9604
2462,良得電,29,3,26,富邦-陽明,2023-08-07,9604
1609,大亞,40,17,23,富邦-陽明,2023-08-07,9604
2425,承啟,47,24,23,富邦-陽明,2023-08-07,9604
9902,台火,22,0,22,富邦-陽明,2023-08-07,9604
8034,榮群,23,1,22,富邦-陽明,2023-08-07,9604
00751B,元大AAA至A公司債,31,10,21,富邦-陽明,2023-08-07,9604
2615,萬海,21,0,21,富邦-陽明,2023-08-07,9604
00665L,富邦�琤肭磪囓�2,2102,75,2027,富邦-陽明,2023-08-08,9604
2882,國泰金,748,27,721,富邦-陽明,2023-08-08,9604
2363,矽統,384,56,328,富邦-陽明,2023-08-08,9604
2812,台中銀,328,1,327,富邦-陽明,2023-08-08,9604
00929,復華台灣科技優息,300,3,297,富邦-陽明,2023-08-08,9604
00878,國泰永續高股息,349,112,237,富邦-陽明,2023-08-08,9604
2891,中信金,214,20,194,富邦-陽明,2023-08-08,9604
00900,富邦特選高股息30,225,42,183,富邦-陽明,2023-08-08,9604
8150,南茂,160,2,158,富邦-陽明,2023-08-08,9604
5880,合庫金,172,16,156,富邦-陽明,2023-08-08,9604
2834,臺企銀,148,2,146,富邦-陽明,2023-08-08,9604
2356,英業達,347,206,141,富邦-陽明,2023-08-08,9604
2352,佳世達,176,65,111,富邦-陽明,2023-08-08,9604
00931B,統一美債20年,117,9,108,富邦-陽明,2023-08-08,9604
00923,群益台ESG低碳50,108,2,106,富邦-陽明,2023-08-08,9604
00679B,元大美債20年,96,0,96,富邦-陽明,2023-08-08,9604
9942,茂順,80,2,78,富邦-陽明,2023-08-08,9604
3231,緯創,414,337,77,富邦-陽明,2023-08-08,9604
2303,聯電,87,20,67,富邦-陽明,2023-08-08,9604
2211,長榮鋼,67,11,56,富邦-陽明,2023-08-08,9604
3706,神達,124,70,54,富邦-陽明,2023-08-08,9604
6591,動力-KY,53,0,53,富邦-陽明,2023-08-08,9604
5309,系統電,53,0,53,富邦-陽明,2023-08-08,9604
2382,廣達,288,241,47,富邦-陽明,2023-08-08,9604
6190,萬泰科,45,0,45,富邦-陽明,2023-08-08,9604
1710,東聯,45,0,45,富邦-陽明,2023-08-08,9604
2890,永豐金,148,104,44,富邦-陽明,2023-08-08,9604
2301,光寶科,128,85,43,富邦-陽明,2023-08-08,9604
1795,美時,58,15,43,富邦-陽明,2023-08-08,9604
1513,中興電,55,14,41,富邦-陽明,2023-08-08,9604
0050,元大台灣50,42,2,40,富邦-陽明,2023-08-08,9604
2376,技嘉,150,111,39,富邦-陽明,2023-08-08,9604
00751B,元大AAA至A公司債,39,0,39,富邦-陽明,2023-08-08,9604
3576,聯合再生,38,0,38,富邦-陽明,2023-08-08,9604
6231,系微,59,21,38,富邦-陽明,2023-08-08,9604
1216,統一,35,0,35,富邦-陽明,2023-08-08,9604
4114,健喬,44,9,35,富邦-陽明,2023-08-08,9604
8046,南電,45,11,34,富邦-陽明,2023-08-08,9604
00885,富邦越南,52,20,32,富邦-陽明,2023-08-08,9604
5864,致和證,35,3,32,富邦-陽明,2023-08-08,9604
00650L,復華香港正2,86,55,31,富邦-陽明,2023-08-08,9604
5469,瀚宇博,40,9,31,富邦-陽明,2023-08-08,9604
2330,台積電,33,3,30,富邦-陽明,2023-08-08,9604
1229,聯華,31,1,30,富邦-陽明,2023-08-08,9604
4121,優盛,30,0,30,富邦-陽明,2023-08-08,9604
3363,上詮,47,17,30,富邦-陽明,2023-08-08,9604
8215,明基材,35,5,30,富邦-陽明,2023-08-08,9604
00891,中信關鍵半導體,34,5,29,富邦-陽明,2023-08-08,9604
2337,旺宏,28,1,27,富邦-陽明,2023-08-08,9604
5483,中美晶,29,5,24,富邦-陽明,2023-08-08,9604
00929,復華台灣科技優息,271,1,270,富邦-陽明,2023-08-09,9604
00632R,元大台灣50反1,1231,1028,203,富邦-陽明,2023-08-09,9604
00900,富邦特選高股息30,221,65,156,富邦-陽明,2023-08-09,9604
2363,矽統,233,78,155,富邦-陽明,2023-08-09,9604
2027,大成鋼,118,4,114,富邦-陽明,2023-08-09,9604
3092,鴻碩,106,0,106,富邦-陽明,2023-08-09,9604
00706L,期元大S＆P日圓正2,102,0,102,富邦-陽明,2023-08-09,9604
2371,大同,154,58,96,富邦-陽明,2023-08-09,9604
6016,康和證,78,0,78,富邦-陽明,2023-08-09,9604
00673R,期元大S＆P原油反1,75,0,75,富邦-陽明,2023-08-09,9604
3231,緯創,330,258,72,富邦-陽明,2023-08-09,9604
2618,長榮航,163,92,71,富邦-陽明,2023-08-09,9604
2891,中信金,73,4,69,富邦-陽明,2023-08-09,9604
2449,京元電子,66,3,63,富邦-陽明,2023-08-09,9604
6116,彩晶,64,1,63,富邦-陽明,2023-08-09,9604
00923,群益台ESG低碳50,94,33,61,富邦-陽明,2023-08-09,9604
2609,陽明,84,28,56,富邦-陽明,2023-08-09,9604
6282,康舒,116,63,53,富邦-陽明,2023-08-09,9604
1217,愛之味,56,5,51,富邦-陽明,2023-08-09,9604
00679B,元大美債20年,72,22,50,富邦-陽明,2023-08-09,9604
2323,中環,54,6,48,富邦-陽明,2023-08-09,9604
6191,精成科,55,7,48,富邦-陽明,2023-08-09,9604
2303,聯電,57,10,47,富邦-陽明,2023-08-09,9604
2382,廣達,212,167,45,富邦-陽明,2023-08-09,9604
6120,達運,41,0,41,富邦-陽明,2023-08-09,9604
1802,台玻,90,51,39,富邦-陽明,2023-08-09,9604
6182,合晶,41,6,35,富邦-陽明,2023-08-09,9604
00725B,國泰投資級公司債,33,0,33,富邦-陽明,2023-08-09,9604
9902,台火,31,0,31,富邦-陽明,2023-08-09,9604
2436,偉詮電,40,9,31,富邦-陽明,2023-08-09,9604
1605,華新,35,5,30,富邦-陽明,2023-08-09,9604
4121,優盛,30,0,30,富邦-陽明,2023-08-09,9604
6859,伯特光,30,0,30,富邦-陽明,2023-08-09,9604
911868,同方友友-DR,30,0,30,富邦-陽明,2023-08-09,9604
00720B,元大投資級公司債,32,3,29,富邦-陽明,2023-08-09,9604
00919,群益台灣精選高息,29,1,28,富邦-陽明,2023-08-09,9604
00751B,元大AAA至A公司債,27,0,27,富邦-陽明,2023-08-09,9604
2314,台揚,30,4,26,富邦-陽明,2023-08-09,9604
00773B,中信優先金融債,28,2,26,富邦-陽明,2023-08-09,9604
1591,駿吉-KY,25,0,25,富邦-陽明,2023-08-09,9604
6274,台燿,39,16,23,富邦-陽明,2023-08-09,9604
00687B,國泰20年美債,24,0,24,富邦-陽明,2023-08-09,9604
2344,華邦電,145,122,23,富邦-陽明,2023-08-09,9604
00907,永豐優息存股,23,0,23,富邦-陽明,2023-08-09,9604
2520,冠德,23,0,23,富邦-陽明,2023-08-09,9604
2002,中鋼,26,4,22,富邦-陽明,2023-08-09,9604
1712,興農,22,0,22,富邦-陽明,2023-08-09,9604
2913,農林,59,37,22,富邦-陽明,2023-08-09,9604
2460,建通,22,0,22,富邦-陽明,2023-08-09,9604
2492,華新科,24,2,22,富邦-陽明,2023-08-09,9604
00878,國泰永續高股息,817,245,572,富邦-陽明,2023-08-10,9604
3481,群創,514,87,427,富邦-陽明,2023-08-10,9604
00929,復華台灣科技優息,385,36,349,富邦-陽明,2023-08-10,9604
00715L,期街口布蘭特正2,390,43,347,富邦-陽明,2023-08-10,9604
00900,富邦特選高股息30,261,9,252,富邦-陽明,2023-08-10,9604
2610,華航,283,78,205,富邦-陽明,2023-08-10,9604
00665L,富邦�琤肭磪囓�2,228,61,167,富邦-陽明,2023-08-10,9604
0056,元大高股息,256,120,136,富邦-陽明,2023-08-10,9604
4906,正文,140,17,123,富邦-陽明,2023-08-10,9604
3231,緯創,349,231,118,富邦-陽明,2023-08-10,9604
2382,廣達,255,139,116,富邦-陽明,2023-08-10,9604
00923,群益台ESG低碳50,190,81,109,富邦-陽明,2023-08-10,9604
00753L,中信中國50正2,117,13,104,富邦-陽明,2023-08-10,9604
3092,鴻碩,127,28,99,富邦-陽明,2023-08-10,9604
2883,凱基金,116,21,95,富邦-陽明,2023-08-10,9604
6282,康舒,167,77,90,富邦-陽明,2023-08-10,9604
2324,仁寶,123,36,87,富邦-陽明,2023-08-10,9604
2887,台新金,81,1,80,富邦-陽明,2023-08-10,9604
2892,第一金,166,90,76,富邦-陽明,2023-08-10,9604
2344,華邦電,319,259,60,富邦-陽明,2023-08-10,9604
5309,系統電,59,0,59,富邦-陽明,2023-08-10,9604
1503,士電,63,6,57,富邦-陽明,2023-08-10,9604
2888,新光金,226,169,57,富邦-陽明,2023-08-10,9604
00637L,元大滬深300正2,141,86,55,富邦-陽明,2023-08-10,9604
2002,中鋼,67,15,52,富邦-陽明,2023-08-10,9604
2609,陽明,117,65,52,富邦-陽明,2023-08-10,9604
2340,台亞,62,11,51,富邦-陽明,2023-08-10,9604
00931B,統一美債20年,48,1,47,富邦-陽明,2023-08-10,9604
2633,台灣高鐵,46,1,45,富邦-陽明,2023-08-10,9604
2886,兆豐金,98,53,45,富邦-陽明,2023-08-10,9604
0050,元大台灣50,48,4,44,富邦-陽明,2023-08-10,9604
2376,技嘉,74,33,41,富邦-陽明,2023-08-10,9604
3455,由田,41,0,41,富邦-陽明,2023-08-10,9604
00772B,中信高評級公司債,52,15,37,富邦-陽明,2023-08-10,9604
2105,正新,37,0,37,富邦-陽明,2023-08-10,9604
1513,中興電,64,28,36,富邦-陽明,2023-08-10,9604
3260,威剛,40,6,34,富邦-陽明,2023-08-10,9604
1605,華新,46,13,33,富邦-陽明,2023-08-10,9604
2201,裕隆,36,3,33,富邦-陽明,2023-08-10,9604
2891,中信金,40,7,33,富邦-陽明,2023-08-10,9604
8358,金居,51,19,32,富邦-陽明,2023-08-10,9604
3032,偉訓,52,20,32,富邦-陽明,2023-08-10,9604
3576,聯合再生,34,2,32,富邦-陽明,2023-08-10,9604
00930,永豐ESG低碳高息,32,0,32,富邦-陽明,2023-08-10,9604
1477,聚陽,38,6,32,富邦-陽明,2023-08-10,9604
3078,僑威,54,24,30,富邦-陽明,2023-08-10,9604
1310,台苯,30,0,30,富邦-陽明,2023-08-10,9604
2408,南亞科,36,6,30,富邦-陽明,2023-08-10,9604
911868,同方友友-DR,30,0,30,富邦-陽明,2023-08-10,9604
2314,台揚,31,1,30,富邦-陽明,2023-08-10,9604
00637L,元大滬深300正2,410,205,205,富邦-陽明,2023-08-11,9604
00929,復華台灣科技優息,210,6,204,富邦-陽明,2023-08-11,9604
2892,第一金,158,10,148,富邦-陽明,2023-08-11,9604
00679B,元大美債20年,148,1,147,富邦-陽明,2023-08-11,9604
3682,亞太電,135,1,134,富邦-陽明,2023-08-11,9604
3481,群創,189,58,131,富邦-陽明,2023-08-11,9604
00931B,統一美債20年,125,0,125,富邦-陽明,2023-08-11,9604
00772B,中信高評級公司債,121,0,121,富邦-陽明,2023-08-11,9604
2888,新光金,169,54,115,富邦-陽明,2023-08-11,9604
00706L,期元大S＆P日圓正2,114,0,114,富邦-陽明,2023-08-11,9604
00680L,元大美債20正2,117,5,112,富邦-陽明,2023-08-11,9604
2890,永豐金,106,7,99,富邦-陽明,2023-08-11,9604
2618,長榮航,768,675,93,富邦-陽明,2023-08-11,9604
00687B,國泰20年美債,91,0,91,富邦-陽明,2023-08-11,9604
00632R,元大台灣50反1,330,243,87,富邦-陽明,2023-08-11,9604
3052,夆典,90,6,84,富邦-陽明,2023-08-11,9604
2883,凱基金,84,1,83,富邦-陽明,2023-08-11,9604
3702,大聯大,78,0,78,富邦-陽明,2023-08-11,9604
2801,彰銀,76,0,76,富邦-陽明,2023-08-11,9604
6016,康和證,75,0,75,富邦-陽明,2023-08-11,9604
00878,國泰永續高股息,231,159,72,富邦-陽明,2023-08-11,9604
00720B,元大投資級公司債,70,0,70,富邦-陽明,2023-08-11,9604
00900,富邦特選高股息30,82,14,68,富邦-陽明,2023-08-11,9604
2002,中鋼,83,19,64,富邦-陽明,2023-08-11,9604
2356,英業達,176,115,61,富邦-陽明,2023-08-11,9604
1504,東元,67,7,60,富邦-陽明,2023-08-11,9604
3032,偉訓,82,26,56,富邦-陽明,2023-08-11,9604
2388,威盛,87,32,55,富邦-陽明,2023-08-11,9604
00773B,中信優先金融債,54,0,54,富邦-陽明,2023-08-11,9604
1503,士電,59,7,52,富邦-陽明,2023-08-11,9604
3363,上詮,81,30,51,富邦-陽明,2023-08-11,9604
00891,中信關鍵半導體,63,14,49,富邦-陽明,2023-08-11,9604
3312,弘憶股,50,3,47,富邦-陽明,2023-08-11,9604
2330,台積電,51,5,46,富邦-陽明,2023-08-11,9604
1314,中石化,51,7,44,富邦-陽明,2023-08-11,9604
1802,台玻,61,18,43,富邦-陽明,2023-08-11,9604
1712,興農,42,0,42,富邦-陽明,2023-08-11,9604
2486,一詮,45,4,41,富邦-陽明,2023-08-11,9604
1524,耿鼎,41,1,40,富邦-陽明,2023-08-11,9604
2352,佳世達,42,4,38,富邦-陽明,2023-08-11,9604
6120,達運,41,3,38,富邦-陽明,2023-08-11,9604
2886,兆豐金,47,9,38,富邦-陽明,2023-08-11,9604
00751B,元大AAA至A公司債,86,50,36,富邦-陽明,2023-08-11,9604
1326,台化,36,0,36,富邦-陽明,2023-08-11,9604
2449,京元電子,37,1,36,富邦-陽明,2023-08-11,9604
00655L,國泰中國A50正2,42,10,32,富邦-陽明,2023-08-11,9604
2027,大成鋼,47,17,30,富邦-陽明,2023-08-11,9604
911868,同方友友-DR,30,0,30,富邦-陽明,2023-08-11,9604
00885,富邦越南,67,38,29,富邦-陽明,2023-08-11,9604
6190,萬泰科,31,2,29,富邦-陽明,2023-08-11,9604
2883,凱基金,2071,88,1983,富邦-陽明,2023-08-14,9604
2323,中環,1331,84,1247,富邦-陽明,2023-08-14,9604
00929,復華台灣科技優息,775,5,770,富邦-陽明,2023-08-14,9604
00878,國泰永續高股息,744,107,637,富邦-陽明,2023-08-14,9604
2618,長榮航,717,204,513,富邦-陽明,2023-08-14,9604
00900,富邦特選高股息30,524,46,478,富邦-陽明,2023-08-14,9604
00923,群益台ESG低碳50,169,3,166,富邦-陽明,2023-08-14,9604
2610,華航,191,39,152,富邦-陽明,2023-08-14,9604
2891,中信金,174,41,133,富邦-陽明,2023-08-14,9604
00772B,中信高評級公司債,352,239,113,富邦-陽明,2023-08-14,9604
3092,鴻碩,114,5,109,富邦-陽明,2023-08-14,9604
2609,陽明,173,72,101,富邦-陽明,2023-08-14,9604
00650L,復華香港正2,113,17,96,富邦-陽明,2023-08-14,9604
00665L,富邦�琤肭磪囓�2,128,36,92,富邦-陽明,2023-08-14,9604
3231,緯創,268,177,91,富邦-陽明,2023-08-14,9604
2317,鴻海,157,67,90,富邦-陽明,2023-08-14,9604
6190,萬泰科,91,2,89,富邦-陽明,2023-08-14,9604
00882,中信中國高股息,102,23,79,富邦-陽明,2023-08-14,9604
2834,臺企銀,95,20,75,富邦-陽明,2023-08-14,9604
2002,中鋼,83,11,72,富邦-陽明,2023-08-14,9604
2882,國泰金,121,51,70,富邦-陽明,2023-08-14,9604
1616,億泰,70,0,70,富邦-陽明,2023-08-14,9604
2314,台揚,61,1,60,富邦-陽明,2023-08-14,9604
006208,富邦台50,75,16,59,富邦-陽明,2023-08-14,9604
0056,元大高股息,208,150,58,富邦-陽明,2023-08-14,9604
00751B,元大AAA至A公司債,120,64,56,富邦-陽明,2023-08-14,9604
8107,大億金茂,54,0,54,富邦-陽明,2023-08-14,9604
6114,久威,54,0,54,富邦-陽明,2023-08-14,9604
00701,國泰股利精選30,51,0,51,富邦-陽明,2023-08-14,9604
00655L,國泰中國A50正2,70,20,50,富邦-陽明,2023-08-14,9604
3312,弘憶股,52,3,49,富邦-陽明,2023-08-14,9604
2881,富邦金,66,18,48,富邦-陽明,2023-08-14,9604
00753L,中信中國50正2,53,5,48,富邦-陽明,2023-08-14,9604
00931B,統一美債20年,52,6,46,富邦-陽明,2023-08-14,9604
2462,良得電,46,0,46,富邦-陽明,2023-08-14,9604
3481,群創,95,52,43,富邦-陽明,2023-08-14,9604
2634,漢翔,72,31,41,富邦-陽明,2023-08-14,9604
5471,松翰,41,0,41,富邦-陽明,2023-08-14,9604
2516,新建,40,0,40,富邦-陽明,2023-08-14,9604
3056,富華新,49,10,39,富邦-陽明,2023-08-14,9604
0050,元大台灣50,99,60,39,富邦-陽明,2023-08-14,9604
6285,啟��,58,20,38,富邦-陽明,2023-08-14,9604
2330,台積電,68,31,37,富邦-陽明,2023-08-14,9604
1785,光洋科,38,1,37,富邦-陽明,2023-08-14,9604
1609,大亞,66,31,35,富邦-陽明,2023-08-14,9604
3260,威剛,38,3,35,富邦-陽明,2023-08-14,9604
8085,福華,35,0,35,富邦-陽明,2023-08-14,9604
3037,欣興,51,18,33,富邦-陽明,2023-08-14,9604
2633,台灣高鐵,35,3,32,富邦-陽明,2023-08-14,9604
1326,台化,37,5,32,富邦-陽明,2023-08-14,9604
00900,富邦特選高股息30,1020,62,958,富邦-陽明,2023-08-15,9604
2323,中環,648,81,567,富邦-陽明,2023-08-15,9604
00929,復華台灣科技優息,483,3,480,富邦-陽明,2023-08-15,9604
00719B,元大美債1-3,350,0,350,富邦-陽明,2023-08-15,9604
00923,群益台ESG低碳50,336,2,334,富邦-陽明,2023-08-15,9604
1467,南緯,260,3,257,富邦-陽明,2023-08-15,9604
00772B,中信高評級公司債,191,1,190,富邦-陽明,2023-08-15,9604
2317,鴻海,267,102,165,富邦-陽明,2023-08-15,9604
00632R,元大台灣50反1,182,40,142,富邦-陽明,2023-08-15,9604
00878,國泰永續高股息,325,188,137,富邦-陽明,2023-08-15,9604
1477,聚陽,137,4,133,富邦-陽明,2023-08-15,9604
6117,迎廣,105,4,101,富邦-陽明,2023-08-15,9604
00687B,國泰20年美債,92,8,84,富邦-陽明,2023-08-15,9604
3481,群創,119,39,80,富邦-陽明,2023-08-15,9604
2002,中鋼,80,9,71,富邦-陽明,2023-08-15,9604
00773B,中信優先金融債,60,0,60,富邦-陽明,2023-08-15,9604
1102,亞泥,52,1,51,富邦-陽明,2023-08-15,9604
1802,台玻,100,50,50,富邦-陽明,2023-08-15,9604
00907,永豐優息存股,45,0,45,富邦-陽明,2023-08-15,9604
00882,中信中國高股息,47,5,42,富邦-陽明,2023-08-15,9604
2881,富邦金,55,15,40,富邦-陽明,2023-08-15,9604
00671R,富邦NASDAQ反1,40,0,40,富邦-陽明,2023-08-15,9604
00712,復華富時不動產,77,38,39,富邦-陽明,2023-08-15,9604
1326,台化,39,0,39,富邦-陽明,2023-08-15,9604
00751B,元大AAA至A公司債,57,20,37,富邦-陽明,2023-08-15,9604
6190,萬泰科,36,0,36,富邦-陽明,2023-08-15,9604
1309,台達化,40,5,35,富邦-陽明,2023-08-15,9604
2027,大成鋼,44,9,35,富邦-陽明,2023-08-15,9604
1504,東元,60,26,34,富邦-陽明,2023-08-15,9604
9934,成霖,47,14,33,富邦-陽明,2023-08-15,9604
00720B,元大投資級公司債,38,5,33,富邦-陽明,2023-08-15,9604
1101,台泥,36,4,32,富邦-陽明,2023-08-15,9604
00931B,統一美債20年,33,1,32,富邦-陽明,2023-08-15,9604
3021,鴻名,34,2,32,富邦-陽明,2023-08-15,9604
2884,玉山金,64,33,31,富邦-陽明,2023-08-15,9604
00664R,國泰臺灣加權反1,30,0,30,富邦-陽明,2023-08-15,9604
0050,元大台灣50,33,4,29,富邦-陽明,2023-08-15,9604
00637L,元大滬深300正2,175,147,28,富邦-陽明,2023-08-15,9604
00680L,元大美債20正2,88,61,27,富邦-陽明,2023-08-15,9604
1402,遠東新,28,1,27,富邦-陽明,2023-08-15,9604
2897,王道銀行,27,0,27,富邦-陽明,2023-08-15,9604
2834,臺企銀,42,15,27,富邦-陽明,2023-08-15,9604
3213,茂訊,26,0,26,富邦-陽明,2023-08-15,9604
8933,愛地雅,26,1,25,富邦-陽明,2023-08-15,9604
2890,永豐金,40,16,24,富邦-陽明,2023-08-15,9604
3035,智原,59,37,22,富邦-陽明,2023-08-15,9604
00764B,群益25年美債,22,0,22,富邦-陽明,2023-08-15,9604
5871,中租-KY,30,8,22,富邦-陽明,2023-08-15,9604
6245,立端,22,1,21,富邦-陽明,2023-08-15,9604
1409,新纖,21,0,21,富邦-陽明,2023-08-15,9604
2883,凱基金,591,72,519,富邦-陽明,2023-08-16,9604
00929,復華台灣科技優息,472,1,471,富邦-陽明,2023-08-16,9604
2323,中環,375,6,369,富邦-陽明,2023-08-16,9604
2303,聯電,280,61,219,富邦-陽明,2023-08-16,9604
00772B,中信高評級公司債,146,0,146,富邦-陽明,2023-08-16,9604
3481,群創,158,14,144,富邦-陽明,2023-08-16,9604
4414,如興,139,0,139,富邦-陽明,2023-08-16,9604
00679B,元大美債20年,134,7,127,富邦-陽明,2023-08-16,9604
1101,台泥,113,2,111,富邦-陽明,2023-08-16,9604
00923,群益台ESG低碳50,114,10,104,富邦-陽明,2023-08-16,9604
00795B,中信美國公債20年,101,0,101,富邦-陽明,2023-08-16,9604
00680L,元大美債20正2,97,0,97,富邦-陽明,2023-08-16,9604
2324,仁寶,246,150,96,富邦-陽明,2023-08-16,9604
2891,中信金,138,42,96,富邦-陽明,2023-08-16,9604
2881,富邦金,109,15,94,富邦-陽明,2023-08-16,9604
2363,矽統,236,151,85,富邦-陽明,2023-08-16,9604
2603,長榮,91,10,81,富邦-陽明,2023-08-16,9604
2618,長榮航,240,169,71,富邦-陽明,2023-08-16,9604
2002,中鋼,68,1,67,富邦-陽明,2023-08-16,9604
9934,成霖,68,3,65,富邦-陽明,2023-08-16,9604
2609,陽明,129,64,65,富邦-陽明,2023-08-16,9604
2317,鴻海,75,10,65,富邦-陽明,2023-08-16,9604
2204,中華,64,0,64,富邦-陽明,2023-08-16,9604
2884,玉山金,80,28,52,富邦-陽明,2023-08-16,9604
6117,迎廣,107,58,49,富邦-陽明,2023-08-16,9604
0050,元大台灣50,59,12,47,富邦-陽明,2023-08-16,9604
006208,富邦台50,49,5,44,富邦-陽明,2023-08-16,9604
00650L,復華香港正2,95,51,44,富邦-陽明,2023-08-16,9604
1301,台塑,46,2,44,富邦-陽明,2023-08-16,9604
2845,遠東銀,43,0,43,富邦-陽明,2023-08-16,9604
2211,長榮鋼,47,7,40,富邦-陽明,2023-08-16,9604
00751B,元大AAA至A公司債,45,7,38,富邦-陽明,2023-08-16,9604
00665L,富邦�琤肭磪囓�2,55,17,38,富邦-陽明,2023-08-16,9604
00931B,統一美債20年,37,0,37,富邦-陽明,2023-08-16,9604
00882,中信中國高股息,78,41,37,富邦-陽明,2023-08-16,9604
2027,大成鋼,37,1,36,富邦-陽明,2023-08-16,9604
6116,彩晶,48,13,35,富邦-陽明,2023-08-16,9604
2880,華南金,44,14,30,富邦-陽明,2023-08-16,9604
00924,復華S＆P500成長,30,0,30,富邦-陽明,2023-08-16,9604
3290,東浦,30,0,30,富邦-陽明,2023-08-16,9604
1326,台化,37,7,30,富邦-陽明,2023-08-16,9604
5388,中磊,33,4,29,富邦-陽明,2023-08-16,9604
2461,光群雷,30,2,28,富邦-陽明,2023-08-16,9604
5381,合正,28,0,28,富邦-陽明,2023-08-16,9604
2610,華航,83,56,27,富邦-陽明,2023-08-16,9604
00862B,中信投資級公司債,27,0,27,富邦-陽明,2023-08-16,9604
2330,台積電,39,13,26,富邦-陽明,2023-08-16,9604
00687B,國泰20年美債,47,20,27,富邦-陽明,2023-08-16,9604
3035,智原,76,50,26,富邦-陽明,2023-08-16,9604
5871,中租-KY,54,28,26,富邦-陽明,2023-08-16,9604
00929,復華台灣科技優息,914,46,868,富邦-陽明,2023-08-17,9604
2883,凱基金,659,20,639,富邦-陽明,2023-08-17,9604
00719B,元大美債1-3,300,0,300,富邦-陽明,2023-08-17,9604
3231,緯創,480,298,182,富邦-陽明,2023-08-17,9604
00650L,復華香港正2,290,138,152,富邦-陽明,2023-08-17,9604
2324,仁寶,329,188,141,富邦-陽明,2023-08-17,9604
2002,中鋼,119,18,101,富邦-陽明,2023-08-17,9604
00751B,元大AAA至A公司債,196,100,96,富邦-陽明,2023-08-17,9604
2363,矽統,160,65,95,富邦-陽明,2023-08-17,9604
00687B,國泰20年美債,87,1,86,富邦-陽明,2023-08-17,9604
00679B,元大美債20年,89,4,85,富邦-陽明,2023-08-17,9604
00720B,元大投資級公司債,87,2,85,富邦-陽明,2023-08-17,9604
2303,聯電,119,37,82,富邦-陽明,2023-08-17,9604
1326,台化,80,3,77,富邦-陽明,2023-08-17,9604
00931B,統一美債20年,77,1,76,富邦-陽明,2023-08-17,9604
1471,首利,90,20,70,富邦-陽明,2023-08-17,9604
00712,復華富時不動產,64,2,62,富邦-陽明,2023-08-17,9604
00637L,元大滬深300正2,88,32,56,富邦-陽明,2023-08-17,9604
2886,兆豐金,125,74,51,富邦-陽明,2023-08-17,9604
2031,新光鋼,49,0,49,富邦-陽明,2023-08-17,9604
00795B,中信美國公債20年,47,1,46,富邦-陽明,2023-08-17,9604
00680L,元大美債20正2,71,28,43,富邦-陽明,2023-08-17,9604
00891,中信關鍵半導體,42,0,42,富邦-陽明,2023-08-17,9604
2884,玉山金,45,3,42,富邦-陽明,2023-08-17,9604
2329,華泰,105,65,40,富邦-陽明,2023-08-17,9604
1467,南緯,50,10,40,富邦-陽明,2023-08-17,9604
2891,中信金,136,97,39,富邦-陽明,2023-08-17,9604
00882,中信中國高股息,59,20,39,富邦-陽明,2023-08-17,9604
2301,光寶科,112,78,34,富邦-陽明,2023-08-17,9604
1101,台泥,52,18,34,富邦-陽明,2023-08-17,9604
3056,富華新,50,17,33,富邦-陽明,2023-08-17,9604
3035,智原,96,64,32,富邦-陽明,2023-08-17,9604
1301,台塑,45,13,32,富邦-陽明,2023-08-17,9604
8050,廣積,52,22,30,富邦-陽明,2023-08-17,9604
2241,艾姆勒,30,0,30,富邦-陽明,2023-08-17,9604
8087,麗升能源,30,0,30,富邦-陽明,2023-08-17,9604
3021,鴻名,54,25,29,富邦-陽明,2023-08-17,9604
2705,六福,30,1,29,富邦-陽明,2023-08-17,9604
00772B,中信高評級公司債,218,190,28,富邦-陽明,2023-08-17,9604
1216,統一,31,5,26,富邦-陽明,2023-08-17,9604
2606,裕民,33,8,25,富邦-陽明,2023-08-17,9604
1402,遠東新,29,5,24,富邦-陽明,2023-08-17,9604
006208,富邦台50,34,11,23,富邦-陽明,2023-08-17,9604
1303,南亞,27,5,22,富邦-陽明,2023-08-17,9604
5009,榮剛,23,1,22,富邦-陽明,2023-08-17,9604
00633L,富邦上証正2,27,5,22,富邦-陽明,2023-08-17,9604
1417,嘉裕,22,0,22,富邦-陽明,2023-08-17,9604
00878,國泰永續高股息,108,86,22,富邦-陽明,2023-08-17,9604
6125,廣運,73,52,21,富邦-陽明,2023-08-17,9604
2634,漢翔,37,16,21,富邦-陽明,2023-08-17,9604
00929,復華台灣科技優息,476,54,422,富邦-陽明,2023-08-18,9604
00878,國泰永續高股息,379,83,296,富邦-陽明,2023-08-18,9604
00673R,期元大S＆P原油反1,213,0,213,富邦-陽明,2023-08-18,9604
3231,緯創,502,339,163,富邦-陽明,2023-08-18,9604
2834,臺企銀,153,17,136,富邦-陽明,2023-08-18,9604
1504,東元,184,51,133,富邦-陽明,2023-08-18,9604
00772B,中信高評級公司債,133,5,128,富邦-陽明,2023-08-18,9604
2323,中環,304,183,121,富邦-陽明,2023-08-18,9604
1513,中興電,242,128,114,富邦-陽明,2023-08-18,9604
2382,廣達,322,215,107,富邦-陽明,2023-08-18,9604
3036A,文曄甲特,100,0,100,富邦-陽明,2023-08-18,9604
6125,廣運,148,51,97,富邦-陽明,2023-08-18,9604
2601,益航,139,61,78,富邦-陽明,2023-08-18,9604
00650L,復華香港正2,259,185,74,富邦-陽明,2023-08-18,9604
2402,毅嘉,99,27,72,富邦-陽明,2023-08-18,9604
00885,富邦越南,142,73,69,富邦-陽明,2023-08-18,9604
0056,元大高股息,111,45,66,富邦-陽明,2023-08-18,9604
00720B,元大投資級公司債,66,7,59,富邦-陽明,2023-08-18,9604
2610,華航,91,33,58,富邦-陽明,2023-08-18,9604
1101,台泥,70,13,57,富邦-陽明,2023-08-18,9604
2449,京元電子,91,37,54,富邦-陽明,2023-08-18,9604
6282,康舒,72,19,53,富邦-陽明,2023-08-18,9604
2618,長榮航,317,266,51,富邦-陽明,2023-08-18,9604
2867,三商壽,50,0,50,富邦-陽明,2023-08-18,9604
0050,元大台灣50,76,25,51,富邦-陽明,2023-08-18,9604
00679B,元大美債20年,57,8,49,富邦-陽明,2023-08-18,9604
2324,仁寶,218,171,47,富邦-陽明,2023-08-18,9604
4164,承業醫,45,0,45,富邦-陽明,2023-08-18,9604
00753L,中信中國50正2,46,1,45,富邦-陽明,2023-08-18,9604
2303,聯電,116,72,44,富邦-陽明,2023-08-18,9604
3706,神達,140,96,44,富邦-陽明,2023-08-18,9604
3257,虹冠電,52,10,42,富邦-陽明,2023-08-18,9604
2352,佳世達,48,10,38,富邦-陽明,2023-08-18,9604
1477,聚陽,46,8,38,富邦-陽明,2023-08-18,9604
2308,台達電,41,3,38,富邦-陽明,2023-08-18,9604
1304,台聚,38,2,36,富邦-陽明,2023-08-18,9604
2353,宏��,107,72,35,富邦-陽明,2023-08-18,9604
00882,中信中國高股息,45,10,35,富邦-陽明,2023-08-18,9604
00706L,期元大S＆P日圓正2,35,0,35,富邦-陽明,2023-08-18,9604
00725B,國泰投資級公司債,35,1,34,富邦-陽明,2023-08-18,9604
00898,國泰基因免疫革命,34,0,34,富邦-陽明,2023-08-18,9604
1609,大亞,61,28,33,富邦-陽明,2023-08-18,9604
3325,旭品,37,5,32,富邦-陽明,2023-08-18,9604
2634,漢翔,46,15,31,富邦-陽明,2023-08-18,9604
3037,欣興,47,17,30,富邦-陽明,2023-08-18,9604
00751B,元大AAA至A公司債,31,1,30,富邦-陽明,2023-08-18,9604
9934,成霖,30,0,30,富邦-陽明,2023-08-18,9604
911868,同方友友-DR,30,0,30,富邦-陽明,2023-08-18,9604
3078,僑威,50,22,28,富邦-陽明,2023-08-18,9604
2886,兆豐金,41,13,28,富邦-陽明,2023-08-18,9604
00673R,期元大S＆P原油反1,320,0,320,富邦-陽明,2023-08-21,9604
00772B,中信高評級公司債,266,2,264,富邦-陽明,2023-08-21,9604
00665L,富邦�琤肭磪囓�2,251,50,201,富邦-陽明,2023-08-21,9604
00751B,元大AAA至A公司債,215,100,115,富邦-陽明,2023-08-21,9604
2883,凱基金,113,17,96,富邦-陽明,2023-08-21,9604
4167,松瑞藥,87,5,82,富邦-陽明,2023-08-21,9604
00650L,復華香港正2,184,110,74,富邦-陽明,2023-08-21,9604
3706,神達,89,22,67,富邦-陽明,2023-08-21,9604
2324,仁寶,145,83,62,富邦-陽明,2023-08-21,9604
2606,裕民,70,10,60,富邦-陽明,2023-08-21,9604
2612,中航,59,3,56,富邦-陽明,2023-08-21,9604
00679B,元大美債20年,110,55,55,富邦-陽明,2023-08-21,9604
2382,廣達,121,69,52,富邦-陽明,2023-08-21,9604
00923,群益台ESG低碳50,63,12,51,富邦-陽明,2023-08-21,9604
3050,鈺德,51,0,51,富邦-陽明,2023-08-21,9604
00753L,中信中國50正2,69,20,49,富邦-陽明,2023-08-21,9604
2201,裕隆,52,4,48,富邦-陽明,2023-08-21,9604
2605,新興,46,1,45,富邦-陽明,2023-08-21,9604
00882,中信中國高股息,64,20,44,富邦-陽明,2023-08-21,9604
00637L,元大滬深300正2,74,32,42,富邦-陽明,2023-08-21,9604
3038,全台,41,0,41,富邦-陽明,2023-08-21,9604
00738U,期元大道瓊白銀,40,0,40,富邦-陽明,2023-08-21,9604
2401,凌陽,61,23,38,富邦-陽明,2023-08-21,9604
3363,上詮,49,11,38,富邦-陽明,2023-08-21,9604
6770,力積電,35,0,35,富邦-陽明,2023-08-21,9604
00720B,元大投資級公司債,36,3,33,富邦-陽明,2023-08-21,9604
00919,群益台灣精選高息,32,0,32,富邦-陽明,2023-08-21,9604
00687B,國泰20年美債,32,0,32,富邦-陽明,2023-08-21,9604
0050,元大台灣50,33,2,31,富邦-陽明,2023-08-21,9604
1540,喬福,30,0,30,富邦-陽明,2023-08-21,9604
3056,富華新,28,0,28,富邦-陽明,2023-08-21,9604
00922,國泰台灣領袖50,38,10,28,富邦-陽明,2023-08-21,9604
3324,雙鴻,51,23,28,富邦-陽明,2023-08-21,9604
00712,復華富時不動產,31,3,28,富邦-陽明,2023-08-21,9604
2329,華泰,66,39,27,富邦-陽明,2023-08-21,9604
00931B,統一美債20年,33,7,26,富邦-陽明,2023-08-21,9604
00930,永豐ESG低碳高息,26,0,26,富邦-陽明,2023-08-21,9604
00670L,富邦NASDAQ正2,24,0,24,富邦-陽明,2023-08-21,9604
8112,至上,25,2,23,富邦-陽明,2023-08-21,9604
2330,台積電,37,14,23,富邦-陽明,2023-08-21,9604
3232,昱捷,23,0,23,富邦-陽明,2023-08-21,9604
00907,永豐優息存股,22,0,22,富邦-陽明,2023-08-21,9604
3694,海華,31,9,22,富邦-陽明,2023-08-21,9604
4938,和碩,25,4,21,富邦-陽明,2023-08-21,9604
2313,華通,24,3,21,富邦-陽明,2023-08-21,9604
3306,鼎天,90,70,20,富邦-陽明,2023-08-21,9604
00770,國泰北美科技,20,0,20,富邦-陽明,2023-08-21,9604
2027,大成鋼,22,2,20,富邦-陽明,2023-08-21,9604
5880,合庫金,20,0,20,富邦-陽明,2023-08-21,9604
1605,華新,21,3,18,富邦-陽明,2023-08-21,9604
2890,永豐金,1517,4,1513,富邦-陽明,2023-08-22,9604
2883,凱基金,1043,40,1003,富邦-陽明,2023-08-22,9604
00929,復華台灣科技優息,340,13,327,富邦-陽明,2023-08-22,9604
2323,中環,262,9,253,富邦-陽明,2023-08-22,9604
1722,台肥,219,0,219,富邦-陽明,2023-08-22,9604
2363,矽統,371,217,154,富邦-陽明,2023-08-22,9604
2324,仁寶,181,81,100,富邦-陽明,2023-08-22,9604
4960,誠美材,107,11,96,富邦-陽明,2023-08-22,9604
00751B,元大AAA至A公司債,77,0,77,富邦-陽明,2023-08-22,9604
2891,中信金,76,9,67,富邦-陽明,2023-08-22,9604
2618,長榮航,223,158,65,富邦-陽明,2023-08-22,9604
6116,彩晶,82,19,63,富邦-陽明,2023-08-22,9604
00720B,元大投資級公司債,67,9,58,富邦-陽明,2023-08-22,9604
3045,台灣大,58,0,58,富邦-陽明,2023-08-22,9604
2419,仲琦,76,19,57,富邦-陽明,2023-08-22,9604
2421,建準,113,57,56,富邦-陽明,2023-08-22,9604
3305,昇貿,56,2,54,富邦-陽明,2023-08-22,9604
00882,中信中國高股息,51,2,49,富邦-陽明,2023-08-22,9604
2332,友訊,98,49,49,富邦-陽明,2023-08-22,9604
5465,富驊,48,2,46,富邦-陽明,2023-08-22,9604
2867,三商壽,43,0,43,富邦-陽明,2023-08-22,9604
2356,英業達,151,108,43,富邦-陽明,2023-08-22,9604
2317,鴻海,54,14,40,富邦-陽明,2023-08-22,9604
00733,富邦臺灣中小,41,1,40,富邦-陽明,2023-08-22,9604
3022,威強電,39,0,39,富邦-陽明,2023-08-22,9604
00679B,元大美債20年,116,78,38,富邦-陽明,2023-08-22,9604
00712,復華富時不動產,38,2,36,富邦-陽明,2023-08-22,9604
2884,玉山金,36,0,36,富邦-陽明,2023-08-22,9604
6282,康舒,61,27,34,富邦-陽明,2023-08-22,9604
3308,聯德,43,9,34,富邦-陽明,2023-08-22,9604
2645,長榮航太,36,2,34,富邦-陽明,2023-08-22,9604
6231,系微,33,1,32,富邦-陽明,2023-08-22,9604
2915,潤泰全,32,0,32,富邦-陽明,2023-08-22,9604
2801,彰銀,31,0,31,富邦-陽明,2023-08-22,9604
1712,興農,30,0,30,富邦-陽明,2023-08-22,9604
911868,同方友友-DR,30,0,30,富邦-陽明,2023-08-22,9604
9934,成霖,29,0,29,富邦-陽明,2023-08-22,9604
00633L,富邦上証正2,29,0,29,富邦-陽明,2023-08-22,9604
4164,承業醫,28,0,28,富邦-陽明,2023-08-22,9604
00795B,中信美國公債20年,32,4,28,富邦-陽明,2023-08-22,9604
2002,中鋼,77,50,27,富邦-陽明,2023-08-22,9604
2409,友達,28,2,26,富邦-陽明,2023-08-22,9604
4904,遠傳,27,1,26,富邦-陽明,2023-08-22,9604
1314,中石化,50,25,25,富邦-陽明,2023-08-22,9604
2611,志信,26,1,25,富邦-陽明,2023-08-22,9604
00687B,國泰20年美債,33,9,24,富邦-陽明,2023-08-22,9604
2886,兆豐金,34,10,24,富邦-陽明,2023-08-22,9604
00923,群益台ESG低碳50,23,0,23,富邦-陽明,2023-08-22,9604
3596,智易,30,7,23,富邦-陽明,2023-08-22,9604
1101,台泥,31,9,22,富邦-陽明,2023-08-22,9604
00929,復華台灣科技優息,374,67,307,富邦-陽明,2023-08-23,9604
2618,長榮航,658,415,243,富邦-陽明,2023-08-23,9604
2883,凱基金,130,5,125,富邦-陽明,2023-08-23,9604
3013,晟銘電,249,133,116,富邦-陽明,2023-08-23,9604
1326,台化,103,0,103,富邦-陽明,2023-08-23,9604
6282,康舒,190,96,94,富邦-陽明,2023-08-23,9604
3094,聯傑,116,23,93,富邦-陽明,2023-08-23,9604
00919,群益台灣精選高息,83,1,82,富邦-陽明,2023-08-23,9604
1722,台肥,79,1,78,富邦-陽明,2023-08-23,9604
2329,華泰,117,52,65,富邦-陽明,2023-08-23,9604
2897,王道銀行,65,0,65,富邦-陽明,2023-08-23,9604
2609,陽明,81,20,61,富邦-陽明,2023-08-23,9604
6167,久正,110,54,56,富邦-陽明,2023-08-23,9604
5871,中租-KY,55,1,54,富邦-陽明,2023-08-23,9604
8222,寶一,65,17,48,富邦-陽明,2023-08-23,9604
2886,兆豐金,59,12,47,富邦-陽明,2023-08-23,9604
2317,鴻海,62,17,45,富邦-陽明,2023-08-23,9604
3706,神達,93,48,45,富邦-陽明,2023-08-23,9604
3483,力致,81,42,39,富邦-陽明,2023-08-23,9604
2303,聯電,45,9,36,富邦-陽明,2023-08-23,9604
2630,亞航,40,5,35,富邦-陽明,2023-08-23,9604
6015,宏遠證,34,0,34,富邦-陽明,2023-08-23,9604
6285,啟��,73,40,33,富邦-陽明,2023-08-23,9604
6165,浪凡,34,1,33,富邦-陽明,2023-08-23,9604
6190,萬泰科,35,3,32,富邦-陽明,2023-08-23,9604
5608,四維航,33,2,31,富邦-陽明,2023-08-23,9604
1905,華紙,44,14,30,富邦-陽明,2023-08-23,9604
2617,台航,31,1,30,富邦-陽明,2023-08-23,9604
3078,僑威,34,6,28,富邦-陽明,2023-08-23,9604
2884,玉山金,43,16,27,富邦-陽明,2023-08-23,9604
2634,漢翔,226,200,26,富邦-陽明,2023-08-23,9604
6829,千附精密,32,7,25,富邦-陽明,2023-08-23,9604
2882,國泰金,24,0,24,富邦-陽明,2023-08-23,9604
3576,聯合再生,25,2,23,富邦-陽明,2023-08-23,9604
4541,晟田,24,1,23,富邦-陽明,2023-08-23,9604
3443,創意,51,28,23,富邦-陽明,2023-08-23,9604
2880,華南金,25,2,23,富邦-陽明,2023-08-23,9604
1616,億泰,21,0,21,富邦-陽明,2023-08-23,9604
3032,偉訓,22,1,21,富邦-陽明,2023-08-23,9604
3325,旭品,22,1,21,富邦-陽明,2023-08-23,9604
2615,萬海,28,8,20,富邦-陽明,2023-08-23,9604
2611,志信,21,1,20,富邦-陽明,2023-08-23,9604
3036A,文曄甲特,20,0,20,富邦-陽明,2023-08-23,9604
00852L,國泰美國道瓊正2,20,0,20,富邦-陽明,2023-08-23,9604
6112,邁達特,22,2,20,富邦-陽明,2023-08-23,9604
6530,創威,19,0,19,富邦-陽明,2023-08-23,9604
00751B,元大AAA至A公司債,36,18,18,富邦-陽明,2023-08-23,9604
4113,聯上,18,0,18,富邦-陽明,2023-08-23,9604
2382,廣達,97,79,18,富邦-陽明,2023-08-23,9604
2312,金寶,65,48,17,富邦-陽明,2023-08-23,9604
2412,中華電,2229,2,2227,富邦-陽明,2023-08-24,9604
00919,群益台灣精選高息,482,36,446,富邦-陽明,2023-08-24,9604
1722,台肥,323,0,323,富邦-陽明,2023-08-24,9604
2890,永豐金,302,0,302,富邦-陽明,2023-08-24,9604
3231,緯創,564,327,237,富邦-陽明,2023-08-24,9604
00632R,元大台灣50反1,312,101,211,富邦-陽明,2023-08-24,9604
00671R,富邦NASDAQ反1,183,0,183,富邦-陽明,2023-08-24,9604
2363,矽統,470,292,178,富邦-陽明,2023-08-24,9604
00712,復華富時不動產,157,8,149,富邦-陽明,2023-08-24,9604
3706,神達,216,68,148,富邦-陽明,2023-08-24,9604
2883,凱基金,186,46,140,富邦-陽明,2023-08-24,9604
3338,泰碩,153,27,126,富邦-陽明,2023-08-24,9604
2609,陽明,135,10,125,富邦-陽明,2023-08-24,9604
00900,富邦特選高股息30,131,15,116,富邦-陽明,2023-08-24,9604
2382,廣達,343,250,93,富邦-陽明,2023-08-24,9604
1471,首利,107,26,81,富邦-陽明,2023-08-24,9604
2353,宏��,76,8,68,富邦-陽明,2023-08-24,9604
2409,友達,62,9,53,富邦-陽明,2023-08-24,9604
2449,京元電子,151,98,53,富邦-陽明,2023-08-24,9604
2884,玉山金,60,8,52,富邦-陽明,2023-08-24,9604
1210,大成,52,1,51,富邦-陽明,2023-08-24,9604
5278,尚凡*,50,0,50,富邦-陽明,2023-08-24,9604
2615,萬海,51,3,48,富邦-陽明,2023-08-24,9604
2324,仁寶,134,88,46,富邦-陽明,2023-08-24,9604
4906,正文,94,52,42,富邦-陽明,2023-08-24,9604
00727B,國泰優選非投等債,40,0,40,富邦-陽明,2023-08-24,9604
4164,承業醫,39,0,39,富邦-陽明,2023-08-24,9604
4916,事欣科,43,5,38,富邦-陽明,2023-08-24,9604
2356,英業達,253,215,38,富邦-陽明,2023-08-24,9604
3715,定穎投控,81,43,38,富邦-陽明,2023-08-24,9604
5371,中光電,38,3,35,富邦-陽明,2023-08-24,9604
2002,中鋼,44,10,34,富邦-陽明,2023-08-24,9604
00713,元大台灣高息低波,41,7,34,富邦-陽明,2023-08-24,9604
00679B,元大美債20年,86,52,34,富邦-陽明,2023-08-24,9604
1802,台玻,34,0,34,富邦-陽明,2023-08-24,9604
4167,松瑞藥,85,51,34,富邦-陽明,2023-08-24,9604
2882,國泰金,35,2,33,富邦-陽明,2023-08-24,9604
2812,台中銀,31,0,31,富邦-陽明,2023-08-24,9604
2605,新興,59,31,28,富邦-陽明,2023-08-24,9604
2880,華南金,46,18,28,富邦-陽明,2023-08-24,9604
3556,禾瑞亞,27,0,27,富邦-陽明,2023-08-24,9604
6190,萬泰科,28,3,25,富邦-陽明,2023-08-24,9604
6234,高僑,28,3,25,富邦-陽明,2023-08-24,9604
3325,旭品,26,2,24,富邦-陽明,2023-08-24,9604
1326,台化,23,0,23,富邦-陽明,2023-08-24,9604
2105,正新,23,0,23,富邦-陽明,2023-08-24,9604
2913,農林,36,13,23,富邦-陽明,2023-08-24,9604
1905,華紙,54,32,22,富邦-陽明,2023-08-24,9604
6165,浪凡,31,9,22,富邦-陽明,2023-08-24,9604
00688L,國泰20年美債正2,22,0,22,富邦-陽明,2023-08-24,9604
2412,中華電,601,1,600,富邦-陽明,2023-08-25,9604
00665L,富邦�琤肭磪囓�2,595,33,562,富邦-陽明,2023-08-25,9604
00878,國泰永續高股息,726,223,503,富邦-陽明,2023-08-25,9604
3231,緯創,656,184,472,富邦-陽明,2023-08-25,9604
4906,正文,420,241,179,富邦-陽明,2023-08-25,9604
00919,群益台灣精選高息,174,0,174,富邦-陽明,2023-08-25,9604
2382,廣達,258,83,175,富邦-陽明,2023-08-25,9604
2618,長榮航,249,98,151,富邦-陽明,2023-08-25,9604
00900,富邦特選高股息30,142,0,142,富邦-陽明,2023-08-25,9604
00671R,富邦NASDAQ反1,150,35,115,富邦-陽明,2023-08-25,9604
2890,永豐金,114,0,114,富邦-陽明,2023-08-25,9604
2891,中信金,85,12,73,富邦-陽明,2023-08-25,9604
3037,欣興,101,32,69,富邦-陽明,2023-08-25,9604
2538,基泰,70,2,68,富邦-陽明,2023-08-25,9604
5278,尚凡*,65,0,65,富邦-陽明,2023-08-25,9604
2330,台積電,71,7,64,富邦-陽明,2023-08-25,9604
00712,復華富時不動產,85,22,63,富邦-陽明,2023-08-25,9604
3035,智原,97,35,62,富邦-陽明,2023-08-25,9604
2913,農林,53,0,53,富邦-陽明,2023-08-25,9604
2324,仁寶,79,28,51,富邦-陽明,2023-08-25,9604
00751B,元大AAA至A公司債,49,1,48,富邦-陽明,2023-08-25,9604
2002,中鋼,55,8,47,富邦-陽明,2023-08-25,9604
3051,力特,46,1,45,富邦-陽明,2023-08-25,9604
00830,國泰費城半導體,44,0,44,富邦-陽明,2023-08-25,9604
9934,成霖,52,10,42,富邦-陽明,2023-08-25,9604
00923,群益台ESG低碳50,41,0,41,富邦-陽明,2023-08-25,9604
2105,正新,39,1,38,富邦-陽明,2023-08-25,9604
1455,集盛,41,5,36,富邦-陽明,2023-08-25,9604
5347,世界,36,1,35,富邦-陽明,2023-08-25,9604
3032,偉訓,35,1,34,富邦-陽明,2023-08-25,9604
2301,光寶科,51,19,32,富邦-陽明,2023-08-25,9604
6284,佳邦,43,11,32,富邦-陽明,2023-08-25,9604
2353,宏��,51,20,31,富邦-陽明,2023-08-25,9604
8215,明基材,31,0,31,富邦-陽明,2023-08-25,9604
2634,漢翔,236,205,31,富邦-陽明,2023-08-25,9604
2303,聯電,133,104,29,富邦-陽明,2023-08-25,9604
6156,松上,38,10,28,富邦-陽明,2023-08-25,9604
2880,華南金,39,13,26,富邦-陽明,2023-08-25,9604
3617,碩天,33,8,25,富邦-陽明,2023-08-25,9604
00637L,元大滬深300正2,106,81,25,富邦-陽明,2023-08-25,9604
2409,友達,28,4,24,富邦-陽明,2023-08-25,9604
2486,一詮,34,10,24,富邦-陽明,2023-08-25,9604
5880,合庫金,24,0,24,富邦-陽明,2023-08-25,9604
2356,英業達,118,95,23,富邦-陽明,2023-08-25,9604
00905,FT臺灣Smart,21,1,20,富邦-陽明,2023-08-25,9604
00722B,群益投資級電信債,20,0,20,富邦-陽明,2023-08-25,9604
3710,連展投控,20,0,20,富邦-陽明,2023-08-25,9604
2425,承啟,26,6,20,富邦-陽明,2023-08-25,9604
8033,雷虎,23,3,20,富邦-陽明,2023-08-25,9604
5381,合正,57,38,19,富邦-陽明,2023-08-25,9604
00929,復華台灣科技優息,525,22,503,富邦-陽明,2023-08-28,9604
00632R,元大台灣50反1,468,0,468,富邦-陽明,2023-08-28,9604
00919,群益台灣精選高息,199,0,199,富邦-陽明,2023-08-28,9604
2323,中環,184,12,172,富邦-陽明,2023-08-28,9604
2618,長榮航,252,110,142,富邦-陽明,2023-08-28,9604
00878,國泰永續高股息,258,148,110,富邦-陽明,2023-08-28,9604
2888,新光金,110,22,88,富邦-陽明,2023-08-28,9604
2610,華航,112,26,86,富邦-陽明,2023-08-28,9604
2357,華碩,79,6,73,富邦-陽明,2023-08-28,9604
6443,元晶,74,6,68,富邦-陽明,2023-08-28,9604
00900,富邦特選高股息30,63,1,62,富邦-陽明,2023-08-28,9604
6116,彩晶,65,4,61,富邦-陽明,2023-08-28,9604
5278,尚凡*,61,0,61,富邦-陽明,2023-08-28,9604
1802,台玻,57,0,57,富邦-陽明,2023-08-28,9604
2449,京元電子,105,54,51,富邦-陽明,2023-08-28,9604
3556,禾瑞亞,49,0,49,富邦-陽明,2023-08-28,9604
1417,嘉裕,47,0,47,富邦-陽明,2023-08-28,9604
00665L,富邦�琤肭磪囓�2,69,27,42,富邦-陽明,2023-08-28,9604
00679B,元大美債20年,68,27,41,富邦-陽明,2023-08-28,9604
2353,宏��,67,26,41,富邦-陽明,2023-08-28,9604
2303,聯電,139,98,41,富邦-陽明,2023-08-28,9604
3051,力特,83,44,39,富邦-陽明,2023-08-28,9604
3481,群創,133,95,38,富邦-陽明,2023-08-28,9604
6770,力積電,47,11,36,富邦-陽明,2023-08-28,9604
2388,威盛,64,30,34,富邦-陽明,2023-08-28,9604
00650L,復華香港正2,53,20,33,富邦-陽明,2023-08-28,9604
2883,凱基金,64,31,33,富邦-陽明,2023-08-28,9604
8033,雷虎,52,20,32,富邦-陽明,2023-08-28,9604
1810,和成,35,3,32,富邦-陽明,2023-08-28,9604
2382,廣達,146,115,31,富邦-陽明,2023-08-28,9604
1714,和桐,30,0,30,富邦-陽明,2023-08-28,9604
00772B,中信高評級公司債,41,12,29,富邦-陽明,2023-08-28,9604
2887,台新金,32,5,27,富邦-陽明,2023-08-28,9604
2603,長榮,28,2,26,富邦-陽明,2023-08-28,9604
0056,元大高股息,41,16,25,富邦-陽明,2023-08-28,9604
3710,連展投控,25,0,25,富邦-陽明,2023-08-28,9604
1477,聚陽,29,5,24,富邦-陽明,2023-08-28,9604
8358,金居,27,3,24,富邦-陽明,2023-08-28,9604
2352,佳世達,26,3,23,富邦-陽明,2023-08-28,9604
3325,旭品,23,0,23,富邦-陽明,2023-08-28,9604
5009,榮剛,28,5,23,富邦-陽明,2023-08-28,9604
6125,廣運,51,29,22,富邦-陽明,2023-08-28,9604
3078,僑威,25,3,22,富邦-陽明,2023-08-28,9604
00753L,中信中國50正2,60,38,22,富邦-陽明,2023-08-28,9604
00720B,元大投資級公司債,21,0,21,富邦-陽明,2023-08-28,9604
3037,欣興,40,20,20,富邦-陽明,2023-08-28,9604
1108,幸福,20,0,20,富邦-陽明,2023-08-28,9604
00688L,國泰20年美債正2,20,0,20,富邦-陽明,2023-08-28,9604
3266,昇陽,20,0,20,富邦-陽明,2023-08-28,9604
2427,三商電,20,0,20,富邦-陽明,2023-08-28,9604
00929,復華台灣科技優息,245,60,185,富邦-陽明,2023-08-29,9604
2867,三商壽,165,0,165,富邦-陽明,2023-08-29,9604
2888,新光金,175,38,137,富邦-陽明,2023-08-29,9604
3231,緯創,263,173,90,富邦-陽明,2023-08-29,9604
00878,國泰永續高股息,128,44,84,富邦-陽明,2023-08-29,9604
2816,旺旺保,104,22,82,富邦-陽明,2023-08-29,9604
3481,群創,84,10,74,富邦-陽明,2023-08-29,9604
3052,夆典,72,1,71,富邦-陽明,2023-08-29,9604
2363,矽統,390,320,70,富邦-陽明,2023-08-29,9604
00885,富邦越南,70,21,49,富邦-陽明,2023-08-29,9604
1717,長興,46,0,46,富邦-陽明,2023-08-29,9604
2317,鴻海,79,37,42,富邦-陽明,2023-08-29,9604
2611,志信,40,0,40,富邦-陽明,2023-08-29,9604
3032,偉訓,40,2,38,富邦-陽明,2023-08-29,9604
00673R,期元大S＆P原油反1,50,20,30,富邦-陽明,2023-08-29,9604
2002,中鋼,56,27,29,富邦-陽明,2023-08-29,9604
2105,正新,46,19,27,富邦-陽明,2023-08-29,9604
2440,太空梭,27,0,27,富邦-陽明,2023-08-29,9604
2832,台產,25,0,25,富邦-陽明,2023-08-29,9604
2340,台亞,34,9,25,富邦-陽明,2023-08-29,9604
1313,聯成,25,0,25,富邦-陽明,2023-08-29,9604
3035,智原,36,11,25,富邦-陽明,2023-08-29,9604
2915,潤泰全,31,7,24,富邦-陽明,2023-08-29,9604
3017,奇鋐,31,8,23,富邦-陽明,2023-08-29,9604
9933,中鼎,21,0,21,富邦-陽明,2023-08-29,9604
2801,彰銀,22,2,20,富邦-陽明,2023-08-29,9604
8390,金益鼎,20,0,20,富邦-陽明,2023-08-29,9604
00706L,期元大S＆P日圓正2,20,0,20,富邦-陽明,2023-08-29,9604
00720B,元大投資級公司債,26,7,19,富邦-陽明,2023-08-29,9604
3380,明泰,20,1,19,富邦-陽明,2023-08-29,9604
2390,云辰,19,0,19,富邦-陽明,2023-08-29,9604
4909,新復興,29,10,19,富邦-陽明,2023-08-29,9604
3338,泰碩,20,1,19,富邦-陽明,2023-08-29,9604
2374,佳能,20,1,19,富邦-陽明,2023-08-29,9604
2618,長榮航,77,58,19,富邦-陽明,2023-08-29,9604
00923,群益台ESG低碳50,18,0,18,富邦-陽明,2023-08-29,9604
1712,興農,17,0,17,富邦-陽明,2023-08-29,9604
1402,遠東新,17,0,17,富邦-陽明,2023-08-29,9604
3567,逸昌,21,4,17,富邦-陽明,2023-08-29,9604
2886,兆豐金,26,9,17,富邦-陽明,2023-08-29,9604
1471,首利,93,77,16,富邦-陽明,2023-08-29,9604
2641,正德,18,2,16,富邦-陽明,2023-08-29,9604
2425,承啟,15,0,15,富邦-陽明,2023-08-29,9604
2538,基泰,15,0,15,富邦-陽明,2023-08-29,9604
3234,光環,15,0,15,富邦-陽明,2023-08-29,9604
6576,逸達,15,0,15,富邦-陽明,2023-08-29,9604
2022,聚亨,16,2,14,富邦-陽明,2023-08-29,9604
3528,安馳,26,12,14,富邦-陽明,2023-08-29,9604
0056,元大高股息,28,14,14,富邦-陽明,2023-08-29,9604
2303,聯電,102,89,13,富邦-陽明,2023-08-29,9604
00665L,富邦�琤肭磪囓�2,1104,25,1079,富邦-陽明,2023-08-30,9604
00919,群益台灣精選高息,232,10,222,富邦-陽明,2023-08-30,9604
00673R,期元大S＆P原油反1,205,0,205,富邦-陽明,2023-08-30,9604
6257,矽格,201,4,197,富邦-陽明,2023-08-30,9604
00637L,元大滬深300正2,262,100,162,富邦-陽明,2023-08-30,9604
2610,華航,176,35,141,富邦-陽明,2023-08-30,9604
00650L,復華香港正2,72,2,70,富邦-陽明,2023-08-30,9604
00753L,中信中國50正2,67,0,67,富邦-陽明,2023-08-30,9604
3078,僑威,67,3,64,富邦-陽明,2023-08-30,9604
6191,精成科,54,1,53,富邦-陽明,2023-08-30,9604
00688L,國泰20年美債正2,53,0,53,富邦-陽明,2023-08-30,9604
00882,中信中國高股息,58,7,51,富邦-陽明,2023-08-30,9604
2495,普安,65,14,51,富邦-陽明,2023-08-30,9604
3645,達邁,50,0,50,富邦-陽明,2023-08-30,9604
5009,榮剛,52,2,50,富邦-陽明,2023-08-30,9604
2002,中鋼,72,22,50,富邦-陽明,2023-08-30,9604
3035,智原,89,40,49,富邦-陽明,2023-08-30,9604
4414,如興,47,1,46,富邦-陽明,2023-08-30,9604
1605,華新,47,7,40,富邦-陽明,2023-08-30,9604
4563,百德,40,0,40,富邦-陽明,2023-08-30,9604
2891,中信金,44,8,36,富邦-陽明,2023-08-30,9604
00885,富邦越南,44,9,35,富邦-陽明,2023-08-30,9604
00633L,富邦上証正2,33,0,33,富邦-陽明,2023-08-30,9604
2301,光寶科,67,35,32,富邦-陽明,2023-08-30,9604
2449,京元電子,168,139,29,富邦-陽明,2023-08-30,9604
00679B,元大美債20年,33,5,28,富邦-陽明,2023-08-30,9604
2401,凌陽,60,33,27,富邦-陽明,2023-08-30,9604
2634,漢翔,51,25,26,富邦-陽明,2023-08-30,9604
3037,欣興,52,26,26,富邦-陽明,2023-08-30,9604
6194,育富,40,16,24,富邦-陽明,2023-08-30,9604
2344,華邦電,54,30,24,富邦-陽明,2023-08-30,9604
2421,建準,55,32,23,富邦-陽明,2023-08-30,9604
3308,聯德,42,19,23,富邦-陽明,2023-08-30,9604
1477,聚陽,25,3,22,富邦-陽明,2023-08-30,9604
3264,欣銓,30,8,22,富邦-陽明,2023-08-30,9604
2897,王道銀行,22,0,22,富邦-陽明,2023-08-30,9604
6235,華孚,52,30,22,富邦-陽明,2023-08-30,9604
5608,四維航,22,1,21,富邦-陽明,2023-08-30,9604
2324,仁寶,46,26,20,富邦-陽明,2023-08-30,9604
3617,碩天,29,9,20,富邦-陽明,2023-08-30,9604
2611,志信,22,2,20,富邦-陽明,2023-08-30,9604
020022,元大電動車N,20,0,20,富邦-陽明,2023-08-30,9604
020020,元大台股領航N,20,0,20,富邦-陽明,2023-08-30,9604
020029,元大ESG高股息N,20,0,20,富邦-陽明,2023-08-30,9604
00733,富邦臺灣中小,20,0,20,富邦-陽明,2023-08-30,9604
8210,勤誠,35,15,20,富邦-陽明,2023-08-30,9604
1319,東陽,66,47,19,富邦-陽明,2023-08-30,9604
1540,喬福,20,1,19,富邦-陽明,2023-08-30,9604
3176,基亞,33,15,18,富邦-陽明,2023-08-30,9604
1609,大亞,21,4,17,富邦-陽明,2023-08-30,9604
2883,凱基金,443,40,403,富邦-陽明,2023-08-31,9604
00929,復華台灣科技優息,255,12,243,富邦-陽明,2023-08-31,9604
00878,國泰永續高股息,226,49,177,富邦-陽明,2023-08-31,9604
1314,中石化,131,6,125,富邦-陽明,2023-08-31,9604
00919,群益台灣精選高息,147,32,115,富邦-陽明,2023-08-31,9604
00650L,復華香港正2,109,22,87,富邦-陽明,2023-08-31,9604
2303,聯電,99,13,86,富邦-陽明,2023-08-31,9604
1802,台玻,113,31,82,富邦-陽明,2023-08-31,9604
2888,新光金,78,0,78,富邦-陽明,2023-08-31,9604
2324,仁寶,103,28,75,富邦-陽明,2023-08-31,9604
2892,第一金,77,5,72,富邦-陽明,2023-08-31,9604
5347,世界,67,0,67,富邦-陽明,2023-08-31,9604
2891,中信金,60,0,60,富邦-陽明,2023-08-31,9604
2337,旺宏,196,138,58,富邦-陽明,2023-08-31,9604
2605,新興,58,0,58,富邦-陽明,2023-08-31,9604
1101,台泥,50,0,50,富邦-陽明,2023-08-31,9604
4927,泰鼎-KY,50,1,49,富邦-陽明,2023-08-31,9604
2890,永豐金,48,0,48,富邦-陽明,2023-08-31,9604
2887,台新金,57,10,47,富邦-陽明,2023-08-31,9604
3715,定穎投控,122,76,46,富邦-陽明,2023-08-31,9604
5880,合庫金,43,0,43,富邦-陽明,2023-08-31,9604
2355,敬鵬,67,24,43,富邦-陽明,2023-08-31,9604
00665L,富邦�琤肭磪囓�2,48,5,43,富邦-陽明,2023-08-31,9604
2812,台中銀,46,4,42,富邦-陽明,2023-08-31,9604
1217,愛之味,42,1,41,富邦-陽明,2023-08-31,9604
2313,華通,97,56,41,富邦-陽明,2023-08-31,9604
2002,中鋼,41,2,39,富邦-陽明,2023-08-31,9604
5452,佶優,42,4,38,富邦-陽明,2023-08-31,9604
00923,群益台ESG低碳50,40,4,36,富邦-陽明,2023-08-31,9604
2886,兆豐金,43,8,35,富邦-陽明,2023-08-31,9604
2834,臺企銀,34,1,33,富邦-陽明,2023-08-31,9604
00687B,國泰20年美債,34,2,32,富邦-陽明,2023-08-31,9604
6213,聯茂,108,77,31,富邦-陽明,2023-08-31,9604
2880,華南金,40,9,31,富邦-陽明,2023-08-31,9604
2208,台船,33,2,31,富邦-陽明,2023-08-31,9604
2027,大成鋼,31,0,31,富邦-陽明,2023-08-31,9604
911868,同方友友-DR,30,0,30,富邦-陽明,2023-08-31,9604
00637L,元大滬深300正2,30,0,30,富邦-陽明,2023-08-31,9604
1477,聚陽,30,1,29,富邦-陽明,2023-08-31,9604
1402,遠東新,27,0,27,富邦-陽明,2023-08-31,9604
2353,宏��,30,4,26,富邦-陽明,2023-08-31,9604
1326,台化,26,0,26,富邦-陽明,2023-08-31,9604
4933,友輝,29,3,26,富邦-陽明,2023-08-31,9604
4147,中裕,39,14,25,富邦-陽明,2023-08-31,9604
1904,正隆,25,1,24,富邦-陽明,2023-08-31,9604
00751B,元大AAA至A公司債,24,1,23,富邦-陽明,2023-08-31,9604
2376,技嘉,62,39,23,富邦-陽明,2023-08-31,9604
3046,建��,28,5,23,富邦-陽明,2023-08-31,9604
1717,長興,22,0,22,富邦-陽明,2023-08-31,9604
0056,元大高股息,22,0,22,富邦-陽明,2023-08-31,9604
00919,群益台灣精選高息,424,24,400,富邦-陽明,2023-09-01,9604
00715L,期街口布蘭特正2,242,11,231,富邦-陽明,2023-09-01,9604
1815,富喬,239,19,220,富邦-陽明,2023-09-01,9604
00929,復華台灣科技優息,439,240,199,富邦-陽明,2023-09-01,9604
3231,緯創,386,209,177,富邦-陽明,2023-09-01,9604
2329,華泰,186,25,161,富邦-陽明,2023-09-01,9604
00932,兆豐永續高息等權,128,15,113,富邦-陽明,2023-09-01,9604
2382,廣達,132,23,109,富邦-陽明,2023-09-01,9604
2834,臺企銀,90,3,87,富邦-陽明,2023-09-01,9604
1101,台泥,84,6,78,富邦-陽明,2023-09-01,9604
2206,三陽工業,92,15,77,富邦-陽明,2023-09-01,9604
2356,英業達,142,69,73,富邦-陽明,2023-09-01,9604
2886,兆豐金,77,6,71,富邦-陽明,2023-09-01,9604
2363,矽統,456,396,60,富邦-陽明,2023-09-01,9604
1477,聚陽,61,1,60,富邦-陽明,2023-09-01,9604
00915,凱基優選高股息30,58,1,57,富邦-陽明,2023-09-01,9604
1616,億泰,69,13,56,富邦-陽明,2023-09-01,9604
2887,台新金,66,12,54,富邦-陽明,2023-09-01,9604
2892,第一金,62,13,49,富邦-陽明,2023-09-01,9604
1417,嘉裕,46,0,46,富邦-陽明,2023-09-01,9604
2891,中信金,46,2,44,富邦-陽明,2023-09-01,9604
00713,元大台灣高息低波,43,2,41,富邦-陽明,2023-09-01,9604
00885,富邦越南,73,32,41,富邦-陽明,2023-09-01,9604
9105,泰金寶-DR,41,0,41,富邦-陽明,2023-09-01,9604
2002,中鋼,40,2,38,富邦-陽明,2023-09-01,9604
5880,合庫金,57,22,35,富邦-陽明,2023-09-01,9604
2867,三商壽,35,0,35,富邦-陽明,2023-09-01,9604
4414,如興,31,0,31,富邦-陽明,2023-09-01,9604
3032,偉訓,30,0,30,富邦-陽明,2023-09-01,9604
2421,建準,66,36,30,富邦-陽明,2023-09-01,9604
1216,統一,29,0,29,富邦-陽明,2023-09-01,9604
6165,浪凡,29,1,28,富邦-陽明,2023-09-01,9604
3308,聯德,69,41,28,富邦-陽明,2023-09-01,9604
00907,永豐優息存股,40,13,27,富邦-陽明,2023-09-01,9604
8027,鈦昇,26,0,26,富邦-陽明,2023-09-01,9604
2457,飛宏,32,7,25,富邦-陽明,2023-09-01,9604
2337,旺宏,77,52,25,富邦-陽明,2023-09-01,9604
4906,正文,88,63,25,富邦-陽明,2023-09-01,9604
9907,統一實,23,0,23,富邦-陽明,2023-09-01,9604
2368,金像電,29,6,23,富邦-陽明,2023-09-01,9604
6235,華孚,38,15,23,富邦-陽明,2023-09-01,9604
1513,中興電,45,23,22,富邦-陽明,2023-09-01,9604
6438,迅得,33,12,21,富邦-陽明,2023-09-01,9604
1909,榮成,20,0,20,富邦-陽明,2023-09-01,9604
6770,力積電,23,3,20,富邦-陽明,2023-09-01,9604
5498,凱崴,20,0,20,富邦-陽明,2023-09-01,9604
2884,玉山金,21,1,20,富邦-陽明,2023-09-01,9604
2376,技嘉,67,48,19,富邦-陽明,2023-09-01,9604
2880,華南金,21,3,18,富邦-陽明,2023-09-01,9604
4121,優盛,18,0,18,富邦-陽明,2023-09-01,9604
00929,復華台灣科技優息,450,52,398,富邦-陽明,2023-09-04,9604
00919,群益台灣精選高息,401,31,370,富邦-陽明,2023-09-04,9604
00715L,期街口布蘭特正2,243,6,237,富邦-陽明,2023-09-04,9604
2371,大同,183,42,141,富邦-陽明,2023-09-04,9604
00923,群益台ESG低碳50,143,20,123,富邦-陽明,2023-09-04,9604
00673R,期元大S＆P原油反1,108,3,105,富邦-陽明,2023-09-04,9604
3231,緯創,216,116,100,富邦-陽明,2023-09-04,9604
00632R,元大台灣50反1,101,10,91,富邦-陽明,2023-09-04,9604
2363,矽統,311,229,82,富邦-陽明,2023-09-04,9604
00915,凱基優選高股息30,73,0,73,富邦-陽明,2023-09-04,9604
2409,友達,78,8,70,富邦-陽明,2023-09-04,9604
00706L,期元大S＆P日圓正2,70,0,70,富邦-陽明,2023-09-04,9604
00687B,國泰20年美債,67,0,67,富邦-陽明,2023-09-04,9604
1802,台玻,87,25,62,富邦-陽明,2023-09-04,9604
2634,漢翔,69,10,59,富邦-陽明,2023-09-04,9604
00795B,中信美國公債20年,55,0,55,富邦-陽明,2023-09-04,9604
00857B,永豐20年美公債,45,0,45,富邦-陽明,2023-09-04,9604
6282,康舒,64,21,43,富邦-陽明,2023-09-04,9604
00720B,元大投資級公司債,44,1,43,富邦-陽明,2023-09-04,9604
00669R,國泰美國道瓊反1,41,0,41,富邦-陽明,2023-09-04,9604
00679B,元大美債20年,40,1,39,富邦-陽明,2023-09-04,9604
1417,嘉裕,38,0,38,富邦-陽明,2023-09-04,9604
00696B,富邦美債20年,37,0,37,富邦-陽明,2023-09-04,9604
3047,訊舟,51,16,35,富邦-陽明,2023-09-04,9604
00931B,統一美債20年,34,0,34,富邦-陽明,2023-09-04,9604
5483,中美晶,36,3,33,富邦-陽明,2023-09-04,9604
0050,元大台灣50,36,4,32,富邦-陽明,2023-09-04,9604
2312,金寶,40,10,30,富邦-陽明,2023-09-04,9604
00641R,富邦日本反1,30,0,30,富邦-陽明,2023-09-04,9604
2892,第一金,32,3,29,富邦-陽明,2023-09-04,9604
2887,台新金,33,4,29,富邦-陽明,2023-09-04,9604
2331,精英,41,13,28,富邦-陽明,2023-09-04,9604
2358,廷鑫,39,12,27,富邦-陽明,2023-09-04,9604
3092,鴻碩,27,0,27,富邦-陽明,2023-09-04,9604
1314,中石化,45,19,26,富邦-陽明,2023-09-04,9604
2457,飛宏,28,3,25,富邦-陽明,2023-09-04,9604
00725B,國泰投資級公司債,24,0,24,富邦-陽明,2023-09-04,9604
0056,元大高股息,64,40,24,富邦-陽明,2023-09-04,9604
1513,中興電,28,4,24,富邦-陽明,2023-09-04,9604
4147,中裕,34,11,23,富邦-陽明,2023-09-04,9604
9919,康那香,50,27,23,富邦-陽明,2023-09-04,9604
3548,兆利,32,9,23,富邦-陽明,2023-09-04,9604
1519,華城,52,29,23,富邦-陽明,2023-09-04,9604
1504,東元,29,6,23,富邦-陽明,2023-09-04,9604
4933,友輝,24,2,22,富邦-陽明,2023-09-04,9604
2504,國產,22,0,22,富邦-陽明,2023-09-04,9604
00664R,國泰臺灣加權反1,21,0,21,富邦-陽明,2023-09-04,9604
6173,信昌電,65,44,21,富邦-陽明,2023-09-04,9604
2402,毅嘉,160,139,21,富邦-陽明,2023-09-04,9604
00713,元大台灣高息低波,22,1,21,富邦-陽明,2023-09-04,9604
00665L,富邦�琤肭磪囓�2,2134,0,2134,富邦-陽明,2023-09-05,9604
00929,復華台灣科技優息,645,166,479,富邦-陽明,2023-09-05,9604
00919,群益台灣精選高息,288,68,220,富邦-陽明,2023-09-05,9604
2883,凱基金,207,8,199,富邦-陽明,2023-09-05,9604
2618,長榮航,168,34,134,富邦-陽明,2023-09-05,9604
4147,中裕,128,13,115,富邦-陽明,2023-09-05,9604
00679B,元大美債20年,94,2,92,富邦-陽明,2023-09-05,9604
00772B,中信高評級公司債,89,0,89,富邦-陽明,2023-09-05,9604
00655L,國泰中國A50正2,95,10,85,富邦-陽明,2023-09-05,9604
00650L,復華香港正2,91,10,81,富邦-陽明,2023-09-05,9604
00915,凱基優選高股息30,75,0,75,富邦-陽明,2023-09-05,9604
2883B,凱基金乙特,72,0,72,富邦-陽明,2023-09-05,9604
2610,華航,148,78,70,富邦-陽明,2023-09-05,9604
2630,亞航,78,11,67,富邦-陽明,2023-09-05,9604
2501,國建,60,0,60,富邦-陽明,2023-09-05,9604
3481,群創,98,40,58,富邦-陽明,2023-09-05,9604
00752,中信中國50,60,3,57,富邦-陽明,2023-09-05,9604
6188,廣明,60,4,56,富邦-陽明,2023-09-05,9604
8112,至上,61,8,53,富邦-陽明,2023-09-05,9604
2882,國泰金,51,1,50,富邦-陽明,2023-09-05,9604
8085,福華,50,1,49,富邦-陽明,2023-09-05,9604
00931B,統一美債20年,44,0,44,富邦-陽明,2023-09-05,9604
00932,兆豐永續高息等權,45,2,43,富邦-陽明,2023-09-05,9604
3231,緯創,116,73,43,富邦-陽明,2023-09-05,9604
1101,台泥,37,0,37,富邦-陽明,2023-09-05,9604
00751B,元大AAA至A公司債,36,0,36,富邦-陽明,2023-09-05,9604
00720B,元大投資級公司債,36,0,36,富邦-陽明,2023-09-05,9604
00857B,永豐20年美公債,35,0,35,富邦-陽明,2023-09-05,9604
00706L,期元大S＆P日圓正2,34,0,34,富邦-陽明,2023-09-05,9604
00687B,國泰20年美債,33,0,33,富邦-陽明,2023-09-05,9604
00753L,中信中國50正2,33,0,33,富邦-陽明,2023-09-05,9604
4977,眾達-KY,35,2,33,富邦-陽明,2023-09-05,9604
00637L,元大滬深300正2,32,0,32,富邦-陽明,2023-09-05,9604
3019,亞光,30,0,30,富邦-陽明,2023-09-05,9604
2881,富邦金,49,20,29,富邦-陽明,2023-09-05,9604
1434,福懋,28,0,28,富邦-陽明,2023-09-05,9604
5457,宣德,41,14,27,富邦-陽明,2023-09-05,9604
5469,瀚宇博,36,10,26,富邦-陽明,2023-09-05,9604
2402,毅嘉,84,58,26,富邦-陽明,2023-09-05,9604
2421,建準,40,15,25,富邦-陽明,2023-09-05,9604
6282,康舒,65,41,24,富邦-陽明,2023-09-05,9604
2301,光寶科,46,23,23,富邦-陽明,2023-09-05,9604
2913,農林,29,6,23,富邦-陽明,2023-09-05,9604
2436,偉詮電,129,106,23,富邦-陽明,2023-09-05,9604
1417,嘉裕,22,0,22,富邦-陽明,2023-09-05,9604
6235,華孚,57,36,21,富邦-陽明,2023-09-05,9604
2515,中工,21,0,21,富邦-陽明,2023-09-05,9604
3036A,文曄甲特,21,0,21,富邦-陽明,2023-09-05,9604
4906,正文,25,5,20,富邦-陽明,2023-09-05,9604
3207,耀勝,22,2,20,富邦-陽明,2023-09-05,9604
2883,凱基金,575,24,551,富邦-陽明,2023-09-06,9604
3481,群創,537,58,479,富邦-陽明,2023-09-06,9604
00929,復華台灣科技優息,583,195,388,富邦-陽明,2023-09-06,9604
2409,友達,356,43,313,富邦-陽明,2023-09-06,9604
00665L,富邦�琤肭磪囓�2,267,35,232,富邦-陽明,2023-09-06,9604
00919,群益台灣精選高息,233,17,216,富邦-陽明,2023-09-06,9604
00932,兆豐永續高息等權,203,0,203,富邦-陽明,2023-09-06,9604
2618,長榮航,147,8,139,富邦-陽明,2023-09-06,9604
00715L,期街口布蘭特正2,122,11,111,富邦-陽明,2023-09-06,9604
00918,大華優利高填息30,107,0,107,富邦-陽明,2023-09-06,9604
2027,大成鋼,112,6,106,富邦-陽明,2023-09-06,9604
8358,金居,152,58,94,富邦-陽明,2023-09-06,9604
2892,第一金,103,13,90,富邦-陽明,2023-09-06,9604
2610,華航,215,126,89,富邦-陽明,2023-09-06,9604
3032,偉訓,117,32,85,富邦-陽明,2023-09-06,9604
2363,矽統,331,249,82,富邦-陽明,2023-09-06,9604
00720B,元大投資級公司債,82,2,80,富邦-陽明,2023-09-06,9604
00679B,元大美債20年,77,1,76,富邦-陽明,2023-09-06,9604
3257,虹冠電,85,14,71,富邦-陽明,2023-09-06,9604
00915,凱基優選高股息30,66,0,66,富邦-陽明,2023-09-06,9604
00772B,中信高評級公司債,103,40,63,富邦-陽明,2023-09-06,9604
00687B,國泰20年美債,58,0,58,富邦-陽明,2023-09-06,9604
00637L,元大滬深300正2,79,26,53,富邦-陽明,2023-09-06,9604
1101,台泥,102,52,50,富邦-陽明,2023-09-06,9604
1104,環泥,50,0,50,富邦-陽明,2023-09-06,9604
00751B,元大AAA至A公司債,49,0,49,富邦-陽明,2023-09-06,9604
1216,統一,49,1,48,富邦-陽明,2023-09-06,9604
9934,成霖,48,0,48,富邦-陽明,2023-09-06,9604
1802,台玻,61,15,46,富邦-陽明,2023-09-06,9604
4906,正文,130,87,43,富邦-陽明,2023-09-06,9604
2881,富邦金,44,1,43,富邦-陽明,2023-09-06,9604
2401,凌陽,60,18,42,富邦-陽明,2023-09-06,9604
3483,力致,49,8,41,富邦-陽明,2023-09-06,9604
00673R,期元大S＆P原油反1,40,0,40,富邦-陽明,2023-09-06,9604
00900,富邦特選高股息30,45,6,39,富邦-陽明,2023-09-06,9604
2880,華南金,39,4,35,富邦-陽明,2023-09-06,9604
2906,高林,34,0,34,富邦-陽明,2023-09-06,9604
6274,台燿,89,55,34,富邦-陽明,2023-09-06,9604
3596,智易,45,11,34,富邦-陽明,2023-09-06,9604
00857B,永豐20年美公債,33,0,33,富邦-陽明,2023-09-06,9604
2504,國產,33,0,33,富邦-陽明,2023-09-06,9604
1731,美吾華,32,0,32,富邦-陽明,2023-09-06,9604
00706L,期元大S＆P日圓正2,31,0,31,富邦-陽明,2023-09-06,9604
00882,中信中國高股息,34,3,31,富邦-陽明,2023-09-06,9604
3325,旭品,44,14,30,富邦-陽明,2023-09-06,9604
2891,中信金,30,0,30,富邦-陽明,2023-09-06,9604
3715,定穎投控,98,68,30,富邦-陽明,2023-09-06,9604
5880,合庫金,36,6,30,富邦-陽明,2023-09-06,9604
00753L,中信中國50正2,29,0,29,富邦-陽明,2023-09-06,9604
3583,辛耘,29,1,28,富邦-陽明,2023-09-06,9604
00929,復華台灣科技優息,809,159,650,富邦-陽明,2023-09-07,9604
00919,群益台灣精選高息,421,73,348,富邦-陽明,2023-09-07,9604
3481,群創,290,3,287,富邦-陽明,2023-09-07,9604
4414,如興,200,0,200,富邦-陽明,2023-09-07,9604
2618,長榮航,290,153,137,富邦-陽明,2023-09-07,9604
8112,至上,193,61,132,富邦-陽明,2023-09-07,9604
2610,華航,182,56,126,富邦-陽明,2023-09-07,9604
2303,聯電,150,28,122,富邦-陽明,2023-09-07,9604
00878,國泰永續高股息,154,34,120,富邦-陽明,2023-09-07,9604
2409,友達,131,22,109,富邦-陽明,2023-09-07,9604
2027,大成鋼,97,3,94,富邦-陽明,2023-09-07,9604
00918,大華優利高填息30,94,1,93,富邦-陽明,2023-09-07,9604
00932,兆豐永續高息等權,85,0,85,富邦-陽明,2023-09-07,9604
2891,中信金,76,0,76,富邦-陽明,2023-09-07,9604
3231,緯創,94,26,68,富邦-陽明,2023-09-07,9604
9105,泰金寶-DR,63,0,63,富邦-陽明,2023-09-07,9604
00915,凱基優選高股息30,60,0,60,富邦-陽明,2023-09-07,9604
2705,六福,60,0,60,富邦-陽明,2023-09-07,9604
2330,台積電,63,6,57,富邦-陽明,2023-09-07,9604
4123,晟德,53,1,52,富邦-陽明,2023-09-07,9604
3257,虹冠電,55,4,51,富邦-陽明,2023-09-07,9604
1104,環泥,51,0,51,富邦-陽明,2023-09-07,9604
2101,南港,50,0,50,富邦-陽明,2023-09-07,9604
00633L,富邦上証正2,44,1,43,富邦-陽明,2023-09-07,9604
2906,高林,42,0,42,富邦-陽明,2023-09-07,9604
00673R,期元大S＆P原油反1,41,0,41,富邦-陽明,2023-09-07,9604
4906,正文,73,32,41,富邦-陽明,2023-09-07,9604
2485,兆赫,104,63,41,富邦-陽明,2023-09-07,9604
6191,精成科,71,32,39,富邦-陽明,2023-09-07,9604
8358,金居,60,22,38,富邦-陽明,2023-09-07,9604
1217,愛之味,37,0,37,富邦-陽明,2023-09-07,9604
00655L,國泰中國A50正2,44,10,34,富邦-陽明,2023-09-07,9604
2614,東森,52,19,33,富邦-陽明,2023-09-07,9604
0056,元大高股息,35,3,32,富邦-陽明,2023-09-07,9604
2884,玉山金,35,4,31,富邦-陽明,2023-09-07,9604
2356,英業達,74,46,28,富邦-陽明,2023-09-07,9604
2355,敬鵬,72,45,27,富邦-陽明,2023-09-07,9604
2328,廣宇,31,4,27,富邦-陽明,2023-09-07,9604
00902,中信電池及儲能,27,0,27,富邦-陽明,2023-09-07,9604
2888,新光金,66,40,26,富邦-陽明,2023-09-07,9604
2801,彰銀,32,6,26,富邦-陽明,2023-09-07,9604
2892,第一金,26,1,25,富邦-陽明,2023-09-07,9604
00931B,統一美債20年,25,1,24,富邦-陽明,2023-09-07,9604
2313,華通,169,146,23,富邦-陽明,2023-09-07,9604
00665L,富邦�琤肭磪囓�2,45,22,23,富邦-陽明,2023-09-07,9604
1605,華新,29,6,23,富邦-陽明,2023-09-07,9604
2887,台新金,34,13,21,富邦-陽明,2023-09-07,9604
2516,新建,21,0,21,富邦-陽明,2023-09-07,9604
8436,大江,21,0,21,富邦-陽明,2023-09-07,9604
2881,富邦金,22,1,21,富邦-陽明,2023-09-07,9604
00929,復華台灣科技優息,740,65,675,富邦-陽明,2023-09-08,9604
00919,群益台灣精選高息,400,3,397,富邦-陽明,2023-09-08,9604
00878,國泰永續高股息,263,17,246,富邦-陽明,2023-09-08,9604
0056,元大高股息,154,21,133,富邦-陽明,2023-09-08,9604
00665L,富邦�琤肭磪囓�2,118,18,100,富邦-陽明,2023-09-08,9604
00918,大華優利高填息30,98,0,98,富邦-陽明,2023-09-08,9604
2382,廣達,112,36,76,富邦-陽明,2023-09-08,9604
3052,夆典,65,0,65,富邦-陽明,2023-09-08,9604
00637L,元大滬深300正2,69,5,64,富邦-陽明,2023-09-08,9604
2888,新光金,95,34,61,富邦-陽明,2023-09-08,9604
2486,一詮,83,27,56,富邦-陽明,2023-09-08,9604
3062,建漢,52,2,50,富邦-陽明,2023-09-08,9604
2329,華泰,54,5,49,富邦-陽明,2023-09-08,9604
6188,廣明,61,20,41,富邦-陽明,2023-09-08,9604
2330,台積電,46,5,41,富邦-陽明,2023-09-08,9604
3617,碩天,53,13,40,富邦-陽明,2023-09-08,9604
3526,凡甲,43,4,39,富邦-陽明,2023-09-08,9604
5880,合庫金,43,7,36,富邦-陽明,2023-09-08,9604
6282,康舒,47,12,35,富邦-陽明,2023-09-08,9604
3311,閎暉,43,10,33,富邦-陽明,2023-09-08,9604
2645,長榮航太,44,11,33,富邦-陽明,2023-09-08,9604
2002,中鋼,33,1,32,富邦-陽明,2023-09-08,9604
3036,文曄,30,0,30,富邦-陽明,2023-09-08,9604
3006,晶豪科,40,10,30,富邦-陽明,2023-09-08,9604
1314,中石化,33,4,29,富邦-陽明,2023-09-08,9604
2027,大成鋼,31,3,28,富邦-陽明,2023-09-08,9604
0050,元大台灣50,28,0,28,富邦-陽明,2023-09-08,9604
1603,華電,33,6,27,富邦-陽明,2023-09-08,9604
00679B,元大美債20年,32,6,26,富邦-陽明,2023-09-08,9604
1802,台玻,45,21,24,富邦-陽明,2023-09-08,9604
2402,毅嘉,54,31,23,富邦-陽明,2023-09-08,9604
3231,緯創,91,68,23,富邦-陽明,2023-09-08,9604
2105,正新,42,19,23,富邦-陽明,2023-09-08,9604
1477,聚陽,25,2,23,富邦-陽明,2023-09-08,9604
2887,台新金,31,10,21,富邦-陽明,2023-09-08,9604
3289,宜特,22,1,21,富邦-陽明,2023-09-08,9604
1605,華新,25,4,21,富邦-陽明,2023-09-08,9604
8069,元太,23,3,20,富邦-陽明,2023-09-08,9604
6290,良維,21,1,20,富邦-陽明,2023-09-08,9604
00751B,元大AAA至A公司債,34,14,20,富邦-陽明,2023-09-08,9604
2457,飛宏,22,3,19,富邦-陽明,2023-09-08,9604
3013,晟銘電,43,24,19,富邦-陽明,2023-09-08,9604
1319,東陽,64,46,18,富邦-陽明,2023-09-08,9604
3323,加百裕,18,0,18,富邦-陽明,2023-09-08,9604
3704,合勤控,34,17,17,富邦-陽明,2023-09-08,9604
2344,華邦電,18,1,17,富邦-陽明,2023-09-08,9604
00902,中信電池及儲能,22,5,17,富邦-陽明,2023-09-08,9604
00881,國泰台灣5G+,16,0,16,富邦-陽明,2023-09-08,9604
1568,倉佑,30,14,16,富邦-陽明,2023-09-08,9604
3483,力致,35,19,16,富邦-陽明,2023-09-08,9604
00929,復華台灣科技優息,1022,368,654,富邦-陽明,2023-09-11,9604
00919,群益台灣精選高息,450,1,449,富邦-陽明,2023-09-11,9604
00772B,中信高評級公司債,374,5,369,富邦-陽明,2023-09-11,9604
00878,國泰永續高股息,844,504,340,富邦-陽明,2023-09-11,9604
0056,元大高股息,174,27,147,富邦-陽明,2023-09-11,9604
2883,凱基金,148,21,127,富邦-陽明,2023-09-11,9604
4414,如興,90,0,90,富邦-陽明,2023-09-11,9604
2382,廣達,145,70,75,富邦-陽明,2023-09-11,9604
00918,大華優利高填息30,77,10,67,富邦-陽明,2023-09-11,9604
2312,金寶,73,8,65,富邦-陽明,2023-09-11,9604
00932,兆豐永續高息等權,63,0,63,富邦-陽明,2023-09-11,9604
6125,廣運,79,18,61,富邦-陽明,2023-09-11,9604
5371,中光電,63,7,56,富邦-陽明,2023-09-11,9604
00713,元大台灣高息低波,60,5,55,富邦-陽明,2023-09-11,9604
2705,六福,55,0,55,富邦-陽明,2023-09-11,9604
2883B,凱基金乙特,51,0,51,富邦-陽明,2023-09-11,9604
2376,技嘉,129,78,51,富邦-陽明,2023-09-11,9604
00915,凱基優選高股息30,77,27,50,富邦-陽明,2023-09-11,9604
3715,定穎投控,134,85,49,富邦-陽明,2023-09-11,9604
2913,農林,49,0,49,富邦-陽明,2023-09-11,9604
00931B,統一美債20年,57,8,49,富邦-陽明,2023-09-11,9604
2356,英業達,115,67,48,富邦-陽明,2023-09-11,9604
1104,環泥,49,1,48,富邦-陽明,2023-09-11,9604
00902,中信電池及儲能,47,0,47,富邦-陽明,2023-09-11,9604
2332,友訊,62,16,46,富邦-陽明,2023-09-11,9604
2330,台積電,65,19,46,富邦-陽明,2023-09-11,9604
6016,康和證,45,0,45,富邦-陽明,2023-09-11,9604
00900,富邦特選高股息30,76,32,44,富邦-陽明,2023-09-11,9604
2352,佳世達,56,14,42,富邦-陽明,2023-09-11,9604
2363,矽統,265,224,41,富邦-陽明,2023-09-11,9604
4938,和碩,46,7,39,富邦-陽明,2023-09-11,9604
6274,台燿,59,20,39,富邦-陽明,2023-09-11,9604
00687B,國泰20年美債,39,0,39,富邦-陽明,2023-09-11,9604
2390,云辰,38,1,37,富邦-陽明,2023-09-11,9604
2323,中環,35,1,34,富邦-陽明,2023-09-11,9604
2388,威盛,45,11,34,富邦-陽明,2023-09-11,9604
2324,仁寶,43,10,33,富邦-陽明,2023-09-11,9604
00751B,元大AAA至A公司債,32,0,32,富邦-陽明,2023-09-11,9604
2367,燿華,34,3,31,富邦-陽明,2023-09-11,9604
8358,金居,55,25,30,富邦-陽明,2023-09-11,9604
1460,宏遠,30,0,30,富邦-陽明,2023-09-11,9604
2302,麗正,30,0,30,富邦-陽明,2023-09-11,9604
2357,華碩,36,8,28,富邦-陽明,2023-09-11,9604
2630,亞航,76,48,28,富邦-陽明,2023-09-11,9604
3048,益登,28,0,28,富邦-陽明,2023-09-11,9604
3047,訊舟,30,2,28,富邦-陽明,2023-09-11,9604
6770,力積電,32,4,28,富邦-陽明,2023-09-11,9604
1584,精剛,42,15,27,富邦-陽明,2023-09-11,9604
00923,群益台ESG低碳50,29,4,25,富邦-陽明,2023-09-11,9604
00882,中信中國高股息,27,2,25,富邦-陽明,2023-09-11,9604
1722,台肥,473,0,473,富邦-陽明,2023-09-12,9604
00929,復華台灣科技優息,613,288,325,富邦-陽明,2023-09-12,9604
2363,矽統,379,101,278,富邦-陽明,2023-09-12,9604
2887,台新金,230,15,215,富邦-陽明,2023-09-12,9604
2883,凱基金,236,22,214,富邦-陽明,2023-09-12,9604
00919,群益台灣精選高息,215,3,212,富邦-陽明,2023-09-12,9604
00632R,元大台灣50反1,211,60,151,富邦-陽明,2023-09-12,9604
00772B,中信高評級公司債,206,66,140,富邦-陽明,2023-09-12,9604
2812,台中銀,121,5,116,富邦-陽明,2023-09-12,9604
2331,精英,123,13,110,富邦-陽明,2023-09-12,9604
00679B,元大美債20年,116,7,109,富邦-陽明,2023-09-12,9604
2610,華航,132,47,85,富邦-陽明,2023-09-12,9604
00751B,元大AAA至A公司債,84,0,84,富邦-陽明,2023-09-12,9604
2618,長榮航,140,64,76,富邦-陽明,2023-09-12,9604
00918,大華優利高填息30,72,0,72,富邦-陽明,2023-09-12,9604
2313,華通,233,162,71,富邦-陽明,2023-09-12,9604
00882,中信中國高股息,66,0,66,富邦-陽明,2023-09-12,9604
8034,榮群,58,3,55,富邦-陽明,2023-09-12,9604
6282,康舒,97,43,54,富邦-陽明,2023-09-12,9604
8011,台通,74,24,50,富邦-陽明,2023-09-12,9604
00720B,元大投資級公司債,58,9,49,富邦-陽明,2023-09-12,9604
00900,富邦特選高股息30,50,2,48,富邦-陽明,2023-09-12,9604
00915,凱基優選高股息30,48,0,48,富邦-陽明,2023-09-12,9604
00713,元大台灣高息低波,58,11,47,富邦-陽明,2023-09-12,9604
00885,富邦越南,49,2,47,富邦-陽明,2023-09-12,9604
2357,華碩,50,4,46,富邦-陽明,2023-09-12,9604
3709,鑫聯大投控,47,2,45,富邦-陽明,2023-09-12,9604
3346,麗清,61,16,45,富邦-陽明,2023-09-12,9604
3715,定穎投控,65,23,42,富邦-陽明,2023-09-12,9604
3036A,文曄甲特,41,0,41,富邦-陽明,2023-09-12,9604
00757,統一FANG+,41,0,41,富邦-陽明,2023-09-12,9604
2302,麗正,40,0,40,富邦-陽明,2023-09-12,9604
2332,友訊,55,19,36,富邦-陽明,2023-09-12,9604
2355,敬鵬,45,10,35,富邦-陽明,2023-09-12,9604
6120,達運,38,5,33,富邦-陽明,2023-09-12,9604
1417,嘉裕,32,0,32,富邦-陽明,2023-09-12,9604
00706L,期元大S＆P日圓正2,30,0,30,富邦-陽明,2023-09-12,9604
6125,廣運,72,44,28,富邦-陽明,2023-09-12,9604
00687B,國泰20年美債,28,0,28,富邦-陽明,2023-09-12,9604
00923,群益台ESG低碳50,29,1,28,富邦-陽明,2023-09-12,9604
2888,新光金,46,20,26,富邦-陽明,2023-09-12,9604
5309,系統電,29,4,25,富邦-陽明,2023-09-12,9604
8076,伍豐,31,6,25,富邦-陽明,2023-09-12,9604
2382,廣達,92,68,24,富邦-陽明,2023-09-12,9604
6111,大宇資,29,5,24,富邦-陽明,2023-09-12,9604
2330,台積電,41,18,23,富邦-陽明,2023-09-12,9604
8069,元太,40,17,23,富邦-陽明,2023-09-12,9604
2427,三商電,77,55,22,富邦-陽明,2023-09-12,9604
2630,亞航,140,118,22,富邦-陽明,2023-09-12,9604
2881,富邦金,31,9,22,富邦-陽明,2023-09-12,9604
00919,群益台灣精選高息,638,4,634,富邦-陽明,2023-09-13,9604
00929,復華台灣科技優息,631,80,551,富邦-陽明,2023-09-13,9604
1101,台泥,504,37,467,富邦-陽明,2023-09-13,9604
6770,力積電,180,15,165,富邦-陽明,2023-09-13,9604
00665L,富邦�琤肭磪囓�2,143,4,139,富邦-陽明,2023-09-13,9604
2883,凱基金,122,11,111,富邦-陽明,2023-09-13,9604
6164,華興,110,0,110,富邦-陽明,2023-09-13,9604
9934,成霖,117,10,107,富邦-陽明,2023-09-13,9604
2363,矽統,193,95,98,富邦-陽明,2023-09-13,9604
3481,群創,99,15,84,富邦-陽明,2023-09-13,9604
2313,華通,159,77,82,富邦-陽明,2023-09-13,9604
1524,耿鼎,268,194,74,富邦-陽明,2023-09-13,9604
00773B,中信優先金融債,70,0,70,富邦-陽明,2023-09-13,9604
00772B,中信高評級公司債,133,75,58,富邦-陽明,2023-09-13,9604
3704,合勤控,90,36,54,富邦-陽明,2023-09-13,9604
2611,志信,50,0,50,富邦-陽明,2023-09-13,9604
0056,元大高股息,103,53,50,富邦-陽明,2023-09-13,9604
00720B,元大投資級公司債,91,44,47,富邦-陽明,2023-09-13,9604
00715L,期街口布蘭特正2,46,1,45,富邦-陽明,2023-09-13,9604
3231,緯創,104,60,44,富邦-陽明,2023-09-13,9604
1471,首利,85,42,43,富邦-陽明,2023-09-13,9604
00632R,元大台灣50反1,131,90,41,富邦-陽明,2023-09-13,9604
2340,台亞,65,25,40,富邦-陽明,2023-09-13,9604
00637L,元大滬深300正2,50,10,40,富邦-陽明,2023-09-13,9604
2302,麗正,40,0,40,富邦-陽明,2023-09-13,9604
1522,堤維西,176,139,37,富邦-陽明,2023-09-13,9604
00673R,期元大S＆P原油反1,59,26,33,富邦-陽明,2023-09-13,9604
00648R,元大S＆P500反1,32,0,32,富邦-陽明,2023-09-13,9604
00932,兆豐永續高息等權,31,0,31,富邦-陽明,2023-09-13,9604
1809,中釉,54,23,31,富邦-陽明,2023-09-13,9604
3037,欣興,34,4,30,富邦-陽明,2023-09-13,9604
4968,立積,30,0,30,富邦-陽明,2023-09-13,9604
5371,中光電,46,17,29,富邦-陽明,2023-09-13,9604
4906,正文,37,12,25,富邦-陽明,2023-09-13,9604
2002,中鋼,58,33,25,富邦-陽明,2023-09-13,9604
6284,佳邦,52,28,24,富邦-陽明,2023-09-13,9604
1519,華城,41,18,23,富邦-陽明,2023-09-13,9604
1231,聯華食,22,0,22,富邦-陽明,2023-09-13,9604
00725B,國泰投資級公司債,22,0,22,富邦-陽明,2023-09-13,9604
2886,兆豐金,37,15,22,富邦-陽明,2023-09-13,9604
3711,日月光投控,24,3,21,富邦-陽明,2023-09-13,9604
3479,安勤,20,0,20,富邦-陽明,2023-09-13,9604
00639,富邦深100,20,0,20,富邦-陽明,2023-09-13,9604
00737,國泰AI+Robo,20,0,20,富邦-陽明,2023-09-13,9604
1598,岱宇,20,0,20,富邦-陽明,2023-09-13,9604
1215,卜蜂,26,6,20,富邦-陽明,2023-09-13,9604
00878,國泰永續高股息,154,135,19,富邦-陽明,2023-09-13,9604
00881,國泰台灣5G+,21,2,19,富邦-陽明,2023-09-13,9604
1603,華電,20,1,19,富邦-陽明,2023-09-13,9604
2603,長榮,23,5,18,富邦-陽明,2023-09-13,9604
00929,復華台灣科技優息,1100,112,988,富邦-陽明,2023-09-14,9604
00919,群益台灣精選高息,858,91,767,富邦-陽明,2023-09-14,9604
1101,台泥,225,16,209,富邦-陽明,2023-09-14,9604
00772B,中信高評級公司債,193,5,188,富邦-陽明,2023-09-14,9604
00751B,元大AAA至A公司債,130,1,129,富邦-陽明,2023-09-14,9604
1802,台玻,104,3,101,富邦-陽明,2023-09-14,9604
2371,大同,342,255,87,富邦-陽明,2023-09-14,9604
8933,愛地雅,72,0,72,富邦-陽明,2023-09-14,9604
00632R,元大台灣50反1,67,0,67,富邦-陽明,2023-09-14,9604
00885,富邦越南,72,6,66,富邦-陽明,2023-09-14,9604
2618,長榮航,79,17,62,富邦-陽明,2023-09-14,9604
2323,中環,72,15,57,富邦-陽明,2023-09-14,9604
2363,矽統,200,146,54,富邦-陽明,2023-09-14,9604
00900,富邦特選高股息30,104,52,52,富邦-陽明,2023-09-14,9604
8240,華宏,46,2,44,富邦-陽明,2023-09-14,9604
3094,聯傑,52,11,41,富邦-陽明,2023-09-14,9604
2610,華航,77,41,36,富邦-陽明,2023-09-14,9604
00679B,元大美債20年,44,8,36,富邦-陽明,2023-09-14,9604
00650L,復華香港正2,40,5,35,富邦-陽明,2023-09-14,9604
3005,神基,78,44,34,富邦-陽明,2023-09-14,9604
00773B,中信優先金融債,33,0,33,富邦-陽明,2023-09-14,9604
2883B,凱基金乙特,31,0,31,富邦-陽明,2023-09-14,9604
1326,台化,34,5,29,富邦-陽明,2023-09-14,9604
2402,毅嘉,48,20,28,富邦-陽明,2023-09-14,9604
00733,富邦臺灣中小,31,5,26,富邦-陽明,2023-09-14,9604
8048,德勝,84,58,26,富邦-陽明,2023-09-14,9604
00724B,群益投資級金融債,25,0,25,富邦-陽明,2023-09-14,9604
00752,中信中國50,25,0,25,富邦-陽明,2023-09-14,9604
3596,智易,34,10,24,富邦-陽明,2023-09-14,9604
3051,力特,26,3,23,富邦-陽明,2023-09-14,9604
2352,佳世達,35,13,22,富邦-陽明,2023-09-14,9604
1305,華夏,21,0,21,富邦-陽明,2023-09-14,9604
1314,中石化,26,5,21,富邦-陽明,2023-09-14,9604
8088,品安,35,14,21,富邦-陽明,2023-09-14,9604
00897,富邦基因免疫生技,21,0,21,富邦-陽明,2023-09-14,9604
00720B,元大投資級公司債,27,6,21,富邦-陽明,2023-09-14,9604
6179,亞通,20,0,20,富邦-陽明,2023-09-14,9604
2611,志信,20,0,20,富邦-陽明,2023-09-14,9604
6288,聯嘉,26,6,20,富邦-陽明,2023-09-14,9604
3162,精確,20,0,20,富邦-陽明,2023-09-14,9604
2002,中鋼,23,3,20,富邦-陽明,2023-09-14,9604
1609,大亞,26,7,19,富邦-陽明,2023-09-14,9604
2498,宏達電,24,5,19,富邦-陽明,2023-09-14,9604
6282,康舒,42,24,18,富邦-陽明,2023-09-14,9604
6279,胡連,20,2,18,富邦-陽明,2023-09-14,9604
2926,誠品生活,19,1,18,富邦-陽明,2023-09-14,9604
4532,瑞智,18,0,18,富邦-陽明,2023-09-14,9604
5439,高技,24,6,18,富邦-陽明,2023-09-14,9604
00712,復華富時不動產,24,6,18,富邦-陽明,2023-09-14,9604
1522,堤維西,315,298,17,富邦-陽明,2023-09-14,9604
6770,力積電,782,20,762,富邦-陽明,2023-09-15,9604
00929,復華台灣科技優息,832,295,537,富邦-陽明,2023-09-15,9604
00919,群益台灣精選高息,678,278,400,富邦-陽明,2023-09-15,9604
2486,一詮,171,36,135,富邦-陽明,2023-09-15,9604
2890,永豐金,131,0,131,富邦-陽明,2023-09-15,9604
00720B,元大投資級公司債,135,6,129,富邦-陽明,2023-09-15,9604
5347,世界,112,0,112,富邦-陽明,2023-09-15,9604
00857B,永豐20年美公債,108,0,108,富邦-陽明,2023-09-15,9604
00772B,中信高評級公司債,108,0,108,富邦-陽明,2023-09-15,9604
2838,聯邦銀,103,0,103,富邦-陽明,2023-09-15,9604
2316,楠梓電,106,4,102,富邦-陽明,2023-09-15,9604
00673R,期元大S＆P原油反1,100,0,100,富邦-陽明,2023-09-15,9604
2354,鴻準,101,12,89,富邦-陽明,2023-09-15,9604
3450,聯鈞,159,73,86,富邦-陽明,2023-09-15,9604
00885,富邦越南,79,5,74,富邦-陽明,2023-09-15,9604
00795B,中信美國公債20年,69,0,69,富邦-陽明,2023-09-15,9604
1402,遠東新,68,0,68,富邦-陽明,2023-09-15,9604
2317,鴻海,75,11,64,富邦-陽明,2023-09-15,9604
00637L,元大滬深300正2,195,131,64,富邦-陽明,2023-09-15,9604
00918,大華優利高填息30,75,12,63,富邦-陽明,2023-09-15,9604
00751B,元大AAA至A公司債,62,2,60,富邦-陽明,2023-09-15,9604
2607,榮運,62,8,54,富邦-陽明,2023-09-15,9604
2641,正德,101,48,53,富邦-陽明,2023-09-15,9604
2498,宏達電,56,4,52,富邦-陽明,2023-09-15,9604
3581,博磊,51,0,51,富邦-陽明,2023-09-15,9604
2610,華航,55,8,47,富邦-陽明,2023-09-15,9604
1802,台玻,58,11,47,富邦-陽明,2023-09-15,9604
00900,富邦特選高股息30,89,43,46,富邦-陽明,2023-09-15,9604
00773B,中信優先金融債,42,0,42,富邦-陽明,2023-09-15,9604
1609,大亞,45,5,40,富邦-陽明,2023-09-15,9604
00931B,統一美債20年,38,0,38,富邦-陽明,2023-09-15,9604
3013,晟銘電,51,13,38,富邦-陽明,2023-09-15,9604
5371,中光電,63,26,37,富邦-陽明,2023-09-15,9604
3094,聯傑,41,4,37,富邦-陽明,2023-09-15,9604
5880,合庫金,41,6,35,富邦-陽明,2023-09-15,9604
2897,王道銀行,33,0,33,富邦-陽明,2023-09-15,9604
00712,復華富時不動產,75,43,32,富邦-陽明,2023-09-15,9604
00679B,元大美債20年,45,14,31,富邦-陽明,2023-09-15,9604
2891,中信金,76,45,31,富邦-陽明,2023-09-15,9604
4564,元翎,35,4,31,富邦-陽明,2023-09-15,9604
6179,亞通,30,0,30,富邦-陽明,2023-09-15,9604
2399,映泰,31,3,28,富邦-陽明,2023-09-15,9604
1722,台肥,29,1,28,富邦-陽明,2023-09-15,9604
8069,元太,29,2,27,富邦-陽明,2023-09-15,9604
00724B,群益投資級金融債,27,0,27,富邦-陽明,2023-09-15,9604
00715L,期街口布蘭特正2,40,13,27,富邦-陽明,2023-09-15,9604
6108,競國,26,0,26,富邦-陽明,2023-09-15,9604
3231,緯創,75,49,26,富邦-陽明,2023-09-15,9604
00687B,國泰20年美債,25,0,25,富邦-陽明,2023-09-15,9604
1471,首利,36,11,25,富邦-陽明,2023-09-15,9604
00665L,富邦�琤肭磪囓�2,1385,70,1315,富邦-陽明,2023-09-18,9604
00919,群益台灣精選高息,1128,59,1069,富邦-陽明,2023-09-18,9604
00929,復華台灣科技優息,1126,186,940,富邦-陽明,2023-09-18,9604
1319,東陽,264,39,225,富邦-陽明,2023-09-18,9604
00679B,元大美債20年,136,6,130,富邦-陽明,2023-09-18,9604
00751B,元大AAA至A公司債,221,100,121,富邦-陽明,2023-09-18,9604
1524,耿鼎,142,28,114,富邦-陽明,2023-09-18,9604
2883,凱基金,111,0,111,富邦-陽明,2023-09-18,9604
00720B,元大投資級公司債,258,156,102,富邦-陽明,2023-09-18,9604
8420,明揚,97,0,97,富邦-陽明,2023-09-18,9604
00673R,期元大S＆P原油反1,92,0,92,富邦-陽明,2023-09-18,9604
2371,大同,143,58,85,富邦-陽明,2023-09-18,9604
1477,聚陽,78,3,75,富邦-陽明,2023-09-18,9604
3231,緯創,125,51,74,富邦-陽明,2023-09-18,9604
3715,定穎投控,121,48,73,富邦-陽明,2023-09-18,9604
3037,欣興,83,11,72,富邦-陽明,2023-09-18,9604
2330,台積電,80,9,71,富邦-陽明,2023-09-18,9604
8034,榮群,70,0,70,富邦-陽明,2023-09-18,9604
00900,富邦特選高股息30,72,6,66,富邦-陽明,2023-09-18,9604
2609,陽明,121,55,66,富邦-陽明,2023-09-18,9604
00795B,中信美國公債20年,65,0,65,富邦-陽明,2023-09-18,9604
00915,凱基優選高股息30,64,4,60,富邦-陽明,2023-09-18,9604
5880,合庫金,67,10,57,富邦-陽明,2023-09-18,9604
2637,慧洋-KY,68,11,57,富邦-陽明,2023-09-18,9604
2538,基泰,53,0,53,富邦-陽明,2023-09-18,9604
00930,永豐ESG低碳高息,52,0,52,富邦-陽明,2023-09-18,9604
3706,神達,52,1,51,富邦-陽明,2023-09-18,9604
00680L,元大美債20正2,51,0,51,富邦-陽明,2023-09-18,9604
8358,金居,53,3,50,富邦-陽明,2023-09-18,9604
2382,廣達,83,35,48,富邦-陽明,2023-09-18,9604
00931B,統一美債20年,47,0,47,富邦-陽明,2023-09-18,9604
00650L,復華香港正2,126,82,44,富邦-陽明,2023-09-18,9604
00687B,國泰20年美債,58,15,43,富邦-陽明,2023-09-18,9604
2388,威盛,109,66,43,富邦-陽明,2023-09-18,9604
1417,嘉裕,39,0,39,富邦-陽明,2023-09-18,9604
00918,大華優利高填息30,40,2,38,富邦-陽明,2023-09-18,9604
2405,輔信,40,2,38,富邦-陽明,2023-09-18,9604
2605,新興,138,103,35,富邦-陽明,2023-09-18,9604
00924,復華S＆P500成長,34,0,34,富邦-陽明,2023-09-18,9604
2883B,凱基金乙特,34,0,34,富邦-陽明,2023-09-18,9604
3324,雙鴻,45,11,34,富邦-陽明,2023-09-18,9604
00713,元大台灣高息低波,35,3,32,富邦-陽明,2023-09-18,9604
2409,友達,36,4,32,富邦-陽明,2023-09-18,9604
2302,麗正,30,0,30,富邦-陽明,2023-09-18,9604
2312,金寶,30,0,30,富邦-陽明,2023-09-18,9604
2897,王道銀行,30,1,29,富邦-陽明,2023-09-18,9604
00724B,群益投資級金融債,27,0,27,富邦-陽明,2023-09-18,9604
00882,中信中國高股息,26,0,26,富邦-陽明,2023-09-18,9604
2377,微星,28,2,26,富邦-陽明,2023-09-18,9604
2324,仁寶,45,19,26,富邦-陽明,2023-09-18,9604
00929,復華台灣科技優息,769,89,680,富邦-陽明,2023-09-19,9604
00919,群益台灣精選高息,453,62,391,富邦-陽明,2023-09-19,9604
2834,臺企銀,210,1,209,富邦-陽明,2023-09-19,9604
00665L,富邦�琤肭磪囓�2,229,37,192,富邦-陽明,2023-09-19,9604
00878,國泰永續高股息,198,11,187,富邦-陽明,2023-09-19,9604
6901,鑽石投資,189,57,132,富邦-陽明,2023-09-19,9604
2313,華通,305,188,117,富邦-陽明,2023-09-19,9604
3231,緯創,267,159,108,富邦-陽明,2023-09-19,9604
00921,兆豐龍頭等權重,96,0,96,富邦-陽明,2023-09-19,9604
3706,神達,131,44,87,富邦-陽明,2023-09-19,9604
6282,康舒,90,9,81,富邦-陽明,2023-09-19,9604
2330,台積電,82,4,78,富邦-陽明,2023-09-19,9604
8431,匯鑽科,62,0,62,富邦-陽明,2023-09-19,9604
2392,正崴,68,7,61,富邦-陽明,2023-09-19,9604
2337,旺宏,65,6,59,富邦-陽明,2023-09-19,9604
00885,富邦越南,62,13,49,富邦-陽明,2023-09-19,9604
1477,聚陽,52,3,49,富邦-陽明,2023-09-19,9604
00712,復華富時不動產,55,10,45,富邦-陽明,2023-09-19,9604
00932,兆豐永續高息等權,47,2,45,富邦-陽明,2023-09-19,9604
2883B,凱基金乙特,45,0,45,富邦-陽明,2023-09-19,9604
2618,長榮航,71,27,44,富邦-陽明,2023-09-19,9604
2498,宏達電,45,1,44,富邦-陽明,2023-09-19,9604
3311,閎暉,52,10,42,富邦-陽明,2023-09-19,9604
2637,慧洋-KY,78,37,41,富邦-陽明,2023-09-19,9604
2344,華邦電,66,25,41,富邦-陽明,2023-09-19,9604
2382,廣達,106,66,40,富邦-陽明,2023-09-19,9604
2883,凱基金,41,2,39,富邦-陽明,2023-09-19,9604
5381,合正,110,74,36,富邦-陽明,2023-09-19,9604
3017,奇鋐,52,17,35,富邦-陽明,2023-09-19,9604
4979,華星光,85,51,34,富邦-陽明,2023-09-19,9604
00679B,元大美債20年,36,5,31,富邦-陽明,2023-09-19,9604
2302,麗正,30,0,30,富邦-陽明,2023-09-19,9604
00693U,期街口S＆P黃豆,29,0,29,富邦-陽明,2023-09-19,9604
8420,明揚,29,0,29,富邦-陽明,2023-09-19,9604
1101,台泥,46,17,29,富邦-陽明,2023-09-19,9604
3035,智原,52,23,29,富邦-陽明,2023-09-19,9604
4147,中裕,31,5,26,富邦-陽明,2023-09-19,9604
1522,堤維西,91,65,26,富邦-陽明,2023-09-19,9604
2353,宏��,27,2,25,富邦-陽明,2023-09-19,9604
1417,嘉裕,25,0,25,富邦-陽明,2023-09-19,9604
00633L,富邦上証正2,35,10,25,富邦-陽明,2023-09-19,9604
5465,富驊,34,9,25,富邦-陽明,2023-09-19,9604
2014,中鴻,31,6,25,富邦-陽明,2023-09-19,9604
00915,凱基優選高股息30,29,5,24,富邦-陽明,2023-09-19,9604
8996,高力,25,1,24,富邦-陽明,2023-09-19,9604
5371,中光電,31,7,24,富邦-陽明,2023-09-19,9604
5347,世界,58,35,23,富邦-陽明,2023-09-19,9604
3483,力致,23,0,23,富邦-陽明,2023-09-19,9604
1326,台化,23,0,23,富邦-陽明,2023-09-19,9604
1909,榮成,22,0,22,富邦-陽明,2023-09-19,9604
00929,復華台灣科技優息,1488,743,745,富邦-陽明,2023-09-20,9604
2883,凱基金,513,20,493,富邦-陽明,2023-09-20,9604
00919,群益台灣精選高息,399,41,358,富邦-陽明,2023-09-20,9604
2618,長榮航,223,45,178,富邦-陽明,2023-09-20,9604
00679B,元大美債20年,179,3,176,富邦-陽明,2023-09-20,9604
00687B,國泰20年美債,167,7,160,富邦-陽明,2023-09-20,9604
00878,國泰永續高股息,197,44,153,富邦-陽明,2023-09-20,9604
00751B,元大AAA至A公司債,166,34,132,富邦-陽明,2023-09-20,9604
00665L,富邦�琤肭磪囓�2,132,7,125,富邦-陽明,2023-09-20,9604
6257,矽格,152,35,117,富邦-陽明,2023-09-20,9604
2409,友達,98,0,98,富邦-陽明,2023-09-20,9604
2332,友訊,112,21,91,富邦-陽明,2023-09-20,9604
00921,兆豐龍頭等權重,90,0,90,富邦-陽明,2023-09-20,9604
00772B,中信高評級公司債,106,20,86,富邦-陽明,2023-09-20,9604
3450,聯鈞,108,22,86,富邦-陽明,2023-09-20,9604
8420,明揚,83,0,83,富邦-陽明,2023-09-20,9604
00773B,中信優先金融債,82,0,82,富邦-陽明,2023-09-20,9604
00720B,元大投資級公司債,79,1,78,富邦-陽明,2023-09-20,9604
2515,中工,73,0,73,富邦-陽明,2023-09-20,9604
1802,台玻,163,96,67,富邦-陽明,2023-09-20,9604
4167,松瑞藥,67,3,64,富邦-陽明,2023-09-20,9604
2324,仁寶,67,4,63,富邦-陽明,2023-09-20,9604
2313,華通,245,183,62,富邦-陽明,2023-09-20,9604
2354,鴻準,94,34,60,富邦-陽明,2023-09-20,9604
2330,台積電,87,29,58,富邦-陽明,2023-09-20,9604
1101,台泥,56,0,56,富邦-陽明,2023-09-20,9604
8068,全達,59,6,53,富邦-陽明,2023-09-20,9604
2888,新光金,52,0,52,富邦-陽明,2023-09-20,9604
2607,榮運,53,1,52,富邦-陽明,2023-09-20,9604
2845,遠東銀,50,1,49,富邦-陽明,2023-09-20,9604
3037,欣興,75,26,49,富邦-陽明,2023-09-20,9604
2392,正崴,46,0,46,富邦-陽明,2023-09-20,9604
6901,鑽石投資,58,13,45,富邦-陽明,2023-09-20,9604
2882,國泰金,43,0,43,富邦-陽明,2023-09-20,9604
2881,富邦金,40,2,38,富邦-陽明,2023-09-20,9604
2449,京元電子,112,74,38,富邦-陽明,2023-09-20,9604
00905,FT臺灣Smart,39,1,38,富邦-陽明,2023-09-20,9604
1584,精剛,63,26,37,富邦-陽明,2023-09-20,9604
00932,兆豐永續高息等權,35,0,35,富邦-陽明,2023-09-20,9604
2637,慧洋-KY,63,28,35,富邦-陽明,2023-09-20,9604
8046,南電,37,2,35,富邦-陽明,2023-09-20,9604
1605,華新,54,20,34,富邦-陽明,2023-09-20,9604
3576,聯合再生,40,7,33,富邦-陽明,2023-09-20,9604
2401,凌陽,34,3,31,富邦-陽明,2023-09-20,9604
6443,元晶,31,0,31,富邦-陽明,2023-09-20,9604
8215,明基材,30,0,30,富邦-陽明,2023-09-20,9604
2606,裕民,46,16,30,富邦-陽明,2023-09-20,9604
2885,元大金,31,1,30,富邦-陽明,2023-09-20,9604
2883B,凱基金乙特,29,0,29,富邦-陽明,2023-09-20,9604
1316,上曜,32,4,28,富邦-陽明,2023-09-20,9604
1802,台玻,249,6,243,富邦-陽明,2023-09-21,9604
00720B,元大投資級公司債,246,24,222,富邦-陽明,2023-09-21,9604
2883,凱基金,160,20,140,富邦-陽明,2023-09-21,9604
8420,明揚,120,0,120,富邦-陽明,2023-09-21,9604
1101,台泥,119,7,112,富邦-陽明,2023-09-21,9604
00919,群益台灣精選高息,206,94,112,富邦-陽明,2023-09-21,9604
00650L,復華香港正2,129,20,109,富邦-陽明,2023-09-21,9604
0050,元大台灣50,88,7,81,富邦-陽明,2023-09-21,9604
00878,國泰永續高股息,313,234,79,富邦-陽明,2023-09-21,9604
00753L,中信中國50正2,84,5,79,富邦-陽明,2023-09-21,9604
2891,中信金,79,1,78,富邦-陽明,2023-09-21,9604
2887,台新金,84,7,77,富邦-陽明,2023-09-21,9604
0056,元大高股息,130,54,76,富邦-陽明,2023-09-21,9604
2330,台積電,99,37,62,富邦-陽明,2023-09-21,9604
00929,復華台灣科技優息,730,670,60,富邦-陽明,2023-09-21,9604
2897,王道銀行,60,0,60,富邦-陽明,2023-09-21,9604
2881,富邦金,62,4,58,富邦-陽明,2023-09-21,9604
2002,中鋼,80,23,57,富邦-陽明,2023-09-21,9604
5880,合庫金,80,24,56,富邦-陽明,2023-09-21,9604
2845,遠東銀,55,0,55,富邦-陽明,2023-09-21,9604
00665L,富邦�琤肭磪囓�2,65,11,54,富邦-陽明,2023-09-21,9604
3037,欣興,73,20,53,富邦-陽明,2023-09-21,9604
00900,富邦特選高股息30,65,15,50,富邦-陽明,2023-09-21,9604
3706,神達,93,45,48,富邦-陽明,2023-09-21,9604
2892,第一金,54,7,47,富邦-陽明,2023-09-21,9604
2367,燿華,127,81,46,富邦-陽明,2023-09-21,9604
00680L,元大美債20正2,65,23,42,富邦-陽明,2023-09-21,9604
2611,志信,41,0,41,富邦-陽明,2023-09-21,9604
2605,新興,72,31,41,富邦-陽明,2023-09-21,9604
00932,兆豐永續高息等權,40,0,40,富邦-陽明,2023-09-21,9604
006208,富邦台50,42,2,40,富邦-陽明,2023-09-21,9604
8050,廣積,53,14,39,富邦-陽明,2023-09-21,9604
2344,華邦電,41,3,38,富邦-陽明,2023-09-21,9604
8112,至上,77,44,33,富邦-陽明,2023-09-21,9604
00687B,國泰20年美債,33,0,33,富邦-陽明,2023-09-21,9604
2641,正德,63,31,32,富邦-陽明,2023-09-21,9604
2409,友達,34,3,31,富邦-陽明,2023-09-21,9604
2603,長榮,41,10,31,富邦-陽明,2023-09-21,9604
00921,兆豐龍頭等權重,31,0,31,富邦-陽明,2023-09-21,9604
1417,嘉裕,30,0,30,富邦-陽明,2023-09-21,9604
2834,臺企銀,31,2,29,富邦-陽明,2023-09-21,9604
3711,日月光投控,30,2,28,富邦-陽明,2023-09-21,9604
5328,華容,28,0,28,富邦-陽明,2023-09-21,9604
00679B,元大美債20年,68,40,28,富邦-陽明,2023-09-21,9604
3673,TPK-KY,27,0,27,富邦-陽明,2023-09-21,9604
00915,凱基優選高股息30,36,10,26,富邦-陽明,2023-09-21,9604
3052,夆典,26,0,26,富邦-陽明,2023-09-21,9604
00923,群益台ESG低碳50,26,0,26,富邦-陽明,2023-09-21,9604
1584,精剛,122,96,26,富邦-陽明,2023-09-21,9604
2317,鴻海,30,4,26,富邦-陽明,2023-09-21,9604
00919,群益台灣精選高息,509,25,484,富邦-陽明,2023-09-22,9604
00679B,元大美債20年,342,109,233,富邦-陽明,2023-09-22,9604
00680L,元大美債20正2,217,35,182,富邦-陽明,2023-09-22,9604
2618,長榮航,196,47,149,富邦-陽明,2023-09-22,9604
2891,中信金,126,0,126,富邦-陽明,2023-09-22,9604
00687B,國泰20年美債,118,0,118,富邦-陽明,2023-09-22,9604
00885,富邦越南,113,8,105,富邦-陽明,2023-09-22,9604
00929,復華台灣科技優息,325,220,105,富邦-陽明,2023-09-22,9604
2371,大同,109,8,101,富邦-陽明,2023-09-22,9604
00751B,元大AAA至A公司債,133,39,94,富邦-陽明,2023-09-22,9604
00720B,元大投資級公司債,106,14,92,富邦-陽明,2023-09-22,9604
2330,台積電,99,16,83,富邦-陽明,2023-09-22,9604
3450,聯鈞,130,56,74,富邦-陽明,2023-09-22,9604
00637L,元大滬深300正2,217,149,68,富邦-陽明,2023-09-22,9604
00712,復華富時不動產,102,38,64,富邦-陽明,2023-09-22,9604
2303,聯電,78,17,61,富邦-陽明,2023-09-22,9604
00881,國泰台灣5G+,68,8,60,富邦-陽明,2023-09-22,9604
00931B,統一美債20年,55,0,55,富邦-陽明,2023-09-22,9604
3149,正達,54,2,52,富邦-陽明,2023-09-22,9604
8420,明揚,49,0,49,富邦-陽明,2023-09-22,9604
2881,富邦金,47,1,46,富邦-陽明,2023-09-22,9604
00795B,中信美國公債20年,68,23,45,富邦-陽明,2023-09-22,9604
1101,台泥,347,303,44,富邦-陽明,2023-09-22,9604
00857B,永豐20年美公債,40,0,40,富邦-陽明,2023-09-22,9604
2883,凱基金,57,18,39,富邦-陽明,2023-09-22,9604
2887,台新金,40,3,37,富邦-陽明,2023-09-22,9604
2883B,凱基金乙特,33,0,33,富邦-陽明,2023-09-22,9604
3036,文曄,53,21,32,富邦-陽明,2023-09-22,9604
2014,中鴻,47,15,32,富邦-陽明,2023-09-22,9604
2421,建準,37,6,31,富邦-陽明,2023-09-22,9604
2337,旺宏,42,11,31,富邦-陽明,2023-09-22,9604
2017,官田鋼,30,0,30,富邦-陽明,2023-09-22,9604
2302,麗正,30,0,30,富邦-陽明,2023-09-22,9604
2515,中工,31,1,30,富邦-陽明,2023-09-22,9604
00772B,中信高評級公司債,75,45,30,富邦-陽明,2023-09-22,9604
2882,國泰金,29,0,29,富邦-陽明,2023-09-22,9604
2317,鴻海,32,3,29,富邦-陽明,2023-09-22,9604
00665L,富邦�琤肭磪囓�2,95,67,28,富邦-陽明,2023-09-22,9604
00921,兆豐龍頭等權重,25,0,25,富邦-陽明,2023-09-22,9604
00671R,富邦NASDAQ反1,36,11,25,富邦-陽明,2023-09-22,9604
6770,力積電,26,1,25,富邦-陽明,2023-09-22,9604
1417,嘉裕,25,0,25,富邦-陽明,2023-09-22,9604
8087,麗升能源,25,1,24,富邦-陽明,2023-09-22,9604
3481,群創,24,2,22,富邦-陽明,2023-09-22,9604
1444,力麗,45,24,21,富邦-陽明,2023-09-22,9604
2912,統一超,24,3,21,富邦-陽明,2023-09-22,9604
1219,福壽,21,0,21,富邦-陽明,2023-09-22,9604
3037,欣興,41,21,20,富邦-陽明,2023-09-22,9604
2606,裕民,24,5,19,富邦-陽明,2023-09-22,9604
6015,宏遠證,19,0,19,富邦-陽明,2023-09-22,9604
00929,復華台灣科技優息,298,125,173,富邦-陽明,2023-09-25,9604
00679B,元大美債20年,154,12,142,富邦-陽明,2023-09-25,9604
2363,矽統,241,115,126,富邦-陽明,2023-09-25,9604
2313,華通,154,32,122,富邦-陽明,2023-09-25,9604
00919,群益台灣精選高息,183,66,117,富邦-陽明,2023-09-25,9604
2618,長榮航,179,72,107,富邦-陽明,2023-09-25,9604
2303,聯電,104,10,94,富邦-陽明,2023-09-25,9604
00733,富邦臺灣中小,89,1,88,富邦-陽明,2023-09-25,9604
2382,廣達,89,26,63,富邦-陽明,2023-09-25,9604
2537,聯上發,60,3,57,富邦-陽明,2023-09-25,9604
3363,上詮,149,95,54,富邦-陽明,2023-09-25,9604
3706,神達,58,13,45,富邦-陽明,2023-09-25,9604
1795,美時,52,11,41,富邦-陽明,2023-09-25,9604
2501,國建,41,0,41,富邦-陽明,2023-09-25,9604
00885,富邦越南,43,2,41,富邦-陽明,2023-09-25,9604
1402,遠東新,41,1,40,富邦-陽明,2023-09-25,9604
2883,凱基金,46,6,40,富邦-陽明,2023-09-25,9604
3163,波若威,55,17,38,富邦-陽明,2023-09-25,9604
1504,東元,95,58,37,富邦-陽明,2023-09-25,9604
3231,緯創,122,85,37,富邦-陽明,2023-09-25,9604
2314,台揚,40,4,36,富邦-陽明,2023-09-25,9604
2605,新興,52,18,34,富邦-陽明,2023-09-25,9604
1717,長興,37,4,33,富邦-陽明,2023-09-25,9604
3236,千如,31,0,31,富邦-陽明,2023-09-25,9604
2344,華邦電,33,3,30,富邦-陽明,2023-09-25,9604
2634,漢翔,42,12,30,富邦-陽明,2023-09-25,9604
8431,匯鑽科,30,0,30,富邦-陽明,2023-09-25,9604
00712,復華富時不動產,28,0,28,富邦-陽明,2023-09-25,9604
2603,長榮,32,4,28,富邦-陽明,2023-09-25,9604
2884,玉山金,29,3,26,富邦-陽明,2023-09-25,9604
6770,力積電,26,0,26,富邦-陽明,2023-09-25,9604
2609,陽明,44,20,24,富邦-陽明,2023-09-25,9604
2882,國泰金,25,2,23,富邦-陽明,2023-09-25,9604
3548,兆利,38,15,23,富邦-陽明,2023-09-25,9604
3025,星通,29,6,23,富邦-陽明,2023-09-25,9604
2367,燿華,49,27,22,富邦-陽明,2023-09-25,9604
2485,兆赫,23,1,22,富邦-陽明,2023-09-25,9604
00922,國泰台灣領袖50,22,0,22,富邦-陽明,2023-09-25,9604
0056,元大高股息,45,23,22,富邦-陽明,2023-09-25,9604
00893,國泰智能電動車,21,0,21,富邦-陽明,2023-09-25,9604
3711,日月光投控,22,2,20,富邦-陽明,2023-09-25,9604
3583,辛耘,28,8,20,富邦-陽明,2023-09-25,9604
00915,凱基優選高股息30,20,0,20,富邦-陽明,2023-09-25,9604
2897,王道銀行,20,0,20,富邦-陽明,2023-09-25,9604
2816,旺旺保,21,1,20,富邦-陽明,2023-09-25,9604
2611,志信,20,0,20,富邦-陽明,2023-09-25,9604
2421,建準,23,4,19,富邦-陽明,2023-09-25,9604
9945,潤泰新,23,6,17,富邦-陽明,2023-09-25,9604
2408,南亞科,21,5,16,富邦-陽明,2023-09-25,9604
1584,精剛,61,46,15,富邦-陽明,2023-09-25,9604
00919,群益台灣精選高息,692,18,674,富邦-陽明,2023-09-26,9604
00679B,元大美債20年,389,27,362,富邦-陽明,2023-09-26,9604
00929,復華台灣科技優息,402,43,359,富邦-陽明,2023-09-26,9604
00680L,元大美債20正2,293,15,278,富邦-陽明,2023-09-26,9604
2883,凱基金,219,6,213,富邦-陽明,2023-09-26,9604
2913,農林,200,0,200,富邦-陽明,2023-09-26,9604
00687B,國泰20年美債,191,0,191,富邦-陽明,2023-09-26,9604
00665L,富邦�琤肭磪囓�2,192,11,181,富邦-陽明,2023-09-26,9604
00885,富邦越南,178,5,173,富邦-陽明,2023-09-26,9604
2881,富邦金,157,7,150,富邦-陽明,2023-09-26,9604
00632R,元大台灣50反1,211,62,149,富邦-陽明,2023-09-26,9604
6770,力積電,145,5,140,富邦-陽明,2023-09-26,9604
2634,漢翔,146,23,123,富邦-陽明,2023-09-26,9604
00772B,中信高評級公司債,104,1,103,富邦-陽明,2023-09-26,9604
00650L,復華香港正2,121,30,91,富邦-陽明,2023-09-26,9604
2501,國建,90,0,90,富邦-陽明,2023-09-26,9604
4906,正文,104,29,75,富邦-陽明,2023-09-26,9604
1304,台聚,72,0,72,富邦-陽明,2023-09-26,9604
2330,台積電,86,15,71,富邦-陽明,2023-09-26,9604
02001L,富邦蘋果正二N,69,0,69,富邦-陽明,2023-09-26,9604
1101,台泥,69,1,68,富邦-陽明,2023-09-26,9604
6257,矽格,75,10,65,富邦-陽明,2023-09-26,9604
3711,日月光投控,66,1,65,富邦-陽明,2023-09-26,9604
00720B,元大投資級公司債,65,1,64,富邦-陽明,2023-09-26,9604
00878,國泰永續高股息,128,64,64,富邦-陽明,2023-09-26,9604
6117,迎廣,63,0,63,富邦-陽明,2023-09-26,9604
2303,聯電,84,23,61,富邦-陽明,2023-09-26,9604
2002,中鋼,63,3,60,富邦-陽明,2023-09-26,9604
2337,旺宏,54,0,54,富邦-陽明,2023-09-26,9604
0056,元大高股息,101,47,54,富邦-陽明,2023-09-26,9604
1417,嘉裕,54,0,54,富邦-陽明,2023-09-26,9604
1522,堤維西,111,57,54,富邦-陽明,2023-09-26,9604
2308,台達電,54,2,52,富邦-陽明,2023-09-26,9604
2880,華南金,50,0,50,富邦-陽明,2023-09-26,9604
2542,興富發,65,15,50,富邦-陽明,2023-09-26,9604
00931B,統一美債20年,64,15,49,富邦-陽明,2023-09-26,9604
3706,神達,50,8,42,富邦-陽明,2023-09-26,9604
2537,聯上發,42,0,42,富邦-陽明,2023-09-26,9604
1524,耿鼎,126,85,41,富邦-陽明,2023-09-26,9604
2538,基泰,59,18,41,富邦-陽明,2023-09-26,9604
5880,合庫金,57,18,39,富邦-陽明,2023-09-26,9604
00751B,元大AAA至A公司債,80,42,38,富邦-陽明,2023-09-26,9604
2882,國泰金,37,1,36,富邦-陽明,2023-09-26,9604
1402,遠東新,40,4,36,富邦-陽明,2023-09-26,9604
2461,光群雷,36,0,36,富邦-陽明,2023-09-26,9604
00637L,元大滬深300正2,49,13,36,富邦-陽明,2023-09-26,9604
2340,台亞,54,21,33,富邦-陽明,2023-09-26,9604
2382,廣達,72,39,33,富邦-陽明,2023-09-26,9604
8996,高力,47,14,33,富邦-陽明,2023-09-26,9604
00795B,中信美國公債20年,32,0,32,富邦-陽明,2023-09-26,9604
00929,復華台灣科技優息,548,88,460,富邦-陽明,2023-09-27,9604
00919,群益台灣精選高息,176,18,158,富邦-陽明,2023-09-27,9604
6117,迎廣,179,26,153,富邦-陽明,2023-09-27,9604
3037,欣興,148,19,129,富邦-陽明,2023-09-27,9604
2002,中鋼,166,44,122,富邦-陽明,2023-09-27,9604
2891,中信金,119,5,114,富邦-陽明,2023-09-27,9604
2331,精英,100,0,100,富邦-陽明,2023-09-27,9604
2303,聯電,125,31,94,富邦-陽明,2023-09-27,9604
2888,新光金,106,16,90,富邦-陽明,2023-09-27,9604
6770,力積電,76,0,76,富邦-陽明,2023-09-27,9604
2501,國建,71,0,71,富邦-陽明,2023-09-27,9604
2605,新興,103,34,69,富邦-陽明,2023-09-27,9604
1618,合機,115,55,60,富邦-陽明,2023-09-27,9604
00720B,元大投資級公司債,57,6,51,富邦-陽明,2023-09-27,9604
00932,兆豐永續高息等權,57,8,49,富邦-陽明,2023-09-27,9604
3325,旭品,53,10,43,富邦-陽明,2023-09-27,9604
2882,國泰金,44,2,42,富邦-陽明,2023-09-27,9604
2892,第一金,52,11,41,富邦-陽明,2023-09-27,9604
1301,台塑,40,0,40,富邦-陽明,2023-09-27,9604
1314,中石化,40,4,36,富邦-陽明,2023-09-27,9604
2611,志信,35,0,35,富邦-陽明,2023-09-27,9604
1417,嘉裕,34,0,34,富邦-陽明,2023-09-27,9604
8034,榮群,38,5,33,富邦-陽明,2023-09-27,9604
1326,台化,32,0,32,富邦-陽明,2023-09-27,9604
2883,凱基金,33,1,32,富邦-陽明,2023-09-27,9604
00900,富邦特選高股息30,35,3,32,富邦-陽明,2023-09-27,9604
2337,旺宏,38,9,29,富邦-陽明,2023-09-27,9604
3715,定穎投控,197,169,28,富邦-陽明,2023-09-27,9604
2618,長榮航,74,47,27,富邦-陽明,2023-09-27,9604
1308,亞聚,27,1,26,富邦-陽明,2023-09-27,9604
2344,華邦電,29,3,26,富邦-陽明,2023-09-27,9604
2302,麗正,25,0,25,富邦-陽明,2023-09-27,9604
8054,安國,31,6,25,富邦-陽明,2023-09-27,9604
3042,晶技,28,3,25,富邦-陽明,2023-09-27,9604
3481,群創,27,4,23,富邦-陽明,2023-09-27,9604
0050,元大台灣50,26,2,24,富邦-陽明,2023-09-27,9604
00923,群益台ESG低碳50,30,7,23,富邦-陽明,2023-09-27,9604
9945,潤泰新,27,5,22,富邦-陽明,2023-09-27,9604
1609,大亞,75,53,22,富邦-陽明,2023-09-27,9604
00713,元大台灣高息低波,22,1,21,富邦-陽明,2023-09-27,9604
5324,士開,25,4,21,富邦-陽明,2023-09-27,9604
00751B,元大AAA至A公司債,20,0,20,富邦-陽明,2023-09-27,9604
2390,云辰,20,0,20,富邦-陽明,2023-09-27,9604
00653L,富邦印度正2,20,0,20,富邦-陽明,2023-09-27,9604
3450,聯鈞,103,83,20,富邦-陽明,2023-09-27,9604
9940,信義,20,0,20,富邦-陽明,2023-09-27,9604
2641,正德,27,8,19,富邦-陽明,2023-09-27,9604
00733,富邦臺灣中小,25,7,18,富邦-陽明,2023-09-27,9604
8996,高力,40,22,18,富邦-陽明,2023-09-27,9604
00712,復華富時不動產,34,17,17,富邦-陽明,2023-09-27,9604
00929,復華台灣科技優息,615,34,581,富邦-陽明,2023-09-28,9604
2887,台新金,459,0,459,富邦-陽明,2023-09-28,9604
00679B,元大美債20年,365,57,308,富邦-陽明,2023-09-28,9604
00687B,國泰20年美債,286,0,286,富邦-陽明,2023-09-28,9604
3231,緯創,255,84,171,富邦-陽明,2023-09-28,9604
2449,京元電子,147,12,135,富邦-陽明,2023-09-28,9604
00772B,中信高評級公司債,166,31,135,富邦-陽明,2023-09-28,9604
2344,華邦電,143,14,129,富邦-陽明,2023-09-28,9604
6770,力積電,119,15,104,富邦-陽明,2023-09-28,9604
2002,中鋼,122,22,100,富邦-陽明,2023-09-28,9604
3052,夆典,98,0,98,富邦-陽明,2023-09-28,9604
00751B,元大AAA至A公司債,84,1,83,富邦-陽明,2023-09-28,9604
2317,鴻海,93,14,79,富邦-陽明,2023-09-28,9604
2609,陽明,93,18,75,富邦-陽明,2023-09-28,9604
00650L,復華香港正2,76,11,65,富邦-陽明,2023-09-28,9604
00878,國泰永續高股息,76,13,63,富邦-陽明,2023-09-28,9604
2880,華南金,63,6,57,富邦-陽明,2023-09-28,9604
2610,華航,129,72,57,富邦-陽明,2023-09-28,9604
2538,基泰,50,0,50,富邦-陽明,2023-09-28,9604
00753L,中信中國50正2,51,2,49,富邦-陽明,2023-09-28,9604
00795B,中信美國公債20年,48,0,48,富邦-陽明,2023-09-28,9604
00931B,統一美債20年,46,0,46,富邦-陽明,2023-09-28,9604
2363,矽統,139,95,44,富邦-陽明,2023-09-28,9604
2882,國泰金,44,1,43,富邦-陽明,2023-09-28,9604
6120,達運,72,29,43,富邦-陽明,2023-09-28,9604
2801,彰銀,42,0,42,富邦-陽明,2023-09-28,9604
6901,鑽石投資,42,2,40,富邦-陽明,2023-09-28,9604
2611,志信,40,0,40,富邦-陽明,2023-09-28,9604
3444,利機,45,5,40,富邦-陽明,2023-09-28,9604
3276,宇環,44,5,39,富邦-陽明,2023-09-28,9604
2376,技嘉,82,44,38,富邦-陽明,2023-09-28,9604
2408,南亞科,38,1,37,富邦-陽明,2023-09-28,9604
1402,遠東新,39,2,37,富邦-陽明,2023-09-28,9604
2014,中鴻,33,0,33,富邦-陽明,2023-09-28,9604
2354,鴻準,43,10,33,富邦-陽明,2023-09-28,9604
00633L,富邦上証正2,34,2,32,富邦-陽明,2023-09-28,9604
00712,復華富時不動產,89,57,32,富邦-陽明,2023-09-28,9604
1560,中砂,66,35,31,富邦-陽明,2023-09-28,9604
3042,晶技,41,11,30,富邦-陽明,2023-09-28,9604
00885,富邦越南,58,28,30,富邦-陽明,2023-09-28,9604
3450,聯鈞,69,41,28,富邦-陽明,2023-09-28,9604
2353,宏��,33,6,27,富邦-陽明,2023-09-28,9604
3322,建舜電,34,7,27,富邦-陽明,2023-09-28,9604
5225,東科-KY,40,14,26,富邦-陽明,2023-09-28,9604
00665L,富邦�琤肭磪囓�2,56,30,26,富邦-陽明,2023-09-28,9604
2201,裕隆,45,20,25,富邦-陽明,2023-09-28,9604
2618,長榮航,34,10,24,富邦-陽明,2023-09-28,9604
5324,士開,43,20,23,富邦-陽明,2023-09-28,9604
2606,裕民,25,2,23,富邦-陽明,2023-09-28,9604
1447,力鵬,22,0,22,富邦-陽明,2023-09-28,9604
00929,復華台灣科技優息,366,75,291,富邦-陽明,2023-10-02,9604
2883,凱基金,250,1,249,富邦-陽明,2023-10-02,9604
02001R,富邦蘋果反一N,165,0,165,富邦-陽明,2023-10-02,9604
2014,中鴻,145,0,145,富邦-陽明,2023-10-02,9604
2618,長榮航,144,1,143,富邦-陽明,2023-10-02,9604
1609,大亞,211,76,135,富邦-陽明,2023-10-02,9604
5880,合庫金,115,5,110,富邦-陽明,2023-10-02,9604
2609,陽明,124,16,108,富邦-陽明,2023-10-02,9604
00919,群益台灣精選高息,116,8,108,富邦-陽明,2023-10-02,9604
00671R,富邦NASDAQ反1,101,8,93,富邦-陽明,2023-10-02,9604
2888,新光金,83,5,78,富邦-陽明,2023-10-02,9604
2363,矽統,185,110,75,富邦-陽明,2023-10-02,9604
2002,中鋼,122,49,73,富邦-陽明,2023-10-02,9604
00751B,元大AAA至A公司債,76,7,69,富邦-陽明,2023-10-02,9604
2845,遠東銀,59,0,59,富邦-陽明,2023-10-02,9604
5871,中租-KY,56,1,55,富邦-陽明,2023-10-02,9604
00772B,中信高評級公司債,60,6,54,富邦-陽明,2023-10-02,9604
00679B,元大美債20年,61,10,51,富邦-陽明,2023-10-02,9604
2409,友達,63,15,48,富邦-陽明,2023-10-02,9604
00878,國泰永續高股息,144,97,47,富邦-陽明,2023-10-02,9604
3481,群創,64,17,47,富邦-陽明,2023-10-02,9604
2603,長榮,79,33,46,富邦-陽明,2023-10-02,9604
2538,基泰,43,1,42,富邦-陽明,2023-10-02,9604
2883B,凱基金乙特,41,0,41,富邦-陽明,2023-10-02,9604
2313,華通,52,19,33,富邦-陽明,2023-10-02,9604
2323,中環,34,1,33,富邦-陽明,2023-10-02,9604
2402,毅嘉,43,13,30,富邦-陽明,2023-10-02,9604
3712,永崴投控,30,0,30,富邦-陽明,2023-10-02,9604
4979,華星光,41,11,30,富邦-陽明,2023-10-02,9604
2356,英業達,93,65,28,富邦-陽明,2023-10-02,9604
1603,華電,26,0,26,富邦-陽明,2023-10-02,9604
1618,合機,49,24,25,富邦-陽明,2023-10-02,9604
1324,地球,25,0,25,富邦-陽明,2023-10-02,9604
2892,第一金,27,2,25,富邦-陽明,2023-10-02,9604
2337,旺宏,37,12,25,富邦-陽明,2023-10-02,9604
6285,啟��,23,0,23,富邦-陽明,2023-10-02,9604
2882,國泰金,23,0,23,富邦-陽明,2023-10-02,9604
2884,玉山金,23,1,22,富邦-陽明,2023-10-02,9604
4908,前鼎,45,23,22,富邦-陽明,2023-10-02,9604
2897,王道銀行,22,0,22,富邦-陽明,2023-10-02,9604
3014,聯陽,25,3,22,富邦-陽明,2023-10-02,9604
2020,美亞,21,0,21,富邦-陽明,2023-10-02,9604
00720B,元大投資級公司債,95,74,21,富邦-陽明,2023-10-02,9604
00713,元大台灣高息低波,27,7,20,富邦-陽明,2023-10-02,9604
6806,森崴能源,59,39,20,富邦-陽明,2023-10-02,9604
2027,大成鋼,20,0,20,富邦-陽明,2023-10-02,9604
8933,愛地雅,20,0,20,富邦-陽明,2023-10-02,9604
00862B,中信投資級公司債,20,0,20,富邦-陽明,2023-10-02,9604
2719,燦星旅,21,1,20,富邦-陽明,2023-10-02,9604
4130,健亞,20,0,20,富邦-陽明,2023-10-02,9604
00929,復華台灣科技優息,534,48,486,富邦-陽明,2023-10-03,9604
2409,友達,318,51,267,富邦-陽明,2023-10-03,9604
2883,凱基金,227,20,207,富邦-陽明,2023-10-03,9604
2606,裕民,202,2,200,富邦-陽明,2023-10-03,9604
2323,中環,216,30,186,富邦-陽明,2023-10-03,9604
0056,元大高股息,232,47,185,富邦-陽明,2023-10-03,9604
00712,復華富時不動產,161,0,161,富邦-陽明,2023-10-03,9604
00671R,富邦NASDAQ反1,150,0,150,富邦-陽明,2023-10-03,9604
00650L,復華香港正2,146,5,141,富邦-陽明,2023-10-03,9604
00919,群益台灣精選高息,153,15,138,富邦-陽明,2023-10-03,9604
00665L,富邦�琤肭磪囓�2,139,2,137,富邦-陽明,2023-10-03,9604
00680L,元大美債20正2,216,96,120,富邦-陽明,2023-10-03,9604
3231,緯創,233,122,111,富邦-陽明,2023-10-03,9604
3013,晟銘電,153,59,94,富邦-陽明,2023-10-03,9604
3481,群創,149,59,90,富邦-陽明,2023-10-03,9604
00882,中信中國高股息,86,0,86,富邦-陽明,2023-10-03,9604
00679B,元大美債20年,85,1,84,富邦-陽明,2023-10-03,9604
2615,萬海,85,1,84,富邦-陽明,2023-10-03,9604
00878,國泰永續高股息,198,118,80,富邦-陽明,2023-10-03,9604
00795B,中信美國公債20年,60,0,60,富邦-陽明,2023-10-03,9604
2457,飛宏,69,10,59,富邦-陽明,2023-10-03,9604
1605,華新,64,5,59,富邦-陽明,2023-10-03,9604
1524,耿鼎,67,9,58,富邦-陽明,2023-10-03,9604
00922,國泰台灣領袖50,57,0,57,富邦-陽明,2023-10-03,9604
00633L,富邦上証正2,54,2,52,富邦-陽明,2023-10-03,9604
00720B,元大投資級公司債,136,85,51,富邦-陽明,2023-10-03,9604
2882,國泰金,54,3,51,富邦-陽明,2023-10-03,9604
3325,旭品,370,321,49,富邦-陽明,2023-10-03,9604
00664R,國泰臺灣加權反1,50,1,49,富邦-陽明,2023-10-03,9604
2538,基泰,57,10,47,富邦-陽明,2023-10-03,9604
2388,威盛,100,54,46,富邦-陽明,2023-10-03,9604
1609,大亞,73,29,44,富邦-陽明,2023-10-03,9604
8088,品安,110,68,42,富邦-陽明,2023-10-03,9604
2891,中信金,44,2,42,富邦-陽明,2023-10-03,9604
00931B,統一美債20年,45,5,40,富邦-陽明,2023-10-03,9604
00751B,元大AAA至A公司債,53,13,40,富邦-陽明,2023-10-03,9604
3576,聯合再生,39,2,37,富邦-陽明,2023-10-03,9604
2603,長榮,43,6,37,富邦-陽明,2023-10-03,9604
00772B,中信高評級公司債,42,6,36,富邦-陽明,2023-10-03,9604
1815,富喬,84,49,35,富邦-陽明,2023-10-03,9604
2605,新興,46,11,35,富邦-陽明,2023-10-03,9604
00715L,期街口布蘭特正2,34,0,34,富邦-陽明,2023-10-03,9604
00655L,國泰中國A50正2,33,0,33,富邦-陽明,2023-10-03,9604
5439,高技,37,5,32,富邦-陽明,2023-10-03,9604
00687B,國泰20年美債,32,0,32,富邦-陽明,2023-10-03,9604
2356,英業達,50,18,32,富邦-陽明,2023-10-03,9604
2641,正德,35,4,31,富邦-陽明,2023-10-03,9604
00653L,富邦印度正2,30,0,30,富邦-陽明,2023-10-03,9604
2612,中航,31,1,30,富邦-陽明,2023-10-03,9604
2352,佳世達,40,11,29,富邦-陽明,2023-10-03,9604
00671R,富邦NASDAQ反1,332,41,291,富邦-陽明,2023-10-04,9604
00929,復華台灣科技優息,310,56,254,富邦-陽明,2023-10-04,9604
00632R,元大台灣50反1,239,38,201,富邦-陽明,2023-10-04,9604
2892,第一金,220,19,201,富邦-陽明,2023-10-04,9604
0056,元大高股息,207,7,200,富邦-陽明,2023-10-04,9604
00680L,元大美債20正2,312,131,181,富邦-陽明,2023-10-04,9604
00679B,元大美債20年,468,298,170,富邦-陽明,2023-10-04,9604
00720B,元大投資級公司債,178,18,160,富邦-陽明,2023-10-04,9604
2891,中信金,147,1,146,富邦-陽明,2023-10-04,9604
2303,聯電,148,2,146,富邦-陽明,2023-10-04,9604
00687B,國泰20年美債,166,29,137,富邦-陽明,2023-10-04,9604
2845,遠東銀,130,0,130,富邦-陽明,2023-10-04,9604
2501,國建,110,0,110,富邦-陽明,2023-10-04,9604
2618,長榮航,191,82,109,富邦-陽明,2023-10-04,9604
2883,凱基金,126,17,109,富邦-陽明,2023-10-04,9604
2409,友達,128,21,107,富邦-陽明,2023-10-04,9604
00676R,富邦臺灣加權反1,102,0,102,富邦-陽明,2023-10-04,9604
00922,國泰台灣領袖50,99,0,99,富邦-陽明,2023-10-04,9604
2884,玉山金,83,1,82,富邦-陽明,2023-10-04,9604
2323,中環,255,175,80,富邦-陽明,2023-10-04,9604
00712,復華富時不動產,122,45,77,富邦-陽明,2023-10-04,9604
3481,群創,158,81,77,富邦-陽明,2023-10-04,9604
00878,國泰永續高股息,180,111,69,富邦-陽明,2023-10-04,9604
2344,華邦電,171,104,67,富邦-陽明,2023-10-04,9604
0050,元大台灣50,66,0,66,富邦-陽明,2023-10-04,9604
1216,統一,64,0,64,富邦-陽明,2023-10-04,9604
3037,欣興,71,9,62,富邦-陽明,2023-10-04,9604
3276,宇環,69,9,60,富邦-陽明,2023-10-04,9604
2002,中鋼,116,58,58,富邦-陽明,2023-10-04,9604
00713,元大台灣高息低波,63,5,58,富邦-陽明,2023-10-04,9604
1718,中纖,57,0,57,富邦-陽明,2023-10-04,9604
00857B,永豐20年美公債,54,1,53,富邦-陽明,2023-10-04,9604
2353,宏��,55,4,51,富邦-陽明,2023-10-04,9604
006208,富邦台50,50,0,50,富邦-陽明,2023-10-04,9604
00931B,統一美債20年,55,7,48,富邦-陽明,2023-10-04,9604
2886,兆豐金,62,15,47,富邦-陽明,2023-10-04,9604
00919,群益台灣精選高息,125,79,46,富邦-陽明,2023-10-04,9604
1417,嘉裕,42,0,42,富邦-陽明,2023-10-04,9604
2887,台新金,50,9,41,富邦-陽明,2023-10-04,9604
3006,晶豪科,61,20,41,富邦-陽明,2023-10-04,9604
00882,中信中國高股息,43,3,40,富邦-陽明,2023-10-04,9604
2882,國泰金,52,13,39,富邦-陽明,2023-10-04,9604
2340,台亞,41,2,39,富邦-陽明,2023-10-04,9604
2352,佳世達,43,4,39,富邦-陽明,2023-10-04,9604
2412,中華電,39,1,38,富邦-陽明,2023-10-04,9604
2606,裕民,40,4,36,富邦-陽明,2023-10-04,9604
2314,台揚,37,2,35,富邦-陽明,2023-10-04,9604
5880,合庫金,67,32,35,富邦-陽明,2023-10-04,9604
2427,三商電,69,35,34,富邦-陽明,2023-10-04,9604
1605,華新,54,20,34,富邦-陽明,2023-10-04,9604
2618,長榮航,712,84,628,富邦-陽明,2023-10-05,9604
00751B,元大AAA至A公司債,223,7,216,富邦-陽明,2023-10-05,9604
00882,中信中國高股息,149,0,149,富邦-陽明,2023-10-05,9604
00929,復華台灣科技優息,210,64,146,富邦-陽明,2023-10-05,9604
2371,大同,269,127,142,富邦-陽明,2023-10-05,9604
00712,復華富時不動產,131,2,129,富邦-陽明,2023-10-05,9604
2610,華航,155,77,78,富邦-陽明,2023-10-05,9604
3715,定穎投控,184,108,76,富邦-陽明,2023-10-05,9604
3051,力特,78,7,71,富邦-陽明,2023-10-05,9604
2405,輔信,66,10,56,富邦-陽明,2023-10-05,9604
00715L,期街口布蘭特正2,52,0,52,富邦-陽明,2023-10-05,9604
00688L,國泰20年美債正2,51,0,51,富邦-陽明,2023-10-05,9604
00671R,富邦NASDAQ反1,50,0,50,富邦-陽明,2023-10-05,9604
1101,台泥,55,5,50,富邦-陽明,2023-10-05,9604
2317,鴻海,59,11,48,富邦-陽明,2023-10-05,9604
3036,文曄,103,56,47,富邦-陽明,2023-10-05,9604
0056,元大高股息,80,36,44,富邦-陽明,2023-10-05,9604
00922,國泰台灣領袖50,44,2,42,富邦-陽明,2023-10-05,9604
2382,廣達,76,36,40,富邦-陽明,2023-10-05,9604
2409,友達,66,27,39,富邦-陽明,2023-10-05,9604
2002,中鋼,56,20,36,富邦-陽明,2023-10-05,9604
2609,陽明,67,31,36,富邦-陽明,2023-10-05,9604
00773B,中信優先金融債,35,0,35,富邦-陽明,2023-10-05,9604
2883,凱基金,35,0,35,富邦-陽明,2023-10-05,9604
3260,威剛,48,15,33,富邦-陽明,2023-10-05,9604
3037,欣興,37,5,32,富邦-陽明,2023-10-05,9604
2888,新光金,31,0,31,富邦-陽明,2023-10-05,9604
00752,中信中國50,31,1,30,富邦-陽明,2023-10-05,9604
6418,詠昇,30,0,30,富邦-陽明,2023-10-05,9604
0052,富邦科技,30,1,29,富邦-陽明,2023-10-05,9604
4908,前鼎,43,15,28,富邦-陽明,2023-10-05,9604
1522,堤維西,35,9,26,富邦-陽明,2023-10-05,9604
2412,中華電,26,1,25,富邦-陽明,2023-10-05,9604
1524,耿鼎,40,16,24,富邦-陽明,2023-10-05,9604
8210,勤誠,45,21,24,富邦-陽明,2023-10-05,9604
00637L,元大滬深300正2,36,15,21,富邦-陽明,2023-10-05,9604
2501,國建,21,0,21,富邦-陽明,2023-10-05,9604
1609,大亞,31,12,19,富邦-陽明,2023-10-05,9604
2367,燿華,21,2,19,富邦-陽明,2023-10-05,9604
2801,彰銀,23,4,19,富邦-陽明,2023-10-05,9604
2236,百達-KY,20,1,19,富邦-陽明,2023-10-05,9604
1909,榮成,19,0,19,富邦-陽明,2023-10-05,9604
3081,聯亞,33,14,19,富邦-陽明,2023-10-05,9604
3704,合勤控,22,3,19,富邦-陽明,2023-10-05,9604
3305,昇貿,23,5,18,富邦-陽明,2023-10-05,9604
00710B,復華彭博非投等債,17,0,17,富邦-陽明,2023-10-05,9604
2645,長榮航太,19,2,17,富邦-陽明,2023-10-05,9604
00878,國泰永續高股息,62,46,16,富邦-陽明,2023-10-05,9604
2912,統一超,16,0,16,富邦-陽明,2023-10-05,9604
6188,廣明,16,0,16,富邦-陽明,2023-10-05,9604
00929,復華台灣科技優息,563,52,511,富邦-陽明,2023-10-06,9604
00687B,國泰20年美債,221,6,215,富邦-陽明,2023-10-06,9604
00919,群益台灣精選高息,97,8,89,富邦-陽明,2023-10-06,9604
2610,華航,168,84,84,富邦-陽明,2023-10-06,9604
00712,復華富時不動產,84,6,78,富邦-陽明,2023-10-06,9604
00680L,元大美債20正2,81,5,76,富邦-陽明,2023-10-06,9604
3481,群創,126,51,75,富邦-陽明,2023-10-06,9604
3013,晟銘電,258,183,75,富邦-陽明,2023-10-06,9604
00719B,元大美債1-3,63,0,63,富邦-陽明,2023-10-06,9604
0056,元大高股息,90,28,62,富邦-陽明,2023-10-06,9604
00679B,元大美債20年,65,5,60,富邦-陽明,2023-10-06,9604
00795B,中信美國公債20年,51,0,51,富邦-陽明,2023-10-06,9604
9105,泰金寶-DR,51,1,50,富邦-陽明,2023-10-06,9604
3037,欣興,52,4,48,富邦-陽明,2023-10-06,9604
2442,新美齊,51,4,47,富邦-陽明,2023-10-06,9604
2324,仁寶,46,0,46,富邦-陽明,2023-10-06,9604
3231,緯創,157,121,36,富邦-陽明,2023-10-06,9604
00720B,元大投資級公司債,36,0,36,富邦-陽明,2023-10-06,9604
6122,擎邦,43,7,36,富邦-陽明,2023-10-06,9604
2603,長榮,50,14,36,富邦-陽明,2023-10-06,9604
2609,陽明,39,4,35,富邦-陽明,2023-10-06,9604
1402,遠東新,32,0,32,富邦-陽明,2023-10-06,9604
4909,新復興,30,0,30,富邦-陽明,2023-10-06,9604
00922,國泰台灣領袖50,27,0,27,富邦-陽明,2023-10-06,9604
3709,鑫聯大投控,30,3,27,富邦-陽明,2023-10-06,9604
2002,中鋼,59,33,26,富邦-陽明,2023-10-06,9604
3036,文曄,38,13,25,富邦-陽明,2023-10-06,9604
4927,泰鼎-KY,24,0,24,富邦-陽明,2023-10-06,9604
2363,矽統,193,170,23,富邦-陽明,2023-10-06,9604
2388,威盛,25,2,23,富邦-陽明,2023-10-06,9604
3219,倚強科,29,6,23,富邦-陽明,2023-10-06,9604
4157,太景*-KY,33,10,23,富邦-陽明,2023-10-06,9604
00710B,復華彭博非投等債,23,0,23,富邦-陽明,2023-10-06,9604
2471,資通,29,7,22,富邦-陽明,2023-10-06,9604
3230,錦明,22,0,22,富邦-陽明,2023-10-06,9604
00751B,元大AAA至A公司債,22,0,22,富邦-陽明,2023-10-06,9604
6005,群益證,22,1,21,富邦-陽明,2023-10-06,9604
2449,京元電子,41,20,21,富邦-陽明,2023-10-06,9604
4968,立積,22,1,21,富邦-陽明,2023-10-06,9604
2493,揚博,22,2,20,富邦-陽明,2023-10-06,9604
8105,凌巨,20,0,20,富邦-陽明,2023-10-06,9604
2301,光寶科,33,14,19,富邦-陽明,2023-10-06,9604
2412,中華電,19,0,19,富邦-陽明,2023-10-06,9604
5469,瀚宇博,26,7,19,富邦-陽明,2023-10-06,9604
6451,訊芯-KY,26,8,18,富邦-陽明,2023-10-06,9604
2354,鴻準,21,3,18,富邦-陽明,2023-10-06,9604
5347,世界,19,1,18,富邦-陽明,2023-10-06,9604
00725B,國泰投資級公司債,18,0,18,富邦-陽明,2023-10-06,9604
8046,南電,30,12,18,富邦-陽明,2023-10-06,9604
6285,啟��,26,8,18,富邦-陽明,2023-10-06,9604
3231,緯創,531,216,315,富邦-陽明,2023-10-11,9604
00919,群益台灣精選高息,223,20,203,富邦-陽明,2023-10-11,9604
2356,英業達,285,120,165,富邦-陽明,2023-10-11,9604
2609,陽明,181,24,157,富邦-陽明,2023-10-11,9604
00751B,元大AAA至A公司債,149,15,134,富邦-陽明,2023-10-11,9604
2603,長榮,167,35,132,富邦-陽明,2023-10-11,9604
3013,晟銘電,241,128,113,富邦-陽明,2023-10-11,9604
0056,元大高股息,107,23,84,富邦-陽明,2023-10-11,9604
3325,旭品,88,6,82,富邦-陽明,2023-10-11,9604
2002,中鋼,81,3,78,富邦-陽明,2023-10-11,9604
3715,定穎投控,160,88,72,富邦-陽明,2023-10-11,9604
2618,長榮航,145,78,67,富邦-陽明,2023-10-11,9604
2374,佳能,65,3,62,富邦-陽明,2023-10-11,9604
00671R,富邦NASDAQ反1,60,0,60,富邦-陽明,2023-10-11,9604
2382,廣達,173,113,60,富邦-陽明,2023-10-11,9604
00710B,復華彭博非投等債,57,0,57,富邦-陽明,2023-10-11,9604
2913,農林,53,0,53,富邦-陽明,2023-10-11,9604
00712,復華富時不動產,53,3,50,富邦-陽明,2023-10-11,9604
2903,遠百,50,0,50,富邦-陽明,2023-10-11,9604
2427,三商電,67,18,49,富邦-陽明,2023-10-11,9604
2405,輔信,48,3,45,富邦-陽明,2023-10-11,9604
1604,聲寶,49,6,43,富邦-陽明,2023-10-11,9604
3088,艾訊,43,1,42,富邦-陽明,2023-10-11,9604
2615,萬海,43,1,42,富邦-陽明,2023-10-11,9604
1417,嘉裕,40,0,40,富邦-陽明,2023-10-11,9604
2376,技嘉,74,36,38,富邦-陽明,2023-10-11,9604
00647L,元大S＆P500正2,38,0,38,富邦-陽明,2023-10-11,9604
3035,智原,69,31,38,富邦-陽明,2023-10-11,9604
00706L,期元大S＆P日圓正2,37,0,37,富邦-陽明,2023-10-11,9604
00720B,元大投資級公司債,53,18,35,富邦-陽明,2023-10-11,9604
3693,營邦,47,13,34,富邦-陽明,2023-10-11,9604
8222,寶一,67,34,33,富邦-陽明,2023-10-11,9604
2324,仁寶,45,13,32,富邦-陽明,2023-10-11,9604
6125,廣運,51,21,30,富邦-陽明,2023-10-11,9604
00929,復華台灣科技優息,174,146,28,富邦-陽明,2023-10-11,9604
2388,威盛,43,16,27,富邦-陽明,2023-10-11,9604
5347,世界,28,1,27,富邦-陽明,2023-10-11,9604
00795B,中信美國公債20年,26,0,26,富邦-陽明,2023-10-11,9604
1609,大亞,27,3,24,富邦-陽明,2023-10-11,9604
00688L,國泰20年美債正2,24,0,24,富邦-陽明,2023-10-11,9604
2201,裕隆,32,8,24,富邦-陽明,2023-10-11,9604
1584,精剛,32,8,24,富邦-陽明,2023-10-11,9604
3701,大眾控,29,6,23,富邦-陽明,2023-10-11,9604
6005,群益證,23,0,23,富邦-陽明,2023-10-11,9604
1907,永豐餘,23,0,23,富邦-陽明,2023-10-11,9604
5213,亞昕,23,0,23,富邦-陽明,2023-10-11,9604
6806,森崴能源,33,10,23,富邦-陽明,2023-10-11,9604
6116,彩晶,25,3,22,富邦-陽明,2023-10-11,9604
6288,聯嘉,30,8,22,富邦-陽明,2023-10-11,9604
3033,威健,22,0,22,富邦-陽明,2023-10-11,9604
00751B,元大AAA至A公司債,180,6,174,富邦-陽明,2023-10-12,9604
00882,中信中國高股息,102,15,87,富邦-陽明,2023-10-12,9604
00919,群益台灣精選高息,86,4,82,富邦-陽明,2023-10-12,9604
00712,復華富時不動產,88,7,81,富邦-陽明,2023-10-12,9604
2891,中信金,135,61,74,富邦-陽明,2023-10-12,9604
1815,富喬,77,6,71,富邦-陽明,2023-10-12,9604
2883,凱基金,100,31,69,富邦-陽明,2023-10-12,9604
0056,元大高股息,107,37,70,富邦-陽明,2023-10-12,9604
00929,復華台灣科技優息,75,19,56,富邦-陽明,2023-10-12,9604
00688L,國泰20年美債正2,56,0,56,富邦-陽明,2023-10-12,9604
1101,台泥,69,15,54,富邦-陽明,2023-10-12,9604
6153,嘉聯益,55,1,54,富邦-陽明,2023-10-12,9604
4164,承業醫,53,1,52,富邦-陽明,2023-10-12,9604
2363,矽統,339,288,51,富邦-陽明,2023-10-12,9604
3264,欣銓,50,0,50,富邦-陽明,2023-10-12,9604
2352,佳世達,50,1,49,富邦-陽明,2023-10-12,9604
00925,新光標普電動車,46,0,46,富邦-陽明,2023-10-12,9604
00720B,元大投資級公司債,43,1,42,富邦-陽明,2023-10-12,9604
4953,緯軟,40,0,40,富邦-陽明,2023-10-12,9604
1521,大億,39,0,39,富邦-陽明,2023-10-12,9604
2313,華通,65,27,38,富邦-陽明,2023-10-12,9604
1437,勤益控,30,0,30,富邦-陽明,2023-10-12,9604
00706L,期元大S＆P日圓正2,30,0,30,富邦-陽明,2023-10-12,9604
3325,旭品,76,46,30,富邦-陽明,2023-10-12,9604
9105,泰金寶-DR,30,1,29,富邦-陽明,2023-10-12,9604
5225,東科-KY,36,7,29,富邦-陽明,2023-10-12,9604
2002,中鋼,38,11,27,富邦-陽明,2023-10-12,9604
4960,誠美材,28,2,26,富邦-陽明,2023-10-12,9604
2408,南亞科,47,21,26,富邦-陽明,2023-10-12,9604
1802,台玻,38,14,24,富邦-陽明,2023-10-12,9604
2605,新興,30,6,24,富邦-陽明,2023-10-12,9604
2356,英業達,40,16,24,富邦-陽明,2023-10-12,9604
6523,達爾膚,23,0,23,富邦-陽明,2023-10-12,9604
9950,萬國通,23,0,23,富邦-陽明,2023-10-12,9604
9904,寶成,24,1,23,富邦-陽明,2023-10-12,9604
1731,美吾華,22,0,22,富邦-陽明,2023-10-12,9604
00916,國泰全球品牌50,22,0,22,富邦-陽明,2023-10-12,9604
00931B,統一美債20年,22,1,21,富邦-陽明,2023-10-12,9604
9917,中保科,20,1,19,富邦-陽明,2023-10-12,9604
3706,神達,54,35,19,富邦-陽明,2023-10-12,9604
1102,亞泥,20,2,18,富邦-陽明,2023-10-12,9604
9928,中視,22,4,18,富邦-陽明,2023-10-12,9604
2324,仁寶,28,11,17,富邦-陽明,2023-10-12,9604
1580,新麥,18,1,17,富邦-陽明,2023-10-12,9604
1519,華城,27,11,16,富邦-陽明,2023-10-12,9604
1609,大亞,17,1,16,富邦-陽明,2023-10-12,9604
6147,頎邦,16,0,16,富邦-陽明,2023-10-12,9604
00922,國泰台灣領袖50,29,13,16,富邦-陽明,2023-10-12,9604
2025,千興,15,0,15,富邦-陽明,2023-10-12,9604
2706,第一店,15,0,15,富邦-陽明,2023-10-12,9604
00665L,富邦�琤肭磪囓�2,2024,21,2003,富邦-陽明,2023-10-13,9604
2323,中環,601,13,588,富邦-陽明,2023-10-13,9604
00878,國泰永續高股息,222,20,202,富邦-陽明,2023-10-13,9604
3231,緯創,320,125,195,富邦-陽明,2023-10-13,9604
00720B,元大投資級公司債,165,1,164,富邦-陽明,2023-10-13,9604
0056,元大高股息,143,3,140,富邦-陽明,2023-10-13,9604
00929,復華台灣科技優息,207,69,138,富邦-陽明,2023-10-13,9604
6283,淳安,120,0,120,富邦-陽明,2023-10-13,9604
00650L,復華香港正2,100,0,100,富邦-陽明,2023-10-13,9604
1605,華新,111,12,99,富邦-陽明,2023-10-13,9604
2615,萬海,94,0,94,富邦-陽明,2023-10-13,9604
00679B,元大美債20年,92,0,92,富邦-陽明,2023-10-13,9604
2891,中信金,88,4,84,富邦-陽明,2023-10-13,9604
1314,中石化,237,154,83,富邦-陽明,2023-10-13,9604
00637L,元大滬深300正2,117,44,73,富邦-陽明,2023-10-13,9604
2353,宏��,73,8,65,富邦-陽明,2023-10-13,9604
00922,國泰台灣領袖50,67,2,65,富邦-陽明,2023-10-13,9604
1437,勤益控,65,0,65,富邦-陽明,2023-10-13,9604
4953,緯軟,61,1,60,富邦-陽明,2023-10-13,9604
2382,廣達,197,139,58,富邦-陽明,2023-10-13,9604
2609,陽明,68,17,51,富邦-陽明,2023-10-13,9604
2889,國票金,50,0,50,富邦-陽明,2023-10-13,9604
00712,復華富時不動產,62,14,48,富邦-陽明,2023-10-13,9604
2301,光寶科,67,20,47,富邦-陽明,2023-10-13,9604
2363,矽統,406,363,43,富邦-陽明,2023-10-13,9604
00687B,國泰20年美債,42,0,42,富邦-陽明,2023-10-13,9604
1409,新纖,40,0,40,富邦-陽明,2023-10-13,9604
1101,台泥,56,16,40,富邦-陽明,2023-10-13,9604
00919,群益台灣精選高息,96,59,37,富邦-陽明,2023-10-13,9604
3037,欣興,44,8,36,富邦-陽明,2023-10-13,9604
8996,高力,43,8,35,富邦-陽明,2023-10-13,9604
2204,中華,49,15,34,富邦-陽明,2023-10-13,9604
2610,華航,52,19,33,富邦-陽明,2023-10-13,9604
00740B,富邦全球投等債,32,0,32,富邦-陽明,2023-10-13,9604
1319,東陽,66,34,32,富邦-陽明,2023-10-13,9604
00795B,中信美國公債20年,31,0,31,富邦-陽明,2023-10-13,9604
3483,力致,73,42,31,富邦-陽明,2023-10-13,9604
2376,技嘉,76,45,31,富邦-陽明,2023-10-13,9604
00725B,國泰投資級公司債,30,0,30,富邦-陽明,2023-10-13,9604
2883,凱基金,49,19,30,富邦-陽明,2023-10-13,9604
00862B,中信投資級公司債,30,0,30,富邦-陽明,2023-10-13,9604
5706,鳳凰,44,15,29,富邦-陽明,2023-10-13,9604
00751B,元大AAA至A公司債,34,5,29,富邦-陽明,2023-10-13,9604
3576,聯合再生,30,3,27,富邦-陽明,2023-10-13,9604
2882,國泰金,27,1,26,富邦-陽明,2023-10-13,9604
3176,基亞,26,0,26,富邦-陽明,2023-10-13,9604
00773B,中信優先金融債,27,2,25,富邦-陽明,2023-10-13,9604
4967,十銓,57,32,25,富邦-陽明,2023-10-13,9604
00633L,富邦上証正2,27,2,25,富邦-陽明,2023-10-13,9604
2312,金寶,37,12,25,富邦-陽明,2023-10-13,9604
0056,元大高股息,370,19,351,富邦-陽明,2023-10-16,9604
00929,復華台灣科技優息,348,24,324,富邦-陽明,2023-10-16,9604
2515,中工,345,48,297,富邦-陽明,2023-10-16,9604
2618,長榮航,314,91,223,富邦-陽明,2023-10-16,9604
2344,華邦電,233,29,204,富邦-陽明,2023-10-16,9604
6605,帝寶,201,22,179,富邦-陽明,2023-10-16,9604
00919,群益台灣精選高息,135,6,129,富邦-陽明,2023-10-16,9604
00922,國泰台灣領袖50,112,0,112,富邦-陽明,2023-10-16,9604
00637L,元大滬深300正2,166,79,87,富邦-陽明,2023-10-16,9604
3481,群創,77,1,76,富邦-陽明,2023-10-16,9604
2382,廣達,136,68,68,富邦-陽明,2023-10-16,9604
00878,國泰永續高股息,132,68,64,富邦-陽明,2023-10-16,9604
3372,典範,58,0,58,富邦-陽明,2023-10-16,9604
3706,神達,103,47,56,富邦-陽明,2023-10-16,9604
4908,前鼎,136,90,46,富邦-陽明,2023-10-16,9604
2486,一詮,52,8,44,富邦-陽明,2023-10-16,9604
2409,友達,43,2,41,富邦-陽明,2023-10-16,9604
2201,裕隆,102,62,40,富邦-陽明,2023-10-16,9604
8390,金益鼎,44,4,40,富邦-陽明,2023-10-16,9604
6283,淳安,40,0,40,富邦-陽明,2023-10-16,9604
2363,矽統,190,153,37,富邦-陽明,2023-10-16,9604
1605,華新,42,5,37,富邦-陽明,2023-10-16,9604
00931B,統一美債20年,35,0,35,富邦-陽明,2023-10-16,9604
4960,誠美材,61,26,35,富邦-陽明,2023-10-16,9604
3231,緯創,119,85,34,富邦-陽明,2023-10-16,9604
4164,承業醫,33,0,33,富邦-陽明,2023-10-16,9604
2630,亞航,45,12,33,富邦-陽明,2023-10-16,9604
00655L,國泰中國A50正2,65,34,31,富邦-陽明,2023-10-16,9604
2324,仁寶,38,8,30,富邦-陽明,2023-10-16,9604
00720B,元大投資級公司債,35,5,30,富邦-陽明,2023-10-16,9604
911868,同方友友-DR,30,0,30,富邦-陽明,2023-10-16,9604
02001L,富邦蘋果正二N,28,0,28,富邦-陽明,2023-10-16,9604
2457,飛宏,26,1,25,富邦-陽明,2023-10-16,9604
8429,金麗-KY,35,11,24,富邦-陽明,2023-10-16,9604
3037,欣興,35,12,23,富邦-陽明,2023-10-16,9604
00795B,中信美國公債20年,23,0,23,富邦-陽明,2023-10-16,9604
2605,新興,38,15,23,富邦-陽明,2023-10-16,9604
1437,勤益控,23,0,23,富邦-陽明,2023-10-16,9604
3450,聯鈞,29,7,22,富邦-陽明,2023-10-16,9604
3264,欣銓,24,2,22,富邦-陽明,2023-10-16,9604
6275,元山,22,0,22,富邦-陽明,2023-10-16,9604
00713,元大台灣高息低波,24,3,21,富邦-陽明,2023-10-16,9604
3325,旭品,22,1,21,富邦-陽明,2023-10-16,9604
2867,三商壽,21,0,21,富邦-陽明,2023-10-16,9604
5324,士開,20,0,20,富邦-陽明,2023-10-16,9604
6111,大宇資,20,1,19,富邦-陽明,2023-10-16,9604
3715,定穎投控,112,93,19,富邦-陽明,2023-10-16,9604
00673R,期元大S＆P原油反1,18,0,18,富邦-陽明,2023-10-16,9604
2543,皇昌,20,3,17,富邦-陽明,2023-10-16,9604
3122,笙泉,30,14,16,富邦-陽明,2023-10-16,9604
0056,元大高股息,613,13,600,富邦-陽明,2023-10-17,9604
00919,群益台灣精選高息,422,30,392,富邦-陽明,2023-10-17,9604
00929,復華台灣科技優息,259,38,221,富邦-陽明,2023-10-17,9604
00878,國泰永續高股息,213,48,165,富邦-陽明,2023-10-17,9604
3231,緯創,343,186,157,富邦-陽明,2023-10-17,9604
2618,長榮航,228,73,155,富邦-陽明,2023-10-17,9604
00687B,國泰20年美債,159,10,149,富邦-陽明,2023-10-17,9604
00720B,元大投資級公司債,145,1,144,富邦-陽明,2023-10-17,9604
00680L,元大美債20正2,136,0,136,富邦-陽明,2023-10-17,9604
00772B,中信高評級公司債,92,1,91,富邦-陽明,2023-10-17,9604
3715,定穎投控,232,143,89,富邦-陽明,2023-10-17,9604
00931B,統一美債20年,81,0,81,富邦-陽明,2023-10-17,9604
5381,合正,86,6,80,富邦-陽明,2023-10-17,9604
2313,華通,202,136,66,富邦-陽明,2023-10-17,9604
4908,前鼎,108,47,61,富邦-陽明,2023-10-17,9604
00751B,元大AAA至A公司債,59,0,59,富邦-陽明,2023-10-17,9604
00725B,國泰投資級公司債,57,0,57,富邦-陽明,2023-10-17,9604
00679B,元大美債20年,56,2,54,富邦-陽明,2023-10-17,9604
1101,台泥,53,2,51,富邦-陽明,2023-10-17,9604
3035,智原,99,49,50,富邦-陽明,2023-10-17,9604
2498,宏達電,86,37,49,富邦-陽明,2023-10-17,9604
3372,典範,221,179,42,富邦-陽明,2023-10-17,9604
3481,群創,48,9,39,富邦-陽明,2023-10-17,9604
2317,鴻海,43,6,37,富邦-陽明,2023-10-17,9604
2883,凱基金,35,1,34,富邦-陽明,2023-10-17,9604
1417,嘉裕,34,0,34,富邦-陽明,2023-10-17,9604
2390,云辰,39,6,33,富邦-陽明,2023-10-17,9604
9958,世紀鋼,42,10,32,富邦-陽明,2023-10-17,9604
2323,中環,32,0,32,富邦-陽明,2023-10-17,9604
00922,國泰台灣領袖50,33,5,28,富邦-陽明,2023-10-17,9604
6282,康舒,34,6,28,富邦-陽明,2023-10-17,9604
5324,士開,40,13,27,富邦-陽明,2023-10-17,9604
3138,耀登,29,2,27,富邦-陽明,2023-10-17,9604
00712,復華富時不動產,27,1,26,富邦-陽明,2023-10-17,9604
2462,良得電,26,1,25,富邦-陽明,2023-10-17,9604
2476,鉅祥,25,0,25,富邦-陽明,2023-10-17,9604
00795B,中信美國公債20年,24,0,24,富邦-陽明,2023-10-17,9604
6643,M31,28,5,23,富邦-陽明,2023-10-17,9604
1314,中石化,48,25,23,富邦-陽明,2023-10-17,9604
2301,光寶科,32,9,23,富邦-陽明,2023-10-17,9604
2208,台船,22,0,22,富邦-陽明,2023-10-17,9604
4164,承業醫,22,0,22,富邦-陽明,2023-10-17,9604
3693,營邦,29,8,21,富邦-陽明,2023-10-17,9604
6160,欣技,22,2,20,富邦-陽明,2023-10-17,9604
00696B,富邦美債20年,20,0,20,富邦-陽明,2023-10-17,9604
2206,三陽工業,23,4,19,富邦-陽明,2023-10-17,9604
2201,裕隆,31,12,19,富邦-陽明,2023-10-17,9604
3025,星通,29,11,18,富邦-陽明,2023-10-17,9604
4919,新唐,19,2,17,富邦-陽明,2023-10-17,9604
9950,萬國通,18,1,17,富邦-陽明,2023-10-17,9604
0056,元大高股息,852,34,818,富邦-陽明,2023-10-18,9604
00687B,國泰20年美債,750,5,745,富邦-陽明,2023-10-18,9604
00929,復華台灣科技優息,448,97,351,富邦-陽明,2023-10-18,9604
2891,中信金,427,158,269,富邦-陽明,2023-10-18,9604
00878,國泰永續高股息,595,348,247,富邦-陽明,2023-10-18,9604
00919,群益台灣精選高息,163,7,156,富邦-陽明,2023-10-18,9604
00922,國泰台灣領袖50,153,0,153,富邦-陽明,2023-10-18,9604
3231,緯創,432,303,129,富邦-陽明,2023-10-18,9604
02001L,富邦蘋果正二N,123,0,123,富邦-陽明,2023-10-18,9604
2618,長榮航,119,30,89,富邦-陽明,2023-10-18,9604
2457,飛宏,88,0,88,富邦-陽明,2023-10-18,9604
00720B,元大投資級公司債,104,22,82,富邦-陽明,2023-10-18,9604
3035,智原,155,76,79,富邦-陽明,2023-10-18,9604
00722B,群益投資級電信債,72,0,72,富邦-陽明,2023-10-18,9604
3013,晟銘電,90,18,72,富邦-陽明,2023-10-18,9604
2352,佳世達,86,14,72,富邦-陽明,2023-10-18,9604
2409,友達,67,2,65,富邦-陽明,2023-10-18,9604
6274,台燿,86,22,64,富邦-陽明,2023-10-18,9604
6443,元晶,56,1,55,富邦-陽明,2023-10-18,9604
9955,佳龍,59,5,54,富邦-陽明,2023-10-18,9604
2302,麗正,53,1,52,富邦-陽明,2023-10-18,9604
00706L,期元大S＆P日圓正2,50,0,50,富邦-陽明,2023-10-18,9604
1802,台玻,49,4,45,富邦-陽明,2023-10-18,9604
2605,新興,82,38,44,富邦-陽明,2023-10-18,9604
00680L,元大美債20正2,54,10,44,富邦-陽明,2023-10-18,9604
00679B,元大美債20年,44,0,44,富邦-陽明,2023-10-18,9604
5880,合庫金,51,7,44,富邦-陽明,2023-10-18,9604
2002,中鋼,44,1,43,富邦-陽明,2023-10-18,9604
4960,誠美材,54,12,42,富邦-陽明,2023-10-18,9604
1444,力麗,40,0,40,富邦-陽明,2023-10-18,9604
2330,台積電,61,21,40,富邦-陽明,2023-10-18,9604
2462,良得電,42,3,39,富邦-陽明,2023-10-18,9604
00725B,國泰投資級公司債,38,0,38,富邦-陽明,2023-10-18,9604
00772B,中信高評級公司債,36,0,36,富邦-陽明,2023-10-18,9604
1709,和益,31,0,31,富邦-陽明,2023-10-18,9604
1471,首利,47,16,31,富邦-陽明,2023-10-18,9604
2867,三商壽,30,0,30,富邦-陽明,2023-10-18,9604
3581,博磊,32,2,30,富邦-陽明,2023-10-18,9604
6213,聯茂,54,24,30,富邦-陽明,2023-10-18,9604
00673R,期元大S＆P原油反1,37,8,29,富邦-陽明,2023-10-18,9604
00642U,期元大S＆P石油,39,10,29,富邦-陽明,2023-10-18,9604
2376,技嘉,83,54,29,富邦-陽明,2023-10-18,9604
2883,凱基金,40,11,29,富邦-陽明,2023-10-18,9604
00900,富邦特選高股息30,43,15,28,富邦-陽明,2023-10-18,9604
00751B,元大AAA至A公司債,35,10,25,富邦-陽明,2023-10-18,9604
2353,宏��,35,10,25,富邦-陽明,2023-10-18,9604
1314,中石化,35,11,24,富邦-陽明,2023-10-18,9604
1102,亞泥,24,0,24,富邦-陽明,2023-10-18,9604
00730,富邦臺灣優質高息,23,0,23,富邦-陽明,2023-10-18,9604
2328,廣宇,24,1,23,富邦-陽明,2023-10-18,9604
00712,復華富時不動產,940,13,927,富邦-陽明,2023-10-19,9604
0056,元大高股息,463,27,436,富邦-陽明,2023-10-19,9604
00687B,國泰20年美債,397,2,395,富邦-陽明,2023-10-19,9604
00878,國泰永續高股息,372,25,347,富邦-陽明,2023-10-19,9604
00929,復華台灣科技優息,374,33,341,富邦-陽明,2023-10-19,9604
00933B,國泰10Y+金融債,364,72,292,富邦-陽明,2023-10-19,9604
00665L,富邦�琤肭磪囓�2,268,1,267,富邦-陽明,2023-10-19,9604
00720B,元大投資級公司債,207,0,207,富邦-陽明,2023-10-19,9604
00637L,元大滬深300正2,177,12,165,富邦-陽明,2023-10-19,9604
00885,富邦越南,163,22,141,富邦-陽明,2023-10-19,9604
2409,友達,144,11,133,富邦-陽明,2023-10-19,9604
1101,台泥,128,9,119,富邦-陽明,2023-10-19,9604
6117,迎廣,100,0,100,富邦-陽明,2023-10-19,9604
00650L,復華香港正2,89,3,86,富邦-陽明,2023-10-19,9604
00931B,統一美債20年,87,2,85,富邦-陽明,2023-10-19,9604
00922,國泰台灣領袖50,95,10,85,富邦-陽明,2023-10-19,9604
5880,合庫金,139,56,83,富邦-陽明,2023-10-19,9604
00679B,元大美債20年,118,36,82,富邦-陽明,2023-10-19,9604
00751B,元大AAA至A公司債,141,60,81,富邦-陽明,2023-10-19,9604
2317,鴻海,98,18,80,富邦-陽明,2023-10-19,9604
00633L,富邦上証正2,75,0,75,富邦-陽明,2023-10-19,9604
00919,群益台灣精選高息,118,45,73,富邦-陽明,2023-10-19,9604
2101,南港,101,30,71,富邦-陽明,2023-10-19,9604
3032,偉訓,66,1,65,富邦-陽明,2023-10-19,9604
00795B,中信美國公債20年,83,20,63,富邦-陽明,2023-10-19,9604
00680L,元大美債20正2,111,53,58,富邦-陽明,2023-10-19,9604
8210,勤誠,82,27,55,富邦-陽明,2023-10-19,9604
2816,旺旺保,68,14,54,富邦-陽明,2023-10-19,9604
00772B,中信高評級公司債,53,0,53,富邦-陽明,2023-10-19,9604
2208,台船,52,0,52,富邦-陽明,2023-10-19,9604
00673R,期元大S＆P原油反1,50,0,50,富邦-陽明,2023-10-19,9604
6282,康舒,56,7,49,富邦-陽明,2023-10-19,9604
00753L,中信中國50正2,47,0,47,富邦-陽明,2023-10-19,9604
2515,中工,55,13,42,富邦-陽明,2023-10-19,9604
00725B,國泰投資級公司債,40,0,40,富邦-陽明,2023-10-19,9604
2636,台驊控股,40,0,40,富邦-陽明,2023-10-19,9604
6156,松上,42,2,40,富邦-陽明,2023-10-19,9604
00655L,國泰中國A50正2,39,0,39,富邦-陽明,2023-10-19,9604
2601,益航,36,0,36,富邦-陽明,2023-10-19,9604
1809,中釉,35,0,35,富邦-陽明,2023-10-19,9604
1477,聚陽,33,0,33,富邦-陽明,2023-10-19,9604
4906,正文,32,0,32,富邦-陽明,2023-10-19,9604
3617,碩天,42,10,32,富邦-陽明,2023-10-19,9604
00713,元大台灣高息低波,30,0,30,富邦-陽明,2023-10-19,9604
00696B,富邦美債20年,30,0,30,富邦-陽明,2023-10-19,9604
00882,中信中國高股息,29,0,29,富邦-陽明,2023-10-19,9604
6770,力積電,41,13,28,富邦-陽明,2023-10-19,9604
1609,大亞,34,6,28,富邦-陽明,2023-10-19,9604
2353,宏��,29,2,27,富邦-陽明,2023-10-19,9604
1711,永光,44,17,27,富邦-陽明,2023-10-19,9604
00878,國泰永續高股息,400,121,279,富邦-陽明,2023-10-20,9604
00929,復華台灣科技優息,372,112,260,富邦-陽明,2023-10-20,9604
0056,元大高股息,204,13,191,富邦-陽明,2023-10-20,9604
00712,復華富時不動產,218,28,190,富邦-陽明,2023-10-20,9604
2883,凱基金,167,1,166,富邦-陽明,2023-10-20,9604
2888,新光金,153,4,149,富邦-陽明,2023-10-20,9604
00922,國泰台灣領袖50,107,2,105,富邦-陽明,2023-10-20,9604
00919,群益台灣精選高息,123,26,97,富邦-陽明,2023-10-20,9604
00933B,國泰10Y+金融債,93,0,93,富邦-陽明,2023-10-20,9604
2002,中鋼,94,11,83,富邦-陽明,2023-10-20,9604
00720B,元大投資級公司債,74,0,74,富邦-陽明,2023-10-20,9604
1101,台泥,73,3,70,富邦-陽明,2023-10-20,9604
2891,中信金,87,22,65,富邦-陽明,2023-10-20,9604
00673R,期元大S＆P原油反1,76,19,57,富邦-陽明,2023-10-20,9604
2881,富邦金,81,24,57,富邦-陽明,2023-10-20,9604
2887,台新金,57,1,56,富邦-陽明,2023-10-20,9604
00751B,元大AAA至A公司債,54,0,54,富邦-陽明,2023-10-20,9604
00650L,復華香港正2,271,221,50,富邦-陽明,2023-10-20,9604
00651R,復華香港反1,50,0,50,富邦-陽明,2023-10-20,9604
1216,統一,46,0,46,富邦-陽明,2023-10-20,9604
02001R,富邦蘋果反一N,45,0,45,富邦-陽明,2023-10-20,9604
00680L,元大美債20正2,242,200,42,富邦-陽明,2023-10-20,9604
00687B,國泰20年美債,43,3,40,富邦-陽明,2023-10-20,9604
2515,中工,43,5,38,富邦-陽明,2023-10-20,9604
9950,萬國通,45,8,37,富邦-陽明,2023-10-20,9604
1477,聚陽,40,3,37,富邦-陽明,2023-10-20,9604
2884,玉山金,43,7,36,富邦-陽明,2023-10-20,9604
00795B,中信美國公債20年,36,0,36,富邦-陽明,2023-10-20,9604
3704,合勤控,49,15,34,富邦-陽明,2023-10-20,9604
6770,力積電,38,5,33,富邦-陽明,2023-10-20,9604
3176,基亞,45,12,33,富邦-陽明,2023-10-20,9604
00932,兆豐永續高息等權,31,0,31,富邦-陽明,2023-10-20,9604
00679B,元大美債20年,39,8,31,富邦-陽明,2023-10-20,9604
2365,昆盈,30,0,30,富邦-陽明,2023-10-20,9604
006208,富邦台50,31,1,30,富邦-陽明,2023-10-20,9604
00882,中信中國高股息,61,33,28,富邦-陽明,2023-10-20,9604
1503,士電,31,3,28,富邦-陽明,2023-10-20,9604
6526,達發,30,3,27,富邦-陽明,2023-10-20,9604
3037,欣興,32,7,25,富邦-陽明,2023-10-20,9604
2890,永豐金,28,3,25,富邦-陽明,2023-10-20,9604
00632R,元大台灣50反1,53,28,25,富邦-陽明,2023-10-20,9604
00713,元大台灣高息低波,26,2,24,富邦-陽明,2023-10-20,9604
2388,威盛,52,28,24,富邦-陽明,2023-10-20,9604
2201,裕隆,31,8,23,富邦-陽明,2023-10-20,9604
2308,台達電,26,2,24,富邦-陽明,2023-10-20,9604
2371,大同,23,0,23,富邦-陽明,2023-10-20,9604
6015,宏遠證,23,0,23,富邦-陽明,2023-10-20,9604
6550,北極星藥業-KY,22,0,22,富邦-陽明,2023-10-20,9604
2486,一詮,24,3,21,富邦-陽明,2023-10-20,9604
00893,國泰智能電動車,23,2,21,富邦-陽明,2023-10-20,9604
00929,復華台灣科技優息,531,177,354,富邦-陽明,2023-10-23,9604
00712,復華富時不動產,180,2,178,富邦-陽明,2023-10-23,9604
00919,群益台灣精選高息,168,13,155,富邦-陽明,2023-10-23,9604
0056,元大高股息,269,119,150,富邦-陽明,2023-10-23,9604
2409,友達,158,16,142,富邦-陽明,2023-10-23,9604
00878,國泰永續高股息,226,113,113,富邦-陽明,2023-10-23,9604
5876,上海商銀,103,0,103,富邦-陽明,2023-10-23,9604
2317,鴻海,163,62,101,富邦-陽明,2023-10-23,9604
3013,晟銘電,101,2,99,富邦-陽明,2023-10-23,9604
3682,亞太電,101,6,95,富邦-陽明,2023-10-23,9604
2305,全友,90,1,89,富邦-陽明,2023-10-23,9604
00751B,元大AAA至A公司債,91,2,89,富邦-陽明,2023-10-23,9604
00922,國泰台灣領袖50,83,0,83,富邦-陽明,2023-10-23,9604
2605,新興,78,7,71,富邦-陽明,2023-10-23,9604
00680L,元大美債20正2,83,15,68,富邦-陽明,2023-10-23,9604
1710,東聯,70,3,67,富邦-陽明,2023-10-23,9604
2881,富邦金,60,1,59,富邦-陽明,2023-10-23,9604
2002,中鋼,65,6,59,富邦-陽明,2023-10-23,9604
2363,矽統,70,17,53,富邦-陽明,2023-10-23,9604
00720B,元大投資級公司債,54,3,51,富邦-陽明,2023-10-23,9604
00738U,期元大道瓊白銀,53,2,51,富邦-陽明,2023-10-23,9604
00679B,元大美債20年,61,11,50,富邦-陽明,2023-10-23,9604
4919,新唐,52,3,49,富邦-陽明,2023-10-23,9604
2618,長榮航,92,44,48,富邦-陽明,2023-10-23,9604
2883,凱基金,47,2,45,富邦-陽明,2023-10-23,9604
1711,永光,51,6,45,富邦-陽明,2023-10-23,9604
6290,良維,58,16,42,富邦-陽明,2023-10-23,9604
00650L,復華香港正2,39,0,39,富邦-陽明,2023-10-23,9604
2330,台積電,42,4,38,富邦-陽明,2023-10-23,9604
3264,欣銓,36,1,35,富邦-陽明,2023-10-23,9604
00900,富邦特選高股息30,39,5,34,富邦-陽明,2023-10-23,9604
00933B,國泰10Y+金融債,33,0,33,富邦-陽明,2023-10-23,9604
6576,逸達,30,0,30,富邦-陽明,2023-10-23,9604
2543,皇昌,30,0,30,富邦-陽明,2023-10-23,9604
00885,富邦越南,60,30,30,富邦-陽明,2023-10-23,9604
00931B,統一美債20年,29,0,29,富邦-陽明,2023-10-23,9604
2014,中鴻,31,2,29,富邦-陽明,2023-10-23,9604
2888,新光金,30,1,29,富邦-陽明,2023-10-23,9604
1477,聚陽,27,0,27,富邦-陽明,2023-10-23,9604
2609,陽明,42,18,24,富邦-陽明,2023-10-23,9604
0050,元大台灣50,24,0,24,富邦-陽明,2023-10-23,9604
2365,昆盈,24,1,23,富邦-陽明,2023-10-23,9604
2344,華邦電,24,1,23,富邦-陽明,2023-10-23,9604
2354,鴻準,25,3,22,富邦-陽明,2023-10-23,9604
00753L,中信中國50正2,22,0,22,富邦-陽明,2023-10-23,9604
00773B,中信優先金融債,21,0,21,富邦-陽明,2023-10-23,9604
3006,晶豪科,48,27,21,富邦-陽明,2023-10-23,9604
00696B,富邦美債20年,20,0,20,富邦-陽明,2023-10-23,9604
2501,國建,20,0,20,富邦-陽明,2023-10-23,9604
2382,廣達,63,43,20,富邦-陽明,2023-10-23,9604
00929,復華台灣科技優息,435,84,351,富邦-陽明,2023-10-24,9604
1314,中石化,271,18,253,富邦-陽明,2023-10-24,9604
00712,復華富時不動產,234,4,230,富邦-陽明,2023-10-24,9604
00671R,富邦NASDAQ反1,200,0,200,富邦-陽明,2023-10-24,9604
2603,長榮,200,5,195,富邦-陽明,2023-10-24,9604
00919,群益台灣精選高息,181,0,181,富邦-陽明,2023-10-24,9604
00632R,元大台灣50反1,186,13,173,富邦-陽明,2023-10-24,9604
2317,鴻海,271,119,152,富邦-陽明,2023-10-24,9604
2002,中鋼,140,5,135,富邦-陽明,2023-10-24,9604
2369,菱生,222,101,121,富邦-陽明,2023-10-24,9604
020039,元大加權N,100,1,99,富邦-陽明,2023-10-24,9604
8150,南茂,133,36,97,富邦-陽明,2023-10-24,9604
00878,國泰永續高股息,137,51,86,富邦-陽明,2023-10-24,9604
00900,富邦特選高股息30,70,1,69,富邦-陽明,2023-10-24,9604
3481,群創,79,12,67,富邦-陽明,2023-10-24,9604
3048,益登,137,70,67,富邦-陽明,2023-10-24,9604
2303,聯電,133,76,57,富邦-陽明,2023-10-24,9604
3711,日月光投控,49,4,45,富邦-陽明,2023-10-24,9604
00679B,元大美債20年,52,8,44,富邦-陽明,2023-10-24,9604
2892,第一金,48,5,43,富邦-陽明,2023-10-24,9604
00720B,元大投資級公司債,45,3,42,富邦-陽明,2023-10-24,9604
2883,凱基金,85,43,42,富邦-陽明,2023-10-24,9604
00885,富邦越南,43,3,40,富邦-陽明,2023-10-24,9604
3041,揚智,183,144,39,富邦-陽明,2023-10-24,9604
00688L,國泰20年美債正2,50,11,39,富邦-陽明,2023-10-24,9604
00922,國泰台灣領袖50,53,15,38,富邦-陽明,2023-10-24,9604
00680L,元大美債20正2,41,6,35,富邦-陽明,2023-10-24,9604
6117,迎廣,55,20,35,富邦-陽明,2023-10-24,9604
6233,旺玖,75,40,35,富邦-陽明,2023-10-24,9604
2313,華通,44,11,33,富邦-陽明,2023-10-24,9604
6168,宏齊,52,19,33,富邦-陽明,2023-10-24,9604
00692,富邦公司治理,37,4,33,富邦-陽明,2023-10-24,9604
00830,國泰費城半導體,33,1,32,富邦-陽明,2023-10-24,9604
1909,榮成,30,0,30,富邦-陽明,2023-10-24,9604
2880,華南金,30,1,29,富邦-陽明,2023-10-24,9604
00687B,國泰20年美債,91,64,27,富邦-陽明,2023-10-24,9604
00637L,元大滬深300正2,152,125,27,富邦-陽明,2023-10-24,9604
2382,廣達,88,61,27,富邦-陽明,2023-10-24,9604
1101,台泥,37,11,26,富邦-陽明,2023-10-24,9604
3083,網龍,26,0,26,富邦-陽明,2023-10-24,9604
1301,台塑,26,0,26,富邦-陽明,2023-10-24,9604
00719B,元大美債1-3,25,0,25,富邦-陽明,2023-10-24,9604
4934,太極,25,0,25,富邦-陽明,2023-10-24,9604
2610,華航,24,0,24,富邦-陽明,2023-10-24,9604
00633L,富邦上証正2,47,23,24,富邦-陽明,2023-10-24,9604
0050,元大台灣50,23,1,22,富邦-陽明,2023-10-24,9604
2888,新光金,21,0,21,富邦-陽明,2023-10-24,9604
1514,亞力,24,3,21,富邦-陽明,2023-10-24,9604
5386,青雲,24,3,21,富邦-陽明,2023-10-24,9604
3122,笙泉,65,44,21,富邦-陽明,2023-10-24,9604
00929,復華台灣科技優息,212,59,153,富邦-陽明,2023-10-25,9604
2337,旺宏,166,29,137,富邦-陽明,2023-10-25,9604
2405,輔信,155,25,130,富邦-陽明,2023-10-25,9604
00712,復華富時不動產,139,15,124,富邦-陽明,2023-10-25,9604
00687B,國泰20年美債,113,3,110,富邦-陽明,2023-10-25,9604
6605,帝寶,126,22,104,富邦-陽明,2023-10-25,9604
1314,中石化,103,26,77,富邦-陽明,2023-10-25,9604
00878,國泰永續高股息,88,15,73,富邦-陽明,2023-10-25,9604
02001R,富邦蘋果反一N,60,0,60,富邦-陽明,2023-10-25,9604
4908,前鼎,86,27,59,富邦-陽明,2023-10-25,9604
006208,富邦台50,60,2,58,富邦-陽明,2023-10-25,9604
0056,元大高股息,62,10,52,富邦-陽明,2023-10-25,9604
1524,耿鼎,130,79,51,富邦-陽明,2023-10-25,9604
00751B,元大AAA至A公司債,51,1,50,富邦-陽明,2023-10-25,9604
2317,鴻海,101,53,48,富邦-陽明,2023-10-25,9604
2886,兆豐金,61,14,47,富邦-陽明,2023-10-25,9604
00679B,元大美債20年,54,8,46,富邦-陽明,2023-10-25,9604
00885,富邦越南,44,0,44,富邦-陽明,2023-10-25,9604
00637L,元大滬深300正2,136,92,44,富邦-陽明,2023-10-25,9604
00919,群益台灣精選高息,55,16,39,富邦-陽明,2023-10-25,9604
6233,旺玖,158,120,38,富邦-陽明,2023-10-25,9604
2369,菱生,88,52,36,富邦-陽明,2023-10-25,9604
00688L,國泰20年美債正2,36,0,36,富邦-陽明,2023-10-25,9604
3032,偉訓,63,29,34,富邦-陽明,2023-10-25,9604
4979,華星光,49,16,33,富邦-陽明,2023-10-25,9604
1612,宏泰,35,4,31,富邦-陽明,2023-10-25,9604
2891,中信金,34,5,29,富邦-陽明,2023-10-25,9604
3231,緯創,174,146,28,富邦-陽明,2023-10-25,9604
2356,英業達,64,38,26,富邦-陽明,2023-10-25,9604
00680L,元大美債20正2,76,51,25,富邦-陽明,2023-10-25,9604
2323,中環,25,1,24,富邦-陽明,2023-10-25,9604
6404,通訊-KY,24,0,24,富邦-陽明,2023-10-25,9604
3035,智原,61,38,23,富邦-陽明,2023-10-25,9604
9902,台火,23,0,23,富邦-陽明,2023-10-25,9604
6139,亞翔,59,37,22,富邦-陽明,2023-10-25,9604
4960,誠美材,33,11,22,富邦-陽明,2023-10-25,9604
2376,技嘉,36,14,22,富邦-陽明,2023-10-25,9604
020035,元大上櫃ESG高息N,22,0,22,富邦-陽明,2023-10-25,9604
1303,南亞,21,0,21,富邦-陽明,2023-10-25,9604
020020,元大台股領航N,22,1,21,富邦-陽明,2023-10-25,9604
1313,聯成,20,0,20,富邦-陽明,2023-10-25,9604
3037,欣興,48,28,20,富邦-陽明,2023-10-25,9604
2329,華泰,23,5,18,富邦-陽明,2023-10-25,9604
2340,台亞,19,2,17,富邦-陽明,2023-10-25,9604
2462,良得電,20,3,17,富邦-陽明,2023-10-25,9604
2449,京元電子,26,9,17,富邦-陽明,2023-10-25,9604
2399,映泰,23,6,17,富邦-陽明,2023-10-25,9604
1101,台泥,18,1,17,富邦-陽明,2023-10-25,9604
2618,長榮航,29,13,16,富邦-陽明,2023-10-25,9604
5258,虹堡,54,39,15,富邦-陽明,2023-10-25,9604
00929,復華台灣科技優息,544,26,518,富邦-陽明,2023-10-26,9604
2303,聯電,324,50,274,富邦-陽明,2023-10-26,9604
00712,復華富時不動產,209,0,209,富邦-陽明,2023-10-26,9604
0056,元大高股息,263,64,199,富邦-陽明,2023-10-26,9604
00919,群益台灣精選高息,173,6,167,富邦-陽明,2023-10-26,9604
2883,凱基金,177,20,157,富邦-陽明,2023-10-26,9604
00878,國泰永續高股息,199,46,153,富邦-陽明,2023-10-26,9604
2344,華邦電,144,9,135,富邦-陽明,2023-10-26,9604
00687B,國泰20年美債,92,1,91,富邦-陽明,2023-10-26,9604
00922,國泰台灣領袖50,96,8,88,富邦-陽明,2023-10-26,9604
00885,富邦越南,127,43,84,富邦-陽明,2023-10-26,9604
0050,元大台灣50,97,13,84,富邦-陽明,2023-10-26,9604
9105,泰金寶-DR,98,17,81,富邦-陽明,2023-10-26,9604
00680L,元大美債20正2,74,10,64,富邦-陽明,2023-10-26,9604
3037,欣興,79,16,63,富邦-陽明,2023-10-26,9604
00650L,復華香港正2,160,97,63,富邦-陽明,2023-10-26,9604
2888,新光金,82,20,62,富邦-陽明,2023-10-26,9604
2892,第一金,59,4,55,富邦-陽明,2023-10-26,9604
2801,彰銀,52,0,52,富邦-陽明,2023-10-26,9604
020034,元大IC設計N,50,0,50,富邦-陽明,2023-10-26,9604
2330,台積電,55,6,49,富邦-陽明,2023-10-26,9604
2605,新興,72,23,49,富邦-陽明,2023-10-26,9604
00900,富邦特選高股息30,47,1,46,富邦-陽明,2023-10-26,9604
00751B,元大AAA至A公司債,45,0,45,富邦-陽明,2023-10-26,9604
00679B,元大美債20年,47,3,44,富邦-陽明,2023-10-26,9604
2337,旺宏,115,72,43,富邦-陽明,2023-10-26,9604
2633,台灣高鐵,40,0,40,富邦-陽明,2023-10-26,9604
006208,富邦台50,41,1,40,富邦-陽明,2023-10-26,9604
00720B,元大投資級公司債,41,1,40,富邦-陽明,2023-10-26,9604
2388,威盛,59,21,38,富邦-陽明,2023-10-26,9604
8358,金居,39,2,37,富邦-陽明,2023-10-26,9604
2347,聯強,38,1,37,富邦-陽明,2023-10-26,9604
5880,合庫金,39,3,36,富邦-陽明,2023-10-26,9604
6233,旺玖,67,31,36,富邦-陽明,2023-10-26,9604
2313,華通,35,0,35,富邦-陽明,2023-10-26,9604
8176,智捷,35,0,35,富邦-陽明,2023-10-26,9604
3041,揚智,60,28,32,富邦-陽明,2023-10-26,9604
3701,大眾控,39,7,32,富邦-陽明,2023-10-26,9604
6015,宏遠證,32,0,32,富邦-陽明,2023-10-26,9604
2897,王道銀行,31,0,31,富邦-陽明,2023-10-26,9604
2867,三商壽,30,0,30,富邦-陽明,2023-10-26,9604
00933B,國泰10Y+金融債,30,0,30,富邦-陽明,2023-10-26,9604
5876,上海商銀,30,1,29,富邦-陽明,2023-10-26,9604
5426,振發,29,1,28,富邦-陽明,2023-10-26,9604
1301,台塑,27,0,27,富邦-陽明,2023-10-26,9604
2201,裕隆,31,4,27,富邦-陽明,2023-10-26,9604
2485,兆赫,33,6,27,富邦-陽明,2023-10-26,9604
00665L,富邦�琤肭磪囓�2,51,24,27,富邦-陽明,2023-10-26,9604
6443,元晶,32,5,27,富邦-陽明,2023-10-26,9604
2317,鴻海,67,41,26,富邦-陽明,2023-10-26,9604
00929,復華台灣科技優息,449,21,428,富邦-陽明,2023-10-27,9604
3060,銘異,253,36,217,富邦-陽明,2023-10-27,9604
1101,台泥,129,3,126,富邦-陽明,2023-10-27,9604
2883,凱基金,114,18,96,富邦-陽明,2023-10-27,9604
00885,富邦越南,126,36,90,富邦-陽明,2023-10-27,9604
00712,復華富時不動產,90,3,87,富邦-陽明,2023-10-27,9604
2303,聯電,111,34,77,富邦-陽明,2023-10-27,9604
00632R,元大台灣50反1,67,0,67,富邦-陽明,2023-10-27,9604
2409,友達,77,11,66,富邦-陽明,2023-10-27,9604
2317,鴻海,74,11,63,富邦-陽明,2023-10-27,9604
00878,國泰永續高股息,110,48,62,富邦-陽明,2023-10-27,9604
1402,遠東新,61,0,61,富邦-陽明,2023-10-27,9604
00679B,元大美債20年,71,16,55,富邦-陽明,2023-10-27,9604
00772B,中信高評級公司債,54,0,54,富邦-陽明,2023-10-27,9604
00893,國泰智能電動車,53,3,50,富邦-陽明,2023-10-27,9604
1710,東聯,50,2,48,富邦-陽明,2023-10-27,9604
3037,欣興,77,29,48,富邦-陽明,2023-10-27,9604
9105,泰金寶-DR,48,0,48,富邦-陽明,2023-10-27,9604
1303,南亞,45,0,45,富邦-陽明,2023-10-27,9604
2382,廣達,78,34,44,富邦-陽明,2023-10-27,9604
2344,華邦電,45,3,42,富邦-陽明,2023-10-27,9604
00720B,元大投資級公司債,48,6,42,富邦-陽明,2023-10-27,9604
2329,華泰,67,26,41,富邦-陽明,2023-10-27,9604
00919,群益台灣精選高息,52,12,40,富邦-陽明,2023-10-27,9604
2340,台亞,48,8,40,富邦-陽明,2023-10-27,9604
0056,元大高股息,57,17,40,富邦-陽明,2023-10-27,9604
2337,旺宏,105,65,40,富邦-陽明,2023-10-27,9604
2371,大同,40,2,38,富邦-陽明,2023-10-27,9604
3264,欣銓,75,38,37,富邦-陽明,2023-10-27,9604
00751B,元大AAA至A公司債,35,1,34,富邦-陽明,2023-10-27,9604
3324,雙鴻,55,21,34,富邦-陽明,2023-10-27,9604
02001R,富邦蘋果反一N,35,1,34,富邦-陽明,2023-10-27,9604
5009,榮剛,36,4,32,富邦-陽明,2023-10-27,9604
3290,東浦,78,47,31,富邦-陽明,2023-10-27,9604
4130,健亞,32,1,31,富邦-陽明,2023-10-27,9604
1905,華紙,31,1,30,富邦-陽明,2023-10-27,9604
1529,樂事綠能,30,0,30,富邦-陽明,2023-10-27,9604
2002,中鋼,30,1,29,富邦-陽明,2023-10-27,9604
3322,建舜電,38,9,29,富邦-陽明,2023-10-27,9604
6443,元晶,65,38,27,富邦-陽明,2023-10-27,9604
3693,營邦,30,3,27,富邦-陽明,2023-10-27,9604
1477,聚陽,27,0,27,富邦-陽明,2023-10-27,9604
00670L,富邦NASDAQ正2,34,8,26,富邦-陽明,2023-10-27,9604
3372,典範,33,9,24,富邦-陽明,2023-10-27,9604
6237,驊訊,33,11,22,富邦-陽明,2023-10-27,9604
2851,中再保,23,1,22,富邦-陽明,2023-10-27,9604
4157,太景*-KY,22,1,21,富邦-陽明,2023-10-27,9604
6695,芯鼎,23,2,21,富邦-陽明,2023-10-27,9604
3450,聯鈞,37,16,21,富邦-陽明,2023-10-27,9604
8271,宇瞻,21,0,21,富邦-陽明,2023-10-27,9604
00712,復華富時不動產,185,0,185,富邦-陽明,2023-10-30,9604
2303,聯電,202,17,185,富邦-陽明,2023-10-30,9604
3060,銘異,172,0,172,富邦-陽明,2023-10-30,9604
00929,復華台灣科技優息,213,62,151,富邦-陽明,2023-10-30,9604
00679B,元大美債20年,138,0,138,富邦-陽明,2023-10-30,9604
2317,鴻海,299,174,125,富邦-陽明,2023-10-30,9604
00878,國泰永續高股息,149,24,125,富邦-陽明,2023-10-30,9604
5876,上海商銀,87,0,87,富邦-陽明,2023-10-30,9604
00922,國泰台灣領袖50,78,0,78,富邦-陽明,2023-10-30,9604
00680L,元大美債20正2,77,0,77,富邦-陽明,2023-10-30,9604
2374,佳能,78,1,77,富邦-陽明,2023-10-30,9604
2337,旺宏,116,42,74,富邦-陽明,2023-10-30,9604
2888,新光金,69,5,64,富邦-陽明,2023-10-30,9604
2882,國泰金,62,1,61,富邦-陽明,2023-10-30,9604
4960,誠美材,47,0,47,富邦-陽明,2023-10-30,9604
6117,迎廣,80,35,45,富邦-陽明,2023-10-30,9604
3231,緯創,133,88,45,富邦-陽明,2023-10-30,9604
2328,廣宇,42,0,42,富邦-陽明,2023-10-30,9604
1303,南亞,39,0,39,富邦-陽明,2023-10-30,9604
2887,台新金,46,8,38,富邦-陽明,2023-10-30,9604
00751B,元大AAA至A公司債,42,5,37,富邦-陽明,2023-10-30,9604
00919,群益台灣精選高息,43,6,37,富邦-陽明,2023-10-30,9604
4167,松瑞藥,83,46,37,富邦-陽明,2023-10-30,9604
2485,兆赫,117,81,36,富邦-陽明,2023-10-30,9604
00706L,期元大S＆P日圓正2,35,0,35,富邦-陽明,2023-10-30,9604
2607,榮運,41,7,34,富邦-陽明,2023-10-30,9604
3290,東浦,47,13,34,富邦-陽明,2023-10-30,9604
2340,台亞,32,0,32,富邦-陽明,2023-10-30,9604
2330,台積電,36,5,31,富邦-陽明,2023-10-30,9604
9105,泰金寶-DR,32,1,31,富邦-陽明,2023-10-30,9604
2913,農林,30,0,30,富邦-陽明,2023-10-30,9604
2027,大成鋼,27,0,27,富邦-陽明,2023-10-30,9604
2201,裕隆,28,3,25,富邦-陽明,2023-10-30,9604
00687B,國泰20年美債,36,11,25,富邦-陽明,2023-10-30,9604
0050,元大台灣50,25,0,25,富邦-陽明,2023-10-30,9604
2886,兆豐金,41,16,25,富邦-陽明,2023-10-30,9604
2344,華邦電,36,11,25,富邦-陽明,2023-10-30,9604
006208,富邦台50,25,1,24,富邦-陽明,2023-10-30,9604
00923,群益台ESG低碳50,24,0,24,富邦-陽明,2023-10-30,9604
00885,富邦越南,39,16,23,富邦-陽明,2023-10-30,9604
1437,勤益控,23,0,23,富邦-陽明,2023-10-30,9604
2884,玉山金,24,1,23,富邦-陽明,2023-10-30,9604
2363,矽統,50,28,22,富邦-陽明,2023-10-30,9604
2002,中鋼,28,7,21,富邦-陽明,2023-10-30,9604
2465,麗臺,23,2,21,富邦-陽明,2023-10-30,9604
3205,佰研,23,2,21,富邦-陽明,2023-10-30,9604
3088,艾訊,23,2,21,富邦-陽明,2023-10-30,9604
00772B,中信高評級公司債,19,0,19,富邦-陽明,2023-10-30,9604
2369,菱生,25,7,18,富邦-陽明,2023-10-30,9604
4164,承業醫,24,6,18,富邦-陽明,2023-10-30,9604
00929,復華台灣科技優息,411,60,351,富邦-陽明,2023-10-31,9604
0056,元大高股息,264,64,200,富邦-陽明,2023-10-31,9604
00919,群益台灣精選高息,171,3,168,富邦-陽明,2023-10-31,9604
00878,國泰永續高股息,201,59,142,富邦-陽明,2023-10-31,9604
00650L,復華香港正2,116,2,114,富邦-陽明,2023-10-31,9604
00665L,富邦�琤肭磪囓�2,96,10,86,富邦-陽明,2023-10-31,9604
8110,華東,81,4,77,富邦-陽明,2023-10-31,9604
0050,元大台灣50,75,6,69,富邦-陽明,2023-10-31,9604
2344,華邦電,115,48,67,富邦-陽明,2023-10-31,9604
5371,中光電,67,3,64,富邦-陽明,2023-10-31,9604
2317,鴻海,108,45,63,富邦-陽明,2023-10-31,9604
9105,泰金寶-DR,60,1,59,富邦-陽明,2023-10-31,9604
4906,正文,60,2,58,富邦-陽明,2023-10-31,9604
00633L,富邦上証正2,60,2,58,富邦-陽明,2023-10-31,9604
00715L,期街口布蘭特正2,54,2,52,富邦-陽明,2023-10-31,9604
3231,緯創,176,126,50,富邦-陽明,2023-10-31,9604
020034,元大IC設計N,50,0,50,富邦-陽明,2023-10-31,9604
020031,統一IC設計臺灣N,50,0,50,富邦-陽明,2023-10-31,9604
00753L,中信中國50正2,48,0,48,富邦-陽明,2023-10-31,9604
2363,矽統,73,27,46,富邦-陽明,2023-10-31,9604
2303,聯電,60,15,45,富邦-陽明,2023-10-31,9604
8936,國統,220,175,45,富邦-陽明,2023-10-31,9604
2390,云辰,58,13,45,富邦-陽明,2023-10-31,9604
2382,廣達,130,86,44,富邦-陽明,2023-10-31,9604
2617,台航,44,2,42,富邦-陽明,2023-10-31,9604
1477,聚陽,42,0,42,富邦-陽明,2023-10-31,9604
00687B,國泰20年美債,44,5,39,富邦-陽明,2023-10-31,9604
8210,勤誠,42,3,39,富邦-陽明,2023-10-31,9604
5534,長虹,40,1,39,富邦-陽明,2023-10-31,9604
3715,定穎投控,200,162,38,富邦-陽明,2023-10-31,9604
6290,良維,60,22,38,富邦-陽明,2023-10-31,9604
2354,鴻準,45,10,35,富邦-陽明,2023-10-31,9604
2417,圓剛,99,64,35,富邦-陽明,2023-10-31,9604
2883,凱基金,35,3,32,富邦-陽明,2023-10-31,9604
3576,聯合再生,49,17,32,富邦-陽明,2023-10-31,9604
8358,金居,46,15,31,富邦-陽明,2023-10-31,9604
3083,網龍,31,0,31,富邦-陽明,2023-10-31,9604
2913,農林,30,0,30,富邦-陽明,2023-10-31,9604
2301,光寶科,66,36,30,富邦-陽明,2023-10-31,9604
2367,燿華,42,13,29,富邦-陽明,2023-10-31,9604
00922,國泰台灣領袖50,51,22,29,富邦-陽明,2023-10-31,9604
2498,宏達電,31,3,28,富邦-陽明,2023-10-31,9604
2330,台積電,32,5,27,富邦-陽明,2023-10-31,9604
6282,康舒,33,6,27,富邦-陽明,2023-10-31,9604
3693,營邦,33,6,27,富邦-陽明,2023-10-31,9604
2605,新興,28,1,27,富邦-陽明,2023-10-31,9604
1785,光洋科,27,0,27,富邦-陽明,2023-10-31,9604
8054,安國,45,19,26,富邦-陽明,2023-10-31,9604
3122,笙泉,89,63,26,富邦-陽明,2023-10-31,9604
6117,迎廣,62,36,26,富邦-陽明,2023-10-31,9604
3481,群創,345,11,334,富邦-陽明,2023-11-01,9604
00878,國泰永續高股息,308,19,289,富邦-陽明,2023-11-01,9604
00934,中信成長高股息,261,14,247,富邦-陽明,2023-11-01,9604
00929,復華台灣科技優息,256,94,162,富邦-陽明,2023-11-01,9604
00680L,元大美債20正2,134,0,134,富邦-陽明,2023-11-01,9604
6191,精成科,177,58,119,富邦-陽明,2023-11-01,9604
00687B,國泰20年美債,108,1,107,富邦-陽明,2023-11-01,9604
6770,力積電,127,26,101,富邦-陽明,2023-11-01,9604
2888,新光金,102,4,98,富邦-陽明,2023-11-01,9604
1477,聚陽,93,0,93,富邦-陽明,2023-11-01,9604
00885,富邦越南,114,30,84,富邦-陽明,2023-11-01,9604
00919,群益台灣精選高息,94,14,80,富邦-陽明,2023-11-01,9604
00679B,元大美債20年,82,2,80,富邦-陽明,2023-11-01,9604
2340,台亞,98,21,77,富邦-陽明,2023-11-01,9604
0056,元大高股息,65,8,57,富邦-陽明,2023-11-01,9604
2409,友達,56,1,55,富邦-陽明,2023-11-01,9604
020031,統一IC設計臺灣N,50,0,50,富邦-陽明,2023-11-01,9604
4915,致伸,54,6,48,富邦-陽明,2023-11-01,9604
4157,太景*-KY,47,1,46,富邦-陽明,2023-11-01,9604
2305,全友,46,2,44,富邦-陽明,2023-11-01,9604
6276,安鈦克,46,3,43,富邦-陽明,2023-11-01,9604
6156,松上,43,1,42,富邦-陽明,2023-11-01,9604
6233,旺玖,41,0,41,富邦-陽明,2023-11-01,9604
6109,亞元,46,6,40,富邦-陽明,2023-11-01,9604
2609,陽明,39,4,35,富邦-陽明,2023-11-01,9604
1815,富喬,62,28,34,富邦-陽明,2023-11-01,9604
5871,中租-KY,34,3,31,富邦-陽明,2023-11-01,9604
2892,第一金,46,18,28,富邦-陽明,2023-11-01,9604
2358,廷鑫,46,18,28,富邦-陽明,2023-11-01,9604
2317,鴻海,70,42,28,富邦-陽明,2023-11-01,9604
00720B,元大投資級公司債,35,8,27,富邦-陽明,2023-11-01,9604
6290,良維,28,2,26,富邦-陽明,2023-11-01,9604
3706,神達,26,2,24,富邦-陽明,2023-11-01,9604
2485,兆赫,41,17,24,富邦-陽明,2023-11-01,9604
00715L,期街口布蘭特正2,24,1,23,富邦-陽明,2023-11-01,9604
1795,美時,48,25,23,富邦-陽明,2023-11-01,9604
2610,華航,65,43,22,富邦-陽明,2023-11-01,9604
00712,復華富時不動產,32,10,22,富邦-陽明,2023-11-01,9604
2027,大成鋼,21,0,21,富邦-陽明,2023-11-01,9604
8088,品安,20,0,20,富邦-陽明,2023-11-01,9604
3264,欣銓,34,14,20,富邦-陽明,2023-11-01,9604
3322,建舜電,32,12,20,富邦-陽明,2023-11-01,9604
3491,昇達科,29,9,20,富邦-陽明,2023-11-01,9604
2886,兆豐金,29,9,20,富邦-陽明,2023-11-01,9604
1605,華新,22,2,20,富邦-陽明,2023-11-01,9604
3094,聯傑,33,14,19,富邦-陽明,2023-11-01,9604
3588,通嘉,125,106,19,富邦-陽明,2023-11-01,9604
2382,廣達,38,19,19,富邦-陽明,2023-11-01,9604
0050,元大台灣50,27,9,18,富邦-陽明,2023-11-01,9604
00772B,中信高評級公司債,18,0,18,富邦-陽明,2023-11-01,9604
00878,國泰永續高股息,306,72,234,富邦-陽明,2023-11-02,9604
6770,力積電,192,36,156,富邦-陽明,2023-11-02,9604
2888,新光金,125,6,119,富邦-陽明,2023-11-02,9604
00751B,元大AAA至A公司債,115,11,104,富邦-陽明,2023-11-02,9604
2618,長榮航,146,54,92,富邦-陽明,2023-11-02,9604
00664R,國泰臺灣加權反1,92,0,92,富邦-陽明,2023-11-02,9604
2883,凱基金,95,3,92,富邦-陽明,2023-11-02,9604
2453,凌群,92,4,88,富邦-陽明,2023-11-02,9604
00687B,國泰20年美債,122,39,83,富邦-陽明,2023-11-02,9604
00679B,元大美債20年,106,26,80,富邦-陽明,2023-11-02,9604
3013,晟銘電,85,5,80,富邦-陽明,2023-11-02,9604
00632R,元大台灣50反1,410,333,77,富邦-陽明,2023-11-02,9604
00885,富邦越南,80,13,67,富邦-陽明,2023-11-02,9604
00688L,國泰20年美債正2,70,10,60,富邦-陽明,2023-11-02,9604
9105,泰金寶-DR,103,50,53,富邦-陽明,2023-11-02,9604
02001R,富邦蘋果反一N,50,0,50,富邦-陽明,2023-11-02,9604
3450,聯鈞,90,44,46,富邦-陽明,2023-11-02,9604
2485,兆赫,49,4,45,富邦-陽明,2023-11-02,9604
2367,燿華,71,29,42,富邦-陽明,2023-11-02,9604
00675L,富邦臺灣加權正2,41,0,41,富邦-陽明,2023-11-02,9604
6552,易華電,40,0,40,富邦-陽明,2023-11-02,9604
00637L,元大滬深300正2,62,22,40,富邦-陽明,2023-11-02,9604
3715,定穎投控,229,195,34,富邦-陽明,2023-11-02,9604
2376,技嘉,57,23,34,富邦-陽明,2023-11-02,9604
3006,晶豪科,62,31,31,富邦-陽明,2023-11-02,9604
9904,寶成,30,0,30,富邦-陽明,2023-11-02,9604
4906,正文,33,6,27,富邦-陽明,2023-11-02,9604
3376,新日興,27,0,27,富邦-陽明,2023-11-02,9604
00934,中信成長高股息,68,42,26,富邦-陽明,2023-11-02,9604
3322,建舜電,55,29,26,富邦-陽明,2023-11-02,9604
4960,誠美材,26,0,26,富邦-陽明,2023-11-02,9604
2402,毅嘉,27,1,26,富邦-陽明,2023-11-02,9604
1319,東陽,32,7,25,富邦-陽明,2023-11-02,9604
5388,中磊,45,23,22,富邦-陽明,2023-11-02,9604
00919,群益台灣精選高息,99,78,21,富邦-陽明,2023-11-02,9604
9919,康那香,22,1,21,富邦-陽明,2023-11-02,9604
2356,英業達,41,20,21,富邦-陽明,2023-11-02,9604
2408,南亞科,40,19,21,富邦-陽明,2023-11-02,9604
4130,健亞,20,0,20,富邦-陽明,2023-11-02,9604
3363,上詮,29,11,18,富邦-陽明,2023-11-02,9604
3672,康聯訊,18,0,18,富邦-陽明,2023-11-02,9604
3176,基亞,33,16,17,富邦-陽明,2023-11-02,9604
3702,大聯大,38,21,17,富邦-陽明,2023-11-02,9604
2427,三商電,49,33,16,富邦-陽明,2023-11-02,9604
6191,精成科,74,59,15,富邦-陽明,2023-11-02,9604
4909,新復興,19,4,15,富邦-陽明,2023-11-02,9604
2809,京城銀,15,0,15,富邦-陽明,2023-11-02,9604
4164,承業醫,16,1,15,富邦-陽明,2023-11-02,9604
1560,中砂,37,22,15,富邦-陽明,2023-11-02,9604
9958,世紀鋼,27,13,14,富邦-陽明,2023-11-02,9604
00919,群益台灣精選高息,562,33,529,富邦-陽明,2023-11-03,9604
6770,力積電,308,118,190,富邦-陽明,2023-11-03,9604
2363,矽統,532,354,178,富邦-陽明,2023-11-03,9604
00878,國泰永續高股息,176,23,153,富邦-陽明,2023-11-03,9604
00935,野村臺灣新科技50,121,2,119,富邦-陽明,2023-11-03,9604
00632R,元大台灣50反1,117,0,117,富邦-陽明,2023-11-03,9604
00679B,元大美債20年,117,12,105,富邦-陽明,2023-11-03,9604
00934,中信成長高股息,91,9,82,富邦-陽明,2023-11-03,9604
3231,緯創,185,110,75,富邦-陽明,2023-11-03,9604
4927,泰鼎-KY,74,0,74,富邦-陽明,2023-11-03,9604
2816,旺旺保,63,2,61,富邦-陽明,2023-11-03,9604
4915,致伸,51,3,48,富邦-陽明,2023-11-03,9604
2317,鴻海,106,59,47,富邦-陽明,2023-11-03,9604
8046,南電,51,5,46,富邦-陽明,2023-11-03,9604
3264,欣銓,66,25,41,富邦-陽明,2023-11-03,9604
00772B,中信高評級公司債,43,3,40,富邦-陽明,2023-11-03,9604
02001R,富邦蘋果反一N,40,0,40,富邦-陽明,2023-11-03,9604
3013,晟銘電,72,32,40,富邦-陽明,2023-11-03,9604
00669R,國泰美國道瓊反1,39,1,38,富邦-陽明,2023-11-03,9604
00933B,國泰10Y+金融債,58,20,38,富邦-陽明,2023-11-03,9604
2313,華通,87,55,32,富邦-陽明,2023-11-03,9604
00687B,國泰20年美債,69,38,31,富邦-陽明,2023-11-03,9604
3481,群創,67,36,31,富邦-陽明,2023-11-03,9604
3213,茂訊,35,5,30,富邦-陽明,2023-11-03,9604
020028,元大特選電動車N,30,0,30,富邦-陽明,2023-11-03,9604
1815,富喬,110,81,29,富邦-陽明,2023-11-03,9604
6235,華孚,38,11,27,富邦-陽明,2023-11-03,9604
2376,技嘉,61,37,24,富邦-陽明,2023-11-03,9604
00664R,國泰臺灣加權反1,24,0,24,富邦-陽明,2023-11-03,9604
2458,義隆,36,13,23,富邦-陽明,2023-11-03,9604
6191,精成科,29,6,23,富邦-陽明,2023-11-03,9604
2453,凌群,31,8,23,富邦-陽明,2023-11-03,9604
2344,華邦電,27,5,22,富邦-陽明,2023-11-03,9604
5347,世界,24,2,22,富邦-陽明,2023-11-03,9604
6233,旺玖,21,0,21,富邦-陽明,2023-11-03,9604
00885,富邦越南,58,37,21,富邦-陽明,2023-11-03,9604
4130,健亞,20,0,20,富邦-陽明,2023-11-03,9604
00722B,群益投資級電信債,20,0,20,富邦-陽明,2023-11-03,9604
1905,華紙,45,25,20,富邦-陽明,2023-11-03,9604
00642U,期元大S＆P石油,22,2,20,富邦-陽明,2023-11-03,9604
2305,全友,27,8,19,富邦-陽明,2023-11-03,9604
0056,元大高股息,35,18,17,富邦-陽明,2023-11-03,9604
2888,新光金,148,131,17,富邦-陽明,2023-11-03,9604
2412,中華電,17,1,16,富邦-陽明,2023-11-03,9604
2332,友訊,20,4,16,富邦-陽明,2023-11-03,9604
1605,華新,19,3,16,富邦-陽明,2023-11-03,9604
3576,聯合再生,26,10,16,富邦-陽明,2023-11-03,9604
2382,廣達,51,35,16,富邦-陽明,2023-11-03,9604
2356,英業達,53,38,15,富邦-陽明,2023-11-03,9604
00720B,元大投資級公司債,38,24,14,富邦-陽明,2023-11-03,9604
00632R,元大台灣50反1,373,228,145,富邦-陽明,2023-11-06,9604
00935,野村臺灣新科技50,122,2,120,富邦-陽明,2023-11-06,9604
00934,中信成長高股息,93,2,91,富邦-陽明,2023-11-06,9604
6770,力積電,108,18,90,富邦-陽明,2023-11-06,9604
1809,中釉,105,18,87,富邦-陽明,2023-11-06,9604
8110,華東,90,12,78,富邦-陽明,2023-11-06,9604
00878,國泰永續高股息,104,33,71,富邦-陽明,2023-11-06,9604
2888,新光金,91,21,70,富邦-陽明,2023-11-06,9604
02001R,富邦蘋果反一N,65,0,65,富邦-陽明,2023-11-06,9604
00919,群益台灣精選高息,121,57,64,富邦-陽明,2023-11-06,9604
00637L,元大滬深300正2,61,5,56,富邦-陽明,2023-11-06,9604
00687B,國泰20年美債,61,6,55,富邦-陽明,2023-11-06,9604
6109,亞元,139,86,53,富邦-陽明,2023-11-06,9604
1616,億泰,50,0,50,富邦-陽明,2023-11-06,9604
2408,南亞科,53,8,45,富邦-陽明,2023-11-06,9604
1721,三晃,60,17,43,富邦-陽明,2023-11-06,9604
00715L,期街口布蘭特正2,43,2,41,富邦-陽明,2023-11-06,9604
00669R,國泰美國道瓊反1,41,0,41,富邦-陽明,2023-11-06,9604
9105,泰金寶-DR,40,0,40,富邦-陽明,2023-11-06,9604
2739,寒舍,40,0,40,富邦-陽明,2023-11-06,9604
2618,長榮航,217,178,39,富邦-陽明,2023-11-06,9604
00679B,元大美債20年,70,31,39,富邦-陽明,2023-11-06,9604
2313,華通,70,31,39,富邦-陽明,2023-11-06,9604
3013,晟銘電,104,65,39,富邦-陽明,2023-11-06,9604
00929,復華台灣科技優息,198,160,38,富邦-陽明,2023-11-06,9604
2337,旺宏,43,7,36,富邦-陽明,2023-11-06,9604
00885,富邦越南,58,24,34,富邦-陽明,2023-11-06,9604
00722B,群益投資級電信債,33,0,33,富邦-陽明,2023-11-06,9604
3376,新日興,35,3,32,富邦-陽明,2023-11-06,9604
2641,正德,32,0,32,富邦-陽明,2023-11-06,9604
00882,中信中國高股息,51,22,29,富邦-陽明,2023-11-06,9604
1442,名軒,31,2,29,富邦-陽明,2023-11-06,9604
00751B,元大AAA至A公司債,30,3,27,富邦-陽明,2023-11-06,9604
2002,中鋼,65,38,27,富邦-陽明,2023-11-06,9604
4927,泰鼎-KY,26,0,26,富邦-陽明,2023-11-06,9604
4908,前鼎,69,43,26,富邦-陽明,2023-11-06,9604
3704,合勤控,40,14,26,富邦-陽明,2023-11-06,9604
00772B,中信高評級公司債,30,5,25,富邦-陽明,2023-11-06,9604
00712,復華富時不動產,44,20,24,富邦-陽明,2023-11-06,9604
2368,金像電,28,4,24,富邦-陽明,2023-11-06,9604
2883,凱基金,68,44,24,富邦-陽明,2023-11-06,9604
4934,太極,24,0,24,富邦-陽明,2023-11-06,9604
1449,佳和,34,11,23,富邦-陽明,2023-11-06,9604
1101,台泥,23,1,22,富邦-陽明,2023-11-06,9604
00688L,國泰20年美債正2,42,20,22,富邦-陽明,2023-11-06,9604
2603,長榮,38,18,20,富邦-陽明,2023-11-06,9604
2461,光群雷,20,0,20,富邦-陽明,2023-11-06,9604
3402,漢科,20,0,20,富邦-陽明,2023-11-06,9604
2607,榮運,19,1,18,富邦-陽明,2023-11-06,9604
00764B,群益25年美債,18,0,18,富邦-陽明,2023-11-06,9604
3060,銘異,210,1,209,富邦-陽明,2023-11-07,9604
2618,長榮航,229,74,155,富邦-陽明,2023-11-07,9604
2610,華航,184,50,134,富邦-陽明,2023-11-07,9604
00719B,元大美債1-3,105,0,105,富邦-陽明,2023-11-07,9604
2501,國建,100,0,100,富邦-陽明,2023-11-07,9604
2634,漢翔,92,5,87,富邦-陽明,2023-11-07,9604
00878,國泰永續高股息,105,27,78,富邦-陽明,2023-11-07,9604
2002,中鋼,74,1,73,富邦-陽明,2023-11-07,9604
2888,新光金,177,108,69,富邦-陽明,2023-11-07,9604
00706L,期元大S＆P日圓正2,61,0,61,富邦-陽明,2023-11-07,9604
2363,矽統,240,194,46,富邦-陽明,2023-11-07,9604
00929,復華台灣科技優息,121,78,43,富邦-陽明,2023-11-07,9604
2882,國泰金,42,1,41,富邦-陽明,2023-11-07,9604
00712,復華富時不動產,47,6,41,富邦-陽明,2023-11-07,9604
00650L,復華香港正2,36,0,36,富邦-陽明,2023-11-07,9604
2317,鴻海,71,37,34,富邦-陽明,2023-11-07,9604
8112,至上,34,1,33,富邦-陽明,2023-11-07,9604
00637L,元大滬深300正2,128,95,33,富邦-陽明,2023-11-07,9604
2453,凌群,86,53,33,富邦-陽明,2023-11-07,9604
1215,卜蜂,32,0,32,富邦-陽明,2023-11-07,9604
2498,宏達電,34,3,31,富邦-陽明,2023-11-07,9604
00715L,期街口布蘭特正2,29,0,29,富邦-陽明,2023-11-07,9604
2344,華邦電,26,0,26,富邦-陽明,2023-11-07,9604
2390,云辰,33,7,26,富邦-陽明,2023-11-07,9604
2486,一詮,41,15,26,富邦-陽明,2023-11-07,9604
00680L,元大美債20正2,25,0,25,富邦-陽明,2023-11-07,9604
2388,威盛,84,60,24,富邦-陽明,2023-11-07,9604
00931B,統一美債20年,27,4,23,富邦-陽明,2023-11-07,9604
2615,萬海,24,1,23,富邦-陽明,2023-11-07,9604
6285,啟��,25,3,22,富邦-陽明,2023-11-07,9604
5351,鈺創,37,16,21,富邦-陽明,2023-11-07,9604
00720B,元大投資級公司債,30,10,20,富邦-陽明,2023-11-07,9604
00772B,中信高評級公司債,24,4,20,富邦-陽明,2023-11-07,9604
5706,鳳凰,45,25,20,富邦-陽明,2023-11-07,9604
1449,佳和,28,8,20,富邦-陽明,2023-11-07,9604
3521,鴻翊,20,0,20,富邦-陽明,2023-11-07,9604
6185,幃翔,22,3,19,富邦-陽明,2023-11-07,9604
1616,億泰,18,0,18,富邦-陽明,2023-11-07,9604
6139,亞翔,27,9,18,富邦-陽明,2023-11-07,9604
00687B,國泰20年美債,25,8,17,富邦-陽明,2023-11-07,9604
2739,寒舍,17,0,17,富邦-陽明,2023-11-07,9604
00665L,富邦�琤肭磪囓�2,87,71,16,富邦-陽明,2023-11-07,9604
2359,所羅門,19,3,16,富邦-陽明,2023-11-07,9604
2890,永豐金,16,0,16,富邦-陽明,2023-11-07,9604
8069,元太,19,4,15,富邦-陽明,2023-11-07,9604
00919,群益台灣精選高息,64,49,15,富邦-陽明,2023-11-07,9604
6472,保瑞,20,5,15,富邦-陽明,2023-11-07,9604
3714,富采,16,1,15,富邦-陽明,2023-11-07,9604
00635U,期元大S＆P黃金,20,5,15,富邦-陽明,2023-11-07,9604
5426,振發,20,5,15,富邦-陽明,2023-11-07,9604
00936,台新永續高息中小,250,18,232,富邦-陽明,2023-11-08,9604
2630,亞航,105,0,105,富邦-陽明,2023-11-08,9604
00715L,期街口布蘭特正2,103,0,103,富邦-陽明,2023-11-08,9604
2888,新光金,105,4,101,富邦-陽明,2023-11-08,9604
2323,中環,71,6,65,富邦-陽明,2023-11-08,9604
6290,良維,85,21,64,富邦-陽明,2023-11-08,9604
02001R,富邦蘋果反一N,60,0,60,富邦-陽明,2023-11-08,9604
1737,臺鹽,55,0,55,富邦-陽明,2023-11-08,9604
3693,營邦,64,17,47,富邦-陽明,2023-11-08,9604
2883,凱基金,69,23,46,富邦-陽明,2023-11-08,9604
2388,威盛,137,92,45,富邦-陽明,2023-11-08,9604
4167,松瑞藥,141,96,45,富邦-陽明,2023-11-08,9604
1815,富喬,110,70,40,富邦-陽明,2023-11-08,9604
00642U,期元大S＆P石油,41,4,37,富邦-陽明,2023-11-08,9604
020031,統一IC設計臺灣N,40,3,37,富邦-陽明,2023-11-08,9604
4162,智擎,55,19,36,富邦-陽明,2023-11-08,9604
8085,福華,42,8,34,富邦-陽明,2023-11-08,9604
1809,中釉,34,0,34,富邦-陽明,2023-11-08,9604
2371,大同,34,2,32,富邦-陽明,2023-11-08,9604
3221,台嘉碩,44,13,31,富邦-陽明,2023-11-08,9604
6901,鑽石投資,52,21,31,富邦-陽明,2023-11-08,9604
2485,兆赫,33,2,31,富邦-陽明,2023-11-08,9604
3545,敦泰,41,12,29,富邦-陽明,2023-11-08,9604
1514,亞力,40,14,26,富邦-陽明,2023-11-08,9604
00671R,富邦NASDAQ反1,25,1,24,富邦-陽明,2023-11-08,9604
00669R,國泰美國道瓊反1,26,2,24,富邦-陽明,2023-11-08,9604
2399,映泰,30,6,24,富邦-陽明,2023-11-08,9604
6122,擎邦,38,15,23,富邦-陽明,2023-11-08,9604
2002,中鋼,30,7,23,富邦-陽明,2023-11-08,9604
1217,愛之味,22,0,22,富邦-陽明,2023-11-08,9604
2376,技嘉,70,48,22,富邦-陽明,2023-11-08,9604
00720B,元大投資級公司債,30,9,21,富邦-陽明,2023-11-08,9604
00751B,元大AAA至A公司債,28,7,21,富邦-陽明,2023-11-08,9604
3024,憶聲,20,0,20,富邦-陽明,2023-11-08,9604
1201,味全,20,0,20,富邦-陽明,2023-11-08,9604
2353,宏��,21,1,20,富邦-陽明,2023-11-08,9604
2884,玉山金,22,3,19,富邦-陽明,2023-11-08,9604
2610,華航,31,12,19,富邦-陽明,2023-11-08,9604
4736,泰博,19,0,19,富邦-陽明,2023-11-08,9604
3322,建舜電,20,1,19,富邦-陽明,2023-11-08,9604
3260,威剛,44,25,19,富邦-陽明,2023-11-08,9604
2492,華新科,25,7,18,富邦-陽明,2023-11-08,9604
2201,裕隆,20,2,18,富邦-陽明,2023-11-08,9604
1605,華新,21,3,18,富邦-陽明,2023-11-08,9604
00885,富邦越南,28,10,18,富邦-陽明,2023-11-08,9604
1785,光洋科,19,1,18,富邦-陽明,2023-11-08,9604
2337,旺宏,43,26,17,富邦-陽明,2023-11-08,9604
2605,新興,17,0,17,富邦-陽明,2023-11-08,9604
1789,神隆,17,0,17,富邦-陽明,2023-11-08,9604
5483,中美晶,22,5,17,富邦-陽明,2023-11-08,9604
2323,中環,603,21,582,富邦-陽明,2023-11-09,9604
00688L,國泰20年美債正2,460,0,460,富邦-陽明,2023-11-09,9604
00929,復華台灣科技優息,275,87,188,富邦-陽明,2023-11-09,9604
00679B,元大美債20年,219,60,159,富邦-陽明,2023-11-09,9604
00680L,元大美債20正2,154,9,145,富邦-陽明,2023-11-09,9604
4999,鑫禾,130,0,130,富邦-陽明,2023-11-09,9604
00936,台新永續高息中小,125,2,123,富邦-陽明,2023-11-09,9604
00715L,期街口布蘭特正2,106,6,100,富邦-陽明,2023-11-09,9604
1718,中纖,88,0,88,富邦-陽明,2023-11-09,9604
00878,國泰永續高股息,144,61,83,富邦-陽明,2023-11-09,9604
00706L,期元大S＆P日圓正2,80,2,78,富邦-陽明,2023-11-09,9604
2888,新光金,79,3,76,富邦-陽明,2023-11-09,9604
3013,晟銘電,97,22,75,富邦-陽明,2023-11-09,9604
00665L,富邦�琤肭磪囓�2,68,0,68,富邦-陽明,2023-11-09,9604
2313,華通,86,25,61,富邦-陽明,2023-11-09,9604
00632R,元大台灣50反1,61,0,61,富邦-陽明,2023-11-09,9604
5347,世界,64,6,58,富邦-陽明,2023-11-09,9604
6282,康舒,58,3,55,富邦-陽明,2023-11-09,9604
00710B,復華彭博非投等債,52,0,52,富邦-陽明,2023-11-09,9604
1815,富喬,67,15,52,富邦-陽明,2023-11-09,9604
2344,華邦電,58,8,50,富邦-陽明,2023-11-09,9604
8034,榮群,107,60,47,富邦-陽明,2023-11-09,9604
2331,精英,75,29,46,富邦-陽明,2023-11-09,9604
3014,聯陽,47,6,41,富邦-陽明,2023-11-09,9604
00671R,富邦NASDAQ反1,40,0,40,富邦-陽明,2023-11-09,9604
2329,華泰,127,89,38,富邦-陽明,2023-11-09,9604
00931B,統一美債20年,41,5,36,富邦-陽明,2023-11-09,9604
1522,堤維西,44,9,35,富邦-陽明,2023-11-09,9604
3380,明泰,38,3,35,富邦-陽明,2023-11-09,9604
00751B,元大AAA至A公司債,56,21,35,富邦-陽明,2023-11-09,9604
00905,FT臺灣Smart,34,1,33,富邦-陽明,2023-11-09,9604
3260,威剛,45,13,32,富邦-陽明,2023-11-09,9604
00795B,中信美國公債20年,31,0,31,富邦-陽明,2023-11-09,9604
3006,晶豪科,34,3,31,富邦-陽明,2023-11-09,9604
1568,倉佑,32,2,30,富邦-陽明,2023-11-09,9604
1515,力山,29,0,29,富邦-陽明,2023-11-09,9604
8088,品安,40,11,29,富邦-陽明,2023-11-09,9604
2388,威盛,50,23,27,富邦-陽明,2023-11-09,9604
00934,中信成長高股息,27,0,27,富邦-陽明,2023-11-09,9604
2634,漢翔,39,12,27,富邦-陽明,2023-11-09,9604
6125,廣運,40,14,26,富邦-陽明,2023-11-09,9604
3041,揚智,32,6,26,富邦-陽明,2023-11-09,9604
4909,新復興,27,1,26,富邦-陽明,2023-11-09,9604
3049,精金,26,0,26,富邦-陽明,2023-11-09,9604
3576,聯合再生,25,0,25,富邦-陽明,2023-11-09,9604
3491,昇達科,31,6,25,富邦-陽明,2023-11-09,9604
1442,名軒,32,7,25,富邦-陽明,2023-11-09,9604
3231,緯創,207,183,24,富邦-陽明,2023-11-09,9604
3228,金麗科,29,5,24,富邦-陽明,2023-11-09,9604
00720B,元大投資級公司債,53,29,24,富邦-陽明,2023-11-09,9604
00665L,富邦�琤肭磪囓�2,2343,4,2339,富邦-陽明,2023-11-10,9604
00929,復華台灣科技優息,209,80,129,富邦-陽明,2023-11-10,9604
00650L,復華香港正2,118,1,117,富邦-陽明,2023-11-10,9604
00878,國泰永續高股息,143,31,112,富邦-陽明,2023-11-10,9604
00679B,元大美債20年,104,5,99,富邦-陽明,2023-11-10,9604
3231,緯創,259,177,82,富邦-陽明,2023-11-10,9604
2363,矽統,324,246,78,富邦-陽明,2023-11-10,9604
00901,永豐智能車供應鏈,75,0,75,富邦-陽明,2023-11-10,9604
00936,台新永續高息中小,72,1,71,富邦-陽明,2023-11-10,9604
00655L,國泰中國A50正2,75,7,68,富邦-陽明,2023-11-10,9604
00772B,中信高評級公司債,65,2,63,富邦-陽明,2023-11-10,9604
1737,臺鹽,61,0,61,富邦-陽明,2023-11-10,9604
3037,欣興,65,8,57,富邦-陽明,2023-11-10,9604
00687B,國泰20年美債,53,0,53,富邦-陽明,2023-11-10,9604
2388,威盛,70,18,52,富邦-陽明,2023-11-10,9604
3228,金麗科,67,18,49,富邦-陽明,2023-11-10,9604
1316,上曜,50,2,48,富邦-陽明,2023-11-10,9604
00919,群益台灣精選高息,69,22,47,富邦-陽明,2023-11-10,9604
2352,佳世達,67,22,45,富邦-陽明,2023-11-10,9604
3176,基亞,57,15,42,富邦-陽明,2023-11-10,9604
6156,松上,43,4,39,富邦-陽明,2023-11-10,9604
2421,建準,47,11,36,富邦-陽明,2023-11-10,9604
4164,承業醫,63,29,34,富邦-陽明,2023-11-10,9604
00897,富邦基因免疫生技,32,0,32,富邦-陽明,2023-11-10,9604
2634,漢翔,34,3,31,富邦-陽明,2023-11-10,9604
5871,中租-KY,35,3,32,富邦-陽明,2023-11-10,9604
6290,良維,62,32,30,富邦-陽明,2023-11-10,9604
00688L,國泰20年美債正2,39,11,28,富邦-陽明,2023-11-10,9604
6276,安鈦克,27,0,27,富邦-陽明,2023-11-10,9604
3715,定穎投控,39,13,26,富邦-陽明,2023-11-10,9604
00933B,國泰10Y+金融債,26,0,26,富邦-陽明,2023-11-10,9604
00725B,國泰投資級公司債,30,5,25,富邦-陽明,2023-11-10,9604
9919,康那香,25,0,25,富邦-陽明,2023-11-10,9604
00935,野村臺灣新科技50,26,1,25,富邦-陽明,2023-11-10,9604
2486,一詮,31,7,24,富邦-陽明,2023-11-10,9604
2618,長榮航,52,28,24,富邦-陽明,2023-11-10,9604
1815,富喬,45,21,24,富邦-陽明,2023-11-10,9604
3017,奇鋐,52,28,24,富邦-陽明,2023-11-10,9604
3042,晶技,24,0,24,富邦-陽明,2023-11-10,9604
2408,南亞科,23,0,23,富邦-陽明,2023-11-10,9604
4533,協易機,94,71,23,富邦-陽明,2023-11-10,9604
3036,文曄,44,21,23,富邦-陽明,2023-11-10,9604
5521,工信,27,4,23,富邦-陽明,2023-11-10,9604
2449,京元電子,23,1,22,富邦-陽明,2023-11-10,9604
1101,台泥,24,2,22,富邦-陽明,2023-11-10,9604
00706L,期元大S＆P日圓正2,22,0,22,富邦-陽明,2023-11-10,9604
6446,藥華藥,33,11,22,富邦-陽明,2023-11-10,9604
6806,森崴能源,39,18,21,富邦-陽明,2023-11-10,9604
0056,元大高股息,35,14,21,富邦-陽明,2023-11-10,9604
2201,裕隆,21,1,20,富邦-陽明,2023-11-10,9604
2618,長榮航,410,24,386,富邦-陽明,2023-11-13,9604
00878,國泰永續高股息,240,31,209,富邦-陽明,2023-11-13,9604
2382,廣達,336,145,191,富邦-陽明,2023-11-13,9604
00679B,元大美債20年,129,0,129,富邦-陽明,2023-11-13,9604
2313,華通,359,258,101,富邦-陽明,2023-11-13,9604
2888,新光金,133,34,99,富邦-陽明,2023-11-13,9604
6290,良維,145,51,94,富邦-陽明,2023-11-13,9604
2501,國建,73,0,73,富邦-陽明,2023-11-13,9604
00929,復華台灣科技優息,109,36,73,富邦-陽明,2023-11-13,9604
2412,中華電,67,0,67,富邦-陽明,2023-11-13,9604
00687B,國泰20年美債,66,5,61,富邦-陽明,2023-11-13,9604
00680L,元大美債20正2,61,7,54,富邦-陽明,2023-11-13,9604
2462,良得電,57,3,54,富邦-陽明,2023-11-13,9604
6282,康舒,111,60,51,富邦-陽明,2023-11-13,9604
3094,聯傑,64,13,51,富邦-陽明,2023-11-13,9604
1314,中石化,50,0,50,富邦-陽明,2023-11-13,9604
2369,菱生,99,54,45,富邦-陽明,2023-11-13,9604
2408,南亞科,48,5,43,富邦-陽明,2023-11-13,9604
6118,建達,53,10,43,富邦-陽明,2023-11-13,9604
00795B,中信美國公債20年,40,0,40,富邦-陽明,2023-11-13,9604
3041,揚智,69,29,40,富邦-陽明,2023-11-13,9604
8215,明基材,38,0,38,富邦-陽明,2023-11-13,9604
5871,中租-KY,38,1,37,富邦-陽明,2023-11-13,9604
00665L,富邦�琤肭磪囓�2,54,17,37,富邦-陽明,2023-11-13,9604
9950,萬國通,38,4,34,富邦-陽明,2023-11-13,9604
1477,聚陽,35,1,34,富邦-陽明,2023-11-13,9604
6139,亞翔,61,27,34,富邦-陽明,2023-11-13,9604
020020,元大台股領航N,33,0,33,富邦-陽明,2023-11-13,9604
020029,元大ESG高股息N,33,0,33,富邦-陽明,2023-11-13,9604
020027,元大上櫃ESG成長N,33,0,33,富邦-陽明,2023-11-13,9604
2515,中工,36,3,33,富邦-陽明,2023-11-13,9604
00882,中信中國高股息,33,0,33,富邦-陽明,2023-11-13,9604
8112,至上,33,1,32,富邦-陽明,2023-11-13,9604
8234,新漢,33,1,32,富邦-陽明,2023-11-13,9604
2347,聯強,51,20,31,富邦-陽明,2023-11-13,9604
2352,佳世達,46,15,31,富邦-陽明,2023-11-13,9604
6266,泰詠,30,0,30,富邦-陽明,2023-11-13,9604
4414,如興,30,0,30,富邦-陽明,2023-11-13,9604
2603,長榮,43,13,30,富邦-陽明,2023-11-13,9604
6133,金橋,32,3,29,富邦-陽明,2023-11-13,9604
1710,東聯,30,3,27,富邦-陽明,2023-11-13,9604
3609,三一東林,27,0,27,富邦-陽明,2023-11-13,9604
3228,金麗科,34,7,27,富邦-陽明,2023-11-13,9604
00931B,統一美債20年,29,3,26,富邦-陽明,2023-11-13,9604
4108,懷特,26,0,26,富邦-陽明,2023-11-13,9604
2498,宏達電,38,13,25,富邦-陽明,2023-11-13,9604
1449,佳和,31,6,25,富邦-陽明,2023-11-13,9604
2211,長榮鋼,27,3,24,富邦-陽明,2023-11-13,9604
2329,華泰,140,116,24,富邦-陽明,2023-11-13,9604
4164,承業醫,47,24,23,富邦-陽明,2023-11-13,9604
3231,緯創,393,117,276,富邦-陽明,2023-11-14,9604
2883,凱基金,138,6,132,富邦-陽明,2023-11-14,9604
2354,鴻準,122,3,119,富邦-陽明,2023-11-14,9604
2462,良得電,104,1,103,富邦-陽明,2023-11-14,9604
00673R,期元大S＆P原油反1,100,1,99,富邦-陽明,2023-11-14,9604
2886,兆豐金,117,23,94,富邦-陽明,2023-11-14,9604
00878,國泰永續高股息,168,75,93,富邦-陽明,2023-11-14,9604
00733,富邦臺灣中小,90,2,88,富邦-陽明,2023-11-14,9604
2609,陽明,171,95,76,富邦-陽明,2023-11-14,9604
00681R,元大美債20反1,50,0,50,富邦-陽明,2023-11-14,9604
8401,白紗科,45,0,45,富邦-陽明,2023-11-14,9604
6282,康舒,85,42,43,富邦-陽明,2023-11-14,9604
6116,彩晶,42,1,41,富邦-陽明,2023-11-14,9604
2412,中華電,41,0,41,富邦-陽明,2023-11-14,9604
2356,英業達,53,16,37,富邦-陽明,2023-11-14,9604
2509,全坤建,36,0,36,富邦-陽明,2023-11-14,9604
6274,台燿,38,4,34,富邦-陽明,2023-11-14,9604
4915,致伸,35,1,34,富邦-陽明,2023-11-14,9604
00679B,元大美債20年,42,9,33,富邦-陽明,2023-11-14,9604
3036,文曄,67,34,33,富邦-陽明,2023-11-14,9604
02001R,富邦蘋果反一N,33,0,33,富邦-陽明,2023-11-14,9604
00692,富邦公司治理,47,14,33,富邦-陽明,2023-11-14,9604
8046,南電,33,1,32,富邦-陽明,2023-11-14,9604
2303,聯電,82,51,31,富邦-陽明,2023-11-14,9604
6139,亞翔,67,37,30,富邦-陽明,2023-11-14,9604
00936,台新永續高息中小,48,20,28,富邦-陽明,2023-11-14,9604
2515,中工,49,22,27,富邦-陽明,2023-11-14,9604
2387,精元,33,6,27,富邦-陽明,2023-11-14,9604
2601,益航,26,0,26,富邦-陽明,2023-11-14,9604
3689,湧德,31,6,25,富邦-陽明,2023-11-14,9604
5521,工信,58,34,24,富邦-陽明,2023-11-14,9604
00665L,富邦�琤肭磪囓�2,225,201,24,富邦-陽明,2023-11-14,9604
1319,東陽,25,2,23,富邦-陽明,2023-11-14,9604
2409,友達,24,1,23,富邦-陽明,2023-11-14,9604
00632R,元大台灣50反1,30,7,23,富邦-陽明,2023-11-14,9604
2355,敬鵬,36,15,21,富邦-陽明,2023-11-14,9604
4904,遠傳,20,0,20,富邦-陽明,2023-11-14,9604
2369,菱生,41,21,20,富邦-陽明,2023-11-14,9604
1477,聚陽,27,8,19,富邦-陽明,2023-11-14,9604
6188,廣明,21,2,19,富邦-陽明,2023-11-14,9604
00669R,國泰美國道瓊反1,19,0,19,富邦-陽明,2023-11-14,9604
2492,華新科,27,9,18,富邦-陽明,2023-11-14,9604
6266,泰詠,18,0,18,富邦-陽明,2023-11-14,9604
3122,笙泉,24,7,17,富邦-陽明,2023-11-14,9604
2402,毅嘉,53,36,17,富邦-陽明,2023-11-14,9604
2352,佳世達,35,18,17,富邦-陽明,2023-11-14,9604
6127,九豪,20,3,17,富邦-陽明,2023-11-14,9604
2495,普安,17,0,17,富邦-陽明,2023-11-14,9604
2485,兆赫,31,14,17,富邦-陽明,2023-11-14,9604
1815,富喬,30,14,16,富邦-陽明,2023-11-14,9604
00688L,國泰20年美債正2,842,10,832,富邦-陽明,2023-11-15,9604
00680L,元大美債20正2,528,13,515,富邦-陽明,2023-11-15,9604
6770,力積電,539,46,493,富邦-陽明,2023-11-15,9604
00878,國泰永續高股息,593,232,361,富邦-陽明,2023-11-15,9604
00929,復華台灣科技優息,379,80,299,富邦-陽明,2023-11-15,9604
00720B,元大投資級公司債,256,73,183,富邦-陽明,2023-11-15,9604
3450,聯鈞,157,4,153,富邦-陽明,2023-11-15,9604
2462,良得電,159,12,147,富邦-陽明,2023-11-15,9604
00679B,元大美債20年,150,30,120,富邦-陽明,2023-11-15,9604
2329,華泰,302,191,111,富邦-陽明,2023-11-15,9604
00934,中信成長高股息,99,0,99,富邦-陽明,2023-11-15,9604
4915,致伸,72,10,62,富邦-陽明,2023-11-15,9604
8940,新天地,63,1,62,富邦-陽明,2023-11-15,9604
3715,定穎投控,77,15,62,富邦-陽明,2023-11-15,9604
020031,統一IC設計臺灣N,60,0,60,富邦-陽明,2023-11-15,9604
00933B,國泰10Y+金融債,77,21,56,富邦-陽明,2023-11-15,9604
1477,聚陽,60,6,54,富邦-陽明,2023-11-15,9604
00637L,元大滬深300正2,118,66,52,富邦-陽明,2023-11-15,9604
2610,華航,86,34,52,富邦-陽明,2023-11-15,9604
2449,京元電子,86,34,52,富邦-陽明,2023-11-15,9604
9921,巨大,69,20,49,富邦-陽明,2023-11-15,9604
2331,精英,101,54,47,富邦-陽明,2023-11-15,9604
2317,鴻海,78,32,46,富邦-陽明,2023-11-15,9604
2883,凱基金,182,139,43,富邦-陽明,2023-11-15,9604
00687B,國泰20年美債,77,35,42,富邦-陽明,2023-11-15,9604
00710B,復華彭博非投等債,40,0,40,富邦-陽明,2023-11-15,9604
00669R,國泰美國道瓊反1,37,0,37,富邦-陽明,2023-11-15,9604
2303,聯電,115,80,35,富邦-陽明,2023-11-15,9604
3672,康聯訊,34,0,34,富邦-陽明,2023-11-15,9604
3706,神達,51,19,32,富邦-陽明,2023-11-15,9604
6266,泰詠,33,1,32,富邦-陽明,2023-11-15,9604
2516,新建,41,10,31,富邦-陽明,2023-11-15,9604
00931B,統一美債20年,35,4,31,富邦-陽明,2023-11-15,9604
2882,國泰金,44,14,30,富邦-陽明,2023-11-15,9604
4967,十銓,81,51,30,富邦-陽明,2023-11-15,9604
4904,遠傳,30,1,29,富邦-陽明,2023-11-15,9604
2359,所羅門,30,1,29,富邦-陽明,2023-11-15,9604
00712,復華富時不動產,80,53,27,富邦-陽明,2023-11-15,9604
3022,威強電,28,1,27,富邦-陽明,2023-11-15,9604
6605,帝寶,32,6,26,富邦-陽明,2023-11-15,9604
5258,虹堡,49,26,23,富邦-陽明,2023-11-15,9604
6237,驊訊,30,8,22,富邦-陽明,2023-11-15,9604
2511,太子,21,0,21,富邦-陽明,2023-11-15,9604
3260,威剛,61,41,20,富邦-陽明,2023-11-15,9604
9902,台火,20,0,20,富邦-陽明,2023-11-15,9604
1447,力鵬,20,0,20,富邦-陽明,2023-11-15,9604
6806,森崴能源,36,16,20,富邦-陽明,2023-11-15,9604
2884,玉山金,44,25,19,富邦-陽明,2023-11-15,9604
1434,福懋,20,1,19,富邦-陽明,2023-11-15,9604
00633L,富邦上証正2,26,7,19,富邦-陽明,2023-11-15,9604
2801,彰銀,400,2,398,富邦-陽明,2023-11-16,9604
00680L,元大美債20正2,399,2,397,富邦-陽明,2023-11-16,9604
00878,國泰永續高股息,448,73,375,富邦-陽明,2023-11-16,9604
00679B,元大美債20年,198,8,190,富邦-陽明,2023-11-16,9604
2344,華邦電,241,97,144,富邦-陽明,2023-11-16,9604
8940,新天地,183,44,139,富邦-陽明,2023-11-16,9604
2329,華泰,454,339,115,富邦-陽明,2023-11-16,9604
00669R,國泰美國道瓊反1,111,0,111,富邦-陽明,2023-11-16,9604
00687B,國泰20年美債,92,1,91,富邦-陽明,2023-11-16,9604
00929,復華台灣科技優息,213,129,84,富邦-陽明,2023-11-16,9604
6416,瑞祺電通,82,5,77,富邦-陽明,2023-11-16,9604
6290,良維,76,4,72,富邦-陽明,2023-11-16,9604
3450,聯鈞,64,1,63,富邦-陽明,2023-11-16,9604
2352,佳世達,81,19,62,富邦-陽明,2023-11-16,9604
1504,東元,78,18,60,富邦-陽明,2023-11-16,9604
00632R,元大台灣50反1,60,1,59,富邦-陽明,2023-11-16,9604
3231,緯創,116,60,56,富邦-陽明,2023-11-16,9604
6901,鑽石投資,54,2,52,富邦-陽明,2023-11-16,9604
00671R,富邦NASDAQ反1,50,0,50,富邦-陽明,2023-11-16,9604
00720B,元大投資級公司債,69,19,50,富邦-陽明,2023-11-16,9604
4164,承業醫,50,1,49,富邦-陽明,2023-11-16,9604
00772B,中信高評級公司債,48,0,48,富邦-陽明,2023-11-16,9604
00715L,期街口布蘭特正2,46,0,46,富邦-陽明,2023-11-16,9604
1442,名軒,46,0,46,富邦-陽明,2023-11-16,9604
2353,宏��,43,2,41,富邦-陽明,2023-11-16,9604
1477,聚陽,45,4,41,富邦-陽明,2023-11-16,9604
00751B,元大AAA至A公司債,34,0,34,富邦-陽明,2023-11-16,9604
3402,漢科,48,14,34,富邦-陽明,2023-11-16,9604
3260,威剛,46,12,34,富邦-陽明,2023-11-16,9604
9945,潤泰新,45,13,32,富邦-陽明,2023-11-16,9604
2374,佳能,51,19,32,富邦-陽明,2023-11-16,9604
8088,品安,36,5,31,富邦-陽明,2023-11-16,9604
6266,泰詠,30,0,30,富邦-陽明,2023-11-16,9604
00753L,中信中國50正2,49,19,30,富邦-陽明,2023-11-16,9604
4904,遠傳,30,1,29,富邦-陽明,2023-11-16,9604
00933B,國泰10Y+金融債,40,12,28,富邦-陽明,2023-11-16,9604
6237,驊訊,31,3,28,富邦-陽明,2023-11-16,9604
00795B,中信美國公債20年,27,0,27,富邦-陽明,2023-11-16,9604
2465,麗臺,38,12,26,富邦-陽明,2023-11-16,9604
8210,勤誠,26,1,25,富邦-陽明,2023-11-16,9604
2731,雄獅,41,16,25,富邦-陽明,2023-11-16,9604
3036,文曄,40,15,25,富邦-陽明,2023-11-16,9604
1529,樂事綠能,25,0,25,富邦-陽明,2023-11-16,9604
5324,士開,27,3,24,富邦-陽明,2023-11-16,9604
00931B,統一美債20年,24,0,24,富邦-陽明,2023-11-16,9604
6191,精成科,24,2,22,富邦-陽明,2023-11-16,9604
6284,佳邦,28,7,21,富邦-陽明,2023-11-16,9604
1605,華新,63,42,21,富邦-陽明,2023-11-16,9604
2313,華通,52,32,20,富邦-陽明,2023-11-16,9604
4162,智擎,24,4,20,富邦-陽明,2023-11-16,9604
00665L,富邦�琤肭磪囓�2,2658,25,2633,富邦-陽明,2023-11-17,9604
2618,長榮航,1332,106,1226,富邦-陽明,2023-11-17,9604
00650L,復華香港正2,372,53,319,富邦-陽明,2023-11-17,9604
2462,良得電,218,10,208,富邦-陽明,2023-11-17,9604
00679B,元大美債20年,167,11,156,富邦-陽明,2023-11-17,9604
00715L,期街口布蘭特正2,163,18,145,富邦-陽明,2023-11-17,9604
2609,陽明,108,8,100,富邦-陽明,2023-11-17,9604
00687B,國泰20年美債,103,12,91,富邦-陽明,2023-11-17,9604
1718,中纖,90,3,87,富邦-陽明,2023-11-17,9604
8431,匯鑽科,85,0,85,富邦-陽明,2023-11-17,9604
2610,華航,258,177,81,富邦-陽明,2023-11-17,9604
8996,高力,166,100,66,富邦-陽明,2023-11-17,9604
00637L,元大滬深300正2,121,56,65,富邦-陽明,2023-11-17,9604
3260,威剛,81,23,58,富邦-陽明,2023-11-17,9604
2356,英業達,74,23,51,富邦-陽明,2023-11-17,9604
00642U,期元大S＆P石油,47,0,47,富邦-陽明,2023-11-17,9604
1432,大魯閣,54,7,47,富邦-陽明,2023-11-17,9604
2888,新光金,61,17,44,富邦-陽明,2023-11-17,9604
2405,輔信,106,63,43,富邦-陽明,2023-11-17,9604
2515,中工,43,3,40,富邦-陽明,2023-11-17,9604
00915,凱基優選高股息30,39,0,39,富邦-陽明,2023-11-17,9604
00633L,富邦上証正2,43,4,39,富邦-陽明,2023-11-17,9604
2495,普安,60,24,36,富邦-陽明,2023-11-17,9604
3576,聯合再生,34,1,33,富邦-陽明,2023-11-17,9604
2745,五福,41,8,33,富邦-陽明,2023-11-17,9604
5607,遠雄港,35,2,33,富邦-陽明,2023-11-17,9604
00751B,元大AAA至A公司債,33,1,32,富邦-陽明,2023-11-17,9604
00934,中信成長高股息,33,2,31,富邦-陽明,2023-11-17,9604
00933B,國泰10Y+金融債,31,1,30,富邦-陽明,2023-11-17,9604
2601,益航,30,0,30,富邦-陽明,2023-11-17,9604
2331,精英,36,7,29,富邦-陽明,2023-11-17,9604
1316,上曜,32,3,29,富邦-陽明,2023-11-17,9604
00671R,富邦NASDAQ反1,44,16,28,富邦-陽明,2023-11-17,9604
2603,長榮,31,3,28,富邦-陽明,2023-11-17,9604
2516,新建,66,38,28,富邦-陽明,2023-11-17,9604
2344,華邦電,65,38,27,富邦-陽明,2023-11-17,9604
2363,矽統,143,117,26,富邦-陽明,2023-11-17,9604
6118,建達,40,14,26,富邦-陽明,2023-11-17,9604
2412,中華電,28,2,26,富邦-陽明,2023-11-17,9604
2417,圓剛,40,15,25,富邦-陽明,2023-11-17,9604
2301,光寶科,32,7,25,富邦-陽明,2023-11-17,9604
00712,復華富時不動產,41,17,24,富邦-陽明,2023-11-17,9604
2353,宏��,25,1,24,富邦-陽明,2023-11-17,9604
2382,廣達,104,80,24,富邦-陽明,2023-11-17,9604
3483,力致,43,19,24,富邦-陽明,2023-11-17,9604
1815,富喬,63,40,23,富邦-陽明,2023-11-17,9604
6757,台灣虎航,27,4,23,富邦-陽明,2023-11-17,9604
4114,健喬,21,0,21,富邦-陽明,2023-11-17,9604
2201,裕隆,39,18,21,富邦-陽明,2023-11-17,9604
6770,力積電,56,35,21,富邦-陽明,2023-11-17,9604
6770,力積電,768,54,714,富邦-陽明,2023-11-20,9604
00929,復華台灣科技優息,746,266,480,富邦-陽明,2023-11-20,9604
00632R,元大台灣50反1,256,0,256,富邦-陽明,2023-11-20,9604
2618,長榮航,354,129,225,富邦-陽明,2023-11-20,9604
00680L,元大美債20正2,127,0,127,富邦-陽明,2023-11-20,9604
2363,矽統,329,204,125,富邦-陽明,2023-11-20,9604
2344,華邦電,152,39,113,富邦-陽明,2023-11-20,9604
00679B,元大美債20年,111,2,109,富邦-陽明,2023-11-20,9604
2303,聯電,222,122,100,富邦-陽明,2023-11-20,9604
5516,雙喜,100,0,100,富邦-陽明,2023-11-20,9604
2888,新光金,99,7,92,富邦-陽明,2023-11-20,9604
1101,台泥,115,30,85,富邦-陽明,2023-11-20,9604
00720B,元大投資級公司債,86,7,79,富邦-陽明,2023-11-20,9604
4999,鑫禾,83,8,75,富邦-陽明,2023-11-20,9604
6462,神盾,78,7,71,富邦-陽明,2023-11-20,9604
2006,東和鋼鐵,71,0,71,富邦-陽明,2023-11-20,9604
00933B,國泰10Y+金融債,66,0,66,富邦-陽明,2023-11-20,9604
2630,亞航,61,0,61,富邦-陽明,2023-11-20,9604
2443,昶虹,60,0,60,富邦-陽明,2023-11-20,9604
00919,群益台灣精選高息,78,21,57,富邦-陽明,2023-11-20,9604
2610,華航,68,15,53,富邦-陽明,2023-11-20,9604
1314,中石化,65,15,50,富邦-陽明,2023-11-20,9604
2903,遠百,50,0,50,富邦-陽明,2023-11-20,9604
3520,華盈,50,0,50,富邦-陽明,2023-11-20,9604
2495,普安,50,1,49,富邦-陽明,2023-11-20,9604
00687B,國泰20年美債,68,20,48,富邦-陽明,2023-11-20,9604
1442,名軒,46,0,46,富邦-陽明,2023-11-20,9604
8034,榮群,76,30,46,富邦-陽明,2023-11-20,9604
3035,智原,88,42,46,富邦-陽明,2023-11-20,9604
00642U,期元大S＆P石油,60,14,46,富邦-陽明,2023-11-20,9604
8234,新漢,45,0,45,富邦-陽明,2023-11-20,9604
00885,富邦越南,60,16,44,富邦-陽明,2023-11-20,9604
2330,台積電,104,61,43,富邦-陽明,2023-11-20,9604
2412,中華電,42,1,41,富邦-陽明,2023-11-20,9604
2301,光寶科,51,10,41,富邦-陽明,2023-11-20,9604
2105,正新,42,4,38,富邦-陽明,2023-11-20,9604
2607,榮運,39,1,38,富邦-陽明,2023-11-20,9604
6290,良維,56,20,36,富邦-陽明,2023-11-20,9604
8996,高力,60,26,34,富邦-陽明,2023-11-20,9604
00673R,期元大S＆P原油反1,33,0,33,富邦-陽明,2023-11-20,9604
4904,遠傳,33,0,33,富邦-陽明,2023-11-20,9604
00772B,中信高評級公司債,33,0,33,富邦-陽明,2023-11-20,9604
2603,長榮,36,5,31,富邦-陽明,2023-11-20,9604
2305,全友,32,1,31,富邦-陽明,2023-11-20,9604
2515,中工,34,3,31,富邦-陽明,2023-11-20,9604
00751B,元大AAA至A公司債,33,4,29,富邦-陽明,2023-11-20,9604
2369,菱生,56,27,29,富邦-陽明,2023-11-20,9604
2356,英業達,57,29,28,富邦-陽明,2023-11-20,9604
6799,來頡,96,69,27,富邦-陽明,2023-11-20,9604
4934,太極,58,32,26,富邦-陽明,2023-11-20,9604
2618,長榮航,509,165,344,富邦-陽明,2023-11-21,9604
2606,裕民,204,4,200,富邦-陽明,2023-11-21,9604
00934,中信成長高股息,160,15,145,富邦-陽明,2023-11-21,9604
1815,富喬,134,15,119,富邦-陽明,2023-11-21,9604
00671R,富邦NASDAQ反1,120,5,115,富邦-陽明,2023-11-21,9604
00679B,元大美債20年,109,0,109,富邦-陽明,2023-11-21,9604
00929,復華台灣科技優息,330,225,105,富邦-陽明,2023-11-21,9604
3041,揚智,248,156,92,富邦-陽明,2023-11-21,9604
00687B,國泰20年美債,83,2,81,富邦-陽明,2023-11-21,9604
00710B,復華彭博非投等債,80,0,80,富邦-陽明,2023-11-21,9604
2332,友訊,79,5,74,富邦-陽明,2023-11-21,9604
6770,力積電,120,48,72,富邦-陽明,2023-11-21,9604
00712,復華富時不動產,64,0,64,富邦-陽明,2023-11-21,9604
00931B,統一美債20年,61,2,59,富邦-陽明,2023-11-21,9604
2355,敬鵬,127,72,55,富邦-陽明,2023-11-21,9604
4999,鑫禾,58,4,54,富邦-陽明,2023-11-21,9604
3715,定穎投控,105,51,54,富邦-陽明,2023-11-21,9604
2401,凌陽,133,80,53,富邦-陽明,2023-11-21,9604
2367,燿華,181,130,51,富邦-陽明,2023-11-21,9604
3038,全台,50,0,50,富邦-陽明,2023-11-21,9604
2344,華邦電,67,19,48,富邦-陽明,2023-11-21,9604
2258,鴻華先進-創,48,0,48,富邦-陽明,2023-11-21,9604
3078,僑威,68,21,47,富邦-陽明,2023-11-21,9604
3149,正達,56,9,47,富邦-陽明,2023-11-21,9604
4414,如興,50,4,46,富邦-陽明,2023-11-21,9604
3036A,文曄甲特,45,0,45,富邦-陽明,2023-11-21,9604
3489,森寶,44,0,44,富邦-陽明,2023-11-21,9604
2329,華泰,236,192,44,富邦-陽明,2023-11-21,9604
5516,雙喜,121,80,41,富邦-陽明,2023-11-21,9604
2601,益航,40,0,40,富邦-陽明,2023-11-21,9604
3276,宇環,39,1,38,富邦-陽明,2023-11-21,9604
6237,驊訊,57,20,37,富邦-陽明,2023-11-21,9604
8054,安國,86,49,37,富邦-陽明,2023-11-21,9604
1316,上曜,45,12,33,富邦-陽明,2023-11-21,9604
6116,彩晶,32,0,32,富邦-陽明,2023-11-21,9604
5344,立衛,34,3,31,富邦-陽明,2023-11-21,9604
4906,正文,40,10,30,富邦-陽明,2023-11-21,9604
00919,群益台灣精選高息,85,55,30,富邦-陽明,2023-11-21,9604
00752,中信中國50,30,0,30,富邦-陽明,2023-11-21,9604
3059,華晶科,85,55,30,富邦-陽明,2023-11-21,9604
2812,台中銀,30,1,29,富邦-陽明,2023-11-21,9604
1449,佳和,35,6,29,富邦-陽明,2023-11-21,9604
2897,王道銀行,29,0,29,富邦-陽明,2023-11-21,9604
3520,華盈,29,0,29,富邦-陽明,2023-11-21,9604
6806,森崴能源,52,23,29,富邦-陽明,2023-11-21,9604
00688L,國泰20年美債正2,41,13,28,富邦-陽明,2023-11-21,9604
2303,聯電,108,80,28,富邦-陽明,2023-11-21,9604
00885,富邦越南,32,7,25,富邦-陽明,2023-11-21,9604
2337,旺宏,27,2,25,富邦-陽明,2023-11-21,9604
00933B,國泰10Y+金融債,28,3,25,富邦-陽明,2023-11-21,9604
3231,緯創,549,95,454,富邦-陽明,2023-11-22,9604
00919,群益台灣精選高息,447,34,413,富邦-陽明,2023-11-22,9604
2883,凱基金,457,148,309,富邦-陽明,2023-11-22,9604
2382,廣達,250,77,173,富邦-陽明,2023-11-22,9604
2353,宏��,171,12,159,富邦-陽明,2023-11-22,9604
2356,英業達,170,26,144,富邦-陽明,2023-11-22,9604
2888,新光金,133,2,131,富邦-陽明,2023-11-22,9604
00712,復華富時不動產,129,14,115,富邦-陽明,2023-11-22,9604
00905,FT臺灣Smart,101,0,101,富邦-陽明,2023-11-22,9604
2330,台積電,133,50,83,富邦-陽明,2023-11-22,9604
00665L,富邦�琤肭磪囓�2,127,45,82,富邦-陽明,2023-11-22,9604
00679B,元大美債20年,87,7,80,富邦-陽明,2023-11-22,9604
0056,元大高股息,128,48,80,富邦-陽明,2023-11-22,9604
00637L,元大滬深300正2,103,25,78,富邦-陽明,2023-11-22,9604
6770,力積電,121,44,77,富邦-陽明,2023-11-22,9604
3041,揚智,234,160,74,富邦-陽明,2023-11-22,9604
00751B,元大AAA至A公司債,72,0,72,富邦-陽明,2023-11-22,9604
2376,技嘉,143,72,71,富邦-陽明,2023-11-22,9604
00882,中信中國高股息,69,0,69,富邦-陽明,2023-11-22,9604
00642U,期元大S＆P石油,64,0,64,富邦-陽明,2023-11-22,9604
1101,台泥,77,16,61,富邦-陽明,2023-11-22,9604
3489,森寶,60,0,60,富邦-陽明,2023-11-22,9604
5880,合庫金,57,2,55,富邦-陽明,2023-11-22,9604
2331,精英,56,2,54,富邦-陽明,2023-11-22,9604
3266,昇陽,50,0,50,富邦-陽明,2023-11-22,9604
2492,華新科,70,21,49,富邦-陽明,2023-11-22,9604
3706,神達,50,5,45,富邦-陽明,2023-11-22,9604
00933B,國泰10Y+金融債,49,5,44,富邦-陽明,2023-11-22,9604
2516,新建,103,59,44,富邦-陽明,2023-11-22,9604
2023,燁輝,61,18,43,富邦-陽明,2023-11-22,9604
00934,中信成長高股息,58,15,43,富邦-陽明,2023-11-22,9604
2515,中工,65,22,43,富邦-陽明,2023-11-22,9604
2301,光寶科,46,4,42,富邦-陽明,2023-11-22,9604
00687B,國泰20年美債,68,30,38,富邦-陽明,2023-11-22,9604
2355,敬鵬,111,75,36,富邦-陽明,2023-11-22,9604
1316,上曜,38,3,35,富邦-陽明,2023-11-22,9604
2603,長榮,44,10,34,富邦-陽明,2023-11-22,9604
9921,巨大,43,10,33,富邦-陽明,2023-11-22,9604
6125,廣運,46,14,32,富邦-陽明,2023-11-22,9604
2601,益航,42,11,31,富邦-陽明,2023-11-22,9604
5439,高技,49,18,31,富邦-陽明,2023-11-22,9604
4414,如興,30,0,30,富邦-陽明,2023-11-22,9604
2405,輔信,73,45,28,富邦-陽明,2023-11-22,9604
2743,山富,38,10,28,富邦-陽明,2023-11-22,9604
3019,亞光,45,17,28,富邦-陽明,2023-11-22,9604
2201,裕隆,31,4,27,富邦-陽明,2023-11-22,9604
00936,台新永續高息中小,27,0,27,富邦-陽明,2023-11-22,9604
00720B,元大投資級公司債,47,21,26,富邦-陽明,2023-11-22,9604
00772B,中信高評級公司債,26,1,25,富邦-陽明,2023-11-22,9604
00929,復華台灣科技優息,188,162,26,富邦-陽明,2023-11-22,9604
00919,群益台灣精選高息,668,354,314,富邦-陽明,2023-11-23,9604
2363,矽統,325,113,212,富邦-陽明,2023-11-23,9604
2883,凱基金,498,293,205,富邦-陽明,2023-11-23,9604
00934,中信成長高股息,178,3,175,富邦-陽明,2023-11-23,9604
5521,工信,281,135,146,富邦-陽明,2023-11-23,9604
6282,康舒,336,204,132,富邦-陽明,2023-11-23,9604
3231,緯創,219,95,124,富邦-陽明,2023-11-23,9604
00929,復華台灣科技優息,240,133,107,富邦-陽明,2023-11-23,9604
2313,華通,160,54,106,富邦-陽明,2023-11-23,9604
00632R,元大台灣50反1,110,7,103,富邦-陽明,2023-11-23,9604
2258,鴻華先進-創,101,3,98,富邦-陽明,2023-11-23,9604
3489,森寶,96,0,96,富邦-陽明,2023-11-23,9604
00637L,元大滬深300正2,127,32,95,富邦-陽明,2023-11-23,9604
00680L,元大美債20正2,97,3,94,富邦-陽明,2023-11-23,9604
00933B,國泰10Y+金融債,124,34,90,富邦-陽明,2023-11-23,9604
2888,新光金,100,11,89,富邦-陽明,2023-11-23,9604
00878,國泰永續高股息,127,56,71,富邦-陽明,2023-11-23,9604
3078,僑威,224,154,70,富邦-陽明,2023-11-23,9604
3701,大眾控,71,5,66,富邦-陽明,2023-11-23,9604
3013,晟銘電,112,53,59,富邦-陽明,2023-11-23,9604
2611,志信,60,3,57,富邦-陽明,2023-11-23,9604
5471,松翰,59,2,57,富邦-陽明,2023-11-23,9604
3483,力致,94,38,56,富邦-陽明,2023-11-23,9604
6139,亞翔,95,39,56,富邦-陽明,2023-11-23,9604
8011,台通,62,8,54,富邦-陽明,2023-11-23,9604
3051,力特,56,3,53,富邦-陽明,2023-11-23,9604
2340,台亞,53,1,52,富邦-陽明,2023-11-23,9604
2891,中信金,85,36,49,富邦-陽明,2023-11-23,9604
6202,盛群,63,16,47,富邦-陽明,2023-11-23,9604
2344,華邦電,62,19,43,富邦-陽明,2023-11-23,9604
3041,揚智,151,113,38,富邦-陽明,2023-11-23,9604
2349,錸德,40,3,37,富邦-陽明,2023-11-23,9604
3416,融程電,35,0,35,富邦-陽明,2023-11-23,9604
2002,中鋼,109,74,35,富邦-陽明,2023-11-23,9604
2739,寒舍,100,66,34,富邦-陽明,2023-11-23,9604
1815,富喬,47,14,33,富邦-陽明,2023-11-23,9604
1609,大亞,40,9,31,富邦-陽明,2023-11-23,9604
2382,廣達,106,74,32,富邦-陽明,2023-11-23,9604
00655L,國泰中國A50正2,31,0,31,富邦-陽明,2023-11-23,9604
3035,智原,56,25,31,富邦-陽明,2023-11-23,9604
3715,定穎投控,146,117,29,富邦-陽明,2023-11-23,9604
3006,晶豪科,177,149,28,富邦-陽明,2023-11-23,9604
00633L,富邦上証正2,28,0,28,富邦-陽明,2023-11-23,9604
8050,廣積,26,0,26,富邦-陽明,2023-11-23,9604
1314,中石化,36,11,25,富邦-陽明,2023-11-23,9604
2471,資通,25,0,25,富邦-陽明,2023-11-23,9604
6462,神盾,96,71,25,富邦-陽明,2023-11-23,9604
1565,精華,24,0,24,富邦-陽明,2023-11-23,9604
6237,驊訊,179,156,23,富邦-陽明,2023-11-23,9604
2408,南亞科,32,9,23,富邦-陽明,2023-11-23,9604
2888,新光金,987,121,866,富邦-陽明,2023-11-24,9604
2618,長榮航,453,87,366,富邦-陽明,2023-11-24,9604
00715L,期街口布蘭特正2,203,3,200,富邦-陽明,2023-11-24,9604
00671R,富邦NASDAQ反1,252,62,190,富邦-陽明,2023-11-24,9604
00665L,富邦�琤肭磪囓�2,154,29,125,富邦-陽明,2023-11-24,9604
00712,復華富時不動產,112,0,112,富邦-陽明,2023-11-24,9604
6116,彩晶,126,17,109,富邦-陽明,2023-11-24,9604
5351,鈺創,211,113,98,富邦-陽明,2023-11-24,9604
00687B,國泰20年美債,111,40,71,富邦-陽明,2023-11-24,9604
2382,廣達,130,60,70,富邦-陽明,2023-11-24,9604
00933B,國泰10Y+金融債,76,6,70,富邦-陽明,2023-11-24,9604
1216,統一,94,25,69,富邦-陽明,2023-11-24,9604
00885,富邦越南,88,20,68,富邦-陽明,2023-11-24,9604
3234,光環,71,4,67,富邦-陽明,2023-11-24,9604
2891,中信金,75,8,67,富邦-陽明,2023-11-24,9604
2371,大同,96,30,66,富邦-陽明,2023-11-24,9604
00679B,元大美債20年,70,5,65,富邦-陽明,2023-11-24,9604
00751B,元大AAA至A公司債,65,1,64,富邦-陽明,2023-11-24,9604
3006,晶豪科,158,97,61,富邦-陽明,2023-11-24,9604
2363,矽統,122,62,60,富邦-陽明,2023-11-24,9604
00720B,元大投資級公司債,86,30,56,富邦-陽明,2023-11-24,9604
1718,中纖,54,0,54,富邦-陽明,2023-11-24,9604
2515,中工,54,1,53,富邦-陽明,2023-11-24,9604
1616,億泰,52,1,51,富邦-陽明,2023-11-24,9604
2610,華航,56,6,50,富邦-陽明,2023-11-24,9604
00648R,元大S＆P500反1,50,0,50,富邦-陽明,2023-11-24,9604
2356,英業達,64,15,49,富邦-陽明,2023-11-24,9604
1809,中釉,50,3,47,富邦-陽明,2023-11-24,9604
5328,華容,71,26,45,富邦-陽明,2023-11-24,9604
3489,森寶,43,0,43,富邦-陽明,2023-11-24,9604
2417,圓剛,87,44,43,富邦-陽明,2023-11-24,9604
2601,益航,42,0,42,富邦-陽明,2023-11-24,9604
6104,創惟,156,115,41,富邦-陽明,2023-11-24,9604
8401,白紗科,40,0,40,富邦-陽明,2023-11-24,9604
00878,國泰永續高股息,70,31,39,富邦-陽明,2023-11-24,9604
6168,宏齊,48,10,38,富邦-陽明,2023-11-24,9604
3037,欣興,54,19,35,富邦-陽明,2023-11-24,9604
2408,南亞科,71,37,34,富邦-陽明,2023-11-24,9604
1471,首利,38,6,32,富邦-陽明,2023-11-24,9604
3694,海華,67,37,30,富邦-陽明,2023-11-24,9604
8215,明基材,30,1,29,富邦-陽明,2023-11-24,9604
3260,威剛,54,25,29,富邦-陽明,2023-11-24,9604
00795B,中信美國公債20年,29,0,29,富邦-陽明,2023-11-24,9604
1342,八貫,30,2,28,富邦-陽明,2023-11-24,9604
1504,東元,75,47,28,富邦-陽明,2023-11-24,9604
2344,華邦電,39,12,27,富邦-陽明,2023-11-24,9604
3701,大眾控,71,44,27,富邦-陽明,2023-11-24,9604
6164,華興,27,1,26,富邦-陽明,2023-11-24,9604
2375,凱美,47,21,26,富邦-陽明,2023-11-24,9604
3231,緯創,71,46,25,富邦-陽明,2023-11-24,9604
00919,群益台灣精選高息,622,6,616,富邦-陽明,2023-11-27,9604
00632R,元大台灣50反1,295,2,293,富邦-陽明,2023-11-27,9604
00665L,富邦�琤肭磪囓�2,328,78,250,富邦-陽明,2023-11-27,9604
00878,國泰永續高股息,272,60,212,富邦-陽明,2023-11-27,9604
00650L,復華香港正2,217,10,207,富邦-陽明,2023-11-27,9604
00637L,元大滬深300正2,242,40,202,富邦-陽明,2023-11-27,9604
2883,凱基金,432,232,200,富邦-陽明,2023-11-27,9604
2382,廣達,305,135,170,富邦-陽明,2023-11-27,9604
3231,緯創,192,65,127,富邦-陽明,2023-11-27,9604
00715L,期街口布蘭特正2,125,3,122,富邦-陽明,2023-11-27,9604
1616,億泰,110,0,110,富邦-陽明,2023-11-27,9604
2838,聯邦銀,101,0,101,富邦-陽明,2023-11-27,9604
6116,彩晶,92,11,81,富邦-陽明,2023-11-27,9604
00929,復華台灣科技優息,347,266,81,富邦-陽明,2023-11-27,9604
5512,力麒,100,23,77,富邦-陽明,2023-11-27,9604
4157,太景*-KY,90,21,69,富邦-陽明,2023-11-27,9604
3402,漢科,71,2,69,富邦-陽明,2023-11-27,9604
00931B,統一美債20年,72,5,67,富邦-陽明,2023-11-27,9604
2618,長榮航,141,77,64,富邦-陽明,2023-11-27,9604
00687B,國泰20年美債,96,35,61,富邦-陽明,2023-11-27,9604
00933B,國泰10Y+金融債,60,0,60,富邦-陽明,2023-11-27,9604
00934,中信成長高股息,61,2,59,富邦-陽明,2023-11-27,9604
4167,松瑞藥,67,10,57,富邦-陽明,2023-11-27,9604
3017,奇鋐,74,17,57,富邦-陽明,2023-11-27,9604
5351,鈺創,109,52,57,富邦-陽明,2023-11-27,9604
00633L,富邦上証正2,58,2,56,富邦-陽明,2023-11-27,9604
2945,三商家購,54,0,54,富邦-陽明,2023-11-27,9604
3047,訊舟,69,15,54,富邦-陽明,2023-11-27,9604
00882,中信中國高股息,57,4,53,富邦-陽明,2023-11-27,9604
2344,華邦電,65,14,51,富邦-陽明,2023-11-27,9604
4961,天鈺,59,11,48,富邦-陽明,2023-11-27,9604
5347,世界,108,61,47,富邦-陽明,2023-11-27,9604
3260,威剛,49,8,41,富邦-陽明,2023-11-27,9604
2303,聯電,96,55,41,富邦-陽明,2023-11-27,9604
3715,定穎投控,129,90,39,富邦-陽明,2023-11-27,9604
00753L,中信中國50正2,45,6,39,富邦-陽明,2023-11-27,9604
2337,旺宏,44,6,38,富邦-陽明,2023-11-27,9604
2317,鴻海,59,20,39,富邦-陽明,2023-11-27,9604
2492,華新科,48,10,38,富邦-陽明,2023-11-27,9604
0056,元大高股息,72,35,37,富邦-陽明,2023-11-27,9604
00935,野村臺灣新科技50,46,9,37,富邦-陽明,2023-11-27,9604
2457,飛宏,131,94,37,富邦-陽明,2023-11-27,9604
00756B,群益投等新興公債,32,0,32,富邦-陽明,2023-11-27,9604
3006,晶豪科,66,35,31,富邦-陽明,2023-11-27,9604
2607,榮運,33,3,30,富邦-陽明,2023-11-27,9604
6104,創惟,41,11,30,富邦-陽明,2023-11-27,9604
00885,富邦越南,40,10,30,富邦-陽明,2023-11-27,9604
3058,立德,33,3,30,富邦-陽明,2023-11-27,9604
2458,義隆,31,2,29,富邦-陽明,2023-11-27,9604
6112,邁達特,29,0,29,富邦-陽明,2023-11-27,9604
4114,健喬,225,76,149,富邦-陽明,2023-11-28,9604
1101,台泥,309,193,116,富邦-陽明,2023-11-28,9604
2605,新興,219,112,107,富邦-陽明,2023-11-28,9604
00885,富邦越南,105,8,97,富邦-陽明,2023-11-28,9604
1591,駿吉-KY,94,0,94,富邦-陽明,2023-11-28,9604
2888,新光金,80,3,77,富邦-陽明,2023-11-28,9604
00934,中信成長高股息,67,5,62,富邦-陽明,2023-11-28,9604
5347,世界,58,9,49,富邦-陽明,2023-11-28,9604
00712,復華富時不動產,62,15,47,富邦-陽明,2023-11-28,9604
3231,緯創,124,77,47,富邦-陽明,2023-11-28,9604
1454,台富,74,30,44,富邦-陽明,2023-11-28,9604
00933B,國泰10Y+金融債,56,16,40,富邦-陽明,2023-11-28,9604
2607,榮運,42,2,40,富邦-陽明,2023-11-28,9604
2903,遠百,40,1,39,富邦-陽明,2023-11-28,9604
3036A,文曄甲特,42,4,38,富邦-陽明,2023-11-28,9604
5351,鈺創,176,138,38,富邦-陽明,2023-11-28,9604
6237,驊訊,83,47,36,富邦-陽明,2023-11-28,9604
3357,臺慶科,35,1,34,富邦-陽明,2023-11-28,9604
1442,名軒,35,1,34,富邦-陽明,2023-11-28,9604
3049,精金,33,0,33,富邦-陽明,2023-11-28,9604
6190,萬泰科,38,5,33,富邦-陽明,2023-11-28,9604
0052,富邦科技,31,1,30,富邦-陽明,2023-11-28,9604
00929,復華台灣科技優息,212,182,30,富邦-陽明,2023-11-28,9604
00751B,元大AAA至A公司債,33,4,29,富邦-陽明,2023-11-28,9604
6164,華興,27,0,27,富邦-陽明,2023-11-28,9604
2303,聯電,135,108,27,富邦-陽明,2023-11-28,9604
2515,中工,33,8,25,富邦-陽明,2023-11-28,9604
6282,康舒,78,54,24,富邦-陽明,2023-11-28,9604
9103,美德醫療-DR,30,8,22,富邦-陽明,2023-11-28,9604
3576,聯合再生,24,3,21,富邦-陽明,2023-11-28,9604
1815,富喬,35,14,21,富邦-陽明,2023-11-28,9604
00679B,元大美債20年,33,12,21,富邦-陽明,2023-11-28,9604
4142,國光生,30,9,21,富邦-陽明,2023-11-28,9604
00752,中信中國50,26,7,19,富邦-陽明,2023-11-28,9604
6177,達麗,20,2,18,富邦-陽明,2023-11-28,9604
2883,凱基金,155,137,18,富邦-陽明,2023-11-28,9604
4968,立積,25,8,17,富邦-陽明,2023-11-28,9604
3705,永信,22,5,17,富邦-陽明,2023-11-28,9604
3266,昇陽,17,0,17,富邦-陽明,2023-11-28,9604
6180,橘子,16,0,16,富邦-陽明,2023-11-28,9604
3531,先益,50,34,16,富邦-陽明,2023-11-28,9604
1312,國喬,41,26,15,富邦-陽明,2023-11-28,9604
3374,精材,23,8,15,富邦-陽明,2023-11-28,9604
00724B,群益投資級金融債,15,0,15,富邦-陽明,2023-11-28,9604
2352,佳世達,16,1,15,富邦-陽明,2023-11-28,9604
00710B,復華彭博非投等債,15,0,15,富邦-陽明,2023-11-28,9604
2002,中鋼,98,83,15,富邦-陽明,2023-11-28,9604
2390,云辰,15,0,15,富邦-陽明,2023-11-28,9604
2383,台光電,23,8,15,富邦-陽明,2023-11-28,9604
00882,中信中國高股息,15,0,15,富邦-陽明,2023-11-28,9604
00665L,富邦�琤肭磪囓�2,612,17,595,富邦-陽明,2023-11-29,9604
00882,中信中國高股息,585,7,578,富邦-陽明,2023-11-29,9604
2618,長榮航,253,28,225,富邦-陽明,2023-11-29,9604
6770,力積電,221,32,189,富邦-陽明,2023-11-29,9604
2891,中信金,136,11,125,富邦-陽明,2023-11-29,9604
00650L,復華香港正2,121,0,121,富邦-陽明,2023-11-29,9604
1101,台泥,140,19,121,富邦-陽明,2023-11-29,9604
5608,四維航,119,5,114,富邦-陽明,2023-11-29,9604
2883,凱基金,307,196,111,富邦-陽明,2023-11-29,9604
00933B,國泰10Y+金融債,108,0,108,富邦-陽明,2023-11-29,9604
00680L,元大美債20正2,199,92,107,富邦-陽明,2023-11-29,9604
00688L,國泰20年美債正2,131,35,96,富邦-陽明,2023-11-29,9604
00752,中信中國50,91,0,91,富邦-陽明,2023-11-29,9604
00632R,元大台灣50反1,110,20,90,富邦-陽明,2023-11-29,9604
2317,鴻海,91,10,81,富邦-陽明,2023-11-29,9604
2609,陽明,92,13,79,富邦-陽明,2023-11-29,9604
6164,華興,81,3,78,富邦-陽明,2023-11-29,9604
00637L,元大滬深300正2,131,54,77,富邦-陽明,2023-11-29,9604
1712,興農,72,0,72,富邦-陽明,2023-11-29,9604
3051,力特,84,13,71,富邦-陽明,2023-11-29,9604
9921,巨大,70,4,66,富邦-陽明,2023-11-29,9604
2201,裕隆,64,2,62,富邦-陽明,2023-11-29,9604
4961,天鈺,62,2,60,富邦-陽明,2023-11-29,9604
8054,安國,199,142,57,富邦-陽明,2023-11-29,9604
00633L,富邦上証正2,65,9,56,富邦-陽明,2023-11-29,9604
2610,華航,70,15,55,富邦-陽明,2023-11-29,9604
2363,矽統,109,55,54,富邦-陽明,2023-11-29,9604
3231,緯創,122,70,52,富邦-陽明,2023-11-29,9604
2371,大同,76,27,49,富邦-陽明,2023-11-29,9604
2890,永豐金,63,17,46,富邦-陽明,2023-11-29,9604
3481,群創,47,2,45,富邦-陽明,2023-11-29,9604
1513,中興電,94,50,44,富邦-陽明,2023-11-29,9604
00857B,永豐20年美公債,43,0,43,富邦-陽明,2023-11-29,9604
2641,正德,52,10,42,富邦-陽明,2023-11-29,9604
8940,新天地,42,1,41,富邦-陽明,2023-11-29,9604
2002,中鋼,101,61,40,富邦-陽明,2023-11-29,9604
00934,中信成長高股息,41,1,40,富邦-陽明,2023-11-29,9604
1312,國喬,38,0,38,富邦-陽明,2023-11-29,9604
00720B,元大投資級公司債,45,9,36,富邦-陽明,2023-11-29,9604
1504,東元,39,5,34,富邦-陽明,2023-11-29,9604
00923,群益台ESG低碳50,40,7,33,富邦-陽明,2023-11-29,9604
6282,康舒,59,27,32,富邦-陽明,2023-11-29,9604
2867,三商壽,32,0,32,富邦-陽明,2023-11-29,9604
00936,台新永續高息中小,35,4,31,富邦-陽明,2023-11-29,9604
1442,名軒,31,0,31,富邦-陽明,2023-11-29,9604
1710,東聯,30,0,30,富邦-陽明,2023-11-29,9604
1314,中石化,50,20,30,富邦-陽明,2023-11-29,9604
2369,菱生,180,151,29,富邦-陽明,2023-11-29,9604
3036A,文曄甲特,28,0,28,富邦-陽明,2023-11-29,9604
6243,迅杰,82,55,27,富邦-陽明,2023-11-29,9604
00933B,國泰10Y+金融債,235,1,234,富邦-陽明,2023-11-30,9604
00680L,元大美債20正2,158,8,150,富邦-陽明,2023-11-30,9604
5608,四維航,191,42,149,富邦-陽明,2023-11-30,9604
3231,緯創,187,41,146,富邦-陽明,2023-11-30,9604
00919,群益台灣精選高息,137,14,123,富邦-陽明,2023-11-30,9604
00673R,期元大S＆P原油反1,118,0,118,富邦-陽明,2023-11-30,9604
2609,陽明,141,25,116,富邦-陽明,2023-11-30,9604
2492,華新科,120,20,100,富邦-陽明,2023-11-30,9604
00882,中信中國高股息,109,9,100,富邦-陽明,2023-11-30,9604
6770,力積電,103,11,92,富邦-陽明,2023-11-30,9604
00891,中信關鍵半導體,81,13,68,富邦-陽明,2023-11-30,9604
2353,宏��,113,46,67,富邦-陽明,2023-11-30,9604
00679B,元大美債20年,100,34,66,富邦-陽明,2023-11-30,9604
2371,大同,97,37,60,富邦-陽明,2023-11-30,9604
6237,驊訊,84,25,59,富邦-陽明,2023-11-30,9604
2027,大成鋼,67,8,59,富邦-陽明,2023-11-30,9604
00795B,中信美國公債20年,57,0,57,富邦-陽明,2023-11-30,9604
00751B,元大AAA至A公司債,91,38,53,富邦-陽明,2023-11-30,9604
4114,健喬,93,42,51,富邦-陽明,2023-11-30,9604
2208,台船,53,2,51,富邦-陽明,2023-11-30,9604
1605,華新,76,25,51,富邦-陽明,2023-11-30,9604
00885,富邦越南,63,15,48,富邦-陽明,2023-11-30,9604
1312,國喬,51,5,46,富邦-陽明,2023-11-30,9604
2409,友達,51,5,46,富邦-陽明,2023-11-30,9604
2301,光寶科,57,12,45,富邦-陽明,2023-11-30,9604
3645,達邁,50,5,45,富邦-陽明,2023-11-30,9604
3693,營邦,67,22,45,富邦-陽明,2023-11-30,9604
1442,名軒,44,0,44,富邦-陽明,2023-11-30,9604
6167,久正,42,0,42,富邦-陽明,2023-11-30,9604
3402,漢科,58,18,40,富邦-陽明,2023-11-30,9604
2455,全新,48,9,39,富邦-陽明,2023-11-30,9604
3051,力特,51,12,39,富邦-陽明,2023-11-30,9604
00929,復華台灣科技優息,182,144,38,富邦-陽明,2023-11-30,9604
3481,群創,42,5,37,富邦-陽明,2023-11-30,9604
00688L,國泰20年美債正2,37,0,37,富邦-陽明,2023-11-30,9604
2002,中鋼,108,71,37,富邦-陽明,2023-11-30,9604
5521,工信,41,5,36,富邦-陽明,2023-11-30,9604
00687B,國泰20年美債,92,61,31,富邦-陽明,2023-11-30,9604
1477,聚陽,31,1,30,富邦-陽明,2023-11-30,9604
00773B,中信優先金融債,30,0,30,富邦-陽明,2023-11-30,9604
2023,燁輝,36,6,30,富邦-陽明,2023-11-30,9604
1712,興農,30,0,30,富邦-陽明,2023-11-30,9604
3024,憶聲,30,1,29,富邦-陽明,2023-11-30,9604
5309,系統電,43,15,28,富邦-陽明,2023-11-30,9604
3234,光環,28,0,28,富邦-陽明,2023-11-30,9604
5347,世界,51,25,26,富邦-陽明,2023-11-30,9604
4908,前鼎,54,28,26,富邦-陽明,2023-11-30,9604
2369,菱生,41,16,25,富邦-陽明,2023-11-30,9604
2331,精英,38,13,25,富邦-陽明,2023-11-30,9604
3227,原相,28,3,25,富邦-陽明,2023-11-30,9604
00715L,期街口布蘭特正2,305,4,301,富邦-陽明,2023-12-01,9604
00688L,國泰20年美債正2,254,5,249,富邦-陽明,2023-12-01,9604
00919,群益台灣精選高息,253,55,198,富邦-陽明,2023-12-01,9604
2888,新光金,228,33,195,富邦-陽明,2023-12-01,9604
5426,振發,165,8,157,富邦-陽明,2023-12-01,9604
8112,至上,162,10,152,富邦-陽明,2023-12-01,9604
00929,復華台灣科技優息,251,104,147,富邦-陽明,2023-12-01,9604
6015,宏遠證,130,0,130,富邦-陽明,2023-12-01,9604
5871,中租-KY,130,0,130,富邦-陽明,2023-12-01,9604
00720B,元大投資級公司債,124,4,120,富邦-陽明,2023-12-01,9604
00637L,元大滬深300正2,152,36,116,富邦-陽明,2023-12-01,9604
1605,華新,114,5,109,富邦-陽明,2023-12-01,9604
9921,巨大,107,2,105,富邦-陽明,2023-12-01,9604
00679B,元大美債20年,109,7,102,富邦-陽明,2023-12-01,9604
00751B,元大AAA至A公司債,101,1,100,富邦-陽明,2023-12-01,9604
00665L,富邦�琤肭磪囓�2,147,48,99,富邦-陽明,2023-12-01,9604
1101,台泥,102,14,88,富邦-陽明,2023-12-01,9604
00918,大華優利高填息30,93,8,85,富邦-陽明,2023-12-01,9604
00878,國泰永續高股息,125,41,84,富邦-陽明,2023-12-01,9604
2883,凱基金,253,174,79,富邦-陽明,2023-12-01,9604
2382,廣達,124,54,70,富邦-陽明,2023-12-01,9604
00655L,國泰中國A50正2,70,3,67,富邦-陽明,2023-12-01,9604
2402,毅嘉,91,25,66,富邦-陽明,2023-12-01,9604
00680L,元大美債20正2,80,15,65,富邦-陽明,2023-12-01,9604
1732,毛寶,126,66,60,富邦-陽明,2023-12-01,9604
8096,擎亞,87,28,59,富邦-陽明,2023-12-01,9604
2913,農林,60,2,58,富邦-陽明,2023-12-01,9604
00915,凱基優選高股息30,53,0,53,富邦-陽明,2023-12-01,9604
2317,鴻海,76,23,53,富邦-陽明,2023-12-01,9604
00687B,國泰20年美債,56,4,52,富邦-陽明,2023-12-01,9604
3041,揚智,189,137,52,富邦-陽明,2023-12-01,9604
00904,新光臺灣半導體30,50,0,50,富邦-陽明,2023-12-01,9604
00669R,國泰美國道瓊反1,50,0,50,富邦-陽明,2023-12-01,9604
00633L,富邦上証正2,70,20,50,富邦-陽明,2023-12-01,9604
00632R,元大台灣50反1,50,1,49,富邦-陽明,2023-12-01,9604
2371,大同,57,10,47,富邦-陽明,2023-12-01,9604
2355,敬鵬,68,22,46,富邦-陽明,2023-12-01,9604
2884,玉山金,61,16,45,富邦-陽明,2023-12-01,9604
2359,所羅門,56,14,42,富邦-陽明,2023-12-01,9604
2886,兆豐金,81,40,41,富邦-陽明,2023-12-01,9604
2488,漢平,40,1,39,富邦-陽明,2023-12-01,9604
2363,矽統,148,110,38,富邦-陽明,2023-12-01,9604
2002,中鋼,115,78,37,富邦-陽明,2023-12-01,9604
6143,振曜,52,18,34,富邦-陽明,2023-12-01,9604
00696B,富邦美債20年,33,0,33,富邦-陽明,2023-12-01,9604
00650L,復華香港正2,108,75,33,富邦-陽明,2023-12-01,9604
2887,台新金,35,2,33,富邦-陽明,2023-12-01,9604
2882,國泰金,49,17,32,富邦-陽明,2023-12-01,9604
00882,中信中國高股息,32,0,32,富邦-陽明,2023-12-01,9604
3645,達邁,31,0,31,富邦-陽明,2023-12-01,9604
00919,群益台灣精選高息,615,83,532,富邦-陽明,2023-12-04,9604
00715L,期街口布蘭特正2,331,54,277,富邦-陽明,2023-12-04,9604
2363,矽統,313,83,230,富邦-陽明,2023-12-04,9604
2913,農林,223,3,220,富邦-陽明,2023-12-04,9604
00918,大華優利高填息30,167,1,166,富邦-陽明,2023-12-04,9604
3325,旭品,202,46,156,富邦-陽明,2023-12-04,9604
2405,輔信,154,3,151,富邦-陽明,2023-12-04,9604
1714,和桐,140,5,135,富邦-陽明,2023-12-04,9604
1718,中纖,137,10,127,富邦-陽明,2023-12-04,9604
1785,光洋科,123,2,121,富邦-陽明,2023-12-04,9604
1504,東元,143,29,114,富邦-陽明,2023-12-04,9604
00687B,國泰20年美債,144,35,109,富邦-陽明,2023-12-04,9604
00915,凱基優選高股息30,107,4,103,富邦-陽明,2023-12-04,9604
5201,凱衛,121,35,86,富邦-陽明,2023-12-04,9604
2461,光群雷,83,1,82,富邦-陽明,2023-12-04,9604
6282,康舒,81,19,62,富邦-陽明,2023-12-04,9604
1101,台泥,87,27,60,富邦-陽明,2023-12-04,9604
3036A,文曄甲特,60,0,60,富邦-陽明,2023-12-04,9604
2612,中航,89,30,59,富邦-陽明,2023-12-04,9604
2317,鴻海,90,31,59,富邦-陽明,2023-12-04,9604
8996,高力,84,26,58,富邦-陽明,2023-12-04,9604
00751B,元大AAA至A公司債,64,7,57,富邦-陽明,2023-12-04,9604
5328,華容,94,38,56,富邦-陽明,2023-12-04,9604
8112,至上,62,7,55,富邦-陽明,2023-12-04,9604
2402,毅嘉,56,3,53,富邦-陽明,2023-12-04,9604
2313,華通,136,84,52,富邦-陽明,2023-12-04,9604
6117,迎廣,106,55,51,富邦-陽明,2023-12-04,9604
1524,耿鼎,76,27,49,富邦-陽明,2023-12-04,9604
5871,中租-KY,52,3,49,富邦-陽明,2023-12-04,9604
2329,華泰,297,249,48,富邦-陽明,2023-12-04,9604
2615,萬海,144,96,48,富邦-陽明,2023-12-04,9604
00885,富邦越南,93,45,48,富邦-陽明,2023-12-04,9604
00720B,元大投資級公司債,71,24,47,富邦-陽明,2023-12-04,9604
8028,昇陽半導體,48,3,45,富邦-陽明,2023-12-04,9604
020034,元大IC設計N,45,0,45,富邦-陽明,2023-12-04,9604
00929,復華台灣科技優息,215,172,43,富邦-陽明,2023-12-04,9604
2498,宏達電,52,9,43,富邦-陽明,2023-12-04,9604
6426,統新,70,27,43,富邦-陽明,2023-12-04,9604
00679B,元大美債20年,56,15,41,富邦-陽明,2023-12-04,9604
00665L,富邦�琤肭磪囓�2,2135,2094,41,富邦-陽明,2023-12-04,9604
6202,盛群,63,22,41,富邦-陽明,2023-12-04,9604
2641,正德,110,70,40,富邦-陽明,2023-12-04,9604
3540,曜越,40,0,40,富邦-陽明,2023-12-04,9604
2457,飛宏,43,5,38,富邦-陽明,2023-12-04,9604
2891,中信金,52,16,36,富邦-陽明,2023-12-04,9604
8436,大江,43,7,36,富邦-陽明,2023-12-04,9604
6182,合晶,37,1,36,富邦-陽明,2023-12-04,9604
2382,廣達,73,38,35,富邦-陽明,2023-12-04,9604
1314,中石化,36,3,33,富邦-陽明,2023-12-04,9604
00722B,群益投資級電信債,36,3,33,富邦-陽明,2023-12-04,9604
2883,凱基金,1173,32,1141,富邦-陽明,2023-12-05,9604
00919,群益台灣精選高息,726,31,695,富邦-陽明,2023-12-05,9604
00937B,群益ESG投等債20,780,286,494,富邦-陽明,2023-12-05,9604
00929,復華台灣科技優息,307,92,215,富邦-陽明,2023-12-05,9604
5608,四維航,376,181,195,富邦-陽明,2023-12-05,9604
1605,華新,207,31,176,富邦-陽明,2023-12-05,9604
00680L,元大美債20正2,180,15,165,富邦-陽明,2023-12-05,9604
2888,新光金,163,5,158,富邦-陽明,2023-12-05,9604
00918,大華優利高填息30,152,1,151,富邦-陽明,2023-12-05,9604
2913,農林,150,3,147,富邦-陽明,2023-12-05,9604
3231,緯創,239,99,140,富邦-陽明,2023-12-05,9604
00715L,期街口布蘭特正2,128,0,128,富邦-陽明,2023-12-05,9604
00687B,國泰20年美債,172,47,125,富邦-陽明,2023-12-05,9604
4414,如興,100,0,100,富邦-陽明,2023-12-05,9604
00882,中信中國高股息,127,32,95,富邦-陽明,2023-12-05,9604
00710B,復華彭博非投等債,85,0,85,富邦-陽明,2023-12-05,9604
2641,正德,302,220,82,富邦-陽明,2023-12-05,9604
00665L,富邦�琤肭磪囓�2,2171,2095,76,富邦-陽明,2023-12-05,9604
2371,大同,256,180,76,富邦-陽明,2023-12-05,9604
1712,興農,73,0,73,富邦-陽明,2023-12-05,9604
3260,威剛,95,22,73,富邦-陽明,2023-12-05,9604
00931B,統一美債20年,95,24,71,富邦-陽明,2023-12-05,9604
2601,益航,387,317,70,富邦-陽明,2023-12-05,9604
00933B,國泰10Y+金融債,98,34,64,富邦-陽明,2023-12-05,9604
3481,群創,129,65,64,富邦-陽明,2023-12-05,9604
3036A,文曄甲特,60,0,60,富邦-陽明,2023-12-05,9604
2356,英業達,86,31,55,富邦-陽明,2023-12-05,9604
3049,精金,55,0,55,富邦-陽明,2023-12-05,9604
2617,台航,132,79,53,富邦-陽明,2023-12-05,9604
2618,長榮航,59,7,52,富邦-陽明,2023-12-05,9604
2317,鴻海,66,15,51,富邦-陽明,2023-12-05,9604
1524,耿鼎,69,20,49,富邦-陽明,2023-12-05,9604
6202,盛群,51,2,49,富邦-陽明,2023-12-05,9604
00650L,復華香港正2,57,8,49,富邦-陽明,2023-12-05,9604
00679B,元大美債20年,64,16,48,富邦-陽明,2023-12-05,9604
00878,國泰永續高股息,146,99,47,富邦-陽明,2023-12-05,9604
2303,聯電,76,30,46,富邦-陽明,2023-12-05,9604
6143,振曜,51,5,46,富邦-陽明,2023-12-05,9604
6742,澤米,50,4,46,富邦-陽明,2023-12-05,9604
00905,FT臺灣Smart,45,0,45,富邦-陽明,2023-12-05,9604
5347,世界,57,12,45,富邦-陽明,2023-12-05,9604
3037,欣興,59,15,44,富邦-陽明,2023-12-05,9604
9103,美德醫療-DR,70,26,44,富邦-陽明,2023-12-05,9604
00907,永豐優息存股,47,3,44,富邦-陽明,2023-12-05,9604
00722B,群益投資級電信債,43,0,43,富邦-陽明,2023-12-05,9604
4157,太景*-KY,54,11,43,富邦-陽明,2023-12-05,9604
00934,中信成長高股息,43,1,42,富邦-陽明,2023-12-05,9604
00751B,元大AAA至A公司債,45,3,42,富邦-陽明,2023-12-05,9604
00642U,期元大S＆P石油,41,0,41,富邦-陽明,2023-12-05,9604
2031,新光鋼,43,2,41,富邦-陽明,2023-12-05,9604
5521,工信,735,107,628,富邦-陽明,2023-12-06,9604
00937B,群益ESG投等債20,667,260,407,富邦-陽明,2023-12-06,9604
00919,群益台灣精選高息,389,45,344,富邦-陽明,2023-12-06,9604
00679B,元大美債20年,267,40,227,富邦-陽明,2023-12-06,9604
00680L,元大美債20正2,406,204,202,富邦-陽明,2023-12-06,9604
00715L,期街口布蘭特正2,197,5,192,富邦-陽明,2023-12-06,9604
00687B,國泰20年美債,245,78,167,富邦-陽明,2023-12-06,9604
3481,群創,187,20,167,富邦-陽明,2023-12-06,9604
00931B,統一美債20年,143,13,130,富邦-陽明,2023-12-06,9604
00632R,元大台灣50反1,109,0,109,富邦-陽明,2023-12-06,9604
3035,智原,138,52,86,富邦-陽明,2023-12-06,9604
2371,大同,196,114,82,富邦-陽明,2023-12-06,9604
00751B,元大AAA至A公司債,122,43,79,富邦-陽明,2023-12-06,9604
00933B,國泰10Y+金融債,99,25,74,富邦-陽明,2023-12-06,9604
8112,至上,85,13,72,富邦-陽明,2023-12-06,9604
2605,新興,195,130,65,富邦-陽明,2023-12-06,9604
2630,亞航,61,2,59,富邦-陽明,2023-12-06,9604
2419,仲琦,101,42,59,富邦-陽明,2023-12-06,9604
4915,致伸,63,6,57,富邦-陽明,2023-12-06,9604
5272,笙科,91,40,51,富邦-陽明,2023-12-06,9604
2409,友達,70,19,51,富邦-陽明,2023-12-06,9604
6152,百一,50,0,50,富邦-陽明,2023-12-06,9604
3013,晟銘電,238,189,49,富邦-陽明,2023-12-06,9604
6117,迎廣,114,67,47,富邦-陽明,2023-12-06,9604
2355,敬鵬,187,142,45,富邦-陽明,2023-12-06,9604
6120,達運,43,0,43,富邦-陽明,2023-12-06,9604
6122,擎邦,54,12,42,富邦-陽明,2023-12-06,9604
5243,乙盛-KY,42,1,41,富邦-陽明,2023-12-06,9604
00857B,永豐20年美公債,37,0,37,富邦-陽明,2023-12-06,9604
1514,亞力,187,151,36,富邦-陽明,2023-12-06,9604
3050,鈺德,104,68,36,富邦-陽明,2023-12-06,9604
00676R,富邦臺灣加權反1,35,0,35,富邦-陽明,2023-12-06,9604
9945,潤泰新,40,5,35,富邦-陽明,2023-12-06,9604
1582,信錦,55,21,34,富邦-陽明,2023-12-06,9604
6116,彩晶,33,0,33,富邦-陽明,2023-12-06,9604
5426,振發,48,15,33,富邦-陽明,2023-12-06,9604
6213,聯茂,67,35,32,富邦-陽明,2023-12-06,9604
4164,承業醫,32,0,32,富邦-陽明,2023-12-06,9604
3518,柏騰,32,1,31,富邦-陽明,2023-12-06,9604
6282,康舒,73,42,31,富邦-陽明,2023-12-06,9604
3645,達邁,31,0,31,富邦-陽明,2023-12-06,9604
1313,聯成,31,0,31,富邦-陽明,2023-12-06,9604
1722,台肥,30,0,30,富邦-陽明,2023-12-06,9604
3290,東浦,32,4,28,富邦-陽明,2023-12-06,9604
1513,中興電,88,60,28,富邦-陽明,2023-12-06,9604
2344,華邦電,47,20,27,富邦-陽明,2023-12-06,9604
4951,精拓科,30,4,26,富邦-陽明,2023-12-06,9604
8084,巨虹,25,0,25,富邦-陽明,2023-12-06,9604
2486,一詮,25,0,25,富邦-陽明,2023-12-06,9604
2457,飛宏,65,40,25,富邦-陽明,2023-12-06,9604
00937B,群益ESG投等債20,1387,442,945,富邦-陽明,2023-12-07,9604
00919,群益台灣精選高息,555,128,427,富邦-陽明,2023-12-07,9604
00680L,元大美債20正2,731,350,381,富邦-陽明,2023-12-07,9604
00665L,富邦�琤肭磪囓�2,297,17,280,富邦-陽明,2023-12-07,9604
00687B,國泰20年美債,288,54,234,富邦-陽明,2023-12-07,9604
00650L,復華香港正2,207,45,162,富邦-陽明,2023-12-07,9604
00923,群益台ESG低碳50,153,2,151,富邦-陽明,2023-12-07,9604
00931B,統一美債20年,234,84,150,富邦-陽明,2023-12-07,9604
2605,新興,250,113,137,富邦-陽明,2023-12-07,9604
00751B,元大AAA至A公司債,134,5,129,富邦-陽明,2023-12-07,9604
00933B,國泰10Y+金融債,342,218,124,富邦-陽明,2023-12-07,9604
0056,元大高股息,186,64,122,富邦-陽明,2023-12-07,9604
00857B,永豐20年美公債,115,0,115,富邦-陽明,2023-12-07,9604
00715L,期街口布蘭特正2,155,51,104,富邦-陽明,2023-12-07,9604
00900,富邦特選高股息30,108,4,104,富邦-陽明,2023-12-07,9604
2882,國泰金,113,9,104,富邦-陽明,2023-12-07,9604
8210,勤誠,115,14,101,富邦-陽明,2023-12-07,9604
00882,中信中國高股息,104,3,101,富邦-陽明,2023-12-07,9604
1522,堤維西,238,138,100,富邦-陽明,2023-12-07,9604
8054,安國,160,75,85,富邦-陽明,2023-12-07,9604
00720B,元大投資級公司債,107,29,78,富邦-陽明,2023-12-07,9604
00712,復華富時不動產,141,69,72,富邦-陽明,2023-12-07,9604
3481,群創,88,17,71,富邦-陽明,2023-12-07,9604
2382,廣達,155,83,72,富邦-陽明,2023-12-07,9604
3479,安勤,139,69,70,富邦-陽明,2023-12-07,9604
00918,大華優利高填息30,68,0,68,富邦-陽明,2023-12-07,9604
00915,凱基優選高股息30,69,5,64,富邦-陽明,2023-12-07,9604
4967,十銓,95,32,63,富邦-陽明,2023-12-07,9604
00671R,富邦NASDAQ反1,62,0,62,富邦-陽明,2023-12-07,9604
2102,泰豐,92,33,59,富邦-陽明,2023-12-07,9604
2461,光群雷,59,0,59,富邦-陽明,2023-12-07,9604
4747,強生,56,0,56,富邦-陽明,2023-12-07,9604
1513,中興電,212,156,56,富邦-陽明,2023-12-07,9604
2881,富邦金,56,3,53,富邦-陽明,2023-12-07,9604
2344,華邦電,58,7,51,富邦-陽明,2023-12-07,9604
1467,南緯,50,0,50,富邦-陽明,2023-12-07,9604
00688L,國泰20年美債正2,70,20,50,富邦-陽明,2023-12-07,9604
2359,所羅門,101,54,47,富邦-陽明,2023-12-07,9604
00642U,期元大S＆P石油,52,6,46,富邦-陽明,2023-12-07,9604
2330,台積電,51,9,42,富邦-陽明,2023-12-07,9604
2363,矽統,111,71,40,富邦-陽明,2023-12-07,9604
2641,正德,76,37,39,富邦-陽明,2023-12-07,9604
2612,中航,80,41,39,富邦-陽明,2023-12-07,9604
5328,華容,44,6,38,富邦-陽明,2023-12-07,9604
2374,佳能,52,16,36,富邦-陽明,2023-12-07,9604
8088,品安,38,3,35,富邦-陽明,2023-12-07,9604
2543,皇昌,37,2,35,富邦-陽明,2023-12-07,9604
2399,映泰,111,77,34,富邦-陽明,2023-12-07,9604
1605,華新,120,86,34,富邦-陽明,2023-12-07,9604
6167,久正,38,5,33,富邦-陽明,2023-12-07,9604
3481,群創,618,5,613,富邦-陽明,2023-12-08,9604
00919,群益台灣精選高息,405,46,359,富邦-陽明,2023-12-08,9604
1591,駿吉-KY,458,126,332,富邦-陽明,2023-12-08,9604
00687B,國泰20年美債,281,7,274,富邦-陽明,2023-12-08,9604
2884,玉山金,252,55,197,富邦-陽明,2023-12-08,9604
00937B,群益ESG投等債20,651,457,194,富邦-陽明,2023-12-08,9604
3265,台星科,181,13,168,富邦-陽明,2023-12-08,9604
00632R,元大台灣50反1,192,26,166,富邦-陽明,2023-12-08,9604
1609,大亞,170,33,137,富邦-陽明,2023-12-08,9604
00931B,統一美債20年,153,32,121,富邦-陽明,2023-12-08,9604
00918,大華優利高填息30,127,10,117,富邦-陽明,2023-12-08,9604
2461,光群雷,117,0,117,富邦-陽明,2023-12-08,9604
00715L,期街口布蘭特正2,119,6,113,富邦-陽明,2023-12-08,9604
2610,華航,107,15,92,富邦-陽明,2023-12-08,9604
00642U,期元大S＆P石油,75,1,74,富邦-陽明,2023-12-08,9604
2331,精英,100,27,73,富邦-陽明,2023-12-08,9604
00665L,富邦�琤肭磪囓�2,83,11,72,富邦-陽明,2023-12-08,9604
2376,技嘉,147,83,64,富邦-陽明,2023-12-08,9604
8088,品安,78,19,59,富邦-陽明,2023-12-08,9604
00680L,元大美債20正2,60,3,57,富邦-陽明,2023-12-08,9604
00885,富邦越南,61,4,57,富邦-陽明,2023-12-08,9604
1524,耿鼎,270,214,56,富邦-陽明,2023-12-08,9604
00752,中信中國50,55,0,55,富邦-陽明,2023-12-08,9604
4746,台耀,58,4,54,富邦-陽明,2023-12-08,9604
3231,緯創,155,102,53,富邦-陽明,2023-12-08,9604
3041,揚智,230,179,51,富邦-陽明,2023-12-08,9604
2208,台船,51,1,50,富邦-陽明,2023-12-08,9604
4906,正文,90,41,49,富邦-陽明,2023-12-08,9604
00753L,中信中國50正2,70,22,48,富邦-陽明,2023-12-08,9604
8996,高力,58,11,47,富邦-陽明,2023-12-08,9604
2329,華泰,170,124,46,富邦-陽明,2023-12-08,9604
00751B,元大AAA至A公司債,72,27,45,富邦-陽明,2023-12-08,9604
00720B,元大投資級公司債,88,43,45,富邦-陽明,2023-12-08,9604
2611,志信,47,2,45,富邦-陽明,2023-12-08,9604
1504,東元,65,23,42,富邦-陽明,2023-12-08,9604
9933,中鼎,41,1,40,富邦-陽明,2023-12-08,9604
6243,迅杰,79,39,40,富邦-陽明,2023-12-08,9604
6290,良維,43,4,39,富邦-陽明,2023-12-08,9604
2543,皇昌,41,3,38,富邦-陽明,2023-12-08,9604
00679B,元大美債20年,73,36,37,富邦-陽明,2023-12-08,9604
5608,四維航,51,14,37,富邦-陽明,2023-12-08,9604
2606,裕民,63,26,37,富邦-陽明,2023-12-08,9604
00795B,中信美國公債20年,36,1,35,富邦-陽明,2023-12-08,9604
00915,凱基優選高股息30,35,0,35,富邦-陽明,2023-12-08,9604
6147,頎邦,38,3,35,富邦-陽明,2023-12-08,9604
1709,和益,32,3,29,富邦-陽明,2023-12-08,9604
6233,旺玖,120,91,29,富邦-陽明,2023-12-08,9604
2634,漢翔,31,3,28,富邦-陽明,2023-12-08,9604
00772B,中信高評級公司債,33,6,27,富邦-陽明,2023-12-08,9604
2355,敬鵬,62,36,26,富邦-陽明,2023-12-08,9604
00919,群益台灣精選高息,936,26,910,富邦-陽明,2023-12-11,9604
00929,復華台灣科技優息,338,89,249,富邦-陽明,2023-12-11,9604
00687B,國泰20年美債,247,51,196,富邦-陽明,2023-12-11,9604
00882,中信中國高股息,210,52,158,富邦-陽明,2023-12-11,9604
2882,國泰金,121,0,121,富邦-陽明,2023-12-11,9604
6770,力積電,117,8,109,富邦-陽明,2023-12-11,9604
00655L,國泰中國A50正2,161,61,100,富邦-陽明,2023-12-11,9604
2002,中鋼,105,15,90,富邦-陽明,2023-12-11,9604
1524,耿鼎,227,139,88,富邦-陽明,2023-12-11,9604
6265,方土昶,157,73,84,富邦-陽明,2023-12-11,9604
4906,正文,93,10,83,富邦-陽明,2023-12-11,9604
1515,力山,114,32,82,富邦-陽明,2023-12-11,9604
00679B,元大美債20年,92,12,80,富邦-陽明,2023-12-11,9604
1314,中石化,86,9,77,富邦-陽明,2023-12-11,9604
2605,新興,134,58,76,富邦-陽明,2023-12-11,9604
2371,大同,190,117,73,富邦-陽明,2023-12-11,9604
00915,凱基優選高股息30,65,2,63,富邦-陽明,2023-12-11,9604
1312,國喬,63,0,63,富邦-陽明,2023-12-11,9604
3078,僑威,71,8,63,富邦-陽明,2023-12-11,9604
00650L,復華香港正2,98,37,61,富邦-陽明,2023-12-11,9604
00918,大華優利高填息30,69,10,59,富邦-陽明,2023-12-11,9604
2388,威盛,118,60,58,富邦-陽明,2023-12-11,9604
3071,協禧,55,0,55,富邦-陽明,2023-12-11,9604
00753L,中信中國50正2,61,9,52,富邦-陽明,2023-12-11,9604
00665L,富邦�琤肭磪囓�2,137,87,50,富邦-陽明,2023-12-11,9604
00907,永豐優息存股,52,2,50,富邦-陽明,2023-12-11,9604
5371,中光電,46,0,46,富邦-陽明,2023-12-11,9604
2313,華通,57,13,44,富邦-陽明,2023-12-11,9604
2547,日勝生,60,18,42,富邦-陽明,2023-12-11,9604
00637L,元大滬深300正2,109,71,38,富邦-陽明,2023-12-11,9604
1815,富喬,70,32,38,富邦-陽明,2023-12-11,9604
00937B,群益ESG投等債20,260,225,35,富邦-陽明,2023-12-11,9604
2457,飛宏,39,5,34,富邦-陽明,2023-12-11,9604
2382,廣達,73,39,34,富邦-陽明,2023-12-11,9604
00934,中信成長高股息,33,2,31,富邦-陽明,2023-12-11,9604
00722B,群益投資級電信債,31,0,31,富邦-陽明,2023-12-11,9604
2897,王道銀行,32,1,31,富邦-陽明,2023-12-11,9604
00752,中信中國50,30,0,30,富邦-陽明,2023-12-11,9604
2443,昶虹,30,0,30,富邦-陽明,2023-12-11,9604
8150,南茂,93,63,30,富邦-陽明,2023-12-11,9604
2891,中信金,47,17,30,富邦-陽明,2023-12-11,9604
9958,世紀鋼,33,5,28,富邦-陽明,2023-12-11,9604
2486,一詮,30,2,28,富邦-陽明,2023-12-11,9604
00772B,中信高評級公司債,51,24,27,富邦-陽明,2023-12-11,9604
2330,台積電,64,38,26,富邦-陽明,2023-12-11,9604
6182,合晶,27,1,26,富邦-陽明,2023-12-11,9604
2102,泰豐,26,0,26,富邦-陽明,2023-12-11,9604
3013,晟銘電,69,43,26,富邦-陽明,2023-12-11,9604
0056,元大高股息,31,6,25,富邦-陽明,2023-12-11,9604
2412,中華電,35,11,24,富邦-陽明,2023-12-11,9604
3481,群創,686,172,514,富邦-陽明,2023-12-12,9604
00919,群益台灣精選高息,775,313,462,富邦-陽明,2023-12-12,9604
00687B,國泰20年美債,398,7,391,富邦-陽明,2023-12-12,9604
00679B,元大美債20年,208,5,203,富邦-陽明,2023-12-12,9604
00918,大華優利高填息30,280,125,155,富邦-陽明,2023-12-12,9604
00929,復華台灣科技優息,335,195,140,富邦-陽明,2023-12-12,9604
3035,智原,243,133,110,富邦-陽明,2023-12-12,9604
3041,揚智,187,85,102,富邦-陽明,2023-12-12,9604
3231,緯創,121,36,85,富邦-陽明,2023-12-12,9604
020027,元大上櫃ESG成長N,80,0,80,富邦-陽明,2023-12-12,9604
00915,凱基優選高股息30,70,1,69,富邦-陽明,2023-12-12,9604
3005,神基,73,5,68,富邦-陽明,2023-12-12,9604
00751B,元大AAA至A公司債,68,1,67,富邦-陽明,2023-12-12,9604
3450,聯鈞,82,16,66,富邦-陽明,2023-12-12,9604
6282,康舒,101,35,66,富邦-陽明,2023-12-12,9604
00673R,期元大S＆P原油反1,65,0,65,富邦-陽明,2023-12-12,9604
6269,台郡,65,1,64,富邦-陽明,2023-12-12,9604
00720B,元大投資級公司債,74,13,61,富邦-陽明,2023-12-12,9604
2882,國泰金,76,15,61,富邦-陽明,2023-12-12,9604
4123,晟德,60,0,60,富邦-陽明,2023-12-12,9604
3036A,文曄甲特,54,0,54,富邦-陽明,2023-12-12,9604
00680L,元大美債20正2,104,52,52,富邦-陽明,2023-12-12,9604
2002,中鋼,73,23,50,富邦-陽明,2023-12-12,9604
00738U,期元大道瓊白銀,52,3,49,富邦-陽明,2023-12-12,9604
4979,華星光,71,24,47,富邦-陽明,2023-12-12,9604
1618,合機,142,97,45,富邦-陽明,2023-12-12,9604
6116,彩晶,55,11,44,富邦-陽明,2023-12-12,9604
0056,元大高股息,69,24,45,富邦-陽明,2023-12-12,9604
2486,一詮,50,7,43,富邦-陽明,2023-12-12,9604
1504,東元,52,11,41,富邦-陽明,2023-12-12,9604
3312,弘憶股,43,2,41,富邦-陽明,2023-12-12,9604
3019,亞光,50,9,41,富邦-陽明,2023-12-12,9604
00930,永豐ESG低碳高息,46,5,41,富邦-陽明,2023-12-12,9604
5230,雷笛克光學,39,0,39,富邦-陽明,2023-12-12,9604
00637L,元大滬深300正2,86,47,39,富邦-陽明,2023-12-12,9604
2352,佳世達,46,8,38,富邦-陽明,2023-12-12,9604
2323,中環,41,3,38,富邦-陽明,2023-12-12,9604
2308,台達電,38,0,38,富邦-陽明,2023-12-12,9604
2344,華邦電,64,28,36,富邦-陽明,2023-12-12,9604
4908,前鼎,60,26,34,富邦-陽明,2023-12-12,9604
6285,啟��,160,127,33,富邦-陽明,2023-12-12,9604
2609,陽明,103,71,32,富邦-陽明,2023-12-12,9604
00857B,永豐20年美公債,32,0,32,富邦-陽明,2023-12-12,9604
3037,欣興,49,18,31,富邦-陽明,2023-12-12,9604
5328,華容,48,17,31,富邦-陽明,2023-12-12,9604
00922,國泰台灣領袖50,29,0,29,富邦-陽明,2023-12-12,9604
2883,凱基金,54,25,29,富邦-陽明,2023-12-12,9604
00934,中信成長高股息,30,2,28,富邦-陽明,2023-12-12,9604
8034,榮群,51,23,28,富邦-陽明,2023-12-12,9604
2376,技嘉,69,42,27,富邦-陽明,2023-12-12,9604
2883,凱基金,1040,19,1021,富邦-陽明,2023-12-13,9604
5521,工信,664,140,524,富邦-陽明,2023-12-13,9604
00919,群益台灣精選高息,614,99,515,富邦-陽明,2023-12-13,9604
00715L,期街口布蘭特正2,276,0,276,富邦-陽明,2023-12-13,9604
00665L,富邦�琤肭磪囓�2,236,20,216,富邦-陽明,2023-12-13,9604
6282,康舒,262,67,195,富邦-陽明,2023-12-13,9604
9105,泰金寶-DR,178,12,166,富邦-陽明,2023-12-13,9604
00918,大華優利高填息30,130,0,130,富邦-陽明,2023-12-13,9604
00680L,元大美債20正2,123,9,114,富邦-陽明,2023-12-13,9604
5483,中美晶,111,2,109,富邦-陽明,2023-12-13,9604
00933B,國泰10Y+金融債,111,3,108,富邦-陽明,2023-12-13,9604
6182,合晶,140,32,108,富邦-陽明,2023-12-13,9604
2002,中鋼,129,34,95,富邦-陽明,2023-12-13,9604
3481,群創,121,31,90,富邦-陽明,2023-12-13,9604
00632R,元大台灣50反1,79,4,75,富邦-陽明,2023-12-13,9604
2615,萬海,76,4,72,富邦-陽明,2023-12-13,9604
2610,華航,84,16,68,富邦-陽明,2023-12-13,9604
2408,南亞科,82,14,68,富邦-陽明,2023-12-13,9604
6257,矽格,90,25,65,富邦-陽明,2023-12-13,9604
2882,國泰金,61,3,58,富邦-陽明,2023-12-13,9604
00882,中信中國高股息,57,1,56,富邦-陽明,2023-12-13,9604
2352,佳世達,75,20,55,富邦-陽明,2023-12-13,9604
1101,台泥,53,0,53,富邦-陽明,2023-12-13,9604
8996,高力,68,16,52,富邦-陽明,2023-12-13,9604
006205,富邦上証,51,0,51,富邦-陽明,2023-12-13,9604
1795,美時,58,9,49,富邦-陽明,2023-12-13,9604
4906,正文,255,206,49,富邦-陽明,2023-12-13,9604
2486,一詮,72,24,48,富邦-陽明,2023-12-13,9604
00907,永豐優息存股,47,0,47,富邦-陽明,2023-12-13,9604
00934,中信成長高股息,46,0,46,富邦-陽明,2023-12-13,9604
6167,久正,45,0,45,富邦-陽明,2023-12-13,9604
2476,鉅祥,65,21,44,富邦-陽明,2023-12-13,9604
00900,富邦特選高股息30,72,28,44,富邦-陽明,2023-12-13,9604
00687B,國泰20年美債,101,57,44,富邦-陽明,2023-12-13,9604
00937B,群益ESG投等債20,60,16,44,富邦-陽明,2023-12-13,9604
00650L,復華香港正2,43,0,43,富邦-陽明,2023-12-13,9604
2888,新光金,76,34,42,富邦-陽明,2023-12-13,9604
3276,宇環,41,0,41,富邦-陽明,2023-12-13,9604
6005,群益證,40,0,40,富邦-陽明,2023-12-13,9604
8011,台通,71,31,40,富邦-陽明,2023-12-13,9604
00751B,元大AAA至A公司債,39,1,38,富邦-陽明,2023-12-13,9604
2609,陽明,64,26,38,富邦-陽明,2023-12-13,9604
00915,凱基優選高股息30,40,2,38,富邦-陽明,2023-12-13,9604
00637L,元大滬深300正2,65,27,38,富邦-陽明,2023-12-13,9604
3266,昇陽,36,1,35,富邦-陽明,2023-12-13,9604
2425,承啟,139,106,33,富邦-陽明,2023-12-13,9604
6116,彩晶,34,1,33,富邦-陽明,2023-12-13,9604
6806,森崴能源,33,1,32,富邦-陽明,2023-12-13,9604
3028,增你強,42,10,32,富邦-陽明,2023-12-13,9604
00935,野村臺灣新科技50,43,12,31,富邦-陽明,2023-12-13,9604
5521,工信,954,204,750,富邦-陽明,2023-12-14,9604
00688L,國泰20年美債正2,574,0,574,富邦-陽明,2023-12-14,9604
00919,群益台灣精選高息,965,466,499,富邦-陽明,2023-12-14,9604
00687B,國泰20年美債,505,10,495,富邦-陽明,2023-12-14,9604
00680L,元大美債20正2,613,137,476,富邦-陽明,2023-12-14,9604
00679B,元大美債20年,484,105,379,富邦-陽明,2023-12-14,9604
00929,復華台灣科技優息,545,264,281,富邦-陽明,2023-12-14,9604
5483,中美晶,202,9,193,富邦-陽明,2023-12-14,9604
00933B,國泰10Y+金融債,213,21,192,富邦-陽明,2023-12-14,9604
5426,振發,392,201,191,富邦-陽明,2023-12-14,9604
00885,富邦越南,151,7,144,富邦-陽明,2023-12-14,9604
2409,友達,141,3,138,富邦-陽明,2023-12-14,9604
2618,長榮航,240,122,118,富邦-陽明,2023-12-14,9604
3019,亞光,135,37,98,富邦-陽明,2023-12-14,9604
2313,華通,324,229,95,富邦-陽明,2023-12-14,9604
2610,華航,83,4,79,富邦-陽明,2023-12-14,9604
2344,華邦電,117,43,74,富邦-陽明,2023-12-14,9604
6770,力積電,95,23,72,富邦-陽明,2023-12-14,9604
00936,台新永續高息中小,72,0,72,富邦-陽明,2023-12-14,9604
00722B,群益投資級電信債,81,10,71,富邦-陽明,2023-12-14,9604
2615,萬海,125,55,70,富邦-陽明,2023-12-14,9604
00937B,群益ESG投等債20,156,89,67,富邦-陽明,2023-12-14,9604
3390,旭軟,104,42,62,富邦-陽明,2023-12-14,9604
2102,泰豐,56,0,56,富邦-陽明,2023-12-14,9604
5328,華容,70,17,53,富邦-陽明,2023-12-14,9604
00637L,元大滬深300正2,84,34,50,富邦-陽明,2023-12-14,9604
2889,國票金,54,4,50,富邦-陽明,2023-12-14,9604
3715,定穎投控,156,110,46,富邦-陽明,2023-12-14,9604
00655L,國泰中國A50正2,68,23,45,富邦-陽明,2023-12-14,9604
2002,中鋼,48,4,44,富邦-陽明,2023-12-14,9604
2609,陽明,80,36,44,富邦-陽明,2023-12-14,9604
3047,訊舟,56,13,43,富邦-陽明,2023-12-14,9604
2387,精元,86,43,43,富邦-陽明,2023-12-14,9604
2412,中華電,42,1,41,富邦-陽明,2023-12-14,9604
5608,四維航,46,5,41,富邦-陽明,2023-12-14,9604
2329,華泰,159,119,40,富邦-陽明,2023-12-14,9604
2399,映泰,47,7,40,富邦-陽明,2023-12-14,9604
2365,昆盈,163,124,39,富邦-陽明,2023-12-14,9604
00891,中信關鍵半導體,44,5,39,富邦-陽明,2023-12-14,9604
2606,裕民,61,24,37,富邦-陽明,2023-12-14,9604
2543,皇昌,37,1,36,富邦-陽明,2023-12-14,9604
00633L,富邦上証正2,83,47,36,富邦-陽明,2023-12-14,9604
2390,云辰,37,2,35,富邦-陽明,2023-12-14,9604
1815,富喬,65,31,34,富邦-陽明,2023-12-14,9604
2515,中工,86,53,33,富邦-陽明,2023-12-14,9604
00795B,中信美國公債20年,32,0,32,富邦-陽明,2023-12-14,9604
3322,建舜電,32,0,32,富邦-陽明,2023-12-14,9604
2301,光寶科,58,27,31,富邦-陽明,2023-12-14,9604
2317,鴻海,54,23,31,富邦-陽明,2023-12-14,9604
2637,慧洋-KY,44,14,30,富邦-陽明,2023-12-14,9604
00680L,元大美債20正2,655,46,609,富邦-陽明,2023-12-15,9604
00929,復華台灣科技優息,1102,536,566,富邦-陽明,2023-12-15,9604
00687B,國泰20年美債,469,32,437,富邦-陽明,2023-12-15,9604
2363,矽統,756,362,394,富邦-陽明,2023-12-15,9604
2356,英業達,882,563,319,富邦-陽明,2023-12-15,9604
2891,中信金,285,34,251,富邦-陽明,2023-12-15,9604
2886,兆豐金,243,17,226,富邦-陽明,2023-12-15,9604
00632R,元大台灣50反1,232,49,183,富邦-陽明,2023-12-15,9604
00915,凱基優選高股息30,204,31,173,富邦-陽明,2023-12-15,9604
00937B,群益ESG投等債20,205,38,167,富邦-陽明,2023-12-15,9604
00679B,元大美債20年,192,29,163,富邦-陽明,2023-12-15,9604
00637L,元大滬深300正2,221,77,144,富邦-陽明,2023-12-15,9604
00882,中信中國高股息,346,213,133,富邦-陽明,2023-12-15,9604
00688L,國泰20年美債正2,107,0,107,富邦-陽明,2023-12-15,9604
00710B,復華彭博非投等債,100,0,100,富邦-陽明,2023-12-15,9604
2409,友達,112,16,96,富邦-陽明,2023-12-15,9604
8112,至上,140,44,96,富邦-陽明,2023-12-15,9604
00918,大華優利高填息30,160,69,91,富邦-陽明,2023-12-15,9604
2365,昆盈,109,22,87,富邦-陽明,2023-12-15,9604
00885,富邦越南,89,5,84,富邦-陽明,2023-12-15,9604
00751B,元大AAA至A公司債,84,5,79,富邦-陽明,2023-12-15,9604
00722B,群益投資級電信債,85,10,75,富邦-陽明,2023-12-15,9604
00673R,期元大S＆P原油反1,72,0,72,富邦-陽明,2023-12-15,9604
5483,中美晶,98,33,65,富邦-陽明,2023-12-15,9604
00933B,國泰10Y+金融債,163,99,64,富邦-陽明,2023-12-15,9604
0056,元大高股息,124,62,62,富邦-陽明,2023-12-15,9604
3231,緯創,105,44,61,富邦-陽明,2023-12-15,9604
2449,京元電子,75,14,61,富邦-陽明,2023-12-15,9604
2610,華航,79,21,58,富邦-陽明,2023-12-15,9604
5515,建國,60,5,55,富邦-陽明,2023-12-15,9604
6015,宏遠證,60,5,55,富邦-陽明,2023-12-15,9604
00934,中信成長高股息,56,2,54,富邦-陽明,2023-12-15,9604
2498,宏達電,54,2,52,富邦-陽明,2023-12-15,9604
5206,坤悅,48,0,48,富邦-陽明,2023-12-15,9604
00795B,中信美國公債20年,52,6,46,富邦-陽明,2023-12-15,9604
3372,典範,80,36,44,富邦-陽明,2023-12-15,9604
2331,精英,120,76,44,富邦-陽明,2023-12-15,9604
2887,台新金,59,17,42,富邦-陽明,2023-12-15,9604
2345,智邦,51,9,42,富邦-陽明,2023-12-15,9604
00932,兆豐永續高息等權,44,5,39,富邦-陽明,2023-12-15,9604
4909,新復興,44,7,37,富邦-陽明,2023-12-15,9604
5426,振發,72,35,37,富邦-陽明,2023-12-15,9604
2492,華新科,40,5,35,富邦-陽明,2023-12-15,9604
2465,麗臺,40,5,35,富邦-陽明,2023-12-15,9604
3450,聯鈞,74,41,33,富邦-陽明,2023-12-15,9604
00713,元大台灣高息低波,36,4,32,富邦-陽明,2023-12-15,9604
2476,鉅祥,48,16,32,富邦-陽明,2023-12-15,9604
6284,佳邦,72,41,31,富邦-陽明,2023-12-15,9604
2316,楠梓電,55,25,30,富邦-陽明,2023-12-15,9604
2017,官田鋼,60,30,30,富邦-陽明,2023-12-15,9604
00680L,元大美債20正2,978,172,806,富邦-陽明,2023-12-18,9604
00688L,國泰20年美債正2,830,52,778,富邦-陽明,2023-12-18,9604
00933B,國泰10Y+金融債,388,2,386,富邦-陽明,2023-12-18,9604
00929,復華台灣科技優息,659,335,324,富邦-陽明,2023-12-18,9604
00687B,國泰20年美債,247,33,214,富邦-陽明,2023-12-18,9604
00665L,富邦�琤肭磪囓�2,210,5,205,富邦-陽明,2023-12-18,9604
00679B,元大美債20年,269,65,204,富邦-陽明,2023-12-18,9604
00919,群益台灣精選高息,674,488,186,富邦-陽明,2023-12-18,9604
2618,長榮航,434,254,180,富邦-陽明,2023-12-18,9604
00937B,群益ESG投等債20,504,343,161,富邦-陽明,2023-12-18,9604
2353,宏��,386,225,161,富邦-陽明,2023-12-18,9604
2610,華航,196,45,151,富邦-陽明,2023-12-18,9604
8112,至上,174,41,133,富邦-陽明,2023-12-18,9604
00637L,元大滬深300正2,223,101,122,富邦-陽明,2023-12-18,9604
00751B,元大AAA至A公司債,113,5,108,富邦-陽明,2023-12-18,9604
2356,英業達,220,112,108,富邦-陽明,2023-12-18,9604
2889,國票金,101,1,100,富邦-陽明,2023-12-18,9604
00650L,復華香港正2,111,19,92,富邦-陽明,2023-12-18,9604
6147,頎邦,331,242,89,富邦-陽明,2023-12-18,9604
3372,典範,100,15,85,富邦-陽明,2023-12-18,9604
00882,中信中國高股息,85,10,75,富邦-陽明,2023-12-18,9604
00923,群益台ESG低碳50,73,1,72,富邦-陽明,2023-12-18,9604
6274,台燿,82,17,65,富邦-陽明,2023-12-18,9604
2425,承啟,92,27,65,富邦-陽明,2023-12-18,9604
6167,久正,57,0,57,富邦-陽明,2023-12-18,9604
2801,彰銀,55,3,52,富邦-陽明,2023-12-18,9604
2913,農林,119,69,50,富邦-陽明,2023-12-18,9604
2303,聯電,104,55,49,富邦-陽明,2023-12-18,9604
2023,燁輝,81,32,49,富邦-陽明,2023-12-18,9604
00772B,中信高評級公司債,63,14,49,富邦-陽明,2023-12-18,9604
2388,威盛,102,54,48,富邦-陽明,2023-12-18,9604
00753L,中信中國50正2,62,16,46,富邦-陽明,2023-12-18,9604
9103,美德醫療-DR,45,0,45,富邦-陽明,2023-12-18,9604
2014,中鴻,164,121,43,富邦-陽明,2023-12-18,9604
4532,瑞智,46,3,43,富邦-陽明,2023-12-18,9604
2006,東和鋼鐵,41,0,41,富邦-陽明,2023-12-18,9604
3596,智易,47,7,40,富邦-陽明,2023-12-18,9604
00712,復華富時不動產,98,59,39,富邦-陽明,2023-12-18,9604
2605,新興,71,32,39,富邦-陽明,2023-12-18,9604
5426,振發,38,0,38,富邦-陽明,2023-12-18,9604
5457,宣德,56,19,37,富邦-陽明,2023-12-18,9604
00710B,復華彭博非投等債,35,0,35,富邦-陽明,2023-12-18,9604
8201,無敵,35,1,34,富邦-陽明,2023-12-18,9604
8358,金居,33,0,33,富邦-陽明,2023-12-18,9604
3532,台勝科,51,18,33,富邦-陽明,2023-12-18,9604
00935,野村臺灣新科技50,32,0,32,富邦-陽明,2023-12-18,9604
00696B,富邦美債20年,54,24,30,富邦-陽明,2023-12-18,9604
00936,台新永續高息中小,38,10,28,富邦-陽明,2023-12-18,9604
1907,永豐餘,28,0,28,富邦-陽明,2023-12-18,9604
00896,中信綠能及電動車,33,5,28,富邦-陽明,2023-12-18,9604
00937B,群益ESG投等債20,433,198,235,富邦-陽明,2023-12-19,9604
2356,英業達,291,82,209,富邦-陽明,2023-12-19,9604
2618,長榮航,580,383,197,富邦-陽明,2023-12-19,9604
5521,工信,265,71,194,富邦-陽明,2023-12-19,9604
00650L,復華香港正2,235,70,165,富邦-陽明,2023-12-19,9604
1102,亞泥,198,45,153,富邦-陽明,2023-12-19,9604
00900,富邦特選高股息30,205,61,144,富邦-陽明,2023-12-19,9604
00923,群益台ESG低碳50,117,0,117,富邦-陽明,2023-12-19,9604
1591,駿吉-KY,116,4,112,富邦-陽明,2023-12-19,9604
6257,矽格,115,4,111,富邦-陽明,2023-12-19,9604
00751B,元大AAA至A公司債,110,3,107,富邦-陽明,2023-12-19,9604
2357,華碩,123,17,106,富邦-陽明,2023-12-19,9604
2905,三商,103,2,101,富邦-陽明,2023-12-19,9604
6116,彩晶,97,3,94,富邦-陽明,2023-12-19,9604
00933B,國泰10Y+金融債,113,26,87,富邦-陽明,2023-12-19,9604
00935,野村臺灣新科技50,82,0,82,富邦-陽明,2023-12-19,9604
2409,友達,73,0,73,富邦-陽明,2023-12-19,9604
1905,華紙,119,47,72,富邦-陽明,2023-12-19,9604
2610,華航,76,6,70,富邦-陽明,2023-12-19,9604
2363,矽統,119,50,69,富邦-陽明,2023-12-19,9604
4157,太景*-KY,62,0,62,富邦-陽明,2023-12-19,9604
2882,國泰金,65,5,60,富邦-陽明,2023-12-19,9604
2344,華邦電,107,48,59,富邦-陽明,2023-12-19,9604
1402,遠東新,60,2,58,富邦-陽明,2023-12-19,9604
020029,元大ESG高股息N,56,0,56,富邦-陽明,2023-12-19,9604
2516,新建,64,10,54,富邦-陽明,2023-12-19,9604
3006,晶豪科,107,53,54,富邦-陽明,2023-12-19,9604
00696B,富邦美債20年,66,12,54,富邦-陽明,2023-12-19,9604
00673R,期元大S＆P原油反1,52,0,52,富邦-陽明,2023-12-19,9604
00713,元大台灣高息低波,65,13,52,富邦-陽明,2023-12-19,9604
5371,中光電,52,0,52,富邦-陽明,2023-12-19,9604
2801,彰銀,52,1,51,富邦-陽明,2023-12-19,9604
2027,大成鋼,75,26,49,富邦-陽明,2023-12-19,9604
2002,中鋼,96,48,48,富邦-陽明,2023-12-19,9604
4976,佳凌,47,0,47,富邦-陽明,2023-12-19,9604
1815,富喬,61,17,44,富邦-陽明,2023-12-19,9604
00795B,中信美國公債20年,44,0,44,富邦-陽明,2023-12-19,9604
00722B,群益投資級電信債,46,4,42,富邦-陽明,2023-12-19,9604
2324,仁寶,88,47,41,富邦-陽明,2023-12-19,9604
5351,鈺創,63,22,41,富邦-陽明,2023-12-19,9604
2365,昆盈,38,0,38,富邦-陽明,2023-12-19,9604
6443,元晶,59,22,37,富邦-陽明,2023-12-19,9604
00934,中信成長高股息,39,2,37,富邦-陽明,2023-12-19,9604
2739,寒舍,37,1,36,富邦-陽明,2023-12-19,9604
2101,南港,54,18,36,富邦-陽明,2023-12-19,9604
2838,聯邦銀,36,0,36,富邦-陽明,2023-12-19,9604
3481,群創,59,24,35,富邦-陽明,2023-12-19,9604
00772B,中信高評級公司債,45,11,34,富邦-陽明,2023-12-19,9604
00706L,期元大S＆P日圓正2,40,6,34,富邦-陽明,2023-12-19,9604
00720B,元大投資級公司債,64,33,31,富邦-陽明,2023-12-19,9604
00715L,期街口布蘭特正2,528,60,468,富邦-陽明,2023-12-20,9604
00919,群益台灣精選高息,440,23,417,富邦-陽明,2023-12-20,9604
1815,富喬,331,63,268,富邦-陽明,2023-12-20,9604
2515,中工,525,316,209,富邦-陽明,2023-12-20,9604
8112,至上,157,21,136,富邦-陽明,2023-12-20,9604
00937B,群益ESG投等債20,136,4,132,富邦-陽明,2023-12-20,9604
2891,中信金,130,6,124,富邦-陽明,2023-12-20,9604
1314,中石化,127,26,101,富邦-陽明,2023-12-20,9604
00680L,元大美債20正2,108,11,97,富邦-陽明,2023-12-20,9604
00687B,國泰20年美債,102,5,97,富邦-陽明,2023-12-20,9604
3372,典範,109,15,94,富邦-陽明,2023-12-20,9604
00688L,國泰20年美債正2,93,1,92,富邦-陽明,2023-12-20,9604
00679B,元大美債20年,113,22,91,富邦-陽明,2023-12-20,9604
00882,中信中國高股息,91,1,90,富邦-陽明,2023-12-20,9604
2365,昆盈,85,6,79,富邦-陽明,2023-12-20,9604
2356,英業達,600,527,73,富邦-陽明,2023-12-20,9604
00933B,國泰10Y+金融債,64,0,64,富邦-陽明,2023-12-20,9604
6282,康舒,75,13,62,富邦-陽明,2023-12-20,9604
00929,復華台灣科技優息,164,107,57,富邦-陽明,2023-12-20,9604
1504,東元,63,7,56,富邦-陽明,2023-12-20,9604
00934,中信成長高股息,54,1,53,富邦-陽明,2023-12-20,9604
2393,億光,52,0,52,富邦-陽明,2023-12-20,9604
2801,彰銀,77,28,49,富邦-陽明,2023-12-20,9604
2892,第一金,50,2,48,富邦-陽明,2023-12-20,9604
2617,台航,55,10,45,富邦-陽明,2023-12-20,9604
2014,中鴻,199,155,44,富邦-陽明,2023-12-20,9604
9919,康那香,60,18,42,富邦-陽明,2023-12-20,9604
00935,野村臺灣新科技50,41,1,40,富邦-陽明,2023-12-20,9604
00637L,元大滬深300正2,81,41,40,富邦-陽明,2023-12-20,9604
2881,富邦金,43,5,38,富邦-陽明,2023-12-20,9604
2636,台驊控股,68,30,38,富邦-陽明,2023-12-20,9604
2408,南亞科,38,1,37,富邦-陽明,2023-12-20,9604
8011,台通,59,22,37,富邦-陽明,2023-12-20,9604
2031,新光鋼,57,21,36,富邦-陽明,2023-12-20,9604
2886,兆豐金,45,9,36,富邦-陽明,2023-12-20,9604
1102,亞泥,37,2,35,富邦-陽明,2023-12-20,9604
5426,振發,36,2,34,富邦-陽明,2023-12-20,9604
3006,晶豪科,59,25,34,富邦-陽明,2023-12-20,9604
2002,中鋼,55,22,33,富邦-陽明,2023-12-20,9604
6147,頎邦,46,13,33,富邦-陽明,2023-12-20,9604
2355,敬鵬,41,8,33,富邦-陽明,2023-12-20,9604
6122,擎邦,40,7,33,富邦-陽明,2023-12-20,9604
1513,中興電,33,1,32,富邦-陽明,2023-12-20,9604
00706L,期元大S＆P日圓正2,36,4,32,富邦-陽明,2023-12-20,9604
6742,澤米,34,2,32,富邦-陽明,2023-12-20,9604
2314,台揚,35,3,32,富邦-陽明,2023-12-20,9604
2101,南港,31,0,31,富邦-陽明,2023-12-20,9604
5457,宣德,47,16,31,富邦-陽明,2023-12-20,9604
2618,長榮航,92,61,31,富邦-陽明,2023-12-20,9604
5439,高技,39,8,31,富邦-陽明,2023-12-20,9604
00929,復華台灣科技優息,842,97,745,富邦-陽明,2023-12-21,9604
00919,群益台灣精選高息,578,44,534,富邦-陽明,2023-12-21,9604
00937B,群益ESG投等債20,328,64,264,富邦-陽明,2023-12-21,9604
5521,工信,307,53,254,富邦-陽明,2023-12-21,9604
3296,勝德,206,0,206,富邦-陽明,2023-12-21,9604
2601,益航,137,0,137,富邦-陽明,2023-12-21,9604
3052,夆典,136,0,136,富邦-陽明,2023-12-21,9604
2331,精英,265,136,129,富邦-陽明,2023-12-21,9604
2312,金寶,136,9,127,富邦-陽明,2023-12-21,9604
2324,仁寶,219,100,119,富邦-陽明,2023-12-21,9604
00878,國泰永續高股息,170,57,113,富邦-陽明,2023-12-21,9604
00934,中信成長高股息,112,6,106,富邦-陽明,2023-12-21,9604
4961,天鈺,100,1,99,富邦-陽明,2023-12-21,9604
00923,群益台ESG低碳50,90,0,90,富邦-陽明,2023-12-21,9604
2303,聯電,101,24,77,富邦-陽明,2023-12-21,9604
00933B,國泰10Y+金融債,199,124,75,富邦-陽明,2023-12-21,9604
1504,東元,79,9,70,富邦-陽明,2023-12-21,9604
2801,彰銀,86,23,63,富邦-陽明,2023-12-21,9604
2330,台積電,68,9,59,富邦-陽明,2023-12-21,9604
00936,台新永續高息中小,57,0,57,富邦-陽明,2023-12-21,9604
2615,萬海,357,303,54,富邦-陽明,2023-12-21,9604
00706L,期元大S＆P日圓正2,53,0,53,富邦-陽明,2023-12-21,9604
2618,長榮航,117,66,51,富邦-陽明,2023-12-21,9604
6164,華興,44,0,44,富邦-陽明,2023-12-21,9604
3312,弘憶股,44,3,41,富邦-陽明,2023-12-21,9604
2501,國建,40,0,40,富邦-陽明,2023-12-21,9604
020029,元大ESG高股息N,40,0,40,富邦-陽明,2023-12-21,9604
1905,華紙,56,17,39,富邦-陽明,2023-12-21,9604
1477,聚陽,39,0,39,富邦-陽明,2023-12-21,9604
2201,裕隆,54,16,38,富邦-陽明,2023-12-21,9604
3047,訊舟,40,4,36,富邦-陽明,2023-12-21,9604
2371,大同,58,23,35,富邦-陽明,2023-12-21,9604
2317,鴻海,48,13,35,富邦-陽明,2023-12-21,9604
2349,錸德,35,0,35,富邦-陽明,2023-12-21,9604
00931B,統一美債20年,50,15,35,富邦-陽明,2023-12-21,9604
1101,台泥,42,7,35,富邦-陽明,2023-12-21,9604
00687B,國泰20年美債,59,25,34,富邦-陽明,2023-12-21,9604
1591,駿吉-KY,74,40,34,富邦-陽明,2023-12-21,9604
00650L,復華香港正2,106,72,34,富邦-陽明,2023-12-21,9604
2882,國泰金,38,4,34,富邦-陽明,2023-12-21,9604
2363,矽統,60,27,33,富邦-陽明,2023-12-21,9604
2516,新建,34,1,33,富邦-陽明,2023-12-21,9604
00637L,元大滬深300正2,131,98,33,富邦-陽明,2023-12-21,9604
00915,凱基優選高股息30,33,1,32,富邦-陽明,2023-12-21,9604
00713,元大台灣高息低波,37,6,31,富邦-陽明,2023-12-21,9604
3078,僑威,32,1,31,富邦-陽明,2023-12-21,9604
1102,亞泥,52,21,31,富邦-陽明,2023-12-21,9604
6152,百一,30,0,30,富邦-陽明,2023-12-21,9604
3266,昇陽,30,0,30,富邦-陽明,2023-12-21,9604
2886,兆豐金,46,16,30,富邦-陽明,2023-12-21,9604
00680L,元大美債20正2,343,50,293,富邦-陽明,2023-12-22,9604
8112,至上,265,3,262,富邦-陽明,2023-12-22,9604
00933B,國泰10Y+金融債,362,131,231,富邦-陽明,2023-12-22,9604
00882,中信中國高股息,274,64,210,富邦-陽明,2023-12-22,9604
1605,華新,256,47,209,富邦-陽明,2023-12-22,9604
00676R,富邦臺灣加權反1,180,0,180,富邦-陽明,2023-12-22,9604
4961,天鈺,155,4,151,富邦-陽明,2023-12-22,9604
9105,泰金寶-DR,223,79,144,富邦-陽明,2023-12-22,9604
00679B,元大美債20年,158,32,126,富邦-陽明,2023-12-22,9604
2014,中鴻,160,36,124,富邦-陽明,2023-12-22,9604
00753L,中信中國50正2,134,20,114,富邦-陽明,2023-12-22,9604
2323,中環,115,8,107,富邦-陽明,2023-12-22,9604
2609,陽明,913,817,96,富邦-陽明,2023-12-22,9604
00650L,復華香港正2,116,20,96,富邦-陽明,2023-12-22,9604
6244,茂迪,85,0,85,富邦-陽明,2023-12-22,9604
00795B,中信美國公債20年,81,0,81,富邦-陽明,2023-12-22,9604
2105,正新,86,5,81,富邦-陽明,2023-12-22,9604
00772B,中信高評級公司債,96,20,76,富邦-陽明,2023-12-22,9604
1314,中石化,82,7,75,富邦-陽明,2023-12-22,9604
00687B,國泰20年美債,177,106,71,富邦-陽明,2023-12-22,9604
2611,志信,80,14,66,富邦-陽明,2023-12-22,9604
00665L,富邦�琤肭磪囓�2,97,33,64,富邦-陽明,2023-12-22,9604
4973,廣穎,95,31,64,富邦-陽明,2023-12-22,9604
2324,仁寶,113,49,64,富邦-陽明,2023-12-22,9604
2615,萬海,342,278,64,富邦-陽明,2023-12-22,9604
2023,燁輝,67,5,62,富邦-陽明,2023-12-22,9604
00919,群益台灣精選高息,275,216,59,富邦-陽明,2023-12-22,9604
00733,富邦臺灣中小,59,0,59,富邦-陽明,2023-12-22,9604
1584,精剛,63,6,57,富邦-陽明,2023-12-22,9604
00706L,期元大S＆P日圓正2,62,5,57,富邦-陽明,2023-12-22,9604
3037,欣興,56,3,53,富邦-陽明,2023-12-22,9604
5011,久陽,50,0,50,富邦-陽明,2023-12-22,9604
3576,聯合再生,46,0,46,富邦-陽明,2023-12-22,9604
00751B,元大AAA至A公司債,54,8,46,富邦-陽明,2023-12-22,9604
2892,第一金,57,13,44,富邦-陽明,2023-12-22,9604
00720B,元大投資級公司債,80,37,43,富邦-陽明,2023-12-22,9604
2331,精英,99,57,42,富邦-陽明,2023-12-22,9604
00921,兆豐龍頭等權重,42,0,42,富邦-陽明,2023-12-22,9604
3376,新日興,43,3,40,富邦-陽明,2023-12-22,9604
00929,復華台灣科技優息,126,87,39,富邦-陽明,2023-12-22,9604
1477,聚陽,39,1,38,富邦-陽明,2023-12-22,9604
3483,力致,73,35,38,富邦-陽明,2023-12-22,9604
00934,中信成長高股息,36,0,36,富邦-陽明,2023-12-22,9604
2886,兆豐金,41,6,35,富邦-陽明,2023-12-22,9604
3260,威剛,83,49,34,富邦-陽明,2023-12-22,9604
5009,榮剛,70,36,34,富邦-陽明,2023-12-22,9604
2376,技嘉,43,9,34,富邦-陽明,2023-12-22,9604
3231,緯創,100,66,34,富邦-陽明,2023-12-22,9604
2367,燿華,37,4,33,富邦-陽明,2023-12-22,9604
3213,茂訊,34,1,33,富邦-陽明,2023-12-22,9604
00919,群益台灣精選高息,663,230,433,富邦-陽明,2023-12-25,9604
2609,陽明,911,508,403,富邦-陽明,2023-12-25,9604
3296,勝德,165,0,165,富邦-陽明,2023-12-25,9604
3052,夆典,164,0,164,富邦-陽明,2023-12-25,9604
4167,松瑞藥,153,8,145,富邦-陽明,2023-12-25,9604
2312,金寶,133,11,122,富邦-陽明,2023-12-25,9604
00679B,元大美債20年,131,12,119,富邦-陽明,2023-12-25,9604
00929,復華台灣科技優息,216,100,116,富邦-陽明,2023-12-25,9604
00933B,國泰10Y+金融債,216,108,108,富邦-陽明,2023-12-25,9604
2331,精英,166,69,97,富邦-陽明,2023-12-25,9604
00637L,元大滬深300正2,108,20,88,富邦-陽明,2023-12-25,9604
00937B,群益ESG投等債20,209,121,88,富邦-陽明,2023-12-25,9604
2023,燁輝,108,25,83,富邦-陽明,2023-12-25,9604
00720B,元大投資級公司債,81,8,73,富邦-陽明,2023-12-25,9604
00687B,國泰20年美債,87,18,69,富邦-陽明,2023-12-25,9604
2368,金像電,69,1,68,富邦-陽明,2023-12-25,9604
1514,亞力,87,22,65,富邦-陽明,2023-12-25,9604
2883,凱基金,96,32,64,富邦-陽明,2023-12-25,9604
00900,富邦特選高股息30,83,27,56,富邦-陽明,2023-12-25,9604
2606,裕民,77,25,52,富邦-陽明,2023-12-25,9604
2324,仁寶,414,363,51,富邦-陽明,2023-12-25,9604
4961,天鈺,55,4,51,富邦-陽明,2023-12-25,9604
00891,中信關鍵半導體,50,0,50,富邦-陽明,2023-12-25,9604
3207,耀勝,50,1,49,富邦-陽明,2023-12-25,9604
1314,中石化,50,2,48,富邦-陽明,2023-12-25,9604
00713,元大台灣高息低波,49,1,48,富邦-陽明,2023-12-25,9604
6231,系微,111,65,46,富邦-陽明,2023-12-25,9604
2344,華邦電,73,29,44,富邦-陽明,2023-12-25,9604
1312,國喬,51,8,43,富邦-陽明,2023-12-25,9604
2388,威盛,72,29,43,富邦-陽明,2023-12-25,9604
00719B,元大美債1-3,42,0,42,富邦-陽明,2023-12-25,9604
00773B,中信優先金融債,42,0,42,富邦-陽明,2023-12-25,9604
2637,慧洋-KY,62,24,38,富邦-陽明,2023-12-25,9604
6139,亞翔,60,22,38,富邦-陽明,2023-12-25,9604
5469,瀚宇博,42,4,38,富邦-陽明,2023-12-25,9604
8150,南茂,65,30,35,富邦-陽明,2023-12-25,9604
8011,台通,54,20,34,富邦-陽明,2023-12-25,9604
2633,台灣高鐵,41,7,34,富邦-陽明,2023-12-25,9604
2492,華新科,37,4,33,富邦-陽明,2023-12-25,9604
3051,力特,44,12,32,富邦-陽明,2023-12-25,9604
6550,北極星藥業-KY,70,39,31,富邦-陽明,2023-12-25,9604
00751B,元大AAA至A公司債,32,2,30,富邦-陽明,2023-12-25,9604
00712,復華富時不動產,32,2,30,富邦-陽明,2023-12-25,9604
2354,鴻準,30,0,30,富邦-陽明,2023-12-25,9604
00706L,期元大S＆P日圓正2,30,1,29,富邦-陽明,2023-12-25,9604
2892,第一金,42,13,29,富邦-陽明,2023-12-25,9604
2369,菱生,32,4,28,富邦-陽明,2023-12-25,9604
2903,遠百,28,0,28,富邦-陽明,2023-12-25,9604
6117,迎廣,56,28,28,富邦-陽明,2023-12-25,9604
3693,營邦,30,3,27,富邦-陽明,2023-12-25,9604
2303,聯電,1732,231,1501,富邦-陽明,2023-12-26,9604
00919,群益台灣精選高息,545,100,445,富邦-陽明,2023-12-26,9604
2610,華航,310,17,293,富邦-陽明,2023-12-26,9604
00937B,群益ESG投等債20,163,27,136,富邦-陽明,2023-12-26,9604
2618,長榮航,176,43,133,富邦-陽明,2023-12-26,9604
3481,群創,492,359,133,富邦-陽明,2023-12-26,9604
2356,英業達,239,122,117,富邦-陽明,2023-12-26,9604
00923,群益台ESG低碳50,103,0,103,富邦-陽明,2023-12-26,9604
00637L,元大滬深300正2,125,26,99,富邦-陽明,2023-12-26,9604
1732,毛寶,97,1,96,富邦-陽明,2023-12-26,9604
00918,大華優利高填息30,71,0,71,富邦-陽明,2023-12-26,9604
2633,台灣高鐵,74,7,67,富邦-陽明,2023-12-26,9604
00720B,元大投資級公司債,86,22,64,富邦-陽明,2023-12-26,9604
3207,耀勝,66,6,60,富邦-陽明,2023-12-26,9604
6231,系微,90,32,58,富邦-陽明,2023-12-26,9604
2388,威盛,103,50,53,富邦-陽明,2023-12-26,9604
00632R,元大台灣50反1,58,8,50,富邦-陽明,2023-12-26,9604
00882,中信中國高股息,44,2,42,富邦-陽明,2023-12-26,9604
2038,海光,45,7,38,富邦-陽明,2023-12-26,9604
00933B,國泰10Y+金融債,41,4,37,富邦-陽明,2023-12-26,9604
2504,國產,42,6,36,富邦-陽明,2023-12-26,9604
3296,勝德,36,0,36,富邦-陽明,2023-12-26,9604
00751B,元大AAA至A公司債,38,3,35,富邦-陽明,2023-12-26,9604
3540,曜越,39,6,33,富邦-陽明,2023-12-26,9604
2498,宏達電,52,19,33,富邦-陽明,2023-12-26,9604
00687B,國泰20年美債,35,2,33,富邦-陽明,2023-12-26,9604
5425,台半,68,36,32,富邦-陽明,2023-12-26,9604
2208,台船,32,0,32,富邦-陽明,2023-12-26,9604
2603,長榮,80,49,31,富邦-陽明,2023-12-26,9604
3479,安勤,39,9,30,富邦-陽明,2023-12-26,9604
8112,至上,36,6,30,富邦-陽明,2023-12-26,9604
00915,凱基優選高股息30,42,12,30,富邦-陽明,2023-12-26,9604
4746,台耀,32,3,29,富邦-陽明,2023-12-26,9604
6274,台燿,55,26,29,富邦-陽明,2023-12-26,9604
6139,亞翔,36,8,28,富邦-陽明,2023-12-26,9604
00891,中信關鍵半導體,58,30,28,富邦-陽明,2023-12-26,9604
2010,春源,27,0,27,富邦-陽明,2023-12-26,9604
3019,亞光,72,45,27,富邦-陽明,2023-12-26,9604
3317,尼克森,28,1,27,富邦-陽明,2023-12-26,9604
2449,京元電子,26,1,25,富邦-陽明,2023-12-26,9604
1605,華新,99,75,24,富邦-陽明,2023-12-26,9604
2883,凱基金,41,17,24,富邦-陽明,2023-12-26,9604
4737,華廣,24,0,24,富邦-陽明,2023-12-26,9604
00633L,富邦上証正2,29,5,24,富邦-陽明,2023-12-26,9604
8201,無敵,23,0,23,富邦-陽明,2023-12-26,9604
2492,華新科,27,5,22,富邦-陽明,2023-12-26,9604
5469,瀚宇博,21,0,21,富邦-陽明,2023-12-26,9604
1805,寶徠,21,0,21,富邦-陽明,2023-12-26,9604
6538,倉和,21,0,21,富邦-陽明,2023-12-26,9604
00753L,中信中國50正2,80,59,21,富邦-陽明,2023-12-26,9604
00919,群益台灣精選高息,462,118,344,富邦-陽明,2023-12-27,9604
2890,永豐金,202,9,193,富邦-陽明,2023-12-27,9604
00936,台新永續高息中小,197,7,190,富邦-陽明,2023-12-27,9604
2618,長榮航,243,102,141,富邦-陽明,2023-12-27,9604
00688L,國泰20年美債正2,128,0,128,富邦-陽明,2023-12-27,9604
00933B,國泰10Y+金融債,129,2,127,富邦-陽明,2023-12-27,9604
2324,仁寶,740,646,94,富邦-陽明,2023-12-27,9604
1314,中石化,131,37,94,富邦-陽明,2023-12-27,9604
2382,廣達,221,128,93,富邦-陽明,2023-12-27,9604
00679B,元大美債20年,87,4,83,富邦-陽明,2023-12-27,9604
3052,夆典,82,0,82,富邦-陽明,2023-12-27,9604
1402,遠東新,81,2,79,富邦-陽明,2023-12-27,9604
2633,台灣高鐵,73,0,73,富邦-陽明,2023-12-27,9604
00680L,元大美債20正2,69,5,64,富邦-陽明,2023-12-27,9604
00712,復華富時不動產,77,14,63,富邦-陽明,2023-12-27,9604
2405,輔信,252,188,64,富邦-陽明,2023-12-27,9604
3532,台勝科,93,31,62,富邦-陽明,2023-12-27,9604
4167,松瑞藥,67,8,59,富邦-陽明,2023-12-27,9604
00929,復華台灣科技優息,170,112,58,富邦-陽明,2023-12-27,9604
2610,華航,97,43,54,富邦-陽明,2023-12-27,9604
3231,緯創,95,44,51,富邦-陽明,2023-12-27,9604
3264,欣銓,56,7,49,富邦-陽明,2023-12-27,9604
3207,耀勝,50,1,49,富邦-陽明,2023-12-27,9604
2892,第一金,55,7,48,富邦-陽明,2023-12-27,9604
00900,富邦特選高股息30,56,9,47,富邦-陽明,2023-12-27,9604
00877,復華中國5G,50,4,46,富邦-陽明,2023-12-27,9604
2634,漢翔,52,8,44,富邦-陽明,2023-12-27,9604
5469,瀚宇博,44,0,44,富邦-陽明,2023-12-27,9604
1905,華紙,44,1,43,富邦-陽明,2023-12-27,9604
2329,華泰,57,15,42,富邦-陽明,2023-12-27,9604
2388,威盛,76,37,39,富邦-陽明,2023-12-27,9604
00687B,國泰20年美債,101,63,38,富邦-陽明,2023-12-27,9604
8936,國統,115,77,38,富邦-陽明,2023-12-27,9604
00915,凱基優選高股息30,47,9,38,富邦-陽明,2023-12-27,9604
00720B,元大投資級公司債,45,10,35,富邦-陽明,2023-12-27,9604
8110,華東,44,10,34,富邦-陽明,2023-12-27,9604
3390,旭軟,126,93,33,富邦-陽明,2023-12-27,9604
00632R,元大台灣50反1,245,212,33,富邦-陽明,2023-12-27,9604
5521,工信,40,9,31,富邦-陽明,2023-12-27,9604
3138,耀登,38,8,30,富邦-陽明,2023-12-27,9604
3036A,文曄甲特,30,0,30,富邦-陽明,2023-12-27,9604
2355,敬鵬,44,15,29,富邦-陽明,2023-12-27,9604
5258,虹堡,29,2,27,富邦-陽明,2023-12-27,9604
1326,台化,30,3,27,富邦-陽明,2023-12-27,9604
00751B,元大AAA至A公司債,31,5,26,富邦-陽明,2023-12-27,9604
6462,神盾,58,32,26,富邦-陽明,2023-12-27,9604
00676R,富邦臺灣加權反1,25,0,25,富邦-陽明,2023-12-27,9604
6530,創威,24,0,24,富邦-陽明,2023-12-27,9604
00930,永豐ESG低碳高息,24,0,24,富邦-陽明,2023-12-27,9604
1532,勤美,29,5,24,富邦-陽明,2023-12-27,9604
00688L,國泰20年美債正2,1168,12,1156,富邦-陽明,2023-12-28,9604
2356,英業達,794,318,476,富邦-陽明,2023-12-28,9604
00937B,群益ESG投等債20,449,20,429,富邦-陽明,2023-12-28,9604
3706,神達,723,421,302,富邦-陽明,2023-12-28,9604
3296,勝德,284,5,279,富邦-陽明,2023-12-28,9604
00680L,元大美債20正2,229,8,221,富邦-陽明,2023-12-28,9604
2303,聯電,457,275,182,富邦-陽明,2023-12-28,9604
00715L,期街口布蘭特正2,153,12,141,富邦-陽明,2023-12-28,9604
00665L,富邦�琤肭磪囓�2,244,104,140,富邦-陽明,2023-12-28,9604
00919,群益台灣精選高息,344,229,115,富邦-陽明,2023-12-28,9604
2324,仁寶,310,203,107,富邦-陽明,2023-12-28,9604
3231,緯創,228,127,101,富邦-陽明,2023-12-28,9604
00900,富邦特選高股息30,98,2,96,富邦-陽明,2023-12-28,9604
00933B,國泰10Y+金融債,116,24,92,富邦-陽明,2023-12-28,9604
00673R,期元大S＆P原油反1,100,10,90,富邦-陽明,2023-12-28,9604
6129,普誠,120,31,89,富邦-陽明,2023-12-28,9604
2365,昆盈,130,48,82,富邦-陽明,2023-12-28,9604
2607,榮運,83,3,80,富邦-陽明,2023-12-28,9604
2610,華航,102,24,78,富邦-陽明,2023-12-28,9604
00679B,元大美債20年,103,26,77,富邦-陽明,2023-12-28,9604
2867,三商壽,73,0,73,富邦-陽明,2023-12-28,9604
2363,矽統,93,29,64,富邦-陽明,2023-12-28,9604
2405,輔信,281,218,63,富邦-陽明,2023-12-28,9604
3059,華晶科,61,1,60,富邦-陽明,2023-12-28,9604
3024,憶聲,70,12,58,富邦-陽明,2023-12-28,9604
2331,精英,100,42,58,富邦-陽明,2023-12-28,9604
3325,旭品,97,42,55,富邦-陽明,2023-12-28,9604
00687B,國泰20年美債,61,7,54,富邦-陽明,2023-12-28,9604
2328,廣宇,53,1,52,富邦-陽明,2023-12-28,9604
3481,群創,94,42,52,富邦-陽明,2023-12-28,9604
00712,復華富時不動產,80,30,50,富邦-陽明,2023-12-28,9604
00904,新光臺灣半導體30,50,0,50,富邦-陽明,2023-12-28,9604
00934,中信成長高股息,42,2,40,富邦-陽明,2023-12-28,9604
00720B,元大投資級公司債,44,4,40,富邦-陽明,2023-12-28,9604
5426,振發,42,3,39,富邦-陽明,2023-12-28,9604
2476,鉅祥,43,5,38,富邦-陽明,2023-12-28,9604
4174,浩鼎,38,1,37,富邦-陽明,2023-12-28,9604
2603,長榮,60,26,34,富邦-陽明,2023-12-28,9604
2313,華通,90,56,34,富邦-陽明,2023-12-28,9604
3338,泰碩,60,27,33,富邦-陽明,2023-12-28,9604
4979,華星光,56,24,32,富邦-陽明,2023-12-28,9604
9934,成霖,32,0,32,富邦-陽明,2023-12-28,9604
9105,泰金寶-DR,147,115,32,富邦-陽明,2023-12-28,9604
6282,康舒,51,20,31,富邦-陽明,2023-12-28,9604
2485,兆赫,31,0,31,富邦-陽明,2023-12-28,9604
3036,文曄,30,0,30,富邦-陽明,2023-12-28,9604
3037,欣興,33,3,30,富邦-陽明,2023-12-28,9604
2888,新光金,87,58,29,富邦-陽明,2023-12-28,9604
1514,亞力,140,111,29,富邦-陽明,2023-12-28,9604
2889,國票金,43,14,29,富邦-陽明,2023-12-28,9604
00937B,群益ESG投等債20,555,28,527,富邦-陽明,2023-12-29,9604
6116,彩晶,493,26,467,富邦-陽明,2023-12-29,9604
2356,英業達,640,193,447,富邦-陽明,2023-12-29,9604
00919,群益台灣精選高息,344,11,333,富邦-陽明,2023-12-29,9604
2888,新光金,301,3,298,富邦-陽明,2023-12-29,9604
3260,威剛,373,128,245,富邦-陽明,2023-12-29,9604
5521,工信,274,86,188,富邦-陽明,2023-12-29,9604
00882,中信中國高股息,177,15,162,富邦-陽明,2023-12-29,9604
00637L,元大滬深300正2,283,124,159,富邦-陽明,2023-12-29,9604
3047,訊舟,159,10,149,富邦-陽明,2023-12-29,9604
2515,中工,183,39,144,富邦-陽明,2023-12-29,9604
8011,台通,159,27,132,富邦-陽明,2023-12-29,9604
00720B,元大投資級公司債,131,4,127,富邦-陽明,2023-12-29,9604
2443,昶虹,114,0,114,富邦-陽明,2023-12-29,9604
00687B,國泰20年美債,113,1,112,富邦-陽明,2023-12-29,9604
2353,宏��,338,229,109,富邦-陽明,2023-12-29,9604
00680L,元大美債20正2,138,30,108,富邦-陽明,2023-12-29,9604
2607,榮運,108,1,107,富邦-陽明,2023-12-29,9604
1605,華新,103,2,101,富邦-陽明,2023-12-29,9604
3706,神達,182,93,89,富邦-陽明,2023-12-29,9604
3006,晶豪科,144,57,87,富邦-陽明,2023-12-29,9604
00753L,中信中國50正2,84,1,83,富邦-陽明,2023-12-29,9604
00751B,元大AAA至A公司債,74,0,74,富邦-陽明,2023-12-29,9604
2609,陽明,104,33,71,富邦-陽明,2023-12-29,9604
00679B,元大美債20年,75,8,67,富邦-陽明,2023-12-29,9604
2313,華通,71,8,63,富邦-陽明,2023-12-29,9604
00671R,富邦NASDAQ反1,50,0,50,富邦-陽明,2023-12-29,9604
00669R,國泰美國道瓊反1,50,0,50,富邦-陽明,2023-12-29,9604
2352,佳世達,197,149,48,富邦-陽明,2023-12-29,9604
2344,華邦電,262,214,48,富邦-陽明,2023-12-29,9604
00931B,統一美債20年,49,2,47,富邦-陽明,2023-12-29,9604
3376,新日興,62,17,45,富邦-陽明,2023-12-29,9604
1514,亞力,106,65,41,富邦-陽明,2023-12-29,9604
1503,士電,138,98,40,富邦-陽明,2023-12-29,9604
00650L,復華香港正2,125,85,40,富邦-陽明,2023-12-29,9604
1609,大亞,55,16,39,富邦-陽明,2023-12-29,9604
2610,華航,73,35,38,富邦-陽明,2023-12-29,9604
2603,長榮,57,20,37,富邦-陽明,2023-12-29,9604
00715L,期街口布蘭特正2,66,30,36,富邦-陽明,2023-12-29,9604
6667,信紘科,56,20,36,富邦-陽明,2023-12-29,9604
3709,鑫聯大投控,36,0,36,富邦-陽明,2023-12-29,9604
2486,一詮,220,184,36,富邦-陽明,2023-12-29,9604
2405,輔信,96,60,36,富邦-陽明,2023-12-29,9604
00788B,元大10年IG電能債,31,0,31,富邦-陽明,2023-12-29,9604
2867,三商壽,65,35,30,富邦-陽明,2023-12-29,9604
3169,亞信,28,0,28,富邦-陽明,2023-12-29,9604
3078,僑威,29,2,27,富邦-陽明,2023-12-29,9604
1524,耿鼎,28,1,27,富邦-陽明,2023-12-29,9604
2903,遠百,26,0,26,富邦-陽明,2023-12-29,9604
3548,兆利,36,10,26,富邦-陽明,2023-12-29,9604
2356,英業達,1123,106,1017,富邦-陽明,2024-01-02,9604
6116,彩晶,798,15,783,富邦-陽明,2024-01-02,9604
00937B,群益ESG投等債20,721,1,720,富邦-陽明,2024-01-02,9604
3481,群創,742,89,653,富邦-陽明,2024-01-02,9604
00680L,元大美債20正2,395,81,314,富邦-陽明,2024-01-02,9604
00919,群益台灣精選高息,318,35,283,富邦-陽明,2024-01-02,9604
2344,華邦電,300,91,209,富邦-陽明,2024-01-02,9604
00687B,國泰20年美債,211,3,208,富邦-陽明,2024-01-02,9604
3231,緯創,429,228,201,富邦-陽明,2024-01-02,9604
2382,廣達,242,72,170,富邦-陽明,2024-01-02,9604
2888,新光金,160,7,153,富邦-陽明,2024-01-02,9604
2607,榮運,154,16,138,富邦-陽明,2024-01-02,9604
00720B,元大投資級公司債,124,2,122,富邦-陽明,2024-01-02,9604
00929,復華台灣科技優息,455,350,105,富邦-陽明,2024-01-02,9604
2303,聯電,132,41,91,富邦-陽明,2024-01-02,9604
00679B,元大美債20年,126,35,91,富邦-陽明,2024-01-02,9604
3052,夆典,89,0,89,富邦-陽明,2024-01-02,9604
00637L,元大滬深300正2,90,5,85,富邦-陽明,2024-01-02,9604
00878,國泰永續高股息,239,163,76,富邦-陽明,2024-01-02,9604
6219,富旺,73,0,73,富邦-陽明,2024-01-02,9604
00753L,中信中國50正2,71,1,70,富邦-陽明,2024-01-02,9604
2331,精英,79,13,66,富邦-陽明,2024-01-02,9604
00923,群益台ESG低碳50,67,6,61,富邦-陽明,2024-01-02,9604
3059,華晶科,72,11,61,富邦-陽明,2024-01-02,9604
00900,富邦特選高股息30,66,6,60,富邦-陽明,2024-01-02,9604
2201,裕隆,61,4,57,富邦-陽明,2024-01-02,9604
00688L,國泰20年美債正2,71,16,55,富邦-陽明,2024-01-02,9604
2890,永豐金,69,15,54,富邦-陽明,2024-01-02,9604
00712,復華富時不動產,91,38,53,富邦-陽明,2024-01-02,9604
9907,統一實,52,0,52,富邦-陽明,2024-01-02,9604
4157,太景*-KY,52,0,52,富邦-陽明,2024-01-02,9604
00882,中信中國高股息,59,8,51,富邦-陽明,2024-01-02,9604
00934,中信成長高股息,53,2,51,富邦-陽明,2024-01-02,9604
6770,力積電,56,7,49,富邦-陽明,2024-01-02,9604
6113,亞矽,65,21,44,富邦-陽明,2024-01-02,9604
2324,仁寶,98,55,43,富邦-陽明,2024-01-02,9604
1477,聚陽,44,3,41,富邦-陽明,2024-01-02,9604
3264,欣銓,42,3,39,富邦-陽明,2024-01-02,9604
5347,世界,53,14,39,富邦-陽明,2024-01-02,9604
3709,鑫聯大投控,36,0,36,富邦-陽明,2024-01-02,9604
00751B,元大AAA至A公司債,52,16,36,富邦-陽明,2024-01-02,9604
00931B,統一美債20年,35,1,34,富邦-陽明,2024-01-02,9604
6182,合晶,35,1,34,富邦-陽明,2024-01-02,9604
2313,華通,44,10,34,富邦-陽明,2024-01-02,9604
6138,茂達,34,1,33,富邦-陽明,2024-01-02,9604
00632R,元大台灣50反1,65,32,33,富邦-陽明,2024-01-02,9604
00933B,國泰10Y+金融債,66,34,32,富邦-陽明,2024-01-02,9604
00915,凱基優選高股息30,35,3,32,富邦-陽明,2024-01-02,9604
2363,矽統,33,2,31,富邦-陽明,2024-01-02,9604
3169,亞信,31,0,31,富邦-陽明,2024-01-02,9604
00919,群益台灣精選高息,764,82,682,富邦-陽明,2024-01-03,9604
00929,復華台灣科技優息,810,277,533,富邦-陽明,2024-01-03,9604
00937B,群益ESG投等債20,419,81,338,富邦-陽明,2024-01-03,9604
0056,元大高股息,371,58,313,富邦-陽明,2024-01-03,9604
00878,國泰永續高股息,481,218,263,富邦-陽明,2024-01-03,9604
2303,聯電,249,48,201,富邦-陽明,2024-01-03,9604
2618,長榮航,378,233,145,富邦-陽明,2024-01-03,9604
00715L,期街口布蘭特正2,135,1,134,富邦-陽明,2024-01-03,9604
2888,新光金,139,7,132,富邦-陽明,2024-01-03,9604
2352,佳世達,136,6,130,富邦-陽明,2024-01-03,9604
4157,太景*-KY,120,0,120,富邦-陽明,2024-01-03,9604
00923,群益台ESG低碳50,129,11,118,富邦-陽明,2024-01-03,9604
00891,中信關鍵半導體,119,10,109,富邦-陽明,2024-01-03,9604
6770,力積電,106,0,106,富邦-陽明,2024-01-03,9604
00934,中信成長高股息,116,12,104,富邦-陽明,2024-01-03,9604
00725B,國泰投資級公司債,105,2,103,富邦-陽明,2024-01-03,9604
3260,威剛,130,32,98,富邦-陽明,2024-01-03,9604
1477,聚陽,93,1,92,富邦-陽明,2024-01-03,9604
2353,宏��,224,132,92,富邦-陽明,2024-01-03,9604
00680L,元大美債20正2,88,5,83,富邦-陽明,2024-01-03,9604
2324,仁寶,187,106,81,富邦-陽明,2024-01-03,9604
2363,矽統,166,89,77,富邦-陽明,2024-01-03,9604
4979,華星光,81,9,72,富邦-陽明,2024-01-03,9604
2461,光群雷,70,0,70,富邦-陽明,2024-01-03,9604
00687B,國泰20年美債,84,17,67,富邦-陽明,2024-01-03,9604
00637L,元大滬深300正2,73,10,63,富邦-陽明,2024-01-03,9604
3231,緯創,115,60,55,富邦-陽明,2024-01-03,9604
00688L,國泰20年美債正2,67,13,54,富邦-陽明,2024-01-03,9604
5880,合庫金,71,17,54,富邦-陽明,2024-01-03,9604
1605,華新,54,2,52,富邦-陽明,2024-01-03,9604
9945,潤泰新,58,7,51,富邦-陽明,2024-01-03,9604
00882,中信中國高股息,83,32,51,富邦-陽明,2024-01-03,9604
00933B,國泰10Y+金融債,82,31,51,富邦-陽明,2024-01-03,9604
3296,勝德,50,0,50,富邦-陽明,2024-01-03,9604
6108,競國,58,8,50,富邦-陽明,2024-01-03,9604
2885,元大金,74,25,49,富邦-陽明,2024-01-03,9604
1216,統一,49,1,48,富邦-陽明,2024-01-03,9604
2408,南亞科,64,18,46,富邦-陽明,2024-01-03,9604
00650L,復華香港正2,46,0,46,富邦-陽明,2024-01-03,9604
2362,藍天,206,162,44,富邦-陽明,2024-01-03,9604
3325,旭品,104,61,43,富邦-陽明,2024-01-03,9604
00915,凱基優選高股息30,48,6,42,富邦-陽明,2024-01-03,9604
00665L,富邦�琤肭磪囓�2,42,3,39,富邦-陽明,2024-01-03,9604
1504,東元,41,2,39,富邦-陽明,2024-01-03,9604
6164,華興,79,41,38,富邦-陽明,2024-01-03,9604
2801,彰銀,41,5,36,富邦-陽明,2024-01-03,9604
0050,元大台灣50,46,11,35,富邦-陽明,2024-01-03,9604
3041,揚智,62,28,34,富邦-陽明,2024-01-03,9604
00642U,期元大S＆P石油,42,10,32,富邦-陽明,2024-01-03,9604
00918,大華優利高填息30,48,16,32,富邦-陽明,2024-01-03,9604
00929,復華台灣科技優息,637,50,587,富邦-陽明,2024-01-04,9604
00937B,群益ESG投等債20,366,13,353,富邦-陽明,2024-01-04,9604
00637L,元大滬深300正2,280,23,257,富邦-陽明,2024-01-04,9604
5521,工信,272,16,256,富邦-陽明,2024-01-04,9604
00878,國泰永續高股息,327,115,212,富邦-陽明,2024-01-04,9604
00676R,富邦臺灣加權反1,200,1,199,富邦-陽明,2024-01-04,9604
2486,一詮,239,50,189,富邦-陽明,2024-01-04,9604
00933B,國泰10Y+金融債,173,3,170,富邦-陽明,2024-01-04,9604
2324,仁寶,246,99,147,富邦-陽明,2024-01-04,9604
2323,中環,156,15,141,富邦-陽明,2024-01-04,9604
9919,康那香,290,167,123,富邦-陽明,2024-01-04,9604
2303,聯電,171,51,120,富邦-陽明,2024-01-04,9604
2881,富邦金,141,34,107,富邦-陽明,2024-01-04,9604
00919,群益台灣精選高息,143,39,104,富邦-陽明,2024-01-04,9604
00927,群益半導體收益,116,13,103,富邦-陽明,2024-01-04,9604
00720B,元大投資級公司債,95,2,93,富邦-陽明,2024-01-04,9604
00712,復華富時不動產,91,15,76,富邦-陽明,2024-01-04,9604
00725B,國泰投資級公司債,73,0,73,富邦-陽明,2024-01-04,9604
3030,德律,81,9,72,富邦-陽明,2024-01-04,9604
2356,英業達,117,59,58,富邦-陽明,2024-01-04,9604
00650L,復華香港正2,56,0,56,富邦-陽明,2024-01-04,9604
8046,南電,69,14,55,富邦-陽明,2024-01-04,9604
2601,益航,60,5,55,富邦-陽明,2024-01-04,9604
00892,富邦台灣半導體,51,0,51,富邦-陽明,2024-01-04,9604
00706L,期元大S＆P日圓正2,56,5,51,富邦-陽明,2024-01-04,9604
00673R,期元大S＆P原油反1,60,11,49,富邦-陽明,2024-01-04,9604
00881,國泰台灣5G+,51,2,49,富邦-陽明,2024-01-04,9604
00655L,國泰中國A50正2,62,13,49,富邦-陽明,2024-01-04,9604
2834,臺企銀,53,5,48,富邦-陽明,2024-01-04,9604
6140,訊達,89,44,45,富邦-陽明,2024-01-04,9604
0056,元大高股息,84,39,45,富邦-陽明,2024-01-04,9604
1605,華新,68,27,41,富邦-陽明,2024-01-04,9604
00795B,中信美國公債20年,54,13,41,富邦-陽明,2024-01-04,9604
4164,承業醫,44,3,41,富邦-陽明,2024-01-04,9604
8271,宇瞻,41,0,41,富邦-陽明,2024-01-04,9604
8086,宏捷科,82,43,39,富邦-陽明,2024-01-04,9604
2883,凱基金,37,0,37,富邦-陽明,2024-01-04,9604
3037,欣興,48,11,37,富邦-陽明,2024-01-04,9604
3325,旭品,56,20,36,富邦-陽明,2024-01-04,9604
2641,正德,79,43,36,富邦-陽明,2024-01-04,9604
00934,中信成長高股息,44,8,36,富邦-陽明,2024-01-04,9604
2498,宏達電,36,2,34,富邦-陽明,2024-01-04,9604
00680L,元大美債20正2,65,31,34,富邦-陽明,2024-01-04,9604
2363,矽統,92,59,33,富邦-陽明,2024-01-04,9604
9945,潤泰新,33,0,33,富邦-陽明,2024-01-04,9604
00713,元大台灣高息低波,41,9,32,富邦-陽明,2024-01-04,9604
3078,僑威,33,2,31,富邦-陽明,2024-01-04,9604
2449,京元電子,35,5,30,富邦-陽明,2024-01-04,9604
3231,緯創,100,71,29,富邦-陽明,2024-01-04,9604
6139,亞翔,34,7,27,富邦-陽明,2024-01-04,9604
3481,群創,2850,592,2258,富邦-陽明,2024-01-05,9604
00929,復華台灣科技優息,635,49,586,富邦-陽明,2024-01-05,9604
00878,國泰永續高股息,467,3,464,富邦-陽明,2024-01-05,9604
2618,長榮航,366,92,274,富邦-陽明,2024-01-05,9604
00937B,群益ESG投等債20,237,4,233,富邦-陽明,2024-01-05,9604
00933B,國泰10Y+金融債,225,4,221,富邦-陽明,2024-01-05,9604
2486,一詮,172,21,151,富邦-陽明,2024-01-05,9604
0056,元大高股息,155,9,146,富邦-陽明,2024-01-05,9604
00687B,國泰20年美債,165,20,145,富邦-陽明,2024-01-05,9604
00919,群益台灣精選高息,226,109,117,富邦-陽明,2024-01-05,9604
00720B,元大投資級公司債,116,11,105,富邦-陽明,2024-01-05,9604
3260,威剛,118,21,97,富邦-陽明,2024-01-05,9604
00927,群益半導體收益,77,0,77,富邦-陽明,2024-01-05,9604
2329,華泰,105,31,74,富邦-陽明,2024-01-05,9604
00715L,期街口布蘭特正2,74,0,74,富邦-陽明,2024-01-05,9604
00931B,統一美債20年,69,1,68,富邦-陽明,2024-01-05,9604
9105,泰金寶-DR,110,45,65,富邦-陽明,2024-01-05,9604
2353,宏��,221,157,64,富邦-陽明,2024-01-05,9604
2344,華邦電,207,147,60,富邦-陽明,2024-01-05,9604
5381,合正,55,0,55,富邦-陽明,2024-01-05,9604
00712,復華富時不動產,54,1,53,富邦-陽明,2024-01-05,9604
00751B,元大AAA至A公司債,61,8,53,富邦-陽明,2024-01-05,9604
2881,富邦金,65,17,48,富邦-陽明,2024-01-05,9604
2356,英業達,125,78,47,富邦-陽明,2024-01-05,9604
2610,華航,259,214,45,富邦-陽明,2024-01-05,9604
00706L,期元大S＆P日圓正2,52,9,43,富邦-陽明,2024-01-05,9604
2352,佳世達,102,59,43,富邦-陽明,2024-01-05,9604
2330,台積電,50,8,42,富邦-陽明,2024-01-05,9604
1815,富喬,46,6,40,富邦-陽明,2024-01-05,9604
6161,捷波,45,7,38,富邦-陽明,2024-01-05,9604
3037,欣興,44,7,37,富邦-陽明,2024-01-05,9604
00679B,元大美債20年,88,50,38,富邦-陽明,2024-01-05,9604
8096,擎亞,293,256,37,富邦-陽明,2024-01-05,9604
2603,長榮,89,53,36,富邦-陽明,2024-01-05,9604
2368,金像電,55,19,36,富邦-陽明,2024-01-05,9604
00773B,中信優先金融債,36,0,36,富邦-陽明,2024-01-05,9604
00857B,永豐20年美公債,35,3,32,富邦-陽明,2024-01-05,9604
00725B,國泰投資級公司債,42,10,32,富邦-陽明,2024-01-05,9604
2302,麗正,67,36,31,富邦-陽明,2024-01-05,9604
9945,潤泰新,34,4,30,富邦-陽明,2024-01-05,9604
8105,凌巨,31,1,30,富邦-陽明,2024-01-05,9604
00632R,元大台灣50反1,70,41,29,富邦-陽明,2024-01-05,9604
8210,勤誠,36,7,29,富邦-陽明,2024-01-05,9604
8011,台通,43,14,29,富邦-陽明,2024-01-05,9604
2504,國產,29,0,29,富邦-陽明,2024-01-05,9604
5521,工信,68,39,29,富邦-陽明,2024-01-05,9604
2376,技嘉,80,52,28,富邦-陽明,2024-01-05,9604
00862B,中信投資級公司債,30,2,28,富邦-陽明,2024-01-05,9604
6290,良維,29,3,26,富邦-陽明,2024-01-05,9604
3060,銘異,27,1,26,富邦-陽明,2024-01-05,9604
00929,復華台灣科技優息,1204,165,1039,富邦-陽明,2024-01-08,9604
00937B,群益ESG投等債20,326,28,298,富邦-陽明,2024-01-08,9604
2353,宏��,460,211,249,富邦-陽明,2024-01-08,9604
2834,臺企銀,200,1,199,富邦-陽明,2024-01-08,9604
00637L,元大滬深300正2,306,120,186,富邦-陽明,2024-01-08,9604
2618,長榮航,325,146,179,富邦-陽明,2024-01-08,9604
00753L,中信中國50正2,232,57,175,富邦-陽明,2024-01-08,9604
00933B,國泰10Y+金融債,173,5,168,富邦-陽明,2024-01-08,9604
00919,群益台灣精選高息,271,108,163,富邦-陽明,2024-01-08,9604
2443,昶虹,121,0,121,富邦-陽明,2024-01-08,9604
2303,聯電,156,35,121,富邦-陽明,2024-01-08,9604
3260,威剛,139,20,119,富邦-陽明,2024-01-08,9604
00650L,復華香港正2,114,5,109,富邦-陽明,2024-01-08,9604
00655L,國泰中國A50正2,116,9,107,富邦-陽明,2024-01-08,9604
0056,元大高股息,141,53,88,富邦-陽明,2024-01-08,9604
00632R,元大台灣50反1,91,8,83,富邦-陽明,2024-01-08,9604
00679B,元大美債20年,152,77,75,富邦-陽明,2024-01-08,9604
00633L,富邦上証正2,73,2,71,富邦-陽明,2024-01-08,9604
00720B,元大投資級公司債,82,12,70,富邦-陽明,2024-01-08,9604
6770,力積電,139,82,57,富邦-陽明,2024-01-08,9604
2486,一詮,87,31,56,富邦-陽明,2024-01-08,9604
9105,泰金寶-DR,115,61,54,富邦-陽明,2024-01-08,9604
3588,通嘉,155,102,53,富邦-陽明,2024-01-08,9604
00673R,期元大S＆P原油反1,49,0,49,富邦-陽明,2024-01-08,9604
3454,晶睿,50,1,49,富邦-陽明,2024-01-08,9604
2388,威盛,170,123,47,富邦-陽明,2024-01-08,9604
2302,麗正,117,71,46,富邦-陽明,2024-01-08,9604
2596,綠意,43,0,43,富邦-陽明,2024-01-08,9604
00857B,永豐20年美公債,41,0,41,富邦-陽明,2024-01-08,9604
1449,佳和,52,14,38,富邦-陽明,2024-01-08,9604
2317,鴻海,60,22,38,富邦-陽明,2024-01-08,9604
00770,國泰北美科技,34,0,34,富邦-陽明,2024-01-08,9604
00862B,中信投資級公司債,34,0,34,富邦-陽明,2024-01-08,9604
8105,凌巨,37,3,34,富邦-陽明,2024-01-08,9604
2344,華邦電,102,71,31,富邦-陽明,2024-01-08,9604
6706,惠特,51,20,31,富邦-陽明,2024-01-08,9604
00733,富邦臺灣中小,31,0,31,富邦-陽明,2024-01-08,9604
00725B,國泰投資級公司債,80,50,30,富邦-陽明,2024-01-08,9604
5213,亞昕,30,0,30,富邦-陽明,2024-01-08,9604
3339,泰谷,30,0,30,富邦-陽明,2024-01-08,9604
6168,宏齊,37,7,30,富邦-陽明,2024-01-08,9604
3037,欣興,34,5,29,富邦-陽明,2024-01-08,9604
00927,群益半導體收益,29,0,29,富邦-陽明,2024-01-08,9604
2468,華經,33,4,29,富邦-陽明,2024-01-08,9604
2891,中信金,51,22,29,富邦-陽明,2024-01-08,9604
00936,台新永續高息中小,32,4,28,富邦-陽明,2024-01-08,9604
3017,奇鋐,37,9,28,富邦-陽明,2024-01-08,9604
1402,遠東新,29,3,26,富邦-陽明,2024-01-08,9604
2465,麗臺,27,1,26,富邦-陽明,2024-01-08,9604
2504,國產,33,8,25,富邦-陽明,2024-01-08,9604
00919,群益台灣精選高息,782,53,729,富邦-陽明,2024-01-09,9604
00929,復華台灣科技優息,525,25,500,富邦-陽明,2024-01-09,9604
2609,陽明,629,210,419,富邦-陽明,2024-01-09,9604
2443,昶虹,230,0,230,富邦-陽明,2024-01-09,9604
00715L,期街口布蘭特正2,205,8,197,富邦-陽明,2024-01-09,9604
00937B,群益ESG投等債20,198,8,190,富邦-陽明,2024-01-09,9604
8227,巨有科技,194,38,156,富邦-陽明,2024-01-09,9604
2353,宏��,364,243,121,富邦-陽明,2024-01-09,9604
00753L,中信中國50正2,252,137,115,富邦-陽明,2024-01-09,9604
9105,泰金寶-DR,122,21,101,富邦-陽明,2024-01-09,9604
3231,緯創,188,101,87,富邦-陽明,2024-01-09,9604
2634,漢翔,91,6,85,富邦-陽明,2024-01-09,9604
3296,勝德,85,1,84,富邦-陽明,2024-01-09,9604
00680L,元大美債20正2,86,5,81,富邦-陽明,2024-01-09,9604
0056,元大高股息,102,22,80,富邦-陽明,2024-01-09,9604
00720B,元大投資級公司債,80,3,77,富邦-陽明,2024-01-09,9604
2344,華邦電,96,20,76,富邦-陽明,2024-01-09,9604
00665L,富邦�琤肭磪囓�2,242,167,75,富邦-陽明,2024-01-09,9604
2356,英業達,186,111,75,富邦-陽明,2024-01-09,9604
2308,台達電,80,8,72,富邦-陽明,2024-01-09,9604
5871,中租-KY,65,1,64,富邦-陽明,2024-01-09,9604
00751B,元大AAA至A公司債,95,33,62,富邦-陽明,2024-01-09,9604
2002,中鋼,89,27,62,富邦-陽明,2024-01-09,9604
2467,志聖,60,2,58,富邦-陽明,2024-01-09,9604
2324,仁寶,208,151,57,富邦-陽明,2024-01-09,9604
1313,聯成,56,0,56,富邦-陽明,2024-01-09,9604
00687B,國泰20年美債,61,5,56,富邦-陽明,2024-01-09,9604
6116,彩晶,67,12,55,富邦-陽明,2024-01-09,9604
2303,聯電,94,42,52,富邦-陽明,2024-01-09,9604
3078,僑威,62,12,50,富邦-陽明,2024-01-09,9604
00933B,國泰10Y+金融債,50,0,50,富邦-陽明,2024-01-09,9604
6282,康舒,78,29,49,富邦-陽明,2024-01-09,9604
2498,宏達電,253,204,49,富邦-陽明,2024-01-09,9604
3051,力特,54,6,48,富邦-陽明,2024-01-09,9604
2359,所羅門,80,33,47,富邦-陽明,2024-01-09,9604
00772B,中信高評級公司債,51,4,47,富邦-陽明,2024-01-09,9604
2457,飛宏,46,4,42,富邦-陽明,2024-01-09,9604
2393,億光,41,0,41,富邦-陽明,2024-01-09,9604
4532,瑞智,40,1,39,富邦-陽明,2024-01-09,9604
3481,群創,95,57,38,富邦-陽明,2024-01-09,9604
6120,達運,85,49,36,富邦-陽明,2024-01-09,9604
00881,國泰台灣5G+,57,21,36,富邦-陽明,2024-01-09,9604
00918,大華優利高填息30,36,2,34,富邦-陽明,2024-01-09,9604
00679B,元大美債20年,49,16,33,富邦-陽明,2024-01-09,9604
00712,復華富時不動產,90,58,32,富邦-陽明,2024-01-09,9604
00770,國泰北美科技,33,1,32,富邦-陽明,2024-01-09,9604
1326,台化,35,5,30,富邦-陽明,2024-01-09,9604
2615,萬海,81,51,30,富邦-陽明,2024-01-09,9604
4402,郡都開發,31,1,30,富邦-陽明,2024-01-09,9604
3346,麗清,39,9,30,富邦-陽明,2024-01-09,9604
2443,昶虹,801,0,801,富邦-陽明,2024-01-10,9604
00937B,群益ESG投等債20,571,41,530,富邦-陽明,2024-01-10,9604
00929,復華台灣科技優息,448,74,374,富邦-陽明,2024-01-10,9604
00919,群益台灣精選高息,377,66,311,富邦-陽明,2024-01-10,9604
00935,野村臺灣新科技50,198,2,196,富邦-陽明,2024-01-10,9604
2888,新光金,217,33,184,富邦-陽明,2024-01-10,9604
2610,華航,120,12,108,富邦-陽明,2024-01-10,9604
00752,中信中國50,100,4,96,富邦-陽明,2024-01-10,9604
2607,榮運,104,8,96,富邦-陽明,2024-01-10,9604
2023,燁輝,95,0,95,富邦-陽明,2024-01-10,9604
2498,宏達電,134,39,95,富邦-陽明,2024-01-10,9604
0056,元大高股息,154,59,95,富邦-陽明,2024-01-10,9604
00720B,元大投資級公司債,96,2,94,富邦-陽明,2024-01-10,9604
3296,勝德,81,0,81,富邦-陽明,2024-01-10,9604
2609,陽明,576,500,76,富邦-陽明,2024-01-10,9604
8227,巨有科技,120,50,70,富邦-陽明,2024-01-10,9604
00650L,復華香港正2,159,90,69,富邦-陽明,2024-01-10,9604
00673R,期元大S＆P原油反1,65,0,65,富邦-陽明,2024-01-10,9604
6164,華興,87,23,64,富邦-陽明,2024-01-10,9604
2618,長榮航,91,33,58,富邦-陽明,2024-01-10,9604
00665L,富邦�琤肭磪囓�2,155,98,57,富邦-陽明,2024-01-10,9604
2883,凱基金,58,1,57,富邦-陽明,2024-01-10,9604
1314,中石化,50,0,50,富邦-陽明,2024-01-10,9604
020034,元大IC設計N,50,0,50,富邦-陽明,2024-01-10,9604
020031,統一IC設計臺灣N,50,0,50,富邦-陽明,2024-01-10,9604
6770,力積電,67,19,48,富邦-陽明,2024-01-10,9604
2634,漢翔,121,73,48,富邦-陽明,2024-01-10,9604
1515,力山,66,21,45,富邦-陽明,2024-01-10,9604
00933B,國泰10Y+金融債,45,0,45,富邦-陽明,2024-01-10,9604
2449,京元電子,52,8,44,富邦-陽明,2024-01-10,9604
2308,台達電,56,13,43,富邦-陽明,2024-01-10,9604
00904,新光臺灣半導體30,42,0,42,富邦-陽明,2024-01-10,9604
00770,國泰北美科技,48,9,39,富邦-陽明,2024-01-10,9604
00857B,永豐20年美公債,39,0,39,富邦-陽明,2024-01-10,9604
00891,中信關鍵半導體,43,4,39,富邦-陽明,2024-01-10,9604
2301,光寶科,77,39,38,富邦-陽明,2024-01-10,9604
3078,僑威,40,3,37,富邦-陽明,2024-01-10,9604
2603,長榮,109,72,37,富邦-陽明,2024-01-10,9604
00688L,國泰20年美債正2,37,0,37,富邦-陽明,2024-01-10,9604
2801,彰銀,39,3,36,富邦-陽明,2024-01-10,9604
2344,華邦電,56,21,35,富邦-陽明,2024-01-10,9604
2706,第一店,33,0,33,富邦-陽明,2024-01-10,9604
4123,晟德,32,0,32,富邦-陽明,2024-01-10,9604
2352,佳世達,59,28,31,富邦-陽明,2024-01-10,9604
2727,王品,32,1,31,富邦-陽明,2024-01-10,9604
2408,南亞科,42,12,30,富邦-陽明,2024-01-10,9604
00751B,元大AAA至A公司債,43,13,30,富邦-陽明,2024-01-10,9604
3036A,文曄甲特,30,2,28,富邦-陽明,2024-01-10,9604
2542,興富發,30,3,27,富邦-陽明,2024-01-10,9604
4306,炎洲,33,8,25,富邦-陽明,2024-01-10,9604
00929,復華台灣科技優息,1272,157,1115,富邦-陽明,2024-01-11,9604
00919,群益台灣精選高息,514,104,410,富邦-陽明,2024-01-11,9604
2834,臺企銀,206,34,172,富邦-陽明,2024-01-11,9604
2897,王道銀行,116,0,116,富邦-陽明,2024-01-11,9604
2408,南亞科,136,23,113,富邦-陽明,2024-01-11,9604
2449,京元電子,115,14,101,富邦-陽明,2024-01-11,9604
00673R,期元大S＆P原油反1,95,2,93,富邦-陽明,2024-01-11,9604
00927,群益半導體收益,86,1,85,富邦-陽明,2024-01-11,9604
5521,工信,120,36,84,富邦-陽明,2024-01-11,9604
2324,仁寶,110,35,75,富邦-陽明,2024-01-11,9604
2344,華邦電,95,21,74,富邦-陽明,2024-01-11,9604
00900,富邦特選高股息30,67,0,67,富邦-陽明,2024-01-11,9604
00937B,群益ESG投等債20,66,0,66,富邦-陽明,2024-01-11,9604
00720B,元大投資級公司債,83,21,62,富邦-陽明,2024-01-11,9604
9105,泰金寶-DR,58,0,58,富邦-陽明,2024-01-11,9604
5880,合庫金,70,15,55,富邦-陽明,2024-01-11,9604
0056,元大高股息,81,26,55,富邦-陽明,2024-01-11,9604
2443,昶虹,55,1,54,富邦-陽明,2024-01-11,9604
2883,凱基金,76,23,53,富邦-陽明,2024-01-11,9604
2903,遠百,56,4,52,富邦-陽明,2024-01-11,9604
1504,東元,52,4,48,富邦-陽明,2024-01-11,9604
6695,芯鼎,107,59,48,富邦-陽明,2024-01-11,9604
00637L,元大滬深300正2,250,204,46,富邦-陽明,2024-01-11,9604
00687B,國泰20年美債,48,5,43,富邦-陽明,2024-01-11,9604
2607,榮運,52,9,43,富邦-陽明,2024-01-11,9604
2889,國票金,50,11,39,富邦-陽明,2024-01-11,9604
2388,威盛,78,39,39,富邦-陽明,2024-01-11,9604
4402,郡都開發,46,7,39,富邦-陽明,2024-01-11,9604
00715L,期街口布蘭特正2,71,33,38,富邦-陽明,2024-01-11,9604
2105,正新,46,9,37,富邦-陽明,2024-01-11,9604
6239,力成,59,24,35,富邦-陽明,2024-01-11,9604
2882,國泰金,38,3,35,富邦-陽明,2024-01-11,9604
2317,鴻海,44,10,34,富邦-陽明,2024-01-11,9604
6116,彩晶,36,2,34,富邦-陽明,2024-01-11,9604
5425,台半,35,1,34,富邦-陽明,2024-01-11,9604
9921,巨大,33,0,33,富邦-陽明,2024-01-11,9604
6770,力積電,75,42,33,富邦-陽明,2024-01-11,9604
00679B,元大美債20年,60,27,33,富邦-陽明,2024-01-11,9604
00935,野村臺灣新科技50,31,0,31,富邦-陽明,2024-01-11,9604
00675L,富邦臺灣加權正2,31,0,31,富邦-陽明,2024-01-11,9604
6140,訊達,34,4,30,富邦-陽明,2024-01-11,9604
1795,美時,43,13,30,富邦-陽明,2024-01-11,9604
2204,中華,30,1,29,富邦-陽明,2024-01-11,9604
00688L,國泰20年美債正2,29,0,29,富邦-陽明,2024-01-11,9604
00881,國泰台灣5G+,34,6,28,富邦-陽明,2024-01-11,9604
020027,元大上櫃ESG成長N,28,0,28,富邦-陽明,2024-01-11,9604
2488,漢平,28,0,28,富邦-陽明,2024-01-11,9604
3287,廣寰科,75,49,26,富邦-陽明,2024-01-11,9604
2454,聯發科,31,5,26,富邦-陽明,2024-01-11,9604
3499,環天科,40,15,25,富邦-陽明,2024-01-11,9604
00929,復華台灣科技優息,783,155,628,富邦-陽明,2024-01-12,9604
2801,彰銀,403,0,403,富邦-陽明,2024-01-12,9604
00937B,群益ESG投等債20,267,62,205,富邦-陽明,2024-01-12,9604
2883,凱基金,222,27,195,富邦-陽明,2024-01-12,9604
2353,宏��,245,113,132,富邦-陽明,2024-01-12,9604
00878,國泰永續高股息,165,38,127,富邦-陽明,2024-01-12,9604
00715L,期街口布蘭特正2,150,41,109,富邦-陽明,2024-01-12,9604
00919,群益台灣精選高息,144,38,106,富邦-陽明,2024-01-12,9604
00927,群益半導體收益,104,0,104,富邦-陽明,2024-01-12,9604
0056,元大高股息,139,35,104,富邦-陽明,2024-01-12,9604
00688L,國泰20年美債正2,102,0,102,富邦-陽明,2024-01-12,9604
2486,一詮,254,160,94,富邦-陽明,2024-01-12,9604
3296,勝德,107,15,92,富邦-陽明,2024-01-12,9604
2208,台船,144,53,91,富邦-陽明,2024-01-12,9604
00650L,復華香港正2,166,85,81,富邦-陽明,2024-01-12,9604
2887,台新金,85,7,78,富邦-陽明,2024-01-12,9604
00680L,元大美債20正2,77,0,77,富邦-陽明,2024-01-12,9604
6125,廣運,81,4,77,富邦-陽明,2024-01-12,9604
2302,麗正,199,126,73,富邦-陽明,2024-01-12,9604
2449,京元電子,108,37,71,富邦-陽明,2024-01-12,9604
2891,中信金,75,4,71,富邦-陽明,2024-01-12,9604
00720B,元大投資級公司債,69,0,69,富邦-陽明,2024-01-12,9604
00891,中信關鍵半導體,74,6,68,富邦-陽明,2024-01-12,9604
00885,富邦越南,65,1,64,富邦-陽明,2024-01-12,9604
2468,華經,60,0,60,富邦-陽明,2024-01-12,9604
6770,力積電,57,8,49,富邦-陽明,2024-01-12,9604
2101,南港,52,4,48,富邦-陽明,2024-01-12,9604
1314,中石化,46,0,46,富邦-陽明,2024-01-12,9604
2371,大同,107,62,45,富邦-陽明,2024-01-12,9604
5426,振發,197,153,44,富邦-陽明,2024-01-12,9604
4402,郡都開發,48,5,43,富邦-陽明,2024-01-12,9604
00933B,國泰10Y+金融債,45,2,43,富邦-陽明,2024-01-12,9604
00713,元大台灣高息低波,42,1,41,富邦-陽明,2024-01-12,9604
1732,毛寶,39,1,38,富邦-陽明,2024-01-12,9604
2409,友達,46,9,37,富邦-陽明,2024-01-12,9604
00936,台新永續高息中小,37,0,37,富邦-陽明,2024-01-12,9604
00918,大華優利高填息30,37,1,36,富邦-陽明,2024-01-12,9604
00770,國泰北美科技,38,4,34,富邦-陽明,2024-01-12,9604
8111,立��,57,24,33,富邦-陽明,2024-01-12,9604
00881,國泰台灣5G+,53,20,33,富邦-陽明,2024-01-12,9604
3260,威剛,45,13,32,富邦-陽明,2024-01-12,9604
3037,欣興,46,14,32,富邦-陽明,2024-01-12,9604
00734B,台新JPM新興債,31,0,31,富邦-陽明,2024-01-12,9604
6219,富旺,75,44,31,富邦-陽明,2024-01-12,9604
00725B,國泰投資級公司債,45,15,30,富邦-陽明,2024-01-12,9604
00882,中信中國高股息,36,6,30,富邦-陽明,2024-01-12,9604
00665L,富邦�琤肭磪囓�2,92,63,29,富邦-陽明,2024-01-12,9604
2365,昆盈,38,9,29,富邦-陽明,2024-01-12,9604
5243,乙盛-KY,30,1,29,富邦-陽明,2024-01-12,9604
8096,擎亞,232,203,29,富邦-陽明,2024-01-12,9604
3231,緯創,584,181,403,富邦-陽明,2024-01-15,9604
00929,復華台灣科技優息,440,128,312,富邦-陽明,2024-01-15,9604
00937B,群益ESG投等債20,269,11,258,富邦-陽明,2024-01-15,9604
2888,新光金,225,32,193,富邦-陽明,2024-01-15,9604
0056,元大高股息,248,95,153,富邦-陽明,2024-01-15,9604
8210,勤誠,161,15,146,富邦-陽明,2024-01-15,9604
1310,台苯,133,0,133,富邦-陽明,2024-01-15,9604
2739,寒舍,139,7,132,富邦-陽明,2024-01-15,9604
2618,長榮航,162,41,121,富邦-陽明,2024-01-15,9604
00919,群益台灣精選高息,167,55,112,富邦-陽明,2024-01-15,9604
2610,華航,126,17,109,富邦-陽明,2024-01-15,9604
00720B,元大投資級公司債,103,4,99,富邦-陽明,2024-01-15,9604
00878,國泰永續高股息,112,16,96,富邦-陽明,2024-01-15,9604
2382,廣達,142,52,90,富邦-陽明,2024-01-15,9604
00753L,中信中國50正2,92,6,86,富邦-陽明,2024-01-15,9604
00881,國泰台灣5G+,82,6,76,富邦-陽明,2024-01-15,9604
00904,新光臺灣半導體30,80,6,74,富邦-陽明,2024-01-15,9604
00650L,復華香港正2,100,30,70,富邦-陽明,2024-01-15,9604
2101,南港,65,0,65,富邦-陽明,2024-01-15,9604
00688L,國泰20年美債正2,62,0,62,富邦-陽明,2024-01-15,9604
00715L,期街口布蘭特正2,70,10,60,富邦-陽明,2024-01-15,9604
00927,群益半導體收益,78,18,60,富邦-陽明,2024-01-15,9604
00687B,國泰20年美債,79,20,59,富邦-陽明,2024-01-15,9604
00712,復華富時不動產,72,19,53,富邦-陽明,2024-01-15,9604
2324,仁寶,81,30,51,富邦-陽明,2024-01-15,9604
00696B,富邦美債20年,50,0,50,富邦-陽明,2024-01-15,9604
00710B,復華彭博非投等債,62,15,47,富邦-陽明,2024-01-15,9604
8112,至上,77,31,46,富邦-陽明,2024-01-15,9604
2302,麗正,240,196,44,富邦-陽明,2024-01-15,9604
2014,中鴻,44,1,43,富邦-陽明,2024-01-15,9604
3622,洋華,71,29,42,富邦-陽明,2024-01-15,9604
2329,華泰,102,60,42,富邦-陽明,2024-01-15,9604
00679B,元大美債20年,48,8,40,富邦-陽明,2024-01-15,9604
00902,中信電池及儲能,40,0,40,富邦-陽明,2024-01-15,9604
2409,友達,42,5,37,富邦-陽明,2024-01-15,9604
2834,臺企銀,37,0,37,富邦-陽明,2024-01-15,9604
6283,淳安,36,0,36,富邦-陽明,2024-01-15,9604
3017,奇鋐,50,15,35,富邦-陽明,2024-01-15,9604
0050,元大台灣50,47,12,35,富邦-陽明,2024-01-15,9604
2634,漢翔,66,31,35,富邦-陽明,2024-01-15,9604
3706,神達,52,18,34,富邦-陽明,2024-01-15,9604
00725B,國泰投資級公司債,41,8,33,富邦-陽明,2024-01-15,9604
3312,弘憶股,40,7,33,富邦-陽明,2024-01-15,9604
8096,擎亞,134,101,33,富邦-陽明,2024-01-15,9604
1732,毛寶,33,1,32,富邦-陽明,2024-01-15,9604
00770,國泰北美科技,34,3,31,富邦-陽明,2024-01-15,9604
2887,台新金,37,6,31,富邦-陽明,2024-01-15,9604
2630,亞航,46,15,31,富邦-陽明,2024-01-15,9604
2353,宏��,108,78,30,富邦-陽明,2024-01-15,9604
020020,元大台股領航N,30,0,30,富邦-陽明,2024-01-15,9604
0056,元大高股息,562,10,552,富邦-陽明,2024-01-16,9604
2834,臺企銀,495,9,486,富邦-陽明,2024-01-16,9604
00929,復華台灣科技優息,459,34,425,富邦-陽明,2024-01-16,9604
2486,一詮,451,197,254,富邦-陽明,2024-01-16,9604
2883,凱基金,239,0,239,富邦-陽明,2024-01-16,9604
00919,群益台灣精選高息,221,22,199,富邦-陽明,2024-01-16,9604
00878,國泰永續高股息,326,190,136,富邦-陽明,2024-01-16,9604
2888,新光金,154,20,134,富邦-陽明,2024-01-16,9604
2353,宏��,276,144,132,富邦-陽明,2024-01-16,9604
2302,麗正,325,199,126,富邦-陽明,2024-01-16,9604
00881,國泰台灣5G+,120,1,119,富邦-陽明,2024-01-16,9604
00632R,元大台灣50反1,208,93,115,富邦-陽明,2024-01-16,9604
9904,寶成,115,7,108,富邦-陽明,2024-01-16,9604
00882,中信中國高股息,140,32,108,富邦-陽明,2024-01-16,9604
00650L,復華香港正2,197,92,105,富邦-陽明,2024-01-16,9604
1104,環泥,104,0,104,富邦-陽明,2024-01-16,9604
2890,永豐金,106,6,100,富邦-陽明,2024-01-16,9604
2867,三商壽,96,0,96,富邦-陽明,2024-01-16,9604
2344,華邦電,104,13,91,富邦-陽明,2024-01-16,9604
2101,南港,97,6,91,富邦-陽明,2024-01-16,9604
00665L,富邦�琤肭磪囓�2,161,76,85,富邦-陽明,2024-01-16,9604
2031,新光鋼,84,6,78,富邦-陽明,2024-01-16,9604
00927,群益半導體收益,77,0,77,富邦-陽明,2024-01-16,9604
2882,國泰金,77,2,75,富邦-陽明,2024-01-16,9604
00753L,中信中國50正2,73,1,72,富邦-陽明,2024-01-16,9604
00720B,元大投資級公司債,79,10,69,富邦-陽明,2024-01-16,9604
1524,耿鼎,65,2,63,富邦-陽明,2024-01-16,9604
00715L,期街口布蘭特正2,63,0,63,富邦-陽明,2024-01-16,9604
1314,中石化,80,21,59,富邦-陽明,2024-01-16,9604
2609,陽明,274,215,59,富邦-陽明,2024-01-16,9604
2881,富邦金,76,17,59,富邦-陽明,2024-01-16,9604
00688L,國泰20年美債正2,73,15,58,富邦-陽明,2024-01-16,9604
1101,台泥,68,11,57,富邦-陽明,2024-01-16,9604
1609,大亞,115,58,57,富邦-陽明,2024-01-16,9604
0050,元大台灣50,79,23,56,富邦-陽明,2024-01-16,9604
1326,台化,60,4,56,富邦-陽明,2024-01-16,9604
00770,國泰北美科技,60,6,54,富邦-陽明,2024-01-16,9604
4729,熒茂,50,0,50,富邦-陽明,2024-01-16,9604
00706L,期元大S＆P日圓正2,50,0,50,富邦-陽明,2024-01-16,9604
00937B,群益ESG投等債20,70,23,47,富邦-陽明,2024-01-16,9604
00935,野村臺灣新科技50,47,1,46,富邦-陽明,2024-01-16,9604
2308,台達電,46,0,46,富邦-陽明,2024-01-16,9604
2603,長榮,117,71,46,富邦-陽明,2024-01-16,9604
1301,台塑,65,20,45,富邦-陽明,2024-01-16,9604
2885,元大金,56,11,45,富邦-陽明,2024-01-16,9604
6695,芯鼎,189,145,44,富邦-陽明,2024-01-16,9604
2352,佳世達,54,11,43,富邦-陽明,2024-01-16,9604
9958,世紀鋼,130,87,43,富邦-陽明,2024-01-16,9604
2618,長榮航,76,33,43,富邦-陽明,2024-01-16,9604
00679B,元大美債20年,59,16,43,富邦-陽明,2024-01-16,9604
2344,華邦電,1084,56,1028,富邦-陽明,2024-01-17,9604
00929,復華台灣科技優息,940,211,729,富邦-陽明,2024-01-17,9604
00882,中信中國高股息,666,8,658,富邦-陽明,2024-01-17,9604
00919,群益台灣精選高息,657,181,476,富邦-陽明,2024-01-17,9604
2303,聯電,520,63,457,富邦-陽明,2024-01-17,9604
0056,元大高股息,675,345,330,富邦-陽明,2024-01-17,9604
00878,國泰永續高股息,321,23,298,富邦-陽明,2024-01-17,9604
00937B,群益ESG投等債20,298,23,275,富邦-陽明,2024-01-17,9604
00927,群益半導體收益,196,0,196,富邦-陽明,2024-01-17,9604
2882,國泰金,179,10,169,富邦-陽明,2024-01-17,9604
0050,元大台灣50,175,18,157,富邦-陽明,2024-01-17,9604
3706,神達,160,6,154,富邦-陽明,2024-01-17,9604
3090,日電貿,148,0,148,富邦-陽明,2024-01-17,9604
5880,合庫金,188,44,144,富邦-陽明,2024-01-17,9604
00679B,元大美債20年,178,40,138,富邦-陽明,2024-01-17,9604
8021,尖點,157,32,125,富邦-陽明,2024-01-17,9604
2371,大同,175,51,124,富邦-陽明,2024-01-17,9604
6243,迅杰,203,81,122,富邦-陽明,2024-01-17,9604
00934,中信成長高股息,124,3,121,富邦-陽明,2024-01-17,9604
2302,麗正,688,572,116,富邦-陽明,2024-01-17,9604
3231,緯創,340,232,108,富邦-陽明,2024-01-17,9604
00891,中信關鍵半導體,113,6,107,富邦-陽明,2024-01-17,9604
2323,中環,105,5,100,富邦-陽明,2024-01-17,9604
00935,野村臺灣新科技50,99,4,95,富邦-陽明,2024-01-17,9604
6770,力積電,111,22,89,富邦-陽明,2024-01-17,9604
00753L,中信中國50正2,165,76,89,富邦-陽明,2024-01-17,9604
2308,台達電,88,0,88,富邦-陽明,2024-01-17,9604
2881,富邦金,109,22,87,富邦-陽明,2024-01-17,9604
1528,恩德,110,25,85,富邦-陽明,2024-01-17,9604
00650L,復華香港正2,105,20,85,富邦-陽明,2024-01-17,9604
6116,彩晶,87,8,79,富邦-陽明,2024-01-17,9604
2887,台新金,109,34,75,富邦-陽明,2024-01-17,9604
2892,第一金,85,14,71,富邦-陽明,2024-01-17,9604
2356,英業達,115,45,70,富邦-陽明,2024-01-17,9604
00680L,元大美債20正2,88,18,70,富邦-陽明,2024-01-17,9604
00637L,元大滬深300正2,196,126,70,富邦-陽明,2024-01-17,9604
2801,彰銀,81,13,68,富邦-陽明,2024-01-17,9604
2002,中鋼,84,17,67,富邦-陽明,2024-01-17,9604
2486,一詮,195,130,65,富邦-陽明,2024-01-17,9604
00720B,元大投資級公司債,96,35,61,富邦-陽明,2024-01-17,9604
00881,國泰台灣5G+,69,9,60,富邦-陽明,2024-01-17,9604
00665L,富邦�琤肭磪囓�2,222,163,59,富邦-陽明,2024-01-17,9604
2618,長榮航,72,21,51,富邦-陽明,2024-01-17,9604
020034,元大IC設計N,50,0,50,富邦-陽明,2024-01-17,9604
020031,統一IC設計臺灣N,50,0,50,富邦-陽明,2024-01-17,9604
00918,大華優利高填息30,50,2,48,富邦-陽明,2024-01-17,9604
00725B,國泰投資級公司債,55,7,48,富邦-陽明,2024-01-17,9604
2610,華航,74,26,48,富邦-陽明,2024-01-17,9604
2886,兆豐金,101,54,47,富邦-陽明,2024-01-17,9604
2609,陽明,282,235,47,富邦-陽明,2024-01-17,9604
00929,復華台灣科技優息,596,116,480,富邦-陽明,2024-01-18,9604
2887,台新金,320,13,307,富邦-陽明,2024-01-18,9604
2801,彰銀,298,10,288,富邦-陽明,2024-01-18,9604
00687B,國泰20年美債,278,4,274,富邦-陽明,2024-01-18,9604
5880,合庫金,237,8,229,富邦-陽明,2024-01-18,9604
00937B,群益ESG投等債20,249,22,227,富邦-陽明,2024-01-18,9604
00919,群益台灣精選高息,322,115,207,富邦-陽明,2024-01-18,9604
0056,元大高股息,235,82,153,富邦-陽明,2024-01-18,9604
9958,世紀鋼,170,22,148,富邦-陽明,2024-01-18,9604
2882,國泰金,133,12,121,富邦-陽明,2024-01-18,9604
00882,中信中國高股息,123,10,113,富邦-陽明,2024-01-18,9604
1477,聚陽,102,4,98,富邦-陽明,2024-01-18,9604
2303,聯電,174,84,90,富邦-陽明,2024-01-18,9604
00725B,國泰投資級公司債,95,7,88,富邦-陽明,2024-01-18,9604
5328,華容,129,43,86,富邦-陽明,2024-01-18,9604
3231,緯創,304,221,83,富邦-陽明,2024-01-18,9604
00679B,元大美債20年,101,21,80,富邦-陽明,2024-01-18,9604
2313,華通,104,24,80,富邦-陽明,2024-01-18,9604
2382,廣達,143,67,76,富邦-陽明,2024-01-18,9604
6233,旺玖,90,17,73,富邦-陽明,2024-01-18,9604
3706,神達,95,24,71,富邦-陽明,2024-01-18,9604
5426,振發,359,294,65,富邦-陽明,2024-01-18,9604
2002,中鋼,77,11,66,富邦-陽明,2024-01-18,9604
1609,大亞,60,0,60,富邦-陽明,2024-01-18,9604
2324,仁寶,182,123,59,富邦-陽明,2024-01-18,9604
00632R,元大台灣50反1,181,124,57,富邦-陽明,2024-01-18,9604
8027,鈦昇,72,16,56,富邦-陽明,2024-01-18,9604
3324,雙鴻,68,12,56,富邦-陽明,2024-01-18,9604
2618,長榮航,104,48,56,富邦-陽明,2024-01-18,9604
5871,中租-KY,56,1,55,富邦-陽明,2024-01-18,9604
00878,國泰永續高股息,106,53,53,富邦-陽明,2024-01-18,9604
00927,群益半導體收益,53,1,52,富邦-陽明,2024-01-18,9604
2362,藍天,49,4,45,富邦-陽明,2024-01-18,9604
00680L,元大美債20正2,49,6,43,富邦-陽明,2024-01-18,9604
8112,至上,68,26,42,富邦-陽明,2024-01-18,9604
00665L,富邦�琤肭磪囓�2,124,84,40,富邦-陽明,2024-01-18,9604
2312,金寶,55,15,40,富邦-陽明,2024-01-18,9604
8096,擎亞,82,43,39,富邦-陽明,2024-01-18,9604
3035,智原,66,29,37,富邦-陽明,2024-01-18,9604
2371,大同,90,53,37,富邦-陽明,2024-01-18,9604
2368,金像電,41,4,37,富邦-陽明,2024-01-18,9604
4960,誠美材,137,103,34,富邦-陽明,2024-01-18,9604
2421,建準,47,14,33,富邦-陽明,2024-01-18,9604
00720B,元大投資級公司債,119,87,32,富邦-陽明,2024-01-18,9604
6505,台塑化,32,0,32,富邦-陽明,2024-01-18,9604
9904,寶成,43,13,30,富邦-陽明,2024-01-18,9604
4979,華星光,70,40,30,富邦-陽明,2024-01-18,9604
1711,永光,29,0,29,富邦-陽明,2024-01-18,9604
006205,富邦上証,30,2,28,富邦-陽明,2024-01-18,9604
6282,康舒,41,15,26,富邦-陽明,2024-01-18,9604
00929,復華台灣科技優息,647,73,574,富邦-陽明,2024-01-19,9604
00882,中信中國高股息,513,101,412,富邦-陽明,2024-01-19,9604
2834,臺企銀,241,2,239,富邦-陽明,2024-01-19,9604
00687B,國泰20年美債,225,33,192,富邦-陽明,2024-01-19,9604
2486,一詮,316,132,184,富邦-陽明,2024-01-19,9604
00679B,元大美債20年,201,27,174,富邦-陽明,2024-01-19,9604
00665L,富邦�琤肭磪囓�2,312,159,153,富邦-陽明,2024-01-19,9604
020031,統一IC設計臺灣N,150,0,150,富邦-陽明,2024-01-19,9604
00933B,國泰10Y+金融債,145,4,141,富邦-陽明,2024-01-19,9604
00937B,群益ESG投等債20,216,80,136,富邦-陽明,2024-01-19,9604
00688L,國泰20年美債正2,133,1,132,富邦-陽明,2024-01-19,9604
00720B,元大投資級公司債,158,40,118,富邦-陽明,2024-01-19,9604
00857B,永豐20年美公債,134,21,113,富邦-陽明,2024-01-19,9604
2344,華邦電,155,46,109,富邦-陽明,2024-01-19,9604
3706,神達,162,53,109,富邦-陽明,2024-01-19,9604
00673R,期元大S＆P原油反1,107,0,107,富邦-陽明,2024-01-19,9604
5439,高技,112,6,106,富邦-陽明,2024-01-19,9604
00885,富邦越南,124,22,102,富邦-陽明,2024-01-19,9604
2498,宏達電,106,4,102,富邦-陽明,2024-01-19,9604
00904,新光臺灣半導體30,116,22,94,富邦-陽明,2024-01-19,9604
6233,旺玖,163,75,88,富邦-陽明,2024-01-19,9604
0056,元大高股息,131,44,87,富邦-陽明,2024-01-19,9604
2208,台船,83,12,71,富邦-陽明,2024-01-19,9604
5347,世界,75,13,62,富邦-陽明,2024-01-19,9604
00931B,統一美債20年,105,46,59,富邦-陽明,2024-01-19,9604
00919,群益台灣精選高息,132,76,56,富邦-陽明,2024-01-19,9604
3530,晶相光,92,37,55,富邦-陽明,2024-01-19,9604
3548,兆利,59,5,54,富邦-陽明,2024-01-19,9604
1217,愛之味,53,0,53,富邦-陽明,2024-01-19,9604
2303,聯電,88,35,53,富邦-陽明,2024-01-19,9604
1809,中釉,60,8,52,富邦-陽明,2024-01-19,9604
6285,啟��,103,51,52,富邦-陽明,2024-01-19,9604
00706L,期元大S＆P日圓正2,51,0,51,富邦-陽明,2024-01-19,9604
2443,昶虹,51,0,51,富邦-陽明,2024-01-19,9604
2903,遠百,47,0,47,富邦-陽明,2024-01-19,9604
2002,中鋼,48,3,45,富邦-陽明,2024-01-19,9604
2409,友達,105,62,43,富邦-陽明,2024-01-19,9604
00753L,中信中國50正2,59,16,43,富邦-陽明,2024-01-19,9604
2610,華航,44,4,40,富邦-陽明,2024-01-19,9604
2882,國泰金,41,2,39,富邦-陽明,2024-01-19,9604
00725B,國泰投資級公司債,56,21,35,富邦-陽明,2024-01-19,9604
1101,台泥,51,17,34,富邦-陽明,2024-01-19,9604
1301,台塑,38,4,34,富邦-陽明,2024-01-19,9604
8034,榮群,54,20,34,富邦-陽明,2024-01-19,9604
4746,台耀,77,43,34,富邦-陽明,2024-01-19,9604
2887,台新金,66,34,32,富邦-陽明,2024-01-19,9604
4960,誠美材,54,23,31,富邦-陽明,2024-01-19,9604
2609,陽明,73,42,31,富邦-陽明,2024-01-19,9604
3035,智原,77,46,31,富邦-陽明,2024-01-19,9604
2615,萬海,33,3,30,富邦-陽明,2024-01-19,9604
2618,長榮航,488,60,428,富邦-陽明,2024-01-22,9604
0056,元大高股息,370,117,253,富邦-陽明,2024-01-22,9604
00665L,富邦�琤肭磪囓�2,330,102,228,富邦-陽明,2024-01-22,9604
00919,群益台灣精選高息,264,38,226,富邦-陽明,2024-01-22,9604
2303,聯電,425,220,205,富邦-陽明,2024-01-22,9604
00931B,統一美債20年,211,9,202,富邦-陽明,2024-01-22,9604
2329,華泰,575,396,179,富邦-陽明,2024-01-22,9604
00937B,群益ESG投等債20,180,11,169,富邦-陽明,2024-01-22,9604
2344,華邦電,204,50,154,富邦-陽明,2024-01-22,9604
8059,凱碩,226,75,151,富邦-陽明,2024-01-22,9604
020034,元大IC設計N,130,0,130,富邦-陽明,2024-01-22,9604
5880,合庫金,142,21,121,富邦-陽明,2024-01-22,9604
00688L,國泰20年美債正2,119,0,119,富邦-陽明,2024-01-22,9604
00650L,復華香港正2,131,17,114,富邦-陽明,2024-01-22,9604
00715L,期街口布蘭特正2,203,101,102,富邦-陽明,2024-01-22,9604
2884,玉山金,98,5,93,富邦-陽明,2024-01-22,9604
00733,富邦臺灣中小,92,0,92,富邦-陽明,2024-01-22,9604
2610,華航,92,4,88,富邦-陽明,2024-01-22,9604
2498,宏達電,103,21,82,富邦-陽明,2024-01-22,9604
00770,國泰北美科技,95,20,75,富邦-陽明,2024-01-22,9604
00680L,元大美債20正2,75,3,72,富邦-陽明,2024-01-22,9604
00933B,國泰10Y+金融債,72,1,71,富邦-陽明,2024-01-22,9604
1524,耿鼎,72,3,69,富邦-陽明,2024-01-22,9604
00712,復華富時不動產,58,0,58,富邦-陽明,2024-01-22,9604
2881,富邦金,63,5,58,富邦-陽明,2024-01-22,9604
2465,麗臺,79,23,56,富邦-陽明,2024-01-22,9604
00720B,元大投資級公司債,70,14,56,富邦-陽明,2024-01-22,9604
2867,三商壽,54,0,54,富邦-陽明,2024-01-22,9604
00751B,元大AAA至A公司債,54,3,51,富邦-陽明,2024-01-22,9604
2308,台達電,59,10,49,富邦-陽明,2024-01-22,9604
2059,川湖,58,11,47,富邦-陽明,2024-01-22,9604
3013,晟銘電,70,23,47,富邦-陽明,2024-01-22,9604
4114,健喬,47,1,46,富邦-陽明,2024-01-22,9604
5426,振發,94,51,43,富邦-陽明,2024-01-22,9604
5243,乙盛-KY,45,3,42,富邦-陽明,2024-01-22,9604
00679B,元大美債20年,50,8,42,富邦-陽明,2024-01-22,9604
2609,陽明,133,91,42,富邦-陽明,2024-01-22,9604
00687B,國泰20年美債,55,14,41,富邦-陽明,2024-01-22,9604
4109,加捷生醫,102,62,40,富邦-陽明,2024-01-22,9604
1795,美時,43,4,39,富邦-陽明,2024-01-22,9604
2880,華南金,39,0,39,富邦-陽明,2024-01-22,9604
2892,第一金,38,0,38,富邦-陽明,2024-01-22,9604
2408,南亞科,50,12,38,富邦-陽明,2024-01-22,9604
3217,優群,48,10,38,富邦-陽明,2024-01-22,9604
2883,凱基金,38,0,38,富邦-陽明,2024-01-22,9604
2316,楠梓電,103,66,37,富邦-陽明,2024-01-22,9604
2317,鴻海,44,7,37,富邦-陽明,2024-01-22,9604
3706,神達,250,217,33,富邦-陽明,2024-01-22,9604
1310,台苯,32,0,32,富邦-陽明,2024-01-22,9604
2486,一詮,50,20,30,富邦-陽明,2024-01-22,9604
2409,友達,1598,498,1100,富邦-陽明,2024-01-23,9604
6116,彩晶,727,203,524,富邦-陽明,2024-01-23,9604
3706,神達,401,55,346,富邦-陽明,2024-01-23,9604
6153,嘉聯益,300,1,299,富邦-陽明,2024-01-23,9604
2486,一詮,332,83,249,富邦-陽明,2024-01-23,9604
2609,陽明,173,67,106,富邦-陽明,2024-01-23,9604
2349,錸德,100,10,90,富邦-陽明,2024-01-23,9604
00679B,元大美債20年,94,4,90,富邦-陽明,2024-01-23,9604
3036,文曄,158,78,80,富邦-陽明,2024-01-23,9604
00937B,群益ESG投等債20,98,20,78,富邦-陽明,2024-01-23,9604
00637L,元大滬深300正2,125,47,78,富邦-陽明,2024-01-23,9604
00720B,元大投資級公司債,75,4,71,富邦-陽明,2024-01-23,9604
00919,群益台灣精選高息,72,2,70,富邦-陽明,2024-01-23,9604
00633L,富邦上証正2,99,31,68,富邦-陽明,2024-01-23,9604
00673R,期元大S＆P原油反1,64,0,64,富邦-陽明,2024-01-23,9604
00687B,國泰20年美債,70,6,64,富邦-陽明,2024-01-23,9604
2388,威盛,74,21,53,富邦-陽明,2024-01-23,9604
2344,華邦電,128,76,52,富邦-陽明,2024-01-23,9604
2618,長榮航,83,33,50,富邦-陽明,2024-01-23,9604
2367,燿華,51,2,49,富邦-陽明,2024-01-23,9604
3035,智原,67,19,48,富邦-陽明,2024-01-23,9604
8027,鈦昇,58,10,48,富邦-陽明,2024-01-23,9604
9958,世紀鋼,206,162,44,富邦-陽明,2024-01-23,9604
8011,台通,45,2,43,富邦-陽明,2024-01-23,9604
00752,中信中國50,42,0,42,富邦-陽明,2024-01-23,9604
1528,恩德,57,18,39,富邦-陽明,2024-01-23,9604
00696B,富邦美債20年,38,0,38,富邦-陽明,2024-01-23,9604
2332,友訊,50,14,36,富邦-陽明,2024-01-23,9604
00688L,國泰20年美債正2,35,0,35,富邦-陽明,2024-01-23,9604
4956,光鋐,51,16,35,富邦-陽明,2024-01-23,9604
00770,國泰北美科技,40,5,35,富邦-陽明,2024-01-23,9604
3615,安可,92,58,34,富邦-陽明,2024-01-23,9604
2101,南港,32,0,32,富邦-陽明,2024-01-23,9604
2316,楠梓電,58,27,31,富邦-陽明,2024-01-23,9604
8034,榮群,89,58,31,富邦-陽明,2024-01-23,9604
00680L,元大美債20正2,30,0,30,富邦-陽明,2024-01-23,9604
6127,九豪,44,15,29,富邦-陽明,2024-01-23,9604
1795,美時,67,39,28,富邦-陽明,2024-01-23,9604
00655L,國泰中國A50正2,47,20,27,富邦-陽明,2024-01-23,9604
8085,福華,30,4,26,富邦-陽明,2024-01-23,9604
3354,律勝,145,119,26,富邦-陽明,2024-01-23,9604
5443,均豪,41,16,25,富邦-陽明,2024-01-23,9604
00933B,國泰10Y+金融債,37,12,25,富邦-陽明,2024-01-23,9604
00915,凱基優選高股息30,26,3,23,富邦-陽明,2024-01-23,9604
3321,同泰,25,2,23,富邦-陽明,2024-01-23,9604
2882,國泰金,29,6,23,富邦-陽明,2024-01-23,9604
2324,仁寶,96,74,22,富邦-陽明,2024-01-23,9604
2454,聯發科,23,1,22,富邦-陽明,2024-01-23,9604
6218,豪勉,29,7,22,富邦-陽明,2024-01-23,9604
9105,泰金寶-DR,26,5,21,富邦-陽明,2024-01-23,9604
2369,菱生,627,108,519,富邦-陽明,2024-01-24,9604
00687B,國泰20年美債,303,3,300,富邦-陽明,2024-01-24,9604
2409,友達,283,27,256,富邦-陽明,2024-01-24,9604
00715L,期街口布蘭特正2,201,0,201,富邦-陽明,2024-01-24,9604
00632R,元大台灣50反1,189,0,189,富邦-陽明,2024-01-24,9604
00937B,群益ESG投等債20,290,117,173,富邦-陽明,2024-01-24,9604
00637L,元大滬深300正2,185,53,132,富邦-陽明,2024-01-24,9604
00679B,元大美債20年,115,5,110,富邦-陽明,2024-01-24,9604
2324,仁寶,155,50,105,富邦-陽明,2024-01-24,9604
00633L,富邦上証正2,139,36,103,富邦-陽明,2024-01-24,9604
2884,玉山金,104,4,100,富邦-陽明,2024-01-24,9604
00720B,元大投資級公司債,95,7,88,富邦-陽明,2024-01-24,9604
2356,英業達,241,157,84,富邦-陽明,2024-01-24,9604
2374,佳能,93,13,80,富邦-陽明,2024-01-24,9604
5371,中光電,55,0,55,富邦-陽明,2024-01-24,9604
2883,凱基金,68,14,54,富邦-陽明,2024-01-24,9604
8936,國統,77,23,54,富邦-陽明,2024-01-24,9604
00882,中信中國高股息,63,12,51,富邦-陽明,2024-01-24,9604
8034,榮群,100,50,50,富邦-陽明,2024-01-24,9604
00933B,國泰10Y+金融債,129,80,49,富邦-陽明,2024-01-24,9604
1101,台泥,38,1,37,富邦-陽明,2024-01-24,9604
4157,太景*-KY,37,0,37,富邦-陽明,2024-01-24,9604
8011,台通,37,1,36,富邦-陽明,2024-01-24,9604
9958,世紀鋼,127,91,36,富邦-陽明,2024-01-24,9604
2486,一詮,153,118,35,富邦-陽明,2024-01-24,9604
2504,國產,46,11,35,富邦-陽明,2024-01-24,9604
00655L,國泰中國A50正2,76,41,35,富邦-陽明,2024-01-24,9604
3545,敦泰,41,7,34,富邦-陽明,2024-01-24,9604
3260,威剛,89,56,33,富邦-陽明,2024-01-24,9604
3090,日電貿,33,0,33,富邦-陽明,2024-01-24,9604
2002,中鋼,94,61,33,富邦-陽明,2024-01-24,9604
4967,十銓,34,2,32,富邦-陽明,2024-01-24,9604
6190,萬泰科,32,1,31,富邦-陽明,2024-01-24,9604
1560,中砂,31,1,30,富邦-陽明,2024-01-24,9604
3504,揚明光,132,103,29,富邦-陽明,2024-01-24,9604
1314,中石化,30,1,29,富邦-陽明,2024-01-24,9604
3149,正達,48,20,28,富邦-陽明,2024-01-24,9604
2421,建準,82,54,28,富邦-陽明,2024-01-24,9604
2353,宏��,310,282,28,富邦-陽明,2024-01-24,9604
1303,南亞,29,2,27,富邦-陽明,2024-01-24,9604
3607,谷崧,31,4,27,富邦-陽明,2024-01-24,9604
3114,好德,28,1,27,富邦-陽明,2024-01-24,9604
00770,國泰北美科技,27,4,23,富邦-陽明,2024-01-24,9604
3380,明泰,33,10,23,富邦-陽明,2024-01-24,9604
2385,群光,25,2,23,富邦-陽明,2024-01-24,9604
00688L,國泰20年美債正2,22,0,22,富邦-陽明,2024-01-24,9604
2344,華邦電,88,66,22,富邦-陽明,2024-01-24,9604
006205,富邦上証,22,0,22,富邦-陽明,2024-01-24,9604
3706,神達,256,235,21,富邦-陽明,2024-01-24,9604
2890,永豐金,21,1,20,富邦-陽明,2024-01-24,9604
3481,群創,1174,233,941,富邦-陽明,2024-01-25,9604
00665L,富邦�琤肭磪囓�2,573,176,397,富邦-陽明,2024-01-25,9604
00687B,國泰20年美債,277,22,255,富邦-陽明,2024-01-25,9604
00937B,群益ESG投等債20,209,10,199,富邦-陽明,2024-01-25,9604
00753L,中信中國50正2,418,243,175,富邦-陽明,2024-01-25,9604
00720B,元大投資級公司債,176,44,132,富邦-陽明,2024-01-25,9604
2486,一詮,167,44,123,富邦-陽明,2024-01-25,9604
00679B,元大美債20年,112,3,109,富邦-陽明,2024-01-25,9604
00676R,富邦臺灣加權反1,100,0,100,富邦-陽明,2024-01-25,9604
00637L,元大滬深300正2,315,226,89,富邦-陽明,2024-01-25,9604
3231,緯創,809,722,87,富邦-陽明,2024-01-25,9604
2883,凱基金,91,10,81,富邦-陽明,2024-01-25,9604
8105,凌巨,85,4,81,富邦-陽明,2024-01-25,9604
3038,全台,130,51,79,富邦-陽明,2024-01-25,9604
2356,英業達,233,155,78,富邦-陽明,2024-01-25,9604
2504,國產,77,3,74,富邦-陽明,2024-01-25,9604
2369,菱生,91,18,73,富邦-陽明,2024-01-25,9604
2027,大成鋼,82,11,71,富邦-陽明,2024-01-25,9604
00673R,期元大S＆P原油反1,68,0,68,富邦-陽明,2024-01-25,9604
00857B,永豐20年美公債,65,0,65,富邦-陽明,2024-01-25,9604
8096,擎亞,484,424,60,富邦-陽明,2024-01-25,9604
00751B,元大AAA至A公司債,60,1,59,富邦-陽明,2024-01-25,9604
2382,廣達,123,78,45,富邦-陽明,2024-01-25,9604
5234,達興材料,45,2,43,富邦-陽明,2024-01-25,9604
5443,均豪,46,3,43,富邦-陽明,2024-01-25,9604
6191,精成科,44,1,43,富邦-陽明,2024-01-25,9604
00878,國泰永續高股息,212,173,39,富邦-陽明,2024-01-25,9604
3149,正達,54,17,37,富邦-陽明,2024-01-25,9604
00725B,國泰投資級公司債,37,1,36,富邦-陽明,2024-01-25,9604
3450,聯鈞,63,27,36,富邦-陽明,2024-01-25,9604
2344,華邦電,97,61,36,富邦-陽明,2024-01-25,9604
2201,裕隆,41,7,34,富邦-陽明,2024-01-25,9604
4956,光鋐,74,41,33,富邦-陽明,2024-01-25,9604
3090,日電貿,33,0,33,富邦-陽明,2024-01-25,9604
00633L,富邦上証正2,87,54,33,富邦-陽明,2024-01-25,9604
6282,康舒,41,11,30,富邦-陽明,2024-01-25,9604
2836,高雄銀,30,0,30,富邦-陽明,2024-01-25,9604
5474,聰泰,30,0,30,富邦-陽明,2024-01-25,9604
3673,TPK-KY,34,4,30,富邦-陽明,2024-01-25,9604
1101,台泥,32,3,29,富邦-陽明,2024-01-25,9604
2630,亞航,30,1,29,富邦-陽明,2024-01-25,9604
2485,兆赫,25,0,25,富邦-陽明,2024-01-25,9604
3321,同泰,25,0,25,富邦-陽明,2024-01-25,9604
2308,台達電,31,6,25,富邦-陽明,2024-01-25,9604
00764B,群益25年美債,24,0,24,富邦-陽明,2024-01-25,9604
9958,世紀鋼,40,16,24,富邦-陽明,2024-01-25,9604
6265,方土昶,38,14,24,富邦-陽明,2024-01-25,9604
00862B,中信投資級公司債,23,0,23,富邦-陽明,2024-01-25,9604
2383,台光電,26,4,22,富邦-陽明,2024-01-25,9604
1301,台塑,25,3,22,富邦-陽明,2024-01-25,9604
2303,聯電,499,41,458,富邦-陽明,2024-01-26,9604
00937B,群益ESG投等債20,313,20,293,富邦-陽明,2024-01-26,9604
00673R,期元大S＆P原油反1,272,0,272,富邦-陽明,2024-01-26,9604
00665L,富邦�琤肭磪囓�2,320,76,244,富邦-陽明,2024-01-26,9604
00687B,國泰20年美債,216,5,211,富邦-陽明,2024-01-26,9604
00919,群益台灣精選高息,200,31,169,富邦-陽明,2024-01-26,9604
2324,仁寶,244,89,155,富邦-陽明,2024-01-26,9604
00929,復華台灣科技優息,198,83,115,富邦-陽明,2024-01-26,9604
00679B,元大美債20年,91,2,89,富邦-陽明,2024-01-26,9604
6835,圓裕,89,0,89,富邦-陽明,2024-01-26,9604
00632R,元大台灣50反1,85,1,84,富邦-陽明,2024-01-26,9604
6164,華興,83,0,83,富邦-陽明,2024-01-26,9604
00857B,永豐20年美公債,78,1,77,富邦-陽明,2024-01-26,9604
00878,國泰永續高股息,148,73,75,富邦-陽明,2024-01-26,9604
2002,中鋼,92,17,75,富邦-陽明,2024-01-26,9604
3360,尚立,158,90,68,富邦-陽明,2024-01-26,9604
2382,廣達,164,97,67,富邦-陽明,2024-01-26,9604
00882,中信中國高股息,102,40,62,富邦-陽明,2024-01-26,9604
5443,均豪,61,2,59,富邦-陽明,2024-01-26,9604
8936,國統,82,25,57,富邦-陽明,2024-01-26,9604
00650L,復華香港正2,62,6,56,富邦-陽明,2024-01-26,9604
2618,長榮航,100,48,52,富邦-陽明,2024-01-26,9604
4157,太景*-KY,55,3,52,富邦-陽明,2024-01-26,9604
00753L,中信中國50正2,58,10,48,富邦-陽明,2024-01-26,9604
2359,所羅門,49,1,48,富邦-陽明,2024-01-26,9604
2344,華邦電,86,40,46,富邦-陽明,2024-01-26,9604
4939,亞電,41,1,40,富邦-陽明,2024-01-26,9604
3090,日電貿,40,0,40,富邦-陽明,2024-01-26,9604
3354,律勝,57,17,40,富邦-陽明,2024-01-26,9604
8059,凱碩,85,46,39,富邦-陽明,2024-01-26,9604
8096,擎亞,126,88,38,富邦-陽明,2024-01-26,9604
3231,緯創,506,469,37,富邦-陽明,2024-01-26,9604
2836,高雄銀,34,0,34,富邦-陽明,2024-01-26,9604
5469,瀚宇博,50,16,34,富邦-陽明,2024-01-26,9604
00680L,元大美債20正2,37,5,32,富邦-陽明,2024-01-26,9604
3312,弘憶股,37,6,31,富邦-陽明,2024-01-26,9604
2031,新光鋼,32,1,31,富邦-陽明,2024-01-26,9604
3005,神基,42,12,30,富邦-陽明,2024-01-26,9604
00676R,富邦臺灣加權反1,30,0,30,富邦-陽明,2024-01-26,9604
2888,新光金,49,21,28,富邦-陽明,2024-01-26,9604
2486,一詮,122,94,28,富邦-陽明,2024-01-26,9604
8032,光菱,28,0,28,富邦-陽明,2024-01-26,9604
1316,上曜,140,112,28,富邦-陽明,2024-01-26,9604
3483,力致,28,1,27,富邦-陽明,2024-01-26,9604
2431,聯昌,44,17,27,富邦-陽明,2024-01-26,9604
5426,振發,190,163,27,富邦-陽明,2024-01-26,9604
2353,宏��,172,145,27,富邦-陽明,2024-01-26,9604
2365,昆盈,283,257,26,富邦-陽明,2024-01-26,9604
00918,大華優利高填息30,25,0,25,富邦-陽明,2024-01-26,9604
4123,晟德,26,1,25,富邦-陽明,2024-01-26,9604
00687B,國泰20年美債,404,10,394,富邦-陽明,2024-01-29,9604
00937B,群益ESG投等債20,382,0,382,富邦-陽明,2024-01-29,9604
00751B,元大AAA至A公司債,189,2,187,富邦-陽明,2024-01-29,9604
00679B,元大美債20年,195,20,175,富邦-陽明,2024-01-29,9604
00753L,中信中國50正2,298,124,174,富邦-陽明,2024-01-29,9604
00857B,永豐20年美公債,172,0,172,富邦-陽明,2024-01-29,9604
00673R,期元大S＆P原油反1,221,50,171,富邦-陽明,2024-01-29,9604
00680L,元大美債20正2,180,35,145,富邦-陽明,2024-01-29,9604
3296,勝德,100,5,95,富邦-陽明,2024-01-29,9604
00725B,國泰投資級公司債,86,0,86,富邦-陽明,2024-01-29,9604
2867,三商壽,76,5,71,富邦-陽明,2024-01-29,9604
2356,英業達,135,66,69,富邦-陽明,2024-01-29,9604
00632R,元大台灣50反1,100,34,66,富邦-陽明,2024-01-29,9604
00688L,國泰20年美債正2,63,1,62,富邦-陽明,2024-01-29,9604
00933B,國泰10Y+金融債,102,50,52,富邦-陽明,2024-01-29,9604
00720B,元大投資級公司債,67,20,47,富邦-陽明,2024-01-29,9604
2537,聯上發,51,4,47,富邦-陽明,2024-01-29,9604
3055,蔚華科,50,6,44,富邦-陽明,2024-01-29,9604
4157,太景*-KY,40,0,40,富邦-陽明,2024-01-29,9604
6788,華景電,40,0,40,富邦-陽明,2024-01-29,9604
00696B,富邦美債20年,47,10,37,富邦-陽明,2024-01-29,9604
2303,聯電,145,108,37,富邦-陽明,2024-01-29,9604
6016,康和證,37,1,36,富邦-陽明,2024-01-29,9604
2610,華航,312,278,34,富邦-陽明,2024-01-29,9604
3090,日電貿,32,0,32,富邦-陽明,2024-01-29,9604
2355,敬鵬,52,21,31,富邦-陽明,2024-01-29,9604
8996,高力,64,33,31,富邦-陽明,2024-01-29,9604
4909,新復興,68,37,31,富邦-陽明,2024-01-29,9604
5426,振發,73,43,30,富邦-陽明,2024-01-29,9604
5443,均豪,50,21,29,富邦-陽明,2024-01-29,9604
6219,富旺,28,0,28,富邦-陽明,2024-01-29,9604
2337,旺宏,34,9,25,富邦-陽明,2024-01-29,9604
4113,聯上,25,0,25,富邦-陽明,2024-01-29,9604
00795B,中信美國公債20年,24,0,24,富邦-陽明,2024-01-29,9604
1101,台泥,28,5,23,富邦-陽明,2024-01-29,9604
6117,迎廣,26,4,22,富邦-陽明,2024-01-29,9604
8150,南茂,53,31,22,富邦-陽明,2024-01-29,9604
6223,旺矽,25,3,22,富邦-陽明,2024-01-29,9604
00746B,富邦A級公司債,21,0,21,富邦-陽明,2024-01-29,9604
4804,大略-KY,21,0,21,富邦-陽明,2024-01-29,9604
6179,亞通,40,19,21,富邦-陽明,2024-01-29,9604
8033,雷虎,20,0,20,富邦-陽明,2024-01-29,9604
2809,京城銀,20,0,20,富邦-陽明,2024-01-29,9604
00639,富邦深100,20,0,20,富邦-陽明,2024-01-29,9604
6213,聯茂,21,1,20,富邦-陽明,2024-01-29,9604
8044,網家,20,0,20,富邦-陽明,2024-01-29,9604
00636,國泰中國A50,32,13,19,富邦-陽明,2024-01-29,9604
8068,全達,19,1,18,富邦-陽明,2024-01-29,9604
2739,寒舍,44,26,18,富邦-陽明,2024-01-29,9604
8936,國統,31,13,18,富邦-陽明,2024-01-29,9604
2303,聯電,1042,10,1032,富邦-陽明,2024-01-30,9604
00882,中信中國高股息,676,17,659,富邦-陽明,2024-01-30,9604
00919,群益台灣精選高息,776,156,620,富邦-陽明,2024-01-30,9604
00937B,群益ESG投等債20,220,20,200,富邦-陽明,2024-01-30,9604
00637L,元大滬深300正2,204,34,170,富邦-陽明,2024-01-30,9604
00933B,國泰10Y+金融債,163,2,161,富邦-陽明,2024-01-30,9604
2867,三商壽,157,0,157,富邦-陽明,2024-01-30,9604
00665L,富邦�琤肭磪囓�2,144,4,140,富邦-陽明,2024-01-30,9604
00680L,元大美債20正2,152,13,139,富邦-陽明,2024-01-30,9604
00751B,元大AAA至A公司債,145,8,137,富邦-陽明,2024-01-30,9604
00679B,元大美債20年,131,6,125,富邦-陽明,2024-01-30,9604
00687B,國泰20年美債,160,37,123,富邦-陽明,2024-01-30,9604
00688L,國泰20年美債正2,115,6,109,富邦-陽明,2024-01-30,9604
3324,雙鴻,153,53,100,富邦-陽明,2024-01-30,9604
8996,高力,120,49,71,富邦-陽明,2024-01-30,9604
4147,中裕,70,2,68,富邦-陽明,2024-01-30,9604
2882,國泰金,67,1,66,富邦-陽明,2024-01-30,9604
00655L,國泰中國A50正2,78,13,65,富邦-陽明,2024-01-30,9604
2369,菱生,128,65,63,富邦-陽明,2024-01-30,9604
2883,凱基金,85,23,62,富邦-陽明,2024-01-30,9604
6770,力積電,68,6,62,富邦-陽明,2024-01-30,9604
00752,中信中國50,64,3,61,富邦-陽明,2024-01-30,9604
5426,振發,131,75,56,富邦-陽明,2024-01-30,9604
9945,潤泰新,49,1,48,富邦-陽明,2024-01-30,9604
4729,熒茂,68,21,47,富邦-陽明,2024-01-30,9604
00636,國泰中國A50,44,0,44,富邦-陽明,2024-01-30,9604
00725B,國泰投資級公司債,47,4,43,富邦-陽明,2024-01-30,9604
2880,華南金,53,10,43,富邦-陽明,2024-01-30,9604
2405,輔信,46,6,40,富邦-陽明,2024-01-30,9604
2892,第一金,40,2,38,富邦-陽明,2024-01-30,9604
3005,神基,41,3,38,富邦-陽明,2024-01-30,9604
8064,東捷,94,56,38,富邦-陽明,2024-01-30,9604
4938,和碩,45,8,37,富邦-陽明,2024-01-30,9604
00720B,元大投資級公司債,51,15,36,富邦-陽明,2024-01-30,9604
1101,台泥,37,3,34,富邦-陽明,2024-01-30,9604
2887,台新金,39,6,33,富邦-陽明,2024-01-30,9604
2337,旺宏,51,17,34,富邦-陽明,2024-01-30,9604
2344,華邦電,65,32,33,富邦-陽明,2024-01-30,9604
1515,力山,35,3,32,富邦-陽明,2024-01-30,9604
00753L,中信中國50正2,87,55,32,富邦-陽明,2024-01-30,9604
2408,南亞科,33,2,31,富邦-陽明,2024-01-30,9604
1528,恩德,30,0,30,富邦-陽明,2024-01-30,9604
2324,仁寶,46,17,29,富邦-陽明,2024-01-30,9604
2421,建準,182,155,27,富邦-陽明,2024-01-30,9604
2915,潤泰全,27,0,27,富邦-陽明,2024-01-30,9604
6465,威潤,41,14,27,富邦-陽明,2024-01-30,9604
2609,陽明,64,37,27,富邦-陽明,2024-01-30,9604
00885,富邦越南,35,9,26,富邦-陽明,2024-01-30,9604
3587,閎康,37,11,26,富邦-陽明,2024-01-30,9604
6219,富旺,27,1,26,富邦-陽明,2024-01-30,9604
00937B,群益ESG投等債20,396,11,385,富邦-陽明,2024-01-31,9604
00687B,國泰20年美債,288,48,240,富邦-陽明,2024-01-31,9604
3231,緯創,539,369,170,富邦-陽明,2024-01-31,9604
00680L,元大美債20正2,170,18,152,富邦-陽明,2024-01-31,9604
2883,凱基金,165,14,151,富邦-陽明,2024-01-31,9604
2303,聯電,213,69,144,富邦-陽明,2024-01-31,9604
00919,群益台灣精選高息,135,21,114,富邦-陽明,2024-01-31,9604
00931B,統一美債20年,106,1,105,富邦-陽明,2024-01-31,9604
00650L,復華香港正2,118,15,103,富邦-陽明,2024-01-31,9604
00679B,元大美債20年,104,16,88,富邦-陽明,2024-01-31,9604
2327,國巨,80,1,79,富邦-陽明,2024-01-31,9604
2888,新光金,162,84,78,富邦-陽明,2024-01-31,9604
2330,台積電,176,99,77,富邦-陽明,2024-01-31,9604
2356,英業達,145,70,75,富邦-陽明,2024-01-31,9604
2101,南港,64,0,64,富邦-陽明,2024-01-31,9604
3090,日電貿,62,0,62,富邦-陽明,2024-01-31,9604
2609,陽明,102,44,58,富邦-陽明,2024-01-31,9604
00753L,中信中國50正2,82,24,58,富邦-陽明,2024-01-31,9604
00688L,國泰20年美債正2,165,111,54,富邦-陽明,2024-01-31,9604
2634,漢翔,79,30,49,富邦-陽明,2024-01-31,9604
2812,台中銀,50,3,47,富邦-陽明,2024-01-31,9604
00891,中信關鍵半導體,52,5,47,富邦-陽明,2024-01-31,9604
00927,群益半導體收益,51,5,46,富邦-陽明,2024-01-31,9604
3545,敦泰,66,21,45,富邦-陽明,2024-01-31,9604
2385,群光,47,4,43,富邦-陽明,2024-01-31,9604
00720B,元大投資級公司債,53,11,42,富邦-陽明,2024-01-31,9604
2880,華南金,43,1,42,富邦-陽明,2024-01-31,9604
3376,新日興,73,32,41,富邦-陽明,2024-01-31,9604
2367,燿華,43,3,40,富邦-陽明,2024-01-31,9604
2618,長榮航,77,37,40,富邦-陽明,2024-01-31,9604
9105,泰金寶-DR,42,3,39,富邦-陽明,2024-01-31,9604
2834,臺企銀,53,16,37,富邦-陽明,2024-01-31,9604
00933B,國泰10Y+金融債,62,25,37,富邦-陽明,2024-01-31,9604
00882,中信中國高股息,57,21,36,富邦-陽明,2024-01-31,9604
2313,華通,44,9,35,富邦-陽明,2024-01-31,9604
2352,佳世達,43,8,35,富邦-陽明,2024-01-31,9604
2308,台達電,36,2,34,富邦-陽明,2024-01-31,9604
00772B,中信高評級公司債,39,5,34,富邦-陽明,2024-01-31,9604
8996,高力,37,5,32,富邦-陽明,2024-01-31,9604
2382,廣達,117,86,31,富邦-陽明,2024-01-31,9604
2889,國票金,35,6,29,富邦-陽明,2024-01-31,9604
2002,中鋼,42,14,28,富邦-陽明,2024-01-31,9604
3605,宏致,33,5,28,富邦-陽明,2024-01-31,9604
00761B,國泰A級公司債,27,0,27,富邦-陽明,2024-01-31,9604
4906,正文,28,2,26,富邦-陽明,2024-01-31,9604
00676R,富邦臺灣加權反1,25,0,25,富邦-陽明,2024-01-31,9604
3481,群創,77,53,24,富邦-陽明,2024-01-31,9604
6770,力積電,27,4,23,富邦-陽明,2024-01-31,9604
0050,元大台灣50,35,12,23,富邦-陽明,2024-01-31,9604
00878,國泰永續高股息,84,61,23,富邦-陽明,2024-01-31,9604
00937B,群益ESG投等債20,430,70,360,富邦-陽明,2024-02-01,9604
2888,新光金,324,46,278,富邦-陽明,2024-02-01,9604
00882,中信中國高股息,283,12,271,富邦-陽明,2024-02-01,9604
00878,國泰永續高股息,277,97,180,富邦-陽明,2024-02-01,9604
00712,復華富時不動產,163,5,158,富邦-陽明,2024-02-01,9604
00929,復華台灣科技優息,206,49,157,富邦-陽明,2024-02-01,9604
2327,國巨,151,1,150,富邦-陽明,2024-02-01,9604
00933B,國泰10Y+金融債,163,20,143,富邦-陽明,2024-02-01,9604
00715L,期街口布蘭特正2,116,11,105,富邦-陽明,2024-02-01,9604
00632R,元大台灣50反1,153,52,101,富邦-陽明,2024-02-01,9604
8936,國統,234,151,83,富邦-陽明,2024-02-01,9604
00891,中信關鍵半導體,112,34,78,富邦-陽明,2024-02-01,9604
00679B,元大美債20年,143,68,75,富邦-陽明,2024-02-01,9604
2886,兆豐金,104,39,65,富邦-陽明,2024-02-01,9604
2409,友達,406,342,64,富邦-陽明,2024-02-01,9604
8111,立��,88,24,64,富邦-陽明,2024-02-01,9604
2812,台中銀,372,308,64,富邦-陽明,2024-02-01,9604
8059,凱碩,65,5,60,富邦-陽明,2024-02-01,9604
2303,聯電,117,61,56,富邦-陽明,2024-02-01,9604
9958,世紀鋼,58,5,53,富邦-陽明,2024-02-01,9604
00919,群益台灣精選高息,74,24,50,富邦-陽明,2024-02-01,9604
2330,台積電,115,67,48,富邦-陽明,2024-02-01,9604
00671R,富邦NASDAQ反1,50,4,46,富邦-陽明,2024-02-01,9604
2486,一詮,160,118,42,富邦-陽明,2024-02-01,9604
2607,榮運,43,2,41,富邦-陽明,2024-02-01,9604
2337,旺宏,39,3,36,富邦-陽明,2024-02-01,9604
00706L,期元大S＆P日圓正2,33,0,33,富邦-陽明,2024-02-01,9604
2867,三商壽,30,0,30,富邦-陽明,2024-02-01,9604
1259,安心,29,0,29,富邦-陽明,2024-02-01,9604
00753L,中信中國50正2,197,168,29,富邦-陽明,2024-02-01,9604
4157,太景*-KY,30,2,28,富邦-陽明,2024-02-01,9604
1477,聚陽,27,0,27,富邦-陽明,2024-02-01,9604
5512,力麒,35,9,26,富邦-陽明,2024-02-01,9604
1514,亞力,35,10,25,富邦-陽明,2024-02-01,9604
8096,擎亞,35,11,24,富邦-陽明,2024-02-01,9604
8227,巨有科技,44,21,23,富邦-陽明,2024-02-01,9604
6530,創威,42,19,23,富邦-陽明,2024-02-01,9604
9919,康那香,36,14,22,富邦-陽明,2024-02-01,9604
8027,鈦昇,34,12,22,富邦-陽明,2024-02-01,9604
00665L,富邦�琤肭磪囓�2,348,327,21,富邦-陽明,2024-02-01,9604
00885,富邦越南,27,5,22,富邦-陽明,2024-02-01,9604
2454,聯發科,41,20,21,富邦-陽明,2024-02-01,9604
8011,台通,68,47,21,富邦-陽明,2024-02-01,9604
3305,昇貿,38,17,21,富邦-陽明,2024-02-01,9604
6863,永道-KY,20,0,20,富邦-陽明,2024-02-01,9604
1609,大亞,29,9,20,富邦-陽明,2024-02-01,9604
00636,國泰中國A50,20,1,19,富邦-陽明,2024-02-01,9604
2344,華邦電,42,23,19,富邦-陽明,2024-02-01,9604
1217,愛之味,20,2,18,富邦-陽明,2024-02-01,9604
6443,元晶,18,0,18,富邦-陽明,2024-02-01,9604
00919,群益台灣精選高息,896,121,775,富邦-陽明,2024-02-02,9604
00937B,群益ESG投等債20,678,31,647,富邦-陽明,2024-02-02,9604
00933B,國泰10Y+金融債,401,0,401,富邦-陽明,2024-02-02,9604
00680L,元大美債20正2,295,31,264,富邦-陽明,2024-02-02,9604
00688L,國泰20年美債正2,210,6,204,富邦-陽明,2024-02-02,9604
2486,一詮,158,17,141,富邦-陽明,2024-02-02,9604
00715L,期街口布蘭特正2,137,0,137,富邦-陽明,2024-02-02,9604
1514,亞力,155,28,127,富邦-陽明,2024-02-02,9604
5457,宣德,135,10,125,富邦-陽明,2024-02-02,9604
2324,仁寶,158,36,122,富邦-陽明,2024-02-02,9604
2609,陽明,126,23,103,富邦-陽明,2024-02-02,9604
2603,長榮,547,453,94,富邦-陽明,2024-02-02,9604
00665L,富邦�琤肭磪囓�2,446,353,93,富邦-陽明,2024-02-02,9604
2890,永豐金,95,4,91,富邦-陽明,2024-02-02,9604
3324,雙鴻,123,37,86,富邦-陽明,2024-02-02,9604
2465,麗臺,103,20,83,富邦-陽明,2024-02-02,9604
00882,中信中國高股息,88,7,81,富邦-陽明,2024-02-02,9604
6770,力積電,79,0,79,富邦-陽明,2024-02-02,9604
00637L,元大滬深300正2,116,38,78,富邦-陽明,2024-02-02,9604
00929,復華台灣科技優息,229,158,71,富邦-陽明,2024-02-02,9604
3481,群創,101,33,68,富邦-陽明,2024-02-02,9604
3296,勝德,60,0,60,富邦-陽明,2024-02-02,9604
2313,華通,104,45,59,富邦-陽明,2024-02-02,9604
3013,晟銘電,99,40,59,富邦-陽明,2024-02-02,9604
2344,華邦電,65,7,58,富邦-陽明,2024-02-02,9604
1477,聚陽,60,3,57,富邦-陽明,2024-02-02,9604
4906,正文,60,4,56,富邦-陽明,2024-02-02,9604
2892,第一金,55,1,54,富邦-陽明,2024-02-02,9604
4729,熒茂,65,11,54,富邦-陽明,2024-02-02,9604
00679B,元大美債20年,98,46,52,富邦-陽明,2024-02-02,9604
2408,南亞科,57,6,51,富邦-陽明,2024-02-02,9604
3052,夆典,47,0,47,富邦-陽明,2024-02-02,9604
00751B,元大AAA至A公司債,47,5,42,富邦-陽明,2024-02-02,9604
00712,復華富時不動產,42,0,42,富邦-陽明,2024-02-02,9604
1795,美時,50,9,41,富邦-陽明,2024-02-02,9604
2605,新興,40,1,39,富邦-陽明,2024-02-02,9604
2610,華航,49,11,38,富邦-陽明,2024-02-02,9604
1609,大亞,87,50,37,富邦-陽明,2024-02-02,9604
2317,鴻海,37,0,37,富邦-陽明,2024-02-02,9604
2353,宏��,112,76,36,富邦-陽明,2024-02-02,9604
2883,凱基金,35,0,35,富邦-陽明,2024-02-02,9604
5347,世界,37,3,34,富邦-陽明,2024-02-02,9604
2606,裕民,37,5,32,富邦-陽明,2024-02-02,9604
1503,士電,76,43,33,富邦-陽明,2024-02-02,9604
3712,永崴投控,31,1,30,富邦-陽明,2024-02-02,9604
2882,國泰金,31,2,29,富邦-陽明,2024-02-02,9604
3050,鈺德,76,47,29,富邦-陽明,2024-02-02,9604
2887,台新金,32,3,29,富邦-陽明,2024-02-02,9604
4303,信立,31,4,27,富邦-陽明,2024-02-02,9604
3615,安可,136,110,26,富邦-陽明,2024-02-02,9604
00688L,國泰20年美債正2,833,50,783,富邦-陽明,2024-02-05,9604
00937B,群益ESG投等債20,738,41,697,富邦-陽明,2024-02-05,9604
00919,群益台灣精選高息,550,79,471,富邦-陽明,2024-02-05,9604
00715L,期街口布蘭特正2,446,7,439,富邦-陽明,2024-02-05,9604
00687B,國泰20年美債,365,79,286,富邦-陽明,2024-02-05,9604
00632R,元大台灣50反1,285,10,275,富邦-陽明,2024-02-05,9604
00680L,元大美債20正2,309,65,244,富邦-陽明,2024-02-05,9604
00882,中信中國高股息,271,52,219,富邦-陽明,2024-02-05,9604
00933B,國泰10Y+金融債,182,2,180,富邦-陽明,2024-02-05,9604
00679B,元大美債20年,198,32,166,富邦-陽明,2024-02-05,9604
2884,玉山金,175,31,144,富邦-陽明,2024-02-05,9604
6125,廣運,160,28,132,富邦-陽明,2024-02-05,9604
2303,聯電,158,33,125,富邦-陽明,2024-02-05,9604
1717,長興,120,0,120,富邦-陽明,2024-02-05,9604
3481,群創,150,35,115,富邦-陽明,2024-02-05,9604
00671R,富邦NASDAQ反1,110,0,110,富邦-陽明,2024-02-05,9604
00712,復華富時不動產,137,36,101,富邦-陽明,2024-02-05,9604
00673R,期元大S＆P原油反1,200,109,91,富邦-陽明,2024-02-05,9604
5457,宣德,87,1,86,富邦-陽明,2024-02-05,9604
00900,富邦特選高股息30,91,16,75,富邦-陽明,2024-02-05,9604
00720B,元大投資級公司債,85,9,76,富邦-陽明,2024-02-05,9604
00751B,元大AAA至A公司債,69,2,67,富邦-陽明,2024-02-05,9604
8105,凌巨,61,2,59,富邦-陽明,2024-02-05,9604
3483,力致,167,108,59,富邦-陽明,2024-02-05,9604
2327,國巨,57,0,57,富邦-陽明,2024-02-05,9604
00795B,中信美國公債20年,55,0,55,富邦-陽明,2024-02-05,9604
00770,國泰北美科技,58,3,55,富邦-陽明,2024-02-05,9604
2208,台船,54,0,54,富邦-陽明,2024-02-05,9604
00878,國泰永續高股息,185,132,53,富邦-陽明,2024-02-05,9604
00931B,統一美債20年,58,5,53,富邦-陽明,2024-02-05,9604
1714,和桐,51,1,50,富邦-陽明,2024-02-05,9604
8210,勤誠,79,30,49,富邦-陽明,2024-02-05,9604
2609,陽明,107,60,47,富邦-陽明,2024-02-05,9604
2401,凌陽,46,0,46,富邦-陽明,2024-02-05,9604
1528,恩德,56,11,45,富邦-陽明,2024-02-05,9604
1314,中石化,65,21,44,富邦-陽明,2024-02-05,9604
3622,洋華,69,26,43,富邦-陽明,2024-02-05,9604
00708L,期元大S＆P黃金正2,42,0,42,富邦-陽明,2024-02-05,9604
3419,譁裕,43,2,41,富邦-陽明,2024-02-05,9604
3530,晶相光,77,37,40,富邦-陽明,2024-02-05,9604
2329,華泰,125,84,41,富邦-陽明,2024-02-05,9604
4157,太景*-KY,40,1,39,富邦-陽明,2024-02-05,9604
2002,中鋼,46,7,39,富邦-陽明,2024-02-05,9604
1718,中纖,37,0,37,富邦-陽明,2024-02-05,9604
4906,正文,39,4,35,富邦-陽明,2024-02-05,9604
9958,世紀鋼,40,6,34,富邦-陽明,2024-02-05,9604
00706L,期元大S＆P日圓正2,34,0,34,富邦-陽明,2024-02-05,9604
3055,蔚華科,95,61,34,富邦-陽明,2024-02-05,9604
00642U,期元大S＆P石油,34,1,33,富邦-陽明,2024-02-05,9604
2888,新光金,37,5,32,富邦-陽明,2024-02-05,9604
00927,群益半導體收益,1024,22,1002,富邦-陽明,2024-02-15,9604
00937B,群益ESG投等債20,1033,382,651,富邦-陽明,2024-02-15,9604
2618,長榮航,633,66,567,富邦-陽明,2024-02-15,9604
00679B,元大美債20年,554,52,502,富邦-陽明,2024-02-15,9604
00632R,元大台灣50反1,518,17,501,富邦-陽明,2024-02-15,9604
00688L,國泰20年美債正2,493,30,463,富邦-陽明,2024-02-15,9604
00687B,國泰20年美債,528,71,457,富邦-陽明,2024-02-15,9604
00680L,元大美債20正2,463,57,406,富邦-陽明,2024-02-15,9604
00720B,元大投資級公司債,357,17,340,富邦-陽明,2024-02-15,9604
2344,華邦電,367,37,330,富邦-陽明,2024-02-15,9604
00933B,國泰10Y+金融債,401,131,270,富邦-陽明,2024-02-15,9604
00751B,元大AAA至A公司債,275,10,265,富邦-陽明,2024-02-15,9604
8996,高力,281,77,204,富邦-陽明,2024-02-15,9604
00725B,國泰投資級公司債,162,1,161,富邦-陽明,2024-02-15,9604
3706,神達,198,60,138,富邦-陽明,2024-02-15,9604
00935,野村臺灣新科技50,140,5,135,富邦-陽明,2024-02-15,9604
2324,仁寶,140,8,132,富邦-陽明,2024-02-15,9604
00712,復華富時不動產,126,0,126,富邦-陽明,2024-02-15,9604
00706L,期元大S＆P日圓正2,139,13,126,富邦-陽明,2024-02-15,9604
2303,聯電,195,87,108,富邦-陽明,2024-02-15,9604
00795B,中信美國公債20年,111,5,106,富邦-陽明,2024-02-15,9604
6605,帝寶,108,2,106,富邦-陽明,2024-02-15,9604
00878,國泰永續高股息,419,323,96,富邦-陽明,2024-02-15,9604
2408,南亞科,123,29,94,富邦-陽明,2024-02-15,9604
3481,群創,254,159,95,富邦-陽明,2024-02-15,9604
00931B,統一美債20年,88,0,88,富邦-陽明,2024-02-15,9604
6188,廣明,86,5,81,富邦-陽明,2024-02-15,9604
2009,第一銅,80,1,79,富邦-陽明,2024-02-15,9604
00772B,中信高評級公司債,78,2,76,富邦-陽明,2024-02-15,9604
2867,三商壽,72,0,72,富邦-陽明,2024-02-15,9604
00770,國泰北美科技,119,47,72,富邦-陽明,2024-02-15,9604
1752,南光,69,0,69,富邦-陽明,2024-02-15,9604
2317,鴻海,82,13,69,富邦-陽明,2024-02-15,9604
00762,元大全球AI,64,1,63,富邦-陽明,2024-02-15,9604
4113,聯上,65,3,62,富邦-陽明,2024-02-15,9604
3615,安可,65,5,60,富邦-陽明,2024-02-15,9604
6640,均華,60,2,58,富邦-陽明,2024-02-15,9604
00753L,中信中國50正2,82,25,57,富邦-陽明,2024-02-15,9604
3479,安勤,63,7,56,富邦-陽明,2024-02-15,9604
2323,中環,56,2,54,富邦-陽明,2024-02-15,9604
2308,台達電,60,11,49,富邦-陽明,2024-02-15,9604
2603,長榮,76,28,48,富邦-陽明,2024-02-15,9604
00877,復華中國5G,51,5,46,富邦-陽明,2024-02-15,9604
00885,富邦越南,57,12,45,富邦-陽明,2024-02-15,9604
4909,新復興,54,13,41,富邦-陽明,2024-02-15,9604
6742,澤米,41,1,40,富邦-陽明,2024-02-15,9604
00696B,富邦美債20年,41,1,40,富邦-陽明,2024-02-15,9604
00764B,群益25年美債,39,0,39,富邦-陽明,2024-02-15,9604
3024,憶聲,40,2,38,富邦-陽明,2024-02-15,9604
2388,威盛,46,9,37,富邦-陽明,2024-02-15,9604
00687B,國泰20年美債,429,1,428,富邦-陽明,2024-02-16,9604
00937B,群益ESG投等債20,421,53,368,富邦-陽明,2024-02-16,9604
00933B,國泰10Y+金融債,372,28,344,富邦-陽明,2024-02-16,9604
00679B,元大美債20年,296,1,295,富邦-陽明,2024-02-16,9604
5443,均豪,404,145,259,富邦-陽明,2024-02-16,9604
00751B,元大AAA至A公司債,243,10,233,富邦-陽明,2024-02-16,9604
5521,工信,236,10,226,富邦-陽明,2024-02-16,9604
3706,神達,319,132,187,富邦-陽明,2024-02-16,9604
00720B,元大投資級公司債,231,46,185,富邦-陽明,2024-02-16,9604
00673R,期元大S＆P原油反1,184,0,184,富邦-陽明,2024-02-16,9604
00680L,元大美債20正2,180,7,173,富邦-陽明,2024-02-16,9604
2382,廣達,272,125,147,富邦-陽明,2024-02-16,9604
00935,野村臺灣新科技50,149,4,145,富邦-陽明,2024-02-16,9604
00772B,中信高評級公司債,148,11,137,富邦-陽明,2024-02-16,9604
1101,台泥,142,30,112,富邦-陽明,2024-02-16,9604
9904,寶成,109,0,109,富邦-陽明,2024-02-16,9604
00712,復華富時不動產,122,13,109,富邦-陽明,2024-02-16,9604
2027,大成鋼,108,1,107,富邦-陽明,2024-02-16,9604
2888,新光金,110,5,105,富邦-陽明,2024-02-16,9604
4157,太景*-KY,113,8,105,富邦-陽明,2024-02-16,9604
00795B,中信美國公債20年,95,5,90,富邦-陽明,2024-02-16,9604
00665L,富邦�琤肭磪囓�2,485,396,89,富邦-陽明,2024-02-16,9604
2371,大同,102,15,87,富邦-陽明,2024-02-16,9604
00632R,元大台灣50反1,286,200,86,富邦-陽明,2024-02-16,9604
00725B,國泰投資級公司債,83,0,83,富邦-陽明,2024-02-16,9604
3354,律勝,127,45,82,富邦-陽明,2024-02-16,9604
3231,緯創,362,291,71,富邦-陽明,2024-02-16,9604
1471,首利,72,2,70,富邦-陽明,2024-02-16,9604
2887,台新金,72,2,70,富邦-陽明,2024-02-16,9604
00919,群益台灣精選高息,245,175,70,富邦-陽明,2024-02-16,9604
2367,燿華,125,60,65,富邦-陽明,2024-02-16,9604
00929,復華台灣科技優息,442,382,60,富邦-陽明,2024-02-16,9604
3481,群創,77,18,59,富邦-陽明,2024-02-16,9604
00753L,中信中國50正2,66,10,56,富邦-陽明,2024-02-16,9604
3694,海華,58,5,53,富邦-陽明,2024-02-16,9604
2009,第一銅,50,0,50,富邦-陽明,2024-02-16,9604
2330,台積電,88,39,49,富邦-陽明,2024-02-16,9604
00688L,國泰20年美債正2,79,31,48,富邦-陽明,2024-02-16,9604
4960,誠美材,66,19,47,富邦-陽明,2024-02-16,9604
00857B,永豐20年美公債,47,0,47,富邦-陽明,2024-02-16,9604
2610,華航,54,10,44,富邦-陽明,2024-02-16,9604
2534,宏盛,42,0,42,富邦-陽明,2024-02-16,9604
3036,文曄,79,37,42,富邦-陽明,2024-02-16,9604
5243,乙盛-KY,41,1,40,富邦-陽明,2024-02-16,9604
6205,詮欣,41,3,38,富邦-陽明,2024-02-16,9604
3715,定穎投控,52,15,37,富邦-陽明,2024-02-16,9604
2303,聯電,82,44,38,富邦-陽明,2024-02-16,9604
5871,中租-KY,35,0,35,富邦-陽明,2024-02-16,9604
00756B,群益投等新興公債,35,0,35,富邦-陽明,2024-02-16,9604
00676R,富邦臺灣加權反1,34,0,34,富邦-陽明,2024-02-16,9604
00919,群益台灣精選高息,976,103,873,富邦-陽明,2024-02-19,9604
00937B,群益ESG投等債20,516,15,501,富邦-陽明,2024-02-19,9604
00933B,國泰10Y+金融債,461,0,461,富邦-陽明,2024-02-19,9604
5443,均豪,572,121,451,富邦-陽明,2024-02-19,9604
4157,太景*-KY,315,1,314,富邦-陽明,2024-02-19,9604
1802,台玻,300,2,298,富邦-陽明,2024-02-19,9604
2353,宏��,661,402,259,富邦-陽明,2024-02-19,9604
00687B,國泰20年美債,266,13,253,富邦-陽明,2024-02-19,9604
00673R,期元大S＆P原油反1,236,0,236,富邦-陽明,2024-02-19,9604
00665L,富邦�琤肭磪囓�2,463,271,192,富邦-陽明,2024-02-19,9604
00637L,元大滬深300正2,197,6,191,富邦-陽明,2024-02-19,9604
00679B,元大美債20年,209,29,180,富邦-陽明,2024-02-19,9604
00878,國泰永續高股息,340,161,179,富邦-陽明,2024-02-19,9604
00929,復華台灣科技優息,316,140,176,富邦-陽明,2024-02-19,9604
2329,華泰,460,292,168,富邦-陽明,2024-02-19,9604
2382,廣達,210,61,149,富邦-陽明,2024-02-19,9604
00753L,中信中國50正2,163,41,122,富邦-陽明,2024-02-19,9604
00720B,元大投資級公司債,126,8,118,富邦-陽明,2024-02-19,9604
1815,富喬,184,73,111,富邦-陽明,2024-02-19,9604
00680L,元大美債20正2,124,25,99,富邦-陽明,2024-02-19,9604
00706L,期元大S＆P日圓正2,97,0,97,富邦-陽明,2024-02-19,9604
9958,世紀鋼,287,191,96,富邦-陽明,2024-02-19,9604
2913,農林,89,0,89,富邦-陽明,2024-02-19,9604
2356,英業達,206,121,85,富邦-陽明,2024-02-19,9604
5426,振發,151,66,85,富邦-陽明,2024-02-19,9604
2303,聯電,117,34,83,富邦-陽明,2024-02-19,9604
3231,緯創,431,348,83,富邦-陽明,2024-02-19,9604
1711,永光,85,7,78,富邦-陽明,2024-02-19,9604
3312,弘憶股,71,7,64,富邦-陽明,2024-02-19,9604
2883,凱基金,126,63,63,富邦-陽明,2024-02-19,9604
00688L,國泰20年美債正2,65,5,60,富邦-陽明,2024-02-19,9604
00751B,元大AAA至A公司債,58,0,58,富邦-陽明,2024-02-19,9604
4960,誠美材,82,26,56,富邦-陽明,2024-02-19,9604
8936,國統,77,25,52,富邦-陽明,2024-02-19,9604
1447,力鵬,57,6,51,富邦-陽明,2024-02-19,9604
6576,逸達,50,0,50,富邦-陽明,2024-02-19,9604
2355,敬鵬,115,66,49,富邦-陽明,2024-02-19,9604
4714,永捷,104,56,48,富邦-陽明,2024-02-19,9604
1785,光洋科,78,32,46,富邦-陽明,2024-02-19,9604
1503,士電,275,231,44,富邦-陽明,2024-02-19,9604
00857B,永豐20年美公債,42,0,42,富邦-陽明,2024-02-19,9604
6288,聯嘉,96,55,41,富邦-陽明,2024-02-19,9604
6640,均華,41,1,40,富邦-陽明,2024-02-19,9604
3264,欣銓,47,7,40,富邦-陽明,2024-02-19,9604
1417,嘉裕,38,0,38,富邦-陽明,2024-02-19,9604
8027,鈦昇,63,26,37,富邦-陽明,2024-02-19,9604
3437,榮創,171,135,36,富邦-陽明,2024-02-19,9604
4747,強生,36,0,36,富邦-陽明,2024-02-19,9604
00764B,群益25年美債,35,0,35,富邦-陽明,2024-02-19,9604
2610,華航,38,4,34,富邦-陽明,2024-02-19,9604
5258,虹堡,1476,53,1423,富邦-陽明,2024-02-20,9604
00929,復華台灣科技優息,869,268,601,富邦-陽明,2024-02-20,9604
00937B,群益ESG投等債20,530,27,503,富邦-陽明,2024-02-20,9604
00933B,國泰10Y+金融債,403,0,403,富邦-陽明,2024-02-20,9604
2883,凱基金,361,11,350,富邦-陽明,2024-02-20,9604
00673R,期元大S＆P原油反1,290,0,290,富邦-陽明,2024-02-20,9604
00680L,元大美債20正2,171,2,169,富邦-陽明,2024-02-20,9604
00687B,國泰20年美債,186,23,163,富邦-陽明,2024-02-20,9604
5880,合庫金,165,9,156,富邦-陽明,2024-02-20,9604
6282,康舒,239,84,155,富邦-陽明,2024-02-20,9604
1524,耿鼎,126,3,123,富邦-陽明,2024-02-20,9604
3036A,文曄甲特,121,0,121,富邦-陽明,2024-02-20,9604
4157,太景*-KY,120,0,120,富邦-陽明,2024-02-20,9604
00665L,富邦�琤肭磪囓�2,839,723,116,富邦-陽明,2024-02-20,9604
3231,緯創,219,106,113,富邦-陽明,2024-02-20,9604
00795B,中信美國公債20年,112,0,112,富邦-陽明,2024-02-20,9604
3260,威剛,131,22,109,富邦-陽明,2024-02-20,9604
4960,誠美材,134,27,107,富邦-陽明,2024-02-20,9604
2610,華航,110,4,106,富邦-陽明,2024-02-20,9604
00725B,國泰投資級公司債,103,10,93,富邦-陽明,2024-02-20,9604
00706L,期元大S＆P日圓正2,90,0,90,富邦-陽明,2024-02-20,9604
3234,光環,77,1,76,富邦-陽明,2024-02-20,9604
5426,振發,95,22,73,富邦-陽明,2024-02-20,9604
2888,新光金,147,76,71,富邦-陽明,2024-02-20,9604
2913,農林,71,2,69,富邦-陽明,2024-02-20,9604
00688L,國泰20年美債正2,69,0,69,富邦-陽明,2024-02-20,9604
2489,瑞軒,124,61,63,富邦-陽明,2024-02-20,9604
1506,正道,63,0,63,富邦-陽明,2024-02-20,9604
2371,大同,91,31,60,富邦-陽明,2024-02-20,9604
1513,中興電,139,80,59,富邦-陽明,2024-02-20,9604
00713,元大台灣高息低波,62,5,57,富邦-陽明,2024-02-20,9604
2353,宏��,159,103,56,富邦-陽明,2024-02-20,9604
3041,揚智,241,187,54,富邦-陽明,2024-02-20,9604
2329,華泰,314,261,53,富邦-陽明,2024-02-20,9604
2344,華邦電,85,32,53,富邦-陽明,2024-02-20,9604
8011,台通,81,31,50,富邦-陽明,2024-02-20,9604
2258,鴻華先進-創,50,0,50,富邦-陽明,2024-02-20,9604
020023,元大櫃買半導體N,50,0,50,富邦-陽明,2024-02-20,9604
2882,國泰金,57,7,50,富邦-陽明,2024-02-20,9604
00882,中信中國高股息,66,17,49,富邦-陽明,2024-02-20,9604
2405,輔信,145,96,49,富邦-陽明,2024-02-20,9604
4909,新復興,55,7,48,富邦-陽明,2024-02-20,9604
8110,華東,132,85,47,富邦-陽明,2024-02-20,9604
00720B,元大投資級公司債,46,0,46,富邦-陽明,2024-02-20,9604
3481,群創,152,106,46,富邦-陽明,2024-02-20,9604
2332,友訊,67,22,45,富邦-陽明,2024-02-20,9604
3035,智原,77,32,45,富邦-陽明,2024-02-20,9604
00712,復華富時不動產,54,10,44,富邦-陽明,2024-02-20,9604
2382,廣達,83,39,44,富邦-陽明,2024-02-20,9604
2363,矽統,61,19,42,富邦-陽明,2024-02-20,9604
2883,凱基金,537,9,528,富邦-陽明,2024-02-21,9604
00937B,群益ESG投等債20,530,7,523,富邦-陽明,2024-02-21,9604
00878,國泰永續高股息,516,33,483,富邦-陽明,2024-02-21,9604
00933B,國泰10Y+金融債,391,20,371,富邦-陽明,2024-02-21,9604
00687B,國泰20年美債,232,2,230,富邦-陽明,2024-02-21,9604
2303,聯電,244,25,219,富邦-陽明,2024-02-21,9604
00679B,元大美債20年,276,79,197,富邦-陽明,2024-02-21,9604
2609,陽明,269,91,178,富邦-陽明,2024-02-21,9604
00795B,中信美國公債20年,130,0,130,富邦-陽明,2024-02-21,9604
00673R,期元大S＆P原油反1,109,0,109,富邦-陽明,2024-02-21,9604
1773,勝一,102,0,102,富邦-陽明,2024-02-21,9604
4414,如興,100,0,100,富邦-陽明,2024-02-21,9604
00919,群益台灣精選高息,229,135,94,富邦-陽明,2024-02-21,9604
00688L,國泰20年美債正2,88,0,88,富邦-陽明,2024-02-21,9604
6109,亞元,84,0,84,富邦-陽明,2024-02-21,9604
6282,康舒,185,105,80,富邦-陽明,2024-02-21,9604
3035,智原,106,27,79,富邦-陽明,2024-02-21,9604
3481,群創,97,20,77,富邦-陽明,2024-02-21,9604
00706L,期元大S＆P日圓正2,76,0,76,富邦-陽明,2024-02-21,9604
6770,力積電,76,4,72,富邦-陽明,2024-02-21,9604
2460,建通,94,25,69,富邦-陽明,2024-02-21,9604
3231,緯創,233,165,68,富邦-陽明,2024-02-21,9604
6116,彩晶,69,2,67,富邦-陽明,2024-02-21,9604
1605,華新,78,16,62,富邦-陽明,2024-02-21,9604
5351,鈺創,75,15,60,富邦-陽明,2024-02-21,9604
00927,群益半導體收益,56,1,55,富邦-陽明,2024-02-21,9604
2867,三商壽,55,0,55,富邦-陽明,2024-02-21,9604
00830,國泰費城半導體,59,4,55,富邦-陽明,2024-02-21,9604
6244,茂迪,56,2,54,富邦-陽明,2024-02-21,9604
00891,中信關鍵半導體,56,5,51,富邦-陽明,2024-02-21,9604
3055,蔚華科,105,55,50,富邦-陽明,2024-02-21,9604
5381,合正,102,52,50,富邦-陽明,2024-02-21,9604
2352,佳世達,60,11,49,富邦-陽明,2024-02-21,9604
00725B,國泰投資級公司債,45,0,45,富邦-陽明,2024-02-21,9604
00680L,元大美債20正2,46,1,45,富邦-陽明,2024-02-21,9604
2382,廣達,110,66,44,富邦-陽明,2024-02-21,9604
3047,訊舟,120,79,41,富邦-陽明,2024-02-21,9604
3041,揚智,67,26,41,富邦-陽明,2024-02-21,9604
2330,台積電,47,7,40,富邦-陽明,2024-02-21,9604
8064,東捷,91,52,39,富邦-陽明,2024-02-21,9604
2884,玉山金,43,5,38,富邦-陽明,2024-02-21,9604
6147,頎邦,40,2,38,富邦-陽明,2024-02-21,9604
6164,華興,77,40,37,富邦-陽明,2024-02-21,9604
8936,國統,104,67,37,富邦-陽明,2024-02-21,9604
2891,中信金,51,15,36,富邦-陽明,2024-02-21,9604
0056,元大高股息,102,69,33,富邦-陽明,2024-02-21,9604
1316,上曜,97,65,32,富邦-陽明,2024-02-21,9604
6477,安集,33,1,32,富邦-陽明,2024-02-21,9604
5457,宣德,91,59,32,富邦-陽明,2024-02-21,9604
2301,光寶科,37,5,32,富邦-陽明,2024-02-21,9604
00937B,群益ESG投等債20,759,123,636,富邦-陽明,2024-02-22,9604
00933B,國泰10Y+金融債,356,17,339,富邦-陽明,2024-02-22,9604
2489,瑞軒,477,173,304,富邦-陽明,2024-02-22,9604
00687B,國泰20年美債,304,2,302,富邦-陽明,2024-02-22,9604
3402,漢科,282,3,279,富邦-陽明,2024-02-22,9604
00673R,期元大S＆P原油反1,256,0,256,富邦-陽明,2024-02-22,9604
00679B,元大美債20年,249,12,237,富邦-陽明,2024-02-22,9604
9105,泰金寶-DR,387,193,194,富邦-陽明,2024-02-22,9604
2887,台新金,205,15,190,富邦-陽明,2024-02-22,9604
2356,英業達,298,136,162,富邦-陽明,2024-02-22,9604
3231,緯創,844,693,151,富邦-陽明,2024-02-22,9604
00680L,元大美債20正2,245,118,127,富邦-陽明,2024-02-22,9604
4157,太景*-KY,123,10,113,富邦-陽明,2024-02-22,9604
8996,高力,254,142,112,富邦-陽明,2024-02-22,9604
2303,聯電,148,38,110,富邦-陽明,2024-02-22,9604
00633L,富邦上証正2,113,5,108,富邦-陽明,2024-02-22,9604
4532,瑞智,122,17,105,富邦-陽明,2024-02-22,9604
00632R,元大台灣50反1,178,80,98,富邦-陽明,2024-02-22,9604
8182,加高,119,23,96,富邦-陽明,2024-02-22,9604
2610,華航,125,30,95,富邦-陽明,2024-02-22,9604
2371,大同,294,201,93,富邦-陽明,2024-02-22,9604
3706,神達,239,147,92,富邦-陽明,2024-02-22,9604
00795B,中信美國公債20年,87,0,87,富邦-陽明,2024-02-22,9604
2329,華泰,503,425,78,富邦-陽明,2024-02-22,9604
3481,群創,92,15,77,富邦-陽明,2024-02-22,9604
00919,群益台灣精選高息,276,206,70,富邦-陽明,2024-02-22,9604
6109,亞元,77,9,68,富邦-陽明,2024-02-22,9604
2376,技嘉,137,74,63,富邦-陽明,2024-02-22,9604
00665L,富邦�琤肭磪囓�2,970,907,63,富邦-陽明,2024-02-22,9604
2897,王道銀行,82,20,62,富邦-陽明,2024-02-22,9604
6231,系微,95,33,62,富邦-陽明,2024-02-22,9604
2888,新光金,102,47,55,富邦-陽明,2024-02-22,9604
6166,凌華,54,0,54,富邦-陽明,2024-02-22,9604
00751B,元大AAA至A公司債,63,10,53,富邦-陽明,2024-02-22,9604
3051,力特,59,6,53,富邦-陽明,2024-02-22,9604
00753L,中信中國50正2,78,26,52,富邦-陽明,2024-02-22,9604
1524,耿鼎,77,28,49,富邦-陽明,2024-02-22,9604
2486,一詮,59,12,47,富邦-陽明,2024-02-22,9604
00650L,復華香港正2,49,2,47,富邦-陽明,2024-02-22,9604
00757,統一FANG+,45,1,44,富邦-陽明,2024-02-22,9604
3257,虹冠電,44,0,44,富邦-陽明,2024-02-22,9604
1316,上曜,72,28,44,富邦-陽明,2024-02-22,9604
00688L,國泰20年美債正2,45,3,42,富邦-陽明,2024-02-22,9604
3483,力致,64,24,40,富邦-陽明,2024-02-22,9604
1313,聯成,41,1,40,富邦-陽明,2024-02-22,9604
3265,台星科,82,42,40,富邦-陽明,2024-02-22,9604
2421,建準,59,21,38,富邦-陽明,2024-02-22,9604
6126,信音,66,28,38,富邦-陽明,2024-02-22,9604
2884,玉山金,43,6,37,富邦-陽明,2024-02-22,9604
6120,達運,38,2,36,富邦-陽明,2024-02-22,9604
1314,中石化,1406,32,1374,富邦-陽明,2024-02-23,9604
6290,良維,1356,256,1100,富邦-陽明,2024-02-23,9604
00632R,元大台灣50反1,500,0,500,富邦-陽明,2024-02-23,9604
00665L,富邦�琤肭磪囓�2,675,225,450,富邦-陽明,2024-02-23,9604
00937B,群益ESG投等債20,324,11,313,富邦-陽明,2024-02-23,9604
3231,緯創,441,139,302,富邦-陽明,2024-02-23,9604
00933B,國泰10Y+金融債,402,111,291,富邦-陽明,2024-02-23,9604
2303,聯電,273,57,216,富邦-陽明,2024-02-23,9604
2609,陽明,241,27,214,富邦-陽明,2024-02-23,9604
00633L,富邦上証正2,206,1,205,富邦-陽明,2024-02-23,9604
2353,宏��,281,83,198,富邦-陽明,2024-02-23,9604
00919,群益台灣精選高息,521,331,190,富邦-陽明,2024-02-23,9604
3706,神達,256,70,186,富邦-陽明,2024-02-23,9604
00680L,元大美債20正2,179,5,174,富邦-陽明,2024-02-23,9604
2313,華通,387,225,162,富邦-陽明,2024-02-23,9604
00687B,國泰20年美債,229,67,162,富邦-陽明,2024-02-23,9604
1524,耿鼎,171,12,159,富邦-陽明,2024-02-23,9604
00679B,元大美債20年,160,1,159,富邦-陽明,2024-02-23,9604
00751B,元大AAA至A公司債,150,0,150,富邦-陽明,2024-02-23,9604
00907,永豐優息存股,142,1,141,富邦-陽明,2024-02-23,9604
3481,群創,209,71,138,富邦-陽明,2024-02-23,9604
8215,明基材,139,4,135,富邦-陽明,2024-02-23,9604
3576,聯合再生,129,0,129,富邦-陽明,2024-02-23,9604
3038,全台,128,0,128,富邦-陽明,2024-02-23,9604
2486,一詮,134,15,119,富邦-陽明,2024-02-23,9604
5426,振發,121,5,116,富邦-陽明,2024-02-23,9604
00673R,期元大S＆P原油反1,107,0,107,富邦-陽明,2024-02-23,9604
1815,富喬,129,30,99,富邦-陽明,2024-02-23,9604
9958,世紀鋼,400,302,98,富邦-陽明,2024-02-23,9604
5258,虹堡,149,52,97,富邦-陽明,2024-02-23,9604
8105,凌巨,107,16,91,富邦-陽明,2024-02-23,9604
2495,普安,96,7,89,富邦-陽明,2024-02-23,9604
2324,仁寶,150,62,88,富邦-陽明,2024-02-23,9604
4532,瑞智,84,2,82,富邦-陽明,2024-02-23,9604
00712,復華富時不動產,79,2,77,富邦-陽明,2024-02-23,9604
5457,宣德,80,3,77,富邦-陽明,2024-02-23,9604
6282,康舒,117,41,76,富邦-陽明,2024-02-23,9604
6189,豐藝,117,48,69,富邦-陽明,2024-02-23,9604
4157,太景*-KY,80,12,68,富邦-陽明,2024-02-23,9604
6207,雷科,95,28,67,富邦-陽明,2024-02-23,9604
2888,新光金,75,9,66,富邦-陽明,2024-02-23,9604
3041,揚智,112,48,64,富邦-陽明,2024-02-23,9604
1717,長興,81,18,63,富邦-陽明,2024-02-23,9604
3712,永崴投控,87,26,61,富邦-陽明,2024-02-23,9604
00757,統一FANG+,67,6,61,富邦-陽明,2024-02-23,9604
00720B,元大投資級公司債,66,7,59,富邦-陽明,2024-02-23,9604
00706L,期元大S＆P日圓正2,59,0,59,富邦-陽明,2024-02-23,9604
2302,麗正,63,5,58,富邦-陽明,2024-02-23,9604
00648R,元大S＆P500反1,50,0,50,富邦-陽明,2024-02-23,9604
00669R,國泰美國道瓊反1,50,0,50,富邦-陽明,2024-02-23,9604
00665L,富邦�琤肭磪囓�2,1682,109,1573,富邦-陽明,2024-02-26,9604
00878,國泰永續高股息,822,169,653,富邦-陽明,2024-02-26,9604
6290,良維,683,110,573,富邦-陽明,2024-02-26,9604
00929,復華台灣科技優息,755,224,531,富邦-陽明,2024-02-26,9604
00937B,群益ESG投等債20,421,43,378,富邦-陽明,2024-02-26,9604
5258,虹堡,332,35,297,富邦-陽明,2024-02-26,9604
00919,群益台灣精選高息,307,54,253,富邦-陽明,2024-02-26,9604
00933B,國泰10Y+金融債,266,17,249,富邦-陽明,2024-02-26,9604
00687B,國泰20年美債,302,73,229,富邦-陽明,2024-02-26,9604
1504,東元,309,81,228,富邦-陽明,2024-02-26,9604
2303,聯電,180,35,145,富邦-陽明,2024-02-26,9604
00688L,國泰20年美債正2,153,12,141,富邦-陽明,2024-02-26,9604
00679B,元大美債20年,157,23,134,富邦-陽明,2024-02-26,9604
2610,華航,124,4,120,富邦-陽明,2024-02-26,9604
00935,野村臺灣新科技50,119,0,119,富邦-陽明,2024-02-26,9604
00637L,元大滬深300正2,207,91,116,富邦-陽明,2024-02-26,9604
00751B,元大AAA至A公司債,125,10,115,富邦-陽明,2024-02-26,9604
2344,華邦電,224,110,114,富邦-陽明,2024-02-26,9604
8064,東捷,122,12,110,富邦-陽明,2024-02-26,9604
6233,旺玖,112,9,103,富邦-陽明,2024-02-26,9604
5272,笙科,112,11,101,富邦-陽明,2024-02-26,9604
4147,中裕,114,13,101,富邦-陽明,2024-02-26,9604
2884,玉山金,164,68,96,富邦-陽明,2024-02-26,9604
00715L,期街口布蘭特正2,92,0,92,富邦-陽明,2024-02-26,9604
2363,矽統,177,97,80,富邦-陽明,2024-02-26,9604
3583,辛耘,156,79,77,富邦-陽明,2024-02-26,9604
3231,緯創,135,59,76,富邦-陽明,2024-02-26,9604
2449,京元電子,84,14,70,富邦-陽明,2024-02-26,9604
2489,瑞軒,123,55,68,富邦-陽明,2024-02-26,9604
00891,中信關鍵半導體,77,12,65,富邦-陽明,2024-02-26,9604
00885,富邦越南,66,2,64,富邦-陽明,2024-02-26,9604
1514,亞力,322,258,64,富邦-陽明,2024-02-26,9604
6257,矽格,114,51,63,富邦-陽明,2024-02-26,9604
00923,群益台ESG低碳50,74,15,59,富邦-陽明,2024-02-26,9604
2369,菱生,119,64,55,富邦-陽明,2024-02-26,9604
1314,中石化,53,0,53,富邦-陽明,2024-02-26,9604
2374,佳能,52,0,52,富邦-陽明,2024-02-26,9604
00795B,中信美國公債20年,51,0,51,富邦-陽明,2024-02-26,9604
9105,泰金寶-DR,63,12,51,富邦-陽明,2024-02-26,9604
00927,群益半導體收益,82,32,50,富邦-陽明,2024-02-26,9604
6219,富旺,48,2,46,富邦-陽明,2024-02-26,9604
3234,光環,47,2,45,富邦-陽明,2024-02-26,9604
3313,斐成,56,12,44,富邦-陽明,2024-02-26,9604
2460,建通,64,20,44,富邦-陽明,2024-02-26,9604
6282,康舒,48,4,44,富邦-陽明,2024-02-26,9604
3479,安勤,44,1,43,富邦-陽明,2024-02-26,9604
2515,中工,54,13,41,富邦-陽明,2024-02-26,9604
1524,耿鼎,48,8,40,富邦-陽明,2024-02-26,9604
4908,前鼎,125,86,39,富邦-陽明,2024-02-26,9604
1616,億泰,41,2,39,富邦-陽明,2024-02-26,9604
00637L,元大滬深300正2,1428,143,1285,富邦-陽明,2024-02-27,9604
00878,國泰永續高股息,1197,373,824,富邦-陽明,2024-02-27,9604
00937B,群益ESG投等債20,708,111,597,富邦-陽明,2024-02-27,9604
6290,良維,634,122,512,富邦-陽明,2024-02-27,9604
00929,復華台灣科技優息,839,385,454,富邦-陽明,2024-02-27,9604
00919,群益台灣精選高息,550,208,342,富邦-陽明,2024-02-27,9604
2610,華航,321,27,294,富邦-陽明,2024-02-27,9604
9958,世紀鋼,288,11,277,富邦-陽明,2024-02-27,9604
00933B,國泰10Y+金融債,238,9,229,富邦-陽明,2024-02-27,9604
3037,欣興,318,95,223,富邦-陽明,2024-02-27,9604
2801,彰銀,215,3,212,富邦-陽明,2024-02-27,9604
00687B,國泰20年美債,227,46,181,富邦-陽明,2024-02-27,9604
2344,華邦電,265,99,166,富邦-陽明,2024-02-27,9604
1815,富喬,195,34,161,富邦-陽明,2024-02-27,9604
00688L,國泰20年美債正2,170,15,155,富邦-陽明,2024-02-27,9604
00673R,期元大S＆P原油反1,142,0,142,富邦-陽明,2024-02-27,9604
5880,合庫金,127,0,127,富邦-陽明,2024-02-27,9604
2382,廣達,169,42,127,富邦-陽明,2024-02-27,9604
3231,緯創,349,224,125,富邦-陽明,2024-02-27,9604
00679B,元大美債20年,146,22,124,富邦-陽明,2024-02-27,9604
6282,康舒,137,33,104,富邦-陽明,2024-02-27,9604
4157,太景*-KY,105,4,101,富邦-陽明,2024-02-27,9604
1444,力麗,101,0,101,富邦-陽明,2024-02-27,9604
2363,矽統,420,320,100,富邦-陽明,2024-02-27,9604
00720B,元大投資級公司債,109,10,99,富邦-陽明,2024-02-27,9604
5258,虹堡,156,58,98,富邦-陽明,2024-02-27,9604
2883,凱基金,145,51,94,富邦-陽明,2024-02-27,9604
6125,廣運,314,224,90,富邦-陽明,2024-02-27,9604
8096,擎亞,178,96,82,富邦-陽明,2024-02-27,9604
00646,元大S＆P500,81,0,81,富邦-陽明,2024-02-27,9604
2002,中鋼,101,35,66,富邦-陽明,2024-02-27,9604
4563,百德,61,0,61,富邦-陽明,2024-02-27,9604
00680L,元大美債20正2,60,0,60,富邦-陽明,2024-02-27,9604
00665L,富邦�琤肭磪囓�2,284,227,57,富邦-陽明,2024-02-27,9604
1101,台泥,70,18,52,富邦-陽明,2024-02-27,9604
020031,統一IC設計臺灣N,50,0,50,富邦-陽明,2024-02-27,9604
3313,斐成,52,3,49,富邦-陽明,2024-02-27,9604
2609,陽明,101,55,46,富邦-陽明,2024-02-27,9604
3450,聯鈞,114,69,45,富邦-陽明,2024-02-27,9604
0056,元大高股息,125,80,45,富邦-陽明,2024-02-27,9604
00751B,元大AAA至A公司債,43,0,43,富邦-陽明,2024-02-27,9604
2312,金寶,44,2,42,富邦-陽明,2024-02-27,9604
3712,永崴投控,65,23,42,富邦-陽明,2024-02-27,9604
3689,湧德,102,60,42,富邦-陽明,2024-02-27,9604
2408,南亞科,59,18,41,富邦-陽明,2024-02-27,9604
2515,中工,54,13,41,富邦-陽明,2024-02-27,9604
1455,集盛,41,1,40,富邦-陽明,2024-02-27,9604
4707,磐亞,40,0,40,富邦-陽明,2024-02-27,9604
2301,光寶科,116,76,40,富邦-陽明,2024-02-27,9604
1711,永光,161,123,38,富邦-陽明,2024-02-27,9604
00637L,元大滬深300正2,912,110,802,富邦-陽明,2024-02-29,9604
00937B,群益ESG投等債20,645,153,492,富邦-陽明,2024-02-29,9604
00919,群益台灣精選高息,418,79,339,富邦-陽明,2024-02-29,9604
00687B,國泰20年美債,324,16,308,富邦-陽明,2024-02-29,9604
00878,國泰永續高股息,363,70,293,富邦-陽明,2024-02-29,9604
00673R,期元大S＆P原油反1,215,0,215,富邦-陽明,2024-02-29,9604
00688L,國泰20年美債正2,169,0,169,富邦-陽明,2024-02-29,9604
00712,復華富時不動產,139,2,137,富邦-陽明,2024-02-29,9604
9958,世紀鋼,193,62,131,富邦-陽明,2024-02-29,9604
2303,聯電,183,54,129,富邦-陽明,2024-02-29,9604
6005,群益證,140,24,116,富邦-陽明,2024-02-29,9604
4414,如興,100,0,100,富邦-陽明,2024-02-29,9604
1909,榮成,100,0,100,富邦-陽明,2024-02-29,9604
00680L,元大美債20正2,96,0,96,富邦-陽明,2024-02-29,9604
5452,佶優,172,79,93,富邦-陽明,2024-02-29,9604
2353,宏��,141,48,93,富邦-陽明,2024-02-29,9604
6127,九豪,120,29,91,富邦-陽明,2024-02-29,9604
00679B,元大美債20年,104,17,87,富邦-陽明,2024-02-29,9604
00720B,元大投資級公司債,70,5,65,富邦-陽明,2024-02-29,9604
1591,駿吉-KY,69,4,65,富邦-陽明,2024-02-29,9604
00646,元大S＆P500,72,10,62,富邦-陽明,2024-02-29,9604
6244,茂迪,89,29,60,富邦-陽明,2024-02-29,9604
8936,國統,118,60,58,富邦-陽明,2024-02-29,9604
1101,台泥,64,6,58,富邦-陽明,2024-02-29,9604
00751B,元大AAA至A公司債,57,1,56,富邦-陽明,2024-02-29,9604
00632R,元大台灣50反1,66,12,54,富邦-陽明,2024-02-29,9604
00650L,復華香港正2,455,401,54,富邦-陽明,2024-02-29,9604
9105,泰金寶-DR,97,44,53,富邦-陽明,2024-02-29,9604
4770,上品,53,0,53,富邦-陽明,2024-02-29,9604
3023,信邦,52,1,51,富邦-陽明,2024-02-29,9604
5225,東科-KY,63,15,48,富邦-陽明,2024-02-29,9604
3016,嘉晶,50,2,48,富邦-陽明,2024-02-29,9604
2461,光群雷,48,1,47,富邦-陽明,2024-02-29,9604
1720,生達,49,2,47,富邦-陽明,2024-02-29,9604
3360,尚立,76,30,46,富邦-陽明,2024-02-29,9604
2382,廣達,66,21,45,富邦-陽明,2024-02-29,9604
6116,彩晶,43,0,43,富邦-陽明,2024-02-29,9604
2363,矽統,114,71,43,富邦-陽明,2024-02-29,9604
1455,集盛,41,0,41,富邦-陽明,2024-02-29,9604
2330,台積電,72,32,40,富邦-陽明,2024-02-29,9604
00795B,中信美國公債20年,42,4,38,富邦-陽明,2024-02-29,9604
5258,虹堡,55,18,37,富邦-陽明,2024-02-29,9604
5469,瀚宇博,37,1,36,富邦-陽明,2024-02-29,9604
2023,燁輝,36,0,36,富邦-陽明,2024-02-29,9604
00696B,富邦美債20年,37,2,35,富邦-陽明,2024-02-29,9604
2489,瑞軒,51,16,35,富邦-陽明,2024-02-29,9604
8940,新天地,34,0,34,富邦-陽明,2024-02-29,9604
4951,精拓科,35,1,34,富邦-陽明,2024-02-29,9604
4147,中裕,50,16,34,富邦-陽明,2024-02-29,9604
5426,振發,46,13,33,富邦-陽明,2024-02-29,9604
00919,群益台灣精選高息,1361,262,1099,富邦-陽明,2024-03-01,9604
2883,凱基金,563,50,513,富邦-陽明,2024-03-01,9604
00937B,群益ESG投等債20,541,51,490,富邦-陽明,2024-03-01,9604
00918,大華優利高填息30,259,9,250,富邦-陽明,2024-03-01,9604
00665L,富邦�琤肭磪囓�2,1163,980,183,富邦-陽明,2024-03-01,9604
2369,菱生,218,53,165,富邦-陽明,2024-03-01,9604
2303,聯電,203,38,165,富邦-陽明,2024-03-01,9604
6015,宏遠證,245,95,150,富邦-陽明,2024-03-01,9604
00637L,元大滬深300正2,229,82,147,富邦-陽明,2024-03-01,9604
3036A,文曄甲特,135,0,135,富邦-陽明,2024-03-01,9604
00687B,國泰20年美債,123,4,119,富邦-陽明,2024-03-01,9604
00679B,元大美債20年,139,20,119,富邦-陽明,2024-03-01,9604
6233,旺玖,168,50,118,富邦-陽明,2024-03-01,9604
2882,國泰金,129,14,115,富邦-陽明,2024-03-01,9604
00931B,統一美債20年,110,0,110,富邦-陽明,2024-03-01,9604
00673R,期元大S＆P原油反1,103,0,103,富邦-陽明,2024-03-01,9604
00646,元大S＆P500,106,5,101,富邦-陽明,2024-03-01,9604
2399,映泰,198,100,98,富邦-陽明,2024-03-01,9604
2890,永豐金,101,5,96,富邦-陽明,2024-03-01,9604
5258,虹堡,131,36,95,富邦-陽明,2024-03-01,9604
00650L,復華香港正2,171,85,86,富邦-陽明,2024-03-01,9604
00891,中信關鍵半導體,100,15,85,富邦-陽明,2024-03-01,9604
2489,瑞軒,90,10,80,富邦-陽明,2024-03-01,9604
00753L,中信中國50正2,113,35,78,富邦-陽明,2024-03-01,9604
00933B,國泰10Y+金融債,86,14,72,富邦-陽明,2024-03-01,9604
3481,群創,130,59,71,富邦-陽明,2024-03-01,9604
1513,中興電,261,191,70,富邦-陽明,2024-03-01,9604
2329,華泰,157,88,69,富邦-陽明,2024-03-01,9604
2880,華南金,75,8,67,富邦-陽明,2024-03-01,9604
00922,國泰台灣領袖50,59,1,58,富邦-陽明,2024-03-01,9604
3178,公準,75,17,58,富邦-陽明,2024-03-01,9604
00927,群益半導體收益,57,2,55,富邦-陽明,2024-03-01,9604
3038,全台,55,1,54,富邦-陽明,2024-03-01,9604
2615,萬海,81,29,52,富邦-陽明,2024-03-01,9604
2609,陽明,70,18,52,富邦-陽明,2024-03-01,9604
6125,廣運,195,144,51,富邦-陽明,2024-03-01,9604
2009,第一銅,51,0,51,富邦-陽明,2024-03-01,9604
00751B,元大AAA至A公司債,50,0,50,富邦-陽明,2024-03-01,9604
2409,友達,77,30,47,富邦-陽明,2024-03-01,9604
2812,台中銀,52,7,45,富邦-陽明,2024-03-01,9604
6164,華興,46,1,45,富邦-陽明,2024-03-01,9604
6150,撼訊,61,17,44,富邦-陽明,2024-03-01,9604
9958,世紀鋼,326,283,43,富邦-陽明,2024-03-01,9604
3605,宏致,87,45,42,富邦-陽明,2024-03-01,9604
2002,中鋼,121,82,39,富邦-陽明,2024-03-01,9604
1303,南亞,39,2,37,富邦-陽明,2024-03-01,9604
8996,高力,77,40,37,富邦-陽明,2024-03-01,9604
00929,復華台灣科技優息,345,308,37,富邦-陽明,2024-03-01,9604
3454,晶睿,41,5,36,富邦-陽明,2024-03-01,9604
2618,長榮航,47,11,36,富邦-陽明,2024-03-01,9604
00665L,富邦�琤肭磪囓�2,717,322,395,富邦-陽明,2024-03-04,9604
00919,群益台灣精選高息,580,200,380,富邦-陽明,2024-03-04,9604
00687B,國泰20年美債,398,42,356,富邦-陽明,2024-03-04,9604
00673R,期元大S＆P原油反1,274,0,274,富邦-陽明,2024-03-04,9604
2371,大同,357,85,272,富邦-陽明,2024-03-04,9604
1524,耿鼎,315,48,267,富邦-陽明,2024-03-04,9604
00918,大華優利高填息30,260,3,257,富邦-陽明,2024-03-04,9604
5258,虹堡,249,41,208,富邦-陽明,2024-03-04,9604
00937B,群益ESG投等債20,317,114,203,富邦-陽明,2024-03-04,9604
00927,群益半導體收益,203,2,201,富邦-陽明,2024-03-04,9604
4157,太景*-KY,190,4,186,富邦-陽明,2024-03-04,9604
3060,銘異,168,4,164,富邦-陽明,2024-03-04,9604
9958,世紀鋼,195,34,161,富邦-陽明,2024-03-04,9604
00632R,元大台灣50反1,193,51,142,富邦-陽明,2024-03-04,9604
6290,良維,208,68,140,富邦-陽明,2024-03-04,9604
00933B,國泰10Y+金融債,225,98,127,富邦-陽明,2024-03-04,9604
6127,九豪,147,23,124,富邦-陽明,2024-03-04,9604
2031,新光鋼,118,6,112,富邦-陽明,2024-03-04,9604
1409,新纖,96,8,88,富邦-陽明,2024-03-04,9604
3231,緯創,389,305,84,富邦-陽明,2024-03-04,9604
00915,凱基優選高股息30,90,6,84,富邦-陽明,2024-03-04,9604
3005,神基,111,28,83,富邦-陽明,2024-03-04,9604
00857B,永豐20年美公債,78,0,78,富邦-陽明,2024-03-04,9604
4755,三福化,90,18,72,富邦-陽明,2024-03-04,9604
4909,新復興,90,22,68,富邦-陽明,2024-03-04,9604
2888,新光金,146,79,67,富邦-陽明,2024-03-04,9604
00637L,元大滬深300正2,79,14,65,富邦-陽明,2024-03-04,9604
00882,中信中國高股息,175,112,63,富邦-陽明,2024-03-04,9604
8085,福華,72,12,60,富邦-陽明,2024-03-04,9604
8996,高力,150,90,60,富邦-陽明,2024-03-04,9604
1609,大亞,95,35,60,富邦-陽明,2024-03-04,9604
2376,技嘉,114,62,52,富邦-陽明,2024-03-04,9604
2464,盟立,72,22,50,富邦-陽明,2024-03-04,9604
1506,正道,52,2,50,富邦-陽明,2024-03-04,9604
00650L,復華香港正2,162,112,50,富邦-陽明,2024-03-04,9604
1259,安心,50,0,50,富邦-陽明,2024-03-04,9604
2329,華泰,156,106,50,富邦-陽明,2024-03-04,9604
00725B,國泰投資級公司債,49,0,49,富邦-陽明,2024-03-04,9604
3645,達邁,73,24,49,富邦-陽明,2024-03-04,9604
1316,上曜,89,43,46,富邦-陽明,2024-03-04,9604
6207,雷科,49,4,45,富邦-陽明,2024-03-04,9604
00720B,元大投資級公司債,70,28,42,富邦-陽明,2024-03-04,9604
4968,立積,59,17,42,富邦-陽明,2024-03-04,9604
8473,山林水,41,0,41,富邦-陽明,2024-03-04,9604
3360,尚立,47,6,41,富邦-陽明,2024-03-04,9604
4770,上品,43,2,41,富邦-陽明,2024-03-04,9604
2206,三陽工業,57,17,40,富邦-陽明,2024-03-04,9604
1584,精剛,38,2,36,富邦-陽明,2024-03-04,9604
1582,信錦,62,28,34,富邦-陽明,2024-03-04,9604
6770,力積電,45,12,33,富邦-陽明,2024-03-04,9604
00665L,富邦�琤肭磪囓�2,1463,516,947,富邦-陽明,2024-03-05,9604
00919,群益台灣精選高息,835,208,627,富邦-陽明,2024-03-05,9604
00632R,元大台灣50反1,405,9,396,富邦-陽明,2024-03-05,9604
00937B,群益ESG投等債20,470,78,392,富邦-陽明,2024-03-05,9604
4906,正文,699,370,329,富邦-陽明,2024-03-05,9604
2618,長榮航,355,55,300,富邦-陽明,2024-03-05,9604
2888,新光金,398,115,283,富邦-陽明,2024-03-05,9604
00918,大華優利高填息30,244,0,244,富邦-陽明,2024-03-05,9604
1409,新纖,298,107,191,富邦-陽明,2024-03-05,9604
00687B,國泰20年美債,218,31,187,富邦-陽明,2024-03-05,9604
2882,國泰金,212,31,181,富邦-陽明,2024-03-05,9604
00650L,復華香港正2,330,154,176,富邦-陽明,2024-03-05,9604
00915,凱基優選高股息30,160,16,144,富邦-陽明,2024-03-05,9604
00712,復華富時不動產,161,43,118,富邦-陽明,2024-03-05,9604
6237,驊訊,130,39,91,富邦-陽明,2024-03-05,9604
8085,福華,109,27,82,富邦-陽明,2024-03-05,9604
6188,廣明,133,55,78,富邦-陽明,2024-03-05,9604
2867,三商壽,110,35,75,富邦-陽明,2024-03-05,9604
5880,合庫金,75,1,74,富邦-陽明,2024-03-05,9604
6591,動力-KY,95,23,72,富邦-陽明,2024-03-05,9604
00888,永豐台灣ESG,61,1,60,富邦-陽明,2024-03-05,9604
6161,捷波,64,5,59,富邦-陽明,2024-03-05,9604
2371,大同,148,90,58,富邦-陽明,2024-03-05,9604
00673R,期元大S＆P原油反1,54,3,51,富邦-陽明,2024-03-05,9604
2002,中鋼,76,26,50,富邦-陽明,2024-03-05,9604
4157,太景*-KY,50,0,50,富邦-陽明,2024-03-05,9604
2486,一詮,57,8,49,富邦-陽明,2024-03-05,9604
2363,矽統,110,63,47,富邦-陽明,2024-03-05,9604
00900,富邦特選高股息30,70,28,42,富邦-陽明,2024-03-05,9604
9904,寶成,48,6,42,富邦-陽明,2024-03-05,9604
3047,訊舟,94,52,42,富邦-陽明,2024-03-05,9604
1456,怡華,45,3,42,富邦-陽明,2024-03-05,9604
6290,良維,125,84,41,富邦-陽明,2024-03-05,9604
1301,台塑,43,1,42,富邦-陽明,2024-03-05,9604
4939,亞電,45,4,41,富邦-陽明,2024-03-05,9604
00688L,國泰20年美債正2,40,0,40,富邦-陽明,2024-03-05,9604
2495,普安,65,26,39,富邦-陽明,2024-03-05,9604
3535,晶彩科,42,3,39,富邦-陽明,2024-03-05,9604
2606,裕民,57,18,39,富邦-陽明,2024-03-05,9604
1714,和桐,38,0,38,富邦-陽明,2024-03-05,9604
0056,元大高股息,155,117,38,富邦-陽明,2024-03-05,9604
6125,廣運,107,70,37,富邦-陽明,2024-03-05,9604
5469,瀚宇博,44,7,37,富邦-陽明,2024-03-05,9604
2367,燿華,292,256,36,富邦-陽明,2024-03-05,9604
3163,波若威,65,29,36,富邦-陽明,2024-03-05,9604
3481,群創,190,154,36,富邦-陽明,2024-03-05,9604
00934,中信成長高股息,36,1,35,富邦-陽明,2024-03-05,9604
1303,南亞,38,3,35,富邦-陽明,2024-03-05,9604
2337,旺宏,35,0,35,富邦-陽明,2024-03-05,9604
2329,華泰,115,81,34,富邦-陽明,2024-03-05,9604
2882,國泰金,588,27,561,富邦-陽明,2024-03-06,9604
00919,群益台灣精選高息,774,325,449,富邦-陽明,2024-03-06,9604
00637L,元大滬深300正2,461,32,429,富邦-陽明,2024-03-06,9604
00664R,國泰臺灣加權反1,402,3,399,富邦-陽明,2024-03-06,9604
3231,緯創,384,47,337,富邦-陽明,2024-03-06,9604
00933B,國泰10Y+金融債,337,3,334,富邦-陽明,2024-03-06,9604
3013,晟銘電,452,130,322,富邦-陽明,2024-03-06,9604
00918,大華優利高填息30,270,37,233,富邦-陽明,2024-03-06,9604
2352,佳世達,269,41,228,富邦-陽明,2024-03-06,9604
00937B,群益ESG投等債20,268,43,225,富邦-陽明,2024-03-06,9604
2609,陽明,162,28,134,富邦-陽明,2024-03-06,9604
2344,華邦電,140,15,125,富邦-陽明,2024-03-06,9604
00687B,國泰20年美債,174,51,123,富邦-陽明,2024-03-06,9604
4906,正文,208,93,115,富邦-陽明,2024-03-06,9604
5880,合庫金,142,29,113,富邦-陽明,2024-03-06,9604
00915,凱基優選高股息30,126,15,111,富邦-陽明,2024-03-06,9604
4306,炎洲,149,43,106,富邦-陽明,2024-03-06,9604
1905,華紙,93,2,91,富邦-陽明,2024-03-06,9604
3036A,文曄甲特,90,0,90,富邦-陽明,2024-03-06,9604
8011,台通,240,156,84,富邦-陽明,2024-03-06,9604
6235,華孚,138,59,79,富邦-陽明,2024-03-06,9604
2845,遠東銀,117,43,74,富邦-陽明,2024-03-06,9604
00882,中信中國高股息,103,31,72,富邦-陽明,2024-03-06,9604
6164,華興,65,0,65,富邦-陽明,2024-03-06,9604
2329,華泰,98,34,64,富邦-陽明,2024-03-06,9604
00632R,元大台灣50反1,162,104,58,富邦-陽明,2024-03-06,9604
5388,中磊,67,10,57,富邦-陽明,2024-03-06,9604
3481,群創,125,70,55,富邦-陽明,2024-03-06,9604
4747,強生,54,0,54,富邦-陽明,2024-03-06,9604
2501,國建,52,0,52,富邦-陽明,2024-03-06,9604
3689,湧德,128,77,51,富邦-陽明,2024-03-06,9604
2363,矽統,142,91,51,富邦-陽明,2024-03-06,9604
00904,新光臺灣半導體30,67,16,51,富邦-陽明,2024-03-06,9604
2002,中鋼,67,18,49,富邦-陽明,2024-03-06,9604
3325,旭品,155,108,47,富邦-陽明,2024-03-06,9604
2498,宏達電,66,24,42,富邦-陽明,2024-03-06,9604
2610,華航,186,145,41,富邦-陽明,2024-03-06,9604
1909,榮成,50,10,40,富邦-陽明,2024-03-06,9604
2408,南亞科,52,15,37,富邦-陽明,2024-03-06,9604
6591,動力-KY,67,30,37,富邦-陽明,2024-03-06,9604
2014,中鴻,36,0,36,富邦-陽明,2024-03-06,9604
2615,萬海,37,1,36,富邦-陽明,2024-03-06,9604
4979,華星光,41,5,36,富邦-陽明,2024-03-06,9604
1591,駿吉-KY,41,6,35,富邦-陽明,2024-03-06,9604
00916,國泰全球品牌50,35,0,35,富邦-陽明,2024-03-06,9604
00715L,期街口布蘭特正2,44,10,34,富邦-陽明,2024-03-06,9604
1432,大魯閣,34,0,34,富邦-陽明,2024-03-06,9604
1609,大亞,480,448,32,富邦-陽明,2024-03-06,9604
2889,國票金,42,10,32,富邦-陽明,2024-03-06,9604
8059,凱碩,39,7,32,富邦-陽明,2024-03-06,9604
00929,復華台灣科技優息,1535,570,965,富邦-陽明,2024-03-07,9604
2855,統一證,645,21,624,富邦-陽明,2024-03-07,9604
00632R,元大台灣50反1,680,87,593,富邦-陽明,2024-03-07,9604
00919,群益台灣精選高息,891,333,558,富邦-陽明,2024-03-07,9604
2882,國泰金,566,31,535,富邦-陽明,2024-03-07,9604
00637L,元大滬深300正2,341,37,304,富邦-陽明,2024-03-07,9604
2367,燿華,470,254,216,富邦-陽明,2024-03-07,9604
00664R,國泰臺灣加權反1,215,6,209,富邦-陽明,2024-03-07,9604
2486,一詮,271,63,208,富邦-陽明,2024-03-07,9604
3231,緯創,443,241,202,富邦-陽明,2024-03-07,9604
00688L,國泰20年美債正2,200,10,190,富邦-陽明,2024-03-07,9604
00679B,元大美債20年,258,85,173,富邦-陽明,2024-03-07,9604
00918,大華優利高填息30,273,109,164,富邦-陽明,2024-03-07,9604
2371,大同,203,39,164,富邦-陽明,2024-03-07,9604
1591,駿吉-KY,176,30,146,富邦-陽明,2024-03-07,9604
00933B,國泰10Y+金融債,167,22,145,富邦-陽明,2024-03-07,9604
1815,富喬,453,309,144,富邦-陽明,2024-03-07,9604
2888,新光金,167,24,143,富邦-陽明,2024-03-07,9604
6116,彩晶,143,5,138,富邦-陽明,2024-03-07,9604
1524,耿鼎,157,24,133,富邦-陽明,2024-03-07,9604
00706L,期元大S＆P日圓正2,134,1,133,富邦-陽明,2024-03-07,9604
6188,廣明,166,38,128,富邦-陽明,2024-03-07,9604
4157,太景*-KY,150,26,124,富邦-陽明,2024-03-07,9604
00673R,期元大S＆P原油反1,134,15,119,富邦-陽明,2024-03-07,9604
4128,中天,121,5,116,富邦-陽明,2024-03-07,9604
00915,凱基優選高股息30,119,5,114,富邦-陽明,2024-03-07,9604
1316,上曜,339,226,113,富邦-陽明,2024-03-07,9604
00937B,群益ESG投等債20,515,403,112,富邦-陽明,2024-03-07,9604
2027,大成鋼,111,1,110,富邦-陽明,2024-03-07,9604
00927,群益半導體收益,116,7,109,富邦-陽明,2024-03-07,9604
6125,廣運,175,74,101,富邦-陽明,2024-03-07,9604
3325,旭品,291,196,95,富邦-陽明,2024-03-07,9604
6161,捷波,99,6,93,富邦-陽明,2024-03-07,9604
00935,野村臺灣新科技50,119,26,93,富邦-陽明,2024-03-07,9604
6282,康舒,101,9,92,富邦-陽明,2024-03-07,9604
2025,千興,111,27,84,富邦-陽明,2024-03-07,9604
1217,愛之味,89,10,79,富邦-陽明,2024-03-07,9604
6189,豐藝,87,15,72,富邦-陽明,2024-03-07,9604
0056,元大高股息,125,54,71,富邦-陽明,2024-03-07,9604
6274,台燿,139,68,71,富邦-陽明,2024-03-07,9604
00922,國泰台灣領袖50,72,3,69,富邦-陽明,2024-03-07,9604
5465,富驊,69,1,68,富邦-陽明,2024-03-07,9604
8059,凱碩,103,35,68,富邦-陽明,2024-03-07,9604
6290,良維,102,38,64,富邦-陽明,2024-03-07,9604
6270,倍微,65,1,64,富邦-陽明,2024-03-07,9604
8027,鈦昇,68,7,61,富邦-陽明,2024-03-07,9604
1301,台塑,78,17,61,富邦-陽明,2024-03-07,9604
3078,僑威,58,1,57,富邦-陽明,2024-03-07,9604
8996,高力,136,79,57,富邦-陽明,2024-03-07,9604
3338,泰碩,127,74,53,富邦-陽明,2024-03-07,9604
2834,臺企銀,1076,209,867,富邦-陽明,2024-03-08,9604
00632R,元大台灣50反1,1031,350,681,富邦-陽明,2024-03-08,9604
6770,力積電,670,101,569,富邦-陽明,2024-03-08,9604
2892,第一金,266,17,249,富邦-陽明,2024-03-08,9604
00664R,國泰臺灣加權反1,218,7,211,富邦-陽明,2024-03-08,9604
00687B,國泰20年美債,222,37,185,富邦-陽明,2024-03-08,9604
2353,宏��,272,113,159,富邦-陽明,2024-03-08,9604
00673R,期元大S＆P原油反1,153,2,151,富邦-陽明,2024-03-08,9604
6005,群益證,175,43,132,富邦-陽明,2024-03-08,9604
4906,正文,170,41,129,富邦-陽明,2024-03-08,9604
5880,合庫金,130,6,124,富邦-陽明,2024-03-08,9604
4147,中裕,126,3,123,富邦-陽明,2024-03-08,9604
00679B,元大美債20年,160,49,111,富邦-陽明,2024-03-08,9604
4157,太景*-KY,100,0,100,富邦-陽明,2024-03-08,9604
9941,裕融,114,17,97,富邦-陽明,2024-03-08,9604
6274,台燿,123,37,86,富邦-陽明,2024-03-08,9604
00857B,永豐20年美公債,83,0,83,富邦-陽明,2024-03-08,9604
6188,廣明,85,3,82,富邦-陽明,2024-03-08,9604
3294,英濟,118,40,78,富邦-陽明,2024-03-08,9604
5498,凱崴,104,32,72,富邦-陽明,2024-03-08,9604
1217,愛之味,73,6,67,富邦-陽明,2024-03-08,9604
00637L,元大滬深300正2,81,15,66,富邦-陽明,2024-03-08,9604
3169,亞信,102,37,65,富邦-陽明,2024-03-08,9604
00676R,富邦臺灣加權反1,67,6,61,富邦-陽明,2024-03-08,9604
8069,元太,89,30,59,富邦-陽明,2024-03-08,9604
00646,元大S＆P500,55,0,55,富邦-陽明,2024-03-08,9604
1303,南亞,63,8,55,富邦-陽明,2024-03-08,9604
5469,瀚宇博,54,0,54,富邦-陽明,2024-03-08,9604
5515,建國,55,1,54,富邦-陽明,2024-03-08,9604
9925,新保,54,0,54,富邦-陽明,2024-03-08,9604
6191,精成科,59,6,53,富邦-陽明,2024-03-08,9604
6116,彩晶,80,27,53,富邦-陽明,2024-03-08,9604
6165,浪凡,50,1,49,富邦-陽明,2024-03-08,9604
00915,凱基優選高股息30,117,69,48,富邦-陽明,2024-03-08,9604
00733,富邦臺灣中小,60,13,47,富邦-陽明,2024-03-08,9604
00764B,群益25年美債,45,0,45,富邦-陽明,2024-03-08,9604
3701,大眾控,69,25,44,富邦-陽明,2024-03-08,9604
1326,台化,45,2,43,富邦-陽明,2024-03-08,9604
2109,華豐,74,31,43,富邦-陽明,2024-03-08,9604
00918,大華優利高填息30,149,107,42,富邦-陽明,2024-03-08,9604
3163,波若威,88,46,42,富邦-陽明,2024-03-08,9604
4306,炎洲,60,18,42,富邦-陽明,2024-03-08,9604
2409,友達,60,19,41,富邦-陽明,2024-03-08,9604
3006,晶豪科,57,17,40,富邦-陽明,2024-03-08,9604
2331,精英,45,5,40,富邦-陽明,2024-03-08,9604
6288,聯嘉,42,3,39,富邦-陽明,2024-03-08,9604
2542,興富發,40,1,39,富邦-陽明,2024-03-08,9604
2312,金寶,43,4,39,富邦-陽明,2024-03-08,9604
00933B,國泰10Y+金融債,95,57,38,富邦-陽明,2024-03-08,9604
3548,兆利,84,47,37,富邦-陽明,2024-03-08,9604
2884,玉山金,1148,50,1098,富邦-陽明,2024-03-11,9604
2834,臺企銀,689,7,682,富邦-陽明,2024-03-11,9604
00937B,群益ESG投等債20,787,123,664,富邦-陽明,2024-03-11,9604
2888,新光金,434,19,415,富邦-陽明,2024-03-11,9604
2882,國泰金,514,128,386,富邦-陽明,2024-03-11,9604
00715L,期街口布蘭特正2,317,0,317,富邦-陽明,2024-03-11,9604
2371,大同,320,40,280,富邦-陽明,2024-03-11,9604
2610,華航,304,64,240,富邦-陽明,2024-03-11,9604
00919,群益台灣精選高息,804,609,195,富邦-陽明,2024-03-11,9604
00664R,國泰臺灣加權反1,202,14,188,富邦-陽明,2024-03-11,9604
2618,長榮航,236,57,179,富邦-陽明,2024-03-11,9604
00680L,元大美債20正2,152,0,152,富邦-陽明,2024-03-11,9604
00915,凱基優選高股息30,199,55,144,富邦-陽明,2024-03-11,9604
00632R,元大台灣50反1,265,131,134,富邦-陽明,2024-03-11,9604
00687B,國泰20年美債,176,58,118,富邦-陽明,2024-03-11,9604
6182,合晶,136,22,114,富邦-陽明,2024-03-11,9604
5880,合庫金,121,14,107,富邦-陽明,2024-03-11,9604
3338,泰碩,126,20,106,富邦-陽明,2024-03-11,9604
00933B,國泰10Y+金融債,248,151,97,富邦-陽明,2024-03-11,9604
2515,中工,100,4,96,富邦-陽明,2024-03-11,9604
2330,台積電,120,26,94,富邦-陽明,2024-03-11,9604
5434,崇越,93,0,93,富邦-陽明,2024-03-11,9604
2887,台新金,82,5,77,富邦-陽明,2024-03-11,9604
1815,富喬,132,58,74,富邦-陽明,2024-03-11,9604
3583,辛耘,123,59,64,富邦-陽明,2024-03-11,9604
00935,野村臺灣新科技50,67,6,61,富邦-陽明,2024-03-11,9604
00753L,中信中國50正2,75,14,61,富邦-陽明,2024-03-11,9604
00688L,國泰20年美債正2,60,0,60,富邦-陽明,2024-03-11,9604
2889,國票金,65,6,59,富邦-陽明,2024-03-11,9604
2634,漢翔,53,0,53,富邦-陽明,2024-03-11,9604
2603,長榮,83,30,53,富邦-陽明,2024-03-11,9604
2547,日勝生,58,5,53,富邦-陽明,2024-03-11,9604
1316,上曜,124,73,51,富邦-陽明,2024-03-11,9604
00706L,期元大S＆P日圓正2,57,6,51,富邦-陽明,2024-03-11,9604
00764B,群益25年美債,51,0,51,富邦-陽明,2024-03-11,9604
4157,太景*-KY,51,2,49,富邦-陽明,2024-03-11,9604
4943,康控-KY,49,0,49,富邦-陽明,2024-03-11,9604
2495,普安,50,3,47,富邦-陽明,2024-03-11,9604
00712,復華富時不動產,59,14,45,富邦-陽明,2024-03-11,9604
5488,松普,56,15,41,富邦-陽明,2024-03-11,9604
00751B,元大AAA至A公司債,50,11,39,富邦-陽明,2024-03-11,9604
3673,TPK-KY,47,10,37,富邦-陽明,2024-03-11,9604
5469,瀚宇博,37,4,33,富邦-陽明,2024-03-11,9604
00720B,元大投資級公司債,39,6,33,富邦-陽明,2024-03-11,9604
5347,世界,34,2,32,富邦-陽明,2024-03-11,9604
2002,中鋼,52,21,31,富邦-陽明,2024-03-11,9604
1101,台泥,67,36,31,富邦-陽明,2024-03-11,9604
2607,榮運,32,1,31,富邦-陽明,2024-03-11,9604
9958,世紀鋼,35,4,31,富邦-陽明,2024-03-11,9604
4163,鐿鈦,30,0,30,富邦-陽明,2024-03-11,9604
00919,群益台灣精選高息,951,334,617,富邦-陽明,2024-03-12,9604
2884,玉山金,554,62,492,富邦-陽明,2024-03-12,9604
00937B,群益ESG投等債20,488,64,424,富邦-陽明,2024-03-12,9604
00687B,國泰20年美債,280,3,277,富邦-陽明,2024-03-12,9604
00918,大華優利高填息30,274,22,252,富邦-陽明,2024-03-12,9604
00632R,元大台灣50反1,407,193,214,富邦-陽明,2024-03-12,9604
00664R,國泰臺灣加權反1,215,3,212,富邦-陽明,2024-03-12,9604
5443,均豪,221,18,203,富邦-陽明,2024-03-12,9604
1101,台泥,204,14,190,富邦-陽明,2024-03-12,9604
2867,三商壽,139,4,135,富邦-陽明,2024-03-12,9604
2888,新光金,136,11,125,富邦-陽明,2024-03-12,9604
2352,佳世達,125,3,122,富邦-陽明,2024-03-12,9604
00679B,元大美債20年,111,2,109,富邦-陽明,2024-03-12,9604
1417,嘉裕,97,0,97,富邦-陽明,2024-03-12,9604
2367,燿華,260,182,78,富邦-陽明,2024-03-12,9604
00892,富邦台灣半導體,101,30,71,富邦-陽明,2024-03-12,9604
5498,凱崴,92,26,66,富邦-陽明,2024-03-12,9604
2601,益航,68,2,66,富邦-陽明,2024-03-12,9604
2449,京元電子,88,24,64,富邦-陽明,2024-03-12,9604
00764B,群益25年美債,64,0,64,富邦-陽明,2024-03-12,9604
2376,技嘉,82,18,64,富邦-陽明,2024-03-12,9604
2883,凱基金,157,94,63,富邦-陽明,2024-03-12,9604
00680L,元大美債20正2,60,2,58,富邦-陽明,2024-03-12,9604
00857B,永豐20年美公債,58,0,58,富邦-陽明,2024-03-12,9604
2897,王道銀行,60,4,56,富邦-陽明,2024-03-12,9604
1815,富喬,95,44,51,富邦-陽明,2024-03-12,9604
2882,國泰金,96,46,50,富邦-陽明,2024-03-12,9604
1514,亞力,129,80,49,富邦-陽明,2024-03-12,9604
2880,華南金,68,21,47,富邦-陽明,2024-03-12,9604
2515,中工,52,5,47,富邦-陽明,2024-03-12,9604
3036,文曄,57,13,44,富邦-陽明,2024-03-12,9604
2344,華邦電,61,18,43,富邦-陽明,2024-03-12,9604
2460,建通,45,2,43,富邦-陽明,2024-03-12,9604
00725B,國泰投資級公司債,43,0,43,富邦-陽明,2024-03-12,9604
2371,大同,176,133,43,富邦-陽明,2024-03-12,9604
4714,永捷,89,49,40,富邦-陽明,2024-03-12,9604
00933B,國泰10Y+金融債,86,46,40,富邦-陽明,2024-03-12,9604
6279,胡連,46,7,39,富邦-陽明,2024-03-12,9604
1437,勤益控,39,0,39,富邦-陽明,2024-03-12,9604
1471,首利,48,10,38,富邦-陽明,2024-03-12,9604
00720B,元大投資級公司債,48,11,37,富邦-陽明,2024-03-12,9604
00751B,元大AAA至A公司債,35,0,35,富邦-陽明,2024-03-12,9604
3583,辛耘,57,22,35,富邦-陽明,2024-03-12,9604
8936,國統,58,23,35,富邦-陽明,2024-03-12,9604
3481,群創,72,37,35,富邦-陽明,2024-03-12,9604
3231,緯創,167,133,34,富邦-陽明,2024-03-12,9604
4533,協易機,56,22,34,富邦-陽明,2024-03-12,9604
6165,浪凡,34,1,33,富邦-陽明,2024-03-12,9604
8926,台汽電,48,16,32,富邦-陽明,2024-03-12,9604
00706L,期元大S＆P日圓正2,113,81,32,富邦-陽明,2024-03-12,9604
00919,群益台灣精選高息,2373,844,1529,富邦-陽明,2024-03-13,9604
00937B,群益ESG投等債20,482,54,428,富邦-陽明,2024-03-13,9604
00933B,國泰10Y+金融債,759,337,422,富邦-陽明,2024-03-13,9604
00927,群益半導體收益,332,22,310,富邦-陽明,2024-03-13,9604
2834,臺企銀,392,126,266,富邦-陽明,2024-03-13,9604
2610,華航,252,8,244,富邦-陽明,2024-03-13,9604
3231,緯創,493,251,242,富邦-陽明,2024-03-13,9604
00915,凱基優選高股息30,252,59,193,富邦-陽明,2024-03-13,9604
00857B,永豐20年美公債,199,10,189,富邦-陽明,2024-03-13,9604
00637L,元大滬深300正2,168,6,162,富邦-陽明,2024-03-13,9604
2515,中工,213,52,161,富邦-陽明,2024-03-13,9604
00679B,元大美債20年,181,31,150,富邦-陽明,2024-03-13,9604
00918,大華優利高填息30,282,138,144,富邦-陽明,2024-03-13,9604
00632R,元大台灣50反1,267,129,138,富邦-陽明,2024-03-13,9604
00687B,國泰20年美債,203,81,122,富邦-陽明,2024-03-13,9604
4157,太景*-KY,150,30,120,富邦-陽明,2024-03-13,9604
6282,康舒,136,22,114,富邦-陽明,2024-03-13,9604
6161,捷波,110,1,109,富邦-陽明,2024-03-13,9604
00751B,元大AAA至A公司債,128,20,108,富邦-陽明,2024-03-13,9604
2344,華邦電,137,34,103,富邦-陽明,2024-03-13,9604
8112,至上,121,18,103,富邦-陽明,2024-03-13,9604
3338,泰碩,127,25,102,富邦-陽明,2024-03-13,9604
00671R,富邦NASDAQ反1,100,0,100,富邦-陽明,2024-03-13,9604
2102,泰豐,100,0,100,富邦-陽明,2024-03-13,9604
2324,仁寶,134,37,97,富邦-陽明,2024-03-13,9604
00680L,元大美債20正2,127,34,93,富邦-陽明,2024-03-13,9604
2888,新光金,250,158,92,富邦-陽明,2024-03-13,9604
2618,長榮航,212,121,91,富邦-陽明,2024-03-13,9604
8996,高力,160,72,88,富邦-陽明,2024-03-13,9604
3325,旭品,106,28,78,富邦-陽明,2024-03-13,9604
2897,王道銀行,95,18,77,富邦-陽明,2024-03-13,9604
00891,中信關鍵半導體,107,34,73,富邦-陽明,2024-03-13,9604
8011,台通,312,240,72,富邦-陽明,2024-03-13,9604
6109,亞元,71,0,71,富邦-陽明,2024-03-13,9604
3715,定穎投控,79,14,65,富邦-陽明,2024-03-13,9604
00887,永豐中國科技50大,64,0,64,富邦-陽明,2024-03-13,9604
6116,彩晶,62,2,60,富邦-陽明,2024-03-13,9604
00929,復華台灣科技優息,400,341,59,富邦-陽明,2024-03-13,9604
2002,中鋼,192,133,59,富邦-陽明,2024-03-13,9604
2408,南亞科,75,18,57,富邦-陽明,2024-03-13,9604
3260,威剛,77,21,56,富邦-陽明,2024-03-13,9604
2383,台光電,65,14,51,富邦-陽明,2024-03-13,9604
2880,華南金,72,21,51,富邦-陽明,2024-03-13,9604
00930,永豐ESG低碳高息,94,43,51,富邦-陽明,2024-03-13,9604
00669R,國泰美國道瓊反1,50,0,50,富邦-陽明,2024-03-13,9604
2006,東和鋼鐵,50,0,50,富邦-陽明,2024-03-13,9604
1259,安心,48,0,48,富邦-陽明,2024-03-13,9604
3071,協禧,60,12,48,富邦-陽明,2024-03-13,9604
00688L,國泰20年美債正2,88,41,47,富邦-陽明,2024-03-13,9604
6117,迎廣,65,18,47,富邦-陽明,2024-03-13,9604
00919,群益台灣精選高息,2220,793,1427,富邦-陽明,2024-03-14,9604
2618,長榮航,1156,663,493,富邦-陽明,2024-03-14,9604
00632R,元大台灣50反1,533,50,483,富邦-陽明,2024-03-14,9604
00929,復華台灣科技優息,756,300,456,富邦-陽明,2024-03-14,9604
00915,凱基優選高股息30,317,25,292,富邦-陽明,2024-03-14,9604
00679B,元大美債20年,323,55,268,富邦-陽明,2024-03-14,9604
9958,世紀鋼,298,53,245,富邦-陽明,2024-03-14,9604
00673R,期元大S＆P原油反1,216,0,216,富邦-陽明,2024-03-14,9604
2801,彰銀,231,17,214,富邦-陽明,2024-03-14,9604
00937B,群益ESG投等債20,241,42,199,富邦-陽明,2024-03-14,9604
00878,國泰永續高股息,222,56,166,富邦-陽明,2024-03-14,9604
00918,大華優利高填息30,365,208,157,富邦-陽明,2024-03-14,9604
00857B,永豐20年美公債,150,1,149,富邦-陽明,2024-03-14,9604
2883,凱基金,711,568,143,富邦-陽明,2024-03-14,9604
3171,炎洲流通,130,0,130,富邦-陽明,2024-03-14,9604
00933B,國泰10Y+金融債,117,8,109,富邦-陽明,2024-03-14,9604
2603,長榮,176,71,105,富邦-陽明,2024-03-14,9604
3583,辛耘,112,12,100,富邦-陽明,2024-03-14,9604
2367,燿華,160,64,96,富邦-陽明,2024-03-14,9604
2408,南亞科,102,11,91,富邦-陽明,2024-03-14,9604
00927,群益半導體收益,136,47,89,富邦-陽明,2024-03-14,9604
6005,群益證,134,50,84,富邦-陽明,2024-03-14,9604
00706L,期元大S＆P日圓正2,85,2,83,富邦-陽明,2024-03-14,9604
2890,永豐金,143,64,79,富邦-陽明,2024-03-14,9604
2354,鴻準,143,70,73,富邦-陽明,2024-03-14,9604
2887,台新金,169,97,72,富邦-陽明,2024-03-14,9604
00650L,復華香港正2,108,37,71,富邦-陽明,2024-03-14,9604
5434,崇越,70,2,68,富邦-陽明,2024-03-14,9604
2382,廣達,86,19,67,富邦-陽明,2024-03-14,9604
2409,友達,89,25,64,富邦-陽明,2024-03-14,9604
2897,王道銀行,68,6,62,富邦-陽明,2024-03-14,9604
2845,遠東銀,87,29,58,富邦-陽明,2024-03-14,9604
3207,耀勝,66,8,58,富邦-陽明,2024-03-14,9604
6139,亞翔,85,27,58,富邦-陽明,2024-03-14,9604
3702,大聯大,62,6,56,富邦-陽明,2024-03-14,9604
1608,華榮,87,31,56,富邦-陽明,2024-03-14,9604
2101,南港,103,50,53,富邦-陽明,2024-03-14,9604
2892,第一金,137,86,51,富邦-陽明,2024-03-14,9604
00795B,中信美國公債20年,57,6,51,富邦-陽明,2024-03-14,9604
2885,元大金,87,37,50,富邦-陽明,2024-03-14,9604
3005,神基,87,39,48,富邦-陽明,2024-03-14,9604
1307,三芳,56,11,45,富邦-陽明,2024-03-14,9604
2515,中工,245,201,44,富邦-陽明,2024-03-14,9604
3163,波若威,107,63,44,富邦-陽明,2024-03-14,9604
6223,旺矽,49,6,43,富邦-陽明,2024-03-14,9604
9902,台火,77,36,41,富邦-陽明,2024-03-14,9604
3047,訊舟,40,0,40,富邦-陽明,2024-03-14,9604
3491,昇達科,44,6,38,富邦-陽明,2024-03-14,9604
1234,黑松,38,0,38,富邦-陽明,2024-03-14,9604
6109,亞元,37,0,37,富邦-陽明,2024-03-14,9604
00919,群益台灣精選高息,2227,577,1650,富邦-陽明,2024-03-15,9604
00941,中信上游半導體,1892,396,1496,富邦-陽明,2024-03-15,9604
00632R,元大台灣50反1,792,13,779,富邦-陽明,2024-03-15,9604
00688L,國泰20年美債正2,708,0,708,富邦-陽明,2024-03-15,9604
2882,國泰金,543,73,470,富邦-陽明,2024-03-15,9604
00937B,群益ESG投等債20,382,7,375,富邦-陽明,2024-03-15,9604
2834,臺企銀,1242,882,360,富邦-陽明,2024-03-15,9604
00918,大華優利高填息30,395,37,358,富邦-陽明,2024-03-15,9604
00673R,期元大S＆P原油反1,348,0,348,富邦-陽明,2024-03-15,9604
00664R,國泰臺灣加權反1,350,2,348,富邦-陽明,2024-03-15,9604
00679B,元大美債20年,290,28,262,富邦-陽明,2024-03-15,9604
00680L,元大美債20正2,286,40,246,富邦-陽明,2024-03-15,9604
2603,長榮,640,402,238,富邦-陽明,2024-03-15,9604
00687B,國泰20年美債,278,52,226,富邦-陽明,2024-03-15,9604
00650L,復華香港正2,218,11,207,富邦-陽明,2024-03-15,9604
2618,長榮航,221,53,168,富邦-陽明,2024-03-15,9604
2303,聯電,233,76,157,富邦-陽明,2024-03-15,9604
2511,太子,148,0,148,富邦-陽明,2024-03-15,9604
2330,台積電,162,40,122,富邦-陽明,2024-03-15,9604
00857B,永豐20年美公債,121,0,121,富邦-陽明,2024-03-15,9604
2356,英業達,128,24,104,富邦-陽明,2024-03-15,9604
00891,中信關鍵半導體,124,21,103,富邦-陽明,2024-03-15,9604
00795B,中信美國公債20年,101,0,101,富邦-陽明,2024-03-15,9604
00935,野村臺灣新科技50,106,12,94,富邦-陽明,2024-03-15,9604
3163,波若威,128,39,89,富邦-陽明,2024-03-15,9604
2101,南港,92,11,81,富邦-陽明,2024-03-15,9604
5201,凱衛,87,13,74,富邦-陽明,2024-03-15,9604
2610,華航,97,24,73,富邦-陽明,2024-03-15,9604
00933B,國泰10Y+金融債,138,67,71,富邦-陽明,2024-03-15,9604
8936,國統,75,9,66,富邦-陽明,2024-03-15,9604
1303,南亞,74,10,64,富邦-陽明,2024-03-15,9604
3051,力特,95,32,63,富邦-陽明,2024-03-15,9604
2352,佳世達,65,7,58,富邦-陽明,2024-03-15,9604
00712,復華富時不動產,61,4,57,富邦-陽明,2024-03-15,9604
2645,長榮航太,73,16,57,富邦-陽明,2024-03-15,9604
3322,建舜電,61,6,55,富邦-陽明,2024-03-15,9604
2609,陽明,158,106,52,富邦-陽明,2024-03-15,9604
2633,台灣高鐵,190,138,52,富邦-陽明,2024-03-15,9604
00751B,元大AAA至A公司債,52,0,52,富邦-陽明,2024-03-15,9604
6290,良維,64,16,48,富邦-陽明,2024-03-15,9604
00772B,中信高評級公司債,56,8,48,富邦-陽明,2024-03-15,9604
00915,凱基優選高股息30,91,45,46,富邦-陽明,2024-03-15,9604
1210,大成,69,24,45,富邦-陽明,2024-03-15,9604
2308,台達電,52,8,44,富邦-陽明,2024-03-15,9604
5515,建國,71,28,43,富邦-陽明,2024-03-15,9604
8105,凌巨,47,4,43,富邦-陽明,2024-03-15,9604
2881,富邦金,64,21,43,富邦-陽明,2024-03-15,9604
2344,華邦電,55,15,40,富邦-陽明,2024-03-15,9604
6591,動力-KY,40,0,40,富邦-陽明,2024-03-15,9604
1229,聯華,39,1,38,富邦-陽明,2024-03-15,9604
00919,群益台灣精選高息,805,205,600,富邦-陽明,2024-03-18,9604
00933B,國泰10Y+金融債,419,2,417,富邦-陽明,2024-03-18,9604
00688L,國泰20年美債正2,402,0,402,富邦-陽明,2024-03-18,9604
00937B,群益ESG投等債20,327,15,312,富邦-陽明,2024-03-18,9604
00679B,元大美債20年,273,9,264,富邦-陽明,2024-03-18,9604
00915,凱基優選高股息30,290,35,255,富邦-陽明,2024-03-18,9604
00673R,期元大S＆P原油反1,214,0,214,富邦-陽明,2024-03-18,9604
00687B,國泰20年美債,295,89,206,富邦-陽明,2024-03-18,9604
00918,大華優利高填息30,235,49,186,富邦-陽明,2024-03-18,9604
00680L,元大美債20正2,156,0,156,富邦-陽明,2024-03-18,9604
5515,建國,148,0,148,富邦-陽明,2024-03-18,9604
2905,三商,158,22,136,富邦-陽明,2024-03-18,9604
00720B,元大投資級公司債,138,5,133,富邦-陽明,2024-03-18,9604
00665L,富邦�琤肭磪囓�2,300,168,132,富邦-陽明,2024-03-18,9604
3466,德晉,133,7,126,富邦-陽明,2024-03-18,9604
2618,長榮航,153,33,120,富邦-陽明,2024-03-18,9604
3706,神達,160,40,120,富邦-陽明,2024-03-18,9604
00751B,元大AAA至A公司債,109,0,109,富邦-陽明,2024-03-18,9604
2489,瑞軒,102,0,102,富邦-陽明,2024-03-18,9604
2889,國票金,107,7,100,富邦-陽明,2024-03-18,9604
2801,彰銀,117,20,97,富邦-陽明,2024-03-18,9604
5465,富驊,97,0,97,富邦-陽明,2024-03-18,9604
2897,王道銀行,89,0,89,富邦-陽明,2024-03-18,9604
1608,華榮,114,30,84,富邦-陽明,2024-03-18,9604
00931B,統一美債20年,86,5,81,富邦-陽明,2024-03-18,9604
00641R,富邦日本反1,78,0,78,富邦-陽明,2024-03-18,9604
00706L,期元大S＆P日圓正2,77,0,77,富邦-陽明,2024-03-18,9604
2610,華航,81,9,72,富邦-陽明,2024-03-18,9604
2449,京元電子,122,50,72,富邦-陽明,2024-03-18,9604
00878,國泰永續高股息,112,42,70,富邦-陽明,2024-03-18,9604
2002,中鋼,118,49,69,富邦-陽明,2024-03-18,9604
2633,台灣高鐵,91,25,66,富邦-陽明,2024-03-18,9604
3029,零壹,59,0,59,富邦-陽明,2024-03-18,9604
6116,彩晶,69,11,58,富邦-陽明,2024-03-18,9604
3583,辛耘,103,47,56,富邦-陽明,2024-03-18,9604
1477,聚陽,65,9,56,富邦-陽明,2024-03-18,9604
00795B,中信美國公債20年,55,0,55,富邦-陽明,2024-03-18,9604
00857B,永豐20年美公債,54,0,54,富邦-陽明,2024-03-18,9604
2408,南亞科,89,35,54,富邦-陽明,2024-03-18,9604
8473,山林水,53,0,53,富邦-陽明,2024-03-18,9604
2352,佳世達,91,40,51,富邦-陽明,2024-03-18,9604
1447,力鵬,51,0,51,富邦-陽明,2024-03-18,9604
2409,友達,50,2,48,富邦-陽明,2024-03-18,9604
4961,天鈺,66,18,48,富邦-陽明,2024-03-18,9604
00885,富邦越南,64,18,46,富邦-陽明,2024-03-18,9604
1444,力麗,47,3,44,富邦-陽明,2024-03-18,9604
1612,宏泰,46,2,44,富邦-陽明,2024-03-18,9604
1102,亞泥,49,6,43,富邦-陽明,2024-03-18,9604
3481,群創,62,19,43,富邦-陽明,2024-03-18,9604
6005,群益證,48,6,42,富邦-陽明,2024-03-18,9604
00882,中信中國高股息,355,0,355,富邦-陽明,2024-03-19,9604
2834,臺企銀,374,41,333,富邦-陽明,2024-03-19,9604
00687B,國泰20年美債,360,30,330,富邦-陽明,2024-03-19,9604
00941,中信上游半導體,295,37,258,富邦-陽明,2024-03-19,9604
00688L,國泰20年美債正2,242,0,242,富邦-陽明,2024-03-19,9604
00937B,群益ESG投等債20,296,92,204,富邦-陽明,2024-03-19,9604
00680L,元大美債20正2,217,48,169,富邦-陽明,2024-03-19,9604
2888,新光金,173,11,162,富邦-陽明,2024-03-19,9604
00673R,期元大S＆P原油反1,157,2,155,富邦-陽明,2024-03-19,9604
00857B,永豐20年美公債,150,2,148,富邦-陽明,2024-03-19,9604
3481,群創,168,20,148,富邦-陽明,2024-03-19,9604
2801,彰銀,134,13,121,富邦-陽明,2024-03-19,9604
00679B,元大美債20年,125,18,107,富邦-陽明,2024-03-19,9604
2359,所羅門,198,96,102,富邦-陽明,2024-03-19,9604
3045,台灣大,112,10,102,富邦-陽明,2024-03-19,9604
5515,建國,109,11,98,富邦-陽明,2024-03-19,9604
00632R,元大台灣50反1,136,39,97,富邦-陽明,2024-03-19,9604
9958,世紀鋼,165,72,93,富邦-陽明,2024-03-19,9604
3322,建舜電,92,0,92,富邦-陽明,2024-03-19,9604
1101,台泥,94,2,92,富邦-陽明,2024-03-19,9604
8996,高力,103,21,82,富邦-陽明,2024-03-19,9604
00665L,富邦�琤肭磪囓�2,92,13,79,富邦-陽明,2024-03-19,9604
2344,華邦電,95,19,76,富邦-陽明,2024-03-19,9604
00650L,復華香港正2,255,179,76,富邦-陽明,2024-03-19,9604
00772B,中信高評級公司債,76,3,73,富邦-陽明,2024-03-19,9604
00706L,期元大S＆P日圓正2,160,89,71,富邦-陽明,2024-03-19,9604
2002,中鋼,90,29,61,富邦-陽明,2024-03-19,9604
4306,炎洲,58,0,58,富邦-陽明,2024-03-19,9604
2329,華泰,79,27,52,富邦-陽明,2024-03-19,9604
2208,台船,109,60,49,富邦-陽明,2024-03-19,9604
3312,弘憶股,79,32,47,富邦-陽明,2024-03-19,9604
2486,一詮,131,84,47,富邦-陽明,2024-03-19,9604
1314,中石化,52,5,47,富邦-陽明,2024-03-19,9604
2371,大同,61,15,46,富邦-陽明,2024-03-19,9604
2476,鉅祥,51,7,44,富邦-陽明,2024-03-19,9604
2405,輔信,48,7,41,富邦-陽明,2024-03-19,9604
1503,士電,176,135,41,富邦-陽明,2024-03-19,9604
1316,上曜,91,51,40,富邦-陽明,2024-03-19,9604
00930,永豐ESG低碳高息,54,15,39,富邦-陽明,2024-03-19,9604
00918,大華優利高填息30,172,134,38,富邦-陽明,2024-03-19,9604
00923,群益台ESG低碳50,37,0,37,富邦-陽明,2024-03-19,9604
1568,倉佑,37,0,37,富邦-陽明,2024-03-19,9604
2439,美律,49,13,36,富邦-陽明,2024-03-19,9604
3702,大聯大,88,53,35,富邦-陽明,2024-03-19,9604
1402,遠東新,37,3,34,富邦-陽明,2024-03-19,9604
1708,東鹼,43,9,34,富邦-陽明,2024-03-19,9604
2353,宏��,85,51,34,富邦-陽明,2024-03-19,9604
9902,台火,52,19,33,富邦-陽明,2024-03-19,9604
00898,國泰基因免疫革命,32,0,32,富邦-陽明,2024-03-19,9604
3017,奇鋐,66,34,32,富邦-陽明,2024-03-19,9604
2883,凱基金,2733,138,2595,富邦-陽明,2024-03-20,9604
00939,統一台灣高息動能,3133,925,2208,富邦-陽明,2024-03-20,9604
00919,群益台灣精選高息,1636,703,933,富邦-陽明,2024-03-20,9604
00706L,期元大S＆P日圓正2,358,28,330,富邦-陽明,2024-03-20,9604
00937B,群益ESG投等債20,301,59,242,富邦-陽明,2024-03-20,9604
2356,英業達,280,48,232,富邦-陽明,2024-03-20,9604
9958,世紀鋼,305,95,210,富邦-陽明,2024-03-20,9604
00673R,期元大S＆P原油反1,170,0,170,富邦-陽明,2024-03-20,9604
2354,鴻準,261,116,145,富邦-陽明,2024-03-20,9604
00646,元大S＆P500,143,0,143,富邦-陽明,2024-03-20,9604
3049,精金,142,0,142,富邦-陽明,2024-03-20,9604
00753L,中信中國50正2,139,5,134,富邦-陽明,2024-03-20,9604
00878,國泰永續高股息,203,70,133,富邦-陽明,2024-03-20,9604
2344,華邦電,141,14,127,富邦-陽明,2024-03-20,9604
2382,廣達,163,37,126,富邦-陽明,2024-03-20,9604
00688L,國泰20年美債正2,127,4,123,富邦-陽明,2024-03-20,9604
00882,中信中國高股息,135,21,114,富邦-陽明,2024-03-20,9604
3481,群創,213,101,112,富邦-陽明,2024-03-20,9604
00679B,元大美債20年,144,34,110,富邦-陽明,2024-03-20,9604
2801,彰銀,117,10,107,富邦-陽明,2024-03-20,9604
2885,元大金,108,5,103,富邦-陽明,2024-03-20,9604
2834,臺企銀,117,15,102,富邦-陽明,2024-03-20,9604
4157,太景*-KY,100,0,100,富邦-陽明,2024-03-20,9604
1301,台塑,107,16,91,富邦-陽明,2024-03-20,9604
2897,王道銀行,86,0,86,富邦-陽明,2024-03-20,9604
2603,長榮,533,456,77,富邦-陽明,2024-03-20,9604
2912,統一超,76,0,76,富邦-陽明,2024-03-20,9604
4128,中天,83,8,75,富邦-陽明,2024-03-20,9604
3576,聯合再生,126,53,73,富邦-陽明,2024-03-20,9604
8011,台通,129,58,71,富邦-陽明,2024-03-20,9604
2323,中環,82,13,69,富邦-陽明,2024-03-20,9604
1303,南亞,65,4,61,富邦-陽明,2024-03-20,9604
6160,欣技,65,4,61,富邦-陽明,2024-03-20,9604
00632R,元大台灣50反1,168,109,59,富邦-陽明,2024-03-20,9604
6016,康和證,57,0,57,富邦-陽明,2024-03-20,9604
4912,聯德控股-KY,52,1,51,富邦-陽明,2024-03-20,9604
00637L,元大滬深300正2,164,113,51,富邦-陽明,2024-03-20,9604
1710,東聯,54,3,51,富邦-陽明,2024-03-20,9604
2352,佳世達,77,26,51,富邦-陽明,2024-03-20,9604
6005,群益證,70,20,50,富邦-陽明,2024-03-20,9604
2505,國揚,70,21,49,富邦-陽明,2024-03-20,9604
2002,中鋼,93,44,49,富邦-陽明,2024-03-20,9604
1612,宏泰,54,7,47,富邦-陽明,2024-03-20,9604
00725B,國泰投資級公司債,74,28,46,富邦-陽明,2024-03-20,9604
2453,凌群,91,45,46,富邦-陽明,2024-03-20,9604
3260,威剛,51,5,46,富邦-陽明,2024-03-20,9604
00680L,元大美債20正2,47,2,45,富邦-陽明,2024-03-20,9604
00712,復華富時不動產,87,42,45,富邦-陽明,2024-03-20,9604
2515,中工,45,2,43,富邦-陽明,2024-03-20,9604
5880,合庫金,47,5,42,富邦-陽明,2024-03-20,9604
00939,統一台灣高息動能,1392,175,1217,富邦-陽明,2024-03-21,9604
00937B,群益ESG投等債20,436,77,359,富邦-陽明,2024-03-21,9604
00919,群益台灣精選高息,1058,770,288,富邦-陽明,2024-03-21,9604
00632R,元大台灣50反1,334,99,235,富邦-陽明,2024-03-21,9604
00679B,元大美債20年,226,13,213,富邦-陽明,2024-03-21,9604
00857B,永豐20年美公債,200,0,200,富邦-陽明,2024-03-21,9604
2303,聯電,331,138,193,富邦-陽明,2024-03-21,9604
2615,萬海,166,5,161,富邦-陽明,2024-03-21,9604
00687B,國泰20年美債,274,160,114,富邦-陽明,2024-03-21,9604
00720B,元大投資級公司債,135,24,111,富邦-陽明,2024-03-21,9604
2405,輔信,220,113,107,富邦-陽明,2024-03-21,9604
00671R,富邦NASDAQ反1,105,0,105,富邦-陽明,2024-03-21,9604
00646,元大S＆P500,101,0,101,富邦-陽明,2024-03-21,9604
00927,群益半導體收益,102,4,98,富邦-陽明,2024-03-21,9604
2006,東和鋼鐵,100,2,98,富邦-陽明,2024-03-21,9604
2880,華南金,109,13,96,富邦-陽明,2024-03-21,9604
1210,大成,92,4,88,富邦-陽明,2024-03-21,9604
6015,宏遠證,108,21,87,富邦-陽明,2024-03-21,9604
2905,三商,88,1,87,富邦-陽明,2024-03-21,9604
4530,宏易,83,0,83,富邦-陽明,2024-03-21,9604
00915,凱基優選高股息30,105,26,79,富邦-陽明,2024-03-21,9604
2618,長榮航,151,88,63,富邦-陽明,2024-03-21,9604
3005,神基,158,101,57,富邦-陽明,2024-03-21,9604
4714,永捷,69,14,55,富邦-陽明,2024-03-21,9604
00648R,元大S＆P500反1,55,0,55,富邦-陽明,2024-03-21,9604
00641R,富邦日本反1,50,0,50,富邦-陽明,2024-03-21,9604
00669R,國泰美國道瓊反1,50,0,50,富邦-陽明,2024-03-21,9604
1101,台泥,92,44,48,富邦-陽明,2024-03-21,9604
00688L,國泰20年美債正2,47,0,47,富邦-陽明,2024-03-21,9604
6109,亞元,45,0,45,富邦-陽明,2024-03-21,9604
00725B,國泰投資級公司債,56,12,44,富邦-陽明,2024-03-21,9604
00772B,中信高評級公司債,104,62,42,富邦-陽明,2024-03-21,9604
4768,晶呈科技,57,16,41,富邦-陽明,2024-03-21,9604
3163,波若威,41,2,39,富邦-陽明,2024-03-21,9604
3481,群創,221,183,38,富邦-陽明,2024-03-21,9604
00795B,中信美國公債20年,37,0,37,富邦-陽明,2024-03-21,9604
4127,天良,48,12,36,富邦-陽明,2024-03-21,9604
2301,光寶科,137,103,34,富邦-陽明,2024-03-21,9604
9958,世紀鋼,224,190,34,富邦-陽明,2024-03-21,9604
4513,福裕,36,3,33,富邦-陽明,2024-03-21,9604
6285,啟��,54,21,33,富邦-陽明,2024-03-21,9604
1301,台塑,45,13,32,富邦-陽明,2024-03-21,9604
1219,福壽,32,0,32,富邦-陽明,2024-03-21,9604
2885,元大金,63,32,31,富邦-陽明,2024-03-21,9604
3037,欣興,152,121,31,富邦-陽明,2024-03-21,9604
8473,山林水,34,3,31,富邦-陽明,2024-03-21,9604
2603,長榮,198,167,31,富邦-陽明,2024-03-21,9604
4912,聯德控股-KY,30,0,30,富邦-陽明,2024-03-21,9604
1313,聯成,30,0,30,富邦-陽明,2024-03-21,9604
00920,富邦ESG綠色電力,30,1,29,富邦-陽明,2024-03-21,9604
2883,凱基金,2175,258,1917,富邦-陽明,2024-03-22,9604
2882,國泰金,1873,80,1793,富邦-陽明,2024-03-22,9604
00939,統一台灣高息動能,853,253,600,富邦-陽明,2024-03-22,9604
00937B,群益ESG投等債20,585,37,548,富邦-陽明,2024-03-22,9604
00941,中信上游半導體,315,15,300,富邦-陽明,2024-03-22,9604
00665L,富邦�琤肭磪囓�2,257,29,228,富邦-陽明,2024-03-22,9604
2888,新光金,256,41,215,富邦-陽明,2024-03-22,9604
2615,萬海,210,6,204,富邦-陽明,2024-03-22,9604
00679B,元大美債20年,215,14,201,富邦-陽明,2024-03-22,9604
00633L,富邦上証正2,223,30,193,富邦-陽明,2024-03-22,9604
2353,宏��,412,244,168,富邦-陽明,2024-03-22,9604
00650L,復華香港正2,167,16,151,富邦-陽明,2024-03-22,9604
2344,華邦電,284,159,125,富邦-陽明,2024-03-22,9604
2371,大同,152,32,120,富邦-陽明,2024-03-22,9604
00688L,國泰20年美債正2,113,0,113,富邦-陽明,2024-03-22,9604
4530,宏易,113,0,113,富邦-陽明,2024-03-22,9604
1504,東元,176,69,107,富邦-陽明,2024-03-22,9604
2603,長榮,642,535,107,富邦-陽明,2024-03-22,9604
2358,廷鑫,111,14,97,富邦-陽明,2024-03-22,9604
9933,中鼎,110,13,97,富邦-陽明,2024-03-22,9604
2303,聯電,157,66,91,富邦-陽明,2024-03-22,9604
2376,技嘉,151,62,89,富邦-陽明,2024-03-22,9604
2834,臺企銀,158,69,89,富邦-陽明,2024-03-22,9604
00637L,元大滬深300正2,219,135,84,富邦-陽明,2024-03-22,9604
00753L,中信中國50正2,85,4,81,富邦-陽明,2024-03-22,9604
5469,瀚宇博,112,41,71,富邦-陽明,2024-03-22,9604
6443,元晶,137,66,71,富邦-陽明,2024-03-22,9604
2317,鴻海,286,221,65,富邦-陽明,2024-03-22,9604
6257,矽格,92,29,63,富邦-陽明,2024-03-22,9604
3706,神達,341,279,62,富邦-陽明,2024-03-22,9604
00706L,期元大S＆P日圓正2,70,13,57,富邦-陽明,2024-03-22,9604
3029,零壹,64,8,56,富邦-陽明,2024-03-22,9604
3005,神基,92,37,55,富邦-陽明,2024-03-22,9604
3033,威健,57,2,55,富邦-陽明,2024-03-22,9604
2889,國票金,60,7,53,富邦-陽明,2024-03-22,9604
5880,合庫金,60,7,53,富邦-陽明,2024-03-22,9604
00751B,元大AAA至A公司債,75,32,43,富邦-陽明,2024-03-22,9604
00725B,國泰投資級公司債,48,5,43,富邦-陽明,2024-03-22,9604
1785,光洋科,72,29,43,富邦-陽明,2024-03-22,9604
2314,台揚,45,5,40,富邦-陽明,2024-03-22,9604
3322,建舜電,83,43,40,富邦-陽明,2024-03-22,9604
1102,亞泥,41,2,39,富邦-陽明,2024-03-22,9604
4714,永捷,61,23,38,富邦-陽明,2024-03-22,9604
2417,圓剛,40,3,37,富邦-陽明,2024-03-22,9604
2867,三商壽,36,0,36,富邦-陽明,2024-03-22,9604
6530,創威,50,14,36,富邦-陽明,2024-03-22,9604
00882,中信中國高股息,49,15,34,富邦-陽明,2024-03-22,9604
2323,中環,101,67,34,富邦-陽明,2024-03-22,9604
8234,新漢,36,3,33,富邦-陽明,2024-03-22,9604
00720B,元大投資級公司債,75,42,33,富邦-陽明,2024-03-22,9604
2886,兆豐金,1436,26,1410,富邦-陽明,2024-03-25,9604
2882,國泰金,785,2,783,富邦-陽明,2024-03-25,9604
00937B,群益ESG投等債20,697,181,516,富邦-陽明,2024-03-25,9604
00941,中信上游半導體,976,606,370,富邦-陽明,2024-03-25,9604
00919,群益台灣精選高息,713,376,337,富邦-陽明,2024-03-25,9604
2356,英業達,619,284,335,富邦-陽明,2024-03-25,9604
00939,統一台灣高息動能,530,220,310,富邦-陽明,2024-03-25,9604
6806,森崴能源,250,91,159,富邦-陽明,2024-03-25,9604
9958,世紀鋼,145,10,135,富邦-陽明,2024-03-25,9604
00679B,元大美債20年,141,7,134,富邦-陽明,2024-03-25,9604
00632R,元大台灣50反1,202,78,124,富邦-陽明,2024-03-25,9604
2353,宏��,203,83,120,富邦-陽明,2024-03-25,9604
00918,大華優利高填息30,115,9,106,富邦-陽明,2024-03-25,9604
00688L,國泰20年美債正2,158,53,105,富邦-陽明,2024-03-25,9604
006208,富邦台50,119,14,105,富邦-陽明,2024-03-25,9604
5347,世界,125,21,104,富邦-陽明,2024-03-25,9604
00753L,中信中國50正2,103,11,92,富邦-陽明,2024-03-25,9604
6188,廣明,253,164,89,富邦-陽明,2024-03-25,9604
2303,聯電,145,63,82,富邦-陽明,2024-03-25,9604
00687B,國泰20年美債,159,77,82,富邦-陽明,2024-03-25,9604
3231,緯創,181,109,72,富邦-陽明,2024-03-25,9604
2367,燿華,163,92,71,富邦-陽明,2024-03-25,9604
3005,神基,132,64,68,富邦-陽明,2024-03-25,9604
5498,凱崴,117,54,63,富邦-陽明,2024-03-25,9604
8936,國統,94,35,59,富邦-陽明,2024-03-25,9604
6016,康和證,58,4,54,富邦-陽明,2024-03-25,9604
2464,盟立,106,54,52,富邦-陽明,2024-03-25,9604
2025,千興,57,7,50,富邦-陽明,2024-03-25,9604
0056,元大高股息,131,87,44,富邦-陽明,2024-03-25,9604
2376,技嘉,64,21,43,富邦-陽明,2024-03-25,9604
8033,雷虎,71,30,41,富邦-陽明,2024-03-25,9604
00751B,元大AAA至A公司債,40,0,40,富邦-陽明,2024-03-25,9604
00646,元大S＆P500,39,1,38,富邦-陽明,2024-03-25,9604
6770,力積電,48,12,36,富邦-陽明,2024-03-25,9604
5880,合庫金,45,12,33,富邦-陽明,2024-03-25,9604
6128,上福,33,0,33,富邦-陽明,2024-03-25,9604
4532,瑞智,35,3,32,富邦-陽明,2024-03-25,9604
8201,無敵,33,1,32,富邦-陽明,2024-03-25,9604
00764B,群益25年美債,32,1,31,富邦-陽明,2024-03-25,9604
00933B,國泰10Y+金融債,34,3,31,富邦-陽明,2024-03-25,9604
2365,昆盈,35,4,31,富邦-陽明,2024-03-25,9604
2363,矽統,38,7,31,富邦-陽明,2024-03-25,9604
6757,台灣虎航,31,0,31,富邦-陽明,2024-03-25,9604
1609,大亞,722,691,31,富邦-陽明,2024-03-25,9604
1714,和桐,34,4,30,富邦-陽明,2024-03-25,9604
00887,永豐中國科技50大,30,0,30,富邦-陽明,2024-03-25,9604
3029,零壹,33,3,30,富邦-陽明,2024-03-25,9604
00642U,期元大S＆P石油,30,0,30,富邦-陽明,2024-03-25,9604
2891,中信金,48,19,29,富邦-陽明,2024-03-25,9604
2002,中鋼,41,12,29,富邦-陽明,2024-03-25,9604
00939,統一台灣高息動能,1202,358,844,富邦-陽明,2024-03-26,9604
1612,宏泰,822,261,561,富邦-陽明,2024-03-26,9604
3231,緯創,498,166,332,富邦-陽明,2024-03-26,9604
00941,中信上游半導體,809,489,320,富邦-陽明,2024-03-26,9604
2883,凱基金,896,588,308,富邦-陽明,2024-03-26,9604
00937B,群益ESG投等債20,448,145,303,富邦-陽明,2024-03-26,9604
2886,兆豐金,364,67,297,富邦-陽明,2024-03-26,9604
2618,長榮航,303,34,269,富邦-陽明,2024-03-26,9604
2344,華邦電,346,182,164,富邦-陽明,2024-03-26,9604
00919,群益台灣精選高息,1268,1114,154,富邦-陽明,2024-03-26,9604
6290,良維,278,131,147,富邦-陽明,2024-03-26,9604
2303,聯電,331,185,146,富邦-陽明,2024-03-26,9604
6016,康和證,135,2,133,富邦-陽明,2024-03-26,9604
1513,中興電,373,245,128,富邦-陽明,2024-03-26,9604
6770,力積電,139,12,127,富邦-陽明,2024-03-26,9604
6015,宏遠證,114,4,110,富邦-陽明,2024-03-26,9604
2603,長榮,891,788,103,富邦-陽明,2024-03-26,9604
2324,仁寶,122,23,99,富邦-陽明,2024-03-26,9604
6125,廣運,235,137,98,富邦-陽明,2024-03-26,9604
00881,國泰台灣5G+,103,4,99,富邦-陽明,2024-03-26,9604
2489,瑞軒,104,13,91,富邦-陽明,2024-03-26,9604
2834,臺企銀,94,4,90,富邦-陽明,2024-03-26,9604
00857B,永豐20年美公債,114,25,89,富邦-陽明,2024-03-26,9604
2417,圓剛,112,23,89,富邦-陽明,2024-03-26,9604
2609,陽明,117,32,85,富邦-陽明,2024-03-26,9604
5201,凱衛,82,4,78,富邦-陽明,2024-03-26,9604
1608,華榮,304,227,77,富邦-陽明,2024-03-26,9604
00679B,元大美債20年,101,26,75,富邦-陽明,2024-03-26,9604
2313,華通,96,24,72,富邦-陽明,2024-03-26,9604
4979,華星光,98,27,71,富邦-陽明,2024-03-26,9604
00751B,元大AAA至A公司債,69,0,69,富邦-陽明,2024-03-26,9604
0056,元大高股息,171,104,67,富邦-陽明,2024-03-26,9604
8112,至上,82,17,65,富邦-陽明,2024-03-26,9604
5515,建國,65,0,65,富邦-陽明,2024-03-26,9604
2354,鴻準,100,36,64,富邦-陽明,2024-03-26,9604
9927,泰銘,58,2,56,富邦-陽明,2024-03-26,9604
00720B,元大投資級公司債,75,21,54,富邦-陽明,2024-03-26,9604
6591,動力-KY,56,3,53,富邦-陽明,2024-03-26,9604
5371,中光電,63,11,52,富邦-陽明,2024-03-26,9604
00676R,富邦臺灣加權反1,50,0,50,富邦-陽明,2024-03-26,9604
2356,英業達,309,259,50,富邦-陽明,2024-03-26,9604
00632R,元大台灣50反1,77,29,48,富邦-陽明,2024-03-26,9604
6109,亞元,47,0,47,富邦-陽明,2024-03-26,9604
00882,中信中國高股息,46,0,46,富邦-陽明,2024-03-26,9604
1597,直得,50,4,46,富邦-陽明,2024-03-26,9604
2534,宏盛,45,0,45,富邦-陽明,2024-03-26,9604
2888,新光金,64,23,41,富邦-陽明,2024-03-26,9604
3059,華晶科,108,67,41,富邦-陽明,2024-03-26,9604
3715,定穎投控,61,19,42,富邦-陽明,2024-03-26,9604
2353,宏��,137,96,41,富邦-陽明,2024-03-26,9604
2303,聯電,2085,75,2010,富邦-陽明,2024-03-27,9604
2883,凱基金,608,118,490,富邦-陽明,2024-03-27,9604
2834,臺企銀,343,17,326,富邦-陽明,2024-03-27,9604
00937B,群益ESG投等債20,323,125,198,富邦-陽明,2024-03-27,9604
2371,大同,481,343,138,富邦-陽明,2024-03-27,9604
2369,菱生,130,6,124,富邦-陽明,2024-03-27,9604
00679B,元大美債20年,151,27,124,富邦-陽明,2024-03-27,9604
9902,台火,129,8,121,富邦-陽明,2024-03-27,9604
1513,中興電,221,105,116,富邦-陽明,2024-03-27,9604
3231,緯創,161,48,113,富邦-陽明,2024-03-27,9604
00939,統一台灣高息動能,356,246,110,富邦-陽明,2024-03-27,9604
00665L,富邦�琤肭磪囓�2,322,213,109,富邦-陽明,2024-03-27,9604
4714,永捷,172,68,104,富邦-陽明,2024-03-27,9604
2002,中鋼,119,25,94,富邦-陽明,2024-03-27,9604
00673R,期元大S＆P原油反1,100,11,89,富邦-陽明,2024-03-27,9604
1597,直得,105,20,85,富邦-陽明,2024-03-27,9604
00706L,期元大S＆P日圓正2,75,1,74,富邦-陽明,2024-03-27,9604
2301,光寶科,93,23,70,富邦-陽明,2024-03-27,9604
2356,英業達,167,103,64,富邦-陽明,2024-03-27,9604
2481,強茂,72,10,62,富邦-陽明,2024-03-27,9604
6282,康舒,65,6,59,富邦-陽明,2024-03-27,9604
2367,燿華,154,96,58,富邦-陽明,2024-03-27,9604
1616,億泰,86,29,57,富邦-陽明,2024-03-27,9604
4979,華星光,94,40,54,富邦-陽明,2024-03-27,9604
00641R,富邦日本反1,50,0,50,富邦-陽明,2024-03-27,9604
00772B,中信高評級公司債,48,0,48,富邦-陽明,2024-03-27,9604
00941,中信上游半導體,181,134,47,富邦-陽明,2024-03-27,9604
2892,第一金,46,2,44,富邦-陽明,2024-03-27,9604
2358,廷鑫,75,32,43,富邦-陽明,2024-03-27,9604
3481,群創,88,48,40,富邦-陽明,2024-03-27,9604
6770,力積電,73,34,39,富邦-陽明,2024-03-27,9604
2905,三商,40,1,39,富邦-陽明,2024-03-27,9604
00929,復華台灣科技優息,302,265,37,富邦-陽明,2024-03-27,9604
6189,豐藝,39,7,32,富邦-陽明,2024-03-27,9604
6215,和椿,53,21,32,富邦-陽明,2024-03-27,9604
3013,晟銘電,59,28,31,富邦-陽明,2024-03-27,9604
1618,合機,61,30,31,富邦-陽明,2024-03-27,9604
1471,首利,34,4,30,富邦-陽明,2024-03-27,9604
2439,美律,33,3,30,富邦-陽明,2024-03-27,9604
2328,廣宇,47,18,29,富邦-陽明,2024-03-27,9604
1603,華電,208,180,28,富邦-陽明,2024-03-27,9604
3376,新日興,57,29,28,富邦-陽明,2024-03-27,9604
9105,泰金寶-DR,68,40,28,富邦-陽明,2024-03-27,9604
00919,群益台灣精選高息,297,270,27,富邦-陽明,2024-03-27,9604
9911,櫻花,28,1,27,富邦-陽明,2024-03-27,9604
00882,中信中國高股息,27,0,27,富邦-陽明,2024-03-27,9604
00687B,國泰20年美債,47,22,25,富邦-陽明,2024-03-27,9604
8210,勤誠,26,1,25,富邦-陽明,2024-03-27,9604
4127,天良,49,26,23,富邦-陽明,2024-03-27,9604
1617,榮星,83,60,23,富邦-陽明,2024-03-27,9604
2883,凱基金,3122,762,2360,富邦-陽明,2024-03-28,9604
00937B,群益ESG投等債20,383,10,373,富邦-陽明,2024-03-28,9604
00939,統一台灣高息動能,399,76,323,富邦-陽明,2024-03-28,9604
1477,聚陽,278,5,273,富邦-陽明,2024-03-28,9604
00688L,國泰20年美債正2,385,181,204,富邦-陽明,2024-03-28,9604
9958,世紀鋼,261,61,200,富邦-陽明,2024-03-28,9604
3706,神達,253,87,166,富邦-陽明,2024-03-28,9604
2633,台灣高鐵,154,2,152,富邦-陽明,2024-03-28,9604
00632R,元大台灣50反1,161,10,151,富邦-陽明,2024-03-28,9604
2301,光寶科,162,22,140,富邦-陽明,2024-03-28,9604
00679B,元大美債20年,159,28,131,富邦-陽明,2024-03-28,9604
2354,鴻準,418,292,126,富邦-陽明,2024-03-28,9604
2328,廣宇,283,159,124,富邦-陽明,2024-03-28,9604
3005,神基,162,42,120,富邦-陽明,2024-03-28,9604
1314,中石化,127,9,118,富邦-陽明,2024-03-28,9604
2801,彰銀,120,3,117,富邦-陽明,2024-03-28,9604
2634,漢翔,188,75,113,富邦-陽明,2024-03-28,9604
00919,群益台灣精選高息,370,260,110,富邦-陽明,2024-03-28,9604
2888,新光金,140,36,104,富邦-陽明,2024-03-28,9604
00882,中信中國高股息,102,4,98,富邦-陽明,2024-03-28,9604
00687B,國泰20年美債,124,34,90,富邦-陽明,2024-03-28,9604
6189,豐藝,107,21,86,富邦-陽明,2024-03-28,9604
4526,東台,96,14,82,富邦-陽明,2024-03-28,9604
2897,王道銀行,80,0,80,富邦-陽明,2024-03-28,9604
2880,華南金,69,0,69,富邦-陽明,2024-03-28,9604
1609,大亞,141,74,67,富邦-陽明,2024-03-28,9604
2408,南亞科,82,16,66,富邦-陽明,2024-03-28,9604
9946,三發地產,65,0,65,富邦-陽明,2024-03-28,9604
3376,新日興,82,19,63,富邦-陽明,2024-03-28,9604
6165,浪凡,55,0,55,富邦-陽明,2024-03-28,9604
2412,中華電,60,7,53,富邦-陽明,2024-03-28,9604
2515,中工,230,177,53,富邦-陽明,2024-03-28,9604
00885,富邦越南,88,37,51,富邦-陽明,2024-03-28,9604
2371,大同,456,407,49,富邦-陽明,2024-03-28,9604
8121,越峰,61,12,49,富邦-陽明,2024-03-28,9604
2464,盟立,72,25,47,富邦-陽明,2024-03-28,9604
2002,中鋼,62,16,46,富邦-陽明,2024-03-28,9604
2330,台積電,70,24,46,富邦-陽明,2024-03-28,9604
1102,亞泥,45,0,45,富邦-陽明,2024-03-28,9604
5483,中美晶,58,14,44,富邦-陽明,2024-03-28,9604
2358,廷鑫,44,1,43,富邦-陽明,2024-03-28,9604
4961,天鈺,43,1,42,富邦-陽明,2024-03-28,9604
5324,士開,40,0,40,富邦-陽明,2024-03-28,9604
020029,元大ESG高股息N,40,0,40,富邦-陽明,2024-03-28,9604
1618,合機,53,15,38,富邦-陽明,2024-03-28,9604
5371,中光電,41,3,38,富邦-陽明,2024-03-28,9604
2481,強茂,45,12,33,富邦-陽明,2024-03-28,9604
3176,基亞,34,1,33,富邦-陽明,2024-03-28,9604
3062,建漢,190,158,32,富邦-陽明,2024-03-28,9604
5201,凱衛,36,4,32,富邦-陽明,2024-03-28,9604
2317,鴻海,443,99,344,富邦-陽明,2024-03-29,9604
2880,華南金,342,92,250,富邦-陽明,2024-03-29,9604
00633L,富邦上証正2,210,0,210,富邦-陽明,2024-03-29,9604
2371,大同,335,135,200,富邦-陽明,2024-03-29,9604
2324,仁寶,342,169,173,富邦-陽明,2024-03-29,9604
00937B,群益ESG投等債20,293,136,157,富邦-陽明,2024-03-29,9604
00919,群益台灣精選高息,338,211,127,富邦-陽明,2024-03-29,9604
9105,泰金寶-DR,200,77,123,富邦-陽明,2024-03-29,9604
00632R,元大台灣50反1,160,41,119,富邦-陽明,2024-03-29,9604
2489,瑞軒,102,0,102,富邦-陽明,2024-03-29,9604
1477,聚陽,97,9,88,富邦-陽明,2024-03-29,9604
00929,復華台灣科技優息,205,118,87,富邦-陽明,2024-03-29,9604
1101,台泥,123,48,75,富邦-陽明,2024-03-29,9604
2897,王道銀行,70,0,70,富邦-陽明,2024-03-29,9604
2486,一詮,114,44,70,富邦-陽明,2024-03-29,9604
2303,聯電,270,206,64,富邦-陽明,2024-03-29,9604
00637L,元大滬深300正2,75,15,60,富邦-陽明,2024-03-29,9604
1618,合機,77,17,60,富邦-陽明,2024-03-29,9604
2354,鴻準,179,120,59,富邦-陽明,2024-03-29,9604
2301,光寶科,146,88,58,富邦-陽明,2024-03-29,9604
5388,中磊,59,2,57,富邦-陽明,2024-03-29,9604
2353,宏��,118,63,55,富邦-陽明,2024-03-29,9604
00673R,期元大S＆P原油反1,54,0,54,富邦-陽明,2024-03-29,9604
6165,浪凡,50,0,50,富邦-陽明,2024-03-29,9604
6185,幃翔,43,0,43,富邦-陽明,2024-03-29,9604
1815,富喬,276,234,42,富邦-陽明,2024-03-29,9604
9946,三發地產,41,0,41,富邦-陽明,2024-03-29,9604
3703,欣陸,55,16,39,富邦-陽明,2024-03-29,9604
6443,元晶,43,6,37,富邦-陽明,2024-03-29,9604
4532,瑞智,39,2,37,富邦-陽明,2024-03-29,9604
2886,兆豐金,66,30,36,富邦-陽明,2024-03-29,9604
4714,永捷,44,9,35,富邦-陽明,2024-03-29,9604
3062,建漢,68,33,35,富邦-陽明,2024-03-29,9604
5443,均豪,34,0,34,富邦-陽明,2024-03-29,9604
2888,新光金,52,19,33,富邦-陽明,2024-03-29,9604
2883,凱基金,126,94,32,富邦-陽明,2024-03-29,9604
2476,鉅祥,35,4,31,富邦-陽明,2024-03-29,9604
2883B,凱基金乙特,31,0,31,富邦-陽明,2024-03-29,9604
6770,力積電,37,7,30,富邦-陽明,2024-03-29,9604
1108,幸福,30,0,30,富邦-陽明,2024-03-29,9604
2331,精英,36,6,30,富邦-陽明,2024-03-29,9604
5515,建國,73,45,28,富邦-陽明,2024-03-29,9604
2359,所羅門,34,7,27,富邦-陽明,2024-03-29,9604
1314,中石化,38,11,27,富邦-陽明,2024-03-29,9604
1597,直得,40,14,26,富邦-陽明,2024-03-29,9604
2027,大成鋼,27,1,26,富邦-陽明,2024-03-29,9604
5206,坤悅,25,0,25,富邦-陽明,2024-03-29,9604
00939,統一台灣高息動能,146,122,24,富邦-陽明,2024-03-29,9604
2889,國票金,23,0,23,富邦-陽明,2024-03-29,9604
3521,鴻翊,23,0,23,富邦-陽明,2024-03-29,9604
00940,元大台灣價值高息,5176,750,4426,富邦-陽明,2024-04-01,9604
00937B,群益ESG投等債20,669,229,440,富邦-陽明,2024-04-01,9604
3231,緯創,423,72,351,富邦-陽明,2024-04-01,9604
00939,統一台灣高息動能,319,39,280,富邦-陽明,2024-04-01,9604
00687B,國泰20年美債,318,94,224,富邦-陽明,2024-04-01,9604
00679B,元大美債20年,263,56,207,富邦-陽明,2024-04-01,9604
2891,中信金,218,14,204,富邦-陽明,2024-04-01,9604
00941,中信上游半導體,259,101,158,富邦-陽明,2024-04-01,9604
00673R,期元大S＆P原油反1,142,0,142,富邦-陽明,2024-04-01,9604
2603,長榮,590,460,130,富邦-陽明,2024-04-01,9604
00633L,富邦上証正2,338,214,124,富邦-陽明,2024-04-01,9604
2515,中工,153,46,107,富邦-陽明,2024-04-01,9604
00919,群益台灣精選高息,359,255,104,富邦-陽明,2024-04-01,9604
1477,聚陽,93,1,92,富邦-陽明,2024-04-01,9604
0056,元大高股息,109,18,91,富邦-陽明,2024-04-01,9604
00674R,期元大S＆P黃金反1,84,0,84,富邦-陽明,2024-04-01,9604
00751B,元大AAA至A公司債,81,0,81,富邦-陽明,2024-04-01,9604
2610,華航,139,61,78,富邦-陽明,2024-04-01,9604
6284,佳邦,101,26,75,富邦-陽明,2024-04-01,9604
2439,美律,88,26,62,富邦-陽明,2024-04-01,9604
3059,華晶科,82,20,62,富邦-陽明,2024-04-01,9604
2358,廷鑫,61,0,61,富邦-陽明,2024-04-01,9604
6425,易發,69,10,59,富邦-陽明,2024-04-01,9604
1785,光洋科,69,13,56,富邦-陽明,2024-04-01,9604
1101,台泥,70,16,54,富邦-陽明,2024-04-01,9604
2353,宏��,107,55,52,富邦-陽明,2024-04-01,9604
1314,中石化,100,51,49,富邦-陽明,2024-04-01,9604
4938,和碩,57,8,49,富邦-陽明,2024-04-01,9604
2356,英業達,323,276,47,富邦-陽明,2024-04-01,9604
3481,群創,87,41,46,富邦-陽明,2024-04-01,9604
3521,鴻翊,61,15,46,富邦-陽明,2024-04-01,9604
00719B,元大美債1-3,45,0,45,富邦-陽明,2024-04-01,9604
3711,日月光投控,49,4,45,富邦-陽明,2024-04-01,9604
4127,天良,43,0,43,富邦-陽明,2024-04-01,9604
2492,華新科,139,96,43,富邦-陽明,2024-04-01,9604
5469,瀚宇博,64,22,42,富邦-陽明,2024-04-01,9604
6125,廣運,58,19,39,富邦-陽明,2024-04-01,9604
3013,晟銘電,133,95,38,富邦-陽明,2024-04-01,9604
00929,復華台灣科技優息,141,104,37,富邦-陽明,2024-04-01,9604
3339,泰谷,38,1,37,富邦-陽明,2024-04-01,9604
3702,大聯大,56,20,36,富邦-陽明,2024-04-01,9604
2009,第一銅,80,44,36,富邦-陽明,2024-04-01,9604
3689,湧德,57,21,36,富邦-陽明,2024-04-01,9604
2303,聯電,85,50,35,富邦-陽明,2024-04-01,9604
2609,陽明,118,84,34,富邦-陽明,2024-04-01,9604
2537,聯上發,76,42,34,富邦-陽明,2024-04-01,9604
2408,南亞科,80,49,31,富邦-陽明,2024-04-01,9604
3306,鼎天,41,10,31,富邦-陽明,2024-04-01,9604
00669R,國泰美國道瓊反1,30,0,30,富邦-陽明,2024-04-01,9604
00648R,元大S＆P500反1,30,0,30,富邦-陽明,2024-04-01,9604
00940,元大台灣價值高息,1874,403,1471,富邦-陽明,2024-04-02,9604
00680L,元大美債20正2,597,0,597,富邦-陽明,2024-04-02,9604
00929,復華台灣科技優息,690,110,580,富邦-陽明,2024-04-02,9604
00937B,群益ESG投等債20,464,126,338,富邦-陽明,2024-04-02,9604
00679B,元大美債20年,320,84,236,富邦-陽明,2024-04-02,9604
00720B,元大投資級公司債,233,0,233,富邦-陽明,2024-04-02,9604
00687B,國泰20年美債,240,29,211,富邦-陽明,2024-04-02,9604
00633L,富邦上証正2,207,2,205,富邦-陽明,2024-04-02,9604
00751B,元大AAA至A公司債,168,0,168,富邦-陽明,2024-04-02,9604
00933B,國泰10Y+金融債,180,18,162,富邦-陽明,2024-04-02,9604
2537,聯上發,172,23,149,富邦-陽明,2024-04-02,9604
00688L,國泰20年美債正2,118,0,118,富邦-陽明,2024-04-02,9604
2371,大同,301,188,113,富邦-陽明,2024-04-02,9604
2618,長榮航,128,25,103,富邦-陽明,2024-04-02,9604
2356,英業達,173,70,103,富邦-陽明,2024-04-02,9604
3052,夆典,102,0,102,富邦-陽明,2024-04-02,9604
00706L,期元大S＆P日圓正2,100,0,100,富邦-陽明,2024-04-02,9604
3706,神達,106,11,95,富邦-陽明,2024-04-02,9604
0056,元大高股息,136,42,94,富邦-陽明,2024-04-02,9604
00862B,中信投資級公司債,80,0,80,富邦-陽明,2024-04-02,9604
2344,華邦電,139,67,72,富邦-陽明,2024-04-02,9604
2603,長榮,137,68,69,富邦-陽明,2024-04-02,9604
1785,光洋科,77,10,67,富邦-陽明,2024-04-02,9604
1477,聚陽,68,3,65,富邦-陽明,2024-04-02,9604
9946,三發地產,63,0,63,富邦-陽明,2024-04-02,9604
2367,燿華,121,62,59,富邦-陽明,2024-04-02,9604
00795B,中信美國公債20年,57,0,57,富邦-陽明,2024-04-02,9604
00725B,國泰投資級公司債,56,0,56,富邦-陽明,2024-04-02,9604
8996,高力,158,102,56,富邦-陽明,2024-04-02,9604
1717,長興,88,33,55,富邦-陽明,2024-04-02,9604
1618,合機,53,1,52,富邦-陽明,2024-04-02,9604
3059,華晶科,70,18,52,富邦-陽明,2024-04-02,9604
5347,世界,57,9,48,富邦-陽明,2024-04-02,9604
3521,鴻翊,46,0,46,富邦-陽明,2024-04-02,9604
2887,台新金,52,6,46,富邦-陽明,2024-04-02,9604
2301,光寶科,117,72,45,富邦-陽明,2024-04-02,9604
6177,達麗,49,4,45,富邦-陽明,2024-04-02,9604
8011,台通,47,4,43,富邦-陽明,2024-04-02,9604
3013,晟銘電,62,19,43,富邦-陽明,2024-04-02,9604
4804,大略-KY,43,1,42,富邦-陽明,2024-04-02,9604
2889,國票金,55,14,41,富邦-陽明,2024-04-02,9604
2883,凱基金,74,33,41,富邦-陽明,2024-04-02,9604
5201,凱衛,40,0,40,富邦-陽明,2024-04-02,9604
4939,亞電,39,0,39,富邦-陽明,2024-04-02,9604
6015,宏遠證,40,1,39,富邦-陽明,2024-04-02,9604
00772B,中信高評級公司債,45,9,36,富邦-陽明,2024-04-02,9604
00733,富邦臺灣中小,36,0,36,富邦-陽明,2024-04-02,9604
6189,豐藝,48,13,35,富邦-陽明,2024-04-02,9604
8926,台汽電,51,17,34,富邦-陽明,2024-04-02,9604
2329,華泰,39,7,32,富邦-陽明,2024-04-02,9604
00940,元大台灣價值高息,765,31,734,富邦-陽明,2024-04-03,9604
00929,復華台灣科技優息,903,180,723,富邦-陽明,2024-04-03,9604
00937B,群益ESG投等債20,494,10,484,富邦-陽明,2024-04-03,9604
00673R,期元大S＆P原油反1,346,0,346,富邦-陽明,2024-04-03,9604
00919,群益台灣精選高息,393,97,296,富邦-陽明,2024-04-03,9604
00687B,國泰20年美債,334,47,287,富邦-陽明,2024-04-03,9604
00679B,元大美債20年,282,22,260,富邦-陽明,2024-04-03,9604
2882,國泰金,260,31,229,富邦-陽明,2024-04-03,9604
00941,中信上游半導體,245,44,201,富邦-陽明,2024-04-03,9604
2801,彰銀,202,3,199,富邦-陽明,2024-04-03,9604
3481,群創,232,36,196,富邦-陽明,2024-04-03,9604
00632R,元大台灣50反1,210,20,190,富邦-陽明,2024-04-03,9604
00680L,元大美債20正2,186,2,184,富邦-陽明,2024-04-03,9604
2317,鴻海,273,124,149,富邦-陽明,2024-04-03,9604
2486,一詮,316,170,146,富邦-陽明,2024-04-03,9604
00633L,富邦上証正2,120,0,120,富邦-陽明,2024-04-03,9604
00720B,元大投資級公司債,148,33,115,富邦-陽明,2024-04-03,9604
2409,友達,114,2,112,富邦-陽明,2024-04-03,9604
2303,聯電,120,9,111,富邦-陽明,2024-04-03,9604
2537,聯上發,108,1,107,富邦-陽明,2024-04-03,9604
4157,太景*-KY,104,1,103,富邦-陽明,2024-04-03,9604
2609,陽明,146,44,102,富邦-陽明,2024-04-03,9604
00733,富邦臺灣中小,98,3,95,富邦-陽明,2024-04-03,9604
1477,聚陽,88,0,88,富邦-陽明,2024-04-03,9604
2354,鴻準,131,50,81,富邦-陽明,2024-04-03,9604
00795B,中信美國公債20年,81,0,81,富邦-陽明,2024-04-03,9604
2618,長榮航,102,28,74,富邦-陽明,2024-04-03,9604
2603,長榮,96,25,71,富邦-陽明,2024-04-03,9604
00688L,國泰20年美債正2,66,2,64,富邦-陽明,2024-04-03,9604
1717,長興,69,6,63,富邦-陽明,2024-04-03,9604
2892,第一金,68,6,62,富邦-陽明,2024-04-03,9604
8112,至上,70,9,61,富邦-陽明,2024-04-03,9604
2634,漢翔,92,39,53,富邦-陽明,2024-04-03,9604
00927,群益半導體收益,53,0,53,富邦-陽明,2024-04-03,9604
3036,文曄,70,18,52,富邦-陽明,2024-04-03,9604
2002,中鋼,97,48,49,富邦-陽明,2024-04-03,9604
00939,統一台灣高息動能,126,78,48,富邦-陽明,2024-04-03,9604
1609,大亞,129,84,45,富邦-陽明,2024-04-03,9604
00857B,永豐20年美公債,48,4,44,富邦-陽明,2024-04-03,9604
2881,富邦金,59,18,41,富邦-陽明,2024-04-03,9604
6016,康和證,41,0,41,富邦-陽明,2024-04-03,9604
2201,裕隆,44,4,40,富邦-陽明,2024-04-03,9604
00674R,期元大S＆P黃金反1,40,0,40,富邦-陽明,2024-04-03,9604
4804,大略-KY,40,0,40,富邦-陽明,2024-04-03,9604
1314,中石化,48,9,39,富邦-陽明,2024-04-03,9604
00725B,國泰投資級公司債,39,0,39,富邦-陽明,2024-04-03,9604
9946,三發地產,38,0,38,富邦-陽明,2024-04-03,9604
8044,網家,37,0,37,富邦-陽明,2024-04-03,9604
2349,錸德,40,3,37,富邦-陽明,2024-04-03,9604
2515,中工,230,194,36,富邦-陽明,2024-04-03,9604
00929,復華台灣科技優息,1001,31,970,富邦-陽明,2024-04-08,9604
2883,凱基金,1016,95,921,富邦-陽明,2024-04-08,9604
00940,元大台灣價值高息,685,175,510,富邦-陽明,2024-04-08,9604
00933B,國泰10Y+金融債,513,97,416,富邦-陽明,2024-04-08,9604
00937B,群益ESG投等債20,467,97,370,富邦-陽明,2024-04-08,9604
00679B,元大美債20年,407,40,367,富邦-陽明,2024-04-08,9604
2382,廣達,797,509,288,富邦-陽明,2024-04-08,9604
00919,群益台灣精選高息,364,80,284,富邦-陽明,2024-04-08,9604
1314,中石化,252,15,237,富邦-陽明,2024-04-08,9604
00673R,期元大S＆P原油反1,232,0,232,富邦-陽明,2024-04-08,9604
00687B,國泰20年美債,351,185,166,富邦-陽明,2024-04-08,9604
00751B,元大AAA至A公司債,156,5,151,富邦-陽明,2024-04-08,9604
5864,致和證,134,5,129,富邦-陽明,2024-04-08,9604
6189,豐藝,148,20,128,富邦-陽明,2024-04-08,9604
8210,勤誠,139,11,128,富邦-陽明,2024-04-08,9604
3010,華立,137,16,121,富邦-陽明,2024-04-08,9604
2356,英業達,169,54,115,富邦-陽明,2024-04-08,9604
00720B,元大投資級公司債,141,27,114,富邦-陽明,2024-04-08,9604
00733,富邦臺灣中小,111,0,111,富邦-陽明,2024-04-08,9604
2374,佳能,196,92,104,富邦-陽明,2024-04-08,9604
00931B,統一美債20年,106,2,104,富邦-陽明,2024-04-08,9604
1477,聚陽,102,2,100,富邦-陽明,2024-04-08,9604
00680L,元大美債20正2,264,168,96,富邦-陽明,2024-04-08,9604
00753L,中信中國50正2,99,6,93,富邦-陽明,2024-04-08,9604
3481,群創,123,31,92,富邦-陽明,2024-04-08,9604
00795B,中信美國公債20年,91,0,91,富邦-陽明,2024-04-08,9604
2324,仁寶,91,10,81,富邦-陽明,2024-04-08,9604
3231,緯創,301,222,79,富邦-陽明,2024-04-08,9604
2881,富邦金,84,8,76,富邦-陽明,2024-04-08,9604
4943,康控-KY,73,0,73,富邦-陽明,2024-04-08,9604
6443,元晶,106,33,73,富邦-陽明,2024-04-08,9604
00738U,期元大道瓊白銀,75,2,73,富邦-陽明,2024-04-08,9604
2515,中工,153,83,70,富邦-陽明,2024-04-08,9604
2486,一詮,232,162,70,富邦-陽明,2024-04-08,9604
00671R,富邦NASDAQ反1,67,0,67,富邦-陽明,2024-04-08,9604
2317,鴻海,177,114,63,富邦-陽明,2024-04-08,9604
2915,潤泰全,63,2,61,富邦-陽明,2024-04-08,9604
00939,統一台灣高息動能,68,13,55,富邦-陽明,2024-04-08,9604
3576,聯合再生,57,3,54,富邦-陽明,2024-04-08,9604
8111,立��,53,3,50,富邦-陽明,2024-04-08,9604
00895,富邦未來車,51,2,49,富邦-陽明,2024-04-08,9604
6016,康和證,89,41,48,富邦-陽明,2024-04-08,9604
2359,所羅門,68,20,48,富邦-陽明,2024-04-08,9604
5324,士開,76,29,47,富邦-陽明,2024-04-08,9604
00669R,國泰美國道瓊反1,46,0,46,富邦-陽明,2024-04-08,9604
1603,華電,50,7,43,富邦-陽明,2024-04-08,9604
6015,宏遠證,57,15,42,富邦-陽明,2024-04-08,9604
6548,長科*,44,3,41,富邦-陽明,2024-04-08,9604
9907,統一實,41,0,41,富邦-陽明,2024-04-08,9604
3715,定穎投控,81,40,41,富邦-陽明,2024-04-08,9604
00929,復華台灣科技優息,552,68,484,富邦-陽明,2024-04-09,9604
3231,緯創,554,117,437,富邦-陽明,2024-04-09,9604
00940,元大台灣價值高息,559,134,425,富邦-陽明,2024-04-09,9604
00937B,群益ESG投等債20,398,21,377,富邦-陽明,2024-04-09,9604
00632R,元大台灣50反1,401,182,219,富邦-陽明,2024-04-09,9604
3466,德晉,182,19,163,富邦-陽明,2024-04-09,9604
2537,聯上發,209,62,147,富邦-陽明,2024-04-09,9604
00665L,富邦�琤肭磪囓�2,164,22,142,富邦-陽明,2024-04-09,9604
00673R,期元大S＆P原油反1,143,4,139,富邦-陽明,2024-04-09,9604
2515,中工,279,154,125,富邦-陽明,2024-04-09,9604
4533,協易機,180,62,118,富邦-陽明,2024-04-09,9604
00939,統一台灣高息動能,129,16,113,富邦-陽明,2024-04-09,9604
2324,仁寶,143,32,111,富邦-陽明,2024-04-09,9604
00679B,元大美債20年,143,39,104,富邦-陽明,2024-04-09,9604
2888,新光金,135,44,91,富邦-陽明,2024-04-09,9604
3010,華立,92,14,78,富邦-陽明,2024-04-09,9604
2329,華泰,94,17,77,富邦-陽明,2024-04-09,9604
00688L,國泰20年美債正2,77,0,77,富邦-陽明,2024-04-09,9604
2486,一詮,224,154,70,富邦-陽明,2024-04-09,9604
3260,威剛,160,93,67,富邦-陽明,2024-04-09,9604
2915,潤泰全,68,3,65,富邦-陽明,2024-04-09,9604
2630,亞航,81,16,65,富邦-陽明,2024-04-09,9604
4714,永捷,68,4,64,富邦-陽明,2024-04-09,9604
4164,承業醫,58,2,56,富邦-陽明,2024-04-09,9604
6188,廣明,94,40,54,富邦-陽明,2024-04-09,9604
5443,均豪,155,101,54,富邦-陽明,2024-04-09,9604
00931B,統一美債20年,75,22,53,富邦-陽明,2024-04-09,9604
00655L,國泰中國A50正2,102,50,52,富邦-陽明,2024-04-09,9604
6189,豐藝,176,126,50,富邦-陽明,2024-04-09,9604
2887,台新金,60,9,51,富邦-陽明,2024-04-09,9604
6591,動力-KY,80,30,50,富邦-陽明,2024-04-09,9604
00772B,中信高評級公司債,50,4,46,富邦-陽明,2024-04-09,9604
2101,南港,54,10,44,富邦-陽明,2024-04-09,9604
00923,群益台ESG低碳50,55,13,42,富邦-陽明,2024-04-09,9604
00909,國泰數位支付服務,40,0,40,富邦-陽明,2024-04-09,9604
2489,瑞軒,46,6,40,富邦-陽明,2024-04-09,9604
2501,國建,65,25,40,富邦-陽明,2024-04-09,9604
3013,晟銘電,99,60,39,富邦-陽明,2024-04-09,9604
3479,安勤,40,1,39,富邦-陽明,2024-04-09,9604
4906,正文,37,0,37,富邦-陽明,2024-04-09,9604
2838,聯邦銀,35,0,35,富邦-陽明,2024-04-09,9604
1104,環泥,60,25,35,富邦-陽明,2024-04-09,9604
00650L,復華香港正2,230,195,35,富邦-陽明,2024-04-09,9604
8049,晶采,34,0,34,富邦-陽明,2024-04-09,9604
1524,耿鼎,47,13,34,富邦-陽明,2024-04-09,9604
3015,全漢,44,11,33,富邦-陽明,2024-04-09,9604
2356,英業達,130,97,33,富邦-陽明,2024-04-09,9604
9955,佳龍,51,18,33,富邦-陽明,2024-04-09,9604
3374,精材,53,21,32,富邦-陽明,2024-04-09,9604
00733,富邦臺灣中小,59,28,31,富邦-陽明,2024-04-09,9604
2449,京元電子,1016,9,1007,富邦-陽明,2024-04-10,9604
2888,新光金,954,258,696,富邦-陽明,2024-04-10,9604
00937B,群益ESG投等債20,247,0,247,富邦-陽明,2024-04-10,9604
2486,一詮,246,47,199,富邦-陽明,2024-04-10,9604
00929,復華台灣科技優息,358,173,185,富邦-陽明,2024-04-10,9604
2317,鴻海,243,86,157,富邦-陽明,2024-04-10,9604
00637L,元大滬深300正2,175,38,137,富邦-陽明,2024-04-10,9604
6016,康和證,146,12,134,富邦-陽明,2024-04-10,9604
1101,台泥,187,60,127,富邦-陽明,2024-04-10,9604
2618,長榮航,134,12,122,富邦-陽明,2024-04-10,9604
1314,中石化,138,25,113,富邦-陽明,2024-04-10,9604
1608,華榮,210,97,113,富邦-陽明,2024-04-10,9604
2634,漢翔,207,100,107,富邦-陽明,2024-04-10,9604
6215,和椿,146,43,103,富邦-陽明,2024-04-10,9604
2376,技嘉,121,26,95,富邦-陽明,2024-04-10,9604
2014,中鴻,147,62,85,富邦-陽明,2024-04-10,9604
2883,凱基金,115,31,84,富邦-陽明,2024-04-10,9604
2891,中信金,105,22,83,富邦-陽明,2024-04-10,9604
2308,台達電,83,6,77,富邦-陽明,2024-04-10,9604
2382,廣達,529,454,75,富邦-陽明,2024-04-10,9604
2882,國泰金,89,23,66,富邦-陽明,2024-04-10,9604
2897,王道銀行,76,12,64,富邦-陽明,2024-04-10,9604
2383,台光電,86,22,64,富邦-陽明,2024-04-10,9604
1417,嘉裕,64,1,63,富邦-陽明,2024-04-10,9604
1815,富喬,71,11,60,富邦-陽明,2024-04-10,9604
8111,立��,62,2,60,富邦-陽明,2024-04-10,9604
3264,欣銓,58,1,57,富邦-陽明,2024-04-10,9604
00679B,元大美債20年,94,37,57,富邦-陽明,2024-04-10,9604
6546,正基,70,14,56,富邦-陽明,2024-04-10,9604
2537,聯上發,79,25,54,富邦-陽明,2024-04-10,9604
2464,盟立,165,111,54,富邦-陽明,2024-04-10,9604
3481,群創,226,173,53,富邦-陽明,2024-04-10,9604
00733,富邦臺灣中小,52,0,52,富邦-陽明,2024-04-10,9604
6245,立端,80,28,52,富邦-陽明,2024-04-10,9604
5009,榮剛,95,49,46,富邦-陽明,2024-04-10,9604
3583,辛耘,50,6,44,富邦-陽明,2024-04-10,9604
00752,中信中國50,50,6,44,富邦-陽明,2024-04-10,9604
6026,福邦證,48,5,43,富邦-陽明,2024-04-10,9604
2609,陽明,86,44,42,富邦-陽明,2024-04-10,9604
1513,中興電,144,103,41,富邦-陽明,2024-04-10,9604
00927,群益半導體收益,55,15,40,富邦-陽明,2024-04-10,9604
2704,國賓,47,10,37,富邦-陽明,2024-04-10,9604
4114,健喬,36,0,36,富邦-陽明,2024-04-10,9604
0056,元大高股息,130,95,35,富邦-陽明,2024-04-10,9604
00923,群益台ESG低碳50,38,3,35,富邦-陽明,2024-04-10,9604
1785,光洋科,55,21,34,富邦-陽明,2024-04-10,9604
2337,旺宏,48,15,33,富邦-陽明,2024-04-10,9604
1503,士電,99,67,32,富邦-陽明,2024-04-10,9604
2009,第一銅,91,59,32,富邦-陽明,2024-04-10,9604
00692,富邦公司治理,36,5,31,富邦-陽明,2024-04-10,9604
3481,群創,711,112,599,富邦-陽明,2024-04-11,9604
00687B,國泰20年美債,398,53,345,富邦-陽明,2024-04-11,9604
00680L,元大美債20正2,299,34,265,富邦-陽明,2024-04-11,9604
2303,聯電,258,18,240,富邦-陽明,2024-04-11,9604
00679B,元大美債20年,295,59,236,富邦-陽明,2024-04-11,9604
2489,瑞軒,235,23,212,富邦-陽明,2024-04-11,9604
00929,復華台灣科技優息,322,110,212,富邦-陽明,2024-04-11,9604
00937B,群益ESG投等債20,532,373,159,富邦-陽明,2024-04-11,9604
3260,威剛,166,21,145,富邦-陽明,2024-04-11,9604
3231,緯創,263,132,131,富邦-陽明,2024-04-11,9604
2317,鴻海,378,248,130,富邦-陽明,2024-04-11,9604
2882,國泰金,249,120,129,富邦-陽明,2024-04-11,9604
2382,廣達,193,64,129,富邦-陽明,2024-04-11,9604
00712,復華富時不動產,165,36,129,富邦-陽明,2024-04-11,9604
00720B,元大投資級公司債,161,40,121,富邦-陽明,2024-04-11,9604
9958,世紀鋼,150,29,121,富邦-陽明,2024-04-11,9604
1109,信大,120,2,118,富邦-陽明,2024-04-11,9604
00940,元大台灣價值高息,459,347,112,富邦-陽明,2024-04-11,9604
00706L,期元大S＆P日圓正2,152,40,112,富邦-陽明,2024-04-11,9604
00857B,永豐20年美公債,95,0,95,富邦-陽明,2024-04-11,9604
1608,華榮,143,53,90,富邦-陽明,2024-04-11,9604
00751B,元大AAA至A公司債,96,11,85,富邦-陽明,2024-04-11,9604
2633,台灣高鐵,102,21,81,富邦-陽明,2024-04-11,9604
6016,康和證,100,20,80,富邦-陽明,2024-04-11,9604
4768,晶呈科技,88,8,80,富邦-陽明,2024-04-11,9604
2308,台達電,100,20,80,富邦-陽明,2024-04-11,9604
2002,中鋼,89,12,77,富邦-陽明,2024-04-11,9604
6274,台燿,85,11,74,富邦-陽明,2024-04-11,9604
2409,友達,86,14,72,富邦-陽明,2024-04-11,9604
3576,聯合再生,81,12,69,富邦-陽明,2024-04-11,9604
6806,森崴能源,163,94,69,富邦-陽明,2024-04-11,9604
00919,群益台灣精選高息,108,40,68,富邦-陽明,2024-04-11,9604
00632R,元大台灣50反1,81,15,66,富邦-陽明,2024-04-11,9604
2610,華航,143,77,66,富邦-陽明,2024-04-11,9604
1514,亞力,345,280,65,富邦-陽明,2024-04-11,9604
2881,富邦金,94,30,64,富邦-陽明,2024-04-11,9604
0056,元大高股息,70,7,63,富邦-陽明,2024-04-11,9604
2408,南亞科,99,36,63,富邦-陽明,2024-04-11,9604
2634,漢翔,133,76,57,富邦-陽明,2024-04-11,9604
5347,世界,83,27,56,富邦-陽明,2024-04-11,9604
00935,野村臺灣新科技50,58,4,54,富邦-陽明,2024-04-11,9604
2485,兆赫,56,2,54,富邦-陽明,2024-04-11,9604
00939,統一台灣高息動能,67,14,53,富邦-陽明,2024-04-11,9604
1717,長興,48,0,48,富邦-陽明,2024-04-11,9604
00795B,中信美國公債20年,57,10,47,富邦-陽明,2024-04-11,9604
00772B,中信高評級公司債,87,40,47,富邦-陽明,2024-04-11,9604
2915,潤泰全,47,0,47,富邦-陽明,2024-04-11,9604
00669R,國泰美國道瓊反1,45,0,45,富邦-陽明,2024-04-11,9604
2834,臺企銀,46,2,44,富邦-陽明,2024-04-11,9604
1314,中石化,93,50,43,富邦-陽明,2024-04-11,9604
00687B,國泰20年美債,452,59,393,富邦-陽明,2024-04-12,9604
2633,台灣高鐵,367,10,357,富邦-陽明,2024-04-12,9604
2363,矽統,957,604,353,富邦-陽明,2024-04-12,9604
00665L,富邦�琤肭磪囓�2,323,10,313,富邦-陽明,2024-04-12,9604
2353,宏��,493,221,272,富邦-陽明,2024-04-12,9604
9958,世紀鋼,315,48,267,富邦-陽明,2024-04-12,9604
00937B,群益ESG投等債20,361,99,262,富邦-陽明,2024-04-12,9604
00940,元大台灣價值高息,542,283,259,富邦-陽明,2024-04-12,9604
3402,漢科,220,13,207,富邦-陽明,2024-04-12,9604
00712,復華富時不動產,178,0,178,富邦-陽明,2024-04-12,9604
00679B,元大美債20年,232,55,177,富邦-陽明,2024-04-12,9604
2382,廣達,242,66,176,富邦-陽明,2024-04-12,9604
00680L,元大美債20正2,308,139,169,富邦-陽明,2024-04-12,9604
00720B,元大投資級公司債,164,0,164,富邦-陽明,2024-04-12,9604
00929,復華台灣科技優息,319,165,154,富邦-陽明,2024-04-12,9604
2610,華航,223,76,147,富邦-陽明,2024-04-12,9604
00795B,中信美國公債20年,145,8,137,富邦-陽明,2024-04-12,9604
0056,元大高股息,123,7,116,富邦-陽明,2024-04-12,9604
2618,長榮航,179,66,113,富邦-陽明,2024-04-12,9604
2888,新光金,131,31,100,富邦-陽明,2024-04-12,9604
4768,晶呈科技,105,8,97,富邦-陽明,2024-04-12,9604
2506,太設,103,7,96,富邦-陽明,2024-04-12,9604
2812,台中銀,97,3,94,富邦-陽明,2024-04-12,9604
00933B,國泰10Y+金融債,110,22,88,富邦-陽明,2024-04-12,9604
00632R,元大台灣50反1,140,53,87,富邦-陽明,2024-04-12,9604
5309,系統電,86,2,84,富邦-陽明,2024-04-12,9604
2344,華邦電,163,80,83,富邦-陽明,2024-04-12,9604
3032,偉訓,75,1,74,富邦-陽明,2024-04-12,9604
00878,國泰永續高股息,109,36,73,富邦-陽明,2024-04-12,9604
2329,華泰,102,31,71,富邦-陽明,2024-04-12,9604
6016,康和證,72,2,70,富邦-陽明,2024-04-12,9604
00857B,永豐20年美公債,69,0,69,富邦-陽明,2024-04-12,9604
3207,耀勝,76,7,69,富邦-陽明,2024-04-12,9604
2002,中鋼,74,9,65,富邦-陽明,2024-04-12,9604
2406,國碩,80,15,65,富邦-陽明,2024-04-12,9604
2501,國建,151,93,58,富邦-陽明,2024-04-12,9604
00751B,元大AAA至A公司債,72,15,57,富邦-陽明,2024-04-12,9604
2374,佳能,123,68,55,富邦-陽明,2024-04-12,9604
1721,三晃,50,0,50,富邦-陽明,2024-04-12,9604
8150,南茂,115,68,47,富邦-陽明,2024-04-12,9604
3005,神基,50,4,46,富邦-陽明,2024-04-12,9604
4938,和碩,58,16,42,富邦-陽明,2024-04-12,9604
2834,臺企銀,49,8,41,富邦-陽明,2024-04-12,9604
3062,建漢,44,4,40,富邦-陽明,2024-04-12,9604
00719B,元大美債1-3,40,0,40,富邦-陽明,2024-04-12,9604
1519,華城,51,11,40,富邦-陽明,2024-04-12,9604
2882,國泰金,46,7,39,富邦-陽明,2024-04-12,9604
2324,仁寶,80,41,39,富邦-陽明,2024-04-12,9604
00919,群益台灣精選高息,118,79,39,富邦-陽明,2024-04-12,9604
2881,富邦金,39,1,38,富邦-陽明,2024-04-12,9604
00665L,富邦�琤肭磪囓�2,2469,43,2426,富邦-陽明,2024-04-15,9604
00929,復華台灣科技優息,2095,119,1976,富邦-陽明,2024-04-15,9604
00940,元大台灣價值高息,621,188,433,富邦-陽明,2024-04-15,9604
00937B,群益ESG投等債20,484,77,407,富邦-陽明,2024-04-15,9604
6189,豐藝,378,63,315,富邦-陽明,2024-04-15,9604
00650L,復華香港正2,319,15,304,富邦-陽明,2024-04-15,9604
2303,聯電,261,40,221,富邦-陽明,2024-04-15,9604
0056,元大高股息,266,64,202,富邦-陽明,2024-04-15,9604
00933B,國泰10Y+金融債,207,9,198,富邦-陽明,2024-04-15,9604
2882,國泰金,220,27,193,富邦-陽明,2024-04-15,9604
1608,華榮,311,118,193,富邦-陽明,2024-04-15,9604
00878,國泰永續高股息,223,31,192,富邦-陽明,2024-04-15,9604
2371,大同,760,597,163,富邦-陽明,2024-04-15,9604
2367,燿華,304,174,130,富邦-陽明,2024-04-15,9604
2888,新光金,138,12,126,富邦-陽明,2024-04-15,9604
00919,群益台灣精選高息,162,41,121,富邦-陽明,2024-04-15,9604
2317,鴻海,220,110,110,富邦-陽明,2024-04-15,9604
00941,中信上游半導體,117,13,104,富邦-陽明,2024-04-15,9604
6016,康和證,120,20,100,富邦-陽明,2024-04-15,9604
1513,中興電,338,243,95,富邦-陽明,2024-04-15,9604
00720B,元大投資級公司債,140,46,94,富邦-陽明,2024-04-15,9604
00642U,期元大S＆P石油,84,4,80,富邦-陽明,2024-04-15,9604
2344,華邦電,151,75,76,富邦-陽明,2024-04-15,9604
1504,東元,158,82,76,富邦-陽明,2024-04-15,9604
00795B,中信美國公債20年,92,23,69,富邦-陽明,2024-04-15,9604
2330,台積電,78,10,68,富邦-陽明,2024-04-15,9604
00881,國泰台灣5G+,73,7,66,富邦-陽明,2024-04-15,9604
3037,欣興,77,12,65,富邦-陽明,2024-04-15,9604
00927,群益半導體收益,62,1,61,富邦-陽明,2024-04-15,9604
2618,長榮航,129,68,61,富邦-陽明,2024-04-15,9604
00891,中信關鍵半導體,123,62,61,富邦-陽明,2024-04-15,9604
3521,鴻翊,60,0,60,富邦-陽明,2024-04-15,9604
6770,力積電,61,2,59,富邦-陽明,2024-04-15,9604
3490,單井,62,6,56,富邦-陽明,2024-04-15,9604
2382,廣達,312,256,56,富邦-陽明,2024-04-15,9604
2607,榮運,53,0,53,富邦-陽明,2024-04-15,9604
2002,中鋼,66,14,52,富邦-陽明,2024-04-15,9604
2515,中工,88,38,50,富邦-陽明,2024-04-15,9604
3260,威剛,91,42,49,富邦-陽明,2024-04-15,9604
2356,英業達,153,107,46,富邦-陽明,2024-04-15,9604
6187,萬潤,43,0,43,富邦-陽明,2024-04-15,9604
5512,力麒,66,25,41,富邦-陽明,2024-04-15,9604
1701,中化,42,1,41,富邦-陽明,2024-04-15,9604
020034,元大IC設計N,40,0,40,富邦-陽明,2024-04-15,9604
3479,安勤,41,1,40,富邦-陽明,2024-04-15,9604
00706L,期元大S＆P日圓正2,71,33,38,富邦-陽明,2024-04-15,9604
2374,佳能,110,73,37,富邦-陽明,2024-04-15,9604
1905,華紙,41,4,37,富邦-陽明,2024-04-15,9604
6120,達運,40,4,36,富邦-陽明,2024-04-15,9604
1442,名軒,39,4,35,富邦-陽明,2024-04-15,9604
00940,元大台灣價值高息,2903,239,2664,富邦-陽明,2024-04-16,9604
00929,復華台灣科技優息,1365,123,1242,富邦-陽明,2024-04-16,9604
00919,群益台灣精選高息,1423,734,689,富邦-陽明,2024-04-16,9604
00937B,群益ESG投等債20,1219,717,502,富邦-陽明,2024-04-16,9604
0056,元大高股息,671,175,496,富邦-陽明,2024-04-16,9604
00878,國泰永續高股息,715,225,490,富邦-陽明,2024-04-16,9604
00939,統一台灣高息動能,607,161,446,富邦-陽明,2024-04-16,9604
2801,彰銀,368,12,356,富邦-陽明,2024-04-16,9604
2888,新光金,360,6,354,富邦-陽明,2024-04-16,9604
2371,大同,699,384,315,富邦-陽明,2024-04-16,9604
3231,緯創,554,271,283,富邦-陽明,2024-04-16,9604
00720B,元大投資級公司債,287,7,280,富邦-陽明,2024-04-16,9604
5880,合庫金,276,11,265,富邦-陽明,2024-04-16,9604
2618,長榮航,275,31,244,富邦-陽明,2024-04-16,9604
00632R,元大台灣50反1,923,691,232,富邦-陽明,2024-04-16,9604
8011,台通,251,31,220,富邦-陽明,2024-04-16,9604
00935,野村臺灣新科技50,211,10,201,富邦-陽明,2024-04-16,9604
1609,大亞,719,531,188,富邦-陽明,2024-04-16,9604
6116,彩晶,172,8,164,富邦-陽明,2024-04-16,9604
3481,群創,232,73,159,富邦-陽明,2024-04-16,9604
00650L,復華香港正2,162,11,151,富邦-陽明,2024-04-16,9604
00680L,元大美債20正2,197,52,145,富邦-陽明,2024-04-16,9604
3260,威剛,185,43,142,富邦-陽明,2024-04-16,9604
2353,宏��,224,85,139,富邦-陽明,2024-04-16,9604
2887,台新金,152,23,129,富邦-陽明,2024-04-16,9604
2330,台積電,258,130,128,富邦-陽明,2024-04-16,9604
2603,長榮,180,52,128,富邦-陽明,2024-04-16,9604
00885,富邦越南,173,48,125,富邦-陽明,2024-04-16,9604
2883,凱基金,488,364,124,富邦-陽明,2024-04-16,9604
00679B,元大美債20年,168,47,121,富邦-陽明,2024-04-16,9604
2607,榮運,120,0,120,富邦-陽明,2024-04-16,9604
5871,中租-KY,117,0,117,富邦-陽明,2024-04-16,9604
2882,國泰金,231,116,115,富邦-陽明,2024-04-16,9604
2633,台灣高鐵,114,2,112,富邦-陽明,2024-04-16,9604
1326,台化,113,1,112,富邦-陽明,2024-04-16,9604
00891,中信關鍵半導體,132,22,110,富邦-陽明,2024-04-16,9604
5230,雷笛克光學,108,0,108,富邦-陽明,2024-04-16,9604
00751B,元大AAA至A公司債,113,11,102,富邦-陽明,2024-04-16,9604
6290,良維,234,132,102,富邦-陽明,2024-04-16,9604
2356,英業達,148,46,102,富邦-陽明,2024-04-16,9604
1524,耿鼎,107,10,97,富邦-陽明,2024-04-16,9604
5009,榮剛,102,12,90,富邦-陽明,2024-04-16,9604
1785,光洋科,123,35,88,富邦-陽明,2024-04-16,9604
2881,富邦金,104,17,87,富邦-陽明,2024-04-16,9604
1104,環泥,90,5,85,富邦-陽明,2024-04-16,9604
2329,華泰,134,49,85,富邦-陽明,2024-04-16,9604
2344,華邦電,202,118,84,富邦-陽明,2024-04-16,9604
2892,第一金,206,125,81,富邦-陽明,2024-04-16,9604
1608,華榮,158,77,81,富邦-陽明,2024-04-16,9604
6770,力積電,88,15,73,富邦-陽明,2024-04-16,9604
00929,復華台灣科技優息,1917,28,1889,富邦-陽明,2024-04-17,9604
00937B,群益ESG投等債20,852,9,843,富邦-陽明,2024-04-17,9604
0056,元大高股息,314,30,284,富邦-陽明,2024-04-17,9604
00687B,國泰20年美債,288,8,280,富邦-陽明,2024-04-17,9604
3231,緯創,653,373,280,富邦-陽明,2024-04-17,9604
00857B,永豐20年美公債,274,0,274,富邦-陽明,2024-04-17,9604
2882,國泰金,285,11,274,富邦-陽明,2024-04-17,9604
2883,凱基金,279,34,245,富邦-陽明,2024-04-17,9604
2317,鴻海,409,168,241,富邦-陽明,2024-04-17,9604
00933B,國泰10Y+金融債,250,11,239,富邦-陽明,2024-04-17,9604
2610,華航,404,181,223,富邦-陽明,2024-04-17,9604
00720B,元大投資級公司債,225,17,208,富邦-陽明,2024-04-17,9604
1101,台泥,225,28,197,富邦-陽明,2024-04-17,9604
2618,長榮航,245,48,197,富邦-陽明,2024-04-17,9604
00878,國泰永續高股息,216,43,173,富邦-陽明,2024-04-17,9604
00632R,元大台灣50反1,179,22,157,富邦-陽明,2024-04-17,9604
00862B,中信投資級公司債,150,0,150,富邦-陽明,2024-04-17,9604
00665L,富邦�琤肭磪囓�2,219,70,149,富邦-陽明,2024-04-17,9604
2353,宏��,171,25,146,富邦-陽明,2024-04-17,9604
00941,中信上游半導體,125,7,118,富邦-陽明,2024-04-17,9604
2606,裕民,131,14,117,富邦-陽明,2024-04-17,9604
2382,廣達,656,540,116,富邦-陽明,2024-04-17,9604
2867,三商壽,234,127,107,富邦-陽明,2024-04-17,9604
5871,中租-KY,109,3,106,富邦-陽明,2024-04-17,9604
2301,光寶科,119,13,106,富邦-陽明,2024-04-17,9604
5443,均豪,112,12,100,富邦-陽明,2024-04-17,9604
00712,復華富時不動產,95,4,91,富邦-陽明,2024-04-17,9604
2363,矽統,196,110,86,富邦-陽明,2024-04-17,9604
2515,中工,97,15,82,富邦-陽明,2024-04-17,9604
00679B,元大美債20年,189,108,81,富邦-陽明,2024-04-17,9604
9958,世紀鋼,278,198,80,富邦-陽明,2024-04-17,9604
3305,昇貿,80,3,77,富邦-陽明,2024-04-17,9604
6869,雲豹能源,71,1,70,富邦-陽明,2024-04-17,9604
2888,新光金,78,12,66,富邦-陽明,2024-04-17,9604
00751B,元大AAA至A公司債,89,26,63,富邦-陽明,2024-04-17,9604
6239,力成,80,17,63,富邦-陽明,2024-04-17,9604
3521,鴻翊,62,1,61,富邦-陽明,2024-04-17,9604
2890,永豐金,61,4,57,富邦-陽明,2024-04-17,9604
00905,FT臺灣Smart,56,0,56,富邦-陽明,2024-04-17,9604
00795B,中信美國公債20年,58,3,55,富邦-陽明,2024-04-17,9604
00650L,復華香港正2,55,1,54,富邦-陽明,2024-04-17,9604
1785,光洋科,94,41,53,富邦-陽明,2024-04-17,9604
2101,南港,63,11,52,富邦-陽明,2024-04-17,9604
1721,三晃,50,0,50,富邦-陽明,2024-04-17,9604
3583,辛耘,91,41,50,富邦-陽明,2024-04-17,9604
3481,群創,79,35,44,富邦-陽明,2024-04-17,9604
00891,中信關鍵半導體,47,4,43,富邦-陽明,2024-04-17,9604
1587,吉茂,56,13,43,富邦-陽明,2024-04-17,9604
00753L,中信中國50正2,53,10,43,富邦-陽明,2024-04-17,9604
2731,雄獅,43,2,41,富邦-陽明,2024-04-17,9604
00929,復華台灣科技優息,608,81,527,富邦-陽明,2024-04-18,9604
2515,中工,771,327,444,富邦-陽明,2024-04-18,9604
00937B,群益ESG投等債20,420,104,316,富邦-陽明,2024-04-18,9604
2618,長榮航,349,104,245,富邦-陽明,2024-04-18,9604
0056,元大高股息,237,11,226,富邦-陽明,2024-04-18,9604
2371,大同,906,713,193,富邦-陽明,2024-04-18,9604
6116,彩晶,185,4,181,富邦-陽明,2024-04-18,9604
00688L,國泰20年美債正2,181,0,181,富邦-陽明,2024-04-18,9604
00632R,元大台灣50反1,276,97,179,富邦-陽明,2024-04-18,9604
00687B,國泰20年美債,182,10,172,富邦-陽明,2024-04-18,9604
1605,華新,585,416,169,富邦-陽明,2024-04-18,9604
3056,富華新,177,25,152,富邦-陽明,2024-04-18,9604
2867,三商壽,255,112,143,富邦-陽明,2024-04-18,9604
00665L,富邦�琤肭磪囓�2,173,30,143,富邦-陽明,2024-04-18,9604
3481,群創,190,69,121,富邦-陽明,2024-04-18,9604
2382,廣達,508,389,119,富邦-陽明,2024-04-18,9604
00679B,元大美債20年,139,28,111,富邦-陽明,2024-04-18,9604
2607,榮運,110,0,110,富邦-陽明,2024-04-18,9604
2206,三陽工業,112,10,102,富邦-陽明,2024-04-18,9604
6443,元晶,103,2,101,富邦-陽明,2024-04-18,9604
00941,中信上游半導體,171,70,101,富邦-陽明,2024-04-18,9604
2367,燿華,295,195,100,富邦-陽明,2024-04-18,9604
2504,國產,178,82,96,富邦-陽明,2024-04-18,9604
4768,晶呈科技,104,18,86,富邦-陽明,2024-04-18,9604
3312,弘憶股,228,151,77,富邦-陽明,2024-04-18,9604
00885,富邦越南,75,1,74,富邦-陽明,2024-04-18,9604
6244,茂迪,78,4,74,富邦-陽明,2024-04-18,9604
00940,元大台灣價值高息,267,197,70,富邦-陽明,2024-04-18,9604
9958,世紀鋼,142,72,70,富邦-陽明,2024-04-18,9604
2204,中華,71,3,68,富邦-陽明,2024-04-18,9604
6869,雲豹能源,67,0,67,富邦-陽明,2024-04-18,9604
1319,東陽,71,6,65,富邦-陽明,2024-04-18,9604
2883,凱基金,116,52,64,富邦-陽明,2024-04-18,9604
2303,聯電,93,30,63,富邦-陽明,2024-04-18,9604
2363,矽統,147,90,57,富邦-陽明,2024-04-18,9604
3260,威剛,73,16,57,富邦-陽明,2024-04-18,9604
4127,天良,61,6,55,富邦-陽明,2024-04-18,9604
2427,三商電,77,24,53,富邦-陽明,2024-04-18,9604
1301,台塑,48,0,48,富邦-陽明,2024-04-18,9604
2897,王道銀行,47,0,47,富邦-陽明,2024-04-18,9604
00725B,國泰投資級公司債,46,0,46,富邦-陽明,2024-04-18,9604
2002,中鋼,67,22,45,富邦-陽明,2024-04-18,9604
5251,天鉞電,58,15,43,富邦-陽明,2024-04-18,9604
1611,中電,61,18,43,富邦-陽明,2024-04-18,9604
8390,金益鼎,84,42,42,富邦-陽明,2024-04-18,9604
2889,國票金,41,0,41,富邦-陽明,2024-04-18,9604
1417,嘉裕,53,12,41,富邦-陽明,2024-04-18,9604
3338,泰碩,55,14,41,富邦-陽明,2024-04-18,9604
00676R,富邦臺灣加權反1,40,0,40,富邦-陽明,2024-04-18,9604
2606,裕民,40,1,39,富邦-陽明,2024-04-18,9604
00929,復華台灣科技優息,2242,711,1531,富邦-陽明,2024-04-19,9604
00940,元大台灣價值高息,1843,706,1137,富邦-陽明,2024-04-19,9604
8011,台通,614,17,597,富邦-陽明,2024-04-19,9604
2330,台積電,593,95,498,富邦-陽明,2024-04-19,9604
00878,國泰永續高股息,532,83,449,富邦-陽明,2024-04-19,9604
0056,元大高股息,515,91,424,富邦-陽明,2024-04-19,9604
00891,中信關鍵半導體,328,4,324,富邦-陽明,2024-04-19,9604
00919,群益台灣精選高息,781,527,254,富邦-陽明,2024-04-19,9604
2882,國泰金,281,28,253,富邦-陽明,2024-04-19,9604
2317,鴻海,377,131,246,富邦-陽明,2024-04-19,9604
3481,群創,241,33,208,富邦-陽明,2024-04-19,9604
5512,力麒,433,225,208,富邦-陽明,2024-04-19,9604
1608,華榮,597,392,205,富邦-陽明,2024-04-19,9604
1609,大亞,1040,844,196,富邦-陽明,2024-04-19,9604
2610,華航,287,91,196,富邦-陽明,2024-04-19,9604
2883,凱基金,265,76,189,富邦-陽明,2024-04-19,9604
5347,世界,183,10,173,富邦-陽明,2024-04-19,9604
00941,中信上游半導體,249,81,168,富邦-陽明,2024-04-19,9604
00939,統一台灣高息動能,448,295,153,富邦-陽明,2024-04-19,9604
00665L,富邦�琤肭磪囓�2,166,15,151,富邦-陽明,2024-04-19,9604
5880,合庫金,150,3,147,富邦-陽明,2024-04-19,9604
0050,元大台灣50,151,11,140,富邦-陽明,2024-04-19,9604
3231,緯創,727,593,134,富邦-陽明,2024-04-19,9604
2891,中信金,150,17,133,富邦-陽明,2024-04-19,9604
1101,台泥,158,25,133,富邦-陽明,2024-04-19,9604
1326,台化,127,0,127,富邦-陽明,2024-04-19,9604
2515,中工,783,659,124,富邦-陽明,2024-04-19,9604
2547,日勝生,178,57,121,富邦-陽明,2024-04-19,9604
2353,宏��,207,89,118,富邦-陽明,2024-04-19,9604
00927,群益半導體收益,130,13,117,富邦-陽明,2024-04-19,9604
2885,元大金,133,24,109,富邦-陽明,2024-04-19,9604
6869,雲豹能源,108,2,106,富邦-陽明,2024-04-19,9604
00905,FT臺灣Smart,105,1,104,富邦-陽明,2024-04-19,9604
006208,富邦台50,133,28,105,富邦-陽明,2024-04-19,9604
2892,第一金,104,3,101,富邦-陽明,2024-04-19,9604
2303,聯電,543,446,97,富邦-陽明,2024-04-19,9604
2888,新光金,109,14,95,富邦-陽明,2024-04-19,9604
2344,華邦電,165,72,93,富邦-陽明,2024-04-19,9604
2633,台灣高鐵,101,12,89,富邦-陽明,2024-04-19,9604
2201,裕隆,97,9,88,富邦-陽明,2024-04-19,9604
2880,華南金,118,30,88,富邦-陽明,2024-04-19,9604
2618,長榮航,252,165,87,富邦-陽明,2024-04-19,9604
2886,兆豐金,99,21,78,富邦-陽明,2024-04-19,9604
00881,國泰台灣5G+,88,10,78,富邦-陽明,2024-04-19,9604
2845,遠東銀,107,30,77,富邦-陽明,2024-04-19,9604
3037,欣興,85,10,75,富邦-陽明,2024-04-19,9604
2834,臺企銀,103,28,75,富邦-陽明,2024-04-19,9604
00900,富邦特選高股息30,101,26,75,富邦-陽明,2024-04-19,9604
2520,冠德,103,31,72,富邦-陽明,2024-04-19,9604
2329,華泰,99,28,71,富邦-陽明,2024-04-19,9604
00929,復華台灣科技優息,1263,562,701,富邦-陽明,2024-04-22,9604
00940,元大台灣價值高息,754,136,618,富邦-陽明,2024-04-22,9604
00937B,群益ESG投等債20,559,61,498,富邦-陽明,2024-04-22,9604
00632R,元大台灣50反1,476,63,413,富邦-陽明,2024-04-22,9604
3481,群創,479,75,404,富邦-陽明,2024-04-22,9604
2515,中工,1023,697,326,富邦-陽明,2024-04-22,9604
5521,工信,344,25,319,富邦-陽明,2024-04-22,9604
3231,緯創,1131,886,245,富邦-陽明,2024-04-22,9604
00878,國泰永續高股息,279,41,238,富邦-陽明,2024-04-22,9604
2371,大同,873,639,234,富邦-陽明,2024-04-22,9604
2409,友達,253,20,233,富邦-陽明,2024-04-22,9604
2867,三商壽,288,61,227,富邦-陽明,2024-04-22,9604
2303,聯電,174,24,150,富邦-陽明,2024-04-22,9604
2501,國建,316,172,144,富邦-陽明,2024-04-22,9604
1455,集盛,195,55,140,富邦-陽明,2024-04-22,9604
00687B,國泰20年美債,116,3,113,富邦-陽明,2024-04-22,9604
00939,統一台灣高息動能,293,187,106,富邦-陽明,2024-04-22,9604
2324,仁寶,141,44,97,富邦-陽明,2024-04-22,9604
2542,興富發,179,86,93,富邦-陽明,2024-04-22,9604
5864,致和證,93,1,92,富邦-陽明,2024-04-22,9604
3703,欣陸,162,75,87,富邦-陽明,2024-04-22,9604
3576,聯合再生,98,12,86,富邦-陽明,2024-04-22,9604
5512,力麒,285,207,78,富邦-陽明,2024-04-22,9604
6125,廣運,152,76,76,富邦-陽明,2024-04-22,9604
00941,中信上游半導體,81,8,73,富邦-陽明,2024-04-22,9604
0056,元大高股息,199,127,72,富邦-陽明,2024-04-22,9604
00763U,期街口道瓊銅,70,0,70,富邦-陽明,2024-04-22,9604
00720B,元大投資級公司債,76,7,69,富邦-陽明,2024-04-22,9604
2329,華泰,102,35,67,富邦-陽明,2024-04-22,9604
2344,華邦電,83,17,66,富邦-陽明,2024-04-22,9604
9958,世紀鋼,68,4,64,富邦-陽明,2024-04-22,9604
9105,泰金寶-DR,63,5,58,富邦-陽明,2024-04-22,9604
2356,英業達,121,64,57,富邦-陽明,2024-04-22,9604
00931B,統一美債20年,60,5,55,富邦-陽明,2024-04-22,9604
1618,合機,111,56,55,富邦-陽明,2024-04-22,9604
1815,富喬,90,36,54,富邦-陽明,2024-04-22,9604
00891,中信關鍵半導體,89,36,53,富邦-陽明,2024-04-22,9604
1437,勤益控,52,0,52,富邦-陽明,2024-04-22,9604
2062,橋椿,75,25,50,富邦-陽明,2024-04-22,9604
00733,富邦臺灣中小,56,8,48,富邦-陽明,2024-04-22,9604
2546,根基,51,4,47,富邦-陽明,2024-04-22,9604
2382,廣達,810,765,45,富邦-陽明,2024-04-22,9604
00857B,永豐20年美公債,46,1,45,富邦-陽明,2024-04-22,9604
00751B,元大AAA至A公司債,45,1,44,富邦-陽明,2024-04-22,9604
00919,群益台灣精選高息,610,566,44,富邦-陽明,2024-04-22,9604
3260,威剛,52,9,43,富邦-陽明,2024-04-22,9604
6770,力積電,54,11,43,富邦-陽明,2024-04-22,9604
5533,皇鼎,50,8,42,富邦-陽明,2024-04-22,9604
1616,億泰,76,35,41,富邦-陽明,2024-04-22,9604
3062,建漢,42,1,41,富邦-陽明,2024-04-22,9604
00929,復華台灣科技優息,612,34,578,富邦-陽明,2024-04-23,9604
00688L,國泰20年美債正2,365,5,360,富邦-陽明,2024-04-23,9604
00919,群益台灣精選高息,283,58,225,富邦-陽明,2024-04-23,9604
00937B,群益ESG投等債20,200,30,170,富邦-陽明,2024-04-23,9604
2515,中工,604,444,160,富邦-陽明,2024-04-23,9604
2885,元大金,152,7,145,富邦-陽明,2024-04-23,9604
5521,工信,177,65,112,富邦-陽明,2024-04-23,9604
00635U,期元大S＆P黃金,103,4,99,富邦-陽明,2024-04-23,9604
2303,聯電,103,13,90,富邦-陽明,2024-04-23,9604
2603,長榮,105,16,89,富邦-陽明,2024-04-23,9604
00752,中信中國50,91,4,87,富邦-陽明,2024-04-23,9604
6443,元晶,96,21,75,富邦-陽明,2024-04-23,9604
00637L,元大滬深300正2,242,169,73,富邦-陽明,2024-04-23,9604
2881,富邦金,73,4,69,富邦-陽明,2024-04-23,9604
00680L,元大美債20正2,75,10,65,富邦-陽明,2024-04-23,9604
2371,大同,458,396,62,富邦-陽明,2024-04-23,9604
2845,遠東銀,100,39,61,富邦-陽明,2024-04-23,9604
2301,光寶科,77,24,53,富邦-陽明,2024-04-23,9604
00679B,元大美債20年,54,5,49,富邦-陽明,2024-04-23,9604
00881,國泰台灣5G+,54,9,45,富邦-陽明,2024-04-23,9604
2610,華航,105,67,38,富邦-陽明,2024-04-23,9604
1605,華新,51,14,37,富邦-陽明,2024-04-23,9604
3006,晶豪科,52,16,36,富邦-陽明,2024-04-23,9604
2408,南亞科,57,22,35,富邦-陽明,2024-04-23,9604
2634,漢翔,87,52,35,富邦-陽明,2024-04-23,9604
2897,王道銀行,35,0,35,富邦-陽明,2024-04-23,9604
5512,力麒,116,81,35,富邦-陽明,2024-04-23,9604
2363,矽統,122,87,35,富邦-陽明,2024-04-23,9604
9958,世紀鋼,52,17,35,富邦-陽明,2024-04-23,9604
5009,榮剛,44,10,34,富邦-陽明,2024-04-23,9604
3703,欣陸,97,64,33,富邦-陽明,2024-04-23,9604
00664R,國泰臺灣加權反1,32,0,32,富邦-陽明,2024-04-23,9604
4726,永昕,52,21,31,富邦-陽明,2024-04-23,9604
6244,茂迪,41,10,31,富邦-陽明,2024-04-23,9604
3535,晶彩科,35,4,31,富邦-陽明,2024-04-23,9604
8936,國統,77,46,31,富邦-陽明,2024-04-23,9604
5515,建國,44,14,30,富邦-陽明,2024-04-23,9604
6282,康舒,59,29,30,富邦-陽明,2024-04-23,9604
3715,定穎投控,64,35,29,富邦-陽明,2024-04-23,9604
2359,所羅門,41,12,29,富邦-陽明,2024-04-23,9604
1815,富喬,87,59,28,富邦-陽明,2024-04-23,9604
2367,燿華,82,55,27,富邦-陽明,2024-04-23,9604
2308,台達電,29,3,26,富邦-陽明,2024-04-23,9604
5284,jpp-KY,36,10,26,富邦-陽明,2024-04-23,9604
3024,憶聲,44,18,26,富邦-陽明,2024-04-23,9604
2374,佳能,129,103,26,富邦-陽明,2024-04-23,9604
6770,力積電,44,19,25,富邦-陽明,2024-04-23,9604
4588,玖鼎電力,27,2,25,富邦-陽明,2024-04-23,9604
00941,中信上游半導體,29,4,25,富邦-陽明,2024-04-23,9604
00939,統一台灣高息動能,72,48,24,富邦-陽明,2024-04-23,9604
00632R,元大台灣50反1,820,389,431,富邦-陽明,2024-04-24,9604
00929,復華台灣科技優息,443,62,381,富邦-陽明,2024-04-24,9604
00940,元大台灣價值高息,488,112,376,富邦-陽明,2024-04-24,9604
3481,群創,347,33,314,富邦-陽明,2024-04-24,9604
00919,群益台灣精選高息,380,70,310,富邦-陽明,2024-04-24,9604
8210,勤誠,290,30,260,富邦-陽明,2024-04-24,9604
2337,旺宏,237,7,230,富邦-陽明,2024-04-24,9604
3402,漢科,220,12,208,富邦-陽明,2024-04-24,9604
1101,台泥,201,36,165,富邦-陽明,2024-04-24,9604
2886,兆豐金,150,20,130,富邦-陽明,2024-04-24,9604
5864,致和證,115,0,115,富邦-陽明,2024-04-24,9604
00687B,國泰20年美債,155,55,100,富邦-陽明,2024-04-24,9604
00679B,元大美債20年,117,18,99,富邦-陽明,2024-04-24,9604
9958,世紀鋼,101,22,79,富邦-陽明,2024-04-24,9604
3715,定穎投控,191,116,75,富邦-陽明,2024-04-24,9604
2891,中信金,80,5,75,富邦-陽明,2024-04-24,9604
00733,富邦臺灣中小,93,20,73,富邦-陽明,2024-04-24,9604
00673R,期元大S＆P原油反1,72,0,72,富邦-陽明,2024-04-24,9604
00937B,群益ESG投等債20,100,29,71,富邦-陽明,2024-04-24,9604
2409,友達,67,0,67,富邦-陽明,2024-04-24,9604
2504,國產,85,19,66,富邦-陽明,2024-04-24,9604
00680L,元大美債20正2,104,40,64,富邦-陽明,2024-04-24,9604
00933B,國泰10Y+金融債,75,12,63,富邦-陽明,2024-04-24,9604
00642U,期元大S＆P石油,63,5,58,富邦-陽明,2024-04-24,9604
6229,研通,54,1,53,富邦-陽明,2024-04-24,9604
2889,國票金,51,1,50,富邦-陽明,2024-04-24,9604
1529,樂事綠能,51,4,47,富邦-陽明,2024-04-24,9604
00878,國泰永續高股息,57,15,42,富邦-陽明,2024-04-24,9604
2313,華通,51,9,42,富邦-陽明,2024-04-24,9604
2329,華泰,59,17,42,富邦-陽明,2024-04-24,9604
3024,憶聲,43,3,40,富邦-陽明,2024-04-24,9604
2890,永豐金,42,5,37,富邦-陽明,2024-04-24,9604
2442,新美齊,43,8,35,富邦-陽明,2024-04-24,9604
8936,國統,75,40,35,富邦-陽明,2024-04-24,9604
1608,華榮,106,71,35,富邦-陽明,2024-04-24,9604
5324,士開,52,18,34,富邦-陽明,2024-04-24,9604
2105,正新,46,13,33,富邦-陽明,2024-04-24,9604
00857B,永豐20年美公債,38,5,33,富邦-陽明,2024-04-24,9604
00633L,富邦上証正2,46,15,31,富邦-陽明,2024-04-24,9604
6449,鈺邦,34,3,31,富邦-陽明,2024-04-24,9604
1618,合機,62,32,30,富邦-陽明,2024-04-24,9604
020029,元大ESG高股息N,30,0,30,富邦-陽明,2024-04-24,9604
3264,欣銓,40,10,30,富邦-陽明,2024-04-24,9604
6207,雷科,46,18,28,富邦-陽明,2024-04-24,9604
2641,正德,35,8,27,富邦-陽明,2024-04-24,9604
00635U,期元大S＆P黃金,31,5,26,富邦-陽明,2024-04-24,9604
1612,宏泰,63,37,26,富邦-陽明,2024-04-24,9604
1313,聯成,25,0,25,富邦-陽明,2024-04-24,9604
3230,錦明,30,5,25,富邦-陽明,2024-04-24,9604
6275,元山,30,5,25,富邦-陽明,2024-04-24,9604
00878,國泰永續高股息,231,23,208,富邦-陽明,2024-04-25,9604
00937B,群益ESG投等債20,194,12,182,富邦-陽明,2024-04-25,9604
00929,復華台灣科技優息,174,24,150,富邦-陽明,2024-04-25,9604
2891,中信金,159,13,146,富邦-陽明,2024-04-25,9604
00940,元大台灣價值高息,160,16,144,富邦-陽明,2024-04-25,9604
00885,富邦越南,150,9,141,富邦-陽明,2024-04-25,9604
2885,元大金,134,0,134,富邦-陽明,2024-04-25,9604
2317,鴻海,203,76,127,富邦-陽明,2024-04-25,9604
2515,中工,535,408,127,富邦-陽明,2024-04-25,9604
00882,中信中國高股息,165,41,124,富邦-陽明,2024-04-25,9604
2610,華航,606,482,124,富邦-陽明,2024-04-25,9604
2303,聯電,196,86,110,富邦-陽明,2024-04-25,9604
1313,聯成,107,0,107,富邦-陽明,2024-04-25,9604
00679B,元大美債20年,107,1,106,富邦-陽明,2024-04-25,9604
2892,第一金,104,1,103,富邦-陽明,2024-04-25,9604
2888,新光金,136,36,100,富邦-陽明,2024-04-25,9604
2915,潤泰全,104,5,99,富邦-陽明,2024-04-25,9604
00687B,國泰20年美債,124,28,96,富邦-陽明,2024-04-25,9604
00919,群益台灣精選高息,127,44,83,富邦-陽明,2024-04-25,9604
2855,統一證,105,25,80,富邦-陽明,2024-04-25,9604
00939,統一台灣高息動能,85,9,76,富邦-陽明,2024-04-25,9604
5880,合庫金,76,1,75,富邦-陽明,2024-04-25,9604
2330,台積電,88,13,75,富邦-陽明,2024-04-25,9604
3231,緯創,553,484,69,富邦-陽明,2024-04-25,9604
00720B,元大投資級公司債,69,0,69,富邦-陽明,2024-04-25,9604
2362,藍天,72,11,61,富邦-陽明,2024-04-25,9604
00751B,元大AAA至A公司債,59,1,58,富邦-陽明,2024-04-25,9604
00680L,元大美債20正2,84,30,54,富邦-陽明,2024-04-25,9604
9946,三發地產,62,8,54,富邦-陽明,2024-04-25,9604
5230,雷笛克光學,87,33,54,富邦-陽明,2024-04-25,9604
4716,大立,63,12,51,富邦-陽明,2024-04-25,9604
3338,泰碩,122,74,48,富邦-陽明,2024-04-25,9604
3036,文曄,49,2,47,富邦-陽明,2024-04-25,9604
2617,台航,50,3,47,富邦-陽明,2024-04-25,9604
8454,富邦媒,53,8,45,富邦-陽明,2024-04-25,9604
4726,永昕,46,2,44,富邦-陽明,2024-04-25,9604
00650L,復華香港正2,100,59,41,富邦-陽明,2024-04-25,9604
3703,欣陸,86,47,39,富邦-陽明,2024-04-25,9604
6770,力積電,78,40,38,富邦-陽明,2024-04-25,9604
2731,雄獅,66,28,38,富邦-陽明,2024-04-25,9604
00795B,中信美國公債20年,38,0,38,富邦-陽明,2024-04-25,9604
1301,台塑,39,2,37,富邦-陽明,2024-04-25,9604
3466,德晉,35,0,35,富邦-陽明,2024-04-25,9604
2337,旺宏,45,11,34,富邦-陽明,2024-04-25,9604
3024,憶聲,89,55,34,富邦-陽明,2024-04-25,9604
2886,兆豐金,35,2,33,富邦-陽明,2024-04-25,9604
6548,長科*,54,22,32,富邦-陽明,2024-04-25,9604
4714,永捷,34,2,32,富邦-陽明,2024-04-25,9604
5533,皇鼎,40,9,31,富邦-陽明,2024-04-25,9604
1402,遠東新,31,0,31,富邦-陽明,2024-04-25,9604
00632R,元大台灣50反1,316,20,296,富邦-陽明,2024-04-26,9604
00679B,元大美債20年,237,7,230,富邦-陽明,2024-04-26,9604
1314,中石化,336,112,224,富邦-陽明,2024-04-26,9604
00680L,元大美債20正2,278,67,211,富邦-陽明,2024-04-26,9604
00937B,群益ESG投等債20,434,230,204,富邦-陽明,2024-04-26,9604
00929,復華台灣科技優息,285,99,186,富邦-陽明,2024-04-26,9604
00919,群益台灣精選高息,195,16,179,富邦-陽明,2024-04-26,9604
00687B,國泰20年美債,199,42,157,富邦-陽明,2024-04-26,9604
00706L,期元大S＆P日圓正2,170,22,148,富邦-陽明,2024-04-26,9604
3715,定穎投控,151,22,129,富邦-陽明,2024-04-26,9604
00882,中信中國高股息,180,64,116,富邦-陽明,2024-04-26,9604
2486,一詮,240,129,111,富邦-陽明,2024-04-26,9604
2101,南港,206,98,108,富邦-陽明,2024-04-26,9604
00940,元大台灣價值高息,158,64,94,富邦-陽明,2024-04-26,9604
2383,台光電,110,17,93,富邦-陽明,2024-04-26,9604
3706,神達,140,55,85,富邦-陽明,2024-04-26,9604
00772B,中信高評級公司債,70,2,68,富邦-陽明,2024-04-26,9604
00857B,永豐20年美公債,71,4,67,富邦-陽明,2024-04-26,9604
3363,上詮,104,40,64,富邦-陽明,2024-04-26,9604
2362,藍天,68,10,58,富邦-陽明,2024-04-26,9604
3163,波若威,85,31,54,富邦-陽明,2024-04-26,9604
1402,遠東新,52,0,52,富邦-陽明,2024-04-26,9604
00795B,中信美國公債20年,51,0,51,富邦-陽明,2024-04-26,9604
3450,聯鈞,61,16,45,富邦-陽明,2024-04-26,9604
6425,易發,70,30,40,富邦-陽明,2024-04-26,9604
6548,長科*,44,4,40,富邦-陽明,2024-04-26,9604
0056,元大高股息,65,25,40,富邦-陽明,2024-04-26,9604
00720B,元大投資級公司債,41,2,39,富邦-陽明,2024-04-26,9604
2023,燁輝,50,12,38,富邦-陽明,2024-04-26,9604
00751B,元大AAA至A公司債,40,3,37,富邦-陽明,2024-04-26,9604
3207,耀勝,39,2,37,富邦-陽明,2024-04-26,9604
00688L,國泰20年美債正2,126,90,36,富邦-陽明,2024-04-26,9604
1605,華新,88,53,35,富邦-陽明,2024-04-26,9604
3703,欣陸,61,26,35,富邦-陽明,2024-04-26,9604
00931B,統一美債20年,34,0,34,富邦-陽明,2024-04-26,9604
2547,日勝生,45,11,34,富邦-陽明,2024-04-26,9604
1612,宏泰,62,29,33,富邦-陽明,2024-04-26,9604
2471,資通,32,0,32,富邦-陽明,2024-04-26,9604
2206,三陽工業,134,102,32,富邦-陽明,2024-04-26,9604
3037,欣興,42,11,31,富邦-陽明,2024-04-26,9604
6290,良維,39,8,31,富邦-陽明,2024-04-26,9604
5521,工信,43,12,31,富邦-陽明,2024-04-26,9604
00878,國泰永續高股息,44,14,30,富邦-陽明,2024-04-26,9604
5450,南良,34,5,29,富邦-陽明,2024-04-26,9604
6282,康舒,42,14,28,富邦-陽明,2024-04-26,9604
00942B,台新美A公司債20+,28,0,28,富邦-陽明,2024-04-26,9604
3645,達邁,32,5,27,富邦-陽明,2024-04-26,9604
2371,大同,423,397,26,富邦-陽明,2024-04-26,9604
1608,華榮,86,60,26,富邦-陽明,2024-04-26,9604
6438,迅得,26,1,25,富邦-陽明,2024-04-26,9604
2363,矽統,619,270,349,富邦-陽明,2024-04-29,9604
2618,長榮航,542,271,271,富邦-陽明,2024-04-29,9604
2887,台新金,208,41,167,富邦-陽明,2024-04-29,9604
2607,榮運,194,38,156,富邦-陽明,2024-04-29,9604
00637L,元大滬深300正2,200,73,127,富邦-陽明,2024-04-29,9604
00929,復華台灣科技優息,406,283,123,富邦-陽明,2024-04-29,9604
9958,世紀鋼,128,17,111,富邦-陽明,2024-04-29,9604
2609,陽明,499,396,103,富邦-陽明,2024-04-29,9604
2102,泰豐,111,11,100,富邦-陽明,2024-04-29,9604
3583,辛耘,116,17,99,富邦-陽明,2024-04-29,9604
2515,中工,523,433,90,富邦-陽明,2024-04-29,9604
6526,達發,92,3,89,富邦-陽明,2024-04-29,9604
1459,聯發,91,7,84,富邦-陽明,2024-04-29,9604
4583,台灣精銳,80,1,79,富邦-陽明,2024-04-29,9604
8121,越峰,69,1,68,富邦-陽明,2024-04-29,9604
6290,良維,102,38,64,富邦-陽明,2024-04-29,9604
3312,弘憶股,85,28,57,富邦-陽明,2024-04-29,9604
00927,群益半導體收益,68,12,56,富邦-陽明,2024-04-29,9604
1815,富喬,109,55,54,富邦-陽明,2024-04-29,9604
3338,泰碩,101,48,53,富邦-陽明,2024-04-29,9604
2023,燁輝,72,20,52,富邦-陽明,2024-04-29,9604
00937B,群益ESG投等債20,172,120,52,富邦-陽明,2024-04-29,9604
6125,廣運,133,82,51,富邦-陽明,2024-04-29,9604
1516,川飛,57,8,49,富邦-陽明,2024-04-29,9604
00650L,復華香港正2,200,152,48,富邦-陽明,2024-04-29,9604
3706,神達,54,15,39,富邦-陽明,2024-04-29,9604
3234,光環,46,7,39,富邦-陽明,2024-04-29,9604
2449,京元電子,62,25,37,富邦-陽明,2024-04-29,9604
3686,達能,35,0,35,富邦-陽明,2024-04-29,9604
3596,智易,35,0,35,富邦-陽明,2024-04-29,9604
2404,漢唐,36,3,33,富邦-陽明,2024-04-29,9604
00753L,中信中國50正2,40,7,33,富邦-陽明,2024-04-29,9604
2115,六暉-KY,31,0,31,富邦-陽明,2024-04-29,9604
2505,國揚,34,4,30,富邦-陽明,2024-04-29,9604
1710,東聯,30,0,30,富邦-陽明,2024-04-29,9604
4127,天良,64,36,28,富邦-陽明,2024-04-29,9604
1413,宏洲,36,8,28,富邦-陽明,2024-04-29,9604
2025,千興,34,8,26,富邦-陽明,2024-04-29,9604
5706,鳳凰,49,23,26,富邦-陽明,2024-04-29,9604
5515,建國,41,15,26,富邦-陽明,2024-04-29,9604
2009,第一銅,117,91,26,富邦-陽明,2024-04-29,9604
3036,文曄,27,2,25,富邦-陽明,2024-04-29,9604
00751B,元大AAA至A公司債,35,10,25,富邦-陽明,2024-04-29,9604
2511,太子,54,29,25,富邦-陽明,2024-04-29,9604
3218,大學光,25,1,24,富邦-陽明,2024-04-29,9604
2617,台航,36,12,24,富邦-陽明,2024-04-29,9604
2537,聯上發,129,105,24,富邦-陽明,2024-04-29,9604
5213,亞昕,37,15,22,富邦-陽明,2024-04-29,9604
2382,廣達,62,40,22,富邦-陽明,2024-04-29,9604
2492,華新科,29,7,22,富邦-陽明,2024-04-29,9604
00937B,群益ESG投等債20,271,6,265,富邦-陽明,2024-04-30,9604
00940,元大台灣價值高息,225,23,202,富邦-陽明,2024-04-30,9604
2392,正崴,200,4,196,富邦-陽明,2024-04-30,9604
2515,中工,322,163,159,富邦-陽明,2024-04-30,9604
3296,勝德,154,1,153,富邦-陽明,2024-04-30,9604
9958,世紀鋼,214,67,147,富邦-陽明,2024-04-30,9604
2607,榮運,153,6,147,富邦-陽明,2024-04-30,9604
2353,宏��,144,2,142,富邦-陽明,2024-04-30,9604
1477,聚陽,132,2,130,富邦-陽明,2024-04-30,9604
00688L,國泰20年美債正2,122,10,112,富邦-陽明,2024-04-30,9604
2606,裕民,113,1,112,富邦-陽明,2024-04-30,9604
2611,志信,138,29,109,富邦-陽明,2024-04-30,9604
00753L,中信中國50正2,173,67,106,富邦-陽明,2024-04-30,9604
00919,群益台灣精選高息,137,31,106,富邦-陽明,2024-04-30,9604
00929,復華台灣科技優息,164,64,100,富邦-陽明,2024-04-30,9604
00882,中信中國高股息,134,37,97,富邦-陽明,2024-04-30,9604
2317,鴻海,161,65,96,富邦-陽明,2024-04-30,9604
00632R,元大台灣50反1,119,29,90,富邦-陽明,2024-04-30,9604
8096,擎亞,167,82,85,富邦-陽明,2024-04-30,9604
2492,華新科,86,6,80,富邦-陽明,2024-04-30,9604
00939,統一台灣高息動能,111,32,79,富邦-陽明,2024-04-30,9604
9945,潤泰新,97,19,78,富邦-陽明,2024-04-30,9604
2363,矽統,458,380,78,富邦-陽明,2024-04-30,9604
1609,大亞,141,68,73,富邦-陽明,2024-04-30,9604
00637L,元大滬深300正2,156,93,63,富邦-陽明,2024-04-30,9604
00650L,復華香港正2,166,104,62,富邦-陽明,2024-04-30,9604
00680L,元大美債20正2,111,50,61,富邦-陽明,2024-04-30,9604
2449,京元電子,59,2,57,富邦-陽明,2024-04-30,9604
5439,高技,62,7,55,富邦-陽明,2024-04-30,9604
3231,緯創,84,30,54,富邦-陽明,2024-04-30,9604
2501,國建,267,215,52,富邦-陽明,2024-04-30,9604
00751B,元大AAA至A公司債,81,30,51,富邦-陽明,2024-04-30,9604
5457,宣德,106,55,51,富邦-陽明,2024-04-30,9604
4583,台灣精銳,49,1,48,富邦-陽明,2024-04-30,9604
2382,廣達,61,13,48,富邦-陽明,2024-04-30,9604
2836,高雄銀,45,0,45,富邦-陽明,2024-04-30,9604
4533,協易機,48,4,44,富邦-陽明,2024-04-30,9604
1605,華新,43,4,39,富邦-陽明,2024-04-30,9604
2505,國揚,54,15,39,富邦-陽明,2024-04-30,9604
2023,燁輝,40,1,39,富邦-陽明,2024-04-30,9604
3583,辛耘,64,25,39,富邦-陽明,2024-04-30,9604
00679B,元大美債20年,52,15,37,富邦-陽明,2024-04-30,9604
8121,越峰,36,0,36,富邦-陽明,2024-04-30,9604
1402,遠東新,39,4,35,富邦-陽明,2024-04-30,9604
8039,台虹,39,4,35,富邦-陽明,2024-04-30,9604
2547,日勝生,39,5,34,富邦-陽明,2024-04-30,9604
4402,郡都開發,35,3,32,富邦-陽明,2024-04-30,9604
4157,太景*-KY,31,0,31,富邦-陽明,2024-04-30,9604
1316,上曜,67,37,30,富邦-陽明,2024-04-30,9604
1313,聯成,30,0,30,富邦-陽明,2024-04-30,9604
00664R,國泰臺灣加權反1,600,0,600,富邦-陽明,2024-05-02,9604
00878,國泰永續高股息,510,89,421,富邦-陽明,2024-05-02,9604
1314,中石化,725,341,384,富邦-陽明,2024-05-02,9604
00937B,群益ESG投等債20,370,27,343,富邦-陽明,2024-05-02,9604
3481,群創,354,35,319,富邦-陽明,2024-05-02,9604
2891,中信金,350,82,268,富邦-陽明,2024-05-02,9604
00929,復華台灣科技優息,290,22,268,富邦-陽明,2024-05-02,9604
2615,萬海,293,58,235,富邦-陽明,2024-05-02,9604
1101,台泥,222,14,208,富邦-陽明,2024-05-02,9604
1477,聚陽,150,0,150,富邦-陽明,2024-05-02,9604
00688L,國泰20年美債正2,150,0,150,富邦-陽明,2024-05-02,9604
2324,仁寶,146,19,127,富邦-陽明,2024-05-02,9604
2353,宏��,129,7,122,富邦-陽明,2024-05-02,9604
00882,中信中國高股息,147,26,121,富邦-陽明,2024-05-02,9604
9933,中鼎,238,122,116,富邦-陽明,2024-05-02,9604
2486,一詮,118,6,112,富邦-陽明,2024-05-02,9604
2538,基泰,103,3,100,富邦-陽明,2024-05-02,9604
00687B,國泰20年美債,103,12,91,富邦-陽明,2024-05-02,9604
2330,台積電,125,34,91,富邦-陽明,2024-05-02,9604
2501,國建,430,341,89,富邦-陽明,2024-05-02,9604
2101,南港,110,25,85,富邦-陽明,2024-05-02,9604
1817,凱撒衛,91,7,84,富邦-陽明,2024-05-02,9604
00680L,元大美債20正2,104,20,84,富邦-陽明,2024-05-02,9604
2371,大同,292,209,83,富邦-陽明,2024-05-02,9604
2363,矽統,276,196,80,富邦-陽明,2024-05-02,9604
2915,潤泰全,136,59,77,富邦-陽明,2024-05-02,9604
020020,元大台股領航N,77,0,77,富邦-陽明,2024-05-02,9604
2401,凌陽,70,2,68,富邦-陽明,2024-05-02,9604
00637L,元大滬深300正2,138,73,65,富邦-陽明,2024-05-02,9604
1609,大亞,167,104,63,富邦-陽明,2024-05-02,9604
1440,南紡,93,32,61,富邦-陽明,2024-05-02,9604
8936,國統,79,19,60,富邦-陽明,2024-05-02,9604
2885,元大金,74,19,55,富邦-陽明,2024-05-02,9604
00919,群益台灣精選高息,115,63,52,富邦-陽明,2024-05-02,9604
2816,旺旺保,52,3,49,富邦-陽明,2024-05-02,9604
5864,致和證,60,14,46,富邦-陽明,2024-05-02,9604
4526,東台,53,7,46,富邦-陽明,2024-05-02,9604
00941,中信上游半導體,46,1,45,富邦-陽明,2024-05-02,9604
4915,致伸,53,9,44,富邦-陽明,2024-05-02,9604
2888,新光金,124,82,42,富邦-陽明,2024-05-02,9604
2356,英業達,60,20,40,富邦-陽明,2024-05-02,9604
5371,中光電,50,10,40,富邦-陽明,2024-05-02,9604
2316,楠梓電,60,21,39,富邦-陽明,2024-05-02,9604
8064,東捷,62,23,39,富邦-陽明,2024-05-02,9604
2376,技嘉,58,19,39,富邦-陽明,2024-05-02,9604
3583,辛耘,42,5,37,富邦-陽明,2024-05-02,9604
00715L,期街口布蘭特正2,47,10,37,富邦-陽明,2024-05-02,9604
1459,聯發,36,0,36,富邦-陽明,2024-05-02,9604
6239,力成,37,3,34,富邦-陽明,2024-05-02,9604
1307,三芳,34,0,34,富邦-陽明,2024-05-02,9604
00937B,群益ESG投等債20,795,59,736,富邦-陽明,2024-05-03,9604
00878,國泰永續高股息,445,16,429,富邦-陽明,2024-05-03,9604
00664R,國泰臺灣加權反1,400,0,400,富邦-陽明,2024-05-03,9604
00929,復華台灣科技優息,265,50,215,富邦-陽明,2024-05-03,9604
00679B,元大美債20年,204,2,202,富邦-陽明,2024-05-03,9604
1802,台玻,201,0,201,富邦-陽明,2024-05-03,9604
1477,聚陽,201,5,196,富邦-陽明,2024-05-03,9604
2888,新光金,328,160,168,富邦-陽明,2024-05-03,9604
5531,鄉林,349,189,160,富邦-陽明,2024-05-03,9604
3231,緯創,291,137,154,富邦-陽明,2024-05-03,9604
1101,台泥,172,19,153,富邦-陽明,2024-05-03,9604
2609,陽明,254,106,148,富邦-陽明,2024-05-03,9604
1815,富喬,201,54,147,富邦-陽明,2024-05-03,9604
00945B,凱基美國非投等債,110,0,110,富邦-陽明,2024-05-03,9604
2537,聯上發,140,34,106,富邦-陽明,2024-05-03,9604
00941,中信上游半導體,107,5,102,富邦-陽明,2024-05-03,9604
6015,宏遠證,101,0,101,富邦-陽明,2024-05-03,9604
2905,三商,102,3,99,富邦-陽明,2024-05-03,9604
5521,工信,120,26,94,富邦-陽明,2024-05-03,9604
9945,潤泰新,212,129,83,富邦-陽明,2024-05-03,9604
2547,日勝生,116,38,78,富邦-陽明,2024-05-03,9604
2603,長榮,306,232,74,富邦-陽明,2024-05-03,9604
1609,大亞,183,111,72,富邦-陽明,2024-05-03,9604
1316,上曜,238,167,71,富邦-陽明,2024-05-03,9604
3338,泰碩,115,44,71,富邦-陽明,2024-05-03,9604
3481,群創,108,38,70,富邦-陽明,2024-05-03,9604
00933B,國泰10Y+金融債,129,61,68,富邦-陽明,2024-05-03,9604
00687B,國泰20年美債,68,4,64,富邦-陽明,2024-05-03,9604
2014,中鴻,64,2,62,富邦-陽明,2024-05-03,9604
8906,花王,59,1,58,富邦-陽明,2024-05-03,9604
00940,元大台灣價值高息,107,51,56,富邦-陽明,2024-05-03,9604
2504,國產,79,24,55,富邦-陽明,2024-05-03,9604
2371,大同,315,263,52,富邦-陽明,2024-05-03,9604
3714,富采,54,3,51,富邦-陽明,2024-05-03,9604
1514,亞力,89,40,49,富邦-陽明,2024-05-03,9604
2816,旺旺保,52,4,48,富邦-陽明,2024-05-03,9604
2323,中環,88,41,47,富邦-陽明,2024-05-03,9604
6160,欣技,47,0,47,富邦-陽明,2024-05-03,9604
2382,廣達,808,765,43,富邦-陽明,2024-05-03,9604
6120,達運,53,10,43,富邦-陽明,2024-05-03,9604
6526,達發,45,3,42,富邦-陽明,2024-05-03,9604
1612,宏泰,54,13,41,富邦-陽明,2024-05-03,9604
2449,京元電子,66,28,38,富邦-陽明,2024-05-03,9604
1417,嘉裕,38,0,38,富邦-陽明,2024-05-03,9604
3264,欣銓,38,1,37,富邦-陽明,2024-05-03,9604
4952,凌通,35,0,35,富邦-陽明,2024-05-03,9604
2344,華邦電,71,38,33,富邦-陽明,2024-05-03,9604
4532,瑞智,47,15,32,富邦-陽明,2024-05-03,9604
1459,聯發,42,11,31,富邦-陽明,2024-05-03,9604
2641,正德,37,6,31,富邦-陽明,2024-05-03,9604
00937B,群益ESG投等債20,760,121,639,富邦-陽明,2024-05-06,9604
00632R,元大台灣50反1,634,75,559,富邦-陽明,2024-05-06,9604
00929,復華台灣科技優息,348,54,294,富邦-陽明,2024-05-06,9604
3260,威剛,365,77,288,富邦-陽明,2024-05-06,9604
4967,十銓,276,35,241,富邦-陽明,2024-05-06,9604
2449,京元電子,255,31,224,富邦-陽明,2024-05-06,9604
2618,長榮航,429,211,218,富邦-陽明,2024-05-06,9604
3052,夆典,215,10,205,富邦-陽明,2024-05-06,9604
3481,群創,240,67,173,富邦-陽明,2024-05-06,9604
2801,彰銀,210,45,165,富邦-陽明,2024-05-06,9604
6770,力積電,208,71,137,富邦-陽明,2024-05-06,9604
00650L,復華香港正2,138,22,116,富邦-陽明,2024-05-06,9604
00665L,富邦�琤肭磪囓�2,186,80,106,富邦-陽明,2024-05-06,9604
9933,中鼎,118,14,104,富邦-陽明,2024-05-06,9604
1477,聚陽,104,1,103,富邦-陽明,2024-05-06,9604
1217,愛之味,103,0,103,富邦-陽明,2024-05-06,9604
5512,力麒,111,24,87,富邦-陽明,2024-05-06,9604
00945B,凱基美國非投等債,84,0,84,富邦-陽明,2024-05-06,9604
9958,世紀鋼,109,25,84,富邦-陽明,2024-05-06,9604
2344,華邦電,177,95,82,富邦-陽明,2024-05-06,9604
2501,國建,137,56,81,富邦-陽明,2024-05-06,9604
00725B,國泰投資級公司債,84,5,79,富邦-陽明,2024-05-06,9604
00887,永豐中國科技50大,80,2,78,富邦-陽明,2024-05-06,9604
00915,凱基優選高股息30,90,13,77,富邦-陽明,2024-05-06,9604
2025,千興,130,54,76,富邦-陽明,2024-05-06,9604
00679B,元大美債20年,75,1,74,富邦-陽明,2024-05-06,9604
2506,太設,90,17,73,富邦-陽明,2024-05-06,9604
2543,皇昌,112,39,73,富邦-陽明,2024-05-06,9604
1815,富喬,243,174,69,富邦-陽明,2024-05-06,9604
2492,華新科,80,13,67,富邦-陽明,2024-05-06,9604
00715L,期街口布蘭特正2,59,0,59,富邦-陽明,2024-05-06,9604
2002,中鋼,61,3,58,富邦-陽明,2024-05-06,9604
2352,佳世達,65,11,54,富邦-陽明,2024-05-06,9604
5880,合庫金,72,18,54,富邦-陽明,2024-05-06,9604
00655L,國泰中國A50正2,71,20,51,富邦-陽明,2024-05-06,9604
2409,友達,162,111,51,富邦-陽明,2024-05-06,9604
1219,福壽,50,0,50,富邦-陽明,2024-05-06,9604
4530,宏易,55,5,50,富邦-陽明,2024-05-06,9604
6757,台灣虎航,51,3,48,富邦-陽明,2024-05-06,9604
00700,富邦�琤肭磪�,52,4,48,富邦-陽明,2024-05-06,9604
4714,永捷,67,20,47,富邦-陽明,2024-05-06,9604
6016,康和證,49,4,45,富邦-陽明,2024-05-06,9604
2542,興富發,92,49,43,富邦-陽明,2024-05-06,9604
5521,工信,55,16,39,富邦-陽明,2024-05-06,9604
5284,jpp-KY,53,14,39,富邦-陽明,2024-05-06,9604
00752,中信中國50,67,28,39,富邦-陽明,2024-05-06,9604
5515,建國,41,3,38,富邦-陽明,2024-05-06,9604
4164,承業醫,41,4,37,富邦-陽明,2024-05-06,9604
2331,精英,36,1,35,富邦-陽明,2024-05-06,9604
2103,台橡,35,0,35,富邦-陽明,2024-05-06,9604
00719B,元大美債1-3,379,0,379,富邦-陽明,2024-05-07,9604
00650L,復華香港正2,357,13,344,富邦-陽明,2024-05-07,9604
2363,矽統,364,94,270,富邦-陽明,2024-05-07,9604
00632R,元大台灣50反1,256,0,256,富邦-陽明,2024-05-07,9604
00937B,群益ESG投等債20,366,199,167,富邦-陽明,2024-05-07,9604
3583,辛耘,175,23,152,富邦-陽明,2024-05-07,9604
2883,凱基金,158,21,137,富邦-陽明,2024-05-07,9604
2633,台灣高鐵,135,8,127,富邦-陽明,2024-05-07,9604
00665L,富邦�琤肭磪囓�2,133,23,110,富邦-陽明,2024-05-07,9604
4933,友輝,101,0,101,富邦-陽明,2024-05-07,9604
2834,臺企銀,120,22,98,富邦-陽明,2024-05-07,9604
4909,新復興,101,10,91,富邦-陽明,2024-05-07,9604
1609,大亞,273,182,91,富邦-陽明,2024-05-07,9604
00878,國泰永續高股息,282,193,89,富邦-陽明,2024-05-07,9604
2317,鴻海,292,203,89,富邦-陽明,2024-05-07,9604
1477,聚陽,84,0,84,富邦-陽明,2024-05-07,9604
00751B,元大AAA至A公司債,116,39,77,富邦-陽明,2024-05-07,9604
2888,新光金,121,44,77,富邦-陽明,2024-05-07,9604
2542,興富發,129,54,75,富邦-陽明,2024-05-07,9604
00688L,國泰20年美債正2,71,0,71,富邦-陽明,2024-05-07,9604
2027,大成鋼,75,6,69,富邦-陽明,2024-05-07,9604
2323,中環,79,11,68,富邦-陽明,2024-05-07,9604
3592,瑞鼎,68,2,66,富邦-陽明,2024-05-07,9604
2023,燁輝,60,0,60,富邦-陽明,2024-05-07,9604
1453,大將,188,129,59,富邦-陽明,2024-05-07,9604
8039,台虹,62,3,59,富邦-陽明,2024-05-07,9604
2367,燿華,137,79,58,富邦-陽明,2024-05-07,9604
00940,元大台灣價值高息,228,173,55,富邦-陽明,2024-05-07,9604
00715L,期街口布蘭特正2,54,0,54,富邦-陽明,2024-05-07,9604
3057,喬鼎,54,0,54,富邦-陽明,2024-05-07,9604
3338,泰碩,106,52,54,富邦-陽明,2024-05-07,9604
3033,威健,119,67,52,富邦-陽明,2024-05-07,9604
2855,統一證,51,0,51,富邦-陽明,2024-05-07,9604
1308,亞聚,52,2,50,富邦-陽明,2024-05-07,9604
4530,宏易,57,7,50,富邦-陽明,2024-05-07,9604
6186,新潤,57,8,49,富邦-陽明,2024-05-07,9604
5512,力麒,86,38,48,富邦-陽明,2024-05-07,9604
3013,晟銘電,201,153,48,富邦-陽明,2024-05-07,9604
2353,宏��,189,142,47,富邦-陽明,2024-05-07,9604
2801,彰銀,46,1,45,富邦-陽明,2024-05-07,9604
9103,美德醫療-DR,50,5,45,富邦-陽明,2024-05-07,9604
2504,國產,59,16,43,富邦-陽明,2024-05-07,9604
5871,中租-KY,42,0,42,富邦-陽明,2024-05-07,9604
6449,鈺邦,46,5,41,富邦-陽明,2024-05-07,9604
4583,台灣精銳,41,0,41,富邦-陽明,2024-05-07,9604
00945B,凱基美國非投等債,41,2,39,富邦-陽明,2024-05-07,9604
2344,華邦電,190,152,38,富邦-陽明,2024-05-07,9604
3624,光頡,38,0,38,富邦-陽明,2024-05-07,9604
2356,英業達,69,31,38,富邦-陽明,2024-05-07,9604
2515,中工,347,310,37,富邦-陽明,2024-05-07,9604
00665L,富邦�琤肭磪囓�2,1140,115,1025,富邦-陽明,2024-05-08,9604
1313,聯成,330,0,330,富邦-陽明,2024-05-08,9604
00937B,群益ESG投等債20,419,179,240,富邦-陽明,2024-05-08,9604
00929,復華台灣科技優息,231,15,216,富邦-陽明,2024-05-08,9604
2603,長榮,249,46,203,富邦-陽明,2024-05-08,9604
1104,環泥,157,1,156,富邦-陽明,2024-05-08,9604
2888,新光金,258,107,151,富邦-陽明,2024-05-08,9604
8039,台虹,194,52,142,富邦-陽明,2024-05-08,9604
00919,群益台灣精選高息,144,19,125,富邦-陽明,2024-05-08,9604
1314,中石化,149,30,119,富邦-陽明,2024-05-08,9604
5014,建錩,122,8,114,富邦-陽明,2024-05-08,9604
1618,合機,174,65,109,富邦-陽明,2024-05-08,9604
3701,大眾控,109,0,109,富邦-陽明,2024-05-08,9604
3002,歐格,110,1,109,富邦-陽明,2024-05-08,9604
5871,中租-KY,119,13,106,富邦-陽明,2024-05-08,9604
2489,瑞軒,105,0,105,富邦-陽明,2024-05-08,9604
1477,聚陽,104,1,103,富邦-陽明,2024-05-08,9604
00942B,台新美A公司債20+,103,0,103,富邦-陽明,2024-05-08,9604
00878,國泰永續高股息,163,61,102,富邦-陽明,2024-05-08,9604
2356,英業達,315,216,99,富邦-陽明,2024-05-08,9604
00706L,期元大S＆P日圓正2,100,2,98,富邦-陽明,2024-05-08,9604
00940,元大台灣價值高息,302,211,91,富邦-陽明,2024-05-08,9604
2801,彰銀,102,13,89,富邦-陽明,2024-05-08,9604
6161,捷波,88,0,88,富邦-陽明,2024-05-08,9604
3036,文曄,89,3,86,富邦-陽明,2024-05-08,9604
00945B,凱基美國非投等債,80,0,80,富邦-陽明,2024-05-08,9604
1316,上曜,82,6,76,富邦-陽明,2024-05-08,9604
00633L,富邦上証正2,72,0,72,富邦-陽明,2024-05-08,9604
4952,凌通,90,18,72,富邦-陽明,2024-05-08,9604
3056,富華新,77,7,70,富邦-陽明,2024-05-08,9604
00637L,元大滬深300正2,140,70,70,富邦-陽明,2024-05-08,9604
2915,潤泰全,69,4,65,富邦-陽明,2024-05-08,9604
8936,國統,91,27,64,富邦-陽明,2024-05-08,9604
1453,大將,73,14,59,富邦-陽明,2024-05-08,9604
2633,台灣高鐵,66,11,55,富邦-陽明,2024-05-08,9604
2449,京元電子,63,8,55,富邦-陽明,2024-05-08,9604
2002,中鋼,53,1,52,富邦-陽明,2024-05-08,9604
1308,亞聚,72,22,50,富邦-陽明,2024-05-08,9604
2317,鴻海,140,92,48,富邦-陽明,2024-05-08,9604
1304,台聚,51,3,48,富邦-陽明,2024-05-08,9604
3057,喬鼎,52,4,48,富邦-陽明,2024-05-08,9604
5512,力麒,61,13,48,富邦-陽明,2024-05-08,9604
00932,兆豐永續高息等權,46,0,46,富邦-陽明,2024-05-08,9604
2020,美亞,45,1,44,富邦-陽明,2024-05-08,9604
6189,豐藝,70,29,41,富邦-陽明,2024-05-08,9604
00650L,復華香港正2,101,61,40,富邦-陽明,2024-05-08,9604
1515,力山,48,10,38,富邦-陽明,2024-05-08,9604
2545,皇翔,55,18,37,富邦-陽明,2024-05-08,9604
8096,擎亞,135,99,36,富邦-陽明,2024-05-08,9604
2409,友達,37,2,35,富邦-陽明,2024-05-08,9604
00929,復華台灣科技優息,413,93,320,富邦-陽明,2024-05-09,9604
00878,國泰永續高股息,309,51,258,富邦-陽明,2024-05-09,9604
3231,緯創,292,61,231,富邦-陽明,2024-05-09,9604
2618,長榮航,537,317,220,富邦-陽明,2024-05-09,9604
2888,新光金,473,266,207,富邦-陽明,2024-05-09,9604
1618,合機,230,45,185,富邦-陽明,2024-05-09,9604
1313,聯成,165,2,163,富邦-陽明,2024-05-09,9604
1326,台化,153,0,153,富邦-陽明,2024-05-09,9604
2363,矽統,319,175,144,富邦-陽明,2024-05-09,9604
2367,燿華,298,178,120,富邦-陽明,2024-05-09,9604
5871,中租-KY,128,14,114,富邦-陽明,2024-05-09,9604
00679B,元大美債20年,142,32,110,富邦-陽明,2024-05-09,9604
3036,文曄,124,18,106,富邦-陽明,2024-05-09,9604
00927,群益半導體收益,105,3,102,富邦-陽明,2024-05-09,9604
00923,群益台ESG低碳50,102,1,101,富邦-陽明,2024-05-09,9604
9958,世紀鋼,133,35,98,富邦-陽明,2024-05-09,9604
2392,正崴,100,5,95,富邦-陽明,2024-05-09,9604
9902,台火,85,1,84,富邦-陽明,2024-05-09,9604
3296,勝德,80,0,80,富邦-陽明,2024-05-09,9604
2228,劍麟,81,2,79,富邦-陽明,2024-05-09,9604
2101,南港,109,31,78,富邦-陽明,2024-05-09,9604
2317,鴻海,234,159,75,富邦-陽明,2024-05-09,9604
2371,大同,210,139,71,富邦-陽明,2024-05-09,9604
1570,力肯,68,1,67,富邦-陽明,2024-05-09,9604
1605,華新,72,8,64,富邦-陽明,2024-05-09,9604
8112,至上,96,32,64,富邦-陽明,2024-05-09,9604
1609,大亞,131,70,61,富邦-陽明,2024-05-09,9604
00795B,中信美國公債20年,61,0,61,富邦-陽明,2024-05-09,9604
2834,臺企銀,107,50,57,富邦-陽明,2024-05-09,9604
2409,友達,58,6,52,富邦-陽明,2024-05-09,9604
00706L,期元大S＆P日圓正2,53,1,52,富邦-陽明,2024-05-09,9604
4903,聯光通,53,1,52,富邦-陽明,2024-05-09,9604
8089,康全電訊,71,20,51,富邦-陽明,2024-05-09,9604
2356,英業達,88,37,51,富邦-陽明,2024-05-09,9604
5324,士開,50,0,50,富邦-陽明,2024-05-09,9604
2889,國票金,60,11,49,富邦-陽明,2024-05-09,9604
2449,京元電子,58,10,48,富邦-陽明,2024-05-09,9604
1314,中石化,92,44,48,富邦-陽明,2024-05-09,9604
00933B,國泰10Y+金融債,47,0,47,富邦-陽明,2024-05-09,9604
3062,建漢,49,3,46,富邦-陽明,2024-05-09,9604
2610,華航,68,23,45,富邦-陽明,2024-05-09,9604
8215,明基材,45,0,45,富邦-陽明,2024-05-09,9604
3313,斐成,50,6,44,富邦-陽明,2024-05-09,9604
00688L,國泰20年美債正2,48,5,43,富邦-陽明,2024-05-09,9604
3207,耀勝,42,0,42,富邦-陽明,2024-05-09,9604
6189,豐藝,50,9,41,富邦-陽明,2024-05-09,9604
8027,鈦昇,42,1,41,富邦-陽明,2024-05-09,9604
5515,建國,41,1,40,富邦-陽明,2024-05-09,9604
3051,力特,36,0,36,富邦-陽明,2024-05-09,9604
2308,台達電,46,10,36,富邦-陽明,2024-05-09,9604
00937B,群益ESG投等債20,746,44,702,富邦-陽明,2024-05-10,9604
00929,復華台灣科技優息,627,98,529,富邦-陽明,2024-05-10,9604
4960,誠美材,495,159,336,富邦-陽明,2024-05-10,9604
2367,燿華,400,162,238,富邦-陽明,2024-05-10,9604
00946,群益科技高息成長,231,0,231,富邦-陽明,2024-05-10,9604
6670,復盛應用,204,3,201,富邦-陽明,2024-05-10,9604
00706L,期元大S＆P日圓正2,201,0,201,富邦-陽明,2024-05-10,9604
1580,新麥,200,0,200,富邦-陽明,2024-05-10,9604
00688L,國泰20年美債正2,190,0,190,富邦-陽明,2024-05-10,9604
2486,一詮,222,49,173,富邦-陽明,2024-05-10,9604
6026,福邦證,158,6,152,富邦-陽明,2024-05-10,9604
8131,福懋科,123,0,123,富邦-陽明,2024-05-10,9604
8112,至上,190,77,113,富邦-陽明,2024-05-10,9604
9902,台火,101,2,99,富邦-陽明,2024-05-10,9604
00878,國泰永續高股息,196,109,87,富邦-陽明,2024-05-10,9604
8936,國統,125,40,85,富邦-陽明,2024-05-10,9604
00753L,中信中國50正2,160,76,84,富邦-陽明,2024-05-10,9604
00637L,元大滬深300正2,90,12,78,富邦-陽明,2024-05-10,9604
1313,聯成,74,0,74,富邦-陽明,2024-05-10,9604
00633L,富邦上証正2,82,10,72,富邦-陽明,2024-05-10,9604
6235,華孚,68,4,64,富邦-陽明,2024-05-10,9604
2349,錸德,60,0,60,富邦-陽明,2024-05-10,9604
2915,潤泰全,60,4,56,富邦-陽明,2024-05-10,9604
00927,群益半導體收益,56,3,53,富邦-陽明,2024-05-10,9604
6443,元晶,66,13,53,富邦-陽明,2024-05-10,9604
1815,富喬,96,45,51,富邦-陽明,2024-05-10,9604
00881,國泰台灣5G+,56,5,51,富邦-陽明,2024-05-10,9604
2409,友達,82,32,50,富邦-陽明,2024-05-10,9604
3033,威健,64,14,50,富邦-陽明,2024-05-10,9604
1217,愛之味,50,0,50,富邦-陽明,2024-05-10,9604
4903,聯光通,50,0,50,富邦-陽明,2024-05-10,9604
4909,新復興,60,11,49,富邦-陽明,2024-05-10,9604
6770,力積電,59,12,47,富邦-陽明,2024-05-10,9604
00933B,國泰10Y+金融債,66,19,47,富邦-陽明,2024-05-10,9604
8234,新漢,49,3,46,富邦-陽明,2024-05-10,9604
1618,合機,70,24,46,富邦-陽明,2024-05-10,9604
1259,安心,48,2,46,富邦-陽明,2024-05-10,9604
00712,復華富時不動產,55,12,43,富邦-陽明,2024-05-10,9604
8926,台汽電,46,3,43,富邦-陽明,2024-05-10,9604
00679B,元大美債20年,73,33,40,富邦-陽明,2024-05-10,9604
00653L,富邦印度正2,40,0,40,富邦-陽明,2024-05-10,9604
00936,台新永續高息中小,40,0,40,富邦-陽明,2024-05-10,9604
020034,元大IC設計N,40,0,40,富邦-陽明,2024-05-10,9604
8150,南茂,42,2,40,富邦-陽明,2024-05-10,9604
3481,群創,67,29,38,富邦-陽明,2024-05-10,9604
5871,中租-KY,39,1,38,富邦-陽明,2024-05-10,9604
1477,聚陽,39,1,38,富邦-陽明,2024-05-10,9604
2388,威盛,66,29,37,富邦-陽明,2024-05-10,9604
5512,力麒,77,40,37,富邦-陽明,2024-05-10,9604
3338,泰碩,36,0,36,富邦-陽明,2024-05-10,9604
2884,玉山金,1754,50,1704,富邦-陽明,2024-05-13,9604
00937B,群益ESG投等債20,631,18,613,富邦-陽明,2024-05-13,9604
2618,長榮航,650,192,458,富邦-陽明,2024-05-13,9604
00929,復華台灣科技優息,595,158,437,富邦-陽明,2024-05-13,9604
5521,工信,369,5,364,富邦-陽明,2024-05-13,9604
4960,誠美材,353,14,339,富邦-陽明,2024-05-13,9604
2891,中信金,341,55,286,富邦-陽明,2024-05-13,9604
2615,萬海,541,266,275,富邦-陽明,2024-05-13,9604
5864,致和證,238,0,238,富邦-陽明,2024-05-13,9604
1104,環泥,228,12,216,富邦-陽明,2024-05-13,9604
2887,台新金,199,19,180,富邦-陽明,2024-05-13,9604
2486,一詮,200,46,154,富邦-陽明,2024-05-13,9604
3231,緯創,284,149,135,富邦-陽明,2024-05-13,9604
00712,復華富時不動產,122,6,116,富邦-陽明,2024-05-13,9604
00665L,富邦�琤肭磪囓�2,201,92,109,富邦-陽明,2024-05-13,9604
3260,威剛,170,77,93,富邦-陽明,2024-05-13,9604
2317,鴻海,166,80,86,富邦-陽明,2024-05-13,9604
2241,艾姆勒,139,65,74,富邦-陽明,2024-05-13,9604
6140,訊達,69,0,69,富邦-陽明,2024-05-13,9604
1312,國喬,136,68,68,富邦-陽明,2024-05-13,9604
00637L,元大滬深300正2,203,136,67,富邦-陽明,2024-05-13,9604
00946,群益科技高息成長,66,0,66,富邦-陽明,2024-05-13,9604
2609,陽明,419,353,66,富邦-陽明,2024-05-13,9604
00679B,元大美債20年,72,6,66,富邦-陽明,2024-05-13,9604
00715L,期街口布蘭特正2,64,0,64,富邦-陽明,2024-05-13,9604
2107,厚生,64,0,64,富邦-陽明,2024-05-13,9604
00632R,元大台灣50反1,118,54,64,富邦-陽明,2024-05-13,9604
2608,嘉里大榮,64,2,62,富邦-陽明,2024-05-13,9604
9902,台火,69,7,62,富邦-陽明,2024-05-13,9604
6216,居易,64,9,55,富邦-陽明,2024-05-13,9604
6670,復盛應用,56,2,54,富邦-陽明,2024-05-13,9604
6016,康和證,62,9,53,富邦-陽明,2024-05-13,9604
2834,臺企銀,63,14,49,富邦-陽明,2024-05-13,9604
2495,普安,50,1,49,富邦-陽明,2024-05-13,9604
3520,華盈,69,24,45,富邦-陽明,2024-05-13,9604
2454,聯發科,52,7,45,富邦-陽明,2024-05-13,9604
2101,南港,70,26,44,富邦-陽明,2024-05-13,9604
00939,統一台灣高息動能,45,2,43,富邦-陽明,2024-05-13,9604
4530,宏易,47,6,41,富邦-陽明,2024-05-13,9604
4961,天鈺,42,2,40,富邦-陽明,2024-05-13,9604
1314,中石化,58,19,39,富邦-陽明,2024-05-13,9604
1446,宏和,49,11,38,富邦-陽明,2024-05-13,9604
2547,日勝生,79,41,38,富邦-陽明,2024-05-13,9604
2201,裕隆,49,13,36,富邦-陽明,2024-05-13,9604
3056,富華新,39,3,36,富邦-陽明,2024-05-13,9604
2449,京元電子,38,4,34,富邦-陽明,2024-05-13,9604
00857B,永豐20年美公債,38,4,34,富邦-陽明,2024-05-13,9604
00720B,元大投資級公司債,47,13,34,富邦-陽明,2024-05-13,9604
9933,中鼎,33,0,33,富邦-陽明,2024-05-13,9604
1802,台玻,33,0,33,富邦-陽明,2024-05-13,9604
00929,復華台灣科技優息,414,23,391,富邦-陽明,2024-05-14,9604
2801,彰銀,234,0,234,富邦-陽明,2024-05-14,9604
00688L,國泰20年美債正2,212,0,212,富邦-陽明,2024-05-14,9604
00937B,群益ESG投等債20,284,100,184,富邦-陽明,2024-05-14,9604
00632R,元大台灣50反1,160,0,160,富邦-陽明,2024-05-14,9604
2887,台新金,171,21,150,富邦-陽明,2024-05-14,9604
1314,中石化,150,6,144,富邦-陽明,2024-05-14,9604
3231,緯創,202,70,132,富邦-陽明,2024-05-14,9604
00637L,元大滬深300正2,156,42,114,富邦-陽明,2024-05-14,9604
3005,神基,119,12,107,富邦-陽明,2024-05-14,9604
2615,萬海,823,717,106,富邦-陽明,2024-05-14,9604
2371,大同,246,150,96,富邦-陽明,2024-05-14,9604
2885,元大金,102,8,94,富邦-陽明,2024-05-14,9604
00679B,元大美債20年,101,8,93,富邦-陽明,2024-05-14,9604
4306,炎洲,102,10,92,富邦-陽明,2024-05-14,9604
2891,中信金,198,112,86,富邦-陽明,2024-05-14,9604
2317,鴻海,208,123,85,富邦-陽明,2024-05-14,9604
9945,潤泰新,115,31,84,富邦-陽明,2024-05-14,9604
2867,三商壽,90,7,83,富邦-陽明,2024-05-14,9604
2915,潤泰全,115,39,76,富邦-陽明,2024-05-14,9604
00933B,國泰10Y+金融債,90,25,65,富邦-陽明,2024-05-14,9604
2331,精英,114,49,65,富邦-陽明,2024-05-14,9604
4123,晟德,65,1,64,富邦-陽明,2024-05-14,9604
5392,能率,77,17,60,富邦-陽明,2024-05-14,9604
2892,第一金,62,3,59,富邦-陽明,2024-05-14,9604
2208,台船,79,20,59,富邦-陽明,2024-05-14,9604
2101,南港,64,7,57,富邦-陽明,2024-05-14,9604
2913,農林,56,0,56,富邦-陽明,2024-05-14,9604
1101,台泥,89,35,54,富邦-陽明,2024-05-14,9604
00673R,期元大S＆P原油反1,52,0,52,富邦-陽明,2024-05-14,9604
4960,誠美材,55,6,49,富邦-陽明,2024-05-14,9604
5469,瀚宇博,52,3,49,富邦-陽明,2024-05-14,9604
5864,致和證,64,16,48,富邦-陽明,2024-05-14,9604
1522,堤維西,125,81,44,富邦-陽明,2024-05-14,9604
5876,上海商銀,43,0,43,富邦-陽明,2024-05-14,9604
2884,玉山金,45,4,41,富邦-陽明,2024-05-14,9604
2228,劍麟,43,3,40,富邦-陽明,2024-05-14,9604
2641,正德,73,34,39,富邦-陽明,2024-05-14,9604
1718,中纖,41,3,38,富邦-陽明,2024-05-14,9604
1618,合機,54,19,35,富邦-陽明,2024-05-14,9604
8299,群聯,44,11,33,富邦-陽明,2024-05-14,9604
3013,晟銘電,65,32,33,富邦-陽明,2024-05-14,9604
1815,富喬,69,35,34,富邦-陽明,2024-05-14,9604
2374,佳能,124,91,33,富邦-陽明,2024-05-14,9604
5608,四維航,107,74,33,富邦-陽明,2024-05-14,9604
2601,益航,39,8,31,富邦-陽明,2024-05-14,9604
2107,厚生,30,0,30,富邦-陽明,2024-05-14,9604
6282,康舒,35,5,30,富邦-陽明,2024-05-14,9604
3056,富華新,30,0,30,富邦-陽明,2024-05-14,9604
1108,幸福,31,2,29,富邦-陽明,2024-05-14,9604
00878,國泰永續高股息,490,141,349,富邦-陽明,2024-05-15,9604
00937B,群益ESG投等債20,341,13,328,富邦-陽明,2024-05-15,9604
2356,英業達,486,176,310,富邦-陽明,2024-05-15,9604
00929,復華台灣科技優息,441,140,301,富邦-陽明,2024-05-15,9604
2884,玉山金,266,13,253,富邦-陽明,2024-05-15,9604
00680L,元大美債20正2,337,90,247,富邦-陽明,2024-05-15,9604
2449,京元電子,252,8,244,富邦-陽明,2024-05-15,9604
6125,廣運,276,50,226,富邦-陽明,2024-05-15,9604
00679B,元大美債20年,231,9,222,富邦-陽明,2024-05-15,9604
2367,燿華,699,478,221,富邦-陽明,2024-05-15,9604
2486,一詮,304,88,216,富邦-陽明,2024-05-15,9604
00715L,期街口布蘭特正2,151,0,151,富邦-陽明,2024-05-15,9604
00687B,國泰20年美債,178,38,140,富邦-陽明,2024-05-15,9604
2344,華邦電,219,101,118,富邦-陽明,2024-05-15,9604
00665L,富邦�琤肭磪囓�2,158,48,110,富邦-陽明,2024-05-15,9604
00696B,富邦美債20年,110,0,110,富邦-陽明,2024-05-15,9604
2605,新興,142,36,106,富邦-陽明,2024-05-15,9604
00945B,凱基美國非投等債,104,0,104,富邦-陽明,2024-05-15,9604
6605,帝寶,98,5,93,富邦-陽明,2024-05-15,9604
6770,力積電,147,58,89,富邦-陽明,2024-05-15,9604
2603,長榮,556,470,86,富邦-陽明,2024-05-15,9604
1447,力鵬,76,0,76,富邦-陽明,2024-05-15,9604
00940,元大台灣價值高息,215,145,70,富邦-陽明,2024-05-15,9604
2618,長榮航,124,60,64,富邦-陽明,2024-05-15,9604
1217,愛之味,64,1,63,富邦-陽明,2024-05-15,9604
00919,群益台灣精選高息,381,320,61,富邦-陽明,2024-05-15,9604
00946,群益科技高息成長,71,15,56,富邦-陽明,2024-05-15,9604
2515,中工,71,17,54,富邦-陽明,2024-05-15,9604
1477,聚陽,51,0,51,富邦-陽明,2024-05-15,9604
5009,榮剛,73,24,49,富邦-陽明,2024-05-15,9604
00720B,元大投資級公司債,58,10,48,富邦-陽明,2024-05-15,9604
2408,南亞科,44,3,41,富邦-陽明,2024-05-15,9604
00733,富邦臺灣中小,41,0,41,富邦-陽明,2024-05-15,9604
00933B,國泰10Y+金融債,38,2,36,富邦-陽明,2024-05-15,9604
2002,中鋼,40,4,36,富邦-陽明,2024-05-15,9604
4726,永昕,36,0,36,富邦-陽明,2024-05-15,9604
2406,國碩,60,24,36,富邦-陽明,2024-05-15,9604
00944,野村趨勢動能高息,36,3,33,富邦-陽明,2024-05-15,9604
4960,誠美材,33,0,33,富邦-陽明,2024-05-15,9604
3013,晟銘電,58,26,32,富邦-陽明,2024-05-15,9604
2328,廣宇,32,0,32,富邦-陽明,2024-05-15,9604
9902,台火,32,0,32,富邦-陽明,2024-05-15,9604
5515,建國,34,2,32,富邦-陽明,2024-05-15,9604
2323,中環,53,23,30,富邦-陽明,2024-05-15,9604
2836,高雄銀,30,0,30,富邦-陽明,2024-05-15,9604
2107,厚生,30,0,30,富邦-陽明,2024-05-15,9604
6753,龍德造船,72,42,30,富邦-陽明,2024-05-15,9604
2363,矽統,267,238,29,富邦-陽明,2024-05-15,9604
2501,國建,46,17,29,富邦-陽明,2024-05-15,9604
2324,仁寶,110,81,29,富邦-陽明,2024-05-15,9604
00637L,元大滬深300正2,1342,216,1126,富邦-陽明,2024-05-16,9604
00878,國泰永續高股息,501,166,335,富邦-陽明,2024-05-16,9604
3231,緯創,352,103,249,富邦-陽明,2024-05-16,9604
00937B,群益ESG投等債20,468,228,240,富邦-陽明,2024-05-16,9604
2382,廣達,674,466,208,富邦-陽明,2024-05-16,9604
00940,元大台灣價值高息,376,178,198,富邦-陽明,2024-05-16,9604
2356,英業達,277,82,195,富邦-陽明,2024-05-16,9604
6605,帝寶,198,6,192,富邦-陽明,2024-05-16,9604
00671R,富邦NASDAQ反1,111,0,111,富邦-陽明,2024-05-16,9604
2905,三商,142,34,108,富邦-陽明,2024-05-16,9604
00688L,國泰20年美債正2,100,0,100,富邦-陽明,2024-05-16,9604
9945,潤泰新,184,95,89,富邦-陽明,2024-05-16,9604
2374,佳能,203,115,88,富邦-陽明,2024-05-16,9604
9902,台火,145,67,78,富邦-陽明,2024-05-16,9604
3006,晶豪科,84,14,70,富邦-陽明,2024-05-16,9604
00679B,元大美債20年,151,81,70,富邦-陽明,2024-05-16,9604
2371,大同,132,68,64,富邦-陽明,2024-05-16,9604
2365,昆盈,140,77,63,富邦-陽明,2024-05-16,9604
2834,臺企銀,88,26,62,富邦-陽明,2024-05-16,9604
00650L,復華香港正2,111,53,58,富邦-陽明,2024-05-16,9604
2201,裕隆,70,13,57,富邦-陽明,2024-05-16,9604
6526,達發,60,3,57,富邦-陽明,2024-05-16,9604
2301,光寶科,74,20,54,富邦-陽明,2024-05-16,9604
2359,所羅門,230,178,52,富邦-陽明,2024-05-16,9604
00636,國泰中國A50,50,0,50,富邦-陽明,2024-05-16,9604
2515,中工,116,67,49,富邦-陽明,2024-05-16,9604
1591,駿吉-KY,85,40,45,富邦-陽明,2024-05-16,9604
00945B,凱基美國非投等債,44,0,44,富邦-陽明,2024-05-16,9604
2408,南亞科,45,6,39,富邦-陽明,2024-05-16,9604
2367,燿華,405,366,39,富邦-陽明,2024-05-16,9604
1713,國化,38,0,38,富邦-陽明,2024-05-16,9604
1608,華榮,128,90,38,富邦-陽明,2024-05-16,9604
6928,攸泰科技,42,5,37,富邦-陽明,2024-05-16,9604
1217,愛之味,39,2,37,富邦-陽明,2024-05-16,9604
1718,中纖,42,5,37,富邦-陽明,2024-05-16,9604
8215,明基材,40,5,35,富邦-陽明,2024-05-16,9604
8069,元太,46,13,33,富邦-陽明,2024-05-16,9604
2440,太空梭,42,9,33,富邦-陽明,2024-05-16,9604
1506,正道,33,0,33,富邦-陽明,2024-05-16,9604
1312,國喬,33,1,32,富邦-陽明,2024-05-16,9604
3312,弘憶股,61,29,32,富邦-陽明,2024-05-16,9604
1310,台苯,36,4,32,富邦-陽明,2024-05-16,9604
00648R,元大S＆P500反1,30,0,30,富邦-陽明,2024-05-16,9604
2027,大成鋼,33,4,29,富邦-陽明,2024-05-16,9604
2887,台新金,51,23,28,富邦-陽明,2024-05-16,9604
2903,遠百,36,8,28,富邦-陽明,2024-05-16,9604
00944,野村趨勢動能高息,28,1,27,富邦-陽明,2024-05-16,9604
2455,全新,27,0,27,富邦-陽明,2024-05-16,9604
00633L,富邦上証正2,42,15,27,富邦-陽明,2024-05-16,9604
2836,高雄銀,27,0,27,富邦-陽明,2024-05-16,9604
00637L,元大滬深300正2,1471,55,1416,富邦-陽明,2024-05-17,9604
6770,力積電,776,75,701,富邦-陽明,2024-05-17,9604
00929,復華台灣科技優息,523,12,511,富邦-陽明,2024-05-17,9604
00878,國泰永續高股息,571,93,478,富邦-陽明,2024-05-17,9604
2392,正崴,405,31,374,富邦-陽明,2024-05-17,9604
00632R,元大台灣50反1,321,47,274,富邦-陽明,2024-05-17,9604
3024,憶聲,274,14,260,富邦-陽明,2024-05-17,9604
3047,訊舟,325,93,232,富邦-陽明,2024-05-17,9604
00940,元大台灣價值高息,280,62,218,富邦-陽明,2024-05-17,9604
00937B,群益ESG投等債20,286,68,218,富邦-陽明,2024-05-17,9604
2317,鴻海,258,80,178,富邦-陽明,2024-05-17,9604
2609,陽明,303,126,177,富邦-陽明,2024-05-17,9604
2367,燿華,608,456,152,富邦-陽明,2024-05-17,9604
3481,群創,154,10,144,富邦-陽明,2024-05-17,9604
00946,群益科技高息成長,127,1,126,富邦-陽明,2024-05-17,9604
2409,友達,124,4,120,富邦-陽明,2024-05-17,9604
3576,聯合再生,200,84,116,富邦-陽明,2024-05-17,9604
3059,華晶科,193,78,115,富邦-陽明,2024-05-17,9604
5434,崇越,107,11,96,富邦-陽明,2024-05-17,9604
5469,瀚宇博,103,13,90,富邦-陽明,2024-05-17,9604
2489,瑞軒,273,186,87,富邦-陽明,2024-05-17,9604
1608,華榮,126,40,86,富邦-陽明,2024-05-17,9604
00650L,復華香港正2,154,71,83,富邦-陽明,2024-05-17,9604
4952,凌通,90,7,83,富邦-陽明,2024-05-17,9604
1101,台泥,172,98,74,富邦-陽明,2024-05-17,9604
2801,彰銀,79,5,74,富邦-陽明,2024-05-17,9604
00679B,元大美債20年,107,34,73,富邦-陽明,2024-05-17,9604
00688L,國泰20年美債正2,243,171,72,富邦-陽明,2024-05-17,9604
2241,艾姆勒,132,63,69,富邦-陽明,2024-05-17,9604
2324,仁寶,103,35,68,富邦-陽明,2024-05-17,9604
2208,台船,68,0,68,富邦-陽明,2024-05-17,9604
2408,南亞科,68,3,65,富邦-陽明,2024-05-17,9604
8131,福懋科,73,10,63,富邦-陽明,2024-05-17,9604
00687B,國泰20年美債,117,57,60,富邦-陽明,2024-05-17,9604
1522,堤維西,69,10,59,富邦-陽明,2024-05-17,9604
1314,中石化,87,30,57,富邦-陽明,2024-05-17,9604
2417,圓剛,87,31,56,富邦-陽明,2024-05-17,9604
3363,上詮,117,62,55,富邦-陽明,2024-05-17,9604
2356,英業達,76,24,52,富邦-陽明,2024-05-17,9604
1809,中釉,61,10,51,富邦-陽明,2024-05-17,9604
3706,神達,81,32,49,富邦-陽明,2024-05-17,9604
8150,南茂,50,3,47,富邦-陽明,2024-05-17,9604
2440,太空梭,48,3,45,富邦-陽明,2024-05-17,9604
00751B,元大AAA至A公司債,54,10,44,富邦-陽明,2024-05-17,9604
2352,佳世達,50,6,44,富邦-陽明,2024-05-17,9604
00944,野村趨勢動能高息,40,0,40,富邦-陽明,2024-05-17,9604
1102,亞泥,53,15,38,富邦-陽明,2024-05-17,9604
3545,敦泰,38,1,37,富邦-陽明,2024-05-17,9604
3207,耀勝,42,6,36,富邦-陽明,2024-05-17,9604
6147,頎邦,35,0,35,富邦-陽明,2024-05-17,9604
00665L,富邦�琤肭磪囓�2,3065,10,3055,富邦-陽明,2024-05-20,9604
00929,復華台灣科技優息,775,95,680,富邦-陽明,2024-05-20,9604
00637L,元大滬深300正2,645,67,578,富邦-陽明,2024-05-20,9604
2867,三商壽,851,397,454,富邦-陽明,2024-05-20,9604
00680L,元大美債20正2,349,14,335,富邦-陽明,2024-05-20,9604
00919,群益台灣精選高息,426,109,317,富邦-陽明,2024-05-20,9604
00679B,元大美債20年,321,19,302,富邦-陽明,2024-05-20,9604
2618,長榮航,489,275,214,富邦-陽明,2024-05-20,9604
00937B,群益ESG投等債20,324,117,207,富邦-陽明,2024-05-20,9604
3231,緯創,219,34,185,富邦-陽明,2024-05-20,9604
2317,鴻海,221,57,164,富邦-陽明,2024-05-20,9604
00940,元大台灣價值高息,332,215,117,富邦-陽明,2024-05-20,9604
2367,燿華,378,275,103,富邦-陽明,2024-05-20,9604
6605,帝寶,102,7,95,富邦-陽明,2024-05-20,9604
1314,中石化,115,27,88,富邦-陽明,2024-05-20,9604
00909,國泰數位支付服務,91,4,87,富邦-陽明,2024-05-20,9604
6237,驊訊,85,6,79,富邦-陽明,2024-05-20,9604
00688L,國泰20年美債正2,74,0,74,富邦-陽明,2024-05-20,9604
00915,凱基優選高股息30,69,0,69,富邦-陽明,2024-05-20,9604
2515,中工,113,45,68,富邦-陽明,2024-05-20,9604
00753L,中信中國50正2,78,13,65,富邦-陽明,2024-05-20,9604
2442,新美齊,84,19,65,富邦-陽明,2024-05-20,9604
4533,協易機,191,128,63,富邦-陽明,2024-05-20,9604
8064,東捷,65,3,62,富邦-陽明,2024-05-20,9604
2324,仁寶,79,19,60,富邦-陽明,2024-05-20,9604
2888,新光金,119,59,60,富邦-陽明,2024-05-20,9604
2014,中鴻,98,39,59,富邦-陽明,2024-05-20,9604
2211,長榮鋼,58,1,57,富邦-陽明,2024-05-20,9604
9958,世紀鋼,113,57,56,富邦-陽明,2024-05-20,9604
2352,佳世達,59,4,55,富邦-陽明,2024-05-20,9604
2363,矽統,350,297,53,富邦-陽明,2024-05-20,9604
2382,廣達,74,20,54,富邦-陽明,2024-05-20,9604
3576,聯合再生,105,52,53,富邦-陽明,2024-05-20,9604
5009,榮剛,60,8,52,富邦-陽明,2024-05-20,9604
9945,潤泰新,138,86,52,富邦-陽明,2024-05-20,9604
5324,士開,52,2,50,富邦-陽明,2024-05-20,9604
00738U,期元大道瓊白銀,50,2,48,富邦-陽明,2024-05-20,9604
3060,銘異,60,12,48,富邦-陽明,2024-05-20,9604
2903,遠百,49,2,47,富邦-陽明,2024-05-20,9604
6770,力積電,67,21,46,富邦-陽明,2024-05-20,9604
00751B,元大AAA至A公司債,78,33,45,富邦-陽明,2024-05-20,9604
9902,台火,47,2,45,富邦-陽明,2024-05-20,9604
00946,群益科技高息成長,45,2,43,富邦-陽明,2024-05-20,9604
3024,憶聲,97,55,42,富邦-陽明,2024-05-20,9604
00830,國泰費城半導體,47,5,42,富邦-陽明,2024-05-20,9604
5222,全訊,41,0,41,富邦-陽明,2024-05-20,9604
1591,駿吉-KY,51,10,41,富邦-陽明,2024-05-20,9604
6153,嘉聯益,52,11,41,富邦-陽明,2024-05-20,9604
2312,金寶,56,15,41,富邦-陽明,2024-05-20,9604
2201,裕隆,55,15,40,富邦-陽明,2024-05-20,9604
2618,長榮航,478,89,389,富邦-陽明,2024-05-21,9604
00650L,復華香港正2,401,46,355,富邦-陽明,2024-05-21,9604
00940,元大台灣價值高息,429,181,248,富邦-陽明,2024-05-21,9604
00937B,群益ESG投等債20,263,28,235,富邦-陽明,2024-05-21,9604
2888,新光金,252,45,207,富邦-陽明,2024-05-21,9604
00671R,富邦NASDAQ反1,180,0,180,富邦-陽明,2024-05-21,9604
2392,正崴,222,45,177,富邦-陽明,2024-05-21,9604
2867,三商壽,606,432,174,富邦-陽明,2024-05-21,9604
00878,國泰永續高股息,248,78,170,富邦-陽明,2024-05-21,9604
00715L,期街口布蘭特正2,178,10,168,富邦-陽明,2024-05-21,9604
2317,鴻海,232,68,164,富邦-陽明,2024-05-21,9604
1605,華新,359,199,160,富邦-陽明,2024-05-21,9604
00680L,元大美債20正2,141,2,139,富邦-陽明,2024-05-21,9604
2324,仁寶,128,20,108,富邦-陽明,2024-05-21,9604
00919,群益台灣精選高息,153,57,96,富邦-陽明,2024-05-21,9604
2897,王道銀行,101,12,89,富邦-陽明,2024-05-21,9604
2409,友達,99,13,86,富邦-陽明,2024-05-21,9604
00676R,富邦臺灣加權反1,83,0,83,富邦-陽明,2024-05-21,9604
2891,中信金,111,29,82,富邦-陽明,2024-05-21,9604
1102,亞泥,75,2,73,富邦-陽明,2024-05-21,9604
00679B,元大美債20年,95,24,71,富邦-陽明,2024-05-21,9604
2915,潤泰全,78,8,70,富邦-陽明,2024-05-21,9604
3481,群創,91,23,68,富邦-陽明,2024-05-21,9604
3033,威健,176,108,68,富邦-陽明,2024-05-21,9604
00946,群益科技高息成長,63,0,63,富邦-陽明,2024-05-21,9604
2834,臺企銀,70,15,55,富邦-陽明,2024-05-21,9604
3702,大聯大,82,27,55,富邦-陽明,2024-05-21,9604
2890,永豐金,59,5,54,富邦-陽明,2024-05-21,9604
2883,凱基金,106,53,53,富邦-陽明,2024-05-21,9604
00918,大華優利高填息30,53,4,49,富邦-陽明,2024-05-21,9604
00706L,期元大S＆P日圓正2,50,1,49,富邦-陽明,2024-05-21,9604
00751B,元大AAA至A公司債,48,0,48,富邦-陽明,2024-05-21,9604
2027,大成鋼,91,44,47,富邦-陽明,2024-05-21,9604
00909,國泰數位支付服務,123,76,47,富邦-陽明,2024-05-21,9604
00882,中信中國高股息,61,16,45,富邦-陽明,2024-05-21,9604
5324,士開,43,0,43,富邦-陽明,2024-05-21,9604
1313,聯成,43,0,43,富邦-陽明,2024-05-21,9604
2374,佳能,241,199,42,富邦-陽明,2024-05-21,9604
0056,元大高股息,60,19,41,富邦-陽明,2024-05-21,9604
4167,松瑞藥,41,2,39,富邦-陽明,2024-05-21,9604
5351,鈺創,47,10,37,富邦-陽明,2024-05-21,9604
2882,國泰金,54,18,36,富邦-陽明,2024-05-21,9604
3576,聯合再生,47,13,34,富邦-陽明,2024-05-21,9604
6282,康舒,62,29,33,富邦-陽明,2024-05-21,9604
2504,國產,61,29,32,富邦-陽明,2024-05-21,9604
4967,十銓,38,6,32,富邦-陽明,2024-05-21,9604
2515,中工,62,31,31,富邦-陽明,2024-05-21,9604
3207,耀勝,38,7,31,富邦-陽明,2024-05-21,9604
4533,協易機,183,152,31,富邦-陽明,2024-05-21,9604
5371,中光電,48,20,28,富邦-陽明,2024-05-21,9604
2356,英業達,535,115,420,富邦-陽明,2024-05-22,9604
00676R,富邦臺灣加權反1,300,0,300,富邦-陽明,2024-05-22,9604
2486,一詮,261,14,247,富邦-陽明,2024-05-22,9604
2618,長榮航,320,85,235,富邦-陽明,2024-05-22,9604
1313,聯成,194,0,194,富邦-陽明,2024-05-22,9604
8110,華東,192,22,170,富邦-陽明,2024-05-22,9604
3024,憶聲,232,67,165,富邦-陽明,2024-05-22,9604
2867,三商壽,221,58,163,富邦-陽明,2024-05-22,9604
00632R,元大台灣50反1,329,184,145,富邦-陽明,2024-05-22,9604
3047,訊舟,314,173,141,富邦-陽明,2024-05-22,9604
2027,大成鋼,161,28,133,富邦-陽明,2024-05-22,9604
00637L,元大滬深300正2,190,63,127,富邦-陽明,2024-05-22,9604
3033,威健,147,31,116,富邦-陽明,2024-05-22,9604
3013,晟銘電,233,119,114,富邦-陽明,2024-05-22,9604
00937B,群益ESG投等債20,224,112,112,富邦-陽明,2024-05-22,9604
2002,中鋼,135,23,112,富邦-陽明,2024-05-22,9604
2610,華航,161,56,105,富邦-陽明,2024-05-22,9604
1303,南亞,111,7,104,富邦-陽明,2024-05-22,9604
00633L,富邦上証正2,112,9,103,富邦-陽明,2024-05-22,9604
6116,彩晶,150,50,100,富邦-陽明,2024-05-22,9604
3645,達邁,100,4,96,富邦-陽明,2024-05-22,9604
00946,群益科技高息成長,110,15,95,富邦-陽明,2024-05-22,9604
9945,潤泰新,92,7,85,富邦-陽明,2024-05-22,9604
6806,森崴能源,118,37,81,富邦-陽明,2024-05-22,9604
00752,中信中國50,80,0,80,富邦-陽明,2024-05-22,9604
3056,富華新,92,13,79,富邦-陽明,2024-05-22,9604
2504,國產,119,43,76,富邦-陽明,2024-05-22,9604
2354,鴻準,120,46,74,富邦-陽明,2024-05-22,9604
8131,福懋科,92,18,74,富邦-陽明,2024-05-22,9604
2367,燿華,361,289,72,富邦-陽明,2024-05-22,9604
5471,松翰,89,23,66,富邦-陽明,2024-05-22,9604
2489,瑞軒,145,82,63,富邦-陽明,2024-05-22,9604
2031,新光鋼,58,1,57,富邦-陽明,2024-05-22,9604
00650L,復華香港正2,167,111,56,富邦-陽明,2024-05-22,9604
2634,漢翔,66,10,56,富邦-陽明,2024-05-22,9604
3576,聯合再生,131,77,54,富邦-陽明,2024-05-22,9604
2382,廣達,96,43,53,富邦-陽明,2024-05-22,9604
2009,第一銅,225,175,50,富邦-陽明,2024-05-22,9604
1312,國喬,50,0,50,富邦-陽明,2024-05-22,9604
3706,神達,129,80,49,富邦-陽明,2024-05-22,9604
00679B,元大美債20年,66,16,50,富邦-陽明,2024-05-22,9604
8096,擎亞,114,66,48,富邦-陽明,2024-05-22,9604
00665L,富邦�琤肭磪囓�2,49,1,48,富邦-陽明,2024-05-22,9604
00933B,國泰10Y+金融債,49,4,45,富邦-陽明,2024-05-22,9604
5392,能率,140,96,44,富邦-陽明,2024-05-22,9604
2467,志聖,73,30,43,富邦-陽明,2024-05-22,9604
9955,佳龍,87,45,42,富邦-陽明,2024-05-22,9604
6526,達發,56,15,41,富邦-陽明,2024-05-22,9604
2887,台新金,47,9,38,富邦-陽明,2024-05-22,9604
3714,富采,44,6,38,富邦-陽明,2024-05-22,9604
00937B,群益ESG投等債20,491,99,392,富邦-陽明,2024-05-23,9604
2801,彰銀,351,1,350,富邦-陽明,2024-05-23,9604
2363,矽統,391,100,291,富邦-陽明,2024-05-23,9604
00715L,期街口布蘭特正2,277,7,270,富邦-陽明,2024-05-23,9604
2409,友達,191,3,188,富邦-陽明,2024-05-23,9604
2610,華航,297,117,180,富邦-陽明,2024-05-23,9604
2883,凱基金,268,95,173,富邦-陽明,2024-05-23,9604
2002,中鋼,176,3,173,富邦-陽明,2024-05-23,9604
2464,盟立,300,143,157,富邦-陽明,2024-05-23,9604
2101,南港,195,51,144,富邦-陽明,2024-05-23,9604
2356,英業達,189,49,140,富邦-陽明,2024-05-23,9604
6147,頎邦,133,0,133,富邦-陽明,2024-05-23,9604
00830,國泰費城半導體,149,19,130,富邦-陽明,2024-05-23,9604
00665L,富邦�琤肭磪囓�2,373,245,128,富邦-陽明,2024-05-23,9604
00650L,復華香港正2,272,152,120,富邦-陽明,2024-05-23,9604
00632R,元大台灣50反1,432,319,113,富邦-陽明,2024-05-23,9604
2367,燿華,298,199,99,富邦-陽明,2024-05-23,9604
2392,正崴,1103,1004,99,富邦-陽明,2024-05-23,9604
3231,緯創,203,106,97,富邦-陽明,2024-05-23,9604
2417,圓剛,106,10,96,富邦-陽明,2024-05-23,9604
1609,大亞,111,27,84,富邦-陽明,2024-05-23,9604
2882,國泰金,103,19,84,富邦-陽明,2024-05-23,9604
00676R,富邦臺灣加權反1,82,0,82,富邦-陽明,2024-05-23,9604
2376,技嘉,119,40,79,富邦-陽明,2024-05-23,9604
00753L,中信中國50正2,130,53,77,富邦-陽明,2024-05-23,9604
2331,精英,86,13,73,富邦-陽明,2024-05-23,9604
2905,三商,82,11,71,富邦-陽明,2024-05-23,9604
2009,第一銅,124,59,65,富邦-陽明,2024-05-23,9604
2880,華南金,69,4,65,富邦-陽明,2024-05-23,9604
00633L,富邦上証正2,107,43,64,富邦-陽明,2024-05-23,9604
2887,台新金,64,1,63,富邦-陽明,2024-05-23,9604
2027,大成鋼,80,16,64,富邦-陽明,2024-05-23,9604
4960,誠美材,92,29,63,富邦-陽明,2024-05-23,9604
2406,國碩,70,10,60,富邦-陽明,2024-05-23,9604
8131,福懋科,54,0,54,富邦-陽明,2024-05-23,9604
3071,協禧,64,13,51,富邦-陽明,2024-05-23,9604
2031,新光鋼,50,0,50,富邦-陽明,2024-05-23,9604
00946,群益科技高息成長,79,31,48,富邦-陽明,2024-05-23,9604
9945,潤泰新,62,14,48,富邦-陽明,2024-05-23,9604
2354,鴻準,194,147,47,富邦-陽明,2024-05-23,9604
2731,雄獅,52,6,46,富邦-陽明,2024-05-23,9604
1314,中石化,53,7,46,富邦-陽明,2024-05-23,9604
1303,南亞,54,11,43,富邦-陽明,2024-05-23,9604
8150,南茂,43,0,43,富邦-陽明,2024-05-23,9604
5871,中租-KY,48,6,42,富邦-陽明,2024-05-23,9604
00944,野村趨勢動能高息,61,20,41,富邦-陽明,2024-05-23,9604
2891,中信金,56,15,41,富邦-陽明,2024-05-23,9604
1101,台泥,59,19,40,富邦-陽明,2024-05-23,9604
3013,晟銘電,123,83,40,富邦-陽明,2024-05-23,9604
2881,富邦金,47,8,39,富邦-陽明,2024-05-23,9604
00665L,富邦�琤肭磪囓�2,1406,611,795,富邦-陽明,2024-05-24,9604
00937B,群益ESG投等債20,741,18,723,富邦-陽明,2024-05-24,9604
2392,正崴,1237,852,385,富邦-陽明,2024-05-24,9604
00929,復華台灣科技優息,424,195,229,富邦-陽明,2024-05-24,9604
2891,中信金,240,43,197,富邦-陽明,2024-05-24,9604
00712,復華富時不動產,189,2,187,富邦-陽明,2024-05-24,9604
2888,新光金,223,51,172,富邦-陽明,2024-05-24,9604
2365,昆盈,388,249,139,富邦-陽明,2024-05-24,9604
00882,中信中國高股息,188,73,115,富邦-陽明,2024-05-24,9604
00715L,期街口布蘭特正2,102,0,102,富邦-陽明,2024-05-24,9604
2867,三商壽,101,3,98,富邦-陽明,2024-05-24,9604
9945,潤泰新,100,5,95,富邦-陽明,2024-05-24,9604
6147,頎邦,105,22,83,富邦-陽明,2024-05-24,9604
5434,崇越,80,2,78,富邦-陽明,2024-05-24,9604
1810,和成,96,23,73,富邦-陽明,2024-05-24,9604
2002,中鋼,78,6,72,富邦-陽明,2024-05-24,9604
00878,國泰永續高股息,148,79,69,富邦-陽明,2024-05-24,9604
9958,世紀鋼,188,120,68,富邦-陽明,2024-05-24,9604
2324,仁寶,202,136,66,富邦-陽明,2024-05-24,9604
3338,泰碩,152,87,65,富邦-陽明,2024-05-24,9604
2892,第一金,65,1,64,富邦-陽明,2024-05-24,9604
2613,中櫃,76,13,63,富邦-陽明,2024-05-24,9604
00753L,中信中國50正2,73,13,60,富邦-陽明,2024-05-24,9604
3645,達邁,60,0,60,富邦-陽明,2024-05-24,9604
00940,元大台灣價值高息,176,118,58,富邦-陽明,2024-05-24,9604
00637L,元大滬深300正2,110,55,55,富邦-陽明,2024-05-24,9604
00946,群益科技高息成長,63,10,53,富邦-陽明,2024-05-24,9604
1314,中石化,55,4,51,富邦-陽明,2024-05-24,9604
8064,東捷,101,51,50,富邦-陽明,2024-05-24,9604
00751B,元大AAA至A公司債,72,24,48,富邦-陽明,2024-05-24,9604
2889,國票金,55,10,45,富邦-陽明,2024-05-24,9604
2313,華通,57,12,45,富邦-陽明,2024-05-24,9604
2371,大同,131,87,44,富邦-陽明,2024-05-24,9604
6117,迎廣,103,58,45,富邦-陽明,2024-05-24,9604
2027,大成鋼,52,7,45,富邦-陽明,2024-05-24,9604
2388,威盛,45,1,44,富邦-陽明,2024-05-24,9604
00679B,元大美債20年,90,47,43,富邦-陽明,2024-05-24,9604
3062,建漢,79,36,43,富邦-陽明,2024-05-24,9604
2801,彰銀,46,3,43,富邦-陽明,2024-05-24,9604
1303,南亞,50,9,41,富邦-陽明,2024-05-24,9604
2330,台積電,64,24,40,富邦-陽明,2024-05-24,9604
3207,耀勝,43,3,40,富邦-陽明,2024-05-24,9604
6526,達發,40,1,39,富邦-陽明,2024-05-24,9604
1802,台玻,38,1,37,富邦-陽明,2024-05-24,9604
2618,長榮航,165,129,36,富邦-陽明,2024-05-24,9604
2258,鴻華先進-創,40,4,36,富邦-陽明,2024-05-24,9604
5876,上海商銀,36,1,35,富邦-陽明,2024-05-24,9604
2449,京元電子,35,0,35,富邦-陽明,2024-05-24,9604
8112,至上,44,11,33,富邦-陽明,2024-05-24,9604
2897,王道銀行,43,10,33,富邦-陽明,2024-05-24,9604
00937B,群益ESG投等債20,887,206,681,富邦-陽明,2024-05-27,9604
2618,長榮航,630,100,530,富邦-陽明,2024-05-27,9604
2363,矽統,748,354,394,富邦-陽明,2024-05-27,9604
2392,正崴,892,538,354,富邦-陽明,2024-05-27,9604
9105,泰金寶-DR,417,230,187,富邦-陽明,2024-05-27,9604
2002,中鋼,201,20,181,富邦-陽明,2024-05-27,9604
3481,群創,232,97,135,富邦-陽明,2024-05-27,9604
5880,合庫金,142,14,128,富邦-陽明,2024-05-27,9604
3520,華盈,123,1,122,富邦-陽明,2024-05-27,9604
2609,陽明,231,118,113,富邦-陽明,2024-05-27,9604
00665L,富邦�琤肭磪囓�2,135,23,112,富邦-陽明,2024-05-27,9604
2353,宏��,453,343,110,富邦-陽明,2024-05-27,9604
2324,仁寶,170,66,104,富邦-陽明,2024-05-27,9604
2367,燿華,226,133,93,富邦-陽明,2024-05-27,9604
00919,群益台灣精選高息,304,217,87,富邦-陽明,2024-05-27,9604
1815,富喬,252,167,85,富邦-陽明,2024-05-27,9604
1809,中釉,101,17,84,富邦-陽明,2024-05-27,9604
00753L,中信中國50正2,81,5,76,富邦-陽明,2024-05-27,9604
8210,勤誠,102,26,76,富邦-陽明,2024-05-27,9604
00946,群益科技高息成長,159,84,75,富邦-陽明,2024-05-27,9604
2610,華航,133,63,70,富邦-陽明,2024-05-27,9604
8028,昇陽半導體,135,73,62,富邦-陽明,2024-05-27,9604
2352,佳世達,97,35,62,富邦-陽明,2024-05-27,9604
2603,長榮,935,875,60,富邦-陽明,2024-05-27,9604
1725,元禎,86,26,60,富邦-陽明,2024-05-27,9604
00650L,復華香港正2,95,38,57,富邦-陽明,2024-05-27,9604
2615,萬海,109,52,57,富邦-陽明,2024-05-27,9604
00688L,國泰20年美債正2,56,0,56,富邦-陽明,2024-05-27,9604
00909,國泰數位支付服務,57,1,56,富邦-陽明,2024-05-27,9604
00637L,元大滬深300正2,130,77,53,富邦-陽明,2024-05-27,9604
00720B,元大投資級公司債,61,10,51,富邦-陽明,2024-05-27,9604
2347,聯強,57,8,49,富邦-陽明,2024-05-27,9604
2409,友達,113,64,49,富邦-陽明,2024-05-27,9604
00687B,國泰20年美債,189,141,48,富邦-陽明,2024-05-27,9604
4714,永捷,53,6,47,富邦-陽明,2024-05-27,9604
3047,訊舟,113,70,43,富邦-陽明,2024-05-27,9604
6147,頎邦,64,22,42,富邦-陽明,2024-05-27,9604
00725B,國泰投資級公司債,42,0,42,富邦-陽明,2024-05-27,9604
3033,威健,88,46,42,富邦-陽明,2024-05-27,9604
1432,大魯閣,40,0,40,富邦-陽明,2024-05-27,9604
3062,建漢,69,29,40,富邦-陽明,2024-05-27,9604
2887,台新金,53,13,40,富邦-陽明,2024-05-27,9604
00636,國泰中國A50,40,1,39,富邦-陽明,2024-05-27,9604
5498,凱崴,92,53,39,富邦-陽明,2024-05-27,9604
9945,潤泰新,50,12,38,富邦-陽明,2024-05-27,9604
2884,玉山金,92,55,37,富邦-陽明,2024-05-27,9604
6125,廣運,111,75,36,富邦-陽明,2024-05-27,9604
2515,中工,37,2,35,富邦-陽明,2024-05-27,9604
2476,鉅祥,58,25,33,富邦-陽明,2024-05-27,9604
3321,同泰,35,2,33,富邦-陽明,2024-05-27,9604
00665L,富邦�琤肭磪囓�2,1336,373,963,富邦-陽明,2024-05-28,9604
2618,長榮航,648,280,368,富邦-陽明,2024-05-28,9604
2891,中信金,371,6,365,富邦-陽明,2024-05-28,9604
00946,群益科技高息成長,299,15,284,富邦-陽明,2024-05-28,9604
00937B,群益ESG投等債20,492,244,248,富邦-陽明,2024-05-28,9604
2354,鴻準,600,393,207,富邦-陽明,2024-05-28,9604
2603,長榮,1284,1097,187,富邦-陽明,2024-05-28,9604
2328,廣宇,277,120,157,富邦-陽明,2024-05-28,9604
00706L,期元大S＆P日圓正2,150,0,150,富邦-陽明,2024-05-28,9604
2641,正德,237,92,145,富邦-陽明,2024-05-28,9604
6161,捷波,153,10,143,富邦-陽明,2024-05-28,9604
2353,宏��,369,230,139,富邦-陽明,2024-05-28,9604
00648R,元大S＆P500反1,110,0,110,富邦-陽明,2024-05-28,9604
00919,群益台灣精選高息,199,99,100,富邦-陽明,2024-05-28,9604
00679B,元大美債20年,132,37,95,富邦-陽明,2024-05-28,9604
00687B,國泰20年美債,137,42,95,富邦-陽明,2024-05-28,9604
2486,一詮,122,27,95,富邦-陽明,2024-05-28,9604
00940,元大台灣價值高息,256,166,90,富邦-陽明,2024-05-28,9604
2303,聯電,179,89,90,富邦-陽明,2024-05-28,9604
00712,復華富時不動產,84,1,83,富邦-陽明,2024-05-28,9604
3645,達邁,80,0,80,富邦-陽明,2024-05-28,9604
3231,緯創,588,509,79,富邦-陽明,2024-05-28,9604
6188,廣明,207,128,79,富邦-陽明,2024-05-28,9604
2615,萬海,131,67,64,富邦-陽明,2024-05-28,9604
2330,台積電,75,11,64,富邦-陽明,2024-05-28,9604
4714,永捷,151,89,62,富邦-陽明,2024-05-28,9604
00881,國泰台灣5G+,64,3,61,富邦-陽明,2024-05-28,9604
6215,和椿,91,32,59,富邦-陽明,2024-05-28,9604
2464,盟立,101,44,57,富邦-陽明,2024-05-28,9604
2449,京元電子,54,3,51,富邦-陽明,2024-05-28,9604
1440,南紡,52,2,50,富邦-陽明,2024-05-28,9604
2476,鉅祥,84,37,47,富邦-陽明,2024-05-28,9604
3049,精金,60,13,47,富邦-陽明,2024-05-28,9604
2409,友達,62,15,47,富邦-陽明,2024-05-28,9604
3105,穩懋,50,6,44,富邦-陽明,2024-05-28,9604
3380,明泰,63,19,44,富邦-陽明,2024-05-28,9604
2208,台船,54,11,43,富邦-陽明,2024-05-28,9604
2027,大成鋼,44,1,43,富邦-陽明,2024-05-28,9604
5512,力麒,61,20,41,富邦-陽明,2024-05-28,9604
00720B,元大投資級公司債,46,9,37,富邦-陽明,2024-05-28,9604
00942B,台新美A公司債20+,37,0,37,富邦-陽明,2024-05-28,9604
00753L,中信中國50正2,174,138,36,富邦-陽明,2024-05-28,9604
8059,凱碩,36,0,36,富邦-陽明,2024-05-28,9604
2301,光寶科,92,56,36,富邦-陽明,2024-05-28,9604
5498,凱崴,69,34,35,富邦-陽明,2024-05-28,9604
3202,樺晟,59,24,35,富邦-陽明,2024-05-28,9604
8105,凌巨,47,12,35,富邦-陽明,2024-05-28,9604
1301,台塑,44,10,34,富邦-陽明,2024-05-28,9604
2313,華通,66,32,34,富邦-陽明,2024-05-28,9604
00923,群益台ESG低碳50,36,2,34,富邦-陽明,2024-05-28,9604
00937B,群益ESG投等債20,1595,19,1576,富邦-陽明,2024-05-29,9604
2323,中環,443,6,437,富邦-陽明,2024-05-29,9604
00679B,元大美債20年,420,28,392,富邦-陽明,2024-05-29,9604
00687B,國泰20年美債,387,17,370,富邦-陽明,2024-05-29,9604
00665L,富邦�琤肭磪囓�2,449,137,312,富邦-陽明,2024-05-29,9604
00680L,元大美債20正2,309,3,306,富邦-陽明,2024-05-29,9604
00940,元大台灣價值高息,400,128,272,富邦-陽明,2024-05-29,9604
2883,凱基金,283,100,183,富邦-陽明,2024-05-29,9604
2891,中信金,186,8,178,富邦-陽明,2024-05-29,9604
2867,三商壽,199,21,178,富邦-陽明,2024-05-29,9604
2317,鴻海,242,66,176,富邦-陽明,2024-05-29,9604
3231,緯創,245,70,175,富邦-陽明,2024-05-29,9604
2515,中工,214,47,167,富邦-陽明,2024-05-29,9604
2353,宏��,306,147,159,富邦-陽明,2024-05-29,9604
2606,裕民,173,21,152,富邦-陽明,2024-05-29,9604
00751B,元大AAA至A公司債,148,1,147,富邦-陽明,2024-05-29,9604
2886,兆豐金,147,3,144,富邦-陽明,2024-05-29,9604
2615,萬海,181,45,136,富邦-陽明,2024-05-29,9604
2486,一詮,177,50,127,富邦-陽明,2024-05-29,9604
3481,群創,181,55,126,富邦-陽明,2024-05-29,9604
00753L,中信中國50正2,137,23,114,富邦-陽明,2024-05-29,9604
00650L,復華香港正2,379,269,110,富邦-陽明,2024-05-29,9604
6189,豐藝,181,76,105,富邦-陽明,2024-05-29,9604
00933B,國泰10Y+金融債,103,3,100,富邦-陽明,2024-05-29,9604
1454,台富,100,2,98,富邦-陽明,2024-05-29,9604
3035,智原,126,29,97,富邦-陽明,2024-05-29,9604
2610,華航,174,78,96,富邦-陽明,2024-05-29,9604
6147,頎邦,91,0,91,富邦-陽明,2024-05-29,9604
00688L,國泰20年美債正2,91,0,91,富邦-陽明,2024-05-29,9604
1101,台泥,89,3,86,富邦-陽明,2024-05-29,9604
2365,昆盈,116,33,83,富邦-陽明,2024-05-29,9604
2881,富邦金,86,5,81,富邦-陽明,2024-05-29,9604
2885,元大金,90,13,77,富邦-陽明,2024-05-29,9604
00878,國泰永續高股息,221,144,77,富邦-陽明,2024-05-29,9604
9945,潤泰新,81,5,76,富邦-陽明,2024-05-29,9604
2330,台積電,89,14,75,富邦-陽明,2024-05-29,9604
2888,新光金,577,503,74,富邦-陽明,2024-05-29,9604
2882,國泰金,93,20,73,富邦-陽明,2024-05-29,9604
2349,錸德,106,37,69,富邦-陽明,2024-05-29,9604
5608,四維航,143,74,69,富邦-陽明,2024-05-29,9604
8046,南電,221,153,68,富邦-陽明,2024-05-29,9604
2401,凌陽,338,273,65,富邦-陽明,2024-05-29,9604
2890,永豐金,63,0,63,富邦-陽明,2024-05-29,9604
2603,長榮,925,863,62,富邦-陽明,2024-05-29,9604
2442,新美齊,65,4,61,富邦-陽明,2024-05-29,9604
2363,矽統,158,98,60,富邦-陽明,2024-05-29,9604
8163,達方,60,2,58,富邦-陽明,2024-05-29,9604
2892,第一金,57,0,57,富邦-陽明,2024-05-29,9604
00946,群益科技高息成長,67,11,56,富邦-陽明,2024-05-29,9604
2884,玉山金,64,9,55,富邦-陽明,2024-05-29,9604
00632R,元大台灣50反1,1261,68,1193,富邦-陽明,2024-05-30,9604
00937B,群益ESG投等債20,719,119,600,富邦-陽明,2024-05-30,9604
2883,凱基金,373,7,366,富邦-陽明,2024-05-30,9604
2834,臺企銀,338,10,328,富邦-陽明,2024-05-30,9604
00680L,元大美債20正2,368,44,324,富邦-陽明,2024-05-30,9604
2323,中環,309,8,301,富邦-陽明,2024-05-30,9604
00753L,中信中國50正2,266,24,242,富邦-陽明,2024-05-30,9604
00687B,國泰20年美債,204,4,200,富邦-陽明,2024-05-30,9604
00940,元大台灣價值高息,231,51,180,富邦-陽明,2024-05-30,9604
2891,中信金,193,36,157,富邦-陽明,2024-05-30,9604
00679B,元大美債20年,172,15,157,富邦-陽明,2024-05-30,9604
2354,鴻準,252,106,146,富邦-陽明,2024-05-30,9604
2329,華泰,164,26,138,富邦-陽明,2024-05-30,9604
2330,台積電,162,28,134,富邦-陽明,2024-05-30,9604
5880,合庫金,141,13,128,富邦-陽明,2024-05-30,9604
2886,兆豐金,120,1,119,富邦-陽明,2024-05-30,9604
00715L,期街口布蘭特正2,221,105,116,富邦-陽明,2024-05-30,9604
6443,元晶,113,8,105,富邦-陽明,2024-05-30,9604
00795B,中信美國公債20年,102,3,99,富邦-陽明,2024-05-30,9604
2002,中鋼,103,4,99,富邦-陽明,2024-05-30,9604
2801,彰銀,111,13,98,富邦-陽明,2024-05-30,9604
1785,光洋科,150,53,97,富邦-陽明,2024-05-30,9604
2610,華航,130,35,95,富邦-陽明,2024-05-30,9604
2888,新光金,208,116,92,富邦-陽明,2024-05-30,9604
2892,第一金,80,4,76,富邦-陽明,2024-05-30,9604
6269,台郡,81,5,76,富邦-陽明,2024-05-30,9604
2405,輔信,149,76,73,富邦-陽明,2024-05-30,9604
1605,華新,77,4,73,富邦-陽明,2024-05-30,9604
00878,國泰永續高股息,206,134,72,富邦-陽明,2024-05-30,9604
2353,宏��,192,121,71,富邦-陽明,2024-05-30,9604
2613,中櫃,151,85,66,富邦-陽明,2024-05-30,9604
00720B,元大投資級公司債,70,4,66,富邦-陽明,2024-05-30,9604
2884,玉山金,67,2,65,富邦-陽明,2024-05-30,9604
4562,穎漢,126,62,64,富邦-陽明,2024-05-30,9604
3048,益登,65,5,60,富邦-陽明,2024-05-30,9604
1303,南亞,65,5,60,富邦-陽明,2024-05-30,9604
1312,國喬,63,4,59,富邦-陽明,2024-05-30,9604
00857B,永豐20年美公債,68,10,58,富邦-陽明,2024-05-30,9604
9958,世紀鋼,338,281,57,富邦-陽明,2024-05-30,9604
3231,緯創,118,62,56,富邦-陽明,2024-05-30,9604
2308,台達電,67,11,56,富邦-陽明,2024-05-30,9604
00751B,元大AAA至A公司債,56,0,56,富邦-陽明,2024-05-30,9604
8105,凌巨,175,121,54,富邦-陽明,2024-05-30,9604
2408,南亞科,64,10,54,富邦-陽明,2024-05-30,9604
1437,勤益控,53,0,53,富邦-陽明,2024-05-30,9604
2357,華碩,58,5,53,富邦-陽明,2024-05-30,9604
2347,聯強,442,390,52,富邦-陽明,2024-05-30,9604
6116,彩晶,52,0,52,富邦-陽明,2024-05-30,9604
2313,華通,80,29,51,富邦-陽明,2024-05-30,9604
2618,長榮航,102,53,49,富邦-陽明,2024-05-30,9604
2609,陽明,1181,367,814,富邦-陽明,2024-05-31,9604
00929,復華台灣科技優息,790,191,599,富邦-陽明,2024-05-31,9604
00632R,元大台灣50反1,628,270,358,富邦-陽明,2024-05-31,9604
2317,鴻海,420,110,310,富邦-陽明,2024-05-31,9604
2303,聯電,343,80,263,富邦-陽明,2024-05-31,9604
00665L,富邦�琤肭磪囓�2,479,224,255,富邦-陽明,2024-05-31,9604
4906,正文,345,94,251,富邦-陽明,2024-05-31,9604
2002,中鋼,201,5,196,富邦-陽明,2024-05-31,9604
2889,國票金,175,5,170,富邦-陽明,2024-05-31,9604
2382,廣達,178,35,143,富邦-陽明,2024-05-31,9604
2405,輔信,166,35,131,富邦-陽明,2024-05-31,9604
00946,群益科技高息成長,121,0,121,富邦-陽明,2024-05-31,9604
2330,台積電,134,26,108,富邦-陽明,2024-05-31,9604
3036,文曄,108,0,108,富邦-陽明,2024-05-31,9604
00751B,元大AAA至A公司債,108,14,94,富邦-陽明,2024-05-31,9604
2615,萬海,136,42,94,富邦-陽明,2024-05-31,9604
6005,群益證,92,7,85,富邦-陽明,2024-05-31,9604
6770,力積電,231,148,83,富邦-陽明,2024-05-31,9604
1524,耿鼎,90,8,82,富邦-陽明,2024-05-31,9604
1314,中石化,119,38,81,富邦-陽明,2024-05-31,9604
00679B,元大美債20年,77,4,73,富邦-陽明,2024-05-31,9604
3231,緯創,214,145,69,富邦-陽明,2024-05-31,9604
2486,一詮,179,110,69,富邦-陽明,2024-05-31,9604
2913,農林,90,22,68,富邦-陽明,2024-05-31,9604
00715L,期街口布蘭特正2,65,0,65,富邦-陽明,2024-05-31,9604
2891,中信金,109,47,62,富邦-陽明,2024-05-31,9604
2489,瑞軒,132,71,61,富邦-陽明,2024-05-31,9604
2641,正德,195,135,60,富邦-陽明,2024-05-31,9604
3312,弘憶股,194,137,57,富邦-陽明,2024-05-31,9604
0056,元大高股息,80,24,56,富邦-陽明,2024-05-31,9604
2328,廣宇,101,45,56,富邦-陽明,2024-05-31,9604
2357,華碩,60,4,56,富邦-陽明,2024-05-31,9604
2605,新興,79,26,53,富邦-陽明,2024-05-31,9604
3062,建漢,72,21,51,富邦-陽明,2024-05-31,9604
2397,友通,51,0,51,富邦-陽明,2024-05-31,9604
006208,富邦台50,52,2,50,富邦-陽明,2024-05-31,9604
2354,鴻準,490,441,49,富邦-陽明,2024-05-31,9604
1312,國喬,50,1,49,富邦-陽明,2024-05-31,9604
00671R,富邦NASDAQ反1,50,5,45,富邦-陽明,2024-05-31,9604
2363,矽統,95,50,45,富邦-陽明,2024-05-31,9604
8088,品安,44,0,44,富邦-陽明,2024-05-31,9604
00712,復華富時不動產,69,26,43,富邦-陽明,2024-05-31,9604
2301,光寶科,60,17,43,富邦-陽明,2024-05-31,9604
1313,聯成,41,0,41,富邦-陽明,2024-05-31,9604
1326,台化,40,0,40,富邦-陽明,2024-05-31,9604
2886,兆豐金,39,0,39,富邦-陽明,2024-05-31,9604
00944,野村趨勢動能高息,42,4,38,富邦-陽明,2024-05-31,9604
2241,艾姆勒,98,61,37,富邦-陽明,2024-05-31,9604
3308,聯德,44,7,37,富邦-陽明,2024-05-31,9604
2324,仁寶,68,34,34,富邦-陽明,2024-05-31,9604
00929,復華台灣科技優息,681,43,638,富邦-陽明,2024-06-03,9604
00937B,群益ESG投等債20,593,56,537,富邦-陽明,2024-06-03,9604
00919,群益台灣精選高息,552,79,473,富邦-陽明,2024-06-03,9604
00665L,富邦�琤肭磪囓�2,666,361,305,富邦-陽明,2024-06-03,9604
00715L,期街口布蘭特正2,291,0,291,富邦-陽明,2024-06-03,9604
00632R,元大台灣50反1,294,37,257,富邦-陽明,2024-06-03,9604
00918,大華優利高填息30,254,0,254,富邦-陽明,2024-06-03,9604
2618,長榮航,403,189,214,富邦-陽明,2024-06-03,9604
2867,三商壽,239,39,200,富邦-陽明,2024-06-03,9604
5880,合庫金,183,30,153,富邦-陽明,2024-06-03,9604
00946,群益科技高息成長,153,16,137,富邦-陽明,2024-06-03,9604
2880,華南金,128,0,128,富邦-陽明,2024-06-03,9604
2353,宏��,200,81,119,富邦-陽明,2024-06-03,9604
2317,鴻海,232,120,112,富邦-陽明,2024-06-03,9604
3481,群創,164,53,111,富邦-陽明,2024-06-03,9604
6770,力積電,107,10,97,富邦-陽明,2024-06-03,9604
5490,同亨,96,0,96,富邦-陽明,2024-06-03,9604
00679B,元大美債20年,115,21,94,富邦-陽明,2024-06-03,9604
2605,新興,115,26,89,富邦-陽明,2024-06-03,9604
6188,廣明,245,157,88,富邦-陽明,2024-06-03,9604
1409,新纖,89,5,84,富邦-陽明,2024-06-03,9604
00751B,元大AAA至A公司債,90,13,77,富邦-陽明,2024-06-03,9604
00637L,元大滬深300正2,130,55,75,富邦-陽明,2024-06-03,9604
6835,圓裕,73,0,73,富邦-陽明,2024-06-03,9604
2883,凱基金,114,42,72,富邦-陽明,2024-06-03,9604
6163,華電網,90,19,71,富邦-陽明,2024-06-03,9604
2303,聯電,158,89,69,富邦-陽明,2024-06-03,9604
00933B,國泰10Y+金融債,105,36,69,富邦-陽明,2024-06-03,9604
1110,東泥,66,1,65,富邦-陽明,2024-06-03,9604
2258,鴻華先進-創,65,0,65,富邦-陽明,2024-06-03,9604
3231,緯創,154,89,65,富邦-陽明,2024-06-03,9604
6443,元晶,70,10,60,富邦-陽明,2024-06-03,9604
2610,華航,132,72,60,富邦-陽明,2024-06-03,9604
1454,台富,56,1,55,富邦-陽明,2024-06-03,9604
8096,擎亞,143,88,55,富邦-陽明,2024-06-03,9604
4714,永捷,55,1,54,富邦-陽明,2024-06-03,9604
5876,上海商銀,58,7,51,富邦-陽明,2024-06-03,9604
2889,國票金,52,3,49,富邦-陽明,2024-06-03,9604
9945,潤泰新,55,7,48,富邦-陽明,2024-06-03,9604
2324,仁寶,174,129,45,富邦-陽明,2024-06-03,9604
1605,華新,61,16,45,富邦-陽明,2024-06-03,9604
4952,凌通,47,5,42,富邦-陽明,2024-06-03,9604
2377,微星,62,20,42,富邦-陽明,2024-06-03,9604
2002,中鋼,51,10,41,富邦-陽明,2024-06-03,9604
00881,國泰台灣5G+,43,2,41,富邦-陽明,2024-06-03,9604
00636,國泰中國A50,40,0,40,富邦-陽明,2024-06-03,9604
2313,華通,43,4,39,富邦-陽明,2024-06-03,9604
4533,協易機,227,188,39,富邦-陽明,2024-06-03,9604
2312,金寶,91,53,38,富邦-陽明,2024-06-03,9604
1313,聯成,38,0,38,富邦-陽明,2024-06-03,9604
2888,新光金,997,296,701,富邦-陽明,2024-06-04,9604
00919,群益台灣精選高息,700,57,643,富邦-陽明,2024-06-04,9604
00929,復華台灣科技優息,646,52,594,富邦-陽明,2024-06-04,9604
2801,彰銀,423,116,307,富邦-陽明,2024-06-04,9604
00936,台新永續高息中小,433,168,265,富邦-陽明,2024-06-04,9604
00632R,元大台灣50反1,409,146,263,富邦-陽明,2024-06-04,9604
00918,大華優利高填息30,259,2,257,富邦-陽明,2024-06-04,9604
00878,國泰永續高股息,244,11,233,富邦-陽明,2024-06-04,9604
2317,鴻海,338,111,227,富邦-陽明,2024-06-04,9604
3481,群創,252,38,214,富邦-陽明,2024-06-04,9604
00706L,期元大S＆P日圓正2,200,0,200,富邦-陽明,2024-06-04,9604
00673R,期元大S＆P原油反1,200,12,188,富邦-陽明,2024-06-04,9604
6125,廣運,332,162,170,富邦-陽明,2024-06-04,9604
9958,世紀鋼,520,353,167,富邦-陽明,2024-06-04,9604
2344,華邦電,188,40,148,富邦-陽明,2024-06-04,9604
00665L,富邦�琤肭磪囓�2,266,135,131,富邦-陽明,2024-06-04,9604
2409,友達,132,3,129,富邦-陽明,2024-06-04,9604
2312,金寶,413,292,121,富邦-陽明,2024-06-04,9604
4566,時碩工業,219,99,120,富邦-陽明,2024-06-04,9604
6213,聯茂,141,26,115,富邦-陽明,2024-06-04,9604
1303,南亞,129,19,110,富邦-陽明,2024-06-04,9604
2025,千興,110,0,110,富邦-陽明,2024-06-04,9604
3231,緯創,133,26,107,富邦-陽明,2024-06-04,9604
2002,中鋼,107,2,105,富邦-陽明,2024-06-04,9604
3260,威剛,120,20,100,富邦-陽明,2024-06-04,9604
2354,鴻準,211,116,95,富邦-陽明,2024-06-04,9604
00650L,復華香港正2,393,306,87,富邦-陽明,2024-06-04,9604
5490,同亨,118,32,86,富邦-陽明,2024-06-04,9604
3450,聯鈞,135,50,85,富邦-陽明,2024-06-04,9604
2537,聯上發,252,173,79,富邦-陽明,2024-06-04,9604
3013,晟銘電,130,54,76,富邦-陽明,2024-06-04,9604
0056,元大高股息,88,16,72,富邦-陽明,2024-06-04,9604
2352,佳世達,73,1,72,富邦-陽明,2024-06-04,9604
2883,凱基金,100,28,72,富邦-陽明,2024-06-04,9604
2324,仁寶,199,130,69,富邦-陽明,2024-06-04,9604
2882,國泰金,74,5,69,富邦-陽明,2024-06-04,9604
2889,國票金,79,11,68,富邦-陽明,2024-06-04,9604
3356,奇偶,143,77,66,富邦-陽明,2024-06-04,9604
3454,晶睿,64,0,64,富邦-陽明,2024-06-04,9604
00713,元大台灣高息低波,64,1,63,富邦-陽明,2024-06-04,9604
2603,長榮,115,53,62,富邦-陽明,2024-06-04,9604
2382,廣達,176,115,61,富邦-陽明,2024-06-04,9604
2356,英業達,75,16,59,富邦-陽明,2024-06-04,9604
2353,宏��,204,146,58,富邦-陽明,2024-06-04,9604
4903,聯光通,59,2,57,富邦-陽明,2024-06-04,9604
2362,藍天,80,23,57,富邦-陽明,2024-06-04,9604
2330,台積電,97,41,56,富邦-陽明,2024-06-04,9604
2303,聯電,116,60,56,富邦-陽明,2024-06-04,9604
2301,光寶科,95,40,55,富邦-陽明,2024-06-04,9604
1110,東泥,59,6,53,富邦-陽明,2024-06-04,9604
00929,復華台灣科技優息,680,82,598,富邦-陽明,2024-06-05,9604
00936,台新永續高息中小,383,2,381,富邦-陽明,2024-06-05,9604
00878,國泰永續高股息,401,40,361,富邦-陽明,2024-06-05,9604
00919,群益台灣精選高息,381,42,339,富邦-陽明,2024-06-05,9604
00715L,期街口布蘭特正2,294,0,294,富邦-陽明,2024-06-05,9604
2323,中環,175,21,154,富邦-陽明,2024-06-05,9604
00918,大華優利高填息30,153,7,146,富邦-陽明,2024-06-05,9604
2324,仁寶,193,69,124,富邦-陽明,2024-06-05,9604
2303,聯電,184,69,115,富邦-陽明,2024-06-05,9604
6283,淳安,111,1,110,富邦-陽明,2024-06-05,9604
2105,正新,123,18,105,富邦-陽明,2024-06-05,9604
1597,直得,103,5,98,富邦-陽明,2024-06-05,9604
1303,南亞,96,3,93,富邦-陽明,2024-06-05,9604
2449,京元電子,97,7,90,富邦-陽明,2024-06-05,9604
2363,矽統,128,44,84,富邦-陽明,2024-06-05,9604
2905,三商,86,4,82,富邦-陽明,2024-06-05,9604
00942B,台新美A公司債20+,80,4,76,富邦-陽明,2024-06-05,9604
2495,普安,92,17,75,富邦-陽明,2024-06-05,9604
1802,台玻,143,70,73,富邦-陽明,2024-06-05,9604
2888,新光金,366,294,72,富邦-陽明,2024-06-05,9604
2331,精英,149,77,72,富邦-陽明,2024-06-05,9604
2344,華邦電,94,23,71,富邦-陽明,2024-06-05,9604
4532,瑞智,86,16,70,富邦-陽明,2024-06-05,9604
00650L,復華香港正2,421,359,62,富邦-陽明,2024-06-05,9604
2417,圓剛,98,37,61,富邦-陽明,2024-06-05,9604
00946,群益科技高息成長,61,0,61,富邦-陽明,2024-06-05,9604
3372,典範,106,46,60,富邦-陽明,2024-06-05,9604
6770,力積電,66,10,56,富邦-陽明,2024-06-05,9604
2002,中鋼,72,17,55,富邦-陽明,2024-06-05,9604
1522,堤維西,78,23,55,富邦-陽明,2024-06-05,9604
00713,元大台灣高息低波,60,5,55,富邦-陽明,2024-06-05,9604
00680L,元大美債20正2,132,78,54,富邦-陽明,2024-06-05,9604
00909,國泰數位支付服務,71,17,54,富邦-陽明,2024-06-05,9604
0056,元大高股息,65,12,53,富邦-陽明,2024-06-05,9604
3592,瑞鼎,52,1,51,富邦-陽明,2024-06-05,9604
5529,鉅陞,50,0,50,富邦-陽明,2024-06-05,9604
00632R,元大台灣50反1,51,2,49,富邦-陽明,2024-06-05,9604
2489,瑞軒,70,22,48,富邦-陽明,2024-06-05,9604
2636,台驊控股,48,1,47,富邦-陽明,2024-06-05,9604
4566,時碩工業,100,54,46,富邦-陽明,2024-06-05,9604
1301,台塑,82,40,42,富邦-陽明,2024-06-05,9604
6443,元晶,51,9,42,富邦-陽明,2024-06-05,9604
2301,光寶科,64,23,41,富邦-陽明,2024-06-05,9604
2453,凌群,47,7,40,富邦-陽明,2024-06-05,9604
5450,南良,41,1,40,富邦-陽明,2024-06-05,9604
00653L,富邦印度正2,39,0,39,富邦-陽明,2024-06-05,9604
2457,飛宏,50,14,36,富邦-陽明,2024-06-05,9604
4726,永昕,62,26,36,富邦-陽明,2024-06-05,9604
1455,集盛,44,8,36,富邦-陽明,2024-06-05,9604
6163,華電網,68,33,35,富邦-陽明,2024-06-05,9604
1802,台玻,336,102,234,富邦-陽明,2024-06-06,9604
00929,復華台灣科技優息,352,137,215,富邦-陽明,2024-06-06,9604
8096,擎亞,251,52,199,富邦-陽明,2024-06-06,9604
00936,台新永續高息中小,193,0,193,富邦-陽明,2024-06-06,9604
00632R,元大台灣50反1,866,675,191,富邦-陽明,2024-06-06,9604
2002,中鋼,146,15,131,富邦-陽明,2024-06-06,9604
2801,彰銀,127,2,125,富邦-陽明,2024-06-06,9604
00650L,復華香港正2,158,33,125,富邦-陽明,2024-06-06,9604
3663,鑫科,122,1,121,富邦-陽明,2024-06-06,9604
00715L,期街口布蘭特正2,168,52,116,富邦-陽明,2024-06-06,9604
00918,大華優利高填息30,147,52,95,富邦-陽明,2024-06-06,9604
00665L,富邦�琤肭磪囓�2,342,251,91,富邦-陽明,2024-06-06,9604
1303,南亞,96,5,91,富邦-陽明,2024-06-06,9604
00942B,台新美A公司債20+,91,1,90,富邦-陽明,2024-06-06,9604
3047,訊舟,85,7,78,富邦-陽明,2024-06-06,9604
2409,友達,79,3,76,富邦-陽明,2024-06-06,9604
2905,三商,76,2,74,富邦-陽明,2024-06-06,9604
2605,新興,107,34,73,富邦-陽明,2024-06-06,9604
2501,國建,73,3,70,富邦-陽明,2024-06-06,9604
8131,福懋科,93,23,70,富邦-陽明,2024-06-06,9604
5302,太欣,72,3,69,富邦-陽明,2024-06-06,9604
2328,廣宇,136,70,66,富邦-陽明,2024-06-06,9604
2543,皇昌,74,12,62,富邦-陽明,2024-06-06,9604
2353,宏��,116,56,60,富邦-陽明,2024-06-06,9604
2367,燿華,209,149,60,富邦-陽明,2024-06-06,9604
2354,鴻準,173,113,60,富邦-陽明,2024-06-06,9604
2388,威盛,70,10,60,富邦-陽明,2024-06-06,9604
00648R,元大S＆P500反1,60,0,60,富邦-陽明,2024-06-06,9604
00700,富邦�琤肭磪�,60,0,60,富邦-陽明,2024-06-06,9604
6446,藥華藥,68,9,59,富邦-陽明,2024-06-06,9604
2312,金寶,200,143,57,富邦-陽明,2024-06-06,9604
1618,合機,60,5,55,富邦-陽明,2024-06-06,9604
2897,王道銀行,56,1,55,富邦-陽明,2024-06-06,9604
5608,四維航,133,78,55,富邦-陽明,2024-06-06,9604
2888,新光金,238,186,52,富邦-陽明,2024-06-06,9604
2208,台船,52,0,52,富邦-陽明,2024-06-06,9604
3231,緯創,101,50,51,富邦-陽明,2024-06-06,9604
6125,廣運,110,60,50,富邦-陽明,2024-06-06,9604
2329,華泰,80,31,49,富邦-陽明,2024-06-06,9604
6161,捷波,67,18,49,富邦-陽明,2024-06-06,9604
2867,三商壽,62,14,48,富邦-陽明,2024-06-06,9604
00753L,中信中國50正2,179,133,46,富邦-陽明,2024-06-06,9604
2101,南港,118,73,45,富邦-陽明,2024-06-06,9604
2412,中華電,47,3,44,富邦-陽明,2024-06-06,9604
2454,聯發科,63,19,44,富邦-陽明,2024-06-06,9604
00638R,元大滬深300反1,43,0,43,富邦-陽明,2024-06-06,9604
1815,富喬,203,160,43,富邦-陽明,2024-06-06,9604
2324,仁寶,55,12,43,富邦-陽明,2024-06-06,9604
2022,聚亨,42,0,42,富邦-陽明,2024-06-06,9604
1714,和桐,42,0,42,富邦-陽明,2024-06-06,9604
00929,復華台灣科技優息,478,16,462,富邦-陽明,2024-06-07,9604
3036,文曄,407,3,404,富邦-陽明,2024-06-07,9604
3231,緯創,383,105,278,富邦-陽明,2024-06-07,9604
00936,台新永續高息中小,272,0,272,富邦-陽明,2024-06-07,9604
00687B,國泰20年美債,270,18,252,富邦-陽明,2024-06-07,9604
2312,金寶,356,111,245,富邦-陽明,2024-06-07,9604
4566,時碩工業,383,146,237,富邦-陽明,2024-06-07,9604
2884,玉山金,219,24,195,富邦-陽明,2024-06-07,9604
2324,仁寶,179,8,171,富邦-陽明,2024-06-07,9604
00918,大華優利高填息30,158,3,155,富邦-陽明,2024-06-07,9604
00637L,元大滬深300正2,235,107,128,富邦-陽明,2024-06-07,9604
00633L,富邦上証正2,152,49,103,富邦-陽明,2024-06-07,9604
00665L,富邦�琤肭磪囓�2,126,26,100,富邦-陽明,2024-06-07,9604
2330,台積電,114,24,90,富邦-陽明,2024-06-07,9604
2356,英業達,104,27,77,富邦-陽明,2024-06-07,9604
00942B,台新美A公司債20+,75,0,75,富邦-陽明,2024-06-07,9604
6161,捷波,76,4,72,富邦-陽明,2024-06-07,9604
00878,國泰永續高股息,149,79,70,富邦-陽明,2024-06-07,9604
00946,群益科技高息成長,66,1,65,富邦-陽明,2024-06-07,9604
2313,華通,104,40,64,富邦-陽明,2024-06-07,9604
2382,廣達,116,53,63,富邦-陽明,2024-06-07,9604
1609,大亞,168,107,61,富邦-陽明,2024-06-07,9604
4530,宏易,76,16,60,富邦-陽明,2024-06-07,9604
2365,昆盈,72,14,58,富邦-陽明,2024-06-07,9604
5469,瀚宇博,62,4,58,富邦-陽明,2024-06-07,9604
00712,復華富時不動產,64,6,58,富邦-陽明,2024-06-07,9604
2371,大同,157,103,54,富邦-陽明,2024-06-07,9604
2481,強茂,51,1,50,富邦-陽明,2024-06-07,9604
2603,長榮,507,458,49,富邦-陽明,2024-06-07,9604
00655L,國泰中國A50正2,46,0,46,富邦-陽明,2024-06-07,9604
2836,高雄銀,50,5,45,富邦-陽明,2024-06-07,9604
6213,聯茂,62,20,42,富邦-陽明,2024-06-07,9604
00919,群益台灣精選高息,294,254,40,富邦-陽明,2024-06-07,9604
00639,富邦深100,36,0,36,富邦-陽明,2024-06-07,9604
3017,奇鋐,69,33,36,富邦-陽明,2024-06-07,9604
3033,威健,38,3,35,富邦-陽明,2024-06-07,9604
00915,凱基優選高股息30,35,0,35,富邦-陽明,2024-06-07,9604
4534,慶騰,39,4,35,富邦-陽明,2024-06-07,9604
6116,彩晶,38,4,34,富邦-陽明,2024-06-07,9604
00713,元大台灣高息低波,38,4,34,富邦-陽明,2024-06-07,9604
4960,誠美材,34,0,34,富邦-陽明,2024-06-07,9604
2888,新光金,654,620,34,富邦-陽明,2024-06-07,9604
4123,晟德,58,25,33,富邦-陽明,2024-06-07,9604
2105,正新,34,2,32,富邦-陽明,2024-06-07,9604
2101,南港,54,23,31,富邦-陽明,2024-06-07,9604
3037,欣興,36,5,31,富邦-陽明,2024-06-07,9604
1802,台玻,144,114,30,富邦-陽明,2024-06-07,9604
911868,同方友友-DR,29,0,29,富邦-陽明,2024-06-07,9604
3324,雙鴻,48,19,29,富邦-陽明,2024-06-07,9604
2354,鴻準,58,30,28,富邦-陽明,2024-06-07,9604
00937B,群益ESG投等債20,911,316,595,富邦-陽明,2024-06-11,9604
2603,長榮,1102,646,456,富邦-陽明,2024-06-11,9604
00929,復華台灣科技優息,662,208,454,富邦-陽明,2024-06-11,9604
00687B,國泰20年美債,473,20,453,富邦-陽明,2024-06-11,9604
00936,台新永續高息中小,441,1,440,富邦-陽明,2024-06-11,9604
00673R,期元大S＆P原油反1,401,0,401,富邦-陽明,2024-06-11,9604
2609,陽明,862,485,377,富邦-陽明,2024-06-11,9604
1101,台泥,363,23,340,富邦-陽明,2024-06-11,9604
4566,時碩工業,412,94,318,富邦-陽明,2024-06-11,9604
00679B,元大美債20年,365,66,299,富邦-陽明,2024-06-11,9604
00919,群益台灣精選高息,381,146,235,富邦-陽明,2024-06-11,9604
00918,大華優利高填息30,246,17,229,富邦-陽明,2024-06-11,9604
2888,新光金,342,119,223,富邦-陽明,2024-06-11,9604
2303,聯電,255,34,221,富邦-陽明,2024-06-11,9604
3231,緯創,281,81,200,富邦-陽明,2024-06-11,9604
00933B,國泰10Y+金融債,205,8,197,富邦-陽明,2024-06-11,9604
4167,松瑞藥,243,72,171,富邦-陽明,2024-06-11,9604
2002,中鋼,161,12,149,富邦-陽明,2024-06-11,9604
2867,三商壽,250,121,129,富邦-陽明,2024-06-11,9604
4906,正文,134,7,127,富邦-陽明,2024-06-11,9604
1608,華榮,252,127,125,富邦-陽明,2024-06-11,9604
00713,元大台灣高息低波,126,5,121,富邦-陽明,2024-06-11,9604
00878,國泰永續高股息,195,75,120,富邦-陽明,2024-06-11,9604
00942B,台新美A公司債20+,120,0,120,富邦-陽明,2024-06-11,9604
00751B,元大AAA至A公司債,119,0,119,富邦-陽明,2024-06-11,9604
2101,南港,127,19,108,富邦-陽明,2024-06-11,9604
9945,潤泰新,199,93,106,富邦-陽明,2024-06-11,9604
00650L,復華香港正2,253,151,102,富邦-陽明,2024-06-11,9604
9907,統一實,108,6,102,富邦-陽明,2024-06-11,9604
1609,大亞,190,88,102,富邦-陽明,2024-06-11,9604
1453,大將,111,10,101,富邦-陽明,2024-06-11,9604
2836,高雄銀,100,0,100,富邦-陽明,2024-06-11,9604
5531,鄉林,107,9,98,富邦-陽明,2024-06-11,9604
00665L,富邦�琤肭磪囓�2,509,413,96,富邦-陽明,2024-06-11,9604
1514,亞力,199,106,93,富邦-陽明,2024-06-11,9604
2615,萬海,418,326,92,富邦-陽明,2024-06-11,9604
3481,群創,107,15,92,富邦-陽明,2024-06-11,9604
1618,合機,177,91,86,富邦-陽明,2024-06-11,9604
2356,英業達,112,26,86,富邦-陽明,2024-06-11,9604
00882,中信中國高股息,114,33,81,富邦-陽明,2024-06-11,9604
8085,福華,88,11,77,富邦-陽明,2024-06-11,9604
3047,訊舟,193,125,68,富邦-陽明,2024-06-11,9604
6116,彩晶,62,0,62,富邦-陽明,2024-06-11,9604
00688L,國泰20年美債正2,82,23,59,富邦-陽明,2024-06-11,9604
2834,臺企銀,71,15,56,富邦-陽明,2024-06-11,9604
6446,藥華藥,56,1,55,富邦-陽明,2024-06-11,9604
2020,美亞,55,1,54,富邦-陽明,2024-06-11,9604
4513,福裕,67,13,54,富邦-陽明,2024-06-11,9604
2330,台積電,84,31,53,富邦-陽明,2024-06-11,9604
00680L,元大美債20正2,160,108,52,富邦-陽明,2024-06-11,9604
2883,凱基金,533,69,464,富邦-陽明,2024-06-12,9604
2352,佳世達,374,6,368,富邦-陽明,2024-06-12,9604
00948B,中信優息投資級債,264,20,244,富邦-陽明,2024-06-12,9604
00929,復華台灣科技優息,260,27,233,富邦-陽明,2024-06-12,9604
00712,復華富時不動產,262,33,229,富邦-陽明,2024-06-12,9604
00918,大華優利高填息30,229,0,229,富邦-陽明,2024-06-12,9604
00919,群益台灣精選高息,444,216,228,富邦-陽明,2024-06-12,9604
00665L,富邦�琤肭磪囓�2,263,69,194,富邦-陽明,2024-06-12,9604
00937B,群益ESG投等債20,179,11,168,富邦-陽明,2024-06-12,9604
00947,台新臺灣IC設計,132,0,132,富邦-陽明,2024-06-12,9604
00687B,國泰20年美債,160,30,130,富邦-陽明,2024-06-12,9604
1101,台泥,186,65,121,富邦-陽明,2024-06-12,9604
00679B,元大美債20年,160,40,120,富邦-陽明,2024-06-12,9604
2356,英業達,147,39,108,富邦-陽明,2024-06-12,9604
2537,聯上發,144,48,96,富邦-陽明,2024-06-12,9604
2515,中工,106,10,96,富邦-陽明,2024-06-12,9604
00936,台新永續高息中小,149,54,95,富邦-陽明,2024-06-12,9604
00650L,復華香港正2,611,521,90,富邦-陽明,2024-06-12,9604
4167,松瑞藥,163,74,89,富邦-陽明,2024-06-12,9604
6282,康舒,84,0,84,富邦-陽明,2024-06-12,9604
3645,達邁,82,2,80,富邦-陽明,2024-06-12,9604
3047,訊舟,218,144,74,富邦-陽明,2024-06-12,9604
2101,南港,83,14,69,富邦-陽明,2024-06-12,9604
00878,國泰永續高股息,100,31,69,富邦-陽明,2024-06-12,9604
2382,廣達,70,6,64,富邦-陽明,2024-06-12,9604
9902,台火,65,2,63,富邦-陽明,2024-06-12,9604
1605,華新,73,10,63,富邦-陽明,2024-06-12,9604
3013,晟銘電,88,27,61,富邦-陽明,2024-06-12,9604
2891,中信金,84,26,58,富邦-陽明,2024-06-12,9604
3231,緯創,189,134,55,富邦-陽明,2024-06-12,9604
6170,統振,51,2,49,富邦-陽明,2024-06-12,9604
2886,兆豐金,54,6,48,富邦-陽明,2024-06-12,9604
2486,一詮,89,42,47,富邦-陽明,2024-06-12,9604
1618,合機,116,69,47,富邦-陽明,2024-06-12,9604
2014,中鴻,85,39,46,富邦-陽明,2024-06-12,9604
3010,華立,52,7,45,富邦-陽明,2024-06-12,9604
3481,群創,80,36,44,富邦-陽明,2024-06-12,9604
00933B,國泰10Y+金融債,68,26,42,富邦-陽明,2024-06-12,9604
2201,裕隆,44,3,41,富邦-陽明,2024-06-12,9604
1514,亞力,82,42,40,富邦-陽明,2024-06-12,9604
2344,華邦電,68,29,39,富邦-陽明,2024-06-12,9604
9105,泰金寶-DR,101,63,38,富邦-陽明,2024-06-12,9604
2606,裕民,57,19,38,富邦-陽明,2024-06-12,9604
2881,富邦金,44,8,36,富邦-陽明,2024-06-12,9604
3033,威健,39,3,36,富邦-陽明,2024-06-12,9604
9919,康那香,42,7,35,富邦-陽明,2024-06-12,9604
3450,聯鈞,83,48,35,富邦-陽明,2024-06-12,9604
2365,昆盈,43,8,35,富邦-陽明,2024-06-12,9604
1316,上曜,54,21,33,富邦-陽明,2024-06-12,9604
5608,四維航,86,54,32,富邦-陽明,2024-06-12,9604
4566,時碩工業,984,9,975,富邦-陽明,2024-06-13,9604
00948B,中信優息投資級債,291,15,276,富邦-陽明,2024-06-13,9604
00946,群益科技高息成長,293,22,271,富邦-陽明,2024-06-13,9604
2617,台航,278,7,271,富邦-陽明,2024-06-13,9604
2888,新光金,331,103,228,富邦-陽明,2024-06-13,9604
00942B,台新美A公司債20+,200,0,200,富邦-陽明,2024-06-13,9604
2618,長榮航,194,17,177,富邦-陽明,2024-06-13,9604
2609,陽明,327,170,157,富邦-陽明,2024-06-13,9604
6215,和椿,180,32,148,富邦-陽明,2024-06-13,9604
2615,萬海,245,131,114,富邦-陽明,2024-06-13,9604
5864,致和證,113,0,113,富邦-陽明,2024-06-13,9604
00918,大華優利高填息30,119,14,105,富邦-陽明,2024-06-13,9604
00665L,富邦�琤肭磪囓�2,275,170,105,富邦-陽明,2024-06-13,9604
2367,燿華,285,186,99,富邦-陽明,2024-06-13,9604
2883,凱基金,214,116,98,富邦-陽明,2024-06-13,9604
1314,中石化,92,0,92,富邦-陽明,2024-06-13,9604
00909,國泰數位支付服務,85,1,84,富邦-陽明,2024-06-13,9604
00933B,國泰10Y+金融債,120,38,82,富邦-陽明,2024-06-13,9604
4906,正文,92,21,71,富邦-陽明,2024-06-13,9604
2353,宏��,122,53,69,富邦-陽明,2024-06-13,9604
1101,台泥,123,57,66,富邦-陽明,2024-06-13,9604
6290,良維,87,22,65,富邦-陽明,2024-06-13,9604
00947,台新臺灣IC設計,94,30,64,富邦-陽明,2024-06-13,9604
8039,台虹,76,13,63,富邦-陽明,2024-06-13,9604
5531,鄉林,73,13,60,富邦-陽明,2024-06-13,9604
00713,元大台灣高息低波,58,4,54,富邦-陽明,2024-06-13,9604
00679B,元大美債20年,97,44,53,富邦-陽明,2024-06-13,9604
3710,連展投控,50,0,50,富邦-陽明,2024-06-13,9604
00637L,元大滬深300正2,191,146,45,富邦-陽明,2024-06-13,9604
1617,榮星,129,84,45,富邦-陽明,2024-06-13,9604
6125,廣運,88,44,44,富邦-陽明,2024-06-13,9604
2359,所羅門,200,157,43,富邦-陽明,2024-06-13,9604
2337,旺宏,47,4,43,富邦-陽明,2024-06-13,9604
3019,亞光,149,106,43,富邦-陽明,2024-06-13,9604
9105,泰金寶-DR,198,157,41,富邦-陽明,2024-06-13,9604
00915,凱基優選高股息30,52,12,40,富邦-陽明,2024-06-13,9604
2801,彰銀,49,9,40,富邦-陽明,2024-06-13,9604
00733,富邦臺灣中小,41,1,40,富邦-陽明,2024-06-13,9604
8071,能率網通,50,12,38,富邦-陽明,2024-06-13,9604
6505,台塑化,37,1,36,富邦-陽明,2024-06-13,9604
6164,華興,40,4,36,富邦-陽明,2024-06-13,9604
6139,亞翔,54,18,36,富邦-陽明,2024-06-13,9604
2891,中信金,104,69,35,富邦-陽明,2024-06-13,9604
2105,正新,40,6,34,富邦-陽明,2024-06-13,9604
2354,鴻準,97,66,31,富邦-陽明,2024-06-13,9604
6161,捷波,33,2,31,富邦-陽明,2024-06-13,9604
6147,頎邦,34,3,31,富邦-陽明,2024-06-13,9604
2208,台船,30,0,30,富邦-陽明,2024-06-13,9604
00936,台新永續高息中小,51,25,26,富邦-陽明,2024-06-13,9604
4956,光鋐,48,22,26,富邦-陽明,2024-06-13,9604
00948B,中信優息投資級債,455,1,454,富邦-陽明,2024-06-14,9604
00942B,台新美A公司債20+,355,1,354,富邦-陽明,2024-06-14,9604
00918,大華優利高填息30,307,20,287,富邦-陽明,2024-06-14,9604
00919,群益台灣精選高息,350,123,227,富邦-陽明,2024-06-14,9604
00947,台新臺灣IC設計,225,62,163,富邦-陽明,2024-06-14,9604
00665L,富邦�琤肭磪囓�2,290,137,153,富邦-陽明,2024-06-14,9604
9958,世紀鋼,261,109,152,富邦-陽明,2024-06-14,9604
00687B,國泰20年美債,232,80,152,富邦-陽明,2024-06-14,9604
1608,華榮,245,101,144,富邦-陽明,2024-06-14,9604
2353,宏��,150,19,131,富邦-陽明,2024-06-14,9604
2371,大同,450,333,117,富邦-陽明,2024-06-14,9604
2888,新光金,213,101,112,富邦-陽明,2024-06-14,9604
3048,益登,182,82,100,富邦-陽明,2024-06-14,9604
00937B,群益ESG投等債20,392,312,80,富邦-陽明,2024-06-14,9604
2312,金寶,216,145,71,富邦-陽明,2024-06-14,9604
6161,捷波,147,78,69,富邦-陽明,2024-06-14,9604
6182,合晶,69,1,68,富邦-陽明,2024-06-14,9604
2331,精英,80,15,65,富邦-陽明,2024-06-14,9604
9902,台火,64,1,63,富邦-陽明,2024-06-14,9604
3432,台端,64,3,61,富邦-陽明,2024-06-14,9604
2356,英業達,91,32,59,富邦-陽明,2024-06-14,9604
00878,國泰永續高股息,83,26,57,富邦-陽明,2024-06-14,9604
2002,中鋼,64,7,57,富邦-陽明,2024-06-14,9604
2641,正德,58,4,54,富邦-陽明,2024-06-14,9604
3060,銘異,58,5,53,富邦-陽明,2024-06-14,9604
2330,台積電,85,34,51,富邦-陽明,2024-06-14,9604
2453,凌群,52,1,51,富邦-陽明,2024-06-14,9604
2377,微星,51,1,50,富邦-陽明,2024-06-14,9604
2547,日勝生,52,3,49,富邦-陽明,2024-06-14,9604
2495,普安,72,24,48,富邦-陽明,2024-06-14,9604
4534,慶騰,53,5,48,富邦-陽明,2024-06-14,9604
1101,台泥,116,68,48,富邦-陽明,2024-06-14,9604
1504,東元,79,33,46,富邦-陽明,2024-06-14,9604
2352,佳世達,47,0,47,富邦-陽明,2024-06-14,9604
2884,玉山金,114,69,45,富邦-陽明,2024-06-14,9604
00637L,元大滬深300正2,101,58,43,富邦-陽明,2024-06-14,9604
2363,矽統,192,150,42,富邦-陽明,2024-06-14,9604
4938,和碩,66,24,42,富邦-陽明,2024-06-14,9604
2392,正崴,990,950,40,富邦-陽明,2024-06-14,9604
8028,昇陽半導體,162,122,40,富邦-陽明,2024-06-14,9604
2489,瑞軒,70,30,40,富邦-陽明,2024-06-14,9604
6005,群益證,41,1,40,富邦-陽明,2024-06-14,9604
6770,力積電,138,98,40,富邦-陽明,2024-06-14,9604
9103,美德醫療-DR,45,6,39,富邦-陽明,2024-06-14,9604
00885,富邦越南,41,3,38,富邦-陽明,2024-06-14,9604
3202,樺晟,43,5,38,富邦-陽明,2024-06-14,9604
1617,榮星,220,182,38,富邦-陽明,2024-06-14,9604
3231,緯創,201,164,37,富邦-陽明,2024-06-14,9604
00712,復華富時不動產,67,30,37,富邦-陽明,2024-06-14,9604
4167,松瑞藥,86,50,36,富邦-陽明,2024-06-14,9604
00929,復華台灣科技優息,536,103,433,富邦-陽明,2024-06-17,9604
00933B,國泰10Y+金融債,363,10,353,富邦-陽明,2024-06-17,9604
00687B,國泰20年美債,433,94,339,富邦-陽明,2024-06-17,9604
2888,新光金,371,68,303,富邦-陽明,2024-06-17,9604
2312,金寶,405,164,241,富邦-陽明,2024-06-17,9604
00918,大華優利高填息30,279,52,227,富邦-陽明,2024-06-17,9604
00937B,群益ESG投等債20,526,314,212,富邦-陽明,2024-06-17,9604
00650L,復華香港正2,499,338,161,富邦-陽明,2024-06-17,9604
2371,大同,556,403,153,富邦-陽明,2024-06-17,9604
1618,合機,392,243,149,富邦-陽明,2024-06-17,9604
00919,群益台灣精選高息,315,176,139,富邦-陽明,2024-06-17,9604
2883,凱基金,153,28,125,富邦-陽明,2024-06-17,9604
1314,中石化,152,32,120,富邦-陽明,2024-06-17,9604
1303,南亞,110,2,108,富邦-陽明,2024-06-17,9604
2867,三商壽,141,33,108,富邦-陽明,2024-06-17,9604
2025,千興,150,45,105,富邦-陽明,2024-06-17,9604
1514,亞力,371,266,105,富邦-陽明,2024-06-17,9604
1217,愛之味,100,1,99,富邦-陽明,2024-06-17,9604
00713,元大台灣高息低波,97,4,93,富邦-陽明,2024-06-17,9604
00688L,國泰20年美債正2,130,40,90,富邦-陽明,2024-06-17,9604
2101,南港,101,17,84,富邦-陽明,2024-06-17,9604
2542,興富發,92,8,84,富邦-陽明,2024-06-17,9604
5608,四維航,84,1,83,富邦-陽明,2024-06-17,9604
00948B,中信優息投資級債,80,0,80,富邦-陽明,2024-06-17,9604
2618,長榮航,140,60,80,富邦-陽明,2024-06-17,9604
3231,緯創,218,140,78,富邦-陽明,2024-06-17,9604
1503,士電,136,58,78,富邦-陽明,2024-06-17,9604
2609,陽明,282,205,77,富邦-陽明,2024-06-17,9604
2615,萬海,316,253,63,富邦-陽明,2024-06-17,9604
2515,中工,64,1,63,富邦-陽明,2024-06-17,9604
00936,台新永續高息中小,324,261,63,富邦-陽明,2024-06-17,9604
6126,信音,60,1,59,富邦-陽明,2024-06-17,9604
3591,艾笛森,61,3,58,富邦-陽明,2024-06-17,9604
00773B,中信優先金融債,60,3,57,富邦-陽明,2024-06-17,9604
00632R,元大台灣50反1,53,0,53,富邦-陽明,2024-06-17,9604
2454,聯發科,56,3,53,富邦-陽明,2024-06-17,9604
2881,富邦金,72,21,51,富邦-陽明,2024-06-17,9604
2023,燁輝,50,1,49,富邦-陽明,2024-06-17,9604
4526,東台,54,8,46,富邦-陽明,2024-06-17,9604
1453,大將,45,0,45,富邦-陽明,2024-06-17,9604
9105,泰金寶-DR,120,76,44,富邦-陽明,2024-06-17,9604
2882,國泰金,53,10,43,富邦-陽明,2024-06-17,9604
00882,中信中國高股息,55,13,42,富邦-陽明,2024-06-17,9604
2897,王道銀行,41,0,41,富邦-陽明,2024-06-17,9604
00697B,元大美債7-10,40,0,40,富邦-陽明,2024-06-17,9604
2382,廣達,53,13,40,富邦-陽明,2024-06-17,9604
00946,群益科技高息成長,39,0,39,富邦-陽明,2024-06-17,9604
5905,南仁湖,73,35,38,富邦-陽明,2024-06-17,9604
00665L,富邦�琤肭磪囓�2,683,646,37,富邦-陽明,2024-06-17,9604
8039,台虹,39,3,36,富邦-陽明,2024-06-17,9604
4566,時碩工業,1152,96,1056,富邦-陽明,2024-06-18,9604
00929,復華台灣科技優息,668,282,386,富邦-陽明,2024-06-18,9604
00936,台新永續高息中小,395,82,313,富邦-陽明,2024-06-18,9604
8096,擎亞,693,392,301,富邦-陽明,2024-06-18,9604
00918,大華優利高填息30,410,128,282,富邦-陽明,2024-06-18,9604
6116,彩晶,195,8,187,富邦-陽明,2024-06-18,9604
1504,東元,197,15,182,富邦-陽明,2024-06-18,9604
00713,元大台灣高息低波,175,2,173,富邦-陽明,2024-06-18,9604
00937B,群益ESG投等債20,512,345,167,富邦-陽明,2024-06-18,9604
3481,群創,219,88,131,富邦-陽明,2024-06-18,9604
00665L,富邦�琤肭磪囓�2,353,244,109,富邦-陽明,2024-06-18,9604
2353,宏��,214,120,94,富邦-陽明,2024-06-18,9604
8107,大億金茂,96,4,92,富邦-陽明,2024-06-18,9604
00946,群益科技高息成長,91,5,86,富邦-陽明,2024-06-18,9604
2363,矽統,228,154,74,富邦-陽明,2024-06-18,9604
00632R,元大台灣50反1,190,119,71,富邦-陽明,2024-06-18,9604
8277,商丞,97,34,63,富邦-陽明,2024-06-18,9604
2615,萬海,205,144,61,富邦-陽明,2024-06-18,9604
00915,凱基優選高股息30,71,13,58,富邦-陽明,2024-06-18,9604
1101,台泥,91,34,57,富邦-陽明,2024-06-18,9604
8064,東捷,102,46,56,富邦-陽明,2024-06-18,9604
5490,同亨,119,64,55,富邦-陽明,2024-06-18,9604
6770,力積電,136,81,55,富邦-陽明,2024-06-18,9604
8085,福華,67,15,52,富邦-陽明,2024-06-18,9604
2495,普安,67,17,50,富邦-陽明,2024-06-18,9604
2486,一詮,141,92,49,富邦-陽明,2024-06-18,9604
2385,群光,55,6,49,富邦-陽明,2024-06-18,9604
5443,均豪,82,33,49,富邦-陽明,2024-06-18,9604
00633L,富邦上証正2,67,19,48,富邦-陽明,2024-06-18,9604
2392,正崴,199,152,47,富邦-陽明,2024-06-18,9604
6213,聯茂,86,40,46,富邦-陽明,2024-06-18,9604
00687B,國泰20年美債,209,163,46,富邦-陽明,2024-06-18,9604
00688L,國泰20年美債正2,54,10,44,富邦-陽明,2024-06-18,9604
3622,洋華,132,89,43,富邦-陽明,2024-06-18,9604
3048,益登,111,69,42,富邦-陽明,2024-06-18,9604
00934,中信成長高股息,42,0,42,富邦-陽明,2024-06-18,9604
911608,明輝-DR,40,1,39,富邦-陽明,2024-06-18,9604
1217,愛之味,40,1,39,富邦-陽明,2024-06-18,9604
4906,正文,43,5,38,富邦-陽明,2024-06-18,9604
5519,隆大,47,9,38,富邦-陽明,2024-06-18,9604
00933B,國泰10Y+金融債,58,23,35,富邦-陽明,2024-06-18,9604
4967,十銓,118,84,34,富邦-陽明,2024-06-18,9604
2409,友達,79,45,34,富邦-陽明,2024-06-18,9604
2801,彰銀,40,6,34,富邦-陽明,2024-06-18,9604
6112,邁達特,37,3,34,富邦-陽明,2024-06-18,9604
1301,台塑,52,18,34,富邦-陽明,2024-06-18,9604
6637,醫影,34,1,33,富邦-陽明,2024-06-18,9604
2542,興富發,39,6,33,富邦-陽明,2024-06-18,9604
00921,兆豐龍頭等權重,37,4,33,富邦-陽明,2024-06-18,9604
5608,四維航,52,20,32,富邦-陽明,2024-06-18,9604
00632R,元大台灣50反1,1237,72,1165,富邦-陽明,2024-06-19,9604
00946,群益科技高息成長,362,13,349,富邦-陽明,2024-06-19,9604
00688L,國泰20年美債正2,343,5,338,富邦-陽明,2024-06-19,9604
00936,台新永續高息中小,378,46,332,富邦-陽明,2024-06-19,9604
2324,仁寶,415,118,297,富邦-陽明,2024-06-19,9604
00937B,群益ESG投等債20,465,240,225,富邦-陽明,2024-06-19,9604
1326,台化,209,2,207,富邦-陽明,2024-06-19,9604
00918,大華優利高填息30,217,32,185,富邦-陽明,2024-06-19,9604
00673R,期元大S＆P原油反1,174,0,174,富邦-陽明,2024-06-19,9604
00910,第一金太空衛星,170,0,170,富邦-陽明,2024-06-19,9604
1802,台玻,237,69,168,富邦-陽明,2024-06-19,9604
00713,元大台灣高息低波,164,6,158,富邦-陽明,2024-06-19,9604
2610,華航,333,191,142,富邦-陽明,2024-06-19,9604
2344,華邦電,255,125,130,富邦-陽明,2024-06-19,9604
00679B,元大美債20年,167,46,121,富邦-陽明,2024-06-19,9604
00680L,元大美債20正2,205,86,119,富邦-陽明,2024-06-19,9604
2867,三商壽,155,52,103,富邦-陽明,2024-06-19,9604
00662,富邦NASDAQ,101,0,101,富邦-陽明,2024-06-19,9604
00676R,富邦臺灣加權反1,100,0,100,富邦-陽明,2024-06-19,9604
00947,台新臺灣IC設計,164,64,100,富邦-陽明,2024-06-19,9604
3481,群創,142,45,97,富邦-陽明,2024-06-19,9604
1609,大亞,110,19,91,富邦-陽明,2024-06-19,9604
3062,建漢,288,200,88,富邦-陽明,2024-06-19,9604
1785,光洋科,173,85,88,富邦-陽明,2024-06-19,9604
6116,彩晶,87,1,86,富邦-陽明,2024-06-19,9604
2913,農林,85,3,82,富邦-陽明,2024-06-19,9604
00927,群益半導體收益,88,12,76,富邦-陽明,2024-06-19,9604
2371,大同,187,114,73,富邦-陽明,2024-06-19,9604
2618,長榮航,273,200,73,富邦-陽明,2024-06-19,9604
8112,至上,81,10,71,富邦-陽明,2024-06-19,9604
911868,同方友友-DR,66,0,66,富邦-陽明,2024-06-19,9604
8096,擎亞,399,336,63,富邦-陽明,2024-06-19,9604
6147,頎邦,64,3,61,富邦-陽明,2024-06-19,9604
1504,東元,69,7,62,富邦-陽明,2024-06-19,9604
2836,高雄銀,60,0,60,富邦-陽明,2024-06-19,9604
00931B,統一美債20年,59,1,58,富邦-陽明,2024-06-19,9604
6770,力積電,122,64,58,富邦-陽明,2024-06-19,9604
4956,光鋐,122,65,57,富邦-陽明,2024-06-19,9604
1605,華新,75,18,57,富邦-陽明,2024-06-19,9604
6456,GIS-KY,57,1,56,富邦-陽明,2024-06-19,9604
3673,TPK-KY,77,23,54,富邦-陽明,2024-06-19,9604
3515,華擎,55,3,52,富邦-陽明,2024-06-19,9604
00915,凱基優選高股息30,53,2,51,富邦-陽明,2024-06-19,9604
2801,彰銀,71,20,51,富邦-陽明,2024-06-19,9604
00882,中信中國高股息,78,27,51,富邦-陽明,2024-06-19,9604
5302,太欣,50,0,50,富邦-陽明,2024-06-19,9604
2337,旺宏,61,11,50,富邦-陽明,2024-06-19,9604
00948B,中信優息投資級債,67,18,49,富邦-陽明,2024-06-19,9604
5490,同亨,68,19,49,富邦-陽明,2024-06-19,9604
8358,金居,68,20,48,富邦-陽明,2024-06-19,9604
00632R,元大台灣50反1,1234,255,979,富邦-陽明,2024-06-20,9604
00676R,富邦臺灣加權反1,811,0,811,富邦-陽明,2024-06-20,9604
00940,元大台灣價值高息,622,257,365,富邦-陽明,2024-06-20,9604
2867,三商壽,267,3,264,富邦-陽明,2024-06-20,9604
00936,台新永續高息中小,248,6,242,富邦-陽明,2024-06-20,9604
4566,時碩工業,759,532,227,富邦-陽明,2024-06-20,9604
00937B,群益ESG投等債20,365,145,220,富邦-陽明,2024-06-20,9604
00712,復華富時不動產,198,10,188,富邦-陽明,2024-06-20,9604
00687B,國泰20年美債,317,131,186,富邦-陽明,2024-06-20,9604
2888,新光金,238,80,158,富邦-陽明,2024-06-20,9604
00679B,元大美債20年,180,35,145,富邦-陽明,2024-06-20,9604
2301,光寶科,177,33,144,富邦-陽明,2024-06-20,9604
2353,宏��,198,55,143,富邦-陽明,2024-06-20,9604
00933B,國泰10Y+金融債,143,0,143,富邦-陽明,2024-06-20,9604
00942B,台新美A公司債20+,140,0,140,富邦-陽明,2024-06-20,9604
2330,台積電,161,25,136,富邦-陽明,2024-06-20,9604
00948B,中信優息投資級債,130,7,123,富邦-陽明,2024-06-20,9604
1514,亞力,342,232,110,富邦-陽明,2024-06-20,9604
00947,台新臺灣IC設計,135,25,110,富邦-陽明,2024-06-20,9604
00882,中信中國高股息,123,14,109,富邦-陽明,2024-06-20,9604
1815,富喬,161,60,101,富邦-陽明,2024-06-20,9604
2392,正崴,318,221,97,富邦-陽明,2024-06-20,9604
00680L,元大美債20正2,94,2,92,富邦-陽明,2024-06-20,9604
00720B,元大投資級公司債,97,9,88,富邦-陽明,2024-06-20,9604
8039,台虹,94,6,88,富邦-陽明,2024-06-20,9604
2634,漢翔,112,25,87,富邦-陽明,2024-06-20,9604
01007T,兆豐國泰R2,80,0,80,富邦-陽明,2024-06-20,9604
3339,泰谷,76,3,73,富邦-陽明,2024-06-20,9604
4726,永昕,117,46,71,富邦-陽明,2024-06-20,9604
2002,中鋼,108,38,70,富邦-陽明,2024-06-20,9604
2323,中環,84,14,70,富邦-陽明,2024-06-20,9604
00637L,元大滬深300正2,116,48,68,富邦-陽明,2024-06-20,9604
00673R,期元大S＆P原油反1,62,1,61,富邦-陽明,2024-06-20,9604
1506,正道,60,0,60,富邦-陽明,2024-06-20,9604
2023,燁輝,100,41,59,富邦-陽明,2024-06-20,9604
00918,大華優利高填息30,108,49,59,富邦-陽明,2024-06-20,9604
1503,士電,139,84,55,富邦-陽明,2024-06-20,9604
4915,致伸,62,8,54,富邦-陽明,2024-06-20,9604
1326,台化,59,6,53,富邦-陽明,2024-06-20,9604
00830,國泰費城半導體,57,5,52,富邦-陽明,2024-06-20,9604
6270,倍微,52,2,50,富邦-陽明,2024-06-20,9604
4906,正文,56,7,49,富邦-陽明,2024-06-20,9604
00915,凱基優選高股息30,60,11,49,富邦-陽明,2024-06-20,9604
00751B,元大AAA至A公司債,84,36,48,富邦-陽明,2024-06-20,9604
1309,台達化,54,6,48,富邦-陽明,2024-06-20,9604
5469,瀚宇博,47,0,47,富邦-陽明,2024-06-20,9604
3032,偉訓,55,10,45,富邦-陽明,2024-06-20,9604
2615,萬海,192,147,45,富邦-陽明,2024-06-20,9604
00772B,中信高評級公司債,42,0,42,富邦-陽明,2024-06-20,9604
8354,冠好,40,0,40,富邦-陽明,2024-06-20,9604
00665L,富邦�琤肭磪囓�2,2198,94,2104,富邦-陽明,2024-06-21,9604
00919,群益台灣精選高息,1619,523,1096,富邦-陽明,2024-06-21,9604
00937B,群益ESG投等債20,849,3,846,富邦-陽明,2024-06-21,9604
00936,台新永續高息中小,539,7,532,富邦-陽明,2024-06-21,9604
4566,時碩工業,1246,1002,244,富邦-陽明,2024-06-21,9604
2317,鴻海,389,170,219,富邦-陽明,2024-06-21,9604
00940,元大台灣價值高息,270,125,145,富邦-陽明,2024-06-21,9604
2609,陽明,527,390,137,富邦-陽明,2024-06-21,9604
00753L,中信中國50正2,148,20,128,富邦-陽明,2024-06-21,9604
00933B,國泰10Y+金融債,178,55,123,富邦-陽明,2024-06-21,9604
2405,輔信,130,19,111,富邦-陽明,2024-06-21,9604
911868,同方友友-DR,111,0,111,富邦-陽明,2024-06-21,9604
1301,台塑,105,4,101,富邦-陽明,2024-06-21,9604
3450,聯鈞,193,93,100,富邦-陽明,2024-06-21,9604
00637L,元大滬深300正2,225,130,95,富邦-陽明,2024-06-21,9604
00650L,復華香港正2,251,157,94,富邦-陽明,2024-06-21,9604
2363,矽統,213,123,90,富邦-陽明,2024-06-21,9604
3048,益登,151,64,87,富邦-陽明,2024-06-21,9604
1514,亞力,170,89,81,富邦-陽明,2024-06-21,9604
2353,宏��,130,50,80,富邦-陽明,2024-06-21,9604
2330,台積電,108,35,73,富邦-陽明,2024-06-21,9604
2504,國產,77,7,70,富邦-陽明,2024-06-21,9604
2302,麗正,70,1,69,富邦-陽明,2024-06-21,9604
00878,國泰永續高股息,122,53,69,富邦-陽明,2024-06-21,9604
2356,英業達,94,26,68,富邦-陽明,2024-06-21,9604
2313,華通,73,7,66,富邦-陽明,2024-06-21,9604
9958,世紀鋼,98,33,65,富邦-陽明,2024-06-21,9604
00632R,元大台灣50反1,236,171,65,富邦-陽明,2024-06-21,9604
00946,群益科技高息成長,78,13,65,富邦-陽明,2024-06-21,9604
00929,復華台灣科技優息,433,370,63,富邦-陽明,2024-06-21,9604
1304,台聚,63,1,62,富邦-陽明,2024-06-21,9604
8039,台虹,109,52,57,富邦-陽明,2024-06-21,9604
2344,華邦電,166,110,56,富邦-陽明,2024-06-21,9604
00751B,元大AAA至A公司債,62,6,56,富邦-陽明,2024-06-21,9604
8261,富鼎,55,0,55,富邦-陽明,2024-06-21,9604
6443,元晶,119,65,54,富邦-陽明,2024-06-21,9604
00948B,中信優息投資級債,53,0,53,富邦-陽明,2024-06-21,9604
2442,新美齊,51,0,51,富邦-陽明,2024-06-21,9604
3312,弘憶股,60,11,49,富邦-陽明,2024-06-21,9604
00881,國泰台灣5G+,91,46,45,富邦-陽明,2024-06-21,9604
4960,誠美材,55,11,44,富邦-陽明,2024-06-21,9604
2548,華固,47,4,43,富邦-陽明,2024-06-21,9604
6244,茂迪,67,24,43,富邦-陽明,2024-06-21,9604
2892,第一金,55,13,42,富邦-陽明,2024-06-21,9604
00687B,國泰20年美債,146,104,42,富邦-陽明,2024-06-21,9604
3081,聯亞,69,28,41,富邦-陽明,2024-06-21,9604
2382,廣達,114,74,40,富邦-陽明,2024-06-21,9604
2312,金寶,73,35,38,富邦-陽明,2024-06-21,9604
00885,富邦越南,50,12,38,富邦-陽明,2024-06-21,9604
6213,聯茂,61,25,36,富邦-陽明,2024-06-21,9604
00929,復華台灣科技優息,951,365,586,富邦-陽明,2024-06-24,9604
1802,台玻,513,2,511,富邦-陽明,2024-06-24,9604
00937B,群益ESG投等債20,480,28,452,富邦-陽明,2024-06-24,9604
00919,群益台灣精選高息,894,472,422,富邦-陽明,2024-06-24,9604
00936,台新永續高息中小,423,6,417,富邦-陽明,2024-06-24,9604
00676R,富邦臺灣加權反1,350,5,345,富邦-陽明,2024-06-24,9604
2353,宏��,260,18,242,富邦-陽明,2024-06-24,9604
3481,群創,1157,948,209,富邦-陽明,2024-06-24,9604
2330,台積電,261,76,185,富邦-陽明,2024-06-24,9604
00665L,富邦�琤肭磪囓�2,260,102,158,富邦-陽明,2024-06-24,9604
2382,廣達,170,32,138,富邦-陽明,2024-06-24,9604
00878,國泰永續高股息,163,26,137,富邦-陽明,2024-06-24,9604
8105,凌巨,184,49,135,富邦-陽明,2024-06-24,9604
2615,萬海,229,118,111,富邦-陽明,2024-06-24,9604
1785,光洋科,293,189,104,富邦-陽明,2024-06-24,9604
5864,致和證,93,0,93,富邦-陽明,2024-06-24,9604
01004T,土銀富邦R2,91,0,91,富邦-陽明,2024-06-24,9604
2303,聯電,112,22,90,富邦-陽明,2024-06-24,9604
2392,正崴,99,11,88,富邦-陽明,2024-06-24,9604
1325,恆大,87,3,84,富邦-陽明,2024-06-24,9604
00882,中信中國高股息,86,9,77,富邦-陽明,2024-06-24,9604
1409,新纖,110,34,76,富邦-陽明,2024-06-24,9604
6127,九豪,89,14,75,富邦-陽明,2024-06-24,9604
00656R,國泰中國A50反1,73,0,73,富邦-陽明,2024-06-24,9604
6284,佳邦,78,8,70,富邦-陽明,2024-06-24,9604
2347,聯強,73,7,66,富邦-陽明,2024-06-24,9604
8112,至上,86,22,64,富邦-陽明,2024-06-24,9604
1605,華新,80,17,63,富邦-陽明,2024-06-24,9604
00713,元大台灣高息低波,71,11,60,富邦-陽明,2024-06-24,9604
2609,陽明,135,76,59,富邦-陽明,2024-06-24,9604
00680L,元大美債20正2,69,10,59,富邦-陽明,2024-06-24,9604
2610,華航,122,65,57,富邦-陽明,2024-06-24,9604
2489,瑞軒,149,93,56,富邦-陽明,2024-06-24,9604
2324,仁寶,67,11,56,富邦-陽明,2024-06-24,9604
00638R,元大滬深300反1,56,0,56,富邦-陽明,2024-06-24,9604
2888,新光金,155,100,55,富邦-陽明,2024-06-24,9604
6173,信昌電,81,28,53,富邦-陽明,2024-06-24,9604
2405,輔信,54,2,52,富邦-陽明,2024-06-24,9604
2002,中鋼,67,16,51,富邦-陽明,2024-06-24,9604
00947,台新臺灣IC設計,50,0,50,富邦-陽明,2024-06-24,9604
1301,台塑,66,17,49,富邦-陽明,2024-06-24,9604
006208,富邦台50,62,13,49,富邦-陽明,2024-06-24,9604
6290,良維,60,12,48,富邦-陽明,2024-06-24,9604
2313,華通,77,30,47,富邦-陽明,2024-06-24,9604
2023,燁輝,50,3,47,富邦-陽明,2024-06-24,9604
2883,凱基金,53,7,46,富邦-陽明,2024-06-24,9604
00687B,國泰20年美債,108,62,46,富邦-陽明,2024-06-24,9604
9933,中鼎,60,14,46,富邦-陽明,2024-06-24,9604
2352,佳世達,50,6,44,富邦-陽明,2024-06-24,9604
0056,元大高股息,61,19,42,富邦-陽明,2024-06-24,9604
00632R,元大台灣50反1,1300,106,1194,富邦-陽明,2024-06-25,9604
3481,群創,1309,508,801,富邦-陽明,2024-06-25,9604
2409,友達,575,57,518,富邦-陽明,2024-06-25,9604
1314,中石化,531,72,459,富邦-陽明,2024-06-25,9604
4566,時碩工業,863,596,267,富邦-陽明,2024-06-25,9604
2883,凱基金,261,35,226,富邦-陽明,2024-06-25,9604
2303,聯電,288,111,177,富邦-陽明,2024-06-25,9604
2324,仁寶,148,42,106,富邦-陽明,2024-06-25,9604
3231,緯創,140,46,94,富邦-陽明,2024-06-25,9604
2344,華邦電,113,27,86,富邦-陽明,2024-06-25,9604
00713,元大台灣高息低波,93,7,86,富邦-陽明,2024-06-25,9604
00942B,台新美A公司債20+,83,0,83,富邦-陽明,2024-06-25,9604
2317,鴻海,225,145,80,富邦-陽明,2024-06-25,9604
2406,國碩,117,41,76,富邦-陽明,2024-06-25,9604
00830,國泰費城半導體,81,7,74,富邦-陽明,2024-06-25,9604
6116,彩晶,90,17,73,富邦-陽明,2024-06-25,9604
3047,訊舟,94,23,71,富邦-陽明,2024-06-25,9604
8110,華東,143,74,69,富邦-陽明,2024-06-25,9604
2834,臺企銀,107,39,68,富邦-陽明,2024-06-25,9604
8936,國統,116,50,66,富邦-陽明,2024-06-25,9604
3624,光頡,72,7,65,富邦-陽明,2024-06-25,9604
2903,遠百,67,5,62,富邦-陽明,2024-06-25,9604
3037,欣興,60,2,58,富邦-陽明,2024-06-25,9604
1474,弘裕,60,4,56,富邦-陽明,2024-06-25,9604
1217,愛之味,70,15,55,富邦-陽明,2024-06-25,9604
8096,擎亞,82,28,54,富邦-陽明,2024-06-25,9604
6457,紘康,58,4,54,富邦-陽明,2024-06-25,9604
6806,森崴能源,134,82,52,富邦-陽明,2024-06-25,9604
3033,威健,56,4,52,富邦-陽明,2024-06-25,9604
1721,三晃,50,0,50,富邦-陽明,2024-06-25,9604
8039,台虹,52,2,50,富邦-陽明,2024-06-25,9604
00946,群益科技高息成長,51,3,48,富邦-陽明,2024-06-25,9604
00720B,元大投資級公司債,53,5,48,富邦-陽明,2024-06-25,9604
1815,富喬,108,62,46,富邦-陽明,2024-06-25,9604
2331,精英,48,3,45,富邦-陽明,2024-06-25,9604
0056,元大高股息,90,46,44,富邦-陽明,2024-06-25,9604
2882,國泰金,61,16,45,富邦-陽明,2024-06-25,9604
2891,中信金,50,6,44,富邦-陽明,2024-06-25,9604
00637L,元大滬深300正2,56,13,43,富邦-陽明,2024-06-25,9604
1301,台塑,65,22,43,富邦-陽明,2024-06-25,9604
00918,大華優利高填息30,58,15,43,富邦-陽明,2024-06-25,9604
00915,凱基優選高股息30,63,20,43,富邦-陽明,2024-06-25,9604
2330,台積電,92,50,42,富邦-陽明,2024-06-25,9604
2022,聚亨,40,0,40,富邦-陽明,2024-06-25,9604
1326,台化,57,22,35,富邦-陽明,2024-06-25,9604
6257,矽格,92,57,35,富邦-陽明,2024-06-25,9604
2377,微星,35,1,34,富邦-陽明,2024-06-25,9604
00936,台新永續高息中小,76,42,34,富邦-陽明,2024-06-25,9604
2515,中工,38,5,33,富邦-陽明,2024-06-25,9604
00944,野村趨勢動能高息,34,1,33,富邦-陽明,2024-06-25,9604
00632R,元大台灣50反1,1023,371,652,富邦-陽明,2024-06-26,9604
00929,復華台灣科技優息,678,71,607,富邦-陽明,2024-06-26,9604
2409,友達,346,11,335,富邦-陽明,2024-06-26,9604
1802,台玻,222,12,210,富邦-陽明,2024-06-26,9604
5443,均豪,225,45,180,富邦-陽明,2024-06-26,9604
2801,彰銀,173,0,173,富邦-陽明,2024-06-26,9604
2888,新光金,141,8,133,富邦-陽明,2024-06-26,9604
00936,台新永續高息中小,205,75,130,富邦-陽明,2024-06-26,9604
0056,元大高股息,145,15,130,富邦-陽明,2024-06-26,9604
3035,智原,191,68,123,富邦-陽明,2024-06-26,9604
00946,群益科技高息成長,122,0,122,富邦-陽明,2024-06-26,9604
2609,陽明,190,71,119,富邦-陽明,2024-06-26,9604
2353,宏��,161,43,118,富邦-陽明,2024-06-26,9604
1301,台塑,145,32,113,富邦-陽明,2024-06-26,9604
2002,中鋼,112,7,105,富邦-陽明,2024-06-26,9604
00679B,元大美債20年,131,28,103,富邦-陽明,2024-06-26,9604
2317,鴻海,275,173,102,富邦-陽明,2024-06-26,9604
1514,亞力,387,291,96,富邦-陽明,2024-06-26,9604
00687B,國泰20年美債,147,51,96,富邦-陽明,2024-06-26,9604
2882,國泰金,104,10,94,富邦-陽明,2024-06-26,9604
3419,譁裕,114,23,91,富邦-陽明,2024-06-26,9604
1434,福懋,90,1,89,富邦-陽明,2024-06-26,9604
2467,志聖,110,22,88,富邦-陽明,2024-06-26,9604
00713,元大台灣高息低波,86,0,86,富邦-陽明,2024-06-26,9604
00878,國泰永續高股息,115,30,85,富邦-陽明,2024-06-26,9604
2388,威盛,84,1,83,富邦-陽明,2024-06-26,9604
2883,凱基金,138,59,79,富邦-陽明,2024-06-26,9604
2371,大同,101,27,74,富邦-陽明,2024-06-26,9604
6957,裕慶-KY,74,3,71,富邦-陽明,2024-06-26,9604
2027,大成鋼,88,19,69,富邦-陽明,2024-06-26,9604
2495,普安,70,3,67,富邦-陽明,2024-06-26,9604
1609,大亞,110,43,67,富邦-陽明,2024-06-26,9604
1312,國喬,68,2,66,富邦-陽明,2024-06-26,9604
00720B,元大投資級公司債,67,2,65,富邦-陽明,2024-06-26,9604
2449,京元電子,158,96,62,富邦-陽明,2024-06-26,9604
00937B,群益ESG投等債20,196,136,60,富邦-陽明,2024-06-26,9604
2347,聯強,63,2,61,富邦-陽明,2024-06-26,9604
6591,動力-KY,55,0,55,富邦-陽明,2024-06-26,9604
00712,復華富時不動產,62,7,55,富邦-陽明,2024-06-26,9604
4142,國光生,57,5,52,富邦-陽明,2024-06-26,9604
5905,南仁湖,65,14,51,富邦-陽明,2024-06-26,9604
4526,東台,103,53,50,富邦-陽明,2024-06-26,9604
2354,鴻準,109,60,49,富邦-陽明,2024-06-26,9604
4904,遠傳,51,2,49,富邦-陽明,2024-06-26,9604
2537,聯上發,52,4,48,富邦-陽明,2024-06-26,9604
9958,世紀鋼,198,152,46,富邦-陽明,2024-06-26,9604
1503,士電,70,25,45,富邦-陽明,2024-06-26,9604
00941,中信上游半導體,61,16,45,富邦-陽明,2024-06-26,9604
3535,晶彩科,106,61,45,富邦-陽明,2024-06-26,9604
2392,正崴,297,252,45,富邦-陽明,2024-06-26,9604
00937B,群益ESG投等債20,1092,90,1002,富邦-陽明,2024-06-27,9604
00632R,元大台灣50反1,451,100,351,富邦-陽明,2024-06-27,9604
00687B,國泰20年美債,359,23,336,富邦-陽明,2024-06-27,9604
4938,和碩,343,20,323,富邦-陽明,2024-06-27,9604
3481,群創,428,108,320,富邦-陽明,2024-06-27,9604
2885,元大金,455,193,262,富邦-陽明,2024-06-27,9604
00929,復華台灣科技優息,339,88,251,富邦-陽明,2024-06-27,9604
2324,仁寶,238,3,235,富邦-陽明,2024-06-27,9604
1314,中石化,212,8,204,富邦-陽明,2024-06-27,9604
4167,松瑞藥,270,78,192,富邦-陽明,2024-06-27,9604
3260,威剛,205,21,184,富邦-陽明,2024-06-27,9604
00936,台新永續高息中小,184,3,181,富邦-陽明,2024-06-27,9604
00650L,復華香港正2,271,95,176,富邦-陽明,2024-06-27,9604
3047,訊舟,422,252,170,富邦-陽明,2024-06-27,9604
00679B,元大美債20年,196,27,169,富邦-陽明,2024-06-27,9604
00665L,富邦�琤肭磪囓�2,204,39,165,富邦-陽明,2024-06-27,9604
4123,晟德,176,22,154,富邦-陽明,2024-06-27,9604
00940,元大台灣價值高息,485,342,143,富邦-陽明,2024-06-27,9604
1101,台泥,148,6,142,富邦-陽明,2024-06-27,9604
00948B,中信優息投資級債,139,0,139,富邦-陽明,2024-06-27,9604
00915,凱基優選高股息30,129,5,124,富邦-陽明,2024-06-27,9604
00946,群益科技高息成長,80,0,80,富邦-陽明,2024-06-27,9604
8110,華東,118,39,79,富邦-陽明,2024-06-27,9604
1785,光洋科,203,126,77,富邦-陽明,2024-06-27,9604
2615,萬海,136,59,77,富邦-陽明,2024-06-27,9604
3615,安可,82,12,70,富邦-陽明,2024-06-27,9604
4109,加捷生醫,83,14,69,富邦-陽明,2024-06-27,9604
2883,凱基金,388,321,67,富邦-陽明,2024-06-27,9604
2208,台船,70,3,67,富邦-陽明,2024-06-27,9604
1434,福懋,57,0,57,富邦-陽明,2024-06-27,9604
2002,中鋼,80,24,56,富邦-陽明,2024-06-27,9604
00713,元大台灣高息低波,58,2,56,富邦-陽明,2024-06-27,9604
00688L,國泰20年美債正2,55,0,55,富邦-陽明,2024-06-27,9604
00878,國泰永續高股息,102,47,55,富邦-陽明,2024-06-27,9604
8033,雷虎,62,9,53,富邦-陽明,2024-06-27,9604
9904,寶成,51,0,51,富邦-陽明,2024-06-27,9604
2374,佳能,60,10,50,富邦-陽明,2024-06-27,9604
9136,巨騰-DR,77,28,49,富邦-陽明,2024-06-27,9604
2504,國產,58,10,48,富邦-陽明,2024-06-27,9604
00680L,元大美債20正2,53,5,48,富邦-陽明,2024-06-27,9604
00882,中信中國高股息,53,6,47,富邦-陽明,2024-06-27,9604
2603,長榮,126,79,47,富邦-陽明,2024-06-27,9604
2201,裕隆,46,2,44,富邦-陽明,2024-06-27,9604
00919,群益台灣精選高息,301,257,44,富邦-陽明,2024-06-27,9604
2301,光寶科,90,47,43,富邦-陽明,2024-06-27,9604
00857B,永豐20年美公債,40,0,40,富邦-陽明,2024-06-27,9604
00720B,元大投資級公司債,84,45,39,富邦-陽明,2024-06-27,9604
2515,中工,67,28,39,富邦-陽明,2024-06-27,9604
0056,元大高股息,50,13,37,富邦-陽明,2024-06-27,9604
3227,原相,65,29,36,富邦-陽明,2024-06-27,9604
2406,國碩,731,324,407,富邦-陽明,2024-06-28,9604
9958,世紀鋼,551,272,279,富邦-陽明,2024-06-28,9604
3402,漢科,286,15,271,富邦-陽明,2024-06-28,9604
00687B,國泰20年美債,296,40,256,富邦-陽明,2024-06-28,9604
00929,復華台灣科技優息,341,104,237,富邦-陽明,2024-06-28,9604
00937B,群益ESG投等債20,257,23,234,富邦-陽明,2024-06-28,9604
00919,群益台灣精選高息,284,55,229,富邦-陽明,2024-06-28,9604
00676R,富邦臺灣加權反1,211,0,211,富邦-陽明,2024-06-28,9604
00679B,元大美債20年,171,23,148,富邦-陽明,2024-06-28,9604
2883,凱基金,227,80,147,富邦-陽明,2024-06-28,9604
2618,長榮航,245,101,144,富邦-陽明,2024-06-28,9604
6443,元晶,962,849,113,富邦-陽明,2024-06-28,9604
2317,鴻海,179,72,107,富邦-陽明,2024-06-28,9604
3714,富采,109,3,106,富邦-陽明,2024-06-28,9604
00946,群益科技高息成長,119,23,96,富邦-陽明,2024-06-28,9604
6244,茂迪,269,173,96,富邦-陽明,2024-06-28,9604
00680L,元大美債20正2,137,50,87,富邦-陽明,2024-06-28,9604
3481,群創,195,110,85,富邦-陽明,2024-06-28,9604
00688L,國泰20年美債正2,97,15,82,富邦-陽明,2024-06-28,9604
00936,台新永續高息中小,106,27,79,富邦-陽明,2024-06-28,9604
00712,復華富時不動產,107,31,76,富邦-陽明,2024-06-28,9604
00720B,元大投資級公司債,76,2,74,富邦-陽明,2024-06-28,9604
2610,華航,174,103,71,富邦-陽明,2024-06-28,9604
2337,旺宏,1416,1348,68,富邦-陽明,2024-06-28,9604
3264,欣銓,65,2,63,富邦-陽明,2024-06-28,9604
2301,光寶科,100,39,61,富邦-陽明,2024-06-28,9604
1785,光洋科,122,66,56,富邦-陽明,2024-06-28,9604
2324,仁寶,61,7,54,富邦-陽明,2024-06-28,9604
00752,中信中國50,60,8,52,富邦-陽明,2024-06-28,9604
2615,萬海,91,45,46,富邦-陽明,2024-06-28,9604
3057,喬鼎,58,12,46,富邦-陽明,2024-06-28,9604
6147,頎邦,54,9,45,富邦-陽明,2024-06-28,9604
5443,均豪,144,100,44,富邦-陽明,2024-06-28,9604
4707,磐亞,52,9,43,富邦-陽明,2024-06-28,9604
1326,台化,44,3,41,富邦-陽明,2024-06-28,9604
2537,聯上發,43,2,41,富邦-陽明,2024-06-28,9604
00941,中信上游半導體,91,51,40,富邦-陽明,2024-06-28,9604
2542,興富發,59,20,39,富邦-陽明,2024-06-28,9604
3037,欣興,39,1,38,富邦-陽明,2024-06-28,9604
0056,元大高股息,55,18,37,富邦-陽明,2024-06-28,9604
00926,凱基全球菁英55,36,0,36,富邦-陽明,2024-06-28,9604
6139,亞翔,80,46,34,富邦-陽明,2024-06-28,9604
1101,台泥,59,25,34,富邦-陽明,2024-06-28,9604
8027,鈦昇,44,11,33,富邦-陽明,2024-06-28,9604
00915,凱基優選高股息30,37,4,33,富邦-陽明,2024-06-28,9604
3048,益登,70,39,31,富邦-陽明,2024-06-28,9604
3516,亞帝歐,32,1,31,富邦-陽明,2024-06-28,9604
5324,士開,30,0,30,富邦-陽明,2024-06-28,9604
2103,台橡,30,0,30,富邦-陽明,2024-06-28,9604
8028,昇陽半導體,103,74,29,富邦-陽明,2024-06-28,9604
00937B,群益ESG投等債20,1048,25,1023,富邦-陽明,2024-07-01,9604
00929,復華台灣科技優息,1132,142,990,富邦-陽明,2024-07-01,9604
00687B,國泰20年美債,446,78,368,富邦-陽明,2024-07-01,9604
00680L,元大美債20正2,349,11,338,富邦-陽明,2024-07-01,9604
00720B,元大投資級公司債,287,10,277,富邦-陽明,2024-07-01,9604
3402,漢科,242,4,238,富邦-陽明,2024-07-01,9604
00688L,國泰20年美債正2,222,10,212,富邦-陽明,2024-07-01,9604
2313,華通,238,39,199,富邦-陽明,2024-07-01,9604
2324,仁寶,204,16,188,富邦-陽明,2024-07-01,9604
00919,群益台灣精選高息,368,189,179,富邦-陽明,2024-07-01,9604
6770,力積電,212,40,172,富邦-陽明,2024-07-01,9604
00679B,元大美債20年,271,119,152,富邦-陽明,2024-07-01,9604
2882,國泰金,184,48,136,富邦-陽明,2024-07-01,9604
00942B,台新美A公司債20+,134,0,134,富邦-陽明,2024-07-01,9604
00948B,中信優息投資級債,140,7,133,富邦-陽明,2024-07-01,9604
00665L,富邦�琤肭磪囓�2,130,14,116,富邦-陽明,2024-07-01,9604
0056,元大高股息,193,81,112,富邦-陽明,2024-07-01,9604
2883,凱基金,215,106,109,富邦-陽明,2024-07-01,9604
2834,臺企銀,113,14,99,富邦-陽明,2024-07-01,9604
00936,台新永續高息中小,352,256,96,富邦-陽明,2024-07-01,9604
2801,彰銀,101,15,86,富邦-陽明,2024-07-01,9604
00751B,元大AAA至A公司債,91,5,86,富邦-陽明,2024-07-01,9604
2352,佳世達,102,26,76,富邦-陽明,2024-07-01,9604
00772B,中信高評級公司債,76,1,75,富邦-陽明,2024-07-01,9604
00795B,中信美國公債20年,90,18,72,富邦-陽明,2024-07-01,9604
00915,凱基優選高股息30,72,0,72,富邦-陽明,2024-07-01,9604
2615,萬海,223,156,67,富邦-陽明,2024-07-01,9604
00637L,元大滬深300正2,95,28,67,富邦-陽明,2024-07-01,9604
6443,元晶,82,15,67,富邦-陽明,2024-07-01,9604
00632R,元大台灣50反1,104,37,67,富邦-陽明,2024-07-01,9604
9958,世紀鋼,173,110,63,富邦-陽明,2024-07-01,9604
00933B,國泰10Y+金融債,83,23,60,富邦-陽明,2024-07-01,9604
8431,匯鑽科,60,0,60,富邦-陽明,2024-07-01,9604
00753L,中信中國50正2,60,3,57,富邦-陽明,2024-07-01,9604
3481,群創,174,119,55,富邦-陽明,2024-07-01,9604
2836,高雄銀,57,4,53,富邦-陽明,2024-07-01,9604
8473,山林水,70,18,52,富邦-陽明,2024-07-01,9604
00706L,期元大S＆P日圓正2,51,0,51,富邦-陽明,2024-07-01,9604
3024,憶聲,72,22,50,富邦-陽明,2024-07-01,9604
1301,台塑,72,23,49,富邦-陽明,2024-07-01,9604
1514,亞力,86,39,47,富邦-陽明,2024-07-01,9604
2409,友達,71,26,45,富邦-陽明,2024-07-01,9604
2365,昆盈,432,389,43,富邦-陽明,2024-07-01,9604
1609,大亞,85,42,43,富邦-陽明,2024-07-01,9604
3520,華盈,53,10,43,富邦-陽明,2024-07-01,9604
1802,台玻,54,11,43,富邦-陽明,2024-07-01,9604
8996,高力,44,1,43,富邦-陽明,2024-07-01,9604
2353,宏��,81,42,39,富邦-陽明,2024-07-01,9604
6188,廣明,103,65,38,富邦-陽明,2024-07-01,9604
3105,穩懋,378,340,38,富邦-陽明,2024-07-01,9604
00934,中信成長高股息,1052,18,1034,富邦-陽明,2024-07-02,9604
2317,鴻海,732,123,609,富邦-陽明,2024-07-02,9604
2303,聯電,664,104,560,富邦-陽明,2024-07-02,9604
00927,群益半導體收益,431,23,408,富邦-陽明,2024-07-02,9604
9105,泰金寶-DR,371,47,324,富邦-陽明,2024-07-02,9604
00929,復華台灣科技優息,1036,720,316,富邦-陽明,2024-07-02,9604
2618,長榮航,529,259,270,富邦-陽明,2024-07-02,9604
00948B,中信優息投資級債,228,0,228,富邦-陽明,2024-07-02,9604
00687B,國泰20年美債,255,31,224,富邦-陽明,2024-07-02,9604
00679B,元大美債20年,268,45,223,富邦-陽明,2024-07-02,9604
00900,富邦特選高股息30,201,7,194,富邦-陽明,2024-07-02,9604
00937B,群益ESG投等債20,238,46,192,富邦-陽明,2024-07-02,9604
00632R,元大台灣50反1,202,30,172,富邦-陽明,2024-07-02,9604
00673R,期元大S＆P原油反1,171,0,171,富邦-陽明,2024-07-02,9604
00680L,元大美債20正2,161,4,157,富邦-陽明,2024-07-02,9604
2609,陽明,312,158,154,富邦-陽明,2024-07-02,9604
00706L,期元大S＆P日圓正2,153,0,153,富邦-陽明,2024-07-02,9604
2520,冠德,132,2,130,富邦-陽明,2024-07-02,9604
00720B,元大投資級公司債,185,57,128,富邦-陽明,2024-07-02,9604
00688L,國泰20年美債正2,121,0,121,富邦-陽明,2024-07-02,9604
3481,群創,171,56,115,富邦-陽明,2024-07-02,9604
2301,光寶科,143,43,100,富邦-陽明,2024-07-02,9604
2002,中鋼,125,25,100,富邦-陽明,2024-07-02,9604
00931B,統一美債20年,111,20,91,富邦-陽明,2024-07-02,9604
1785,光洋科,154,65,89,富邦-陽明,2024-07-02,9604
2327,國巨,85,1,84,富邦-陽明,2024-07-02,9604
2611,志信,84,2,82,富邦-陽明,2024-07-02,9604
8112,至上,86,9,77,富邦-陽明,2024-07-02,9604
2515,中工,86,11,75,富邦-陽明,2024-07-02,9604
00712,復華富時不動產,74,0,74,富邦-陽明,2024-07-02,9604
2354,鴻準,88,16,72,富邦-陽明,2024-07-02,9604
1532,勤美,70,0,70,富邦-陽明,2024-07-02,9604
00725B,國泰投資級公司債,67,0,67,富邦-陽明,2024-07-02,9604
6156,松上,63,0,63,富邦-陽明,2024-07-02,9604
1303,南亞,67,5,62,富邦-陽明,2024-07-02,9604
00905,FT臺灣Smart,59,0,59,富邦-陽明,2024-07-02,9604
2543,皇昌,88,31,57,富邦-陽明,2024-07-02,9604
2449,京元電子,102,46,56,富邦-陽明,2024-07-02,9604
6257,矽格,105,51,54,富邦-陽明,2024-07-02,9604
8473,山林水,112,59,53,富邦-陽明,2024-07-02,9604
6285,啟��,76,24,52,富邦-陽明,2024-07-02,9604
00945B,凱基美國非投等債,51,0,51,富邦-陽明,2024-07-02,9604
3702,大聯大,90,41,49,富邦-陽明,2024-07-02,9604
6127,九豪,64,16,48,富邦-陽明,2024-07-02,9604
3520,華盈,87,40,47,富邦-陽明,2024-07-02,9604
2201,裕隆,48,1,47,富邦-陽明,2024-07-02,9604
2324,仁寶,97,50,47,富邦-陽明,2024-07-02,9604
6869,雲豹能源,61,19,42,富邦-陽明,2024-07-02,9604
3711,日月光投控,47,5,42,富邦-陽明,2024-07-02,9604
00915,凱基優選高股息30,41,0,41,富邦-陽明,2024-07-02,9604
00934,中信成長高股息,853,40,813,富邦-陽明,2024-07-03,9604
2609,陽明,745,179,566,富邦-陽明,2024-07-03,9604
5443,均豪,529,200,329,富邦-陽明,2024-07-03,9604
00927,群益半導體收益,248,4,244,富邦-陽明,2024-07-03,9604
3047,訊舟,374,148,226,富邦-陽明,2024-07-03,9604
00679B,元大美債20年,238,36,202,富邦-陽明,2024-07-03,9604
00632R,元大台灣50反1,206,12,194,富邦-陽明,2024-07-03,9604
3576,聯合再生,780,598,182,富邦-陽明,2024-07-03,9604
00680L,元大美債20正2,184,4,180,富邦-陽明,2024-07-03,9604
2317,鴻海,331,164,167,富邦-陽明,2024-07-03,9604
9105,泰金寶-DR,348,228,120,富邦-陽明,2024-07-03,9604
2303,聯電,201,82,119,富邦-陽明,2024-07-03,9604
2312,金寶,122,11,111,富邦-陽明,2024-07-03,9604
2495,普安,166,66,100,富邦-陽明,2024-07-03,9604
00688L,國泰20年美債正2,95,0,95,富邦-陽明,2024-07-03,9604
3703,欣陸,85,0,85,富邦-陽明,2024-07-03,9604
2615,萬海,197,114,83,富邦-陽明,2024-07-03,9604
2352,佳世達,86,8,78,富邦-陽明,2024-07-03,9604
00945B,凱基美國非投等債,76,0,76,富邦-陽明,2024-07-03,9604
8064,東捷,101,41,60,富邦-陽明,2024-07-03,9604
2412,中華電,73,14,59,富邦-陽明,2024-07-03,9604
2393,億光,78,19,59,富邦-陽明,2024-07-03,9604
4906,正文,93,42,51,富邦-陽明,2024-07-03,9604
00937B,群益ESG投等債20,194,144,50,富邦-陽明,2024-07-03,9604
4961,天鈺,57,13,44,富邦-陽明,2024-07-03,9604
6806,森崴能源,125,81,44,富邦-陽明,2024-07-03,9604
1447,力鵬,57,15,42,富邦-陽明,2024-07-03,9604
00857B,永豐20年美公債,45,3,42,富邦-陽明,2024-07-03,9604
00881,國泰台灣5G+,48,6,42,富邦-陽明,2024-07-03,9604
2402,毅嘉,118,76,42,富邦-陽明,2024-07-03,9604
8096,擎亞,55,14,41,富邦-陽明,2024-07-03,9604
2537,聯上發,106,65,41,富邦-陽明,2024-07-03,9604
2618,長榮航,239,199,40,富邦-陽明,2024-07-03,9604
00936,台新永續高息中小,47,8,39,富邦-陽明,2024-07-03,9604
00687B,國泰20年美債,106,69,37,富邦-陽明,2024-07-03,9604
2897,王道銀行,60,23,37,富邦-陽明,2024-07-03,9604
00753L,中信中國50正2,47,10,37,富邦-陽明,2024-07-03,9604
6156,松上,36,0,36,富邦-陽明,2024-07-03,9604
1514,亞力,53,17,36,富邦-陽明,2024-07-03,9604
3516,亞帝歐,41,6,35,富邦-陽明,2024-07-03,9604
1529,樂事綠能,44,9,35,富邦-陽明,2024-07-03,9604
1785,光洋科,225,191,34,富邦-陽明,2024-07-03,9604
912000,晨訊科-DR,35,1,34,富邦-陽明,2024-07-03,9604
5876,上海商銀,42,11,31,富邦-陽明,2024-07-03,9604
2002,中鋼,35,5,30,富邦-陽明,2024-07-03,9604
4109,加捷生醫,63,33,30,富邦-陽明,2024-07-03,9604
8431,匯鑽科,30,0,30,富邦-陽明,2024-07-03,9604
3455,由田,77,48,29,富邦-陽明,2024-07-03,9604
2070,精湛,30,1,29,富邦-陽明,2024-07-03,9604
00948B,中信優息投資級債,29,0,29,富邦-陽明,2024-07-03,9604
00933B,國泰10Y+金融債,493,33,460,富邦-陽明,2024-07-04,9604
00632R,元大台灣50反1,476,36,440,富邦-陽明,2024-07-04,9604
00937B,群益ESG投等債20,532,161,371,富邦-陽明,2024-07-04,9604
2412,中華電,323,11,312,富邦-陽明,2024-07-04,9604
00687B,國泰20年美債,290,8,282,富邦-陽明,2024-07-04,9604
2349,錸德,273,52,221,富邦-陽明,2024-07-04,9604
00934,中信成長高股息,192,5,187,富邦-陽明,2024-07-04,9604
3260,威剛,199,27,172,富邦-陽明,2024-07-04,9604
1536,和大,207,46,161,富邦-陽明,2024-07-04,9604
2609,陽明,201,58,143,富邦-陽明,2024-07-04,9604
2615,萬海,154,36,118,富邦-陽明,2024-07-04,9604
2393,億光,112,3,109,富邦-陽明,2024-07-04,9604
00665L,富邦�琤肭磪囓�2,291,183,108,富邦-陽明,2024-07-04,9604
5347,世界,114,12,102,富邦-陽明,2024-07-04,9604
2405,輔信,283,181,102,富邦-陽明,2024-07-04,9604
2618,長榮航,467,367,100,富邦-陽明,2024-07-04,9604
00949,復華日本龍頭,111,12,99,富邦-陽明,2024-07-04,9604
00679B,元大美債20年,121,26,95,富邦-陽明,2024-07-04,9604
9958,世紀鋼,135,47,88,富邦-陽明,2024-07-04,9604
1785,光洋科,427,344,83,富邦-陽明,2024-07-04,9604
3231,緯創,200,118,82,富邦-陽明,2024-07-04,9604
00929,復華台灣科技優息,243,164,79,富邦-陽明,2024-07-04,9604
3583,辛耘,123,48,75,富邦-陽明,2024-07-04,9604
6156,松上,75,0,75,富邦-陽明,2024-07-04,9604
6217,中探針,74,7,67,富邦-陽明,2024-07-04,9604
9105,泰金寶-DR,134,67,67,富邦-陽明,2024-07-04,9604
1815,富喬,120,54,66,富邦-陽明,2024-07-04,9604
3455,由田,87,22,65,富邦-陽明,2024-07-04,9604
4109,加捷生醫,126,62,64,富邦-陽明,2024-07-04,9604
2354,鴻準,149,86,63,富邦-陽明,2024-07-04,9604
4114,健喬,65,3,62,富邦-陽明,2024-07-04,9604
2547,日勝生,58,1,57,富邦-陽明,2024-07-04,9604
2324,仁寶,85,31,54,富邦-陽明,2024-07-04,9604
00936,台新永續高息中小,54,0,54,富邦-陽明,2024-07-04,9604
8064,東捷,118,64,54,富邦-陽明,2024-07-04,9604
9945,潤泰新,59,10,49,富邦-陽明,2024-07-04,9604
3615,安可,174,125,49,富邦-陽明,2024-07-04,9604
00882,中信中國高股息,71,23,48,富邦-陽明,2024-07-04,9604
00891,中信關鍵半導體,81,34,47,富邦-陽明,2024-07-04,9604
3094,聯傑,47,0,47,富邦-陽明,2024-07-04,9604
2365,昆盈,59,14,45,富邦-陽明,2024-07-04,9604
00935,野村臺灣新科技50,57,12,45,富邦-陽明,2024-07-04,9604
8096,擎亞,57,13,44,富邦-陽明,2024-07-04,9604
8121,越峰,46,4,42,富邦-陽明,2024-07-04,9604
00720B,元大投資級公司債,40,0,40,富邦-陽明,2024-07-04,9604
2913,農林,73,33,40,富邦-陽明,2024-07-04,9604
3520,華盈,62,23,39,富邦-陽明,2024-07-04,9604
00915,凱基優選高股息30,37,0,37,富邦-陽明,2024-07-04,9604
5512,力麒,41,4,37,富邦-陽明,2024-07-04,9604
5392,能率,66,31,35,富邦-陽明,2024-07-04,9604
2618,長榮航,615,121,494,富邦-陽明,2024-07-05,9604
00665L,富邦�琤肭磪囓�2,502,79,423,富邦-陽明,2024-07-05,9604
00934,中信成長高股息,364,3,361,富邦-陽明,2024-07-05,9604
00676R,富邦臺灣加權反1,300,13,287,富邦-陽明,2024-07-05,9604
00637L,元大滬深300正2,290,31,259,富邦-陽明,2024-07-05,9604
2801,彰銀,212,8,204,富邦-陽明,2024-07-05,9604
2365,昆盈,246,85,161,富邦-陽明,2024-07-05,9604
00909,國泰數位支付服務,161,7,154,富邦-陽明,2024-07-05,9604
00937B,群益ESG投等債20,210,60,150,富邦-陽明,2024-07-05,9604
6187,萬潤,185,36,149,富邦-陽明,2024-07-05,9604
2402,毅嘉,143,17,126,富邦-陽明,2024-07-05,9604
00927,群益半導體收益,134,10,124,富邦-陽明,2024-07-05,9604
2603,長榮,641,519,122,富邦-陽明,2024-07-05,9604
4566,時碩工業,142,21,121,富邦-陽明,2024-07-05,9604
00679B,元大美債20年,128,11,117,富邦-陽明,2024-07-05,9604
00948B,中信優息投資級債,114,0,114,富邦-陽明,2024-07-05,9604
6446,藥華藥,123,12,111,富邦-陽明,2024-07-05,9604
2301,光寶科,112,4,108,富邦-陽明,2024-07-05,9604
1809,中釉,112,11,101,富邦-陽明,2024-07-05,9604
2883,凱基金,327,229,98,富邦-陽明,2024-07-05,9604
1802,台玻,111,15,96,富邦-陽明,2024-07-05,9604
1217,愛之味,116,23,93,富邦-陽明,2024-07-05,9604
2323,中環,152,59,93,富邦-陽明,2024-07-05,9604
1314,中石化,207,121,86,富邦-陽明,2024-07-05,9604
00687B,國泰20年美債,113,27,86,富邦-陽明,2024-07-05,9604
2609,陽明,135,56,79,富邦-陽明,2024-07-05,9604
3057,喬鼎,63,2,61,富邦-陽明,2024-07-05,9604
1504,東元,76,16,60,富邦-陽明,2024-07-05,9604
6509,聚和,70,11,59,富邦-陽明,2024-07-05,9604
2344,華邦電,189,130,59,富邦-陽明,2024-07-05,9604
00655L,國泰中國A50正2,143,85,58,富邦-陽明,2024-07-05,9604
00633L,富邦上証正2,89,33,56,富邦-陽明,2024-07-05,9604
3492,長盛,87,32,55,富邦-陽明,2024-07-05,9604
2610,華航,141,87,54,富邦-陽明,2024-07-05,9604
1444,力麗,67,14,53,富邦-陽明,2024-07-05,9604
2332,友訊,100,48,52,富邦-陽明,2024-07-05,9604
2353,宏��,71,19,52,富邦-陽明,2024-07-05,9604
912000,晨訊科-DR,51,0,51,富邦-陽明,2024-07-05,9604
3005,神基,54,7,47,富邦-陽明,2024-07-05,9604
2641,正德,55,9,46,富邦-陽明,2024-07-05,9604
4967,十銓,100,55,45,富邦-陽明,2024-07-05,9604
2002,中鋼,61,16,45,富邦-陽明,2024-07-05,9604
4532,瑞智,56,11,45,富邦-陽明,2024-07-05,9604
3360,尚立,45,1,44,富邦-陽明,2024-07-05,9604
5392,能率,110,66,44,富邦-陽明,2024-07-05,9604
6156,松上,46,3,43,富邦-陽明,2024-07-05,9604
2427,三商電,164,122,42,富邦-陽明,2024-07-05,9604
6127,九豪,96,54,42,富邦-陽明,2024-07-05,9604
1514,亞力,141,100,41,富邦-陽明,2024-07-05,9604
9958,世紀鋼,195,154,41,富邦-陽明,2024-07-05,9604
0056,元大高股息,700,53,647,富邦-陽明,2024-07-08,9604
1711,永光,432,4,428,富邦-陽明,2024-07-08,9604
2392,正崴,1192,779,413,富邦-陽明,2024-07-08,9604
00632R,元大台灣50反1,521,200,321,富邦-陽明,2024-07-08,9604
00934,中信成長高股息,325,5,320,富邦-陽明,2024-07-08,9604
2421,建準,322,3,319,富邦-陽明,2024-07-08,9604
2363,矽統,402,191,211,富邦-陽明,2024-07-08,9604
00929,復華台灣科技優息,343,143,200,富邦-陽明,2024-07-08,9604
00937B,群益ESG投等債20,394,210,184,富邦-陽明,2024-07-08,9604
2374,佳能,291,125,166,富邦-陽明,2024-07-08,9604
1785,光洋科,446,288,158,富邦-陽明,2024-07-08,9604
1104,環泥,154,0,154,富邦-陽明,2024-07-08,9604
3481,群創,419,281,138,富邦-陽明,2024-07-08,9604
1217,愛之味,170,32,138,富邦-陽明,2024-07-08,9604
2618,長榮航,247,114,133,富邦-陽明,2024-07-08,9604
00753L,中信中國50正2,116,2,114,富邦-陽明,2024-07-08,9604
2867,三商壽,129,20,109,富邦-陽明,2024-07-08,9604
00945B,凱基美國非投等債,103,2,101,富邦-陽明,2024-07-08,9604
3019,亞光,226,129,97,富邦-陽明,2024-07-08,9604
2412,中華電,82,1,81,富邦-陽明,2024-07-08,9604
3372,典範,107,26,81,富邦-陽明,2024-07-08,9604
2354,鴻準,189,112,77,富邦-陽明,2024-07-08,9604
2464,盟立,255,178,77,富邦-陽明,2024-07-08,9604
2515,中工,120,45,75,富邦-陽明,2024-07-08,9604
3057,喬鼎,76,2,74,富邦-陽明,2024-07-08,9604
6217,中探針,105,33,72,富邦-陽明,2024-07-08,9604
5202,力新,86,15,71,富邦-陽明,2024-07-08,9604
6126,信音,117,49,68,富邦-陽明,2024-07-08,9604
4916,事欣科,90,23,67,富邦-陽明,2024-07-08,9604
6187,萬潤,80,15,65,富邦-陽明,2024-07-08,9604
00905,FT臺灣Smart,65,4,61,富邦-陽明,2024-07-08,9604
2427,三商電,108,47,61,富邦-陽明,2024-07-08,9604
8033,雷虎,65,5,60,富邦-陽明,2024-07-08,9604
00713,元大台灣高息低波,89,29,60,富邦-陽明,2024-07-08,9604
00949,復華日本龍頭,60,1,59,富邦-陽明,2024-07-08,9604
6869,雲豹能源,72,13,59,富邦-陽明,2024-07-08,9604
2344,華邦電,104,45,59,富邦-陽明,2024-07-08,9604
1513,中興電,156,97,59,富邦-陽明,2024-07-08,9604
00924,復華S＆P500成長,58,0,58,富邦-陽明,2024-07-08,9604
5490,同亨,66,9,57,富邦-陽明,2024-07-08,9604
00936,台新永續高息中小,67,12,55,富邦-陽明,2024-07-08,9604
2417,圓剛,98,43,55,富邦-陽明,2024-07-08,9604
6770,力積電,88,34,54,富邦-陽明,2024-07-08,9604
2324,仁寶,68,17,51,富邦-陽明,2024-07-08,9604
3045,台灣大,51,0,51,富邦-陽明,2024-07-08,9604
6443,元晶,174,123,51,富邦-陽明,2024-07-08,9604
1514,亞力,81,35,46,富邦-陽明,2024-07-08,9604
3062,建漢,120,75,45,富邦-陽明,2024-07-08,9604
6213,聯茂,112,67,45,富邦-陽明,2024-07-08,9604
8121,越峰,44,0,44,富邦-陽明,2024-07-08,9604
2834,臺企銀,497,185,312,富邦-陽明,2024-07-09,9604
2421,建準,307,13,294,富邦-陽明,2024-07-09,9604
00934,中信成長高股息,282,20,262,富邦-陽明,2024-07-09,9604
2312,金寶,525,281,244,富邦-陽明,2024-07-09,9604
2353,宏��,266,34,232,富邦-陽明,2024-07-09,9604
3231,緯創,321,136,185,富邦-陽明,2024-07-09,9604
2609,陽明,235,73,162,富邦-陽明,2024-07-09,9604
2367,燿華,462,312,150,富邦-陽明,2024-07-09,9604
1104,環泥,151,1,150,富邦-陽明,2024-07-09,9604
2349,錸德,262,114,148,富邦-陽明,2024-07-09,9604
00936,台新永續高息中小,146,3,143,富邦-陽明,2024-07-09,9604
2883,凱基金,273,131,142,富邦-陽明,2024-07-09,9604
2317,鴻海,392,258,134,富邦-陽明,2024-07-09,9604
00927,群益半導體收益,158,26,132,富邦-陽明,2024-07-09,9604
1785,光洋科,224,107,117,富邦-陽明,2024-07-09,9604
2323,中環,165,49,116,富邦-陽明,2024-07-09,9604
4960,誠美材,155,40,115,富邦-陽明,2024-07-09,9604
6116,彩晶,121,11,110,富邦-陽明,2024-07-09,9604
00929,復華台灣科技優息,333,228,105,富邦-陽明,2024-07-09,9604
6789,采鈺,171,71,100,富邦-陽明,2024-07-09,9604
2606,裕民,100,1,99,富邦-陽明,2024-07-09,9604
2344,華邦電,124,25,99,富邦-陽明,2024-07-09,9604
00940,元大台灣價值高息,286,190,96,富邦-陽明,2024-07-09,9604
00637L,元大滬深300正2,116,21,95,富邦-陽明,2024-07-09,9604
2363,矽統,198,104,94,富邦-陽明,2024-07-09,9604
3260,威剛,98,13,85,富邦-陽明,2024-07-09,9604
9105,泰金寶-DR,737,654,83,富邦-陽明,2024-07-09,9604
8096,擎亞,122,41,81,富邦-陽明,2024-07-09,9604
3037,欣興,87,8,79,富邦-陽明,2024-07-09,9604
2449,京元電子,227,151,76,富邦-陽明,2024-07-09,9604
1605,華新,98,24,74,富邦-陽明,2024-07-09,9604
2543,皇昌,118,45,73,富邦-陽明,2024-07-09,9604
00713,元大台灣高息低波,83,12,71,富邦-陽明,2024-07-09,9604
8358,金居,72,3,69,富邦-陽明,2024-07-09,9604
6538,倉和,67,1,66,富邦-陽明,2024-07-09,9604
00946,群益科技高息成長,70,7,63,富邦-陽明,2024-07-09,9604
6603,富強鑫,173,110,63,富邦-陽明,2024-07-09,9604
3045,台灣大,63,1,62,富邦-陽明,2024-07-09,9604
2547,日勝生,63,5,58,富邦-陽明,2024-07-09,9604
2337,旺宏,74,18,56,富邦-陽明,2024-07-09,9604
00881,國泰台灣5G+,98,44,54,富邦-陽明,2024-07-09,9604
2330,台積電,83,28,55,富邦-陽明,2024-07-09,9604
3010,華立,51,2,49,富邦-陽明,2024-07-09,9604
2615,萬海,171,123,48,富邦-陽明,2024-07-09,9604
006208,富邦台50,54,8,46,富邦-陽明,2024-07-09,9604
3047,訊舟,267,221,46,富邦-陽明,2024-07-09,9604
2412,中華電,46,3,43,富邦-陽明,2024-07-09,9604
5469,瀚宇博,56,14,42,富邦-陽明,2024-07-09,9604
3050,鈺德,140,99,41,富邦-陽明,2024-07-09,9604
5328,華容,48,7,41,富邦-陽明,2024-07-09,9604
2618,長榮航,568,60,508,富邦-陽明,2024-07-10,9604
00632R,元大台灣50反1,441,20,421,富邦-陽明,2024-07-10,9604
00934,中信成長高股息,405,18,387,富邦-陽明,2024-07-10,9604
3673,TPK-KY,361,38,323,富邦-陽明,2024-07-10,9604
2392,正崴,1137,878,259,富邦-陽明,2024-07-10,9604
1809,中釉,240,35,205,富邦-陽明,2024-07-10,9604
00937B,群益ESG投等債20,506,322,184,富邦-陽明,2024-07-10,9604
6026,福邦證,171,8,163,富邦-陽明,2024-07-10,9604
4123,晟德,154,10,144,富邦-陽明,2024-07-10,9604
2312,金寶,282,153,129,富邦-陽明,2024-07-10,9604
00679B,元大美債20年,126,31,95,富邦-陽明,2024-07-10,9604
00891,中信關鍵半導體,108,14,94,富邦-陽明,2024-07-10,9604
4904,遠傳,89,4,85,富邦-陽明,2024-07-10,9604
9958,世紀鋼,92,8,84,富邦-陽明,2024-07-10,9604
00946,群益科技高息成長,93,10,83,富邦-陽明,2024-07-10,9604
1101,台泥,113,37,76,富邦-陽明,2024-07-10,9604
3037,欣興,82,6,76,富邦-陽明,2024-07-10,9604
00713,元大台灣高息低波,85,12,73,富邦-陽明,2024-07-10,9604
9105,泰金寶-DR,240,168,72,富邦-陽明,2024-07-10,9604
1104,環泥,71,0,71,富邦-陽明,2024-07-10,9604
2609,陽明,120,50,70,富邦-陽明,2024-07-10,9604
8105,凌巨,145,77,68,富邦-陽明,2024-07-10,9604
2353,宏��,279,213,66,富邦-陽明,2024-07-10,9604
2303,聯電,134,68,66,富邦-陽明,2024-07-10,9604
2405,輔信,148,86,62,富邦-陽明,2024-07-10,9604
2317,鴻海,219,158,61,富邦-陽明,2024-07-10,9604
00949,復華日本龍頭,58,0,58,富邦-陽明,2024-07-10,9604
1453,大將,61,4,57,富邦-陽明,2024-07-10,9604
1326,台化,59,4,55,富邦-陽明,2024-07-10,9604
2002,中鋼,69,16,53,富邦-陽明,2024-07-10,9604
1605,華新,54,5,49,富邦-陽明,2024-07-10,9604
00680L,元大美債20正2,58,10,48,富邦-陽明,2024-07-10,9604
00725B,國泰投資級公司債,89,41,48,富邦-陽明,2024-07-10,9604
1303,南亞,60,13,47,富邦-陽明,2024-07-10,9604
9904,寶成,46,0,46,富邦-陽明,2024-07-10,9604
2892,第一金,50,6,44,富邦-陽明,2024-07-10,9604
3563,牧德,63,19,44,富邦-陽明,2024-07-10,9604
1618,合機,79,38,41,富邦-陽明,2024-07-10,9604
2031,新光鋼,41,0,41,富邦-陽明,2024-07-10,9604
3481,群創,215,175,40,富邦-陽明,2024-07-10,9604
00688L,國泰20年美債正2,67,29,38,富邦-陽明,2024-07-10,9604
2606,裕民,41,5,36,富邦-陽明,2024-07-10,9604
2903,遠百,58,23,35,富邦-陽明,2024-07-10,9604
3576,聯合再生,46,11,35,富邦-陽明,2024-07-10,9604
5371,中光電,55,20,35,富邦-陽明,2024-07-10,9604
1608,華榮,47,12,35,富邦-陽明,2024-07-10,9604
5347,世界,60,25,35,富邦-陽明,2024-07-10,9604
2845,遠東銀,38,4,34,富邦-陽明,2024-07-10,9604
6578,達邦蛋白,33,0,33,富邦-陽明,2024-07-10,9604
6218,豪勉,63,30,33,富邦-陽明,2024-07-10,9604
00937B,群益ESG投等債20,596,75,521,富邦-陽明,2024-07-11,9604
2618,長榮航,657,245,412,富邦-陽明,2024-07-11,9604
2888,新光金,1349,955,394,富邦-陽明,2024-07-11,9604
00934,中信成長高股息,294,41,253,富邦-陽明,2024-07-11,9604
00687B,國泰20年美債,337,86,251,富邦-陽明,2024-07-11,9604
3576,聯合再生,239,6,233,富邦-陽明,2024-07-11,9604
2439,美律,189,1,188,富邦-陽明,2024-07-11,9604
00725B,國泰投資級公司債,208,25,183,富邦-陽明,2024-07-11,9604
00909,國泰數位支付服務,191,9,182,富邦-陽明,2024-07-11,9604
2891,中信金,236,65,171,富邦-陽明,2024-07-11,9604
2867,三商壽,271,127,144,富邦-陽明,2024-07-11,9604
00679B,元大美債20年,162,29,133,富邦-陽明,2024-07-11,9604
1454,台富,132,9,123,富邦-陽明,2024-07-11,9604
1514,亞力,370,247,123,富邦-陽明,2024-07-11,9604
4566,時碩工業,202,92,110,富邦-陽明,2024-07-11,9604
6156,松上,102,0,102,富邦-陽明,2024-07-11,9604
00688L,國泰20年美債正2,105,3,102,富邦-陽明,2024-07-11,9604
3016,嘉晶,105,11,94,富邦-陽明,2024-07-11,9604
1101,台泥,150,57,93,富邦-陽明,2024-07-11,9604
2371,大同,93,7,86,富邦-陽明,2024-07-11,9604
6443,元晶,125,54,71,富邦-陽明,2024-07-11,9604
2303,聯電,112,43,69,富邦-陽明,2024-07-11,9604
00918,大華優利高填息30,85,18,67,富邦-陽明,2024-07-11,9604
00857B,永豐20年美公債,66,0,66,富邦-陽明,2024-07-11,9604
2449,京元電子,107,42,65,富邦-陽明,2024-07-11,9604
2489,瑞軒,303,238,65,富邦-陽明,2024-07-11,9604
1618,合機,69,8,61,富邦-陽明,2024-07-11,9604
3563,牧德,62,1,61,富邦-陽明,2024-07-11,9604
6265,方土昶,60,0,60,富邦-陽明,2024-07-11,9604
2478,大毅,60,0,60,富邦-陽明,2024-07-11,9604
00936,台新永續高息中小,65,5,60,富邦-陽明,2024-07-11,9604
2031,新光鋼,58,0,58,富邦-陽明,2024-07-11,9604
1314,中石化,158,101,57,富邦-陽明,2024-07-11,9604
6177,達麗,62,8,54,富邦-陽明,2024-07-11,9604
3583,辛耘,63,9,54,富邦-陽明,2024-07-11,9604
3706,神達,242,190,52,富邦-陽明,2024-07-11,9604
1608,華榮,87,35,52,富邦-陽明,2024-07-11,9604
0056,元大高股息,75,23,52,富邦-陽明,2024-07-11,9604
1795,美時,74,22,52,富邦-陽明,2024-07-11,9604
00907,永豐優息存股,58,6,52,富邦-陽明,2024-07-11,9604
00948B,中信優息投資級債,53,2,51,富邦-陽明,2024-07-11,9604
8028,昇陽半導體,98,48,50,富邦-陽明,2024-07-11,9604
3188,鑫龍騰,50,0,50,富邦-陽明,2024-07-11,9604
8085,福華,64,15,49,富邦-陽明,2024-07-11,9604
00650L,復華香港正2,430,383,47,富邦-陽明,2024-07-11,9604
2382,廣達,167,120,47,富邦-陽明,2024-07-11,9604
1569,濱川,53,7,46,富邦-陽明,2024-07-11,9604
4714,永捷,92,46,46,富邦-陽明,2024-07-11,9604
6270,倍微,75,29,46,富邦-陽明,2024-07-11,9604
6188,廣明,61,15,46,富邦-陽明,2024-07-11,9604
00929,復華台灣科技優息,1107,201,906,富邦-陽明,2024-07-12,9604
00934,中信成長高股息,635,6,629,富邦-陽明,2024-07-12,9604
1612,宏泰,625,43,582,富邦-陽明,2024-07-12,9604
00919,群益台灣精選高息,536,146,390,富邦-陽明,2024-07-12,9604
2303,聯電,355,19,336,富邦-陽明,2024-07-12,9604
2317,鴻海,523,195,328,富邦-陽明,2024-07-12,9604
00881,國泰台灣5G+,323,4,319,富邦-陽明,2024-07-12,9604
00927,群益半導體收益,241,13,228,富邦-陽明,2024-07-12,9604
2834,臺企銀,169,0,169,富邦-陽明,2024-07-12,9604
1104,環泥,141,0,141,富邦-陽明,2024-07-12,9604
2882,國泰金,185,45,140,富邦-陽明,2024-07-12,9604
911868,同方友友-DR,141,1,140,富邦-陽明,2024-07-12,9604
2330,台積電,159,42,117,富邦-陽明,2024-07-12,9604
00688L,國泰20年美債正2,172,56,116,富邦-陽明,2024-07-12,9604
3019,亞光,202,88,114,富邦-陽明,2024-07-12,9604
00882,中信中國高股息,120,10,110,富邦-陽明,2024-07-12,9604
6126,信音,147,40,107,富邦-陽明,2024-07-12,9604
00891,中信關鍵半導體,101,3,98,富邦-陽明,2024-07-12,9604
00935,野村臺灣新科技50,97,3,94,富邦-陽明,2024-07-12,9604
1711,永光,95,5,90,富邦-陽明,2024-07-12,9604
2891,中信金,153,63,90,富邦-陽明,2024-07-12,9604
0056,元大高股息,160,71,89,富邦-陽明,2024-07-12,9604
00725B,國泰投資級公司債,99,15,84,富邦-陽明,2024-07-12,9604
00878,國泰永續高股息,276,192,84,富邦-陽明,2024-07-12,9604
3686,達能,96,12,84,富邦-陽明,2024-07-12,9604
2618,長榮航,304,221,83,富邦-陽明,2024-07-12,9604
3016,嘉晶,84,3,81,富邦-陽明,2024-07-12,9604
3013,晟銘電,168,101,67,富邦-陽明,2024-07-12,9604
4123,晟德,68,2,66,富邦-陽明,2024-07-12,9604
6570,維田,114,50,64,富邦-陽明,2024-07-12,9604
2481,強茂,149,85,64,富邦-陽明,2024-07-12,9604
1312,國喬,104,42,62,富邦-陽明,2024-07-12,9604
4109,加捷生醫,95,33,62,富邦-陽明,2024-07-12,9604
0050,元大台灣50,67,7,60,富邦-陽明,2024-07-12,9604
6026,福邦證,58,0,58,富邦-陽明,2024-07-12,9604
00949,復華日本龍頭,62,5,57,富邦-陽明,2024-07-12,9604
5880,合庫金,58,4,54,富邦-陽明,2024-07-12,9604
1514,亞力,177,124,53,富邦-陽明,2024-07-12,9604
2610,華航,81,28,53,富邦-陽明,2024-07-12,9604
3706,神達,91,41,50,富邦-陽明,2024-07-12,9604
1785,光洋科,134,85,49,富邦-陽明,2024-07-12,9604
00945B,凱基美國非投等債,54,5,49,富邦-陽明,2024-07-12,9604
00900,富邦特選高股息30,56,7,49,富邦-陽明,2024-07-12,9604
1304,台聚,76,30,46,富邦-陽明,2024-07-12,9604
2884,玉山金,88,42,46,富邦-陽明,2024-07-12,9604
2405,輔信,78,33,45,富邦-陽明,2024-07-12,9604
5347,世界,79,34,45,富邦-陽明,2024-07-12,9604
00857B,永豐20年美公債,44,0,44,富邦-陽明,2024-07-12,9604
5426,振發,70,26,44,富邦-陽明,2024-07-12,9604
3498,陽程,48,5,43,富邦-陽明,2024-07-12,9604
00937B,群益ESG投等債20,779,11,768,富邦-陽明,2024-07-15,9604
2891,中信金,696,33,663,富邦-陽明,2024-07-15,9604
2883,凱基金,795,224,571,富邦-陽明,2024-07-15,9604
00929,復華台灣科技優息,655,132,523,富邦-陽明,2024-07-15,9604
2409,友達,442,51,391,富邦-陽明,2024-07-15,9604
00934,中信成長高股息,490,128,362,富邦-陽明,2024-07-15,9604
0056,元大高股息,425,68,357,富邦-陽明,2024-07-15,9604
2618,長榮航,408,169,239,富邦-陽明,2024-07-15,9604
2312,金寶,447,208,239,富邦-陽明,2024-07-15,9604
00680L,元大美債20正2,231,9,222,富邦-陽明,2024-07-15,9604
2324,仁寶,292,70,222,富邦-陽明,2024-07-15,9604
4566,時碩工業,378,175,203,富邦-陽明,2024-07-15,9604
2888,新光金,621,439,182,富邦-陽明,2024-07-15,9604
2885,元大金,161,2,159,富邦-陽明,2024-07-15,9604
00919,群益台灣精選高息,273,117,156,富邦-陽明,2024-07-15,9604
3010,華立,138,8,130,富邦-陽明,2024-07-15,9604
1608,華榮,248,123,125,富邦-陽明,2024-07-15,9604
5498,凱崴,112,3,109,富邦-陽明,2024-07-15,9604
2449,京元電子,144,36,108,富邦-陽明,2024-07-15,9604
00688L,國泰20年美債正2,105,0,105,富邦-陽明,2024-07-15,9604
00671R,富邦NASDAQ反1,101,0,101,富邦-陽明,2024-07-15,9604
5324,士開,101,7,94,富邦-陽明,2024-07-15,9604
00942B,台新美A公司債20+,193,100,93,富邦-陽明,2024-07-15,9604
2356,英業達,301,210,91,富邦-陽明,2024-07-15,9604
1217,愛之味,90,0,90,富邦-陽明,2024-07-15,9604
2867,三商壽,167,77,90,富邦-陽明,2024-07-15,9604
9105,泰金寶-DR,233,144,89,富邦-陽明,2024-07-15,9604
2915,潤泰全,158,73,85,富邦-陽明,2024-07-15,9604
1316,上曜,111,28,83,富邦-陽明,2024-07-15,9604
6116,彩晶,114,32,82,富邦-陽明,2024-07-15,9604
00650L,復華香港正2,80,0,80,富邦-陽明,2024-07-15,9604
00706L,期元大S＆P日圓正2,80,0,80,富邦-陽明,2024-07-15,9604
6770,力積電,116,37,79,富邦-陽明,2024-07-15,9604
00687B,國泰20年美債,158,83,75,富邦-陽明,2024-07-15,9604
00665L,富邦�琤肭磪囓�2,150,79,71,富邦-陽明,2024-07-15,9604
2344,華邦電,95,25,70,富邦-陽明,2024-07-15,9604
2352,佳世達,132,64,68,富邦-陽明,2024-07-15,9604
1721,三晃,139,71,68,富邦-陽明,2024-07-15,9604
00935,野村臺灣新科技50,87,22,65,富邦-陽明,2024-07-15,9604
3260,威剛,65,0,65,富邦-陽明,2024-07-15,9604
2332,友訊,91,29,62,富邦-陽明,2024-07-15,9604
00933B,國泰10Y+金融債,72,11,61,富邦-陽明,2024-07-15,9604
6005,群益證,65,5,60,富邦-陽明,2024-07-15,9604
5876,上海商銀,69,10,59,富邦-陽明,2024-07-15,9604
00946,群益科技高息成長,59,2,57,富邦-陽明,2024-07-15,9604
2882,國泰金,91,38,53,富邦-陽明,2024-07-15,9604
00944,野村趨勢動能高息,53,0,53,富邦-陽明,2024-07-15,9604
00632R,元大台灣50反1,111,60,51,富邦-陽明,2024-07-15,9604
00669R,國泰美國道瓊反1,50,0,50,富邦-陽明,2024-07-15,9604
00648R,元大S＆P500反1,50,0,50,富邦-陽明,2024-07-15,9604
00937B,群益ESG投等債20,822,58,764,富邦-陽明,2024-07-16,9604
00665L,富邦�琤肭磪囓�2,547,36,511,富邦-陽明,2024-07-16,9604
00929,復華台灣科技優息,459,42,417,富邦-陽明,2024-07-16,9604
0056,元大高股息,317,7,310,富邦-陽明,2024-07-16,9604
00919,群益台灣精選高息,313,47,266,富邦-陽明,2024-07-16,9604
00934,中信成長高股息,198,0,198,富邦-陽明,2024-07-16,9604
6005,群益證,295,135,160,富邦-陽明,2024-07-16,9604
2891,中信金,209,52,157,富邦-陽明,2024-07-16,9604
00878,國泰永續高股息,190,34,156,富邦-陽明,2024-07-16,9604
2317,鴻海,249,101,148,富邦-陽明,2024-07-16,9604
1409,新纖,152,4,148,富邦-陽明,2024-07-16,9604
2495,普安,177,38,139,富邦-陽明,2024-07-16,9604
00905,FT臺灣Smart,135,0,135,富邦-陽明,2024-07-16,9604
2303,聯電,178,45,133,富邦-陽明,2024-07-16,9604
2312,金寶,319,185,134,富邦-陽明,2024-07-16,9604
2885,元大金,123,7,116,富邦-陽明,2024-07-16,9604
1313,聯成,115,3,112,富邦-陽明,2024-07-16,9604
2884,玉山金,115,6,109,富邦-陽明,2024-07-16,9604
00664R,國泰臺灣加權反1,100,0,100,富邦-陽明,2024-07-16,9604
00676R,富邦臺灣加權反1,100,0,100,富邦-陽明,2024-07-16,9604
6151,晉倫,103,9,94,富邦-陽明,2024-07-16,9604
2610,華航,121,30,91,富邦-陽明,2024-07-16,9604
2867,三商壽,192,107,85,富邦-陽明,2024-07-16,9604
2324,仁寶,96,11,85,富邦-陽明,2024-07-16,9604
2615,萬海,108,26,82,富邦-陽明,2024-07-16,9604
00946,群益科技高息成長,92,11,81,富邦-陽明,2024-07-16,9604
3010,華立,83,4,79,富邦-陽明,2024-07-16,9604
00927,群益半導體收益,159,80,79,富邦-陽明,2024-07-16,9604
00882,中信中國高股息,113,35,78,富邦-陽明,2024-07-16,9604
8107,大億金茂,78,1,77,富邦-陽明,2024-07-16,9604
3481,群創,180,104,76,富邦-陽明,2024-07-16,9604
5876,上海商銀,84,15,69,富邦-陽明,2024-07-16,9604
2243,宏旭-KY,87,20,67,富邦-陽明,2024-07-16,9604
1815,富喬,89,29,60,富邦-陽明,2024-07-16,9604
00720B,元大投資級公司債,112,53,59,富邦-陽明,2024-07-16,9604
2492,華新科,83,26,57,富邦-陽明,2024-07-16,9604
2101,南港,82,27,55,富邦-陽明,2024-07-16,9604
00725B,國泰投資級公司債,54,0,54,富邦-陽明,2024-07-16,9604
4306,炎洲,54,1,53,富邦-陽明,2024-07-16,9604
00650L,復華香港正2,76,24,52,富邦-陽明,2024-07-16,9604
00933B,國泰10Y+金融債,86,37,49,富邦-陽明,2024-07-16,9604
00942B,台新美A公司債20+,49,1,48,富邦-陽明,2024-07-16,9604
2371,大同,54,7,47,富邦-陽明,2024-07-16,9604
006208,富邦台50,49,5,44,富邦-陽明,2024-07-16,9604
00753L,中信中國50正2,53,11,42,富邦-陽明,2024-07-16,9604
8210,勤誠,70,27,43,富邦-陽明,2024-07-16,9604
2501,國建,43,1,42,富邦-陽明,2024-07-16,9604
4939,亞電,55,13,42,富邦-陽明,2024-07-16,9604
2382,廣達,80,38,42,富邦-陽明,2024-07-16,9604
2889,國票金,62,21,41,富邦-陽明,2024-07-16,9604
00929,復華台灣科技優息,1402,47,1355,富邦-陽明,2024-07-17,9604
00919,群益台灣精選高息,604,37,567,富邦-陽明,2024-07-17,9604
4566,時碩工業,544,83,461,富邦-陽明,2024-07-17,9604
00937B,群益ESG投等債20,417,62,355,富邦-陽明,2024-07-17,9604
2883,凱基金,442,102,340,富邦-陽明,2024-07-17,9604
00881,國泰台灣5G+,243,17,226,富邦-陽明,2024-07-17,9604
2618,長榮航,434,232,202,富邦-陽明,2024-07-17,9604
00712,復華富時不動產,249,89,160,富邦-陽明,2024-07-17,9604
1416,廣豐,150,0,150,富邦-陽明,2024-07-17,9604
00650L,復華香港正2,282,141,141,富邦-陽明,2024-07-17,9604
2352,佳世達,148,9,139,富邦-陽明,2024-07-17,9604
3673,TPK-KY,456,318,138,富邦-陽明,2024-07-17,9604
2606,裕民,138,5,133,富邦-陽明,2024-07-17,9604
3231,緯創,193,68,125,富邦-陽明,2024-07-17,9604
4906,正文,152,28,124,富邦-陽明,2024-07-17,9604
00706L,期元大S＆P日圓正2,113,0,113,富邦-陽明,2024-07-17,9604
00680L,元大美債20正2,156,53,103,富邦-陽明,2024-07-17,9604
1409,新纖,314,212,102,富邦-陽明,2024-07-17,9604
3260,威剛,108,9,99,富邦-陽明,2024-07-17,9604
00878,國泰永續高股息,165,67,98,富邦-陽明,2024-07-17,9604
00933B,國泰10Y+金融債,96,0,96,富邦-陽明,2024-07-17,9604
00679B,元大美債20年,189,93,96,富邦-陽明,2024-07-17,9604
2330,台積電,158,65,93,富邦-陽明,2024-07-17,9604
1515,力山,92,0,92,富邦-陽明,2024-07-17,9604
00725B,國泰投資級公司債,102,10,92,富邦-陽明,2024-07-17,9604
1102,亞泥,101,10,91,富邦-陽明,2024-07-17,9604
0056,元大高股息,166,80,86,富邦-陽明,2024-07-17,9604
00665L,富邦�琤肭磪囓�2,317,232,85,富邦-陽明,2024-07-17,9604
006208,富邦台50,96,11,85,富邦-陽明,2024-07-17,9604
3019,亞光,111,27,84,富邦-陽明,2024-07-17,9604
6770,力積電,227,147,80,富邦-陽明,2024-07-17,9604
00946,群益科技高息成長,82,7,75,富邦-陽明,2024-07-17,9604
2834,臺企銀,77,3,74,富邦-陽明,2024-07-17,9604
3207,耀勝,76,8,68,富邦-陽明,2024-07-17,9604
2382,廣達,86,19,67,富邦-陽明,2024-07-17,9604
2371,大同,90,24,66,富邦-陽明,2024-07-17,9604
00753L,中信中國50正2,75,11,64,富邦-陽明,2024-07-17,9604
00949,復華日本龍頭,76,12,64,富邦-陽明,2024-07-17,9604
2353,宏��,75,17,58,富邦-陽明,2024-07-17,9604
5876,上海商銀,108,55,53,富邦-陽明,2024-07-17,9604
00905,FT臺灣Smart,51,0,51,富邦-陽明,2024-07-17,9604
00713,元大台灣高息低波,53,2,51,富邦-陽明,2024-07-17,9604
2376,技嘉,60,10,50,富邦-陽明,2024-07-17,9604
00641R,富邦日本反1,50,0,50,富邦-陽明,2024-07-17,9604
00934,中信成長高股息,102,52,50,富邦-陽明,2024-07-17,9604
2845,遠東銀,58,9,49,富邦-陽明,2024-07-17,9604
2515,中工,170,122,48,富邦-陽明,2024-07-17,9604
5512,力麒,127,81,46,富邦-陽明,2024-07-17,9604
00642U,期元大S＆P石油,45,0,45,富邦-陽明,2024-07-17,9604
2538,基泰,64,19,45,富邦-陽明,2024-07-17,9604
00919,群益台灣精選高息,1057,289,768,富邦-陽明,2024-07-18,9604
00929,復華台灣科技優息,1165,412,753,富邦-陽明,2024-07-18,9604
00937B,群益ESG投等債20,505,95,410,富邦-陽明,2024-07-18,9604
00664R,國泰臺灣加權反1,400,3,397,富邦-陽明,2024-07-18,9604
00632R,元大台灣50反1,496,126,370,富邦-陽明,2024-07-18,9604
3481,群創,625,295,330,富邦-陽明,2024-07-18,9604
2317,鴻海,445,140,305,富邦-陽明,2024-07-18,9604
2330,台積電,280,66,214,富邦-陽明,2024-07-18,9604
1314,中石化,267,79,188,富邦-陽明,2024-07-18,9604
0056,元大高股息,221,40,181,富邦-陽明,2024-07-18,9604
00878,國泰永續高股息,350,182,168,富邦-陽明,2024-07-18,9604
3231,緯創,191,35,156,富邦-陽明,2024-07-18,9604
3673,TPK-KY,197,44,153,富邦-陽明,2024-07-18,9604
00934,中信成長高股息,191,45,146,富邦-陽明,2024-07-18,9604
2356,英業達,194,51,143,富邦-陽明,2024-07-18,9604
1402,遠東新,189,55,134,富邦-陽明,2024-07-18,9604
2618,長榮航,261,129,132,富邦-陽明,2024-07-18,9604
00946,群益科技高息成長,181,53,128,富邦-陽明,2024-07-18,9604
2382,廣達,192,63,129,富邦-陽明,2024-07-18,9604
6116,彩晶,120,2,118,富邦-陽明,2024-07-18,9604
2881,富邦金,205,90,115,富邦-陽明,2024-07-18,9604
00881,國泰台灣5G+,113,4,109,富邦-陽明,2024-07-18,9604
8105,凌巨,280,173,107,富邦-陽明,2024-07-18,9604
00665L,富邦�琤肭磪囓�2,354,253,101,富邦-陽明,2024-07-18,9604
6770,力積電,155,58,97,富邦-陽明,2024-07-18,9604
00935,野村臺灣新科技50,110,13,97,富邦-陽明,2024-07-18,9604
00830,國泰費城半導體,99,8,91,富邦-陽明,2024-07-18,9604
2883,凱基金,473,387,86,富邦-陽明,2024-07-18,9604
2610,華航,100,16,84,富邦-陽明,2024-07-18,9604
2449,京元電子,118,36,82,富邦-陽明,2024-07-18,9604
2489,瑞軒,214,135,79,富邦-陽明,2024-07-18,9604
3380,明泰,140,62,78,富邦-陽明,2024-07-18,9604
00650L,復華香港正2,325,251,74,富邦-陽明,2024-07-18,9604
00936,台新永續高息中小,94,22,72,富邦-陽明,2024-07-18,9604
2365,昆盈,364,292,72,富邦-陽明,2024-07-18,9604
1304,台聚,96,27,69,富邦-陽明,2024-07-18,9604
00923,群益台ESG低碳50,73,7,66,富邦-陽明,2024-07-18,9604
00941,中信上游半導體,86,21,65,富邦-陽明,2024-07-18,9604
2801,彰銀,69,4,65,富邦-陽明,2024-07-18,9604
00918,大華優利高填息30,91,28,63,富邦-陽明,2024-07-18,9604
1102,亞泥,60,2,58,富邦-陽明,2024-07-18,9604
3297,杭特,64,6,58,富邦-陽明,2024-07-18,9604
00725B,國泰投資級公司債,63,6,57,富邦-陽明,2024-07-18,9604
6290,良維,80,24,56,富邦-陽明,2024-07-18,9604
4909,新復興,120,66,54,富邦-陽明,2024-07-18,9604
3037,欣興,144,90,54,富邦-陽明,2024-07-18,9604
2352,佳世達,95,45,50,富邦-陽明,2024-07-18,9604
1708,東鹼,119,70,49,富邦-陽明,2024-07-18,9604
00891,中信關鍵半導體,54,5,49,富邦-陽明,2024-07-18,9604
1503,士電,57,8,49,富邦-陽明,2024-07-18,9604
5443,均豪,703,146,557,富邦-陽明,2024-07-19,9604
00940,元大台灣價值高息,812,320,492,富邦-陽明,2024-07-19,9604
00665L,富邦�琤肭磪囓�2,797,371,426,富邦-陽明,2024-07-19,9604
00929,復華台灣科技優息,1095,684,411,富邦-陽明,2024-07-19,9604
00919,群益台灣精選高息,635,274,361,富邦-陽明,2024-07-19,9604
911868,同方友友-DR,352,14,338,富邦-陽明,2024-07-19,9604
00706L,期元大S＆P日圓正2,320,0,320,富邦-陽明,2024-07-19,9604
00878,國泰永續高股息,475,171,304,富邦-陽明,2024-07-19,9604
00937B,群益ESG投等債20,332,63,269,富邦-陽明,2024-07-19,9604
0056,元大高股息,333,83,250,富邦-陽明,2024-07-19,9604
2330,台積電,381,164,217,富邦-陽明,2024-07-19,9604
2365,昆盈,411,204,207,富邦-陽明,2024-07-19,9604
2885,元大金,214,9,205,富邦-陽明,2024-07-19,9604
2801,彰銀,281,83,198,富邦-陽明,2024-07-19,9604
2834,臺企銀,250,68,182,富邦-陽明,2024-07-19,9604
00934,中信成長高股息,203,29,174,富邦-陽明,2024-07-19,9604
2891,中信金,213,40,173,富邦-陽明,2024-07-19,9604
00650L,復華香港正2,223,70,153,富邦-陽明,2024-07-19,9604
8105,凌巨,277,137,140,富邦-陽明,2024-07-19,9604
2881,富邦金,220,82,138,富邦-陽明,2024-07-19,9604
9105,泰金寶-DR,212,77,135,富邦-陽明,2024-07-19,9604
00946,群益科技高息成長,151,19,132,富邦-陽明,2024-07-19,9604
3231,緯創,156,25,131,富邦-陽明,2024-07-19,9604
3019,亞光,193,64,129,富邦-陽明,2024-07-19,9604
00725B,國泰投資級公司債,130,5,125,富邦-陽明,2024-07-19,9604
00676R,富邦臺灣加權反1,150,30,120,富邦-陽明,2024-07-19,9604
9958,世紀鋼,130,11,119,富邦-陽明,2024-07-19,9604
9945,潤泰新,214,110,104,富邦-陽明,2024-07-19,9604
00679B,元大美債20年,201,98,103,富邦-陽明,2024-07-19,9604
2603,長榮,121,18,103,富邦-陽明,2024-07-19,9604
2867,三商壽,114,11,103,富邦-陽明,2024-07-19,9604
2356,英業達,122,27,95,富邦-陽明,2024-07-19,9604
3013,晟銘電,183,89,94,富邦-陽明,2024-07-19,9604
00713,元大台灣高息低波,136,42,94,富邦-陽明,2024-07-19,9604
6116,彩晶,96,3,93,富邦-陽明,2024-07-19,9604
2344,華邦電,136,47,89,富邦-陽明,2024-07-19,9604
2324,仁寶,154,69,85,富邦-陽明,2024-07-19,9604
4303,信立,125,48,77,富邦-陽明,2024-07-19,9604
3714,富采,77,1,76,富邦-陽明,2024-07-19,9604
00830,國泰費城半導體,76,4,72,富邦-陽明,2024-07-19,9604
2892,第一金,84,13,71,富邦-陽明,2024-07-19,9604
3419,譁裕,134,64,70,富邦-陽明,2024-07-19,9604
00669R,國泰美國道瓊反1,70,0,70,富邦-陽明,2024-07-19,9604
3037,欣興,108,39,69,富邦-陽明,2024-07-19,9604
00918,大華優利高填息30,99,31,68,富邦-陽明,2024-07-19,9604
00905,FT臺灣Smart,74,7,67,富邦-陽明,2024-07-19,9604
1605,華新,69,5,64,富邦-陽明,2024-07-19,9604
2617,台航,70,6,64,富邦-陽明,2024-07-19,9604
5516,雙喜,62,0,62,富邦-陽明,2024-07-19,9604
2419,仲琦,230,170,60,富邦-陽明,2024-07-19,9604
00929,復華台灣科技優息,1493,567,926,富邦-陽明,2024-07-22,9604
3481,群創,1104,188,916,富邦-陽明,2024-07-22,9604
00940,元大台灣價值高息,837,264,573,富邦-陽明,2024-07-22,9604
00919,群益台灣精選高息,943,665,278,富邦-陽明,2024-07-22,9604
4566,時碩工業,558,325,233,富邦-陽明,2024-07-22,9604
00927,群益半導體收益,276,45,231,富邦-陽明,2024-07-22,9604
0056,元大高股息,345,135,210,富邦-陽明,2024-07-22,9604
2888,新光金,351,156,195,富邦-陽明,2024-07-22,9604
2317,鴻海,379,186,193,富邦-陽明,2024-07-22,9604
00637L,元大滬深300正2,208,55,153,富邦-陽明,2024-07-22,9604
5512,力麒,446,318,128,富邦-陽明,2024-07-22,9604
00946,群益科技高息成長,141,16,125,富邦-陽明,2024-07-22,9604
2303,聯電,198,74,124,富邦-陽明,2024-07-22,9604
00878,國泰永續高股息,388,279,109,富邦-陽明,2024-07-22,9604
2356,英業達,145,54,91,富邦-陽明,2024-07-22,9604
00713,元大台灣高息低波,130,45,85,富邦-陽明,2024-07-22,9604
2409,友達,160,79,81,富邦-陽明,2024-07-22,9604
00671R,富邦NASDAQ反1,81,0,81,富邦-陽明,2024-07-22,9604
1456,怡華,72,0,72,富邦-陽明,2024-07-22,9604
00948B,中信優息投資級債,70,0,70,富邦-陽明,2024-07-22,9604
00936,台新永續高息中小,170,101,69,富邦-陽明,2024-07-22,9604
1314,中石化,210,142,68,富邦-陽明,2024-07-22,9604
1514,亞力,214,149,65,富邦-陽明,2024-07-22,9604
00881,國泰台灣5G+,178,113,65,富邦-陽明,2024-07-22,9604
2408,南亞科,66,2,64,富邦-陽明,2024-07-22,9604
3231,緯創,175,117,58,富邦-陽明,2024-07-22,9604
1477,聚陽,55,2,53,富邦-陽明,2024-07-22,9604
00909,國泰數位支付服務,58,6,52,富邦-陽明,2024-07-22,9604
2344,華邦電,92,41,51,富邦-陽明,2024-07-22,9604
9940,信義,51,0,51,富邦-陽明,2024-07-22,9604
6290,良維,55,4,51,富邦-陽明,2024-07-22,9604
2610,華航,94,44,50,富邦-陽明,2024-07-22,9604
00935,野村臺灣新科技50,68,19,49,富邦-陽明,2024-07-22,9604
00924,復華S＆P500成長,53,3,50,富邦-陽明,2024-07-22,9604
2542,興富發,74,24,50,富邦-陽明,2024-07-22,9604
4109,加捷生醫,72,23,49,富邦-陽明,2024-07-22,9604
2834,臺企銀,80,34,46,富邦-陽明,2024-07-22,9604
3019,亞光,116,70,46,富邦-陽明,2024-07-22,9604
00633L,富邦上証正2,54,8,46,富邦-陽明,2024-07-22,9604
3029,零壹,54,9,45,富邦-陽明,2024-07-22,9604
2449,京元電子,72,27,45,富邦-陽明,2024-07-22,9604
6005,群益證,50,5,45,富邦-陽明,2024-07-22,9604
3211,順達,50,7,43,富邦-陽明,2024-07-22,9604
00679B,元大美債20年,252,211,41,富邦-陽明,2024-07-22,9604
00752,中信中國50,42,2,40,富邦-陽明,2024-07-22,9604
00905,FT臺灣Smart,44,4,40,富邦-陽明,2024-07-22,9604
2330,台積電,210,171,39,富邦-陽明,2024-07-22,9604
00934,中信成長高股息,149,111,38,富邦-陽明,2024-07-22,9604
3260,威剛,40,2,38,富邦-陽明,2024-07-22,9604
00882,中信中國高股息,178,140,38,富邦-陽明,2024-07-22,9604
3481,群創,892,59,833,富邦-陽明,2024-07-23,9604
00632R,元大台灣50反1,671,91,580,富邦-陽明,2024-07-23,9604
00919,群益台灣精選高息,608,180,428,富邦-陽明,2024-07-23,9604
00937B,群益ESG投等債20,397,55,342,富邦-陽明,2024-07-23,9604
00929,復華台灣科技優息,631,303,328,富邦-陽明,2024-07-23,9604
00679B,元大美債20年,301,8,293,富邦-陽明,2024-07-23,9604
00927,群益半導體收益,229,7,222,富邦-陽明,2024-07-23,9604
00934,中信成長高股息,223,3,220,富邦-陽明,2024-07-23,9604
2888,新光金,560,348,212,富邦-陽明,2024-07-23,9604
9105,泰金寶-DR,367,178,189,富邦-陽明,2024-07-23,9604
2102,泰豐,202,17,185,富邦-陽明,2024-07-23,9604
00878,國泰永續高股息,190,29,161,富邦-陽明,2024-07-23,9604
0056,元大高股息,166,9,157,富邦-陽明,2024-07-23,9604
3037,欣興,190,38,152,富邦-陽明,2024-07-23,9604
00940,元大台灣價值高息,197,47,150,富邦-陽明,2024-07-23,9604
2408,南亞科,158,28,130,富邦-陽明,2024-07-23,9604
2409,友達,140,11,129,富邦-陽明,2024-07-23,9604
00946,群益科技高息成長,105,2,103,富邦-陽明,2024-07-23,9604
2812,台中銀,97,4,93,富邦-陽明,2024-07-23,9604
3466,德晉,86,0,86,富邦-陽明,2024-07-23,9604
2312,金寶,155,71,84,富邦-陽明,2024-07-23,9604
2344,華邦電,127,52,75,富邦-陽明,2024-07-23,9604
00942B,台新美A公司債20+,73,0,73,富邦-陽明,2024-07-23,9604
00715L,期街口布蘭特正2,73,0,73,富邦-陽明,2024-07-23,9604
2464,盟立,207,134,73,富邦-陽明,2024-07-23,9604
00725B,國泰投資級公司債,71,0,71,富邦-陽明,2024-07-23,9604
00795B,中信美國公債20年,70,5,65,富邦-陽明,2024-07-23,9604
2884,玉山金,69,7,62,富邦-陽明,2024-07-23,9604
3019,亞光,83,21,62,富邦-陽明,2024-07-23,9604
4534,慶騰,55,2,53,富邦-陽明,2024-07-23,9604
1802,台玻,53,0,53,富邦-陽明,2024-07-23,9604
00637L,元大滬深300正2,177,125,52,富邦-陽明,2024-07-23,9604
2897,王道銀行,62,10,52,富邦-陽明,2024-07-23,9604
2330,台積電,137,87,50,富邦-陽明,2024-07-23,9604
00764B,群益25年美債,51,2,49,富邦-陽明,2024-07-23,9604
2891,中信金,61,13,48,富邦-陽明,2024-07-23,9604
00680L,元大美債20正2,46,0,46,富邦-陽明,2024-07-23,9604
00671R,富邦NASDAQ反1,45,0,45,富邦-陽明,2024-07-23,9604
00720B,元大投資級公司債,47,2,45,富邦-陽明,2024-07-23,9604
3260,威剛,57,13,44,富邦-陽明,2024-07-23,9604
3712,永崴投控,54,12,42,富邦-陽明,2024-07-23,9604
6770,力積電,71,32,39,富邦-陽明,2024-07-23,9604
3047,訊舟,49,11,38,富邦-陽明,2024-07-23,9604
4123,晟德,37,0,37,富邦-陽明,2024-07-23,9604
00662,富邦NASDAQ,38,1,37,富邦-陽明,2024-07-23,9604
00772B,中信高評級公司債,37,1,36,富邦-陽明,2024-07-23,9604
2406,國碩,41,6,35,富邦-陽明,2024-07-23,9604
2883,凱基金,101,66,35,富邦-陽明,2024-07-23,9604
00923,群益台ESG低碳50,39,5,34,富邦-陽明,2024-07-23,9604
2367,燿華,48,16,32,富邦-陽明,2024-07-23,9604
00937B,群益ESG投等債20,629,28,601,富邦-陽明,2024-07-26,9604
00878,國泰永續高股息,644,55,589,富邦-陽明,2024-07-26,9604
00919,群益台灣精選高息,611,193,418,富邦-陽明,2024-07-26,9604
2330,台積電,303,32,271,富邦-陽明,2024-07-26,9604
0056,元大高股息,316,53,263,富邦-陽明,2024-07-26,9604
00725B,國泰投資級公司債,171,3,168,富邦-陽明,2024-07-26,9604
00946,群益科技高息成長,175,15,160,富邦-陽明,2024-07-26,9604
00933B,國泰10Y+金融債,158,6,152,富邦-陽明,2024-07-26,9604
2382,廣達,173,22,151,富邦-陽明,2024-07-26,9604
00679B,元大美債20年,191,41,150,富邦-陽明,2024-07-26,9604
2884,玉山金,168,20,148,富邦-陽明,2024-07-26,9604
2317,鴻海,336,189,147,富邦-陽明,2024-07-26,9604
2801,彰銀,141,1,140,富邦-陽明,2024-07-26,9604
2409,友達,218,82,136,富邦-陽明,2024-07-26,9604
00665L,富邦�琤肭磪囓�2,136,5,131,富邦-陽明,2024-07-26,9604
3711,日月光投控,137,14,123,富邦-陽明,2024-07-26,9604
2356,英業達,158,35,123,富邦-陽明,2024-07-26,9604
00680L,元大美債20正2,123,2,121,富邦-陽明,2024-07-26,9604
00892,富邦台灣半導體,112,4,108,富邦-陽明,2024-07-26,9604
00688L,國泰20年美債正2,103,0,103,富邦-陽明,2024-07-26,9604
00891,中信關鍵半導體,116,13,103,富邦-陽明,2024-07-26,9604
00934,中信成長高股息,106,5,101,富邦-陽明,2024-07-26,9604
9907,統一實,101,1,100,富邦-陽明,2024-07-26,9604
00951,台新日本半導體,94,0,94,富邦-陽明,2024-07-26,9604
0050,元大台灣50,105,15,90,富邦-陽明,2024-07-26,9604
2528,皇普,91,2,89,富邦-陽明,2024-07-26,9604
00927,群益半導體收益,95,14,81,富邦-陽明,2024-07-26,9604
00753L,中信中國50正2,83,2,81,富邦-陽明,2024-07-26,9604
2303,聯電,121,41,80,富邦-陽明,2024-07-26,9604
3313,斐成,80,1,79,富邦-陽明,2024-07-26,9604
00675L,富邦臺灣加權正2,86,9,77,富邦-陽明,2024-07-26,9604
3231,緯創,160,84,76,富邦-陽明,2024-07-26,9604
00905,FT臺灣Smart,70,0,70,富邦-陽明,2024-07-26,9604
2352,佳世達,78,12,66,富邦-陽明,2024-07-26,9604
006208,富邦台50,94,34,60,富邦-陽明,2024-07-26,9604
2867,三商壽,77,18,59,富邦-陽明,2024-07-26,9604
3017,奇鋐,77,21,56,富邦-陽明,2024-07-26,9604
3645,達邁,56,1,55,富邦-陽明,2024-07-26,9604
00715L,期街口布蘭特正2,54,0,54,富邦-陽明,2024-07-26,9604
2201,裕隆,62,8,54,富邦-陽明,2024-07-26,9604
00720B,元大投資級公司債,56,2,54,富邦-陽明,2024-07-26,9604
00941,中信上游半導體,71,19,52,富邦-陽明,2024-07-26,9604
6156,松上,52,0,52,富邦-陽明,2024-07-26,9604
00751B,元大AAA至A公司債,49,1,48,富邦-陽明,2024-07-26,9604
2337,旺宏,76,28,48,富邦-陽明,2024-07-26,9604
2408,南亞科,72,26,46,富邦-陽明,2024-07-26,9604
00713,元大台灣高息低波,74,29,45,富邦-陽明,2024-07-26,9604
2062,橋椿,50,5,45,富邦-陽明,2024-07-26,9604
1785,光洋科,52,8,44,富邦-陽明,2024-07-26,9604
00687B,國泰20年美債,133,90,43,富邦-陽明,2024-07-26,9604
00929,復華台灣科技優息,773,162,611,富邦-陽明,2024-07-29,9604
00878,國泰永續高股息,416,63,353,富邦-陽明,2024-07-29,9604
0056,元大高股息,351,33,318,富邦-陽明,2024-07-29,9604
2363,矽統,327,70,257,富邦-陽明,2024-07-29,9604
00919,群益台灣精選高息,318,96,222,富邦-陽明,2024-07-29,9604
00679B,元大美債20年,213,30,183,富邦-陽明,2024-07-29,9604
00688L,國泰20年美債正2,169,13,156,富邦-陽明,2024-07-29,9604
2486,一詮,193,41,152,富邦-陽明,2024-07-29,9604
1314,中石化,155,21,134,富邦-陽明,2024-07-29,9604
2409,友達,160,32,128,富邦-陽明,2024-07-29,9604
2356,英業達,155,48,107,富邦-陽明,2024-07-29,9604
2388,威盛,117,15,102,富邦-陽明,2024-07-29,9604
00940,元大台灣價值高息,313,212,101,富邦-陽明,2024-07-29,9604
1514,亞力,155,58,97,富邦-陽明,2024-07-29,9604
2324,仁寶,119,24,95,富邦-陽明,2024-07-29,9604
00934,中信成長高股息,103,9,94,富邦-陽明,2024-07-29,9604
2515,中工,107,24,83,富邦-陽明,2024-07-29,9604
2365,昆盈,213,132,81,富邦-陽明,2024-07-29,9604
3037,欣興,105,26,79,富邦-陽明,2024-07-29,9604
2884,玉山金,119,41,78,富邦-陽明,2024-07-29,9604
1605,華新,142,67,75,富邦-陽明,2024-07-29,9604
00927,群益半導體收益,104,38,66,富邦-陽明,2024-07-29,9604
2344,華邦電,72,7,65,富邦-陽明,2024-07-29,9604
00712,復華富時不動產,75,19,56,富邦-陽明,2024-07-29,9604
2367,燿華,121,66,55,富邦-陽明,2024-07-29,9604
2382,廣達,73,21,52,富邦-陽明,2024-07-29,9604
00945B,凱基美國非投等債,52,0,52,富邦-陽明,2024-07-29,9604
2883,凱基金,243,191,52,富邦-陽明,2024-07-29,9604
4123,晟德,52,3,49,富邦-陽明,2024-07-29,9604
2328,廣宇,48,0,48,富邦-陽明,2024-07-29,9604
6147,頎邦,49,3,46,富邦-陽明,2024-07-29,9604
8064,東捷,79,33,46,富邦-陽明,2024-07-29,9604
6156,松上,44,0,44,富邦-陽明,2024-07-29,9604
2303,聯電,65,21,44,富邦-陽明,2024-07-29,9604
9105,泰金寶-DR,223,180,43,富邦-陽明,2024-07-29,9604
00687B,國泰20年美債,66,23,43,富邦-陽明,2024-07-29,9604
5425,台半,43,0,43,富邦-陽明,2024-07-29,9604
00751B,元大AAA至A公司債,45,3,42,富邦-陽明,2024-07-29,9604
3663,鑫科,93,51,42,富邦-陽明,2024-07-29,9604
2405,輔信,42,0,42,富邦-陽明,2024-07-29,9604
00946,群益科技高息成長,81,40,41,富邦-陽明,2024-07-29,9604
2355,敬鵬,40,1,39,富邦-陽明,2024-07-29,9604
4933,友輝,44,5,39,富邦-陽明,2024-07-29,9604
00939,統一台灣高息動能,45,7,38,富邦-陽明,2024-07-29,9604
6116,彩晶,64,26,38,富邦-陽明,2024-07-29,9604
3293,鈊象,53,16,37,富邦-陽明,2024-07-29,9604
5469,瀚宇博,41,4,37,富邦-陽明,2024-07-29,9604
1316,上曜,70,33,37,富邦-陽明,2024-07-29,9604
4956,光鋐,36,0,36,富邦-陽明,2024-07-29,9604
00918,大華優利高填息30,71,35,36,富邦-陽明,2024-07-29,9604
00937B,群益ESG投等債20,803,31,772,富邦-陽明,2024-07-30,9604
00878,國泰永續高股息,450,168,282,富邦-陽明,2024-07-30,9604
00687B,國泰20年美債,280,10,270,富邦-陽明,2024-07-30,9604
00715L,期街口布蘭特正2,261,5,256,富邦-陽明,2024-07-30,9604
00940,元大台灣價值高息,411,169,242,富邦-陽明,2024-07-30,9604
00706L,期元大S＆P日圓正2,241,0,241,富邦-陽明,2024-07-30,9604
00929,復華台灣科技優息,692,481,211,富邦-陽明,2024-07-30,9604
00882,中信中國高股息,230,20,210,富邦-陽明,2024-07-30,9604
2515,中工,229,21,208,富邦-陽明,2024-07-30,9604
2883,凱基金,316,112,204,富邦-陽明,2024-07-30,9604
00946,群益科技高息成長,206,10,196,富邦-陽明,2024-07-30,9604
2408,南亞科,193,4,189,富邦-陽明,2024-07-30,9604
2349,錸德,486,305,181,富邦-陽明,2024-07-30,9604
2891,中信金,180,6,174,富邦-陽明,2024-07-30,9604
4123,晟德,162,10,152,富邦-陽明,2024-07-30,9604
5443,均豪,275,123,152,富邦-陽明,2024-07-30,9604
0056,元大高股息,285,142,143,富邦-陽明,2024-07-30,9604
00933B,國泰10Y+金融債,138,3,135,富邦-陽明,2024-07-30,9604
2363,矽統,168,43,125,富邦-陽明,2024-07-30,9604
00637L,元大滬深300正2,120,6,114,富邦-陽明,2024-07-30,9604
00679B,元大美債20年,150,40,110,富邦-陽明,2024-07-30,9604
6187,萬潤,131,30,101,富邦-陽明,2024-07-30,9604
00680L,元大美債20正2,121,22,99,富邦-陽明,2024-07-30,9604
3037,欣興,172,74,98,富邦-陽明,2024-07-30,9604
00931B,統一美債20年,101,8,93,富邦-陽明,2024-07-30,9604
2382,廣達,131,39,92,富邦-陽明,2024-07-30,9604
6446,藥華藥,103,14,89,富邦-陽明,2024-07-30,9604
2324,仁寶,98,25,73,富邦-陽明,2024-07-30,9604
00650L,復華香港正2,80,10,70,富邦-陽明,2024-07-30,9604
2409,友達,83,13,70,富邦-陽明,2024-07-30,9604
2884,玉山金,92,24,68,富邦-陽明,2024-07-30,9604
1314,中石化,84,16,68,富邦-陽明,2024-07-30,9604
2344,華邦電,156,89,67,富邦-陽明,2024-07-30,9604
00885,富邦越南,67,1,66,富邦-陽明,2024-07-30,9604
00665L,富邦�琤肭磪囓�2,76,11,65,富邦-陽明,2024-07-30,9604
2449,京元電子,72,9,63,富邦-陽明,2024-07-30,9604
2353,宏��,95,35,60,富邦-陽明,2024-07-30,9604
2834,臺企銀,69,10,59,富邦-陽明,2024-07-30,9604
2399,映泰,72,13,59,富邦-陽明,2024-07-30,9604
00795B,中信美國公債20年,57,0,57,富邦-陽明,2024-07-30,9604
4938,和碩,67,13,54,富邦-陽明,2024-07-30,9604
3105,穩懋,54,7,47,富邦-陽明,2024-07-30,9604
00951,台新日本半導體,47,0,47,富邦-陽明,2024-07-30,9604
2303,聯電,84,37,47,富邦-陽明,2024-07-30,9604
5469,瀚宇博,51,4,47,富邦-陽明,2024-07-30,9604
2867,三商壽,84,38,46,富邦-陽明,2024-07-30,9604
00915,凱基優選高股息30,44,2,42,富邦-陽明,2024-07-30,9604
2356,英業達,106,65,41,富邦-陽明,2024-07-30,9604
2882,國泰金,55,15,40,富邦-陽明,2024-07-30,9604
4564,元翎,52,13,39,富邦-陽明,2024-07-30,9604
3481,群創,1010,275,735,富邦-陽明,2024-07-31,9604
00715L,期街口布蘭特正2,286,2,284,富邦-陽明,2024-07-31,9604
00929,復華台灣科技優息,336,57,279,富邦-陽明,2024-07-31,9604
00878,國泰永續高股息,316,120,196,富邦-陽明,2024-07-31,9604
9958,世紀鋼,259,84,175,富邦-陽明,2024-07-31,9604
00933B,國泰10Y+金融債,157,20,137,富邦-陽明,2024-07-31,9604
00919,群益台灣精選高息,198,85,113,富邦-陽明,2024-07-31,9604
0056,元大高股息,146,49,97,富邦-陽明,2024-07-31,9604
5443,均豪,511,421,90,富邦-陽明,2024-07-31,9604
00881,國泰台灣5G+,95,9,86,富邦-陽明,2024-07-31,9604
00940,元大台灣價值高息,189,112,77,富邦-陽明,2024-07-31,9604
2845,遠東銀,75,0,75,富邦-陽明,2024-07-31,9604
2362,藍天,100,31,69,富邦-陽明,2024-07-31,9604
1605,華新,85,30,55,富邦-陽明,2024-07-31,9604
00679B,元大美債20年,61,9,52,富邦-陽明,2024-07-31,9604
5490,同亨,53,1,52,富邦-陽明,2024-07-31,9604
1312,國喬,50,0,50,富邦-陽明,2024-07-31,9604
00669R,國泰美國道瓊反1,50,0,50,富邦-陽明,2024-07-31,9604
2836,高雄銀,49,0,49,富邦-陽明,2024-07-31,9604
3037,欣興,84,35,49,富邦-陽明,2024-07-31,9604
4510,高鋒,63,14,49,富邦-陽明,2024-07-31,9604
1514,亞力,61,13,48,富邦-陽明,2024-07-31,9604
2356,英業達,80,33,47,富邦-陽明,2024-07-31,9604
00934,中信成長高股息,46,1,45,富邦-陽明,2024-07-31,9604
00946,群益科技高息成長,44,0,44,富邦-陽明,2024-07-31,9604
1618,合機,43,0,43,富邦-陽明,2024-07-31,9604
2353,宏��,59,18,41,富邦-陽明,2024-07-31,9604
6156,松上,40,0,40,富邦-陽明,2024-07-31,9604
2329,華泰,40,4,36,富邦-陽明,2024-07-31,9604
00891,中信關鍵半導體,42,8,34,富邦-陽明,2024-07-31,9604
3711,日月光投控,37,3,34,富邦-陽明,2024-07-31,9604
1308,亞聚,36,3,33,富邦-陽明,2024-07-31,9604
3019,亞光,70,37,33,富邦-陽明,2024-07-31,9604
00712,復華富時不動產,43,11,32,富邦-陽明,2024-07-31,9604
2892,第一金,80,48,32,富邦-陽明,2024-07-31,9604
6126,信音,43,12,31,富邦-陽明,2024-07-31,9604
3163,波若威,79,48,31,富邦-陽明,2024-07-31,9604
2022,聚亨,30,0,30,富邦-陽明,2024-07-31,9604
5515,建國,61,31,30,富邦-陽明,2024-07-31,9604
2439,美律,32,2,30,富邦-陽明,2024-07-31,9604
5512,力麒,75,45,30,富邦-陽明,2024-07-31,9604
8105,凌巨,49,20,29,富邦-陽明,2024-07-31,9604
2204,中華,42,14,28,富邦-陽明,2024-07-31,9604
6239,力成,32,5,27,富邦-陽明,2024-07-31,9604
2070,精湛,39,12,27,富邦-陽明,2024-07-31,9604
6147,頎邦,27,0,27,富邦-陽明,2024-07-31,9604
2312,金寶,65,38,27,富邦-陽明,2024-07-31,9604
4530,宏易,31,5,26,富邦-陽明,2024-07-31,9604
3260,威剛,27,1,26,富邦-陽明,2024-07-31,9604
3105,穩懋,75,50,25,富邦-陽明,2024-07-31,9604
2439,美律,397,10,387,富邦-陽明,2024-08-01,9604
00687B,國泰20年美債,530,148,382,富邦-陽明,2024-08-01,9604
00878,國泰永續高股息,448,94,354,富邦-陽明,2024-08-01,9604
00936,台新永續高息中小,282,1,281,富邦-陽明,2024-08-01,9604
00919,群益台灣精選高息,307,50,257,富邦-陽明,2024-08-01,9604
00665L,富邦�琤肭磪囓�2,275,20,255,富邦-陽明,2024-08-01,9604
2891,中信金,235,28,207,富邦-陽明,2024-08-01,9604
00918,大華優利高填息30,194,6,188,富邦-陽明,2024-08-01,9604
00637L,元大滬深300正2,140,29,111,富邦-陽明,2024-08-01,9604
00951,台新日本半導體,109,0,109,富邦-陽明,2024-08-01,9604
00937B,群益ESG投等債20,356,249,107,富邦-陽明,2024-08-01,9604
1514,亞力,116,11,105,富邦-陽明,2024-08-01,9604
00929,復華台灣科技優息,310,205,105,富邦-陽明,2024-08-01,9604
1444,力麗,105,2,103,富邦-陽明,2024-08-01,9604
2884,玉山金,104,1,103,富邦-陽明,2024-08-01,9604
3047,訊舟,212,115,97,富邦-陽明,2024-08-01,9604
00915,凱基優選高股息30,94,5,89,富邦-陽明,2024-08-01,9604
5876,上海商銀,82,0,82,富邦-陽明,2024-08-01,9604
00733,富邦臺灣中小,77,0,77,富邦-陽明,2024-08-01,9604
2362,藍天,95,19,76,富邦-陽明,2024-08-01,9604
00679B,元大美債20年,189,120,69,富邦-陽明,2024-08-01,9604
00933B,國泰10Y+金融債,91,26,65,富邦-陽明,2024-08-01,9604
2388,威盛,66,4,62,富邦-陽明,2024-08-01,9604
2538,基泰,156,98,58,富邦-陽明,2024-08-01,9604
6127,九豪,67,11,56,富邦-陽明,2024-08-01,9604
2392,正崴,65,10,55,富邦-陽明,2024-08-01,9604
00891,中信關鍵半導體,58,4,54,富邦-陽明,2024-08-01,9604
2344,華邦電,118,65,53,富邦-陽明,2024-08-01,9604
2349,錸德,222,172,50,富邦-陽明,2024-08-01,9604
6591,動力-KY,50,0,50,富邦-陽明,2024-08-01,9604
00650L,復華香港正2,51,3,48,富邦-陽明,2024-08-01,9604
6156,松上,54,6,48,富邦-陽明,2024-08-01,9604
2363,矽統,179,133,46,富邦-陽明,2024-08-01,9604
00934,中信成長高股息,49,3,46,富邦-陽明,2024-08-01,9604
00940,元大台灣價值高息,148,103,45,富邦-陽明,2024-08-01,9604
2204,中華,51,6,45,富邦-陽明,2024-08-01,9604
1569,濱川,55,12,43,富邦-陽明,2024-08-01,9604
00949,復華日本龍頭,43,0,43,富邦-陽明,2024-08-01,9604
3516,亞帝歐,47,5,42,富邦-陽明,2024-08-01,9604
6216,居易,42,1,41,富邦-陽明,2024-08-01,9604
3520,華盈,40,1,39,富邦-陽明,2024-08-01,9604
00830,國泰費城半導體,40,3,37,富邦-陽明,2024-08-01,9604
8064,東捷,144,108,36,富邦-陽明,2024-08-01,9604
6443,元晶,39,3,36,富邦-陽明,2024-08-01,9604
2887,台新金,46,11,35,富邦-陽明,2024-08-01,9604
0056,元大高股息,94,59,35,富邦-陽明,2024-08-01,9604
6239,力成,35,1,34,富邦-陽明,2024-08-01,9604
00713,元大台灣高息低波,48,15,33,富邦-陽明,2024-08-01,9604
2313,華通,43,9,34,富邦-陽明,2024-08-01,9604
0050,元大台灣50,46,13,33,富邦-陽明,2024-08-01,9604
00878,國泰永續高股息,1058,5,1053,富邦-陽明,2024-08-02,9604
00929,復華台灣科技優息,882,115,767,富邦-陽明,2024-08-02,9604
2330,台積電,698,67,631,富邦-陽明,2024-08-02,9604
00919,群益台灣精選高息,830,204,626,富邦-陽明,2024-08-02,9604
1314,中石化,517,45,472,富邦-陽明,2024-08-02,9604
00665L,富邦�琤肭磪囓�2,500,34,466,富邦-陽明,2024-08-02,9604
2317,鴻海,545,83,462,富邦-陽明,2024-08-02,9604
00687B,國泰20年美債,535,108,427,富邦-陽明,2024-08-02,9604
00680L,元大美債20正2,594,197,397,富邦-陽明,2024-08-02,9604
00937B,群益ESG投等債20,554,164,390,富邦-陽明,2024-08-02,9604
00679B,元大美債20年,478,187,291,富邦-陽明,2024-08-02,9604
2303,聯電,461,175,286,富邦-陽明,2024-08-02,9604
00940,元大台灣價值高息,581,316,265,富邦-陽明,2024-08-02,9604
00936,台新永續高息中小,241,0,241,富邦-陽明,2024-08-02,9604
2891,中信金,242,21,221,富邦-陽明,2024-08-02,9604
0056,元大高股息,292,86,206,富邦-陽明,2024-08-02,9604
8927,北基,200,0,200,富邦-陽明,2024-08-02,9604
3231,緯創,219,37,182,富邦-陽明,2024-08-02,9604
00881,國泰台灣5G+,216,35,181,富邦-陽明,2024-08-02,9604
00932,兆豐永續高息等權,177,1,176,富邦-陽明,2024-08-02,9604
00946,群益科技高息成長,206,32,174,富邦-陽明,2024-08-02,9604
2885,元大金,169,2,167,富邦-陽明,2024-08-02,9604
3037,欣興,190,30,160,富邦-陽明,2024-08-02,9604
2382,廣達,220,67,153,富邦-陽明,2024-08-02,9604
00715L,期街口布蘭特正2,155,4,151,富邦-陽明,2024-08-02,9604
00933B,國泰10Y+金融債,173,25,148,富邦-陽明,2024-08-02,9604
006208,富邦台50,142,15,127,富邦-陽明,2024-08-02,9604
9945,潤泰新,244,125,119,富邦-陽明,2024-08-02,9604
00753L,中信中國50正2,116,1,115,富邦-陽明,2024-08-02,9604
0050,元大台灣50,129,16,113,富邦-陽明,2024-08-02,9604
2834,臺企銀,126,18,108,富邦-陽明,2024-08-02,9604
00905,FT臺灣Smart,103,11,92,富邦-陽明,2024-08-02,9604
3019,亞光,148,56,92,富邦-陽明,2024-08-02,9604
2886,兆豐金,99,9,90,富邦-陽明,2024-08-02,9604
00795B,中信美國公債20年,140,50,90,富邦-陽明,2024-08-02,9604
2449,京元電子,153,69,84,富邦-陽明,2024-08-02,9604
00918,大華優利高填息30,85,4,81,富邦-陽明,2024-08-02,9604
00900,富邦特選高股息30,81,6,75,富邦-陽明,2024-08-02,9604
00650L,復華香港正2,101,31,70,富邦-陽明,2024-08-02,9604
00927,群益半導體收益,82,15,67,富邦-陽明,2024-08-02,9604
00915,凱基優選高股息30,65,1,64,富邦-陽明,2024-08-02,9604
00934,中信成長高股息,231,169,62,富邦-陽明,2024-08-02,9604
2388,威盛,84,24,60,富邦-陽明,2024-08-02,9604
00941,中信上游半導體,60,4,56,富邦-陽明,2024-08-02,9604
00891,中信關鍵半導體,57,3,54,富邦-陽明,2024-08-02,9604
2344,華邦電,439,385,54,富邦-陽明,2024-08-02,9604
3711,日月光投控,61,10,51,富邦-陽明,2024-08-02,9604
00712,復華富時不動產,61,10,51,富邦-陽明,2024-08-02,9604
1605,華新,51,1,50,富邦-陽明,2024-08-02,9604
9958,世紀鋼,219,170,49,富邦-陽明,2024-08-02,9604
00878,國泰永續高股息,1787,486,1301,富邦-陽明,2024-08-05,9604
00940,元大台灣價值高息,1601,323,1278,富邦-陽明,2024-08-05,9604
0056,元大高股息,821,142,679,富邦-陽明,2024-08-05,9604
3645,達邁,629,2,627,富邦-陽明,2024-08-05,9604
3481,群創,692,115,577,富邦-陽明,2024-08-05,9604
00929,復華台灣科技優息,2128,1554,574,富邦-陽明,2024-08-05,9604
00680L,元大美債20正2,771,284,487,富邦-陽明,2024-08-05,9604
2409,友達,426,27,399,富邦-陽明,2024-08-05,9604
00946,群益科技高息成長,377,0,377,富邦-陽明,2024-08-05,9604
00891,中信關鍵半導體,383,31,352,富邦-陽明,2024-08-05,9604
2317,鴻海,631,332,299,富邦-陽明,2024-08-05,9604
2330,台積電,479,201,278,富邦-陽明,2024-08-05,9604
00679B,元大美債20年,582,341,241,富邦-陽明,2024-08-05,9604
00665L,富邦�琤肭磪囓�2,235,16,219,富邦-陽明,2024-08-05,9604
0050,元大台灣50,260,47,213,富邦-陽明,2024-08-05,9604
1409,新纖,206,3,203,富邦-陽明,2024-08-05,9604
00715L,期街口布蘭特正2,197,5,192,富邦-陽明,2024-08-05,9604
4123,晟德,199,9,190,富邦-陽明,2024-08-05,9604
006208,富邦台50,251,62,189,富邦-陽明,2024-08-05,9604
00919,群益台灣精選高息,1132,992,140,富邦-陽明,2024-08-05,9604
2382,廣達,191,60,131,富邦-陽明,2024-08-05,9604
6257,矽格,130,1,129,富邦-陽明,2024-08-05,9604
1313,聯成,119,1,118,富邦-陽明,2024-08-05,9604
00900,富邦特選高股息30,180,63,117,富邦-陽明,2024-08-05,9604
00881,國泰台灣5G+,288,171,117,富邦-陽明,2024-08-05,9604
00945B,凱基美國非投等債,119,3,116,富邦-陽明,2024-08-05,9604
2883,凱基金,707,594,113,富邦-陽明,2024-08-05,9604
2891,中信金,296,186,110,富邦-陽明,2024-08-05,9604
2887,台新金,182,74,108,富邦-陽明,2024-08-05,9604
00688L,國泰20年美債正2,226,126,100,富邦-陽明,2024-08-05,9604
00631L,元大台灣50正2,107,13,94,富邦-陽明,2024-08-05,9604
00676R,富邦臺灣加權反1,101,10,91,富邦-陽明,2024-08-05,9604
00915,凱基優選高股息30,119,29,90,富邦-陽明,2024-08-05,9604
00937B,群益ESG投等債20,583,494,89,富邦-陽明,2024-08-05,9604
00753L,中信中國50正2,155,66,89,富邦-陽明,2024-08-05,9604
2002,中鋼,242,153,89,富邦-陽明,2024-08-05,9604
9105,泰金寶-DR,129,40,89,富邦-陽明,2024-08-05,9604
00936,台新永續高息中小,104,16,88,富邦-陽明,2024-08-05,9604
6217,中探針,90,2,88,富邦-陽明,2024-08-05,9604
1314,中石化,132,45,87,富邦-陽明,2024-08-05,9604
2352,佳世達,91,5,86,富邦-陽明,2024-08-05,9604
6214,精誠,84,3,81,富邦-陽明,2024-08-05,9604
5299,杰力,80,0,80,富邦-陽明,2024-08-05,9604
00931B,統一美債20年,90,10,80,富邦-陽明,2024-08-05,9604
8011,台通,82,3,79,富邦-陽明,2024-08-05,9604
00885,富邦越南,93,16,77,富邦-陽明,2024-08-05,9604
2897,王道銀行,93,17,76,富邦-陽明,2024-08-05,9604
2408,南亞科,124,49,75,富邦-陽明,2024-08-05,9604
00713,元大台灣高息低波,200,126,74,富邦-陽明,2024-08-05,9604
2515,中工,169,96,73,富邦-陽明,2024-08-05,9604
00632R,元大台灣50反1,3622,770,2852,富邦-陽明,2024-08-06,9604
00940,元大台灣價值高息,735,134,601,富邦-陽明,2024-08-06,9604
00679B,元大美債20年,703,151,552,富邦-陽明,2024-08-06,9604
00929,復華台灣科技優息,877,336,541,富邦-陽明,2024-08-06,9604
3052,夆典,502,0,502,富邦-陽明,2024-08-06,9604
2887,台新金,442,104,338,富邦-陽明,2024-08-06,9604
00878,國泰永續高股息,540,280,260,富邦-陽明,2024-08-06,9604
2317,鴻海,649,398,251,富邦-陽明,2024-08-06,9604
00927,群益半導體收益,246,11,235,富邦-陽明,2024-08-06,9604
1314,中石化,243,13,230,富邦-陽明,2024-08-06,9604
1513,中興電,265,46,219,富邦-陽明,2024-08-06,9604
1477,聚陽,206,0,206,富邦-陽明,2024-08-06,9604
00900,富邦特選高股息30,220,52,168,富邦-陽明,2024-08-06,9604
00919,群益台灣精選高息,476,314,162,富邦-陽明,2024-08-06,9604
00637L,元大滬深300正2,160,5,155,富邦-陽明,2024-08-06,9604
1608,華榮,126,5,121,富邦-陽明,2024-08-06,9604
8043,蜜望實,217,105,112,富邦-陽明,2024-08-06,9604
2337,旺宏,147,37,110,富邦-陽明,2024-08-06,9604
00686R,群益臺灣加權反1,100,0,100,富邦-陽明,2024-08-06,9604
2834,臺企銀,157,57,100,富邦-陽明,2024-08-06,9604
3037,欣興,136,46,90,富邦-陽明,2024-08-06,9604
2515,中工,102,17,85,富邦-陽明,2024-08-06,9604
0056,元大高股息,221,138,83,富邦-陽明,2024-08-06,9604
5201,凱衛,91,18,73,富邦-陽明,2024-08-06,9604
2409,友達,245,175,70,富邦-陽明,2024-08-06,9604
1785,光洋科,88,22,66,富邦-陽明,2024-08-06,9604
3645,達邁,67,2,65,富邦-陽明,2024-08-06,9604
00881,國泰台灣5G+,118,53,65,富邦-陽明,2024-08-06,9604
0050,元大台灣50,194,130,64,富邦-陽明,2024-08-06,9604
00751B,元大AAA至A公司債,117,54,63,富邦-陽明,2024-08-06,9604
00795B,中信美國公債20年,64,1,63,富邦-陽明,2024-08-06,9604
00725B,國泰投資級公司債,67,6,61,富邦-陽明,2024-08-06,9604
2618,長榮航,143,84,59,富邦-陽明,2024-08-06,9604
5490,同亨,63,7,56,富邦-陽明,2024-08-06,9604
4746,台耀,58,4,54,富邦-陽明,2024-08-06,9604
2801,彰銀,85,37,48,富邦-陽明,2024-08-06,9604
00764B,群益25年美債,48,0,48,富邦-陽明,2024-08-06,9604
4147,中裕,49,1,48,富邦-陽明,2024-08-06,9604
4583,台灣精銳,45,0,45,富邦-陽明,2024-08-06,9604
3047,訊舟,115,71,44,富邦-陽明,2024-08-06,9604
6116,彩晶,75,31,44,富邦-陽明,2024-08-06,9604
8438,昶昕,44,0,44,富邦-陽明,2024-08-06,9604
9945,潤泰新,114,70,44,富邦-陽明,2024-08-06,9604
2383,台光電,129,86,43,富邦-陽明,2024-08-06,9604
9902,台火,46,6,40,富邦-陽明,2024-08-06,9604
00862B,中信投資級公司債,60,20,40,富邦-陽明,2024-08-06,9604
00947,台新臺灣IC設計,42,3,39,富邦-陽明,2024-08-06,9604
00675L,富邦臺灣加權正2,101,63,38,富邦-陽明,2024-08-06,9604
2888,新光金,179,141,38,富邦-陽明,2024-08-06,9604
1570,力肯,40,2,38,富邦-陽明,2024-08-06,9604
00632R,元大台灣50反1,1384,473,911,富邦-陽明,2024-08-07,9604
2888,新光金,746,120,626,富邦-陽明,2024-08-07,9604
00679B,元大美債20年,546,84,462,富邦-陽明,2024-08-07,9604
00937B,群益ESG投等債20,528,86,442,富邦-陽明,2024-08-07,9604
00929,復華台灣科技優息,737,467,270,富邦-陽明,2024-08-07,9604
00715L,期街口布蘭特正2,222,2,220,富邦-陽明,2024-08-07,9604
00878,國泰永續高股息,432,220,212,富邦-陽明,2024-08-07,9604
3481,群創,225,48,177,富邦-陽明,2024-08-07,9604
2349,錸德,332,162,170,富邦-陽明,2024-08-07,9604
2892,第一金,175,6,169,富邦-陽明,2024-08-07,9604
2515,中工,234,68,166,富邦-陽明,2024-08-07,9604
00751B,元大AAA至A公司債,188,27,161,富邦-陽明,2024-08-07,9604
2542,興富發,168,30,138,富邦-陽明,2024-08-07,9604
2834,臺企銀,212,76,136,富邦-陽明,2024-08-07,9604
00927,群益半導體收益,140,10,130,富邦-陽明,2024-08-07,9604
2891,中信金,174,63,111,富邦-陽明,2024-08-07,9604
00772B,中信高評級公司債,105,10,95,富邦-陽明,2024-08-07,9604
00919,群益台灣精選高息,281,192,89,富邦-陽明,2024-08-07,9604
2409,友達,129,46,83,富邦-陽明,2024-08-07,9604
9907,統一實,178,95,83,富邦-陽明,2024-08-07,9604
2233,宇隆,80,0,80,富邦-陽明,2024-08-07,9604
2323,中環,101,26,75,富邦-陽明,2024-08-07,9604
00935,野村臺灣新科技50,72,1,71,富邦-陽明,2024-08-07,9604
6213,聯茂,134,63,71,富邦-陽明,2024-08-07,9604
2408,南亞科,92,23,69,富邦-陽明,2024-08-07,9604
6446,藥華藥,82,15,67,富邦-陽明,2024-08-07,9604
00900,富邦特選高股息30,83,16,67,富邦-陽明,2024-08-07,9604
00664R,國泰臺灣加權反1,68,1,67,富邦-陽明,2024-08-07,9604
1303,南亞,69,6,63,富邦-陽明,2024-08-07,9604
2317,鴻海,312,248,64,富邦-陽明,2024-08-07,9604
00680L,元大美債20正2,185,122,63,富邦-陽明,2024-08-07,9604
2382,廣達,147,86,61,富邦-陽明,2024-08-07,9604
4960,誠美材,62,1,61,富邦-陽明,2024-08-07,9604
2363,矽統,87,33,54,富邦-陽明,2024-08-07,9604
1216,統一,50,0,50,富邦-陽明,2024-08-07,9604
00949,復華日本龍頭,50,3,47,富邦-陽明,2024-08-07,9604
3037,欣興,91,44,47,富邦-陽明,2024-08-07,9604
2337,旺宏,72,26,46,富邦-陽明,2024-08-07,9604
00933B,國泰10Y+金融債,108,63,45,富邦-陽明,2024-08-07,9604
2421,建準,108,64,44,富邦-陽明,2024-08-07,9604
9105,泰金寶-DR,75,31,44,富邦-陽明,2024-08-07,9604
6274,台燿,57,13,44,富邦-陽明,2024-08-07,9604
00881,國泰台灣5G+,67,27,40,富邦-陽明,2024-08-07,9604
00907,永豐優息存股,41,0,41,富邦-陽明,2024-08-07,9604
2881,富邦金,91,51,40,富邦-陽明,2024-08-07,9604
00892,富邦台灣半導體,50,10,40,富邦-陽明,2024-08-07,9604
2376,技嘉,56,17,39,富邦-陽明,2024-08-07,9604
00948B,中信優息投資級債,60,20,40,富邦-陽明,2024-08-07,9604
1101,台泥,39,1,38,富邦-陽明,2024-08-07,9604
2887,台新金,98,63,35,富邦-陽明,2024-08-07,9604
00929,復華台灣科技優息,618,100,518,富邦-陽明,2024-08-08,9604
2886,兆豐金,485,15,470,富邦-陽明,2024-08-08,9604
00632R,元大台灣50反1,760,355,405,富邦-陽明,2024-08-08,9604
00679B,元大美債20年,415,101,314,富邦-陽明,2024-08-08,9604
2317,鴻海,453,203,250,富邦-陽明,2024-08-08,9604
00878,國泰永續高股息,388,140,248,富邦-陽明,2024-08-08,9604
8043,蜜望實,357,130,227,富邦-陽明,2024-08-08,9604
1714,和桐,211,30,181,富邦-陽明,2024-08-08,9604
2834,臺企銀,213,44,169,富邦-陽明,2024-08-08,9604
6187,萬潤,179,16,163,富邦-陽明,2024-08-08,9604
4157,太景*-KY,150,0,150,富邦-陽明,2024-08-08,9604
00795B,中信美國公債20年,117,0,117,富邦-陽明,2024-08-08,9604
0056,元大高股息,135,20,115,富邦-陽明,2024-08-08,9604
00933B,國泰10Y+金融債,157,57,100,富邦-陽明,2024-08-08,9604
00882,中信中國高股息,106,8,98,富邦-陽明,2024-08-08,9604
2409,友達,115,19,96,富邦-陽明,2024-08-08,9604
2892,第一金,189,102,87,富邦-陽明,2024-08-08,9604
2603,長榮,106,23,83,富邦-陽明,2024-08-08,9604
00946,群益科技高息成長,86,6,80,富邦-陽明,2024-08-08,9604
2883,凱基金,107,30,77,富邦-陽明,2024-08-08,9604
00919,群益台灣精選高息,167,92,75,富邦-陽明,2024-08-08,9604
00720B,元大投資級公司債,84,10,74,富邦-陽明,2024-08-08,9604
2515,中工,97,27,70,富邦-陽明,2024-08-08,9604
00934,中信成長高股息,74,5,69,富邦-陽明,2024-08-08,9604
2344,華邦電,109,41,68,富邦-陽明,2024-08-08,9604
00945B,凱基美國非投等債,65,0,65,富邦-陽明,2024-08-08,9604
2363,矽統,77,12,65,富邦-陽明,2024-08-08,9604
2476,鉅祥,87,23,64,富邦-陽明,2024-08-08,9604
00680L,元大美債20正2,74,11,63,富邦-陽明,2024-08-08,9604
00905,FT臺灣Smart,63,0,63,富邦-陽明,2024-08-08,9604
6116,彩晶,76,14,62,富邦-陽明,2024-08-08,9604
2382,廣達,122,61,61,富邦-陽明,2024-08-08,9604
3231,緯創,105,44,61,富邦-陽明,2024-08-08,9604
2365,昆盈,468,408,60,富邦-陽明,2024-08-08,9604
3481,群創,84,25,59,富邦-陽明,2024-08-08,9604
2609,陽明,153,95,58,富邦-陽明,2024-08-08,9604
00687B,國泰20年美債,169,113,56,富邦-陽明,2024-08-08,9604
00751B,元大AAA至A公司債,70,14,56,富邦-陽明,2024-08-08,9604
2615,萬海,180,132,48,富邦-陽明,2024-08-08,9604
3048,益登,60,13,47,富邦-陽明,2024-08-08,9604
8107,大億金茂,47,0,47,富邦-陽明,2024-08-08,9604
2888,新光金,77,31,46,富邦-陽明,2024-08-08,9604
00881,國泰台灣5G+,77,31,46,富邦-陽明,2024-08-08,9604
006208,富邦台50,48,3,45,富邦-陽明,2024-08-08,9604
00900,富邦特選高股息30,55,10,45,富邦-陽明,2024-08-08,9604
5443,均豪,84,42,42,富邦-陽明,2024-08-08,9604
1514,亞力,47,6,41,富邦-陽明,2024-08-08,9604
2324,仁寶,52,12,40,富邦-陽明,2024-08-08,9604
6216,居易,37,0,37,富邦-陽明,2024-08-08,9604
6443,元晶,36,0,36,富邦-陽明,2024-08-08,9604
00632R,元大台灣50反1,1167,217,950,富邦-陽明,2024-08-09,9604
00937B,群益ESG投等債20,897,96,801,富邦-陽明,2024-08-09,9604
00687B,國泰20年美債,628,32,596,富邦-陽明,2024-08-09,9604
3019,亞光,599,199,400,富邦-陽明,2024-08-09,9604
00929,復華台灣科技優息,443,109,334,富邦-陽明,2024-08-09,9604
00679B,元大美債20年,426,94,332,富邦-陽明,2024-08-09,9604
00878,國泰永續高股息,408,85,323,富邦-陽明,2024-08-09,9604
00919,群益台灣精選高息,388,112,276,富邦-陽明,2024-08-09,9604
00948B,中信優息投資級債,265,12,253,富邦-陽明,2024-08-09,9604
00927,群益半導體收益,242,38,204,富邦-陽明,2024-08-09,9604
00680L,元大美債20正2,223,22,201,富邦-陽明,2024-08-09,9604
00933B,國泰10Y+金融債,210,10,200,富邦-陽明,2024-08-09,9604
2031,新光鋼,103,2,101,富邦-陽明,2024-08-09,9604
1312,國喬,98,1,97,富邦-陽明,2024-08-09,9604
3047,訊舟,249,157,92,富邦-陽明,2024-08-09,9604
2353,宏��,132,41,91,富邦-陽明,2024-08-09,9604
00688L,國泰20年美債正2,121,37,84,富邦-陽明,2024-08-09,9604
3484,崧騰,80,0,80,富邦-陽明,2024-08-09,9604
8043,蜜望實,145,69,76,富邦-陽明,2024-08-09,9604
00795B,中信美國公債20年,67,0,67,富邦-陽明,2024-08-09,9604
00945B,凱基美國非投等債,67,0,67,富邦-陽明,2024-08-09,9604
00664R,國泰臺灣加權反1,65,0,65,富邦-陽明,2024-08-09,9604
1815,富喬,75,11,64,富邦-陽明,2024-08-09,9604
2834,臺企銀,83,20,63,富邦-陽明,2024-08-09,9604
00940,元大台灣價值高息,142,83,59,富邦-陽明,2024-08-09,9604
2609,陽明,212,152,60,富邦-陽明,2024-08-09,9604
2317,鴻海,280,222,58,富邦-陽明,2024-08-09,9604
6285,啟��,58,13,45,富邦-陽明,2024-08-09,9604
00720B,元大投資級公司債,53,10,43,富邦-陽明,2024-08-09,9604
9907,統一實,45,2,43,富邦-陽明,2024-08-09,9604
00857B,永豐20年美公債,44,2,42,富邦-陽明,2024-08-09,9604
911868,同方友友-DR,42,1,41,富邦-陽明,2024-08-09,9604
6216,居易,41,1,40,富邦-陽明,2024-08-09,9604
2115,六暉-KY,38,0,38,富邦-陽明,2024-08-09,9604
6156,松上,43,6,37,富邦-陽明,2024-08-09,9604
00637L,元大滬深300正2,70,34,36,富邦-陽明,2024-08-09,9604
00936,台新永續高息中小,46,11,35,富邦-陽明,2024-08-09,9604
1536,和大,67,32,35,富邦-陽明,2024-08-09,9604
2801,彰銀,39,5,34,富邦-陽明,2024-08-09,9604
3048,益登,57,23,34,富邦-陽明,2024-08-09,9604
8096,擎亞,104,70,34,富邦-陽明,2024-08-09,9604
00915,凱基優選高股息30,36,3,33,富邦-陽明,2024-08-09,9604
9921,巨大,32,0,32,富邦-陽明,2024-08-09,9604
3617,碩天,31,0,31,富邦-陽明,2024-08-09,9604
2845,遠東銀,46,15,31,富邦-陽明,2024-08-09,9604
3593,力銘,31,0,31,富邦-陽明,2024-08-09,9604
4153,鈺緯,33,2,31,富邦-陽明,2024-08-09,9604
00725B,國泰投資級公司債,30,0,30,富邦-陽明,2024-08-09,9604
3188,鑫龍騰,31,1,30,富邦-陽明,2024-08-09,9604
1714,和桐,31,1,30,富邦-陽明,2024-08-09,9604
00632R,元大台灣50反1,1259,589,670,富邦-陽明,2024-08-12,9604
2891,中信金,259,49,210,富邦-陽明,2024-08-12,9604
00687B,國泰20年美債,229,37,192,富邦-陽明,2024-08-12,9604
00937B,群益ESG投等債20,204,40,164,富邦-陽明,2024-08-12,9604
2885,元大金,153,0,153,富邦-陽明,2024-08-12,9604
2880,華南金,188,38,150,富邦-陽明,2024-08-12,9604
00680L,元大美債20正2,147,4,143,富邦-陽明,2024-08-12,9604
00933B,國泰10Y+金融債,176,39,137,富邦-陽明,2024-08-12,9604
00795B,中信美國公債20年,132,0,132,富邦-陽明,2024-08-12,9604
2312,金寶,297,168,129,富邦-陽明,2024-08-12,9604
2383,台光電,128,5,123,富邦-陽明,2024-08-12,9604
00690,兆豐藍籌30,120,0,120,富邦-陽明,2024-08-12,9604
00878,國泰永續高股息,278,162,116,富邦-陽明,2024-08-12,9604
3167,大量,119,22,97,富邦-陽明,2024-08-12,9604
2409,友達,109,14,95,富邦-陽明,2024-08-12,9604
2344,華邦電,162,90,72,富邦-陽明,2024-08-12,9604
4303,信立,87,15,72,富邦-陽明,2024-08-12,9604
00931B,統一美債20年,73,2,71,富邦-陽明,2024-08-12,9604
00688L,國泰20年美債正2,74,5,69,富邦-陽明,2024-08-12,9604
3715,定穎投控,76,16,60,富邦-陽明,2024-08-12,9604
00948B,中信優息投資級債,78,22,56,富邦-陽明,2024-08-12,9604
9902,台火,58,4,54,富邦-陽明,2024-08-12,9604
5516,雙喜,52,0,52,富邦-陽明,2024-08-12,9604
3285,微端,50,0,50,富邦-陽明,2024-08-12,9604
3481,群創,184,135,49,富邦-陽明,2024-08-12,9604
8076,伍豐,51,3,48,富邦-陽明,2024-08-12,9604
2421,建準,47,6,41,富邦-陽明,2024-08-12,9604
00900,富邦特選高股息30,48,7,41,富邦-陽明,2024-08-12,9604
4958,臻鼎-KY,47,7,40,富邦-陽明,2024-08-12,9604
00713,元大台灣高息低波,45,6,39,富邦-陽明,2024-08-12,9604
00685L,群益臺灣加權正2,42,4,38,富邦-陽明,2024-08-12,9604
2887,台新金,57,20,37,富邦-陽明,2024-08-12,9604
3450,聯鈞,94,58,36,富邦-陽明,2024-08-12,9604
00942B,台新美A公司債20+,35,0,35,富邦-陽明,2024-08-12,9604
3083,網龍,36,1,35,富邦-陽明,2024-08-12,9604
9907,統一實,42,7,35,富邦-陽明,2024-08-12,9604
2812,台中銀,34,0,34,富邦-陽明,2024-08-12,9604
00664R,國泰臺灣加權反1,35,1,34,富邦-陽明,2024-08-12,9604
00731,復華富時高息低波,32,0,32,富邦-陽明,2024-08-12,9604
00927,群益半導體收益,40,8,32,富邦-陽明,2024-08-12,9604
6799,來頡,33,2,31,富邦-陽明,2024-08-12,9604
1569,濱川,31,0,31,富邦-陽明,2024-08-12,9604
2359,所羅門,86,56,30,富邦-陽明,2024-08-12,9604
5364,力麗店,31,2,29,富邦-陽明,2024-08-12,9604
00949,復華日本龍頭,30,1,29,富邦-陽明,2024-08-12,9604
2610,華航,100,72,28,富邦-陽明,2024-08-12,9604
4523,永彰,32,7,25,富邦-陽明,2024-08-12,9604
2543,皇昌,40,15,25,富邦-陽明,2024-08-12,9604
1609,大亞,86,61,25,富邦-陽明,2024-08-12,9604
3374,精材,45,20,25,富邦-陽明,2024-08-12,9604
00632R,元大台灣50反1,591,55,536,富邦-陽明,2024-08-13,9604
2880,華南金,462,12,450,富邦-陽明,2024-08-13,9604
00679B,元大美債20年,328,6,322,富邦-陽明,2024-08-13,9604
2615,萬海,382,143,239,富邦-陽明,2024-08-13,9604
00948B,中信優息投資級債,337,153,184,富邦-陽明,2024-08-13,9604
2801,彰銀,194,12,182,富邦-陽明,2024-08-13,9604
2886,兆豐金,186,14,172,富邦-陽明,2024-08-13,9604
6187,萬潤,180,9,171,富邦-陽明,2024-08-13,9604
1314,中石化,147,9,138,富邦-陽明,2024-08-13,9604
00687B,國泰20年美債,137,13,124,富邦-陽明,2024-08-13,9604
00878,國泰永續高股息,240,119,121,富邦-陽明,2024-08-13,9604
9958,世紀鋼,112,5,107,富邦-陽明,2024-08-13,9604
00937B,群益ESG投等債20,210,106,104,富邦-陽明,2024-08-13,9604
00795B,中信美國公債20年,103,1,102,富邦-陽明,2024-08-13,9604
1301,台塑,115,16,99,富邦-陽明,2024-08-13,9604
2891,中信金,143,49,94,富邦-陽明,2024-08-13,9604
2603,長榮,158,66,92,富邦-陽明,2024-08-13,9604
00650L,復華香港正2,118,28,90,富邦-陽明,2024-08-13,9604
00919,群益台灣精選高息,120,32,88,富邦-陽明,2024-08-13,9604
00936,台新永續高息中小,99,12,87,富邦-陽明,2024-08-13,9604
1513,中興電,137,50,87,富邦-陽明,2024-08-13,9604
00933B,國泰10Y+金融債,90,4,86,富邦-陽明,2024-08-13,9604
6838,台新藥,94,14,80,富邦-陽明,2024-08-13,9604
2609,陽明,213,134,79,富邦-陽明,2024-08-13,9604
8076,伍豐,81,6,75,富邦-陽明,2024-08-13,9604
00637L,元大滬深300正2,70,0,70,富邦-陽明,2024-08-13,9604
2208,台船,82,14,68,富邦-陽明,2024-08-13,9604
00904,新光臺灣半導體30,59,0,59,富邦-陽明,2024-08-13,9604
3231,緯創,113,55,58,富邦-陽明,2024-08-13,9604
00680L,元大美債20正2,98,42,56,富邦-陽明,2024-08-13,9604
00881,國泰台灣5G+,78,24,54,富邦-陽明,2024-08-13,9604
00945B,凱基美國非投等債,49,0,49,富邦-陽明,2024-08-13,9604
00688L,國泰20年美債正2,52,3,49,富邦-陽明,2024-08-13,9604
3705,永信,56,10,46,富邦-陽明,2024-08-13,9604
5443,均豪,151,106,45,富邦-陽明,2024-08-13,9604
2356,英業達,52,10,42,富邦-陽明,2024-08-13,9604
9907,統一實,56,16,40,富邦-陽明,2024-08-13,9604
00751B,元大AAA至A公司債,43,3,40,富邦-陽明,2024-08-13,9604
00675L,富邦臺灣加權正2,97,59,38,富邦-陽明,2024-08-13,9604
5450,南良,35,0,35,富邦-陽明,2024-08-13,9604
2883B,凱基金乙特,35,0,35,富邦-陽明,2024-08-13,9604
3013,晟銘電,205,171,34,富邦-陽明,2024-08-13,9604
4561,健椿,51,17,34,富邦-陽明,2024-08-13,9604
00946,群益科技高息成長,33,0,33,富邦-陽明,2024-08-13,9604
2884,玉山金,50,18,32,富邦-陽明,2024-08-13,9604
1532,勤美,35,3,32,富邦-陽明,2024-08-13,9604
2409,友達,31,1,30,富邦-陽明,2024-08-13,9604
1815,富喬,65,35,30,富邦-陽明,2024-08-13,9604
0056,元大高股息,45,15,30,富邦-陽明,2024-08-13,9604
5880,合庫金,60,33,27,富邦-陽明,2024-08-13,9604
00687B,國泰20年美債,761,48,713,富邦-陽明,2024-08-14,9604
00881,國泰台灣5G+,614,52,562,富邦-陽明,2024-08-14,9604
5443,均豪,590,94,496,富邦-陽明,2024-08-14,9604
00679B,元大美債20年,415,52,363,富邦-陽明,2024-08-14,9604
1101,台泥,477,248,229,富邦-陽明,2024-08-14,9604
00688L,國泰20年美債正2,281,87,194,富邦-陽明,2024-08-14,9604
00878,國泰永續高股息,342,167,175,富邦-陽明,2024-08-14,9604
00937B,群益ESG投等債20,231,66,165,富邦-陽明,2024-08-14,9604
2615,萬海,243,87,156,富邦-陽明,2024-08-14,9604
00795B,中信美國公債20年,155,0,155,富邦-陽明,2024-08-14,9604
3481,群創,284,151,133,富邦-陽明,2024-08-14,9604
00948B,中信優息投資級債,123,0,123,富邦-陽明,2024-08-14,9604
00945B,凱基美國非投等債,121,2,119,富邦-陽明,2024-08-14,9604
00637L,元大滬深300正2,113,4,109,富邦-陽明,2024-08-14,9604
00680L,元大美債20正2,259,158,101,富邦-陽明,2024-08-14,9604
00900,富邦特選高股息30,120,22,98,富邦-陽明,2024-08-14,9604
00931B,統一美債20年,106,9,97,富邦-陽明,2024-08-14,9604
3033,威健,95,0,95,富邦-陽明,2024-08-14,9604
2356,英業達,508,414,94,富邦-陽明,2024-08-14,9604
2365,昆盈,378,286,92,富邦-陽明,2024-08-14,9604
3324,雙鴻,96,9,87,富邦-陽明,2024-08-14,9604
2603,長榮,159,79,80,富邦-陽明,2024-08-14,9604
2401,凌陽,93,27,66,富邦-陽明,2024-08-14,9604
3047,訊舟,125,59,66,富邦-陽明,2024-08-14,9604
2888,新光金,126,65,61,富邦-陽明,2024-08-14,9604
8996,高力,118,62,56,富邦-陽明,2024-08-14,9604
3202,樺晟,54,1,53,富邦-陽明,2024-08-14,9604
6757,台灣虎航,51,0,51,富邦-陽明,2024-08-14,9604
00650L,復華香港正2,58,7,51,富邦-陽明,2024-08-14,9604
00929,復華台灣科技優息,261,210,51,富邦-陽明,2024-08-14,9604
4562,穎漢,158,108,50,富邦-陽明,2024-08-14,9604
8096,擎亞,262,212,50,富邦-陽明,2024-08-14,9604
9907,統一實,50,0,50,富邦-陽明,2024-08-14,9604
2634,漢翔,56,6,50,富邦-陽明,2024-08-14,9604
3303,岱稜,79,30,49,富邦-陽明,2024-08-14,9604
00715L,期街口布蘭特正2,54,10,44,富邦-陽明,2024-08-14,9604
2543,皇昌,92,48,44,富邦-陽明,2024-08-14,9604
8150,南茂,56,14,42,富邦-陽明,2024-08-14,9604
2115,六暉-KY,41,0,41,富邦-陽明,2024-08-14,9604
1909,榮成,40,0,40,富邦-陽明,2024-08-14,9604
00936,台新永續高息中小,41,2,39,富邦-陽明,2024-08-14,9604
1604,聲寶,40,1,39,富邦-陽明,2024-08-14,9604
2489,瑞軒,52,15,37,富邦-陽明,2024-08-14,9604
3231,緯創,101,64,37,富邦-陽明,2024-08-14,9604
2464,盟立,73,40,33,富邦-陽明,2024-08-14,9604
4958,臻鼎-KY,42,11,31,富邦-陽明,2024-08-14,9604
8104,錸寶,32,2,30,富邦-陽明,2024-08-14,9604
00712,復華富時不動產,28,0,28,富邦-陽明,2024-08-14,9604
4513,福裕,55,28,27,富邦-陽明,2024-08-14,9604
8028,昇陽半導體,49,23,26,富邦-陽明,2024-08-14,9604
00687B,國泰20年美債,930,120,810,富邦-陽明,2024-08-15,9604
2886,兆豐金,794,1,793,富邦-陽明,2024-08-15,9604
00679B,元大美債20年,772,62,710,富邦-陽明,2024-08-15,9604
00937B,群益ESG投等債20,768,71,697,富邦-陽明,2024-08-15,9604
00900,富邦特選高股息30,471,124,347,富邦-陽明,2024-08-15,9604
2888,新光金,348,43,305,富邦-陽明,2024-08-15,9604
00878,國泰永續高股息,451,209,242,富邦-陽明,2024-08-15,9604
00632R,元大台灣50反1,320,120,200,富邦-陽明,2024-08-15,9604
6187,萬潤,228,41,187,富邦-陽明,2024-08-15,9604
00929,復華台灣科技優息,301,120,181,富邦-陽明,2024-08-15,9604
2885,元大金,157,3,154,富邦-陽明,2024-08-15,9604
2208,台船,161,11,150,富邦-陽明,2024-08-15,9604
2002,中鋼,164,14,150,富邦-陽明,2024-08-15,9604
00680L,元大美債20正2,357,212,145,富邦-陽明,2024-08-15,9604
2801,彰銀,367,227,140,富邦-陽明,2024-08-15,9604
00919,群益台灣精選高息,153,36,117,富邦-陽明,2024-08-15,9604
00795B,中信美國公債20年,122,10,112,富邦-陽明,2024-08-15,9604
00881,國泰台灣5G+,122,21,101,富邦-陽明,2024-08-15,9604
00948B,中信優息投資級債,126,30,96,富邦-陽明,2024-08-15,9604
2892,第一金,106,15,91,富邦-陽明,2024-08-15,9604
00951,台新日本半導體,91,3,88,富邦-陽明,2024-08-15,9604
6446,藥華藥,108,28,80,富邦-陽明,2024-08-15,9604
00673R,期元大S＆P原油反1,73,0,73,富邦-陽明,2024-08-15,9604
1314,中石化,107,36,71,富邦-陽明,2024-08-15,9604
5880,合庫金,66,2,64,富邦-陽明,2024-08-15,9604
1714,和桐,64,3,61,富邦-陽明,2024-08-15,9604
2887,台新金,75,14,61,富邦-陽明,2024-08-15,9604
2495,普安,73,15,58,富邦-陽明,2024-08-15,9604
00688L,國泰20年美債正2,221,163,58,富邦-陽明,2024-08-15,9604
1453,大將,60,2,58,富邦-陽明,2024-08-15,9604
2634,漢翔,65,12,53,富邦-陽明,2024-08-15,9604
5443,均豪,112,60,52,富邦-陽明,2024-08-15,9604
3712,永崴投控,55,4,51,富邦-陽明,2024-08-15,9604
4958,臻鼎-KY,64,16,48,富邦-陽明,2024-08-15,9604
1301,台塑,47,0,47,富邦-陽明,2024-08-15,9604
3715,定穎投控,116,69,47,富邦-陽明,2024-08-15,9604
1513,中興電,75,28,47,富邦-陽明,2024-08-15,9604
1514,亞力,78,33,45,富邦-陽明,2024-08-15,9604
1597,直得,49,8,41,富邦-陽明,2024-08-15,9604
2405,輔信,40,1,39,富邦-陽明,2024-08-15,9604
9105,泰金寶-DR,38,0,38,富邦-陽明,2024-08-15,9604
2884,玉山金,65,28,37,富邦-陽明,2024-08-15,9604
2812,台中銀,36,0,36,富邦-陽明,2024-08-15,9604
2101,南港,52,17,35,富邦-陽明,2024-08-15,9604
00712,復華富時不動產,34,0,34,富邦-陽明,2024-08-15,9604
2897,王道銀行,40,6,34,富邦-陽明,2024-08-15,9604
4555,氣立,54,21,33,富邦-陽明,2024-08-15,9604
2891,中信金,37,4,33,富邦-陽明,2024-08-15,9604
00934,中信成長高股息,41,10,31,富邦-陽明,2024-08-15,9604
4157,太景*-KY,40,10,30,富邦-陽明,2024-08-15,9604
8043,蜜望實,1028,64,964,富邦-陽明,2024-08-16,9604
00687B,國泰20年美債,1292,439,853,富邦-陽明,2024-08-16,9604
00632R,元大台灣50反1,1027,668,359,富邦-陽明,2024-08-16,9604
00688L,國泰20年美債正2,382,34,348,富邦-陽明,2024-08-16,9604
00919,群益台灣精選高息,355,73,282,富邦-陽明,2024-08-16,9604
00937B,群益ESG投等債20,337,57,280,富邦-陽明,2024-08-16,9604
00680L,元大美債20正2,244,25,219,富邦-陽明,2024-08-16,9604
5443,均豪,389,173,216,富邦-陽明,2024-08-16,9604
00679B,元大美債20年,297,99,198,富邦-陽明,2024-08-16,9604
00929,復華台灣科技優息,372,195,177,富邦-陽明,2024-08-16,9604
00933B,國泰10Y+金融債,173,0,173,富邦-陽明,2024-08-16,9604
2888,新光金,279,112,167,富邦-陽明,2024-08-16,9604
00900,富邦特選高股息30,167,11,156,富邦-陽明,2024-08-16,9604
6120,達運,150,1,149,富邦-陽明,2024-08-16,9604
6743,安普新,100,0,100,富邦-陽明,2024-08-16,9604
2354,鴻準,124,24,100,富邦-陽明,2024-08-16,9604
1326,台化,106,8,98,富邦-陽明,2024-08-16,9604
2515,中工,163,68,95,富邦-陽明,2024-08-16,9604
8096,擎亞,271,176,95,富邦-陽明,2024-08-16,9604
00878,國泰永續高股息,263,177,86,富邦-陽明,2024-08-16,9604
00719B,元大美債1-3,84,0,84,富邦-陽明,2024-08-16,9604
9958,世紀鋼,127,56,71,富邦-陽明,2024-08-16,9604
2495,普安,64,1,63,富邦-陽明,2024-08-16,9604
00936,台新永續高息中小,61,0,61,富邦-陽明,2024-08-16,9604
00773B,中信優先金融債,60,0,60,富邦-陽明,2024-08-16,9604
6016,康和證,71,14,57,富邦-陽明,2024-08-16,9604
2365,昆盈,207,152,55,富邦-陽明,2024-08-16,9604
00795B,中信美國公債20年,102,50,52,富邦-陽明,2024-08-16,9604
00857B,永豐20年美公債,62,10,52,富邦-陽明,2024-08-16,9604
3324,雙鴻,76,25,51,富邦-陽明,2024-08-16,9604
2323,中環,125,74,51,富邦-陽明,2024-08-16,9604
1785,光洋科,123,74,49,富邦-陽明,2024-08-16,9604
8104,錸寶,50,1,49,富邦-陽明,2024-08-16,9604
2062,橋椿,133,88,45,富邦-陽明,2024-08-16,9604
00772B,中信高評級公司債,45,0,45,富邦-陽明,2024-08-16,9604
2609,陽明,127,83,44,富邦-陽明,2024-08-16,9604
2489,瑞軒,91,48,43,富邦-陽明,2024-08-16,9604
00932,兆豐永續高息等權,42,0,42,富邦-陽明,2024-08-16,9604
4549,桓達,57,16,41,富邦-陽明,2024-08-16,9604
2867,三商壽,65,24,41,富邦-陽明,2024-08-16,9604
5364,力麗店,53,12,41,富邦-陽明,2024-08-16,9604
1416,廣豐,55,15,40,富邦-陽明,2024-08-16,9604
1806,冠軍,42,2,40,富邦-陽明,2024-08-16,9604
8021,尖點,57,19,38,富邦-陽明,2024-08-16,9604
00751B,元大AAA至A公司債,48,10,38,富邦-陽明,2024-08-16,9604
00881,國泰台灣5G+,50,12,38,富邦-陽明,2024-08-16,9604
1815,富喬,71,35,36,富邦-陽明,2024-08-16,9604
5386,青雲,36,3,33,富邦-陽明,2024-08-16,9604
3703,欣陸,32,0,32,富邦-陽明,2024-08-16,9604
00696B,富邦美債20年,32,0,32,富邦-陽明,2024-08-16,9604
00687B,國泰20年美債,619,74,545,富邦-陽明,2024-08-19,9604
00688L,國泰20年美債正2,219,0,219,富邦-陽明,2024-08-19,9604
2888,新光金,505,300,205,富邦-陽明,2024-08-19,9604
2102,泰豐,203,0,203,富邦-陽明,2024-08-19,9604
2537,聯上發,185,32,153,富邦-陽明,2024-08-19,9604
00948B,中信優息投資級債,123,0,123,富邦-陽明,2024-08-19,9604
2359,所羅門,225,112,113,富邦-陽明,2024-08-19,9604
3047,訊舟,392,294,98,富邦-陽明,2024-08-19,9604
2495,普安,94,1,93,富邦-陽明,2024-08-19,9604
8043,蜜望實,157,67,90,富邦-陽明,2024-08-19,9604
00933B,國泰10Y+金融債,92,6,86,富邦-陽明,2024-08-19,9604
00720B,元大投資級公司債,85,0,85,富邦-陽明,2024-08-19,9604
00650L,復華香港正2,168,88,80,富邦-陽明,2024-08-19,9604
4566,時碩工業,94,19,75,富邦-陽明,2024-08-19,9604
00929,復華台灣科技優息,357,282,75,富邦-陽明,2024-08-19,9604
2885,元大金,74,0,74,富邦-陽明,2024-08-19,9604
00795B,中信美國公債20年,85,13,72,富邦-陽明,2024-08-19,9604
00881,國泰台灣5G+,75,10,65,富邦-陽明,2024-08-19,9604
5386,青雲,65,2,63,富邦-陽明,2024-08-19,9604
00931B,統一美債20年,64,3,61,富邦-陽明,2024-08-19,9604
00636,國泰中國A50,60,0,60,富邦-陽明,2024-08-19,9604
00680L,元大美債20正2,113,54,59,富邦-陽明,2024-08-19,9604
00945B,凱基美國非投等債,62,6,56,富邦-陽明,2024-08-19,9604
8996,高力,68,12,56,富邦-陽明,2024-08-19,9604
8096,擎亞,116,61,55,富邦-陽明,2024-08-19,9604
00882,中信中國高股息,57,3,54,富邦-陽明,2024-08-19,9604
2615,萬海,85,32,53,富邦-陽明,2024-08-19,9604
00773B,中信優先金融債,51,0,51,富邦-陽明,2024-08-19,9604
2002,中鋼,75,26,49,富邦-陽明,2024-08-19,9604
3441,聯一光,57,12,45,富邦-陽明,2024-08-19,9604
2317,鴻海,106,62,44,富邦-陽明,2024-08-19,9604
8070,長華*,53,11,42,富邦-陽明,2024-08-19,9604
00857B,永豐20年美公債,41,0,41,富邦-陽明,2024-08-19,9604
3593,力銘,41,0,41,富邦-陽明,2024-08-19,9604
2834,臺企銀,46,5,41,富邦-陽明,2024-08-19,9604
3231,緯創,89,48,41,富邦-陽明,2024-08-19,9604
9904,寶成,70,30,40,富邦-陽明,2024-08-19,9604
8064,東捷,133,95,38,富邦-陽明,2024-08-19,9604
2362,藍天,61,23,38,富邦-陽明,2024-08-19,9604
00935,野村臺灣新科技50,39,2,37,富邦-陽明,2024-08-19,9604
3489,森寶,35,0,35,富邦-陽明,2024-08-19,9604
5905,南仁湖,97,63,34,富邦-陽明,2024-08-19,9604
2488,漢平,33,0,33,富邦-陽明,2024-08-19,9604
4906,正文,40,7,33,富邦-陽明,2024-08-19,9604
2354,鴻準,147,115,32,富邦-陽明,2024-08-19,9604
00696B,富邦美債20年,32,0,32,富邦-陽明,2024-08-19,9604
6841,長佳智能,33,1,32,富邦-陽明,2024-08-19,9604
2115,六暉-KY,30,0,30,富邦-陽明,2024-08-19,9604
1449,佳和,31,2,29,富邦-陽明,2024-08-19,9604
9945,潤泰新,36,8,28,富邦-陽明,2024-08-19,9604
00687B,國泰20年美債,729,54,675,富邦-陽明,2024-08-20,9604
1708,東鹼,695,24,671,富邦-陽明,2024-08-20,9604
00715L,期街口布蘭特正2,515,11,504,富邦-陽明,2024-08-20,9604
8043,蜜望實,485,30,455,富邦-陽明,2024-08-20,9604
00937B,群益ESG投等債20,381,199,182,富邦-陽明,2024-08-20,9604
2349,錸德,252,88,164,富邦-陽明,2024-08-20,9604
2317,鴻海,217,92,125,富邦-陽明,2024-08-20,9604
2356,英業達,218,103,115,富邦-陽明,2024-08-20,9604
00923,群益台ESG低碳50,109,0,109,富邦-陽明,2024-08-20,9604
00929,復華台灣科技優息,242,136,106,富邦-陽明,2024-08-20,9604
9958,世紀鋼,159,58,101,富邦-陽明,2024-08-20,9604
00679B,元大美債20年,230,132,98,富邦-陽明,2024-08-20,9604
00919,群益台灣精選高息,165,80,85,富邦-陽明,2024-08-20,9604
2543,皇昌,193,108,85,富邦-陽明,2024-08-20,9604
00680L,元大美債20正2,108,25,83,富邦-陽明,2024-08-20,9604
1785,光洋科,215,135,80,富邦-陽明,2024-08-20,9604
2365,昆盈,261,188,73,富邦-陽明,2024-08-20,9604
2409,友達,112,46,66,富邦-陽明,2024-08-20,9604
00753L,中信中國50正2,65,2,63,富邦-陽明,2024-08-20,9604
00650L,復華香港正2,63,2,61,富邦-陽明,2024-08-20,9604
2885,元大金,62,2,60,富邦-陽明,2024-08-20,9604
00948B,中信優息投資級債,58,0,58,富邦-陽明,2024-08-20,9604
00915,凱基優選高股息30,69,13,56,富邦-陽明,2024-08-20,9604
3580,友威科,99,45,54,富邦-陽明,2024-08-20,9604
8105,凌巨,74,20,54,富邦-陽明,2024-08-20,9604
9904,寶成,53,0,53,富邦-陽明,2024-08-20,9604
00669R,國泰美國道瓊反1,52,0,52,富邦-陽明,2024-08-20,9604
2881,富邦金,122,71,51,富邦-陽明,2024-08-20,9604
1449,佳和,57,6,51,富邦-陽明,2024-08-20,9604
6838,台新藥,50,0,50,富邦-陽明,2024-08-20,9604
9945,潤泰新,126,76,50,富邦-陽明,2024-08-20,9604
2867,三商壽,49,0,49,富邦-陽明,2024-08-20,9604
8028,昇陽半導體,158,113,45,富邦-陽明,2024-08-20,9604
3230,錦明,50,6,44,富邦-陽明,2024-08-20,9604
5230,雷笛克光學,47,4,43,富邦-陽明,2024-08-20,9604
1321,大洋,43,0,43,富邦-陽明,2024-08-20,9604
00931B,統一美債20年,43,0,43,富邦-陽明,2024-08-20,9604
2495,普安,44,3,41,富邦-陽明,2024-08-20,9604
2449,京元電子,58,21,37,富邦-陽明,2024-08-20,9604
2344,華邦電,67,30,37,富邦-陽明,2024-08-20,9604
6125,廣運,93,56,37,富邦-陽明,2024-08-20,9604
2376,技嘉,48,12,36,富邦-陽明,2024-08-20,9604
6937,天虹,38,2,36,富邦-陽明,2024-08-20,9604
5302,太欣,36,0,36,富邦-陽明,2024-08-20,9604
00637L,元大滬深300正2,87,51,36,富邦-陽明,2024-08-20,9604
00882,中信中國高股息,63,28,35,富邦-陽明,2024-08-20,9604
3312,弘憶股,80,45,35,富邦-陽明,2024-08-20,9604
2891,中信金,71,37,34,富邦-陽明,2024-08-20,9604
00795B,中信美國公債20年,40,6,34,富邦-陽明,2024-08-20,9604
1303,南亞,65,32,33,富邦-陽明,2024-08-20,9604
00665L,富邦�琤肭磪囓�2,2079,22,2057,富邦-陽明,2024-08-21,9604
2891,中信金,971,21,950,富邦-陽明,2024-08-21,9604
020033,統一�琤肮黕篾,270,0,270,富邦-陽明,2024-08-21,9604
00919,群益台灣精選高息,279,22,257,富邦-陽明,2024-08-21,9604
00680L,元大美債20正2,390,134,256,富邦-陽明,2024-08-21,9604
00953B,群益優選非投等債,511,281,230,富邦-陽明,2024-08-21,9604
2888,新光金,2066,1855,211,富邦-陽明,2024-08-21,9604
00715L,期街口布蘭特正2,181,2,179,富邦-陽明,2024-08-21,9604
2356,英業達,156,21,135,富邦-陽明,2024-08-21,9604
00688L,國泰20年美債正2,307,175,132,富邦-陽明,2024-08-21,9604
2610,華航,119,2,117,富邦-陽明,2024-08-21,9604
2603,長榮,145,36,109,富邦-陽明,2024-08-21,9604
00679B,元大美債20年,150,41,109,富邦-陽明,2024-08-21,9604
00650L,復華香港正2,149,48,101,富邦-陽明,2024-08-21,9604
00937B,群益ESG投等債20,123,26,97,富邦-陽明,2024-08-21,9604
2618,長榮航,127,37,90,富邦-陽明,2024-08-21,9604
4906,正文,103,16,87,富邦-陽明,2024-08-21,9604
2317,鴻海,173,89,84,富邦-陽明,2024-08-21,9604
4716,大立,92,14,78,富邦-陽明,2024-08-21,9604
2363,矽統,89,15,74,富邦-陽明,2024-08-21,9604
00881,國泰台灣5G+,84,15,69,富邦-陽明,2024-08-21,9604
2344,華邦電,102,36,66,富邦-陽明,2024-08-21,9604
2115,六暉-KY,64,0,64,富邦-陽明,2024-08-21,9604
00929,復華台灣科技優息,231,171,60,富邦-陽明,2024-08-21,9604
2330,台積電,73,13,60,富邦-陽明,2024-08-21,9604
2409,友達,64,6,58,富邦-陽明,2024-08-21,9604
6156,松上,68,11,57,富邦-陽明,2024-08-21,9604
2388,威盛,106,50,56,富邦-陽明,2024-08-21,9604
3010,華立,52,0,52,富邦-陽明,2024-08-21,9604
00753L,中信中國50正2,54,4,50,富邦-陽明,2024-08-21,9604
8064,東捷,133,84,49,富邦-陽明,2024-08-21,9604
3518,柏騰,75,26,49,富邦-陽明,2024-08-21,9604
3013,晟銘電,70,21,49,富邦-陽明,2024-08-21,9604
2412,中華電,51,3,48,富邦-陽明,2024-08-21,9604
6139,亞翔,61,13,48,富邦-陽明,2024-08-21,9604
3455,由田,52,6,46,富邦-陽明,2024-08-21,9604
4564,元翎,46,0,46,富邦-陽明,2024-08-21,9604
2495,普安,45,0,45,富邦-陽明,2024-08-21,9604
00724B,群益投資級金融債,45,0,45,富邦-陽明,2024-08-21,9604
00712,復華富時不動產,44,0,44,富邦-陽明,2024-08-21,9604
00642U,期元大S＆P石油,43,0,43,富邦-陽明,2024-08-21,9604
9904,寶成,43,1,42,富邦-陽明,2024-08-21,9604
0056,元大高股息,71,30,41,富邦-陽明,2024-08-21,9604
4303,信立,43,4,39,富邦-陽明,2024-08-21,9604
8996,高力,43,4,39,富邦-陽明,2024-08-21,9604
3535,晶彩科,152,114,38,富邦-陽明,2024-08-21,9604
8104,錸寶,45,7,38,富邦-陽明,2024-08-21,9604
5309,系統電,110,72,38,富邦-陽明,2024-08-21,9604
6462,神盾,45,10,35,富邦-陽明,2024-08-21,9604
2834,臺企銀,38,3,35,富邦-陽明,2024-08-21,9604
2891,中信金,460,73,387,富邦-陽明,2024-08-22,9604
00680L,元大美債20正2,380,71,309,富邦-陽明,2024-08-22,9604
00715L,期街口布蘭特正2,294,39,255,富邦-陽明,2024-08-22,9604
8043,蜜望實,364,119,245,富邦-陽明,2024-08-22,9604
2890,永豐金,231,2,229,富邦-陽明,2024-08-22,9604
3019,亞光,290,100,190,富邦-陽明,2024-08-22,9604
5443,均豪,309,140,169,富邦-陽明,2024-08-22,9604
00937B,群益ESG投等債20,178,27,151,富邦-陽明,2024-08-22,9604
3047,訊舟,249,114,135,富邦-陽明,2024-08-22,9604
2885,元大金,129,1,128,富邦-陽明,2024-08-22,9604
4566,時碩工業,117,5,112,富邦-陽明,2024-08-22,9604
2867,三商壽,116,8,108,富邦-陽明,2024-08-22,9604
00919,群益台灣精選高息,150,49,101,富邦-陽明,2024-08-22,9604
00907,永豐優息存股,94,0,94,富邦-陽明,2024-08-22,9604
00712,復華富時不動產,91,0,91,富邦-陽明,2024-08-22,9604
00665L,富邦�琤肭磪囓�2,106,23,83,富邦-陽明,2024-08-22,9604
1514,亞力,213,136,77,富邦-陽明,2024-08-22,9604
00687B,國泰20年美債,177,101,76,富邦-陽明,2024-08-22,9604
5371,中光電,114,44,70,富邦-陽明,2024-08-22,9604
00881,國泰台灣5G+,85,15,70,富邦-陽明,2024-08-22,9604
6743,安普新,65,0,65,富邦-陽明,2024-08-22,9604
00637L,元大滬深300正2,54,3,51,富邦-陽明,2024-08-22,9604
2610,華航,67,16,51,富邦-陽明,2024-08-22,9604
00679B,元大美債20年,65,14,51,富邦-陽明,2024-08-22,9604
8089,康全電訊,84,35,49,富邦-陽明,2024-08-22,9604
1785,光洋科,76,29,47,富邦-陽明,2024-08-22,9604
00642U,期元大S＆P石油,47,0,47,富邦-陽明,2024-08-22,9604
2062,橋椿,74,27,47,富邦-陽明,2024-08-22,9604
2881,富邦金,49,6,43,富邦-陽明,2024-08-22,9604
1717,長興,79,40,39,富邦-陽明,2024-08-22,9604
6248,沛波,42,3,39,富邦-陽明,2024-08-22,9604
1513,中興電,74,36,38,富邦-陽明,2024-08-22,9604
2515,中工,46,8,38,富邦-陽明,2024-08-22,9604
2317,鴻海,215,178,37,富邦-陽明,2024-08-22,9604
1584,精剛,89,56,33,富邦-陽明,2024-08-22,9604
2208,台船,35,3,32,富邦-陽明,2024-08-22,9604
6869,雲豹能源,39,8,31,富邦-陽明,2024-08-22,9604
2845,遠東銀,30,0,30,富邦-陽明,2024-08-22,9604
6515,穎崴,30,2,28,富邦-陽明,2024-08-22,9604
8096,擎亞,208,180,28,富邦-陽明,2024-08-22,9604
2834,臺企銀,31,3,28,富邦-陽明,2024-08-22,9604
00915,凱基優選高股息30,26,0,26,富邦-陽明,2024-08-22,9604
2356,英業達,36,10,26,富邦-陽明,2024-08-22,9604
3374,精材,78,53,25,富邦-陽明,2024-08-22,9604
6229,研通,23,0,23,富邦-陽明,2024-08-22,9604
00753L,中信中國50正2,24,1,23,富邦-陽明,2024-08-22,9604
00900,富邦特選高股息30,33,11,22,富邦-陽明,2024-08-22,9604
00948B,中信優息投資級債,36,15,21,富邦-陽明,2024-08-22,9604
00713,元大台灣高息低波,22,1,21,富邦-陽明,2024-08-22,9604
2905,三商,25,4,21,富邦-陽明,2024-08-22,9604
020033,統一�琤肮黕篾,744,0,744,富邦-陽明,2024-08-23,9604
00688L,國泰20年美債正2,311,11,300,富邦-陽明,2024-08-23,9604
00687B,國泰20年美債,456,192,264,富邦-陽明,2024-08-23,9604
2801,彰銀,306,54,252,富邦-陽明,2024-08-23,9604
2891,中信金,260,28,232,富邦-陽明,2024-08-23,9604
00679B,元大美債20年,238,24,214,富邦-陽明,2024-08-23,9604
1314,中石化,321,111,210,富邦-陽明,2024-08-23,9604
00680L,元大美債20正2,176,1,175,富邦-陽明,2024-08-23,9604
8927,北基,150,0,150,富邦-陽明,2024-08-23,9604
2851,中再保,158,8,150,富邦-陽明,2024-08-23,9604
00937B,群益ESG投等債20,161,17,144,富邦-陽明,2024-08-23,9604
1708,東鹼,206,62,144,富邦-陽明,2024-08-23,9604
00712,復華富時不動產,118,0,118,富邦-陽明,2024-08-23,9604
2363,矽統,111,5,106,富邦-陽明,2024-08-23,9604
00764B,群益25年美債,101,3,98,富邦-陽明,2024-08-23,9604
2317,鴻海,246,148,98,富邦-陽明,2024-08-23,9604
00948B,中信優息投資級債,97,0,97,富邦-陽明,2024-08-23,9604
3019,亞光,218,125,93,富邦-陽明,2024-08-23,9604
2834,臺企銀,98,14,84,富邦-陽明,2024-08-23,9604
2356,英業達,86,13,73,富邦-陽明,2024-08-23,9604
2349,錸德,644,574,70,富邦-陽明,2024-08-23,9604
1711,永光,283,213,70,富邦-陽明,2024-08-23,9604
00669R,國泰美國道瓊反1,60,0,60,富邦-陽明,2024-08-23,9604
00953B,群益優選非投等債,77,20,57,富邦-陽明,2024-08-23,9604
00940,元大台灣價值高息,152,98,54,富邦-陽明,2024-08-23,9604
5905,南仁湖,54,6,48,富邦-陽明,2024-08-23,9604
2537,聯上發,59,11,48,富邦-陽明,2024-08-23,9604
1727,中華化,67,19,48,富邦-陽明,2024-08-23,9604
00936,台新永續高息中小,47,0,47,富邦-陽明,2024-08-23,9604
2883,凱基金,168,121,47,富邦-陽明,2024-08-23,9604
8043,蜜望實,71,25,46,富邦-陽明,2024-08-23,9604
0056,元大高股息,69,23,46,富邦-陽明,2024-08-23,9604
6770,力積電,55,10,45,富邦-陽明,2024-08-23,9604
5452,佶優,75,30,45,富邦-陽明,2024-08-23,9604
4906,正文,56,11,45,富邦-陽明,2024-08-23,9604
2303,聯電,66,22,44,富邦-陽明,2024-08-23,9604
5521,工信,43,0,43,富邦-陽明,2024-08-23,9604
3189,景碩,129,91,38,富邦-陽明,2024-08-23,9604
00919,群益台灣精選高息,97,59,38,富邦-陽明,2024-08-23,9604
6133,金橋,57,20,37,富邦-陽明,2024-08-23,9604
00881,國泰台灣5G+,84,50,34,富邦-陽明,2024-08-23,9604
2344,華邦電,35,4,31,富邦-陽明,2024-08-23,9604
2867,三商壽,42,12,30,富邦-陽明,2024-08-23,9604
4303,信立,34,4,30,富邦-陽明,2024-08-23,9604
00951,台新日本半導體,29,0,29,富邦-陽明,2024-08-23,9604
8089,康全電訊,63,34,29,富邦-陽明,2024-08-23,9604
5309,系統電,45,16,29,富邦-陽明,2024-08-23,9604
1326,台化,34,6,28,富邦-陽明,2024-08-23,9604
2609,陽明,126,99,27,富邦-陽明,2024-08-23,9604
6156,松上,59,32,27,富邦-陽明,2024-08-23,9604
2888,新光金,3796,2635,1161,富邦-陽明,2024-08-26,9604
00937B,群益ESG投等債20,661,21,640,富邦-陽明,2024-08-26,9604
3036,文曄,439,53,386,富邦-陽明,2024-08-26,9604
00687B,國泰20年美債,285,23,262,富邦-陽明,2024-08-26,9604
2891,中信金,318,59,259,富邦-陽明,2024-08-26,9604
00673R,期元大S＆P原油反1,257,0,257,富邦-陽明,2024-08-26,9604
1717,長興,245,10,235,富邦-陽明,2024-08-26,9604
2409,友達,269,37,232,富邦-陽明,2024-08-26,9604
1708,東鹼,282,69,213,富邦-陽明,2024-08-26,9604
8927,北基,179,2,177,富邦-陽明,2024-08-26,9604
00927,群益半導體收益,203,37,166,富邦-陽明,2024-08-26,9604
9958,世紀鋼,208,48,160,富邦-陽明,2024-08-26,9604
00632R,元大台灣50反1,228,96,132,富邦-陽明,2024-08-26,9604
00679B,元大美債20年,153,23,130,富邦-陽明,2024-08-26,9604
00733,富邦臺灣中小,92,0,92,富邦-陽明,2024-08-26,9604
4566,時碩工業,110,20,90,富邦-陽明,2024-08-26,9604
00933B,國泰10Y+金融債,109,27,82,富邦-陽明,2024-08-26,9604
2392,正崴,80,2,78,富邦-陽明,2024-08-26,9604
8028,昇陽半導體,161,100,61,富邦-陽明,2024-08-26,9604
00712,復華富時不動產,62,3,59,富邦-陽明,2024-08-26,9604
2845,遠東銀,88,30,58,富邦-陽明,2024-08-26,9604
1514,亞力,68,10,58,富邦-陽明,2024-08-26,9604
6877,鏵友益,62,10,52,富邦-陽明,2024-08-26,9604
8996,高力,57,7,50,富邦-陽明,2024-08-26,9604
00909,國泰數位支付服務,55,5,50,富邦-陽明,2024-08-26,9604
00882,中信中國高股息,50,0,50,富邦-陽明,2024-08-26,9604
4903,聯光通,49,0,49,富邦-陽明,2024-08-26,9604
00905,FT臺灣Smart,48,0,48,富邦-陽明,2024-08-26,9604
00637L,元大滬深300正2,51,3,48,富邦-陽明,2024-08-26,9604
3492,長盛,50,7,43,富邦-陽明,2024-08-26,9604
3537,堡達,43,0,43,富邦-陽明,2024-08-26,9604
2402,毅嘉,157,115,42,富邦-陽明,2024-08-26,9604
6515,穎崴,42,2,40,富邦-陽明,2024-08-26,9604
5452,佶優,78,38,40,富邦-陽明,2024-08-26,9604
3376,新日興,41,3,38,富邦-陽明,2024-08-26,9604
8070,長華*,102,64,38,富邦-陽明,2024-08-26,9604
2603,長榮,150,113,37,富邦-陽明,2024-08-26,9604
00945B,凱基美國非投等債,37,0,37,富邦-陽明,2024-08-26,9604
2495,普安,40,3,37,富邦-陽明,2024-08-26,9604
2330,台積電,46,10,36,富邦-陽明,2024-08-26,9604
00918,大華優利高填息30,36,2,34,富邦-陽明,2024-08-26,9604
2303,聯電,42,8,34,富邦-陽明,2024-08-26,9604
1536,和大,48,15,33,富邦-陽明,2024-08-26,9604
00953B,群益優選非投等債,31,0,31,富邦-陽明,2024-08-26,9604
4967,十銓,64,33,31,富邦-陽明,2024-08-26,9604
00655L,國泰中國A50正2,31,0,31,富邦-陽明,2024-08-26,9604
2313,華通,42,11,31,富邦-陽明,2024-08-26,9604
00713,元大台灣高息低波,37,6,31,富邦-陽明,2024-08-26,9604
3290,東浦,30,0,30,富邦-陽明,2024-08-26,9604
00885,富邦越南,31,2,29,富邦-陽明,2024-08-26,9604
00940,元大台灣價值高息,1067,48,1019,富邦-陽明,2024-08-27,9604
2891,中信金,732,158,574,富邦-陽明,2024-08-27,9604
00687B,國泰20年美債,390,4,386,富邦-陽明,2024-08-27,9604
00919,群益台灣精選高息,253,24,229,富邦-陽明,2024-08-27,9604
2603,長榮,294,117,177,富邦-陽明,2024-08-27,9604
5443,均豪,291,126,165,富邦-陽明,2024-08-27,9604
00679B,元大美債20年,195,32,163,富邦-陽明,2024-08-27,9604
3481,群創,426,281,145,富邦-陽明,2024-08-27,9604
6877,鏵友益,129,3,126,富邦-陽明,2024-08-27,9604
2303,聯電,134,19,115,富邦-陽明,2024-08-27,9604
00680L,元大美債20正2,119,4,115,富邦-陽明,2024-08-27,9604
2883,凱基金,316,204,112,富邦-陽明,2024-08-27,9604
6244,茂迪,101,7,94,富邦-陽明,2024-08-27,9604
3231,緯創,102,12,90,富邦-陽明,2024-08-27,9604
00712,復華富時不動產,105,21,84,富邦-陽明,2024-08-27,9604
3550,聯穎,85,11,74,富邦-陽明,2024-08-27,9604
8070,長華*,158,87,71,富邦-陽明,2024-08-27,9604
3374,精材,130,61,69,富邦-陽明,2024-08-27,9604
2382,廣達,76,7,69,富邦-陽明,2024-08-27,9604
00669R,國泰美國道瓊反1,68,0,68,富邦-陽明,2024-08-27,9604
2317,鴻海,129,63,66,富邦-陽明,2024-08-27,9604
2615,萬海,165,101,64,富邦-陽明,2024-08-27,9604
2610,華航,79,15,64,富邦-陽明,2024-08-27,9604
00948B,中信優息投資級債,62,3,59,富邦-陽明,2024-08-27,9604
4561,健椿,72,16,56,富邦-陽明,2024-08-27,9604
00671R,富邦NASDAQ反1,105,50,55,富邦-陽明,2024-08-27,9604
00753L,中信中國50正2,57,3,54,富邦-陽明,2024-08-27,9604
2330,台積電,60,11,49,富邦-陽明,2024-08-27,9604
2882,國泰金,65,17,48,富邦-陽明,2024-08-27,9604
00715L,期街口布蘭特正2,320,272,48,富邦-陽明,2024-08-27,9604
2834,臺企銀,47,0,47,富邦-陽明,2024-08-27,9604
6156,松上,70,24,46,富邦-陽明,2024-08-27,9604
3576,聯合再生,46,0,46,富邦-陽明,2024-08-27,9604
6116,彩晶,60,15,45,富邦-陽明,2024-08-27,9604
2392,正崴,153,109,44,富邦-陽明,2024-08-27,9604
4967,十銓,99,55,44,富邦-陽明,2024-08-27,9604
2356,英業達,45,2,43,富邦-陽明,2024-08-27,9604
1727,中華化,63,21,42,富邦-陽明,2024-08-27,9604
00918,大華優利高填息30,43,1,42,富邦-陽明,2024-08-27,9604
4174,浩鼎,42,1,41,富邦-陽明,2024-08-27,9604
5469,瀚宇博,58,18,40,富邦-陽明,2024-08-27,9604
6443,元晶,64,24,40,富邦-陽明,2024-08-27,9604
2501,國建,41,1,40,富邦-陽明,2024-08-27,9604
4960,誠美材,40,1,39,富邦-陽明,2024-08-27,9604
3522,御嵿,50,12,38,富邦-陽明,2024-08-27,9604
6213,聯茂,49,11,38,富邦-陽明,2024-08-27,9604
2374,佳能,45,7,38,富邦-陽明,2024-08-27,9604
2845,遠東銀,40,2,38,富邦-陽明,2024-08-27,9604
6143,振曜,52,16,36,富邦-陽明,2024-08-27,9604
8927,北基,45,10,35,富邦-陽明,2024-08-27,9604
00687B,國泰20年美債,360,20,340,富邦-陽明,2024-08-28,9604
00637L,元大滬深300正2,247,0,247,富邦-陽明,2024-08-28,9604
2891,中信金,259,58,201,富邦-陽明,2024-08-28,9604
00919,群益台灣精選高息,219,36,183,富邦-陽明,2024-08-28,9604
3374,精材,241,60,181,富邦-陽明,2024-08-28,9604
00959B,大華投等美債15Y+,162,0,162,富邦-陽明,2024-08-28,9604
00937B,群益ESG投等債20,176,48,128,富邦-陽明,2024-08-28,9604
9958,世紀鋼,463,337,126,富邦-陽明,2024-08-28,9604
2867,三商壽,131,14,117,富邦-陽明,2024-08-28,9604
2402,毅嘉,131,28,103,富邦-陽明,2024-08-28,9604
00676R,富邦臺灣加權反1,100,0,100,富邦-陽明,2024-08-28,9604
1454,台富,100,0,100,富邦-陽明,2024-08-28,9604
2885,元大金,100,0,100,富邦-陽明,2024-08-28,9604
2887,台新金,129,29,100,富邦-陽明,2024-08-28,9604
00715L,期街口布蘭特正2,126,27,99,富邦-陽明,2024-08-28,9604
00931B,統一美債20年,83,0,83,富邦-陽明,2024-08-28,9604
2618,長榮航,90,8,82,富邦-陽明,2024-08-28,9604
2392,正崴,284,207,77,富邦-陽明,2024-08-28,9604
00733,富邦臺灣中小,77,0,77,富邦-陽明,2024-08-28,9604
2363,矽統,96,21,75,富邦-陽明,2024-08-28,9604
00680L,元大美債20正2,309,235,74,富邦-陽明,2024-08-28,9604
1307,三芳,73,0,73,富邦-陽明,2024-08-28,9604
00878,國泰永續高股息,87,15,72,富邦-陽明,2024-08-28,9604
2367,燿華,151,79,72,富邦-陽明,2024-08-28,9604
2356,英業達,97,25,72,富邦-陽明,2024-08-28,9604
8039,台虹,123,51,72,富邦-陽明,2024-08-28,9604
1409,新纖,78,19,59,富邦-陽明,2024-08-28,9604
1785,光洋科,69,16,53,富邦-陽明,2024-08-28,9604
3078,僑威,66,17,49,富邦-陽明,2024-08-28,9604
2317,鴻海,166,118,48,富邦-陽明,2024-08-28,9604
2062,橋椿,82,34,48,富邦-陽明,2024-08-28,9604
00933B,國泰10Y+金融債,48,0,48,富邦-陽明,2024-08-28,9604
00679B,元大美債20年,90,43,47,富邦-陽明,2024-08-28,9604
2312,金寶,47,2,45,富邦-陽明,2024-08-28,9604
2543,皇昌,103,59,44,富邦-陽明,2024-08-28,9604
8927,北基,49,5,44,富邦-陽明,2024-08-28,9604
6177,達麗,53,11,42,富邦-陽明,2024-08-28,9604
5443,均豪,373,332,41,富邦-陽明,2024-08-28,9604
6877,鏵友益,45,4,41,富邦-陽明,2024-08-28,9604
2409,友達,123,84,39,富邦-陽明,2024-08-28,9604
4533,協易機,78,41,37,富邦-陽明,2024-08-28,9604
2614,東森,37,0,37,富邦-陽明,2024-08-28,9604
1711,永光,144,108,36,富邦-陽明,2024-08-28,9604
00940,元大台灣價值高息,92,58,34,富邦-陽明,2024-08-28,9604
6651,全宇昕,60,26,34,富邦-陽明,2024-08-28,9604
1708,東鹼,55,21,34,富邦-陽明,2024-08-28,9604
2834,臺企銀,32,0,32,富邦-陽明,2024-08-28,9604
1815,富喬,34,2,32,富邦-陽明,2024-08-28,9604
2537,聯上發,41,10,31,富邦-陽明,2024-08-28,9604
6405,悅城,41,10,31,富邦-陽明,2024-08-28,9604
00937B,群益ESG投等債20,803,12,791,富邦-陽明,2024-08-29,9604
2891,中信金,546,29,517,富邦-陽明,2024-08-29,9604
00679B,元大美債20年,531,55,476,富邦-陽明,2024-08-29,9604
00632R,元大台灣50反1,447,109,338,富邦-陽明,2024-08-29,9604
8927,北基,309,5,304,富邦-陽明,2024-08-29,9604
00687B,國泰20年美債,286,9,277,富邦-陽明,2024-08-29,9604
1314,中石化,268,91,177,富邦-陽明,2024-08-29,9604
00948B,中信優息投資級債,144,0,144,富邦-陽明,2024-08-29,9604
9907,統一實,160,24,136,富邦-陽明,2024-08-29,9604
2812,台中銀,122,14,108,富邦-陽明,2024-08-29,9604
2062,橋椿,114,9,105,富邦-陽明,2024-08-29,9604
3481,群創,173,85,88,富邦-陽明,2024-08-29,9604
00878,國泰永續高股息,104,17,87,富邦-陽明,2024-08-29,9604
00936,台新永續高息中小,86,0,86,富邦-陽明,2024-08-29,9604
8076,伍豐,86,1,85,富邦-陽明,2024-08-29,9604
00959B,大華投等美債15Y+,83,0,83,富邦-陽明,2024-08-29,9604
00931B,統一美債20年,106,26,80,富邦-陽明,2024-08-29,9604
00919,群益台灣精選高息,199,119,80,富邦-陽明,2024-08-29,9604
2330,台積電,94,16,78,富邦-陽明,2024-08-29,9604
5457,宣德,75,2,73,富邦-陽明,2024-08-29,9604
00753L,中信中國50正2,72,1,71,富邦-陽明,2024-08-29,9604
4303,信立,118,49,69,富邦-陽明,2024-08-29,9604
3015,全漢,70,1,69,富邦-陽明,2024-08-29,9604
0056,元大高股息,77,13,64,富邦-陽明,2024-08-29,9604
00637L,元大滬深300正2,70,6,64,富邦-陽明,2024-08-29,9604
00929,復華台灣科技優息,264,200,64,富邦-陽明,2024-08-29,9604
00688L,國泰20年美債正2,94,34,60,富邦-陽明,2024-08-29,9604
2886,兆豐金,65,9,56,富邦-陽明,2024-08-29,9604
2845,遠東銀,59,3,56,富邦-陽明,2024-08-29,9604
00715L,期街口布蘭特正2,54,0,54,富邦-陽明,2024-08-29,9604
00945B,凱基美國非投等債,52,0,52,富邦-陽明,2024-08-29,9604
00650L,復華香港正2,80,28,52,富邦-陽明,2024-08-29,9604
00830,國泰費城半導體,53,2,51,富邦-陽明,2024-08-29,9604
00947,台新臺灣IC設計,51,0,51,富邦-陽明,2024-08-29,9604
1409,新纖,72,23,49,富邦-陽明,2024-08-29,9604
3038,全台,43,0,43,富邦-陽明,2024-08-29,9604
3019,亞光,457,415,42,富邦-陽明,2024-08-29,9604
2603,長榮,43,3,40,富邦-陽明,2024-08-29,9604
2885,元大金,41,2,39,富邦-陽明,2024-08-29,9604
006208,富邦台50,46,8,38,富邦-陽明,2024-08-29,9604
3522,御嵿,64,26,38,富邦-陽明,2024-08-29,9604
3312,弘憶股,52,15,37,富邦-陽明,2024-08-29,9604
6603,富強鑫,82,46,36,富邦-陽明,2024-08-29,9604
00751B,元大AAA至A公司債,35,0,35,富邦-陽明,2024-08-29,9604
2303,聯電,38,3,35,富邦-陽明,2024-08-29,9604
4510,高鋒,113,80,33,富邦-陽明,2024-08-29,9604
0050,元大台灣50,39,7,32,富邦-陽明,2024-08-29,9604
2317,鴻海,187,156,31,富邦-陽明,2024-08-29,9604
3017,奇鋐,40,9,31,富邦-陽明,2024-08-29,9604
00720B,元大投資級公司債,33,2,31,富邦-陽明,2024-08-29,9604
2537,聯上發,483,22,461,富邦-陽明,2024-08-30,9604
2392,正崴,372,64,308,富邦-陽明,2024-08-30,9604
2801,彰銀,342,36,306,富邦-陽明,2024-08-30,9604
00937B,群益ESG投等債20,271,11,260,富邦-陽明,2024-08-30,9604
00959B,大華投等美債15Y+,204,0,204,富邦-陽明,2024-08-30,9604
00680L,元大美債20正2,169,5,164,富邦-陽明,2024-08-30,9604
1708,東鹼,219,68,151,富邦-陽明,2024-08-30,9604
00687B,國泰20年美債,156,20,136,富邦-陽明,2024-08-30,9604
00688L,國泰20年美債正2,138,4,134,富邦-陽明,2024-08-30,9604
00632R,元大台灣50反1,145,21,124,富邦-陽明,2024-08-30,9604
6016,康和證,120,2,118,富邦-陽明,2024-08-30,9604
4566,時碩工業,128,14,114,富邦-陽明,2024-08-30,9604
00671R,富邦NASDAQ反1,114,0,114,富邦-陽明,2024-08-30,9604
1314,中石化,128,22,106,富邦-陽明,2024-08-30,9604
3481,群創,253,150,103,富邦-陽明,2024-08-30,9604
2883,凱基金,113,10,103,富邦-陽明,2024-08-30,9604
2382,廣達,122,20,102,富邦-陽明,2024-08-30,9604
00679B,元大美債20年,115,17,98,富邦-陽明,2024-08-30,9604
00881,國泰台灣5G+,105,11,94,富邦-陽明,2024-08-30,9604
8927,北基,88,9,79,富邦-陽明,2024-08-30,9604
6156,松上,106,31,75,富邦-陽明,2024-08-30,9604
00932,兆豐永續高息等權,70,0,70,富邦-陽明,2024-08-30,9604
2891,中信金,129,61,68,富邦-陽明,2024-08-30,9604
2363,矽統,68,5,63,富邦-陽明,2024-08-30,9604
2409,友達,68,5,63,富邦-陽明,2024-08-30,9604
2425,承啟,122,61,61,富邦-陽明,2024-08-30,9604
6215,和椿,105,45,60,富邦-陽明,2024-08-30,9604
00795B,中信美國公債20年,58,0,58,富邦-陽明,2024-08-30,9604
4906,正文,57,1,56,富邦-陽明,2024-08-30,9604
1711,永光,270,219,51,富邦-陽明,2024-08-30,9604
1447,力鵬,50,0,50,富邦-陽明,2024-08-30,9604
2903,遠百,50,1,49,富邦-陽明,2024-08-30,9604
4561,健椿,95,47,48,富邦-陽明,2024-08-30,9604
2362,藍天,48,1,47,富邦-陽明,2024-08-30,9604
2495,普安,52,8,44,富邦-陽明,2024-08-30,9604
8028,昇陽半導體,65,25,40,富邦-陽明,2024-08-30,9604
2397,友通,46,6,40,富邦-陽明,2024-08-30,9604
2376,技嘉,60,21,39,富邦-陽明,2024-08-30,9604
2834,臺企銀,67,29,38,富邦-陽明,2024-08-30,9604
6164,華興,43,5,38,富邦-陽明,2024-08-30,9604
2374,佳能,38,0,38,富邦-陽明,2024-08-30,9604
00948B,中信優息投資級債,36,0,36,富邦-陽明,2024-08-30,9604
2812,台中銀,55,20,35,富邦-陽明,2024-08-30,9604
8076,伍豐,34,2,32,富邦-陽明,2024-08-30,9604
2313,華通,166,136,30,富邦-陽明,2024-08-30,9604
5488,松普,30,0,30,富邦-陽明,2024-08-30,9604
3615,安可,64,34,30,富邦-陽明,2024-08-30,9604
3356,奇偶,31,2,29,富邦-陽明,2024-08-30,9604
8071,能率網通,29,0,29,富邦-陽明,2024-08-30,9604
2543,皇昌,58,30,28,富邦-陽明,2024-08-30,9604
00665L,富邦�琤肭磪囓�2,2152,21,2131,富邦-陽明,2024-09-02,9604
2888,新光金,709,215,494,富邦-陽明,2024-09-02,9604
2834,臺企銀,437,27,410,富邦-陽明,2024-09-02,9604
00715L,期街口布蘭特正2,337,0,337,富邦-陽明,2024-09-02,9604
00937B,群益ESG投等債20,347,34,313,富邦-陽明,2024-09-02,9604
3481,群創,290,46,244,富邦-陽明,2024-09-02,9604
00919,群益台灣精選高息,230,15,215,富邦-陽明,2024-09-02,9604
00687B,國泰20年美債,253,40,213,富邦-陽明,2024-09-02,9604
00650L,復華香港正2,195,5,190,富邦-陽明,2024-09-02,9604
00680L,元大美債20正2,197,23,174,富邦-陽明,2024-09-02,9604
6187,萬潤,264,95,169,富邦-陽明,2024-09-02,9604
2367,燿華,198,61,137,富邦-陽明,2024-09-02,9604
2537,聯上發,153,35,118,富邦-陽明,2024-09-02,9604
911868,同方友友-DR,115,0,115,富邦-陽明,2024-09-02,9604
00918,大華優利高填息30,120,12,108,富邦-陽明,2024-09-02,9604
00688L,國泰20年美債正2,110,20,90,富邦-陽明,2024-09-02,9604
00637L,元大滬深300正2,219,135,84,富邦-陽明,2024-09-02,9604
00679B,元大美債20年,118,34,84,富邦-陽明,2024-09-02,9604
00959B,大華投等美債15Y+,79,0,79,富邦-陽明,2024-09-02,9604
1708,東鹼,128,50,78,富邦-陽明,2024-09-02,9604
8996,高力,83,10,73,富邦-陽明,2024-09-02,9604
00706L,期元大S＆P日圓正2,69,0,69,富邦-陽明,2024-09-02,9604
2615,萬海,181,117,64,富邦-陽明,2024-09-02,9604
2515,中工,122,59,63,富邦-陽明,2024-09-02,9604
2313,華通,97,37,60,富邦-陽明,2024-09-02,9604
00882,中信中國高股息,61,2,59,富邦-陽明,2024-09-02,9604
00881,國泰台灣5G+,69,12,57,富邦-陽明,2024-09-02,9604
8111,立��,79,24,55,富邦-陽明,2024-09-02,9604
4303,信立,70,16,54,富邦-陽明,2024-09-02,9604
2603,長榮,72,19,53,富邦-陽明,2024-09-02,9604
3231,緯創,82,32,50,富邦-陽明,2024-09-02,9604
5450,南良,49,0,49,富邦-陽明,2024-09-02,9604
00915,凱基優選高股息30,69,21,48,富邦-陽明,2024-09-02,9604
6739,竹陞科技,47,1,46,富邦-陽明,2024-09-02,9604
6706,惠特,85,41,44,富邦-陽明,2024-09-02,9604
3062,建漢,232,188,44,富邦-陽明,2024-09-02,9604
1530,亞崴,43,1,42,富邦-陽明,2024-09-02,9604
1303,南亞,46,4,42,富邦-陽明,2024-09-02,9604
2302,麗正,40,0,40,富邦-陽明,2024-09-02,9604
00713,元大台灣高息低波,43,4,39,富邦-陽明,2024-09-02,9604
2543,皇昌,67,29,38,富邦-陽明,2024-09-02,9604
00669R,國泰美國道瓊反1,37,0,37,富邦-陽明,2024-09-02,9604
8070,長華*,76,40,36,富邦-陽明,2024-09-02,9604
1314,中石化,123,89,34,富邦-陽明,2024-09-02,9604
4533,協易機,42,9,33,富邦-陽明,2024-09-02,9604
2317,鴻海,68,36,32,富邦-陽明,2024-09-02,9604
00931B,統一美債20年,32,0,32,富邦-陽明,2024-09-02,9604
6156,松上,40,8,32,富邦-陽明,2024-09-02,9604
3017,奇鋐,43,12,31,富邦-陽明,2024-09-02,9604
1108,幸福,31,0,31,富邦-陽明,2024-09-02,9604
00919,群益台灣精選高息,1420,29,1391,富邦-陽明,2024-09-03,9604
00632R,元大台灣50反1,898,155,743,富邦-陽明,2024-09-03,9604
00687B,國泰20年美債,430,25,405,富邦-陽明,2024-09-03,9604
2834,臺企銀,245,7,238,富邦-陽明,2024-09-03,9604
00665L,富邦�琤肭磪囓�2,257,41,216,富邦-陽明,2024-09-03,9604
00669R,國泰美國道瓊反1,201,0,201,富邦-陽明,2024-09-03,9604
00680L,元大美債20正2,162,2,160,富邦-陽明,2024-09-03,9604
00915,凱基優選高股息30,162,20,142,富邦-陽明,2024-09-03,9604
2887,台新金,203,61,142,富邦-陽明,2024-09-03,9604
00878,國泰永續高股息,164,25,139,富邦-陽明,2024-09-03,9604
2891,中信金,172,38,134,富邦-陽明,2024-09-03,9604
1314,中石化,150,32,118,富邦-陽明,2024-09-03,9604
2344,華邦電,114,10,104,富邦-陽明,2024-09-03,9604
1785,光洋科,124,24,100,富邦-陽明,2024-09-03,9604
00937B,群益ESG投等債20,270,172,98,富邦-陽明,2024-09-03,9604
1815,富喬,117,29,88,富邦-陽明,2024-09-03,9604
2002,中鋼,96,9,87,富邦-陽明,2024-09-03,9604
3047,訊舟,320,240,80,富邦-陽明,2024-09-03,9604
2515,中工,78,1,77,富邦-陽明,2024-09-03,9604
3037,欣興,96,19,77,富邦-陽明,2024-09-03,9604
3481,群創,106,30,76,富邦-陽明,2024-09-03,9604
1477,聚陽,76,2,74,富邦-陽明,2024-09-03,9604
3078,僑威,75,5,70,富邦-陽明,2024-09-03,9604
4935,茂林-KY,100,32,68,富邦-陽明,2024-09-03,9604
8927,北基,68,2,66,富邦-陽明,2024-09-03,9604
911868,同方友友-DR,65,0,65,富邦-陽明,2024-09-03,9604
0056,元大高股息,93,29,64,富邦-陽明,2024-09-03,9604
1711,永光,76,13,63,富邦-陽明,2024-09-03,9604
9940,信義,67,5,62,富邦-陽明,2024-09-03,9604
00891,中信關鍵半導體,62,0,62,富邦-陽明,2024-09-03,9604
2363,矽統,69,9,60,富邦-陽明,2024-09-03,9604
00918,大華優利高填息30,76,17,59,富邦-陽明,2024-09-03,9604
3231,緯創,150,94,56,富邦-陽明,2024-09-03,9604
00948B,中信優息投資級債,56,0,56,富邦-陽明,2024-09-03,9604
2468,華經,55,2,53,富邦-陽明,2024-09-03,9604
2356,英業達,61,15,46,富邦-陽明,2024-09-03,9604
2495,普安,64,18,46,富邦-陽明,2024-09-03,9604
00713,元大台灣高息低波,47,3,44,富邦-陽明,2024-09-03,9604
2883,凱基金,159,116,43,富邦-陽明,2024-09-03,9604
2609,陽明,118,75,43,富邦-陽明,2024-09-03,9604
8021,尖點,77,34,43,富邦-陽明,2024-09-03,9604
6869,雲豹能源,49,7,42,富邦-陽明,2024-09-03,9604
2449,京元電子,54,13,41,富邦-陽明,2024-09-03,9604
1591,駿吉-KY,40,0,40,富邦-陽明,2024-09-03,9604
3535,晶彩科,52,15,37,富邦-陽明,2024-09-03,9604
5538,東明-KY,37,0,37,富邦-陽明,2024-09-03,9604
9902,台火,36,0,36,富邦-陽明,2024-09-03,9604
5386,青雲,36,0,36,富邦-陽明,2024-09-03,9604
2867,三商壽,118,83,35,富邦-陽明,2024-09-03,9604
00881,國泰台灣5G+,56,23,33,富邦-陽明,2024-09-03,9604
00919,群益台灣精選高息,1188,162,1026,富邦-陽明,2024-09-04,9604
00878,國泰永續高股息,800,95,705,富邦-陽明,2024-09-04,9604
0056,元大高股息,500,22,478,富邦-陽明,2024-09-04,9604
2834,臺企銀,359,11,348,富邦-陽明,2024-09-04,9604
00918,大華優利高填息30,349,4,345,富邦-陽明,2024-09-04,9604
00940,元大台灣價值高息,431,93,338,富邦-陽明,2024-09-04,9604
2330,台積電,380,59,321,富邦-陽明,2024-09-04,9604
3481,群創,448,174,274,富邦-陽明,2024-09-04,9604
2891,中信金,306,33,273,富邦-陽明,2024-09-04,9604
00915,凱基優選高股息30,246,4,242,富邦-陽明,2024-09-04,9604
00929,復華台灣科技優息,751,533,218,富邦-陽明,2024-09-04,9604
00715L,期街口布蘭特正2,273,62,211,富邦-陽明,2024-09-04,9604
2382,廣達,255,45,210,富邦-陽明,2024-09-04,9604
00665L,富邦�琤肭磪囓�2,255,65,190,富邦-陽明,2024-09-04,9604
2883,凱基金,558,379,179,富邦-陽明,2024-09-04,9604
006208,富邦台50,201,25,176,富邦-陽明,2024-09-04,9604
00881,國泰台灣5G+,182,10,172,富邦-陽明,2024-09-04,9604
00891,中信關鍵半導體,170,0,170,富邦-陽明,2024-09-04,9604
0050,元大台灣50,162,13,149,富邦-陽明,2024-09-04,9604
00945B,凱基美國非投等債,153,3,150,富邦-陽明,2024-09-04,9604
00930,永豐ESG低碳高息,160,15,145,富邦-陽明,2024-09-04,9604
1301,台塑,167,26,141,富邦-陽明,2024-09-04,9604
3037,欣興,158,19,139,富邦-陽明,2024-09-04,9604
00713,元大台灣高息低波,126,0,126,富邦-陽明,2024-09-04,9604
2002,中鋼,129,24,105,富邦-陽明,2024-09-04,9604
2881,富邦金,133,33,100,富邦-陽明,2024-09-04,9604
00751B,元大AAA至A公司債,104,5,99,富邦-陽明,2024-09-04,9604
00637L,元大滬深300正2,106,7,99,富邦-陽明,2024-09-04,9604
00679B,元大美債20年,242,151,91,富邦-陽明,2024-09-04,9604
6116,彩晶,96,6,90,富邦-陽明,2024-09-04,9604
3231,緯創,190,103,87,富邦-陽明,2024-09-04,9604
2886,兆豐金,103,19,84,富邦-陽明,2024-09-04,9604
00905,FT臺灣Smart,83,1,82,富邦-陽明,2024-09-04,9604
2887,台新金,86,7,79,富邦-陽明,2024-09-04,9604
2303,聯電,156,78,78,富邦-陽明,2024-09-04,9604
2356,英業達,108,31,77,富邦-陽明,2024-09-04,9604
6257,矽格,116,39,77,富邦-陽明,2024-09-04,9604
9105,泰金寶-DR,85,10,75,富邦-陽明,2024-09-04,9604
2867,三商壽,87,19,68,富邦-陽明,2024-09-04,9604
00632R,元大台灣50反1,824,756,68,富邦-陽明,2024-09-04,9604
00830,國泰費城半導體,68,1,67,富邦-陽明,2024-09-04,9604
2344,華邦電,156,91,65,富邦-陽明,2024-09-04,9604
4561,健椿,129,64,65,富邦-陽明,2024-09-04,9604
6213,聯茂,99,35,64,富邦-陽明,2024-09-04,9604
5880,合庫金,63,0,63,富邦-陽明,2024-09-04,9604
5876,上海商銀,62,2,60,富邦-陽明,2024-09-04,9604
4956,光鋐,65,7,58,富邦-陽明,2024-09-04,9604
4174,浩鼎,61,4,57,富邦-陽明,2024-09-04,9604
2353,宏��,61,5,56,富邦-陽明,2024-09-04,9604
1444,力麗,56,0,56,富邦-陽明,2024-09-04,9604
00919,群益台灣精選高息,549,17,532,富邦-陽明,2024-09-05,9604
00946,群益科技高息成長,423,2,421,富邦-陽明,2024-09-05,9604
00715L,期街口布蘭特正2,376,0,376,富邦-陽明,2024-09-05,9604
00878,國泰永續高股息,437,65,372,富邦-陽明,2024-09-05,9604
3019,亞光,316,56,260,富邦-陽明,2024-09-05,9604
5443,均豪,302,53,249,富邦-陽明,2024-09-05,9604
6770,力積電,279,31,248,富邦-陽明,2024-09-05,9604
00929,復華台灣科技優息,303,80,223,富邦-陽明,2024-09-05,9604
00937B,群益ESG投等債20,281,75,206,富邦-陽明,2024-09-05,9604
1717,長興,165,0,165,富邦-陽明,2024-09-05,9604
2317,鴻海,249,119,130,富邦-陽明,2024-09-05,9604
2515,中工,135,5,130,富邦-陽明,2024-09-05,9604
00940,元大台灣價值高息,184,69,115,富邦-陽明,2024-09-05,9604
00632R,元大台灣50反1,469,360,109,富邦-陽明,2024-09-05,9604
2891,中信金,146,39,107,富邦-陽明,2024-09-05,9604
00725B,國泰投資級公司債,80,0,80,富邦-陽明,2024-09-05,9604
00713,元大台灣高息低波,77,0,77,富邦-陽明,2024-09-05,9604
911868,同方友友-DR,73,0,73,富邦-陽明,2024-09-05,9604
00665L,富邦�琤肭磪囓�2,72,5,67,富邦-陽明,2024-09-05,9604
0056,元大高股息,133,67,66,富邦-陽明,2024-09-05,9604
2408,南亞科,89,24,65,富邦-陽明,2024-09-05,9604
2337,旺宏,69,6,63,富邦-陽明,2024-09-05,9604
3591,艾笛森,61,0,61,富邦-陽明,2024-09-05,9604
1303,南亞,71,11,60,富邦-陽明,2024-09-05,9604
00679B,元大美債20年,189,131,58,富邦-陽明,2024-09-05,9604
8927,北基,71,15,56,富邦-陽明,2024-09-05,9604
6282,康舒,60,5,55,富邦-陽明,2024-09-05,9604
3686,達能,56,5,51,富邦-陽明,2024-09-05,9604
00918,大華優利高填息30,75,24,51,富邦-陽明,2024-09-05,9604
00877,復華中國5G,50,0,50,富邦-陽明,2024-09-05,9604
00680L,元大美債20正2,227,179,48,富邦-陽明,2024-09-05,9604
00642U,期元大S＆P石油,49,2,47,富邦-陽明,2024-09-05,9604
3047,訊舟,114,68,46,富邦-陽明,2024-09-05,9604
1301,台塑,76,32,44,富邦-陽明,2024-09-05,9604
1101,台泥,45,1,44,富邦-陽明,2024-09-05,9604
6125,廣運,73,33,40,富邦-陽明,2024-09-05,9604
8096,擎亞,91,51,40,富邦-陽明,2024-09-05,9604
2409,友達,47,7,40,富邦-陽明,2024-09-05,9604
5386,青雲,44,6,38,富邦-陽明,2024-09-05,9604
4707,磐亞,38,0,38,富邦-陽明,2024-09-05,9604
00915,凱基優選高股息30,45,8,37,富邦-陽明,2024-09-05,9604
3285,微端,36,0,36,富邦-陽明,2024-09-05,9604
00881,國泰台灣5G+,35,1,34,富邦-陽明,2024-09-05,9604
2313,華通,47,13,34,富邦-陽明,2024-09-05,9604
2449,京元電子,40,8,32,富邦-陽明,2024-09-05,9604
5234,達興材料,37,5,32,富邦-陽明,2024-09-05,9604
00650L,復華香港正2,135,103,32,富邦-陽明,2024-09-05,9604
9945,潤泰新,37,6,31,富邦-陽明,2024-09-05,9604
00753L,中信中國50正2,32,1,31,富邦-陽明,2024-09-05,9604
00948B,中信優息投資級債,44,14,30,富邦-陽明,2024-09-05,9604
00632R,元大台灣50反1,874,19,855,富邦-陽明,2024-09-06,9604
6770,力積電,277,8,269,富邦-陽明,2024-09-06,9604
2888,新光金,218,57,161,富邦-陽明,2024-09-06,9604
00687B,國泰20年美債,350,220,130,富邦-陽明,2024-09-06,9604
00919,群益台灣精選高息,287,164,123,富邦-陽明,2024-09-06,9604
00715L,期街口布蘭特正2,200,80,120,富邦-陽明,2024-09-06,9604
00929,復華台灣科技優息,233,114,119,富邦-陽明,2024-09-06,9604
2618,長榮航,426,308,118,富邦-陽明,2024-09-06,9604
8043,蜜望實,139,22,117,富邦-陽明,2024-09-06,9604
00927,群益半導體收益,108,14,94,富邦-陽明,2024-09-06,9604
00943,兆豐電子高息等權,90,0,90,富邦-陽明,2024-09-06,9604
2344,華邦電,88,12,76,富邦-陽明,2024-09-06,9604
3019,亞光,123,58,65,富邦-陽明,2024-09-06,9604
2495,普安,121,56,65,富邦-陽明,2024-09-06,9604
2002,中鋼,66,5,61,富邦-陽明,2024-09-06,9604
1815,富喬,74,14,60,富邦-陽明,2024-09-06,9604
2889,國票金,170,111,59,富邦-陽明,2024-09-06,9604
2337,旺宏,64,6,58,富邦-陽明,2024-09-06,9604
00878,國泰永續高股息,79,22,57,富邦-陽明,2024-09-06,9604
1904,正隆,63,10,53,富邦-陽明,2024-09-06,9604
3052,夆典,53,0,53,富邦-陽明,2024-09-06,9604
00877,復華中國5G,51,0,51,富邦-陽明,2024-09-06,9604
2426,鼎元,66,15,51,富邦-陽明,2024-09-06,9604
5905,南仁湖,60,9,51,富邦-陽明,2024-09-06,9604
2328,廣宇,54,3,51,富邦-陽明,2024-09-06,9604
2891,中信金,98,47,51,富邦-陽明,2024-09-06,9604
2317,鴻海,106,56,50,富邦-陽明,2024-09-06,9604
2537,聯上發,60,11,49,富邦-陽明,2024-09-06,9604
3037,欣興,49,1,48,富邦-陽明,2024-09-06,9604
6215,和椿,181,134,47,富邦-陽明,2024-09-06,9604
9958,世紀鋼,121,77,44,富邦-陽明,2024-09-06,9604
3264,欣銓,41,1,40,富邦-陽明,2024-09-06,9604
00918,大華優利高填息30,191,151,40,富邦-陽明,2024-09-06,9604
1609,大亞,44,4,40,富邦-陽明,2024-09-06,9604
2208,台船,41,2,39,富邦-陽明,2024-09-06,9604
8927,北基,39,4,35,富邦-陽明,2024-09-06,9604
1711,永光,56,22,34,富邦-陽明,2024-09-06,9604
00946,群益科技高息成長,44,12,32,富邦-陽明,2024-09-06,9604
3029,零壹,33,2,31,富邦-陽明,2024-09-06,9604
00882,中信中國高股息,33,2,31,富邦-陽明,2024-09-06,9604
8070,長華*,112,81,31,富邦-陽明,2024-09-06,9604
2610,華航,40,10,30,富邦-陽明,2024-09-06,9604
8155,博智,30,0,30,富邦-陽明,2024-09-06,9604
00941,中信上游半導體,36,8,28,富邦-陽明,2024-09-06,9604
4532,瑞智,27,0,27,富邦-陽明,2024-09-06,9604
2313,華通,58,31,27,富邦-陽明,2024-09-06,9604
00642U,期元大S＆P石油,24,0,24,富邦-陽明,2024-09-06,9604
4938,和碩,31,8,23,富邦-陽明,2024-09-06,9604
8150,南茂,23,0,23,富邦-陽明,2024-09-06,9604
2101,南港,39,16,23,富邦-陽明,2024-09-06,9604
00919,群益台灣精選高息,820,19,801,富邦-陽明,2024-09-09,9604
00878,國泰永續高股息,409,93,316,富邦-陽明,2024-09-09,9604
4974,亞泰,308,39,269,富邦-陽明,2024-09-09,9604
00929,復華台灣科技優息,424,215,209,富邦-陽明,2024-09-09,9604
00753L,中信中國50正2,223,18,205,富邦-陽明,2024-09-09,9604
2317,鴻海,258,55,203,富邦-陽明,2024-09-09,9604
2344,華邦電,272,79,193,富邦-陽明,2024-09-09,9604
2881,富邦金,172,13,159,富邦-陽明,2024-09-09,9604
2885,元大金,155,2,153,富邦-陽明,2024-09-09,9604
00676R,富邦臺灣加權反1,291,155,136,富邦-陽明,2024-09-09,9604
3052,夆典,133,0,133,富邦-陽明,2024-09-09,9604
00687B,國泰20年美債,321,188,133,富邦-陽明,2024-09-09,9604
0056,元大高股息,138,13,125,富邦-陽明,2024-09-09,9604
2891,中信金,135,18,117,富邦-陽明,2024-09-09,9604
00945B,凱基美國非投等債,115,0,115,富邦-陽明,2024-09-09,9604
00915,凱基優選高股息30,122,15,107,富邦-陽明,2024-09-09,9604
00918,大華優利高填息30,124,25,99,富邦-陽明,2024-09-09,9604
3413,京鼎,109,12,97,富邦-陽明,2024-09-09,9604
2382,廣達,127,31,96,富邦-陽明,2024-09-09,9604
9945,潤泰新,115,22,93,富邦-陽明,2024-09-09,9604
00830,國泰費城半導體,87,0,87,富邦-陽明,2024-09-09,9604
006208,富邦台50,87,4,83,富邦-陽明,2024-09-09,9604
2615,萬海,97,18,79,富邦-陽明,2024-09-09,9604
2330,台積電,92,13,79,富邦-陽明,2024-09-09,9604
00940,元大台灣價值高息,168,91,77,富邦-陽明,2024-09-09,9604
2883,凱基金,317,241,76,富邦-陽明,2024-09-09,9604
2402,毅嘉,104,31,73,富邦-陽明,2024-09-09,9604
6187,萬潤,108,35,73,富邦-陽明,2024-09-09,9604
00706L,期元大S＆P日圓正2,74,2,72,富邦-陽明,2024-09-09,9604
00881,國泰台灣5G+,76,5,71,富邦-陽明,2024-09-09,9604
8927,北基,77,10,67,富邦-陽明,2024-09-09,9604
2010,春源,61,2,59,富邦-陽明,2024-09-09,9604
00751B,元大AAA至A公司債,70,16,54,富邦-陽明,2024-09-09,9604
1447,力鵬,51,0,51,富邦-陽明,2024-09-09,9604
00923,群益台ESG低碳50,49,0,49,富邦-陽明,2024-09-09,9604
4935,茂林-KY,53,4,49,富邦-陽明,2024-09-09,9604
1301,台塑,73,25,48,富邦-陽明,2024-09-09,9604
00937B,群益ESG投等債20,152,106,46,富邦-陽明,2024-09-09,9604
00713,元大台灣高息低波,54,9,45,富邦-陽明,2024-09-09,9604
8996,高力,104,62,42,富邦-陽明,2024-09-09,9604
1101,台泥,66,25,41,富邦-陽明,2024-09-09,9604
2897,王道銀行,41,0,41,富邦-陽明,2024-09-09,9604
2867,三商壽,36,0,36,富邦-陽明,2024-09-09,9604
5009,榮剛,35,0,35,富邦-陽明,2024-09-09,9604
2834,臺企銀,50,15,35,富邦-陽明,2024-09-09,9604
3231,緯創,57,22,35,富邦-陽明,2024-09-09,9604
00720B,元大投資級公司債,37,3,34,富邦-陽明,2024-09-09,9604
8103,瀚荃,35,1,34,富邦-陽明,2024-09-09,9604
1904,正隆,34,0,34,富邦-陽明,2024-09-09,9604
00905,FT臺灣Smart,33,0,33,富邦-陽明,2024-09-09,9604
00937B,群益ESG投等債20,895,141,754,富邦-陽明,2024-09-10,9604
00919,群益台灣精選高息,581,27,554,富邦-陽明,2024-09-10,9604
3052,夆典,414,0,414,富邦-陽明,2024-09-10,9604
00929,復華台灣科技優息,424,85,339,富邦-陽明,2024-09-10,9604
4909,新復興,378,69,309,富邦-陽明,2024-09-10,9604
00940,元大台灣價值高息,285,46,239,富邦-陽明,2024-09-10,9604
00878,國泰永續高股息,206,43,163,富邦-陽明,2024-09-10,9604
0056,元大高股息,174,14,160,富邦-陽明,2024-09-10,9604
00948B,中信優息投資級債,160,7,153,富邦-陽明,2024-09-10,9604
00712,復華富時不動產,160,11,149,富邦-陽明,2024-09-10,9604
2382,廣達,172,33,139,富邦-陽明,2024-09-10,9604
00637L,元大滬深300正2,258,132,126,富邦-陽明,2024-09-10,9604
00918,大華優利高填息30,144,29,115,富邦-陽明,2024-09-10,9604
2313,華通,106,22,84,富邦-陽明,2024-09-10,9604
2486,一詮,93,10,83,富邦-陽明,2024-09-10,9604
00915,凱基優選高股息30,86,7,79,富邦-陽明,2024-09-10,9604
3481,群創,102,24,78,富邦-陽明,2024-09-10,9604
6187,萬潤,111,34,77,富邦-陽明,2024-09-10,9604
3492,長盛,69,0,69,富邦-陽明,2024-09-10,9604
2317,鴻海,191,128,63,富邦-陽明,2024-09-10,9604
2344,華邦電,93,32,61,富邦-陽明,2024-09-10,9604
3047,訊舟,115,55,60,富邦-陽明,2024-09-10,9604
00675L,富邦臺灣加權正2,78,20,58,富邦-陽明,2024-09-10,9604
00715L,期街口布蘭特正2,88,30,58,富邦-陽明,2024-09-10,9604
2337,旺宏,69,11,58,富邦-陽明,2024-09-10,9604
2891,中信金,91,34,57,富邦-陽明,2024-09-10,9604
6770,力積電,54,0,54,富邦-陽明,2024-09-10,9604
3019,亞光,140,88,52,富邦-陽明,2024-09-10,9604
2349,錸德,60,8,52,富邦-陽明,2024-09-10,9604
1514,亞力,66,14,52,富邦-陽明,2024-09-10,9604
2408,南亞科,57,6,51,富邦-陽明,2024-09-10,9604
00957B,兆豐US優選投等債,50,0,50,富邦-陽明,2024-09-10,9604
2204,中華,49,0,49,富邦-陽明,2024-09-10,9604
8996,高力,163,115,48,富邦-陽明,2024-09-10,9604
6859,伯特光,61,13,48,富邦-陽明,2024-09-10,9604
8927,北基,57,13,44,富邦-陽明,2024-09-10,9604
4956,光鋐,102,62,40,富邦-陽明,2024-09-10,9604
3360,尚立,52,12,40,富邦-陽明,2024-09-10,9604
00935,野村臺灣新科技50,40,0,40,富邦-陽明,2024-09-10,9604
1605,華新,38,0,38,富邦-陽明,2024-09-10,9604
5521,工信,36,0,36,富邦-陽明,2024-09-10,9604
00650L,復華香港正2,115,79,36,富邦-陽明,2024-09-10,9604
2881,富邦金,67,32,35,富邦-陽明,2024-09-10,9604
6213,聯茂,44,9,35,富邦-陽明,2024-09-10,9604
2356,英業達,85,52,33,富邦-陽明,2024-09-10,9604
4303,信立,66,33,33,富邦-陽明,2024-09-10,9604
00943,兆豐電子高息等權,32,0,32,富邦-陽明,2024-09-10,9604
2832,台產,32,0,32,富邦-陽明,2024-09-10,9604
2027,大成鋼,77,46,31,富邦-陽明,2024-09-10,9604
2301,光寶科,32,2,30,富邦-陽明,2024-09-10,9604
00933B,國泰10Y+金融債,317,26,291,富邦-陽明,2024-09-11,9604
00878,國泰永續高股息,261,13,248,富邦-陽明,2024-09-11,9604
00929,復華台灣科技優息,308,100,208,富邦-陽明,2024-09-11,9604
00680L,元大美債20正2,257,74,183,富邦-陽明,2024-09-11,9604
00919,群益台灣精選高息,186,26,160,富邦-陽明,2024-09-11,9604
00940,元大台灣價值高息,188,30,158,富邦-陽明,2024-09-11,9604
2883,凱基金,230,102,128,富邦-陽明,2024-09-11,9604
00715L,期街口布蘭特正2,245,130,115,富邦-陽明,2024-09-11,9604
00650L,復華香港正2,114,0,114,富邦-陽明,2024-09-11,9604
00632R,元大台灣50反1,122,15,107,富邦-陽明,2024-09-11,9604
4909,新復興,132,28,104,富邦-陽明,2024-09-11,9604
5876,上海商銀,114,16,98,富邦-陽明,2024-09-11,9604
00665L,富邦�琤肭磪囓�2,113,21,92,富邦-陽明,2024-09-11,9604
9907,統一實,104,12,92,富邦-陽明,2024-09-11,9604
00957B,兆豐US優選投等債,84,0,84,富邦-陽明,2024-09-11,9604
00948B,中信優息投資級債,82,1,81,富邦-陽明,2024-09-11,9604
2867,三商壽,172,91,81,富邦-陽明,2024-09-11,9604
2891,中信金,113,37,76,富邦-陽明,2024-09-11,9604
2610,華航,89,15,74,富邦-陽明,2024-09-11,9604
00642U,期元大S＆P石油,65,0,65,富邦-陽明,2024-09-11,9604
0056,元大高股息,71,7,64,富邦-陽明,2024-09-11,9604
00688L,國泰20年美債正2,102,40,62,富邦-陽明,2024-09-11,9604
3049,精金,81,21,60,富邦-陽明,2024-09-11,9604
2002,中鋼,68,9,59,富邦-陽明,2024-09-11,9604
00751B,元大AAA至A公司債,60,4,56,富邦-陽明,2024-09-11,9604
00900,富邦特選高股息30,55,0,55,富邦-陽明,2024-09-11,9604
00713,元大台灣高息低波,53,1,52,富邦-陽明,2024-09-11,9604
1570,力肯,50,0,50,富邦-陽明,2024-09-11,9604
1210,大成,50,0,50,富邦-陽明,2024-09-11,9604
1522,堤維西,64,15,49,富邦-陽明,2024-09-11,9604
00915,凱基優選高股息30,68,20,48,富邦-陽明,2024-09-11,9604
00927,群益半導體收益,48,0,48,富邦-陽明,2024-09-11,9604
6282,康舒,75,30,45,富邦-陽明,2024-09-11,9604
00918,大華優利高填息30,44,1,43,富邦-陽明,2024-09-11,9604
00675L,富邦臺灣加權正2,48,7,41,富邦-陽明,2024-09-11,9604
2881,富邦金,53,15,38,富邦-陽明,2024-09-11,9604
2897,王道銀行,37,0,37,富邦-陽明,2024-09-11,9604
00881,國泰台灣5G+,36,0,36,富邦-陽明,2024-09-11,9604
3047,訊舟,61,25,36,富邦-陽明,2024-09-11,9604
3290,東浦,38,3,35,富邦-陽明,2024-09-11,9604
2356,英業達,40,7,33,富邦-陽明,2024-09-11,9604
00882,中信中國高股息,55,22,33,富邦-陽明,2024-09-11,9604
6116,彩晶,35,3,32,富邦-陽明,2024-09-11,9604
9921,巨大,30,0,30,富邦-陽明,2024-09-11,9604
2472,立隆電,30,0,30,富邦-陽明,2024-09-11,9604
3056,富華新,30,0,30,富邦-陽明,2024-09-11,9604
1312,國喬,30,0,30,富邦-陽明,2024-09-11,9604
2618,長榮航,109,79,30,富邦-陽明,2024-09-11,9604
4566,時碩工業,71,43,28,富邦-陽明,2024-09-11,9604
1530,亞崴,28,0,28,富邦-陽明,2024-09-11,9604
00632R,元大台灣50反1,1278,359,919,富邦-陽明,2024-09-12,9604
2891,中信金,522,16,506,富邦-陽明,2024-09-12,9604
2887,台新金,344,34,310,富邦-陽明,2024-09-12,9604
00687B,國泰20年美債,404,131,273,富邦-陽明,2024-09-12,9604
00948B,中信優息投資級債,229,0,229,富邦-陽明,2024-09-12,9604
4909,新復興,292,64,228,富邦-陽明,2024-09-12,9604
00713,元大台灣高息低波,187,9,178,富邦-陽明,2024-09-12,9604
8927,北基,161,0,161,富邦-陽明,2024-09-12,9604
2897,王道銀行,132,0,132,富邦-陽明,2024-09-12,9604
00919,群益台灣精選高息,149,49,100,富邦-陽明,2024-09-12,9604
6191,精成科,81,0,81,富邦-陽明,2024-09-12,9604
00715L,期街口布蘭特正2,85,17,68,富邦-陽明,2024-09-12,9604
3047,訊舟,85,19,66,富邦-陽明,2024-09-12,9604
6152,百一,81,21,60,富邦-陽明,2024-09-12,9604
3706,神達,91,34,57,富邦-陽明,2024-09-12,9604
2349,錸德,134,79,55,富邦-陽明,2024-09-12,9604
2540,愛山林,116,62,54,富邦-陽明,2024-09-12,9604
3052,夆典,51,2,49,富邦-陽明,2024-09-12,9604
4958,臻鼎-KY,47,6,41,富邦-陽明,2024-09-12,9604
00915,凱基優選高股息30,41,0,41,富邦-陽明,2024-09-12,9604
1447,力鵬,40,0,40,富邦-陽明,2024-09-12,9604
1409,新纖,40,0,40,富邦-陽明,2024-09-12,9604
5347,世界,46,6,40,富邦-陽明,2024-09-12,9604
3455,由田,43,4,39,富邦-陽明,2024-09-12,9604
5443,均豪,210,171,39,富邦-陽明,2024-09-12,9604
00937B,群益ESG投等債20,116,80,36,富邦-陽明,2024-09-12,9604
2838A,聯邦銀甲特,35,0,35,富邦-陽明,2024-09-12,9604
2376,技嘉,71,36,35,富邦-陽明,2024-09-12,9604
00795B,中信美國公債20年,44,10,34,富邦-陽明,2024-09-12,9604
9921,巨大,33,0,33,富邦-陽明,2024-09-12,9604
3580,友威科,63,30,33,富邦-陽明,2024-09-12,9604
8028,昇陽半導體,55,22,33,富邦-陽明,2024-09-12,9604
00900,富邦特選高股息30,37,5,32,富邦-陽明,2024-09-12,9604
4904,遠傳,32,1,31,富邦-陽明,2024-09-12,9604
2537,聯上發,31,1,30,富邦-陽明,2024-09-12,9604
020027,元大上櫃ESG成長N,30,0,30,富邦-陽明,2024-09-12,9604
2845,遠東銀,30,0,30,富邦-陽明,2024-09-12,9604
00957B,兆豐US優選投等債,29,0,29,富邦-陽明,2024-09-12,9604
8096,擎亞,31,3,28,富邦-陽明,2024-09-12,9604
5876,上海商銀,46,18,28,富邦-陽明,2024-09-12,9604
00664R,國泰臺灣加權反1,28,0,28,富邦-陽明,2024-09-12,9604
2609,陽明,63,35,28,富邦-陽明,2024-09-12,9604
00936,台新永續高息中小,50,23,27,富邦-陽明,2024-09-12,9604
1303,南亞,42,16,26,富邦-陽明,2024-09-12,9604
00642U,期元大S＆P石油,30,4,26,富邦-陽明,2024-09-12,9604
00764B,群益25年美債,25,0,25,富邦-陽明,2024-09-12,9604
2365,昆盈,25,1,24,富邦-陽明,2024-09-12,9604
1301,台塑,29,5,24,富邦-陽明,2024-09-12,9604
3563,牧德,25,2,23,富邦-陽明,2024-09-12,9604
5426,振發,50,27,23,富邦-陽明,2024-09-12,9604
00929,復華台灣科技優息,327,18,309,富邦-陽明,2024-09-13,9604
00687B,國泰20年美債,290,38,252,富邦-陽明,2024-09-13,9604
3481,群創,250,40,210,富邦-陽明,2024-09-13,9604
00632R,元大台灣50反1,277,71,206,富邦-陽明,2024-09-13,9604
00688L,國泰20年美債正2,220,43,177,富邦-陽明,2024-09-13,9604
00680L,元大美債20正2,258,82,176,富邦-陽明,2024-09-13,9604
8039,台虹,210,34,176,富邦-陽明,2024-09-13,9604
00878,國泰永續高股息,181,21,160,富邦-陽明,2024-09-13,9604
00900,富邦特選高股息30,162,3,159,富邦-陽明,2024-09-13,9604
4909,新復興,413,259,154,富邦-陽明,2024-09-13,9604
00918,大華優利高填息30,158,6,152,富邦-陽明,2024-09-13,9604
00935,野村臺灣新科技50,148,2,146,富邦-陽明,2024-09-13,9604
00919,群益台灣精選高息,232,99,133,富邦-陽明,2024-09-13,9604
9958,世紀鋼,131,9,122,富邦-陽明,2024-09-13,9604
00637L,元大滬深300正2,132,40,92,富邦-陽明,2024-09-13,9604
2812,台中銀,76,0,76,富邦-陽明,2024-09-13,9604
8996,高力,73,1,72,富邦-陽明,2024-09-13,9604
0056,元大高股息,67,1,66,富邦-陽明,2024-09-13,9604
6191,精成科,64,0,64,富邦-陽明,2024-09-13,9604
2891,中信金,85,23,62,富邦-陽明,2024-09-13,9604
1210,大成,59,0,59,富邦-陽明,2024-09-13,9604
6838,台新藥,81,23,58,富邦-陽明,2024-09-13,9604
2408,南亞科,63,7,56,富邦-陽明,2024-09-13,9604
00713,元大台灣高息低波,60,7,53,富邦-陽明,2024-09-13,9604
00642U,期元大S＆P石油,55,3,52,富邦-陽明,2024-09-13,9604
00696B,富邦美債20年,45,1,44,富邦-陽明,2024-09-13,9604
00945B,凱基美國非投等債,44,0,44,富邦-陽明,2024-09-13,9604
00921,兆豐龍頭等權重,41,0,41,富邦-陽明,2024-09-13,9604
2344,華邦電,59,19,40,富邦-陽明,2024-09-13,9604
1470,大統新創,43,3,40,富邦-陽明,2024-09-13,9604
3663,鑫科,74,34,40,富邦-陽明,2024-09-13,9604
00948B,中信優息投資級債,57,18,39,富邦-陽明,2024-09-13,9604
6859,伯特光,37,0,37,富邦-陽明,2024-09-13,9604
3013,晟銘電,53,17,36,富邦-陽明,2024-09-13,9604
00795B,中信美國公債20年,51,17,34,富邦-陽明,2024-09-13,9604
00881,國泰台灣5G+,34,0,34,富邦-陽明,2024-09-13,9604
00915,凱基優選高股息30,37,4,33,富邦-陽明,2024-09-13,9604
2890,永豐金,32,0,32,富邦-陽明,2024-09-13,9604
1514,亞力,32,1,31,富邦-陽明,2024-09-13,9604
3163,波若威,37,7,30,富邦-陽明,2024-09-13,9604
1529,樂事綠能,30,0,30,富邦-陽明,2024-09-13,9604
00946,群益科技高息成長,137,107,30,富邦-陽明,2024-09-13,9604
6152,百一,55,27,28,富邦-陽明,2024-09-13,9604
4979,華星光,102,75,27,富邦-陽明,2024-09-13,9604
6530,創威,94,68,26,富邦-陽明,2024-09-13,9604
8070,長華*,55,29,26,富邦-陽明,2024-09-13,9604
5443,均豪,155,129,26,富邦-陽明,2024-09-13,9604
2449,京元電子,47,22,25,富邦-陽明,2024-09-13,9604
00957B,兆豐US優選投等債,24,0,24,富邦-陽明,2024-09-13,9604
3673,TPK-KY,27,3,24,富邦-陽明,2024-09-13,9604
00687B,國泰20年美債,738,157,581,富邦-陽明,2024-09-16,9604
00937B,群益ESG投等債20,263,71,192,富邦-陽明,2024-09-16,9604
00919,群益台灣精選高息,336,149,187,富邦-陽明,2024-09-16,9604
00688L,國泰20年美債正2,206,25,181,富邦-陽明,2024-09-16,9604
00679B,元大美債20年,244,79,165,富邦-陽明,2024-09-16,9604
00918,大華優利高填息30,160,1,159,富邦-陽明,2024-09-16,9604
00929,復華台灣科技優息,221,66,155,富邦-陽明,2024-09-16,9604
2834,臺企銀,136,8,128,富邦-陽明,2024-09-16,9604
9958,世紀鋼,261,136,125,富邦-陽明,2024-09-16,9604
00915,凱基優選高股息30,120,0,120,富邦-陽明,2024-09-16,9604
1301,台塑,149,38,111,富邦-陽明,2024-09-16,9604
00676R,富邦臺灣加權反1,102,0,102,富邦-陽明,2024-09-16,9604
2610,華航,136,41,95,富邦-陽明,2024-09-16,9604
2883,凱基金,214,125,89,富邦-陽明,2024-09-16,9604
2891,中信金,94,7,87,富邦-陽明,2024-09-16,9604
3062,建漢,313,233,80,富邦-陽明,2024-09-16,9604
2382,廣達,82,4,78,富邦-陽明,2024-09-16,9604
6770,力積電,91,15,76,富邦-陽明,2024-09-16,9604
00948B,中信優息投資級債,71,0,71,富邦-陽明,2024-09-16,9604
00931B,統一美債20年,76,11,65,富邦-陽明,2024-09-16,9604
00878,國泰永續高股息,117,53,64,富邦-陽明,2024-09-16,9604
2201,裕隆,131,68,63,富邦-陽明,2024-09-16,9604
8096,擎亞,102,40,62,富邦-陽明,2024-09-16,9604
00738U,期元大道瓊白銀,57,0,57,富邦-陽明,2024-09-16,9604
00933B,國泰10Y+金融債,67,10,57,富邦-陽明,2024-09-16,9604
00740B,富邦全球投等債,54,0,54,富邦-陽明,2024-09-16,9604
3360,尚立,196,143,53,富邦-陽明,2024-09-16,9604
00953B,群益優選非投等債,56,5,51,富邦-陽明,2024-09-16,9604
3057,喬鼎,51,0,51,富邦-陽明,2024-09-16,9604
6282,康舒,53,2,51,富邦-陽明,2024-09-16,9604
3019,亞光,137,87,50,富邦-陽明,2024-09-16,9604
00943,兆豐電子高息等權,50,0,50,富邦-陽明,2024-09-16,9604
00713,元大台灣高息低波,47,2,45,富邦-陽明,2024-09-16,9604
2344,華邦電,86,44,42,富邦-陽明,2024-09-16,9604
00720B,元大投資級公司債,43,0,43,富邦-陽明,2024-09-16,9604
00857B,永豐20年美公債,42,0,42,富邦-陽明,2024-09-16,9604
2374,佳能,67,25,42,富邦-陽明,2024-09-16,9604
00631L,元大台灣50正2,46,5,41,富邦-陽明,2024-09-16,9604
0056,元大高股息,58,18,40,富邦-陽明,2024-09-16,9604
8043,蜜望實,52,13,39,富邦-陽明,2024-09-16,9604
8028,昇陽半導體,77,38,39,富邦-陽明,2024-09-16,9604
1717,長興,53,15,38,富邦-陽明,2024-09-16,9604
00772B,中信高評級公司債,38,0,38,富邦-陽明,2024-09-16,9604
2832,台產,37,0,37,富邦-陽明,2024-09-16,9604
4909,新復興,86,52,34,富邦-陽明,2024-09-16,9604
4556,旭然,33,0,33,富邦-陽明,2024-09-16,9604
2313,華通,58,26,32,富邦-陽明,2024-09-16,9604
2408,南亞科,34,2,32,富邦-陽明,2024-09-16,9604
2420,新巨,52,21,31,富邦-陽明,2024-09-16,9604
00795B,中信美國公債20年,35,6,29,富邦-陽明,2024-09-16,9604
2888,新光金,3441,805,2636,富邦-陽明,2024-09-18,9604
00929,復華台灣科技優息,999,146,853,富邦-陽明,2024-09-18,9604
00915,凱基優選高股息30,442,15,427,富邦-陽明,2024-09-18,9604
00918,大華優利高填息30,365,1,364,富邦-陽明,2024-09-18,9604
00919,群益台灣精選高息,528,202,326,富邦-陽明,2024-09-18,9604
00878,國泰永續高股息,281,38,243,富邦-陽明,2024-09-18,9604
00948B,中信優息投資級債,150,0,150,富邦-陽明,2024-09-18,9604
2317,鴻海,228,84,144,富邦-陽明,2024-09-18,9604
0056,元大高股息,124,2,122,富邦-陽明,2024-09-18,9604
00713,元大台灣高息低波,116,6,110,富邦-陽明,2024-09-18,9604
1513,中興電,144,36,108,富邦-陽明,2024-09-18,9604
3033,威健,106,3,103,富邦-陽明,2024-09-18,9604
2887,台新金,206,109,97,富邦-陽明,2024-09-18,9604
2867,三商壽,150,53,97,富邦-陽明,2024-09-18,9604
2349,錸德,248,156,92,富邦-陽明,2024-09-18,9604
00940,元大台灣價值高息,153,67,86,富邦-陽明,2024-09-18,9604
2201,裕隆,176,95,81,富邦-陽明,2024-09-18,9604
2303,聯電,90,14,76,富邦-陽明,2024-09-18,9604
8110,華東,78,4,74,富邦-陽明,2024-09-18,9604
2801,彰銀,72,1,71,富邦-陽明,2024-09-18,9604
2344,華邦電,98,30,68,富邦-陽明,2024-09-18,9604
00935,野村臺灣新科技50,67,0,67,富邦-陽明,2024-09-18,9604
2408,南亞科,66,0,66,富邦-陽明,2024-09-18,9604
8927,北基,70,5,65,富邦-陽明,2024-09-18,9604
3019,亞光,119,55,64,富邦-陽明,2024-09-18,9604
2449,京元電子,69,7,62,富邦-陽明,2024-09-18,9604
2313,華通,104,44,60,富邦-陽明,2024-09-18,9604
00945B,凱基美國非投等債,59,0,59,富邦-陽明,2024-09-18,9604
1711,永光,267,212,55,富邦-陽明,2024-09-18,9604
3264,欣銓,308,258,50,富邦-陽明,2024-09-18,9604
00675L,富邦臺灣加權正2,93,46,47,富邦-陽明,2024-09-18,9604
8096,擎亞,76,30,46,富邦-陽明,2024-09-18,9604
6148,驊宏資,46,0,46,富邦-陽明,2024-09-18,9604
6838,台新藥,53,7,46,富邦-陽明,2024-09-18,9604
00637L,元大滬深300正2,48,2,46,富邦-陽明,2024-09-18,9604
4977,眾達-KY,101,56,45,富邦-陽明,2024-09-18,9604
8996,高力,92,49,43,富邦-陽明,2024-09-18,9604
2903,遠百,41,0,41,富邦-陽明,2024-09-18,9604
6770,力積電,42,1,41,富邦-陽明,2024-09-18,9604
2889,國票金,62,21,41,富邦-陽明,2024-09-18,9604
6859,伯特光,40,0,40,富邦-陽明,2024-09-18,9604
6191,精成科,40,0,40,富邦-陽明,2024-09-18,9604
00632R,元大台灣50反1,70,30,40,富邦-陽明,2024-09-18,9604
00921,兆豐龍頭等權重,39,0,39,富邦-陽明,2024-09-18,9604
00927,群益半導體收益,49,10,39,富邦-陽明,2024-09-18,9604
3715,定穎投控,58,20,38,富邦-陽明,2024-09-18,9604
6698,旭暉應材,95,57,38,富邦-陽明,2024-09-18,9604
1540,喬福,62,24,38,富邦-陽明,2024-09-18,9604
00946,群益科技高息成長,39,2,37,富邦-陽明,2024-09-18,9604
2374,佳能,60,23,37,富邦-陽明,2024-09-18,9604
00919,群益台灣精選高息,630,52,578,富邦-陽明,2024-09-19,9604
00687B,國泰20年美債,698,145,553,富邦-陽明,2024-09-19,9604
00937B,群益ESG投等債20,302,22,280,富邦-陽明,2024-09-19,9604
00958B,永豐ESG銀行債15,220,0,220,富邦-陽明,2024-09-19,9604
00679B,元大美債20年,369,182,187,富邦-陽明,2024-09-19,9604
0056,元大高股息,222,37,185,富邦-陽明,2024-09-19,9604
2312,金寶,222,38,184,富邦-陽明,2024-09-19,9604
3049,精金,291,120,171,富邦-陽明,2024-09-19,9604
00688L,國泰20年美債正2,577,407,170,富邦-陽明,2024-09-19,9604
4958,臻鼎-KY,152,3,149,富邦-陽明,2024-09-19,9604
00857B,永豐20年美公債,145,0,145,富邦-陽明,2024-09-19,9604
00915,凱基優選高股息30,144,2,142,富邦-陽明,2024-09-19,9604
00795B,中信美國公債20年,138,5,133,富邦-陽明,2024-09-19,9604
00878,國泰永續高股息,176,50,126,富邦-陽明,2024-09-19,9604
00733,富邦臺灣中小,112,0,112,富邦-陽明,2024-09-19,9604
2834,臺企銀,121,10,111,富邦-陽明,2024-09-19,9604
00720B,元大投資級公司債,131,21,110,富邦-陽明,2024-09-19,9604
00635U,期元大S＆P黃金,104,0,104,富邦-陽明,2024-09-19,9604
00676R,富邦臺灣加權反1,102,0,102,富邦-陽明,2024-09-19,9604
00706L,期元大S＆P日圓正2,71,8,63,富邦-陽明,2024-09-19,9604
2002,中鋼,67,5,62,富邦-陽明,2024-09-19,9604
00713,元大台灣高息低波,66,13,53,富邦-陽明,2024-09-19,9604
8110,華東,55,2,53,富邦-陽明,2024-09-19,9604
4401,東隆興,57,4,53,富邦-陽明,2024-09-19,9604
2317,鴻海,121,72,49,富邦-陽明,2024-09-19,9604
2356,英業達,71,25,46,富邦-陽明,2024-09-19,9604
911868,同方友友-DR,53,10,43,富邦-陽明,2024-09-19,9604
2885,元大金,45,3,42,富邦-陽明,2024-09-19,9604
8466,美吉吉-KY,50,12,38,富邦-陽明,2024-09-19,9604
2504,國產,37,0,37,富邦-陽明,2024-09-19,9604
8927,北基,36,0,36,富邦-陽明,2024-09-19,9604
00918,大華優利高填息30,45,9,36,富邦-陽明,2024-09-19,9604
00637L,元大滬深300正2,42,8,34,富邦-陽明,2024-09-19,9604
5460,同協,80,47,33,富邦-陽明,2024-09-19,9604
6288,聯嘉,71,38,33,富邦-陽明,2024-09-19,9604
2344,華邦電,84,52,32,富邦-陽明,2024-09-19,9604
00751B,元大AAA至A公司債,44,11,33,富邦-陽明,2024-09-19,9604
5340,建榮,33,3,30,富邦-陽明,2024-09-19,9604
9907,統一實,30,2,28,富邦-陽明,2024-09-19,9604
00931B,統一美債20年,46,19,27,富邦-陽明,2024-09-19,9604
4510,高鋒,82,56,26,富邦-陽明,2024-09-19,9604
8150,南茂,26,0,26,富邦-陽明,2024-09-19,9604
6290,良維,28,3,25,富邦-陽明,2024-09-19,9604
3176,基亞,26,1,25,富邦-陽明,2024-09-19,9604
00948B,中信優息投資級債,44,20,24,富邦-陽明,2024-09-19,9604
00959B,大華投等美債15Y+,24,2,22,富邦-陽明,2024-09-19,9604
00738U,期元大道瓊白銀,24,2,22,富邦-陽明,2024-09-19,9604
4807,日成-KY,44,22,22,富邦-陽明,2024-09-19,9604
4513,福裕,42,21,21,富邦-陽明,2024-09-19,9604
2449,京元電子,26,5,21,富邦-陽明,2024-09-19,9604
2888,新光金,1493,550,943,富邦-陽明,2024-09-20,9604
00687B,國泰20年美債,505,64,441,富邦-陽明,2024-09-20,9604
00688L,國泰20年美債正2,367,121,246,富邦-陽明,2024-09-20,9604
00632R,元大台灣50反1,839,609,230,富邦-陽明,2024-09-20,9604
00937B,群益ESG投等債20,216,12,204,富邦-陽明,2024-09-20,9604
00637L,元大滬深300正2,223,39,184,富邦-陽明,2024-09-20,9604
2421,建準,152,3,149,富邦-陽明,2024-09-20,9604
00679B,元大美債20年,182,34,148,富邦-陽明,2024-09-20,9604
00919,群益台灣精選高息,684,538,146,富邦-陽明,2024-09-20,9604
00958B,永豐ESG銀行債15,108,0,108,富邦-陽明,2024-09-20,9604
2605,新興,106,3,103,富邦-陽明,2024-09-20,9604
2887,台新金,117,22,95,富邦-陽明,2024-09-20,9604
4729,熒茂,117,23,94,富邦-陽明,2024-09-20,9604
1316,上曜,109,19,90,富邦-陽明,2024-09-20,9604
2511,太子,92,3,89,富邦-陽明,2024-09-20,9604
00948B,中信優息投資級債,87,0,87,富邦-陽明,2024-09-20,9604
6152,百一,81,10,71,富邦-陽明,2024-09-20,9604
00713,元大台灣高息低波,72,1,71,富邦-陽明,2024-09-20,9604
00720B,元大投資級公司債,72,8,64,富邦-陽明,2024-09-20,9604
00915,凱基優選高股息30,94,31,63,富邦-陽明,2024-09-20,9604
4909,新復興,94,32,62,富邦-陽明,2024-09-20,9604
2486,一詮,102,44,58,富邦-陽明,2024-09-20,9604
1314,中石化,73,16,57,富邦-陽明,2024-09-20,9604
00680L,元大美債20正2,101,51,50,富邦-陽明,2024-09-20,9604
2344,華邦電,100,51,49,富邦-陽明,2024-09-20,9604
8046,南電,51,3,48,富邦-陽明,2024-09-20,9604
00936,台新永續高息中小,49,1,48,富邦-陽明,2024-09-20,9604
1785,光洋科,174,127,47,富邦-陽明,2024-09-20,9604
3062,建漢,233,187,46,富邦-陽明,2024-09-20,9604
00706L,期元大S＆P日圓正2,50,5,45,富邦-陽明,2024-09-20,9604
911868,同方友友-DR,48,3,45,富邦-陽明,2024-09-20,9604
1582,信錦,49,5,44,富邦-陽明,2024-09-20,9604
5905,南仁湖,57,14,43,富邦-陽明,2024-09-20,9604
2464,盟立,184,143,41,富邦-陽明,2024-09-20,9604
1540,喬福,81,43,38,富邦-陽明,2024-09-20,9604
4974,亞泰,39,3,36,富邦-陽明,2024-09-20,9604
6290,良維,36,1,35,富邦-陽明,2024-09-20,9604
2515,中工,67,32,35,富邦-陽明,2024-09-20,9604
00633L,富邦上証正2,34,0,34,富邦-陽明,2024-09-20,9604
2374,佳能,40,6,34,富邦-陽明,2024-09-20,9604
1524,耿鼎,63,29,34,富邦-陽明,2024-09-20,9604
00673R,期元大S＆P原油反1,32,0,32,富邦-陽明,2024-09-20,9604
00696B,富邦美債20年,38,7,31,富邦-陽明,2024-09-20,9604
00907,永豐優息存股,31,0,31,富邦-陽明,2024-09-20,9604
8043,蜜望實,36,5,31,富邦-陽明,2024-09-20,9604
00664R,國泰臺灣加權反1,29,0,29,富邦-陽明,2024-09-20,9604
1446,宏和,29,0,29,富邦-陽明,2024-09-20,9604
4306,炎洲,50,21,29,富邦-陽明,2024-09-20,9604
3049,精金,97,69,28,富邦-陽明,2024-09-20,9604
00891,中信關鍵半導體,29,2,27,富邦-陽明,2024-09-20,9604
2888,新光金,987,483,504,富邦-陽明,2024-09-23,9604
00919,群益台灣精選高息,485,65,420,富邦-陽明,2024-09-23,9604
00687B,國泰20年美債,427,220,207,富邦-陽明,2024-09-23,9604
00632R,元大台灣50反1,193,37,156,富邦-陽明,2024-09-23,9604
00688L,國泰20年美債正2,283,139,144,富邦-陽明,2024-09-23,9604
00679B,元大美債20年,283,141,142,富邦-陽明,2024-09-23,9604
3052,夆典,140,0,140,富邦-陽明,2024-09-23,9604
9958,世紀鋼,268,140,128,富邦-陽明,2024-09-23,9604
1314,中石化,129,3,126,富邦-陽明,2024-09-23,9604
00929,復華台灣科技優息,206,82,124,富邦-陽明,2024-09-23,9604
2399,映泰,222,110,112,富邦-陽明,2024-09-23,9604
00918,大華優利高填息30,117,6,111,富邦-陽明,2024-09-23,9604
00937B,群益ESG投等債20,279,178,101,富邦-陽明,2024-09-23,9604
00676R,富邦臺灣加權反1,101,0,101,富邦-陽明,2024-09-23,9604
00945B,凱基美國非投等債,101,0,101,富邦-陽明,2024-09-23,9604
3515,華擎,101,0,101,富邦-陽明,2024-09-23,9604
6116,彩晶,91,0,91,富邦-陽明,2024-09-23,9604
4566,時碩工業,109,19,90,富邦-陽明,2024-09-23,9604
1316,上曜,189,108,81,富邦-陽明,2024-09-23,9604
2606,裕民,75,0,75,富邦-陽明,2024-09-23,9604
2867,三商壽,177,103,74,富邦-陽明,2024-09-23,9604
2897,王道銀行,73,0,73,富邦-陽明,2024-09-23,9604
8927,北基,74,6,68,富邦-陽明,2024-09-23,9604
2464,盟立,75,14,61,富邦-陽明,2024-09-23,9604
00878,國泰永續高股息,164,104,60,富邦-陽明,2024-09-23,9604
3645,達邁,59,0,59,富邦-陽明,2024-09-23,9604
6785,昱展新藥,59,0,59,富邦-陽明,2024-09-23,9604
0056,元大高股息,91,32,59,富邦-陽明,2024-09-23,9604
2369,菱生,58,0,58,富邦-陽明,2024-09-23,9604
3605,宏致,77,20,57,富邦-陽明,2024-09-23,9604
2801,彰銀,54,2,52,富邦-陽明,2024-09-23,9604
00706L,期元大S＆P日圓正2,64,16,48,富邦-陽明,2024-09-23,9604
1711,永光,148,101,47,富邦-陽明,2024-09-23,9604
00725B,國泰投資級公司債,46,0,46,富邦-陽明,2024-09-23,9604
1444,力麗,50,5,45,富邦-陽明,2024-09-23,9604
6125,廣運,69,25,44,富邦-陽明,2024-09-23,9604
5398,慕康生醫,43,0,43,富邦-陽明,2024-09-23,9604
6284,佳邦,42,0,42,富邦-陽明,2024-09-23,9604
9105,泰金寶-DR,44,4,40,富邦-陽明,2024-09-23,9604
00862B,中信投資級公司債,40,0,40,富邦-陽明,2024-09-23,9604
00751B,元大AAA至A公司債,52,14,38,富邦-陽明,2024-09-23,9604
8107,大億金茂,51,13,38,富邦-陽明,2024-09-23,9604
2425,承啟,70,33,37,富邦-陽明,2024-09-23,9604
00635U,期元大S＆P黃金,39,2,37,富邦-陽明,2024-09-23,9604
4714,永捷,45,10,35,富邦-陽明,2024-09-23,9604
2477,美隆電,39,5,34,富邦-陽明,2024-09-23,9604
2449,京元電子,36,3,33,富邦-陽明,2024-09-23,9604
1785,光洋科,78,44,34,富邦-陽明,2024-09-23,9604
4956,光鋐,34,2,32,富邦-陽明,2024-09-23,9604
2062,橋椿,74,42,32,富邦-陽明,2024-09-23,9604
00687B,國泰20年美債,518,115,403,富邦-陽明,2024-09-24,9604
00950B,凱基A級公司債,400,0,400,富邦-陽明,2024-09-24,9604
2891,中信金,412,104,308,富邦-陽明,2024-09-24,9604
00680L,元大美債20正2,283,16,267,富邦-陽明,2024-09-24,9604
00679B,元大美債20年,223,11,212,富邦-陽明,2024-09-24,9604
00946,群益科技高息成長,175,20,155,富邦-陽明,2024-09-24,9604
00645,富邦日本,150,1,149,富邦-陽明,2024-09-24,9604
00857B,永豐20年美公債,140,3,137,富邦-陽明,2024-09-24,9604
2388,威盛,137,27,110,富邦-陽明,2024-09-24,9604
00661,元大日經225,101,0,101,富邦-陽明,2024-09-24,9604
00669R,國泰美國道瓊反1,100,0,100,富邦-陽明,2024-09-24,9604
00929,復華台灣科技優息,199,102,97,富邦-陽明,2024-09-24,9604
00650L,復華香港正2,146,54,92,富邦-陽明,2024-09-24,9604
8043,蜜望實,90,0,90,富邦-陽明,2024-09-24,9604
6548,長科*,95,7,88,富邦-陽明,2024-09-24,9604
00795B,中信美國公債20年,88,1,87,富邦-陽明,2024-09-24,9604
2609,陽明,551,466,85,富邦-陽明,2024-09-24,9604
00948B,中信優息投資級債,79,0,79,富邦-陽明,2024-09-24,9604
00706L,期元大S＆P日圓正2,83,5,78,富邦-陽明,2024-09-24,9604
2344,華邦電,97,24,73,富邦-陽明,2024-09-24,9604
6188,廣明,88,22,66,富邦-陽明,2024-09-24,9604
2611,志信,66,1,65,富邦-陽明,2024-09-24,9604
3149,正達,180,121,59,富邦-陽明,2024-09-24,9604
00637L,元大滬深300正2,342,285,57,富邦-陽明,2024-09-24,9604
00725B,國泰投資級公司債,55,0,55,富邦-陽明,2024-09-24,9604
2408,南亞科,87,34,53,富邦-陽明,2024-09-24,9604
3645,達邁,52,0,52,富邦-陽明,2024-09-24,9604
2349,錸德,83,31,52,富邦-陽明,2024-09-24,9604
2515,中工,85,34,51,富邦-陽明,2024-09-24,9604
3605,宏致,63,13,50,富邦-陽明,2024-09-24,9604
1802,台玻,50,1,49,富邦-陽明,2024-09-24,9604
3019,亞光,125,76,49,富邦-陽明,2024-09-24,9604
1314,中石化,53,6,47,富邦-陽明,2024-09-24,9604
00933B,國泰10Y+金融債,56,11,45,富邦-陽明,2024-09-24,9604
8021,尖點,56,11,45,富邦-陽明,2024-09-24,9604
2888,新光金,287,243,44,富邦-陽明,2024-09-24,9604
00651R,復華香港反1,43,0,43,富邦-陽明,2024-09-24,9604
00674R,期元大S＆P黃金反1,42,0,42,富邦-陽明,2024-09-24,9604
6148,驊宏資,43,1,42,富邦-陽明,2024-09-24,9604
00945B,凱基美國非投等債,54,13,41,富邦-陽明,2024-09-24,9604
2867,三商壽,59,22,37,富邦-陽明,2024-09-24,9604
1815,富喬,39,2,37,富邦-陽明,2024-09-24,9604
00712,復華富時不動產,37,0,37,富邦-陽明,2024-09-24,9604
00751B,元大AAA至A公司債,39,3,36,富邦-陽明,2024-09-24,9604
3037,欣興,46,12,34,富邦-陽明,2024-09-24,9604
00960,野村全球航運龍頭,143,109,34,富邦-陽明,2024-09-24,9604
00885,富邦越南,31,0,31,富邦-陽明,2024-09-24,9604
00937B,群益ESG投等債20,62,32,30,富邦-陽明,2024-09-24,9604
3615,安可,54,24,30,富邦-陽明,2024-09-24,9604
3581,博磊,79,50,29,富邦-陽明,2024-09-24,9604
00937B,群益ESG投等債20,575,165,410,富邦-陽明,2024-09-25,9604
00679B,元大美債20年,450,118,332,富邦-陽明,2024-09-25,9604
00715L,期街口布蘭特正2,314,0,314,富邦-陽明,2024-09-25,9604
00632R,元大台灣50反1,399,186,213,富邦-陽明,2024-09-25,9604
00687B,國泰20年美債,359,211,148,富邦-陽明,2024-09-25,9604
2399,映泰,224,98,126,富邦-陽明,2024-09-25,9604
3481,群創,136,26,110,富邦-陽明,2024-09-25,9604
2312,金寶,104,6,98,富邦-陽明,2024-09-25,9604
3052,夆典,100,2,98,富邦-陽明,2024-09-25,9604
3550,聯穎,240,146,94,富邦-陽明,2024-09-25,9604
3047,訊舟,186,108,78,富邦-陽明,2024-09-25,9604
1524,耿鼎,107,30,77,富邦-陽明,2024-09-25,9604
00945B,凱基美國非投等債,74,0,74,富邦-陽明,2024-09-25,9604
6785,昱展新藥,75,3,72,富邦-陽明,2024-09-25,9604
00960,野村全球航運龍頭,394,323,71,富邦-陽明,2024-09-25,9604
2388,威盛,80,18,62,富邦-陽明,2024-09-25,9604
00933B,國泰10Y+金融債,84,22,62,富邦-陽明,2024-09-25,9604
00934,中信成長高股息,89,31,58,富邦-陽明,2024-09-25,9604
00919,群益台灣精選高息,301,247,54,富邦-陽明,2024-09-25,9604
6967,汎瑋材料,68,14,54,富邦-陽明,2024-09-25,9604
2867,三商壽,67,15,52,富邦-陽明,2024-09-25,9604
3217,優群,52,0,52,富邦-陽明,2024-09-25,9604
00680L,元大美債20正2,52,1,51,富邦-陽明,2024-09-25,9604
8927,北基,48,0,48,富邦-陽明,2024-09-25,9604
00673R,期元大S＆P原油反1,63,15,48,富邦-陽明,2024-09-25,9604
9958,世紀鋼,222,177,45,富邦-陽明,2024-09-25,9604
8929,富堡,40,0,40,富邦-陽明,2024-09-25,9604
4904,遠傳,40,1,39,富邦-陽明,2024-09-25,9604
3285,微端,38,0,38,富邦-陽明,2024-09-25,9604
8096,擎亞,60,23,37,富邦-陽明,2024-09-25,9604
4772,台特化,42,7,35,富邦-陽明,2024-09-25,9604
00676R,富邦臺灣加權反1,54,20,34,富邦-陽明,2024-09-25,9604
00795B,中信美國公債20年,34,0,34,富邦-陽明,2024-09-25,9604
3673,TPK-KY,53,20,33,富邦-陽明,2024-09-25,9604
2618,長榮航,253,220,33,富邦-陽明,2024-09-25,9604
2006,東和鋼鐵,31,0,31,富邦-陽明,2024-09-25,9604
5452,佶優,120,89,31,富邦-陽明,2024-09-25,9604
2883,凱基金,269,238,31,富邦-陽明,2024-09-25,9604
00753L,中信中國50正2,80,50,30,富邦-陽明,2024-09-25,9604
2323,中環,30,0,30,富邦-陽明,2024-09-25,9604
00857B,永豐20年美公債,29,0,29,富邦-陽明,2024-09-25,9604
00738U,期元大道瓊白銀,30,1,29,富邦-陽明,2024-09-25,9604
00650L,復華香港正2,152,123,29,富邦-陽明,2024-09-25,9604
2610,華航,57,28,29,富邦-陽明,2024-09-25,9604
00708L,期元大S＆P黃金正2,30,2,28,富邦-陽明,2024-09-25,9604
1711,永光,69,41,28,富邦-陽明,2024-09-25,9604
4563,百德,37,10,27,富邦-陽明,2024-09-25,9604
9945,潤泰新,34,7,27,富邦-陽明,2024-09-25,9604
4956,光鋐,28,1,27,富邦-陽明,2024-09-25,9604
00664R,國泰臺灣加權反1,30,3,27,富邦-陽明,2024-09-25,9604
00715L,期街口布蘭特正2,598,17,581,富邦-陽明,2024-09-26,9604
00632R,元大台灣50反1,433,26,407,富邦-陽明,2024-09-26,9604
00679B,元大美債20年,435,44,391,富邦-陽明,2024-09-26,9604
2801,彰銀,344,4,340,富邦-陽明,2024-09-26,9604
6197,佳必琪,308,16,292,富邦-陽明,2024-09-26,9604
2371,大同,338,47,291,富邦-陽明,2024-09-26,9604
2312,金寶,317,38,279,富邦-陽明,2024-09-26,9604
3019,亞光,439,161,278,富邦-陽明,2024-09-26,9604
00688L,國泰20年美債正2,388,144,244,富邦-陽明,2024-09-26,9604
00960,野村全球航運龍頭,559,337,222,富邦-陽明,2024-09-26,9604
2618,長榮航,295,82,213,富邦-陽明,2024-09-26,9604
2344,華邦電,285,122,163,富邦-陽明,2024-09-26,9604
00671R,富邦NASDAQ反1,155,0,155,富邦-陽明,2024-09-26,9604
00948B,中信優息投資級債,153,10,143,富邦-陽明,2024-09-26,9604
2408,南亞科,142,25,117,富邦-陽明,2024-09-26,9604
8150,南茂,111,6,105,富邦-陽明,2024-09-26,9604
00725B,國泰投資級公司債,101,1,100,富邦-陽明,2024-09-26,9604
00680L,元大美債20正2,188,90,98,富邦-陽明,2024-09-26,9604
00720B,元大投資級公司債,105,12,93,富邦-陽明,2024-09-26,9604
00751B,元大AAA至A公司債,88,0,88,富邦-陽明,2024-09-26,9604
2542,興富發,86,1,85,富邦-陽明,2024-09-26,9604
1314,中石化,117,39,78,富邦-陽明,2024-09-26,9604
00795B,中信美國公債20年,92,21,71,富邦-陽明,2024-09-26,9604
8927,北基,76,5,71,富邦-陽明,2024-09-26,9604
2886,兆豐金,87,21,66,富邦-陽明,2024-09-26,9604
4562,穎漢,74,10,64,富邦-陽明,2024-09-26,9604
00958B,永豐ESG銀行債15,71,10,61,富邦-陽明,2024-09-26,9604
1540,喬福,109,49,60,富邦-陽明,2024-09-26,9604
6188,廣明,104,48,56,富邦-陽明,2024-09-26,9604
3605,宏致,140,85,55,富邦-陽明,2024-09-26,9604
3645,達邁,56,3,53,富邦-陽明,2024-09-26,9604
8096,擎亞,170,118,52,富邦-陽明,2024-09-26,9604
6873,泓德能源,69,17,52,富邦-陽明,2024-09-26,9604
00857B,永豐20年美公債,59,10,49,富邦-陽明,2024-09-26,9604
2353,宏��,49,1,48,富邦-陽明,2024-09-26,9604
6282,康舒,51,5,46,富邦-陽明,2024-09-26,9604
4952,凌通,50,4,46,富邦-陽明,2024-09-26,9604
3264,欣銓,46,0,46,富邦-陽明,2024-09-26,9604
00692,富邦公司治理,50,5,45,富邦-陽明,2024-09-26,9604
3715,定穎投控,95,51,44,富邦-陽明,2024-09-26,9604
00633L,富邦上証正2,71,29,42,富邦-陽明,2024-09-26,9604
2436,偉詮電,111,70,41,富邦-陽明,2024-09-26,9604
4958,臻鼎-KY,41,1,40,富邦-陽明,2024-09-26,9604
00918,大華優利高填息30,52,12,40,富邦-陽明,2024-09-26,9604
2354,鴻準,63,27,36,富邦-陽明,2024-09-26,9604
3673,TPK-KY,95,59,36,富邦-陽明,2024-09-26,9604
00956,中信日經高股息,36,0,36,富邦-陽明,2024-09-26,9604
8076,伍豐,72,37,35,富邦-陽明,2024-09-26,9604
4903,聯光通,62,28,34,富邦-陽明,2024-09-26,9604
00957B,兆豐US優選投等債,33,0,33,富邦-陽明,2024-09-26,9604
00715L,期街口布蘭特正2,658,130,528,富邦-陽明,2024-09-27,9604
00687B,國泰20年美債,488,57,431,富邦-陽明,2024-09-27,9604
00679B,元大美債20年,445,34,411,富邦-陽明,2024-09-27,9604
2888,新光金,287,43,244,富邦-陽明,2024-09-27,9604
00637L,元大滬深300正2,541,316,225,富邦-陽明,2024-09-27,9604
2388,威盛,258,51,207,富邦-陽明,2024-09-27,9604
3163,波若威,376,190,186,富邦-陽明,2024-09-27,9604
4977,眾達-KY,213,44,169,富邦-陽明,2024-09-27,9604
3019,亞光,157,42,115,富邦-陽明,2024-09-27,9604
00725B,國泰投資級公司債,112,6,106,富邦-陽明,2024-09-27,9604
9958,世紀鋼,230,134,96,富邦-陽明,2024-09-27,9604
2367,燿華,99,5,94,富邦-陽明,2024-09-27,9604
00669R,國泰美國道瓊反1,91,0,91,富邦-陽明,2024-09-27,9604
00948B,中信優息投資級債,87,7,80,富邦-陽明,2024-09-27,9604
3605,宏致,136,58,78,富邦-陽明,2024-09-27,9604
00751B,元大AAA至A公司債,84,7,77,富邦-陽明,2024-09-27,9604
00642U,期元大S＆P石油,75,0,75,富邦-陽明,2024-09-27,9604
2886,兆豐金,77,7,70,富邦-陽明,2024-09-27,9604
1440,南紡,70,1,69,富邦-陽明,2024-09-27,9604
4904,遠傳,63,0,63,富邦-陽明,2024-09-27,9604
1417,嘉裕,60,0,60,富邦-陽明,2024-09-27,9604
2481,強茂,64,4,60,富邦-陽明,2024-09-27,9604
00706L,期元大S＆P日圓正2,59,0,59,富邦-陽明,2024-09-27,9604
00878,國泰永續高股息,73,15,58,富邦-陽明,2024-09-27,9604
00680L,元大美債20正2,92,35,57,富邦-陽明,2024-09-27,9604
00960,野村全球航運龍頭,160,107,53,富邦-陽明,2024-09-27,9604
6188,廣明,91,40,51,富邦-陽明,2024-09-27,9604
3041,揚智,54,6,48,富邦-陽明,2024-09-27,9604
2495,普安,75,27,48,富邦-陽明,2024-09-27,9604
2801,彰銀,51,3,48,富邦-陽明,2024-09-27,9604
2891,中信金,161,115,46,富邦-陽明,2024-09-27,9604
2605,新興,113,69,44,富邦-陽明,2024-09-27,9604
2883,凱基金,56,13,43,富邦-陽明,2024-09-27,9604
1909,榮成,85,42,43,富邦-陽明,2024-09-27,9604
3149,正達,160,118,42,富邦-陽明,2024-09-27,9604
2313,華通,48,6,42,富邦-陽明,2024-09-27,9604
3264,欣銓,41,0,41,富邦-陽明,2024-09-27,9604
00945B,凱基美國非投等債,38,0,38,富邦-陽明,2024-09-27,9604
2399,映泰,57,20,37,富邦-陽明,2024-09-27,9604
3663,鑫科,49,14,35,富邦-陽明,2024-09-27,9604
9955,佳龍,35,1,34,富邦-陽明,2024-09-27,9604
00712,復華富時不動產,44,11,33,富邦-陽明,2024-09-27,9604
6405,悅城,62,29,33,富邦-陽明,2024-09-27,9604
8076,伍豐,36,3,33,富邦-陽明,2024-09-27,9604
4807,日成-KY,36,4,32,富邦-陽明,2024-09-27,9604
3711,日月光投控,39,7,32,富邦-陽明,2024-09-27,9604
00958B,永豐ESG銀行債15,31,0,31,富邦-陽明,2024-09-27,9604
3450,聯鈞,59,28,31,富邦-陽明,2024-09-27,9604
00857B,永豐20年美公債,31,0,31,富邦-陽明,2024-09-27,9604
2332,友訊,33,3,30,富邦-陽明,2024-09-27,9604
00929,復華台灣科技優息,592,89,503,富邦-陽明,2024-09-30,9604
00919,群益台灣精選高息,621,231,390,富邦-陽明,2024-09-30,9604
00882,中信中國高股息,615,292,323,富邦-陽明,2024-09-30,9604
00715L,期街口布蘭特正2,321,4,317,富邦-陽明,2024-09-30,9604
00680L,元大美債20正2,228,5,223,富邦-陽明,2024-09-30,9604
1717,長興,216,8,208,富邦-陽明,2024-09-30,9604
00937B,群益ESG投等債20,393,187,206,富邦-陽明,2024-09-30,9604
00687B,國泰20年美債,262,68,194,富邦-陽明,2024-09-30,9604
2344,華邦電,254,60,194,富邦-陽明,2024-09-30,9604
00679B,元大美債20年,263,88,175,富邦-陽明,2024-09-30,9604
00665L,富邦�琤肭磪囓�2,523,370,153,富邦-陽明,2024-09-30,9604
2330,台積電,181,37,144,富邦-陽明,2024-09-30,9604
2609,陽明,310,179,131,富邦-陽明,2024-09-30,9604
9958,世紀鋼,257,147,110,富邦-陽明,2024-09-30,9604
6257,矽格,131,21,110,富邦-陽明,2024-09-30,9604
00669R,國泰美國道瓊反1,110,0,110,富邦-陽明,2024-09-30,9604
00878,國泰永續高股息,165,59,106,富邦-陽明,2024-09-30,9604
6446,藥華藥,103,2,101,富邦-陽明,2024-09-30,9604
00674R,期元大S＆P黃金反1,100,0,100,富邦-陽明,2024-09-30,9604
2031,新光鋼,102,5,97,富邦-陽明,2024-09-30,9604
1471,首利,95,0,95,富邦-陽明,2024-09-30,9604
0056,元大高股息,130,36,94,富邦-陽明,2024-09-30,9604
00915,凱基優選高股息30,120,33,87,富邦-陽明,2024-09-30,9604
00946,群益科技高息成長,102,18,84,富邦-陽明,2024-09-30,9604
00945B,凱基美國非投等債,84,0,84,富邦-陽明,2024-09-30,9604
00927,群益半導體收益,82,2,80,富邦-陽明,2024-09-30,9604
4909,新復興,152,75,77,富邦-陽明,2024-09-30,9604
2603,長榮,90,16,74,富邦-陽明,2024-09-30,9604
00725B,國泰投資級公司債,74,2,72,富邦-陽明,2024-09-30,9604
2605,新興,170,99,71,富邦-陽明,2024-09-30,9604
00935,野村臺灣新科技50,83,15,68,富邦-陽明,2024-09-30,9604
00752,中信中國50,167,100,67,富邦-陽明,2024-09-30,9604
1708,東鹼,104,39,65,富邦-陽明,2024-09-30,9604
3049,精金,89,25,64,富邦-陽明,2024-09-30,9604
00891,中信關鍵半導體,62,2,60,富邦-陽明,2024-09-30,9604
3189,景碩,80,22,58,富邦-陽明,2024-09-30,9604
2449,京元電子,81,24,57,富邦-陽明,2024-09-30,9604
00952,凱基台灣AI50,57,0,57,富邦-陽明,2024-09-30,9604
00753L,中信中國50正2,188,132,56,富邦-陽明,2024-09-30,9604
00948B,中信優息投資級債,54,0,54,富邦-陽明,2024-09-30,9604
00688L,國泰20年美債正2,54,0,54,富邦-陽明,2024-09-30,9604
2323,中環,59,7,52,富邦-陽明,2024-09-30,9604
006208,富邦台50,61,10,51,富邦-陽明,2024-09-30,9604
9907,統一實,51,1,50,富邦-陽明,2024-09-30,9604
1108,幸福,50,1,49,富邦-陽明,2024-09-30,9604
3037,欣興,62,13,49,富邦-陽明,2024-09-30,9604
2382,廣達,91,43,48,富邦-陽明,2024-09-30,9604
00918,大華優利高填息30,72,24,48,富邦-陽明,2024-09-30,9604
4157,太景*-KY,48,1,47,富邦-陽明,2024-09-30,9604
00922,國泰台灣領袖50,48,1,47,富邦-陽明,2024-09-30,9604
00665L,富邦�琤肭磪囓�2,636,32,604,富邦-陽明,2024-10-01,9604
00937B,群益ESG投等債20,555,133,422,富邦-陽明,2024-10-01,9604
00929,復華台灣科技優息,409,10,399,富邦-陽明,2024-10-01,9604
00946,群益科技高息成長,354,0,354,富邦-陽明,2024-10-01,9604
2888,新光金,333,11,322,富邦-陽明,2024-10-01,9604
00679B,元大美債20年,452,144,308,富邦-陽明,2024-10-01,9604
0056,元大高股息,315,49,266,富邦-陽明,2024-10-01,9604
3163,波若威,268,44,224,富邦-陽明,2024-10-01,9604
00753L,中信中國50正2,222,29,193,富邦-陽明,2024-10-01,9604
5014,建錩,204,17,187,富邦-陽明,2024-10-01,9604
2613,中櫃,212,36,176,富邦-陽明,2024-10-01,9604
00919,群益台灣精選高息,162,5,157,富邦-陽明,2024-10-01,9604
00878,國泰永續高股息,237,86,151,富邦-陽明,2024-10-01,9604
00915,凱基優選高股息30,145,0,145,富邦-陽明,2024-10-01,9604
00715L,期街口布蘭特正2,152,10,142,富邦-陽明,2024-10-01,9604
3481,群創,159,24,135,富邦-陽明,2024-10-01,9604
2332,友訊,120,10,110,富邦-陽明,2024-10-01,9604
2344,華邦電,154,46,108,富邦-陽明,2024-10-01,9604
00706L,期元大S＆P日圓正2,108,1,107,富邦-陽明,2024-10-01,9604
1717,長興,107,2,105,富邦-陽明,2024-10-01,9604
6770,力積電,117,14,103,富邦-陽明,2024-10-01,9604
00680L,元大美債20正2,103,0,103,富邦-陽明,2024-10-01,9604
2887,台新金,110,8,102,富邦-陽明,2024-10-01,9604
00669R,國泰美國道瓊反1,100,0,100,富邦-陽明,2024-10-01,9604
00934,中信成長高股息,94,1,93,富邦-陽明,2024-10-01,9604
2609,陽明,311,235,76,富邦-陽明,2024-10-01,9604
1314,中石化,67,3,64,富邦-陽明,2024-10-01,9604
2317,鴻海,105,44,61,富邦-陽明,2024-10-01,9604
00945B,凱基美國非投等債,68,12,56,富邦-陽明,2024-10-01,9604
00713,元大台灣高息低波,55,0,55,富邦-陽明,2024-10-01,9604
5243,乙盛-KY,55,3,52,富邦-陽明,2024-10-01,9604
00960,野村全球航運龍頭,92,42,50,富邦-陽明,2024-10-01,9604
2408,南亞科,56,6,50,富邦-陽明,2024-10-01,9604
00674R,期元大S＆P黃金反1,50,0,50,富邦-陽明,2024-10-01,9604
6913,鴻呈,65,16,49,富邦-陽明,2024-10-01,9604
00795B,中信美國公債20年,58,10,48,富邦-陽明,2024-10-01,9604
6116,彩晶,48,0,48,富邦-陽明,2024-10-01,9604
3049,精金,50,5,45,富邦-陽明,2024-10-01,9604
9907,統一實,45,0,45,富邦-陽明,2024-10-01,9604
2880,華南金,47,2,45,富邦-陽明,2024-10-01,9604
2845,遠東銀,42,0,42,富邦-陽明,2024-10-01,9604
1711,永光,50,8,42,富邦-陽明,2024-10-01,9604
00922,國泰台灣領袖50,44,3,41,富邦-陽明,2024-10-01,9604
00637L,元大滬深300正2,372,331,41,富邦-陽明,2024-10-01,9604
00639,富邦深100,49,8,41,富邦-陽明,2024-10-01,9604
3211,順達,42,1,41,富邦-陽明,2024-10-01,9604
2301,光寶科,48,10,38,富邦-陽明,2024-10-01,9604
2106,建大,38,0,38,富邦-陽明,2024-10-01,9604
9921,巨大,47,10,37,富邦-陽明,2024-10-01,9604
1217,愛之味,39,2,37,富邦-陽明,2024-10-01,9604
00919,群益台灣精選高息,1131,139,992,富邦-陽明,2024-10-04,9604
0056,元大高股息,492,7,485,富邦-陽明,2024-10-04,9604
2618,長榮航,332,17,315,富邦-陽明,2024-10-04,9604
00937B,群益ESG投等債20,265,2,263,富邦-陽明,2024-10-04,9604
00929,復華台灣科技優息,372,125,247,富邦-陽明,2024-10-04,9604
00753L,中信中國50正2,552,362,190,富邦-陽明,2024-10-04,9604
00878,國泰永續高股息,254,82,172,富邦-陽明,2024-10-04,9604
2609,陽明,349,180,169,富邦-陽明,2024-10-04,9604
00940,元大台灣價值高息,445,279,166,富邦-陽明,2024-10-04,9604
9958,世紀鋼,227,64,163,富邦-陽明,2024-10-04,9604
2610,華航,182,21,161,富邦-陽明,2024-10-04,9604
3706,神達,168,11,157,富邦-陽明,2024-10-04,9604
2603,長榮,183,29,154,富邦-陽明,2024-10-04,9604
00706L,期元大S＆P日圓正2,136,0,136,富邦-陽明,2024-10-04,9604
00680L,元大美債20正2,219,85,134,富邦-陽明,2024-10-04,9604
00673R,期元大S＆P原油反1,146,20,126,富邦-陽明,2024-10-04,9604
00952,凱基台灣AI50,115,0,115,富邦-陽明,2024-10-04,9604
00948B,中信優息投資級債,116,5,111,富邦-陽明,2024-10-04,9604
2615,萬海,151,44,107,富邦-陽明,2024-10-04,9604
00751B,元大AAA至A公司債,122,19,103,富邦-陽明,2024-10-04,9604
2303,聯電,137,36,101,富邦-陽明,2024-10-04,9604
00933B,國泰10Y+金融債,103,3,100,富邦-陽明,2024-10-04,9604
4961,天鈺,100,2,98,富邦-陽明,2024-10-04,9604
00687B,國泰20年美債,192,95,97,富邦-陽明,2024-10-04,9604
00679B,元大美債20年,182,85,97,富邦-陽明,2024-10-04,9604
2834,臺企銀,100,5,95,富邦-陽明,2024-10-04,9604
2382,廣達,106,14,92,富邦-陽明,2024-10-04,9604
00922,國泰台灣領袖50,91,0,91,富邦-陽明,2024-10-04,9604
2801,彰銀,91,3,88,富邦-陽明,2024-10-04,9604
00688L,國泰20年美債正2,97,10,87,富邦-陽明,2024-10-04,9604
2498,宏達電,345,264,81,富邦-陽明,2024-10-04,9604
2884,玉山金,79,0,79,富邦-陽明,2024-10-04,9604
00713,元大台灣高息低波,85,12,73,富邦-陽明,2024-10-04,9604
00642U,期元大S＆P石油,106,34,72,富邦-陽明,2024-10-04,9604
4904,遠傳,69,0,69,富邦-陽明,2024-10-04,9604
00939,統一台灣高息動能,80,15,65,富邦-陽明,2024-10-04,9604
2845,遠東銀,64,0,64,富邦-陽明,2024-10-04,9604
2891,中信金,77,16,61,富邦-陽明,2024-10-04,9604
2892,第一金,60,3,57,富邦-陽明,2024-10-04,9604
5351,鈺創,67,10,57,富邦-陽明,2024-10-04,9604
2886,兆豐金,60,6,54,富邦-陽明,2024-10-04,9604
00915,凱基優選高股息30,57,5,52,富邦-陽明,2024-10-04,9604
2313,華通,60,10,50,富邦-陽明,2024-10-04,9604
00641R,富邦日本反1,50,0,50,富邦-陽明,2024-10-04,9604
3052,夆典,50,0,50,富邦-陽明,2024-10-04,9604
9921,巨大,51,2,49,富邦-陽明,2024-10-04,9604
2883,凱基金,185,137,48,富邦-陽明,2024-10-04,9604
2606,裕民,67,19,48,富邦-陽明,2024-10-04,9604
00918,大華優利高填息30,57,10,47,富邦-陽明,2024-10-04,9604
00946,群益科技高息成長,47,0,47,富邦-陽明,2024-10-04,9604
00753L,中信中國50正2,987,258,729,富邦-陽明,2024-10-07,9604
1314,中石化,586,120,466,富邦-陽明,2024-10-07,9604
00665L,富邦�琤肭磪囓�2,718,282,436,富邦-陽明,2024-10-07,9604
00706L,期元大S＆P日圓正2,232,0,232,富邦-陽明,2024-10-07,9604
00632R,元大台灣50反1,227,20,207,富邦-陽明,2024-10-07,9604
4961,天鈺,212,15,197,富邦-陽明,2024-10-07,9604
00902,中信電池及儲能,219,25,194,富邦-陽明,2024-10-07,9604
00929,復華台灣科技優息,279,103,176,富邦-陽明,2024-10-07,9604
00919,群益台灣精選高息,241,70,171,富邦-陽明,2024-10-07,9604
00680L,元大美債20正2,283,116,167,富邦-陽明,2024-10-07,9604
00752,中信中國50,298,137,161,富邦-陽明,2024-10-07,9604
00712,復華富時不動產,174,20,154,富邦-陽明,2024-10-07,9604
0056,元大高股息,184,31,153,富邦-陽明,2024-10-07,9604
4909,新復興,178,28,150,富邦-陽明,2024-10-07,9604
8111,立��,351,230,121,富邦-陽明,2024-10-07,9604
00725B,國泰投資級公司債,130,20,110,富邦-陽明,2024-10-07,9604
00918,大華優利高填息30,106,1,105,富邦-陽明,2024-10-07,9604
00676R,富邦臺灣加權反1,102,0,102,富邦-陽明,2024-10-07,9604
4745,合富-KY,105,6,99,富邦-陽明,2024-10-07,9604
2317,鴻海,258,178,80,富邦-陽明,2024-10-07,9604
0061,元大寶滬深,91,19,72,富邦-陽明,2024-10-07,9604
2353,宏��,109,37,72,富邦-陽明,2024-10-07,9604
00641R,富邦日本反1,71,0,71,富邦-陽明,2024-10-07,9604
9958,世紀鋼,203,134,69,富邦-陽明,2024-10-07,9604
2316,楠梓電,148,80,68,富邦-陽明,2024-10-07,9604
00933B,國泰10Y+金融債,96,30,66,富邦-陽明,2024-10-07,9604
2911,麗嬰房,68,3,65,富邦-陽明,2024-10-07,9604
3049,精金,496,432,64,富邦-陽明,2024-10-07,9604
2408,南亞科,74,13,61,富邦-陽明,2024-10-07,9604
00878,國泰永續高股息,76,18,58,富邦-陽明,2024-10-07,9604
3591,艾笛森,66,12,54,富邦-陽明,2024-10-07,9604
00887,永豐中國科技50大,1320,1266,54,富邦-陽明,2024-10-07,9604
00946,群益科技高息成長,52,1,51,富邦-陽明,2024-10-07,9604
5426,振發,52,1,51,富邦-陽明,2024-10-07,9604
2607,榮運,50,0,50,富邦-陽明,2024-10-07,9604
00915,凱基優選高股息30,54,6,48,富邦-陽明,2024-10-07,9604
00888,永豐台灣ESG,50,2,48,富邦-陽明,2024-10-07,9604
2515,中工,117,69,48,富邦-陽明,2024-10-07,9604
00688L,國泰20年美債正2,99,53,46,富邦-陽明,2024-10-07,9604
00795B,中信美國公債20年,48,5,43,富邦-陽明,2024-10-07,9604
6425,易發,58,15,43,富邦-陽明,2024-10-07,9604
2356,英業達,77,37,40,富邦-陽明,2024-10-07,9604
6505,台塑化,43,4,39,富邦-陽明,2024-10-07,9604
8996,高力,38,1,37,富邦-陽明,2024-10-07,9604
5230,雷笛克光學,63,28,35,富邦-陽明,2024-10-07,9604
2609,陽明,163,130,33,富邦-陽明,2024-10-07,9604
3037,欣興,38,7,31,富邦-陽明,2024-10-07,9604
2610,華航,63,33,30,富邦-陽明,2024-10-07,9604
1201,味全,30,0,30,富邦-陽明,2024-10-07,9604
3013,晟銘電,59,31,28,富邦-陽明,2024-10-07,9604
00679B,元大美債20年,581,60,521,富邦-陽明,2024-10-08,9604
00937B,群益ESG投等債20,499,104,395,富邦-陽明,2024-10-08,9604
00673R,期元大S＆P原油反1,334,0,334,富邦-陽明,2024-10-08,9604
00919,群益台灣精選高息,374,62,312,富邦-陽明,2024-10-08,9604
1314,中石化,419,124,295,富邦-陽明,2024-10-08,9604
00665L,富邦�琤肭磪囓�2,1135,862,273,富邦-陽明,2024-10-08,9604
00637L,元大滬深300正2,1597,1330,267,富邦-陽明,2024-10-08,9604
0056,元大高股息,291,47,244,富邦-陽明,2024-10-08,9604
00687B,國泰20年美債,523,289,234,富邦-陽明,2024-10-08,9604
00948B,中信優息投資級債,187,3,184,富邦-陽明,2024-10-08,9604
00878,國泰永續高股息,196,16,180,富邦-陽明,2024-10-08,9604
00929,復華台灣科技優息,262,90,172,富邦-陽明,2024-10-08,9604
00946,群益科技高息成長,168,0,168,富邦-陽明,2024-10-08,9604
00922,國泰台灣領袖50,139,0,139,富邦-陽明,2024-10-08,9604
2885,元大金,150,16,134,富邦-陽明,2024-10-08,9604
00720B,元大投資級公司債,158,25,133,富邦-陽明,2024-10-08,9604
3481,群創,158,30,128,富邦-陽明,2024-10-08,9604
2362,藍天,174,57,117,富邦-陽明,2024-10-08,9604
00940,元大台灣價值高息,128,17,111,富邦-陽明,2024-10-08,9604
00887,永豐中國科技50大,603,494,109,富邦-陽明,2024-10-08,9604
8074,鉅橡,101,1,100,富邦-陽明,2024-10-08,9604
3052,夆典,100,0,100,富邦-陽明,2024-10-08,9604
2801,彰銀,113,21,92,富邦-陽明,2024-10-08,9604
2845,遠東銀,97,5,92,富邦-陽明,2024-10-08,9604
2317,鴻海,162,70,92,富邦-陽明,2024-10-08,9604
2618,長榮航,106,22,84,富邦-陽明,2024-10-08,9604
2356,英業達,107,29,78,富邦-陽明,2024-10-08,9604
00632R,元大台灣50反1,155,82,73,富邦-陽明,2024-10-08,9604
3605,宏致,76,5,71,富邦-陽明,2024-10-08,9604
2886,兆豐金,77,7,70,富邦-陽明,2024-10-08,9604
00725B,國泰投資級公司債,74,7,67,富邦-陽明,2024-10-08,9604
3048,益登,82,19,63,富邦-陽明,2024-10-08,9604
6188,廣明,70,11,59,富邦-陽明,2024-10-08,9604
00850,元大臺灣ESG永續,60,1,59,富邦-陽明,2024-10-08,9604
3049,精金,93,38,55,富邦-陽明,2024-10-08,9604
00655L,國泰中國A50正2,190,136,54,富邦-陽明,2024-10-08,9604
00688L,國泰20年美債正2,88,36,52,富邦-陽明,2024-10-08,9604
2106,建大,51,0,51,富邦-陽明,2024-10-08,9604
2371,大同,59,10,49,富邦-陽明,2024-10-08,9604
0061,元大寶滬深,74,25,49,富邦-陽明,2024-10-08,9604
2329,華泰,51,3,48,富邦-陽明,2024-10-08,9604
2615,萬海,81,34,47,富邦-陽明,2024-10-08,9604
00891,中信關鍵半導體,46,0,46,富邦-陽明,2024-10-08,9604
2382,廣達,49,3,46,富邦-陽明,2024-10-08,9604
00712,復華富時不動產,51,6,45,富邦-陽明,2024-10-08,9604
00857B,永豐20年美公債,46,1,45,富邦-陽明,2024-10-08,9604
6405,悅城,86,43,43,富邦-陽明,2024-10-08,9604
2303,聯電,53,10,43,富邦-陽明,2024-10-08,9604
00713,元大台灣高息低波,45,2,43,富邦-陽明,2024-10-08,9604
2412,中華電,43,1,42,富邦-陽明,2024-10-08,9604
00753L,中信中國50正2,648,150,498,富邦-陽明,2024-10-09,9604
3450,聯鈞,544,81,463,富邦-陽明,2024-10-09,9604
00931B,統一美債20年,310,59,251,富邦-陽明,2024-10-09,9604
1314,中石化,325,78,247,富邦-陽明,2024-10-09,9604
00680L,元大美債20正2,249,10,239,富邦-陽明,2024-10-09,9604
00882,中信中國高股息,583,364,219,富邦-陽明,2024-10-09,9604
00937B,群益ESG投等債20,256,48,208,富邦-陽明,2024-10-09,9604
00687B,國泰20年美債,413,206,207,富邦-陽明,2024-10-09,9604
3481,群創,206,5,201,富邦-陽明,2024-10-09,9604
00679B,元大美債20年,237,37,200,富邦-陽明,2024-10-09,9604
00637L,元大滬深300正2,1245,1050,195,富邦-陽明,2024-10-09,9604
2891,中信金,185,17,168,富邦-陽明,2024-10-09,9604
00919,群益台灣精選高息,183,23,160,富邦-陽明,2024-10-09,9604
2888,新光金,463,304,159,富邦-陽明,2024-10-09,9604
911868,同方友友-DR,145,0,145,富邦-陽明,2024-10-09,9604
8028,昇陽半導體,219,96,123,富邦-陽明,2024-10-09,9604
00639,富邦深100,131,20,111,富邦-陽明,2024-10-09,9604
00650L,復華香港正2,382,271,111,富邦-陽明,2024-10-09,9604
4977,眾達-KY,192,82,110,富邦-陽明,2024-10-09,9604
3049,精金,151,55,96,富邦-陽明,2024-10-09,9604
00725B,國泰投資級公司債,95,0,95,富邦-陽明,2024-10-09,9604
00664R,國泰臺灣加權反1,105,10,95,富邦-陽明,2024-10-09,9604
00715L,期街口布蘭特正2,219,125,94,富邦-陽明,2024-10-09,9604
4960,誠美材,84,0,84,富邦-陽明,2024-10-09,9604
2603,長榮,96,16,80,富邦-陽明,2024-10-09,9604
0056,元大高股息,142,65,77,富邦-陽明,2024-10-09,9604
1718,中纖,80,3,77,富邦-陽明,2024-10-09,9604
2892,第一金,77,0,77,富邦-陽明,2024-10-09,9604
6152,百一,81,6,75,富邦-陽明,2024-10-09,9604
1301,台塑,78,4,74,富邦-陽明,2024-10-09,9604
3645,達邁,74,0,74,富邦-陽明,2024-10-09,9604
2002,中鋼,110,38,72,富邦-陽明,2024-10-09,9604
00676R,富邦臺灣加權反1,102,31,71,富邦-陽明,2024-10-09,9604
00633L,富邦上証正2,239,173,66,富邦-陽明,2024-10-09,9604
4123,晟德,74,10,64,富邦-陽明,2024-10-09,9604
2601,益航,76,16,60,富邦-陽明,2024-10-09,9604
4943,康控-KY,60,0,60,富邦-陽明,2024-10-09,9604
1101,台泥,59,0,59,富邦-陽明,2024-10-09,9604
2303,聯電,72,15,57,富邦-陽明,2024-10-09,9604
2486,一詮,203,147,56,富邦-陽明,2024-10-09,9604
2834,臺企銀,72,17,55,富邦-陽明,2024-10-09,9604
00636,國泰中國A50,127,72,55,富邦-陽明,2024-10-09,9604
2609,陽明,127,72,55,富邦-陽明,2024-10-09,9604
00948B,中信優息投資級債,75,20,55,富邦-陽明,2024-10-09,9604
2618,長榮航,300,246,54,富邦-陽明,2024-10-09,9604
2606,裕民,58,5,53,富邦-陽明,2024-10-09,9604
2103,台橡,62,11,51,富邦-陽明,2024-10-09,9604
5880,合庫金,51,0,51,富邦-陽明,2024-10-09,9604
2337,旺宏,53,2,51,富邦-陽明,2024-10-09,9604
6457,紘康,59,8,51,富邦-陽明,2024-10-09,9604
3036,文曄,512,77,435,富邦-陽明,2024-10-11,9604
00665L,富邦�琤肭磪囓�2,554,123,431,富邦-陽明,2024-10-11,9604
00679B,元大美債20年,449,111,338,富邦-陽明,2024-10-11,9604
00687B,國泰20年美債,396,73,323,富邦-陽明,2024-10-11,9604
00637L,元大滬深300正2,543,310,233,富邦-陽明,2024-10-11,9604
00931B,統一美債20年,243,19,224,富邦-陽明,2024-10-11,9604
2890,永豐金,204,0,204,富邦-陽明,2024-10-11,9604
00937B,群益ESG投等債20,287,98,189,富邦-陽明,2024-10-11,9604
00673R,期元大S＆P原油反1,176,0,176,富邦-陽明,2024-10-11,9604
00902,中信電池及儲能,201,30,171,富邦-陽明,2024-10-11,9604
3450,聯鈞,188,36,152,富邦-陽明,2024-10-11,9604
00915,凱基優選高股息30,159,13,146,富邦-陽明,2024-10-11,9604
2388,威盛,261,121,140,富邦-陽明,2024-10-11,9604
2449,京元電子,502,365,137,富邦-陽明,2024-10-11,9604
00933B,國泰10Y+金融債,122,5,117,富邦-陽明,2024-10-11,9604
8111,立��,294,179,115,富邦-陽明,2024-10-11,9604
2356,英業達,134,21,113,富邦-陽明,2024-10-11,9604
0056,元大高股息,137,30,107,富邦-陽明,2024-10-11,9604
2887,台新金,188,82,106,富邦-陽明,2024-10-11,9604
00882,中信中國高股息,471,368,103,富邦-陽明,2024-10-11,9604
3605,宏致,116,15,101,富邦-陽明,2024-10-11,9604
3052,夆典,100,0,100,富邦-陽明,2024-10-11,9604
00674R,期元大S＆P黃金反1,119,40,79,富邦-陽明,2024-10-11,9604
00773B,中信優先金融債,78,0,78,富邦-陽明,2024-10-11,9604
00795B,中信美國公債20年,75,0,75,富邦-陽明,2024-10-11,9604
2537,聯上發,76,5,71,富邦-陽明,2024-10-11,9604
00900,富邦特選高股息30,84,16,68,富邦-陽明,2024-10-11,9604
3149,正達,319,252,67,富邦-陽明,2024-10-11,9604
2344,華邦電,108,42,66,富邦-陽明,2024-10-11,9604
00639,富邦深100,80,23,57,富邦-陽明,2024-10-11,9604
3591,艾笛森,86,29,57,富邦-陽明,2024-10-11,9604
6216,居易,64,7,57,富邦-陽明,2024-10-11,9604
00633L,富邦上証正2,86,32,54,富邦-陽明,2024-10-11,9604
00948B,中信優息投資級債,99,47,52,富邦-陽明,2024-10-11,9604
00650L,復華香港正2,105,55,50,富邦-陽明,2024-10-11,9604
2905,三商,49,0,49,富邦-陽明,2024-10-11,9604
00942B,台新美A公司債20+,48,0,48,富邦-陽明,2024-10-11,9604
00655L,國泰中國A50正2,77,31,46,富邦-陽明,2024-10-11,9604
2031,新光鋼,45,0,45,富邦-陽明,2024-10-11,9604
00753L,中信中國50正2,191,146,45,富邦-陽明,2024-10-11,9604
2845,遠東銀,47,5,42,富邦-陽明,2024-10-11,9604
3285,微端,47,5,42,富邦-陽明,2024-10-11,9604
2303,聯電,52,12,40,富邦-陽明,2024-10-11,9604
3037,欣興,52,12,40,富邦-陽明,2024-10-11,9604
3715,定穎投控,60,21,39,富邦-陽明,2024-10-11,9604
1785,光洋科,72,33,39,富邦-陽明,2024-10-11,9604
1718,中纖,39,0,39,富邦-陽明,2024-10-11,9604
00713,元大台灣高息低波,47,8,39,富邦-陽明,2024-10-11,9604
9921,巨大,40,1,39,富邦-陽明,2024-10-11,9604
2408,南亞科,76,38,38,富邦-陽明,2024-10-11,9604
00887,永豐中國科技50大,1588,491,1097,富邦-陽明,2024-10-14,9604
00687B,國泰20年美債,532,98,434,富邦-陽明,2024-10-14,9604
00945B,凱基美國非投等債,302,0,302,富邦-陽明,2024-10-14,9604
00933B,國泰10Y+金融債,256,18,238,富邦-陽明,2024-10-14,9604
00720B,元大投資級公司債,233,15,218,富邦-陽明,2024-10-14,9604
00725B,國泰投資級公司債,207,0,207,富邦-陽明,2024-10-14,9604
00688L,國泰20年美債正2,214,10,204,富邦-陽明,2024-10-14,9604
00680L,元大美債20正2,279,77,202,富邦-陽明,2024-10-14,9604
00937B,群益ESG投等債20,423,224,199,富邦-陽明,2024-10-14,9604
0056,元大高股息,253,71,182,富邦-陽明,2024-10-14,9604
00636,國泰中國A50,203,41,162,富邦-陽明,2024-10-14,9604
2312,金寶,257,129,128,富邦-陽明,2024-10-14,9604
00931B,統一美債20年,135,19,116,富邦-陽明,2024-10-14,9604
3036,文曄,121,15,106,富邦-陽明,2024-10-14,9604
00679B,元大美債20年,483,383,100,富邦-陽明,2024-10-14,9604
00632R,元大台灣50反1,107,10,97,富邦-陽明,2024-10-14,9604
2887,台新金,253,166,87,富邦-陽明,2024-10-14,9604
6692,進能服,81,0,81,富邦-陽明,2024-10-14,9604
00637L,元大滬深300正2,473,394,79,富邦-陽明,2024-10-14,9604
3522,御嵿,76,1,75,富邦-陽明,2024-10-14,9604
00795B,中信美國公債20年,88,15,73,富邦-陽明,2024-10-14,9604
6669,緯穎,76,13,63,富邦-陽明,2024-10-14,9604
00724B,群益投資級金融債,60,0,60,富邦-陽明,2024-10-14,9604
00922,國泰台灣領袖50,88,34,54,富邦-陽明,2024-10-14,9604
00752,中信中國50,54,3,51,富邦-陽明,2024-10-14,9604
00676R,富邦臺灣加權反1,50,0,50,富邦-陽明,2024-10-14,9604
00948B,中信優息投資級債,89,40,49,富邦-陽明,2024-10-14,9604
2349,錸德,61,14,47,富邦-陽明,2024-10-14,9604
00952,凱基台灣AI50,46,0,46,富邦-陽明,2024-10-14,9604
1314,中石化,57,13,44,富邦-陽明,2024-10-14,9604
2426,鼎元,112,68,44,富邦-陽明,2024-10-14,9604
2845,遠東銀,44,4,40,富邦-陽明,2024-10-14,9604
8096,擎亞,47,8,39,富邦-陽明,2024-10-14,9604
00639,富邦深100,55,17,38,富邦-陽明,2024-10-14,9604
6425,易發,90,53,37,富邦-陽明,2024-10-14,9604
2618,長榮航,252,217,35,富邦-陽明,2024-10-14,9604
4720,德淵,40,5,35,富邦-陽明,2024-10-14,9604
1326,台化,32,0,32,富邦-陽明,2024-10-14,9604
2867,三商壽,32,0,32,富邦-陽明,2024-10-14,9604
2388,威盛,56,25,31,富邦-陽明,2024-10-14,9604
3260,威剛,29,0,29,富邦-陽明,2024-10-14,9604
2601,益航,30,2,28,富邦-陽明,2024-10-14,9604
1584,精剛,31,3,28,富邦-陽明,2024-10-14,9604
00919,群益台灣精選高息,86,59,27,富邦-陽明,2024-10-14,9604
2337,旺宏,26,0,26,富邦-陽明,2024-10-14,9604
4903,聯光通,135,111,24,富邦-陽明,2024-10-14,9604
3049,精金,91,67,24,富邦-陽明,2024-10-14,9604
9105,泰金寶-DR,51,28,23,富邦-陽明,2024-10-14,9604
9945,潤泰新,24,1,23,富邦-陽明,2024-10-14,9604
2106,建大,23,0,23,富邦-陽明,2024-10-14,9604
00665L,富邦�琤肭磪囓�2,664,4,660,富邦-陽明,2024-10-15,9604
00753L,中信中國50正2,692,100,592,富邦-陽明,2024-10-15,9604
3013,晟銘電,646,114,532,富邦-陽明,2024-10-15,9604
00687B,國泰20年美債,718,208,510,富邦-陽明,2024-10-15,9604
00637L,元大滬深300正2,597,191,406,富邦-陽明,2024-10-15,9604
00933B,國泰10Y+金融債,325,50,275,富邦-陽明,2024-10-15,9604
00679B,元大美債20年,277,23,254,富邦-陽明,2024-10-15,9604
00715L,期街口布蘭特正2,255,15,240,富邦-陽明,2024-10-15,9604
00650L,復華香港正2,193,30,163,富邦-陽明,2024-10-15,9604
00948B,中信優息投資級債,159,0,159,富邦-陽明,2024-10-15,9604
0056,元大高股息,255,106,149,富邦-陽明,2024-10-15,9604
00706L,期元大S＆P日圓正2,178,51,127,富邦-陽明,2024-10-15,9604
00632R,元大台灣50反1,364,244,120,富邦-陽明,2024-10-15,9604
1314,中石化,255,148,107,富邦-陽明,2024-10-15,9604
00641R,富邦日本反1,100,0,100,富邦-陽明,2024-10-15,9604
00945B,凱基美國非投等債,107,7,100,富邦-陽明,2024-10-15,9604
00887,永豐中國科技50大,337,238,99,富邦-陽明,2024-10-15,9604
00961,FT臺灣永續高息,98,6,92,富邦-陽明,2024-10-15,9604
8096,擎亞,80,10,70,富邦-陽明,2024-10-15,9604
00680L,元大美債20正2,189,120,69,富邦-陽明,2024-10-15,9604
2388,威盛,100,33,67,富邦-陽明,2024-10-15,9604
00795B,中信美國公債20年,88,24,64,富邦-陽明,2024-10-15,9604
00752,中信中國50,70,7,63,富邦-陽明,2024-10-15,9604
00919,群益台灣精選高息,216,154,62,富邦-陽明,2024-10-15,9604
6505,台塑化,63,2,61,富邦-陽明,2024-10-15,9604
00931B,統一美債20年,61,0,61,富邦-陽明,2024-10-15,9604
1301,台塑,61,2,59,富邦-陽明,2024-10-15,9604
4956,光鋐,232,175,57,富邦-陽明,2024-10-15,9604
4927,泰鼎-KY,70,13,57,富邦-陽明,2024-10-15,9604
00669R,國泰美國道瓊反1,57,0,57,富邦-陽明,2024-10-15,9604
8111,立��,164,108,56,富邦-陽明,2024-10-15,9604
00655L,國泰中國A50正2,94,39,55,富邦-陽明,2024-10-15,9604
2486,一詮,136,82,54,富邦-陽明,2024-10-15,9604
6015,宏遠證,50,0,50,富邦-陽明,2024-10-15,9604
5230,雷笛克光學,58,9,49,富邦-陽明,2024-10-15,9604
6170,統振,49,1,48,富邦-陽明,2024-10-15,9604
4960,誠美材,46,0,46,富邦-陽明,2024-10-15,9604
00857B,永豐20年美公債,66,20,46,富邦-陽明,2024-10-15,9604
8383,千附,49,3,46,富邦-陽明,2024-10-15,9604
00636,國泰中國A50,57,13,44,富邦-陽明,2024-10-15,9604
3163,波若威,63,22,41,富邦-陽明,2024-10-15,9604
2426,鼎元,100,58,42,富邦-陽明,2024-10-15,9604
2834,臺企銀,44,4,40,富邦-陽明,2024-10-15,9604
3062,建漢,280,241,39,富邦-陽明,2024-10-15,9604
3498,陽程,133,94,39,富邦-陽明,2024-10-15,9604
4977,眾達-KY,103,65,38,富邦-陽明,2024-10-15,9604
00688L,國泰20年美債正2,43,5,38,富邦-陽明,2024-10-15,9604
00900,富邦特選高股息30,52,14,38,富邦-陽明,2024-10-15,9604
9958,世紀鋼,217,180,37,富邦-陽明,2024-10-15,9604
00725B,國泰投資級公司債,37,0,37,富邦-陽明,2024-10-15,9604
0056,元大高股息,849,124,725,富邦-陽明,2024-10-16,9604
00922,國泰台灣領袖50,369,2,367,富邦-陽明,2024-10-16,9604
00679B,元大美債20年,363,39,324,富邦-陽明,2024-10-16,9604
00680L,元大美債20正2,304,25,279,富邦-陽明,2024-10-16,9604
00687B,國泰20年美債,319,56,263,富邦-陽明,2024-10-16,9604
2888,新光金,284,69,215,富邦-陽明,2024-10-16,9604
00887,永豐中國科技50大,650,469,181,富邦-陽明,2024-10-16,9604
00915,凱基優選高股息30,189,13,176,富邦-陽明,2024-10-16,9604
00715L,期街口布蘭特正2,174,1,173,富邦-陽明,2024-10-16,9604
00688L,國泰20年美債正2,177,25,152,富邦-陽明,2024-10-16,9604
00830,國泰費城半導體,140,2,138,富邦-陽明,2024-10-16,9604
00637L,元大滬深300正2,337,207,130,富邦-陽明,2024-10-16,9604
1314,中石化,149,19,130,富邦-陽明,2024-10-16,9604
00753L,中信中國50正2,421,299,122,富邦-陽明,2024-10-16,9604
00725B,國泰投資級公司債,106,0,106,富邦-陽明,2024-10-16,9604
6274,台燿,95,0,95,富邦-陽明,2024-10-16,9604
2002,中鋼,92,4,88,富邦-陽明,2024-10-16,9604
6743,安普新,75,0,75,富邦-陽明,2024-10-16,9604
2303,聯電,77,4,73,富邦-陽明,2024-10-16,9604
3149,正達,247,177,70,富邦-陽明,2024-10-16,9604
2897,王道銀行,68,0,68,富邦-陽明,2024-10-16,9604
00954,中信日本半導體,62,0,62,富邦-陽明,2024-10-16,9604
00639,富邦深100,65,4,61,富邦-陽明,2024-10-16,9604
2408,南亞科,59,2,57,富邦-陽明,2024-10-16,9604
00878,國泰永續高股息,95,40,55,富邦-陽明,2024-10-16,9604
8097,常珵,86,32,54,富邦-陽明,2024-10-16,9604
00905,FT臺灣Smart,55,1,54,富邦-陽明,2024-10-16,9604
00713,元大台灣高息低波,56,7,49,富邦-陽明,2024-10-16,9604
006208,富邦台50,65,16,49,富邦-陽明,2024-10-16,9604
5398,慕康生醫,70,22,48,富邦-陽明,2024-10-16,9604
2409,友達,54,7,47,富邦-陽明,2024-10-16,9604
00961,FT臺灣永續高息,77,30,47,富邦-陽明,2024-10-16,9604
2881,富邦金,69,23,46,富邦-陽明,2024-10-16,9604
2402,毅嘉,49,4,45,富邦-陽明,2024-10-16,9604
2801,彰銀,57,13,44,富邦-陽明,2024-10-16,9604
00642U,期元大S＆P石油,43,0,43,富邦-陽明,2024-10-16,9604
6425,易發,76,34,42,富邦-陽明,2024-10-16,9604
5309,系統電,41,0,41,富邦-陽明,2024-10-16,9604
6290,良維,41,1,40,富邦-陽明,2024-10-16,9604
00919,群益台灣精選高息,154,115,39,富邦-陽明,2024-10-16,9604
00891,中信關鍵半導體,42,3,39,富邦-陽明,2024-10-16,9604
6241,易通展,51,12,39,富邦-陽明,2024-10-16,9604
5880,合庫金,44,6,38,富邦-陽明,2024-10-16,9604
2313,華通,54,16,38,富邦-陽明,2024-10-16,9604
3060,銘異,40,3,37,富邦-陽明,2024-10-16,9604
3324,雙鴻,64,27,37,富邦-陽明,2024-10-16,9604
00912,中信臺灣智慧50,35,0,35,富邦-陽明,2024-10-16,9604
00960,野村全球航運龍頭,55,20,35,富邦-陽明,2024-10-16,9604
00712,復華富時不動產,55,20,35,富邦-陽明,2024-10-16,9604
00795B,中信美國公債20年,34,0,34,富邦-陽明,2024-10-16,9604
0056,元大高股息,393,81,312,富邦-陽明,2024-10-17,9604
00887,永豐中國科技50大,561,328,233,富邦-陽明,2024-10-17,9604
00948B,中信優息投資級債,228,0,228,富邦-陽明,2024-10-17,9604
2399,映泰,385,185,200,富邦-陽明,2024-10-17,9604
00637L,元大滬深300正2,396,204,192,富邦-陽明,2024-10-17,9604
00665L,富邦�琤肭磪囓�2,508,317,191,富邦-陽明,2024-10-17,9604
3450,聯鈞,376,185,191,富邦-陽明,2024-10-17,9604
00922,國泰台灣領袖50,202,14,188,富邦-陽明,2024-10-17,9604
00753L,中信中國50正2,272,112,160,富邦-陽明,2024-10-17,9604
2421,建準,146,38,108,富邦-陽明,2024-10-17,9604
00712,復華富時不動產,106,3,103,富邦-陽明,2024-10-17,9604
00650L,復華香港正2,162,65,97,富邦-陽明,2024-10-17,9604
00639,富邦深100,102,6,96,富邦-陽明,2024-10-17,9604
6165,浪凡,98,6,92,富邦-陽明,2024-10-17,9604
2363,矽統,119,36,83,富邦-陽明,2024-10-17,9604
3522,御嵿,103,24,79,富邦-陽明,2024-10-17,9604
00830,國泰費城半導體,78,1,77,富邦-陽明,2024-10-17,9604
2888,新光金,143,72,71,富邦-陽明,2024-10-17,9604
00632R,元大台灣50反1,105,37,68,富邦-陽明,2024-10-17,9604
4909,新復興,67,6,61,富邦-陽明,2024-10-17,9604
4960,誠美材,61,1,60,富邦-陽明,2024-10-17,9604
2330,台積電,74,14,60,富邦-陽明,2024-10-17,9604
3062,建漢,158,99,59,富邦-陽明,2024-10-17,9604
3466,德晉,62,3,59,富邦-陽明,2024-10-17,9604
3710,連展投控,108,50,58,富邦-陽明,2024-10-17,9604
2303,聯電,60,5,55,富邦-陽明,2024-10-17,9604
2845,遠東銀,60,7,53,富邦-陽明,2024-10-17,9604
00941,中信上游半導體,51,0,51,富邦-陽明,2024-10-17,9604
00674R,期元大S＆P黃金反1,50,0,50,富邦-陽明,2024-10-17,9604
00905,FT臺灣Smart,60,10,50,富邦-陽明,2024-10-17,9604
2543,皇昌,86,39,47,富邦-陽明,2024-10-17,9604
1708,東鹼,47,1,46,富邦-陽明,2024-10-17,9604
4561,健椿,97,53,44,富邦-陽明,2024-10-17,9604
2897,王道銀行,40,0,40,富邦-陽明,2024-10-17,9604
2801,彰銀,53,15,38,富邦-陽明,2024-10-17,9604
6274,台燿,44,7,37,富邦-陽明,2024-10-17,9604
6658,聯策,96,61,35,富邦-陽明,2024-10-17,9604
6742,澤米,50,17,33,富邦-陽明,2024-10-17,9604
2887,台新金,39,7,32,富邦-陽明,2024-10-17,9604
00945B,凱基美國非投等債,32,0,32,富邦-陽明,2024-10-17,9604
00954,中信日本半導體,32,0,32,富邦-陽明,2024-10-17,9604
5443,均豪,59,27,32,富邦-陽明,2024-10-17,9604
6248,沛波,31,0,31,富邦-陽明,2024-10-17,9604
00772B,中信高評級公司債,30,0,30,富邦-陽明,2024-10-17,9604
8121,越峰,30,0,30,富邦-陽明,2024-10-17,9604
00857B,永豐20年美公債,31,2,29,富邦-陽明,2024-10-17,9604
8176,智捷,30,1,29,富邦-陽明,2024-10-17,9604
2387,精元,29,0,29,富邦-陽明,2024-10-17,9604
8111,立��,197,168,29,富邦-陽明,2024-10-17,9604
8927,北基,30,2,28,富邦-陽明,2024-10-17,9604
00632R,元大台灣50反1,760,36,724,富邦-陽明,2024-10-18,9604
8028,昇陽半導體,907,245,662,富邦-陽明,2024-10-18,9604
3231,緯創,659,174,485,富邦-陽明,2024-10-18,9604
00687B,國泰20年美債,426,78,348,富邦-陽明,2024-10-18,9604
2867,三商壽,330,11,319,富邦-陽明,2024-10-18,9604
00679B,元大美債20年,329,17,312,富邦-陽明,2024-10-18,9604
2303,聯電,283,32,251,富邦-陽明,2024-10-18,9604
00948B,中信優息投資級債,228,0,228,富邦-陽明,2024-10-18,9604
00680L,元大美債20正2,241,21,220,富邦-陽明,2024-10-18,9604
2887,台新金,233,43,190,富邦-陽明,2024-10-18,9604
00688L,國泰20年美債正2,210,20,190,富邦-陽明,2024-10-18,9604
00795B,中信美國公債20年,183,0,183,富邦-陽明,2024-10-18,9604
6265,方土昶,161,1,160,富邦-陽明,2024-10-18,9604
00937B,群益ESG投等債20,392,247,145,富邦-陽明,2024-10-18,9604
00922,國泰台灣領袖50,289,159,130,富邦-陽明,2024-10-18,9604
00882,中信中國高股息,250,128,122,富邦-陽明,2024-10-18,9604
2449,京元電子,189,77,112,富邦-陽明,2024-10-18,9604
00900,富邦特選高股息30,126,20,106,富邦-陽明,2024-10-18,9604
00950B,凱基A級公司債,101,0,101,富邦-陽明,2024-10-18,9604
9904,寶成,101,5,96,富邦-陽明,2024-10-18,9604
00650L,復華香港正2,216,128,88,富邦-陽明,2024-10-18,9604
5347,世界,83,7,76,富邦-陽明,2024-10-18,9604
2033,佳大,81,6,75,富邦-陽明,2024-10-18,9604
00720B,元大投資級公司債,74,0,74,富邦-陽明,2024-10-18,9604
2374,佳能,101,30,71,富邦-陽明,2024-10-18,9604
00751B,元大AAA至A公司債,74,5,69,富邦-陽明,2024-10-18,9604
3062,建漢,108,40,68,富邦-陽明,2024-10-18,9604
6213,聯茂,67,0,67,富邦-陽明,2024-10-18,9604
1536,和大,141,82,59,富邦-陽明,2024-10-18,9604
6165,浪凡,63,6,57,富邦-陽明,2024-10-18,9604
2344,華邦電,70,13,57,富邦-陽明,2024-10-18,9604
4566,時碩工業,195,141,54,富邦-陽明,2024-10-18,9604
3005,神基,55,1,54,富邦-陽明,2024-10-18,9604
00931B,統一美債20年,50,0,50,富邦-陽明,2024-10-18,9604
00725B,國泰投資級公司債,47,0,47,富邦-陽明,2024-10-18,9604
2486,一詮,97,51,46,富邦-陽明,2024-10-18,9604
6148,驊宏資,46,1,45,富邦-陽明,2024-10-18,9604
00945B,凱基美國非投等債,44,0,44,富邦-陽明,2024-10-18,9604
6290,良維,42,0,42,富邦-陽明,2024-10-18,9604
8112,至上,56,15,41,富邦-陽明,2024-10-18,9604
1785,光洋科,69,28,41,富邦-陽明,2024-10-18,9604
2367,燿華,39,0,39,富邦-陽明,2024-10-18,9604
5475,德宏,39,0,39,富邦-陽明,2024-10-18,9604
00700,富邦�琤肭磪�,38,0,38,富邦-陽明,2024-10-18,9604
2615,萬海,51,13,38,富邦-陽明,2024-10-18,9604
9938,百和,54,17,37,富邦-陽明,2024-10-18,9604
6188,廣明,47,10,37,富邦-陽明,2024-10-18,9604
1815,富喬,37,0,37,富邦-陽明,2024-10-18,9604
4979,華星光,86,49,37,富邦-陽明,2024-10-18,9604
2313,華通,64,29,35,富邦-陽明,2024-10-18,9604
00937B,群益ESG投等債20,2144,107,2037,富邦-陽明,2024-10-21,9604
00905,FT臺灣Smart,747,2,745,富邦-陽明,2024-10-21,9604
00933B,國泰10Y+金融債,366,21,345,富邦-陽明,2024-10-21,9604
00679B,元大美債20年,342,37,305,富邦-陽明,2024-10-21,9604
00671R,富邦NASDAQ反1,300,0,300,富邦-陽明,2024-10-21,9604
00637L,元大滬深300正2,458,216,242,富邦-陽明,2024-10-21,9604
00650L,復華香港正2,299,58,241,富邦-陽明,2024-10-21,9604
00753L,中信中國50正2,277,60,217,富邦-陽明,2024-10-21,9604
00665L,富邦�琤肭磪囓�2,901,684,217,富邦-陽明,2024-10-21,9604
00715L,期街口布蘭特正2,191,0,191,富邦-陽明,2024-10-21,9604
2618,長榮航,212,25,187,富邦-陽明,2024-10-21,9604
9945,潤泰新,175,3,172,富邦-陽明,2024-10-21,9604
00676R,富邦臺灣加權反1,155,0,155,富邦-陽明,2024-10-21,9604
00687B,國泰20年美債,430,295,135,富邦-陽明,2024-10-21,9604
2303,聯電,163,40,123,富邦-陽明,2024-10-21,9604
00887,永豐中國科技50大,321,201,120,富邦-陽明,2024-10-21,9604
00929,復華台灣科技優息,292,175,117,富邦-陽明,2024-10-21,9604
00725B,國泰投資級公司債,100,6,94,富邦-陽明,2024-10-21,9604
2421,建準,114,22,92,富邦-陽明,2024-10-21,9604
2881,富邦金,100,11,89,富邦-陽明,2024-10-21,9604
2883,凱基金,361,283,78,富邦-陽明,2024-10-21,9604
2834,臺企銀,109,33,76,富邦-陽明,2024-10-21,9604
00674R,期元大S＆P黃金反1,70,0,70,富邦-陽明,2024-10-21,9604
2887,台新金,82,14,68,富邦-陽明,2024-10-21,9604
3149,正達,213,145,68,富邦-陽明,2024-10-21,9604
00878,國泰永續高股息,136,69,67,富邦-陽明,2024-10-21,9604
2882,國泰金,70,10,60,富邦-陽明,2024-10-21,9604
00738U,期元大道瓊白銀,71,12,59,富邦-陽明,2024-10-21,9604
00948B,中信優息投資級債,105,47,58,富邦-陽明,2024-10-21,9604
00795B,中信美國公債20年,61,5,56,富邦-陽明,2024-10-21,9604
3231,緯創,112,59,53,富邦-陽明,2024-10-21,9604
00895,富邦未來車,61,10,51,富邦-陽明,2024-10-21,9604
006208,富邦台50,80,30,50,富邦-陽明,2024-10-21,9604
00669R,國泰美國道瓊反1,50,0,50,富邦-陽明,2024-10-21,9604
3013,晟銘電,158,110,48,富邦-陽明,2024-10-21,9604
00633L,富邦上証正2,56,10,46,富邦-陽明,2024-10-21,9604
00934,中信成長高股息,47,1,46,富邦-陽明,2024-10-21,9604
3597,映興,46,2,44,富邦-陽明,2024-10-21,9604
2867,三商壽,44,2,42,富邦-陽明,2024-10-21,9604
00639,富邦深100,61,21,40,富邦-陽明,2024-10-21,9604
2103,台橡,40,0,40,富邦-陽明,2024-10-21,9604
2363,矽統,261,222,39,富邦-陽明,2024-10-21,9604
4561,健椿,125,86,39,富邦-陽明,2024-10-21,9604
3209,全科,43,5,38,富邦-陽明,2024-10-21,9604
6419,京晨科,38,0,38,富邦-陽明,2024-10-21,9604
2884,玉山金,74,38,36,富邦-陽明,2024-10-21,9604
2014,中鴻,37,1,36,富邦-陽明,2024-10-21,9604
4711,永純,37,1,36,富邦-陽明,2024-10-21,9604
2349,錸德,40,4,36,富邦-陽明,2024-10-21,9604
4526,東台,50,16,34,富邦-陽明,2024-10-21,9604
00937B,群益ESG投等債20,1321,111,1210,富邦-陽明,2024-10-22,9604
00679B,元大美債20年,857,109,748,富邦-陽明,2024-10-22,9604
00680L,元大美債20正2,790,169,621,富邦-陽明,2024-10-22,9604
00632R,元大台灣50反1,568,37,531,富邦-陽明,2024-10-22,9604
00687B,國泰20年美債,850,359,491,富邦-陽明,2024-10-22,9604
00753L,中信中國50正2,401,101,300,富邦-陽明,2024-10-22,9604
00948B,中信優息投資級債,304,24,280,富邦-陽明,2024-10-22,9604
00720B,元大投資級公司債,203,45,158,富邦-陽明,2024-10-22,9604
00887,永豐中國科技50大,222,69,153,富邦-陽明,2024-10-22,9604
00795B,中信美國公債20年,176,26,150,富邦-陽明,2024-10-22,9604
00706L,期元大S＆P日圓正2,163,20,143,富邦-陽明,2024-10-22,9604
2543,皇昌,142,14,128,富邦-陽明,2024-10-22,9604
00751B,元大AAA至A公司債,140,17,123,富邦-陽明,2024-10-22,9604
2303,聯電,131,10,121,富邦-陽明,2024-10-22,9604
00905,FT臺灣Smart,118,19,99,富邦-陽明,2024-10-22,9604
00688L,國泰20年美債正2,184,98,86,富邦-陽明,2024-10-22,9604
2421,建準,91,8,83,富邦-陽明,2024-10-22,9604
00933B,國泰10Y+金融債,164,82,82,富邦-陽明,2024-10-22,9604
2313,華通,123,42,81,富邦-陽明,2024-10-22,9604
00725B,國泰投資級公司債,88,7,81,富邦-陽明,2024-10-22,9604
2363,矽統,169,89,80,富邦-陽明,2024-10-22,9604
3615,安可,162,87,75,富邦-陽明,2024-10-22,9604
3535,晶彩科,123,53,70,富邦-陽明,2024-10-22,9604
3231,緯創,388,318,70,富邦-陽明,2024-10-22,9604
00929,復華台灣科技優息,160,93,67,富邦-陽明,2024-10-22,9604
00850,元大臺灣ESG永續,53,0,53,富邦-陽明,2024-10-22,9604
00907,永豐優息存股,51,0,51,富邦-陽明,2024-10-22,9604
2330,台積電,81,31,50,富邦-陽明,2024-10-22,9604
00639,富邦深100,54,5,49,富邦-陽明,2024-10-22,9604
6170,統振,53,4,49,富邦-陽明,2024-10-22,9604
00650L,復華香港正2,143,94,49,富邦-陽明,2024-10-22,9604
00895,富邦未來車,49,0,49,富邦-陽明,2024-10-22,9604
00633L,富邦上証正2,53,6,47,富邦-陽明,2024-10-22,9604
00712,復華富時不動產,45,0,45,富邦-陽明,2024-10-22,9604
4540,全球傳動,99,54,45,富邦-陽明,2024-10-22,9604
00945B,凱基美國非投等債,48,5,43,富邦-陽明,2024-10-22,9604
3062,建漢,61,19,42,富邦-陽明,2024-10-22,9604
2405,輔信,49,7,42,富邦-陽明,2024-10-22,9604
0050,元大台灣50,50,8,42,富邦-陽明,2024-10-22,9604
9105,泰金寶-DR,122,82,40,富邦-陽明,2024-10-22,9604
00857B,永豐20年美公債,52,13,39,富邦-陽明,2024-10-22,9604
2211,長榮鋼,46,8,38,富邦-陽明,2024-10-22,9604
00877,復華中國5G,38,0,38,富邦-陽明,2024-10-22,9604
00713,元大台灣高息低波,37,0,37,富邦-陽明,2024-10-22,9604
2399,映泰,191,154,37,富邦-陽明,2024-10-22,9604
3645,達邁,40,3,37,富邦-陽明,2024-10-22,9604
00959B,大華投等美債15Y+,34,0,34,富邦-陽明,2024-10-22,9604
1314,中石化,36,2,34,富邦-陽明,2024-10-22,9604
2889,國票金,33,0,33,富邦-陽明,2024-10-22,9604
1815,富喬,88,56,32,富邦-陽明,2024-10-22,9604
00937B,群益ESG投等債20,681,353,328,富邦-陽明,2024-10-23,9604
2801,彰銀,305,13,292,富邦-陽明,2024-10-23,9604
8210,勤誠,310,23,287,富邦-陽明,2024-10-23,9604
00687B,國泰20年美債,356,126,230,富邦-陽明,2024-10-23,9604
00878,國泰永續高股息,232,14,218,富邦-陽明,2024-10-23,9604
3060,銘異,216,12,204,富邦-陽明,2024-10-23,9604
3231,緯創,264,74,190,富邦-陽明,2024-10-23,9604
00919,群益台灣精選高息,300,138,162,富邦-陽明,2024-10-23,9604
0056,元大高股息,143,5,138,富邦-陽明,2024-10-23,9604
00907,永豐優息存股,144,10,134,富邦-陽明,2024-10-23,9604
00929,復華台灣科技優息,176,43,133,富邦-陽明,2024-10-23,9604
00679B,元大美債20年,206,79,127,富邦-陽明,2024-10-23,9604
2891,中信金,146,25,121,富邦-陽明,2024-10-23,9604
5347,世界,113,2,111,富邦-陽明,2024-10-23,9604
1314,中石化,115,5,110,富邦-陽明,2024-10-23,9604
3049,精金,120,19,101,富邦-陽明,2024-10-23,9604
00948B,中信優息投資級債,103,4,99,富邦-陽明,2024-10-23,9604
00706L,期元大S＆P日圓正2,102,4,98,富邦-陽明,2024-10-23,9604
2520,冠德,96,2,94,富邦-陽明,2024-10-23,9604
6770,力積電,120,28,92,富邦-陽明,2024-10-23,9604
2312,金寶,104,21,83,富邦-陽明,2024-10-23,9604
00674R,期元大S＆P黃金反1,80,0,80,富邦-陽明,2024-10-23,9604
00751B,元大AAA至A公司債,86,10,76,富邦-陽明,2024-10-23,9604
2303,聯電,87,11,76,富邦-陽明,2024-10-23,9604
3645,達邁,73,0,73,富邦-陽明,2024-10-23,9604
2845,遠東銀,70,3,67,富邦-陽明,2024-10-23,9604
2888,新光金,86,20,66,富邦-陽明,2024-10-23,9604
2412,中華電,69,3,66,富邦-陽明,2024-10-23,9604
2618,長榮航,64,4,60,富邦-陽明,2024-10-23,9604
6951,青新-創,60,0,60,富邦-陽明,2024-10-23,9604
1815,富喬,92,33,59,富邦-陽明,2024-10-23,9604
2515,中工,86,28,58,富邦-陽明,2024-10-23,9604
00959B,大華投等美債15Y+,58,0,58,富邦-陽明,2024-10-23,9604
00905,FT臺灣Smart,89,33,56,富邦-陽明,2024-10-23,9604
2482,連宇,66,10,56,富邦-陽明,2024-10-23,9604
00720B,元大投資級公司債,62,7,55,富邦-陽明,2024-10-23,9604
911868,同方友友-DR,51,0,51,富邦-陽明,2024-10-23,9604
2329,華泰,397,347,50,富邦-陽明,2024-10-23,9604
00712,復華富時不動產,53,3,50,富邦-陽明,2024-10-23,9604
2834,臺企銀,50,1,49,富邦-陽明,2024-10-23,9604
1727,中華化,127,81,46,富邦-陽明,2024-10-23,9604
4938,和碩,68,22,46,富邦-陽明,2024-10-23,9604
00927,群益半導體收益,48,3,45,富邦-陽明,2024-10-23,9604
2889,國票金,44,0,44,富邦-陽明,2024-10-23,9604
006208,富邦台50,48,5,43,富邦-陽明,2024-10-23,9604
8929,富堡,48,5,43,富邦-陽明,2024-10-23,9604
3189,景碩,67,24,43,富邦-陽明,2024-10-23,9604
00953B,群益優選非投等債,52,10,42,富邦-陽明,2024-10-23,9604
2332,友訊,43,1,42,富邦-陽明,2024-10-23,9604
2313,華通,99,58,41,富邦-陽明,2024-10-23,9604
00753L,中信中國50正2,796,33,763,富邦-陽明,2024-10-24,9604
1802,台玻,596,90,506,富邦-陽明,2024-10-24,9604
00878,國泰永續高股息,393,22,371,富邦-陽明,2024-10-24,9604
2888,新光金,366,41,325,富邦-陽明,2024-10-24,9604
2421,建準,366,81,285,富邦-陽明,2024-10-24,9604
00937B,群益ESG投等債20,351,82,269,富邦-陽明,2024-10-24,9604
00637L,元大滬深300正2,367,147,220,富邦-陽明,2024-10-24,9604
0056,元大高股息,251,43,208,富邦-陽明,2024-10-24,9604
2388,威盛,234,36,198,富邦-陽明,2024-10-24,9604
00948B,中信優息投資級債,172,5,167,富邦-陽明,2024-10-24,9604
6265,方土昶,142,0,142,富邦-陽明,2024-10-24,9604
00938,凱基優選30,148,11,137,富邦-陽明,2024-10-24,9604
2312,金寶,155,28,127,富邦-陽明,2024-10-24,9604
2317,鴻海,217,93,124,富邦-陽明,2024-10-24,9604
2303,聯電,134,13,121,富邦-陽明,2024-10-24,9604
00950B,凱基A級公司債,110,0,110,富邦-陽明,2024-10-24,9604
8043,蜜望實,205,98,107,富邦-陽明,2024-10-24,9604
1528,恩德,298,205,93,富邦-陽明,2024-10-24,9604
00665L,富邦�琤肭磪囓�2,447,359,88,富邦-陽明,2024-10-24,9604
2486,一詮,148,64,84,富邦-陽明,2024-10-24,9604
1314,中石化,100,22,78,富邦-陽明,2024-10-24,9604
00655L,國泰中國A50正2,86,8,78,富邦-陽明,2024-10-24,9604
2313,華通,112,43,69,富邦-陽明,2024-10-24,9604
00882,中信中國高股息,150,83,67,富邦-陽明,2024-10-24,9604
2382,廣達,123,57,66,富邦-陽明,2024-10-24,9604
00887,永豐中國科技50大,105,40,65,富邦-陽明,2024-10-24,9604
2489,瑞軒,233,169,64,富邦-陽明,2024-10-24,9604
3481,群創,161,101,60,富邦-陽明,2024-10-24,9604
00751B,元大AAA至A公司債,60,2,58,富邦-陽明,2024-10-24,9604
2374,佳能,88,30,58,富邦-陽明,2024-10-24,9604
3605,宏致,63,7,56,富邦-陽明,2024-10-24,9604
2405,輔信,109,64,45,富邦-陽明,2024-10-24,9604
00922,國泰台灣領袖50,49,4,45,富邦-陽明,2024-10-24,9604
8096,擎亞,64,23,41,富邦-陽明,2024-10-24,9604
5351,鈺創,65,25,40,富邦-陽明,2024-10-24,9604
3021,鴻名,56,18,38,富邦-陽明,2024-10-24,9604
6743,安普新,39,1,38,富邦-陽明,2024-10-24,9604
2338,光罩,42,4,38,富邦-陽明,2024-10-24,9604
00650L,復華香港正2,93,56,37,富邦-陽明,2024-10-24,9604
00706L,期元大S＆P日圓正2,36,0,36,富邦-陽明,2024-10-24,9604
3492,長盛,39,3,36,富邦-陽明,2024-10-24,9604
2891,中信金,72,36,36,富邦-陽明,2024-10-24,9604
3231,緯創,85,52,33,富邦-陽明,2024-10-24,9604
2399,映泰,80,47,33,富邦-陽明,2024-10-24,9604
2883,凱基金,269,236,33,富邦-陽明,2024-10-24,9604
3019,亞光,180,148,32,富邦-陽明,2024-10-24,9604
2344,華邦電,51,19,32,富邦-陽明,2024-10-24,9604
2881,富邦金,33,1,32,富邦-陽明,2024-10-24,9604
2449,京元電子,52,21,31,富邦-陽明,2024-10-24,9604
3450,聯鈞,65,34,31,富邦-陽明,2024-10-24,9604
2646,星宇航空,1206,873,333,富邦-陽明,2024-10-25,9604
2495,普安,409,131,278,富邦-陽明,2024-10-25,9604
00679B,元大美債20年,328,62,266,富邦-陽明,2024-10-25,9604
2888,新光金,224,6,218,富邦-陽明,2024-10-25,9604
00948B,中信優息投資級債,212,1,211,富邦-陽明,2024-10-25,9604
00959B,大華投等美債15Y+,190,0,190,富邦-陽明,2024-10-25,9604
00795B,中信美國公債20年,111,2,109,富邦-陽明,2024-10-25,9604
3481,群創,136,38,98,富邦-陽明,2024-10-25,9604
00715L,期街口布蘭特正2,88,5,83,富邦-陽明,2024-10-25,9604
00725B,國泰投資級公司債,83,3,80,富邦-陽明,2024-10-25,9604
00882,中信中國高股息,169,90,79,富邦-陽明,2024-10-25,9604
00650L,復華香港正2,85,8,77,富邦-陽明,2024-10-25,9604
2303,聯電,99,28,71,富邦-陽明,2024-10-25,9604
00632R,元大台灣50反1,74,2,72,富邦-陽明,2024-10-25,9604
6213,聯茂,89,19,70,富邦-陽明,2024-10-25,9604
6742,澤米,156,90,66,富邦-陽明,2024-10-25,9604
00938,凱基優選30,64,0,64,富邦-陽明,2024-10-25,9604
00687B,國泰20年美債,141,77,64,富邦-陽明,2024-10-25,9604
1616,億泰,60,0,60,富邦-陽明,2024-10-25,9604
00931B,統一美債20年,55,0,55,富邦-陽明,2024-10-25,9604
00933B,國泰10Y+金融債,56,2,54,富邦-陽明,2024-10-25,9604
2618,長榮航,152,98,54,富邦-陽明,2024-10-25,9604
2887,台新金,54,5,49,富邦-陽明,2024-10-25,9604
2477,美隆電,101,53,48,富邦-陽明,2024-10-25,9604
2344,華邦電,127,80,47,富邦-陽明,2024-10-25,9604
3060,銘異,119,74,45,富邦-陽明,2024-10-25,9604
4123,晟德,51,8,43,富邦-陽明,2024-10-25,9604
00937B,群益ESG投等債20,112,69,43,富邦-陽明,2024-10-25,9604
8249,菱光,187,145,42,富邦-陽明,2024-10-25,9604
5284,jpp-KY,53,12,41,富邦-陽明,2024-10-25,9604
5398,慕康生醫,40,0,40,富邦-陽明,2024-10-25,9604
3707,漢磊,41,2,39,富邦-陽明,2024-10-25,9604
00751B,元大AAA至A公司債,51,15,36,富邦-陽明,2024-10-25,9604
3029,零壹,59,24,35,富邦-陽明,2024-10-25,9604
2515,中工,54,21,33,富邦-陽明,2024-10-25,9604
4303,信立,33,1,32,富邦-陽明,2024-10-25,9604
5521,工信,32,0,32,富邦-陽明,2024-10-25,9604
2867,三商壽,31,0,31,富邦-陽明,2024-10-25,9604
4566,時碩工業,33,2,31,富邦-陽明,2024-10-25,9604
8446,華研,30,0,30,富邦-陽明,2024-10-25,9604
6142,友勁,38,8,30,富邦-陽明,2024-10-25,9604
00949,復華日本龍頭,27,1,26,富邦-陽明,2024-10-25,9604
2388,威盛,97,71,26,富邦-陽明,2024-10-25,9604
00960,野村全球航運龍頭,24,0,24,富邦-陽明,2024-10-25,9604
4743,合一,25,1,24,富邦-陽明,2024-10-25,9604
2455,全新,54,30,24,富邦-陽明,2024-10-25,9604
2543,皇昌,104,80,24,富邦-陽明,2024-10-25,9604
2313,華通,62,39,23,富邦-陽明,2024-10-25,9604
4533,協易機,28,5,23,富邦-陽明,2024-10-25,9604
3555,博士旺,25,2,23,富邦-陽明,2024-10-25,9604
00715L,期街口布蘭特正2,593,0,593,富邦-陽明,2024-10-28,9604
00680L,元大美債20正2,270,22,248,富邦-陽明,2024-10-28,9604
00637L,元大滬深300正2,332,105,227,富邦-陽明,2024-10-28,9604
00937B,群益ESG投等債20,375,197,178,富邦-陽明,2024-10-28,9604
00751B,元大AAA至A公司債,187,15,172,富邦-陽明,2024-10-28,9604
00706L,期元大S＆P日圓正2,172,0,172,富邦-陽明,2024-10-28,9604
00687B,國泰20年美債,300,128,172,富邦-陽明,2024-10-28,9604
2646,星宇航空,360,243,117,富邦-陽明,2024-10-28,9604
3231,緯創,249,134,115,富邦-陽明,2024-10-28,9604
0056,元大高股息,147,39,108,富邦-陽明,2024-10-28,9604
3037,欣興,159,59,100,富邦-陽明,2024-10-28,9604
00679B,元大美債20年,293,210,83,富邦-陽明,2024-10-28,9604
6288,聯嘉,184,101,83,富邦-陽明,2024-10-28,9604
2891,中信金,76,4,72,富邦-陽明,2024-10-28,9604
2330,台積電,72,9,63,富邦-陽明,2024-10-28,9604
6265,方土昶,65,6,59,富邦-陽明,2024-10-28,9604
2303,聯電,153,96,57,富邦-陽明,2024-10-28,9604
2888,新光金,106,50,56,富邦-陽明,2024-10-28,9604
2515,中工,64,10,54,富邦-陽明,2024-10-28,9604
00712,復華富時不動產,63,10,53,富邦-陽明,2024-10-28,9604
00650L,復華香港正2,52,0,52,富邦-陽明,2024-10-28,9604
4903,聯光通,71,20,51,富邦-陽明,2024-10-28,9604
9958,世紀鋼,58,7,51,富邦-陽明,2024-10-28,9604
2543,皇昌,91,41,50,富邦-陽明,2024-10-28,9604
00795B,中信美國公債20年,49,0,49,富邦-陽明,2024-10-28,9604
3019,亞光,111,62,49,富邦-陽明,2024-10-28,9604
4545,銘鈺,56,9,47,富邦-陽明,2024-10-28,9604
5488,松普,54,8,46,富邦-陽明,2024-10-28,9604
5474,聰泰,45,0,45,富邦-陽明,2024-10-28,9604
3615,安可,90,47,43,富邦-陽明,2024-10-28,9604
1560,中砂,50,8,42,富邦-陽明,2024-10-28,9604
00895,富邦未來車,53,12,41,富邦-陽明,2024-10-28,9604
3013,晟銘電,89,49,40,富邦-陽明,2024-10-28,9604
3260,威剛,45,7,38,富邦-陽明,2024-10-28,9604
2884,玉山金,37,0,37,富邦-陽明,2024-10-28,9604
4960,誠美材,36,0,36,富邦-陽明,2024-10-28,9604
4919,新唐,121,86,35,富邦-陽明,2024-10-28,9604
00642U,期元大S＆P石油,37,2,35,富邦-陽明,2024-10-28,9604
00938,凱基優選30,35,1,34,富邦-陽明,2024-10-28,9604
3715,定穎投控,55,21,34,富邦-陽明,2024-10-28,9604
00919,群益台灣精選高息,111,78,33,富邦-陽明,2024-10-28,9604
2801,彰銀,30,0,30,富邦-陽明,2024-10-28,9604
00643,群益深証中小,30,0,30,富邦-陽明,2024-10-28,9604
2838,聯邦銀,30,0,30,富邦-陽明,2024-10-28,9604
6104,創惟,35,6,29,富邦-陽明,2024-10-28,9604
2897,王道銀行,29,0,29,富邦-陽明,2024-10-28,9604
00922,國泰台灣領袖50,44,16,28,富邦-陽明,2024-10-28,9604
00959B,大華投等美債15Y+,28,0,28,富邦-陽明,2024-10-28,9604
6405,悅城,30,2,28,富邦-陽明,2024-10-28,9604
3607,谷崧,41,13,28,富邦-陽明,2024-10-28,9604
00680L,元大美債20正2,1570,47,1523,富邦-陽明,2024-10-29,9604
00878,國泰永續高股息,711,30,681,富邦-陽明,2024-10-29,9604
00919,群益台灣精選高息,654,70,584,富邦-陽明,2024-10-29,9604
00929,復華台灣科技優息,467,85,382,富邦-陽明,2024-10-29,9604
1802,台玻,366,44,322,富邦-陽明,2024-10-29,9604
0056,元大高股息,381,59,322,富邦-陽明,2024-10-29,9604
2888,新光金,342,27,315,富邦-陽明,2024-10-29,9604
2303,聯電,323,36,287,富邦-陽明,2024-10-29,9604
3481,群創,318,56,262,富邦-陽明,2024-10-29,9604
2885,元大金,186,2,184,富邦-陽明,2024-10-29,9604
00637L,元大滬深300正2,298,115,183,富邦-陽明,2024-10-29,9604
2646,星宇航空,226,55,171,富邦-陽明,2024-10-29,9604
3060,銘異,148,0,148,富邦-陽明,2024-10-29,9604
00940,元大台灣價值高息,169,22,147,富邦-陽明,2024-10-29,9604
00671R,富邦NASDAQ反1,140,0,140,富邦-陽明,2024-10-29,9604
1560,中砂,136,5,131,富邦-陽明,2024-10-29,9604
00674R,期元大S＆P黃金反1,130,0,130,富邦-陽明,2024-10-29,9604
2344,華邦電,151,30,121,富邦-陽明,2024-10-29,9604
9105,泰金寶-DR,132,11,121,富邦-陽明,2024-10-29,9604
006208,富邦台50,126,13,113,富邦-陽明,2024-10-29,9604
00922,國泰台灣領袖50,129,16,113,富邦-陽明,2024-10-29,9604
3052,夆典,110,0,110,富邦-陽明,2024-10-29,9604
9958,世紀鋼,163,57,106,富邦-陽明,2024-10-29,9604
00687B,國泰20年美債,142,58,84,富邦-陽明,2024-10-29,9604
1314,中石化,79,0,79,富邦-陽明,2024-10-29,9604
2845,遠東銀,94,17,77,富邦-陽明,2024-10-29,9604
2880,華南金,82,12,70,富邦-陽明,2024-10-29,9604
00943,兆豐電子高息等權,65,0,65,富邦-陽明,2024-10-29,9604
2834,臺企銀,193,132,61,富邦-陽明,2024-10-29,9604
1605,華新,60,4,56,富邦-陽明,2024-10-29,9604
00946,群益科技高息成長,76,20,56,富邦-陽明,2024-10-29,9604
00915,凱基優選高股息30,53,0,53,富邦-陽明,2024-10-29,9604
8043,蜜望實,61,9,52,富邦-陽明,2024-10-29,9604
0050,元大台灣50,59,8,51,富邦-陽明,2024-10-29,9604
6742,澤米,53,3,50,富邦-陽明,2024-10-29,9604
00641R,富邦日本反1,50,0,50,富邦-陽明,2024-10-29,9604
00712,復華富時不動產,65,16,49,富邦-陽明,2024-10-29,9604
3715,定穎投控,70,23,47,富邦-陽明,2024-10-29,9604
2882,國泰金,54,7,47,富邦-陽明,2024-10-29,9604
9945,潤泰新,48,1,47,富邦-陽明,2024-10-29,9604
00938,凱基優選30,46,0,46,富邦-陽明,2024-10-29,9604
00713,元大台灣高息低波,56,10,46,富邦-陽明,2024-10-29,9604
6133,金橋,222,177,45,富邦-陽明,2024-10-29,9604
3005,神基,48,3,45,富邦-陽明,2024-10-29,9604
00930,永豐ESG低碳高息,43,0,43,富邦-陽明,2024-10-29,9604
6770,力積電,74,33,41,富邦-陽明,2024-10-29,9604
00936,台新永續高息中小,45,4,41,富邦-陽明,2024-10-29,9604
2106,建大,40,0,40,富邦-陽明,2024-10-29,9604
6288,聯嘉,47,7,40,富邦-陽明,2024-10-29,9604
2413,環科,63,24,39,富邦-陽明,2024-10-29,9604
00680L,元大美債20正2,2365,44,2321,富邦-陽明,2024-10-30,9604
00665L,富邦�琤肭磪囓�2,2147,243,1904,富邦-陽明,2024-10-30,9604
3481,群創,510,37,473,富邦-陽明,2024-10-30,9604
00671R,富邦NASDAQ反1,324,0,324,富邦-陽明,2024-10-30,9604
00919,群益台灣精選高息,263,21,242,富邦-陽明,2024-10-30,9604
00878,國泰永續高股息,264,24,240,富邦-陽明,2024-10-30,9604
00637L,元大滬深300正2,415,196,219,富邦-陽明,2024-10-30,9604
00882,中信中國高股息,289,103,186,富邦-陽明,2024-10-30,9604
0056,元大高股息,210,27,183,富邦-陽明,2024-10-30,9604
2885,元大金,137,7,130,富邦-陽明,2024-10-30,9604
00929,復華台灣科技優息,222,101,121,富邦-陽明,2024-10-30,9604
00688L,國泰20年美債正2,125,15,110,富邦-陽明,2024-10-30,9604
00753L,中信中國50正2,585,484,101,富邦-陽明,2024-10-30,9604
2303,聯電,159,64,95,富邦-陽明,2024-10-30,9604
00632R,元大台灣50反1,152,59,93,富邦-陽明,2024-10-30,9604
2891,中信金,127,34,93,富邦-陽明,2024-10-30,9604
9105,泰金寶-DR,97,5,92,富邦-陽明,2024-10-30,9604
00712,復華富時不動產,85,0,85,富邦-陽明,2024-10-30,9604
3234,光環,84,2,82,富邦-陽明,2024-10-30,9604
4532,瑞智,76,1,75,富邦-陽明,2024-10-30,9604
2337,旺宏,106,32,74,富邦-陽明,2024-10-30,9604
00887,永豐中國科技50大,105,32,73,富邦-陽明,2024-10-30,9604
2461,光群雷,68,0,68,富邦-陽明,2024-10-30,9604
006208,富邦台50,64,5,59,富邦-陽明,2024-10-30,9604
1560,中砂,70,12,58,富邦-陽明,2024-10-30,9604
00648R,元大S＆P500反1,50,0,50,富邦-陽明,2024-10-30,9604
00641R,富邦日本反1,50,0,50,富邦-陽明,2024-10-30,9604
00922,國泰台灣領袖50,52,2,50,富邦-陽明,2024-10-30,9604
4919,新唐,171,122,49,富邦-陽明,2024-10-30,9604
00909,國泰數位支付服務,52,3,49,富邦-陽明,2024-10-30,9604
2317,鴻海,167,122,45,富邦-陽明,2024-10-30,9604
00946,群益科技高息成長,48,6,42,富邦-陽明,2024-10-30,9604
8044,網家,104,64,40,富邦-陽明,2024-10-30,9604
6770,力積電,57,18,39,富邦-陽明,2024-10-30,9604
6156,松上,62,24,38,富邦-陽明,2024-10-30,9604
6757,台灣虎航,39,1,38,富邦-陽明,2024-10-30,9604
2374,佳能,36,1,35,富邦-陽明,2024-10-30,9604
2327,國巨,35,2,33,富邦-陽明,2024-10-30,9604
2439,美律,39,7,32,富邦-陽明,2024-10-30,9604
2027,大成鋼,32,0,32,富邦-陽明,2024-10-30,9604
2302,麗正,36,6,30,富邦-陽明,2024-10-30,9604
6743,安普新,47,17,30,富邦-陽明,2024-10-30,9604
4960,誠美材,30,0,30,富邦-陽明,2024-10-30,9604
2413,環科,56,27,29,富邦-陽明,2024-10-30,9604
00959B,大華投等美債15Y+,28,0,28,富邦-陽明,2024-10-30,9604
3264,欣銓,29,2,27,富邦-陽明,2024-10-30,9604
2884,玉山金,36,9,27,富邦-陽明,2024-10-30,9604
00655L,國泰中國A50正2,36,10,26,富邦-陽明,2024-10-30,9604
6127,九豪,26,0,26,富邦-陽明,2024-10-30,9604
00715L,期街口布蘭特正2,28,2,26,富邦-陽明,2024-10-30,9604
2883,凱基金,1036,110,926,富邦-陽明,2024-11-01,9604
00919,群益台灣精選高息,383,67,316,富邦-陽明,2024-11-01,9604
2880,華南金,313,3,310,富邦-陽明,2024-11-01,9604
2303,聯電,296,45,251,富邦-陽明,2024-11-01,9604
00878,國泰永續高股息,346,120,226,富邦-陽明,2024-11-01,9604
00929,復華台灣科技優息,278,57,221,富邦-陽明,2024-11-01,9604
1409,新纖,202,4,198,富邦-陽明,2024-11-01,9604
2317,鴻海,248,71,177,富邦-陽明,2024-11-01,9604
1477,聚陽,160,2,158,富邦-陽明,2024-11-01,9604
00690,兆豐藍籌30,123,0,123,富邦-陽明,2024-11-01,9604
2353,宏��,116,6,110,富邦-陽明,2024-11-01,9604
00937B,群益ESG投等債20,241,133,108,富邦-陽明,2024-11-01,9604
3481,群創,130,25,105,富邦-陽明,2024-11-01,9604
006208,富邦台50,110,8,102,富邦-陽明,2024-11-01,9604
6187,萬潤,117,17,100,富邦-陽明,2024-11-01,9604
6606,建德工業,94,0,94,富邦-陽明,2024-11-01,9604
2344,華邦電,160,67,93,富邦-陽明,2024-11-01,9604
00948B,中信優息投資級債,87,0,87,富邦-陽明,2024-11-01,9604
00830,國泰費城半導體,98,12,86,富邦-陽明,2024-11-01,9604
2834,臺企銀,85,0,85,富邦-陽明,2024-11-01,9604
2891,中信金,150,66,84,富邦-陽明,2024-11-01,9604
00725B,國泰投資級公司債,82,0,82,富邦-陽明,2024-11-01,9604
2884,玉山金,80,5,75,富邦-陽明,2024-11-01,9604
00688L,國泰20年美債正2,80,7,73,富邦-陽明,2024-11-01,9604
2392,正崴,89,19,70,富邦-陽明,2024-11-01,9604
00712,復華富時不動產,65,0,65,富邦-陽明,2024-11-01,9604
00945B,凱基美國非投等債,63,0,63,富邦-陽明,2024-11-01,9604
8043,蜜望實,223,160,63,富邦-陽明,2024-11-01,9604
00922,國泰台灣領袖50,63,1,62,富邦-陽明,2024-11-01,9604
00887,永豐中國科技50大,96,35,61,富邦-陽明,2024-11-01,9604
2886,兆豐金,60,2,58,富邦-陽明,2024-11-01,9604
6274,台燿,66,8,58,富邦-陽明,2024-11-01,9604
2543,皇昌,103,47,56,富邦-陽明,2024-11-01,9604
2431,聯昌,90,37,53,富邦-陽明,2024-11-01,9604
00713,元大台灣高息低波,50,0,50,富邦-陽明,2024-11-01,9604
0050,元大台灣50,58,8,50,富邦-陽明,2024-11-01,9604
6757,台灣虎航,53,6,47,富邦-陽明,2024-11-01,9604
2337,旺宏,50,5,45,富邦-陽明,2024-11-01,9604
3324,雙鴻,66,22,44,富邦-陽明,2024-11-01,9604
0056,元大高股息,172,128,44,富邦-陽明,2024-11-01,9604
6216,居易,86,42,44,富邦-陽明,2024-11-01,9604
2890,永豐金,42,0,42,富邦-陽明,2024-11-01,9604
2888,新光金,59,17,42,富邦-陽明,2024-11-01,9604
00915,凱基優選高股息30,53,12,41,富邦-陽明,2024-11-01,9604
00940,元大台灣價值高息,109,69,40,富邦-陽明,2024-11-01,9604
2881,富邦金,86,46,40,富邦-陽明,2024-11-01,9604
4747,強生,39,0,39,富邦-陽明,2024-11-01,9604
2409,友達,43,5,38,富邦-陽明,2024-11-01,9604
2408,南亞科,43,6,37,富邦-陽明,2024-11-01,9604
2301,光寶科,37,0,37,富邦-陽明,2024-11-01,9604
00937B,群益ESG投等債20,526,46,480,富邦-陽明,2024-11-04,9604
00878,國泰永續高股息,457,44,413,富邦-陽明,2024-11-04,9604
00687B,國泰20年美債,367,41,326,富邦-陽明,2024-11-04,9604
2615,萬海,488,206,282,富邦-陽明,2024-11-04,9604
00632R,元大台灣50反1,303,85,218,富邦-陽明,2024-11-04,9604
00671R,富邦NASDAQ反1,230,20,210,富邦-陽明,2024-11-04,9604
00679B,元大美債20年,276,87,189,富邦-陽明,2024-11-04,9604
00948B,中信優息投資級債,173,0,173,富邦-陽明,2024-11-04,9604
00946,群益科技高息成長,166,0,166,富邦-陽明,2024-11-04,9604
00887,永豐中國科技50大,170,4,166,富邦-陽明,2024-11-04,9604
2303,聯電,140,11,129,富邦-陽明,2024-11-04,9604
2890,永豐金,103,4,99,富邦-陽明,2024-11-04,9604
5347,世界,109,12,97,富邦-陽明,2024-11-04,9604
00918,大華優利高填息30,102,15,87,富邦-陽明,2024-11-04,9604
00919,群益台灣精選高息,251,167,84,富邦-陽明,2024-11-04,9604
00664R,國泰臺灣加權反1,83,1,82,富邦-陽明,2024-11-04,9604
9105,泰金寶-DR,117,37,80,富邦-陽明,2024-11-04,9604
00922,國泰台灣領袖50,86,6,80,富邦-陽明,2024-11-04,9604
00772B,中信高評級公司債,124,50,74,富邦-陽明,2024-11-04,9604
00688L,國泰20年美債正2,83,14,69,富邦-陽明,2024-11-04,9604
00945B,凱基美國非投等債,67,0,67,富邦-陽明,2024-11-04,9604
2329,華泰,95,30,65,富邦-陽明,2024-11-04,9604
00712,復華富時不動產,109,45,64,富邦-陽明,2024-11-04,9604
2609,陽明,217,155,62,富邦-陽明,2024-11-04,9604
1314,中石化,66,6,60,富邦-陽明,2024-11-04,9604
2409,友達,78,19,59,富邦-陽明,2024-11-04,9604
6757,台灣虎航,64,6,58,富邦-陽明,2024-11-04,9604
00959B,大華投等美債15Y+,54,0,54,富邦-陽明,2024-11-04,9604
2408,南亞科,59,8,51,富邦-陽明,2024-11-04,9604
00882,中信中國高股息,66,20,46,富邦-陽明,2024-11-04,9604
00725B,國泰投資級公司債,47,2,45,富邦-陽明,2024-11-04,9604
00915,凱基優選高股息30,51,6,45,富邦-陽明,2024-11-04,9604
2328,廣宇,79,37,42,富邦-陽明,2024-11-04,9604
00662,富邦NASDAQ,42,0,42,富邦-陽明,2024-11-04,9604
2646,星宇航空,143,102,41,富邦-陽明,2024-11-04,9604
6197,佳必琪,51,11,40,富邦-陽明,2024-11-04,9604
00713,元大台灣高息低波,47,8,39,富邦-陽明,2024-11-04,9604
00795B,中信美國公債20年,37,0,37,富邦-陽明,2024-11-04,9604
2486,一詮,44,9,35,富邦-陽明,2024-11-04,9604
2431,聯昌,154,119,35,富邦-陽明,2024-11-04,9604
6288,聯嘉,53,18,35,富邦-陽明,2024-11-04,9604
3715,定穎投控,42,8,34,富邦-陽明,2024-11-04,9604
00932,兆豐永續高息等權,42,9,33,富邦-陽明,2024-11-04,9604
00738U,期元大道瓊白銀,32,0,32,富邦-陽明,2024-11-04,9604
8105,凌巨,54,22,32,富邦-陽明,2024-11-04,9604
00680L,元大美債20正2,80,50,30,富邦-陽明,2024-11-04,9604
00637L,元大滬深300正2,111,82,29,富邦-陽明,2024-11-04,9604
2834,臺企銀,36,7,29,富邦-陽明,2024-11-04,9604
2344,華邦電,64,36,28,富邦-陽明,2024-11-04,9604
6134,萬旭,52,24,28,富邦-陽明,2024-11-04,9604
00933B,國泰10Y+金融債,236,10,226,富邦-陽明,2024-11-05,9604
00878,國泰永續高股息,230,48,182,富邦-陽明,2024-11-05,9604
00919,群益台灣精選高息,275,94,181,富邦-陽明,2024-11-05,9604
2382,廣達,218,85,133,富邦-陽明,2024-11-05,9604
00679B,元大美債20年,149,23,126,富邦-陽明,2024-11-05,9604
4906,正文,118,1,117,富邦-陽明,2024-11-05,9604
2354,鴻準,522,406,116,富邦-陽明,2024-11-05,9604
2353,宏��,115,9,106,富邦-陽明,2024-11-05,9604
00632R,元大台灣50反1,131,25,106,富邦-陽明,2024-11-05,9604
8105,凌巨,106,1,105,富邦-陽明,2024-11-05,9604
6156,松上,111,10,101,富邦-陽明,2024-11-05,9604
5315,光聯,132,37,95,富邦-陽明,2024-11-05,9604
00687B,國泰20年美債,106,20,86,富邦-陽明,2024-11-05,9604
00948B,中信優息投資級債,80,0,80,富邦-陽明,2024-11-05,9604
00932,兆豐永續高息等權,80,1,79,富邦-陽明,2024-11-05,9604
3052,夆典,73,0,73,富邦-陽明,2024-11-05,9604
006208,富邦台50,88,16,72,富邦-陽明,2024-11-05,9604
2303,聯電,260,194,66,富邦-陽明,2024-11-05,9604
3645,達邁,64,1,63,富邦-陽明,2024-11-05,9604
00946,群益科技高息成長,65,4,61,富邦-陽明,2024-11-05,9604
00922,國泰台灣領袖50,76,16,60,富邦-陽明,2024-11-05,9604
2812,台中銀,61,1,60,富邦-陽明,2024-11-05,9604
4903,聯光通,186,127,59,富邦-陽明,2024-11-05,9604
00915,凱基優選高股息30,70,12,58,富邦-陽明,2024-11-05,9604
2495,普安,55,5,50,富邦-陽明,2024-11-05,9604
00960,野村全球航運龍頭,50,2,48,富邦-陽明,2024-11-05,9604
2834,臺企銀,49,5,44,富邦-陽明,2024-11-05,9604
3490,單井,95,51,44,富邦-陽明,2024-11-05,9604
00665L,富邦�琤肭磪囓�2,426,385,41,富邦-陽明,2024-11-05,9604
4561,健椿,42,4,38,富邦-陽明,2024-11-05,9604
00930,永豐ESG低碳高息,36,0,36,富邦-陽明,2024-11-05,9604
6129,普誠,35,0,35,富邦-陽明,2024-11-05,9604
3711,日月光投控,48,14,34,富邦-陽明,2024-11-05,9604
3013,晟銘電,122,90,32,富邦-陽明,2024-11-05,9604
9105,泰金寶-DR,85,55,30,富邦-陽明,2024-11-05,9604
00712,復華富時不動產,29,0,29,富邦-陽明,2024-11-05,9604
2393,億光,29,0,29,富邦-陽明,2024-11-05,9604
2344,華邦電,78,50,28,富邦-陽明,2024-11-05,9604
4956,光鋐,79,53,26,富邦-陽明,2024-11-05,9604
00688L,國泰20年美債正2,55,29,26,富邦-陽明,2024-11-05,9604
00943,兆豐電子高息等權,28,4,24,富邦-陽明,2024-11-05,9604
00891,中信關鍵半導體,65,42,23,富邦-陽明,2024-11-05,9604
3149,正達,46,23,23,富邦-陽明,2024-11-05,9604
2610,華航,56,33,23,富邦-陽明,2024-11-05,9604
3577,泓格,25,3,22,富邦-陽明,2024-11-05,9604
6191,精成科,21,0,21,富邦-陽明,2024-11-05,9604
1475,業旺,21,0,21,富邦-陽明,2024-11-05,9604
2867,三商壽,20,0,20,富邦-陽明,2024-11-05,9604
00738U,期元大道瓊白銀,21,1,20,富邦-陽明,2024-11-05,9604
00783,富邦中証500,20,0,20,富邦-陽明,2024-11-05,9604
00680L,元大美債20正2,1357,333,1024,富邦-陽明,2024-11-06,9604
00637L,元大滬深300正2,933,121,812,富邦-陽明,2024-11-06,9604
00679B,元大美債20年,661,43,618,富邦-陽明,2024-11-06,9604
00687B,國泰20年美債,625,82,543,富邦-陽明,2024-11-06,9604
00665L,富邦�琤肭磪囓�2,340,4,336,富邦-陽明,2024-11-06,9604
00632R,元大台灣50反1,274,7,267,富邦-陽明,2024-11-06,9604
00753L,中信中國50正2,336,94,242,富邦-陽明,2024-11-06,9604
00895,富邦未來車,259,50,209,富邦-陽明,2024-11-06,9604
00688L,國泰20年美債正2,235,43,192,富邦-陽明,2024-11-06,9604
3390,旭軟,141,0,141,富邦-陽明,2024-11-06,9604
00650L,復華香港正2,150,20,130,富邦-陽明,2024-11-06,9604
2888,新光金,229,100,129,富邦-陽明,2024-11-06,9604
2646,星宇航空,139,13,126,富邦-陽明,2024-11-06,9604
00706L,期元大S＆P日圓正2,117,0,117,富邦-陽明,2024-11-06,9604
2615,萬海,195,79,116,富邦-陽明,2024-11-06,9604
2405,輔信,119,13,106,富邦-陽明,2024-11-06,9604
2486,一詮,142,38,104,富邦-陽明,2024-11-06,9604
6156,松上,139,35,104,富邦-陽明,2024-11-06,9604
2609,陽明,184,84,100,富邦-陽明,2024-11-06,9604
00641R,富邦日本反1,100,0,100,富邦-陽明,2024-11-06,9604
6531,愛普*,108,17,91,富邦-陽明,2024-11-06,9604
00713,元大台灣高息低波,90,2,88,富邦-陽明,2024-11-06,9604
00878,國泰永續高股息,165,80,85,富邦-陽明,2024-11-06,9604
5347,世界,116,41,75,富邦-陽明,2024-11-06,9604
3013,晟銘電,172,101,71,富邦-陽明,2024-11-06,9604
3714,富采,65,1,64,富邦-陽明,2024-11-06,9604
9958,世紀鋼,68,4,64,富邦-陽明,2024-11-06,9604
1702,南僑,63,0,63,富邦-陽明,2024-11-06,9604
00857B,永豐20年美公債,60,0,60,富邦-陽明,2024-11-06,9604
00915,凱基優選高股息30,73,15,58,富邦-陽明,2024-11-06,9604
00795B,中信美國公債20年,64,10,54,富邦-陽明,2024-11-06,9604
00712,復華富時不動產,53,0,53,富邦-陽明,2024-11-06,9604
00646,元大S＆P500,52,3,49,富邦-陽明,2024-11-06,9604
3149,正達,89,44,45,富邦-陽明,2024-11-06,9604
2344,華邦電,70,28,42,富邦-陽明,2024-11-06,9604
4919,新唐,72,31,41,富邦-陽明,2024-11-06,9604
1711,永光,42,4,38,富邦-陽明,2024-11-06,9604
00932,兆豐永續高息等權,41,5,36,富邦-陽明,2024-11-06,9604
00948B,中信優息投資級債,120,85,35,富邦-陽明,2024-11-06,9604
2431,聯昌,179,145,34,富邦-陽明,2024-11-06,9604
9907,統一實,33,0,33,富邦-陽明,2024-11-06,9604
6216,居易,37,5,32,富邦-陽明,2024-11-06,9604
8150,南茂,47,16,31,富邦-陽明,2024-11-06,9604
6265,方土昶,31,0,31,富邦-陽明,2024-11-06,9604
3062,建漢,84,53,31,富邦-陽明,2024-11-06,9604
00664R,國泰臺灣加權反1,30,0,30,富邦-陽明,2024-11-06,9604
00882,中信中國高股息,70,41,29,富邦-陽明,2024-11-06,9604
00933B,國泰10Y+金融債,62,34,28,富邦-陽明,2024-11-06,9604
2419,仲琦,61,33,28,富邦-陽明,2024-11-06,9604
2613,中櫃,68,40,28,富邦-陽明,2024-11-06,9604
00937B,群益ESG投等債20,415,145,270,富邦-陽明,2024-11-07,9604
00933B,國泰10Y+金融債,243,9,234,富邦-陽明,2024-11-07,9604
00878,國泰永續高股息,251,52,199,富邦-陽明,2024-11-07,9604
00680L,元大美債20正2,253,91,162,富邦-陽明,2024-11-07,9604
1815,富喬,284,125,159,富邦-陽明,2024-11-07,9604
2634,漢翔,184,28,156,富邦-陽明,2024-11-07,9604
00687B,國泰20年美債,262,137,125,富邦-陽明,2024-11-07,9604
4916,事欣科,121,6,115,富邦-陽明,2024-11-07,9604
00905,FT臺灣Smart,125,14,111,富邦-陽明,2024-11-07,9604
00720B,元大投資級公司債,119,9,110,富邦-陽明,2024-11-07,9604
00942B,台新美A公司債20+,109,0,109,富邦-陽明,2024-11-07,9604
00688L,國泰20年美債正2,128,19,109,富邦-陽明,2024-11-07,9604
00950B,凱基A級公司債,100,0,100,富邦-陽明,2024-11-07,9604
00957B,兆豐US優選投等債,100,0,100,富邦-陽明,2024-11-07,9604
6187,萬潤,110,17,93,富邦-陽明,2024-11-07,9604
00679B,元大美債20年,198,108,90,富邦-陽明,2024-11-07,9604
3715,定穎投控,125,36,89,富邦-陽明,2024-11-07,9604
00945B,凱基美國非投等債,90,2,88,富邦-陽明,2024-11-07,9604
00919,群益台灣精選高息,124,40,84,富邦-陽明,2024-11-07,9604
6770,力積電,147,67,80,富邦-陽明,2024-11-07,9604
00795B,中信美國公債20年,93,16,77,富邦-陽明,2024-11-07,9604
9958,世紀鋼,135,68,67,富邦-陽明,2024-11-07,9604
00713,元大台灣高息低波,73,8,65,富邦-陽明,2024-11-07,9604
2312,金寶,516,451,65,富邦-陽明,2024-11-07,9604
00857B,永豐20年美公債,65,0,65,富邦-陽明,2024-11-07,9604
2382,廣達,164,102,62,富邦-陽明,2024-11-07,9604
4956,光鋐,70,10,60,富邦-陽明,2024-11-07,9604
2615,萬海,160,103,57,富邦-陽明,2024-11-07,9604
2892,第一金,54,0,54,富邦-陽明,2024-11-07,9604
6257,矽格,74,23,51,富邦-陽明,2024-11-07,9604
00943,兆豐電子高息等權,70,20,50,富邦-陽明,2024-11-07,9604
2399,映泰,102,53,49,富邦-陽明,2024-11-07,9604
2881,富邦金,75,30,45,富邦-陽明,2024-11-07,9604
5460,同協,55,12,43,富邦-陽明,2024-11-07,9604
00712,復華富時不動產,40,1,39,富邦-陽明,2024-11-07,9604
2027,大成鋼,68,33,35,富邦-陽明,2024-11-07,9604
6288,聯嘉,120,86,34,富邦-陽明,2024-11-07,9604
00916,國泰全球品牌50,35,1,34,富邦-陽明,2024-11-07,9604
2884,玉山金,40,7,33,富邦-陽明,2024-11-07,9604
00891,中信關鍵半導體,36,3,33,富邦-陽明,2024-11-07,9604
3260,威剛,78,45,33,富邦-陽明,2024-11-07,9604
00646,元大S＆P500,37,6,31,富邦-陽明,2024-11-07,9604
2851,中再保,31,0,31,富邦-陽明,2024-11-07,9604
1710,東聯,30,0,30,富邦-陽明,2024-11-07,9604
00900,富邦特選高股息30,31,2,29,富邦-陽明,2024-11-07,9604
4510,高鋒,106,77,29,富邦-陽明,2024-11-07,9604
00922,國泰台灣領袖50,35,6,29,富邦-陽明,2024-11-07,9604
00918,大華優利高填息30,34,7,27,富邦-陽明,2024-11-07,9604
8070,長華*,46,19,27,富邦-陽明,2024-11-07,9604
3545,敦泰,32,5,27,富邦-陽明,2024-11-07,9604
2412,中華電,4587,3,4584,富邦-陽明,2024-11-08,9604
00632R,元大台灣50反1,433,85,348,富邦-陽明,2024-11-08,9604
3062,建漢,403,104,299,富邦-陽明,2024-11-08,9604
00637L,元大滬深300正2,459,210,249,富邦-陽明,2024-11-08,9604
00919,群益台灣精選高息,325,87,238,富邦-陽明,2024-11-08,9604
3481,群創,223,24,199,富邦-陽明,2024-11-08,9604
4906,正文,158,0,158,富邦-陽明,2024-11-08,9604
2891,中信金,195,52,143,富邦-陽明,2024-11-08,9604
2606,裕民,156,28,128,富邦-陽明,2024-11-08,9604
2313,華通,132,7,125,富邦-陽明,2024-11-08,9604
1314,中石化,115,1,114,富邦-陽明,2024-11-08,9604
3037,欣興,161,54,107,富邦-陽明,2024-11-08,9604
3645,達邁,105,4,101,富邦-陽明,2024-11-08,9604
2353,宏��,118,17,101,富邦-陽明,2024-11-08,9604
00907,永豐優息存股,100,0,100,富邦-陽明,2024-11-08,9604
2399,映泰,165,68,97,富邦-陽明,2024-11-08,9604
3290,東浦,103,6,97,富邦-陽明,2024-11-08,9604
00687B,國泰20年美債,133,49,84,富邦-陽明,2024-11-08,9604
2388,威盛,103,20,83,富邦-陽明,2024-11-08,9604
2303,聯電,134,52,82,富邦-陽明,2024-11-08,9604
8011,台通,90,11,79,富邦-陽明,2024-11-08,9604
1815,富喬,106,29,77,富邦-陽明,2024-11-08,9604
8150,南茂,101,28,73,富邦-陽明,2024-11-08,9604
00680L,元大美債20正2,136,63,73,富邦-陽明,2024-11-08,9604
00753L,中信中國50正2,416,351,65,富邦-陽明,2024-11-08,9604
6202,盛群,67,2,65,富邦-陽明,2024-11-08,9604
2354,鴻準,388,324,64,富邦-陽明,2024-11-08,9604
00945B,凱基美國非投等債,64,0,64,富邦-陽明,2024-11-08,9604
2328,廣宇,104,41,63,富邦-陽明,2024-11-08,9604
00679B,元大美債20年,122,63,59,富邦-陽明,2024-11-08,9604
3149,正達,95,37,58,富邦-陽明,2024-11-08,9604
00650L,復華香港正2,75,18,57,富邦-陽明,2024-11-08,9604
8105,凌巨,56,2,54,富邦-陽明,2024-11-08,9604
5905,南仁湖,51,1,50,富邦-陽明,2024-11-08,9604
00648R,元大S＆P500反1,50,0,50,富邦-陽明,2024-11-08,9604
00646,元大S＆P500,52,2,50,富邦-陽明,2024-11-08,9604
00671R,富邦NASDAQ反1,227,178,49,富邦-陽明,2024-11-08,9604
2352,佳世達,46,0,46,富邦-陽明,2024-11-08,9604
2059,川湖,55,10,45,富邦-陽明,2024-11-08,9604
6182,合晶,76,31,45,富邦-陽明,2024-11-08,9604
2888,新光金,95,53,42,富邦-陽明,2024-11-08,9604
2408,南亞科,45,5,40,富邦-陽明,2024-11-08,9604
00957B,兆豐US優選投等債,40,0,40,富邦-陽明,2024-11-08,9604
3032,偉訓,40,0,40,富邦-陽明,2024-11-08,9604
6951,青新-創,40,0,40,富邦-陽明,2024-11-08,9604
1336,台翰,38,0,38,富邦-陽明,2024-11-08,9604
8111,立��,53,15,38,富邦-陽明,2024-11-08,9604
2495,普安,62,26,36,富邦-陽明,2024-11-08,9604
00943,兆豐電子高息等權,36,0,36,富邦-陽明,2024-11-08,9604
5880,合庫金,41,5,36,富邦-陽明,2024-11-08,9604
5483,中美晶,932,6,926,富邦-陽明,2024-11-11,9604
3515,華擎,310,8,302,富邦-陽明,2024-11-11,9604
00665L,富邦�琤肭磪囓�2,2526,2275,251,富邦-陽明,2024-11-11,9604
00878,國泰永續高股息,282,41,241,富邦-陽明,2024-11-11,9604
8210,勤誠,212,41,171,富邦-陽明,2024-11-11,9604
1702,南僑,137,0,137,富邦-陽明,2024-11-11,9604
2354,鴻準,296,162,134,富邦-陽明,2024-11-11,9604
00715L,期街口布蘭特正2,123,0,123,富邦-陽明,2024-11-11,9604
3481,群創,147,27,120,富邦-陽明,2024-11-11,9604
2882,國泰金,125,6,119,富邦-陽明,2024-11-11,9604
00882,中信中國高股息,132,13,119,富邦-陽明,2024-11-11,9604
2412,中華電,124,5,119,富邦-陽明,2024-11-11,9604
3060,銘異,156,38,118,富邦-陽明,2024-11-11,9604
2027,大成鋼,124,12,112,富邦-陽明,2024-11-11,9604
3303,岱稜,142,39,103,富邦-陽明,2024-11-11,9604
00932,兆豐永續高息等權,101,7,94,富邦-陽明,2024-11-11,9604
2102,泰豐,90,0,90,富邦-陽明,2024-11-11,9604
00650L,復華香港正2,223,136,87,富邦-陽明,2024-11-11,9604
2891,中信金,140,53,87,富邦-陽明,2024-11-11,9604
2834,臺企銀,99,13,86,富邦-陽明,2024-11-11,9604
00933B,國泰10Y+金融債,90,5,85,富邦-陽明,2024-11-11,9604
2615,萬海,168,85,83,富邦-陽明,2024-11-11,9604
00919,群益台灣精選高息,143,61,82,富邦-陽明,2024-11-11,9604
3033,威健,83,1,82,富邦-陽明,2024-11-11,9604
1605,華新,93,14,79,富邦-陽明,2024-11-11,9604
6743,安普新,80,4,76,富邦-陽明,2024-11-11,9604
6116,彩晶,72,0,72,富邦-陽明,2024-11-11,9604
00753L,中信中國50正2,129,57,72,富邦-陽明,2024-11-11,9604
00915,凱基優選高股息30,72,2,70,富邦-陽明,2024-11-11,9604
2486,一詮,132,65,67,富邦-陽明,2024-11-11,9604
00918,大華優利高填息30,73,9,64,富邦-陽明,2024-11-11,9604
4303,信立,73,20,53,富邦-陽明,2024-11-11,9604
2881,富邦金,53,2,51,富邦-陽明,2024-11-11,9604
3312,弘憶股,60,9,51,富邦-陽明,2024-11-11,9604
4906,正文,50,0,50,富邦-陽明,2024-11-11,9604
00713,元大台灣高息低波,69,19,50,富邦-陽明,2024-11-11,9604
3036,文曄,54,5,49,富邦-陽明,2024-11-11,9604
2888,新光金,86,38,48,富邦-陽明,2024-11-11,9604
6763,綠界科技*,59,14,45,富邦-陽明,2024-11-11,9604
3231,緯創,141,97,44,富邦-陽明,2024-11-11,9604
00633L,富邦上証正2,65,22,43,富邦-陽明,2024-11-11,9604
00885,富邦越南,41,0,41,富邦-陽明,2024-11-11,9604
2495,普安,91,51,40,富邦-陽明,2024-11-11,9604
00909,國泰數位支付服務,79,40,39,富邦-陽明,2024-11-11,9604
8150,南茂,54,16,38,富邦-陽明,2024-11-11,9604
8011,台通,62,24,38,富邦-陽明,2024-11-11,9604
00669R,國泰美國道瓊反1,37,0,37,富邦-陽明,2024-11-11,9604
00720B,元大投資級公司債,43,6,37,富邦-陽明,2024-11-11,9604
1326,台化,40,5,35,富邦-陽明,2024-11-11,9604
00730,富邦臺灣優質高息,35,1,34,富邦-陽明,2024-11-11,9604
00878,國泰永續高股息,912,20,892,富邦-陽明,2024-11-12,9604
2883,凱基金,590,204,386,富邦-陽明,2024-11-12,9604
00650L,復華香港正2,374,13,361,富邦-陽明,2024-11-12,9604
2349,錸德,380,50,330,富邦-陽明,2024-11-12,9604
00753L,中信中國50正2,380,59,321,富邦-陽明,2024-11-12,9604
00665L,富邦�琤肭磪囓�2,743,426,317,富邦-陽明,2024-11-12,9604
3481,群創,494,182,312,富邦-陽明,2024-11-12,9604
00945B,凱基美國非投等債,260,3,257,富邦-陽明,2024-11-12,9604
2609,陽明,506,290,216,富邦-陽明,2024-11-12,9604
1101,台泥,312,99,213,富邦-陽明,2024-11-12,9604
00929,復華台灣科技優息,310,100,210,富邦-陽明,2024-11-12,9604
2356,英業達,314,110,204,富邦-陽明,2024-11-12,9604
0056,元大高股息,226,26,200,富邦-陽明,2024-11-12,9604
00918,大華優利高填息30,172,7,165,富邦-陽明,2024-11-12,9604
00915,凱基優選高股息30,193,30,163,富邦-陽明,2024-11-12,9604
00715L,期街口布蘭特正2,162,0,162,富邦-陽明,2024-11-12,9604
2892,第一金,164,3,161,富邦-陽明,2024-11-12,9604
006208,富邦台50,177,18,159,富邦-陽明,2024-11-12,9604
2409,友達,160,1,159,富邦-陽明,2024-11-12,9604
2312,金寶,147,25,122,富邦-陽明,2024-11-12,9604
00919,群益台灣精選高息,295,177,118,富邦-陽明,2024-11-12,9604
2615,萬海,240,122,118,富邦-陽明,2024-11-12,9604
5871,中租-KY,131,14,117,富邦-陽明,2024-11-12,9604
00706L,期元大S＆P日圓正2,103,1,102,富邦-陽明,2024-11-12,9604
3231,緯創,245,145,100,富邦-陽明,2024-11-12,9604
00641R,富邦日本反1,100,0,100,富邦-陽明,2024-11-12,9604
2412,中華電,100,1,99,富邦-陽明,2024-11-12,9604
2888,新光金,199,106,93,富邦-陽明,2024-11-12,9604
2882,國泰金,108,18,90,富邦-陽明,2024-11-12,9604
2641,正德,121,36,85,富邦-陽明,2024-11-12,9604
00922,國泰台灣領袖50,85,1,84,富邦-陽明,2024-11-12,9604
1314,中石化,79,2,77,富邦-陽明,2024-11-12,9604
2330,台積電,102,25,77,富邦-陽明,2024-11-12,9604
1313,聯成,76,0,76,富邦-陽明,2024-11-12,9604
1308,亞聚,81,11,70,富邦-陽明,2024-11-12,9604
00713,元大台灣高息低波,85,15,70,富邦-陽明,2024-11-12,9604
2887,台新金,70,0,70,富邦-陽明,2024-11-12,9604
2002,中鋼,81,12,69,富邦-陽明,2024-11-12,9604
0050,元大台灣50,71,4,67,富邦-陽明,2024-11-12,9604
4123,晟德,65,1,64,富邦-陽明,2024-11-12,9604
6288,聯嘉,85,23,62,富邦-陽明,2024-11-12,9604
2520,冠德,84,22,62,富邦-陽明,2024-11-12,9604
00933B,國泰10Y+金融債,112,51,61,富邦-陽明,2024-11-12,9604
1104,環泥,60,0,60,富邦-陽明,2024-11-12,9604
2344,華邦電,71,11,60,富邦-陽明,2024-11-12,9604
2408,南亞科,74,15,59,富邦-陽明,2024-11-12,9604
2603,長榮,82,24,58,富邦-陽明,2024-11-12,9604
00891,中信關鍵半導體,72,15,57,富邦-陽明,2024-11-12,9604
2431,聯昌,68,12,56,富邦-陽明,2024-11-12,9604
2313,華通,64,8,56,富邦-陽明,2024-11-12,9604
00878,國泰永續高股息,613,44,569,富邦-陽明,2024-11-13,9604
3231,緯創,846,427,419,富邦-陽明,2024-11-13,9604
2801,彰銀,361,0,361,富邦-陽明,2024-11-13,9604
00688L,國泰20年美債正2,343,100,243,富邦-陽明,2024-11-13,9604
00679B,元大美債20年,216,18,198,富邦-陽明,2024-11-13,9604
5488,松普,256,61,195,富邦-陽明,2024-11-13,9604
00680L,元大美債20正2,269,97,172,富邦-陽明,2024-11-13,9604
8011,台通,216,51,165,富邦-陽明,2024-11-13,9604
2885,元大金,159,4,155,富邦-陽明,2024-11-13,9604
3576,聯合再生,153,5,148,富邦-陽明,2024-11-13,9604
2317,鴻海,154,21,133,富邦-陽明,2024-11-13,9604
2882,國泰金,146,34,112,富邦-陽明,2024-11-13,9604
00935,野村臺灣新科技50,121,11,110,富邦-陽明,2024-11-13,9604
00706L,期元大S＆P日圓正2,109,0,109,富邦-陽明,2024-11-13,9604
5905,南仁湖,107,0,107,富邦-陽明,2024-11-13,9604
1524,耿鼎,151,46,105,富邦-陽明,2024-11-13,9604
0056,元大高股息,141,37,104,富邦-陽明,2024-11-13,9604
00943,兆豐電子高息等權,103,0,103,富邦-陽明,2024-11-13,9604
3052,夆典,102,0,102,富邦-陽明,2024-11-13,9604
2344,華邦電,107,10,97,富邦-陽明,2024-11-13,9604
2883,凱基金,198,101,97,富邦-陽明,2024-11-13,9604
2881,富邦金,104,9,95,富邦-陽明,2024-11-13,9604
6603,富強鑫,85,0,85,富邦-陽明,2024-11-13,9604
00915,凱基優選高股息30,88,6,82,富邦-陽明,2024-11-13,9604
9105,泰金寶-DR,309,227,82,富邦-陽明,2024-11-13,9604
2330,台積電,92,14,78,富邦-陽明,2024-11-13,9604
2892,第一金,76,2,74,富邦-陽明,2024-11-13,9604
006208,富邦台50,91,19,72,富邦-陽明,2024-11-13,9604
00882,中信中國高股息,166,95,71,富邦-陽明,2024-11-13,9604
2027,大成鋼,82,11,71,富邦-陽明,2024-11-13,9604
6190,萬泰科,72,1,71,富邦-陽明,2024-11-13,9604
2495,普安,104,33,71,富邦-陽明,2024-11-13,9604
2449,京元電子,102,31,71,富邦-陽明,2024-11-13,9604
00720B,元大投資級公司債,77,6,71,富邦-陽明,2024-11-13,9604
3481,群創,135,65,70,富邦-陽明,2024-11-13,9604
2105,正新,73,5,68,富邦-陽明,2024-11-13,9604
00891,中信關鍵半導體,77,9,68,富邦-陽明,2024-11-13,9604
9945,潤泰新,89,25,64,富邦-陽明,2024-11-13,9604
3062,建漢,88,24,64,富邦-陽明,2024-11-13,9604
2313,華通,70,7,63,富邦-陽明,2024-11-13,9604
00713,元大台灣高息低波,63,1,62,富邦-陽明,2024-11-13,9604
2646,星宇航空,169,108,61,富邦-陽明,2024-11-13,9604
1104,環泥,60,0,60,富邦-陽明,2024-11-13,9604
2888,新光金,74,19,55,富邦-陽明,2024-11-13,9604
00933B,國泰10Y+金融債,78,23,55,富邦-陽明,2024-11-13,9604
1449,佳和,87,32,55,富邦-陽明,2024-11-13,9604
1802,台玻,53,0,53,富邦-陽明,2024-11-13,9604
5880,合庫金,55,9,46,富邦-陽明,2024-11-13,9604
5871,中租-KY,62,17,45,富邦-陽明,2024-11-13,9604
3013,晟銘電,206,161,45,富邦-陽明,2024-11-13,9604
00878,國泰永續高股息,1176,11,1165,富邦-陽明,2024-11-14,9604
3481,群創,331,22,309,富邦-陽明,2024-11-14,9604
00929,復華台灣科技優息,390,97,293,富邦-陽明,2024-11-14,9604
0056,元大高股息,293,2,291,富邦-陽明,2024-11-14,9604
00680L,元大美債20正2,286,3,283,富邦-陽明,2024-11-14,9604
2303,聯電,254,38,216,富邦-陽明,2024-11-14,9604
00679B,元大美債20年,263,47,216,富邦-陽明,2024-11-14,9604
00688L,國泰20年美債正2,296,92,204,富邦-陽明,2024-11-14,9604
00940,元大台灣價值高息,193,9,184,富邦-陽明,2024-11-14,9604
2609,陽明,305,144,161,富邦-陽明,2024-11-14,9604
00915,凱基優選高股息30,127,8,119,富邦-陽明,2024-11-14,9604
2312,金寶,173,58,115,富邦-陽明,2024-11-14,9604
8011,台通,124,21,103,富邦-陽明,2024-11-14,9604
00932,兆豐永續高息等權,112,12,100,富邦-陽明,2024-11-14,9604
3231,緯創,141,42,99,富邦-陽明,2024-11-14,9604
2344,華邦電,109,11,98,富邦-陽明,2024-11-14,9604
00919,群益台灣精選高息,143,46,97,富邦-陽明,2024-11-14,9604
4938,和碩,105,8,97,富邦-陽明,2024-11-14,9604
2409,友達,107,13,94,富邦-陽明,2024-11-14,9604
00753L,中信中國50正2,190,97,93,富邦-陽明,2024-11-14,9604
006208,富邦台50,100,8,92,富邦-陽明,2024-11-14,9604
00706L,期元大S＆P日圓正2,91,0,91,富邦-陽明,2024-11-14,9604
00891,中信關鍵半導體,88,0,88,富邦-陽明,2024-11-14,9604
2317,鴻海,148,64,84,富邦-陽明,2024-11-14,9604
2892,第一金,97,21,76,富邦-陽明,2024-11-14,9604
00882,中信中國高股息,159,87,72,富邦-陽明,2024-11-14,9604
00946,群益科技高息成長,70,0,70,富邦-陽明,2024-11-14,9604
00687B,國泰20年美債,84,15,69,富邦-陽明,2024-11-14,9604
00720B,元大投資級公司債,77,16,61,富邦-陽明,2024-11-14,9604
1449,佳和,87,29,58,富邦-陽明,2024-11-14,9604
2887,台新金,73,17,56,富邦-陽明,2024-11-14,9604
8110,華東,59,3,56,富邦-陽明,2024-11-14,9604
2883,凱基金,60,5,55,富邦-陽明,2024-11-14,9604
00713,元大台灣高息低波,65,11,54,富邦-陽明,2024-11-14,9604
2449,京元電子,68,18,50,富邦-陽明,2024-11-14,9604
00682U,期元大美元指數,50,0,50,富邦-陽明,2024-11-14,9604
00930,永豐ESG低碳高息,56,7,49,富邦-陽明,2024-11-14,9604
1301,台塑,56,7,49,富邦-陽明,2024-11-14,9604
3062,建漢,83,39,44,富邦-陽明,2024-11-14,9604
2376,技嘉,49,5,44,富邦-陽明,2024-11-14,9604
00900,富邦特選高股息30,54,12,42,富邦-陽明,2024-11-14,9604
2337,旺宏,51,10,41,富邦-陽明,2024-11-14,9604
2812,台中銀,49,9,40,富邦-陽明,2024-11-14,9604
8086,宏捷科,44,4,40,富邦-陽明,2024-11-14,9604
2439,美律,41,3,38,富邦-陽明,2024-11-14,9604
00935,野村臺灣新科技50,36,0,36,富邦-陽明,2024-11-14,9604
2382,廣達,56,20,36,富邦-陽明,2024-11-14,9604
1314,中石化,36,0,36,富邦-陽明,2024-11-14,9604
00936,台新永續高息中小,56,21,35,富邦-陽明,2024-11-14,9604
1532,勤美,51,17,34,富邦-陽明,2024-11-14,9604
00878,國泰永續高股息,1180,16,1164,富邦-陽明,2024-11-15,9604
9105,泰金寶-DR,798,498,300,富邦-陽明,2024-11-15,9604
2382,廣達,338,169,169,富邦-陽明,2024-11-15,9604
3706,神達,565,420,145,富邦-陽明,2024-11-15,9604
00637L,元大滬深300正2,264,124,140,富邦-陽明,2024-11-15,9604
3323,加百裕,125,12,113,富邦-陽明,2024-11-15,9604
2834,臺企銀,109,12,97,富邦-陽明,2024-11-15,9604
00688L,國泰20年美債正2,96,18,78,富邦-陽明,2024-11-15,9604
6405,悅城,100,23,77,富邦-陽明,2024-11-15,9604
0056,元大高股息,89,17,72,富邦-陽明,2024-11-15,9604
00929,復華台灣科技優息,117,45,72,富邦-陽明,2024-11-15,9604
00633L,富邦上証正2,86,15,71,富邦-陽明,2024-11-15,9604
2317,鴻海,283,218,65,富邦-陽明,2024-11-15,9604
2324,仁寶,137,80,57,富邦-陽明,2024-11-15,9604
00632R,元大台灣50反1,139,82,57,富邦-陽明,2024-11-15,9604
006208,富邦台50,66,9,57,富邦-陽明,2024-11-15,9604
00885,富邦越南,56,5,51,富邦-陽明,2024-11-15,9604
3605,宏致,60,11,49,富邦-陽明,2024-11-15,9604
00712,復華富時不動產,48,0,48,富邦-陽明,2024-11-15,9604
3324,雙鴻,55,12,43,富邦-陽明,2024-11-15,9604
00655L,國泰中國A50正2,58,16,42,富邦-陽明,2024-11-15,9604
2408,南亞科,45,4,41,富邦-陽明,2024-11-15,9604
2002,中鋼,48,11,37,富邦-陽明,2024-11-15,9604
2474,可成,37,0,37,富邦-陽明,2024-11-15,9604
2520,冠德,62,27,35,富邦-陽明,2024-11-15,9604
00713,元大台灣高息低波,36,0,36,富邦-陽明,2024-11-15,9604
1618,合機,98,63,35,富邦-陽明,2024-11-15,9604
00948B,中信優息投資級債,37,2,35,富邦-陽明,2024-11-15,9604
0050,元大台灣50,38,7,31,富邦-陽明,2024-11-15,9604
00953B,群益優選非投等債,33,2,31,富邦-陽明,2024-11-15,9604
5871,中租-KY,36,5,31,富邦-陽明,2024-11-15,9604
1314,中石化,72,41,31,富邦-陽明,2024-11-15,9604
1447,力鵬,30,0,30,富邦-陽明,2024-11-15,9604
6416,瑞祺電通,38,8,30,富邦-陽明,2024-11-15,9604
2356,英業達,54,24,30,富邦-陽明,2024-11-15,9604
00881,國泰台灣5G+,31,3,28,富邦-陽明,2024-11-15,9604
3450,聯鈞,72,43,29,富邦-陽明,2024-11-15,9604
6446,藥華藥,35,7,28,富邦-陽明,2024-11-15,9604
00887,永豐中國科技50大,45,17,28,富邦-陽明,2024-11-15,9604
3625,西勝,28,0,28,富邦-陽明,2024-11-15,9604
5309,系統電,95,68,27,富邦-陽明,2024-11-15,9604
00706L,期元大S＆P日圓正2,27,0,27,富邦-陽明,2024-11-15,9604
3017,奇鋐,53,26,27,富邦-陽明,2024-11-15,9604
9958,世紀鋼,38,13,25,富邦-陽明,2024-11-15,9604
2376,技嘉,32,9,23,富邦-陽明,2024-11-15,9604
1569,濱川,25,3,22,富邦-陽明,2024-11-15,9604
00692,富邦公司治理,24,2,22,富邦-陽明,2024-11-15,9604
00830,國泰費城半導體,22,1,21,富邦-陽明,2024-11-15,9604
1611,中電,32,11,21,富邦-陽明,2024-11-15,9604
00720B,元大投資級公司債,22,1,21,富邦-陽明,2024-11-15,9604
00878,國泰永續高股息,894,84,810,富邦-陽明,2024-11-18,9604
00929,復華台灣科技優息,443,86,357,富邦-陽明,2024-11-18,9604
2354,鴻準,456,156,300,富邦-陽明,2024-11-18,9604
00715L,期街口布蘭特正2,294,10,284,富邦-陽明,2024-11-18,9604
2312,金寶,562,294,268,富邦-陽明,2024-11-18,9604
9105,泰金寶-DR,353,122,231,富邦-陽明,2024-11-18,9604
00712,復華富時不動產,174,0,174,富邦-陽明,2024-11-18,9604
0056,元大高股息,211,51,160,富邦-陽明,2024-11-18,9604
006208,富邦台50,175,39,136,富邦-陽明,2024-11-18,9604
3706,神達,494,388,106,富邦-陽明,2024-11-18,9604
00909,國泰數位支付服務,102,1,101,富邦-陽明,2024-11-18,9604
00887,永豐中國科技50大,157,58,99,富邦-陽明,2024-11-18,9604
3625,西勝,102,11,91,富邦-陽明,2024-11-18,9604
2371,大同,120,29,91,富邦-陽明,2024-11-18,9604
6757,台灣虎航,115,25,90,富邦-陽明,2024-11-18,9604
2881,富邦金,104,23,81,富邦-陽明,2024-11-18,9604
00891,中信關鍵半導體,90,20,70,富邦-陽明,2024-11-18,9604
00915,凱基優選高股息30,61,2,59,富邦-陽明,2024-11-18,9604
00885,富邦越南,59,3,56,富邦-陽明,2024-11-18,9604
00679B,元大美債20年,154,101,53,富邦-陽明,2024-11-18,9604
00692,富邦公司治理,51,2,49,富邦-陽明,2024-11-18,9604
00945B,凱基美國非投等債,49,0,49,富邦-陽明,2024-11-18,9604
00664R,國泰臺灣加權反1,50,1,49,富邦-陽明,2024-11-18,9604
00939,統一台灣高息動能,45,0,45,富邦-陽明,2024-11-18,9604
8033,雷虎,50,6,44,富邦-陽明,2024-11-18,9604
00680L,元大美債20正2,55,11,44,富邦-陽明,2024-11-18,9604
2609,陽明,211,168,43,富邦-陽明,2024-11-18,9604
4956,光鋐,66,24,42,富邦-陽明,2024-11-18,9604
2382,廣達,63,23,40,富邦-陽明,2024-11-18,9604
5236,凌陽創新,40,0,40,富邦-陽明,2024-11-18,9604
00933B,國泰10Y+金融債,59,22,37,富邦-陽明,2024-11-18,9604
3516,亞帝歐,33,0,33,富邦-陽明,2024-11-18,9604
0050,元大台灣50,37,5,32,富邦-陽明,2024-11-18,9604
2464,盟立,33,2,31,富邦-陽明,2024-11-18,9604
2887,台新金,30,0,30,富邦-陽明,2024-11-18,9604
2612,中航,30,0,30,富邦-陽明,2024-11-18,9604
00725B,國泰投資級公司債,36,6,30,富邦-陽明,2024-11-18,9604
3535,晶彩科,30,1,29,富邦-陽明,2024-11-18,9604
1560,中砂,35,6,29,富邦-陽明,2024-11-18,9604
2646,星宇航空,49,21,28,富邦-陽明,2024-11-18,9604
6116,彩晶,27,0,27,富邦-陽明,2024-11-18,9604
1471,首利,35,8,27,富邦-陽明,2024-11-18,9604
00932,兆豐永續高息等權,26,0,26,富邦-陽明,2024-11-18,9604
3005,神基,26,0,26,富邦-陽明,2024-11-18,9604
00935,野村臺灣新科技50,26,0,26,富邦-陽明,2024-11-18,9604
2449,京元電子,38,12,26,富邦-陽明,2024-11-18,9604
00895,富邦未來車,30,4,26,富邦-陽明,2024-11-18,9604
00930,永豐ESG低碳高息,26,0,26,富邦-陽明,2024-11-18,9604
3689,湧德,35,10,25,富邦-陽明,2024-11-18,9604
2330,台積電,45,20,25,富邦-陽明,2024-11-18,9604
00632R,元大台灣50反1,355,25,330,富邦-陽明,2024-11-19,9604
00637L,元大滬深300正2,338,25,313,富邦-陽明,2024-11-19,9604
00878,國泰永續高股息,307,41,266,富邦-陽明,2024-11-19,9604
00671R,富邦NASDAQ反1,182,0,182,富邦-陽明,2024-11-19,9604
00664R,國泰臺灣加權反1,201,26,175,富邦-陽明,2024-11-19,9604
3481,群創,157,25,132,富邦-陽明,2024-11-19,9604
2312,金寶,665,558,107,富邦-陽明,2024-11-19,9604
2527,宏璟,100,5,95,富邦-陽明,2024-11-19,9604
00945B,凱基美國非投等債,83,0,83,富邦-陽明,2024-11-19,9604
2382,廣達,90,7,83,富邦-陽明,2024-11-19,9604
3231,緯創,134,51,83,富邦-陽明,2024-11-19,9604
2481,強茂,77,2,75,富邦-陽明,2024-11-19,9604
2356,英業達,81,13,68,富邦-陽明,2024-11-19,9604
2349,錸德,134,69,65,富邦-陽明,2024-11-19,9604
00650L,復華香港正2,216,151,65,富邦-陽明,2024-11-19,9604
00655L,國泰中國A50正2,72,12,60,富邦-陽明,2024-11-19,9604
2606,裕民,70,11,59,富邦-陽明,2024-11-19,9604
00633L,富邦上証正2,79,28,51,富邦-陽明,2024-11-19,9604
6770,力積電,54,3,51,富邦-陽明,2024-11-19,9604
1536,和大,58,8,50,富邦-陽明,2024-11-19,9604
00648R,元大S＆P500反1,50,0,50,富邦-陽明,2024-11-19,9604
4904,遠傳,49,0,49,富邦-陽明,2024-11-19,9604
2317,鴻海,166,118,48,富邦-陽明,2024-11-19,9604
6669,緯穎,53,5,48,富邦-陽明,2024-11-19,9604
00713,元大台灣高息低波,48,2,46,富邦-陽明,2024-11-19,9604
00948B,中信優息投資級債,51,7,44,富邦-陽明,2024-11-19,9604
00887,永豐中國科技50大,98,56,42,富邦-陽明,2024-11-19,9604
2027,大成鋼,50,8,42,富邦-陽明,2024-11-19,9604
00665L,富邦�琤肭磪囓�2,131,90,41,富邦-陽明,2024-11-19,9604
3005,神基,44,6,38,富邦-陽明,2024-11-19,9604
2303,聯電,81,46,35,富邦-陽明,2024-11-19,9604
0056,元大高股息,84,51,33,富邦-陽明,2024-11-19,9604
8104,錸寶,59,26,33,富邦-陽明,2024-11-19,9604
00933B,國泰10Y+金融債,57,25,32,富邦-陽明,2024-11-19,9604
4157,太景*-KY,30,0,30,富邦-陽明,2024-11-19,9604
00930,永豐ESG低碳高息,30,0,30,富邦-陽明,2024-11-19,9604
00885,富邦越南,32,3,29,富邦-陽明,2024-11-19,9604
5309,系統電,77,50,27,富邦-陽明,2024-11-19,9604
00635U,期元大S＆P黃金,26,0,26,富邦-陽明,2024-11-19,9604
4915,致伸,26,0,26,富邦-陽明,2024-11-19,9604
1301,台塑,54,29,25,富邦-陽明,2024-11-19,9604
5324,士開,25,1,24,富邦-陽明,2024-11-19,9604
2637,慧洋-KY,25,3,22,富邦-陽明,2024-11-19,9604
6257,矽格,57,36,21,富邦-陽明,2024-11-19,9604
9921,巨大,35,15,20,富邦-陽明,2024-11-19,9604
3024,憶聲,55,35,20,富邦-陽明,2024-11-19,9604
6505,台塑化,20,0,20,富邦-陽明,2024-11-19,9604
2884,玉山金,38,18,20,富邦-陽明,2024-11-19,9604
00919,群益台灣精選高息,62,44,18,富邦-陽明,2024-11-19,9604
3032,偉訓,97,79,18,富邦-陽明,2024-11-19,9604
2354,鴻準,729,258,471,富邦-陽明,2024-11-20,9604
9105,泰金寶-DR,623,329,294,富邦-陽明,2024-11-20,9604
00878,國泰永續高股息,272,49,223,富邦-陽明,2024-11-20,9604
00680L,元大美債20正2,184,16,168,富邦-陽明,2024-11-20,9604
2312,金寶,279,143,136,富邦-陽明,2024-11-20,9604
2834,臺企銀,124,12,112,富邦-陽明,2024-11-20,9604
0056,元大高股息,144,38,106,富邦-陽明,2024-11-20,9604
3490,單井,106,4,102,富邦-陽明,2024-11-20,9604
00706L,期元大S＆P日圓正2,105,4,101,富邦-陽明,2024-11-20,9604
00929,復華台灣科技優息,126,40,86,富邦-陽明,2024-11-20,9604
2329,華泰,100,17,83,富邦-陽明,2024-11-20,9604
3323,加百裕,147,64,83,富邦-陽明,2024-11-20,9604
00919,群益台灣精選高息,125,55,70,富邦-陽明,2024-11-20,9604
4157,太景*-KY,65,0,65,富邦-陽明,2024-11-20,9604
1477,聚陽,65,2,63,富邦-陽明,2024-11-20,9604
2356,英業達,129,68,61,富邦-陽明,2024-11-20,9604
2330,台積電,62,5,57,富邦-陽明,2024-11-20,9604
2027,大成鋼,67,10,57,富邦-陽明,2024-11-20,9604
2303,聯電,90,34,56,富邦-陽明,2024-11-20,9604
5880,合庫金,62,6,56,富邦-陽明,2024-11-20,9604
6443,元晶,54,0,54,富邦-陽明,2024-11-20,9604
6558,興能高,66,12,54,富邦-陽明,2024-11-20,9604
00953B,群益優選非投等債,55,4,51,富邦-陽明,2024-11-20,9604
3625,西勝,79,29,50,富邦-陽明,2024-11-20,9604
1717,長興,51,1,50,富邦-陽明,2024-11-20,9604
00934,中信成長高股息,52,5,47,富邦-陽明,2024-11-20,9604
2882,國泰金,68,22,46,富邦-陽明,2024-11-20,9604
00936,台新永續高息中小,46,0,46,富邦-陽明,2024-11-20,9604
1605,華新,48,4,44,富邦-陽明,2024-11-20,9604
1313,聯成,40,0,40,富邦-陽明,2024-11-20,9604
1301,台塑,57,18,39,富邦-陽明,2024-11-20,9604
2328,廣宇,62,23,39,富邦-陽明,2024-11-20,9604
3450,聯鈞,76,38,38,富邦-陽明,2024-11-20,9604
00960,野村全球航運龍頭,39,1,38,富邦-陽明,2024-11-20,9604
3013,晟銘電,53,15,38,富邦-陽明,2024-11-20,9604
2603,長榮,78,42,36,富邦-陽明,2024-11-20,9604
3005,神基,35,0,35,富邦-陽明,2024-11-20,9604
9933,中鼎,37,3,34,富邦-陽明,2024-11-20,9604
00885,富邦越南,34,1,33,富邦-陽明,2024-11-20,9604
3481,群創,44,11,33,富邦-陽明,2024-11-20,9604
2520,冠德,68,35,33,富邦-陽明,2024-11-20,9604
9907,統一實,33,1,32,富邦-陽明,2024-11-20,9604
4956,光鋐,60,28,32,富邦-陽明,2024-11-20,9604
006208,富邦台50,37,6,31,富邦-陽明,2024-11-20,9604
1326,台化,31,1,30,富邦-陽明,2024-11-20,9604
00930,永豐ESG低碳高息,51,21,30,富邦-陽明,2024-11-20,9604
2449,京元電子,78,48,30,富邦-陽明,2024-11-20,9604
2408,南亞科,109,80,29,富邦-陽明,2024-11-20,9604
2409,友達,39,10,29,富邦-陽明,2024-11-20,9604
1718,中纖,30,1,29,富邦-陽明,2024-11-20,9604
00712,復華富時不動產,330,0,330,富邦-陽明,2024-11-21,9604
2887,台新金,323,13,310,富邦-陽明,2024-11-21,9604
00878,國泰永續高股息,323,53,270,富邦-陽明,2024-11-21,9604
6531,愛普*,202,6,196,富邦-陽明,2024-11-21,9604
2615,萬海,429,293,136,富邦-陽明,2024-11-21,9604
00929,復華台灣科技優息,228,115,113,富邦-陽明,2024-11-21,9604
2303,聯電,131,18,113,富邦-陽明,2024-11-21,9604
2881,富邦金,125,16,109,富邦-陽明,2024-11-21,9604
00959B,大華投等美債15Y+,100,1,99,富邦-陽明,2024-11-21,9604
1301,台塑,109,24,85,富邦-陽明,2024-11-21,9604
2444,兆勁,102,20,82,富邦-陽明,2024-11-21,9604
3443,創意,87,6,81,富邦-陽明,2024-11-21,9604
9945,潤泰新,80,3,77,富邦-陽明,2024-11-21,9604
2527,宏璟,131,54,77,富邦-陽明,2024-11-21,9604
2891,中信金,122,46,76,富邦-陽明,2024-11-21,9604
2886,兆豐金,77,5,72,富邦-陽明,2024-11-21,9604
00953B,群益優選非投等債,89,20,69,富邦-陽明,2024-11-21,9604
2882,國泰金,77,12,65,富邦-陽明,2024-11-21,9604
2890,永豐金,81,18,63,富邦-陽明,2024-11-21,9604
2204,中華,139,80,59,富邦-陽明,2024-11-21,9604
2349,錸德,263,206,57,富邦-陽明,2024-11-21,9604
2330,台積電,62,9,53,富邦-陽明,2024-11-21,9604
00919,群益台灣精選高息,73,21,52,富邦-陽明,2024-11-21,9604
0050,元大台灣50,53,1,52,富邦-陽明,2024-11-21,9604
00738U,期元大道瓊白銀,51,0,51,富邦-陽明,2024-11-21,9604
00937B,群益ESG投等債20,68,23,45,富邦-陽明,2024-11-21,9604
8047,星雲,52,8,44,富邦-陽明,2024-11-21,9604
2413,環科,77,37,40,富邦-陽明,2024-11-21,9604
2495,普安,45,6,39,富邦-陽明,2024-11-21,9604
00713,元大台灣高息低波,42,5,37,富邦-陽明,2024-11-21,9604
1616,億泰,40,3,37,富邦-陽明,2024-11-21,9604
5009,榮剛,38,1,37,富邦-陽明,2024-11-21,9604
4550,長佳,34,0,34,富邦-陽明,2024-11-21,9604
0056,元大高股息,97,66,31,富邦-陽明,2024-11-21,9604
2392,正崴,68,37,31,富邦-陽明,2024-11-21,9604
3605,宏致,34,4,30,富邦-陽明,2024-11-21,9604
8927,北基,30,0,30,富邦-陽明,2024-11-21,9604
2354,鴻準,510,481,29,富邦-陽明,2024-11-21,9604
00830,國泰費城半導體,28,0,28,富邦-陽明,2024-11-21,9604
2308,台達電,31,4,27,富邦-陽明,2024-11-21,9604
2353,宏��,58,32,26,富邦-陽明,2024-11-21,9604
1809,中釉,26,0,26,富邦-陽明,2024-11-21,9604
2801,彰銀,35,9,26,富邦-陽明,2024-11-21,9604
00665L,富邦�琤肭磪囓�2,176,151,25,富邦-陽明,2024-11-21,9604
3711,日月光投控,29,4,25,富邦-陽明,2024-11-21,9604
3702,大聯大,27,2,25,富邦-陽明,2024-11-21,9604
00915,凱基優選高股息30,24,0,24,富邦-陽明,2024-11-21,9604
5876,上海商銀,27,3,24,富邦-陽明,2024-11-21,9604
1449,佳和,39,16,23,富邦-陽明,2024-11-21,9604
00909,國泰數位支付服務,34,11,23,富邦-陽明,2024-11-21,9604
00665L,富邦�琤肭磪囓�2,2674,216,2458,富邦-陽明,2024-11-22,9604
9105,泰金寶-DR,716,439,277,富邦-陽明,2024-11-22,9604
00882,中信中國高股息,202,6,196,富邦-陽明,2024-11-22,9604
00953B,群益優選非投等債,163,9,154,富邦-陽明,2024-11-22,9604
00937B,群益ESG投等債20,183,43,140,富邦-陽明,2024-11-22,9604
2349,錸德,198,61,137,富邦-陽明,2024-11-22,9604
00632R,元大台灣50反1,305,181,124,富邦-陽明,2024-11-22,9604
2444,兆勁,234,114,120,富邦-陽明,2024-11-22,9604
2867,三商壽,127,9,118,富邦-陽明,2024-11-22,9604
00959B,大華投等美債15Y+,113,0,113,富邦-陽明,2024-11-22,9604
00650L,復華香港正2,258,155,103,富邦-陽明,2024-11-22,9604
2405,輔信,108,6,102,富邦-陽明,2024-11-22,9604
2356,英業達,171,88,83,富邦-陽明,2024-11-22,9604
00753L,中信中國50正2,98,17,81,富邦-陽明,2024-11-22,9604
2615,萬海,138,67,71,富邦-陽明,2024-11-22,9604
3706,神達,424,354,70,富邦-陽明,2024-11-22,9604
00887,永豐中國科技50大,85,17,68,富邦-陽明,2024-11-22,9604
00646,元大S＆P500,67,0,67,富邦-陽明,2024-11-22,9604
3481,群創,120,55,65,富邦-陽明,2024-11-22,9604
2603,長榮,90,26,64,富邦-陽明,2024-11-22,9604
2609,陽明,360,297,63,富邦-陽明,2024-11-22,9604
00712,復華富時不動產,59,0,59,富邦-陽明,2024-11-22,9604
4903,聯光通,60,2,58,富邦-陽明,2024-11-22,9604
00919,群益台灣精選高息,143,85,58,富邦-陽明,2024-11-22,9604
00655L,國泰中國A50正2,73,19,54,富邦-陽明,2024-11-22,9604
3323,加百裕,157,105,52,富邦-陽明,2024-11-22,9604
6669,緯穎,58,8,50,富邦-陽明,2024-11-22,9604
2881,富邦金,67,18,49,富邦-陽明,2024-11-22,9604
00633L,富邦上証正2,59,12,47,富邦-陽明,2024-11-22,9604
2347,聯強,46,0,46,富邦-陽明,2024-11-22,9604
1616,億泰,52,6,46,富邦-陽明,2024-11-22,9604
2354,鴻準,247,201,46,富邦-陽明,2024-11-22,9604
00909,國泰數位支付服務,57,13,44,富邦-陽明,2024-11-22,9604
2408,南亞科,50,6,44,富邦-陽明,2024-11-22,9604
5876,上海商銀,46,2,44,富邦-陽明,2024-11-22,9604
9904,寶成,50,8,42,富邦-陽明,2024-11-22,9604
2891,中信金,55,14,41,富邦-陽明,2024-11-22,9604
2324,仁寶,68,32,36,富邦-陽明,2024-11-22,9604
00687B,國泰20年美債,35,0,35,富邦-陽明,2024-11-22,9604
00960,野村全球航運龍頭,28,0,28,富邦-陽明,2024-11-22,9604
00915,凱基優選高股息30,38,10,28,富邦-陽明,2024-11-22,9604
4123,晟德,30,3,27,富邦-陽明,2024-11-22,9604
2382,廣達,65,41,24,富邦-陽明,2024-11-22,9604
00930,永豐ESG低碳高息,28,5,23,富邦-陽明,2024-11-22,9604
1301,台塑,25,2,23,富邦-陽明,2024-11-22,9604
8038,長園科,25,2,23,富邦-陽明,2024-11-22,9604
0056,元大高股息,30,8,22,富邦-陽明,2024-11-22,9604
00751B,元大AAA至A公司債,22,0,22,富邦-陽明,2024-11-22,9604
4545,銘鈺,28,6,22,富邦-陽明,2024-11-22,9604
00895,富邦未來車,21,0,21,富邦-陽明,2024-11-22,9604
2891,中信金,432,48,384,富邦-陽明,2024-11-25,9604
1815,富喬,788,559,229,富邦-陽明,2024-11-25,9604
00712,復華富時不動產,219,40,179,富邦-陽明,2024-11-25,9604
00637L,元大滬深300正2,213,36,177,富邦-陽明,2024-11-25,9604
2371,大同,213,36,177,富邦-陽明,2024-11-25,9604
2344,華邦電,184,24,160,富邦-陽明,2024-11-25,9604
2609,陽明,357,213,144,富邦-陽明,2024-11-25,9604
00650L,復華香港正2,151,21,130,富邦-陽明,2024-11-25,9604
2603,長榮,150,27,123,富邦-陽明,2024-11-25,9604
1301,台塑,122,6,116,富邦-陽明,2024-11-25,9604
2615,萬海,152,40,112,富邦-陽明,2024-11-25,9604
2312,金寶,710,599,111,富邦-陽明,2024-11-25,9604
00919,群益台灣精選高息,140,31,109,富邦-陽明,2024-11-25,9604
2618,長榮航,156,49,107,富邦-陽明,2024-11-25,9604
00753L,中信中國50正2,141,36,105,富邦-陽明,2024-11-25,9604
5512,力麒,115,10,105,富邦-陽明,2024-11-25,9604
2520,冠德,136,31,105,富邦-陽明,2024-11-25,9604
00665L,富邦�琤肭磪囓�2,108,16,92,富邦-陽明,2024-11-25,9604
2449,京元電子,116,34,82,富邦-陽明,2024-11-25,9604
00953B,群益優選非投等債,74,0,74,富邦-陽明,2024-11-25,9604
00930,永豐ESG低碳高息,56,0,56,富邦-陽明,2024-11-25,9604
4157,太景*-KY,55,0,55,富邦-陽明,2024-11-25,9604
3515,華擎,84,33,51,富邦-陽明,2024-11-25,9604
00895,富邦未來車,60,14,46,富邦-陽明,2024-11-25,9604
3622,洋華,45,4,41,富邦-陽明,2024-11-25,9604
00945B,凱基美國非投等債,41,0,41,富邦-陽明,2024-11-25,9604
3032,偉訓,104,67,37,富邦-陽明,2024-11-25,9604
1218,泰山,38,1,37,富邦-陽明,2024-11-25,9604
2324,仁寶,150,113,37,富邦-陽明,2024-11-25,9604
5521,工信,35,1,34,富邦-陽明,2024-11-25,9604
00887,永豐中國科技50大,94,61,33,富邦-陽明,2024-11-25,9604
5876,上海商銀,36,3,33,富邦-陽明,2024-11-25,9604
1303,南亞,43,11,32,富邦-陽明,2024-11-25,9604
00909,國泰數位支付服務,41,10,31,富邦-陽明,2024-11-25,9604
2382,廣達,67,36,31,富邦-陽明,2024-11-25,9604
3024,憶聲,36,6,30,富邦-陽明,2024-11-25,9604
1316,上曜,35,6,29,富邦-陽明,2024-11-25,9604
8104,錸寶,43,15,28,富邦-陽明,2024-11-25,9604
2105,正新,36,8,28,富邦-陽明,2024-11-25,9604
8086,宏捷科,43,17,26,富邦-陽明,2024-11-25,9604
1616,億泰,32,6,26,富邦-陽明,2024-11-25,9604
2498,宏達電,175,149,26,富邦-陽明,2024-11-25,9604
2002,中鋼,33,7,26,富邦-陽明,2024-11-25,9604
6806,森崴能源,29,4,25,富邦-陽明,2024-11-25,9604
9105,泰金寶-DR,1066,1041,25,富邦-陽明,2024-11-25,9604
1417,嘉裕,25,0,25,富邦-陽明,2024-11-25,9604
6282,康舒,39,14,25,富邦-陽明,2024-11-25,9604
3711,日月光投控,26,2,24,富邦-陽明,2024-11-25,9604
00725B,國泰投資級公司債,25,1,24,富邦-陽明,2024-11-25,9604
2349,錸德,31,7,24,富邦-陽明,2024-11-25,9604
9105,泰金寶-DR,952,486,466,富邦-陽明,2024-11-26,9604
2317,鴻海,459,79,380,富邦-陽明,2024-11-26,9604
00715L,期街口布蘭特正2,248,53,195,富邦-陽明,2024-11-26,9604
3231,緯創,218,63,155,富邦-陽明,2024-11-26,9604
00878,國泰永續高股息,198,49,149,富邦-陽明,2024-11-26,9604
2419,仲琦,178,40,138,富邦-陽明,2024-11-26,9604
00712,復華富時不動產,139,5,134,富邦-陽明,2024-11-26,9604
6505,台塑化,119,3,116,富邦-陽明,2024-11-26,9604
2027,大成鋼,153,42,111,富邦-陽明,2024-11-26,9604
006208,富邦台50,114,4,110,富邦-陽明,2024-11-26,9604
3494,誠研,103,0,103,富邦-陽明,2024-11-26,9604
00902,中信電池及儲能,100,0,100,富邦-陽明,2024-11-26,9604
2630,亞航,112,13,99,富邦-陽明,2024-11-26,9604
1101,台泥,142,52,90,富邦-陽明,2024-11-26,9604
2887,台新金,90,11,79,富邦-陽明,2024-11-26,9604
2330,台積電,86,9,77,富邦-陽明,2024-11-26,9604
2367,燿華,100,26,74,富邦-陽明,2024-11-26,9604
1616,億泰,83,11,72,富邦-陽明,2024-11-26,9604
2486,一詮,74,7,67,富邦-陽明,2024-11-26,9604
2344,華邦電,105,39,66,富邦-陽明,2024-11-26,9604
3019,亞光,62,7,55,富邦-陽明,2024-11-26,9604
00919,群益台灣精選高息,112,57,55,富邦-陽明,2024-11-26,9604
2303,聯電,87,32,55,富邦-陽明,2024-11-26,9604
1326,台化,62,10,52,富邦-陽明,2024-11-26,9604
00882,中信中國高股息,54,2,52,富邦-陽明,2024-11-26,9604
1417,嘉裕,47,0,47,富邦-陽明,2024-11-26,9604
4956,光鋐,67,21,46,富邦-陽明,2024-11-26,9604
6962,ITH-KY,116,73,43,富邦-陽明,2024-11-26,9604
1301,台塑,55,14,41,富邦-陽明,2024-11-26,9604
2371,大同,128,88,40,富邦-陽明,2024-11-26,9604
1815,富喬,338,301,37,富邦-陽明,2024-11-26,9604
0056,元大高股息,41,6,35,富邦-陽明,2024-11-26,9604
4157,太景*-KY,35,0,35,富邦-陽明,2024-11-26,9604
2382,廣達,97,63,34,富邦-陽明,2024-11-26,9604
00713,元大台灣高息低波,33,2,31,富邦-陽明,2024-11-26,9604
2547,日勝生,42,12,30,富邦-陽明,2024-11-26,9604
00945B,凱基美國非投等債,30,0,30,富邦-陽明,2024-11-26,9604
00881,國泰台灣5G+,30,0,30,富邦-陽明,2024-11-26,9604
1595,川寶,29,0,29,富邦-陽明,2024-11-26,9604
00665L,富邦�琤肭磪囓�2,56,28,28,富邦-陽明,2024-11-26,9604
0050,元大台灣50,40,12,28,富邦-陽明,2024-11-26,9604
3303,岱稜,40,14,26,富邦-陽明,2024-11-26,9604
00922,國泰台灣領袖50,27,2,25,富邦-陽明,2024-11-26,9604
6118,建達,42,17,25,富邦-陽明,2024-11-26,9604
00940,元大台灣價值高息,43,18,25,富邦-陽明,2024-11-26,9604
2474,可成,78,55,23,富邦-陽明,2024-11-26,9604
2354,鴻準,78,55,23,富邦-陽明,2024-11-26,9604
3029,零壹,49,26,23,富邦-陽明,2024-11-26,9604
2426,鼎元,63,40,23,富邦-陽明,2024-11-26,9604
2609,陽明,133,111,22,富邦-陽明,2024-11-26,9604
00919,群益台灣精選高息,618,28,590,富邦-陽明,2024-11-27,9604
00878,國泰永續高股息,684,278,406,富邦-陽明,2024-11-27,9604
00940,元大台灣價值高息,424,23,401,富邦-陽明,2024-11-27,9604
0056,元大高股息,464,94,370,富邦-陽明,2024-11-27,9604
3231,緯創,332,51,281,富邦-陽明,2024-11-27,9604
2317,鴻海,363,167,196,富邦-陽明,2024-11-27,9604
2303,聯電,211,64,147,富邦-陽明,2024-11-27,9604
1605,華新,128,2,126,富邦-陽明,2024-11-27,9604
2027,大成鋼,156,39,117,富邦-陽明,2024-11-27,9604
2382,廣達,140,24,116,富邦-陽明,2024-11-27,9604
2609,陽明,377,262,115,富邦-陽明,2024-11-27,9604
00918,大華優利高填息30,122,7,115,富邦-陽明,2024-11-27,9604
2444,兆勁,115,0,115,富邦-陽明,2024-11-27,9604
2881,富邦金,110,4,106,富邦-陽明,2024-11-27,9604
2330,台積電,135,32,103,富邦-陽明,2024-11-27,9604
2603,長榮,212,113,99,富邦-陽明,2024-11-27,9604
00936,台新永續高息中小,100,10,90,富邦-陽明,2024-11-27,9604
00946,群益科技高息成長,90,1,89,富邦-陽明,2024-11-27,9604
2392,正崴,157,71,86,富邦-陽明,2024-11-27,9604
2891,中信金,94,14,80,富邦-陽明,2024-11-27,9604
00929,復華台灣科技優息,245,166,79,富邦-陽明,2024-11-27,9604
2606,裕民,78,9,69,富邦-陽明,2024-11-27,9604
00715L,期街口布蘭特正2,67,0,67,富邦-陽明,2024-11-27,9604
00922,國泰台灣領袖50,67,3,64,富邦-陽明,2024-11-27,9604
3019,亞光,81,19,62,富邦-陽明,2024-11-27,9604
6770,力積電,75,15,60,富邦-陽明,2024-11-27,9604
006208,富邦台50,73,18,55,富邦-陽明,2024-11-27,9604
1477,聚陽,55,1,54,富邦-陽明,2024-11-27,9604
2002,中鋼,54,0,54,富邦-陽明,2024-11-27,9604
4903,聯光通,55,2,53,富邦-陽明,2024-11-27,9604
4927,泰鼎-KY,82,30,52,富邦-陽明,2024-11-27,9604
00953B,群益優選非投等債,53,2,51,富邦-陽明,2024-11-27,9604
3013,晟銘電,73,24,49,富邦-陽明,2024-11-27,9604
00891,中信關鍵半導體,50,1,49,富邦-陽明,2024-11-27,9604
6147,頎邦,63,20,43,富邦-陽明,2024-11-27,9604
3090,日電貿,66,24,42,富邦-陽明,2024-11-27,9604
6213,聯茂,58,16,42,富邦-陽明,2024-11-27,9604
2376,技嘉,51,9,42,富邦-陽明,2024-11-27,9604
0050,元大台灣50,67,26,41,富邦-陽明,2024-11-27,9604
9105,泰金寶-DR,218,177,41,富邦-陽明,2024-11-27,9604
2882,國泰金,49,8,41,富邦-陽明,2024-11-27,9604
5351,鈺創,40,0,40,富邦-陽明,2024-11-27,9604
00930,永豐ESG低碳高息,49,11,38,富邦-陽明,2024-11-27,9604
1314,中石化,48,11,37,富邦-陽明,2024-11-27,9604
2344,華邦電,152,115,37,富邦-陽明,2024-11-27,9604
00935,野村臺灣新科技50,40,3,37,富邦-陽明,2024-11-27,9604
3037,欣興,71,35,36,富邦-陽明,2024-11-27,9604
00915,凱基優選高股息30,36,0,36,富邦-陽明,2024-11-27,9604
00830,國泰費城半導體,35,0,35,富邦-陽明,2024-11-27,9604
1802,台玻,93,59,34,富邦-陽明,2024-11-27,9604
00878,國泰永續高股息,606,52,554,富邦-陽明,2024-11-28,9604
1815,富喬,708,263,445,富邦-陽明,2024-11-28,9604
2312,金寶,496,135,361,富邦-陽明,2024-11-28,9604
00919,群益台灣精選高息,406,76,330,富邦-陽明,2024-11-28,9604
0056,元大高股息,214,31,183,富邦-陽明,2024-11-28,9604
00915,凱基優選高股息30,180,1,179,富邦-陽明,2024-11-28,9604
00959B,大華投等美債15Y+,152,6,146,富邦-陽明,2024-11-28,9604
00918,大華優利高填息30,138,8,130,富邦-陽明,2024-11-28,9604
8171,天宇,133,12,121,富邦-陽明,2024-11-28,9604
00946,群益科技高息成長,112,6,106,富邦-陽明,2024-11-28,9604
2332,友訊,245,148,97,富邦-陽明,2024-11-28,9604
4510,高鋒,352,256,96,富邦-陽明,2024-11-28,9604
00891,中信關鍵半導體,92,3,89,富邦-陽明,2024-11-28,9604
1605,華新,96,12,84,富邦-陽明,2024-11-28,9604
0050,元大台灣50,89,8,81,富邦-陽明,2024-11-28,9604
3481,群創,92,11,81,富邦-陽明,2024-11-28,9604
6770,力積電,91,17,74,富邦-陽明,2024-11-28,9604
1477,聚陽,74,0,74,富邦-陽明,2024-11-28,9604
1536,和大,123,50,73,富邦-陽明,2024-11-28,9604
2461,光群雷,70,2,68,富邦-陽明,2024-11-28,9604
00922,國泰台灣領袖50,63,4,59,富邦-陽明,2024-11-28,9604
006208,富邦台50,64,6,58,富邦-陽明,2024-11-28,9604
1301,台塑,60,3,57,富邦-陽明,2024-11-28,9604
00688L,國泰20年美債正2,57,0,57,富邦-陽明,2024-11-28,9604
2615,萬海,73,23,50,富邦-陽明,2024-11-28,9604
00712,復華富時不動產,95,47,48,富邦-陽明,2024-11-28,9604
3037,欣興,67,22,45,富邦-陽明,2024-11-28,9604
4971,IET-KY,73,27,46,富邦-陽明,2024-11-28,9604
00929,復華台灣科技優息,167,123,44,富邦-陽明,2024-11-28,9604
00909,國泰數位支付服務,66,23,43,富邦-陽明,2024-11-28,9604
6743,安普新,45,2,43,富邦-陽明,2024-11-28,9604
2352,佳世達,45,2,43,富邦-陽明,2024-11-28,9604
4956,光鋐,50,7,43,富邦-陽明,2024-11-28,9604
1802,台玻,131,89,42,富邦-陽明,2024-11-28,9604
2371,大同,91,50,41,富邦-陽明,2024-11-28,9604
6405,悅城,44,3,41,富邦-陽明,2024-11-28,9604
1314,中石化,44,4,40,富邦-陽明,2024-11-28,9604
2501,國建,41,1,40,富邦-陽明,2024-11-28,9604
00900,富邦特選高股息30,39,0,39,富邦-陽明,2024-11-28,9604
2409,友達,36,0,36,富邦-陽明,2024-11-28,9604
2882,國泰金,38,3,35,富邦-陽明,2024-11-28,9604
00637L,元大滬深300正2,206,171,35,富邦-陽明,2024-11-28,9604
2449,京元電子,46,14,32,富邦-陽明,2024-11-28,9604
00936,台新永續高息中小,52,21,31,富邦-陽明,2024-11-28,9604
00633L,富邦上証正2,46,15,31,富邦-陽明,2024-11-28,9604
4927,泰鼎-KY,74,43,31,富邦-陽明,2024-11-28,9604
3419,譁裕,42,12,30,富邦-陽明,2024-11-28,9604
6443,元晶,35,5,30,富邦-陽明,2024-11-28,9604
6016,康和證,30,1,29,富邦-陽明,2024-11-28,9604
2392,正崴,83,55,28,富邦-陽明,2024-11-28,9604
00878,國泰永續高股息,377,38,339,富邦-陽明,2024-11-29,9604
2002,中鋼,179,2,177,富邦-陽明,2024-11-29,9604
0061,元大寶滬深,150,0,150,富邦-陽明,2024-11-29,9604
9105,泰金寶-DR,278,134,144,富邦-陽明,2024-11-29,9604
2330,台積電,147,29,118,富邦-陽明,2024-11-29,9604
00959B,大華投等美債15Y+,130,15,115,富邦-陽明,2024-11-29,9604
2887,台新金,123,14,109,富邦-陽明,2024-11-29,9604
1524,耿鼎,116,10,106,富邦-陽明,2024-11-29,9604
0056,元大高股息,130,38,92,富邦-陽明,2024-11-29,9604
2888,新光金,103,16,87,富邦-陽明,2024-11-29,9604
00919,群益台灣精選高息,118,31,87,富邦-陽明,2024-11-29,9604
2354,鴻準,241,159,82,富邦-陽明,2024-11-29,9604
1301,台塑,91,12,79,富邦-陽明,2024-11-29,9604
2303,聯電,103,25,78,富邦-陽明,2024-11-29,9604
5880,合庫金,83,6,77,富邦-陽明,2024-11-29,9604
4157,太景*-KY,70,0,70,富邦-陽明,2024-11-29,9604
2881,富邦金,75,7,68,富邦-陽明,2024-11-29,9604
6770,力積電,94,26,68,富邦-陽明,2024-11-29,9604
00632R,元大台灣50反1,126,61,65,富邦-陽明,2024-11-29,9604
00675L,富邦臺灣加權正2,68,4,64,富邦-陽明,2024-11-29,9604
2349,錸德,62,3,59,富邦-陽明,2024-11-29,9604
6505,台塑化,58,2,56,富邦-陽明,2024-11-29,9604
2344,華邦電,92,38,54,富邦-陽明,2024-11-29,9604
006208,富邦台50,55,2,53,富邦-陽明,2024-11-29,9604
00915,凱基優選高股息30,46,0,46,富邦-陽明,2024-11-29,9604
2317,鴻海,94,48,46,富邦-陽明,2024-11-29,9604
2603,長榮,68,23,45,富邦-陽明,2024-11-29,9604
00725B,國泰投資級公司債,70,27,43,富邦-陽明,2024-11-29,9604
2891,中信金,126,83,43,富邦-陽明,2024-11-29,9604
2332,友訊,79,36,43,富邦-陽明,2024-11-29,9604
2609,陽明,224,181,43,富邦-陽明,2024-11-29,9604
00713,元大台灣高息低波,40,0,40,富邦-陽明,2024-11-29,9604
1710,東聯,40,1,39,富邦-陽明,2024-11-29,9604
3013,晟銘電,78,40,38,富邦-陽明,2024-11-29,9604
00946,群益科技高息成長,39,3,36,富邦-陽明,2024-11-29,9604
1815,富喬,208,172,36,富邦-陽明,2024-11-29,9604
6962,ITH-KY,56,21,35,富邦-陽明,2024-11-29,9604
2834,臺企銀,44,11,33,富邦-陽明,2024-11-29,9604
00741B,富邦全球非投等債,30,0,30,富邦-陽明,2024-11-29,9604
9958,世紀鋼,40,11,29,富邦-陽明,2024-11-29,9604
00922,國泰台灣領袖50,29,2,27,富邦-陽明,2024-11-29,9604
00918,大華優利高填息30,34,7,27,富邦-陽明,2024-11-29,9604
6546,正基,28,2,26,富邦-陽明,2024-11-29,9604
2392,正崴,73,48,25,富邦-陽明,2024-11-29,9604
2495,普安,24,0,24,富邦-陽明,2024-11-29,9604
4931,新盛力,36,13,23,富邦-陽明,2024-11-29,9604
00953B,群益優選非投等債,24,1,23,富邦-陽明,2024-11-29,9604
2388,威盛,30,7,23,富邦-陽明,2024-11-29,9604
2371,大同,30,8,22,富邦-陽明,2024-11-29,9604
00960,野村全球航運龍頭,22,0,22,富邦-陽明,2024-11-29,9604
00918,大華優利高填息30,269,14,255,富邦-陽明,2024-12-02,9604
00632R,元大台灣50反1,470,234,236,富邦-陽明,2024-12-02,9604
00953B,群益優選非投等債,210,1,209,富邦-陽明,2024-12-02,9604
00665L,富邦�琤肭磪囓�2,481,336,145,富邦-陽明,2024-12-02,9604
00650L,復華香港正2,120,1,119,富邦-陽明,2024-12-02,9604
1815,富喬,261,142,119,富邦-陽明,2024-12-02,9604
3605,宏致,86,0,86,富邦-陽明,2024-12-02,9604
2302,麗正,93,13,80,富邦-陽明,2024-12-02,9604
4931,新盛力,103,24,79,富邦-陽明,2024-12-02,9604
2312,金寶,212,138,74,富邦-陽明,2024-12-02,9604
1522,堤維西,81,7,74,富邦-陽明,2024-12-02,9604
00713,元大台灣高息低波,76,2,74,富邦-陽明,2024-12-02,9604
2867,三商壽,73,1,72,富邦-陽明,2024-12-02,9604
1524,耿鼎,74,3,71,富邦-陽明,2024-12-02,9604
00959B,大華投等美債15Y+,99,29,70,富邦-陽明,2024-12-02,9604
00635U,期元大S＆P黃金,76,8,68,富邦-陽明,2024-12-02,9604
2392,正崴,142,79,63,富邦-陽明,2024-12-02,9604
5309,系統電,172,112,60,富邦-陽明,2024-12-02,9604
2344,華邦電,95,37,58,富邦-陽明,2024-12-02,9604
00915,凱基優選高股息30,55,2,53,富邦-陽明,2024-12-02,9604
6237,驊訊,50,0,50,富邦-陽明,2024-12-02,9604
2317,鴻海,119,70,49,富邦-陽明,2024-12-02,9604
00933B,國泰10Y+金融債,58,9,49,富邦-陽明,2024-12-02,9604
8929,富堡,73,25,48,富邦-陽明,2024-12-02,9604
00706L,期元大S＆P日圓正2,51,3,48,富邦-陽明,2024-12-02,9604
00664R,國泰臺灣加權反1,50,4,46,富邦-陽明,2024-12-02,9604
4123,晟德,80,35,45,富邦-陽明,2024-12-02,9604
4726,永昕,42,0,42,富邦-陽明,2024-12-02,9604
1536,和大,99,57,42,富邦-陽明,2024-12-02,9604
00950B,凱基A級公司債,41,0,41,富邦-陽明,2024-12-02,9604
1314,中石化,41,0,41,富邦-陽明,2024-12-02,9604
1301,台塑,62,21,41,富邦-陽明,2024-12-02,9604
2444,兆勁,41,2,39,富邦-陽明,2024-12-02,9604
00882,中信中國高股息,44,6,38,富邦-陽明,2024-12-02,9604
2897,王道銀行,38,0,38,富邦-陽明,2024-12-02,9604
2059,川湖,41,3,38,富邦-陽明,2024-12-02,9604
2609,陽明,124,87,37,富邦-陽明,2024-12-02,9604
00878,國泰永續高股息,116,79,37,富邦-陽明,2024-12-02,9604
4157,太景*-KY,37,0,37,富邦-陽明,2024-12-02,9604
2382,廣達,50,13,37,富邦-陽明,2024-12-02,9604
00719B,元大美債1-3,35,0,35,富邦-陽明,2024-12-02,9604
2633,台灣高鐵,37,4,33,富邦-陽明,2024-12-02,9604
4510,高鋒,94,62,32,富邦-陽明,2024-12-02,9604
4906,正文,36,4,32,富邦-陽明,2024-12-02,9604
3024,憶聲,53,21,32,富邦-陽明,2024-12-02,9604
2324,仁寶,73,42,31,富邦-陽明,2024-12-02,9604
1809,中釉,31,1,30,富邦-陽明,2024-12-02,9604
00676R,富邦臺灣加權反1,30,0,30,富邦-陽明,2024-12-02,9604
8044,網家,39,10,29,富邦-陽明,2024-12-02,9604
2375,凱美,41,13,28,富邦-陽明,2024-12-02,9604
00919,群益台灣精選高息,919,175,744,富邦-陽明,2024-12-03,9604
8429,金麗-KY,452,6,446,富邦-陽明,2024-12-03,9604
00918,大華優利高填息30,410,20,390,富邦-陽明,2024-12-03,9604
1815,富喬,330,64,266,富邦-陽明,2024-12-03,9604
00959B,大華投等美債15Y+,254,4,250,富邦-陽明,2024-12-03,9604
2444,兆勁,244,11,233,富邦-陽明,2024-12-03,9604
3450,聯鈞,229,45,184,富邦-陽明,2024-12-03,9604
00953B,群益優選非投等債,175,0,175,富邦-陽明,2024-12-03,9604
00641R,富邦日本反1,152,0,152,富邦-陽明,2024-12-03,9604
4904,遠傳,118,0,118,富邦-陽明,2024-12-03,9604
00632R,元大台灣50反1,198,85,113,富邦-陽明,2024-12-03,9604
00713,元大台灣高息低波,110,4,106,富邦-陽明,2024-12-03,9604
00900,富邦特選高股息30,106,1,105,富邦-陽明,2024-12-03,9604
4303,信立,196,93,103,富邦-陽明,2024-12-03,9604
00671R,富邦NASDAQ反1,100,0,100,富邦-陽明,2024-12-03,9604
00915,凱基優選高股息30,117,18,99,富邦-陽明,2024-12-03,9604
0056,元大高股息,134,40,94,富邦-陽明,2024-12-03,9604
2419,仲琦,209,118,91,富邦-陽明,2024-12-03,9604
2312,金寶,242,162,80,富邦-陽明,2024-12-03,9604
00715L,期街口布蘭特正2,70,0,70,富邦-陽明,2024-12-03,9604
8043,蜜望實,65,3,62,富邦-陽明,2024-12-03,9604
2338,光罩,63,1,62,富邦-陽明,2024-12-03,9604
2344,華邦電,106,52,54,富邦-陽明,2024-12-03,9604
4991,環宇-KY,84,34,50,富邦-陽明,2024-12-03,9604
3043,科風,66,16,50,富邦-陽明,2024-12-03,9604
2801,彰銀,82,35,47,富邦-陽明,2024-12-03,9604
00646,元大S＆P500,51,5,46,富邦-陽明,2024-12-03,9604
2317,鴻海,109,68,41,富邦-陽明,2024-12-03,9604
1522,堤維西,74,34,40,富邦-陽明,2024-12-03,9604
9105,泰金寶-DR,225,187,38,富邦-陽明,2024-12-03,9604
5244,弘凱,82,45,37,富邦-陽明,2024-12-03,9604
4977,眾達-KY,101,64,37,富邦-陽明,2024-12-03,9604
2204,中華,39,3,36,富邦-陽明,2024-12-03,9604
2405,輔信,70,35,35,富邦-陽明,2024-12-03,9604
4714,永捷,47,13,34,富邦-陽明,2024-12-03,9604
5315,光聯,64,32,32,富邦-陽明,2024-12-03,9604
3024,憶聲,37,5,32,富邦-陽明,2024-12-03,9604
00676R,富邦臺灣加權反1,30,0,30,富邦-陽明,2024-12-03,9604
5309,系統電,56,27,29,富邦-陽明,2024-12-03,9604
00938,凱基優選30,30,1,29,富邦-陽明,2024-12-03,9604
00887,永豐中國科技50大,38,10,28,富邦-陽明,2024-12-03,9604
2855,統一證,30,2,28,富邦-陽明,2024-12-03,9604
5371,中光電,56,29,27,富邦-陽明,2024-12-03,9604
00951,台新日本半導體,31,4,27,富邦-陽明,2024-12-03,9604
2886,兆豐金,43,18,25,富邦-陽明,2024-12-03,9604
2314,台揚,26,1,25,富邦-陽明,2024-12-03,9604
2385,群光,24,0,24,富邦-陽明,2024-12-03,9604
00932,兆豐永續高息等權,25,1,24,富邦-陽明,2024-12-03,9604
6873,泓德能源,30,6,24,富邦-陽明,2024-12-03,9604
8070,長華*,24,0,24,富邦-陽明,2024-12-03,9604
4977,眾達-KY,621,46,575,富邦-陽明,2024-12-04,9604
00918,大華優利高填息30,368,11,357,富邦-陽明,2024-12-04,9604
00919,群益台灣精選高息,389,126,263,富邦-陽明,2024-12-04,9604
00878,國泰永續高股息,301,59,242,富邦-陽明,2024-12-04,9604
00712,復華富時不動產,231,1,230,富邦-陽明,2024-12-04,9604
00959B,大華投等美債15Y+,198,1,197,富邦-陽明,2024-12-04,9604
00679B,元大美債20年,221,30,191,富邦-陽明,2024-12-04,9604
2520,冠德,166,3,163,富邦-陽明,2024-12-04,9604
1477,聚陽,157,2,155,富邦-陽明,2024-12-04,9604
00669R,國泰美國道瓊反1,150,0,150,富邦-陽明,2024-12-04,9604
1102,亞泥,135,0,135,富邦-陽明,2024-12-04,9604
2419,仲琦,138,17,121,富邦-陽明,2024-12-04,9604
00706L,期元大S＆P日圓正2,108,3,105,富邦-陽明,2024-12-04,9604
00950B,凱基A級公司債,165,68,97,富邦-陽明,2024-12-04,9604
00915,凱基優選高股息30,98,1,97,富邦-陽明,2024-12-04,9604
00933B,國泰10Y+金融債,125,29,96,富邦-陽明,2024-12-04,9604
00931B,統一美債20年,100,4,96,富邦-陽明,2024-12-04,9604
2405,輔信,119,28,91,富邦-陽明,2024-12-04,9604
00945B,凱基美國非投等債,92,2,90,富邦-陽明,2024-12-04,9604
00937B,群益ESG投等債20,205,115,90,富邦-陽明,2024-12-04,9604
3211,順達,172,90,82,富邦-陽明,2024-12-04,9604
0056,元大高股息,137,58,79,富邦-陽明,2024-12-04,9604
00688L,國泰20年美債正2,83,11,72,富邦-陽明,2024-12-04,9604
3450,聯鈞,153,86,67,富邦-陽明,2024-12-04,9604
3481,群創,102,36,66,富邦-陽明,2024-12-04,9604
3032,偉訓,136,71,65,富邦-陽明,2024-12-04,9604
1446,宏和,75,14,61,富邦-陽明,2024-12-04,9604
2891,中信金,79,18,61,富邦-陽明,2024-12-04,9604
1595,川寶,77,18,59,富邦-陽明,2024-12-04,9604
2303,聯電,70,14,56,富邦-陽明,2024-12-04,9604
00942B,台新美A公司債20+,52,0,52,富邦-陽明,2024-12-04,9604
00957B,兆豐US優選投等債,50,0,50,富邦-陽明,2024-12-04,9604
3015,全漢,116,67,49,富邦-陽明,2024-12-04,9604
6962,ITH-KY,75,31,44,富邦-陽明,2024-12-04,9604
00953B,群益優選非投等債,44,0,44,富邦-陽明,2024-12-04,9604
2349,錸德,67,23,44,富邦-陽明,2024-12-04,9604
2486,一詮,54,15,39,富邦-陽明,2024-12-04,9604
2606,裕民,39,1,38,富邦-陽明,2024-12-04,9604
5864,致和證,40,3,37,富邦-陽明,2024-12-04,9604
00713,元大台灣高息低波,47,11,36,富邦-陽明,2024-12-04,9604
5371,中光電,51,14,37,富邦-陽明,2024-12-04,9604
2903,遠百,39,3,36,富邦-陽明,2024-12-04,9604
6173,信昌電,78,42,36,富邦-陽明,2024-12-04,9604
1301,台塑,37,2,35,富邦-陽明,2024-12-04,9604
2382,廣達,45,12,33,富邦-陽明,2024-12-04,9604
00725B,國泰投資級公司債,38,5,33,富邦-陽明,2024-12-04,9604
020034,元大IC設計N,33,0,33,富邦-陽明,2024-12-04,9604
2646,星宇航空,52,19,33,富邦-陽明,2024-12-04,9604
1303,南亞,32,0,32,富邦-陽明,2024-12-04,9604
6530,創威,90,60,30,富邦-陽明,2024-12-04,9604
00665L,富邦�琤肭磪囓�2,628,0,628,富邦-陽明,2024-12-05,9604
00664R,國泰臺灣加權反1,468,0,468,富邦-陽明,2024-12-05,9604
1815,富喬,884,602,282,富邦-陽明,2024-12-05,9604
00715L,期街口布蘭特正2,230,0,230,富邦-陽明,2024-12-05,9604
4977,眾達-KY,289,64,225,富邦-陽明,2024-12-05,9604
2317,鴻海,209,57,152,富邦-陽明,2024-12-05,9604
8043,蜜望實,187,50,137,富邦-陽明,2024-12-05,9604
00637L,元大滬深300正2,112,5,107,富邦-陽明,2024-12-05,9604
2002,中鋼,106,1,105,富邦-陽明,2024-12-05,9604
3702,大聯大,110,5,105,富邦-陽明,2024-12-05,9604
00893,國泰智能電動車,107,8,99,富邦-陽明,2024-12-05,9604
00918,大華優利高填息30,120,21,99,富邦-陽明,2024-12-05,9604
00713,元大台灣高息低波,95,7,88,富邦-陽明,2024-12-05,9604
1802,台玻,157,70,87,富邦-陽明,2024-12-05,9604
00953B,群益優選非投等債,105,18,87,富邦-陽明,2024-12-05,9604
00650L,復華香港正2,90,5,85,富邦-陽明,2024-12-05,9604
2375,凱美,163,79,84,富邦-陽明,2024-12-05,9604
00878,國泰永續高股息,146,63,83,富邦-陽明,2024-12-05,9604
00706L,期元大S＆P日圓正2,80,0,80,富邦-陽明,2024-12-05,9604
00712,復華富時不動產,79,2,77,富邦-陽明,2024-12-05,9604
1608,華榮,69,0,69,富邦-陽明,2024-12-05,9604
3090,日電貿,208,141,67,富邦-陽明,2024-12-05,9604
2363,矽統,77,11,66,富邦-陽明,2024-12-05,9604
6558,興能高,168,105,63,富邦-陽明,2024-12-05,9604
2349,錸德,69,8,61,富邦-陽明,2024-12-05,9604
2392,正崴,108,55,53,富邦-陽明,2024-12-05,9604
2615,萬海,70,16,54,富邦-陽明,2024-12-05,9604
8044,網家,87,34,53,富邦-陽明,2024-12-05,9604
3211,順達,156,105,51,富邦-陽明,2024-12-05,9604
6173,信昌電,56,8,48,富邦-陽明,2024-12-05,9604
5202,力新,65,19,46,富邦-陽明,2024-12-05,9604
6127,九豪,176,132,44,富邦-陽明,2024-12-05,9604
3450,聯鈞,115,71,44,富邦-陽明,2024-12-05,9604
2457,飛宏,60,16,44,富邦-陽明,2024-12-05,9604
5309,系統電,101,58,43,富邦-陽明,2024-12-05,9604
2312,金寶,118,76,42,富邦-陽明,2024-12-05,9604
2327,國巨,43,1,42,富邦-陽明,2024-12-05,9604
00753L,中信中國50正2,50,10,40,富邦-陽明,2024-12-05,9604
00751B,元大AAA至A公司債,50,11,39,富邦-陽明,2024-12-05,9604
3015,全漢,75,36,39,富邦-陽明,2024-12-05,9604
2303,聯電,105,67,38,富邦-陽明,2024-12-05,9604
8176,智捷,36,0,36,富邦-陽明,2024-12-05,9604
8271,宇瞻,36,0,36,富邦-陽明,2024-12-05,9604
2371,大同,78,45,33,富邦-陽明,2024-12-05,9604
1326,台化,37,6,31,富邦-陽明,2024-12-05,9604
1303,南亞,33,2,31,富邦-陽明,2024-12-05,9604
1301,台塑,46,15,31,富邦-陽明,2024-12-05,9604
7722,LINEPAY,45,16,29,富邦-陽明,2024-12-05,9604
6962,ITH-KY,59,30,29,富邦-陽明,2024-12-05,9604
3323,加百裕,171,142,29,富邦-陽明,2024-12-05,9604
00962,台新AI優息動能,1072,566,506,富邦-陽明,2024-12-06,9604
00715L,期街口布蘭特正2,261,0,261,富邦-陽明,2024-12-06,9604
1605,華新,214,59,155,富邦-陽明,2024-12-06,9604
0056,元大高股息,171,26,145,富邦-陽明,2024-12-06,9604
1815,富喬,357,213,144,富邦-陽明,2024-12-06,9604
4931,新盛力,193,70,123,富邦-陽明,2024-12-06,9604
00918,大華優利高填息30,120,6,114,富邦-陽明,2024-12-06,9604
2371,大同,113,16,97,富邦-陽明,2024-12-06,9604
2547,日勝生,96,3,93,富邦-陽明,2024-12-06,9604
00909,國泰數位支付服務,105,12,93,富邦-陽明,2024-12-06,9604
00937B,群益ESG投等債20,312,220,92,富邦-陽明,2024-12-06,9604
2354,鴻準,555,466,89,富邦-陽明,2024-12-06,9604
00953B,群益優選非投等債,80,0,80,富邦-陽明,2024-12-06,9604
00945B,凱基美國非投等債,79,0,79,富邦-陽明,2024-12-06,9604
6443,元晶,90,18,72,富邦-陽明,2024-12-06,9604
3706,神達,545,477,68,富邦-陽明,2024-12-06,9604
2610,華航,105,39,66,富邦-陽明,2024-12-06,9604
00725B,國泰投資級公司債,67,1,66,富邦-陽明,2024-12-06,9604
1802,台玻,60,2,58,富邦-陽明,2024-12-06,9604
2375,凱美,98,40,58,富邦-陽明,2024-12-06,9604
2317,鴻海,109,53,56,富邦-陽明,2024-12-06,9604
00900,富邦特選高股息30,58,2,56,富邦-陽明,2024-12-06,9604
6257,矽格,59,3,56,富邦-陽明,2024-12-06,9604
00720B,元大投資級公司債,77,25,52,富邦-陽明,2024-12-06,9604
2062,橋椿,58,9,49,富邦-陽明,2024-12-06,9604
2903,遠百,50,3,47,富邦-陽明,2024-12-06,9604
3022,威強電,46,0,46,富邦-陽明,2024-12-06,9604
3661,世芯-KY,49,4,45,富邦-陽明,2024-12-06,9604
4919,新唐,117,73,44,富邦-陽明,2024-12-06,9604
00965,元大航太防衛科技,42,0,42,富邦-陽明,2024-12-06,9604
1102,亞泥,43,2,41,富邦-陽明,2024-12-06,9604
4953,緯軟,75,34,41,富邦-陽明,2024-12-06,9604
2337,旺宏,107,67,40,富邦-陽明,2024-12-06,9604
2891,中信金,55,16,39,富邦-陽明,2024-12-06,9604
2312,金寶,69,30,39,富邦-陽明,2024-12-06,9604
00941,中信上游半導體,38,0,38,富邦-陽明,2024-12-06,9604
6271,同欣電,43,5,38,富邦-陽明,2024-12-06,9604
00922,國泰台灣領袖50,52,15,37,富邦-陽明,2024-12-06,9604
2399,映泰,78,42,36,富邦-陽明,2024-12-06,9604
6127,九豪,47,13,34,富邦-陽明,2024-12-06,9604
00713,元大台灣高息低波,38,4,34,富邦-陽明,2024-12-06,9604
8043,蜜望實,33,0,33,富邦-陽明,2024-12-06,9604
00959B,大華投等美債15Y+,38,5,33,富邦-陽明,2024-12-06,9604
2363,矽統,107,74,33,富邦-陽明,2024-12-06,9604
00935,野村臺灣新科技50,44,12,32,富邦-陽明,2024-12-06,9604
4157,太景*-KY,30,0,30,富邦-陽明,2024-12-06,9604
2340,台亞,30,0,30,富邦-陽明,2024-12-06,9604
2449,京元電子,56,26,30,富邦-陽明,2024-12-06,9604
1477,聚陽,31,2,29,富邦-陽明,2024-12-06,9604
00952,凱基台灣AI50,30,1,29,富邦-陽明,2024-12-06,9604
00665L,富邦�琤肭磪囓�2,2081,45,2036,富邦-陽明,2024-12-09,9604
00919,群益台灣精選高息,399,86,313,富邦-陽明,2024-12-09,9604
00918,大華優利高填息30,281,6,275,富邦-陽明,2024-12-09,9604
00715L,期街口布蘭特正2,144,5,139,富邦-陽明,2024-12-09,9604
2449,京元電子,128,6,122,富邦-陽明,2024-12-09,9604
00637L,元大滬深300正2,143,26,117,富邦-陽明,2024-12-09,9604
2405,輔信,207,94,113,富邦-陽明,2024-12-09,9604
1102,亞泥,108,0,108,富邦-陽明,2024-12-09,9604
2354,鴻準,252,144,108,富邦-陽明,2024-12-09,9604
2399,映泰,228,121,107,富邦-陽明,2024-12-09,9604
00915,凱基優選高股息30,109,7,102,富邦-陽明,2024-12-09,9604
6770,力積電,105,8,97,富邦-陽明,2024-12-09,9604
1815,富喬,221,129,92,富邦-陽明,2024-12-09,9604
00712,復華富時不動產,94,2,92,富邦-陽明,2024-12-09,9604
2374,佳能,95,7,88,富邦-陽明,2024-12-09,9604
2375,凱美,103,17,86,富邦-陽明,2024-12-09,9604
00953B,群益優選非投等債,82,0,82,富邦-陽明,2024-12-09,9604
2317,鴻海,103,30,73,富邦-陽明,2024-12-09,9604
00725B,國泰投資級公司債,80,13,67,富邦-陽明,2024-12-09,9604
0056,元大高股息,109,42,67,富邦-陽明,2024-12-09,9604
00878,國泰永續高股息,136,71,65,富邦-陽明,2024-12-09,9604
00909,國泰數位支付服務,78,14,64,富邦-陽明,2024-12-09,9604
2363,矽統,79,15,64,富邦-陽明,2024-12-09,9604
00948B,中信優息投資級債,68,5,63,富邦-陽明,2024-12-09,9604
3374,精材,67,12,55,富邦-陽明,2024-12-09,9604
00757,統一FANG+,53,4,49,富邦-陽明,2024-12-09,9604
5530,龍巖,54,6,48,富邦-陽明,2024-12-09,9604
2891,中信金,58,11,47,富邦-陽明,2024-12-09,9604
3526,凡甲,46,0,46,富邦-陽明,2024-12-09,9604
3211,順達,94,49,45,富邦-陽明,2024-12-09,9604
1477,聚陽,45,0,45,富邦-陽明,2024-12-09,9604
5203,訊連,44,0,44,富邦-陽明,2024-12-09,9604
1532,勤美,44,0,44,富邦-陽明,2024-12-09,9604
1809,中釉,42,0,42,富邦-陽明,2024-12-09,9604
2867,三商壽,41,0,41,富邦-陽明,2024-12-09,9604
2409,友達,42,2,40,富邦-陽明,2024-12-09,9604
1802,台玻,61,23,38,富邦-陽明,2024-12-09,9604
2027,大成鋼,39,1,38,富邦-陽明,2024-12-09,9604
00960,野村全球航運龍頭,45,8,37,富邦-陽明,2024-12-09,9604
3042,晶技,37,1,36,富邦-陽明,2024-12-09,9604
00922,國泰台灣領袖50,50,14,36,富邦-陽明,2024-12-09,9604
4977,眾達-KY,130,95,35,富邦-陽明,2024-12-09,9604
4303,信立,59,24,35,富邦-陽明,2024-12-09,9604
8927,北基,55,20,35,富邦-陽明,2024-12-09,9604
2881,富邦金,48,13,35,富邦-陽明,2024-12-09,9604
2324,仁寶,150,116,34,富邦-陽明,2024-12-09,9604
1303,南亞,41,7,34,富邦-陽明,2024-12-09,9604
9907,統一實,32,0,32,富邦-陽明,2024-12-09,9604
1313,聯成,30,0,30,富邦-陽明,2024-12-09,9604
1101,台泥,40,11,29,富邦-陽明,2024-12-09,9604
00665L,富邦�琤肭磪囓�2,2409,412,1997,富邦-陽明,2024-12-10,9604
00918,大華優利高填息30,266,25,241,富邦-陽明,2024-12-10,9604
2609,陽明,468,259,209,富邦-陽明,2024-12-10,9604
2312,金寶,197,15,182,富邦-陽明,2024-12-10,9604
00637L,元大滬深300正2,917,759,158,富邦-陽明,2024-12-10,9604
1608,華榮,143,0,143,富邦-陽明,2024-12-10,9604
1449,佳和,259,116,143,富邦-陽明,2024-12-10,9604
2317,鴻海,220,87,133,富邦-陽明,2024-12-10,9604
00968B,元大優息投等債,132,0,132,富邦-陽明,2024-12-10,9604
1326,台化,162,31,131,富邦-陽明,2024-12-10,9604
8927,北基,132,12,120,富邦-陽明,2024-12-10,9604
2363,矽統,256,139,117,富邦-陽明,2024-12-10,9604
00919,群益台灣精選高息,230,114,116,富邦-陽明,2024-12-10,9604
0056,元大高股息,119,14,105,富邦-陽明,2024-12-10,9604
00967B,元大優息美債,101,0,101,富邦-陽明,2024-12-10,9604
6962,ITH-KY,99,8,91,富邦-陽明,2024-12-10,9604
00937B,群益ESG投等債20,153,65,88,富邦-陽明,2024-12-10,9604
2474,可成,107,23,84,富邦-陽明,2024-12-10,9604
9105,泰金寶-DR,131,53,78,富邦-陽明,2024-12-10,9604
2375,凱美,80,4,76,富邦-陽明,2024-12-10,9604
2303,聯電,79,6,73,富邦-陽明,2024-12-10,9604
2547,日勝生,109,40,69,富邦-陽明,2024-12-10,9604
00639,富邦深100,64,3,61,富邦-陽明,2024-12-10,9604
00706L,期元大S＆P日圓正2,60,0,60,富邦-陽明,2024-12-10,9604
6021,美好證,60,0,60,富邦-陽明,2024-12-10,9604
2353,宏��,64,6,58,富邦-陽明,2024-12-10,9604
3706,神達,323,268,55,富邦-陽明,2024-12-10,9604
8096,擎亞,98,45,53,富邦-陽明,2024-12-10,9604
3005,神基,53,1,52,富邦-陽明,2024-12-10,9604
00708L,期元大S＆P黃金正2,50,0,50,富邦-陽明,2024-12-10,9604
00953B,群益優選非投等債,48,0,48,富邦-陽明,2024-12-10,9604
2883,凱基金,268,223,45,富邦-陽明,2024-12-10,9604
3041,揚智,45,0,45,富邦-陽明,2024-12-10,9604
3033,威健,44,1,43,富邦-陽明,2024-12-10,9604
2449,京元電子,72,29,43,富邦-陽明,2024-12-10,9604
2020,美亞,42,1,41,富邦-陽明,2024-12-10,9604
00936,台新永續高息中小,36,1,35,富邦-陽明,2024-12-10,9604
1531,高林股,34,0,34,富邦-陽明,2024-12-10,9604
00738U,期元大道瓊白銀,50,16,34,富邦-陽明,2024-12-10,9604
00922,國泰台灣領袖50,37,3,34,富邦-陽明,2024-12-10,9604
2352,佳世達,36,3,33,富邦-陽明,2024-12-10,9604
6271,同欣電,33,0,33,富邦-陽明,2024-12-10,9604
2401,凌陽,49,16,33,富邦-陽明,2024-12-10,9604
2382,廣達,57,24,33,富邦-陽明,2024-12-10,9604
2409,友達,34,2,32,富邦-陽明,2024-12-10,9604
00965,元大航太防衛科技,31,0,31,富邦-陽明,2024-12-10,9604
4720,德淵,30,0,30,富邦-陽明,2024-12-10,9604
00878,國泰永續高股息,115,85,30,富邦-陽明,2024-12-10,9604
3605,宏致,30,0,30,富邦-陽明,2024-12-10,9604
4977,眾達-KY,161,131,30,富邦-陽明,2024-12-10,9604
00665L,富邦�琤肭磪囓�2,815,32,783,富邦-陽明,2024-12-11,9604
00918,大華優利高填息30,301,0,301,富邦-陽明,2024-12-11,9604
2609,陽明,407,153,254,富邦-陽明,2024-12-11,9604
00919,群益台灣精選高息,461,218,243,富邦-陽明,2024-12-11,9604
00878,國泰永續高股息,226,25,201,富邦-陽明,2024-12-11,9604
00915,凱基優選高股息30,158,7,151,富邦-陽明,2024-12-11,9604
2317,鴻海,245,95,150,富邦-陽明,2024-12-11,9604
9105,泰金寶-DR,323,180,143,富邦-陽明,2024-12-11,9604
0056,元大高股息,195,52,143,富邦-陽明,2024-12-11,9604
2618,長榮航,181,43,138,富邦-陽明,2024-12-11,9604
2382,廣達,174,40,134,富邦-陽明,2024-12-11,9604
00650L,復華香港正2,158,27,131,富邦-陽明,2024-12-11,9604
2303,聯電,128,14,114,富邦-陽明,2024-12-11,9604
3024,憶聲,139,29,110,富邦-陽明,2024-12-11,9604
00706L,期元大S＆P日圓正2,116,10,106,富邦-陽明,2024-12-11,9604
6770,力積電,178,74,104,富邦-陽明,2024-12-11,9604
00679B,元大美債20年,233,137,96,富邦-陽明,2024-12-11,9604
4960,誠美材,88,1,87,富邦-陽明,2024-12-11,9604
00637L,元大滬深300正2,131,50,81,富邦-陽明,2024-12-11,9604
00959B,大華投等美債15Y+,78,2,76,富邦-陽明,2024-12-11,9604
2031,新光鋼,73,1,72,富邦-陽明,2024-12-11,9604
00713,元大台灣高息低波,67,1,66,富邦-陽明,2024-12-11,9604
3231,緯創,97,31,66,富邦-陽明,2024-12-11,9604
5371,中光電,125,61,64,富邦-陽明,2024-12-11,9604
00753L,中信中國50正2,81,17,64,富邦-陽明,2024-12-11,9604
00655L,國泰中國A50正2,71,9,62,富邦-陽明,2024-12-11,9604
2201,裕隆,69,7,62,富邦-陽明,2024-12-11,9604
3491,昇達科,90,28,62,富邦-陽明,2024-12-11,9604
2344,華邦電,147,86,61,富邦-陽明,2024-12-11,9604
2020,美亞,62,2,60,富邦-陽明,2024-12-11,9604
00953B,群益優選非投等債,57,0,57,富邦-陽明,2024-12-11,9604
3033,威健,58,3,55,富邦-陽明,2024-12-11,9604
2408,南亞科,80,26,54,富邦-陽明,2024-12-11,9604
006208,富邦台50,57,3,54,富邦-陽明,2024-12-11,9604
00940,元大台灣價值高息,53,3,50,富邦-陽明,2024-12-11,9604
2610,華航,160,111,49,富邦-陽明,2024-12-11,9604
2603,長榮,57,8,49,富邦-陽明,2024-12-11,9604
00687B,國泰20年美債,92,46,46,富邦-陽明,2024-12-11,9604
00946,群益科技高息成長,45,0,45,富邦-陽明,2024-12-11,9604
4306,炎洲,43,0,43,富邦-陽明,2024-12-11,9604
1301,台塑,47,4,43,富邦-陽明,2024-12-11,9604
00909,國泰數位支付服務,42,4,38,富邦-陽明,2024-12-11,9604
2328,廣宇,45,8,37,富邦-陽明,2024-12-11,9604
9902,台火,35,0,35,富邦-陽明,2024-12-11,9604
00740B,富邦全球投等債,34,0,34,富邦-陽明,2024-12-11,9604
6695,芯鼎,54,21,33,富邦-陽明,2024-12-11,9604
1608,華榮,36,3,33,富邦-陽明,2024-12-11,9604
00900,富邦特選高股息30,39,6,33,富邦-陽明,2024-12-11,9604
2330,台積電,51,18,33,富邦-陽明,2024-12-11,9604
8096,擎亞,33,2,31,富邦-陽明,2024-12-11,9604
00937B,群益ESG投等債20,286,8,278,富邦-陽明,2024-12-12,9604
00679B,元大美債20年,221,27,194,富邦-陽明,2024-12-12,9604
00671R,富邦NASDAQ反1,200,15,185,富邦-陽明,2024-12-12,9604
6962,ITH-KY,179,5,174,富邦-陽明,2024-12-12,9604
1301,台塑,184,12,172,富邦-陽明,2024-12-12,9604
2303,聯電,231,70,161,富邦-陽明,2024-12-12,9604
2317,鴻海,180,30,150,富邦-陽明,2024-12-12,9604
00918,大華優利高填息30,156,25,131,富邦-陽明,2024-12-12,9604
2609,陽明,229,110,119,富邦-陽明,2024-12-12,9604
8045,達運光電,111,1,110,富邦-陽明,2024-12-12,9604
00933B,國泰10Y+金融債,114,11,103,富邦-陽明,2024-12-12,9604
00931B,統一美債20年,104,2,102,富邦-陽明,2024-12-12,9604
00919,群益台灣精選高息,153,54,99,富邦-陽明,2024-12-12,9604
00953B,群益優選非投等債,98,0,98,富邦-陽明,2024-12-12,9604
8431,匯鑽科,97,0,97,富邦-陽明,2024-12-12,9604
2892,第一金,102,7,95,富邦-陽明,2024-12-12,9604
00915,凱基優選高股息30,92,1,91,富邦-陽明,2024-12-12,9604
0056,元大高股息,101,20,81,富邦-陽明,2024-12-12,9604
2002,中鋼,88,11,77,富邦-陽明,2024-12-12,9604
00680L,元大美債20正2,85,13,72,富邦-陽明,2024-12-12,9604
2371,大同,78,12,66,富邦-陽明,2024-12-12,9604
00862B,中信投資級公司債,59,0,59,富邦-陽明,2024-12-12,9604
2353,宏��,64,6,58,富邦-陽明,2024-12-12,9604
00720B,元大投資級公司債,56,1,55,富邦-陽明,2024-12-12,9604
5202,力新,53,2,51,富邦-陽明,2024-12-12,9604
00641R,富邦日本反1,50,0,50,富邦-陽明,2024-12-12,9604
00909,國泰數位支付服務,66,17,49,富邦-陽明,2024-12-12,9604
2354,鴻準,134,90,44,富邦-陽明,2024-12-12,9604
00950B,凱基A級公司債,44,1,43,富邦-陽明,2024-12-12,9604
00857B,永豐20年美公債,43,0,43,富邦-陽明,2024-12-12,9604
6805,富世達,44,1,43,富邦-陽明,2024-12-12,9604
2020,美亞,42,0,42,富邦-陽明,2024-12-12,9604
00945B,凱基美國非投等債,42,0,42,富邦-陽明,2024-12-12,9604
00688L,國泰20年美債正2,42,1,41,富邦-陽明,2024-12-12,9604
4960,誠美材,41,0,41,富邦-陽明,2024-12-12,9604
00632R,元大台灣50反1,51,10,41,富邦-陽明,2024-12-12,9604
1101,台泥,48,7,41,富邦-陽明,2024-12-12,9604
00924,復華S＆P500成長,40,0,40,富邦-陽明,2024-12-12,9604
006208,富邦台50,53,16,37,富邦-陽明,2024-12-12,9604
1802,台玻,39,3,36,富邦-陽明,2024-12-12,9604
00942B,台新美A公司債20+,35,0,35,富邦-陽明,2024-12-12,9604
3013,晟銘電,108,74,34,富邦-陽明,2024-12-12,9604
2382,廣達,51,19,32,富邦-陽明,2024-12-12,9604
3515,華擎,51,20,31,富邦-陽明,2024-12-12,9604
6218,豪勉,33,2,31,富邦-陽明,2024-12-12,9604
00751B,元大AAA至A公司債,49,18,31,富邦-陽明,2024-12-12,9604
00795B,中信美國公債20年,29,0,29,富邦-陽明,2024-12-12,9604
00948B,中信優息投資級債,30,2,28,富邦-陽明,2024-12-12,9604
1314,中石化,30,2,28,富邦-陽明,2024-12-12,9604
3024,憶聲,30,2,28,富邦-陽明,2024-12-12,9604
00937B,群益ESG投等債20,488,101,387,富邦-陽明,2024-12-13,9604
00665L,富邦�琤肭磪囓�2,2815,2441,374,富邦-陽明,2024-12-13,9604
00918,大華優利高填息30,252,6,246,富邦-陽明,2024-12-13,9604
00919,群益台灣精選高息,301,55,246,富邦-陽明,2024-12-13,9604
0056,元大高股息,232,20,212,富邦-陽明,2024-12-13,9604
00633L,富邦上証正2,205,4,201,富邦-陽明,2024-12-13,9604
6962,ITH-KY,197,3,194,富邦-陽明,2024-12-13,9604
2353,宏��,224,30,194,富邦-陽明,2024-12-13,9604
00650L,復華香港正2,215,32,183,富邦-陽明,2024-12-13,9604
00688L,國泰20年美債正2,178,0,178,富邦-陽明,2024-12-13,9604
00753L,中信中國50正2,157,0,157,富邦-陽明,2024-12-13,9604
6558,興能高,263,108,155,富邦-陽明,2024-12-13,9604
00712,復華富時不動產,151,0,151,富邦-陽明,2024-12-13,9604
00878,國泰永續高股息,192,41,151,富邦-陽明,2024-12-13,9604
00915,凱基優選高股息30,161,32,129,富邦-陽明,2024-12-13,9604
00679B,元大美債20年,145,19,126,富邦-陽明,2024-12-13,9604
2317,鴻海,212,90,122,富邦-陽明,2024-12-13,9604
2408,南亞科,160,38,122,富邦-陽明,2024-12-13,9604
3231,緯創,128,12,116,富邦-陽明,2024-12-13,9604
00948B,中信優息投資級債,130,14,116,富邦-陽明,2024-12-13,9604
00706L,期元大S＆P日圓正2,114,3,111,富邦-陽明,2024-12-13,9604
3481,群創,166,60,106,富邦-陽明,2024-12-13,9604
00945B,凱基美國非投等債,101,0,101,富邦-陽明,2024-12-13,9604
00680L,元大美債20正2,204,111,93,富邦-陽明,2024-12-13,9604
3706,神達,220,131,89,富邦-陽明,2024-12-13,9604
00882,中信中國高股息,92,3,89,富邦-陽明,2024-12-13,9604
00936,台新永續高息中小,92,6,86,富邦-陽明,2024-12-13,9604
00720B,元大投資級公司債,86,2,84,富邦-陽明,2024-12-13,9604
5278,尚凡*,83,3,80,富邦-陽明,2024-12-13,9604
8045,達運光電,80,0,80,富邦-陽明,2024-12-13,9604
00687B,國泰20年美債,153,79,74,富邦-陽明,2024-12-13,9604
2613,中櫃,96,23,73,富邦-陽明,2024-12-13,9604
2324,仁寶,76,5,71,富邦-陽明,2024-12-13,9604
2888,新光金,107,36,71,富邦-陽明,2024-12-13,9604
2303,聯電,186,118,68,富邦-陽明,2024-12-13,9604
00713,元大台灣高息低波,70,3,67,富邦-陽明,2024-12-13,9604
1301,台塑,181,114,67,富邦-陽明,2024-12-13,9604
6477,安集,65,0,65,富邦-陽明,2024-12-13,9604
6869,雲豹能源,65,4,61,富邦-陽明,2024-12-13,9604
1605,華新,62,5,57,富邦-陽明,2024-12-13,9604
1477,聚陽,56,1,55,富邦-陽明,2024-12-13,9604
1785,光洋科,91,36,55,富邦-陽明,2024-12-13,9604
3037,欣興,88,36,52,富邦-陽明,2024-12-13,9604
00950B,凱基A級公司債,60,9,51,富邦-陽明,2024-12-13,9604
00931B,統一美債20年,51,0,51,富邦-陽明,2024-12-13,9604
2356,英業達,63,13,50,富邦-陽明,2024-12-13,9604
3694,海華,48,1,47,富邦-陽明,2024-12-13,9604
3005,神基,47,1,46,富邦-陽明,2024-12-13,9604
2476,鉅祥,46,0,46,富邦-陽明,2024-12-13,9604
00683L,期元大美元指正2,46,0,46,富邦-陽明,2024-12-13,9604
00687B,國泰20年美債,784,58,726,富邦-陽明,2024-12-16,9604
00918,大華優利高填息30,444,28,416,富邦-陽明,2024-12-16,9604
00665L,富邦�琤肭磪囓�2,343,29,314,富邦-陽明,2024-12-16,9604
00919,群益台灣精選高息,464,176,288,富邦-陽明,2024-12-16,9604
2609,陽明,463,187,276,富邦-陽明,2024-12-16,9604
00680L,元大美債20正2,306,39,267,富邦-陽明,2024-12-16,9604
0056,元大高股息,288,38,250,富邦-陽明,2024-12-16,9604
00673R,期元大S＆P原油反1,201,0,201,富邦-陽明,2024-12-16,9604
8429,金麗-KY,202,5,197,富邦-陽明,2024-12-16,9604
00948B,中信優息投資級債,194,0,194,富邦-陽明,2024-12-16,9604
00922,國泰台灣領袖50,151,8,143,富邦-陽明,2024-12-16,9604
00940,元大台灣價值高息,154,21,133,富邦-陽明,2024-12-16,9604
2317,鴻海,237,109,128,富邦-陽明,2024-12-16,9604
00679B,元大美債20年,157,51,106,富邦-陽明,2024-12-16,9604
6962,ITH-KY,115,9,106,富邦-陽明,2024-12-16,9604
00915,凱基優選高股息30,118,14,104,富邦-陽明,2024-12-16,9604
00757,統一FANG+,117,15,102,富邦-陽明,2024-12-16,9604
2409,友達,109,10,99,富邦-陽明,2024-12-16,9604
00688L,國泰20年美債正2,97,1,96,富邦-陽明,2024-12-16,9604
00933B,國泰10Y+金融債,101,9,92,富邦-陽明,2024-12-16,9604
00900,富邦特選高股息30,109,19,90,富邦-陽明,2024-12-16,9604
3231,緯創,145,58,87,富邦-陽明,2024-12-16,9604
6443,元晶,78,5,73,富邦-陽明,2024-12-16,9604
00720B,元大投資級公司債,76,3,73,富邦-陽明,2024-12-16,9604
3037,欣興,78,11,67,富邦-陽明,2024-12-16,9604
1101,台泥,68,5,63,富邦-陽明,2024-12-16,9604
2382,廣達,134,74,60,富邦-陽明,2024-12-16,9604
2449,京元電子,92,32,60,富邦-陽明,2024-12-16,9604
00650L,復華香港正2,187,130,57,富邦-陽明,2024-12-16,9604
00753L,中信中國50正2,63,11,52,富邦-陽明,2024-12-16,9604
2486,一詮,70,18,52,富邦-陽明,2024-12-16,9604
00962,台新AI優息動能,51,0,51,富邦-陽明,2024-12-16,9604
00713,元大台灣高息低波,55,6,49,富邦-陽明,2024-12-16,9604
2881,富邦金,126,77,49,富邦-陽明,2024-12-16,9604
3450,聯鈞,93,47,46,富邦-陽明,2024-12-16,9604
6116,彩晶,55,10,45,富邦-陽明,2024-12-16,9604
6282,康舒,105,60,45,富邦-陽明,2024-12-16,9604
3017,奇鋐,54,10,44,富邦-陽明,2024-12-16,9604
00751B,元大AAA至A公司債,69,24,45,富邦-陽明,2024-12-16,9604
2618,長榮航,78,34,44,富邦-陽明,2024-12-16,9604
2354,鴻準,104,61,43,富邦-陽明,2024-12-16,9604
3706,神達,144,101,43,富邦-陽明,2024-12-16,9604
00936,台新永續高息中小,67,25,42,富邦-陽明,2024-12-16,9604
1314,中石化,49,9,40,富邦-陽明,2024-12-16,9604
00967B,元大優息美債,40,0,40,富邦-陽明,2024-12-16,9604
5481,新華,57,17,40,富邦-陽明,2024-12-16,9604
2603,長榮,49,11,38,富邦-陽明,2024-12-16,9604
2845,遠東銀,36,0,36,富邦-陽明,2024-12-16,9604
3019,亞光,311,275,36,富邦-陽明,2024-12-16,9604
2376,技嘉,47,11,36,富邦-陽明,2024-12-16,9604
2801,彰銀,443,0,443,富邦-陽明,2024-12-17,9604
00665L,富邦�琤肭磪囓�2,780,386,394,富邦-陽明,2024-12-17,9604
00918,大華優利高填息30,205,5,200,富邦-陽明,2024-12-17,9604
00937B,群益ESG投等債20,229,42,187,富邦-陽明,2024-12-17,9604
00915,凱基優選高股息30,191,8,183,富邦-陽明,2024-12-17,9604
0056,元大高股息,183,12,171,富邦-陽明,2024-12-17,9604
2615,萬海,174,7,167,富邦-陽明,2024-12-17,9604
00713,元大台灣高息低波,162,7,155,富邦-陽明,2024-12-17,9604
2002,中鋼,152,9,143,富邦-陽明,2024-12-17,9604
3481,群創,143,12,131,富邦-陽明,2024-12-17,9604
00950B,凱基A級公司債,126,0,126,富邦-陽明,2024-12-17,9604
00687B,國泰20年美債,140,15,125,富邦-陽明,2024-12-17,9604
1524,耿鼎,163,50,113,富邦-陽明,2024-12-17,9604
2881,富邦金,126,17,109,富邦-陽明,2024-12-17,9604
00680L,元大美債20正2,103,0,103,富邦-陽明,2024-12-17,9604
1785,光洋科,125,22,103,富邦-陽明,2024-12-17,9604
2547,日勝生,101,0,101,富邦-陽明,2024-12-17,9604
2882,國泰金,119,20,99,富邦-陽明,2024-12-17,9604
2312,金寶,124,27,97,富邦-陽明,2024-12-17,9604
00679B,元大美債20年,101,4,97,富邦-陽明,2024-12-17,9604
00706L,期元大S＆P日圓正2,95,0,95,富邦-陽明,2024-12-17,9604
00650L,復華香港正2,124,32,92,富邦-陽明,2024-12-17,9604
3706,神達,152,72,80,富邦-陽明,2024-12-17,9604
1605,華新,83,7,76,富邦-陽明,2024-12-17,9604
1101,台泥,88,15,73,富邦-陽明,2024-12-17,9604
00688L,國泰20年美債正2,72,2,70,富邦-陽明,2024-12-17,9604
2883,凱基金,392,325,67,富邦-陽明,2024-12-17,9604
2382,廣達,87,24,63,富邦-陽明,2024-12-17,9604
1402,遠東新,80,19,61,富邦-陽明,2024-12-17,9604
00948B,中信優息投資級債,60,0,60,富邦-陽明,2024-12-17,9604
2834,臺企銀,70,12,58,富邦-陽明,2024-12-17,9604
1536,和大,110,52,58,富邦-陽明,2024-12-17,9604
00952,凱基台灣AI50,67,10,57,富邦-陽明,2024-12-17,9604
2374,佳能,370,314,56,富邦-陽明,2024-12-17,9604
6505,台塑化,52,0,52,富邦-陽明,2024-12-17,9604
00953B,群益優選非投等債,52,0,52,富邦-陽明,2024-12-17,9604
00738U,期元大道瓊白銀,50,0,50,富邦-陽明,2024-12-17,9604
00757,統一FANG+,50,2,48,富邦-陽明,2024-12-17,9604
2409,友達,56,10,46,富邦-陽明,2024-12-17,9604
6215,和椿,141,97,44,富邦-陽明,2024-12-17,9604
2845,遠東銀,42,0,42,富邦-陽明,2024-12-17,9604
00959B,大華投等美債15Y+,43,1,42,富邦-陽明,2024-12-17,9604
2607,榮運,53,13,40,富邦-陽明,2024-12-17,9604
00933B,國泰10Y+金融債,41,2,39,富邦-陽明,2024-12-17,9604
5398,慕康生醫,62,23,39,富邦-陽明,2024-12-17,9604
5278,尚凡*,41,3,38,富邦-陽明,2024-12-17,9604
9945,潤泰新,35,0,35,富邦-陽明,2024-12-17,9604
00945B,凱基美國非投等債,35,0,35,富邦-陽明,2024-12-17,9604
3588,通嘉,41,8,33,富邦-陽明,2024-12-17,9604
00857B,永豐20年美公債,31,0,31,富邦-陽明,2024-12-17,9604
00918,大華優利高填息30,340,12,328,富邦-陽明,2024-12-18,9604
00712,復華富時不動產,280,0,280,富邦-陽明,2024-12-18,9604
00937B,群益ESG投等債20,222,3,219,富邦-陽明,2024-12-18,9604
4977,眾達-KY,214,16,198,富邦-陽明,2024-12-18,9604
00687B,國泰20年美債,176,24,152,富邦-陽明,2024-12-18,9604
8249,菱光,367,248,119,富邦-陽明,2024-12-18,9604
3052,夆典,100,0,100,富邦-陽明,2024-12-18,9604
2897,王道銀行,95,0,95,富邦-陽明,2024-12-18,9604
6962,ITH-KY,137,51,86,富邦-陽明,2024-12-18,9604
3231,緯創,96,12,84,富邦-陽明,2024-12-18,9604
1101,台泥,106,31,75,富邦-陽明,2024-12-18,9604
4303,信立,113,39,74,富邦-陽明,2024-12-18,9604
2344,華邦電,210,141,69,富邦-陽明,2024-12-18,9604
00757,統一FANG+,67,2,65,富邦-陽明,2024-12-18,9604
9105,泰金寶-DR,607,543,64,富邦-陽明,2024-12-18,9604
00680L,元大美債20正2,57,0,57,富邦-陽明,2024-12-18,9604
0056,元大高股息,68,15,53,富邦-陽明,2024-12-18,9604
8042,金山電,63,12,51,富邦-陽明,2024-12-18,9604
2637,慧洋-KY,50,0,50,富邦-陽明,2024-12-18,9604
2317,鴻海,77,29,48,富邦-陽明,2024-12-18,9604
00713,元大台灣高息低波,53,5,48,富邦-陽明,2024-12-18,9604
2354,鴻準,61,14,47,富邦-陽明,2024-12-18,9604
1314,中石化,67,20,47,富邦-陽明,2024-12-18,9604
2609,陽明,168,124,44,富邦-陽明,2024-12-18,9604
00900,富邦特選高股息30,48,7,41,富邦-陽明,2024-12-18,9604
2312,金寶,47,7,40,富邦-陽明,2024-12-18,9604
2486,一詮,101,64,37,富邦-陽明,2024-12-18,9604
2801,彰銀,41,6,35,富邦-陽明,2024-12-18,9604
4979,華星光,65,31,34,富邦-陽明,2024-12-18,9604
4583,台灣精銳,61,27,34,富邦-陽明,2024-12-18,9604
2884,玉山金,37,3,34,富邦-陽明,2024-12-18,9604
2886,兆豐金,42,10,32,富邦-陽明,2024-12-18,9604
00970B,新光BBB投等債20,32,0,32,富邦-陽明,2024-12-18,9604
00953B,群益優選非投等債,31,0,31,富邦-陽明,2024-12-18,9604
2646,星宇航空,37,8,29,富邦-陽明,2024-12-18,9604
00751B,元大AAA至A公司債,30,1,29,富邦-陽明,2024-12-18,9604
00909,國泰數位支付服務,32,3,29,富邦-陽明,2024-12-18,9604
1528,恩德,30,2,28,富邦-陽明,2024-12-18,9604
00679B,元大美債20年,67,39,28,富邦-陽明,2024-12-18,9604
6830,汎銓,33,6,27,富邦-陽明,2024-12-18,9604
3209,全科,25,0,25,富邦-陽明,2024-12-18,9604
3017,奇鋐,33,9,24,富邦-陽明,2024-12-18,9604
2002,中鋼,38,15,23,富邦-陽明,2024-12-18,9604
2408,南亞科,105,81,24,富邦-陽明,2024-12-18,9604
3211,順達,82,58,24,富邦-陽明,2024-12-18,9604
2328,廣宇,30,7,23,富邦-陽明,2024-12-18,9604
6895,宏碩系統,23,0,23,富邦-陽明,2024-12-18,9604
00933B,國泰10Y+金融債,23,0,23,富邦-陽明,2024-12-18,9604
4571,鈞興-KY,103,81,22,富邦-陽明,2024-12-18,9604
00725B,國泰投資級公司債,22,0,22,富邦-陽明,2024-12-18,9604
2883,凱基金,2211,161,2050,富邦-陽明,2024-12-19,9604
00937B,群益ESG投等債20,702,37,665,富邦-陽明,2024-12-19,9604
00665L,富邦�琤肭磪囓�2,626,27,599,富邦-陽明,2024-12-19,9604
00680L,元大美債20正2,462,37,425,富邦-陽明,2024-12-19,9604
00918,大華優利高填息30,406,74,332,富邦-陽明,2024-12-19,9604
00679B,元大美債20年,318,64,254,富邦-陽明,2024-12-19,9604
00687B,國泰20年美債,277,41,236,富邦-陽明,2024-12-19,9604
00715L,期街口布蘭特正2,207,20,187,富邦-陽明,2024-12-19,9604
00933B,國泰10Y+金融債,186,21,165,富邦-陽明,2024-12-19,9604
2303,聯電,189,29,160,富邦-陽明,2024-12-19,9604
00922,國泰台灣領袖50,150,0,150,富邦-陽明,2024-12-19,9604
00878,國泰永續高股息,210,61,149,富邦-陽明,2024-12-19,9604
2845,遠東銀,151,3,148,富邦-陽明,2024-12-19,9604
2317,鴻海,168,29,139,富邦-陽明,2024-12-19,9604
0056,元大高股息,147,17,130,富邦-陽明,2024-12-19,9604
2881,富邦金,131,8,123,富邦-陽明,2024-12-19,9604
3481,群創,149,33,116,富邦-陽明,2024-12-19,9604
00931B,統一美債20年,117,0,117,富邦-陽明,2024-12-19,9604
00915,凱基優選高股息30,127,15,112,富邦-陽明,2024-12-19,9604
2882,國泰金,117,6,111,富邦-陽明,2024-12-19,9604
00706L,期元大S＆P日圓正2,119,11,108,富邦-陽明,2024-12-19,9604
00954,中信日本半導體,100,0,100,富邦-陽明,2024-12-19,9604
3052,夆典,100,0,100,富邦-陽明,2024-12-19,9604
2897,王道銀行,100,0,100,富邦-陽明,2024-12-19,9604
2801,彰銀,106,7,99,富邦-陽明,2024-12-19,9604
00924,復華S＆P500成長,92,0,92,富邦-陽明,2024-12-19,9604
00712,復華富時不動產,140,50,90,富邦-陽明,2024-12-19,9604
9958,世紀鋼,109,22,87,富邦-陽明,2024-12-19,9604
2618,長榮航,103,16,87,富邦-陽明,2024-12-19,9604
2609,陽明,213,132,81,富邦-陽明,2024-12-19,9604
8431,匯鑽科,80,0,80,富邦-陽明,2024-12-19,9604
2887,台新金,93,15,78,富邦-陽明,2024-12-19,9604
1301,台塑,92,21,71,富邦-陽明,2024-12-19,9604
00945B,凱基美國非投等債,71,0,71,富邦-陽明,2024-12-19,9604
00650L,復華香港正2,74,8,66,富邦-陽明,2024-12-19,9604
006208,富邦台50,105,39,66,富邦-陽明,2024-12-19,9604
8044,網家,77,11,66,富邦-陽明,2024-12-19,9604
4991,環宇-KY,143,77,66,富邦-陽明,2024-12-19,9604
00830,國泰費城半導體,64,0,64,富邦-陽明,2024-12-19,9604
1477,聚陽,63,2,61,富邦-陽明,2024-12-19,9604
2884,玉山金,92,32,60,富邦-陽明,2024-12-19,9604
2886,兆豐金,78,19,59,富邦-陽明,2024-12-19,9604
2408,南亞科,83,26,57,富邦-陽明,2024-12-19,9604
2880,華南金,62,6,56,富邦-陽明,2024-12-19,9604
2344,華邦電,163,108,55,富邦-陽明,2024-12-19,9604
1605,華新,90,37,53,富邦-陽明,2024-12-19,9604
00720B,元大投資級公司債,78,25,53,富邦-陽明,2024-12-19,9604
00753L,中信中國50正2,406,353,53,富邦-陽明,2024-12-19,9604
00950B,凱基A級公司債,52,0,52,富邦-陽明,2024-12-19,9604
2645,長榮航太,51,0,51,富邦-陽明,2024-12-19,9604
