Ticker,Name,buy,sell,diff,Branch,Date,Branch_Code
00632R,元大台灣50反1,80,20,60,富邦-台東,2023-01-03,9608
00673R,期元大S＆P原油反1,30,0,30,富邦-台東,2023-01-03,9608
00903,富邦元宇宙,60,40,20,富邦-台東,2023-01-03,9608
1718,中纖,20,0,20,富邦-台東,2023-01-03,9608
3035,智原,19,0,19,富邦-台東,2023-01-03,9608
2359,所羅門,15,0,15,富邦-台東,2023-01-03,9608
8289,泰藝,11,0,11,富邦-台東,2023-01-03,9608
1467,南緯,10,0,10,富邦-台東,2023-01-03,9608
2609,陽明,10,0,10,富邦-台東,2023-01-03,9608
5009,榮剛,10,0,10,富邦-台東,2023-01-03,9608
6446,藥華藥,10,0,10,富邦-台東,2023-01-03,9608
6603,富強鑫,10,0,10,富邦-台東,2023-01-03,9608
4114,健喬,21,11,10,富邦-台東,2023-01-03,9608
2890,永豐金,7,0,7,富邦-台東,2023-01-03,9608
2882,國泰金,8,1,7,富邦-台東,2023-01-03,9608
2317,鴻海,6,1,5,富邦-台東,2023-01-03,9608
2801,彰銀,5,0,5,富邦-台東,2023-01-03,9608
2834,臺企銀,5,0,5,富邦-台東,2023-01-03,9608
2867,三商壽,5,0,5,富邦-台東,2023-01-03,9608
00878,國泰永續高股息,8,4,4,富邦-台東,2023-01-03,9608
1342,八貫,8,5,3,富邦-台東,2023-01-03,9608
00850,元大臺灣ESG永續,3,0,3,富邦-台東,2023-01-03,9608
2382,廣達,3,0,3,富邦-台東,2023-01-03,9608
2610,華航,6,3,3,富邦-台東,2023-01-03,9608
2615,萬海,10,7,3,富邦-台東,2023-01-03,9608
6180,橘子,6,3,3,富邦-台東,2023-01-03,9608
6457,紘康,3,0,3,富邦-台東,2023-01-03,9608
6768,志強-KY,3,0,3,富邦-台東,2023-01-03,9608
8171,天宇,4,1,3,富邦-台東,2023-01-03,9608
9802,鈺齊-KY,3,0,3,富邦-台東,2023-01-03,9608
2618,長榮航,18,15,3,富邦-台東,2023-01-03,9608
00881,國泰台灣5G+,2,0,2,富邦-台東,2023-01-03,9608
1720,生達,2,0,2,富邦-台東,2023-01-03,9608
1732,毛寶,2,0,2,富邦-台東,2023-01-03,9608
00895,富邦未來車,2,0,2,富邦-台東,2023-01-03,9608
2430,燦坤,2,0,2,富邦-台東,2023-01-03,9608
2892,第一金,2,0,2,富邦-台東,2023-01-03,9608
6138,茂達,2,0,2,富邦-台東,2023-01-03,9608
6235,華孚,2,0,2,富邦-台東,2023-01-03,9608
6271,同欣電,2,0,2,富邦-台東,2023-01-03,9608
6284,佳邦,3,1,2,富邦-台東,2023-01-03,9608
8096,擎亞,2,0,2,富邦-台東,2023-01-03,9608
2330,台積電,7,6,1,富邦-台東,2023-01-03,9608
1314,中石化,1,0,1,富邦-台東,2023-01-03,9608
00679B,元大美債20年,1,0,1,富邦-台東,2023-01-03,9608
1210,大成,1,0,1,富邦-台東,2023-01-03,9608
1709,和益,1,0,1,富邦-台東,2023-01-03,9608
1752,南光,14,13,1,富邦-台東,2023-01-03,9608
1618,合機,1,0,1,富邦-台東,2023-01-03,9608
1522,堤維西,1,0,1,富邦-台東,2023-01-03,9608
2892,第一金,50,0,50,富邦-台東,2023-01-04,9608
4130,健亞,44,4,40,富邦-台東,2023-01-04,9608
00881,國泰台灣5G+,37,0,37,富邦-台東,2023-01-04,9608
2201,裕隆,57,20,37,富邦-台東,2023-01-04,9608
0056,元大高股息,16,0,16,富邦-台東,2023-01-04,9608
00885,富邦越南,87,72,15,富邦-台東,2023-01-04,9608
1417,嘉裕,17,6,11,富邦-台東,2023-01-04,9608
5009,榮剛,11,1,10,富邦-台東,2023-01-04,9608
1785,光洋科,10,0,10,富邦-台東,2023-01-04,9608
1529,樂事綠能,10,0,10,富邦-台東,2023-01-04,9608
2359,所羅門,9,0,9,富邦-台東,2023-01-04,9608
2317,鴻海,9,0,9,富邦-台東,2023-01-04,9608
2014,中鴻,12,5,7,富邦-台東,2023-01-04,9608
2545,皇翔,7,0,7,富邦-台東,2023-01-04,9608
8183,精星,7,0,7,富邦-台東,2023-01-04,9608
8046,南電,6,0,6,富邦-台東,2023-01-04,9608
3504,揚明光,6,0,6,富邦-台東,2023-01-04,9608
5371,中光電,7,1,6,富邦-台東,2023-01-04,9608
5608,四維航,5,0,5,富邦-台東,2023-01-04,9608
2454,聯發科,6,1,5,富邦-台東,2023-01-04,9608
00895,富邦未來車,5,0,5,富邦-台東,2023-01-04,9608
1103,嘉泥,5,0,5,富邦-台東,2023-01-04,9608
1609,大亞,17,12,5,富邦-台東,2023-01-04,9608
4167,松瑞藥,10,5,5,富邦-台東,2023-01-04,9608
4743,合一,5,0,5,富邦-台東,2023-01-04,9608
5905,南仁湖,5,0,5,富邦-台東,2023-01-04,9608
6111,大宇資,5,0,5,富邦-台東,2023-01-04,9608
6133,金橋,8,3,5,富邦-台東,2023-01-04,9608
6182,合晶,5,0,5,富邦-台東,2023-01-04,9608
6806,森崴能源,9,4,5,富邦-台東,2023-01-04,9608
1584,精剛,4,0,4,富邦-台東,2023-01-04,9608
2888,新光金,4,0,4,富邦-台東,2023-01-04,9608
4174,浩鼎,7,3,4,富邦-台東,2023-01-04,9608
6199,天品,4,0,4,富邦-台東,2023-01-04,9608
2609,陽明,3,0,3,富邦-台東,2023-01-04,9608
1210,大成,3,0,3,富邦-台東,2023-01-04,9608
2368,金像電,3,0,3,富邦-台東,2023-01-04,9608
2731,雄獅,3,0,3,富邦-台東,2023-01-04,9608
2886,兆豐金,3,0,3,富邦-台東,2023-01-04,9608
3094,聯傑,3,0,3,富邦-台東,2023-01-04,9608
4162,智擎,3,0,3,富邦-台東,2023-01-04,9608
4961,天鈺,3,0,3,富邦-台東,2023-01-04,9608
6443,元晶,13,10,3,富邦-台東,2023-01-04,9608
00830,國泰費城半導體,3,0,3,富邦-台東,2023-01-04,9608
8171,天宇,3,1,2,富邦-台東,2023-01-04,9608
2406,國碩,2,0,2,富邦-台東,2023-01-04,9608
2425,承啟,2,0,2,富邦-台東,2023-01-04,9608
2482,連宇,2,0,2,富邦-台東,2023-01-04,9608
3030,德律,2,0,2,富邦-台東,2023-01-04,9608
4102,永日,6,4,2,富邦-台東,2023-01-04,9608
6443,元晶,38,6,32,富邦-台東,2023-01-05,9608
2617,台航,30,0,30,富邦-台東,2023-01-05,9608
00632R,元大台灣50反1,55,28,27,富邦-台東,2023-01-05,9608
00641R,富邦日本反1,20,0,20,富邦-台東,2023-01-05,9608
00715L,期街口布蘭特正2,18,0,18,富邦-台東,2023-01-05,9608
2888,新光金,14,0,14,富邦-台東,2023-01-05,9608
2317,鴻海,14,0,14,富邦-台東,2023-01-05,9608
1229,聯華,10,0,10,富邦-台東,2023-01-05,9608
2454,聯發科,10,0,10,富邦-台東,2023-01-05,9608
00903,富邦元宇宙,10,0,10,富邦-台東,2023-01-05,9608
00676R,富邦臺灣加權反1,20,10,10,富邦-台東,2023-01-05,9608
1733,五鼎,10,0,10,富邦-台東,2023-01-05,9608
2511,太子,10,0,10,富邦-台東,2023-01-05,9608
6111,大宇資,10,2,8,富邦-台東,2023-01-05,9608
2882,國泰金,8,2,6,富邦-台東,2023-01-05,9608
2419,仲琦,21,15,6,富邦-台東,2023-01-05,9608
4102,永日,10,4,6,富邦-台東,2023-01-05,9608
00878,國泰永續高股息,5,0,5,富邦-台東,2023-01-05,9608
00642U,期元大S＆P石油,5,0,5,富邦-台東,2023-01-05,9608
00902,中信電池及儲能,5,0,5,富邦-台東,2023-01-05,9608
1909,榮成,6,1,5,富邦-台東,2023-01-05,9608
2323,中環,5,0,5,富邦-台東,2023-01-05,9608
3481,群創,12,7,5,富邦-台東,2023-01-05,9608
5371,中光電,6,1,5,富邦-台東,2023-01-05,9608
6147,頎邦,5,0,5,富邦-台東,2023-01-05,9608
8110,華東,5,0,5,富邦-台東,2023-01-05,9608
1605,華新,27,23,4,富邦-台東,2023-01-05,9608
2014,中鴻,8,4,4,富邦-台東,2023-01-05,9608
2609,陽明,5,1,4,富邦-台東,2023-01-05,9608
5351,鈺創,4,0,4,富邦-台東,2023-01-05,9608
1219,福壽,3,0,3,富邦-台東,2023-01-05,9608
1402,遠東新,4,1,3,富邦-台東,2023-01-05,9608
00916,國泰全球品牌50,3,0,3,富邦-台東,2023-01-05,9608
1599,宏佳騰,3,0,3,富邦-台東,2023-01-05,9608
2007,燁興,3,0,3,富邦-台東,2023-01-05,9608
2371,大同,3,0,3,富邦-台東,2023-01-05,9608
2618,長榮航,7,4,3,富邦-台東,2023-01-05,9608
3030,德律,3,0,3,富邦-台東,2023-01-05,9608
4157,太景*-KY,5,2,3,富邦-台東,2023-01-05,9608
6485,點序,3,0,3,富邦-台東,2023-01-05,9608
8996,高力,11,8,3,富邦-台東,2023-01-05,9608
5284,jpp-KY,3,0,3,富邦-台東,2023-01-05,9608
8046,南電,69,67,2,富邦-台東,2023-01-05,9608
8069,元太,3,1,2,富邦-台東,2023-01-05,9608
2303,聯電,2,0,2,富邦-台東,2023-01-05,9608
0050,元大台灣50,2,0,2,富邦-台東,2023-01-05,9608
1752,南光,14,12,2,富邦-台東,2023-01-05,9608
2103,台橡,2,0,2,富邦-台東,2023-01-05,9608
2337,旺宏,3,1,2,富邦-台東,2023-01-05,9608
2357,華碩,8,6,2,富邦-台東,2023-01-05,9608
2603,長榮,78,0,78,富邦-台東,2023-01-06,9608
00632R,元大台灣50反1,56,0,56,富邦-台東,2023-01-06,9608
3264,欣銓,50,0,50,富邦-台東,2023-01-06,9608
00715L,期街口布蘭特正2,28,1,27,富邦-台東,2023-01-06,9608
00641R,富邦日本反1,25,0,25,富邦-台東,2023-01-06,9608
5371,中光電,25,1,24,富邦-台東,2023-01-06,9608
2887,台新金,20,0,20,富邦-台東,2023-01-06,9608
2892,第一金,10,0,10,富邦-台東,2023-01-06,9608
2313,華通,10,0,10,富邦-台東,2023-01-06,9608
2444,兆勁,10,0,10,富邦-台東,2023-01-06,9608
2834,臺企銀,20,10,10,富邦-台東,2023-01-06,9608
5309,系統電,8,0,8,富邦-台東,2023-01-06,9608
6176,瑞儀,7,0,7,富邦-台東,2023-01-06,9608
1301,台塑,6,0,6,富邦-台東,2023-01-06,9608
00891,中信關鍵半導體,5,0,5,富邦-台東,2023-01-06,9608
1802,台玻,5,0,5,富邦-台東,2023-01-06,9608
3189,景碩,51,46,5,富邦-台東,2023-01-06,9608
4923,力士,5,0,5,富邦-台東,2023-01-06,9608
6525,捷敏-KY,5,0,5,富邦-台東,2023-01-06,9608
1417,嘉裕,4,0,4,富邦-台東,2023-01-06,9608
00725B,國泰投資級公司債,4,0,4,富邦-台東,2023-01-06,9608
3504,揚明光,5,1,4,富邦-台東,2023-01-06,9608
4114,健喬,47,43,4,富邦-台東,2023-01-06,9608
4130,健亞,4,0,4,富邦-台東,2023-01-06,9608
4924,欣厚-KY,14,10,4,富邦-台東,2023-01-06,9608
4968,立積,7,3,4,富邦-台東,2023-01-06,9608
6104,創惟,4,0,4,富邦-台東,2023-01-06,9608
6446,藥華藥,4,0,4,富邦-台東,2023-01-06,9608
2002,中鋼,5,1,4,富邦-台東,2023-01-06,9608
00720B,元大投資級公司債,3,0,3,富邦-台東,2023-01-06,9608
6215,和椿,6,3,3,富邦-台東,2023-01-06,9608
1584,精剛,3,0,3,富邦-台東,2023-01-06,9608
1314,中石化,3,0,3,富邦-台東,2023-01-06,9608
2929,淘帝-KY,3,0,3,富邦-台東,2023-01-06,9608
4743,合一,2,0,2,富邦-台東,2023-01-06,9608
1519,華城,7,5,2,富邦-台東,2023-01-06,9608
2609,陽明,4,2,2,富邦-台東,2023-01-06,9608
3272,東碩,2,0,2,富邦-台東,2023-01-06,9608
4153,鈺緯,2,0,2,富邦-台東,2023-01-06,9608
4763,材料-KY,2,0,2,富邦-台東,2023-01-06,9608
5321,美而快,2,0,2,富邦-台東,2023-01-06,9608
6589,台康生技,2,0,2,富邦-台東,2023-01-06,9608
8105,凌巨,2,0,2,富邦-台東,2023-01-06,9608
3406,玉晶光,1,0,1,富邦-台東,2023-01-06,9608
1522,堤維西,1,0,1,富邦-台東,2023-01-06,9608
1618,合機,1,0,1,富邦-台東,2023-01-06,9608
1609,大亞,1,0,1,富邦-台東,2023-01-06,9608
1720,生達,1,0,1,富邦-台東,2023-01-06,9608
1513,中興電,7,6,1,富邦-台東,2023-01-06,9608
1210,大成,1,0,1,富邦-台東,2023-01-06,9608
00715L,期街口布蘭特正2,119,0,119,富邦-台東,2023-01-09,9608
2458,義隆,77,0,77,富邦-台東,2023-01-09,9608
00632R,元大台灣50反1,71,0,71,富邦-台東,2023-01-09,9608
6168,宏齊,54,0,54,富邦-台東,2023-01-09,9608
00878,國泰永續高股息,42,8,34,富邦-台東,2023-01-09,9608
00919,群益台灣精選高息,30,0,30,富邦-台東,2023-01-09,9608
2340,台亞,30,0,30,富邦-台東,2023-01-09,9608
00900,富邦特選高股息30,30,1,29,富邦-台東,2023-01-09,9608
1231,聯華食,20,0,20,富邦-台東,2023-01-09,9608
00641R,富邦日本反1,20,0,20,富邦-台東,2023-01-09,9608
6153,嘉聯益,20,0,20,富邦-台東,2023-01-09,9608
1417,嘉裕,19,0,19,富邦-台東,2023-01-09,9608
1584,精剛,15,0,15,富邦-台東,2023-01-09,9608
0056,元大高股息,26,11,15,富邦-台東,2023-01-09,9608
1101,台泥,12,0,12,富邦-台東,2023-01-09,9608
2028,威致,20,10,10,富邦-台東,2023-01-09,9608
2313,華通,10,0,10,富邦-台東,2023-01-09,9608
2329,華泰,10,0,10,富邦-台東,2023-01-09,9608
2385,群光,10,0,10,富邦-台東,2023-01-09,9608
3189,景碩,13,3,10,富邦-台東,2023-01-09,9608
4979,華星光,10,0,10,富邦-台東,2023-01-09,9608
8933,愛地雅,10,0,10,富邦-台東,2023-01-09,9608
9945,潤泰新,10,0,10,富邦-台東,2023-01-09,9608
2610,華航,22,13,9,富邦-台東,2023-01-09,9608
2393,億光,8,0,8,富邦-台東,2023-01-09,9608
00676R,富邦臺灣加權反1,7,0,7,富邦-台東,2023-01-09,9608
2345,智邦,10,3,7,富邦-台東,2023-01-09,9608
1752,南光,13,7,6,富邦-台東,2023-01-09,9608
1815,富喬,6,0,6,富邦-台東,2023-01-09,9608
6182,合晶,5,0,5,富邦-台東,2023-01-09,9608
8358,金居,9,4,5,富邦-台東,2023-01-09,9608
2497,怡利電,5,0,5,富邦-台東,2023-01-09,9608
3272,東碩,5,0,5,富邦-台東,2023-01-09,9608
4174,浩鼎,5,0,5,富邦-台東,2023-01-09,9608
4402,郡都開發,5,0,5,富邦-台東,2023-01-09,9608
4923,力士,5,0,5,富邦-台東,2023-01-09,9608
4977,眾達-KY,5,0,5,富邦-台東,2023-01-09,9608
8038,長園科,5,0,5,富邦-台東,2023-01-09,9608
8429,金麗-KY,5,0,5,富邦-台東,2023-01-09,9608
2603,長榮,5,1,4,富邦-台東,2023-01-09,9608
2436,偉詮電,4,0,4,富邦-台東,2023-01-09,9608
2609,陽明,5,1,4,富邦-台東,2023-01-09,9608
6108,競國,4,0,4,富邦-台東,2023-01-09,9608
6179,亞通,4,0,4,富邦-台東,2023-01-09,9608
2231,為升,3,0,3,富邦-台東,2023-01-09,9608
2441,超豐,3,0,3,富邦-台東,2023-01-09,9608
2466,冠西電,3,0,3,富邦-台東,2023-01-09,9608
2731,雄獅,3,0,3,富邦-台東,2023-01-09,9608
3504,揚明光,3,0,3,富邦-台東,2023-01-09,9608
4971,IET-KY,3,0,3,富邦-台東,2023-01-09,9608
2892,第一金,60,4,56,富邦-台東,2023-01-10,9608
4171,瑞基,30,5,25,富邦-台東,2023-01-10,9608
1231,聯華食,20,0,20,富邦-台東,2023-01-10,9608
6290,良維,23,4,19,富邦-台東,2023-01-10,9608
1417,嘉裕,12,0,12,富邦-台東,2023-01-10,9608
1513,中興電,11,0,11,富邦-台東,2023-01-10,9608
00632R,元大台灣50反1,19,10,9,富邦-台東,2023-01-10,9608
00878,國泰永續高股息,10,1,9,富邦-台東,2023-01-10,9608
5347,世界,9,1,8,富邦-台東,2023-01-10,9608
2364,倫飛,7,0,7,富邦-台東,2023-01-10,9608
3706,神達,26,20,6,富邦-台東,2023-01-10,9608
2468,華經,27,21,6,富邦-台東,2023-01-10,9608
2748,雲品,6,0,6,富邦-台東,2023-01-10,9608
3494,誠研,6,0,6,富邦-台東,2023-01-10,9608
6443,元晶,9,3,6,富邦-台東,2023-01-10,9608
9958,世紀鋼,6,0,6,富邦-台東,2023-01-10,9608
00679B,元大美債20年,5,0,5,富邦-台東,2023-01-10,9608
1718,中纖,5,0,5,富邦-台東,2023-01-10,9608
00720B,元大投資級公司債,5,0,5,富邦-台東,2023-01-10,9608
2022,聚亨,5,0,5,富邦-台東,2023-01-10,9608
2301,光寶科,5,0,5,富邦-台東,2023-01-10,9608
5243,乙盛-KY,5,0,5,富邦-台東,2023-01-10,9608
6118,建達,10,5,5,富邦-台東,2023-01-10,9608
1308,亞聚,33,29,4,富邦-台東,2023-01-10,9608
2014,中鴻,22,18,4,富邦-台東,2023-01-10,9608
2444,兆勁,4,0,4,富邦-台東,2023-01-10,9608
8222,寶一,4,0,4,富邦-台東,2023-01-10,9608
2317,鴻海,3,0,3,富邦-台東,2023-01-10,9608
2498,宏達電,9,6,3,富邦-台東,2023-01-10,9608
3105,穩懋,11,8,3,富邦-台東,2023-01-10,9608
6446,藥華藥,3,0,3,富邦-台東,2023-01-10,9608
8289,泰藝,3,0,3,富邦-台東,2023-01-10,9608
00892,富邦台灣半導體,3,0,3,富邦-台東,2023-01-10,9608
00900,富邦特選高股息30,2,0,2,富邦-台東,2023-01-10,9608
8436,大江,2,0,2,富邦-台東,2023-01-10,9608
1605,華新,10,8,2,富邦-台東,2023-01-10,9608
1535,中宇,2,0,2,富邦-台東,2023-01-10,9608
00770,國泰北美科技,2,0,2,富邦-台東,2023-01-10,9608
00885,富邦越南,5,3,2,富邦-台東,2023-01-10,9608
1217,愛之味,2,0,2,富邦-台東,2023-01-10,9608
2023,燁輝,2,0,2,富邦-台東,2023-01-10,9608
2032,新鋼,2,0,2,富邦-台東,2023-01-10,9608
2515,中工,2,0,2,富邦-台東,2023-01-10,9608
2633,台灣高鐵,2,0,2,富邦-台東,2023-01-10,9608
3013,晟銘電,4,2,2,富邦-台東,2023-01-10,9608
3036,文曄,22,20,2,富邦-台東,2023-01-10,9608
3703,欣陸,2,0,2,富邦-台東,2023-01-10,9608
4102,永日,6,4,2,富邦-台東,2023-01-10,9608
4931,新盛力,2,0,2,富邦-台東,2023-01-10,9608
5475,德宏,2,0,2,富邦-台東,2023-01-10,9608
1609,大亞,120,1,119,富邦-台東,2023-01-11,9608
3093,港建*,30,5,25,富邦-台東,2023-01-11,9608
2367,燿華,25,0,25,富邦-台東,2023-01-11,9608
2614,東森,20,0,20,富邦-台東,2023-01-11,9608
4979,華星光,23,3,20,富邦-台東,2023-01-11,9608
2888,新光金,10,0,10,富邦-台東,2023-01-11,9608
5309,系統電,10,0,10,富邦-台東,2023-01-11,9608
8016,矽創,10,0,10,富邦-台東,2023-01-11,9608
00715L,期街口布蘭特正2,9,0,9,富邦-台東,2023-01-11,9608
2317,鴻海,6,0,6,富邦-台東,2023-01-11,9608
1340,勝悅-KY,6,0,6,富邦-台東,2023-01-11,9608
2633,台灣高鐵,6,0,6,富邦-台東,2023-01-11,9608
3508,位速,6,0,6,富邦-台東,2023-01-11,9608
6147,頎邦,8,2,6,富邦-台東,2023-01-11,9608
6118,建達,9,3,6,富邦-台東,2023-01-11,9608
00671R,富邦NASDAQ反1,5,0,5,富邦-台東,2023-01-11,9608
00720B,元大投資級公司債,5,0,5,富邦-台東,2023-01-11,9608
1785,光洋科,5,0,5,富邦-台東,2023-01-11,9608
4743,合一,5,0,5,富邦-台東,2023-01-11,9608
6446,藥華藥,5,0,5,富邦-台東,2023-01-11,9608
1605,華新,21,17,4,富邦-台東,2023-01-11,9608
1305,華夏,7,3,4,富邦-台東,2023-01-11,9608
00713,元大台灣高息低波,4,0,4,富邦-台東,2023-01-11,9608
00679B,元大美債20年,4,0,4,富邦-台東,2023-01-11,9608
6223,旺矽,5,1,4,富邦-台東,2023-01-11,9608
2615,萬海,24,21,3,富邦-台東,2023-01-11,9608
3062,建漢,3,0,3,富邦-台東,2023-01-11,9608
5258,虹堡,3,0,3,富邦-台東,2023-01-11,9608
6274,台燿,3,0,3,富邦-台東,2023-01-11,9608
6541,泰福-KY,3,0,3,富邦-台東,2023-01-11,9608
2882,國泰金,2,0,2,富邦-台東,2023-01-11,9608
00882,中信中國高股息,2,0,2,富邦-台東,2023-01-11,9608
1714,和桐,2,0,2,富邦-台東,2023-01-11,9608
1708,東鹼,2,0,2,富邦-台東,2023-01-11,9608
1560,中砂,10,8,2,富邦-台東,2023-01-11,9608
1784,訊聯,2,0,2,富邦-台東,2023-01-11,9608
1789,神隆,2,0,2,富邦-台東,2023-01-11,9608
1795,美時,2,0,2,富邦-台東,2023-01-11,9608
2328,廣宇,2,0,2,富邦-台東,2023-01-11,9608
2395,研華,2,0,2,富邦-台東,2023-01-11,9608
2545,皇翔,2,0,2,富邦-台東,2023-01-11,9608
2609,陽明,15,13,2,富邦-台東,2023-01-11,9608
4162,智擎,2,0,2,富邦-台東,2023-01-11,9608
4924,欣厚-KY,2,0,2,富邦-台東,2023-01-11,9608
6185,幃翔,3,1,2,富邦-台東,2023-01-11,9608
8050,廣積,2,0,2,富邦-台東,2023-01-11,9608
5880,合庫金,1,0,1,富邦-台東,2023-01-11,9608
6533,晶心科,3,2,1,富邦-台東,2023-01-11,9608
1590,亞德客-KY,1,0,1,富邦-台東,2023-01-11,9608
1417,嘉裕,1,0,1,富邦-台東,2023-01-11,9608
00673R,期元大S＆P原油反1,30,0,30,富邦-台東,2023-01-12,9608
3044,健鼎,21,0,21,富邦-台東,2023-01-12,9608
4989,榮科,20,0,20,富邦-台東,2023-01-12,9608
1584,精剛,23,8,15,富邦-台東,2023-01-12,9608
2615,萬海,28,14,14,富邦-台東,2023-01-12,9608
2884,玉山金,15,1,14,富邦-台東,2023-01-12,9608
00770,國泰北美科技,12,0,12,富邦-台東,2023-01-12,9608
1218,泰山,12,1,11,富邦-台東,2023-01-12,9608
2883,凱基金,11,0,11,富邦-台東,2023-01-12,9608
2880,華南金,10,0,10,富邦-台東,2023-01-12,9608
2892,第一金,10,0,10,富邦-台東,2023-01-12,9608
9958,世紀鋼,10,1,9,富邦-台東,2023-01-12,9608
2409,友達,8,0,8,富邦-台東,2023-01-12,9608
2542,興富發,8,1,7,富邦-台東,2023-01-12,9608
00637L,元大滬深300正2,7,0,7,富邦-台東,2023-01-12,9608
00679B,元大美債20年,6,0,6,富邦-台東,2023-01-12,9608
2609,陽明,7,1,6,富邦-台東,2023-01-12,9608
3481,群創,6,0,6,富邦-台東,2023-01-12,9608
1417,嘉裕,5,0,5,富邦-台東,2023-01-12,9608
2358,廷鑫,14,9,5,富邦-台東,2023-01-12,9608
2888,新光金,5,0,5,富邦-台東,2023-01-12,9608
2890,永豐金,5,0,5,富邦-台東,2023-01-12,9608
3322,建舜電,5,0,5,富邦-台東,2023-01-12,9608
1605,華新,29,25,4,富邦-台東,2023-01-12,9608
00713,元大台灣高息低波,4,0,4,富邦-台東,2023-01-12,9608
6472,保瑞,3,0,3,富邦-台東,2023-01-12,9608
00631L,元大台灣50正2,5,2,3,富邦-台東,2023-01-12,9608
00885,富邦越南,4,1,3,富邦-台東,2023-01-12,9608
3035,智原,4,1,3,富邦-台東,2023-01-12,9608
5321,美而快,3,0,3,富邦-台東,2023-01-12,9608
5371,中光電,4,1,3,富邦-台東,2023-01-12,9608
6213,聯茂,3,0,3,富邦-台東,2023-01-12,9608
8069,元太,5,2,3,富邦-台東,2023-01-12,9608
00878,國泰永續高股息,2,0,2,富邦-台東,2023-01-12,9608
2603,長榮,24,22,2,富邦-台東,2023-01-12,9608
6415,矽力*-KY,2,0,2,富邦-台東,2023-01-12,9608
00671R,富邦NASDAQ反1,2,0,2,富邦-台東,2023-01-12,9608
00753L,中信中國50正2,2,0,2,富邦-台東,2023-01-12,9608
00714,群益道瓊美國地產,2,0,2,富邦-台東,2023-01-12,9608
00882,中信中國高股息,2,0,2,富邦-台東,2023-01-12,9608
1720,生達,2,0,2,富邦-台東,2023-01-12,9608
2104,國際中橡,2,0,2,富邦-台東,2023-01-12,9608
2368,金像電,2,0,2,富邦-台東,2023-01-12,9608
2618,長榮航,7,5,2,富邦-台東,2023-01-12,9608
2867,三商壽,2,0,2,富邦-台東,2023-01-12,9608
3209,全科,2,0,2,富邦-台東,2023-01-12,9608
3687,歐買尬,2,0,2,富邦-台東,2023-01-12,9608
4931,新盛力,2,0,2,富邦-台東,2023-01-12,9608
5263,智崴,5,3,2,富邦-台東,2023-01-12,9608
6108,競國,2,0,2,富邦-台東,2023-01-12,9608
00878,國泰永續高股息,42,0,42,富邦-台東,2023-01-13,9608
2511,太子,20,0,20,富邦-台東,2023-01-13,9608
6290,良維,20,0,20,富邦-台東,2023-01-13,9608
3322,建舜電,15,0,15,富邦-台東,2023-01-13,9608
3508,位速,15,0,15,富邦-台東,2023-01-13,9608
2880,華南金,12,0,12,富邦-台東,2023-01-13,9608
3093,港建*,12,0,12,富邦-台東,2023-01-13,9608
2609,陽明,41,31,10,富邦-台東,2023-01-13,9608
00632R,元大台灣50反1,20,10,10,富邦-台東,2023-01-13,9608
2406,國碩,10,0,10,富邦-台東,2023-01-13,9608
2498,宏達電,18,8,10,富邦-台東,2023-01-13,9608
6443,元晶,11,2,9,富邦-台東,2023-01-13,9608
2834,臺企銀,8,0,8,富邦-台東,2023-01-13,9608
2358,廷鑫,12,5,7,富邦-台東,2023-01-13,9608
2603,長榮,29,22,7,富邦-台東,2023-01-13,9608
3062,建漢,6,0,6,富邦-台東,2023-01-13,9608
00670L,富邦NASDAQ正2,5,0,5,富邦-台東,2023-01-13,9608
00631L,元大台灣50正2,6,1,5,富邦-台東,2023-01-13,9608
2812,台中銀,5,0,5,富邦-台東,2023-01-13,9608
3189,景碩,9,4,5,富邦-台東,2023-01-13,9608
00900,富邦特選高股息30,4,0,4,富邦-台東,2023-01-13,9608
2313,華通,4,0,4,富邦-台東,2023-01-13,9608
4746,台耀,4,0,4,富邦-台東,2023-01-13,9608
6689,伊雲谷,4,0,4,富邦-台東,2023-01-13,9608
00725B,國泰投資級公司債,3,0,3,富邦-台東,2023-01-13,9608
00720B,元大投資級公司債,3,0,3,富邦-台東,2023-01-13,9608
2014,中鴻,8,5,3,富邦-台東,2023-01-13,9608
2371,大同,3,0,3,富邦-台東,2023-01-13,9608
2458,義隆,3,0,3,富邦-台東,2023-01-13,9608
2732,六角,4,1,3,富邦-台東,2023-01-13,9608
00885,富邦越南,3,0,3,富邦-台東,2023-01-13,9608
2454,聯發科,3,1,2,富邦-台東,2023-01-13,9608
1584,精剛,3,1,2,富邦-台東,2023-01-13,9608
1712,興農,2,0,2,富邦-台東,2023-01-13,9608
1752,南光,5,3,2,富邦-台東,2023-01-13,9608
2201,裕隆,3,1,2,富邦-台東,2023-01-13,9608
3443,創意,2,0,2,富邦-台東,2023-01-13,9608
5321,美而快,6,4,2,富邦-台東,2023-01-13,9608
6150,撼訊,4,2,2,富邦-台東,2023-01-13,9608
6155,鈞寶,2,0,2,富邦-台東,2023-01-13,9608
8069,元太,4,2,2,富邦-台東,2023-01-13,9608
8222,寶一,2,0,2,富邦-台東,2023-01-13,9608
8112,至上,1,0,1,富邦-台東,2023-01-13,9608
00915,凱基優選高股息30,1,0,1,富邦-台東,2023-01-13,9608
00895,富邦未來車,1,0,1,富邦-台東,2023-01-13,9608
00892,富邦台灣半導體,1,0,1,富邦-台東,2023-01-13,9608
00881,國泰台灣5G+,1,0,1,富邦-台東,2023-01-13,9608
006208,富邦台50,1,0,1,富邦-台東,2023-01-13,9608
1612,宏泰,11,10,1,富邦-台東,2023-01-13,9608
1605,華新,4,3,1,富邦-台東,2023-01-13,9608
00885,富邦越南,161,0,161,富邦-台東,2023-01-16,9608
00673R,期元大S＆P原油反1,60,0,60,富邦-台東,2023-01-16,9608
2201,裕隆,61,1,60,富邦-台東,2023-01-16,9608
00712,復華富時不動產,60,10,50,富邦-台東,2023-01-16,9608
2511,太子,50,0,50,富邦-台東,2023-01-16,9608
2455,全新,30,0,30,富邦-台東,2023-01-16,9608
3006,晶豪科,20,2,18,富邦-台東,2023-01-16,9608
2609,陽明,18,1,17,富邦-台東,2023-01-16,9608
6770,力積電,11,0,11,富邦-台東,2023-01-16,9608
00679B,元大美債20年,11,0,11,富邦-台東,2023-01-16,9608
1712,興農,10,0,10,富邦-台東,2023-01-16,9608
2105,正新,10,0,10,富邦-台東,2023-01-16,9608
2106,建大,10,0,10,富邦-台東,2023-01-16,9608
2462,良得電,10,0,10,富邦-台東,2023-01-16,9608
2498,宏達電,24,14,10,富邦-台東,2023-01-16,9608
2633,台灣高鐵,10,0,10,富邦-台東,2023-01-16,9608
6168,宏齊,10,0,10,富邦-台東,2023-01-16,9608
6290,良維,10,0,10,富邦-台東,2023-01-16,9608
8016,矽創,10,0,10,富邦-台東,2023-01-16,9608
00882,中信中國高股息,9,0,9,富邦-台東,2023-01-16,9608
2430,燦坤,6,0,6,富邦-台東,2023-01-16,9608
3062,建漢,6,0,6,富邦-台東,2023-01-16,9608
00720B,元大投資級公司債,5,0,5,富邦-台東,2023-01-16,9608
2736,富野,5,0,5,富邦-台東,2023-01-16,9608
2867,三商壽,5,0,5,富邦-台東,2023-01-16,9608
3322,建舜電,5,0,5,富邦-台東,2023-01-16,9608
6609,瀧澤科,5,0,5,富邦-台東,2023-01-16,9608
6689,伊雲谷,4,0,4,富邦-台東,2023-01-16,9608
1340,勝悅-KY,4,0,4,富邦-台東,2023-01-16,9608
00770,國泰北美科技,4,0,4,富邦-台東,2023-01-16,9608
00753L,中信中國50正2,4,0,4,富邦-台東,2023-01-16,9608
5607,遠雄港,4,0,4,富邦-台東,2023-01-16,9608
2317,鴻海,6,3,3,富邦-台東,2023-01-16,9608
2308,台達電,3,0,3,富邦-台東,2023-01-16,9608
2312,金寶,3,0,3,富邦-台東,2023-01-16,9608
2610,華航,12,9,3,富邦-台東,2023-01-16,9608
2614,東森,3,0,3,富邦-台東,2023-01-16,9608
2891,中信金,3,0,3,富邦-台東,2023-01-16,9608
1101,台泥,4,2,2,富邦-台東,2023-01-16,9608
2618,長榮航,2,0,2,富邦-台東,2023-01-16,9608
2371,大同,2,0,2,富邦-台東,2023-01-16,9608
1584,精剛,2,0,2,富邦-台東,2023-01-16,9608
00706L,期元大S＆P日圓正2,2,0,2,富邦-台東,2023-01-16,9608
00724B,群益投資級金融債,2,0,2,富邦-台東,2023-01-16,9608
00772B,中信高評級公司債,2,0,2,富邦-台東,2023-01-16,9608
1701,中化,2,0,2,富邦-台東,2023-01-16,9608
2421,建準,2,0,2,富邦-台東,2023-01-16,9608
2607,榮運,2,0,2,富邦-台東,2023-01-16,9608
3038,全台,2,0,2,富邦-台東,2023-01-16,9608
3051,力特,2,0,2,富邦-台東,2023-01-16,9608
00885,富邦越南,52,1,51,富邦-台東,2023-01-17,9608
4104,佳醫,31,0,31,富邦-台東,2023-01-17,9608
6168,宏齊,30,0,30,富邦-台東,2023-01-17,9608
1584,精剛,15,0,15,富邦-台東,2023-01-17,9608
1514,亞力,24,11,13,富邦-台東,2023-01-17,9608
4167,松瑞藥,13,0,13,富邦-台東,2023-01-17,9608
2884,玉山金,11,0,11,富邦-台東,2023-01-17,9608
1522,堤維西,10,0,10,富邦-台東,2023-01-17,9608
00641R,富邦日本反1,10,0,10,富邦-台東,2023-01-17,9608
00679B,元大美債20年,10,0,10,富邦-台東,2023-01-17,9608
2455,全新,10,0,10,富邦-台東,2023-01-17,9608
2603,長榮,30,20,10,富邦-台東,2023-01-17,9608
2641,正德,10,0,10,富邦-台東,2023-01-17,9608
8016,矽創,10,0,10,富邦-台東,2023-01-17,9608
2883,凱基金,10,1,9,富邦-台東,2023-01-17,9608
4155,訊映,8,0,8,富邦-台東,2023-01-17,9608
2618,長榮航,11,3,8,富邦-台東,2023-01-17,9608
2880,華南金,7,0,7,富邦-台東,2023-01-17,9608
4171,瑞基,7,0,7,富邦-台東,2023-01-17,9608
5425,台半,7,1,6,富邦-台東,2023-01-17,9608
00882,中信中國高股息,7,1,6,富邦-台東,2023-01-17,9608
2610,華航,5,0,5,富邦-台東,2023-01-17,9608
2542,興富發,5,0,5,富邦-台東,2023-01-17,9608
00772B,中信高評級公司債,5,0,5,富邦-台東,2023-01-17,9608
2301,光寶科,5,0,5,富邦-台東,2023-01-17,9608
2324,仁寶,5,0,5,富邦-台東,2023-01-17,9608
3163,波若威,5,0,5,富邦-台東,2023-01-17,9608
4162,智擎,6,1,5,富邦-台東,2023-01-17,9608
8110,華東,5,0,5,富邦-台東,2023-01-17,9608
1720,生達,4,0,4,富邦-台東,2023-01-17,9608
1786,科妍,4,0,4,富邦-台東,2023-01-17,9608
5321,美而快,9,5,4,富邦-台東,2023-01-17,9608
00770,國泰北美科技,3,0,3,富邦-台東,2023-01-17,9608
1524,耿鼎,3,0,3,富邦-台東,2023-01-17,9608
1701,中化,3,0,3,富邦-台東,2023-01-17,9608
2889,國票金,3,0,3,富邦-台東,2023-01-17,9608
6666,羅麗芬-KY,3,0,3,富邦-台東,2023-01-17,9608
8155,博智,3,0,3,富邦-台東,2023-01-17,9608
8473,山林水,3,0,3,富邦-台東,2023-01-17,9608
2317,鴻海,3,0,3,富邦-台東,2023-01-17,9608
2614,東森,3,0,3,富邦-台東,2023-01-17,9608
4904,遠傳,2,0,2,富邦-台東,2023-01-17,9608
1402,遠東新,2,0,2,富邦-台東,2023-01-17,9608
00712,復華富時不動產,2,0,2,富邦-台東,2023-01-17,9608
00877,復華中國5G,2,0,2,富邦-台東,2023-01-17,9608
1201,味全,2,0,2,富邦-台東,2023-01-17,9608
1527,鑽全,2,0,2,富邦-台東,2023-01-17,9608
1599,宏佳騰,2,0,2,富邦-台東,2023-01-17,9608
2009,第一銅,2,0,2,富邦-台東,2023-01-17,9608
2352,佳世達,2,0,2,富邦-台東,2023-01-17,9608
2354,鴻準,82,1,81,富邦-台東,2023-01-30,9608
3484,崧騰,38,0,38,富邦-台東,2023-01-30,9608
00632R,元大台灣50反1,46,10,36,富邦-台東,2023-01-30,9608
006208,富邦台50,33,1,32,富邦-台東,2023-01-30,9608
6187,萬潤,30,1,29,富邦-台東,2023-01-30,9608
2609,陽明,28,0,28,富邦-台東,2023-01-30,9608
1227,佳格,22,0,22,富邦-台東,2023-01-30,9608
6261,久元,22,0,22,富邦-台東,2023-01-30,9608
2317,鴻海,20,0,20,富邦-台東,2023-01-30,9608
4904,遠傳,18,0,18,富邦-台東,2023-01-30,9608
1101,台泥,18,3,15,富邦-台東,2023-01-30,9608
00671R,富邦NASDAQ反1,13,0,13,富邦-台東,2023-01-30,9608
1810,和成,15,2,13,富邦-台東,2023-01-30,9608
2603,長榮,21,8,13,富邦-台東,2023-01-30,9608
1336,台翰,11,0,11,富邦-台東,2023-01-30,9608
2889,國票金,14,3,11,富邦-台東,2023-01-30,9608
5388,中磊,11,1,10,富邦-台東,2023-01-30,9608
6290,良維,20,10,10,富邦-台東,2023-01-30,9608
00720B,元大投資級公司債,9,0,9,富邦-台東,2023-01-30,9608
1529,樂事綠能,10,1,9,富邦-台東,2023-01-30,9608
5258,虹堡,11,2,9,富邦-台東,2023-01-30,9608
2880,華南金,8,0,8,富邦-台東,2023-01-30,9608
2637,慧洋-KY,8,0,8,富邦-台東,2023-01-30,9608
2834,臺企銀,38,31,7,富邦-台東,2023-01-30,9608
2887,台新金,10,4,6,富邦-台東,2023-01-30,9608
00706L,期元大S＆P日圓正2,6,0,6,富邦-台東,2023-01-30,9608
6770,力積電,11,5,6,富邦-台東,2023-01-30,9608
00648R,元大S＆P500反1,5,0,5,富邦-台東,2023-01-30,9608
00713,元大台灣高息低波,5,0,5,富邦-台東,2023-01-30,9608
2105,正新,5,0,5,富邦-台東,2023-01-30,9608
2415,錩新,5,0,5,富邦-台東,2023-01-30,9608
00651R,復華香港反1,4,0,4,富邦-台東,2023-01-30,9608
2308,台達電,6,2,4,富邦-台東,2023-01-30,9608
2884,玉山金,12,8,4,富邦-台東,2023-01-30,9608
3430,奇鈦科,4,0,4,富邦-台東,2023-01-30,9608
9802,鈺齊-KY,4,0,4,富邦-台東,2023-01-30,9608
5880,合庫金,6,3,3,富邦-台東,2023-01-30,9608
00900,富邦特選高股息30,8,5,3,富邦-台東,2023-01-30,9608
3594,磐儀,3,0,3,富邦-台東,2023-01-30,9608
8069,元太,4,1,3,富邦-台東,2023-01-30,9608
8171,天宇,6,3,3,富邦-台東,2023-01-30,9608
8996,高力,7,4,3,富邦-台東,2023-01-30,9608
00692,富邦公司治理,3,0,3,富邦-台東,2023-01-30,9608
1210,大成,2,0,2,富邦-台東,2023-01-30,9608
1503,士電,2,0,2,富邦-台東,2023-01-30,9608
1504,東元,3,1,2,富邦-台東,2023-01-30,9608
1612,宏泰,3,1,2,富邦-台東,2023-01-30,9608
1734,杏輝,2,0,2,富邦-台東,2023-01-30,9608
1795,美時,2,0,2,富邦-台東,2023-01-30,9608
2038,海光,2,0,2,富邦-台東,2023-01-30,9608
1711,永光,100,0,100,富邦-台東,2023-01-31,9608
2892,第一金,72,0,72,富邦-台東,2023-01-31,9608
00706L,期元大S＆P日圓正2,51,0,51,富邦-台東,2023-01-31,9608
1609,大亞,61,13,48,富邦-台東,2023-01-31,9608
00673R,期元大S＆P原油反1,50,14,36,富邦-台東,2023-01-31,9608
00878,國泰永續高股息,26,0,26,富邦-台東,2023-01-31,9608
2354,鴻準,22,0,22,富邦-台東,2023-01-31,9608
2887,台新金,22,0,22,富邦-台東,2023-01-31,9608
1608,華榮,23,3,20,富邦-台東,2023-01-31,9608
00679B,元大美債20年,17,0,17,富邦-台東,2023-01-31,9608
00905,FT臺灣Smart,16,0,16,富邦-台東,2023-01-31,9608
2880,華南金,16,0,16,富邦-台東,2023-01-31,9608
2430,燦坤,12,0,12,富邦-台東,2023-01-31,9608
5880,合庫金,11,0,11,富邦-台東,2023-01-31,9608
2324,仁寶,11,0,11,富邦-台東,2023-01-31,9608
2834,臺企銀,20,10,10,富邦-台東,2023-01-31,9608
6026,福邦證,10,0,10,富邦-台東,2023-01-31,9608
00882,中信中國高股息,9,0,9,富邦-台東,2023-01-31,9608
00720B,元大投資級公司債,8,0,8,富邦-台東,2023-01-31,9608
1584,精剛,10,2,8,富邦-台東,2023-01-31,9608
2610,華航,8,0,8,富邦-台東,2023-01-31,9608
1308,亞聚,10,2,8,富邦-台東,2023-01-31,9608
2330,台積電,12,4,8,富邦-台東,2023-01-31,9608
2436,偉詮電,8,1,7,富邦-台東,2023-01-31,9608
2468,華經,7,0,7,富邦-台東,2023-01-31,9608
8289,泰藝,7,0,7,富邦-台東,2023-01-31,9608
1101,台泥,6,0,6,富邦-台東,2023-01-31,9608
00893,國泰智能電動車,10,5,5,富邦-台東,2023-01-31,9608
00830,國泰費城半導體,5,0,5,富邦-台東,2023-01-31,9608
00772B,中信高評級公司債,5,0,5,富邦-台東,2023-01-31,9608
1529,樂事綠能,7,2,5,富邦-台東,2023-01-31,9608
2301,光寶科,5,0,5,富邦-台東,2023-01-31,9608
2890,永豐金,10,5,5,富邦-台東,2023-01-31,9608
3324,雙鴻,5,0,5,富邦-台東,2023-01-31,9608
5388,中磊,5,0,5,富邦-台東,2023-01-31,9608
5536,聖暉*,5,0,5,富邦-台東,2023-01-31,9608
2408,南亞科,4,0,4,富邦-台東,2023-01-31,9608
3044,健鼎,4,0,4,富邦-台東,2023-01-31,9608
5425,台半,6,2,4,富邦-台東,2023-01-31,9608
00752,中信中國50,3,0,3,富邦-台東,2023-01-31,9608
2206,三陽工業,3,0,3,富邦-台東,2023-01-31,9608
3711,日月光投控,3,0,3,富邦-台東,2023-01-31,9608
4128,中天,3,0,3,富邦-台東,2023-01-31,9608
8150,南茂,3,0,3,富邦-台東,2023-01-31,9608
6282,康舒,10,7,3,富邦-台東,2023-01-31,9608
00892,富邦台灣半導體,6,4,2,富邦-台東,2023-01-31,9608
1722,台肥,2,0,2,富邦-台東,2023-01-31,9608
00669R,國泰美國道瓊反1,2,0,2,富邦-台東,2023-01-31,9608
00642U,期元大S＆P石油,2,0,2,富邦-台東,2023-01-31,9608
1504,東元,2,0,2,富邦-台東,2023-01-31,9608
2884,玉山金,40,0,40,富邦-台東,2023-02-01,9608
3520,華盈,37,0,37,富邦-台東,2023-02-01,9608
1514,亞力,32,0,32,富邦-台東,2023-02-01,9608
3481,群創,38,10,28,富邦-台東,2023-02-01,9608
2834,臺企銀,26,0,26,富邦-台東,2023-02-01,9608
1417,嘉裕,31,10,21,富邦-台東,2023-02-01,9608
00680L,元大美債20正2,20,0,20,富邦-台東,2023-02-01,9608
2030,彰源,20,0,20,富邦-台東,2023-02-01,9608
6278,台表科,20,0,20,富邦-台東,2023-02-01,9608
2881,富邦金,20,0,20,富邦-台東,2023-02-01,9608
2317,鴻海,15,0,15,富邦-台東,2023-02-01,9608
2014,中鴻,18,4,14,富邦-台東,2023-02-01,9608
1584,精剛,17,4,13,富邦-台東,2023-02-01,9608
1612,宏泰,13,0,13,富邦-台東,2023-02-01,9608
2891,中信金,12,0,12,富邦-台東,2023-02-01,9608
00882,中信中國高股息,15,4,11,富邦-台東,2023-02-01,9608
6285,啟��,12,1,11,富邦-台東,2023-02-01,9608
2886,兆豐金,10,0,10,富邦-台東,2023-02-01,9608
6438,迅得,10,0,10,富邦-台東,2023-02-01,9608
9105,泰金寶-DR,10,0,10,富邦-台東,2023-02-01,9608
2890,永豐金,8,0,8,富邦-台東,2023-02-01,9608
2023,燁輝,9,2,7,富邦-台東,2023-02-01,9608
2354,鴻準,7,0,7,富邦-台東,2023-02-01,9608
4968,立積,7,1,6,富邦-台東,2023-02-01,9608
6143,振曜,6,0,6,富邦-台東,2023-02-01,9608
1504,東元,5,0,5,富邦-台東,2023-02-01,9608
1701,中化,8,3,5,富邦-台東,2023-02-01,9608
2027,大成鋼,5,0,5,富邦-台東,2023-02-01,9608
2301,光寶科,5,0,5,富邦-台東,2023-02-01,9608
2520,冠德,5,0,5,富邦-台東,2023-02-01,9608
00632R,元大台灣50反1,4,0,4,富邦-台東,2023-02-01,9608
1529,樂事綠能,4,0,4,富邦-台東,2023-02-01,9608
1709,和益,4,0,4,富邦-台東,2023-02-01,9608
2009,第一銅,9,5,4,富邦-台東,2023-02-01,9608
2031,新光鋼,4,0,4,富邦-台東,2023-02-01,9608
2412,中華電,4,0,4,富邦-台東,2023-02-01,9608
8033,雷虎,5,1,4,富邦-台東,2023-02-01,9608
4979,華星光,4,1,3,富邦-台東,2023-02-01,9608
2892,第一金,3,0,3,富邦-台東,2023-02-01,9608
2887,台新金,3,0,3,富邦-台東,2023-02-01,9608
4128,中天,5,2,3,富邦-台東,2023-02-01,9608
2481,強茂,3,0,3,富邦-台東,2023-02-01,9608
2610,華航,23,20,3,富邦-台東,2023-02-01,9608
3594,磐儀,5,2,3,富邦-台東,2023-02-01,9608
5009,榮剛,6,3,3,富邦-台東,2023-02-01,9608
5258,虹堡,7,4,3,富邦-台東,2023-02-01,9608
6446,藥華藥,3,0,3,富邦-台東,2023-02-01,9608
3037,欣興,5,2,3,富邦-台東,2023-02-01,9608
3357,臺慶科,2,0,2,富邦-台東,2023-02-01,9608
1310,台苯,2,0,2,富邦-台東,2023-02-01,9608
00676R,富邦臺灣加權反1,100,0,100,富邦-台東,2023-02-02,9608
00885,富邦越南,97,2,95,富邦-台東,2023-02-02,9608
2201,裕隆,69,9,60,富邦-台東,2023-02-02,9608
00632R,元大台灣50反1,68,10,58,富邦-台東,2023-02-02,9608
2897,王道銀行,55,0,55,富邦-台東,2023-02-02,9608
00715L,期街口布蘭特正2,53,0,53,富邦-台東,2023-02-02,9608
2867,三商壽,50,1,49,富邦-台東,2023-02-02,9608
00878,國泰永續高股息,50,7,43,富邦-台東,2023-02-02,9608
00773B,中信優先金融債,35,0,35,富邦-台東,2023-02-02,9608
2430,燦坤,33,0,33,富邦-台東,2023-02-02,9608
00680L,元大美債20正2,30,0,30,富邦-台東,2023-02-02,9608
5347,世界,29,3,26,富邦-台東,2023-02-02,9608
1810,和成,23,0,23,富邦-台東,2023-02-02,9608
2892,第一金,21,0,21,富邦-台東,2023-02-02,9608
1447,力鵬,20,0,20,富邦-台東,2023-02-02,9608
2641,正德,20,0,20,富邦-台東,2023-02-02,9608
2618,長榮航,18,3,15,富邦-台東,2023-02-02,9608
2455,全新,15,1,14,富邦-台東,2023-02-02,9608
3481,群創,15,1,14,富邦-台東,2023-02-02,9608
2834,臺企銀,13,0,13,富邦-台東,2023-02-02,9608
1417,嘉裕,11,0,11,富邦-台東,2023-02-02,9608
2891,中信金,11,0,11,富邦-台東,2023-02-02,9608
0056,元大高股息,10,0,10,富邦-台東,2023-02-02,9608
2413,環科,10,0,10,富邦-台東,2023-02-02,9608
3093,港建*,10,0,10,富邦-台東,2023-02-02,9608
00895,富邦未來車,10,1,9,富邦-台東,2023-02-02,9608
5425,台半,11,2,9,富邦-台東,2023-02-02,9608
1227,佳格,8,0,8,富邦-台東,2023-02-02,9608
4721,美琪瑪,10,2,8,富邦-台東,2023-02-02,9608
00882,中信中國高股息,7,0,7,富邦-台東,2023-02-02,9608
1513,中興電,10,3,7,富邦-台東,2023-02-02,9608
2912,統一超,5,0,5,富邦-台東,2023-02-02,9608
3665,貿聯-KY,5,0,5,富邦-台東,2023-02-02,9608
00642U,期元大S＆P石油,5,0,5,富邦-台東,2023-02-02,9608
1504,東元,5,0,5,富邦-台東,2023-02-02,9608
1568,倉佑,5,0,5,富邦-台東,2023-02-02,9608
2014,中鴻,7,2,5,富邦-台東,2023-02-02,9608
2105,正新,5,0,5,富邦-台東,2023-02-02,9608
2301,光寶科,5,0,5,富邦-台東,2023-02-02,9608
2329,華泰,10,5,5,富邦-台東,2023-02-02,9608
3027,盛達,5,0,5,富邦-台東,2023-02-02,9608
6441,廣錠,5,0,5,富邦-台東,2023-02-02,9608
6712,長聖,6,1,5,富邦-台東,2023-02-02,9608
6741,91APP*-KY,5,0,5,富邦-台東,2023-02-02,9608
8215,明基材,5,0,5,富邦-台東,2023-02-02,9608
4919,新唐,6,2,4,富邦-台東,2023-02-02,9608
1312,國喬,5,1,4,富邦-台東,2023-02-02,9608
4106,雃博,4,0,4,富邦-台東,2023-02-02,9608
4977,眾達-KY,4,0,4,富邦-台東,2023-02-02,9608
6235,華孚,5,1,4,富邦-台東,2023-02-02,9608
00900,富邦特選高股息30,245,2,243,富邦-台東,2023-02-03,9608
00715L,期街口布蘭特正2,196,5,191,富邦-台東,2023-02-03,9608
2891,中信金,63,0,63,富邦-台東,2023-02-03,9608
2610,華航,47,4,43,富邦-台東,2023-02-03,9608
6548,長科*,51,20,31,富邦-台東,2023-02-03,9608
4919,新唐,31,2,29,富邦-台東,2023-02-03,9608
00882,中信中國高股息,27,0,27,富邦-台東,2023-02-03,9608
2834,臺企銀,22,0,22,富邦-台東,2023-02-03,9608
2201,裕隆,29,8,21,富邦-台東,2023-02-03,9608
2637,慧洋-KY,21,0,21,富邦-台東,2023-02-03,9608
1447,力鵬,20,0,20,富邦-台東,2023-02-03,9608
2486,一詮,20,0,20,富邦-台東,2023-02-03,9608
2002,中鋼,13,0,13,富邦-台東,2023-02-03,9608
2888,新光金,13,0,13,富邦-台東,2023-02-03,9608
2897,王道銀行,13,0,13,富邦-台東,2023-02-03,9608
3624,光頡,11,0,11,富邦-台東,2023-02-03,9608
2892,第一金,11,0,11,富邦-台東,2023-02-03,9608
1227,佳格,10,0,10,富邦-台東,2023-02-03,9608
2886,兆豐金,10,0,10,富邦-台東,2023-02-03,9608
6282,康舒,29,19,10,富邦-台東,2023-02-03,9608
2882,國泰金,9,0,9,富邦-台東,2023-02-03,9608
2455,全新,10,2,8,富邦-台東,2023-02-03,9608
2812,台中銀,8,0,8,富邦-台東,2023-02-03,9608
6770,力積電,20,12,8,富邦-台東,2023-02-03,9608
00878,國泰永續高股息,19,11,8,富邦-台東,2023-02-03,9608
8261,富鼎,8,0,8,富邦-台東,2023-02-03,9608
1605,華新,9,2,7,富邦-台東,2023-02-03,9608
2885,元大金,6,0,6,富邦-台東,2023-02-03,9608
6261,久元,7,1,6,富邦-台東,2023-02-03,9608
3481,群創,6,1,5,富邦-台東,2023-02-03,9608
00885,富邦越南,5,0,5,富邦-台東,2023-02-03,9608
00903,富邦元宇宙,5,0,5,富邦-台東,2023-02-03,9608
2388,威盛,5,0,5,富邦-台東,2023-02-03,9608
2618,長榮航,12,7,5,富邦-台東,2023-02-03,9608
2929,淘帝-KY,5,0,5,富邦-台東,2023-02-03,9608
3035,智原,9,4,5,富邦-台東,2023-02-03,9608
3231,緯創,5,0,5,富邦-台東,2023-02-03,9608
5344,立衛,5,0,5,富邦-台東,2023-02-03,9608
6589,台康生技,6,1,5,富邦-台東,2023-02-03,9608
2603,長榮,5,1,4,富邦-台東,2023-02-03,9608
00770,國泰北美科技,4,0,4,富邦-台東,2023-02-03,9608
1612,宏泰,4,0,4,富邦-台東,2023-02-03,9608
2379,瑞昱,4,0,4,富邦-台東,2023-02-03,9608
2867,三商壽,4,0,4,富邦-台東,2023-02-03,9608
4111,濟生,4,0,4,富邦-台東,2023-02-03,9608
4114,健喬,6,2,4,富邦-台東,2023-02-03,9608
6531,愛普*,4,0,4,富邦-台東,2023-02-03,9608
2881,富邦金,3,0,3,富邦-台東,2023-02-03,9608
00720B,元大投資級公司債,3,0,3,富邦-台東,2023-02-03,9608
00642U,期元大S＆P石油,3,0,3,富邦-台東,2023-02-03,9608
00706L,期元大S＆P日圓正2,72,0,72,富邦-台東,2023-02-06,9608
00878,國泰永續高股息,68,1,67,富邦-台東,2023-02-06,9608
00715L,期街口布蘭特正2,53,0,53,富邦-台東,2023-02-06,9608
00885,富邦越南,40,0,40,富邦-台東,2023-02-06,9608
2892,第一金,39,0,39,富邦-台東,2023-02-06,9608
2834,臺企銀,38,0,38,富邦-台東,2023-02-06,9608
2603,長榮,43,8,35,富邦-台東,2023-02-06,9608
2880,華南金,30,0,30,富邦-台東,2023-02-06,9608
2615,萬海,52,23,29,富邦-台東,2023-02-06,9608
00632R,元大台灣50反1,31,3,28,富邦-台東,2023-02-06,9608
3290,東浦,25,0,25,富邦-台東,2023-02-06,9608
00676R,富邦臺灣加權反1,20,0,20,富邦-台東,2023-02-06,9608
4919,新唐,25,8,17,富邦-台東,2023-02-06,9608
3037,欣興,16,0,16,富邦-台東,2023-02-06,9608
2430,燦坤,16,0,16,富邦-台東,2023-02-06,9608
2354,鴻準,15,0,15,富邦-台東,2023-02-06,9608
00882,中信中國高股息,13,0,13,富邦-台東,2023-02-06,9608
00679B,元大美債20年,12,0,12,富邦-台東,2023-02-06,9608
3021,鴻名,10,0,10,富邦-台東,2023-02-06,9608
3078,僑威,10,0,10,富邦-台東,2023-02-06,9608
3564,其陽,10,0,10,富邦-台東,2023-02-06,9608
8933,愛地雅,10,0,10,富邦-台東,2023-02-06,9608
2609,陽明,9,0,9,富邦-台東,2023-02-06,9608
2498,宏達電,48,40,8,富邦-台東,2023-02-06,9608
2891,中信金,10,2,8,富邦-台東,2023-02-06,9608
2634,漢翔,9,1,8,富邦-台東,2023-02-06,9608
00900,富邦特選高股息30,7,0,7,富邦-台東,2023-02-06,9608
1785,光洋科,7,0,7,富邦-台東,2023-02-06,9608
6770,力積電,10,3,7,富邦-台東,2023-02-06,9608
2330,台積電,8,2,6,富邦-台東,2023-02-06,9608
8050,廣積,8,2,6,富邦-台東,2023-02-06,9608
1326,台化,5,0,5,富邦-台東,2023-02-06,9608
00753L,中信中國50正2,5,0,5,富邦-台東,2023-02-06,9608
00642U,期元大S＆P石油,5,0,5,富邦-台東,2023-02-06,9608
2368,金像電,5,0,5,富邦-台東,2023-02-06,9608
2884,玉山金,5,0,5,富邦-台東,2023-02-06,9608
006208,富邦台50,4,0,4,富邦-台東,2023-02-06,9608
1529,樂事綠能,4,0,4,富邦-台東,2023-02-06,9608
00893,國泰智能電動車,7,3,4,富邦-台東,2023-02-06,9608
2009,第一銅,7,3,4,富邦-台東,2023-02-06,9608
2425,承啟,4,0,4,富邦-台東,2023-02-06,9608
3041,揚智,4,0,4,富邦-台東,2023-02-06,9608
3508,位速,5,1,4,富邦-台東,2023-02-06,9608
6245,立端,4,0,4,富邦-台東,2023-02-06,9608
6279,胡連,6,2,4,富邦-台東,2023-02-06,9608
8299,群聯,4,0,4,富邦-台東,2023-02-06,9608
1701,中化,3,0,3,富邦-台東,2023-02-06,9608
1612,宏泰,3,0,3,富邦-台東,2023-02-06,9608
1605,華新,15,12,3,富邦-台東,2023-02-06,9608
2883,凱基金,4,1,3,富邦-台東,2023-02-06,9608
2371,大同,100,0,100,富邦-台東,2023-02-07,9608
00885,富邦越南,65,0,65,富邦-台東,2023-02-07,9608
2834,臺企銀,90,30,60,富邦-台東,2023-02-07,9608
8215,明基材,50,0,50,富邦-台東,2023-02-07,9608
2498,宏達電,53,21,32,富邦-台東,2023-02-07,9608
2610,華航,30,0,30,富邦-台東,2023-02-07,9608
00706L,期元大S＆P日圓正2,28,0,28,富邦-台東,2023-02-07,9608
2201,裕隆,22,1,21,富邦-台東,2023-02-07,9608
1314,中石化,20,0,20,富邦-台東,2023-02-07,9608
00679B,元大美債20年,17,0,17,富邦-台東,2023-02-07,9608
4919,新唐,21,4,17,富邦-台東,2023-02-07,9608
1605,華新,18,2,16,富邦-台東,2023-02-07,9608
1795,美時,18,4,14,富邦-台東,2023-02-07,9608
00878,國泰永續高股息,26,12,14,富邦-台東,2023-02-07,9608
2880,華南金,12,0,12,富邦-台東,2023-02-07,9608
3093,港建*,11,0,11,富邦-台東,2023-02-07,9608
2884,玉山金,10,0,10,富邦-台東,2023-02-07,9608
1447,力鵬,10,0,10,富邦-台東,2023-02-07,9608
00715L,期街口布蘭特正2,10,0,10,富邦-台東,2023-02-07,9608
3576,聯合再生,10,0,10,富邦-台東,2023-02-07,9608
6139,亞翔,11,1,10,富邦-台東,2023-02-07,9608
6261,久元,20,10,10,富邦-台東,2023-02-07,9608
6278,台表科,9,0,9,富邦-台東,2023-02-07,9608
2430,燦坤,8,0,8,富邦-台東,2023-02-07,9608
5258,虹堡,7,0,7,富邦-台東,2023-02-07,9608
00680L,元大美債20正2,6,0,6,富邦-台東,2023-02-07,9608
2618,長榮航,7,1,6,富邦-台東,2023-02-07,9608
4114,健喬,39,33,6,富邦-台東,2023-02-07,9608
6277,宏正,6,0,6,富邦-台東,2023-02-07,9608
6282,康舒,29,23,6,富邦-台東,2023-02-07,9608
2882,國泰金,5,0,5,富邦-台東,2023-02-07,9608
1312,國喬,5,0,5,富邦-台東,2023-02-07,9608
2302,麗正,5,0,5,富邦-台東,2023-02-07,9608
2354,鴻準,5,0,5,富邦-台東,2023-02-07,9608
2890,永豐金,5,0,5,富邦-台東,2023-02-07,9608
3059,華晶科,5,0,5,富邦-台東,2023-02-07,9608
6188,廣明,5,0,5,富邦-台東,2023-02-07,9608
2801,彰銀,5,0,5,富邦-台東,2023-02-07,9608
2633,台灣高鐵,4,0,4,富邦-台東,2023-02-07,9608
1529,樂事綠能,4,0,4,富邦-台東,2023-02-07,9608
1802,台玻,8,4,4,富邦-台東,2023-02-07,9608
2236,百達-KY,7,3,4,富邦-台東,2023-02-07,9608
6108,競國,4,0,4,富邦-台東,2023-02-07,9608
6589,台康生技,6,2,4,富邦-台東,2023-02-07,9608
2230,泰茂,3,0,3,富邦-台東,2023-02-07,9608
3035,智原,10,7,3,富邦-台東,2023-02-07,9608
3056,富華新,3,0,3,富邦-台東,2023-02-07,9608
3437,榮創,3,0,3,富邦-台東,2023-02-07,9608
8112,至上,3,0,3,富邦-台東,2023-02-07,9608
2891,中信金,3,0,3,富邦-台東,2023-02-07,9608
2834,臺企銀,93,0,93,富邦-台東,2023-02-08,9608
00673R,期元大S＆P原油反1,80,0,80,富邦-台東,2023-02-08,9608
00632R,元大台灣50反1,66,0,66,富邦-台東,2023-02-08,9608
1514,亞力,30,0,30,富邦-台東,2023-02-08,9608
6548,長科*,30,0,30,富邦-台東,2023-02-08,9608
2002,中鋼,25,0,25,富邦-台東,2023-02-08,9608
00878,國泰永續高股息,24,1,23,富邦-台東,2023-02-08,9608
1314,中石化,21,0,21,富邦-台東,2023-02-08,9608
4961,天鈺,22,2,20,富邦-台東,2023-02-08,9608
2609,陽明,19,2,17,富邦-台東,2023-02-08,9608
00679B,元大美債20年,17,1,16,富邦-台東,2023-02-08,9608
1513,中興電,16,0,16,富邦-台東,2023-02-08,9608
8289,泰藝,16,0,16,富邦-台東,2023-02-08,9608
2610,華航,15,0,15,富邦-台東,2023-02-08,9608
3093,港建*,16,1,15,富邦-台東,2023-02-08,9608
8215,明基材,15,0,15,富邦-台東,2023-02-08,9608
1605,華新,18,4,14,富邦-台東,2023-02-08,9608
2034,允強,11,0,11,富邦-台東,2023-02-08,9608
6243,迅杰,11,0,11,富邦-台東,2023-02-08,9608
00650L,復華香港正2,10,0,10,富邦-台東,2023-02-08,9608
6290,良維,10,0,10,富邦-台東,2023-02-08,9608
2618,長榮航,10,2,8,富邦-台東,2023-02-08,9608
6108,競國,7,0,7,富邦-台東,2023-02-08,9608
00751B,元大AAA至A公司債,6,0,6,富邦-台東,2023-02-08,9608
00706L,期元大S＆P日圓正2,6,0,6,富邦-台東,2023-02-08,9608
2890,永豐金,6,0,6,富邦-台東,2023-02-08,9608
4163,鐿鈦,7,1,6,富邦-台東,2023-02-08,9608
6139,亞翔,6,0,6,富邦-台東,2023-02-08,9608
00772B,中信高評級公司債,5,0,5,富邦-台東,2023-02-08,9608
1432,大魯閣,7,2,5,富邦-台東,2023-02-08,9608
00680L,元大美債20正2,5,0,5,富邦-台東,2023-02-08,9608
00882,中信中國高股息,5,0,5,富邦-台東,2023-02-08,9608
2367,燿華,7,2,5,富邦-台東,2023-02-08,9608
2419,仲琦,5,0,5,富邦-台東,2023-02-08,9608
2883,凱基金,5,0,5,富邦-台東,2023-02-08,9608
5371,中光電,5,0,5,富邦-台東,2023-02-08,9608
4919,新唐,9,4,5,富邦-台東,2023-02-08,9608
1319,東陽,4,0,4,富邦-台東,2023-02-08,9608
3027,盛達,4,0,4,富邦-台東,2023-02-08,9608
1229,聯華,4,0,4,富邦-台東,2023-02-08,9608
2201,裕隆,6,2,4,富邦-台東,2023-02-08,9608
2430,燦坤,4,0,4,富邦-台東,2023-02-08,9608
2617,台航,4,0,4,富邦-台東,2023-02-08,9608
2887,台新金,4,0,4,富邦-台東,2023-02-08,9608
3005,神基,4,0,4,富邦-台東,2023-02-08,9608
5014,建錩,4,0,4,富邦-台東,2023-02-08,9608
8150,南茂,4,0,4,富邦-台東,2023-02-08,9608
2014,中鴻,4,0,4,富邦-台東,2023-02-08,9608
2882,國泰金,3,0,3,富邦-台東,2023-02-08,9608
00885,富邦越南,8,5,3,富邦-台東,2023-02-08,9608
1609,大亞,61,1,60,富邦-台東,2023-02-09,9608
2897,王道銀行,57,0,57,富邦-台東,2023-02-09,9608
00885,富邦越南,55,0,55,富邦-台東,2023-02-09,9608
00680L,元大美債20正2,53,0,53,富邦-台東,2023-02-09,9608
2344,華邦電,32,5,27,富邦-台東,2023-02-09,9608
0056,元大高股息,26,0,26,富邦-台東,2023-02-09,9608
00893,國泰智能電動車,30,5,25,富邦-台東,2023-02-09,9608
3520,華盈,20,0,20,富邦-台東,2023-02-09,9608
911868,同方友友-DR,20,0,20,富邦-台東,2023-02-09,9608
2610,華航,16,1,15,富邦-台東,2023-02-09,9608
1718,中纖,12,0,12,富邦-台東,2023-02-09,9608
2515,中工,10,0,10,富邦-台東,2023-02-09,9608
2615,萬海,11,1,10,富邦-台東,2023-02-09,9608
6290,良維,10,0,10,富邦-台東,2023-02-09,9608
3481,群創,20,12,8,富邦-台東,2023-02-09,9608
00720B,元大投資級公司債,7,0,7,富邦-台東,2023-02-09,9608
2498,宏達電,24,17,7,富邦-台東,2023-02-09,9608
5706,鳳凰,10,3,7,富邦-台東,2023-02-09,9608
2303,聯電,11,4,7,富邦-台東,2023-02-09,9608
00679B,元大美債20年,7,1,6,富邦-台東,2023-02-09,9608
00706L,期元大S＆P日圓正2,6,0,6,富邦-台東,2023-02-09,9608
00772B,中信高評級公司債,6,0,6,富邦-台東,2023-02-09,9608
3322,建舜電,6,0,6,富邦-台東,2023-02-09,9608
6789,采鈺,6,0,6,富邦-台東,2023-02-09,9608
9933,中鼎,6,0,6,富邦-台東,2023-02-09,9608
00764B,群益25年美債,5,0,5,富邦-台東,2023-02-09,9608
2430,燦坤,5,0,5,富邦-台東,2023-02-09,9608
2465,麗臺,5,0,5,富邦-台東,2023-02-09,9608
2890,永豐金,5,0,5,富邦-台東,2023-02-09,9608
4114,健喬,14,9,5,富邦-台東,2023-02-09,9608
6143,振曜,5,0,5,富邦-台東,2023-02-09,9608
00878,國泰永續高股息,5,1,4,富邦-台東,2023-02-09,9608
00637L,元大滬深300正2,4,0,4,富邦-台東,2023-02-09,9608
2388,威盛,10,6,4,富邦-台東,2023-02-09,9608
3708,上緯投控,4,0,4,富邦-台東,2023-02-09,9608
6208,日揚,4,0,4,富邦-台東,2023-02-09,9608
6589,台康生技,16,12,4,富邦-台東,2023-02-09,9608
2882,國泰金,3,0,3,富邦-台東,2023-02-09,9608
4168,醣聯,3,0,3,富邦-台東,2023-02-09,9608
00903,富邦元宇宙,3,0,3,富邦-台東,2023-02-09,9608
2201,裕隆,7,4,3,富邦-台東,2023-02-09,9608
2497,怡利電,4,1,3,富邦-台東,2023-02-09,9608
2834,臺企銀,3,0,3,富邦-台東,2023-02-09,9608
3704,合勤控,3,0,3,富邦-台東,2023-02-09,9608
4128,中天,13,10,3,富邦-台東,2023-02-09,9608
4961,天鈺,3,0,3,富邦-台東,2023-02-09,9608
5309,系統電,7,4,3,富邦-台東,2023-02-09,9608
5475,德宏,3,0,3,富邦-台東,2023-02-09,9608
6108,競國,3,0,3,富邦-台東,2023-02-09,9608
6443,元晶,3,0,3,富邦-台東,2023-02-09,9608
3520,華盈,48,0,48,富邦-台東,2023-02-10,9608
00878,國泰永續高股息,48,2,46,富邦-台東,2023-02-10,9608
4155,訊映,45,3,42,富邦-台東,2023-02-10,9608
3481,群創,35,0,35,富邦-台東,2023-02-10,9608
2201,裕隆,36,4,32,富邦-台東,2023-02-10,9608
2891,中信金,28,0,28,富邦-台東,2023-02-10,9608
1447,力鵬,20,0,20,富邦-台東,2023-02-10,9608
2609,陽明,23,3,20,富邦-台東,2023-02-10,9608
6605,帝寶,20,0,20,富邦-台東,2023-02-10,9608
2610,華航,22,2,20,富邦-台東,2023-02-10,9608
1468,昶和,18,0,18,富邦-台東,2023-02-10,9608
00679B,元大美債20年,16,0,16,富邦-台東,2023-02-10,9608
4138,曜亞,15,0,15,富邦-台東,2023-02-10,9608
3128,昇銳,13,0,13,富邦-台東,2023-02-10,9608
1227,佳格,12,0,12,富邦-台東,2023-02-10,9608
2492,華新科,10,0,10,富邦-台東,2023-02-10,9608
00712,復華富時不動產,10,0,10,富邦-台東,2023-02-10,9608
00706L,期元大S＆P日圓正2,13,3,10,富邦-台東,2023-02-10,9608
3093,港建*,10,0,10,富邦-台東,2023-02-10,9608
6217,中探針,10,0,10,富邦-台東,2023-02-10,9608
3027,盛達,13,4,9,富邦-台東,2023-02-10,9608
2324,仁寶,9,0,9,富邦-台東,2023-02-10,9608
1605,華新,16,8,8,富邦-台東,2023-02-10,9608
0056,元大高股息,8,0,8,富邦-台東,2023-02-10,9608
5258,虹堡,7,0,7,富邦-台東,2023-02-10,9608
2887,台新金,7,0,7,富邦-台東,2023-02-10,9608
2883,凱基金,7,0,7,富邦-台東,2023-02-10,9608
1810,和成,41,34,7,富邦-台東,2023-02-10,9608
2409,友達,15,8,7,富邦-台東,2023-02-10,9608
00772B,中信高評級公司債,6,0,6,富邦-台東,2023-02-10,9608
00673R,期元大S＆P原油反1,6,0,6,富邦-台東,2023-02-10,9608
2430,燦坤,6,0,6,富邦-台東,2023-02-10,9608
2618,長榮航,16,10,6,富邦-台東,2023-02-10,9608
00650L,復華香港正2,5,0,5,富邦-台東,2023-02-10,9608
1612,宏泰,5,0,5,富邦-台東,2023-02-10,9608
1905,華紙,5,0,5,富邦-台東,2023-02-10,9608
2483,百容,8,3,5,富邦-台東,2023-02-10,9608
3357,臺慶科,5,0,5,富邦-台東,2023-02-10,9608
3374,精材,5,0,5,富邦-台東,2023-02-10,9608
3617,碩天,5,0,5,富邦-台東,2023-02-10,9608
8227,巨有科技,5,0,5,富邦-台東,2023-02-10,9608
6796,晉弘,5,0,5,富邦-台東,2023-02-10,9608
5425,台半,5,0,5,富邦-台東,2023-02-10,9608
1513,中興電,4,0,4,富邦-台東,2023-02-10,9608
1598,岱宇,4,0,4,富邦-台東,2023-02-10,9608
2359,所羅門,4,0,4,富邦-台東,2023-02-10,9608
2886,兆豐金,4,0,4,富邦-台東,2023-02-10,9608
2915,潤泰全,4,0,4,富邦-台東,2023-02-10,9608
3624,光頡,12,8,4,富邦-台東,2023-02-10,9608
4128,中天,22,18,4,富邦-台東,2023-02-10,9608
00878,國泰永續高股息,60,3,57,富邦-台東,2023-02-13,9608
00673R,期元大S＆P原油反1,43,0,43,富邦-台東,2023-02-13,9608
00900,富邦特選高股息30,40,4,36,富邦-台東,2023-02-13,9608
00706L,期元大S＆P日圓正2,31,0,31,富邦-台東,2023-02-13,9608
00679B,元大美債20年,27,0,27,富邦-台東,2023-02-13,9608
2609,陽明,29,6,23,富邦-台東,2023-02-13,9608
00772B,中信高評級公司債,14,0,14,富邦-台東,2023-02-13,9608
1229,聯華,13,0,13,富邦-台東,2023-02-13,9608
3013,晟銘電,13,0,13,富邦-台東,2023-02-13,9608
2618,長榮航,17,6,11,富邦-台東,2023-02-13,9608
00892,富邦台灣半導體,10,0,10,富邦-台東,2023-02-13,9608
00907,永豐優息存股,10,0,10,富邦-台東,2023-02-13,9608
2034,允強,10,0,10,富邦-台東,2023-02-13,9608
6509,聚和,10,0,10,富邦-台東,2023-02-13,9608
6605,帝寶,11,1,10,富邦-台東,2023-02-13,9608
2105,正新,9,0,9,富邦-台東,2023-02-13,9608
00632R,元大台灣50反1,8,0,8,富邦-台東,2023-02-13,9608
1216,統一,8,0,8,富邦-台東,2023-02-13,9608
8933,愛地雅,8,0,8,富邦-台東,2023-02-13,9608
2106,建大,7,0,7,富邦-台東,2023-02-13,9608
3481,群創,7,0,7,富邦-台東,2023-02-13,9608
2303,聯電,6,0,6,富邦-台東,2023-02-13,9608
1795,美時,8,2,6,富邦-台東,2023-02-13,9608
2409,友達,8,2,6,富邦-台東,2023-02-13,9608
5425,台半,6,0,6,富邦-台東,2023-02-13,9608
2887,台新金,11,5,6,富邦-台東,2023-02-13,9608
2489,瑞軒,10,5,5,富邦-台東,2023-02-13,9608
1598,岱宇,5,0,5,富邦-台東,2023-02-13,9608
1905,華紙,5,0,5,富邦-台東,2023-02-13,9608
2354,鴻準,5,0,5,富邦-台東,2023-02-13,9608
6228,全譜,5,0,5,富邦-台東,2023-02-13,9608
1468,昶和,4,0,4,富邦-台東,2023-02-13,9608
1701,中化,4,0,4,富邦-台東,2023-02-13,9608
2009,第一銅,4,0,4,富邦-台東,2023-02-13,9608
2103,台橡,4,0,4,富邦-台東,2023-02-13,9608
3083,網龍,4,0,4,富邦-台東,2023-02-13,9608
6223,旺矽,4,0,4,富邦-台東,2023-02-13,9608
6488,環球晶,4,0,4,富邦-台東,2023-02-13,9608
6770,力積電,6,2,4,富邦-台東,2023-02-13,9608
8038,長園科,4,0,4,富邦-台東,2023-02-13,9608
2330,台積電,5,2,3,富邦-台東,2023-02-13,9608
2454,聯發科,3,0,3,富邦-台東,2023-02-13,9608
00891,中信關鍵半導體,3,0,3,富邦-台東,2023-02-13,9608
00720B,元大投資級公司債,3,0,3,富邦-台東,2023-02-13,9608
00680L,元大美債20正2,3,0,3,富邦-台東,2023-02-13,9608
2634,漢翔,8,5,3,富邦-台東,2023-02-13,9608
3443,創意,3,0,3,富邦-台東,2023-02-13,9608
3624,光頡,5,2,3,富邦-台東,2023-02-13,9608
5009,榮剛,3,0,3,富邦-台東,2023-02-13,9608
6111,大宇資,3,0,3,富邦-台東,2023-02-13,9608
5905,南仁湖,35,1,34,富邦-台東,2023-02-14,9608
3704,合勤控,31,2,29,富邦-台東,2023-02-14,9608
00878,國泰永續高股息,29,4,25,富邦-台東,2023-02-14,9608
2344,華邦電,30,6,24,富邦-台東,2023-02-14,9608
2888,新光金,20,0,20,富邦-台東,2023-02-14,9608
6535,順藥,17,0,17,富邦-台東,2023-02-14,9608
2890,永豐金,11,0,11,富邦-台東,2023-02-14,9608
9945,潤泰新,10,0,10,富邦-台東,2023-02-14,9608
1337,再生-KY,10,0,10,富邦-台東,2023-02-14,9608
2607,榮運,10,0,10,富邦-台東,2023-02-14,9608
3049,精金,10,0,10,富邦-台東,2023-02-14,9608
3702,大聯大,10,0,10,富邦-台東,2023-02-14,9608
5876,上海商銀,10,0,10,富邦-台東,2023-02-14,9608
6026,福邦證,10,0,10,富邦-台東,2023-02-14,9608
1795,美時,10,1,9,富邦-台東,2023-02-14,9608
6266,泰詠,10,2,8,富邦-台東,2023-02-14,9608
00772B,中信高評級公司債,8,0,8,富邦-台東,2023-02-14,9608
00720B,元大投資級公司債,7,0,7,富邦-台東,2023-02-14,9608
2884,玉山金,7,0,7,富邦-台東,2023-02-14,9608
4114,健喬,24,18,6,富邦-台東,2023-02-14,9608
2014,中鴻,6,0,6,富邦-台東,2023-02-14,9608
2885,元大金,6,0,6,富邦-台東,2023-02-14,9608
8083,瑞穎,6,0,6,富邦-台東,2023-02-14,9608
8222,寶一,17,11,6,富邦-台東,2023-02-14,9608
1460,宏遠,5,0,5,富邦-台東,2023-02-14,9608
00795B,中信美國公債20年,5,0,5,富邦-台東,2023-02-14,9608
00773B,中信優先金融債,5,0,5,富邦-台東,2023-02-14,9608
4167,松瑞藥,5,0,5,富邦-台東,2023-02-14,9608
6223,旺矽,5,0,5,富邦-台東,2023-02-14,9608
6269,台郡,5,0,5,富邦-台東,2023-02-14,9608
6547,高端疫苗,5,0,5,富邦-台東,2023-02-14,9608
6552,易華電,5,0,5,富邦-台東,2023-02-14,9608
00632R,元大台灣50反1,27,23,4,富邦-台東,2023-02-14,9608
00679B,元大美債20年,5,1,4,富邦-台東,2023-02-14,9608
2409,友達,5,1,4,富邦-台東,2023-02-14,9608
4770,上品,4,0,4,富邦-台東,2023-02-14,9608
6142,友勁,4,0,4,富邦-台東,2023-02-14,9608
8069,元太,4,0,4,富邦-台東,2023-02-14,9608
3034,聯詠,8,4,4,富邦-台東,2023-02-14,9608
3141,晶宏,3,0,3,富邦-台東,2023-02-14,9608
3545,敦泰,3,0,3,富邦-台東,2023-02-14,9608
5371,中光電,3,0,3,富邦-台東,2023-02-14,9608
6245,立端,3,0,3,富邦-台東,2023-02-14,9608
2734,易飛網,3,0,3,富邦-台東,2023-02-14,9608
8227,巨有科技,2,0,2,富邦-台東,2023-02-14,9608
2454,聯發科,2,0,2,富邦-台東,2023-02-14,9608
1707,葡萄王,2,0,2,富邦-台東,2023-02-14,9608
00753L,中信中國50正2,2,0,2,富邦-台東,2023-02-14,9608
00633L,富邦上証正2,2,0,2,富邦-台東,2023-02-14,9608
2201,裕隆,8,6,2,富邦-台東,2023-02-14,9608
00878,國泰永續高股息,230,1,229,富邦-台東,2023-02-15,9608
00673R,期元大S＆P原油反1,144,0,144,富邦-台東,2023-02-15,9608
2208,台船,130,0,130,富邦-台東,2023-02-15,9608
00885,富邦越南,103,0,103,富邦-台東,2023-02-15,9608
1514,亞力,66,11,55,富邦-台東,2023-02-15,9608
00706L,期元大S＆P日圓正2,51,0,51,富邦-台東,2023-02-15,9608
6535,順藥,43,0,43,富邦-台東,2023-02-15,9608
9933,中鼎,37,0,37,富邦-台東,2023-02-15,9608
00715L,期街口布蘭特正2,30,0,30,富邦-台東,2023-02-15,9608
2201,裕隆,31,1,30,富邦-台東,2023-02-15,9608
00772B,中信高評級公司債,22,0,22,富邦-台東,2023-02-15,9608
2344,華邦電,21,0,21,富邦-台東,2023-02-15,9608
2884,玉山金,20,0,20,富邦-台東,2023-02-15,9608
2330,台積電,24,5,19,富邦-台東,2023-02-15,9608
3576,聯合再生,30,15,15,富邦-台東,2023-02-15,9608
1513,中興電,41,29,12,富邦-台東,2023-02-15,9608
9945,潤泰新,11,0,11,富邦-台東,2023-02-15,9608
00895,富邦未來車,10,0,10,富邦-台東,2023-02-15,9608
1712,興農,10,0,10,富邦-台東,2023-02-15,9608
2444,兆勁,10,0,10,富邦-台東,2023-02-15,9608
5469,瀚宇博,10,0,10,富邦-台東,2023-02-15,9608
1524,耿鼎,11,3,8,富邦-台東,2023-02-15,9608
00900,富邦特選高股息30,8,0,8,富邦-台東,2023-02-15,9608
00720B,元大投資級公司債,7,0,7,富邦-台東,2023-02-15,9608
2014,中鴻,10,3,7,富邦-台東,2023-02-15,9608
2027,大成鋼,7,0,7,富邦-台東,2023-02-15,9608
2498,宏達電,39,32,7,富邦-台東,2023-02-15,9608
4147,中裕,7,0,7,富邦-台東,2023-02-15,9608
0050,元大台灣50,6,0,6,富邦-台東,2023-02-15,9608
3209,全科,6,0,6,富邦-台東,2023-02-15,9608
6217,中探針,7,1,6,富邦-台東,2023-02-15,9608
00679B,元大美債20年,5,0,5,富邦-台東,2023-02-15,9608
2515,中工,5,0,5,富邦-台東,2023-02-15,9608
2618,長榮航,12,7,5,富邦-台東,2023-02-15,9608
3037,欣興,12,7,5,富邦-台東,2023-02-15,9608
3059,華晶科,5,0,5,富邦-台東,2023-02-15,9608
3483,力致,5,0,5,富邦-台東,2023-02-15,9608
6148,驊宏資,5,0,5,富邦-台東,2023-02-15,9608
6282,康舒,10,5,5,富邦-台東,2023-02-15,9608
8933,愛地雅,5,0,5,富邦-台東,2023-02-15,9608
2887,台新金,10,5,5,富邦-台東,2023-02-15,9608
2882,國泰金,9,5,4,富邦-台東,2023-02-15,9608
9802,鈺齊-KY,5,1,4,富邦-台東,2023-02-15,9608
1218,泰山,5,1,4,富邦-台東,2023-02-15,9608
2409,友達,5,1,4,富邦-台東,2023-02-15,9608
4114,健喬,28,24,4,富邦-台東,2023-02-15,9608
6191,精成科,4,0,4,富邦-台東,2023-02-15,9608
006208,富邦台50,3,0,3,富邦-台東,2023-02-15,9608
2486,一詮,3,0,3,富邦-台東,2023-02-15,9608
00850,元大臺灣ESG永續,3,0,3,富邦-台東,2023-02-15,9608
00632R,元大台灣50反1,98,5,93,富邦-台東,2023-02-16,9608
6261,久元,35,0,35,富邦-台東,2023-02-16,9608
00679B,元大美債20年,34,0,34,富邦-台東,2023-02-16,9608
00772B,中信高評級公司債,28,0,28,富邦-台東,2023-02-16,9608
2884,玉山金,21,0,21,富邦-台東,2023-02-16,9608
2002,中鋼,16,1,15,富邦-台東,2023-02-16,9608
00673R,期元大S＆P原油反1,12,0,12,富邦-台東,2023-02-16,9608
3006,晶豪科,13,3,10,富邦-台東,2023-02-16,9608
5536,聖暉*,10,0,10,富邦-台東,2023-02-16,9608
6690,安�硌穈T,10,0,10,富邦-台東,2023-02-16,9608
911868,同方友友-DR,10,0,10,富邦-台東,2023-02-16,9608
2369,菱生,7,0,7,富邦-台東,2023-02-16,9608
3010,華立,7,0,7,富邦-台東,2023-02-16,9608
3264,欣銓,9,2,7,富邦-台東,2023-02-16,9608
6182,合晶,10,3,7,富邦-台東,2023-02-16,9608
9105,泰金寶-DR,7,0,7,富邦-台東,2023-02-16,9608
2481,強茂,6,0,6,富邦-台東,2023-02-16,9608
1611,中電,6,0,6,富邦-台東,2023-02-16,9608
00885,富邦越南,6,0,6,富邦-台東,2023-02-16,9608
6150,撼訊,7,1,6,富邦-台東,2023-02-16,9608
2812,台中銀,6,0,6,富邦-台東,2023-02-16,9608
1216,統一,5,0,5,富邦-台東,2023-02-16,9608
00671R,富邦NASDAQ反1,5,0,5,富邦-台東,2023-02-16,9608
2397,友通,5,0,5,富邦-台東,2023-02-16,9608
3454,晶睿,5,0,5,富邦-台東,2023-02-16,9608
5328,華容,5,0,5,富邦-台東,2023-02-16,9608
6411,晶焱,5,0,5,富邦-台東,2023-02-16,9608
8933,愛地雅,5,0,5,富邦-台東,2023-02-16,9608
2014,中鴻,15,11,4,富邦-台東,2023-02-16,9608
2367,燿華,5,1,4,富邦-台東,2023-02-16,9608
2498,宏達電,12,8,4,富邦-台東,2023-02-16,9608
3406,玉晶光,5,1,4,富邦-台東,2023-02-16,9608
5351,鈺創,4,0,4,富邦-台東,2023-02-16,9608
2880,華南金,4,0,4,富邦-台東,2023-02-16,9608
2612,中航,3,0,3,富邦-台東,2023-02-16,9608
2731,雄獅,6,3,3,富邦-台東,2023-02-16,9608
2867,三商壽,3,0,3,富邦-台東,2023-02-16,9608
3022,威強電,3,0,3,富邦-台東,2023-02-16,9608
3037,欣興,6,3,3,富邦-台東,2023-02-16,9608
3131,弘塑,3,0,3,富邦-台東,2023-02-16,9608
3346,麗清,3,0,3,富邦-台東,2023-02-16,9608
6173,信昌電,5,2,3,富邦-台東,2023-02-16,9608
8105,凌巨,5,2,3,富邦-台東,2023-02-16,9608
9907,統一實,3,0,3,富邦-台東,2023-02-16,9608
00720B,元大投資級公司債,2,0,2,富邦-台東,2023-02-16,9608
4114,健喬,4,2,2,富邦-台東,2023-02-16,9608
00751B,元大AAA至A公司債,2,0,2,富邦-台東,2023-02-16,9608
00680L,元大美債20正2,2,0,2,富邦-台東,2023-02-16,9608
00780B,國泰A級金融債,2,0,2,富邦-台東,2023-02-16,9608
1504,東元,3,1,2,富邦-台東,2023-02-16,9608
6116,彩晶,91,5,86,富邦-台東,2023-02-17,9608
2734,易飛網,75,1,74,富邦-台東,2023-02-17,9608
2618,長榮航,77,8,69,富邦-台東,2023-02-17,9608
00706L,期元大S＆P日圓正2,44,0,44,富邦-台東,2023-02-17,9608
00893,國泰智能電動車,45,1,44,富邦-台東,2023-02-17,9608
00878,國泰永續高股息,42,0,42,富邦-台東,2023-02-17,9608
00679B,元大美債20年,41,0,41,富邦-台東,2023-02-17,9608
00885,富邦越南,20,0,20,富邦-台東,2023-02-17,9608
1712,興農,20,0,20,富邦-台東,2023-02-17,9608
00708L,期元大S＆P黃金正2,15,0,15,富邦-台東,2023-02-17,9608
9945,潤泰新,13,0,13,富邦-台東,2023-02-17,9608
6547,高端疫苗,12,0,12,富邦-台東,2023-02-17,9608
2884,玉山金,11,0,11,富邦-台東,2023-02-17,9608
00900,富邦特選高股息30,13,3,10,富邦-台東,2023-02-17,9608
2034,允強,10,0,10,富邦-台東,2023-02-17,9608
2388,威盛,10,0,10,富邦-台東,2023-02-17,9608
00772B,中信高評級公司債,9,0,9,富邦-台東,2023-02-17,9608
2329,華泰,12,3,9,富邦-台東,2023-02-17,9608
1584,精剛,12,4,8,富邦-台東,2023-02-17,9608
1513,中興電,59,51,8,富邦-台東,2023-02-17,9608
1216,統一,8,0,8,富邦-台東,2023-02-17,9608
2344,華邦電,8,0,8,富邦-台東,2023-02-17,9608
2609,陽明,8,0,8,富邦-台東,2023-02-17,9608
5371,中光電,8,0,8,富邦-台東,2023-02-17,9608
8940,新天地,8,0,8,富邦-台東,2023-02-17,9608
2330,台積電,10,2,8,富邦-台東,2023-02-17,9608
1802,台玻,8,1,7,富邦-台東,2023-02-17,9608
00632R,元大台灣50反1,51,45,6,富邦-台東,2023-02-17,9608
4147,中裕,6,0,6,富邦-台東,2023-02-17,9608
4128,中天,5,0,5,富邦-台東,2023-02-17,9608
6288,聯嘉,5,0,5,富邦-台東,2023-02-17,9608
8996,高力,6,1,5,富邦-台東,2023-02-17,9608
2880,華南金,4,0,4,富邦-台東,2023-02-17,9608
00795B,中信美國公債20年,4,0,4,富邦-台東,2023-02-17,9608
1598,岱宇,4,0,4,富邦-台東,2023-02-17,9608
4916,事欣科,4,0,4,富邦-台東,2023-02-17,9608
6274,台燿,4,0,4,富邦-台東,2023-02-17,9608
2615,萬海,4,1,3,富邦-台東,2023-02-17,9608
2376,技嘉,3,0,3,富邦-台東,2023-02-17,9608
2614,東森,3,0,3,富邦-台東,2023-02-17,9608
3035,智原,6,3,3,富邦-台東,2023-02-17,9608
3234,光環,3,0,3,富邦-台東,2023-02-17,9608
3290,東浦,3,0,3,富邦-台東,2023-02-17,9608
3466,德晉,3,0,3,富邦-台東,2023-02-17,9608
4977,眾達-KY,3,0,3,富邦-台東,2023-02-17,9608
6187,萬潤,3,0,3,富邦-台東,2023-02-17,9608
8222,寶一,15,12,3,富邦-台東,2023-02-17,9608
4114,健喬,6,3,3,富邦-台東,2023-02-17,9608
2727,王品,3,1,2,富邦-台東,2023-02-17,9608
1268,漢來美食,2,0,2,富邦-台東,2023-02-17,9608
6541,泰福-KY,71,5,66,富邦-台東,2023-02-20,9608
00878,國泰永續高股息,59,17,42,富邦-台東,2023-02-20,9608
3046,建��,41,3,38,富邦-台東,2023-02-20,9608
6116,彩晶,35,0,35,富邦-台東,2023-02-20,9608
2881,富邦金,30,2,28,富邦-台東,2023-02-20,9608
00885,富邦越南,23,0,23,富邦-台東,2023-02-20,9608
6535,順藥,20,0,20,富邦-台東,2023-02-20,9608
911868,同方友友-DR,20,0,20,富邦-台東,2023-02-20,9608
2352,佳世達,21,2,19,富邦-台東,2023-02-20,9608
2610,華航,53,35,18,富邦-台東,2023-02-20,9608
2883,凱基金,18,1,17,富邦-台東,2023-02-20,9608
2812,台中銀,21,5,16,富邦-台東,2023-02-20,9608
2891,中信金,20,6,14,富邦-台東,2023-02-20,9608
2399,映泰,13,0,13,富邦-台東,2023-02-20,9608
6470,宇智,13,0,13,富邦-台東,2023-02-20,9608
2301,光寶科,13,0,13,富邦-台東,2023-02-20,9608
1519,華城,14,4,10,富邦-台東,2023-02-20,9608
4923,力士,10,0,10,富邦-台東,2023-02-20,9608
1708,東鹼,10,1,9,富邦-台東,2023-02-20,9608
2353,宏��,10,1,9,富邦-台東,2023-02-20,9608
6270,倍微,9,0,9,富邦-台東,2023-02-20,9608
2027,大成鋼,8,0,8,富邦-台東,2023-02-20,9608
4919,新唐,9,1,8,富邦-台東,2023-02-20,9608
6235,華孚,7,0,7,富邦-台東,2023-02-20,9608
1504,東元,6,0,6,富邦-台東,2023-02-20,9608
1529,樂事綠能,11,5,6,富邦-台東,2023-02-20,9608
1589,永冠-KY,6,0,6,富邦-台東,2023-02-20,9608
2885,元大金,6,0,6,富邦-台東,2023-02-20,9608
2929,淘帝-KY,6,0,6,富邦-台東,2023-02-20,9608
3419,譁裕,6,0,6,富邦-台東,2023-02-20,9608
4164,承業醫,6,0,6,富邦-台東,2023-02-20,9608
4747,強生,6,0,6,富邦-台東,2023-02-20,9608
5371,中光電,6,0,6,富邦-台東,2023-02-20,9608
1722,台肥,5,0,5,富邦-台東,2023-02-20,9608
3027,盛達,5,0,5,富邦-台東,2023-02-20,9608
3466,德晉,5,0,5,富邦-台東,2023-02-20,9608
3528,安馳,5,0,5,富邦-台東,2023-02-20,9608
4163,鐿鈦,6,1,5,富邦-台東,2023-02-20,9608
4402,郡都開發,5,0,5,富邦-台東,2023-02-20,9608
6120,達運,5,0,5,富邦-台東,2023-02-20,9608
6180,橘子,10,5,5,富邦-台東,2023-02-20,9608
6446,藥華藥,5,0,5,富邦-台東,2023-02-20,9608
6605,帝寶,5,0,5,富邦-台東,2023-02-20,9608
6796,晉弘,5,0,5,富邦-台東,2023-02-20,9608
8261,富鼎,5,0,5,富邦-台東,2023-02-20,9608
1101,台泥,7,3,4,富邦-台東,2023-02-20,9608
1216,統一,4,0,4,富邦-台東,2023-02-20,9608
1503,士電,13,9,4,富邦-台東,2023-02-20,9608
1584,精剛,7,3,4,富邦-台東,2023-02-20,9608
2324,仁寶,10,6,4,富邦-台東,2023-02-20,9608
00885,富邦越南,112,0,112,富邦-台東,2023-02-21,9608
2884,玉山金,168,56,112,富邦-台東,2023-02-21,9608
5371,中光電,41,0,41,富邦-台東,2023-02-21,9608
1810,和成,40,1,39,富邦-台東,2023-02-21,9608
00878,國泰永續高股息,27,1,26,富邦-台東,2023-02-21,9608
2498,宏達電,35,15,20,富邦-台東,2023-02-21,9608
5009,榮剛,31,11,20,富邦-台東,2023-02-21,9608
3594,磐儀,17,2,15,富邦-台東,2023-02-21,9608
5536,聖暉*,15,1,14,富邦-台東,2023-02-21,9608
6116,彩晶,13,0,13,富邦-台東,2023-02-21,9608
1504,東元,12,0,12,富邦-台東,2023-02-21,9608
6288,聯嘉,25,13,12,富邦-台東,2023-02-21,9608
00632R,元大台灣50反1,11,0,11,富邦-台東,2023-02-21,9608
2356,英業達,10,0,10,富邦-台東,2023-02-21,9608
2369,菱生,10,0,10,富邦-台東,2023-02-21,9608
4746,台耀,11,1,10,富邦-台東,2023-02-21,9608
6438,迅得,10,0,10,富邦-台東,2023-02-21,9608
3011,今皓,9,0,9,富邦-台東,2023-02-21,9608
1513,中興電,23,15,8,富邦-台東,2023-02-21,9608
3444,利機,8,0,8,富邦-台東,2023-02-21,9608
3583,辛耘,8,0,8,富邦-台東,2023-02-21,9608
3710,連展投控,8,0,8,富邦-台東,2023-02-21,9608
6508,惠光,8,0,8,富邦-台東,2023-02-21,9608
1605,華新,9,2,7,富邦-台東,2023-02-21,9608
2449,京元電子,7,0,7,富邦-台東,2023-02-21,9608
2867,三商壽,7,0,7,富邦-台東,2023-02-21,9608
8050,廣積,7,0,7,富邦-台東,2023-02-21,9608
2301,光寶科,6,0,6,富邦-台東,2023-02-21,9608
4128,中天,6,0,6,富邦-台東,2023-02-21,9608
6741,91APP*-KY,8,2,6,富邦-台東,2023-02-21,9608
2883,凱基金,6,0,6,富邦-台東,2023-02-21,9608
3027,盛達,13,7,6,富邦-台東,2023-02-21,9608
00679B,元大美債20年,8,2,6,富邦-台東,2023-02-21,9608
1514,亞力,35,29,6,富邦-台東,2023-02-21,9608
3029,零壹,5,0,5,富邦-台東,2023-02-21,9608
00680L,元大美債20正2,5,0,5,富邦-台東,2023-02-21,9608
00725B,國泰投資級公司債,5,0,5,富邦-台東,2023-02-21,9608
00650L,復華香港正2,5,0,5,富邦-台東,2023-02-21,9608
2409,友達,5,0,5,富邦-台東,2023-02-21,9608
2634,漢翔,9,4,5,富邦-台東,2023-02-21,9608
2890,永豐金,5,0,5,富邦-台東,2023-02-21,9608
3078,僑威,5,0,5,富邦-台東,2023-02-21,9608
3703,欣陸,5,0,5,富邦-台東,2023-02-21,9608
6142,友勁,5,0,5,富邦-台東,2023-02-21,9608
8182,加高,5,0,5,富邦-台東,2023-02-21,9608
2476,鉅祥,5,1,4,富邦-台東,2023-02-21,9608
6245,立端,6,2,4,富邦-台東,2023-02-21,9608
8033,雷虎,4,0,4,富邦-台東,2023-02-21,9608
00772B,中信高評級公司債,3,0,3,富邦-台東,2023-02-21,9608
00642U,期元大S＆P石油,3,0,3,富邦-台東,2023-02-21,9608
5905,南仁湖,55,0,55,富邦-台東,2023-02-22,9608
00878,國泰永續高股息,43,1,42,富邦-台東,2023-02-22,9608
2618,長榮航,44,3,41,富邦-台東,2023-02-22,9608
6811,宏�硌穈T,40,0,40,富邦-台東,2023-02-22,9608
1609,大亞,21,0,21,富邦-台東,2023-02-22,9608
5701,劍湖山,20,0,20,富邦-台東,2023-02-22,9608
8110,華東,20,0,20,富邦-台東,2023-02-22,9608
8176,智捷,16,0,16,富邦-台東,2023-02-22,9608
2344,華邦電,25,10,15,富邦-台東,2023-02-22,9608
3163,波若威,13,0,13,富邦-台東,2023-02-22,9608
6270,倍微,11,0,11,富邦-台東,2023-02-22,9608
5880,合庫金,10,0,10,富邦-台東,2023-02-22,9608
6282,康舒,18,8,10,富邦-台東,2023-02-22,9608
00772B,中信高評級公司債,10,0,10,富邦-台東,2023-02-22,9608
1402,遠東新,10,0,10,富邦-台東,2023-02-22,9608
5371,中光電,10,0,10,富邦-台東,2023-02-22,9608
6770,力積電,13,4,9,富邦-台東,2023-02-22,9608
00720B,元大投資級公司債,8,0,8,富邦-台東,2023-02-22,9608
00885,富邦越南,7,0,7,富邦-台東,2023-02-22,9608
2705,六福,19,12,7,富邦-台東,2023-02-22,9608
4129,聯合,8,1,7,富邦-台東,2023-02-22,9608
4977,眾達-KY,9,2,7,富邦-台東,2023-02-22,9608
2884,玉山金,7,1,6,富邦-台東,2023-02-22,9608
00679B,元大美債20年,6,0,6,富邦-台東,2023-02-22,9608
2883,凱基金,9,3,6,富邦-台東,2023-02-22,9608
00706L,期元大S＆P日圓正2,6,0,6,富邦-台東,2023-02-22,9608
1532,勤美,6,0,6,富邦-台東,2023-02-22,9608
2449,京元電子,9,3,6,富邦-台東,2023-02-22,9608
3583,辛耘,8,2,6,富邦-台東,2023-02-22,9608
5289,宜鼎,6,0,6,富邦-台東,2023-02-22,9608
6139,亞翔,6,0,6,富邦-台東,2023-02-22,9608
3707,漢磊,5,0,5,富邦-台東,2023-02-22,9608
1102,亞泥,5,0,5,富邦-台東,2023-02-22,9608
1568,倉佑,5,0,5,富邦-台東,2023-02-22,9608
1795,美時,6,1,5,富邦-台東,2023-02-22,9608
2457,飛宏,14,9,5,富邦-台東,2023-02-22,9608
2485,兆赫,5,0,5,富邦-台東,2023-02-22,9608
2520,冠德,5,0,5,富邦-台東,2023-02-22,9608
2615,萬海,33,28,5,富邦-台東,2023-02-22,9608
2736,富野,9,4,5,富邦-台東,2023-02-22,9608
3036,文曄,5,0,5,富邦-台東,2023-02-22,9608
3466,德晉,5,0,5,富邦-台東,2023-02-22,9608
4979,華星光,12,7,5,富邦-台東,2023-02-22,9608
6235,華孚,19,14,5,富邦-台東,2023-02-22,9608
8358,金居,5,0,5,富邦-台東,2023-02-22,9608
8933,愛地雅,5,0,5,富邦-台東,2023-02-22,9608
00712,復華富時不動產,4,0,4,富邦-台東,2023-02-22,9608
00882,中信中國高股息,4,0,4,富邦-台東,2023-02-22,9608
0056,元大高股息,6,2,4,富邦-台東,2023-02-22,9608
00753L,中信中國50正2,4,0,4,富邦-台東,2023-02-22,9608
00632R,元大台灣50反1,99,20,79,富邦-台東,2023-02-23,9608
2504,國產,55,0,55,富邦-台東,2023-02-23,9608
2379,瑞昱,43,0,43,富邦-台東,2023-02-23,9608
00882,中信中國高股息,37,0,37,富邦-台東,2023-02-23,9608
2515,中工,30,0,30,富邦-台東,2023-02-23,9608
3147,大綜,30,0,30,富邦-台東,2023-02-23,9608
2812,台中銀,26,0,26,富邦-台東,2023-02-23,9608
00642U,期元大S＆P石油,25,0,25,富邦-台東,2023-02-23,9608
0056,元大高股息,27,3,24,富邦-台東,2023-02-23,9608
6188,廣明,23,0,23,富邦-台東,2023-02-23,9608
1514,亞力,72,54,18,富邦-台東,2023-02-23,9608
3481,群創,31,13,18,富邦-台東,2023-02-23,9608
1810,和成,20,3,17,富邦-台東,2023-02-23,9608
00715L,期街口布蘭特正2,15,0,15,富邦-台東,2023-02-23,9608
2634,漢翔,17,2,15,富邦-台東,2023-02-23,9608
1513,中興電,27,13,14,富邦-台東,2023-02-23,9608
1584,精剛,17,3,14,富邦-台東,2023-02-23,9608
00885,富邦越南,14,1,13,富邦-台東,2023-02-23,9608
2637,慧洋-KY,13,0,13,富邦-台東,2023-02-23,9608
2705,六福,13,0,13,富邦-台東,2023-02-23,9608
2413,環科,12,0,12,富邦-台東,2023-02-23,9608
00712,復華富時不動產,11,0,11,富邦-台東,2023-02-23,9608
8111,立��,11,1,10,富邦-台東,2023-02-23,9608
3006,晶豪科,10,0,10,富邦-台東,2023-02-23,9608
8933,愛地雅,10,0,10,富邦-台東,2023-02-23,9608
9938,百和,10,0,10,富邦-台東,2023-02-23,9608
2421,建準,9,0,9,富邦-台東,2023-02-23,9608
1108,幸福,10,3,7,富邦-台東,2023-02-23,9608
6116,彩晶,9,2,7,富邦-台東,2023-02-23,9608
6770,力積電,7,0,7,富邦-台東,2023-02-23,9608
8940,新天地,7,0,7,富邦-台東,2023-02-23,9608
00706L,期元大S＆P日圓正2,6,0,6,富邦-台東,2023-02-23,9608
3058,立德,6,0,6,富邦-台東,2023-02-23,9608
1503,士電,6,0,6,富邦-台東,2023-02-23,9608
3594,磐儀,5,0,5,富邦-台東,2023-02-23,9608
1605,華新,8,3,5,富邦-台東,2023-02-23,9608
2371,大同,5,0,5,富邦-台東,2023-02-23,9608
3038,全台,5,0,5,富邦-台東,2023-02-23,9608
5328,華容,5,0,5,富邦-台東,2023-02-23,9608
5475,德宏,5,0,5,富邦-台東,2023-02-23,9608
2308,台達電,5,0,5,富邦-台東,2023-02-23,9608
1529,樂事綠能,5,0,5,富邦-台東,2023-02-23,9608
1229,聯華,4,0,4,富邦-台東,2023-02-23,9608
3028,增你強,4,0,4,富邦-台東,2023-02-23,9608
4188,安克,5,1,4,富邦-台東,2023-02-23,9608
2471,資通,8,4,4,富邦-台東,2023-02-23,9608
5880,合庫金,4,0,4,富邦-台東,2023-02-23,9608
1301,台塑,3,0,3,富邦-台東,2023-02-23,9608
1560,中砂,3,0,3,富邦-台東,2023-02-23,9608
2344,華邦電,5,2,3,富邦-台東,2023-02-23,9608
6190,萬泰科,100,0,100,富邦-台東,2023-02-24,9608
00715L,期街口布蘭特正2,91,1,90,富邦-台東,2023-02-24,9608
00885,富邦越南,58,0,58,富邦-台東,2023-02-24,9608
00632R,元大台灣50反1,105,50,55,富邦-台東,2023-02-24,9608
2892,第一金,60,10,50,富邦-台東,2023-02-24,9608
2208,台船,51,2,49,富邦-台東,2023-02-24,9608
1524,耿鼎,31,0,31,富邦-台東,2023-02-24,9608
3037,欣興,20,0,20,富邦-台東,2023-02-24,9608
2504,國產,50,30,20,富邦-台東,2023-02-24,9608
2618,長榮航,20,1,19,富邦-台東,2023-02-24,9608
3147,大綜,20,1,19,富邦-台東,2023-02-24,9608
00878,國泰永續高股息,18,0,18,富邦-台東,2023-02-24,9608
3036,文曄,20,2,18,富邦-台東,2023-02-24,9608
1584,精剛,26,11,15,富邦-台東,2023-02-24,9608
1474,弘裕,13,0,13,富邦-台東,2023-02-24,9608
2344,華邦電,14,2,12,富邦-台東,2023-02-24,9608
2480,敦陽科,12,0,12,富邦-台東,2023-02-24,9608
8033,雷虎,13,2,11,富邦-台東,2023-02-24,9608
0056,元大高股息,11,0,11,富邦-台東,2023-02-24,9608
2498,宏達電,26,16,10,富邦-台東,2023-02-24,9608
2515,中工,10,0,10,富邦-台東,2023-02-24,9608
2734,易飛網,10,0,10,富邦-台東,2023-02-24,9608
2885,元大金,10,0,10,富邦-台東,2023-02-24,9608
2634,漢翔,14,5,9,富邦-台東,2023-02-24,9608
1605,華新,12,4,8,富邦-台東,2023-02-24,9608
4174,浩鼎,8,0,8,富邦-台東,2023-02-24,9608
2317,鴻海,8,1,7,富邦-台東,2023-02-24,9608
00752,中信中國50,6,0,6,富邦-台東,2023-02-24,9608
2014,中鴻,9,3,6,富邦-台東,2023-02-24,9608
2243,宏旭-KY,6,0,6,富邦-台東,2023-02-24,9608
6288,聯嘉,7,1,6,富邦-台東,2023-02-24,9608
6612,奈米醫材,7,1,6,富邦-台東,2023-02-24,9608
00882,中信中國高股息,5,0,5,富邦-台東,2023-02-24,9608
5512,力麒,34,29,5,富邦-台東,2023-02-24,9608
00680L,元大美債20正2,5,0,5,富邦-台東,2023-02-24,9608
2419,仲琦,5,0,5,富邦-台東,2023-02-24,9608
2867,三商壽,5,0,5,富邦-台東,2023-02-24,9608
2886,兆豐金,5,0,5,富邦-台東,2023-02-24,9608
3094,聯傑,5,0,5,富邦-台東,2023-02-24,9608
3290,東浦,5,0,5,富邦-台東,2023-02-24,9608
8940,新天地,5,0,5,富邦-台東,2023-02-24,9608
8938,明安,9,4,5,富邦-台東,2023-02-24,9608
6770,力積電,5,0,5,富邦-台東,2023-02-24,9608
2457,飛宏,9,5,4,富邦-台東,2023-02-24,9608
6282,康舒,6,2,4,富邦-台東,2023-02-24,9608
2415,錩新,4,0,4,富邦-台東,2023-02-24,9608
2609,陽明,10,6,4,富邦-台東,2023-02-24,9608
6257,矽格,4,0,4,富邦-台東,2023-02-24,9608
6593,台灣銘板,4,0,4,富邦-台東,2023-02-24,9608
2105,正新,3,0,3,富邦-台東,2023-02-24,9608
00878,國泰永續高股息,93,0,93,富邦-台東,2023-03-01,9608
00885,富邦越南,58,0,58,富邦-台東,2023-03-01,9608
4155,訊映,46,0,46,富邦-台東,2023-03-01,9608
2734,易飛網,30,0,30,富邦-台東,2023-03-01,9608
00715L,期街口布蘭特正2,28,2,26,富邦-台東,2023-03-01,9608
5512,力麒,23,0,23,富邦-台東,2023-03-01,9608
2344,華邦電,32,11,21,富邦-台東,2023-03-01,9608
2897,王道銀行,20,0,20,富邦-台東,2023-03-01,9608
1605,華新,21,4,17,富邦-台東,2023-03-01,9608
5608,四維航,77,63,14,富邦-台東,2023-03-01,9608
00679B,元大美債20年,13,0,13,富邦-台東,2023-03-01,9608
2014,中鴻,20,7,13,富邦-台東,2023-03-01,9608
2106,建大,13,0,13,富邦-台東,2023-03-01,9608
8401,白紗科,11,0,11,富邦-台東,2023-03-01,9608
1708,東鹼,15,4,11,富邦-台東,2023-03-01,9608
2430,燦坤,11,0,11,富邦-台東,2023-03-01,9608
1516,川飛,10,0,10,富邦-台東,2023-03-01,9608
1802,台玻,10,0,10,富邦-台東,2023-03-01,9608
5009,榮剛,10,0,10,富邦-台東,2023-03-01,9608
5603,陸海,10,0,10,富邦-台東,2023-03-01,9608
6288,聯嘉,10,0,10,富邦-台東,2023-03-01,9608
3481,群創,11,2,9,富邦-台東,2023-03-01,9608
2605,新興,19,11,8,富邦-台東,2023-03-01,9608
5306,桂盟,8,0,8,富邦-台東,2023-03-01,9608
9802,鈺齊-KY,8,0,8,富邦-台東,2023-03-01,9608
2610,華航,7,0,7,富邦-台東,2023-03-01,9608
6282,康舒,10,3,7,富邦-台東,2023-03-01,9608
8227,巨有科技,7,0,7,富邦-台東,2023-03-01,9608
6118,建達,7,0,7,富邦-台東,2023-03-01,9608
00706L,期元大S＆P日圓正2,6,0,6,富邦-台東,2023-03-01,9608
2002,中鋼,8,2,6,富邦-台東,2023-03-01,9608
2892,第一金,6,0,6,富邦-台東,2023-03-01,9608
2915,潤泰全,6,0,6,富邦-台東,2023-03-01,9608
4931,新盛力,7,1,6,富邦-台東,2023-03-01,9608
5289,宜鼎,7,1,6,富邦-台東,2023-03-01,9608
1101,台泥,11,6,5,富邦-台東,2023-03-01,9608
6139,亞翔,5,0,5,富邦-台東,2023-03-01,9608
00680L,元大美債20正2,5,0,5,富邦-台東,2023-03-01,9608
00772B,中信高評級公司債,5,0,5,富邦-台東,2023-03-01,9608
2388,威盛,10,5,5,富邦-台東,2023-03-01,9608
2462,良得電,5,0,5,富邦-台東,2023-03-01,9608
2642,宅配通,5,0,5,富邦-台東,2023-03-01,9608
2886,兆豐金,5,0,5,富邦-台東,2023-03-01,9608
3702,大聯大,5,0,5,富邦-台東,2023-03-01,9608
6147,頎邦,8,3,5,富邦-台東,2023-03-01,9608
1210,大成,15,10,5,富邦-台東,2023-03-01,9608
2201,裕隆,14,10,4,富邦-台東,2023-03-01,9608
2482,連宇,5,1,4,富邦-台東,2023-03-01,9608
3706,神達,8,4,4,富邦-台東,2023-03-01,9608
9945,潤泰新,4,0,4,富邦-台東,2023-03-01,9608
2498,宏達電,40,13,27,富邦-台東,2023-03-02,9608
00878,國泰永續高股息,34,13,21,富邦-台東,2023-03-02,9608
2340,台亞,40,20,20,富邦-台東,2023-03-02,9608
6270,倍微,20,0,20,富邦-台東,2023-03-02,9608
6535,順藥,20,0,20,富邦-台東,2023-03-02,9608
3030,德律,15,0,15,富邦-台東,2023-03-02,9608
1314,中石化,21,7,14,富邦-台東,2023-03-02,9608
00632R,元大台灣50反1,11,0,11,富邦-台東,2023-03-02,9608
1102,亞泥,10,0,10,富邦-台東,2023-03-02,9608
00676R,富邦臺灣加權反1,10,0,10,富邦-台東,2023-03-02,9608
1720,生達,10,0,10,富邦-台東,2023-03-02,9608
5328,華容,10,0,10,富邦-台東,2023-03-02,9608
5371,中光電,10,0,10,富邦-台東,2023-03-02,9608
5603,陸海,9,0,9,富邦-台東,2023-03-02,9608
3583,辛耘,8,0,8,富邦-台東,2023-03-02,9608
6412,群電,20,12,8,富邦-台東,2023-03-02,9608
2406,國碩,10,3,7,富邦-台東,2023-03-02,9608
2605,新興,13,6,7,富邦-台東,2023-03-02,9608
4915,致伸,8,2,6,富邦-台東,2023-03-02,9608
00679B,元大美債20年,6,0,6,富邦-台東,2023-03-02,9608
2303,聯電,11,5,6,富邦-台東,2023-03-02,9608
3207,耀勝,11,5,6,富邦-台東,2023-03-02,9608
2201,裕隆,12,6,6,富邦-台東,2023-03-02,9608
2453,凌群,6,0,6,富邦-台東,2023-03-02,9608
2457,飛宏,6,0,6,富邦-台東,2023-03-02,9608
8938,明安,6,0,6,富邦-台東,2023-03-02,9608
00715L,期街口布蘭特正2,11,6,5,富邦-台東,2023-03-02,9608
00712,復華富時不動產,25,20,5,富邦-台東,2023-03-02,9608
00900,富邦特選高股息30,5,0,5,富邦-台東,2023-03-02,9608
00897,富邦基因免疫生技,5,0,5,富邦-台東,2023-03-02,9608
1802,台玻,5,0,5,富邦-台東,2023-03-02,9608
2328,廣宇,5,0,5,富邦-台東,2023-03-02,9608
2359,所羅門,5,0,5,富邦-台東,2023-03-02,9608
3266,昇陽,5,0,5,富邦-台東,2023-03-02,9608
4541,晟田,5,0,5,富邦-台東,2023-03-02,9608
4977,眾達-KY,5,0,5,富邦-台東,2023-03-02,9608
6290,良維,5,0,5,富邦-台東,2023-03-02,9608
8049,晶采,5,0,5,富邦-台東,2023-03-02,9608
8088,品安,8,3,5,富邦-台東,2023-03-02,9608
8112,至上,8,3,5,富邦-台東,2023-03-02,9608
8046,南電,6,1,5,富邦-台東,2023-03-02,9608
1605,華新,11,7,4,富邦-台東,2023-03-02,9608
2368,金像電,6,2,4,富邦-台東,2023-03-02,9608
6770,力積電,4,0,4,富邦-台東,2023-03-02,9608
8289,泰藝,6,2,4,富邦-台東,2023-03-02,9608
4108,懷特,4,0,4,富邦-台東,2023-03-02,9608
2454,聯發科,3,0,3,富邦-台東,2023-03-02,9608
6751,智聯服務,3,0,3,富邦-台東,2023-03-02,9608
1432,大魯閣,3,0,3,富邦-台東,2023-03-02,9608
2388,威盛,6,3,3,富邦-台東,2023-03-02,9608
00885,富邦越南,139,17,122,富邦-台東,2023-03-03,9608
2834,臺企銀,58,8,50,富邦-台東,2023-03-03,9608
3207,耀勝,40,1,39,富邦-台東,2023-03-03,9608
6142,友勁,35,0,35,富邦-台東,2023-03-03,9608
00878,國泰永續高股息,36,9,27,富邦-台東,2023-03-03,9608
00713,元大台灣高息低波,26,0,26,富邦-台東,2023-03-03,9608
8931,大汽電,21,0,21,富邦-台東,2023-03-03,9608
1584,精剛,31,11,20,富邦-台東,2023-03-03,9608
6180,橘子,20,0,20,富邦-台東,2023-03-03,9608
4155,訊映,19,0,19,富邦-台東,2023-03-03,9608
0056,元大高股息,20,1,19,富邦-台東,2023-03-03,9608
00706L,期元大S＆P日圓正2,15,0,15,富邦-台東,2023-03-03,9608
00882,中信中國高股息,15,0,15,富邦-台東,2023-03-03,9608
1605,華新,16,4,12,富邦-台東,2023-03-03,9608
1414,東和,11,0,11,富邦-台東,2023-03-03,9608
3703,欣陸,11,0,11,富邦-台東,2023-03-03,9608
1457,宜進,10,0,10,富邦-台東,2023-03-03,9608
2340,台亞,31,21,10,富邦-台東,2023-03-03,9608
3028,增你強,10,0,10,富邦-台東,2023-03-03,9608
6182,合晶,10,0,10,富邦-台東,2023-03-03,9608
6270,倍微,10,0,10,富邦-台東,2023-03-03,9608
2462,良得電,10,1,9,富邦-台東,2023-03-03,9608
3673,TPK-KY,9,0,9,富邦-台東,2023-03-03,9608
4961,天鈺,11,2,9,富邦-台東,2023-03-03,9608
5469,瀚宇博,10,1,9,富邦-台東,2023-03-03,9608
6741,91APP*-KY,9,0,9,富邦-台東,2023-03-03,9608
1101,台泥,8,0,8,富邦-台東,2023-03-03,9608
6278,台表科,10,2,8,富邦-台東,2023-03-03,9608
8112,至上,9,1,8,富邦-台東,2023-03-03,9608
00680L,元大美債20正2,7,0,7,富邦-台東,2023-03-03,9608
6235,華孚,20,13,7,富邦-台東,2023-03-03,9608
1203,味王,6,0,6,富邦-台東,2023-03-03,9608
4915,致伸,9,3,6,富邦-台東,2023-03-03,9608
8277,商丞,6,0,6,富邦-台東,2023-03-03,9608
00637L,元大滬深300正2,5,0,5,富邦-台東,2023-03-03,9608
2385,群光,10,5,5,富邦-台東,2023-03-03,9608
2641,正德,8,3,5,富邦-台東,2023-03-03,9608
2845,遠東銀,5,0,5,富邦-台東,2023-03-03,9608
3441,聯一光,5,0,5,富邦-台東,2023-03-03,9608
4979,華星光,5,0,5,富邦-台東,2023-03-03,9608
8940,新天地,5,0,5,富邦-台東,2023-03-03,9608
4967,十銓,5,0,5,富邦-台東,2023-03-03,9608
00679B,元大美債20年,4,0,4,富邦-台東,2023-03-03,9608
2405,輔信,5,1,4,富邦-台東,2023-03-03,9608
3617,碩天,4,0,4,富邦-台東,2023-03-03,9608
4171,瑞基,4,0,4,富邦-台東,2023-03-03,9608
4911,德英,4,0,4,富邦-台東,2023-03-03,9608
6446,藥華藥,6,2,4,富邦-台東,2023-03-03,9608
00712,復華富時不動產,3,0,3,富邦-台東,2023-03-03,9608
00632R,元大台灣50反1,5,2,3,富邦-台東,2023-03-03,9608
5608,四維航,294,63,231,富邦-台東,2023-03-06,9608
00885,富邦越南,133,0,133,富邦-台東,2023-03-06,9608
2834,臺企銀,151,28,123,富邦-台東,2023-03-06,9608
00673R,期元大S＆P原油反1,93,0,93,富邦-台東,2023-03-06,9608
00852L,國泰美國道瓊正2,92,0,92,富邦-台東,2023-03-06,9608
2331,精英,52,0,52,富邦-台東,2023-03-06,9608
2208,台船,50,0,50,富邦-台東,2023-03-06,9608
1708,東鹼,36,3,33,富邦-台東,2023-03-06,9608
3236,千如,30,0,30,富邦-台東,2023-03-06,9608
0056,元大高股息,31,5,26,富邦-台東,2023-03-06,9608
1231,聯華食,20,0,20,富邦-台東,2023-03-06,9608
00713,元大台灣高息低波,20,0,20,富邦-台東,2023-03-06,9608
2387,精元,20,0,20,富邦-台東,2023-03-06,9608
2105,正新,17,1,16,富邦-台東,2023-03-06,9608
2425,承啟,16,0,16,富邦-台東,2023-03-06,9608
6770,力積電,24,8,16,富邦-台東,2023-03-06,9608
8176,智捷,15,0,15,富邦-台東,2023-03-06,9608
4155,訊映,15,1,14,富邦-台東,2023-03-06,9608
3673,TPK-KY,15,1,14,富邦-台東,2023-03-06,9608
8234,新漢,14,0,14,富邦-台東,2023-03-06,9608
2455,全新,13,1,12,富邦-台東,2023-03-06,9608
2610,華航,13,1,12,富邦-台東,2023-03-06,9608
00670L,富邦NASDAQ正2,11,0,11,富邦-台東,2023-03-06,9608
00653L,富邦印度正2,11,0,11,富邦-台東,2023-03-06,9608
1783,和康生,14,3,11,富邦-台東,2023-03-06,9608
2332,友訊,11,1,10,富邦-台東,2023-03-06,9608
2460,建通,10,0,10,富邦-台東,2023-03-06,9608
2618,長榮航,11,3,8,富邦-台東,2023-03-06,9608
2313,華通,8,0,8,富邦-台東,2023-03-06,9608
2641,正德,8,0,8,富邦-台東,2023-03-06,9608
4128,中天,8,0,8,富邦-台東,2023-03-06,9608
8110,華東,8,0,8,富邦-台東,2023-03-06,9608
1605,華新,8,1,7,富邦-台東,2023-03-06,9608
2359,所羅門,6,0,6,富邦-台東,2023-03-06,9608
2615,萬海,30,24,6,富邦-台東,2023-03-06,9608
3029,零壹,6,0,6,富邦-台東,2023-03-06,9608
2634,漢翔,23,17,6,富邦-台東,2023-03-06,9608
00752,中信中國50,5,0,5,富邦-台東,2023-03-06,9608
00647L,元大S＆P500正2,5,0,5,富邦-台東,2023-03-06,9608
1504,東元,5,0,5,富邦-台東,2023-03-06,9608
2880,華南金,5,0,5,富邦-台東,2023-03-06,9608
2883,凱基金,7,2,5,富邦-台東,2023-03-06,9608
3006,晶豪科,5,0,5,富邦-台東,2023-03-06,9608
3625,西勝,5,0,5,富邦-台東,2023-03-06,9608
4541,晟田,5,0,5,富邦-台東,2023-03-06,9608
6116,彩晶,102,97,5,富邦-台東,2023-03-06,9608
6167,久正,5,0,5,富邦-台東,2023-03-06,9608
6741,91APP*-KY,5,0,5,富邦-台東,2023-03-06,9608
8936,國統,5,0,5,富邦-台東,2023-03-06,9608
2363,矽統,10,5,5,富邦-台東,2023-03-06,9608
5880,合庫金,102,0,102,富邦-台東,2023-03-07,9608
00885,富邦越南,86,1,85,富邦-台東,2023-03-07,9608
00673R,期元大S＆P原油反1,82,0,82,富邦-台東,2023-03-07,9608
2892,第一金,51,3,48,富邦-台東,2023-03-07,9608
2637,慧洋-KY,31,0,31,富邦-台東,2023-03-07,9608
2201,裕隆,31,1,30,富邦-台東,2023-03-07,9608
2371,大同,31,1,30,富邦-台東,2023-03-07,9608
2834,臺企銀,25,0,25,富邦-台東,2023-03-07,9608
1718,中纖,20,0,20,富邦-台東,2023-03-07,9608
6125,廣運,22,2,20,富邦-台東,2023-03-07,9608
9907,統一實,20,0,20,富邦-台東,2023-03-07,9608
2338,光罩,21,2,19,富邦-台東,2023-03-07,9608
1101,台泥,18,0,18,富邦-台東,2023-03-07,9608
2891,中信金,16,0,16,富邦-台東,2023-03-07,9608
3019,亞光,13,0,13,富邦-台東,2023-03-07,9608
4976,佳凌,19,8,11,富邦-台東,2023-03-07,9608
00632R,元大台灣50反1,14,3,11,富邦-台東,2023-03-07,9608
2425,承啟,11,0,11,富邦-台東,2023-03-07,9608
3037,欣興,11,0,11,富邦-台東,2023-03-07,9608
3481,群創,17,7,10,富邦-台東,2023-03-07,9608
1308,亞聚,10,0,10,富邦-台東,2023-03-07,9608
00665L,富邦�琤肭磪囓�2,30,20,10,富邦-台東,2023-03-07,9608
1802,台玻,20,10,10,富邦-台東,2023-03-07,9608
2027,大成鋼,11,1,10,富邦-台東,2023-03-07,9608
2302,麗正,10,0,10,富邦-台東,2023-03-07,9608
3484,崧騰,10,0,10,富邦-台東,2023-03-07,9608
6182,合晶,10,0,10,富邦-台東,2023-03-07,9608
6438,迅得,10,0,10,富邦-台東,2023-03-07,9608
6613,朋億*,10,0,10,富邦-台東,2023-03-07,9608
2486,一詮,22,13,9,富邦-台東,2023-03-07,9608
2609,陽明,43,35,8,富邦-台東,2023-03-07,9608
00878,國泰永續高股息,8,1,7,富邦-台東,2023-03-07,9608
2471,資通,9,2,7,富邦-台東,2023-03-07,9608
3576,聯合再生,7,1,6,富邦-台東,2023-03-07,9608
6548,長科*,8,2,6,富邦-台東,2023-03-07,9608
6770,力積電,17,11,6,富邦-台東,2023-03-07,9608
1795,美時,8,3,5,富邦-台東,2023-03-07,9608
1219,福壽,10,5,5,富邦-台東,2023-03-07,9608
2331,精英,5,0,5,富邦-台東,2023-03-07,9608
2352,佳世達,15,10,5,富邦-台東,2023-03-07,9608
3296,勝德,5,0,5,富邦-台東,2023-03-07,9608
3665,貿聯-KY,5,0,5,富邦-台東,2023-03-07,9608
3702,大聯大,5,0,5,富邦-台東,2023-03-07,9608
5410,國眾,5,0,5,富邦-台東,2023-03-07,9608
6581,鋼聯,5,0,5,富邦-台東,2023-03-07,9608
8096,擎亞,5,0,5,富邦-台東,2023-03-07,9608
8289,泰藝,11,6,5,富邦-台東,2023-03-07,9608
8940,新天地,5,0,5,富邦-台東,2023-03-07,9608
1336,台翰,4,0,4,富邦-台東,2023-03-07,9608
00713,元大台灣高息低波,4,0,4,富邦-台東,2023-03-07,9608
00852L,國泰美國道瓊正2,62,0,62,富邦-台東,2023-03-08,9608
2601,益航,30,0,30,富邦-台東,2023-03-08,9608
2393,億光,30,0,30,富邦-台東,2023-03-08,9608
00923,群益台ESG低碳50,26,0,26,富邦-台東,2023-03-08,9608
2883,凱基金,23,0,23,富邦-台東,2023-03-08,9608
2498,宏達電,23,4,19,富邦-台東,2023-03-08,9608
2606,裕民,39,20,19,富邦-台東,2023-03-08,9608
00647L,元大S＆P500正2,16,0,16,富邦-台東,2023-03-08,9608
00706L,期元大S＆P日圓正2,16,0,16,富邦-台東,2023-03-08,9608
2105,正新,16,0,16,富邦-台東,2023-03-08,9608
00713,元大台灣高息低波,16,0,16,富邦-台東,2023-03-08,9608
00708L,期元大S＆P黃金正2,15,0,15,富邦-台東,2023-03-08,9608
1514,亞力,17,2,15,富邦-台東,2023-03-08,9608
1802,台玻,15,0,15,富邦-台東,2023-03-08,9608
2014,中鴻,17,2,15,富邦-台東,2023-03-08,9608
2801,彰銀,15,0,15,富邦-台東,2023-03-08,9608
00670L,富邦NASDAQ正2,14,0,14,富邦-台東,2023-03-08,9608
2605,新興,33,20,13,富邦-台東,2023-03-08,9608
00653L,富邦印度正2,11,0,11,富邦-台東,2023-03-08,9608
3006,晶豪科,11,0,11,富邦-台東,2023-03-08,9608
3265,台星科,12,1,11,富邦-台東,2023-03-08,9608
6770,力積電,12,1,11,富邦-台東,2023-03-08,9608
3093,港建*,11,1,10,富邦-台東,2023-03-08,9608
1905,華紙,10,0,10,富邦-台東,2023-03-08,9608
2887,台新金,10,0,10,富邦-台東,2023-03-08,9608
6613,朋億*,10,0,10,富邦-台東,2023-03-08,9608
2369,菱生,10,1,9,富邦-台東,2023-03-08,9608
2425,承啟,9,0,9,富邦-台東,2023-03-08,9608
3673,TPK-KY,8,0,8,富邦-台東,2023-03-08,9608
1227,佳格,7,0,7,富邦-台東,2023-03-08,9608
00882,中信中國高股息,7,0,7,富邦-台東,2023-03-08,9608
3380,明泰,7,0,7,富邦-台東,2023-03-08,9608
3508,位速,7,0,7,富邦-台東,2023-03-08,9608
3037,欣興,7,0,7,富邦-台東,2023-03-08,9608
1709,和益,8,1,7,富邦-台東,2023-03-08,9608
1101,台泥,7,0,7,富邦-台東,2023-03-08,9608
2609,陽明,14,8,6,富邦-台東,2023-03-08,9608
1584,精剛,8,2,6,富邦-台東,2023-03-08,9608
2834,臺企銀,10,4,6,富邦-台東,2023-03-08,9608
3004,豐達科,6,0,6,富邦-台東,2023-03-08,9608
6446,藥華藥,6,0,6,富邦-台東,2023-03-08,9608
2886,兆豐金,21,15,6,富邦-台東,2023-03-08,9608
6282,康舒,29,23,6,富邦-台東,2023-03-08,9608
1605,華新,16,11,5,富邦-台東,2023-03-08,9608
00642U,期元大S＆P石油,5,0,5,富邦-台東,2023-03-08,9608
00753L,中信中國50正2,5,0,5,富邦-台東,2023-03-08,9608
00752,中信中國50,5,0,5,富邦-台東,2023-03-08,9608
1444,力麗,5,0,5,富邦-台東,2023-03-08,9608
2243,宏旭-KY,6,1,5,富邦-台東,2023-03-08,9608
2312,金寶,5,0,5,富邦-台東,2023-03-08,9608
6470,宇智,82,3,79,富邦-台東,2023-03-09,9608
3481,群創,84,15,69,富邦-台東,2023-03-09,9608
2344,華邦電,42,0,42,富邦-台東,2023-03-09,9608
1584,精剛,39,0,39,富邦-台東,2023-03-09,9608
00878,國泰永續高股息,37,0,37,富邦-台東,2023-03-09,9608
2002,中鋼,24,0,24,富邦-台東,2023-03-09,9608
5272,笙科,20,0,20,富邦-台東,2023-03-09,9608
1802,台玻,15,0,15,富邦-台東,2023-03-09,9608
00885,富邦越南,15,1,14,富邦-台東,2023-03-09,9608
0056,元大高股息,15,1,14,富邦-台東,2023-03-09,9608
1513,中興電,21,8,13,富邦-台東,2023-03-09,9608
2883,凱基金,25,12,13,富邦-台東,2023-03-09,9608
3207,耀勝,13,0,13,富邦-台東,2023-03-09,9608
8112,至上,18,5,13,富邦-台東,2023-03-09,9608
2317,鴻海,13,1,12,富邦-台東,2023-03-09,9608
1718,中纖,11,0,11,富邦-台東,2023-03-09,9608
3596,智易,11,0,11,富邦-台東,2023-03-09,9608
6770,力積電,24,13,11,富邦-台東,2023-03-09,9608
00655L,國泰中國A50正2,10,0,10,富邦-台東,2023-03-09,9608
00675L,富邦臺灣加權正2,10,0,10,富邦-台東,2023-03-09,9608
1909,榮成,10,0,10,富邦-台東,2023-03-09,9608
2106,建大,10,0,10,富邦-台東,2023-03-09,9608
2340,台亞,10,0,10,富邦-台東,2023-03-09,9608
6438,迅得,10,0,10,富邦-台東,2023-03-09,9608
6594,展匯科,10,0,10,富邦-台東,2023-03-09,9608
9907,統一實,10,0,10,富邦-台東,2023-03-09,9608
2359,所羅門,50,41,9,富邦-台東,2023-03-09,9608
00923,群益台ESG低碳50,9,0,9,富邦-台東,2023-03-09,9608
2497,怡利電,11,3,8,富邦-台東,2023-03-09,9608
1314,中石化,8,0,8,富邦-台東,2023-03-09,9608
2408,南亞科,18,10,8,富邦-台東,2023-03-09,9608
2812,台中銀,7,0,7,富邦-台東,2023-03-09,9608
00720B,元大投資級公司債,7,0,7,富邦-台東,2023-03-09,9608
1101,台泥,13,6,7,富邦-台東,2023-03-09,9608
2534,宏盛,7,0,7,富邦-台東,2023-03-09,9608
3264,欣銓,7,0,7,富邦-台東,2023-03-09,9608
4931,新盛力,7,0,7,富邦-台東,2023-03-09,9608
6443,元晶,12,5,7,富邦-台東,2023-03-09,9608
2354,鴻準,6,0,6,富邦-台東,2023-03-09,9608
2610,華航,9,3,6,富邦-台東,2023-03-09,9608
3652,精聯,6,0,6,富邦-台東,2023-03-09,9608
5009,榮剛,10,4,6,富邦-台東,2023-03-09,9608
6223,旺矽,6,0,6,富邦-台東,2023-03-09,9608
6290,良維,6,0,6,富邦-台東,2023-03-09,9608
8222,寶一,8,2,6,富邦-台東,2023-03-09,9608
2892,第一金,5,0,5,富邦-台東,2023-03-09,9608
1312,國喬,5,0,5,富邦-台東,2023-03-09,9608
1308,亞聚,5,0,5,富邦-台東,2023-03-09,9608
00632R,元大台灣50反1,5,0,5,富邦-台東,2023-03-09,9608
00642U,期元大S＆P石油,5,0,5,富邦-台東,2023-03-09,9608
2371,大同,104,0,104,富邦-台東,2023-03-10,9608
00664R,國泰臺灣加權反1,100,0,100,富邦-台東,2023-03-10,9608
5381,合正,100,0,100,富邦-台東,2023-03-10,9608
2607,榮運,103,18,85,富邦-台東,2023-03-10,9608
00878,國泰永續高股息,78,1,77,富邦-台東,2023-03-10,9608
00852L,國泰美國道瓊正2,61,0,61,富邦-台東,2023-03-10,9608
2834,臺企銀,69,11,58,富邦-台東,2023-03-10,9608
00715L,期街口布蘭特正2,50,0,50,富邦-台東,2023-03-10,9608
00642U,期元大S＆P石油,39,0,39,富邦-台東,2023-03-10,9608
2498,宏達電,31,1,30,富邦-台東,2023-03-10,9608
2883,凱基金,31,2,29,富邦-台東,2023-03-10,9608
2331,精英,27,0,27,富邦-台東,2023-03-10,9608
1513,中興電,24,2,22,富邦-台東,2023-03-10,9608
2801,彰銀,22,0,22,富邦-台東,2023-03-10,9608
1227,佳格,20,0,20,富邦-台東,2023-03-10,9608
1460,宏遠,20,0,20,富邦-台東,2023-03-10,9608
1605,華新,20,0,20,富邦-台東,2023-03-10,9608
2358,廷鑫,18,0,18,富邦-台東,2023-03-10,9608
2449,京元電子,20,2,18,富邦-台東,2023-03-10,9608
2014,中鴻,18,1,17,富邦-台東,2023-03-10,9608
00712,復華富時不動產,15,0,15,富邦-台東,2023-03-10,9608
2618,長榮航,28,13,15,富邦-台東,2023-03-10,9608
00923,群益台ESG低碳50,19,4,15,富邦-台東,2023-03-10,9608
912000,晨訊科-DR,15,0,15,富邦-台東,2023-03-10,9608
6180,橘子,14,0,14,富邦-台東,2023-03-10,9608
0056,元大高股息,15,1,14,富邦-台東,2023-03-10,9608
1584,精剛,19,6,13,富邦-台東,2023-03-10,9608
1319,東陽,15,2,13,富邦-台東,2023-03-10,9608
2344,華邦電,13,0,13,富邦-台東,2023-03-10,9608
00753L,中信中國50正2,12,0,12,富邦-台東,2023-03-10,9608
6290,良維,12,0,12,富邦-台東,2023-03-10,9608
2603,長榮,33,21,12,富邦-台東,2023-03-10,9608
00653L,富邦印度正2,11,0,11,富邦-台東,2023-03-10,9608
3207,耀勝,12,1,11,富邦-台東,2023-03-10,9608
2330,台積電,11,0,11,富邦-台東,2023-03-10,9608
6547,高端疫苗,10,0,10,富邦-台東,2023-03-10,9608
00655L,國泰中國A50正2,10,0,10,富邦-台東,2023-03-10,9608
00641R,富邦日本反1,10,0,10,富邦-台東,2023-03-10,9608
2515,中工,10,0,10,富邦-台東,2023-03-10,9608
2736,富野,10,0,10,富邦-台東,2023-03-10,9608
2836,高雄銀,10,0,10,富邦-台東,2023-03-10,9608
2888,新光金,10,0,10,富邦-台東,2023-03-10,9608
3052,夆典,10,0,10,富邦-台東,2023-03-10,9608
8054,安國,10,0,10,富邦-台東,2023-03-10,9608
8476,台境*,10,0,10,富邦-台東,2023-03-10,9608
2886,兆豐金,11,2,9,富邦-台東,2023-03-10,9608
2892,第一金,12,4,8,富邦-台東,2023-03-10,9608
2409,友達,8,0,8,富邦-台東,2023-03-10,9608
00647L,元大S＆P500正2,8,0,8,富邦-台東,2023-03-10,9608
2401,凌陽,8,0,8,富邦-台東,2023-03-10,9608
3022,威強電,51,5,46,富邦-台東,2023-03-13,9608
00878,國泰永續高股息,58,26,32,富邦-台東,2023-03-13,9608
2836,高雄銀,30,0,30,富邦-台東,2023-03-13,9608
2834,臺企銀,42,16,26,富邦-台東,2023-03-13,9608
1460,宏遠,22,0,22,富邦-台東,2023-03-13,9608
2610,華航,22,2,20,富邦-台東,2023-03-13,9608
2637,慧洋-KY,20,0,20,富邦-台東,2023-03-13,9608
2352,佳世達,20,1,19,富邦-台東,2023-03-13,9608
00715L,期街口布蘭特正2,15,0,15,富邦-台東,2023-03-13,9608
2812,台中銀,12,0,12,富邦-台東,2023-03-13,9608
00882,中信中國高股息,18,10,8,富邦-台東,2023-03-13,9608
00665L,富邦�琤肭磪囓�2,23,15,8,富邦-台東,2023-03-13,9608
3037,欣興,8,0,8,富邦-台東,2023-03-13,9608
3583,辛耘,8,0,8,富邦-台東,2023-03-13,9608
9933,中鼎,8,0,8,富邦-台東,2023-03-13,9608
00712,復華富時不動產,7,0,7,富邦-台東,2023-03-13,9608
2887F,台新戊特二,7,0,7,富邦-台東,2023-03-13,9608
1513,中興電,9,3,6,富邦-台東,2023-03-13,9608
2388,威盛,8,2,6,富邦-台東,2023-03-13,9608
8289,泰藝,6,0,6,富邦-台東,2023-03-13,9608
2480,敦陽科,13,8,5,富邦-台東,2023-03-13,9608
2546,根基,5,0,5,富邦-台東,2023-03-13,9608
2736,富野,5,0,5,富邦-台東,2023-03-13,9608
3406,玉晶光,5,0,5,富邦-台東,2023-03-13,9608
3508,位速,5,0,5,富邦-台東,2023-03-13,9608
3710,連展投控,5,0,5,富邦-台東,2023-03-13,9608
8096,擎亞,5,0,5,富邦-台東,2023-03-13,9608
8933,愛地雅,5,0,5,富邦-台東,2023-03-13,9608
8936,國統,6,1,5,富邦-台東,2023-03-13,9608
9907,統一實,6,1,5,富邦-台東,2023-03-13,9608
8112,至上,4,0,4,富邦-台東,2023-03-13,9608
00773B,中信優先金融債,4,0,4,富邦-台東,2023-03-13,9608
2801,彰銀,4,0,4,富邦-台東,2023-03-13,9608
2883,凱基金,5,1,4,富邦-台東,2023-03-13,9608
3078,僑威,4,0,4,富邦-台東,2023-03-13,9608
6290,良維,5,1,4,富邦-台東,2023-03-13,9608
6414,樺漢,4,0,4,富邦-台東,2023-03-13,9608
9945,潤泰新,4,0,4,富邦-台東,2023-03-13,9608
2482,連宇,4,0,4,富邦-台東,2023-03-13,9608
1432,大魯閣,3,0,3,富邦-台東,2023-03-13,9608
2014,中鴻,4,1,3,富邦-台東,2023-03-13,9608
2312,金寶,3,0,3,富邦-台東,2023-03-13,9608
2385,群光,3,0,3,富邦-台東,2023-03-13,9608
3491,昇達科,3,0,3,富邦-台東,2023-03-13,9608
4916,事欣科,3,0,3,富邦-台東,2023-03-13,9608
5009,榮剛,7,4,3,富邦-台東,2023-03-13,9608
8418,捷必勝-KY,4,1,3,富邦-台東,2023-03-13,9608
3128,昇銳,3,0,3,富邦-台東,2023-03-13,9608
2498,宏達電,25,23,2,富邦-台東,2023-03-13,9608
2609,陽明,41,39,2,富邦-台東,2023-03-13,9608
00715L,期街口布蘭特正2,135,15,120,富邦-台東,2023-03-14,9608
2834,臺企銀,133,57,76,富邦-台東,2023-03-14,9608
00878,國泰永續高股息,102,38,64,富邦-台東,2023-03-14,9608
5512,力麒,50,0,50,富邦-台東,2023-03-14,9608
2892,第一金,48,0,48,富邦-台東,2023-03-14,9608
00632R,元大台灣50反1,70,28,42,富邦-台東,2023-03-14,9608
2515,中工,51,10,41,富邦-台東,2023-03-14,9608
00642U,期元大S＆P石油,37,0,37,富邦-台東,2023-03-14,9608
3029,零壹,36,1,35,富邦-台東,2023-03-14,9608
2618,長榮航,40,6,34,富邦-台東,2023-03-14,9608
2615,萬海,98,68,30,富邦-台東,2023-03-14,9608
1460,宏遠,20,0,20,富邦-台東,2023-03-14,9608
2303,聯電,39,22,17,富邦-台東,2023-03-14,9608
2344,華邦電,18,1,17,富邦-台東,2023-03-14,9608
6541,泰福-KY,16,0,16,富邦-台東,2023-03-14,9608
2891,中信金,16,0,16,富邦-台東,2023-03-14,9608
2457,飛宏,28,13,15,富邦-台東,2023-03-14,9608
2887,台新金,12,0,12,富邦-台東,2023-03-14,9608
0056,元大高股息,12,1,11,富邦-台東,2023-03-14,9608
2888,新光金,11,0,11,富邦-台東,2023-03-14,9608
3576,聯合再生,11,0,11,富邦-台東,2023-03-14,9608
00882,中信中國高股息,10,0,10,富邦-台東,2023-03-14,9608
00655L,國泰中國A50正2,10,0,10,富邦-台東,2023-03-14,9608
1569,濱川,10,0,10,富邦-台東,2023-03-14,9608
1616,億泰,10,0,10,富邦-台東,2023-03-14,9608
2495,普安,10,0,10,富邦-台東,2023-03-14,9608
2836,高雄銀,10,0,10,富邦-台東,2023-03-14,9608
5530,龍巖,10,0,10,富邦-台東,2023-03-14,9608
6122,擎邦,14,4,10,富邦-台東,2023-03-14,9608
6438,迅得,10,0,10,富邦-台東,2023-03-14,9608
912000,晨訊科-DR,10,0,10,富邦-台東,2023-03-14,9608
2867,三商壽,10,1,9,富邦-台東,2023-03-14,9608
2610,華航,15,7,8,富邦-台東,2023-03-14,9608
5371,中光電,8,0,8,富邦-台東,2023-03-14,9608
3481,群創,9,2,7,富邦-台東,2023-03-14,9608
00647L,元大S＆P500正2,7,0,7,富邦-台東,2023-03-14,9608
2106,建大,7,0,7,富邦-台東,2023-03-14,9608
3093,港建*,10,3,7,富邦-台東,2023-03-14,9608
2812,台中銀,7,0,7,富邦-台東,2023-03-14,9608
2882,國泰金,6,0,6,富邦-台東,2023-03-14,9608
2801,彰銀,6,0,6,富邦-台東,2023-03-14,9608
5880,合庫金,5,0,5,富邦-台東,2023-03-14,9608
9945,潤泰新,5,0,5,富邦-台東,2023-03-14,9608
3006,晶豪科,6,1,5,富邦-台東,2023-03-14,9608
00653L,富邦印度正2,5,0,5,富邦-台東,2023-03-14,9608
2399,映泰,6,1,5,富邦-台東,2023-03-14,9608
3046,建��,12,7,5,富邦-台東,2023-03-14,9608
3207,耀勝,5,0,5,富邦-台東,2023-03-14,9608
6151,晉倫,5,0,5,富邦-台東,2023-03-14,9608
00670L,富邦NASDAQ正2,4,0,4,富邦-台東,2023-03-14,9608
00642U,期元大S＆P石油,72,0,72,富邦-台東,2023-03-15,9608
00885,富邦越南,51,0,51,富邦-台東,2023-03-15,9608
2834,臺企銀,48,2,46,富邦-台東,2023-03-15,9608
00713,元大台灣高息低波,72,30,42,富邦-台東,2023-03-15,9608
00878,國泰永續高股息,36,3,33,富邦-台東,2023-03-15,9608
00715L,期街口布蘭特正2,31,0,31,富邦-台東,2023-03-15,9608
00632R,元大台灣50反1,65,40,25,富邦-台東,2023-03-15,9608
2609,陽明,40,19,21,富邦-台東,2023-03-15,9608
2340,台亞,20,0,20,富邦-台東,2023-03-15,9608
2892,第一金,17,0,17,富邦-台東,2023-03-15,9608
2367,燿華,15,0,15,富邦-台東,2023-03-15,9608
2534,宏盛,15,0,15,富邦-台東,2023-03-15,9608
2331,精英,14,0,14,富邦-台東,2023-03-15,9608
2883,凱基金,14,0,14,富邦-台東,2023-03-15,9608
2615,萬海,52,39,13,富邦-台東,2023-03-15,9608
5371,中光電,14,1,13,富邦-台東,2023-03-15,9608
00712,復華富時不動產,11,0,11,富邦-台東,2023-03-15,9608
2495,普安,11,0,11,富邦-台東,2023-03-15,9608
2890,永豐金,11,0,11,富邦-台東,2023-03-15,9608
2637,慧洋-KY,11,0,11,富邦-台東,2023-03-15,9608
1316,上曜,10,0,10,富邦-台東,2023-03-15,9608
2449,京元電子,10,0,10,富邦-台東,2023-03-15,9608
2886,兆豐金,10,0,10,富邦-台東,2023-03-15,9608
3508,位速,10,0,10,富邦-台東,2023-03-15,9608
4916,事欣科,23,13,10,富邦-台東,2023-03-15,9608
6118,建達,10,0,10,富邦-台東,2023-03-15,9608
6167,久正,10,0,10,富邦-台東,2023-03-15,9608
6438,迅得,10,0,10,富邦-台東,2023-03-15,9608
6470,宇智,60,50,10,富邦-台東,2023-03-15,9608
2027,大成鋼,11,1,10,富邦-台東,2023-03-15,9608
0056,元大高股息,11,2,9,富邦-台東,2023-03-15,9608
2313,華通,9,0,9,富邦-台東,2023-03-15,9608
2498,宏達電,14,5,9,富邦-台東,2023-03-15,9608
2014,中鴻,9,2,7,富邦-台東,2023-03-15,9608
2399,映泰,7,0,7,富邦-台東,2023-03-15,9608
5388,中磊,7,0,7,富邦-台東,2023-03-15,9608
6290,良維,12,5,7,富邦-台東,2023-03-15,9608
2889,國票金,7,1,6,富邦-台東,2023-03-15,9608
3163,波若威,6,0,6,富邦-台東,2023-03-15,9608
6263,普萊德,6,0,6,富邦-台東,2023-03-15,9608
2603,長榮,27,22,5,富邦-台東,2023-03-15,9608
2884,玉山金,6,1,5,富邦-台東,2023-03-15,9608
1460,宏遠,5,0,5,富邦-台東,2023-03-15,9608
1513,中興電,6,1,5,富邦-台東,2023-03-15,9608
00676R,富邦臺灣加權反1,5,0,5,富邦-台東,2023-03-15,9608
2480,敦陽科,5,0,5,富邦-台東,2023-03-15,9608
2520,冠德,5,0,5,富邦-台東,2023-03-15,9608
2891,中信金,4,0,4,富邦-台東,2023-03-15,9608
5880,合庫金,4,0,4,富邦-台東,2023-03-15,9608
8069,元太,4,0,4,富邦-台東,2023-03-15,9608
00715L,期街口布蘭特正2,581,6,575,富邦-台東,2023-03-16,9608
2834,臺企銀,250,138,112,富邦-台東,2023-03-16,9608
2883,凱基金,110,1,109,富邦-台東,2023-03-16,9608
00642U,期元大S＆P石油,63,0,63,富邦-台東,2023-03-16,9608
2352,佳世達,39,0,39,富邦-台東,2023-03-16,9608
2891,中信金,35,0,35,富邦-台東,2023-03-16,9608
00878,國泰永續高股息,55,22,33,富邦-台東,2023-03-16,9608
2836,高雄銀,25,0,25,富邦-台東,2023-03-16,9608
2534,宏盛,24,0,24,富邦-台東,2023-03-16,9608
00706L,期元大S＆P日圓正2,20,0,20,富邦-台東,2023-03-16,9608
2887,台新金,20,0,20,富邦-台東,2023-03-16,9608
00713,元大台灣高息低波,18,0,18,富邦-台東,2023-03-16,9608
2603,長榮,16,0,16,富邦-台東,2023-03-16,9608
2888,新光金,16,0,16,富邦-台東,2023-03-16,9608
1467,南緯,15,0,15,富邦-台東,2023-03-16,9608
2545,皇翔,15,0,15,富邦-台東,2023-03-16,9608
3682,亞太電,15,0,15,富邦-台東,2023-03-16,9608
1513,中興電,15,3,12,富邦-台東,2023-03-16,9608
1460,宏遠,10,0,10,富邦-台東,2023-03-16,9608
1584,精剛,10,0,10,富邦-台東,2023-03-16,9608
2413,環科,16,6,10,富邦-台東,2023-03-16,9608
2897,王道銀行,10,0,10,富邦-台東,2023-03-16,9608
3029,零壹,13,3,10,富邦-台東,2023-03-16,9608
3147,大綜,10,0,10,富邦-台東,2023-03-16,9608
6470,宇智,10,0,10,富邦-台東,2023-03-16,9608
2884,玉山金,18,9,9,富邦-台東,2023-03-16,9608
0056,元大高股息,11,2,9,富邦-台東,2023-03-16,9608
00712,復華富時不動產,10,2,8,富邦-台東,2023-03-16,9608
2867,三商壽,8,0,8,富邦-台東,2023-03-16,9608
5371,中光電,8,0,8,富邦-台東,2023-03-16,9608
2881,富邦金,8,1,7,富邦-台東,2023-03-16,9608
2480,敦陽科,7,0,7,富邦-台東,2023-03-16,9608
6811,宏�硌穈T,8,1,7,富邦-台東,2023-03-16,9608
1101,台泥,8,1,7,富邦-台東,2023-03-16,9608
2880,華南金,7,0,7,富邦-台東,2023-03-16,9608
2882,國泰金,22,16,6,富邦-台東,2023-03-16,9608
2453,凌群,14,8,6,富邦-台東,2023-03-16,9608
2492,華新科,6,0,6,富邦-台東,2023-03-16,9608
2615,萬海,27,21,6,富邦-台東,2023-03-16,9608
2618,長榮航,6,0,6,富邦-台東,2023-03-16,9608
3455,由田,6,0,6,富邦-台東,2023-03-16,9608
8289,泰藝,6,0,6,富邦-台東,2023-03-16,9608
8936,國統,6,0,6,富邦-台東,2023-03-16,9608
1312,國喬,5,0,5,富邦-台東,2023-03-16,9608
00679B,元大美債20年,5,0,5,富邦-台東,2023-03-16,9608
00671R,富邦NASDAQ反1,5,0,5,富邦-台東,2023-03-16,9608
1519,華城,5,0,5,富邦-台東,2023-03-16,9608
2017,官田鋼,5,0,5,富邦-台東,2023-03-16,9608
2243,宏旭-KY,5,0,5,富邦-台東,2023-03-16,9608
2610,華航,5,0,5,富邦-台東,2023-03-16,9608
00715L,期街口布蘭特正2,165,0,165,富邦-台東,2023-03-17,9608
2884,玉山金,122,1,121,富邦-台東,2023-03-17,9608
00687B,國泰20年美債,100,0,100,富邦-台東,2023-03-17,9608
00632R,元大台灣50反1,65,2,63,富邦-台東,2023-03-17,9608
00885,富邦越南,57,0,57,富邦-台東,2023-03-17,9608
2891,中信金,54,0,54,富邦-台東,2023-03-17,9608
2534,宏盛,46,0,46,富邦-台東,2023-03-17,9608
00642U,期元大S＆P石油,32,2,30,富邦-台東,2023-03-17,9608
00674R,期元大S＆P黃金反1,30,0,30,富邦-台東,2023-03-17,9608
9907,統一實,30,0,30,富邦-台東,2023-03-17,9608
9933,中鼎,30,0,30,富邦-台東,2023-03-17,9608
6470,宇智,20,0,20,富邦-台東,2023-03-17,9608
3147,大綜,20,1,19,富邦-台東,2023-03-17,9608
00878,國泰永續高股息,16,2,14,富邦-台東,2023-03-17,9608
5425,台半,14,3,11,富邦-台東,2023-03-17,9608
6412,群電,11,0,11,富邦-台東,2023-03-17,9608
00679B,元大美債20年,10,0,10,富邦-台東,2023-03-17,9608
1460,宏遠,10,0,10,富邦-台東,2023-03-17,9608
1526,日馳,10,0,10,富邦-台東,2023-03-17,9608
3093,港建*,11,1,10,富邦-台東,2023-03-17,9608
3508,位速,10,0,10,富邦-台東,2023-03-17,9608
5876,上海商銀,10,0,10,富邦-台東,2023-03-17,9608
5880,合庫金,10,0,10,富邦-台東,2023-03-17,9608
5483,中美晶,9,0,9,富邦-台東,2023-03-17,9608
2609,陽明,14,6,8,富邦-台東,2023-03-17,9608
00671R,富邦NASDAQ反1,8,0,8,富邦-台東,2023-03-17,9608
2027,大成鋼,7,0,7,富邦-台東,2023-03-17,9608
8096,擎亞,7,0,7,富邦-台東,2023-03-17,9608
2882,國泰金,9,3,6,富邦-台東,2023-03-17,9608
00712,復華富時不動產,8,2,6,富邦-台東,2023-03-17,9608
2881,富邦金,5,0,5,富邦-台東,2023-03-17,9608
2388,威盛,7,2,5,富邦-台東,2023-03-17,9608
00637L,元大滬深300正2,5,0,5,富邦-台東,2023-03-17,9608
00752,中信中國50,5,0,5,富邦-台東,2023-03-17,9608
2401,凌陽,5,0,5,富邦-台東,2023-03-17,9608
3406,玉晶光,5,0,5,富邦-台東,2023-03-17,9608
3576,聯合再生,15,10,5,富邦-台東,2023-03-17,9608
3710,連展投控,5,0,5,富邦-台東,2023-03-17,9608
4108,懷特,5,0,5,富邦-台東,2023-03-17,9608
4960,誠美材,5,0,5,富邦-台東,2023-03-17,9608
2812,台中銀,4,0,4,富邦-台東,2023-03-17,9608
2887,台新金,5,1,4,富邦-台東,2023-03-17,9608
8418,捷必勝-KY,4,0,4,富邦-台東,2023-03-17,9608
2603,長榮,5,2,3,富邦-台東,2023-03-17,9608
00713,元大台灣高息低波,3,0,3,富邦-台東,2023-03-17,9608
2610,華航,9,6,3,富邦-台東,2023-03-17,9608
2886,兆豐金,3,0,3,富邦-台東,2023-03-17,9608
6150,撼訊,3,0,3,富邦-台東,2023-03-17,9608
6525,捷敏-KY,3,0,3,富邦-台東,2023-03-17,9608
6533,晶心科,4,1,3,富邦-台東,2023-03-17,9608
4967,十銓,362,2,360,富邦-台東,2023-03-20,9608
2890,永豐金,223,25,198,富邦-台東,2023-03-20,9608
00642U,期元大S＆P石油,84,0,84,富邦-台東,2023-03-20,9608
00715L,期街口布蘭特正2,70,10,60,富邦-台東,2023-03-20,9608
00632R,元大台灣50反1,59,0,59,富邦-台東,2023-03-20,9608
00674R,期元大S＆P黃金反1,33,0,33,富邦-台東,2023-03-20,9608
00878,國泰永續高股息,24,0,24,富邦-台東,2023-03-20,9608
6443,元晶,41,20,21,富邦-台東,2023-03-20,9608
1905,華紙,20,0,20,富邦-台東,2023-03-20,9608
6535,順藥,20,0,20,富邦-台東,2023-03-20,9608
6244,茂迪,36,17,19,富邦-台東,2023-03-20,9608
2303,聯電,28,12,16,富邦-台東,2023-03-20,9608
2892,第一金,16,1,15,富邦-台東,2023-03-20,9608
1605,華新,15,1,14,富邦-台東,2023-03-20,9608
2883,凱基金,13,0,13,富邦-台東,2023-03-20,9608
3005,神基,13,0,13,富邦-台東,2023-03-20,9608
8033,雷虎,11,0,11,富邦-台東,2023-03-20,9608
1785,光洋科,30,20,10,富邦-台東,2023-03-20,9608
00753L,中信中國50正2,7,0,7,富邦-台東,2023-03-20,9608
2836,高雄銀,7,0,7,富邦-台東,2023-03-20,9608
3481,群創,16,9,7,富邦-台東,2023-03-20,9608
2882,國泰金,6,0,6,富邦-台東,2023-03-20,9608
9945,潤泰新,6,0,6,富邦-台東,2023-03-20,9608
2317,鴻海,6,0,6,富邦-台東,2023-03-20,9608
00712,復華富時不動產,5,0,5,富邦-台東,2023-03-20,9608
1308,亞聚,5,0,5,富邦-台東,2023-03-20,9608
1304,台聚,5,0,5,富邦-台東,2023-03-20,9608
00637L,元大滬深300正2,5,0,5,富邦-台東,2023-03-20,9608
2243,宏旭-KY,10,5,5,富邦-台東,2023-03-20,9608
2387,精元,7,2,5,富邦-台東,2023-03-20,9608
6791,虎門科技,5,0,5,富邦-台東,2023-03-20,9608
8940,新天地,5,0,5,富邦-台東,2023-03-20,9608
2356,英業達,10,6,4,富邦-台東,2023-03-20,9608
5410,國眾,4,0,4,富邦-台東,2023-03-20,9608
6541,泰福-KY,4,0,4,富邦-台東,2023-03-20,9608
2880,華南金,3,0,3,富邦-台東,2023-03-20,9608
00772B,中信高評級公司債,3,0,3,富邦-台東,2023-03-20,9608
2330,台積電,4,1,3,富邦-台東,2023-03-20,9608
1101,台泥,3,0,3,富邦-台東,2023-03-20,9608
2031,新光鋼,3,0,3,富邦-台東,2023-03-20,9608
3038,全台,3,0,3,富邦-台東,2023-03-20,9608
3712,永崴投控,3,0,3,富邦-台東,2023-03-20,9608
4503,金雨,3,0,3,富邦-台東,2023-03-20,9608
6164,華興,3,0,3,富邦-台東,2023-03-20,9608
6231,系微,3,0,3,富邦-台東,2023-03-20,9608
6806,森崴能源,3,0,3,富邦-台東,2023-03-20,9608
00882,中信中國高股息,2,0,2,富邦-台東,2023-03-20,9608
2891,中信金,2,0,2,富邦-台東,2023-03-20,9608
1522,堤維西,2,0,2,富邦-台東,2023-03-20,9608
2542,興富發,2,0,2,富邦-台東,2023-03-20,9608
00679B,元大美債20年,90,0,90,富邦-台東,2023-03-21,9608
2834,臺企銀,80,20,60,富邦-台東,2023-03-21,9608
6244,茂迪,134,81,53,富邦-台東,2023-03-21,9608
00674R,期元大S＆P黃金反1,30,0,30,富邦-台東,2023-03-21,9608
00642U,期元大S＆P石油,30,0,30,富邦-台東,2023-03-21,9608
2801,彰銀,30,0,30,富邦-台東,2023-03-21,9608
4934,太極,31,1,30,富邦-台東,2023-03-21,9608
00885,富邦越南,25,0,25,富邦-台東,2023-03-21,9608
2534,宏盛,23,0,23,富邦-台東,2023-03-21,9608
2399,映泰,20,3,17,富邦-台東,2023-03-21,9608
2891,中信金,24,10,14,富邦-台東,2023-03-21,9608
5289,宜鼎,15,4,11,富邦-台東,2023-03-21,9608
9941,裕融,11,0,11,富邦-台東,2023-03-21,9608
00713,元大台灣高息低波,11,0,11,富邦-台東,2023-03-21,9608
00908,富邦入息REITs+,10,0,10,富邦-台東,2023-03-21,9608
2201,裕隆,17,7,10,富邦-台東,2023-03-21,9608
2340,台亞,10,0,10,富邦-台東,2023-03-21,9608
2359,所羅門,11,1,10,富邦-台東,2023-03-21,9608
2495,普安,10,0,10,富邦-台東,2023-03-21,9608
2880,華南金,10,0,10,富邦-台東,2023-03-21,9608
8110,華東,10,0,10,富邦-台東,2023-03-21,9608
8121,越峰,10,0,10,富邦-台東,2023-03-21,9608
00878,國泰永續高股息,10,1,9,富邦-台東,2023-03-21,9608
6191,精成科,15,7,8,富邦-台東,2023-03-21,9608
00772B,中信高評級公司債,7,0,7,富邦-台東,2023-03-21,9608
2462,良得電,7,0,7,富邦-台東,2023-03-21,9608
3046,建��,13,6,7,富邦-台東,2023-03-21,9608
6182,合晶,7,0,7,富邦-台東,2023-03-21,9608
1504,東元,14,8,6,富邦-台東,2023-03-21,9608
00882,中信中國高股息,17,11,6,富邦-台東,2023-03-21,9608
3545,敦泰,6,0,6,富邦-台東,2023-03-21,9608
5009,榮剛,6,0,6,富邦-台東,2023-03-21,9608
6143,振曜,7,1,6,富邦-台東,2023-03-21,9608
6438,迅得,6,0,6,富邦-台東,2023-03-21,9608
2603,長榮,16,11,5,富邦-台東,2023-03-21,9608
00900,富邦特選高股息30,6,1,5,富邦-台東,2023-03-21,9608
1519,華城,7,2,5,富邦-台東,2023-03-21,9608
6788,華景電,5,0,5,富邦-台東,2023-03-21,9608
2471,資通,28,23,5,富邦-台東,2023-03-21,9608
6776,展�眥篕�,5,0,5,富邦-台東,2023-03-21,9608
6791,虎門科技,8,3,5,富邦-台東,2023-03-21,9608
2301,光寶科,5,0,5,富邦-台東,2023-03-21,9608
2457,飛宏,28,23,5,富邦-台東,2023-03-21,9608
6741,91APP*-KY,5,0,5,富邦-台東,2023-03-21,9608
6180,橘子,4,0,4,富邦-台東,2023-03-21,9608
1709,和益,5,1,4,富邦-台東,2023-03-21,9608
2356,英業達,5,1,4,富邦-台東,2023-03-21,9608
2409,友達,10,6,4,富邦-台東,2023-03-21,9608
2453,凌群,15,11,4,富邦-台東,2023-03-21,9608
3231,緯創,9,5,4,富邦-台東,2023-03-21,9608
3022,威強電,301,43,258,富邦-台東,2023-03-22,9608
2727,王品,172,0,172,富邦-台東,2023-03-22,9608
5381,合正,100,0,100,富邦-台東,2023-03-22,9608
5880,合庫金,100,0,100,富邦-台東,2023-03-22,9608
2302,麗正,71,9,62,富邦-台東,2023-03-22,9608
00632R,元大台灣50反1,99,53,46,富邦-台東,2023-03-22,9608
2834,臺企銀,51,6,45,富邦-台東,2023-03-22,9608
1584,精剛,41,3,38,富邦-台東,2023-03-22,9608
00679B,元大美債20年,29,0,29,富邦-台東,2023-03-22,9608
6235,華孚,28,4,24,富邦-台東,2023-03-22,9608
2201,裕隆,21,0,21,富邦-台東,2023-03-22,9608
2393,億光,20,0,20,富邦-台東,2023-03-22,9608
2449,京元電子,25,5,20,富邦-台東,2023-03-22,9608
3147,大綜,20,0,20,富邦-台東,2023-03-22,9608
3231,緯創,102,82,20,富邦-台東,2023-03-22,9608
3596,智易,20,0,20,富邦-台東,2023-03-22,9608
2457,飛宏,38,18,20,富邦-台東,2023-03-22,9608
00923,群益台ESG低碳50,18,0,18,富邦-台東,2023-03-22,9608
2303,聯電,21,3,18,富邦-台東,2023-03-22,9608
6443,元晶,22,7,15,富邦-台東,2023-03-22,9608
2471,資通,25,11,14,富邦-台東,2023-03-22,9608
6469,大樹,14,0,14,富邦-台東,2023-03-22,9608
3260,威剛,12,0,12,富邦-台東,2023-03-22,9608
6290,良維,21,9,12,富邦-台東,2023-03-22,9608
4977,眾達-KY,13,1,12,富邦-台東,2023-03-22,9608
2453,凌群,17,6,11,富邦-台東,2023-03-22,9608
00676R,富邦臺灣加權反1,10,0,10,富邦-台東,2023-03-22,9608
2495,普安,10,0,10,富邦-台東,2023-03-22,9608
4536,拓凱,10,0,10,富邦-台東,2023-03-22,9608
1733,五鼎,8,0,8,富邦-台東,2023-03-22,9608
3715,定穎投控,19,11,8,富邦-台東,2023-03-22,9608
4157,太景*-KY,8,0,8,富邦-台東,2023-03-22,9608
6446,藥華藥,8,0,8,富邦-台東,2023-03-22,9608
6508,惠光,8,0,8,富邦-台東,2023-03-22,9608
3017,奇鋐,18,11,7,富邦-台東,2023-03-22,9608
3162,精確,7,0,7,富邦-台東,2023-03-22,9608
6182,合晶,13,7,6,富邦-台東,2023-03-22,9608
3189,景碩,7,1,6,富邦-台東,2023-03-22,9608
1809,中釉,5,0,5,富邦-台東,2023-03-22,9608
2014,中鴻,7,2,5,富邦-台東,2023-03-22,9608
2354,鴻準,5,0,5,富邦-台東,2023-03-22,9608
2605,新興,5,0,5,富邦-台東,2023-03-22,9608
3264,欣銓,5,0,5,富邦-台東,2023-03-22,9608
3432,台端,5,0,5,富邦-台東,2023-03-22,9608
3491,昇達科,5,0,5,富邦-台東,2023-03-22,9608
6139,亞翔,15,10,5,富邦-台東,2023-03-22,9608
6438,迅得,5,0,5,富邦-台東,2023-03-22,9608
1909,榮成,5,0,5,富邦-台東,2023-03-22,9608
9941,裕融,4,0,4,富邦-台東,2023-03-22,9608
2107,厚生,4,0,4,富邦-台東,2023-03-22,9608
2634,漢翔,63,3,60,富邦-台東,2023-03-23,9608
00632R,元大台灣50反1,117,67,50,富邦-台東,2023-03-23,9608
2880,華南金,33,0,33,富邦-台東,2023-03-23,9608
1442,名軒,25,0,25,富邦-台東,2023-03-23,9608
3094,聯傑,30,7,23,富邦-台東,2023-03-23,9608
6414,樺漢,22,0,22,富邦-台東,2023-03-23,9608
2201,裕隆,22,1,21,富邦-台東,2023-03-23,9608
2606,裕民,21,0,21,富邦-台東,2023-03-23,9608
00885,富邦越南,20,0,20,富邦-台東,2023-03-23,9608
2476,鉅祥,20,0,20,富邦-台東,2023-03-23,9608
3024,憶聲,20,0,20,富邦-台東,2023-03-23,9608
3499,環天科,23,6,17,富邦-台東,2023-03-23,9608
2402,毅嘉,27,13,14,富邦-台東,2023-03-23,9608
3481,群創,17,3,14,富邦-台東,2023-03-23,9608
1444,力麗,14,0,14,富邦-台東,2023-03-23,9608
6143,振曜,18,7,11,富邦-台東,2023-03-23,9608
6290,良維,13,2,11,富邦-台東,2023-03-23,9608
2453,凌群,26,15,11,富邦-台東,2023-03-23,9608
2605,新興,11,0,11,富邦-台東,2023-03-23,9608
2883,凱基金,11,0,11,富邦-台東,2023-03-23,9608
3290,東浦,13,2,11,富邦-台東,2023-03-23,9608
2609,陽明,11,1,10,富邦-台東,2023-03-23,9608
6182,合晶,11,1,10,富邦-台東,2023-03-23,9608
1440,南紡,10,0,10,富邦-台東,2023-03-23,9608
00772B,中信高評級公司債,10,0,10,富邦-台東,2023-03-23,9608
00642U,期元大S＆P石油,12,2,10,富邦-台東,2023-03-23,9608
00664R,國泰臺灣加權反1,10,0,10,富邦-台東,2023-03-23,9608
1513,中興電,14,4,10,富邦-台東,2023-03-23,9608
1802,台玻,10,0,10,富邦-台東,2023-03-23,9608
3049,精金,10,0,10,富邦-台東,2023-03-23,9608
3147,大綜,10,0,10,富邦-台東,2023-03-23,9608
8099,大世科,10,0,10,富邦-台東,2023-03-23,9608
1529,樂事綠能,20,11,9,富邦-台東,2023-03-23,9608
00679B,元大美債20年,7,0,7,富邦-台東,2023-03-23,9608
2388,威盛,8,1,7,富邦-台東,2023-03-23,9608
00712,復華富時不動產,7,1,6,富邦-台東,2023-03-23,9608
1611,中電,6,0,6,富邦-台東,2023-03-23,9608
1785,光洋科,10,4,6,富邦-台東,2023-03-23,9608
2457,飛宏,28,22,6,富邦-台東,2023-03-23,9608
1316,上曜,5,0,5,富邦-台東,2023-03-23,9608
2030,彰源,5,0,5,富邦-台東,2023-03-23,9608
2034,允強,5,0,5,富邦-台東,2023-03-23,9608
2354,鴻準,10,5,5,富邦-台東,2023-03-23,9608
2617,台航,5,0,5,富邦-台東,2023-03-23,9608
2891,中信金,5,0,5,富邦-台東,2023-03-23,9608
3037,欣興,12,7,5,富邦-台東,2023-03-23,9608
3491,昇達科,5,0,5,富邦-台東,2023-03-23,9608
6026,福邦證,5,0,5,富邦-台東,2023-03-23,9608
6443,元晶,6,1,5,富邦-台東,2023-03-23,9608
2351,順德,10,6,4,富邦-台東,2023-03-23,9608
6245,立端,415,7,408,富邦-台東,2023-03-24,9608
2834,臺企銀,145,0,145,富邦-台東,2023-03-24,9608
00632R,元大台灣50反1,83,24,59,富邦-台東,2023-03-24,9608
00878,國泰永續高股息,118,59,59,富邦-台東,2023-03-24,9608
4915,致伸,50,2,48,富邦-台東,2023-03-24,9608
2836,高雄銀,35,0,35,富邦-台東,2023-03-24,9608
00637L,元大滬深300正2,30,0,30,富邦-台東,2023-03-24,9608
00674R,期元大S＆P黃金反1,30,0,30,富邦-台東,2023-03-24,9608
1605,華新,25,1,24,富邦-台東,2023-03-24,9608
1785,光洋科,40,20,20,富邦-台東,2023-03-24,9608
00885,富邦越南,15,0,15,富邦-台東,2023-03-24,9608
00679B,元大美債20年,14,0,14,富邦-台東,2023-03-24,9608
1529,樂事綠能,11,0,11,富邦-台東,2023-03-24,9608
3441,聯一光,11,0,11,富邦-台東,2023-03-24,9608
2887F,台新戊特二,10,0,10,富邦-台東,2023-03-24,9608
00923,群益台ESG低碳50,10,0,10,富邦-台東,2023-03-24,9608
2852,第一保,10,0,10,富邦-台東,2023-03-24,9608
8088,品安,10,0,10,富邦-台東,2023-03-24,9608
9136,巨騰-DR,10,0,10,富邦-台東,2023-03-24,9608
3037,欣興,28,19,9,富邦-台東,2023-03-24,9608
3047,訊舟,9,0,9,富邦-台東,2023-03-24,9608
2887,台新金,8,0,8,富邦-台東,2023-03-24,9608
3346,麗清,10,2,8,富邦-台東,2023-03-24,9608
4702,中美實,12,4,8,富邦-台東,2023-03-24,9608
2367,燿華,7,0,7,富邦-台東,2023-03-24,9608
2425,承啟,7,0,7,富邦-台東,2023-03-24,9608
2888,新光金,10,3,7,富邦-台東,2023-03-24,9608
3693,營邦,7,0,7,富邦-台東,2023-03-24,9608
6290,良維,7,0,7,富邦-台東,2023-03-24,9608
3207,耀勝,6,0,6,富邦-台東,2023-03-24,9608
6443,元晶,6,0,6,富邦-台東,2023-03-24,9608
2618,長榮航,6,0,6,富邦-台東,2023-03-24,9608
3306,鼎天,6,0,6,富邦-台東,2023-03-24,9608
3419,譁裕,6,0,6,富邦-台東,2023-03-24,9608
00676R,富邦臺灣加權反1,5,0,5,富邦-台東,2023-03-24,9608
00715L,期街口布蘭特正2,65,60,5,富邦-台東,2023-03-24,9608
1316,上曜,5,0,5,富邦-台東,2023-03-24,9608
2371,大同,7,2,5,富邦-台東,2023-03-24,9608
2393,億光,15,10,5,富邦-台東,2023-03-24,9608
2440,太空梭,5,0,5,富邦-台東,2023-03-24,9608
3044,健鼎,5,0,5,富邦-台東,2023-03-24,9608
3049,精金,5,0,5,富邦-台東,2023-03-24,9608
4510,高鋒,5,0,5,富邦-台東,2023-03-24,9608
6026,福邦證,5,0,5,富邦-台東,2023-03-24,9608
9945,潤泰新,5,0,5,富邦-台東,2023-03-24,9608
1709,和益,4,0,4,富邦-台東,2023-03-24,9608
4951,精拓科,4,0,4,富邦-台東,2023-03-24,9608
5258,虹堡,4,0,4,富邦-台東,2023-03-24,9608
6122,擎邦,11,7,4,富邦-台東,2023-03-24,9608
6233,旺玖,4,0,4,富邦-台東,2023-03-24,9608
2329,華泰,34,0,34,富邦-台東,2023-03-27,9608
2836,高雄銀,30,0,30,富邦-台東,2023-03-27,9608
00715L,期街口布蘭特正2,43,18,25,富邦-台東,2023-03-27,9608
00632R,元大台灣50反1,22,0,22,富邦-台東,2023-03-27,9608
8201,無敵,22,0,22,富邦-台東,2023-03-27,9608
8383,千附,21,0,21,富邦-台東,2023-03-27,9608
00713,元大台灣高息低波,20,0,20,富邦-台東,2023-03-27,9608
1785,光洋科,20,0,20,富邦-台東,2023-03-27,9608
00679B,元大美債20年,17,1,16,富邦-台東,2023-03-27,9608
2317,鴻海,16,0,16,富邦-台東,2023-03-27,9608
4306,炎洲,14,0,14,富邦-台東,2023-03-27,9608
4503,金雨,14,0,14,富邦-台東,2023-03-27,9608
00922,國泰台灣領袖50,16,4,12,富邦-台東,2023-03-27,9608
3293,鈊象,13,1,12,富邦-台東,2023-03-27,9608
2409,友達,15,5,10,富邦-台東,2023-03-27,9608
1326,台化,10,0,10,富邦-台東,2023-03-27,9608
3147,大綜,10,0,10,富邦-台東,2023-03-27,9608
3294,英濟,10,0,10,富邦-台東,2023-03-27,9608
3576,聯合再生,20,10,10,富邦-台東,2023-03-27,9608
3596,智易,10,0,10,富邦-台東,2023-03-27,9608
4157,太景*-KY,10,0,10,富邦-台東,2023-03-27,9608
6477,安集,14,4,10,富邦-台東,2023-03-27,9608
9136,巨騰-DR,10,0,10,富邦-台東,2023-03-27,9608
00882,中信中國高股息,9,0,9,富邦-台東,2023-03-27,9608
1504,東元,41,32,9,富邦-台東,2023-03-27,9608
2453,凌群,42,33,9,富邦-台東,2023-03-27,9608
3264,欣銓,11,2,9,富邦-台東,2023-03-27,9608
4147,中裕,12,3,9,富邦-台東,2023-03-27,9608
1605,華新,11,3,8,富邦-台東,2023-03-27,9608
00753L,中信中國50正2,8,0,8,富邦-台東,2023-03-27,9608
2363,矽統,8,0,8,富邦-台東,2023-03-27,9608
8038,長園科,8,0,8,富邦-台東,2023-03-27,9608
4726,永昕,7,0,7,富邦-台東,2023-03-27,9608
5289,宜鼎,7,0,7,富邦-台東,2023-03-27,9608
6443,元晶,6,0,6,富邦-台東,2023-03-27,9608
3056,富華新,6,0,6,富邦-台東,2023-03-27,9608
3714,富采,6,0,6,富邦-台東,2023-03-27,9608
6835,圓裕,6,0,6,富邦-台東,2023-03-27,9608
8249,菱光,6,0,6,富邦-台東,2023-03-27,9608
2105,正新,5,0,5,富邦-台東,2023-03-27,9608
2312,金寶,10,5,5,富邦-台東,2023-03-27,9608
2404,漢唐,5,0,5,富邦-台東,2023-03-27,9608
2603,長榮,5,0,5,富邦-台東,2023-03-27,9608
3059,華晶科,5,0,5,富邦-台東,2023-03-27,9608
3508,位速,5,0,5,富邦-台東,2023-03-27,9608
5011,久陽,5,0,5,富邦-台東,2023-03-27,9608
5425,台半,5,0,5,富邦-台東,2023-03-27,9608
3035,智原,7,3,4,富邦-台東,2023-03-27,9608
3037,欣興,10,6,4,富邦-台東,2023-03-27,9608
00770,國泰北美科技,4,0,4,富邦-台東,2023-03-27,9608
00679B,元大美債20年,45,0,45,富邦-台東,2023-03-28,9608
2303,聯電,34,0,34,富邦-台東,2023-03-28,9608
00713,元大台灣高息低波,24,0,24,富邦-台東,2023-03-28,9608
1708,東鹼,30,8,22,富邦-台東,2023-03-28,9608
00882,中信中國高股息,18,0,18,富邦-台東,2023-03-28,9608
6122,擎邦,17,0,17,富邦-台東,2023-03-28,9608
4915,致伸,16,0,16,富邦-台東,2023-03-28,9608
1584,精剛,21,7,14,富邦-台東,2023-03-28,9608
2453,凌群,32,18,14,富邦-台東,2023-03-28,9608
4953,緯軟,13,0,13,富邦-台東,2023-03-28,9608
3035,智原,12,0,12,富邦-台東,2023-03-28,9608
0056,元大高股息,12,0,12,富邦-台東,2023-03-28,9608
1460,宏遠,10,0,10,富邦-台東,2023-03-28,9608
2337,旺宏,10,0,10,富邦-台東,2023-03-28,9608
2610,華航,14,4,10,富邦-台東,2023-03-28,9608
2852,第一保,10,0,10,富邦-台東,2023-03-28,9608
3047,訊舟,13,3,10,富邦-台東,2023-03-28,9608
3294,英濟,10,0,10,富邦-台東,2023-03-28,9608
4167,松瑞藥,10,0,10,富邦-台東,2023-03-28,9608
6168,宏齊,15,5,10,富邦-台東,2023-03-28,9608
1795,美時,7,0,7,富邦-台東,2023-03-28,9608
3587,閎康,7,0,7,富邦-台東,2023-03-28,9608
2402,毅嘉,10,3,7,富邦-台東,2023-03-28,9608
3265,台星科,7,0,7,富邦-台東,2023-03-28,9608
00772B,中信高評級公司債,6,0,6,富邦-台東,2023-03-28,9608
00652,富邦印度,10,4,6,富邦-台東,2023-03-28,9608
2883B,凱基金乙特,6,0,6,富邦-台東,2023-03-28,9608
4726,永昕,6,0,6,富邦-台東,2023-03-28,9608
6223,旺矽,6,0,6,富邦-台東,2023-03-28,9608
9904,寶成,6,0,6,富邦-台東,2023-03-28,9608
1409,新纖,5,0,5,富邦-台東,2023-03-28,9608
2208,台船,5,0,5,富邦-台東,2023-03-28,9608
2836,高雄銀,5,0,5,富邦-台東,2023-03-28,9608
3017,奇鋐,12,7,5,富邦-台東,2023-03-28,9608
4707,磐亞,5,0,5,富邦-台東,2023-03-28,9608
6152,百一,5,0,5,富邦-台東,2023-03-28,9608
6164,華興,7,2,5,富邦-台東,2023-03-28,9608
8201,無敵,5,0,5,富邦-台東,2023-03-28,9608
8933,愛地雅,5,0,5,富邦-台東,2023-03-28,9608
00751B,元大AAA至A公司債,4,0,4,富邦-台東,2023-03-28,9608
1720,生達,4,0,4,富邦-台東,2023-03-28,9608
2014,中鴻,4,0,4,富邦-台東,2023-03-28,9608
2471,資通,6,2,4,富邦-台東,2023-03-28,9608
3441,聯一光,6,2,4,富邦-台東,2023-03-28,9608
6143,振曜,4,0,4,富邦-台東,2023-03-28,9608
6175,立敦,5,1,4,富邦-台東,2023-03-28,9608
6180,橘子,4,0,4,富邦-台東,2023-03-28,9608
6226,光鼎,4,0,4,富邦-台東,2023-03-28,9608
6415,矽力*-KY,4,0,4,富邦-台東,2023-03-28,9608
6472,保瑞,4,0,4,富邦-台東,2023-03-28,9608
00664R,國泰臺灣加權反1,200,103,97,富邦-台東,2023-03-29,9608
1609,大亞,108,27,81,富邦-台東,2023-03-29,9608
00673R,期元大S＆P原油反1,65,0,65,富邦-台東,2023-03-29,9608
6116,彩晶,42,0,42,富邦-台東,2023-03-29,9608
00632R,元大台灣50反1,35,0,35,富邦-台東,2023-03-29,9608
00720B,元大投資級公司債,31,0,31,富邦-台東,2023-03-29,9608
4190,佐登-KY,28,0,28,富邦-台東,2023-03-29,9608
00922,國泰台灣領袖50,29,3,26,富邦-台東,2023-03-29,9608
3231,緯創,42,16,26,富邦-台東,2023-03-29,9608
8255,朋程,29,12,17,富邦-台東,2023-03-29,9608
1909,榮成,18,2,16,富邦-台東,2023-03-29,9608
00679B,元大美債20年,14,0,14,富邦-台東,2023-03-29,9608
2303,聯電,17,6,11,富邦-台東,2023-03-29,9608
2371,大同,11,0,11,富邦-台東,2023-03-29,9608
00902,中信電池及儲能,10,0,10,富邦-台東,2023-03-29,9608
2449,京元電子,30,20,10,富邦-台東,2023-03-29,9608
6109,亞元,10,0,10,富邦-台東,2023-03-29,9608
2388,威盛,14,5,9,富邦-台東,2023-03-29,9608
3035,智原,10,1,9,富邦-台東,2023-03-29,9608
6182,合晶,10,1,9,富邦-台東,2023-03-29,9608
6508,惠光,9,0,9,富邦-台東,2023-03-29,9608
4960,誠美材,8,1,7,富邦-台東,2023-03-29,9608
2492,華新科,6,0,6,富邦-台東,2023-03-29,9608
4114,健喬,8,2,6,富邦-台東,2023-03-29,9608
6288,聯嘉,6,0,6,富邦-台東,2023-03-29,9608
00882,中信中國高股息,5,0,5,富邦-台東,2023-03-29,9608
6257,矽格,5,0,5,富邦-台東,2023-03-29,9608
6573,虹揚-KY,5,0,5,富邦-台東,2023-03-29,9608
5243,乙盛-KY,5,1,4,富邦-台東,2023-03-29,9608
2476,鉅祥,4,0,4,富邦-台東,2023-03-29,9608
6164,華興,6,2,4,富邦-台東,2023-03-29,9608
6485,點序,11,7,4,富邦-台東,2023-03-29,9608
1611,中電,3,0,3,富邦-台東,2023-03-29,9608
1101,台泥,3,0,3,富邦-台東,2023-03-29,9608
3545,敦泰,3,0,3,富邦-台東,2023-03-29,9608
4931,新盛力,5,2,3,富邦-台東,2023-03-29,9608
4971,IET-KY,4,1,3,富邦-台東,2023-03-29,9608
5464,霖宏,3,0,3,富邦-台東,2023-03-29,9608
6581,鋼聯,3,0,3,富邦-台東,2023-03-29,9608
8289,泰藝,6,3,3,富邦-台東,2023-03-29,9608
2368,金像電,3,0,3,富邦-台東,2023-03-29,9608
2609,陽明,2,0,2,富邦-台東,2023-03-29,9608
00772B,中信高評級公司債,2,0,2,富邦-台東,2023-03-29,9608
1342,八貫,9,7,2,富邦-台東,2023-03-29,9608
1905,華紙,2,0,2,富邦-台東,2023-03-29,9608
2204,中華,2,0,2,富邦-台東,2023-03-29,9608
2208,台船,3,1,2,富邦-台東,2023-03-29,9608
2359,所羅門,3,1,2,富邦-台東,2023-03-29,9608
2392,正崴,2,0,2,富邦-台東,2023-03-29,9608
2845,遠東銀,2,0,2,富邦-台東,2023-03-29,9608
00632R,元大台灣50反1,53,0,53,富邦-台東,2023-03-30,9608
5381,合正,50,0,50,富邦-台東,2023-03-30,9608
2476,鉅祥,40,0,40,富邦-台東,2023-03-30,9608
2201,裕隆,30,0,30,富邦-台東,2023-03-30,9608
6548,長科*,21,0,21,富邦-台東,2023-03-30,9608
00673R,期元大S＆P原油反1,20,0,20,富邦-台東,2023-03-30,9608
2880,華南金,20,0,20,富邦-台東,2023-03-30,9608
6613,朋億*,20,0,20,富邦-台東,2023-03-30,9608
2340,台亞,20,1,19,富邦-台東,2023-03-30,9608
6182,合晶,15,0,15,富邦-台東,2023-03-30,9608
4190,佐登-KY,15,0,15,富邦-台東,2023-03-30,9608
2618,長榮航,13,0,13,富邦-台東,2023-03-30,9608
2889,國票金,16,3,13,富邦-台東,2023-03-30,9608
6122,擎邦,14,2,12,富邦-台東,2023-03-30,9608
2890,永豐金,11,0,11,富邦-台東,2023-03-30,9608
2892,第一金,13,2,11,富邦-台東,2023-03-30,9608
2352,佳世達,10,0,10,富邦-台東,2023-03-30,9608
3312,弘憶股,10,0,10,富邦-台東,2023-03-30,9608
6244,茂迪,19,9,10,富邦-台東,2023-03-30,9608
4726,永昕,9,0,9,富邦-台東,2023-03-30,9608
00922,國泰台灣領袖50,7,0,7,富邦-台東,2023-03-30,9608
6443,元晶,16,9,7,富邦-台東,2023-03-30,9608
2006,東和鋼鐵,6,0,6,富邦-台東,2023-03-30,9608
2888,新光金,6,0,6,富邦-台東,2023-03-30,9608
3591,艾笛森,6,0,6,富邦-台東,2023-03-30,9608
3715,定穎投控,9,3,6,富邦-台東,2023-03-30,9608
4950,牧東,6,0,6,富邦-台東,2023-03-30,9608
8926,台汽電,6,0,6,富邦-台東,2023-03-30,9608
1802,台玻,6,1,5,富邦-台東,2023-03-30,9608
2413,環科,10,5,5,富邦-台東,2023-03-30,9608
2883,凱基金,9,4,5,富邦-台東,2023-03-30,9608
4958,臻鼎-KY,5,0,5,富邦-台東,2023-03-30,9608
5243,乙盛-KY,5,0,5,富邦-台東,2023-03-30,9608
3017,奇鋐,8,3,5,富邦-台東,2023-03-30,9608
1795,美時,9,5,4,富邦-台東,2023-03-30,9608
2886,兆豐金,4,0,4,富邦-台東,2023-03-30,9608
4995,晶達,4,0,4,富邦-台東,2023-03-30,9608
5608,四維航,4,0,4,富邦-台東,2023-03-30,9608
2609,陽明,19,15,4,富邦-台東,2023-03-30,9608
1308,亞聚,4,0,4,富邦-台東,2023-03-30,9608
2409,友達,3,0,3,富邦-台東,2023-03-30,9608
6121,新普,3,0,3,富邦-台東,2023-03-30,9608
2351,順德,3,0,3,富邦-台東,2023-03-30,9608
2388,威盛,3,0,3,富邦-台東,2023-03-30,9608
3339,泰谷,4,1,3,富邦-台東,2023-03-30,9608
6143,振曜,3,0,3,富邦-台東,2023-03-30,9608
6414,樺漢,3,0,3,富邦-台東,2023-03-30,9608
8086,宏捷科,6,3,3,富邦-台東,2023-03-30,9608
1605,華新,4,1,3,富邦-台東,2023-03-30,9608
2891,中信金,2,0,2,富邦-台東,2023-03-30,9608
1609,大亞,104,2,102,富邦-台東,2023-03-31,9608
00632R,元大台灣50反1,83,22,61,富邦-台東,2023-03-31,9608
3056,富華新,58,1,57,富邦-台東,2023-03-31,9608
00673R,期元大S＆P原油反1,55,0,55,富邦-台東,2023-03-31,9608
1605,華新,70,23,47,富邦-台東,2023-03-31,9608
3231,緯創,86,41,45,富邦-台東,2023-03-31,9608
4915,致伸,39,0,39,富邦-台東,2023-03-31,9608
00706L,期元大S＆P日圓正2,15,0,15,富邦-台東,2023-03-31,9608
3038,全台,14,0,14,富邦-台東,2023-03-31,9608
3037,欣興,15,3,12,富邦-台東,2023-03-31,9608
6155,鈞寶,12,0,12,富邦-台東,2023-03-31,9608
2476,鉅祥,11,0,11,富邦-台東,2023-03-31,9608
1460,宏遠,10,0,10,富邦-台東,2023-03-31,9608
2206,三陽工業,10,0,10,富邦-台東,2023-03-31,9608
2480,敦陽科,10,0,10,富邦-台東,2023-03-31,9608
2889,國票金,10,0,10,富邦-台東,2023-03-31,9608
5302,太欣,10,0,10,富邦-台東,2023-03-31,9608
1584,精剛,11,2,9,富邦-台東,2023-03-31,9608
2331,精英,9,1,8,富邦-台東,2023-03-31,9608
5347,世界,8,0,8,富邦-台東,2023-03-31,9608
8110,華東,8,0,8,富邦-台東,2023-03-31,9608
00923,群益台ESG低碳50,6,0,6,富邦-台東,2023-03-31,9608
1513,中興電,6,0,6,富邦-台東,2023-03-31,9608
1504,東元,15,9,6,富邦-台東,2023-03-31,9608
4503,金雨,6,0,6,富邦-台東,2023-03-31,9608
4973,廣穎,6,0,6,富邦-台東,2023-03-31,9608
6541,泰福-KY,6,0,6,富邦-台東,2023-03-31,9608
3035,智原,5,0,5,富邦-台東,2023-03-31,9608
1517,利奇,5,0,5,富邦-台東,2023-03-31,9608
2105,正新,5,0,5,富邦-台東,2023-03-31,9608
2450,神腦,5,0,5,富邦-台東,2023-03-31,9608
2618,長榮航,6,1,5,富邦-台東,2023-03-31,9608
4977,眾達-KY,5,0,5,富邦-台東,2023-03-31,9608
4979,華星光,5,0,5,富邦-台東,2023-03-31,9608
6414,樺漢,4,0,4,富邦-台東,2023-03-31,9608
1304,台聚,5,1,4,富邦-台東,2023-03-31,9608
2527,宏璟,4,0,4,富邦-台東,2023-03-31,9608
5607,遠雄港,4,0,4,富邦-台東,2023-03-31,9608
6163,華電網,4,0,4,富邦-台東,2023-03-31,9608
910861,神州-DR,4,0,4,富邦-台東,2023-03-31,9608
9939,宏全,4,0,4,富邦-台東,2023-03-31,9608
2106,建大,3,0,3,富邦-台東,2023-03-31,9608
2727,王品,3,0,3,富邦-台東,2023-03-31,9608
4743,合一,6,3,3,富邦-台東,2023-03-31,9608
8926,台汽電,3,0,3,富邦-台東,2023-03-31,9608
3005,神基,3,1,2,富邦-台東,2023-03-31,9608
8050,廣積,4,2,2,富邦-台東,2023-03-31,9608
3711,日月光投控,2,0,2,富邦-台東,2023-03-31,9608
1104,環泥,2,0,2,富邦-台東,2023-03-31,9608
00830,國泰費城半導體,2,0,2,富邦-台東,2023-03-31,9608
6235,華孚,629,59,570,富邦-台東,2023-04-06,9608
1609,大亞,308,5,303,富邦-台東,2023-04-06,9608
3481,群創,208,13,195,富邦-台東,2023-04-06,9608
00673R,期元大S＆P原油反1,140,0,140,富邦-台東,2023-04-06,9608
00713,元大台灣高息低波,38,0,38,富邦-台東,2023-04-06,9608
4915,致伸,38,0,38,富邦-台東,2023-04-06,9608
2618,長榮航,21,0,21,富邦-台東,2023-04-06,9608
6548,長科*,21,1,20,富邦-台東,2023-04-06,9608
00902,中信電池及儲能,13,0,13,富邦-台東,2023-04-06,9608
00893,國泰智能電動車,13,0,13,富邦-台東,2023-04-06,9608
2208,台船,11,0,11,富邦-台東,2023-04-06,9608
4190,佐登-KY,11,0,11,富邦-台東,2023-04-06,9608
5211,蒙恬,11,0,11,富邦-台東,2023-04-06,9608
00753L,中信中國50正2,10,0,10,富邦-台東,2023-04-06,9608
2233,宇隆,11,1,10,富邦-台東,2023-04-06,9608
2484,希華,11,1,10,富邦-台東,2023-04-06,9608
2834,臺企銀,17,7,10,富邦-台東,2023-04-06,9608
5302,太欣,10,0,10,富邦-台東,2023-04-06,9608
3056,富華新,10,2,8,富邦-台東,2023-04-06,9608
2610,華航,10,2,8,富邦-台東,2023-04-06,9608
3305,昇貿,6,0,6,富邦-台東,2023-04-06,9608
4763,材料-KY,7,1,6,富邦-台東,2023-04-06,9608
4950,牧東,6,0,6,富邦-台東,2023-04-06,9608
00882,中信中國高股息,5,0,5,富邦-台東,2023-04-06,9608
00665L,富邦�琤肭磪囓�2,7,2,5,富邦-台東,2023-04-06,9608
00637L,元大滬深300正2,5,0,5,富邦-台東,2023-04-06,9608
00712,復華富時不動產,5,0,5,富邦-台東,2023-04-06,9608
00923,群益台ESG低碳50,5,0,5,富邦-台東,2023-04-06,9608
1517,利奇,5,0,5,富邦-台東,2023-04-06,9608
2736,富野,5,0,5,富邦-台東,2023-04-06,9608
3296,勝德,5,0,5,富邦-台東,2023-04-06,9608
5426,振發,5,0,5,富邦-台東,2023-04-06,9608
6285,啟��,5,0,5,富邦-台東,2023-04-06,9608
00878,國泰永續高股息,6,2,4,富邦-台東,2023-04-06,9608
4911,德英,4,0,4,富邦-台東,2023-04-06,9608
5243,乙盛-KY,6,2,4,富邦-台東,2023-04-06,9608
8103,瀚荃,4,0,4,富邦-台東,2023-04-06,9608
8069,元太,5,2,3,富邦-台東,2023-04-06,9608
8086,宏捷科,3,0,3,富邦-台東,2023-04-06,9608
00772B,中信高評級公司債,4,1,3,富邦-台東,2023-04-06,9608
1802,台玻,3,0,3,富邦-台東,2023-04-06,9608
2317,鴻海,13,10,3,富邦-台東,2023-04-06,9608
2402,毅嘉,21,18,3,富邦-台東,2023-04-06,9608
3026,禾伸堂,3,0,3,富邦-台東,2023-04-06,9608
3029,零壹,5,2,3,富邦-台東,2023-04-06,9608
3715,定穎投控,3,0,3,富邦-台東,2023-04-06,9608
4931,新盛力,5,2,3,富邦-台東,2023-04-06,9608
5483,中美晶,3,0,3,富邦-台東,2023-04-06,9608
6719,力智,3,0,3,富邦-台東,2023-04-06,9608
9955,佳龍,4,1,3,富邦-台東,2023-04-06,9608
4915,致伸,96,0,96,富邦-台東,2023-04-07,9608
3056,富華新,51,0,51,富邦-台東,2023-04-07,9608
6274,台燿,37,0,37,富邦-台東,2023-04-07,9608
00751B,元大AAA至A公司債,33,2,31,富邦-台東,2023-04-07,9608
3481,群創,20,0,20,富邦-台東,2023-04-07,9608
6244,茂迪,20,0,20,富邦-台東,2023-04-07,9608
3035,智原,23,6,17,富邦-台東,2023-04-07,9608
0056,元大高股息,15,5,10,富邦-台東,2023-04-07,9608
2014,中鴻,10,0,10,富邦-台東,2023-04-07,9608
2852,第一保,10,0,10,富邦-台東,2023-04-07,9608
00679B,元大美債20年,9,0,9,富邦-台東,2023-04-07,9608
2884,玉山金,8,0,8,富邦-台東,2023-04-07,9608
2369,菱生,8,0,8,富邦-台東,2023-04-07,9608
1514,亞力,7,0,7,富邦-台東,2023-04-07,9608
1460,宏遠,6,0,6,富邦-台東,2023-04-07,9608
2527,宏璟,6,0,6,富邦-台東,2023-04-07,9608
2539,櫻花建,6,0,6,富邦-台東,2023-04-07,9608
4979,華星光,6,0,6,富邦-台東,2023-04-07,9608
6285,啟��,6,0,6,富邦-台東,2023-04-07,9608
6239,力成,6,0,6,富邦-台東,2023-04-07,9608
3264,欣銓,5,0,5,富邦-台東,2023-04-07,9608
00713,元大台灣高息低波,5,0,5,富邦-台東,2023-04-07,9608
2303,聯電,15,10,5,富邦-台東,2023-04-07,9608
2605,新興,5,0,5,富邦-台東,2023-04-07,9608
2834,臺企銀,5,0,5,富邦-台東,2023-04-07,9608
3437,榮創,5,0,5,富邦-台東,2023-04-07,9608
5328,華容,5,0,5,富邦-台東,2023-04-07,9608
5426,振發,5,0,5,富邦-台東,2023-04-07,9608
6753,龍德造船,4,0,4,富邦-台東,2023-04-07,9608
2367,燿華,5,1,4,富邦-台東,2023-04-07,9608
5289,宜鼎,4,0,4,富邦-台東,2023-04-07,9608
6125,廣運,4,0,4,富邦-台東,2023-04-07,9608
6155,鈞寶,4,0,4,富邦-台東,2023-04-07,9608
1101,台泥,3,0,3,富邦-台東,2023-04-07,9608
2002,中鋼,4,1,3,富邦-台東,2023-04-07,9608
2736,富野,3,0,3,富邦-台東,2023-04-07,9608
3707,漢磊,3,0,3,富邦-台東,2023-04-07,9608
3715,定穎投控,5,2,3,富邦-台東,2023-04-07,9608
5607,遠雄港,3,0,3,富邦-台東,2023-04-07,9608
6446,藥華藥,3,0,3,富邦-台東,2023-04-07,9608
8936,國統,3,0,3,富邦-台東,2023-04-07,9608
2801,彰銀,5,2,3,富邦-台東,2023-04-07,9608
00878,國泰永續高股息,8,5,3,富邦-台東,2023-04-07,9608
2356,英業達,6,4,2,富邦-台東,2023-04-07,9608
6443,元晶,14,12,2,富邦-台東,2023-04-07,9608
2308,台達電,2,0,2,富邦-台東,2023-04-07,9608
6485,點序,3,1,2,富邦-台東,2023-04-07,9608
1529,樂事綠能,2,0,2,富邦-台東,2023-04-07,9608
1722,台肥,2,0,2,富邦-台東,2023-04-07,9608
2201,裕隆,4,2,2,富邦-台東,2023-04-07,9608
3078,僑威,821,53,768,富邦-台東,2023-04-10,9608
2498,宏達電,28,4,24,富邦-台東,2023-04-10,9608
00676R,富邦臺灣加權反1,20,0,20,富邦-台東,2023-04-10,9608
1314,中石化,19,0,19,富邦-台東,2023-04-10,9608
2344,華邦電,31,17,14,富邦-台東,2023-04-10,9608
1609,大亞,12,1,11,富邦-台東,2023-04-10,9608
00885,富邦越南,10,0,10,富邦-台東,2023-04-10,9608
2618,長榮航,10,0,10,富邦-台東,2023-04-10,9608
6470,宇智,11,1,10,富邦-台東,2023-04-10,9608
00706L,期元大S＆P日圓正2,9,0,9,富邦-台東,2023-04-10,9608
3025,星通,26,17,9,富邦-台東,2023-04-10,9608
8390,金益鼎,9,0,9,富邦-台東,2023-04-10,9608
2603,長榮,18,9,9,富邦-台東,2023-04-10,9608
00679B,元大美債20年,9,0,9,富邦-台東,2023-04-10,9608
00632R,元大台灣50反1,8,0,8,富邦-台東,2023-04-10,9608
2243,宏旭-KY,10,2,8,富邦-台東,2023-04-10,9608
2637,慧洋-KY,8,0,8,富邦-台東,2023-04-10,9608
3479,安勤,10,3,7,富邦-台東,2023-04-10,9608
00772B,中信高評級公司債,6,0,6,富邦-台東,2023-04-10,9608
1101,台泥,6,0,6,富邦-台東,2023-04-10,9608
2610,華航,8,2,6,富邦-台東,2023-04-10,9608
4906,正文,7,1,6,富邦-台東,2023-04-10,9608
6122,擎邦,7,1,6,富邦-台東,2023-04-10,9608
3231,緯創,9,3,6,富邦-台東,2023-04-10,9608
00751B,元大AAA至A公司債,5,0,5,富邦-台東,2023-04-10,9608
1460,宏遠,5,0,5,富邦-台東,2023-04-10,9608
1721,三晃,5,0,5,富邦-台東,2023-04-10,9608
1909,榮成,5,0,5,富邦-台東,2023-04-10,9608
3090,日電貿,5,0,5,富邦-台東,2023-04-10,9608
6446,藥華藥,6,1,5,富邦-台東,2023-04-10,9608
6541,泰福-KY,5,0,5,富邦-台東,2023-04-10,9608
6684,安格,5,0,5,富邦-台東,2023-04-10,9608
2002,中鋼,5,0,5,富邦-台東,2023-04-10,9608
1582,信錦,4,0,4,富邦-台東,2023-04-10,9608
2890,永豐金,4,0,4,富邦-台東,2023-04-10,9608
5607,遠雄港,4,0,4,富邦-台東,2023-04-10,9608
6443,元晶,6,2,4,富邦-台東,2023-04-10,9608
1605,華新,5,2,3,富邦-台東,2023-04-10,9608
2607,榮運,3,0,3,富邦-台東,2023-04-10,9608
2630,亞航,3,0,3,富邦-台東,2023-04-10,9608
3272,東碩,3,0,3,富邦-台東,2023-04-10,9608
4770,上品,3,0,3,富邦-台東,2023-04-10,9608
6173,信昌電,5,2,3,富邦-台東,2023-04-10,9608
00712,復華富時不動產,4,1,3,富邦-台東,2023-04-10,9608
3665,貿聯-KY,2,0,2,富邦-台東,2023-04-10,9608
2454,聯發科,3,1,2,富邦-台東,2023-04-10,9608
1310,台苯,2,0,2,富邦-台東,2023-04-10,9608
00881,國泰台灣5G+,2,0,2,富邦-台東,2023-04-10,9608
1720,生達,2,0,2,富邦-台東,2023-04-10,9608
2108,南帝,2,0,2,富邦-台東,2023-04-10,9608
00673R,期元大S＆P原油反1,108,0,108,富邦-台東,2023-04-11,9608
1101,台泥,63,8,55,富邦-台東,2023-04-11,9608
6125,廣運,30,0,30,富邦-台東,2023-04-11,9608
00885,富邦越南,31,2,29,富邦-台東,2023-04-11,9608
00878,國泰永續高股息,27,2,25,富邦-台東,2023-04-11,9608
3596,智易,20,0,20,富邦-台東,2023-04-11,9608
2834,臺企銀,160,143,17,富邦-台東,2023-04-11,9608
5328,華容,14,0,14,富邦-台東,2023-04-11,9608
6244,茂迪,14,0,14,富邦-台東,2023-04-11,9608
1460,宏遠,13,0,13,富邦-台東,2023-04-11,9608
00632R,元大台灣50反1,31,20,11,富邦-台東,2023-04-11,9608
1314,中石化,10,0,10,富邦-台東,2023-04-11,9608
00720B,元大投資級公司債,10,0,10,富邦-台東,2023-04-11,9608
3049,精金,10,0,10,富邦-台東,2023-04-11,9608
3231,緯創,11,1,10,富邦-台東,2023-04-11,9608
3521,鴻翊,10,0,10,富邦-台東,2023-04-11,9608
8933,愛地雅,10,0,10,富邦-台東,2023-04-11,9608
2867,三商壽,11,2,9,富邦-台東,2023-04-11,9608
3587,閎康,8,0,8,富邦-台東,2023-04-11,9608
00706L,期元大S＆P日圓正2,6,0,6,富邦-台東,2023-04-11,9608
5353,台林,6,0,6,富邦-台東,2023-04-11,9608
5484,慧友,6,0,6,富邦-台東,2023-04-11,9608
6122,擎邦,6,0,6,富邦-台東,2023-04-11,9608
6160,欣技,6,0,6,富邦-台東,2023-04-11,9608
8234,新漢,6,0,6,富邦-台東,2023-04-11,9608
00751B,元大AAA至A公司債,5,0,5,富邦-台東,2023-04-11,9608
1721,三晃,5,0,5,富邦-台東,2023-04-11,9608
2027,大成鋼,5,0,5,富邦-台東,2023-04-11,9608
2501,國建,5,0,5,富邦-台東,2023-04-11,9608
3027,盛達,5,0,5,富邦-台東,2023-04-11,9608
3466,德晉,5,0,5,富邦-台東,2023-04-11,9608
4121,優盛,5,0,5,富邦-台東,2023-04-11,9608
8050,廣積,5,0,5,富邦-台東,2023-04-11,9608
00679B,元大美債20年,4,0,4,富邦-台東,2023-04-11,9608
1514,亞力,21,17,4,富邦-台東,2023-04-11,9608
2208,台船,24,20,4,富邦-台東,2023-04-11,9608
2352,佳世達,4,0,4,富邦-台東,2023-04-11,9608
2388,威盛,5,1,4,富邦-台東,2023-04-11,9608
2471,資通,4,0,4,富邦-台東,2023-04-11,9608
3058,立德,4,0,4,富邦-台東,2023-04-11,9608
5284,jpp-KY,5,1,4,富邦-台東,2023-04-11,9608
5483,中美晶,6,2,4,富邦-台東,2023-04-11,9608
8088,品安,4,0,4,富邦-台東,2023-04-11,9608
2317,鴻海,3,0,3,富邦-台東,2023-04-11,9608
2881,富邦金,3,0,3,富邦-台東,2023-04-11,9608
2009,第一銅,3,0,3,富邦-台東,2023-04-11,9608
2615,萬海,3,0,3,富邦-台東,2023-04-11,9608
3484,崧騰,10,7,3,富邦-台東,2023-04-11,9608
6163,華電網,3,0,3,富邦-台東,2023-04-11,9608
6446,藥華藥,6,3,3,富邦-台東,2023-04-11,9608
3499,環天科,2197,1,2196,富邦-台東,2023-04-12,9608
5465,富驊,2033,1,2032,富邦-台東,2023-04-12,9608
00674R,期元大S＆P黃金反1,50,0,50,富邦-台東,2023-04-12,9608
00673R,期元大S＆P原油反1,40,0,40,富邦-台東,2023-04-12,9608
8261,富鼎,31,0,31,富邦-台東,2023-04-12,9608
00902,中信電池及儲能,29,0,29,富邦-台東,2023-04-12,9608
9105,泰金寶-DR,20,0,20,富邦-台東,2023-04-12,9608
00878,國泰永續高股息,27,8,19,富邦-台東,2023-04-12,9608
2201,裕隆,20,1,19,富邦-台東,2023-04-12,9608
2208,台船,22,5,17,富邦-台東,2023-04-12,9608
2402,毅嘉,16,2,14,富邦-台東,2023-04-12,9608
8069,元太,12,0,12,富邦-台東,2023-04-12,9608
2883,凱基金,12,0,12,富邦-台東,2023-04-12,9608
2329,華泰,13,2,11,富邦-台東,2023-04-12,9608
1314,中石化,10,0,10,富邦-台東,2023-04-12,9608
00665L,富邦�琤肭磪囓�2,10,0,10,富邦-台東,2023-04-12,9608
1909,榮成,17,7,10,富邦-台東,2023-04-12,9608
2399,映泰,10,0,10,富邦-台東,2023-04-12,9608
2528,皇普,10,0,10,富邦-台東,2023-04-12,9608
3217,優群,10,0,10,富邦-台東,2023-04-12,9608
3682,亞太電,10,0,10,富邦-台東,2023-04-12,9608
6139,亞翔,10,0,10,富邦-台東,2023-04-12,9608
00632R,元大台灣50反1,9,0,9,富邦-台東,2023-04-12,9608
00706L,期元大S＆P日圓正2,9,0,9,富邦-台東,2023-04-12,9608
3231,緯創,20,11,9,富邦-台東,2023-04-12,9608
6235,華孚,20,11,9,富邦-台東,2023-04-12,9608
8110,華東,8,0,8,富邦-台東,2023-04-12,9608
2610,華航,7,0,7,富邦-台東,2023-04-12,9608
5009,榮剛,19,12,7,富邦-台東,2023-04-12,9608
6173,信昌電,9,2,7,富邦-台東,2023-04-12,9608
00753L,中信中國50正2,6,0,6,富邦-台東,2023-04-12,9608
2358,廷鑫,6,0,6,富邦-台東,2023-04-12,9608
3006,晶豪科,24,18,6,富邦-台東,2023-04-12,9608
6541,泰福-KY,6,0,6,富邦-台東,2023-04-12,9608
00687B,國泰20年美債,5,0,5,富邦-台東,2023-04-12,9608
00751B,元大AAA至A公司債,5,0,5,富邦-台東,2023-04-12,9608
2371,大同,5,0,5,富邦-台東,2023-04-12,9608
2392,正崴,5,0,5,富邦-台東,2023-04-12,9608
6197,佳必琪,5,0,5,富邦-台東,2023-04-12,9608
6625,必應,5,0,5,富邦-台東,2023-04-12,9608
6751,智聯服務,5,0,5,富邦-台東,2023-04-12,9608
2014,中鴻,11,6,5,富邦-台東,2023-04-12,9608
1514,亞力,15,11,4,富邦-台東,2023-04-12,9608
00713,元大台灣高息低波,4,0,4,富邦-台東,2023-04-12,9608
3013,晟銘電,4,0,4,富邦-台東,2023-04-12,9608
3162,精確,4,0,4,富邦-台東,2023-04-12,9608
3594,磐儀,5,1,4,富邦-台東,2023-04-12,9608
4114,健喬,9,5,4,富邦-台東,2023-04-12,9608
4190,佐登-KY,4,0,4,富邦-台東,2023-04-12,9608
6164,華興,16,12,4,富邦-台東,2023-04-12,9608
2344,華邦電,58,0,58,富邦-台東,2023-04-13,9608
6443,元晶,47,1,46,富邦-台東,2023-04-13,9608
3231,緯創,105,79,26,富邦-台東,2023-04-13,9608
1909,榮成,25,0,25,富邦-台東,2023-04-13,9608
00878,國泰永續高股息,30,7,23,富邦-台東,2023-04-13,9608
00712,復華富時不動產,24,2,22,富邦-台東,2023-04-13,9608
5009,榮剛,44,24,20,富邦-台東,2023-04-13,9608
00671R,富邦NASDAQ反1,16,0,16,富邦-台東,2023-04-13,9608
6163,華電網,25,9,16,富邦-台東,2023-04-13,9608
0056,元大高股息,15,0,15,富邦-台東,2023-04-13,9608
00772B,中信高評級公司債,13,0,13,富邦-台東,2023-04-13,9608
8069,元太,11,0,11,富邦-台東,2023-04-13,9608
00751B,元大AAA至A公司債,10,0,10,富邦-台東,2023-04-13,9608
00706L,期元大S＆P日圓正2,10,0,10,富邦-台東,2023-04-13,9608
00673R,期元大S＆P原油反1,10,0,10,富邦-台東,2023-04-13,9608
00922,國泰台灣領袖50,10,0,10,富邦-台東,2023-04-13,9608
1513,中興電,24,14,10,富邦-台東,2023-04-13,9608
3019,亞光,10,0,10,富邦-台東,2023-04-13,9608
3289,宜特,10,0,10,富邦-台東,2023-04-13,9608
3481,群創,25,15,10,富邦-台東,2023-04-13,9608
5521,工信,10,0,10,富邦-台東,2023-04-13,9608
6244,茂迪,11,1,10,富邦-台東,2023-04-13,9608
6548,長科*,10,0,10,富邦-台東,2023-04-13,9608
9105,泰金寶-DR,10,0,10,富邦-台東,2023-04-13,9608
2409,友達,13,4,9,富邦-台東,2023-04-13,9608
2609,陽明,17,8,9,富邦-台東,2023-04-13,9608
3576,聯合再生,15,6,9,富邦-台東,2023-04-13,9608
2313,華通,8,0,8,富邦-台東,2023-04-13,9608
2528,皇普,8,0,8,富邦-台東,2023-04-13,9608
2371,大同,7,0,7,富邦-台東,2023-04-13,9608
2634,漢翔,8,1,7,富邦-台東,2023-04-13,9608
3006,晶豪科,18,11,7,富邦-台東,2023-04-13,9608
3037,欣興,8,1,7,富邦-台東,2023-04-13,9608
6129,普誠,7,0,7,富邦-台東,2023-04-13,9608
2330,台積電,8,1,7,富邦-台東,2023-04-13,9608
3027,盛達,6,0,6,富邦-台東,2023-04-13,9608
3545,敦泰,6,0,6,富邦-台東,2023-04-13,9608
4915,致伸,6,0,6,富邦-台東,2023-04-13,9608
6233,旺玖,6,0,6,富邦-台東,2023-04-13,9608
2540,愛山林,6,0,6,富邦-台東,2023-04-13,9608
1308,亞聚,5,0,5,富邦-台東,2023-04-13,9608
1720,生達,5,0,5,富邦-台東,2023-04-13,9608
2105,正新,5,0,5,富邦-台東,2023-04-13,9608
2614,東森,5,0,5,富邦-台東,2023-04-13,9608
6282,康舒,6,1,5,富邦-台東,2023-04-13,9608
6541,泰福-KY,5,0,5,富邦-台東,2023-04-13,9608
8033,雷虎,5,0,5,富邦-台東,2023-04-13,9608
2881,富邦金,5,0,5,富邦-台東,2023-04-13,9608
00900,富邦特選高股息30,4,0,4,富邦-台東,2023-04-13,9608
1721,三晃,5,1,4,富邦-台東,2023-04-13,9608
2867,三商壽,137,0,137,富邦-台東,2023-04-14,9608
00673R,期元大S＆P原油反1,120,0,120,富邦-台東,2023-04-14,9608
3013,晟銘電,100,0,100,富邦-台東,2023-04-14,9608
5381,合正,60,0,60,富邦-台東,2023-04-14,9608
2014,中鴻,43,0,43,富邦-台東,2023-04-14,9608
2614,東森,35,0,35,富邦-台東,2023-04-14,9608
00632R,元大台灣50反1,40,12,28,富邦-台東,2023-04-14,9608
2402,毅嘉,49,27,22,富邦-台東,2023-04-14,9608
2449,京元電子,20,0,20,富邦-台東,2023-04-14,9608
2515,中工,46,30,16,富邦-台東,2023-04-14,9608
00679B,元大美債20年,15,0,15,富邦-台東,2023-04-14,9608
2812,台中銀,14,0,14,富邦-台東,2023-04-14,9608
2208,台船,57,45,12,富邦-台東,2023-04-14,9608
3703,欣陸,12,0,12,富邦-台東,2023-04-14,9608
00687B,國泰20年美債,11,0,11,富邦-台東,2023-04-14,9608
3481,群創,26,15,11,富邦-台東,2023-04-14,9608
6414,樺漢,10,0,10,富邦-台東,2023-04-14,9608
00665L,富邦�琤肭磪囓�2,10,0,10,富邦-台東,2023-04-14,9608
2440,太空梭,10,0,10,富邦-台東,2023-04-14,9608
6182,合晶,10,0,10,富邦-台東,2023-04-14,9608
00772B,中信高評級公司債,9,0,9,富邦-台東,2023-04-14,9608
2498,宏達電,10,1,9,富邦-台東,2023-04-14,9608
3231,緯創,23,15,8,富邦-台東,2023-04-14,9608
3545,敦泰,9,1,8,富邦-台東,2023-04-14,9608
4915,致伸,8,0,8,富邦-台東,2023-04-14,9608
2317,鴻海,7,0,7,富邦-台東,2023-04-14,9608
2834,臺企銀,7,0,7,富邦-台東,2023-04-14,9608
3078,僑威,8,1,7,富邦-台東,2023-04-14,9608
6509,聚和,7,0,7,富邦-台東,2023-04-14,9608
1514,亞力,16,10,6,富邦-台東,2023-04-14,9608
1308,亞聚,6,0,6,富邦-台東,2023-04-14,9608
020022,元大電動車N,6,0,6,富邦-台東,2023-04-14,9608
00713,元大台灣高息低波,6,0,6,富邦-台東,2023-04-14,9608
00712,復華富時不動產,6,0,6,富邦-台東,2023-04-14,9608
1504,東元,9,3,6,富邦-台東,2023-04-14,9608
5351,鈺創,6,0,6,富邦-台東,2023-04-14,9608
6209,今國光,7,1,6,富邦-台東,2023-04-14,9608
6282,康舒,6,0,6,富邦-台東,2023-04-14,9608
1316,上曜,5,0,5,富邦-台東,2023-04-14,9608
1802,台玻,11,6,5,富邦-台東,2023-04-14,9608
2371,大同,5,0,5,富邦-台東,2023-04-14,9608
3169,亞信,5,0,5,富邦-台東,2023-04-14,9608
8104,錸寶,5,0,5,富邦-台東,2023-04-14,9608
1513,中興電,6,2,4,富邦-台東,2023-04-14,9608
2002,中鋼,4,0,4,富邦-台東,2023-04-14,9608
00674R,期元大S＆P黃金反1,4,0,4,富邦-台東,2023-04-14,9608
2327,國巨,5,1,4,富邦-台東,2023-04-14,9608
3037,欣興,5,1,4,富邦-台東,2023-04-14,9608
3049,精金,4,0,4,富邦-台東,2023-04-14,9608
4968,立積,4,0,4,富邦-台東,2023-04-14,9608
2645,長榮航太,1498,1,1497,富邦-台東,2023-04-17,9608
1609,大亞,312,2,310,富邦-台東,2023-04-17,9608
6116,彩晶,97,0,97,富邦-台東,2023-04-17,9608
00679B,元大美債20年,73,1,72,富邦-台東,2023-04-17,9608
2867,三商壽,60,0,60,富邦-台東,2023-04-17,9608
2312,金寶,50,11,39,富邦-台東,2023-04-17,9608
2332,友訊,30,0,30,富邦-台東,2023-04-17,9608
3372,典範,27,0,27,富邦-台東,2023-04-17,9608
2618,長榮航,24,0,24,富邦-台東,2023-04-17,9608
6414,樺漢,22,0,22,富邦-台東,2023-04-17,9608
1806,冠軍,21,0,21,富邦-台東,2023-04-17,9608
2836,高雄銀,20,0,20,富邦-台東,2023-04-17,9608
2317,鴻海,24,4,20,富邦-台東,2023-04-17,9608
2610,華航,21,3,18,富邦-台東,2023-04-17,9608
6446,藥華藥,18,0,18,富邦-台東,2023-04-17,9608
4543,萬在,17,0,17,富邦-台東,2023-04-17,9608
6541,泰福-KY,17,0,17,富邦-台東,2023-04-17,9608
1337,再生-KY,15,0,15,富邦-台東,2023-04-17,9608
00632R,元大台灣50反1,15,0,15,富邦-台東,2023-04-17,9608
3441,聯一光,15,0,15,富邦-台東,2023-04-17,9608
00712,復華富時不動產,13,0,13,富邦-台東,2023-04-17,9608
3231,緯創,18,5,13,富邦-台東,2023-04-17,9608
1513,中興電,19,7,12,富邦-台東,2023-04-17,9608
2614,東森,11,0,11,富邦-台東,2023-04-17,9608
00680L,元大美債20正2,10,0,10,富邦-台東,2023-04-17,9608
1618,合機,10,0,10,富邦-台東,2023-04-17,9608
1810,和成,14,4,10,富邦-台東,2023-04-17,9608
2358,廷鑫,10,0,10,富邦-台東,2023-04-17,9608
2425,承啟,10,0,10,富邦-台東,2023-04-17,9608
3128,昇銳,10,0,10,富邦-台東,2023-04-17,9608
3289,宜特,10,0,10,富邦-台東,2023-04-17,9608
3596,智易,10,0,10,富邦-台東,2023-04-17,9608
3682,亞太電,10,0,10,富邦-台東,2023-04-17,9608
6180,橘子,10,0,10,富邦-台東,2023-04-17,9608
1909,榮成,10,0,10,富邦-台東,2023-04-17,9608
2449,京元電子,11,3,8,富邦-台東,2023-04-17,9608
6235,華孚,32,24,8,富邦-台東,2023-04-17,9608
00772B,中信高評級公司債,7,0,7,富邦-台東,2023-04-17,9608
1101,台泥,7,0,7,富邦-台東,2023-04-17,9608
6263,普萊德,9,2,7,富邦-台東,2023-04-17,9608
1215,卜蜂,7,0,7,富邦-台東,2023-04-17,9608
2301,光寶科,6,0,6,富邦-台東,2023-04-17,9608
2359,所羅門,11,5,6,富邦-台東,2023-04-17,9608
2388,威盛,6,0,6,富邦-台東,2023-04-17,9608
2834,臺企銀,6,0,6,富邦-台東,2023-04-17,9608
4903,聯光通,6,0,6,富邦-台東,2023-04-17,9608
5009,榮剛,11,5,6,富邦-台東,2023-04-17,9608
2454,聯發科,8,3,5,富邦-台東,2023-04-17,9608
00885,富邦越南,5,0,5,富邦-台東,2023-04-17,9608
1449,佳和,5,0,5,富邦-台東,2023-04-17,9608
2344,華邦電,55,1,54,富邦-台東,2023-04-18,9608
1810,和成,57,3,54,富邦-台東,2023-04-18,9608
00679B,元大美債20年,43,0,43,富邦-台東,2023-04-18,9608
2208,台船,48,14,34,富邦-台東,2023-04-18,9608
2515,中工,32,0,32,富邦-台東,2023-04-18,9608
2734,易飛網,30,0,30,富邦-台東,2023-04-18,9608
3380,明泰,82,52,30,富邦-台東,2023-04-18,9608
1785,光洋科,21,0,21,富邦-台東,2023-04-18,9608
6217,中探針,20,0,20,富邦-台東,2023-04-18,9608
00673R,期元大S＆P原油反1,19,0,19,富邦-台東,2023-04-18,9608
2409,友達,17,0,17,富邦-台東,2023-04-18,9608
3481,群創,17,0,17,富邦-台東,2023-04-18,9608
3682,亞太電,16,0,16,富邦-台東,2023-04-18,9608
2382,廣達,13,0,13,富邦-台東,2023-04-18,9608
2301,光寶科,13,0,13,富邦-台東,2023-04-18,9608
2609,陽明,22,10,12,富邦-台東,2023-04-18,9608
8033,雷虎,19,9,10,富邦-台東,2023-04-18,9608
2605,新興,10,0,10,富邦-台東,2023-04-18,9608
2836,高雄銀,10,0,10,富邦-台東,2023-04-18,9608
1584,精剛,26,17,9,富邦-台東,2023-04-18,9608
6606,建德工業,9,0,9,富邦-台東,2023-04-18,9608
00900,富邦特選高股息30,8,0,8,富邦-台東,2023-04-18,9608
00712,復華富時不動產,7,0,7,富邦-台東,2023-04-18,9608
5009,榮剛,8,1,7,富邦-台東,2023-04-18,9608
6234,高僑,12,5,7,富邦-台東,2023-04-18,9608
1444,力麗,7,0,7,富邦-台東,2023-04-18,9608
00706L,期元大S＆P日圓正2,6,0,6,富邦-台東,2023-04-18,9608
1717,長興,8,2,6,富邦-台東,2023-04-18,9608
6443,元晶,13,7,6,富邦-台東,2023-04-18,9608
2454,聯發科,5,0,5,富邦-台東,2023-04-18,9608
8443,阿瘦,5,0,5,富邦-台東,2023-04-18,9608
1605,華新,13,8,5,富邦-台東,2023-04-18,9608
2457,飛宏,28,23,5,富邦-台東,2023-04-18,9608
1301,台塑,5,0,5,富邦-台東,2023-04-18,9608
1337,再生-KY,5,0,5,富邦-台東,2023-04-18,9608
00902,中信電池及儲能,5,0,5,富邦-台東,2023-04-18,9608
2027,大成鋼,7,2,5,富邦-台東,2023-04-18,9608
2501,國建,5,0,5,富邦-台東,2023-04-18,9608
2603,長榮,20,15,5,富邦-台東,2023-04-18,9608
3025,星通,34,29,5,富邦-台東,2023-04-18,9608
3029,零壹,10,5,5,富邦-台東,2023-04-18,9608
3058,立德,5,0,5,富邦-台東,2023-04-18,9608
4554,橙的,5,0,5,富邦-台東,2023-04-18,9608
5426,振發,5,0,5,富邦-台東,2023-04-18,9608
6123,上奇,5,0,5,富邦-台東,2023-04-18,9608
6160,欣技,8,3,5,富邦-台東,2023-04-18,9608
6163,華電網,5,0,5,富邦-台東,2023-04-18,9608
2014,中鴻,5,0,5,富邦-台東,2023-04-18,9608
00772B,中信高評級公司債,4,0,4,富邦-台東,2023-04-18,9608
2884,玉山金,4,0,4,富邦-台東,2023-04-18,9608
1810,和成,123,74,49,富邦-台東,2023-04-19,9608
3058,立德,43,7,36,富邦-台東,2023-04-19,9608
2734,易飛網,35,0,35,富邦-台東,2023-04-19,9608
00706L,期元大S＆P日圓正2,25,0,25,富邦-台東,2023-04-19,9608
2457,飛宏,32,17,15,富邦-台東,2023-04-19,9608
00922,國泰台灣領袖50,13,0,13,富邦-台東,2023-04-19,9608
2208,台船,29,16,13,富邦-台東,2023-04-19,9608
2886,兆豐金,13,0,13,富邦-台東,2023-04-19,9608
2303,聯電,14,1,13,富邦-台東,2023-04-19,9608
6606,建德工業,12,0,12,富邦-台東,2023-04-19,9608
00713,元大台灣高息低波,11,0,11,富邦-台東,2023-04-19,9608
00712,復華富時不動產,11,0,11,富邦-台東,2023-04-19,9608
1444,力麗,11,0,11,富邦-台東,2023-04-19,9608
00782B,國泰A級公用債,10,0,10,富邦-台東,2023-04-19,9608
00720B,元大投資級公司債,10,0,10,富邦-台東,2023-04-19,9608
2614,東森,10,0,10,富邦-台東,2023-04-19,9608
2836,高雄銀,10,0,10,富邦-台東,2023-04-19,9608
2867,三商壽,10,0,10,富邦-台東,2023-04-19,9608
3682,亞太電,10,0,10,富邦-台東,2023-04-19,9608
6431,光麗-KY,10,0,10,富邦-台東,2023-04-19,9608
3078,僑威,22,12,10,富邦-台東,2023-04-19,9608
8059,凱碩,9,0,9,富邦-台東,2023-04-19,9608
2313,華通,7,0,7,富邦-台東,2023-04-19,9608
2206,三陽工業,7,0,7,富邦-台東,2023-04-19,9608
1533,車王電,7,0,7,富邦-台東,2023-04-19,9608
2014,中鴻,9,2,7,富邦-台東,2023-04-19,9608
2330,台積電,7,0,7,富邦-台東,2023-04-19,9608
00878,國泰永續高股息,12,6,6,富邦-台東,2023-04-19,9608
00680L,元大美債20正2,6,0,6,富邦-台東,2023-04-19,9608
00900,富邦特選高股息30,6,0,6,富邦-台東,2023-04-19,9608
1611,中電,11,5,6,富邦-台東,2023-04-19,9608
3017,奇鋐,11,5,6,富邦-台東,2023-04-19,9608
3025,星通,15,9,6,富邦-台東,2023-04-19,9608
3504,揚明光,6,0,6,富邦-台東,2023-04-19,9608
6446,藥華藥,6,0,6,富邦-台東,2023-04-19,9608
2002,中鋼,5,0,5,富邦-台東,2023-04-19,9608
3004,豐達科,6,1,5,富邦-台東,2023-04-19,9608
00751B,元大AAA至A公司債,5,0,5,富邦-台東,2023-04-19,9608
1101,台泥,5,0,5,富邦-台東,2023-04-19,9608
2834,臺企銀,5,0,5,富邦-台東,2023-04-19,9608
4979,華星光,32,27,5,富邦-台東,2023-04-19,9608
6213,聯茂,5,0,5,富邦-台東,2023-04-19,9608
6220,岳豐,5,0,5,富邦-台東,2023-04-19,9608
8111,立��,6,1,5,富邦-台東,2023-04-19,9608
8933,愛地雅,5,0,5,富邦-台東,2023-04-19,9608
6414,樺漢,10,6,4,富邦-台東,2023-04-19,9608
00923,群益台ESG低碳50,4,0,4,富邦-台東,2023-04-19,9608
1219,福壽,4,0,4,富邦-台東,2023-04-19,9608
00701,國泰股利精選30,4,0,4,富邦-台東,2023-04-19,9608
1522,堤維西,5,1,4,富邦-台東,2023-04-19,9608
1609,大亞,101,0,101,富邦-台東,2023-04-20,9608
1528,恩德,100,0,100,富邦-台東,2023-04-20,9608
3576,聯合再生,62,3,59,富邦-台東,2023-04-20,9608
5498,凱崴,37,0,37,富邦-台東,2023-04-20,9608
2734,易飛網,35,0,35,富邦-台東,2023-04-20,9608
6156,松上,47,17,30,富邦-台東,2023-04-20,9608
6168,宏齊,30,0,30,富邦-台東,2023-04-20,9608
6547,高端疫苗,23,0,23,富邦-台東,2023-04-20,9608
00878,國泰永續高股息,23,0,23,富邦-台東,2023-04-20,9608
2867,三商壽,22,0,22,富邦-台東,2023-04-20,9608
00712,復華富時不動產,20,0,20,富邦-台東,2023-04-20,9608
2449,京元電子,20,0,20,富邦-台東,2023-04-20,9608
2634,漢翔,25,8,17,富邦-台東,2023-04-20,9608
6261,久元,16,0,16,富邦-台東,2023-04-20,9608
2201,裕隆,61,47,14,富邦-台東,2023-04-20,9608
1513,中興電,14,1,13,富邦-台東,2023-04-20,9608
1319,東陽,12,0,12,富邦-台東,2023-04-20,9608
2484,希華,15,3,12,富邦-台東,2023-04-20,9608
2329,華泰,11,0,11,富邦-台東,2023-04-20,9608
00706L,期元大S＆P日圓正2,10,0,10,富邦-台東,2023-04-20,9608
00912,中信臺灣智慧50,10,0,10,富邦-台東,2023-04-20,9608
1584,精剛,10,0,10,富邦-台東,2023-04-20,9608
2358,廷鑫,10,0,10,富邦-台東,2023-04-20,9608
2836,高雄銀,10,0,10,富邦-台東,2023-04-20,9608
6548,長科*,10,0,10,富邦-台東,2023-04-20,9608
6285,啟��,9,0,9,富邦-台東,2023-04-20,9608
2314,台揚,8,0,8,富邦-台東,2023-04-20,9608
6101,寬魚國際,8,0,8,富邦-台東,2023-04-20,9608
6485,點序,8,0,8,富邦-台東,2023-04-20,9608
3673,TPK-KY,9,2,7,富邦-台東,2023-04-20,9608
6770,力積電,7,0,7,富邦-台東,2023-04-20,9608
3078,僑威,6,0,6,富邦-台東,2023-04-20,9608
00922,國泰台灣領袖50,9,3,6,富邦-台東,2023-04-20,9608
2327,國巨,6,0,6,富邦-台東,2023-04-20,9608
2614,東森,6,0,6,富邦-台東,2023-04-20,9608
3025,星通,9,3,6,富邦-台東,2023-04-20,9608
3483,力致,6,0,6,富邦-台東,2023-04-20,9608
3715,定穎投控,8,2,6,富邦-台東,2023-04-20,9608
8440,綠電,6,0,6,富邦-台東,2023-04-20,9608
6751,智聯服務,5,0,5,富邦-台東,2023-04-20,9608
1314,中石化,10,5,5,富邦-台東,2023-04-20,9608
00907,永豐優息存股,5,0,5,富邦-台東,2023-04-20,9608
2002,中鋼,5,0,5,富邦-台東,2023-04-20,9608
2610,華航,10,5,5,富邦-台東,2023-04-20,9608
3322,建舜電,5,0,5,富邦-台東,2023-04-20,9608
3508,位速,5,0,5,富邦-台東,2023-04-20,9608
4915,致伸,10,5,5,富邦-台東,2023-04-20,9608
6120,達運,5,0,5,富邦-台東,2023-04-20,9608
6220,岳豐,5,0,5,富邦-台東,2023-04-20,9608
6443,元晶,16,11,5,富邦-台東,2023-04-20,9608
6282,康舒,2161,124,2037,富邦-台東,2023-04-21,9608
6733,博晟生醫,249,0,249,富邦-台東,2023-04-21,9608
3380,明泰,54,0,54,富邦-台東,2023-04-21,9608
6443,元晶,40,2,38,富邦-台東,2023-04-21,9608
2615,萬海,65,37,28,富邦-台東,2023-04-21,9608
2498,宏達電,25,0,25,富邦-台東,2023-04-21,9608
4142,國光生,20,1,19,富邦-台東,2023-04-21,9608
1513,中興電,24,8,16,富邦-台東,2023-04-21,9608
0056,元大高股息,20,4,16,富邦-台東,2023-04-21,9608
3322,建舜電,16,1,15,富邦-台東,2023-04-21,9608
2614,東森,14,0,14,富邦-台東,2023-04-21,9608
2453,凌群,15,3,12,富邦-台東,2023-04-21,9608
4915,致伸,12,0,12,富邦-台東,2023-04-21,9608
1909,榮成,11,0,11,富邦-台東,2023-04-21,9608
4906,正文,11,0,11,富邦-台東,2023-04-21,9608
6163,華電網,13,2,11,富邦-台東,2023-04-21,9608
2313,華通,11,1,10,富邦-台東,2023-04-21,9608
6190,萬泰科,10,0,10,富邦-台東,2023-04-21,9608
2206,三陽工業,9,0,9,富邦-台東,2023-04-21,9608
1783,和康生,9,0,9,富邦-台東,2023-04-21,9608
3047,訊舟,9,0,9,富邦-台東,2023-04-21,9608
4979,華星光,8,0,8,富邦-台東,2023-04-21,9608
2882,國泰金,8,0,8,富邦-台東,2023-04-21,9608
00888,永豐台灣ESG,8,0,8,富邦-台東,2023-04-21,9608
5302,太欣,8,0,8,富邦-台東,2023-04-21,9608
6244,茂迪,14,7,7,富邦-台東,2023-04-21,9608
6431,光麗-KY,7,0,7,富邦-台東,2023-04-21,9608
5425,台半,7,0,7,富邦-台東,2023-04-21,9608
1717,長興,10,4,6,富邦-台東,2023-04-21,9608
2327,國巨,6,0,6,富邦-台東,2023-04-21,9608
3508,位速,6,0,6,富邦-台東,2023-04-21,9608
6285,啟��,10,5,5,富邦-台東,2023-04-21,9608
00881,國泰台灣5G+,5,0,5,富邦-台東,2023-04-21,9608
3481,群創,23,18,5,富邦-台東,2023-04-21,9608
00720B,元大投資級公司債,5,0,5,富邦-台東,2023-04-21,9608
00674R,期元大S＆P黃金反1,5,0,5,富邦-台東,2023-04-21,9608
2034,允強,5,0,5,富邦-台東,2023-04-21,9608
2208,台船,9,4,5,富邦-台東,2023-04-21,9608
2358,廷鑫,5,0,5,富邦-台東,2023-04-21,9608
2363,矽統,5,0,5,富邦-台東,2023-04-21,9608
2388,威盛,5,0,5,富邦-台東,2023-04-21,9608
2887E,台新戊特,5,0,5,富邦-台東,2023-04-21,9608
3437,榮創,5,0,5,富邦-台東,2023-04-21,9608
3450,聯鈞,5,0,5,富邦-台東,2023-04-21,9608
4714,永捷,5,0,5,富邦-台東,2023-04-21,9608
5381,合正,5,0,5,富邦-台東,2023-04-21,9608
6182,合晶,5,0,5,富邦-台東,2023-04-21,9608
6548,長科*,5,0,5,富邦-台東,2023-04-21,9608
8374,羅昇,5,0,5,富邦-台東,2023-04-21,9608
6770,力積電,6,2,4,富邦-台東,2023-04-21,9608
1909,榮成,302,3,299,富邦-台東,2023-04-24,9608
1101,台泥,203,12,191,富邦-台東,2023-04-24,9608
1609,大亞,182,60,122,富邦-台東,2023-04-24,9608
6116,彩晶,102,0,102,富邦-台東,2023-04-24,9608
2897,王道銀行,60,0,60,富邦-台東,2023-04-24,9608
1312,國喬,100,50,50,富邦-台東,2023-04-24,9608
00632R,元大台灣50反1,41,12,29,富邦-台東,2023-04-24,9608
6290,良維,22,0,22,富邦-台東,2023-04-24,9608
2340,台亞,20,0,20,富邦-台東,2023-04-24,9608
3447,展達,20,0,20,富邦-台東,2023-04-24,9608
2603,長榮,20,2,18,富邦-台東,2023-04-24,9608
2634,漢翔,27,10,17,富邦-台東,2023-04-24,9608
8415,大國鋼,16,0,16,富邦-台東,2023-04-24,9608
2031,新光鋼,12,0,12,富邦-台東,2023-04-24,9608
3231,緯創,27,17,10,富邦-台東,2023-04-24,9608
4510,高鋒,10,0,10,富邦-台東,2023-04-24,9608
6026,福邦證,10,0,10,富邦-台東,2023-04-24,9608
3058,立德,10,0,10,富邦-台東,2023-04-24,9608
2455,全新,9,0,9,富邦-台東,2023-04-24,9608
1409,新纖,9,0,9,富邦-台東,2023-04-24,9608
00720B,元大投資級公司債,9,0,9,富邦-台東,2023-04-24,9608
2201,裕隆,11,2,9,富邦-台東,2023-04-24,9608
3062,建漢,10,1,9,富邦-台東,2023-04-24,9608
00772B,中信高評級公司債,8,0,8,富邦-台東,2023-04-24,9608
2498,宏達電,10,2,8,富邦-台東,2023-04-24,9608
3710,連展投控,8,0,8,富邦-台東,2023-04-24,9608
8299,群聯,8,0,8,富邦-台東,2023-04-24,9608
1711,永光,7,0,7,富邦-台東,2023-04-24,9608
8083,瑞穎,6,0,6,富邦-台東,2023-04-24,9608
2734,易飛網,5,0,5,富邦-台東,2023-04-24,9608
00752,中信中國50,5,0,5,富邦-台東,2023-04-24,9608
00908,富邦入息REITs+,5,0,5,富邦-台東,2023-04-24,9608
1776,展宇,5,0,5,富邦-台東,2023-04-24,9608
2233,宇隆,5,0,5,富邦-台東,2023-04-24,9608
2836,高雄銀,5,0,5,富邦-台東,2023-04-24,9608
5519,隆大,5,0,5,富邦-台東,2023-04-24,9608
6751,智聯服務,5,0,5,富邦-台東,2023-04-24,9608
00878,國泰永續高股息,6,2,4,富邦-台東,2023-04-24,9608
0056,元大高股息,4,0,4,富邦-台東,2023-04-24,9608
00902,中信電池及儲能,4,0,4,富邦-台東,2023-04-24,9608
1451,年興,4,0,4,富邦-台東,2023-04-24,9608
4714,永捷,18,14,4,富邦-台東,2023-04-24,9608
5403,中菲,4,0,4,富邦-台東,2023-04-24,9608
6160,欣技,4,0,4,富邦-台東,2023-04-24,9608
5425,台半,5,1,4,富邦-台東,2023-04-24,9608
2002,中鋼,4,1,3,富邦-台東,2023-04-24,9608
2913,農林,3,0,3,富邦-台東,2023-04-24,9608
1529,樂事綠能,3,0,3,富邦-台東,2023-04-24,9608
1513,中興電,9,6,3,富邦-台東,2023-04-24,9608
00923,群益台ESG低碳50,3,0,3,富邦-台東,2023-04-24,9608
2206,三陽工業,1300,386,914,富邦-台東,2023-04-25,9608
8415,大國鋼,34,0,34,富邦-台東,2023-04-25,9608
00878,國泰永續高股息,34,0,34,富邦-台東,2023-04-25,9608
0056,元大高股息,29,0,29,富邦-台東,2023-04-25,9608
00674R,期元大S＆P黃金反1,23,0,23,富邦-台東,2023-04-25,9608
2303,聯電,25,2,23,富邦-台東,2023-04-25,9608
1905,華紙,34,14,20,富邦-台東,2023-04-25,9608
1528,恩德,26,6,20,富邦-台東,2023-04-25,9608
00669R,國泰美國道瓊反1,18,0,18,富邦-台東,2023-04-25,9608
3231,緯創,49,31,18,富邦-台東,2023-04-25,9608
1503,士電,38,21,17,富邦-台東,2023-04-25,9608
2634,漢翔,79,62,17,富邦-台東,2023-04-25,9608
2498,宏達電,18,2,16,富邦-台東,2023-04-25,9608
1721,三晃,16,2,14,富邦-台東,2023-04-25,9608
00923,群益台ESG低碳50,13,0,13,富邦-台東,2023-04-25,9608
00922,國泰台灣領袖50,13,0,13,富邦-台東,2023-04-25,9608
3322,建舜電,13,0,13,富邦-台東,2023-04-25,9608
6285,啟��,13,0,13,富邦-台東,2023-04-25,9608
2338,光罩,12,0,12,富邦-台東,2023-04-25,9608
2618,長榮航,12,0,12,富邦-台東,2023-04-25,9608
1101,台泥,19,7,12,富邦-台東,2023-04-25,9608
00715L,期街口布蘭特正2,11,0,11,富邦-台東,2023-04-25,9608
2208,台船,13,2,11,富邦-台東,2023-04-25,9608
2892,第一金,10,0,10,富邦-台東,2023-04-25,9608
3027,盛達,10,0,10,富邦-台東,2023-04-25,9608
6548,長科*,10,0,10,富邦-台東,2023-04-25,9608
1810,和成,9,0,9,富邦-台東,2023-04-25,9608
2883,凱基金,9,0,9,富邦-台東,2023-04-25,9608
4743,合一,10,1,9,富邦-台東,2023-04-25,9608
0050,元大台灣50,9,1,8,富邦-台東,2023-04-25,9608
2330,台積電,7,0,7,富邦-台東,2023-04-25,9608
00881,國泰台灣5G+,7,0,7,富邦-台東,2023-04-25,9608
2337,旺宏,9,2,7,富邦-台東,2023-04-25,9608
2106,建大,6,0,6,富邦-台東,2023-04-25,9608
2419,仲琦,8,2,6,富邦-台東,2023-04-25,9608
2492,華新科,6,0,6,富邦-台東,2023-04-25,9608
8059,凱碩,6,0,6,富邦-台東,2023-04-25,9608
8936,國統,6,0,6,富邦-台東,2023-04-25,9608
4114,健喬,12,7,5,富邦-台東,2023-04-25,9608
00902,中信電池及儲能,5,0,5,富邦-台東,2023-04-25,9608
00900,富邦特選高股息30,5,0,5,富邦-台東,2023-04-25,9608
00919,群益台灣精選高息,5,0,5,富邦-台東,2023-04-25,9608
2034,允強,5,0,5,富邦-台東,2023-04-25,9608
2547,日勝生,5,0,5,富邦-台東,2023-04-25,9608
2610,華航,16,11,5,富邦-台東,2023-04-25,9608
4572,駐龍,5,0,5,富邦-台東,2023-04-25,9608
6443,元晶,7,2,5,富邦-台東,2023-04-25,9608
8215,明基材,5,0,5,富邦-台東,2023-04-25,9608
6446,藥華藥,16,11,5,富邦-台東,2023-04-25,9608
00888,永豐台灣ESG,4,0,4,富邦-台東,2023-04-25,9608
00632R,元大台灣50反1,105,34,71,富邦-台東,2023-04-26,9608
3071,協禧,61,2,59,富邦-台東,2023-04-26,9608
8222,寶一,64,26,38,富邦-台東,2023-04-26,9608
00878,國泰永續高股息,50,15,35,富邦-台東,2023-04-26,9608
00712,復華富時不動產,21,0,21,富邦-台東,2023-04-26,9608
2340,台亞,20,0,20,富邦-台東,2023-04-26,9608
2610,華航,17,0,17,富邦-台東,2023-04-26,9608
2734,易飛網,15,0,15,富邦-台東,2023-04-26,9608
00680L,元大美債20正2,18,5,13,富邦-台東,2023-04-26,9608
6477,安集,13,0,13,富邦-台東,2023-04-26,9608
1310,台苯,13,1,12,富邦-台東,2023-04-26,9608
00830,國泰費城半導體,12,0,12,富邦-台東,2023-04-26,9608
00722B,群益投資級電信債,10,0,10,富邦-台東,2023-04-26,9608
1806,冠軍,11,1,10,富邦-台東,2023-04-26,9608
3322,建舜電,10,0,10,富邦-台東,2023-04-26,9608
5309,系統電,11,2,9,富邦-台東,2023-04-26,9608
2884,玉山金,8,0,8,富邦-台東,2023-04-26,9608
6414,樺漢,11,3,8,富邦-台東,2023-04-26,9608
6148,驊宏資,7,0,7,富邦-台東,2023-04-26,9608
2344,華邦電,11,4,7,富邦-台東,2023-04-26,9608
00891,中信關鍵半導體,6,0,6,富邦-台東,2023-04-26,9608
2453,凌群,9,3,6,富邦-台東,2023-04-26,9608
1504,東元,35,30,5,富邦-台東,2023-04-26,9608
2836,高雄銀,5,0,5,富邦-台東,2023-04-26,9608
3305,昇貿,5,0,5,富邦-台東,2023-04-26,9608
5478,智冠,5,0,5,富邦-台東,2023-04-26,9608
6116,彩晶,5,0,5,富邦-台東,2023-04-26,9608
2002,中鋼,5,0,5,富邦-台東,2023-04-26,9608
2330,台積電,6,2,4,富邦-台東,2023-04-26,9608
2609,陽明,5,1,4,富邦-台東,2023-04-26,9608
2303,聯電,4,0,4,富邦-台東,2023-04-26,9608
6712,長聖,9,5,4,富邦-台東,2023-04-26,9608
00923,群益台ESG低碳50,4,0,4,富邦-台東,2023-04-26,9608
1529,樂事綠能,4,0,4,富邦-台東,2023-04-26,9608
3027,盛達,5,1,4,富邦-台東,2023-04-26,9608
6179,亞通,4,0,4,富邦-台東,2023-04-26,9608
1101,台泥,6,2,4,富邦-台東,2023-04-26,9608
00881,國泰台灣5G+,3,0,3,富邦-台東,2023-04-26,9608
2329,華泰,3,0,3,富邦-台東,2023-04-26,9608
2482,連宇,8,5,3,富邦-台東,2023-04-26,9608
3035,智原,7,4,3,富邦-台東,2023-04-26,9608
3479,安勤,3,0,3,富邦-台東,2023-04-26,9608
3501,維熹,3,0,3,富邦-台東,2023-04-26,9608
4979,華星光,3,0,3,富邦-台東,2023-04-26,9608
8155,博智,6,3,3,富邦-台東,2023-04-26,9608
1904,正隆,11,8,3,富邦-台東,2023-04-26,9608
2603,長榮,3,1,2,富邦-台東,2023-04-26,9608
1727,中華化,12,10,2,富邦-台東,2023-04-26,9608
00922,國泰台灣領袖50,2,0,2,富邦-台東,2023-04-26,9608
1604,聲寶,2,0,2,富邦-台東,2023-04-26,9608
1609,大亞,100,1,99,富邦-台東,2023-04-27,9608
1504,東元,30,0,30,富邦-台東,2023-04-27,9608
2801,彰銀,33,5,28,富邦-台東,2023-04-27,9608
00715L,期街口布蘭特正2,20,0,20,富邦-台東,2023-04-27,9608
6125,廣運,20,0,20,富邦-台東,2023-04-27,9608
00680L,元大美債20正2,18,0,18,富邦-台東,2023-04-27,9608
2603,長榮,19,1,18,富邦-台東,2023-04-27,9608
3481,群創,15,1,14,富邦-台東,2023-04-27,9608
2889,國票金,13,0,13,富邦-台東,2023-04-27,9608
2890,永豐金,13,0,13,富邦-台東,2023-04-27,9608
2634,漢翔,35,23,12,富邦-台東,2023-04-27,9608
00720B,元大投資級公司債,10,0,10,富邦-台東,2023-04-27,9608
00772B,中信高評級公司債,11,1,10,富邦-台東,2023-04-27,9608
1513,中興電,16,7,9,富邦-台東,2023-04-27,9608
2353,宏��,9,0,9,富邦-台東,2023-04-27,9608
00632R,元大台灣50反1,8,0,8,富邦-台東,2023-04-27,9608
1503,士電,9,2,7,富邦-台東,2023-04-27,9608
1905,華紙,17,10,7,富邦-台東,2023-04-27,9608
4167,松瑞藥,7,0,7,富邦-台東,2023-04-27,9608
00674R,期元大S＆P黃金反1,8,2,6,富邦-台東,2023-04-27,9608
2498,宏達電,10,5,5,富邦-台東,2023-04-27,9608
2609,陽明,7,2,5,富邦-台東,2023-04-27,9608
6533,晶心科,5,0,5,富邦-台東,2023-04-27,9608
00642U,期元大S＆P石油,5,0,5,富邦-台東,2023-04-27,9608
1314,中石化,5,0,5,富邦-台東,2023-04-27,9608
1101,台泥,5,0,5,富邦-台東,2023-04-27,9608
1904,正隆,9,4,5,富邦-台東,2023-04-27,9608
2329,華泰,15,10,5,富邦-台東,2023-04-27,9608
2883B,凱基金乙特,5,0,5,富邦-台東,2023-04-27,9608
3437,榮創,5,0,5,富邦-台東,2023-04-27,9608
8110,華東,5,0,5,富邦-台東,2023-04-27,9608
2330,台積電,5,0,5,富邦-台東,2023-04-27,9608
2891,中信金,4,0,4,富邦-台東,2023-04-27,9608
5222,全訊,4,0,4,富邦-台東,2023-04-27,9608
2002,中鋼,4,0,4,富邦-台東,2023-04-27,9608
2610,華航,15,11,4,富邦-台東,2023-04-27,9608
3058,立德,4,0,4,富邦-台東,2023-04-27,9608
4155,訊映,4,0,4,富邦-台東,2023-04-27,9608
6470,宇智,5,1,4,富邦-台東,2023-04-27,9608
6548,長科*,4,0,4,富邦-台東,2023-04-27,9608
00878,國泰永續高股息,54,51,3,富邦-台東,2023-04-27,9608
1721,三晃,26,23,3,富邦-台東,2023-04-27,9608
0056,元大高股息,3,0,3,富邦-台東,2023-04-27,9608
2344,華邦電,18,15,3,富邦-台東,2023-04-27,9608
2457,飛宏,4,1,3,富邦-台東,2023-04-27,9608
2886,兆豐金,3,0,3,富邦-台東,2023-04-27,9608
2913,農林,6,3,3,富邦-台東,2023-04-27,9608
3025,星通,3,0,3,富邦-台東,2023-04-27,9608
3037,欣興,3,0,3,富邦-台東,2023-04-27,9608
4164,承業醫,3,0,3,富邦-台東,2023-04-27,9608
4121,優盛,2366,2,2364,富邦-台東,2023-04-28,9608
2471,資通,1894,8,1886,富邦-台東,2023-04-28,9608
1609,大亞,100,7,93,富邦-台東,2023-04-28,9608
3264,欣銓,50,0,50,富邦-台東,2023-04-28,9608
2801,彰銀,51,2,49,富邦-台東,2023-04-28,9608
4108,懷特,47,0,47,富邦-台東,2023-04-28,9608
3481,群創,31,0,31,富邦-台東,2023-04-28,9608
00706L,期元大S＆P日圓正2,30,0,30,富邦-台東,2023-04-28,9608
1314,中石化,25,0,25,富邦-台東,2023-04-28,9608
2409,友達,20,0,20,富邦-台東,2023-04-28,9608
00715L,期街口布蘭特正2,16,0,16,富邦-台東,2023-04-28,9608
00632R,元大台灣50反1,15,0,15,富邦-台東,2023-04-28,9608
2913,農林,12,0,12,富邦-台東,2023-04-28,9608
5880,合庫金,11,0,11,富邦-台東,2023-04-28,9608
2634,漢翔,27,16,11,富邦-台東,2023-04-28,9608
00772B,中信高評級公司債,10,0,10,富邦-台東,2023-04-28,9608
00637L,元大滬深300正2,10,0,10,富邦-台東,2023-04-28,9608
2233,宇隆,10,0,10,富邦-台東,2023-04-28,9608
2375,凱美,10,0,10,富邦-台東,2023-04-28,9608
3596,智易,10,0,10,富邦-台東,2023-04-28,9608
6104,創惟,11,1,10,富邦-台東,2023-04-28,9608
6411,晶焱,10,0,10,富邦-台東,2023-04-28,9608
2892,第一金,8,0,8,富邦-台東,2023-04-28,9608
4188,安克,8,0,8,富邦-台東,2023-04-28,9608
2402,毅嘉,9,2,7,富邦-台東,2023-04-28,9608
2303,聯電,6,0,6,富邦-台東,2023-04-28,9608
1810,和成,6,0,6,富邦-台東,2023-04-28,9608
6182,合晶,6,0,6,富邦-台東,2023-04-28,9608
8299,群聯,8,2,6,富邦-台東,2023-04-28,9608
00680L,元大美債20正2,5,0,5,富邦-台東,2023-04-28,9608
00712,復華富時不動產,5,0,5,富邦-台東,2023-04-28,9608
1701,中化,5,0,5,富邦-台東,2023-04-28,9608
3049,精金,5,0,5,富邦-台東,2023-04-28,9608
3265,台星科,6,1,5,富邦-台東,2023-04-28,9608
4510,高鋒,5,0,5,富邦-台東,2023-04-28,9608
4906,正文,5,0,5,富邦-台東,2023-04-28,9608
5381,合正,5,0,5,富邦-台東,2023-04-28,9608
6164,華興,5,0,5,富邦-台東,2023-04-28,9608
6282,康舒,2403,2398,5,富邦-台東,2023-04-28,9608
6548,長科*,5,0,5,富邦-台東,2023-04-28,9608
3706,神達,4,0,4,富邦-台東,2023-04-28,9608
1519,華城,5,1,4,富邦-台東,2023-04-28,9608
2031,新光鋼,4,0,4,富邦-台東,2023-04-28,9608
3284,太普高,4,0,4,富邦-台東,2023-04-28,9608
6209,今國光,4,0,4,富邦-台東,2023-04-28,9608
6266,泰詠,4,0,4,富邦-台東,2023-04-28,9608
6277,宏正,4,0,4,富邦-台東,2023-04-28,9608
6541,泰福-KY,4,0,4,富邦-台東,2023-04-28,9608
2454,聯發科,3,0,3,富邦-台東,2023-04-28,9608
00924,復華S＆P500成長,3,0,3,富邦-台東,2023-04-28,9608
1460,宏遠,100,0,100,富邦-台東,2023-05-02,9608
00706L,期元大S＆P日圓正2,35,0,35,富邦-台東,2023-05-02,9608
1717,長興,30,0,30,富邦-台東,2023-05-02,9608
4958,臻鼎-KY,30,0,30,富邦-台東,2023-05-02,9608
2603,長榮,37,11,26,富邦-台東,2023-05-02,9608
2609,陽明,29,6,23,富邦-台東,2023-05-02,9608
00772B,中信高評級公司債,21,0,21,富邦-台東,2023-05-02,9608
2884,玉山金,19,0,19,富邦-台東,2023-05-02,9608
2352,佳世達,27,11,16,富邦-台東,2023-05-02,9608
2812,台中銀,16,0,16,富邦-台東,2023-05-02,9608
3380,明泰,16,0,16,富邦-台東,2023-05-02,9608
3682,亞太電,15,0,15,富邦-台東,2023-05-02,9608
8046,南電,19,4,15,富邦-台東,2023-05-02,9608
1444,力麗,14,0,14,富邦-台東,2023-05-02,9608
2344,華邦電,18,5,13,富邦-台東,2023-05-02,9608
2881,富邦金,14,1,13,富邦-台東,2023-05-02,9608
00632R,元大台灣50反1,13,1,12,富邦-台東,2023-05-02,9608
00900,富邦特選高股息30,12,0,12,富邦-台東,2023-05-02,9608
3570,大塚,14,2,12,富邦-台東,2023-05-02,9608
5452,佶優,12,0,12,富邦-台東,2023-05-02,9608
2615,萬海,11,0,11,富邦-台東,2023-05-02,9608
00885,富邦越南,10,0,10,富邦-台東,2023-05-02,9608
00713,元大台灣高息低波,12,2,10,富邦-台東,2023-05-02,9608
3596,智易,10,0,10,富邦-台東,2023-05-02,9608
5521,工信,10,0,10,富邦-台東,2023-05-02,9608
6147,頎邦,10,0,10,富邦-台東,2023-05-02,9608
6806,森崴能源,10,0,10,富邦-台東,2023-05-02,9608
2880,華南金,10,0,10,富邦-台東,2023-05-02,9608
4904,遠傳,8,0,8,富邦-台東,2023-05-02,9608
1440,南紡,8,0,8,富邦-台東,2023-05-02,9608
1701,中化,8,0,8,富邦-台東,2023-05-02,9608
1802,台玻,13,5,8,富邦-台東,2023-05-02,9608
5876,上海商銀,8,0,8,富邦-台東,2023-05-02,9608
6167,久正,11,3,8,富邦-台東,2023-05-02,9608
4188,安克,7,0,7,富邦-台東,2023-05-02,9608
2867,三商壽,6,0,6,富邦-台東,2023-05-02,9608
6026,福邦證,6,0,6,富邦-台東,2023-05-02,9608
6111,大宇資,6,0,6,富邦-台東,2023-05-02,9608
6443,元晶,10,4,6,富邦-台東,2023-05-02,9608
1529,樂事綠能,7,1,6,富邦-台東,2023-05-02,9608
4961,天鈺,6,1,5,富邦-台東,2023-05-02,9608
00669R,國泰美國道瓊反1,5,0,5,富邦-台東,2023-05-02,9608
2332,友訊,5,0,5,富邦-台東,2023-05-02,9608
2388,威盛,12,7,5,富邦-台東,2023-05-02,9608
2801,彰銀,10,5,5,富邦-台東,2023-05-02,9608
4104,佳醫,5,0,5,富邦-台東,2023-05-02,9608
2887,台新金,5,0,5,富邦-台東,2023-05-02,9608
8938,明安,4,0,4,富邦-台東,2023-05-02,9608
6234,高僑,21,17,4,富邦-台東,2023-05-02,9608
2890,永豐金,4,0,4,富邦-台東,2023-05-02,9608
00690,兆豐藍籌30,65,0,65,富邦-台東,2023-05-03,9608
6167,久正,50,2,48,富邦-台東,2023-05-03,9608
00642U,期元大S＆P石油,34,0,34,富邦-台東,2023-05-03,9608
00893,國泰智能電動車,31,0,31,富邦-台東,2023-05-03,9608
00715L,期街口布蘭特正2,23,0,23,富邦-台東,2023-05-03,9608
2498,宏達電,24,2,22,富邦-台東,2023-05-03,9608
00712,復華富時不動產,23,2,21,富邦-台東,2023-05-03,9608
1810,和成,21,0,21,富邦-台東,2023-05-03,9608
00706L,期元大S＆P日圓正2,20,0,20,富邦-台東,2023-05-03,9608
6412,群電,22,2,20,富邦-台東,2023-05-03,9608
1589,永冠-KY,18,0,18,富邦-台東,2023-05-03,9608
6120,達運,15,0,15,富邦-台東,2023-05-03,9608
8222,寶一,43,29,14,富邦-台東,2023-05-03,9608
2609,陽明,14,1,13,富邦-台東,2023-05-03,9608
3481,群創,15,2,13,富邦-台東,2023-05-03,9608
4977,眾達-KY,12,0,12,富邦-台東,2023-05-03,9608
6282,康舒,17,5,12,富邦-台東,2023-05-03,9608
2417,圓剛,11,0,11,富邦-台東,2023-05-03,9608
2303,聯電,10,0,10,富邦-台東,2023-05-03,9608
1905,華紙,31,21,10,富邦-台東,2023-05-03,9608
2637,慧洋-KY,10,0,10,富邦-台東,2023-05-03,9608
00674R,期元大S＆P黃金反1,10,0,10,富邦-台東,2023-05-03,9608
2022,聚亨,10,0,10,富邦-台東,2023-05-03,9608
6111,大宇資,10,0,10,富邦-台東,2023-05-03,9608
6547,高端疫苗,10,0,10,富邦-台東,2023-05-03,9608
2409,友達,14,5,9,富邦-台東,2023-05-03,9608
1101,台泥,11,2,9,富邦-台東,2023-05-03,9608
2603,長榮,24,15,9,富邦-台東,2023-05-03,9608
2801,彰銀,8,0,8,富邦-台東,2023-05-03,9608
2754,亞洲藏壽司,7,0,7,富邦-台東,2023-05-03,9608
3356,奇偶,7,0,7,富邦-台東,2023-05-03,9608
6625,必應,1218,1212,6,富邦-台東,2023-05-03,9608
3363,上詮,6,0,6,富邦-台東,2023-05-03,9608
8926,台汽電,6,0,6,富邦-台東,2023-05-03,9608
1467,南緯,5,0,5,富邦-台東,2023-05-03,9608
1735,日勝化,5,0,5,富邦-台東,2023-05-03,9608
2243,宏旭-KY,5,0,5,富邦-台東,2023-05-03,9608
5355,佳總,5,0,5,富邦-台東,2023-05-03,9608
8046,南電,11,6,5,富邦-台東,2023-05-03,9608
2379,瑞昱,5,0,5,富邦-台東,2023-05-03,9608
00632R,元大台灣50反1,14,10,4,富邦-台東,2023-05-03,9608
2344,華邦電,4,0,4,富邦-台東,2023-05-03,9608
2610,華航,14,10,4,富邦-台東,2023-05-03,9608
2634,漢翔,32,28,4,富邦-台東,2023-05-03,9608
2913,農林,46,42,4,富邦-台東,2023-05-03,9608
4953,緯軟,4,0,4,富邦-台東,2023-05-03,9608
6606,建德工業,4,0,4,富邦-台東,2023-05-03,9608
2890,永豐金,3,0,3,富邦-台東,2023-05-03,9608
1776,展宇,3,0,3,富邦-台東,2023-05-03,9608
1802,台玻,3,0,3,富邦-台東,2023-05-03,9608
6191,精成科,1506,0,1506,富邦-台東,2023-05-04,9608
1711,永光,60,0,60,富邦-台東,2023-05-04,9608
2515,中工,60,0,60,富邦-台東,2023-05-04,9608
00715L,期街口布蘭特正2,62,10,52,富邦-台東,2023-05-04,9608
00642U,期元大S＆P石油,47,0,47,富邦-台東,2023-05-04,9608
2340,台亞,40,0,40,富邦-台東,2023-05-04,9608
00795B,中信美國公債20年,20,0,20,富邦-台東,2023-05-04,9608
00680L,元大美債20正2,20,0,20,富邦-台東,2023-05-04,9608
00679B,元大美債20年,21,3,18,富邦-台東,2023-05-04,9608
1710,東聯,20,2,18,富邦-台東,2023-05-04,9608
2009,第一銅,15,0,15,富邦-台東,2023-05-04,9608
4977,眾達-KY,12,0,12,富邦-台東,2023-05-04,9608
3481,群創,10,0,10,富邦-台東,2023-05-04,9608
1522,堤維西,10,0,10,富邦-台東,2023-05-04,9608
1806,冠軍,10,0,10,富邦-台東,2023-05-04,9608
2352,佳世達,10,0,10,富邦-台東,2023-05-04,9608
2888,新光金,10,0,10,富邦-台東,2023-05-04,9608
3092,鴻碩,10,0,10,富邦-台東,2023-05-04,9608
3236,千如,10,0,10,富邦-台東,2023-05-04,9608
5465,富驊,10,0,10,富邦-台東,2023-05-04,9608
8933,愛地雅,10,0,10,富邦-台東,2023-05-04,9608
2867,三商壽,9,0,9,富邦-台東,2023-05-04,9608
2105,正新,10,1,9,富邦-台東,2023-05-04,9608
3006,晶豪科,10,1,9,富邦-台東,2023-05-04,9608
8046,南電,16,7,9,富邦-台東,2023-05-04,9608
1319,東陽,8,0,8,富邦-台東,2023-05-04,9608
1503,士電,15,7,8,富邦-台東,2023-05-04,9608
3231,緯創,16,9,7,富邦-台東,2023-05-04,9608
2344,華邦電,8,1,7,富邦-台東,2023-05-04,9608
2409,友達,7,0,7,富邦-台東,2023-05-04,9608
4108,懷特,7,0,7,富邦-台東,2023-05-04,9608
4114,健喬,12,5,7,富邦-台東,2023-05-04,9608
5403,中菲,7,0,7,富邦-台東,2023-05-04,9608
6144,得利影,6,0,6,富邦-台東,2023-05-04,9608
00712,復華富時不動產,5,0,5,富邦-台東,2023-05-04,9608
1467,南緯,5,0,5,富邦-台東,2023-05-04,9608
00902,中信電池及儲能,5,0,5,富邦-台東,2023-05-04,9608
00690,兆豐藍籌30,5,0,5,富邦-台東,2023-05-04,9608
00674R,期元大S＆P黃金反1,10,5,5,富邦-台東,2023-05-04,9608
2106,建大,5,0,5,富邦-台東,2023-05-04,9608
2610,華航,5,0,5,富邦-台東,2023-05-04,9608
2614,東森,5,0,5,富邦-台東,2023-05-04,9608
2736,富野,5,0,5,富邦-台東,2023-05-04,9608
2753,八方雲集,5,0,5,富邦-台東,2023-05-04,9608
3501,維熹,5,0,5,富邦-台東,2023-05-04,9608
3508,位速,5,0,5,富邦-台東,2023-05-04,9608
4102,永日,9,4,5,富邦-台東,2023-05-04,9608
4961,天鈺,5,0,5,富邦-台東,2023-05-04,9608
6234,高僑,17,12,5,富邦-台東,2023-05-04,9608
6469,大樹,5,0,5,富邦-台東,2023-05-04,9608
1609,大亞,481,199,282,富邦-台東,2023-05-05,9608
00715L,期街口布蘭特正2,76,0,76,富邦-台東,2023-05-05,9608
2340,台亞,65,0,65,富邦-台東,2023-05-05,9608
3264,欣銓,52,0,52,富邦-台東,2023-05-05,9608
1104,環泥,50,0,50,富邦-台東,2023-05-05,9608
00674R,期元大S＆P黃金反1,47,0,47,富邦-台東,2023-05-05,9608
00852L,國泰美國道瓊正2,40,0,40,富邦-台東,2023-05-05,9608
00878,國泰永續高股息,40,1,39,富邦-台東,2023-05-05,9608
00642U,期元大S＆P石油,36,0,36,富邦-台東,2023-05-05,9608
5381,合正,30,0,30,富邦-台東,2023-05-05,9608
6125,廣運,30,1,29,富邦-台東,2023-05-05,9608
2352,佳世達,28,0,28,富邦-台東,2023-05-05,9608
2457,飛宏,27,6,21,富邦-台東,2023-05-05,9608
2317,鴻海,20,0,20,富邦-台東,2023-05-05,9608
2734,易飛網,20,0,20,富邦-台東,2023-05-05,9608
5425,台半,20,1,19,富邦-台東,2023-05-05,9608
2353,宏��,19,0,19,富邦-台東,2023-05-05,9608
00712,復華富時不動產,17,0,17,富邦-台東,2023-05-05,9608
2495,普安,16,1,15,富邦-台東,2023-05-05,9608
5353,台林,15,0,15,富邦-台東,2023-05-05,9608
5905,南仁湖,15,0,15,富邦-台東,2023-05-05,9608
2002,中鋼,13,2,11,富邦-台東,2023-05-05,9608
00680L,元大美債20正2,11,0,11,富邦-台東,2023-05-05,9608
00772B,中信高評級公司債,10,0,10,富邦-台東,2023-05-05,9608
2736,富野,10,0,10,富邦-台東,2023-05-05,9608
2883B,凱基金乙特,10,0,10,富邦-台東,2023-05-05,9608
3714,富采,10,0,10,富邦-台東,2023-05-05,9608
6112,邁達特,14,5,9,富邦-台東,2023-05-05,9608
2344,華邦電,15,7,8,富邦-台東,2023-05-05,9608
00647L,元大S＆P500正2,8,0,8,富邦-台東,2023-05-05,9608
6282,康舒,12,4,8,富邦-台東,2023-05-05,9608
2206,三陽工業,10,3,7,富邦-台東,2023-05-05,9608
2358,廷鑫,7,0,7,富邦-台東,2023-05-05,9608
4114,健喬,10,3,7,富邦-台東,2023-05-05,9608
5009,榮剛,7,0,7,富邦-台東,2023-05-05,9608
8069,元太,8,1,7,富邦-台東,2023-05-05,9608
2610,華航,6,0,6,富邦-台東,2023-05-05,9608
3693,營邦,6,0,6,富邦-台東,2023-05-05,9608
00722B,群益投資級電信債,5,0,5,富邦-台東,2023-05-05,9608
1909,榮成,5,0,5,富邦-台東,2023-05-05,9608
2889,國票金,5,0,5,富邦-台東,2023-05-05,9608
2913,農林,5,0,5,富邦-台東,2023-05-05,9608
4911,德英,5,0,5,富邦-台東,2023-05-05,9608
6625,必應,5,0,5,富邦-台東,2023-05-05,9608
6770,力積電,5,0,5,富邦-台東,2023-05-05,9608
9958,世紀鋼,5,0,5,富邦-台東,2023-05-05,9608
3479,安勤,16,12,4,富邦-台東,2023-05-05,9608
5356,協益,4,0,4,富邦-台東,2023-05-05,9608
1307,三芳,5,1,4,富邦-台東,2023-05-05,9608
3019,亞光,4,0,4,富邦-台東,2023-05-05,9608
4541,晟田,796,216,580,富邦-台東,2023-05-08,9608
00715L,期街口布蘭特正2,520,4,516,富邦-台東,2023-05-08,9608
6173,信昌電,142,6,136,富邦-台東,2023-05-08,9608
3049,精金,70,0,70,富邦-台東,2023-05-08,9608
3481,群創,63,6,57,富邦-台東,2023-05-08,9608
2340,台亞,25,0,25,富邦-台東,2023-05-08,9608
3236,千如,20,0,20,富邦-台東,2023-05-08,9608
2734,易飛網,20,0,20,富邦-台東,2023-05-08,9608
6443,元晶,23,4,19,富邦-台東,2023-05-08,9608
2801,彰銀,18,0,18,富邦-台東,2023-05-08,9608
1605,華新,23,6,17,富邦-台東,2023-05-08,9608
6790,永豐實,16,0,16,富邦-台東,2023-05-08,9608
1101,台泥,25,10,15,富邦-台東,2023-05-08,9608
00712,復華富時不動產,15,0,15,富邦-台東,2023-05-08,9608
2023,燁輝,15,0,15,富邦-台東,2023-05-08,9608
5905,南仁湖,15,0,15,富邦-台東,2023-05-08,9608
2409,友達,20,6,14,富邦-台東,2023-05-08,9608
00720B,元大投資級公司債,12,0,12,富邦-台東,2023-05-08,9608
3231,緯創,31,19,12,富邦-台東,2023-05-08,9608
6163,華電網,15,3,12,富邦-台東,2023-05-08,9608
1314,中石化,10,0,10,富邦-台東,2023-05-08,9608
6432,今展科,10,0,10,富邦-台東,2023-05-08,9608
9105,泰金寶-DR,10,0,10,富邦-台東,2023-05-08,9608
1503,士電,13,4,9,富邦-台東,2023-05-08,9608
2609,陽明,9,0,9,富邦-台東,2023-05-08,9608
4915,致伸,10,1,9,富邦-台東,2023-05-08,9608
1609,大亞,27,19,8,富邦-台東,2023-05-08,9608
2497,怡利電,8,0,8,富邦-台東,2023-05-08,9608
5258,虹堡,8,0,8,富邦-台東,2023-05-08,9608
1760,寶齡富錦,7,0,7,富邦-台東,2023-05-08,9608
2412,中華電,7,0,7,富邦-台東,2023-05-08,9608
3715,定穎投控,12,5,7,富邦-台東,2023-05-08,9608
2630,亞航,7,1,6,富邦-台東,2023-05-08,9608
3005,神基,6,0,6,富邦-台東,2023-05-08,9608
2344,華邦電,7,1,6,富邦-台東,2023-05-08,9608
1218,泰山,8,2,6,富邦-台東,2023-05-08,9608
00680L,元大美債20正2,6,0,6,富邦-台東,2023-05-08,9608
4147,中裕,6,0,6,富邦-台東,2023-05-08,9608
8358,金居,6,0,6,富邦-台東,2023-05-08,9608
1529,樂事綠能,8,3,5,富邦-台東,2023-05-08,9608
1612,宏泰,5,0,5,富邦-台東,2023-05-08,9608
2031,新光鋼,5,0,5,富邦-台東,2023-05-08,9608
2236,百達-KY,5,0,5,富邦-台東,2023-05-08,9608
2408,南亞科,5,0,5,富邦-台東,2023-05-08,9608
2736,富野,5,0,5,富邦-台東,2023-05-08,9608
2913,農林,5,0,5,富邦-台東,2023-05-08,9608
3013,晟銘電,5,0,5,富邦-台東,2023-05-08,9608
4510,高鋒,5,0,5,富邦-台東,2023-05-08,9608
8926,台汽電,5,0,5,富邦-台東,2023-05-08,9608
2834,臺企銀,6,1,5,富邦-台東,2023-05-08,9608
4967,十銓,499,2,497,富邦-台東,2023-05-09,9608
2884,玉山金,78,2,76,富邦-台東,2023-05-09,9608
00878,國泰永續高股息,75,1,74,富邦-台東,2023-05-09,9608
6282,康舒,67,7,60,富邦-台東,2023-05-09,9608
00632R,元大台灣50反1,45,0,45,富邦-台東,2023-05-09,9608
6443,元晶,36,0,36,富邦-台東,2023-05-09,9608
2892,第一金,33,4,29,富邦-台東,2023-05-09,9608
00713,元大台灣高息低波,23,0,23,富邦-台東,2023-05-09,9608
00720B,元大投資級公司債,21,0,21,富邦-台東,2023-05-09,9608
1710,東聯,20,0,20,富邦-台東,2023-05-09,9608
5905,南仁湖,20,0,20,富邦-台東,2023-05-09,9608
3264,欣銓,20,1,19,富邦-台東,2023-05-09,9608
1316,上曜,15,0,15,富邦-台東,2023-05-09,9608
1513,中興電,18,4,14,富邦-台東,2023-05-09,9608
1708,東鹼,22,8,14,富邦-台東,2023-05-09,9608
3372,典範,14,0,14,富邦-台東,2023-05-09,9608
3049,精金,14,0,14,富邦-台東,2023-05-09,9608
2328,廣宇,13,0,13,富邦-台東,2023-05-09,9608
3038,全台,13,0,13,富邦-台東,2023-05-09,9608
00687B,國泰20年美債,12,0,12,富邦-台東,2023-05-09,9608
2890,永豐金,12,0,12,富邦-台東,2023-05-09,9608
6266,泰詠,13,1,12,富邦-台東,2023-05-09,9608
1210,大成,11,0,11,富邦-台東,2023-05-09,9608
6485,點序,11,0,11,富邦-台東,2023-05-09,9608
00679B,元大美債20年,10,0,10,富邦-台東,2023-05-09,9608
00669R,國泰美國道瓊反1,10,0,10,富邦-台東,2023-05-09,9608
1802,台玻,10,0,10,富邦-台東,2023-05-09,9608
3508,位速,10,0,10,富邦-台東,2023-05-09,9608
5465,富驊,10,0,10,富邦-台東,2023-05-09,9608
1609,大亞,14,5,9,富邦-台東,2023-05-09,9608
2886,兆豐金,9,0,9,富邦-台東,2023-05-09,9608
3576,聯合再生,9,0,9,富邦-台東,2023-05-09,9608
4721,美琪瑪,9,0,9,富邦-台東,2023-05-09,9608
4147,中裕,9,0,9,富邦-台東,2023-05-09,9608
1905,華紙,52,45,7,富邦-台東,2023-05-09,9608
2634,漢翔,11,4,7,富邦-台東,2023-05-09,9608
3231,緯創,26,19,7,富邦-台東,2023-05-09,9608
5608,四維航,7,0,7,富邦-台東,2023-05-09,9608
8926,台汽電,7,0,7,富邦-台東,2023-05-09,9608
9958,世紀鋼,7,0,7,富邦-台東,2023-05-09,9608
1101,台泥,7,1,6,富邦-台東,2023-05-09,9608
1504,東元,9,3,6,富邦-台東,2023-05-09,9608
2913,農林,12,6,6,富邦-台東,2023-05-09,9608
6202,盛群,6,0,6,富邦-台東,2023-05-09,9608
00772B,中信高評級公司債,5,0,5,富邦-台東,2023-05-09,9608
2460,建通,5,0,5,富邦-台東,2023-05-09,9608
2482,連宇,5,0,5,富邦-台東,2023-05-09,9608
2498,宏達電,6,1,5,富邦-台東,2023-05-09,9608
2618,長榮航,10,5,5,富邦-台東,2023-05-09,9608
3322,建舜電,5,0,5,富邦-台東,2023-05-09,9608
2352,佳世達,82,4,78,富邦-台東,2023-05-10,9608
2734,易飛網,46,0,46,富邦-台東,2023-05-10,9608
3034,聯詠,39,2,37,富邦-台東,2023-05-10,9608
00680L,元大美債20正2,21,0,21,富邦-台東,2023-05-10,9608
00878,國泰永續高股息,21,1,20,富邦-台東,2023-05-10,9608
4729,熒茂,20,0,20,富邦-台東,2023-05-10,9608
6282,康舒,28,9,19,富邦-台東,2023-05-10,9608
00673R,期元大S＆P原油反1,12,0,12,富邦-台東,2023-05-10,9608
00902,中信電池及儲能,10,0,10,富邦-台東,2023-05-10,9608
3013,晟銘電,10,0,10,富邦-台東,2023-05-10,9608
3049,精金,10,0,10,富邦-台東,2023-05-10,9608
3294,英濟,10,0,10,富邦-台東,2023-05-10,9608
2891,中信金,10,1,9,富邦-台東,2023-05-10,9608
3231,緯創,18,9,9,富邦-台東,2023-05-10,9608
00687B,國泰20年美債,8,0,8,富邦-台東,2023-05-10,9608
3202,樺晟,8,0,8,富邦-台東,2023-05-10,9608
4979,華星光,8,0,8,富邦-台東,2023-05-10,9608
2379,瑞昱,7,0,7,富邦-台東,2023-05-10,9608
3093,港建*,7,0,7,富邦-台東,2023-05-10,9608
2892,第一金,14,7,7,富邦-台東,2023-05-10,9608
2303,聯電,8,1,7,富邦-台東,2023-05-10,9608
6806,森崴能源,7,0,7,富邦-台東,2023-05-10,9608
2489,瑞軒,6,0,6,富邦-台東,2023-05-10,9608
2886,兆豐金,6,0,6,富邦-台東,2023-05-10,9608
2344,華邦電,10,5,5,富邦-台東,2023-05-10,9608
00665L,富邦�琤肭磪囓�2,5,0,5,富邦-台東,2023-05-10,9608
00637L,元大滬深300正2,5,0,5,富邦-台東,2023-05-10,9608
1806,冠軍,5,0,5,富邦-台東,2023-05-10,9608
2515,中工,5,0,5,富邦-台東,2023-05-10,9608
2801,彰銀,5,0,5,富邦-台東,2023-05-10,9608
3576,聯合再生,5,0,5,富邦-台東,2023-05-10,9608
5426,振發,5,0,5,富邦-台東,2023-05-10,9608
1720,生達,7,3,4,富邦-台東,2023-05-10,9608
2633,台灣高鐵,4,0,4,富邦-台東,2023-05-10,9608
6134,萬旭,4,0,4,富邦-台東,2023-05-10,9608
2387,精元,3,0,3,富邦-台東,2023-05-10,9608
2610,華航,20,17,3,富邦-台東,2023-05-10,9608
2834,臺企銀,3,0,3,富邦-台東,2023-05-10,9608
2913,農林,3,0,3,富邦-台東,2023-05-10,9608
3046,建��,11,8,3,富邦-台東,2023-05-10,9608
3708,上緯投控,3,0,3,富邦-台東,2023-05-10,9608
4763,材料-KY,3,0,3,富邦-台東,2023-05-10,9608
6167,久正,5,2,3,富邦-台東,2023-05-10,9608
1519,華城,4,2,2,富邦-台東,2023-05-10,9608
00633L,富邦上証正2,2,0,2,富邦-台東,2023-05-10,9608
00713,元大台灣高息低波,2,0,2,富邦-台東,2023-05-10,9608
00751B,元大AAA至A公司債,2,0,2,富邦-台東,2023-05-10,9608
00679B,元大美債20年,2,0,2,富邦-台東,2023-05-10,9608
1504,東元,2,0,2,富邦-台東,2023-05-10,9608
1503,士電,8,6,2,富邦-台東,2023-05-10,9608
1314,中石化,60,0,60,富邦-台東,2023-05-11,9608
00680L,元大美債20正2,36,0,36,富邦-台東,2023-05-11,9608
8033,雷虎,28,0,28,富邦-台東,2023-05-11,9608
3481,群創,24,0,24,富邦-台東,2023-05-11,9608
2836,高雄銀,24,0,24,富邦-台東,2023-05-11,9608
3322,建舜電,22,0,22,富邦-台東,2023-05-11,9608
00878,國泰永續高股息,22,3,19,富邦-台東,2023-05-11,9608
2610,華航,31,15,16,富邦-台東,2023-05-11,9608
2630,亞航,31,15,16,富邦-台東,2023-05-11,9608
3576,聯合再生,17,1,16,富邦-台東,2023-05-11,9608
2913,農林,14,0,14,富邦-台東,2023-05-11,9608
6285,啟��,28,14,14,富邦-台東,2023-05-11,9608
9907,統一實,15,2,13,富邦-台東,2023-05-11,9608
1609,大亞,28,17,11,富邦-台東,2023-05-11,9608
3058,立德,11,0,11,富邦-台東,2023-05-11,9608
4163,鐿鈦,11,0,11,富邦-台東,2023-05-11,9608
6156,松上,10,0,10,富邦-台東,2023-05-11,9608
2812,台中銀,10,0,10,富邦-台東,2023-05-11,9608
2034,允強,10,0,10,富邦-台東,2023-05-11,9608
00679B,元大美債20年,10,0,10,富邦-台東,2023-05-11,9608
3296,勝德,10,0,10,富邦-台東,2023-05-11,9608
6139,亞翔,18,8,10,富邦-台東,2023-05-11,9608
00671R,富邦NASDAQ反1,9,0,9,富邦-台東,2023-05-11,9608
2387,精元,9,0,9,富邦-台東,2023-05-11,9608
6118,建達,14,5,9,富邦-台東,2023-05-11,9608
6167,久正,21,12,9,富邦-台東,2023-05-11,9608
00881,國泰台灣5G+,8,0,8,富邦-台東,2023-05-11,9608
1909,榮成,8,0,8,富邦-台東,2023-05-11,9608
2388,威盛,9,1,8,富邦-台東,2023-05-11,9608
2892,第一金,8,0,8,富邦-台東,2023-05-11,9608
3057,喬鼎,8,0,8,富邦-台東,2023-05-11,9608
5258,虹堡,10,2,8,富邦-台東,2023-05-11,9608
2038,海光,7,0,7,富邦-台東,2023-05-11,9608
2236,百達-KY,7,0,7,富邦-台東,2023-05-11,9608
2618,長榮航,20,13,7,富邦-台東,2023-05-11,9608
2801,彰銀,7,0,7,富邦-台東,2023-05-11,9608
6278,台表科,7,0,7,富邦-台東,2023-05-11,9608
6470,宇智,7,0,7,富邦-台東,2023-05-11,9608
2498,宏達電,8,2,6,富邦-台東,2023-05-11,9608
1584,精剛,6,0,6,富邦-台東,2023-05-11,9608
1409,新纖,6,0,6,富邦-台東,2023-05-11,9608
2834,臺企銀,7,1,6,富邦-台東,2023-05-11,9608
2603,長榮,8,3,5,富邦-台東,2023-05-11,9608
4744,皇將,8,3,5,富邦-台東,2023-05-11,9608
6276,安鈦克,7,2,5,富邦-台東,2023-05-11,9608
2106,建大,10,5,5,富邦-台東,2023-05-11,9608
2313,華通,5,0,5,富邦-台東,2023-05-11,9608
2409,友達,5,0,5,富邦-台東,2023-05-11,9608
2883,凱基金,5,0,5,富邦-台東,2023-05-11,9608
3027,盛達,6,1,5,富邦-台東,2023-05-11,9608
1609,大亞,144,14,130,富邦-台東,2023-05-12,9608
00885,富邦越南,90,10,80,富邦-台東,2023-05-12,9608
2834,臺企銀,57,4,53,富邦-台東,2023-05-12,9608
6125,廣運,51,0,51,富邦-台東,2023-05-12,9608
00878,國泰永續高股息,52,2,50,富邦-台東,2023-05-12,9608
3236,千如,50,0,50,富邦-台東,2023-05-12,9608
00715L,期街口布蘭特正2,33,0,33,富邦-台東,2023-05-12,9608
1101,台泥,33,1,32,富邦-台東,2023-05-12,9608
3264,欣銓,30,0,30,富邦-台東,2023-05-12,9608
2890,永豐金,24,0,24,富邦-台東,2023-05-12,9608
4950,牧東,22,0,22,富邦-台東,2023-05-12,9608
1504,東元,23,3,20,富邦-台東,2023-05-12,9608
2233,宇隆,20,0,20,富邦-台東,2023-05-12,9608
3147,大綜,20,0,20,富邦-台東,2023-05-12,9608
2014,中鴻,22,4,18,富邦-台東,2023-05-12,9608
3576,聯合再生,17,0,17,富邦-台東,2023-05-12,9608
2801,彰銀,17,0,17,富邦-台東,2023-05-12,9608
2457,飛宏,30,14,16,富邦-台東,2023-05-12,9608
00632R,元大台灣50反1,72,57,15,富邦-台東,2023-05-12,9608
1514,亞力,13,0,13,富邦-台東,2023-05-12,9608
2888,新光金,12,0,12,富邦-台東,2023-05-12,9608
00882,中信中國高股息,12,0,12,富邦-台東,2023-05-12,9608
2886,兆豐金,11,0,11,富邦-台東,2023-05-12,9608
5871,中租-KY,11,0,11,富邦-台東,2023-05-12,9608
9907,統一實,10,0,10,富邦-台東,2023-05-12,9608
3017,奇鋐,13,3,10,富邦-台東,2023-05-12,9608
2328,廣宇,10,0,10,富邦-台東,2023-05-12,9608
8215,明基材,10,0,10,富邦-台東,2023-05-12,9608
6139,亞翔,20,11,9,富邦-台東,2023-05-12,9608
00674R,期元大S＆P黃金反1,8,0,8,富邦-台東,2023-05-12,9608
00642U,期元大S＆P石油,8,0,8,富邦-台東,2023-05-12,9608
1712,興農,8,0,8,富邦-台東,2023-05-12,9608
2812,台中銀,7,0,7,富邦-台東,2023-05-12,9608
3481,群創,8,1,7,富邦-台東,2023-05-12,9608
8176,智捷,7,0,7,富邦-台東,2023-05-12,9608
6791,虎門科技,6,0,6,富邦-台東,2023-05-12,9608
6446,藥華藥,6,0,6,富邦-台東,2023-05-12,9608
0056,元大高股息,6,0,6,富邦-台東,2023-05-12,9608
1802,台玻,5,0,5,富邦-台東,2023-05-12,9608
2836,高雄銀,5,0,5,富邦-台東,2023-05-12,9608
3508,位速,5,0,5,富邦-台東,2023-05-12,9608
6261,久元,4,0,4,富邦-台東,2023-05-12,9608
8255,朋程,4,0,4,富邦-台東,2023-05-12,9608
6414,樺漢,7,3,4,富邦-台東,2023-05-12,9608
2002,中鋼,4,0,4,富邦-台東,2023-05-12,9608
2308,台達電,3,0,3,富邦-台東,2023-05-12,9608
1905,華紙,21,18,3,富邦-台東,2023-05-12,9608
2031,新光鋼,3,0,3,富邦-台東,2023-05-12,9608
3406,玉晶光,3,0,3,富邦-台東,2023-05-12,9608
5381,合正,3,0,3,富邦-台東,2023-05-12,9608
00715L,期街口布蘭特正2,192,0,192,富邦-台東,2023-05-15,9608
00878,國泰永續高股息,39,2,37,富邦-台東,2023-05-15,9608
2634,漢翔,25,3,22,富邦-台東,2023-05-15,9608
3481,群創,22,0,22,富邦-台東,2023-05-15,9608
2618,長榮航,24,8,16,富邦-台東,2023-05-15,9608
3049,精金,16,0,16,富邦-台東,2023-05-15,9608
2610,華航,15,0,15,富邦-台東,2023-05-15,9608
6122,擎邦,24,9,15,富邦-台東,2023-05-15,9608
1101,台泥,14,0,14,富邦-台東,2023-05-15,9608
3046,建��,16,3,13,富邦-台東,2023-05-15,9608
00680L,元大美債20正2,12,0,12,富邦-台東,2023-05-15,9608
2498,宏達電,17,5,12,富邦-台東,2023-05-15,9608
00713,元大台灣高息低波,11,0,11,富邦-台東,2023-05-15,9608
00751B,元大AAA至A公司債,11,0,11,富邦-台東,2023-05-15,9608
5258,虹堡,13,3,10,富邦-台東,2023-05-15,9608
5465,富驊,10,0,10,富邦-台東,2023-05-15,9608
2303,聯電,9,0,9,富邦-台東,2023-05-15,9608
00679B,元大美債20年,10,2,8,富邦-台東,2023-05-15,9608
00720B,元大投資級公司債,8,0,8,富邦-台東,2023-05-15,9608
00642U,期元大S＆P石油,8,0,8,富邦-台東,2023-05-15,9608
00762,元大全球AI,8,0,8,富邦-台東,2023-05-15,9608
2497,怡利電,8,0,8,富邦-台東,2023-05-15,9608
2851,中再保,8,0,8,富邦-台東,2023-05-15,9608
2388,威盛,7,0,7,富邦-台東,2023-05-15,9608
2344,華邦電,6,0,6,富邦-台東,2023-05-15,9608
2480,敦陽科,6,0,6,富邦-台東,2023-05-15,9608
6485,點序,6,0,6,富邦-台東,2023-05-15,9608
2317,鴻海,5,0,5,富邦-台東,2023-05-15,9608
2603,長榮,6,1,5,富邦-台東,2023-05-15,9608
00782B,國泰A級公用債,5,0,5,富邦-台東,2023-05-15,9608
1783,和康生,5,0,5,富邦-台東,2023-05-15,9608
1802,台玻,5,0,5,富邦-台東,2023-05-15,9608
2753,八方雲集,5,0,5,富邦-台東,2023-05-15,9608
8054,安國,5,0,5,富邦-台東,2023-05-15,9608
1513,中興電,6,1,5,富邦-台東,2023-05-15,9608
00882,中信中國高股息,4,0,4,富邦-台東,2023-05-15,9608
1503,士電,15,11,4,富邦-台東,2023-05-15,9608
1314,中石化,4,0,4,富邦-台東,2023-05-15,9608
3027,盛達,4,0,4,富邦-台東,2023-05-15,9608
4807,日成-KY,5,1,4,富邦-台東,2023-05-15,9608
6790,永豐實,4,0,4,富邦-台東,2023-05-15,9608
2371,大同,18,14,4,富邦-台東,2023-05-15,9608
3324,雙鴻,5,1,4,富邦-台東,2023-05-15,9608
4744,皇將,5,2,3,富邦-台東,2023-05-15,9608
3105,穩懋,3,0,3,富邦-台東,2023-05-15,9608
00772B,中信高評級公司債,3,0,3,富邦-台東,2023-05-15,9608
00902,中信電池及儲能,3,0,3,富邦-台東,2023-05-15,9608
1784,訊聯,3,0,3,富邦-台東,2023-05-15,9608
2368,金像電,4,1,3,富邦-台東,2023-05-15,9608
2482,連宇,3,0,3,富邦-台東,2023-05-15,9608
3207,耀勝,322,0,322,富邦-台東,2023-05-16,9608
00751B,元大AAA至A公司債,56,0,56,富邦-台東,2023-05-16,9608
00632R,元大台灣50反1,38,0,38,富邦-台東,2023-05-16,9608
00890B,凱基ESG BBB債,20,0,20,富邦-台東,2023-05-16,9608
00715L,期街口布蘭特正2,50,32,18,富邦-台東,2023-05-16,9608
2834,臺企銀,23,5,18,富邦-台東,2023-05-16,9608
2618,長榮航,34,17,17,富邦-台東,2023-05-16,9608
00795B,中信美國公債20年,16,0,16,富邦-台東,2023-05-16,9608
00907,永豐優息存股,12,0,12,富邦-台東,2023-05-16,9608
1529,樂事綠能,9,0,9,富邦-台東,2023-05-16,9608
00720B,元大投資級公司債,9,0,9,富邦-台東,2023-05-16,9608
2546,根基,9,0,9,富邦-台東,2023-05-16,9608
6248,沛波,8,0,8,富邦-台東,2023-05-16,9608
00772B,中信高評級公司債,8,0,8,富邦-台東,2023-05-16,9608
2451,創見,8,0,8,富邦-台東,2023-05-16,9608
3483,力致,8,0,8,富邦-台東,2023-05-16,9608
00725B,國泰投資級公司債,7,0,7,富邦-台東,2023-05-16,9608
6244,茂迪,7,0,7,富邦-台東,2023-05-16,9608
1504,東元,8,2,6,富邦-台東,2023-05-16,9608
00680L,元大美債20正2,6,0,6,富邦-台東,2023-05-16,9608
2404,漢唐,6,0,6,富邦-台東,2023-05-16,9608
3006,晶豪科,12,6,6,富邦-台東,2023-05-16,9608
6188,廣明,6,0,6,富邦-台東,2023-05-16,9608
2344,華邦電,12,6,6,富邦-台東,2023-05-16,9608
00687B,國泰20年美債,5,0,5,富邦-台東,2023-05-16,9608
2337,旺宏,10,5,5,富邦-台東,2023-05-16,9608
2371,大同,14,9,5,富邦-台東,2023-05-16,9608
2801,彰銀,5,0,5,富邦-台東,2023-05-16,9608
6290,良維,5,0,5,富邦-台東,2023-05-16,9608
1513,中興電,9,5,4,富邦-台東,2023-05-16,9608
1784,訊聯,4,0,4,富邦-台東,2023-05-16,9608
4770,上品,4,0,4,富邦-台東,2023-05-16,9608
5388,中磊,4,0,4,富邦-台東,2023-05-16,9608
2421,建準,4,1,3,富邦-台東,2023-05-16,9608
00919,群益台灣精選高息,3,0,3,富邦-台東,2023-05-16,9608
3231,緯創,36,33,3,富邦-台東,2023-05-16,9608
3305,昇貿,4,1,3,富邦-台東,2023-05-16,9608
3443,創意,3,0,3,富邦-台東,2023-05-16,9608
4173,久裕,3,0,3,富邦-台東,2023-05-16,9608
4967,十銓,16,13,3,富邦-台東,2023-05-16,9608
6446,藥華藥,4,1,3,富邦-台東,2023-05-16,9608
2867,三商壽,2,0,2,富邦-台東,2023-05-16,9608
00679B,元大美債20年,2,0,2,富邦-台東,2023-05-16,9608
00713,元大台灣高息低波,2,0,2,富邦-台東,2023-05-16,9608
1783,和康生,2,0,2,富邦-台東,2023-05-16,9608
2323,中環,4,2,2,富邦-台東,2023-05-16,9608
2328,廣宇,2,0,2,富邦-台東,2023-05-16,9608
2338,光罩,2,0,2,富邦-台東,2023-05-16,9608
2454,聯發科,3,1,2,富邦-台東,2023-05-16,9608
2485,兆赫,2,0,2,富邦-台東,2023-05-16,9608
2610,華航,212,0,212,富邦-台東,2023-05-17,9608
00632R,元大台灣50反1,196,0,196,富邦-台東,2023-05-17,9608
00713,元大台灣高息低波,63,0,63,富邦-台東,2023-05-17,9608
5381,合正,55,0,55,富邦-台東,2023-05-17,9608
00676R,富邦臺灣加權反1,30,0,30,富邦-台東,2023-05-17,9608
1528,恩德,25,0,25,富邦-台東,2023-05-17,9608
00890B,凱基ESG BBB債,20,0,20,富邦-台東,2023-05-17,9608
6446,藥華藥,23,4,19,富邦-台東,2023-05-17,9608
00751B,元大AAA至A公司債,14,0,14,富邦-台東,2023-05-17,9608
1584,精剛,16,3,13,富邦-台東,2023-05-17,9608
00680L,元大美債20正2,10,0,10,富邦-台東,2023-05-17,9608
2022,聚亨,10,0,10,富邦-台東,2023-05-17,9608
2208,台船,10,0,10,富邦-台東,2023-05-17,9608
2233,宇隆,10,0,10,富邦-台東,2023-05-17,9608
2376,技嘉,11,2,9,富邦-台東,2023-05-17,9608
2731,雄獅,9,0,9,富邦-台東,2023-05-17,9608
6285,啟��,9,1,8,富邦-台東,2023-05-17,9608
00772B,中信高評級公司債,8,0,8,富邦-台東,2023-05-17,9608
00679B,元大美債20年,8,0,8,富邦-台東,2023-05-17,9608
00720B,元大投資級公司債,7,0,7,富邦-台東,2023-05-17,9608
2402,毅嘉,7,0,7,富邦-台東,2023-05-17,9608
00687B,國泰20年美債,6,0,6,富邦-台東,2023-05-17,9608
2634,漢翔,14,8,6,富邦-台東,2023-05-17,9608
5351,鈺創,10,4,6,富邦-台東,2023-05-17,9608
3231,緯創,43,38,5,富邦-台東,2023-05-17,9608
2427,三商電,6,1,5,富邦-台東,2023-05-17,9608
00788B,元大10年IG電能債,5,0,5,富邦-台東,2023-05-17,9608
00725B,國泰投資級公司債,5,0,5,富邦-台東,2023-05-17,9608
2409,友達,10,5,5,富邦-台東,2023-05-17,9608
3169,亞信,5,0,5,富邦-台東,2023-05-17,9608
6190,萬泰科,5,0,5,富邦-台東,2023-05-17,9608
1504,東元,4,0,4,富邦-台東,2023-05-17,9608
1617,榮星,4,0,4,富邦-台東,2023-05-17,9608
2201,裕隆,6,2,4,富邦-台東,2023-05-17,9608
2618,長榮航,7,3,4,富邦-台東,2023-05-17,9608
6411,晶焱,4,0,4,富邦-台東,2023-05-17,9608
1605,華新,3,0,3,富邦-台東,2023-05-17,9608
1608,華榮,9,6,3,富邦-台東,2023-05-17,9608
1612,宏泰,3,0,3,富邦-台東,2023-05-17,9608
1616,億泰,3,0,3,富邦-台東,2023-05-17,9608
3465,進泰電子,3,0,3,富邦-台東,2023-05-17,9608
3558,神準,3,0,3,富邦-台東,2023-05-17,9608
8358,金居,3,0,3,富邦-台東,2023-05-17,9608
3029,零壹,12,10,2,富邦-台東,2023-05-17,9608
2603,長榮,2,0,2,富邦-台東,2023-05-17,9608
5871,中租-KY,2,0,2,富邦-台東,2023-05-17,9608
00696B,富邦美債20年,2,0,2,富邦-台東,2023-05-17,9608
00712,復華富時不動產,2,0,2,富邦-台東,2023-05-17,9608
8046,南電,8,6,2,富邦-台東,2023-05-17,9608
1310,台苯,2,0,2,富邦-台東,2023-05-17,9608
6235,華孚,1740,5,1735,富邦-台東,2023-05-18,9608
00706L,期元大S＆P日圓正2,80,0,80,富邦-台東,2023-05-18,9608
2618,長榮航,74,6,68,富邦-台東,2023-05-18,9608
00673R,期元大S＆P原油反1,65,0,65,富邦-台東,2023-05-18,9608
2340,台亞,30,0,30,富邦-台東,2023-05-18,9608
8163,達方,30,2,28,富邦-台東,2023-05-18,9608
5347,世界,21,0,21,富邦-台東,2023-05-18,9608
2883,凱基金,25,5,20,富邦-台東,2023-05-18,9608
3236,千如,20,0,20,富邦-台東,2023-05-18,9608
00852L,國泰美國道瓊正2,17,0,17,富邦-台東,2023-05-18,9608
8222,寶一,24,8,16,富邦-台東,2023-05-18,9608
00690,兆豐藍籌30,95,80,15,富邦-台東,2023-05-18,9608
00751B,元大AAA至A公司債,13,0,13,富邦-台東,2023-05-18,9608
2615,萬海,13,0,13,富邦-台東,2023-05-18,9608
1517,利奇,10,0,10,富邦-台東,2023-05-18,9608
2233,宇隆,10,0,10,富邦-台東,2023-05-18,9608
2409,友達,10,0,10,富邦-台東,2023-05-18,9608
00885,富邦越南,9,0,9,富邦-台東,2023-05-18,9608
2498,宏達電,15,6,9,富邦-台東,2023-05-18,9608
1618,合機,8,0,8,富邦-台東,2023-05-18,9608
4979,華星光,10,2,8,富邦-台東,2023-05-18,9608
8358,金居,9,1,8,富邦-台東,2023-05-18,9608
5706,鳳凰,20,12,8,富邦-台東,2023-05-18,9608
00878,國泰永續高股息,15,7,8,富邦-台東,2023-05-18,9608
2497,怡利電,7,0,7,富邦-台東,2023-05-18,9608
1776,展宇,7,0,7,富邦-台東,2023-05-18,9608
2485,兆赫,7,0,7,富邦-台東,2023-05-18,9608
8069,元太,8,2,6,富邦-台東,2023-05-18,9608
00687B,國泰20年美債,6,0,6,富邦-台東,2023-05-18,9608
3308,聯德,6,0,6,富邦-台東,2023-05-18,9608
3701,大眾控,12,6,6,富邦-台東,2023-05-18,9608
8255,朋程,6,0,6,富邦-台東,2023-05-18,9608
4906,正文,5,0,5,富邦-台東,2023-05-18,9608
00903,富邦元宇宙,5,0,5,富邦-台東,2023-05-18,9608
00665L,富邦�琤肭磪囓�2,17,12,5,富邦-台東,2023-05-18,9608
2913,農林,5,0,5,富邦-台東,2023-05-18,9608
3029,零壹,5,0,5,富邦-台東,2023-05-18,9608
5356,協益,5,0,5,富邦-台東,2023-05-18,9608
6266,泰詠,5,0,5,富邦-台東,2023-05-18,9608
9946,三發地產,5,0,5,富邦-台東,2023-05-18,9608
1795,美時,17,12,5,富邦-台東,2023-05-18,9608
6248,沛波,4,0,4,富邦-台東,2023-05-18,9608
2603,長榮,6,2,4,富邦-台東,2023-05-18,9608
2886,兆豐金,5,1,4,富邦-台東,2023-05-18,9608
00772B,中信高評級公司債,4,0,4,富邦-台東,2023-05-18,9608
00712,復華富時不動產,4,0,4,富邦-台東,2023-05-18,9608
2801,彰銀,5,1,4,富邦-台東,2023-05-18,9608
2887,台新金,6,2,4,富邦-台東,2023-05-18,9608
3576,聯合再生,5,1,4,富邦-台東,2023-05-18,9608
3704,合勤控,11,7,4,富邦-台東,2023-05-18,9608
2421,建準,137,26,111,富邦-台東,2023-05-19,9608
1711,永光,101,1,100,富邦-台東,2023-05-19,9608
00720B,元大投資級公司債,56,0,56,富邦-台東,2023-05-19,9608
3264,欣銓,50,0,50,富邦-台東,2023-05-19,9608
00632R,元大台灣50反1,60,14,46,富邦-台東,2023-05-19,9608
00751B,元大AAA至A公司債,35,0,35,富邦-台東,2023-05-19,9608
1101,台泥,41,10,31,富邦-台東,2023-05-19,9608
00706L,期元大S＆P日圓正2,31,0,31,富邦-台東,2023-05-19,9608
2504,國產,25,0,25,富邦-台東,2023-05-19,9608
00679B,元大美債20年,24,0,24,富邦-台東,2023-05-19,9608
00637L,元大滬深300正2,20,0,20,富邦-台東,2023-05-19,9608
2645,長榮航太,20,0,20,富邦-台東,2023-05-19,9608
2836,高雄銀,20,0,20,富邦-台東,2023-05-19,9608
8163,達方,20,1,19,富邦-台東,2023-05-19,9608
6485,點序,19,2,17,富邦-台東,2023-05-19,9608
2453,凌群,16,1,15,富邦-台東,2023-05-19,9608
8069,元太,16,1,15,富邦-台東,2023-05-19,9608
00772B,中信高評級公司債,13,0,13,富邦-台東,2023-05-19,9608
3094,聯傑,12,0,12,富邦-台東,2023-05-19,9608
1504,東元,26,15,11,富邦-台東,2023-05-19,9608
4163,鐿鈦,11,1,10,富邦-台東,2023-05-19,9608
00665L,富邦�琤肭磪囓�2,10,0,10,富邦-台東,2023-05-19,9608
5608,四維航,20,10,10,富邦-台東,2023-05-19,9608
00687B,國泰20年美債,9,0,9,富邦-台東,2023-05-19,9608
2603,長榮,10,1,9,富邦-台東,2023-05-19,9608
5009,榮剛,17,8,9,富邦-台東,2023-05-19,9608
00712,復華富時不動產,8,0,8,富邦-台東,2023-05-19,9608
2388,威盛,8,0,8,富邦-台東,2023-05-19,9608
3017,奇鋐,10,2,8,富邦-台東,2023-05-19,9608
3202,樺晟,10,2,8,富邦-台東,2023-05-19,9608
4979,華星光,10,2,8,富邦-台東,2023-05-19,9608
5258,虹堡,8,0,8,富邦-台東,2023-05-19,9608
4121,優盛,7,0,7,富邦-台東,2023-05-19,9608
2886,兆豐金,11,4,7,富邦-台東,2023-05-19,9608
2457,飛宏,22,15,7,富邦-台東,2023-05-19,9608
4138,曜亞,12,6,6,富邦-台東,2023-05-19,9608
1618,合機,18,12,6,富邦-台東,2023-05-19,9608
5284,jpp-KY,8,2,6,富邦-台東,2023-05-19,9608
6741,91APP*-KY,6,0,6,富邦-台東,2023-05-19,9608
8210,勤誠,6,0,6,富邦-台東,2023-05-19,9608
00753L,中信中國50正2,5,0,5,富邦-台東,2023-05-19,9608
00674R,期元大S＆P黃金反1,5,0,5,富邦-台東,2023-05-19,9608
00713,元大台灣高息低波,5,0,5,富邦-台東,2023-05-19,9608
1611,中電,7,2,5,富邦-台東,2023-05-19,9608
1795,美時,13,8,5,富邦-台東,2023-05-19,9608
2014,中鴻,5,0,5,富邦-台東,2023-05-19,9608
2331,精英,6,1,5,富邦-台東,2023-05-19,9608
2801,彰銀,5,0,5,富邦-台東,2023-05-19,9608
2887,台新金,5,0,5,富邦-台東,2023-05-19,9608
3003,健和興,5,0,5,富邦-台東,2023-05-19,9608
6235,華孚,629,128,501,富邦-台東,2023-05-22,9608
00632R,元大台灣50反1,65,6,59,富邦-台東,2023-05-22,9608
00706L,期元大S＆P日圓正2,60,1,59,富邦-台東,2023-05-22,9608
2371,大同,45,1,44,富邦-台東,2023-05-22,9608
5381,合正,43,0,43,富邦-台東,2023-05-22,9608
2303,聯電,56,13,43,富邦-台東,2023-05-22,9608
00680L,元大美債20正2,40,0,40,富邦-台東,2023-05-22,9608
2323,中環,41,1,40,富邦-台東,2023-05-22,9608
4106,雃博,40,0,40,富邦-台東,2023-05-22,9608
00751B,元大AAA至A公司債,32,0,32,富邦-台東,2023-05-22,9608
2486,一詮,30,0,30,富邦-台東,2023-05-22,9608
00642U,期元大S＆P石油,25,0,25,富邦-台東,2023-05-22,9608
3231,緯創,29,5,24,富邦-台東,2023-05-22,9608
1514,亞力,26,4,22,富邦-台東,2023-05-22,9608
8222,寶一,146,125,21,富邦-台東,2023-05-22,9608
2352,佳世達,22,5,17,富邦-台東,2023-05-22,9608
1584,精剛,22,6,16,富邦-台東,2023-05-22,9608
3094,聯傑,20,4,16,富邦-台東,2023-05-22,9608
6244,茂迪,20,4,16,富邦-台東,2023-05-22,9608
1605,華新,20,5,15,富邦-台東,2023-05-22,9608
2645,長榮航太,15,0,15,富邦-台東,2023-05-22,9608
5324,士開,14,0,14,富邦-台東,2023-05-22,9608
5289,宜鼎,13,0,13,富邦-台東,2023-05-22,9608
00679B,元大美債20年,20,10,10,富邦-台東,2023-05-22,9608
00753L,中信中國50正2,10,0,10,富邦-台東,2023-05-22,9608
00715L,期街口布蘭特正2,10,0,10,富邦-台東,2023-05-22,9608
2233,宇隆,10,0,10,富邦-台東,2023-05-22,9608
2614,東森,10,0,10,富邦-台東,2023-05-22,9608
5452,佶優,10,0,10,富邦-台東,2023-05-22,9608
6142,友勁,10,0,10,富邦-台東,2023-05-22,9608
8011,台通,10,0,10,富邦-台東,2023-05-22,9608
00687B,國泰20年美債,8,0,8,富邦-台東,2023-05-22,9608
1618,合機,8,0,8,富邦-台東,2023-05-22,9608
2344,華邦電,10,2,8,富邦-台東,2023-05-22,9608
6167,久正,8,0,8,富邦-台東,2023-05-22,9608
8358,金居,8,0,8,富邦-台東,2023-05-22,9608
1215,卜蜂,8,1,7,富邦-台東,2023-05-22,9608
6470,宇智,11,4,7,富邦-台東,2023-05-22,9608
2025,千興,6,0,6,富邦-台東,2023-05-22,9608
2356,英業達,6,0,6,富邦-台東,2023-05-22,9608
2634,漢翔,11,5,6,富邦-台東,2023-05-22,9608
3037,欣興,9,3,6,富邦-台東,2023-05-22,9608
2379,瑞昱,5,0,5,富邦-台東,2023-05-22,9608
1337,再生-KY,5,0,5,富邦-台東,2023-05-22,9608
2324,仁寶,6,1,5,富邦-台東,2023-05-22,9608
2442,新美齊,6,1,5,富邦-台東,2023-05-22,9608
4173,久裕,7,2,5,富邦-台東,2023-05-22,9608
5871,中租-KY,5,0,5,富邦-台東,2023-05-22,9608
6697,東捷資訊,5,0,5,富邦-台東,2023-05-22,9608
8112,至上,5,0,5,富邦-台東,2023-05-22,9608
3701,大眾控,390,8,382,富邦-台東,2023-05-23,9608
00706L,期元大S＆P日圓正2,50,0,50,富邦-台東,2023-05-23,9608
00673R,期元大S＆P原油反1,30,0,30,富邦-台東,2023-05-23,9608
3094,聯傑,30,0,30,富邦-台東,2023-05-23,9608
6282,康舒,30,2,28,富邦-台東,2023-05-23,9608
00712,復華富時不動產,27,0,27,富邦-台東,2023-05-23,9608
4114,健喬,26,0,26,富邦-台東,2023-05-23,9608
00708L,期元大S＆P黃金正2,20,0,20,富邦-台東,2023-05-23,9608
00687B,國泰20年美債,20,0,20,富邦-台東,2023-05-23,9608
2486,一詮,20,0,20,富邦-台東,2023-05-23,9608
00680L,元大美債20正2,20,5,15,富邦-台東,2023-05-23,9608
2515,中工,45,30,15,富邦-台東,2023-05-23,9608
4541,晟田,2144,2131,13,富邦-台東,2023-05-23,9608
0056,元大高股息,17,4,13,富邦-台東,2023-05-23,9608
1513,中興電,15,4,11,富邦-台東,2023-05-23,9608
00751B,元大AAA至A公司債,11,0,11,富邦-台東,2023-05-23,9608
2409,友達,19,8,11,富邦-台東,2023-05-23,9608
2344,華邦電,16,6,10,富邦-台東,2023-05-23,9608
2605,新興,10,0,10,富邦-台東,2023-05-23,9608
3441,聯一光,10,0,10,富邦-台東,2023-05-23,9608
6290,良維,10,0,10,富邦-台東,2023-05-23,9608
00679B,元大美債20年,19,10,9,富邦-台東,2023-05-23,9608
2025,千興,9,0,9,富邦-台東,2023-05-23,9608
3025,星通,11,2,9,富邦-台東,2023-05-23,9608
8069,元太,9,0,9,富邦-台東,2023-05-23,9608
00665L,富邦�琤肭磪囓�2,15,7,8,富邦-台東,2023-05-23,9608
3105,穩懋,8,0,8,富邦-台東,2023-05-23,9608
00878,國泰永續高股息,7,0,7,富邦-台東,2023-05-23,9608
3481,群創,21,14,7,富邦-台東,2023-05-23,9608
1101,台泥,7,0,7,富邦-台東,2023-05-23,9608
2637,慧洋-KY,7,0,7,富邦-台東,2023-05-23,9608
00696B,富邦美債20年,6,0,6,富邦-台東,2023-05-23,9608
00713,元大台灣高息低波,6,0,6,富邦-台東,2023-05-23,9608
00795B,中信美國公債20年,6,0,6,富邦-台東,2023-05-23,9608
3058,立德,6,0,6,富邦-台東,2023-05-23,9608
4909,新復興,6,0,6,富邦-台東,2023-05-23,9608
2634,漢翔,13,8,5,富邦-台東,2023-05-23,9608
6112,邁達特,5,0,5,富邦-台東,2023-05-23,9608
1504,東元,13,8,5,富邦-台東,2023-05-23,9608
1529,樂事綠能,5,0,5,富邦-台東,2023-05-23,9608
2371,大同,5,0,5,富邦-台東,2023-05-23,9608
3044,健鼎,5,0,5,富邦-台東,2023-05-23,9608
6753,龍德造船,5,0,5,富邦-台東,2023-05-23,9608
8940,新天地,5,0,5,富邦-台東,2023-05-23,9608
8222,寶一,11,6,5,富邦-台東,2023-05-23,9608
2603,長榮,12,7,5,富邦-台東,2023-05-23,9608
00772B,中信高評級公司債,4,0,4,富邦-台東,2023-05-23,9608
00857B,永豐20年美公債,4,0,4,富邦-台東,2023-05-23,9608
1795,美時,8,4,4,富邦-台東,2023-05-23,9608
2323,中環,5,1,4,富邦-台東,2023-05-23,9608
2371,大同,78,5,73,富邦-台東,2023-05-24,9608
00673R,期元大S＆P原油反1,70,0,70,富邦-台東,2023-05-24,9608
1605,華新,40,0,40,富邦-台東,2023-05-24,9608
3596,智易,40,0,40,富邦-台東,2023-05-24,9608
4114,健喬,40,0,40,富邦-台東,2023-05-24,9608
2610,華航,39,1,38,富邦-台東,2023-05-24,9608
00679B,元大美債20年,34,1,33,富邦-台東,2023-05-24,9608
00632R,元大台灣50反1,40,8,32,富邦-台東,2023-05-24,9608
00641R,富邦日本反1,30,0,30,富邦-台東,2023-05-24,9608
2399,映泰,30,0,30,富邦-台東,2023-05-24,9608
2421,建準,30,1,29,富邦-台東,2023-05-24,9608
00878,國泰永續高股息,23,1,22,富邦-台東,2023-05-24,9608
00720B,元大投資級公司債,20,0,20,富邦-台東,2023-05-24,9608
00683L,期元大美元指正2,20,0,20,富邦-台東,2023-05-24,9608
00882,中信中國高股息,19,0,19,富邦-台東,2023-05-24,9608
2442,新美齊,22,3,19,富邦-台東,2023-05-24,9608
2312,金寶,16,0,16,富邦-台東,2023-05-24,9608
00665L,富邦�琤肭磪囓�2,28,13,15,富邦-台東,2023-05-24,9608
4163,鐿鈦,15,0,15,富邦-台東,2023-05-24,9608
8069,元太,13,0,13,富邦-台東,2023-05-24,9608
2388,威盛,12,0,12,富邦-台東,2023-05-24,9608
3704,合勤控,12,0,12,富邦-台東,2023-05-24,9608
5905,南仁湖,32,20,12,富邦-台東,2023-05-24,9608
1513,中興電,14,3,11,富邦-台東,2023-05-24,9608
2453,凌群,17,6,11,富邦-台東,2023-05-24,9608
1785,光洋科,12,2,10,富邦-台東,2023-05-24,9608
1584,精剛,12,2,10,富邦-台東,2023-05-24,9608
4977,眾達-KY,10,0,10,富邦-台東,2023-05-24,9608
5009,榮剛,10,0,10,富邦-台東,2023-05-24,9608
2618,長榮航,64,55,9,富邦-台東,2023-05-24,9608
2497,怡利電,8,0,8,富邦-台東,2023-05-24,9608
2834,臺企銀,11,3,8,富邦-台東,2023-05-24,9608
3035,智原,8,0,8,富邦-台東,2023-05-24,9608
6285,啟��,8,1,7,富邦-台東,2023-05-24,9608
6485,點序,11,4,7,富邦-台東,2023-05-24,9608
1337,再生-KY,7,1,6,富邦-台東,2023-05-24,9608
1101,台泥,7,1,6,富邦-台東,2023-05-24,9608
2881,富邦金,11,5,6,富邦-台東,2023-05-24,9608
6245,立端,6,0,6,富邦-台東,2023-05-24,9608
1453,大將,5,0,5,富邦-台東,2023-05-24,9608
2314,台揚,6,1,5,富邦-台東,2023-05-24,9608
2317,鴻海,5,0,5,富邦-台東,2023-05-24,9608
2328,廣宇,5,0,5,富邦-台東,2023-05-24,9608
5425,台半,6,1,5,富邦-台東,2023-05-24,9608
6290,良維,5,0,5,富邦-台東,2023-05-24,9608
8927,北基,6,1,5,富邦-台東,2023-05-24,9608
00772B,中信高評級公司債,4,0,4,富邦-台東,2023-05-24,9608
2368,金像電,6,2,4,富邦-台東,2023-05-24,9608
3149,正達,4,0,4,富邦-台東,2023-05-24,9608
6233,旺玖,4,0,4,富邦-台東,2023-05-24,9608
3693,營邦,915,1,914,富邦-台東,2023-05-25,9608
00673R,期元大S＆P原油反1,60,0,60,富邦-台東,2023-05-25,9608
2618,長榮航,53,17,36,富邦-台東,2023-05-25,9608
2303,聯電,46,12,34,富邦-台東,2023-05-25,9608
2371,大同,71,37,34,富邦-台東,2023-05-25,9608
2344,華邦電,49,16,33,富邦-台東,2023-05-25,9608
2801,彰銀,33,1,32,富邦-台東,2023-05-25,9608
2349,錸德,29,0,29,富邦-台東,2023-05-25,9608
00706L,期元大S＆P日圓正2,25,0,25,富邦-台東,2023-05-25,9608
00679B,元大美債20年,43,18,25,富邦-台東,2023-05-25,9608
1474,弘裕,23,0,23,富邦-台東,2023-05-25,9608
00665L,富邦�琤肭磪囓�2,22,0,22,富邦-台東,2023-05-25,9608
2059,川湖,22,1,21,富邦-台東,2023-05-25,9608
2836,高雄銀,20,0,20,富邦-台東,2023-05-25,9608
00687B,國泰20年美債,17,0,17,富邦-台東,2023-05-25,9608
00882,中信中國高股息,22,8,14,富邦-台東,2023-05-25,9608
2891,中信金,11,0,11,富邦-台東,2023-05-25,9608
00713,元大台灣高息低波,12,1,11,富邦-台東,2023-05-25,9608
00795B,中信美國公債20年,11,0,11,富邦-台東,2023-05-25,9608
2882,國泰金,11,0,11,富邦-台東,2023-05-25,9608
00757,統一FANG+,10,0,10,富邦-台東,2023-05-25,9608
1218,泰山,10,0,10,富邦-台東,2023-05-25,9608
00683L,期元大美元指正2,10,0,10,富邦-台東,2023-05-25,9608
1460,宏遠,13,3,10,富邦-台東,2023-05-25,9608
1711,永光,10,0,10,富邦-台東,2023-05-25,9608
1785,光洋科,10,0,10,富邦-台東,2023-05-25,9608
2002,中鋼,10,0,10,富邦-台東,2023-05-25,9608
2014,中鴻,10,0,10,富邦-台東,2023-05-25,9608
2356,英業達,21,11,10,富邦-台東,2023-05-25,9608
2897,王道銀行,10,0,10,富邦-台東,2023-05-25,9608
3088,艾訊,10,0,10,富邦-台東,2023-05-25,9608
5243,乙盛-KY,10,0,10,富邦-台東,2023-05-25,9608
6164,華興,11,1,10,富邦-台東,2023-05-25,9608
8227,巨有科技,10,0,10,富邦-台東,2023-05-25,9608
2706,第一店,10,0,10,富邦-台東,2023-05-25,9608
1605,華新,9,0,9,富邦-台東,2023-05-25,9608
3265,台星科,9,0,9,富邦-台東,2023-05-25,9608
6125,廣運,11,2,9,富邦-台東,2023-05-25,9608
6485,點序,15,6,9,富邦-台東,2023-05-25,9608
2630,亞航,22,14,8,富邦-台東,2023-05-25,9608
00720B,元大投資級公司債,8,0,8,富邦-台東,2023-05-25,9608
1519,華城,24,16,8,富邦-台東,2023-05-25,9608
6148,驊宏資,13,5,8,富邦-台東,2023-05-25,9608
2883,凱基金,7,0,7,富邦-台東,2023-05-25,9608
2412,中華電,7,0,7,富邦-台東,2023-05-25,9608
2605,新興,7,0,7,富邦-台東,2023-05-25,9608
3163,波若威,8,1,7,富邦-台東,2023-05-25,9608
8940,新天地,7,0,7,富邦-台東,2023-05-25,9608
5425,台半,6,0,6,富邦-台東,2023-05-25,9608
1310,台苯,7,1,6,富邦-台東,2023-05-25,9608
00673R,期元大S＆P原油反1,90,0,90,富邦-台東,2023-05-26,9608
1609,大亞,58,0,58,富邦-台東,2023-05-26,9608
00632R,元大台灣50反1,63,16,47,富邦-台東,2023-05-26,9608
2323,中環,2455,2411,44,富邦-台東,2023-05-26,9608
00706L,期元大S＆P日圓正2,40,0,40,富邦-台東,2023-05-26,9608
2301,光寶科,33,1,32,富邦-台東,2023-05-26,9608
2618,長榮航,44,19,25,富邦-台東,2023-05-26,9608
2884,玉山金,21,0,21,富邦-台東,2023-05-26,9608
00851,台新全球AI,20,0,20,富邦-台東,2023-05-26,9608
00683L,期元大美元指正2,20,0,20,富邦-台東,2023-05-26,9608
2891,中信金,20,1,19,富邦-台東,2023-05-26,9608
2836,高雄銀,20,1,19,富邦-台東,2023-05-26,9608
1474,弘裕,18,0,18,富邦-台東,2023-05-26,9608
2892,第一金,17,0,17,富邦-台東,2023-05-26,9608
3052,夆典,16,0,16,富邦-台東,2023-05-26,9608
5706,鳳凰,20,5,15,富邦-台東,2023-05-26,9608
00712,復華富時不動產,14,0,14,富邦-台東,2023-05-26,9608
00882,中信中國高股息,14,0,14,富邦-台東,2023-05-26,9608
6446,藥華藥,19,5,14,富邦-台東,2023-05-26,9608
2106,建大,13,0,13,富邦-台東,2023-05-26,9608
2882,國泰金,12,0,12,富邦-台東,2023-05-26,9608
2014,中鴻,13,1,12,富邦-台東,2023-05-26,9608
5301,寶得利,12,0,12,富邦-台東,2023-05-26,9608
1611,中電,11,0,11,富邦-台東,2023-05-26,9608
6125,廣運,11,0,11,富邦-台東,2023-05-26,9608
00680L,元大美債20正2,10,0,10,富邦-台東,2023-05-26,9608
00895,富邦未來車,10,0,10,富邦-台東,2023-05-26,9608
1504,東元,11,1,10,富邦-台東,2023-05-26,9608
2637,慧洋-KY,10,0,10,富邦-台東,2023-05-26,9608
2913,農林,10,0,10,富邦-台東,2023-05-26,9608
3481,群創,16,6,10,富邦-台東,2023-05-26,9608
5876,上海商銀,10,0,10,富邦-台東,2023-05-26,9608
6244,茂迪,10,0,10,富邦-台東,2023-05-26,9608
9945,潤泰新,10,0,10,富邦-台東,2023-05-26,9608
2027,大成鋼,10,1,9,富邦-台東,2023-05-26,9608
2313,華通,11,2,9,富邦-台東,2023-05-26,9608
2634,漢翔,11,2,9,富邦-台東,2023-05-26,9608
2609,陽明,7,0,7,富邦-台東,2023-05-26,9608
2412,中華電,7,0,7,富邦-台東,2023-05-26,9608
00907,永豐優息存股,7,0,7,富邦-台東,2023-05-26,9608
3236,千如,7,0,7,富邦-台東,2023-05-26,9608
00687B,國泰20年美債,6,0,6,富邦-台東,2023-05-26,9608
1101,台泥,6,0,6,富邦-台東,2023-05-26,9608
1460,宏遠,8,2,6,富邦-台東,2023-05-26,9608
2317,鴻海,6,0,6,富邦-台東,2023-05-26,9608
2492,華新科,6,0,6,富邦-台東,2023-05-26,9608
3013,晟銘電,6,0,6,富邦-台東,2023-05-26,9608
5452,佶優,6,0,6,富邦-台東,2023-05-26,9608
5469,瀚宇博,6,0,6,富邦-台東,2023-05-26,9608
8069,元太,15,9,6,富邦-台東,2023-05-26,9608
1609,大亞,150,1,149,富邦-台東,2023-05-29,9608
1608,華榮,86,2,84,富邦-台東,2023-05-29,9608
00673R,期元大S＆P原油反1,80,0,80,富邦-台東,2023-05-29,9608
2303,聯電,68,17,51,富邦-台東,2023-05-29,9608
00687B,國泰20年美債,37,0,37,富邦-台東,2023-05-29,9608
0056,元大高股息,35,8,27,富邦-台東,2023-05-29,9608
00706L,期元大S＆P日圓正2,41,20,21,富邦-台東,2023-05-29,9608
00882,中信中國高股息,29,12,17,富邦-台東,2023-05-29,9608
5880,合庫金,13,0,13,富邦-台東,2023-05-29,9608
00772B,中信高評級公司債,12,0,12,富邦-台東,2023-05-29,9608
00892,富邦台灣半導體,12,0,12,富邦-台東,2023-05-29,9608
3037,欣興,22,10,12,富邦-台東,2023-05-29,9608
2603,長榮,21,9,12,富邦-台東,2023-05-29,9608
1584,精剛,11,0,11,富邦-台東,2023-05-29,9608
00632R,元大台灣50反1,14,4,10,富邦-台東,2023-05-29,9608
00720B,元大投資級公司債,10,0,10,富邦-台東,2023-05-29,9608
2338,光罩,10,0,10,富邦-台東,2023-05-29,9608
6182,合晶,10,0,10,富邦-台東,2023-05-29,9608
00696B,富邦美債20年,8,0,8,富邦-台東,2023-05-29,9608
00679B,元大美債20年,8,0,8,富邦-台東,2023-05-29,9608
3105,穩懋,8,0,8,富邦-台東,2023-05-29,9608
6148,驊宏資,8,0,8,富邦-台東,2023-05-29,9608
3044,健鼎,6,0,6,富邦-台東,2023-05-29,9608
6125,廣運,13,7,6,富邦-台東,2023-05-29,9608
2376,技嘉,13,7,6,富邦-台東,2023-05-29,9608
1314,中石化,5,0,5,富邦-台東,2023-05-29,9608
1560,中砂,5,0,5,富邦-台東,2023-05-29,9608
2412,中華電,5,0,5,富邦-台東,2023-05-29,9608
2630,亞航,5,0,5,富邦-台東,2023-05-29,9608
3673,TPK-KY,5,0,5,富邦-台東,2023-05-29,9608
4440,宜新實業,5,0,5,富邦-台東,2023-05-29,9608
00665L,富邦�琤肭磪囓�2,18,14,4,富邦-台東,2023-05-29,9608
8069,元太,4,0,4,富邦-台東,2023-05-29,9608
00894,中信小資高價30,10,6,4,富邦-台東,2023-05-29,9608
1220,台榮,4,0,4,富邦-台東,2023-05-29,9608
1528,恩德,6,2,4,富邦-台東,2023-05-29,9608
4763,材料-KY,4,0,4,富邦-台東,2023-05-29,9608
6550,北極星藥業-KY,4,0,4,富邦-台東,2023-05-29,9608
2324,仁寶,12,8,4,富邦-台東,2023-05-29,9608
3045,台灣大,3,0,3,富邦-台東,2023-05-29,9608
00675L,富邦臺灣加權正2,3,0,3,富邦-台東,2023-05-29,9608
00891,中信關鍵半導體,3,0,3,富邦-台東,2023-05-29,9608
00725B,國泰投資級公司債,3,0,3,富邦-台東,2023-05-29,9608
00857B,永豐20年美公債,3,0,3,富邦-台東,2023-05-29,9608
1514,亞力,3,0,3,富邦-台東,2023-05-29,9608
1708,東鹼,3,0,3,富邦-台東,2023-05-29,9608
2408,南亞科,3,0,3,富邦-台東,2023-05-29,9608
3015,全漢,3,0,3,富邦-台東,2023-05-29,9608
3025,星通,32,29,3,富邦-台東,2023-05-29,9608
3218,大學光,3,0,3,富邦-台東,2023-05-29,9608
6125,廣運,69,11,58,富邦-台東,2023-05-30,9608
2365,昆盈,50,0,50,富邦-台東,2023-05-30,9608
1608,華榮,37,1,36,富邦-台東,2023-05-30,9608
00715L,期街口布蘭特正2,30,0,30,富邦-台東,2023-05-30,9608
3038,全台,33,9,24,富邦-台東,2023-05-30,9608
3481,群創,23,0,23,富邦-台東,2023-05-30,9608
5498,凱崴,24,1,23,富邦-台東,2023-05-30,9608
2449,京元電子,26,5,21,富邦-台東,2023-05-30,9608
2371,大同,52,32,20,富邦-台東,2023-05-30,9608
00708L,期元大S＆P黃金正2,20,0,20,富邦-台東,2023-05-30,9608
1905,華紙,21,1,20,富邦-台東,2023-05-30,9608
2734,易飛網,20,0,20,富邦-台東,2023-05-30,9608
2324,仁寶,26,9,17,富邦-台東,2023-05-30,9608
2388,威盛,14,0,14,富邦-台東,2023-05-30,9608
2883,凱基金,21,9,12,富邦-台東,2023-05-30,9608
6485,點序,12,0,12,富邦-台東,2023-05-30,9608
1316,上曜,10,0,10,富邦-台東,2023-05-30,9608
2423,固緯,10,0,10,富邦-台東,2023-05-30,9608
3645,達邁,10,0,10,富邦-台東,2023-05-30,9608
5328,華容,10,0,10,富邦-台東,2023-05-30,9608
6109,亞元,10,0,10,富邦-台東,2023-05-30,9608
4906,正文,10,1,9,富邦-台東,2023-05-30,9608
00878,國泰永續高股息,11,2,9,富邦-台東,2023-05-30,9608
00882,中信中國高股息,8,0,8,富邦-台東,2023-05-30,9608
3576,聯合再生,8,0,8,富邦-台東,2023-05-30,9608
8033,雷虎,8,0,8,富邦-台東,2023-05-30,9608
00632R,元大台灣50反1,11,4,7,富邦-台東,2023-05-30,9608
2801,彰銀,7,0,7,富邦-台東,2023-05-30,9608
2913,農林,7,0,7,富邦-台東,2023-05-30,9608
2834,臺企銀,6,0,6,富邦-台東,2023-05-30,9608
3034,聯詠,6,0,6,富邦-台東,2023-05-30,9608
3078,僑威,6,0,6,富邦-台東,2023-05-30,9608
6234,高僑,6,0,6,富邦-台東,2023-05-30,9608
6235,華孚,50,44,6,富邦-台東,2023-05-30,9608
6446,藥華藥,7,1,6,富邦-台東,2023-05-30,9608
8222,寶一,6,0,6,富邦-台東,2023-05-30,9608
3013,晟銘電,12,6,6,富邦-台東,2023-05-30,9608
1806,冠軍,5,0,5,富邦-台東,2023-05-30,9608
2615,萬海,5,0,5,富邦-台東,2023-05-30,9608
4747,強生,10,5,5,富邦-台東,2023-05-30,9608
6218,豪勉,5,0,5,富邦-台東,2023-05-30,9608
8234,新漢,5,0,5,富邦-台東,2023-05-30,9608
8418,捷必勝-KY,6,1,5,富邦-台東,2023-05-30,9608
1605,華新,5,0,5,富邦-台東,2023-05-30,9608
8099,大世科,5,1,4,富邦-台東,2023-05-30,9608
00687B,國泰20年美債,4,0,4,富邦-台東,2023-05-30,9608
2379,瑞昱,4,0,4,富邦-台東,2023-05-30,9608
2412,中華電,4,0,4,富邦-台東,2023-05-30,9608
3025,星通,7,3,4,富邦-台東,2023-05-30,9608
3260,威剛,5,1,4,富邦-台東,2023-05-30,9608
00715L,期街口布蘭特正2,67,6,61,富邦-台東,2023-05-31,9608
1472,三洋實業,42,0,42,富邦-台東,2023-05-31,9608
6125,廣運,35,0,35,富邦-台東,2023-05-31,9608
3693,營邦,31,2,29,富邦-台東,2023-05-31,9608
4927,泰鼎-KY,20,0,20,富邦-台東,2023-05-31,9608
00882,中信中國高股息,15,0,15,富邦-台東,2023-05-31,9608
1337,再生-KY,15,0,15,富邦-台東,2023-05-31,9608
2801,彰銀,13,0,13,富邦-台東,2023-05-31,9608
6182,合晶,13,0,13,富邦-台東,2023-05-31,9608
2382,廣達,34,21,13,富邦-台東,2023-05-31,9608
00896,中信綠能及電動車,11,0,11,富邦-台東,2023-05-31,9608
2409,友達,21,10,11,富邦-台東,2023-05-31,9608
3231,緯創,27,16,11,富邦-台東,2023-05-31,9608
1316,上曜,10,0,10,富邦-台東,2023-05-31,9608
2349,錸德,10,0,10,富邦-台東,2023-05-31,9608
2705,六福,10,0,10,富邦-台東,2023-05-31,9608
5009,榮剛,10,0,10,富邦-台東,2023-05-31,9608
6244,茂迪,10,0,10,富邦-台東,2023-05-31,9608
1101,台泥,10,0,10,富邦-台東,2023-05-31,9608
0056,元大高股息,9,0,9,富邦-台東,2023-05-31,9608
00642U,期元大S＆P石油,9,0,9,富邦-台東,2023-05-31,9608
2834,臺企銀,8,0,8,富邦-台東,2023-05-31,9608
3035,智原,7,0,7,富邦-台東,2023-05-31,9608
00673R,期元大S＆P原油反1,6,0,6,富邦-台東,2023-05-31,9608
00725B,國泰投資級公司債,6,0,6,富邦-台東,2023-05-31,9608
1904,正隆,6,0,6,富邦-台東,2023-05-31,9608
3058,立德,6,0,6,富邦-台東,2023-05-31,9608
5347,世界,6,0,6,富邦-台東,2023-05-31,9608
2412,中華電,5,0,5,富邦-台東,2023-05-31,9608
2603,長榮,5,0,5,富邦-台東,2023-05-31,9608
1608,華榮,5,0,5,富邦-台東,2023-05-31,9608
2867,三商壽,5,0,5,富邦-台東,2023-05-31,9608
6187,萬潤,5,0,5,富邦-台東,2023-05-31,9608
6188,廣明,10,5,5,富邦-台東,2023-05-31,9608
8222,寶一,5,0,5,富邦-台東,2023-05-31,9608
1905,華紙,6,2,4,富邦-台東,2023-05-31,9608
2356,英業達,9,5,4,富邦-台東,2023-05-31,9608
2401,凌陽,5,1,4,富邦-台東,2023-05-31,9608
2458,義隆,4,0,4,富邦-台東,2023-05-31,9608
4915,致伸,10,6,4,富邦-台東,2023-05-31,9608
5227,立凱-KY,4,0,4,富邦-台東,2023-05-31,9608
8255,朋程,4,0,4,富邦-台東,2023-05-31,9608
2002,中鋼,3,0,3,富邦-台東,2023-05-31,9608
00687B,國泰20年美債,3,0,3,富邦-台東,2023-05-31,9608
2340,台亞,3,0,3,富邦-台東,2023-05-31,9608
2352,佳世達,12,9,3,富邦-台東,2023-05-31,9608
2748,雲品,3,0,3,富邦-台東,2023-05-31,9608
3037,欣興,13,10,3,富邦-台東,2023-05-31,9608
3308,聯德,3,0,3,富邦-台東,2023-05-31,9608
3624,光頡,3,0,3,富邦-台東,2023-05-31,9608
6733,博晟生醫,1157,0,1157,富邦-台東,2023-06-01,9608
1609,大亞,110,0,110,富邦-台東,2023-06-01,9608
00642U,期元大S＆P石油,94,0,94,富邦-台東,2023-06-01,9608
2303,聯電,67,5,62,富邦-台東,2023-06-01,9608
00715L,期街口布蘭特正2,52,0,52,富邦-台東,2023-06-01,9608
1472,三洋實業,46,0,46,富邦-台東,2023-06-01,9608
2352,佳世達,34,0,34,富邦-台東,2023-06-01,9608
2630,亞航,43,15,28,富邦-台東,2023-06-01,9608
00687B,國泰20年美債,27,0,27,富邦-台東,2023-06-01,9608
6125,廣運,22,1,21,富邦-台東,2023-06-01,9608
2836,高雄銀,20,0,20,富邦-台東,2023-06-01,9608
00720B,元大投資級公司債,17,0,17,富邦-台東,2023-06-01,9608
00725B,國泰投資級公司債,15,0,15,富邦-台東,2023-06-01,9608
3078,僑威,20,5,15,富邦-台東,2023-06-01,9608
3013,晟銘電,21,7,14,富邦-台東,2023-06-01,9608
1605,華新,13,0,13,富邦-台東,2023-06-01,9608
6282,康舒,19,7,12,富邦-台東,2023-06-01,9608
00882,中信中國高股息,12,0,12,富邦-台東,2023-06-01,9608
6485,點序,12,0,12,富邦-台東,2023-06-01,9608
2369,菱生,11,0,11,富邦-台東,2023-06-01,9608
6443,元晶,10,0,10,富邦-台東,2023-06-01,9608
6589,台康生技,10,0,10,富邦-台東,2023-06-01,9608
2734,易飛網,12,3,9,富邦-台東,2023-06-01,9608
2328,廣宇,16,9,7,富邦-台東,2023-06-01,9608
6122,擎邦,7,0,7,富邦-台東,2023-06-01,9608
4919,新唐,7,0,7,富邦-台東,2023-06-01,9608
3260,威剛,22,16,6,富邦-台東,2023-06-01,9608
00922,國泰台灣領袖50,10,4,6,富邦-台東,2023-06-01,9608
3289,宜特,6,0,6,富邦-台東,2023-06-01,9608
6111,大宇資,8,2,6,富邦-台東,2023-06-01,9608
8054,安國,6,0,6,富邦-台東,2023-06-01,9608
8271,宇瞻,8,2,6,富邦-台東,2023-06-01,9608
2376,技嘉,6,1,5,富邦-台東,2023-06-01,9608
2401,凌陽,5,0,5,富邦-台東,2023-06-01,9608
2461,光群雷,5,0,5,富邦-台東,2023-06-01,9608
2476,鉅祥,5,0,5,富邦-台東,2023-06-01,9608
3058,立德,6,1,5,富邦-台東,2023-06-01,9608
3346,麗清,5,0,5,富邦-台東,2023-06-01,9608
3483,力致,5,0,5,富邦-台東,2023-06-01,9608
4995,晶達,5,0,5,富邦-台東,2023-06-01,9608
5498,凱崴,6,1,5,富邦-台東,2023-06-01,9608
8924,大田,5,0,5,富邦-台東,2023-06-01,9608
9919,康那香,5,0,5,富邦-台東,2023-06-01,9608
00893,國泰智能電動車,14,10,4,富邦-台東,2023-06-01,9608
1904,正隆,5,1,4,富邦-台東,2023-06-01,9608
2105,正新,4,0,4,富邦-台東,2023-06-01,9608
2402,毅嘉,6,2,4,富邦-台東,2023-06-01,9608
2427,三商電,4,0,4,富邦-台東,2023-06-01,9608
4564,元翎,14,10,4,富邦-台東,2023-06-01,9608
4909,新復興,4,0,4,富邦-台東,2023-06-01,9608
1609,大亞,356,11,345,富邦-台東,2023-06-02,9608
00878,國泰永續高股息,130,12,118,富邦-台東,2023-06-02,9608
00712,復華富時不動產,89,0,89,富邦-台東,2023-06-02,9608
1905,華紙,91,31,60,富邦-台東,2023-06-02,9608
00674R,期元大S＆P黃金反1,40,0,40,富邦-台東,2023-06-02,9608
4743,合一,32,1,31,富邦-台東,2023-06-02,9608
3236,千如,30,0,30,富邦-台東,2023-06-02,9608
1472,三洋實業,27,0,27,富邦-台東,2023-06-02,9608
2371,大同,42,18,24,富邦-台東,2023-06-02,9608
2489,瑞軒,28,5,23,富邦-台東,2023-06-02,9608
2633,台灣高鐵,20,0,20,富邦-台東,2023-06-02,9608
3707,漢磊,20,0,20,富邦-台東,2023-06-02,9608
6290,良維,20,0,20,富邦-台東,2023-06-02,9608
2913,農林,20,3,17,富邦-台東,2023-06-02,9608
00679B,元大美債20年,16,0,16,富邦-台東,2023-06-02,9608
2836,高雄銀,20,4,16,富邦-台東,2023-06-02,9608
3715,定穎投控,16,0,16,富邦-台東,2023-06-02,9608
00683L,期元大美元指正2,15,0,15,富邦-台東,2023-06-02,9608
2834,臺企銀,17,3,14,富邦-台東,2023-06-02,9608
4543,萬在,15,3,12,富邦-台東,2023-06-02,9608
00713,元大台灣高息低波,12,0,12,富邦-台東,2023-06-02,9608
2883,凱基金,17,5,12,富邦-台東,2023-06-02,9608
1605,華新,11,0,11,富邦-台東,2023-06-02,9608
2399,映泰,11,0,11,富邦-台東,2023-06-02,9608
2645,長榮航太,10,0,10,富邦-台東,2023-06-02,9608
3591,艾笛森,10,0,10,富邦-台東,2023-06-02,9608
4123,晟德,10,0,10,富邦-台東,2023-06-02,9608
3265,台星科,9,0,9,富邦-台東,2023-06-02,9608
3532,台勝科,10,1,9,富邦-台東,2023-06-02,9608
5328,華容,9,0,9,富邦-台東,2023-06-02,9608
8038,長園科,9,0,9,富邦-台東,2023-06-02,9608
1727,中華化,10,2,8,富邦-台東,2023-06-02,9608
00772B,中信高評級公司債,7,0,7,富邦-台東,2023-06-02,9608
00725B,國泰投資級公司債,7,0,7,富邦-台東,2023-06-02,9608
2421,建準,7,0,7,富邦-台東,2023-06-02,9608
2892,第一金,7,0,7,富邦-台東,2023-06-02,9608
5301,寶得利,7,0,7,富邦-台東,2023-06-02,9608
4163,鐿鈦,6,0,6,富邦-台東,2023-06-02,9608
00675L,富邦臺灣加權正2,6,0,6,富邦-台東,2023-06-02,9608
1702,南僑,6,0,6,富邦-台東,2023-06-02,9608
1717,長興,7,1,6,富邦-台東,2023-06-02,9608
2610,華航,31,25,6,富邦-台東,2023-06-02,9608
4164,承業醫,6,0,6,富邦-台東,2023-06-02,9608
4915,致伸,16,10,6,富邦-台東,2023-06-02,9608
5312,寶島科,6,0,6,富邦-台東,2023-06-02,9608
6811,宏�硌穈T,11,5,6,富邦-台東,2023-06-02,9608
2457,飛宏,26,20,6,富邦-台東,2023-06-02,9608
2614,東森,5,0,5,富邦-台東,2023-06-02,9608
00687B,國泰20年美債,5,0,5,富邦-台東,2023-06-02,9608
1522,堤維西,5,0,5,富邦-台東,2023-06-02,9608
1609,大亞,5715,33,5682,富邦-台東,2023-06-05,9608
4726,永昕,50,1,49,富邦-台東,2023-06-05,9608
00679B,元大美債20年,44,0,44,富邦-台東,2023-06-05,9608
1810,和成,41,2,39,富邦-台東,2023-06-05,9608
2371,大同,41,7,34,富邦-台東,2023-06-05,9608
00687B,國泰20年美債,31,0,31,富邦-台東,2023-06-05,9608
4906,正文,35,7,28,富邦-台東,2023-06-05,9608
2353,宏��,40,12,28,富邦-台東,2023-06-05,9608
0056,元大高股息,30,4,26,富邦-台東,2023-06-05,9608
2323,中環,56,30,26,富邦-台東,2023-06-05,9608
00688L,國泰20年美債正2,25,0,25,富邦-台東,2023-06-05,9608
00882,中信中國高股息,22,0,22,富邦-台東,2023-06-05,9608
00673R,期元大S＆P原油反1,20,0,20,富邦-台東,2023-06-05,9608
6116,彩晶,47,27,20,富邦-台東,2023-06-05,9608
2303,聯電,19,0,19,富邦-台東,2023-06-05,9608
5608,四維航,16,0,16,富邦-台東,2023-06-05,9608
3231,緯創,31,16,15,富邦-台東,2023-06-05,9608
2312,金寶,14,1,13,富邦-台東,2023-06-05,9608
2104,國際中橡,12,1,11,富邦-台東,2023-06-05,9608
3046,建��,12,1,11,富邦-台東,2023-06-05,9608
2399,映泰,11,0,11,富邦-台東,2023-06-05,9608
5258,虹堡,10,0,10,富邦-台東,2023-06-05,9608
0055,元大MSCI金融,10,0,10,富邦-台東,2023-06-05,9608
1471,首利,10,0,10,富邦-台東,2023-06-05,9608
3236,千如,20,10,10,富邦-台東,2023-06-05,9608
2891,中信金,10,0,10,富邦-台東,2023-06-05,9608
2382,廣達,9,0,9,富邦-台東,2023-06-05,9608
6188,廣明,9,0,9,富邦-台東,2023-06-05,9608
2317,鴻海,10,2,8,富邦-台東,2023-06-05,9608
00712,復華富時不動產,8,1,7,富邦-台東,2023-06-05,9608
1905,華紙,11,4,7,富邦-台東,2023-06-05,9608
2609,陽明,7,0,7,富邦-台東,2023-06-05,9608
4938,和碩,12,5,7,富邦-台東,2023-06-05,9608
3706,神達,14,7,7,富邦-台東,2023-06-05,9608
1795,美時,11,5,6,富邦-台東,2023-06-05,9608
00924,復華S＆P500成長,6,0,6,富邦-台東,2023-06-05,9608
6282,康舒,17,11,6,富邦-台東,2023-06-05,9608
6190,萬泰科,6,0,6,富邦-台東,2023-06-05,9608
6214,精誠,976,971,5,富邦-台東,2023-06-05,9608
00751B,元大AAA至A公司債,5,0,5,富邦-台東,2023-06-05,9608
00919,群益台灣精選高息,5,0,5,富邦-台東,2023-06-05,9608
1514,亞力,16,11,5,富邦-台東,2023-06-05,9608
3083,網龍,5,0,5,富邦-台東,2023-06-05,9608
3521,鴻翊,5,0,5,富邦-台東,2023-06-05,9608
4108,懷特,5,0,5,富邦-台東,2023-06-05,9608
4564,元翎,5,0,5,富邦-台東,2023-06-05,9608
4916,事欣科,9,4,5,富邦-台東,2023-06-05,9608
4967,十銓,5,0,5,富邦-台東,2023-06-05,9608
6770,力積電,5,0,5,富邦-台東,2023-06-05,9608
8027,鈦昇,5,0,5,富邦-台東,2023-06-05,9608
3481,群創,92,17,75,富邦-台東,2023-06-06,9608
1512,瑞利,60,0,60,富邦-台東,2023-06-06,9608
0056,元大高股息,52,5,47,富邦-台東,2023-06-06,9608
2402,毅嘉,59,13,46,富邦-台東,2023-06-06,9608
2371,大同,53,8,45,富邦-台東,2023-06-06,9608
00679B,元大美債20年,42,0,42,富邦-台東,2023-06-06,9608
00715L,期街口布蘭特正2,28,0,28,富邦-台東,2023-06-06,9608
2014,中鴻,21,0,21,富邦-台東,2023-06-06,9608
4906,正文,23,3,20,富邦-台東,2023-06-06,9608
3594,磐儀,20,0,20,富邦-台東,2023-06-06,9608
1717,長興,20,0,20,富邦-台東,2023-06-06,9608
6173,信昌電,19,0,19,富邦-台東,2023-06-06,9608
6235,華孚,96,82,14,富邦-台東,2023-06-06,9608
00632R,元大台灣50反1,14,0,14,富邦-台東,2023-06-06,9608
00878,國泰永續高股息,16,3,13,富邦-台東,2023-06-06,9608
6282,康舒,29,16,13,富邦-台東,2023-06-06,9608
6125,廣運,32,20,12,富邦-台東,2023-06-06,9608
00900,富邦特選高股息30,10,0,10,富邦-台東,2023-06-06,9608
1907,永豐餘,10,0,10,富邦-台東,2023-06-06,9608
3037,欣興,10,0,10,富邦-台東,2023-06-06,9608
6122,擎邦,10,0,10,富邦-台東,2023-06-06,9608
6485,點序,11,1,10,富邦-台東,2023-06-06,9608
2634,漢翔,11,2,9,富邦-台東,2023-06-06,9608
2303,聯電,10,1,9,富邦-台東,2023-06-06,9608
00712,復華富時不動產,9,0,9,富邦-台東,2023-06-06,9608
8215,明基材,9,0,9,富邦-台東,2023-06-06,9608
1584,精剛,12,3,9,富邦-台東,2023-06-06,9608
00885,富邦越南,10,2,8,富邦-台東,2023-06-06,9608
6233,旺玖,8,0,8,富邦-台東,2023-06-06,9608
00706L,期元大S＆P日圓正2,7,0,7,富邦-台東,2023-06-06,9608
1104,環泥,7,0,7,富邦-台東,2023-06-06,9608
2457,飛宏,13,6,7,富邦-台東,2023-06-06,9608
5531,鄉林,13,6,7,富邦-台東,2023-06-06,9608
3706,神達,7,0,7,富邦-台東,2023-06-06,9608
2331,精英,6,0,6,富邦-台東,2023-06-06,9608
1337,再生-KY,6,0,6,富邦-台東,2023-06-06,9608
00683L,期元大美元指正2,6,0,6,富邦-台東,2023-06-06,9608
5371,中光電,6,0,6,富邦-台東,2023-06-06,9608
6015,宏遠證,6,0,6,富邦-台東,2023-06-06,9608
2887,台新金,5,0,5,富邦-台東,2023-06-06,9608
00713,元大台灣高息低波,5,0,5,富邦-台東,2023-06-06,9608
6188,廣明,7,2,5,富邦-台東,2023-06-06,9608
1460,宏遠,5,0,5,富邦-台東,2023-06-06,9608
1471,首利,5,0,5,富邦-台東,2023-06-06,9608
1727,中華化,5,0,5,富邦-台東,2023-06-06,9608
2736,富野,5,0,5,富邦-台東,2023-06-06,9608
3025,星通,7,2,5,富邦-台東,2023-06-06,9608
3028,增你強,5,0,5,富邦-台東,2023-06-06,9608
5324,士開,5,0,5,富邦-台東,2023-06-06,9608
8403,盛弘,5,0,5,富邦-台東,2023-06-06,9608
6274,台燿,1695,866,829,富邦-台東,2023-06-07,9608
00715L,期街口布蘭特正2,392,0,392,富邦-台東,2023-06-07,9608
00632R,元大台灣50反1,77,16,61,富邦-台東,2023-06-07,9608
2371,大同,41,2,39,富邦-台東,2023-06-07,9608
00676R,富邦臺灣加權反1,37,0,37,富邦-台東,2023-06-07,9608
8936,國統,35,0,35,富邦-台東,2023-06-07,9608
2323,中環,56,26,30,富邦-台東,2023-06-07,9608
2618,長榮航,36,11,25,富邦-台東,2023-06-07,9608
6125,廣運,24,1,23,富邦-台東,2023-06-07,9608
1444,力麗,22,0,22,富邦-台東,2023-06-07,9608
6153,嘉聯益,20,0,20,富邦-台東,2023-06-07,9608
6541,泰福-KY,20,0,20,富邦-台東,2023-06-07,9608
5443,均豪,13,0,13,富邦-台東,2023-06-07,9608
1618,合機,15,2,13,富邦-台東,2023-06-07,9608
6282,康舒,25,12,13,富邦-台東,2023-06-07,9608
2356,英業達,13,1,12,富邦-台東,2023-06-07,9608
2399,映泰,22,11,11,富邦-台東,2023-06-07,9608
8358,金居,11,0,11,富邦-台東,2023-06-07,9608
6244,茂迪,10,0,10,富邦-台東,2023-06-07,9608
00665L,富邦�琤肭磪囓�2,10,0,10,富邦-台東,2023-06-07,9608
2889,國票金,10,0,10,富邦-台東,2023-06-07,9608
3236,千如,10,0,10,富邦-台東,2023-06-07,9608
6174,安��,10,0,10,富邦-台東,2023-06-07,9608
8150,南茂,10,0,10,富邦-台東,2023-06-07,9608
8916,光隆,10,0,10,富邦-台東,2023-06-07,9608
00885,富邦越南,13,4,9,富邦-台東,2023-06-07,9608
2329,華泰,10,3,7,富邦-台東,2023-06-07,9608
2484,希華,7,0,7,富邦-台東,2023-06-07,9608
2610,華航,11,5,6,富邦-台東,2023-06-07,9608
2347,聯強,6,0,6,富邦-台東,2023-06-07,9608
2615,萬海,6,0,6,富邦-台東,2023-06-07,9608
00878,國泰永續高股息,6,1,5,富邦-台東,2023-06-07,9608
6414,樺漢,5,0,5,富邦-台東,2023-06-07,9608
00712,復華富時不動產,5,0,5,富邦-台東,2023-06-07,9608
1471,首利,5,0,5,富邦-台東,2023-06-07,9608
2031,新光鋼,5,0,5,富邦-台東,2023-06-07,9608
2313,華通,6,1,5,富邦-台東,2023-06-07,9608
2353,宏��,6,1,5,富邦-台東,2023-06-07,9608
3576,聯合再生,5,0,5,富邦-台東,2023-06-07,9608
4167,松瑞藥,5,0,5,富邦-台東,2023-06-07,9608
6112,邁達特,5,0,5,富邦-台東,2023-06-07,9608
6190,萬泰科,6,1,5,富邦-台東,2023-06-07,9608
8059,凱碩,5,0,5,富邦-台東,2023-06-07,9608
00888,永豐台灣ESG,5,0,5,富邦-台東,2023-06-07,9608
00679B,元大美債20年,4,0,4,富邦-台東,2023-06-07,9608
00927,群益半導體收益,4,0,4,富邦-台東,2023-06-07,9608
1785,光洋科,5,1,4,富邦-台東,2023-06-07,9608
2883B,凱基金乙特,4,0,4,富邦-台東,2023-06-07,9608
3044,健鼎,4,0,4,富邦-台東,2023-06-07,9608
5706,鳳凰,22,18,4,富邦-台東,2023-06-07,9608
00706L,期元大S＆P日圓正2,80,0,80,富邦-台東,2023-06-08,9608
00878,國泰永續高股息,51,3,48,富邦-台東,2023-06-08,9608
3037,欣興,51,6,45,富邦-台東,2023-06-08,9608
00679B,元大美債20年,41,0,41,富邦-台東,2023-06-08,9608
2888,新光金,44,4,40,富邦-台東,2023-06-08,9608
2323,中環,39,7,32,富邦-台東,2023-06-08,9608
4906,正文,26,1,25,富邦-台東,2023-06-08,9608
1605,華新,24,1,23,富邦-台東,2023-06-08,9608
6125,廣運,28,7,21,富邦-台東,2023-06-08,9608
00687B,國泰20年美債,22,2,20,富邦-台東,2023-06-08,9608
3025,星通,24,4,20,富邦-台東,2023-06-08,9608
6535,順藥,20,0,20,富邦-台東,2023-06-08,9608
6485,點序,19,0,19,富邦-台東,2023-06-08,9608
2610,華航,24,6,18,富邦-台東,2023-06-08,9608
1513,中興電,23,6,17,富邦-台東,2023-06-08,9608
00772B,中信高評級公司債,16,0,16,富邦-台東,2023-06-08,9608
2344,華邦電,17,1,16,富邦-台東,2023-06-08,9608
6233,旺玖,16,0,16,富邦-台東,2023-06-08,9608
3380,明泰,15,0,15,富邦-台東,2023-06-08,9608
00751B,元大AAA至A公司債,15,0,15,富邦-台東,2023-06-08,9608
2882,國泰金,14,0,14,富邦-台東,2023-06-08,9608
2734,易飛網,13,1,12,富邦-台東,2023-06-08,9608
00919,群益台灣精選高息,10,0,10,富邦-台東,2023-06-08,9608
2201,裕隆,10,0,10,富邦-台東,2023-06-08,9608
5210,寶碩,10,0,10,富邦-台東,2023-06-08,9608
5531,鄉林,12,2,10,富邦-台東,2023-06-08,9608
5864,致和證,10,0,10,富邦-台東,2023-06-08,9608
6153,嘉聯益,10,0,10,富邦-台東,2023-06-08,9608
8150,南茂,10,0,10,富邦-台東,2023-06-08,9608
1101,台泥,13,4,9,富邦-台東,2023-06-08,9608
2399,映泰,10,2,8,富邦-台東,2023-06-08,9608
3499,環天科,9,1,8,富邦-台東,2023-06-08,9608
5512,力麒,8,0,8,富邦-台東,2023-06-08,9608
6282,康舒,10,2,8,富邦-台東,2023-06-08,9608
00632R,元大台灣50反1,7,0,7,富邦-台東,2023-06-08,9608
1905,華紙,9,2,7,富邦-台東,2023-06-08,9608
6164,華興,7,0,7,富邦-台東,2023-06-08,9608
2303,聯電,13,6,7,富邦-台東,2023-06-08,9608
6288,聯嘉,6,0,6,富邦-台東,2023-06-08,9608
00927,群益半導體收益,6,0,6,富邦-台東,2023-06-08,9608
2489,瑞軒,8,2,6,富邦-台東,2023-06-08,9608
3508,位速,6,0,6,富邦-台東,2023-06-08,9608
5706,鳳凰,20,14,6,富邦-台東,2023-06-08,9608
6733,博晟生醫,11,5,6,富邦-台東,2023-06-08,9608
8059,凱碩,6,0,6,富邦-台東,2023-06-08,9608
2347,聯強,5,0,5,富邦-台東,2023-06-08,9608
3013,晟銘電,6,1,5,富邦-台東,2023-06-08,9608
1312,國喬,5,0,5,富邦-台東,2023-06-08,9608
2014,中鴻,5,0,5,富邦-台東,2023-06-08,9608
2337,旺宏,5,0,5,富邦-台東,2023-06-08,9608
1609,大亞,203,93,110,富邦-台東,2023-06-09,9608
00715L,期街口布蘭特正2,59,0,59,富邦-台東,2023-06-09,9608
3706,神達,60,1,59,富邦-台東,2023-06-09,9608
2371,大同,56,2,54,富邦-台東,2023-06-09,9608
3011,今皓,50,0,50,富邦-台東,2023-06-09,9608
6535,順藥,30,0,30,富邦-台東,2023-06-09,9608
6125,廣運,22,2,20,富邦-台東,2023-06-09,9608
2401,凌陽,18,0,18,富邦-台東,2023-06-09,9608
3591,艾笛森,20,2,18,富邦-台東,2023-06-09,9608
6282,康舒,20,2,18,富邦-台東,2023-06-09,9608
00712,復華富時不動產,16,0,16,富邦-台東,2023-06-09,9608
1504,東元,17,1,16,富邦-台東,2023-06-09,9608
6806,森崴能源,16,0,16,富邦-台東,2023-06-09,9608
2722,夏都,20,6,14,富邦-台東,2023-06-09,9608
1608,華榮,13,1,12,富邦-台東,2023-06-09,9608
2436,偉詮電,11,0,11,富邦-台東,2023-06-09,9608
1605,華新,28,17,11,富邦-台東,2023-06-09,9608
1337,再生-KY,10,0,10,富邦-台東,2023-06-09,9608
00923,群益台ESG低碳50,10,0,10,富邦-台東,2023-06-09,9608
00850,元大臺灣ESG永續,10,0,10,富邦-台東,2023-06-09,9608
2425,承啟,16,6,10,富邦-台東,2023-06-09,9608
2734,易飛網,10,0,10,富邦-台東,2023-06-09,9608
2897,王道銀行,10,0,10,富邦-台東,2023-06-09,9608
3236,千如,10,0,10,富邦-台東,2023-06-09,9608
3710,連展投控,10,0,10,富邦-台東,2023-06-09,9608
4906,正文,12,2,10,富邦-台東,2023-06-09,9608
4967,十銓,10,0,10,富邦-台東,2023-06-09,9608
5234,達興材料,10,0,10,富邦-台東,2023-06-09,9608
2323,中環,29,20,9,富邦-台東,2023-06-09,9608
2457,飛宏,16,7,9,富邦-台東,2023-06-09,9608
2634,漢翔,10,1,9,富邦-台東,2023-06-09,9608
6446,藥華藥,9,0,9,富邦-台東,2023-06-09,9608
4155,訊映,9,1,8,富邦-台東,2023-06-09,9608
5512,力麒,8,0,8,富邦-台東,2023-06-09,9608
00713,元大台灣高息低波,7,0,7,富邦-台東,2023-06-09,9608
00642U,期元大S＆P石油,7,0,7,富邦-台東,2023-06-09,9608
3499,環天科,9,2,7,富邦-台東,2023-06-09,9608
1533,車王電,7,1,6,富邦-台東,2023-06-09,9608
2449,京元電子,7,1,6,富邦-台東,2023-06-09,9608
2461,光群雷,6,0,6,富邦-台東,2023-06-09,9608
2882,國泰金,5,0,5,富邦-台東,2023-06-09,9608
1471,首利,5,0,5,富邦-台東,2023-06-09,9608
1786,科妍,5,0,5,富邦-台東,2023-06-09,9608
2031,新光鋼,5,0,5,富邦-台東,2023-06-09,9608
2402,毅嘉,9,4,5,富邦-台東,2023-06-09,9608
2548,華固,5,0,5,富邦-台東,2023-06-09,9608
2834,臺企銀,10,5,5,富邦-台東,2023-06-09,9608
4977,眾達-KY,5,0,5,富邦-台東,2023-06-09,9608
6185,幃翔,5,0,5,富邦-台東,2023-06-09,9608
2352,佳世達,14,9,5,富邦-台東,2023-06-09,9608
3498,陽程,1142,1,1141,富邦-台東,2023-06-12,9608
1609,大亞,163,1,162,富邦-台東,2023-06-12,9608
6125,廣運,94,4,90,富邦-台東,2023-06-12,9608
00715L,期街口布蘭特正2,85,0,85,富邦-台東,2023-06-12,9608
2618,長榮航,73,4,69,富邦-台東,2023-06-12,9608
00713,元大台灣高息低波,59,0,59,富邦-台東,2023-06-12,9608
2002,中鋼,54,2,52,富邦-台東,2023-06-12,9608
2515,中工,37,0,37,富邦-台東,2023-06-12,9608
9944,新麗,32,0,32,富邦-台東,2023-06-12,9608
2352,佳世達,32,3,29,富邦-台東,2023-06-12,9608
2371,大同,55,27,28,富邦-台東,2023-06-12,9608
00632R,元大台灣50反1,25,0,25,富邦-台東,2023-06-12,9608
2889,國票金,20,0,20,富邦-台東,2023-06-12,9608
3231,緯創,48,28,20,富邦-台東,2023-06-12,9608
00927,群益半導體收益,15,0,15,富邦-台東,2023-06-12,9608
2883,凱基金,15,0,15,富邦-台東,2023-06-12,9608
6235,華孚,17,3,14,富邦-台東,2023-06-12,9608
2882,國泰金,13,0,13,富邦-台東,2023-06-12,9608
00712,復華富時不動產,13,0,13,富邦-台東,2023-06-12,9608
00683L,期元大美元指正2,12,0,12,富邦-台東,2023-06-12,9608
3062,建漢,12,0,12,富邦-台東,2023-06-12,9608
00919,群益台灣精選高息,12,1,11,富邦-台東,2023-06-12,9608
2734,易飛網,11,0,11,富邦-台東,2023-06-12,9608
8358,金居,11,0,11,富邦-台東,2023-06-12,9608
2406,國碩,10,0,10,富邦-台東,2023-06-12,9608
9105,泰金寶-DR,10,0,10,富邦-台東,2023-06-12,9608
2888,新光金,32,22,10,富邦-台東,2023-06-12,9608
00772B,中信高評級公司債,10,0,10,富邦-台東,2023-06-12,9608
2836,高雄銀,20,10,10,富邦-台東,2023-06-12,9608
5324,士開,10,0,10,富邦-台東,2023-06-12,9608
6485,點序,18,8,10,富邦-台東,2023-06-12,9608
6535,順藥,10,0,10,富邦-台東,2023-06-12,9608
2337,旺宏,9,0,9,富邦-台東,2023-06-12,9608
2497,怡利電,9,0,9,富邦-台東,2023-06-12,9608
5439,高技,22,13,9,富邦-台東,2023-06-12,9608
8916,光隆,10,1,9,富邦-台東,2023-06-12,9608
4770,上品,8,0,8,富邦-台東,2023-06-12,9608
2610,華航,8,0,8,富邦-台東,2023-06-12,9608
6446,藥華藥,8,0,8,富邦-台東,2023-06-12,9608
5880,合庫金,8,1,7,富邦-台東,2023-06-12,9608
00929,復華台灣科技優息,14,7,7,富邦-台東,2023-06-12,9608
2014,中鴻,6,0,6,富邦-台東,2023-06-12,9608
2329,華泰,6,0,6,富邦-台東,2023-06-12,9608
4174,浩鼎,6,0,6,富邦-台東,2023-06-12,9608
6122,擎邦,12,6,6,富邦-台東,2023-06-12,9608
6548,長科*,6,0,6,富邦-台東,2023-06-12,9608
2421,建準,5,0,5,富邦-台東,2023-06-12,9608
6278,台表科,6,1,5,富邦-台東,2023-06-12,9608
8927,北基,5,0,5,富邦-台東,2023-06-12,9608
5425,台半,24,19,5,富邦-台東,2023-06-12,9608
00715L,期街口布蘭特正2,203,0,203,富邦-台東,2023-06-13,9608
1609,大亞,149,15,134,富邦-台東,2023-06-13,9608
2888,新光金,41,0,41,富邦-台東,2023-06-13,9608
2897,王道銀行,35,0,35,富邦-台東,2023-06-13,9608
2340,台亞,31,1,30,富邦-台東,2023-06-13,9608
2329,華泰,30,3,27,富邦-台東,2023-06-13,9608
2610,華航,71,47,24,富邦-台東,2023-06-13,9608
00679B,元大美債20年,25,3,22,富邦-台東,2023-06-13,9608
2634,漢翔,26,5,21,富邦-台東,2023-06-13,9608
6125,廣運,30,9,21,富邦-台東,2023-06-13,9608
00753L,中信中國50正2,20,0,20,富邦-台東,2023-06-13,9608
2022,聚亨,20,0,20,富邦-台東,2023-06-13,9608
2371,大同,22,4,18,富邦-台東,2023-06-13,9608
2883,凱基金,15,0,15,富邦-台東,2023-06-13,9608
00882,中信中國高股息,14,1,13,富邦-台東,2023-06-13,9608
4533,協易機,17,4,13,富邦-台東,2023-06-13,9608
1522,堤維西,15,5,10,富邦-台東,2023-06-13,9608
1785,光洋科,30,20,10,富邦-台東,2023-06-13,9608
2388,威盛,10,0,10,富邦-台東,2023-06-13,9608
6147,頎邦,10,0,10,富邦-台東,2023-06-13,9608
6741,91APP*-KY,10,0,10,富邦-台東,2023-06-13,9608
6016,康和證,10,1,9,富邦-台東,2023-06-13,9608
2352,佳世達,21,13,8,富邦-台東,2023-06-13,9608
6414,樺漢,8,0,8,富邦-台東,2023-06-13,9608
8050,廣積,8,0,8,富邦-台東,2023-06-13,9608
3706,神達,8,0,8,富邦-台東,2023-06-13,9608
2401,凌陽,9,2,7,富邦-台東,2023-06-13,9608
3693,營邦,8,1,7,富邦-台東,2023-06-13,9608
6015,宏遠證,7,0,7,富邦-台東,2023-06-13,9608
2301,光寶科,6,0,6,富邦-台東,2023-06-13,9608
2206,三陽工業,14,8,6,富邦-台東,2023-06-13,9608
1907,永豐餘,6,0,6,富邦-台東,2023-06-13,9608
6285,啟��,6,0,6,富邦-台東,2023-06-13,9608
1101,台泥,6,1,5,富邦-台東,2023-06-13,9608
1517,利奇,5,0,5,富邦-台東,2023-06-13,9608
2027,大成鋼,5,0,5,富邦-台東,2023-06-13,9608
2382,廣達,22,17,5,富邦-台東,2023-06-13,9608
2736,富野,5,0,5,富邦-台東,2023-06-13,9608
5531,鄉林,5,0,5,富邦-台東,2023-06-13,9608
6024,群益期,5,0,5,富邦-台東,2023-06-13,9608
6142,友勁,5,0,5,富邦-台東,2023-06-13,9608
8088,品安,11,6,5,富邦-台東,2023-06-13,9608
9946,三發地產,5,0,5,富邦-台東,2023-06-13,9608
00687B,國泰20年美債,5,0,5,富邦-台東,2023-06-13,9608
8446,華研,5,1,4,富邦-台東,2023-06-13,9608
00919,群益台灣精選高息,4,0,4,富邦-台東,2023-06-13,9608
2882,國泰金,5,1,4,富邦-台東,2023-06-13,9608
3481,群創,4,0,4,富邦-台東,2023-06-13,9608
4919,新唐,5,1,4,富邦-台東,2023-06-13,9608
5225,東科-KY,4,0,4,富邦-台東,2023-06-13,9608
1609,大亞,103,2,101,富邦-台東,2023-06-14,9608
2356,英業達,59,25,34,富邦-台東,2023-06-14,9608
00679B,元大美債20年,42,10,32,富邦-台東,2023-06-14,9608
2606,裕民,31,2,29,富邦-台東,2023-06-14,9608
00919,群益台灣精選高息,26,0,26,富邦-台東,2023-06-14,9608
2352,佳世達,25,4,21,富邦-台東,2023-06-14,9608
6535,順藥,20,0,20,富邦-台東,2023-06-14,9608
00687B,國泰20年美債,18,0,18,富邦-台東,2023-06-14,9608
3693,營邦,18,0,18,富邦-台東,2023-06-14,9608
00912,中信臺灣智慧50,17,0,17,富邦-台東,2023-06-14,9608
2515,中工,19,3,16,富邦-台東,2023-06-14,9608
2891,中信金,15,0,15,富邦-台東,2023-06-14,9608
6116,彩晶,15,2,13,富邦-台東,2023-06-14,9608
2882,國泰金,13,0,13,富邦-台東,2023-06-14,9608
2915,潤泰全,12,0,12,富邦-台東,2023-06-14,9608
9907,統一實,11,0,11,富邦-台東,2023-06-14,9608
6167,久正,11,0,11,富邦-台東,2023-06-14,9608
2108,南帝,10,0,10,富邦-台東,2023-06-14,9608
2705,六福,12,2,10,富邦-台東,2023-06-14,9608
8070,長華*,12,3,9,富邦-台東,2023-06-14,9608
1605,華新,9,0,9,富邦-台東,2023-06-14,9608
1101,台泥,8,0,8,富邦-台東,2023-06-14,9608
00706L,期元大S＆P日圓正2,8,0,8,富邦-台東,2023-06-14,9608
2425,承啟,8,0,8,富邦-台東,2023-06-14,9608
1529,樂事綠能,8,1,7,富邦-台東,2023-06-14,9608
3711,日月光投控,7,0,7,富邦-台東,2023-06-14,9608
4510,高鋒,10,3,7,富邦-台東,2023-06-14,9608
6235,華孚,86,79,7,富邦-台東,2023-06-14,9608
1522,堤維西,7,0,7,富邦-台東,2023-06-14,9608
5425,台半,7,1,6,富邦-台東,2023-06-14,9608
00680L,元大美債20正2,6,0,6,富邦-台東,2023-06-14,9608
00712,復華富時不動產,6,0,6,富邦-台東,2023-06-14,9608
00772B,中信高評級公司債,6,0,6,富邦-台東,2023-06-14,9608
2450,神腦,6,0,6,富邦-台東,2023-06-14,9608
3264,欣銓,6,0,6,富邦-台東,2023-06-14,9608
6446,藥華藥,9,3,6,富邦-台東,2023-06-14,9608
8076,伍豐,6,0,6,富邦-台東,2023-06-14,9608
00751B,元大AAA至A公司債,5,0,5,富邦-台東,2023-06-14,9608
1472,三洋實業,5,0,5,富邦-台東,2023-06-14,9608
2399,映泰,10,5,5,富邦-台東,2023-06-14,9608
2436,偉詮電,5,0,5,富邦-台東,2023-06-14,9608
2614,東森,5,0,5,富邦-台東,2023-06-14,9608
5301,寶得利,5,0,5,富邦-台東,2023-06-14,9608
6733,博晟生醫,6,1,5,富邦-台東,2023-06-14,9608
6791,虎門科技,5,0,5,富邦-台東,2023-06-14,9608
8374,羅昇,5,0,5,富邦-台東,2023-06-14,9608
9943,好樂迪,5,0,5,富邦-台東,2023-06-14,9608
4533,協易機,13,9,4,富邦-台東,2023-06-14,9608
00725B,國泰投資級公司債,4,0,4,富邦-台東,2023-06-14,9608
00713,元大台灣高息低波,4,0,4,富邦-台東,2023-06-14,9608
2359,所羅門,2280,9,2271,富邦-台東,2023-06-15,9608
1609,大亞,1213,210,1003,富邦-台東,2023-06-15,9608
6743,安普新,296,24,272,富邦-台東,2023-06-15,9608
00715L,期街口布蘭特正2,89,3,86,富邦-台東,2023-06-15,9608
00919,群益台灣精選高息,62,0,62,富邦-台東,2023-06-15,9608
00720B,元大投資級公司債,55,0,55,富邦-台東,2023-06-15,9608
2888,新光金,59,4,55,富邦-台東,2023-06-15,9608
00712,復華富時不動產,51,0,51,富邦-台東,2023-06-15,9608
3706,神達,49,16,33,富邦-台東,2023-06-15,9608
00922,國泰台灣領袖50,27,5,22,富邦-台東,2023-06-15,9608
00706L,期元大S＆P日圓正2,21,0,21,富邦-台東,2023-06-15,9608
2889,國票金,21,0,21,富邦-台東,2023-06-15,9608
00708L,期元大S＆P黃金正2,20,0,20,富邦-台東,2023-06-15,9608
00679B,元大美債20年,20,0,20,富邦-台東,2023-06-15,9608
3231,緯創,35,20,15,富邦-台東,2023-06-15,9608
912000,晨訊科-DR,15,0,15,富邦-台東,2023-06-15,9608
3013,晟銘電,18,5,13,富邦-台東,2023-06-15,9608
2609,陽明,15,3,12,富邦-台東,2023-06-15,9608
4906,正文,12,0,12,富邦-台東,2023-06-15,9608
1815,富喬,11,0,11,富邦-台東,2023-06-15,9608
00893,國泰智能電動車,19,8,11,富邦-台東,2023-06-15,9608
00903,富邦元宇宙,10,0,10,富邦-台東,2023-06-15,9608
00753L,中信中國50正2,10,0,10,富邦-台東,2023-06-15,9608
1460,宏遠,10,0,10,富邦-台東,2023-06-15,9608
4123,晟德,10,0,10,富邦-台東,2023-06-15,9608
6125,廣運,16,6,10,富邦-台東,2023-06-15,9608
6235,華孚,20,10,10,富邦-台東,2023-06-15,9608
8927,北基,10,0,10,富邦-台東,2023-06-15,9608
2836,高雄銀,10,0,10,富邦-台東,2023-06-15,9608
1514,亞力,10,1,9,富邦-台東,2023-06-15,9608
1802,台玻,10,1,9,富邦-台東,2023-06-15,9608
3441,聯一光,9,0,9,富邦-台東,2023-06-15,9608
2891,中信金,9,0,9,富邦-台東,2023-06-15,9608
2401,凌陽,23,15,8,富邦-台東,2023-06-15,9608
2497,怡利電,8,0,8,富邦-台東,2023-06-15,9608
5607,遠雄港,8,0,8,富邦-台東,2023-06-15,9608
00772B,中信高評級公司債,7,0,7,富邦-台東,2023-06-15,9608
1806,冠軍,6,0,6,富邦-台東,2023-06-15,9608
2014,中鴻,6,0,6,富邦-台東,2023-06-15,9608
2892,第一金,6,0,6,富邦-台東,2023-06-15,9608
6470,宇智,6,0,6,富邦-台東,2023-06-15,9608
6282,康舒,11,5,6,富邦-台東,2023-06-15,9608
1513,中興電,13,7,6,富邦-台東,2023-06-15,9608
2603,長榮,6,1,5,富邦-台東,2023-06-15,9608
00637L,元大滬深300正2,5,0,5,富邦-台東,2023-06-15,9608
2022,聚亨,5,0,5,富邦-台東,2023-06-15,9608
2734,易飛網,5,0,5,富邦-台東,2023-06-15,9608
3521,鴻翊,5,0,5,富邦-台東,2023-06-15,9608
4973,廣穎,5,0,5,富邦-台東,2023-06-15,9608
5011,久陽,5,0,5,富邦-台東,2023-06-15,9608
3049,精金,130,15,115,富邦-台東,2023-06-16,9608
6770,力積電,42,5,37,富邦-台東,2023-06-16,9608
2618,長榮航,84,49,35,富邦-台東,2023-06-16,9608
00679B,元大美債20年,34,0,34,富邦-台東,2023-06-16,9608
00712,復華富時不動產,41,8,33,富邦-台東,2023-06-16,9608
00919,群益台灣精選高息,37,5,32,富邦-台東,2023-06-16,9608
2888,新光金,32,0,32,富邦-台東,2023-06-16,9608
2201,裕隆,32,0,32,富邦-台東,2023-06-16,9608
8076,伍豐,30,4,26,富邦-台東,2023-06-16,9608
5347,世界,23,0,23,富邦-台東,2023-06-16,9608
3706,神達,43,21,22,富邦-台東,2023-06-16,9608
1605,華新,51,30,21,富邦-台東,2023-06-16,9608
2344,華邦電,23,3,20,富邦-台東,2023-06-16,9608
2834,臺企銀,20,1,19,富邦-台東,2023-06-16,9608
6173,信昌電,22,5,17,富邦-台東,2023-06-16,9608
5608,四維航,15,0,15,富邦-台東,2023-06-16,9608
3062,建漢,14,0,14,富邦-台東,2023-06-16,9608
2353,宏��,27,14,13,富邦-台東,2023-06-16,9608
2457,飛宏,13,1,12,富邦-台東,2023-06-16,9608
2883,凱基金,13,1,12,富邦-台東,2023-06-16,9608
3312,弘憶股,12,0,12,富邦-台東,2023-06-16,9608
2329,華泰,11,0,11,富邦-台東,2023-06-16,9608
2913,農林,36,25,11,富邦-台東,2023-06-16,9608
3264,欣銓,11,0,11,富邦-台東,2023-06-16,9608
2302,麗正,10,0,10,富邦-台東,2023-06-16,9608
1909,榮成,10,0,10,富邦-台東,2023-06-16,9608
1314,中石化,10,0,10,富邦-台東,2023-06-16,9608
1519,華城,17,7,10,富邦-台東,2023-06-16,9608
3682,亞太電,10,0,10,富邦-台東,2023-06-16,9608
6024,群益期,10,0,10,富邦-台東,2023-06-16,9608
6411,晶焱,10,0,10,富邦-台東,2023-06-16,9608
6122,擎邦,10,1,9,富邦-台東,2023-06-16,9608
6188,廣明,10,1,9,富邦-台東,2023-06-16,9608
2303,聯電,12,4,8,富邦-台東,2023-06-16,9608
4953,緯軟,7,0,7,富邦-台東,2023-06-16,9608
1905,華紙,29,22,7,富邦-台東,2023-06-16,9608
2331,精英,7,0,7,富邦-台東,2023-06-16,9608
2337,旺宏,15,8,7,富邦-台東,2023-06-16,9608
2301,光寶科,16,10,6,富邦-台東,2023-06-16,9608
00881,國泰台灣5G+,6,0,6,富邦-台東,2023-06-16,9608
3163,波若威,9,3,6,富邦-台東,2023-06-16,9608
6446,藥華藥,6,0,6,富邦-台東,2023-06-16,9608
6733,博晟生醫,7,1,6,富邦-台東,2023-06-16,9608
2886,兆豐金,5,0,5,富邦-台東,2023-06-16,9608
6469,大樹,5,0,5,富邦-台東,2023-06-16,9608
2404,漢唐,5,0,5,富邦-台東,2023-06-16,9608
00885,富邦越南,7,2,5,富邦-台東,2023-06-16,9608
2409,友達,27,22,5,富邦-台東,2023-06-16,9608
2427,三商電,5,0,5,富邦-台東,2023-06-16,9608
2489,瑞軒,5,0,5,富邦-台東,2023-06-16,9608
2610,華航,148,55,93,富邦-台東,2023-06-19,9608
00706L,期元大S＆P日圓正2,80,0,80,富邦-台東,2023-06-19,9608
00673R,期元大S＆P原油反1,70,0,70,富邦-台東,2023-06-19,9608
2104,國際中橡,7003,6950,53,富邦-台東,2023-06-19,9608
5328,華容,34,0,34,富邦-台東,2023-06-19,9608
0056,元大高股息,36,2,34,富邦-台東,2023-06-19,9608
00679B,元大美債20年,41,11,30,富邦-台東,2023-06-19,9608
1472,三洋實業,30,0,30,富邦-台東,2023-06-19,9608
6605,帝寶,30,0,30,富邦-台東,2023-06-19,9608
2633,台灣高鐵,23,0,23,富邦-台東,2023-06-19,9608
4726,永昕,22,0,22,富邦-台東,2023-06-19,9608
00905,FT臺灣Smart,20,0,20,富邦-台東,2023-06-19,9608
2836,高雄銀,20,0,20,富邦-台東,2023-06-19,9608
6173,信昌電,17,0,17,富邦-台東,2023-06-19,9608
6148,驊宏資,16,3,13,富邦-台東,2023-06-19,9608
3231,緯創,19,6,13,富邦-台東,2023-06-19,9608
2303,聯電,13,1,12,富邦-台東,2023-06-19,9608
00680L,元大美債20正2,12,0,12,富邦-台東,2023-06-19,9608
1802,台玻,22,10,12,富邦-台東,2023-06-19,9608
2388,威盛,12,0,12,富邦-台東,2023-06-19,9608
2423,固緯,11,0,11,富邦-台東,2023-06-19,9608
1714,和桐,10,0,10,富邦-台東,2023-06-19,9608
1316,上曜,10,0,10,富邦-台東,2023-06-19,9608
1605,華新,52,42,10,富邦-台東,2023-06-19,9608
2344,華邦電,13,3,10,富邦-台東,2023-06-19,9608
3058,立德,10,0,10,富邦-台東,2023-06-19,9608
3686,達能,10,0,10,富邦-台東,2023-06-19,9608
1101,台泥,9,0,9,富邦-台東,2023-06-19,9608
1810,和成,11,2,9,富邦-台東,2023-06-19,9608
4967,十銓,10,2,8,富邦-台東,2023-06-19,9608
1584,精剛,22,14,8,富邦-台東,2023-06-19,9608
00893,國泰智能電動車,7,0,7,富邦-台東,2023-06-19,9608
3037,欣興,9,2,7,富邦-台東,2023-06-19,9608
4960,誠美材,8,1,7,富邦-台東,2023-06-19,9608
2888,新光金,14,7,7,富邦-台東,2023-06-19,9608
2515,中工,12,5,7,富邦-台東,2023-06-19,9608
6235,華孚,11,5,6,富邦-台東,2023-06-19,9608
00929,復華台灣科技優息,6,0,6,富邦-台東,2023-06-19,9608
2353,宏��,6,0,6,富邦-台東,2023-06-19,9608
2421,建準,10,4,6,富邦-台東,2023-06-19,9608
2834,臺企銀,32,26,6,富邦-台東,2023-06-19,9608
4979,華星光,8,2,6,富邦-台東,2023-06-19,9608
6180,橘子,6,0,6,富邦-台東,2023-06-19,9608
2603,長榮,6,0,6,富邦-台東,2023-06-19,9608
00885,富邦越南,8,3,5,富邦-台東,2023-06-19,9608
3003,健和興,5,0,5,富邦-台東,2023-06-19,9608
00764B,群益25年美債,5,0,5,富邦-台東,2023-06-19,9608
1308,亞聚,5,0,5,富邦-台東,2023-06-19,9608
1608,華榮,5,0,5,富邦-台東,2023-06-19,9608
1708,東鹼,5,0,5,富邦-台東,2023-06-19,9608
1609,大亞,70,19,51,富邦-台東,2023-06-20,9608
00712,復華富時不動產,43,0,43,富邦-台東,2023-06-20,9608
2610,華航,72,40,32,富邦-台東,2023-06-20,9608
2618,長榮航,37,5,32,富邦-台東,2023-06-20,9608
0056,元大高股息,33,2,31,富邦-台東,2023-06-20,9608
4126,太醫,30,0,30,富邦-台東,2023-06-20,9608
6282,康舒,55,27,28,富邦-台東,2023-06-20,9608
3706,神達,29,2,27,富邦-台東,2023-06-20,9608
6485,點序,22,1,21,富邦-台東,2023-06-20,9608
1472,三洋實業,20,0,20,富邦-台東,2023-06-20,9608
2888,新光金,38,20,18,富邦-台東,2023-06-20,9608
2323,中環,27,10,17,富邦-台東,2023-06-20,9608
1605,華新,28,13,15,富邦-台東,2023-06-20,9608
2115,六暉-KY,15,0,15,富邦-台東,2023-06-20,9608
5905,南仁湖,87,74,13,富邦-台東,2023-06-20,9608
1316,上曜,12,0,12,富邦-台東,2023-06-20,9608
2801,彰銀,12,0,12,富邦-台東,2023-06-20,9608
3682,亞太電,12,0,12,富邦-台東,2023-06-20,9608
2337,旺宏,13,2,11,富邦-台東,2023-06-20,9608
1319,東陽,23,12,11,富邦-台東,2023-06-20,9608
3374,精材,11,1,10,富邦-台東,2023-06-20,9608
00673R,期元大S＆P原油反1,10,0,10,富邦-台東,2023-06-20,9608
2374,佳能,10,0,10,富邦-台東,2023-06-20,9608
2515,中工,18,8,10,富邦-台東,2023-06-20,9608
6605,帝寶,10,0,10,富邦-台東,2023-06-20,9608
2382,廣達,13,3,10,富邦-台東,2023-06-20,9608
1907,永豐餘,10,0,10,富邦-台東,2023-06-20,9608
00632R,元大台灣50反1,13,4,9,富邦-台東,2023-06-20,9608
2356,英業達,13,4,9,富邦-台東,2023-06-20,9608
4967,十銓,9,0,9,富邦-台東,2023-06-20,9608
2645,長榮航太,8,1,7,富邦-台東,2023-06-20,9608
1612,宏泰,6,0,6,富邦-台東,2023-06-20,9608
2317,鴻海,8,2,6,富邦-台東,2023-06-20,9608
2633,台灣高鐵,6,0,6,富邦-台東,2023-06-20,9608
2454,聯發科,11,5,6,富邦-台東,2023-06-20,9608
6235,華孚,6,1,5,富邦-台東,2023-06-20,9608
00679B,元大美債20年,5,0,5,富邦-台東,2023-06-20,9608
00881,國泰台灣5G+,6,1,5,富邦-台東,2023-06-20,9608
1718,中纖,5,0,5,富邦-台東,2023-06-20,9608
2329,華泰,5,0,5,富邦-台東,2023-06-20,9608
2423,固緯,5,0,5,富邦-台東,2023-06-20,9608
3052,夆典,5,0,5,富邦-台東,2023-06-20,9608
3264,欣銓,5,0,5,富邦-台東,2023-06-20,9608
3576,聯合再生,5,0,5,富邦-台東,2023-06-20,9608
6134,萬旭,5,0,5,富邦-台東,2023-06-20,9608
6217,中探針,8,3,5,富邦-台東,2023-06-20,9608
3231,緯創,13,8,5,富邦-台東,2023-06-20,9608
1101,台泥,5,0,5,富邦-台東,2023-06-20,9608
2609,陽明,4,0,4,富邦-台東,2023-06-20,9608
00720B,元大投資級公司債,4,0,4,富邦-台東,2023-06-20,9608
00673R,期元大S＆P原油反1,80,0,80,富邦-台東,2023-06-21,9608
4906,正文,50,3,47,富邦-台東,2023-06-21,9608
2736,富野,71,26,45,富邦-台東,2023-06-21,9608
5512,力麒,40,0,40,富邦-台東,2023-06-21,9608
2634,漢翔,59,20,39,富邦-台東,2023-06-21,9608
2603,長榮,20,2,18,富邦-台東,2023-06-21,9608
2352,佳世達,21,3,18,富邦-台東,2023-06-21,9608
3706,神達,24,6,18,富邦-台東,2023-06-21,9608
2609,陽明,18,1,17,富邦-台東,2023-06-21,9608
00712,復華富時不動產,16,0,16,富邦-台東,2023-06-21,9608
6125,廣運,32,16,16,富邦-台東,2023-06-21,9608
4114,健喬,15,0,15,富邦-台東,2023-06-21,9608
2399,映泰,17,3,14,富邦-台東,2023-06-21,9608
2705,六福,21,8,13,富邦-台東,2023-06-21,9608
00632R,元大台灣50反1,15,2,13,富邦-台東,2023-06-21,9608
3013,晟銘電,19,6,13,富邦-台東,2023-06-21,9608
00713,元大台灣高息低波,12,0,12,富邦-台東,2023-06-21,9608
1612,宏泰,11,0,11,富邦-台東,2023-06-21,9608
4126,太醫,10,0,10,富邦-台東,2023-06-21,9608
8936,國統,10,0,10,富邦-台東,2023-06-21,9608
1609,大亞,10,0,10,富邦-台東,2023-06-21,9608
4904,遠傳,9,0,9,富邦-台東,2023-06-21,9608
5258,虹堡,11,2,9,富邦-台東,2023-06-21,9608
3714,富采,10,1,9,富邦-台東,2023-06-21,9608
4123,晟德,9,0,9,富邦-台東,2023-06-21,9608
4916,事欣科,22,13,9,富邦-台東,2023-06-21,9608
6120,達運,19,10,9,富邦-台東,2023-06-21,9608
00922,國泰台灣領袖50,8,0,8,富邦-台東,2023-06-21,9608
6191,精成科,8,1,7,富邦-台東,2023-06-21,9608
1605,華新,9,3,6,富邦-台東,2023-06-21,9608
1802,台玻,6,0,6,富邦-台東,2023-06-21,9608
2371,大同,27,21,6,富邦-台東,2023-06-21,9608
1513,中興電,7,2,5,富邦-台東,2023-06-21,9608
1795,美時,5,0,5,富邦-台東,2023-06-21,9608
1218,泰山,5,0,5,富邦-台東,2023-06-21,9608
1529,樂事綠能,6,1,5,富邦-台東,2023-06-21,9608
2408,南亞科,5,0,5,富邦-台東,2023-06-21,9608
2610,華航,39,34,5,富邦-台東,2023-06-21,9608
2630,亞航,5,0,5,富邦-台東,2023-06-21,9608
2731,雄獅,5,0,5,富邦-台東,2023-06-21,9608
3481,群創,48,43,5,富邦-台東,2023-06-21,9608
4138,曜亞,6,1,5,富邦-台東,2023-06-21,9608
3217,優群,4,0,4,富邦-台東,2023-06-21,9608
3306,鼎天,4,0,4,富邦-台東,2023-06-21,9608
3499,環天科,4,0,4,富邦-台東,2023-06-21,9608
5706,鳳凰,5,1,4,富邦-台東,2023-06-21,9608
8105,凌巨,4,0,4,富邦-台東,2023-06-21,9608
2454,聯發科,3,0,3,富邦-台東,2023-06-21,9608
3564,其陽,3,0,3,富邦-台東,2023-06-21,9608
2834,臺企銀,10,7,3,富邦-台東,2023-06-21,9608
00715L,期街口布蘭特正2,288,0,288,富邦-台東,2023-06-26,9608
1533,車王電,266,1,265,富邦-台東,2023-06-26,9608
00720B,元大投資級公司債,97,0,97,富邦-台東,2023-06-26,9608
00706L,期元大S＆P日圓正2,75,0,75,富邦-台東,2023-06-26,9608
6125,廣運,81,12,69,富邦-台東,2023-06-26,9608
00878,國泰永續高股息,55,4,51,富邦-台東,2023-06-26,9608
2736,富野,54,14,40,富邦-台東,2023-06-26,9608
00712,復華富時不動產,39,3,36,富邦-台東,2023-06-26,9608
1326,台化,35,0,35,富邦-台東,2023-06-26,9608
2498,宏達電,31,0,31,富邦-台東,2023-06-26,9608
6116,彩晶,30,0,30,富邦-台東,2023-06-26,9608
3024,憶聲,21,0,21,富邦-台東,2023-06-26,9608
1472,三洋實業,20,0,20,富邦-台東,2023-06-26,9608
2409,友達,24,4,20,富邦-台東,2023-06-26,9608
2897,王道銀行,20,0,20,富邦-台東,2023-06-26,9608
5328,華容,20,0,20,富邦-台東,2023-06-26,9608
2913,農林,17,0,17,富邦-台東,2023-06-26,9608
3491,昇達科,16,0,16,富邦-台東,2023-06-26,9608
2605,新興,25,10,15,富邦-台東,2023-06-26,9608
6485,點序,13,0,13,富邦-台東,2023-06-26,9608
00927,群益半導體收益,12,0,12,富邦-台東,2023-06-26,9608
00690,兆豐藍籌30,12,0,12,富邦-台東,2023-06-26,9608
6217,中探針,12,0,12,富邦-台東,2023-06-26,9608
6806,森崴能源,10,0,10,富邦-台東,2023-06-26,9608
00895,富邦未來車,10,0,10,富邦-台東,2023-06-26,9608
1785,光洋科,10,0,10,富邦-台東,2023-06-26,9608
2367,燿華,10,0,10,富邦-台東,2023-06-26,9608
2836,高雄銀,10,0,10,富邦-台東,2023-06-26,9608
3576,聯合再生,10,0,10,富邦-台東,2023-06-26,9608
4973,廣穎,10,0,10,富邦-台東,2023-06-26,9608
6153,嘉聯益,10,0,10,富邦-台東,2023-06-26,9608
2303,聯電,9,0,9,富邦-台東,2023-06-26,9608
00722B,群益投資級電信債,9,0,9,富邦-台東,2023-06-26,9608
2352,佳世達,9,0,9,富邦-台東,2023-06-26,9608
2462,良得電,10,1,9,富邦-台東,2023-06-26,9608
2889,國票金,9,0,9,富邦-台東,2023-06-26,9608
6282,康舒,18,9,9,富邦-台東,2023-06-26,9608
2023,燁輝,8,0,8,富邦-台東,2023-06-26,9608
2356,英業達,15,8,7,富邦-台東,2023-06-26,9608
6770,力積電,11,4,7,富邦-台東,2023-06-26,9608
1504,東元,11,4,7,富邦-台東,2023-06-26,9608
1514,亞力,17,11,6,富邦-台東,2023-06-26,9608
1522,堤維西,8,2,6,富邦-台東,2023-06-26,9608
3406,玉晶光,10,4,6,富邦-台東,2023-06-26,9608
6120,達運,14,8,6,富邦-台東,2023-06-26,9608
2705,六福,10,4,6,富邦-台東,2023-06-26,9608
2834,臺企銀,21,15,6,富邦-台東,2023-06-26,9608
2344,華邦電,17,12,5,富邦-台東,2023-06-26,9608
00642U,期元大S＆P石油,5,0,5,富邦-台東,2023-06-26,9608
1605,華新,11,6,5,富邦-台東,2023-06-26,9608
1783,和康生,1311,1,1310,富邦-台東,2023-06-27,9608
2736,富野,53,1,52,富邦-台東,2023-06-27,9608
4114,健喬,46,0,46,富邦-台東,2023-06-27,9608
2115,六暉-KY,35,0,35,富邦-台東,2023-06-27,9608
00878,國泰永續高股息,35,1,34,富邦-台東,2023-06-27,9608
00706L,期元大S＆P日圓正2,34,0,34,富邦-台東,2023-06-27,9608
5426,振發,30,0,30,富邦-台東,2023-06-27,9608
3013,晟銘電,30,3,27,富邦-台東,2023-06-27,9608
2634,漢翔,32,11,21,富邦-台東,2023-06-27,9608
2367,燿華,20,0,20,富邦-台東,2023-06-27,9608
2515,中工,25,5,20,富邦-台東,2023-06-27,9608
2303,聯電,71,53,18,富邦-台東,2023-06-27,9608
3231,緯創,32,15,17,富邦-台東,2023-06-27,9608
6125,廣運,19,4,15,富邦-台東,2023-06-27,9608
4510,高鋒,15,0,15,富邦-台東,2023-06-27,9608
2498,宏達電,14,0,14,富邦-台東,2023-06-27,9608
2427,三商電,38,25,13,富邦-台東,2023-06-27,9608
2633,台灣高鐵,13,0,13,富邦-台東,2023-06-27,9608
5328,華容,13,0,13,富邦-台東,2023-06-27,9608
6191,精成科,18,5,13,富邦-台東,2023-06-27,9608
3481,群創,27,15,12,富邦-台東,2023-06-27,9608
2344,華邦電,14,2,12,富邦-台東,2023-06-27,9608
00715L,期街口布蘭特正2,11,0,11,富邦-台東,2023-06-27,9608
2104,國際中橡,11,0,11,富邦-台東,2023-06-27,9608
5347,世界,11,0,11,富邦-台東,2023-06-27,9608
2409,友達,10,0,10,富邦-台東,2023-06-27,9608
8101,華冠,10,0,10,富邦-台東,2023-06-27,9608
2609,陽明,11,2,9,富邦-台東,2023-06-27,9608
1471,首利,13,4,9,富邦-台東,2023-06-27,9608
2449,京元電子,9,0,9,富邦-台東,2023-06-27,9608
1609,大亞,78,69,9,富邦-台東,2023-06-27,9608
1907,永豐餘,10,2,8,富邦-台東,2023-06-27,9608
2891,中信金,18,10,8,富邦-台東,2023-06-27,9608
1301,台塑,8,0,8,富邦-台東,2023-06-27,9608
00929,復華台灣科技優息,8,0,8,富邦-台東,2023-06-27,9608
3693,營邦,36,28,8,富邦-台東,2023-06-27,9608
2317,鴻海,13,6,7,富邦-台東,2023-06-27,9608
00795B,中信美國公債20年,7,0,7,富邦-台東,2023-06-27,9608
2801,彰銀,8,2,6,富邦-台東,2023-06-27,9608
8076,伍豐,6,0,6,富邦-台東,2023-06-27,9608
00673R,期元大S＆P原油反1,6,0,6,富邦-台東,2023-06-27,9608
2312,金寶,7,1,6,富邦-台東,2023-06-27,9608
2331,精英,12,6,6,富邦-台東,2023-06-27,9608
6116,彩晶,6,0,6,富邦-台東,2023-06-27,9608
6411,晶焱,6,0,6,富邦-台東,2023-06-27,9608
8358,金居,6,0,6,富邦-台東,2023-06-27,9608
00919,群益台灣精選高息,5,0,5,富邦-台東,2023-06-27,9608
00713,元大台灣高息低波,5,0,5,富邦-台東,2023-06-27,9608
1503,士電,6,1,5,富邦-台東,2023-06-27,9608
1529,樂事綠能,5,0,5,富邦-台東,2023-06-27,9608
00715L,期街口布蘭特正2,176,0,176,富邦-台東,2023-06-28,9608
4174,浩鼎,73,9,64,富邦-台東,2023-06-28,9608
00642U,期元大S＆P石油,57,0,57,富邦-台東,2023-06-28,9608
2323,中環,48,8,40,富邦-台東,2023-06-28,9608
3706,神達,43,8,35,富邦-台東,2023-06-28,9608
00708L,期元大S＆P黃金正2,20,0,20,富邦-台東,2023-06-28,9608
2462,良得電,20,0,20,富邦-台東,2023-06-28,9608
3062,建漢,20,0,20,富邦-台東,2023-06-28,9608
6290,良維,20,0,20,富邦-台東,2023-06-28,9608
2498,宏達電,17,0,17,富邦-台東,2023-06-28,9608
9105,泰金寶-DR,16,0,16,富邦-台東,2023-06-28,9608
8093,保銳,15,0,15,富邦-台東,2023-06-28,9608
8916,光隆,15,0,15,富邦-台東,2023-06-28,9608
2313,華通,22,7,15,富邦-台東,2023-06-28,9608
2412,中華電,12,0,12,富邦-台東,2023-06-28,9608
2892,第一金,12,0,12,富邦-台東,2023-06-28,9608
3406,玉晶光,11,0,11,富邦-台東,2023-06-28,9608
3481,群創,15,4,11,富邦-台東,2023-06-28,9608
00753L,中信中國50正2,10,0,10,富邦-台東,2023-06-28,9608
2734,易飛網,10,0,10,富邦-台東,2023-06-28,9608
3032,偉訓,10,0,10,富邦-台東,2023-06-28,9608
00907,永豐優息存股,9,0,9,富邦-台東,2023-06-28,9608
3033,威健,10,2,8,富邦-台東,2023-06-28,9608
4157,太景*-KY,8,0,8,富邦-台東,2023-06-28,9608
6451,訊芯-KY,7,0,7,富邦-台東,2023-06-28,9608
00885,富邦越南,10,4,6,富邦-台東,2023-06-28,9608
006208,富邦台50,6,0,6,富邦-台東,2023-06-28,9608
1471,首利,6,0,6,富邦-台東,2023-06-28,9608
1513,中興電,13,7,6,富邦-台東,2023-06-28,9608
1529,樂事綠能,6,0,6,富邦-台東,2023-06-28,9608
2409,友達,6,0,6,富邦-台東,2023-06-28,9608
3078,僑威,6,0,6,富邦-台東,2023-06-28,9608
912000,晨訊科-DR,6,0,6,富邦-台東,2023-06-28,9608
2317,鴻海,11,5,6,富邦-台東,2023-06-28,9608
5388,中磊,13,7,6,富邦-台東,2023-06-28,9608
3576,聯合再生,5,0,5,富邦-台東,2023-06-28,9608
4167,松瑞藥,5,0,5,富邦-台東,2023-06-28,9608
6153,嘉聯益,7,2,5,富邦-台東,2023-06-28,9608
6414,樺漢,5,0,5,富邦-台東,2023-06-28,9608
9925,新保,5,0,5,富邦-台東,2023-06-28,9608
2609,陽明,5,0,5,富邦-台東,2023-06-28,9608
1605,華新,14,10,4,富邦-台東,2023-06-28,9608
00878,國泰永續高股息,4,0,4,富邦-台東,2023-06-28,9608
2340,台亞,14,10,4,富邦-台東,2023-06-28,9608
0056,元大高股息,4,0,4,富邦-台東,2023-06-28,9608
1101,台泥,4,0,4,富邦-台東,2023-06-28,9608
1802,台玻,4,0,4,富邦-台東,2023-06-28,9608
3564,其陽,4,0,4,富邦-台東,2023-06-28,9608
4102,永日,4,0,4,富邦-台東,2023-06-28,9608
4543,萬在,4,0,4,富邦-台東,2023-06-28,9608
4161,聿新科,665,2,663,富邦-台東,2023-06-29,9608
2734,易飛網,606,0,606,富邦-台東,2023-06-29,9608
3013,晟銘電,308,5,303,富邦-台東,2023-06-29,9608
4174,浩鼎,230,6,224,富邦-台東,2023-06-29,9608
6153,嘉聯益,80,8,72,富邦-台東,2023-06-29,9608
2618,長榮航,33,2,31,富邦-台東,2023-06-29,9608
2736,富野,22,0,22,富邦-台東,2023-06-29,9608
00715L,期街口布蘭特正2,21,0,21,富邦-台東,2023-06-29,9608
2303,聯電,18,0,18,富邦-台東,2023-06-29,9608
00706L,期元大S＆P日圓正2,17,0,17,富邦-台東,2023-06-29,9608
2609,陽明,15,0,15,富邦-台東,2023-06-29,9608
6125,廣運,15,1,14,富邦-台東,2023-06-29,9608
4155,訊映,29,16,13,富邦-台東,2023-06-29,9608
2317,鴻海,13,1,12,富邦-台東,2023-06-29,9608
5452,佶優,11,0,11,富邦-台東,2023-06-29,9608
1471,首利,11,0,11,富邦-台東,2023-06-29,9608
1701,中化,11,0,11,富邦-台東,2023-06-29,9608
4526,東台,10,0,10,富邦-台東,2023-06-29,9608
1472,三洋實業,20,10,10,富邦-台東,2023-06-29,9608
2382,廣達,8,0,8,富邦-台東,2023-06-29,9608
00919,群益台灣精選高息,8,0,8,富邦-台東,2023-06-29,9608
00893,國泰智能電動車,7,0,7,富邦-台東,2023-06-29,9608
1528,恩德,7,0,7,富邦-台東,2023-06-29,9608
1802,台玻,7,0,7,富邦-台東,2023-06-29,9608
2332,友訊,14,7,7,富邦-台東,2023-06-29,9608
3264,欣銓,7,0,7,富邦-台東,2023-06-29,9608
6790,永豐實,7,0,7,富邦-台東,2023-06-29,9608
2022,聚亨,6,0,6,富邦-台東,2023-06-29,9608
8093,保銳,6,0,6,富邦-台東,2023-06-29,9608
1605,華新,9,4,5,富邦-台東,2023-06-29,9608
3045,台灣大,5,0,5,富邦-台東,2023-06-29,9608
2633,台灣高鐵,5,0,5,富邦-台東,2023-06-29,9608
8147,正淩,5,0,5,富邦-台東,2023-06-29,9608
8916,光隆,5,0,5,富邦-台東,2023-06-29,9608
8936,國統,5,0,5,富邦-台東,2023-06-29,9608
00922,國泰台灣領袖50,15,11,4,富邦-台東,2023-06-29,9608
00907,永豐優息存股,4,0,4,富邦-台東,2023-06-29,9608
2449,京元電子,4,0,4,富邦-台東,2023-06-29,9608
2883B,凱基金乙特,4,0,4,富邦-台東,2023-06-29,9608
3046,建��,6,2,4,富邦-台東,2023-06-29,9608
4551,智伸科,4,0,4,富邦-台東,2023-06-29,9608
4916,事欣科,4,0,4,富邦-台東,2023-06-29,9608
4967,十銓,6,2,4,富邦-台東,2023-06-29,9608
4979,華星光,12,8,4,富邦-台東,2023-06-29,9608
6290,良維,14,10,4,富邦-台東,2023-06-29,9608
6776,展�眥篕�,4,0,4,富邦-台東,2023-06-29,9608
3481,群創,8,5,3,富邦-台東,2023-06-29,9608
1303,南亞,3,0,3,富邦-台東,2023-06-29,9608
1313,聯成,3,0,3,富邦-台東,2023-06-29,9608
1227,佳格,3,0,3,富邦-台東,2023-06-29,9608
1609,大亞,52,3,49,富邦-台東,2023-06-30,9608
2324,仁寶,51,2,49,富邦-台東,2023-06-30,9608
2344,華邦電,38,2,36,富邦-台東,2023-06-30,9608
00673R,期元大S＆P原油反1,30,0,30,富邦-台東,2023-06-30,9608
00687B,國泰20年美債,29,3,26,富邦-台東,2023-06-30,9608
00706L,期元大S＆P日圓正2,25,0,25,富邦-台東,2023-06-30,9608
00688L,國泰20年美債正2,25,0,25,富邦-台東,2023-06-30,9608
2371,大同,30,5,25,富邦-台東,2023-06-30,9608
2618,長榮航,25,4,21,富邦-台東,2023-06-30,9608
2645,長榮航太,20,0,20,富邦-台東,2023-06-30,9608
2887,台新金,21,1,20,富邦-台東,2023-06-30,9608
0056,元大高股息,20,1,19,富邦-台東,2023-06-30,9608
00712,復華富時不動產,18,0,18,富邦-台東,2023-06-30,9608
3704,合勤控,21,3,18,富邦-台東,2023-06-30,9608
00679B,元大美債20年,17,0,17,富邦-台東,2023-06-30,9608
8048,德勝,17,0,17,富邦-台東,2023-06-30,9608
6477,安集,14,0,14,富邦-台東,2023-06-30,9608
00885,富邦越南,13,0,13,富邦-台東,2023-06-30,9608
1472,三洋實業,23,10,13,富邦-台東,2023-06-30,9608
6790,永豐實,13,0,13,富邦-台東,2023-06-30,9608
2409,友達,12,0,12,富邦-台東,2023-06-30,9608
2340,台亞,11,1,10,富邦-台東,2023-06-30,9608
1444,力麗,10,0,10,富邦-台東,2023-06-30,9608
3092,鴻碩,10,0,10,富邦-台東,2023-06-30,9608
3259,鑫創,10,0,10,富邦-台東,2023-06-30,9608
5347,世界,11,2,9,富邦-台東,2023-06-30,9608
2408,南亞科,8,0,8,富邦-台東,2023-06-30,9608
00923,群益台ESG低碳50,7,0,7,富邦-台東,2023-06-30,9608
4128,中天,7,0,7,富邦-台東,2023-06-30,9608
4157,太景*-KY,9,2,7,富邦-台東,2023-06-30,9608
4906,正文,65,58,7,富邦-台東,2023-06-30,9608
3034,聯詠,7,0,7,富邦-台東,2023-06-30,9608
00772B,中信高評級公司債,6,0,6,富邦-台東,2023-06-30,9608
4104,佳醫,6,0,6,富邦-台東,2023-06-30,9608
6541,泰福-KY,8,2,6,富邦-台東,2023-06-30,9608
3013,晟銘電,13,7,6,富邦-台東,2023-06-30,9608
1584,精剛,5,0,5,富邦-台東,2023-06-30,9608
1734,杏輝,5,0,5,富邦-台東,2023-06-30,9608
2351,順德,5,0,5,富邦-台東,2023-06-30,9608
2610,華航,20,15,5,富邦-台東,2023-06-30,9608
4147,中裕,6,1,5,富邦-台東,2023-06-30,9608
5703,亞都,5,0,5,富邦-台東,2023-06-30,9608
6279,胡連,5,0,5,富邦-台東,2023-06-30,9608
8050,廣積,12,7,5,富邦-台東,2023-06-30,9608
2615,萬海,24,19,5,富邦-台東,2023-06-30,9608
00795B,中信美國公債20年,4,0,4,富邦-台東,2023-06-30,9608
1513,中興電,11,7,4,富邦-台東,2023-06-30,9608
2528,皇普,4,0,4,富邦-台東,2023-06-30,9608
2888,新光金,5,1,4,富邦-台東,2023-06-30,9608
5258,虹堡,5,1,4,富邦-台東,2023-06-30,9608
8210,勤誠,1042,1,1041,富邦-台東,2023-07-03,9608
1609,大亞,209,10,199,富邦-台東,2023-07-03,9608
2340,台亞,93,1,92,富邦-台東,2023-07-03,9608
6153,嘉聯益,73,2,71,富邦-台東,2023-07-03,9608
00673R,期元大S＆P原油反1,40,0,40,富邦-台東,2023-07-03,9608
4147,中裕,35,0,35,富邦-台東,2023-07-03,9608
00632R,元大台灣50反1,33,0,33,富邦-台東,2023-07-03,9608
2408,南亞科,31,2,29,富邦-台東,2023-07-03,9608
3706,神達,30,1,29,富邦-台東,2023-07-03,9608
2303,聯電,33,7,26,富邦-台東,2023-07-03,9608
4915,致伸,23,1,22,富邦-台東,2023-07-03,9608
00706L,期元大S＆P日圓正2,20,0,20,富邦-台東,2023-07-03,9608
2637,慧洋-KY,20,0,20,富邦-台東,2023-07-03,9608
6116,彩晶,22,3,19,富邦-台東,2023-07-03,9608
1904,正隆,22,3,19,富邦-台東,2023-07-03,9608
00885,富邦越南,18,2,16,富邦-台東,2023-07-03,9608
2610,華航,18,2,16,富邦-台東,2023-07-03,9608
2317,鴻海,18,3,15,富邦-台東,2023-07-03,9608
1528,恩德,25,10,15,富邦-台東,2023-07-03,9608
2371,大同,16,2,14,富邦-台東,2023-07-03,9608
2323,中環,15,2,13,富邦-台東,2023-07-03,9608
1447,力鵬,12,0,12,富邦-台東,2023-07-03,9608
1802,台玻,12,0,12,富邦-台東,2023-07-03,9608
2206,三陽工業,12,0,12,富邦-台東,2023-07-03,9608
2913,農林,12,0,12,富邦-台東,2023-07-03,9608
3380,明泰,12,0,12,富邦-台東,2023-07-03,9608
4906,正文,20,8,12,富邦-台東,2023-07-03,9608
6191,精成科,12,1,11,富邦-台東,2023-07-03,9608
8150,南茂,11,0,11,富邦-台東,2023-07-03,9608
1467,南緯,10,0,10,富邦-台東,2023-07-03,9608
2201,裕隆,11,1,10,富邦-台東,2023-07-03,9608
6266,泰詠,10,0,10,富邦-台東,2023-07-03,9608
3049,精金,10,1,9,富邦-台東,2023-07-03,9608
4174,浩鼎,11,2,9,富邦-台東,2023-07-03,9608
3481,群創,15,7,8,富邦-台東,2023-07-03,9608
2409,友達,19,12,7,富邦-台東,2023-07-03,9608
1795,美時,6,0,6,富邦-台東,2023-07-03,9608
1234,黑松,6,0,6,富邦-台東,2023-07-03,9608
00679B,元大美債20年,6,0,6,富邦-台東,2023-07-03,9608
1477,聚陽,6,0,6,富邦-台東,2023-07-03,9608
2611,志信,6,0,6,富邦-台東,2023-07-03,9608
2603,長榮,15,9,6,富邦-台東,2023-07-03,9608
5312,寶島科,6,0,6,富邦-台東,2023-07-03,9608
3045,台灣大,5,0,5,富邦-台東,2023-07-03,9608
4532,瑞智,11,6,5,富邦-台東,2023-07-03,9608
2498,宏達電,5,0,5,富邦-台東,2023-07-03,9608
2645,長榮航太,5,0,5,富邦-台東,2023-07-03,9608
3508,位速,5,0,5,富邦-台東,2023-07-03,9608
5706,鳳凰,5,0,5,富邦-台東,2023-07-03,9608
8049,晶采,5,0,5,富邦-台東,2023-07-03,9608
3374,精材,1384,3,1381,富邦-台東,2023-07-04,9608
2324,仁寶,105,9,96,富邦-台東,2023-07-04,9608
6153,嘉聯益,84,0,84,富邦-台東,2023-07-04,9608
00706L,期元大S＆P日圓正2,60,0,60,富邦-台東,2023-07-04,9608
2888,新光金,41,5,36,富邦-台東,2023-07-04,9608
1101,台泥,33,0,33,富邦-台東,2023-07-04,9608
00673R,期元大S＆P原油反1,30,0,30,富邦-台東,2023-07-04,9608
2736,富野,30,0,30,富邦-台東,2023-07-04,9608
1603,華電,31,2,29,富邦-台東,2023-07-04,9608
2317,鴻海,26,2,24,富邦-台東,2023-07-04,9608
00764B,群益25年美債,23,0,23,富邦-台東,2023-07-04,9608
2603,長榮,48,27,21,富邦-台東,2023-07-04,9608
2618,長榮航,30,10,20,富邦-台東,2023-07-04,9608
4147,中裕,20,0,20,富邦-台東,2023-07-04,9608
2353,宏��,18,0,18,富邦-台東,2023-07-04,9608
6125,廣運,19,1,18,富邦-台東,2023-07-04,9608
2609,陽明,33,16,17,富邦-台東,2023-07-04,9608
4747,強生,16,0,16,富邦-台東,2023-07-04,9608
2014,中鴻,17,3,14,富邦-台東,2023-07-04,9608
2834,臺企銀,12,0,12,富邦-台東,2023-07-04,9608
3380,明泰,14,2,12,富邦-台東,2023-07-04,9608
2891,中信金,11,0,11,富邦-台東,2023-07-04,9608
00657,國泰日經225,11,0,11,富邦-台東,2023-07-04,9608
4174,浩鼎,26,15,11,富邦-台東,2023-07-04,9608
6486,互動,11,0,11,富邦-台東,2023-07-04,9608
00878,國泰永續高股息,10,0,10,富邦-台東,2023-07-04,9608
3062,建漢,20,10,10,富邦-台東,2023-07-04,9608
6109,亞元,10,0,10,富邦-台東,2023-07-04,9608
6712,長聖,10,0,10,富邦-台東,2023-07-04,9608
5880,合庫金,10,1,9,富邦-台東,2023-07-04,9608
3265,台星科,10,1,9,富邦-台東,2023-07-04,9608
2301,光寶科,12,4,8,富邦-台東,2023-07-04,9608
2369,菱生,8,0,8,富邦-台東,2023-07-04,9608
6112,邁達特,8,1,7,富邦-台東,2023-07-04,9608
00722B,群益投資級電信債,7,0,7,富邦-台東,2023-07-04,9608
2630,亞航,11,4,7,富邦-台東,2023-07-04,9608
5465,富驊,7,0,7,富邦-台東,2023-07-04,9608
2615,萬海,41,35,6,富邦-台東,2023-07-04,9608
1504,東元,7,1,6,富邦-台東,2023-07-04,9608
2368,金像電,6,0,6,富邦-台東,2023-07-04,9608
2913,農林,8,2,6,富邦-台東,2023-07-04,9608
4207,環泰,6,0,6,富邦-台東,2023-07-04,9608
6160,欣技,6,0,6,富邦-台東,2023-07-04,9608
6187,萬潤,7,1,6,富邦-台東,2023-07-04,9608
3481,群創,6,1,5,富邦-台東,2023-07-04,9608
00713,元大台灣高息低波,5,0,5,富邦-台東,2023-07-04,9608
00901,永豐智能車供應鏈,5,0,5,富邦-台東,2023-07-04,9608
2419,仲琦,16,11,5,富邦-台東,2023-07-04,9608
2449,京元電子,7,2,5,富邦-台東,2023-07-04,9608
2480,敦陽科,5,0,5,富邦-台東,2023-07-04,9608
6167,久正,200,0,200,富邦-台東,2023-07-05,9608
2460,建通,85,0,85,富邦-台東,2023-07-05,9608
6153,嘉聯益,40,2,38,富邦-台東,2023-07-05,9608
2618,長榮航,76,40,36,富邦-台東,2023-07-05,9608
2888,新光金,32,0,32,富邦-台東,2023-07-05,9608
1618,合機,30,0,30,富邦-台東,2023-07-05,9608
2356,英業達,35,6,29,富邦-台東,2023-07-05,9608
6220,岳豐,31,4,27,富邦-台東,2023-07-05,9608
2313,華通,36,10,26,富邦-台東,2023-07-05,9608
00673R,期元大S＆P原油反1,24,0,24,富邦-台東,2023-07-05,9608
3481,群創,22,0,22,富邦-台東,2023-07-05,9608
1101,台泥,22,1,21,富邦-台東,2023-07-05,9608
2734,易飛網,22,2,20,富邦-台東,2023-07-05,9608
2317,鴻海,20,1,19,富邦-台東,2023-07-05,9608
6446,藥華藥,16,0,16,富邦-台東,2023-07-05,9608
2883,凱基金,15,1,14,富邦-台東,2023-07-05,9608
3706,神達,23,10,13,富邦-台東,2023-07-05,9608
2427,三商電,22,9,13,富邦-台東,2023-07-05,9608
4904,遠傳,12,0,12,富邦-台東,2023-07-05,9608
2115,六暉-KY,12,0,12,富邦-台東,2023-07-05,9608
2610,華航,51,39,12,富邦-台東,2023-07-05,9608
3624,光頡,11,0,11,富邦-台東,2023-07-05,9608
00893,國泰智能電動車,10,0,10,富邦-台東,2023-07-05,9608
3056,富華新,10,0,10,富邦-台東,2023-07-05,9608
2891,中信金,10,0,10,富邦-台東,2023-07-05,9608
00706L,期元大S＆P日圓正2,10,0,10,富邦-台東,2023-07-05,9608
1472,三洋實業,10,0,10,富邦-台東,2023-07-05,9608
2353,宏��,10,0,10,富邦-台東,2023-07-05,9608
2369,菱生,13,3,10,富邦-台東,2023-07-05,9608
2388,威盛,10,0,10,富邦-台東,2023-07-05,9608
2536,宏普,10,0,10,富邦-台東,2023-07-05,9608
2836,高雄銀,10,0,10,富邦-台東,2023-07-05,9608
2884,玉山金,10,0,10,富邦-台東,2023-07-05,9608
3508,位速,10,0,10,富邦-台東,2023-07-05,9608
8176,智捷,10,0,10,富邦-台東,2023-07-05,9608
6125,廣運,11,2,9,富邦-台東,2023-07-05,9608
4174,浩鼎,10,1,9,富邦-台東,2023-07-05,9608
6116,彩晶,9,0,9,富邦-台東,2023-07-05,9608
2340,台亞,19,10,9,富邦-台東,2023-07-05,9608
2402,毅嘉,20,12,8,富邦-台東,2023-07-05,9608
2014,中鴻,8,0,8,富邦-台東,2023-07-05,9608
2363,矽統,10,2,8,富邦-台東,2023-07-05,9608
2382,廣達,13,6,7,富邦-台東,2023-07-05,9608
4526,東台,9,2,7,富邦-台東,2023-07-05,9608
6188,廣明,7,1,6,富邦-台東,2023-07-05,9608
2421,建準,6,0,6,富邦-台東,2023-07-05,9608
2882,國泰金,6,0,6,富邦-台東,2023-07-05,9608
2412,中華電,5,0,5,富邦-台東,2023-07-05,9608
3034,聯詠,5,0,5,富邦-台東,2023-07-05,9608
3406,玉晶光,9,4,5,富邦-台東,2023-07-05,9608
00673R,期元大S＆P原油反1,164,6,158,富邦-台東,2023-07-06,9608
2609,陽明,77,2,75,富邦-台東,2023-07-06,9608
2409,友達,57,1,56,富邦-台東,2023-07-06,9608
4906,正文,34,2,32,富邦-台東,2023-07-06,9608
00722B,群益投資級電信債,31,0,31,富邦-台東,2023-07-06,9608
3685,元創精密,32,1,31,富邦-台東,2023-07-06,9608
2618,長榮航,32,4,28,富邦-台東,2023-07-06,9608
3231,緯創,57,30,27,富邦-台東,2023-07-06,9608
6153,嘉聯益,24,1,23,富邦-台東,2023-07-06,9608
2834,臺企銀,22,0,22,富邦-台東,2023-07-06,9608
2883,凱基金,21,0,21,富邦-台東,2023-07-06,9608
00671R,富邦NASDAQ反1,20,0,20,富邦-台東,2023-07-06,9608
3406,玉晶光,22,2,20,富邦-台東,2023-07-06,9608
2115,六暉-KY,18,0,18,富邦-台東,2023-07-06,9608
2352,佳世達,25,7,18,富邦-台東,2023-07-06,9608
1504,東元,18,1,17,富邦-台東,2023-07-06,9608
6222,上揚,17,0,17,富邦-台東,2023-07-06,9608
2891,中信金,21,5,16,富邦-台東,2023-07-06,9608
00929,復華台灣科技優息,16,0,16,富邦-台東,2023-07-06,9608
00878,國泰永續高股息,26,11,15,富邦-台東,2023-07-06,9608
2892,第一金,15,0,15,富邦-台東,2023-07-06,9608
00724B,群益投資級金融債,15,0,15,富邦-台東,2023-07-06,9608
3004,豐達科,15,0,15,富邦-台東,2023-07-06,9608
2002,中鋼,15,1,14,富邦-台東,2023-07-06,9608
2382,廣達,19,5,14,富邦-台東,2023-07-06,9608
2427,三商電,14,0,14,富邦-台東,2023-07-06,9608
3257,虹冠電,14,0,14,富邦-台東,2023-07-06,9608
5864,致和證,14,0,14,富邦-台東,2023-07-06,9608
1101,台泥,16,2,14,富邦-台東,2023-07-06,9608
6477,安集,23,10,13,富邦-台東,2023-07-06,9608
2449,京元電子,12,0,12,富邦-台東,2023-07-06,9608
2801,彰銀,12,0,12,富邦-台東,2023-07-06,9608
3037,欣興,14,2,12,富邦-台東,2023-07-06,9608
8114,振樺電,12,0,12,富邦-台東,2023-07-06,9608
00687B,國泰20年美債,11,0,11,富邦-台東,2023-07-06,9608
00764B,群益25年美債,11,0,11,富邦-台東,2023-07-06,9608
8050,廣積,11,0,11,富邦-台東,2023-07-06,9608
1301,台塑,10,0,10,富邦-台東,2023-07-06,9608
1472,三洋實業,10,0,10,富邦-台東,2023-07-06,9608
5009,榮剛,10,1,9,富邦-台東,2023-07-06,9608
6282,康舒,37,28,9,富邦-台東,2023-07-06,9608
00679B,元大美債20年,8,0,8,富邦-台東,2023-07-06,9608
00772B,中信高評級公司債,8,0,8,富邦-台東,2023-07-06,9608
1584,精剛,17,9,8,富邦-台東,2023-07-06,9608
2630,亞航,14,6,8,富邦-台東,2023-07-06,9608
3265,台星科,8,0,8,富邦-台東,2023-07-06,9608
0050,元大台灣50,9,1,8,富邦-台東,2023-07-06,9608
2317,鴻海,15,8,7,富邦-台東,2023-07-06,9608
2881,富邦金,7,0,7,富邦-台東,2023-07-06,9608
00907,永豐優息存股,7,0,7,富邦-台東,2023-07-06,9608
3481,群創,62,9,53,富邦-台東,2023-07-07,9608
00673R,期元大S＆P原油反1,50,0,50,富邦-台東,2023-07-07,9608
1604,聲寶,50,5,45,富邦-台東,2023-07-07,9608
5512,力麒,40,0,40,富邦-台東,2023-07-07,9608
4155,訊映,43,5,38,富邦-台東,2023-07-07,9608
00679B,元大美債20年,43,8,35,富邦-台東,2023-07-07,9608
3450,聯鈞,33,0,33,富邦-台東,2023-07-07,9608
00878,國泰永續高股息,57,25,32,富邦-台東,2023-07-07,9608
2344,華邦電,31,0,31,富邦-台東,2023-07-07,9608
3685,元創精密,30,0,30,富邦-台東,2023-07-07,9608
2498,宏達電,31,2,29,富邦-台東,2023-07-07,9608
0056,元大高股息,27,2,25,富邦-台東,2023-07-07,9608
2834,臺企銀,22,0,22,富邦-台東,2023-07-07,9608
6126,信音,22,0,22,富邦-台東,2023-07-07,9608
2609,陽明,24,3,21,富邦-台東,2023-07-07,9608
1614,三洋電,20,0,20,富邦-台東,2023-07-07,9608
6485,點序,19,0,19,富邦-台東,2023-07-07,9608
2356,英業達,25,9,16,富邦-台東,2023-07-07,9608
2453,凌群,16,0,16,富邦-台東,2023-07-07,9608
00712,復華富時不動產,15,0,15,富邦-台東,2023-07-07,9608
6125,廣運,15,1,14,富邦-台東,2023-07-07,9608
6153,嘉聯益,15,1,14,富邦-台東,2023-07-07,9608
2369,菱生,13,0,13,富邦-台東,2023-07-07,9608
00929,復華台灣科技優息,12,0,12,富邦-台東,2023-07-07,9608
5347,世界,11,0,11,富邦-台東,2023-07-07,9608
00764B,群益25年美債,11,0,11,富邦-台東,2023-07-07,9608
2887,台新金,13,2,11,富邦-台東,2023-07-07,9608
6220,岳豐,11,0,11,富邦-台東,2023-07-07,9608
2406,國碩,10,0,10,富邦-台東,2023-07-07,9608
3406,玉晶光,10,0,10,富邦-台東,2023-07-07,9608
00706L,期元大S＆P日圓正2,10,0,10,富邦-台東,2023-07-07,9608
1467,南緯,10,0,10,富邦-台東,2023-07-07,9608
2010,春源,20,10,10,富邦-台東,2023-07-07,9608
4414,如興,10,0,10,富邦-台東,2023-07-07,9608
2881,富邦金,9,0,9,富邦-台東,2023-07-07,9608
00722B,群益投資級電信債,9,0,9,富邦-台東,2023-07-07,9608
1101,台泥,13,4,9,富邦-台東,2023-07-07,9608
3257,虹冠電,9,0,9,富邦-台東,2023-07-07,9608
4543,萬在,12,3,9,富邦-台東,2023-07-07,9608
4563,百德,9,0,9,富邦-台東,2023-07-07,9608
00922,國泰台灣領袖50,8,0,8,富邦-台東,2023-07-07,9608
00795B,中信美國公債20年,8,0,8,富邦-台東,2023-07-07,9608
1528,恩德,11,3,8,富邦-台東,2023-07-07,9608
2888,新光金,10,2,8,富邦-台東,2023-07-07,9608
00680L,元大美債20正2,7,0,7,富邦-台東,2023-07-07,9608
1314,中石化,7,0,7,富邦-台東,2023-07-07,9608
2382,廣達,12,5,7,富邦-台東,2023-07-07,9608
2449,京元電子,7,0,7,富邦-台東,2023-07-07,9608
3025,星通,23,16,7,富邦-台東,2023-07-07,9608
3189,景碩,7,0,7,富邦-台東,2023-07-07,9608
2340,台亞,835,11,824,富邦-台東,2023-07-10,9608
00878,國泰永續高股息,192,24,168,富邦-台東,2023-07-10,9608
00673R,期元大S＆P原油反1,130,0,130,富邦-台東,2023-07-10,9608
00882,中信中國高股息,51,0,51,富邦-台東,2023-07-10,9608
2312,金寶,48,0,48,富邦-台東,2023-07-10,9608
6153,嘉聯益,42,0,42,富邦-台東,2023-07-10,9608
4527,方土霖,26,1,25,富邦-台東,2023-07-10,9608
2419,仲琦,35,10,25,富邦-台東,2023-07-10,9608
00722B,群益投資級電信債,24,0,24,富邦-台東,2023-07-10,9608
4726,永昕,23,0,23,富邦-台東,2023-07-10,9608
8093,保銳,20,0,20,富邦-台東,2023-07-10,9608
00679B,元大美債20年,23,3,20,富邦-台東,2023-07-10,9608
00687B,國泰20年美債,19,0,19,富邦-台東,2023-07-10,9608
5381,合正,18,0,18,富邦-台東,2023-07-10,9608
00929,復華台灣科技優息,14,0,14,富邦-台東,2023-07-10,9608
00706L,期元大S＆P日圓正2,16,3,13,富邦-台東,2023-07-10,9608
1609,大亞,29,16,13,富邦-台東,2023-07-10,9608
2618,長榮航,38,26,12,富邦-台東,2023-07-10,9608
2014,中鴻,15,5,10,富邦-台東,2023-07-10,9608
2367,燿華,10,0,10,富邦-台東,2023-07-10,9608
2385,群光,11,1,10,富邦-台東,2023-07-10,9608
2480,敦陽科,10,0,10,富邦-台東,2023-07-10,9608
2834,臺企銀,10,0,10,富邦-台東,2023-07-10,9608
3088,艾訊,10,0,10,富邦-台東,2023-07-10,9608
5864,致和證,12,2,10,富邦-台東,2023-07-10,9608
4532,瑞智,21,12,9,富邦-台東,2023-07-10,9608
8050,廣積,10,1,9,富邦-台東,2023-07-10,9608
2603,長榮,11,2,9,富邦-台東,2023-07-10,9608
00724B,群益投資級金融債,8,0,8,富邦-台東,2023-07-10,9608
2303,聯電,9,1,8,富邦-台東,2023-07-10,9608
00795B,中信美國公債20年,7,0,7,富邦-台東,2023-07-10,9608
00764B,群益25年美債,7,0,7,富邦-台東,2023-07-10,9608
5403,中菲,7,0,7,富邦-台東,2023-07-10,9608
8358,金居,7,0,7,富邦-台東,2023-07-10,9608
00753L,中信中國50正2,6,0,6,富邦-台東,2023-07-10,9608
2457,飛宏,9,3,6,富邦-台東,2023-07-10,9608
2489,瑞軒,6,0,6,富邦-台東,2023-07-10,9608
4979,華星光,16,10,6,富邦-台東,2023-07-10,9608
6206,飛捷,6,0,6,富邦-台東,2023-07-10,9608
2317,鴻海,7,2,5,富邦-台東,2023-07-10,9608
1301,台塑,5,0,5,富邦-台東,2023-07-10,9608
6703,軒郁,5,0,5,富邦-台東,2023-07-10,9608
00857B,永豐20年美公債,5,0,5,富邦-台東,2023-07-10,9608
1471,首利,5,0,5,富邦-台東,2023-07-10,9608
2201,裕隆,25,20,5,富邦-台東,2023-07-10,9608
3265,台星科,7,2,5,富邦-台東,2023-07-10,9608
3545,敦泰,5,0,5,富邦-台東,2023-07-10,9608
6026,福邦證,5,0,5,富邦-台東,2023-07-10,9608
6125,廣運,5,0,5,富邦-台東,2023-07-10,9608
6180,橘子,5,0,5,富邦-台東,2023-07-10,9608
1609,大亞,84,32,52,富邦-台東,2023-07-11,9608
2408,南亞科,43,0,43,富邦-台東,2023-07-11,9608
00712,復華富時不動產,40,0,40,富邦-台東,2023-07-11,9608
6222,上揚,40,0,40,富邦-台東,2023-07-11,9608
4934,太極,54,17,37,富邦-台東,2023-07-11,9608
1101,台泥,40,6,34,富邦-台東,2023-07-11,9608
00632R,元大台灣50反1,31,0,31,富邦-台東,2023-07-11,9608
1472,三洋實業,27,0,27,富邦-台東,2023-07-11,9608
6153,嘉聯益,28,3,25,富邦-台東,2023-07-11,9608
2610,華航,70,47,23,富邦-台東,2023-07-11,9608
3685,元創精密,21,0,21,富邦-台東,2023-07-11,9608
00680L,元大美債20正2,20,0,20,富邦-台東,2023-07-11,9608
2885,元大金,20,0,20,富邦-台東,2023-07-11,9608
4720,德淵,20,0,20,富邦-台東,2023-07-11,9608
8426,紅木-KY,21,1,20,富邦-台東,2023-07-11,9608
6288,聯嘉,20,0,20,富邦-台東,2023-07-11,9608
2834,臺企銀,20,1,19,富邦-台東,2023-07-11,9608
3207,耀勝,19,3,16,富邦-台東,2023-07-11,9608
1785,光洋科,15,0,15,富邦-台東,2023-07-11,9608
4533,協易機,14,0,14,富邦-台東,2023-07-11,9608
2630,亞航,13,0,13,富邦-台東,2023-07-11,9608
3707,漢磊,15,2,13,富邦-台東,2023-07-11,9608
4770,上品,12,0,12,富邦-台東,2023-07-11,9608
2618,長榮航,25,14,11,富邦-台東,2023-07-11,9608
4526,東台,11,0,11,富邦-台東,2023-07-11,9608
1337,再生-KY,10,0,10,富邦-台東,2023-07-11,9608
1603,華電,10,0,10,富邦-台東,2023-07-11,9608
2606,裕民,10,0,10,富邦-台東,2023-07-11,9608
2634,漢翔,10,0,10,富邦-台東,2023-07-11,9608
5864,致和證,10,0,10,富邦-台東,2023-07-11,9608
8033,雷虎,10,0,10,富邦-台東,2023-07-11,9608
8038,長園科,10,0,10,富邦-台東,2023-07-11,9608
2609,陽明,28,18,10,富邦-台東,2023-07-11,9608
00929,復華台灣科技優息,10,1,9,富邦-台東,2023-07-11,9608
2888,新光金,10,1,9,富邦-台東,2023-07-11,9608
4510,高鋒,8,0,8,富邦-台東,2023-07-11,9608
6835,圓裕,8,0,8,富邦-台東,2023-07-11,9608
2353,宏��,10,2,8,富邦-台東,2023-07-11,9608
8255,朋程,7,0,7,富邦-台東,2023-07-11,9608
00892,富邦台灣半導體,7,0,7,富邦-台東,2023-07-11,9608
1528,恩德,7,0,7,富邦-台東,2023-07-11,9608
2382,廣達,14,8,6,富邦-台東,2023-07-11,9608
3491,昇達科,6,0,6,富邦-台東,2023-07-11,9608
6282,康舒,8,2,6,富邦-台東,2023-07-11,9608
3624,光頡,5,0,5,富邦-台東,2023-07-11,9608
4174,浩鼎,6,1,5,富邦-台東,2023-07-11,9608
4414,如興,5,0,5,富邦-台東,2023-07-11,9608
5460,同協,5,0,5,富邦-台東,2023-07-11,9608
4155,訊映,5,1,4,富邦-台東,2023-07-11,9608
3025,星通,25,21,4,富邦-台東,2023-07-11,9608
8155,博智,867,0,867,富邦-台東,2023-07-12,9608
2888,新光金,177,0,177,富邦-台東,2023-07-12,9608
00673R,期元大S＆P原油反1,140,0,140,富邦-台東,2023-07-12,9608
5608,四維航,100,0,100,富邦-台東,2023-07-12,9608
3207,耀勝,44,0,44,富邦-台東,2023-07-12,9608
00712,復華富時不動產,45,10,35,富邦-台東,2023-07-12,9608
3685,元創精密,35,0,35,富邦-台東,2023-07-12,9608
2303,聯電,34,10,24,富邦-台東,2023-07-12,9608
2023,燁輝,24,0,24,富邦-台東,2023-07-12,9608
3706,神達,44,21,23,富邦-台東,2023-07-12,9608
6116,彩晶,23,0,23,富邦-台東,2023-07-12,9608
00903,富邦元宇宙,20,0,20,富邦-台東,2023-07-12,9608
2606,裕民,20,0,20,富邦-台東,2023-07-12,9608
8016,矽創,20,1,19,富邦-台東,2023-07-12,9608
0056,元大高股息,46,27,19,富邦-台東,2023-07-12,9608
1472,三洋實業,15,0,15,富邦-台東,2023-07-12,9608
4533,協易機,119,104,15,富邦-台東,2023-07-12,9608
4953,緯軟,13,0,13,富邦-台東,2023-07-12,9608
6118,建達,14,1,13,富邦-台東,2023-07-12,9608
3265,台星科,13,1,12,富邦-台東,2023-07-12,9608
4532,瑞智,18,6,12,富邦-台東,2023-07-12,9608
2340,台亞,11,0,11,富邦-台東,2023-07-12,9608
2634,漢翔,11,0,11,富邦-台東,2023-07-12,9608
2323,中環,16,6,10,富邦-台東,2023-07-12,9608
1101,台泥,10,0,10,富邦-台東,2023-07-12,9608
2329,華泰,13,3,10,富邦-台東,2023-07-12,9608
3049,精金,10,0,10,富邦-台東,2023-07-12,9608
3357,臺慶科,10,0,10,富邦-台東,2023-07-12,9608
6548,長科*,10,0,10,富邦-台東,2023-07-12,9608
2301,光寶科,24,15,9,富邦-台東,2023-07-12,9608
5483,中美晶,12,4,8,富邦-台東,2023-07-12,9608
3576,聯合再生,8,0,8,富邦-台東,2023-07-12,9608
00720B,元大投資級公司債,7,0,7,富邦-台東,2023-07-12,9608
2379,瑞昱,7,0,7,富邦-台東,2023-07-12,9608
2881,富邦金,7,0,7,富邦-台東,2023-07-12,9608
6218,豪勉,7,0,7,富邦-台東,2023-07-12,9608
6222,上揚,7,0,7,富邦-台東,2023-07-12,9608
6835,圓裕,7,0,7,富邦-台東,2023-07-12,9608
2409,友達,6,0,6,富邦-台東,2023-07-12,9608
00905,FT臺灣Smart,6,0,6,富邦-台東,2023-07-12,9608
4563,百德,7,1,6,富邦-台東,2023-07-12,9608
6235,華孚,8,2,6,富邦-台東,2023-07-12,9608
1513,中興電,10,4,6,富邦-台東,2023-07-12,9608
8050,廣積,5,0,5,富邦-台東,2023-07-12,9608
3189,景碩,5,0,5,富邦-台東,2023-07-12,9608
6139,亞翔,6,1,5,富邦-台東,2023-07-12,9608
00632R,元大台灣50反1,5,0,5,富邦-台東,2023-07-12,9608
2206,三陽工業,5,0,5,富邦-台東,2023-07-12,9608
2536,宏普,5,0,5,富邦-台東,2023-07-12,9608
3234,光環,5,0,5,富邦-台東,2023-07-12,9608
6235,華孚,987,23,964,富邦-台東,2023-07-13,9608
00673R,期元大S＆P原油反1,134,0,134,富邦-台東,2023-07-13,9608
6770,力積電,76,4,72,富邦-台東,2023-07-13,9608
2618,長榮航,90,27,63,富邦-台東,2023-07-13,9608
4934,太極,33,7,26,富邦-台東,2023-07-13,9608
1101,台泥,33,11,22,富邦-台東,2023-07-13,9608
3231,緯創,47,25,22,富邦-台東,2023-07-13,9608
00680L,元大美債20正2,20,0,20,富邦-台東,2023-07-13,9608
1783,和康生,20,0,20,富邦-台東,2023-07-13,9608
4938,和碩,22,2,20,富邦-台東,2023-07-13,9608
5426,振發,20,2,18,富邦-台東,2023-07-13,9608
00632R,元大台灣50反1,21,5,16,富邦-台東,2023-07-13,9608
2883,凱基金,14,0,14,富邦-台東,2023-07-13,9608
1503,士電,14,3,11,富邦-台東,2023-07-13,9608
6120,達運,20,9,11,富邦-台東,2023-07-13,9608
6550,北極星藥業-KY,12,1,11,富邦-台東,2023-07-13,9608
00927,群益半導體收益,10,0,10,富邦-台東,2023-07-13,9608
00679B,元大美債20年,10,0,10,富邦-台東,2023-07-13,9608
2801,彰銀,10,0,10,富邦-台東,2023-07-13,9608
3033,威健,10,0,10,富邦-台東,2023-07-13,9608
3052,夆典,10,0,10,富邦-台東,2023-07-13,9608
5864,致和證,10,0,10,富邦-台東,2023-07-13,9608
6153,嘉聯益,10,0,10,富邦-台東,2023-07-13,9608
2379,瑞昱,10,1,9,富邦-台東,2023-07-13,9608
1314,中石化,9,0,9,富邦-台東,2023-07-13,9608
3710,連展投控,9,0,9,富邦-台東,2023-07-13,9608
2201,裕隆,10,1,9,富邦-台東,2023-07-13,9608
6188,廣明,18,9,9,富邦-台東,2023-07-13,9608
2323,中環,13,5,8,富邦-台東,2023-07-13,9608
6160,欣技,9,1,8,富邦-台東,2023-07-13,9608
1319,東陽,10,3,7,富邦-台東,2023-07-13,9608
3703,欣陸,7,0,7,富邦-台東,2023-07-13,9608
5483,中美晶,8,1,7,富邦-台東,2023-07-13,9608
2312,金寶,16,10,6,富邦-台東,2023-07-13,9608
1528,恩德,6,0,6,富邦-台東,2023-07-13,9608
2340,台亞,7,1,6,富邦-台東,2023-07-13,9608
3037,欣興,16,10,6,富邦-台東,2023-07-13,9608
3071,協禧,6,0,6,富邦-台東,2023-07-13,9608
2303,聯電,13,7,6,富邦-台東,2023-07-13,9608
1513,中興電,6,1,5,富邦-台東,2023-07-13,9608
00712,復華富時不動產,5,0,5,富邦-台東,2023-07-13,9608
2368,金像電,11,6,5,富邦-台東,2023-07-13,9608
2481,強茂,5,0,5,富邦-台東,2023-07-13,9608
3062,建漢,5,0,5,富邦-台東,2023-07-13,9608
3322,建舜電,10,5,5,富邦-台東,2023-07-13,9608
3466,德晉,5,0,5,富邦-台東,2023-07-13,9608
6590,普鴻,5,0,5,富邦-台東,2023-07-13,9608
2734,易飛網,4,0,4,富邦-台東,2023-07-13,9608
00930,永豐ESG低碳高息,4,0,4,富邦-台東,2023-07-13,9608
1301,台塑,4,0,4,富邦-台東,2023-07-13,9608
00673R,期元大S＆P原油反1,135,0,135,富邦-台東,2023-07-14,9608
2610,華航,91,17,74,富邦-台東,2023-07-14,9608
0056,元大高股息,56,12,44,富邦-台東,2023-07-14,9608
00632R,元大台灣50反1,36,0,36,富邦-台東,2023-07-14,9608
3380,明泰,38,3,35,富邦-台東,2023-07-14,9608
2634,漢翔,33,0,33,富邦-台東,2023-07-14,9608
6290,良維,30,3,27,富邦-台東,2023-07-14,9608
6125,廣運,25,0,25,富邦-台東,2023-07-14,9608
00929,復華台灣科技優息,34,12,22,富邦-台東,2023-07-14,9608
2408,南亞科,22,0,22,富邦-台東,2023-07-14,9608
1609,大亞,33,12,21,富邦-台東,2023-07-14,9608
00722B,群益投資級電信債,21,0,21,富邦-台東,2023-07-14,9608
2885,元大金,22,2,20,富邦-台東,2023-07-14,9608
2609,陽明,45,27,18,富邦-台東,2023-07-14,9608
00679B,元大美債20年,16,0,16,富邦-台東,2023-07-14,9608
2356,英業達,54,40,14,富邦-台東,2023-07-14,9608
2419,仲琦,23,10,13,富邦-台東,2023-07-14,9608
2867,三商壽,12,0,12,富邦-台東,2023-07-14,9608
3693,營邦,12,1,11,富邦-台東,2023-07-14,9608
00882,中信中國高股息,13,2,11,富邦-台東,2023-07-14,9608
2436,偉詮電,14,3,11,富邦-台東,2023-07-14,9608
4906,正文,20,9,11,富邦-台東,2023-07-14,9608
8358,金居,16,5,11,富邦-台東,2023-07-14,9608
3036,文曄,10,0,10,富邦-台東,2023-07-14,9608
00720B,元大投資級公司債,10,0,10,富邦-台東,2023-07-14,9608
00712,復華富時不動產,20,10,10,富邦-台東,2023-07-14,9608
00680L,元大美債20正2,10,0,10,富邦-台東,2023-07-14,9608
1810,和成,10,0,10,富邦-台東,2023-07-14,9608
2607,榮運,10,0,10,富邦-台東,2023-07-14,9608
4551,智伸科,10,0,10,富邦-台東,2023-07-14,9608
5014,建錩,10,0,10,富邦-台東,2023-07-14,9608
6111,大宇資,11,1,10,富邦-台東,2023-07-14,9608
6590,普鴻,10,0,10,富邦-台東,2023-07-14,9608
8171,天宇,10,0,10,富邦-台東,2023-07-14,9608
5483,中美晶,15,6,9,富邦-台東,2023-07-14,9608
2884,玉山金,8,0,8,富邦-台東,2023-07-14,9608
2371,大同,20,12,8,富邦-台東,2023-07-14,9608
00724B,群益投資級金融債,8,0,8,富邦-台東,2023-07-14,9608
2312,金寶,15,8,7,富邦-台東,2023-07-14,9608
2344,華邦電,7,0,7,富邦-台東,2023-07-14,9608
6282,康舒,15,8,7,富邦-台東,2023-07-14,9608
1522,堤維西,7,1,6,富邦-台東,2023-07-14,9608
6190,萬泰科,6,0,6,富邦-台東,2023-07-14,9608
8201,無敵,7,1,6,富邦-台東,2023-07-14,9608
00772B,中信高評級公司債,5,0,5,富邦-台東,2023-07-14,9608
1618,合機,5,0,5,富邦-台東,2023-07-14,9608
1809,中釉,5,0,5,富邦-台東,2023-07-14,9608
2314,台揚,5,0,5,富邦-台東,2023-07-14,9608
3466,德晉,5,0,5,富邦-台東,2023-07-14,9608
4106,雃博,5,0,5,富邦-台東,2023-07-14,9608
6282,康舒,4828,28,4800,富邦-台東,2023-07-17,9608
3338,泰碩,1597,240,1357,富邦-台東,2023-07-17,9608
00679B,元大美債20年,29,0,29,富邦-台東,2023-07-17,9608
00885,富邦越南,28,0,28,富邦-台東,2023-07-17,9608
2610,華航,44,18,26,富邦-台東,2023-07-17,9608
00772B,中信高評級公司債,23,0,23,富邦-台東,2023-07-17,9608
2645,長榮航太,21,0,21,富邦-台東,2023-07-17,9608
6590,普鴻,21,0,21,富邦-台東,2023-07-17,9608
6535,順藥,20,0,20,富邦-台東,2023-07-17,9608
6125,廣運,20,1,19,富邦-台東,2023-07-17,9608
1784,訊聯,17,0,17,富邦-台東,2023-07-17,9608
1711,永光,21,5,16,富邦-台東,2023-07-17,9608
00929,復華台灣科技優息,15,0,15,富邦-台東,2023-07-17,9608
2312,金寶,34,19,15,富邦-台東,2023-07-17,9608
00882,中信中國高股息,14,0,14,富邦-台東,2023-07-17,9608
3037,欣興,13,0,13,富邦-台東,2023-07-17,9608
00632R,元大台灣50反1,11,0,11,富邦-台東,2023-07-17,9608
6191,精成科,13,2,11,富邦-台東,2023-07-17,9608
5388,中磊,10,0,10,富邦-台東,2023-07-17,9608
020038,元大ESG配息N,10,0,10,富邦-台東,2023-07-17,9608
3049,精金,10,0,10,富邦-台東,2023-07-17,9608
5347,世界,10,0,10,富邦-台東,2023-07-17,9608
2851,中再保,10,0,10,富邦-台東,2023-07-17,9608
00673R,期元大S＆P原油反1,9,0,9,富邦-台東,2023-07-17,9608
3231,緯創,23,14,9,富邦-台東,2023-07-17,9608
2324,仁寶,14,6,8,富邦-台東,2023-07-17,9608
2409,友達,13,5,8,富邦-台東,2023-07-17,9608
5457,宣德,8,0,8,富邦-台東,2023-07-17,9608
3025,星通,10,2,8,富邦-台東,2023-07-17,9608
4123,晟德,10,2,8,富邦-台東,2023-07-17,9608
2352,佳世達,16,9,7,富邦-台東,2023-07-17,9608
2369,菱生,7,0,7,富邦-台東,2023-07-17,9608
5469,瀚宇博,10,4,6,富邦-台東,2023-07-17,9608
1535,中宇,6,0,6,富邦-台東,2023-07-17,9608
3105,穩懋,6,0,6,富邦-台東,2023-07-17,9608
3687,歐買尬,6,0,6,富邦-台東,2023-07-17,9608
4533,協易機,15,9,6,富邦-台東,2023-07-17,9608
4960,誠美材,7,1,6,富邦-台東,2023-07-17,9608
5009,榮剛,8,2,6,富邦-台東,2023-07-17,9608
8050,廣積,7,1,6,富邦-台東,2023-07-17,9608
2388,威盛,15,9,6,富邦-台東,2023-07-17,9608
8933,愛地雅,5,0,5,富邦-台東,2023-07-17,9608
2368,金像電,5,0,5,富邦-台東,2023-07-17,9608
2457,飛宏,7,2,5,富邦-台東,2023-07-17,9608
2855,統一證,5,0,5,富邦-台東,2023-07-17,9608
3035,智原,16,11,5,富邦-台東,2023-07-17,9608
3047,訊舟,5,0,5,富邦-台東,2023-07-17,9608
5484,慧友,5,0,5,富邦-台東,2023-07-17,9608
6005,群益證,5,0,5,富邦-台東,2023-07-17,9608
6741,91APP*-KY,5,0,5,富邦-台東,2023-07-17,9608
2867,三商壽,200,0,200,富邦-台東,2023-07-18,9608
00687B,國泰20年美債,125,0,125,富邦-台東,2023-07-18,9608
1789,神隆,74,0,74,富邦-台東,2023-07-18,9608
2312,金寶,81,21,60,富邦-台東,2023-07-18,9608
2408,南亞科,49,0,49,富邦-台東,2023-07-18,9608
2801,彰銀,46,0,46,富邦-台東,2023-07-18,9608
2324,仁寶,63,18,45,富邦-台東,2023-07-18,9608
2534,宏盛,37,0,37,富邦-台東,2023-07-18,9608
00679B,元大美債20年,35,0,35,富邦-台東,2023-07-18,9608
2201,裕隆,32,1,31,富邦-台東,2023-07-18,9608
6535,順藥,30,1,29,富邦-台東,2023-07-18,9608
00929,復華台灣科技優息,26,2,24,富邦-台東,2023-07-18,9608
2328,廣宇,26,5,21,富邦-台東,2023-07-18,9608
2449,京元電子,29,9,20,富邦-台東,2023-07-18,9608
00680L,元大美債20正2,20,0,20,富邦-台東,2023-07-18,9608
00715L,期街口布蘭特正2,20,0,20,富邦-台東,2023-07-18,9608
2038,海光,20,0,20,富邦-台東,2023-07-18,9608
8426,紅木-KY,20,0,20,富邦-台東,2023-07-18,9608
2323,中環,24,5,19,富邦-台東,2023-07-18,9608
6188,廣明,25,7,18,富邦-台東,2023-07-18,9608
00722B,群益投資級電信債,18,0,18,富邦-台東,2023-07-18,9608
1513,中興電,23,8,15,富邦-台東,2023-07-18,9608
3005,神基,16,2,14,富邦-台東,2023-07-18,9608
2362,藍天,14,0,14,富邦-台東,2023-07-18,9608
3092,鴻碩,14,0,14,富邦-台東,2023-07-18,9608
6590,普鴻,14,0,14,富邦-台東,2023-07-18,9608
4533,協易機,24,10,14,富邦-台東,2023-07-18,9608
00881,國泰台灣5G+,13,0,13,富邦-台東,2023-07-18,9608
4121,優盛,14,1,13,富邦-台東,2023-07-18,9608
1802,台玻,12,0,12,富邦-台東,2023-07-18,9608
2356,英業達,73,61,12,富邦-台東,2023-07-18,9608
00930,永豐ESG低碳高息,12,0,12,富邦-台東,2023-07-18,9608
2313,華通,12,1,11,富邦-台東,2023-07-18,9608
6122,擎邦,11,0,11,富邦-台東,2023-07-18,9608
6187,萬潤,16,5,11,富邦-台東,2023-07-18,9608
1314,中石化,10,0,10,富邦-台東,2023-07-18,9608
2369,菱生,10,0,10,富邦-台東,2023-07-18,9608
3624,光頡,10,0,10,富邦-台東,2023-07-18,9608
6109,亞元,10,0,10,富邦-台東,2023-07-18,9608
6288,聯嘉,10,0,10,富邦-台東,2023-07-18,9608
6603,富強鑫,10,0,10,富邦-台東,2023-07-18,9608
2379,瑞昱,15,5,10,富邦-台東,2023-07-18,9608
1313,聯成,11,1,10,富邦-台東,2023-07-18,9608
00696B,富邦美債20年,8,0,8,富邦-台東,2023-07-18,9608
1605,華新,8,0,8,富邦-台東,2023-07-18,9608
2401,凌陽,15,7,8,富邦-台東,2023-07-18,9608
6191,精成科,10,2,8,富邦-台東,2023-07-18,9608
6741,91APP*-KY,8,0,8,富邦-台東,2023-07-18,9608
6841,長佳智能,12,5,7,富邦-台東,2023-07-18,9608
1504,東元,11,4,7,富邦-台東,2023-07-18,9608
1529,樂事綠能,779,0,779,富邦-台東,2023-07-19,9608
2867,三商壽,202,10,192,富邦-台東,2023-07-19,9608
00674R,期元大S＆P黃金反1,50,0,50,富邦-台東,2023-07-19,9608
0056,元大高股息,47,5,42,富邦-台東,2023-07-19,9608
2353,宏��,37,11,26,富邦-台東,2023-07-19,9608
2399,映泰,27,2,25,富邦-台東,2023-07-19,9608
2618,長榮航,31,8,23,富邦-台東,2023-07-19,9608
2801,彰銀,19,0,19,富邦-台東,2023-07-19,9608
2515,中工,27,9,18,富邦-台東,2023-07-19,9608
2329,華泰,23,6,17,富邦-台東,2023-07-19,9608
2412,中華電,17,0,17,富邦-台東,2023-07-19,9608
2356,英業達,50,34,16,富邦-台東,2023-07-19,9608
2369,菱生,15,0,15,富邦-台東,2023-07-19,9608
8403,盛弘,14,0,14,富邦-台東,2023-07-19,9608
6282,康舒,18,4,14,富邦-台東,2023-07-19,9608
2498,宏達電,13,0,13,富邦-台東,2023-07-19,9608
6443,元晶,13,0,13,富邦-台東,2023-07-19,9608
6125,廣運,12,0,12,富邦-台東,2023-07-19,9608
2303,聯電,13,1,12,富邦-台東,2023-07-19,9608
1609,大亞,12,0,12,富邦-台東,2023-07-19,9608
2610,華航,28,17,11,富邦-台東,2023-07-19,9608
6122,擎邦,11,0,11,富邦-台東,2023-07-19,9608
2388,威盛,12,1,11,富邦-台東,2023-07-19,9608
00679B,元大美債20年,20,10,10,富邦-台東,2023-07-19,9608
00632R,元大台灣50反1,10,0,10,富邦-台東,2023-07-19,9608
2886,兆豐金,12,2,10,富邦-台東,2023-07-19,9608
3296,勝德,10,0,10,富邦-台東,2023-07-19,9608
6218,豪勉,10,0,10,富邦-台東,2023-07-19,9608
00891,中信關鍵半導體,9,0,9,富邦-台東,2023-07-19,9608
2382,廣達,12,4,8,富邦-台東,2023-07-19,9608
00764B,群益25年美債,12,4,8,富邦-台東,2023-07-19,9608
6194,育富,8,0,8,富邦-台東,2023-07-19,9608
4938,和碩,23,16,7,富邦-台東,2023-07-19,9608
2457,飛宏,10,3,7,富邦-台東,2023-07-19,9608
4116,明基醫,7,0,7,富邦-台東,2023-07-19,9608
4563,百德,7,0,7,富邦-台東,2023-07-19,9608
2027,大成鋼,6,0,6,富邦-台東,2023-07-19,9608
3062,建漢,6,0,6,富邦-台東,2023-07-19,9608
3189,景碩,13,7,6,富邦-台東,2023-07-19,9608
1402,遠東新,5,0,5,富邦-台東,2023-07-19,9608
1312,國喬,5,0,5,富邦-台東,2023-07-19,9608
00665L,富邦�琤肭磪囓�2,6,1,5,富邦-台東,2023-07-19,9608
1789,神隆,9,4,5,富邦-台東,2023-07-19,9608
2405,輔信,5,0,5,富邦-台東,2023-07-19,9608
2897,王道銀行,5,0,5,富邦-台東,2023-07-19,9608
3033,威健,5,0,5,富邦-台東,2023-07-19,9608
3305,昇貿,5,0,5,富邦-台東,2023-07-19,9608
5009,榮剛,10,5,5,富邦-台東,2023-07-19,9608
6530,創威,5,0,5,富邦-台東,2023-07-19,9608
6770,力積電,6,1,5,富邦-台東,2023-07-19,9608
2542,興富發,288,0,288,富邦-台東,2023-07-20,9608
00895,富邦未來車,101,0,101,富邦-台東,2023-07-20,9608
2303,聯電,83,15,68,富邦-台東,2023-07-20,9608
1513,中興電,37,0,37,富邦-台東,2023-07-20,9608
2337,旺宏,31,0,31,富邦-台東,2023-07-20,9608
00679B,元大美債20年,30,0,30,富邦-台東,2023-07-20,9608
3231,緯創,28,6,22,富邦-台東,2023-07-20,9608
3706,神達,40,18,22,富邦-台東,2023-07-20,9608
2312,金寶,33,12,21,富邦-台東,2023-07-20,9608
00674R,期元大S＆P黃金反1,20,0,20,富邦-台東,2023-07-20,9608
2609,陽明,24,8,16,富邦-台東,2023-07-20,9608
5443,均豪,15,0,15,富邦-台東,2023-07-20,9608
3032,偉訓,14,0,14,富邦-台東,2023-07-20,9608
2329,華泰,15,1,14,富邦-台東,2023-07-20,9608
1444,力麗,10,0,10,富邦-台東,2023-07-20,9608
1711,永光,10,0,10,富邦-台東,2023-07-20,9608
3715,定穎投控,10,0,10,富邦-台東,2023-07-20,9608
5328,華容,10,0,10,富邦-台東,2023-07-20,9608
2382,廣達,27,17,10,富邦-台東,2023-07-20,9608
1337,再生-KY,9,0,9,富邦-台東,2023-07-20,9608
1102,亞泥,9,0,9,富邦-台東,2023-07-20,9608
2344,華邦電,10,2,8,富邦-台東,2023-07-20,9608
3163,波若威,7,0,7,富邦-台東,2023-07-20,9608
6150,撼訊,15,8,7,富邦-台東,2023-07-20,9608
8033,雷虎,7,0,7,富邦-台東,2023-07-20,9608
2884,玉山金,6,0,6,富邦-台東,2023-07-20,9608
00712,復華富時不動產,6,0,6,富邦-台東,2023-07-20,9608
2409,友達,6,0,6,富邦-台東,2023-07-20,9608
2489,瑞軒,6,0,6,富邦-台東,2023-07-20,9608
00929,復華台灣科技優息,5,0,5,富邦-台東,2023-07-20,9608
1316,上曜,5,0,5,富邦-台東,2023-07-20,9608
00930,永豐ESG低碳高息,5,0,5,富邦-台東,2023-07-20,9608
1460,宏遠,5,0,5,富邦-台東,2023-07-20,9608
1795,美時,9,4,5,富邦-台東,2023-07-20,9608
2461,光群雷,5,0,5,富邦-台東,2023-07-20,9608
2608,嘉里大榮,5,0,5,富邦-台東,2023-07-20,9608
3596,智易,5,0,5,富邦-台東,2023-07-20,9608
5014,建錩,5,0,5,富邦-台東,2023-07-20,9608
6796,晉弘,5,0,5,富邦-台東,2023-07-20,9608
9946,三發地產,5,0,5,富邦-台東,2023-07-20,9608
6282,康舒,19,14,5,富邦-台東,2023-07-20,9608
6531,愛普*,4,0,4,富邦-台東,2023-07-20,9608
4977,眾達-KY,4,0,4,富邦-台東,2023-07-20,9608
2449,京元電子,5,1,4,富邦-台東,2023-07-20,9608
1736,喬山,4,0,4,富邦-台東,2023-07-20,9608
2515,中工,10,6,4,富邦-台東,2023-07-20,9608
3483,力致,4,0,4,富邦-台東,2023-07-20,9608
6446,藥華藥,16,12,4,富邦-台東,2023-07-20,9608
8155,博智,5,1,4,富邦-台東,2023-07-20,9608
6770,力積電,3,0,3,富邦-台東,2023-07-20,9608
2542,興富發,112,0,112,富邦-台東,2023-07-21,9608
1337,再生-KY,40,0,40,富邦-台東,2023-07-21,9608
8429,金麗-KY,36,0,36,富邦-台東,2023-07-21,9608
2303,聯電,39,11,28,富邦-台東,2023-07-21,9608
1455,集盛,22,0,22,富邦-台東,2023-07-21,9608
1312,國喬,20,0,20,富邦-台東,2023-07-21,9608
4747,強生,21,1,20,富邦-台東,2023-07-21,9608
6282,康舒,20,1,19,富邦-台東,2023-07-21,9608
1102,亞泥,18,0,18,富邦-台東,2023-07-21,9608
00673R,期元大S＆P原油反1,30,12,18,富邦-台東,2023-07-21,9608
2609,陽明,41,24,17,富邦-台東,2023-07-21,9608
2515,中工,15,0,15,富邦-台東,2023-07-21,9608
2801,彰銀,15,0,15,富邦-台東,2023-07-21,9608
6684,安格,15,0,15,富邦-台東,2023-07-21,9608
2408,南亞科,13,0,13,富邦-台東,2023-07-21,9608
2330,台積電,12,0,12,富邦-台東,2023-07-21,9608
1712,興農,11,0,11,富邦-台東,2023-07-21,9608
2337,旺宏,13,2,11,富邦-台東,2023-07-21,9608
1101,台泥,10,0,10,富邦-台東,2023-07-21,9608
00708L,期元大S＆P黃金正2,10,0,10,富邦-台東,2023-07-21,9608
2401,凌陽,10,0,10,富邦-台東,2023-07-21,9608
3481,群創,20,10,10,富邦-台東,2023-07-21,9608
3665,貿聯-KY,10,0,10,富邦-台東,2023-07-21,9608
5864,致和證,10,0,10,富邦-台東,2023-07-21,9608
6153,嘉聯益,10,0,10,富邦-台東,2023-07-21,9608
2705,六福,11,2,9,富邦-台東,2023-07-21,9608
2618,長榮航,9,1,8,富邦-台東,2023-07-21,9608
2357,華碩,13,5,8,富邦-台東,2023-07-21,9608
1605,華新,16,9,7,富邦-台東,2023-07-21,9608
2630,亞航,11,4,7,富邦-台東,2023-07-21,9608
6443,元晶,8,1,7,富邦-台東,2023-07-21,9608
2382,廣達,30,23,7,富邦-台東,2023-07-21,9608
0050,元大台灣50,6,0,6,富邦-台東,2023-07-21,9608
6770,力積電,6,0,6,富邦-台東,2023-07-21,9608
00679B,元大美債20年,11,5,6,富邦-台東,2023-07-21,9608
2371,大同,11,5,6,富邦-台東,2023-07-21,9608
2605,新興,6,0,6,富邦-台東,2023-07-21,9608
3264,欣銓,7,1,6,富邦-台東,2023-07-21,9608
3305,昇貿,8,2,6,富邦-台東,2023-07-21,9608
5871,中租-KY,6,0,6,富邦-台東,2023-07-21,9608
8299,群聯,6,0,6,富邦-台東,2023-07-21,9608
00924,復華S＆P500成長,6,0,6,富邦-台東,2023-07-21,9608
5347,世界,5,0,5,富邦-台東,2023-07-21,9608
00898,國泰基因免疫革命,5,0,5,富邦-台東,2023-07-21,9608
1309,台達化,5,0,5,富邦-台東,2023-07-21,9608
020038,元大ESG配息N,5,0,5,富邦-台東,2023-07-21,9608
1528,恩德,5,0,5,富邦-台東,2023-07-21,9608
1802,台玻,5,0,5,富邦-台東,2023-07-21,9608
1810,和成,5,0,5,富邦-台東,2023-07-21,9608
1907,永豐餘,5,0,5,富邦-台東,2023-07-21,9608
00895,富邦未來車,80,1,79,富邦-台東,2023-07-24,9608
00878,國泰永續高股息,104,44,60,富邦-台東,2023-07-24,9608
00929,復華台灣科技優息,41,8,33,富邦-台東,2023-07-24,9608
2618,長榮航,31,1,30,富邦-台東,2023-07-24,9608
1314,中石化,29,0,29,富邦-台東,2023-07-24,9608
6282,康舒,32,3,29,富邦-台東,2023-07-24,9608
2316,楠梓電,29,4,25,富邦-台東,2023-07-24,9608
00757,統一FANG+,22,0,22,富邦-台東,2023-07-24,9608
4934,太極,22,0,22,富邦-台東,2023-07-24,9608
2038,海光,20,0,20,富邦-台東,2023-07-24,9608
4526,東台,20,0,20,富邦-台東,2023-07-24,9608
3481,群創,22,3,19,富邦-台東,2023-07-24,9608
00673R,期元大S＆P原油反1,30,12,18,富邦-台東,2023-07-24,9608
1529,樂事綠能,17,1,16,富邦-台東,2023-07-24,9608
3231,緯創,23,7,16,富邦-台東,2023-07-24,9608
9105,泰金寶-DR,20,4,16,富邦-台東,2023-07-24,9608
2457,飛宏,18,3,15,富邦-台東,2023-07-24,9608
2515,中工,14,0,14,富邦-台東,2023-07-24,9608
1455,集盛,12,0,12,富邦-台東,2023-07-24,9608
2630,亞航,12,0,12,富邦-台東,2023-07-24,9608
5483,中美晶,12,0,12,富邦-台東,2023-07-24,9608
1802,台玻,11,0,11,富邦-台東,2023-07-24,9608
2328,廣宇,11,0,11,富邦-台東,2023-07-24,9608
4915,致伸,11,0,11,富邦-台東,2023-07-24,9608
2449,京元電子,20,10,10,富邦-台東,2023-07-24,9608
1604,聲寶,10,0,10,富邦-台東,2023-07-24,9608
1815,富喬,10,0,10,富邦-台東,2023-07-24,9608
2369,菱生,10,0,10,富邦-台東,2023-07-24,9608
2609,陽明,39,29,10,富邦-台東,2023-07-24,9608
2645,長榮航太,10,0,10,富邦-台東,2023-07-24,9608
2801,彰銀,10,0,10,富邦-台東,2023-07-24,9608
2834,臺企銀,10,0,10,富邦-台東,2023-07-24,9608
6191,精成科,11,1,10,富邦-台東,2023-07-24,9608
6438,迅得,10,0,10,富邦-台東,2023-07-24,9608
8046,南電,10,0,10,富邦-台東,2023-07-24,9608
8171,天宇,10,0,10,富邦-台東,2023-07-24,9608
2409,友達,9,0,9,富邦-台東,2023-07-24,9608
3025,星通,16,7,9,富邦-台東,2023-07-24,9608
3306,鼎天,9,0,9,富邦-台東,2023-07-24,9608
4155,訊映,9,0,9,富邦-台東,2023-07-24,9608
00923,群益台ESG低碳50,8,0,8,富邦-台東,2023-07-24,9608
2329,華泰,32,24,8,富邦-台東,2023-07-24,9608
1702,南僑,7,0,7,富邦-台東,2023-07-24,9608
2201,裕隆,7,0,7,富邦-台東,2023-07-24,9608
3105,穩懋,7,0,7,富邦-台東,2023-07-24,9608
3483,力致,7,0,7,富邦-台東,2023-07-24,9608
006208,富邦台50,6,0,6,富邦-台東,2023-07-24,9608
2542,興富發,6,0,6,富邦-台東,2023-07-24,9608
2886,兆豐金,6,0,6,富邦-台東,2023-07-24,9608
5340,建榮,12,6,6,富邦-台東,2023-07-24,9608
00720B,元大投資級公司債,62,0,62,富邦-台東,2023-07-25,9608
1609,大亞,53,0,53,富邦-台東,2023-07-25,9608
2353,宏��,49,2,47,富邦-台東,2023-07-25,9608
00673R,期元大S＆P原油反1,40,4,36,富邦-台東,2023-07-25,9608
2340,台亞,36,1,35,富邦-台東,2023-07-25,9608
00632R,元大台灣50反1,29,0,29,富邦-台東,2023-07-25,9608
6546,正基,25,0,25,富邦-台東,2023-07-25,9608
0056,元大高股息,120,98,22,富邦-台東,2023-07-25,9608
1905,華紙,25,4,21,富邦-台東,2023-07-25,9608
00929,復華台灣科技優息,20,0,20,富邦-台東,2023-07-25,9608
1455,集盛,20,0,20,富邦-台東,2023-07-25,9608
5302,太欣,20,0,20,富邦-台東,2023-07-25,9608
6125,廣運,40,23,17,富邦-台東,2023-07-25,9608
2888,新光金,20,3,17,富邦-台東,2023-07-25,9608
00679B,元大美債20年,15,0,15,富邦-台東,2023-07-25,9608
8429,金麗-KY,15,0,15,富邦-台東,2023-07-25,9608
1806,冠軍,14,0,14,富邦-台東,2023-07-25,9608
2301,光寶科,19,5,14,富邦-台東,2023-07-25,9608
3227,原相,22,8,14,富邦-台東,2023-07-25,9608
2206,三陽工業,14,1,13,富邦-台東,2023-07-25,9608
6590,普鴻,12,0,12,富邦-台東,2023-07-25,9608
1217,愛之味,21,10,11,富邦-台東,2023-07-25,9608
3372,典範,11,0,11,富邦-台東,2023-07-25,9608
3711,日月光投控,12,1,11,富邦-台東,2023-07-25,9608
4155,訊映,10,0,10,富邦-台東,2023-07-25,9608
2356,英業達,14,4,10,富邦-台東,2023-07-25,9608
1326,台化,10,0,10,富邦-台東,2023-07-25,9608
1467,南緯,10,0,10,富邦-台東,2023-07-25,9608
1517,利奇,10,0,10,富邦-台東,2023-07-25,9608
4123,晟德,10,0,10,富邦-台東,2023-07-25,9608
6535,順藥,10,0,10,富邦-台東,2023-07-25,9608
3338,泰碩,13,4,9,富邦-台東,2023-07-25,9608
3324,雙鴻,9,1,8,富邦-台東,2023-07-25,9608
6124,業強,8,0,8,富邦-台東,2023-07-25,9608
4533,協易機,9,1,8,富邦-台東,2023-07-25,9608
2368,金像電,9,2,7,富邦-台東,2023-07-25,9608
6244,茂迪,7,0,7,富邦-台東,2023-07-25,9608
00713,元大台灣高息低波,6,0,6,富邦-台東,2023-07-25,9608
00772B,中信高評級公司債,6,0,6,富邦-台東,2023-07-25,9608
1605,華新,16,10,6,富邦-台東,2023-07-25,9608
2461,光群雷,6,0,6,富邦-台東,2023-07-25,9608
3596,智易,6,0,6,富邦-台東,2023-07-25,9608
6222,上揚,8,2,6,富邦-台東,2023-07-25,9608
8103,瀚荃,6,0,6,富邦-台東,2023-07-25,9608
2303,聯電,10,5,5,富邦-台東,2023-07-25,9608
1471,首利,5,0,5,富邦-台東,2023-07-25,9608
00916,國泰全球品牌50,5,0,5,富邦-台東,2023-07-25,9608
2371,大同,5,0,5,富邦-台東,2023-07-25,9608
3006,晶豪科,5,0,5,富邦-台東,2023-07-25,9608
4414,如興,5,0,5,富邦-台東,2023-07-25,9608
4533,協易機,494,25,469,富邦-台東,2023-07-26,9608
8478,東哥遊艇,290,1,289,富邦-台東,2023-07-26,9608
00673R,期元大S＆P原油反1,93,0,93,富邦-台東,2023-07-26,9608
4532,瑞智,45,1,44,富邦-台東,2023-07-26,9608
3013,晟銘電,41,3,38,富邦-台東,2023-07-26,9608
6125,廣運,37,5,32,富邦-台東,2023-07-26,9608
6191,精成科,32,0,32,富邦-台東,2023-07-26,9608
2399,映泰,26,0,26,富邦-台東,2023-07-26,9608
8421,旭源,25,0,25,富邦-台東,2023-07-26,9608
8201,無敵,30,8,22,富邦-台東,2023-07-26,9608
2352,佳世達,23,2,21,富邦-台東,2023-07-26,9608
00929,復華台灣科技優息,21,0,21,富邦-台東,2023-07-26,9608
1314,中石化,20,0,20,富邦-台東,2023-07-26,9608
8358,金居,24,4,20,富邦-台東,2023-07-26,9608
00878,國泰永續高股息,40,21,19,富邦-台東,2023-07-26,9608
2371,大同,20,2,18,富邦-台東,2023-07-26,9608
1504,東元,44,27,17,富邦-台東,2023-07-26,9608
2337,旺宏,16,0,16,富邦-台東,2023-07-26,9608
1605,華新,13,0,13,富邦-台東,2023-07-26,9608
3689,湧德,15,2,13,富邦-台東,2023-07-26,9608
1789,神隆,15,3,12,富邦-台東,2023-07-26,9608
2344,華邦電,12,0,12,富邦-台東,2023-07-26,9608
6126,信音,16,4,12,富邦-台東,2023-07-26,9608
2206,三陽工業,12,1,11,富邦-台東,2023-07-26,9608
3059,華晶科,17,6,11,富邦-台東,2023-07-26,9608
1217,愛之味,11,0,11,富邦-台東,2023-07-26,9608
2359,所羅門,18,7,11,富邦-台東,2023-07-26,9608
2610,華航,15,5,10,富邦-台東,2023-07-26,9608
1810,和成,15,5,10,富邦-台東,2023-07-26,9608
2468,華經,10,0,10,富邦-台東,2023-07-26,9608
3049,精金,10,0,10,富邦-台東,2023-07-26,9608
2027,大成鋼,12,2,10,富邦-台東,2023-07-26,9608
2354,鴻準,13,4,9,富邦-台東,2023-07-26,9608
2421,建準,13,4,9,富邦-台東,2023-07-26,9608
6116,彩晶,22,13,9,富邦-台東,2023-07-26,9608
6657,華安,10,1,9,富邦-台東,2023-07-26,9608
2002,中鋼,9,0,9,富邦-台東,2023-07-26,9608
2329,華泰,81,73,8,富邦-台東,2023-07-26,9608
8076,伍豐,8,0,8,富邦-台東,2023-07-26,9608
00687B,國泰20年美債,8,0,8,富邦-台東,2023-07-26,9608
2038,海光,8,0,8,富邦-台東,2023-07-26,9608
5475,德宏,8,0,8,富邦-台東,2023-07-26,9608
6841,長佳智能,9,1,8,富邦-台東,2023-07-26,9608
2327,國巨,7,0,7,富邦-台東,2023-07-26,9608
8234,新漢,6,0,6,富邦-台東,2023-07-26,9608
3583,辛耘,10,4,6,富邦-台東,2023-07-26,9608
4414,如興,6,0,6,富邦-台東,2023-07-26,9608
6239,力成,7,1,6,富邦-台東,2023-07-26,9608
6606,建德工業,6,0,6,富邦-台東,2023-07-26,9608
6770,力積電,6,0,6,富邦-台東,2023-07-26,9608
2888,新光金,237,42,195,富邦-台東,2023-07-27,9608
00680L,元大美債20正2,106,0,106,富邦-台東,2023-07-27,9608
00895,富邦未來車,80,0,80,富邦-台東,2023-07-27,9608
1609,大亞,55,2,53,富邦-台東,2023-07-27,9608
5426,振發,50,0,50,富邦-台東,2023-07-27,9608
00679B,元大美債20年,36,0,36,富邦-台東,2023-07-27,9608
3306,鼎天,31,0,31,富邦-台東,2023-07-27,9608
6438,迅得,20,0,20,富邦-台東,2023-07-27,9608
00673R,期元大S＆P原油反1,24,6,18,富邦-台東,2023-07-27,9608
2486,一詮,16,0,16,富邦-台東,2023-07-27,9608
2356,英業達,19,4,15,富邦-台東,2023-07-27,9608
00713,元大台灣高息低波,20,6,14,富邦-台東,2023-07-27,9608
2367,燿華,14,0,14,富邦-台東,2023-07-27,9608
3481,群創,111,101,10,富邦-台東,2023-07-27,9608
00706L,期元大S＆P日圓正2,10,0,10,富邦-台東,2023-07-27,9608
00751B,元大AAA至A公司債,10,0,10,富邦-台東,2023-07-27,9608
2385,群光,12,2,10,富邦-台東,2023-07-27,9608
6245,立端,10,0,10,富邦-台東,2023-07-27,9608
6411,晶焱,10,0,10,富邦-台東,2023-07-27,9608
2301,光寶科,22,14,8,富邦-台東,2023-07-27,9608
00720B,元大投資級公司債,9,2,7,富邦-台東,2023-07-27,9608
4105,東洋,7,0,7,富邦-台東,2023-07-27,9608
5452,佶優,8,1,7,富邦-台東,2023-07-27,9608
3014,聯陽,7,0,7,富邦-台東,2023-07-27,9608
2897,王道銀行,6,0,6,富邦-台東,2023-07-27,9608
4523,永彰,6,0,6,富邦-台東,2023-07-27,9608
4551,智伸科,10,4,6,富邦-台東,2023-07-27,9608
6257,矽格,6,0,6,富邦-台東,2023-07-27,9608
1316,上曜,5,0,5,富邦-台東,2023-07-27,9608
1308,亞聚,5,0,5,富邦-台東,2023-07-27,9608
3466,德晉,5,0,5,富邦-台東,2023-07-27,9608
4726,永昕,6,1,5,富邦-台東,2023-07-27,9608
4746,台耀,10,5,5,富邦-台東,2023-07-27,9608
4754,國碳科,5,0,5,富邦-台東,2023-07-27,9608
4989,榮科,5,0,5,富邦-台東,2023-07-27,9608
8421,旭源,5,0,5,富邦-台東,2023-07-27,9608
9946,三發地產,5,0,5,富邦-台東,2023-07-27,9608
3693,營邦,6,2,4,富邦-台東,2023-07-27,9608
2421,建準,14,10,4,富邦-台東,2023-07-27,9608
2201,裕隆,9,5,4,富邦-台東,2023-07-27,9608
2313,華通,5,1,4,富邦-台東,2023-07-27,9608
2316,楠梓電,4,0,4,富邦-台東,2023-07-27,9608
2353,宏��,5,1,4,富邦-台東,2023-07-27,9608
2603,長榮,5,1,4,富邦-台東,2023-07-27,9608
00885,富邦越南,5,2,3,富邦-台東,2023-07-27,9608
2382,廣達,20,17,3,富邦-台東,2023-07-27,9608
2330,台積電,3,0,3,富邦-台東,2023-07-27,9608
2327,國巨,3,0,3,富邦-台東,2023-07-27,9608
1108,幸福,4,1,3,富邦-台東,2023-07-27,9608
1727,中華化,3,0,3,富邦-台東,2023-07-27,9608
6148,驊宏資,96,11,85,富邦-台東,2023-07-28,9608
00679B,元大美債20年,61,0,61,富邦-台東,2023-07-28,9608
00632R,元大台灣50反1,40,0,40,富邦-台東,2023-07-28,9608
1905,華紙,63,27,36,富邦-台東,2023-07-28,9608
00673R,期元大S＆P原油反1,33,0,33,富邦-台東,2023-07-28,9608
2017,官田鋼,28,0,28,富邦-台東,2023-07-28,9608
3481,群創,116,91,25,富邦-台東,2023-07-28,9608
1802,台玻,31,9,22,富邦-台東,2023-07-28,9608
2610,華航,36,16,20,富邦-台東,2023-07-28,9608
1314,中石化,30,12,18,富邦-台東,2023-07-28,9608
2888,新光金,20,2,18,富邦-台東,2023-07-28,9608
6125,廣運,29,11,18,富邦-台東,2023-07-28,9608
00687B,國泰20年美債,16,0,16,富邦-台東,2023-07-28,9608
1907,永豐餘,16,0,16,富邦-台東,2023-07-28,9608
1529,樂事綠能,15,0,15,富邦-台東,2023-07-28,9608
2399,映泰,15,0,15,富邦-台東,2023-07-28,9608
2605,新興,28,13,15,富邦-台東,2023-07-28,9608
00772B,中信高評級公司債,14,0,14,富邦-台東,2023-07-28,9608
00751B,元大AAA至A公司債,13,0,13,富邦-台東,2023-07-28,9608
2014,中鴻,13,0,13,富邦-台東,2023-07-28,9608
2913,農林,38,25,13,富邦-台東,2023-07-28,9608
2353,宏��,12,0,12,富邦-台東,2023-07-28,9608
00712,復華富時不動產,12,0,12,富邦-台東,2023-07-28,9608
2027,大成鋼,16,4,12,富邦-台東,2023-07-28,9608
8210,勤誠,12,1,11,富邦-台東,2023-07-28,9608
00923,群益台ESG低碳50,11,0,11,富邦-台東,2023-07-28,9608
2356,英業達,11,0,11,富邦-台東,2023-07-28,9608
2618,長榮航,22,11,11,富邦-台東,2023-07-28,9608
3227,原相,11,0,11,富邦-台東,2023-07-28,9608
4533,協易機,41,30,11,富邦-台東,2023-07-28,9608
4973,廣穎,11,0,11,富邦-台東,2023-07-28,9608
8277,商丞,12,1,11,富邦-台東,2023-07-28,9608
00683L,期元大美元指正2,10,0,10,富邦-台東,2023-07-28,9608
00720B,元大投資級公司債,10,0,10,富邦-台東,2023-07-28,9608
00753L,中信中國50正2,10,0,10,富邦-台東,2023-07-28,9608
1612,宏泰,10,0,10,富邦-台東,2023-07-28,9608
1903,士紙,10,0,10,富邦-台東,2023-07-28,9608
2401,凌陽,10,0,10,富邦-台東,2023-07-28,9608
2630,亞航,10,0,10,富邦-台東,2023-07-28,9608
3027,盛達,10,0,10,富邦-台東,2023-07-28,9608
6182,合晶,10,0,10,富邦-台東,2023-07-28,9608
3710,連展投控,9,0,9,富邦-台東,2023-07-28,9608
2369,菱生,20,12,8,富邦-台東,2023-07-28,9608
5880,合庫金,8,0,8,富邦-台東,2023-07-28,9608
2340,台亞,13,6,7,富邦-台東,2023-07-28,9608
3163,波若威,11,4,7,富邦-台東,2023-07-28,9608
6535,順藥,6,0,6,富邦-台東,2023-07-28,9608
2891,中信金,8,2,6,富邦-台東,2023-07-28,9608
3081,聯亞,12,6,6,富邦-台東,2023-07-28,9608
4755,三福化,6,0,6,富邦-台東,2023-07-28,9608
2312,金寶,149,14,135,富邦-台東,2023-07-31,9608
00706L,期元大S＆P日圓正2,70,0,70,富邦-台東,2023-07-31,9608
00673R,期元大S＆P原油反1,63,0,63,富邦-台東,2023-07-31,9608
2609,陽明,79,19,60,富邦-台東,2023-07-31,9608
3481,群創,39,0,39,富邦-台東,2023-07-31,9608
1314,中石化,30,0,30,富邦-台東,2023-07-31,9608
00895,富邦未來車,30,0,30,富邦-台東,2023-07-31,9608
8358,金居,36,6,30,富邦-台東,2023-07-31,9608
1905,華紙,64,39,25,富邦-台東,2023-07-31,9608
2610,華航,49,26,23,富邦-台東,2023-07-31,9608
00878,國泰永續高股息,30,7,23,富邦-台東,2023-07-31,9608
3231,緯創,38,16,22,富邦-台東,2023-07-31,9608
2603,長榮,30,8,22,富邦-台東,2023-07-31,9608
4938,和碩,21,0,21,富邦-台東,2023-07-31,9608
2038,海光,20,0,20,富邦-台東,2023-07-31,9608
2340,台亞,20,0,20,富邦-台東,2023-07-31,9608
2515,中工,20,0,20,富邦-台東,2023-07-31,9608
6438,迅得,30,10,20,富邦-台東,2023-07-31,9608
6125,廣運,38,19,19,富邦-台東,2023-07-31,9608
00929,復華台灣科技優息,23,5,18,富邦-台東,2023-07-31,9608
4977,眾達-KY,21,5,16,富邦-台東,2023-07-31,9608
6116,彩晶,20,4,16,富邦-台東,2023-07-31,9608
2423,固緯,15,0,15,富邦-台東,2023-07-31,9608
3483,力致,23,8,15,富邦-台東,2023-07-31,9608
2002,中鋼,12,0,12,富邦-台東,2023-07-31,9608
1101,台泥,12,0,12,富邦-台東,2023-07-31,9608
2356,英業達,19,7,12,富邦-台東,2023-07-31,9608
2303,聯電,12,1,11,富邦-台東,2023-07-31,9608
2353,宏��,17,6,11,富邦-台東,2023-07-31,9608
2891,中信金,10,0,10,富邦-台東,2023-07-31,9608
1783,和康生,10,0,10,富邦-台東,2023-07-31,9608
1904,正隆,10,0,10,富邦-台東,2023-07-31,9608
2883,凱基金,15,5,10,富邦-台東,2023-07-31,9608
6239,力成,11,1,10,富邦-台東,2023-07-31,9608
6446,藥華藥,17,7,10,富邦-台東,2023-07-31,9608
6683,雍智科技,10,0,10,富邦-台東,2023-07-31,9608
00679B,元大美債20年,9,0,9,富邦-台東,2023-07-31,9608
3706,神達,11,2,9,富邦-台東,2023-07-31,9608
8054,安國,9,0,9,富邦-台東,2023-07-31,9608
2890,永豐金,8,0,8,富邦-台東,2023-07-31,9608
3025,星通,22,14,8,富邦-台東,2023-07-31,9608
2301,光寶科,24,17,7,富邦-台東,2023-07-31,9608
4904,遠傳,7,0,7,富邦-台東,2023-07-31,9608
00713,元大台灣高息低波,7,0,7,富邦-台東,2023-07-31,9608
1313,聯成,17,10,7,富邦-台東,2023-07-31,9608
1217,愛之味,7,0,7,富邦-台東,2023-07-31,9608
2017,官田鋼,7,0,7,富邦-台東,2023-07-31,9608
2399,映泰,7,0,7,富邦-台東,2023-07-31,9608
6112,邁達特,8,1,7,富邦-台東,2023-07-31,9608
6153,嘉聯益,7,0,7,富邦-台東,2023-07-31,9608
00673R,期元大S＆P原油反1,65,0,65,富邦-台東,2023-08-01,9608
00712,復華富時不動產,62,0,62,富邦-台東,2023-08-01,9608
1802,台玻,78,35,43,富邦-台東,2023-08-01,9608
6125,廣運,52,18,34,富邦-台東,2023-08-01,9608
2344,華邦電,44,12,32,富邦-台東,2023-08-01,9608
2426,鼎元,32,0,32,富邦-台東,2023-08-01,9608
3712,永崴投控,26,1,25,富邦-台東,2023-08-01,9608
2312,金寶,34,10,24,富邦-台東,2023-08-01,9608
2409,友達,20,1,19,富邦-台東,2023-08-01,9608
2017,官田鋼,18,0,18,富邦-台東,2023-08-01,9608
2449,京元電子,21,5,16,富邦-台東,2023-08-01,9608
00929,復華台灣科技優息,15,0,15,富邦-台東,2023-08-01,9608
00923,群益台ESG低碳50,15,0,15,富邦-台東,2023-08-01,9608
6282,康舒,31,17,14,富邦-台東,2023-08-01,9608
00753L,中信中國50正2,13,0,13,富邦-台東,2023-08-01,9608
6187,萬潤,18,5,13,富邦-台東,2023-08-01,9608
3596,智易,12,0,12,富邦-台東,2023-08-01,9608
2515,中工,36,25,11,富邦-台東,2023-08-01,9608
2884,玉山金,11,0,11,富邦-台東,2023-08-01,9608
3346,麗清,11,0,11,富邦-台東,2023-08-01,9608
3033,威健,10,0,10,富邦-台東,2023-08-01,9608
4414,如興,10,0,10,富邦-台東,2023-08-01,9608
5876,上海商銀,10,0,10,富邦-台東,2023-08-01,9608
2887,台新金,10,0,10,富邦-台東,2023-08-01,9608
5388,中磊,9,0,9,富邦-台東,2023-08-01,9608
1584,精剛,9,0,9,富邦-台東,2023-08-01,9608
2323,中環,11,2,9,富邦-台東,2023-08-01,9608
2419,仲琦,14,5,9,富邦-台東,2023-08-01,9608
6285,啟��,23,14,9,富邦-台東,2023-08-01,9608
2329,華泰,10,2,8,富邦-台東,2023-08-01,9608
3163,波若威,11,3,8,富邦-台東,2023-08-01,9608
2891,中信金,8,0,8,富邦-台東,2023-08-01,9608
1609,大亞,8,0,8,富邦-台東,2023-08-01,9608
3580,友威科,8,0,8,富邦-台東,2023-08-01,9608
6207,雷科,8,0,8,富邦-台東,2023-08-01,9608
00882,中信中國高股息,7,0,7,富邦-台東,2023-08-01,9608
3088,艾訊,10,3,7,富邦-台東,2023-08-01,9608
2382,廣達,32,25,7,富邦-台東,2023-08-01,9608
1301,台塑,6,0,6,富邦-台東,2023-08-01,9608
2498,宏達電,6,0,6,富邦-台東,2023-08-01,9608
2630,亞航,6,0,6,富邦-台東,2023-08-01,9608
3011,今皓,6,0,6,富邦-台東,2023-08-01,9608
3056,富華新,7,1,6,富邦-台東,2023-08-01,9608
6222,上揚,7,1,6,富邦-台東,2023-08-01,9608
6234,高僑,8,3,5,富邦-台東,2023-08-01,9608
020032,元大綠能N,5,0,5,富邦-台東,2023-08-01,9608
00930,永豐ESG低碳高息,5,0,5,富邦-台東,2023-08-01,9608
2355,敬鵬,5,0,5,富邦-台東,2023-08-01,9608
4919,新唐,7,2,5,富邦-台東,2023-08-01,9608
8358,金居,5,0,5,富邦-台東,2023-08-01,9608
00878,國泰永續高股息,156,59,97,富邦-台東,2023-08-02,9608
1815,富喬,54,0,54,富邦-台東,2023-08-02,9608
3481,群創,50,4,46,富邦-台東,2023-08-02,9608
00687B,國泰20年美債,32,0,32,富邦-台東,2023-08-02,9608
00673R,期元大S＆P原油反1,31,0,31,富邦-台東,2023-08-02,9608
00900,富邦特選高股息30,29,0,29,富邦-台東,2023-08-02,9608
2017,官田鋼,69,40,29,富邦-台東,2023-08-02,9608
00929,復華台灣科技優息,28,0,28,富邦-台東,2023-08-02,9608
2610,華航,41,15,26,富邦-台東,2023-08-02,9608
2356,英業達,32,7,25,富邦-台東,2023-08-02,9608
6125,廣運,26,2,24,富邦-台東,2023-08-02,9608
4906,正文,26,3,23,富邦-台東,2023-08-02,9608
00923,群益台ESG低碳50,22,0,22,富邦-台東,2023-08-02,9608
5880,合庫金,21,0,21,富邦-台東,2023-08-02,9608
2353,宏��,24,4,20,富邦-台東,2023-08-02,9608
2498,宏達電,27,7,20,富邦-台東,2023-08-02,9608
00679B,元大美債20年,19,0,19,富邦-台東,2023-08-02,9608
00720B,元大投資級公司債,19,0,19,富邦-台東,2023-08-02,9608
3231,緯創,33,15,18,富邦-台東,2023-08-02,9608
1584,精剛,19,2,17,富邦-台東,2023-08-02,9608
2301,光寶科,28,13,15,富邦-台東,2023-08-02,9608
2801,彰銀,15,0,15,富邦-台東,2023-08-02,9608
00683L,期元大美元指正2,14,0,14,富邦-台東,2023-08-02,9608
6282,康舒,30,17,13,富邦-台東,2023-08-02,9608
00751B,元大AAA至A公司債,12,0,12,富邦-台東,2023-08-02,9608
00722B,群益投資級電信債,12,0,12,富邦-台東,2023-08-02,9608
2002,中鋼,14,2,12,富邦-台東,2023-08-02,9608
4113,聯上,12,0,12,富邦-台東,2023-08-02,9608
1907,永豐餘,16,5,11,富邦-台東,2023-08-02,9608
2449,京元電子,15,4,11,富邦-台東,2023-08-02,9608
1513,中興電,13,2,11,富邦-台東,2023-08-02,9608
1326,台化,10,0,10,富邦-台東,2023-08-02,9608
2354,鴻準,10,0,10,富邦-台東,2023-08-02,9608
3025,星通,10,0,10,富邦-台東,2023-08-02,9608
6126,信音,10,0,10,富邦-台東,2023-08-02,9608
1101,台泥,15,6,9,富邦-台東,2023-08-02,9608
4915,致伸,9,0,9,富邦-台東,2023-08-02,9608
2303,聯電,18,10,8,富邦-台東,2023-08-02,9608
2886,兆豐金,10,2,8,富邦-台東,2023-08-02,9608
6285,啟��,11,4,7,富邦-台東,2023-08-02,9608
2382,廣達,28,21,7,富邦-台東,2023-08-02,9608
00795B,中信美國公債20年,7,0,7,富邦-台東,2023-08-02,9608
00753L,中信中國50正2,7,0,7,富邦-台東,2023-08-02,9608
00885,富邦越南,11,4,7,富邦-台東,2023-08-02,9608
1789,神隆,10,3,7,富邦-台東,2023-08-02,9608
1802,台玻,14,7,7,富邦-台東,2023-08-02,9608
2317,鴻海,7,0,7,富邦-台東,2023-08-02,9608
2328,廣宇,7,0,7,富邦-台東,2023-08-02,9608
3588,通嘉,7,0,7,富邦-台東,2023-08-02,9608
4977,眾達-KY,8,1,7,富邦-台東,2023-08-02,9608
00679B,元大美債20年,82,0,82,富邦-台東,2023-08-04,9608
3231,緯創,83,22,61,富邦-台東,2023-08-04,9608
1609,大亞,63,11,52,富邦-台東,2023-08-04,9608
00929,復華台灣科技優息,52,0,52,富邦-台東,2023-08-04,9608
00772B,中信高評級公司債,42,0,42,富邦-台東,2023-08-04,9608
00688L,國泰20年美債正2,41,0,41,富邦-台東,2023-08-04,9608
1584,精剛,41,1,40,富邦-台東,2023-08-04,9608
00687B,國泰20年美債,37,0,37,富邦-台東,2023-08-04,9608
2393,億光,34,0,34,富邦-台東,2023-08-04,9608
2891,中信金,32,1,31,富邦-台東,2023-08-04,9608
5328,華容,30,0,30,富邦-台東,2023-08-04,9608
6176,瑞儀,30,0,30,富邦-台東,2023-08-04,9608
00923,群益台ESG低碳50,28,0,28,富邦-台東,2023-08-04,9608
3092,鴻碩,27,0,27,富邦-台東,2023-08-04,9608
00751B,元大AAA至A公司債,20,0,20,富邦-台東,2023-08-04,9608
00722B,群益投資級電信債,19,0,19,富邦-台東,2023-08-04,9608
00720B,元大投資級公司債,19,0,19,富邦-台東,2023-08-04,9608
2610,華航,26,8,18,富邦-台東,2023-08-04,9608
2014,中鴻,18,3,15,富邦-台東,2023-08-04,9608
2884,玉山金,15,1,14,富邦-台東,2023-08-04,9608
00900,富邦特選高股息30,13,0,13,富邦-台東,2023-08-04,9608
1605,華新,17,4,13,富邦-台東,2023-08-04,9608
1785,光洋科,16,3,13,富邦-台東,2023-08-04,9608
2344,華邦電,35,24,11,富邦-台東,2023-08-04,9608
00708L,期元大S＆P黃金正2,10,0,10,富邦-台東,2023-08-04,9608
3508,位速,10,0,10,富邦-台東,2023-08-04,9608
6443,元晶,10,0,10,富邦-台東,2023-08-04,9608
8150,南茂,10,0,10,富邦-台東,2023-08-04,9608
00795B,中信美國公債20年,9,0,9,富邦-台東,2023-08-04,9608
2002,中鋼,11,2,9,富邦-台東,2023-08-04,9608
2801,彰銀,9,0,9,富邦-台東,2023-08-04,9608
5469,瀚宇博,10,1,9,富邦-台東,2023-08-04,9608
2352,佳世達,16,8,8,富邦-台東,2023-08-04,9608
4915,致伸,10,2,8,富邦-台東,2023-08-04,9608
00680L,元大美債20正2,7,0,7,富邦-台東,2023-08-04,9608
3308,聯德,7,0,7,富邦-台東,2023-08-04,9608
5388,中磊,8,1,7,富邦-台東,2023-08-04,9608
8215,明基材,7,0,7,富邦-台東,2023-08-04,9608
4746,台耀,8,2,6,富邦-台東,2023-08-04,9608
00696B,富邦美債20年,6,0,6,富邦-台東,2023-08-04,9608
2023,燁輝,6,0,6,富邦-台東,2023-08-04,9608
8930,青鋼,6,0,6,富邦-台東,2023-08-04,9608
9907,統一實,6,0,6,富邦-台東,2023-08-04,9608
2892,第一金,9,3,6,富邦-台東,2023-08-04,9608
2498,宏達電,17,11,6,富邦-台東,2023-08-04,9608
1216,統一,6,0,6,富邦-台東,2023-08-04,9608
5371,中光電,6,1,5,富邦-台東,2023-08-04,9608
00907,永豐優息存股,5,0,5,富邦-台東,2023-08-04,9608
00753L,中信中國50正2,5,0,5,富邦-台東,2023-08-04,9608
00882,中信中國高股息,5,0,5,富邦-台東,2023-08-04,9608
3013,晟銘電,77,8,69,富邦-台東,2023-08-07,9608
2317,鴻海,50,1,49,富邦-台東,2023-08-07,9608
00632R,元大台灣50反1,47,0,47,富邦-台東,2023-08-07,9608
2401,凌陽,50,10,40,富邦-台東,2023-08-07,9608
6188,廣明,54,16,38,富邦-台東,2023-08-07,9608
5009,榮剛,42,12,30,富邦-台東,2023-08-07,9608
00673R,期元大S＆P原油反1,30,0,30,富邦-台東,2023-08-07,9608
00665L,富邦�琤肭磪囓�2,30,0,30,富邦-台東,2023-08-07,9608
0056,元大高股息,31,6,25,富邦-台東,2023-08-07,9608
00931B,統一美債20年,25,0,25,富邦-台東,2023-08-07,9608
2340,台亞,20,0,20,富邦-台東,2023-08-07,9608
00929,復華台灣科技優息,25,6,19,富邦-台東,2023-08-07,9608
2618,長榮航,29,10,19,富邦-台東,2023-08-07,9608
1905,華紙,15,0,15,富邦-台東,2023-08-07,9608
1584,精剛,15,0,15,富邦-台東,2023-08-07,9608
2419,仲琦,14,0,14,富邦-台東,2023-08-07,9608
00751B,元大AAA至A公司債,12,0,12,富邦-台東,2023-08-07,9608
00923,群益台ESG低碳50,11,0,11,富邦-台東,2023-08-07,9608
1909,榮成,12,2,10,富邦-台東,2023-08-07,9608
2038,海光,10,0,10,富邦-台東,2023-08-07,9608
3481,群創,10,0,10,富邦-台東,2023-08-07,9608
00878,國泰永續高股息,20,12,8,富邦-台東,2023-08-07,9608
00764B,群益25年美債,8,0,8,富邦-台東,2023-08-07,9608
00722B,群益投資級電信債,8,0,8,富邦-台東,2023-08-07,9608
2913,農林,9,1,8,富邦-台東,2023-08-07,9608
6125,廣運,18,11,7,富邦-台東,2023-08-07,9608
00795B,中信美國公債20年,7,0,7,富邦-台東,2023-08-07,9608
2201,裕隆,7,0,7,富邦-台東,2023-08-07,9608
6182,合晶,7,0,7,富邦-台東,2023-08-07,9608
6874,倍力,7,0,7,富邦-台東,2023-08-07,9608
2610,華航,42,36,6,富邦-台東,2023-08-07,9608
1529,樂事綠能,6,0,6,富邦-台東,2023-08-07,9608
2388,威盛,13,7,6,富邦-台東,2023-08-07,9608
5871,中租-KY,5,0,5,富邦-台東,2023-08-07,9608
00645,富邦日本,5,0,5,富邦-台東,2023-08-07,9608
00635U,期元大S＆P黃金,5,0,5,富邦-台東,2023-08-07,9608
1783,和康生,5,0,5,富邦-台東,2023-08-07,9608
1904,正隆,7,2,5,富邦-台東,2023-08-07,9608
2009,第一銅,10,5,5,富邦-台東,2023-08-07,9608
2316,楠梓電,5,0,5,富邦-台東,2023-08-07,9608
2630,亞航,17,12,5,富邦-台東,2023-08-07,9608
3056,富華新,5,0,5,富邦-台東,2023-08-07,9608
3346,麗清,5,0,5,富邦-台東,2023-08-07,9608
3693,營邦,5,0,5,富邦-台東,2023-08-07,9608
6116,彩晶,5,0,5,富邦-台東,2023-08-07,9608
8429,金麗-KY,5,0,5,富邦-台東,2023-08-07,9608
5388,中磊,4,0,4,富邦-台東,2023-08-07,9608
00720B,元大投資級公司債,4,0,4,富邦-台東,2023-08-07,9608
1313,聯成,4,0,4,富邦-台東,2023-08-07,9608
1504,東元,7,3,4,富邦-台東,2023-08-07,9608
2734,易飛網,80,0,80,富邦-台東,2023-08-08,9608
00665L,富邦�琤肭磪囓�2,70,0,70,富邦-台東,2023-08-08,9608
2812,台中銀,65,0,65,富邦-台東,2023-08-08,9608
2356,英業達,80,25,55,富邦-台東,2023-08-08,9608
3231,緯創,109,54,55,富邦-台東,2023-08-08,9608
00706L,期元大S＆P日圓正2,40,0,40,富邦-台東,2023-08-08,9608
6239,力成,40,0,40,富邦-台東,2023-08-08,9608
00900,富邦特選高股息30,37,0,37,富邦-台東,2023-08-08,9608
2913,農林,29,3,26,富邦-台東,2023-08-08,9608
1101,台泥,25,0,25,富邦-台東,2023-08-08,9608
00929,復華台灣科技優息,22,1,21,富邦-台東,2023-08-08,9608
00680L,元大美債20正2,21,0,21,富邦-台東,2023-08-08,9608
2340,台亞,20,0,20,富邦-台東,2023-08-08,9608
6120,達運,20,0,20,富邦-台東,2023-08-08,9608
1802,台玻,30,13,17,富邦-台東,2023-08-08,9608
00878,國泰永續高股息,43,27,16,富邦-台東,2023-08-08,9608
2371,大同,20,5,15,富邦-台東,2023-08-08,9608
2890,永豐金,12,0,12,富邦-台東,2023-08-08,9608
00751B,元大AAA至A公司債,10,0,10,富邦-台東,2023-08-08,9608
00708L,期元大S＆P黃金正2,10,0,10,富邦-台東,2023-08-08,9608
2038,海光,10,0,10,富邦-台東,2023-08-08,9608
2344,華邦電,10,0,10,富邦-台東,2023-08-08,9608
2834,臺企銀,10,0,10,富邦-台東,2023-08-08,9608
3049,精金,10,0,10,富邦-台東,2023-08-08,9608
5302,太欣,10,0,10,富邦-台東,2023-08-08,9608
5328,華容,10,0,10,富邦-台東,2023-08-08,9608
2301,光寶科,18,8,10,富邦-台東,2023-08-08,9608
1905,華紙,21,13,8,富邦-台東,2023-08-08,9608
00753L,中信中國50正2,7,0,7,富邦-台東,2023-08-08,9608
2801,彰銀,12,5,7,富邦-台東,2023-08-08,9608
2382,廣達,44,37,7,富邦-台東,2023-08-08,9608
2892,第一金,6,0,6,富邦-台東,2023-08-08,9608
2388,威盛,13,7,6,富邦-台東,2023-08-08,9608
2454,聯發科,6,0,6,富邦-台東,2023-08-08,9608
00931B,統一美債20年,6,0,6,富邦-台東,2023-08-08,9608
00897,富邦基因免疫生技,5,0,5,富邦-台東,2023-08-08,9608
2891,中信金,5,0,5,富邦-台東,2023-08-08,9608
6182,合晶,5,0,5,富邦-台東,2023-08-08,9608
00720B,元大投資級公司債,5,0,5,富邦-台東,2023-08-08,9608
00650L,復華香港正2,35,30,5,富邦-台東,2023-08-08,9608
2363,矽統,5,0,5,富邦-台東,2023-08-08,9608
5483,中美晶,5,0,5,富邦-台東,2023-08-08,9608
6590,普鴻,5,0,5,富邦-台東,2023-08-08,9608
8930,青鋼,5,0,5,富邦-台東,2023-08-08,9608
0056,元大高股息,11,6,5,富邦-台東,2023-08-08,9608
2352,佳世達,16,11,5,富邦-台東,2023-08-08,9608
2488,漢平,6,2,4,富邦-台東,2023-08-08,9608
2637,慧洋-KY,5,1,4,富邦-台東,2023-08-08,9608
2915,潤泰全,4,0,4,富邦-台東,2023-08-08,9608
3027,盛達,4,0,4,富邦-台東,2023-08-08,9608
00931B,統一美債20年,81,0,81,富邦-台東,2023-08-09,9608
00680L,元大美債20正2,80,0,80,富邦-台東,2023-08-09,9608
00900,富邦特選高股息30,64,0,64,富邦-台東,2023-08-09,9608
00929,復華台灣科技優息,54,0,54,富邦-台東,2023-08-09,9608
00632R,元大台灣50反1,53,0,53,富邦-台東,2023-08-09,9608
4533,協易機,32,1,31,富邦-台東,2023-08-09,9608
2340,台亞,30,0,30,富邦-台東,2023-08-09,9608
6116,彩晶,28,0,28,富邦-台東,2023-08-09,9608
3481,群創,26,0,26,富邦-台東,2023-08-09,9608
1609,大亞,25,0,25,富邦-台東,2023-08-09,9608
2017,官田鋼,25,0,25,富邦-台東,2023-08-09,9608
3356,奇偶,24,0,24,富邦-台東,2023-08-09,9608
3231,緯創,40,18,22,富邦-台東,2023-08-09,9608
2734,易飛網,20,0,20,富邦-台東,2023-08-09,9608
00772B,中信高評級公司債,20,1,19,富邦-台東,2023-08-09,9608
00878,國泰永續高股息,16,0,16,富邦-台東,2023-08-09,9608
2618,長榮航,35,20,15,富邦-台東,2023-08-09,9608
2038,海光,12,0,12,富邦-台東,2023-08-09,9608
5880,合庫金,12,0,12,富邦-台東,2023-08-09,9608
2891,中信金,10,0,10,富邦-台東,2023-08-09,9608
00892,富邦台灣半導體,10,0,10,富邦-台東,2023-08-09,9608
1608,華榮,10,0,10,富邦-台東,2023-08-09,9608
2312,金寶,11,1,10,富邦-台東,2023-08-09,9608
6282,康舒,10,1,9,富邦-台東,2023-08-09,9608
1210,大成,11,2,9,富邦-台東,2023-08-09,9608
3455,由田,8,0,8,富邦-台東,2023-08-09,9608
3521,鴻翊,8,0,8,富邦-台東,2023-08-09,9608
6182,合晶,10,3,7,富邦-台東,2023-08-09,9608
00930,永豐ESG低碳高息,7,0,7,富邦-台東,2023-08-09,9608
2002,中鋼,9,2,7,富邦-台東,2023-08-09,9608
2409,友達,8,1,7,富邦-台東,2023-08-09,9608
6016,康和證,7,0,7,富邦-台東,2023-08-09,9608
2352,佳世達,10,4,6,富邦-台東,2023-08-09,9608
6285,啟��,6,0,6,富邦-台東,2023-08-09,9608
1795,美時,9,3,6,富邦-台東,2023-08-09,9608
2344,華邦電,21,15,6,富邦-台東,2023-08-09,9608
2890,永豐金,7,1,6,富邦-台東,2023-08-09,9608
3508,位速,6,0,6,富邦-台東,2023-08-09,9608
4763,材料-KY,5,0,5,富邦-台東,2023-08-09,9608
1216,統一,5,0,5,富邦-台東,2023-08-09,9608
1472,三洋實業,5,0,5,富邦-台東,2023-08-09,9608
1605,華新,5,0,5,富邦-台東,2023-08-09,9608
2404,漢唐,5,0,5,富邦-台東,2023-08-09,9608
3257,虹冠電,7,2,5,富邦-台東,2023-08-09,9608
5425,台半,5,1,4,富邦-台東,2023-08-09,9608
2603,長榮,5,1,4,富邦-台東,2023-08-09,9608
2630,亞航,4,0,4,富邦-台東,2023-08-09,9608
4906,正文,6,2,4,富邦-台東,2023-08-09,9608
00685L,群益臺灣加權正2,3,0,3,富邦-台東,2023-08-09,9608
2731,雄獅,3,0,3,富邦-台東,2023-08-09,9608
00929,復華台灣科技優息,62,0,62,富邦-台東,2023-08-10,9608
00673R,期元大S＆P原油反1,58,0,58,富邦-台東,2023-08-10,9608
2610,華航,59,16,43,富邦-台東,2023-08-10,9608
00900,富邦特選高股息30,41,0,41,富邦-台東,2023-08-10,9608
00878,國泰永續高股息,98,63,35,富邦-台東,2023-08-10,9608
3481,群創,35,7,28,富邦-台東,2023-08-10,9608
1802,台玻,35,8,27,富邦-台東,2023-08-10,9608
00931B,統一美債20年,25,0,25,富邦-台東,2023-08-10,9608
00882,中信中國高股息,20,0,20,富邦-台東,2023-08-10,9608
6153,嘉聯益,20,0,20,富邦-台東,2023-08-10,9608
2303,聯電,28,10,18,富邦-台東,2023-08-10,9608
2891,中信金,23,6,17,富邦-台東,2023-08-10,9608
2329,華泰,16,1,15,富邦-台東,2023-08-10,9608
00923,群益台ESG低碳50,14,0,14,富邦-台東,2023-08-10,9608
1708,東鹼,15,2,13,富邦-台東,2023-08-10,9608
2031,新光鋼,13,0,13,富邦-台東,2023-08-10,9608
2618,長榮航,26,14,12,富邦-台東,2023-08-10,9608
00772B,中信高評級公司債,11,0,11,富邦-台東,2023-08-10,9608
3049,精金,10,0,10,富邦-台東,2023-08-10,9608
3466,德晉,10,0,10,富邦-台東,2023-08-10,9608
5469,瀚宇博,12,2,10,富邦-台東,2023-08-10,9608
2382,廣達,24,15,9,富邦-台東,2023-08-10,9608
2892,第一金,11,2,9,富邦-台東,2023-08-10,9608
6282,康舒,39,30,9,富邦-台東,2023-08-10,9608
2603,長榮,10,1,9,富邦-台東,2023-08-10,9608
6125,廣運,19,10,9,富邦-台東,2023-08-10,9608
2409,友達,9,0,9,富邦-台東,2023-08-10,9608
3032,偉訓,9,0,9,富邦-台東,2023-08-10,9608
6116,彩晶,9,0,9,富邦-台東,2023-08-10,9608
00753L,中信中國50正2,8,0,8,富邦-台東,2023-08-10,9608
2014,中鴻,11,3,8,富邦-台東,2023-08-10,9608
2038,海光,8,0,8,富邦-台東,2023-08-10,9608
2344,華邦電,11,3,8,富邦-台東,2023-08-10,9608
3521,鴻翊,8,0,8,富邦-台東,2023-08-10,9608
5531,鄉林,8,0,8,富邦-台東,2023-08-10,9608
2886,兆豐金,7,0,7,富邦-台東,2023-08-10,9608
2376,技嘉,10,3,7,富邦-台東,2023-08-10,9608
00919,群益台灣精選高息,6,0,6,富邦-台東,2023-08-10,9608
1611,中電,6,0,6,富邦-台東,2023-08-10,9608
2883,凱基金,12,6,6,富邦-台東,2023-08-10,9608
3037,欣興,8,2,6,富邦-台東,2023-08-10,9608
3324,雙鴻,6,0,6,富邦-台東,2023-08-10,9608
3231,緯創,30,24,6,富邦-台東,2023-08-10,9608
00650L,復華香港正2,5,0,5,富邦-台東,2023-08-10,9608
1337,再生-KY,5,0,5,富邦-台東,2023-08-10,9608
2912,統一超,5,0,5,富邦-台東,2023-08-10,9608
3078,僑威,10,5,5,富邦-台東,2023-08-10,9608
5236,凌陽創新,5,0,5,富邦-台東,2023-08-10,9608
5353,台林,5,0,5,富邦-台東,2023-08-10,9608
8110,華東,5,0,5,富邦-台東,2023-08-10,9608
2542,興富發,105,0,105,富邦-台東,2023-08-11,9608
00878,國泰永續高股息,77,5,72,富邦-台東,2023-08-11,9608
2460,建通,45,0,45,富邦-台東,2023-08-11,9608
00673R,期元大S＆P原油反1,40,0,40,富邦-台東,2023-08-11,9608
2753,八方雲集,30,0,30,富邦-台東,2023-08-11,9608
00931B,統一美債20年,27,0,27,富邦-台東,2023-08-11,9608
2363,矽統,30,7,23,富邦-台東,2023-08-11,9608
0056,元大高股息,22,0,22,富邦-台東,2023-08-11,9608
2014,中鴻,25,3,22,富邦-台東,2023-08-11,9608
2618,長榮航,65,43,22,富邦-台東,2023-08-11,9608
3481,群創,24,2,22,富邦-台東,2023-08-11,9608
00713,元大台灣高息低波,20,0,20,富邦-台東,2023-08-11,9608
00923,群益台ESG低碳50,20,0,20,富邦-台東,2023-08-11,9608
5328,華容,20,0,20,富邦-台東,2023-08-11,9608
00720B,元大投資級公司債,19,0,19,富邦-台東,2023-08-11,9608
00751B,元大AAA至A公司債,20,1,19,富邦-台東,2023-08-11,9608
3231,緯創,37,19,18,富邦-台東,2023-08-11,9608
6191,精成科,18,0,18,富邦-台東,2023-08-11,9608
00929,復華台灣科技優息,16,0,16,富邦-台東,2023-08-11,9608
00882,中信中國高股息,15,0,15,富邦-台東,2023-08-11,9608
2498,宏達電,14,1,13,富邦-台東,2023-08-11,9608
6188,廣明,36,23,13,富邦-台東,2023-08-11,9608
2330,台積電,13,0,13,富邦-台東,2023-08-11,9608
2892,第一金,13,0,13,富邦-台東,2023-08-11,9608
2356,英業達,41,29,12,富邦-台東,2023-08-11,9608
3013,晟銘電,15,3,12,富邦-台東,2023-08-11,9608
00679B,元大美債20年,13,2,11,富邦-台東,2023-08-11,9608
2406,國碩,10,0,10,富邦-台東,2023-08-11,9608
00708L,期元大S＆P黃金正2,10,0,10,富邦-台東,2023-08-11,9608
2017,官田鋼,10,0,10,富邦-台東,2023-08-11,9608
2340,台亞,10,0,10,富邦-台東,2023-08-11,9608
2425,承啟,10,0,10,富邦-台東,2023-08-11,9608
3049,精金,10,0,10,富邦-台東,2023-08-11,9608
3265,台星科,10,0,10,富邦-台東,2023-08-11,9608
6248,沛波,10,0,10,富邦-台東,2023-08-11,9608
00687B,國泰20年美債,9,0,9,富邦-台東,2023-08-11,9608
2323,中環,17,8,9,富邦-台東,2023-08-11,9608
2419,仲琦,9,0,9,富邦-台東,2023-08-11,9608
2609,陽明,11,3,8,富邦-台東,2023-08-11,9608
00633L,富邦上証正2,7,0,7,富邦-台東,2023-08-11,9608
2409,友達,7,0,7,富邦-台東,2023-08-11,9608
2605,新興,7,0,7,富邦-台東,2023-08-11,9608
6223,旺矽,9,2,7,富邦-台東,2023-08-11,9608
3483,力致,8,2,6,富邦-台東,2023-08-11,9608
4563,百德,6,0,6,富邦-台東,2023-08-11,9608
00895,富邦未來車,6,0,6,富邦-台東,2023-08-11,9608
00900,富邦特選高股息30,5,0,5,富邦-台東,2023-08-11,9608
2002,中鋼,5,0,5,富邦-台東,2023-08-11,9608
00892,富邦台灣半導體,5,0,5,富邦-台東,2023-08-11,9608
00753L,中信中國50正2,5,0,5,富邦-台東,2023-08-11,9608
2542,興富發,350,0,350,富邦-台東,2023-08-14,9608
00929,復華台灣科技優息,105,0,105,富邦-台東,2023-08-14,9608
00706L,期元大S＆P日圓正2,85,0,85,富邦-台東,2023-08-14,9608
00923,群益台ESG低碳50,83,0,83,富邦-台東,2023-08-14,9608
00878,國泰永續高股息,82,2,80,富邦-台東,2023-08-14,9608
00919,群益台灣精選高息,38,0,38,富邦-台東,2023-08-14,9608
2610,華航,42,7,35,富邦-台東,2023-08-14,9608
00900,富邦特選高股息30,34,0,34,富邦-台東,2023-08-14,9608
00907,永豐優息存股,30,1,29,富邦-台東,2023-08-14,9608
4533,協易機,31,2,29,富邦-台東,2023-08-14,9608
00930,永豐ESG低碳高息,32,5,27,富邦-台東,2023-08-14,9608
2888,新光金,26,0,26,富邦-台東,2023-08-14,9608
00882,中信中國高股息,26,3,23,富邦-台東,2023-08-14,9608
3006,晶豪科,20,0,20,富邦-台東,2023-08-14,9608
3049,精金,20,0,20,富邦-台東,2023-08-14,9608
1472,三洋實業,19,0,19,富邦-台東,2023-08-14,9608
2352,佳世達,17,0,17,富邦-台東,2023-08-14,9608
4147,中裕,17,0,17,富邦-台東,2023-08-14,9608
2891,中信金,16,0,16,富邦-台東,2023-08-14,9608
00903,富邦元宇宙,15,0,15,富邦-台東,2023-08-14,9608
3483,力致,18,3,15,富邦-台東,2023-08-14,9608
1605,華新,57,43,14,富邦-台東,2023-08-14,9608
2460,建通,14,0,14,富邦-台東,2023-08-14,9608
3481,群創,16,2,14,富邦-台東,2023-08-14,9608
1210,大成,14,0,14,富邦-台東,2023-08-14,9608
2014,中鴻,17,5,12,富邦-台東,2023-08-14,9608
00679B,元大美債20年,12,0,12,富邦-台東,2023-08-14,9608
1101,台泥,11,0,11,富邦-台東,2023-08-14,9608
1529,樂事綠能,11,0,11,富邦-台東,2023-08-14,9608
2002,中鋼,11,0,11,富邦-台東,2023-08-14,9608
1460,宏遠,10,0,10,富邦-台東,2023-08-14,9608
2367,燿華,10,0,10,富邦-台東,2023-08-14,9608
2498,宏達電,11,1,10,富邦-台東,2023-08-14,9608
2913,農林,10,0,10,富邦-台東,2023-08-14,9608
5469,瀚宇博,10,0,10,富邦-台東,2023-08-14,9608
2340,台亞,10,0,10,富邦-台東,2023-08-14,9608
00673R,期元大S＆P原油反1,9,0,9,富邦-台東,2023-08-14,9608
1304,台聚,12,3,9,富邦-台東,2023-08-14,9608
5871,中租-KY,8,0,8,富邦-台東,2023-08-14,9608
00850,元大臺灣ESG永續,8,0,8,富邦-台東,2023-08-14,9608
2409,友達,10,2,8,富邦-台東,2023-08-14,9608
3521,鴻翊,8,0,8,富邦-台東,2023-08-14,9608
00931B,統一美債20年,7,0,7,富邦-台東,2023-08-14,9608
1795,美時,11,4,7,富邦-台東,2023-08-14,9608
2440,太空梭,7,0,7,富邦-台東,2023-08-14,9608
3704,合勤控,7,0,7,富邦-台東,2023-08-14,9608
4164,承業醫,8,1,7,富邦-台東,2023-08-14,9608
8112,至上,10,3,7,富邦-台東,2023-08-14,9608
9907,統一實,7,0,7,富邦-台東,2023-08-14,9608
4162,智擎,7,1,6,富邦-台東,2023-08-14,9608
00900,富邦特選高股息30,113,2,111,富邦-台東,2023-08-15,9608
6167,久正,88,3,85,富邦-台東,2023-08-15,9608
00706L,期元大S＆P日圓正2,70,0,70,富邦-台東,2023-08-15,9608
00929,復華台灣科技優息,66,3,63,富邦-台東,2023-08-15,9608
2201,裕隆,51,0,51,富邦-台東,2023-08-15,9608
00923,群益台ESG低碳50,33,0,33,富邦-台東,2023-08-15,9608
2317,鴻海,27,3,24,富邦-台東,2023-08-15,9608
2340,台亞,20,0,20,富邦-台東,2023-08-15,9608
3483,力致,20,4,16,富邦-台東,2023-08-15,9608
3231,緯創,29,16,13,富邦-台東,2023-08-15,9608
5009,榮剛,17,5,12,富邦-台東,2023-08-15,9608
00772B,中信高評級公司債,10,0,10,富邦-台東,2023-08-15,9608
2323,中環,15,5,10,富邦-台東,2023-08-15,9608
5234,達興材料,10,0,10,富邦-台東,2023-08-15,9608
6182,合晶,10,0,10,富邦-台東,2023-08-15,9608
6491,晶碩,10,0,10,富邦-台東,2023-08-15,9608
8476,台境*,10,0,10,富邦-台東,2023-08-15,9608
2324,仁寶,97,87,10,富邦-台東,2023-08-15,9608
2356,英業達,26,18,8,富邦-台東,2023-08-15,9608
2618,長榮航,33,25,8,富邦-台東,2023-08-15,9608
2353,宏��,18,10,8,富邦-台東,2023-08-15,9608
6125,廣運,12,6,6,富邦-台東,2023-08-15,9608
00882,中信中國高股息,7,1,6,富邦-台東,2023-08-15,9608
2634,漢翔,6,0,6,富邦-台東,2023-08-15,9608
3044,健鼎,7,1,6,富邦-台東,2023-08-15,9608
5353,台林,6,0,6,富邦-台東,2023-08-15,9608
2002,中鋼,6,0,6,富邦-台東,2023-08-15,9608
2891,中信金,5,0,5,富邦-台東,2023-08-15,9608
6202,盛群,5,0,5,富邦-台東,2023-08-15,9608
00916,國泰全球品牌50,5,0,5,富邦-台東,2023-08-15,9608
00885,富邦越南,5,0,5,富邦-台東,2023-08-15,9608
2022,聚亨,7,2,5,富邦-台東,2023-08-15,9608
2887,台新金,5,0,5,富邦-台東,2023-08-15,9608
2913,農林,5,0,5,富邦-台東,2023-08-15,9608
4147,中裕,5,0,5,富邦-台東,2023-08-15,9608
4961,天鈺,5,0,5,富邦-台東,2023-08-15,9608
5425,台半,10,5,5,富邦-台東,2023-08-15,9608
8358,金居,5,0,5,富邦-台東,2023-08-15,9608
1102,亞泥,4,0,4,富邦-台東,2023-08-15,9608
00850,元大臺灣ESG永續,4,0,4,富邦-台東,2023-08-15,9608
2883,凱基金,4,0,4,富邦-台東,2023-08-15,9608
8926,台汽電,4,0,4,富邦-台東,2023-08-15,9608
1609,大亞,11,8,3,富邦-台東,2023-08-15,9608
2886,兆豐金,4,1,3,富邦-台東,2023-08-15,9608
2027,大成鋼,3,0,3,富邦-台東,2023-08-15,9608
1460,宏遠,3,0,3,富邦-台東,2023-08-15,9608
00632R,元大台灣50反1,3,0,3,富邦-台東,2023-08-15,9608
00722B,群益投資級電信債,3,0,3,富邦-台東,2023-08-15,9608
1477,聚陽,3,0,3,富邦-台東,2023-08-15,9608
2328,廣宇,3,0,3,富邦-台東,2023-08-15,9608
2303,聯電,101,15,86,富邦-台東,2023-08-16,9608
00929,復華台灣科技優息,65,1,64,富邦-台東,2023-08-16,9608
3049,精金,62,0,62,富邦-台東,2023-08-16,9608
2834,臺企銀,82,30,52,富邦-台東,2023-08-16,9608
00878,國泰永續高股息,52,1,51,富邦-台東,2023-08-16,9608
2460,建通,44,1,43,富邦-台東,2023-08-16,9608
00688L,國泰20年美債正2,40,0,40,富邦-台東,2023-08-16,9608
6167,久正,34,0,34,富邦-台東,2023-08-16,9608
2892,第一金,34,1,33,富邦-台東,2023-08-16,9608
00715L,期街口布蘭特正2,30,0,30,富邦-台東,2023-08-16,9608
2610,華航,46,16,30,富邦-台東,2023-08-16,9608
2603,長榮,23,0,23,富邦-台東,2023-08-16,9608
00923,群益台ESG低碳50,21,0,21,富邦-台東,2023-08-16,9608
00753L,中信中國50正2,20,0,20,富邦-台東,2023-08-16,9608
00680L,元大美債20正2,20,0,20,富邦-台東,2023-08-16,9608
6535,順藥,20,0,20,富邦-台東,2023-08-16,9608
6111,大宇資,20,2,18,富邦-台東,2023-08-16,9608
2891,中信金,17,1,16,富邦-台東,2023-08-16,9608
00706L,期元大S＆P日圓正2,15,0,15,富邦-台東,2023-08-16,9608
2609,陽明,18,4,14,富邦-台東,2023-08-16,9608
2002,中鋼,14,0,14,富邦-台東,2023-08-16,9608
3715,定穎投控,17,3,14,富邦-台東,2023-08-16,9608
2884,玉山金,32,21,11,富邦-台東,2023-08-16,9608
5469,瀚宇博,11,0,11,富邦-台東,2023-08-16,9608
3481,群創,34,23,11,富邦-台東,2023-08-16,9608
00648R,元大S＆P500反1,10,0,10,富邦-台東,2023-08-16,9608
00751B,元大AAA至A公司債,10,0,10,富邦-台東,2023-08-16,9608
2340,台亞,10,0,10,富邦-台東,2023-08-16,9608
2888,新光金,10,0,10,富邦-台東,2023-08-16,9608
2915,潤泰全,20,10,10,富邦-台東,2023-08-16,9608
5521,工信,10,0,10,富邦-台東,2023-08-16,9608
9105,泰金寶-DR,10,0,10,富邦-台東,2023-08-16,9608
2886,兆豐金,8,0,8,富邦-台東,2023-08-16,9608
1504,東元,10,2,8,富邦-台東,2023-08-16,9608
2344,華邦電,8,0,8,富邦-台東,2023-08-16,9608
3231,緯創,55,47,8,富邦-台東,2023-08-16,9608
00772B,中信高評級公司債,7,0,7,富邦-台東,2023-08-16,9608
2317,鴻海,9,2,7,富邦-台東,2023-08-16,9608
00679B,元大美債20年,8,1,7,富邦-台東,2023-08-16,9608
1101,台泥,17,11,6,富邦-台東,2023-08-16,9608
3013,晟銘電,11,5,6,富邦-台東,2023-08-16,9608
6005,群益證,6,0,6,富邦-台東,2023-08-16,9608
5371,中光電,6,0,6,富邦-台東,2023-08-16,9608
2330,台積電,5,0,5,富邦-台東,2023-08-16,9608
00931B,統一美債20年,5,0,5,富邦-台東,2023-08-16,9608
00665L,富邦�琤肭磪囓�2,5,0,5,富邦-台東,2023-08-16,9608
2327,國巨,5,0,5,富邦-台東,2023-08-16,9608
2356,英業達,35,30,5,富邦-台東,2023-08-16,9608
3052,夆典,5,0,5,富邦-台東,2023-08-16,9608
3521,鴻翊,5,0,5,富邦-台東,2023-08-16,9608
2323,中環,105,4,101,富邦-台東,2023-08-17,9608
6167,久正,44,3,41,富邦-台東,2023-08-17,9608
2329,華泰,42,8,34,富邦-台東,2023-08-17,9608
00680L,元大美債20正2,31,1,30,富邦-台東,2023-08-17,9608
00687B,國泰20年美債,27,0,27,富邦-台東,2023-08-17,9608
3231,緯創,70,47,23,富邦-台東,2023-08-17,9608
00706L,期元大S＆P日圓正2,22,0,22,富邦-台東,2023-08-17,9608
00688L,國泰20年美債正2,20,0,20,富邦-台東,2023-08-17,9608
2233,宇隆,20,0,20,富邦-台東,2023-08-17,9608
3455,由田,20,0,20,富邦-台東,2023-08-17,9608
6190,萬泰科,20,0,20,富邦-台東,2023-08-17,9608
00679B,元大美債20年,19,0,19,富邦-台東,2023-08-17,9608
00713,元大台灣高息低波,19,0,19,富邦-台東,2023-08-17,9608
00931B,統一美債20年,18,0,18,富邦-台東,2023-08-17,9608
00670L,富邦NASDAQ正2,17,0,17,富邦-台東,2023-08-17,9608
00751B,元大AAA至A公司債,16,0,16,富邦-台東,2023-08-17,9608
2399,映泰,15,0,15,富邦-台東,2023-08-17,9608
9941,裕融,15,0,15,富邦-台東,2023-08-17,9608
2891,中信金,14,1,13,富邦-台東,2023-08-17,9608
4414,如興,17,5,12,富邦-台東,2023-08-17,9608
1301,台塑,11,0,11,富邦-台東,2023-08-17,9608
1609,大亞,13,2,11,富邦-台東,2023-08-17,9608
3056,富華新,13,2,11,富邦-台東,2023-08-17,9608
00669R,國泰美國道瓊反1,10,0,10,富邦-台東,2023-08-17,9608
00671R,富邦NASDAQ反1,10,0,10,富邦-台東,2023-08-17,9608
00650L,復華香港正2,10,0,10,富邦-台東,2023-08-17,9608
00708L,期元大S＆P黃金正2,10,0,10,富邦-台東,2023-08-17,9608
1326,台化,10,0,10,富邦-台東,2023-08-17,9608
1905,華紙,10,0,10,富邦-台東,2023-08-17,9608
2412,中華電,10,0,10,富邦-台東,2023-08-17,9608
3049,精金,10,0,10,富邦-台東,2023-08-17,9608
6470,宇智,10,0,10,富邦-台東,2023-08-17,9608
6535,順藥,10,0,10,富邦-台東,2023-08-17,9608
00753L,中信中國50正2,8,0,8,富邦-台東,2023-08-17,9608
4147,中裕,8,0,8,富邦-台東,2023-08-17,9608
1314,中石化,8,1,7,富邦-台東,2023-08-17,9608
1802,台玻,10,3,7,富邦-台東,2023-08-17,9608
2801,彰銀,7,0,7,富邦-台東,2023-08-17,9608
4164,承業醫,7,0,7,富邦-台東,2023-08-17,9608
8210,勤誠,13,7,6,富邦-台東,2023-08-17,9608
00722B,群益投資級電信債,6,0,6,富邦-台東,2023-08-17,9608
3289,宜特,6,0,6,富邦-台東,2023-08-17,9608
4961,天鈺,6,0,6,富邦-台東,2023-08-17,9608
2002,中鋼,6,0,6,富邦-台東,2023-08-17,9608
1795,美時,7,2,5,富邦-台東,2023-08-17,9608
00639,富邦深100,5,0,5,富邦-台東,2023-08-17,9608
4532,瑞智,5,0,5,富邦-台東,2023-08-17,9608
6182,合晶,5,0,5,富邦-台東,2023-08-17,9608
00757,統一FANG+,5,0,5,富邦-台東,2023-08-17,9608
2892,第一金,5,1,4,富邦-台東,2023-08-17,9608
00878,國泰永續高股息,70,5,65,富邦-台東,2023-08-18,9608
3306,鼎天,50,3,47,富邦-台東,2023-08-18,9608
5210,寶碩,45,0,45,富邦-台東,2023-08-18,9608
2356,英業達,67,29,38,富邦-台東,2023-08-18,9608
2303,聯電,51,15,36,富邦-台東,2023-08-18,9608
2606,裕民,35,5,30,富邦-台東,2023-08-18,9608
2610,華航,56,32,24,富邦-台東,2023-08-18,9608
2324,仁寶,59,39,20,富邦-台東,2023-08-18,9608
2425,承啟,22,2,20,富邦-台東,2023-08-18,9608
3704,合勤控,20,0,20,富邦-台東,2023-08-18,9608
6535,順藥,20,0,20,富邦-台東,2023-08-18,9608
2323,中環,40,21,19,富邦-台東,2023-08-18,9608
6125,廣運,34,15,19,富邦-台東,2023-08-18,9608
006208,富邦台50,17,0,17,富邦-台東,2023-08-18,9608
00764B,群益25年美債,16,0,16,富邦-台東,2023-08-18,9608
3521,鴻翊,15,0,15,富邦-台東,2023-08-18,9608
1101,台泥,14,0,14,富邦-台東,2023-08-18,9608
2206,三陽工業,33,20,13,富邦-台東,2023-08-18,9608
2883,凱基金,13,0,13,富邦-台東,2023-08-18,9608
00900,富邦特選高股息30,12,0,12,富邦-台東,2023-08-18,9608
3049,精金,11,0,11,富邦-台東,2023-08-18,9608
1584,精剛,11,0,11,富邦-台東,2023-08-18,9608
00753L,中信中國50正2,10,0,10,富邦-台東,2023-08-18,9608
4164,承業醫,9,0,9,富邦-台東,2023-08-18,9608
4961,天鈺,9,0,9,富邦-台東,2023-08-18,9608
3042,晶技,8,0,8,富邦-台東,2023-08-18,9608
00720B,元大投資級公司債,7,0,7,富邦-台東,2023-08-18,9608
1471,首利,9,2,7,富邦-台東,2023-08-18,9608
1609,大亞,17,10,7,富邦-台東,2023-08-18,9608
2605,新興,10,3,7,富邦-台東,2023-08-18,9608
3056,富華新,8,2,6,富邦-台東,2023-08-18,9608
2330,台積電,6,0,6,富邦-台東,2023-08-18,9608
2880,華南金,6,0,6,富邦-台東,2023-08-18,9608
1234,黑松,6,0,6,富邦-台東,2023-08-18,9608
00881,國泰台灣5G+,8,2,6,富邦-台東,2023-08-18,9608
2618,長榮航,32,26,6,富邦-台東,2023-08-18,9608
3038,全台,6,0,6,富邦-台東,2023-08-18,9608
00706L,期元大S＆P日圓正2,5,0,5,富邦-台東,2023-08-18,9608
1903,士紙,5,0,5,富邦-台東,2023-08-18,9608
2027,大成鋼,8,3,5,富邦-台東,2023-08-18,9608
2109,華豐,5,0,5,富邦-台東,2023-08-18,9608
2355,敬鵬,5,0,5,富邦-台東,2023-08-18,9608
2379,瑞昱,5,0,5,富邦-台東,2023-08-18,9608
2404,漢唐,5,0,5,富邦-台東,2023-08-18,9608
3058,立德,5,0,5,富邦-台東,2023-08-18,9608
4953,緯軟,6,1,5,富邦-台東,2023-08-18,9608
8358,金居,16,11,5,富邦-台東,2023-08-18,9608
3037,欣興,6,2,4,富邦-台東,2023-08-18,9608
1477,聚陽,4,0,4,富邦-台東,2023-08-18,9608
1795,美時,8,4,4,富邦-台東,2023-08-18,9608
00931B,統一美債20年,53,0,53,富邦-台東,2023-08-21,9608
6117,迎廣,44,9,35,富邦-台東,2023-08-21,9608
00882,中信中國高股息,34,0,34,富邦-台東,2023-08-21,9608
00900,富邦特選高股息30,32,0,32,富邦-台東,2023-08-21,9608
00650L,復華香港正2,25,0,25,富邦-台東,2023-08-21,9608
2324,仁寶,41,17,24,富邦-台東,2023-08-21,9608
2363,矽統,85,67,18,富邦-台東,2023-08-21,9608
00929,復華台灣科技優息,12,0,12,富邦-台東,2023-08-21,9608
2891,中信金,10,0,10,富邦-台東,2023-08-21,9608
00679B,元大美債20年,10,0,10,富邦-台東,2023-08-21,9608
2340,台亞,10,0,10,富邦-台東,2023-08-21,9608
3049,精金,10,0,10,富邦-台東,2023-08-21,9608
5452,佶優,10,0,10,富邦-台東,2023-08-21,9608
6535,順藥,10,0,10,富邦-台東,2023-08-21,9608
00751B,元大AAA至A公司債,9,0,9,富邦-台東,2023-08-21,9608
1584,精剛,9,0,9,富邦-台東,2023-08-21,9608
2206,三陽工業,10,1,9,富邦-台東,2023-08-21,9608
4906,正文,11,2,9,富邦-台東,2023-08-21,9608
2017,官田鋼,8,0,8,富邦-台東,2023-08-21,9608
2892,第一金,13,5,8,富邦-台東,2023-08-21,9608
2332,友訊,13,6,7,富邦-台東,2023-08-21,9608
4164,承業醫,7,0,7,富邦-台東,2023-08-21,9608
2606,裕民,9,3,6,富邦-台東,2023-08-21,9608
1218,泰山,5,0,5,富邦-台東,2023-08-21,9608
2359,所羅門,6,1,5,富邦-台東,2023-08-21,9608
2888,新光金,5,0,5,富邦-台東,2023-08-21,9608
4129,聯合,5,0,5,富邦-台東,2023-08-21,9608
4934,太極,6,1,5,富邦-台東,2023-08-21,9608
5210,寶碩,5,0,5,富邦-台東,2023-08-21,9608
6770,力積電,5,0,5,富邦-台東,2023-08-21,9608
6799,來頡,5,0,5,富邦-台東,2023-08-21,9608
3056,富華新,4,0,4,富邦-台東,2023-08-21,9608
00720B,元大投資級公司債,4,0,4,富邦-台東,2023-08-21,9608
1471,首利,4,0,4,富邦-台東,2023-08-21,9608
1760,寶齡富錦,6,2,4,富邦-台東,2023-08-21,9608
2368,金像電,9,5,4,富邦-台東,2023-08-21,9608
2419,仲琦,8,4,4,富邦-台東,2023-08-21,9608
4543,萬在,5,1,4,富邦-台東,2023-08-21,9608
4960,誠美材,4,0,4,富邦-台東,2023-08-21,9608
5608,四維航,6,2,4,富邦-台東,2023-08-21,9608
6121,新普,4,0,4,富邦-台東,2023-08-21,9608
1234,黑松,3,0,3,富邦-台東,2023-08-21,9608
1504,東元,5,2,3,富邦-台東,2023-08-21,9608
1101,台泥,4,1,3,富邦-台東,2023-08-21,9608
3521,鴻翊,3,0,3,富邦-台東,2023-08-21,9608
6239,力成,3,0,3,富邦-台東,2023-08-21,9608
2317,鴻海,3,0,3,富邦-台東,2023-08-21,9608
2344,華邦電,4,2,2,富邦-台東,2023-08-21,9608
0050,元大台灣50,2,0,2,富邦-台東,2023-08-21,9608
2382,廣達,11,9,2,富邦-台東,2023-08-21,9608
3013,晟銘電,896,18,878,富邦-台東,2023-08-22,9608
1402,遠東新,35,0,35,富邦-台東,2023-08-22,9608
5009,榮剛,32,0,32,富邦-台東,2023-08-22,9608
00895,富邦未來車,30,0,30,富邦-台東,2023-08-22,9608
1471,首利,33,5,28,富邦-台東,2023-08-22,9608
3231,緯創,60,34,26,富邦-台東,2023-08-22,9608
2363,矽統,107,87,20,富邦-台東,2023-08-22,9608
00882,中信中國高股息,23,6,17,富邦-台東,2023-08-22,9608
00679B,元大美債20年,15,0,15,富邦-台東,2023-08-22,9608
4934,太極,18,3,15,富邦-台東,2023-08-22,9608
1101,台泥,12,0,12,富邦-台東,2023-08-22,9608
2883,凱基金,12,0,12,富邦-台東,2023-08-22,9608
4147,中裕,14,2,12,富邦-台東,2023-08-22,9608
2421,建準,22,11,11,富邦-台東,2023-08-22,9608
5203,訊連,11,0,11,富邦-台東,2023-08-22,9608
2340,台亞,10,0,10,富邦-台東,2023-08-22,9608
3032,偉訓,10,0,10,富邦-台東,2023-08-22,9608
3707,漢磊,10,0,10,富邦-台東,2023-08-22,9608
5371,中光電,10,0,10,富邦-台東,2023-08-22,9608
6116,彩晶,10,0,10,富邦-台東,2023-08-22,9608
6414,樺漢,10,0,10,富邦-台東,2023-08-22,9608
5210,寶碩,10,0,10,富邦-台東,2023-08-22,9608
4164,承業醫,9,0,9,富邦-台東,2023-08-22,9608
9941,裕融,8,0,8,富邦-台東,2023-08-22,9608
4108,懷特,8,0,8,富邦-台東,2023-08-22,9608
2891,中信金,7,0,7,富邦-台東,2023-08-22,9608
2002,中鋼,7,0,7,富邦-台東,2023-08-22,9608
6770,力積電,7,0,7,富邦-台東,2023-08-22,9608
00713,元大台灣高息低波,10,3,7,富邦-台東,2023-08-22,9608
2618,長榮航,21,15,6,富邦-台東,2023-08-22,9608
2017,官田鋼,6,0,6,富邦-台東,2023-08-22,9608
2882,國泰金,5,0,5,富邦-台東,2023-08-22,9608
1234,黑松,5,0,5,富邦-台東,2023-08-22,9608
00902,中信電池及儲能,5,0,5,富邦-台東,2023-08-22,9608
00751B,元大AAA至A公司債,5,0,5,富邦-台東,2023-08-22,9608
00753L,中信中國50正2,5,0,5,富邦-台東,2023-08-22,9608
00687B,國泰20年美債,5,0,5,富邦-台東,2023-08-22,9608
00680L,元大美債20正2,5,0,5,富邦-台東,2023-08-22,9608
2369,菱生,5,0,5,富邦-台東,2023-08-22,9608
2388,威盛,5,0,5,富邦-台東,2023-08-22,9608
2399,映泰,5,0,5,富邦-台東,2023-08-22,9608
2888,新光金,5,0,5,富邦-台東,2023-08-22,9608
3038,全台,5,0,5,富邦-台東,2023-08-22,9608
3521,鴻翊,5,0,5,富邦-台東,2023-08-22,9608
4533,協易機,10,5,5,富邦-台東,2023-08-22,9608
4906,正文,8,3,5,富邦-台東,2023-08-22,9608
8050,廣積,5,0,5,富邦-台東,2023-08-22,9608
8112,至上,5,0,5,富邦-台東,2023-08-22,9608
8927,北基,5,0,5,富邦-台東,2023-08-22,9608
00706L,期元大S＆P日圓正2,4,0,4,富邦-台東,2023-08-22,9608
6606,建德工業,30,0,30,富邦-台東,2023-08-23,9608
2610,華航,60,32,28,富邦-台東,2023-08-23,9608
6117,迎廣,28,2,26,富邦-台東,2023-08-23,9608
2615,萬海,22,1,21,富邦-台東,2023-08-23,9608
00751B,元大AAA至A公司債,20,0,20,富邦-台東,2023-08-23,9608
1314,中石化,18,0,18,富邦-台東,2023-08-23,9608
1529,樂事綠能,14,0,14,富邦-台東,2023-08-23,9608
2618,長榮航,24,10,14,富邦-台東,2023-08-23,9608
5210,寶碩,13,0,13,富邦-台東,2023-08-23,9608
2421,建準,22,11,11,富邦-台東,2023-08-23,9608
2913,農林,11,0,11,富邦-台東,2023-08-23,9608
00632R,元大台灣50反1,10,0,10,富邦-台東,2023-08-23,9608
00930,永豐ESG低碳高息,10,0,10,富邦-台東,2023-08-23,9608
1584,精剛,10,0,10,富邦-台東,2023-08-23,9608
2851,中再保,10,0,10,富邦-台東,2023-08-23,9608
5371,中光電,22,12,10,富邦-台東,2023-08-23,9608
8103,瀚荃,10,0,10,富邦-台東,2023-08-23,9608
8426,紅木-KY,10,0,10,富邦-台東,2023-08-23,9608
2002,中鋼,10,1,9,富邦-台東,2023-08-23,9608
1471,首利,24,15,9,富邦-台東,2023-08-23,9608
5608,四維航,11,2,9,富邦-台東,2023-08-23,9608
3025,星通,7,1,6,富邦-台東,2023-08-23,9608
5452,佶優,6,0,6,富邦-台東,2023-08-23,9608
6282,康舒,25,20,5,富邦-台東,2023-08-23,9608
1905,華紙,6,1,5,富邦-台東,2023-08-23,9608
2329,華泰,67,62,5,富邦-台東,2023-08-23,9608
2485,兆赫,6,1,5,富邦-台東,2023-08-23,9608
2834,臺企銀,5,0,5,富邦-台東,2023-08-23,9608
3483,力致,8,3,5,富邦-台東,2023-08-23,9608
6204,艾華,5,0,5,富邦-台東,2023-08-23,9608
8033,雷虎,6,1,5,富邦-台東,2023-08-23,9608
1301,台塑,4,0,4,富邦-台東,2023-08-23,9608
2382,廣達,15,11,4,富邦-台東,2023-08-23,9608
2464,盟立,4,0,4,富邦-台東,2023-08-23,9608
2887,台新金,4,0,4,富邦-台東,2023-08-23,9608
3004,豐達科,4,0,4,富邦-台東,2023-08-23,9608
3027,盛達,4,0,4,富邦-台東,2023-08-23,9608
3078,僑威,6,2,4,富邦-台東,2023-08-23,9608
4102,永日,4,0,4,富邦-台東,2023-08-23,9608
8383,千附,4,0,4,富邦-台東,2023-08-23,9608
5388,中磊,7,3,4,富邦-台東,2023-08-23,9608
1513,中興電,5,2,3,富邦-台東,2023-08-23,9608
2383,台光電,3,0,3,富邦-台東,2023-08-23,9608
00916,國泰全球品牌50,3,0,3,富邦-台東,2023-08-23,9608
2376,技嘉,3,0,3,富邦-台東,2023-08-23,9608
2415,錩新,3,0,3,富邦-台東,2023-08-23,9608
3689,湧德,4,1,3,富邦-台東,2023-08-23,9608
5469,瀚宇博,3,0,3,富邦-台東,2023-08-23,9608
8054,安國,3,0,3,富邦-台東,2023-08-23,9608
9105,泰金寶-DR,3,0,3,富邦-台東,2023-08-23,9608
2363,矽統,145,105,40,富邦-台東,2023-08-24,9608
00715L,期街口布蘭特正2,40,0,40,富邦-台東,2023-08-24,9608
00632R,元大台灣50反1,36,0,36,富邦-台東,2023-08-24,9608
6125,廣運,39,6,33,富邦-台東,2023-08-24,9608
2897,王道銀行,27,0,27,富邦-台東,2023-08-24,9608
3483,力致,33,9,24,富邦-台東,2023-08-24,9608
3231,緯創,99,75,24,富邦-台東,2023-08-24,9608
020034,元大IC設計N,20,0,20,富邦-台東,2023-08-24,9608
6535,順藥,20,0,20,富邦-台東,2023-08-24,9608
2356,英業達,43,24,19,富邦-台東,2023-08-24,9608
5469,瀚宇博,23,5,18,富邦-台東,2023-08-24,9608
2880,華南金,17,0,17,富邦-台東,2023-08-24,9608
2382,廣達,40,24,16,富邦-台東,2023-08-24,9608
00919,群益台灣精選高息,13,0,13,富邦-台東,2023-08-24,9608
6167,久正,18,6,12,富邦-台東,2023-08-24,9608
2882,國泰金,11,0,11,富邦-台東,2023-08-24,9608
2014,中鴻,11,0,11,富邦-台東,2023-08-24,9608
2486,一詮,11,0,11,富邦-台東,2023-08-24,9608
00753L,中信中國50正2,10,0,10,富邦-台東,2023-08-24,9608
4414,如興,10,0,10,富邦-台東,2023-08-24,9608
5328,華容,10,0,10,富邦-台東,2023-08-24,9608
5704,老爺知,10,0,10,富邦-台東,2023-08-24,9608
00882,中信中國高股息,20,11,9,富邦-台東,2023-08-24,9608
00923,群益台ESG低碳50,10,1,9,富邦-台東,2023-08-24,9608
1313,聯成,9,0,9,富邦-台東,2023-08-24,9608
1471,首利,13,4,9,富邦-台東,2023-08-24,9608
4533,協易機,9,0,9,富邦-台東,2023-08-24,9608
8093,保銳,9,0,9,富邦-台東,2023-08-24,9608
2324,仁寶,13,5,8,富邦-台東,2023-08-24,9608
6203,海韻電,8,0,8,富邦-台東,2023-08-24,9608
6191,精成科,23,15,8,富邦-台東,2023-08-24,9608
00929,復華台灣科技優息,13,6,7,富邦-台東,2023-08-24,9608
2449,京元電子,25,18,7,富邦-台東,2023-08-24,9608
5210,寶碩,7,0,7,富邦-台東,2023-08-24,9608
00877,復華中國5G,10,4,6,富邦-台東,2023-08-24,9608
1584,精剛,11,5,6,富邦-台東,2023-08-24,9608
3305,昇貿,8,2,6,富邦-台東,2023-08-24,9608
3323,加百裕,6,0,6,富邦-台東,2023-08-24,9608
3665,貿聯-KY,6,0,6,富邦-台東,2023-08-24,9608
2423,固緯,5,0,5,富邦-台東,2023-08-24,9608
2609,陽明,5,0,5,富邦-台東,2023-08-24,9608
2753,八方雲集,5,0,5,富邦-台東,2023-08-24,9608
2892,第一金,5,0,5,富邦-台東,2023-08-24,9608
6173,信昌電,5,0,5,富邦-台東,2023-08-24,9608
2002,中鋼,5,0,5,富邦-台東,2023-08-24,9608
6282,康舒,11,6,5,富邦-台東,2023-08-24,9608
3206,志豐,4,0,4,富邦-台東,2023-08-24,9608
1789,神隆,4,0,4,富邦-台東,2023-08-24,9608
3264,欣銓,4,0,4,富邦-台東,2023-08-24,9608
3521,鴻翊,4,0,4,富邦-台東,2023-08-24,9608
3231,緯創,707,650,57,富邦-台東,2023-08-25,9608
00878,國泰永續高股息,52,0,52,富邦-台東,2023-08-25,9608
2324,仁寶,60,11,49,富邦-台東,2023-08-25,9608
2382,廣達,478,441,37,富邦-台東,2023-08-25,9608
5381,合正,37,0,37,富邦-台東,2023-08-25,9608
2892,第一金,26,0,26,富邦-台東,2023-08-25,9608
00706L,期元大S＆P日圓正2,25,0,25,富邦-台東,2023-08-25,9608
3037,欣興,22,0,22,富邦-台東,2023-08-25,9608
5210,寶碩,22,0,22,富邦-台東,2023-08-25,9608
020034,元大IC設計N,20,0,20,富邦-台東,2023-08-25,9608
2344,華邦電,25,5,20,富邦-台東,2023-08-25,9608
2610,華航,72,54,18,富邦-台東,2023-08-25,9608
0056,元大高股息,18,1,17,富邦-台東,2023-08-25,9608
00881,國泰台灣5G+,17,0,17,富邦-台東,2023-08-25,9608
00929,復華台灣科技優息,16,0,16,富邦-台東,2023-08-25,9608
00919,群益台灣精選高息,13,0,13,富邦-台東,2023-08-25,9608
2485,兆赫,22,10,12,富邦-台東,2023-08-25,9608
2002,中鋼,11,0,11,富邦-台東,2023-08-25,9608
2736,富野,11,0,11,富邦-台東,2023-08-25,9608
2884,玉山金,10,0,10,富邦-台東,2023-08-25,9608
1314,中石化,10,0,10,富邦-台東,2023-08-25,9608
00719B,元大美債1-3,10,0,10,富邦-台東,2023-08-25,9608
00722B,群益投資級電信債,10,0,10,富邦-台東,2023-08-25,9608
1718,中纖,10,0,10,富邦-台東,2023-08-25,9608
2303,聯電,13,3,10,富邦-台東,2023-08-25,9608
3052,夆典,10,0,10,富邦-台東,2023-08-25,9608
6173,信昌電,10,0,10,富邦-台東,2023-08-25,9608
2301,光寶科,11,1,10,富邦-台東,2023-08-25,9608
6116,彩晶,10,0,10,富邦-台東,2023-08-25,9608
2880,華南金,9,0,9,富邦-台東,2023-08-25,9608
2356,英業達,15,7,8,富邦-台東,2023-08-25,9608
2630,亞航,18,10,8,富邦-台東,2023-08-25,9608
3147,大綜,8,0,8,富邦-台東,2023-08-25,9608
4961,天鈺,8,0,8,富邦-台東,2023-08-25,9608
6167,久正,10,2,8,富邦-台東,2023-08-25,9608
00900,富邦特選高股息30,7,0,7,富邦-台東,2023-08-25,9608
3032,偉訓,9,2,7,富邦-台東,2023-08-25,9608
3163,波若威,11,4,7,富邦-台東,2023-08-25,9608
2359,所羅門,6,0,6,富邦-台東,2023-08-25,9608
4916,事欣科,6,0,6,富邦-台東,2023-08-25,9608
2891,中信金,6,1,5,富邦-台東,2023-08-25,9608
00923,群益台ESG低碳50,5,0,5,富邦-台東,2023-08-25,9608
2353,宏��,5,0,5,富邦-台東,2023-08-25,9608
1460,宏遠,5,0,5,富邦-台東,2023-08-25,9608
2355,敬鵬,7,2,5,富邦-台東,2023-08-25,9608
3521,鴻翊,5,0,5,富邦-台東,2023-08-25,9608
5880,合庫金,15,10,5,富邦-台東,2023-08-25,9608
2887,台新金,4,0,4,富邦-台東,2023-08-25,9608
1337,再生-KY,4,0,4,富邦-台東,2023-08-25,9608
00892,富邦台灣半導體,4,0,4,富邦-台東,2023-08-25,9608
1789,神隆,80,0,80,富邦-台東,2023-08-28,9608
00929,復華台灣科技優息,47,0,47,富邦-台東,2023-08-28,9608
00878,國泰永續高股息,44,1,43,富邦-台東,2023-08-28,9608
4533,協易機,41,0,41,富邦-台東,2023-08-28,9608
00713,元大台灣高息低波,35,0,35,富邦-台東,2023-08-28,9608
5371,中光電,34,0,34,富邦-台東,2023-08-28,9608
2618,長榮航,26,0,26,富邦-台東,2023-08-28,9608
00706L,期元大S＆P日圓正2,25,0,25,富邦-台東,2023-08-28,9608
6125,廣運,43,18,25,富邦-台東,2023-08-28,9608
00719B,元大美債1-3,20,0,20,富邦-台東,2023-08-28,9608
00902,中信電池及儲能,20,0,20,富邦-台東,2023-08-28,9608
4906,正文,33,14,19,富邦-台東,2023-08-28,9608
2610,華航,42,28,14,富邦-台東,2023-08-28,9608
1519,華城,15,2,13,富邦-台東,2023-08-28,9608
2449,京元電子,19,6,13,富邦-台東,2023-08-28,9608
4164,承業醫,12,0,12,富邦-台東,2023-08-28,9608
1210,大成,11,0,11,富邦-台東,2023-08-28,9608
2883,凱基金,11,1,10,富邦-台東,2023-08-28,9608
2421,建準,17,8,9,富邦-台東,2023-08-28,9608
1810,和成,40,32,8,富邦-台東,2023-08-28,9608
2388,威盛,2080,2072,8,富邦-台東,2023-08-28,9608
3056,富華新,7,0,7,富邦-台東,2023-08-28,9608
2356,英業達,8,1,7,富邦-台東,2023-08-28,9608
1513,中興電,7,0,7,富邦-台東,2023-08-28,9608
00919,群益台灣精選高息,7,0,7,富邦-台東,2023-08-28,9608
5009,榮剛,7,0,7,富邦-台東,2023-08-28,9608
6168,宏齊,7,0,7,富邦-台東,2023-08-28,9608
9941,裕融,6,0,6,富邦-台東,2023-08-28,9608
00882,中信中國高股息,6,0,6,富邦-台東,2023-08-28,9608
2634,漢翔,27,21,6,富邦-台東,2023-08-28,9608
1216,統一,5,0,5,富邦-台東,2023-08-28,9608
4961,天鈺,6,1,5,富邦-台東,2023-08-28,9608
1337,再生-KY,5,0,5,富邦-台東,2023-08-28,9608
2359,所羅門,5,0,5,富邦-台東,2023-08-28,9608
2515,中工,5,0,5,富邦-台東,2023-08-28,9608
8103,瀚荃,5,0,5,富邦-台東,2023-08-28,9608
1471,首利,5,1,4,富邦-台東,2023-08-28,9608
2329,華泰,32,28,4,富邦-台東,2023-08-28,9608
2369,菱生,6,2,4,富邦-台東,2023-08-28,9608
2603,長榮,4,0,4,富邦-台東,2023-08-28,9608
3029,零壹,5,1,4,富邦-台東,2023-08-28,9608
3037,欣興,4,0,4,富邦-台東,2023-08-28,9608
3308,聯德,7,3,4,富邦-台東,2023-08-28,9608
1101,台泥,3,0,3,富邦-台東,2023-08-28,9608
00877,復華中國5G,3,0,3,富邦-台東,2023-08-28,9608
2002,中鋼,5,2,3,富邦-台東,2023-08-28,9608
2609,陽明,3,0,3,富邦-台東,2023-08-28,9608
3038,全台,3,0,3,富邦-台東,2023-08-28,9608
3105,穩懋,3,0,3,富邦-台東,2023-08-28,9608
3147,大綜,3,0,3,富邦-台東,2023-08-28,9608
2460,建通,86,0,86,富邦-台東,2023-08-29,9608
2630,亞航,51,5,46,富邦-台東,2023-08-29,9608
00888,永豐台灣ESG,30,0,30,富邦-台東,2023-08-29,9608
5371,中光電,59,30,29,富邦-台東,2023-08-29,9608
6244,茂迪,30,3,27,富邦-台東,2023-08-29,9608
6116,彩晶,20,0,20,富邦-台東,2023-08-29,9608
6443,元晶,26,7,19,富邦-台東,2023-08-29,9608
2303,聯電,94,75,19,富邦-台東,2023-08-29,9608
00929,復華台灣科技優息,19,4,15,富邦-台東,2023-08-29,9608
00919,群益台灣精選高息,13,0,13,富邦-台東,2023-08-29,9608
2002,中鋼,13,1,12,富邦-台東,2023-08-29,9608
2419,仲琦,11,0,11,富邦-台東,2023-08-29,9608
2105,正新,14,4,10,富邦-台東,2023-08-29,9608
00635U,期元大S＆P黃金,10,0,10,富邦-台東,2023-08-29,9608
3049,精金,10,0,10,富邦-台東,2023-08-29,9608
3231,緯創,15,5,10,富邦-台東,2023-08-29,9608
3576,聯合再生,10,0,10,富邦-台東,2023-08-29,9608
4164,承業醫,10,0,10,富邦-台東,2023-08-29,9608
6167,久正,18,8,10,富邦-台東,2023-08-29,9608
8916,光隆,10,0,10,富邦-台東,2023-08-29,9608
912000,晨訊科-DR,10,0,10,富邦-台東,2023-08-29,9608
2887,台新金,11,1,10,富邦-台東,2023-08-29,9608
6109,亞元,10,1,9,富邦-台東,2023-08-29,9608
3481,群創,13,5,8,富邦-台東,2023-08-29,9608
2340,台亞,8,0,8,富邦-台東,2023-08-29,9608
2402,毅嘉,11,3,8,富邦-台東,2023-08-29,9608
5210,寶碩,8,0,8,富邦-台東,2023-08-29,9608
2317,鴻海,9,1,8,富邦-台東,2023-08-29,9608
00878,國泰永續高股息,9,2,7,富邦-台東,2023-08-29,9608
2888,新光金,10,3,7,富邦-台東,2023-08-29,9608
5388,中磊,7,0,7,富邦-台東,2023-08-29,9608
2356,英業達,13,7,6,富邦-台東,2023-08-29,9608
3025,星通,6,0,6,富邦-台東,2023-08-29,9608
3483,力致,6,0,6,富邦-台東,2023-08-29,9608
4938,和碩,6,0,6,富邦-台東,2023-08-29,9608
2305,全友,5,0,5,富邦-台東,2023-08-29,9608
2328,廣宇,5,0,5,富邦-台東,2023-08-29,9608
2618,長榮航,15,10,5,富邦-台東,2023-08-29,9608
3032,偉訓,5,0,5,富邦-台東,2023-08-29,9608
3455,由田,5,0,5,富邦-台東,2023-08-29,9608
2801,彰銀,4,0,4,富邦-台東,2023-08-29,9608
4743,合一,4,0,4,富邦-台東,2023-08-29,9608
1907,永豐餘,3,0,3,富邦-台東,2023-08-29,9608
2313,華通,3,0,3,富邦-台東,2023-08-29,9608
2347,聯強,3,0,3,富邦-台東,2023-08-29,9608
2727,王品,3,0,3,富邦-台東,2023-08-29,9608
3037,欣興,7,4,3,富邦-台東,2023-08-29,9608
3689,湧德,3,0,3,富邦-台東,2023-08-29,9608
5009,榮剛,3,0,3,富邦-台東,2023-08-29,9608
5381,合正,3,0,3,富邦-台東,2023-08-29,9608
3325,旭品,48,1,47,富邦-台東,2023-08-30,9608
00673R,期元大S＆P原油反1,43,0,43,富邦-台東,2023-08-30,9608
2476,鉅祥,21,0,21,富邦-台東,2023-08-30,9608
2913,農林,20,0,20,富邦-台東,2023-08-30,9608
3481,群創,28,10,18,富邦-台東,2023-08-30,9608
5009,榮剛,18,0,18,富邦-台東,2023-08-30,9608
1609,大亞,30,12,18,富邦-台東,2023-08-30,9608
2344,華邦電,27,12,15,富邦-台東,2023-08-30,9608
00713,元大台灣高息低波,50,35,15,富邦-台東,2023-08-30,9608
6414,樺漢,10,0,10,富邦-台東,2023-08-30,9608
00903,富邦元宇宙,10,0,10,富邦-台東,2023-08-30,9608
2495,普安,10,0,10,富邦-台東,2023-08-30,9608
2734,易飛網,10,0,10,富邦-台東,2023-08-30,9608
3508,位速,10,0,10,富邦-台東,2023-08-30,9608
4147,中裕,10,0,10,富邦-台東,2023-08-30,9608
6261,久元,10,0,10,富邦-台東,2023-08-30,9608
2363,矽統,103,93,10,富邦-台東,2023-08-30,9608
00722B,群益投資級電信債,9,0,9,富邦-台東,2023-08-30,9608
2233,宇隆,9,0,9,富邦-台東,2023-08-30,9608
3715,定穎投控,17,9,8,富邦-台東,2023-08-30,9608
2376,技嘉,18,10,8,富邦-台東,2023-08-30,9608
2390,云辰,8,0,8,富邦-台東,2023-08-30,9608
1504,東元,7,0,7,富邦-台東,2023-08-30,9608
3231,緯創,25,18,7,富邦-台東,2023-08-30,9608
3056,富華新,6,0,6,富邦-台東,2023-08-30,9608
3588,通嘉,11,5,6,富邦-台東,2023-08-30,9608
4164,承業醫,7,1,6,富邦-台東,2023-08-30,9608
4174,浩鼎,8,2,6,富邦-台東,2023-08-30,9608
2331,精英,7,1,6,富邦-台東,2023-08-30,9608
2014,中鴻,5,0,5,富邦-台東,2023-08-30,9608
2022,聚亨,5,0,5,富邦-台東,2023-08-30,9608
2312,金寶,5,0,5,富邦-台東,2023-08-30,9608
2367,燿華,5,0,5,富邦-台東,2023-08-30,9608
2889,國票金,5,0,5,富邦-台東,2023-08-30,9608
5234,達興材料,5,0,5,富邦-台東,2023-08-30,9608
6438,迅得,5,0,5,富邦-台東,2023-08-30,9608
6789,采鈺,5,0,5,富邦-台東,2023-08-30,9608
9103,美德醫療-DR,5,0,5,富邦-台東,2023-08-30,9608
2485,兆赫,14,9,5,富邦-台東,2023-08-30,9608
2330,台積電,5,1,4,富邦-台東,2023-08-30,9608
1802,台玻,7,3,4,富邦-台東,2023-08-30,9608
2356,英業達,11,7,4,富邦-台東,2023-08-30,9608
2449,京元電子,16,12,4,富邦-台東,2023-08-30,9608
2609,陽明,7,3,4,富邦-台東,2023-08-30,9608
2748,雲品,4,0,4,富邦-台東,2023-08-30,9608
3706,神達,5,1,4,富邦-台東,2023-08-30,9608
4915,致伸,32,28,4,富邦-台東,2023-08-30,9608
8034,榮群,4,0,4,富邦-台東,2023-08-30,9608
00712,復華富時不動產,6,2,4,富邦-台東,2023-08-30,9608
2392,正崴,3,0,3,富邦-台東,2023-08-30,9608
1734,杏輝,100,0,100,富邦-台東,2023-08-31,9608
2883,凱基金,43,0,43,富邦-台東,2023-08-31,9608
00674R,期元大S＆P黃金反1,40,0,40,富邦-台東,2023-08-31,9608
2892,第一金,27,0,27,富邦-台東,2023-08-31,9608
2887,台新金,22,0,22,富邦-台東,2023-08-31,9608
1319,東陽,22,0,22,富邦-台東,2023-08-31,9608
2834,臺企銀,22,0,22,富邦-台東,2023-08-31,9608
2359,所羅門,20,0,20,富邦-台東,2023-08-31,9608
4123,晟德,20,1,19,富邦-台東,2023-08-31,9608
2801,彰銀,16,0,16,富邦-台東,2023-08-31,9608
2495,普安,15,0,15,富邦-台東,2023-08-31,9608
2745,五福,15,0,15,富邦-台東,2023-08-31,9608
3013,晟銘電,18,3,15,富邦-台東,2023-08-31,9608
6547,高端疫苗,15,1,14,富邦-台東,2023-08-31,9608
2880,華南金,14,1,13,富邦-台東,2023-08-31,9608
3576,聯合再生,11,0,11,富邦-台東,2023-08-31,9608
3260,威剛,18,8,10,富邦-台東,2023-08-31,9608
00903,富邦元宇宙,10,0,10,富邦-台東,2023-08-31,9608
2498,宏達電,15,5,10,富邦-台東,2023-08-31,9608
6116,彩晶,10,0,10,富邦-台東,2023-08-31,9608
6290,良維,10,0,10,富邦-台東,2023-08-31,9608
8927,北基,10,0,10,富邦-台東,2023-08-31,9608
00929,復華台灣科技優息,10,0,10,富邦-台東,2023-08-31,9608
2324,仁寶,13,4,9,富邦-台東,2023-08-31,9608
2734,易飛網,10,1,9,富邦-台東,2023-08-31,9608
3016,嘉晶,9,0,9,富邦-台東,2023-08-31,9608
2355,敬鵬,10,2,8,富邦-台東,2023-08-31,9608
4915,致伸,10,2,8,富邦-台東,2023-08-31,9608
5210,寶碩,8,0,8,富邦-台東,2023-08-31,9608
6443,元晶,10,3,7,富邦-台東,2023-08-31,9608
8234,新漢,7,0,7,富邦-台東,2023-08-31,9608
00673R,期元大S＆P原油反1,6,0,6,富邦-台東,2023-08-31,9608
3548,兆利,6,0,6,富邦-台東,2023-08-31,9608
4142,國光生,6,0,6,富邦-台東,2023-08-31,9608
6198,瑞築,6,0,6,富邦-台東,2023-08-31,9608
2002,中鋼,5,0,5,富邦-台東,2023-08-31,9608
1517,利奇,5,0,5,富邦-台東,2023-08-31,9608
1802,台玻,12,7,5,富邦-台東,2023-08-31,9608
2022,聚亨,5,0,5,富邦-台東,2023-08-31,9608
3094,聯傑,6,1,5,富邦-台東,2023-08-31,9608
4510,高鋒,5,0,5,富邦-台東,2023-08-31,9608
00931B,統一美債20年,4,0,4,富邦-台東,2023-08-31,9608
2364,倫飛,8,4,4,富邦-台東,2023-08-31,9608
2409,友達,4,0,4,富邦-台東,2023-08-31,9608
2412,中華電,4,0,4,富邦-台東,2023-08-31,9608
2630,亞航,5,1,4,富邦-台東,2023-08-31,9608
6282,康舒,4,0,4,富邦-台東,2023-08-31,9608
6492,生華科,4,0,4,富邦-台東,2023-08-31,9608
2485,兆赫,8,4,4,富邦-台東,2023-08-31,9608
2884,玉山金,4,0,4,富邦-台東,2023-08-31,9608
00919,群益台灣精選高息,60,0,60,富邦-台東,2023-09-01,9608
6117,迎廣,40,1,39,富邦-台東,2023-09-01,9608
3013,晟銘電,42,4,38,富邦-台東,2023-09-01,9608
3231,緯創,44,11,33,富邦-台東,2023-09-01,9608
1101,台泥,31,0,31,富邦-台東,2023-09-01,9608
00722B,群益投資級電信債,30,0,30,富邦-台東,2023-09-01,9608
1460,宏遠,20,0,20,富邦-台東,2023-09-01,9608
3363,上詮,20,0,20,富邦-台東,2023-09-01,9608
00929,復華台灣科技優息,18,0,18,富邦-台東,2023-09-01,9608
00715L,期街口布蘭特正2,20,2,18,富邦-台東,2023-09-01,9608
00878,國泰永續高股息,17,0,17,富邦-台東,2023-09-01,9608
2382,廣達,29,13,16,富邦-台東,2023-09-01,9608
6125,廣運,18,4,14,富邦-台東,2023-09-01,9608
1504,東元,15,2,13,富邦-台東,2023-09-01,9608
00932,兆豐永續高息等權,13,0,13,富邦-台東,2023-09-01,9608
2344,華邦電,20,8,12,富邦-台東,2023-09-01,9608
2816,旺旺保,11,0,11,富邦-台東,2023-09-01,9608
1314,中石化,10,0,10,富邦-台東,2023-09-01,9608
2022,聚亨,10,0,10,富邦-台東,2023-09-01,9608
2425,承啟,10,0,10,富邦-台東,2023-09-01,9608
2834,臺企銀,10,0,10,富邦-台東,2023-09-01,9608
3025,星通,10,0,10,富邦-台東,2023-09-01,9608
6284,佳邦,11,1,10,富邦-台東,2023-09-01,9608
1734,杏輝,10,0,10,富邦-台東,2023-09-01,9608
1810,和成,9,0,9,富邦-台東,2023-09-01,9608
2014,中鴻,30,21,9,富邦-台東,2023-09-01,9608
6547,高端疫苗,51,42,9,富邦-台東,2023-09-01,9608
4909,新復興,14,6,8,富邦-台東,2023-09-01,9608
2630,亞航,14,7,7,富邦-台東,2023-09-01,9608
2301,光寶科,9,2,7,富邦-台東,2023-09-01,9608
1609,大亞,9,2,7,富邦-台東,2023-09-01,9608
2002,中鋼,10,3,7,富邦-台東,2023-09-01,9608
2364,倫飛,7,0,7,富邦-台東,2023-09-01,9608
5210,寶碩,7,0,7,富邦-台東,2023-09-01,9608
8103,瀚荃,7,0,7,富邦-台東,2023-09-01,9608
2399,映泰,11,5,6,富邦-台東,2023-09-01,9608
2356,英業達,70,65,5,富邦-台東,2023-09-01,9608
6188,廣明,7,2,5,富邦-台東,2023-09-01,9608
1714,和桐,5,0,5,富邦-台東,2023-09-01,9608
1718,中纖,5,0,5,富邦-台東,2023-09-01,9608
2354,鴻準,6,1,5,富邦-台東,2023-09-01,9608
2355,敬鵬,5,0,5,富邦-台東,2023-09-01,9608
5289,宜鼎,5,0,5,富邦-台東,2023-09-01,9608
6167,久正,6,1,5,富邦-台東,2023-09-01,9608
2363,矽統,53,48,5,富邦-台東,2023-09-01,9608
2891,中信金,4,0,4,富邦-台東,2023-09-01,9608
1513,中興電,11,7,4,富邦-台東,2023-09-01,9608
2368,金像電,9,5,4,富邦-台東,2023-09-01,9608
00915,凱基優選高股息30,4,0,4,富邦-台東,2023-09-01,9608
00645,富邦日本,4,0,4,富邦-台東,2023-09-01,9608
00673R,期元大S＆P原油反1,41,0,41,富邦-台東,2023-09-04,9608
1229,聯華,25,0,25,富邦-台東,2023-09-04,9608
2303,聯電,20,0,20,富邦-台東,2023-09-04,9608
6173,信昌電,20,4,16,富邦-台東,2023-09-04,9608
8103,瀚荃,15,0,15,富邦-台東,2023-09-04,9608
2352,佳世達,13,1,12,富邦-台東,2023-09-04,9608
2520,冠德,12,0,12,富邦-台東,2023-09-04,9608
3622,洋華,13,1,12,富邦-台東,2023-09-04,9608
6188,廣明,13,2,11,富邦-台東,2023-09-04,9608
6282,康舒,13,2,11,富邦-台東,2023-09-04,9608
00773B,中信優先金融債,10,0,10,富邦-台東,2023-09-04,9608
1217,愛之味,10,0,10,富邦-台東,2023-09-04,9608
1444,力麗,10,0,10,富邦-台東,2023-09-04,9608
2369,菱生,10,0,10,富邦-台東,2023-09-04,9608
6191,精成科,14,4,10,富邦-台東,2023-09-04,9608
2201,裕隆,12,3,9,富邦-台東,2023-09-04,9608
1307,三芳,10,1,9,富邦-台東,2023-09-04,9608
1597,直得,8,0,8,富邦-台東,2023-09-04,9608
2630,亞航,8,0,8,富邦-台東,2023-09-04,9608
2357,華碩,7,0,7,富邦-台東,2023-09-04,9608
2605,新興,7,0,7,富邦-台東,2023-09-04,9608
00919,群益台灣精選高息,6,0,6,富邦-台東,2023-09-04,9608
00753L,中信中國50正2,6,0,6,富邦-台東,2023-09-04,9608
2458,義隆,7,1,6,富邦-台東,2023-09-04,9608
2618,長榮航,6,0,6,富邦-台東,2023-09-04,9608
6167,久正,7,1,6,富邦-台東,2023-09-04,9608
00679B,元大美債20年,5,0,5,富邦-台東,2023-09-04,9608
00751B,元大AAA至A公司債,5,0,5,富邦-台東,2023-09-04,9608
00720B,元大投資級公司債,5,0,5,富邦-台東,2023-09-04,9608
00687B,國泰20年美債,5,0,5,富邦-台東,2023-09-04,9608
00923,群益台ESG低碳50,5,0,5,富邦-台東,2023-09-04,9608
00931B,統一美債20年,5,0,5,富邦-台東,2023-09-04,9608
1101,台泥,5,0,5,富邦-台東,2023-09-04,9608
2364,倫飛,5,0,5,富邦-台東,2023-09-04,9608
2408,南亞科,7,2,5,富邦-台東,2023-09-04,9608
2457,飛宏,9,4,5,富邦-台東,2023-09-04,9608
2882,國泰金,5,0,5,富邦-台東,2023-09-04,9608
5009,榮剛,32,27,5,富邦-台東,2023-09-04,9608
9941,裕融,17,12,5,富邦-台東,2023-09-04,9608
2634,漢翔,10,6,4,富邦-台東,2023-09-04,9608
4580,捷流閥業,4,0,4,富邦-台東,2023-09-04,9608
6112,邁達特,4,0,4,富邦-台東,2023-09-04,9608
6125,廣運,10,6,4,富邦-台東,2023-09-04,9608
6213,聯茂,7,3,4,富邦-台東,2023-09-04,9608
8210,勤誠,4,0,4,富邦-台東,2023-09-04,9608
2376,技嘉,10,7,3,富邦-台東,2023-09-04,9608
2812,台中銀,3,0,3,富邦-台東,2023-09-04,9608
020022,元大電動車N,3,0,3,富邦-台東,2023-09-04,9608
00888,永豐台灣ESG,3,0,3,富邦-台東,2023-09-04,9608
00882,中信中國高股息,3,0,3,富邦-台東,2023-09-04,9608
8016,矽創,434,2,432,富邦-台東,2023-09-05,9608
00929,復華台灣科技優息,112,30,82,富邦-台東,2023-09-05,9608
5210,寶碩,43,0,43,富邦-台東,2023-09-05,9608
00632R,元大台灣50反1,40,0,40,富邦-台東,2023-09-05,9608
00706L,期元大S＆P日圓正2,36,0,36,富邦-台東,2023-09-05,9608
00921,兆豐龍頭等權重,25,0,25,富邦-台東,2023-09-05,9608
3231,緯創,32,9,23,富邦-台東,2023-09-05,9608
2610,華航,29,9,20,富邦-台東,2023-09-05,9608
2634,漢翔,12,0,12,富邦-台東,2023-09-05,9608
2618,長榮航,11,0,11,富邦-台東,2023-09-05,9608
4155,訊映,10,0,10,富邦-台東,2023-09-05,9608
00665L,富邦�琤肭磪囓�2,23,13,10,富邦-台東,2023-09-05,9608
2359,所羅門,10,0,10,富邦-台東,2023-09-05,9608
2913,農林,10,0,10,富邦-台東,2023-09-05,9608
3380,明泰,10,0,10,富邦-台東,2023-09-05,9608
4510,高鋒,10,0,10,富邦-台東,2023-09-05,9608
5234,達興材料,10,0,10,富邦-台東,2023-09-05,9608
6116,彩晶,10,0,10,富邦-台東,2023-09-05,9608
3049,精金,10,0,10,富邦-台東,2023-09-05,9608
1307,三芳,9,0,9,富邦-台東,2023-09-05,9608
2344,華邦電,21,12,9,富邦-台東,2023-09-05,9608
2027,大成鋼,10,2,8,富邦-台東,2023-09-05,9608
1616,億泰,7,0,7,富邦-台東,2023-09-05,9608
2049,上銀,7,0,7,富邦-台東,2023-09-05,9608
2402,毅嘉,13,6,7,富邦-台東,2023-09-05,9608
9941,裕融,10,3,7,富邦-台東,2023-09-05,9608
3228,金麗科,6,0,6,富邦-台東,2023-09-05,9608
2358,廷鑫,7,1,6,富邦-台東,2023-09-05,9608
2520,冠德,6,0,6,富邦-台東,2023-09-05,9608
3466,德晉,6,0,6,富邦-台東,2023-09-05,9608
1337,再生-KY,5,0,5,富邦-台東,2023-09-05,9608
020022,元大電動車N,5,0,5,富邦-台東,2023-09-05,9608
1514,亞力,5,0,5,富邦-台東,2023-09-05,9608
2495,普安,5,0,5,富邦-台東,2023-09-05,9608
3338,泰碩,5,0,5,富邦-台東,2023-09-05,9608
3372,典範,5,0,5,富邦-台東,2023-09-05,9608
4102,永日,7,2,5,富邦-台東,2023-09-05,9608
5014,建錩,5,0,5,富邦-台東,2023-09-05,9608
6191,精成科,5,0,5,富邦-台東,2023-09-05,9608
6414,樺漢,5,0,5,富邦-台東,2023-09-05,9608
9103,美德醫療-DR,5,0,5,富邦-台東,2023-09-05,9608
2340,台亞,5,0,5,富邦-台東,2023-09-05,9608
2454,聯發科,5,0,5,富邦-台東,2023-09-05,9608
1471,首利,4,0,4,富邦-台東,2023-09-05,9608
1101,台泥,7,3,4,富邦-台東,2023-09-05,9608
00753L,中信中國50正2,4,0,4,富邦-台東,2023-09-05,9608
3689,湧德,6,2,4,富邦-台東,2023-09-05,9608
8234,新漢,4,0,4,富邦-台東,2023-09-05,9608
3483,力致,4,0,4,富邦-台東,2023-09-05,9608
00878,國泰永續高股息,10,7,3,富邦-台東,2023-09-05,9608
00929,復華台灣科技優息,173,61,112,富邦-台東,2023-09-06,9608
3481,群創,82,12,70,富邦-台東,2023-09-06,9608
00706L,期元大S＆P日圓正2,85,30,55,富邦-台東,2023-09-06,9608
6116,彩晶,40,0,40,富邦-台東,2023-09-06,9608
5210,寶碩,24,0,24,富邦-台東,2023-09-06,9608
2884,玉山金,21,0,21,富邦-台東,2023-09-06,9608
00931B,統一美債20年,20,0,20,富邦-台東,2023-09-06,9608
6245,立端,20,0,20,富邦-台東,2023-09-06,9608
8358,金居,25,5,20,富邦-台東,2023-09-06,9608
1101,台泥,19,0,19,富邦-台東,2023-09-06,9608
2363,矽統,52,33,19,富邦-台東,2023-09-06,9608
2485,兆赫,21,2,19,富邦-台東,2023-09-06,9608
00679B,元大美債20年,17,0,17,富邦-台東,2023-09-06,9608
8048,德勝,17,0,17,富邦-台東,2023-09-06,9608
2401,凌陽,23,8,15,富邦-台東,2023-09-06,9608
3029,零壹,13,0,13,富邦-台東,2023-09-06,9608
00919,群益台灣精選高息,19,7,12,富邦-台東,2023-09-06,9608
2340,台亞,11,0,11,富邦-台東,2023-09-06,9608
00850,元大臺灣ESG永續,11,0,11,富邦-台東,2023-09-06,9608
00673R,期元大S＆P原油反1,11,0,11,富邦-台東,2023-09-06,9608
6414,樺漢,11,0,11,富邦-台東,2023-09-06,9608
00687B,國泰20年美債,10,0,10,富邦-台東,2023-09-06,9608
00665L,富邦�琤肭磪囓�2,10,0,10,富邦-台東,2023-09-06,9608
1514,亞力,20,10,10,富邦-台東,2023-09-06,9608
1806,冠軍,10,0,10,富邦-台東,2023-09-06,9608
5234,達興材料,10,0,10,富邦-台東,2023-09-06,9608
8103,瀚荃,10,0,10,富邦-台東,2023-09-06,9608
2312,金寶,10,1,9,富邦-台東,2023-09-06,9608
2369,菱生,10,1,9,富邦-台東,2023-09-06,9608
4906,正文,9,0,9,富邦-台東,2023-09-06,9608
2409,友達,10,2,8,富邦-台東,2023-09-06,9608
2881,富邦金,7,0,7,富邦-台東,2023-09-06,9608
2436,偉詮電,7,1,6,富邦-台東,2023-09-06,9608
2457,飛宏,7,1,6,富邦-台東,2023-09-06,9608
2498,宏達電,11,5,6,富邦-台東,2023-09-06,9608
6213,聯茂,8,2,6,富邦-台東,2023-09-06,9608
00753L,中信中國50正2,5,0,5,富邦-台東,2023-09-06,9608
00752,中信中國50,5,0,5,富邦-台東,2023-09-06,9608
00720B,元大投資級公司債,5,0,5,富邦-台東,2023-09-06,9608
2317,鴻海,8,3,5,富邦-台東,2023-09-06,9608
2425,承啟,5,0,5,富邦-台東,2023-09-06,9608
3338,泰碩,5,0,5,富邦-台東,2023-09-06,9608
2610,華航,14,10,4,富邦-台東,2023-09-06,9608
2880,華南金,7,3,4,富邦-台東,2023-09-06,9608
5488,松普,18,14,4,富邦-台東,2023-09-06,9608
3588,通嘉,8,4,4,富邦-台東,2023-09-06,9608
2002,中鋼,3,0,3,富邦-台東,2023-09-06,9608
020028,元大特選電動車N,3,0,3,富邦-台東,2023-09-06,9608
1337,再生-KY,3,0,3,富邦-台東,2023-09-06,9608
1709,和益,3,0,3,富邦-台東,2023-09-06,9608
00929,復華台灣科技優息,240,136,104,富邦-台東,2023-09-07,9608
3481,群創,52,0,52,富邦-台東,2023-09-07,9608
1609,大亞,50,0,50,富邦-台東,2023-09-07,9608
00915,凱基優選高股息30,43,0,43,富邦-台東,2023-09-07,9608
00673R,期元大S＆P原油反1,40,0,40,富邦-台東,2023-09-07,9608
6116,彩晶,40,4,36,富邦-台東,2023-09-07,9608
4934,太極,36,2,34,富邦-台東,2023-09-07,9608
2356,英業達,39,8,31,富邦-台東,2023-09-07,9608
2834,臺企銀,28,0,28,富邦-台東,2023-09-07,9608
00919,群益台灣精選高息,25,2,23,富邦-台東,2023-09-07,9608
1802,台玻,21,0,21,富邦-台東,2023-09-07,9608
2313,華通,24,4,20,富邦-台東,2023-09-07,9608
00722B,群益投資級電信債,16,0,16,富邦-台東,2023-09-07,9608
3363,上詮,15,0,15,富邦-台東,2023-09-07,9608
2610,華航,24,10,14,富邦-台東,2023-09-07,9608
2358,廷鑫,19,6,13,富邦-台東,2023-09-07,9608
00850,元大臺灣ESG永續,11,0,11,富邦-台東,2023-09-07,9608
2340,台亞,11,0,11,富邦-台東,2023-09-07,9608
3682,亞太電,11,0,11,富邦-台東,2023-09-07,9608
6167,久正,30,19,11,富邦-台東,2023-09-07,9608
00720B,元大投資級公司債,10,0,10,富邦-台東,2023-09-07,9608
00632R,元大台灣50反1,10,0,10,富邦-台東,2023-09-07,9608
00753L,中信中國50正2,10,0,10,富邦-台東,2023-09-07,9608
2390,云辰,11,1,10,富邦-台東,2023-09-07,9608
3049,精金,10,0,10,富邦-台東,2023-09-07,9608
8048,德勝,10,0,10,富邦-台東,2023-09-07,9608
8176,智捷,10,0,10,富邦-台東,2023-09-07,9608
2301,光寶科,10,0,10,富邦-台東,2023-09-07,9608
5469,瀚宇博,8,0,8,富邦-台東,2023-09-07,9608
2884,玉山金,8,0,8,富邦-台東,2023-09-07,9608
00896,中信綠能及電動車,8,0,8,富邦-台東,2023-09-07,9608
2486,一詮,10,3,7,富邦-台東,2023-09-07,9608
00655L,國泰中國A50正2,9,2,7,富邦-台東,2023-09-07,9608
2618,長榮航,7,0,7,富邦-台東,2023-09-07,9608
4906,正文,9,2,7,富邦-台東,2023-09-07,9608
5347,世界,7,0,7,富邦-台東,2023-09-07,9608
5381,合正,9,2,7,富邦-台東,2023-09-07,9608
2915,潤泰全,6,0,6,富邦-台東,2023-09-07,9608
4533,協易機,17,11,6,富邦-台東,2023-09-07,9608
2330,台積電,6,0,6,富邦-台東,2023-09-07,9608
00888,永豐台灣ESG,5,0,5,富邦-台東,2023-09-07,9608
00665L,富邦�琤肭磪囓�2,11,6,5,富邦-台東,2023-09-07,9608
2425,承啟,5,0,5,富邦-台東,2023-09-07,9608
2801,彰銀,5,0,5,富邦-台東,2023-09-07,9608
2883,凱基金,5,0,5,富邦-台東,2023-09-07,9608
5484,慧友,5,0,5,富邦-台東,2023-09-07,9608
6443,元晶,5,0,5,富邦-台東,2023-09-07,9608
6703,軒郁,5,0,5,富邦-台東,2023-09-07,9608
3105,穩懋,5,1,4,富邦-台東,2023-09-07,9608
6138,茂達,6,2,4,富邦-台東,2023-09-07,9608
6770,力積電,87,0,87,富邦-台東,2023-09-08,9608
00919,群益台灣精選高息,53,3,50,富邦-台東,2023-09-08,9608
00713,元大台灣高息低波,42,0,42,富邦-台東,2023-09-08,9608
2610,華航,38,10,28,富邦-台東,2023-09-08,9608
6191,精成科,42,18,24,富邦-台東,2023-09-08,9608
1314,中石化,21,0,21,富邦-台東,2023-09-08,9608
1101,台泥,22,5,17,富邦-台東,2023-09-08,9608
6116,彩晶,20,3,17,富邦-台東,2023-09-08,9608
3049,精金,16,0,16,富邦-台東,2023-09-08,9608
9136,巨騰-DR,15,0,15,富邦-台東,2023-09-08,9608
6125,廣運,12,0,12,富邦-台東,2023-09-08,9608
2382,廣達,18,6,12,富邦-台東,2023-09-08,9608
3622,洋華,10,0,10,富邦-台東,2023-09-08,9608
00696B,富邦美債20年,10,0,10,富邦-台東,2023-09-08,9608
2618,長榮航,12,2,10,富邦-台東,2023-09-08,9608
2886,兆豐金,10,0,10,富邦-台東,2023-09-08,9608
3338,泰碩,10,0,10,富邦-台東,2023-09-08,9608
3592,瑞鼎,10,0,10,富邦-台東,2023-09-08,9608
4533,協易機,30,20,10,富邦-台東,2023-09-08,9608
4934,太極,10,0,10,富邦-台東,2023-09-08,9608
6173,信昌電,10,0,10,富邦-台東,2023-09-08,9608
1471,首利,10,2,8,富邦-台東,2023-09-08,9608
3213,茂訊,14,6,8,富邦-台東,2023-09-08,9608
9928,中視,10,2,8,富邦-台東,2023-09-08,9608
2421,建準,7,0,7,富邦-台東,2023-09-08,9608
2344,華邦電,7,0,7,富邦-台東,2023-09-08,9608
3231,緯創,13,6,7,富邦-台東,2023-09-08,9608
2891,中信金,6,0,6,富邦-台東,2023-09-08,9608
2436,偉詮電,13,7,6,富邦-台東,2023-09-08,9608
00665L,富邦�琤肭磪囓�2,5,0,5,富邦-台東,2023-09-08,9608
1305,華夏,5,0,5,富邦-台東,2023-09-08,9608
00896,中信綠能及電動車,5,0,5,富邦-台東,2023-09-08,9608
2329,華泰,40,35,5,富邦-台東,2023-09-08,9608
2498,宏達電,7,2,5,富邦-台東,2023-09-08,9608
2801,彰銀,5,0,5,富邦-台東,2023-09-08,9608
6117,迎廣,6,1,5,富邦-台東,2023-09-08,9608
6446,藥華藥,5,0,5,富邦-台東,2023-09-08,9608
8150,南茂,5,0,5,富邦-台東,2023-09-08,9608
6269,台郡,6,1,5,富邦-台東,2023-09-08,9608
2330,台積電,5,0,5,富邦-台東,2023-09-08,9608
3481,群創,5,1,4,富邦-台東,2023-09-08,9608
2301,光寶科,5,1,4,富邦-台東,2023-09-08,9608
2453,凌群,5,1,4,富邦-台東,2023-09-08,9608
3037,欣興,4,0,4,富邦-台東,2023-09-08,9608
3308,聯德,4,0,4,富邦-台東,2023-09-08,9608
3483,力致,32,28,4,富邦-台東,2023-09-08,9608
6414,樺漢,5,1,4,富邦-台東,2023-09-08,9608
6485,點序,4,0,4,富邦-台東,2023-09-08,9608
8930,青鋼,4,0,4,富邦-台東,2023-09-08,9608
2834,臺企銀,4,0,4,富邦-台東,2023-09-08,9608
00929,復華台灣科技優息,63,8,55,富邦-台東,2023-09-11,9608
00878,國泰永續高股息,73,19,54,富邦-台東,2023-09-11,9608
00919,群益台灣精選高息,54,1,53,富邦-台東,2023-09-11,9608
3481,群創,55,4,51,富邦-台東,2023-09-11,9608
6116,彩晶,30,0,30,富邦-台東,2023-09-11,9608
3363,上詮,42,15,27,富邦-台東,2023-09-11,9608
2363,矽統,68,52,16,富邦-台東,2023-09-11,9608
00931B,統一美債20年,15,0,15,富邦-台東,2023-09-11,9608
4147,中裕,17,2,15,富邦-台東,2023-09-11,9608
3217,優群,13,0,13,富邦-台東,2023-09-11,9608
8222,寶一,15,2,13,富邦-台東,2023-09-11,9608
2352,佳世達,21,9,12,富邦-台東,2023-09-11,9608
2880,華南金,12,0,12,富邦-台東,2023-09-11,9608
2029,盛餘,12,0,12,富邦-台東,2023-09-11,9608
2359,所羅門,12,0,12,富邦-台東,2023-09-11,9608
2618,長榮航,11,0,11,富邦-台東,2023-09-11,9608
4142,國光生,11,0,11,富邦-台東,2023-09-11,9608
00696B,富邦美債20年,10,0,10,富邦-台東,2023-09-11,9608
00915,凱基優選高股息30,10,0,10,富邦-台東,2023-09-11,9608
9950,萬國通,10,0,10,富邦-台東,2023-09-11,9608
4533,協易機,10,1,9,富邦-台東,2023-09-11,9608
00900,富邦特選高股息30,8,0,8,富邦-台東,2023-09-11,9608
2382,廣達,19,11,8,富邦-台東,2023-09-11,9608
2421,建準,8,0,8,富邦-台東,2023-09-11,9608
6191,精成科,13,5,8,富邦-台東,2023-09-11,9608
5469,瀚宇博,7,0,7,富邦-台東,2023-09-11,9608
2399,映泰,7,0,7,富邦-台東,2023-09-11,9608
3576,聯合再生,6,0,6,富邦-台東,2023-09-11,9608
2329,華泰,17,11,6,富邦-台東,2023-09-11,9608
3356,奇偶,6,0,6,富邦-台東,2023-09-11,9608
2002,中鋼,7,1,6,富邦-台東,2023-09-11,9608
0056,元大高股息,17,11,6,富邦-台東,2023-09-11,9608
2301,光寶科,30,25,5,富邦-台東,2023-09-11,9608
00896,中信綠能及電動車,5,0,5,富邦-台東,2023-09-11,9608
00764B,群益25年美債,5,0,5,富邦-台東,2023-09-11,9608
2312,金寶,5,0,5,富邦-台東,2023-09-11,9608
2355,敬鵬,6,1,5,富邦-台東,2023-09-11,9608
2364,倫飛,5,0,5,富邦-台東,2023-09-11,9608
2405,輔信,17,12,5,富邦-台東,2023-09-11,9608
2515,中工,5,0,5,富邦-台東,2023-09-11,9608
2610,華航,15,10,5,富邦-台東,2023-09-11,9608
3029,零壹,5,0,5,富邦-台東,2023-09-11,9608
3508,位速,5,0,5,富邦-台東,2023-09-11,9608
3548,兆利,7,2,5,富邦-台東,2023-09-11,9608
6274,台燿,5,0,5,富邦-台東,2023-09-11,9608
8150,南茂,5,0,5,富邦-台東,2023-09-11,9608
2313,華通,6,2,4,富邦-台東,2023-09-11,9608
2495,普安,5,1,4,富邦-台東,2023-09-11,9608
2536,宏普,4,0,4,富邦-台東,2023-09-11,9608
3043,科風,5,1,4,富邦-台東,2023-09-11,9608
00673R,期元大S＆P原油反1,48,2,46,富邦-台東,2023-09-12,9608
00929,復華台灣科技優息,190,145,45,富邦-台東,2023-09-12,9608
2634,漢翔,33,3,30,富邦-台東,2023-09-12,9608
6116,彩晶,30,0,30,富邦-台東,2023-09-12,9608
00931B,統一美債20年,21,0,21,富邦-台東,2023-09-12,9608
2356,英業達,37,18,19,富邦-台東,2023-09-12,9608
00878,國泰永續高股息,39,21,18,富邦-台東,2023-09-12,9608
4142,國光生,18,0,18,富邦-台東,2023-09-12,9608
1217,愛之味,22,5,17,富邦-台東,2023-09-12,9608
2363,矽統,121,104,17,富邦-台東,2023-09-12,9608
2404,漢唐,15,0,15,富邦-台東,2023-09-12,9608
2027,大成鋼,14,0,14,富邦-台東,2023-09-12,9608
2402,毅嘉,21,9,12,富邦-台東,2023-09-12,9608
3588,通嘉,11,0,11,富邦-台東,2023-09-12,9608
4147,中裕,11,0,11,富邦-台東,2023-09-12,9608
2390,云辰,10,0,10,富邦-台東,2023-09-12,9608
2485,兆赫,15,5,10,富邦-台東,2023-09-12,9608
2618,長榮航,18,8,10,富邦-台東,2023-09-12,9608
3380,明泰,10,1,9,富邦-台東,2023-09-12,9608
2357,華碩,12,3,9,富邦-台東,2023-09-12,9608
00679B,元大美債20年,8,0,8,富邦-台東,2023-09-12,9608
00915,凱基優選高股息30,7,0,7,富邦-台東,2023-09-12,9608
2891,中信金,6,0,6,富邦-台東,2023-09-12,9608
2834,臺企銀,6,0,6,富邦-台東,2023-09-12,9608
3508,位速,6,0,6,富邦-台東,2023-09-12,9608
00919,群益台灣精選高息,6,0,6,富邦-台東,2023-09-12,9608
2312,金寶,5,0,5,富邦-台東,2023-09-12,9608
1304,台聚,5,0,5,富邦-台東,2023-09-12,9608
00916,國泰全球品牌50,5,0,5,富邦-台東,2023-09-12,9608
00882,中信中國高股息,5,0,5,富邦-台東,2023-09-12,9608
1584,精剛,5,0,5,富邦-台東,2023-09-12,9608
2419,仲琦,5,0,5,富邦-台東,2023-09-12,9608
3481,群創,6,1,5,富邦-台東,2023-09-12,9608
2313,華通,31,27,4,富邦-台東,2023-09-12,9608
3231,緯創,15,11,4,富邦-台東,2023-09-12,9608
2303,聯電,19,15,4,富邦-台東,2023-09-12,9608
4541,晟田,4,0,4,富邦-台東,2023-09-12,9608
4563,百德,4,0,4,富邦-台東,2023-09-12,9608
5880,合庫金,5,1,4,富邦-台東,2023-09-12,9608
6111,大宇資,4,0,4,富邦-台東,2023-09-12,9608
8069,元太,4,1,3,富邦-台東,2023-09-12,9608
2301,光寶科,11,8,3,富邦-台東,2023-09-12,9608
3324,雙鴻,3,0,3,富邦-台東,2023-09-12,9608
2382,廣達,7,4,3,富邦-台東,2023-09-12,9608
4904,遠傳,3,0,3,富邦-台東,2023-09-12,9608
2427,三商電,6,3,3,富邦-台東,2023-09-12,9608
00881,國泰台灣5G+,3,0,3,富邦-台東,2023-09-12,9608
2025,千興,3,0,3,富邦-台東,2023-09-12,9608
3014,聯陽,6,3,3,富邦-台東,2023-09-12,9608
3025,星通,3,0,3,富邦-台東,2023-09-12,9608
00919,群益台灣精選高息,137,0,137,富邦-台東,2023-09-13,9608
00929,復華台灣科技優息,117,42,75,富邦-台東,2023-09-13,9608
00673R,期元大S＆P原油反1,40,0,40,富邦-台東,2023-09-13,9608
3481,群創,28,0,28,富邦-台東,2023-09-13,9608
2801,彰銀,21,0,21,富邦-台東,2023-09-13,9608
6414,樺漢,20,1,19,富邦-台東,2023-09-13,9608
00878,國泰永續高股息,31,13,18,富邦-台東,2023-09-13,9608
1101,台泥,27,9,18,富邦-台東,2023-09-13,9608
4147,中裕,18,0,18,富邦-台東,2023-09-13,9608
1524,耿鼎,43,25,18,富邦-台東,2023-09-13,9608
2618,長榮航,36,19,17,富邦-台東,2023-09-13,9608
00632R,元大台灣50反1,20,5,15,富邦-台東,2023-09-13,9608
0056,元大高股息,11,0,11,富邦-台東,2023-09-13,9608
00708L,期元大S＆P黃金正2,10,0,10,富邦-台東,2023-09-13,9608
4533,協易機,10,0,10,富邦-台東,2023-09-13,9608
2412,中華電,10,1,9,富邦-台東,2023-09-13,9608
2374,佳能,24,15,9,富邦-台東,2023-09-13,9608
8176,智捷,9,0,9,富邦-台東,2023-09-13,9608
8048,德勝,11,3,8,富邦-台東,2023-09-13,9608
3715,定穎投控,19,11,8,富邦-台東,2023-09-13,9608
2376,技嘉,16,9,7,富邦-台東,2023-09-13,9608
2382,廣達,14,7,7,富邦-台東,2023-09-13,9608
2883,凱基金,7,0,7,富邦-台東,2023-09-13,9608
2344,華邦電,10,4,6,富邦-台東,2023-09-13,9608
2743,山富,6,0,6,富邦-台東,2023-09-13,9608
3037,欣興,6,0,6,富邦-台東,2023-09-13,9608
6415,矽力*-KY,8,2,6,富邦-台東,2023-09-13,9608
2014,中鴻,5,0,5,富邦-台東,2023-09-13,9608
00753L,中信中國50正2,5,0,5,富邦-台東,2023-09-13,9608
2027,大成鋼,5,0,5,富邦-台東,2023-09-13,9608
2405,輔信,24,19,5,富邦-台東,2023-09-13,9608
3703,欣陸,5,0,5,富邦-台東,2023-09-13,9608
4580,捷流閥業,5,0,5,富邦-台東,2023-09-13,9608
5243,乙盛-KY,5,0,5,富邦-台東,2023-09-13,9608
6470,宇智,5,0,5,富邦-台東,2023-09-13,9608
2634,漢翔,5,0,5,富邦-台東,2023-09-13,9608
3231,緯創,7,3,4,富邦-台東,2023-09-13,9608
2355,敬鵬,14,10,4,富邦-台東,2023-09-13,9608
2388,威盛,7,3,4,富邦-台東,2023-09-13,9608
2401,凌陽,4,0,4,富邦-台東,2023-09-13,9608
2436,偉詮電,5,1,4,富邦-台東,2023-09-13,9608
2492,華新科,4,0,4,富邦-台東,2023-09-13,9608
2880,華南金,4,0,4,富邦-台東,2023-09-13,9608
3711,日月光投控,25,21,4,富邦-台東,2023-09-13,9608
5484,慧友,4,0,4,富邦-台東,2023-09-13,9608
6285,啟��,10,7,3,富邦-台東,2023-09-13,9608
00679B,元大美債20年,3,0,3,富邦-台東,2023-09-13,9608
2363,矽統,28,25,3,富邦-台東,2023-09-13,9608
2364,倫飛,3,0,3,富邦-台東,2023-09-13,9608
3558,神準,3,0,3,富邦-台東,2023-09-13,9608
00919,群益台灣精選高息,93,9,84,富邦-台東,2023-09-14,9608
00929,復華台灣科技優息,89,32,57,富邦-台東,2023-09-14,9608
00882,中信中國高股息,37,0,37,富邦-台東,2023-09-14,9608
00632R,元大台灣50反1,33,0,33,富邦-台東,2023-09-14,9608
2734,易飛網,30,0,30,富邦-台東,2023-09-14,9608
3706,神達,30,0,30,富邦-台東,2023-09-14,9608
2486,一詮,33,7,26,富邦-台東,2023-09-14,9608
3005,神基,55,33,22,富邦-台東,2023-09-14,9608
00673R,期元大S＆P原油反1,20,0,20,富邦-台東,2023-09-14,9608
6116,彩晶,50,30,20,富邦-台東,2023-09-14,9608
6197,佳必琪,20,0,20,富邦-台東,2023-09-14,9608
4726,永昕,19,0,19,富邦-台東,2023-09-14,9608
00713,元大台灣高息低波,20,2,18,富邦-台東,2023-09-14,9608
1609,大亞,20,2,18,富邦-台東,2023-09-14,9608
1519,華城,13,0,13,富邦-台東,2023-09-14,9608
2025,千興,12,0,12,富邦-台東,2023-09-14,9608
2496,卓越,12,0,12,富邦-台東,2023-09-14,9608
4147,中裕,11,0,11,富邦-台東,2023-09-14,9608
6443,元晶,11,0,11,富邦-台東,2023-09-14,9608
3481,群創,13,2,11,富邦-台東,2023-09-14,9608
1101,台泥,10,0,10,富邦-台東,2023-09-14,9608
3006,晶豪科,11,1,10,富邦-台東,2023-09-14,9608
4155,訊映,10,0,10,富邦-台東,2023-09-14,9608
4533,協易機,10,0,10,富邦-台東,2023-09-14,9608
6590,普鴻,9,0,9,富邦-台東,2023-09-14,9608
00885,富邦越南,8,0,8,富邦-台東,2023-09-14,9608
3380,明泰,28,22,6,富邦-台東,2023-09-14,9608
00679B,元大美債20年,6,0,6,富邦-台東,2023-09-14,9608
8048,德勝,6,0,6,富邦-台東,2023-09-14,9608
2426,鼎元,5,0,5,富邦-台東,2023-09-14,9608
3466,德晉,5,0,5,富邦-台東,2023-09-14,9608
4414,如興,5,0,5,富邦-台東,2023-09-14,9608
4804,大略-KY,5,0,5,富邦-台東,2023-09-14,9608
6442,光聖,5,0,5,富邦-台東,2023-09-14,9608
8109,博大,6,1,5,富邦-台東,2023-09-14,9608
2382,廣達,10,5,5,富邦-台東,2023-09-14,9608
2630,亞航,9,4,5,富邦-台東,2023-09-14,9608
6191,精成科,5,1,4,富邦-台東,2023-09-14,9608
2301,光寶科,5,1,4,富邦-台東,2023-09-14,9608
3325,旭品,4,0,4,富邦-台東,2023-09-14,9608
3709,鑫聯大投控,4,0,4,富邦-台東,2023-09-14,9608
8034,榮群,5,1,4,富邦-台東,2023-09-14,9608
6451,訊芯-KY,4,0,4,富邦-台東,2023-09-14,9608
3045,台灣大,3,0,3,富邦-台東,2023-09-14,9608
3322,建舜電,3,0,3,富邦-台東,2023-09-14,9608
2020,美亞,5,2,3,富邦-台東,2023-09-14,9608
2355,敬鵬,12,9,3,富邦-台東,2023-09-14,9608
2485,兆赫,8,5,3,富邦-台東,2023-09-14,9608
3122,笙泉,3,0,3,富邦-台東,2023-09-14,9608
3563,牧德,3,0,3,富邦-台東,2023-09-14,9608
00929,復華台灣科技優息,164,8,156,富邦-台東,2023-09-15,9608
00715L,期街口布蘭特正2,102,0,102,富邦-台東,2023-09-15,9608
00673R,期元大S＆P原油反1,65,0,65,富邦-台東,2023-09-15,9608
2630,亞航,72,15,57,富邦-台東,2023-09-15,9608
1609,大亞,32,1,31,富邦-台東,2023-09-15,9608
3481,群創,29,5,24,富邦-台東,2023-09-15,9608
00918,大華優利高填息30,18,0,18,富邦-台東,2023-09-15,9608
2356,英業達,33,15,18,富邦-台東,2023-09-15,9608
2230,泰茂,18,1,17,富邦-台東,2023-09-15,9608
2460,建通,16,0,16,富邦-台東,2023-09-15,9608
2637,慧洋-KY,19,4,15,富邦-台東,2023-09-15,9608
00919,群益台灣精選高息,44,31,13,富邦-台東,2023-09-15,9608
2610,華航,33,20,13,富邦-台東,2023-09-15,9608
2884,玉山金,12,0,12,富邦-台東,2023-09-15,9608
2486,一詮,21,9,12,富邦-台東,2023-09-15,9608
00902,中信電池及儲能,11,0,11,富邦-台東,2023-09-15,9608
3317,尼克森,11,0,11,富邦-台東,2023-09-15,9608
2317,鴻海,10,0,10,富邦-台東,2023-09-15,9608
2617,台航,10,0,10,富邦-台東,2023-09-15,9608
2734,易飛網,10,0,10,富邦-台東,2023-09-15,9608
4533,協易機,10,0,10,富邦-台東,2023-09-15,9608
6197,佳必琪,10,0,10,富邦-台東,2023-09-15,9608
2371,大同,9,0,9,富邦-台東,2023-09-15,9608
3630,新鉅科,9,0,9,富邦-台東,2023-09-15,9608
00680L,元大美債20正2,8,0,8,富邦-台東,2023-09-15,9608
1314,中石化,10,2,8,富邦-台東,2023-09-15,9608
2303,聯電,14,6,8,富邦-台東,2023-09-15,9608
2402,毅嘉,11,3,8,富邦-台東,2023-09-15,9608
4906,正文,11,3,8,富邦-台東,2023-09-15,9608
3715,定穎投控,20,12,8,富邦-台東,2023-09-15,9608
2329,華泰,7,0,7,富邦-台東,2023-09-15,9608
8076,伍豐,6,0,6,富邦-台東,2023-09-15,9608
2426,鼎元,6,0,6,富邦-台東,2023-09-15,9608
3325,旭品,6,0,6,富邦-台東,2023-09-15,9608
4128,中天,6,0,6,富邦-台東,2023-09-15,9608
1522,堤維西,10,4,6,富邦-台東,2023-09-15,9608
4904,遠傳,5,0,5,富邦-台東,2023-09-15,9608
1101,台泥,12,7,5,富邦-台東,2023-09-15,9608
00764B,群益25年美債,5,0,5,富邦-台東,2023-09-15,9608
00931B,統一美債20年,5,0,5,富邦-台東,2023-09-15,9608
00930,永豐ESG低碳高息,5,0,5,富邦-台東,2023-09-15,9608
2816,旺旺保,5,0,5,富邦-台東,2023-09-15,9608
2883,凱基金,5,0,5,富邦-台東,2023-09-15,9608
3005,神基,38,33,5,富邦-台東,2023-09-15,9608
3587,閎康,5,0,5,富邦-台東,2023-09-15,9608
4147,中裕,5,0,5,富邦-台東,2023-09-15,9608
5243,乙盛-KY,5,0,5,富邦-台東,2023-09-15,9608
6005,群益證,5,0,5,富邦-台東,2023-09-15,9608
9136,巨騰-DR,5,0,5,富邦-台東,2023-09-15,9608
3035,智原,6,2,4,富邦-台東,2023-09-15,9608
00929,復華台灣科技優息,138,3,135,富邦-台東,2023-09-18,9608
00688L,國泰20年美債正2,90,0,90,富邦-台東,2023-09-18,9608
00680L,元大美債20正2,56,0,56,富邦-台東,2023-09-18,9608
00715L,期街口布蘭特正2,40,0,40,富邦-台東,2023-09-18,9608
00878,國泰永續高股息,45,8,37,富邦-台東,2023-09-18,9608
00931B,統一美債20年,28,0,28,富邦-台東,2023-09-18,9608
00919,群益台灣精選高息,30,3,27,富邦-台東,2023-09-18,9608
00673R,期元大S＆P原油反1,23,0,23,富邦-台東,2023-09-18,9608
2363,矽統,80,58,22,富邦-台東,2023-09-18,9608
3363,上詮,45,24,21,富邦-台東,2023-09-18,9608
2634,漢翔,21,0,21,富邦-台東,2023-09-18,9608
2485,兆赫,24,4,20,富邦-台東,2023-09-18,9608
6191,精成科,25,5,20,富邦-台東,2023-09-18,9608
2344,華邦電,22,6,16,富邦-台東,2023-09-18,9608
6120,達運,17,1,16,富邦-台東,2023-09-18,9608
3715,定穎投控,25,9,16,富邦-台東,2023-09-18,9608
00679B,元大美債20年,15,0,15,富邦-台東,2023-09-18,9608
00923,群益台ESG低碳50,12,0,12,富邦-台東,2023-09-18,9608
00720B,元大投資級公司債,12,0,12,富邦-台東,2023-09-18,9608
2460,建通,24,12,12,富邦-台東,2023-09-18,9608
6150,撼訊,14,2,12,富邦-台東,2023-09-18,9608
0056,元大高股息,15,4,11,富邦-台東,2023-09-18,9608
00921,兆豐龍頭等權重,10,0,10,富邦-台東,2023-09-18,9608
00773B,中信優先金融債,10,0,10,富邦-台東,2023-09-18,9608
1817,凱撒衛,10,0,10,富邦-台東,2023-09-18,9608
2606,裕民,14,4,10,富邦-台東,2023-09-18,9608
4108,懷特,10,0,10,富邦-台東,2023-09-18,9608
2330,台積電,17,9,8,富邦-台東,2023-09-18,9608
2382,廣達,21,13,8,富邦-台東,2023-09-18,9608
00850,元大臺灣ESG永續,8,1,7,富邦-台東,2023-09-18,9608
2356,英業達,9,2,7,富邦-台東,2023-09-18,9608
1514,亞力,7,0,7,富邦-台東,2023-09-18,9608
1802,台玻,7,0,7,富邦-台東,2023-09-18,9608
00713,元大台灣高息低波,9,2,7,富邦-台東,2023-09-18,9608
3231,緯創,14,7,7,富邦-台東,2023-09-18,9608
2402,毅嘉,7,1,6,富邦-台東,2023-09-18,9608
6223,旺矽,6,0,6,富邦-台東,2023-09-18,9608
00764B,群益25年美債,5,0,5,富邦-台東,2023-09-18,9608
00751B,元大AAA至A公司債,5,0,5,富邦-台東,2023-09-18,9608
2025,千興,7,2,5,富邦-台東,2023-09-18,9608
2340,台亞,5,0,5,富邦-台東,2023-09-18,9608
2368,金像電,5,0,5,富邦-台東,2023-09-18,9608
4934,太極,5,0,5,富邦-台東,2023-09-18,9608
6443,元晶,5,0,5,富邦-台東,2023-09-18,9608
8028,昇陽半導體,5,0,5,富邦-台東,2023-09-18,9608
6274,台燿,9,4,5,富邦-台東,2023-09-18,9608
3045,台灣大,4,0,4,富邦-台東,2023-09-18,9608
00893,國泰智能電動車,4,0,4,富邦-台東,2023-09-18,9608
1504,東元,4,0,4,富邦-台東,2023-09-18,9608
3006,晶豪科,10,6,4,富邦-台東,2023-09-18,9608
00680L,元大美債20正2,60,0,60,富邦-台東,2023-09-19,9608
2460,建通,60,0,60,富邦-台東,2023-09-19,9608
00715L,期街口布蘭特正2,40,0,40,富邦-台東,2023-09-19,9608
00929,復華台灣科技優息,45,5,40,富邦-台東,2023-09-19,9608
2610,華航,25,3,22,富邦-台東,2023-09-19,9608
2355,敬鵬,30,10,20,富邦-台東,2023-09-19,9608
1307,三芳,18,0,18,富邦-台東,2023-09-19,9608
8183,精星,18,0,18,富邦-台東,2023-09-19,9608
00919,群益台灣精選高息,21,3,18,富邦-台東,2023-09-19,9608
1806,冠軍,15,0,15,富邦-台東,2023-09-19,9608
6269,台郡,15,0,15,富邦-台東,2023-09-19,9608
6901,鑽石投資,21,8,13,富邦-台東,2023-09-19,9608
3231,緯創,20,7,13,富邦-台東,2023-09-19,9608
2002,中鋼,13,0,13,富邦-台東,2023-09-19,9608
2330,台積電,12,0,12,富邦-台東,2023-09-19,9608
2606,裕民,15,3,12,富邦-台東,2023-09-19,9608
00882,中信中國高股息,12,0,12,富邦-台東,2023-09-19,9608
1618,合機,11,0,11,富邦-台東,2023-09-19,9608
3062,建漢,102,91,11,富邦-台東,2023-09-19,9608
2449,京元電子,12,2,10,富邦-台東,2023-09-19,9608
00688L,國泰20年美債正2,10,0,10,富邦-台東,2023-09-19,9608
2328,廣宇,20,10,10,富邦-台東,2023-09-19,9608
2388,威盛,13,3,10,富邦-台東,2023-09-19,9608
2498,宏達電,10,0,10,富邦-台東,2023-09-19,9608
2538,基泰,10,0,10,富邦-台東,2023-09-19,9608
8933,愛地雅,10,0,10,富邦-台東,2023-09-19,9608
00878,國泰永續高股息,9,1,8,富邦-台東,2023-09-19,9608
00932,兆豐永續高息等權,8,0,8,富邦-台東,2023-09-19,9608
6120,達運,11,3,8,富邦-台東,2023-09-19,9608
8069,元太,10,2,8,富邦-台東,2023-09-19,9608
4979,華星光,19,12,7,富邦-台東,2023-09-19,9608
2609,陽明,9,2,7,富邦-台東,2023-09-19,9608
2618,長榮航,7,0,7,富邦-台東,2023-09-19,9608
00665L,富邦�琤肭磪囓�2,6,0,6,富邦-台東,2023-09-19,9608
1314,中石化,6,0,6,富邦-台東,2023-09-19,9608
2486,一詮,7,1,6,富邦-台東,2023-09-19,9608
6282,康舒,6,0,6,富邦-台東,2023-09-19,9608
1721,三晃,5,0,5,富邦-台東,2023-09-19,9608
1802,台玻,5,0,5,富邦-台東,2023-09-19,9608
2363,矽統,40,35,5,富邦-台東,2023-09-19,9608
2489,瑞軒,5,0,5,富邦-台東,2023-09-19,9608
3049,精金,5,0,5,富邦-台東,2023-09-19,9608
3630,新鉅科,5,0,5,富邦-台東,2023-09-19,9608
3685,元創精密,5,0,5,富邦-台東,2023-09-19,9608
4510,高鋒,5,0,5,富邦-台東,2023-09-19,9608
5243,乙盛-KY,5,0,5,富邦-台東,2023-09-19,9608
5475,德宏,5,0,5,富邦-台東,2023-09-19,9608
8048,德勝,5,0,5,富邦-台東,2023-09-19,9608
3481,群創,16,11,5,富邦-台東,2023-09-19,9608
3025,星通,5,1,4,富邦-台東,2023-09-19,9608
2313,華通,145,21,124,富邦-台東,2023-09-20,9608
8088,品安,50,25,25,富邦-台東,2023-09-20,9608
00673R,期元大S＆P原油反1,42,20,22,富邦-台東,2023-09-20,9608
4532,瑞智,25,6,19,富邦-台東,2023-09-20,9608
00919,群益台灣精選高息,39,21,18,富邦-台東,2023-09-20,9608
3005,神基,48,30,18,富邦-台東,2023-09-20,9608
2344,華邦電,34,17,17,富邦-台東,2023-09-20,9608
2641,正德,27,13,14,富邦-台東,2023-09-20,9608
1218,泰山,10,0,10,富邦-台東,2023-09-20,9608
2201,裕隆,12,2,10,富邦-台東,2023-09-20,9608
5381,合正,10,0,10,富邦-台東,2023-09-20,9608
6117,迎廣,10,0,10,富邦-台東,2023-09-20,9608
912000,晨訊科-DR,10,0,10,富邦-台東,2023-09-20,9608
00900,富邦特選高股息30,11,2,9,富邦-台東,2023-09-20,9608
00680L,元大美債20正2,9,0,9,富邦-台東,2023-09-20,9608
3481,群創,9,0,9,富邦-台東,2023-09-20,9608
2363,矽統,24,15,9,富邦-台東,2023-09-20,9608
2352,佳世達,8,0,8,富邦-台東,2023-09-20,9608
1514,亞力,10,2,8,富邦-台東,2023-09-20,9608
8358,金居,8,0,8,富邦-台東,2023-09-20,9608
1316,上曜,10,3,7,富邦-台東,2023-09-20,9608
6120,達運,7,0,7,富邦-台東,2023-09-20,9608
1605,華新,8,1,7,富邦-台東,2023-09-20,9608
00931B,統一美債20年,6,0,6,富邦-台東,2023-09-20,9608
3617,碩天,6,0,6,富邦-台東,2023-09-20,9608
3706,神達,11,5,6,富邦-台東,2023-09-20,9608
3715,定穎投控,38,32,6,富邦-台東,2023-09-20,9608
2330,台積電,7,1,6,富邦-台東,2023-09-20,9608
0056,元大高股息,6,1,5,富邦-台東,2023-09-20,9608
2340,台亞,5,0,5,富邦-台東,2023-09-20,9608
2404,漢唐,5,0,5,富邦-台東,2023-09-20,9608
2440,太空梭,5,0,5,富邦-台東,2023-09-20,9608
2460,建通,5,0,5,富邦-台東,2023-09-20,9608
2498,宏達電,5,0,5,富邦-台東,2023-09-20,9608
2617,台航,6,1,5,富邦-台東,2023-09-20,9608
3624,光頡,5,0,5,富邦-台東,2023-09-20,9608
3710,連展投控,5,0,5,富邦-台東,2023-09-20,9608
8069,元太,5,0,5,富邦-台東,2023-09-20,9608
6191,精成科,5,0,5,富邦-台東,2023-09-20,9608
2371,大同,13,9,4,富邦-台東,2023-09-20,9608
2354,鴻準,4,0,4,富邦-台東,2023-09-20,9608
006208,富邦台50,4,0,4,富邦-台東,2023-09-20,9608
3264,欣銓,4,0,4,富邦-台東,2023-09-20,9608
3325,旭品,4,0,4,富邦-台東,2023-09-20,9608
3376,新日興,4,0,4,富邦-台東,2023-09-20,9608
6257,矽格,7,3,4,富邦-台東,2023-09-20,9608
8112,至上,7,3,4,富邦-台東,2023-09-20,9608
2885,元大金,5,2,3,富邦-台東,2023-09-20,9608
2317,鴻海,3,0,3,富邦-台東,2023-09-20,9608
1504,東元,8,5,3,富邦-台東,2023-09-20,9608
00878,國泰永續高股息,148,8,140,富邦-台東,2023-09-21,9608
00706L,期元大S＆P日圓正2,50,0,50,富邦-台東,2023-09-21,9608
00929,復華台灣科技優息,52,11,41,富邦-台東,2023-09-21,9608
0056,元大高股息,41,0,41,富邦-台東,2023-09-21,9608
2891,中信金,34,3,31,富邦-台東,2023-09-21,9608
2618,長榮航,33,4,29,富邦-台東,2023-09-21,9608
4142,國光生,27,0,27,富邦-台東,2023-09-21,9608
00921,兆豐龍頭等權重,25,0,25,富邦-台東,2023-09-21,9608
2329,華泰,24,5,19,富邦-台東,2023-09-21,9608
2313,華通,25,7,18,富邦-台東,2023-09-21,9608
5880,合庫金,17,0,17,富邦-台東,2023-09-21,9608
00673R,期元大S＆P原油反1,15,0,15,富邦-台東,2023-09-21,9608
1316,上曜,15,0,15,富邦-台東,2023-09-21,9608
4532,瑞智,15,0,15,富邦-台東,2023-09-21,9608
00919,群益台灣精選高息,15,1,14,富邦-台東,2023-09-21,9608
2201,裕隆,13,0,13,富邦-台東,2023-09-21,9608
3622,洋華,13,0,13,富邦-台東,2023-09-21,9608
0050,元大台灣50,13,0,13,富邦-台東,2023-09-21,9608
1717,長興,12,0,12,富邦-台東,2023-09-21,9608
2885,元大金,10,0,10,富邦-台東,2023-09-21,9608
3481,群創,11,1,10,富邦-台東,2023-09-21,9608
2337,旺宏,10,0,10,富邦-台東,2023-09-21,9608
2409,友達,10,0,10,富邦-台東,2023-09-21,9608
3624,光頡,10,0,10,富邦-台東,2023-09-21,9608
4414,如興,10,0,10,富邦-台東,2023-09-21,9608
2002,中鋼,9,0,9,富邦-台東,2023-09-21,9608
4108,懷特,9,0,9,富邦-台東,2023-09-21,9608
00931B,統一美債20年,8,0,8,富邦-台東,2023-09-21,9608
00679B,元大美債20年,8,0,8,富邦-台東,2023-09-21,9608
2377,微星,7,0,7,富邦-台東,2023-09-21,9608
3264,欣銓,7,0,7,富邦-台東,2023-09-21,9608
2882,國泰金,6,0,6,富邦-台東,2023-09-21,9608
2352,佳世達,6,0,6,富邦-台東,2023-09-21,9608
2436,偉詮電,6,0,6,富邦-台東,2023-09-21,9608
3276,宇環,9,3,6,富邦-台東,2023-09-21,9608
3406,玉晶光,6,0,6,富邦-台東,2023-09-21,9608
3596,智易,8,2,6,富邦-台東,2023-09-21,9608
2892,第一金,6,0,6,富邦-台東,2023-09-21,9608
1584,精剛,20,14,6,富邦-台東,2023-09-21,9608
2881,富邦金,5,0,5,富邦-台東,2023-09-21,9608
00757,統一FANG+,5,0,5,富邦-台東,2023-09-21,9608
6531,愛普*,7,2,5,富邦-台東,2023-09-21,9608
1104,環泥,5,0,5,富邦-台東,2023-09-21,9608
1402,遠東新,5,0,5,富邦-台東,2023-09-21,9608
1611,中電,5,0,5,富邦-台東,2023-09-21,9608
2355,敬鵬,5,0,5,富邦-台東,2023-09-21,9608
2610,華航,34,29,5,富邦-台東,2023-09-21,9608
2880,華南金,5,0,5,富邦-台東,2023-09-21,9608
3710,連展投控,5,0,5,富邦-台東,2023-09-21,9608
4934,太極,10,5,5,富邦-台東,2023-09-21,9608
00673R,期元大S＆P原油反1,47,0,47,富邦-台東,2023-09-22,9608
00679B,元大美債20年,43,1,42,富邦-台東,2023-09-22,9608
00688L,國泰20年美債正2,40,0,40,富邦-台東,2023-09-22,9608
00751B,元大AAA至A公司債,32,0,32,富邦-台東,2023-09-22,9608
00896,中信綠能及電動車,30,0,30,富邦-台東,2023-09-22,9608
6547,高端疫苗,30,0,30,富邦-台東,2023-09-22,9608
2105,正新,30,1,29,富邦-台東,2023-09-22,9608
2618,長榮航,24,1,23,富邦-台東,2023-09-22,9608
3704,合勤控,20,0,20,富邦-台東,2023-09-22,9608
00712,復華富時不動產,19,0,19,富邦-台東,2023-09-22,9608
00919,群益台灣精選高息,18,0,18,富邦-台東,2023-09-22,9608
00772B,中信高評級公司債,16,0,16,富邦-台東,2023-09-22,9608
00878,國泰永續高股息,14,0,14,富邦-台東,2023-09-22,9608
00888,永豐台灣ESG,13,0,13,富邦-台東,2023-09-22,9608
1519,華城,13,0,13,富邦-台東,2023-09-22,9608
2354,鴻準,13,0,13,富邦-台東,2023-09-22,9608
00764B,群益25年美債,12,0,12,富邦-台東,2023-09-22,9608
00680L,元大美債20正2,12,0,12,富邦-台東,2023-09-22,9608
6414,樺漢,12,0,12,富邦-台東,2023-09-22,9608
00931B,統一美債20年,11,0,11,富邦-台東,2023-09-22,9608
2887,台新金,10,0,10,富邦-台東,2023-09-22,9608
2340,台亞,10,0,10,富邦-台東,2023-09-22,9608
2888,新光金,11,1,10,富邦-台東,2023-09-22,9608
3363,上詮,75,65,10,富邦-台東,2023-09-22,9608
2886,兆豐金,10,1,9,富邦-台東,2023-09-22,9608
3293,鈊象,7,1,6,富邦-台東,2023-09-22,9608
3686,達能,6,0,6,富邦-台東,2023-09-22,9608
00720B,元大投資級公司債,6,0,6,富邦-台東,2023-09-22,9608
00885,富邦越南,6,1,5,富邦-台東,2023-09-22,9608
2303,聯電,5,0,5,富邦-台東,2023-09-22,9608
2377,微星,5,0,5,富邦-台東,2023-09-22,9608
2610,華航,28,23,5,富邦-台東,2023-09-22,9608
2881,富邦金,5,0,5,富邦-台東,2023-09-22,9608
3466,德晉,5,0,5,富邦-台東,2023-09-22,9608
1815,富喬,5,0,5,富邦-台東,2023-09-22,9608
2344,華邦電,7,2,5,富邦-台東,2023-09-22,9608
2330,台積電,10,6,4,富邦-台東,2023-09-22,9608
00795B,中信美國公債20年,4,0,4,富邦-台東,2023-09-22,9608
00687B,國泰20年美債,4,0,4,富邦-台東,2023-09-22,9608
00639,富邦深100,4,0,4,富邦-台東,2023-09-22,9608
4174,浩鼎,6,2,4,富邦-台東,2023-09-22,9608
5607,遠雄港,4,0,4,富邦-台東,2023-09-22,9608
1513,中興電,5,1,4,富邦-台東,2023-09-22,9608
2382,廣達,9,6,3,富邦-台東,2023-09-22,9608
0050,元大台灣50,4,0,4,富邦-台東,2023-09-22,9608
00757,統一FANG+,3,0,3,富邦-台東,2023-09-22,9608
2392,正崴,3,0,3,富邦-台東,2023-09-22,9608
1324,地球,4,1,3,富邦-台東,2023-09-22,9608
1584,精剛,4,1,3,富邦-台東,2023-09-22,9608
2014,中鴻,3,0,3,富邦-台東,2023-09-22,9608
00929,復華台灣科技優息,62,28,34,富邦-台東,2023-09-25,9608
2363,矽統,50,27,23,富邦-台東,2023-09-25,9608
2367,燿華,28,5,23,富邦-台東,2023-09-25,9608
3363,上詮,36,14,22,富邦-台東,2023-09-25,9608
3013,晟銘電,28,7,21,富邦-台東,2023-09-25,9608
6547,高端疫苗,20,0,20,富邦-台東,2023-09-25,9608
1101,台泥,20,1,19,富邦-台東,2023-09-25,9608
2618,長榮航,26,8,18,富邦-台東,2023-09-25,9608
2634,漢翔,20,3,17,富邦-台東,2023-09-25,9608
2313,華通,17,4,13,富邦-台東,2023-09-25,9608
00679B,元大美債20年,13,0,13,富邦-台東,2023-09-25,9608
2303,聯電,12,0,12,富邦-台東,2023-09-25,9608
2014,中鴻,11,0,11,富邦-台東,2023-09-25,9608
00753L,中信中國50正2,10,0,10,富邦-台東,2023-09-25,9608
00673R,期元大S＆P原油反1,10,0,10,富邦-台東,2023-09-25,9608
00706L,期元大S＆P日圓正2,10,0,10,富邦-台東,2023-09-25,9608
1444,力麗,10,0,10,富邦-台東,2023-09-25,9608
2913,農林,10,0,10,富邦-台東,2023-09-25,9608
8048,德勝,10,0,10,富邦-台東,2023-09-25,9608
8924,大田,10,0,10,富邦-台東,2023-09-25,9608
3706,神達,10,1,9,富邦-台東,2023-09-25,9608
2834,臺企銀,10,1,9,富邦-台東,2023-09-25,9608
1514,亞力,9,0,9,富邦-台東,2023-09-25,9608
1810,和成,10,1,9,富邦-台東,2023-09-25,9608
1815,富喬,10,1,9,富邦-台東,2023-09-25,9608
2344,華邦電,14,5,9,富邦-台東,2023-09-25,9608
1609,大亞,9,1,8,富邦-台東,2023-09-25,9608
00680L,元大美債20正2,8,0,8,富邦-台東,2023-09-25,9608
1316,上曜,7,0,7,富邦-台東,2023-09-25,9608
3545,敦泰,5,0,5,富邦-台東,2023-09-25,9608
8110,華東,5,0,5,富邦-台東,2023-09-25,9608
9911,櫻花,5,0,5,富邦-台東,2023-09-25,9608
2882,國泰金,5,0,5,富邦-台東,2023-09-25,9608
00919,群益台灣精選高息,6,1,5,富邦-台東,2023-09-25,9608
00932,兆豐永續高息等權,4,0,4,富邦-台東,2023-09-25,9608
3051,力特,4,0,4,富邦-台東,2023-09-25,9608
3596,智易,5,1,4,富邦-台東,2023-09-25,9608
2382,廣達,8,4,4,富邦-台東,2023-09-25,9608
00712,復華富時不動產,3,0,3,富邦-台東,2023-09-25,9608
00931B,統一美債20年,3,0,3,富邦-台東,2023-09-25,9608
00900,富邦特選高股息30,3,0,3,富邦-台東,2023-09-25,9608
2352,佳世達,9,6,3,富邦-台東,2023-09-25,9608
2356,英業達,6,3,3,富邦-台東,2023-09-25,9608
2404,漢唐,3,0,3,富邦-台東,2023-09-25,9608
3003,健和興,3,0,3,富邦-台東,2023-09-25,9608
4979,華星光,11,8,3,富邦-台東,2023-09-25,9608
8227,巨有科技,3,0,3,富邦-台東,2023-09-25,9608
2330,台積電,3,0,3,富邦-台東,2023-09-25,9608
2376,技嘉,3,1,2,富邦-台東,2023-09-25,9608
2891,中信金,2,0,2,富邦-台東,2023-09-25,9608
00931B,統一美債20年,85,0,85,富邦-台東,2023-09-26,9608
0056,元大高股息,73,0,73,富邦-台東,2023-09-26,9608
00885,富邦越南,53,0,53,富邦-台東,2023-09-26,9608
1504,東元,46,10,36,富邦-台東,2023-09-26,9608
00673R,期元大S＆P原油反1,35,0,35,富邦-台東,2023-09-26,9608
00722B,群益投資級電信債,34,0,34,富邦-台東,2023-09-26,9608
00679B,元大美債20年,32,0,32,富邦-台東,2023-09-26,9608
00688L,國泰20年美債正2,30,0,30,富邦-台東,2023-09-26,9608
1584,精剛,26,0,26,富邦-台東,2023-09-26,9608
2634,漢翔,27,1,26,富邦-台東,2023-09-26,9608
3481,群創,27,2,25,富邦-台東,2023-09-26,9608
00929,復華台灣科技優息,35,11,24,富邦-台東,2023-09-26,9608
00751B,元大AAA至A公司債,21,0,21,富邦-台東,2023-09-26,9608
00650L,復華香港正2,20,0,20,富邦-台東,2023-09-26,9608
3715,定穎投控,2937,2920,17,富邦-台東,2023-09-26,9608
2303,聯電,15,0,15,富邦-台東,2023-09-26,9608
5009,榮剛,15,0,15,富邦-台東,2023-09-26,9608
00680L,元大美債20正2,13,0,13,富邦-台東,2023-09-26,9608
00919,群益台灣精選高息,17,5,12,富邦-台東,2023-09-26,9608
5371,中光電,12,0,12,富邦-台東,2023-09-26,9608
8048,德勝,11,0,11,富邦-台東,2023-09-26,9608
00903,富邦元宇宙,10,0,10,富邦-台東,2023-09-26,9608
2834,臺企銀,10,0,10,富邦-台東,2023-09-26,9608
3176,基亞,10,0,10,富邦-台東,2023-09-26,9608
8083,瑞穎,10,0,10,富邦-台東,2023-09-26,9608
5210,寶碩,11,2,9,富邦-台東,2023-09-26,9608
00878,國泰永續高股息,8,0,8,富邦-台東,2023-09-26,9608
00764B,群益25年美債,8,0,8,富邦-台東,2023-09-26,9608
00772B,中信高評級公司債,7,0,7,富邦-台東,2023-09-26,9608
3011,今皓,7,0,7,富邦-台東,2023-09-26,9608
00932,兆豐永續高息等權,6,0,6,富邦-台東,2023-09-26,9608
2344,華邦電,9,3,6,富邦-台東,2023-09-26,9608
2352,佳世達,6,0,6,富邦-台東,2023-09-26,9608
2377,微星,7,1,6,富邦-台東,2023-09-26,9608
2645,長榮航太,6,0,6,富邦-台東,2023-09-26,9608
6188,廣明,6,0,6,富邦-台東,2023-09-26,9608
5880,合庫金,6,0,6,富邦-台東,2023-09-26,9608
2481,強茂,5,0,5,富邦-台東,2023-09-26,9608
4906,正文,8,3,5,富邦-台東,2023-09-26,9608
00687B,國泰20年美債,5,0,5,富邦-台東,2023-09-26,9608
00888,永豐台灣ESG,5,0,5,富邦-台東,2023-09-26,9608
1802,台玻,5,0,5,富邦-台東,2023-09-26,9608
2355,敬鵬,5,0,5,富邦-台東,2023-09-26,9608
2495,普安,5,0,5,富邦-台東,2023-09-26,9608
2498,宏達電,5,0,5,富邦-台東,2023-09-26,9608
2816,旺旺保,5,0,5,富邦-台東,2023-09-26,9608
3013,晟銘電,7,2,5,富邦-台東,2023-09-26,9608
8404,百和興業-KY,5,0,5,富邦-台東,2023-09-26,9608
912000,晨訊科-DR,5,0,5,富邦-台東,2023-09-26,9608
3711,日月光投控,17,13,4,富邦-台東,2023-09-26,9608
3615,安可,116,10,106,富邦-台東,2023-09-27,9608
4155,訊映,35,2,33,富邦-台東,2023-09-27,9608
00895,富邦未來車,30,0,30,富邦-台東,2023-09-27,9608
2887,台新金,20,0,20,富邦-台東,2023-09-27,9608
6535,順藥,20,0,20,富邦-台東,2023-09-27,9608
2753,八方雲集,20,0,20,富邦-台東,2023-09-27,9608
2634,漢翔,21,2,19,富邦-台東,2023-09-27,9608
00929,復華台灣科技優息,37,19,18,富邦-台東,2023-09-27,9608
00673R,期元大S＆P原油反1,18,0,18,富邦-台東,2023-09-27,9608
00632R,元大台灣50反1,15,0,15,富邦-台東,2023-09-27,9608
1513,中興電,14,0,14,富邦-台東,2023-09-27,9608
00878,國泰永續高股息,19,6,13,富邦-台東,2023-09-27,9608
1101,台泥,14,0,14,富邦-台東,2023-09-27,9608
6120,達運,13,0,13,富邦-台東,2023-09-27,9608
2891,中信金,11,0,11,富邦-台東,2023-09-27,9608
5452,佶優,12,1,11,富邦-台東,2023-09-27,9608
2340,台亞,10,0,10,富邦-台東,2023-09-27,9608
1324,地球,10,0,10,富邦-台東,2023-09-27,9608
00708L,期元大S＆P黃金正2,10,0,10,富邦-台東,2023-09-27,9608
1609,大亞,25,15,10,富邦-台東,2023-09-27,9608
2498,宏達電,11,1,10,富邦-台東,2023-09-27,9608
3339,泰谷,10,0,10,富邦-台東,2023-09-27,9608
3545,敦泰,10,0,10,富邦-台東,2023-09-27,9608
1618,合機,13,4,9,富邦-台東,2023-09-27,9608
2609,陽明,13,4,9,富邦-台東,2023-09-27,9608
2460,建通,8,0,8,富邦-台東,2023-09-27,9608
2330,台積電,7,0,7,富邦-台東,2023-09-27,9608
00753L,中信中國50正2,7,0,7,富邦-台東,2023-09-27,9608
3025,星通,9,2,7,富邦-台東,2023-09-27,9608
3324,雙鴻,7,1,6,富邦-台東,2023-09-27,9608
2630,亞航,9,3,6,富邦-台東,2023-09-27,9608
3363,上詮,29,23,6,富邦-台東,2023-09-27,9608
00919,群益台灣精選高息,5,0,5,富邦-台東,2023-09-27,9608
2201,裕隆,5,0,5,富邦-台東,2023-09-27,9608
2543,皇昌,5,0,5,富邦-台東,2023-09-27,9608
2645,長榮航太,5,0,5,富邦-台東,2023-09-27,9608
2834,臺企銀,5,0,5,富邦-台東,2023-09-27,9608
3130,一零四,5,0,5,富邦-台東,2023-09-27,9608
8103,瀚荃,5,0,5,富邦-台東,2023-09-27,9608
5880,合庫金,5,0,5,富邦-台東,2023-09-27,9608
2002,中鋼,6,2,4,富邦-台東,2023-09-27,9608
3231,緯創,8,4,4,富邦-台東,2023-09-27,9608
020022,元大電動車N,4,0,4,富邦-台東,2023-09-27,9608
1519,華城,10,6,4,富邦-台東,2023-09-27,9608
1603,華電,4,0,4,富邦-台東,2023-09-27,9608
2367,燿華,8,4,4,富邦-台東,2023-09-27,9608
6538,倉和,4,0,4,富邦-台東,2023-09-27,9608
2603,長榮,5,1,4,富邦-台東,2023-09-27,9608
2206,三陽工業,4,0,4,富邦-台東,2023-09-27,9608
5289,宜鼎,3,0,3,富邦-台東,2023-09-27,9608
00882,中信中國高股息,81,0,81,富邦-台東,2023-09-28,9608
3615,安可,75,0,75,富邦-台東,2023-09-28,9608
6116,彩晶,50,0,50,富邦-台東,2023-09-28,9608
2610,華航,57,21,36,富邦-台東,2023-09-28,9608
2618,長榮航,21,0,21,富邦-台東,2023-09-28,9608
00650L,復華香港正2,20,0,20,富邦-台東,2023-09-28,9608
1802,台玻,18,0,18,富邦-台東,2023-09-28,9608
6120,達運,18,0,18,富邦-台東,2023-09-28,9608
4532,瑞智,40,23,17,富邦-台東,2023-09-28,9608
00929,復華台灣科技優息,19,2,17,富邦-台東,2023-09-28,9608
00751B,元大AAA至A公司債,16,0,16,富邦-台東,2023-09-28,9608
00680L,元大美債20正2,15,0,15,富邦-台東,2023-09-28,9608
2441,超豐,15,0,15,富邦-台東,2023-09-28,9608
2634,漢翔,14,0,14,富邦-台東,2023-09-28,9608
00722B,群益投資級電信債,12,0,12,富邦-台東,2023-09-28,9608
1584,精剛,12,0,12,富邦-台東,2023-09-28,9608
6117,迎廣,28,16,12,富邦-台東,2023-09-28,9608
00891,中信關鍵半導體,11,0,11,富邦-台東,2023-09-28,9608
00712,復華富時不動產,9,0,9,富邦-台東,2023-09-28,9608
6122,擎邦,10,1,9,富邦-台東,2023-09-28,9608
3293,鈊象,8,1,7,富邦-台東,2023-09-28,9608
00932,兆豐永續高息等權,6,0,6,富邦-台東,2023-09-28,9608
2409,友達,6,0,6,富邦-台東,2023-09-28,9608
4961,天鈺,11,5,6,富邦-台東,2023-09-28,9608
00931B,統一美債20年,5,0,5,富邦-台東,2023-09-28,9608
2014,中鴻,5,0,5,富邦-台東,2023-09-28,9608
2376,技嘉,11,6,5,富邦-台東,2023-09-28,9608
2883,凱基金,5,0,5,富邦-台東,2023-09-28,9608
3122,笙泉,2702,2697,5,富邦-台東,2023-09-28,9608
3338,泰碩,5,0,5,富邦-台東,2023-09-28,9608
6005,群益證,5,0,5,富邦-台東,2023-09-28,9608
6118,建達,5,0,5,富邦-台東,2023-09-28,9608
00720B,元大投資級公司債,4,0,4,富邦-台東,2023-09-28,9608
2313,華通,7,3,4,富邦-台東,2023-09-28,9608
2401,凌陽,4,0,4,富邦-台東,2023-09-28,9608
2882,國泰金,4,0,4,富邦-台東,2023-09-28,9608
3006,晶豪科,5,1,4,富邦-台東,2023-09-28,9608
3013,晟銘電,9,5,4,富邦-台東,2023-09-28,9608
00923,群益台ESG低碳50,3,0,3,富邦-台東,2023-09-28,9608
00687B,國泰20年美債,3,0,3,富邦-台東,2023-09-28,9608
00706L,期元大S＆P日圓正2,3,0,3,富邦-台東,2023-09-28,9608
2025,千興,3,0,3,富邦-台東,2023-09-28,9608
3049,精金,3,0,3,富邦-台東,2023-09-28,9608
3231,緯創,28,25,3,富邦-台東,2023-09-28,9608
6547,高端疫苗,3,0,3,富邦-台東,2023-09-28,9608
8358,金居,3,0,3,富邦-台東,2023-09-28,9608
3260,威剛,4,1,3,富邦-台東,2023-09-28,9608
6191,精成科,4,2,2,富邦-台東,2023-09-28,9608
6531,愛普*,3,1,2,富邦-台東,2023-09-28,9608
1522,堤維西,2,0,2,富邦-台東,2023-09-28,9608
3706,神達,56,8,48,富邦-台東,2023-10-02,9608
00929,復華台灣科技優息,50,6,44,富邦-台東,2023-10-02,9608
2615,萬海,32,1,31,富邦-台東,2023-10-02,9608
2618,長榮航,31,0,31,富邦-台東,2023-10-02,9608
3481,群創,50,22,28,富邦-台東,2023-10-02,9608
00722B,群益投資級電信債,27,0,27,富邦-台東,2023-10-02,9608
2363,矽統,36,11,25,富邦-台東,2023-10-02,9608
3704,合勤控,22,0,22,富邦-台東,2023-10-02,9608
912000,晨訊科-DR,21,0,21,富邦-台東,2023-10-02,9608
00895,富邦未來車,20,0,20,富邦-台東,2023-10-02,9608
2340,台亞,20,0,20,富邦-台東,2023-10-02,9608
2002,中鋼,19,0,19,富邦-台東,2023-10-02,9608
2603,長榮,19,1,18,富邦-台東,2023-10-02,9608
00764B,群益25年美債,18,0,18,富邦-台東,2023-10-02,9608
4906,正文,20,4,16,富邦-台東,2023-10-02,9608
00670L,富邦NASDAQ正2,15,0,15,富邦-台東,2023-10-02,9608
3011,今皓,15,0,15,富邦-台東,2023-10-02,9608
00679B,元大美債20年,14,0,14,富邦-台東,2023-10-02,9608
2609,陽明,14,0,14,富邦-台東,2023-10-02,9608
3231,緯創,48,37,11,富邦-台東,2023-10-02,9608
2891,中信金,10,0,10,富邦-台東,2023-10-02,9608
2812,台中銀,10,0,10,富邦-台東,2023-10-02,9608
00632R,元大台灣50反1,10,0,10,富邦-台東,2023-10-02,9608
1529,樂事綠能,10,0,10,富邦-台東,2023-10-02,9608
2734,易飛網,10,0,10,富邦-台東,2023-10-02,9608
2888,新光金,10,0,10,富邦-台東,2023-10-02,9608
5009,榮剛,11,1,10,富邦-台東,2023-10-02,9608
6197,佳必琪,10,0,10,富邦-台東,2023-10-02,9608
8069,元太,10,0,10,富邦-台東,2023-10-02,9608
00751B,元大AAA至A公司債,9,0,9,富邦-台東,2023-10-02,9608
4979,華星光,9,1,8,富邦-台東,2023-10-02,9608
2356,英業達,20,12,8,富邦-台東,2023-10-02,9608
3363,上詮,10,2,8,富邦-台東,2023-10-02,9608
00885,富邦越南,20,13,7,富邦-台東,2023-10-02,9608
00772B,中信高評級公司債,7,0,7,富邦-台東,2023-10-02,9608
2022,聚亨,7,0,7,富邦-台東,2023-10-02,9608
2401,凌陽,7,0,7,富邦-台東,2023-10-02,9608
6901,鑽石投資,6,0,6,富邦-台東,2023-10-02,9608
2301,光寶科,28,22,6,富邦-台東,2023-10-02,9608
006208,富邦台50,5,0,5,富邦-台東,2023-10-02,9608
00900,富邦特選高股息30,7,2,5,富邦-台東,2023-10-02,9608
00715L,期街口布蘭特正2,5,0,5,富邦-台東,2023-10-02,9608
2105,正新,5,0,5,富邦-台東,2023-10-02,9608
2465,麗臺,5,0,5,富邦-台東,2023-10-02,9608
6108,競國,5,0,5,富邦-台東,2023-10-02,9608
6116,彩晶,5,0,5,富邦-台東,2023-10-02,9608
6122,擎邦,5,0,5,富邦-台東,2023-10-02,9608
6125,廣運,20,15,5,富邦-台東,2023-10-02,9608
6276,安鈦克,5,0,5,富邦-台東,2023-10-02,9608
8467,波力-KY,5,0,5,富邦-台東,2023-10-02,9608
0056,元大高股息,82,4,78,富邦-台東,2023-10-03,9608
00882,中信中國高股息,65,0,65,富邦-台東,2023-10-03,9608
2887,台新金,57,0,57,富邦-台東,2023-10-03,9608
2409,友達,56,2,54,富邦-台東,2023-10-03,9608
6547,高端疫苗,50,3,47,富邦-台東,2023-10-03,9608
3013,晟銘電,74,28,46,富邦-台東,2023-10-03,9608
00688L,國泰20年美債正2,40,0,40,富邦-台東,2023-10-03,9608
2313,華通,41,5,36,富邦-台東,2023-10-03,9608
00878,國泰永續高股息,34,4,30,富邦-台東,2023-10-03,9608
3325,旭品,41,16,25,富邦-台東,2023-10-03,9608
00679B,元大美債20年,20,0,20,富邦-台東,2023-10-03,9608
00650L,復華香港正2,20,0,20,富邦-台東,2023-10-03,9608
4155,訊映,20,0,20,富邦-台東,2023-10-03,9608
00922,國泰台灣領袖50,17,0,17,富邦-台東,2023-10-03,9608
2634,漢翔,17,0,17,富邦-台東,2023-10-03,9608
1609,大亞,24,10,14,富邦-台東,2023-10-03,9608
2329,華泰,30,16,14,富邦-台東,2023-10-03,9608
00919,群益台灣精選高息,13,0,13,富邦-台東,2023-10-03,9608
2888,新光金,12,0,12,富邦-台東,2023-10-03,9608
00751B,元大AAA至A公司債,11,0,11,富邦-台東,2023-10-03,9608
6116,彩晶,10,0,10,富邦-台東,2023-10-03,9608
00900,富邦特選高股息30,10,0,10,富邦-台東,2023-10-03,9608
00929,復華台灣科技優息,24,14,10,富邦-台東,2023-10-03,9608
2390,云辰,10,0,10,富邦-台東,2023-10-03,9608
3563,牧德,10,0,10,富邦-台東,2023-10-03,9608
4543,萬在,11,1,10,富邦-台東,2023-10-03,9608
6120,達運,10,0,10,富邦-台東,2023-10-03,9608
6274,台燿,18,8,10,富邦-台東,2023-10-03,9608
2356,英業達,12,3,9,富邦-台東,2023-10-03,9608
3055,蔚華科,10,1,9,富邦-台東,2023-10-03,9608
3231,緯創,36,27,9,富邦-台東,2023-10-03,9608
6282,康舒,11,2,9,富邦-台東,2023-10-03,9608
6188,廣明,8,0,8,富邦-台東,2023-10-03,9608
00720B,元大投資級公司債,7,0,7,富邦-台東,2023-10-03,9608
00680L,元大美債20正2,7,0,7,富邦-台東,2023-10-03,9608
00639,富邦深100,7,0,7,富邦-台東,2023-10-03,9608
2388,威盛,8,1,7,富邦-台東,2023-10-03,9608
6117,迎廣,23,16,7,富邦-台東,2023-10-03,9608
1514,亞力,7,1,6,富邦-台東,2023-10-03,9608
2002,中鋼,6,0,6,富邦-台東,2023-10-03,9608
3481,群創,6,0,6,富邦-台東,2023-10-03,9608
4908,前鼎,6,0,6,富邦-台東,2023-10-03,9608
00665L,富邦�琤肭磪囓�2,6,0,6,富邦-台東,2023-10-03,9608
00722B,群益投資級電信債,6,0,6,富邦-台東,2023-10-03,9608
00753L,中信中國50正2,6,0,6,富邦-台東,2023-10-03,9608
1618,合機,7,1,6,富邦-台東,2023-10-03,9608
2312,金寶,6,0,6,富邦-台東,2023-10-03,9608
3338,泰碩,6,0,6,富邦-台東,2023-10-03,9608
1815,富喬,35,29,6,富邦-台東,2023-10-03,9608
2206,三陽工業,5,0,5,富邦-台東,2023-10-03,9608
6116,彩晶,63,0,63,富邦-台東,2023-10-04,9608
2498,宏達電,45,0,45,富邦-台東,2023-10-04,9608
00751B,元大AAA至A公司債,32,0,32,富邦-台東,2023-10-04,9608
00679B,元大美債20年,30,2,28,富邦-台東,2023-10-04,9608
2303,聯電,29,2,27,富邦-台東,2023-10-04,9608
2884,玉山金,24,0,24,富邦-台東,2023-10-04,9608
2892,第一金,22,0,22,富邦-台東,2023-10-04,9608
00922,國泰台灣領袖50,22,0,22,富邦-台東,2023-10-04,9608
5347,世界,22,0,22,富邦-台東,2023-10-04,9608
00722B,群益投資級電信債,21,0,21,富邦-台東,2023-10-04,9608
00878,國泰永續高股息,27,7,20,富邦-台東,2023-10-04,9608
2891,中信金,29,10,19,富邦-台東,2023-10-04,9608
0056,元大高股息,18,2,16,富邦-台東,2023-10-04,9608
2493,揚博,15,0,15,富邦-台東,2023-10-04,9608
3049,精金,15,0,15,富邦-台東,2023-10-04,9608
00712,復華富時不動產,14,0,14,富邦-台東,2023-10-04,9608
1303,南亞,13,0,13,富邦-台東,2023-10-04,9608
2888,新光金,13,0,13,富邦-台東,2023-10-04,9608
00772B,中信高評級公司債,12,0,12,富邦-台東,2023-10-04,9608
2412,中華電,12,0,12,富邦-台東,2023-10-04,9608
3706,神達,20,8,12,富邦-台東,2023-10-04,9608
2610,華航,11,0,11,富邦-台東,2023-10-04,9608
3231,緯創,15,4,11,富邦-台東,2023-10-04,9608
2886,兆豐金,10,0,10,富邦-台東,2023-10-04,9608
1447,力鵬,10,0,10,富邦-台東,2023-10-04,9608
1584,精剛,10,0,10,富邦-台東,2023-10-04,9608
2409,友達,31,21,10,富邦-台東,2023-10-04,9608
3481,群創,10,0,10,富邦-台東,2023-10-04,9608
6535,順藥,11,1,10,富邦-台東,2023-10-04,9608
00919,群益台灣精選高息,12,2,10,富邦-台東,2023-10-04,9608
1101,台泥,9,0,9,富邦-台東,2023-10-04,9608
00931B,統一美債20年,9,0,9,富邦-台東,2023-10-04,9608
00673R,期元大S＆P原油反1,9,0,9,富邦-台東,2023-10-04,9608
3715,定穎投控,24,15,9,富邦-台東,2023-10-04,9608
5880,合庫金,7,0,7,富邦-台東,2023-10-04,9608
2881,富邦金,7,0,7,富邦-台東,2023-10-04,9608
2618,長榮航,10,4,6,富邦-台東,2023-10-04,9608
5381,合正,6,0,6,富邦-台東,2023-10-04,9608
00720B,元大投資級公司債,5,0,5,富邦-台東,2023-10-04,9608
00650L,復華香港正2,5,0,5,富邦-台東,2023-10-04,9608
2352,佳世達,16,11,5,富邦-台東,2023-10-04,9608
2355,敬鵬,5,0,5,富邦-台東,2023-10-04,9608
2388,威盛,7,2,5,富邦-台東,2023-10-04,9608
2520,冠德,5,0,5,富邦-台東,2023-10-04,9608
2753,八方雲集,5,0,5,富邦-台東,2023-10-04,9608
5009,榮剛,6,1,5,富邦-台東,2023-10-04,9608
5876,上海商銀,5,0,5,富邦-台東,2023-10-04,9608
6108,競國,5,0,5,富邦-台東,2023-10-04,9608
8215,明基材,10,5,5,富邦-台東,2023-10-04,9608
1216,統一,4,0,4,富邦-台東,2023-10-04,9608
00712,復華富時不動產,87,0,87,富邦-台東,2023-10-05,9608
2538,基泰,52,11,41,富邦-台東,2023-10-05,9608
3325,旭品,40,4,36,富邦-台東,2023-10-05,9608
2634,漢翔,42,10,32,富邦-台東,2023-10-05,9608
2312,金寶,22,0,22,富邦-台東,2023-10-05,9608
1815,富喬,71,54,17,富邦-台東,2023-10-05,9608
3231,緯創,24,8,16,富邦-台東,2023-10-05,9608
8277,商丞,14,0,14,富邦-台東,2023-10-05,9608
2468,華經,15,3,12,富邦-台東,2023-10-05,9608
6120,達運,22,11,11,富邦-台東,2023-10-05,9608
6191,精成科,10,0,10,富邦-台東,2023-10-05,9608
00931B,統一美債20年,10,0,10,富邦-台東,2023-10-05,9608
00687B,國泰20年美債,10,0,10,富邦-台東,2023-10-05,9608
00632R,元大台灣50反1,10,0,10,富邦-台東,2023-10-05,9608
3122,笙泉,11,2,9,富邦-台東,2023-10-05,9608
3234,光環,9,0,9,富邦-台東,2023-10-05,9608
3006,晶豪科,8,0,8,富邦-台東,2023-10-05,9608
00679B,元大美債20年,7,0,7,富邦-台東,2023-10-05,9608
2417,圓剛,8,1,7,富邦-台東,2023-10-05,9608
1609,大亞,9,4,5,富邦-台東,2023-10-05,9608
2404,漢唐,5,0,5,富邦-台東,2023-10-05,9608
2436,偉詮電,6,1,5,富邦-台東,2023-10-05,9608
2883,凱基金,8,3,5,富邦-台東,2023-10-05,9608
3032,偉訓,7,2,5,富邦-台東,2023-10-05,9608
5381,合正,6,1,5,富邦-台東,2023-10-05,9608
6288,聯嘉,9,4,5,富邦-台東,2023-10-05,9608
8069,元太,5,0,5,富邦-台東,2023-10-05,9608
4933,友輝,12,8,4,富邦-台東,2023-10-05,9608
1319,東陽,5,1,4,富邦-台東,2023-10-05,9608
1603,華電,6,2,4,富邦-台東,2023-10-05,9608
2405,輔信,5,1,4,富邦-台東,2023-10-05,9608
3265,台星科,5,1,4,富邦-台東,2023-10-05,9608
5009,榮剛,6,2,4,富邦-台東,2023-10-05,9608
6122,擎邦,5,1,4,富邦-台東,2023-10-05,9608
1514,亞力,15,11,4,富邦-台東,2023-10-05,9608
3450,聯鈞,5,2,3,富邦-台東,2023-10-05,9608
2884,玉山金,3,0,3,富邦-台東,2023-10-05,9608
00900,富邦特選高股息30,3,0,3,富邦-台東,2023-10-05,9608
2201,裕隆,3,0,3,富邦-台東,2023-10-05,9608
3483,力致,4,1,3,富邦-台東,2023-10-05,9608
1101,台泥,5,3,2,富邦-台東,2023-10-05,9608
1210,大成,2,0,2,富邦-台東,2023-10-05,9608
2330,台積電,3,1,2,富邦-台東,2023-10-05,9608
3044,健鼎,2,0,2,富邦-台東,2023-10-05,9608
00731,復華富時高息低波,2,0,2,富邦-台東,2023-10-05,9608
2368,金像電,3,1,2,富邦-台東,2023-10-05,9608
2834,臺企銀,2,0,2,富邦-台東,2023-10-05,9608
3062,建漢,2,0,2,富邦-台東,2023-10-05,9608
3526,凡甲,2,0,2,富邦-台東,2023-10-05,9608
3576,聯合再生,2,0,2,富邦-台東,2023-10-05,9608
00929,復華台灣科技優息,83,0,83,富邦-台東,2023-10-06,9608
6120,達運,37,0,37,富邦-台東,2023-10-06,9608
00715L,期街口布蘭特正2,35,0,35,富邦-台東,2023-10-06,9608
1815,富喬,29,0,29,富邦-台東,2023-10-06,9608
6191,精成科,28,1,27,富邦-台東,2023-10-06,9608
2486,一詮,28,2,26,富邦-台東,2023-10-06,9608
2105,正新,25,0,25,富邦-台東,2023-10-06,9608
2883,凱基金,20,0,20,富邦-台東,2023-10-06,9608
6535,順藥,20,0,20,富邦-台東,2023-10-06,9608
8046,南電,20,0,20,富邦-台東,2023-10-06,9608
2891,中信金,31,11,20,富邦-台東,2023-10-06,9608
5531,鄉林,15,0,15,富邦-台東,2023-10-06,9608
2409,友達,13,0,13,富邦-台東,2023-10-06,9608
4714,永捷,12,0,12,富邦-台東,2023-10-06,9608
00922,國泰台灣領袖50,12,0,12,富邦-台東,2023-10-06,9608
2618,長榮航,16,5,11,富邦-台東,2023-10-06,9608
2354,鴻準,11,0,11,富邦-台東,2023-10-06,9608
5210,寶碩,11,0,11,富邦-台東,2023-10-06,9608
2630,亞航,13,3,10,富邦-台東,2023-10-06,9608
4161,聿新科,10,0,10,富邦-台東,2023-10-06,9608
0056,元大高股息,9,0,9,富邦-台東,2023-10-06,9608
2329,華泰,23,14,9,富邦-台東,2023-10-06,9608
00850,元大臺灣ESG永續,8,0,8,富邦-台東,2023-10-06,9608
2641,正德,8,0,8,富邦-台東,2023-10-06,9608
8039,台虹,8,0,8,富邦-台東,2023-10-06,9608
1609,大亞,12,5,7,富邦-台東,2023-10-06,9608
2468,華經,18,11,7,富邦-台東,2023-10-06,9608
00720B,元大投資級公司債,6,0,6,富邦-台東,2023-10-06,9608
00931B,統一美債20年,6,0,6,富邦-台東,2023-10-06,9608
00919,群益台灣精選高息,6,0,6,富邦-台東,2023-10-06,9608
00772B,中信高評級公司債,6,0,6,富邦-台東,2023-10-06,9608
2610,華航,10,4,6,富邦-台東,2023-10-06,9608
3022,威強電,6,0,6,富邦-台東,2023-10-06,9608
3276,宇環,6,0,6,富邦-台東,2023-10-06,9608
5469,瀚宇博,6,0,6,富邦-台東,2023-10-06,9608
00632R,元大台灣50反1,5,0,5,富邦-台東,2023-10-06,9608
1802,台玻,5,0,5,富邦-台東,2023-10-06,9608
1808,潤隆,5,0,5,富邦-台東,2023-10-06,9608
2356,英業達,15,10,5,富邦-台東,2023-10-06,9608
2816,旺旺保,5,0,5,富邦-台東,2023-10-06,9608
2867,三商壽,5,0,5,富邦-台東,2023-10-06,9608
3520,華盈,5,0,5,富邦-台東,2023-10-06,9608
3624,光頡,5,0,5,富邦-台東,2023-10-06,9608
8255,朋程,5,0,5,富邦-台東,2023-10-06,9608
00679B,元大美債20年,5,0,5,富邦-台東,2023-10-06,9608
3037,欣興,4,0,4,富邦-台東,2023-10-06,9608
2201,裕隆,4,0,4,富邦-台東,2023-10-06,9608
3380,明泰,5,1,4,富邦-台東,2023-10-06,9608
3680,家登,4,0,4,富邦-台東,2023-10-06,9608
6235,華孚,4,0,4,富邦-台東,2023-10-06,9608
0056,元大高股息,102,0,102,富邦-台東,2023-10-11,9608
3685,元創精密,99,0,99,富邦-台東,2023-10-11,9608
00751B,元大AAA至A公司債,63,0,63,富邦-台東,2023-10-11,9608
00722B,群益投資級電信債,62,0,62,富邦-台東,2023-10-11,9608
6116,彩晶,50,0,50,富邦-台東,2023-10-11,9608
3231,緯創,80,41,39,富邦-台東,2023-10-11,9608
2353,宏��,32,0,32,富邦-台東,2023-10-11,9608
3013,晟銘電,67,39,28,富邦-台東,2023-10-11,9608
2610,華航,21,0,21,富邦-台東,2023-10-11,9608
00905,FT臺灣Smart,20,0,20,富邦-台東,2023-10-11,9608
2313,華通,22,3,19,富邦-台東,2023-10-11,9608
00919,群益台灣精選高息,17,3,14,富邦-台東,2023-10-11,9608
3022,威強電,12,0,12,富邦-台東,2023-10-11,9608
2486,一詮,11,0,11,富邦-台東,2023-10-11,9608
6156,松上,13,2,11,富邦-台東,2023-10-11,9608
00679B,元大美債20年,11,0,11,富邦-台東,2023-10-11,9608
3715,定穎投控,23,13,10,富邦-台東,2023-10-11,9608
00632R,元大台灣50反1,10,0,10,富邦-台東,2023-10-11,9608
1460,宏遠,10,0,10,富邦-台東,2023-10-11,9608
2020,美亞,10,0,10,富邦-台東,2023-10-11,9608
2618,長榮航,17,7,10,富邦-台東,2023-10-11,9608
4934,太極,10,0,10,富邦-台東,2023-10-11,9608
5351,鈺創,10,0,10,富邦-台東,2023-10-11,9608
6288,聯嘉,10,0,10,富邦-台東,2023-10-11,9608
6443,元晶,10,0,10,富邦-台東,2023-10-11,9608
6901,鑽石投資,10,0,10,富邦-台東,2023-10-11,9608
8103,瀚荃,10,0,10,富邦-台東,2023-10-11,9608
9105,泰金寶-DR,10,0,10,富邦-台東,2023-10-11,9608
2014,中鴻,8,0,8,富邦-台東,2023-10-11,9608
2409,友達,8,0,8,富邦-台東,2023-10-11,9608
3325,旭品,8,0,8,富邦-台東,2023-10-11,9608
3234,光環,8,0,8,富邦-台東,2023-10-11,9608
2356,英業達,24,17,7,富邦-台東,2023-10-11,9608
3706,神達,8,1,7,富邦-台東,2023-10-11,9608
8081,致新,7,0,7,富邦-台東,2023-10-11,9608
2436,偉詮電,11,5,6,富邦-台東,2023-10-11,9608
00673R,期元大S＆P原油反1,6,0,6,富邦-台東,2023-10-11,9608
2207,和泰車,6,0,6,富邦-台東,2023-10-11,9608
2377,微星,7,1,6,富邦-台東,2023-10-11,9608
8069,元太,7,1,6,富邦-台東,2023-10-11,9608
1316,上曜,5,0,5,富邦-台東,2023-10-11,9608
2399,映泰,7,2,5,富邦-台東,2023-10-11,9608
2485,兆赫,5,0,5,富邦-台東,2023-10-11,9608
2498,宏達電,5,0,5,富邦-台東,2023-10-11,9608
2612,中航,5,0,5,富邦-台東,2023-10-11,9608
3088,艾訊,5,0,5,富邦-台東,2023-10-11,9608
3149,正達,5,0,5,富邦-台東,2023-10-11,9608
3545,敦泰,5,0,5,富邦-台東,2023-10-11,9608
5381,合正,6,1,5,富邦-台東,2023-10-11,9608
6189,豐藝,17,12,5,富邦-台東,2023-10-11,9608
6116,彩晶,40,0,40,富邦-台東,2023-10-12,9608
2634,漢翔,35,1,34,富邦-台東,2023-10-12,9608
00706L,期元大S＆P日圓正2,29,0,29,富邦-台東,2023-10-12,9608
4915,致伸,24,0,24,富邦-台東,2023-10-12,9608
00632R,元大台灣50反1,22,0,22,富邦-台東,2023-10-12,9608
00712,復華富時不動產,20,0,20,富邦-台東,2023-10-12,9608
6414,樺漢,19,1,18,富邦-台東,2023-10-12,9608
2363,矽統,72,57,15,富邦-台東,2023-10-12,9608
2356,英業達,18,3,15,富邦-台東,2023-10-12,9608
00679B,元大美債20年,12,0,12,富邦-台東,2023-10-12,9608
2303,聯電,17,5,12,富邦-台東,2023-10-12,9608
3231,緯創,34,23,11,富邦-台東,2023-10-12,9608
00882,中信中國高股息,10,0,10,富邦-台東,2023-10-12,9608
1521,大億,10,0,10,富邦-台東,2023-10-12,9608
5234,達興材料,10,0,10,富邦-台東,2023-10-12,9608
6535,順藥,10,0,10,富邦-台東,2023-10-12,9608
6125,廣運,10,1,9,富邦-台東,2023-10-12,9608
2207,和泰車,8,0,8,富邦-台東,2023-10-12,9608
00772B,中信高評級公司債,6,0,6,富邦-台東,2023-10-12,9608
8176,智捷,6,0,6,富邦-台東,2023-10-12,9608
00720B,元大投資級公司債,5,0,5,富邦-台東,2023-10-12,9608
2027,大成鋼,7,2,5,富邦-台東,2023-10-12,9608
2369,菱生,5,0,5,富邦-台東,2023-10-12,9608
2442,新美齊,5,0,5,富邦-台東,2023-10-12,9608
3466,德晉,5,0,5,富邦-台東,2023-10-12,9608
4129,聯合,5,0,5,富邦-台東,2023-10-12,9608
6122,擎邦,5,0,5,富邦-台東,2023-10-12,9608
6139,亞翔,5,0,5,富邦-台東,2023-10-12,9608
00722B,群益投資級電信債,4,0,4,富邦-台東,2023-10-12,9608
3221,台嘉碩,4,0,4,富邦-台東,2023-10-12,9608
4768,晶呈科技,4,0,4,富邦-台東,2023-10-12,9608
6245,立端,4,0,4,富邦-台東,2023-10-12,9608
8069,元太,5,1,4,富邦-台東,2023-10-12,9608
1514,亞力,5,1,4,富邦-台東,2023-10-12,9608
00922,國泰台灣領袖50,3,0,3,富邦-台東,2023-10-12,9608
2630,亞航,3,0,3,富邦-台東,2023-10-12,9608
3260,威剛,3,0,3,富邦-台東,2023-10-12,9608
5465,富驊,3,0,3,富邦-台東,2023-10-12,9608
6274,台燿,5,2,3,富邦-台東,2023-10-12,9608
2382,廣達,19,16,3,富邦-台東,2023-10-12,9608
3450,聯鈞,3,1,2,富邦-台東,2023-10-12,9608
4906,正文,2,0,2,富邦-台東,2023-10-12,9608
2412,中華電,2,0,2,富邦-台東,2023-10-12,9608
1339,昭輝,3,1,2,富邦-台東,2023-10-12,9608
00696B,富邦美債20年,2,0,2,富邦-台東,2023-10-12,9608
00919,群益台灣精選高息,2,0,2,富邦-台東,2023-10-12,9608
00927,群益半導體收益,2,0,2,富邦-台東,2023-10-12,9608
00726B,國泰新興投等債,2,0,2,富邦-台東,2023-10-12,9608
2408,南亞科,3,1,2,富邦-台東,2023-10-12,9608
2409,友達,5,3,2,富邦-台東,2023-10-12,9608
6116,彩晶,80,0,80,富邦-台東,2023-10-13,9608
00722B,群益投資級電信債,60,0,60,富邦-台東,2023-10-13,9608
1618,合機,43,0,43,富邦-台東,2023-10-13,9608
4960,誠美材,30,0,30,富邦-台東,2023-10-13,9608
5210,寶碩,30,0,30,富邦-台東,2023-10-13,9608
2883,凱基金,32,3,29,富邦-台東,2023-10-13,9608
3481,群創,22,0,22,富邦-台東,2023-10-13,9608
3363,上詮,21,4,17,富邦-台東,2023-10-13,9608
2618,長榮航,16,0,16,富邦-台東,2023-10-13,9608
00751B,元大AAA至A公司債,15,0,15,富邦-台東,2023-10-13,9608
2376,技嘉,17,3,14,富邦-台東,2023-10-13,9608
2405,輔信,14,0,14,富邦-台東,2023-10-13,9608
3715,定穎投控,26,13,13,富邦-台東,2023-10-13,9608
00632R,元大台灣50反1,12,0,12,富邦-台東,2023-10-13,9608
2356,英業達,14,2,12,富邦-台東,2023-10-13,9608
2634,漢翔,11,0,11,富邦-台東,2023-10-13,9608
00878,國泰永續高股息,11,0,11,富邦-台東,2023-10-13,9608
1210,大成,10,0,10,富邦-台東,2023-10-13,9608
2498,宏達電,10,0,10,富邦-台東,2023-10-13,9608
2734,易飛網,10,0,10,富邦-台東,2023-10-13,9608
3466,德晉,10,0,10,富邦-台東,2023-10-13,9608
4906,正文,10,0,10,富邦-台東,2023-10-13,9608
6684,安格,10,0,10,富邦-台東,2023-10-13,9608
2329,華泰,32,23,9,富邦-台東,2023-10-13,9608
6191,精成科,10,1,9,富邦-台東,2023-10-13,9608
3430,奇鈦科,8,0,8,富邦-台東,2023-10-13,9608
4923,力士,8,0,8,富邦-台東,2023-10-13,9608
8103,瀚荃,8,0,8,富邦-台東,2023-10-13,9608
00679B,元大美債20年,7,0,7,富邦-台東,2023-10-13,9608
8088,品安,7,0,7,富邦-台東,2023-10-13,9608
1216,統一,6,0,6,富邦-台東,2023-10-13,9608
2303,聯電,10,4,6,富邦-台東,2023-10-13,9608
00680L,元大美債20正2,6,0,6,富邦-台東,2023-10-13,9608
2610,華航,15,9,6,富邦-台東,2023-10-13,9608
8110,華東,6,0,6,富邦-台東,2023-10-13,9608
3483,力致,7,1,6,富邦-台東,2023-10-13,9608
1319,東陽,9,4,5,富邦-台東,2023-10-13,9608
1409,新纖,5,0,5,富邦-台東,2023-10-13,9608
2444,兆勁,5,0,5,富邦-台東,2023-10-13,9608
2485,兆赫,5,0,5,富邦-台東,2023-10-13,9608
3013,晟銘電,7,2,5,富邦-台東,2023-10-13,9608
2201,裕隆,12,8,4,富邦-台東,2023-10-13,9608
00929,復華台灣科技優息,9,5,4,富邦-台東,2023-10-13,9608
5289,宜鼎,4,0,4,富邦-台東,2023-10-13,9608
8076,伍豐,4,0,4,富邦-台東,2023-10-13,9608
006208,富邦台50,4,0,4,富邦-台東,2023-10-13,9608
1474,弘裕,4,0,4,富邦-台東,2023-10-13,9608
00720B,元大投資級公司債,4,0,4,富邦-台東,2023-10-13,9608
00931B,統一美債20年,4,0,4,富邦-台東,2023-10-13,9608
2313,華通,9,5,4,富邦-台東,2023-10-13,9608
2515,中工,253,125,128,富邦-台東,2023-10-16,9608
5347,世界,40,0,40,富邦-台東,2023-10-16,9608
00929,復華台灣科技優息,38,6,32,富邦-台東,2023-10-16,9608
2344,華邦電,33,3,30,富邦-台東,2023-10-16,9608
0056,元大高股息,27,1,26,富邦-台東,2023-10-16,9608
00919,群益台灣精選高息,26,0,26,富邦-台東,2023-10-16,9608
4167,松瑞藥,20,0,20,富邦-台東,2023-10-16,9608
00878,國泰永續高股息,17,1,16,富邦-台東,2023-10-16,9608
00722B,群益投資級電信債,15,0,15,富邦-台東,2023-10-16,9608
00922,國泰台灣領袖50,17,4,13,富邦-台東,2023-10-16,9608
2329,華泰,12,0,12,富邦-台東,2023-10-16,9608
6139,亞翔,12,1,11,富邦-台東,2023-10-16,9608
2516,新建,11,0,11,富邦-台東,2023-10-16,9608
8103,瀚荃,11,0,11,富邦-台東,2023-10-16,9608
00696B,富邦美債20年,10,0,10,富邦-台東,2023-10-16,9608
00632R,元大台灣50反1,10,0,10,富邦-台東,2023-10-16,9608
3706,神達,11,1,10,富邦-台東,2023-10-16,9608
4128,中天,10,0,10,富邦-台東,2023-10-16,9608
3022,威強電,9,0,9,富邦-台東,2023-10-16,9608
3013,晟銘電,9,1,8,富邦-台東,2023-10-16,9608
3715,定穎投控,31,23,8,富邦-台東,2023-10-16,9608
3363,上詮,37,30,7,富邦-台東,2023-10-16,9608
2363,矽統,74,68,6,富邦-台東,2023-10-16,9608
1101,台泥,6,0,6,富邦-台東,2023-10-16,9608
00673R,期元大S＆P原油反1,6,0,6,富邦-台東,2023-10-16,9608
2324,仁寶,6,0,6,富邦-台東,2023-10-16,9608
6274,台燿,8,2,6,富邦-台東,2023-10-16,9608
4908,前鼎,12,6,6,富邦-台東,2023-10-16,9608
5210,寶碩,7,1,6,富邦-台東,2023-10-16,9608
00712,復華富時不動產,6,0,6,富邦-台東,2023-10-16,9608
6415,矽力*-KY,5,0,5,富邦-台東,2023-10-16,9608
2498,宏達電,5,0,5,富邦-台東,2023-10-16,9608
2883,凱基金,5,0,5,富邦-台東,2023-10-16,9608
2355,敬鵬,5,0,5,富邦-台東,2023-10-16,9608
3025,星通,10,5,5,富邦-台東,2023-10-16,9608
3231,緯創,23,18,5,富邦-台東,2023-10-16,9608
3260,威剛,5,0,5,富邦-台東,2023-10-16,9608
4923,力士,5,0,5,富邦-台東,2023-10-16,9608
6187,萬潤,5,0,5,富邦-台東,2023-10-16,9608
2406,國碩,4,0,4,富邦-台東,2023-10-16,9608
2609,陽明,3,0,3,富邦-台東,2023-10-16,9608
2881,富邦金,3,0,3,富邦-台東,2023-10-16,9608
3042,晶技,3,0,3,富邦-台東,2023-10-16,9608
00772B,中信高評級公司債,3,0,3,富邦-台東,2023-10-16,9608
1612,宏泰,3,0,3,富邦-台東,2023-10-16,9608
1815,富喬,5,2,3,富邦-台東,2023-10-16,9608
2426,鼎元,10,7,3,富邦-台東,2023-10-16,9608
2630,亞航,9,6,3,富邦-台東,2023-10-16,9608
3122,笙泉,5,2,3,富邦-台東,2023-10-16,9608
5225,東科-KY,3,0,3,富邦-台東,2023-10-16,9608
1609,大亞,50,1,49,富邦-台東,2023-10-17,9608
3231,緯創,58,17,41,富邦-台東,2023-10-17,9608
2618,長榮航,67,30,37,富邦-台東,2023-10-17,9608
2498,宏達電,36,1,35,富邦-台東,2023-10-17,9608
2356,英業達,25,3,22,富邦-台東,2023-10-17,9608
00679B,元大美債20年,21,0,21,富邦-台東,2023-10-17,9608
00878,國泰永續高股息,22,1,21,富邦-台東,2023-10-17,9608
3622,洋華,20,0,20,富邦-台東,2023-10-17,9608
8426,紅木-KY,20,0,20,富邦-台東,2023-10-17,9608
2515,中工,35,16,19,富邦-台東,2023-10-17,9608
2883,凱基金,19,0,19,富邦-台東,2023-10-17,9608
6235,華孚,15,0,15,富邦-台東,2023-10-17,9608
2355,敬鵬,14,0,14,富邦-台東,2023-10-17,9608
00929,復華台灣科技優息,22,9,13,富邦-台東,2023-10-17,9608
3163,波若威,13,0,13,富邦-台東,2023-10-17,9608
6770,力積電,13,1,12,富邦-台東,2023-10-17,9608
00715L,期街口布蘭特正2,12,0,12,富邦-台東,2023-10-17,9608
00922,國泰台灣領袖50,16,4,12,富邦-台東,2023-10-17,9608
2025,千興,12,0,12,富邦-台東,2023-10-17,9608
8054,安國,12,0,12,富邦-台東,2023-10-17,9608
1101,台泥,11,0,11,富邦-台東,2023-10-17,9608
2363,矽統,134,124,10,富邦-台東,2023-10-17,9608
2034,允強,10,0,10,富邦-台東,2023-10-17,9608
4155,訊映,10,0,10,富邦-台東,2023-10-17,9608
00891,中信關鍵半導體,10,0,10,富邦-台東,2023-10-17,9608
3147,大綜,10,0,10,富邦-台東,2023-10-17,9608
8467,波力-KY,10,0,10,富邦-台東,2023-10-17,9608
2888,新光金,20,10,10,富邦-台東,2023-10-17,9608
6120,達運,9,0,9,富邦-台東,2023-10-17,9608
8048,德勝,11,3,8,富邦-台東,2023-10-17,9608
00900,富邦特選高股息30,8,0,8,富邦-台東,2023-10-17,9608
6282,康舒,9,1,8,富邦-台東,2023-10-17,9608
00680L,元大美債20正2,8,0,8,富邦-台東,2023-10-17,9608
00751B,元大AAA至A公司債,6,0,6,富邦-台東,2023-10-17,9608
2884,玉山金,6,0,6,富邦-台東,2023-10-17,9608
4503,金雨,6,0,6,富邦-台東,2023-10-17,9608
5439,高技,6,0,6,富邦-台東,2023-10-17,9608
6799,來頡,6,0,6,富邦-台東,2023-10-17,9608
00772B,中信高評級公司債,5,0,5,富邦-台東,2023-10-17,9608
00673R,期元大S＆P原油反1,5,0,5,富邦-台東,2023-10-17,9608
1612,宏泰,5,0,5,富邦-台東,2023-10-17,9608
2352,佳世達,5,0,5,富邦-台東,2023-10-17,9608
2880,華南金,5,0,5,富邦-台東,2023-10-17,9608
3624,光頡,5,0,5,富邦-台東,2023-10-17,9608
5243,乙盛-KY,5,0,5,富邦-台東,2023-10-17,9608
6109,亞元,5,0,5,富邦-台東,2023-10-17,9608
6126,信音,5,0,5,富邦-台東,2023-10-17,9608
8040,九暘,5,0,5,富邦-台東,2023-10-17,9608
8069,元太,5,0,5,富邦-台東,2023-10-17,9608
1519,華城,6,2,4,富邦-台東,2023-10-17,9608
1815,富喬,70,11,59,富邦-台東,2023-10-18,9608
0056,元大高股息,101,50,51,富邦-台東,2023-10-18,9608
3615,安可,50,0,50,富邦-台東,2023-10-18,9608
00720B,元大投資級公司債,42,0,42,富邦-台東,2023-10-18,9608
2498,宏達電,43,2,41,富邦-台東,2023-10-18,9608
00919,群益台灣精選高息,38,0,38,富邦-台東,2023-10-18,9608
3022,威強電,36,0,36,富邦-台東,2023-10-18,9608
1802,台玻,32,0,32,富邦-台東,2023-10-18,9608
1609,大亞,50,18,32,富邦-台東,2023-10-18,9608
00878,國泰永續高股息,57,26,31,富邦-台東,2023-10-18,9608
2340,台亞,20,0,20,富邦-台東,2023-10-18,9608
2836,高雄銀,20,0,20,富邦-台東,2023-10-18,9608
3059,華晶科,18,0,18,富邦-台東,2023-10-18,9608
00922,國泰台灣領袖50,25,9,16,富邦-台東,2023-10-18,9608
6244,茂迪,20,4,16,富邦-台東,2023-10-18,9608
3466,德晉,15,0,15,富邦-台東,2023-10-18,9608
2344,華邦電,18,5,13,富邦-台東,2023-10-18,9608
00679B,元大美債20年,12,0,12,富邦-台東,2023-10-18,9608
4155,訊映,12,0,12,富邦-台東,2023-10-18,9608
2382,廣達,18,6,12,富邦-台東,2023-10-18,9608
1314,中石化,10,0,10,富邦-台東,2023-10-18,9608
5880,合庫金,10,0,10,富邦-台東,2023-10-18,9608
8011,台通,10,0,10,富邦-台東,2023-10-18,9608
8426,紅木-KY,10,0,10,富邦-台東,2023-10-18,9608
5210,寶碩,10,0,10,富邦-台東,2023-10-18,9608
1612,宏泰,9,0,9,富邦-台東,2023-10-18,9608
2436,偉詮電,12,3,9,富邦-台東,2023-10-18,9608
2363,矽統,20,11,9,富邦-台東,2023-10-18,9608
2388,威盛,16,8,8,富邦-台東,2023-10-18,9608
00929,復華台灣科技優息,14,7,7,富邦-台東,2023-10-18,9608
2495,普安,7,0,7,富邦-台東,2023-10-18,9608
3701,大眾控,10,3,7,富邦-台東,2023-10-18,9608
3037,欣興,6,0,6,富邦-台東,2023-10-18,9608
1101,台泥,6,0,6,富邦-台東,2023-10-18,9608
2014,中鴻,6,0,6,富邦-台東,2023-10-18,9608
2328,廣宇,6,0,6,富邦-台東,2023-10-18,9608
8103,瀚荃,6,0,6,富邦-台東,2023-10-18,9608
2834,臺企銀,6,0,6,富邦-台東,2023-10-18,9608
00772B,中信高評級公司債,5,0,5,富邦-台東,2023-10-18,9608
4977,眾達-KY,5,0,5,富邦-台東,2023-10-18,9608
2002,中鋼,5,0,5,富邦-台東,2023-10-18,9608
00687B,國泰20年美債,5,0,5,富邦-台東,2023-10-18,9608
1702,南僑,5,0,5,富邦-台東,2023-10-18,9608
3094,聯傑,7,2,5,富邦-台東,2023-10-18,9608
6113,亞矽,5,0,5,富邦-台東,2023-10-18,9608
6274,台燿,7,2,5,富邦-台東,2023-10-18,9608
00713,元大台灣高息低波,4,0,4,富邦-台東,2023-10-18,9608
00931B,統一美債20年,4,0,4,富邦-台東,2023-10-18,9608
1102,亞泥,4,0,4,富邦-台東,2023-10-18,9608
00731,復華富時高息低波,4,0,4,富邦-台東,2023-10-18,9608
0056,元大高股息,89,0,89,富邦-台東,2023-10-19,9608
00933B,國泰10Y+金融債,72,0,72,富邦-台東,2023-10-19,9608
00688L,國泰20年美債正2,50,0,50,富邦-台東,2023-10-19,9608
00878,國泰永續高股息,45,5,40,富邦-台東,2023-10-19,9608
00893,國泰智能電動車,30,0,30,富邦-台東,2023-10-19,9608
00673R,期元大S＆P原油反1,29,0,29,富邦-台東,2023-10-19,9608
00919,群益台灣精選高息,25,0,25,富邦-台東,2023-10-19,9608
00751B,元大AAA至A公司債,24,0,24,富邦-台東,2023-10-19,9608
00680L,元大美債20正2,22,0,22,富邦-台東,2023-10-19,9608
00687B,國泰20年美債,20,0,20,富邦-台東,2023-10-19,9608
2618,長榮航,34,14,20,富邦-台東,2023-10-19,9608
2816,旺旺保,20,0,20,富邦-台東,2023-10-19,9608
3022,威強電,19,0,19,富邦-台東,2023-10-19,9608
00722B,群益投資級電信債,17,0,17,富邦-台東,2023-10-19,9608
2498,宏達電,15,0,15,富邦-台東,2023-10-19,9608
3615,安可,15,0,15,富邦-台東,2023-10-19,9608
6139,亞翔,15,2,13,富邦-台東,2023-10-19,9608
1437,勤益控,12,0,12,富邦-台東,2023-10-19,9608
00712,復華富時不動產,11,0,11,富邦-台東,2023-10-19,9608
00931B,統一美債20年,10,0,10,富邦-台東,2023-10-19,9608
1618,合機,10,0,10,富邦-台東,2023-10-19,9608
2328,廣宇,10,0,10,富邦-台東,2023-10-19,9608
2883,凱基金,10,0,10,富邦-台東,2023-10-19,9608
2888,新光金,10,0,10,富邦-台東,2023-10-19,9608
5876,上海商銀,10,0,10,富邦-台東,2023-10-19,9608
6197,佳必琪,10,0,10,富邦-台東,2023-10-19,9608
2363,矽統,19,9,10,富邦-台東,2023-10-19,9608
00753L,中信中國50正2,9,0,9,富邦-台東,2023-10-19,9608
1101,台泥,9,0,9,富邦-台東,2023-10-19,9608
2425,承啟,10,1,9,富邦-台東,2023-10-19,9608
2457,飛宏,10,1,9,富邦-台東,2023-10-19,9608
2834,臺企銀,9,0,9,富邦-台東,2023-10-19,9608
3049,精金,10,1,9,富邦-台東,2023-10-19,9608
9942,茂順,9,0,9,富邦-台東,2023-10-19,9608
3231,緯創,73,66,7,富邦-台東,2023-10-19,9608
00922,國泰台灣領袖50,12,5,7,富邦-台東,2023-10-19,9608
00720B,元大投資級公司債,7,0,7,富邦-台東,2023-10-19,9608
00772B,中信高評級公司債,7,0,7,富邦-台東,2023-10-19,9608
8093,保銳,7,0,7,富邦-台東,2023-10-19,9608
00885,富邦越南,6,0,6,富邦-台東,2023-10-19,9608
1711,永光,6,0,6,富邦-台東,2023-10-19,9608
2634,漢翔,10,4,6,富邦-台東,2023-10-19,9608
2912,統一超,6,0,6,富邦-台東,2023-10-19,9608
6168,宏齊,7,1,6,富邦-台東,2023-10-19,9608
8467,波力-KY,6,0,6,富邦-台東,2023-10-19,9608
00897,富邦基因免疫生技,5,0,5,富邦-台東,2023-10-19,9608
2316,楠梓電,5,0,5,富邦-台東,2023-10-19,9608
2344,華邦電,13,8,5,富邦-台東,2023-10-19,9608
2449,京元電子,9,4,5,富邦-台東,2023-10-19,9608
5009,榮剛,5,0,5,富邦-台東,2023-10-19,9608
00669R,國泰美國道瓊反1,100,0,100,富邦-台東,2023-10-20,9608
1710,東聯,50,0,50,富邦-台東,2023-10-20,9608
00878,國泰永續高股息,42,2,40,富邦-台東,2023-10-20,9608
00712,復華富時不動產,32,0,32,富邦-台東,2023-10-20,9608
0056,元大高股息,41,11,30,富邦-台東,2023-10-20,9608
2891,中信金,28,0,28,富邦-台東,2023-10-20,9608
2303,聯電,67,40,27,富邦-台東,2023-10-20,9608
00893,國泰智能電動車,26,0,26,富邦-台東,2023-10-20,9608
2606,裕民,21,0,21,富邦-台東,2023-10-20,9608
00679B,元大美債20年,20,0,20,富邦-台東,2023-10-20,9608
00751B,元大AAA至A公司債,16,0,16,富邦-台東,2023-10-20,9608
3059,華晶科,18,2,16,富邦-台東,2023-10-20,9608
00919,群益台灣精選高息,16,0,16,富邦-台東,2023-10-20,9608
1524,耿鼎,17,2,15,富邦-台東,2023-10-20,9608
6168,宏齊,15,1,14,富邦-台東,2023-10-20,9608
6770,力積電,17,5,12,富邦-台東,2023-10-20,9608
2002,中鋼,12,0,12,富邦-台東,2023-10-20,9608
6530,創威,36,24,12,富邦-台東,2023-10-20,9608
00720B,元大投資級公司債,12,0,12,富邦-台東,2023-10-20,9608
2883,凱基金,12,0,12,富邦-台東,2023-10-20,9608
1303,南亞,11,0,11,富邦-台東,2023-10-20,9608
3055,蔚華科,12,1,11,富邦-台東,2023-10-20,9608
00929,復華台灣科技優息,11,0,11,富邦-台東,2023-10-20,9608
1324,地球,15,4,11,富邦-台東,2023-10-20,9608
00897,富邦基因免疫生技,10,0,10,富邦-台東,2023-10-20,9608
2344,華邦電,13,3,10,富邦-台東,2023-10-20,9608
2450,神腦,10,0,10,富邦-台東,2023-10-20,9608
2476,鉅祥,10,0,10,富邦-台東,2023-10-20,9608
2867,三商壽,10,0,10,富邦-台東,2023-10-20,9608
8040,九暘,10,0,10,富邦-台東,2023-10-20,9608
00680L,元大美債20正2,7,0,7,富邦-台東,2023-10-20,9608
1612,宏泰,7,0,7,富邦-台東,2023-10-20,9608
8069,元太,6,0,6,富邦-台東,2023-10-20,9608
00932,兆豐永續高息等權,6,0,6,富邦-台東,2023-10-20,9608
00753L,中信中國50正2,6,0,6,富邦-台東,2023-10-20,9608
1605,華新,6,0,6,富邦-台東,2023-10-20,9608
1611,中電,6,0,6,富邦-台東,2023-10-20,9608
2457,飛宏,6,0,6,富邦-台東,2023-10-20,9608
3022,威強電,6,0,6,富邦-台東,2023-10-20,9608
3615,安可,6,0,6,富邦-台東,2023-10-20,9608
4128,中天,6,0,6,富邦-台東,2023-10-20,9608
00885,富邦越南,5,0,5,富邦-台東,2023-10-20,9608
00921,兆豐龍頭等權重,5,0,5,富邦-台東,2023-10-20,9608
1101,台泥,6,1,5,富邦-台東,2023-10-20,9608
2014,中鴻,5,0,5,富邦-台東,2023-10-20,9608
2329,華泰,15,10,5,富邦-台東,2023-10-20,9608
2409,友達,10,5,5,富邦-台東,2023-10-20,9608
2412,中華電,5,0,5,富邦-台東,2023-10-20,9608
5272,笙科,5,0,5,富邦-台東,2023-10-20,9608
6139,亞翔,7,2,5,富邦-台東,2023-10-20,9608
00929,復華台灣科技優息,155,55,100,富邦-台東,2023-10-23,9608
2409,友達,53,0,53,富邦-台東,2023-10-23,9608
00688L,國泰20年美債正2,40,0,40,富邦-台東,2023-10-23,9608
00878,國泰永續高股息,34,1,33,富邦-台東,2023-10-23,9608
00882,中信中國高股息,30,0,30,富邦-台東,2023-10-23,9608
00679B,元大美債20年,25,0,25,富邦-台東,2023-10-23,9608
6244,茂迪,24,0,24,富邦-台東,2023-10-23,9608
00919,群益台灣精選高息,20,0,20,富邦-台東,2023-10-23,9608
3481,群創,20,0,20,富邦-台東,2023-10-23,9608
00712,復華富時不動產,19,0,19,富邦-台東,2023-10-23,9608
2891,中信金,18,0,18,富邦-台東,2023-10-23,9608
3231,緯創,38,21,17,富邦-台東,2023-10-23,9608
2344,華邦電,23,7,16,富邦-台東,2023-10-23,9608
00687B,國泰20年美債,15,0,15,富邦-台東,2023-10-23,9608
00751B,元大AAA至A公司債,14,0,14,富邦-台東,2023-10-23,9608
00893,國泰智能電動車,13,0,13,富邦-台東,2023-10-23,9608
5210,寶碩,13,0,13,富邦-台東,2023-10-23,9608
2476,鉅祥,12,0,12,富邦-台東,2023-10-23,9608
00680L,元大美債20正2,10,0,10,富邦-台東,2023-10-23,9608
1101,台泥,10,0,10,富邦-台東,2023-10-23,9608
1337,再生-KY,10,0,10,富邦-台東,2023-10-23,9608
2450,神腦,10,0,10,富邦-台東,2023-10-23,9608
2816,旺旺保,10,0,10,富邦-台東,2023-10-23,9608
8390,金益鼎,9,0,9,富邦-台東,2023-10-23,9608
5347,世界,7,0,7,富邦-台東,2023-10-23,9608
6237,驊訊,7,0,7,富邦-台東,2023-10-23,9608
00720B,元大投資級公司債,6,0,6,富邦-台東,2023-10-23,9608
00673R,期元大S＆P原油反1,6,0,6,富邦-台東,2023-10-23,9608
00923,群益台ESG低碳50,6,0,6,富邦-台東,2023-10-23,9608
8033,雷虎,6,0,6,富邦-台東,2023-10-23,9608
2801,彰銀,5,0,5,富邦-台東,2023-10-23,9608
2836,高雄銀,5,0,5,富邦-台東,2023-10-23,9608
3033,威健,5,0,5,富邦-台東,2023-10-23,9608
3596,智易,5,0,5,富邦-台東,2023-10-23,9608
4173,久裕,5,0,5,富邦-台東,2023-10-23,9608
5469,瀚宇博,5,0,5,富邦-台東,2023-10-23,9608
6139,亞翔,15,10,5,富邦-台東,2023-10-23,9608
6191,精成科,6,1,5,富邦-台東,2023-10-23,9608
8176,智捷,10,5,5,富邦-台東,2023-10-23,9608
00931B,統一美債20年,4,0,4,富邦-台東,2023-10-23,9608
1102,亞泥,5,1,4,富邦-台東,2023-10-23,9608
00675L,富邦臺灣加權正2,4,0,4,富邦-台東,2023-10-23,9608
00772B,中信高評級公司債,4,0,4,富邦-台東,2023-10-23,9608
1711,永光,9,5,4,富邦-台東,2023-10-23,9608
2002,中鋼,4,0,4,富邦-台東,2023-10-23,9608
2324,仁寶,4,0,4,富邦-台東,2023-10-23,9608
2401,凌陽,9,5,4,富邦-台東,2023-10-23,9608
2605,新興,8,4,4,富邦-台東,2023-10-23,9608
2883,凱基金,4,0,4,富邦-台東,2023-10-23,9608
3051,力特,5,1,4,富邦-台東,2023-10-23,9608
2401,凌陽,91,0,91,富邦-台東,2023-10-24,9608
2303,聯電,88,25,63,富邦-台東,2023-10-24,9608
00929,復華台灣科技優息,61,5,56,富邦-台東,2023-10-24,9608
00712,復華富時不動產,38,0,38,富邦-台東,2023-10-24,9608
00919,群益台灣精選高息,30,2,28,富邦-台東,2023-10-24,9608
1101,台泥,27,0,27,富邦-台東,2023-10-24,9608
2317,鴻海,26,3,23,富邦-台東,2023-10-24,9608
3481,群創,23,0,23,富邦-台東,2023-10-24,9608
6443,元晶,21,0,21,富邦-台東,2023-10-24,9608
00882,中信中國高股息,20,0,20,富邦-台東,2023-10-24,9608
1721,三晃,18,3,15,富邦-台東,2023-10-24,9608
5210,寶碩,14,0,14,富邦-台東,2023-10-24,9608
1584,精剛,13,0,13,富邦-台東,2023-10-24,9608
00679B,元大美債20年,13,1,12,富邦-台東,2023-10-24,9608
00715L,期街口布蘭特正2,10,0,10,富邦-台東,2023-10-24,9608
020039,元大加權N,10,0,10,富邦-台東,2023-10-24,9608
1303,南亞,10,0,10,富邦-台東,2023-10-24,9608
1337,再生-KY,10,0,10,富邦-台東,2023-10-24,9608
2485,兆赫,10,0,10,富邦-台東,2023-10-24,9608
2885,元大金,10,0,10,富邦-台東,2023-10-24,9608
3339,泰谷,10,0,10,富邦-台東,2023-10-24,9608
4915,致伸,10,0,10,富邦-台東,2023-10-24,9608
00922,國泰台灣領袖50,14,5,9,富邦-台東,2023-10-24,9608
3264,欣銓,10,1,9,富邦-台東,2023-10-24,9608
3265,台星科,10,1,9,富邦-台東,2023-10-24,9608
2382,廣達,14,6,8,富邦-台東,2023-10-24,9608
00933B,國泰10Y+金融債,8,0,8,富邦-台東,2023-10-24,9608
2352,佳世達,8,0,8,富邦-台東,2023-10-24,9608
6901,鑽石投資,8,0,8,富邦-台東,2023-10-24,9608
00673R,期元大S＆P原油反1,7,0,7,富邦-台東,2023-10-24,9608
2891,中信金,11,4,7,富邦-台東,2023-10-24,9608
2002,中鋼,6,0,6,富邦-台東,2023-10-24,9608
2634,漢翔,8,2,6,富邦-台東,2023-10-24,9608
6120,達運,6,0,6,富邦-台東,2023-10-24,9608
2476,鉅祥,5,0,5,富邦-台東,2023-10-24,9608
5388,中磊,5,0,5,富邦-台東,2023-10-24,9608
00655L,國泰中國A50正2,5,0,5,富邦-台東,2023-10-24,9608
2014,中鴻,5,0,5,富邦-台東,2023-10-24,9608
2105,正新,5,0,5,富邦-台東,2023-10-24,9608
2498,宏達電,5,0,5,富邦-台東,2023-10-24,9608
3022,威強電,5,0,5,富邦-台東,2023-10-24,9608
3062,建漢,5,0,5,富邦-台東,2023-10-24,9608
3162,精確,5,0,5,富邦-台東,2023-10-24,9608
5469,瀚宇博,5,0,5,富邦-台東,2023-10-24,9608
6113,亞矽,15,10,5,富邦-台東,2023-10-24,9608
6191,精成科,6,1,5,富邦-台東,2023-10-24,9608
8040,九暘,5,0,5,富邦-台東,2023-10-24,9608
00923,群益台ESG低碳50,4,0,4,富邦-台東,2023-10-24,9608
1568,倉佑,4,0,4,富邦-台東,2023-10-24,9608
2312,金寶,5,1,4,富邦-台東,2023-10-24,9608
2816,旺旺保,61,0,61,富邦-台東,2023-10-25,9608
00679B,元大美債20年,23,0,23,富邦-台東,2023-10-25,9608
3481,群創,25,5,20,富邦-台東,2023-10-25,9608
2476,鉅祥,20,0,20,富邦-台東,2023-10-25,9608
4915,致伸,19,0,19,富邦-台東,2023-10-25,9608
2382,廣達,29,13,16,富邦-台東,2023-10-25,9608
0056,元大高股息,15,0,15,富邦-台東,2023-10-25,9608
3231,緯創,45,32,13,富邦-台東,2023-10-25,9608
3025,星通,17,5,12,富邦-台東,2023-10-25,9608
8110,華東,17,5,12,富邦-台東,2023-10-25,9608
2317,鴻海,11,0,11,富邦-台東,2023-10-25,9608
4967,十銓,11,0,11,富邦-台東,2023-10-25,9608
1524,耿鼎,43,33,10,富邦-台東,2023-10-25,9608
00637L,元大滬深300正2,10,0,10,富邦-台東,2023-10-25,9608
00715L,期街口布蘭特正2,10,0,10,富邦-台東,2023-10-25,9608
00903,富邦元宇宙,10,0,10,富邦-台東,2023-10-25,9608
3264,欣銓,10,0,10,富邦-台東,2023-10-25,9608
8467,波力-KY,10,0,10,富邦-台東,2023-10-25,9608
2886,兆豐金,9,0,9,富邦-台東,2023-10-25,9608
2337,旺宏,9,0,9,富邦-台東,2023-10-25,9608
5371,中光電,9,0,9,富邦-台東,2023-10-25,9608
2449,京元電子,10,2,8,富邦-台東,2023-10-25,9608
6168,宏齊,10,2,8,富邦-台東,2023-10-25,9608
00878,國泰永續高股息,7,0,7,富邦-台東,2023-10-25,9608
3006,晶豪科,8,1,7,富邦-台東,2023-10-25,9608
6703,軒郁,8,1,7,富邦-台東,2023-10-25,9608
00929,復華台灣科技優息,8,2,6,富邦-台東,2023-10-25,9608
2543,皇昌,6,0,6,富邦-台東,2023-10-25,9608
6530,創威,6,0,6,富邦-台東,2023-10-25,9608
8093,保銳,6,0,6,富邦-台東,2023-10-25,9608
8105,凌巨,6,0,6,富邦-台東,2023-10-25,9608
00687B,國泰20年美債,5,0,5,富邦-台東,2023-10-25,9608
1316,上曜,5,0,5,富邦-台東,2023-10-25,9608
1324,地球,14,9,5,富邦-台東,2023-10-25,9608
2105,正新,5,0,5,富邦-台東,2023-10-25,9608
3032,偉訓,5,0,5,富邦-台東,2023-10-25,9608
3234,光環,5,0,5,富邦-台東,2023-10-25,9608
3596,智易,5,0,5,富邦-台東,2023-10-25,9608
3672,康聯訊,5,0,5,富邦-台東,2023-10-25,9608
6160,欣技,5,0,5,富邦-台東,2023-10-25,9608
9105,泰金寶-DR,5,0,5,富邦-台東,2023-10-25,9608
1339,昭輝,4,0,4,富邦-台東,2023-10-25,9608
2883,凱基金,6,2,4,富邦-台東,2023-10-25,9608
3005,神基,4,0,4,富邦-台東,2023-10-25,9608
3545,敦泰,5,1,4,富邦-台東,2023-10-25,9608
6117,迎廣,8,4,4,富邦-台東,2023-10-25,9608
6414,樺漢,4,0,4,富邦-台東,2023-10-25,9608
1216,統一,3,0,3,富邦-台東,2023-10-25,9608
00932,兆豐永續高息等權,3,0,3,富邦-台東,2023-10-25,9608
1815,富喬,8,5,3,富邦-台東,2023-10-25,9608
00706L,期元大S＆P日圓正2,54,0,54,富邦-台東,2023-10-26,9608
0056,元大高股息,45,0,45,富邦-台東,2023-10-26,9608
3058,立德,40,1,39,富邦-台東,2023-10-26,9608
00929,復華台灣科技優息,37,2,35,富邦-台東,2023-10-26,9608
3006,晶豪科,31,1,30,富邦-台東,2023-10-26,9608
00919,群益台灣精選高息,27,0,27,富邦-台東,2023-10-26,9608
3013,晟銘電,28,2,26,富邦-台東,2023-10-26,9608
00722B,群益投資級電信債,21,0,21,富邦-台東,2023-10-26,9608
3704,合勤控,25,5,20,富邦-台東,2023-10-26,9608
5347,世界,18,0,18,富邦-台東,2023-10-26,9608
8183,精星,18,0,18,富邦-台東,2023-10-26,9608
2344,華邦電,22,6,16,富邦-台東,2023-10-26,9608
6443,元晶,15,0,15,富邦-台東,2023-10-26,9608
00679B,元大美債20年,14,0,14,富邦-台東,2023-10-26,9608
2618,長榮航,19,6,13,富邦-台東,2023-10-26,9608
3363,上詮,13,0,13,富邦-台東,2023-10-26,9608
3037,欣興,13,1,12,富邦-台東,2023-10-26,9608
2369,菱生,28,16,12,富邦-台東,2023-10-26,9608
6150,撼訊,13,2,11,富邦-台東,2023-10-26,9608
00687B,國泰20年美債,10,0,10,富邦-台東,2023-10-26,9608
2457,飛宏,11,1,10,富邦-台東,2023-10-26,9608
2498,宏達電,10,0,10,富邦-台東,2023-10-26,9608
2836,高雄銀,10,0,10,富邦-台東,2023-10-26,9608
2913,農林,20,10,10,富邦-台東,2023-10-26,9608
2883,凱基金,9,0,9,富邦-台東,2023-10-26,9608
4162,智擎,9,0,9,富邦-台東,2023-10-26,9608
2330,台積電,9,0,9,富邦-台東,2023-10-26,9608
00712,復華富時不動產,19,11,8,富邦-台東,2023-10-26,9608
00680L,元大美債20正2,8,0,8,富邦-台東,2023-10-26,9608
4915,致伸,18,10,8,富邦-台東,2023-10-26,9608
0050,元大台灣50,8,0,8,富邦-台東,2023-10-26,9608
00885,富邦越南,7,0,7,富邦-台東,2023-10-26,9608
6168,宏齊,17,10,7,富邦-台東,2023-10-26,9608
00897,富邦基因免疫生技,6,0,6,富邦-台東,2023-10-26,9608
6125,廣運,11,5,6,富邦-台東,2023-10-26,9608
00878,國泰永續高股息,25,20,5,富邦-台東,2023-10-26,9608
00675L,富邦臺灣加權正2,6,1,5,富邦-台東,2023-10-26,9608
00631L,元大台灣50正2,6,1,5,富邦-台東,2023-10-26,9608
00764B,群益25年美債,5,0,5,富邦-台東,2023-10-26,9608
1339,昭輝,5,0,5,富邦-台東,2023-10-26,9608
1453,大將,5,0,5,富邦-台東,2023-10-26,9608
2316,楠梓電,5,0,5,富邦-台東,2023-10-26,9608
2485,兆赫,20,15,5,富邦-台東,2023-10-26,9608
2630,亞航,10,5,5,富邦-台東,2023-10-26,9608
3094,聯傑,5,0,5,富邦-台東,2023-10-26,9608
3508,位速,5,0,5,富邦-台東,2023-10-26,9608
3694,海華,5,0,5,富邦-台東,2023-10-26,9608
5371,中光電,5,0,5,富邦-台東,2023-10-26,9608
6005,群益證,5,0,5,富邦-台東,2023-10-26,9608
6292,迅德,5,0,5,富邦-台東,2023-10-26,9608
1609,大亞,35,1,34,富邦-台東,2023-10-27,9608
00929,復華台灣科技優息,32,0,32,富邦-台東,2023-10-27,9608
2340,台亞,31,0,31,富邦-台東,2023-10-27,9608
2324,仁寶,30,2,28,富邦-台東,2023-10-27,9608
2303,聯電,31,5,26,富邦-台東,2023-10-27,9608
6443,元晶,35,10,25,富邦-台東,2023-10-27,9608
6111,大宇資,30,6,24,富邦-台東,2023-10-27,9608
3006,晶豪科,28,7,21,富邦-台東,2023-10-27,9608
2462,良得電,20,0,20,富邦-台東,2023-10-27,9608
2520,冠德,15,0,15,富邦-台東,2023-10-27,9608
2329,華泰,15,1,14,富邦-台東,2023-10-27,9608
6120,達運,11,0,11,富邦-台東,2023-10-27,9608
3481,群創,10,0,10,富邦-台東,2023-10-27,9608
5371,中光電,10,0,10,富邦-台東,2023-10-27,9608
6244,茂迪,10,0,10,富邦-台東,2023-10-27,9608
8110,華東,15,5,10,富邦-台東,2023-10-27,9608
5210,寶碩,10,0,10,富邦-台東,2023-10-27,9608
2330,台積電,8,0,8,富邦-台東,2023-10-27,9608
2388,威盛,23,15,8,富邦-台東,2023-10-27,9608
00885,富邦越南,7,0,7,富邦-台東,2023-10-27,9608
00922,國泰台灣領袖50,9,2,7,富邦-台東,2023-10-27,9608
2002,中鋼,7,0,7,富邦-台東,2023-10-27,9608
8011,台通,6,0,6,富邦-台東,2023-10-27,9608
3276,宇環,13,8,5,富邦-台東,2023-10-27,9608
00687B,國泰20年美債,5,0,5,富邦-台東,2023-10-27,9608
1584,精剛,5,0,5,富邦-台東,2023-10-27,9608
2486,一詮,5,0,5,富邦-台東,2023-10-27,9608
2498,宏達電,6,1,5,富邦-台東,2023-10-27,9608
2889,國票金,5,0,5,富邦-台東,2023-10-27,9608
3163,波若威,5,0,5,富邦-台東,2023-10-27,9608
5426,振發,7,2,5,富邦-台東,2023-10-27,9608
6108,競國,5,0,5,富邦-台東,2023-10-27,9608
2409,友達,4,0,4,富邦-台東,2023-10-27,9608
6274,台燿,6,2,4,富邦-台東,2023-10-27,9608
00850,元大臺灣ESG永續,3,0,3,富邦-台東,2023-10-27,9608
2337,旺宏,3,0,3,富邦-台東,2023-10-27,9608
2399,映泰,5,2,3,富邦-台東,2023-10-27,9608
2476,鉅祥,5,2,3,富邦-台東,2023-10-27,9608
2615,萬海,4,1,3,富邦-台東,2023-10-27,9608
3260,威剛,3,0,3,富邦-台東,2023-10-27,9608
3324,雙鴻,3,0,3,富邦-台東,2023-10-27,9608
3372,典範,3,0,3,富邦-台東,2023-10-27,9608
3715,定穎投控,6,3,3,富邦-台東,2023-10-27,9608
6104,創惟,3,0,3,富邦-台東,2023-10-27,9608
00919,群益台灣精選高息,4,2,2,富邦-台東,2023-10-27,9608
2383,台光電,2,0,2,富邦-台東,2023-10-27,9608
2436,偉詮電,2,0,2,富邦-台東,2023-10-27,9608
3189,景碩,2,0,2,富邦-台東,2023-10-27,9608
4155,訊映,2,0,2,富邦-台東,2023-10-27,9608
2369,菱生,14,12,2,富邦-台東,2023-10-27,9608
6290,良維,275,0,275,富邦-台東,2023-10-30,9608
00929,復華台灣科技優息,80,14,66,富邦-台東,2023-10-30,9608
00878,國泰永續高股息,58,0,58,富邦-台東,2023-10-30,9608
00712,復華富時不動產,26,0,26,富邦-台東,2023-10-30,9608
1609,大亞,25,0,25,富邦-台東,2023-10-30,9608
2317,鴻海,34,14,20,富邦-台東,2023-10-30,9608
2485,兆赫,41,21,20,富邦-台東,2023-10-30,9608
2340,台亞,20,0,20,富邦-台東,2023-10-30,9608
6278,台表科,20,0,20,富邦-台東,2023-10-30,9608
00720B,元大投資級公司債,17,0,17,富邦-台東,2023-10-30,9608
2498,宏達電,15,0,15,富邦-台東,2023-10-30,9608
2897,王道銀行,16,2,14,富邦-台東,2023-10-30,9608
00679B,元大美債20年,13,0,13,富邦-台東,2023-10-30,9608
2324,仁寶,12,0,12,富邦-台東,2023-10-30,9608
2880,華南金,12,0,12,富邦-台東,2023-10-30,9608
3022,威強電,12,0,12,富邦-台東,2023-10-30,9608
6492,生華科,13,1,12,富邦-台東,2023-10-30,9608
2886,兆豐金,11,0,11,富邦-台東,2023-10-30,9608
3231,緯創,29,19,10,富邦-台東,2023-10-30,9608
00902,中信電池及儲能,10,0,10,富邦-台東,2023-10-30,9608
1303,南亞,10,0,10,富邦-台東,2023-10-30,9608
1734,杏輝,10,0,10,富邦-台東,2023-10-30,9608
5210,寶碩,10,0,10,富邦-台東,2023-10-30,9608
5347,世界,10,0,10,富邦-台東,2023-10-30,9608
6244,茂迪,49,39,10,富邦-台東,2023-10-30,9608
3059,華晶科,9,0,9,富邦-台東,2023-10-30,9608
2449,京元電子,10,1,9,富邦-台東,2023-10-30,9608
1504,東元,9,1,8,富邦-台東,2023-10-30,9608
2405,輔信,11,3,8,富邦-台東,2023-10-30,9608
3706,神達,11,3,8,富邦-台東,2023-10-30,9608
3715,定穎投控,21,13,8,富邦-台東,2023-10-30,9608
2328,廣宇,7,0,7,富邦-台東,2023-10-30,9608
6168,宏齊,7,0,7,富邦-台東,2023-10-30,9608
00687B,國泰20年美債,6,0,6,富邦-台東,2023-10-30,9608
2363,矽統,8,2,6,富邦-台東,2023-10-30,9608
2891,中信金,5,0,5,富邦-台東,2023-10-30,9608
3481,群創,5,0,5,富邦-台東,2023-10-30,9608
8176,智捷,5,0,5,富邦-台東,2023-10-30,9608
8467,波力-KY,5,0,5,富邦-台東,2023-10-30,9608
2884,玉山金,4,0,4,富邦-台東,2023-10-30,9608
3430,奇鈦科,4,0,4,富邦-台東,2023-10-30,9608
3588,通嘉,5,1,4,富邦-台東,2023-10-30,9608
4105,東洋,4,0,4,富邦-台東,2023-10-30,9608
6216,居易,4,0,4,富邦-台東,2023-10-30,9608
3324,雙鴻,5,2,3,富邦-台東,2023-10-30,9608
1339,昭輝,3,0,3,富邦-台東,2023-10-30,9608
1102,亞泥,3,0,3,富邦-台東,2023-10-30,9608
2353,宏��,3,0,3,富邦-台東,2023-10-30,9608
2610,華航,3,0,3,富邦-台東,2023-10-30,9608
2801,彰銀,3,0,3,富邦-台東,2023-10-30,9608
00772B,中信高評級公司債,37,0,37,富邦-台東,2023-10-31,9608
00933B,國泰10Y+金融債,34,1,33,富邦-台東,2023-10-31,9608
00878,國泰永續高股息,31,0,31,富邦-台東,2023-10-31,9608
5371,中光電,27,0,27,富邦-台東,2023-10-31,9608
2363,矽統,25,0,25,富邦-台東,2023-10-31,9608
6605,帝寶,21,0,21,富邦-台東,2023-10-31,9608
00929,復華台灣科技優息,20,0,20,富邦-台東,2023-10-31,9608
2891,中信金,20,0,20,富邦-台東,2023-10-31,9608
2449,京元電子,20,0,20,富邦-台東,2023-10-31,9608
2498,宏達電,20,1,19,富邦-台東,2023-10-31,9608
00922,國泰台灣領袖50,24,5,19,富邦-台東,2023-10-31,9608
5210,寶碩,21,2,19,富邦-台東,2023-10-31,9608
3059,華晶科,19,1,18,富邦-台東,2023-10-31,9608
3576,聯合再生,21,3,18,富邦-台東,2023-10-31,9608
2367,燿華,16,0,16,富邦-台東,2023-10-31,9608
3051,力特,15,0,15,富邦-台東,2023-10-31,9608
2382,廣達,21,8,13,富邦-台東,2023-10-31,9608
2313,華通,15,4,11,富邦-台東,2023-10-31,9608
2356,英業達,19,8,11,富邦-台東,2023-10-31,9608
6278,台表科,15,4,11,富邦-台東,2023-10-31,9608
0056,元大高股息,18,8,10,富邦-台東,2023-10-31,9608
00919,群益台灣精選高息,10,0,10,富邦-台東,2023-10-31,9608
00893,國泰智能電動車,10,0,10,富邦-台東,2023-10-31,9608
00715L,期街口布蘭特正2,10,0,10,富邦-台東,2023-10-31,9608
3022,威強電,9,0,9,富邦-台東,2023-10-31,9608
2344,華邦電,20,11,9,富邦-台東,2023-10-31,9608
0050,元大台灣50,8,0,8,富邦-台東,2023-10-31,9608
00687B,國泰20年美債,8,0,8,富邦-台東,2023-10-31,9608
00885,富邦越南,7,0,7,富邦-台東,2023-10-31,9608
1104,環泥,6,0,6,富邦-台東,2023-10-31,9608
2020,美亞,6,0,6,富邦-台東,2023-10-31,9608
2404,漢唐,6,0,6,富邦-台東,2023-10-31,9608
2883,凱基金,6,0,6,富邦-台東,2023-10-31,9608
3372,典範,6,0,6,富邦-台東,2023-10-31,9608
4563,百德,6,0,6,富邦-台東,2023-10-31,9608
1795,美時,6,1,5,富邦-台東,2023-10-31,9608
00679B,元大美債20年,5,0,5,富邦-台東,2023-10-31,9608
1702,南僑,5,0,5,富邦-台東,2023-10-31,9608
2324,仁寶,5,0,5,富邦-台東,2023-10-31,9608
2329,華泰,9,4,5,富邦-台東,2023-10-31,9608
2485,兆赫,16,11,5,富邦-台東,2023-10-31,9608
3363,上詮,5,0,5,富邦-台東,2023-10-31,9608
6237,驊訊,6,1,5,富邦-台東,2023-10-31,9608
006208,富邦台50,5,0,5,富邦-台東,2023-10-31,9608
2317,鴻海,12,8,4,富邦-台東,2023-10-31,9608
3035,智原,14,10,4,富邦-台東,2023-10-31,9608
00918,大華優利高填息30,4,0,4,富邦-台東,2023-10-31,9608
2615,萬海,5,1,4,富邦-台東,2023-10-31,9608
6209,今國光,4,0,4,富邦-台東,2023-10-31,9608
6569,醫揚,4,0,4,富邦-台東,2023-10-31,9608
4915,致伸,49,0,49,富邦-台東,2023-11-01,9608
00688L,國泰20年美債正2,40,0,40,富邦-台東,2023-11-01,9608
2323,中環,32,0,32,富邦-台東,2023-11-01,9608
1609,大亞,32,5,27,富邦-台東,2023-11-01,9608
00642U,期元大S＆P石油,20,0,20,富邦-台東,2023-11-01,9608
00929,復華台灣科技優息,19,0,19,富邦-台東,2023-11-01,9608
2353,宏��,22,3,19,富邦-台東,2023-11-01,9608
00679B,元大美債20年,17,0,17,富邦-台東,2023-11-01,9608
3481,群創,17,0,17,富邦-台東,2023-11-01,9608
2020,美亞,16,0,16,富邦-台東,2023-11-01,9608
00715L,期街口布蘭特正2,15,0,15,富邦-台東,2023-11-01,9608
1710,東聯,12,0,12,富邦-台東,2023-11-01,9608
5469,瀚宇博,11,0,11,富邦-台東,2023-11-01,9608
00885,富邦越南,11,0,11,富邦-台東,2023-11-01,9608
2888,新光金,10,0,10,富邦-台東,2023-11-01,9608
3051,力特,10,0,10,富邦-台東,2023-11-01,9608
3363,上詮,20,10,10,富邦-台東,2023-11-01,9608
6005,群益證,10,0,10,富邦-台東,2023-11-01,9608
6438,迅得,10,0,10,富邦-台東,2023-11-01,9608
2344,華邦電,12,3,9,富邦-台東,2023-11-01,9608
3231,緯創,36,27,9,富邦-台東,2023-11-01,9608
5371,中光電,9,0,9,富邦-台東,2023-11-01,9608
3372,典範,8,0,8,富邦-台東,2023-11-01,9608
4188,安克,8,0,8,富邦-台東,2023-11-01,9608
1101,台泥,7,0,7,富邦-台東,2023-11-01,9608
2356,英業達,19,12,7,富邦-台東,2023-11-01,9608
2382,廣達,15,9,6,富邦-台東,2023-11-01,9608
00751B,元大AAA至A公司債,5,0,5,富邦-台東,2023-11-01,9608
00907,永豐優息存股,5,0,5,富邦-台東,2023-11-01,9608
2371,大同,5,0,5,富邦-台東,2023-11-01,9608
2743,山富,10,5,5,富邦-台東,2023-11-01,9608
3059,華晶科,5,0,5,富邦-台東,2023-11-01,9608
3062,建漢,5,0,5,富邦-台東,2023-11-01,9608
3362,先進光,5,0,5,富邦-台東,2023-11-01,9608
8210,勤誠,6,1,5,富邦-台東,2023-11-01,9608
0050,元大台灣50,4,0,4,富邦-台東,2023-11-01,9608
8112,至上,4,0,4,富邦-台東,2023-11-01,9608
3163,波若威,4,0,4,富邦-台東,2023-11-01,9608
6461,益得,4,0,4,富邦-台東,2023-11-01,9608
0056,元大高股息,4,0,4,富邦-台東,2023-11-01,9608
00712,復華富時不動產,3,0,3,富邦-台東,2023-11-01,9608
2014,中鴻,3,0,3,富邦-台東,2023-11-01,9608
2358,廷鑫,5,2,3,富邦-台東,2023-11-01,9608
2405,輔信,3,0,3,富邦-台東,2023-11-01,9608
2606,裕民,5,2,3,富邦-台東,2023-11-01,9608
2618,長榮航,6,3,3,富邦-台東,2023-11-01,9608
2883,凱基金,3,0,3,富邦-台東,2023-11-01,9608
3438,類比科,3,0,3,富邦-台東,2023-11-01,9608
3450,聯鈞,4,1,3,富邦-台東,2023-11-01,9608
3483,力致,4,1,3,富邦-台東,2023-11-01,9608
3363,上詮,36,10,26,富邦-台東,2023-11-02,9608
2883,凱基金,25,0,25,富邦-台東,2023-11-02,9608
1471,首利,19,0,19,富邦-台東,2023-11-02,9608
00934,中信成長高股息,19,0,19,富邦-台東,2023-11-02,9608
00923,群益台ESG低碳50,20,2,18,富邦-台東,2023-11-02,9608
00673R,期元大S＆P原油反1,16,0,16,富邦-台東,2023-11-02,9608
1409,新纖,12,0,12,富邦-台東,2023-11-02,9608
00878,國泰永續高股息,13,2,11,富邦-台東,2023-11-02,9608
00706L,期元大S＆P日圓正2,10,0,10,富邦-台東,2023-11-02,9608
2834,臺企銀,10,0,10,富邦-台東,2023-11-02,9608
00712,復華富時不動產,9,0,9,富邦-台東,2023-11-02,9608
5469,瀚宇博,12,4,8,富邦-台東,2023-11-02,9608
3702,大聯大,7,0,7,富邦-台東,2023-11-02,9608
3022,威強電,7,0,7,富邦-台東,2023-11-02,9608
4915,致伸,8,1,7,富邦-台東,2023-11-02,9608
6191,精成科,43,36,7,富邦-台東,2023-11-02,9608
00632R,元大台灣50反1,9,3,6,富邦-台東,2023-11-02,9608
00929,復華台灣科技優息,11,5,6,富邦-台東,2023-11-02,9608
1103,嘉泥,5,0,5,富邦-台東,2023-11-02,9608
2367,燿華,7,2,5,富邦-台東,2023-11-02,9608
3051,力特,5,0,5,富邦-台東,2023-11-02,9608
4961,天鈺,5,0,5,富邦-台東,2023-11-02,9608
5426,振發,5,0,5,富邦-台東,2023-11-02,9608
00713,元大台灣高息低波,4,0,4,富邦-台東,2023-11-02,9608
1717,長興,4,0,4,富邦-台東,2023-11-02,9608
1337,再生-KY,3,0,3,富邦-台東,2023-11-02,9608
00900,富邦特選高股息30,3,0,3,富邦-台東,2023-11-02,9608
2328,廣宇,5,2,3,富邦-台東,2023-11-02,9608
2356,英業達,27,24,3,富邦-台東,2023-11-02,9608
2364,倫飛,3,0,3,富邦-台東,2023-11-02,9608
2719,燦星旅,3,0,3,富邦-台東,2023-11-02,9608
3706,神達,3,0,3,富邦-台東,2023-11-02,9608
3707,漢磊,3,0,3,富邦-台東,2023-11-02,9608
6117,迎廣,7,4,3,富邦-台東,2023-11-02,9608
6282,康舒,6,4,2,富邦-台東,2023-11-02,9608
6213,聯茂,3,1,2,富邦-台東,2023-11-02,9608
3045,台灣大,2,0,2,富邦-台東,2023-11-02,9608
00772B,中信高評級公司債,2,0,2,富邦-台東,2023-11-02,9608
00656R,國泰中國A50反1,2,0,2,富邦-台東,2023-11-02,9608
2816,旺旺保,2,0,2,富邦-台東,2023-11-02,9608
2867,三商壽,2,0,2,富邦-台東,2023-11-02,9608
3032,偉訓,2,0,2,富邦-台東,2023-11-02,9608
3322,建舜電,3,1,2,富邦-台東,2023-11-02,9608
3528,安馳,2,0,2,富邦-台東,2023-11-02,9608
3672,康聯訊,3,1,2,富邦-台東,2023-11-02,9608
4743,合一,3,1,2,富邦-台東,2023-11-02,9608
4933,友輝,2,0,2,富邦-台東,2023-11-02,9608
5410,國眾,2,0,2,富邦-台東,2023-11-02,9608
6668,中揚光,2,0,2,富邦-台東,2023-11-02,9608
6841,長佳智能,2,0,2,富邦-台東,2023-11-02,9608
1721,三晃,736,18,718,富邦-台東,2023-11-03,9608
00929,復華台灣科技優息,76,6,70,富邦-台東,2023-11-03,9608
2409,友達,60,21,39,富邦-台東,2023-11-03,9608
3704,合勤控,20,1,19,富邦-台東,2023-11-03,9608
00632R,元大台灣50反1,18,0,18,富邦-台東,2023-11-03,9608
2344,華邦電,20,6,14,富邦-台東,2023-11-03,9608
5439,高技,15,1,14,富邦-台東,2023-11-03,9608
00720B,元大投資級公司債,13,0,13,富邦-台東,2023-11-03,9608
6235,華孚,11,0,11,富邦-台東,2023-11-03,9608
8150,南茂,11,0,11,富邦-台東,2023-11-03,9608
2317,鴻海,18,7,11,富邦-台東,2023-11-03,9608
3006,晶豪科,16,6,10,富邦-台東,2023-11-03,9608
4906,正文,10,0,10,富邦-台東,2023-11-03,9608
6438,迅得,10,0,10,富邦-台東,2023-11-03,9608
2376,技嘉,13,3,10,富邦-台東,2023-11-03,9608
2449,京元電子,11,2,9,富邦-台東,2023-11-03,9608
2610,華航,21,12,9,富邦-台東,2023-11-03,9608
1337,再生-KY,8,0,8,富邦-台東,2023-11-03,9608
00935,野村臺灣新科技50,8,0,8,富邦-台東,2023-11-03,9608
1609,大亞,10,2,8,富邦-台東,2023-11-03,9608
2201,裕隆,10,2,8,富邦-台東,2023-11-03,9608
2356,英業達,15,7,8,富邦-台東,2023-11-03,9608
3363,上詮,39,31,8,富邦-台東,2023-11-03,9608
6139,亞翔,20,12,8,富邦-台東,2023-11-03,9608
6117,迎廣,15,7,8,富邦-台東,2023-11-03,9608
4155,訊映,6,0,6,富邦-台東,2023-11-03,9608
2458,義隆,6,0,6,富邦-台東,2023-11-03,9608
1815,富喬,28,22,6,富邦-台東,2023-11-03,9608
2329,華泰,24,18,6,富邦-台東,2023-11-03,9608
3338,泰碩,6,0,6,富邦-台東,2023-11-03,9608
6719,力智,6,0,6,富邦-台東,2023-11-03,9608
1101,台泥,7,2,5,富邦-台東,2023-11-03,9608
1817,凱撒衛,5,0,5,富邦-台東,2023-11-03,9608
6187,萬潤,5,0,5,富邦-台東,2023-11-03,9608
6799,來頡,5,0,5,富邦-台東,2023-11-03,9608
8081,致新,5,0,5,富邦-台東,2023-11-03,9608
1560,中砂,4,0,4,富邦-台東,2023-11-03,9608
1603,華電,4,0,4,富邦-台東,2023-11-03,9608
2014,中鴻,4,0,4,富邦-台東,2023-11-03,9608
3430,奇鈦科,4,0,4,富邦-台東,2023-11-03,9608
4961,天鈺,4,0,4,富邦-台東,2023-11-03,9608
5351,鈺創,4,0,4,富邦-台東,2023-11-03,9608
2363,矽統,99,96,3,富邦-台東,2023-11-03,9608
3231,緯創,8,5,3,富邦-台東,2023-11-03,9608
5388,中磊,3,0,3,富邦-台東,2023-11-03,9608
00679B,元大美債20年,5,2,3,富邦-台東,2023-11-03,9608
00893,國泰智能電動車,3,0,3,富邦-台東,2023-11-03,9608
2364,倫飛,3,0,3,富邦-台東,2023-11-03,9608
2382,廣達,7,4,3,富邦-台東,2023-11-03,9608
3122,笙泉,4,1,3,富邦-台東,2023-11-03,9608
1609,大亞,100,0,100,富邦-台東,2023-11-06,9608
6116,彩晶,100,0,100,富邦-台東,2023-11-06,9608
00893,國泰智能電動車,60,3,57,富邦-台東,2023-11-06,9608
00632R,元大台灣50反1,56,0,56,富邦-台東,2023-11-06,9608
00772B,中信高評級公司債,30,0,30,富邦-台東,2023-11-06,9608
00680L,元大美債20正2,30,0,30,富邦-台東,2023-11-06,9608
6244,茂迪,30,0,30,富邦-台東,2023-11-06,9608
6443,元晶,31,1,30,富邦-台東,2023-11-06,9608
00935,野村臺灣新科技50,23,0,23,富邦-台東,2023-11-06,9608
00929,復華台灣科技優息,46,24,22,富邦-台東,2023-11-06,9608
2303,聯電,23,7,16,富邦-台東,2023-11-06,9608
0056,元大高股息,20,4,16,富邦-台東,2023-11-06,9608
4973,廣穎,13,0,13,富邦-台東,2023-11-06,9608
2002,中鋼,12,0,12,富邦-台東,2023-11-06,9608
00931B,統一美債20年,12,0,12,富邦-台東,2023-11-06,9608
00933B,國泰10Y+金融債,10,0,10,富邦-台東,2023-11-06,9608
00712,復華富時不動產,10,0,10,富邦-台東,2023-11-06,9608
1802,台玻,10,0,10,富邦-台東,2023-11-06,9608
2332,友訊,10,0,10,富邦-台東,2023-11-06,9608
2520,冠德,10,0,10,富邦-台東,2023-11-06,9608
2883,凱基金,10,0,10,富邦-台東,2023-11-06,9608
4580,捷流閥業,10,0,10,富邦-台東,2023-11-06,9608
6438,迅得,10,0,10,富邦-台東,2023-11-06,9608
8048,德勝,10,0,10,富邦-台東,2023-11-06,9608
00878,國泰永續高股息,17,8,9,富邦-台東,2023-11-06,9608
3013,晟銘電,55,47,8,富邦-台東,2023-11-06,9608
3260,威剛,8,1,7,富邦-台東,2023-11-06,9608
00679B,元大美債20年,6,0,6,富邦-台東,2023-11-06,9608
8050,廣積,5,0,5,富邦-台東,2023-11-06,9608
00919,群益台灣精選高息,5,0,5,富邦-台東,2023-11-06,9608
2618,長榮航,10,5,5,富邦-台東,2023-11-06,9608
3372,典範,5,0,5,富邦-台東,2023-11-06,9608
5289,宜鼎,5,0,5,富邦-台東,2023-11-06,9608
6770,力積電,6,1,5,富邦-台東,2023-11-06,9608
8210,勤誠,5,0,5,富邦-台東,2023-11-06,9608
8933,愛地雅,5,0,5,富邦-台東,2023-11-06,9608
2317,鴻海,6,2,4,富邦-台東,2023-11-06,9608
3228,金麗科,4,0,4,富邦-台東,2023-11-06,9608
00900,富邦特選高股息30,10,6,4,富邦-台東,2023-11-06,9608
00687B,國泰20年美債,4,0,4,富邦-台東,2023-11-06,9608
2313,華通,7,3,4,富邦-台東,2023-11-06,9608
2388,威盛,33,29,4,富邦-台東,2023-11-06,9608
2745,五福,4,0,4,富邦-台東,2023-11-06,9608
3055,蔚華科,4,0,4,富邦-台東,2023-11-06,9608
3094,聯傑,4,0,4,富邦-台東,2023-11-06,9608
3430,奇鈦科,4,0,4,富邦-台東,2023-11-06,9608
3535,晶彩科,4,0,4,富邦-台東,2023-11-06,9608
5388,中磊,4,0,4,富邦-台東,2023-11-06,9608
8299,群聯,4,0,4,富邦-台東,2023-11-06,9608
6531,愛普*,4,0,4,富邦-台東,2023-11-06,9608
2409,友達,61,0,61,富邦-台東,2023-11-07,9608
6116,彩晶,50,0,50,富邦-台東,2023-11-07,9608
2515,中工,41,4,37,富邦-台東,2023-11-07,9608
4128,中天,35,1,34,富邦-台東,2023-11-07,9608
1609,大亞,32,0,32,富邦-台東,2023-11-07,9608
2105,正新,31,1,30,富邦-台東,2023-11-07,9608
6443,元晶,26,0,26,富邦-台東,2023-11-07,9608
00878,國泰永續高股息,23,0,23,富邦-台東,2023-11-07,9608
8069,元太,20,0,20,富邦-台東,2023-11-07,9608
00935,野村臺灣新科技50,36,20,16,富邦-台東,2023-11-07,9608
00632R,元大台灣50反1,15,0,15,富邦-台東,2023-11-07,9608
8086,宏捷科,15,1,14,富邦-台東,2023-11-07,9608
2498,宏達電,14,1,13,富邦-台東,2023-11-07,9608
3048,益登,13,0,13,富邦-台東,2023-11-07,9608
2392,正崴,10,0,10,富邦-台東,2023-11-07,9608
4147,中裕,10,0,10,富邦-台東,2023-11-07,9608
4155,訊映,10,0,10,富邦-台東,2023-11-07,9608
6191,精成科,10,0,10,富邦-台東,2023-11-07,9608
2634,漢翔,9,0,9,富邦-台東,2023-11-07,9608
6285,啟��,10,1,9,富邦-台東,2023-11-07,9608
1815,富喬,15,6,9,富邦-台東,2023-11-07,9608
2363,矽統,36,28,8,富邦-台東,2023-11-07,9608
00679B,元大美債20年,8,0,8,富邦-台東,2023-11-07,9608
6269,台郡,7,0,7,富邦-台東,2023-11-07,9608
1524,耿鼎,7,1,6,富邦-台東,2023-11-07,9608
00929,復華台灣科技優息,6,0,6,富邦-台東,2023-11-07,9608
1795,美時,12,6,6,富邦-台東,2023-11-07,9608
2354,鴻準,6,0,6,富邦-台東,2023-11-07,9608
6472,保瑞,7,1,6,富邦-台東,2023-11-07,9608
8183,精星,9,3,6,富邦-台東,2023-11-07,9608
00715L,期街口布蘭特正2,5,0,5,富邦-台東,2023-11-07,9608
00891,中信關鍵半導體,5,0,5,富邦-台東,2023-11-07,9608
2344,華邦電,11,6,5,富邦-台東,2023-11-07,9608
2488,漢平,5,0,5,富邦-台東,2023-11-07,9608
2743,山富,5,0,5,富邦-台東,2023-11-07,9608
5243,乙盛-KY,5,0,5,富邦-台東,2023-11-07,9608
2915,潤泰全,5,0,5,富邦-台東,2023-11-07,9608
0056,元大高股息,4,0,4,富邦-台東,2023-11-07,9608
00720B,元大投資級公司債,4,0,4,富邦-台東,2023-11-07,9608
2020,美亞,4,0,4,富邦-台東,2023-11-07,9608
2324,仁寶,12,8,4,富邦-台東,2023-11-07,9608
3363,上詮,4,0,4,富邦-台東,2023-11-07,9608
3430,奇鈦科,4,0,4,富邦-台東,2023-11-07,9608
1319,東陽,5,2,3,富邦-台東,2023-11-07,9608
00933B,國泰10Y+金融債,3,0,3,富邦-台東,2023-11-07,9608
00931B,統一美債20年,3,0,3,富邦-台東,2023-11-07,9608
2356,英業達,29,26,3,富邦-台東,2023-11-07,9608
3105,穩懋,7,4,3,富邦-台東,2023-11-07,9608
6173,信昌電,4,1,3,富邦-台東,2023-11-07,9608
8110,華東,3,0,3,富邦-台東,2023-11-07,9608
4164,承業醫,191,41,150,富邦-台東,2023-11-08,9608
3363,上詮,103,5,98,富邦-台東,2023-11-08,9608
00878,國泰永續高股息,56,5,51,富邦-台東,2023-11-08,9608
00706L,期元大S＆P日圓正2,50,0,50,富邦-台東,2023-11-08,9608
2303,聯電,71,24,47,富邦-台東,2023-11-08,9608
00715L,期街口布蘭特正2,37,0,37,富邦-台東,2023-11-08,9608
5347,世界,33,1,32,富邦-台東,2023-11-08,9608
00934,中信成長高股息,30,0,30,富邦-台東,2023-11-08,9608
2363,矽統,77,50,27,富邦-台東,2023-11-08,9608
2618,長榮航,27,1,26,富邦-台東,2023-11-08,9608
3706,神達,38,13,25,富邦-台東,2023-11-08,9608
2609,陽明,16,0,16,富邦-台東,2023-11-08,9608
1584,精剛,15,0,15,富邦-台東,2023-11-08,9608
6470,宇智,25,12,13,富邦-台東,2023-11-08,9608
6278,台表科,12,0,12,富邦-台東,2023-11-08,9608
00929,復華台灣科技優息,16,5,11,富邦-台東,2023-11-08,9608
1314,中石化,10,0,10,富邦-台東,2023-11-08,9608
00632R,元大台灣50反1,10,0,10,富邦-台東,2023-11-08,9608
00919,群益台灣精選高息,10,0,10,富邦-台東,2023-11-08,9608
2344,華邦電,15,5,10,富邦-台東,2023-11-08,9608
2634,漢翔,15,5,10,富邦-台東,2023-11-08,9608
3563,牧德,10,0,10,富邦-台東,2023-11-08,9608
6591,動力-KY,10,0,10,富邦-台東,2023-11-08,9608
1815,富喬,16,7,9,富邦-台東,2023-11-08,9608
6191,精成科,9,0,9,富邦-台東,2023-11-08,9608
3622,洋華,9,0,9,富邦-台東,2023-11-08,9608
2002,中鋼,9,0,9,富邦-台東,2023-11-08,9608
4167,松瑞藥,8,0,8,富邦-台東,2023-11-08,9608
00936,台新永續高息中小,7,0,7,富邦-台東,2023-11-08,9608
2360,致茂,7,0,7,富邦-台東,2023-11-08,9608
3430,奇鈦科,7,0,7,富邦-台東,2023-11-08,9608
2891,中信金,6,0,6,富邦-台東,2023-11-08,9608
8358,金居,6,0,6,富邦-台東,2023-11-08,9608
9950,萬國通,6,0,6,富邦-台東,2023-11-08,9608
6901,鑽石投資,12,6,6,富邦-台東,2023-11-08,9608
00931B,統一美債20年,5,0,5,富邦-台東,2023-11-08,9608
00680L,元大美債20正2,5,0,5,富邦-台東,2023-11-08,9608
00631L,元大台灣50正2,5,0,5,富邦-台東,2023-11-08,9608
2014,中鴻,5,0,5,富邦-台東,2023-11-08,9608
2027,大成鋼,5,0,5,富邦-台東,2023-11-08,9608
2388,威盛,15,10,5,富邦-台東,2023-11-08,9608
6139,亞翔,6,1,5,富邦-台東,2023-11-08,9608
6285,啟��,6,1,5,富邦-台東,2023-11-08,9608
9911,櫻花,5,0,5,富邦-台東,2023-11-08,9608
2330,台積電,6,1,5,富邦-台東,2023-11-08,9608
6472,保瑞,4,0,4,富邦-台東,2023-11-08,9608
00772B,中信高評級公司債,4,0,4,富邦-台東,2023-11-08,9608
00713,元大台灣高息低波,4,0,4,富邦-台東,2023-11-08,9608
1795,美時,7,3,4,富邦-台東,2023-11-08,9608
2405,輔信,4,0,4,富邦-台東,2023-11-08,9608
00715L,期街口布蘭特正2,70,0,70,富邦-台東,2023-11-09,9608
00706L,期元大S＆P日圓正2,50,0,50,富邦-台東,2023-11-09,9608
00929,復華台灣科技優息,34,3,31,富邦-台東,2023-11-09,9608
1522,堤維西,26,0,26,富邦-台東,2023-11-09,9608
3013,晟銘電,31,5,26,富邦-台東,2023-11-09,9608
2303,聯電,23,1,22,富邦-台東,2023-11-09,9608
2331,精英,31,10,21,富邦-台東,2023-11-09,9608
6901,鑽石投資,23,2,21,富邦-台東,2023-11-09,9608
00850,元大臺灣ESG永續,20,0,20,富邦-台東,2023-11-09,9608
2371,大同,20,0,20,富邦-台東,2023-11-09,9608
3231,緯創,53,35,18,富邦-台東,2023-11-09,9608
00919,群益台灣精選高息,15,0,15,富邦-台東,2023-11-09,9608
2618,長榮航,37,23,14,富邦-台東,2023-11-09,9608
00936,台新永續高息中小,15,2,13,富邦-台東,2023-11-09,9608
2329,華泰,55,42,13,富邦-台東,2023-11-09,9608
2610,華航,48,35,13,富邦-台東,2023-11-09,9608
2498,宏達電,10,0,10,富邦-台東,2023-11-09,9608
3622,洋華,10,0,10,富邦-台東,2023-11-09,9608
5243,乙盛-KY,10,0,10,富邦-台東,2023-11-09,9608
6126,信音,10,0,10,富邦-台東,2023-11-09,9608
6244,茂迪,10,0,10,富邦-台東,2023-11-09,9608
1337,再生-KY,9,0,9,富邦-台東,2023-11-09,9608
6285,啟��,8,0,8,富邦-台東,2023-11-09,9608
2344,華邦電,8,0,8,富邦-台東,2023-11-09,9608
6243,迅杰,8,0,8,富邦-台東,2023-11-09,9608
6470,宇智,7,0,7,富邦-台東,2023-11-09,9608
2002,中鋼,6,0,6,富邦-台東,2023-11-09,9608
2399,映泰,11,5,6,富邦-台東,2023-11-09,9608
6443,元晶,6,0,6,富邦-台東,2023-11-09,9608
1609,大亞,6,1,5,富邦-台東,2023-11-09,9608
1540,喬福,5,0,5,富邦-台東,2023-11-09,9608
2324,仁寶,11,6,5,富邦-台東,2023-11-09,9608
2449,京元電子,10,5,5,富邦-台東,2023-11-09,9608
2465,麗臺,5,0,5,富邦-台東,2023-11-09,9608
2836,高雄銀,5,0,5,富邦-台東,2023-11-09,9608
3704,合勤控,10,5,5,富邦-台東,2023-11-09,9608
6161,捷波,5,0,5,富邦-台東,2023-11-09,9608
8033,雷虎,5,0,5,富邦-台東,2023-11-09,9608
9946,三發地產,5,0,5,富邦-台東,2023-11-09,9608
5289,宜鼎,5,1,4,富邦-台東,2023-11-09,9608
00878,國泰永續高股息,4,0,4,富邦-台東,2023-11-09,9608
5347,世界,4,0,4,富邦-台東,2023-11-09,9608
2884,玉山金,4,0,4,富邦-台東,2023-11-09,9608
4142,國光生,4,0,4,富邦-台東,2023-11-09,9608
8111,立��,4,0,4,富邦-台東,2023-11-09,9608
9941,裕融,4,0,4,富邦-台東,2023-11-09,9608
3228,金麗科,4,0,4,富邦-台東,2023-11-09,9608
2801,彰銀,3,0,3,富邦-台東,2023-11-09,9608
1314,中石化,3,0,3,富邦-台東,2023-11-09,9608
00935,野村臺灣新科技50,3,0,3,富邦-台東,2023-11-09,9608
00929,復華台灣科技優息,57,4,53,富邦-台東,2023-11-10,9608
6901,鑽石投資,42,4,38,富邦-台東,2023-11-10,9608
2363,矽統,62,39,23,富邦-台東,2023-11-10,9608
6278,台表科,21,0,21,富邦-台東,2023-11-10,9608
6244,茂迪,20,0,20,富邦-台東,2023-11-10,9608
6790,永豐實,19,0,19,富邦-台東,2023-11-10,9608
2353,宏��,43,27,16,富邦-台東,2023-11-10,9608
00878,國泰永續高股息,17,1,16,富邦-台東,2023-11-10,9608
9942,茂順,15,0,15,富邦-台東,2023-11-10,9608
1612,宏泰,11,0,11,富邦-台東,2023-11-10,9608
6446,藥華藥,11,0,11,富邦-台東,2023-11-10,9608
1611,中電,10,0,10,富邦-台東,2023-11-10,9608
1210,大成,9,0,9,富邦-台東,2023-11-10,9608
00936,台新永續高息中小,9,0,9,富邦-台東,2023-11-10,9608
00933B,國泰10Y+金融債,10,1,9,富邦-台東,2023-11-10,9608
2369,菱生,8,0,8,富邦-台東,2023-11-10,9608
00679B,元大美債20年,7,0,7,富邦-台東,2023-11-10,9608
2867,三商壽,7,0,7,富邦-台東,2023-11-10,9608
2543,皇昌,13,7,6,富邦-台東,2023-11-10,9608
3231,緯創,27,21,6,富邦-台東,2023-11-10,9608
6491,晶碩,6,0,6,富邦-台東,2023-11-10,9608
00919,群益台灣精選高息,6,0,6,富邦-台東,2023-11-10,9608
2465,麗臺,5,0,5,富邦-台東,2023-11-10,9608
00715L,期街口布蘭特正2,5,0,5,富邦-台東,2023-11-10,9608
00720B,元大投資級公司債,5,0,5,富邦-台東,2023-11-10,9608
2387,精元,5,0,5,富邦-台東,2023-11-10,9608
2888,新光金,5,0,5,富邦-台東,2023-11-10,9608
3105,穩懋,5,0,5,富邦-台東,2023-11-10,9608
3176,基亞,5,0,5,富邦-台東,2023-11-10,9608
3430,奇鈦科,5,0,5,富邦-台東,2023-11-10,9608
4147,中裕,5,0,5,富邦-台東,2023-11-10,9608
4167,松瑞藥,5,0,5,富邦-台東,2023-11-10,9608
6285,啟��,5,0,5,富邦-台東,2023-11-10,9608
1815,富喬,5,1,4,富邦-台東,2023-11-10,9608
2618,長榮航,4,0,4,富邦-台東,2023-11-10,9608
2748,雲品,6,2,4,富邦-台東,2023-11-10,9608
2816,旺旺保,4,0,4,富邦-台東,2023-11-10,9608
3693,營邦,4,0,4,富邦-台東,2023-11-10,9608
4142,國光生,6,2,4,富邦-台東,2023-11-10,9608
6156,松上,4,0,4,富邦-台東,2023-11-10,9608
6271,同欣電,4,0,4,富邦-台東,2023-11-10,9608
4743,合一,18,15,3,富邦-台東,2023-11-10,9608
3481,群創,3,0,3,富邦-台東,2023-11-10,9608
1319,東陽,3,0,3,富邦-台東,2023-11-10,9608
2344,華邦電,3,0,3,富邦-台東,2023-11-10,9608
2382,廣達,3,0,3,富邦-台東,2023-11-10,9608
3006,晶豪科,4,1,3,富邦-台東,2023-11-10,9608
3013,晟銘電,4,1,3,富邦-台東,2023-11-10,9608
3051,力特,3,0,3,富邦-台東,2023-11-10,9608
3305,昇貿,3,0,3,富邦-台東,2023-11-10,9608
2002,中鋼,58,0,58,富邦-台東,2023-11-13,9608
2501,國建,50,0,50,富邦-台東,2023-11-13,9608
0056,元大高股息,54,6,48,富邦-台東,2023-11-13,9608
2010,春源,40,0,40,富邦-台東,2023-11-13,9608
2369,菱生,44,8,36,富邦-台東,2023-11-13,9608
00936,台新永續高息中小,30,0,30,富邦-台東,2023-11-13,9608
2402,毅嘉,32,10,22,富邦-台東,2023-11-13,9608
1449,佳和,20,0,20,富邦-台東,2023-11-13,9608
2034,允強,20,0,20,富邦-台東,2023-11-13,9608
6901,鑽石投資,28,8,20,富邦-台東,2023-11-13,9608
4167,松瑞藥,20,1,19,富邦-台東,2023-11-13,9608
2025,千興,17,0,17,富邦-台東,2023-11-13,9608
3481,群創,16,0,16,富邦-台東,2023-11-13,9608
3430,奇鈦科,15,0,15,富邦-台東,2023-11-13,9608
2313,華通,32,20,12,富邦-台東,2023-11-13,9608
2382,廣達,13,2,11,富邦-台東,2023-11-13,9608
2886,兆豐金,10,0,10,富邦-台東,2023-11-13,9608
2399,映泰,11,1,10,富邦-台東,2023-11-13,9608
4105,東洋,10,0,10,富邦-台東,2023-11-13,9608
8110,華東,12,2,10,富邦-台東,2023-11-13,9608
2888,新光金,9,0,9,富邦-台東,2023-11-13,9608
3704,合勤控,10,2,8,富邦-台東,2023-11-13,9608
1210,大成,7,0,7,富邦-台東,2023-11-13,9608
2801,彰銀,7,0,7,富邦-台東,2023-11-13,9608
3036,文曄,7,0,7,富邦-台東,2023-11-13,9608
3231,緯創,38,31,7,富邦-台東,2023-11-13,9608
2303,聯電,41,35,6,富邦-台東,2023-11-13,9608
2618,長榮航,6,1,5,富邦-台東,2023-11-13,9608
00931B,統一美債20年,5,0,5,富邦-台東,2023-11-13,9608
00751B,元大AAA至A公司債,5,0,5,富邦-台東,2023-11-13,9608
2731,雄獅,5,0,5,富邦-台東,2023-11-13,9608
3466,德晉,5,0,5,富邦-台東,2023-11-13,9608
3703,欣陸,5,0,5,富邦-台東,2023-11-13,9608
4128,中天,7,2,5,富邦-台東,2023-11-13,9608
4129,聯合,5,0,5,富邦-台東,2023-11-13,9608
4147,中裕,5,0,5,富邦-台東,2023-11-13,9608
6237,驊訊,5,0,5,富邦-台東,2023-11-13,9608
6414,樺漢,5,0,5,富邦-台東,2023-11-13,9608
6703,軒郁,5,0,5,富邦-台東,2023-11-13,9608
8358,金居,5,0,5,富邦-台東,2023-11-13,9608
9950,萬國通,5,0,5,富邦-台東,2023-11-13,9608
6290,良維,6,2,4,富邦-台東,2023-11-13,9608
6805,富世達,6,2,4,富邦-台東,2023-11-13,9608
1815,富喬,4,0,4,富邦-台東,2023-11-13,9608
2324,仁寶,4,0,4,富邦-台東,2023-11-13,9608
2498,宏達電,4,0,4,富邦-台東,2023-11-13,9608
3041,揚智,4,0,4,富邦-台東,2023-11-13,9608
6443,元晶,4,0,4,富邦-台東,2023-11-13,9608
6122,擎邦,7,3,4,富邦-台東,2023-11-13,9608
2347,聯強,4,0,4,富邦-台東,2023-11-13,9608
00919,群益台灣精選高息,80,3,77,富邦-台東,2023-11-14,9608
00687B,國泰20年美債,75,0,75,富邦-台東,2023-11-14,9608
00936,台新永續高息中小,50,1,49,富邦-台東,2023-11-14,9608
3006,晶豪科,31,2,29,富邦-台東,2023-11-14,9608
2303,聯電,52,26,26,富邦-台東,2023-11-14,9608
00935,野村臺灣新科技50,24,0,24,富邦-台東,2023-11-14,9608
2369,菱生,23,0,23,富邦-台東,2023-11-14,9608
2417,圓剛,24,3,21,富邦-台東,2023-11-14,9608
2485,兆赫,22,1,21,富邦-台東,2023-11-14,9608
00850,元大臺灣ESG永續,20,0,20,富邦-台東,2023-11-14,9608
00632R,元大台灣50反1,20,0,20,富邦-台東,2023-11-14,9608
2344,華邦電,41,27,14,富邦-台東,2023-11-14,9608
3041,揚智,17,3,14,富邦-台東,2023-11-14,9608
5009,榮剛,15,1,14,富邦-台東,2023-11-14,9608
2801,彰銀,12,0,12,富邦-台東,2023-11-14,9608
00795B,中信美國公債20年,10,0,10,富邦-台東,2023-11-14,9608
1584,精剛,11,1,10,富邦-台東,2023-11-14,9608
4188,安克,10,0,10,富邦-台東,2023-11-14,9608
6282,康舒,10,0,10,富邦-台東,2023-11-14,9608
1609,大亞,10,1,9,富邦-台東,2023-11-14,9608
2356,英業達,13,4,9,富邦-台東,2023-11-14,9608
1568,倉佑,10,2,8,富邦-台東,2023-11-14,9608
1504,東元,8,1,7,富邦-台東,2023-11-14,9608
00675L,富邦臺灣加權正2,7,0,7,富邦-台東,2023-11-14,9608
6446,藥華藥,7,0,7,富邦-台東,2023-11-14,9608
1449,佳和,6,0,6,富邦-台東,2023-11-14,9608
2027,大成鋼,6,0,6,富邦-台東,2023-11-14,9608
2427,三商電,6,0,6,富邦-台東,2023-11-14,9608
2618,長榮航,12,6,6,富邦-台東,2023-11-14,9608
2748,雲品,6,0,6,富邦-台東,2023-11-14,9608
00897,富邦基因免疫生技,6,0,6,富邦-台東,2023-11-14,9608
1314,中石化,5,0,5,富邦-台東,2023-11-14,9608
1467,南緯,5,0,5,富邦-台東,2023-11-14,9608
1720,生達,5,0,5,富邦-台東,2023-11-14,9608
2204,中華,5,0,5,富邦-台東,2023-11-14,9608
2465,麗臺,5,0,5,富邦-台東,2023-11-14,9608
3372,典範,5,0,5,富邦-台東,2023-11-14,9608
3481,群創,5,0,5,富邦-台東,2023-11-14,9608
6117,迎廣,9,4,5,富邦-台東,2023-11-14,9608
6129,普誠,5,0,5,富邦-台東,2023-11-14,9608
6584,南俊國際,5,0,5,富邦-台東,2023-11-14,9608
9942,茂順,5,0,5,富邦-台東,2023-11-14,9608
9946,三發地產,5,0,5,富邦-台東,2023-11-14,9608
6593,台灣銘板,5,1,4,富邦-台東,2023-11-14,9608
00679B,元大美債20年,4,0,4,富邦-台東,2023-11-14,9608
2105,正新,5,1,4,富邦-台東,2023-11-14,9608
2354,鴻準,4,0,4,富邦-台東,2023-11-14,9608
2834,臺企銀,4,0,4,富邦-台東,2023-11-14,9608
2867,三商壽,4,0,4,富邦-台東,2023-11-14,9608
3231,緯創,18,14,4,富邦-台東,2023-11-14,9608
00751B,元大AAA至A公司債,65,0,65,富邦-台東,2023-11-15,9608
00772B,中信高評級公司債,61,0,61,富邦-台東,2023-11-15,9608
5301,寶得利,35,0,35,富邦-台東,2023-11-15,9608
00919,群益台灣精選高息,33,2,31,富邦-台東,2023-11-15,9608
00680L,元大美債20正2,34,3,31,富邦-台東,2023-11-15,9608
2884,玉山金,27,1,26,富邦-台東,2023-11-15,9608
2634,漢翔,20,0,20,富邦-台東,2023-11-15,9608
1584,精剛,18,2,16,富邦-台東,2023-11-15,9608
2324,仁寶,17,1,16,富邦-台東,2023-11-15,9608
00673R,期元大S＆P原油反1,15,0,15,富邦-台東,2023-11-15,9608
2363,矽統,59,44,15,富邦-台東,2023-11-15,9608
00878,國泰永續高股息,19,4,15,富邦-台東,2023-11-15,9608
8936,國統,15,1,14,富邦-台東,2023-11-15,9608
2353,宏��,13,0,13,富邦-台東,2023-11-15,9608
2408,南亞科,16,4,12,富邦-台東,2023-11-15,9608
1802,台玻,35,24,11,富邦-台東,2023-11-15,9608
2516,新建,11,0,11,富邦-台東,2023-11-15,9608
9928,中視,11,0,11,富邦-台東,2023-11-15,9608
00891,中信關鍵半導體,10,0,10,富邦-台東,2023-11-15,9608
2010,春源,10,0,10,富邦-台東,2023-11-15,9608
2885,元大金,10,0,10,富邦-台東,2023-11-15,9608
2603,長榮,13,4,9,富邦-台東,2023-11-15,9608
3094,聯傑,8,0,8,富邦-台東,2023-11-15,9608
2337,旺宏,11,4,7,富邦-台東,2023-11-15,9608
2618,長榮航,42,35,7,富邦-台東,2023-11-15,9608
6223,旺矽,10,3,7,富邦-台東,2023-11-15,9608
2313,華通,15,8,7,富邦-台東,2023-11-15,9608
2388,威盛,10,4,6,富邦-台東,2023-11-15,9608
2206,三陽工業,8,2,6,富邦-台東,2023-11-15,9608
3260,威剛,9,4,5,富邦-台東,2023-11-15,9608
00923,群益台ESG低碳50,5,0,5,富邦-台東,2023-11-15,9608
2355,敬鵬,11,6,5,富邦-台東,2023-11-15,9608
3122,笙泉,5,0,5,富邦-台東,2023-11-15,9608
3508,位速,5,0,5,富邦-台東,2023-11-15,9608
2308,台達電,4,0,4,富邦-台東,2023-11-15,9608
00764B,群益25年美債,4,0,4,富邦-台東,2023-11-15,9608
1515,力山,4,0,4,富邦-台東,2023-11-15,9608
3276,宇環,23,19,4,富邦-台東,2023-11-15,9608
3611,鼎翰,4,0,4,富邦-台東,2023-11-15,9608
4533,協易機,9,5,4,富邦-台東,2023-11-15,9608
5452,佶優,4,0,4,富邦-台東,2023-11-15,9608
2317,鴻海,19,15,4,富邦-台東,2023-11-15,9608
0056,元大高股息,17,14,3,富邦-台東,2023-11-15,9608
2449,京元電子,5,2,3,富邦-台東,2023-11-15,9608
2461,光群雷,3,0,3,富邦-台東,2023-11-15,9608
2880,華南金,13,10,3,富邦-台東,2023-11-15,9608
5210,寶碩,3,0,3,富邦-台東,2023-11-15,9608
3548,兆利,8,5,3,富邦-台東,2023-11-15,9608
2458,義隆,4,1,3,富邦-台東,2023-11-15,9608
00936,台新永續高息中小,2,0,2,富邦-台東,2023-11-15,9608
00706L,期元大S＆P日圓正2,50,0,50,富邦-台東,2023-11-16,9608
2303,聯電,41,1,40,富邦-台東,2023-11-16,9608
2344,華邦電,59,20,39,富邦-台東,2023-11-16,9608
00687B,國泰20年美債,34,0,34,富邦-台東,2023-11-16,9608
2367,燿華,33,7,26,富邦-台東,2023-11-16,9608
2609,陽明,20,0,20,富邦-台東,2023-11-16,9608
00715L,期街口布蘭特正2,20,3,17,富邦-台東,2023-11-16,9608
2371,大同,17,3,14,富邦-台東,2023-11-16,9608
2017,官田鋼,11,0,11,富邦-台東,2023-11-16,9608
8996,高力,11,0,11,富邦-台東,2023-11-16,9608
2723,美食-KY,10,0,10,富邦-台東,2023-11-16,9608
00679B,元大美債20年,19,10,9,富邦-台東,2023-11-16,9608
2337,旺宏,9,0,9,富邦-台東,2023-11-16,9608
3694,海華,9,0,9,富邦-台東,2023-11-16,9608
00680L,元大美債20正2,10,1,9,富邦-台東,2023-11-16,9608
3055,蔚華科,8,0,8,富邦-台東,2023-11-16,9608
00904,新光臺灣半導體30,7,0,7,富邦-台東,2023-11-16,9608
00632R,元大台灣50反1,7,0,7,富邦-台東,2023-11-16,9608
3006,晶豪科,11,4,7,富邦-台東,2023-11-16,9608
2324,仁寶,10,4,6,富邦-台東,2023-11-16,9608
006208,富邦台50,6,0,6,富邦-台東,2023-11-16,9608
1309,台達化,6,0,6,富邦-台東,2023-11-16,9608
2465,麗臺,6,0,6,富邦-台東,2023-11-16,9608
3231,緯創,20,15,5,富邦-台東,2023-11-16,9608
00648R,元大S＆P500反1,5,0,5,富邦-台東,2023-11-16,9608
00931B,統一美債20年,5,0,5,富邦-台東,2023-11-16,9608
4973,廣穎,5,0,5,富邦-台東,2023-11-16,9608
5014,建錩,5,0,5,富邦-台東,2023-11-16,9608
5460,同協,5,0,5,富邦-台東,2023-11-16,9608
6492,生華科,5,0,5,富邦-台東,2023-11-16,9608
9946,三發地產,5,0,5,富邦-台東,2023-11-16,9608
00919,群益台灣精選高息,5,1,4,富邦-台東,2023-11-16,9608
00934,中信成長高股息,4,0,4,富邦-台東,2023-11-16,9608
1101,台泥,4,0,4,富邦-台東,2023-11-16,9608
2353,宏��,4,0,4,富邦-台東,2023-11-16,9608
6443,元晶,13,9,4,富邦-台東,2023-11-16,9608
6451,訊芯-KY,4,0,4,富邦-台東,2023-11-16,9608
6790,永豐實,4,0,4,富邦-台東,2023-11-16,9608
3588,通嘉,5,2,3,富邦-台東,2023-11-16,9608
6531,愛普*,3,0,3,富邦-台東,2023-11-16,9608
1477,聚陽,3,0,3,富邦-台東,2023-11-16,9608
00923,群益台ESG低碳50,3,0,3,富邦-台東,2023-11-16,9608
00712,復華富時不動產,3,0,3,富邦-台東,2023-11-16,9608
1324,地球,16,13,3,富邦-台東,2023-11-16,9608
1582,信錦,5,2,3,富邦-台東,2023-11-16,9608
2402,毅嘉,5,2,3,富邦-台東,2023-11-16,9608
2436,偉詮電,7,4,3,富邦-台東,2023-11-16,9608
3013,晟銘電,3,0,3,富邦-台東,2023-11-16,9608
4164,承業醫,3,0,3,富邦-台東,2023-11-16,9608
4952,凌通,3,0,3,富邦-台東,2023-11-16,9608
2344,華邦電,60,9,51,富邦-台東,2023-11-17,9608
00642U,期元大S＆P石油,22,0,22,富邦-台東,2023-11-17,9608
00715L,期街口布蘭特正2,20,0,20,富邦-台東,2023-11-17,9608
00632R,元大台灣50反1,12,0,12,富邦-台東,2023-11-17,9608
6237,驊訊,12,0,12,富邦-台東,2023-11-17,9608
2405,輔信,12,1,11,富邦-台東,2023-11-17,9608
3122,笙泉,12,1,11,富邦-台東,2023-11-17,9608
8034,榮群,11,0,11,富邦-台東,2023-11-17,9608
2516,新建,21,10,11,富邦-台東,2023-11-17,9608
2485,兆赫,10,0,10,富邦-台東,2023-11-17,9608
2543,皇昌,35,25,10,富邦-台東,2023-11-17,9608
2609,陽明,10,0,10,富邦-台東,2023-11-17,9608
3176,基亞,10,0,10,富邦-台東,2023-11-17,9608
5469,瀚宇博,10,0,10,富邦-台東,2023-11-17,9608
6509,聚和,10,0,10,富邦-台東,2023-11-17,9608
2402,毅嘉,19,10,9,富邦-台東,2023-11-17,9608
2801,彰銀,9,0,9,富邦-台東,2023-11-17,9608
4979,華星光,9,1,8,富邦-台東,2023-11-17,9608
3483,力致,12,4,8,富邦-台東,2023-11-17,9608
1815,富喬,8,1,7,富邦-台東,2023-11-17,9608
3231,緯創,25,18,7,富邦-台東,2023-11-17,9608
2330,台積電,9,2,7,富邦-台東,2023-11-17,9608
2605,新興,6,0,6,富邦-台東,2023-11-17,9608
3041,揚智,12,6,6,富邦-台東,2023-11-17,9608
3624,光頡,6,0,6,富邦-台東,2023-11-17,9608
00929,復華台灣科技優息,24,19,5,富邦-台東,2023-11-17,9608
00680L,元大美債20正2,7,2,5,富邦-台東,2023-11-17,9608
00706L,期元大S＆P日圓正2,5,0,5,富邦-台東,2023-11-17,9608
2014,中鴻,10,5,5,富邦-台東,2023-11-17,9608
2329,華泰,16,11,5,富邦-台東,2023-11-17,9608
2371,大同,10,5,5,富邦-台東,2023-11-17,9608
2417,圓剛,14,9,5,富邦-台東,2023-11-17,9608
2440,太空梭,5,0,5,富邦-台東,2023-11-17,9608
2603,長榮,6,1,5,富邦-台東,2023-11-17,9608
4503,金雨,5,0,5,富邦-台東,2023-11-17,9608
4743,合一,5,0,5,富邦-台東,2023-11-17,9608
8011,台通,5,0,5,富邦-台東,2023-11-17,9608
3037,欣興,8,3,5,富邦-台東,2023-11-17,9608
00931B,統一美債20年,4,0,4,富邦-台東,2023-11-17,9608
00712,復華富時不動產,4,0,4,富邦-台東,2023-11-17,9608
2498,宏達電,5,1,4,富邦-台東,2023-11-17,9608
3032,偉訓,4,0,4,富邦-台東,2023-11-17,9608
3276,宇環,11,7,4,富邦-台東,2023-11-17,9608
2388,威盛,31,27,4,富邦-台東,2023-11-17,9608
3260,威剛,3,0,3,富邦-台東,2023-11-17,9608
1720,生達,3,0,3,富邦-台東,2023-11-17,9608
2312,金寶,6,3,3,富邦-台東,2023-11-17,9608
6116,彩晶,103,100,3,富邦-台東,2023-11-17,9608
1519,華城,3,0,3,富邦-台東,2023-11-17,9608
1568,倉佑,5,2,3,富邦-台東,2023-11-17,9608
2618,長榮航,91,0,91,富邦-台東,2023-11-20,9608
00929,復華台灣科技優息,69,2,67,富邦-台東,2023-11-20,9608
1598,岱宇,60,0,60,富邦-台東,2023-11-20,9608
2303,聯電,83,44,39,富邦-台東,2023-11-20,9608
2609,陽明,31,0,31,富邦-台東,2023-11-20,9608
2883,凱基金,31,0,31,富邦-台東,2023-11-20,9608
00894,中信小資高價30,30,0,30,富邦-台東,2023-11-20,9608
00680L,元大美債20正2,20,0,20,富邦-台東,2023-11-20,9608
3363,上詮,40,20,20,富邦-台東,2023-11-20,9608
2367,燿華,21,4,17,富邦-台東,2023-11-20,9608
3231,緯創,39,24,15,富邦-台東,2023-11-20,9608
2025,千興,15,0,15,富邦-台東,2023-11-20,9608
00665L,富邦�琤肭磪囓�2,14,0,14,富邦-台東,2023-11-20,9608
2382,廣達,15,2,13,富邦-台東,2023-11-20,9608
6168,宏齊,12,0,12,富邦-台東,2023-11-20,9608
2337,旺宏,12,1,11,富邦-台東,2023-11-20,9608
00932,兆豐永續高息等權,10,0,10,富邦-台東,2023-11-20,9608
2353,宏��,12,2,10,富邦-台東,2023-11-20,9608
2408,南亞科,14,4,10,富邦-台東,2023-11-20,9608
2610,華航,20,10,10,富邦-台東,2023-11-20,9608
2330,台積電,9,0,9,富邦-台東,2023-11-20,9608
2406,國碩,9,0,9,富邦-台東,2023-11-20,9608
3035,智原,13,4,9,富邦-台東,2023-11-20,9608
5469,瀚宇博,9,0,9,富邦-台東,2023-11-20,9608
6606,建德工業,9,0,9,富邦-台東,2023-11-20,9608
00931B,統一美債20年,8,0,8,富邦-台東,2023-11-20,9608
00885,富邦越南,8,0,8,富邦-台東,2023-11-20,9608
2462,良得電,15,7,8,富邦-台東,2023-11-20,9608
2801,彰銀,8,0,8,富邦-台東,2023-11-20,9608
00687B,國泰20年美債,7,0,7,富邦-台東,2023-11-20,9608
1339,昭輝,7,0,7,富邦-台東,2023-11-20,9608
2344,華邦電,29,22,7,富邦-台東,2023-11-20,9608
6509,聚和,7,0,7,富邦-台東,2023-11-20,9608
6770,力積電,9,2,7,富邦-台東,2023-11-20,9608
00878,國泰永續高股息,7,1,6,富邦-台東,2023-11-20,9608
00882,中信中國高股息,6,0,6,富邦-台東,2023-11-20,9608
1402,遠東新,6,0,6,富邦-台東,2023-11-20,9608
2520,冠德,6,0,6,富邦-台東,2023-11-20,9608
6127,九豪,7,1,6,富邦-台東,2023-11-20,9608
2363,矽統,29,23,6,富邦-台東,2023-11-20,9608
00919,群益台灣精選高息,5,0,5,富邦-台東,2023-11-20,9608
00673R,期元大S＆P原油反1,5,0,5,富邦-台東,2023-11-20,9608
2258,鴻華先進-創,5,0,5,富邦-台東,2023-11-20,9608
2301,光寶科,13,8,5,富邦-台東,2023-11-20,9608
2356,英業達,13,8,5,富邦-台東,2023-11-20,9608
6188,廣明,5,0,5,富邦-台東,2023-11-20,9608
6270,倍微,5,0,5,富邦-台東,2023-11-20,9608
2543,皇昌,27,23,4,富邦-台東,2023-11-20,9608
8086,宏捷科,5,1,4,富邦-台東,2023-11-20,9608
1101,台泥,5,1,4,富邦-台東,2023-11-20,9608
00929,復華台灣科技優息,106,65,41,富邦-台東,2023-11-21,9608
2344,華邦電,50,14,36,富邦-台東,2023-11-21,9608
2618,長榮航,53,25,28,富邦-台東,2023-11-21,9608
3693,營邦,28,1,27,富邦-台東,2023-11-21,9608
00632R,元大台灣50反1,27,0,27,富邦-台東,2023-11-21,9608
3483,力致,30,6,24,富邦-台東,2023-11-21,9608
00751B,元大AAA至A公司債,21,0,21,富邦-台東,2023-11-21,9608
3710,連展投控,20,0,20,富邦-台東,2023-11-21,9608
3051,力特,20,2,18,富邦-台東,2023-11-21,9608
2308,台達電,15,0,15,富邦-台東,2023-11-21,9608
2356,英業達,35,20,15,富邦-台東,2023-11-21,9608
6125,廣運,31,16,15,富邦-台東,2023-11-21,9608
6168,宏齊,15,2,13,富邦-台東,2023-11-21,9608
2603,長榮,12,0,12,富邦-台東,2023-11-21,9608
2462,良得電,11,0,11,富邦-台東,2023-11-21,9608
6606,建德工業,11,0,11,富邦-台東,2023-11-21,9608
00637L,元大滬深300正2,10,0,10,富邦-台東,2023-11-21,9608
2485,兆赫,10,0,10,富邦-台東,2023-11-21,9608
2605,新興,10,0,10,富邦-台東,2023-11-21,9608
2913,農林,10,0,10,富邦-台東,2023-11-21,9608
3025,星通,11,1,10,富邦-台東,2023-11-21,9608
3266,昇陽,12,2,10,富邦-台東,2023-11-21,9608
8163,達方,10,0,10,富邦-台東,2023-11-21,9608
5425,台半,9,0,9,富邦-台東,2023-11-21,9608
3041,揚智,17,9,8,富邦-台東,2023-11-21,9608
6285,啟��,10,2,8,富邦-台東,2023-11-21,9608
2337,旺宏,10,3,7,富邦-台東,2023-11-21,9608
3006,晶豪科,7,0,7,富邦-台東,2023-11-21,9608
3217,優群,7,0,7,富邦-台東,2023-11-21,9608
9941,裕融,7,0,7,富邦-台東,2023-11-21,9608
2353,宏��,10,4,6,富邦-台東,2023-11-21,9608
3047,訊舟,11,5,6,富邦-台東,2023-11-21,9608
3056,富華新,6,0,6,富邦-台東,2023-11-21,9608
3163,波若威,6,0,6,富邦-台東,2023-11-21,9608
3481,群創,10,4,6,富邦-台東,2023-11-21,9608
5243,乙盛-KY,6,0,6,富邦-台東,2023-11-21,9608
8028,昇陽半導體,6,0,6,富邦-台東,2023-11-21,9608
5351,鈺創,20,14,6,富邦-台東,2023-11-21,9608
2449,京元電子,8,2,6,富邦-台東,2023-11-21,9608
2301,光寶科,17,12,5,富邦-台東,2023-11-21,9608
2498,宏達電,5,0,5,富邦-台東,2023-11-21,9608
2607,榮運,5,0,5,富邦-台東,2023-11-21,9608
3189,景碩,5,0,5,富邦-台東,2023-11-21,9608
4167,松瑞藥,5,0,5,富邦-台東,2023-11-21,9608
4729,熒茂,5,0,5,富邦-台東,2023-11-21,9608
4945,陞達科技,5,0,5,富邦-台東,2023-11-21,9608
6108,競國,5,0,5,富邦-台東,2023-11-21,9608
8011,台通,5,0,5,富邦-台東,2023-11-21,9608
8038,長園科,5,0,5,富邦-台東,2023-11-21,9608
0056,元大高股息,15,11,4,富邦-台東,2023-11-21,9608
2405,輔信,3213,2276,937,富邦-台東,2023-11-22,9608
8163,達方,45,0,45,富邦-台東,2023-11-22,9608
3701,大眾控,48,4,44,富邦-台東,2023-11-22,9608
4938,和碩,42,0,42,富邦-台東,2023-11-22,9608
2610,華航,60,26,34,富邦-台東,2023-11-22,9608
2371,大同,30,0,30,富邦-台東,2023-11-22,9608
2801,彰銀,29,0,29,富邦-台東,2023-11-22,9608
00751B,元大AAA至A公司債,20,0,20,富邦-台東,2023-11-22,9608
3047,訊舟,40,20,20,富邦-台東,2023-11-22,9608
9907,統一實,20,0,20,富邦-台東,2023-11-22,9608
2884,玉山金,22,4,18,富邦-台東,2023-11-22,9608
00905,FT臺灣Smart,18,0,18,富邦-台東,2023-11-22,9608
3545,敦泰,20,4,16,富邦-台東,2023-11-22,9608
00632R,元大台灣50反1,35,22,13,富邦-台東,2023-11-22,9608
3005,神基,18,6,12,富邦-台東,2023-11-22,9608
00878,國泰永續高股息,12,2,10,富邦-台東,2023-11-22,9608
1514,亞力,10,0,10,富邦-台東,2023-11-22,9608
00679B,元大美債20年,10,0,10,富邦-台東,2023-11-22,9608
2867,三商壽,10,0,10,富邦-台東,2023-11-22,9608
2888,新光金,10,0,10,富邦-台東,2023-11-22,9608
3037,欣興,10,1,9,富邦-台東,2023-11-22,9608
2353,宏��,9,0,9,富邦-台東,2023-11-22,9608
3715,定穎投控,13,4,9,富邦-台東,2023-11-22,9608
0056,元大高股息,8,0,8,富邦-台東,2023-11-22,9608
2312,金寶,10,2,8,富邦-台東,2023-11-22,9608
2516,新建,12,5,7,富邦-台東,2023-11-22,9608
3706,神達,13,6,7,富邦-台東,2023-11-22,9608
5706,鳳凰,37,30,7,富邦-台東,2023-11-22,9608
6418,詠昇,7,0,7,富邦-台東,2023-11-22,9608
2363,矽統,38,31,7,富邦-台東,2023-11-22,9608
2301,光寶科,11,5,6,富邦-台東,2023-11-22,9608
00921,兆豐龍頭等權重,6,0,6,富邦-台東,2023-11-22,9608
00655L,國泰中國A50正2,6,0,6,富邦-台東,2023-11-22,9608
00772B,中信高評級公司債,6,0,6,富邦-台東,2023-11-22,9608
2313,華通,21,15,6,富邦-台東,2023-11-22,9608
3372,典範,9,3,6,富邦-台東,2023-11-22,9608
3402,漢科,6,0,6,富邦-台東,2023-11-22,9608
2330,台積電,6,0,6,富邦-台東,2023-11-22,9608
00675L,富邦臺灣加權正2,5,0,5,富邦-台東,2023-11-22,9608
3406,玉晶光,5,0,5,富邦-台東,2023-11-22,9608
3504,揚明光,5,0,5,富邦-台東,2023-11-22,9608
5234,達興材料,5,0,5,富邦-台東,2023-11-22,9608
6613,朋億*,5,0,5,富邦-台東,2023-11-22,9608
00919,群益台灣精選高息,5,0,5,富邦-台東,2023-11-22,9608
3228,金麗科,5,1,4,富邦-台東,2023-11-22,9608
2344,華邦電,15,11,4,富邦-台東,2023-11-22,9608
2883,凱基金,24,20,4,富邦-台東,2023-11-22,9608
3032,偉訓,5,1,4,富邦-台東,2023-11-22,9608
5876,上海商銀,4,0,4,富邦-台東,2023-11-22,9608
2382,廣達,9,6,3,富邦-台東,2023-11-22,9608
2371,大同,145,15,130,富邦-台東,2023-11-23,9608
2303,聯電,70,2,68,富邦-台東,2023-11-23,9608
5880,合庫金,57,2,55,富邦-台東,2023-11-23,9608
00680L,元大美債20正2,51,0,51,富邦-台東,2023-11-23,9608
00929,復華台灣科技優息,61,14,47,富邦-台東,2023-11-23,9608
3078,僑威,51,15,36,富邦-台東,2023-11-23,9608
00919,群益台灣精選高息,38,4,34,富邦-台東,2023-11-23,9608
3483,力致,35,3,32,富邦-台東,2023-11-23,9608
00878,國泰永續高股息,23,0,23,富邦-台東,2023-11-23,9608
2382,廣達,26,3,23,富邦-台東,2023-11-23,9608
2449,京元電子,21,0,21,富邦-台東,2023-11-23,9608
1522,堤維西,20,1,19,富邦-台東,2023-11-23,9608
6411,晶焱,20,1,19,富邦-台東,2023-11-23,9608
3450,聯鈞,21,3,18,富邦-台東,2023-11-23,9608
2206,三陽工業,20,2,18,富邦-台東,2023-11-23,9608
2344,華邦電,33,18,15,富邦-台東,2023-11-23,9608
2801,彰銀,14,0,14,富邦-台東,2023-11-23,9608
6282,康舒,35,22,13,富邦-台東,2023-11-23,9608
3037,欣興,13,0,13,富邦-台東,2023-11-23,9608
9105,泰金寶-DR,20,8,12,富邦-台東,2023-11-23,9608
1565,精華,11,0,11,富邦-台東,2023-11-23,9608
6125,廣運,17,6,11,富邦-台東,2023-11-23,9608
3231,緯創,55,45,10,富邦-台東,2023-11-23,9608
00882,中信中國高股息,10,0,10,富邦-台東,2023-11-23,9608
3710,連展投控,10,0,10,富邦-台東,2023-11-23,9608
6494,九齊,10,0,10,富邦-台東,2023-11-23,9608
6285,啟��,10,1,9,富邦-台東,2023-11-23,9608
3169,亞信,9,1,8,富邦-台東,2023-11-23,9608
3430,奇鈦科,8,0,8,富邦-台東,2023-11-23,9608
5471,松翰,10,2,8,富邦-台東,2023-11-23,9608
00921,兆豐龍頭等權重,7,0,7,富邦-台東,2023-11-23,9608
6026,福邦證,7,0,7,富邦-台東,2023-11-23,9608
6243,迅杰,15,8,7,富邦-台東,2023-11-23,9608
5210,寶碩,11,4,7,富邦-台東,2023-11-23,9608
2330,台積電,6,0,6,富邦-台東,2023-11-23,9608
6275,元山,6,0,6,富邦-台東,2023-11-23,9608
6593,台灣銘板,9,3,6,富邦-台東,2023-11-23,9608
00927,群益半導體收益,5,0,5,富邦-台東,2023-11-23,9608
00932,兆豐永續高息等權,5,0,5,富邦-台東,2023-11-23,9608
00931B,統一美債20年,5,0,5,富邦-台東,2023-11-23,9608
00706L,期元大S＆P日圓正2,5,0,5,富邦-台東,2023-11-23,9608
1609,大亞,5,0,5,富邦-台東,2023-11-23,9608
2369,菱生,5,0,5,富邦-台東,2023-11-23,9608
2399,映泰,5,0,5,富邦-台東,2023-11-23,9608
2404,漢唐,5,0,5,富邦-台東,2023-11-23,9608
2891,中信金,5,0,5,富邦-台東,2023-11-23,9608
3032,偉訓,11,6,5,富邦-台東,2023-11-23,9608
3372,典範,6,1,5,富邦-台東,2023-11-23,9608
4906,正文,5,0,5,富邦-台東,2023-11-23,9608
4908,前鼎,5,0,5,富邦-台東,2023-11-23,9608
00680L,元大美債20正2,57,0,57,富邦-台東,2023-11-24,9608
00933B,國泰10Y+金融債,24,0,24,富邦-台東,2023-11-24,9608
2888,新光金,23,1,22,富邦-台東,2023-11-24,9608
912000,晨訊科-DR,20,0,20,富邦-台東,2023-11-24,9608
9136,巨騰-DR,16,0,16,富邦-台東,2023-11-24,9608
1605,華新,26,11,15,富邦-台東,2023-11-24,9608
00665L,富邦�琤肭磪囓�2,15,1,14,富邦-台東,2023-11-24,9608
00637L,元大滬深300正2,13,0,13,富邦-台東,2023-11-24,9608
2405,輔信,11,0,11,富邦-台東,2023-11-24,9608
00795B,中信美國公債20年,10,0,10,富邦-台東,2023-11-24,9608
1522,堤維西,10,0,10,富邦-台東,2023-11-24,9608
2610,華航,13,3,10,富邦-台東,2023-11-24,9608
2867,三商壽,10,0,10,富邦-台東,2023-11-24,9608
3379,彬台,10,0,10,富邦-台東,2023-11-24,9608
6606,建德工業,10,0,10,富邦-台東,2023-11-24,9608
00929,復華台灣科技優息,12,2,10,富邦-台東,2023-11-24,9608
2498,宏達電,9,0,9,富邦-台東,2023-11-24,9608
2516,新建,9,0,9,富邦-台東,2023-11-24,9608
2883,凱基金,24,15,9,富邦-台東,2023-11-24,9608
6703,軒郁,8,0,8,富邦-台東,2023-11-24,9608
5347,世界,12,4,8,富邦-台東,2023-11-24,9608
00931B,統一美債20年,7,0,7,富邦-台東,2023-11-24,9608
00679B,元大美債20年,7,0,7,富邦-台東,2023-11-24,9608
3006,晶豪科,12,5,7,富邦-台東,2023-11-24,9608
3032,偉訓,7,0,7,富邦-台東,2023-11-24,9608
5706,鳳凰,8,1,7,富邦-台東,2023-11-24,9608
6811,宏�硌穈T,7,0,7,富邦-台東,2023-11-24,9608
6139,亞翔,6,0,6,富邦-台東,2023-11-24,9608
1339,昭輝,6,0,6,富邦-台東,2023-11-24,9608
00888,永豐台灣ESG,6,0,6,富邦-台東,2023-11-24,9608
00720B,元大投資級公司債,5,0,5,富邦-台東,2023-11-24,9608
1612,宏泰,5,0,5,富邦-台東,2023-11-24,9608
1616,億泰,5,0,5,富邦-台東,2023-11-24,9608
2355,敬鵬,6,1,5,富邦-台東,2023-11-24,9608
2369,菱生,5,0,5,富邦-台東,2023-11-24,9608
2399,映泰,5,0,5,富邦-台東,2023-11-24,9608
2633,台灣高鐵,5,0,5,富邦-台東,2023-11-24,9608
2748,雲品,5,0,5,富邦-台東,2023-11-24,9608
3041,揚智,14,9,5,富邦-台東,2023-11-24,9608
3169,亞信,5,0,5,富邦-台東,2023-11-24,9608
3260,威剛,5,0,5,富邦-台東,2023-11-24,9608
4953,緯軟,5,0,5,富邦-台東,2023-11-24,9608
6117,迎廣,7,2,5,富邦-台東,2023-11-24,9608
6191,精成科,5,0,5,富邦-台東,2023-11-24,9608
6222,上揚,5,0,5,富邦-台東,2023-11-24,9608
6667,信紘科,6,1,5,富邦-台東,2023-11-24,9608
6278,台表科,5,0,5,富邦-台東,2023-11-24,9608
2002,中鋼,6,1,5,富邦-台東,2023-11-24,9608
00934,中信成長高股息,4,0,4,富邦-台東,2023-11-24,9608
00885,富邦越南,3,0,3,富邦-台東,2023-11-24,9608
00637L,元大滬深300正2,70,0,70,富邦-台東,2023-11-27,9608
5210,寶碩,63,0,63,富邦-台東,2023-11-27,9608
2883,凱基金,65,5,60,富邦-台東,2023-11-27,9608
6282,康舒,49,1,48,富邦-台東,2023-11-27,9608
00674R,期元大S＆P黃金反1,35,0,35,富邦-台東,2023-11-27,9608
2634,漢翔,39,12,27,富邦-台東,2023-11-27,9608
00919,群益台灣精選高息,26,1,25,富邦-台東,2023-11-27,9608
00665L,富邦�琤肭磪囓�2,20,0,20,富邦-台東,2023-11-27,9608
00878,國泰永續高股息,20,0,20,富邦-台東,2023-11-27,9608
2329,華泰,16,0,16,富邦-台東,2023-11-27,9608
1513,中興電,23,7,16,富邦-台東,2023-11-27,9608
2609,陽明,15,0,15,富邦-台東,2023-11-27,9608
00679B,元大美債20年,15,1,14,富邦-台東,2023-11-27,9608
00680L,元大美債20正2,14,0,14,富邦-台東,2023-11-27,9608
2816,旺旺保,16,2,14,富邦-台東,2023-11-27,9608
00632R,元大台灣50反1,33,20,13,富邦-台東,2023-11-27,9608
2610,華航,15,3,12,富邦-台東,2023-11-27,9608
2801,彰銀,12,0,12,富邦-台東,2023-11-27,9608
00772B,中信高評級公司債,10,0,10,富邦-台東,2023-11-27,9608
1598,岱宇,10,0,10,富邦-台東,2023-11-27,9608
2701,萬企,10,0,10,富邦-台東,2023-11-27,9608
2706,第一店,10,0,10,富邦-台東,2023-11-27,9608
2888,新光金,10,0,10,富邦-台東,2023-11-27,9608
5236,凌陽創新,10,0,10,富邦-台東,2023-11-27,9608
3005,神基,10,0,10,富邦-台東,2023-11-27,9608
3437,榮創,18,9,9,富邦-台東,2023-11-27,9608
6139,亞翔,9,0,9,富邦-台東,2023-11-27,9608
9941,裕融,12,4,8,富邦-台東,2023-11-27,9608
2382,廣達,20,13,7,富邦-台東,2023-11-27,9608
4105,東洋,8,1,7,富邦-台東,2023-11-27,9608
2303,聯電,22,16,6,富邦-台東,2023-11-27,9608
1319,東陽,10,4,6,富邦-台東,2023-11-27,9608
00931B,統一美債20年,6,0,6,富邦-台東,2023-11-27,9608
2605,新興,7,1,6,富邦-台東,2023-11-27,9608
4167,松瑞藥,14,8,6,富邦-台東,2023-11-27,9608
5351,鈺創,12,6,6,富邦-台東,2023-11-27,9608
6274,台燿,7,1,6,富邦-台東,2023-11-27,9608
00929,復華台灣科技優息,9,4,5,富邦-台東,2023-11-27,9608
00935,野村臺灣新科技50,5,0,5,富邦-台東,2023-11-27,9608
00923,群益台ESG低碳50,6,1,5,富邦-台東,2023-11-27,9608
00687B,國泰20年美債,5,0,5,富邦-台東,2023-11-27,9608
3013,晟銘電,6,1,5,富邦-台東,2023-11-27,9608
3623,富晶通,5,0,5,富邦-台東,2023-11-27,9608
2324,仁寶,14,9,5,富邦-台東,2023-11-27,9608
2903,遠百,5,1,4,富邦-台東,2023-11-27,9608
3217,優群,4,0,4,富邦-台東,2023-11-27,9608
00720B,元大投資級公司債,4,0,4,富邦-台東,2023-11-27,9608
2002,中鋼,4,0,4,富邦-台東,2023-11-27,9608
3036,文曄,4,0,4,富邦-台東,2023-11-27,9608
6579,研揚,4,0,4,富邦-台東,2023-11-27,9608
2027,大成鋼,102,0,102,富邦-台東,2023-11-28,9608
2612,中航,334,263,71,富邦-台東,2023-11-28,9608
1101,台泥,74,5,69,富邦-台東,2023-11-28,9608
2363,矽統,56,18,38,富邦-台東,2023-11-28,9608
00919,群益台灣精選高息,37,0,37,富邦-台東,2023-11-28,9608
00632R,元大台灣50反1,40,4,36,富邦-台東,2023-11-28,9608
2201,裕隆,20,0,20,富邦-台東,2023-11-28,9608
2618,長榮航,64,44,20,富邦-台東,2023-11-28,9608
2801,彰銀,19,1,18,富邦-台東,2023-11-28,9608
5351,鈺創,16,1,15,富邦-台東,2023-11-28,9608
1734,杏輝,14,0,14,富邦-台東,2023-11-28,9608
1905,華紙,20,6,14,富邦-台東,2023-11-28,9608
3305,昇貿,16,2,14,富邦-台東,2023-11-28,9608
00885,富邦越南,13,0,13,富邦-台東,2023-11-28,9608
2308,台達電,15,2,13,富邦-台東,2023-11-28,9608
1605,華新,14,2,12,富邦-台東,2023-11-28,9608
4155,訊映,12,0,12,富邦-台東,2023-11-28,9608
3231,緯創,14,3,11,富邦-台東,2023-11-28,9608
1815,富喬,10,0,10,富邦-台東,2023-11-28,9608
1907,永豐餘,10,0,10,富邦-台東,2023-11-28,9608
2105,正新,10,0,10,富邦-台東,2023-11-28,9608
2323,中環,10,0,10,富邦-台東,2023-11-28,9608
2816,旺旺保,10,0,10,富邦-台東,2023-11-28,9608
2834,臺企銀,10,0,10,富邦-台東,2023-11-28,9608
3122,笙泉,13,3,10,富邦-台東,2023-11-28,9608
8358,金居,10,0,10,富邦-台東,2023-11-28,9608
2382,廣達,8,1,7,富邦-台東,2023-11-28,9608
2436,偉詮電,10,3,7,富邦-台東,2023-11-28,9608
6245,立端,9,3,6,富邦-台東,2023-11-28,9608
5347,世界,11,5,6,富邦-台東,2023-11-28,9608
2355,敬鵬,11,5,6,富邦-台東,2023-11-28,9608
2371,大同,14,8,6,富邦-台東,2023-11-28,9608
2412,中華電,6,0,6,富邦-台東,2023-11-28,9608
8403,盛弘,6,0,6,富邦-台東,2023-11-28,9608
2606,裕民,39,33,6,富邦-台東,2023-11-28,9608
2489,瑞軒,5,0,5,富邦-台東,2023-11-28,9608
1314,中石化,5,0,5,富邦-台東,2023-11-28,9608
020023,元大櫃買半導體N,5,0,5,富邦-台東,2023-11-28,9608
00752,中信中國50,5,0,5,富邦-台東,2023-11-28,9608
1701,中化,5,0,5,富邦-台東,2023-11-28,9608
2734,易飛網,5,0,5,富邦-台東,2023-11-28,9608
3032,偉訓,5,0,5,富邦-台東,2023-11-28,9608
4133,亞諾法,7,2,5,富邦-台東,2023-11-28,9608
8415,大國鋼,5,0,5,富邦-台東,2023-11-28,9608
2603,長榮,4,0,4,富邦-台東,2023-11-28,9608
3373,熱映,8,4,4,富邦-台東,2023-11-28,9608
6173,信昌電,7,3,4,富邦-台東,2023-11-28,9608
9919,康那香,24,20,4,富邦-台東,2023-11-28,9608
3406,玉晶光,4,1,3,富邦-台東,2023-11-28,9608
8383,千附,3,0,3,富邦-台東,2023-11-28,9608
2618,長榮航,73,1,72,富邦-台東,2023-11-29,9608
2816,旺旺保,31,1,30,富邦-台東,2023-11-29,9608
3090,日電貿,30,0,30,富邦-台東,2023-11-29,9608
2462,良得電,21,0,21,富邦-台東,2023-11-29,9608
00929,復華台灣科技優息,23,4,19,富邦-台東,2023-11-29,9608
00673R,期元大S＆P原油反1,17,0,17,富邦-台東,2023-11-29,9608
2886,兆豐金,17,0,17,富邦-台東,2023-11-29,9608
3231,緯創,24,8,16,富邦-台東,2023-11-29,9608
2610,華航,16,0,16,富邦-台東,2023-11-29,9608
6125,廣運,18,2,16,富邦-台東,2023-11-29,9608
00882,中信中國高股息,15,0,15,富邦-台東,2023-11-29,9608
2049,上銀,13,0,13,富邦-台東,2023-11-29,9608
8054,安國,19,6,13,富邦-台東,2023-11-29,9608
6111,大宇資,17,5,12,富邦-台東,2023-11-29,9608
1612,宏泰,11,0,11,富邦-台東,2023-11-29,9608
2801,彰銀,11,0,11,富邦-台東,2023-11-29,9608
4973,廣穎,11,0,11,富邦-台東,2023-11-29,9608
2206,三陽工業,10,0,10,富邦-台東,2023-11-29,9608
00722B,群益投資級電信債,10,0,10,富邦-台東,2023-11-29,9608
2105,正新,10,0,10,富邦-台東,2023-11-29,9608
2439,美律,10,0,10,富邦-台東,2023-11-29,9608
6239,力成,12,2,10,富邦-台東,2023-11-29,9608
6438,迅得,10,0,10,富邦-台東,2023-11-29,9608
8011,台通,10,0,10,富邦-台東,2023-11-29,9608
2401,凌陽,12,3,9,富邦-台東,2023-11-29,9608
6104,創惟,10,1,9,富邦-台東,2023-11-29,9608
00687B,國泰20年美債,10,2,8,富邦-台東,2023-11-29,9608
00713,元大台灣高息低波,8,0,8,富邦-台東,2023-11-29,9608
2382,廣達,7,0,7,富邦-台東,2023-11-29,9608
4906,正文,17,10,7,富邦-台東,2023-11-29,9608
8096,擎亞,7,0,7,富邦-台東,2023-11-29,9608
5483,中美晶,20,13,7,富邦-台東,2023-11-29,9608
1514,亞力,6,0,6,富邦-台東,2023-11-29,9608
2520,冠德,6,0,6,富邦-台東,2023-11-29,9608
2834,臺企銀,6,0,6,富邦-台東,2023-11-29,9608
00650L,復華香港正2,5,0,5,富邦-台東,2023-11-29,9608
00637L,元大滬深300正2,5,0,5,富邦-台東,2023-11-29,9608
2314,台揚,5,0,5,富邦-台東,2023-11-29,9608
2337,旺宏,5,0,5,富邦-台東,2023-11-29,9608
2516,新建,5,0,5,富邦-台東,2023-11-29,9608
2734,易飛網,5,0,5,富邦-台東,2023-11-29,9608
3266,昇陽,5,0,5,富邦-台東,2023-11-29,9608
3645,達邁,5,0,5,富邦-台東,2023-11-29,9608
5243,乙盛-KY,5,0,5,富邦-台東,2023-11-29,9608
5880,合庫金,12,7,5,富邦-台東,2023-11-29,9608
2425,承啟,4,0,4,富邦-台東,2023-11-29,9608
2515,中工,4,0,4,富邦-台東,2023-11-29,9608
3625,西勝,4,0,4,富邦-台東,2023-11-29,9608
5292,華懋,5,1,4,富邦-台東,2023-11-29,9608
8046,南電,4,0,4,富邦-台東,2023-11-29,9608
00679B,元大美債20年,65,0,65,富邦-台東,2023-11-30,9608
00673R,期元大S＆P原油反1,54,2,52,富邦-台東,2023-11-30,9608
4915,致伸,50,0,50,富邦-台東,2023-11-30,9608
00919,群益台灣精選高息,46,0,46,富邦-台東,2023-11-30,9608
00687B,國泰20年美債,100,66,34,富邦-台東,2023-11-30,9608
3481,群創,30,0,30,富邦-台東,2023-11-30,9608
00933B,國泰10Y+金融債,30,1,29,富邦-台東,2023-11-30,9608
5210,寶碩,29,3,26,富邦-台東,2023-11-30,9608
00674R,期元大S＆P黃金反1,25,0,25,富邦-台東,2023-11-30,9608
2329,華泰,129,107,22,富邦-台東,2023-11-30,9608
6269,台郡,21,0,21,富邦-台東,2023-11-30,9608
00751B,元大AAA至A公司債,20,0,20,富邦-台東,2023-11-30,9608
6173,信昌電,20,0,20,富邦-台東,2023-11-30,9608
2303,聯電,52,33,19,富邦-台東,2023-11-30,9608
2344,華邦電,37,19,18,富邦-台東,2023-11-30,9608
00929,復華台灣科技優息,16,0,16,富邦-台東,2023-11-30,9608
5328,華容,61,45,16,富邦-台東,2023-11-30,9608
8916,光隆,15,0,15,富邦-台東,2023-11-30,9608
3231,緯創,22,10,12,富邦-台東,2023-11-30,9608
00902,中信電池及儲能,11,0,11,富邦-台東,2023-11-30,9608
6485,點序,11,0,11,富邦-台東,2023-11-30,9608
2801,彰銀,11,1,10,富邦-台東,2023-11-30,9608
2888,新光金,10,0,10,富邦-台東,2023-11-30,9608
2359,所羅門,9,0,9,富邦-台東,2023-11-30,9608
4739,康普,9,0,9,富邦-台東,2023-11-30,9608
6282,康舒,14,5,9,富邦-台東,2023-11-30,9608
2618,長榮航,24,16,8,富邦-台東,2023-11-30,9608
2408,南亞科,43,35,8,富邦-台東,2023-11-30,9608
2409,友達,8,0,8,富邦-台東,2023-11-30,9608
2867,三商壽,7,0,7,富邦-台東,2023-11-30,9608
2834,臺企銀,7,1,6,富邦-台東,2023-11-30,9608
0056,元大高股息,6,0,6,富邦-台東,2023-11-30,9608
3373,熱映,15,9,6,富邦-台東,2023-11-30,9608
1409,新纖,5,0,5,富邦-台東,2023-11-30,9608
00720B,元大投資級公司債,5,0,5,富邦-台東,2023-11-30,9608
00772B,中信高評級公司債,5,0,5,富邦-台東,2023-11-30,9608
1815,富喬,5,0,5,富邦-台東,2023-11-30,9608
2328,廣宇,5,0,5,富邦-台東,2023-11-30,9608
2412,中華電,5,0,5,富邦-台東,2023-11-30,9608
2492,華新科,9,4,5,富邦-台東,2023-11-30,9608
5468,凱鈺,5,0,5,富邦-台東,2023-11-30,9608
5533,皇鼎,5,0,5,富邦-台東,2023-11-30,9608
6605,帝寶,5,0,5,富邦-台東,2023-11-30,9608
6695,芯鼎,10,5,5,富邦-台東,2023-11-30,9608
2313,華通,20,15,5,富邦-台東,2023-11-30,9608
2317,鴻海,4,0,4,富邦-台東,2023-11-30,9608
2462,良得電,4,0,4,富邦-台東,2023-11-30,9608
3013,晟銘電,38,34,4,富邦-台東,2023-11-30,9608
3059,華晶科,7,3,4,富邦-台東,2023-11-30,9608
4142,國光生,4,0,4,富邦-台東,2023-11-30,9608
2883,凱基金,64,0,64,富邦-台東,2023-12-01,9608
5608,四維航,60,5,55,富邦-台東,2023-12-01,9608
00919,群益台灣精選高息,62,21,41,富邦-台東,2023-12-01,9608
2303,聯電,41,1,40,富邦-台東,2023-12-01,9608
00751B,元大AAA至A公司債,31,0,31,富邦-台東,2023-12-01,9608
2027,大成鋼,36,6,30,富邦-台東,2023-12-01,9608
00680L,元大美債20正2,37,10,27,富邦-台東,2023-12-01,9608
3178,公準,27,0,27,富邦-台東,2023-12-01,9608
1101,台泥,32,7,25,富邦-台東,2023-12-01,9608
2324,仁寶,26,1,25,富邦-台東,2023-12-01,9608
3373,熱映,48,23,25,富邦-台東,2023-12-01,9608
2344,華邦電,26,2,24,富邦-台東,2023-12-01,9608
3041,揚智,31,10,21,富邦-台東,2023-12-01,9608
6438,迅得,20,0,20,富邦-台東,2023-12-01,9608
2449,京元電子,21,2,19,富邦-台東,2023-12-01,9608
3481,群創,119,100,19,富邦-台東,2023-12-01,9608
2105,正新,15,0,15,富邦-台東,2023-12-01,9608
2352,佳世達,16,1,15,富邦-台東,2023-12-01,9608
00679B,元大美債20年,48,34,14,富邦-台東,2023-12-01,9608
00632R,元大台灣50反1,13,0,13,富邦-台東,2023-12-01,9608
2641,正德,13,0,13,富邦-台東,2023-12-01,9608
00885,富邦越南,11,0,11,富邦-台東,2023-12-01,9608
9945,潤泰新,11,0,11,富邦-台東,2023-12-01,9608
00891,中信關鍵半導體,10,0,10,富邦-台東,2023-12-01,9608
00923,群益台ESG低碳50,10,0,10,富邦-台東,2023-12-01,9608
1580,新麥,10,0,10,富邦-台東,2023-12-01,9608
2393,億光,10,0,10,富邦-台東,2023-12-01,9608
2408,南亞科,10,0,10,富邦-台東,2023-12-01,9608
2425,承啟,10,0,10,富邦-台東,2023-12-01,9608
3706,神達,13,3,10,富邦-台東,2023-12-01,9608
6435,大中,10,0,10,富邦-台東,2023-12-01,9608
5388,中磊,10,1,9,富邦-台東,2023-12-01,9608
8927,北基,9,0,9,富邦-台東,2023-12-01,9608
2884,玉山金,8,0,8,富邦-台東,2023-12-01,9608
2892,第一金,7,0,7,富邦-台東,2023-12-01,9608
2734,易飛網,7,0,7,富邦-台東,2023-12-01,9608
4114,健喬,19,12,7,富邦-台東,2023-12-01,9608
2382,廣達,16,10,6,富邦-台東,2023-12-01,9608
00931B,統一美債20年,6,0,6,富邦-台東,2023-12-01,9608
2371,大同,11,5,6,富邦-台東,2023-12-01,9608
3022,威強電,7,1,6,富邦-台東,2023-12-01,9608
4909,新復興,9,3,6,富邦-台東,2023-12-01,9608
5347,世界,6,0,6,富邦-台東,2023-12-01,9608
6233,旺玖,6,0,6,富邦-台東,2023-12-01,9608
2328,廣宇,5,0,5,富邦-台東,2023-12-01,9608
1337,再生-KY,5,0,5,富邦-台東,2023-12-01,9608
1409,新纖,5,0,5,富邦-台東,2023-12-01,9608
2031,新光鋼,5,0,5,富邦-台東,2023-12-01,9608
2444,兆勁,5,0,5,富邦-台東,2023-12-01,9608
2887,台新金,5,0,5,富邦-台東,2023-12-01,9608
00679B,元大美債20年,123,3,120,富邦-台東,2023-12-04,9608
00720B,元大投資級公司債,101,0,101,富邦-台東,2023-12-04,9608
00751B,元大AAA至A公司債,102,10,92,富邦-台東,2023-12-04,9608
00919,群益台灣精選高息,106,34,72,富邦-台東,2023-12-04,9608
00680L,元大美債20正2,50,0,50,富邦-台東,2023-12-04,9608
2344,華邦電,79,30,49,富邦-台東,2023-12-04,9608
5512,力麒,49,0,49,富邦-台東,2023-12-04,9608
3479,安勤,40,0,40,富邦-台東,2023-12-04,9608
00669R,國泰美國道瓊反1,34,0,34,富邦-台東,2023-12-04,9608
00674R,期元大S＆P黃金反1,30,0,30,富邦-台東,2023-12-04,9608
00715L,期街口布蘭特正2,27,0,27,富邦-台東,2023-12-04,9608
2329,華泰,87,61,26,富邦-台東,2023-12-04,9608
5603,陸海,25,0,25,富邦-台東,2023-12-04,9608
1339,昭輝,23,0,23,富邦-台東,2023-12-04,9608
00722B,群益投資級電信債,20,0,20,富邦-台東,2023-12-04,9608
2025,千興,20,0,20,富邦-台東,2023-12-04,9608
2376,技嘉,18,1,17,富邦-台東,2023-12-04,9608
8403,盛弘,16,0,16,富邦-台東,2023-12-04,9608
6443,元晶,15,0,15,富邦-台東,2023-12-04,9608
8112,至上,15,0,15,富邦-台東,2023-12-04,9608
6191,精成科,15,1,14,富邦-台東,2023-12-04,9608
6492,生華科,14,0,14,富邦-台東,2023-12-04,9608
3715,定穎投控,15,1,14,富邦-台東,2023-12-04,9608
2204,中華,13,0,13,富邦-台東,2023-12-04,9608
2405,輔信,22,9,13,富邦-台東,2023-12-04,9608
2882,國泰金,12,0,12,富邦-台東,2023-12-04,9608
4542,科嶠,12,0,12,富邦-台東,2023-12-04,9608
4909,新復興,15,3,12,富邦-台東,2023-12-04,9608
6282,康舒,12,0,12,富邦-台東,2023-12-04,9608
1101,台泥,11,0,11,富邦-台東,2023-12-04,9608
1560,中砂,11,0,11,富邦-台東,2023-12-04,9608
2420,新巨,11,0,11,富邦-台東,2023-12-04,9608
2881,富邦金,11,0,11,富邦-台東,2023-12-04,9608
3032,偉訓,11,0,11,富邦-台東,2023-12-04,9608
9938,百和,11,0,11,富邦-台東,2023-12-04,9608
2812,台中銀,11,1,10,富邦-台東,2023-12-04,9608
00918,大華優利高填息30,10,0,10,富邦-台東,2023-12-04,9608
1580,新麥,10,0,10,富邦-台東,2023-12-04,9608
1905,華紙,30,20,10,富邦-台東,2023-12-04,9608
2332,友訊,10,0,10,富邦-台東,2023-12-04,9608
2476,鉅祥,11,1,10,富邦-台東,2023-12-04,9608
6116,彩晶,17,7,10,富邦-台東,2023-12-04,9608
6117,迎廣,21,11,10,富邦-台東,2023-12-04,9608
6684,安格,10,0,10,富邦-台東,2023-12-04,9608
2303,聯電,101,92,9,富邦-台東,2023-12-04,9608
6120,達運,10,1,9,富邦-台東,2023-12-04,9608
6278,台表科,9,0,9,富邦-台東,2023-12-04,9608
5608,四維航,12,4,8,富邦-台東,2023-12-04,9608
2330,台積電,12,5,7,富邦-台東,2023-12-04,9608
2892,第一金,7,0,7,富邦-台東,2023-12-04,9608
00919,群益台灣精選高息,91,0,91,富邦-台東,2023-12-05,9608
00918,大華優利高填息30,58,0,58,富邦-台東,2023-12-05,9608
00937B,群益ESG投等債20,48,0,48,富邦-台東,2023-12-05,9608
1781,合世,40,0,40,富邦-台東,2023-12-05,9608
2344,華邦電,28,0,28,富邦-台東,2023-12-05,9608
00637L,元大滬深300正2,25,0,25,富邦-台東,2023-12-05,9608
2601,益航,39,15,24,富邦-台東,2023-12-05,9608
2449,京元電子,20,0,20,富邦-台東,2023-12-05,9608
4414,如興,20,0,20,富邦-台東,2023-12-05,9608
3231,緯創,34,15,19,富邦-台東,2023-12-05,9608
2025,千興,17,0,17,富邦-台東,2023-12-05,9608
2460,建通,22,7,15,富邦-台東,2023-12-05,9608
00929,復華台灣科技優息,15,1,14,富邦-台東,2023-12-05,9608
2329,華泰,52,38,14,富邦-台東,2023-12-05,9608
2605,新興,43,31,12,富邦-台東,2023-12-05,9608
00882,中信中國高股息,12,1,11,富邦-台東,2023-12-05,9608
1504,東元,12,1,11,富邦-台東,2023-12-05,9608
2618,長榮航,14,3,11,富邦-台東,2023-12-05,9608
4167,松瑞藥,39,28,11,富邦-台東,2023-12-05,9608
5351,鈺創,14,3,11,富邦-台東,2023-12-05,9608
5347,世界,10,0,10,富邦-台東,2023-12-05,9608
2892,第一金,10,0,10,富邦-台東,2023-12-05,9608
2031,新光鋼,10,0,10,富邦-台東,2023-12-05,9608
5381,合正,11,1,10,富邦-台東,2023-12-05,9608
5607,遠雄港,10,0,10,富邦-台東,2023-12-05,9608
6282,康舒,10,0,10,富邦-台東,2023-12-05,9608
6541,泰福-KY,10,0,10,富邦-台東,2023-12-05,9608
6742,澤米,10,0,10,富邦-台東,2023-12-05,9608
1513,中興電,15,7,8,富邦-台東,2023-12-05,9608
00632R,元大台灣50反1,10,2,8,富邦-台東,2023-12-05,9608
2382,廣達,8,0,8,富邦-台東,2023-12-05,9608
2610,華航,8,0,8,富邦-台東,2023-12-05,9608
3050,鈺德,8,0,8,富邦-台東,2023-12-05,9608
4128,中天,8,0,8,富邦-台東,2023-12-05,9608
5210,寶碩,7,0,7,富邦-台東,2023-12-05,9608
3576,聯合再生,7,0,7,富邦-台東,2023-12-05,9608
2886,兆豐金,7,0,7,富邦-台東,2023-12-05,9608
1605,華新,7,1,6,富邦-台東,2023-12-05,9608
2376,技嘉,8,2,6,富邦-台東,2023-12-05,9608
2891,中信金,6,0,6,富邦-台東,2023-12-05,9608
3217,優群,6,0,6,富邦-台東,2023-12-05,9608
00934,中信成長高股息,6,0,6,富邦-台東,2023-12-05,9608
00931B,統一美債20年,10,4,6,富邦-台東,2023-12-05,9608
2303,聯電,23,17,6,富邦-台東,2023-12-05,9608
2801,彰銀,6,0,6,富邦-台東,2023-12-05,9608
6916,華凌,6,0,6,富邦-台東,2023-12-05,9608
4155,訊映,11,5,6,富邦-台東,2023-12-05,9608
2363,矽統,6,1,5,富邦-台東,2023-12-05,9608
00923,群益台ESG低碳50,5,0,5,富邦-台東,2023-12-05,9608
00753L,中信中國50正2,5,0,5,富邦-台東,2023-12-05,9608
00937B,群益ESG投等債20,93,4,89,富邦-台東,2023-12-06,9608
1101,台泥,87,1,86,富邦-台東,2023-12-06,9608
00637L,元大滬深300正2,82,0,82,富邦-台東,2023-12-06,9608
2344,華邦電,84,3,81,富邦-台東,2023-12-06,9608
4915,致伸,55,0,55,富邦-台東,2023-12-06,9608
00919,群益台灣精選高息,56,3,53,富邦-台東,2023-12-06,9608
5512,力麒,50,0,50,富邦-台東,2023-12-06,9608
3481,群創,35,2,33,富邦-台東,2023-12-06,9608
3540,曜越,30,0,30,富邦-台東,2023-12-06,9608
1781,合世,27,0,27,富邦-台東,2023-12-06,9608
1905,華紙,27,2,25,富邦-台東,2023-12-06,9608
2303,聯電,164,141,23,富邦-台東,2023-12-06,9608
00680L,元大美債20正2,22,0,22,富邦-台東,2023-12-06,9608
6742,澤米,22,0,22,富邦-台東,2023-12-06,9608
00772B,中信高評級公司債,21,2,19,富邦-台東,2023-12-06,9608
6148,驊宏資,23,4,19,富邦-台東,2023-12-06,9608
2313,華通,25,7,18,富邦-台東,2023-12-06,9608
2355,敬鵬,35,19,16,富邦-台東,2023-12-06,9608
6185,幃翔,16,0,16,富邦-台東,2023-12-06,9608
00679B,元大美債20年,21,7,14,富邦-台東,2023-12-06,9608
1618,合機,25,12,13,富邦-台東,2023-12-06,9608
2743,山富,13,0,13,富邦-台東,2023-12-06,9608
5347,世界,13,1,12,富邦-台東,2023-12-06,9608
00935,野村臺灣新科技50,12,0,12,富邦-台東,2023-12-06,9608
1584,精剛,11,0,11,富邦-台東,2023-12-06,9608
2734,易飛網,10,0,10,富邦-台東,2023-12-06,9608
5328,華容,11,1,10,富邦-台東,2023-12-06,9608
9103,美德醫療-DR,10,0,10,富邦-台東,2023-12-06,9608
2886,兆豐金,10,1,9,富邦-台東,2023-12-06,9608
00706L,期元大S＆P日圓正2,9,0,9,富邦-台東,2023-12-06,9608
2618,長榮航,54,45,9,富邦-台東,2023-12-06,9608
5521,工信,19,10,9,富邦-台東,2023-12-06,9608
1504,東元,17,9,8,富邦-台東,2023-12-06,9608
2358,廷鑫,8,0,8,富邦-台東,2023-12-06,9608
3059,華晶科,9,1,8,富邦-台東,2023-12-06,9608
00632R,元大台灣50反1,7,0,7,富邦-台東,2023-12-06,9608
2542,興富發,7,0,7,富邦-台東,2023-12-06,9608
3317,尼克森,9,2,7,富邦-台東,2023-12-06,9608
6446,藥華藥,11,4,7,富邦-台東,2023-12-06,9608
2520,冠德,6,0,6,富邦-台東,2023-12-06,9608
3380,明泰,6,0,6,富邦-台東,2023-12-06,9608
6117,迎廣,23,17,6,富邦-台東,2023-12-06,9608
6150,撼訊,6,0,6,富邦-台東,2023-12-06,9608
6202,盛群,6,0,6,富邦-台東,2023-12-06,9608
2641,正德,21,16,5,富邦-台東,2023-12-06,9608
00931B,統一美債20年,5,0,5,富邦-台東,2023-12-06,9608
00650L,復華香港正2,5,0,5,富邦-台東,2023-12-06,9608
00720B,元大投資級公司債,5,0,5,富邦-台東,2023-12-06,9608
1802,台玻,5,0,5,富邦-台東,2023-12-06,9608
1815,富喬,5,0,5,富邦-台東,2023-12-06,9608
00919,群益台灣精選高息,192,1,191,富邦-台東,2023-12-07,9608
5512,力麒,117,3,114,富邦-台東,2023-12-07,9608
00680L,元大美債20正2,105,20,85,富邦-台東,2023-12-07,9608
00931B,統一美債20年,85,2,83,富邦-台東,2023-12-07,9608
00679B,元大美債20年,73,1,72,富邦-台東,2023-12-07,9608
00937B,群益ESG投等債20,89,35,54,富邦-台東,2023-12-07,9608
00706L,期元大S＆P日圓正2,50,0,50,富邦-台東,2023-12-07,9608
2888,新光金,41,0,41,富邦-台東,2023-12-07,9608
1802,台玻,40,0,40,富邦-台東,2023-12-07,9608
00772B,中信高評級公司債,36,0,36,富邦-台東,2023-12-07,9608
00715L,期街口布蘭特正2,36,0,36,富邦-台東,2023-12-07,9608
3013,晟銘電,46,12,34,富邦-台東,2023-12-07,9608
5603,陸海,35,1,34,富邦-台東,2023-12-07,9608
5386,青雲,34,1,33,富邦-台東,2023-12-07,9608
6109,亞元,30,0,30,富邦-台東,2023-12-07,9608
2344,華邦電,30,2,28,富邦-台東,2023-12-07,9608
00713,元大台灣高息低波,25,0,25,富邦-台東,2023-12-07,9608
6150,撼訊,27,2,25,富邦-台東,2023-12-07,9608
2618,長榮航,128,107,21,富邦-台東,2023-12-07,9608
3390,旭軟,21,0,21,富邦-台東,2023-12-07,9608
00642U,期元大S＆P石油,20,0,20,富邦-台東,2023-12-07,9608
1781,合世,20,0,20,富邦-台東,2023-12-07,9608
5469,瀚宇博,20,0,20,富邦-台東,2023-12-07,9608
8093,保銳,20,0,20,富邦-台東,2023-12-07,9608
2303,聯電,24,5,19,富邦-台東,2023-12-07,9608
6222,上揚,23,6,17,富邦-台東,2023-12-07,9608
2102,泰豐,15,0,15,富邦-台東,2023-12-07,9608
2498,宏達電,15,0,15,富邦-台東,2023-12-07,9608
3287,廣寰科,15,0,15,富邦-台東,2023-12-07,9608
2605,新興,24,11,13,富邦-台東,2023-12-07,9608
2359,所羅門,12,0,12,富邦-台東,2023-12-07,9608
3491,昇達科,16,4,12,富邦-台東,2023-12-07,9608
6233,旺玖,14,2,12,富邦-台東,2023-12-07,9608
0056,元大高股息,12,0,12,富邦-台東,2023-12-07,9608
2301,光寶科,11,0,11,富邦-台東,2023-12-07,9608
2516,新建,14,3,11,富邦-台東,2023-12-07,9608
3006,晶豪科,11,0,11,富邦-台東,2023-12-07,9608
6578,達邦蛋白,11,0,11,富邦-台東,2023-12-07,9608
00878,國泰永續高股息,12,1,11,富邦-台東,2023-12-07,9608
00933B,國泰10Y+金融債,11,1,10,富邦-台東,2023-12-07,9608
2388,威盛,17,7,10,富邦-台東,2023-12-07,9608
2801,彰銀,10,0,10,富邦-台東,2023-12-07,9608
3090,日電貿,10,0,10,富邦-台東,2023-12-07,9608
6541,泰福-KY,10,0,10,富邦-台東,2023-12-07,9608
3005,神基,9,0,9,富邦-台東,2023-12-07,9608
1605,華新,13,4,9,富邦-台東,2023-12-07,9608
2609,陽明,10,1,9,富邦-台東,2023-12-07,9608
5351,鈺創,9,0,9,富邦-台東,2023-12-07,9608
2313,華通,15,6,9,富邦-台東,2023-12-07,9608
2610,華航,59,51,8,富邦-台東,2023-12-07,9608
00665L,富邦�琤肭磪囓�2,150,0,150,富邦-台東,2023-12-08,9608
00688L,國泰20年美債正2,92,0,92,富邦-台東,2023-12-08,9608
2449,京元電子,45,1,44,富邦-台東,2023-12-08,9608
00679B,元大美債20年,42,0,42,富邦-台東,2023-12-08,9608
00882,中信中國高股息,35,0,35,富邦-台東,2023-12-08,9608
6191,精成科,30,0,30,富邦-台東,2023-12-08,9608
5328,華容,30,2,28,富邦-台東,2023-12-08,9608
1609,大亞,48,23,25,富邦-台東,2023-12-08,9608
00751B,元大AAA至A公司債,24,0,24,富邦-台東,2023-12-08,9608
00715L,期街口布蘭特正2,20,0,20,富邦-台東,2023-12-08,9608
1603,華電,22,2,20,富邦-台東,2023-12-08,9608
4906,正文,24,4,20,富邦-台東,2023-12-08,9608
00713,元大台灣高息低波,18,0,18,富邦-台東,2023-12-08,9608
3479,安勤,20,3,17,富邦-台東,2023-12-08,9608
6278,台表科,14,0,14,富邦-台東,2023-12-08,9608
1514,亞力,34,22,12,富邦-台東,2023-12-08,9608
2637,慧洋-KY,13,1,12,富邦-台東,2023-12-08,9608
3231,緯創,45,34,11,富邦-台東,2023-12-08,9608
1303,南亞,10,0,10,富邦-台東,2023-12-08,9608
00933B,國泰10Y+金融債,10,0,10,富邦-台東,2023-12-08,9608
00642U,期元大S＆P石油,10,0,10,富邦-台東,2023-12-08,9608
1504,東元,10,0,10,富邦-台東,2023-12-08,9608
3338,泰碩,9,0,9,富邦-台東,2023-12-08,9608
3481,群創,19,10,9,富邦-台東,2023-12-08,9608
6189,豐藝,9,0,9,富邦-台東,2023-12-08,9608
2329,華泰,16,7,9,富邦-台東,2023-12-08,9608
2399,映泰,8,0,8,富邦-台東,2023-12-08,9608
2734,易飛網,8,0,8,富邦-台東,2023-12-08,9608
6606,建德工業,8,0,8,富邦-台東,2023-12-08,9608
3406,玉晶光,7,0,7,富邦-台東,2023-12-08,9608
2025,千興,6,0,6,富邦-台東,2023-12-08,9608
2413,環科,6,0,6,富邦-台東,2023-12-08,9608
2425,承啟,8,2,6,富邦-台東,2023-12-08,9608
2867,三商壽,6,0,6,富邦-台東,2023-12-08,9608
3037,欣興,7,1,6,富邦-台東,2023-12-08,9608
2363,矽統,7,2,5,富邦-台東,2023-12-08,9608
2890,永豐金,5,0,5,富邦-台東,2023-12-08,9608
00637L,元大滬深300正2,5,0,5,富邦-台東,2023-12-08,9608
2017,官田鋼,5,0,5,富邦-台東,2023-12-08,9608
2457,飛宏,5,0,5,富邦-台東,2023-12-08,9608
2520,冠德,5,0,5,富邦-台東,2023-12-08,9608
2834,臺企銀,5,0,5,富邦-台東,2023-12-08,9608
3266,昇陽,5,0,5,富邦-台東,2023-12-08,9608
4938,和碩,5,0,5,富邦-台東,2023-12-08,9608
5608,四維航,5,0,5,富邦-台東,2023-12-08,9608
6109,亞元,5,0,5,富邦-台東,2023-12-08,9608
6139,亞翔,8,3,5,富邦-台東,2023-12-08,9608
6582,申豐,5,0,5,富邦-台東,2023-12-08,9608
0056,元大高股息,5,0,5,富邦-台東,2023-12-08,9608
2358,廷鑫,5,1,4,富邦-台東,2023-12-08,9608
00673R,期元大S＆P原油反1,195,0,195,富邦-台東,2023-12-11,9608
00688L,國泰20年美債正2,50,0,50,富邦-台東,2023-12-11,9608
00882,中信中國高股息,46,10,36,富邦-台東,2023-12-11,9608
00637L,元大滬深300正2,36,0,36,富邦-台東,2023-12-11,9608
2845,遠東銀,32,0,32,富邦-台東,2023-12-11,9608
2834,臺企銀,31,2,29,富邦-台東,2023-12-11,9608
6282,康舒,28,2,26,富邦-台東,2023-12-11,9608
2609,陽明,30,7,23,富邦-台東,2023-12-11,9608
3013,晟銘電,29,6,23,富邦-台東,2023-12-11,9608
00687B,國泰20年美債,20,0,20,富邦-台東,2023-12-11,9608
2888,新光金,21,1,20,富邦-台東,2023-12-11,9608
1603,華電,20,1,19,富邦-台東,2023-12-11,9608
1522,堤維西,20,2,18,富邦-台東,2023-12-11,9608
8054,安國,23,6,17,富邦-台東,2023-12-11,9608
2617,台航,16,0,16,富邦-台東,2023-12-11,9608
2851,中再保,14,0,14,富邦-台東,2023-12-11,9608
2883,凱基金,13,1,12,富邦-台東,2023-12-11,9608
6703,軒郁,13,2,11,富邦-台東,2023-12-11,9608
2388,威盛,18,7,11,富邦-台東,2023-12-11,9608
2537,聯上發,10,0,10,富邦-台東,2023-12-11,9608
3062,建漢,10,0,10,富邦-台東,2023-12-11,9608
3231,緯創,15,6,9,富邦-台東,2023-12-11,9608
6147,頎邦,9,0,9,富邦-台東,2023-12-11,9608
8110,華東,10,1,9,富邦-台東,2023-12-11,9608
00935,野村臺灣新科技50,7,0,7,富邦-台東,2023-12-11,9608
2543,皇昌,7,0,7,富邦-台東,2023-12-11,9608
4979,華星光,8,1,7,富邦-台東,2023-12-11,9608
9938,百和,7,0,7,富邦-台東,2023-12-11,9608
1605,華新,7,0,7,富邦-台東,2023-12-11,9608
00937B,群益ESG投等債20,11,5,6,富邦-台東,2023-12-11,9608
2436,偉詮電,6,0,6,富邦-台東,2023-12-11,9608
00751B,元大AAA至A公司債,6,0,6,富邦-台東,2023-12-11,9608
2002,中鋼,5,0,5,富邦-台東,2023-12-11,9608
4953,緯軟,5,0,5,富邦-台東,2023-12-11,9608
4768,晶呈科技,5,0,5,富邦-台東,2023-12-11,9608
00878,國泰永續高股息,6,1,5,富邦-台東,2023-12-11,9608
00915,凱基優選高股息30,5,0,5,富邦-台東,2023-12-11,9608
00706L,期元大S＆P日圓正2,5,0,5,富邦-台東,2023-12-11,9608
1316,上曜,5,0,5,富邦-台東,2023-12-11,9608
1524,耿鼎,30,25,5,富邦-台東,2023-12-11,9608
2352,佳世達,5,0,5,富邦-台東,2023-12-11,9608
2731,雄獅,6,1,5,富邦-台東,2023-12-11,9608
2913,農林,5,0,5,富邦-台東,2023-12-11,9608
3028,增你強,5,0,5,富邦-台東,2023-12-11,9608
3709,鑫聯大投控,5,0,5,富邦-台東,2023-12-11,9608
4572,駐龍,5,0,5,富邦-台東,2023-12-11,9608
6207,雷科,5,0,5,富邦-台東,2023-12-11,9608
6274,台燿,5,0,5,富邦-台東,2023-12-11,9608
6684,安格,8,3,5,富邦-台東,2023-12-11,9608
8410,森田,5,0,5,富邦-台東,2023-12-11,9608
2618,長榮航,127,0,127,富邦-台東,2023-12-12,9608
00706L,期元大S＆P日圓正2,110,0,110,富邦-台東,2023-12-12,9608
00929,復華台灣科技優息,110,0,110,富邦-台東,2023-12-12,9608
00688L,國泰20年美債正2,102,0,102,富邦-台東,2023-12-12,9608
8112,至上,85,12,73,富邦-台東,2023-12-12,9608
2606,裕民,62,0,62,富邦-台東,2023-12-12,9608
4414,如興,29,0,29,富邦-台東,2023-12-12,9608
3481,群創,23,2,21,富邦-台東,2023-12-12,9608
3479,安勤,24,4,20,富邦-台東,2023-12-12,9608
6016,康和證,15,0,15,富邦-台東,2023-12-12,9608
1603,華電,14,1,13,富邦-台東,2023-12-12,9608
3041,揚智,13,0,13,富邦-台東,2023-12-12,9608
2002,中鋼,12,0,12,富邦-台東,2023-12-12,9608
00751B,元大AAA至A公司債,11,0,11,富邦-台東,2023-12-12,9608
00885,富邦越南,11,0,11,富邦-台東,2023-12-12,9608
2409,友達,11,0,11,富邦-台東,2023-12-12,9608
1527,鑽全,10,0,10,富邦-台東,2023-12-12,9608
2014,中鴻,10,0,10,富邦-台東,2023-12-12,9608
2408,南亞科,10,0,10,富邦-台東,2023-12-12,9608
3094,聯傑,10,0,10,富邦-台東,2023-12-12,9608
6577,勁豐,10,0,10,富邦-台東,2023-12-12,9608
2363,矽統,11,2,9,富邦-台東,2023-12-12,9608
00900,富邦特選高股息30,10,1,9,富邦-台東,2023-12-12,9608
00931B,統一美債20年,8,0,8,富邦-台東,2023-12-12,9608
00882,中信中國高股息,8,0,8,富邦-台東,2023-12-12,9608
4167,松瑞藥,8,0,8,富邦-台東,2023-12-12,9608
5289,宜鼎,8,0,8,富邦-台東,2023-12-12,9608
1815,富喬,7,0,7,富邦-台東,2023-12-12,9608
2489,瑞軒,7,0,7,富邦-台東,2023-12-12,9608
3380,明泰,7,0,7,富邦-台東,2023-12-12,9608
5328,華容,7,0,7,富邦-台東,2023-12-12,9608
6113,亞矽,9,2,7,富邦-台東,2023-12-12,9608
00687B,國泰20年美債,7,0,7,富邦-台東,2023-12-12,9608
2025,千興,6,0,6,富邦-台東,2023-12-12,9608
2417,圓剛,6,0,6,富邦-台東,2023-12-12,9608
2516,新建,11,5,6,富邦-台東,2023-12-12,9608
2889,國票金,6,0,6,富邦-台東,2023-12-12,9608
6194,育富,5,0,5,富邦-台東,2023-12-12,9608
1582,信錦,5,0,5,富邦-台東,2023-12-12,9608
5484,慧友,5,0,5,富邦-台東,2023-12-12,9608
6683,雍智科技,5,0,5,富邦-台東,2023-12-12,9608
8050,廣積,5,0,5,富邦-台東,2023-12-12,9608
9938,百和,5,0,5,富邦-台東,2023-12-12,9608
5521,工信,40,35,5,富邦-台東,2023-12-12,9608
00712,復華富時不動產,4,0,4,富邦-台東,2023-12-12,9608
00934,中信成長高股息,4,0,4,富邦-台東,2023-12-12,9608
00923,群益台ESG低碳50,4,0,4,富邦-台東,2023-12-12,9608
1503,士電,4,0,4,富邦-台東,2023-12-12,9608
2617,台航,6,2,4,富邦-台東,2023-12-12,9608
3028,增你強,5,1,4,富邦-台東,2023-12-12,9608
2618,長榮航,210,6,204,富邦-台東,2023-12-13,9608
00919,群益台灣精選高息,170,23,147,富邦-台東,2023-12-13,9608
5324,士開,100,0,100,富邦-台東,2023-12-13,9608
00706L,期元大S＆P日圓正2,95,0,95,富邦-台東,2023-12-13,9608
00715L,期街口布蘭特正2,66,0,66,富邦-台東,2023-12-13,9608
00918,大華優利高填息30,61,0,61,富邦-台東,2023-12-13,9608
2501,國建,60,0,60,富邦-台東,2023-12-13,9608
2303,聯電,52,0,52,富邦-台東,2023-12-13,9608
1584,精剛,48,2,46,富邦-台東,2023-12-13,9608
5521,工信,96,59,37,富邦-台東,2023-12-13,9608
2002,中鋼,34,0,34,富邦-台東,2023-12-13,9608
00687B,國泰20年美債,31,0,31,富邦-台東,2023-12-13,9608
00753L,中信中國50正2,30,0,30,富邦-台東,2023-12-13,9608
3706,神達,63,37,26,富邦-台東,2023-12-13,9608
00882,中信中國高股息,25,0,25,富邦-台東,2023-12-13,9608
4768,晶呈科技,22,0,22,富邦-台東,2023-12-13,9608
2913,農林,20,0,20,富邦-台東,2023-12-13,9608
2471,資通,18,0,18,富邦-台東,2023-12-13,9608
00929,復華台灣科技優息,44,27,17,富邦-台東,2023-12-13,9608
9105,泰金寶-DR,20,6,14,富邦-台東,2023-12-13,9608
4155,訊映,13,0,13,富邦-台東,2023-12-13,9608
6443,元晶,13,0,13,富邦-台東,2023-12-13,9608
2367,燿華,13,1,12,富邦-台東,2023-12-13,9608
1603,華電,12,0,12,富邦-台東,2023-12-13,9608
2892,第一金,12,0,12,富邦-台東,2023-12-13,9608
3005,神基,12,0,12,富邦-台東,2023-12-13,9608
00679B,元大美債20年,11,0,11,富邦-台東,2023-12-13,9608
00708L,期元大S＆P黃金正2,10,0,10,富邦-台東,2023-12-13,9608
2436,偉詮電,10,0,10,富邦-台東,2023-12-13,9608
2515,中工,23,13,10,富邦-台東,2023-12-13,9608
2634,漢翔,13,3,10,富邦-台東,2023-12-13,9608
2890,永豐金,10,0,10,富邦-台東,2023-12-13,9608
6111,大宇資,15,5,10,富邦-台東,2023-12-13,9608
6684,安格,10,0,10,富邦-台東,2023-12-13,9608
2419,仲琦,26,17,9,富邦-台東,2023-12-13,9608
3147,大綜,10,1,9,富邦-台東,2023-12-13,9608
2615,萬海,10,2,8,富邦-台東,2023-12-13,9608
8930,青鋼,8,0,8,富邦-台東,2023-12-13,9608
3035,智原,13,5,8,富邦-台東,2023-12-13,9608
00923,群益台ESG低碳50,7,0,7,富邦-台東,2023-12-13,9608
2723,美食-KY,7,0,7,富邦-台東,2023-12-13,9608
3540,曜越,7,0,7,富邦-台東,2023-12-13,9608
6491,晶碩,7,0,7,富邦-台東,2023-12-13,9608
6668,中揚光,7,0,7,富邦-台東,2023-12-13,9608
2382,廣達,7,0,7,富邦-台東,2023-12-13,9608
1783,和康生,6,0,6,富邦-台東,2023-12-13,9608
6683,雍智科技,6,0,6,富邦-台東,2023-12-13,9608
2891,中信金,6,1,5,富邦-台東,2023-12-13,9608
1227,佳格,5,0,5,富邦-台東,2023-12-13,9608
1210,大成,6,1,5,富邦-台東,2023-12-13,9608
00680L,元大美債20正2,143,15,128,富邦-台東,2023-12-14,9608
00919,群益台灣精選高息,177,74,103,富邦-台東,2023-12-14,9608
00637L,元大滬深300正2,70,0,70,富邦-台東,2023-12-14,9608
00679B,元大美債20年,64,6,58,富邦-台東,2023-12-14,9608
2365,昆盈,57,1,56,富邦-台東,2023-12-14,9608
00687B,國泰20年美債,61,8,53,富邦-台東,2023-12-14,9608
00674R,期元大S＆P黃金反1,50,0,50,富邦-台東,2023-12-14,9608
2344,華邦電,62,22,40,富邦-台東,2023-12-14,9608
2027,大成鋼,40,1,39,富邦-台東,2023-12-14,9608
5469,瀚宇博,39,3,36,富邦-台東,2023-12-14,9608
00929,復華台灣科技優息,44,9,35,富邦-台東,2023-12-14,9608
3231,緯創,37,7,30,富邦-台東,2023-12-14,9608
8112,至上,35,7,28,富邦-台東,2023-12-14,9608
3499,環天科,27,0,27,富邦-台東,2023-12-14,9608
6683,雍智科技,22,0,22,富邦-台東,2023-12-14,9608
00931B,統一美債20年,21,0,21,富邦-台東,2023-12-14,9608
00935,野村臺灣新科技50,21,0,21,富邦-台東,2023-12-14,9608
2201,裕隆,20,0,20,富邦-台東,2023-12-14,9608
2323,中環,20,0,20,富邦-台東,2023-12-14,9608
2206,三陽工業,20,1,19,富邦-台東,2023-12-14,9608
00882,中信中國高股息,16,0,16,富邦-台東,2023-12-14,9608
2425,承啟,15,0,15,富邦-台東,2023-12-14,9608
2471,資通,15,0,15,富邦-台東,2023-12-14,9608
00918,大華優利高填息30,13,0,13,富邦-台東,2023-12-14,9608
2516,新建,13,0,13,富邦-台東,2023-12-14,9608
2882,國泰金,28,15,13,富邦-台東,2023-12-14,9608
2409,友達,12,0,12,富邦-台東,2023-12-14,9608
3630,新鉅科,12,0,12,富邦-台東,2023-12-14,9608
8069,元太,11,0,11,富邦-台東,2023-12-14,9608
2405,輔信,11,0,11,富邦-台東,2023-12-14,9608
5608,四維航,11,0,11,富邦-台東,2023-12-14,9608
6271,同欣電,11,0,11,富邦-台東,2023-12-14,9608
2324,仁寶,21,11,10,富邦-台東,2023-12-14,9608
00772B,中信高評級公司債,10,0,10,富邦-台東,2023-12-14,9608
2371,大同,10,0,10,富邦-台東,2023-12-14,9608
3147,大綜,10,0,10,富邦-台東,2023-12-14,9608
6111,大宇資,10,0,10,富邦-台東,2023-12-14,9608
6470,宇智,10,0,10,富邦-台東,2023-12-14,9608
9105,泰金寶-DR,10,0,10,富邦-台東,2023-12-14,9608
3178,公準,9,0,9,富邦-台東,2023-12-14,9608
6290,良維,14,5,9,富邦-台東,2023-12-14,9608
3094,聯傑,8,0,8,富邦-台東,2023-12-14,9608
6593,台灣銘板,13,5,8,富邦-台東,2023-12-14,9608
00713,元大台灣高息低波,10,2,8,富邦-台東,2023-12-14,9608
2427,三商電,7,0,7,富邦-台東,2023-12-14,9608
2618,長榮航,120,113,7,富邦-台東,2023-12-14,9608
2630,亞航,7,0,7,富邦-台東,2023-12-14,9608
3362,先進光,14,7,7,富邦-台東,2023-12-14,9608
4804,大略-KY,7,0,7,富邦-台東,2023-12-14,9608
3623,富晶通,8,1,7,富邦-台東,2023-12-14,9608
00919,群益台灣精選高息,195,22,173,富邦-台東,2023-12-15,9608
00673R,期元大S＆P原油反1,147,0,147,富邦-台東,2023-12-15,9608
00680L,元大美債20正2,117,2,115,富邦-台東,2023-12-15,9608
00688L,國泰20年美債正2,100,0,100,富邦-台東,2023-12-15,9608
2520,冠德,32,1,31,富邦-台東,2023-12-15,9608
5880,合庫金,30,2,28,富邦-台東,2023-12-15,9608
00918,大華優利高填息30,87,60,27,富邦-台東,2023-12-15,9608
2363,矽統,44,19,25,富邦-台東,2023-12-15,9608
3041,揚智,30,5,25,富邦-台東,2023-12-15,9608
2610,華航,31,8,23,富邦-台東,2023-12-15,9608
00674R,期元大S＆P黃金反1,20,0,20,富邦-台東,2023-12-15,9608
3178,公準,20,0,20,富邦-台東,2023-12-15,9608
6139,亞翔,19,2,17,富邦-台東,2023-12-15,9608
2516,新建,17,0,17,富邦-台東,2023-12-15,9608
2634,漢翔,20,3,17,富邦-台東,2023-12-15,9608
00687B,國泰20年美債,17,3,14,富邦-台東,2023-12-15,9608
00772B,中信高評級公司債,12,0,12,富邦-台東,2023-12-15,9608
1319,東陽,12,0,12,富邦-台東,2023-12-15,9608
5426,振發,13,1,12,富邦-台東,2023-12-15,9608
3036,文曄,11,0,11,富邦-台東,2023-12-15,9608
5009,榮剛,14,3,11,富邦-台東,2023-12-15,9608
9941,裕融,11,0,11,富邦-台東,2023-12-15,9608
00720B,元大投資級公司債,10,0,10,富邦-台東,2023-12-15,9608
00857B,永豐20年美公債,10,0,10,富邦-台東,2023-12-15,9608
2201,裕隆,10,0,10,富邦-台東,2023-12-15,9608
2404,漢唐,10,0,10,富邦-台東,2023-12-15,9608
2409,友達,10,0,10,富邦-台東,2023-12-15,9608
3051,力特,10,0,10,富邦-台東,2023-12-15,9608
6005,群益證,10,0,10,富邦-台東,2023-12-15,9608
6153,嘉聯益,30,20,10,富邦-台東,2023-12-15,9608
00632R,元大台灣50反1,8,0,8,富邦-台東,2023-12-15,9608
8927,北基,8,0,8,富邦-台東,2023-12-15,9608
00878,國泰永續高股息,13,6,7,富邦-台東,2023-12-15,9608
2615,萬海,11,4,7,富邦-台東,2023-12-15,9608
3035,智原,9,2,7,富邦-台東,2023-12-15,9608
00751B,元大AAA至A公司債,7,0,7,富邦-台東,2023-12-15,9608
00904,新光臺灣半導體30,7,0,7,富邦-台東,2023-12-15,9608
3005,神基,11,4,7,富邦-台東,2023-12-15,9608
6593,台灣銘板,8,2,6,富邦-台東,2023-12-15,9608
1524,耿鼎,6,0,6,富邦-台東,2023-12-15,9608
2605,新興,10,4,6,富邦-台東,2023-12-15,9608
5351,鈺創,10,4,6,富邦-台東,2023-12-15,9608
6191,精成科,10,4,6,富邦-台東,2023-12-15,9608
6683,雍智科技,6,0,6,富邦-台東,2023-12-15,9608
2365,昆盈,11,5,6,富邦-台東,2023-12-15,9608
8112,至上,6,1,5,富邦-台東,2023-12-15,9608
2412,中華電,5,0,5,富邦-台東,2023-12-15,9608
00931B,統一美債20年,6,1,5,富邦-台東,2023-12-15,9608
00764B,群益25年美債,5,0,5,富邦-台東,2023-12-15,9608
2527,宏璟,5,0,5,富邦-台東,2023-12-15,9608
2515,中工,244,0,244,富邦-台東,2023-12-18,9608
2618,長榮航,116,1,115,富邦-台東,2023-12-18,9608
00919,群益台灣精選高息,75,20,55,富邦-台東,2023-12-18,9608
00687B,國泰20年美債,47,0,47,富邦-台東,2023-12-18,9608
2641,正德,52,5,47,富邦-台東,2023-12-18,9608
1101,台泥,50,3,47,富邦-台東,2023-12-18,9608
2610,華航,46,6,40,富邦-台東,2023-12-18,9608
00673R,期元大S＆P原油反1,41,2,39,富邦-台東,2023-12-18,9608
00929,復華台灣科技優息,75,40,35,富邦-台東,2023-12-18,9608
00918,大華優利高填息30,34,0,34,富邦-台東,2023-12-18,9608
2520,冠德,26,0,26,富邦-台東,2023-12-18,9608
00637L,元大滬深300正2,25,0,25,富邦-台東,2023-12-18,9608
2002,中鋼,37,16,21,富邦-台東,2023-12-18,9608
6125,廣運,20,0,20,富邦-台東,2023-12-18,9608
1802,台玻,18,0,18,富邦-台東,2023-12-18,9608
00936,台新永續高息中小,16,0,16,富邦-台東,2023-12-18,9608
00882,中信中國高股息,16,1,15,富邦-台東,2023-12-18,9608
2845,遠東銀,15,0,15,富邦-台東,2023-12-18,9608
2913,農林,17,2,15,富邦-台東,2023-12-18,9608
00679B,元大美債20年,15,0,15,富邦-台東,2023-12-18,9608
2356,英業達,20,6,14,富邦-台東,2023-12-18,9608
2069,運錩,12,0,12,富邦-台東,2023-12-18,9608
3499,環天科,12,0,12,富邦-台東,2023-12-18,9608
00772B,中信高評級公司債,11,0,11,富邦-台東,2023-12-18,9608
00931B,統一美債20年,12,1,11,富邦-台東,2023-12-18,9608
2363,矽統,16,5,11,富邦-台東,2023-12-18,9608
2481,強茂,14,4,10,富邦-台東,2023-12-18,9608
1313,聯成,10,0,10,富邦-台東,2023-12-18,9608
00915,凱基優選高股息30,10,0,10,富邦-台東,2023-12-18,9608
00713,元大台灣高息低波,10,0,10,富邦-台東,2023-12-18,9608
1449,佳和,10,0,10,富邦-台東,2023-12-18,9608
3032,偉訓,10,0,10,富邦-台東,2023-12-18,9608
4768,晶呈科技,10,0,10,富邦-台東,2023-12-18,9608
6173,信昌電,10,0,10,富邦-台東,2023-12-18,9608
00712,復華富時不動產,11,3,8,富邦-台東,2023-12-18,9608
2801,彰銀,8,0,8,富邦-台東,2023-12-18,9608
1907,永豐餘,8,0,8,富邦-台東,2023-12-18,9608
3362,先進光,8,0,8,富邦-台東,2023-12-18,9608
1319,東陽,9,2,7,富邦-台東,2023-12-18,9608
2355,敬鵬,8,1,7,富邦-台東,2023-12-18,9608
3406,玉晶光,7,0,7,富邦-台東,2023-12-18,9608
911622,泰聚亨-DR,7,0,7,富邦-台東,2023-12-18,9608
2376,技嘉,6,0,6,富邦-台東,2023-12-18,9608
3372,典範,6,0,6,富邦-台東,2023-12-18,9608
6274,台燿,6,0,6,富邦-台東,2023-12-18,9608
2352,佳世達,6,0,6,富邦-台東,2023-12-18,9608
00922,國泰台灣領袖50,5,0,5,富邦-台東,2023-12-18,9608
00722B,群益投資級電信債,5,0,5,富邦-台東,2023-12-18,9608
1810,和成,5,0,5,富邦-台東,2023-12-18,9608
2023,燁輝,26,21,5,富邦-台東,2023-12-18,9608
00929,復華台灣科技優息,200,65,135,富邦-台東,2023-12-19,9608
00706L,期元大S＆P日圓正2,120,0,120,富邦-台東,2023-12-19,9608
2618,長榮航,150,48,102,富邦-台東,2023-12-19,9608
00688L,國泰20年美債正2,111,16,95,富邦-台東,2023-12-19,9608
2303,聯電,132,50,82,富邦-台東,2023-12-19,9608
00919,群益台灣精選高息,133,59,74,富邦-台東,2023-12-19,9608
2801,彰銀,54,0,54,富邦-台東,2023-12-19,9608
00669R,國泰美國道瓊反1,39,0,39,富邦-台東,2023-12-19,9608
00724B,群益投資級金融債,31,0,31,富邦-台東,2023-12-19,9608
4915,致伸,27,2,25,富邦-台東,2023-12-19,9608
5324,士開,23,0,23,富邦-台東,2023-12-19,9608
00673R,期元大S＆P原油反1,22,0,22,富邦-台東,2023-12-19,9608
1605,華新,25,4,21,富邦-台東,2023-12-19,9608
2516,新建,20,2,18,富邦-台東,2023-12-19,9608
2344,華邦電,17,0,17,富邦-台東,2023-12-19,9608
8096,擎亞,15,0,15,富邦-台東,2023-12-19,9608
6139,亞翔,16,1,15,富邦-台東,2023-12-19,9608
2356,英業達,20,9,11,富邦-台東,2023-12-19,9608
4561,健椿,11,0,11,富邦-台東,2023-12-19,9608
3622,洋華,10,0,10,富邦-台東,2023-12-19,9608
00720B,元大投資級公司債,10,0,10,富邦-台東,2023-12-19,9608
00934,中信成長高股息,10,0,10,富邦-台東,2023-12-19,9608
2323,中環,10,0,10,富邦-台東,2023-12-19,9608
2834,臺企銀,10,0,10,富邦-台東,2023-12-19,9608
2890,永豐金,10,0,10,富邦-台東,2023-12-19,9608
3363,上詮,10,0,10,富邦-台東,2023-12-19,9608
5009,榮剛,10,0,10,富邦-台東,2023-12-19,9608
5355,佳總,10,0,10,富邦-台東,2023-12-19,9608
6153,嘉聯益,10,0,10,富邦-台東,2023-12-19,9608
2610,華航,12,3,9,富邦-台東,2023-12-19,9608
2617,台航,10,1,9,富邦-台東,2023-12-19,9608
3499,環天科,9,0,9,富邦-台東,2023-12-19,9608
6191,精成科,10,1,9,富邦-台東,2023-12-19,9608
3006,晶豪科,8,0,8,富邦-台東,2023-12-19,9608
3362,先進光,8,0,8,富邦-台東,2023-12-19,9608
00933B,國泰10Y+金融債,7,0,7,富邦-台東,2023-12-19,9608
2355,敬鵬,7,0,7,富邦-台東,2023-12-19,9608
2392,正崴,9,2,7,富邦-台東,2023-12-19,9608
5904,寶雅,7,0,7,富邦-台東,2023-12-19,9608
00918,大華優利高填息30,7,1,6,富邦-台東,2023-12-19,9608
00878,國泰永續高股息,10,4,6,富邦-台東,2023-12-19,9608
00893,國泰智能電動車,7,1,6,富邦-台東,2023-12-19,9608
2328,廣宇,6,0,6,富邦-台東,2023-12-19,9608
2615,萬海,12,6,6,富邦-台東,2023-12-19,9608
5880,合庫金,7,1,6,富邦-台東,2023-12-19,9608
5210,寶碩,7,1,6,富邦-台東,2023-12-19,9608
2404,漢唐,5,0,5,富邦-台東,2023-12-19,9608
00687B,國泰20年美債,5,0,5,富邦-台東,2023-12-19,9608
00936,台新永續高息中小,5,0,5,富邦-台東,2023-12-19,9608
1504,東元,7,2,5,富邦-台東,2023-12-19,9608
00929,復華台灣科技優息,76,19,57,富邦-台東,2023-12-20,9608
2834,臺企銀,29,0,29,富邦-台東,2023-12-20,9608
00919,群益台灣精選高息,25,0,25,富邦-台東,2023-12-20,9608
2412,中華電,23,1,22,富邦-台東,2023-12-20,9608
2618,長榮航,22,0,22,富邦-台東,2023-12-20,9608
1609,大亞,23,2,21,富邦-台東,2023-12-20,9608
2038,海光,18,0,18,富邦-台東,2023-12-20,9608
00934,中信成長高股息,17,0,17,富邦-台東,2023-12-20,9608
00669R,國泰美國道瓊反1,17,0,17,富邦-台東,2023-12-20,9608
1584,精剛,15,0,15,富邦-台東,2023-12-20,9608
2344,華邦電,25,10,15,富邦-台東,2023-12-20,9608
00772B,中信高評級公司債,12,0,12,富邦-台東,2023-12-20,9608
2888,新光金,11,0,11,富邦-台東,2023-12-20,9608
00687B,國泰20年美債,10,0,10,富邦-台東,2023-12-20,9608
1303,南亞,10,0,10,富邦-台東,2023-12-20,9608
2010,春源,10,0,10,富邦-台東,2023-12-20,9608
3363,上詮,12,2,10,富邦-台東,2023-12-20,9608
6156,松上,10,0,10,富邦-台東,2023-12-20,9608
9136,巨騰-DR,10,0,10,富邦-台東,2023-12-20,9608
3499,環天科,10,2,8,富邦-台東,2023-12-20,9608
00937B,群益ESG投等債20,7,0,7,富邦-台東,2023-12-20,9608
00931B,統一美債20年,7,0,7,富邦-台東,2023-12-20,9608
1905,華紙,8,1,7,富邦-台東,2023-12-20,9608
6005,群益證,7,0,7,富邦-台東,2023-12-20,9608
1815,富喬,6,0,6,富邦-台東,2023-12-20,9608
2014,中鴻,32,26,6,富邦-台東,2023-12-20,9608
2520,冠德,6,0,6,富邦-台東,2023-12-20,9608
5515,建國,6,0,6,富邦-台東,2023-12-20,9608
3035,智原,7,1,6,富邦-台東,2023-12-20,9608
2891,中信金,5,0,5,富邦-台東,2023-12-20,9608
00850,元大臺灣ESG永續,5,0,5,富邦-台東,2023-12-20,9608
00642U,期元大S＆P石油,5,0,5,富邦-台東,2023-12-20,9608
00706L,期元大S＆P日圓正2,5,0,5,富邦-台東,2023-12-20,9608
1605,華新,7,2,5,富邦-台東,2023-12-20,9608
2017,官田鋼,5,0,5,富邦-台東,2023-12-20,9608
2436,偉詮電,5,0,5,富邦-台東,2023-12-20,9608
2634,漢翔,5,0,5,富邦-台東,2023-12-20,9608
6153,嘉聯益,5,0,5,富邦-台東,2023-12-20,9608
1802,台玻,5,0,5,富邦-台東,2023-12-20,9608
2885,元大金,5,0,5,富邦-台東,2023-12-20,9608
2892,第一金,5,1,4,富邦-台東,2023-12-20,9608
00726B,國泰新興投等債,4,0,4,富邦-台東,2023-12-20,9608
00882,中信中國高股息,4,0,4,富邦-台東,2023-12-20,9608
1314,中石化,9,5,4,富邦-台東,2023-12-20,9608
1701,中化,4,0,4,富邦-台東,2023-12-20,9608
2032,新鋼,20,16,4,富邦-台東,2023-12-20,9608
2356,英業達,55,51,4,富邦-台東,2023-12-20,9608
2465,麗臺,4,0,4,富邦-台東,2023-12-20,9608
2883,凱基金,6,2,4,富邦-台東,2023-12-20,9608
5426,振發,6,2,4,富邦-台東,2023-12-20,9608
00688L,國泰20年美債正2,205,0,205,富邦-台東,2023-12-21,9608
00680L,元大美債20正2,200,0,200,富邦-台東,2023-12-21,9608
00919,群益台灣精選高息,119,3,116,富邦-台東,2023-12-21,9608
6534,正瀚-創,82,0,82,富邦-台東,2023-12-21,9608
00929,復華台灣科技優息,68,0,68,富邦-台東,2023-12-21,9608
2344,華邦電,101,48,53,富邦-台東,2023-12-21,9608
2323,中環,38,1,37,富邦-台東,2023-12-21,9608
00674R,期元大S＆P黃金反1,30,0,30,富邦-台東,2023-12-21,9608
2834,臺企銀,25,0,25,富邦-台東,2023-12-21,9608
6278,台表科,23,0,23,富邦-台東,2023-12-21,9608
2449,京元電子,24,2,22,富邦-台東,2023-12-21,9608
00931B,統一美債20年,20,0,20,富邦-台東,2023-12-21,9608
2201,裕隆,17,0,17,富邦-台東,2023-12-21,9608
9105,泰金寶-DR,30,13,17,富邦-台東,2023-12-21,9608
00937B,群益ESG投等債20,26,10,16,富邦-台東,2023-12-21,9608
1325,恆大,23,8,15,富邦-台東,2023-12-21,9608
2312,金寶,15,0,15,富邦-台東,2023-12-21,9608
2891,中信金,14,1,13,富邦-台東,2023-12-21,9608
2331,精英,12,0,12,富邦-台東,2023-12-21,9608
1612,宏泰,11,0,11,富邦-台東,2023-12-21,9608
2883,凱基金,10,0,10,富邦-台東,2023-12-21,9608
3406,玉晶光,10,0,10,富邦-台東,2023-12-21,9608
8034,榮群,10,0,10,富邦-台東,2023-12-21,9608
2516,新建,10,1,9,富邦-台東,2023-12-21,9608
00773B,中信優先金融債,9,0,9,富邦-台東,2023-12-21,9608
2371,大同,20,11,9,富邦-台東,2023-12-21,9608
6245,立端,10,2,8,富邦-台東,2023-12-21,9608
00936,台新永續高息中小,7,0,7,富邦-台東,2023-12-21,9608
00751B,元大AAA至A公司債,7,0,7,富邦-台東,2023-12-21,9608
1808,潤隆,7,0,7,富邦-台東,2023-12-21,9608
2603,長榮,11,4,7,富邦-台東,2023-12-21,9608
00878,國泰永續高股息,6,0,6,富邦-台東,2023-12-21,9608
00933B,國泰10Y+金融債,6,0,6,富邦-台東,2023-12-21,9608
2543,皇昌,8,2,6,富邦-台東,2023-12-21,9608
2801,彰銀,6,0,6,富邦-台東,2023-12-21,9608
00882,中信中國高股息,5,0,5,富邦-台東,2023-12-21,9608
3035,智原,8,3,5,富邦-台東,2023-12-21,9608
00935,野村臺灣新科技50,5,0,5,富邦-台東,2023-12-21,9608
1449,佳和,5,0,5,富邦-台東,2023-12-21,9608
2206,三陽工業,5,0,5,富邦-台東,2023-12-21,9608
2615,萬海,17,12,5,富邦-台東,2023-12-21,9608
2736,富野,5,0,5,富邦-台東,2023-12-21,9608
2890,永豐金,10,5,5,富邦-台東,2023-12-21,9608
3437,榮創,5,0,5,富邦-台東,2023-12-21,9608
4129,聯合,5,0,5,富邦-台東,2023-12-21,9608
4973,廣穎,5,0,5,富邦-台東,2023-12-21,9608
5425,台半,5,0,5,富邦-台東,2023-12-21,9608
2330,台積電,10,6,4,富邦-台東,2023-12-21,9608
2368,金像電,5,1,4,富邦-台東,2023-12-21,9608
1102,亞泥,4,0,4,富邦-台東,2023-12-21,9608
00673R,期元大S＆P原油反1,60,5,55,富邦-台東,2023-12-22,9608
00669R,國泰美國道瓊反1,50,0,50,富邦-台東,2023-12-22,9608
00674R,期元大S＆P黃金反1,50,0,50,富邦-台東,2023-12-22,9608
00687B,國泰20年美債,41,0,41,富邦-台東,2023-12-22,9608
6116,彩晶,40,6,34,富邦-台東,2023-12-22,9608
00937B,群益ESG投等債20,30,0,30,富邦-台東,2023-12-22,9608
2884,玉山金,30,0,30,富邦-台東,2023-12-22,9608
5009,榮剛,31,2,29,富邦-台東,2023-12-22,9608
2344,華邦電,106,77,29,富邦-台東,2023-12-22,9608
2408,南亞科,25,1,24,富邦-台東,2023-12-22,9608
2449,京元電子,23,0,23,富邦-台東,2023-12-22,9608
1802,台玻,20,0,20,富邦-台東,2023-12-22,9608
3715,定穎投控,20,0,20,富邦-台東,2023-12-22,9608
2340,台亞,20,1,19,富邦-台東,2023-12-22,9608
9105,泰金寶-DR,16,0,16,富邦-台東,2023-12-22,9608
2323,中環,15,0,15,富邦-台東,2023-12-22,9608
3362,先進光,16,1,15,富邦-台東,2023-12-22,9608
1605,華新,13,0,13,富邦-台東,2023-12-22,9608
2038,海光,12,0,12,富邦-台東,2023-12-22,9608
6270,倍微,11,0,11,富邦-台東,2023-12-22,9608
1314,中石化,10,0,10,富邦-台東,2023-12-22,9608
3176,基亞,10,0,10,富邦-台東,2023-12-22,9608
00936,台新永續高息中小,10,0,10,富邦-台東,2023-12-22,9608
00696B,富邦美債20年,10,0,10,富邦-台東,2023-12-22,9608
6139,亞翔,10,0,10,富邦-台東,2023-12-22,9608
6534,正瀚-創,10,0,10,富邦-台東,2023-12-22,9608
8927,北基,10,0,10,富邦-台東,2023-12-22,9608
1618,合機,9,0,9,富邦-台東,2023-12-22,9608
3264,欣銓,9,1,8,富邦-台東,2023-12-22,9608
2356,英業達,53,46,7,富邦-台東,2023-12-22,9608
00753L,中信中國50正2,7,0,7,富邦-台東,2023-12-22,9608
2442,新美齊,7,0,7,富邦-台東,2023-12-22,9608
3036,文曄,7,0,7,富邦-台東,2023-12-22,9608
3499,環天科,19,12,7,富邦-台東,2023-12-22,9608
2615,萬海,21,15,6,富邦-台東,2023-12-22,9608
3231,緯創,19,13,6,富邦-台東,2023-12-22,9608
2014,中鴻,9,3,6,富邦-台東,2023-12-22,9608
2465,麗臺,7,1,6,富邦-台東,2023-12-22,9608
8926,台汽電,6,0,6,富邦-台東,2023-12-22,9608
1313,聯成,5,0,5,富邦-台東,2023-12-22,9608
00713,元大台灣高息低波,5,0,5,富邦-台東,2023-12-22,9608
2641,正德,5,0,5,富邦-台東,2023-12-22,9608
3287,廣寰科,5,0,5,富邦-台東,2023-12-22,9608
5498,凱崴,6,1,5,富邦-台東,2023-12-22,9608
5704,老爺知,5,0,5,富邦-台東,2023-12-22,9608
6243,迅杰,13,8,5,富邦-台東,2023-12-22,9608
8050,廣積,5,0,5,富邦-台東,2023-12-22,9608
00929,復華台灣科技優息,17,13,4,富邦-台東,2023-12-22,9608
2313,華通,4,0,4,富邦-台東,2023-12-22,9608
1102,亞泥,4,0,4,富邦-台東,2023-12-22,9608
9105,泰金寶-DR,200,0,200,富邦-台東,2023-12-25,9608
2618,長榮航,315,208,107,富邦-台東,2023-12-25,9608
2501,國建,60,0,60,富邦-台東,2023-12-25,9608
6188,廣明,61,1,60,富邦-台東,2023-12-25,9608
00919,群益台灣精選高息,73,15,58,富邦-台東,2023-12-25,9608
00706L,期元大S＆P日圓正2,50,0,50,富邦-台東,2023-12-25,9608
2027,大成鋼,50,0,50,富邦-台東,2023-12-25,9608
2324,仁寶,96,47,49,富邦-台東,2023-12-25,9608
2303,聯電,53,6,47,富邦-台東,2023-12-25,9608
00637L,元大滬深300正2,40,0,40,富邦-台東,2023-12-25,9608
2609,陽明,49,13,36,富邦-台東,2023-12-25,9608
2014,中鴻,30,3,27,富邦-台東,2023-12-25,9608
2342,茂矽,25,0,25,富邦-台東,2023-12-25,9608
3013,晟銘電,23,1,22,富邦-台東,2023-12-25,9608
2031,新光鋼,21,1,20,富邦-台東,2023-12-25,9608
3149,正達,20,0,20,富邦-台東,2023-12-25,9608
8410,森田,20,0,20,富邦-台東,2023-12-25,9608
2353,宏��,90,72,18,富邦-台東,2023-12-25,9608
2344,華邦電,20,3,17,富邦-台東,2023-12-25,9608
8088,品安,19,2,17,富邦-台東,2023-12-25,9608
00937B,群益ESG投等債20,18,2,16,富邦-台東,2023-12-25,9608
1514,亞力,20,6,14,富邦-台東,2023-12-25,9608
1905,華紙,12,0,12,富邦-台東,2023-12-25,9608
6139,亞翔,25,14,11,富邦-台東,2023-12-25,9608
2363,矽統,11,0,11,富邦-台東,2023-12-25,9608
2605,新興,12,1,11,富邦-台東,2023-12-25,9608
00715L,期街口布蘭特正2,10,0,10,富邦-台東,2023-12-25,9608
00923,群益台ESG低碳50,10,0,10,富邦-台東,2023-12-25,9608
2002,中鋼,12,2,10,富邦-台東,2023-12-25,9608
2520,冠德,10,0,10,富邦-台東,2023-12-25,9608
6534,正瀚-創,10,0,10,富邦-台東,2023-12-25,9608
8096,擎亞,10,0,10,富邦-台東,2023-12-25,9608
00929,復華台灣科技優息,11,2,9,富邦-台東,2023-12-25,9608
2421,建準,12,3,9,富邦-台東,2023-12-25,9608
2610,華航,9,1,8,富邦-台東,2023-12-25,9608
3362,先進光,8,1,7,富邦-台東,2023-12-25,9608
2603,長榮,40,34,6,富邦-台東,2023-12-25,9608
00931B,統一美債20年,6,0,6,富邦-台東,2023-12-25,9608
2443,昶虹,6,0,6,富邦-台東,2023-12-25,9608
6550,北極星藥業-KY,8,2,6,富邦-台東,2023-12-25,9608
6790,永豐實,6,0,6,富邦-台東,2023-12-25,9608
1313,聯成,5,0,5,富邦-台東,2023-12-25,9608
2506,太設,6,1,5,富邦-台東,2023-12-25,9608
2634,漢翔,5,0,5,富邦-台東,2023-12-25,9608
2641,正德,5,0,5,富邦-台東,2023-12-25,9608
3430,奇鈦科,5,0,5,富邦-台東,2023-12-25,9608
3652,精聯,5,0,5,富邦-台東,2023-12-25,9608
4174,浩鼎,5,0,5,富邦-台東,2023-12-25,9608
2356,英業達,30,25,5,富邦-台東,2023-12-25,9608
00795B,中信美國公債20年,4,0,4,富邦-台東,2023-12-25,9608
00680L,元大美債20正2,101,0,101,富邦-台東,2023-12-26,9608
00688L,國泰20年美債正2,100,0,100,富邦-台東,2023-12-26,9608
00637L,元大滬深300正2,55,0,55,富邦-台東,2023-12-26,9608
2324,仁寶,111,61,50,富邦-台東,2023-12-26,9608
2609,陽明,78,42,36,富邦-台東,2023-12-26,9608
00669R,國泰美國道瓊反1,30,0,30,富邦-台東,2023-12-26,9608
00632R,元大台灣50反1,30,0,30,富邦-台東,2023-12-26,9608
1609,大亞,30,0,30,富邦-台東,2023-12-26,9608
00919,群益台灣精選高息,21,2,19,富邦-台東,2023-12-26,9608
2344,華邦電,46,27,19,富邦-台東,2023-12-26,9608
2610,華航,16,1,15,富邦-台東,2023-12-26,9608
2618,長榮航,21,6,15,富邦-台東,2023-12-26,9608
2736,富野,15,1,14,富邦-台東,2023-12-26,9608
2409,友達,15,2,13,富邦-台東,2023-12-26,9608
00922,國泰台灣領袖50,20,10,10,富邦-台東,2023-12-26,9608
00706L,期元大S＆P日圓正2,10,0,10,富邦-台東,2023-12-26,9608
2340,台亞,10,0,10,富邦-台東,2023-12-26,9608
5009,榮剛,8,0,8,富邦-台東,2023-12-26,9608
1519,華城,6,0,6,富邦-台東,2023-12-26,9608
00722B,群益投資級電信債,6,0,6,富邦-台東,2023-12-26,9608
00929,復華台灣科技優息,13,7,6,富邦-台東,2023-12-26,9608
2910,統領,6,0,6,富邦-台東,2023-12-26,9608
3376,新日興,8,2,6,富邦-台東,2023-12-26,9608
6208,日揚,6,0,6,富邦-台東,2023-12-26,9608
2401,凌陽,6,1,5,富邦-台東,2023-12-26,9608
00933B,國泰10Y+金融債,5,0,5,富邦-台東,2023-12-26,9608
00752,中信中國50,5,0,5,富邦-台東,2023-12-26,9608
2206,三陽工業,5,0,5,富邦-台東,2023-12-26,9608
2458,義隆,5,0,5,富邦-台東,2023-12-26,9608
2520,冠德,5,0,5,富邦-台東,2023-12-26,9608
3033,威健,5,0,5,富邦-台東,2023-12-26,9608
3362,先進光,7,2,5,富邦-台東,2023-12-26,9608
6005,群益證,5,0,5,富邦-台東,2023-12-26,9608
6742,澤米,5,0,5,富邦-台東,2023-12-26,9608
3706,神達,5,0,5,富邦-台東,2023-12-26,9608
2634,漢翔,5,1,4,富邦-台東,2023-12-26,9608
00712,復華富時不動產,4,0,4,富邦-台東,2023-12-26,9608
2201,裕隆,5,1,4,富邦-台東,2023-12-26,9608
2498,宏達電,4,0,4,富邦-台東,2023-12-26,9608
2032,新鋼,5,1,4,富邦-台東,2023-12-26,9608
2337,旺宏,4,0,4,富邦-台東,2023-12-26,9608
2408,南亞科,5,1,4,富邦-台東,2023-12-26,9608
6182,合晶,4,0,4,富邦-台東,2023-12-26,9608
8103,瀚荃,3,0,3,富邦-台東,2023-12-26,9608
2356,英業達,85,82,3,富邦-台東,2023-12-26,9608
00935,野村臺灣新科技50,3,0,3,富邦-台東,2023-12-26,9608
00934,中信成長高股息,3,0,3,富邦-台東,2023-12-26,9608
00720B,元大投資級公司債,3,0,3,富邦-台東,2023-12-26,9608
00687B,國泰20年美債,3,0,3,富邦-台東,2023-12-26,9608
1314,中石化,3,0,3,富邦-台東,2023-12-26,9608
2323,中環,280,0,280,富邦-台東,2023-12-27,9608
00937B,群益ESG投等債20,102,4,98,富邦-台東,2023-12-27,9608
00632R,元大台灣50反1,47,0,47,富邦-台東,2023-12-27,9608
2014,中鴻,41,10,31,富邦-台東,2023-12-27,9608
8936,國統,31,0,31,富邦-台東,2023-12-27,9608
00673R,期元大S＆P原油反1,27,2,25,富邦-台東,2023-12-27,9608
00637L,元大滬深300正2,25,4,21,富邦-台東,2023-12-27,9608
00919,群益台灣精選高息,21,0,21,富邦-台東,2023-12-27,9608
00669R,國泰美國道瓊反1,20,0,20,富邦-台東,2023-12-27,9608
3362,先進光,25,6,19,富邦-台東,2023-12-27,9608
1101,台泥,20,2,18,富邦-台東,2023-12-27,9608
00934,中信成長高股息,17,0,17,富邦-台東,2023-12-27,9608
00936,台新永續高息中小,15,0,15,富邦-台東,2023-12-27,9608
2023,燁輝,15,0,15,富邦-台東,2023-12-27,9608
1733,五鼎,12,0,12,富邦-台東,2023-12-27,9608
6285,啟��,12,0,12,富邦-台東,2023-12-27,9608
5009,榮剛,13,2,11,富邦-台東,2023-12-27,9608
5347,世界,11,0,11,富邦-台東,2023-12-27,9608
6182,合晶,10,0,10,富邦-台東,2023-12-27,9608
1815,富喬,10,0,10,富邦-台東,2023-12-27,9608
2374,佳能,10,0,10,富邦-台東,2023-12-27,9608
3444,利機,10,0,10,富邦-台東,2023-12-27,9608
6550,北極星藥業-KY,10,0,10,富邦-台東,2023-12-27,9608
2610,華航,12,4,8,富邦-台東,2023-12-27,9608
5210,寶碩,8,0,8,富邦-台東,2023-12-27,9608
00679B,元大美債20年,7,0,7,富邦-台東,2023-12-27,9608
2002,中鋼,11,4,7,富邦-台東,2023-12-27,9608
3346,麗清,11,4,7,富邦-台東,2023-12-27,9608
1504,東元,7,0,7,富邦-台東,2023-12-27,9608
00918,大華優利高填息30,7,1,6,富邦-台東,2023-12-27,9608
00929,復華台灣科技優息,18,12,6,富邦-台東,2023-12-27,9608
3706,神達,8,2,6,富邦-台東,2023-12-27,9608
6139,亞翔,6,0,6,富邦-台東,2023-12-27,9608
6179,亞通,7,1,6,富邦-台東,2023-12-27,9608
3231,緯創,11,6,5,富邦-台東,2023-12-27,9608
3376,新日興,7,2,5,富邦-台東,2023-12-27,9608
00896,中信綠能及電動車,5,0,5,富邦-台東,2023-12-27,9608
1582,信錦,6,1,5,富邦-台東,2023-12-27,9608
2615,萬海,7,2,5,富邦-台東,2023-12-27,9608
3032,偉訓,5,0,5,富邦-台東,2023-12-27,9608
3264,欣銓,5,0,5,富邦-台東,2023-12-27,9608
5351,鈺創,5,0,5,富邦-台東,2023-12-27,9608
6270,倍微,5,0,5,富邦-台東,2023-12-27,9608
2458,義隆,5,1,4,富邦-台東,2023-12-27,9608
2362,藍天,6,2,4,富邦-台東,2023-12-27,9608
2443,昶虹,4,0,4,富邦-台東,2023-12-27,9608
9105,泰金寶-DR,4,0,4,富邦-台東,2023-12-27,9608
2317,鴻海,3,0,3,富邦-台東,2023-12-27,9608
00720B,元大投資級公司債,3,0,3,富邦-台東,2023-12-27,9608
2006,東和鋼鐵,3,0,3,富邦-台東,2023-12-27,9608
2303,聯電,216,32,184,富邦-台東,2023-12-28,9608
00937B,群益ESG投等債20,88,3,85,富邦-台東,2023-12-28,9608
00929,復華台灣科技優息,80,17,63,富邦-台東,2023-12-28,9608
00680L,元大美債20正2,55,0,55,富邦-台東,2023-12-28,9608
00674R,期元大S＆P黃金反1,50,0,50,富邦-台東,2023-12-28,9608
3714,富采,35,0,35,富邦-台東,2023-12-28,9608
2038,海光,34,0,34,富邦-台東,2023-12-28,9608
2603,長榮,39,6,33,富邦-台東,2023-12-28,9608
2353,宏��,84,54,30,富邦-台東,2023-12-28,9608
2323,中環,28,1,27,富邦-台東,2023-12-28,9608
2405,輔信,26,0,26,富邦-台東,2023-12-28,9608
00715L,期街口布蘭特正2,22,0,22,富邦-台東,2023-12-28,9608
00902,中信電池及儲能,20,0,20,富邦-台東,2023-12-28,9608
2340,台亞,20,0,20,富邦-台東,2023-12-28,9608
2845,遠東銀,20,0,20,富邦-台東,2023-12-28,9608
2324,仁寶,25,10,15,富邦-台東,2023-12-28,9608
00919,群益台灣精選高息,14,1,13,富邦-台東,2023-12-28,9608
6188,廣明,13,1,12,富邦-台東,2023-12-28,9608
3231,緯創,12,1,11,富邦-台東,2023-12-28,9608
2408,南亞科,11,0,11,富邦-台東,2023-12-28,9608
3338,泰碩,13,2,11,富邦-台東,2023-12-28,9608
00882,中信中國高股息,10,0,10,富邦-台東,2023-12-28,9608
00753L,中信中國50正2,10,0,10,富邦-台東,2023-12-28,9608
00669R,國泰美國道瓊反1,10,0,10,富邦-台東,2023-12-28,9608
4906,正文,10,0,10,富邦-台東,2023-12-28,9608
8033,雷虎,10,0,10,富邦-台東,2023-12-28,9608
9105,泰金寶-DR,11,1,10,富邦-台東,2023-12-28,9608
3706,神達,38,30,8,富邦-台東,2023-12-28,9608
2313,華通,8,0,8,富邦-台東,2023-12-28,9608
8096,擎亞,34,26,8,富邦-台東,2023-12-28,9608
2337,旺宏,7,0,7,富邦-台東,2023-12-28,9608
2355,敬鵬,8,1,7,富邦-台東,2023-12-28,9608
2610,華航,7,0,7,富邦-台東,2023-12-28,9608
5347,世界,6,0,6,富邦-台東,2023-12-28,9608
00936,台新永續高息中小,6,0,6,富邦-台東,2023-12-28,9608
6122,擎邦,6,0,6,富邦-台東,2023-12-28,9608
2736,富野,5,0,5,富邦-台東,2023-12-28,9608
00688L,國泰20年美債正2,5,0,5,富邦-台東,2023-12-28,9608
00934,中信成長高股息,5,0,5,富邦-台東,2023-12-28,9608
4167,松瑞藥,5,0,5,富邦-台東,2023-12-28,9608
2401,凌陽,5,0,5,富邦-台東,2023-12-28,9608
00933B,國泰10Y+金融債,4,0,4,富邦-台東,2023-12-28,9608
3035,智原,6,2,4,富邦-台東,2023-12-28,9608
00918,大華優利高填息30,4,0,4,富邦-台東,2023-12-28,9608
00726B,國泰新興投等債,4,0,4,富邦-台東,2023-12-28,9608
2365,昆盈,6,2,4,富邦-台東,2023-12-28,9608
2371,大同,5,1,4,富邦-台東,2023-12-28,9608
2421,建準,4,0,4,富邦-台東,2023-12-28,9608
3013,晟銘電,5,1,4,富邦-台東,2023-12-28,9608
3588,通嘉,4,0,4,富邦-台東,2023-12-28,9608
00937B,群益ESG投等債20,148,2,146,富邦-台東,2023-12-29,9608
2323,中環,100,0,100,富邦-台東,2023-12-29,9608
2303,聯電,78,11,67,富邦-台東,2023-12-29,9608
00715L,期街口布蘭特正2,50,0,50,富邦-台東,2023-12-29,9608
1101,台泥,47,1,46,富邦-台東,2023-12-29,9608
00752,中信中國50,30,0,30,富邦-台東,2023-12-29,9608
3714,富采,28,0,28,富邦-台東,2023-12-29,9608
3078,僑威,21,0,21,富邦-台東,2023-12-29,9608
6534,正瀚-創,20,0,20,富邦-台東,2023-12-29,9608
912000,晨訊科-DR,20,0,20,富邦-台東,2023-12-29,9608
00929,復華台灣科技優息,24,5,19,富邦-台東,2023-12-29,9608
00687B,國泰20年美債,19,0,19,富邦-台東,2023-12-29,9608
1584,精剛,16,0,16,富邦-台東,2023-12-29,9608
1514,亞力,22,8,14,富邦-台東,2023-12-29,9608
3645,達邁,12,0,12,富邦-台東,2023-12-29,9608
3006,晶豪科,13,2,11,富邦-台東,2023-12-29,9608
2362,藍天,14,4,10,富邦-台東,2023-12-29,9608
00683L,期元大美元指正2,10,0,10,富邦-台東,2023-12-29,9608
1733,五鼎,10,0,10,富邦-台東,2023-12-29,9608
5355,佳總,10,0,10,富邦-台東,2023-12-29,9608
8410,森田,10,0,10,富邦-台東,2023-12-29,9608
00642U,期元大S＆P石油,9,0,9,富邦-台東,2023-12-29,9608
2516,新建,13,4,9,富邦-台東,2023-12-29,9608
6125,廣運,15,6,9,富邦-台東,2023-12-29,9608
4129,聯合,8,0,8,富邦-台東,2023-12-29,9608
5426,振發,11,3,8,富邦-台東,2023-12-29,9608
3706,神達,25,18,7,富邦-台東,2023-12-29,9608
5223,安力-KY,7,0,7,富邦-台東,2023-12-29,9608
8096,擎亞,7,0,7,富邦-台東,2023-12-29,9608
6139,亞翔,18,11,7,富邦-台東,2023-12-29,9608
00919,群益台灣精選高息,12,6,6,富邦-台東,2023-12-29,9608
6415,矽力*-KY,7,1,6,富邦-台東,2023-12-29,9608
2399,映泰,7,1,6,富邦-台東,2023-12-29,9608
5706,鳳凰,7,1,6,富邦-台東,2023-12-29,9608
9933,中鼎,6,0,6,富邦-台東,2023-12-29,9608
6593,台灣銘板,7,2,5,富邦-台東,2023-12-29,9608
2801,彰銀,5,0,5,富邦-台東,2023-12-29,9608
2356,英業達,23,18,5,富邦-台東,2023-12-29,9608
00935,野村臺灣新科技50,5,0,5,富邦-台東,2023-12-29,9608
00688L,國泰20年美債正2,5,0,5,富邦-台東,2023-12-29,9608
2867,三商壽,5,0,5,富邦-台東,2023-12-29,9608
3362,先進光,5,0,5,富邦-台東,2023-12-29,9608
5009,榮剛,9,4,5,富邦-台東,2023-12-29,9608
5515,建國,5,0,5,富邦-台東,2023-12-29,9608
3406,玉晶光,5,0,5,富邦-台東,2023-12-29,9608
1519,華城,9,4,5,富邦-台東,2023-12-29,9608
2353,宏��,23,19,4,富邦-台東,2023-12-29,9608
00722B,群益投資級電信債,4,0,4,富邦-台東,2023-12-29,9608
1560,中砂,10,6,4,富邦-台東,2023-12-29,9608
2618,長榮航,5,1,4,富邦-台東,2023-12-29,9608
00669R,國泰美國道瓊反1,101,0,101,富邦-台東,2024-01-02,9608
0056,元大高股息,47,0,47,富邦-台東,2024-01-02,9608
00937B,群益ESG投等債20,47,0,47,富邦-台東,2024-01-02,9608
00680L,元大美債20正2,42,0,42,富邦-台東,2024-01-02,9608
00919,群益台灣精選高息,29,0,29,富邦-台東,2024-01-02,9608
6164,華興,30,1,29,富邦-台東,2024-01-02,9608
2344,華邦電,38,13,25,富邦-台東,2024-01-02,9608
2356,英業達,38,16,22,富邦-台東,2024-01-02,9608
00712,復華富時不動產,21,0,21,富邦-台東,2024-01-02,9608
00687B,國泰20年美債,16,0,16,富邦-台東,2024-01-02,9608
00933B,國泰10Y+金融債,16,0,16,富邦-台東,2024-01-02,9608
5347,世界,18,4,14,富邦-台東,2024-01-02,9608
2454,聯發科,17,4,13,富邦-台東,2024-01-02,9608
00934,中信成長高股息,12,0,12,富邦-台東,2024-01-02,9608
00720B,元大投資級公司債,11,0,11,富邦-台東,2024-01-02,9608
00633L,富邦上証正2,10,0,10,富邦-台東,2024-01-02,9608
2402,毅嘉,10,0,10,富邦-台東,2024-01-02,9608
3078,僑威,10,0,10,富邦-台東,2024-01-02,9608
8410,森田,10,0,10,富邦-台東,2024-01-02,9608
00679B,元大美債20年,9,0,9,富邦-台東,2024-01-02,9608
5371,中光電,9,0,9,富邦-台東,2024-01-02,9608
1733,五鼎,10,2,8,富邦-台東,2024-01-02,9608
1560,中砂,10,2,8,富邦-台東,2024-01-02,9608
00688L,國泰20年美債正2,7,0,7,富邦-台東,2024-01-02,9608
00751B,元大AAA至A公司債,6,0,6,富邦-台東,2024-01-02,9608
3231,緯創,19,13,6,富邦-台東,2024-01-02,9608
00706L,期元大S＆P日圓正2,6,0,6,富邦-台東,2024-01-02,9608
00753L,中信中國50正2,6,0,6,富邦-台東,2024-01-02,9608
00936,台新永續高息中小,6,0,6,富邦-台東,2024-01-02,9608
1325,恆大,7,1,6,富邦-台東,2024-01-02,9608
2615,萬海,7,1,6,富邦-台東,2024-01-02,9608
2886,兆豐金,12,6,6,富邦-台東,2024-01-02,9608
5289,宜鼎,6,0,6,富邦-台東,2024-01-02,9608
2324,仁寶,10,4,6,富邦-台東,2024-01-02,9608
2301,光寶科,6,1,5,富邦-台東,2024-01-02,9608
2355,敬鵬,5,0,5,富邦-台東,2024-01-02,9608
3363,上詮,5,0,5,富邦-台東,2024-01-02,9608
3625,西勝,5,0,5,富邦-台東,2024-01-02,9608
6120,達運,5,0,5,富邦-台東,2024-01-02,9608
6683,雍智科技,6,1,5,富邦-台東,2024-01-02,9608
2486,一詮,27,22,5,富邦-台東,2024-01-02,9608
2327,國巨,5,0,5,富邦-台東,2024-01-02,9608
2352,佳世達,6,2,4,富邦-台東,2024-01-02,9608
00795B,中信美國公債20年,4,0,4,富邦-台東,2024-01-02,9608
1503,士電,8,4,4,富邦-台東,2024-01-02,9608
2543,皇昌,4,0,4,富邦-台東,2024-01-02,9608
2888,新光金,4,0,4,富邦-台東,2024-01-02,9608
3499,環天科,4,0,4,富邦-台東,2024-01-02,9608
3548,兆利,4,0,4,富邦-台東,2024-01-02,9608
5515,建國,5,1,4,富邦-台東,2024-01-02,9608
00929,復華台灣科技優息,165,0,165,富邦-台東,2024-01-03,9608
2723,美食-KY,100,0,100,富邦-台東,2024-01-03,9608
2323,中環,100,10,90,富邦-台東,2024-01-03,9608
2324,仁寶,57,5,52,富邦-台東,2024-01-03,9608
00715L,期街口布蘭特正2,40,0,40,富邦-台東,2024-01-03,9608
0056,元大高股息,32,0,32,富邦-台東,2024-01-03,9608
2405,輔信,33,3,30,富邦-台東,2024-01-03,9608
2303,聯電,81,52,29,富邦-台東,2024-01-03,9608
3005,神基,27,0,27,富邦-台東,2024-01-03,9608
2892,第一金,25,0,25,富邦-台東,2024-01-03,9608
2615,萬海,21,0,21,富邦-台東,2024-01-03,9608
2609,陽明,66,46,20,富邦-台東,2024-01-03,9608
00720B,元大投資級公司債,20,0,20,富邦-台東,2024-01-03,9608
6534,正瀚-創,20,0,20,富邦-台東,2024-01-03,9608
00935,野村臺灣新科技50,20,1,19,富邦-台東,2024-01-03,9608
00878,國泰永續高股息,21,3,18,富邦-台東,2024-01-03,9608
2353,宏��,31,14,17,富邦-台東,2024-01-03,9608
8070,長華*,17,0,17,富邦-台東,2024-01-03,9608
2891,中信金,16,0,16,富邦-台東,2024-01-03,9608
00888,永豐台灣ESG,16,0,16,富邦-台東,2024-01-03,9608
2542,興富發,15,0,15,富邦-台東,2024-01-03,9608
2454,聯發科,15,0,15,富邦-台東,2024-01-03,9608
00923,群益台ESG低碳50,14,0,14,富邦-台東,2024-01-03,9608
2520,冠德,14,0,14,富邦-台東,2024-01-03,9608
2610,華航,20,6,14,富邦-台東,2024-01-03,9608
6770,力積電,14,1,13,富邦-台東,2024-01-03,9608
00937B,群益ESG投等債20,15,3,12,富邦-台東,2024-01-03,9608
6491,晶碩,11,0,11,富邦-台東,2024-01-03,9608
00891,中信關鍵半導體,11,0,11,富邦-台東,2024-01-03,9608
00687B,國泰20年美債,11,0,11,富邦-台東,2024-01-03,9608
00933B,國泰10Y+金融債,11,0,11,富邦-台東,2024-01-03,9608
3325,旭品,16,5,11,富邦-台東,2024-01-03,9608
5347,世界,11,0,11,富邦-台東,2024-01-03,9608
2486,一詮,28,17,11,富邦-台東,2024-01-03,9608
00633L,富邦上証正2,10,0,10,富邦-台東,2024-01-03,9608
1314,中石化,10,0,10,富邦-台東,2024-01-03,9608
2883B,凱基金乙特,10,0,10,富邦-台東,2024-01-03,9608
3499,環天科,10,0,10,富邦-台東,2024-01-03,9608
5469,瀚宇博,10,0,10,富邦-台東,2024-01-03,9608
6684,安格,10,0,10,富邦-台東,2024-01-03,9608
6916,華凌,10,0,10,富邦-台東,2024-01-03,9608
2331,精英,31,22,9,富邦-台東,2024-01-03,9608
3346,麗清,11,2,9,富邦-台東,2024-01-03,9608
00772B,中信高評級公司債,8,0,8,富邦-台東,2024-01-03,9608
00706L,期元大S＆P日圓正2,8,0,8,富邦-台東,2024-01-03,9608
0050,元大台灣50,7,0,7,富邦-台東,2024-01-03,9608
2498,宏達電,7,0,7,富邦-台東,2024-01-03,9608
00922,國泰台灣領袖50,7,0,7,富邦-台東,2024-01-03,9608
00679B,元大美債20年,7,0,7,富邦-台東,2024-01-03,9608
2201,裕隆,7,0,7,富邦-台東,2024-01-03,9608
00706L,期元大S＆P日圓正2,73,0,73,富邦-台東,2024-01-04,9608
2344,華邦電,62,21,41,富邦-台東,2024-01-04,9608
2454,聯發科,30,0,30,富邦-台東,2024-01-04,9608
00929,復華台灣科技優息,26,1,25,富邦-台東,2024-01-04,9608
00927,群益半導體收益,21,0,21,富邦-台東,2024-01-04,9608
00720B,元大投資級公司債,19,0,19,富邦-台東,2024-01-04,9608
00633L,富邦上証正2,16,2,14,富邦-台東,2024-01-04,9608
2342,茂矽,13,0,13,富邦-台東,2024-01-04,9608
2353,宏��,26,13,13,富邦-台東,2024-01-04,9608
0056,元大高股息,12,0,12,富邦-台東,2024-01-04,9608
2637,慧洋-KY,13,1,12,富邦-台東,2024-01-04,9608
00937B,群益ESG投等債20,17,5,12,富邦-台東,2024-01-04,9608
6288,聯嘉,12,1,11,富邦-台東,2024-01-04,9608
1598,岱宇,10,0,10,富邦-台東,2024-01-04,9608
2883B,凱基金乙特,10,0,10,富邦-台東,2024-01-04,9608
6534,正瀚-創,10,0,10,富邦-台東,2024-01-04,9608
1611,中電,9,0,9,富邦-台東,2024-01-04,9608
00919,群益台灣精選高息,8,0,8,富邦-台東,2024-01-04,9608
1515,力山,8,0,8,富邦-台東,2024-01-04,9608
2867,三商壽,8,0,8,富邦-台東,2024-01-04,9608
6187,萬潤,8,0,8,富邦-台東,2024-01-04,9608
00882,中信中國高股息,7,0,7,富邦-台東,2024-01-04,9608
3006,晶豪科,7,0,7,富邦-台東,2024-01-04,9608
8410,森田,7,0,7,富邦-台東,2024-01-04,9608
3037,欣興,6,0,6,富邦-台東,2024-01-04,9608
1319,東陽,6,0,6,富邦-台東,2024-01-04,9608
2605,新興,8,2,6,富邦-台東,2024-01-04,9608
5223,安力-KY,6,0,6,富邦-台東,2024-01-04,9608
6189,豐藝,6,0,6,富邦-台東,2024-01-04,9608
3260,威剛,7,2,5,富邦-台東,2024-01-04,9608
2201,裕隆,5,0,5,富邦-台東,2024-01-04,9608
00680L,元大美債20正2,8,3,5,富邦-台東,2024-01-04,9608
2355,敬鵬,5,0,5,富邦-台東,2024-01-04,9608
5355,佳總,5,0,5,富邦-台東,2024-01-04,9608
6163,華電網,5,0,5,富邦-台東,2024-01-04,9608
8426,紅木-KY,5,0,5,富邦-台東,2024-01-04,9608
00858,永豐美國500大,4,0,4,富邦-台東,2024-01-04,9608
00934,中信成長高股息,4,0,4,富邦-台東,2024-01-04,9608
2328,廣宇,4,0,4,富邦-台東,2024-01-04,9608
4967,十銓,4,0,4,富邦-台東,2024-01-04,9608
5469,瀚宇博,5,1,4,富邦-台東,2024-01-04,9608
8096,擎亞,20,16,4,富邦-台東,2024-01-04,9608
2409,友達,10,6,4,富邦-台東,2024-01-04,9608
3483,力致,3,0,3,富邦-台東,2024-01-04,9608
6112,邁達特,3,0,3,富邦-台東,2024-01-04,9608
00930,永豐ESG低碳高息,3,0,3,富邦-台東,2024-01-04,9608
00862B,中信投資級公司債,3,0,3,富邦-台東,2024-01-04,9608
00881,國泰台灣5G+,3,0,3,富邦-台東,2024-01-04,9608
00751B,元大AAA至A公司債,4,1,3,富邦-台東,2024-01-04,9608
2356,英業達,15,12,3,富邦-台東,2024-01-04,9608
2323,中環,300,110,190,富邦-台東,2024-01-05,9608
2618,長榮航,148,38,110,富邦-台東,2024-01-05,9608
00929,復華台灣科技優息,50,3,47,富邦-台東,2024-01-05,9608
00937B,群益ESG投等債20,52,18,34,富邦-台東,2024-01-05,9608
2515,中工,34,0,34,富邦-台東,2024-01-05,9608
00919,群益台灣精選高息,45,15,30,富邦-台東,2024-01-05,9608
00680L,元大美債20正2,34,5,29,富邦-台東,2024-01-05,9608
2328,廣宇,26,0,26,富邦-台東,2024-01-05,9608
00706L,期元大S＆P日圓正2,25,0,25,富邦-台東,2024-01-05,9608
00687B,國泰20年美債,20,0,20,富邦-台東,2024-01-05,9608
2038,海光,16,1,15,富邦-台東,2024-01-05,9608
00696B,富邦美債20年,14,0,14,富邦-台東,2024-01-05,9608
1618,合機,12,0,12,富邦-台東,2024-01-05,9608
6414,樺漢,11,0,11,富邦-台東,2024-01-05,9608
1409,新纖,11,0,11,富邦-台東,2024-01-05,9608
2027,大成鋼,11,0,11,富邦-台東,2024-01-05,9608
2611,志信,11,0,11,富邦-台東,2024-01-05,9608
3438,類比科,12,1,11,富邦-台東,2024-01-05,9608
2014,中鴻,10,0,10,富邦-台東,2024-01-05,9608
2883B,凱基金乙特,10,0,10,富邦-台東,2024-01-05,9608
4930,燦星網,10,0,10,富邦-台東,2024-01-05,9608
6684,安格,10,0,10,富邦-台東,2024-01-05,9608
00923,群益台ESG低碳50,11,2,9,富邦-台東,2024-01-05,9608
2363,矽統,9,0,9,富邦-台東,2024-01-05,9608
2610,華航,21,13,8,富邦-台東,2024-01-05,9608
3232,昱捷,8,0,8,富邦-台東,2024-01-05,9608
0056,元大高股息,15,7,8,富邦-台東,2024-01-05,9608
2368,金像電,8,1,7,富邦-台東,2024-01-05,9608
2353,宏��,12,5,7,富邦-台東,2024-01-05,9608
1338,廣華-KY,7,0,7,富邦-台東,2024-01-05,9608
3380,明泰,38,31,7,富邦-台東,2024-01-05,9608
3390,旭軟,8,2,6,富邦-台東,2024-01-05,9608
3694,海華,6,0,6,富邦-台東,2024-01-05,9608
4129,聯合,6,0,6,富邦-台東,2024-01-05,9608
8426,紅木-KY,6,0,6,富邦-台東,2024-01-05,9608
2357,華碩,5,0,5,富邦-台東,2024-01-05,9608
00935,野村臺灣新科技50,5,0,5,富邦-台東,2024-01-05,9608
1734,杏輝,5,0,5,富邦-台東,2024-01-05,9608
2007,燁興,5,0,5,富邦-台東,2024-01-05,9608
2201,裕隆,5,0,5,富邦-台東,2024-01-05,9608
2303,聯電,61,56,5,富邦-台東,2024-01-05,9608
2344,華邦電,7,2,5,富邦-台東,2024-01-05,9608
3710,連展投控,5,0,5,富邦-台東,2024-01-05,9608
5607,遠雄港,5,0,5,富邦-台東,2024-01-05,9608
00795B,中信美國公債20年,4,0,4,富邦-台東,2024-01-05,9608
0050,元大台灣50,4,0,4,富邦-台東,2024-01-05,9608
1529,樂事綠能,4,0,4,富邦-台東,2024-01-05,9608
2329,華泰,4,0,4,富邦-台東,2024-01-05,9608
2492,華新科,4,0,4,富邦-台東,2024-01-05,9608
2605,新興,27,23,4,富邦-台東,2024-01-05,9608
00929,復華台灣科技優息,86,0,86,富邦-台東,2024-01-08,9608
00632R,元大台灣50反1,83,0,83,富邦-台東,2024-01-08,9608
00930,永豐ESG低碳高息,63,0,63,富邦-台東,2024-01-08,9608
2303,聯電,91,51,40,富邦-台東,2024-01-08,9608
00724B,群益投資級金融債,31,0,31,富邦-台東,2024-01-08,9608
00680L,元大美債20正2,33,2,31,富邦-台東,2024-01-08,9608
2353,宏��,43,21,22,富邦-台東,2024-01-08,9608
00919,群益台灣精選高息,35,15,20,富邦-台東,2024-01-08,9608
2888,新光金,16,0,16,富邦-台東,2024-01-08,9608
00673R,期元大S＆P原油反1,15,0,15,富邦-台東,2024-01-08,9608
00931B,統一美債20年,13,0,13,富邦-台東,2024-01-08,9608
2324,仁寶,15,2,13,富邦-台東,2024-01-08,9608
00937B,群益ESG投等債20,15,2,13,富邦-台東,2024-01-08,9608
6187,萬潤,12,0,12,富邦-台東,2024-01-08,9608
6274,台燿,15,3,12,富邦-台東,2024-01-08,9608
00687B,國泰20年美債,11,0,11,富邦-台東,2024-01-08,9608
00753L,中信中國50正2,11,0,11,富邦-台東,2024-01-08,9608
00696B,富邦美債20年,11,0,11,富邦-台東,2024-01-08,9608
6239,力成,11,0,11,富邦-台東,2024-01-08,9608
4979,華星光,10,0,10,富邦-台東,2024-01-08,9608
00905,FT臺灣Smart,10,0,10,富邦-台東,2024-01-08,9608
00650L,復華香港正2,10,0,10,富邦-台東,2024-01-08,9608
2038,海光,10,0,10,富邦-台東,2024-01-08,9608
2489,瑞軒,11,1,10,富邦-台東,2024-01-08,9608
2883B,凱基金乙特,10,0,10,富邦-台東,2024-01-08,9608
6125,廣運,10,0,10,富邦-台東,2024-01-08,9608
6770,力積電,20,10,10,富邦-台東,2024-01-08,9608
8111,立��,10,0,10,富邦-台東,2024-01-08,9608
9941,裕融,10,0,10,富邦-台東,2024-01-08,9608
00795B,中信美國公債20年,8,0,8,富邦-台東,2024-01-08,9608
3025,星通,8,0,8,富邦-台東,2024-01-08,9608
2454,聯發科,7,0,7,富邦-台東,2024-01-08,9608
1513,中興電,7,0,7,富邦-台東,2024-01-08,9608
00933B,國泰10Y+金融債,7,0,7,富邦-台東,2024-01-08,9608
2436,偉詮電,7,0,7,富邦-台東,2024-01-08,9608
2603,長榮,9,2,7,富邦-台東,2024-01-08,9608
5469,瀚宇博,7,0,7,富邦-台東,2024-01-08,9608
00882,中信中國高股息,6,0,6,富邦-台東,2024-01-08,9608
2002,中鋼,7,1,6,富邦-台東,2024-01-08,9608
6278,台表科,6,0,6,富邦-台東,2024-01-08,9608
00888,永豐台灣ESG,5,0,5,富邦-台東,2024-01-08,9608
00706L,期元大S＆P日圓正2,5,0,5,富邦-台東,2024-01-08,9608
2354,鴻準,5,0,5,富邦-台東,2024-01-08,9608
2611,志信,5,0,5,富邦-台東,2024-01-08,9608
8046,南電,4,0,4,富邦-台東,2024-01-08,9608
00722B,群益投資級電信債,4,0,4,富邦-台東,2024-01-08,9608
2368,金像電,4,0,4,富邦-台東,2024-01-08,9608
4133,亞諾法,4,0,4,富邦-台東,2024-01-08,9608
6625,必應,22,18,4,富邦-台東,2024-01-08,9608
8271,宇瞻,4,0,4,富邦-台東,2024-01-08,9608
6223,旺矽,397,2,395,富邦-台東,2024-01-09,9608
2002,中鋼,110,1,109,富邦-台東,2024-01-09,9608
2609,陽明,81,21,60,富邦-台東,2024-01-09,9608
00919,群益台灣精選高息,57,1,56,富邦-台東,2024-01-09,9608
01004T,土銀富邦R2,50,0,50,富邦-台東,2024-01-09,9608
3006,晶豪科,43,0,43,富邦-台東,2024-01-09,9608
6116,彩晶,32,0,32,富邦-台東,2024-01-09,9608
2324,仁寶,42,15,27,富邦-台東,2024-01-09,9608
00715L,期街口布蘭特正2,26,0,26,富邦-台東,2024-01-09,9608
2038,海光,25,0,25,富邦-台東,2024-01-09,9608
1609,大亞,21,0,21,富邦-台東,2024-01-09,9608
2449,京元電子,20,0,20,富邦-台東,2024-01-09,9608
3046,建��,24,4,20,富邦-台東,2024-01-09,9608
2888,新光金,20,1,19,富邦-台東,2024-01-09,9608
1612,宏泰,17,0,17,富邦-台東,2024-01-09,9608
00931B,統一美債20年,13,0,13,富邦-台東,2024-01-09,9608
3592,瑞鼎,11,0,11,富邦-台東,2024-01-09,9608
2603,長榮,16,6,10,富邦-台東,2024-01-09,9608
00642U,期元大S＆P石油,10,0,10,富邦-台東,2024-01-09,9608
2329,華泰,18,8,10,富邦-台東,2024-01-09,9608
2340,台亞,10,0,10,富邦-台東,2024-01-09,9608
2374,佳能,10,0,10,富邦-台東,2024-01-09,9608
2402,毅嘉,10,0,10,富邦-台東,2024-01-09,9608
5519,隆大,10,0,10,富邦-台東,2024-01-09,9608
1603,華電,9,0,9,富邦-台東,2024-01-09,9608
2356,英業達,18,9,9,富邦-台東,2024-01-09,9608
00900,富邦特選高股息30,8,0,8,富邦-台東,2024-01-09,9608
2610,華航,19,11,8,富邦-台東,2024-01-09,9608
2352,佳世達,87,80,7,富邦-台東,2024-01-09,9608
00885,富邦越南,6,0,6,富邦-台東,2024-01-09,9608
2515,中工,6,0,6,富邦-台東,2024-01-09,9608
6770,力積電,6,0,6,富邦-台東,2024-01-09,9608
4743,合一,5,0,5,富邦-台東,2024-01-09,9608
00687B,國泰20年美債,5,0,5,富邦-台東,2024-01-09,9608
00753L,中信中國50正2,5,0,5,富邦-台東,2024-01-09,9608
1605,華新,5,0,5,富邦-台東,2024-01-09,9608
1721,三晃,10,5,5,富邦-台東,2024-01-09,9608
2362,藍天,6,1,5,富邦-台東,2024-01-09,9608
2867,三商壽,5,0,5,富邦-台東,2024-01-09,9608
2882,國泰金,5,0,5,富邦-台東,2024-01-09,9608
3260,威剛,6,1,5,富邦-台東,2024-01-09,9608
3706,神達,5,0,5,富邦-台東,2024-01-09,9608
3714,富采,5,0,5,富邦-台東,2024-01-09,9608
5471,松翰,5,0,5,富邦-台東,2024-01-09,9608
6168,宏齊,5,0,5,富邦-台東,2024-01-09,9608
2308,台達電,4,0,4,富邦-台東,2024-01-09,9608
00927,群益半導體收益,4,0,4,富邦-台東,2024-01-09,9608
2388,威盛,5,1,4,富邦-台東,2024-01-09,9608
00881,國泰台灣5G+,4,0,4,富邦-台東,2024-01-09,9608
4164,承業醫,4,0,4,富邦-台東,2024-01-09,9608
5880,合庫金,86,0,86,富邦-台東,2024-01-10,9608
00919,群益台灣精選高息,50,0,50,富邦-台東,2024-01-10,9608
2867,三商壽,35,0,35,富邦-台東,2024-01-10,9608
00929,復華台灣科技優息,34,0,34,富邦-台東,2024-01-10,9608
2356,英業達,39,8,31,富邦-台東,2024-01-10,9608
00680L,元大美債20正2,30,0,30,富邦-台東,2024-01-10,9608
1810,和成,20,0,20,富邦-台東,2024-01-10,9608
2342,茂矽,20,0,20,富邦-台東,2024-01-10,9608
2449,京元電子,20,0,20,富邦-台東,2024-01-10,9608
6770,力積電,20,2,18,富邦-台東,2024-01-10,9608
2498,宏達電,24,8,16,富邦-台東,2024-01-10,9608
00706L,期元大S＆P日圓正2,15,0,15,富邦-台東,2024-01-10,9608
00927,群益半導體收益,12,0,12,富邦-台東,2024-01-10,9608
2915,潤泰全,11,0,11,富邦-台東,2024-01-10,9608
2630,亞航,68,58,10,富邦-台東,2024-01-10,9608
1303,南亞,10,0,10,富邦-台東,2024-01-10,9608
01004T,土銀富邦R2,10,0,10,富邦-台東,2024-01-10,9608
00904,新光臺灣半導體30,10,0,10,富邦-台東,2024-01-10,9608
1609,大亞,10,0,10,富邦-台東,2024-01-10,9608
2340,台亞,10,0,10,富邦-台東,2024-01-10,9608
0056,元大高股息,9,0,9,富邦-台東,2024-01-10,9608
00930,永豐ESG低碳高息,8,0,8,富邦-台東,2024-01-10,9608
6112,邁達特,8,0,8,富邦-台東,2024-01-10,9608
00937B,群益ESG投等債20,15,7,8,富邦-台東,2024-01-10,9608
2634,漢翔,13,6,7,富邦-台東,2024-01-10,9608
1612,宏泰,8,1,7,富邦-台東,2024-01-10,9608
1760,寶齡富錦,7,0,7,富邦-台東,2024-01-10,9608
3548,兆利,14,7,7,富邦-台東,2024-01-10,9608
00878,國泰永續高股息,6,0,6,富邦-台東,2024-01-10,9608
1319,東陽,6,0,6,富邦-台東,2024-01-10,9608
6116,彩晶,6,0,6,富邦-台東,2024-01-10,9608
0050,元大台灣50,6,0,6,富邦-台東,2024-01-10,9608
2301,光寶科,6,1,5,富邦-台東,2024-01-10,9608
2812,台中銀,5,0,5,富邦-台東,2024-01-10,9608
8011,台通,5,0,5,富邦-台東,2024-01-10,9608
00679B,元大美債20年,10,5,5,富邦-台東,2024-01-10,9608
00720B,元大投資級公司債,5,0,5,富邦-台東,2024-01-10,9608
00746B,富邦A級公司債,5,0,5,富邦-台東,2024-01-10,9608
1337,再生-KY,5,0,5,富邦-台東,2024-01-10,9608
1515,力山,5,0,5,富邦-台東,2024-01-10,9608
1529,樂事綠能,5,0,5,富邦-台東,2024-01-10,9608
2883B,凱基金乙特,5,0,5,富邦-台東,2024-01-10,9608
3714,富采,5,0,5,富邦-台東,2024-01-10,9608
5469,瀚宇博,5,0,5,富邦-台東,2024-01-10,9608
6134,萬旭,5,0,5,富邦-台東,2024-01-10,9608
6916,華凌,5,0,5,富邦-台東,2024-01-10,9608
8110,華東,5,0,5,富邦-台東,2024-01-10,9608
3013,晟銘電,4,0,4,富邦-台東,2024-01-10,9608
2454,聯發科,4,0,4,富邦-台東,2024-01-10,9608
2317,鴻海,5,1,4,富邦-台東,2024-01-10,9608
00632R,元大台灣50反1,122,0,122,富邦-台東,2024-01-11,9608
00857B,永豐20年美公債,100,0,100,富邦-台東,2024-01-11,9608
00919,群益台灣精選高息,72,7,65,富邦-台東,2024-01-11,9608
5521,工信,55,3,52,富邦-台東,2024-01-11,9608
2374,佳能,50,0,50,富邦-台東,2024-01-11,9608
2344,華邦電,39,3,36,富邦-台東,2024-01-11,9608
01004T,土銀富邦R2,50,15,35,富邦-台東,2024-01-11,9608
00696B,富邦美債20年,26,0,26,富邦-台東,2024-01-11,9608
00715L,期街口布蘭特正2,25,0,25,富邦-台東,2024-01-11,9608
00929,復華台灣科技優息,56,32,24,富邦-台東,2024-01-11,9608
00927,群益半導體收益,20,0,20,富邦-台東,2024-01-11,9608
00706L,期元大S＆P日圓正2,20,0,20,富邦-台東,2024-01-11,9608
2324,仁寶,36,16,20,富邦-台東,2024-01-11,9608
2618,長榮航,23,4,19,富邦-台東,2024-01-11,9608
8096,擎亞,40,24,16,富邦-台東,2024-01-11,9608
2353,宏��,34,20,14,富邦-台東,2024-01-11,9608
6684,安格,13,0,13,富邦-台東,2024-01-11,9608
6140,訊達,14,2,12,富邦-台東,2024-01-11,9608
6187,萬潤,11,0,11,富邦-台東,2024-01-11,9608
2884,玉山金,10,0,10,富邦-台東,2024-01-11,9608
2206,三陽工業,10,0,10,富邦-台東,2024-01-11,9608
2834,臺企銀,10,0,10,富邦-台東,2024-01-11,9608
3041,揚智,10,0,10,富邦-台東,2024-01-11,9608
6584,南俊國際,10,0,10,富邦-台東,2024-01-11,9608
2201,裕隆,10,0,10,富邦-台東,2024-01-11,9608
2610,華航,20,11,9,富邦-台東,2024-01-11,9608
00881,國泰台灣5G+,9,0,9,富邦-台東,2024-01-11,9608
00679B,元大美債20年,10,1,9,富邦-台東,2024-01-11,9608
5258,虹堡,11,2,9,富邦-台東,2024-01-11,9608
2363,矽統,10,2,8,富邦-台東,2024-01-11,9608
2312,金寶,7,0,7,富邦-台東,2024-01-11,9608
2408,南亞科,13,6,7,富邦-台東,2024-01-11,9608
4968,立積,8,1,7,富邦-台東,2024-01-11,9608
6695,芯鼎,14,7,7,富邦-台東,2024-01-11,9608
2882,國泰金,6,0,6,富邦-台東,2024-01-11,9608
2243,宏旭-KY,6,0,6,富邦-台東,2024-01-11,9608
3027,盛達,6,0,6,富邦-台東,2024-01-11,9608
3372,典範,6,0,6,富邦-台東,2024-01-11,9608
00933B,國泰10Y+金融債,6,1,5,富邦-台東,2024-01-11,9608
1339,昭輝,5,0,5,富邦-台東,2024-01-11,9608
2022,聚亨,5,0,5,富邦-台東,2024-01-11,9608
2404,漢唐,5,0,5,富邦-台東,2024-01-11,9608
3052,夆典,5,0,5,富邦-台東,2024-01-11,9608
3592,瑞鼎,5,0,5,富邦-台東,2024-01-11,9608
6216,居易,5,0,5,富邦-台東,2024-01-11,9608
6261,久元,5,0,5,富邦-台東,2024-01-11,9608
9933,中鼎,5,0,5,富邦-台東,2024-01-11,9608
2388,威盛,6,2,4,富邦-台東,2024-01-11,9608
2426,鼎元,4,0,4,富邦-台東,2024-01-11,9608
3260,威剛,7,3,4,富邦-台東,2024-01-11,9608
00632R,元大台灣50反1,100,0,100,富邦-台東,2024-01-12,9608
00929,復華台灣科技優息,75,1,74,富邦-台東,2024-01-12,9608
00706L,期元大S＆P日圓正2,50,0,50,富邦-台東,2024-01-12,9608
00673R,期元大S＆P原油反1,45,1,44,富邦-台東,2024-01-12,9608
1108,幸福,34,0,34,富邦-台東,2024-01-12,9608
00937B,群益ESG投等債20,27,0,27,富邦-台東,2024-01-12,9608
5426,振發,49,26,23,富邦-台東,2024-01-12,9608
2515,中工,26,4,22,富邦-台東,2024-01-12,9608
2365,昆盈,20,0,20,富邦-台東,2024-01-12,9608
2208,台船,32,13,19,富邦-台東,2024-01-12,9608
2618,長榮航,65,48,17,富邦-台東,2024-01-12,9608
2312,金寶,16,0,16,富邦-台東,2024-01-12,9608
2867,三商壽,16,0,16,富邦-台東,2024-01-12,9608
4909,新復興,23,8,15,富邦-台東,2024-01-12,9608
00904,新光臺灣半導體30,14,0,14,富邦-台東,2024-01-12,9608
0056,元大高股息,14,0,14,富邦-台東,2024-01-12,9608
2201,裕隆,13,2,11,富邦-台東,2024-01-12,9608
3041,揚智,11,0,11,富邦-台東,2024-01-12,9608
5258,虹堡,12,2,10,富邦-台東,2024-01-12,9608
00725B,國泰投資級公司債,10,0,10,富邦-台東,2024-01-12,9608
2367,燿華,10,0,10,富邦-台東,2024-01-12,9608
2605,新興,10,0,10,富邦-台東,2024-01-12,9608
2888,新光金,10,0,10,富邦-台東,2024-01-12,9608
2890,永豐金,10,0,10,富邦-台東,2024-01-12,9608
00919,群益台灣精選高息,9,0,9,富邦-台東,2024-01-12,9608
2371,大同,10,1,9,富邦-台東,2024-01-12,9608
4956,光鋐,12,3,9,富邦-台東,2024-01-12,9608
6120,達運,19,10,9,富邦-台東,2024-01-12,9608
1612,宏泰,8,0,8,富邦-台東,2024-01-12,9608
1710,東聯,8,0,8,富邦-台東,2024-01-12,9608
00936,台新永續高息中小,7,0,7,富邦-台東,2024-01-12,9608
00922,國泰台灣領袖50,7,0,7,富邦-台東,2024-01-12,9608
00927,群益半導體收益,7,0,7,富邦-台東,2024-01-12,9608
1528,恩德,9,2,7,富邦-台東,2024-01-12,9608
00885,富邦越南,6,0,6,富邦-台東,2024-01-12,9608
2913,農林,10,4,6,富邦-台東,2024-01-12,9608
00696B,富邦美債20年,5,0,5,富邦-台東,2024-01-12,9608
2498,宏達電,5,0,5,富邦-台東,2024-01-12,9608
1101,台泥,5,0,5,富邦-台東,2024-01-12,9608
01004T,土銀富邦R2,5,0,5,富邦-台東,2024-01-12,9608
00688L,國泰20年美債正2,5,0,5,富邦-台東,2024-01-12,9608
1618,合機,5,0,5,富邦-台東,2024-01-12,9608
1795,美時,6,1,5,富邦-台東,2024-01-12,9608
2427,三商電,6,1,5,富邦-台東,2024-01-12,9608
2891,中信金,5,0,5,富邦-台東,2024-01-12,9608
3021,鴻名,10,5,5,富邦-台東,2024-01-12,9608
6122,擎邦,5,0,5,富邦-台東,2024-01-12,9608
3588,通嘉,4,0,4,富邦-台東,2024-01-12,9608
2353,宏��,27,23,4,富邦-台東,2024-01-12,9608
0050,元大台灣50,4,0,4,富邦-台東,2024-01-12,9608
2618,長榮航,72,7,65,富邦-台東,2024-01-15,9608
1810,和成,30,0,30,富邦-台東,2024-01-15,9608
00933B,國泰10Y+金融債,26,2,24,富邦-台東,2024-01-15,9608
2353,宏��,34,11,23,富邦-台東,2024-01-15,9608
00725B,國泰投資級公司債,20,0,20,富邦-台東,2024-01-15,9608
2340,台亞,20,0,20,富邦-台東,2024-01-15,9608
1529,樂事綠能,18,0,18,富邦-台東,2024-01-15,9608
2027,大成鋼,18,0,18,富邦-台東,2024-01-15,9608
1108,幸福,16,0,16,富邦-台東,2024-01-15,9608
6244,茂迪,15,0,15,富邦-台東,2024-01-15,9608
3231,緯創,22,8,14,富邦-台東,2024-01-15,9608
3624,光頡,13,0,13,富邦-台東,2024-01-15,9608
4934,太極,13,1,12,富邦-台東,2024-01-15,9608
0056,元大高股息,11,1,10,富邦-台東,2024-01-15,9608
2356,英業達,25,15,10,富邦-台東,2024-01-15,9608
1616,億泰,10,0,10,富邦-台東,2024-01-15,9608
2014,中鴻,10,0,10,富邦-台東,2024-01-15,9608
2206,三陽工業,10,0,10,富邦-台東,2024-01-15,9608
2834,臺企銀,10,0,10,富邦-台東,2024-01-15,9608
2890,永豐金,10,0,10,富邦-台東,2024-01-15,9608
2915,潤泰全,10,0,10,富邦-台東,2024-01-15,9608
3049,精金,10,0,10,富邦-台東,2024-01-15,9608
3715,定穎投控,15,5,10,富邦-台東,2024-01-15,9608
6534,正瀚-創,10,0,10,富邦-台東,2024-01-15,9608
9103,美德醫療-DR,10,0,10,富邦-台東,2024-01-15,9608
1303,南亞,10,1,9,富邦-台東,2024-01-15,9608
2641,正德,10,1,9,富邦-台東,2024-01-15,9608
3481,群創,10,1,9,富邦-台東,2024-01-15,9608
2634,漢翔,18,9,9,富邦-台東,2024-01-15,9608
2731,雄獅,9,1,8,富邦-台東,2024-01-15,9608
8105,凌巨,8,0,8,富邦-台東,2024-01-15,9608
8222,寶一,23,16,7,富邦-台東,2024-01-15,9608
9958,世紀鋼,6,0,6,富邦-台東,2024-01-15,9608
3035,智原,10,4,6,富邦-台東,2024-01-15,9608
2317,鴻海,6,0,6,富邦-台東,2024-01-15,9608
01004T,土銀富邦R2,6,0,6,富邦-台東,2024-01-15,9608
00764B,群益25年美債,6,0,6,富邦-台東,2024-01-15,9608
1503,士電,6,0,6,富邦-台東,2024-01-15,9608
1609,大亞,27,21,6,富邦-台東,2024-01-15,9608
2371,大同,9,3,6,富邦-台東,2024-01-15,9608
2610,華航,26,20,6,富邦-台東,2024-01-15,9608
2748,雲品,6,0,6,富邦-台東,2024-01-15,9608
2301,光寶科,5,0,5,富邦-台東,2024-01-15,9608
00679B,元大美債20年,5,0,5,富邦-台東,2024-01-15,9608
00770,國泰北美科技,5,0,5,富邦-台東,2024-01-15,9608
1721,三晃,5,0,5,富邦-台東,2024-01-15,9608
2393,億光,5,0,5,富邦-台東,2024-01-15,9608
5355,佳總,5,0,5,富邦-台東,2024-01-15,9608
5381,合正,5,0,5,富邦-台東,2024-01-15,9608
6122,擎邦,5,0,5,富邦-台東,2024-01-15,9608
00929,復華台灣科技優息,82,4,78,富邦-台東,2024-01-16,9608
2312,金寶,71,1,70,富邦-台東,2024-01-16,9608
00706L,期元大S＆P日圓正2,55,0,55,富邦-台東,2024-01-16,9608
0056,元大高股息,41,0,41,富邦-台東,2024-01-16,9608
00720B,元大投資級公司債,38,0,38,富邦-台東,2024-01-16,9608
2888,新光金,37,0,37,富邦-台東,2024-01-16,9608
2834,臺企銀,29,0,29,富邦-台東,2024-01-16,9608
2801,彰銀,27,0,27,富邦-台東,2024-01-16,9608
2603,長榮,30,7,23,富邦-台東,2024-01-16,9608
00680L,元大美債20正2,20,0,20,富邦-台東,2024-01-16,9608
00687B,國泰20年美債,19,0,19,富邦-台東,2024-01-16,9608
2885,元大金,16,0,16,富邦-台東,2024-01-16,9608
00927,群益半導體收益,15,0,15,富邦-台東,2024-01-16,9608
2892,第一金,15,0,15,富邦-台東,2024-01-16,9608
2208,台船,16,1,15,富邦-台東,2024-01-16,9608
2405,輔信,23,8,15,富邦-台東,2024-01-16,9608
8096,擎亞,94,79,15,富邦-台東,2024-01-16,9608
5210,寶碩,15,0,15,富邦-台東,2024-01-16,9608
00933B,國泰10Y+金融債,14,0,14,富邦-台東,2024-01-16,9608
00712,復華富時不動產,15,1,14,富邦-台東,2024-01-16,9608
2883,凱基金,14,0,14,富邦-台東,2024-01-16,9608
3231,緯創,21,8,13,富邦-台東,2024-01-16,9608
1303,南亞,12,0,12,富邦-台東,2024-01-16,9608
1528,恩德,32,20,12,富邦-台東,2024-01-16,9608
2609,陽明,33,21,12,富邦-台東,2024-01-16,9608
5426,振發,20,8,12,富邦-台東,2024-01-16,9608
6244,茂迪,12,0,12,富邦-台東,2024-01-16,9608
3712,永崴投控,11,0,11,富邦-台東,2024-01-16,9608
6140,訊達,11,0,11,富邦-台東,2024-01-16,9608
00679B,元大美債20年,10,0,10,富邦-台東,2024-01-16,9608
2486,一詮,10,0,10,富邦-台東,2024-01-16,9608
1102,亞泥,10,0,10,富邦-台東,2024-01-16,9608
2034,允強,10,0,10,富邦-台東,2024-01-16,9608
3260,威剛,10,0,10,富邦-台東,2024-01-16,9608
9103,美德醫療-DR,10,0,10,富邦-台東,2024-01-16,9608
5880,合庫金,9,0,9,富邦-台東,2024-01-16,9608
2515,中工,9,0,9,富邦-台東,2024-01-16,9608
1514,亞力,19,10,9,富邦-台東,2024-01-16,9608
3624,光頡,9,0,9,富邦-台東,2024-01-16,9608
4909,新復興,23,14,9,富邦-台東,2024-01-16,9608
5351,鈺創,23,14,9,富邦-台東,2024-01-16,9608
2880,華南金,8,0,8,富邦-台東,2024-01-16,9608
6288,聯嘉,8,0,8,富邦-台東,2024-01-16,9608
6684,安格,21,13,8,富邦-台東,2024-01-16,9608
3025,星通,16,9,7,富邦-台東,2024-01-16,9608
00753L,中信中國50正2,7,0,7,富邦-台東,2024-01-16,9608
1618,合機,7,0,7,富邦-台東,2024-01-16,9608
2329,華泰,38,31,7,富邦-台東,2024-01-16,9608
1609,大亞,6,0,6,富邦-台東,2024-01-16,9608
2002,中鋼,7,1,6,富邦-台東,2024-01-16,9608
00929,復華台灣科技優息,134,10,124,富邦-台東,2024-01-17,9608
00680L,元大美債20正2,67,0,67,富邦-台東,2024-01-17,9608
00919,群益台灣精選高息,75,10,65,富邦-台東,2024-01-17,9608
0056,元大高股息,65,0,65,富邦-台東,2024-01-17,9608
00706L,期元大S＆P日圓正2,60,0,60,富邦-台東,2024-01-17,9608
00728,第一金工業30,56,0,56,富邦-台東,2024-01-17,9608
2312,金寶,51,0,51,富邦-台東,2024-01-17,9608
00687B,國泰20年美債,34,0,34,富邦-台東,2024-01-17,9608
00882,中信中國高股息,32,0,32,富邦-台東,2024-01-17,9608
00650L,復華香港正2,30,0,30,富邦-台東,2024-01-17,9608
4960,誠美材,32,2,30,富邦-台東,2024-01-17,9608
2867,三商壽,28,0,28,富邦-台東,2024-01-17,9608
00921,兆豐龍頭等權重,29,2,27,富邦-台東,2024-01-17,9608
2609,陽明,58,32,26,富邦-台東,2024-01-17,9608
2882,國泰金,25,0,25,富邦-台東,2024-01-17,9608
2356,英業達,36,12,24,富邦-台東,2024-01-17,9608
2317,鴻海,22,0,22,富邦-台東,2024-01-17,9608
6282,康舒,22,1,21,富邦-台東,2024-01-17,9608
2371,大同,29,8,21,富邦-台東,2024-01-17,9608
3622,洋華,20,0,20,富邦-台東,2024-01-17,9608
00715L,期街口布蘭特正2,20,0,20,富邦-台東,2024-01-17,9608
2618,長榮航,28,8,20,富邦-台東,2024-01-17,9608
3706,神達,20,3,17,富邦-台東,2024-01-17,9608
3032,偉訓,24,7,17,富邦-台東,2024-01-17,9608
6243,迅杰,25,10,15,富邦-台東,2024-01-17,9608
2002,中鋼,14,0,14,富邦-台東,2024-01-17,9608
01004T,土銀富邦R2,14,0,14,富邦-台東,2024-01-17,9608
00888,永豐台灣ESG,12,0,12,富邦-台東,2024-01-17,9608
2408,南亞科,12,0,12,富邦-台東,2024-01-17,9608
00937B,群益ESG投等債20,15,4,11,富邦-台東,2024-01-17,9608
6534,正瀚-創,11,0,11,富邦-台東,2024-01-17,9608
6547,高端疫苗,11,0,11,富邦-台東,2024-01-17,9608
1216,統一,10,0,10,富邦-台東,2024-01-17,9608
00878,國泰永續高股息,11,1,10,富邦-台東,2024-01-17,9608
00904,新光臺灣半導體30,13,3,10,富邦-台東,2024-01-17,9608
1314,中石化,10,0,10,富邦-台東,2024-01-17,9608
2328,廣宇,10,0,10,富邦-台東,2024-01-17,9608
3049,精金,10,0,10,富邦-台東,2024-01-17,9608
2884,玉山金,10,1,9,富邦-台東,2024-01-17,9608
1795,美時,9,0,9,富邦-台東,2024-01-17,9608
2363,矽統,13,4,9,富邦-台東,2024-01-17,9608
2886,兆豐金,10,1,9,富邦-台東,2024-01-17,9608
00679B,元大美債20年,8,0,8,富邦-台東,2024-01-17,9608
00927,群益半導體收益,8,0,8,富邦-台東,2024-01-17,9608
00907,永豐優息存股,8,0,8,富邦-台東,2024-01-17,9608
4956,光鋐,20,12,8,富邦-台東,2024-01-17,9608
6741,91APP*-KY,8,0,8,富邦-台東,2024-01-17,9608
8426,紅木-KY,8,0,8,富邦-台東,2024-01-17,9608
00720B,元大投資級公司債,7,0,7,富邦-台東,2024-01-17,9608
00753L,中信中國50正2,7,0,7,富邦-台東,2024-01-17,9608
00637L,元大滬深300正2,115,0,115,富邦-台東,2024-01-18,9608
00929,復華台灣科技優息,87,2,85,富邦-台東,2024-01-18,9608
00904,新光臺灣半導體30,43,0,43,富邦-台東,2024-01-18,9608
4960,誠美材,34,1,33,富邦-台東,2024-01-18,9608
6534,正瀚-創,31,0,31,富邦-台東,2024-01-18,9608
1560,中砂,30,0,30,富邦-台東,2024-01-18,9608
2630,亞航,30,4,26,富邦-台東,2024-01-18,9608
0056,元大高股息,23,1,22,富邦-台東,2024-01-18,9608
00882,中信中國高股息,21,1,20,富邦-台東,2024-01-18,9608
6120,達運,34,17,17,富邦-台東,2024-01-18,9608
00919,群益台灣精選高息,22,5,17,富邦-台東,2024-01-18,9608
4123,晟德,30,14,16,富邦-台東,2024-01-18,9608
00679B,元大美債20年,15,0,15,富邦-台東,2024-01-18,9608
6278,台表科,15,0,15,富邦-台東,2024-01-18,9608
2834,臺企銀,14,0,14,富邦-台東,2024-01-18,9608
8096,擎亞,48,34,14,富邦-台東,2024-01-18,9608
2801,彰銀,12,0,12,富邦-台東,2024-01-18,9608
2201,裕隆,11,0,11,富邦-台東,2024-01-18,9608
6684,安格,10,0,10,富邦-台東,2024-01-18,9608
2342,茂矽,10,0,10,富邦-台東,2024-01-18,9608
3149,正達,10,0,10,富邦-台東,2024-01-18,9608
3162,精確,10,0,10,富邦-台東,2024-01-18,9608
3622,洋華,10,0,10,富邦-台東,2024-01-18,9608
00930,永豐ESG低碳高息,10,0,10,富邦-台東,2024-01-18,9608
00936,台新永續高息中小,9,0,9,富邦-台東,2024-01-18,9608
6770,力積電,11,2,9,富邦-台東,2024-01-18,9608
2888,新光金,8,0,8,富邦-台東,2024-01-18,9608
2365,昆盈,8,1,7,富邦-台東,2024-01-18,9608
2371,大同,7,0,7,富邦-台東,2024-01-18,9608
4968,立積,7,0,7,富邦-台東,2024-01-18,9608
8093,保銳,7,0,7,富邦-台東,2024-01-18,9608
4904,遠傳,6,0,6,富邦-台東,2024-01-18,9608
00712,復華富時不動產,6,0,6,富邦-台東,2024-01-18,9608
00720B,元大投資級公司債,6,0,6,富邦-台東,2024-01-18,9608
4523,永彰,6,0,6,富邦-台東,2024-01-18,9608
5381,合正,6,0,6,富邦-台東,2024-01-18,9608
6742,澤米,6,0,6,富邦-台東,2024-01-18,9608
2002,中鋼,5,0,5,富邦-台東,2024-01-18,9608
00687B,國泰20年美債,5,0,5,富邦-台東,2024-01-18,9608
2401,凌陽,5,0,5,富邦-台東,2024-01-18,9608
3706,神達,5,0,5,富邦-台東,2024-01-18,9608
2355,敬鵬,5,0,5,富邦-台東,2024-01-18,9608
00680L,元大美債20正2,5,0,5,富邦-台東,2024-01-18,9608
00655L,國泰中國A50正2,5,0,5,富邦-台東,2024-01-18,9608
1727,中華化,5,0,5,富邦-台東,2024-01-18,9608
2106,建大,5,0,5,富邦-台東,2024-01-18,9608
2404,漢唐,10,5,5,富邦-台東,2024-01-18,9608
3231,緯創,8,3,5,富邦-台東,2024-01-18,9608
00878,國泰永續高股息,6,2,4,富邦-台東,2024-01-18,9608
5426,振發,33,29,4,富邦-台東,2024-01-18,9608
00937B,群益ESG投等債20,250,1,249,富邦-台東,2024-01-19,9608
00706L,期元大S＆P日圓正2,50,0,50,富邦-台東,2024-01-19,9608
00673R,期元大S＆P原油反1,40,0,40,富邦-台東,2024-01-19,9608
2834,臺企銀,35,0,35,富邦-台東,2024-01-19,9608
3481,群創,61,28,33,富邦-台東,2024-01-19,9608
00919,群益台灣精選高息,35,3,32,富邦-台東,2024-01-19,9608
00929,復華台灣科技優息,31,0,31,富邦-台東,2024-01-19,9608
2515,中工,31,1,30,富邦-台東,2024-01-19,9608
00751B,元大AAA至A公司債,28,0,28,富邦-台東,2024-01-19,9608
6770,力積電,23,0,23,富邦-台東,2024-01-19,9608
00679B,元大美債20年,23,0,23,富邦-台東,2024-01-19,9608
2888,新光金,20,0,20,富邦-台東,2024-01-19,9608
2344,華邦電,20,1,19,富邦-台東,2024-01-19,9608
6233,旺玖,21,3,18,富邦-台東,2024-01-19,9608
5355,佳總,15,0,15,富邦-台東,2024-01-19,9608
2618,長榮航,15,1,14,富邦-台東,2024-01-19,9608
6534,正瀚-創,14,0,14,富邦-台東,2024-01-19,9608
00687B,國泰20年美債,13,0,13,富邦-台東,2024-01-19,9608
2610,華航,18,5,13,富邦-台東,2024-01-19,9608
00931B,統一美債20年,12,0,12,富邦-台東,2024-01-19,9608
4523,永彰,12,0,12,富邦-台東,2024-01-19,9608
6120,達運,19,7,12,富邦-台東,2024-01-19,9608
00902,中信電池及儲能,15,4,11,富邦-台東,2024-01-19,9608
3622,洋華,11,0,11,富邦-台東,2024-01-19,9608
6684,安格,11,0,11,富邦-台東,2024-01-19,9608
2303,聯電,12,2,10,富邦-台東,2024-01-19,9608
2609,陽明,43,33,10,富邦-台東,2024-01-19,9608
00927,群益半導體收益,10,0,10,富邦-台東,2024-01-19,9608
00680L,元大美債20正2,9,0,9,富邦-台東,2024-01-19,9608
4968,立積,9,0,9,富邦-台東,2024-01-19,9608
5443,均豪,15,6,9,富邦-台東,2024-01-19,9608
00632R,元大台灣50反1,8,0,8,富邦-台東,2024-01-19,9608
8034,榮群,16,8,8,富邦-台東,2024-01-19,9608
2002,中鋼,7,0,7,富邦-台東,2024-01-19,9608
00720B,元大投資級公司債,7,0,7,富邦-台東,2024-01-19,9608
2436,偉詮電,7,0,7,富邦-台東,2024-01-19,9608
6462,神盾,10,3,7,富邦-台東,2024-01-19,9608
3673,TPK-KY,6,0,6,富邦-台東,2024-01-19,9608
6113,亞矽,6,0,6,富邦-台東,2024-01-19,9608
1608,華榮,14,9,5,富邦-台東,2024-01-19,9608
1616,億泰,5,0,5,富邦-台東,2024-01-19,9608
2328,廣宇,5,0,5,富邦-台東,2024-01-19,9608
2543,皇昌,5,0,5,富邦-台東,2024-01-19,9608
3406,玉晶光,5,0,5,富邦-台東,2024-01-19,9608
3548,兆利,13,8,5,富邦-台東,2024-01-19,9608
6173,信昌電,5,0,5,富邦-台東,2024-01-19,9608
1301,台塑,5,0,5,富邦-台東,2024-01-19,9608
2801,彰銀,4,0,4,富邦-台東,2024-01-19,9608
2353,宏��,24,20,4,富邦-台東,2024-01-19,9608
2324,仁寶,23,19,4,富邦-台東,2024-01-19,9608
6120,達運,68,0,68,富邦-台東,2024-01-22,9608
8201,無敵,70,2,68,富邦-台東,2024-01-22,9608
00929,復華台灣科技優息,67,6,61,富邦-台東,2024-01-22,9608
4123,晟德,60,0,60,富邦-台東,2024-01-22,9608
4906,正文,37,0,37,富邦-台東,2024-01-22,9608
2356,英業達,90,55,35,富邦-台東,2024-01-22,9608
2344,華邦電,48,17,31,富邦-台東,2024-01-22,9608
1609,大亞,30,1,29,富邦-台東,2024-01-22,9608
00878,國泰永續高股息,31,5,26,富邦-台東,2024-01-22,9608
00715L,期街口布蘭特正2,25,0,25,富邦-台東,2024-01-22,9608
2317,鴻海,23,1,22,富邦-台東,2024-01-22,9608
00706L,期元大S＆P日圓正2,20,0,20,富邦-台東,2024-01-22,9608
3264,欣銓,21,1,20,富邦-台東,2024-01-22,9608
3481,群創,24,5,19,富邦-台東,2024-01-22,9608
00632R,元大台灣50反1,22,3,19,富邦-台東,2024-01-22,9608
4960,誠美材,17,0,17,富邦-台東,2024-01-22,9608
00882,中信中國高股息,29,13,16,富邦-台東,2024-01-22,9608
2329,華泰,37,22,15,富邦-台東,2024-01-22,9608
2609,陽明,22,8,14,富邦-台東,2024-01-22,9608
5426,振發,20,9,11,富邦-台東,2024-01-22,9608
2331,精英,18,8,10,富邦-台東,2024-01-22,9608
2371,大同,10,0,10,富邦-台東,2024-01-22,9608
3437,榮創,10,0,10,富邦-台東,2024-01-22,9608
5371,中光電,9,0,9,富邦-台東,2024-01-22,9608
6140,訊達,10,2,8,富邦-台東,2024-01-22,9608
3715,定穎投控,20,12,8,富邦-台東,2024-01-22,9608
1560,中砂,10,2,8,富邦-台東,2024-01-22,9608
1216,統一,7,0,7,富邦-台東,2024-01-22,9608
2316,楠梓電,7,0,7,富邦-台東,2024-01-22,9608
6592,和潤企業,7,0,7,富邦-台東,2024-01-22,9608
8358,金居,9,2,7,富邦-台東,2024-01-22,9608
3013,晟銘電,32,26,6,富邦-台東,2024-01-22,9608
6576,逸達,6,0,6,富邦-台東,2024-01-22,9608
9105,泰金寶-DR,10,4,6,富邦-台東,2024-01-22,9608
2353,宏��,10,5,5,富邦-台東,2024-01-22,9608
1217,愛之味,5,0,5,富邦-台東,2024-01-22,9608
00753L,中信中國50正2,5,0,5,富邦-台東,2024-01-22,9608
00720B,元大投資級公司債,5,0,5,富邦-台東,2024-01-22,9608
1721,三晃,5,0,5,富邦-台東,2024-01-22,9608
1733,五鼎,5,0,5,富邦-台東,2024-01-22,9608
2066,世德,5,0,5,富邦-台東,2024-01-22,9608
2633,台灣高鐵,5,0,5,富邦-台東,2024-01-22,9608
3664,安瑞-KY,7,2,5,富邦-台東,2024-01-22,9608
4716,大立,5,0,5,富邦-台東,2024-01-22,9608
6139,亞翔,5,0,5,富邦-台東,2024-01-22,9608
6873,泓德能源,5,0,5,富邦-台東,2024-01-22,9608
8096,擎亞,8,3,5,富邦-台東,2024-01-22,9608
3231,緯創,69,64,5,富邦-台東,2024-01-22,9608
3260,威剛,5,0,5,富邦-台東,2024-01-22,9608
2376,技嘉,5,0,5,富邦-台東,2024-01-22,9608
2881,富邦金,100,2,98,富邦-台東,2024-01-23,9608
2886,兆豐金,63,0,63,富邦-台東,2024-01-23,9608
2303,聯電,50,7,43,富邦-台東,2024-01-23,9608
00673R,期元大S＆P原油反1,40,0,40,富邦-台東,2024-01-23,9608
1471,首利,30,0,30,富邦-台東,2024-01-23,9608
2344,華邦電,38,13,25,富邦-台東,2024-01-23,9608
3059,華晶科,24,1,23,富邦-台東,2024-01-23,9608
1609,大亞,58,36,22,富邦-台東,2024-01-23,9608
2887,台新金,21,0,21,富邦-台東,2024-01-23,9608
00937B,群益ESG投等債20,16,0,16,富邦-台東,2024-01-23,9608
00706L,期元大S＆P日圓正2,15,0,15,富邦-台東,2024-01-23,9608
4906,正文,13,0,13,富邦-台東,2024-01-23,9608
00882,中信中國高股息,12,0,12,富邦-台東,2024-01-23,9608
2329,華泰,13,1,12,富邦-台東,2024-01-23,9608
4123,晟德,10,0,10,富邦-台東,2024-01-23,9608
6140,訊達,33,24,9,富邦-台東,2024-01-23,9608
2884,玉山金,8,0,8,富邦-台東,2024-01-23,9608
00632R,元大台灣50反1,8,0,8,富邦-台東,2024-01-23,9608
3437,榮創,8,0,8,富邦-台東,2024-01-23,9608
6505,台塑化,8,0,8,富邦-台東,2024-01-23,9608
00878,國泰永續高股息,10,2,8,富邦-台東,2024-01-23,9608
00679B,元大美債20年,11,4,7,富邦-台東,2024-01-23,9608
1569,濱川,10,3,7,富邦-台東,2024-01-23,9608
3363,上詮,12,5,7,富邦-台東,2024-01-23,9608
3645,達邁,49,43,6,富邦-台東,2024-01-23,9608
6667,信紘科,6,0,6,富邦-台東,2024-01-23,9608
00687B,國泰20年美債,5,0,5,富邦-台東,2024-01-23,9608
00712,復華富時不動產,5,0,5,富邦-台東,2024-01-23,9608
3035,智原,6,1,5,富邦-台東,2024-01-23,9608
2367,燿華,5,0,5,富邦-台東,2024-01-23,9608
4109,加捷生醫,5,0,5,富邦-台東,2024-01-23,9608
5211,蒙恬,6,1,5,富邦-台東,2024-01-23,9608
6138,茂達,5,0,5,富邦-台東,2024-01-23,9608
9958,世紀鋼,15,10,5,富邦-台東,2024-01-23,9608
5478,智冠,5,0,5,富邦-台東,2024-01-23,9608
5426,振發,35,31,4,富邦-台東,2024-01-23,9608
3545,敦泰,4,0,4,富邦-台東,2024-01-23,9608
5210,寶碩,4,0,4,富邦-台東,2024-01-23,9608
3576,聯合再生,3,0,3,富邦-台東,2024-01-23,9608
1618,合機,3,0,3,富邦-台東,2024-01-23,9608
2382,廣達,9,6,3,富邦-台東,2024-01-23,9608
3479,安勤,3,0,3,富邦-台東,2024-01-23,9608
00654R,富邦印度反1,3,0,3,富邦-台東,2024-01-23,9608
1301,台塑,3,0,3,富邦-台東,2024-01-23,9608
00935,野村臺灣新科技50,3,0,3,富邦-台東,2024-01-23,9608
2331,精英,3,0,3,富邦-台東,2024-01-23,9608
2436,偉詮電,5,2,3,富邦-台東,2024-01-23,9608
2601,益航,3,0,3,富邦-台東,2024-01-23,9608
2609,陽明,17,14,3,富邦-台東,2024-01-23,9608
2719,燦星旅,3,0,3,富邦-台東,2024-01-23,9608
2618,長榮航,109,7,102,富邦-台東,2024-01-24,9608
00937B,群益ESG投等債20,79,4,75,富邦-台東,2024-01-24,9608
00882,中信中國高股息,57,0,57,富邦-台東,2024-01-24,9608
5381,合正,50,1,49,富邦-台東,2024-01-24,9608
6116,彩晶,40,0,40,富邦-台東,2024-01-24,9608
2884,玉山金,26,0,26,富邦-台東,2024-01-24,9608
00637L,元大滬深300正2,20,0,20,富邦-台東,2024-01-24,9608
00673R,期元大S＆P原油反1,20,0,20,富邦-台東,2024-01-24,9608
1471,首利,20,0,20,富邦-台東,2024-01-24,9608
00679B,元大美債20年,18,0,18,富邦-台東,2024-01-24,9608
00878,國泰永續高股息,20,3,17,富邦-台東,2024-01-24,9608
00722B,群益投資級電信債,15,0,15,富邦-台東,2024-01-24,9608
3047,訊舟,15,0,15,富邦-台東,2024-01-24,9608
00931B,統一美債20年,14,0,14,富邦-台東,2024-01-24,9608
6179,亞通,19,5,14,富邦-台東,2024-01-24,9608
2344,華邦電,45,33,12,富邦-台東,2024-01-24,9608
3615,安可,18,7,11,富邦-台東,2024-01-24,9608
00687B,國泰20年美債,10,0,10,富邦-台東,2024-01-24,9608
00933B,國泰10Y+金融債,10,0,10,富邦-台東,2024-01-24,9608
00680L,元大美債20正2,10,0,10,富邦-台東,2024-01-24,9608
2443,昶虹,10,0,10,富邦-台東,2024-01-24,9608
2542,興富發,10,0,10,富邦-台東,2024-01-24,9608
3645,達邁,12,2,10,富邦-台東,2024-01-24,9608
5014,建錩,10,0,10,富邦-台東,2024-01-24,9608
2329,華泰,16,7,9,富邦-台東,2024-01-24,9608
3622,洋華,11,2,9,富邦-台東,2024-01-24,9608
1503,士電,9,1,8,富邦-台東,2024-01-24,9608
3305,昇貿,8,0,8,富邦-台東,2024-01-24,9608
5426,振發,46,38,8,富邦-台東,2024-01-24,9608
6139,亞翔,9,1,8,富邦-台東,2024-01-24,9608
8050,廣積,10,3,7,富邦-台東,2024-01-24,9608
2382,廣達,15,8,7,富邦-台東,2024-01-24,9608
2313,華通,7,1,6,富邦-台東,2024-01-24,9608
2369,菱生,26,20,6,富邦-台東,2024-01-24,9608
4162,智擎,7,1,6,富邦-台東,2024-01-24,9608
3545,敦泰,7,1,6,富邦-台東,2024-01-24,9608
2404,漢唐,5,0,5,富邦-台東,2024-01-24,9608
00725B,國泰投資級公司債,5,0,5,富邦-台東,2024-01-24,9608
00632R,元大台灣50反1,15,10,5,富邦-台東,2024-01-24,9608
00715L,期街口布蘭特正2,5,0,5,富邦-台東,2024-01-24,9608
1514,亞力,13,8,5,富邦-台東,2024-01-24,9608
6142,友勁,5,0,5,富邦-台東,2024-01-24,9608
6548,長科*,5,0,5,富邦-台東,2024-01-24,9608
1609,大亞,6,2,4,富邦-台東,2024-01-24,9608
2436,偉詮電,5,1,4,富邦-台東,2024-01-24,9608
3552,同致,4,0,4,富邦-台東,2024-01-24,9608
5904,寶雅,4,0,4,富邦-台東,2024-01-24,9608
8034,榮群,11,7,4,富邦-台東,2024-01-24,9608
2886,兆豐金,3,0,3,富邦-台東,2024-01-24,9608
1529,樂事綠能,3,0,3,富邦-台東,2024-01-24,9608
00882,中信中國高股息,635,1,634,富邦-台東,2024-01-25,9608
00665L,富邦�琤肭磪囓�2,121,7,114,富邦-台東,2024-01-25,9608
4123,晟德,50,0,50,富邦-台東,2024-01-25,9608
00679B,元大美債20年,49,11,38,富邦-台東,2024-01-25,9608
00937B,群益ESG投等債20,35,0,35,富邦-台東,2024-01-25,9608
00687B,國泰20年美債,31,0,31,富邦-台東,2024-01-25,9608
00929,復華台灣科技優息,41,13,28,富邦-台東,2024-01-25,9608
00919,群益台灣精選高息,24,2,22,富邦-台東,2024-01-25,9608
6113,亞矽,30,8,22,富邦-台東,2024-01-25,9608
00632R,元大台灣50反1,20,0,20,富邦-台東,2024-01-25,9608
6188,廣明,20,0,20,富邦-台東,2024-01-25,9608
00931B,統一美債20年,16,0,16,富邦-台東,2024-01-25,9608
00934,中信成長高股息,15,0,15,富邦-台東,2024-01-25,9608
2476,鉅祥,15,0,15,富邦-台東,2024-01-25,9608
2356,英業達,36,22,14,富邦-台東,2024-01-25,9608
6120,達運,19,5,14,富邦-台東,2024-01-25,9608
6140,訊達,17,3,14,富邦-台東,2024-01-25,9608
3231,緯創,35,22,13,富邦-台東,2024-01-25,9608
2609,陽明,12,0,12,富邦-台東,2024-01-25,9608
3622,洋華,12,0,12,富邦-台東,2024-01-25,9608
00933B,國泰10Y+金融債,11,0,11,富邦-台東,2024-01-25,9608
5289,宜鼎,11,0,11,富邦-台東,2024-01-25,9608
4909,新復興,44,33,11,富邦-台東,2024-01-25,9608
2344,華邦電,33,23,10,富邦-台東,2024-01-25,9608
00633L,富邦上証正2,10,0,10,富邦-台東,2024-01-25,9608
2367,燿華,10,0,10,富邦-台東,2024-01-25,9608
3483,力致,10,0,10,富邦-台東,2024-01-25,9608
8163,達方,10,0,10,富邦-台東,2024-01-25,9608
2317,鴻海,16,7,9,富邦-台東,2024-01-25,9608
3149,正達,10,1,9,富邦-台東,2024-01-25,9608
3499,環天科,8,0,8,富邦-台東,2024-01-25,9608
4968,立積,8,0,8,富邦-台東,2024-01-25,9608
1514,亞力,9,2,7,富邦-台東,2024-01-25,9608
4129,聯合,7,0,7,富邦-台東,2024-01-25,9608
00795B,中信美國公債20年,7,0,7,富邦-台東,2024-01-25,9608
00921,兆豐龍頭等權重,6,0,6,富邦-台東,2024-01-25,9608
2618,長榮航,7,1,6,富邦-台東,2024-01-25,9608
2736,富野,6,0,6,富邦-台東,2024-01-25,9608
00725B,國泰投資級公司債,5,0,5,富邦-台東,2024-01-25,9608
2834,臺企銀,5,0,5,富邦-台東,2024-01-25,9608
3707,漢磊,5,0,5,富邦-台東,2024-01-25,9608
6684,安格,5,0,5,富邦-台東,2024-01-25,9608
2353,宏��,22,18,4,富邦-台東,2024-01-25,9608
1528,恩德,4,0,4,富邦-台東,2024-01-25,9608
8054,安國,5,2,3,富邦-台東,2024-01-25,9608
5234,達興材料,3,0,3,富邦-台東,2024-01-25,9608
2308,台達電,3,0,3,富邦-台東,2024-01-25,9608
3163,波若威,3,0,3,富邦-台東,2024-01-25,9608
2467,志聖,3,0,3,富邦-台東,2024-01-25,9608
6117,迎廣,3,0,3,富邦-台東,2024-01-25,9608
00882,中信中國高股息,301,50,251,富邦-台東,2024-01-26,9608
2303,聯電,142,36,106,富邦-台東,2024-01-26,9608
00673R,期元大S＆P原油反1,55,0,55,富邦-台東,2024-01-26,9608
00687B,國泰20年美債,52,0,52,富邦-台東,2024-01-26,9608
00918,大華優利高填息30,60,8,52,富邦-台東,2024-01-26,9608
00937B,群益ESG投等債20,61,11,50,富邦-台東,2024-01-26,9608
00773B,中信優先金融債,30,0,30,富邦-台東,2024-01-26,9608
00764B,群益25年美債,30,0,30,富邦-台東,2024-01-26,9608
00751B,元大AAA至A公司債,30,0,30,富邦-台東,2024-01-26,9608
00720B,元大投資級公司債,30,0,30,富邦-台東,2024-01-26,9608
00632R,元大台灣50反1,20,0,20,富邦-台東,2024-01-26,9608
2329,華泰,27,10,17,富邦-台東,2024-01-26,9608
2356,英業達,44,28,16,富邦-台東,2024-01-26,9608
2324,仁寶,23,7,16,富邦-台東,2024-01-26,9608
5426,振發,26,11,15,富邦-台東,2024-01-26,9608
3005,神基,15,2,13,富邦-台東,2024-01-26,9608
6270,倍微,19,7,12,富邦-台東,2024-01-26,9608
00919,群益台灣精選高息,22,11,11,富邦-台東,2024-01-26,9608
1316,上曜,10,0,10,富邦-台東,2024-01-26,9608
2399,映泰,10,0,10,富邦-台東,2024-01-26,9608
2431,聯昌,13,3,10,富邦-台東,2024-01-26,9608
2887,台新金,10,0,10,富邦-台東,2024-01-26,9608
4123,晟德,10,0,10,富邦-台東,2024-01-26,9608
6265,方土昶,13,3,10,富邦-台東,2024-01-26,9608
6684,安格,10,0,10,富邦-台東,2024-01-26,9608
2317,鴻海,10,0,10,富邦-台東,2024-01-26,9608
00706L,期元大S＆P日圓正2,9,0,9,富邦-台東,2024-01-26,9608
2371,大同,9,0,9,富邦-台東,2024-01-26,9608
2353,宏��,18,10,8,富邦-台東,2024-01-26,9608
2342,茂矽,7,0,7,富邦-台東,2024-01-26,9608
2610,華航,15,8,7,富邦-台東,2024-01-26,9608
3712,永崴投控,7,0,7,富邦-台東,2024-01-26,9608
2884,玉山金,6,0,6,富邦-台東,2024-01-26,9608
8054,安國,10,5,5,富邦-台東,2024-01-26,9608
2301,光寶科,5,0,5,富邦-台東,2024-01-26,9608
00878,國泰永續高股息,14,9,5,富邦-台東,2024-01-26,9608
00896,中信綠能及電動車,5,0,5,富邦-台東,2024-01-26,9608
00762,元大全球AI,5,0,5,富邦-台東,2024-01-26,9608
2316,楠梓電,5,0,5,富邦-台東,2024-01-26,9608
2368,金像電,5,0,5,富邦-台東,2024-01-26,9608
3360,尚立,8,3,5,富邦-台東,2024-01-26,9608
3374,精材,5,0,5,富邦-台東,2024-01-26,9608
3444,利機,5,0,5,富邦-台東,2024-01-26,9608
3694,海華,10,5,5,富邦-台東,2024-01-26,9608
5351,鈺創,5,0,5,富邦-台東,2024-01-26,9608
5371,中光電,6,1,5,富邦-台東,2024-01-26,9608
6196,帆宣,5,0,5,富邦-台東,2024-01-26,9608
6219,富旺,5,0,5,富邦-台東,2024-01-26,9608
6214,精誠,5,0,5,富邦-台東,2024-01-26,9608
6237,驊訊,4,0,4,富邦-台東,2024-01-26,9608
00931B,統一美債20年,81,5,76,富邦-台東,2024-01-29,9608
0056,元大高股息,65,1,64,富邦-台東,2024-01-29,9608
00637L,元大滬深300正2,60,0,60,富邦-台東,2024-01-29,9608
00687B,國泰20年美債,62,10,52,富邦-台東,2024-01-29,9608
00673R,期元大S＆P原油反1,40,0,40,富邦-台東,2024-01-29,9608
5371,中光電,43,5,38,富邦-台東,2024-01-29,9608
1609,大亞,32,0,32,富邦-台東,2024-01-29,9608
5426,振發,47,17,30,富邦-台東,2024-01-29,9608
2443,昶虹,20,0,20,富邦-台東,2024-01-29,9608
00933B,國泰10Y+金融債,19,0,19,富邦-台東,2024-01-29,9608
2303,聯電,20,3,17,富邦-台東,2024-01-29,9608
2355,敬鵬,15,0,15,富邦-台東,2024-01-29,9608
6116,彩晶,15,0,15,富邦-台東,2024-01-29,9608
00937B,群益ESG投等債20,15,2,13,富邦-台東,2024-01-29,9608
2317,鴻海,15,2,13,富邦-台東,2024-01-29,9608
3535,晶彩科,13,0,13,富邦-台東,2024-01-29,9608
5347,世界,13,0,13,富邦-台東,2024-01-29,9608
3479,安勤,11,0,11,富邦-台東,2024-01-29,9608
5210,寶碩,15,4,11,富邦-台東,2024-01-29,9608
00706L,期元大S＆P日圓正2,10,0,10,富邦-台東,2024-01-29,9608
3360,尚立,19,9,10,富邦-台東,2024-01-29,9608
8096,擎亞,21,11,10,富邦-台東,2024-01-29,9608
00929,復華台灣科技優息,15,6,9,富邦-台東,2024-01-29,9608
2324,仁寶,10,2,8,富邦-台東,2024-01-29,9608
2353,宏��,12,5,7,富邦-台東,2024-01-29,9608
2609,陽明,10,3,7,富邦-台東,2024-01-29,9608
00679B,元大美債20年,6,0,6,富邦-台東,2024-01-29,9608
2344,華邦電,18,12,6,富邦-台東,2024-01-29,9608
2515,中工,6,0,6,富邦-台東,2024-01-29,9608
5880,合庫金,7,1,6,富邦-台東,2024-01-29,9608
2421,建準,9,3,6,富邦-台東,2024-01-29,9608
2356,英業達,23,18,5,富邦-台東,2024-01-29,9608
2834,臺企銀,5,0,5,富邦-台東,2024-01-29,9608
3548,兆利,5,0,5,富邦-台東,2024-01-29,9608
4958,臻鼎-KY,5,0,5,富邦-台東,2024-01-29,9608
5443,均豪,7,2,5,富邦-台東,2024-01-29,9608
6139,亞翔,5,0,5,富邦-台東,2024-01-29,9608
6684,安格,6,1,5,富邦-台東,2024-01-29,9608
8215,明基材,10,5,5,富邦-台東,2024-01-29,9608
00633L,富邦上証正2,4,0,4,富邦-台東,2024-01-29,9608
2313,華通,8,4,4,富邦-台東,2024-01-29,9608
2409,友達,4,0,4,富邦-台東,2024-01-29,9608
6196,帆宣,4,0,4,富邦-台東,2024-01-29,9608
6415,矽力*-KY,4,0,4,富邦-台東,2024-01-29,9608
2382,廣達,6,2,4,富邦-台東,2024-01-29,9608
1229,聯華,3,0,3,富邦-台東,2024-01-29,9608
00720B,元大投資級公司債,3,0,3,富邦-台東,2024-01-29,9608
00923,群益台ESG低碳50,4,1,3,富邦-台東,2024-01-29,9608
00751B,元大AAA至A公司債,3,0,3,富邦-台東,2024-01-29,9608
1514,亞力,5,2,3,富邦-台東,2024-01-29,9608
5210,寶碩,35,1,34,富邦-台東,2024-01-30,9608
00937B,群益ESG投等債20,36,6,30,富邦-台東,2024-01-30,9608
6770,力積電,21,0,21,富邦-台東,2024-01-30,9608
1514,亞力,22,2,20,富邦-台東,2024-01-30,9608
2834,臺企銀,20,0,20,富邦-台東,2024-01-30,9608
2317,鴻海,15,0,15,富邦-台東,2024-01-30,9608
4979,華星光,14,1,13,富邦-台東,2024-01-30,9608
1560,中砂,13,1,12,富邦-台東,2024-01-30,9608
00929,復華台灣科技優息,11,0,11,富邦-台東,2024-01-30,9608
00715L,期街口布蘭特正2,11,0,11,富邦-台東,2024-01-30,9608
3479,安勤,10,0,10,富邦-台東,2024-01-30,9608
00753L,中信中國50正2,10,0,10,富邦-台東,2024-01-30,9608
00752,中信中國50,10,0,10,富邦-台東,2024-01-30,9608
1732,毛寶,10,0,10,富邦-台東,2024-01-30,9608
2443,昶虹,10,0,10,富邦-台東,2024-01-30,9608
4729,熒茂,11,1,10,富邦-台東,2024-01-30,9608
2356,英業達,66,56,10,富邦-台東,2024-01-30,9608
6530,創威,8,0,8,富邦-台東,2024-01-30,9608
5871,中租-KY,9,1,8,富邦-台東,2024-01-30,9608
00933B,國泰10Y+金融債,7,0,7,富邦-台東,2024-01-30,9608
2610,華航,7,0,7,富邦-台東,2024-01-30,9608
3615,安可,17,10,7,富邦-台東,2024-01-30,9608
2313,華通,10,3,7,富邦-台東,2024-01-30,9608
00830,國泰費城半導體,8,2,6,富邦-台東,2024-01-30,9608
1795,美時,6,0,6,富邦-台東,2024-01-30,9608
2409,友達,6,0,6,富邦-台東,2024-01-30,9608
3380,明泰,10,4,6,富邦-台東,2024-01-30,9608
6546,正基,8,2,6,富邦-台東,2024-01-30,9608
00633L,富邦上証正2,6,1,5,富邦-台東,2024-01-30,9608
8054,安國,9,4,5,富邦-台東,2024-01-30,9608
00639,富邦深100,5,0,5,富邦-台東,2024-01-30,9608
00665L,富邦�琤肭磪囓�2,30,25,5,富邦-台東,2024-01-30,9608
2027,大成鋼,5,0,5,富邦-台東,2024-01-30,9608
2342,茂矽,5,0,5,富邦-台東,2024-01-30,9608
2344,華邦電,5,0,5,富邦-台東,2024-01-30,9608
2427,三商電,5,0,5,富邦-台東,2024-01-30,9608
2498,宏達電,10,5,5,富邦-台東,2024-01-30,9608
2609,陽明,5,0,5,富邦-台東,2024-01-30,9608
6116,彩晶,5,0,5,富邦-台東,2024-01-30,9608
6442,光聖,5,0,5,富邦-台東,2024-01-30,9608
8358,金居,5,0,5,富邦-台東,2024-01-30,9608
2388,威盛,9,5,4,富邦-台東,2024-01-30,9608
2301,光寶科,4,0,4,富邦-台東,2024-01-30,9608
2421,建準,11,7,4,富邦-台東,2024-01-30,9608
2634,漢翔,4,0,4,富邦-台東,2024-01-30,9608
2327,國巨,3,0,3,富邦-台東,2024-01-30,9608
2882,國泰金,3,0,3,富邦-台東,2024-01-30,9608
2308,台達電,3,0,3,富邦-台東,2024-01-30,9608
6462,神盾,13,10,3,富邦-台東,2024-01-30,9608
00632R,元大台灣50反1,3,0,3,富邦-台東,2024-01-30,9608
00680L,元大美債20正2,117,36,81,富邦-台東,2024-01-31,9608
00922,國泰台灣領袖50,52,0,52,富邦-台東,2024-01-31,9608
00929,復華台灣科技優息,51,1,50,富邦-台東,2024-01-31,9608
00687B,國泰20年美債,45,0,45,富邦-台東,2024-01-31,9608
5210,寶碩,50,8,42,富邦-台東,2024-01-31,9608
00937B,群益ESG投等債20,34,0,34,富邦-台東,2024-01-31,9608
1710,東聯,30,0,30,富邦-台東,2024-01-31,9608
6534,正瀚-創,30,0,30,富邦-台東,2024-01-31,9608
1609,大亞,20,0,20,富邦-台東,2024-01-31,9608
4123,晟德,20,0,20,富邦-台東,2024-01-31,9608
3231,緯創,24,5,19,富邦-台東,2024-01-31,9608
00878,國泰永續高股息,18,0,18,富邦-台東,2024-01-31,9608
00933B,國泰10Y+金融債,19,3,16,富邦-台東,2024-01-31,9608
2888,新光金,15,0,15,富邦-台東,2024-01-31,9608
2317,鴻海,15,1,14,富邦-台東,2024-01-31,9608
00931B,統一美債20年,14,0,14,富邦-台東,2024-01-31,9608
8383,千附,11,0,11,富邦-台東,2024-01-31,9608
2886,兆豐金,10,0,10,富邦-台東,2024-01-31,9608
3360,尚立,27,17,10,富邦-台東,2024-01-31,9608
2609,陽明,10,0,10,富邦-台東,2024-01-31,9608
2329,華泰,17,7,10,富邦-台東,2024-01-31,9608
2303,聯電,11,2,9,富邦-台東,2024-01-31,9608
1101,台泥,9,0,9,富邦-台東,2024-01-31,9608
00637L,元大滬深300正2,20,11,9,富邦-台東,2024-01-31,9608
2365,昆盈,10,2,8,富邦-台東,2024-01-31,9608
00632R,元大台灣50反1,8,0,8,富邦-台東,2024-01-31,9608
3548,兆利,12,4,8,富邦-台東,2024-01-31,9608
6113,亞矽,13,5,8,富邦-台東,2024-01-31,9608
2356,英業達,61,54,7,富邦-台東,2024-01-31,9608
2867,三商壽,10,3,7,富邦-台東,2024-01-31,9608
2880,華南金,5,0,5,富邦-台東,2024-01-31,9608
00753L,中信中國50正2,5,0,5,富邦-台東,2024-01-31,9608
00902,中信電池及儲能,5,0,5,富邦-台東,2024-01-31,9608
2344,華邦電,10,5,5,富邦-台東,2024-01-31,9608
3149,正達,5,0,5,富邦-台東,2024-01-31,9608
4956,光鋐,5,0,5,富邦-台東,2024-01-31,9608
5355,佳總,5,0,5,富邦-台東,2024-01-31,9608
00918,大華優利高填息30,4,0,4,富邦-台東,2024-01-31,9608
4960,誠美材,5,1,4,富邦-台東,2024-01-31,9608
2382,廣達,9,5,4,富邦-台東,2024-01-31,9608
3706,神達,9,5,4,富邦-台東,2024-01-31,9608
00882,中信中國高股息,4,0,4,富邦-台東,2024-01-31,9608
00713,元大台灣高息低波,4,0,4,富邦-台東,2024-01-31,9608
2342,茂矽,4,0,4,富邦-台東,2024-01-31,9608
2369,菱生,8,4,4,富邦-台東,2024-01-31,9608
2388,威盛,5,1,4,富邦-台東,2024-01-31,9608
3272,東碩,4,0,4,富邦-台東,2024-01-31,9608
4991,環宇-KY,4,0,4,富邦-台東,2024-01-31,9608
2308,台達電,3,0,3,富邦-台東,2024-01-31,9608
006208,富邦台50,3,0,3,富邦-台東,2024-01-31,9608
2618,長榮航,117,46,71,富邦-台東,2024-02-01,9608
2303,聯電,53,1,52,富邦-台東,2024-02-01,9608
4960,誠美材,50,0,50,富邦-台東,2024-02-01,9608
6113,亞矽,45,1,44,富邦-台東,2024-02-01,9608
00923,群益台ESG低碳50,40,0,40,富邦-台東,2024-02-01,9608
00915,凱基優選高股息30,24,0,24,富邦-台東,2024-02-01,9608
00929,復華台灣科技優息,20,0,20,富邦-台東,2024-02-01,9608
00715L,期街口布蘭特正2,25,5,20,富邦-台東,2024-02-01,9608
00933B,國泰10Y+金融債,20,0,20,富邦-台東,2024-02-01,9608
1560,中砂,20,0,20,富邦-台東,2024-02-01,9608
3481,群創,20,1,19,富邦-台東,2024-02-01,9608
00712,復華富時不動產,15,0,15,富邦-台東,2024-02-01,9608
2409,友達,12,0,12,富邦-台東,2024-02-01,9608
00919,群益台灣精選高息,11,0,11,富邦-台東,2024-02-01,9608
1503,士電,14,3,11,富邦-台東,2024-02-01,9608
3715,定穎投控,14,3,11,富邦-台東,2024-02-01,9608
00931B,統一美債20年,15,5,10,富邦-台東,2024-02-01,9608
00665L,富邦�琤肭磪囓�2,10,0,10,富邦-台東,2024-02-01,9608
2356,英業達,19,9,10,富邦-台東,2024-02-01,9608
2605,新興,10,0,10,富邦-台東,2024-02-01,9608
3033,威健,13,3,10,富邦-台東,2024-02-01,9608
00882,中信中國高股息,9,0,9,富邦-台東,2024-02-01,9608
2449,京元電子,9,0,9,富邦-台東,2024-02-01,9608
3694,海華,17,8,9,富邦-台東,2024-02-01,9608
00687B,國泰20年美債,8,0,8,富邦-台東,2024-02-01,9608
3041,揚智,14,6,8,富邦-台東,2024-02-01,9608
6534,正瀚-創,8,0,8,富邦-台東,2024-02-01,9608
8936,國統,27,19,8,富邦-台東,2024-02-01,9608
3163,波若威,10,3,7,富邦-台東,2024-02-01,9608
4770,上品,7,0,7,富邦-台東,2024-02-01,9608
00878,國泰永續高股息,6,0,6,富邦-台東,2024-02-01,9608
2454,聯發科,9,3,6,富邦-台東,2024-02-01,9608
2014,中鴻,5,0,5,富邦-台東,2024-02-01,9608
1528,恩德,5,0,5,富邦-台東,2024-02-01,9608
2836,高雄銀,5,0,5,富邦-台東,2024-02-01,9608
3051,力特,5,0,5,富邦-台東,2024-02-01,9608
3535,晶彩科,6,1,5,富邦-台東,2024-02-01,9608
4174,浩鼎,12,7,5,富邦-台東,2024-02-01,9608
4909,新復興,6,1,5,富邦-台東,2024-02-01,9608
6116,彩晶,5,0,5,富邦-台東,2024-02-01,9608
6244,茂迪,5,0,5,富邦-台東,2024-02-01,9608
00679B,元大美債20年,6,2,4,富邦-台東,2024-02-01,9608
6462,神盾,7,3,4,富邦-台東,2024-02-01,9608
2939,永邑-KY,4,0,4,富邦-台東,2024-02-01,9608
3025,星通,4,0,4,富邦-台東,2024-02-01,9608
3360,尚立,4,0,4,富邦-台東,2024-02-01,9608
00751B,元大AAA至A公司債,5,1,4,富邦-台東,2024-02-01,9608
2376,技嘉,4,1,3,富邦-台東,2024-02-01,9608
3706,神達,8,5,3,富邦-台東,2024-02-01,9608
00651R,復華香港反1,3,0,3,富邦-台東,2024-02-01,9608
00937B,群益ESG投等債20,360,19,341,富邦-台東,2024-02-02,9608
2317,鴻海,33,0,33,富邦-台東,2024-02-02,9608
1514,亞力,41,8,33,富邦-台東,2024-02-02,9608
00715L,期街口布蘭特正2,32,0,32,富邦-台東,2024-02-02,9608
2501,國建,30,0,30,富邦-台東,2024-02-02,9608
6534,正瀚-創,22,0,22,富邦-台東,2024-02-02,9608
00680L,元大美債20正2,46,25,21,富邦-台東,2024-02-02,9608
4123,晟德,20,0,20,富邦-台東,2024-02-02,9608
2313,華通,20,1,19,富邦-台東,2024-02-02,9608
3481,群創,22,3,19,富邦-台東,2024-02-02,9608
00933B,國泰10Y+金融債,18,0,18,富邦-台東,2024-02-02,9608
00929,復華台灣科技優息,18,2,16,富邦-台東,2024-02-02,9608
2476,鉅祥,15,0,15,富邦-台東,2024-02-02,9608
2897,王道銀行,15,0,15,富邦-台東,2024-02-02,9608
2609,陽明,14,0,14,富邦-台東,2024-02-02,9608
2352,佳世達,20,6,14,富邦-台東,2024-02-02,9608
00752,中信中國50,10,0,10,富邦-台東,2024-02-02,9608
2390,云辰,13,3,10,富邦-台東,2024-02-02,9608
3047,訊舟,12,2,10,富邦-台東,2024-02-02,9608
8996,高力,10,0,10,富邦-台東,2024-02-02,9608
00724B,群益投資級金融債,9,0,9,富邦-台東,2024-02-02,9608
00919,群益台灣精選高息,9,0,9,富邦-台東,2024-02-02,9608
3711,日月光投控,9,1,8,富邦-台東,2024-02-02,9608
2888,新光金,8,0,8,富邦-台東,2024-02-02,9608
3055,蔚華科,17,9,8,富邦-台東,2024-02-02,9608
3615,安可,8,0,8,富邦-台東,2024-02-02,9608
4906,正文,16,8,8,富邦-台東,2024-02-02,9608
8111,立��,10,2,8,富邦-台東,2024-02-02,9608
2324,仁寶,8,0,8,富邦-台東,2024-02-02,9608
2353,宏��,13,6,7,富邦-台東,2024-02-02,9608
3149,正達,7,0,7,富邦-台東,2024-02-02,9608
2303,聯電,6,0,6,富邦-台東,2024-02-02,9608
2356,英業達,16,10,6,富邦-台東,2024-02-02,9608
00907,永豐優息存股,6,0,6,富邦-台東,2024-02-02,9608
2344,華邦電,6,0,6,富邦-台東,2024-02-02,9608
2634,漢翔,6,0,6,富邦-台東,2024-02-02,9608
2748,雲品,6,0,6,富邦-台東,2024-02-02,9608
2801,彰銀,6,0,6,富邦-台東,2024-02-02,9608
6140,訊達,8,2,6,富邦-台東,2024-02-02,9608
8096,擎亞,7,1,6,富邦-台東,2024-02-02,9608
6684,安格,7,1,6,富邦-台東,2024-02-02,9608
2812,台中銀,5,0,5,富邦-台東,2024-02-02,9608
6139,亞翔,6,1,5,富邦-台東,2024-02-02,9608
2002,中鋼,5,0,5,富邦-台東,2024-02-02,9608
00642U,期元大S＆P石油,5,0,5,富邦-台東,2024-02-02,9608
1795,美時,5,0,5,富邦-台東,2024-02-02,9608
2408,南亞科,5,0,5,富邦-台東,2024-02-02,9608
2889,國票金,5,0,5,富邦-台東,2024-02-02,9608
3078,僑威,5,0,5,富邦-台東,2024-02-02,9608
3437,榮創,6,1,5,富邦-台東,2024-02-02,9608
00715L,期街口布蘭特正2,79,0,79,富邦-台東,2024-02-05,9608
00680L,元大美債20正2,78,0,78,富邦-台東,2024-02-05,9608
3622,洋華,36,0,36,富邦-台東,2024-02-05,9608
00688L,國泰20年美債正2,32,0,32,富邦-台東,2024-02-05,9608
00937B,群益ESG投等債20,42,10,32,富邦-台東,2024-02-05,9608
00687B,國泰20年美債,29,0,29,富邦-台東,2024-02-05,9608
3706,神達,34,13,21,富邦-台東,2024-02-05,9608
3338,泰碩,20,0,20,富邦-台東,2024-02-05,9608
00878,國泰永續高股息,79,62,17,富邦-台東,2024-02-05,9608
2388,威盛,20,4,16,富邦-台東,2024-02-05,9608
4714,永捷,15,0,15,富邦-台東,2024-02-05,9608
1528,恩德,18,4,14,富邦-台東,2024-02-05,9608
8111,立��,14,0,14,富邦-台東,2024-02-05,9608
2421,建準,18,6,12,富邦-台東,2024-02-05,9608
00929,復華台灣科技優息,15,4,11,富邦-台東,2024-02-05,9608
2317,鴻海,15,4,11,富邦-台東,2024-02-05,9608
00752,中信中國50,11,0,11,富邦-台東,2024-02-05,9608
00885,富邦越南,12,1,11,富邦-台東,2024-02-05,9608
00665L,富邦�琤肭磪囓�2,10,0,10,富邦-台東,2024-02-05,9608
00632R,元大台灣50反1,10,0,10,富邦-台東,2024-02-05,9608
00882,中信中國高股息,11,1,10,富邦-台東,2024-02-05,9608
2314,台揚,10,0,10,富邦-台東,2024-02-05,9608
6509,聚和,10,0,10,富邦-台東,2024-02-05,9608
6534,正瀚-創,10,0,10,富邦-台東,2024-02-05,9608
00931B,統一美債20年,9,0,9,富邦-台東,2024-02-05,9608
00892,富邦台灣半導體,8,0,8,富邦-台東,2024-02-05,9608
2476,鉅祥,8,0,8,富邦-台東,2024-02-05,9608
6530,創威,8,0,8,富邦-台東,2024-02-05,9608
2834,臺企銀,10,2,8,富邦-台東,2024-02-05,9608
00753L,中信中國50正2,7,0,7,富邦-台東,2024-02-05,9608
1609,大亞,9,2,7,富邦-台東,2024-02-05,9608
00679B,元大美債20年,8,1,7,富邦-台東,2024-02-05,9608
2883,凱基金,9,3,6,富邦-台東,2024-02-05,9608
1605,華新,6,0,6,富邦-台東,2024-02-05,9608
2328,廣宇,6,0,6,富邦-台東,2024-02-05,9608
2498,宏達電,7,1,6,富邦-台東,2024-02-05,9608
8112,至上,6,0,6,富邦-台東,2024-02-05,9608
3037,欣興,7,2,5,富邦-台東,2024-02-05,9608
1611,中電,5,0,5,富邦-台東,2024-02-05,9608
1727,中華化,5,0,5,富邦-台東,2024-02-05,9608
2367,燿華,5,0,5,富邦-台東,2024-02-05,9608
2369,菱生,5,0,5,富邦-台東,2024-02-05,9608
4116,明基醫,5,0,5,富邦-台東,2024-02-05,9608
6168,宏齊,5,0,5,富邦-台東,2024-02-05,9608
6270,倍微,6,1,5,富邦-台東,2024-02-05,9608
2365,昆盈,32,27,5,富邦-台東,2024-02-05,9608
6462,神盾,6,1,5,富邦-台東,2024-02-05,9608
2027,大成鋼,5,1,4,富邦-台東,2024-02-05,9608
2002,中鋼,4,0,4,富邦-台東,2024-02-05,9608
2409,友達,4,0,4,富邦-台東,2024-02-05,9608
6290,良維,327,14,313,富邦-台東,2024-02-15,9608
00680L,元大美債20正2,114,0,114,富邦-台東,2024-02-15,9608
00687B,國泰20年美債,98,0,98,富邦-台東,2024-02-15,9608
00937B,群益ESG投等債20,104,14,90,富邦-台東,2024-02-15,9608
00632R,元大台灣50反1,77,5,72,富邦-台東,2024-02-15,9608
00929,復華台灣科技優息,67,6,61,富邦-台東,2024-02-15,9608
00933B,國泰10Y+金融債,48,0,48,富邦-台東,2024-02-15,9608
00688L,國泰20年美債正2,28,0,28,富邦-台東,2024-02-15,9608
3481,群創,22,0,22,富邦-台東,2024-02-15,9608
00722B,群益投資級電信債,21,0,21,富邦-台東,2024-02-15,9608
00882,中信中國高股息,20,0,20,富邦-台東,2024-02-15,9608
00706L,期元大S＆P日圓正2,20,0,20,富邦-台東,2024-02-15,9608
3231,緯創,50,30,20,富邦-台東,2024-02-15,9608
2317,鴻海,23,4,19,富邦-台東,2024-02-15,9608
00712,復華富時不動產,18,0,18,富邦-台東,2024-02-15,9608
3706,神達,24,7,17,富邦-台東,2024-02-15,9608
00679B,元大美債20年,14,0,14,富邦-台東,2024-02-15,9608
2313,華通,19,6,13,富邦-台東,2024-02-15,9608
00720B,元大投資級公司債,11,0,11,富邦-台東,2024-02-15,9608
2363,矽統,22,12,10,富邦-台東,2024-02-15,9608
2498,宏達電,10,0,10,富邦-台東,2024-02-15,9608
00752,中信中國50,10,0,10,富邦-台東,2024-02-15,9608
1437,勤益控,10,0,10,富邦-台東,2024-02-15,9608
2025,千興,10,0,10,富邦-台東,2024-02-15,9608
2331,精英,10,0,10,富邦-台東,2024-02-15,9608
2443,昶虹,10,0,10,富邦-台東,2024-02-15,9608
2485,兆赫,11,1,10,富邦-台東,2024-02-15,9608
3712,永崴投控,12,2,10,富邦-台東,2024-02-15,9608
8033,雷虎,10,0,10,富邦-台東,2024-02-15,9608
2344,華邦電,20,11,9,富邦-台東,2024-02-15,9608
3499,環天科,9,0,9,富邦-台東,2024-02-15,9608
8210,勤誠,15,6,9,富邦-台東,2024-02-15,9608
2603,長榮,11,3,8,富邦-台東,2024-02-15,9608
00751B,元大AAA至A公司債,8,1,7,富邦-台東,2024-02-15,9608
2405,輔信,9,2,7,富邦-台東,2024-02-15,9608
00907,永豐優息存股,6,0,6,富邦-台東,2024-02-15,9608
2387,精元,6,0,6,富邦-台東,2024-02-15,9608
2464,盟立,6,0,6,富邦-台東,2024-02-15,9608
1513,中興電,5,0,5,富邦-台東,2024-02-15,9608
2328,廣宇,5,0,5,富邦-台東,2024-02-15,9608
2408,南亞科,10,5,5,富邦-台東,2024-02-15,9608
3081,聯亞,6,1,5,富邦-台東,2024-02-15,9608
2301,光寶科,4,0,4,富邦-台東,2024-02-15,9608
6684,安格,5,1,4,富邦-台東,2024-02-15,9608
2504,國產,4,0,4,富邦-台東,2024-02-15,9608
2886,兆豐金,4,0,4,富邦-台東,2024-02-15,9608
2889,國票金,4,0,4,富邦-台東,2024-02-15,9608
3363,上詮,14,10,4,富邦-台東,2024-02-15,9608
5483,中美晶,4,0,4,富邦-台東,2024-02-15,9608
2449,京元電子,4,1,3,富邦-台東,2024-02-15,9608
00937B,群益ESG投等債20,608,4,604,富邦-台東,2024-02-16,9608
00878,國泰永續高股息,105,3,102,富邦-台東,2024-02-16,9608
00680L,元大美債20正2,87,0,87,富邦-台東,2024-02-16,9608
00933B,國泰10Y+金融債,81,2,79,富邦-台東,2024-02-16,9608
00706L,期元大S＆P日圓正2,50,0,50,富邦-台東,2024-02-16,9608
4114,健喬,50,1,49,富邦-台東,2024-02-16,9608
00687B,國泰20年美債,48,2,46,富邦-台東,2024-02-16,9608
00673R,期元大S＆P原油反1,30,0,30,富邦-台東,2024-02-16,9608
2603,長榮,34,6,28,富邦-台東,2024-02-16,9608
2382,廣達,35,13,22,富邦-台東,2024-02-16,9608
6509,聚和,20,0,20,富邦-台東,2024-02-16,9608
2365,昆盈,20,4,16,富邦-台東,2024-02-16,9608
00922,國泰台灣領袖50,15,0,15,富邦-台東,2024-02-16,9608
3093,港建*,15,0,15,富邦-台東,2024-02-16,9608
00931B,統一美債20年,15,1,14,富邦-台東,2024-02-16,9608
00891,中信關鍵半導體,11,0,11,富邦-台東,2024-02-16,9608
00679B,元大美債20年,11,0,11,富邦-台東,2024-02-16,9608
3044,健鼎,760,750,10,富邦-台東,2024-02-16,9608
4510,高鋒,10,0,10,富邦-台東,2024-02-16,9608
4744,皇將,10,0,10,富邦-台東,2024-02-16,9608
6147,頎邦,11,1,10,富邦-台東,2024-02-16,9608
6534,正瀚-創,10,0,10,富邦-台東,2024-02-16,9608
3265,台星科,10,0,10,富邦-台東,2024-02-16,9608
5880,合庫金,10,0,10,富邦-台東,2024-02-16,9608
2888,新光金,9,0,9,富邦-台東,2024-02-16,9608
3202,樺晟,9,0,9,富邦-台東,2024-02-16,9608
8210,勤誠,10,1,9,富邦-台東,2024-02-16,9608
3324,雙鴻,7,0,7,富邦-台東,2024-02-16,9608
2610,華航,27,20,7,富邦-台東,2024-02-16,9608
4714,永捷,7,0,7,富邦-台東,2024-02-16,9608
6126,信音,7,0,7,富邦-台東,2024-02-16,9608
6684,安格,25,18,7,富邦-台東,2024-02-16,9608
00688L,國泰20年美債正2,6,0,6,富邦-台東,2024-02-16,9608
1437,勤益控,6,0,6,富邦-台東,2024-02-16,9608
2618,長榮航,6,0,6,富邦-台東,2024-02-16,9608
4707,磐亞,6,0,6,富邦-台東,2024-02-16,9608
2449,京元電子,8,2,6,富邦-台東,2024-02-16,9608
1806,冠軍,5,0,5,富邦-台東,2024-02-16,9608
3010,華立,5,0,5,富邦-台東,2024-02-16,9608
3664,安瑞-KY,8,3,5,富邦-台東,2024-02-16,9608
5351,鈺創,5,0,5,富邦-台東,2024-02-16,9608
6182,合晶,5,0,5,富邦-台東,2024-02-16,9608
910861,神州-DR,5,0,5,富邦-台東,2024-02-16,9608
2364,倫飛,5,0,5,富邦-台東,2024-02-16,9608
00752,中信中國50,5,0,5,富邦-台東,2024-02-16,9608
3017,奇鋐,6,2,4,富邦-台東,2024-02-16,9608
00720B,元大投資級公司債,4,0,4,富邦-台東,2024-02-16,9608
2460,建通,4,0,4,富邦-台東,2024-02-16,9608
3499,環天科,4,0,4,富邦-台東,2024-02-16,9608
3535,晶彩科,4,0,4,富邦-台東,2024-02-16,9608
00687B,國泰20年美債,172,0,172,富邦-台東,2024-02-19,9608
00919,群益台灣精選高息,115,0,115,富邦-台東,2024-02-19,9608
2317,鴻海,121,17,104,富邦-台東,2024-02-19,9608
00937B,群益ESG投等債20,80,7,73,富邦-台東,2024-02-19,9608
00929,復華台灣科技優息,67,8,59,富邦-台東,2024-02-19,9608
2618,長榮航,61,2,59,富邦-台東,2024-02-19,9608
00679B,元大美債20年,38,0,38,富邦-台東,2024-02-19,9608
5426,振發,35,4,31,富邦-台東,2024-02-19,9608
3706,神達,30,3,27,富邦-台東,2024-02-19,9608
3622,洋華,25,0,25,富邦-台東,2024-02-19,9608
6742,澤米,25,0,25,富邦-台東,2024-02-19,9608
2329,華泰,55,34,21,富邦-台東,2024-02-19,9608
1560,中砂,21,0,21,富邦-台東,2024-02-19,9608
00673R,期元大S＆P原油反1,20,0,20,富邦-台東,2024-02-19,9608
9105,泰金寶-DR,20,0,20,富邦-台東,2024-02-19,9608
00882,中信中國高股息,21,1,20,富邦-台東,2024-02-19,9608
4960,誠美材,19,1,18,富邦-台東,2024-02-19,9608
2515,中工,66,50,16,富邦-台東,2024-02-19,9608
6120,達運,19,3,16,富邦-台東,2024-02-19,9608
2355,敬鵬,22,7,15,富邦-台東,2024-02-19,9608
6288,聯嘉,14,0,14,富邦-台東,2024-02-19,9608
1584,精剛,13,0,13,富邦-台東,2024-02-19,9608
3450,聯鈞,13,1,12,富邦-台東,2024-02-19,9608
00680L,元大美債20正2,11,0,11,富邦-台東,2024-02-19,9608
2353,宏��,17,6,11,富邦-台東,2024-02-19,9608
2313,華通,11,0,11,富邦-台東,2024-02-19,9608
00752,中信中國50,10,0,10,富邦-台東,2024-02-19,9608
00931B,統一美債20年,10,0,10,富邦-台東,2024-02-19,9608
1337,再生-KY,10,0,10,富邦-台東,2024-02-19,9608
1718,中纖,10,0,10,富邦-台東,2024-02-19,9608
2323,中環,10,0,10,富邦-台東,2024-02-19,9608
2425,承啟,10,0,10,富邦-台東,2024-02-19,9608
2610,華航,20,11,9,富邦-台東,2024-02-19,9608
4768,晶呈科技,8,0,8,富邦-台東,2024-02-19,9608
2939,永邑-KY,8,0,8,富邦-台東,2024-02-19,9608
6279,胡連,10,2,8,富邦-台東,2024-02-19,9608
2457,飛宏,8,1,7,富邦-台東,2024-02-19,9608
00712,復華富時不動產,6,0,6,富邦-台東,2024-02-19,9608
2376,技嘉,12,6,6,富邦-台東,2024-02-19,9608
00720B,元大投資級公司債,6,0,6,富邦-台東,2024-02-19,9608
00891,中信關鍵半導體,8,2,6,富邦-台東,2024-02-19,9608
2303,聯電,10,4,6,富邦-台東,2024-02-19,9608
3675,德微,6,0,6,富邦-台東,2024-02-19,9608
3294,英濟,7,1,6,富邦-台東,2024-02-19,9608
6182,合晶,8,2,6,富邦-台東,2024-02-19,9608
1503,士電,21,16,5,富邦-台東,2024-02-19,9608
3163,波若威,5,0,5,富邦-台東,2024-02-19,9608
00764B,群益25年美債,5,0,5,富邦-台東,2024-02-19,9608
00922,國泰台灣領袖50,5,0,5,富邦-台東,2024-02-19,9608
1535,中宇,5,0,5,富邦-台東,2024-02-19,9608
3005,神基,1137,1,1136,富邦-台東,2024-02-20,9608
2891,中信金,200,26,174,富邦-台東,2024-02-20,9608
00680L,元大美債20正2,100,0,100,富邦-台東,2024-02-20,9608
1815,富喬,100,0,100,富邦-台東,2024-02-20,9608
00687B,國泰20年美債,79,5,74,富邦-台東,2024-02-20,9608
00706L,期元大S＆P日圓正2,50,0,50,富邦-台東,2024-02-20,9608
2881,富邦金,50,0,50,富邦-台東,2024-02-20,9608
2329,華泰,54,22,32,富邦-台東,2024-02-20,9608
00878,國泰永續高股息,34,5,29,富邦-台東,2024-02-20,9608
00632R,元大台灣50反1,27,0,27,富邦-台東,2024-02-20,9608
2353,宏��,27,2,25,富邦-台東,2024-02-20,9608
3622,洋華,25,0,25,富邦-台東,2024-02-20,9608
5210,寶碩,25,0,25,富邦-台東,2024-02-20,9608
00937B,群益ESG投等債20,26,2,24,富邦-台東,2024-02-20,9608
00688L,國泰20年美債正2,21,0,21,富邦-台東,2024-02-20,9608
00673R,期元大S＆P原油反1,20,0,20,富邦-台東,2024-02-20,9608
8942,森鉅,19,0,19,富邦-台東,2024-02-20,9608
2344,華邦電,18,0,18,富邦-台東,2024-02-20,9608
6742,澤米,16,0,16,富邦-台東,2024-02-20,9608
6237,驊訊,14,0,14,富邦-台東,2024-02-20,9608
00931B,統一美債20年,13,0,13,富邦-台東,2024-02-20,9608
2610,華航,16,3,13,富邦-台東,2024-02-20,9608
6189,豐藝,19,6,13,富邦-台東,2024-02-20,9608
6257,矽格,13,0,13,富邦-台東,2024-02-20,9608
00933B,國泰10Y+金融債,12,0,12,富邦-台東,2024-02-20,9608
2025,千興,13,1,12,富邦-台東,2024-02-20,9608
9105,泰金寶-DR,30,18,12,富邦-台東,2024-02-20,9608
3437,榮創,14,3,11,富邦-台東,2024-02-20,9608
2836,高雄銀,11,0,11,富邦-台東,2024-02-20,9608
1437,勤益控,10,0,10,富邦-台東,2024-02-20,9608
1449,佳和,10,0,10,富邦-台東,2024-02-20,9608
2888,新光金,10,0,10,富邦-台東,2024-02-20,9608
5515,建國,10,0,10,富邦-台東,2024-02-20,9608
1101,台泥,9,0,9,富邦-台東,2024-02-20,9608
00882,中信中國高股息,10,1,9,富邦-台東,2024-02-20,9608
3149,正達,10,1,9,富邦-台東,2024-02-20,9608
3372,典範,10,1,9,富邦-台東,2024-02-20,9608
5289,宜鼎,10,1,9,富邦-台東,2024-02-20,9608
3231,緯創,18,9,9,富邦-台東,2024-02-20,9608
4303,信立,8,0,8,富邦-台東,2024-02-20,9608
8110,華東,12,4,8,富邦-台東,2024-02-20,9608
00679B,元大美債20年,7,0,7,富邦-台東,2024-02-20,9608
2436,偉詮電,7,0,7,富邦-台東,2024-02-20,9608
4714,永捷,32,25,7,富邦-台東,2024-02-20,9608
2498,宏達電,6,0,6,富邦-台東,2024-02-20,9608
00907,永豐優息存股,6,0,6,富邦-台東,2024-02-20,9608
00891,中信關鍵半導體,6,0,6,富邦-台東,2024-02-20,9608
1584,精剛,6,0,6,富邦-台東,2024-02-20,9608
2641,正德,6,0,6,富邦-台東,2024-02-20,9608
6770,力積電,6,0,6,富邦-台東,2024-02-20,9608
00937B,群益ESG投等債20,107,0,107,富邦-台東,2024-02-21,9608
00878,國泰永續高股息,51,0,51,富邦-台東,2024-02-21,9608
2891,中信金,101,55,46,富邦-台東,2024-02-21,9608
00632R,元大台灣50反1,30,0,30,富邦-台東,2024-02-21,9608
2303,聯電,29,1,28,富邦-台東,2024-02-21,9608
00687B,國泰20年美債,26,0,26,富邦-台東,2024-02-21,9608
3622,洋華,25,0,25,富邦-台東,2024-02-21,9608
6189,豐藝,29,5,24,富邦-台東,2024-02-21,9608
3042,晶技,21,0,21,富邦-台東,2024-02-21,9608
00902,中信電池及儲能,20,0,20,富邦-台東,2024-02-21,9608
00680L,元大美債20正2,20,0,20,富邦-台東,2024-02-21,9608
3231,緯創,31,13,18,富邦-台東,2024-02-21,9608
6187,萬潤,18,0,18,富邦-台東,2024-02-21,9608
00679B,元大美債20年,22,7,15,富邦-台東,2024-02-21,9608
2353,宏��,16,1,15,富邦-台東,2024-02-21,9608
2801,彰銀,15,0,15,富邦-台東,2024-02-21,9608
6113,亞矽,14,0,14,富邦-台東,2024-02-21,9608
6285,啟��,13,0,13,富邦-台東,2024-02-21,9608
00929,復華台灣科技優息,22,10,12,富邦-台東,2024-02-21,9608
2515,中工,12,0,12,富邦-台東,2024-02-21,9608
3481,群創,23,11,12,富邦-台東,2024-02-21,9608
3535,晶彩科,14,2,12,富邦-台東,2024-02-21,9608
3041,揚智,19,8,11,富邦-台東,2024-02-21,9608
6164,華興,12,1,11,富邦-台東,2024-02-21,9608
3037,欣興,12,2,10,富邦-台東,2024-02-21,9608
00752,中信中國50,10,0,10,富邦-台東,2024-02-21,9608
00676R,富邦臺灣加權反1,10,0,10,富邦-台東,2024-02-21,9608
00706L,期元大S＆P日圓正2,10,0,10,富邦-台東,2024-02-21,9608
2511,太子,10,0,10,富邦-台東,2024-02-21,9608
6279,胡連,11,1,10,富邦-台東,2024-02-21,9608
3715,定穎投控,10,1,9,富邦-台東,2024-02-21,9608
6244,茂迪,10,1,9,富邦-台東,2024-02-21,9608
6282,康舒,7,0,7,富邦-台東,2024-02-21,9608
2330,台積電,7,0,7,富邦-台東,2024-02-21,9608
2610,華航,35,28,7,富邦-台東,2024-02-21,9608
2615,萬海,12,5,7,富邦-台東,2024-02-21,9608
3027,盛達,10,3,7,富邦-台東,2024-02-21,9608
3499,環天科,7,0,7,富邦-台東,2024-02-21,9608
5488,松普,7,0,7,富邦-台東,2024-02-21,9608
6120,達運,13,6,7,富邦-台東,2024-02-21,9608
6227,茂綸,7,0,7,富邦-台東,2024-02-21,9608
00715L,期街口布蘭特正2,11,5,6,富邦-台東,2024-02-21,9608
1717,長興,11,5,6,富邦-台東,2024-02-21,9608
2301,光寶科,6,0,6,富邦-台東,2024-02-21,9608
2367,燿華,14,8,6,富邦-台東,2024-02-21,9608
3147,大綜,8,2,6,富邦-台東,2024-02-21,9608
3372,典範,16,10,6,富邦-台東,2024-02-21,9608
00720B,元大投資級公司債,5,0,5,富邦-台東,2024-02-21,9608
00931B,統一美債20年,5,0,5,富邦-台東,2024-02-21,9608
1449,佳和,5,0,5,富邦-台東,2024-02-21,9608
2417,圓剛,1444,607,837,富邦-台東,2024-02-22,9608
5381,合正,61,0,61,富邦-台東,2024-02-22,9608
00706L,期元大S＆P日圓正2,60,0,60,富邦-台東,2024-02-22,9608
2460,建通,52,0,52,富邦-台東,2024-02-22,9608
00929,復華台灣科技優息,69,20,49,富邦-台東,2024-02-22,9608
3042,晶技,31,0,31,富邦-台東,2024-02-22,9608
9105,泰金寶-DR,30,0,30,富邦-台東,2024-02-22,9608
00878,國泰永續高股息,29,0,29,富邦-台東,2024-02-22,9608
3622,洋華,28,0,28,富邦-台東,2024-02-22,9608
00687B,國泰20年美債,27,0,27,富邦-台東,2024-02-22,9608
2399,映泰,25,1,24,富邦-台東,2024-02-22,9608
2329,華泰,62,40,22,富邦-台東,2024-02-22,9608
00632R,元大台灣50反1,18,0,18,富邦-台東,2024-02-22,9608
6237,驊訊,18,0,18,富邦-台東,2024-02-22,9608
2498,宏達電,16,0,16,富邦-台東,2024-02-22,9608
00795B,中信美國公債20年,16,0,16,富邦-台東,2024-02-22,9608
1514,亞力,12,0,12,富邦-台東,2024-02-22,9608
5498,凱崴,12,0,12,富邦-台東,2024-02-22,9608
2303,聯電,14,3,11,富邦-台東,2024-02-22,9608
4934,太極,11,0,11,富邦-台東,2024-02-22,9608
2353,宏��,14,3,11,富邦-台東,2024-02-22,9608
3035,智原,12,1,11,富邦-台東,2024-02-22,9608
5426,振發,11,0,11,富邦-台東,2024-02-22,9608
00673R,期元大S＆P原油反1,10,0,10,富邦-台東,2024-02-22,9608
2376,技嘉,14,4,10,富邦-台東,2024-02-22,9608
5443,均豪,18,9,9,富邦-台東,2024-02-22,9608
2881,富邦金,10,1,9,富邦-台東,2024-02-22,9608
00937B,群益ESG投等債20,8,0,8,富邦-台東,2024-02-22,9608
1513,中興電,13,5,8,富邦-台東,2024-02-22,9608
2887,台新金,8,0,8,富邦-台東,2024-02-22,9608
2368,金像電,7,0,7,富邦-台東,2024-02-22,9608
00931B,統一美債20年,6,0,6,富邦-台東,2024-02-22,9608
1316,上曜,11,5,6,富邦-台東,2024-02-22,9608
3221,台嘉碩,7,1,6,富邦-台東,2024-02-22,9608
00679B,元大美債20年,5,0,5,富邦-台東,2024-02-22,9608
3044,健鼎,5,0,5,富邦-台東,2024-02-22,9608
2884,玉山金,5,0,5,富邦-台東,2024-02-22,9608
4979,華星光,5,0,5,富邦-台東,2024-02-22,9608
00764B,群益25年美債,5,0,5,富邦-台東,2024-02-22,9608
3047,訊舟,5,0,5,富邦-台東,2024-02-22,9608
3147,大綜,6,1,5,富邦-台東,2024-02-22,9608
3530,晶相光,5,0,5,富邦-台東,2024-02-22,9608
6118,建達,5,0,5,富邦-台東,2024-02-22,9608
3362,先進光,5,1,4,富邦-台東,2024-02-22,9608
00773B,中信優先金融債,4,0,4,富邦-台東,2024-02-22,9608
00668,國泰美國道瓊,4,0,4,富邦-台東,2024-02-22,9608
1305,華夏,4,0,4,富邦-台東,2024-02-22,9608
2515,中工,11,7,4,富邦-台東,2024-02-22,9608
6113,亞矽,4,0,4,富邦-台東,2024-02-22,9608
6231,系微,4,0,4,富邦-台東,2024-02-22,9608
00679B,元大美債20年,50,0,50,富邦-台東,2024-02-23,9608
2329,華泰,80,46,34,富邦-台東,2024-02-23,9608
00933B,國泰10Y+金融債,30,0,30,富邦-台東,2024-02-23,9608
00632R,元大台灣50反1,33,4,29,富邦-台東,2024-02-23,9608
00680L,元大美債20正2,29,0,29,富邦-台東,2024-02-23,9608
3231,緯創,61,34,27,富邦-台東,2024-02-23,9608
8383,千附,25,0,25,富邦-台東,2024-02-23,9608
6189,豐藝,31,8,23,富邦-台東,2024-02-23,9608
6245,立端,21,0,21,富邦-台東,2024-02-23,9608
3499,環天科,20,0,20,富邦-台東,2024-02-23,9608
6147,頎邦,22,4,18,富邦-台東,2024-02-23,9608
6167,久正,16,1,15,富邦-台東,2024-02-23,9608
2353,宏��,29,15,14,富邦-台東,2024-02-23,9608
2313,華通,30,17,13,富邦-台東,2024-02-23,9608
2888,新光金,12,1,11,富邦-台東,2024-02-23,9608
5880,合庫金,11,0,11,富邦-台東,2024-02-23,9608
6288,聯嘉,11,0,11,富邦-台東,2024-02-23,9608
6684,安格,11,0,11,富邦-台東,2024-02-23,9608
00895,富邦未來車,10,0,10,富邦-台東,2024-02-23,9608
00885,富邦越南,10,0,10,富邦-台東,2024-02-23,9608
6550,北極星藥業-KY,10,0,10,富邦-台東,2024-02-23,9608
3042,晶技,10,0,10,富邦-台東,2024-02-23,9608
8111,立��,9,0,9,富邦-台東,2024-02-23,9608
00687B,國泰20年美債,9,1,8,富邦-台東,2024-02-23,9608
3037,欣興,7,0,7,富邦-台東,2024-02-23,9608
00937B,群益ESG投等債20,7,0,7,富邦-台東,2024-02-23,9608
2464,盟立,7,0,7,富邦-台東,2024-02-23,9608
00919,群益台灣精選高息,62,55,7,富邦-台東,2024-02-23,9608
2881,富邦金,11,4,7,富邦-台東,2024-02-23,9608
6538,倉和,9,3,6,富邦-台東,2024-02-23,9608
3147,大綜,6,0,6,富邦-台東,2024-02-23,9608
6770,力積電,5,0,5,富邦-台東,2024-02-23,9608
00915,凱基優選高股息30,5,0,5,富邦-台東,2024-02-23,9608
2610,華航,10,5,5,富邦-台東,2024-02-23,9608
2801,彰銀,5,0,5,富邦-台東,2024-02-23,9608
3052,夆典,5,0,5,富邦-台東,2024-02-23,9608
3483,力致,5,0,5,富邦-台東,2024-02-23,9608
3663,鑫科,5,0,5,富邦-台東,2024-02-23,9608
3712,永崴投控,5,0,5,富邦-台東,2024-02-23,9608
4977,眾達-KY,5,0,5,富邦-台東,2024-02-23,9608
6156,松上,5,0,5,富邦-台東,2024-02-23,9608
6790,永豐實,5,0,5,富邦-台東,2024-02-23,9608
3481,群創,6,1,5,富邦-台東,2024-02-23,9608
6126,信音,6,2,4,富邦-台東,2024-02-23,9608
3535,晶彩科,4,0,4,富邦-台東,2024-02-23,9608
6442,光聖,7,3,4,富邦-台東,2024-02-23,9608
2886,兆豐金,4,0,4,富邦-台東,2024-02-23,9608
3038,全台,4,0,4,富邦-台東,2024-02-23,9608
3213,茂訊,4,0,4,富邦-台東,2024-02-23,9608
3437,榮創,4,0,4,富邦-台東,2024-02-23,9608
6237,驊訊,1038,21,1017,富邦-台東,2024-02-26,9608
00878,國泰永續高股息,212,0,212,富邦-台東,2024-02-26,9608
6534,正瀚-創,80,2,78,富邦-台東,2024-02-26,9608
00933B,國泰10Y+金融債,76,10,66,富邦-台東,2024-02-26,9608
8383,千附,59,0,59,富邦-台東,2024-02-26,9608
00706L,期元大S＆P日圓正2,50,0,50,富邦-台東,2024-02-26,9608
1815,富喬,49,2,47,富邦-台東,2024-02-26,9608
00679B,元大美債20年,45,0,45,富邦-台東,2024-02-26,9608
2353,宏��,34,1,33,富邦-台東,2024-02-26,9608
2615,萬海,32,0,32,富邦-台東,2024-02-26,9608
2449,京元電子,51,26,25,富邦-台東,2024-02-26,9608
0056,元大高股息,23,3,20,富邦-台東,2024-02-26,9608
00673R,期元大S＆P原油反1,60,40,20,富邦-台東,2024-02-26,9608
00680L,元大美債20正2,21,1,20,富邦-台東,2024-02-26,9608
2317,鴻海,20,0,20,富邦-台東,2024-02-26,9608
00937B,群益ESG投等債20,20,1,19,富邦-台東,2024-02-26,9608
1717,長興,22,4,18,富邦-台東,2024-02-26,9608
3360,尚立,18,2,16,富邦-台東,2024-02-26,9608
3701,大眾控,13,0,13,富邦-台東,2024-02-26,9608
2329,華泰,31,20,11,富邦-台東,2024-02-26,9608
8040,九暘,11,0,11,富邦-台東,2024-02-26,9608
2313,華通,14,3,11,富邦-台東,2024-02-26,9608
2425,承啟,10,0,10,富邦-台東,2024-02-26,9608
2836,高雄銀,10,0,10,富邦-台東,2024-02-26,9608
2888,新光金,10,0,10,富邦-台東,2024-02-26,9608
3715,定穎投控,10,0,10,富邦-台東,2024-02-26,9608
4960,誠美材,10,0,10,富邦-台東,2024-02-26,9608
4908,前鼎,17,7,10,富邦-台東,2024-02-26,9608
2883B,凱基金乙特,10,1,9,富邦-台東,2024-02-26,9608
00687B,國泰20年美債,9,1,8,富邦-台東,2024-02-26,9608
2344,華邦電,8,0,8,富邦-台東,2024-02-26,9608
3689,湧德,10,2,8,富邦-台東,2024-02-26,9608
2376,技嘉,9,2,7,富邦-台東,2024-02-26,9608
1609,大亞,9,3,6,富邦-台東,2024-02-26,9608
2495,普安,11,5,6,富邦-台東,2024-02-26,9608
6732,昇佳電子,6,0,6,富邦-台東,2024-02-26,9608
1503,士電,10,4,6,富邦-台東,2024-02-26,9608
1528,恩德,7,2,5,富邦-台東,2024-02-26,9608
1535,中宇,5,0,5,富邦-台東,2024-02-26,9608
2301,光寶科,5,0,5,富邦-台東,2024-02-26,9608
3221,台嘉碩,6,1,5,富邦-台東,2024-02-26,9608
3483,力致,5,0,5,富邦-台東,2024-02-26,9608
4958,臻鼎-KY,5,0,5,富邦-台東,2024-02-26,9608
8150,南茂,5,0,5,富邦-台東,2024-02-26,9608
6285,啟��,5,1,4,富邦-台東,2024-02-26,9608
00915,凱基優選高股息30,4,0,4,富邦-台東,2024-02-26,9608
00881,國泰台灣5G+,8,4,4,富邦-台東,2024-02-26,9608
4770,上品,5,1,4,富邦-台東,2024-02-26,9608
5351,鈺創,5,1,4,富邦-台東,2024-02-26,9608
6188,廣明,4,0,4,富邦-台東,2024-02-26,9608
00919,群益台灣精選高息,84,5,79,富邦-台東,2024-02-27,9608
00895,富邦未來車,56,0,56,富邦-台東,2024-02-27,9608
8103,瀚荃,50,0,50,富邦-台東,2024-02-27,9608
2301,光寶科,47,4,43,富邦-台東,2024-02-27,9608
00937B,群益ESG投等債20,42,0,42,富邦-台東,2024-02-27,9608
00712,復華富時不動產,40,0,40,富邦-台東,2024-02-27,9608
00687B,國泰20年美債,35,0,35,富邦-台東,2024-02-27,9608
00878,國泰永續高股息,92,59,33,富邦-台東,2024-02-27,9608
00752,中信中國50,32,0,32,富邦-台東,2024-02-27,9608
3231,緯創,49,25,24,富邦-台東,2024-02-27,9608
2498,宏達電,22,0,22,富邦-台東,2024-02-27,9608
00850,元大臺灣ESG永續,21,0,21,富邦-台東,2024-02-27,9608
00933B,國泰10Y+金融債,19,0,19,富邦-台東,2024-02-27,9608
00757,統一FANG+,16,0,16,富邦-台東,2024-02-27,9608
1514,亞力,18,2,16,富邦-台東,2024-02-27,9608
2495,普安,17,1,16,富邦-台東,2024-02-27,9608
3450,聯鈞,15,0,15,富邦-台東,2024-02-27,9608
00931B,統一美債20年,15,0,15,富邦-台東,2024-02-27,9608
2014,中鴻,15,0,15,富邦-台東,2024-02-27,9608
2401,凌陽,15,0,15,富邦-台東,2024-02-27,9608
4968,立積,16,1,15,富邦-台東,2024-02-27,9608
2317,鴻海,21,6,15,富邦-台東,2024-02-27,9608
1513,中興電,23,9,14,富邦-台東,2024-02-27,9608
3360,尚立,13,0,13,富邦-台東,2024-02-27,9608
2363,矽統,29,16,13,富邦-台東,2024-02-27,9608
2884,玉山金,29,17,12,富邦-台東,2024-02-27,9608
3481,群創,12,0,12,富邦-台東,2024-02-27,9608
6532,瑞耘,11,0,11,富邦-台東,2024-02-27,9608
00637L,元大滬深300正2,10,0,10,富邦-台東,2024-02-27,9608
00922,國泰台灣領袖50,10,0,10,富邦-台東,2024-02-27,9608
1314,中石化,10,0,10,富邦-台東,2024-02-27,9608
6485,點序,10,0,10,富邦-台東,2024-02-27,9608
6742,澤米,10,0,10,富邦-台東,2024-02-27,9608
8110,華東,10,0,10,富邦-台東,2024-02-27,9608
8942,森鉅,10,0,10,富邦-台東,2024-02-27,9608
00929,復華台灣科技優息,86,77,9,富邦-台東,2024-02-27,9608
00715L,期街口布蘭特正2,10,1,9,富邦-台東,2024-02-27,9608
3499,環天科,9,0,9,富邦-台東,2024-02-27,9608
3689,湧德,14,5,9,富邦-台東,2024-02-27,9608
2329,華泰,32,23,9,富邦-台東,2024-02-27,9608
2353,宏��,10,2,8,富邦-台東,2024-02-27,9608
2002,中鋼,8,0,8,富邦-台東,2024-02-27,9608
2027,大成鋼,8,0,8,富邦-台東,2024-02-27,9608
6233,旺玖,14,6,8,富邦-台東,2024-02-27,9608
6790,永豐實,8,0,8,富邦-台東,2024-02-27,9608
2382,廣達,11,4,7,富邦-台東,2024-02-27,9608
2880,華南金,7,0,7,富邦-台東,2024-02-27,9608
2885,元大金,7,0,7,富邦-台東,2024-02-27,9608
3047,訊舟,7,0,7,富邦-台東,2024-02-27,9608
4563,百德,7,0,7,富邦-台東,2024-02-27,9608
00687B,國泰20年美債,130,0,130,富邦-台東,2024-02-29,9608
1612,宏泰,66,0,66,富邦-台東,2024-02-29,9608
00937B,群益ESG投等債20,63,2,61,富邦-台東,2024-02-29,9608
2891,中信金,100,50,50,富邦-台東,2024-02-29,9608
5488,松普,50,0,50,富邦-台東,2024-02-29,9608
00929,復華台灣科技優息,49,5,44,富邦-台東,2024-02-29,9608
2303,聯電,48,18,30,富邦-台東,2024-02-29,9608
00679B,元大美債20年,26,0,26,富邦-台東,2024-02-29,9608
2884,玉山金,23,0,23,富邦-台東,2024-02-29,9608
1815,富喬,30,10,20,富邦-台東,2024-02-29,9608
5498,凱崴,20,0,20,富邦-台東,2024-02-29,9608
3363,上詮,28,9,19,富邦-台東,2024-02-29,9608
2641,正德,20,5,15,富邦-台東,2024-02-29,9608
6470,宇智,15,0,15,富邦-台東,2024-02-29,9608
3005,神基,16,1,15,富邦-台東,2024-02-29,9608
00773B,中信優先金融債,14,0,14,富邦-台東,2024-02-29,9608
4563,百德,14,0,14,富邦-台東,2024-02-29,9608
00857B,永豐20年美公債,11,0,11,富邦-台東,2024-02-29,9608
00795B,中信美國公債20年,10,0,10,富邦-台東,2024-02-29,9608
00715L,期街口布蘭特正2,10,0,10,富邦-台東,2024-02-29,9608
2353,宏��,11,1,10,富邦-台東,2024-02-29,9608
2476,鉅祥,16,6,10,富邦-台東,2024-02-29,9608
2617,台航,20,10,10,富邦-台東,2024-02-29,9608
5531,鄉林,10,0,10,富邦-台東,2024-02-29,9608
6179,亞通,10,0,10,富邦-台東,2024-02-29,9608
2301,光寶科,15,6,9,富邦-台東,2024-02-29,9608
00764B,群益25年美債,8,0,8,富邦-台東,2024-02-29,9608
2605,新興,9,1,8,富邦-台東,2024-02-29,9608
00919,群益台灣精選高息,35,27,8,富邦-台東,2024-02-29,9608
8064,東捷,7,0,7,富邦-台東,2024-02-29,9608
1795,美時,8,2,6,富邦-台東,2024-02-29,9608
8383,千附,10,4,6,富邦-台東,2024-02-29,9608
2329,華泰,28,22,6,富邦-台東,2024-02-29,9608
3548,兆利,6,0,6,富邦-台東,2024-02-29,9608
3178,公準,6,1,5,富邦-台東,2024-02-29,9608
2376,技嘉,15,10,5,富邦-台東,2024-02-29,9608
1460,宏遠,5,0,5,富邦-台東,2024-02-29,9608
1504,東元,5,0,5,富邦-台東,2024-02-29,9608
2324,仁寶,11,6,5,富邦-台東,2024-02-29,9608
2489,瑞軒,5,0,5,富邦-台東,2024-02-29,9608
4958,臻鼎-KY,5,0,5,富邦-台東,2024-02-29,9608
6284,佳邦,5,0,5,富邦-台東,2024-02-29,9608
6443,元晶,5,0,5,富邦-台東,2024-02-29,9608
3035,智原,9,5,4,富邦-台東,2024-02-29,9608
2327,國巨,4,0,4,富邦-台東,2024-02-29,9608
2460,建通,4,0,4,富邦-台東,2024-02-29,9608
3419,譁裕,5,1,4,富邦-台東,2024-02-29,9608
3701,大眾控,9,5,4,富邦-台東,2024-02-29,9608
3715,定穎投控,4,0,4,富邦-台東,2024-02-29,9608
8996,高力,4,0,4,富邦-台東,2024-02-29,9608
2305,全友,1823,0,1823,富邦-台東,2024-03-01,9608
00937B,群益ESG投等債20,319,58,261,富邦-台東,2024-03-01,9608
00919,群益台灣精選高息,236,1,235,富邦-台東,2024-03-01,9608
4726,永昕,120,1,119,富邦-台東,2024-03-01,9608
00772B,中信高評級公司債,60,0,60,富邦-台東,2024-03-01,9608
4906,正文,50,0,50,富邦-台東,2024-03-01,9608
1504,東元,50,1,49,富邦-台東,2024-03-01,9608
2303,聯電,40,3,37,富邦-台東,2024-03-01,9608
1815,富喬,54,22,32,富邦-台東,2024-03-01,9608
00857B,永豐20年美公債,30,0,30,富邦-台東,2024-03-01,9608
3622,洋華,31,1,30,富邦-台東,2024-03-01,9608
2605,新興,30,5,25,富邦-台東,2024-03-01,9608
1612,宏泰,22,0,22,富邦-台東,2024-03-01,9608
1514,亞力,31,13,18,富邦-台東,2024-03-01,9608
6112,邁達特,15,0,15,富邦-台東,2024-03-01,9608
3363,上詮,19,5,14,富邦-台東,2024-03-01,9608
2002,中鋼,13,1,12,富邦-台東,2024-03-01,9608
6697,東捷資訊,12,0,12,富邦-台東,2024-03-01,9608
6719,力智,11,0,11,富邦-台東,2024-03-01,9608
00687B,國泰20年美債,10,0,10,富邦-台東,2024-03-01,9608
1101,台泥,10,0,10,富邦-台東,2024-03-01,9608
00690,兆豐藍籌30,10,0,10,富邦-台東,2024-03-01,9608
00751B,元大AAA至A公司債,10,0,10,富邦-台東,2024-03-01,9608
00913,兆豐台灣晶圓製造,10,0,10,富邦-台東,2024-03-01,9608
2327,國巨,10,0,10,富邦-台東,2024-03-01,9608
2634,漢翔,9,0,9,富邦-台東,2024-03-01,9608
3360,尚立,9,0,9,富邦-台東,2024-03-01,9608
6790,永豐實,9,0,9,富邦-台東,2024-03-01,9608
6179,亞通,8,0,8,富邦-台東,2024-03-01,9608
4909,新復興,13,5,8,富邦-台東,2024-03-01,9608
6190,萬泰科,8,0,8,富邦-台東,2024-03-01,9608
6684,安格,9,1,8,富邦-台東,2024-03-01,9608
6535,順藥,7,0,7,富邦-台東,2024-03-01,9608
00891,中信關鍵半導體,7,0,7,富邦-台東,2024-03-01,9608
2836,高雄銀,7,0,7,富邦-台東,2024-03-01,9608
3714,富采,7,0,7,富邦-台東,2024-03-01,9608
4129,聯合,7,0,7,富邦-台東,2024-03-01,9608
5880,合庫金,9,2,7,富邦-台東,2024-03-01,9608
2329,華泰,16,10,6,富邦-台東,2024-03-01,9608
1618,合機,6,0,6,富邦-台東,2024-03-01,9608
3036,文曄,7,1,6,富邦-台東,2024-03-01,9608
3041,揚智,7,1,6,富邦-台東,2024-03-01,9608
4303,信立,13,7,6,富邦-台東,2024-03-01,9608
5328,華容,6,0,6,富邦-台東,2024-03-01,9608
5508,永信建,6,0,6,富邦-台東,2024-03-01,9608
3163,波若威,12,7,5,富邦-台東,2024-03-01,9608
5425,台半,5,0,5,富邦-台東,2024-03-01,9608
8064,東捷,8,3,5,富邦-台東,2024-03-01,9608
6806,森崴能源,10,5,5,富邦-台東,2024-03-01,9608
1217,愛之味,5,0,5,富邦-台東,2024-03-01,9608
3706,神達,124,3,121,富邦-台東,2024-03-04,9608
00674R,期元大S＆P黃金反1,50,0,50,富邦-台東,2024-03-04,9608
5880,合庫金,42,1,41,富邦-台東,2024-03-04,9608
00937B,群益ESG投等債20,35,2,33,富邦-台東,2024-03-04,9608
9105,泰金寶-DR,30,0,30,富邦-台東,2024-03-04,9608
2014,中鴻,29,0,29,富邦-台東,2024-03-04,9608
2464,盟立,26,0,26,富邦-台東,2024-03-04,9608
00679B,元大美債20年,25,0,25,富邦-台東,2024-03-04,9608
3005,神基,27,5,22,富邦-台東,2024-03-04,9608
3360,尚立,22,0,22,富邦-台東,2024-03-04,9608
00919,群益台灣精選高息,63,42,21,富邦-台東,2024-03-04,9608
2633,台灣高鐵,20,0,20,富邦-台東,2024-03-04,9608
00918,大華優利高填息30,21,2,19,富邦-台東,2024-03-04,9608
2353,宏��,44,26,18,富邦-台東,2024-03-04,9608
2356,英業達,19,1,18,富邦-台東,2024-03-04,9608
2609,陽明,63,45,18,富邦-台東,2024-03-04,9608
2603,長榮,20,5,15,富邦-台東,2024-03-04,9608
2399,映泰,13,0,13,富邦-台東,2024-03-04,9608
00687B,國泰20年美債,14,1,13,富邦-台東,2024-03-04,9608
2421,建準,14,1,13,富邦-台東,2024-03-04,9608
1314,中石化,12,0,12,富邦-台東,2024-03-04,9608
6290,良維,12,0,12,富邦-台東,2024-03-04,9608
3004,豐達科,15,3,12,富邦-台東,2024-03-04,9608
4563,百德,12,0,12,富邦-台東,2024-03-04,9608
3374,精材,11,0,11,富邦-台東,2024-03-04,9608
2426,鼎元,10,0,10,富邦-台東,2024-03-04,9608
3630,新鉅科,10,0,10,富邦-台東,2024-03-04,9608
6120,達運,11,1,10,富邦-台東,2024-03-04,9608
6443,元晶,9,0,9,富邦-台東,2024-03-04,9608
2884,玉山金,19,11,8,富邦-台東,2024-03-04,9608
2206,三陽工業,15,7,8,富邦-台東,2024-03-04,9608
8383,千附,7,0,7,富邦-台東,2024-03-04,9608
2460,建通,7,0,7,富邦-台東,2024-03-04,9608
2809,京城銀,10,3,7,富邦-台東,2024-03-04,9608
2880,華南金,8,1,7,富邦-台東,2024-03-04,9608
2027,大成鋼,6,0,6,富邦-台東,2024-03-04,9608
3362,先進光,6,0,6,富邦-台東,2024-03-04,9608
1316,上曜,23,17,6,富邦-台東,2024-03-04,9608
2543,皇昌,11,5,6,富邦-台東,2024-03-04,9608
00752,中信中國50,5,0,5,富邦-台東,2024-03-04,9608
00935,野村臺灣新科技50,5,0,5,富邦-台東,2024-03-04,9608
2342,茂矽,5,0,5,富邦-台東,2024-03-04,9608
2498,宏達電,10,5,5,富邦-台東,2024-03-04,9608
2634,漢翔,5,0,5,富邦-台東,2024-03-04,9608
2383,台光電,5,1,4,富邦-台東,2024-03-04,9608
1301,台塑,5,1,4,富邦-台東,2024-03-04,9608
1305,華夏,4,0,4,富邦-台東,2024-03-04,9608
1339,昭輝,4,0,4,富邦-台東,2024-03-04,9608
2301,光寶科,6,2,4,富邦-台東,2024-03-04,9608
3413,京鼎,5,1,4,富邦-台東,2024-03-04,9608
5465,富驊,1717,1,1716,富邦-台東,2024-03-05,9608
2305,全友,1151,298,853,富邦-台東,2024-03-05,9608
00674R,期元大S＆P黃金反1,60,0,60,富邦-台東,2024-03-05,9608
6443,元晶,26,0,26,富邦-台東,2024-03-05,9608
1316,上曜,32,7,25,富邦-台東,2024-03-05,9608
2609,陽明,38,14,24,富邦-台東,2024-03-05,9608
2206,三陽工業,22,0,22,富邦-台東,2024-03-05,9608
00687B,國泰20年美債,21,0,21,富邦-台東,2024-03-05,9608
2014,中鴻,20,0,20,富邦-台東,2024-03-05,9608
00712,復華富時不動產,16,0,16,富邦-台東,2024-03-05,9608
00915,凱基優選高股息30,15,0,15,富邦-台東,2024-03-05,9608
00706L,期元大S＆P日圓正2,14,0,14,富邦-台東,2024-03-05,9608
00752,中信中國50,14,0,14,富邦-台東,2024-03-05,9608
2355,敬鵬,17,4,13,富邦-台東,2024-03-05,9608
00764B,群益25年美債,13,0,13,富邦-台東,2024-03-05,9608
2888,新光金,12,0,12,富邦-台東,2024-03-05,9608
2485,兆赫,11,0,11,富邦-台東,2024-03-05,9608
6163,華電網,13,2,11,富邦-台東,2024-03-05,9608
2344,華邦電,10,0,10,富邦-台東,2024-03-05,9608
4543,萬在,10,0,10,富邦-台東,2024-03-05,9608
4915,致伸,10,0,10,富邦-台東,2024-03-05,9608
6005,群益證,10,0,10,富邦-台東,2024-03-05,9608
6237,驊訊,10,0,10,富邦-台東,2024-03-05,9608
8383,千附,10,0,10,富邦-台東,2024-03-05,9608
6753,龍德造船,10,1,9,富邦-台東,2024-03-05,9608
00937B,群益ESG投等債20,23,13,10,富邦-台東,2024-03-05,9608
2002,中鋼,10,2,8,富邦-台東,2024-03-05,9608
8054,安國,9,1,8,富邦-台東,2024-03-05,9608
3035,智原,10,2,8,富邦-台東,2024-03-05,9608
00673R,期元大S＆P原油反1,8,0,8,富邦-台東,2024-03-05,9608
00632R,元大台灣50反1,8,0,8,富邦-台東,2024-03-05,9608
2464,盟立,8,0,8,富邦-台東,2024-03-05,9608
4563,百德,8,0,8,富邦-台東,2024-03-05,9608
0056,元大高股息,8,1,7,富邦-台東,2024-03-05,9608
3372,典範,13,6,7,富邦-台東,2024-03-05,9608
00888,永豐台灣ESG,7,0,7,富邦-台東,2024-03-05,9608
2369,菱生,24,17,7,富邦-台東,2024-03-05,9608
2371,大同,9,2,7,富邦-台東,2024-03-05,9608
2388,威盛,8,1,7,富邦-台東,2024-03-05,9608
3686,達能,7,0,7,富邦-台東,2024-03-05,9608
2516,新建,10,4,6,富邦-台東,2024-03-05,9608
2889,國票金,6,0,6,富邦-台東,2024-03-05,9608
6125,廣運,11,5,6,富邦-台東,2024-03-05,9608
3037,欣興,6,1,5,富邦-台東,2024-03-05,9608
00905,FT臺灣Smart,6,0,6,富邦-台東,2024-03-05,9608
2630,亞航,5,0,5,富邦-台東,2024-03-05,9608
3406,玉晶光,5,0,5,富邦-台東,2024-03-05,9608
3297,杭特,5,0,5,富邦-台東,2024-03-05,9608
00935,野村臺灣新科技50,5,0,5,富邦-台東,2024-03-05,9608
1535,中宇,5,0,5,富邦-台東,2024-03-05,9608
00665L,富邦�琤肭磪囓�2,199,19,180,富邦-台東,2024-03-06,9608
00918,大華優利高填息30,148,0,148,富邦-台東,2024-03-06,9608
4533,協易機,124,1,123,富邦-台東,2024-03-06,9608
00937B,群益ESG投等債20,71,10,61,富邦-台東,2024-03-06,9608
00674R,期元大S＆P黃金反1,50,0,50,富邦-台東,2024-03-06,9608
2002,中鋼,33,0,33,富邦-台東,2024-03-06,9608
6790,永豐實,32,0,32,富邦-台東,2024-03-06,9608
2399,映泰,30,0,30,富邦-台東,2024-03-06,9608
6163,華電網,38,9,29,富邦-台東,2024-03-06,9608
4726,永昕,24,1,23,富邦-台東,2024-03-06,9608
00715L,期街口布蘭特正2,21,0,21,富邦-台東,2024-03-06,9608
6237,驊訊,21,0,21,富邦-台東,2024-03-06,9608
00882,中信中國高股息,20,0,20,富邦-台東,2024-03-06,9608
00751B,元大AAA至A公司債,20,0,20,富邦-台東,2024-03-06,9608
6257,矽格,20,0,20,富邦-台東,2024-03-06,9608
8011,台通,23,4,19,富邦-台東,2024-03-06,9608
2206,三陽工業,19,0,19,富邦-台東,2024-03-06,9608
3231,緯創,20,2,18,富邦-台東,2024-03-06,9608
1303,南亞,14,0,14,富邦-台東,2024-03-06,9608
00632R,元大台灣50反1,19,6,13,富邦-台東,2024-03-06,9608
4768,晶呈科技,17,5,12,富邦-台東,2024-03-06,9608
3481,群創,15,4,11,富邦-台東,2024-03-06,9608
00902,中信電池及儲能,11,0,11,富邦-台東,2024-03-06,9608
2816,旺旺保,11,0,11,富邦-台東,2024-03-06,9608
2845,遠東銀,11,0,11,富邦-台東,2024-03-06,9608
3711,日月光投控,11,0,11,富邦-台東,2024-03-06,9608
2409,友達,11,0,11,富邦-台東,2024-03-06,9608
2515,中工,10,0,10,富邦-台東,2024-03-06,9608
6592,和潤企業,10,0,10,富邦-台東,2024-03-06,9608
2603,長榮,10,0,10,富邦-台東,2024-03-06,9608
6116,彩晶,10,0,10,富邦-台東,2024-03-06,9608
00903,富邦元宇宙,10,0,10,富邦-台東,2024-03-06,9608
1326,台化,10,0,10,富邦-台東,2024-03-06,9608
1337,再生-KY,10,0,10,富邦-台東,2024-03-06,9608
1409,新纖,39,29,10,富邦-台東,2024-03-06,9608
1718,中纖,10,0,10,富邦-台東,2024-03-06,9608
2324,仁寶,16,6,10,富邦-台東,2024-03-06,9608
2498,宏達電,10,0,10,富邦-台東,2024-03-06,9608
2834,臺企銀,10,0,10,富邦-台東,2024-03-06,9608
3013,晟銘電,30,20,10,富邦-台東,2024-03-06,9608
4770,上品,10,0,10,富邦-台東,2024-03-06,9608
8110,華東,10,0,10,富邦-台東,2024-03-06,9608
2887,台新金,11,1,10,富邦-台東,2024-03-06,9608
00885,富邦越南,10,1,9,富邦-台東,2024-03-06,9608
5521,工信,16,7,9,富邦-台東,2024-03-06,9608
5381,合正,20,11,9,富邦-台東,2024-03-06,9608
2014,中鴻,13,5,8,富邦-台東,2024-03-06,9608
6770,力積電,8,0,8,富邦-台東,2024-03-06,9608
1305,華夏,8,0,8,富邦-台東,2024-03-06,9608
5483,中美晶,9,1,8,富邦-台東,2024-03-06,9608
4743,合一,323,2,321,富邦-台東,2024-03-07,9608
00687B,國泰20年美債,125,13,112,富邦-台東,2024-03-07,9608
6152,百一,83,0,83,富邦-台東,2024-03-07,9608
00674R,期元大S＆P黃金反1,50,0,50,富邦-台東,2024-03-07,9608
3706,神達,50,0,50,富邦-台東,2024-03-07,9608
2344,華邦電,90,46,44,富邦-台東,2024-03-07,9608
00919,群益台灣精選高息,78,39,39,富邦-台東,2024-03-07,9608
00688L,國泰20年美債正2,32,0,32,富邦-台東,2024-03-07,9608
6901,鑽石投資,32,0,32,富邦-台東,2024-03-07,9608
2313,華通,38,7,31,富邦-台東,2024-03-07,9608
1815,富喬,43,13,30,富邦-台東,2024-03-07,9608
2399,映泰,30,0,30,富邦-台東,2024-03-07,9608
00933B,國泰10Y+金融債,27,3,24,富邦-台東,2024-03-07,9608
00891,中信關鍵半導體,23,0,23,富邦-台東,2024-03-07,9608
2888,新光金,25,3,22,富邦-台東,2024-03-07,9608
3481,群創,42,20,22,富邦-台東,2024-03-07,9608
2409,友達,21,0,21,富邦-台東,2024-03-07,9608
2014,中鴻,35,15,20,富邦-台東,2024-03-07,9608
2412,中華電,20,0,20,富邦-台東,2024-03-07,9608
3479,安勤,20,0,20,富邦-台東,2024-03-07,9608
1216,統一,20,3,17,富邦-台東,2024-03-07,9608
6790,永豐實,16,0,16,富邦-台東,2024-03-07,9608
1611,中電,15,0,15,富邦-台東,2024-03-07,9608
3689,湧德,16,1,15,富邦-台東,2024-03-07,9608
2368,金像電,15,1,14,富邦-台東,2024-03-07,9608
2880,華南金,14,0,14,富邦-台東,2024-03-07,9608
2356,英業達,18,4,14,富邦-台東,2024-03-07,9608
00679B,元大美債20年,19,7,12,富邦-台東,2024-03-07,9608
00751B,元大AAA至A公司債,12,0,12,富邦-台東,2024-03-07,9608
4128,中天,12,0,12,富邦-台東,2024-03-07,9608
4770,上品,15,3,12,富邦-台東,2024-03-07,9608
4906,正文,15,4,11,富邦-台東,2024-03-07,9608
6257,矽格,12,1,11,富邦-台東,2024-03-07,9608
8033,雷虎,11,0,11,富邦-台東,2024-03-07,9608
2618,長榮航,36,26,10,富邦-台東,2024-03-07,9608
2002,中鋼,10,0,10,富邦-台東,2024-03-07,9608
1314,中石化,10,0,10,富邦-台東,2024-03-07,9608
1409,新纖,10,0,10,富邦-台東,2024-03-07,9608
1437,勤益控,10,0,10,富邦-台東,2024-03-07,9608
1734,杏輝,10,0,10,富邦-台東,2024-03-07,9608
2332,友訊,10,0,10,富邦-台東,2024-03-07,9608
8071,能率網通,10,0,10,富邦-台東,2024-03-07,9608
6488,環球晶,10,0,10,富邦-台東,2024-03-07,9608
00935,野村臺灣新科技50,11,2,9,富邦-台東,2024-03-07,9608
4979,華星光,12,3,9,富邦-台東,2024-03-07,9608
2547,日勝生,10,1,9,富邦-台東,2024-03-07,9608
6290,良維,8,0,8,富邦-台東,2024-03-07,9608
2382,廣達,11,4,7,富邦-台東,2024-03-07,9608
3540,曜越,7,0,7,富邦-台東,2024-03-07,9608
1471,首利,7,0,7,富邦-台東,2024-03-07,9608
4743,合一,100,16,84,富邦-台東,2024-03-08,9608
3481,群創,111,35,76,富邦-台東,2024-03-08,9608
6770,力積電,59,11,48,富邦-台東,2024-03-08,9608
00687B,國泰20年美債,47,0,47,富邦-台東,2024-03-08,9608
2882,國泰金,50,7,43,富邦-台東,2024-03-08,9608
00673R,期元大S＆P原油反1,40,0,40,富邦-台東,2024-03-08,9608
00931B,統一美債20年,40,8,32,富邦-台東,2024-03-08,9608
00933B,國泰10Y+金融債,38,7,31,富邦-台東,2024-03-08,9608
2399,映泰,31,0,31,富邦-台東,2024-03-08,9608
2358,廷鑫,32,5,27,富邦-台東,2024-03-08,9608
00937B,群益ESG投等債20,26,0,26,富邦-台東,2024-03-08,9608
3701,大眾控,41,18,23,富邦-台東,2024-03-08,9608
1339,昭輝,21,0,21,富邦-台東,2024-03-08,9608
3706,神達,30,9,21,富邦-台東,2024-03-08,9608
2014,中鴻,20,1,19,富邦-台東,2024-03-08,9608
2609,陽明,37,19,18,富邦-台東,2024-03-08,9608
4939,亞電,16,0,16,富邦-台東,2024-03-08,9608
6120,達運,16,0,16,富邦-台東,2024-03-08,9608
00929,復華台灣科技優息,80,65,15,富邦-台東,2024-03-08,9608
2328,廣宇,15,0,15,富邦-台東,2024-03-08,9608
2367,燿華,20,6,14,富邦-台東,2024-03-08,9608
3006,晶豪科,14,0,14,富邦-台東,2024-03-08,9608
2486,一詮,13,0,13,富邦-台東,2024-03-08,9608
5347,世界,20,7,13,富邦-台東,2024-03-08,9608
2489,瑞軒,12,0,12,富邦-台東,2024-03-08,9608
3625,西勝,12,0,12,富邦-台東,2024-03-08,9608
6005,群益證,18,6,12,富邦-台東,2024-03-08,9608
2025,千興,10,0,10,富邦-台東,2024-03-08,9608
2801,彰銀,10,0,10,富邦-台東,2024-03-08,9608
4114,健喬,10,0,10,富邦-台東,2024-03-08,9608
4532,瑞智,10,0,10,富邦-台東,2024-03-08,9608
912000,晨訊科-DR,10,0,10,富邦-台東,2024-03-08,9608
5356,協益,10,0,10,富邦-台東,2024-03-08,9608
6189,豐藝,10,0,10,富邦-台東,2024-03-08,9608
2340,台亞,9,0,9,富邦-台東,2024-03-08,9608
6190,萬泰科,9,0,9,富邦-台東,2024-03-08,9608
3402,漢科,8,0,8,富邦-台東,2024-03-08,9608
6116,彩晶,8,0,8,富邦-台東,2024-03-08,9608
3227,原相,11,3,8,富邦-台東,2024-03-08,9608
00915,凱基優選高股息30,10,2,8,富邦-台東,2024-03-08,9608
2408,南亞科,9,1,8,富邦-台東,2024-03-08,9608
2547,日勝生,10,2,8,富邦-台東,2024-03-08,9608
2417,圓剛,10,2,8,富邦-台東,2024-03-08,9608
3013,晟銘電,12,4,8,富邦-台東,2024-03-08,9608
2308,台達電,9,1,8,富邦-台東,2024-03-08,9608
2329,華泰,9,2,7,富邦-台東,2024-03-08,9608
3711,日月光投控,43,36,7,富邦-台東,2024-03-08,9608
1101,台泥,23,16,7,富邦-台東,2024-03-08,9608
3236,千如,7,0,7,富邦-台東,2024-03-08,9608
4414,如興,7,0,7,富邦-台東,2024-03-08,9608
00665L,富邦�琤肭磪囓�2,215,0,215,富邦-台東,2024-03-11,9608
00687B,國泰20年美債,127,0,127,富邦-台東,2024-03-11,9608
00915,凱基優選高股息30,108,2,106,富邦-台東,2024-03-11,9608
2618,長榮航,80,4,76,富邦-台東,2024-03-11,9608
00674R,期元大S＆P黃金反1,60,0,60,富邦-台東,2024-03-11,9608
1609,大亞,50,0,50,富邦-台東,2024-03-11,9608
2303,聯電,50,4,46,富邦-台東,2024-03-11,9608
00937B,群益ESG投等債20,45,6,39,富邦-台東,2024-03-11,9608
2329,華泰,38,2,36,富邦-台東,2024-03-11,9608
00632R,元大台灣50反1,35,0,35,富邦-台東,2024-03-11,9608
3338,泰碩,35,1,34,富邦-台東,2024-03-11,9608
2206,三陽工業,30,0,30,富邦-台東,2024-03-11,9608
4207,環泰,30,0,30,富邦-台東,2024-03-11,9608
6278,台表科,35,5,30,富邦-台東,2024-03-11,9608
00929,復華台灣科技優息,38,10,28,富邦-台東,2024-03-11,9608
2610,華航,29,3,26,富邦-台東,2024-03-11,9608
00712,復華富時不動產,25,0,25,富邦-台東,2024-03-11,9608
2340,台亞,21,0,21,富邦-台東,2024-03-11,9608
6770,力積電,70,50,20,富邦-台東,2024-03-11,9608
00751B,元大AAA至A公司債,20,0,20,富邦-台東,2024-03-11,9608
8299,群聯,20,0,20,富邦-台東,2024-03-11,9608
2352,佳世達,17,0,17,富邦-台東,2024-03-11,9608
00918,大華優利高填息30,16,1,15,富邦-台東,2024-03-11,9608
00933B,國泰10Y+金融債,20,7,13,富邦-台東,2024-03-11,9608
2449,京元電子,15,2,13,富邦-台東,2024-03-11,9608
00679B,元大美債20年,14,1,13,富邦-台東,2024-03-11,9608
00922,國泰台灣領袖50,12,0,12,富邦-台東,2024-03-11,9608
1584,精剛,12,0,12,富邦-台東,2024-03-11,9608
00919,群益台灣精選高息,59,47,12,富邦-台東,2024-03-11,9608
2330,台積電,18,7,11,富邦-台東,2024-03-11,9608
00935,野村臺灣新科技50,13,2,11,富邦-台東,2024-03-11,9608
5386,青雲,12,1,11,富邦-台東,2024-03-11,9608
2498,宏達電,10,0,10,富邦-台東,2024-03-11,9608
1721,三晃,10,0,10,富邦-台東,2024-03-11,9608
2605,新興,10,0,10,富邦-台東,2024-03-11,9608
3673,TPK-KY,10,0,10,富邦-台東,2024-03-11,9608
8933,愛地雅,10,0,10,富邦-台東,2024-03-11,9608
3010,華立,10,0,10,富邦-台東,2024-03-11,9608
00680L,元大美債20正2,9,0,9,富邦-台東,2024-03-11,9608
1409,新纖,26,17,9,富邦-台東,2024-03-11,9608
5465,富驊,9,0,9,富邦-台東,2024-03-11,9608
3701,大眾控,13,5,8,富邦-台東,2024-03-11,9608
3034,聯詠,8,0,8,富邦-台東,2024-03-11,9608
1216,統一,10,2,8,富邦-台東,2024-03-11,9608
3576,聯合再生,8,0,8,富邦-台東,2024-03-11,9608
6491,晶碩,7,0,7,富邦-台東,2024-03-11,9608
1301,台塑,7,0,7,富邦-台東,2024-03-11,9608
00888,永豐台灣ESG,7,0,7,富邦-台東,2024-03-11,9608
2344,華邦電,37,30,7,富邦-台東,2024-03-11,9608
3711,日月光投控,8,2,6,富邦-台東,2024-03-11,9608
1316,上曜,67,3,64,富邦-台東,2024-03-12,9608
00937B,群益ESG投等債20,53,3,50,富邦-台東,2024-03-12,9608
00918,大華優利高填息30,52,4,48,富邦-台東,2024-03-12,9608
1609,大亞,103,56,47,富邦-台東,2024-03-12,9608
5880,合庫金,40,0,40,富邦-台東,2024-03-12,9608
00712,復華富時不動產,44,10,34,富邦-台東,2024-03-12,9608
00857B,永豐20年美公債,33,0,33,富邦-台東,2024-03-12,9608
00772B,中信高評級公司債,30,0,30,富邦-台東,2024-03-12,9608
8271,宇瞻,27,0,27,富邦-台東,2024-03-12,9608
00679B,元大美債20年,24,1,23,富邦-台東,2024-03-12,9608
00933B,國泰10Y+金融債,20,0,20,富邦-台東,2024-03-12,9608
2206,三陽工業,20,0,20,富邦-台東,2024-03-12,9608
8114,振樺電,20,0,20,富邦-台東,2024-03-12,9608
00903,富邦元宇宙,20,1,19,富邦-台東,2024-03-12,9608
3707,漢磊,21,3,18,富邦-台東,2024-03-12,9608
00632R,元大台灣50反1,33,20,13,富邦-台東,2024-03-12,9608
6770,力積電,12,0,12,富邦-台東,2024-03-12,9608
2371,大同,37,26,11,富邦-台東,2024-03-12,9608
2464,盟立,11,0,11,富邦-台東,2024-03-12,9608
2801,彰銀,11,0,11,富邦-台東,2024-03-12,9608
2603,長榮,12,2,10,富邦-台東,2024-03-12,9608
2340,台亞,10,0,10,富邦-台東,2024-03-12,9608
2414,精技,10,0,10,富邦-台東,2024-03-12,9608
2816,旺旺保,11,1,10,富邦-台東,2024-03-12,9608
2887,台新金,10,0,10,富邦-台東,2024-03-12,9608
3711,日月光投控,13,4,9,富邦-台東,2024-03-12,9608
00715L,期街口布蘭特正2,10,1,9,富邦-台東,2024-03-12,9608
2025,千興,10,1,9,富邦-台東,2024-03-12,9608
3231,緯創,19,10,9,富邦-台東,2024-03-12,9608
2376,技嘉,9,1,8,富邦-台東,2024-03-12,9608
3013,晟銘電,8,0,8,富邦-台東,2024-03-12,9608
3178,公準,8,0,8,富邦-台東,2024-03-12,9608
5210,寶碩,8,0,8,富邦-台東,2024-03-12,9608
2301,光寶科,8,1,7,富邦-台東,2024-03-12,9608
2884,玉山金,6,0,6,富邦-台東,2024-03-12,9608
3362,先進光,6,0,6,富邦-台東,2024-03-12,9608
00687B,國泰20年美債,6,0,6,富邦-台東,2024-03-12,9608
2324,仁寶,7,1,6,富邦-台東,2024-03-12,9608
00680L,元大美債20正2,6,0,6,富邦-台東,2024-03-12,9608
3715,定穎投控,6,0,6,富邦-台東,2024-03-12,9608
6182,合晶,6,0,6,富邦-台東,2024-03-12,9608
5351,鈺創,11,5,6,富邦-台東,2024-03-12,9608
2330,台積電,8,2,6,富邦-台東,2024-03-12,9608
3540,曜越,6,1,5,富邦-台東,2024-03-12,9608
1515,力山,5,0,5,富邦-台東,2024-03-12,9608
1611,中電,5,0,5,富邦-台東,2024-03-12,9608
2314,台揚,5,0,5,富邦-台東,2024-03-12,9608
2353,宏��,19,14,5,富邦-台東,2024-03-12,9608
2392,正崴,5,0,5,富邦-台東,2024-03-12,9608
2408,南亞科,6,1,5,富邦-台東,2024-03-12,9608
00687B,國泰20年美債,114,5,109,富邦-台東,2024-03-13,9608
00919,群益台灣精選高息,121,37,84,富邦-台東,2024-03-13,9608
00680L,元大美債20正2,77,0,77,富邦-台東,2024-03-13,9608
2344,華邦電,52,6,46,富邦-台東,2024-03-13,9608
00937B,群益ESG投等債20,55,20,35,富邦-台東,2024-03-13,9608
00857B,永豐20年美公債,35,0,35,富邦-台東,2024-03-13,9608
3312,弘憶股,30,0,30,富邦-台東,2024-03-13,9608
3231,緯創,46,17,29,富邦-台東,2024-03-13,9608
2618,長榮航,45,16,29,富邦-台東,2024-03-13,9608
5210,寶碩,29,0,29,富邦-台東,2024-03-13,9608
1815,富喬,26,0,26,富邦-台東,2024-03-13,9608
2367,燿華,40,14,26,富邦-台東,2024-03-13,9608
4563,百德,24,0,24,富邦-台東,2024-03-13,9608
00929,復華台灣科技優息,45,22,23,富邦-台東,2024-03-13,9608
3380,明泰,22,0,22,富邦-台東,2024-03-13,9608
1316,上曜,26,5,21,富邦-台東,2024-03-13,9608
2206,三陽工業,23,2,21,富邦-台東,2024-03-13,9608
3390,旭軟,20,0,20,富邦-台東,2024-03-13,9608
6125,廣運,20,2,18,富邦-台東,2024-03-13,9608
6770,力積電,17,1,16,富邦-台東,2024-03-13,9608
2014,中鴻,15,0,15,富邦-台東,2024-03-13,9608
6109,亞元,15,0,15,富邦-台東,2024-03-13,9608
1618,合機,14,1,13,富邦-台東,2024-03-13,9608
2609,陽明,15,2,13,富邦-台東,2024-03-13,9608
3362,先進光,12,0,12,富邦-台東,2024-03-13,9608
00888,永豐台灣ESG,12,0,12,富邦-台東,2024-03-13,9608
00922,國泰台灣領袖50,12,0,12,富邦-台東,2024-03-13,9608
3004,豐達科,12,0,12,富邦-台東,2024-03-13,9608
6140,訊達,12,0,12,富邦-台東,2024-03-13,9608
2354,鴻準,22,11,11,富邦-台東,2024-03-13,9608
2880,華南金,11,0,11,富邦-台東,2024-03-13,9608
3013,晟銘電,11,0,11,富邦-台東,2024-03-13,9608
2376,技嘉,17,7,10,富邦-台東,2024-03-13,9608
1560,中砂,10,0,10,富邦-台東,2024-03-13,9608
1584,精剛,10,0,10,富邦-台東,2024-03-13,9608
2399,映泰,13,3,10,富邦-台東,2024-03-13,9608
3707,漢磊,12,2,10,富邦-台東,2024-03-13,9608
4909,新復興,16,6,10,富邦-台東,2024-03-13,9608
3712,永崴投控,9,0,9,富邦-台東,2024-03-13,9608
5351,鈺創,10,1,9,富邦-台東,2024-03-13,9608
2498,宏達電,13,5,8,富邦-台東,2024-03-13,9608
2542,興富發,8,0,8,富邦-台東,2024-03-13,9608
2610,華航,18,10,8,富邦-台東,2024-03-13,9608
2845,遠東銀,10,2,8,富邦-台東,2024-03-13,9608
00891,中信關鍵半導體,6,0,6,富邦-台東,2024-03-13,9608
00915,凱基優選高股息30,29,23,6,富邦-台東,2024-03-13,9608
00722B,群益投資級電信債,6,0,6,富邦-台東,2024-03-13,9608
3041,揚智,7,1,6,富邦-台東,2024-03-13,9608
3178,公準,6,0,6,富邦-台東,2024-03-13,9608
5443,均豪,6,0,6,富邦-台東,2024-03-13,9608
2834,臺企銀,913,30,883,富邦-台東,2024-03-14,9608
00919,群益台灣精選高息,148,24,124,富邦-台東,2024-03-14,9608
00933B,國泰10Y+金融債,51,0,51,富邦-台東,2024-03-14,9608
00673R,期元大S＆P原油反1,50,0,50,富邦-台東,2024-03-14,9608
2241,艾姆勒,50,0,50,富邦-台東,2024-03-14,9608
00937B,群益ESG投等債20,41,0,41,富邦-台東,2024-03-14,9608
2206,三陽工業,41,2,39,富邦-台東,2024-03-14,9608
2618,長榮航,98,60,38,富邦-台東,2024-03-14,9608
00918,大華優利高填息30,42,5,37,富邦-台東,2024-03-14,9608
00929,復華台灣科技優息,73,48,25,富邦-台東,2024-03-14,9608
1316,上曜,43,19,24,富邦-台東,2024-03-14,9608
3005,神基,29,5,24,富邦-台東,2024-03-14,9608
2603,長榮,24,3,21,富邦-台東,2024-03-14,9608
4768,晶呈科技,16,0,16,富邦-台東,2024-03-14,9608
1815,富喬,15,0,15,富邦-台東,2024-03-14,9608
2399,映泰,15,0,15,富邦-台東,2024-03-14,9608
00687B,國泰20年美債,15,0,15,富邦-台東,2024-03-14,9608
2303,聯電,27,13,14,富邦-台東,2024-03-14,9608
00665L,富邦�琤肭磪囓�2,13,0,13,富邦-台東,2024-03-14,9608
2610,華航,20,7,13,富邦-台東,2024-03-14,9608
00891,中信關鍵半導體,13,1,12,富邦-台東,2024-03-14,9608
2313,華通,15,4,11,富邦-台東,2024-03-14,9608
00679B,元大美債20年,12,1,11,富邦-台東,2024-03-14,9608
3049,精金,12,1,11,富邦-台東,2024-03-14,9608
2889,國票金,13,2,11,富邦-台東,2024-03-14,9608
6213,聯茂,10,0,10,富邦-台東,2024-03-14,9608
00632R,元大台灣50反1,10,0,10,富邦-台東,2024-03-14,9608
2354,鴻準,12,2,10,富邦-台東,2024-03-14,9608
2515,中工,10,0,10,富邦-台東,2024-03-14,9608
2539,櫻花建,10,0,10,富邦-台東,2024-03-14,9608
4108,懷特,10,0,10,富邦-台東,2024-03-14,9608
5426,振發,10,0,10,富邦-台東,2024-03-14,9608
5512,力麒,10,0,10,富邦-台東,2024-03-14,9608
6488,環球晶,10,0,10,富邦-台東,2024-03-14,9608
2371,大同,11,2,9,富邦-台東,2024-03-14,9608
3702,大聯大,9,0,9,富邦-台東,2024-03-14,9608
0055,元大MSCI金融,8,0,8,富邦-台東,2024-03-14,9608
1101,台泥,13,5,8,富邦-台東,2024-03-14,9608
6125,廣運,13,5,8,富邦-台東,2024-03-14,9608
6257,矽格,10,2,8,富邦-台東,2024-03-14,9608
1514,亞力,15,7,8,富邦-台東,2024-03-14,9608
3017,奇鋐,12,5,7,富邦-台東,2024-03-14,9608
2368,金像電,7,0,7,富邦-台東,2024-03-14,9608
6182,合晶,7,0,7,富邦-台東,2024-03-14,9608
2884,玉山金,8,1,7,富邦-台東,2024-03-14,9608
00931B,統一美債20年,7,0,7,富邦-台東,2024-03-14,9608
2404,漢唐,6,0,6,富邦-台東,2024-03-14,9608
8926,台汽電,6,0,6,富邦-台東,2024-03-14,9608
2344,華邦電,7,1,6,富邦-台東,2024-03-14,9608
2471,資通,7,1,6,富邦-台東,2024-03-14,9608
2834,臺企銀,1001,95,906,富邦-台東,2024-03-15,9608
00919,群益台灣精選高息,238,25,213,富邦-台東,2024-03-15,9608
00712,復華富時不動產,75,0,75,富邦-台東,2024-03-15,9608
2344,華邦電,57,5,52,富邦-台東,2024-03-15,9608
2241,艾姆勒,50,0,50,富邦-台東,2024-03-15,9608
00680L,元大美債20正2,38,0,38,富邦-台東,2024-03-15,9608
1314,中石化,35,0,35,富邦-台東,2024-03-15,9608
2539,櫻花建,27,0,27,富邦-台東,2024-03-15,9608
2610,華航,28,1,27,富邦-台東,2024-03-15,9608
00933B,國泰10Y+金融債,26,0,26,富邦-台東,2024-03-15,9608
2609,陽明,28,3,25,富邦-台東,2024-03-15,9608
00937B,群益ESG投等債20,21,0,21,富邦-台東,2024-03-15,9608
00895,富邦未來車,20,0,20,富邦-台東,2024-03-15,9608
00941,中信上游半導體,40,20,20,富邦-台東,2024-03-15,9608
2845,遠東銀,19,0,19,富邦-台東,2024-03-15,9608
00918,大華優利高填息30,16,0,16,富邦-台東,2024-03-15,9608
2527,宏璟,16,0,16,富邦-台東,2024-03-15,9608
2882,國泰金,45,30,15,富邦-台東,2024-03-15,9608
2886,兆豐金,15,0,15,富邦-台東,2024-03-15,9608
3006,晶豪科,15,0,15,富邦-台東,2024-03-15,9608
2352,佳世達,14,0,14,富邦-台東,2024-03-15,9608
2303,聯電,15,2,13,富邦-台東,2024-03-15,9608
00915,凱基優選高股息30,12,0,12,富邦-台東,2024-03-15,9608
2603,長榮,32,21,11,富邦-台東,2024-03-15,9608
1584,精剛,10,0,10,富邦-台東,2024-03-15,9608
2515,中工,10,0,10,富邦-台東,2024-03-15,9608
3042,晶技,10,0,10,富邦-台東,2024-03-15,9608
4958,臻鼎-KY,10,0,10,富邦-台東,2024-03-15,9608
4989,榮科,10,0,10,富邦-台東,2024-03-15,9608
6684,安格,10,0,10,富邦-台東,2024-03-15,9608
6753,龍德造船,10,0,10,富邦-台東,2024-03-15,9608
8021,尖點,10,0,10,富邦-台東,2024-03-15,9608
1316,上曜,12,3,9,富邦-台東,2024-03-15,9608
2301,光寶科,10,1,9,富邦-台東,2024-03-15,9608
2002,中鋼,8,0,8,富邦-台東,2024-03-15,9608
0056,元大高股息,11,3,8,富邦-台東,2024-03-15,9608
2414,精技,8,0,8,富邦-台東,2024-03-15,9608
2851,中再保,8,0,8,富邦-台東,2024-03-15,9608
3004,豐達科,8,0,8,富邦-台東,2024-03-15,9608
3607,谷崧,8,0,8,富邦-台東,2024-03-15,9608
2330,台積電,14,6,8,富邦-台東,2024-03-15,9608
1303,南亞,8,0,8,富邦-台東,2024-03-15,9608
8011,台通,7,0,7,富邦-台東,2024-03-15,9608
5210,寶碩,7,0,7,富邦-台東,2024-03-15,9608
2313,華通,6,0,6,富邦-台東,2024-03-15,9608
2353,宏��,6,0,6,富邦-台東,2024-03-15,9608
00885,富邦越南,6,0,6,富邦-台東,2024-03-15,9608
2449,京元電子,7,1,6,富邦-台東,2024-03-15,9608
2457,飛宏,6,0,6,富邦-台東,2024-03-15,9608
8096,擎亞,6,0,6,富邦-台東,2024-03-15,9608
2834,臺企銀,622,128,494,富邦-台東,2024-03-18,9608
1612,宏泰,92,0,92,富邦-台東,2024-03-18,9608
00680L,元大美債20正2,75,0,75,富邦-台東,2024-03-18,9608
2618,長榮航,60,10,50,富邦-台東,2024-03-18,9608
2303,聯電,44,2,42,富邦-台東,2024-03-18,9608
00687B,國泰20年美債,39,0,39,富邦-台東,2024-03-18,9608
00937B,群益ESG投等債20,35,3,32,富邦-台東,2024-03-18,9608
00857B,永豐20年美公債,32,0,32,富邦-台東,2024-03-18,9608
00751B,元大AAA至A公司債,31,0,31,富邦-台東,2024-03-18,9608
3338,泰碩,30,0,30,富邦-台東,2024-03-18,9608
00902,中信電池及儲能,25,0,25,富邦-台東,2024-03-18,9608
6290,良維,21,0,21,富邦-台東,2024-03-18,9608
6534,正瀚-創,20,0,20,富邦-台東,2024-03-18,9608
2105,正新,22,3,19,富邦-台東,2024-03-18,9608
00933B,國泰10Y+金融債,17,0,17,富邦-台東,2024-03-18,9608
00919,群益台灣精選高息,69,53,16,富邦-台東,2024-03-18,9608
00915,凱基優選高股息30,14,0,14,富邦-台東,2024-03-18,9608
2609,陽明,14,0,14,富邦-台東,2024-03-18,9608
00941,中信上游半導體,34,21,13,富邦-台東,2024-03-18,9608
2610,華航,12,0,12,富邦-台東,2024-03-18,9608
2382,廣達,16,4,12,富邦-台東,2024-03-18,9608
00712,復華富時不動產,13,2,11,富邦-台東,2024-03-18,9608
3231,緯創,13,2,11,富邦-台東,2024-03-18,9608
00918,大華優利高填息30,10,0,10,富邦-台東,2024-03-18,9608
00665L,富邦�琤肭磪囓�2,10,0,10,富邦-台東,2024-03-18,9608
3042,晶技,10,0,10,富邦-台東,2024-03-18,9608
3483,力致,10,0,10,富邦-台東,2024-03-18,9608
4743,合一,10,0,10,富邦-台東,2024-03-18,9608
6770,力積電,10,0,10,富邦-台東,2024-03-18,9608
1795,美時,11,1,10,富邦-台東,2024-03-18,9608
8054,安國,10,2,8,富邦-台東,2024-03-18,9608
2353,宏��,13,5,8,富邦-台東,2024-03-18,9608
1101,台泥,8,0,8,富邦-台東,2024-03-18,9608
00632R,元大台灣50反1,8,0,8,富邦-台東,2024-03-18,9608
00679B,元大美債20年,8,0,8,富邦-台東,2024-03-18,9608
00931B,統一美債20年,7,0,7,富邦-台東,2024-03-18,9608
3294,英濟,9,2,7,富邦-台東,2024-03-18,9608
2408,南亞科,6,0,6,富邦-台東,2024-03-18,9608
00885,富邦越南,6,0,6,富邦-台東,2024-03-18,9608
1337,再生-KY,6,0,6,富邦-台東,2024-03-18,9608
2890,永豐金,6,0,6,富邦-台東,2024-03-18,9608
3363,上詮,6,0,6,富邦-台東,2024-03-18,9608
4543,萬在,6,0,6,富邦-台東,2024-03-18,9608
2002,中鋼,6,0,6,富邦-台東,2024-03-18,9608
00764B,群益25年美債,5,0,5,富邦-台東,2024-03-18,9608
1447,力鵬,5,0,5,富邦-台東,2024-03-18,9608
2457,飛宏,5,0,5,富邦-台東,2024-03-18,9608
3548,兆利,15,10,5,富邦-台東,2024-03-18,9608
5014,建錩,5,0,5,富邦-台東,2024-03-18,9608
6244,茂迪,5,0,5,富邦-台東,2024-03-18,9608
2025,千興,80,0,80,富邦-台東,2024-03-19,9608
2834,臺企銀,113,59,54,富邦-台東,2024-03-19,9608
00937B,群益ESG投等債20,51,0,51,富邦-台東,2024-03-19,9608
2367,燿華,91,41,50,富邦-台東,2024-03-19,9608
00687B,國泰20年美債,43,0,43,富邦-台東,2024-03-19,9608
2354,鴻準,43,1,42,富邦-台東,2024-03-19,9608
00679B,元大美債20年,33,0,33,富邦-台東,2024-03-19,9608
00712,復華富時不動產,25,0,25,富邦-台東,2024-03-19,9608
00941,中信上游半導體,24,0,24,富邦-台東,2024-03-19,9608
6290,良維,24,0,24,富邦-台東,2024-03-19,9608
2885,元大金,22,0,22,富邦-台東,2024-03-19,9608
00673R,期元大S＆P原油反1,20,0,20,富邦-台東,2024-03-19,9608
3479,安勤,19,2,17,富邦-台東,2024-03-19,9608
2882,國泰金,20,3,17,富邦-台東,2024-03-19,9608
2633,台灣高鐵,16,0,16,富邦-台東,2024-03-19,9608
4961,天鈺,21,5,16,富邦-台東,2024-03-19,9608
5880,合庫金,14,0,14,富邦-台東,2024-03-19,9608
2888,新光金,14,0,14,富邦-台東,2024-03-19,9608
4503,金雨,12,0,12,富邦-台東,2024-03-19,9608
6112,邁達特,12,0,12,富邦-台東,2024-03-19,9608
9904,寶成,12,0,12,富邦-台東,2024-03-19,9608
00929,復華台灣科技優息,23,12,11,富邦-台東,2024-03-19,9608
00936,台新永續高息中小,11,0,11,富邦-台東,2024-03-19,9608
3041,揚智,12,1,11,富邦-台東,2024-03-19,9608
4958,臻鼎-KY,11,0,11,富邦-台東,2024-03-19,9608
8105,凌巨,11,0,11,富邦-台東,2024-03-19,9608
6116,彩晶,10,0,10,富邦-台東,2024-03-19,9608
1101,台泥,12,2,10,富邦-台東,2024-03-19,9608
00922,國泰台灣領袖50,10,0,10,富邦-台東,2024-03-19,9608
00632R,元大台灣50反1,10,0,10,富邦-台東,2024-03-19,9608
1447,力鵬,10,0,10,富邦-台東,2024-03-19,9608
3052,夆典,10,0,10,富邦-台東,2024-03-19,9608
4743,合一,10,0,10,富邦-台東,2024-03-19,9608
6534,正瀚-創,10,0,10,富邦-台東,2024-03-19,9608
8011,台通,16,6,10,富邦-台東,2024-03-19,9608
8163,達方,10,0,10,富邦-台東,2024-03-19,9608
2317,鴻海,34,24,10,富邦-台東,2024-03-19,9608
2634,漢翔,11,2,9,富邦-台東,2024-03-19,9608
2002,中鋼,9,0,9,富邦-台東,2024-03-19,9608
2344,華邦電,13,4,9,富邦-台東,2024-03-19,9608
1513,中興電,11,3,8,富邦-台東,2024-03-19,9608
1504,東元,19,13,6,富邦-台東,2024-03-19,9608
2352,佳世達,6,0,6,富邦-台東,2024-03-19,9608
2467,志聖,6,0,6,富邦-台東,2024-03-19,9608
00680L,元大美債20正2,6,0,6,富邦-台東,2024-03-19,9608
2332,友訊,6,0,6,富邦-台東,2024-03-19,9608
2347,聯強,6,0,6,富邦-台東,2024-03-19,9608
2301,光寶科,10,4,6,富邦-台東,2024-03-19,9608
4938,和碩,15,10,5,富邦-台東,2024-03-19,9608
2880,華南金,10,5,5,富邦-台東,2024-03-19,9608
00939,統一台灣高息動能,380,60,320,富邦-台東,2024-03-20,9608
00676R,富邦臺灣加權反1,100,0,100,富邦-台東,2024-03-20,9608
2834,臺企銀,88,1,87,富邦-台東,2024-03-20,9608
2618,長榮航,102,16,86,富邦-台東,2024-03-20,9608
00919,群益台灣精選高息,105,50,55,富邦-台東,2024-03-20,9608
2356,英業達,52,6,46,富邦-台東,2024-03-20,9608
6166,凌華,44,0,44,富邦-台東,2024-03-20,9608
2352,佳世達,41,0,41,富邦-台東,2024-03-20,9608
00679B,元大美債20年,36,0,36,富邦-台東,2024-03-20,9608
2303,聯電,39,7,32,富邦-台東,2024-03-20,9608
00941,中信上游半導體,29,7,22,富邦-台東,2024-03-20,9608
1101,台泥,23,3,20,富邦-台東,2024-03-20,9608
2464,盟立,16,0,16,富邦-台東,2024-03-20,9608
4961,天鈺,16,0,16,富邦-台東,2024-03-20,9608
2382,廣達,16,2,14,富邦-台東,2024-03-20,9608
4958,臻鼎-KY,16,2,14,富邦-台東,2024-03-20,9608
2332,友訊,12,0,12,富邦-台東,2024-03-20,9608
2371,大同,14,2,12,富邦-台東,2024-03-20,9608
2374,佳能,12,0,12,富邦-台東,2024-03-20,9608
4916,事欣科,12,0,12,富邦-台東,2024-03-20,9608
5351,鈺創,20,8,12,富邦-台東,2024-03-20,9608
4938,和碩,16,5,11,富邦-台東,2024-03-20,9608
3372,典範,11,0,11,富邦-台東,2024-03-20,9608
00891,中信關鍵半導體,11,0,11,富邦-台東,2024-03-20,9608
00930,永豐ESG低碳高息,10,0,10,富邦-台東,2024-03-20,9608
00922,國泰台灣領袖50,10,0,10,富邦-台東,2024-03-20,9608
00857B,永豐20年美公債,10,0,10,富邦-台東,2024-03-20,9608
00753L,中信中國50正2,10,0,10,富邦-台東,2024-03-20,9608
00902,中信電池及儲能,10,0,10,富邦-台東,2024-03-20,9608
1528,恩德,10,0,10,富邦-台東,2024-03-20,9608
2241,艾姆勒,10,0,10,富邦-台東,2024-03-20,9608
2498,宏達電,10,0,10,富邦-台東,2024-03-20,9608
3062,建漢,10,0,10,富邦-台東,2024-03-20,9608
3390,旭軟,10,0,10,富邦-台東,2024-03-20,9608
6173,信昌電,10,1,9,富邦-台東,2024-03-20,9608
00687B,國泰20年美債,8,0,8,富邦-台東,2024-03-20,9608
3231,緯創,24,16,8,富邦-台東,2024-03-20,9608
5880,合庫金,7,0,7,富邦-台東,2024-03-20,9608
2344,華邦電,7,0,7,富邦-台東,2024-03-20,9608
5347,世界,15,8,7,富邦-台東,2024-03-20,9608
1326,台化,6,0,6,富邦-台東,2024-03-20,9608
2327,國巨,6,0,6,富邦-台東,2024-03-20,9608
00918,大華優利高填息30,15,9,6,富邦-台東,2024-03-20,9608
00885,富邦越南,5,0,5,富邦-台東,2024-03-20,9608
2376,技嘉,11,6,5,富邦-台東,2024-03-20,9608
00935,野村臺灣新科技50,5,0,5,富邦-台東,2024-03-20,9608
1339,昭輝,7,2,5,富邦-台東,2024-03-20,9608
1611,中電,5,0,5,富邦-台東,2024-03-20,9608
2014,中鴻,5,0,5,富邦-台東,2024-03-20,9608
2414,精技,5,0,5,富邦-台東,2024-03-20,9608
00919,群益台灣精選高息,134,33,101,富邦-台東,2024-03-21,9608
00937B,群益ESG投等債20,70,1,69,富邦-台東,2024-03-21,9608
4743,合一,60,0,60,富邦-台東,2024-03-21,9608
00679B,元大美債20年,59,0,59,富邦-台東,2024-03-21,9608
00939,統一台灣高息動能,112,55,57,富邦-台東,2024-03-21,9608
00687B,國泰20年美債,36,0,36,富邦-台東,2024-03-21,9608
2371,大同,34,4,30,富邦-台東,2024-03-21,9608
2845,遠東銀,30,0,30,富邦-台東,2024-03-21,9608
3312,弘憶股,30,0,30,富邦-台東,2024-03-21,9608
00941,中信上游半導體,43,13,30,富邦-台東,2024-03-21,9608
6191,精成科,28,0,28,富邦-台東,2024-03-21,9608
00688L,國泰20年美債正2,25,0,25,富邦-台東,2024-03-21,9608
3360,尚立,25,0,25,富邦-台東,2024-03-21,9608
2353,宏��,23,1,22,富邦-台東,2024-03-21,9608
3481,群創,21,0,21,富邦-台東,2024-03-21,9608
00680L,元大美債20正2,20,0,20,富邦-台東,2024-03-21,9608
3712,永崴投控,20,0,20,富邦-台東,2024-03-21,9608
1605,華新,21,4,17,富邦-台東,2024-03-21,9608
00929,復華台灣科技優息,24,8,16,富邦-台東,2024-03-21,9608
2014,中鴻,15,0,15,富邦-台東,2024-03-21,9608
3372,典範,12,0,12,富邦-台東,2024-03-21,9608
5310,天剛,12,0,12,富邦-台東,2024-03-21,9608
2329,華泰,12,1,11,富邦-台東,2024-03-21,9608
00930,永豐ESG低碳高息,10,0,10,富邦-台東,2024-03-21,9608
00936,台新永續高息中小,10,0,10,富邦-台東,2024-03-21,9608
2637,慧洋-KY,10,0,10,富邦-台東,2024-03-21,9608
3062,建漢,10,0,10,富邦-台東,2024-03-21,9608
6125,廣運,11,1,10,富邦-台東,2024-03-21,9608
6167,久正,10,0,10,富邦-台東,2024-03-21,9608
9951,皇田,10,0,10,富邦-台東,2024-03-21,9608
3005,神基,11,2,9,富邦-台東,2024-03-21,9608
3576,聯合再生,8,0,8,富邦-台東,2024-03-21,9608
2324,仁寶,10,2,8,富邦-台東,2024-03-21,9608
2610,華航,9,2,7,富邦-台東,2024-03-21,9608
4906,正文,7,0,7,富邦-台東,2024-03-21,9608
8054,安國,9,2,7,富邦-台東,2024-03-21,9608
1101,台泥,11,5,6,富邦-台東,2024-03-21,9608
1316,上曜,8,2,6,富邦-台東,2024-03-21,9608
6425,易發,9,3,6,富邦-台東,2024-03-21,9608
2515,中工,5,0,5,富邦-台東,2024-03-21,9608
2376,技嘉,6,1,5,富邦-台東,2024-03-21,9608
00902,中信電池及儲能,5,0,5,富邦-台東,2024-03-21,9608
1528,恩德,5,0,5,富邦-台東,2024-03-21,9608
2354,鴻準,15,10,5,富邦-台東,2024-03-21,9608
2402,毅嘉,5,0,5,富邦-台東,2024-03-21,9608
2436,偉詮電,5,0,5,富邦-台東,2024-03-21,9608
2505,國揚,5,0,5,富邦-台東,2024-03-21,9608
3094,聯傑,11,6,5,富邦-台東,2024-03-21,9608
3715,定穎投控,5,0,5,富邦-台東,2024-03-21,9608
4157,太景*-KY,5,0,5,富邦-台東,2024-03-21,9608
6179,亞通,100,0,100,富邦-台東,2024-03-22,9608
00676R,富邦臺灣加權反1,100,0,100,富邦-台東,2024-03-22,9608
2354,鴻準,90,5,85,富邦-台東,2024-03-22,9608
6189,豐藝,82,0,82,富邦-台東,2024-03-22,9608
2025,千興,50,0,50,富邦-台東,2024-03-22,9608
3706,神達,132,95,37,富邦-台東,2024-03-22,9608
00919,群益台灣精選高息,86,54,32,富邦-台東,2024-03-22,9608
6443,元晶,37,6,31,富邦-台東,2024-03-22,9608
00669R,國泰美國道瓊反1,30,0,30,富邦-台東,2024-03-22,9608
9907,統一實,30,0,30,富邦-台東,2024-03-22,9608
2834,臺企銀,30,0,30,富邦-台東,2024-03-22,9608
00857B,永豐20年美公債,29,0,29,富邦-台東,2024-03-22,9608
8271,宇瞻,28,0,28,富邦-台東,2024-03-22,9608
8111,立��,40,12,28,富邦-台東,2024-03-22,9608
00687B,國泰20年美債,26,0,26,富邦-台東,2024-03-22,9608
1304,台聚,26,0,26,富邦-台東,2024-03-22,9608
3042,晶技,21,0,21,富邦-台東,2024-03-22,9608
2637,慧洋-KY,21,1,20,富邦-台東,2024-03-22,9608
2371,大同,19,0,19,富邦-台東,2024-03-22,9608
2376,技嘉,24,5,19,富邦-台東,2024-03-22,9608
4523,永彰,21,5,16,富邦-台東,2024-03-22,9608
2303,聯電,26,11,15,富邦-台東,2024-03-22,9608
00665L,富邦�琤肭磪囓�2,20,5,15,富邦-台東,2024-03-22,9608
6188,廣明,19,5,14,富邦-台東,2024-03-22,9608
2888,新光金,14,0,14,富邦-台東,2024-03-22,9608
00679B,元大美債20年,12,0,12,富邦-台東,2024-03-22,9608
2634,漢翔,13,1,12,富邦-台東,2024-03-22,9608
5347,世界,22,11,11,富邦-台東,2024-03-22,9608
1815,富喬,10,0,10,富邦-台東,2024-03-22,9608
3033,威健,10,0,10,富邦-台東,2024-03-22,9608
00637L,元大滬深300正2,10,0,10,富邦-台東,2024-03-22,9608
1810,和成,10,0,10,富邦-台東,2024-03-22,9608
2022,聚亨,10,0,10,富邦-台東,2024-03-22,9608
2358,廷鑫,10,0,10,富邦-台東,2024-03-22,9608
2845,遠東銀,10,0,10,富邦-台東,2024-03-22,9608
3049,精金,10,0,10,富邦-台東,2024-03-22,9608
3372,典範,10,0,10,富邦-台東,2024-03-22,9608
3481,群創,39,29,10,富邦-台東,2024-03-22,9608
6120,達運,10,0,10,富邦-台東,2024-03-22,9608
9904,寶成,10,0,10,富邦-台東,2024-03-22,9608
2406,國碩,12,3,9,富邦-台東,2024-03-22,9608
4958,臻鼎-KY,11,2,9,富邦-台東,2024-03-22,9608
5880,合庫金,11,3,8,富邦-台東,2024-03-22,9608
2484,希華,8,0,8,富邦-台東,2024-03-22,9608
00882,中信中國高股息,12,5,7,富邦-台東,2024-03-22,9608
1437,勤益控,7,0,7,富邦-台東,2024-03-22,9608
2337,旺宏,7,0,7,富邦-台東,2024-03-22,9608
5443,均豪,7,0,7,富邦-台東,2024-03-22,9608
6257,矽格,7,0,7,富邦-台東,2024-03-22,9608
8105,凌巨,7,0,7,富邦-台東,2024-03-22,9608
00937B,群益ESG投等債20,96,2,94,富邦-台東,2024-03-25,9608
00632R,元大台灣50反1,66,0,66,富邦-台東,2024-03-25,9608
00918,大華優利高填息30,55,1,54,富邦-台東,2024-03-25,9608
2356,英業達,64,19,45,富邦-台東,2024-03-25,9608
5443,均豪,49,9,40,富邦-台東,2024-03-25,9608
3483,力致,47,11,36,富邦-台東,2024-03-25,9608
00687B,國泰20年美債,35,1,34,富邦-台東,2024-03-25,9608
1612,宏泰,32,2,30,富邦-台東,2024-03-25,9608
2405,輔信,30,0,30,富邦-台東,2024-03-25,9608
2882,國泰金,29,0,29,富邦-台東,2024-03-25,9608
00857B,永豐20年美公債,30,2,28,富邦-台東,2024-03-25,9608
00939,統一台灣高息動能,34,8,26,富邦-台東,2024-03-25,9608
5521,工信,20,0,20,富邦-台東,2024-03-25,9608
00720B,元大投資級公司債,19,1,18,富邦-台東,2024-03-25,9608
2353,宏��,24,7,17,富邦-台東,2024-03-25,9608
00679B,元大美債20年,22,6,16,富邦-台東,2024-03-25,9608
1609,大亞,81,66,15,富邦-台東,2024-03-25,9608
1101,台泥,20,5,15,富邦-台東,2024-03-25,9608
4420,光明,15,1,14,富邦-台東,2024-03-25,9608
2367,燿華,48,34,14,富邦-台東,2024-03-25,9608
2301,光寶科,14,1,13,富邦-台東,2024-03-25,9608
8426,紅木-KY,13,0,13,富邦-台東,2024-03-25,9608
3708,上緯投控,15,2,13,富邦-台東,2024-03-25,9608
2464,盟立,24,12,12,富邦-台東,2024-03-25,9608
6806,森崴能源,18,6,12,富邦-台東,2024-03-25,9608
1514,亞力,13,2,11,富邦-台東,2024-03-25,9608
3479,安勤,11,0,11,富邦-台東,2024-03-25,9608
5381,合正,11,0,11,富邦-台東,2024-03-25,9608
6443,元晶,11,0,11,富邦-台東,2024-03-25,9608
1517,利奇,10,0,10,富邦-台東,2024-03-25,9608
2489,瑞軒,10,0,10,富邦-台東,2024-03-25,9608
2618,長榮航,12,2,10,富邦-台東,2024-03-25,9608
2867,三商壽,10,0,10,富邦-台東,2024-03-25,9608
5355,佳總,10,0,10,富邦-台東,2024-03-25,9608
6189,豐藝,24,14,10,富邦-台東,2024-03-25,9608
2330,台積電,10,0,10,富邦-台東,2024-03-25,9608
00929,復華台灣科技優息,22,13,9,富邦-台東,2024-03-25,9608
2344,華邦電,30,21,9,富邦-台東,2024-03-25,9608
3499,環天科,9,0,9,富邦-台東,2024-03-25,9608
5498,凱崴,10,1,9,富邦-台東,2024-03-25,9608
1815,富喬,14,6,8,富邦-台東,2024-03-25,9608
3044,健鼎,13,5,8,富邦-台東,2024-03-25,9608
2884,玉山金,8,1,7,富邦-台東,2024-03-25,9608
00941,中信上游半導體,28,21,7,富邦-台東,2024-03-25,9608
00936,台新永續高息中小,7,0,7,富邦-台東,2024-03-25,9608
2419,仲琦,7,0,7,富邦-台東,2024-03-25,9608
6191,精成科,7,0,7,富邦-台東,2024-03-25,9608
6210,慶生,7,0,7,富邦-台東,2024-03-25,9608
8150,南茂,7,0,7,富邦-台東,2024-03-25,9608
8201,無敵,7,0,7,富邦-台東,2024-03-25,9608
00632R,元大台灣50反1,508,10,498,富邦-台東,2024-03-26,9608
6167,久正,147,0,147,富邦-台東,2024-03-26,9608
00939,統一台灣高息動能,113,16,97,富邦-台東,2024-03-26,9608
3312,弘憶股,87,1,86,富邦-台東,2024-03-26,9608
00919,群益台灣精選高息,150,79,71,富邦-台東,2024-03-26,9608
2025,千興,60,0,60,富邦-台東,2024-03-26,9608
2369,菱生,47,0,47,富邦-台東,2024-03-26,9608
00929,復華台灣科技優息,65,30,35,富邦-台東,2024-03-26,9608
1616,億泰,31,0,31,富邦-台東,2024-03-26,9608
3231,緯創,42,13,29,富邦-台東,2024-03-26,9608
2367,燿華,39,11,28,富邦-台東,2024-03-26,9608
00941,中信上游半導體,29,2,27,富邦-台東,2024-03-26,9608
2356,英業達,41,14,27,富邦-台東,2024-03-26,9608
2834,臺企銀,25,0,25,富邦-台東,2024-03-26,9608
00937B,群益ESG投等債20,49,25,24,富邦-台東,2024-03-26,9608
6770,力積電,25,2,23,富邦-台東,2024-03-26,9608
00687B,國泰20年美債,22,0,22,富邦-台東,2024-03-26,9608
00882,中信中國高股息,21,1,20,富邦-台東,2024-03-26,9608
2354,鴻準,26,6,20,富邦-台東,2024-03-26,9608
6189,豐藝,28,8,20,富邦-台東,2024-03-26,9608
2344,華邦電,53,34,19,富邦-台東,2024-03-26,9608
1504,東元,27,9,18,富邦-台東,2024-03-26,9608
2464,盟立,30,12,18,富邦-台東,2024-03-26,9608
2486,一詮,17,1,16,富邦-台東,2024-03-26,9608
3617,碩天,16,0,16,富邦-台東,2024-03-26,9608
2880,華南金,15,1,14,富邦-台東,2024-03-26,9608
2610,華航,12,0,12,富邦-台東,2024-03-26,9608
00679B,元大美債20年,11,0,11,富邦-台東,2024-03-26,9608
6530,創威,14,3,11,富邦-台東,2024-03-26,9608
6790,永豐實,11,0,11,富邦-台東,2024-03-26,9608
8150,南茂,11,0,11,富邦-台東,2024-03-26,9608
6188,廣明,13,3,10,富邦-台東,2024-03-26,9608
1337,再生-KY,10,0,10,富邦-台東,2024-03-26,9608
1506,正道,10,0,10,富邦-台東,2024-03-26,9608
5498,凱崴,10,0,10,富邦-台東,2024-03-26,9608
6182,合晶,10,0,10,富邦-台東,2024-03-26,9608
4979,華星光,11,2,9,富邦-台東,2024-03-26,9608
6290,良維,9,0,9,富邦-台東,2024-03-26,9608
3483,力致,9,0,9,富邦-台東,2024-03-26,9608
6147,頎邦,9,0,9,富邦-台東,2024-03-26,9608
8936,國統,10,1,9,富邦-台東,2024-03-26,9608
2359,所羅門,16,7,9,富邦-台東,2024-03-26,9608
5371,中光電,8,0,8,富邦-台東,2024-03-26,9608
00918,大華優利高填息30,11,3,8,富邦-台東,2024-03-26,9608
1218,泰山,8,0,8,富邦-台東,2024-03-26,9608
1529,樂事綠能,8,0,8,富邦-台東,2024-03-26,9608
3479,安勤,18,10,8,富邦-台東,2024-03-26,9608
6443,元晶,8,0,8,富邦-台東,2024-03-26,9608
8011,台通,9,1,8,富邦-台東,2024-03-26,9608
5272,笙科,7,0,7,富邦-台東,2024-03-26,9608
00632R,元大台灣50反1,110,0,110,富邦-台東,2024-03-27,9608
2344,華邦電,63,1,62,富邦-台東,2024-03-27,9608
6167,久正,48,0,48,富邦-台東,2024-03-27,9608
2633,台灣高鐵,32,0,32,富邦-台東,2024-03-27,9608
00929,復華台灣科技優息,42,22,20,富邦-台東,2024-03-27,9608
3013,晟銘電,27,7,20,富邦-台東,2024-03-27,9608
00939,統一台灣高息動能,25,8,17,富邦-台東,2024-03-27,9608
1808,潤隆,14,0,14,富邦-台東,2024-03-27,9608
5388,中磊,16,2,14,富邦-台東,2024-03-27,9608
00919,群益台灣精選高息,27,13,14,富邦-台東,2024-03-27,9608
6125,廣運,23,11,12,富邦-台東,2024-03-27,9608
2371,大同,728,717,11,富邦-台東,2024-03-27,9608
6188,廣明,15,4,11,富邦-台東,2024-03-27,9608
8054,安國,10,0,10,富邦-台東,2024-03-27,9608
1304,台聚,10,0,10,富邦-台東,2024-03-27,9608
3004,豐達科,10,0,10,富邦-台東,2024-03-27,9608
3041,揚智,10,0,10,富邦-台東,2024-03-27,9608
3617,碩天,10,0,10,富邦-台東,2024-03-27,9608
5443,均豪,10,0,10,富邦-台東,2024-03-27,9608
6770,力積電,20,10,10,富邦-台東,2024-03-27,9608
8111,立��,10,0,10,富邦-台東,2024-03-27,9608
2801,彰銀,11,2,9,富邦-台東,2024-03-27,9608
4523,永彰,9,0,9,富邦-台東,2024-03-27,9608
2367,燿華,37,28,9,富邦-台東,2024-03-27,9608
2603,長榮,11,3,8,富邦-台東,2024-03-27,9608
2637,慧洋-KY,8,0,8,富邦-台東,2024-03-27,9608
2834,臺企銀,31,23,8,富邦-台東,2024-03-27,9608
4303,信立,22,14,8,富邦-台東,2024-03-27,9608
4906,正文,8,0,8,富邦-台東,2024-03-27,9608
00941,中信上游半導體,12,5,7,富邦-台東,2024-03-27,9608
2402,毅嘉,7,0,7,富邦-台東,2024-03-27,9608
6164,華興,7,0,7,富邦-台東,2024-03-27,9608
6419,京晨科,7,0,7,富邦-台東,2024-03-27,9608
1216,統一,7,0,7,富邦-台東,2024-03-27,9608
5381,合正,10,4,6,富邦-台東,2024-03-27,9608
1584,精剛,35,30,5,富邦-台東,2024-03-27,9608
1616,億泰,6,1,5,富邦-台東,2024-03-27,9608
2014,中鴻,5,0,5,富邦-台東,2024-03-27,9608
2489,瑞軒,5,0,5,富邦-台東,2024-03-27,9608
2498,宏達電,5,0,5,富邦-台東,2024-03-27,9608
3027,盛達,5,0,5,富邦-台東,2024-03-27,9608
6215,和椿,5,0,5,富邦-台東,2024-03-27,9608
8110,華東,5,0,5,富邦-台東,2024-03-27,9608
8358,金居,5,0,5,富邦-台東,2024-03-27,9608
8996,高力,8,3,5,富邦-台東,2024-03-27,9608
2330,台積電,5,0,5,富邦-台東,2024-03-27,9608
2328,廣宇,7,2,5,富邦-台東,2024-03-27,9608
2388,威盛,6,1,5,富邦-台東,2024-03-27,9608
4961,天鈺,6,1,5,富邦-台東,2024-03-27,9608
3661,世芯-KY,4,0,4,富邦-台東,2024-03-27,9608
2354,鴻準,249,53,196,富邦-台東,2024-03-28,9608
2834,臺企銀,165,0,165,富邦-台東,2024-03-28,9608
2888,新光金,74,0,74,富邦-台東,2024-03-28,9608
5009,榮剛,70,0,70,富邦-台東,2024-03-28,9608
2025,千興,60,0,60,富邦-台東,2024-03-28,9608
6167,久正,60,0,60,富邦-台東,2024-03-28,9608
2468,華經,57,0,57,富邦-台東,2024-03-28,9608
00857B,永豐20年美公債,48,0,48,富邦-台東,2024-03-28,9608
00919,群益台灣精選高息,70,31,39,富邦-台東,2024-03-28,9608
1504,東元,42,6,36,富邦-台東,2024-03-28,9608
2301,光寶科,31,1,30,富邦-台東,2024-03-28,9608
1612,宏泰,25,1,24,富邦-台東,2024-03-28,9608
00882,中信中國高股息,22,0,22,富邦-台東,2024-03-28,9608
5443,均豪,20,1,19,富邦-台東,2024-03-28,9608
2801,彰銀,18,0,18,富邦-台東,2024-03-28,9608
3706,神達,28,11,17,富邦-台東,2024-03-28,9608
2356,英業達,20,3,17,富邦-台東,2024-03-28,9608
2883,凱基金,30,13,17,富邦-台東,2024-03-28,9608
8110,華東,17,0,17,富邦-台東,2024-03-28,9608
3005,神基,17,3,14,富邦-台東,2024-03-28,9608
3673,TPK-KY,15,1,14,富邦-台東,2024-03-28,9608
4714,永捷,27,14,13,富邦-台東,2024-03-28,9608
3498,陽程,17,5,12,富邦-台東,2024-03-28,9608
00939,統一台灣高息動能,17,6,11,富邦-台東,2024-03-28,9608
2880,華南金,11,0,11,富邦-台東,2024-03-28,9608
1437,勤益控,10,0,10,富邦-台東,2024-03-28,9608
3058,立德,10,0,10,富邦-台東,2024-03-28,9608
3188,鑫龍騰,10,0,10,富邦-台東,2024-03-28,9608
5515,建國,10,0,10,富邦-台東,2024-03-28,9608
8111,立��,10,0,10,富邦-台東,2024-03-28,9608
2314,台揚,9,0,9,富邦-台東,2024-03-28,9608
5243,乙盛-KY,16,7,9,富邦-台東,2024-03-28,9608
00923,群益台ESG低碳50,9,1,8,富邦-台東,2024-03-28,9608
2344,華邦電,23,15,8,富邦-台東,2024-03-28,9608
2388,威盛,8,0,8,富邦-台東,2024-03-28,9608
2330,台積電,9,1,8,富邦-台東,2024-03-28,9608
2634,漢翔,24,16,8,富邦-台東,2024-03-28,9608
00941,中信上游半導體,7,0,7,富邦-台東,2024-03-28,9608
4909,新復興,7,0,7,富邦-台東,2024-03-28,9608
6275,元山,7,0,7,富邦-台東,2024-03-28,9608
6443,元晶,8,1,7,富邦-台東,2024-03-28,9608
2618,長榮航,20,14,6,富邦-台東,2024-03-28,9608
4510,高鋒,6,0,6,富邦-台東,2024-03-28,9608
4768,晶呈科技,9,3,6,富邦-台東,2024-03-28,9608
4804,大略-KY,6,0,6,富邦-台東,2024-03-28,9608
5469,瀚宇博,8,2,6,富邦-台東,2024-03-28,9608
6244,茂迪,6,0,6,富邦-台東,2024-03-28,9608
6859,伯特光,6,0,6,富邦-台東,2024-03-28,9608
1305,華夏,5,0,5,富邦-台東,2024-03-28,9608
2369,菱生,45,40,5,富邦-台東,2024-03-28,9608
2883,凱基金,100,0,100,富邦-台東,2024-03-29,9608
3013,晟銘電,106,31,75,富邦-台東,2024-03-29,9608
6167,久正,50,0,50,富邦-台東,2024-03-29,9608
3312,弘憶股,45,1,44,富邦-台東,2024-03-29,9608
2354,鴻準,73,32,41,富邦-台東,2024-03-29,9608
2025,千興,35,0,35,富邦-台東,2024-03-29,9608
00915,凱基優選高股息30,32,0,32,富邦-台東,2024-03-29,9608
8111,立��,30,0,30,富邦-台東,2024-03-29,9608
3706,神達,26,2,24,富邦-台東,2024-03-29,9608
2634,漢翔,26,5,21,富邦-台東,2024-03-29,9608
2303,聯電,55,35,20,富邦-台東,2024-03-29,9608
3363,上詮,17,0,17,富邦-台東,2024-03-29,9608
2317,鴻海,38,21,17,富邦-台東,2024-03-29,9608
6578,達邦蛋白,15,0,15,富邦-台東,2024-03-29,9608
2324,仁寶,12,0,12,富邦-台東,2024-03-29,9608
00941,中信上游半導體,13,1,12,富邦-台東,2024-03-29,9608
2537,聯上發,12,0,12,富邦-台東,2024-03-29,9608
2801,彰銀,11,0,11,富邦-台東,2024-03-29,9608
00939,統一台灣高息動能,11,0,11,富邦-台東,2024-03-29,9608
2301,光寶科,26,16,10,富邦-台東,2024-03-29,9608
00882,中信中國高股息,10,0,10,富邦-台東,2024-03-29,9608
2371,大同,16,6,10,富邦-台東,2024-03-29,9608
2609,陽明,10,0,10,富邦-台東,2024-03-29,9608
00673R,期元大S＆P原油反1,10,0,10,富邦-台東,2024-03-29,9608
1437,勤益控,10,0,10,富邦-台東,2024-03-29,9608
1605,華新,17,7,10,富邦-台東,2024-03-29,9608
3042,晶技,10,0,10,富邦-台東,2024-03-29,9608
4414,如興,10,0,10,富邦-台東,2024-03-29,9608
6684,安格,10,0,10,富邦-台東,2024-03-29,9608
2545,皇翔,9,0,9,富邦-台東,2024-03-29,9608
3622,洋華,10,1,9,富邦-台東,2024-03-29,9608
6126,信音,11,2,9,富邦-台東,2024-03-29,9608
6163,華電網,10,1,9,富邦-台東,2024-03-29,9608
8033,雷虎,9,0,9,富邦-台東,2024-03-29,9608
6116,彩晶,10,2,8,富邦-台東,2024-03-29,9608
8996,高力,8,1,7,富邦-台東,2024-03-29,9608
00687B,國泰20年美債,7,1,6,富邦-台東,2024-03-29,9608
1612,宏泰,6,0,6,富邦-台東,2024-03-29,9608
2836,高雄銀,6,0,6,富邦-台東,2024-03-29,9608
2891,中信金,6,0,6,富邦-台東,2024-03-29,9608
3178,公準,6,0,6,富邦-台東,2024-03-29,9608
4714,永捷,41,35,6,富邦-台東,2024-03-29,9608
8442,威宏-KY,5,0,5,富邦-台東,2024-03-29,9608
1808,潤隆,5,0,5,富邦-台東,2024-03-29,9608
2358,廷鑫,10,5,5,富邦-台東,2024-03-29,9608
2367,燿華,66,61,5,富邦-台東,2024-03-29,9608
2495,普安,5,0,5,富邦-台東,2024-03-29,9608
5272,笙科,5,0,5,富邦-台東,2024-03-29,9608
6120,達運,5,0,5,富邦-台東,2024-03-29,9608
6186,新潤,5,0,5,富邦-台東,2024-03-29,9608
00940,元大台灣價值高息,653,110,543,富邦-台東,2024-04-01,9608
00919,群益台灣精選高息,124,3,121,富邦-台東,2024-04-01,9608
1609,大亞,102,0,102,富邦-台東,2024-04-01,9608
00674R,期元大S＆P黃金反1,60,0,60,富邦-台東,2024-04-01,9608
8111,立��,50,1,49,富邦-台東,2024-04-01,9608
00895,富邦未來車,40,0,40,富邦-台東,2024-04-01,9608
2344,華邦電,59,25,34,富邦-台東,2024-04-01,9608
0056,元大高股息,31,0,31,富邦-台東,2024-04-01,9608
1809,中釉,30,0,30,富邦-台東,2024-04-01,9608
2603,長榮,31,3,28,富邦-台東,2024-04-01,9608
3312,弘憶股,32,5,27,富邦-台東,2024-04-01,9608
2025,千興,20,0,20,富邦-台東,2024-04-01,9608
2358,廷鑫,27,7,20,富邦-台東,2024-04-01,9608
3234,光環,18,0,18,富邦-台東,2024-04-01,9608
00939,統一台灣高息動能,20,4,16,富邦-台東,2024-04-01,9608
2883,凱基金,16,2,14,富邦-台東,2024-04-01,9608
6188,廣明,20,7,13,富邦-台東,2024-04-01,9608
00941,中信上游半導體,13,0,13,富邦-台東,2024-04-01,9608
00757,統一FANG+,15,2,13,富邦-台東,2024-04-01,9608
2382,廣達,25,13,12,富邦-台東,2024-04-01,9608
00632R,元大台灣50反1,12,0,12,富邦-台東,2024-04-01,9608
6462,神盾,22,10,12,富邦-台東,2024-04-01,9608
2303,聯電,12,1,11,富邦-台東,2024-04-01,9608
2891,中信金,11,0,11,富邦-台東,2024-04-01,9608
3042,晶技,11,0,11,富邦-台東,2024-04-01,9608
5210,寶碩,11,0,11,富邦-台東,2024-04-01,9608
3231,緯創,17,7,10,富邦-台東,2024-04-01,9608
00937B,群益ESG投等債20,10,0,10,富邦-台東,2024-04-01,9608
2371,大同,36,26,10,富邦-台東,2024-04-01,9608
2440,太空梭,10,0,10,富邦-台東,2024-04-01,9608
3712,永崴投控,10,0,10,富邦-台東,2024-04-01,9608
4414,如興,10,0,10,富邦-台東,2024-04-01,9608
2464,盟立,13,4,9,富邦-台東,2024-04-01,9608
3548,兆利,12,3,9,富邦-台東,2024-04-01,9608
6182,合晶,9,0,9,富邦-台東,2024-04-01,9608
2354,鴻準,12,4,8,富邦-台東,2024-04-01,9608
3363,上詮,10,2,8,富邦-台東,2024-04-01,9608
5483,中美晶,8,0,8,富邦-台東,2024-04-01,9608
00929,復華台灣科技優息,9,2,7,富邦-台東,2024-04-01,9608
00918,大華優利高填息30,8,1,7,富邦-台東,2024-04-01,9608
1312,國喬,7,0,7,富邦-台東,2024-04-01,9608
2408,南亞科,7,0,7,富邦-台東,2024-04-01,9608
6274,台燿,7,0,7,富邦-台東,2024-04-01,9608
3706,神達,9,3,6,富邦-台東,2024-04-01,9608
3711,日月光投控,9,3,6,富邦-台東,2024-04-01,9608
1316,上曜,6,0,6,富邦-台東,2024-04-01,9608
1504,東元,10,4,6,富邦-台東,2024-04-01,9608
1785,光洋科,6,0,6,富邦-台東,2024-04-01,9608
2630,亞航,9,3,6,富邦-台東,2024-04-01,9608
2324,仁寶,5,0,5,富邦-台東,2024-04-01,9608
00937B,群益ESG投等債20,585,9,576,富邦-台東,2024-04-02,9608
00687B,國泰20年美債,224,0,224,富邦-台東,2024-04-02,9608
00940,元大台灣價值高息,194,63,131,富邦-台東,2024-04-02,9608
00878,國泰永續高股息,101,15,86,富邦-台東,2024-04-02,9608
00929,復華台灣科技優息,107,20,87,富邦-台東,2024-04-02,9608
00680L,元大美債20正2,80,1,79,富邦-台東,2024-04-02,9608
00941,中信上游半導體,58,3,55,富邦-台東,2024-04-02,9608
2025,千興,38,0,38,富邦-台東,2024-04-02,9608
2356,英業達,33,1,32,富邦-台東,2024-04-02,9608
00909,國泰數位支付服務,26,0,26,富邦-台東,2024-04-02,9608
2344,華邦電,30,5,25,富邦-台東,2024-04-02,9608
1101,台泥,20,0,20,富邦-台東,2024-04-02,9608
9105,泰金寶-DR,20,0,20,富邦-台東,2024-04-02,9608
1718,中纖,15,0,15,富邦-台東,2024-04-02,9608
2014,中鴻,15,0,15,富邦-台東,2024-04-02,9608
2834,臺企銀,24,10,14,富邦-台東,2024-04-02,9608
00931B,統一美債20年,13,0,13,富邦-台東,2024-04-02,9608
2367,燿華,56,43,13,富邦-台東,2024-04-02,9608
3548,兆利,12,0,12,富邦-台東,2024-04-02,9608
00795B,中信美國公債20年,12,0,12,富邦-台東,2024-04-02,9608
4714,永捷,54,42,12,富邦-台東,2024-04-02,9608
6179,亞通,11,0,11,富邦-台東,2024-04-02,9608
3666,光耀,12,1,11,富邦-台東,2024-04-02,9608
2329,華泰,10,0,10,富邦-台東,2024-04-02,9608
2439,美律,10,0,10,富邦-台東,2024-04-02,9608
3051,力特,22,12,10,富邦-台東,2024-04-02,9608
4127,天良,10,0,10,富邦-台東,2024-04-02,9608
4743,合一,10,0,10,富邦-台東,2024-04-02,9608
00751B,元大AAA至A公司債,9,0,9,富邦-台東,2024-04-02,9608
00712,復華富時不動產,9,1,8,富邦-台東,2024-04-02,9608
1312,國喬,8,0,8,富邦-台東,2024-04-02,9608
2461,光群雷,7,0,7,富邦-台東,2024-04-02,9608
3438,類比科,7,0,7,富邦-台東,2024-04-02,9608
1560,中砂,8,1,7,富邦-台東,2024-04-02,9608
00679B,元大美債20年,8,2,6,富邦-台東,2024-04-02,9608
2421,建準,6,0,6,富邦-台東,2024-04-02,9608
1785,光洋科,6,0,6,富邦-台東,2024-04-02,9608
1524,耿鼎,8,2,6,富邦-台東,2024-04-02,9608
3178,公準,6,0,6,富邦-台東,2024-04-02,9608
8033,雷虎,11,5,6,富邦-台東,2024-04-02,9608
00939,統一台灣高息動能,8,2,6,富邦-台東,2024-04-02,9608
3017,奇鋐,7,2,5,富邦-台東,2024-04-02,9608
2881,富邦金,5,0,5,富邦-台東,2024-04-02,9608
1528,恩德,5,0,5,富邦-台東,2024-04-02,9608
6186,新潤,5,0,5,富邦-台東,2024-04-02,9608
6189,豐藝,8,3,5,富邦-台東,2024-04-02,9608
8011,台通,5,0,5,富邦-台東,2024-04-02,9608
8085,福華,5,0,5,富邦-台東,2024-04-02,9608
2408,南亞科,32,28,4,富邦-台東,2024-04-02,9608
2527,宏璟,5,1,4,富邦-台東,2024-04-02,9608
00680L,元大美債20正2,382,0,382,富邦-台東,2024-04-03,9608
00937B,群益ESG投等債20,216,0,216,富邦-台東,2024-04-03,9608
8064,東捷,156,1,155,富邦-台東,2024-04-03,9608
00933B,國泰10Y+金融債,90,0,90,富邦-台東,2024-04-03,9608
00940,元大台灣價值高息,92,10,82,富邦-台東,2024-04-03,9608
00674R,期元大S＆P黃金反1,60,0,60,富邦-台東,2024-04-03,9608
2515,中工,41,1,40,富邦-台東,2024-04-03,9608
2025,千興,40,0,40,富邦-台東,2024-04-03,9608
3673,TPK-KY,33,0,33,富邦-台東,2024-04-03,9608
00929,復華台灣科技優息,32,2,30,富邦-台東,2024-04-03,9608
2486,一詮,44,14,30,富邦-台東,2024-04-03,9608
00632R,元大台灣50反1,30,0,30,富邦-台東,2024-04-03,9608
00679B,元大美債20年,28,1,27,富邦-台東,2024-04-03,9608
00687B,國泰20年美債,26,0,26,富邦-台東,2024-04-03,9608
2356,英業達,38,12,26,富邦-台東,2024-04-03,9608
2801,彰銀,26,0,26,富邦-台東,2024-04-03,9608
00909,國泰數位支付服務,25,0,25,富邦-台東,2024-04-03,9608
00673R,期元大S＆P原油反1,25,0,25,富邦-台東,2024-04-03,9608
3481,群創,24,0,24,富邦-台東,2024-04-03,9608
2618,長榮航,23,0,23,富邦-台東,2024-04-03,9608
00941,中信上游半導體,19,0,19,富邦-台東,2024-04-03,9608
2301,光寶科,26,10,16,富邦-台東,2024-04-03,9608
3622,洋華,15,0,15,富邦-台東,2024-04-03,9608
2834,臺企銀,15,0,15,富邦-台東,2024-04-03,9608
5324,士開,15,0,15,富邦-台東,2024-04-03,9608
6207,雷科,16,1,15,富邦-台東,2024-04-03,9608
2002,中鋼,22,9,13,富邦-台東,2024-04-03,9608
2354,鴻準,14,2,12,富邦-台東,2024-04-03,9608
2369,菱生,12,0,12,富邦-台東,2024-04-03,9608
4909,新復興,12,0,12,富邦-台東,2024-04-03,9608
2409,友達,11,0,11,富邦-台東,2024-04-03,9608
2610,華航,11,0,11,富邦-台東,2024-04-03,9608
2890,永豐金,10,0,10,富邦-台東,2024-04-03,9608
00712,復華富時不動產,10,0,10,富邦-台東,2024-04-03,9608
1437,勤益控,10,0,10,富邦-台東,2024-04-03,9608
6753,龍德造船,11,1,10,富邦-台東,2024-04-03,9608
8942,森鉅,10,0,10,富邦-台東,2024-04-03,9608
00722B,群益投資級電信債,9,0,9,富邦-台東,2024-04-03,9608
2006,東和鋼鐵,10,1,9,富邦-台東,2024-04-03,9608
2371,大同,9,0,9,富邦-台東,2024-04-03,9608
3483,力致,9,0,9,富邦-台東,2024-04-03,9608
00720B,元大投資級公司債,8,0,8,富邦-台東,2024-04-03,9608
6191,精成科,8,0,8,富邦-台東,2024-04-03,9608
6770,力積電,8,0,8,富邦-台東,2024-04-03,9608
9904,寶成,8,0,8,富邦-台東,2024-04-03,9608
2317,鴻海,22,15,7,富邦-台東,2024-04-03,9608
2330,台積電,8,1,7,富邦-台東,2024-04-03,9608
00636,國泰中國A50,7,0,7,富邦-台東,2024-04-03,9608
00751B,元大AAA至A公司債,7,0,7,富邦-台東,2024-04-03,9608
2382,廣達,16,9,7,富邦-台東,2024-04-03,9608
2374,佳能,564,109,455,富邦-台東,2024-04-08,9608
4912,聯德控股-KY,321,31,290,富邦-台東,2024-04-08,9608
00680L,元大美債20正2,158,0,158,富邦-台東,2024-04-08,9608
00937B,群益ESG投等債20,145,1,144,富邦-台東,2024-04-08,9608
00679B,元大美債20年,70,1,69,富邦-台東,2024-04-08,9608
00940,元大台灣價值高息,92,39,53,富邦-台東,2024-04-08,9608
00687B,國泰20年美債,50,0,50,富邦-台東,2024-04-08,9608
6770,力積電,45,0,45,富邦-台東,2024-04-08,9608
00929,復華台灣科技優息,42,3,39,富邦-台東,2024-04-08,9608
00909,國泰數位支付服務,25,0,25,富邦-台東,2024-04-08,9608
2025,千興,23,0,23,富邦-台東,2024-04-08,9608
2356,英業達,22,0,22,富邦-台東,2024-04-08,9608
2515,中工,30,8,22,富邦-台東,2024-04-08,9608
00941,中信上游半導體,20,0,20,富邦-台東,2024-04-08,9608
3479,安勤,20,0,20,富邦-台東,2024-04-08,9608
8027,鈦昇,20,0,20,富邦-台東,2024-04-08,9608
8064,東捷,20,0,20,富邦-台東,2024-04-08,9608
5443,均豪,25,7,18,富邦-台東,2024-04-08,9608
00720B,元大投資級公司債,17,1,16,富邦-台東,2024-04-08,9608
00712,復華富時不動產,15,0,15,富邦-台東,2024-04-08,9608
00882,中信中國高股息,15,1,14,富邦-台東,2024-04-08,9608
00939,統一台灣高息動能,13,0,13,富邦-台東,2024-04-08,9608
00919,群益台灣精選高息,13,3,10,富邦-台東,2024-04-08,9608
00753L,中信中國50正2,10,0,10,富邦-台東,2024-04-08,9608
00933B,國泰10Y+金融債,10,0,10,富邦-台東,2024-04-08,9608
1305,華夏,10,0,10,富邦-台東,2024-04-08,9608
3706,神達,17,7,10,富邦-台東,2024-04-08,9608
2382,廣達,19,10,9,富邦-台東,2024-04-08,9608
2481,強茂,10,1,9,富邦-台東,2024-04-08,9608
8033,雷虎,8,0,8,富邦-台東,2024-04-08,9608
2204,中華,8,1,7,富邦-台東,2024-04-08,9608
2504,國產,8,1,7,富邦-台東,2024-04-08,9608
3005,神基,7,0,7,富邦-台東,2024-04-08,9608
3438,類比科,7,0,7,富邦-台東,2024-04-08,9608
00931B,統一美債20年,6,0,6,富邦-台東,2024-04-08,9608
2353,宏��,7,1,6,富邦-台東,2024-04-08,9608
5426,振發,6,0,6,富邦-台東,2024-04-08,9608
6532,瑞耘,6,0,6,富邦-台東,2024-04-08,9608
8996,高力,9,3,6,富邦-台東,2024-04-08,9608
9933,中鼎,6,0,6,富邦-台東,2024-04-08,9608
00878,國泰永續高股息,15,9,6,富邦-台東,2024-04-08,9608
2884,玉山金,5,0,5,富邦-台東,2024-04-08,9608
3622,洋華,5,0,5,富邦-台東,2024-04-08,9608
00688L,國泰20年美債正2,5,0,5,富邦-台東,2024-04-08,9608
1582,信錦,5,0,5,富邦-台東,2024-04-08,9608
2637,慧洋-KY,5,0,5,富邦-台東,2024-04-08,9608
2836,高雄銀,10,5,5,富邦-台東,2024-04-08,9608
3050,鈺德,5,0,5,富邦-台東,2024-04-08,9608
3450,聯鈞,5,0,5,富邦-台東,2024-04-08,9608
5310,天剛,5,0,5,富邦-台東,2024-04-08,9608
6189,豐藝,139,2,137,富邦-台東,2024-04-09,9608
6188,廣明,58,9,49,富邦-台東,2024-04-09,9608
00933B,國泰10Y+金融債,50,1,49,富邦-台東,2024-04-09,9608
00937B,群益ESG投等債20,42,0,42,富邦-台東,2024-04-09,9608
00929,復華台灣科技優息,65,30,35,富邦-台東,2024-04-09,9608
3231,緯創,104,69,35,富邦-台東,2024-04-09,9608
2836,高雄銀,30,0,30,富邦-台東,2024-04-09,9608
00687B,國泰20年美債,28,0,28,富邦-台東,2024-04-09,9608
6173,信昌電,28,0,28,富邦-台東,2024-04-09,9608
912000,晨訊科-DR,25,0,25,富邦-台東,2024-04-09,9608
2618,長榮航,37,12,25,富邦-台東,2024-04-09,9608
00940,元大台灣價值高息,19,0,19,富邦-台東,2024-04-09,9608
6186,新潤,15,0,15,富邦-台東,2024-04-09,9608
3013,晟銘電,64,50,14,富邦-台東,2024-04-09,9608
2356,英業達,18,4,14,富邦-台東,2024-04-09,9608
2367,燿華,47,33,14,富邦-台東,2024-04-09,9608
2637,慧洋-KY,18,4,14,富邦-台東,2024-04-09,9608
4533,協易機,15,1,14,富邦-台東,2024-04-09,9608
00939,統一台灣高息動能,17,5,12,富邦-台東,2024-04-09,9608
6697,東捷資訊,12,0,12,富邦-台東,2024-04-09,9608
2365,昆盈,14,2,12,富邦-台東,2024-04-09,9608
5210,寶碩,12,0,12,富邦-台東,2024-04-09,9608
2354,鴻準,15,4,11,富邦-台東,2024-04-09,9608
3294,英濟,17,6,11,富邦-台東,2024-04-09,9608
3666,光耀,11,0,11,富邦-台東,2024-04-09,9608
00902,中信電池及儲能,10,0,10,富邦-台東,2024-04-09,9608
2489,瑞軒,10,0,10,富邦-台東,2024-04-09,9608
2883B,凱基金乙特,10,0,10,富邦-台東,2024-04-09,9608
4744,皇將,10,0,10,富邦-台東,2024-04-09,9608
00882,中信中國高股息,10,2,8,富邦-台東,2024-04-09,9608
2329,華泰,18,10,8,富邦-台東,2024-04-09,9608
6005,群益證,8,0,8,富邦-台東,2024-04-09,9608
1513,中興電,23,15,8,富邦-台東,2024-04-09,9608
00751B,元大AAA至A公司債,8,0,8,富邦-台東,2024-04-09,9608
2834,臺企銀,14,7,7,富邦-台東,2024-04-09,9608
3548,兆利,7,0,7,富邦-台東,2024-04-09,9608
1702,南僑,7,0,7,富邦-台東,2024-04-09,9608
2025,千興,8,1,7,富邦-台東,2024-04-09,9608
2027,大成鋼,7,0,7,富邦-台東,2024-04-09,9608
2467,志聖,10,3,7,富邦-台東,2024-04-09,9608
3323,加百裕,7,0,7,富邦-台東,2024-04-09,9608
4523,永彰,7,0,7,富邦-台東,2024-04-09,9608
8996,高力,8,1,7,富邦-台東,2024-04-09,9608
2486,一詮,22,16,6,富邦-台東,2024-04-09,9608
3171,炎洲流通,6,0,6,富邦-台東,2024-04-09,9608
6109,亞元,6,0,6,富邦-台東,2024-04-09,9608
2355,敬鵬,5,0,5,富邦-台東,2024-04-09,9608
3622,洋華,5,0,5,富邦-台東,2024-04-09,9608
00885,富邦越南,5,0,5,富邦-台東,2024-04-09,9608
3221,台嘉碩,5,0,5,富邦-台東,2024-04-09,9608
1612,宏泰,244,11,233,富邦-台東,2024-04-10,9608
00940,元大台灣價值高息,104,8,96,富邦-台東,2024-04-10,9608
00674R,期元大S＆P黃金反1,70,0,70,富邦-台東,2024-04-10,9608
2344,華邦電,127,57,70,富邦-台東,2024-04-10,9608
2836,高雄銀,64,0,64,富邦-台東,2024-04-10,9608
00937B,群益ESG投等債20,51,7,44,富邦-台東,2024-04-10,9608
2618,長榮航,38,4,34,富邦-台東,2024-04-10,9608
00857B,永豐20年美公債,31,0,31,富邦-台東,2024-04-10,9608
5392,能率,30,0,30,富邦-台東,2024-04-10,9608
2367,燿華,56,28,28,富邦-台東,2024-04-10,9608
00909,國泰數位支付服務,27,0,27,富邦-台東,2024-04-10,9608
2888,新光金,26,2,24,富邦-台東,2024-04-10,9608
3576,聯合再生,24,1,23,富邦-台東,2024-04-10,9608
00941,中信上游半導體,46,24,22,富邦-台東,2024-04-10,9608
3706,神達,21,0,21,富邦-台東,2024-04-10,9608
2337,旺宏,20,0,20,富邦-台東,2024-04-10,9608
1584,精剛,38,19,19,富邦-台東,2024-04-10,9608
00878,國泰永續高股息,22,5,17,富邦-台東,2024-04-10,9608
2382,廣達,22,6,16,富邦-台東,2024-04-10,9608
2014,中鴻,16,0,16,富邦-台東,2024-04-10,9608
2610,華航,15,0,15,富邦-台東,2024-04-10,9608
3231,緯創,21,7,14,富邦-台東,2024-04-10,9608
8096,擎亞,20,6,14,富邦-台東,2024-04-10,9608
2537,聯上發,13,0,13,富邦-台東,2024-04-10,9608
1615,大山,13,1,12,富邦-台東,2024-04-10,9608
2301,光寶科,14,2,12,富邦-台東,2024-04-10,9608
2371,大同,15,3,12,富邦-台東,2024-04-10,9608
2634,漢翔,33,22,11,富邦-台東,2024-04-10,9608
2025,千興,24,14,10,富邦-台東,2024-04-10,9608
3052,夆典,20,10,10,富邦-台東,2024-04-10,9608
4173,久裕,10,0,10,富邦-台東,2024-04-10,9608
8033,雷虎,15,5,10,富邦-台東,2024-04-10,9608
2363,矽統,38,28,10,富邦-台東,2024-04-10,9608
1503,士電,12,3,9,富邦-台東,2024-04-10,9608
5512,力麒,12,3,9,富邦-台東,2024-04-10,9608
2317,鴻海,16,7,9,富邦-台東,2024-04-10,9608
2464,盟立,10,2,8,富邦-台東,2024-04-10,9608
6742,澤米,8,0,8,富邦-台東,2024-04-10,9608
00687B,國泰20年美債,17,10,7,富邦-台東,2024-04-10,9608
3062,建漢,7,0,7,富邦-台東,2024-04-10,9608
2376,技嘉,10,3,7,富邦-台東,2024-04-10,9608
1513,中興電,15,9,6,富邦-台東,2024-04-10,9608
6526,達發,6,0,6,富邦-台東,2024-04-10,9608
1301,台塑,6,0,6,富邦-台東,2024-04-10,9608
4523,永彰,6,0,6,富邦-台東,2024-04-10,9608
6117,迎廣,13,7,6,富邦-台東,2024-04-10,9608
2884,玉山金,6,0,6,富邦-台東,2024-04-10,9608
2356,英業達,7,2,5,富邦-台東,2024-04-10,9608
2010,春源,6,1,5,富邦-台東,2024-04-10,9608
2030,彰源,5,0,5,富邦-台東,2024-04-10,9608
00937B,群益ESG投等債20,242,3,239,富邦-台東,2024-04-11,9608
00632R,元大台灣50反1,150,0,150,富邦-台東,2024-04-11,9608
00712,復華富時不動產,108,0,108,富邦-台東,2024-04-11,9608
3481,群創,102,0,102,富邦-台東,2024-04-11,9608
00680L,元大美債20正2,71,0,71,富邦-台東,2024-04-11,9608
2371,大同,91,28,63,富邦-台東,2024-04-11,9608
5371,中光電,65,2,63,富邦-台東,2024-04-11,9608
00679B,元大美債20年,52,0,52,富邦-台東,2024-04-11,9608
00713,元大台灣高息低波,52,0,52,富邦-台東,2024-04-11,9608
00720B,元大投資級公司債,48,0,48,富邦-台東,2024-04-11,9608
2233,宇隆,46,0,46,富邦-台東,2024-04-11,9608
2888,新光金,60,20,40,富邦-台東,2024-04-11,9608
6191,精成科,34,0,34,富邦-台東,2024-04-11,9608
2317,鴻海,35,7,28,富邦-台東,2024-04-11,9608
2607,榮運,28,0,28,富邦-台東,2024-04-11,9608
00857B,永豐20年美公債,26,0,26,富邦-台東,2024-04-11,9608
2605,新興,24,0,24,富邦-台東,2024-04-11,9608
3231,緯創,30,9,21,富邦-台東,2024-04-11,9608
00673R,期元大S＆P原油反1,20,0,20,富邦-台東,2024-04-11,9608
2344,華邦電,47,27,20,富邦-台東,2024-04-11,9608
2836,高雄銀,20,0,20,富邦-台東,2024-04-11,9608
2881,富邦金,19,0,19,富邦-台東,2024-04-11,9608
2882,國泰金,20,3,17,富邦-台東,2024-04-11,9608
00933B,國泰10Y+金融債,15,1,14,富邦-台東,2024-04-11,9608
2630,亞航,30,17,13,富邦-台東,2024-04-11,9608
00751B,元大AAA至A公司債,12,0,12,富邦-台東,2024-04-11,9608
2464,盟立,12,0,12,富邦-台東,2024-04-11,9608
00696B,富邦美債20年,11,0,11,富邦-台東,2024-04-11,9608
6770,力積電,10,0,10,富邦-台東,2024-04-11,9608
00688L,國泰20年美債正2,10,0,10,富邦-台東,2024-04-11,9608
00795B,中信美國公債20年,10,0,10,富邦-台東,2024-04-11,9608
00915,凱基優選高股息30,10,0,10,富邦-台東,2024-04-11,9608
1802,台玻,10,0,10,富邦-台東,2024-04-11,9608
2509,全坤建,10,0,10,富邦-台東,2024-04-11,9608
3052,夆典,10,0,10,富邦-台東,2024-04-11,9608
6026,福邦證,10,0,10,富邦-台東,2024-04-11,9608
1905,華紙,9,0,9,富邦-台東,2024-04-11,9608
2301,光寶科,11,2,9,富邦-台東,2024-04-11,9608
3622,洋華,9,0,9,富邦-台東,2024-04-11,9608
9928,中視,10,1,9,富邦-台東,2024-04-11,9608
2355,敬鵬,8,0,8,富邦-台東,2024-04-11,9608
2634,漢翔,26,18,8,富邦-台東,2024-04-11,9608
3499,環天科,8,0,8,富邦-台東,2024-04-11,9608
5443,均豪,8,0,8,富邦-台東,2024-04-11,9608
2002,中鋼,7,0,7,富邦-台東,2024-04-11,9608
2330,台積電,8,1,7,富邦-台東,2024-04-11,9608
00905,FT臺灣Smart,7,0,7,富邦-台東,2024-04-11,9608
2515,中工,11,4,7,富邦-台東,2024-04-11,9608
2884,玉山金,8,1,7,富邦-台東,2024-04-11,9608
3363,上詮,25,18,7,富邦-台東,2024-04-11,9608
4967,十銓,389,0,389,富邦-台東,2024-04-12,9608
00637L,元大滬深300正2,80,0,80,富邦-台東,2024-04-12,9608
00687B,國泰20年美債,68,0,68,富邦-台東,2024-04-12,9608
00937B,群益ESG投等債20,97,29,68,富邦-台東,2024-04-12,9608
00929,復華台灣科技優息,56,5,51,富邦-台東,2024-04-12,9608
8111,立��,30,0,30,富邦-台東,2024-04-12,9608
00941,中信上游半導體,23,0,23,富邦-台東,2024-04-12,9608
00927,群益半導體收益,20,0,20,富邦-台東,2024-04-12,9608
00680L,元大美債20正2,20,0,20,富邦-台東,2024-04-12,9608
6016,康和證,20,0,20,富邦-台東,2024-04-12,9608
2880,華南金,19,0,19,富邦-台東,2024-04-12,9608
2836,高雄銀,17,0,17,富邦-台東,2024-04-12,9608
2618,長榮航,33,17,16,富邦-台東,2024-04-12,9608
00857B,永豐20年美公債,16,0,16,富邦-台東,2024-04-12,9608
00878,國泰永續高股息,17,1,16,富邦-台東,2024-04-12,9608
00882,中信中國高股息,15,0,15,富邦-台東,2024-04-12,9608
2461,光群雷,15,0,15,富邦-台東,2024-04-12,9608
00931B,統一美債20年,13,0,13,富邦-台東,2024-04-12,9608
4533,協易機,20,7,13,富邦-台東,2024-04-12,9608
3706,神達,12,0,12,富邦-台東,2024-04-12,9608
00933B,國泰10Y+金融債,12,0,12,富邦-台東,2024-04-12,9608
2634,漢翔,20,8,12,富邦-台東,2024-04-12,9608
2515,中工,12,0,12,富邦-台東,2024-04-12,9608
00725B,國泰投資級公司債,11,0,11,富邦-台東,2024-04-12,9608
00679B,元大美債20年,11,0,11,富邦-台東,2024-04-12,9608
2537,聯上發,11,0,11,富邦-台東,2024-04-12,9608
3363,上詮,13,2,11,富邦-台東,2024-04-12,9608
8112,至上,19,8,11,富邦-台東,2024-04-12,9608
6290,良維,20,10,10,富邦-台東,2024-04-12,9608
00688L,國泰20年美債正2,10,0,10,富邦-台東,2024-04-12,9608
3042,晶技,10,0,10,富邦-台東,2024-04-12,9608
4532,瑞智,10,0,10,富邦-台東,2024-04-12,9608
4714,永捷,13,3,10,富邦-台東,2024-04-12,9608
5512,力麒,10,0,10,富邦-台東,2024-04-12,9608
6770,力積電,10,0,10,富邦-台東,2024-04-12,9608
2739,寒舍,10,1,9,富邦-台東,2024-04-12,9608
6742,澤米,13,4,9,富邦-台東,2024-04-12,9608
8271,宇瞻,9,0,9,富邦-台東,2024-04-12,9608
2409,友達,8,0,8,富邦-台東,2024-04-12,9608
3305,昇貿,8,0,8,富邦-台東,2024-04-12,9608
6735,美達科技,8,0,8,富邦-台東,2024-04-12,9608
3231,緯創,10,3,7,富邦-台東,2024-04-12,9608
2329,華泰,9,2,7,富邦-台東,2024-04-12,9608
00795B,中信美國公債20年,7,0,7,富邦-台東,2024-04-12,9608
3162,精確,7,0,7,富邦-台東,2024-04-12,9608
6668,中揚光,7,0,7,富邦-台東,2024-04-12,9608
3005,神基,7,0,7,富邦-台東,2024-04-12,9608
00720B,元大投資級公司債,6,0,6,富邦-台東,2024-04-12,9608
1305,華夏,6,0,6,富邦-台東,2024-04-12,9608
2885,元大金,6,0,6,富邦-台東,2024-04-12,9608
00937B,群益ESG投等債20,207,11,196,富邦-台東,2024-04-15,9608
00929,復華台灣科技優息,136,10,126,富邦-台東,2024-04-15,9608
2374,佳能,90,5,85,富邦-台東,2024-04-15,9608
3312,弘憶股,91,6,85,富邦-台東,2024-04-15,9608
00637L,元大滬深300正2,80,0,80,富邦-台東,2024-04-15,9608
00680L,元大美債20正2,70,0,70,富邦-台東,2024-04-15,9608
4533,協易機,74,5,69,富邦-台東,2024-04-15,9608
1608,華榮,53,10,43,富邦-台東,2024-04-15,9608
1504,東元,50,9,41,富邦-台東,2024-04-15,9608
2317,鴻海,38,2,36,富邦-台東,2024-04-15,9608
2371,大同,105,72,33,富邦-台東,2024-04-15,9608
00881,國泰台灣5G+,30,0,30,富邦-台東,2024-04-15,9608
5511,德昌,30,0,30,富邦-台東,2024-04-15,9608
00679B,元大美債20年,28,2,26,富邦-台東,2024-04-15,9608
2618,長榮航,27,1,26,富邦-台東,2024-04-15,9608
00909,國泰數位支付服務,25,0,25,富邦-台東,2024-04-15,9608
00940,元大台灣價值高息,35,11,24,富邦-台東,2024-04-15,9608
2367,燿華,31,8,23,富邦-台東,2024-04-15,9608
3706,神達,22,0,22,富邦-台東,2024-04-15,9608
5392,能率,20,0,20,富邦-台東,2024-04-15,9608
8111,立��,20,0,20,富邦-台東,2024-04-15,9608
2867,三商壽,28,9,19,富邦-台東,2024-04-15,9608
3013,晟銘電,27,8,19,富邦-台東,2024-04-15,9608
1513,中興電,28,11,17,富邦-台東,2024-04-15,9608
2492,華新科,17,0,17,富邦-台東,2024-04-15,9608
00632R,元大台灣50反1,20,4,16,富邦-台東,2024-04-15,9608
00941,中信上游半導體,19,3,16,富邦-台東,2024-04-15,9608
2606,裕民,21,5,16,富邦-台東,2024-04-15,9608
2889,國票金,15,0,15,富邦-台東,2024-04-15,9608
1582,信錦,13,0,13,富邦-台東,2024-04-15,9608
2009,第一銅,15,2,13,富邦-台東,2024-04-15,9608
4513,福裕,12,0,12,富邦-台東,2024-04-15,9608
1101,台泥,13,1,12,富邦-台東,2024-04-15,9608
2486,一詮,16,4,12,富邦-台東,2024-04-15,9608
00733,富邦臺灣中小,11,0,11,富邦-台東,2024-04-15,9608
1605,華新,35,25,10,富邦-台東,2024-04-15,9608
4743,合一,10,0,10,富邦-台東,2024-04-15,9608
2368,金像電,12,2,10,富邦-台東,2024-04-15,9608
2637,慧洋-KY,10,0,10,富邦-台東,2024-04-15,9608
3221,台嘉碩,10,0,10,富邦-台東,2024-04-15,9608
5443,均豪,12,2,10,富邦-台東,2024-04-15,9608
0056,元大高股息,12,2,10,富邦-台東,2024-04-15,9608
00878,國泰永續高股息,10,0,10,富邦-台東,2024-04-15,9608
2324,仁寶,10,1,9,富邦-台東,2024-04-15,9608
2382,廣達,9,0,9,富邦-台東,2024-04-15,9608
00939,統一台灣高息動能,10,2,8,富邦-台東,2024-04-15,9608
3548,兆利,8,0,8,富邦-台東,2024-04-15,9608
6189,豐藝,10,2,8,富邦-台東,2024-04-15,9608
8358,金居,9,1,8,富邦-台東,2024-04-15,9608
3005,神基,8,1,7,富邦-台東,2024-04-15,9608
3481,群創,280,0,280,富邦-台東,2024-04-16,9608
00937B,群益ESG投等債20,224,18,206,富邦-台東,2024-04-16,9608
00929,復華台灣科技優息,170,29,141,富邦-台東,2024-04-16,9608
5371,中光電,111,10,101,富邦-台東,2024-04-16,9608
5511,德昌,82,0,82,富邦-台東,2024-04-16,9608
00878,國泰永續高股息,51,1,50,富邦-台東,2024-04-16,9608
00909,國泰數位支付服務,50,0,50,富邦-台東,2024-04-16,9608
00940,元大台灣價值高息,234,188,46,富邦-台東,2024-04-16,9608
0056,元大高股息,99,53,46,富邦-台東,2024-04-16,9608
00918,大華優利高填息30,41,2,39,富邦-台東,2024-04-16,9608
2354,鴻準,33,0,33,富邦-台東,2024-04-16,9608
3049,精金,28,1,27,富邦-台東,2024-04-16,9608
2618,長榮航,25,0,25,富邦-台東,2024-04-16,9608
1609,大亞,95,75,20,富邦-台東,2024-04-16,9608
2486,一詮,23,3,20,富邦-台東,2024-04-16,9608
8390,金益鼎,20,0,20,富邦-台東,2024-04-16,9608
2610,華航,19,0,19,富邦-台東,2024-04-16,9608
2331,精英,18,0,18,富邦-台東,2024-04-16,9608
3231,緯創,36,19,17,富邦-台東,2024-04-16,9608
2009,第一銅,20,2,18,富邦-台東,2024-04-16,9608
2801,彰銀,17,0,17,富邦-台東,2024-04-16,9608
4563,百德,17,0,17,富邦-台東,2024-04-16,9608
2356,英業達,21,5,16,富邦-台東,2024-04-16,9608
00919,群益台灣精選高息,71,56,15,富邦-台東,2024-04-16,9608
1618,合機,39,24,15,富邦-台東,2024-04-16,9608
00719B,元大美債1-3,15,0,15,富邦-台東,2024-04-16,9608
2344,華邦電,25,10,15,富邦-台東,2024-04-16,9608
1513,中興電,21,7,14,富邦-台東,2024-04-16,9608
3312,弘憶股,18,4,14,富邦-台東,2024-04-16,9608
5880,合庫金,13,0,13,富邦-台東,2024-04-16,9608
6770,力積電,13,0,13,富邦-台東,2024-04-16,9608
00939,統一台灣高息動能,29,16,13,富邦-台東,2024-04-16,9608
2542,興富發,12,0,12,富邦-台東,2024-04-16,9608
00720B,元大投資級公司債,15,3,12,富邦-台東,2024-04-16,9608
2498,宏達電,25,13,12,富邦-台東,2024-04-16,9608
00733,富邦臺灣中小,14,2,12,富邦-台東,2024-04-16,9608
1101,台泥,23,11,12,富邦-台東,2024-04-16,9608
5009,榮剛,15,3,12,富邦-台東,2024-04-16,9608
6016,康和證,12,0,12,富邦-台東,2024-04-16,9608
6116,彩晶,12,0,12,富邦-台東,2024-04-16,9608
2884,玉山金,13,1,12,富邦-台東,2024-04-16,9608
00935,野村臺灣新科技50,12,0,12,富邦-台東,2024-04-16,9608
6188,廣明,11,0,11,富邦-台東,2024-04-16,9608
00712,復華富時不動產,13,2,11,富邦-台東,2024-04-16,9608
2330,台積電,14,3,11,富邦-台東,2024-04-16,9608
8033,雷虎,12,2,10,富邦-台東,2024-04-16,9608
00669R,國泰美國道瓊反1,10,0,10,富邦-台東,2024-04-16,9608
1617,榮星,14,4,10,富邦-台東,2024-04-16,9608
2399,映泰,10,0,10,富邦-台東,2024-04-16,9608
2707,晶華,10,0,10,富邦-台東,2024-04-16,9608
00937B,群益ESG投等債20,217,28,189,富邦-台東,2024-04-17,9608
2301,光寶科,115,1,114,富邦-台東,2024-04-17,9608
00919,群益台灣精選高息,110,4,106,富邦-台東,2024-04-17,9608
00940,元大台灣價值高息,87,9,78,富邦-台東,2024-04-17,9608
00751B,元大AAA至A公司債,55,0,55,富邦-台東,2024-04-17,9608
2501,國建,55,2,53,富邦-台東,2024-04-17,9608
00905,FT臺灣Smart,48,0,48,富邦-台東,2024-04-17,9608
0056,元大高股息,41,0,41,富邦-台東,2024-04-17,9608
3013,晟銘電,42,6,36,富邦-台東,2024-04-17,9608
00929,復華台灣科技優息,36,3,33,富邦-台東,2024-04-17,9608
00712,復華富時不動產,26,0,26,富邦-台東,2024-04-17,9608
00679B,元大美債20年,25,1,24,富邦-台東,2024-04-17,9608
5371,中光電,28,6,22,富邦-台東,2024-04-17,9608
2353,宏��,22,1,21,富邦-台東,2024-04-17,9608
3481,群創,26,6,20,富邦-台東,2024-04-17,9608
00931B,統一美債20年,20,0,20,富邦-台東,2024-04-17,9608
9933,中鼎,19,0,19,富邦-台東,2024-04-17,9608
1605,華新,46,30,16,富邦-台東,2024-04-17,9608
2356,英業達,16,2,14,富邦-台東,2024-04-17,9608
3060,銘異,15,1,14,富邦-台東,2024-04-17,9608
3706,神達,31,18,13,富邦-台東,2024-04-17,9608
00857B,永豐20年美公債,18,5,13,富邦-台東,2024-04-17,9608
00720B,元大投資級公司債,13,0,13,富邦-台東,2024-04-17,9608
2303,聯電,12,0,12,富邦-台東,2024-04-17,9608
2354,鴻準,14,2,12,富邦-台東,2024-04-17,9608
2801,彰銀,12,0,12,富邦-台東,2024-04-17,9608
6875,國邑*,12,0,12,富邦-台東,2024-04-17,9608
2881,富邦金,12,0,12,富邦-台東,2024-04-17,9608
5483,中美晶,10,0,10,富邦-台東,2024-04-17,9608
6214,精誠,10,0,10,富邦-台東,2024-04-17,9608
00688L,國泰20年美債正2,10,0,10,富邦-台東,2024-04-17,9608
1305,華夏,10,0,10,富邦-台東,2024-04-17,9608
3231,緯創,31,21,10,富邦-台東,2024-04-17,9608
6015,宏遠證,10,0,10,富邦-台東,2024-04-17,9608
00878,國泰永續高股息,15,5,10,富邦-台東,2024-04-17,9608
6770,力積電,9,0,9,富邦-台東,2024-04-17,9608
00687B,國泰20年美債,9,0,9,富邦-台東,2024-04-17,9608
2515,中工,10,1,9,富邦-台東,2024-04-17,9608
2002,中鋼,8,0,8,富邦-台東,2024-04-17,9608
00753L,中信中國50正2,8,0,8,富邦-台東,2024-04-17,9608
8358,金居,9,1,8,富邦-台東,2024-04-17,9608
00933B,國泰10Y+金融債,17,10,7,富邦-台東,2024-04-17,9608
1532,勤美,7,0,7,富邦-台東,2024-04-17,9608
2883,凱基金,7,0,7,富邦-台東,2024-04-17,9608
2618,長榮航,10,3,7,富邦-台東,2024-04-17,9608
00795B,中信美國公債20年,6,0,6,富邦-台東,2024-04-17,9608
00939,統一台灣高息動能,7,1,6,富邦-台東,2024-04-17,9608
3178,公準,6,0,6,富邦-台東,2024-04-17,9608
5880,合庫金,6,0,6,富邦-台東,2024-04-17,9608
2610,華航,5,0,5,富邦-台東,2024-04-17,9608
2014,中鴻,2001,331,1670,富邦-台東,2024-04-18,9608
00919,群益台灣精選高息,117,3,114,富邦-台東,2024-04-18,9608
2374,佳能,111,10,101,富邦-台東,2024-04-18,9608
00937B,群益ESG投等債20,73,2,71,富邦-台東,2024-04-18,9608
00929,復華台灣科技優息,56,0,56,富邦-台東,2024-04-18,9608
3481,群創,55,2,53,富邦-台東,2024-04-18,9608
00632R,元大台灣50反1,55,6,49,富邦-台東,2024-04-18,9608
2371,大同,111,64,47,富邦-台東,2024-04-18,9608
5009,榮剛,42,5,37,富邦-台東,2024-04-18,9608
2537,聯上發,33,0,33,富邦-台東,2024-04-18,9608
2834,臺企銀,40,10,30,富邦-台東,2024-04-18,9608
00941,中信上游半導體,30,1,29,富邦-台東,2024-04-18,9608
00712,復華富時不動產,29,0,29,富邦-台東,2024-04-18,9608
2501,國建,61,34,27,富邦-台東,2024-04-18,9608
0056,元大高股息,26,0,26,富邦-台東,2024-04-18,9608
00940,元大台灣價值高息,24,1,23,富邦-台東,2024-04-18,9608
6283,淳安,22,0,22,富邦-台東,2024-04-18,9608
2887,台新金,20,0,20,富邦-台東,2024-04-18,9608
912000,晨訊科-DR,20,0,20,富邦-台東,2024-04-18,9608
9933,中鼎,16,0,16,富邦-台東,2024-04-18,9608
1560,中砂,15,0,15,富邦-台東,2024-04-18,9608
2376,技嘉,16,1,15,富邦-台東,2024-04-18,9608
2329,華泰,11,0,11,富邦-台東,2024-04-18,9608
00680L,元大美債20正2,11,0,11,富邦-台東,2024-04-18,9608
2388,威盛,11,0,11,富邦-台東,2024-04-18,9608
00857B,永豐20年美公債,10,0,10,富邦-台東,2024-04-18,9608
1718,中纖,10,0,10,富邦-台東,2024-04-18,9608
3576,聯合再生,10,0,10,富邦-台東,2024-04-18,9608
6104,創惟,10,0,10,富邦-台東,2024-04-18,9608
2009,第一銅,22,12,10,富邦-台東,2024-04-18,9608
00885,富邦越南,9,0,9,富邦-台東,2024-04-18,9608
00751B,元大AAA至A公司債,11,2,9,富邦-台東,2024-04-18,9608
1513,中興電,23,14,9,富邦-台東,2024-04-18,9608
5512,力麒,12,3,9,富邦-台東,2024-04-18,9608
6173,信昌電,10,1,9,富邦-台東,2024-04-18,9608
8358,金居,10,1,9,富邦-台東,2024-04-18,9608
2330,台積電,13,5,8,富邦-台東,2024-04-18,9608
2303,聯電,7,0,7,富邦-台東,2024-04-18,9608
2353,宏��,7,0,7,富邦-台東,2024-04-18,9608
2369,菱生,7,0,7,富邦-台東,2024-04-18,9608
2547,日勝生,10,3,7,富邦-台東,2024-04-18,9608
3707,漢磊,7,0,7,富邦-台東,2024-04-18,9608
8926,台汽電,9,2,7,富邦-台東,2024-04-18,9608
3715,定穎投控,7,0,7,富邦-台東,2024-04-18,9608
2204,中華,7,0,7,富邦-台東,2024-04-18,9608
00939,統一台灣高息動能,7,1,6,富邦-台東,2024-04-18,9608
00679B,元大美債20年,6,0,6,富邦-台東,2024-04-18,9608
2404,漢唐,9,3,6,富邦-台東,2024-04-18,9608
2520,冠德,12,6,6,富邦-台東,2024-04-18,9608
5310,天剛,6,0,6,富邦-台東,2024-04-18,9608
00665L,富邦�琤肭磪囓�2,402,2,400,富邦-台東,2024-04-19,9608
3481,群創,385,12,373,富邦-台東,2024-04-19,9608
1612,宏泰,235,12,223,富邦-台東,2024-04-19,9608
00929,復華台灣科技優息,265,93,172,富邦-台東,2024-04-19,9608
00940,元大台灣價值高息,153,32,121,富邦-台東,2024-04-19,9608
6167,久正,90,0,90,富邦-台東,2024-04-19,9608
2515,中工,210,146,64,富邦-台東,2024-04-19,9608
2301,光寶科,57,1,56,富邦-台東,2024-04-19,9608
00937B,群益ESG投等債20,64,9,55,富邦-台東,2024-04-19,9608
5251,天鉞電,50,0,50,富邦-台東,2024-04-19,9608
00941,中信上游半導體,50,1,49,富邦-台東,2024-04-19,9608
2330,台積電,54,11,43,富邦-台東,2024-04-19,9608
0056,元大高股息,64,28,36,富邦-台東,2024-04-19,9608
4563,百德,35,0,35,富邦-台東,2024-04-19,9608
00939,統一台灣高息動能,34,1,33,富邦-台東,2024-04-19,9608
2317,鴻海,44,11,33,富邦-台東,2024-04-19,9608
6770,力積電,37,5,32,富邦-台東,2024-04-19,9608
2101,南港,27,0,27,富邦-台東,2024-04-19,9608
2329,華泰,29,4,25,富邦-台東,2024-04-19,9608
2610,華航,27,3,24,富邦-台東,2024-04-19,9608
3703,欣陸,30,7,23,富邦-台東,2024-04-19,9608
6173,信昌電,22,0,22,富邦-台東,2024-04-19,9608
00878,國泰永續高股息,37,17,20,富邦-台東,2024-04-19,9608
5608,四維航,20,0,20,富邦-台東,2024-04-19,9608
2834,臺企銀,31,14,17,富邦-台東,2024-04-19,9608
2880,華南金,16,0,16,富邦-台東,2024-04-19,9608
2892,第一金,15,0,15,富邦-台東,2024-04-19,9608
2356,英業達,18,4,14,富邦-台東,2024-04-19,9608
2547,日勝生,14,0,14,富邦-台東,2024-04-19,9608
1605,華新,46,34,12,富邦-台東,2024-04-19,9608
2543,皇昌,13,1,12,富邦-台東,2024-04-19,9608
1504,東元,28,16,12,富邦-台東,2024-04-19,9608
1608,華榮,71,59,12,富邦-台東,2024-04-19,9608
00919,群益台灣精選高息,62,50,12,富邦-台東,2024-04-19,9608
2886,兆豐金,13,2,11,富邦-台東,2024-04-19,9608
2501,國建,47,36,11,富邦-台東,2024-04-19,9608
00888,永豐台灣ESG,11,0,11,富邦-台東,2024-04-19,9608
2365,昆盈,12,1,11,富邦-台東,2024-04-19,9608
8383,千附,12,1,11,富邦-台東,2024-04-19,9608
2363,矽統,20,10,10,富邦-台東,2024-04-19,9608
1529,樂事綠能,20,10,10,富邦-台東,2024-04-19,9608
2344,華邦電,13,3,10,富邦-台東,2024-04-19,9608
4157,太景*-KY,14,4,10,富邦-台東,2024-04-19,9608
912000,晨訊科-DR,10,0,10,富邦-台東,2024-04-19,9608
2354,鴻準,10,1,9,富邦-台東,2024-04-19,9608
00891,中信關鍵半導體,9,0,9,富邦-台東,2024-04-19,9608
2633,台灣高鐵,9,0,9,富邦-台東,2024-04-19,9608
2637,慧洋-KY,9,0,9,富邦-台東,2024-04-19,9608
2867,三商壽,12,3,9,富邦-台東,2024-04-19,9608
0050,元大台灣50,8,0,8,富邦-台東,2024-04-19,9608
00929,復華台灣科技優息,233,48,185,富邦-台東,2024-04-22,9608
1609,大亞,162,29,133,富邦-台東,2024-04-22,9608
00937B,群益ESG投等債20,112,0,112,富邦-台東,2024-04-22,9608
6443,元晶,113,1,112,富邦-台東,2024-04-22,9608
00919,群益台灣精選高息,99,16,83,富邦-台東,2024-04-22,9608
2371,大同,184,104,80,富邦-台東,2024-04-22,9608
2515,中工,160,81,79,富邦-台東,2024-04-22,9608
3231,緯創,73,14,59,富邦-台東,2024-04-22,9608
00940,元大台灣價值高息,90,32,58,富邦-台東,2024-04-22,9608
00939,統一台灣高息動能,46,5,41,富邦-台東,2024-04-22,9608
5512,力麒,42,9,33,富邦-台東,2024-04-22,9608
2610,華航,45,14,31,富邦-台東,2024-04-22,9608
2547,日勝生,34,5,29,富邦-台東,2024-04-22,9608
2303,聯電,28,3,25,富邦-台東,2024-04-22,9608
0056,元大高股息,23,0,23,富邦-台東,2024-04-22,9608
00679B,元大美債20年,35,13,22,富邦-台東,2024-04-22,9608
5529,鉅陞,20,1,19,富邦-台東,2024-04-22,9608
1605,華新,32,14,18,富邦-台東,2024-04-22,9608
00941,中信上游半導體,17,0,17,富邦-台東,2024-04-22,9608
2329,華泰,19,2,17,富邦-台東,2024-04-22,9608
4533,協易機,16,1,15,富邦-台東,2024-04-22,9608
8473,山林水,16,1,15,富邦-台東,2024-04-22,9608
00878,國泰永續高股息,13,0,13,富邦-台東,2024-04-22,9608
6770,力積電,13,0,13,富邦-台東,2024-04-22,9608
00891,中信關鍵半導體,14,1,13,富邦-台東,2024-04-22,9608
2409,友達,13,2,11,富邦-台東,2024-04-22,9608
3260,威剛,11,1,10,富邦-台東,2024-04-22,9608
3015,全漢,11,1,10,富邦-台東,2024-04-22,9608
5531,鄉林,10,0,10,富邦-台東,2024-04-22,9608
00931B,統一美債20年,8,0,8,富邦-台東,2024-04-22,9608
00680L,元大美債20正2,8,0,8,富邦-台東,2024-04-22,9608
1584,精剛,10,2,8,富邦-台東,2024-04-22,9608
2369,菱生,8,0,8,富邦-台東,2024-04-22,9608
3666,光耀,8,0,8,富邦-台東,2024-04-22,9608
8927,北基,8,0,8,富邦-台東,2024-04-22,9608
2317,鴻海,11,4,7,富邦-台東,2024-04-22,9608
00688L,國泰20年美債正2,7,0,7,富邦-台東,2024-04-22,9608
1529,樂事綠能,10,3,7,富邦-台東,2024-04-22,9608
2009,第一銅,22,15,7,富邦-台東,2024-04-22,9608
3703,欣陸,23,16,7,富邦-台東,2024-04-22,9608
00687B,國泰20年美債,6,0,6,富邦-台東,2024-04-22,9608
6742,澤米,6,0,6,富邦-台東,2024-04-22,9608
2546,根基,7,1,6,富邦-台東,2024-04-22,9608
1513,中興電,15,10,5,富邦-台東,2024-04-22,9608
1618,合機,8,3,5,富邦-台東,2024-04-22,9608
2027,大成鋼,5,0,5,富邦-台東,2024-04-22,9608
2331,精英,5,0,5,富邦-台東,2024-04-22,9608
2634,漢翔,10,5,5,富邦-台東,2024-04-22,9608
3060,銘異,5,0,5,富邦-台東,2024-04-22,9608
3444,利機,5,0,5,富邦-台東,2024-04-22,9608
2883,凱基金,100,0,100,富邦-台東,2024-04-23,9608
00940,元大台灣價值高息,80,10,70,富邦-台東,2024-04-23,9608
00929,復華台灣科技優息,44,2,42,富邦-台東,2024-04-23,9608
2867,三商壽,30,0,30,富邦-台東,2024-04-23,9608
2301,光寶科,27,1,26,富邦-台東,2024-04-23,9608
3706,神達,20,0,20,富邦-台東,2024-04-23,9608
2618,長榮航,49,29,20,富邦-台東,2024-04-23,9608
3024,憶聲,20,4,16,富邦-台東,2024-04-23,9608
00878,國泰永續高股息,23,7,16,富邦-台東,2024-04-23,9608
2367,燿華,18,3,15,富邦-台東,2024-04-23,9608
2610,華航,20,5,15,富邦-台東,2024-04-23,9608
4961,天鈺,15,0,15,富邦-台東,2024-04-23,9608
2374,佳能,20,7,13,富邦-台東,2024-04-23,9608
00688L,國泰20年美債正2,15,3,12,富邦-台東,2024-04-23,9608
2303,聯電,12,1,11,富邦-台東,2024-04-23,9608
1440,南紡,14,3,11,富邦-台東,2024-04-23,9608
2369,菱生,11,0,11,富邦-台東,2024-04-23,9608
6282,康舒,21,10,11,富邦-台東,2024-04-23,9608
2537,聯上發,10,0,10,富邦-台東,2024-04-23,9608
4167,松瑞藥,10,0,10,富邦-台東,2024-04-23,9608
5529,鉅陞,10,0,10,富邦-台東,2024-04-23,9608
00939,統一台灣高息動能,9,0,9,富邦-台東,2024-04-23,9608
1618,合機,11,2,9,富邦-台東,2024-04-23,9608
3013,晟銘電,16,8,8,富邦-台東,2024-04-23,9608
00937B,群益ESG投等債20,13,5,8,富邦-台東,2024-04-23,9608
6125,廣運,13,5,8,富邦-台東,2024-04-23,9608
2515,中工,52,44,8,富邦-台東,2024-04-23,9608
2317,鴻海,8,1,7,富邦-台東,2024-04-23,9608
00919,群益台灣精選高息,6,0,6,富邦-台東,2024-04-23,9608
1409,新纖,10,4,6,富邦-台東,2024-04-23,9608
1316,上曜,2582,2576,6,富邦-台東,2024-04-23,9608
3617,碩天,6,0,6,富邦-台東,2024-04-23,9608
2881,富邦金,5,0,5,富邦-台東,2024-04-23,9608
1810,和成,5,0,5,富邦-台東,2024-04-23,9608
2882,國泰金,5,0,5,富邦-台東,2024-04-23,9608
5512,力麒,9,4,5,富邦-台東,2024-04-23,9608
6143,振曜,5,0,5,富邦-台東,2024-04-23,9608
8147,正淩,5,0,5,富邦-台東,2024-04-23,9608
2308,台達電,5,0,5,富邦-台東,2024-04-23,9608
0056,元大高股息,10,5,5,富邦-台東,2024-04-23,9608
00733,富邦臺灣中小,4,0,4,富邦-台東,2024-04-23,9608
1608,華榮,9,5,4,富邦-台東,2024-04-23,9608
2539,櫻花建,4,0,4,富邦-台東,2024-04-23,9608
3313,斐成,5,1,4,富邦-台東,2024-04-23,9608
3624,光頡,4,0,4,富邦-台東,2024-04-23,9608
8936,國統,12,8,4,富邦-台東,2024-04-23,9608
1513,中興電,16,13,3,富邦-台東,2024-04-23,9608
00941,中信上游半導體,3,0,3,富邦-台東,2024-04-23,9608
00757,統一FANG+,3,0,3,富邦-台東,2024-04-23,9608
1603,華電,3,0,3,富邦-台東,2024-04-23,9608
00632R,元大台灣50反1,314,40,274,富邦-台東,2024-04-24,9608
3338,泰碩,241,0,241,富邦-台東,2024-04-24,9608
8358,金居,53,0,53,富邦-台東,2024-04-24,9608
2501,國建,68,28,40,富邦-台東,2024-04-24,9608
00929,復華台灣科技優息,39,6,33,富邦-台東,2024-04-24,9608
1717,長興,30,0,30,富邦-台東,2024-04-24,9608
2515,中工,90,61,29,富邦-台東,2024-04-24,9608
00679B,元大美債20年,28,0,28,富邦-台東,2024-04-24,9608
3042,晶技,27,1,26,富邦-台東,2024-04-24,9608
9933,中鼎,20,0,20,富邦-台東,2024-04-24,9608
1616,億泰,17,0,17,富邦-台東,2024-04-24,9608
3483,力致,18,1,17,富邦-台東,2024-04-24,9608
00902,中信電池及儲能,10,0,10,富邦-台東,2024-04-24,9608
1810,和成,10,0,10,富邦-台東,2024-04-24,9608
2105,正新,10,0,10,富邦-台東,2024-04-24,9608
2489,瑞軒,10,0,10,富邦-台東,2024-04-24,9608
3015,全漢,10,0,10,富邦-台東,2024-04-24,9608
2834,臺企銀,10,0,10,富邦-台東,2024-04-24,9608
00937B,群益ESG投等債20,9,0,9,富邦-台東,2024-04-24,9608
3703,欣陸,15,6,9,富邦-台東,2024-04-24,9608
00896,中信綠能及電動車,8,0,8,富邦-台東,2024-04-24,9608
2736,富野,10,2,8,富邦-台東,2024-04-24,9608
2374,佳能,18,11,7,富邦-台東,2024-04-24,9608
3548,兆利,7,0,7,富邦-台東,2024-04-24,9608
6505,台塑化,7,0,7,富邦-台東,2024-04-24,9608
00919,群益台灣精選高息,7,1,6,富邦-台東,2024-04-24,9608
1316,上曜,12,6,6,富邦-台東,2024-04-24,9608
2347,聯強,5,0,5,富邦-台東,2024-04-24,9608
0056,元大高股息,5,0,5,富邦-台東,2024-04-24,9608
5483,中美晶,6,1,5,富邦-台東,2024-04-24,9608
00688L,國泰20年美債正2,5,0,5,富邦-台東,2024-04-24,9608
1101,台泥,5,0,5,富邦-台東,2024-04-24,9608
2009,第一銅,5,0,5,富邦-台東,2024-04-24,9608
2509,全坤建,5,0,5,富邦-台東,2024-04-24,9608
4720,德淵,5,0,5,富邦-台東,2024-04-24,9608
4768,晶呈科技,5,0,5,富邦-台東,2024-04-24,9608
4770,上品,5,0,5,富邦-台東,2024-04-24,9608
6167,久正,5,0,5,富邦-台東,2024-04-24,9608
6859,伯特光,5,0,5,富邦-台東,2024-04-24,9608
9904,寶成,5,0,5,富邦-台東,2024-04-24,9608
6213,聯茂,7,3,4,富邦-台東,2024-04-24,9608
1618,合機,9,5,4,富邦-台東,2024-04-24,9608
1605,華新,11,7,4,富邦-台東,2024-04-24,9608
6443,元晶,5,1,4,富邦-台東,2024-04-24,9608
2886,兆豐金,5,1,4,富邦-台東,2024-04-24,9608
1216,統一,3,0,3,富邦-台東,2024-04-24,9608
2308,台達電,3,0,3,富邦-台東,2024-04-24,9608
00751B,元大AAA至A公司債,3,0,3,富邦-台東,2024-04-24,9608
1439,雋揚,3,0,3,富邦-台東,2024-04-24,9608
1612,宏泰,10,7,3,富邦-台東,2024-04-24,9608
00937B,群益ESG投等債20,119,0,119,富邦-台東,2024-04-25,9608
00632R,元大台灣50反1,200,83,117,富邦-台東,2024-04-25,9608
2301,光寶科,102,10,92,富邦-台東,2024-04-25,9608
2515,中工,214,148,66,富邦-台東,2024-04-25,9608
00940,元大台灣價值高息,34,2,32,富邦-台東,2024-04-25,9608
00857B,永豐20年美公債,26,0,26,富邦-台東,2024-04-25,9608
9933,中鼎,26,0,26,富邦-台東,2024-04-25,9608
3013,晟銘電,38,13,25,富邦-台東,2024-04-25,9608
2801,彰銀,29,5,24,富邦-台東,2024-04-25,9608
2618,長榮航,52,28,24,富邦-台東,2024-04-25,9608
1101,台泥,22,0,22,富邦-台東,2024-04-25,9608
00687B,國泰20年美債,17,0,17,富邦-台東,2024-04-25,9608
2527,宏璟,17,0,17,富邦-台東,2024-04-25,9608
4532,瑞智,22,10,12,富邦-台東,2024-04-25,9608
00878,國泰永續高股息,12,0,12,富邦-台東,2024-04-25,9608
2362,藍天,14,3,11,富邦-台東,2024-04-25,9608
00919,群益台灣精選高息,10,0,10,富邦-台東,2024-04-25,9608
2498,宏達電,10,0,10,富邦-台東,2024-04-25,9608
1584,精剛,10,0,10,富邦-台東,2024-04-25,9608
2023,燁輝,10,0,10,富邦-台東,2024-04-25,9608
2409,友達,10,0,10,富邦-台東,2024-04-25,9608
5529,鉅陞,10,0,10,富邦-台東,2024-04-25,9608
2303,聯電,12,3,9,富邦-台東,2024-04-25,9608
1605,華新,11,2,9,富邦-台東,2024-04-25,9608
2534,宏盛,9,0,9,富邦-台東,2024-04-25,9608
3231,緯創,10,1,9,富邦-台東,2024-04-25,9608
00941,中信上游半導體,8,0,8,富邦-台東,2024-04-25,9608
2204,中華,14,6,8,富邦-台東,2024-04-25,9608
3056,富華新,8,0,8,富邦-台東,2024-04-25,9608
3703,欣陸,13,5,8,富邦-台東,2024-04-25,9608
6770,力積電,8,0,8,富邦-台東,2024-04-25,9608
8089,康全電訊,155,147,8,富邦-台東,2024-04-25,9608
1532,勤美,10,3,7,富邦-台東,2024-04-25,9608
1905,華紙,7,0,7,富邦-台東,2024-04-25,9608
3711,日月光投控,7,0,7,富邦-台東,2024-04-25,9608
00931B,統一美債20年,6,0,6,富邦-台東,2024-04-25,9608
00885,富邦越南,6,0,6,富邦-台東,2024-04-25,9608
00680L,元大美債20正2,6,0,6,富邦-台東,2024-04-25,9608
1815,富喬,6,0,6,富邦-台東,2024-04-25,9608
6190,萬泰科,6,0,6,富邦-台東,2024-04-25,9608
2347,聯強,6,0,6,富邦-台東,2024-04-25,9608
2014,中鴻,5,0,5,富邦-台東,2024-04-25,9608
2025,千興,5,0,5,富邦-台東,2024-04-25,9608
2344,華邦電,5,0,5,富邦-台東,2024-04-25,9608
2836,高雄銀,5,0,5,富邦-台東,2024-04-25,9608
3715,定穎投控,7,2,5,富邦-台東,2024-04-25,9608
4303,信立,7,2,5,富邦-台東,2024-04-25,9608
2363,矽統,7,2,5,富邦-台東,2024-04-25,9608
00679B,元大美債20年,4,0,4,富邦-台東,2024-04-25,9608
6462,神盾,16,12,4,富邦-台東,2024-04-25,9608
00632R,元大台灣50反1,407,0,407,富邦-台東,2024-04-26,9608
1609,大亞,114,43,71,富邦-台東,2024-04-26,9608
2371,大同,50,19,31,富邦-台東,2024-04-26,9608
00679B,元大美債20年,31,0,31,富邦-台東,2024-04-26,9608
00857B,永豐20年美公債,25,0,25,富邦-台東,2024-04-26,9608
3483,力致,26,2,24,富邦-台東,2024-04-26,9608
00929,復華台灣科技優息,23,1,22,富邦-台東,2024-04-26,9608
4714,永捷,21,0,21,富邦-台東,2024-04-26,9608
3013,晟銘電,77,59,18,富邦-台東,2024-04-26,9608
00919,群益台灣精選高息,17,0,17,富邦-台東,2024-04-26,9608
00937B,群益ESG投等債20,16,0,16,富邦-台東,2024-04-26,9608
1314,中石化,21,6,15,富邦-台東,2024-04-26,9608
1101,台泥,14,0,14,富邦-台東,2024-04-26,9608
3231,緯創,17,4,13,富邦-台東,2024-04-26,9608
2501,國建,42,30,12,富邦-台東,2024-04-26,9608
2527,宏璟,11,1,10,富邦-台東,2024-04-26,9608
00687B,國泰20年美債,10,0,10,富邦-台東,2024-04-26,9608
2885,元大金,10,0,10,富邦-台東,2024-04-26,9608
2891,中信金,10,0,10,富邦-台東,2024-04-26,9608
5009,榮剛,10,0,10,富邦-台東,2024-04-26,9608
6217,中探針,15,5,10,富邦-台東,2024-04-26,9608
6264,富裔,10,0,10,富邦-台東,2024-04-26,9608
912000,晨訊科-DR,10,0,10,富邦-台東,2024-04-26,9608
2545,皇翔,10,0,10,富邦-台東,2024-04-26,9608
1513,中興電,12,3,9,富邦-台東,2024-04-26,9608
3234,光環,22,13,9,富邦-台東,2024-04-26,9608
1529,樂事綠能,12,3,9,富邦-台東,2024-04-26,9608
1440,南紡,47,38,9,富邦-台東,2024-04-26,9608
6425,易發,9,0,9,富邦-台東,2024-04-26,9608
8358,金居,10,1,9,富邦-台東,2024-04-26,9608
2892,第一金,8,0,8,富邦-台東,2024-04-26,9608
00680L,元大美債20正2,8,0,8,富邦-台東,2024-04-26,9608
5210,寶碩,8,0,8,富邦-台東,2024-04-26,9608
6005,群益證,8,0,8,富邦-台東,2024-04-26,9608
2367,燿華,7,0,7,富邦-台東,2024-04-26,9608
4909,新復興,7,0,7,富邦-台東,2024-04-26,9608
2359,所羅門,29,24,5,富邦-台東,2024-04-26,9608
6712,長聖,6,1,5,富邦-台東,2024-04-26,9608
6186,新潤,5,0,5,富邦-台東,2024-04-26,9608
3037,欣興,10,5,5,富邦-台東,2024-04-26,9608
00752,中信中國50,5,0,5,富邦-台東,2024-04-26,9608
1467,南緯,5,0,5,富邦-台東,2024-04-26,9608
1584,精剛,5,0,5,富邦-台東,2024-04-26,9608
1605,華新,7,2,5,富邦-台東,2024-04-26,9608
2356,英業達,6,1,5,富邦-台東,2024-04-26,9608
2505,國揚,5,0,5,富邦-台東,2024-04-26,9608
3052,夆典,5,0,5,富邦-台東,2024-04-26,9608
3224,三顧,5,0,5,富邦-台東,2024-04-26,9608
3363,上詮,14,9,5,富邦-台東,2024-04-26,9608
3372,典範,5,0,5,富邦-台東,2024-04-26,9608
3234,光環,83,3,80,富邦-台東,2024-04-29,9608
3042,晶技,60,0,60,富邦-台東,2024-04-29,9608
00940,元大台灣價值高息,62,22,40,富邦-台東,2024-04-29,9608
9902,台火,34,2,32,富邦-台東,2024-04-29,9608
2736,富野,50,20,30,富邦-台東,2024-04-29,9608
00857B,永豐20年美公債,27,0,27,富邦-台東,2024-04-29,9608
2883,凱基金,39,15,24,富邦-台東,2024-04-29,9608
3024,憶聲,22,0,22,富邦-台東,2024-04-29,9608
2801,彰銀,20,0,20,富邦-台東,2024-04-29,9608
00937B,群益ESG投等債20,19,0,19,富邦-台東,2024-04-29,9608
2618,長榮航,74,56,18,富邦-台東,2024-04-29,9608
00929,復華台灣科技優息,21,3,18,富邦-台東,2024-04-29,9608
5706,鳳凰,17,0,17,富邦-台東,2024-04-29,9608
1907,永豐餘,38,23,15,富邦-台東,2024-04-29,9608
6438,迅得,19,5,14,富邦-台東,2024-04-29,9608
1440,南紡,29,16,13,富邦-台東,2024-04-29,9608
2204,中華,12,0,12,富邦-台東,2024-04-29,9608
1446,宏和,12,0,12,富邦-台東,2024-04-29,9608
2834,臺企銀,32,21,11,富邦-台東,2024-04-29,9608
1608,華榮,13,3,10,富邦-台東,2024-04-29,9608
2461,光群雷,10,0,10,富邦-台東,2024-04-29,9608
8358,金居,10,0,10,富邦-台東,2024-04-29,9608
2610,華航,26,17,9,富邦-台東,2024-04-29,9608
2363,矽統,24,16,8,富邦-台東,2024-04-29,9608
00687B,國泰20年美債,8,0,8,富邦-台東,2024-04-29,9608
2527,宏璟,8,0,8,富邦-台東,2024-04-29,9608
3056,富華新,8,0,8,富邦-台東,2024-04-29,9608
3264,欣銓,10,2,8,富邦-台東,2024-04-29,9608
3483,力致,23,15,8,富邦-台東,2024-04-29,9608
6550,北極星藥業-KY,8,0,8,富邦-台東,2024-04-29,9608
1218,泰山,7,0,7,富邦-台東,2024-04-29,9608
2032,新鋼,7,0,7,富邦-台東,2024-04-29,9608
2104,國際中橡,7,0,7,富邦-台東,2024-04-29,9608
2371,大同,37,30,7,富邦-台東,2024-04-29,9608
1560,中砂,8,2,6,富邦-台東,2024-04-29,9608
1702,南僑,7,1,6,富邦-台東,2024-04-29,9608
2359,所羅門,26,20,6,富邦-台東,2024-04-29,9608
1584,精剛,5,0,5,富邦-台東,2024-04-29,9608
2545,皇翔,5,0,5,富邦-台東,2024-04-29,9608
2449,京元電子,8,3,5,富邦-台東,2024-04-29,9608
00899,FT潔淨能源,5,0,5,富邦-台東,2024-04-29,9608
2014,中鴻,8,3,5,富邦-台東,2024-04-29,9608
2489,瑞軒,5,0,5,富邦-台東,2024-04-29,9608
2605,新興,9,4,5,富邦-台東,2024-04-29,9608
2885,元大金,5,0,5,富邦-台東,2024-04-29,9608
3260,威剛,5,0,5,富邦-台東,2024-04-29,9608
3338,泰碩,5,0,5,富邦-台東,2024-04-29,9608
4303,信立,5,0,5,富邦-台東,2024-04-29,9608
5351,鈺創,5,0,5,富邦-台東,2024-04-29,9608
6143,振曜,5,0,5,富邦-台東,2024-04-29,9608
4526,東台,2266,1171,1095,富邦-台東,2024-04-30,9608
2316,楠梓電,267,11,256,富邦-台東,2024-04-30,9608
2915,潤泰全,100,0,100,富邦-台東,2024-04-30,9608
2515,中工,72,15,57,富邦-台東,2024-04-30,9608
2618,長榮航,52,12,40,富邦-台東,2024-04-30,9608
1584,精剛,36,0,36,富邦-台東,2024-04-30,9608
8404,百和興業-KY,30,0,30,富邦-台東,2024-04-30,9608
2363,矽統,45,19,26,富邦-台東,2024-04-30,9608
2801,彰銀,26,0,26,富邦-台東,2024-04-30,9608
2371,大同,45,20,25,富邦-台東,2024-04-30,9608
00929,復華台灣科技優息,22,0,22,富邦-台東,2024-04-30,9608
4938,和碩,20,0,20,富邦-台東,2024-04-30,9608
2547,日勝生,20,3,17,富邦-台東,2024-04-30,9608
6189,豐藝,16,0,16,富邦-台東,2024-04-30,9608
00632R,元大台灣50反1,15,0,15,富邦-台東,2024-04-30,9608
1101,台泥,13,0,13,富邦-台東,2024-04-30,9608
5210,寶碩,12,0,12,富邦-台東,2024-04-30,9608
00919,群益台灣精選高息,19,8,11,富邦-台東,2024-04-30,9608
2880,華南金,26,15,11,富邦-台東,2024-04-30,9608
00940,元大台灣價值高息,15,4,11,富邦-台東,2024-04-30,9608
2409,友達,10,0,10,富邦-台東,2024-04-30,9608
6770,力積電,10,0,10,富邦-台東,2024-04-30,9608
00799B,國泰A級醫療債,10,0,10,富邦-台東,2024-04-30,9608
1810,和成,10,0,10,富邦-台東,2024-04-30,9608
2402,毅嘉,10,0,10,富邦-台東,2024-04-30,9608
2498,宏達電,10,0,10,富邦-台東,2024-04-30,9608
2634,漢翔,12,2,10,富邦-台東,2024-04-30,9608
3042,晶技,10,0,10,富邦-台東,2024-04-30,9608
6875,國邑*,10,0,10,富邦-台東,2024-04-30,9608
2401,凌陽,13,3,10,富邦-台東,2024-04-30,9608
00923,群益台ESG低碳50,9,0,9,富邦-台東,2024-04-30,9608
2883,凱基金,10,1,9,富邦-台東,2024-04-30,9608
1316,上曜,13,5,8,富邦-台東,2024-04-30,9608
2836,高雄銀,8,0,8,富邦-台東,2024-04-30,9608
00927,群益半導體收益,7,0,7,富邦-台東,2024-04-30,9608
3234,光環,9,2,7,富邦-台東,2024-04-30,9608
4915,致伸,10,3,7,富邦-台東,2024-04-30,9608
6223,旺矽,7,0,7,富邦-台東,2024-04-30,9608
1314,中石化,51,45,6,富邦-台東,2024-04-30,9608
2481,強茂,6,0,6,富邦-台東,2024-04-30,9608
5230,雷笛克光學,6,0,6,富邦-台東,2024-04-30,9608
6143,振曜,8,2,6,富邦-台東,2024-04-30,9608
6509,聚和,6,0,6,富邦-台東,2024-04-30,9608
8033,雷虎,7,1,6,富邦-台東,2024-04-30,9608
2609,陽明,15,9,6,富邦-台東,2024-04-30,9608
2449,京元電子,11,6,5,富邦-台東,2024-04-30,9608
2014,中鴻,10,5,5,富邦-台東,2024-04-30,9608
2061,風青,5,0,5,富邦-台東,2024-04-30,9608
2233,宇隆,5,0,5,富邦-台東,2024-04-30,9608
2367,燿華,13,8,5,富邦-台東,2024-04-30,9608
00665L,富邦�琤肭磪囓�2,100,0,100,富邦-台東,2024-05-02,9608
2501,國建,201,120,81,富邦-台東,2024-05-02,9608
00637L,元大滬深300正2,80,0,80,富邦-台東,2024-05-02,9608
2610,華航,111,33,78,富邦-台東,2024-05-02,9608
3706,神達,50,0,50,富邦-台東,2024-05-02,9608
00632R,元大台灣50反1,65,20,45,富邦-台東,2024-05-02,9608
2301,光寶科,41,1,40,富邦-台東,2024-05-02,9608
00878,國泰永續高股息,33,0,33,富邦-台東,2024-05-02,9608
2515,中工,33,9,24,富邦-台東,2024-05-02,9608
00929,復華台灣科技優息,26,3,23,富邦-台東,2024-05-02,9608
2323,中環,30,7,23,富邦-台東,2024-05-02,9608
2363,矽統,27,5,22,富邦-台東,2024-05-02,9608
3481,群創,24,3,21,富邦-台東,2024-05-02,9608
3483,力致,22,2,20,富邦-台東,2024-05-02,9608
00650L,復華香港正2,20,0,20,富邦-台東,2024-05-02,9608
2834,臺企銀,20,1,19,富邦-台東,2024-05-02,9608
9933,中鼎,20,1,19,富邦-台東,2024-05-02,9608
2401,凌陽,18,0,18,富邦-台東,2024-05-02,9608
5519,隆大,21,5,16,富邦-台東,2024-05-02,9608
3711,日月光投控,16,1,15,富邦-台東,2024-05-02,9608
2542,興富發,15,2,13,富邦-台東,2024-05-02,9608
2324,仁寶,11,0,11,富邦-台東,2024-05-02,9608
2330,台積電,12,1,11,富邦-台東,2024-05-02,9608
4726,永昕,10,0,10,富邦-台東,2024-05-02,9608
6438,迅得,10,0,10,富邦-台東,2024-05-02,9608
2883,凱基金,10,0,10,富邦-台東,2024-05-02,9608
2609,陽明,58,49,9,富邦-台東,2024-05-02,9608
00882,中信中國高股息,20,11,9,富邦-台東,2024-05-02,9608
2344,華邦電,14,5,9,富邦-台東,2024-05-02,9608
2534,宏盛,9,0,9,富邦-台東,2024-05-02,9608
00919,群益台灣精選高息,12,4,8,富邦-台東,2024-05-02,9608
6214,精誠,8,0,8,富邦-台東,2024-05-02,9608
00941,中信上游半導體,8,0,8,富邦-台東,2024-05-02,9608
00931B,統一美債20年,8,0,8,富邦-台東,2024-05-02,9608
3049,精金,10,2,8,富邦-台東,2024-05-02,9608
1618,合機,7,0,7,富邦-台東,2024-05-02,9608
1217,愛之味,7,0,7,富邦-台東,2024-05-02,9608
2615,萬海,7,1,6,富邦-台東,2024-05-02,9608
1503,士電,7,1,6,富邦-台東,2024-05-02,9608
00687B,國泰20年美債,6,0,6,富邦-台東,2024-05-02,9608
00881,國泰台灣5G+,6,0,6,富邦-台東,2024-05-02,9608
00935,野村臺灣新科技50,6,0,6,富邦-台東,2024-05-02,9608
2527,宏璟,6,0,6,富邦-台東,2024-05-02,9608
3287,廣寰科,28,22,6,富邦-台東,2024-05-02,9608
8442,威宏-KY,6,0,6,富邦-台東,2024-05-02,9608
3466,德晉,6,0,6,富邦-台東,2024-05-02,9608
6190,萬泰科,6,1,5,富邦-台東,2024-05-02,9608
8064,東捷,8,3,5,富邦-台東,2024-05-02,9608
1609,大亞,26,21,5,富邦-台東,2024-05-02,9608
00937B,群益ESG投等債20,5,0,5,富邦-台東,2024-05-02,9608
2501,國建,194,112,82,富邦-台東,2024-05-03,9608
6668,中揚光,77,0,77,富邦-台東,2024-05-03,9608
2515,中工,45,7,38,富邦-台東,2024-05-03,9608
3013,晟銘電,48,14,34,富邦-台東,2024-05-03,9608
00679B,元大美債20年,32,0,32,富邦-台東,2024-05-03,9608
00929,復華台灣科技優息,37,6,31,富邦-台東,2024-05-03,9608
3363,上詮,47,17,30,富邦-台東,2024-05-03,9608
00937B,群益ESG投等債20,27,0,27,富邦-台東,2024-05-03,9608
2634,漢翔,27,0,27,富邦-台東,2024-05-03,9608
2542,興富發,23,3,20,富邦-台東,2024-05-03,9608
3042,晶技,30,10,20,富邦-台東,2024-05-03,9608
3466,德晉,25,5,20,富邦-台東,2024-05-03,9608
8099,大世科,20,0,20,富邦-台東,2024-05-03,9608
1101,台泥,31,12,19,富邦-台東,2024-05-03,9608
4958,臻鼎-KY,18,0,18,富邦-台東,2024-05-03,9608
00878,國泰永續高股息,19,2,17,富邦-台東,2024-05-03,9608
3706,神達,16,0,16,富邦-台東,2024-05-03,9608
2609,陽明,21,6,15,富邦-台東,2024-05-03,9608
1810,和成,15,0,15,富邦-台東,2024-05-03,9608
2344,華邦電,15,0,15,富邦-台東,2024-05-03,9608
3512,皇龍,15,0,15,富邦-台東,2024-05-03,9608
5512,力麒,119,105,14,富邦-台東,2024-05-03,9608
6742,澤米,13,0,13,富邦-台東,2024-05-03,9608
1609,大亞,19,6,13,富邦-台東,2024-05-03,9608
3122,笙泉,12,0,12,富邦-台東,2024-05-03,9608
3231,緯創,12,1,11,富邦-台東,2024-05-03,9608
1316,上曜,30,19,11,富邦-台東,2024-05-03,9608
2363,矽統,25,14,11,富邦-台東,2024-05-03,9608
8927,北基,11,0,11,富邦-台東,2024-05-03,9608
2371,大同,35,25,10,富邦-台東,2024-05-03,9608
00850,元大臺灣ESG永續,10,0,10,富邦-台東,2024-05-03,9608
5488,松普,10,0,10,富邦-台東,2024-05-03,9608
6163,華電網,10,0,10,富邦-台東,2024-05-03,9608
8092,建暐,10,0,10,富邦-台東,2024-05-03,9608
2313,華通,10,0,10,富邦-台東,2024-05-03,9608
2603,長榮,10,1,9,富邦-台東,2024-05-03,9608
6875,國邑*,9,0,9,富邦-台東,2024-05-03,9608
4807,日成-KY,9,1,8,富邦-台東,2024-05-03,9608
6120,達運,8,0,8,富邦-台東,2024-05-03,9608
00933B,國泰10Y+金融債,7,0,7,富邦-台東,2024-05-03,9608
2329,華泰,19,12,7,富邦-台東,2024-05-03,9608
4164,承業醫,8,1,7,富邦-台東,2024-05-03,9608
6282,康舒,7,0,7,富邦-台東,2024-05-03,9608
00706L,期元大S＆P日圓正2,10,4,6,富邦-台東,2024-05-03,9608
3483,力致,7,1,6,富邦-台東,2024-05-03,9608
3707,漢磊,6,0,6,富邦-台東,2024-05-03,9608
8112,至上,7,1,6,富邦-台東,2024-05-03,9608
1514,亞力,11,5,6,富邦-台東,2024-05-03,9608
1218,泰山,5,0,5,富邦-台東,2024-05-03,9608
2332,友訊,5,0,5,富邦-台東,2024-05-03,9608
00632R,元大台灣50反1,116,0,116,富邦-台東,2024-05-06,9608
1612,宏泰,74,3,71,富邦-台東,2024-05-06,9608
00940,元大台灣價值高息,77,6,71,富邦-台東,2024-05-06,9608
00929,復華台灣科技優息,62,0,62,富邦-台東,2024-05-06,9608
00937B,群益ESG投等債20,66,4,62,富邦-台東,2024-05-06,9608
9945,潤泰新,55,11,44,富邦-台東,2024-05-06,9608
00857B,永豐20年美公債,40,0,40,富邦-台東,2024-05-06,9608
2501,國建,84,46,38,富邦-台東,2024-05-06,9608
8927,北基,41,9,32,富邦-台東,2024-05-06,9608
00720B,元大投資級公司債,31,0,31,富邦-台東,2024-05-06,9608
1316,上曜,31,6,25,富邦-台東,2024-05-06,9608
00878,國泰永續高股息,24,2,22,富邦-台東,2024-05-06,9608
00722B,群益投資級電信債,21,0,21,富邦-台東,2024-05-06,9608
2201,裕隆,21,0,21,富邦-台東,2024-05-06,9608
00650L,復華香港正2,20,0,20,富邦-台東,2024-05-06,9608
2520,冠德,19,0,19,富邦-台東,2024-05-06,9608
2328,廣宇,23,4,19,富邦-台東,2024-05-06,9608
3483,力致,21,3,18,富邦-台東,2024-05-06,9608
4714,永捷,21,3,18,富邦-台東,2024-05-06,9608
2834,臺企銀,24,6,18,富邦-台東,2024-05-06,9608
3666,光耀,17,0,17,富邦-台東,2024-05-06,9608
00679B,元大美債20年,20,4,16,富邦-台東,2024-05-06,9608
2363,矽統,21,5,16,富邦-台東,2024-05-06,9608
00919,群益台灣精選高息,13,0,13,富邦-台東,2024-05-06,9608
6173,信昌電,28,15,13,富邦-台東,2024-05-06,9608
6770,力積電,26,14,12,富邦-台東,2024-05-06,9608
2515,中工,14,2,12,富邦-台東,2024-05-06,9608
5521,工信,16,5,11,富邦-台東,2024-05-06,9608
2449,京元電子,25,14,11,富邦-台東,2024-05-06,9608
2337,旺宏,11,1,10,富邦-台東,2024-05-06,9608
2352,佳世達,10,0,10,富邦-台東,2024-05-06,9608
1437,勤益控,10,0,10,富邦-台東,2024-05-06,9608
2014,中鴻,10,0,10,富邦-台東,2024-05-06,9608
2637,慧洋-KY,10,0,10,富邦-台東,2024-05-06,9608
3051,力特,15,5,10,富邦-台東,2024-05-06,9608
6443,元晶,10,0,10,富邦-台東,2024-05-06,9608
2618,長榮航,54,46,8,富邦-台東,2024-05-06,9608
4303,信立,20,12,8,富邦-台東,2024-05-06,9608
2371,大同,20,12,8,富邦-台東,2024-05-06,9608
6215,和椿,8,1,7,富邦-台東,2024-05-06,9608
2359,所羅門,9,3,6,富邦-台東,2024-05-06,9608
2545,皇翔,16,10,6,富邦-台東,2024-05-06,9608
00633L,富邦上証正2,6,0,6,富邦-台東,2024-05-06,9608
2538,基泰,8,2,6,富邦-台東,2024-05-06,9608
3010,華立,6,0,6,富邦-台東,2024-05-06,9608
3354,律勝,6,0,6,富邦-台東,2024-05-06,9608
6182,合晶,6,0,6,富邦-台東,2024-05-06,9608
6875,國邑*,6,0,6,富邦-台東,2024-05-06,9608
1532,勤美,10,5,5,富邦-台東,2024-05-06,9608
00676R,富邦臺灣加權反1,10,5,5,富邦-台東,2024-05-06,9608
3013,晟銘電,714,43,671,富邦-台東,2024-05-07,9608
2851,中再保,164,0,164,富邦-台東,2024-05-07,9608
00632R,元大台灣50反1,175,95,80,富邦-台東,2024-05-07,9608
2014,中鴻,52,0,52,富邦-台東,2024-05-07,9608
3706,神達,41,1,40,富邦-台東,2024-05-07,9608
2618,長榮航,44,5,39,富邦-台東,2024-05-07,9608
00929,復華台灣科技優息,41,6,35,富邦-台東,2024-05-07,9608
00937B,群益ESG投等債20,36,2,34,富邦-台東,2024-05-07,9608
6125,廣運,29,0,29,富邦-台東,2024-05-07,9608
5498,凱崴,29,1,28,富邦-台東,2024-05-07,9608
2834,臺企銀,26,0,26,富邦-台東,2024-05-07,9608
00878,國泰永續高股息,25,0,25,富邦-台東,2024-05-07,9608
3466,德晉,31,9,22,富邦-台東,2024-05-07,9608
1316,上曜,24,4,20,富邦-台東,2024-05-07,9608
2891,中信金,21,2,19,富邦-台東,2024-05-07,9608
3622,洋華,17,0,17,富邦-台東,2024-05-07,9608
2329,華泰,16,0,16,富邦-台東,2024-05-07,9608
2883,凱基金,15,0,15,富邦-台東,2024-05-07,9608
3033,威健,13,2,11,富邦-台東,2024-05-07,9608
3356,奇偶,11,0,11,富邦-台東,2024-05-07,9608
8210,勤誠,11,0,11,富邦-台東,2024-05-07,9608
00650L,復華香港正2,10,0,10,富邦-台東,2024-05-07,9608
2888,新光金,21,11,10,富邦-台東,2024-05-07,9608
6188,廣明,12,3,9,富邦-台東,2024-05-07,9608
1437,勤益控,9,0,9,富邦-台東,2024-05-07,9608
1612,宏泰,15,7,8,富邦-台東,2024-05-07,9608
2023,燁輝,8,0,8,富邦-台東,2024-05-07,9608
00933B,國泰10Y+金融債,7,0,7,富邦-台東,2024-05-07,9608
2356,英業達,7,0,7,富邦-台東,2024-05-07,9608
2464,盟立,11,4,7,富邦-台東,2024-05-07,9608
6190,萬泰科,7,0,7,富邦-台東,2024-05-07,9608
6550,北極星藥業-KY,8,1,7,富邦-台東,2024-05-07,9608
00919,群益台灣精選高息,10,3,7,富邦-台東,2024-05-07,9608
3062,建漢,6,0,6,富邦-台東,2024-05-07,9608
5519,隆大,6,0,6,富邦-台東,2024-05-07,9608
5521,工信,41,35,6,富邦-台東,2024-05-07,9608
6282,康舒,8,2,6,富邦-台東,2024-05-07,9608
1609,大亞,35,29,6,富邦-台東,2024-05-07,9608
8064,東捷,6,0,6,富邦-台東,2024-05-07,9608
00676R,富邦臺灣加權反1,5,0,5,富邦-台東,2024-05-07,9608
1304,台聚,5,0,5,富邦-台東,2024-05-07,9608
1515,力山,5,0,5,富邦-台東,2024-05-07,9608
2022,聚亨,5,0,5,富邦-台東,2024-05-07,9608
2204,中華,18,13,5,富邦-台東,2024-05-07,9608
3059,華晶科,5,0,5,富邦-台東,2024-05-07,9608
6116,彩晶,5,0,5,富邦-台東,2024-05-07,9608
6189,豐藝,5,0,5,富邦-台東,2024-05-07,9608
6213,聯茂,5,0,5,富邦-台東,2024-05-07,9608
1524,耿鼎,4,0,4,富邦-台東,2024-05-07,9608
1587,吉茂,6,2,4,富邦-台東,2024-05-07,9608
00632R,元大台灣50反1,100,0,100,富邦-台東,2024-05-08,9608
2851,中再保,95,0,95,富邦-台東,2024-05-08,9608
1609,大亞,122,33,89,富邦-台東,2024-05-08,9608
5521,工信,59,0,59,富邦-台東,2024-05-08,9608
00679B,元大美債20年,51,1,50,富邦-台東,2024-05-08,9608
3481,群創,40,10,30,富邦-台東,2024-05-08,9608
5519,隆大,31,1,30,富邦-台東,2024-05-08,9608
6173,信昌電,30,0,30,富邦-台東,2024-05-08,9608
00878,國泰永續高股息,26,0,26,富邦-台東,2024-05-08,9608
3712,永崴投控,20,0,20,富邦-台東,2024-05-08,9608
2603,長榮,22,4,18,富邦-台東,2024-05-08,9608
4909,新復興,16,1,15,富邦-台東,2024-05-08,9608
1314,中石化,14,0,14,富邦-台東,2024-05-08,9608
5871,中租-KY,13,0,13,富邦-台東,2024-05-08,9608
3042,晶技,20,8,12,富邦-台東,2024-05-08,9608
6215,和椿,27,15,12,富邦-台東,2024-05-08,9608
3666,光耀,11,0,11,富邦-台東,2024-05-08,9608
8096,擎亞,80,69,11,富邦-台東,2024-05-08,9608
1305,華夏,10,0,10,富邦-台東,2024-05-08,9608
00857B,永豐20年美公債,10,0,10,富邦-台東,2024-05-08,9608
5498,凱崴,10,0,10,富邦-台東,2024-05-08,9608
2374,佳能,44,35,9,富邦-台東,2024-05-08,9608
4958,臻鼎-KY,10,1,9,富邦-台東,2024-05-08,9608
2618,長榮航,26,18,8,富邦-台東,2024-05-08,9608
1708,東鹼,11,3,8,富邦-台東,2024-05-08,9608
4973,廣穎,14,6,8,富邦-台東,2024-05-08,9608
2356,英業達,23,16,7,富邦-台東,2024-05-08,9608
2605,新興,26,19,7,富邦-台東,2024-05-08,9608
5386,青雲,12,5,7,富邦-台東,2024-05-08,9608
6005,群益證,7,0,7,富邦-台東,2024-05-08,9608
00929,復華台灣科技優息,8,2,6,富邦-台東,2024-05-08,9608
6189,豐藝,6,0,6,富邦-台東,2024-05-08,9608
1608,華榮,9,3,6,富邦-台東,2024-05-08,9608
3055,蔚華科,6,0,6,富邦-台東,2024-05-08,9608
5533,皇鼎,6,0,6,富邦-台東,2024-05-08,9608
8112,至上,8,2,6,富邦-台東,2024-05-08,9608
2887,台新金,6,0,6,富邦-台東,2024-05-08,9608
6282,康舒,10,5,5,富邦-台東,2024-05-08,9608
5347,世界,5,0,5,富邦-台東,2024-05-08,9608
00715L,期街口布蘭特正2,5,0,5,富邦-台東,2024-05-08,9608
1467,南緯,5,0,5,富邦-台東,2024-05-08,9608
2801,彰銀,5,0,5,富邦-台東,2024-05-08,9608
3362,先進光,5,0,5,富邦-台東,2024-05-08,9608
3686,達能,5,0,5,富邦-台東,2024-05-08,9608
4510,高鋒,5,0,5,富邦-台東,2024-05-08,9608
5351,鈺創,5,0,5,富邦-台東,2024-05-08,9608
6180,橘子,5,0,5,富邦-台東,2024-05-08,9608
6438,迅得,5,0,5,富邦-台東,2024-05-08,9608
6443,元晶,5,0,5,富邦-台東,2024-05-08,9608
00918,大華優利高填息30,5,0,5,富邦-台東,2024-05-08,9608
01004T,土銀富邦R2,100,0,100,富邦-台東,2024-05-09,9608
00946,群益科技高息成長,87,6,81,富邦-台東,2024-05-09,9608
00929,復華台灣科技優息,69,1,68,富邦-台東,2024-05-09,9608
00632R,元大台灣50反1,52,0,52,富邦-台東,2024-05-09,9608
2618,長榮航,49,1,48,富邦-台東,2024-05-09,9608
2606,裕民,44,8,36,富邦-台東,2024-05-09,9608
3312,弘憶股,36,2,34,富邦-台東,2024-05-09,9608
6189,豐藝,31,0,31,富邦-台東,2024-05-09,9608
2887,台新金,31,0,31,富邦-台東,2024-05-09,9608
00940,元大台灣價值高息,34,5,29,富邦-台東,2024-05-09,9608
00937B,群益ESG投等債20,28,2,26,富邦-台東,2024-05-09,9608
5302,太欣,25,0,25,富邦-台東,2024-05-09,9608
5519,隆大,24,0,24,富邦-台東,2024-05-09,9608
1522,堤維西,26,3,23,富邦-台東,2024-05-09,9608
2344,華邦電,18,0,18,富邦-台東,2024-05-09,9608
3047,訊舟,18,0,18,富邦-台東,2024-05-09,9608
3260,威剛,16,1,15,富邦-台東,2024-05-09,9608
2883,凱基金,15,0,15,富邦-台東,2024-05-09,9608
3362,先進光,14,0,14,富邦-台東,2024-05-09,9608
2880,華南金,16,3,13,富邦-台東,2024-05-09,9608
8112,至上,13,0,13,富邦-台東,2024-05-09,9608
3231,緯創,20,8,12,富邦-台東,2024-05-09,9608
6438,迅得,12,0,12,富邦-台東,2024-05-09,9608
3033,威健,13,1,12,富邦-台東,2024-05-09,9608
1815,富喬,23,12,11,富邦-台東,2024-05-09,9608
2367,燿華,61,50,11,富邦-台東,2024-05-09,9608
2610,華航,23,12,11,富邦-台東,2024-05-09,9608
00936,台新永續高息中小,10,0,10,富邦-台東,2024-05-09,9608
1316,上曜,10,0,10,富邦-台東,2024-05-09,9608
3024,憶聲,10,0,10,富邦-台東,2024-05-09,9608
3712,永崴投控,10,0,10,富邦-台東,2024-05-09,9608
4967,十銓,19,9,10,富邦-台東,2024-05-09,9608
2891,中信金,10,0,10,富邦-台東,2024-05-09,9608
3041,揚智,8,0,8,富邦-台東,2024-05-09,9608
00878,國泰永續高股息,27,19,8,富邦-台東,2024-05-09,9608
2354,鴻準,8,0,8,富邦-台東,2024-05-09,9608
00944,野村趨勢動能高息,12,4,8,富邦-台東,2024-05-09,9608
6727,亞泰金屬,8,0,8,富邦-台東,2024-05-09,9608
3622,洋華,7,0,7,富邦-台東,2024-05-09,9608
6770,力積電,7,0,7,富邦-台東,2024-05-09,9608
3356,奇偶,9,3,6,富邦-台東,2024-05-09,9608
2542,興富發,6,0,6,富邦-台東,2024-05-09,9608
6472,保瑞,6,0,6,富邦-台東,2024-05-09,9608
00939,統一台灣高息動能,5,0,5,富邦-台東,2024-05-09,9608
00899,FT潔淨能源,5,0,5,富邦-台東,2024-05-09,9608
1609,大亞,114,109,5,富邦-台東,2024-05-09,9608
2014,中鴻,5,0,5,富邦-台東,2024-05-09,9608
3052,夆典,5,0,5,富邦-台東,2024-05-09,9608
5488,松普,5,0,5,富邦-台東,2024-05-09,9608
6187,萬潤,8,3,5,富邦-台東,2024-05-09,9608
00632R,元大台灣50反1,346,100,246,富邦-台東,2024-05-10,9608
00937B,群益ESG投等債20,124,2,122,富邦-台東,2024-05-10,9608
00929,復華台灣科技優息,102,5,97,富邦-台東,2024-05-10,9608
00878,國泰永續高股息,107,27,80,富邦-台東,2024-05-10,9608
00700,富邦�琤肭磪�,69,0,69,富邦-台東,2024-05-10,9608
2606,裕民,79,11,68,富邦-台東,2024-05-10,9608
5608,四維航,62,1,61,富邦-台東,2024-05-10,9608
2643,捷迅,50,0,50,富邦-台東,2024-05-10,9608
4967,十銓,66,16,50,富邦-台東,2024-05-10,9608
00720B,元大投資級公司債,31,2,29,富邦-台東,2024-05-10,9608
3013,晟銘電,52,25,27,富邦-台東,2024-05-10,9608
8096,擎亞,21,4,17,富邦-台東,2024-05-10,9608
912000,晨訊科-DR,17,0,17,富邦-台東,2024-05-10,9608
00940,元大台灣價值高息,28,12,16,富邦-台東,2024-05-10,9608
3362,先進光,16,1,15,富邦-台東,2024-05-10,9608
2371,大同,22,7,15,富邦-台東,2024-05-10,9608
3363,上詮,24,9,15,富邦-台東,2024-05-10,9608
00919,群益台灣精選高息,15,1,14,富邦-台東,2024-05-10,9608
00885,富邦越南,14,0,14,富邦-台東,2024-05-10,9608
1605,華新,18,4,14,富邦-台東,2024-05-10,9608
9945,潤泰新,13,1,12,富邦-台東,2024-05-10,9608
3430,奇鈦科,11,0,11,富邦-台東,2024-05-10,9608
8112,至上,13,2,11,富邦-台東,2024-05-10,9608
00857B,永豐20年美公債,10,0,10,富邦-台東,2024-05-10,9608
00715L,期街口布蘭特正2,10,0,10,富邦-台東,2024-05-10,9608
5519,隆大,10,0,10,富邦-台東,2024-05-10,9608
5876,上海商銀,10,0,10,富邦-台東,2024-05-10,9608
00946,群益科技高息成長,9,0,9,富邦-台東,2024-05-10,9608
00687B,國泰20年美債,10,1,9,富邦-台東,2024-05-10,9608
2610,華航,66,57,9,富邦-台東,2024-05-10,9608
4142,國光生,9,0,9,富邦-台東,2024-05-10,9608
4909,新復興,15,6,9,富邦-台東,2024-05-10,9608
5512,力麒,9,0,9,富邦-台東,2024-05-10,9608
3481,群創,8,0,8,富邦-台東,2024-05-10,9608
3376,新日興,19,11,8,富邦-台東,2024-05-10,9608
6189,豐藝,8,0,8,富邦-台東,2024-05-10,9608
2367,燿華,20,12,8,富邦-台東,2024-05-10,9608
6269,台郡,7,0,7,富邦-台東,2024-05-10,9608
2363,矽統,11,4,7,富邦-台東,2024-05-10,9608
3042,晶技,7,0,7,富邦-台東,2024-05-10,9608
6875,國邑*,7,0,7,富邦-台東,2024-05-10,9608
8150,南茂,7,0,7,富邦-台東,2024-05-10,9608
1714,和桐,6,0,6,富邦-台東,2024-05-10,9608
3036,文曄,7,1,6,富邦-台東,2024-05-10,9608
1446,宏和,6,0,6,富邦-台東,2024-05-10,9608
1532,勤美,6,0,6,富邦-台東,2024-05-10,9608
2538,基泰,6,0,6,富邦-台東,2024-05-10,9608
2317,鴻海,7,1,6,富邦-台東,2024-05-10,9608
5871,中租-KY,5,0,5,富邦-台東,2024-05-10,9608
1614,三洋電,5,0,5,富邦-台東,2024-05-10,9608
2406,國碩,746,37,709,富邦-台東,2024-05-13,9608
00632R,元大台灣50反1,590,40,550,富邦-台東,2024-05-13,9608
2890,永豐金,252,20,232,富邦-台東,2024-05-13,9608
00929,復華台灣科技優息,172,3,169,富邦-台東,2024-05-13,9608
3338,泰碩,150,0,150,富邦-台東,2024-05-13,9608
00932,兆豐永續高息等權,123,0,123,富邦-台東,2024-05-13,9608
00937B,群益ESG投等債20,72,0,72,富邦-台東,2024-05-13,9608
3481,群創,51,0,51,富邦-台東,2024-05-13,9608
00715L,期街口布蘭特正2,41,0,41,富邦-台東,2024-05-13,9608
1612,宏泰,37,2,35,富邦-台東,2024-05-13,9608
2618,長榮航,46,16,30,富邦-台東,2024-05-13,9608
2643,捷迅,30,0,30,富邦-台東,2024-05-13,9608
9945,潤泰新,46,18,28,富邦-台東,2024-05-13,9608
00946,群益科技高息成長,26,0,26,富邦-台東,2024-05-13,9608
2449,京元電子,26,0,26,富邦-台東,2024-05-13,9608
2851,中再保,25,0,25,富邦-台東,2024-05-13,9608
2601,益航,20,0,20,富邦-台東,2024-05-13,9608
2801,彰銀,20,0,20,富邦-台東,2024-05-13,9608
00642U,期元大S＆P石油,20,0,20,富邦-台東,2024-05-13,9608
2641,正德,19,0,19,富邦-台東,2024-05-13,9608
4903,聯光通,19,0,19,富邦-台東,2024-05-13,9608
2371,大同,38,22,16,富邦-台東,2024-05-13,9608
00919,群益台灣精選高息,21,5,16,富邦-台東,2024-05-13,9608
1447,力鵬,14,0,14,富邦-台東,2024-05-13,9608
6875,國邑*,12,0,12,富邦-台東,2024-05-13,9608
2313,華通,14,4,10,富邦-台東,2024-05-13,9608
3231,緯創,10,0,10,富邦-台東,2024-05-13,9608
1314,中石化,16,6,10,富邦-台東,2024-05-13,9608
1718,中纖,10,0,10,富邦-台東,2024-05-13,9608
5289,宜鼎,10,0,10,富邦-台東,2024-05-13,9608
00878,國泰永續高股息,9,0,9,富邦-台東,2024-05-13,9608
2887,台新金,10,1,9,富邦-台東,2024-05-13,9608
00944,野村趨勢動能高息,9,0,9,富邦-台東,2024-05-13,9608
1307,三芳,9,0,9,富邦-台東,2024-05-13,9608
6191,精成科,9,0,9,富邦-台東,2024-05-13,9608
1513,中興電,10,2,8,富邦-台東,2024-05-13,9608
2009,第一銅,14,6,8,富邦-台東,2024-05-13,9608
2606,裕民,13,5,8,富邦-台東,2024-05-13,9608
2834,臺企銀,10,2,8,富邦-台東,2024-05-13,9608
1810,和成,7,0,7,富邦-台東,2024-05-13,9608
2355,敬鵬,7,0,7,富邦-台東,2024-05-13,9608
2546,根基,7,0,7,富邦-台東,2024-05-13,9608
4532,瑞智,7,0,7,富邦-台東,2024-05-13,9608
1815,富喬,6,0,6,富邦-台東,2024-05-13,9608
1449,佳和,6,0,6,富邦-台東,2024-05-13,9608
4961,天鈺,6,0,6,富邦-台東,2024-05-13,9608
1608,華榮,5,0,5,富邦-台東,2024-05-13,9608
6683,雍智科技,5,0,5,富邦-台東,2024-05-13,9608
00637L,元大滬深300正2,5,0,5,富邦-台東,2024-05-13,9608
4510,高鋒,5,0,5,富邦-台東,2024-05-13,9608
2406,國碩,1118,172,946,富邦-台東,2024-05-14,9608
00937B,群益ESG投等債20,107,2,105,富邦-台東,2024-05-14,9608
3483,力致,59,1,58,富邦-台東,2024-05-14,9608
2374,佳能,52,0,52,富邦-台東,2024-05-14,9608
3338,泰碩,50,0,50,富邦-台東,2024-05-14,9608
00679B,元大美債20年,25,0,25,富邦-台東,2024-05-14,9608
00878,國泰永續高股息,38,14,24,富邦-台東,2024-05-14,9608
2363,矽統,29,8,21,富邦-台東,2024-05-14,9608
2537,聯上發,24,3,21,富邦-台東,2024-05-14,9608
2303,聯電,30,10,20,富邦-台東,2024-05-14,9608
2736,富野,20,0,20,富邦-台東,2024-05-14,9608
6188,廣明,17,2,15,富邦-台東,2024-05-14,9608
9945,潤泰新,52,38,14,富邦-台東,2024-05-14,9608
1464,得力,12,0,12,富邦-台東,2024-05-14,9608
2801,彰銀,12,0,12,富邦-台東,2024-05-14,9608
00753L,中信中國50正2,21,10,11,富邦-台東,2024-05-14,9608
00932,兆豐永續高息等權,11,0,11,富邦-台東,2024-05-14,9608
2888,新光金,11,0,11,富邦-台東,2024-05-14,9608
00941,中信上游半導體,10,0,10,富邦-台東,2024-05-14,9608
1616,億泰,10,0,10,富邦-台東,2024-05-14,9608
2851,中再保,10,0,10,富邦-台東,2024-05-14,9608
2887,台新金,10,0,10,富邦-台東,2024-05-14,9608
2897,王道銀行,10,0,10,富邦-台東,2024-05-14,9608
4743,合一,10,0,10,富邦-台東,2024-05-14,9608
6016,康和證,10,0,10,富邦-台東,2024-05-14,9608
00929,復華台灣科技優息,20,10,10,富邦-台東,2024-05-14,9608
00632R,元大台灣50反1,9,0,9,富邦-台東,2024-05-14,9608
5706,鳳凰,11,2,9,富邦-台東,2024-05-14,9608
1714,和桐,10,2,8,富邦-台東,2024-05-14,9608
2524,京城,8,0,8,富邦-台東,2024-05-14,9608
3390,旭軟,8,0,8,富邦-台東,2024-05-14,9608
3363,上詮,10,3,7,富邦-台東,2024-05-14,9608
5475,德宏,7,0,7,富邦-台東,2024-05-14,9608
6274,台燿,13,6,7,富邦-台東,2024-05-14,9608
8299,群聯,6,0,6,富邦-台東,2024-05-14,9608
1513,中興電,6,0,6,富邦-台東,2024-05-14,9608
1417,嘉裕,6,0,6,富邦-台東,2024-05-14,9608
2641,正德,7,1,6,富邦-台東,2024-05-14,9608
2867,三商壽,6,0,6,富邦-台東,2024-05-14,9608
2913,農林,6,0,6,富邦-台東,2024-05-14,9608
5531,鄉林,6,0,6,富邦-台東,2024-05-14,9608
2376,技嘉,5,0,5,富邦-台東,2024-05-14,9608
6257,矽格,6,1,5,富邦-台東,2024-05-14,9608
00731,復華富時高息低波,5,0,5,富邦-台東,2024-05-14,9608
1314,中石化,13,8,5,富邦-台東,2024-05-14,9608
1563,巧新,5,0,5,富邦-台東,2024-05-14,9608
2836,高雄銀,5,0,5,富邦-台東,2024-05-14,9608
3230,錦明,5,0,5,富邦-台東,2024-05-14,9608
6191,精成科,15,10,5,富邦-台東,2024-05-14,9608
2885,元大金,5,0,5,富邦-台東,2024-05-14,9608
00937B,群益ESG投等債20,141,0,141,富邦-台東,2024-05-15,9608
2888,新光金,100,3,97,富邦-台東,2024-05-15,9608
4533,協易機,92,19,73,富邦-台東,2024-05-15,9608
3483,力致,73,2,71,富邦-台東,2024-05-15,9608
00932,兆豐永續高息等權,45,0,45,富邦-台東,2024-05-15,9608
2405,輔信,45,6,39,富邦-台東,2024-05-15,9608
00919,群益台灣精選高息,35,2,33,富邦-台東,2024-05-15,9608
2356,英業達,50,18,32,富邦-台東,2024-05-15,9608
00902,中信電池及儲能,21,0,21,富邦-台東,2024-05-15,9608
9136,巨騰-DR,20,0,20,富邦-台東,2024-05-15,9608
8096,擎亞,30,11,19,富邦-台東,2024-05-15,9608
00929,復華台灣科技優息,37,19,18,富邦-台東,2024-05-15,9608
2603,長榮,28,11,17,富邦-台東,2024-05-15,9608
2618,長榮航,19,4,15,富邦-台東,2024-05-15,9608
4414,如興,15,0,15,富邦-台東,2024-05-15,9608
6684,安格,15,0,15,富邦-台東,2024-05-15,9608
1609,大亞,14,0,14,富邦-台東,2024-05-15,9608
2486,一詮,26,12,14,富邦-台東,2024-05-15,9608
2367,燿華,68,54,14,富邦-台東,2024-05-15,9608
6282,康舒,15,2,13,富邦-台東,2024-05-15,9608
00941,中信上游半導體,12,0,12,富邦-台東,2024-05-15,9608
2630,亞航,12,0,12,富邦-台東,2024-05-15,9608
2887,台新金,12,0,12,富邦-台東,2024-05-15,9608
8927,北基,11,0,11,富邦-台東,2024-05-15,9608
00687B,國泰20年美債,11,0,11,富邦-台東,2024-05-15,9608
1312,國喬,11,0,11,富邦-台東,2024-05-15,9608
6414,樺漢,15,4,11,富邦-台東,2024-05-15,9608
00936,台新永續高息中小,10,0,10,富邦-台東,2024-05-15,9608
1310,台苯,10,0,10,富邦-台東,2024-05-15,9608
1612,宏泰,17,7,10,富邦-台東,2024-05-15,9608
2305,全友,10,0,10,富邦-台東,2024-05-15,9608
5371,中光電,19,9,10,富邦-台東,2024-05-15,9608
6613,朋億*,10,0,10,富邦-台東,2024-05-15,9608
1614,三洋電,9,0,9,富邦-台東,2024-05-15,9608
2613,中櫃,11,2,9,富邦-台東,2024-05-15,9608
3576,聯合再生,9,0,9,富邦-台東,2024-05-15,9608
5531,鄉林,11,2,9,富邦-台東,2024-05-15,9608
2317,鴻海,23,14,9,富邦-台東,2024-05-15,9608
00726B,國泰新興投等債,8,0,8,富邦-台東,2024-05-15,9608
2520,冠德,8,0,8,富邦-台東,2024-05-15,9608
2867,三商壽,8,0,8,富邦-台東,2024-05-15,9608
2363,矽統,26,19,7,富邦-台東,2024-05-15,9608
00927,群益半導體收益,7,0,7,富邦-台東,2024-05-15,9608
2495,普安,7,0,7,富邦-台東,2024-05-15,9608
6125,廣運,8,1,7,富邦-台東,2024-05-15,9608
00632R,元大台灣50反1,127,120,7,富邦-台東,2024-05-15,9608
2449,京元電子,6,0,6,富邦-台東,2024-05-15,9608
3701,大眾控,8,2,6,富邦-台東,2024-05-15,9608
2634,漢翔,11,5,6,富邦-台東,2024-05-15,9608
3287,廣寰科,7,1,6,富邦-台東,2024-05-15,9608
00637L,元大滬深300正2,100,0,100,富邦-台東,2024-05-16,9608
00674R,期元大S＆P黃金反1,50,0,50,富邦-台東,2024-05-16,9608
5609,中菲行,43,0,43,富邦-台東,2024-05-16,9608
3483,力致,40,2,38,富邦-台東,2024-05-16,9608
3231,緯創,36,4,32,富邦-台東,2024-05-16,9608
2501,國建,31,1,30,富邦-台東,2024-05-16,9608
2301,光寶科,28,1,27,富邦-台東,2024-05-16,9608
2356,英業達,30,4,26,富邦-台東,2024-05-16,9608
2329,華泰,41,16,25,富邦-台東,2024-05-16,9608
00937B,群益ESG投等債20,25,3,22,富邦-台東,2024-05-16,9608
00878,國泰永續高股息,24,2,22,富邦-台東,2024-05-16,9608
00632R,元大台灣50反1,31,10,21,富邦-台東,2024-05-16,9608
1316,上曜,20,0,20,富邦-台東,2024-05-16,9608
00857B,永豐20年美公債,41,24,17,富邦-台東,2024-05-16,9608
3666,光耀,15,0,15,富邦-台東,2024-05-16,9608
6215,和椿,16,1,15,富邦-台東,2024-05-16,9608
1504,東元,15,0,15,富邦-台東,2024-05-16,9608
2371,大同,20,7,13,富邦-台東,2024-05-16,9608
2641,正德,13,1,12,富邦-台東,2024-05-16,9608
2514,龍邦,11,0,11,富邦-台東,2024-05-16,9608
3596,智易,11,0,11,富邦-台東,2024-05-16,9608
00922,國泰台灣領袖50,10,0,10,富邦-台東,2024-05-16,9608
00669R,國泰美國道瓊反1,10,0,10,富邦-台東,2024-05-16,9608
1437,勤益控,10,0,10,富邦-台東,2024-05-16,9608
2402,毅嘉,10,0,10,富邦-台東,2024-05-16,9608
3498,陽程,10,0,10,富邦-台東,2024-05-16,9608
3551,世禾,10,0,10,富邦-台東,2024-05-16,9608
6173,信昌電,10,0,10,富邦-台東,2024-05-16,9608
6548,長科*,10,0,10,富邦-台東,2024-05-16,9608
9105,泰金寶-DR,10,0,10,富邦-台東,2024-05-16,9608
3466,德晉,10,1,9,富邦-台東,2024-05-16,9608
2615,萬海,15,7,8,富邦-台東,2024-05-16,9608
1608,華榮,18,10,8,富邦-台東,2024-05-16,9608
2606,裕民,11,3,8,富邦-台東,2024-05-16,9608
2023,燁輝,7,0,7,富邦-台東,2024-05-16,9608
4532,瑞智,10,3,7,富邦-台東,2024-05-16,9608
912000,晨訊科-DR,10,3,7,富邦-台東,2024-05-16,9608
9958,世紀鋼,8,1,7,富邦-台東,2024-05-16,9608
2880,華南金,10,4,6,富邦-台東,2024-05-16,9608
00675L,富邦臺灣加權正2,6,0,6,富邦-台東,2024-05-16,9608
2915,潤泰全,7,1,6,富邦-台東,2024-05-16,9608
3051,力特,6,0,6,富邦-台東,2024-05-16,9608
3067,全域,7,1,6,富邦-台東,2024-05-16,9608
6125,廣運,8,2,6,富邦-台東,2024-05-16,9608
6285,啟��,13,7,6,富邦-台東,2024-05-16,9608
2382,廣達,20,14,6,富邦-台東,2024-05-16,9608
6197,佳必琪,5,0,5,富邦-台東,2024-05-16,9608
00665L,富邦�琤肭磪囓�2,18,13,5,富邦-台東,2024-05-16,9608
1310,台苯,5,0,5,富邦-台東,2024-05-16,9608
2464,盟立,11,6,5,富邦-台東,2024-05-16,9608
2867,三商壽,417,29,388,富邦-台東,2024-05-17,9608
00632R,元大台灣50反1,170,0,170,富邦-台東,2024-05-17,9608
00929,復華台灣科技優息,156,14,142,富邦-台東,2024-05-17,9608
2374,佳能,98,39,59,富邦-台東,2024-05-17,9608
2367,燿華,135,82,53,富邦-台東,2024-05-17,9608
1314,中石化,51,0,51,富邦-台東,2024-05-17,9608
2317,鴻海,31,7,24,富邦-台東,2024-05-17,9608
3483,力致,30,6,24,富邦-台東,2024-05-17,9608
5392,能率,41,19,22,富邦-台東,2024-05-17,9608
2630,亞航,40,18,22,富邦-台東,2024-05-17,9608
00753L,中信中國50正2,21,0,21,富邦-台東,2024-05-17,9608
2324,仁寶,22,1,21,富邦-台東,2024-05-17,9608
3163,波若威,20,0,20,富邦-台東,2024-05-17,9608
2408,南亞科,18,0,18,富邦-台東,2024-05-17,9608
3059,華晶科,19,2,17,富邦-台東,2024-05-17,9608
2618,長榮航,35,19,16,富邦-台東,2024-05-17,9608
2834,臺企銀,17,2,15,富邦-台東,2024-05-17,9608
2537,聯上發,17,2,15,富邦-台東,2024-05-17,9608
912000,晨訊科-DR,15,0,15,富邦-台東,2024-05-17,9608
1504,東元,18,4,14,富邦-台東,2024-05-17,9608
9958,世紀鋼,15,1,14,富邦-台東,2024-05-17,9608
3060,銘異,38,25,13,富邦-台東,2024-05-17,9608
2609,陽明,27,15,12,富邦-台東,2024-05-17,9608
00919,群益台灣精選高息,21,10,11,富邦-台東,2024-05-17,9608
2464,盟立,10,0,10,富邦-台東,2024-05-17,9608
2888,新光金,10,0,10,富邦-台東,2024-05-17,9608
4532,瑞智,20,10,10,富邦-台東,2024-05-17,9608
4743,合一,10,0,10,富邦-台東,2024-05-17,9608
6684,安格,10,0,10,富邦-台東,2024-05-17,9608
6770,力積電,22,12,10,富邦-台東,2024-05-17,9608
9136,巨騰-DR,10,0,10,富邦-台東,2024-05-17,9608
00939,統一台灣高息動能,10,1,9,富邦-台東,2024-05-17,9608
4977,眾達-KY,10,1,9,富邦-台東,2024-05-17,9608
6875,國邑*,8,0,8,富邦-台東,2024-05-17,9608
2610,華航,46,39,7,富邦-台東,2024-05-17,9608
00915,凱基優選高股息30,7,0,7,富邦-台東,2024-05-17,9608
00878,國泰永續高股息,27,21,6,富邦-台東,2024-05-17,9608
2330,台積電,6,0,6,富邦-台東,2024-05-17,9608
8936,國統,7,1,6,富邦-台東,2024-05-17,9608
2344,華邦電,6,0,6,富邦-台東,2024-05-17,9608
3016,嘉晶,6,0,6,富邦-台東,2024-05-17,9608
3047,訊舟,13,7,6,富邦-台東,2024-05-17,9608
3703,欣陸,6,0,6,富邦-台東,2024-05-17,9608
00940,元大台灣價值高息,9,4,5,富邦-台東,2024-05-17,9608
9945,潤泰新,13,8,5,富邦-台東,2024-05-17,9608
2801,彰銀,5,0,5,富邦-台東,2024-05-17,9608
2603,長榮,14,9,5,富邦-台東,2024-05-17,9608
2611,志信,7,2,5,富邦-台東,2024-05-17,9608
1101,台泥,7,2,5,富邦-台東,2024-05-17,9608
00712,復華富時不動產,5,0,5,富邦-台東,2024-05-17,9608
5210,寶碩,1224,5,1219,富邦-台東,2024-05-20,9608
00929,復華台灣科技優息,217,8,209,富邦-台東,2024-05-20,9608
00665L,富邦�琤肭磪囓�2,200,0,200,富邦-台東,2024-05-20,9608
2482,連宇,150,0,150,富邦-台東,2024-05-20,9608
00632R,元大台灣50反1,210,70,140,富邦-台東,2024-05-20,9608
00637L,元大滬深300正2,130,0,130,富邦-台東,2024-05-20,9608
3163,波若威,80,1,79,富邦-台東,2024-05-20,9608
00674R,期元大S＆P黃金反1,50,0,50,富邦-台東,2024-05-20,9608
00919,群益台灣精選高息,32,4,28,富邦-台東,2024-05-20,9608
3706,神達,23,3,20,富邦-台東,2024-05-20,9608
00937B,群益ESG投等債20,25,6,19,富邦-台東,2024-05-20,9608
6282,康舒,20,2,18,富邦-台東,2024-05-20,9608
2317,鴻海,29,11,18,富邦-台東,2024-05-20,9608
4116,明基醫,15,0,15,富邦-台東,2024-05-20,9608
6189,豐藝,15,0,15,富邦-台東,2024-05-20,9608
2401,凌陽,19,5,14,富邦-台東,2024-05-20,9608
5009,榮剛,11,0,11,富邦-台東,2024-05-20,9608
9945,潤泰新,12,2,10,富邦-台東,2024-05-20,9608
2405,輔信,10,0,10,富邦-台東,2024-05-20,9608
4976,佳凌,11,1,10,富邦-台東,2024-05-20,9608
6684,安格,10,0,10,富邦-台東,2024-05-20,9608
8044,網家,10,0,10,富邦-台東,2024-05-20,9608
2359,所羅門,33,24,9,富邦-台東,2024-05-20,9608
2618,長榮航,49,41,8,富邦-台東,2024-05-20,9608
2344,華邦電,15,7,8,富邦-台東,2024-05-20,9608
3483,力致,15,7,8,富邦-台東,2024-05-20,9608
6215,和椿,12,5,7,富邦-台東,2024-05-20,9608
00901,永豐智能車供應鏈,7,0,7,富邦-台東,2024-05-20,9608
2630,亞航,7,0,7,富邦-台東,2024-05-20,9608
3260,威剛,9,2,7,富邦-台東,2024-05-20,9608
3013,晟銘電,15,8,7,富邦-台東,2024-05-20,9608
4533,協易機,779,773,6,富邦-台東,2024-05-20,9608
2605,新興,6,0,6,富邦-台東,2024-05-20,9608
00753L,中信中國50正2,6,0,6,富邦-台東,2024-05-20,9608
00944,野村趨勢動能高息,6,0,6,富邦-台東,2024-05-20,9608
8358,金居,12,6,6,富邦-台東,2024-05-20,9608
1101,台泥,5,0,5,富邦-台東,2024-05-20,9608
1108,幸福,5,0,5,富邦-台東,2024-05-20,9608
2023,燁輝,5,0,5,富邦-台東,2024-05-20,9608
2109,華豐,6,1,5,富邦-台東,2024-05-20,9608
2643,捷迅,5,0,5,富邦-台東,2024-05-20,9608
3294,英濟,6,1,5,富邦-台東,2024-05-20,9608
3686,達能,5,0,5,富邦-台東,2024-05-20,9608
4770,上品,5,0,5,富邦-台東,2024-05-20,9608
6901,鑽石投資,5,0,5,富邦-台東,2024-05-20,9608
6290,良維,5,0,5,富邦-台東,2024-05-20,9608
3231,緯創,18,13,5,富邦-台東,2024-05-20,9608
2352,佳世達,4,0,4,富邦-台東,2024-05-20,9608
6187,萬潤,4,0,4,富邦-台東,2024-05-20,9608
1609,大亞,21,17,4,富邦-台東,2024-05-20,9608
4533,協易機,152,12,140,富邦-台東,2024-05-21,9608
2891,中信金,43,10,33,富邦-台東,2024-05-21,9608
3163,波若威,24,0,24,富邦-台東,2024-05-21,9608
2486,一詮,46,22,24,富邦-台東,2024-05-21,9608
00929,復華台灣科技優息,26,3,23,富邦-台東,2024-05-21,9608
00687B,國泰20年美債,20,0,20,富邦-台東,2024-05-21,9608
3483,力致,25,6,19,富邦-台東,2024-05-21,9608
1605,華新,42,25,17,富邦-台東,2024-05-21,9608
00878,國泰永續高股息,17,1,16,富邦-台東,2024-05-21,9608
1316,上曜,20,5,15,富邦-台東,2024-05-21,9608
3363,上詮,15,0,15,富邦-台東,2024-05-21,9608
8033,雷虎,15,0,15,富邦-台東,2024-05-21,9608
00679B,元大美債20年,14,2,12,富邦-台東,2024-05-21,9608
00650L,復華香港正2,11,0,11,富邦-台東,2024-05-21,9608
1314,中石化,14,3,11,富邦-台東,2024-05-21,9608
1108,幸福,10,0,10,富邦-台東,2024-05-21,9608
1305,華夏,10,0,10,富邦-台東,2024-05-21,9608
2022,聚亨,11,1,10,富邦-台東,2024-05-21,9608
3356,奇偶,12,2,10,富邦-台東,2024-05-21,9608
5498,凱崴,13,3,10,富邦-台東,2024-05-21,9608
6806,森崴能源,10,0,10,富邦-台東,2024-05-21,9608
9105,泰金寶-DR,10,0,10,富邦-台東,2024-05-21,9608
911622,泰聚亨-DR,10,0,10,富邦-台東,2024-05-21,9608
2354,鴻準,13,4,9,富邦-台東,2024-05-21,9608
2489,瑞軒,12,3,9,富邦-台東,2024-05-21,9608
5519,隆大,10,1,9,富邦-台東,2024-05-21,9608
3504,揚明光,10,2,8,富邦-台東,2024-05-21,9608
6274,台燿,8,0,8,富邦-台東,2024-05-21,9608
2603,長榮,13,6,7,富邦-台東,2024-05-21,9608
2241,艾姆勒,1516,1509,7,富邦-台東,2024-05-21,9608
3016,嘉晶,7,0,7,富邦-台東,2024-05-21,9608
3047,訊舟,19,12,7,富邦-台東,2024-05-21,9608
2743,山富,7,0,7,富邦-台東,2024-05-21,9608
1303,南亞,6,0,6,富邦-台東,2024-05-21,9608
5009,榮剛,6,0,6,富邦-台東,2024-05-21,9608
00919,群益台灣精選高息,8,2,6,富邦-台東,2024-05-21,9608
00923,群益台ESG低碳50,5,0,5,富邦-台東,2024-05-21,9608
2352,佳世達,5,0,5,富邦-台東,2024-05-21,9608
2498,宏達電,5,0,5,富邦-台東,2024-05-21,9608
2801,彰銀,5,0,5,富邦-台東,2024-05-21,9608
3703,欣陸,5,0,5,富邦-台東,2024-05-21,9608
3715,定穎投控,5,0,5,富邦-台東,2024-05-21,9608
4933,友輝,5,0,5,富邦-台東,2024-05-21,9608
5014,建錩,7,2,5,富邦-台東,2024-05-21,9608
6875,國邑*,5,0,5,富邦-台東,2024-05-21,9608
2317,鴻海,7,3,4,富邦-台東,2024-05-21,9608
2363,矽統,11,7,4,富邦-台東,2024-05-21,9608
1563,巧新,8,4,4,富邦-台東,2024-05-21,9608
00940,元大台灣價值高息,4,1,3,富邦-台東,2024-05-21,9608
00642U,期元大S＆P石油,3,0,3,富邦-台東,2024-05-21,9608
3481,群創,2850,1866,984,富邦-台東,2024-05-22,9608
00940,元大台灣價值高息,104,20,84,富邦-台東,2024-05-22,9608
3360,尚立,60,4,56,富邦-台東,2024-05-22,9608
00632R,元大台灣50反1,55,0,55,富邦-台東,2024-05-22,9608
4533,協易機,534,485,49,富邦-台東,2024-05-22,9608
2374,佳能,52,7,45,富邦-台東,2024-05-22,9608
3013,晟銘電,59,23,36,富邦-台東,2024-05-22,9608
00937B,群益ESG投等債20,36,1,35,富邦-台東,2024-05-22,9608
00929,復華台灣科技優息,35,6,29,富邦-台東,2024-05-22,9608
4976,佳凌,28,0,28,富邦-台東,2024-05-22,9608
00715L,期街口布蘭特正2,25,0,25,富邦-台東,2024-05-22,9608
2331,精英,21,1,20,富邦-台東,2024-05-22,9608
2367,燿華,58,39,19,富邦-台東,2024-05-22,9608
3338,泰碩,38,19,19,富邦-台東,2024-05-22,9608
2312,金寶,20,2,18,富邦-台東,2024-05-22,9608
3483,力致,19,3,16,富邦-台東,2024-05-22,9608
2317,鴻海,19,6,13,富邦-台東,2024-05-22,9608
00650L,復華香港正2,12,0,12,富邦-台東,2024-05-22,9608
1409,新纖,52,41,11,富邦-台東,2024-05-22,9608
5515,建國,10,0,10,富邦-台東,2024-05-22,9608
6875,國邑*,10,0,10,富邦-台東,2024-05-22,9608
2241,艾姆勒,9,0,9,富邦-台東,2024-05-22,9608
3042,晶技,9,0,9,富邦-台東,2024-05-22,9608
8070,長華*,8,0,8,富邦-台東,2024-05-22,9608
1563,巧新,11,3,8,富邦-台東,2024-05-22,9608
4770,上品,8,0,8,富邦-台東,2024-05-22,9608
1210,大成,7,0,7,富邦-台東,2024-05-22,9608
2002,中鋼,7,0,7,富邦-台東,2024-05-22,9608
00676R,富邦臺灣加權反1,7,0,7,富邦-台東,2024-05-22,9608
1303,南亞,7,0,7,富邦-台東,2024-05-22,9608
1314,中石化,7,0,7,富邦-台東,2024-05-22,9608
3062,建漢,12,5,7,富邦-台東,2024-05-22,9608
2641,正德,6,0,6,富邦-台東,2024-05-22,9608
2867,三商壽,6,0,6,富邦-台東,2024-05-22,9608
3059,華晶科,16,10,6,富邦-台東,2024-05-22,9608
6668,中揚光,6,0,6,富邦-台東,2024-05-22,9608
6859,伯特光,6,0,6,富邦-台東,2024-05-22,9608
8926,台汽電,21,15,6,富邦-台東,2024-05-22,9608
6188,廣明,23,18,5,富邦-台東,2024-05-22,9608
2884,玉山金,11,6,5,富邦-台東,2024-05-22,9608
00944,野村趨勢動能高息,5,0,5,富邦-台東,2024-05-22,9608
1608,華榮,13,8,5,富邦-台東,2024-05-22,9608
1609,大亞,7,2,5,富邦-台東,2024-05-22,9608
2206,三陽工業,6,1,5,富邦-台東,2024-05-22,9608
2472,立隆電,5,0,5,富邦-台東,2024-05-22,9608
2887,台新金,5,0,5,富邦-台東,2024-05-22,9608
3710,連展投控,5,0,5,富邦-台東,2024-05-22,9608
3715,定穎投控,5,0,5,富邦-台東,2024-05-22,9608
4743,合一,5,0,5,富邦-台東,2024-05-22,9608
5351,鈺創,6,1,5,富邦-台東,2024-05-22,9608
5426,振發,1432,161,1271,富邦-台東,2024-05-23,9608
2618,長榮航,97,12,85,富邦-台東,2024-05-23,9608
4114,健喬,50,0,50,富邦-台東,2024-05-23,9608
00940,元大台灣價值高息,41,0,41,富邦-台東,2024-05-23,9608
2014,中鴻,40,0,40,富邦-台東,2024-05-23,9608
2002,中鋼,37,0,37,富邦-台東,2024-05-23,9608
00715L,期街口布蘭特正2,26,0,26,富邦-台東,2024-05-23,9608
6188,廣明,39,15,24,富邦-台東,2024-05-23,9608
00679B,元大美債20年,21,1,20,富邦-台東,2024-05-23,9608
3052,夆典,20,0,20,富邦-台東,2024-05-23,9608
1563,巧新,20,1,19,富邦-台東,2024-05-23,9608
00632R,元大台灣50反1,21,3,18,富邦-台東,2024-05-23,9608
00753L,中信中國50正2,20,3,17,富邦-台東,2024-05-23,9608
2359,所羅門,46,29,17,富邦-台東,2024-05-23,9608
00650L,復華香港正2,16,0,16,富邦-台東,2024-05-23,9608
9945,潤泰新,16,1,15,富邦-台東,2024-05-23,9608
2303,聯電,40,25,15,富邦-台東,2024-05-23,9608
2356,英業達,16,2,14,富邦-台東,2024-05-23,9608
8110,華東,14,0,14,富邦-台東,2024-05-23,9608
2882,國泰金,13,0,13,富邦-台東,2024-05-23,9608
5498,凱崴,12,0,12,富邦-台東,2024-05-23,9608
3013,晟銘電,21,9,12,富邦-台東,2024-05-23,9608
5443,均豪,12,1,11,富邦-台東,2024-05-23,9608
5452,佶優,14,3,11,富邦-台東,2024-05-23,9608
1815,富喬,156,145,11,富邦-台東,2024-05-23,9608
1605,華新,12,2,10,富邦-台東,2024-05-23,9608
6829,千附精密,10,0,10,富邦-台東,2024-05-23,9608
2371,大同,14,4,10,富邦-台東,2024-05-23,9608
2880,華南金,16,6,10,富邦-台東,2024-05-23,9608
2409,友達,10,0,10,富邦-台東,2024-05-23,9608
1609,大亞,11,1,10,富邦-台東,2024-05-23,9608
6189,豐藝,9,0,9,富邦-台東,2024-05-23,9608
6269,台郡,9,0,9,富邦-台東,2024-05-23,9608
6790,永豐實,9,0,9,富邦-台東,2024-05-23,9608
6191,精成科,9,0,9,富邦-台東,2024-05-23,9608
2453,凌群,9,1,8,富邦-台東,2024-05-23,9608
5392,能率,8,0,8,富邦-台東,2024-05-23,9608
1210,大成,8,0,8,富邦-台東,2024-05-23,9608
00937B,群益ESG投等債20,8,0,8,富邦-台東,2024-05-23,9608
3666,光耀,8,0,8,富邦-台東,2024-05-23,9608
5314,世紀,8,0,8,富邦-台東,2024-05-23,9608
2892,第一金,8,0,8,富邦-台東,2024-05-23,9608
1504,東元,8,0,8,富邦-台東,2024-05-23,9608
3512,皇龍,7,0,7,富邦-台東,2024-05-23,9608
4976,佳凌,7,0,7,富邦-台東,2024-05-23,9608
6122,擎邦,7,0,7,富邦-台東,2024-05-23,9608
6859,伯特光,8,1,7,富邦-台東,2024-05-23,9608
3363,上詮,24,17,7,富邦-台東,2024-05-23,9608
00878,國泰永續高股息,6,0,6,富邦-台東,2024-05-23,9608
5871,中租-KY,7,1,6,富邦-台東,2024-05-23,9608
00937B,群益ESG投等債20,226,0,226,富邦-台東,2024-05-24,9608
2867,三商壽,201,1,200,富邦-台東,2024-05-24,9608
4526,東台,80,0,80,富邦-台東,2024-05-24,9608
2365,昆盈,88,23,65,富邦-台東,2024-05-24,9608
00909,國泰數位支付服務,49,0,49,富邦-台東,2024-05-24,9608
00941,中信上游半導體,36,0,36,富邦-台東,2024-05-24,9608
00632R,元大台灣50反1,30,0,30,富邦-台東,2024-05-24,9608
3712,永崴投控,30,1,29,富邦-台東,2024-05-24,9608
00712,復華富時不動產,27,0,27,富邦-台東,2024-05-24,9608
2313,華通,28,3,25,富邦-台東,2024-05-24,9608
2392,正崴,28,5,23,富邦-台東,2024-05-24,9608
2634,漢翔,22,3,19,富邦-台東,2024-05-24,9608
2464,盟立,16,2,14,富邦-台東,2024-05-24,9608
6274,台燿,15,2,13,富邦-台東,2024-05-24,9608
2486,一詮,21,9,12,富邦-台東,2024-05-24,9608
2501,國建,12,0,12,富邦-台東,2024-05-24,9608
00940,元大台灣價值高息,14,3,11,富邦-台東,2024-05-24,9608
4979,華星光,14,3,11,富邦-台東,2024-05-24,9608
00929,復華台灣科技優息,15,4,11,富邦-台東,2024-05-24,9608
2324,仁寶,24,13,11,富邦-台東,2024-05-24,9608
5388,中磊,11,0,11,富邦-台東,2024-05-24,9608
1815,富喬,220,209,11,富邦-台東,2024-05-24,9608
2891,中信金,15,5,10,富邦-台東,2024-05-24,9608
2615,萬海,15,5,10,富邦-台東,2024-05-24,9608
3041,揚智,10,0,10,富邦-台東,2024-05-24,9608
3706,神達,13,3,10,富邦-台東,2024-05-24,9608
5452,佶優,10,0,10,富邦-台東,2024-05-24,9608
912000,晨訊科-DR,10,0,10,富邦-台東,2024-05-24,9608
3710,連展投控,9,0,9,富邦-台東,2024-05-24,9608
6117,迎廣,19,10,9,富邦-台東,2024-05-24,9608
2303,聯電,20,11,9,富邦-台東,2024-05-24,9608
4566,時碩工業,8,0,8,富邦-台東,2024-05-24,9608
5871,中租-KY,8,0,8,富邦-台東,2024-05-24,9608
1609,大亞,13,5,8,富邦-台東,2024-05-24,9608
4714,永捷,7,0,7,富邦-台東,2024-05-24,9608
3055,蔚華科,11,4,7,富邦-台東,2024-05-24,9608
6147,頎邦,7,0,7,富邦-台東,2024-05-24,9608
2027,大成鋼,7,1,6,富邦-台東,2024-05-24,9608
2834,臺企銀,7,1,6,富邦-台東,2024-05-24,9608
2892,第一金,6,0,6,富邦-台東,2024-05-24,9608
4768,晶呈科技,6,0,6,富邦-台東,2024-05-24,9608
00733,富邦臺灣中小,6,0,6,富邦-台東,2024-05-24,9608
2330,台積電,12,6,6,富邦-台東,2024-05-24,9608
2880,華南金,6,1,5,富邦-台東,2024-05-24,9608
00637L,元大滬深300正2,5,0,5,富邦-台東,2024-05-24,9608
00708L,期元大S＆P黃金正2,5,0,5,富邦-台東,2024-05-24,9608
1604,聲寶,5,0,5,富邦-台東,2024-05-24,9608
3060,銘異,85,80,5,富邦-台東,2024-05-24,9608
3266,昇陽,5,0,5,富邦-台東,2024-05-24,9608
3535,晶彩科,5,0,5,富邦-台東,2024-05-24,9608
3481,群創,53,6,47,富邦-台東,2024-05-27,9608
3360,尚立,40,0,40,富邦-台東,2024-05-27,9608
3483,力致,32,1,31,富邦-台東,2024-05-27,9608
2727,王品,30,0,30,富邦-台東,2024-05-27,9608
3163,波若威,34,5,29,富邦-台東,2024-05-27,9608
00937B,群益ESG投等債20,29,4,25,富邦-台東,2024-05-27,9608
2630,亞航,22,0,22,富邦-台東,2024-05-27,9608
2887,台新金,20,0,20,富邦-台東,2024-05-27,9608
00919,群益台灣精選高息,21,2,19,富邦-台東,2024-05-27,9608
2002,中鋼,18,0,18,富邦-台東,2024-05-27,9608
2324,仁寶,23,9,14,富邦-台東,2024-05-27,9608
2417,圓剛,13,0,13,富邦-台東,2024-05-27,9608
4976,佳凌,23,10,13,富邦-台東,2024-05-27,9608
2313,華通,11,0,11,富邦-台東,2024-05-27,9608
1806,冠軍,11,0,11,富邦-台東,2024-05-27,9608
00943,兆豐電子高息等權,10,0,10,富邦-台東,2024-05-27,9608
2014,中鴻,20,10,10,富邦-台東,2024-05-27,9608
2888,新光金,12,2,10,富邦-台東,2024-05-27,9608
3594,磐儀,10,0,10,富邦-台東,2024-05-27,9608
5230,雷笛克光學,11,1,10,富邦-台東,2024-05-27,9608
2367,燿華,30,21,9,富邦-台東,2024-05-27,9608
2610,華航,11,2,9,富邦-台東,2024-05-27,9608
1210,大成,8,0,8,富邦-台東,2024-05-27,9608
2353,宏��,72,64,8,富邦-台東,2024-05-27,9608
2449,京元電子,8,0,8,富邦-台東,2024-05-27,9608
00753L,中信中國50正2,7,0,7,富邦-台東,2024-05-27,9608
00933B,國泰10Y+金融債,7,0,7,富邦-台東,2024-05-27,9608
2352,佳世達,9,2,7,富邦-台東,2024-05-27,9608
3060,銘異,44,37,7,富邦-台東,2024-05-27,9608
2359,所羅門,6,0,6,富邦-台東,2024-05-27,9608
1560,中砂,6,0,6,富邦-台東,2024-05-27,9608
1437,勤益控,6,0,6,富邦-台東,2024-05-27,9608
2734,易飛網,6,0,6,富邦-台東,2024-05-27,9608
3321,同泰,6,0,6,富邦-台東,2024-05-27,9608
5871,中租-KY,5,0,5,富邦-台東,2024-05-27,9608
1522,堤維西,5,0,5,富邦-台東,2024-05-27,9608
2409,友達,5,0,5,富邦-台東,2024-05-27,9608
00946,群益科技高息成長,10,5,5,富邦-台東,2024-05-27,9608
1217,愛之味,5,0,5,富邦-台東,2024-05-27,9608
1460,宏遠,5,0,5,富邦-台東,2024-05-27,9608
2355,敬鵬,5,0,5,富邦-台東,2024-05-27,9608
3264,欣銓,5,0,5,富邦-台東,2024-05-27,9608
3714,富采,5,0,5,富邦-台東,2024-05-27,9608
5392,能率,5,0,5,富邦-台東,2024-05-27,9608
5498,凱崴,18,13,5,富邦-台東,2024-05-27,9608
6270,倍微,5,0,5,富邦-台東,2024-05-27,9608
9136,巨騰-DR,5,0,5,富邦-台東,2024-05-27,9608
5880,合庫金,6,2,4,富邦-台東,2024-05-27,9608
3030,德律,5,1,4,富邦-台東,2024-05-27,9608
1605,華新,11,7,4,富邦-台東,2024-05-27,9608
6166,凌華,910,467,443,富邦-台東,2024-05-28,9608
5371,中光電,116,8,108,富邦-台東,2024-05-28,9608
2888,新光金,120,25,95,富邦-台東,2024-05-28,9608
3483,力致,93,14,79,富邦-台東,2024-05-28,9608
00937B,群益ESG投等債20,69,21,48,富邦-台東,2024-05-28,9608
6188,廣明,58,13,45,富邦-台東,2024-05-28,9608
2891,中信金,48,5,43,富邦-台東,2024-05-28,9608
6120,達運,40,0,40,富邦-台東,2024-05-28,9608
00946,群益科技高息成長,37,0,37,富邦-台東,2024-05-28,9608
2354,鴻準,101,65,36,富邦-台東,2024-05-28,9608
3481,群創,34,0,34,富邦-台東,2024-05-28,9608
2313,華通,29,1,28,富邦-台東,2024-05-28,9608
00679B,元大美債20年,26,3,23,富邦-台東,2024-05-28,9608
00712,復華富時不動產,23,0,23,富邦-台東,2024-05-28,9608
00720B,元大投資級公司債,21,0,21,富邦-台東,2024-05-28,9608
2867,三商壽,21,0,21,富邦-台東,2024-05-28,9608
3338,泰碩,22,2,20,富邦-台東,2024-05-28,9608
2301,光寶科,19,1,18,富邦-台東,2024-05-28,9608
2365,昆盈,18,0,18,富邦-台東,2024-05-28,9608
1609,大亞,19,2,17,富邦-台東,2024-05-28,9608
1467,南緯,15,0,15,富邦-台東,2024-05-28,9608
5014,建錩,15,0,15,富邦-台東,2024-05-28,9608
2515,中工,13,0,13,富邦-台東,2024-05-28,9608
00940,元大台灣價值高息,40,27,13,富邦-台東,2024-05-28,9608
2464,盟立,39,27,12,富邦-台東,2024-05-28,9608
6005,群益證,12,0,12,富邦-台東,2024-05-28,9608
6274,台燿,13,1,12,富邦-台東,2024-05-28,9608
00632R,元大台灣50反1,10,0,10,富邦-台東,2024-05-28,9608
00896,中信綠能及電動車,10,0,10,富邦-台東,2024-05-28,9608
2887,台新金,10,0,10,富邦-台東,2024-05-28,9608
5230,雷笛克光學,12,2,10,富邦-台東,2024-05-28,9608
6215,和椿,13,3,10,富邦-台東,2024-05-28,9608
00918,大華優利高填息30,8,0,8,富邦-台東,2024-05-28,9608
2609,陽明,18,11,7,富邦-台東,2024-05-28,9608
2367,燿華,13,6,7,富邦-台東,2024-05-28,9608
2481,強茂,8,1,7,富邦-台東,2024-05-28,9608
2353,宏��,39,33,6,富邦-台東,2024-05-28,9608
2368,金像電,6,0,6,富邦-台東,2024-05-28,9608
2634,漢翔,6,0,6,富邦-台東,2024-05-28,9608
3306,鼎天,9,3,6,富邦-台東,2024-05-28,9608
5498,凱崴,7,1,6,富邦-台東,2024-05-28,9608
6147,頎邦,8,2,6,富邦-台東,2024-05-28,9608
6168,宏齊,10,4,6,富邦-台東,2024-05-28,9608
5880,合庫金,6,0,6,富邦-台東,2024-05-28,9608
1504,東元,7,2,5,富邦-台東,2024-05-28,9608
00919,群益台灣精選高息,10,5,5,富邦-台東,2024-05-28,9608
2204,中華,30,25,5,富邦-台東,2024-05-28,9608
2324,仁寶,12,7,5,富邦-台東,2024-05-28,9608
1532,勤美,6,1,5,富邦-台東,2024-05-28,9608
2615,萬海,14,9,5,富邦-台東,2024-05-28,9608
00937B,群益ESG投等債20,209,0,209,富邦-台東,2024-05-29,9608
00632R,元大台灣50反1,110,0,110,富邦-台東,2024-05-29,9608
00679B,元大美債20年,116,11,105,富邦-台東,2024-05-29,9608
2610,華航,85,2,83,富邦-台東,2024-05-29,9608
3338,泰碩,66,1,65,富邦-台東,2024-05-29,9608
3321,同泰,50,0,50,富邦-台東,2024-05-29,9608
00751B,元大AAA至A公司債,50,0,50,富邦-台東,2024-05-29,9608
3481,群創,49,5,44,富邦-台東,2024-05-29,9608
2618,長榮航,69,29,40,富邦-台東,2024-05-29,9608
2353,宏��,44,5,39,富邦-台東,2024-05-29,9608
3356,奇偶,40,6,34,富邦-台東,2024-05-29,9608
2489,瑞軒,56,23,33,富邦-台東,2024-05-29,9608
00752,中信中國50,31,0,31,富邦-台東,2024-05-29,9608
2834,臺企銀,35,6,29,富邦-台東,2024-05-29,9608
2887,台新金,28,2,26,富邦-台東,2024-05-29,9608
2401,凌陽,31,8,23,富邦-台東,2024-05-29,9608
6005,群益證,21,0,21,富邦-台東,2024-05-29,9608
2344,華邦電,20,0,20,富邦-台東,2024-05-29,9608
2002,中鋼,17,0,17,富邦-台東,2024-05-29,9608
4714,永捷,17,0,17,富邦-台東,2024-05-29,9608
00687B,國泰20年美債,16,0,16,富邦-台東,2024-05-29,9608
6757,台灣虎航,15,0,15,富邦-台東,2024-05-29,9608
6189,豐藝,20,6,14,富邦-台東,2024-05-29,9608
2867,三商壽,31,18,13,富邦-台東,2024-05-29,9608
2880,華南金,13,0,13,富邦-台東,2024-05-29,9608
3372,典範,15,2,13,富邦-台東,2024-05-29,9608
3260,威剛,19,6,13,富邦-台東,2024-05-29,9608
3706,神達,18,6,12,富邦-台東,2024-05-29,9608
2886,兆豐金,11,0,11,富邦-台東,2024-05-29,9608
5880,合庫金,11,0,11,富邦-台東,2024-05-29,9608
2388,威盛,11,0,11,富邦-台東,2024-05-29,9608
6227,茂綸,14,3,11,富邦-台東,2024-05-29,9608
2317,鴻海,19,8,11,富邦-台東,2024-05-29,9608
2891,中信金,10,0,10,富邦-台東,2024-05-29,9608
3704,合勤控,10,0,10,富邦-台東,2024-05-29,9608
6640,均華,10,0,10,富邦-台東,2024-05-29,9608
00878,國泰永續高股息,121,111,10,富邦-台東,2024-05-29,9608
2464,盟立,32,23,9,富邦-台東,2024-05-29,9608
00720B,元大投資級公司債,9,0,9,富邦-台東,2024-05-29,9608
00706L,期元大S＆P日圓正2,9,0,9,富邦-台東,2024-05-29,9608
2329,華泰,21,12,9,富邦-台東,2024-05-29,9608
3029,零壹,10,1,9,富邦-台東,2024-05-29,9608
00795B,中信美國公債20年,8,0,8,富邦-台東,2024-05-29,9608
00680L,元大美債20正2,53,45,8,富邦-台東,2024-05-29,9608
3047,訊舟,22,14,8,富邦-台東,2024-05-29,9608
3231,緯創,26,18,8,富邦-台東,2024-05-29,9608
2354,鴻準,71,64,7,富邦-台東,2024-05-29,9608
2605,新興,24,17,7,富邦-台東,2024-05-29,9608
2615,萬海,19,12,7,富邦-台東,2024-05-29,9608
2609,陽明,20,13,7,富邦-台東,2024-05-29,9608
00679B,元大美債20年,85,5,80,富邦-台東,2024-05-30,9608
00632R,元大台灣50反1,87,11,76,富邦-台東,2024-05-30,9608
00929,復華台灣科技優息,81,19,62,富邦-台東,2024-05-30,9608
3049,精金,62,2,60,富邦-台東,2024-05-30,9608
1815,富喬,75,28,47,富邦-台東,2024-05-30,9608
1718,中纖,40,0,40,富邦-台東,2024-05-30,9608
3483,力致,34,1,33,富邦-台東,2024-05-30,9608
00919,群益台灣精選高息,33,0,33,富邦-台東,2024-05-30,9608
2890,永豐金,32,0,32,富邦-台東,2024-05-30,9608
00941,中信上游半導體,31,0,31,富邦-台東,2024-05-30,9608
2495,普安,31,1,30,富邦-台東,2024-05-30,9608
2405,輔信,45,16,29,富邦-台東,2024-05-30,9608
4533,協易機,394,365,29,富邦-台東,2024-05-30,9608
2324,仁寶,30,5,25,富邦-台東,2024-05-30,9608
2363,矽統,30,9,21,富邦-台東,2024-05-30,9608
2301,光寶科,23,3,20,富邦-台東,2024-05-30,9608
3047,訊舟,33,14,19,富邦-台東,2024-05-30,9608
2353,宏��,34,15,19,富邦-台東,2024-05-30,9608
00915,凱基優選高股息30,18,0,18,富邦-台東,2024-05-30,9608
2313,華通,20,2,18,富邦-台東,2024-05-30,9608
00878,國泰永續高股息,69,52,17,富邦-台東,2024-05-30,9608
3363,上詮,18,1,17,富邦-台東,2024-05-30,9608
3013,晟銘電,20,3,17,富邦-台東,2024-05-30,9608
00687B,國泰20年美債,15,0,15,富邦-台東,2024-05-30,9608
2618,長榮航,29,14,15,富邦-台東,2024-05-30,9608
00937B,群益ESG投等債20,17,2,15,富邦-台東,2024-05-30,9608
00680L,元大美債20正2,15,0,15,富邦-台東,2024-05-30,9608
1337,再生-KY,15,0,15,富邦-台東,2024-05-30,9608
9136,巨騰-DR,15,0,15,富邦-台東,2024-05-30,9608
00857B,永豐20年美公債,14,0,14,富邦-台東,2024-05-30,9608
1102,亞泥,15,1,14,富邦-台東,2024-05-30,9608
2605,新興,22,9,13,富邦-台東,2024-05-30,9608
2606,裕民,14,1,13,富邦-台東,2024-05-30,9608
2330,台積電,16,3,13,富邦-台東,2024-05-30,9608
2025,千興,12,0,12,富邦-台東,2024-05-30,9608
2367,燿華,16,4,12,富邦-台東,2024-05-30,9608
2867,三商壽,32,21,11,富邦-台東,2024-05-30,9608
2883,凱基金,11,0,11,富邦-台東,2024-05-30,9608
2464,盟立,12,2,10,富邦-台東,2024-05-30,9608
2002,中鋼,10,0,10,富邦-台東,2024-05-30,9608
00708L,期元大S＆P黃金正2,10,0,10,富邦-台東,2024-05-30,9608
1453,大將,10,0,10,富邦-台東,2024-05-30,9608
1467,南緯,10,0,10,富邦-台東,2024-05-30,9608
2014,中鴻,10,0,10,富邦-台東,2024-05-30,9608
2449,京元電子,12,2,10,富邦-台東,2024-05-30,9608
3266,昇陽,10,0,10,富邦-台東,2024-05-30,9608
3535,晶彩科,10,0,10,富邦-台東,2024-05-30,9608
6167,久正,10,0,10,富邦-台東,2024-05-30,9608
6438,迅得,10,0,10,富邦-台東,2024-05-30,9608
6443,元晶,10,0,10,富邦-台東,2024-05-30,9608
00715L,期街口布蘭特正2,60,0,60,富邦-台東,2024-05-31,9608
00919,群益台灣精選高息,58,0,58,富邦-台東,2024-05-31,9608
00929,復華台灣科技優息,65,9,56,富邦-台東,2024-05-31,9608
1101,台泥,30,0,30,富邦-台東,2024-05-31,9608
0056,元大高股息,29,2,27,富邦-台東,2024-05-31,9608
2356,英業達,23,0,23,富邦-台東,2024-05-31,9608
2641,正德,30,8,22,富邦-台東,2024-05-31,9608
1305,華夏,21,0,21,富邦-台東,2024-05-31,9608
5880,合庫金,20,0,20,富邦-台東,2024-05-31,9608
2609,陽明,55,36,19,富邦-台東,2024-05-31,9608
2547,日勝生,25,6,19,富邦-台東,2024-05-31,9608
2344,華邦電,23,6,17,富邦-台東,2024-05-31,9608
2317,鴻海,29,13,16,富邦-台東,2024-05-31,9608
00679B,元大美債20年,15,2,13,富邦-台東,2024-05-31,9608
1303,南亞,13,0,13,富邦-台東,2024-05-31,9608
3535,晶彩科,21,8,13,富邦-台東,2024-05-31,9608
00946,群益科技高息成長,14,2,12,富邦-台東,2024-05-31,9608
2451,創見,12,0,12,富邦-台東,2024-05-31,9608
5347,世界,12,1,11,富邦-台東,2024-05-31,9608
3062,建漢,11,0,11,富邦-台東,2024-05-31,9608
4976,佳凌,11,0,11,富邦-台東,2024-05-31,9608
2324,仁寶,12,2,10,富邦-台東,2024-05-31,9608
4510,高鋒,10,0,10,富邦-台東,2024-05-31,9608
6005,群益證,12,2,10,富邦-台東,2024-05-31,9608
8028,昇陽半導體,10,0,10,富邦-台東,2024-05-31,9608
9105,泰金寶-DR,10,0,10,富邦-台東,2024-05-31,9608
912000,晨訊科-DR,10,0,10,富邦-台東,2024-05-31,9608
2382,廣達,10,0,10,富邦-台東,2024-05-31,9608
1560,中砂,12,3,9,富邦-台東,2024-05-31,9608
1440,南紡,20,11,9,富邦-台東,2024-05-31,9608
2880,華南金,9,0,9,富邦-台東,2024-05-31,9608
3033,威健,10,1,9,富邦-台東,2024-05-31,9608
6152,百一,9,0,9,富邦-台東,2024-05-31,9608
00935,野村臺灣新科技50,8,0,8,富邦-台東,2024-05-31,9608
2328,廣宇,12,4,8,富邦-台東,2024-05-31,9608
2606,裕民,8,0,8,富邦-台東,2024-05-31,9608
6695,芯鼎,11,3,8,富邦-台東,2024-05-31,9608
3231,緯創,9,2,7,富邦-台東,2024-05-31,9608
6239,力成,6,0,6,富邦-台東,2024-05-31,9608
00918,大華優利高填息30,9,3,6,富邦-台東,2024-05-31,9608
00891,中信關鍵半導體,6,0,6,富邦-台東,2024-05-31,9608
2368,金像電,7,1,6,富邦-台東,2024-05-31,9608
2330,台積電,8,2,6,富邦-台東,2024-05-31,9608
00878,國泰永續高股息,15,9,6,富邦-台東,2024-05-31,9608
4763,材料-KY,5,0,5,富邦-台東,2024-05-31,9608
2379,瑞昱,5,0,5,富邦-台東,2024-05-31,9608
00751B,元大AAA至A公司債,5,0,5,富邦-台東,2024-05-31,9608
1536,和大,5,0,5,富邦-台東,2024-05-31,9608
2332,友訊,5,0,5,富邦-台東,2024-05-31,9608
2405,輔信,5,0,5,富邦-台東,2024-05-31,9608
00719B,元大美債1-3,148,0,148,富邦-台東,2024-06-03,9608
3228,金麗科,76,0,76,富邦-台東,2024-06-03,9608
00937B,群益ESG投等債20,71,7,64,富邦-台東,2024-06-03,9608
00919,群益台灣精選高息,68,7,61,富邦-台東,2024-06-03,9608
1316,上曜,54,3,51,富邦-台東,2024-06-03,9608
3483,力致,56,6,50,富邦-台東,2024-06-03,9608
3338,泰碩,42,2,40,富邦-台東,2024-06-03,9608
1718,中纖,30,0,30,富邦-台東,2024-06-03,9608
2367,燿華,36,6,30,富邦-台東,2024-06-03,9608
00715L,期街口布蘭特正2,25,0,25,富邦-台東,2024-06-03,9608
2615,萬海,36,13,23,富邦-台東,2024-06-03,9608
9105,泰金寶-DR,22,0,22,富邦-台東,2024-06-03,9608
2888,新光金,80,58,22,富邦-台東,2024-06-03,9608
1536,和大,21,0,21,富邦-台東,2024-06-03,9608
3535,晶彩科,21,0,21,富邦-台東,2024-06-03,9608
1340,勝悅-KY,20,0,20,富邦-台東,2024-06-03,9608
4714,永捷,20,0,20,富邦-台東,2024-06-03,9608
2241,艾姆勒,19,0,19,富邦-台東,2024-06-03,9608
2547,日勝生,15,0,15,富邦-台東,2024-06-03,9608
3268,海德威,16,1,15,富邦-台東,2024-06-03,9608
2317,鴻海,20,5,15,富邦-台東,2024-06-03,9608
2354,鴻準,36,22,14,富邦-台東,2024-06-03,9608
2376,技嘉,14,1,13,富邦-台東,2024-06-03,9608
2449,京元電子,12,0,12,富邦-台東,2024-06-03,9608
2451,創見,12,0,12,富邦-台東,2024-06-03,9608
2880,華南金,11,0,11,富邦-台東,2024-06-03,9608
2324,仁寶,11,0,11,富邦-台東,2024-06-03,9608
2353,宏��,20,10,10,富邦-台東,2024-06-03,9608
00664R,國泰臺灣加權反1,10,0,10,富邦-台東,2024-06-03,9608
1217,愛之味,10,0,10,富邦-台東,2024-06-03,9608
2371,大同,14,4,10,富邦-台東,2024-06-03,9608
5302,太欣,10,0,10,富邦-台東,2024-06-03,9608
8050,廣積,10,0,10,富邦-台東,2024-06-03,9608
8085,福華,10,0,10,富邦-台東,2024-06-03,9608
1560,中砂,13,3,10,富邦-台東,2024-06-03,9608
00946,群益科技高息成長,9,0,9,富邦-台東,2024-06-03,9608
2867,三商壽,10,1,9,富邦-台東,2024-06-03,9608
00878,國泰永續高股息,15,6,9,富邦-台東,2024-06-03,9608
2605,新興,8,0,8,富邦-台東,2024-06-03,9608
8429,金麗-KY,8,0,8,富邦-台東,2024-06-03,9608
2618,長榮航,24,17,7,富邦-台東,2024-06-03,9608
1795,美時,7,0,7,富邦-台東,2024-06-03,9608
00708L,期元大S＆P黃金正2,7,0,7,富邦-台東,2024-06-03,9608
00632R,元大台灣50反1,30,23,7,富邦-台東,2024-06-03,9608
2038,海光,7,0,7,富邦-台東,2024-06-03,9608
2363,矽統,9,2,7,富邦-台東,2024-06-03,9608
2489,瑞軒,14,8,6,富邦-台東,2024-06-03,9608
1725,元禎,6,0,6,富邦-台東,2024-06-03,9608
2608,嘉里大榮,7,1,6,富邦-台東,2024-06-03,9608
3234,光環,6,0,6,富邦-台東,2024-06-03,9608
00715L,期街口布蘭特正2,111,25,86,富邦-台東,2024-06-04,9608
3706,神達,68,7,61,富邦-台東,2024-06-04,9608
2888,新光金,61,15,46,富邦-台東,2024-06-04,9608
00936,台新永續高息中小,40,0,40,富邦-台東,2024-06-04,9608
3013,晟銘電,75,36,39,富邦-台東,2024-06-04,9608
00929,復華台灣科技優息,40,2,38,富邦-台東,2024-06-04,9608
2331,精英,45,12,33,富邦-台東,2024-06-04,9608
3260,威剛,35,5,30,富邦-台東,2024-06-04,9608
2002,中鋼,22,0,22,富邦-台東,2024-06-04,9608
2038,海光,22,0,22,富邦-台東,2024-06-04,9608
00642U,期元大S＆P石油,21,0,21,富邦-台東,2024-06-04,9608
00907,永豐優息存股,20,0,20,富邦-台東,2024-06-04,9608
6534,正瀚-創,20,0,20,富邦-台東,2024-06-04,9608
2344,華邦電,21,2,19,富邦-台東,2024-06-04,9608
00918,大華優利高填息30,19,1,18,富邦-台東,2024-06-04,9608
2317,鴻海,28,10,18,富邦-台東,2024-06-04,9608
2354,鴻準,23,6,17,富邦-台東,2024-06-04,9608
2362,藍天,16,0,16,富邦-台東,2024-06-04,9608
1102,亞泥,14,0,14,富邦-台東,2024-06-04,9608
2880,華南金,13,0,13,富邦-台東,2024-06-04,9608
8277,商丞,15,2,13,富邦-台東,2024-06-04,9608
00878,國泰永續高股息,21,8,13,富邦-台東,2024-06-04,9608
6125,廣運,33,21,12,富邦-台東,2024-06-04,9608
2014,中鴻,12,0,12,富邦-台東,2024-06-04,9608
2641,正德,12,0,12,富邦-台東,2024-06-04,9608
3325,旭品,15,3,12,富邦-台東,2024-06-04,9608
2801,彰銀,12,0,12,富邦-台東,2024-06-04,9608
2882,國泰金,11,0,11,富邦-台東,2024-06-04,9608
2312,金寶,33,22,11,富邦-台東,2024-06-04,9608
1337,再生-KY,10,0,10,富邦-台東,2024-06-04,9608
2367,燿華,34,24,10,富邦-台東,2024-06-04,9608
2610,華航,10,0,10,富邦-台東,2024-06-04,9608
2845,遠東銀,10,0,10,富邦-台東,2024-06-04,9608
3231,緯創,24,15,9,富邦-台東,2024-06-04,9608
4967,十銓,29,20,9,富邦-台東,2024-06-04,9608
2504,國產,9,0,9,富邦-台東,2024-06-04,9608
2009,第一銅,14,6,8,富邦-台東,2024-06-04,9608
2303,聯電,9,1,8,富邦-台東,2024-06-04,9608
2316,楠梓電,8,0,8,富邦-台東,2024-06-04,9608
3060,銘異,58,50,8,富邦-台東,2024-06-04,9608
2382,廣達,9,1,8,富邦-台東,2024-06-04,9608
2324,仁寶,20,13,7,富邦-台東,2024-06-04,9608
4562,穎漢,12,5,7,富邦-台東,2024-06-04,9608
00679B,元大美債20年,20,13,7,富邦-台東,2024-06-04,9608
5289,宜鼎,7,0,7,富邦-台東,2024-06-04,9608
2615,萬海,16,9,7,富邦-台東,2024-06-04,9608
2301,光寶科,10,3,7,富邦-台東,2024-06-04,9608
00941,中信上游半導體,10,4,6,富邦-台東,2024-06-04,9608
2368,金像電,6,0,6,富邦-台東,2024-06-04,9608
4571,鈞興-KY,6,0,6,富邦-台東,2024-06-04,9608
2641,正德,223,5,218,富邦-台東,2024-06-05,9608
00919,群益台灣精選高息,70,6,64,富邦-台東,2024-06-05,9608
00929,復華台灣科技優息,60,1,59,富邦-台東,2024-06-05,9608
3481,群創,53,1,52,富邦-台東,2024-06-05,9608
00715L,期街口布蘭特正2,50,0,50,富邦-台東,2024-06-05,9608
2834,臺企銀,41,5,36,富邦-台東,2024-06-05,9608
3483,力致,45,13,32,富邦-台東,2024-06-05,9608
00632R,元大台灣50反1,30,0,30,富邦-台東,2024-06-05,9608
2887,台新金,30,0,30,富邦-台東,2024-06-05,9608
2888,新光金,50,22,28,富邦-台東,2024-06-05,9608
2610,華航,32,7,25,富邦-台東,2024-06-05,9608
2891,中信金,32,9,23,富邦-台東,2024-06-05,9608
2867,三商壽,30,8,22,富邦-台東,2024-06-05,9608
2885,元大金,22,0,22,富邦-台東,2024-06-05,9608
8085,福華,20,0,20,富邦-台東,2024-06-05,9608
912000,晨訊科-DR,20,0,20,富邦-台東,2024-06-05,9608
2618,長榮航,41,24,17,富邦-台東,2024-06-05,9608
4123,晟德,18,2,16,富邦-台東,2024-06-05,9608
2303,聯電,17,2,15,富邦-台東,2024-06-05,9608
2317,鴻海,23,8,15,富邦-台東,2024-06-05,9608
00936,台新永續高息中小,14,0,14,富邦-台東,2024-06-05,9608
3564,其陽,15,2,13,富邦-台東,2024-06-05,9608
6186,新潤,13,0,13,富邦-台東,2024-06-05,9608
2354,鴻準,26,13,13,富邦-台東,2024-06-05,9608
8277,商丞,13,1,12,富邦-台東,2024-06-05,9608
9105,泰金寶-DR,12,0,12,富邦-台東,2024-06-05,9608
2009,第一銅,19,7,12,富邦-台東,2024-06-05,9608
2323,中環,11,0,11,富邦-台東,2024-06-05,9608
6215,和椿,16,5,11,富邦-台東,2024-06-05,9608
2337,旺宏,10,0,10,富邦-台東,2024-06-05,9608
2852,第一保,10,0,10,富邦-台東,2024-06-05,9608
3059,華晶科,10,0,10,富邦-台東,2024-06-05,9608
6182,合晶,10,0,10,富邦-台東,2024-06-05,9608
8110,華東,10,0,10,富邦-台東,2024-06-05,9608
00679B,元大美債20年,10,0,10,富邦-台東,2024-06-05,9608
3540,曜越,10,2,8,富邦-台東,2024-06-05,9608
00946,群益科技高息成長,8,0,8,富邦-台東,2024-06-05,9608
2880,華南金,8,0,8,富邦-台東,2024-06-05,9608
00918,大華優利高填息30,10,3,7,富邦-台東,2024-06-05,9608
2353,宏��,9,2,7,富邦-台東,2024-06-05,9608
2464,盟立,12,5,7,富邦-台東,2024-06-05,9608
00753L,中信中國50正2,7,0,7,富邦-台東,2024-06-05,9608
1532,勤美,8,1,7,富邦-台東,2024-06-05,9608
2002,中鋼,7,0,7,富邦-台東,2024-06-05,9608
2301,光寶科,8,1,7,富邦-台東,2024-06-05,9608
6190,萬泰科,7,0,7,富邦-台東,2024-06-05,9608
2417,圓剛,8,2,6,富邦-台東,2024-06-05,9608
1528,恩德,6,0,6,富邦-台東,2024-06-05,9608
1609,大亞,6,0,6,富邦-台東,2024-06-05,9608
2105,正新,6,0,6,富邦-台東,2024-06-05,9608
00632R,元大台灣50反1,181,10,171,富邦-台東,2024-06-06,9608
00687B,國泰20年美債,91,1,90,富邦-台東,2024-06-06,9608
00929,復華台灣科技優息,78,2,76,富邦-台東,2024-06-06,9608
2328,廣宇,21,3,18,富邦-台東,2024-06-06,9608
2354,鴻準,22,5,17,富邦-台東,2024-06-06,9608
5302,太欣,27,10,17,富邦-台東,2024-06-06,9608
2317,鴻海,34,18,16,富邦-台東,2024-06-06,9608
00918,大華優利高填息30,18,3,15,富邦-台東,2024-06-06,9608
3372,典範,15,0,15,富邦-台東,2024-06-06,9608
2002,中鋼,16,1,15,富邦-台東,2024-06-06,9608
2888,新光金,20,6,14,富邦-台東,2024-06-06,9608
2609,陽明,119,105,14,富邦-台東,2024-06-06,9608
2464,盟立,15,3,12,富邦-台東,2024-06-06,9608
00937B,群益ESG投等債20,13,1,12,富邦-台東,2024-06-06,9608
6841,長佳智能,15,3,12,富邦-台東,2024-06-06,9608
2014,中鴻,11,0,11,富邦-台東,2024-06-06,9608
3338,泰碩,11,0,11,富邦-台東,2024-06-06,9608
1337,再生-KY,10,0,10,富邦-台東,2024-06-06,9608
1616,億泰,10,0,10,富邦-台東,2024-06-06,9608
2836,高雄銀,10,0,10,富邦-台東,2024-06-06,9608
5876,上海商銀,10,0,10,富邦-台東,2024-06-06,9608
00936,台新永續高息中小,9,0,9,富邦-台東,2024-06-06,9608
3013,晟銘電,21,12,9,富邦-台東,2024-06-06,9608
2353,宏��,10,2,8,富邦-台東,2024-06-06,9608
6742,澤米,8,0,8,富邦-台東,2024-06-06,9608
3231,緯創,9,1,8,富邦-台東,2024-06-06,9608
4967,十銓,20,13,7,富邦-台東,2024-06-06,9608
2312,金寶,21,15,6,富邦-台東,2024-06-06,9608
3312,弘憶股,7,1,6,富邦-台東,2024-06-06,9608
2882,國泰金,10,4,6,富邦-台東,2024-06-06,9608
3264,欣銓,6,0,6,富邦-台東,2024-06-06,9608
8112,至上,7,1,6,富邦-台東,2024-06-06,9608
2308,台達電,8,2,6,富邦-台東,2024-06-06,9608
00676R,富邦臺灣加權反1,5,0,5,富邦-台東,2024-06-06,9608
00882,中信中國高股息,5,0,5,富邦-台東,2024-06-06,9608
00752,中信中國50,5,0,5,富邦-台東,2024-06-06,9608
00857B,永豐20年美公債,5,0,5,富邦-台東,2024-06-06,9608
1340,勝悅-KY,5,0,5,富邦-台東,2024-06-06,9608
2101,南港,8,3,5,富邦-台東,2024-06-06,9608
2375,凱美,5,0,5,富邦-台東,2024-06-06,9608
3234,光環,5,0,5,富邦-台東,2024-06-06,9608
3450,聯鈞,7,2,5,富邦-台東,2024-06-06,9608
3715,定穎投控,5,0,5,富邦-台東,2024-06-06,9608
4763,材料-KY,5,0,5,富邦-台東,2024-06-06,9608
6152,百一,5,0,5,富邦-台東,2024-06-06,9608
6190,萬泰科,5,0,5,富邦-台東,2024-06-06,9608
00878,國泰永續高股息,7,3,4,富邦-台東,2024-06-06,9608
3564,其陽,9,5,4,富邦-台東,2024-06-06,9608
2603,長榮,11,7,4,富邦-台東,2024-06-06,9608
2537,聯上發,11,7,4,富邦-台東,2024-06-06,9608
00936,台新永續高息中小,208,0,208,富邦-台東,2024-06-07,9608
00942B,台新美A公司債20+,150,0,150,富邦-台東,2024-06-07,9608
2489,瑞軒,65,0,65,富邦-台東,2024-06-07,9608
00929,復華台灣科技優息,64,2,62,富邦-台東,2024-06-07,9608
00946,群益科技高息成長,58,0,58,富邦-台東,2024-06-07,9608
00687B,國泰20年美債,35,1,34,富邦-台東,2024-06-07,9608
00918,大華優利高填息30,34,2,32,富邦-台東,2024-06-07,9608
1710,東聯,30,2,28,富邦-台東,2024-06-07,9608
2884,玉山金,20,0,20,富邦-台東,2024-06-07,9608
00933B,國泰10Y+金融債,20,0,20,富邦-台東,2024-06-07,9608
00673R,期元大S＆P原油反1,20,0,20,富邦-台東,2024-06-07,9608
6155,鈞寶,17,0,17,富邦-台東,2024-06-07,9608
00680L,元大美債20正2,15,0,15,富邦-台東,2024-06-07,9608
1440,南紡,25,10,15,富邦-台東,2024-06-07,9608
2313,華通,31,16,15,富邦-台東,2024-06-07,9608
2371,大同,18,4,14,富邦-台東,2024-06-07,9608
2727,王品,13,0,13,富邦-台東,2024-06-07,9608
5302,太欣,12,0,12,富邦-台東,2024-06-07,9608
9938,百和,12,0,12,富邦-台東,2024-06-07,9608
2312,金寶,25,14,11,富邦-台東,2024-06-07,9608
2354,鴻準,12,1,11,富邦-台東,2024-06-07,9608
3479,安勤,11,0,11,富邦-台東,2024-06-07,9608
6215,和椿,17,6,11,富邦-台東,2024-06-07,9608
2353,宏��,17,7,10,富邦-台東,2024-06-07,9608
5426,振發,10,0,10,富邦-台東,2024-06-07,9608
8163,達方,10,0,10,富邦-台東,2024-06-07,9608
3338,泰碩,30,21,9,富邦-台東,2024-06-07,9608
6196,帆宣,9,0,9,富邦-台東,2024-06-07,9608
2883,凱基金,50,42,8,富邦-台東,2024-06-07,9608
5468,凱鈺,8,0,8,富邦-台東,2024-06-07,9608
4543,萬在,10,3,7,富邦-台東,2024-06-07,9608
2538,基泰,7,0,7,富邦-台東,2024-06-07,9608
3122,笙泉,9,2,7,富邦-台東,2024-06-07,9608
3260,威剛,8,1,7,富邦-台東,2024-06-07,9608
5392,能率,12,5,7,富邦-台東,2024-06-07,9608
6005,群益證,17,10,7,富邦-台東,2024-06-07,9608
8110,華東,10,3,7,富邦-台東,2024-06-07,9608
00679B,元大美債20年,14,8,6,富邦-台東,2024-06-07,9608
1445,大宇,6,0,6,富邦-台東,2024-06-07,9608
2324,仁寶,6,0,6,富邦-台東,2024-06-07,9608
2365,昆盈,6,0,6,富邦-台東,2024-06-07,9608
4934,太極,6,0,6,富邦-台東,2024-06-07,9608
3363,上詮,8,2,6,富邦-台東,2024-06-07,9608
00919,群益台灣精選高息,15,10,5,富邦-台東,2024-06-07,9608
00878,國泰永續高股息,6,1,5,富邦-台東,2024-06-07,9608
2317,鴻海,11,6,5,富邦-台東,2024-06-07,9608
4956,光鋐,14,9,5,富邦-台東,2024-06-07,9608
1340,勝悅-KY,5,0,5,富邦-台東,2024-06-07,9608
1467,南緯,5,0,5,富邦-台東,2024-06-07,9608
2014,中鴻,15,10,5,富邦-台東,2024-06-07,9608
00936,台新永續高息中小,102,0,102,富邦-台東,2024-06-11,9608
00937B,群益ESG投等債20,72,0,72,富邦-台東,2024-06-11,9608
1710,東聯,70,0,70,富邦-台東,2024-06-11,9608
2618,長榮航,126,59,67,富邦-台東,2024-06-11,9608
00942B,台新美A公司債20+,60,0,60,富邦-台東,2024-06-11,9608
3481,群創,59,0,59,富邦-台東,2024-06-11,9608
6167,久正,55,0,55,富邦-台東,2024-06-11,9608
00637L,元大滬深300正2,100,47,53,富邦-台東,2024-06-11,9608
00919,群益台灣精選高息,46,1,45,富邦-台東,2024-06-11,9608
1316,上曜,48,11,37,富邦-台東,2024-06-11,9608
2344,華邦電,35,0,35,富邦-台東,2024-06-11,9608
2609,陽明,91,58,33,富邦-台東,2024-06-11,9608
2606,裕民,35,2,33,富邦-台東,2024-06-11,9608
3338,泰碩,31,0,31,富邦-台東,2024-06-11,9608
1742,台蠟,30,0,30,富邦-台東,2024-06-11,9608
9105,泰金寶-DR,30,0,30,富邦-台東,2024-06-11,9608
1514,亞力,38,10,28,富邦-台東,2024-06-11,9608
00687B,國泰20年美債,26,0,26,富邦-台東,2024-06-11,9608
1609,大亞,37,11,26,富邦-台東,2024-06-11,9608
2002,中鋼,26,1,25,富邦-台東,2024-06-11,9608
00878,國泰永續高股息,20,0,20,富邦-台東,2024-06-11,9608
2643,捷迅,20,1,19,富邦-台東,2024-06-11,9608
2888,新光金,42,23,19,富邦-台東,2024-06-11,9608
8085,福華,19,0,19,富邦-台東,2024-06-11,9608
1815,富喬,29,11,18,富邦-台東,2024-06-11,9608
2610,華航,26,8,18,富邦-台東,2024-06-11,9608
2367,燿華,29,12,17,富邦-台東,2024-06-11,9608
3047,訊舟,24,9,15,富邦-台東,2024-06-11,9608
912000,晨訊科-DR,14,0,14,富邦-台東,2024-06-11,9608
9945,潤泰新,18,4,14,富邦-台東,2024-06-11,9608
00918,大華優利高填息30,28,14,14,富邦-台東,2024-06-11,9608
2615,萬海,34,21,13,富邦-台東,2024-06-11,9608
00935,野村臺灣新科技50,13,0,13,富邦-台東,2024-06-11,9608
2467,志聖,13,0,13,富邦-台東,2024-06-11,9608
3042,晶技,13,1,12,富邦-台東,2024-06-11,9608
3535,晶彩科,17,5,12,富邦-台東,2024-06-11,9608
00692,富邦公司治理,12,1,11,富邦-台東,2024-06-11,9608
00679B,元大美債20年,11,0,11,富邦-台東,2024-06-11,9608
00720B,元大投資級公司債,11,0,11,富邦-台東,2024-06-11,9608
2834,臺企銀,11,0,11,富邦-台東,2024-06-11,9608
3032,偉訓,11,0,11,富邦-台東,2024-06-11,9608
3260,威剛,11,0,11,富邦-台東,2024-06-11,9608
00933B,國泰10Y+金融債,10,0,10,富邦-台東,2024-06-11,9608
00708L,期元大S＆P黃金正2,10,0,10,富邦-台東,2024-06-11,9608
00673R,期元大S＆P原油反1,10,0,10,富邦-台東,2024-06-11,9608
3508,位速,10,0,10,富邦-台東,2024-06-11,9608
5515,建國,10,0,10,富邦-台東,2024-06-11,9608
8027,鈦昇,10,0,10,富邦-台東,2024-06-11,9608
1560,中砂,10,0,10,富邦-台東,2024-06-11,9608
2371,大同,25,16,9,富邦-台東,2024-06-11,9608
00929,復華台灣科技優息,54,4,50,富邦-台東,2024-06-12,9608
1710,東聯,50,0,50,富邦-台東,2024-06-12,9608
6167,久正,50,0,50,富邦-台東,2024-06-12,9608
00632R,元大台灣50反1,57,15,42,富邦-台東,2024-06-12,9608
3481,群創,32,0,32,富邦-台東,2024-06-12,9608
00864B,中信美國公債0-1,27,0,27,富邦-台東,2024-06-12,9608
2867,三商壽,23,0,23,富邦-台東,2024-06-12,9608
3363,上詮,33,12,21,富邦-台東,2024-06-12,9608
00720B,元大投資級公司債,20,0,20,富邦-台東,2024-06-12,9608
00687B,國泰20年美債,17,0,17,富邦-台東,2024-06-12,9608
00918,大華優利高填息30,16,0,16,富邦-台東,2024-06-12,9608
00919,群益台灣精選高息,17,1,16,富邦-台東,2024-06-12,9608
2356,英業達,18,3,15,富邦-台東,2024-06-12,9608
2038,海光,15,0,15,富邦-台東,2024-06-12,9608
2834,臺企銀,15,0,15,富邦-台東,2024-06-12,9608
2002,中鋼,14,0,14,富邦-台東,2024-06-12,9608
1611,中電,14,0,14,富邦-台東,2024-06-12,9608
2892,第一金,15,1,14,富邦-台東,2024-06-12,9608
1514,亞力,20,7,13,富邦-台東,2024-06-12,9608
3029,零壹,14,1,13,富邦-台東,2024-06-12,9608
2606,裕民,12,0,12,富邦-台東,2024-06-12,9608
00948B,中信優息投資級債,11,0,11,富邦-台東,2024-06-12,9608
2888,新光金,15,4,11,富邦-台東,2024-06-12,9608
00673R,期元大S＆P原油反1,10,0,10,富邦-台東,2024-06-12,9608
00713,元大台灣高息低波,10,0,10,富邦-台東,2024-06-12,9608
1536,和大,10,0,10,富邦-台東,2024-06-12,9608
2352,佳世達,10,0,10,富邦-台東,2024-06-12,9608
6016,康和證,10,0,10,富邦-台東,2024-06-12,9608
2368,金像電,9,0,9,富邦-台東,2024-06-12,9608
4562,穎漢,9,0,9,富邦-台東,2024-06-12,9608
2511,太子,8,0,8,富邦-台東,2024-06-12,9608
2609,陽明,93,85,8,富邦-台東,2024-06-12,9608
00680L,元大美債20正2,7,0,7,富邦-台東,2024-06-12,9608
2885,元大金,7,0,7,富邦-台東,2024-06-12,9608
3055,蔚華科,12,5,7,富邦-台東,2024-06-12,9608
5392,能率,7,0,7,富邦-台東,2024-06-12,9608
1608,華榮,11,5,6,富邦-台東,2024-06-12,9608
2408,南亞科,6,0,6,富邦-台東,2024-06-12,9608
3430,奇鈦科,11,5,6,富邦-台東,2024-06-12,9608
5515,建國,6,0,6,富邦-台東,2024-06-12,9608
6190,萬泰科,11,5,6,富邦-台東,2024-06-12,9608
8110,華東,6,0,6,富邦-台東,2024-06-12,9608
2890,永豐金,6,1,5,富邦-台東,2024-06-12,9608
00712,復華富時不動產,5,0,5,富邦-台東,2024-06-12,9608
00936,台新永續高息中小,5,0,5,富邦-台東,2024-06-12,9608
1617,榮星,5,0,5,富邦-台東,2024-06-12,9608
2009,第一銅,5,0,5,富邦-台東,2024-06-12,9608
2371,大同,15,10,5,富邦-台東,2024-06-12,9608
2374,佳能,8,3,5,富邦-台東,2024-06-12,9608
2534,宏盛,5,0,5,富邦-台東,2024-06-12,9608
00948B,中信優息投資級債,62,0,62,富邦-台東,2024-06-13,9608
3481,群創,128,101,27,富邦-台東,2024-06-13,9608
4128,中天,26,0,26,富邦-台東,2024-06-13,9608
4109,加捷生醫,25,3,22,富邦-台東,2024-06-13,9608
2618,長榮航,48,26,22,富邦-台東,2024-06-13,9608
00673R,期元大S＆P原油反1,20,0,20,富邦-台東,2024-06-13,9608
6182,合晶,20,0,20,富邦-台東,2024-06-13,9608
2888,新光金,19,0,19,富邦-台東,2024-06-13,9608
4958,臻鼎-KY,18,0,18,富邦-台東,2024-06-13,9608
8096,擎亞,17,2,15,富邦-台東,2024-06-13,9608
2603,長榮,17,3,14,富邦-台東,2024-06-13,9608
2609,陽明,80,67,13,富邦-台東,2024-06-13,9608
00713,元大台灣高息低波,13,0,13,富邦-台東,2024-06-13,9608
1617,榮星,20,7,13,富邦-台東,2024-06-13,9608
00850,元大臺灣ESG永續,15,3,12,富邦-台東,2024-06-13,9608
6116,彩晶,12,0,12,富邦-台東,2024-06-13,9608
1514,亞力,24,13,11,富邦-台東,2024-06-13,9608
2367,燿華,15,4,11,富邦-台東,2024-06-13,9608
00902,中信電池及儲能,10,0,10,富邦-台東,2024-06-13,9608
00947,台新臺灣IC設計,10,0,10,富邦-台東,2024-06-13,9608
1608,華榮,16,6,10,富邦-台東,2024-06-13,9608
2913,農林,10,0,10,富邦-台東,2024-06-13,9608
3264,欣銓,12,2,10,富邦-台東,2024-06-13,9608
6753,龍德造船,10,0,10,富邦-台東,2024-06-13,9608
2354,鴻準,9,0,9,富邦-台東,2024-06-13,9608
6215,和椿,13,4,9,富邦-台東,2024-06-13,9608
2801,彰銀,9,0,9,富邦-台東,2024-06-13,9608
00680L,元大美債20正2,10,1,9,富邦-台東,2024-06-13,9608
8906,花王,9,0,9,富邦-台東,2024-06-13,9608
00895,富邦未來車,10,2,8,富邦-台東,2024-06-13,9608
00893,國泰智能電動車,9,1,8,富邦-台東,2024-06-13,9608
4157,太景*-KY,8,0,8,富邦-台東,2024-06-13,9608
6160,欣技,10,2,8,富邦-台東,2024-06-13,9608
00946,群益科技高息成長,7,0,7,富邦-台東,2024-06-13,9608
1815,富喬,27,20,7,富邦-台東,2024-06-13,9608
2014,中鴻,7,0,7,富邦-台東,2024-06-13,9608
6152,百一,7,0,7,富邦-台東,2024-06-13,9608
2331,精英,6,0,6,富邦-台東,2024-06-13,9608
3029,零壹,6,0,6,富邦-台東,2024-06-13,9608
2353,宏��,14,8,6,富邦-台東,2024-06-13,9608
2610,華航,7,1,6,富邦-台東,2024-06-13,9608
6770,力積電,23,17,6,富邦-台東,2024-06-13,9608
2357,華碩,7,1,6,富邦-台東,2024-06-13,9608
00919,群益台灣精選高息,12,6,6,富邦-台東,2024-06-13,9608
2002,中鋼,5,0,5,富邦-台東,2024-06-13,9608
2241,艾姆勒,5,0,5,富邦-台東,2024-06-13,9608
2464,盟立,16,11,5,富邦-台東,2024-06-13,9608
2537,聯上發,13,8,5,富邦-台東,2024-06-13,9608
3512,皇龍,5,0,5,富邦-台東,2024-06-13,9608
3706,神達,6,1,5,富邦-台東,2024-06-13,9608
00918,大華優利高填息30,85,0,85,富邦-台東,2024-06-14,9608
6770,力積電,71,4,67,富邦-台東,2024-06-14,9608
1316,上曜,55,0,55,富邦-台東,2024-06-14,9608
2371,大同,89,58,31,富邦-台東,2024-06-14,9608
912000,晨訊科-DR,50,20,30,富邦-台東,2024-06-14,9608
6456,GIS-KY,27,1,26,富邦-台東,2024-06-14,9608
2888,新光金,45,20,25,富邦-台東,2024-06-14,9608
00673R,期元大S＆P原油反1,20,0,20,富邦-台東,2024-06-14,9608
2356,英業達,24,7,17,富邦-台東,2024-06-14,9608
3363,上詮,17,0,17,富邦-台東,2024-06-14,9608
00895,富邦未來車,20,3,17,富邦-台東,2024-06-14,9608
1563,巧新,17,0,17,富邦-台東,2024-06-14,9608
2365,昆盈,17,1,16,富邦-台東,2024-06-14,9608
00929,復華台灣科技優息,77,62,15,富邦-台東,2024-06-14,9608
00936,台新永續高息中小,15,0,15,富邦-台東,2024-06-14,9608
00919,群益台灣精選高息,21,7,14,富邦-台東,2024-06-14,9608
00948B,中信優息投資級債,13,0,13,富邦-台東,2024-06-14,9608
00712,復華富時不動產,15,3,12,富邦-台東,2024-06-14,9608
2890,永豐金,11,0,11,富邦-台東,2024-06-14,9608
2633,台灣高鐵,11,0,11,富邦-台東,2024-06-14,9608
3591,艾笛森,11,0,11,富邦-台東,2024-06-14,9608
6684,安格,10,0,10,富邦-台東,2024-06-14,9608
2022,聚亨,10,0,10,富邦-台東,2024-06-14,9608
2025,千興,13,3,10,富邦-台東,2024-06-14,9608
2885,元大金,10,0,10,富邦-台東,2024-06-14,9608
4934,太極,10,0,10,富邦-台東,2024-06-14,9608
4976,佳凌,10,0,10,富邦-台東,2024-06-14,9608
6179,亞通,10,0,10,富邦-台東,2024-06-14,9608
6190,萬泰科,10,0,10,富邦-台東,2024-06-14,9608
2603,長榮,14,5,9,富邦-台東,2024-06-14,9608
2329,華泰,11,2,9,富邦-台東,2024-06-14,9608
1504,東元,10,1,9,富邦-台東,2024-06-14,9608
2002,中鋼,8,0,8,富邦-台東,2024-06-14,9608
00937B,群益ESG投等債20,73,66,7,富邦-台東,2024-06-14,9608
3062,建漢,10,3,7,富邦-台東,2024-06-14,9608
3708,上緯投控,7,0,7,富邦-台東,2024-06-14,9608
2392,正崴,13,6,7,富邦-台東,2024-06-14,9608
2482,連宇,6,0,6,富邦-台東,2024-06-14,9608
00713,元大台灣高息低波,6,0,6,富邦-台東,2024-06-14,9608
2486,一詮,10,5,5,富邦-台東,2024-06-14,9608
2547,日勝生,5,0,5,富邦-台東,2024-06-14,9608
2641,正德,6,1,5,富邦-台東,2024-06-14,9608
2883,凱基金,19,14,5,富邦-台東,2024-06-14,9608
3041,揚智,5,0,5,富邦-台東,2024-06-14,9608
4510,高鋒,5,0,5,富邦-台東,2024-06-14,9608
6167,久正,5,0,5,富邦-台東,2024-06-14,9608
6706,惠特,5,0,5,富邦-台東,2024-06-14,9608
6916,華凌,5,0,5,富邦-台東,2024-06-14,9608
00946,群益科技高息成長,4,0,4,富邦-台東,2024-06-14,9608
2368,金像電,4,0,4,富邦-台東,2024-06-14,9608
2867,三商壽,152,0,152,富邦-台東,2024-06-17,9608
00929,復華台灣科技優息,136,1,135,富邦-台東,2024-06-17,9608
2615,萬海,108,53,55,富邦-台東,2024-06-17,9608
1710,東聯,50,0,50,富邦-台東,2024-06-17,9608
2328,廣宇,50,0,50,富邦-台東,2024-06-17,9608
1439,雋揚,40,0,40,富邦-台東,2024-06-17,9608
00918,大華優利高填息30,39,0,39,富邦-台東,2024-06-17,9608
00919,群益台灣精選高息,57,19,38,富邦-台東,2024-06-17,9608
00936,台新永續高息中小,40,5,35,富邦-台東,2024-06-17,9608
00885,富邦越南,21,0,21,富邦-台東,2024-06-17,9608
4967,十銓,21,0,21,富邦-台東,2024-06-17,9608
3508,位速,20,0,20,富邦-台東,2024-06-17,9608
6116,彩晶,20,0,20,富邦-台東,2024-06-17,9608
3047,訊舟,22,3,19,富邦-台東,2024-06-17,9608
2547,日勝生,15,0,15,富邦-台東,2024-06-17,9608
00948B,中信優息投資級債,22,8,14,富邦-台東,2024-06-17,9608
2492,華新科,14,0,14,富邦-台東,2024-06-17,9608
2537,聯上發,25,11,14,富邦-台東,2024-06-17,9608
2317,鴻海,18,5,13,富邦-台東,2024-06-17,9608
6770,力積電,31,18,13,富邦-台東,2024-06-17,9608
00679B,元大美債20年,30,19,11,富邦-台東,2024-06-17,9608
3231,緯創,15,5,10,富邦-台東,2024-06-17,9608
2002,中鋼,10,0,10,富邦-台東,2024-06-17,9608
2342,茂矽,10,0,10,富邦-台東,2024-06-17,9608
2707,晶華,10,0,10,富邦-台東,2024-06-17,9608
4510,高鋒,10,0,10,富邦-台東,2024-06-17,9608
5302,太欣,10,0,10,富邦-台東,2024-06-17,9608
6456,GIS-KY,10,0,10,富邦-台東,2024-06-17,9608
6732,昇佳電子,10,0,10,富邦-台東,2024-06-17,9608
2609,陽明,63,54,9,富邦-台東,2024-06-17,9608
3013,晟銘電,26,17,9,富邦-台東,2024-06-17,9608
2888,新光金,13,5,8,富邦-台東,2024-06-17,9608
6869,雲豹能源,8,0,8,富邦-台東,2024-06-17,9608
1504,東元,13,6,7,富邦-台東,2024-06-17,9608
00946,群益科技高息成長,7,1,6,富邦-台東,2024-06-17,9608
3419,譁裕,6,0,6,富邦-台東,2024-06-17,9608
5905,南仁湖,6,0,6,富邦-台東,2024-06-17,9608
1582,信錦,6,1,5,富邦-台東,2024-06-17,9608
1517,利奇,5,0,5,富邦-台東,2024-06-17,9608
1603,華電,6,1,5,富邦-台東,2024-06-17,9608
3260,威剛,5,0,5,富邦-台東,2024-06-17,9608
3372,典範,5,0,5,富邦-台東,2024-06-17,9608
2250,IKKA-KY,4,0,4,富邦-台東,2024-06-17,9608
2610,華航,28,24,4,富邦-台東,2024-06-17,9608
2887,台新金,4,0,4,富邦-台東,2024-06-17,9608
4109,加捷生醫,4,0,4,富邦-台東,2024-06-17,9608
4736,泰博,4,0,4,富邦-台東,2024-06-17,9608
8996,高力,5,1,4,富邦-台東,2024-06-17,9608
911622,泰聚亨-DR,4,0,4,富邦-台東,2024-06-17,9608
1514,亞力,42,39,3,富邦-台東,2024-06-17,9608
00929,復華台灣科技優息,131,9,122,富邦-台東,2024-06-18,9608
00673R,期元大S＆P原油反1,50,0,50,富邦-台東,2024-06-18,9608
2867,三商壽,45,0,45,富邦-台東,2024-06-18,9608
1504,東元,45,2,43,富邦-台東,2024-06-18,9608
6903,巨漢,31,0,31,富邦-台東,2024-06-18,9608
9105,泰金寶-DR,83,52,31,富邦-台東,2024-06-18,9608
6753,龍德造船,30,1,29,富邦-台東,2024-06-18,9608
3481,群創,51,23,28,富邦-台東,2024-06-18,9608
00919,群益台灣精選高息,45,17,28,富邦-台東,2024-06-18,9608
1785,光洋科,36,9,27,富邦-台東,2024-06-18,9608
2371,大同,43,19,24,富邦-台東,2024-06-18,9608
2014,中鴻,23,0,23,富邦-台東,2024-06-18,9608
6770,力積電,43,20,23,富邦-台東,2024-06-18,9608
00751B,元大AAA至A公司債,20,0,20,富邦-台東,2024-06-18,9608
2342,茂矽,20,0,20,富邦-台東,2024-06-18,9608
3338,泰碩,20,1,19,富邦-台東,2024-06-18,9608
4958,臻鼎-KY,20,3,17,富邦-台東,2024-06-18,9608
00713,元大台灣高息低波,17,0,17,富邦-台東,2024-06-18,9608
6170,統振,17,0,17,富邦-台東,2024-06-18,9608
2038,海光,16,0,16,富邦-台東,2024-06-18,9608
2353,宏��,17,2,15,富邦-台東,2024-06-18,9608
4976,佳凌,16,1,15,富邦-台東,2024-06-18,9608
4979,華星光,16,1,15,富邦-台東,2024-06-18,9608
2025,千興,14,0,14,富邦-台東,2024-06-18,9608
4109,加捷生醫,14,0,14,富邦-台東,2024-06-18,9608
00687B,國泰20年美債,13,0,13,富邦-台東,2024-06-18,9608
6112,邁達特,12,0,12,富邦-台東,2024-06-18,9608
6706,惠特,14,2,12,富邦-台東,2024-06-18,9608
4566,時碩工業,14,2,12,富邦-台東,2024-06-18,9608
00936,台新永續高息中小,11,1,10,富邦-台東,2024-06-18,9608
00720B,元大投資級公司債,10,0,10,富邦-台東,2024-06-18,9608
2314,台揚,10,0,10,富邦-台東,2024-06-18,9608
6274,台燿,10,0,10,富邦-台東,2024-06-18,9608
911608,明輝-DR,10,2,8,富邦-台東,2024-06-18,9608
2317,鴻海,24,16,8,富邦-台東,2024-06-18,9608
4967,十銓,20,13,7,富邦-台東,2024-06-18,9608
1301,台塑,7,0,7,富邦-台東,2024-06-18,9608
2354,鴻準,10,3,7,富邦-台東,2024-06-18,9608
3466,德晉,9,2,7,富邦-台東,2024-06-18,9608
8011,台通,8,1,7,富邦-台東,2024-06-18,9608
3406,玉晶光,9,2,7,富邦-台東,2024-06-18,9608
2615,萬海,58,52,6,富邦-台東,2024-06-18,9608
2603,長榮,6,0,6,富邦-台東,2024-06-18,9608
1316,上曜,6,0,6,富邦-台東,2024-06-18,9608
2439,美律,6,0,6,富邦-台東,2024-06-18,9608
3055,蔚華科,6,0,6,富邦-台東,2024-06-18,9608
4588,玖鼎電力,7,1,6,富邦-台東,2024-06-18,9608
5425,台半,6,0,6,富邦-台東,2024-06-18,9608
5478,智冠,7,1,6,富邦-台東,2024-06-18,9608
6111,大宇資,6,0,6,富邦-台東,2024-06-18,9608
00712,復華富時不動產,85,1,84,富邦-台東,2024-06-19,9608
00687B,國泰20年美債,59,0,59,富邦-台東,2024-06-19,9608
00650L,復華香港正2,45,0,45,富邦-台東,2024-06-19,9608
3356,奇偶,34,3,31,富邦-台東,2024-06-19,9608
912000,晨訊科-DR,30,1,29,富邦-台東,2024-06-19,9608
2371,大同,66,38,28,富邦-台東,2024-06-19,9608
4979,華星光,30,2,28,富邦-台東,2024-06-19,9608
2618,長榮航,66,38,28,富邦-台東,2024-06-19,9608
00940,元大台灣價值高息,80,54,26,富邦-台東,2024-06-19,9608
6190,萬泰科,39,14,25,富邦-台東,2024-06-19,9608
2367,燿華,24,1,23,富邦-台東,2024-06-19,9608
00673R,期元大S＆P原油反1,20,0,20,富邦-台東,2024-06-19,9608
3338,泰碩,20,0,20,富邦-台東,2024-06-19,9608
2301,光寶科,19,0,19,富邦-台東,2024-06-19,9608
2344,華邦電,22,3,19,富邦-台東,2024-06-19,9608
4306,炎洲,21,2,19,富邦-台東,2024-06-19,9608
3062,建漢,59,41,18,富邦-台東,2024-06-19,9608
4128,中天,18,0,18,富邦-台東,2024-06-19,9608
911868,同方友友-DR,18,0,18,富邦-台東,2024-06-19,9608
1785,光洋科,54,37,17,富邦-台東,2024-06-19,9608
3088,艾訊,16,0,16,富邦-台東,2024-06-19,9608
00948B,中信優息投資級債,15,0,15,富邦-台東,2024-06-19,9608
1584,精剛,15,0,15,富邦-台東,2024-06-19,9608
3013,晟銘電,48,34,14,富邦-台東,2024-06-19,9608
6188,廣明,19,5,14,富邦-台東,2024-06-19,9608
5443,均豪,25,11,14,富邦-台東,2024-06-19,9608
00946,群益科技高息成長,13,0,13,富邦-台東,2024-06-19,9608
00936,台新永續高息中小,16,3,13,富邦-台東,2024-06-19,9608
2353,宏��,26,14,12,富邦-台東,2024-06-19,9608
00881,國泰台灣5G+,19,7,12,富邦-台東,2024-06-19,9608
2365,昆盈,25,14,11,富邦-台東,2024-06-19,9608
1810,和成,11,0,11,富邦-台東,2024-06-19,9608
2634,漢翔,11,0,11,富邦-台東,2024-06-19,9608
3706,神達,15,4,11,富邦-台東,2024-06-19,9608
3622,洋華,13,2,11,富邦-台東,2024-06-19,9608
00706L,期元大S＆P日圓正2,10,0,10,富邦-台東,2024-06-19,9608
2027,大成鋼,10,0,10,富邦-台東,2024-06-19,9608
2516,新建,10,0,10,富邦-台東,2024-06-19,9608
4770,上品,10,0,10,富邦-台東,2024-06-19,9608
8277,商丞,10,0,10,富邦-台東,2024-06-19,9608
3312,弘憶股,9,0,9,富邦-台東,2024-06-19,9608
1437,勤益控,9,0,9,富邦-台東,2024-06-19,9608
3055,蔚華科,10,1,9,富邦-台東,2024-06-19,9608
3059,華晶科,10,1,9,富邦-台東,2024-06-19,9608
8906,花王,9,0,9,富邦-台東,2024-06-19,9608
8040,九暘,8,0,8,富邦-台東,2024-06-19,9608
2401,凌陽,9,1,8,富邦-台東,2024-06-19,9608
3260,威剛,8,0,8,富邦-台東,2024-06-19,9608
3372,典範,8,0,8,富邦-台東,2024-06-19,9608
4958,臻鼎-KY,14,6,8,富邦-台東,2024-06-19,9608
6016,康和證,300,0,300,富邦-台東,2024-06-20,9608
2371,大同,60,9,51,富邦-台東,2024-06-20,9608
4526,東台,67,18,49,富邦-台東,2024-06-20,9608
00936,台新永續高息中小,50,1,49,富邦-台東,2024-06-20,9608
3535,晶彩科,44,1,43,富邦-台東,2024-06-20,9608
3284,太普高,33,0,33,富邦-台東,2024-06-20,9608
3338,泰碩,30,0,30,富邦-台東,2024-06-20,9608
3163,波若威,35,7,28,富邦-台東,2024-06-20,9608
9105,泰金寶-DR,27,1,26,富邦-台東,2024-06-20,9608
00947,台新臺灣IC設計,25,0,25,富邦-台東,2024-06-20,9608
2867,三商壽,22,0,22,富邦-台東,2024-06-20,9608
2356,英業達,37,16,21,富邦-台東,2024-06-20,9608
00933B,國泰10Y+金融債,21,0,21,富邦-台東,2024-06-20,9608
6753,龍德造船,21,0,21,富邦-台東,2024-06-20,9608
00637L,元大滬深300正2,20,0,20,富邦-台東,2024-06-20,9608
2312,金寶,20,0,20,富邦-台東,2024-06-20,9608
4532,瑞智,20,0,20,富邦-台東,2024-06-20,9608
6167,久正,20,0,20,富邦-台東,2024-06-20,9608
0056,元大高股息,20,0,20,富邦-台東,2024-06-20,9608
2330,台積電,23,4,19,富邦-台東,2024-06-20,9608
6207,雷科,23,4,19,富邦-台東,2024-06-20,9608
6188,廣明,23,4,19,富邦-台東,2024-06-20,9608
00687B,國泰20年美債,28,12,16,富邦-台東,2024-06-20,9608
2516,新建,15,0,15,富邦-台東,2024-06-20,9608
2540,愛山林,15,0,15,富邦-台東,2024-06-20,9608
00751B,元大AAA至A公司債,13,0,13,富邦-台東,2024-06-20,9608
2618,長榮航,37,25,12,富邦-台東,2024-06-20,9608
2355,敬鵬,25,13,12,富邦-台東,2024-06-20,9608
3231,緯創,13,2,11,富邦-台東,2024-06-20,9608
1605,華新,11,0,11,富邦-台東,2024-06-20,9608
3041,揚智,11,0,11,富邦-台東,2024-06-20,9608
6005,群益證,11,0,11,富邦-台東,2024-06-20,9608
00673R,期元大S＆P原油反1,10,0,10,富邦-台東,2024-06-20,9608
1453,大將,10,0,10,富邦-台東,2024-06-20,9608
2897,王道銀行,10,0,10,富邦-台東,2024-06-20,9608
6903,巨漢,10,0,10,富邦-台東,2024-06-20,9608
8027,鈦昇,12,2,10,富邦-台東,2024-06-20,9608
00937B,群益ESG投等債20,10,1,9,富邦-台東,2024-06-20,9608
00919,群益台灣精選高息,43,34,9,富邦-台東,2024-06-20,9608
1312,國喬,9,0,9,富邦-台東,2024-06-20,9608
2301,光寶科,10,1,9,富邦-台東,2024-06-20,9608
5009,榮剛,10,1,9,富邦-台東,2024-06-20,9608
2382,廣達,20,11,9,富邦-台東,2024-06-20,9608
1785,光洋科,15,7,8,富邦-台東,2024-06-20,9608
2504,國產,10,2,8,富邦-台東,2024-06-20,9608
3044,健鼎,10,2,8,富邦-台東,2024-06-20,9608
4306,炎洲,8,0,8,富邦-台東,2024-06-20,9608
4967,十銓,14,6,8,富邦-台東,2024-06-20,9608
00915,凱基優選高股息30,7,0,7,富邦-台東,2024-06-20,9608
3224,三顧,7,0,7,富邦-台東,2024-06-20,9608
1316,上曜,51,0,51,富邦-台東,2024-06-21,9608
00673R,期元大S＆P原油反1,50,0,50,富邦-台東,2024-06-21,9608
00637L,元大滬深300正2,35,0,35,富邦-台東,2024-06-21,9608
2316,楠梓電,37,5,32,富邦-台東,2024-06-21,9608
6167,久正,30,0,30,富邦-台東,2024-06-21,9608
3042,晶技,26,1,25,富邦-台東,2024-06-21,9608
2402,毅嘉,21,1,20,富邦-台東,2024-06-21,9608
4562,穎漢,27,7,20,富邦-台東,2024-06-21,9608
00936,台新永續高息中小,19,0,19,富邦-台東,2024-06-21,9608
00948B,中信優息投資級債,17,0,17,富邦-台東,2024-06-21,9608
2610,華航,30,14,16,富邦-台東,2024-06-21,9608
1528,恩德,15,0,15,富邦-台東,2024-06-21,9608
4526,東台,17,2,15,富邦-台東,2024-06-21,9608
00878,國泰永續高股息,14,0,14,富邦-台東,2024-06-21,9608
00692,富邦公司治理,13,0,13,富邦-台東,2024-06-21,9608
2609,陽明,37,24,13,富邦-台東,2024-06-21,9608
2301,光寶科,13,1,12,富邦-台東,2024-06-21,9608
2834,臺企銀,20,8,12,富邦-台東,2024-06-21,9608
3260,威剛,16,4,12,富邦-台東,2024-06-21,9608
2615,萬海,159,147,12,富邦-台東,2024-06-21,9608
2317,鴻海,25,13,12,富邦-台東,2024-06-21,9608
00946,群益科技高息成長,11,0,11,富邦-台東,2024-06-21,9608
00944,野村趨勢動能高息,11,0,11,富邦-台東,2024-06-21,9608
3535,晶彩科,12,1,11,富邦-台東,2024-06-21,9608
1529,樂事綠能,10,0,10,富邦-台東,2024-06-21,9608
2014,中鴻,10,0,10,富邦-台東,2024-06-21,9608
2020,美亞,10,0,10,富邦-台東,2024-06-21,9608
8027,鈦昇,10,0,10,富邦-台東,2024-06-21,9608
00933B,國泰10Y+金融債,9,0,9,富邦-台東,2024-06-21,9608
1301,台塑,9,0,9,富邦-台東,2024-06-21,9608
00935,野村臺灣新科技50,9,0,9,富邦-台東,2024-06-21,9608
2025,千興,10,1,9,富邦-台東,2024-06-21,9608
5443,均豪,12,3,9,富邦-台東,2024-06-21,9608
1439,雋揚,8,0,8,富邦-台東,2024-06-21,9608
3312,弘憶股,8,1,7,富邦-台東,2024-06-21,9608
00919,群益台灣精選高息,53,46,7,富邦-台東,2024-06-21,9608
8121,越峰,10,3,7,富邦-台東,2024-06-21,9608
2313,華通,9,2,7,富邦-台東,2024-06-21,9608
1611,中電,13,6,7,富邦-台東,2024-06-21,9608
2354,鴻準,11,5,6,富邦-台東,2024-06-21,9608
00915,凱基優選高股息30,6,0,6,富邦-台東,2024-06-21,9608
2618,長榮航,41,35,6,富邦-台東,2024-06-21,9608
3576,聯合再生,6,0,6,富邦-台東,2024-06-21,9608
00937B,群益ESG投等債20,9,3,6,富邦-台東,2024-06-21,9608
00932,兆豐永續高息等權,5,0,5,富邦-台東,2024-06-21,9608
00665L,富邦�琤肭磪囓�2,5,0,5,富邦-台東,2024-06-21,9608
1108,幸福,5,0,5,富邦-台東,2024-06-21,9608
1310,台苯,5,0,5,富邦-台東,2024-06-21,9608
1312,國喬,5,0,5,富邦-台東,2024-06-21,9608
1314,中石化,5,0,5,富邦-台東,2024-06-21,9608
00929,復華台灣科技優息,109,13,96,富邦-台東,2024-06-24,9608
2834,臺企銀,83,0,83,富邦-台東,2024-06-24,9608
00919,群益台灣精選高息,64,2,62,富邦-台東,2024-06-24,9608
2888,新光金,73,16,57,富邦-台東,2024-06-24,9608
1316,上曜,50,0,50,富邦-台東,2024-06-24,9608
8064,東捷,46,7,39,富邦-台東,2024-06-24,9608
2883,凱基金,36,0,36,富邦-台東,2024-06-24,9608
3535,晶彩科,50,15,35,富邦-台東,2024-06-24,9608
3062,建漢,85,54,31,富邦-台東,2024-06-24,9608
4123,晟德,34,5,29,富邦-台東,2024-06-24,9608
2344,華邦電,31,2,29,富邦-台東,2024-06-24,9608
2038,海光,28,0,28,富邦-台東,2024-06-24,9608
8105,凌巨,35,8,27,富邦-台東,2024-06-24,9608
9105,泰金寶-DR,22,0,22,富邦-台東,2024-06-24,9608
00937B,群益ESG投等債20,21,0,21,富邦-台東,2024-06-24,9608
00752,中信中國50,20,0,20,富邦-台東,2024-06-24,9608
1905,華紙,20,0,20,富邦-台東,2024-06-24,9608
2643,捷迅,20,0,20,富邦-台東,2024-06-24,9608
2330,台積電,18,2,16,富邦-台東,2024-06-24,9608
1785,光洋科,52,37,15,富邦-台東,2024-06-24,9608
6142,友勁,15,0,15,富邦-台東,2024-06-24,9608
8011,台通,14,0,14,富邦-台東,2024-06-24,9608
2615,萬海,42,28,14,富邦-台東,2024-06-24,9608
00936,台新永續高息中小,15,3,12,富邦-台東,2024-06-24,9608
1617,榮星,12,0,12,富邦-台東,2024-06-24,9608
2312,金寶,12,0,12,富邦-台東,2024-06-24,9608
3014,聯陽,12,0,12,富邦-台東,2024-06-24,9608
2317,鴻海,16,4,12,富邦-台東,2024-06-24,9608
00712,復華富時不動產,13,2,11,富邦-台東,2024-06-24,9608
00947,台新臺灣IC設計,11,0,11,富邦-台東,2024-06-24,9608
00944,野村趨勢動能高息,10,0,10,富邦-台東,2024-06-24,9608
1439,雋揚,10,0,10,富邦-台東,2024-06-24,9608
1449,佳和,10,0,10,富邦-台東,2024-06-24,9608
1718,中纖,10,0,10,富邦-台東,2024-06-24,9608
2027,大成鋼,10,0,10,富邦-台東,2024-06-24,9608
2367,燿華,10,0,10,富邦-台東,2024-06-24,9608
3033,威健,10,0,10,富邦-台東,2024-06-24,9608
4979,華星光,10,0,10,富邦-台東,2024-06-24,9608
6167,久正,10,0,10,富邦-台東,2024-06-24,9608
3706,神達,10,1,9,富邦-台東,2024-06-24,9608
1301,台塑,12,3,9,富邦-台東,2024-06-24,9608
2328,廣宇,11,2,9,富邦-台東,2024-06-24,9608
00878,國泰永續高股息,9,0,9,富邦-台東,2024-06-24,9608
00946,群益科技高息成長,37,29,8,富邦-台東,2024-06-24,9608
3231,緯創,9,1,8,富邦-台東,2024-06-24,9608
2303,聯電,9,1,8,富邦-台東,2024-06-24,9608
00881,國泰台灣5G+,7,0,7,富邦-台東,2024-06-24,9608
00708L,期元大S＆P黃金正2,7,0,7,富邦-台東,2024-06-24,9608
1326,台化,7,0,7,富邦-台東,2024-06-24,9608
3093,港建*,10,3,7,富邦-台東,2024-06-24,9608
3481,群創,114,56,58,富邦-台東,2024-06-25,9608
00919,群益台灣精選高息,49,4,45,富邦-台東,2024-06-25,9608
2888,新光金,40,0,40,富邦-台東,2024-06-25,9608
2002,中鋼,39,0,39,富邦-台東,2024-06-25,9608
4123,晟德,36,0,36,富邦-台東,2024-06-25,9608
00632R,元大台灣50反1,45,10,35,富邦-台東,2024-06-25,9608
2537,聯上發,26,0,26,富邦-台東,2024-06-25,9608
3042,晶技,20,0,20,富邦-台東,2024-06-25,9608
2408,南亞科,19,0,19,富邦-台東,2024-06-25,9608
00929,復華台灣科技優息,42,23,19,富邦-台東,2024-06-25,9608
2547,日勝生,20,3,17,富邦-台東,2024-06-25,9608
3047,訊舟,30,15,15,富邦-台東,2024-06-25,9608
5521,工信,15,0,15,富邦-台東,2024-06-25,9608
0056,元大高股息,15,0,15,富邦-台東,2024-06-25,9608
00940,元大台灣價值高息,16,1,15,富邦-台東,2024-06-25,9608
5210,寶碩,14,0,14,富邦-台東,2024-06-25,9608
00946,群益科技高息成長,16,3,13,富邦-台東,2024-06-25,9608
1815,富喬,19,6,13,富邦-台東,2024-06-25,9608
6167,久正,13,0,13,富邦-台東,2024-06-25,9608
2382,廣達,16,4,12,富邦-台東,2024-06-25,9608
2371,大同,17,5,12,富邦-台東,2024-06-25,9608
00878,國泰永續高股息,25,13,12,富邦-台東,2024-06-25,9608
1785,光洋科,28,17,11,富邦-台東,2024-06-25,9608
6182,合晶,10,0,10,富邦-台東,2024-06-25,9608
00713,元大台灣高息低波,11,1,10,富邦-台東,2024-06-25,9608
1528,恩德,10,0,10,富邦-台東,2024-06-25,9608
3663,鑫科,12,2,10,富邦-台東,2024-06-25,9608
8277,商丞,10,0,10,富邦-台東,2024-06-25,9608
6869,雲豹能源,18,9,9,富邦-台東,2024-06-25,9608
2367,燿華,10,1,9,富邦-台東,2024-06-25,9608
2401,凌陽,14,5,9,富邦-台東,2024-06-25,9608
3625,西勝,9,0,9,富邦-台東,2024-06-25,9608
2412,中華電,8,0,8,富邦-台東,2024-06-25,9608
00936,台新永續高息中小,11,3,8,富邦-台東,2024-06-25,9608
2406,國碩,10,2,8,富邦-台東,2024-06-25,9608
00947,台新臺灣IC設計,7,0,7,富邦-台東,2024-06-25,9608
2344,華邦電,7,0,7,富邦-台東,2024-06-25,9608
2409,友達,7,0,7,富邦-台東,2024-06-25,9608
1718,中纖,6,0,6,富邦-台東,2024-06-25,9608
3189,景碩,6,0,6,富邦-台東,2024-06-25,9608
3499,環天科,6,0,6,富邦-台東,2024-06-25,9608
3576,聯合再生,6,0,6,富邦-台東,2024-06-25,9608
3710,連展投控,6,0,6,富邦-台東,2024-06-25,9608
00923,群益台ESG低碳50,7,2,5,富邦-台東,2024-06-25,9608
00633L,富邦上証正2,5,0,5,富邦-台東,2024-06-25,9608
1439,雋揚,5,0,5,富邦-台東,2024-06-25,9608
2337,旺宏,5,0,5,富邦-台東,2024-06-25,9608
2352,佳世達,9,4,5,富邦-台東,2024-06-25,9608
2353,宏��,11,6,5,富邦-台東,2024-06-25,9608
2368,金像電,5,0,5,富邦-台東,2024-06-25,9608
1785,光洋科,65,6,59,富邦-台東,2024-06-26,9608
2002,中鋼,32,2,30,富邦-台東,2024-06-26,9608
2409,友達,28,0,28,富邦-台東,2024-06-26,9608
6167,久正,27,0,27,富邦-台東,2024-06-26,9608
6244,茂迪,29,3,26,富邦-台東,2024-06-26,9608
00933B,國泰10Y+金融債,25,1,24,富邦-台東,2024-06-26,9608
2317,鴻海,26,4,22,富邦-台東,2024-06-26,9608
2609,陽明,22,2,20,富邦-台東,2024-06-26,9608
2365,昆盈,27,7,20,富邦-台東,2024-06-26,9608
6116,彩晶,20,0,20,富邦-台東,2024-06-26,9608
00632R,元大台灣50反1,15,0,15,富邦-台東,2024-06-26,9608
5302,太欣,15,0,15,富邦-台東,2024-06-26,9608
2615,萬海,68,55,13,富邦-台東,2024-06-26,9608
00936,台新永續高息中小,12,0,12,富邦-台東,2024-06-26,9608
1437,勤益控,11,0,11,富邦-台東,2024-06-26,9608
2301,光寶科,14,3,11,富邦-台東,2024-06-26,9608
2495,普安,11,0,11,富邦-台東,2024-06-26,9608
1301,台塑,10,0,10,富邦-台東,2024-06-26,9608
00946,群益科技高息成長,10,0,10,富邦-台東,2024-06-26,9608
00942B,台新美A公司債20+,10,0,10,富邦-台東,2024-06-26,9608
1453,大將,10,0,10,富邦-台東,2024-06-26,9608
2476,鉅祥,14,4,10,富邦-台東,2024-06-26,9608
3042,晶技,11,1,10,富邦-台東,2024-06-26,9608
3059,華晶科,10,0,10,富邦-台東,2024-06-26,9608
3715,定穎投控,10,0,10,富邦-台東,2024-06-26,9608
2347,聯強,9,0,9,富邦-台東,2024-06-26,9608
2610,華航,12,3,9,富邦-台東,2024-06-26,9608
00878,國泰永續高股息,8,0,8,富邦-台東,2024-06-26,9608
2371,大同,11,3,8,富邦-台東,2024-06-26,9608
3047,訊舟,44,36,8,富邦-台東,2024-06-26,9608
9105,泰金寶-DR,8,0,8,富邦-台東,2024-06-26,9608
3483,力致,12,4,8,富邦-台東,2024-06-26,9608
2330,台積電,8,2,6,富邦-台東,2024-06-26,9608
2905,三商,6,0,6,富邦-台東,2024-06-26,9608
3581,博磊,10,4,6,富邦-台東,2024-06-26,9608
1611,中電,5,0,5,富邦-台東,2024-06-26,9608
1309,台達化,5,0,5,富邦-台東,2024-06-26,9608
1326,台化,5,0,5,富邦-台東,2024-06-26,9608
2408,南亞科,5,0,5,富邦-台東,2024-06-26,9608
2801,彰銀,5,0,5,富邦-台東,2024-06-26,9608
2836,高雄銀,5,0,5,富邦-台東,2024-06-26,9608
2883,凱基金,5,0,5,富邦-台東,2024-06-26,9608
3049,精金,5,0,5,富邦-台東,2024-06-26,9608
4956,光鋐,6,1,5,富邦-台東,2024-06-26,9608
6142,友勁,5,0,5,富邦-台東,2024-06-26,9608
6640,均華,5,0,5,富邦-台東,2024-06-26,9608
3231,緯創,12,7,5,富邦-台東,2024-06-26,9608
5452,佶優,4,0,4,富邦-台東,2024-06-26,9608
3289,宜特,5,1,4,富邦-台東,2024-06-26,9608
0056,元大高股息,4,0,4,富邦-台東,2024-06-26,9608
3498,陽程,2464,0,2464,富邦-台東,2024-06-27,9608
3576,聯合再生,175,68,107,富邦-台東,2024-06-27,9608
00937B,群益ESG投等債20,91,2,89,富邦-台東,2024-06-27,9608
00940,元大台灣價值高息,113,30,83,富邦-台東,2024-06-27,9608
00929,復華台灣科技優息,73,0,73,富邦-台東,2024-06-27,9608
3060,銘異,57,0,57,富邦-台東,2024-06-27,9608
00679B,元大美債20年,55,0,55,富邦-台東,2024-06-27,9608
00936,台新永續高息中小,62,10,52,富邦-台東,2024-06-27,9608
00878,國泰永續高股息,33,0,33,富邦-台東,2024-06-27,9608
3013,晟銘電,33,1,32,富邦-台東,2024-06-27,9608
00948B,中信優息投資級債,24,0,24,富邦-台東,2024-06-27,9608
6213,聯茂,25,1,24,富邦-台東,2024-06-27,9608
5468,凱鈺,23,0,23,富邦-台東,2024-06-27,9608
00687B,國泰20年美債,21,0,21,富邦-台東,2024-06-27,9608
1785,光洋科,31,12,19,富邦-台東,2024-06-27,9608
5210,寶碩,19,0,19,富邦-台東,2024-06-27,9608
5009,榮剛,17,0,17,富邦-台東,2024-06-27,9608
6140,訊達,17,0,17,富邦-台東,2024-06-27,9608
00946,群益科技高息成長,16,0,16,富邦-台東,2024-06-27,9608
1806,冠軍,15,0,15,富邦-台東,2024-06-27,9608
2323,中環,15,0,15,富邦-台東,2024-06-27,9608
4979,華星光,14,2,12,富邦-台東,2024-06-27,9608
00947,台新臺灣IC設計,12,0,12,富邦-台東,2024-06-27,9608
2883,凱基金,12,0,12,富邦-台東,2024-06-27,9608
3483,力致,20,8,12,富邦-台東,2024-06-27,9608
2618,長榮航,48,38,10,富邦-台東,2024-06-27,9608
1303,南亞,10,0,10,富邦-台東,2024-06-27,9608
00712,復華富時不動產,10,0,10,富邦-台東,2024-06-27,9608
3049,精金,10,0,10,富邦-台東,2024-06-27,9608
6116,彩晶,10,0,10,富邦-台東,2024-06-27,9608
6182,合晶,10,0,10,富邦-台東,2024-06-27,9608
6550,北極星藥業-KY,10,0,10,富邦-台東,2024-06-27,9608
8222,寶一,10,0,10,富邦-台東,2024-06-27,9608
2317,鴻海,14,5,9,富邦-台東,2024-06-27,9608
6188,廣明,10,1,9,富邦-台東,2024-06-27,9608
3163,波若威,11,2,9,富邦-台東,2024-06-27,9608
8110,華東,13,4,9,富邦-台東,2024-06-27,9608
3219,倚強科,8,0,8,富邦-台東,2024-06-27,9608
3535,晶彩科,9,1,8,富邦-台東,2024-06-27,9608
5515,建國,13,5,8,富邦-台東,2024-06-27,9608
3047,訊舟,20,13,7,富邦-台東,2024-06-27,9608
00939,統一台灣高息動能,7,0,7,富邦-台東,2024-06-27,9608
2002,中鋼,7,0,7,富邦-台東,2024-06-27,9608
3450,聯鈞,8,2,6,富邦-台東,2024-06-27,9608
2329,華泰,6,0,6,富邦-台東,2024-06-27,9608
2368,金像電,6,0,6,富邦-台東,2024-06-27,9608
3004,豐達科,6,0,6,富邦-台東,2024-06-27,9608
4109,加捷生醫,10,4,6,富邦-台東,2024-06-27,9608
6152,百一,6,0,6,富邦-台東,2024-06-27,9608
6869,雲豹能源,16,10,6,富邦-台東,2024-06-27,9608
00720B,元大投資級公司債,60,0,60,富邦-台東,2024-06-28,9608
00706L,期元大S＆P日圓正2,55,0,55,富邦-台東,2024-06-28,9608
2883,凱基金,50,0,50,富邦-台東,2024-06-28,9608
8111,立��,50,0,50,富邦-台東,2024-06-28,9608
3576,聯合再生,56,14,42,富邦-台東,2024-06-28,9608
3481,群創,41,2,39,富邦-台東,2024-06-28,9608
00673R,期元大S＆P原油反1,35,0,35,富邦-台東,2024-06-28,9608
912000,晨訊科-DR,40,6,34,富邦-台東,2024-06-28,9608
8105,凌巨,36,3,33,富邦-台東,2024-06-28,9608
2615,萬海,57,26,31,富邦-台東,2024-06-28,9608
0056,元大高股息,29,0,29,富邦-台東,2024-06-28,9608
00937B,群益ESG投等債20,27,0,27,富邦-台東,2024-06-28,9608
00936,台新永續高息中小,26,0,26,富邦-台東,2024-06-28,9608
2303,聯電,24,0,24,富邦-台東,2024-06-28,9608
2312,金寶,21,0,21,富邦-台東,2024-06-28,9608
2328,廣宇,22,2,20,富邦-台東,2024-06-28,9608
6125,廣運,24,7,17,富邦-台東,2024-06-28,9608
6226,光鼎,15,0,15,富邦-台東,2024-06-28,9608
9136,巨騰-DR,15,0,15,富邦-台東,2024-06-28,9608
2371,大同,23,10,13,富邦-台東,2024-06-28,9608
1609,大亞,21,8,13,富邦-台東,2024-06-28,9608
2392,正崴,14,1,13,富邦-台東,2024-06-28,9608
4906,正文,13,0,13,富邦-台東,2024-06-28,9608
2618,長榮航,27,15,12,富邦-台東,2024-06-28,9608
2603,長榮,12,1,11,富邦-台東,2024-06-28,9608
3062,建漢,12,1,11,富邦-台東,2024-06-28,9608
3483,力致,11,0,11,富邦-台東,2024-06-28,9608
6182,合晶,11,0,11,富邦-台東,2024-06-28,9608
6477,安集,11,0,11,富邦-台東,2024-06-28,9608
00687B,國泰20年美債,10,0,10,富邦-台東,2024-06-28,9608
2017,官田鋼,10,0,10,富邦-台東,2024-06-28,9608
2382,廣達,11,1,10,富邦-台東,2024-06-28,9608
3033,威健,10,0,10,富邦-台東,2024-06-28,9608
3147,大綜,10,0,10,富邦-台東,2024-06-28,9608
4123,晟德,10,1,9,富邦-台東,2024-06-28,9608
3374,精材,9,0,9,富邦-台東,2024-06-28,9608
3689,湧德,11,2,9,富邦-台東,2024-06-28,9608
6244,茂迪,39,31,8,富邦-台東,2024-06-28,9608
5392,能率,11,3,8,富邦-台東,2024-06-28,9608
8028,昇陽半導體,9,1,8,富邦-台東,2024-06-28,9608
1303,南亞,7,0,7,富邦-台東,2024-06-28,9608
1781,合世,7,0,7,富邦-台東,2024-06-28,9608
911868,同方友友-DR,7,0,7,富邦-台東,2024-06-28,9608
3312,弘憶股,47,40,7,富邦-台東,2024-06-28,9608
2451,創見,6,0,6,富邦-台東,2024-06-28,9608
3338,泰碩,10,4,6,富邦-台東,2024-06-28,9608
3479,安勤,6,0,6,富邦-台東,2024-06-28,9608
8064,東捷,9,3,6,富邦-台東,2024-06-28,9608
8931,大汽電,6,0,6,富邦-台東,2024-06-28,9608
2317,鴻海,7,1,6,富邦-台東,2024-06-28,9608
8374,羅昇,1049,8,1041,富邦-台東,2024-07-01,9608
00680L,元大美債20正2,217,0,217,富邦-台東,2024-07-01,9608
00937B,群益ESG投等債20,143,0,143,富邦-台東,2024-07-01,9608
00948B,中信優息投資級債,83,0,83,富邦-台東,2024-07-01,9608
00687B,國泰20年美債,68,6,62,富邦-台東,2024-07-01,9608
00936,台新永續高息中小,48,0,48,富邦-台東,2024-07-01,9608
00720B,元大投資級公司債,41,0,41,富邦-台東,2024-07-01,9608
911868,同方友友-DR,39,0,39,富邦-台東,2024-07-01,9608
00929,復華台灣科技優息,37,0,37,富邦-台東,2024-07-01,9608
1709,和益,30,0,30,富邦-台東,2024-07-01,9608
00679B,元大美債20年,27,0,27,富邦-台東,2024-07-01,9608
2464,盟立,27,3,24,富邦-台東,2024-07-01,9608
3338,泰碩,22,0,22,富邦-台東,2024-07-01,9608
912000,晨訊科-DR,20,0,20,富邦-台東,2024-07-01,9608
00882,中信中國高股息,20,1,19,富邦-台東,2024-07-01,9608
3047,訊舟,22,5,17,富邦-台東,2024-07-01,9608
3481,群創,17,2,15,富邦-台東,2024-07-01,9608
2374,佳能,16,1,15,富邦-台東,2024-07-01,9608
2615,萬海,52,38,14,富邦-台東,2024-07-01,9608
2371,大同,16,3,13,富邦-台東,2024-07-01,9608
2369,菱生,12,0,12,富邦-台東,2024-07-01,9608
9105,泰金寶-DR,24,12,12,富邦-台東,2024-07-01,9608
6188,廣明,44,32,12,富邦-台東,2024-07-01,9608
2317,鴻海,28,16,12,富邦-台東,2024-07-01,9608
2031,新光鋼,11,0,11,富邦-台東,2024-07-01,9608
3149,正達,11,0,11,富邦-台東,2024-07-01,9608
00935,野村臺灣新科技50,10,0,10,富邦-台東,2024-07-01,9608
2516,新建,20,10,10,富邦-台東,2024-07-01,9608
2547,日勝生,10,0,10,富邦-台東,2024-07-01,9608
3049,精金,10,0,10,富邦-台東,2024-07-01,9608
4503,金雨,10,0,10,富邦-台東,2024-07-01,9608
9136,巨騰-DR,10,0,10,富邦-台東,2024-07-01,9608
6182,合晶,10,1,9,富邦-台東,2024-07-01,9608
0056,元大高股息,9,0,9,富邦-台東,2024-07-01,9608
3535,晶彩科,11,2,9,富邦-台東,2024-07-01,9608
4160,訊聯基因,9,0,9,富邦-台東,2024-07-01,9608
4534,慶騰,12,4,8,富邦-台東,2024-07-01,9608
1308,亞聚,8,0,8,富邦-台東,2024-07-01,9608
1514,亞力,9,1,8,富邦-台東,2024-07-01,9608
2352,佳世達,10,2,8,富邦-台東,2024-07-01,9608
6477,安集,8,0,8,富邦-台東,2024-07-01,9608
2313,華通,21,14,7,富邦-台東,2024-07-01,9608
5230,雷笛克光學,18,11,7,富邦-台東,2024-07-01,9608
6695,芯鼎,7,0,7,富邦-台東,2024-07-01,9608
2329,華泰,7,1,6,富邦-台東,2024-07-01,9608
6125,廣運,5,0,5,富邦-台東,2024-07-01,9608
00946,群益科技高息成長,5,0,5,富邦-台東,2024-07-01,9608
1439,雋揚,5,0,5,富邦-台東,2024-07-01,9608
3013,晟銘電,6,1,5,富邦-台東,2024-07-01,9608
3521,鴻翊,5,0,5,富邦-台東,2024-07-01,9608
00679B,元大美債20年,129,10,119,富邦-台東,2024-07-02,9608
3535,晶彩科,156,60,96,富邦-台東,2024-07-02,9608
00680L,元大美債20正2,95,0,95,富邦-台東,2024-07-02,9608
9105,泰金寶-DR,96,6,90,富邦-台東,2024-07-02,9608
3149,正達,72,0,72,富邦-台東,2024-07-02,9608
00940,元大台灣價值高息,109,51,58,富邦-台東,2024-07-02,9608
2408,南亞科,58,0,58,富邦-台東,2024-07-02,9608
0056,元大高股息,55,1,54,富邦-台東,2024-07-02,9608
2317,鴻海,63,12,51,富邦-台東,2024-07-02,9608
00673R,期元大S＆P原油反1,50,0,50,富邦-台東,2024-07-02,9608
6213,聯茂,50,2,48,富邦-台東,2024-07-02,9608
2303,聯電,52,7,45,富邦-台東,2024-07-02,9608
00934,中信成長高股息,37,0,37,富邦-台東,2024-07-02,9608
00687B,國泰20年美債,47,11,36,富邦-台東,2024-07-02,9608
2365,昆盈,62,29,33,富邦-台東,2024-07-02,9608
3704,合勤控,31,0,31,富邦-台東,2024-07-02,9608
2027,大成鋼,28,0,28,富邦-台東,2024-07-02,9608
2349,錸德,40,12,28,富邦-台東,2024-07-02,9608
00919,群益台灣精選高息,40,13,27,富邦-台東,2024-07-02,9608
5452,佶優,25,0,25,富邦-台東,2024-07-02,9608
00937B,群益ESG投等債20,21,0,21,富邦-台東,2024-07-02,9608
3338,泰碩,21,1,20,富邦-台東,2024-07-02,9608
00893,國泰智能電動車,20,0,20,富邦-台東,2024-07-02,9608
00936,台新永續高息中小,17,0,17,富邦-台東,2024-07-02,9608
2615,萬海,45,31,14,富邦-台東,2024-07-02,9608
1326,台化,12,0,12,富邦-台東,2024-07-02,9608
00927,群益半導體收益,11,0,11,富邦-台東,2024-07-02,9608
00751B,元大AAA至A公司債,10,0,10,富邦-台東,2024-07-02,9608
00949,復華日本龍頭,12,2,10,富邦-台東,2024-07-02,9608
1439,雋揚,10,0,10,富邦-台東,2024-07-02,9608
1584,精剛,10,0,10,富邦-台東,2024-07-02,9608
2834,臺企銀,60,50,10,富邦-台東,2024-07-02,9608
9136,巨騰-DR,10,0,10,富邦-台東,2024-07-02,9608
1303,南亞,9,0,9,富邦-台東,2024-07-02,9608
00712,復華富時不動產,9,0,9,富邦-台東,2024-07-02,9608
2354,鴻準,9,0,9,富邦-台東,2024-07-02,9608
2495,普安,49,40,9,富邦-台東,2024-07-02,9608
912000,晨訊科-DR,10,1,9,富邦-台東,2024-07-02,9608
3689,湧德,8,0,8,富邦-台東,2024-07-02,9608
00918,大華優利高填息30,8,0,8,富邦-台東,2024-07-02,9608
2449,京元電子,14,7,7,富邦-台東,2024-07-02,9608
3521,鴻翊,7,0,7,富邦-台東,2024-07-02,9608
5227,立凱-KY,6,0,6,富邦-台東,2024-07-02,9608
00904,新光臺灣半導體30,6,0,6,富邦-台東,2024-07-02,9608
00941,中信上游半導體,10,4,6,富邦-台東,2024-07-02,9608
2329,華泰,6,0,6,富邦-台東,2024-07-02,9608
8096,擎亞,16,10,6,富邦-台東,2024-07-02,9608
00878,國泰永續高股息,6,1,5,富邦-台東,2024-07-02,9608
2356,英業達,5,0,5,富邦-台東,2024-07-02,9608
00933B,國泰10Y+金融債,5,0,5,富邦-台東,2024-07-02,9608
00929,復華台灣科技優息,216,3,213,富邦-台東,2024-07-03,9608
4526,東台,118,0,118,富邦-台東,2024-07-03,9608
3050,鈺德,100,4,96,富邦-台東,2024-07-03,9608
00632R,元大台灣50反1,72,0,72,富邦-台東,2024-07-03,9608
00878,國泰永續高股息,70,6,64,富邦-台東,2024-07-03,9608
00680L,元大美債20正2,56,0,56,富邦-台東,2024-07-03,9608
9105,泰金寶-DR,61,6,55,富邦-台東,2024-07-03,9608
00752,中信中國50,50,0,50,富邦-台東,2024-07-03,9608
6443,元晶,77,27,50,富邦-台東,2024-07-03,9608
2489,瑞軒,55,6,49,富邦-台東,2024-07-03,9608
2906,高林,46,0,46,富邦-台東,2024-07-03,9608
2609,陽明,43,4,39,富邦-台東,2024-07-03,9608
2812,台中銀,30,0,30,富邦-台東,2024-07-03,9608
3062,建漢,29,2,27,富邦-台東,2024-07-03,9608
2402,毅嘉,33,7,26,富邦-台東,2024-07-03,9608
6244,茂迪,29,8,21,富邦-台東,2024-07-03,9608
3521,鴻翊,21,0,21,富邦-台東,2024-07-03,9608
8086,宏捷科,21,0,21,富邦-台東,2024-07-03,9608
00934,中信成長高股息,20,0,20,富邦-台東,2024-07-03,9608
6706,惠特,17,0,17,富邦-台東,2024-07-03,9608
00679B,元大美債20年,16,0,16,富邦-台東,2024-07-03,9608
3321,同泰,15,0,15,富邦-台東,2024-07-03,9608
8440,綠電,15,0,15,富邦-台東,2024-07-03,9608
3005,神基,17,3,14,富邦-台東,2024-07-03,9608
1326,台化,13,0,13,富邦-台東,2024-07-03,9608
5230,雷笛克光學,14,1,13,富邦-台東,2024-07-03,9608
00687B,國泰20年美債,12,0,12,富邦-台東,2024-07-03,9608
3312,弘憶股,12,0,12,富邦-台東,2024-07-03,9608
00753L,中信中國50正2,11,0,11,富邦-台東,2024-07-03,9608
1503,士電,12,1,11,富邦-台東,2024-07-03,9608
6147,頎邦,11,0,11,富邦-台東,2024-07-03,9608
5347,世界,11,1,10,富邦-台東,2024-07-03,9608
1802,台玻,10,0,10,富邦-台東,2024-07-03,9608
2495,普安,33,23,10,富邦-台東,2024-07-03,9608
2405,輔信,17,7,10,富邦-台東,2024-07-03,9608
3149,正達,10,1,9,富邦-台東,2024-07-03,9608
4967,十銓,12,3,9,富邦-台東,2024-07-03,9608
8104,錸寶,10,1,9,富邦-台東,2024-07-03,9608
2317,鴻海,25,16,9,富邦-台東,2024-07-03,9608
6477,安集,8,0,8,富邦-台東,2024-07-03,9608
00949,復華日本龍頭,10,2,8,富邦-台東,2024-07-03,9608
2009,第一銅,12,4,8,富邦-台東,2024-07-03,9608
3535,晶彩科,8,0,8,富邦-台東,2024-07-03,9608
3715,定穎投控,13,5,8,富邦-台東,2024-07-03,9608
8234,新漢,8,0,8,富邦-台東,2024-07-03,9608
2002,中鋼,7,0,7,富邦-台東,2024-07-03,9608
2889,國票金,7,0,7,富邦-台東,2024-07-03,9608
3455,由田,10,3,7,富邦-台東,2024-07-03,9608
6217,中探針,7,0,7,富邦-台東,2024-07-03,9608
2406,國碩,19,12,7,富邦-台東,2024-07-03,9608
1316,上曜,102,0,102,富邦-台東,2024-07-04,9608
912000,晨訊科-DR,68,2,66,富邦-台東,2024-07-04,9608
3050,鈺德,63,3,60,富邦-台東,2024-07-04,9608
5328,華容,60,2,58,富邦-台東,2024-07-04,9608
9105,泰金寶-DR,106,52,54,富邦-台東,2024-07-04,9608
6903,巨漢,50,0,50,富邦-台東,2024-07-04,9608
00706L,期元大S＆P日圓正2,45,0,45,富邦-台東,2024-07-04,9608
6213,聯茂,50,7,43,富邦-台東,2024-07-04,9608
3149,正達,47,5,42,富邦-台東,2024-07-04,9608
2329,華泰,38,0,38,富邦-台東,2024-07-04,9608
2412,中華電,37,0,37,富邦-台東,2024-07-04,9608
2618,長榮航,56,20,36,富邦-台東,2024-07-04,9608
00632R,元大台灣50反1,35,0,35,富邦-台東,2024-07-04,9608
4109,加捷生醫,33,0,33,富邦-台東,2024-07-04,9608
2328,廣宇,30,0,30,富邦-台東,2024-07-04,9608
2359,所羅門,37,10,27,富邦-台東,2024-07-04,9608
0056,元大高股息,24,0,24,富邦-台東,2024-07-04,9608
00934,中信成長高股息,19,0,19,富邦-台東,2024-07-04,9608
2405,輔信,27,11,16,富邦-台東,2024-07-04,9608
3231,緯創,20,4,16,富邦-台東,2024-07-04,9608
2883,凱基金,19,5,14,富邦-台東,2024-07-04,9608
1101,台泥,12,0,12,富邦-台東,2024-07-04,9608
5347,世界,17,5,12,富邦-台東,2024-07-04,9608
2939,永邑-KY,12,0,12,富邦-台東,2024-07-04,9608
6188,廣明,19,7,12,富邦-台東,2024-07-04,9608
2354,鴻準,19,8,11,富邦-台東,2024-07-04,9608
6753,龍德造船,13,2,11,富邦-台東,2024-07-04,9608
1409,新纖,83,72,11,富邦-台東,2024-07-04,9608
2344,華邦電,29,18,11,富邦-台東,2024-07-04,9608
2888,新光金,12,1,11,富邦-台東,2024-07-04,9608
00937B,群益ESG投等債20,12,2,10,富邦-台東,2024-07-04,9608
1439,雋揚,10,0,10,富邦-台東,2024-07-04,9608
2516,新建,10,0,10,富邦-台東,2024-07-04,9608
2836,高雄銀,10,0,10,富邦-台東,2024-07-04,9608
5302,太欣,10,0,10,富邦-台東,2024-07-04,9608
5521,工信,10,0,10,富邦-台東,2024-07-04,9608
8163,達方,17,7,10,富邦-台東,2024-07-04,9608
2834,臺企銀,20,11,9,富邦-台東,2024-07-04,9608
1608,華榮,11,2,9,富邦-台東,2024-07-04,9608
8440,綠電,9,0,9,富邦-台東,2024-07-04,9608
00881,國泰台灣5G+,12,4,8,富邦-台東,2024-07-04,9608
3615,安可,15,7,8,富邦-台東,2024-07-04,9608
4967,十銓,11,3,8,富邦-台東,2024-07-04,9608
6244,茂迪,23,15,8,富邦-台東,2024-07-04,9608
2481,強茂,13,6,7,富邦-台東,2024-07-04,9608
00949,復華日本龍頭,7,0,7,富邦-台東,2024-07-04,9608
5515,建國,12,5,7,富邦-台東,2024-07-04,9608
6443,元晶,13,6,7,富邦-台東,2024-07-04,9608
6532,瑞耘,9,2,7,富邦-台東,2024-07-04,9608
2609,陽明,8,1,7,富邦-台東,2024-07-04,9608
2367,燿華,2930,2122,808,富邦-台東,2024-07-05,9608
3706,神達,52,2,50,富邦-台東,2024-07-05,9608
2615,萬海,55,7,48,富邦-台東,2024-07-05,9608
3149,正達,54,6,48,富邦-台東,2024-07-05,9608
9136,巨騰-DR,40,0,40,富邦-台東,2024-07-05,9608
3704,合勤控,31,0,31,富邦-台東,2024-07-05,9608
2618,長榮航,39,9,30,富邦-台東,2024-07-05,9608
3715,定穎投控,30,0,30,富邦-台東,2024-07-05,9608
912000,晨訊科-DR,50,21,29,富邦-台東,2024-07-05,9608
00927,群益半導體收益,28,0,28,富邦-台東,2024-07-05,9608
6207,雷科,28,2,26,富邦-台東,2024-07-05,9608
00637L,元大滬深300正2,25,0,25,富邦-台東,2024-07-05,9608
2888,新光金,25,3,22,富邦-台東,2024-07-05,9608
00919,群益台灣精選高息,20,0,20,富邦-台東,2024-07-05,9608
0056,元大高股息,20,0,20,富邦-台東,2024-07-05,9608
1718,中纖,20,0,20,富邦-台東,2024-07-05,9608
1609,大亞,34,16,18,富邦-台東,2024-07-05,9608
2317,鴻海,25,8,17,富邦-台東,2024-07-05,9608
3047,訊舟,51,34,17,富邦-台東,2024-07-05,9608
3321,同泰,16,0,16,富邦-台東,2024-07-05,9608
4114,健喬,16,0,16,富邦-台東,2024-07-05,9608
6668,中揚光,15,0,15,富邦-台東,2024-07-05,9608
2356,英業達,24,9,15,富邦-台東,2024-07-05,9608
2313,華通,14,1,13,富邦-台東,2024-07-05,9608
3483,力致,13,0,13,富邦-台東,2024-07-05,9608
6191,精成科,12,0,12,富邦-台東,2024-07-05,9608
4714,永捷,12,0,12,富邦-台東,2024-07-05,9608
1608,華榮,13,3,10,富邦-台東,2024-07-05,9608
2634,漢翔,10,0,10,富邦-台東,2024-07-05,9608
8096,擎亞,10,0,10,富邦-台東,2024-07-05,9608
00922,國泰台灣領袖50,10,1,9,富邦-台東,2024-07-05,9608
3062,建漢,14,5,9,富邦-台東,2024-07-05,9608
6179,亞通,9,0,9,富邦-台東,2024-07-05,9608
3450,聯鈞,25,16,9,富邦-台東,2024-07-05,9608
2412,中華電,8,0,8,富邦-台東,2024-07-05,9608
2324,仁寶,13,6,7,富邦-台東,2024-07-05,9608
5484,慧友,7,0,7,富邦-台東,2024-07-05,9608
2419,仲琦,14,7,7,富邦-台東,2024-07-05,9608
6733,博晟生醫,7,0,7,富邦-台東,2024-07-05,9608
6753,龍德造船,10,3,7,富邦-台東,2024-07-05,9608
6189,豐藝,12,6,6,富邦-台東,2024-07-05,9608
3689,湧德,6,0,6,富邦-台東,2024-07-05,9608
2352,佳世達,6,0,6,富邦-台東,2024-07-05,9608
00935,野村臺灣新科技50,6,0,6,富邦-台東,2024-07-05,9608
2606,裕民,6,0,6,富邦-台東,2024-07-05,9608
5371,中光電,6,0,6,富邦-台東,2024-07-05,9608
6683,雍智科技,6,0,6,富邦-台東,2024-07-05,9608
2405,輔信,62,56,6,富邦-台東,2024-07-05,9608
00904,新光臺灣半導體30,5,0,5,富邦-台東,2024-07-05,9608
1305,華夏,5,0,5,富邦-台東,2024-07-05,9608
00632R,元大台灣50反1,112,0,112,富邦-台東,2024-07-08,9608
8111,立��,81,1,80,富邦-台東,2024-07-08,9608
0056,元大高股息,50,1,49,富邦-台東,2024-07-08,9608
2618,長榮航,80,36,44,富邦-台東,2024-07-08,9608
6188,廣明,43,0,43,富邦-台東,2024-07-08,9608
8027,鈦昇,35,0,35,富邦-台東,2024-07-08,9608
3050,鈺德,37,5,32,富邦-台東,2024-07-08,9608
6753,龍德造船,30,0,30,富邦-台東,2024-07-08,9608
2392,正崴,42,14,28,富邦-台東,2024-07-08,9608
1101,台泥,30,2,28,富邦-台東,2024-07-08,9608
3535,晶彩科,42,15,27,富邦-台東,2024-07-08,9608
00918,大華優利高填息30,28,4,24,富邦-台東,2024-07-08,9608
2365,昆盈,108,84,24,富邦-台東,2024-07-08,9608
4960,誠美材,32,9,23,富邦-台東,2024-07-08,9608
6285,啟��,19,0,19,富邦-台東,2024-07-08,9608
1560,中砂,20,1,19,富邦-台東,2024-07-08,9608
1316,上曜,18,0,18,富邦-台東,2024-07-08,9608
3483,力致,19,2,17,富邦-台東,2024-07-08,9608
2458,義隆,16,0,16,富邦-台東,2024-07-08,9608
2634,漢翔,16,0,16,富邦-台東,2024-07-08,9608
00945B,凱基美國非投等債,15,0,15,富邦-台東,2024-07-08,9608
2329,華泰,25,10,15,富邦-台東,2024-07-08,9608
6443,元晶,16,1,15,富邦-台東,2024-07-08,9608
2939,永邑-KY,13,0,13,富邦-台東,2024-07-08,9608
6213,聯茂,18,5,13,富邦-台東,2024-07-08,9608
2834,臺企銀,15,2,13,富邦-台東,2024-07-08,9608
2492,華新科,14,2,12,富邦-台東,2024-07-08,9608
6126,信音,12,0,12,富邦-台東,2024-07-08,9608
3045,台灣大,12,0,12,富邦-台東,2024-07-08,9608
5452,佶優,2011,1999,12,富邦-台東,2024-07-08,9608
6290,良維,17,5,12,富邦-台東,2024-07-08,9608
6189,豐藝,16,5,11,富邦-台東,2024-07-08,9608
3049,精金,13,2,11,富邦-台東,2024-07-08,9608
4906,正文,15,4,11,富邦-台東,2024-07-08,9608
5371,中光電,11,0,11,富邦-台東,2024-07-08,9608
3481,群創,21,11,10,富邦-台東,2024-07-08,9608
00720B,元大投資級公司債,10,0,10,富邦-台東,2024-07-08,9608
1402,遠東新,10,0,10,富邦-台東,2024-07-08,9608
1718,中纖,10,0,10,富邦-台東,2024-07-08,9608
2409,友達,10,0,10,富邦-台東,2024-07-08,9608
2417,圓剛,31,21,10,富邦-台東,2024-07-08,9608
3338,泰碩,10,0,10,富邦-台東,2024-07-08,9608
3715,定穎投控,10,0,10,富邦-台東,2024-07-08,9608
3689,湧德,10,1,9,富邦-台東,2024-07-08,9608
00944,野村趨勢動能高息,9,0,9,富邦-台東,2024-07-08,9608
2888,新光金,11,2,9,富邦-台東,2024-07-08,9608
3021,鴻名,8,0,8,富邦-台東,2024-07-08,9608
2352,佳世達,11,4,7,富邦-台東,2024-07-08,9608
00936,台新永續高息中小,7,0,7,富邦-台東,2024-07-08,9608
2476,鉅祥,7,0,7,富邦-台東,2024-07-08,9608
00632R,元大台灣50反1,1660,0,1660,富邦-台東,2024-07-09,9608
00929,復華台灣科技優息,127,21,106,富邦-台東,2024-07-09,9608
2367,燿華,160,95,65,富邦-台東,2024-07-09,9608
2405,輔信,75,13,62,富邦-台東,2024-07-09,9608
912000,晨訊科-DR,50,0,50,富邦-台東,2024-07-09,9608
2834,臺企銀,126,77,49,富邦-台東,2024-07-09,9608
2365,昆盈,56,9,47,富邦-台東,2024-07-09,9608
3481,群創,56,18,38,富邦-台東,2024-07-09,9608
4114,健喬,35,0,35,富邦-台東,2024-07-09,9608
2312,金寶,620,594,26,富邦-台東,2024-07-09,9608
2349,錸德,29,3,26,富邦-台東,2024-07-09,9608
00928,中信上櫃ESG30,25,0,25,富邦-台東,2024-07-09,9608
4906,正文,38,13,25,富邦-台東,2024-07-09,9608
2489,瑞軒,88,64,24,富邦-台東,2024-07-09,9608
3047,訊舟,61,38,23,富邦-台東,2024-07-09,9608
1718,中纖,20,0,20,富邦-台東,2024-07-09,9608
3149,正達,20,0,20,富邦-台東,2024-07-09,9608
00680L,元大美債20正2,20,1,19,富邦-台東,2024-07-09,9608
00936,台新永續高息中小,18,0,18,富邦-台東,2024-07-09,9608
2301,光寶科,19,1,18,富邦-台東,2024-07-09,9608
6873,泓德能源,17,0,17,富邦-台東,2024-07-09,9608
8085,福華,17,0,17,富邦-台東,2024-07-09,9608
1316,上曜,16,0,16,富邦-台東,2024-07-09,9608
2613,中櫃,16,0,16,富邦-台東,2024-07-09,9608
3712,永崴投控,19,3,16,富邦-台東,2024-07-09,9608
2615,萬海,67,52,15,富邦-台東,2024-07-09,9608
5302,太欣,15,0,15,富邦-台東,2024-07-09,9608
2609,陽明,21,6,15,富邦-台東,2024-07-09,9608
3338,泰碩,20,6,14,富邦-台東,2024-07-09,9608
6213,聯茂,14,0,14,富邦-台東,2024-07-09,9608
3535,晶彩科,20,7,13,富邦-台東,2024-07-09,9608
0056,元大高股息,19,6,13,富邦-台東,2024-07-09,9608
4123,晟德,16,3,13,富邦-台東,2024-07-09,9608
00945B,凱基美國非投等債,12,0,12,富邦-台東,2024-07-09,9608
1314,中石化,12,0,12,富邦-台東,2024-07-09,9608
00882,中信中國高股息,11,0,11,富邦-台東,2024-07-09,9608
2449,京元電子,19,8,11,富邦-台東,2024-07-09,9608
2457,飛宏,11,0,11,富邦-台東,2024-07-09,9608
4167,松瑞藥,11,0,11,富邦-台東,2024-07-09,9608
00902,中信電池及儲能,10,0,10,富邦-台東,2024-07-09,9608
2388,威盛,10,0,10,富邦-台東,2024-07-09,9608
4533,協易機,612,602,10,富邦-台東,2024-07-09,9608
4562,穎漢,10,0,10,富邦-台東,2024-07-09,9608
00944,野村趨勢動能高息,9,0,9,富邦-台東,2024-07-09,9608
1785,光洋科,51,42,9,富邦-台東,2024-07-09,9608
2618,長榮航,14,7,7,富邦-台東,2024-07-09,9608
00946,群益科技高息成長,7,0,7,富邦-台東,2024-07-09,9608
2317,鴻海,52,45,7,富邦-台東,2024-07-09,9608
3260,威剛,16,10,6,富邦-台東,2024-07-09,9608
00934,中信成長高股息,6,0,6,富邦-台東,2024-07-09,9608
3047,訊舟,902,49,853,富邦-台東,2024-07-10,9608
00905,FT臺灣Smart,135,0,135,富邦-台東,2024-07-10,9608
00939,統一台灣高息動能,131,9,122,富邦-台東,2024-07-10,9608
6016,康和證,102,0,102,富邦-台東,2024-07-10,9608
3050,鈺德,127,37,90,富邦-台東,2024-07-10,9608
2408,南亞科,65,5,60,富邦-台東,2024-07-10,9608
2834,臺企銀,60,5,55,富邦-台東,2024-07-10,9608
4526,東台,55,0,55,富邦-台東,2024-07-10,9608
6270,倍微,52,3,49,富邦-台東,2024-07-10,9608
00929,復華台灣科技優息,62,26,36,富邦-台東,2024-07-10,9608
4906,正文,57,21,36,富邦-台東,2024-07-10,9608
2002,中鋼,34,2,32,富邦-台東,2024-07-10,9608
2516,新建,28,0,28,富邦-台東,2024-07-10,9608
00928,中信上櫃ESG30,25,0,25,富邦-台東,2024-07-10,9608
00713,元大台灣高息低波,24,0,24,富邦-台東,2024-07-10,9608
00878,國泰永續高股息,23,1,22,富邦-台東,2024-07-10,9608
2353,宏��,26,5,21,富邦-台東,2024-07-10,9608
9105,泰金寶-DR,21,2,19,富邦-台東,2024-07-10,9608
00949,復華日本龍頭,18,0,18,富邦-台東,2024-07-10,9608
00881,國泰台灣5G+,15,0,15,富邦-台東,2024-07-10,9608
2939,永邑-KY,15,0,15,富邦-台東,2024-07-10,9608
1605,華新,14,0,14,富邦-台東,2024-07-10,9608
6216,居易,14,0,14,富邦-台東,2024-07-10,9608
2603,長榮,13,0,13,富邦-台東,2024-07-10,9608
00934,中信成長高股息,13,0,13,富邦-台東,2024-07-10,9608
00715L,期街口布蘭特正2,12,0,12,富邦-台東,2024-07-10,9608
2344,華邦電,12,0,12,富邦-台東,2024-07-10,9608
00937B,群益ESG投等債20,11,0,11,富邦-台東,2024-07-10,9608
00751B,元大AAA至A公司債,11,0,11,富邦-台東,2024-07-10,9608
00680L,元大美債20正2,10,0,10,富邦-台東,2024-07-10,9608
2547,日勝生,10,0,10,富邦-台東,2024-07-10,9608
3049,精金,10,0,10,富邦-台東,2024-07-10,9608
3062,建漢,10,0,10,富邦-台東,2024-07-10,9608
3689,湧德,11,1,10,富邦-台東,2024-07-10,9608
5302,太欣,10,0,10,富邦-台東,2024-07-10,9608
5521,工信,10,0,10,富邦-台東,2024-07-10,9608
6167,久正,10,0,10,富邦-台東,2024-07-10,9608
6218,豪勉,22,12,10,富邦-台東,2024-07-10,9608
8358,金居,19,9,10,富邦-台東,2024-07-10,9608
3013,晟銘電,44,35,9,富邦-台東,2024-07-10,9608
6806,森崴能源,13,5,8,富邦-台東,2024-07-10,9608
00923,群益台ESG低碳50,9,1,8,富邦-台東,2024-07-10,9608
2329,華泰,7,0,7,富邦-台東,2024-07-10,9608
2352,佳世達,10,3,7,富邦-台東,2024-07-10,9608
6668,中揚光,7,0,7,富邦-台東,2024-07-10,9608
1303,南亞,6,0,6,富邦-台東,2024-07-10,9608
5880,合庫金,10,4,6,富邦-台東,2024-07-10,9608
1618,合機,7,1,6,富邦-台東,2024-07-10,9608
3346,麗清,10,4,6,富邦-台東,2024-07-10,9608
2609,陽明,7,2,5,富邦-台東,2024-07-10,9608
00632R,元大台灣50反1,308,0,308,富邦-台東,2024-07-11,9608
6016,康和證,100,0,100,富邦-台東,2024-07-11,9608
2867,三商壽,92,26,66,富邦-台東,2024-07-11,9608
3050,鈺德,82,21,61,富邦-台東,2024-07-11,9608
9105,泰金寶-DR,112,51,61,富邦-台東,2024-07-11,9608
00650L,復華香港正2,60,0,60,富邦-台東,2024-07-11,9608
00751B,元大AAA至A公司債,54,0,54,富邦-台東,2024-07-11,9608
2834,臺企銀,51,3,48,富邦-台東,2024-07-11,9608
1532,勤美,43,0,43,富邦-台東,2024-07-11,9608
00706L,期元大S＆P日圓正2,40,0,40,富邦-台東,2024-07-11,9608
3060,銘異,40,0,40,富邦-台東,2024-07-11,9608
2618,長榮航,55,16,39,富邦-台東,2024-07-11,9608
4526,東台,31,0,31,富邦-台東,2024-07-11,9608
3312,弘憶股,31,6,25,富邦-台東,2024-07-11,9608
1514,亞力,38,16,22,富邦-台東,2024-07-11,9608
00940,元大台灣價值高息,26,5,21,富邦-台東,2024-07-11,9608
3147,大綜,21,0,21,富邦-台東,2024-07-11,9608
1314,中石化,21,0,21,富邦-台東,2024-07-11,9608
1815,富喬,30,10,20,富邦-台東,2024-07-11,9608
2511,太子,20,0,20,富邦-台東,2024-07-11,9608
6147,頎邦,20,0,20,富邦-台東,2024-07-11,9608
1785,光洋科,39,19,20,富邦-台東,2024-07-11,9608
00902,中信電池及儲能,20,0,20,富邦-台東,2024-07-11,9608
2515,中工,20,1,19,富邦-台東,2024-07-11,9608
00936,台新永續高息中小,19,0,19,富邦-台東,2024-07-11,9608
00715L,期街口布蘭特正2,30,11,19,富邦-台東,2024-07-11,9608
6163,華電網,19,1,18,富邦-台東,2024-07-11,9608
00937B,群益ESG投等債20,17,0,17,富邦-台東,2024-07-11,9608
2354,鴻準,31,14,17,富邦-台東,2024-07-11,9608
2606,裕民,17,1,16,富邦-台東,2024-07-11,9608
00929,復華台灣科技優息,17,2,15,富邦-台東,2024-07-11,9608
3322,建舜電,15,0,15,富邦-台東,2024-07-11,9608
00679B,元大美債20年,13,0,13,富邦-台東,2024-07-11,9608
2392,正崴,37,24,13,富邦-台東,2024-07-11,9608
1503,士電,12,0,12,富邦-台東,2024-07-11,9608
2610,華航,35,23,12,富邦-台東,2024-07-11,9608
00633L,富邦上証正2,12,0,12,富邦-台東,2024-07-11,9608
2888,新光金,46,34,12,富邦-台東,2024-07-11,9608
1609,大亞,16,6,10,富邦-台東,2024-07-11,9608
1718,中纖,10,0,10,富邦-台東,2024-07-11,9608
1909,榮成,10,0,10,富邦-台東,2024-07-11,9608
1513,中興電,24,14,10,富邦-台東,2024-07-11,9608
2382,廣達,12,3,9,富邦-台東,2024-07-11,9608
2367,燿華,17,8,9,富邦-台東,2024-07-11,9608
3219,倚強科,9,0,9,富邦-台東,2024-07-11,9608
2891,中信金,9,0,9,富邦-台東,2024-07-11,9608
2449,京元電子,8,0,8,富邦-台東,2024-07-11,9608
2388,威盛,10,2,8,富邦-台東,2024-07-11,9608
3048,益登,10,2,8,富邦-台東,2024-07-11,9608
6005,群益證,12,4,8,富邦-台東,2024-07-11,9608
00929,復華台灣科技優息,96,22,74,富邦-台東,2024-07-12,9608
2867,三商壽,73,2,71,富邦-台東,2024-07-12,9608
1316,上曜,81,11,70,富邦-台東,2024-07-12,9608
00919,群益台灣精選高息,74,12,62,富邦-台東,2024-07-12,9608
2317,鴻海,72,36,36,富邦-台東,2024-07-12,9608
2405,輔信,43,16,27,富邦-台東,2024-07-12,9608
00878,國泰永續高股息,36,10,26,富邦-台東,2024-07-12,9608
00715L,期街口布蘭特正2,25,0,25,富邦-台東,2024-07-12,9608
2453,凌群,25,0,25,富邦-台東,2024-07-12,9608
2883,凱基金,40,16,24,富邦-台東,2024-07-12,9608
00934,中信成長高股息,23,0,23,富邦-台東,2024-07-12,9608
2365,昆盈,51,29,22,富邦-台東,2024-07-12,9608
00679B,元大美債20年,21,0,21,富邦-台東,2024-07-12,9608
00706L,期元大S＆P日圓正2,21,0,21,富邦-台東,2024-07-12,9608
00688L,國泰20年美債正2,20,0,20,富邦-台東,2024-07-12,9608
6598,ABC-KY,20,0,20,富邦-台東,2024-07-12,9608
00882,中信中國高股息,20,2,18,富邦-台東,2024-07-12,9608
00927,群益半導體收益,18,0,18,富邦-台東,2024-07-12,9608
6179,亞通,18,0,18,富邦-台東,2024-07-12,9608
3711,日月光投控,21,5,16,富邦-台東,2024-07-12,9608
3312,弘憶股,15,0,15,富邦-台東,2024-07-12,9608
2939,永邑-KY,15,0,15,富邦-台東,2024-07-12,9608
8176,智捷,15,0,15,富邦-台東,2024-07-12,9608
8028,昇陽半導體,27,13,14,富邦-台東,2024-07-12,9608
2609,陽明,15,2,13,富邦-台東,2024-07-12,9608
9945,潤泰新,18,5,13,富邦-台東,2024-07-12,9608
00946,群益科技高息成長,12,0,12,富邦-台東,2024-07-12,9608
3149,正達,12,0,12,富邦-台東,2024-07-12,9608
5309,系統電,13,1,12,富邦-台東,2024-07-12,9608
2327,國巨,11,0,11,富邦-台東,2024-07-12,9608
00928,中信上櫃ESG30,11,0,11,富邦-台東,2024-07-12,9608
3033,威健,11,0,11,富邦-台東,2024-07-12,9608
6603,富強鑫,13,2,11,富邦-台東,2024-07-12,9608
8358,金居,13,2,11,富邦-台東,2024-07-12,9608
00923,群益台ESG低碳50,12,2,10,富邦-台東,2024-07-12,9608
5515,建國,10,0,10,富邦-台東,2024-07-12,9608
2511,太子,10,0,10,富邦-台東,2024-07-12,9608
2889,國票金,10,0,10,富邦-台東,2024-07-12,9608
6922,宸曜,10,0,10,富邦-台東,2024-07-12,9608
1785,光洋科,22,13,9,富邦-台東,2024-07-12,9608
3047,訊舟,9,0,9,富邦-台東,2024-07-12,9608
2449,京元電子,10,1,9,富邦-台東,2024-07-12,9608
00632R,元大台灣50反1,10,1,9,富邦-台東,2024-07-12,9608
4533,協易機,11,2,9,富邦-台東,2024-07-12,9608
2330,台積電,20,11,9,富邦-台東,2024-07-12,9608
2834,臺企銀,16,8,8,富邦-台東,2024-07-12,9608
00904,新光臺灣半導體30,8,0,8,富邦-台東,2024-07-12,9608
2915,潤泰全,10,2,8,富邦-台東,2024-07-12,9608
3044,健鼎,8,0,8,富邦-台東,2024-07-12,9608
3607,谷崧,9,1,8,富邦-台東,2024-07-12,9608
6695,芯鼎,522,3,519,富邦-台東,2024-07-15,9608
2897,王道銀行,130,0,130,富邦-台東,2024-07-15,9608
2312,金寶,219,123,96,富邦-台東,2024-07-15,9608
2356,英業達,113,20,93,富邦-台東,2024-07-15,9608
9105,泰金寶-DR,84,0,84,富邦-台東,2024-07-15,9608
00878,國泰永續高股息,58,3,55,富邦-台東,2024-07-15,9608
00650L,復華香港正2,50,0,50,富邦-台東,2024-07-15,9608
00674R,期元大S＆P黃金反1,40,0,40,富邦-台東,2024-07-15,9608
3149,正達,41,1,40,富邦-台東,2024-07-15,9608
2888,新光金,141,102,39,富邦-台東,2024-07-15,9608
00632R,元大台灣50反1,35,0,35,富邦-台東,2024-07-15,9608
00940,元大台灣價值高息,30,0,30,富邦-台東,2024-07-15,9608
00934,中信成長高股息,23,0,23,富邦-台東,2024-07-15,9608
00937B,群益ESG投等債20,26,6,20,富邦-台東,2024-07-15,9608
1460,宏遠,20,0,20,富邦-台東,2024-07-15,9608
2002,中鋼,21,1,20,富邦-台東,2024-07-15,9608
2834,臺企銀,20,0,20,富邦-台東,2024-07-15,9608
3322,建舜電,20,0,20,富邦-台東,2024-07-15,9608
9945,潤泰新,21,2,19,富邦-台東,2024-07-15,9608
6770,力積電,26,7,19,富邦-台東,2024-07-15,9608
3049,精金,12,0,12,富邦-台東,2024-07-15,9608
3673,TPK-KY,13,1,12,富邦-台東,2024-07-15,9608
2610,華航,23,11,12,富邦-台東,2024-07-15,9608
2303,聯電,11,0,11,富邦-台東,2024-07-15,9608
2371,大同,14,3,11,富邦-台東,2024-07-15,9608
2330,台積電,12,1,11,富邦-台東,2024-07-15,9608
00882,中信中國高股息,11,0,11,富邦-台東,2024-07-15,9608
00918,大華優利高填息30,14,3,11,富邦-台東,2024-07-15,9608
00725B,國泰投資級公司債,11,0,11,富邦-台東,2024-07-15,9608
00680L,元大美債20正2,11,0,11,富邦-台東,2024-07-15,9608
00949,復華日本龍頭,11,0,11,富邦-台東,2024-07-15,9608
2353,宏��,11,0,11,富邦-台東,2024-07-15,9608
3260,威剛,12,1,11,富邦-台東,2024-07-15,9608
2327,國巨,10,0,10,富邦-台東,2024-07-15,9608
00688L,國泰20年美債正2,10,0,10,富邦-台東,2024-07-15,9608
2243,宏旭-KY,13,3,10,富邦-台東,2024-07-15,9608
2399,映泰,16,6,10,富邦-台東,2024-07-15,9608
2511,太子,10,0,10,富邦-台東,2024-07-15,9608
3011,今皓,10,0,10,富邦-台東,2024-07-15,9608
3024,憶聲,10,0,10,富邦-台東,2024-07-15,9608
4109,加捷生醫,13,3,10,富邦-台東,2024-07-15,9608
6026,福邦證,10,0,10,富邦-台東,2024-07-15,9608
6274,台燿,10,0,10,富邦-台東,2024-07-15,9608
6592,和潤企業,10,0,10,富邦-台東,2024-07-15,9608
1608,華榮,20,11,9,富邦-台東,2024-07-15,9608
6111,大宇資,9,0,9,富邦-台東,2024-07-15,9608
00919,群益台灣精選高息,9,1,8,富邦-台東,2024-07-15,9608
1514,亞力,14,6,8,富邦-台東,2024-07-15,9608
1727,中華化,8,0,8,富邦-台東,2024-07-15,9608
2885,元大金,8,0,8,富邦-台東,2024-07-15,9608
00751B,元大AAA至A公司債,100,0,100,富邦-台東,2024-07-16,9608
00735,國泰臺韓科技,45,0,45,富邦-台東,2024-07-16,9608
8011,台通,50,7,43,富邦-台東,2024-07-16,9608
2303,聯電,41,0,41,富邦-台東,2024-07-16,9608
2313,華通,37,0,37,富邦-台東,2024-07-16,9608
00919,群益台灣精選高息,36,2,34,富邦-台東,2024-07-16,9608
2834,臺企銀,37,5,32,富邦-台東,2024-07-16,9608
00650L,復華香港正2,30,0,30,富邦-台東,2024-07-16,9608
00632R,元大台灣50反1,30,0,30,富邦-台東,2024-07-16,9608
1460,宏遠,30,0,30,富邦-台東,2024-07-16,9608
00934,中信成長高股息,30,1,29,富邦-台東,2024-07-16,9608
3050,鈺德,30,1,29,富邦-台東,2024-07-16,9608
2867,三商壽,80,54,26,富邦-台東,2024-07-16,9608
2356,英業達,29,6,23,富邦-台東,2024-07-16,9608
6753,龍德造船,21,0,21,富邦-台東,2024-07-16,9608
1909,榮成,30,10,20,富邦-台東,2024-07-16,9608
2516,新建,20,0,20,富邦-台東,2024-07-16,9608
2615,萬海,20,0,20,富邦-台東,2024-07-16,9608
2367,燿華,21,2,19,富邦-台東,2024-07-16,9608
9105,泰金寶-DR,54,36,18,富邦-台東,2024-07-16,9608
4109,加捷生醫,30,13,17,富邦-台東,2024-07-16,9608
3163,波若威,19,3,16,富邦-台東,2024-07-16,9608
1517,利奇,15,0,15,富邦-台東,2024-07-16,9608
2317,鴻海,18,4,14,富邦-台東,2024-07-16,9608
00905,FT臺灣Smart,13,0,13,富邦-台東,2024-07-16,9608
1609,大亞,38,25,13,富邦-台東,2024-07-16,9608
00927,群益半導體收益,12,0,12,富邦-台東,2024-07-16,9608
1608,華榮,15,3,12,富邦-台東,2024-07-16,9608
3049,精金,15,3,12,富邦-台東,2024-07-16,9608
5443,均豪,13,2,11,富邦-台東,2024-07-16,9608
0056,元大高股息,12,1,11,富邦-台東,2024-07-16,9608
00899,FT潔淨能源,10,0,10,富邦-台東,2024-07-16,9608
00949,復華日本龍頭,10,0,10,富邦-台東,2024-07-16,9608
1718,中纖,10,0,10,富邦-台東,2024-07-16,9608
2329,華泰,10,0,10,富邦-台東,2024-07-16,9608
2405,輔信,83,73,10,富邦-台東,2024-07-16,9608
3062,建漢,11,1,10,富邦-台東,2024-07-16,9608
6127,九豪,10,0,10,富邦-台東,2024-07-16,9608
6290,良維,10,0,10,富邦-台東,2024-07-16,9608
8432,東生華,10,0,10,富邦-台東,2024-07-16,9608
2103,台橡,9,0,9,富邦-台東,2024-07-16,9608
00937B,群益ESG投等債20,15,7,8,富邦-台東,2024-07-16,9608
6890,來億-KY,8,0,8,富邦-台東,2024-07-16,9608
911622,泰聚亨-DR,8,0,8,富邦-台東,2024-07-16,9608
3481,群創,7,0,7,富邦-台東,2024-07-16,9608
6111,大宇資,7,0,7,富邦-台東,2024-07-16,9608
6684,安格,10,3,7,富邦-台東,2024-07-16,9608
2882,國泰金,6,0,6,富邦-台東,2024-07-16,9608
00665L,富邦�琤肭磪囓�2,6,0,6,富邦-台東,2024-07-16,9608
00715L,期街口布蘭特正2,6,0,6,富邦-台東,2024-07-16,9608
2888,新光金,552,7,545,富邦-台東,2024-07-17,9608
00929,復華台灣科技優息,101,13,88,富邦-台東,2024-07-17,9608
2405,輔信,63,6,57,富邦-台東,2024-07-17,9608
2618,長榮航,65,11,54,富邦-台東,2024-07-17,9608
00674R,期元大S＆P黃金反1,40,0,40,富邦-台東,2024-07-17,9608
00712,復華富時不動產,34,0,34,富邦-台東,2024-07-17,9608
4526,東台,32,0,32,富邦-台東,2024-07-17,9608
5880,合庫金,30,0,30,富邦-台東,2024-07-17,9608
00919,群益台灣精選高息,35,10,25,富邦-台東,2024-07-17,9608
2891,中信金,24,0,24,富邦-台東,2024-07-17,9608
6188,廣明,22,0,22,富邦-台東,2024-07-17,9608
2489,瑞軒,25,5,20,富邦-台東,2024-07-17,9608
3049,精金,23,5,18,富邦-台東,2024-07-17,9608
00679B,元大美債20年,17,0,17,富邦-台東,2024-07-17,9608
2401,凌陽,15,0,15,富邦-台東,2024-07-17,9608
4729,熒茂,15,0,15,富邦-台東,2024-07-17,9608
00931B,統一美債20年,14,0,14,富邦-台東,2024-07-17,9608
6770,力積電,34,21,13,富邦-台東,2024-07-17,9608
00713,元大台灣高息低波,13,0,13,富邦-台東,2024-07-17,9608
1609,大亞,89,76,13,富邦-台東,2024-07-17,9608
00933B,國泰10Y+金融債,12,0,12,富邦-台東,2024-07-17,9608
8105,凌巨,17,5,12,富邦-台東,2024-07-17,9608
2330,台積電,14,3,11,富邦-台東,2024-07-17,9608
00948B,中信優息投資級債,11,0,11,富邦-台東,2024-07-17,9608
3706,神達,12,1,11,富邦-台東,2024-07-17,9608
2352,佳世達,10,0,10,富邦-台東,2024-07-17,9608
6015,宏遠證,10,0,10,富邦-台東,2024-07-17,9608
2615,萬海,15,5,10,富邦-台東,2024-07-17,9608
00940,元大台灣價值高息,54,45,9,富邦-台東,2024-07-17,9608
2382,廣達,8,0,8,富邦-台東,2024-07-17,9608
1806,冠軍,8,0,8,富邦-台東,2024-07-17,9608
2537,聯上發,65,57,8,富邦-台東,2024-07-17,9608
3673,TPK-KY,21,13,8,富邦-台東,2024-07-17,9608
2603,長榮,8,0,8,富邦-台東,2024-07-17,9608
6290,良維,8,1,7,富邦-台東,2024-07-17,9608
1513,中興電,9,2,7,富邦-台東,2024-07-17,9608
3653,健策,7,0,7,富邦-台東,2024-07-17,9608
8089,康全電訊,8,1,7,富邦-台東,2024-07-17,9608
00946,群益科技高息成長,13,6,7,富邦-台東,2024-07-17,9608
2376,技嘉,7,1,6,富邦-台東,2024-07-17,9608
00937B,群益ESG投等債20,42,36,6,富邦-台東,2024-07-17,9608
6189,豐藝,6,0,6,富邦-台東,2024-07-17,9608
00936,台新永續高息中小,8,2,6,富邦-台東,2024-07-17,9608
00934,中信成長高股息,6,0,6,富邦-台東,2024-07-17,9608
1514,亞力,6,0,6,富邦-台東,2024-07-17,9608
2337,旺宏,10,4,6,富邦-台東,2024-07-17,9608
2501,國建,7,1,6,富邦-台東,2024-07-17,9608
4906,正文,14,8,6,富邦-台東,2024-07-17,9608
3013,晟銘電,28,22,6,富邦-台東,2024-07-17,9608
00881,國泰台灣5G+,5,0,5,富邦-台東,2024-07-17,9608
2419,仲琦,1866,205,1661,富邦-台東,2024-07-18,9608
5512,力麒,104,1,103,富邦-台東,2024-07-18,9608
00929,復華台灣科技優息,131,34,97,富邦-台東,2024-07-18,9608
00878,國泰永續高股息,75,2,73,富邦-台東,2024-07-18,9608
00937B,群益ESG投等債20,72,0,72,富邦-台東,2024-07-18,9608
00919,群益台灣精選高息,102,37,65,富邦-台東,2024-07-18,9608
2356,英業達,46,1,45,富邦-台東,2024-07-18,9608
00679B,元大美債20年,43,0,43,富邦-台東,2024-07-18,9608
00940,元大台灣價值高息,54,15,39,富邦-台東,2024-07-18,9608
2317,鴻海,47,17,30,富邦-台東,2024-07-18,9608
0056,元大高股息,33,3,30,富邦-台東,2024-07-18,9608
00924,復華S＆P500成長,27,0,27,富邦-台東,2024-07-18,9608
00936,台新永續高息中小,29,3,26,富邦-台東,2024-07-18,9608
00650L,復華香港正2,25,0,25,富邦-台東,2024-07-18,9608
00934,中信成長高股息,26,1,25,富邦-台東,2024-07-18,9608
1810,和成,24,3,21,富邦-台東,2024-07-18,9608
00688L,國泰20年美債正2,20,0,20,富邦-台東,2024-07-18,9608
1718,中纖,30,10,20,富邦-台東,2024-07-18,9608
2399,映泰,20,0,20,富邦-台東,2024-07-18,9608
2511,太子,20,0,20,富邦-台東,2024-07-18,9608
3050,鈺德,20,0,20,富邦-台東,2024-07-18,9608
00927,群益半導體收益,20,1,19,富邦-台東,2024-07-18,9608
2330,台積電,23,4,19,富邦-台東,2024-07-18,9608
2888,新光金,20,3,17,富邦-台東,2024-07-18,9608
4906,正文,21,4,17,富邦-台東,2024-07-18,9608
00881,國泰台灣5G+,17,0,17,富邦-台東,2024-07-18,9608
2365,昆盈,102,86,16,富邦-台東,2024-07-18,9608
2025,千興,15,0,15,富邦-台東,2024-07-18,9608
2401,凌陽,17,4,13,富邦-台東,2024-07-18,9608
3189,景碩,14,1,13,富邦-台東,2024-07-18,9608
1503,士電,13,1,12,富邦-台東,2024-07-18,9608
2312,金寶,17,5,12,富邦-台東,2024-07-18,9608
9945,潤泰新,23,11,12,富邦-台東,2024-07-18,9608
3711,日月光投控,12,0,12,富邦-台東,2024-07-18,9608
3013,晟銘電,30,18,12,富邦-台東,2024-07-18,9608
00947,台新臺灣IC設計,11,0,11,富邦-台東,2024-07-18,9608
00687B,國泰20年美債,12,1,11,富邦-台東,2024-07-18,9608
00935,野村臺灣新科技50,11,0,11,富邦-台東,2024-07-18,9608
00946,群益科技高息成長,15,4,11,富邦-台東,2024-07-18,9608
2881,富邦金,12,1,11,富邦-台東,2024-07-18,9608
00882,中信中國高股息,10,0,10,富邦-台東,2024-07-18,9608
1611,中電,17,7,10,富邦-台東,2024-07-18,9608
2337,旺宏,10,0,10,富邦-台東,2024-07-18,9608
3322,建舜電,10,0,10,富邦-台東,2024-07-18,9608
3535,晶彩科,21,11,10,富邦-台東,2024-07-18,9608
2408,南亞科,12,3,9,富邦-台東,2024-07-18,9608
00891,中信關鍵半導體,8,0,8,富邦-台東,2024-07-18,9608
2458,義隆,8,0,8,富邦-台東,2024-07-18,9608
6890,來億-KY,9,1,8,富邦-台東,2024-07-18,9608
2409,友達,11,3,8,富邦-台東,2024-07-18,9608
5512,力麒,162,24,138,富邦-台東,2024-07-19,9608
00937B,群益ESG投等債20,104,0,104,富邦-台東,2024-07-19,9608
2855,統一證,101,0,101,富邦-台東,2024-07-19,9608
00929,復華台灣科技優息,93,1,92,富邦-台東,2024-07-19,9608
9955,佳龍,85,0,85,富邦-台東,2024-07-19,9608
6271,同欣電,60,0,60,富邦-台東,2024-07-19,9608
00919,群益台灣精選高息,70,20,50,富邦-台東,2024-07-19,9608
3060,銘異,49,0,49,富邦-台東,2024-07-19,9608
3049,精金,42,2,40,富邦-台東,2024-07-19,9608
00679B,元大美債20年,52,13,39,富邦-台東,2024-07-19,9608
9105,泰金寶-DR,40,1,39,富邦-台東,2024-07-19,9608
3211,順達,37,0,37,富邦-台東,2024-07-19,9608
3706,神達,36,5,31,富邦-台東,2024-07-19,9608
2330,台積電,39,8,31,富邦-台東,2024-07-19,9608
1718,中纖,30,0,30,富邦-台東,2024-07-19,9608
2836,高雄銀,30,0,30,富邦-台東,2024-07-19,9608
2312,金寶,32,3,29,富邦-台東,2024-07-19,9608
9945,潤泰新,26,0,26,富邦-台東,2024-07-19,9608
2344,華邦電,25,0,25,富邦-台東,2024-07-19,9608
0056,元大高股息,24,0,24,富邦-台東,2024-07-19,9608
00940,元大台灣價值高息,54,30,24,富邦-台東,2024-07-19,9608
3006,晶豪科,24,0,24,富邦-台東,2024-07-19,9608
4303,信立,27,3,24,富邦-台東,2024-07-19,9608
1709,和益,46,26,20,富邦-台東,2024-07-19,9608
6190,萬泰科,22,2,20,富邦-台東,2024-07-19,9608
2002,中鋼,22,2,20,富邦-台東,2024-07-19,9608
1102,亞泥,20,2,18,富邦-台東,2024-07-19,9608
2801,彰銀,18,0,18,富邦-台東,2024-07-19,9608
00934,中信成長高股息,18,1,17,富邦-台東,2024-07-19,9608
2356,英業達,30,14,16,富邦-台東,2024-07-19,9608
6274,台燿,15,0,15,富邦-台東,2024-07-19,9608
2017,官田鋼,20,7,13,富邦-台東,2024-07-19,9608
00941,中信上游半導體,12,0,12,富邦-台東,2024-07-19,9608
00944,野村趨勢動能高息,12,0,12,富邦-台東,2024-07-19,9608
6116,彩晶,15,3,12,富邦-台東,2024-07-19,9608
3149,正達,11,0,11,富邦-台東,2024-07-19,9608
5309,系統電,14,3,11,富邦-台東,2024-07-19,9608
2610,華航,15,5,10,富邦-台東,2024-07-19,9608
00918,大華優利高填息30,10,0,10,富邦-台東,2024-07-19,9608
2327,國巨,10,0,10,富邦-台東,2024-07-19,9608
00881,國泰台灣5G+,11,1,10,富邦-台東,2024-07-19,9608
00928,中信上櫃ESG30,10,0,10,富邦-台東,2024-07-19,9608
1409,新纖,11,1,10,富邦-台東,2024-07-19,9608
2103,台橡,10,0,10,富邦-台東,2024-07-19,9608
2399,映泰,10,0,10,富邦-台東,2024-07-19,9608
2511,太子,12,2,10,富邦-台東,2024-07-19,9608
4113,聯上,10,0,10,富邦-台東,2024-07-19,9608
4588,玖鼎電力,10,0,10,富邦-台東,2024-07-19,9608
6163,華電網,31,21,10,富邦-台東,2024-07-19,9608
912000,晨訊科-DR,10,0,10,富邦-台東,2024-07-19,9608
00929,復華台灣科技優息,242,28,214,富邦-台東,2024-07-22,9608
00878,國泰永續高股息,260,142,118,富邦-台東,2024-07-22,9608
00940,元大台灣價值高息,119,10,109,富邦-台東,2024-07-22,9608
00937B,群益ESG投等債20,68,4,64,富邦-台東,2024-07-22,9608
9105,泰金寶-DR,66,3,63,富邦-台東,2024-07-22,9608
1217,愛之味,59,0,59,富邦-台東,2024-07-22,9608
00919,群益台灣精選高息,74,24,50,富邦-台東,2024-07-22,9608
1110,東泥,48,0,48,富邦-台東,2024-07-22,9608
2303,聯電,38,3,35,富邦-台東,2024-07-22,9608
00946,群益科技高息成長,42,7,35,富邦-台東,2024-07-22,9608
5443,均豪,50,16,34,富邦-台東,2024-07-22,9608
6753,龍德造船,53,21,32,富邦-台東,2024-07-22,9608
3006,晶豪科,33,3,30,富邦-台東,2024-07-22,9608
2365,昆盈,62,35,27,富邦-台東,2024-07-22,9608
1609,大亞,87,60,27,富邦-台東,2024-07-22,9608
0056,元大高股息,23,1,22,富邦-台東,2024-07-22,9608
8064,東捷,26,5,21,富邦-台東,2024-07-22,9608
2344,華邦電,21,0,21,富邦-台東,2024-07-22,9608
00650L,復華香港正2,20,0,20,富邦-台東,2024-07-22,9608
5351,鈺創,20,0,20,富邦-台東,2024-07-22,9608
00934,中信成長高股息,18,0,18,富邦-台東,2024-07-22,9608
2356,英業達,18,0,18,富邦-台東,2024-07-22,9608
2515,中工,16,0,16,富邦-台東,2024-07-22,9608
3224,三顧,16,0,16,富邦-台東,2024-07-22,9608
2610,華航,23,8,15,富邦-台東,2024-07-22,9608
6274,台燿,34,19,15,富邦-台東,2024-07-22,9608
6901,鑽石投資,16,1,15,富邦-台東,2024-07-22,9608
2888,新光金,18,3,15,富邦-台東,2024-07-22,9608
2371,大同,15,1,14,富邦-台東,2024-07-22,9608
6757,台灣虎航,14,0,14,富邦-台東,2024-07-22,9608
8383,千附,11,0,11,富邦-台東,2024-07-22,9608
2884,玉山金,10,0,10,富邦-台東,2024-07-22,9608
6271,同欣電,10,0,10,富邦-台東,2024-07-22,9608
2353,宏��,13,3,10,富邦-台東,2024-07-22,9608
3049,精金,10,0,10,富邦-台東,2024-07-22,9608
2324,仁寶,10,1,9,富邦-台東,2024-07-22,9608
00679B,元大美債20年,12,3,9,富邦-台東,2024-07-22,9608
2881,富邦金,10,1,9,富邦-台東,2024-07-22,9608
00891,中信關鍵半導體,9,1,8,富邦-台東,2024-07-22,9608
4729,熒茂,8,0,8,富邦-台東,2024-07-22,9608
3163,波若威,11,3,8,富邦-台東,2024-07-22,9608
8473,山林水,9,2,7,富邦-台東,2024-07-22,9608
2545,皇翔,7,0,7,富邦-台東,2024-07-22,9608
3580,友威科,7,0,7,富邦-台東,2024-07-22,9608
2634,漢翔,7,0,7,富邦-台東,2024-07-22,9608
0050,元大台灣50,7,0,7,富邦-台東,2024-07-22,9608
1529,樂事綠能,8,2,6,富邦-台東,2024-07-22,9608
6706,惠特,6,0,6,富邦-台東,2024-07-22,9608
2002,中鋼,6,0,6,富邦-台東,2024-07-22,9608
2355,敬鵬,6,0,6,富邦-台東,2024-07-22,9608
00632R,元大台灣50反1,90,0,90,富邦-台東,2024-07-23,9608
3481,群創,75,1,74,富邦-台東,2024-07-23,9608
00937B,群益ESG投等債20,67,0,67,富邦-台東,2024-07-23,9608
1314,中石化,45,0,45,富邦-台東,2024-07-23,9608
00878,國泰永續高股息,43,2,41,富邦-台東,2024-07-23,9608
4967,十銓,34,0,34,富邦-台東,2024-07-23,9608
4526,東台,30,0,30,富邦-台東,2024-07-23,9608
912000,晨訊科-DR,30,0,30,富邦-台東,2024-07-23,9608
00929,復華台灣科技優息,62,32,30,富邦-台東,2024-07-23,9608
8176,智捷,25,0,25,富邦-台東,2024-07-23,9608
2939,永邑-KY,29,5,24,富邦-台東,2024-07-23,9608
00919,群益台灣精選高息,29,6,23,富邦-台東,2024-07-23,9608
3049,精金,22,0,22,富邦-台東,2024-07-23,9608
00940,元大台灣價值高息,37,15,22,富邦-台東,2024-07-23,9608
00687B,國泰20年美債,21,0,21,富邦-台東,2024-07-23,9608
2312,金寶,22,2,20,富邦-台東,2024-07-23,9608
4303,信立,20,1,19,富邦-台東,2024-07-23,9608
1532,勤美,19,2,17,富邦-台東,2024-07-23,9608
00935,野村臺灣新科技50,16,0,16,富邦-台東,2024-07-23,9608
2409,友達,23,10,13,富邦-台東,2024-07-23,9608
8358,金居,13,0,13,富邦-台東,2024-07-23,9608
5309,系統電,12,0,12,富邦-台東,2024-07-23,9608
8277,商丞,12,0,12,富邦-台東,2024-07-23,9608
9105,泰金寶-DR,12,1,11,富邦-台東,2024-07-23,9608
2388,威盛,10,0,10,富邦-台東,2024-07-23,9608
3033,威健,10,0,10,富邦-台東,2024-07-23,9608
5607,遠雄港,10,0,10,富邦-台東,2024-07-23,9608
6684,安格,13,3,10,富邦-台東,2024-07-23,9608
6757,台灣虎航,10,0,10,富邦-台東,2024-07-23,9608
1609,大亞,45,36,9,富邦-台東,2024-07-23,9608
00939,統一台灣高息動能,10,1,9,富邦-台東,2024-07-23,9608
6152,百一,25,16,9,富邦-台東,2024-07-23,9608
0056,元大高股息,9,0,9,富邦-台東,2024-07-23,9608
8096,擎亞,12,4,8,富邦-台東,2024-07-23,9608
1308,亞聚,7,0,7,富邦-台東,2024-07-23,9608
2301,光寶科,9,2,7,富邦-台東,2024-07-23,9608
00679B,元大美債20年,7,0,7,富邦-台東,2024-07-23,9608
6116,彩晶,6,0,6,富邦-台東,2024-07-23,9608
6239,力成,8,2,6,富邦-台東,2024-07-23,9608
00680L,元大美債20正2,6,0,6,富邦-台東,2024-07-23,9608
00715L,期街口布蘭特正2,6,0,6,富邦-台東,2024-07-23,9608
00927,群益半導體收益,6,0,6,富邦-台東,2024-07-23,9608
2449,京元電子,6,0,6,富邦-台東,2024-07-23,9608
5905,南仁湖,6,0,6,富邦-台東,2024-07-23,9608
8374,羅昇,6,0,6,富邦-台東,2024-07-23,9608
8440,綠電,7,1,6,富邦-台東,2024-07-23,9608
00905,FT臺灣Smart,5,0,5,富邦-台東,2024-07-23,9608
2812,台中銀,6,1,5,富邦-台東,2024-07-23,9608
00918,大華優利高填息30,5,0,5,富邦-台東,2024-07-23,9608
1618,合機,6,1,5,富邦-台東,2024-07-23,9608
00937B,群益ESG投等債20,94,20,74,富邦-台東,2024-07-26,9608
00929,復華台灣科技優息,78,4,74,富邦-台東,2024-07-26,9608
2489,瑞軒,52,3,49,富邦-台東,2024-07-26,9608
00878,國泰永續高股息,51,2,49,富邦-台東,2024-07-26,9608
6753,龍德造船,50,10,40,富邦-台東,2024-07-26,9608
00946,群益科技高息成長,48,10,38,富邦-台東,2024-07-26,9608
2884,玉山金,31,0,31,富邦-台東,2024-07-26,9608
0056,元大高股息,28,0,28,富邦-台東,2024-07-26,9608
00940,元大台灣價值高息,26,0,26,富邦-台東,2024-07-26,9608
2344,華邦電,25,0,25,富邦-台東,2024-07-26,9608
00679B,元大美債20年,34,10,24,富邦-台東,2024-07-26,9608
2867,三商壽,35,12,23,富邦-台東,2024-07-26,9608
2025,千興,22,0,22,富邦-台東,2024-07-26,9608
00919,群益台灣精選高息,41,19,22,富邦-台東,2024-07-26,9608
2303,聯電,21,0,21,富邦-台東,2024-07-26,9608
1314,中石化,22,2,20,富邦-台東,2024-07-26,9608
8358,金居,20,0,20,富邦-台東,2024-07-26,9608
2834,臺企銀,20,0,20,富邦-台東,2024-07-26,9608
2836,高雄銀,20,0,20,富邦-台東,2024-07-26,9608
6005,群益證,25,5,20,富邦-台東,2024-07-26,9608
8021,尖點,21,1,20,富邦-台東,2024-07-26,9608
00934,中信成長高股息,20,1,19,富邦-台東,2024-07-26,9608
2330,台積電,21,2,19,富邦-台東,2024-07-26,9608
00675L,富邦臺灣加權正2,16,0,16,富邦-台東,2024-07-26,9608
2317,鴻海,18,3,15,富邦-台東,2024-07-26,9608
6182,合晶,14,0,14,富邦-台東,2024-07-26,9608
2888,新光金,33,20,13,富邦-台東,2024-07-26,9608
3231,緯創,14,2,12,富邦-台東,2024-07-26,9608
0050,元大台灣50,13,0,13,富邦-台東,2024-07-26,9608
00753L,中信中國50正2,12,0,12,富邦-台東,2024-07-26,9608
2337,旺宏,12,0,12,富邦-台東,2024-07-26,9608
00757,統一FANG+,10,0,10,富邦-台東,2024-07-26,9608
2002,中鋼,23,13,10,富邦-台東,2024-07-26,9608
00735,國泰臺韓科技,10,0,10,富邦-台東,2024-07-26,9608
00905,FT臺灣Smart,10,0,10,富邦-台東,2024-07-26,9608
2897,王道銀行,10,0,10,富邦-台東,2024-07-26,9608
3338,泰碩,10,0,10,富邦-台東,2024-07-26,9608
3711,日月光投控,13,3,10,富邦-台東,2024-07-26,9608
00927,群益半導體收益,11,1,10,富邦-台東,2024-07-26,9608
9105,泰金寶-DR,9,0,9,富邦-台東,2024-07-26,9608
8996,高力,9,0,9,富邦-台東,2024-07-26,9608
00923,群益台ESG低碳50,9,1,8,富邦-台東,2024-07-26,9608
00662,富邦NASDAQ,8,0,8,富邦-台東,2024-07-26,9608
2022,聚亨,8,0,8,富邦-台東,2024-07-26,9608
6189,豐藝,7,0,7,富邦-台東,2024-07-26,9608
2885,元大金,7,0,7,富邦-台東,2024-07-26,9608
6116,彩晶,7,0,7,富邦-台東,2024-07-26,9608
8926,台汽電,7,0,7,富邦-台東,2024-07-26,9608
2353,宏��,7,0,7,富邦-台東,2024-07-26,9608
2356,英業達,9,3,6,富邦-台東,2024-07-26,9608
00712,復華富時不動產,500,5,495,富邦-台東,2024-07-29,9608
00632R,元大台灣50反1,140,20,120,富邦-台東,2024-07-29,9608
00929,復華台灣科技優息,75,11,64,富邦-台東,2024-07-29,9608
00919,群益台灣精選高息,46,5,41,富邦-台東,2024-07-29,9608
00940,元大台灣價值高息,36,1,35,富邦-台東,2024-07-29,9608
2888,新光金,58,23,35,富邦-台東,2024-07-29,9608
2610,華航,55,25,30,富邦-台東,2024-07-29,9608
00650L,復華香港正2,30,0,30,富邦-台東,2024-07-29,9608
1449,佳和,58,30,28,富邦-台東,2024-07-29,9608
9945,潤泰新,41,16,25,富邦-台東,2024-07-29,9608
00939,統一台灣高息動能,24,1,23,富邦-台東,2024-07-29,9608
2884,玉山金,22,0,22,富邦-台東,2024-07-29,9608
4534,慶騰,22,0,22,富邦-台東,2024-07-29,9608
00878,國泰永續高股息,28,6,22,富邦-台東,2024-07-29,9608
8931,大汽電,21,0,21,富邦-台東,2024-07-29,9608
6274,台燿,20,0,20,富邦-台東,2024-07-29,9608
00937B,群益ESG投等債20,22,3,19,富邦-台東,2024-07-29,9608
2365,昆盈,25,8,17,富邦-台東,2024-07-29,9608
2367,燿華,18,2,16,富邦-台東,2024-07-29,9608
00936,台新永續高息中小,15,0,15,富邦-台東,2024-07-29,9608
2537,聯上發,56,41,15,富邦-台東,2024-07-29,9608
6152,百一,35,20,15,富邦-台東,2024-07-29,9608
8021,尖點,20,5,15,富邦-台東,2024-07-29,9608
1314,中石化,32,18,14,富邦-台東,2024-07-29,9608
2002,中鋼,12,0,12,富邦-台東,2024-07-29,9608
2324,仁寶,12,0,12,富邦-台東,2024-07-29,9608
2025,千興,12,1,11,富邦-台東,2024-07-29,9608
3024,憶聲,11,0,11,富邦-台東,2024-07-29,9608
3050,鈺德,12,1,11,富邦-台東,2024-07-29,9608
3062,建漢,11,0,11,富邦-台東,2024-07-29,9608
3147,大綜,11,0,11,富邦-台東,2024-07-29,9608
00680L,元大美債20正2,10,0,10,富邦-台東,2024-07-29,9608
00688L,國泰20年美債正2,10,0,10,富邦-台東,2024-07-29,9608
1718,中纖,10,0,10,富邦-台東,2024-07-29,9608
2312,金寶,12,2,10,富邦-台東,2024-07-29,9608
2882,國泰金,12,2,10,富邦-台東,2024-07-29,9608
3052,夆典,10,0,10,富邦-台東,2024-07-29,9608
3322,建舜電,10,0,10,富邦-台東,2024-07-29,9608
4130,健亞,10,0,10,富邦-台東,2024-07-29,9608
912000,晨訊科-DR,10,0,10,富邦-台東,2024-07-29,9608
6282,康舒,9,1,8,富邦-台東,2024-07-29,9608
2303,聯電,27,20,7,富邦-台東,2024-07-29,9608
2603,長榮,7,0,7,富邦-台東,2024-07-29,9608
00687B,國泰20年美債,7,0,7,富邦-台東,2024-07-29,9608
6462,神盾,7,0,7,富邦-台東,2024-07-29,9608
1529,樂事綠能,8,2,6,富邦-台東,2024-07-29,9608
2486,一詮,8,2,6,富邦-台東,2024-07-29,9608
6770,力積電,11,5,6,富邦-台東,2024-07-29,9608
4763,材料-KY,6,0,6,富邦-台東,2024-07-29,9608
00933B,國泰10Y+金融債,6,0,6,富邦-台東,2024-07-29,9608
00688L,國泰20年美債正2,200,0,200,富邦-台東,2024-07-30,9608
00632R,元大台灣50反1,137,0,137,富邦-台東,2024-07-30,9608
00712,復華富時不動產,100,0,100,富邦-台東,2024-07-30,9608
00751B,元大AAA至A公司債,100,2,98,富邦-台東,2024-07-30,9608
00937B,群益ESG投等債20,63,0,63,富邦-台東,2024-07-30,9608
00929,復華台灣科技優息,101,38,63,富邦-台東,2024-07-30,9608
00940,元大台灣價值高息,60,20,40,富邦-台東,2024-07-30,9608
2515,中工,40,7,33,富邦-台東,2024-07-30,9608
00772B,中信高評級公司債,32,0,32,富邦-台東,2024-07-30,9608
00637L,元大滬深300正2,30,0,30,富邦-台東,2024-07-30,9608
9105,泰金寶-DR,39,11,28,富邦-台東,2024-07-30,9608
2349,錸德,38,14,24,富邦-台東,2024-07-30,9608
2834,臺企銀,31,8,23,富邦-台東,2024-07-30,9608
00946,群益科技高息成長,22,0,22,富邦-台東,2024-07-30,9608
8931,大汽電,24,6,18,富邦-台東,2024-07-30,9608
6770,力積電,19,2,17,富邦-台東,2024-07-30,9608
00919,群益台灣精選高息,19,4,15,富邦-台東,2024-07-30,9608
00715L,期街口布蘭特正2,11,0,11,富邦-台東,2024-07-30,9608
3338,泰碩,11,0,11,富邦-台東,2024-07-30,9608
4934,太極,11,0,11,富邦-台東,2024-07-30,9608
5880,合庫金,14,4,10,富邦-台東,2024-07-30,9608
4123,晟德,11,0,11,富邦-台東,2024-07-30,9608
00671R,富邦NASDAQ反1,10,0,10,富邦-台東,2024-07-30,9608
2025,千興,10,0,10,富邦-台東,2024-07-30,9608
4526,東台,10,0,10,富邦-台東,2024-07-30,9608
6753,龍德造船,11,1,10,富邦-台東,2024-07-30,9608
912000,晨訊科-DR,10,0,10,富邦-台東,2024-07-30,9608
9136,巨騰-DR,10,0,10,富邦-台東,2024-07-30,9608
3706,神達,20,11,9,富邦-台東,2024-07-30,9608
00951,台新日本半導體,8,0,8,富邦-台東,2024-07-30,9608
1314,中石化,10,2,8,富邦-台東,2024-07-30,9608
2888,新光金,31,23,8,富邦-台東,2024-07-30,9608
00675L,富邦臺灣加權正2,7,0,7,富邦-台東,2024-07-30,9608
00923,群益台ESG低碳50,7,0,7,富邦-台東,2024-07-30,9608
2301,光寶科,8,1,7,富邦-台東,2024-07-30,9608
2609,陽明,11,4,7,富邦-台東,2024-07-30,9608
4770,上品,7,0,7,富邦-台東,2024-07-30,9608
8176,智捷,7,0,7,富邦-台東,2024-07-30,9608
4906,正文,7,0,7,富邦-台東,2024-07-30,9608
2891,中信金,7,0,7,富邦-台東,2024-07-30,9608
2330,台積電,7,1,6,富邦-台東,2024-07-30,9608
2353,宏��,6,0,6,富邦-台東,2024-07-30,9608
3006,晶豪科,6,0,6,富邦-台東,2024-07-30,9608
4968,立積,6,0,6,富邦-台東,2024-07-30,9608
3189,景碩,6,1,5,富邦-台東,2024-07-30,9608
00757,統一FANG+,5,0,5,富邦-台東,2024-07-30,9608
00947,台新臺灣IC設計,5,0,5,富邦-台東,2024-07-30,9608
00669R,國泰美國道瓊反1,5,0,5,富邦-台東,2024-07-30,9608
1614,三洋電,5,0,5,富邦-台東,2024-07-30,9608
2103,台橡,5,0,5,富邦-台東,2024-07-30,9608
00688L,國泰20年美債正2,300,1,299,富邦-台東,2024-07-31,9608
00932,兆豐永續高息等權,100,0,100,富邦-台東,2024-07-31,9608
00937B,群益ESG投等債20,74,6,68,富邦-台東,2024-07-31,9608
00919,群益台灣精選高息,55,0,55,富邦-台東,2024-07-31,9608
2883,凱基金,38,0,38,富邦-台東,2024-07-31,9608
2025,千興,76,40,36,富邦-台東,2024-07-31,9608
00940,元大台灣價值高息,42,10,32,富邦-台東,2024-07-31,9608
00929,復華台灣科技優息,41,10,31,富邦-台東,2024-07-31,9608
8105,凌巨,29,4,25,富邦-台東,2024-07-31,9608
00632R,元大台灣50反1,40,20,20,富邦-台東,2024-07-31,9608
00878,國泰永續高股息,20,1,19,富邦-台東,2024-07-31,9608
2834,臺企銀,16,0,16,富邦-台東,2024-07-31,9608
1304,台聚,15,0,15,富邦-台東,2024-07-31,9608
00934,中信成長高股息,13,0,13,富邦-台東,2024-07-31,9608
0056,元大高股息,13,0,13,富邦-台東,2024-07-31,9608
1614,三洋電,12,0,12,富邦-台東,2024-07-31,9608
3686,達能,15,3,12,富邦-台東,2024-07-31,9608
00857B,永豐20年美公債,11,0,11,富邦-台東,2024-07-31,9608
2014,中鴻,10,0,10,富邦-台東,2024-07-31,9608
3047,訊舟,19,9,10,富邦-台東,2024-07-31,9608
3663,鑫科,15,5,10,富邦-台東,2024-07-31,9608
2634,漢翔,9,0,9,富邦-台東,2024-07-31,9608
5443,均豪,24,15,9,富邦-台東,2024-07-31,9608
2324,仁寶,11,3,8,富邦-台東,2024-07-31,9608
2352,佳世達,8,0,8,富邦-台東,2024-07-31,9608
6657,華安,8,0,8,富邦-台東,2024-07-31,9608
1409,新纖,7,0,7,富邦-台東,2024-07-31,9608
3167,大量,8,1,7,富邦-台東,2024-07-31,9608
2885,元大金,6,0,6,富邦-台東,2024-07-31,9608
00946,群益科技高息成長,5,0,5,富邦-台東,2024-07-31,9608
00679B,元大美債20年,5,0,5,富邦-台東,2024-07-31,9608
00888,永豐台灣ESG,5,0,5,富邦-台東,2024-07-31,9608
1536,和大,5,0,5,富邦-台東,2024-07-31,9608
2303,聯電,17,12,5,富邦-台東,2024-07-31,9608
2354,鴻準,5,0,5,富邦-台東,2024-07-31,9608
3312,弘憶股,5,0,5,富邦-台東,2024-07-31,9608
6127,九豪,5,0,5,富邦-台東,2024-07-31,9608
8054,安國,19,14,5,富邦-台東,2024-07-31,9608
2330,台積電,8,3,5,富邦-台東,2024-07-31,9608
2609,陽明,19,15,4,富邦-台東,2024-07-31,9608
2359,所羅門,6,2,4,富邦-台東,2024-07-31,9608
2524,京城,23,19,4,富邦-台東,2024-07-31,9608
3481,群創,16,12,4,富邦-台東,2024-07-31,9608
3580,友威科,4,0,4,富邦-台東,2024-07-31,9608
6282,康舒,4,0,4,富邦-台東,2024-07-31,9608
6443,元晶,4,0,4,富邦-台東,2024-07-31,9608
8926,台汽電,4,0,4,富邦-台東,2024-07-31,9608
2454,聯發科,3,0,3,富邦-台東,2024-07-31,9608
1795,美時,4,1,3,富邦-台東,2024-07-31,9608
2365,昆盈,8,5,3,富邦-台東,2024-07-31,9608
00712,復華富時不動產,202,0,202,富邦-台東,2024-08-01,9608
00706L,期元大S＆P日圓正2,40,0,40,富邦-台東,2024-08-01,9608
00929,復華台灣科技優息,40,1,39,富邦-台東,2024-08-01,9608
00688L,國泰20年美債正2,36,1,35,富邦-台東,2024-08-01,9608
00679B,元大美債20年,30,4,26,富邦-台東,2024-08-01,9608
00878,國泰永續高股息,29,3,26,富邦-台東,2024-08-01,9608
6116,彩晶,25,0,25,富邦-台東,2024-08-01,9608
3535,晶彩科,46,22,24,富邦-台東,2024-08-01,9608
2610,華航,38,15,23,富邦-台東,2024-08-01,9608
2884,玉山金,22,0,22,富邦-台東,2024-08-01,9608
1718,中纖,20,0,20,富邦-台東,2024-08-01,9608
2888,新光金,31,11,20,富邦-台東,2024-08-01,9608
9105,泰金寶-DR,20,0,20,富邦-台東,2024-08-01,9608
3019,亞光,26,7,19,富邦-台東,2024-08-01,9608
00949,復華日本龍頭,20,2,18,富邦-台東,2024-08-01,9608
2349,錸德,57,39,18,富邦-台東,2024-08-01,9608
3163,波若威,32,14,18,富邦-台東,2024-08-01,9608
3047,訊舟,21,5,16,富邦-台東,2024-08-01,9608
2618,長榮航,21,7,14,富邦-台東,2024-08-01,9608
00918,大華優利高填息30,12,0,12,富邦-台東,2024-08-01,9608
00640L,富邦日本正2,10,0,10,富邦-台東,2024-08-01,9608
1447,力鵬,10,0,10,富邦-台東,2024-08-01,9608
2537,聯上發,20,10,10,富邦-台東,2024-08-01,9608
3042,晶技,10,0,10,富邦-台東,2024-08-01,9608
6438,迅得,10,0,10,富邦-台東,2024-08-01,9608
8931,大汽電,10,0,10,富邦-台東,2024-08-01,9608
00919,群益台灣精選高息,22,12,10,富邦-台東,2024-08-01,9608
3363,上詮,8,0,8,富邦-台東,2024-08-01,9608
2489,瑞軒,10,3,7,富邦-台東,2024-08-01,9608
2887,台新金,7,0,7,富邦-台東,2024-08-01,9608
3234,光環,7,0,7,富邦-台東,2024-08-01,9608
00891,中信關鍵半導體,7,0,7,富邦-台東,2024-08-01,9608
2317,鴻海,21,14,7,富邦-台東,2024-08-01,9608
00935,野村臺灣新科技50,6,0,6,富邦-台東,2024-08-01,9608
2495,普安,6,0,6,富邦-台東,2024-08-01,9608
6156,松上,6,0,6,富邦-台東,2024-08-01,9608
2323,中環,5,0,5,富邦-台東,2024-08-01,9608
0056,元大高股息,10,5,5,富邦-台東,2024-08-01,9608
2009,第一銅,5,0,5,富邦-台東,2024-08-01,9608
3293,鈊象,5,0,5,富邦-台東,2024-08-01,9608
2327,國巨,5,0,5,富邦-台東,2024-08-01,9608
00751B,元大AAA至A公司債,5,0,5,富邦-台東,2024-08-01,9608
00900,富邦特選高股息30,5,0,5,富邦-台東,2024-08-01,9608
00671R,富邦NASDAQ反1,5,0,5,富邦-台東,2024-08-01,9608
3481,群創,9,4,5,富邦-台東,2024-08-01,9608
4129,聯合,5,0,5,富邦-台東,2024-08-01,9608
6152,百一,15,10,5,富邦-台東,2024-08-01,9608
6577,勁豐,5,0,5,富邦-台東,2024-08-01,9608
9136,巨騰-DR,5,0,5,富邦-台東,2024-08-01,9608
2454,聯發科,5,1,4,富邦-台東,2024-08-01,9608
1540,喬福,2538,8,2530,富邦-台東,2024-08-02,9608
00878,國泰永續高股息,112,0,112,富邦-台東,2024-08-02,9608
00929,復華台灣科技優息,117,10,107,富邦-台東,2024-08-02,9608
00937B,群益ESG投等債20,69,2,67,富邦-台東,2024-08-02,9608
00900,富邦特選高股息30,53,0,53,富邦-台東,2024-08-02,9608
0056,元大高股息,52,5,47,富邦-台東,2024-08-02,9608
2317,鴻海,63,20,43,富邦-台東,2024-08-02,9608
00940,元大台灣價值高息,77,40,37,富邦-台東,2024-08-02,9608
00881,國泰台灣5G+,39,2,37,富邦-台東,2024-08-02,9608
00919,群益台灣精選高息,55,19,36,富邦-台東,2024-08-02,9608
00946,群益科技高息成長,28,0,28,富邦-台東,2024-08-02,9608
00927,群益半導體收益,28,1,27,富邦-台東,2024-08-02,9608
00947,台新臺灣IC設計,26,0,26,富邦-台東,2024-08-02,9608
00687B,國泰20年美債,24,1,23,富邦-台東,2024-08-02,9608
2834,臺企銀,22,0,22,富邦-台東,2024-08-02,9608
00679B,元大美債20年,25,5,20,富邦-台東,2024-08-02,9608
8071,能率網通,21,1,20,富邦-台東,2024-08-02,9608
4562,穎漢,22,4,18,富邦-台東,2024-08-02,9608
6116,彩晶,18,0,18,富邦-台東,2024-08-02,9608
00934,中信成長高股息,20,4,16,富邦-台東,2024-08-02,9608
2337,旺宏,20,5,15,富邦-台東,2024-08-02,9608
00949,復華日本龍頭,14,0,14,富邦-台東,2024-08-02,9608
8996,高力,14,0,14,富邦-台東,2024-08-02,9608
3037,欣興,14,0,14,富邦-台東,2024-08-02,9608
2891,中信金,13,0,13,富邦-台東,2024-08-02,9608
2883,凱基金,18,5,13,富邦-台東,2024-08-02,9608
00713,元大台灣高息低波,13,0,13,富邦-台東,2024-08-02,9608
9945,潤泰新,15,2,13,富邦-台東,2024-08-02,9608
1605,華新,12,0,12,富邦-台東,2024-08-02,9608
00640L,富邦日本正2,12,0,12,富邦-台東,2024-08-02,9608
2801,彰銀,12,0,12,富邦-台東,2024-08-02,9608
4513,福裕,22,10,12,富邦-台東,2024-08-02,9608
2330,台積電,22,10,12,富邦-台東,2024-08-02,9608
3535,晶彩科,11,0,11,富邦-台東,2024-08-02,9608
6462,神盾,12,1,11,富邦-台東,2024-08-02,9608
2382,廣達,12,1,11,富邦-台東,2024-08-02,9608
00891,中信關鍵半導體,10,0,10,富邦-台東,2024-08-02,9608
00712,復華富時不動產,10,0,10,富邦-台東,2024-08-02,9608
1314,中石化,10,0,10,富邦-台東,2024-08-02,9608
2836,高雄銀,10,0,10,富邦-台東,2024-08-02,9608
2897,王道銀行,10,0,10,富邦-台東,2024-08-02,9608
5515,建國,10,0,10,富邦-台東,2024-08-02,9608
6005,群益證,13,3,10,富邦-台東,2024-08-02,9608
8110,華東,10,0,10,富邦-台東,2024-08-02,9608
006208,富邦台50,9,0,9,富邦-台東,2024-08-02,9608
0050,元大台灣50,9,0,9,富邦-台東,2024-08-02,9608
1617,榮星,31,22,9,富邦-台東,2024-08-02,9608
2498,宏達電,9,0,9,富邦-台東,2024-08-02,9608
00857B,永豐20年美公債,8,0,8,富邦-台東,2024-08-02,9608
2634,漢翔,8,0,8,富邦-台東,2024-08-02,9608
00680L,元大美債20正2,880,10,870,富邦-台東,2024-08-05,9608
00688L,國泰20年美債正2,659,53,606,富邦-台東,2024-08-05,9608
5880,合庫金,207,2,205,富邦-台東,2024-08-05,9608
00940,元大台灣價值高息,193,11,182,富邦-台東,2024-08-05,9608
00929,復華台灣科技優息,327,176,151,富邦-台東,2024-08-05,9608
2601,益航,111,0,111,富邦-台東,2024-08-05,9608
00715L,期街口布蘭特正2,101,0,101,富邦-台東,2024-08-05,9608
00878,國泰永續高股息,235,151,84,富邦-台東,2024-08-05,9608
2883,凱基金,69,2,67,富邦-台東,2024-08-05,9608
6770,力積電,51,0,51,富邦-台東,2024-08-05,9608
3481,群創,81,31,50,富邦-台東,2024-08-05,9608
2489,瑞軒,52,2,50,富邦-台東,2024-08-05,9608
2344,華邦電,51,3,48,富邦-台東,2024-08-05,9608
2409,友達,49,2,47,富邦-台東,2024-08-05,9608
2834,臺企銀,75,28,47,富邦-台東,2024-08-05,9608
2884,玉山金,46,0,46,富邦-台東,2024-08-05,9608
1314,中石化,42,0,42,富邦-台東,2024-08-05,9608
00671R,富邦NASDAQ反1,35,0,35,富邦-台東,2024-08-05,9608
2836,高雄銀,30,0,30,富邦-台東,2024-08-05,9608
2603,長榮,33,4,29,富邦-台東,2024-08-05,9608
2812,台中銀,28,0,28,富邦-台東,2024-08-05,9608
00941,中信上游半導體,21,0,21,富邦-台東,2024-08-05,9608
6182,合晶,21,0,21,富邦-台東,2024-08-05,9608
3535,晶彩科,20,0,20,富邦-台東,2024-08-05,9608
2881,富邦金,20,0,20,富邦-台東,2024-08-05,9608
00640L,富邦日本正2,20,0,20,富邦-台東,2024-08-05,9608
1710,東聯,20,0,20,富邦-台東,2024-08-05,9608
00946,群益科技高息成長,23,5,18,富邦-台東,2024-08-05,9608
3483,力致,18,0,18,富邦-台東,2024-08-05,9608
00931B,統一美債20年,18,0,18,富邦-台東,2024-08-05,9608
1504,東元,20,2,18,富邦-台東,2024-08-05,9608
6191,精成科,17,0,17,富邦-台東,2024-08-05,9608
1611,中電,16,0,16,富邦-台東,2024-08-05,9608
2516,新建,16,0,16,富邦-台東,2024-08-05,9608
5443,均豪,21,5,16,富邦-台東,2024-08-05,9608
0056,元大高股息,50,34,16,富邦-台東,2024-08-05,9608
00951,台新日本半導體,15,1,14,富邦-台東,2024-08-05,9608
00891,中信關鍵半導體,14,1,13,富邦-台東,2024-08-05,9608
2332,友訊,13,0,13,富邦-台東,2024-08-05,9608
2337,旺宏,16,3,13,富邦-台東,2024-08-05,9608
00881,國泰台灣5G+,12,0,12,富邦-台東,2024-08-05,9608
2002,中鋼,17,5,12,富邦-台東,2024-08-05,9608
3049,精金,12,0,12,富邦-台東,2024-08-05,9608
1785,光洋科,13,1,12,富邦-台東,2024-08-05,9608
6693,廣閎科,11,0,11,富邦-台東,2024-08-05,9608
2801,彰銀,11,0,11,富邦-台東,2024-08-05,9608
2327,國巨,10,0,10,富邦-台東,2024-08-05,9608
00857B,永豐20年美公債,10,0,10,富邦-台東,2024-08-05,9608
2515,中工,10,0,10,富邦-台東,2024-08-05,9608
4726,永昕,10,0,10,富邦-台東,2024-08-05,9608
00632R,元大台灣50反1,1089,19,1070,富邦-台東,2024-08-06,9608
00688L,國泰20年美債正2,212,2,210,富邦-台東,2024-08-06,9608
2542,興富發,125,1,124,富邦-台東,2024-08-06,9608
00929,復華台灣科技優息,88,8,80,富邦-台東,2024-08-06,9608
2515,中工,47,1,46,富邦-台東,2024-08-06,9608
2867,三商壽,131,86,45,富邦-台東,2024-08-06,9608
2888,新光金,55,11,44,富邦-台東,2024-08-06,9608
3483,力致,35,0,35,富邦-台東,2024-08-06,9608
0056,元大高股息,33,1,32,富邦-台東,2024-08-06,9608
00637L,元大滬深300正2,30,0,30,富邦-台東,2024-08-06,9608
2317,鴻海,94,69,25,富邦-台東,2024-08-06,9608
9105,泰金寶-DR,42,20,22,富邦-台東,2024-08-06,9608
00676R,富邦臺灣加權反1,20,0,20,富邦-台東,2024-08-06,9608
00706L,期元大S＆P日圓正2,20,0,20,富邦-台東,2024-08-06,9608
3706,神達,21,2,19,富邦-台東,2024-08-06,9608
6770,力積電,19,0,19,富邦-台東,2024-08-06,9608
2365,昆盈,38,22,16,富邦-台東,2024-08-06,9608
00940,元大台灣價值高息,80,65,15,富邦-台東,2024-08-06,9608
00753L,中信中國50正2,15,0,15,富邦-台東,2024-08-06,9608
912000,晨訊科-DR,15,0,15,富邦-台東,2024-08-06,9608
3062,建漢,14,1,13,富邦-台東,2024-08-06,9608
4114,健喬,14,1,13,富邦-台東,2024-08-06,9608
00751B,元大AAA至A公司債,12,0,12,富邦-台東,2024-08-06,9608
00641R,富邦日本反1,12,0,12,富邦-台東,2024-08-06,9608
2349,錸德,12,0,12,富邦-台東,2024-08-06,9608
6179,亞通,11,0,11,富邦-台東,2024-08-06,9608
3231,緯創,31,20,11,富邦-台東,2024-08-06,9608
00671R,富邦NASDAQ反1,10,0,10,富邦-台東,2024-08-06,9608
00936,台新永續高息中小,10,0,10,富邦-台東,2024-08-06,9608
2537,聯上發,11,1,10,富邦-台東,2024-08-06,9608
3264,欣銓,10,0,10,富邦-台東,2024-08-06,9608
8033,雷虎,10,0,10,富邦-台東,2024-08-06,9608
3481,群創,11,2,9,富邦-台東,2024-08-06,9608
9945,潤泰新,16,7,9,富邦-台東,2024-08-06,9608
00881,國泰台灣5G+,12,3,9,富邦-台東,2024-08-06,9608
4534,慶騰,11,2,9,富邦-台東,2024-08-06,9608
3017,奇鋐,18,9,9,富邦-台東,2024-08-06,9608
4533,協易機,9,1,8,富邦-台東,2024-08-06,9608
5386,青雲,8,0,8,富邦-台東,2024-08-06,9608
3037,欣興,11,3,8,富邦-台東,2024-08-06,9608
1101,台泥,7,0,7,富邦-台東,2024-08-06,9608
2613,中櫃,11,4,7,富邦-台東,2024-08-06,9608
3312,弘憶股,9,2,7,富邦-台東,2024-08-06,9608
6916,華凌,7,0,7,富邦-台東,2024-08-06,9608
1540,喬福,68,61,7,富邦-台東,2024-08-06,9608
2609,陽明,25,19,6,富邦-台東,2024-08-06,9608
00946,群益科技高息成長,11,5,6,富邦-台東,2024-08-06,9608
00900,富邦特選高股息30,5,0,5,富邦-台東,2024-08-06,9608
00772B,中信高評級公司債,5,0,5,富邦-台東,2024-08-06,9608
1721,三晃,5,0,5,富邦-台東,2024-08-06,9608
00878,國泰永續高股息,152,1,151,富邦-台東,2024-08-07,9608
00632R,元大台灣50反1,216,137,79,富邦-台東,2024-08-07,9608
00948B,中信優息投資級債,70,0,70,富邦-台東,2024-08-07,9608
2542,興富發,70,1,69,富邦-台東,2024-08-07,9608
2317,鴻海,52,9,43,富邦-台東,2024-08-07,9608
00929,復華台灣科技優息,62,24,38,富邦-台東,2024-08-07,9608
2834,臺企銀,35,2,33,富邦-台東,2024-08-07,9608
9105,泰金寶-DR,42,10,32,富邦-台東,2024-08-07,9608
00946,群益科技高息成長,36,10,26,富邦-台東,2024-08-07,9608
00919,群益台灣精選高息,23,0,23,富邦-台東,2024-08-07,9608
00891,中信關鍵半導體,23,0,23,富邦-台東,2024-08-07,9608
00676R,富邦臺灣加權反1,21,0,21,富邦-台東,2024-08-07,9608
00892,富邦台灣半導體,20,0,20,富邦-台東,2024-08-07,9608
8354,冠好,30,10,20,富邦-台東,2024-08-07,9608
00900,富邦特選高股息30,19,0,19,富邦-台東,2024-08-07,9608
2405,輔信,20,2,18,富邦-台東,2024-08-07,9608
00934,中信成長高股息,17,0,17,富邦-台東,2024-08-07,9608
2888,新光金,32,15,17,富邦-台東,2024-08-07,9608
3211,順達,17,1,16,富邦-台東,2024-08-07,9608
00642U,期元大S＆P石油,15,0,15,富邦-台東,2024-08-07,9608
2887,台新金,15,0,15,富邦-台東,2024-08-07,9608
2352,佳世達,12,0,12,富邦-台東,2024-08-07,9608
9945,潤泰新,17,5,12,富邦-台東,2024-08-07,9608
00715L,期街口布蘭特正2,12,0,12,富邦-台東,2024-08-07,9608
2362,藍天,12,0,12,富邦-台東,2024-08-07,9608
4555,氣立,12,0,12,富邦-台東,2024-08-07,9608
8076,伍豐,12,0,12,富邦-台東,2024-08-07,9608
00931B,統一美債20年,11,0,11,富邦-台東,2024-08-07,9608
1504,東元,26,16,10,富邦-台東,2024-08-07,9608
2243,宏旭-KY,10,0,10,富邦-台東,2024-08-07,9608
3622,洋華,10,0,10,富邦-台東,2024-08-07,9608
6753,龍德造船,11,2,9,富邦-台東,2024-08-07,9608
1101,台泥,7,0,7,富邦-台東,2024-08-07,9608
3033,威健,7,0,7,富邦-台東,2024-08-07,9608
2354,鴻準,10,3,7,富邦-台東,2024-08-07,9608
2382,廣達,15,9,6,富邦-台東,2024-08-07,9608
0056,元大高股息,11,5,6,富邦-台東,2024-08-07,9608
00751B,元大AAA至A公司債,6,0,6,富邦-台東,2024-08-07,9608
6423,億而得-創,6,0,6,富邦-台東,2024-08-07,9608
6443,元晶,6,0,6,富邦-台東,2024-08-07,9608
3013,晟銘電,17,12,5,富邦-台東,2024-08-07,9608
1540,喬福,24,19,5,富邦-台東,2024-08-07,9608
1597,直得,5,0,5,富邦-台東,2024-08-07,9608
1611,中電,5,0,5,富邦-台東,2024-08-07,9608
1709,和益,5,0,5,富邦-台東,2024-08-07,9608
1810,和成,5,0,5,富邦-台東,2024-08-07,9608
2891,中信金,5,0,5,富邦-台東,2024-08-07,9608
4114,健喬,6,1,5,富邦-台東,2024-08-07,9608
4763,材料-KY,5,0,5,富邦-台東,2024-08-07,9608
5386,青雲,6,1,5,富邦-台東,2024-08-07,9608
00680L,元大美債20正2,222,0,222,富邦-台東,2024-08-08,9608
00929,復華台灣科技優息,97,1,96,富邦-台東,2024-08-08,9608
00878,國泰永續高股息,94,3,91,富邦-台東,2024-08-08,9608
2834,臺企銀,61,3,58,富邦-台東,2024-08-08,9608
2365,昆盈,108,61,47,富邦-台東,2024-08-08,9608
6603,富強鑫,46,1,45,富邦-台東,2024-08-08,9608
00933B,國泰10Y+金融債,31,1,30,富邦-台東,2024-08-08,9608
2405,輔信,27,0,27,富邦-台東,2024-08-08,9608
2886,兆豐金,24,0,24,富邦-台東,2024-08-08,9608
2349,錸德,24,2,22,富邦-台東,2024-08-08,9608
6116,彩晶,20,0,20,富邦-台東,2024-08-08,9608
2888,新光金,27,7,20,富邦-台東,2024-08-08,9608
00751B,元大AAA至A公司債,16,0,16,富邦-台東,2024-08-08,9608
2887,台新金,17,2,15,富邦-台東,2024-08-08,9608
4555,氣立,13,0,13,富邦-台東,2024-08-08,9608
9105,泰金寶-DR,11,0,11,富邦-台東,2024-08-08,9608
2316,楠梓電,10,0,10,富邦-台東,2024-08-08,9608
1316,上曜,11,1,10,富邦-台東,2024-08-08,9608
6175,立敦,10,0,10,富邦-台東,2024-08-08,9608
912000,晨訊科-DR,10,0,10,富邦-台東,2024-08-08,9608
0056,元大高股息,10,0,10,富邦-台東,2024-08-08,9608
2317,鴻海,49,40,9,富邦-台東,2024-08-08,9608
3706,神達,10,1,9,富邦-台東,2024-08-08,9608
1785,光洋科,10,2,8,富邦-台東,2024-08-08,9608
2609,陽明,30,22,8,富邦-台東,2024-08-08,9608
4174,浩鼎,70,62,8,富邦-台東,2024-08-08,9608
0050,元大台灣50,10,2,8,富邦-台東,2024-08-08,9608
00673R,期元大S＆P原油反1,7,0,7,富邦-台東,2024-08-08,9608
2356,英業達,24,17,7,富邦-台東,2024-08-08,9608
2615,萬海,19,13,6,富邦-台東,2024-08-08,9608
00891,中信關鍵半導體,6,0,6,富邦-台東,2024-08-08,9608
8021,尖點,6,0,6,富邦-台東,2024-08-08,9608
3260,威剛,6,0,6,富邦-台東,2024-08-08,9608
2330,台積電,8,3,5,富邦-台東,2024-08-08,9608
00757,統一FANG+,5,0,5,富邦-台東,2024-08-08,9608
3231,緯創,7,2,5,富邦-台東,2024-08-08,9608
5880,合庫金,5,0,5,富邦-台東,2024-08-08,9608
1301,台塑,6,1,5,富邦-台東,2024-08-08,9608
3037,欣興,5,0,5,富邦-台東,2024-08-08,9608
00753L,中信中國50正2,5,0,5,富邦-台東,2024-08-08,9608
00945B,凱基美國非投等債,5,0,5,富邦-台東,2024-08-08,9608
1103,嘉泥,5,0,5,富邦-台東,2024-08-08,9608
3305,昇貿,5,0,5,富邦-台東,2024-08-08,9608
4510,高鋒,45,40,5,富邦-台東,2024-08-08,9608
6122,擎邦,5,0,5,富邦-台東,2024-08-08,9608
6125,廣運,6,1,5,富邦-台東,2024-08-08,9608
9938,百和,5,0,5,富邦-台東,2024-08-08,9608
3711,日月光投控,6,1,5,富邦-台東,2024-08-08,9608
00923,群益台ESG低碳50,4,0,4,富邦-台東,2024-08-08,9608
6213,聯茂,5,1,4,富邦-台東,2024-08-08,9608
00632R,元大台灣50反1,398,5,393,富邦-台東,2024-08-09,9608
00795B,中信美國公債20年,384,5,379,富邦-台東,2024-08-09,9608
00937B,群益ESG投等債20,76,0,76,富邦-台東,2024-08-09,9608
00664R,國泰臺灣加權反1,50,0,50,富邦-台東,2024-08-09,9608
1314,中石化,50,0,50,富邦-台東,2024-08-09,9608
9105,泰金寶-DR,75,25,50,富邦-台東,2024-08-09,9608
00687B,國泰20年美債,56,6,50,富邦-台東,2024-08-09,9608
3706,神達,53,6,47,富邦-台東,2024-08-09,9608
00679B,元大美債20年,42,1,41,富邦-台東,2024-08-09,9608
2353,宏��,32,2,30,富邦-台東,2024-08-09,9608
00929,復華台灣科技優息,45,18,27,富邦-台東,2024-08-09,9608
00948B,中信優息投資級債,25,2,23,富邦-台東,2024-08-09,9608
2371,大同,22,0,22,富邦-台東,2024-08-09,9608
2891,中信金,30,10,20,富邦-台東,2024-08-09,9608
6753,龍德造船,22,2,20,富邦-台東,2024-08-09,9608
4906,正文,18,0,18,富邦-台東,2024-08-09,9608
2337,旺宏,22,5,17,富邦-台東,2024-08-09,9608
2409,友達,85,68,17,富邦-台東,2024-08-09,9608
00951,台新日本半導體,16,0,16,富邦-台東,2024-08-09,9608
2327,國巨,20,5,15,富邦-台東,2024-08-09,9608
2025,千興,15,0,15,富邦-台東,2024-08-09,9608
2834,臺企銀,15,0,15,富邦-台東,2024-08-09,9608
00680L,元大美債20正2,13,0,13,富邦-台東,2024-08-09,9608
3047,訊舟,15,2,13,富邦-台東,2024-08-09,9608
2887,台新金,12,0,12,富邦-台東,2024-08-09,9608
4979,華星光,12,0,12,富邦-台東,2024-08-09,9608
00942B,台新美A公司債20+,10,0,10,富邦-台東,2024-08-09,9608
1560,中砂,10,0,10,富邦-台東,2024-08-09,9608
2017,官田鋼,10,0,10,富邦-台東,2024-08-09,9608
2344,華邦電,10,0,10,富邦-台東,2024-08-09,9608
5452,佶優,10,0,10,富邦-台東,2024-08-09,9608
6215,和椿,11,1,10,富邦-台東,2024-08-09,9608
6269,台郡,11,1,10,富邦-台東,2024-08-09,9608
3189,景碩,15,6,9,富邦-台東,2024-08-09,9608
6152,百一,8,0,8,富邦-台東,2024-08-09,9608
9945,潤泰新,26,19,7,富邦-台東,2024-08-09,9608
5880,合庫金,12,5,7,富邦-台東,2024-08-09,9608
1709,和益,10,3,7,富邦-台東,2024-08-09,9608
2349,錸德,16,9,7,富邦-台東,2024-08-09,9608
2609,陽明,30,23,7,富邦-台東,2024-08-09,9608
2615,萬海,17,10,7,富邦-台東,2024-08-09,9608
3260,威剛,11,4,7,富邦-台東,2024-08-09,9608
00919,群益台灣精選高息,17,11,6,富邦-台東,2024-08-09,9608
00676R,富邦臺灣加權反1,6,0,6,富邦-台東,2024-08-09,9608
00857B,永豐20年美公債,6,0,6,富邦-台東,2024-08-09,9608
8071,能率網通,8,3,5,富邦-台東,2024-08-09,9608
1304,台聚,5,0,5,富邦-台東,2024-08-09,9608
00751B,元大AAA至A公司債,5,0,5,富邦-台東,2024-08-09,9608
00920,富邦ESG綠色電力,5,0,5,富邦-台東,2024-08-09,9608
1514,亞力,14,9,5,富邦-台東,2024-08-09,9608
00632R,元大台灣50反1,210,20,190,富邦-台東,2024-08-12,9608
2312,金寶,189,72,117,富邦-台東,2024-08-12,9608
5880,合庫金,53,2,51,富邦-台東,2024-08-12,9608
2486,一詮,36,1,35,富邦-台東,2024-08-12,9608
00687B,國泰20年美債,35,1,34,富邦-台東,2024-08-12,9608
00948B,中信優息投資級債,29,0,29,富邦-台東,2024-08-12,9608
1609,大亞,38,9,29,富邦-台東,2024-08-12,9608
2939,永邑-KY,26,0,26,富邦-台東,2024-08-12,9608
2891,中信金,28,3,25,富邦-台東,2024-08-12,9608
3049,精金,25,0,25,富邦-台東,2024-08-12,9608
00919,群益台灣精選高息,22,1,21,富邦-台東,2024-08-12,9608
00940,元大台灣價值高息,24,4,20,富邦-台東,2024-08-12,9608
00664R,國泰臺灣加權反1,20,0,20,富邦-台東,2024-08-12,9608
3522,御嵿,20,0,20,富邦-台東,2024-08-12,9608
3706,神達,21,2,19,富邦-台東,2024-08-12,9608
6603,富強鑫,20,1,19,富邦-台東,2024-08-12,9608
6541,泰福-KY,17,0,17,富邦-台東,2024-08-12,9608
2515,中工,13,1,12,富邦-台東,2024-08-12,9608
00937B,群益ESG投等債20,12,0,12,富邦-台東,2024-08-12,9608
2317,鴻海,29,18,11,富邦-台東,2024-08-12,9608
9945,潤泰新,20,9,11,富邦-台東,2024-08-12,9608
5876,上海商銀,11,0,11,富邦-台東,2024-08-12,9608
2327,國巨,10,0,10,富邦-台東,2024-08-12,9608
1718,中纖,10,0,10,富邦-台東,2024-08-12,9608
3518,柏騰,11,1,10,富邦-台東,2024-08-12,9608
00878,國泰永續高股息,14,5,9,富邦-台東,2024-08-12,9608
00679B,元大美債20年,8,0,8,富邦-台東,2024-08-12,9608
2882,國泰金,16,8,8,富邦-台東,2024-08-12,9608
2382,廣達,11,4,7,富邦-台東,2024-08-12,9608
4958,臻鼎-KY,7,0,7,富邦-台東,2024-08-12,9608
2002,中鋼,12,6,6,富邦-台東,2024-08-12,9608
4174,浩鼎,6,0,6,富邦-台東,2024-08-12,9608
4562,穎漢,9,3,6,富邦-台東,2024-08-12,9608
2376,技嘉,6,1,5,富邦-台東,2024-08-12,9608
00751B,元大AAA至A公司債,5,0,5,富邦-台東,2024-08-12,9608
00642U,期元大S＆P石油,5,0,5,富邦-台東,2024-08-12,9608
2851,中再保,5,0,5,富邦-台東,2024-08-12,9608
4303,信立,5,0,5,富邦-台東,2024-08-12,9608
6109,亞元,5,0,5,富邦-台東,2024-08-12,9608
6189,豐藝,5,0,5,富邦-台東,2024-08-12,9608
6414,樺漢,5,0,5,富邦-台東,2024-08-12,9608
1784,訊聯,4,0,4,富邦-台東,2024-08-12,9608
2349,錸德,10,6,4,富邦-台東,2024-08-12,9608
2408,南亞科,5,1,4,富邦-台東,2024-08-12,9608
3580,友威科,4,0,4,富邦-台東,2024-08-12,9608
4979,華星光,5,1,4,富邦-台東,2024-08-12,9608
5009,榮剛,4,0,4,富邦-台東,2024-08-12,9608
9955,佳龍,4,0,4,富邦-台東,2024-08-12,9608
3663,鑫科,20,17,3,富邦-台東,2024-08-12,9608
00918,大華優利高填息30,10,7,3,富邦-台東,2024-08-12,9608
6658,聯策,941,2,939,富邦-台東,2024-08-13,9608
8096,擎亞,418,3,415,富邦-台東,2024-08-13,9608
00948B,中信優息投資級債,214,0,214,富邦-台東,2024-08-13,9608
6753,龍德造船,207,0,207,富邦-台東,2024-08-13,9608
4562,穎漢,121,9,112,富邦-台東,2024-08-13,9608
2880,華南金,54,0,54,富邦-台東,2024-08-13,9608
2615,萬海,38,6,32,富邦-台東,2024-08-13,9608
6005,群益證,20,0,20,富邦-台東,2024-08-13,9608
1314,中石化,20,2,18,富邦-台東,2024-08-13,9608
00881,國泰台灣5G+,17,0,17,富邦-台東,2024-08-13,9608
00885,富邦越南,12,0,12,富邦-台東,2024-08-13,9608
00696B,富邦美債20年,10,0,10,富邦-台東,2024-08-13,9608
6541,泰福-KY,10,0,10,富邦-台東,2024-08-13,9608
4979,華星光,10,0,10,富邦-台東,2024-08-13,9608
00937B,群益ESG投等債20,9,0,9,富邦-台東,2024-08-13,9608
3189,景碩,9,0,9,富邦-台東,2024-08-13,9608
9945,潤泰新,8,0,8,富邦-台東,2024-08-13,9608
00907,永豐優息存股,8,0,8,富邦-台東,2024-08-13,9608
1303,南亞,8,0,8,富邦-台東,2024-08-13,9608
1446,宏和,8,0,8,富邦-台東,2024-08-13,9608
2359,所羅門,12,4,8,富邦-台東,2024-08-13,9608
2520,冠德,13,5,8,富邦-台東,2024-08-13,9608
2464,盟立,14,6,8,富邦-台東,2024-08-13,9608
1513,中興電,8,1,7,富邦-台東,2024-08-13,9608
2312,金寶,7,0,7,富邦-台東,2024-08-13,9608
5443,均豪,18,11,7,富邦-台東,2024-08-13,9608
5880,合庫金,7,0,7,富邦-台東,2024-08-13,9608
2374,佳能,7,0,7,富邦-台東,2024-08-13,9608
00687B,國泰20年美債,6,0,6,富邦-台東,2024-08-13,9608
5450,南良,6,0,6,富邦-台東,2024-08-13,9608
2327,國巨,6,1,5,富邦-台東,2024-08-13,9608
2886,兆豐金,5,0,5,富邦-台東,2024-08-13,9608
2891,中信金,16,11,5,富邦-台東,2024-08-13,9608
00891,中信關鍵半導體,5,0,5,富邦-台東,2024-08-13,9608
2609,陽明,8,3,5,富邦-台東,2024-08-13,9608
2801,彰銀,5,0,5,富邦-台東,2024-08-13,9608
3147,大綜,5,0,5,富邦-台東,2024-08-13,9608
3322,建舜電,5,0,5,富邦-台東,2024-08-13,9608
4576,大銀微系統,5,0,5,富邦-台東,2024-08-13,9608
6235,華孚,5,0,5,富邦-台東,2024-08-13,9608
2329,華泰,6,1,5,富邦-台東,2024-08-13,9608
2317,鴻海,22,17,5,富邦-台東,2024-08-13,9608
1326,台化,4,0,4,富邦-台東,2024-08-13,9608
00751B,元大AAA至A公司債,4,0,4,富邦-台東,2024-08-13,9608
1101,台泥,4,0,4,富邦-台東,2024-08-13,9608
2362,藍天,5,1,4,富邦-台東,2024-08-13,9608
5481,新華,11,7,4,富邦-台東,2024-08-13,9608
6877,鏵友益,5,1,4,富邦-台東,2024-08-13,9608
3324,雙鴻,5,2,3,富邦-台東,2024-08-13,9608
00941,中信上游半導體,3,0,3,富邦-台東,2024-08-13,9608
00948B,中信優息投資級債,310,29,281,富邦-台東,2024-08-14,9608
2323,中環,150,0,150,富邦-台東,2024-08-14,9608
00720B,元大投資級公司債,100,0,100,富邦-台東,2024-08-14,9608
1603,華電,87,0,87,富邦-台東,2024-08-14,9608
4526,東台,70,4,66,富邦-台東,2024-08-14,9608
00687B,國泰20年美債,52,1,51,富邦-台東,2024-08-14,9608
00900,富邦特選高股息30,40,0,40,富邦-台東,2024-08-14,9608
2891,中信金,64,28,36,富邦-台東,2024-08-14,9608
6215,和椿,29,3,26,富邦-台東,2024-08-14,9608
00937B,群益ESG投等債20,23,0,23,富邦-台東,2024-08-14,9608
1504,東元,22,0,22,富邦-台東,2024-08-14,9608
8039,台虹,20,0,20,富邦-台東,2024-08-14,9608
3289,宜特,20,1,19,富邦-台東,2024-08-14,9608
2543,皇昌,23,4,19,富邦-台東,2024-08-14,9608
1101,台泥,15,0,15,富邦-台東,2024-08-14,9608
1314,中石化,20,5,15,富邦-台東,2024-08-14,9608
2886,兆豐金,17,3,14,富邦-台東,2024-08-14,9608
2317,鴻海,31,17,14,富邦-台東,2024-08-14,9608
00878,國泰永續高股息,27,14,13,富邦-台東,2024-08-14,9608
2801,彰銀,12,0,12,富邦-台東,2024-08-14,9608
00881,國泰台灣5G+,14,2,12,富邦-台東,2024-08-14,9608
2615,萬海,18,6,12,富邦-台東,2024-08-14,9608
8150,南茂,12,0,12,富邦-台東,2024-08-14,9608
4958,臻鼎-KY,11,0,11,富邦-台東,2024-08-14,9608
2515,中工,11,0,11,富邦-台東,2024-08-14,9608
3522,御嵿,27,17,10,富邦-台東,2024-08-14,9608
4129,聯合,10,0,10,富邦-台東,2024-08-14,9608
2356,英業達,17,8,9,富邦-台東,2024-08-14,9608
2365,昆盈,73,64,9,富邦-台東,2024-08-14,9608
2427,三商電,8,0,8,富邦-台東,2024-08-14,9608
3167,大量,11,3,8,富邦-台東,2024-08-14,9608
8028,昇陽半導體,11,3,8,富邦-台東,2024-08-14,9608
5880,合庫金,12,5,7,富邦-台東,2024-08-14,9608
2609,陽明,9,2,7,富邦-台東,2024-08-14,9608
2376,技嘉,7,1,6,富邦-台東,2024-08-14,9608
2354,鴻準,7,1,6,富邦-台東,2024-08-14,9608
2402,毅嘉,6,0,6,富邦-台東,2024-08-14,9608
4729,熒茂,6,0,6,富邦-台東,2024-08-14,9608
5608,四維航,6,0,6,富邦-台東,2024-08-14,9608
3663,鑫科,9,3,6,富邦-台東,2024-08-14,9608
2449,京元電子,17,12,5,富邦-台東,2024-08-14,9608
00642U,期元大S＆P石油,5,0,5,富邦-台東,2024-08-14,9608
00671R,富邦NASDAQ反1,5,0,5,富邦-台東,2024-08-14,9608
2022,聚亨,5,0,5,富邦-台東,2024-08-14,9608
2353,宏��,8,3,5,富邦-台東,2024-08-14,9608
2374,佳能,5,0,5,富邦-台東,2024-08-14,9608
2906,高林,5,0,5,富邦-台東,2024-08-14,9608
4303,信立,5,0,5,富邦-台東,2024-08-14,9608
4540,全球傳動,5,0,5,富邦-台東,2024-08-14,9608
4919,新唐,6,1,5,富邦-台東,2024-08-14,9608
00632R,元大台灣50反1,230,20,210,富邦-台東,2024-08-15,9608
9105,泰金寶-DR,60,0,60,富邦-台東,2024-08-15,9608
00937B,群益ESG投等債20,59,5,54,富邦-台東,2024-08-15,9608
00881,國泰台灣5G+,39,2,37,富邦-台東,2024-08-15,9608
2801,彰銀,54,17,37,富邦-台東,2024-08-15,9608
00687B,國泰20年美債,40,4,36,富邦-台東,2024-08-15,9608
00900,富邦特選高股息30,43,7,36,富邦-台東,2024-08-15,9608
00878,國泰永續高股息,61,26,35,富邦-台東,2024-08-15,9608
2002,中鋼,39,4,35,富邦-台東,2024-08-15,9608
4555,氣立,28,0,28,富邦-台東,2024-08-15,9608
00679B,元大美債20年,24,1,23,富邦-台東,2024-08-15,9608
3673,TPK-KY,23,0,23,富邦-台東,2024-08-15,9608
1810,和成,20,0,20,富邦-台東,2024-08-15,9608
2891,中信金,27,8,19,富邦-台東,2024-08-15,9608
00940,元大台灣價值高息,23,5,18,富邦-台東,2024-08-15,9608
6290,良維,17,0,17,富邦-台東,2024-08-15,9608
00907,永豐優息存股,13,0,13,富邦-台東,2024-08-15,9608
2515,中工,12,0,12,富邦-台東,2024-08-15,9608
00680L,元大美債20正2,10,0,10,富邦-台東,2024-08-15,9608
00932,兆豐永續高息等權,10,0,10,富邦-台東,2024-08-15,9608
00948B,中信優息投資級債,10,0,10,富邦-台東,2024-08-15,9608
2618,長榮航,12,2,10,富邦-台東,2024-08-15,9608
9945,潤泰新,14,4,10,富邦-台東,2024-08-15,9608
1101,台泥,14,5,9,富邦-台東,2024-08-15,9608
2364,倫飛,12,3,9,富邦-台東,2024-08-15,9608
2634,漢翔,10,2,8,富邦-台東,2024-08-15,9608
3711,日月光投控,8,0,8,富邦-台東,2024-08-15,9608
2317,鴻海,36,28,8,富邦-台東,2024-08-15,9608
00929,復華台灣科技優息,19,12,7,富邦-台東,2024-08-15,9608
00715L,期街口布蘭特正2,7,0,7,富邦-台東,2024-08-15,9608
2880,華南金,7,0,7,富邦-台東,2024-08-15,9608
6118,建達,7,0,7,富邦-台東,2024-08-15,9608
3663,鑫科,23,16,7,富邦-台東,2024-08-15,9608
3645,達邁,8,2,6,富邦-台東,2024-08-15,9608
4303,信立,6,0,6,富邦-台東,2024-08-15,9608
2882,國泰金,5,0,5,富邦-台東,2024-08-15,9608
00857B,永豐20年美公債,5,0,5,富邦-台東,2024-08-15,9608
00731,復華富時高息低波,5,0,5,富邦-台東,2024-08-15,9608
00939,統一台灣高息動能,5,0,5,富邦-台東,2024-08-15,9608
3715,定穎投控,6,1,5,富邦-台東,2024-08-15,9608
4576,大銀微系統,5,0,5,富邦-台東,2024-08-15,9608
6016,康和證,5,0,5,富邦-台東,2024-08-15,9608
3363,上詮,26,21,5,富邦-台東,2024-08-15,9608
3535,晶彩科,5,1,4,富邦-台東,2024-08-15,9608
3231,緯創,4,0,4,富邦-台東,2024-08-15,9608
00946,群益科技高息成長,6,2,4,富邦-台東,2024-08-15,9608
1303,南亞,5,1,4,富邦-台東,2024-08-15,9608
2312,金寶,8,4,4,富邦-台東,2024-08-15,9608
2886,兆豐金,4,0,4,富邦-台東,2024-08-15,9608
2887,台新金,4,0,4,富邦-台東,2024-08-15,9608
00632R,元大台灣50反1,487,10,477,富邦-台東,2024-08-16,9608
6016,康和證,100,0,100,富邦-台東,2024-08-16,9608
2323,中環,115,22,93,富邦-台東,2024-08-16,9608
2610,華航,71,10,61,富邦-台東,2024-08-16,9608
00929,復華台灣科技優息,57,5,52,富邦-台東,2024-08-16,9608
2890,永豐金,50,0,50,富邦-台東,2024-08-16,9608
2867,三商壽,62,20,42,富邦-台東,2024-08-16,9608
00687B,國泰20年美債,31,0,31,富邦-台東,2024-08-16,9608
2002,中鋼,24,0,24,富邦-台東,2024-08-16,9608
4174,浩鼎,27,3,24,富邦-台東,2024-08-16,9608
00878,國泰永續高股息,37,14,23,富邦-台東,2024-08-16,9608
6133,金橋,22,0,22,富邦-台東,2024-08-16,9608
2609,陽明,31,11,20,富邦-台東,2024-08-16,9608
3712,永崴投控,20,0,20,富邦-台東,2024-08-16,9608
00679B,元大美債20年,19,0,19,富邦-台東,2024-08-16,9608
8096,擎亞,70,51,19,富邦-台東,2024-08-16,9608
00918,大華優利高填息30,20,5,15,富邦-台東,2024-08-16,9608
6859,伯特光,15,0,15,富邦-台東,2024-08-16,9608
00881,國泰台灣5G+,13,0,13,富邦-台東,2024-08-16,9608
2834,臺企銀,11,0,11,富邦-台東,2024-08-16,9608
8027,鈦昇,11,1,10,富邦-台東,2024-08-16,9608
00722B,群益投資級電信債,10,0,10,富邦-台東,2024-08-16,9608
3583,辛耘,12,2,10,富邦-台東,2024-08-16,9608
1609,大亞,12,4,8,富邦-台東,2024-08-16,9608
2356,英業達,8,0,8,富邦-台東,2024-08-16,9608
2399,映泰,8,0,8,富邦-台東,2024-08-16,9608
4562,穎漢,14,6,8,富邦-台東,2024-08-16,9608
6188,廣明,11,3,8,富邦-台東,2024-08-16,9608
3017,奇鋐,11,3,8,富邦-台東,2024-08-16,9608
00795B,中信美國公債20年,7,0,7,富邦-台東,2024-08-16,9608
00948B,中信優息投資級債,7,0,7,富邦-台東,2024-08-16,9608
00857B,永豐20年美公債,7,0,7,富邦-台東,2024-08-16,9608
2888,新光金,13,6,7,富邦-台東,2024-08-16,9608
3518,柏騰,7,0,7,富邦-台東,2024-08-16,9608
0056,元大高股息,7,1,6,富邦-台東,2024-08-16,9608
8070,長華*,6,0,6,富邦-台東,2024-08-16,9608
5309,系統電,5,0,5,富邦-台東,2024-08-16,9608
00719B,元大美債1-3,5,0,5,富邦-台東,2024-08-16,9608
2489,瑞軒,19,14,5,富邦-台東,2024-08-16,9608
3694,海華,5,0,5,富邦-台東,2024-08-16,9608
4916,事欣科,5,0,5,富邦-台東,2024-08-16,9608
5392,能率,5,0,5,富邦-台東,2024-08-16,9608
5481,新華,5,0,5,富邦-台東,2024-08-16,9608
5905,南仁湖,6,1,5,富邦-台東,2024-08-16,9608
6668,中揚光,5,0,5,富邦-台東,2024-08-16,9608
6811,宏�硌穈T,5,0,5,富邦-台東,2024-08-16,9608
8043,蜜望實,6,1,5,富邦-台東,2024-08-16,9608
8089,康全電訊,5,0,5,富邦-台東,2024-08-16,9608
6116,彩晶,5,1,4,富邦-台東,2024-08-16,9608
00946,群益科技高息成長,4,0,4,富邦-台東,2024-08-16,9608
00632R,元大台灣50反1,207,0,207,富邦-台東,2024-08-19,9608
2890,永豐金,200,0,200,富邦-台東,2024-08-19,9608
00937B,群益ESG投等債20,94,0,94,富邦-台東,2024-08-19,9608
00679B,元大美債20年,48,1,47,富邦-台東,2024-08-19,9608
00674R,期元大S＆P黃金反1,40,0,40,富邦-台東,2024-08-19,9608
2002,中鋼,36,0,36,富邦-台東,2024-08-19,9608
00687B,國泰20年美債,33,2,31,富邦-台東,2024-08-19,9608
2845,遠東銀,30,0,30,富邦-台東,2024-08-19,9608
6133,金橋,30,0,30,富邦-台東,2024-08-19,9608
6152,百一,30,1,29,富邦-台東,2024-08-19,9608
00878,國泰永續高股息,46,20,26,富邦-台東,2024-08-19,9608
2615,萬海,22,1,21,富邦-台東,2024-08-19,9608
00951,台新日本半導體,22,1,21,富邦-台東,2024-08-19,9608
00850,元大臺灣ESG永續,20,0,20,富邦-台東,2024-08-19,9608
00919,群益台灣精選高息,33,14,19,富邦-台東,2024-08-19,9608
2939,永邑-KY,18,0,18,富邦-台東,2024-08-19,9608
3581,博磊,27,10,17,富邦-台東,2024-08-19,9608
00945B,凱基美國非投等債,16,0,16,富邦-台東,2024-08-19,9608
00900,富邦特選高股息30,16,1,15,富邦-台東,2024-08-19,9608
00907,永豐優息存股,13,0,13,富邦-台東,2024-08-19,9608
2884,玉山金,14,1,13,富邦-台東,2024-08-19,9608
1591,駿吉-KY,11,0,11,富邦-台東,2024-08-19,9608
2610,華航,25,15,10,富邦-台東,2024-08-19,9608
00753L,中信中國50正2,10,0,10,富邦-台東,2024-08-19,9608
6684,安格,10,0,10,富邦-台東,2024-08-19,9608
2405,輔信,120,111,9,富邦-台東,2024-08-19,9608
2409,友達,12,3,9,富邦-台東,2024-08-19,9608
2354,鴻準,10,2,8,富邦-台東,2024-08-19,9608
2371,大同,11,3,8,富邦-台東,2024-08-19,9608
3167,大量,10,2,8,富邦-台東,2024-08-19,9608
3518,柏騰,10,2,8,富邦-台東,2024-08-19,9608
5484,慧友,8,0,8,富邦-台東,2024-08-19,9608
8996,高力,8,0,8,富邦-台東,2024-08-19,9608
2317,鴻海,15,8,7,富邦-台東,2024-08-19,9608
00715L,期街口布蘭特正2,6,0,6,富邦-台東,2024-08-19,9608
2312,金寶,7,1,6,富邦-台東,2024-08-19,9608
2399,映泰,6,0,6,富邦-台東,2024-08-19,9608
2453,凌群,6,0,6,富邦-台東,2024-08-19,9608
00642U,期元大S＆P石油,5,0,5,富邦-台東,2024-08-19,9608
00857B,永豐20年美公債,5,0,5,富邦-台東,2024-08-19,9608
00936,台新永續高息中小,5,0,5,富邦-台東,2024-08-19,9608
00942B,台新美A公司債20+,5,0,5,富邦-台東,2024-08-19,9608
2356,英業達,12,7,5,富邦-台東,2024-08-19,9608
2601,益航,5,0,5,富邦-台東,2024-08-19,9608
2609,陽明,17,12,5,富邦-台東,2024-08-19,9608
3147,大綜,5,0,5,富邦-台東,2024-08-19,9608
3163,波若威,9,4,5,富邦-台東,2024-08-19,9608
4555,氣立,5,0,5,富邦-台東,2024-08-19,9608
4562,穎漢,7,2,5,富邦-台東,2024-08-19,9608
5309,系統電,5,0,5,富邦-台東,2024-08-19,9608
00632R,元大台灣50反1,313,20,293,富邦-台東,2024-08-20,9608
00679B,元大美債20年,93,0,93,富邦-台東,2024-08-20,9608
00919,群益台灣精選高息,65,3,62,富邦-台東,2024-08-20,9608
00937B,群益ESG投等債20,56,0,56,富邦-台東,2024-08-20,9608
2890,永豐金,30,0,30,富邦-台東,2024-08-20,9608
00687B,國泰20年美債,27,1,26,富邦-台東,2024-08-20,9608
2317,鴻海,31,9,22,富邦-台東,2024-08-20,9608
2070,精湛,21,0,21,富邦-台東,2024-08-20,9608
2892,第一金,20,0,20,富邦-台東,2024-08-20,9608
2615,萬海,41,22,19,富邦-台東,2024-08-20,9608
3047,訊舟,26,8,18,富邦-台東,2024-08-20,9608
2365,昆盈,33,16,17,富邦-台東,2024-08-20,9608
2515,中工,17,0,17,富邦-台東,2024-08-20,9608
00857B,永豐20年美公債,16,0,16,富邦-台東,2024-08-20,9608
8996,高力,14,0,14,富邦-台東,2024-08-20,9608
9945,潤泰新,14,2,12,富邦-台東,2024-08-20,9608
00642U,期元大S＆P石油,12,0,12,富邦-台東,2024-08-20,9608
8028,昇陽半導體,23,12,11,富邦-台東,2024-08-20,9608
00715L,期街口布蘭特正2,11,0,11,富邦-台東,2024-08-20,9608
1303,南亞,11,0,11,富邦-台東,2024-08-20,9608
00753L,中信中國50正2,10,0,10,富邦-台東,2024-08-20,9608
00850,元大臺灣ESG永續,10,0,10,富邦-台東,2024-08-20,9608
00905,FT臺灣Smart,11,1,10,富邦-台東,2024-08-20,9608
3289,宜特,10,0,10,富邦-台東,2024-08-20,9608
8234,新漢,10,0,10,富邦-台東,2024-08-20,9608
2312,金寶,12,2,10,富邦-台東,2024-08-20,9608
2883,凱基金,8,0,8,富邦-台東,2024-08-20,9608
1603,華電,7,0,7,富邦-台東,2024-08-20,9608
2374,佳能,20,13,7,富邦-台東,2024-08-20,9608
00942B,台新美A公司債20+,6,0,6,富邦-台東,2024-08-20,9608
3019,亞光,6,0,6,富邦-台東,2024-08-20,9608
3498,陽程,7,1,6,富邦-台東,2024-08-20,9608
8176,智捷,6,0,6,富邦-台東,2024-08-20,9608
8071,能率網通,5,0,5,富邦-台東,2024-08-20,9608
6414,樺漢,5,0,5,富邦-台東,2024-08-20,9608
2542,興富發,5,0,5,富邦-台東,2024-08-20,9608
00900,富邦特選高股息30,10,5,5,富邦-台東,2024-08-20,9608
00907,永豐優息存股,5,0,5,富邦-台東,2024-08-20,9608
00948B,中信優息投資級債,5,0,5,富邦-台東,2024-08-20,9608
4919,新唐,5,0,5,富邦-台東,2024-08-20,9608
6125,廣運,7,2,5,富邦-台東,2024-08-20,9608
6235,華孚,5,0,5,富邦-台東,2024-08-20,9608
2330,台積電,4,0,4,富邦-台東,2024-08-20,9608
00640L,富邦日本正2,4,0,4,富邦-台東,2024-08-20,9608
2038,海光,4,0,4,富邦-台東,2024-08-20,9608
2352,佳世達,4,0,4,富邦-台東,2024-08-20,9608
2353,宏��,5,1,4,富邦-台東,2024-08-20,9608
4909,新復興,5,1,4,富邦-台東,2024-08-20,9608
9933,中鼎,4,0,4,富邦-台東,2024-08-20,9608
2882,國泰金,9,6,3,富邦-台東,2024-08-20,9608
2349,錸德,1024,24,1000,富邦-台東,2024-08-21,9608
8103,瀚荃,577,2,575,富邦-台東,2024-08-21,9608
00632R,元大台灣50反1,570,34,536,富邦-台東,2024-08-21,9608
3073,天方能源,97,1,96,富邦-台東,2024-08-21,9608
00919,群益台灣精選高息,71,0,71,富邦-台東,2024-08-21,9608
00953B,群益優選非投等債,56,0,56,富邦-台東,2024-08-21,9608
2891,中信金,62,18,44,富邦-台東,2024-08-21,9608
2888,新光金,333,294,39,富邦-台東,2024-08-21,9608
00948B,中信優息投資級債,39,0,39,富邦-台東,2024-08-21,9608
2542,興富發,32,5,27,富邦-台東,2024-08-21,9608
00940,元大台灣價值高息,42,22,20,富邦-台東,2024-08-21,9608
3037,欣興,21,2,19,富邦-台東,2024-08-21,9608
2330,台積電,17,1,16,富邦-台東,2024-08-21,9608
2890,永豐金,14,0,14,富邦-台東,2024-08-21,9608
00753L,中信中國50正2,13,0,13,富邦-台東,2024-08-21,9608
2312,金寶,22,9,13,富邦-台東,2024-08-21,9608
00891,中信關鍵半導體,12,0,12,富邦-台東,2024-08-21,9608
00905,FT臺灣Smart,11,0,11,富邦-台東,2024-08-21,9608
00687B,國泰20年美債,11,0,11,富邦-台東,2024-08-21,9608
2537,聯上發,10,0,10,富邦-台東,2024-08-21,9608
3163,波若威,27,17,10,富邦-台東,2024-08-21,9608
8101,華冠,10,0,10,富邦-台東,2024-08-21,9608
2354,鴻準,16,6,10,富邦-台東,2024-08-21,9608
2317,鴻海,17,7,10,富邦-台東,2024-08-21,9608
00900,富邦特選高股息30,12,3,9,富邦-台東,2024-08-21,9608
00937B,群益ESG投等債20,14,5,9,富邦-台東,2024-08-21,9608
2419,仲琦,19,10,9,富邦-台東,2024-08-21,9608
6788,華景電,12,3,9,富邦-台東,2024-08-21,9608
00923,群益台ESG低碳50,9,0,9,富邦-台東,2024-08-21,9608
00878,國泰永續高股息,10,2,8,富邦-台東,2024-08-21,9608
2365,昆盈,10,2,8,富邦-台東,2024-08-21,9608
3645,達邁,10,2,8,富邦-台東,2024-08-21,9608
00881,國泰台灣5G+,6,0,6,富邦-台東,2024-08-21,9608
8054,安國,11,5,6,富邦-台東,2024-08-21,9608
8089,康全電訊,7,1,6,富邦-台東,2024-08-21,9608
8070,長華*,10,4,6,富邦-台東,2024-08-21,9608
4562,穎漢,9,4,5,富邦-台東,2024-08-21,9608
2515,中工,6,0,6,富邦-台東,2024-08-21,9608
00665L,富邦�琤肭磪囓�2,5,0,5,富邦-台東,2024-08-21,9608
1304,台聚,5,0,5,富邦-台東,2024-08-21,9608
2464,盟立,5,0,5,富邦-台東,2024-08-21,9608
2636,台驊控股,5,0,5,富邦-台東,2024-08-21,9608
4129,聯合,5,0,5,富邦-台東,2024-08-21,9608
9938,百和,5,0,5,富邦-台東,2024-08-21,9608
3706,神達,5,0,5,富邦-台東,2024-08-21,9608
6274,台燿,5,0,5,富邦-台東,2024-08-21,9608
3231,緯創,8,3,5,富邦-台東,2024-08-21,9608
3712,永崴投控,5,1,4,富邦-台東,2024-08-21,9608
1513,中興電,8,4,4,富邦-台東,2024-08-21,9608
00915,凱基優選高股息30,4,0,4,富邦-台東,2024-08-21,9608
2845,遠東銀,100,0,100,富邦-台東,2024-08-22,9608
1409,新纖,65,0,65,富邦-台東,2024-08-22,9608
2867,三商壽,62,0,62,富邦-台東,2024-08-22,9608
00907,永豐優息存股,70,10,60,富邦-台東,2024-08-22,9608
2641,正德,52,0,52,富邦-台東,2024-08-22,9608
1584,精剛,64,25,39,富邦-台東,2024-08-22,9608
2890,永豐金,36,0,36,富邦-台東,2024-08-22,9608
00929,復華台灣科技優息,25,1,24,富邦-台東,2024-08-22,9608
00940,元大台灣價值高息,23,0,23,富邦-台東,2024-08-22,9608
2851,中再保,21,0,21,富邦-台東,2024-08-22,9608
00919,群益台灣精選高息,17,0,17,富邦-台東,2024-08-22,9608
8033,雷虎,15,0,15,富邦-台東,2024-08-22,9608
2634,漢翔,14,1,13,富邦-台東,2024-08-22,9608
4908,前鼎,13,2,11,富邦-台東,2024-08-22,9608
00687B,國泰20年美債,14,3,11,富邦-台東,2024-08-22,9608
00881,國泰台灣5G+,10,0,10,富邦-台東,2024-08-22,9608
3645,達邁,10,0,10,富邦-台東,2024-08-22,9608
00632R,元大台灣50反1,10,0,10,富邦-台東,2024-08-22,9608
2312,金寶,10,0,10,富邦-台東,2024-08-22,9608
6188,廣明,10,0,10,富邦-台東,2024-08-22,9608
2317,鴻海,22,13,9,富邦-台東,2024-08-22,9608
00688L,國泰20年美債正2,9,0,9,富邦-台東,2024-08-22,9608
00953B,群益優選非投等債,9,0,9,富邦-台東,2024-08-22,9608
1609,大亞,29,20,9,富邦-台東,2024-08-22,9608
5469,瀚宇博,20,12,8,富邦-台東,2024-08-22,9608
2371,大同,7,0,7,富邦-台東,2024-08-22,9608
1301,台塑,6,0,6,富邦-台東,2024-08-22,9608
00715L,期街口布蘭特正2,6,0,6,富邦-台東,2024-08-22,9608
00680L,元大美債20正2,6,0,6,富邦-台東,2024-08-22,9608
2399,映泰,6,0,6,富邦-台東,2024-08-22,9608
6423,億而得-創,6,0,6,富邦-台東,2024-08-22,9608
3019,亞光,9,4,5,富邦-台東,2024-08-22,9608
3581,博磊,5,0,5,富邦-台東,2024-08-22,9608
4714,永捷,6,1,5,富邦-台東,2024-08-22,9608
5202,力新,6,1,5,富邦-台東,2024-08-22,9608
6152,百一,5,0,5,富邦-台東,2024-08-22,9608
8374,羅昇,9,4,5,富邦-台東,2024-08-22,9608
9955,佳龍,5,0,5,富邦-台東,2024-08-22,9608
2364,倫飛,7,2,5,富邦-台東,2024-08-22,9608
00923,群益台ESG低碳50,9,5,4,富邦-台東,2024-08-22,9608
1522,堤維西,4,0,4,富邦-台東,2024-08-22,9608
9945,潤泰新,11,7,4,富邦-台東,2024-08-22,9608
6125,廣運,5,1,4,富邦-台東,2024-08-22,9608
3013,晟銘電,7,3,4,富邦-台東,2024-08-22,9608
3712,永崴投控,4,0,4,富邦-台東,2024-08-22,9608
5425,台半,7,3,4,富邦-台東,2024-08-22,9608
8440,綠電,4,0,4,富邦-台東,2024-08-22,9608
2365,昆盈,8,5,3,富邦-台東,2024-08-22,9608
2515,中工,6,3,3,富邦-台東,2024-08-22,9608
00927,群益半導體收益,3,0,3,富邦-台東,2024-08-22,9608
1708,東鹼,58,2,56,富邦-台東,2024-08-23,9608
00696B,富邦美債20年,30,0,30,富邦-台東,2024-08-23,9608
2891,中信金,25,0,25,富邦-台東,2024-08-23,9608
2371,大同,21,0,21,富邦-台東,2024-08-23,9608
00953B,群益優選非投等債,20,0,20,富邦-台東,2024-08-23,9608
5443,均豪,27,10,17,富邦-台東,2024-08-23,9608
00679B,元大美債20年,17,2,15,富邦-台東,2024-08-23,9608
2317,鴻海,17,2,15,富邦-台東,2024-08-23,9608
00919,群益台灣精選高息,15,2,13,富邦-台東,2024-08-23,9608
00937B,群益ESG投等債20,16,3,13,富邦-台東,2024-08-23,9608
1316,上曜,13,0,13,富邦-台東,2024-08-23,9608
2939,永邑-KY,13,0,13,富邦-台東,2024-08-23,9608
2885,元大金,12,0,12,富邦-台東,2024-08-23,9608
00680L,元大美債20正2,11,0,11,富邦-台東,2024-08-23,9608
2880,華南金,11,0,11,富邦-台東,2024-08-23,9608
2515,中工,11,1,10,富邦-台東,2024-08-23,9608
00878,國泰永續高股息,14,4,10,富邦-台東,2024-08-23,9608
2630,亞航,13,3,10,富邦-台東,2024-08-23,9608
5309,系統電,12,3,9,富邦-台東,2024-08-23,9608
00929,復華台灣科技優息,12,4,8,富邦-台東,2024-08-23,9608
2887,台新金,12,4,8,富邦-台東,2024-08-23,9608
3227,原相,11,4,7,富邦-台東,2024-08-23,9608
00688L,國泰20年美債正2,7,0,7,富邦-台東,2024-08-23,9608
1591,駿吉-KY,7,0,7,富邦-台東,2024-08-23,9608
2312,金寶,10,3,7,富邦-台東,2024-08-23,9608
4510,高鋒,12,5,7,富邦-台東,2024-08-23,9608
0056,元大高股息,7,1,6,富邦-台東,2024-08-23,9608
3663,鑫科,13,7,6,富邦-台東,2024-08-23,9608
2327,國巨,6,0,6,富邦-台東,2024-08-23,9608
00885,富邦越南,6,0,6,富邦-台東,2024-08-23,9608
1711,永光,133,127,6,富邦-台東,2024-08-23,9608
2609,陽明,8,2,6,富邦-台東,2024-08-23,9608
4526,東台,6,0,6,富邦-台東,2024-08-23,9608
2498,宏達電,5,0,5,富邦-台東,2024-08-23,9608
6550,北極星藥業-KY,5,0,5,富邦-台東,2024-08-23,9608
00927,群益半導體收益,5,0,5,富邦-台東,2024-08-23,9608
00881,國泰台灣5G+,17,12,5,富邦-台東,2024-08-23,9608
3147,大綜,5,0,5,富邦-台東,2024-08-23,9608
3707,漢磊,5,0,5,富邦-台東,2024-08-23,9608
3711,日月光投控,5,0,5,富邦-台東,2024-08-23,9608
4123,晟德,5,0,5,富邦-台東,2024-08-23,9608
8176,智捷,5,0,5,富邦-台東,2024-08-23,9608
2812,台中銀,5,0,5,富邦-台東,2024-08-23,9608
2330,台積電,4,0,4,富邦-台東,2024-08-23,9608
00687B,國泰20年美債,4,0,4,富邦-台東,2024-08-23,9608
8089,康全電訊,9,5,4,富邦-台東,2024-08-23,9608
1611,中電,4,0,4,富邦-台東,2024-08-23,9608
2408,南亞科,4,0,4,富邦-台東,2024-08-23,9608
2464,盟立,4,0,4,富邦-台東,2024-08-23,9608
3048,益登,4,0,4,富邦-台東,2024-08-23,9608
00632R,元大台灣50反1,117,4,113,富邦-台東,2024-08-26,9608
2888,新光金,128,43,85,富邦-台東,2024-08-26,9608
6116,彩晶,70,0,70,富邦-台東,2024-08-26,9608
2891,中信金,80,15,65,富邦-台東,2024-08-26,9608
2303,聯電,39,1,38,富邦-台東,2024-08-26,9608
00679B,元大美債20年,33,0,33,富邦-台東,2024-08-26,9608
2208,台船,45,23,22,富邦-台東,2024-08-26,9608
00940,元大台灣價值高息,24,3,21,富邦-台東,2024-08-26,9608
2610,華航,21,0,21,富邦-台東,2024-08-26,9608
1316,上曜,20,0,20,富邦-台東,2024-08-26,9608
4564,元翎,20,0,20,富邦-台東,2024-08-26,9608
00687B,國泰20年美債,17,0,17,富邦-台東,2024-08-26,9608
2409,友達,19,2,17,富邦-台東,2024-08-26,9608
00953B,群益優選非投等債,14,0,14,富邦-台東,2024-08-26,9608
8076,伍豐,15,1,14,富邦-台東,2024-08-26,9608
2618,長榮航,18,5,13,富邦-台東,2024-08-26,9608
2939,永邑-KY,11,0,11,富邦-台東,2024-08-26,9608
2317,鴻海,14,3,11,富邦-台東,2024-08-26,9608
1326,台化,10,0,10,富邦-台東,2024-08-26,9608
2025,千興,10,0,10,富邦-台東,2024-08-26,9608
2890,永豐金,10,0,10,富邦-台東,2024-08-26,9608
5263,智崴,10,0,10,富邦-台東,2024-08-26,9608
5425,台半,9,0,9,富邦-台東,2024-08-26,9608
00680L,元大美債20正2,7,0,7,富邦-台東,2024-08-26,9608
3583,辛耘,15,8,7,富邦-台東,2024-08-26,9608
3673,TPK-KY,7,0,7,富邦-台東,2024-08-26,9608
4979,華星光,8,1,7,富邦-台東,2024-08-26,9608
3047,訊舟,6,0,6,富邦-台東,2024-08-26,9608
3450,聯鈞,6,0,6,富邦-台東,2024-08-26,9608
3645,達邁,6,0,6,富邦-台東,2024-08-26,9608
2349,錸德,141,135,6,富邦-台東,2024-08-26,9608
6274,台燿,6,0,6,富邦-台東,2024-08-26,9608
8021,尖點,6,0,6,富邦-台東,2024-08-26,9608
3711,日月光投控,5,0,5,富邦-台東,2024-08-26,9608
2365,昆盈,10,5,5,富邦-台東,2024-08-26,9608
3189,景碩,6,1,5,富邦-台東,2024-08-26,9608
3013,晟銘電,9,4,5,富邦-台東,2024-08-26,9608
00935,野村臺灣新科技50,5,0,5,富邦-台東,2024-08-26,9608
3062,建漢,14,9,5,富邦-台東,2024-08-26,9608
3455,由田,5,0,5,富邦-台東,2024-08-26,9608
5392,能率,5,0,5,富邦-台東,2024-08-26,9608
5452,佶優,5,0,5,富邦-台東,2024-08-26,9608
6016,康和證,5,0,5,富邦-台東,2024-08-26,9608
8112,至上,5,0,5,富邦-台東,2024-08-26,9608
8028,昇陽半導體,20,15,5,富邦-台東,2024-08-26,9608
00955,中信日本商社,4,0,4,富邦-台東,2024-08-26,9608
2331,精英,5,1,4,富邦-台東,2024-08-26,9608
3715,定穎投控,5,1,4,富邦-台東,2024-08-26,9608
8070,長華*,4,0,4,富邦-台東,2024-08-26,9608
2402,毅嘉,6,2,4,富邦-台東,2024-08-26,9608
1540,喬福,3116,1,3115,富邦-台東,2024-08-27,9608
3481,群創,78,21,57,富邦-台東,2024-08-27,9608
00673R,期元大S＆P原油反1,51,0,51,富邦-台東,2024-08-27,9608
00937B,群益ESG投等債20,41,0,41,富邦-台東,2024-08-27,9608
1612,宏泰,40,0,40,富邦-台東,2024-08-27,9608
3047,訊舟,36,3,33,富邦-台東,2024-08-27,9608
4564,元翎,30,0,30,富邦-台東,2024-08-27,9608
2615,萬海,40,12,28,富邦-台東,2024-08-27,9608
00940,元大台灣價值高息,33,5,28,富邦-台東,2024-08-27,9608
2515,中工,37,10,27,富邦-台東,2024-08-27,9608
1609,大亞,23,0,23,富邦-台東,2024-08-27,9608
3580,友威科,27,5,22,富邦-台東,2024-08-27,9608
00933B,國泰10Y+金融債,21,0,21,富邦-台東,2024-08-27,9608
2851,中再保,20,0,20,富邦-台東,2024-08-27,9608
2939,永邑-KY,20,0,20,富邦-台東,2024-08-27,9608
00753L,中信中國50正2,23,5,18,富邦-台東,2024-08-27,9608
00919,群益台灣精選高息,19,2,17,富邦-台東,2024-08-27,9608
4532,瑞智,15,0,15,富邦-台東,2024-08-27,9608
2603,長榮,13,0,13,富邦-台東,2024-08-27,9608
6706,惠特,28,15,13,富邦-台東,2024-08-27,9608
5469,瀚宇博,18,6,12,富邦-台東,2024-08-27,9608
2609,陽明,41,30,11,富邦-台東,2024-08-27,9608
00934,中信成長高股息,11,0,11,富邦-台東,2024-08-27,9608
00878,國泰永續高股息,16,6,10,富邦-台東,2024-08-27,9608
00687B,國泰20年美債,11,1,10,富邦-台東,2024-08-27,9608
1529,樂事綠能,10,0,10,富邦-台東,2024-08-27,9608
2025,千興,10,0,10,富邦-台東,2024-08-27,9608
2105,正新,10,0,10,富邦-台東,2024-08-27,9608
2880,華南金,10,0,10,富邦-台東,2024-08-27,9608
3615,安可,22,12,10,富邦-台東,2024-08-27,9608
4588,玖鼎電力,10,0,10,富邦-台東,2024-08-27,9608
6603,富強鑫,10,0,10,富邦-台東,2024-08-27,9608
4906,正文,10,1,9,富邦-台東,2024-08-27,9608
8111,立��,11,3,8,富邦-台東,2024-08-27,9608
2303,聯電,17,10,7,富邦-台東,2024-08-27,9608
2317,鴻海,7,0,7,富邦-台東,2024-08-27,9608
8027,鈦昇,7,1,6,富邦-台東,2024-08-27,9608
3024,憶聲,6,0,6,富邦-台東,2024-08-27,9608
6505,台塑化,6,0,6,富邦-台東,2024-08-27,9608
2887,台新金,10,5,5,富邦-台東,2024-08-27,9608
3711,日月光投控,5,0,5,富邦-台東,2024-08-27,9608
6550,北極星藥業-KY,5,0,5,富邦-台東,2024-08-27,9608
1326,台化,5,0,5,富邦-台東,2024-08-27,9608
2482,連宇,5,0,5,富邦-台東,2024-08-27,9608
4555,氣立,5,0,5,富邦-台東,2024-08-27,9608
6753,龍德造船,7,2,5,富邦-台東,2024-08-27,9608
2208,台船,5,1,4,富邦-台東,2024-08-27,9608
3037,欣興,4,0,4,富邦-台東,2024-08-27,9608
2353,宏��,6,2,4,富邦-台東,2024-08-27,9608
2365,昆盈,13,9,4,富邦-台東,2024-08-27,9608
8111,立��,81,0,81,富邦-台東,2024-08-28,9608
00929,復華台灣科技優息,82,3,79,富邦-台東,2024-08-28,9608
2891,中信金,62,9,53,富邦-台東,2024-08-28,9608
00930,永豐ESG低碳高息,40,0,40,富邦-台東,2024-08-28,9608
3167,大量,35,2,33,富邦-台東,2024-08-28,9608
2867,三商壽,32,0,32,富邦-台東,2024-08-28,9608
00679B,元大美債20年,31,0,31,富邦-台東,2024-08-28,9608
9105,泰金寶-DR,27,0,27,富邦-台東,2024-08-28,9608
8163,達方,25,0,25,富邦-台東,2024-08-28,9608
3673,TPK-KY,21,0,21,富邦-台東,2024-08-28,9608
00688L,國泰20年美債正2,18,0,18,富邦-台東,2024-08-28,9608
2382,廣達,16,1,15,富邦-台東,2024-08-28,9608
4564,元翎,15,0,15,富邦-台東,2024-08-28,9608
00940,元大台灣價值高息,35,21,14,富邦-台東,2024-08-28,9608
00751B,元大AAA至A公司債,14,0,14,富邦-台東,2024-08-28,9608
00724B,群益投資級金融債,14,0,14,富邦-台東,2024-08-28,9608
2409,友達,35,22,13,富邦-台東,2024-08-28,9608
8996,高力,12,0,12,富邦-台東,2024-08-28,9608
00919,群益台灣精選高息,12,1,11,富邦-台東,2024-08-28,9608
2834,臺企銀,13,3,10,富邦-台東,2024-08-28,9608
5014,建錩,10,0,10,富邦-台東,2024-08-28,9608
1314,中石化,9,0,9,富邦-台東,2024-08-28,9608
2368,金像電,9,0,9,富邦-台東,2024-08-28,9608
2465,麗臺,10,1,9,富邦-台東,2024-08-28,9608
2888,新光金,83,74,9,富邦-台東,2024-08-28,9608
00936,台新永續高息中小,8,0,8,富邦-台東,2024-08-28,9608
2419,仲琦,10,2,8,富邦-台東,2024-08-28,9608
2618,長榮航,8,0,8,富邦-台東,2024-08-28,9608
3481,群創,20,12,8,富邦-台東,2024-08-28,9608
2392,正崴,11,4,7,富邦-台東,2024-08-28,9608
00933B,國泰10Y+金融債,9,2,7,富邦-台東,2024-08-28,9608
4561,健椿,7,0,7,富邦-台東,2024-08-28,9608
8176,智捷,7,0,7,富邦-台東,2024-08-28,9608
00891,中信關鍵半導體,6,0,6,富邦-台東,2024-08-28,9608
2426,鼎元,10,4,6,富邦-台東,2024-08-28,9608
2504,國產,6,0,6,富邦-台東,2024-08-28,9608
3498,陽程,14,8,6,富邦-台東,2024-08-28,9608
3535,晶彩科,12,6,6,富邦-台東,2024-08-28,9608
6177,達麗,7,1,6,富邦-台東,2024-08-28,9608
6207,雷科,6,0,6,富邦-台東,2024-08-28,9608
3689,湧德,8,3,5,富邦-台東,2024-08-28,9608
1409,新纖,5,0,5,富邦-台東,2024-08-28,9608
2482,連宇,5,0,5,富邦-台東,2024-08-28,9608
8070,長華*,5,0,5,富邦-台東,2024-08-28,9608
6770,力積電,5,0,5,富邦-台東,2024-08-28,9608
3550,聯穎,8,3,5,富邦-台東,2024-08-28,9608
00642U,期元大S＆P石油,4,0,4,富邦-台東,2024-08-28,9608
2365,昆盈,8,4,4,富邦-台東,2024-08-28,9608
2890,永豐金,4,0,4,富邦-台東,2024-08-28,9608
3581,博磊,4,0,4,富邦-台東,2024-08-28,9608
5386,青雲,360,2,358,富邦-台東,2024-08-29,9608
00937B,群益ESG投等債20,101,0,101,富邦-台東,2024-08-29,9608
00929,復華台灣科技優息,94,1,93,富邦-台東,2024-08-29,9608
2405,輔信,78,0,78,富邦-台東,2024-08-29,9608
6151,晉倫,57,11,46,富邦-台東,2024-08-29,9608
3481,群創,41,2,39,富邦-台東,2024-08-29,9608
8111,立��,37,1,36,富邦-台東,2024-08-29,9608
8927,北基,30,0,30,富邦-台東,2024-08-29,9608
00936,台新永續高息中小,27,0,27,富邦-台東,2024-08-29,9608
8996,高力,26,0,26,富邦-台東,2024-08-29,9608
1314,中石化,46,21,25,富邦-台東,2024-08-29,9608
6274,台燿,20,0,20,富邦-台東,2024-08-29,9608
6016,康和證,20,0,20,富邦-台東,2024-08-29,9608
9105,泰金寶-DR,18,0,18,富邦-台東,2024-08-29,9608
4549,桓達,18,2,16,富邦-台東,2024-08-29,9608
4510,高鋒,26,11,15,富邦-台東,2024-08-29,9608
4564,元翎,15,0,15,富邦-台東,2024-08-29,9608
1540,喬福,18,4,14,富邦-台東,2024-08-29,9608
2353,宏��,13,1,12,富邦-台東,2024-08-29,9608
1316,上曜,13,1,12,富邦-台東,2024-08-29,9608
1609,大亞,11,1,10,富邦-台東,2024-08-29,9608
2392,正崴,10,0,10,富邦-台東,2024-08-29,9608
2851,中再保,10,0,10,富邦-台東,2024-08-29,9608
4555,氣立,18,8,10,富邦-台東,2024-08-29,9608
6968,萬達寵物,10,0,10,富邦-台東,2024-08-29,9608
00940,元大台灣價值高息,14,4,10,富邦-台東,2024-08-29,9608
6282,康舒,9,0,9,富邦-台東,2024-08-29,9608
2208,台船,15,6,9,富邦-台東,2024-08-29,9608
3581,博磊,9,0,9,富邦-台東,2024-08-29,9608
0056,元大高股息,9,0,9,富邦-台東,2024-08-29,9608
3550,聯穎,18,10,8,富邦-台東,2024-08-29,9608
6875,國邑*,9,1,8,富邦-台東,2024-08-29,9608
00919,群益台灣精選高息,18,10,8,富邦-台東,2024-08-29,9608
00881,國泰台灣5G+,7,0,7,富邦-台東,2024-08-29,9608
1721,三晃,23,16,7,富邦-台東,2024-08-29,9608
2301,光寶科,15,8,7,富邦-台東,2024-08-29,9608
2323,中環,7,0,7,富邦-台東,2024-08-29,9608
8150,南茂,7,0,7,富邦-台東,2024-08-29,9608
00642U,期元大S＆P石油,6,0,6,富邦-台東,2024-08-29,9608
00679B,元大美債20年,6,0,6,富邦-台東,2024-08-29,9608
3498,陽程,6,0,6,富邦-台東,2024-08-29,9608
00878,國泰永續高股息,6,1,5,富邦-台東,2024-08-29,9608
006208,富邦台50,5,0,5,富邦-台東,2024-08-29,9608
00757,統一FANG+,5,0,5,富邦-台東,2024-08-29,9608
00753L,中信中國50正2,11,6,5,富邦-台東,2024-08-29,9608
00918,大華優利高填息30,5,0,5,富邦-台東,2024-08-29,9608
1304,台聚,5,0,5,富邦-台東,2024-08-29,9608
2329,華泰,5,0,5,富邦-台東,2024-08-29,9608
2482,連宇,5,0,5,富邦-台東,2024-08-29,9608
3712,永崴投控,5,0,5,富邦-台東,2024-08-29,9608
2344,華邦電,100,7,93,富邦-台東,2024-08-30,9608
2324,仁寶,54,0,54,富邦-台東,2024-08-30,9608
8111,立��,64,12,52,富邦-台東,2024-08-30,9608
6151,晉倫,43,0,43,富邦-台東,2024-08-30,9608
00929,復華台灣科技優息,51,11,40,富邦-台東,2024-08-30,9608
00669R,國泰美國道瓊反1,40,0,40,富邦-台東,2024-08-30,9608
2313,華通,56,27,29,富邦-台東,2024-08-30,9608
00933B,國泰10Y+金融債,31,5,26,富邦-台東,2024-08-30,9608
3645,達邁,47,25,22,富邦-台東,2024-08-30,9608
8076,伍豐,20,0,20,富邦-台東,2024-08-30,9608
00687B,國泰20年美債,20,0,20,富邦-台東,2024-08-30,9608
2542,興富發,21,1,20,富邦-台東,2024-08-30,9608
3711,日月光投控,20,0,20,富邦-台東,2024-08-30,9608
3189,景碩,27,8,19,富邦-台東,2024-08-30,9608
3481,群創,17,1,16,富邦-台東,2024-08-30,9608
2367,燿華,32,16,16,富邦-台東,2024-08-30,9608
2618,長榮航,25,10,15,富邦-台東,2024-08-30,9608
4979,華星光,15,1,14,富邦-台東,2024-08-30,9608
00633L,富邦上証正2,15,2,13,富邦-台東,2024-08-30,9608
00937B,群益ESG投等債20,21,8,13,富邦-台東,2024-08-30,9608
5234,達興材料,13,0,13,富邦-台東,2024-08-30,9608
1314,中石化,12,0,12,富邦-台東,2024-08-30,9608
3049,精金,12,0,12,富邦-台東,2024-08-30,9608
00940,元大台灣價值高息,11,0,11,富邦-台東,2024-08-30,9608
1711,永光,119,108,11,富邦-台東,2024-08-30,9608
4526,東台,128,117,11,富邦-台東,2024-08-30,9608
00936,台新永續高息中小,10,0,10,富邦-台東,2024-08-30,9608
1304,台聚,10,0,10,富邦-台東,2024-08-30,9608
6213,聯茂,10,0,10,富邦-台東,2024-08-30,9608
0056,元大高股息,10,0,10,富邦-台東,2024-08-30,9608
3024,憶聲,9,0,9,富邦-台東,2024-08-30,9608
5443,均豪,15,8,7,富邦-台東,2024-08-30,9608
006208,富邦台50,10,3,7,富邦-台東,2024-08-30,9608
00900,富邦特選高股息30,15,8,7,富邦-台東,2024-08-30,9608
4147,中裕,6,0,6,富邦-台東,2024-08-30,9608
6411,晶焱,6,0,6,富邦-台東,2024-08-30,9608
8086,宏捷科,6,0,6,富邦-台東,2024-08-30,9608
5225,東科-KY,5,0,5,富邦-台東,2024-08-30,9608
00927,群益半導體收益,5,0,5,富邦-台東,2024-08-30,9608
1529,樂事綠能,5,0,5,富邦-台東,2024-08-30,9608
2208,台船,5,0,5,富邦-台東,2024-08-30,9608
2537,聯上發,14,9,5,富邦-台東,2024-08-30,9608
3055,蔚華科,5,0,5,富邦-台東,2024-08-30,9608
3268,海德威,5,0,5,富邦-台東,2024-08-30,9608
6164,華興,5,0,5,富邦-台東,2024-08-30,9608
6278,台表科,5,0,5,富邦-台東,2024-08-30,9608
8358,金居,7,2,5,富邦-台東,2024-08-30,9608
3615,安可,8,4,4,富邦-台東,2024-08-30,9608
6593,台灣銘板,4,0,4,富邦-台東,2024-08-30,9608
00751B,元大AAA至A公司債,4,0,4,富邦-台東,2024-08-30,9608
2486,一詮,1836,933,903,富邦-台東,2024-09-02,9608
00687B,國泰20年美債,186,0,186,富邦-台東,2024-09-02,9608
2882,國泰金,121,8,113,富邦-台東,2024-09-02,9608
00637L,元大滬深300正2,100,0,100,富邦-台東,2024-09-02,9608
00939,統一台灣高息動能,55,0,55,富邦-台東,2024-09-02,9608
00679B,元大美債20年,33,1,32,富邦-台東,2024-09-02,9608
00680L,元大美債20正2,28,0,28,富邦-台東,2024-09-02,9608
00937B,群益ESG投等債20,27,0,27,富邦-台東,2024-09-02,9608
2891,中信金,56,31,25,富邦-台東,2024-09-02,9608
3189,景碩,22,1,21,富邦-台東,2024-09-02,9608
00887,永豐中國科技50大,20,0,20,富邦-台東,2024-09-02,9608
1611,中電,20,0,20,富邦-台東,2024-09-02,9608
2313,華通,27,7,20,富邦-台東,2024-09-02,9608
2515,中工,19,0,19,富邦-台東,2024-09-02,9608
2609,陽明,19,0,19,富邦-台東,2024-09-02,9608
2610,華航,66,47,19,富邦-台東,2024-09-02,9608
2603,長榮,18,0,18,富邦-台東,2024-09-02,9608
4909,新復興,23,6,17,富邦-台東,2024-09-02,9608
00715L,期街口布蘭特正2,16,0,16,富邦-台東,2024-09-02,9608
00918,大華優利高填息30,15,0,15,富邦-台東,2024-09-02,9608
00953B,群益優選非投等債,17,2,15,富邦-台東,2024-09-02,9608
2399,映泰,16,1,15,富邦-台東,2024-09-02,9608
00919,群益台灣精選高息,15,0,15,富邦-台東,2024-09-02,9608
00881,國泰台灣5G+,16,2,14,富邦-台東,2024-09-02,9608
2002,中鋼,12,0,12,富邦-台東,2024-09-02,9608
4526,東台,19,7,12,富邦-台東,2024-09-02,9608
6706,惠特,15,5,10,富邦-台東,2024-09-02,9608
00933B,國泰10Y+金融債,10,0,10,富邦-台東,2024-09-02,9608
00632R,元大台灣50反1,10,0,10,富邦-台東,2024-09-02,9608
00642U,期元大S＆P石油,10,0,10,富邦-台東,2024-09-02,9608
00948B,中信優息投資級債,10,0,10,富邦-台東,2024-09-02,9608
2537,聯上發,10,0,10,富邦-台東,2024-09-02,9608
2615,萬海,11,1,10,富邦-台東,2024-09-02,9608
2851,中再保,10,0,10,富邦-台東,2024-09-02,9608
2867,三商壽,10,0,10,富邦-台東,2024-09-02,9608
00713,元大台灣高息低波,10,1,9,富邦-台東,2024-09-02,9608
2542,興富發,9,0,9,富邦-台東,2024-09-02,9608
2349,錸德,29,21,8,富邦-台東,2024-09-02,9608
2352,佳世達,18,10,8,富邦-台東,2024-09-02,9608
4979,華星光,8,0,8,富邦-台東,2024-09-02,9608
9944,新麗,8,0,8,富邦-台東,2024-09-02,9608
1314,中石化,17,10,7,富邦-台東,2024-09-02,9608
6261,久元,7,0,7,富邦-台東,2024-09-02,9608
6446,藥華藥,6,0,6,富邦-台東,2024-09-02,9608
00857B,永豐20年美公債,6,0,6,富邦-台東,2024-09-02,9608
1301,台塑,6,0,6,富邦-台東,2024-09-02,9608
00940,元大台灣價值高息,21,15,6,富邦-台東,2024-09-02,9608
2316,楠梓電,6,0,6,富邦-台東,2024-09-02,9608
2886,兆豐金,6,0,6,富邦-台東,2024-09-02,9608
2317,鴻海,6,0,6,富邦-台東,2024-09-02,9608
2352,佳世達,181,0,181,富邦-台東,2024-09-03,9608
00637L,元大滬深300正2,115,0,115,富邦-台東,2024-09-03,9608
00937B,群益ESG投等債20,78,0,78,富邦-台東,2024-09-03,9608
4714,永捷,81,18,63,富邦-台東,2024-09-03,9608
00919,群益台灣精選高息,55,4,51,富邦-台東,2024-09-03,9608
00934,中信成長高股息,50,0,50,富邦-台東,2024-09-03,9608
2867,三商壽,43,0,43,富邦-台東,2024-09-03,9608
6151,晉倫,41,3,38,富邦-台東,2024-09-03,9608
00687B,國泰20年美債,44,8,36,富邦-台東,2024-09-03,9608
8076,伍豐,40,6,34,富邦-台東,2024-09-03,9608
00679B,元大美債20年,32,0,32,富邦-台東,2024-09-03,9608
2002,中鋼,22,0,22,富邦-台東,2024-09-03,9608
3037,欣興,22,0,22,富邦-台東,2024-09-03,9608
8111,立��,18,1,17,富邦-台東,2024-09-03,9608
4526,東台,20,7,13,富邦-台東,2024-09-03,9608
4729,熒茂,13,0,13,富邦-台東,2024-09-03,9608
2364,倫飛,13,3,10,富邦-台東,2024-09-03,9608
00882,中信中國高股息,10,0,10,富邦-台東,2024-09-03,9608
2444,兆勁,10,0,10,富邦-台東,2024-09-03,9608
2610,華航,10,0,10,富邦-台東,2024-09-03,9608
3305,昇貿,10,0,10,富邦-台東,2024-09-03,9608
8027,鈦昇,14,5,9,富邦-台東,2024-09-03,9608
2301,光寶科,9,0,9,富邦-台東,2024-09-03,9608
2515,中工,9,0,9,富邦-台東,2024-09-03,9608
4571,鈞興-KY,10,1,9,富邦-台東,2024-09-03,9608
2330,台積電,9,0,9,富邦-台東,2024-09-03,9608
1616,億泰,8,0,8,富邦-台東,2024-09-03,9608
1711,永光,12,4,8,富邦-台東,2024-09-03,9608
1815,富喬,15,7,8,富邦-台東,2024-09-03,9608
2885,元大金,8,0,8,富邦-台東,2024-09-03,9608
8105,凌巨,8,0,8,富邦-台東,2024-09-03,9608
2881,富邦金,11,4,7,富邦-台東,2024-09-03,9608
2891,中信金,8,1,7,富邦-台東,2024-09-03,9608
2889,國票金,7,0,7,富邦-台東,2024-09-03,9608
3466,德晉,7,0,7,富邦-台東,2024-09-03,9608
2882,國泰金,7,0,7,富邦-台東,2024-09-03,9608
2408,南亞科,6,0,6,富邦-台東,2024-09-03,9608
3062,建漢,6,0,6,富邦-台東,2024-09-03,9608
3498,陽程,6,0,6,富邦-台東,2024-09-03,9608
6213,聯茂,10,4,6,富邦-台東,2024-09-03,9608
5443,均豪,11,6,5,富邦-台東,2024-09-03,9608
00923,群益台ESG低碳50,5,0,5,富邦-台東,2024-09-03,9608
1409,新纖,5,0,5,富邦-台東,2024-09-03,9608
2070,精湛,5,0,5,富邦-台東,2024-09-03,9608
2354,鴻準,5,0,5,富邦-台東,2024-09-03,9608
2397,友通,5,0,5,富邦-台東,2024-09-03,9608
2834,臺企銀,5,0,5,富邦-台東,2024-09-03,9608
5512,力麒,10,5,5,富邦-台東,2024-09-03,9608
6104,創惟,5,0,5,富邦-台東,2024-09-03,9608
8089,康全電訊,5,0,5,富邦-台東,2024-09-03,9608
6743,安普新,392,0,392,富邦-台東,2024-09-04,9608
00632R,元大台灣50反1,455,142,313,富邦-台東,2024-09-04,9608
00919,群益台灣精選高息,194,5,189,富邦-台東,2024-09-04,9608
00878,國泰永續高股息,170,0,170,富邦-台東,2024-09-04,9608
00940,元大台灣價值高息,181,23,158,富邦-台東,2024-09-04,9608
2891,中信金,94,3,91,富邦-台東,2024-09-04,9608
0056,元大高股息,75,0,75,富邦-台東,2024-09-04,9608
00929,復華台灣科技優息,126,72,54,富邦-台東,2024-09-04,9608
2489,瑞軒,50,0,50,富邦-台東,2024-09-04,9608
6116,彩晶,51,2,49,富邦-台東,2024-09-04,9608
00918,大華優利高填息30,35,0,35,富邦-台東,2024-09-04,9608
1314,中石化,35,2,33,富邦-台東,2024-09-04,9608
00951,台新日本半導體,30,0,30,富邦-台東,2024-09-04,9608
2330,台積電,34,8,26,富邦-台東,2024-09-04,9608
00881,國泰台灣5G+,23,0,23,富邦-台東,2024-09-04,9608
00934,中信成長高股息,25,2,23,富邦-台東,2024-09-04,9608
006208,富邦台50,23,0,23,富邦-台東,2024-09-04,9608
2301,光寶科,21,0,21,富邦-台東,2024-09-04,9608
2002,中鋼,22,2,20,富邦-台東,2024-09-04,9608
3049,精金,20,0,20,富邦-台東,2024-09-04,9608
9105,泰金寶-DR,20,1,19,富邦-台東,2024-09-04,9608
00857B,永豐20年美公債,18,0,18,富邦-台東,2024-09-04,9608
00915,凱基優選高股息30,18,0,18,富邦-台東,2024-09-04,9608
3481,群創,18,0,18,富邦-台東,2024-09-04,9608
00715L,期街口布蘭特正2,17,0,17,富邦-台東,2024-09-04,9608
00927,群益半導體收益,16,0,16,富邦-台東,2024-09-04,9608
0050,元大台灣50,17,2,15,富邦-台東,2024-09-04,9608
00941,中信上游半導體,15,0,15,富邦-台東,2024-09-04,9608
2399,映泰,15,0,15,富邦-台東,2024-09-04,9608
3231,緯創,18,4,14,富邦-台東,2024-09-04,9608
2801,彰銀,13,0,13,富邦-台東,2024-09-04,9608
00885,富邦越南,12,0,12,富邦-台東,2024-09-04,9608
2537,聯上發,13,1,12,富邦-台東,2024-09-04,9608
00905,FT臺灣Smart,11,0,11,富邦-台東,2024-09-04,9608
00937B,群益ESG投等債20,13,2,11,富邦-台東,2024-09-04,9608
1611,中電,11,0,11,富邦-台東,2024-09-04,9608
4729,熒茂,11,0,11,富邦-台東,2024-09-04,9608
5512,力麒,11,0,11,富邦-台東,2024-09-04,9608
00713,元大台灣高息低波,11,0,11,富邦-台東,2024-09-04,9608
00891,中信關鍵半導體,10,0,10,富邦-台東,2024-09-04,9608
1305,華夏,10,0,10,富邦-台東,2024-09-04,9608
1718,中纖,10,0,10,富邦-台東,2024-09-04,9608
2206,三陽工業,10,0,10,富邦-台東,2024-09-04,9608
4576,大銀微系統,10,0,10,富邦-台東,2024-09-04,9608
4510,高鋒,37,28,9,富邦-台東,2024-09-04,9608
2812,台中銀,8,0,8,富邦-台東,2024-09-04,9608
00900,富邦特選高股息30,18,10,8,富邦-台東,2024-09-04,9608
00946,群益科技高息成長,8,0,8,富邦-台東,2024-09-04,9608
2408,南亞科,9,1,8,富邦-台東,2024-09-04,9608
00850,元大臺灣ESG永續,7,0,7,富邦-台東,2024-09-04,9608
00637L,元大滬深300正2,110,0,110,富邦-台東,2024-09-05,9608
00715L,期街口布蘭特正2,61,0,61,富邦-台東,2024-09-05,9608
4714,永捷,57,8,49,富邦-台東,2024-09-05,9608
00712,復華富時不動產,42,0,42,富邦-台東,2024-09-05,9608
00878,國泰永續高股息,90,50,40,富邦-台東,2024-09-05,9608
2317,鴻海,31,3,28,富邦-台東,2024-09-05,9608
00929,復華台灣科技優息,79,53,26,富邦-台東,2024-09-05,9608
00940,元大台灣價值高息,23,0,23,富邦-台東,2024-09-05,9608
3006,晶豪科,21,0,21,富邦-台東,2024-09-05,9608
6680,鑫創電子,18,0,18,富邦-台東,2024-09-05,9608
00954,中信日本半導體,16,0,16,富邦-台東,2024-09-05,9608
1609,大亞,16,0,16,富邦-台東,2024-09-05,9608
2316,楠梓電,16,0,16,富邦-台東,2024-09-05,9608
00941,中信上游半導體,15,0,15,富邦-台東,2024-09-05,9608
1806,冠軍,15,0,15,富邦-台東,2024-09-05,9608
2834,臺企銀,20,5,15,富邦-台東,2024-09-05,9608
4174,浩鼎,12,0,12,富邦-台東,2024-09-05,9608
6213,聯茂,12,0,12,富邦-台東,2024-09-05,9608
2367,燿華,15,4,11,富邦-台東,2024-09-05,9608
8076,伍豐,28,17,11,富邦-台東,2024-09-05,9608
2845,遠東銀,11,0,11,富邦-台東,2024-09-05,9608
6456,GIS-KY,11,0,11,富邦-台東,2024-09-05,9608
6770,力積電,10,0,10,富邦-台東,2024-09-05,9608
00722B,群益投資級電信債,10,0,10,富邦-台東,2024-09-05,9608
00720B,元大投資級公司債,10,0,10,富邦-台東,2024-09-05,9608
00772B,中信高評級公司債,10,0,10,富邦-台東,2024-09-05,9608
1447,力鵬,10,0,10,富邦-台東,2024-09-05,9608
2208,台船,10,0,10,富邦-台東,2024-09-05,9608
3356,奇偶,10,0,10,富邦-台東,2024-09-05,9608
6152,百一,10,0,10,富邦-台東,2024-09-05,9608
0056,元大高股息,12,3,9,富邦-台東,2024-09-05,9608
00932,兆豐永續高息等權,9,0,9,富邦-台東,2024-09-05,9608
2891,中信金,17,9,8,富邦-台東,2024-09-05,9608
2002,中鋼,8,0,8,富邦-台東,2024-09-05,9608
2537,聯上發,7,0,7,富邦-台東,2024-09-05,9608
8163,達方,7,0,7,富邦-台東,2024-09-05,9608
4540,全球傳動,6,0,6,富邦-台東,2024-09-05,9608
00900,富邦特選高股息30,5,0,5,富邦-台東,2024-09-05,9608
00946,群益科技高息成長,5,0,5,富邦-台東,2024-09-05,9608
2939,永邑-KY,5,0,5,富邦-台東,2024-09-05,9608
3483,力致,5,0,5,富邦-台東,2024-09-05,9608
3498,陽程,5,0,5,富邦-台東,2024-09-05,9608
4770,上品,5,0,5,富邦-台東,2024-09-05,9608
2486,一詮,12,8,4,富邦-台東,2024-09-05,9608
2543,皇昌,4,0,4,富邦-台東,2024-09-05,9608
2354,鴻準,5,1,4,富邦-台東,2024-09-05,9608
00935,野村臺灣新科技50,4,0,4,富邦-台東,2024-09-05,9608
8358,金居,5,1,4,富邦-台東,2024-09-05,9608
8374,羅昇,18,14,4,富邦-台東,2024-09-05,9608
2402,毅嘉,4,0,4,富邦-台東,2024-09-05,9608
00931B,統一美債20年,70,0,70,富邦-台東,2024-09-06,9608
8927,北基,40,0,40,富邦-台東,2024-09-06,9608
00680L,元大美債20正2,43,11,32,富邦-台東,2024-09-06,9608
00919,群益台灣精選高息,53,21,32,富邦-台東,2024-09-06,9608
2355,敬鵬,30,0,30,富邦-台東,2024-09-06,9608
00929,復華台灣科技優息,34,4,30,富邦-台東,2024-09-06,9608
00715L,期街口布蘭特正2,23,0,23,富邦-台東,2024-09-06,9608
00687B,國泰20年美債,22,1,21,富邦-台東,2024-09-06,9608
00712,復華富時不動產,15,0,15,富邦-台東,2024-09-06,9608
00751B,元大AAA至A公司債,15,0,15,富邦-台東,2024-09-06,9608
1314,中石化,13,0,13,富邦-台東,2024-09-06,9608
0056,元大高股息,12,0,12,富邦-台東,2024-09-06,9608
2002,中鋼,15,3,12,富邦-台東,2024-09-06,9608
2939,永邑-KY,12,0,12,富邦-台東,2024-09-06,9608
3481,群創,11,0,11,富邦-台東,2024-09-06,9608
2313,華通,15,4,11,富邦-台東,2024-09-06,9608
00915,凱基優選高股息30,11,0,11,富邦-台東,2024-09-06,9608
00946,群益科技高息成長,11,0,11,富邦-台東,2024-09-06,9608
2888,新光金,11,0,11,富邦-台東,2024-09-06,9608
00949,復華日本龍頭,10,0,10,富邦-台東,2024-09-06,9608
2314,台揚,10,0,10,富邦-台東,2024-09-06,9608
2851,中再保,10,0,10,富邦-台東,2024-09-06,9608
3711,日月光投控,10,0,10,富邦-台東,2024-09-06,9608
2618,長榮航,20,11,9,富邦-台東,2024-09-06,9608
00941,中信上游半導體,9,0,9,富邦-台東,2024-09-06,9608
8996,高力,9,0,9,富邦-台東,2024-09-06,9608
00857B,永豐20年美公債,8,0,8,富邦-台東,2024-09-06,9608
2610,華航,10,2,8,富邦-台東,2024-09-06,9608
3483,力致,10,2,8,富邦-台東,2024-09-06,9608
00642U,期元大S＆P石油,7,0,7,富邦-台東,2024-09-06,9608
00951,台新日本半導體,7,0,7,富邦-台東,2024-09-06,9608
00952,凱基台灣AI50,7,0,7,富邦-台東,2024-09-06,9608
2337,旺宏,7,0,7,富邦-台東,2024-09-06,9608
6274,台燿,10,3,7,富邦-台東,2024-09-06,9608
3581,博磊,45,39,6,富邦-台東,2024-09-06,9608
5234,達興材料,6,0,6,富邦-台東,2024-09-06,9608
00943,兆豐電子高息等權,6,0,6,富邦-台東,2024-09-06,9608
3033,威健,6,0,6,富邦-台東,2024-09-06,9608
3673,TPK-KY,6,0,6,富邦-台東,2024-09-06,9608
6133,金橋,5,0,5,富邦-台東,2024-09-06,9608
2344,華邦電,5,0,5,富邦-台東,2024-09-06,9608
1308,亞聚,6,1,5,富邦-台東,2024-09-06,9608
6680,鑫創電子,5,0,5,富邦-台東,2024-09-06,9608
00921,兆豐龍頭等權重,5,0,5,富邦-台東,2024-09-06,9608
00954,中信日本半導體,5,0,5,富邦-台東,2024-09-06,9608
2332,友訊,5,0,5,富邦-台東,2024-09-06,9608
2354,鴻準,5,0,5,富邦-台東,2024-09-06,9608
4109,加捷生醫,5,0,5,富邦-台東,2024-09-06,9608
4562,穎漢,8,3,5,富邦-台東,2024-09-06,9608
6152,百一,5,0,5,富邦-台東,2024-09-06,9608
8996,高力,411,25,386,富邦-台東,2024-09-09,9608
00637L,元大滬深300正2,115,0,115,富邦-台東,2024-09-09,9608
0056,元大高股息,58,0,58,富邦-台東,2024-09-09,9608
00919,群益台灣精選高息,53,6,47,富邦-台東,2024-09-09,9608
00931B,統一美債20年,40,0,40,富邦-台東,2024-09-09,9608
00878,國泰永續高股息,41,1,40,富邦-台東,2024-09-09,9608
2323,中環,38,0,38,富邦-台東,2024-09-09,9608
2891,中信金,48,12,36,富邦-台東,2024-09-09,9608
1815,富喬,32,1,31,富邦-台東,2024-09-09,9608
5905,南仁湖,30,2,28,富邦-台東,2024-09-09,9608
1540,喬福,26,5,21,富邦-台東,2024-09-09,9608
6651,全宇昕,21,0,21,富邦-台東,2024-09-09,9608
00664R,國泰臺灣加權反1,20,0,20,富邦-台東,2024-09-09,9608
00943,兆豐電子高息等權,20,0,20,富邦-台東,2024-09-09,9608
1314,中石化,20,0,20,富邦-台東,2024-09-09,9608
8076,伍豐,29,11,18,富邦-台東,2024-09-09,9608
00715L,期街口布蘭特正2,20,3,17,富邦-台東,2024-09-09,9608
2313,華通,16,0,16,富邦-台東,2024-09-09,9608
2615,萬海,16,0,16,富邦-台東,2024-09-09,9608
00921,兆豐龍頭等權重,16,0,16,富邦-台東,2024-09-09,9608
00918,大華優利高填息30,17,2,15,富邦-台東,2024-09-09,9608
00679B,元大美債20年,24,12,12,富邦-台東,2024-09-09,9608
0050,元大台灣50,13,1,12,富邦-台東,2024-09-09,9608
1326,台化,12,0,12,富邦-台東,2024-09-09,9608
00881,國泰台灣5G+,12,0,12,富邦-台東,2024-09-09,9608
1316,上曜,12,0,12,富邦-台東,2024-09-09,9608
2497,怡利電,19,8,11,富邦-台東,2024-09-09,9608
3049,精金,10,0,10,富邦-台東,2024-09-09,9608
4109,加捷生醫,10,0,10,富邦-台東,2024-09-09,9608
4906,正文,10,0,10,富邦-台東,2024-09-09,9608
912000,晨訊科-DR,10,0,10,富邦-台東,2024-09-09,9608
2464,盟立,14,5,9,富邦-台東,2024-09-09,9608
2812,台中銀,9,0,9,富邦-台東,2024-09-09,9608
2834,臺企銀,10,1,9,富邦-台東,2024-09-09,9608
2885,元大金,8,0,8,富邦-台東,2024-09-09,9608
00915,凱基優選高股息30,8,0,8,富邦-台東,2024-09-09,9608
00951,台新日本半導體,8,0,8,富邦-台東,2024-09-09,9608
2851,中再保,8,0,8,富邦-台東,2024-09-09,9608
6127,九豪,8,0,8,富邦-台東,2024-09-09,9608
00687B,國泰20年美債,71,64,7,富邦-台東,2024-09-09,9608
2303,聯電,7,0,7,富邦-台東,2024-09-09,9608
00949,復華日本龍頭,7,0,7,富邦-台東,2024-09-09,9608
4958,臻鼎-KY,7,0,7,富邦-台東,2024-09-09,9608
2330,台積電,8,2,6,富邦-台東,2024-09-09,9608
00795B,中信美國公債20年,6,0,6,富邦-台東,2024-09-09,9608
00954,中信日本半導體,6,0,6,富邦-台東,2024-09-09,9608
00713,元大台灣高息低波,6,0,6,富邦-台東,2024-09-09,9608
3481,群創,6,1,5,富邦-台東,2024-09-09,9608
3231,緯創,6,1,5,富邦-台東,2024-09-09,9608
1301,台塑,5,0,5,富邦-台東,2024-09-09,9608
00878,國泰永續高股息,123,2,121,富邦-台東,2024-09-10,9608
00931B,統一美債20年,105,0,105,富邦-台東,2024-09-10,9608
00929,復華台灣科技優息,54,0,54,富邦-台東,2024-09-10,9608
00919,群益台灣精選高息,52,2,50,富邦-台東,2024-09-10,9608
00918,大華優利高填息30,39,5,34,富邦-台東,2024-09-10,9608
2367,燿華,36,2,34,富邦-台東,2024-09-10,9608
00687B,國泰20年美債,42,11,31,富邦-台東,2024-09-10,9608
00952,凱基台灣AI50,33,3,30,富邦-台東,2024-09-10,9608
00715L,期街口布蘭特正2,31,5,26,富邦-台東,2024-09-10,9608
2834,臺企銀,26,0,26,富邦-台東,2024-09-10,9608
2313,華通,44,20,24,富邦-台東,2024-09-10,9608
2382,廣達,24,3,21,富邦-台東,2024-09-10,9608
00650L,復華香港正2,20,0,20,富邦-台東,2024-09-10,9608
2368,金像電,20,0,20,富邦-台東,2024-09-10,9608
8076,伍豐,18,0,18,富邦-台東,2024-09-10,9608
2365,昆盈,19,3,16,富邦-台東,2024-09-10,9608
2851,中再保,16,0,16,富邦-台東,2024-09-10,9608
00713,元大台灣高息低波,15,0,15,富邦-台東,2024-09-10,9608
2464,盟立,16,1,15,富邦-台東,2024-09-10,9608
6706,惠特,25,11,14,富邦-台東,2024-09-10,9608
2356,英業達,15,1,14,富邦-台東,2024-09-10,9608
00940,元大台灣價值高息,15,1,14,富邦-台東,2024-09-10,9608
00679B,元大美債20年,13,0,13,富邦-台東,2024-09-10,9608
2323,中環,12,0,12,富邦-台東,2024-09-10,9608
2337,旺宏,12,0,12,富邦-台東,2024-09-10,9608
2408,南亞科,11,0,11,富邦-台東,2024-09-10,9608
4974,亞泰,13,2,11,富邦-台東,2024-09-10,9608
3376,新日興,10,0,10,富邦-台東,2024-09-10,9608
2363,矽統,10,0,10,富邦-台東,2024-09-10,9608
00946,群益科技高息成長,10,0,10,富邦-台東,2024-09-10,9608
2845,遠東銀,10,0,10,富邦-台東,2024-09-10,9608
3062,建漢,21,11,10,富邦-台東,2024-09-10,9608
4109,加捷生醫,10,0,10,富邦-台東,2024-09-10,9608
4564,元翎,10,0,10,富邦-台東,2024-09-10,9608
4906,正文,10,0,10,富邦-台東,2024-09-10,9608
5452,佶優,10,0,10,富邦-台東,2024-09-10,9608
2070,精湛,10,0,10,富邦-台東,2024-09-10,9608
3049,精金,10,0,10,富邦-台東,2024-09-10,9608
2317,鴻海,24,15,9,富邦-台東,2024-09-10,9608
2301,光寶科,9,0,9,富邦-台東,2024-09-10,9608
4958,臻鼎-KY,11,2,9,富邦-台東,2024-09-10,9608
3047,訊舟,34,26,8,富邦-台東,2024-09-10,9608
5531,鄉林,8,0,8,富邦-台東,2024-09-10,9608
0056,元大高股息,8,0,8,富邦-台東,2024-09-10,9608
8089,康全電訊,11,3,8,富邦-台東,2024-09-10,9608
3481,群創,7,0,7,富邦-台東,2024-09-10,9608
1529,樂事綠能,7,0,7,富邦-台東,2024-09-10,9608
1301,台塑,9,2,7,富邦-台東,2024-09-10,9608
2891,中信金,15,9,6,富邦-台東,2024-09-10,9608
6274,台燿,9,3,6,富邦-台東,2024-09-10,9608
2323,中環,200,0,200,富邦-台東,2024-09-11,9608
2888,新光金,314,162,152,富邦-台東,2024-09-11,9608
00937B,群益ESG投等債20,93,4,89,富邦-台東,2024-09-11,9608
00715L,期街口布蘭特正2,62,0,62,富邦-台東,2024-09-11,9608
00929,復華台灣科技優息,59,0,59,富邦-台東,2024-09-11,9608
00632R,元大台灣50反1,40,0,40,富邦-台東,2024-09-11,9608
00878,國泰永續高股息,38,0,38,富邦-台東,2024-09-11,9608
00687B,國泰20年美債,38,3,35,富邦-台東,2024-09-11,9608
4956,光鋐,34,0,34,富邦-台東,2024-09-11,9608
2891,中信金,29,1,28,富邦-台東,2024-09-11,9608
6005,群益證,25,0,25,富邦-台東,2024-09-11,9608
00680L,元大美債20正2,25,1,24,富邦-台東,2024-09-11,9608
00642U,期元大S＆P石油,20,0,20,富邦-台東,2024-09-11,9608
00940,元大台灣價值高息,29,12,17,富邦-台東,2024-09-11,9608
2834,臺企銀,16,1,15,富邦-台東,2024-09-11,9608
00885,富邦越南,14,1,13,富邦-台東,2024-09-11,9608
00932,兆豐永續高息等權,13,0,13,富邦-台東,2024-09-11,9608
00918,大華優利高填息30,13,0,13,富邦-台東,2024-09-11,9608
2002,中鋼,13,0,13,富邦-台東,2024-09-11,9608
4979,華星光,27,16,11,富邦-台東,2024-09-11,9608
9945,潤泰新,10,0,10,富邦-台東,2024-09-11,9608
3711,日月光投控,10,0,10,富邦-台東,2024-09-11,9608
00915,凱基優選高股息30,10,0,10,富邦-台東,2024-09-11,9608
3322,建舜電,10,0,10,富邦-台東,2024-09-11,9608
6127,九豪,10,0,10,富邦-台東,2024-09-11,9608
6788,華景電,10,0,10,富邦-台東,2024-09-11,9608
9105,泰金寶-DR,10,0,10,富邦-台東,2024-09-11,9608
00959B,大華投等美債15Y+,9,0,9,富邦-台東,2024-09-11,9608
3360,尚立,9,0,9,富邦-台東,2024-09-11,9608
3518,柏騰,9,0,9,富邦-台東,2024-09-11,9608
2883,凱基金,11,3,8,富邦-台東,2024-09-11,9608
2497,怡利電,21,13,8,富邦-台東,2024-09-11,9608
3163,波若威,10,2,8,富邦-台東,2024-09-11,9608
0050,元大台灣50,6,0,6,富邦-台東,2024-09-11,9608
00941,中信上游半導體,6,0,6,富邦-台東,2024-09-11,9608
4538,大詠城,6,0,6,富邦-台東,2024-09-11,9608
2070,精湛,13,8,5,富邦-台東,2024-09-11,9608
00882,中信中國高股息,5,0,5,富邦-台東,2024-09-11,9608
00712,復華富時不動產,5,0,5,富邦-台東,2024-09-11,9608
00640L,富邦日本正2,5,0,5,富邦-台東,2024-09-11,9608
1709,和益,13,8,5,富邦-台東,2024-09-11,9608
1806,冠軍,5,0,5,富邦-台東,2024-09-11,9608
2374,佳能,5,0,5,富邦-台東,2024-09-11,9608
2465,麗臺,5,0,5,富邦-台東,2024-09-11,9608
2610,華航,5,0,5,富邦-台東,2024-09-11,9608
3312,弘憶股,7,2,5,富邦-台東,2024-09-11,9608
8111,立��,5,0,5,富邦-台東,2024-09-11,9608
0056,元大高股息,7,2,5,富邦-台東,2024-09-11,9608
2887,台新金,7,3,4,富邦-台東,2024-09-11,9608
00930,永豐ESG低碳高息,4,0,4,富邦-台東,2024-09-11,9608
4510,高鋒,847,30,817,富邦-台東,2024-09-12,9608
2323,中環,80,0,80,富邦-台東,2024-09-12,9608
00715L,期街口布蘭特正2,73,0,73,富邦-台東,2024-09-12,9608
2939,永邑-KY,53,0,53,富邦-台東,2024-09-12,9608
2891,中信金,27,1,26,富邦-台東,2024-09-12,9608
00941,中信上游半導體,20,0,20,富邦-台東,2024-09-12,9608
00637L,元大滬深300正2,30,10,20,富邦-台東,2024-09-12,9608
2542,興富發,20,0,20,富邦-台東,2024-09-12,9608
00632R,元大台灣50反1,18,0,18,富邦-台東,2024-09-12,9608
00664R,國泰臺灣加權反1,17,0,17,富邦-台東,2024-09-12,9608
5347,世界,15,0,15,富邦-台東,2024-09-12,9608
6190,萬泰科,15,0,15,富邦-台東,2024-09-12,9608
8076,伍豐,15,0,15,富邦-台東,2024-09-12,9608
00919,群益台灣精選高息,20,8,12,富邦-台東,2024-09-12,9608
00642U,期元大S＆P石油,12,0,12,富邦-台東,2024-09-12,9608
00934,中信成長高股息,10,0,10,富邦-台東,2024-09-12,9608
00957B,兆豐US優選投等債,10,0,10,富邦-台東,2024-09-12,9608
2208,台船,10,0,10,富邦-台東,2024-09-12,9608
2464,盟立,10,0,10,富邦-台東,2024-09-12,9608
4543,萬在,10,0,10,富邦-台東,2024-09-12,9608
9945,潤泰新,10,0,10,富邦-台東,2024-09-12,9608
2364,倫飛,10,2,8,富邦-台東,2024-09-12,9608
5443,均豪,17,10,7,富邦-台東,2024-09-12,9608
1301,台塑,7,0,7,富邦-台東,2024-09-12,9608
2887,台新金,14,7,7,富邦-台東,2024-09-12,9608
00895,富邦未來車,6,0,6,富邦-台東,2024-09-12,9608
2467,志聖,9,4,5,富邦-台東,2024-09-12,9608
3483,力致,5,0,5,富邦-台東,2024-09-12,9608
1326,台化,8,3,5,富邦-台東,2024-09-12,9608
2312,金寶,5,0,5,富邦-台東,2024-09-12,9608
2337,旺宏,10,5,5,富邦-台東,2024-09-12,9608
2353,宏��,7,2,5,富邦-台東,2024-09-12,9608
2444,兆勁,5,0,5,富邦-台東,2024-09-12,9608
3535,晶彩科,5,0,5,富邦-台東,2024-09-12,9608
6016,康和證,5,0,5,富邦-台東,2024-09-12,9608
6414,樺漢,5,0,5,富邦-台東,2024-09-12,9608
0056,元大高股息,12,8,4,富邦-台東,2024-09-12,9608
2618,長榮航,23,19,4,富邦-台東,2024-09-12,9608
1303,南亞,4,0,4,富邦-台東,2024-09-12,9608
2408,南亞科,4,0,4,富邦-台東,2024-09-12,9608
3312,弘憶股,12,8,4,富邦-台東,2024-09-12,9608
3450,聯鈞,5,1,4,富邦-台東,2024-09-12,9608
3047,訊舟,14,10,4,富邦-台東,2024-09-12,9608
1522,堤維西,3,0,3,富邦-台東,2024-09-12,9608
2537,聯上發,3,0,3,富邦-台東,2024-09-12,9608
2615,萬海,30,27,3,富邦-台東,2024-09-12,9608
2885,元大金,3,0,3,富邦-台東,2024-09-12,9608
3406,玉晶光,3,0,3,富邦-台東,2024-09-12,9608
4956,光鋐,3,0,3,富邦-台東,2024-09-12,9608
5392,能率,8,5,3,富邦-台東,2024-09-12,9608
2888,新光金,540,190,350,富邦-台東,2024-09-13,9608
00715L,期街口布蘭特正2,200,0,200,富邦-台東,2024-09-13,9608
00687B,國泰20年美債,71,0,71,富邦-台東,2024-09-13,9608
1326,台化,51,0,51,富邦-台東,2024-09-13,9608
0056,元大高股息,46,0,46,富邦-台東,2024-09-13,9608
00937B,群益ESG投等債20,50,15,35,富邦-台東,2024-09-13,9608
00674R,期元大S＆P黃金反1,30,0,30,富邦-台東,2024-09-13,9608
00632R,元大台灣50反1,30,0,30,富邦-台東,2024-09-13,9608
00688L,國泰20年美債正2,30,0,30,富邦-台東,2024-09-13,9608
8996,高力,23,0,23,富邦-台東,2024-09-13,9608
8927,北基,21,0,21,富邦-台東,2024-09-13,9608
00680L,元大美債20正2,20,0,20,富邦-台東,2024-09-13,9608
2542,興富發,20,0,20,富邦-台東,2024-09-13,9608
6005,群益證,20,0,20,富邦-台東,2024-09-13,9608
00919,群益台灣精選高息,16,0,16,富邦-台東,2024-09-13,9608
00933B,國泰10Y+金融債,15,0,15,富邦-台東,2024-09-13,9608
1540,喬福,18,3,15,富邦-台東,2024-09-13,9608
3049,精金,15,0,15,富邦-台東,2024-09-13,9608
6190,萬泰科,14,0,14,富邦-台東,2024-09-13,9608
00934,中信成長高股息,13,0,13,富邦-台東,2024-09-13,9608
2367,燿華,16,4,12,富邦-台東,2024-09-13,9608
4540,全球傳動,12,0,12,富邦-台東,2024-09-13,9608
3312,弘憶股,10,0,10,富邦-台東,2024-09-13,9608
3481,群創,10,0,10,富邦-台東,2024-09-13,9608
1605,華新,10,0,10,富邦-台東,2024-09-13,9608
2022,聚亨,10,0,10,富邦-台東,2024-09-13,9608
2208,台船,10,0,10,富邦-台東,2024-09-13,9608
2867,三商壽,10,0,10,富邦-台東,2024-09-13,9608
4128,中天,10,0,10,富邦-台東,2024-09-13,9608
8039,台虹,12,2,10,富邦-台東,2024-09-13,9608
00927,群益半導體收益,9,0,9,富邦-台東,2024-09-13,9608
6163,華電網,11,2,9,富邦-台東,2024-09-13,9608
2634,漢翔,8,0,8,富邦-台東,2024-09-13,9608
2890,永豐金,8,0,8,富邦-台東,2024-09-13,9608
00631L,元大台灣50正2,7,0,7,富邦-台東,2024-09-13,9608
2449,京元電子,7,0,7,富邦-台東,2024-09-13,9608
2467,志聖,22,15,7,富邦-台東,2024-09-13,9608
2939,永邑-KY,6,0,6,富邦-台東,2024-09-13,9608
00957B,兆豐US優選投等債,5,0,5,富邦-台東,2024-09-13,9608
00953B,群益優選非投等債,5,0,5,富邦-台東,2024-09-13,9608
2736,富野,5,0,5,富邦-台東,2024-09-13,9608
5438,東友,9,4,5,富邦-台東,2024-09-13,9608
6531,愛普*,5,0,5,富邦-台東,2024-09-13,9608
8033,雷虎,5,0,5,富邦-台東,2024-09-13,9608
2009,第一銅,5,1,4,富邦-台東,2024-09-13,9608
3013,晟銘電,7,3,4,富邦-台東,2024-09-13,9608
1303,南亞,4,0,4,富邦-台東,2024-09-13,9608
00931B,統一美債20年,4,0,4,富邦-台東,2024-09-13,9608
2329,華泰,4,0,4,富邦-台東,2024-09-13,9608
3167,大量,5,1,4,富邦-台東,2024-09-13,9608
00687B,國泰20年美債,249,0,249,富邦-台東,2024-09-16,9608
00918,大華優利高填息30,81,2,79,富邦-台東,2024-09-16,9608
00715L,期街口布蘭特正2,74,1,73,富邦-台東,2024-09-16,9608
6517,保勝光學,38,1,37,富邦-台東,2024-09-16,9608
00945B,凱基美國非投等債,30,0,30,富邦-台東,2024-09-16,9608
8996,高力,24,1,23,富邦-台東,2024-09-16,9608
1460,宏遠,20,0,20,富邦-台東,2024-09-16,9608
2349,錸德,25,5,20,富邦-台東,2024-09-16,9608
3363,上詮,24,4,20,富邦-台東,2024-09-16,9608
0056,元大高股息,20,0,20,富邦-台東,2024-09-16,9608
2939,永邑-KY,20,1,19,富邦-台東,2024-09-16,9608
2542,興富發,16,0,16,富邦-台東,2024-09-16,9608
3231,緯創,17,1,16,富邦-台東,2024-09-16,9608
8163,達方,15,0,15,富邦-台東,2024-09-16,9608
1815,富喬,47,33,14,富邦-台東,2024-09-16,9608
5469,瀚宇博,20,6,14,富邦-台東,2024-09-16,9608
8085,福華,20,6,14,富邦-台東,2024-09-16,9608
00929,復華台灣科技優息,32,19,13,富邦-台東,2024-09-16,9608
3374,精材,12,0,12,富邦-台東,2024-09-16,9608
4979,華星光,14,2,12,富邦-台東,2024-09-16,9608
00937B,群益ESG投等債20,14,3,11,富邦-台東,2024-09-16,9608
00942B,台新美A公司債20+,11,0,11,富邦-台東,2024-09-16,9608
00948B,中信優息投資級債,10,0,10,富邦-台東,2024-09-16,9608
1612,宏泰,10,0,10,富邦-台東,2024-09-16,9608
2344,華邦電,10,0,10,富邦-台東,2024-09-16,9608
2511,太子,10,0,10,富邦-台東,2024-09-16,9608
6668,中揚光,10,0,10,富邦-台東,2024-09-16,9608
9105,泰金寶-DR,10,0,10,富邦-台東,2024-09-16,9608
00878,國泰永續高股息,10,0,10,富邦-台東,2024-09-16,9608
2834,臺企銀,10,0,10,富邦-台東,2024-09-16,9608
00713,元大台灣高息低波,9,0,9,富邦-台東,2024-09-16,9608
00919,群益台灣精選高息,12,3,9,富邦-台東,2024-09-16,9608
3450,聯鈞,9,0,9,富邦-台東,2024-09-16,9608
00915,凱基優選高股息30,18,10,8,富邦-台東,2024-09-16,9608
1540,喬福,14,6,8,富邦-台東,2024-09-16,9608
6405,悅城,12,4,8,富邦-台東,2024-09-16,9608
3062,建漢,67,60,7,富邦-台東,2024-09-16,9608
3081,聯亞,7,0,7,富邦-台東,2024-09-16,9608
4513,福裕,7,0,7,富邦-台東,2024-09-16,9608
0050,元大台灣50,7,0,7,富邦-台東,2024-09-16,9608
1711,永光,52,46,6,富邦-台東,2024-09-16,9608
00885,富邦越南,8,2,6,富邦-台東,2024-09-16,9608
2330,台積電,6,0,6,富邦-台東,2024-09-16,9608
2354,鴻準,6,0,6,富邦-台東,2024-09-16,9608
1569,濱川,6,0,6,富邦-台東,2024-09-16,9608
00957B,兆豐US優選投等債,5,0,5,富邦-台東,2024-09-16,9608
00931B,統一美債20年,5,0,5,富邦-台東,2024-09-16,9608
1301,台塑,11,6,5,富邦-台東,2024-09-16,9608
1605,華新,5,0,5,富邦-台東,2024-09-16,9608
2388,威盛,5,0,5,富邦-台東,2024-09-16,9608
2888,新光金,771,18,753,富邦-台東,2024-09-18,9608
00929,復華台灣科技優息,172,22,150,富邦-台東,2024-09-18,9608
00915,凱基優選高股息30,63,1,62,富邦-台東,2024-09-18,9608
00637L,元大滬深300正2,50,10,40,富邦-台東,2024-09-18,9608
00753L,中信中國50正2,32,0,32,富邦-台東,2024-09-18,9608
2317,鴻海,32,0,32,富邦-台東,2024-09-18,9608
00934,中信成長高股息,31,0,31,富邦-台東,2024-09-18,9608
0056,元大高股息,29,1,28,富邦-台東,2024-09-18,9608
3062,建漢,36,10,26,富邦-台東,2024-09-18,9608
00918,大華優利高填息30,26,4,22,富邦-台東,2024-09-18,9608
4542,科嶠,21,1,20,富邦-台東,2024-09-18,9608
6116,彩晶,40,20,20,富邦-台東,2024-09-18,9608
3653,健策,17,0,17,富邦-台東,2024-09-18,9608
2515,中工,16,0,16,富邦-台東,2024-09-18,9608
00878,國泰永續高股息,15,0,15,富邦-台東,2024-09-18,9608
2889,國票金,14,0,14,富邦-台東,2024-09-18,9608
2303,聯電,13,0,13,富邦-台東,2024-09-18,9608
00632R,元大台灣50反1,32,20,12,富邦-台東,2024-09-18,9608
00919,群益台灣精選高息,42,30,12,富邦-台東,2024-09-18,9608
2313,華通,10,0,10,富邦-台東,2024-09-18,9608
00688L,國泰20年美債正2,22,12,10,富邦-台東,2024-09-18,9608
00945B,凱基美國非投等債,10,0,10,富邦-台東,2024-09-18,9608
1314,中石化,15,5,10,富邦-台東,2024-09-18,9608
1718,中纖,10,0,10,富邦-台東,2024-09-18,9608
2201,裕隆,18,8,10,富邦-台東,2024-09-18,9608
2243,宏旭-KY,10,0,10,富邦-台東,2024-09-18,9608
2344,華邦電,10,0,10,富邦-台東,2024-09-18,9608
2368,金像電,10,0,10,富邦-台東,2024-09-18,9608
6727,亞泰金屬,10,0,10,富邦-台東,2024-09-18,9608
6829,千附精密,10,0,10,富邦-台東,2024-09-18,9608
8222,寶一,10,0,10,富邦-台東,2024-09-18,9608
00679B,元大美債20年,11,2,9,富邦-台東,2024-09-18,9608
006208,富邦台50,10,0,10,富邦-台東,2024-09-18,9608
3013,晟銘電,10,1,9,富邦-台東,2024-09-18,9608
2801,彰銀,8,0,8,富邦-台東,2024-09-18,9608
4109,加捷生醫,8,0,8,富邦-台東,2024-09-18,9608
2425,承啟,7,0,7,富邦-台東,2024-09-18,9608
4770,上品,7,0,7,富邦-台東,2024-09-18,9608
4915,致伸,7,0,7,富邦-台東,2024-09-18,9608
4968,立積,9,2,7,富邦-台東,2024-09-18,9608
2382,廣達,13,6,7,富邦-台東,2024-09-18,9608
00713,元大台灣高息低波,8,2,6,富邦-台東,2024-09-18,9608
00764B,群益25年美債,8,2,6,富邦-台東,2024-09-18,9608
00931B,統一美債20年,6,0,6,富邦-台東,2024-09-18,9608
6609,瀧澤科,10,4,6,富邦-台東,2024-09-18,9608
1540,喬福,7,2,5,富邦-台東,2024-09-18,9608
6108,競國,5,0,5,富邦-台東,2024-09-18,9608
00927,群益半導體收益,5,0,5,富邦-台東,2024-09-18,9608
00640L,富邦日本正2,5,0,5,富邦-台東,2024-09-18,9608
2852,第一保,5,0,5,富邦-台東,2024-09-18,9608
00931B,統一美債20年,107,0,107,富邦-台東,2024-09-19,9608
3049,精金,92,26,66,富邦-台東,2024-09-19,9608
00687B,國泰20年美債,60,0,60,富邦-台東,2024-09-19,9608
00919,群益台灣精選高息,41,0,41,富邦-台東,2024-09-19,9608
2399,映泰,60,21,39,富邦-台東,2024-09-19,9608
00918,大華優利高填息30,38,0,38,富邦-台東,2024-09-19,9608
2022,聚亨,37,0,37,富邦-台東,2024-09-19,9608
00713,元大台灣高息低波,25,1,24,富邦-台東,2024-09-19,9608
00679B,元大美債20年,23,1,22,富邦-台東,2024-09-19,9608
00937B,群益ESG投等債20,32,12,20,富邦-台東,2024-09-19,9608
9105,泰金寶-DR,20,0,20,富邦-台東,2024-09-19,9608
00915,凱基優選高股息30,17,0,17,富邦-台東,2024-09-19,9608
6207,雷科,17,0,17,富邦-台東,2024-09-19,9608
00929,復華台灣科技優息,28,12,16,富邦-台東,2024-09-19,9608
00680L,元大美債20正2,16,1,15,富邦-台東,2024-09-19,9608
2939,永邑-KY,15,0,15,富邦-台東,2024-09-19,9608
912000,晨訊科-DR,15,0,15,富邦-台東,2024-09-19,9608
4909,新復興,15,2,13,富邦-台東,2024-09-19,9608
00933B,國泰10Y+金融債,13,0,13,富邦-台東,2024-09-19,9608
1513,中興電,11,0,11,富邦-台東,2024-09-19,9608
2374,佳能,15,5,10,富邦-台東,2024-09-19,9608
1301,台塑,10,0,10,富邦-台東,2024-09-19,9608
6830,汎銓,10,0,10,富邦-台東,2024-09-19,9608
2002,中鋼,14,4,10,富邦-台東,2024-09-19,9608
2511,太子,10,0,10,富邦-台東,2024-09-19,9608
4128,中天,10,0,10,富邦-台東,2024-09-19,9608
4908,前鼎,10,0,10,富邦-台東,2024-09-19,9608
5469,瀚宇博,10,0,10,富邦-台東,2024-09-19,9608
00753L,中信中國50正2,10,1,9,富邦-台東,2024-09-19,9608
2070,精湛,15,6,9,富邦-台東,2024-09-19,9608
0056,元大高股息,11,3,8,富邦-台東,2024-09-19,9608
00857B,永豐20年美公債,8,0,8,富邦-台東,2024-09-19,9608
00957B,兆豐US優選投等債,8,0,8,富邦-台東,2024-09-19,9608
2408,南亞科,10,2,8,富邦-台東,2024-09-19,9608
2543,皇昌,10,2,8,富邦-台東,2024-09-19,9608
5392,能率,9,1,8,富邦-台東,2024-09-19,9608
2891,中信金,13,6,7,富邦-台東,2024-09-19,9608
3163,波若威,9,2,7,富邦-台東,2024-09-19,9608
6859,伯特光,8,1,7,富邦-台東,2024-09-19,9608
1449,佳和,6,0,6,富邦-台東,2024-09-19,9608
6191,精成科,6,0,6,富邦-台東,2024-09-19,9608
8163,達方,6,0,6,富邦-台東,2024-09-19,9608
00945B,凱基美國非投等債,5,0,5,富邦-台東,2024-09-19,9608
00772B,中信高評級公司債,5,0,5,富邦-台東,2024-09-19,9608
1598,岱宇,5,0,5,富邦-台東,2024-09-19,9608
2501,國建,5,0,5,富邦-台東,2024-09-19,9608
3312,弘憶股,5,0,5,富邦-台東,2024-09-19,9608
6190,萬泰科,5,0,5,富邦-台東,2024-09-19,9608
6405,悅城,7,2,5,富邦-台東,2024-09-19,9608
6869,雲豹能源,5,0,5,富邦-台東,2024-09-19,9608
00919,群益台灣精選高息,114,22,92,富邦-台東,2024-09-20,9608
4707,磐亞,82,0,82,富邦-台東,2024-09-20,9608
2891,中信金,122,46,76,富邦-台東,2024-09-20,9608
00687B,國泰20年美債,36,1,35,富邦-台東,2024-09-20,9608
00915,凱基優選高股息30,35,0,35,富邦-台東,2024-09-20,9608
3062,建漢,40,9,31,富邦-台東,2024-09-20,9608
2511,太子,30,0,30,富邦-台東,2024-09-20,9608
1532,勤美,20,0,20,富邦-台東,2024-09-20,9608
3003,健和興,20,0,20,富邦-台東,2024-09-20,9608
5515,建國,20,0,20,富邦-台東,2024-09-20,9608
2542,興富發,22,2,20,富邦-台東,2024-09-20,9608
3689,湧德,20,1,19,富邦-台東,2024-09-20,9608
2002,中鋼,23,5,18,富邦-台東,2024-09-20,9608
1721,三晃,17,0,17,富邦-台東,2024-09-20,9608
8028,昇陽半導體,17,0,17,富邦-台東,2024-09-20,9608
9136,巨騰-DR,15,0,15,富邦-台東,2024-09-20,9608
8996,高力,12,0,12,富邦-台東,2024-09-20,9608
00722B,群益投資級電信債,12,0,12,富邦-台東,2024-09-20,9608
3581,博磊,12,0,12,富邦-台東,2024-09-20,9608
2313,華通,11,1,10,富邦-台東,2024-09-20,9608
2442,新美齊,10,0,10,富邦-台東,2024-09-20,9608
3483,力致,10,0,10,富邦-台東,2024-09-20,9608
2501,國建,20,10,10,富邦-台東,2024-09-20,9608
4903,聯光通,10,0,10,富邦-台東,2024-09-20,9608
4934,太極,10,0,10,富邦-台東,2024-09-20,9608
4974,亞泰,10,0,10,富邦-台東,2024-09-20,9608
6829,千附精密,10,0,10,富邦-台東,2024-09-20,9608
1609,大亞,10,0,10,富邦-台東,2024-09-20,9608
2540,愛山林,9,0,9,富邦-台東,2024-09-20,9608
4714,永捷,8,0,8,富邦-台東,2024-09-20,9608
00665L,富邦�琤肭磪囓�2,7,0,7,富邦-台東,2024-09-20,9608
2520,冠德,7,0,7,富邦-台東,2024-09-20,9608
3049,精金,8,1,7,富邦-台東,2024-09-20,9608
4174,浩鼎,7,0,7,富邦-台東,2024-09-20,9608
2887,台新金,6,0,6,富邦-台東,2024-09-20,9608
00706L,期元大S＆P日圓正2,6,0,6,富邦-台東,2024-09-20,9608
2537,聯上發,7,1,6,富邦-台東,2024-09-20,9608
2609,陽明,6,0,6,富邦-台東,2024-09-20,9608
3284,太普高,6,0,6,富邦-台東,2024-09-20,9608
2889,國票金,5,0,5,富邦-台東,2024-09-20,9608
6190,萬泰科,5,0,5,富邦-台東,2024-09-20,9608
6462,神盾,9,4,5,富邦-台東,2024-09-20,9608
00642U,期元大S＆P石油,5,0,5,富邦-台東,2024-09-20,9608
00637L,元大滬深300正2,5,0,5,富邦-台東,2024-09-20,9608
2515,中工,5,0,5,富邦-台東,2024-09-20,9608
3360,尚立,5,0,5,富邦-台東,2024-09-20,9608
4109,加捷生醫,5,0,5,富邦-台東,2024-09-20,9608
4979,華星光,10,5,5,富邦-台東,2024-09-20,9608
8261,富鼎,5,0,5,富邦-台東,2024-09-20,9608
00713,元大台灣高息低波,4,0,4,富邦-台東,2024-09-20,9608
2349,錸德,2348,167,2181,富邦-台東,2024-09-23,9608
1532,勤美,60,0,60,富邦-台東,2024-09-23,9608
1721,三晃,76,27,49,富邦-台東,2024-09-23,9608
00688L,國泰20年美債正2,45,0,45,富邦-台東,2024-09-23,9608
00929,復華台灣科技優息,64,23,41,富邦-台東,2024-09-23,9608
00673R,期元大S＆P原油反1,40,0,40,富邦-台東,2024-09-23,9608
2834,臺企銀,40,0,40,富邦-台東,2024-09-23,9608
00687B,國泰20年美債,45,11,34,富邦-台東,2024-09-23,9608
00919,群益台灣精選高息,46,12,34,富邦-台東,2024-09-23,9608
3167,大量,32,0,32,富邦-台東,2024-09-23,9608
0056,元大高股息,23,0,23,富邦-台東,2024-09-23,9608
00674R,期元大S＆P黃金反1,20,0,20,富邦-台東,2024-09-23,9608
00885,富邦越南,20,0,20,富邦-台東,2024-09-23,9608
00664R,國泰臺灣加權反1,20,0,20,富邦-台東,2024-09-23,9608
8996,高力,20,0,20,富邦-台東,2024-09-23,9608
2880,華南金,20,3,17,富邦-台東,2024-09-23,9608
3363,上詮,76,59,17,富邦-台東,2024-09-23,9608
00937B,群益ESG投等債20,21,6,15,富邦-台東,2024-09-23,9608
2605,新興,20,5,15,富邦-台東,2024-09-23,9608
2481,強茂,16,2,14,富邦-台東,2024-09-23,9608
3550,聯穎,14,0,14,富邦-台東,2024-09-23,9608
2408,南亞科,14,1,13,富邦-台東,2024-09-23,9608
2542,興富發,13,1,12,富邦-台東,2024-09-23,9608
2354,鴻準,11,0,11,富邦-台東,2024-09-23,9608
00927,群益半導體收益,10,0,10,富邦-台東,2024-09-23,9608
6116,彩晶,10,0,10,富邦-台東,2024-09-23,9608
00640L,富邦日本正2,9,0,9,富邦-台東,2024-09-23,9608
00680L,元大美債20正2,8,0,8,富邦-台東,2024-09-23,9608
2425,承啟,15,7,8,富邦-台東,2024-09-23,9608
8927,北基,8,0,8,富邦-台東,2024-09-23,9608
5905,南仁湖,7,0,7,富邦-台東,2024-09-23,9608
00935,野村臺灣新科技50,10,3,7,富邦-台東,2024-09-23,9608
3062,建漢,13,7,6,富邦-台東,2024-09-23,9608
1717,長興,9,3,6,富邦-台東,2024-09-23,9608
2881,富邦金,6,0,6,富邦-台東,2024-09-23,9608
5234,達興材料,6,0,6,富邦-台東,2024-09-23,9608
2464,盟立,6,0,6,富邦-台東,2024-09-23,9608
4716,大立,14,8,6,富邦-台東,2024-09-23,9608
6706,惠特,5,0,5,富邦-台東,2024-09-23,9608
2382,廣達,5,0,5,富邦-台東,2024-09-23,9608
00943,兆豐電子高息等權,5,0,5,富邦-台東,2024-09-23,9608
00932,兆豐永續高息等權,5,0,5,富邦-台東,2024-09-23,9608
2337,旺宏,5,0,5,富邦-台東,2024-09-23,9608
2344,華邦電,5,0,5,富邦-台東,2024-09-23,9608
4555,氣立,5,0,5,富邦-台東,2024-09-23,9608
5309,系統電,5,0,5,富邦-台東,2024-09-23,9608
6186,新潤,5,0,5,富邦-台東,2024-09-23,9608
8033,雷虎,6,1,5,富邦-台東,2024-09-23,9608
00881,國泰台灣5G+,10,5,5,富邦-台東,2024-09-23,9608
4903,聯光通,5,0,5,富邦-台東,2024-09-23,9608
00679B,元大美債20年,97,0,97,富邦-台東,2024-09-24,9608
2888,新光金,100,6,94,富邦-台東,2024-09-24,9608
00929,復華台灣科技優息,55,1,54,富邦-台東,2024-09-24,9608
8255,朋程,50,2,48,富邦-台東,2024-09-24,9608
3715,定穎投控,50,16,34,富邦-台東,2024-09-24,9608
00674R,期元大S＆P黃金反1,30,0,30,富邦-台東,2024-09-24,9608
00932,兆豐永續高息等權,26,0,26,富邦-台東,2024-09-24,9608
6153,嘉聯益,26,0,26,富邦-台東,2024-09-24,9608
2939,永邑-KY,24,0,24,富邦-台東,2024-09-24,9608
00878,國泰永續高股息,20,0,20,富邦-台東,2024-09-24,9608
3086,華義,25,5,20,富邦-台東,2024-09-24,9608
00953B,群益優選非投等債,20,0,20,富邦-台東,2024-09-24,9608
3019,亞光,20,0,20,富邦-台東,2024-09-24,9608
00900,富邦特選高股息30,20,1,19,富邦-台東,2024-09-24,9608
00882,中信中國高股息,21,3,18,富邦-台東,2024-09-24,9608
3581,博磊,19,1,18,富邦-台東,2024-09-24,9608
1314,中石化,20,2,18,富邦-台東,2024-09-24,9608
2834,臺企銀,22,5,17,富邦-台東,2024-09-24,9608
2634,漢翔,15,0,15,富邦-台東,2024-09-24,9608
0056,元大高股息,14,0,14,富邦-台東,2024-09-24,9608
3149,正達,53,40,13,富邦-台東,2024-09-24,9608
00680L,元大美債20正2,13,0,13,富邦-台東,2024-09-24,9608
3362,先進光,12,0,12,富邦-台東,2024-09-24,9608
2382,廣達,13,1,12,富邦-台東,2024-09-24,9608
1524,耿鼎,12,0,12,富邦-台東,2024-09-24,9608
3167,大量,33,22,11,富邦-台東,2024-09-24,9608
5236,凌陽創新,11,0,11,富邦-台東,2024-09-24,9608
5483,中美晶,11,0,11,富邦-台東,2024-09-24,9608
4755,三福化,10,0,10,富邦-台東,2024-09-24,9608
00877,復華中國5G,10,0,10,富邦-台東,2024-09-24,9608
00942B,台新美A公司債20+,10,0,10,富邦-台東,2024-09-24,9608
1810,和成,10,0,10,富邦-台東,2024-09-24,9608
2363,矽統,10,0,10,富邦-台東,2024-09-24,9608
2606,裕民,10,0,10,富邦-台東,2024-09-24,9608
6598,ABC-KY,10,0,10,富邦-台東,2024-09-24,9608
9105,泰金寶-DR,10,0,10,富邦-台東,2024-09-24,9608
6446,藥華藥,10,1,9,富邦-台東,2024-09-24,9608
3564,其陽,9,0,9,富邦-台東,2024-09-24,9608
00857B,永豐20年美公債,9,0,9,富邦-台東,2024-09-24,9608
1785,光洋科,8,0,8,富邦-台東,2024-09-24,9608
2915,潤泰全,9,0,9,富邦-台東,2024-09-24,9608
2347,聯強,8,0,8,富邦-台東,2024-09-24,9608
3037,欣興,8,0,8,富邦-台東,2024-09-24,9608
3257,虹冠電,10,2,8,富邦-台東,2024-09-24,9608
3013,晟銘電,18,10,8,富邦-台東,2024-09-24,9608
2465,麗臺,7,0,7,富邦-台東,2024-09-24,9608
2641,正德,7,0,7,富邦-台東,2024-09-24,9608
4952,凌通,7,0,7,富邦-台東,2024-09-24,9608
2344,華邦電,7,0,7,富邦-台東,2024-09-24,9608
00935,野村臺灣新科技50,11,5,6,富邦-台東,2024-09-24,9608
5905,南仁湖,99,0,99,富邦-台東,2024-09-25,9608
00945B,凱基美國非投等債,66,0,66,富邦-台東,2024-09-25,9608
3062,建漢,63,0,63,富邦-台東,2024-09-25,9608
00905,FT臺灣Smart,60,0,60,富邦-台東,2024-09-25,9608
00679B,元大美債20年,46,2,44,富邦-台東,2024-09-25,9608
00687B,國泰20年美債,41,0,41,富邦-台東,2024-09-25,9608
00937B,群益ESG投等債20,31,1,30,富邦-台東,2024-09-25,9608
2542,興富發,31,3,28,富邦-台東,2024-09-25,9608
2312,金寶,29,2,27,富邦-台東,2024-09-25,9608
00878,國泰永續高股息,25,1,24,富邦-台東,2024-09-25,9608
2436,偉詮電,24,2,22,富邦-台東,2024-09-25,9608
5347,世界,20,0,20,富邦-台東,2024-09-25,9608
00894,中信小資高價30,20,0,20,富邦-台東,2024-09-25,9608
00935,野村臺灣新科技50,20,0,20,富邦-台東,2024-09-25,9608
2939,永邑-KY,20,0,20,富邦-台東,2024-09-25,9608
4534,慶騰,19,0,19,富邦-台東,2024-09-25,9608
00946,群益科技高息成長,20,3,17,富邦-台東,2024-09-25,9608
2888,新光金,23,6,17,富邦-台東,2024-09-25,9608
00673R,期元大S＆P原油反1,15,0,15,富邦-台東,2024-09-25,9608
00665L,富邦�琤肭磪囓�2,22,7,15,富邦-台東,2024-09-25,9608
00752,中信中國50,15,0,15,富邦-台東,2024-09-25,9608
00915,凱基優選高股息30,13,0,13,富邦-台東,2024-09-25,9608
2891,中信金,19,6,13,富邦-台東,2024-09-25,9608
00919,群益台灣精選高息,22,11,11,富邦-台東,2024-09-25,9608
00713,元大台灣高息低波,12,1,11,富邦-台東,2024-09-25,9608
2329,華泰,11,0,11,富邦-台東,2024-09-25,9608
3049,精金,10,0,10,富邦-台東,2024-09-25,9608
4526,東台,11,1,10,富邦-台東,2024-09-25,9608
6209,今國光,10,0,10,富邦-台東,2024-09-25,9608
00881,國泰台灣5G+,21,11,10,富邦-台東,2024-09-25,9608
2399,映泰,10,1,9,富邦-台東,2024-09-25,9608
2345,智邦,13,4,9,富邦-台東,2024-09-25,9608
00857B,永豐20年美公債,8,0,8,富邦-台東,2024-09-25,9608
6698,旭暉應材,8,0,8,富邦-台東,2024-09-25,9608
1815,富喬,7,0,7,富邦-台東,2024-09-25,9608
8070,長華*,13,6,7,富邦-台東,2024-09-25,9608
8105,凌巨,7,0,7,富邦-台東,2024-09-25,9608
8111,立��,7,0,7,富邦-台東,2024-09-25,9608
8937,合騏,7,0,7,富邦-台東,2024-09-25,9608
00706L,期元大S＆P日圓正2,7,1,6,富邦-台東,2024-09-25,9608
4770,上品,6,0,6,富邦-台東,2024-09-25,9608
6152,百一,6,0,6,富邦-台東,2024-09-25,9608
6706,惠特,7,1,6,富邦-台東,2024-09-25,9608
00664R,國泰臺灣加權反1,5,0,5,富邦-台東,2024-09-25,9608
00953B,群益優選非投等債,5,0,5,富邦-台東,2024-09-25,9608
1717,長興,5,0,5,富邦-台東,2024-09-25,9608
2017,官田鋼,5,0,5,富邦-台東,2024-09-25,9608
2022,聚亨,5,0,5,富邦-台東,2024-09-25,9608
2534,宏盛,5,0,5,富邦-台東,2024-09-25,9608
2606,裕民,5,0,5,富邦-台東,2024-09-25,9608
3041,揚智,1315,0,1315,富邦-台東,2024-09-26,9608
00929,復華台灣科技優息,102,27,75,富邦-台東,2024-09-26,9608
00952,凱基台灣AI50,82,10,72,富邦-台東,2024-09-26,9608
00687B,國泰20年美債,70,1,69,富邦-台東,2024-09-26,9608
00905,FT臺灣Smart,40,0,40,富邦-台東,2024-09-26,9608
3019,亞光,51,13,38,富邦-台東,2024-09-26,9608
00937B,群益ESG投等債20,88,52,36,富邦-台東,2024-09-26,9608
00679B,元大美債20年,58,23,35,富邦-台東,2024-09-26,9608
00680L,元大美債20正2,32,0,32,富邦-台東,2024-09-26,9608
3062,建漢,31,2,29,富邦-台東,2024-09-26,9608
00949,復華日本龍頭,35,6,29,富邦-台東,2024-09-26,9608
00933B,國泰10Y+金融債,26,0,26,富邦-台東,2024-09-26,9608
2312,金寶,24,2,22,富邦-台東,2024-09-26,9608
2415,錩新,20,0,20,富邦-台東,2024-09-26,9608
2449,京元電子,19,0,19,富邦-台東,2024-09-26,9608
00915,凱基優選高股息30,18,0,18,富邦-台東,2024-09-26,9608
00882,中信中國高股息,25,8,17,富邦-台東,2024-09-26,9608
00942B,台新美A公司債20+,17,0,17,富邦-台東,2024-09-26,9608
0056,元大高股息,16,0,16,富邦-台東,2024-09-26,9608
2939,永邑-KY,15,0,15,富邦-台東,2024-09-26,9608
8255,朋程,15,0,15,富邦-台東,2024-09-26,9608
00948B,中信優息投資級債,14,0,14,富邦-台東,2024-09-26,9608
1785,光洋科,14,0,14,富邦-台東,2024-09-26,9608
2349,錸德,16,2,14,富邦-台東,2024-09-26,9608
2436,偉詮電,30,16,14,富邦-台東,2024-09-26,9608
00960,野村全球航運龍頭,19,6,13,富邦-台東,2024-09-26,9608
6405,悅城,13,1,12,富邦-台東,2024-09-26,9608
1513,中興電,12,1,11,富邦-台東,2024-09-26,9608
00918,大華優利高填息30,13,2,11,富邦-台東,2024-09-26,9608
00751B,元大AAA至A公司債,11,0,11,富邦-台東,2024-09-26,9608
00706L,期元大S＆P日圓正2,11,0,11,富邦-台東,2024-09-26,9608
1569,濱川,11,0,11,富邦-台東,2024-09-26,9608
3535,晶彩科,13,2,11,富邦-台東,2024-09-26,9608
2542,興富發,10,0,10,富邦-台東,2024-09-26,9608
2515,中工,10,0,10,富邦-台東,2024-09-26,9608
00633L,富邦上証正2,10,0,10,富邦-台東,2024-09-26,9608
00688L,國泰20年美債正2,10,0,10,富邦-台東,2024-09-26,9608
2610,華航,10,0,10,富邦-台東,2024-09-26,9608
6152,百一,10,0,10,富邦-台東,2024-09-26,9608
9105,泰金寶-DR,10,0,10,富邦-台東,2024-09-26,9608
00957B,兆豐US優選投等債,8,0,8,富邦-台東,2024-09-26,9608
00927,群益半導體收益,8,0,8,富邦-台東,2024-09-26,9608
2317,鴻海,19,12,7,富邦-台東,2024-09-26,9608
2801,彰銀,7,0,7,富邦-台東,2024-09-26,9608
00932,兆豐永續高息等權,7,0,7,富邦-台東,2024-09-26,9608
6733,博晟生醫,7,0,7,富邦-台東,2024-09-26,9608
6763,綠界科技*,7,0,7,富邦-台東,2024-09-26,9608
6806,森崴能源,9,3,6,富邦-台東,2024-09-26,9608
00907,永豐優息存股,6,0,6,富邦-台東,2024-09-26,9608
00857B,永豐20年美公債,6,0,6,富邦-台東,2024-09-26,9608
00632R,元大台灣50反1,630,0,630,富邦-台東,2024-09-27,9608
00680L,元大美債20正2,200,3,197,富邦-台東,2024-09-27,9608
00687B,國泰20年美債,56,0,56,富邦-台東,2024-09-27,9608
8932,智通*,50,0,50,富邦-台東,2024-09-27,9608
8927,北基,48,1,47,富邦-台東,2024-09-27,9608
00688L,國泰20年美債正2,35,0,35,富邦-台東,2024-09-27,9608
00650L,復華香港正2,30,0,30,富邦-台東,2024-09-27,9608
00960,野村全球航運龍頭,30,1,29,富邦-台東,2024-09-27,9608
2609,陽明,63,40,23,富邦-台東,2024-09-27,9608
2929,淘帝-KY,27,5,22,富邦-台東,2024-09-27,9608
0056,元大高股息,21,0,21,富邦-台東,2024-09-27,9608
1532,勤美,20,0,20,富邦-台東,2024-09-27,9608
2537,聯上發,20,0,20,富邦-台東,2024-09-27,9608
00945B,凱基美國非投等債,19,0,19,富邦-台東,2024-09-27,9608
00882,中信中國高股息,31,14,17,富邦-台東,2024-09-27,9608
00715L,期街口布蘭特正2,17,0,17,富邦-台東,2024-09-27,9608
2939,永邑-KY,16,0,16,富邦-台東,2024-09-27,9608
3363,上詮,79,64,15,富邦-台東,2024-09-27,9608
1569,濱川,15,0,15,富邦-台東,2024-09-27,9608
00679B,元大美債20年,27,13,14,富邦-台東,2024-09-27,9608
2363,矽統,15,1,14,富邦-台東,2024-09-27,9608
2388,威盛,19,5,14,富邦-台東,2024-09-27,9608
2356,英業達,12,0,12,富邦-台東,2024-09-27,9608
3062,建漢,12,0,12,富邦-台東,2024-09-27,9608
1560,中砂,11,0,11,富邦-台東,2024-09-27,9608
6138,茂達,12,1,11,富邦-台東,2024-09-27,9608
1815,富喬,10,0,10,富邦-台東,2024-09-27,9608
2069,運錩,10,0,10,富邦-台東,2024-09-27,9608
2601,益航,10,0,10,富邦-台東,2024-09-27,9608
2617,台航,10,0,10,富邦-台東,2024-09-27,9608
3645,達邁,10,0,10,富邦-台東,2024-09-27,9608
3693,營邦,10,0,10,富邦-台東,2024-09-27,9608
4137,麗豐-KY,10,0,10,富邦-台東,2024-09-27,9608
2313,華通,9,0,9,富邦-台東,2024-09-27,9608
00931B,統一美債20年,9,0,9,富邦-台東,2024-09-27,9608
00937B,群益ESG投等債20,49,40,9,富邦-台東,2024-09-27,9608
2605,新興,16,7,9,富邦-台東,2024-09-27,9608
8150,南茂,9,0,9,富邦-台東,2024-09-27,9608
2303,聯電,11,3,8,富邦-台東,2024-09-27,9608
3149,正達,28,20,8,富邦-台東,2024-09-27,9608
00878,國泰永續高股息,11,3,8,富邦-台東,2024-09-27,9608
00642U,期元大S＆P石油,8,0,8,富邦-台東,2024-09-27,9608
00953B,群益優選非投等債,7,0,7,富邦-台東,2024-09-27,9608
00933B,國泰10Y+金融債,7,0,7,富邦-台東,2024-09-27,9608
00713,元大台灣高息低波,6,0,6,富邦-台東,2024-09-27,9608
2888,新光金,6,0,6,富邦-台東,2024-09-27,9608
00857B,永豐20年美公債,6,0,6,富邦-台東,2024-09-27,9608
00665L,富邦�琤肭磪囓�2,10,4,6,富邦-台東,2024-09-27,9608
1584,精剛,6,0,6,富邦-台東,2024-09-27,9608
4147,中裕,6,0,6,富邦-台東,2024-09-27,9608
2323,中環,100,0,100,富邦-台東,2024-09-30,9608
00940,元大台灣價值高息,118,25,93,富邦-台東,2024-09-30,9608
00753L,中信中國50正2,68,3,65,富邦-台東,2024-09-30,9608
00706L,期元大S＆P日圓正2,60,0,60,富邦-台東,2024-09-30,9608
00929,復華台灣科技優息,53,1,52,富邦-台東,2024-09-30,9608
8927,北基,46,0,46,富邦-台東,2024-09-30,9608
00919,群益台灣精選高息,49,4,45,富邦-台東,2024-09-30,9608
00952,凱基台灣AI50,42,0,42,富邦-台東,2024-09-30,9608
2609,陽明,39,3,36,富邦-台東,2024-09-30,9608
00937B,群益ESG投等債20,31,0,31,富邦-台東,2024-09-30,9608
00679B,元大美債20年,30,0,30,富邦-台東,2024-09-30,9608
2328,廣宇,30,0,30,富邦-台東,2024-09-30,9608
00946,群益科技高息成長,25,0,25,富邦-台東,2024-09-30,9608
0056,元大高股息,22,0,22,富邦-台東,2024-09-30,9608
00713,元大台灣高息低波,21,0,21,富邦-台東,2024-09-30,9608
00655L,國泰中國A50正2,20,0,20,富邦-台東,2024-09-30,9608
00633L,富邦上証正2,31,11,20,富邦-台東,2024-09-30,9608
00878,國泰永續高股息,20,1,19,富邦-台東,2024-09-30,9608
00932,兆豐永續高息等權,18,0,18,富邦-台東,2024-09-30,9608
00915,凱基優選高股息30,17,0,17,富邦-台東,2024-09-30,9608
2330,台積電,18,2,16,富邦-台東,2024-09-30,9608
2313,華通,18,2,16,富邦-台東,2024-09-30,9608
2637,慧洋-KY,21,5,16,富邦-台東,2024-09-30,9608
4510,高鋒,17,2,15,富邦-台東,2024-09-30,9608
2317,鴻海,18,3,15,富邦-台東,2024-09-30,9608
00927,群益半導體收益,15,0,15,富邦-台東,2024-09-30,9608
00881,國泰台灣5G+,13,0,13,富邦-台東,2024-09-30,9608
1609,大亞,13,1,12,富邦-台東,2024-09-30,9608
1727,中華化,11,0,11,富邦-台東,2024-09-30,9608
006208,富邦台50,11,0,11,富邦-台東,2024-09-30,9608
00943,兆豐電子高息等權,10,0,10,富邦-台東,2024-09-30,9608
912000,晨訊科-DR,10,0,10,富邦-台東,2024-09-30,9608
00650L,復華香港正2,13,5,8,富邦-台東,2024-09-30,9608
00665L,富邦�琤肭磪囓�2,15,7,8,富邦-台東,2024-09-30,9608
00944,野村趨勢動能高息,8,0,8,富邦-台東,2024-09-30,9608
8111,立��,13,5,8,富邦-台東,2024-09-30,9608
2303,聯電,10,3,7,富邦-台東,2024-09-30,9608
00877,復華中國5G,10,3,7,富邦-台東,2024-09-30,9608
2356,英業達,7,0,7,富邦-台東,2024-09-30,9608
2382,廣達,8,1,7,富邦-台東,2024-09-30,9608
8028,昇陽半導體,7,1,6,富邦-台東,2024-09-30,9608
0050,元大台灣50,6,0,6,富邦-台東,2024-09-30,9608
2388,威盛,11,5,6,富邦-台東,2024-09-30,9608
2605,新興,21,15,6,富邦-台東,2024-09-30,9608
8255,朋程,6,0,6,富邦-台東,2024-09-30,9608
2449,京元電子,6,1,5,富邦-台東,2024-09-30,9608
00687B,國泰20年美債,5,0,5,富邦-台東,2024-09-30,9608
00891,中信關鍵半導體,5,0,5,富邦-台東,2024-09-30,9608
00934,中信成長高股息,5,0,5,富邦-台東,2024-09-30,9608
00953B,群益優選非投等債,5,0,5,富邦-台東,2024-09-30,9608
00680L,元大美債20正2,408,0,408,富邦-台東,2024-10-01,9608
00753L,中信中國50正2,52,0,52,富邦-台東,2024-10-01,9608
0056,元大高股息,42,0,42,富邦-台東,2024-10-01,9608
8927,北基,44,2,42,富邦-台東,2024-10-01,9608
00929,復華台灣科技優息,40,0,40,富邦-台東,2024-10-01,9608
00915,凱基優選高股息30,33,1,32,富邦-台東,2024-10-01,9608
00937B,群益ESG投等債20,25,3,22,富邦-台東,2024-10-01,9608
00878,國泰永續高股息,20,1,19,富邦-台東,2024-10-01,9608
00632R,元大台灣50反1,15,0,15,富邦-台東,2024-10-01,9608
00706L,期元大S＆P日圓正2,15,0,15,富邦-台東,2024-10-01,9608
2609,陽明,32,17,15,富邦-台東,2024-10-01,9608
1785,光洋科,16,2,14,富邦-台東,2024-10-01,9608
1569,濱川,14,0,14,富邦-台東,2024-10-01,9608
2834,臺企銀,13,0,13,富邦-台東,2024-10-01,9608
00713,元大台灣高息低波,12,0,12,富邦-台東,2024-10-01,9608
00688L,國泰20年美債正2,12,0,12,富邦-台東,2024-10-01,9608
00919,群益台灣精選高息,11,0,11,富邦-台東,2024-10-01,9608
00902,中信電池及儲能,11,0,11,富邦-台東,2024-10-01,9608
1314,中石化,10,0,10,富邦-台東,2024-10-01,9608
00665L,富邦�琤肭磪囓�2,10,0,10,富邦-台東,2024-10-01,9608
00948B,中信優息投資級債,10,0,10,富邦-台東,2024-10-01,9608
2332,友訊,10,0,10,富邦-台東,2024-10-01,9608
2399,映泰,25,15,10,富邦-台東,2024-10-01,9608
2836,高雄銀,10,0,10,富邦-台東,2024-10-01,9608
4123,晟德,10,0,10,富邦-台東,2024-10-01,9608
4971,IET-KY,20,10,10,富邦-台東,2024-10-01,9608
00953B,群益優選非投等債,13,5,8,富邦-台東,2024-10-01,9608
2401,凌陽,8,0,8,富邦-台東,2024-10-01,9608
3363,上詮,23,15,8,富邦-台東,2024-10-01,9608
00927,群益半導體收益,10,3,7,富邦-台東,2024-10-01,9608
2014,中鴻,13,6,7,富邦-台東,2024-10-01,9608
2605,新興,7,0,7,富邦-台東,2024-10-01,9608
3450,聯鈞,18,11,7,富邦-台東,2024-10-01,9608
8150,南茂,7,0,7,富邦-台東,2024-10-01,9608
2327,國巨,6,0,6,富邦-台東,2024-10-01,9608
00679B,元大美債20年,8,3,5,富邦-台東,2024-10-01,9608
2889,國票金,5,0,5,富邦-台東,2024-10-01,9608
00922,國泰台灣領袖50,5,0,5,富邦-台東,2024-10-01,9608
00650L,復華香港正2,5,0,5,富邦-台東,2024-10-01,9608
2362,藍天,15,10,5,富邦-台東,2024-10-01,9608
2436,偉詮電,6,1,5,富邦-台東,2024-10-01,9608
2939,永邑-KY,5,0,5,富邦-台東,2024-10-01,9608
6405,悅城,5,0,5,富邦-台東,2024-10-01,9608
2330,台積電,7,2,5,富邦-台東,2024-10-01,9608
2615,萬海,15,11,4,富邦-台東,2024-10-01,9608
2929,淘帝-KY,4,0,4,富邦-台東,2024-10-01,9608
3027,盛達,5,1,4,富邦-台東,2024-10-01,9608
3149,正達,10,6,4,富邦-台東,2024-10-01,9608
4772,台特化,4,0,4,富邦-台東,2024-10-01,9608
5880,合庫金,5,1,4,富邦-台東,2024-10-01,9608
00680L,元大美債20正2,235,0,235,富邦-台東,2024-10-04,9608
00929,復華台灣科技優息,85,25,60,富邦-台東,2024-10-04,9608
00919,群益台灣精選高息,58,0,58,富邦-台東,2024-10-04,9608
8104,錸寶,58,4,54,富邦-台東,2024-10-04,9608
00878,國泰永續高股息,45,0,45,富邦-台東,2024-10-04,9608
00885,富邦越南,35,0,35,富邦-台東,2024-10-04,9608
00753L,中信中國50正2,40,5,35,富邦-台東,2024-10-04,9608
1314,中石化,42,10,32,富邦-台東,2024-10-04,9608
0056,元大高股息,32,0,32,富邦-台東,2024-10-04,9608
00688L,國泰20年美債正2,30,0,30,富邦-台東,2024-10-04,9608
2603,長榮,32,3,29,富邦-台東,2024-10-04,9608
2303,聯電,27,0,27,富邦-台東,2024-10-04,9608
2609,陽明,28,3,25,富邦-台東,2024-10-04,9608
2618,長榮航,27,2,25,富邦-台東,2024-10-04,9608
00633L,富邦上証正2,20,0,20,富邦-台東,2024-10-04,9608
00934,中信成長高股息,20,0,20,富邦-台東,2024-10-04,9608
00915,凱基優選高股息30,22,2,20,富邦-台東,2024-10-04,9608
00650L,復華香港正2,20,1,19,富邦-台東,2024-10-04,9608
2363,矽統,19,0,19,富邦-台東,2024-10-04,9608
00918,大華優利高填息30,16,0,16,富邦-台東,2024-10-04,9608
2610,華航,16,0,16,富邦-台東,2024-10-04,9608
1802,台玻,31,16,15,富邦-台東,2024-10-04,9608
5014,建錩,53,38,15,富邦-台東,2024-10-04,9608
2382,廣達,12,1,11,富邦-台東,2024-10-04,9608
00679B,元大美債20年,21,10,11,富邦-台東,2024-10-04,9608
6186,新潤,11,0,11,富邦-台東,2024-10-04,9608
00877,復華中國5G,10,0,10,富邦-台東,2024-10-04,9608
2332,友訊,10,0,10,富邦-台東,2024-10-04,9608
2845,遠東銀,10,0,10,富邦-台東,2024-10-04,9608
3033,威健,10,0,10,富邦-台東,2024-10-04,9608
3360,尚立,10,0,10,富邦-台東,2024-10-04,9608
4532,瑞智,10,0,10,富邦-台東,2024-10-04,9608
6923,中台,10,0,10,富邦-台東,2024-10-04,9608
8021,尖點,10,0,10,富邦-台東,2024-10-04,9608
2615,萬海,10,0,10,富邦-台東,2024-10-04,9608
00639,富邦深100,16,7,9,富邦-台東,2024-10-04,9608
00725B,國泰投資級公司債,8,0,8,富邦-台東,2024-10-04,9608
00706L,期元大S＆P日圓正2,8,0,8,富邦-台東,2024-10-04,9608
00960,野村全球航運龍頭,8,1,7,富邦-台東,2024-10-04,9608
00665L,富邦�琤肭磪囓�2,25,18,7,富邦-台東,2024-10-04,9608
00902,中信電池及儲能,10,3,7,富邦-台東,2024-10-04,9608
1611,中電,7,0,7,富邦-台東,2024-10-04,9608
2939,永邑-KY,8,1,7,富邦-台東,2024-10-04,9608
6188,廣明,8,1,7,富邦-台東,2024-10-04,9608
2365,昆盈,6,0,6,富邦-台東,2024-10-04,9608
3665,貿聯-KY,6,0,6,富邦-台東,2024-10-04,9608
2836,高雄銀,6,0,6,富邦-台東,2024-10-04,9608
4979,華星光,24,18,6,富邦-台東,2024-10-04,9608
5225,東科-KY,6,0,6,富邦-台東,2024-10-04,9608
2368,金像電,5,0,5,富邦-台東,2024-10-04,9608
6207,雷科,409,229,180,富邦-台東,2024-10-07,9608
1314,中石化,59,0,59,富邦-台東,2024-10-07,9608
00680L,元大美債20正2,59,0,59,富邦-台東,2024-10-07,9608
00929,復華台灣科技優息,158,106,52,富邦-台東,2024-10-07,9608
00887,永豐中國科技50大,52,2,50,富邦-台東,2024-10-07,9608
00706L,期元大S＆P日圓正2,45,0,45,富邦-台東,2024-10-07,9608
00919,群益台灣精選高息,51,16,35,富邦-台東,2024-10-07,9608
00922,國泰台灣領袖50,34,0,34,富邦-台東,2024-10-07,9608
8927,北基,32,0,32,富邦-台東,2024-10-07,9608
0056,元大高股息,24,0,24,富邦-台東,2024-10-07,9608
00753L,中信中國50正2,37,15,22,富邦-台東,2024-10-07,9608
2497,怡利電,22,1,21,富邦-台東,2024-10-07,9608
00665L,富邦�琤肭磪囓�2,21,0,21,富邦-台東,2024-10-07,9608
3231,緯創,21,0,21,富邦-台東,2024-10-07,9608
9105,泰金寶-DR,20,0,20,富邦-台東,2024-10-07,9608
6923,中台,20,0,20,富邦-台東,2024-10-07,9608
00915,凱基優選高股息30,17,0,17,富邦-台東,2024-10-07,9608
2316,楠梓電,23,6,17,富邦-台東,2024-10-07,9608
00927,群益半導體收益,14,0,14,富邦-台東,2024-10-07,9608
2515,中工,29,15,14,富邦-台東,2024-10-07,9608
3025,星通,17,3,14,富邦-台東,2024-10-07,9608
4903,聯光通,18,5,13,富邦-台東,2024-10-07,9608
6118,建達,12,0,12,富邦-台東,2024-10-07,9608
1569,濱川,12,0,12,富邦-台東,2024-10-07,9608
1301,台塑,11,0,11,富邦-台東,2024-10-07,9608
3189,景碩,11,0,11,富邦-台東,2024-10-07,9608
00952,凱基台灣AI50,10,0,10,富邦-台東,2024-10-07,9608
2017,官田鋼,10,0,10,富邦-台東,2024-10-07,9608
2038,海光,10,0,10,富邦-台東,2024-10-07,9608
2455,全新,10,0,10,富邦-台東,2024-10-07,9608
2511,太子,10,0,10,富邦-台東,2024-10-07,9608
4174,浩鼎,10,0,10,富邦-台東,2024-10-07,9608
5014,建錩,10,0,10,富邦-台東,2024-10-07,9608
3363,上詮,61,51,10,富邦-台東,2024-10-07,9608
2834,臺企銀,9,0,9,富邦-台東,2024-10-07,9608
2313,華通,20,11,9,富邦-台東,2024-10-07,9608
2388,威盛,8,0,8,富邦-台東,2024-10-07,9608
3013,晟銘電,9,1,8,富邦-台東,2024-10-07,9608
3715,定穎投控,13,5,8,富邦-台東,2024-10-07,9608
2317,鴻海,34,26,8,富邦-台東,2024-10-07,9608
00637L,元大滬深300正2,7,0,7,富邦-台東,2024-10-07,9608
2007,燁興,7,0,7,富邦-台東,2024-10-07,9608
6875,國邑*,7,0,7,富邦-台東,2024-10-07,9608
8111,立��,28,21,7,富邦-台東,2024-10-07,9608
3450,聯鈞,17,10,7,富邦-台東,2024-10-07,9608
00713,元大台灣高息低波,6,0,6,富邦-台東,2024-10-07,9608
00664R,國泰臺灣加權反1,6,0,6,富邦-台東,2024-10-07,9608
2405,輔信,7,1,6,富邦-台東,2024-10-07,9608
2605,新興,6,0,6,富邦-台東,2024-10-07,9608
2615,萬海,9,3,6,富邦-台東,2024-10-07,9608
2888,新光金,200,0,200,富邦-台東,2024-10-08,9608
00878,國泰永續高股息,136,1,135,富邦-台東,2024-10-08,9608
00680L,元大美債20正2,106,0,106,富邦-台東,2024-10-08,9608
0056,元大高股息,60,0,60,富邦-台東,2024-10-08,9608
00929,復華台灣科技優息,65,5,60,富邦-台東,2024-10-08,9608
2399,映泰,481,422,59,富邦-台東,2024-10-08,9608
00919,群益台灣精選高息,50,4,46,富邦-台東,2024-10-08,9608
00673R,期元大S＆P原油反1,43,0,43,富邦-台東,2024-10-08,9608
00882,中信中國高股息,93,54,39,富邦-台東,2024-10-08,9608
8927,北基,36,0,36,富邦-台東,2024-10-08,9608
00753L,中信中國50正2,78,44,34,富邦-台東,2024-10-08,9608
2316,楠梓電,33,0,33,富邦-台東,2024-10-08,9608
2834,臺企銀,28,0,28,富邦-台東,2024-10-08,9608
00638R,元大滬深300反1,25,0,25,富邦-台東,2024-10-08,9608
00640L,富邦日本正2,23,0,23,富邦-台東,2024-10-08,9608
00687B,國泰20年美債,20,0,20,富邦-台東,2024-10-08,9608
1314,中石化,28,10,18,富邦-台東,2024-10-08,9608
00907,永豐優息存股,17,0,17,富邦-台東,2024-10-08,9608
00665L,富邦�琤肭磪囓�2,76,61,15,富邦-台東,2024-10-08,9608
2515,中工,16,1,15,富邦-台東,2024-10-08,9608
2836,高雄銀,15,0,15,富邦-台東,2024-10-08,9608
1569,濱川,13,0,13,富邦-台東,2024-10-08,9608
1611,中電,13,0,13,富邦-台東,2024-10-08,9608
6405,悅城,13,0,13,富邦-台東,2024-10-08,9608
00946,群益科技高息成長,12,0,12,富邦-台東,2024-10-08,9608
5483,中美晶,11,0,11,富邦-台東,2024-10-08,9608
2409,友達,13,2,11,富邦-台東,2024-10-08,9608
5347,世界,12,1,11,富邦-台東,2024-10-08,9608
5230,雷笛克光學,11,1,10,富邦-台東,2024-10-08,9608
00656R,國泰中國A50反1,10,0,10,富邦-台東,2024-10-08,9608
00634R,富邦上証反1,10,0,10,富邦-台東,2024-10-08,9608
00887,永豐中國科技50大,15,5,10,富邦-台東,2024-10-08,9608
4174,浩鼎,12,2,10,富邦-台東,2024-10-08,9608
4414,如興,10,0,10,富邦-台東,2024-10-08,9608
3049,精金,20,11,9,富邦-台東,2024-10-08,9608
00912,中信臺灣智慧50,9,0,9,富邦-台東,2024-10-08,9608
00940,元大台灣價值高息,39,30,9,富邦-台東,2024-10-08,9608
9958,世紀鋼,9,0,9,富邦-台東,2024-10-08,9608
1702,南僑,10,2,8,富邦-台東,2024-10-08,9608
2038,海光,61,53,8,富邦-台東,2024-10-08,9608
2303,聯電,8,0,8,富邦-台東,2024-10-08,9608
3234,光環,10,2,8,富邦-台東,2024-10-08,9608
00922,國泰台灣領袖50,7,0,7,富邦-台東,2024-10-08,9608
3481,群創,8,1,7,富邦-台東,2024-10-08,9608
2881,富邦金,8,2,6,富邦-台東,2024-10-08,9608
00857B,永豐20年美公債,6,0,6,富邦-台東,2024-10-08,9608
2354,鴻準,8,2,6,富邦-台東,2024-10-08,9608
3704,合勤控,6,0,6,富邦-台東,2024-10-08,9608
2887,台新金,6,0,6,富邦-台東,2024-10-08,9608
4155,訊映,5,0,5,富邦-台東,2024-10-08,9608
3511,矽瑪,470,6,464,富邦-台東,2024-10-09,9608
2887,台新金,150,2,148,富邦-台東,2024-10-09,9608
1532,勤美,100,0,100,富邦-台東,2024-10-09,9608
00632R,元大台灣50反1,55,0,55,富邦-台東,2024-10-09,9608
3591,艾笛森,52,0,52,富邦-台東,2024-10-09,9608
3481,群創,51,1,50,富邦-台東,2024-10-09,9608
00753L,中信中國50正2,60,20,40,富邦-台東,2024-10-09,9608
00882,中信中國高股息,113,77,36,富邦-台東,2024-10-09,9608
00937B,群益ESG投等債20,38,3,35,富邦-台東,2024-10-09,9608
2313,華通,38,7,31,富邦-台東,2024-10-09,9608
00919,群益台灣精選高息,28,1,27,富邦-台東,2024-10-09,9608
1304,台聚,23,0,23,富邦-台東,2024-10-09,9608
00688L,國泰20年美債正2,21,0,21,富邦-台東,2024-10-09,9608
00680L,元大美債20正2,21,0,21,富邦-台東,2024-10-09,9608
00887,永豐中國科技50大,23,3,20,富邦-台東,2024-10-09,9608
4174,浩鼎,20,0,20,富邦-台東,2024-10-09,9608
2489,瑞軒,19,0,19,富邦-台東,2024-10-09,9608
00633L,富邦上証正2,16,0,16,富邦-台東,2024-10-09,9608
00673R,期元大S＆P原油反1,15,0,15,富邦-台東,2024-10-09,9608
1314,中石化,24,10,14,富邦-台東,2024-10-09,9608
2618,長榮航,17,3,14,富邦-台東,2024-10-09,9608
8927,北基,14,0,14,富邦-台東,2024-10-09,9608
00687B,國泰20年美債,28,16,12,富邦-台東,2024-10-09,9608
00665L,富邦�琤肭磪囓�2,13,1,12,富邦-台東,2024-10-09,9608
1316,上曜,14,2,12,富邦-台東,2024-10-09,9608
2344,華邦電,11,0,11,富邦-台東,2024-10-09,9608
5443,均豪,11,0,11,富邦-台東,2024-10-09,9608
8163,達方,10,0,10,富邦-台東,2024-10-09,9608
00922,國泰台灣領袖50,10,0,10,富邦-台東,2024-10-09,9608
00650L,復華香港正2,10,0,10,富邦-台東,2024-10-09,9608
00634R,富邦上証反1,10,0,10,富邦-台東,2024-10-09,9608
2038,海光,10,0,10,富邦-台東,2024-10-09,9608
2436,偉詮電,10,0,10,富邦-台東,2024-10-09,9608
2455,全新,10,0,10,富邦-台東,2024-10-09,9608
6152,百一,10,0,10,富邦-台東,2024-10-09,9608
6770,力積電,10,0,10,富邦-台東,2024-10-09,9608
2332,友訊,10,0,10,富邦-台東,2024-10-09,9608
0056,元大高股息,11,2,9,富邦-台東,2024-10-09,9608
8028,昇陽半導體,14,5,9,富邦-台東,2024-10-09,9608
1717,長興,8,0,8,富邦-台東,2024-10-09,9608
00915,凱基優選高股息30,8,0,8,富邦-台東,2024-10-09,9608
00637L,元大滬深300正2,21,13,8,富邦-台東,2024-10-09,9608
2363,矽統,37,30,7,富邦-台東,2024-10-09,9608
6806,森崴能源,7,0,7,富邦-台東,2024-10-09,9608
00720B,元大投資級公司債,7,0,7,富邦-台東,2024-10-09,9608
2399,映泰,40,33,7,富邦-台東,2024-10-09,9608
2812,台中銀,7,0,7,富邦-台東,2024-10-09,9608
9955,佳龍,10,3,7,富邦-台東,2024-10-09,9608
3044,健鼎,6,0,6,富邦-台東,2024-10-09,9608
2486,一詮,11,5,6,富邦-台東,2024-10-09,9608
2883,凱基金,251,7,244,富邦-台東,2024-10-11,9608
8927,北基,113,0,113,富邦-台東,2024-10-11,9608
00922,國泰台灣領袖50,40,0,40,富邦-台東,2024-10-11,9608
2388,威盛,29,0,29,富邦-台東,2024-10-11,9608
00632R,元大台灣50反1,27,0,27,富邦-台東,2024-10-11,9608
00688L,國泰20年美債正2,25,0,25,富邦-台東,2024-10-11,9608
00687B,國泰20年美債,23,1,22,富邦-台東,2024-10-11,9608
00877,復華中國5G,20,0,20,富邦-台東,2024-10-11,9608
4123,晟德,20,0,20,富邦-台東,2024-10-11,9608
4903,聯光通,39,19,20,富邦-台東,2024-10-11,9608
6116,彩晶,20,0,20,富邦-台東,2024-10-11,9608
2344,華邦電,19,0,19,富邦-台東,2024-10-11,9608
00679B,元大美債20年,24,7,17,富邦-台東,2024-10-11,9608
4174,浩鼎,17,0,17,富邦-台東,2024-10-11,9608
2867,三商壽,16,0,16,富邦-台東,2024-10-11,9608
00919,群益台灣精選高息,30,17,13,富邦-台東,2024-10-11,9608
1785,光洋科,17,4,13,富邦-台東,2024-10-11,9608
2038,海光,13,0,13,富邦-台東,2024-10-11,9608
2363,矽統,17,4,13,富邦-台東,2024-10-11,9608
00680L,元大美債20正2,12,0,12,富邦-台東,2024-10-11,9608
00637L,元大滬深300正2,17,6,11,富邦-台東,2024-10-11,9608
00633L,富邦上証正2,11,0,11,富邦-台東,2024-10-11,9608
00931B,統一美債20年,11,0,11,富邦-台東,2024-10-11,9608
2367,燿華,11,0,11,富邦-台東,2024-10-11,9608
3481,群創,12,1,11,富邦-台東,2024-10-11,9608
2317,鴻海,30,20,10,富邦-台東,2024-10-11,9608
1314,中石化,10,0,10,富邦-台東,2024-10-11,9608
2069,運錩,10,0,10,富邦-台東,2024-10-11,9608
3615,安可,18,8,10,富邦-台東,2024-10-11,9608
00753L,中信中國50正2,10,1,9,富邦-台東,2024-10-11,9608
00943,兆豐電子高息等權,10,2,8,富邦-台東,2024-10-11,9608
2349,錸德,8,0,8,富邦-台東,2024-10-11,9608
2356,英業達,23,15,8,富邦-台東,2024-10-11,9608
00720B,元大投資級公司債,7,0,7,富邦-台東,2024-10-11,9608
1569,濱川,7,0,7,富邦-台東,2024-10-11,9608
3689,湧德,8,1,7,富邦-台東,2024-10-11,9608
00751B,元大AAA至A公司債,6,0,6,富邦-台東,2024-10-11,9608
2027,大成鋼,6,0,6,富邦-台東,2024-10-11,9608
3013,晟銘電,7,1,6,富邦-台東,2024-10-11,9608
3049,精金,11,5,6,富邦-台東,2024-10-11,9608
5289,宜鼎,6,0,6,富邦-台東,2024-10-11,9608
8011,台通,9,3,6,富邦-台東,2024-10-11,9608
2449,京元電子,55,50,5,富邦-台東,2024-10-11,9608
6742,澤米,5,0,5,富邦-台東,2024-10-11,9608
5438,東友,5,0,5,富邦-台東,2024-10-11,9608
00887,永豐中國科技50大,5,0,5,富邦-台東,2024-10-11,9608
00923,群益台ESG低碳50,5,0,5,富邦-台東,2024-10-11,9608
3031,佰鴻,5,0,5,富邦-台東,2024-10-11,9608
3147,大綜,5,0,5,富邦-台東,2024-10-11,9608
3354,律勝,5,0,5,富邦-台東,2024-10-11,9608
00887,永豐中國科技50大,60,0,60,富邦-台東,2024-10-14,9608
00673R,期元大S＆P原油反1,49,0,49,富邦-台東,2024-10-14,9608
00679B,元大美債20年,49,1,48,富邦-台東,2024-10-14,9608
00687B,國泰20年美債,68,24,44,富邦-台東,2024-10-14,9608
00919,群益台灣精選高息,46,4,42,富邦-台東,2024-10-14,9608
2426,鼎元,45,4,41,富邦-台東,2024-10-14,9608
2634,漢翔,41,0,41,富邦-台東,2024-10-14,9608
00680L,元大美債20正2,40,0,40,富邦-台東,2024-10-14,9608
00937B,群益ESG投等債20,40,0,40,富邦-台東,2024-10-14,9608
8927,北基,37,0,37,富邦-台東,2024-10-14,9608
2312,金寶,59,22,37,富邦-台東,2024-10-14,9608
2002,中鋼,38,3,35,富邦-台東,2024-10-14,9608
0056,元大高股息,34,7,27,富邦-台東,2024-10-14,9608
1718,中纖,20,0,20,富邦-台東,2024-10-14,9608
3481,群創,20,0,20,富邦-台東,2024-10-14,9608
2356,英業達,20,2,18,富邦-台東,2024-10-14,9608
1314,中石化,16,0,16,富邦-台東,2024-10-14,9608
00688L,國泰20年美債正2,21,5,16,富邦-台東,2024-10-14,9608
00878,國泰永續高股息,22,7,15,富邦-台東,2024-10-14,9608
2409,友達,17,2,15,富邦-台東,2024-10-14,9608
2344,華邦電,14,1,13,富邦-台東,2024-10-14,9608
2497,怡利電,11,0,11,富邦-台東,2024-10-14,9608
00918,大華優利高填息30,10,0,10,富邦-台東,2024-10-14,9608
1467,南緯,10,0,10,富邦-台東,2024-10-14,9608
2939,永邑-KY,10,0,10,富邦-台東,2024-10-14,9608
3455,由田,10,0,10,富邦-台東,2024-10-14,9608
4123,晟德,10,0,10,富邦-台東,2024-10-14,9608
6016,康和證,10,0,10,富邦-台東,2024-10-14,9608
8176,智捷,10,0,10,富邦-台東,2024-10-14,9608
00725B,國泰投資級公司債,9,0,9,富邦-台東,2024-10-14,9608
2388,威盛,12,4,8,富邦-台東,2024-10-14,9608
2618,長榮航,8,0,8,富邦-台東,2024-10-14,9608
8011,台通,16,8,8,富邦-台東,2024-10-14,9608
1569,濱川,7,0,7,富邦-台東,2024-10-14,9608
5230,雷笛克光學,10,3,7,富邦-台東,2024-10-14,9608
6854,錼創科技-KY創,7,0,7,富邦-台東,2024-10-14,9608
4174,浩鼎,6,0,6,富邦-台東,2024-10-14,9608
4563,百德,6,0,6,富邦-台東,2024-10-14,9608
00795B,中信美國公債20年,5,0,5,富邦-台東,2024-10-14,9608
2368,金像電,5,0,5,富邦-台東,2024-10-14,9608
00877,復華中國5G,5,0,5,富邦-台東,2024-10-14,9608
2017,官田鋼,5,0,5,富邦-台東,2024-10-14,9608
2399,映泰,37,32,5,富邦-台東,2024-10-14,9608
2889,國票金,5,0,5,富邦-台東,2024-10-14,9608
2913,農林,5,0,5,富邦-台東,2024-10-14,9608
3056,富華新,5,0,5,富邦-台東,2024-10-14,9608
6152,百一,5,0,5,富邦-台東,2024-10-14,9608
6841,長佳智能,5,0,5,富邦-台東,2024-10-14,9608
6869,雲豹能源,6,1,5,富邦-台東,2024-10-14,9608
2834,臺企銀,11,6,5,富邦-台東,2024-10-14,9608
1569,濱川,71,0,71,富邦-台東,2024-10-15,9608
4956,光鋐,64,29,35,富邦-台東,2024-10-15,9608
00680L,元大美債20正2,27,0,27,富邦-台東,2024-10-15,9608
00715L,期街口布蘭特正2,25,0,25,富邦-台東,2024-10-15,9608
00665L,富邦�琤肭磪囓�2,21,0,21,富邦-台東,2024-10-15,9608
00640L,富邦日本正2,20,0,20,富邦-台東,2024-10-15,9608
1312,國喬,20,0,20,富邦-台東,2024-10-15,9608
2939,永邑-KY,20,0,20,富邦-台東,2024-10-15,9608
8105,凌巨,20,0,20,富邦-台東,2024-10-15,9608
1314,中石化,35,16,19,富邦-台東,2024-10-15,9608
00919,群益台灣精選高息,20,4,16,富邦-台東,2024-10-15,9608
8927,北基,15,0,15,富邦-台東,2024-10-15,9608
00922,國泰台灣領袖50,59,46,13,富邦-台東,2024-10-15,9608
2388,威盛,14,1,13,富邦-台東,2024-10-15,9608
2409,友達,15,2,13,富邦-台東,2024-10-15,9608
00713,元大台灣高息低波,12,0,12,富邦-台東,2024-10-15,9608
3049,精金,12,0,12,富邦-台東,2024-10-15,9608
2101,南港,11,0,11,富邦-台東,2024-10-15,9608
2497,怡利電,11,1,10,富邦-台東,2024-10-15,9608
00637L,元大滬深300正2,35,25,10,富邦-台東,2024-10-15,9608
00961,FT臺灣永續高息,10,0,10,富邦-台東,2024-10-15,9608
1309,台達化,10,0,10,富邦-台東,2024-10-15,9608
3037,欣興,22,12,10,富邦-台東,2024-10-15,9608
6438,迅得,10,0,10,富邦-台東,2024-10-15,9608
2515,中工,8,0,8,富邦-台東,2024-10-15,9608
2399,映泰,13,6,7,富邦-台東,2024-10-15,9608
4977,眾達-KY,10,3,7,富邦-台東,2024-10-15,9608
4979,華星光,18,12,6,富邦-台東,2024-10-15,9608
00932,兆豐永續高息等權,6,0,6,富邦-台東,2024-10-15,9608
2421,建準,6,0,6,富邦-台東,2024-10-15,9608
3013,晟銘電,9,3,6,富邦-台東,2024-10-15,9608
3041,揚智,6,0,6,富邦-台東,2024-10-15,9608
4934,太極,6,0,6,富邦-台東,2024-10-15,9608
2313,華通,7,1,6,富邦-台東,2024-10-15,9608
2464,盟立,7,2,5,富邦-台東,2024-10-15,9608
6830,汎銓,14,9,5,富邦-台東,2024-10-15,9608
1734,杏輝,5,0,5,富邦-台東,2024-10-15,9608
2609,陽明,8,3,5,富邦-台東,2024-10-15,9608
3591,艾笛森,5,0,5,富邦-台東,2024-10-15,9608
3715,定穎投控,6,1,5,富邦-台東,2024-10-15,9608
5210,寶碩,5,0,5,富邦-台東,2024-10-15,9608
6462,神盾,7,2,5,富邦-台東,2024-10-15,9608
6526,達發,5,0,5,富邦-台東,2024-10-15,9608
6854,錼創科技-KY創,5,0,5,富邦-台東,2024-10-15,9608
8255,朋程,5,0,5,富邦-台東,2024-10-15,9608
00927,群益半導體收益,5,0,5,富邦-台東,2024-10-15,9608
5443,均豪,8,4,4,富邦-台東,2024-10-15,9608
2002,中鋼,10,6,4,富邦-台東,2024-10-15,9608
00885,富邦越南,4,0,4,富邦-台東,2024-10-15,9608
00642U,期元大S＆P石油,5,1,4,富邦-台東,2024-10-15,9608
00919,群益台灣精選高息,77,3,74,富邦-台東,2024-10-16,9608
0056,元大高股息,70,0,70,富邦-台東,2024-10-16,9608
4123,晟德,50,0,50,富邦-台東,2024-10-16,9608
2365,昆盈,55,12,43,富邦-台東,2024-10-16,9608
00637L,元大滬深300正2,61,20,41,富邦-台東,2024-10-16,9608
2371,大同,35,0,35,富邦-台東,2024-10-16,9608
00922,國泰台灣領袖50,33,0,33,富邦-台東,2024-10-16,9608
1569,濱川,30,0,30,富邦-台東,2024-10-16,9608
00753L,中信中國50正2,30,1,29,富邦-台東,2024-10-16,9608
00878,國泰永續高股息,28,0,28,富邦-台東,2024-10-16,9608
3047,訊舟,27,1,26,富邦-台東,2024-10-16,9608
2939,永邑-KY,25,0,25,富邦-台東,2024-10-16,9608
00937B,群益ESG投等債20,27,5,22,富邦-台東,2024-10-16,9608
00857B,永豐20年美公債,20,0,20,富邦-台東,2024-10-16,9608
00960,野村全球航運龍頭,20,0,20,富邦-台東,2024-10-16,9608
8064,東捷,20,0,20,富邦-台東,2024-10-16,9608
5880,合庫金,14,0,14,富邦-台東,2024-10-16,9608
00679B,元大美債20年,19,5,14,富邦-台東,2024-10-16,9608
00713,元大台灣高息低波,14,0,14,富邦-台東,2024-10-16,9608
6770,力積電,13,0,13,富邦-台東,2024-10-16,9608
2344,華邦電,12,0,12,富邦-台東,2024-10-16,9608
2101,南港,11,0,11,富邦-台東,2024-10-16,9608
2049,上銀,10,0,10,富邦-台東,2024-10-16,9608
00692,富邦公司治理,10,0,10,富邦-台東,2024-10-16,9608
3049,精金,10,0,10,富邦-台東,2024-10-16,9608
4716,大立,11,1,10,富邦-台東,2024-10-16,9608
4906,正文,10,0,10,富邦-台東,2024-10-16,9608
5347,世界,10,0,10,富邦-台東,2024-10-16,9608
4729,熒茂,10,0,10,富邦-台東,2024-10-16,9608
2891,中信金,11,3,8,富邦-台東,2024-10-16,9608
2421,建準,15,7,8,富邦-台東,2024-10-16,9608
2356,英業達,11,4,7,富邦-台東,2024-10-16,9608
2834,臺企銀,7,0,7,富邦-台東,2024-10-16,9608
6207,雷科,8,1,7,富邦-台東,2024-10-16,9608
3163,波若威,6,0,6,富邦-台東,2024-10-16,9608
00944,野村趨勢動能高息,6,0,6,富邦-台東,2024-10-16,9608
2014,中鴻,10,4,6,富邦-台東,2024-10-16,9608
8097,常珵,8,2,6,富邦-台東,2024-10-16,9608
8927,北基,6,0,6,富邦-台東,2024-10-16,9608
2330,台積電,11,6,5,富邦-台東,2024-10-16,9608
00640L,富邦日本正2,5,0,5,富邦-台東,2024-10-16,9608
00923,群益台ESG低碳50,5,0,5,富邦-台東,2024-10-16,9608
2316,楠梓電,5,0,5,富邦-台東,2024-10-16,9608
6530,創威,11,6,5,富邦-台東,2024-10-16,9608
6535,順藥,5,0,5,富邦-台東,2024-10-16,9608
6689,伊雲谷,5,0,5,富邦-台東,2024-10-16,9608
9945,潤泰新,5,0,5,富邦-台東,2024-10-16,9608
2382,廣達,10,5,5,富邦-台東,2024-10-16,9608
5452,佶優,36,31,5,富邦-台東,2024-10-16,9608
00907,永豐優息存股,4,0,4,富邦-台東,2024-10-16,9608
2374,佳能,1623,8,1615,富邦-台東,2024-10-17,9608
2883,凱基金,76,4,72,富邦-台東,2024-10-17,9608
3714,富采,60,0,60,富邦-台東,2024-10-17,9608
1532,勤美,50,0,50,富邦-台東,2024-10-17,9608
00753L,中信中國50正2,56,11,45,富邦-台東,2024-10-17,9608
3062,建漢,46,8,38,富邦-台東,2024-10-17,9608
2399,映泰,89,54,35,富邦-台東,2024-10-17,9608
00927,群益半導體收益,31,0,31,富邦-台東,2024-10-17,9608
1314,中石化,30,3,27,富邦-台東,2024-10-17,9608
6658,聯策,33,7,26,富邦-台東,2024-10-17,9608
2537,聯上發,25,0,25,富邦-台東,2024-10-17,9608
00933B,國泰10Y+金融債,21,0,21,富邦-台東,2024-10-17,9608
006208,富邦台50,21,0,21,富邦-台東,2024-10-17,9608
00680L,元大美債20正2,20,0,20,富邦-台東,2024-10-17,9608
00959B,大華投等美債15Y+,19,0,19,富邦-台東,2024-10-17,9608
6125,廣運,22,5,17,富邦-台東,2024-10-17,9608
4956,光鋐,23,6,17,富邦-台東,2024-10-17,9608
6134,萬旭,12,0,12,富邦-台東,2024-10-17,9608
3149,正達,13,1,12,富邦-台東,2024-10-17,9608
4909,新復興,12,0,12,富邦-台東,2024-10-17,9608
3498,陽程,14,3,11,富邦-台東,2024-10-17,9608
00878,國泰永續高股息,11,0,11,富邦-台東,2024-10-17,9608
2486,一詮,11,0,11,富邦-台東,2024-10-17,9608
2889,國票金,11,0,11,富邦-台東,2024-10-17,9608
2376,技嘉,11,1,10,富邦-台東,2024-10-17,9608
00885,富邦越南,10,0,10,富邦-台東,2024-10-17,9608
1569,濱川,10,0,10,富邦-台東,2024-10-17,9608
2388,威盛,10,0,10,富邦-台東,2024-10-17,9608
2606,裕民,10,0,10,富邦-台東,2024-10-17,9608
2885,元大金,20,10,10,富邦-台東,2024-10-17,9608
3380,明泰,10,0,10,富邦-台東,2024-10-17,9608
5880,合庫金,10,0,10,富邦-台東,2024-10-17,9608
6026,福邦證,10,0,10,富邦-台東,2024-10-17,9608
3325,旭品,9,0,9,富邦-台東,2024-10-17,9608
6763,綠界科技*,15,6,9,富邦-台東,2024-10-17,9608
2330,台積電,11,3,8,富邦-台東,2024-10-17,9608
6742,澤米,17,9,8,富邦-台東,2024-10-17,9608
8176,智捷,8,0,8,富邦-台東,2024-10-17,9608
00720B,元大投資級公司債,7,0,7,富邦-台東,2024-10-17,9608
2303,聯電,7,0,7,富邦-台東,2024-10-17,9608
3037,欣興,12,5,7,富邦-台東,2024-10-17,9608
3312,弘憶股,7,0,7,富邦-台東,2024-10-17,9608
2421,建準,11,5,6,富邦-台東,2024-10-17,9608
00679B,元大美債20年,8,2,6,富邦-台東,2024-10-17,9608
3624,光頡,6,0,6,富邦-台東,2024-10-17,9608
1536,和大,5,0,5,富邦-台東,2024-10-17,9608
00665L,富邦�琤肭磪囓�2,5,0,5,富邦-台東,2024-10-17,9608
00912,中信臺灣智慧50,5,0,5,富邦-台東,2024-10-17,9608
3167,大量,5,0,5,富邦-台東,2024-10-17,9608
6016,康和證,5,0,5,富邦-台東,2024-10-17,9608
00937B,群益ESG投等債20,113,0,113,富邦-台東,2024-10-18,9608
00948B,中信優息投資級債,105,10,95,富邦-台東,2024-10-18,9608
1532,勤美,80,0,80,富邦-台東,2024-10-18,9608
2867,三商壽,120,51,69,富邦-台東,2024-10-18,9608
00918,大華優利高填息30,73,9,64,富邦-台東,2024-10-18,9608
00927,群益半導體收益,43,1,42,富邦-台東,2024-10-18,9608
1314,中石化,41,0,41,富邦-台東,2024-10-18,9608
00715L,期街口布蘭特正2,40,0,40,富邦-台東,2024-10-18,9608
00679B,元大美債20年,39,0,39,富邦-台東,2024-10-18,9608
00887,永豐中國科技50大,35,0,35,富邦-台東,2024-10-18,9608
2939,永邑-KY,40,5,35,富邦-台東,2024-10-18,9608
00674R,期元大S＆P黃金反1,32,0,32,富邦-台東,2024-10-18,9608
2303,聯電,29,0,29,富邦-台東,2024-10-18,9608
3062,建漢,30,5,25,富邦-台東,2024-10-18,9608
00650L,復華香港正2,23,0,23,富邦-台東,2024-10-18,9608
6274,台燿,45,22,23,富邦-台東,2024-10-18,9608
00753L,中信中國50正2,43,22,21,富邦-台東,2024-10-18,9608
00639,富邦深100,20,0,20,富邦-台東,2024-10-18,9608
8064,東捷,39,19,20,富邦-台東,2024-10-18,9608
5347,世界,19,0,19,富邦-台東,2024-10-18,9608
1540,喬福,30,11,19,富邦-台東,2024-10-18,9608
2890,永豐金,15,0,15,富邦-台東,2024-10-18,9608
00687B,國泰20年美債,36,22,14,富邦-台東,2024-10-18,9608
3231,緯創,15,1,14,富邦-台東,2024-10-18,9608
2367,燿華,14,0,14,富邦-台東,2024-10-18,9608
4510,高鋒,27,14,13,富邦-台東,2024-10-18,9608
6282,康舒,12,0,12,富邦-台東,2024-10-18,9608
2449,京元電子,16,5,11,富邦-台東,2024-10-18,9608
00680L,元大美債20正2,11,0,11,富邦-台東,2024-10-18,9608
3498,陽程,15,4,11,富邦-台東,2024-10-18,9608
5880,合庫金,15,4,11,富邦-台東,2024-10-18,9608
8111,立��,11,0,11,富邦-台東,2024-10-18,9608
3374,精材,11,1,10,富邦-台東,2024-10-18,9608
00664R,國泰臺灣加權反1,10,0,10,富邦-台東,2024-10-18,9608
00946,群益科技高息成長,10,0,10,富邦-台東,2024-10-18,9608
2038,海光,10,0,10,富邦-台東,2024-10-18,9608
2344,華邦電,10,0,10,富邦-台東,2024-10-18,9608
2482,連宇,10,0,10,富邦-台東,2024-10-18,9608
3581,博磊,21,11,10,富邦-台東,2024-10-18,9608
6854,錼創科技-KY創,10,0,10,富邦-台東,2024-10-18,9608
8028,昇陽半導體,17,7,10,富邦-台東,2024-10-18,9608
3551,世禾,10,1,9,富邦-台東,2024-10-18,9608
6763,綠界科技*,12,3,9,富邦-台東,2024-10-18,9608
2317,鴻海,25,16,9,富邦-台東,2024-10-18,9608
3037,欣興,18,10,8,富邦-台東,2024-10-18,9608
6213,聯茂,12,4,8,富邦-台東,2024-10-18,9608
4542,科嶠,7,0,7,富邦-台東,2024-10-18,9608
00795B,中信美國公債20年,6,0,6,富邦-台東,2024-10-18,9608
00676R,富邦臺灣加權反1,6,0,6,富邦-台東,2024-10-18,9608
4566,時碩工業,8,2,6,富邦-台東,2024-10-18,9608
00937B,群益ESG投等債20,85,0,85,富邦-台東,2024-10-21,9608
00753L,中信中國50正2,45,0,45,富邦-台東,2024-10-21,9608
3714,富采,41,0,41,富邦-台東,2024-10-21,9608
00679B,元大美債20年,39,5,34,富邦-台東,2024-10-21,9608
2891,中信金,32,0,32,富邦-台東,2024-10-21,9608
00639,富邦深100,32,0,32,富邦-台東,2024-10-21,9608
00674R,期元大S＆P黃金反1,32,0,32,富邦-台東,2024-10-21,9608
9105,泰金寶-DR,30,0,30,富邦-台東,2024-10-21,9608
00650L,復華香港正2,30,0,30,富邦-台東,2024-10-21,9608
00929,復華台灣科技優息,83,54,29,富邦-台東,2024-10-21,9608
00715L,期街口布蘭特正2,25,0,25,富邦-台東,2024-10-21,9608
00948B,中信優息投資級債,25,0,25,富邦-台東,2024-10-21,9608
3011,今皓,33,8,25,富邦-台東,2024-10-21,9608
00945B,凱基美國非投等債,22,0,22,富邦-台東,2024-10-21,9608
00877,復華中國5G,20,0,20,富邦-台東,2024-10-21,9608
3025,星通,21,1,20,富邦-台東,2024-10-21,9608
4580,捷流閥業,20,0,20,富邦-台東,2024-10-21,9608
00687B,國泰20年美債,20,2,18,富邦-台東,2024-10-21,9608
2888,新光金,20,2,18,富邦-台東,2024-10-21,9608
2939,永邑-KY,17,0,17,富邦-台東,2024-10-21,9608
4123,晟德,17,0,17,富邦-台東,2024-10-21,9608
2834,臺企銀,13,0,13,富邦-台東,2024-10-21,9608
6763,綠界科技*,14,1,13,富邦-台東,2024-10-21,9608
5392,能率,12,0,12,富邦-台東,2024-10-21,9608
00713,元大台灣高息低波,11,0,11,富邦-台東,2024-10-21,9608
00725B,國泰投資級公司債,11,0,11,富邦-台東,2024-10-21,9608
2419,仲琦,11,0,11,富邦-台東,2024-10-21,9608
4916,事欣科,11,0,11,富邦-台東,2024-10-21,9608
00783,富邦中証500,10,0,10,富邦-台東,2024-10-21,9608
00902,中信電池及儲能,10,0,10,富邦-台東,2024-10-21,9608
2481,強茂,10,0,10,富邦-台東,2024-10-21,9608
6005,群益證,10,0,10,富邦-台東,2024-10-21,9608
6526,達發,10,1,9,富邦-台東,2024-10-21,9608
2101,南港,8,0,8,富邦-台東,2024-10-21,9608
3607,谷崧,9,1,8,富邦-台東,2024-10-21,9608
3711,日月光投控,9,1,8,富邦-台東,2024-10-21,9608
3689,湧德,7,0,7,富邦-台東,2024-10-21,9608
6937,天虹,10,3,7,富邦-台東,2024-10-21,9608
3231,緯創,6,0,6,富邦-台東,2024-10-21,9608
00901,永豐智能車供應鏈,6,0,6,富邦-台東,2024-10-21,9608
1540,喬福,5,0,5,富邦-台東,2024-10-21,9608
00665L,富邦�琤肭磪囓�2,15,10,5,富邦-台東,2024-10-21,9608
00923,群益台ESG低碳50,5,0,5,富邦-台東,2024-10-21,9608
00953B,群益優選非投等債,5,0,5,富邦-台東,2024-10-21,9608
2208,台船,5,0,5,富邦-台東,2024-10-21,9608
2836,高雄銀,5,0,5,富邦-台東,2024-10-21,9608
4707,磐亞,5,0,5,富邦-台東,2024-10-21,9608
6695,芯鼎,5,0,5,富邦-台東,2024-10-21,9608
2881,富邦金,5,0,5,富邦-台東,2024-10-21,9608
2353,宏��,5,1,4,富邦-台東,2024-10-21,9608
00937B,群益ESG投等債20,191,35,156,富邦-台東,2024-10-22,9608
00687B,國泰20年美債,143,14,129,富邦-台東,2024-10-22,9608
00680L,元大美債20正2,56,0,56,富邦-台東,2024-10-22,9608
00948B,中信優息投資級債,39,0,39,富邦-台東,2024-10-22,9608
3049,精金,50,15,35,富邦-台東,2024-10-22,9608
00679B,元大美債20年,55,20,35,富邦-台東,2024-10-22,9608
4123,晟德,33,0,33,富邦-台東,2024-10-22,9608
4729,熒茂,39,8,31,富邦-台東,2024-10-22,9608
00887,永豐中國科技50大,29,0,29,富邦-台東,2024-10-22,9608
00905,FT臺灣Smart,27,0,27,富邦-台東,2024-10-22,9608
5452,佶優,31,4,27,富邦-台東,2024-10-22,9608
3189,景碩,36,14,22,富邦-台東,2024-10-22,9608
00690,兆豐藍籌30,21,0,21,富邦-台東,2024-10-22,9608
2002,中鋼,20,0,20,富邦-台東,2024-10-22,9608
00757,統一FANG+,20,0,20,富邦-台東,2024-10-22,9608
2399,映泰,28,11,17,富邦-台東,2024-10-22,9608
00725B,國泰投資級公司債,16,0,16,富邦-台東,2024-10-22,9608
00720B,元大投資級公司債,15,0,15,富邦-台東,2024-10-22,9608
6134,萬旭,15,0,15,富邦-台東,2024-10-22,9608
3276,宇環,12,0,12,富邦-台東,2024-10-22,9608
00922,國泰台灣領袖50,11,0,11,富邦-台東,2024-10-22,9608
6405,悅城,14,3,11,富邦-台東,2024-10-22,9608
00692,富邦公司治理,10,0,10,富邦-台東,2024-10-22,9608
00877,復華中國5G,10,0,10,富邦-台東,2024-10-22,9608
1609,大亞,10,0,10,富邦-台東,2024-10-22,9608
1806,冠軍,10,0,10,富邦-台東,2024-10-22,9608
2524,京城,10,0,10,富邦-台東,2024-10-22,9608
2615,萬海,23,14,9,富邦-台東,2024-10-22,9608
0056,元大高股息,8,0,8,富邦-台東,2024-10-22,9608
8054,安國,12,4,8,富邦-台東,2024-10-22,9608
00772B,中信高評級公司債,7,0,7,富邦-台東,2024-10-22,9608
00959B,大華投等美債15Y+,7,0,7,富邦-台東,2024-10-22,9608
2388,威盛,8,1,7,富邦-台東,2024-10-22,9608
3290,東浦,7,1,6,富邦-台東,2024-10-22,9608
4566,時碩工業,6,0,6,富邦-台東,2024-10-22,9608
00901,永豐智能車供應鏈,6,0,6,富邦-台東,2024-10-22,9608
00631L,元大台灣50正2,6,0,6,富邦-台東,2024-10-22,9608
1595,川寶,13,7,6,富邦-台東,2024-10-22,9608
2356,英業達,17,11,6,富邦-台東,2024-10-22,9608
00919,群益台灣精選高息,27,21,6,富邦-台東,2024-10-22,9608
00688L,國泰20年美債正2,5,0,5,富邦-台東,2024-10-22,9608
00941,中信上游半導體,5,0,5,富邦-台東,2024-10-22,9608
1781,合世,5,0,5,富邦-台東,2024-10-22,9608
2498,宏達電,5,0,5,富邦-台東,2024-10-22,9608
2845,遠東銀,5,0,5,富邦-台東,2024-10-22,9608
2889,國票金,5,0,5,富邦-台東,2024-10-22,9608
2330,台積電,6,2,4,富邦-台東,2024-10-22,9608
00753L,中信中國50正2,11,7,4,富邦-台東,2024-10-22,9608
00751B,元大AAA至A公司債,4,0,4,富邦-台東,2024-10-22,9608
00933B,國泰10Y+金融債,4,0,4,富邦-台東,2024-10-22,9608
00948B,中信優息投資級債,506,1,505,富邦-台東,2024-10-23,9608
1595,川寶,165,1,164,富邦-台東,2024-10-23,9608
00637L,元大滬深300正2,252,90,162,富邦-台東,2024-10-23,9608
00937B,群益ESG投等債20,99,20,79,富邦-台東,2024-10-23,9608
3481,群創,97,34,63,富邦-台東,2024-10-23,9608
00959B,大華投等美債15Y+,55,0,55,富邦-台東,2024-10-23,9608
00706L,期元大S＆P日圓正2,48,0,48,富邦-台東,2024-10-23,9608
1569,濱川,50,2,48,富邦-台東,2024-10-23,9608
00688L,國泰20年美債正2,41,0,41,富邦-台東,2024-10-23,9608
6405,悅城,36,3,33,富邦-台東,2024-10-23,9608
2834,臺企銀,29,0,29,富邦-台東,2024-10-23,9608
00950B,凱基A級公司債,20,0,20,富邦-台東,2024-10-23,9608
00680L,元大美債20正2,20,0,20,富邦-台東,2024-10-23,9608
1710,東聯,20,0,20,富邦-台東,2024-10-23,9608
2453,凌群,40,20,20,富邦-台東,2024-10-23,9608
8076,伍豐,20,0,20,富邦-台東,2024-10-23,9608
9105,泰金寶-DR,20,0,20,富邦-台東,2024-10-23,9608
0056,元大高股息,18,1,17,富邦-台東,2024-10-23,9608
00713,元大台灣高息低波,16,0,16,富邦-台東,2024-10-23,9608
4729,熒茂,14,0,14,富邦-台東,2024-10-23,9608
00679B,元大美債20年,16,3,13,富邦-台東,2024-10-23,9608
1528,恩德,32,19,13,富邦-台東,2024-10-23,9608
00878,國泰永續高股息,14,2,12,富邦-台東,2024-10-23,9608
2890,永豐金,12,0,12,富邦-台東,2024-10-23,9608
00665L,富邦�琤肭磪囓�2,16,5,11,富邦-台東,2024-10-23,9608
00900,富邦特選高股息30,11,0,11,富邦-台東,2024-10-23,9608
2344,華邦電,13,2,11,富邦-台東,2024-10-23,9608
00927,群益半導體收益,10,0,10,富邦-台東,2024-10-23,9608
00881,國泰台灣5G+,10,0,10,富邦-台東,2024-10-23,9608
00725B,國泰投資級公司債,10,0,10,富邦-台東,2024-10-23,9608
1314,中石化,10,0,10,富邦-台東,2024-10-23,9608
2069,運錩,10,0,10,富邦-台東,2024-10-23,9608
2314,台揚,10,0,10,富邦-台東,2024-10-23,9608
2369,菱生,12,2,10,富邦-台東,2024-10-23,9608
2601,益航,10,0,10,富邦-台東,2024-10-23,9608
4958,臻鼎-KY,10,0,10,富邦-台東,2024-10-23,9608
8110,華東,10,0,10,富邦-台東,2024-10-23,9608
2939,永邑-KY,9,0,9,富邦-台東,2024-10-23,9608
6462,神盾,9,0,9,富邦-台東,2024-10-23,9608
2891,中信金,8,0,8,富邦-台東,2024-10-23,9608
2362,藍天,8,0,8,富邦-台東,2024-10-23,9608
6423,億而得-創,8,0,8,富邦-台東,2024-10-23,9608
6530,創威,8,0,8,富邦-台東,2024-10-23,9608
6151,晉倫,29,22,7,富邦-台東,2024-10-23,9608
6120,達運,9,2,7,富邦-台東,2024-10-23,9608
6505,台塑化,7,0,7,富邦-台東,2024-10-23,9608
3711,日月光投控,7,0,7,富邦-台東,2024-10-23,9608
00712,復華富時不動產,6,0,6,富邦-台東,2024-10-23,9608
00905,FT臺灣Smart,6,0,6,富邦-台東,2024-10-23,9608
1326,台化,6,0,6,富邦-台東,2024-10-23,9608
1595,川寶,300,138,162,富邦-台東,2024-10-24,9608
4562,穎漢,160,1,159,富邦-台東,2024-10-24,9608
00878,國泰永續高股息,108,5,103,富邦-台東,2024-10-24,9608
00937B,群益ESG投等債20,65,5,60,富邦-台東,2024-10-24,9608
3481,群創,57,3,54,富邦-台東,2024-10-24,9608
00712,復華富時不動產,31,0,31,富邦-台東,2024-10-24,9608
1528,恩德,63,36,27,富邦-台東,2024-10-24,9608
2303,聯電,29,2,27,富邦-台東,2024-10-24,9608
00915,凱基優選高股息30,30,4,26,富邦-台東,2024-10-24,9608
2834,臺企銀,23,3,20,富邦-台東,2024-10-24,9608
2939,永邑-KY,20,0,20,富邦-台東,2024-10-24,9608
2399,映泰,21,3,18,富邦-台東,2024-10-24,9608
00922,國泰台灣領袖50,18,1,17,富邦-台東,2024-10-24,9608
0056,元大高股息,16,1,15,富邦-台東,2024-10-24,9608
00882,中信中國高股息,15,0,15,富邦-台東,2024-10-24,9608
6854,錼創科技-KY創,20,5,15,富邦-台東,2024-10-24,9608
6405,悅城,17,4,13,富邦-台東,2024-10-24,9608
2317,鴻海,28,15,13,富邦-台東,2024-10-24,9608
2464,盟立,12,0,12,富邦-台東,2024-10-24,9608
2486,一詮,12,0,12,富邦-台東,2024-10-24,9608
2543,皇昌,11,0,11,富邦-台東,2024-10-24,9608
5234,達興材料,11,0,11,富邦-台東,2024-10-24,9608
00893,國泰智能電動車,11,0,11,富邦-台東,2024-10-24,9608
00960,野村全球航運龍頭,11,0,11,富邦-台東,2024-10-24,9608
1721,三晃,21,10,11,富邦-台東,2024-10-24,9608
00665L,富邦�琤肭磪囓�2,20,10,10,富邦-台東,2024-10-24,9608
00633L,富邦上証正2,10,0,10,富邦-台東,2024-10-24,9608
1806,冠軍,10,0,10,富邦-台東,2024-10-24,9608
2328,廣宇,10,0,10,富邦-台東,2024-10-24,9608
2890,永豐金,10,0,10,富邦-台東,2024-10-24,9608
2467,志聖,9,0,9,富邦-台東,2024-10-24,9608
2002,中鋼,9,0,9,富邦-台東,2024-10-24,9608
2388,威盛,11,2,9,富邦-台東,2024-10-24,9608
6763,綠界科技*,10,2,8,富邦-台東,2024-10-24,9608
6005,群益證,8,0,8,富邦-台東,2024-10-24,9608
3037,欣興,9,2,7,富邦-台東,2024-10-24,9608
3580,友威科,8,1,7,富邦-台東,2024-10-24,9608
3029,零壹,11,4,7,富邦-台東,2024-10-24,9608
00725B,國泰投資級公司債,6,0,6,富邦-台東,2024-10-24,9608
3167,大量,9,3,6,富邦-台東,2024-10-24,9608
2891,中信金,8,2,6,富邦-台東,2024-10-24,9608
2327,國巨,6,0,6,富邦-台東,2024-10-24,9608
1709,和益,6,0,6,富邦-台東,2024-10-24,9608
2312,金寶,21,15,6,富邦-台東,2024-10-24,9608
2883,凱基金,6,0,6,富邦-台東,2024-10-24,9608
3450,聯鈞,8,3,5,富邦-台東,2024-10-24,9608
00901,永豐智能車供應鏈,5,0,5,富邦-台東,2024-10-24,9608
00650L,復華香港正2,10,5,5,富邦-台東,2024-10-24,9608
00706L,期元大S＆P日圓正2,5,0,5,富邦-台東,2024-10-24,9608
2061,風青,5,0,5,富邦-台東,2024-10-24,9608
2646,星宇航空,301,35,266,富邦-台東,2024-10-25,9608
00957B,兆豐US優選投等債,195,0,195,富邦-台東,2024-10-25,9608
00680L,元大美債20正2,109,0,109,富邦-台東,2024-10-25,9608
00959B,大華投等美債15Y+,71,0,71,富邦-台東,2024-10-25,9608
4123,晟德,60,0,60,富邦-台東,2024-10-25,9608
00915,凱基優選高股息30,50,0,50,富邦-台東,2024-10-25,9608
2939,永邑-KY,27,0,27,富邦-台東,2024-10-25,9608
00713,元大台灣高息低波,24,0,24,富邦-台東,2024-10-25,9608
00887,永豐中國科技50大,22,1,21,富邦-台東,2024-10-25,9608
2495,普安,453,433,20,富邦-台東,2024-10-25,9608
6534,正瀚-創,20,0,20,富邦-台東,2024-10-25,9608
00895,富邦未來車,18,2,16,富邦-台東,2024-10-25,9608
2891,中信金,21,6,15,富邦-台東,2024-10-25,9608
00857B,永豐20年美公債,15,0,15,富邦-台東,2024-10-25,9608
3715,定穎投控,13,0,13,富邦-台東,2024-10-25,9608
00933B,國泰10Y+金融債,10,0,10,富邦-台東,2024-10-25,9608
2489,瑞軒,10,0,10,富邦-台東,2024-10-25,9608
00878,國泰永續高股息,12,3,9,富邦-台東,2024-10-25,9608
2303,聯電,12,3,9,富邦-台東,2024-10-25,9608
00948B,中信優息投資級債,9,0,9,富邦-台東,2024-10-25,9608
1528,恩德,33,25,8,富邦-台東,2024-10-25,9608
2392,正崴,7,0,7,富邦-台東,2024-10-25,9608
6405,悅城,12,5,7,富邦-台東,2024-10-25,9608
0056,元大高股息,6,0,6,富邦-台東,2024-10-25,9608
2314,台揚,6,0,6,富邦-台東,2024-10-25,9608
6151,晉倫,6,0,6,富邦-台東,2024-10-25,9608
6902,GOGOLOOK-創,6,0,6,富邦-台東,2024-10-25,9608
1307,三芳,7,1,6,富邦-台東,2024-10-25,9608
00795B,中信美國公債20年,5,0,5,富邦-台東,2024-10-25,9608
3017,奇鋐,6,1,5,富邦-台東,2024-10-25,9608
00927,群益半導體收益,5,0,5,富邦-台東,2024-10-25,9608
00712,復華富時不動產,5,0,5,富邦-台東,2024-10-25,9608
1710,東聯,5,0,5,富邦-台東,2024-10-25,9608
2369,菱生,5,0,5,富邦-台東,2024-10-25,9608
3033,威健,5,0,5,富邦-台東,2024-10-25,9608
5014,建錩,5,0,5,富邦-台東,2024-10-25,9608
6423,億而得-創,5,0,5,富邦-台東,2024-10-25,9608
8064,東捷,9,4,5,富邦-台東,2024-10-25,9608
8932,智通*,5,0,5,富邦-台東,2024-10-25,9608
2345,智邦,5,0,5,富邦-台東,2024-10-25,9608
6416,瑞祺電通,4,0,4,富邦-台東,2024-10-25,9608
6742,澤米,4,0,4,富邦-台東,2024-10-25,9608
00715L,期街口布蘭特正2,4,0,4,富邦-台東,2024-10-25,9608
1815,富喬,4,0,4,富邦-台東,2024-10-25,9608
2883,凱基金,4,0,4,富邦-台東,2024-10-25,9608
3189,景碩,5,1,4,富邦-台東,2024-10-25,9608
4916,事欣科,4,0,4,富邦-台東,2024-10-25,9608
4958,臻鼎-KY,4,0,4,富邦-台東,2024-10-25,9608
6968,萬達寵物,4,0,4,富邦-台東,2024-10-25,9608
2027,大成鋼,3,0,3,富邦-台東,2024-10-25,9608
2646,星宇航空,271,15,256,富邦-台東,2024-10-28,9608
00937B,群益ESG投等債20,211,0,211,富邦-台東,2024-10-28,9608
00680L,元大美債20正2,73,0,73,富邦-台東,2024-10-28,9608
4123,晟德,50,0,50,富邦-台東,2024-10-28,9608
00679B,元大美債20年,49,0,49,富邦-台東,2024-10-28,9608
00715L,期街口布蘭特正2,32,0,32,富邦-台東,2024-10-28,9608
2399,映泰,31,0,31,富邦-台東,2024-10-28,9608
00632R,元大台灣50反1,30,0,30,富邦-台東,2024-10-28,9608
6859,伯特光,31,2,29,富邦-台東,2024-10-28,9608
00959B,大華投等美債15Y+,28,0,28,富邦-台東,2024-10-28,9608
00687B,國泰20年美債,33,10,23,富邦-台東,2024-10-28,9608
2201,裕隆,20,1,19,富邦-台東,2024-10-28,9608
2302,麗正,25,9,16,富邦-台東,2024-10-28,9608
2537,聯上發,16,0,16,富邦-台東,2024-10-28,9608
00887,永豐中國科技50大,15,0,15,富邦-台東,2024-10-28,9608
1609,大亞,25,10,15,富邦-台東,2024-10-28,9608
2354,鴻準,27,14,13,富邦-台東,2024-10-28,9608
00712,復華富時不動產,12,0,12,富邦-台東,2024-10-28,9608
0056,元大高股息,17,5,12,富邦-台東,2024-10-28,9608
00918,大華優利高填息30,11,0,11,富邦-台東,2024-10-28,9608
00688L,國泰20年美債正2,11,0,11,富邦-台東,2024-10-28,9608
6274,台燿,11,0,11,富邦-台東,2024-10-28,9608
6770,力積電,11,0,11,富邦-台東,2024-10-28,9608
4707,磐亞,11,0,11,富邦-台東,2024-10-28,9608
3363,上詮,12,2,10,富邦-台東,2024-10-28,9608
5386,青雲,11,1,10,富邦-台東,2024-10-28,9608
00753L,中信中國50正2,10,0,10,富邦-台東,2024-10-28,9608
00650L,復華香港正2,10,0,10,富邦-台東,2024-10-28,9608
2481,強茂,10,0,10,富邦-台東,2024-10-28,9608
6288,聯嘉,828,818,10,富邦-台東,2024-10-28,9608
2303,聯電,14,5,9,富邦-台東,2024-10-28,9608
8176,智捷,9,0,9,富邦-台東,2024-10-28,9608
3231,緯創,13,5,8,富邦-台東,2024-10-28,9608
006208,富邦台50,8,0,8,富邦-台東,2024-10-28,9608
2543,皇昌,8,0,8,富邦-台東,2024-10-28,9608
00751B,元大AAA至A公司債,11,3,8,富邦-台東,2024-10-28,9608
3354,律勝,9,1,8,富邦-台東,2024-10-28,9608
00722B,群益投資級電信債,7,0,7,富邦-台東,2024-10-28,9608
2392,正崴,7,0,7,富邦-台東,2024-10-28,9608
00915,凱基優選高股息30,10,4,6,富邦-台東,2024-10-28,9608
00665L,富邦�琤肭磪囓�2,16,10,6,富邦-台東,2024-10-28,9608
3004,豐達科,6,0,6,富邦-台東,2024-10-28,9608
5511,德昌,6,0,6,富邦-台東,2024-10-28,9608
6706,惠特,7,1,6,富邦-台東,2024-10-28,9608
2486,一詮,8,3,5,富邦-台東,2024-10-28,9608
00885,富邦越南,5,0,5,富邦-台東,2024-10-28,9608
00725B,國泰投資級公司債,5,0,5,富邦-台東,2024-10-28,9608
00706L,期元大S＆P日圓正2,5,0,5,富邦-台東,2024-10-28,9608
00642U,期元大S＆P石油,5,0,5,富邦-台東,2024-10-28,9608
2038,海光,8,3,5,富邦-台東,2024-10-28,9608
4142,國光生,50,0,50,富邦-台東,2024-10-29,9608
00715L,期街口布蘭特正2,45,0,45,富邦-台東,2024-10-29,9608
00929,復華台灣科技優息,52,12,40,富邦-台東,2024-10-29,9608
00878,國泰永續高股息,40,0,40,富邦-台東,2024-10-29,9608
0056,元大高股息,40,2,38,富邦-台東,2024-10-29,9608
00922,國泰台灣領袖50,40,4,36,富邦-台東,2024-10-29,9608
8176,智捷,39,5,34,富邦-台東,2024-10-29,9608
00945B,凱基美國非投等債,33,0,33,富邦-台東,2024-10-29,9608
4123,晟德,30,0,30,富邦-台東,2024-10-29,9608
00919,群益台灣精選高息,43,16,27,富邦-台東,2024-10-29,9608
2303,聯電,42,17,25,富邦-台東,2024-10-29,9608
2317,鴻海,37,14,23,富邦-台東,2024-10-29,9608
00712,復華富時不動產,23,0,23,富邦-台東,2024-10-29,9608
2939,永邑-KY,21,0,21,富邦-台東,2024-10-29,9608
2002,中鋼,20,0,20,富邦-台東,2024-10-29,9608
00916,國泰全球品牌50,20,0,20,富邦-台東,2024-10-29,9608
00923,群益台ESG低碳50,19,3,16,富邦-台東,2024-10-29,9608
1605,華新,15,0,15,富邦-台東,2024-10-29,9608
1314,中石化,14,0,14,富邦-台東,2024-10-29,9608
0050,元大台灣50,14,1,13,富邦-台東,2024-10-29,9608
3321,同泰,12,0,12,富邦-台東,2024-10-29,9608
8111,立��,12,1,11,富邦-台東,2024-10-29,9608
3481,群創,13,3,10,富邦-台東,2024-10-29,9608
00902,中信電池及儲能,10,0,10,富邦-台東,2024-10-29,9608
00946,群益科技高息成長,18,8,10,富邦-台東,2024-10-29,9608
2889,國票金,10,0,10,富邦-台東,2024-10-29,9608
5603,陸海,9,0,9,富邦-台東,2024-10-29,9608
6235,華孚,9,0,9,富邦-台東,2024-10-29,9608
00952,凱基台灣AI50,11,3,8,富邦-台東,2024-10-29,9608
8107,大億金茂,28,20,8,富邦-台東,2024-10-29,9608
00940,元大台灣價值高息,8,0,8,富邦-台東,2024-10-29,9608
2412,中華電,7,0,7,富邦-台東,2024-10-29,9608
2038,海光,7,0,7,富邦-台東,2024-10-29,9608
2330,台積電,10,3,7,富邦-台東,2024-10-29,9608
00937B,群益ESG投等債20,6,0,6,富邦-台東,2024-10-29,9608
3044,健鼎,6,0,6,富邦-台東,2024-10-29,9608
4951,精拓科,6,0,6,富邦-台東,2024-10-29,9608
006208,富邦台50,6,0,6,富邦-台東,2024-10-29,9608
2929,淘帝-KY,5,0,5,富邦-台東,2024-10-29,9608
00932,兆豐永續高息等權,5,0,5,富邦-台東,2024-10-29,9608
00757,統一FANG+,5,0,5,富邦-台東,2024-10-29,9608
00687B,國泰20年美債,9,4,5,富邦-台東,2024-10-29,9608
00680L,元大美債20正2,5,0,5,富邦-台東,2024-10-29,9608
1326,台化,5,0,5,富邦-台東,2024-10-29,9608
1611,中電,5,0,5,富邦-台東,2024-10-29,9608
2363,矽統,7,2,5,富邦-台東,2024-10-29,9608
2404,漢唐,5,0,5,富邦-台東,2024-10-29,9608
3322,建舜電,5,0,5,富邦-台東,2024-10-29,9608
3406,玉晶光,5,0,5,富邦-台東,2024-10-29,9608
4526,東台,6,1,5,富邦-台東,2024-10-29,9608
2344,華邦電,61,0,61,富邦-台東,2024-10-30,9608
00940,元大台灣價值高息,55,7,48,富邦-台東,2024-10-30,9608
00929,復華台灣科技優息,47,0,47,富邦-台東,2024-10-30,9608
2939,永邑-KY,35,0,35,富邦-台東,2024-10-30,9608
3481,群創,41,10,31,富邦-台東,2024-10-30,9608
00946,群益科技高息成長,28,0,28,富邦-台東,2024-10-30,9608
00919,群益台灣精選高息,29,2,27,富邦-台東,2024-10-30,9608
3686,達能,25,0,25,富邦-台東,2024-10-30,9608
2303,聯電,23,1,22,富邦-台東,2024-10-30,9608
6859,伯特光,25,3,22,富邦-台東,2024-10-30,9608
00887,永豐中國科技50大,27,6,21,富邦-台東,2024-10-30,9608
00712,復華富時不動產,20,0,20,富邦-台東,2024-10-30,9608
00878,國泰永續高股息,20,1,19,富邦-台東,2024-10-30,9608
0056,元大高股息,20,2,18,富邦-台東,2024-10-30,9608
00665L,富邦�琤肭磪囓�2,25,10,15,富邦-台東,2024-10-30,9608
00753L,中信中國50正2,20,5,15,富邦-台東,2024-10-30,9608
2002,中鋼,16,1,15,富邦-台東,2024-10-30,9608
2353,宏��,15,0,15,富邦-台東,2024-10-30,9608
2038,海光,12,0,12,富邦-台東,2024-10-30,9608
2399,映泰,20,8,12,富邦-台東,2024-10-30,9608
00679B,元大美債20年,10,0,10,富邦-台東,2024-10-30,9608
1464,得力,10,0,10,富邦-台東,2024-10-30,9608
00632R,元大台灣50反1,10,0,10,富邦-台東,2024-10-30,9608
2851,中再保,10,0,10,富邦-台東,2024-10-30,9608
3605,宏致,8,0,8,富邦-台東,2024-10-30,9608
00715L,期街口布蘭特正2,14,6,8,富邦-台東,2024-10-30,9608
00650L,復華香港正2,13,5,8,富邦-台東,2024-10-30,9608
2356,英業達,10,2,8,富邦-台東,2024-10-30,9608
8429,金麗-KY,8,0,8,富邦-台東,2024-10-30,9608
00959B,大華投等美債15Y+,7,0,7,富邦-台東,2024-10-30,9608
00895,富邦未來車,6,0,6,富邦-台東,2024-10-30,9608
5603,陸海,6,0,6,富邦-台東,2024-10-30,9608
6152,百一,6,0,6,富邦-台東,2024-10-30,9608
1595,川寶,6,0,6,富邦-台東,2024-10-30,9608
0050,元大台灣50,5,0,5,富邦-台東,2024-10-30,9608
00642U,期元大S＆P石油,5,0,5,富邦-台東,2024-10-30,9608
00932,兆豐永續高息等權,5,0,5,富邦-台東,2024-10-30,9608
1611,中電,5,0,5,富邦-台東,2024-10-30,9608
1721,三晃,5,0,5,富邦-台東,2024-10-30,9608
2369,菱生,5,0,5,富邦-台東,2024-10-30,9608
2472,立隆電,5,0,5,富邦-台東,2024-10-30,9608
3264,欣銓,5,0,5,富邦-台東,2024-10-30,9608
4919,新唐,10,5,5,富邦-台東,2024-10-30,9608
00915,凱基優選高股息30,4,0,4,富邦-台東,2024-10-30,9608
1815,富喬,4,0,4,富邦-台東,2024-10-30,9608
2345,智邦,4,0,4,富邦-台東,2024-10-30,9608
2425,承啟,14,10,4,富邦-台東,2024-10-30,9608
2646,星宇航空,110,106,4,富邦-台東,2024-10-30,9608
2834,臺企銀,14,10,4,富邦-台東,2024-10-30,9608
3033,威健,4,0,4,富邦-台東,2024-10-30,9608
6134,萬旭,1540,3,1537,富邦-台東,2024-11-01,9608
5426,振發,1510,392,1118,富邦-台東,2024-11-01,9608
1307,三芳,1202,206,996,富邦-台東,2024-11-01,9608
00931B,統一美債20年,200,0,200,富邦-台東,2024-11-01,9608
00878,國泰永續高股息,146,15,131,富邦-台東,2024-11-01,9608
00940,元大台灣價值高息,73,1,72,富邦-台東,2024-11-01,9608
2883,凱基金,66,0,66,富邦-台東,2024-11-01,9608
2317,鴻海,55,18,37,富邦-台東,2024-11-01,9608
2303,聯電,37,0,37,富邦-台東,2024-11-01,9608
2409,友達,30,0,30,富邦-台東,2024-11-01,9608
2399,映泰,31,6,25,富邦-台東,2024-11-01,9608
00918,大華優利高填息30,22,0,22,富邦-台東,2024-11-01,9608
0056,元大高股息,23,3,20,富邦-台東,2024-11-01,9608
6859,伯特光,18,0,18,富邦-台東,2024-11-01,9608
3060,銘異,23,5,18,富邦-台東,2024-11-01,9608
00959B,大華投等美債15Y+,15,0,15,富邦-台東,2024-11-01,9608
5880,合庫金,14,0,14,富邦-台東,2024-11-01,9608
2834,臺企銀,13,0,13,富邦-台東,2024-11-01,9608
00757,統一FANG+,12,0,12,富邦-台東,2024-11-01,9608
00713,元大台灣高息低波,12,0,12,富邦-台東,2024-11-01,9608
00919,群益台灣精選高息,31,20,11,富邦-台東,2024-11-01,9608
2888,新光金,11,0,11,富邦-台東,2024-11-01,9608
00712,復華富時不動產,10,0,10,富邦-台東,2024-11-01,9608
00642U,期元大S＆P石油,10,0,10,富邦-台東,2024-11-01,9608
00941,中信上游半導體,10,0,10,富邦-台東,2024-11-01,9608
2515,中工,10,0,10,富邦-台東,2024-11-01,9608
3701,大眾控,10,0,10,富邦-台東,2024-11-01,9608
00922,國泰台灣領袖50,9,0,9,富邦-台東,2024-11-01,9608
00937B,群益ESG投等債20,8,0,8,富邦-台東,2024-11-01,9608
00679B,元大美債20年,8,0,8,富邦-台東,2024-11-01,9608
00692,富邦公司治理,10,2,8,富邦-台東,2024-11-01,9608
3363,上詮,8,1,7,富邦-台東,2024-11-01,9608
00900,富邦特選高股息30,6,0,6,富邦-台東,2024-11-01,9608
00895,富邦未來車,6,0,6,富邦-台東,2024-11-01,9608
00935,野村臺灣新科技50,6,0,6,富邦-台東,2024-11-01,9608
2939,永邑-KY,6,0,6,富邦-台東,2024-11-01,9608
00685L,群益臺灣加權正2,5,0,5,富邦-台東,2024-11-01,9608
00850,元大臺灣ESG永續,5,0,5,富邦-台東,2024-11-01,9608
00946,群益科技高息成長,5,0,5,富邦-台東,2024-11-01,9608
2408,南亞科,5,0,5,富邦-台東,2024-11-01,9608
2881,富邦金,5,0,5,富邦-台東,2024-11-01,9608
00680L,元大美債20正2,5,0,5,富邦-台東,2024-11-01,9608
1326,台化,5,0,5,富邦-台東,2024-11-01,9608
1611,中電,5,0,5,富邦-台東,2024-11-01,9608
3209,全科,11,6,5,富邦-台東,2024-11-01,9608
3321,同泰,5,0,5,富邦-台東,2024-11-01,9608
3380,明泰,5,0,5,富邦-台東,2024-11-01,9608
6191,精成科,5,0,5,富邦-台東,2024-11-01,9608
9802,鈺齊-KY,5,0,5,富邦-台東,2024-11-01,9608
2397,友通,5,0,5,富邦-台東,2024-11-01,9608
2888,新光金,400,0,400,富邦-台東,2024-11-04,9608
00919,群益台灣精選高息,46,2,44,富邦-台東,2024-11-04,9608
00937B,群益ESG投等債20,62,19,43,富邦-台東,2024-11-04,9608
00687B,國泰20年美債,45,6,39,富邦-台東,2024-11-04,9608
3701,大眾控,46,10,36,富邦-台東,2024-11-04,9608
2887,台新金,37,2,35,富邦-台東,2024-11-04,9608
00712,復華富時不動產,34,0,34,富邦-台東,2024-11-04,9608
00946,群益科技高息成長,32,0,32,富邦-台東,2024-11-04,9608
00943,兆豐電子高息等權,28,0,28,富邦-台東,2024-11-04,9608
2891,中信金,50,23,27,富邦-台東,2024-11-04,9608
00751B,元大AAA至A公司債,32,5,27,富邦-台東,2024-11-04,9608
4915,致伸,27,0,27,富邦-台東,2024-11-04,9608
00665L,富邦�琤肭磪囓�2,30,10,20,富邦-台東,2024-11-04,9608
2371,大同,21,2,19,富邦-台東,2024-11-04,9608
00679B,元大美債20年,15,0,15,富邦-台東,2024-11-04,9608
2939,永邑-KY,15,0,15,富邦-台東,2024-11-04,9608
3715,定穎投控,15,0,15,富邦-台東,2024-11-04,9608
00878,國泰永續高股息,22,9,13,富邦-台東,2024-11-04,9608
00932,兆豐永續高息等權,12,0,12,富邦-台東,2024-11-04,9608
00895,富邦未來車,12,0,12,富邦-台東,2024-11-04,9608
1532,勤美,12,0,12,富邦-台東,2024-11-04,9608
2038,海光,12,0,12,富邦-台東,2024-11-04,9608
2465,麗臺,11,0,11,富邦-台東,2024-11-04,9608
00680L,元大美債20正2,11,0,11,富邦-台東,2024-11-04,9608
2464,盟立,12,1,11,富邦-台東,2024-11-04,9608
6197,佳必琪,11,0,11,富邦-台東,2024-11-04,9608
2388,威盛,15,5,10,富邦-台東,2024-11-04,9608
00753L,中信中國50正2,20,10,10,富邦-台東,2024-11-04,9608
00941,中信上游半導體,10,0,10,富邦-台東,2024-11-04,9608
2515,中工,10,0,10,富邦-台東,2024-11-04,9608
3321,同泰,10,0,10,富邦-台東,2024-11-04,9608
4540,全球傳動,10,0,10,富邦-台東,2024-11-04,9608
6285,啟��,10,0,10,富邦-台東,2024-11-04,9608
2303,聯電,12,3,9,富邦-台東,2024-11-04,9608
2354,鴻準,23,14,9,富邦-台東,2024-11-04,9608
2611,志信,9,0,9,富邦-台東,2024-11-04,9608
2603,長榮,11,2,9,富邦-台東,2024-11-04,9608
2524,京城,13,5,8,富邦-台東,2024-11-04,9608
2609,陽明,18,10,8,富邦-台東,2024-11-04,9608
00953B,群益優選非投等債,8,1,7,富邦-台東,2024-11-04,9608
1815,富喬,7,0,7,富邦-台東,2024-11-04,9608
3615,安可,7,0,7,富邦-台東,2024-11-04,9608
00929,復華台灣科技優息,45,38,7,富邦-台東,2024-11-04,9608
00713,元大台灣高息低波,6,0,6,富邦-台東,2024-11-04,9608
00952,凱基台灣AI50,6,0,6,富邦-台東,2024-11-04,9608
00959B,大華投等美債15Y+,6,0,6,富邦-台東,2024-11-04,9608
2405,輔信,6,0,6,富邦-台東,2024-11-04,9608
6859,伯特光,6,0,6,富邦-台東,2024-11-04,9608
3088,艾訊,5,0,5,富邦-台東,2024-11-04,9608
00882,中信中國高股息,5,0,5,富邦-台東,2024-11-04,9608
3049,精金,160,38,122,富邦-台東,2024-11-05,9608
00687B,國泰20年美債,101,5,96,富邦-台東,2024-11-05,9608
6550,北極星藥業-KY,50,0,50,富邦-台東,2024-11-05,9608
00650L,復華香港正2,53,20,33,富邦-台東,2024-11-05,9608
00878,國泰永續高股息,33,1,32,富邦-台東,2024-11-05,9608
4903,聯光通,68,40,28,富邦-台東,2024-11-05,9608
4915,致伸,27,1,26,富邦-台東,2024-11-05,9608
4956,光鋐,26,1,25,富邦-台東,2024-11-05,9608
00679B,元大美債20年,21,1,20,富邦-台東,2024-11-05,9608
2897,王道銀行,20,0,20,富邦-台東,2024-11-05,9608
00932,兆豐永續高息等權,18,0,18,富邦-台東,2024-11-05,9608
00633L,富邦上証正2,29,11,18,富邦-台東,2024-11-05,9608
2303,聯電,39,22,17,富邦-台東,2024-11-05,9608
00918,大華優利高填息30,16,1,15,富邦-台東,2024-11-05,9608
2027,大成鋼,20,5,15,富邦-台東,2024-11-05,9608
2643,捷迅,10,0,10,富邦-台東,2024-11-05,9608
2367,燿華,10,0,10,富邦-台東,2024-11-05,9608
2939,永邑-KY,9,0,9,富邦-台東,2024-11-05,9608
00953B,群益優選非投等債,8,0,8,富邦-台東,2024-11-05,9608
00882,中信中國高股息,7,0,7,富邦-台東,2024-11-05,9608
2385,群光,7,0,7,富邦-台東,2024-11-05,9608
8111,立��,21,14,7,富邦-台東,2024-11-05,9608
3490,單井,7,0,7,富邦-台東,2024-11-05,9608
2317,鴻海,22,16,6,富邦-台東,2024-11-05,9608
00708L,期元大S＆P黃金正2,6,0,6,富邦-台東,2024-11-05,9608
2344,華邦電,6,0,6,富邦-台東,2024-11-05,9608
2436,偉詮電,6,0,6,富邦-台東,2024-11-05,9608
2467,志聖,9,3,6,富邦-台東,2024-11-05,9608
3062,建漢,11,5,6,富邦-台東,2024-11-05,9608
3167,大量,11,5,6,富邦-台東,2024-11-05,9608
4991,環宇-KY,8,2,6,富邦-台東,2024-11-05,9608
8121,越峰,6,0,6,富邦-台東,2024-11-05,9608
0056,元大高股息,6,1,5,富邦-台東,2024-11-05,9608
2834,臺企銀,6,1,5,富邦-台東,2024-11-05,9608
2888,新光金,7,2,5,富邦-台東,2024-11-05,9608
2889,國票金,5,0,5,富邦-台東,2024-11-05,9608
3322,建舜電,5,0,5,富邦-台東,2024-11-05,9608
3715,定穎投控,5,0,5,富邦-台東,2024-11-05,9608
6873,泓德能源,5,0,5,富邦-台東,2024-11-05,9608
8044,網家,5,0,5,富邦-台東,2024-11-05,9608
2867,三商壽,5,1,4,富邦-台東,2024-11-05,9608
3711,日月光投控,6,2,4,富邦-台東,2024-11-05,9608
2464,盟立,8,4,4,富邦-台東,2024-11-05,9608
6706,惠特,4,0,4,富邦-台東,2024-11-05,9608
00943,兆豐電子高息等權,4,0,4,富邦-台東,2024-11-05,9608
00937B,群益ESG投等債20,8,4,4,富邦-台東,2024-11-05,9608
2883,凱基金,10,6,4,富邦-台東,2024-11-05,9608
6188,廣明,4,0,4,富邦-台東,2024-11-05,9608
6285,啟��,4,0,4,富邦-台東,2024-11-05,9608
6530,創威,19,15,4,富邦-台東,2024-11-05,9608
9105,泰金寶-DR,12217,10,12207,富邦-台東,2024-11-06,9608
00687B,國泰20年美債,149,21,128,富邦-台東,2024-11-06,9608
00948B,中信優息投資級債,110,0,110,富邦-台東,2024-11-06,9608
1569,濱川,70,0,70,富邦-台東,2024-11-06,9608
00637L,元大滬深300正2,82,20,62,富邦-台東,2024-11-06,9608
00878,國泰永續高股息,47,0,47,富邦-台東,2024-11-06,9608
00679B,元大美債20年,48,6,42,富邦-台東,2024-11-06,9608
00673R,期元大S＆P原油反1,40,0,40,富邦-台東,2024-11-06,9608
6550,北極星藥業-KY,38,0,38,富邦-台東,2024-11-06,9608
2385,群光,34,0,34,富邦-台東,2024-11-06,9608
00753L,中信中國50正2,58,25,33,富邦-台東,2024-11-06,9608
3049,精金,30,2,28,富邦-台東,2024-11-06,9608
2891,中信金,34,7,27,富邦-台東,2024-11-06,9608
00650L,復華香港正2,35,10,25,富邦-台東,2024-11-06,9608
6534,正瀚-創,22,0,22,富邦-台東,2024-11-06,9608
00940,元大台灣價值高息,30,9,21,富邦-台東,2024-11-06,9608
2031,新光鋼,19,0,19,富邦-台東,2024-11-06,9608
2939,永邑-KY,19,0,19,富邦-台東,2024-11-06,9608
00937B,群益ESG投等債20,17,0,17,富邦-台東,2024-11-06,9608
2002,中鋼,18,2,16,富邦-台東,2024-11-06,9608
2615,萬海,16,2,14,富邦-台東,2024-11-06,9608
00665L,富邦�琤肭磪囓�2,42,28,14,富邦-台東,2024-11-06,9608
4915,致伸,14,0,14,富邦-台東,2024-11-06,9608
6134,萬旭,14,2,12,富邦-台東,2024-11-06,9608
8176,智捷,15,3,12,富邦-台東,2024-11-06,9608
2303,聯電,17,6,11,富邦-台東,2024-11-06,9608
3711,日月光投控,12,2,10,富邦-台東,2024-11-06,9608
3211,順達,10,0,10,富邦-台東,2024-11-06,9608
2017,官田鋼,10,0,10,富邦-台東,2024-11-06,9608
5014,建錩,10,0,10,富邦-台東,2024-11-06,9608
6116,彩晶,10,0,10,富邦-台東,2024-11-06,9608
6197,佳必琪,11,1,10,富邦-台東,2024-11-06,9608
6530,創威,21,11,10,富邦-台東,2024-11-06,9608
6667,信紘科,10,0,10,富邦-台東,2024-11-06,9608
912000,晨訊科-DR,10,0,10,富邦-台東,2024-11-06,9608
1727,中華化,9,0,9,富邦-台東,2024-11-06,9608
2646,星宇航空,20,11,9,富邦-台東,2024-11-06,9608
00931B,統一美債20年,10,1,9,富邦-台東,2024-11-06,9608
00633L,富邦上証正2,8,0,8,富邦-台東,2024-11-06,9608
2101,南港,8,0,8,富邦-台東,2024-11-06,9608
00901,永豐智能車供應鏈,7,0,7,富邦-台東,2024-11-06,9608
4911,德英,7,0,7,富邦-台東,2024-11-06,9608
4958,臻鼎-KY,7,0,7,富邦-台東,2024-11-06,9608
2431,聯昌,29,22,7,富邦-台東,2024-11-06,9608
00795B,中信美國公債20年,6,0,6,富邦-台東,2024-11-06,9608
2329,華泰,8,2,6,富邦-台東,2024-11-06,9608
2834,臺企銀,6,0,6,富邦-台東,2024-11-06,9608
3189,景碩,6,0,6,富邦-台東,2024-11-06,9608
2603,長榮,13,7,6,富邦-台東,2024-11-06,9608
2337,旺宏,6,1,5,富邦-台東,2024-11-06,9608
2431,聯昌,150,0,150,富邦-台東,2024-11-07,9608
00687B,國泰20年美債,84,0,84,富邦-台東,2024-11-07,9608
00915,凱基優選高股息30,81,0,81,富邦-台東,2024-11-07,9608
2201,裕隆,30,0,30,富邦-台東,2024-11-07,9608
2939,永邑-KY,26,0,26,富邦-台東,2024-11-07,9608
2399,映泰,35,14,21,富邦-台東,2024-11-07,9608
2356,英業達,32,13,19,富邦-台東,2024-11-07,9608
00679B,元大美債20年,19,0,19,富邦-台東,2024-11-07,9608
00680L,元大美債20正2,17,0,17,富邦-台東,2024-11-07,9608
2851,中再保,17,0,17,富邦-台東,2024-11-07,9608
5203,訊連,15,0,15,富邦-台東,2024-11-07,9608
00688L,國泰20年美債正2,13,0,13,富邦-台東,2024-11-07,9608
00878,國泰永續高股息,12,0,12,富邦-台東,2024-11-07,9608
00895,富邦未來車,12,1,11,富邦-台東,2024-11-07,9608
2031,新光鋼,11,0,11,富邦-台東,2024-11-07,9608
2888,新光金,13,2,11,富邦-台東,2024-11-07,9608
00937B,群益ESG投等債20,10,0,10,富邦-台東,2024-11-07,9608
1301,台塑,10,0,10,富邦-台東,2024-11-07,9608
2426,鼎元,10,0,10,富邦-台東,2024-11-07,9608
2836,高雄銀,10,0,10,富邦-台東,2024-11-07,9608
4526,東台,14,4,10,富邦-台東,2024-11-07,9608
4906,正文,10,0,10,富邦-台東,2024-11-07,9608
4908,前鼎,10,0,10,富邦-台東,2024-11-07,9608
4971,IET-KY,16,6,10,富邦-台東,2024-11-07,9608
6134,萬旭,10,0,10,富邦-台東,2024-11-07,9608
6152,百一,10,0,10,富邦-台東,2024-11-07,9608
6550,北極星藥業-KY,10,0,10,富邦-台東,2024-11-07,9608
00948B,中信優息投資級債,10,1,9,富邦-台東,2024-11-07,9608
6164,華興,9,0,9,富邦-台東,2024-11-07,9608
1314,中石化,10,2,8,富邦-台東,2024-11-07,9608
3430,奇鈦科,8,0,8,富邦-台東,2024-11-07,9608
5225,東科-KY,10,2,8,富邦-台東,2024-11-07,9608
00708L,期元大S＆P黃金正2,7,0,7,富邦-台東,2024-11-07,9608
2609,陽明,11,4,7,富邦-台東,2024-11-07,9608
2014,中鴻,13,7,6,富邦-台東,2024-11-07,9608
2634,漢翔,6,0,6,富邦-台東,2024-11-07,9608
2646,星宇航空,6,0,6,富邦-台東,2024-11-07,9608
00632R,元大台灣50反1,5,0,5,富邦-台東,2024-11-07,9608
1303,南亞,7,2,5,富邦-台東,2024-11-07,9608
2027,大成鋼,8,3,5,富邦-台東,2024-11-07,9608
2425,承啟,5,0,5,富邦-台東,2024-11-07,9608
2615,萬海,6,1,5,富邦-台東,2024-11-07,9608
5263,智崴,5,0,5,富邦-台東,2024-11-07,9608
5388,中磊,5,0,5,富邦-台東,2024-11-07,9608
8429,金麗-KY,5,0,5,富邦-台東,2024-11-07,9608
8069,元太,5,1,4,富邦-台東,2024-11-07,9608
3515,華擎,4,0,4,富邦-台東,2024-11-07,9608
2881,富邦金,5,1,4,富邦-台東,2024-11-07,9608
00712,復華富時不動產,4,0,4,富邦-台東,2024-11-07,9608
1522,堤維西,4,0,4,富邦-台東,2024-11-07,9608
00665L,富邦�琤肭磪囓�2,55,2,53,富邦-台東,2024-11-08,9608
00948B,中信優息投資級債,50,1,49,富邦-台東,2024-11-08,9608
2385,群光,37,0,37,富邦-台東,2024-11-08,9608
00887,永豐中國科技50大,41,7,34,富邦-台東,2024-11-08,9608
00932,兆豐永續高息等權,30,0,30,富邦-台東,2024-11-08,9608
2388,威盛,25,4,21,富邦-台東,2024-11-08,9608
4956,光鋐,21,0,21,富邦-台東,2024-11-08,9608
8261,富鼎,24,6,18,富邦-台東,2024-11-08,9608
2888,新光金,17,0,17,富邦-台東,2024-11-08,9608
00650L,復華香港正2,15,0,15,富邦-台東,2024-11-08,9608
00632R,元大台灣50反1,14,1,13,富邦-台東,2024-11-08,9608
2303,聯電,52,40,12,富邦-台東,2024-11-08,9608
4967,十銓,16,4,12,富邦-台東,2024-11-08,9608
8111,立��,15,3,12,富邦-台東,2024-11-08,9608
00753L,中信中國50正2,20,8,12,富邦-台東,2024-11-08,9608
6134,萬旭,15,3,12,富邦-台東,2024-11-08,9608
6153,嘉聯益,12,0,12,富邦-台東,2024-11-08,9608
4916,事欣科,11,0,11,富邦-台東,2024-11-08,9608
2353,宏��,13,3,10,富邦-台東,2024-11-08,9608
00953B,群益優選非投等債,11,1,10,富邦-台東,2024-11-08,9608
2836,高雄銀,10,0,10,富邦-台東,2024-11-08,9608
2939,永邑-KY,10,0,10,富邦-台東,2024-11-08,9608
3615,安可,10,0,10,富邦-台東,2024-11-08,9608
5202,力新,10,0,10,富邦-台東,2024-11-08,9608
2834,臺企銀,10,0,10,富邦-台東,2024-11-08,9608
2409,友達,9,0,9,富邦-台東,2024-11-08,9608
6742,澤米,10,1,9,富邦-台東,2024-11-08,9608
00937B,群益ESG投等債20,10,2,8,富邦-台東,2024-11-08,9608
2337,旺宏,8,0,8,富邦-台東,2024-11-08,9608
6151,晉倫,8,0,8,富邦-台東,2024-11-08,9608
2038,海光,21,14,7,富邦-台東,2024-11-08,9608
6470,宇智,7,0,7,富邦-台東,2024-11-08,9608
3581,博磊,7,0,7,富邦-台東,2024-11-08,9608
2646,星宇航空,6,0,6,富邦-台東,2024-11-08,9608
00713,元大台灣高息低波,6,0,6,富邦-台東,2024-11-08,9608
3013,晟銘電,7,1,6,富邦-台東,2024-11-08,9608
1301,台塑,6,0,6,富邦-台東,2024-11-08,9608
2312,金寶,47,41,6,富邦-台東,2024-11-08,9608
2354,鴻準,55,49,6,富邦-台東,2024-11-08,9608
2524,京城,11,5,6,富邦-台東,2024-11-08,9608
3236,千如,6,0,6,富邦-台東,2024-11-08,9608
6116,彩晶,7,1,6,富邦-台東,2024-11-08,9608
8249,菱光,7,1,6,富邦-台東,2024-11-08,9608
6530,創威,10,5,5,富邦-台東,2024-11-08,9608
6609,瀧澤科,5,0,5,富邦-台東,2024-11-08,9608
3406,玉晶光,5,0,5,富邦-台東,2024-11-08,9608
1314,中石化,5,0,5,富邦-台東,2024-11-08,9608
2014,中鴻,10,5,5,富邦-台東,2024-11-08,9608
2731,雄獅,5,0,5,富邦-台東,2024-11-08,9608
2889,國票金,5,0,5,富邦-台東,2024-11-08,9608
00878,國泰永續高股息,135,0,135,富邦-台東,2024-11-11,9608
2312,金寶,62,3,59,富邦-台東,2024-11-11,9608
4915,致伸,46,0,46,富邦-台東,2024-11-11,9608
00919,群益台灣精選高息,28,1,27,富邦-台東,2024-11-11,9608
00753L,中信中國50正2,42,15,27,富邦-台東,2024-11-11,9608
2615,萬海,50,28,22,富邦-台東,2024-11-11,9608
00665L,富邦�琤肭磪囓�2,19,0,19,富邦-台東,2024-11-11,9608
00918,大華優利高填息30,17,0,17,富邦-台東,2024-11-11,9608
3715,定穎投控,15,0,15,富邦-台東,2024-11-11,9608
4916,事欣科,20,6,14,富邦-台東,2024-11-11,9608
5014,建錩,14,0,14,富邦-台東,2024-11-11,9608
6160,欣技,14,0,14,富邦-台東,2024-11-11,9608
4903,聯光通,14,1,13,富邦-台東,2024-11-11,9608
6182,合晶,15,3,12,富邦-台東,2024-11-11,9608
00930,永豐ESG低碳高息,12,0,12,富邦-台東,2024-11-11,9608
00725B,國泰投資級公司債,11,0,11,富邦-台東,2024-11-11,9608
2731,雄獅,11,0,11,富邦-台東,2024-11-11,9608
2382,廣達,12,2,10,富邦-台東,2024-11-11,9608
2889,國票金,10,0,10,富邦-台東,2024-11-11,9608
00720B,元大投資級公司債,10,0,10,富邦-台東,2024-11-11,9608
00673R,期元大S＆P原油反1,10,0,10,富邦-台東,2024-11-11,9608
00679B,元大美債20年,20,10,10,富邦-台東,2024-11-11,9608
3312,弘憶股,17,7,10,富邦-台東,2024-11-11,9608
6550,北極星藥業-KY,10,0,10,富邦-台東,2024-11-11,9608
8176,智捷,10,0,10,富邦-台東,2024-11-11,9608
8429,金麗-KY,15,5,10,富邦-台東,2024-11-11,9608
2385,群光,9,0,9,富邦-台東,2024-11-11,9608
4967,十銓,10,1,9,富邦-台東,2024-11-11,9608
2313,華通,8,0,8,富邦-台東,2024-11-11,9608
00650L,復華香港正2,8,0,8,富邦-台東,2024-11-11,9608
2867,三商壽,10,2,8,富邦-台東,2024-11-11,9608
3149,正達,8,0,8,富邦-台東,2024-11-11,9608
4707,磐亞,8,0,8,富邦-台東,2024-11-11,9608
2603,長榮,8,0,8,富邦-台東,2024-11-11,9608
2354,鴻準,12,4,8,富邦-台東,2024-11-11,9608
006208,富邦台50,7,0,7,富邦-台東,2024-11-11,9608
00708L,期元大S＆P黃金正2,7,0,7,富邦-台東,2024-11-11,9608
2646,星宇航空,7,0,7,富邦-台東,2024-11-11,9608
6658,聯策,9,2,7,富邦-台東,2024-11-11,9608
2303,聯電,12,6,6,富邦-台東,2024-11-11,9608
1449,佳和,3718,3712,6,富邦-台東,2024-11-11,9608
2344,華邦電,6,0,6,富邦-台東,2024-11-11,9608
2376,技嘉,6,0,6,富邦-台東,2024-11-11,9608
2515,中工,6,0,6,富邦-台東,2024-11-11,9608
9105,泰金寶-DR,6,0,6,富邦-台東,2024-11-11,9608
5347,世界,6,0,6,富邦-台東,2024-11-11,9608
6186,新潤,6,0,6,富邦-台東,2024-11-11,9608
00941,中信上游半導體,5,0,5,富邦-台東,2024-11-11,9608
1611,中電,5,0,5,富邦-台東,2024-11-11,9608
2495,普安,5,0,5,富邦-台東,2024-11-11,9608
00878,國泰永續高股息,170,0,170,富邦-台東,2024-11-12,9608
0056,元大高股息,55,1,54,富邦-台東,2024-11-12,9608
00895,富邦未來車,48,0,48,富邦-台東,2024-11-12,9608
3481,群創,50,4,46,富邦-台東,2024-11-12,9608
2002,中鋼,43,0,43,富邦-台東,2024-11-12,9608
00919,群益台灣精選高息,40,0,40,富邦-台東,2024-11-12,9608
00929,復華台灣科技優息,41,7,34,富邦-台東,2024-11-12,9608
2356,英業達,48,17,31,富邦-台東,2024-11-12,9608
00932,兆豐永續高息等權,30,0,30,富邦-台東,2024-11-12,9608
2328,廣宇,33,6,27,富邦-台東,2024-11-12,9608
2038,海光,26,0,26,富邦-台東,2024-11-12,9608
5880,合庫金,25,0,25,富邦-台東,2024-11-12,9608
2354,鴻準,25,2,23,富邦-台東,2024-11-12,9608
5871,中租-KY,23,1,22,富邦-台東,2024-11-12,9608
2646,星宇航空,19,2,17,富邦-台東,2024-11-12,9608
00893,國泰智能電動車,26,10,16,富邦-台東,2024-11-12,9608
2883,凱基金,16,1,15,富邦-台東,2024-11-12,9608
00753L,中信中國50正2,20,5,15,富邦-台東,2024-11-12,9608
1718,中纖,15,0,15,富邦-台東,2024-11-12,9608
2867,三商壽,15,0,15,富邦-台東,2024-11-12,9608
6550,北極星藥業-KY,15,0,15,富邦-台東,2024-11-12,9608
00918,大華優利高填息30,24,10,14,富邦-台東,2024-11-12,9608
00713,元大台灣高息低波,13,0,13,富邦-台東,2024-11-12,9608
0050,元大台灣50,21,8,13,富邦-台東,2024-11-12,9608
2382,廣達,12,0,12,富邦-台東,2024-11-12,9608
00922,國泰台灣領袖50,12,0,12,富邦-台東,2024-11-12,9608
1314,中石化,14,2,12,富邦-台東,2024-11-12,9608
2106,建大,12,0,12,富邦-台東,2024-11-12,9608
00881,國泰台灣5G+,13,2,11,富邦-台東,2024-11-12,9608
00635U,期元大S＆P黃金,10,0,10,富邦-台東,2024-11-12,9608
00722B,群益投資級電信債,10,0,10,富邦-台東,2024-11-12,9608
00934,中信成長高股息,10,0,10,富邦-台東,2024-11-12,9608
2385,群光,10,0,10,富邦-台東,2024-11-12,9608
2836,高雄銀,10,0,10,富邦-台東,2024-11-12,9608
6152,百一,10,0,10,富邦-台東,2024-11-12,9608
6153,嘉聯益,10,0,10,富邦-台東,2024-11-12,9608
6706,惠特,10,0,10,富邦-台東,2024-11-12,9608
2101,南港,9,0,9,富邦-台東,2024-11-12,9608
6742,澤米,9,1,8,富邦-台東,2024-11-12,9608
3231,緯創,14,6,8,富邦-台東,2024-11-12,9608
00715L,期街口布蘭特正2,8,0,8,富邦-台東,2024-11-12,9608
4729,熒茂,8,0,8,富邦-台東,2024-11-12,9608
00708L,期元大S＆P黃金正2,7,0,7,富邦-台東,2024-11-12,9608
2399,映泰,7,0,7,富邦-台東,2024-11-12,9608
3013,晟銘電,11,4,7,富邦-台東,2024-11-12,9608
5014,建錩,7,0,7,富邦-台東,2024-11-12,9608
5443,均豪,9,2,7,富邦-台東,2024-11-12,9608
6186,新潤,10,3,7,富邦-台東,2024-11-12,9608
2353,宏��,7,1,6,富邦-台東,2024-11-12,9608
2369,菱生,6,0,6,富邦-台東,2024-11-12,9608
00753L,中信中國50正2,66,6,60,富邦-台東,2024-11-13,9608
2542,興富發,61,2,59,富邦-台東,2024-11-13,9608
00878,國泰永續高股息,56,0,56,富邦-台東,2024-11-13,9608
2431,聯昌,50,0,50,富邦-台東,2024-11-13,9608
4123,晟德,50,0,50,富邦-台東,2024-11-13,9608
2834,臺企銀,51,1,50,富邦-台東,2024-11-13,9608
4174,浩鼎,40,5,35,富邦-台東,2024-11-13,9608
00665L,富邦�琤肭磪囓�2,31,0,31,富邦-台東,2024-11-13,9608
5880,合庫金,26,0,26,富邦-台東,2024-11-13,9608
6182,合晶,25,1,24,富邦-台東,2024-11-13,9608
00850,元大臺灣ESG永續,23,0,23,富邦-台東,2024-11-13,9608
6153,嘉聯益,30,7,23,富邦-台東,2024-11-13,9608
00664R,國泰臺灣加權反1,20,0,20,富邦-台東,2024-11-13,9608
5014,建錩,20,0,20,富邦-台東,2024-11-13,9608
3003,健和興,21,1,20,富邦-台東,2024-11-13,9608
8089,康全電訊,33,14,19,富邦-台東,2024-11-13,9608
00715L,期街口布蘭特正2,19,0,19,富邦-台東,2024-11-13,9608
00891,中信關鍵半導體,14,0,14,富邦-台東,2024-11-13,9608
0056,元大高股息,13,0,13,富邦-台東,2024-11-13,9608
2303,聯電,12,1,11,富邦-台東,2024-11-13,9608
2317,鴻海,14,3,11,富邦-台東,2024-11-13,9608
2881,富邦金,10,0,10,富邦-台東,2024-11-13,9608
00751B,元大AAA至A公司債,10,0,10,富邦-台東,2024-11-13,9608
1710,東聯,10,0,10,富邦-台東,2024-11-13,9608
2455,全新,10,0,10,富邦-台東,2024-11-13,9608
2915,潤泰全,10,0,10,富邦-台東,2024-11-13,9608
3049,精金,10,0,10,富邦-台東,2024-11-13,9608
4916,事欣科,10,0,10,富邦-台東,2024-11-13,9608
4155,訊映,9,0,9,富邦-台東,2024-11-13,9608
00895,富邦未來車,9,0,9,富邦-台東,2024-11-13,9608
00687B,國泰20年美債,9,0,9,富邦-台東,2024-11-13,9608
00915,凱基優選高股息30,9,0,9,富邦-台東,2024-11-13,9608
2885,元大金,9,0,9,富邦-台東,2024-11-13,9608
2449,京元電子,8,0,8,富邦-台東,2024-11-13,9608
00932,兆豐永續高息等權,8,0,8,富邦-台東,2024-11-13,9608
00919,群益台灣精選高息,12,5,7,富邦-台東,2024-11-13,9608
2385,群光,7,0,7,富邦-台東,2024-11-13,9608
2883,凱基金,28,21,7,富邦-台東,2024-11-13,9608
5243,乙盛-KY,7,0,7,富邦-台東,2024-11-13,9608
3013,晟銘電,23,16,7,富邦-台東,2024-11-13,9608
2027,大成鋼,12,5,7,富邦-台東,2024-11-13,9608
1314,中石化,6,0,6,富邦-台東,2024-11-13,9608
2882,國泰金,5,0,5,富邦-台東,2024-11-13,9608
2104,國際中橡,5,0,5,富邦-台東,2024-11-13,9608
2316,楠梓電,5,0,5,富邦-台東,2024-11-13,9608
2354,鴻準,6,1,5,富邦-台東,2024-11-13,9608
2867,三商壽,5,0,5,富邦-台東,2024-11-13,9608
2889,國票金,5,0,5,富邦-台東,2024-11-13,9608
2890,永豐金,5,0,5,富邦-台東,2024-11-13,9608
6216,居易,5,0,5,富邦-台東,2024-11-13,9608
00878,國泰永續高股息,144,1,143,富邦-台東,2024-11-14,9608
1532,勤美,100,0,100,富邦-台東,2024-11-14,9608
4123,晟德,100,0,100,富邦-台東,2024-11-14,9608
2884,玉山金,80,0,80,富邦-台東,2024-11-14,9608
00706L,期元大S＆P日圓正2,58,0,58,富邦-台東,2024-11-14,9608
00937B,群益ESG投等債20,56,3,53,富邦-台東,2024-11-14,9608
0056,元大高股息,46,0,46,富邦-台東,2024-11-14,9608
4938,和碩,36,0,36,富邦-台東,2024-11-14,9608
00687B,國泰20年美債,35,0,35,富邦-台東,2024-11-14,9608
4931,新盛力,62,31,31,富邦-台東,2024-11-14,9608
00919,群益台灣精選高息,32,9,23,富邦-台東,2024-11-14,9608
8261,富鼎,23,1,22,富邦-台東,2024-11-14,9608
00932,兆豐永續高息等權,22,2,20,富邦-台東,2024-11-14,9608
3481,群創,19,0,19,富邦-台東,2024-11-14,9608
00943,兆豐電子高息等權,17,0,17,富邦-台東,2024-11-14,9608
2392,正崴,18,1,17,富邦-台東,2024-11-14,9608
00753L,中信中國50正2,15,0,15,富邦-台東,2024-11-14,9608
5871,中租-KY,13,0,13,富邦-台東,2024-11-14,9608
2449,京元電子,14,2,12,富邦-台東,2024-11-14,9608
8064,東捷,28,16,12,富邦-台東,2024-11-14,9608
2303,聯電,12,0,12,富邦-台東,2024-11-14,9608
2038,海光,13,2,11,富邦-台東,2024-11-14,9608
6859,伯特光,14,3,11,富邦-台東,2024-11-14,9608
1536,和大,10,0,10,富邦-台東,2024-11-14,9608
2031,新光鋼,10,0,10,富邦-台東,2024-11-14,9608
8044,網家,10,0,10,富邦-台東,2024-11-14,9608
8176,智捷,9,0,9,富邦-台東,2024-11-14,9608
3003,健和興,13,6,7,富邦-台東,2024-11-14,9608
1710,東聯,8,1,7,富邦-台東,2024-11-14,9608
1471,首利,6,0,6,富邦-台東,2024-11-14,9608
2312,金寶,26,20,6,富邦-台東,2024-11-14,9608
6186,新潤,6,0,6,富邦-台東,2024-11-14,9608
6854,錼創科技-KY創,18,12,6,富邦-台東,2024-11-14,9608
2313,華通,7,2,5,富邦-台東,2024-11-14,9608
00751B,元大AAA至A公司債,5,0,5,富邦-台東,2024-11-14,9608
00635U,期元大S＆P黃金,5,0,5,富邦-台東,2024-11-14,9608
1301,台塑,8,3,5,富邦-台東,2024-11-14,9608
2889,國票金,5,0,5,富邦-台東,2024-11-14,9608
2912,統一超,5,0,5,富邦-台東,2024-11-14,9608
006208,富邦台50,4,0,4,富邦-台東,2024-11-14,9608
0050,元大台灣50,5,1,4,富邦-台東,2024-11-14,9608
00927,群益半導體收益,4,0,4,富邦-台東,2024-11-14,9608
00915,凱基優選高股息30,5,1,4,富邦-台東,2024-11-14,9608
00631L,元大台灣50正2,4,0,4,富邦-台東,2024-11-14,9608
3013,晟銘電,6,2,4,富邦-台東,2024-11-14,9608
00850,元大臺灣ESG永續,4,0,4,富邦-台東,2024-11-14,9608
00688L,國泰20年美債正2,4,0,4,富邦-台東,2024-11-14,9608
00633L,富邦上証正2,4,0,4,富邦-台東,2024-11-14,9608
00934,中信成長高股息,4,0,4,富邦-台東,2024-11-14,9608
2208,台船,5,1,4,富邦-台東,2024-11-14,9608
00948B,中信優息投資級債,279,0,279,富邦-台東,2024-11-15,9608
00878,國泰永續高股息,245,0,245,富邦-台東,2024-11-15,9608
00679B,元大美債20年,34,2,32,富邦-台東,2024-11-15,9608
2317,鴻海,36,12,24,富邦-台東,2024-11-15,9608
2382,廣達,22,3,19,富邦-台東,2024-11-15,9608
00929,復華台灣科技優息,26,10,16,富邦-台東,2024-11-15,9608
2356,英業達,15,1,14,富邦-台東,2024-11-15,9608
5483,中美晶,14,0,14,富邦-台東,2024-11-15,9608
00937B,群益ESG投等債20,11,0,11,富邦-台東,2024-11-15,9608
3013,晟銘電,11,0,11,富邦-台東,2024-11-15,9608
2455,全新,10,0,10,富邦-台東,2024-11-15,9608
3520,華盈,10,0,10,富邦-台東,2024-11-15,9608
6152,百一,10,0,10,富邦-台東,2024-11-15,9608
8105,凌巨,10,0,10,富邦-台東,2024-11-15,9608
3615,安可,7,0,7,富邦-台東,2024-11-15,9608
00708L,期元大S＆P黃金正2,7,0,7,富邦-台東,2024-11-15,9608
1717,長興,7,0,7,富邦-台東,2024-11-15,9608
2392,正崴,19,12,7,富邦-台東,2024-11-15,9608
3706,神達,26,19,7,富邦-台東,2024-11-15,9608
0050,元大台灣50,6,0,6,富邦-台東,2024-11-15,9608
00963,中信全球高股息,6,0,6,富邦-台東,2024-11-15,9608
2409,友達,8,2,6,富邦-台東,2024-11-15,9608
4401,東隆興,6,0,6,富邦-台東,2024-11-15,9608
6116,彩晶,10,4,6,富邦-台東,2024-11-15,9608
8111,立��,6,0,6,富邦-台東,2024-11-15,9608
00946,群益科技高息成長,5,0,5,富邦-台東,2024-11-15,9608
00945B,凱基美國非投等債,5,0,5,富邦-台東,2024-11-15,9608
00633L,富邦上証正2,18,13,5,富邦-台東,2024-11-15,9608
00795B,中信美國公債20年,5,0,5,富邦-台東,2024-11-15,9608
2038,海光,10,5,5,富邦-台東,2024-11-15,9608
2363,矽統,5,0,5,富邦-台東,2024-11-15,9608
3581,博磊,5,0,5,富邦-台東,2024-11-15,9608
6111,大宇資,5,0,5,富邦-台東,2024-11-15,9608
6175,立敦,5,0,5,富邦-台東,2024-11-15,9608
6535,順藥,5,0,5,富邦-台東,2024-11-15,9608
00905,FT臺灣Smart,4,0,4,富邦-台東,2024-11-15,9608
3037,欣興,6,2,4,富邦-台東,2024-11-15,9608
00901,永豐智能車供應鏈,4,0,4,富邦-台東,2024-11-15,9608
2027,大成鋼,8,4,4,富邦-台東,2024-11-15,9608
2301,光寶科,4,0,4,富邦-台東,2024-11-15,9608
3535,晶彩科,4,0,4,富邦-台東,2024-11-15,9608
6217,中探針,4,0,4,富邦-台東,2024-11-15,9608
6423,億而得-創,5,1,4,富邦-台東,2024-11-15,9608
2324,仁寶,4,1,3,富邦-台東,2024-11-15,9608
6462,神盾,4,1,3,富邦-台東,2024-11-15,9608
00680L,元大美債20正2,3,0,3,富邦-台東,2024-11-15,9608
0056,元大高股息,4,1,3,富邦-台東,2024-11-15,9608
2002,中鋼,15,12,3,富邦-台東,2024-11-15,9608
2611,志信,3,0,3,富邦-台東,2024-11-15,9608
3576,聯合再生,3,0,3,富邦-台東,2024-11-15,9608
00878,國泰永續高股息,106,19,87,富邦-台東,2024-11-18,9608
00932,兆豐永續高息等權,73,0,73,富邦-台東,2024-11-18,9608
00929,復華台灣科技優息,85,35,50,富邦-台東,2024-11-18,9608
00943,兆豐電子高息等權,32,0,32,富邦-台東,2024-11-18,9608
00679B,元大美債20年,23,0,23,富邦-台東,2024-11-18,9608
00673R,期元大S＆P原油反1,25,2,23,富邦-台東,2024-11-18,9608
00946,群益科技高息成長,23,1,22,富邦-台東,2024-11-18,9608
2610,華航,26,4,22,富邦-台東,2024-11-18,9608
00715L,期街口布蘭特正2,34,15,19,富邦-台東,2024-11-18,9608
2354,鴻準,29,12,17,富邦-台東,2024-11-18,9608
00963,中信全球高股息,15,0,15,富邦-台東,2024-11-18,9608
2881,富邦金,16,1,15,富邦-台東,2024-11-18,9608
9105,泰金寶-DR,22,8,14,富邦-台東,2024-11-18,9608
1301,台塑,14,2,12,富邦-台東,2024-11-18,9608
6152,百一,10,0,10,富邦-台東,2024-11-18,9608
2312,金寶,25,16,9,富邦-台東,2024-11-18,9608
0056,元大高股息,16,8,8,富邦-台東,2024-11-18,9608
00891,中信關鍵半導體,8,0,8,富邦-台東,2024-11-18,9608
2392,正崴,15,7,8,富邦-台東,2024-11-18,9608
2884,玉山金,6,0,6,富邦-台東,2024-11-18,9608
00897,富邦基因免疫生技,6,0,6,富邦-台東,2024-11-18,9608
1717,長興,6,0,6,富邦-台東,2024-11-18,9608
8044,網家,17,11,6,富邦-台東,2024-11-18,9608
00713,元大台灣高息低波,6,0,6,富邦-台東,2024-11-18,9608
8996,高力,5,0,5,富邦-台東,2024-11-18,9608
3037,欣興,7,2,5,富邦-台東,2024-11-18,9608
2465,麗臺,5,0,5,富邦-台東,2024-11-18,9608
00675L,富邦臺灣加權正2,5,0,5,富邦-台東,2024-11-18,9608
1305,華夏,5,0,5,富邦-台東,2024-11-18,9608
1815,富喬,5,0,5,富邦-台東,2024-11-18,9608
2014,中鴻,5,0,5,富邦-台東,2024-11-18,9608
2356,英業達,7,2,5,富邦-台東,2024-11-18,9608
006208,富邦台50,5,1,4,富邦-台東,2024-11-18,9608
0050,元大台灣50,5,1,4,富邦-台東,2024-11-18,9608
2385,群光,4,0,4,富邦-台東,2024-11-18,9608
2524,京城,4,0,4,富邦-台東,2024-11-18,9608
6658,聯策,4,0,4,富邦-台東,2024-11-18,9608
00692,富邦公司治理,3,0,3,富邦-台東,2024-11-18,9608
2449,京元電子,3,0,3,富邦-台東,2024-11-18,9608
6742,澤米,3,0,3,富邦-台東,2024-11-18,9608
00915,凱基優選高股息30,3,0,3,富邦-台東,2024-11-18,9608
3035,智原,3,0,3,富邦-台東,2024-11-18,9608
2891,中信金,4,1,3,富邦-台東,2024-11-18,9608
00905,FT臺灣Smart,3,0,3,富邦-台東,2024-11-18,9608
1409,新纖,3,0,3,富邦-台東,2024-11-18,9608
2646,星宇航空,3,0,3,富邦-台東,2024-11-18,9608
3062,建漢,5,2,3,富邦-台東,2024-11-18,9608
3390,旭軟,3,0,3,富邦-台東,2024-11-18,9608
4147,中裕,3,0,3,富邦-台東,2024-11-18,9608
4174,浩鼎,3,0,3,富邦-台東,2024-11-18,9608
00919,群益台灣精選高息,72,6,66,富邦-台東,2024-11-19,9608
3481,群創,53,2,51,富邦-台東,2024-11-19,9608
00901,永豐智能車供應鏈,50,0,50,富邦-台東,2024-11-19,9608
8104,錸寶,32,1,31,富邦-台東,2024-11-19,9608
00713,元大台灣高息低波,30,0,30,富邦-台東,2024-11-19,9608
5426,振發,1527,1507,20,富邦-台東,2024-11-19,9608
2409,友達,35,20,15,富邦-台東,2024-11-19,9608
00887,永豐中國科技50大,14,0,14,富邦-台東,2024-11-19,9608
2317,鴻海,25,12,13,富邦-台東,2024-11-19,9608
00665L,富邦�琤肭磪囓�2,12,0,12,富邦-台東,2024-11-19,9608
1301,台塑,13,1,12,富邦-台東,2024-11-19,9608
2382,廣達,13,1,12,富邦-台東,2024-11-19,9608
00938,凱基優選30,10,0,10,富邦-台東,2024-11-19,9608
00706L,期元大S＆P日圓正2,10,0,10,富邦-台東,2024-11-19,9608
2038,海光,10,0,10,富邦-台東,2024-11-19,9608
3338,泰碩,10,0,10,富邦-台東,2024-11-19,9608
9105,泰金寶-DR,73,63,10,富邦-台東,2024-11-19,9608
00673R,期元大S＆P原油反1,9,0,9,富邦-台東,2024-11-19,9608
3231,緯創,11,3,8,富邦-台東,2024-11-19,9608
00900,富邦特選高股息30,7,0,7,富邦-台東,2024-11-19,9608
00687B,國泰20年美債,7,0,7,富邦-台東,2024-11-19,9608
3535,晶彩科,7,0,7,富邦-台東,2024-11-19,9608
00679B,元大美債20年,13,7,6,富邦-台東,2024-11-19,9608
1504,東元,6,0,6,富邦-台東,2024-11-19,9608
00878,國泰永續高股息,12,6,6,富邦-台東,2024-11-19,9608
2344,華邦電,8,2,6,富邦-台東,2024-11-19,9608
3017,奇鋐,7,1,6,富邦-台東,2024-11-19,9608
00633L,富邦上証正2,5,0,5,富邦-台東,2024-11-19,9608
00655L,國泰中國A50正2,7,2,5,富邦-台東,2024-11-19,9608
6118,建達,5,0,5,富邦-台東,2024-11-19,9608
6152,百一,5,0,5,富邦-台東,2024-11-19,9608
6175,立敦,5,0,5,富邦-台東,2024-11-19,9608
2385,群光,4,0,4,富邦-台東,2024-11-19,9608
2303,聯電,19,15,4,富邦-台東,2024-11-19,9608
2425,承啟,4,0,4,富邦-台東,2024-11-19,9608
5443,均豪,7,3,4,富邦-台東,2024-11-19,9608
6505,台塑化,4,0,4,富邦-台東,2024-11-19,9608
8097,常珵,4,0,4,富邦-台東,2024-11-19,9608
2408,南亞科,3,0,3,富邦-台東,2024-11-19,9608
2646,星宇航空,3,0,3,富邦-台東,2024-11-19,9608
2883,凱基金,13,10,3,富邦-台東,2024-11-19,9608
3015,全漢,3,0,3,富邦-台東,2024-11-19,9608
5871,中租-KY,4,1,3,富邦-台東,2024-11-19,9608
6156,松上,3,0,3,富邦-台東,2024-11-19,9608
6269,台郡,3,0,3,富邦-台東,2024-11-19,9608
8931,大汽電,3,0,3,富邦-台東,2024-11-19,9608
9921,巨大,3,0,3,富邦-台東,2024-11-19,9608
5347,世界,7,5,2,富邦-台東,2024-11-19,9608
00757,統一FANG+,2,0,2,富邦-台東,2024-11-19,9608
00952,凱基台灣AI50,2,0,2,富邦-台東,2024-11-19,9608
2354,鴻準,53,7,46,富邦-台東,2024-11-20,9608
00943,兆豐電子高息等權,35,0,35,富邦-台東,2024-11-20,9608
00878,國泰永續高股息,28,1,27,富邦-台東,2024-11-20,9608
00929,復華台灣科技優息,23,0,23,富邦-台東,2024-11-20,9608
00676R,富邦臺灣加權反1,20,0,20,富邦-台東,2024-11-20,9608
00679B,元大美債20年,18,0,18,富邦-台東,2024-11-20,9608
00937B,群益ESG投等債20,20,2,18,富邦-台東,2024-11-20,9608
00922,國泰台灣領袖50,15,0,15,富邦-台東,2024-11-20,9608
3322,建舜電,15,0,15,富邦-台東,2024-11-20,9608
2317,鴻海,22,8,14,富邦-台東,2024-11-20,9608
2385,群光,13,0,13,富邦-台東,2024-11-20,9608
2038,海光,12,0,12,富邦-台東,2024-11-20,9608
2834,臺企銀,15,3,12,富邦-台東,2024-11-20,9608
00923,群益台ESG低碳50,12,0,12,富邦-台東,2024-11-20,9608
00687B,國泰20年美債,11,0,11,富邦-台東,2024-11-20,9608
1477,聚陽,10,0,10,富邦-台東,2024-11-20,9608
00725B,國泰投資級公司債,10,0,10,富邦-台東,2024-11-20,9608
1314,中石化,10,0,10,富邦-台東,2024-11-20,9608
3290,東浦,10,0,10,富邦-台東,2024-11-20,9608
3323,加百裕,29,19,10,富邦-台東,2024-11-20,9608
6152,百一,10,0,10,富邦-台東,2024-11-20,9608
6451,訊芯-KY,10,0,10,富邦-台東,2024-11-20,9608
3189,景碩,9,0,9,富邦-台東,2024-11-20,9608
2323,中環,8,0,8,富邦-台東,2024-11-20,9608
00918,大華優利高填息30,11,4,7,富邦-台東,2024-11-20,9608
6153,嘉聯益,7,0,7,富邦-台東,2024-11-20,9608
6416,瑞祺電通,7,0,7,富邦-台東,2024-11-20,9608
00673R,期元大S＆P原油反1,6,0,6,富邦-台東,2024-11-20,9608
2882,國泰金,6,0,6,富邦-台東,2024-11-20,9608
3231,緯創,8,2,6,富邦-台東,2024-11-20,9608
3706,神達,30,24,6,富邦-台東,2024-11-20,9608
2449,京元電子,5,0,5,富邦-台東,2024-11-20,9608
00915,凱基優選高股息30,5,0,5,富邦-台東,2024-11-20,9608
00885,富邦越南,5,0,5,富邦-台東,2024-11-20,9608
00706L,期元大S＆P日圓正2,5,0,5,富邦-台東,2024-11-20,9608
2061,風青,5,0,5,富邦-台東,2024-11-20,9608
2208,台船,5,0,5,富邦-台東,2024-11-20,9608
2399,映泰,6,1,5,富邦-台東,2024-11-20,9608
2881,富邦金,5,0,5,富邦-台東,2024-11-20,9608
6227,茂綸,5,0,5,富邦-台東,2024-11-20,9608
0056,元大高股息,5,0,5,富邦-台東,2024-11-20,9608
3481,群創,5,1,4,富邦-台東,2024-11-20,9608
00713,元大台灣高息低波,4,0,4,富邦-台東,2024-11-20,9608
8996,高力,9,5,4,富邦-台東,2024-11-20,9608
00901,永豐智能車供應鏈,4,0,4,富邦-台東,2024-11-20,9608
00900,富邦特選高股息30,4,0,4,富邦-台東,2024-11-20,9608
2328,廣宇,4,0,4,富邦-台東,2024-11-20,9608
4430,耀億,4,0,4,富邦-台東,2024-11-20,9608
4577,達航科技,4,0,4,富邦-台東,2024-11-20,9608
6216,居易,4,0,4,富邦-台東,2024-11-20,9608
00687B,國泰20年美債,51,3,48,富邦-台東,2024-11-21,9608
2888,新光金,40,0,40,富邦-台東,2024-11-21,9608
2354,鴻準,51,18,33,富邦-台東,2024-11-21,9608
00878,國泰永續高股息,28,1,27,富邦-台東,2024-11-21,9608
3708,上緯投控,22,0,22,富邦-台東,2024-11-21,9608
2887,台新金,20,0,20,富邦-台東,2024-11-21,9608
2201,裕隆,19,0,19,富邦-台東,2024-11-21,9608
2881,富邦金,14,0,14,富邦-台東,2024-11-21,9608
00918,大華優利高填息30,14,0,14,富邦-台東,2024-11-21,9608
00919,群益台灣精選高息,15,2,13,富邦-台東,2024-11-21,9608
00940,元大台灣價值高息,12,0,12,富邦-台東,2024-11-21,9608
8111,立��,12,0,12,富邦-台東,2024-11-21,9608
8038,長園科,11,0,11,富邦-台東,2024-11-21,9608
00881,國泰台灣5G+,10,0,10,富邦-台東,2024-11-21,9608
9945,潤泰新,10,0,10,富邦-台東,2024-11-21,9608
1536,和大,15,5,10,富邦-台東,2024-11-21,9608
2883,凱基金,15,5,10,富邦-台東,2024-11-21,9608
3481,群創,10,0,10,富邦-台東,2024-11-21,9608
2002,中鋼,13,4,9,富邦-台東,2024-11-21,9608
00929,復華台灣科技優息,26,18,8,富邦-台東,2024-11-21,9608
2413,環科,8,0,8,富邦-台東,2024-11-21,9608
3622,洋華,8,0,8,富邦-台東,2024-11-21,9608
8927,北基,8,0,8,富邦-台東,2024-11-21,9608
00959B,大華投等美債15Y+,7,0,7,富邦-台東,2024-11-21,9608
2349,錸德,11,4,7,富邦-台東,2024-11-21,9608
00673R,期元大S＆P原油反1,6,0,6,富邦-台東,2024-11-21,9608
6213,聯茂,9,3,6,富邦-台東,2024-11-21,9608
00640L,富邦日本正2,5,0,5,富邦-台東,2024-11-21,9608
1442,名軒,5,0,5,富邦-台東,2024-11-21,9608
2353,宏��,5,0,5,富邦-台東,2024-11-21,9608
2845,遠東銀,5,0,5,富邦-台東,2024-11-21,9608
5009,榮剛,5,0,5,富邦-台東,2024-11-21,9608
5014,建錩,5,0,5,富邦-台東,2024-11-21,9608
00713,元大台灣高息低波,5,0,5,富邦-台東,2024-11-21,9608
2330,台積電,5,0,5,富邦-台東,2024-11-21,9608
2882,國泰金,5,1,4,富邦-台東,2024-11-21,9608
2891,中信金,13,9,4,富邦-台東,2024-11-21,9608
1709,和益,4,0,4,富邦-台東,2024-11-21,9608
3019,亞光,5,1,4,富邦-台東,2024-11-21,9608
0050,元大台灣50,4,0,4,富邦-台東,2024-11-21,9608
0056,元大高股息,3,0,3,富邦-台東,2024-11-21,9608
3013,晟銘電,3,0,3,富邦-台東,2024-11-21,9608
006208,富邦台50,4,1,3,富邦-台東,2024-11-21,9608
00922,國泰台灣領袖50,3,0,3,富邦-台東,2024-11-21,9608
00932,兆豐永續高息等權,3,0,3,富邦-台東,2024-11-21,9608
00903,富邦元宇宙,3,0,3,富邦-台東,2024-11-21,9608
1560,中砂,3,0,3,富邦-台東,2024-11-21,9608
2897,王道銀行,3,0,3,富邦-台東,2024-11-21,9608
2939,永邑-KY,4,1,3,富邦-台東,2024-11-21,9608
3062,建漢,13,10,3,富邦-台東,2024-11-21,9608
9105,泰金寶-DR,102,29,73,富邦-台東,2024-11-22,9608
2834,臺企銀,40,0,40,富邦-台東,2024-11-22,9608
00680L,元大美債20正2,37,0,37,富邦-台東,2024-11-22,9608
912000,晨訊科-DR,34,0,34,富邦-台東,2024-11-22,9608
00676R,富邦臺灣加權反1,32,0,32,富邦-台東,2024-11-22,9608
3027,盛達,940,910,30,富邦-台東,2024-11-22,9608
1718,中纖,25,0,25,富邦-台東,2024-11-22,9608
2356,英業達,86,63,23,富邦-台東,2024-11-22,9608
8038,長園科,21,0,21,富邦-台東,2024-11-22,9608
2891,中信金,25,7,18,富邦-台東,2024-11-22,9608
00633L,富邦上証正2,27,10,17,富邦-台東,2024-11-22,9608
2615,萬海,17,1,16,富邦-台東,2024-11-22,9608
00943,兆豐電子高息等權,12,0,12,富邦-台東,2024-11-22,9608
4971,IET-KY,11,0,11,富邦-台東,2024-11-22,9608
8927,北基,11,0,11,富邦-台東,2024-11-22,9608
6151,晉倫,10,0,10,富邦-台東,2024-11-22,9608
00753L,中信中國50正2,15,5,10,富邦-台東,2024-11-22,9608
00632R,元大台灣50反1,10,0,10,富邦-台東,2024-11-22,9608
2425,承啟,10,0,10,富邦-台東,2024-11-22,9608
6741,91APP*-KY,10,0,10,富邦-台東,2024-11-22,9608
2524,京城,9,0,9,富邦-台東,2024-11-22,9608
3290,東浦,8,1,7,富邦-台東,2024-11-22,9608
2882,國泰金,13,6,7,富邦-台東,2024-11-22,9608
3706,神達,32,26,6,富邦-台東,2024-11-22,9608
00673R,期元大S＆P原油反1,6,0,6,富邦-台東,2024-11-22,9608
1735,日勝化,6,0,6,富邦-台東,2024-11-22,9608
2303,聯電,6,0,6,富邦-台東,2024-11-22,9608
4513,福裕,6,0,6,富邦-台東,2024-11-22,9608
00934,中信成長高股息,5,0,5,富邦-台東,2024-11-22,9608
0061,元大寶滬深,5,0,5,富邦-台東,2024-11-22,9608
00665L,富邦�琤肭磪囓�2,5,0,5,富邦-台東,2024-11-22,9608
1904,正隆,5,0,5,富邦-台東,2024-11-22,9608
3037,欣興,6,1,5,富邦-台東,2024-11-22,9608
3354,律勝,5,0,5,富邦-台東,2024-11-22,9608
00713,元大台灣高息低波,4,0,4,富邦-台東,2024-11-22,9608
2324,仁寶,7,3,4,富邦-台東,2024-11-22,9608
5880,合庫金,4,0,4,富邦-台東,2024-11-22,9608
00937B,群益ESG投等債20,4,0,4,富邦-台東,2024-11-22,9608
2349,錸德,5,1,4,富邦-台東,2024-11-22,9608
2385,群光,4,0,4,富邦-台東,2024-11-22,9608
2405,輔信,6,2,4,富邦-台東,2024-11-22,9608
2816,旺旺保,4,0,4,富邦-台東,2024-11-22,9608
2883,凱基金,15,11,4,富邦-台東,2024-11-22,9608
3035,智原,7,3,4,富邦-台東,2024-11-22,9608
4958,臻鼎-KY,7,3,4,富邦-台東,2024-11-22,9608
6423,億而得-創,4,0,4,富邦-台東,2024-11-22,9608
6558,興能高,5,1,4,富邦-台東,2024-11-22,9608
6770,力積電,4,0,4,富邦-台東,2024-11-22,9608
9946,三發地產,4,0,4,富邦-台東,2024-11-22,9608
00919,群益台灣精選高息,3,0,3,富邦-台東,2024-11-22,9608
9105,泰金寶-DR,244,51,193,富邦-台東,2024-11-25,9608
00931B,統一美債20年,100,2,98,富邦-台東,2024-11-25,9608
1802,台玻,75,6,69,富邦-台東,2024-11-25,9608
00930,永豐ESG低碳高息,59,0,59,富邦-台東,2024-11-25,9608
2312,金寶,96,41,55,富邦-台東,2024-11-25,9608
2892,第一金,52,0,52,富邦-台東,2024-11-25,9608
00674R,期元大S＆P黃金反1,50,0,50,富邦-台東,2024-11-25,9608
3605,宏致,50,0,50,富邦-台東,2024-11-25,9608
4956,光鋐,40,5,35,富邦-台東,2024-11-25,9608
2002,中鋼,20,0,20,富邦-台東,2024-11-25,9608
4303,信立,20,0,20,富邦-台東,2024-11-25,9608
3380,明泰,20,4,16,富邦-台東,2024-11-25,9608
2371,大同,49,34,15,富邦-台東,2024-11-25,9608
00915,凱基優選高股息30,13,0,13,富邦-台東,2024-11-25,9608
00909,國泰數位支付服務,16,3,13,富邦-台東,2024-11-25,9608
00948B,中信優息投資級債,12,0,12,富邦-台東,2024-11-25,9608
00887,永豐中國科技50大,12,0,12,富邦-台東,2024-11-25,9608
00673R,期元大S＆P原油反1,11,0,11,富邦-台東,2024-11-25,9608
6257,矽格,11,0,11,富邦-台東,2024-11-25,9608
00753L,中信中國50正2,10,0,10,富邦-台東,2024-11-25,9608
1718,中纖,10,0,10,富邦-台東,2024-11-25,9608
2351,順德,10,0,10,富邦-台東,2024-11-25,9608
2939,永邑-KY,10,0,10,富邦-台東,2024-11-25,9608
3265,台星科,10,0,10,富邦-台東,2024-11-25,9608
8076,伍豐,10,0,10,富邦-台東,2024-11-25,9608
6423,億而得-創,9,0,9,富邦-台東,2024-11-25,9608
1449,佳和,8,0,8,富邦-台東,2024-11-25,9608
00937B,群益ESG投等債20,10,2,8,富邦-台東,2024-11-25,9608
2385,群光,8,0,8,富邦-台東,2024-11-25,9608
2449,京元電子,9,2,7,富邦-台東,2024-11-25,9608
8105,凌巨,7,0,7,富邦-台東,2024-11-25,9608
00900,富邦特選高股息30,6,0,6,富邦-台東,2024-11-25,9608
2344,華邦電,6,0,6,富邦-台東,2024-11-25,9608
2615,萬海,6,0,6,富邦-台東,2024-11-25,9608
2834,臺企銀,10,4,6,富邦-台東,2024-11-25,9608
006208,富邦台50,5,0,5,富邦-台東,2024-11-25,9608
2603,長榮,13,8,5,富邦-台東,2024-11-25,9608
2313,華通,5,0,5,富邦-台東,2024-11-25,9608
2337,旺宏,5,0,5,富邦-台東,2024-11-25,9608
2355,敬鵬,5,0,5,富邦-台東,2024-11-25,9608
2460,建通,5,0,5,富邦-台東,2024-11-25,9608
2646,星宇航空,5,0,5,富邦-台東,2024-11-25,9608
5512,力麒,5,0,5,富邦-台東,2024-11-25,9608
6133,金橋,15,10,5,富邦-台東,2024-11-25,9608
6282,康舒,6,1,5,富邦-台東,2024-11-25,9608
6534,正瀚-創,5,0,5,富邦-台東,2024-11-25,9608
6770,力積電,5,0,5,富邦-台東,2024-11-25,9608
8044,網家,26,21,5,富邦-台東,2024-11-25,9608
0056,元大高股息,7,3,4,富邦-台東,2024-11-25,9608
1466,聚隆,4,0,4,富邦-台東,2024-11-25,9608
00673R,期元大S＆P原油反1,75,0,75,富邦-台東,2024-11-26,9608
00930,永豐ESG低碳高息,55,0,55,富邦-台東,2024-11-26,9608
2312,金寶,56,18,38,富邦-台東,2024-11-26,9608
2317,鴻海,41,8,33,富邦-台東,2024-11-26,9608
1802,台玻,30,1,29,富邦-台東,2024-11-26,9608
00878,國泰永續高股息,139,110,29,富邦-台東,2024-11-26,9608
00915,凱基優選高股息30,27,0,27,富邦-台東,2024-11-26,9608
3605,宏致,21,0,21,富邦-台東,2024-11-26,9608
00706L,期元大S＆P日圓正2,20,0,20,富邦-台東,2024-11-26,9608
00665L,富邦�琤肭磪囓�2,110,90,20,富邦-台東,2024-11-26,9608
2344,華邦電,19,0,19,富邦-台東,2024-11-26,9608
8044,網家,22,3,19,富邦-台東,2024-11-26,9608
0056,元大高股息,17,0,17,富邦-台東,2024-11-26,9608
3231,緯創,18,2,16,富邦-台東,2024-11-26,9608
2367,燿華,20,4,16,富邦-台東,2024-11-26,9608
2419,仲琦,16,1,15,富邦-台東,2024-11-26,9608
00931B,統一美債20年,16,5,11,富邦-台東,2024-11-26,9608
2834,臺企銀,11,0,11,富邦-台東,2024-11-26,9608
8404,百和興業-KY,11,0,11,富邦-台東,2024-11-26,9608
2883,凱基金,11,0,11,富邦-台東,2024-11-26,9608
00919,群益台灣精選高息,19,9,10,富邦-台東,2024-11-26,9608
00918,大華優利高填息30,10,0,10,富邦-台東,2024-11-26,9608
00932,兆豐永續高息等權,10,0,10,富邦-台東,2024-11-26,9608
00943,兆豐電子高息等權,10,0,10,富邦-台東,2024-11-26,9608
2022,聚亨,10,0,10,富邦-台東,2024-11-26,9608
4967,十銓,12,2,10,富邦-台東,2024-11-26,9608
5483,中美晶,10,0,10,富邦-台東,2024-11-26,9608
006208,富邦台50,10,0,10,富邦-台東,2024-11-26,9608
1314,中石化,9,0,9,富邦-台東,2024-11-26,9608
2329,華泰,10,1,9,富邦-台東,2024-11-26,9608
3035,智原,8,0,8,富邦-台東,2024-11-26,9608
1815,富喬,44,36,8,富邦-台東,2024-11-26,9608
00713,元大台灣高息低波,7,0,7,富邦-台東,2024-11-26,9608
00708L,期元大S＆P黃金正2,7,0,7,富邦-台東,2024-11-26,9608
00933B,國泰10Y+金融債,7,0,7,富邦-台東,2024-11-26,9608
3149,正達,7,0,7,富邦-台東,2024-11-26,9608
6261,久元,7,0,7,富邦-台東,2024-11-26,9608
5309,系統電,17,11,6,富邦-台東,2024-11-26,9608
00922,國泰台灣領袖50,6,0,6,富邦-台東,2024-11-26,9608
00715L,期街口布蘭特正2,6,0,6,富邦-台東,2024-11-26,9608
2385,群光,6,0,6,富邦-台東,2024-11-26,9608
2886,兆豐金,6,0,6,富邦-台東,2024-11-26,9608
3694,海華,6,0,6,富邦-台東,2024-11-26,9608
6282,康舒,7,1,6,富邦-台東,2024-11-26,9608
6535,順藥,6,0,6,富邦-台東,2024-11-26,9608
3323,加百裕,34,28,6,富邦-台東,2024-11-26,9608
2615,萬海,5,0,5,富邦-台東,2024-11-26,9608
00753L,中信中國50正2,77,72,5,富邦-台東,2024-11-26,9608
2530,華建,5,0,5,富邦-台東,2024-11-26,9608
4123,晟德,5,0,5,富邦-台東,2024-11-26,9608
00878,國泰永續高股息,177,12,165,富邦-台東,2024-11-27,9608
00919,群益台灣精選高息,70,1,69,富邦-台東,2024-11-27,9608
00932,兆豐永續高息等權,65,0,65,富邦-台東,2024-11-27,9608
00881,國泰台灣5G+,42,0,42,富邦-台東,2024-11-27,9608
2392,正崴,33,3,30,富邦-台東,2024-11-27,9608
2002,中鋼,30,1,29,富邦-台東,2024-11-27,9608
00940,元大台灣價值高息,30,2,28,富邦-台東,2024-11-27,9608
2603,長榮,32,8,24,富邦-台東,2024-11-27,9608
3231,緯創,23,0,23,富邦-台東,2024-11-27,9608
2317,鴻海,33,12,21,富邦-台東,2024-11-27,9608
5880,合庫金,29,11,18,富邦-台東,2024-11-27,9608
2609,陽明,27,10,17,富邦-台東,2024-11-27,9608
2303,聯電,17,1,16,富邦-台東,2024-11-27,9608
0056,元大高股息,16,1,15,富邦-台東,2024-11-27,9608
00915,凱基優選高股息30,15,0,15,富邦-台東,2024-11-27,9608
00891,中信關鍵半導體,15,0,15,富邦-台東,2024-11-27,9608
2834,臺企銀,14,0,14,富邦-台東,2024-11-27,9608
8044,網家,20,6,14,富邦-台東,2024-11-27,9608
2524,京城,19,6,13,富邦-台東,2024-11-27,9608
1536,和大,20,8,12,富邦-台東,2024-11-27,9608
00937B,群益ESG投等債20,15,3,12,富邦-台東,2024-11-27,9608
4934,太極,12,0,12,富邦-台東,2024-11-27,9608
6186,新潤,12,0,12,富邦-台東,2024-11-27,9608
00929,復華台灣科技優息,12,1,11,富邦-台東,2024-11-27,9608
2444,兆勁,11,0,11,富邦-台東,2024-11-27,9608
6770,力積電,12,2,10,富邦-台東,2024-11-27,9608
00952,凱基台灣AI50,10,0,10,富邦-台東,2024-11-27,9608
00943,兆豐電子高息等權,10,0,10,富邦-台東,2024-11-27,9608
2492,華新科,10,0,10,富邦-台東,2024-11-27,9608
6152,百一,10,0,10,富邦-台東,2024-11-27,9608
4938,和碩,10,0,10,富邦-台東,2024-11-27,9608
3481,群創,11,1,10,富邦-台東,2024-11-27,9608
2385,群光,10,0,10,富邦-台東,2024-11-27,9608
2881,富邦金,9,0,9,富邦-台東,2024-11-27,9608
006208,富邦台50,9,0,9,富邦-台東,2024-11-27,9608
2313,華通,10,1,9,富邦-台東,2024-11-27,9608
2615,萬海,11,2,9,富邦-台東,2024-11-27,9608
6962,ITH-KY,10,1,9,富邦-台東,2024-11-27,9608
6213,聯茂,8,0,8,富邦-台東,2024-11-27,9608
2330,台積電,8,0,8,富邦-台東,2024-11-27,9608
00882,中信中國高股息,7,0,7,富邦-台東,2024-11-27,9608
00918,大華優利高填息30,18,11,7,富邦-台東,2024-11-27,9608
1101,台泥,7,0,7,富邦-台東,2024-11-27,9608
2399,映泰,22,15,7,富邦-台東,2024-11-27,9608
00905,FT臺灣Smart,6,0,6,富邦-台東,2024-11-27,9608
00640L,富邦日本正2,6,0,6,富邦-台東,2024-11-27,9608
1709,和益,6,0,6,富邦-台東,2024-11-27,9608
2889,國票金,6,0,6,富邦-台東,2024-11-27,9608
5299,杰力,6,0,6,富邦-台東,2024-11-27,9608
6239,力成,6,0,6,富邦-台東,2024-11-27,9608
2888,新光金,200,1,199,富邦-台東,2024-11-28,9608
00919,群益台灣精選高息,75,0,75,富邦-台東,2024-11-28,9608
00940,元大台灣價值高息,67,1,66,富邦-台東,2024-11-28,9608
00915,凱基優選高股息30,56,0,56,富邦-台東,2024-11-28,9608
00878,國泰永續高股息,160,112,48,富邦-台東,2024-11-28,9608
2344,華邦電,52,5,47,富邦-台東,2024-11-28,9608
9105,泰金寶-DR,39,2,37,富邦-台東,2024-11-28,9608
0056,元大高股息,33,1,32,富邦-台東,2024-11-28,9608
00937B,群益ESG投等債20,53,21,32,富邦-台東,2024-11-28,9608
6117,迎廣,28,10,18,富邦-台東,2024-11-28,9608
2834,臺企銀,18,0,18,富邦-台東,2024-11-28,9608
2312,金寶,44,29,15,富邦-台東,2024-11-28,9608
6770,力積電,16,1,15,富邦-台東,2024-11-28,9608
2332,友訊,27,13,14,富邦-台東,2024-11-28,9608
2646,星宇航空,15,1,14,富邦-台東,2024-11-28,9608
6186,新潤,13,0,13,富邦-台東,2024-11-28,9608
00946,群益科技高息成長,13,0,13,富邦-台東,2024-11-28,9608
00932,兆豐永續高息等權,11,0,11,富邦-台東,2024-11-28,9608
00943,兆豐電子高息等權,11,0,11,富邦-台東,2024-11-28,9608
6534,正瀚-創,11,0,11,富邦-台東,2024-11-28,9608
00881,國泰台灣5G+,10,0,10,富邦-台東,2024-11-28,9608
2303,聯電,16,6,10,富邦-台東,2024-11-28,9608
2939,永邑-KY,10,0,10,富邦-台東,2024-11-28,9608
3481,群創,10,0,10,富邦-台東,2024-11-28,9608
00918,大華優利高填息30,25,15,10,富邦-台東,2024-11-28,9608
00891,中信關鍵半導體,9,0,9,富邦-台東,2024-11-28,9608
6461,益得,9,0,9,富邦-台東,2024-11-28,9608
4979,華星光,20,11,9,富邦-台東,2024-11-28,9608
2603,長榮,9,1,8,富邦-台東,2024-11-28,9608
1536,和大,9,1,8,富邦-台東,2024-11-28,9608
8028,昇陽半導體,8,0,8,富邦-台東,2024-11-28,9608
1815,富喬,40,32,8,富邦-台東,2024-11-28,9608
00922,國泰台灣領袖50,7,0,7,富邦-台東,2024-11-28,9608
4510,高鋒,24,17,7,富邦-台東,2024-11-28,9608
2419,仲琦,7,0,7,富邦-台東,2024-11-28,9608
2038,海光,6,0,6,富邦-台東,2024-11-28,9608
3062,建漢,12,6,6,富邦-台東,2024-11-28,9608
00929,復華台灣科技優息,34,28,6,富邦-台東,2024-11-28,9608
2357,華碩,5,0,5,富邦-台東,2024-11-28,9608
2367,燿華,6,1,5,富邦-台東,2024-11-28,9608
2801,彰銀,5,0,5,富邦-台東,2024-11-28,9608
3088,艾訊,5,0,5,富邦-台東,2024-11-28,9608
6152,百一,5,0,5,富邦-台東,2024-11-28,9608
6209,今國光,5,0,5,富邦-台東,2024-11-28,9608
8064,東捷,6,1,5,富邦-台東,2024-11-28,9608
00713,元大台灣高息低波,5,0,5,富邦-台東,2024-11-28,9608
2330,台積電,8,3,5,富邦-台東,2024-11-28,9608
00675L,富邦臺灣加權正2,4,0,4,富邦-台東,2024-11-28,9608
00927,群益半導體收益,4,0,4,富邦-台東,2024-11-28,9608
2204,中華,6,2,4,富邦-台東,2024-11-28,9608
1795,美時,333,3,330,富邦-台東,2024-11-29,9608
6446,藥華藥,149,0,149,富邦-台東,2024-11-29,9608
00915,凱基優選高股息30,76,0,76,富邦-台東,2024-11-29,9608
00940,元大台灣價值高息,50,1,49,富邦-台東,2024-11-29,9608
8042,金山電,21,1,20,富邦-台東,2024-11-29,9608
2303,聯電,17,0,17,富邦-台東,2024-11-29,9608
3147,大綜,16,0,16,富邦-台東,2024-11-29,9608
3715,定穎投控,16,0,16,富邦-台東,2024-11-29,9608
6770,力積電,32,18,14,富邦-台東,2024-11-29,9608
2883,凱基金,34,21,13,富邦-台東,2024-11-29,9608
6153,嘉聯益,15,2,13,富邦-台東,2024-11-29,9608
2609,陽明,15,3,12,富邦-台東,2024-11-29,9608
5309,系統電,33,21,12,富邦-台東,2024-11-29,9608
3591,艾笛森,18,7,11,富邦-台東,2024-11-29,9608
8163,達方,11,0,11,富邦-台東,2024-11-29,9608
2834,臺企銀,12,2,10,富邦-台東,2024-11-29,9608
2892,第一金,10,0,10,富邦-台東,2024-11-29,9608
2881,富邦金,10,0,10,富邦-台東,2024-11-29,9608
2801,彰銀,9,0,9,富邦-台東,2024-11-29,9608
2421,建準,9,0,9,富邦-台東,2024-11-29,9608
0056,元大高股息,9,1,8,富邦-台東,2024-11-29,9608
2317,鴻海,10,2,8,富邦-台東,2024-11-29,9608
00937B,群益ESG投等債20,20,13,7,富邦-台東,2024-11-29,9608
2603,長榮,10,3,7,富邦-台東,2024-11-29,9608
00922,國泰台灣領袖50,7,0,7,富邦-台東,2024-11-29,9608
00905,FT臺灣Smart,7,0,7,富邦-台東,2024-11-29,9608
2891,中信金,8,1,7,富邦-台東,2024-11-29,9608
2002,中鋼,6,0,6,富邦-台東,2024-11-29,9608
3293,鈊象,5,0,5,富邦-台東,2024-11-29,9608
00830,國泰費城半導體,5,0,5,富邦-台東,2024-11-29,9608
1536,和大,7,2,5,富邦-台東,2024-11-29,9608
00881,國泰台灣5G+,5,1,4,富邦-台東,2024-11-29,9608
6558,興能高,8,4,4,富邦-台東,2024-11-29,9608
9105,泰金寶-DR,34,30,4,富邦-台東,2024-11-29,9608
4931,新盛力,5,1,4,富邦-台東,2024-11-29,9608
3037,欣興,5,1,4,富邦-台東,2024-11-29,9608
00850,元大臺灣ESG永續,3,0,3,富邦-台東,2024-11-29,9608
00930,永豐ESG低碳高息,3,0,3,富邦-台東,2024-11-29,9608
2342,茂矽,3,0,3,富邦-台東,2024-11-29,9608
2413,環科,3,0,3,富邦-台東,2024-11-29,9608
3580,友威科,3,0,3,富邦-台東,2024-11-29,9608
5243,乙盛-KY,3,0,3,富邦-台東,2024-11-29,9608
6859,伯特光,6,3,3,富邦-台東,2024-11-29,9608
8028,昇陽半導體,4,1,3,富邦-台東,2024-11-29,9608
8076,伍豐,3,0,3,富邦-台東,2024-11-29,9608
5880,合庫金,3,0,3,富邦-台東,2024-11-29,9608
00923,群益台ESG低碳50,3,1,2,富邦-台東,2024-11-29,9608
00713,元大台灣高息低波,2,0,2,富邦-台東,2024-11-29,9608
6530,創威,5,3,2,富邦-台東,2024-11-29,9608
2615,萬海,23,21,2,富邦-台東,2024-11-29,9608
00948B,中信優息投資級債,372,100,272,富邦-台東,2024-12-02,9608
00632R,元大台灣50反1,150,0,150,富邦-台東,2024-12-02,9608
4123,晟德,102,52,50,富邦-台東,2024-12-02,9608
1314,中石化,22,0,22,富邦-台東,2024-12-02,9608
2317,鴻海,28,7,21,富邦-台東,2024-12-02,9608
00918,大華優利高填息30,25,4,21,富邦-台東,2024-12-02,9608
1536,和大,24,4,20,富邦-台東,2024-12-02,9608
6534,正瀚-創,20,0,20,富邦-台東,2024-12-02,9608
2890,永豐金,20,3,17,富邦-台東,2024-12-02,9608
1528,恩德,21,5,16,富邦-台東,2024-12-02,9608
6550,北極星藥業-KY,15,0,15,富邦-台東,2024-12-02,9608
3231,緯創,14,1,13,富邦-台東,2024-12-02,9608
2897,王道銀行,12,0,12,富邦-台東,2024-12-02,9608
2351,順德,10,0,10,富邦-台東,2024-12-02,9608
3322,建舜電,10,0,10,富邦-台東,2024-12-02,9608
2887,台新金,10,1,9,富邦-台東,2024-12-02,9608
3702,大聯大,10,1,9,富邦-台東,2024-12-02,9608
2002,中鋼,9,0,9,富邦-台東,2024-12-02,9608
5309,系統電,13,5,8,富邦-台東,2024-12-02,9608
00708L,期元大S＆P黃金正2,8,0,8,富邦-台東,2024-12-02,9608
2385,群光,8,0,8,富邦-台東,2024-12-02,9608
6558,興能高,19,11,8,富邦-台東,2024-12-02,9608
1815,富喬,16,9,7,富邦-台東,2024-12-02,9608
2605,新興,7,0,7,富邦-台東,2024-12-02,9608
5289,宜鼎,9,2,7,富邦-台東,2024-12-02,9608
6153,嘉聯益,7,0,7,富邦-台東,2024-12-02,9608
5328,華容,13,7,6,富邦-台東,2024-12-02,9608
00642U,期元大S＆P石油,5,0,5,富邦-台東,2024-12-02,9608
00715L,期街口布蘭特正2,5,0,5,富邦-台東,2024-12-02,9608
2338,光罩,5,0,5,富邦-台東,2024-12-02,9608
3049,精金,5,0,5,富邦-台東,2024-12-02,9608
5014,建錩,5,0,5,富邦-台東,2024-12-02,9608
5907,大洋-KY,5,0,5,富邦-台東,2024-12-02,9608
6873,泓德能源,5,0,5,富邦-台東,2024-12-02,9608
8028,昇陽半導體,6,1,5,富邦-台東,2024-12-02,9608
00830,國泰費城半導體,5,0,5,富邦-台東,2024-12-02,9608
8042,金山電,6,2,4,富邦-台東,2024-12-02,9608
4510,高鋒,10,6,4,富邦-台東,2024-12-02,9608
5347,世界,4,0,4,富邦-台東,2024-12-02,9608
6770,力積電,4,0,4,富邦-台東,2024-12-02,9608
2637,慧洋-KY,4,1,3,富邦-台東,2024-12-02,9608
1301,台塑,10,7,3,富邦-台東,2024-12-02,9608
2892,第一金,3,0,3,富邦-台東,2024-12-02,9608
1605,華新,10,7,3,富邦-台東,2024-12-02,9608
2038,海光,3,0,3,富邦-台東,2024-12-02,9608
2303,聯電,5,2,3,富邦-台東,2024-12-02,9608
2392,正崴,3,0,3,富邦-台東,2024-12-02,9608
2834,臺企銀,4,1,3,富邦-台東,2024-12-02,9608
4976,佳凌,3,0,3,富邦-台東,2024-12-02,9608
6472,保瑞,3,0,3,富邦-台東,2024-12-02,9608
00948B,中信優息投資級債,273,0,273,富邦-台東,2024-12-03,9608
00919,群益台灣精選高息,187,5,182,富邦-台東,2024-12-03,9608
2888,新光金,100,0,100,富邦-台東,2024-12-03,9608
2385,群光,47,0,47,富邦-台東,2024-12-03,9608
00712,復華富時不動產,40,1,39,富邦-台東,2024-12-03,9608
2646,星宇航空,38,3,35,富邦-台東,2024-12-03,9608
2371,大同,21,1,20,富邦-台東,2024-12-03,9608
4123,晟德,21,1,20,富邦-台東,2024-12-03,9608
5439,高技,17,2,15,富邦-台東,2024-12-03,9608
2344,華邦電,12,0,12,富邦-台東,2024-12-03,9608
3338,泰碩,13,1,12,富邦-台東,2024-12-03,9608
2615,萬海,11,0,11,富邦-台東,2024-12-03,9608
3029,零壹,10,0,10,富邦-台東,2024-12-03,9608
2101,南港,10,0,10,富邦-台東,2024-12-03,9608
2939,永邑-KY,10,0,10,富邦-台東,2024-12-03,9608
6283,淳安,10,0,10,富邦-台東,2024-12-03,9608
6770,力積電,11,1,10,富邦-台東,2024-12-03,9608
8111,立��,11,2,9,富邦-台東,2024-12-03,9608
00932,兆豐永續高息等權,10,2,8,富邦-台東,2024-12-03,9608
00918,大華優利高填息30,9,1,8,富邦-台東,2024-12-03,9608
5371,中光電,10,2,8,富邦-台東,2024-12-03,9608
2891,中信金,10,3,7,富邦-台東,2024-12-03,9608
2303,聯電,25,18,7,富邦-台東,2024-12-03,9608
00687B,國泰20年美債,15,8,7,富邦-台東,2024-12-03,9608
1711,永光,7,0,7,富邦-台東,2024-12-03,9608
2317,鴻海,17,11,6,富邦-台東,2024-12-03,9608
00915,凱基優選高股息30,6,0,6,富邦-台東,2024-12-03,9608
2327,國巨,7,1,6,富邦-台東,2024-12-03,9608
2312,金寶,8,2,6,富邦-台東,2024-12-03,9608
2329,華泰,7,1,6,富邦-台東,2024-12-03,9608
2421,建準,7,1,6,富邦-台東,2024-12-03,9608
0056,元大高股息,6,0,6,富邦-台東,2024-12-03,9608
1294,漢田生技,5,0,5,富邦-台東,2024-12-03,9608
1477,聚陽,5,0,5,富邦-台東,2024-12-03,9608
4510,高鋒,7,2,5,富邦-台東,2024-12-03,9608
6923,中台,5,0,5,富邦-台東,2024-12-03,9608
2543,皇昌,4,0,4,富邦-台東,2024-12-03,9608
2929,淘帝-KY,4,0,4,富邦-台東,2024-12-03,9608
3711,日月光投控,4,0,4,富邦-台東,2024-12-03,9608
8042,金山電,14,10,4,富邦-台東,2024-12-03,9608
3019,亞光,3,0,3,富邦-台東,2024-12-03,9608
00905,FT臺灣Smart,3,0,3,富邦-台東,2024-12-03,9608
00927,群益半導體收益,4,1,3,富邦-台東,2024-12-03,9608
2062,橋椿,3,0,3,富邦-台東,2024-12-03,9608
6153,嘉聯益,8,5,3,富邦-台東,2024-12-03,9608
6186,新潤,3,0,3,富邦-台東,2024-12-03,9608
6715,嘉基,3,0,3,富邦-台東,2024-12-03,9608
4977,眾達-KY,3,0,3,富邦-台東,2024-12-03,9608
5309,系統電,8,6,2,富邦-台東,2024-12-03,9608
2382,廣達,2,0,2,富邦-台東,2024-12-03,9608
00673R,期元大S＆P原油反1,55,0,55,富邦-台東,2024-12-04,9608
9105,泰金寶-DR,46,17,29,富邦-台東,2024-12-04,9608
00918,大華優利高填息30,43,20,23,富邦-台東,2024-12-04,9608
00664R,國泰臺灣加權反1,20,0,20,富邦-台東,2024-12-04,9608
00712,復華富時不動產,20,0,20,富邦-台東,2024-12-04,9608
4580,捷流閥業,20,0,20,富邦-台東,2024-12-04,9608
2504,國產,17,2,15,富邦-台東,2024-12-04,9608
3706,神達,45,31,14,富邦-台東,2024-12-04,9608
00919,群益台灣精選高息,34,20,14,富邦-台東,2024-12-04,9608
00878,國泰永續高股息,14,0,14,富邦-台東,2024-12-04,9608
2605,新興,15,1,14,富邦-台東,2024-12-04,9608
6134,萬旭,13,1,12,富邦-台東,2024-12-04,9608
2426,鼎元,11,0,11,富邦-台東,2024-12-04,9608
4979,華星光,21,10,11,富邦-台東,2024-12-04,9608
00915,凱基優選高股息30,13,3,10,富邦-台東,2024-12-04,9608
00719B,元大美債1-3,10,0,10,富邦-台東,2024-12-04,9608
00681R,元大美債20反1,10,0,10,富邦-台東,2024-12-04,9608
00679B,元大美債20年,21,11,10,富邦-台東,2024-12-04,9608
00946,群益科技高息成長,10,0,10,富邦-台東,2024-12-04,9608
2349,錸德,10,0,10,富邦-台東,2024-12-04,9608
2606,裕民,10,0,10,富邦-台東,2024-12-04,9608
3025,星通,18,10,8,富邦-台東,2024-12-04,9608
2891,中信金,12,5,7,富邦-台東,2024-12-04,9608
00933B,國泰10Y+金融債,7,1,6,富邦-台東,2024-12-04,9608
00937B,群益ESG投等債20,8,2,6,富邦-台東,2024-12-04,9608
2524,京城,12,6,6,富邦-台東,2024-12-04,9608
6558,興能高,10,4,6,富邦-台東,2024-12-04,9608
6672,騰輝電子-KY,6,0,6,富邦-台東,2024-12-04,9608
1314,中石化,20,15,5,富邦-台東,2024-12-04,9608
2344,華邦電,10,5,5,富邦-台東,2024-12-04,9608
2939,永邑-KY,5,0,5,富邦-台東,2024-12-04,9608
6534,正瀚-創,5,0,5,富邦-台東,2024-12-04,9608
8927,北基,5,0,5,富邦-台東,2024-12-04,9608
2646,星宇航空,8,3,5,富邦-台東,2024-12-04,9608
2637,慧洋-KY,4,0,4,富邦-台東,2024-12-04,9608
2327,國巨,4,0,4,富邦-台東,2024-12-04,9608
00964,中信亞太高股息,4,0,4,富邦-台東,2024-12-04,9608
2002,中鋼,6,2,4,富邦-台東,2024-12-04,9608
3149,正達,4,0,4,富邦-台東,2024-12-04,9608
6186,新潤,4,0,4,富邦-台東,2024-12-04,9608
2368,金像電,5,1,4,富邦-台東,2024-12-04,9608
006208,富邦台50,7,4,3,富邦-台東,2024-12-04,9608
2449,京元電子,5,2,3,富邦-台東,2024-12-04,9608
1326,台化,3,0,3,富邦-台東,2024-12-04,9608
00713,元大台灣高息低波,3,0,3,富邦-台東,2024-12-04,9608
00941,中信上游半導體,3,0,3,富邦-台東,2024-12-04,9608
2444,兆勁,3,0,3,富邦-台東,2024-12-04,9608
3455,由田,3,0,3,富邦-台東,2024-12-04,9608
6284,佳邦,3,0,3,富邦-台東,2024-12-04,9608
6668,中揚光,3,0,3,富邦-台東,2024-12-04,9608
00919,群益台灣精選高息,37,2,35,富邦-台東,2024-12-05,9608
00715L,期街口布蘭特正2,34,0,34,富邦-台東,2024-12-05,9608
2371,大同,84,54,30,富邦-台東,2024-12-05,9608
2408,南亞科,30,0,30,富邦-台東,2024-12-05,9608
3228,金麗科,30,0,30,富邦-台東,2024-12-05,9608
2344,華邦電,41,16,25,富邦-台東,2024-12-05,9608
00918,大華優利高填息30,25,0,25,富邦-台東,2024-12-05,9608
2303,聯電,34,11,23,富邦-台東,2024-12-05,9608
2324,仁寶,21,0,21,富邦-台東,2024-12-05,9608
1785,光洋科,20,0,20,富邦-台東,2024-12-05,9608
1815,富喬,47,29,18,富邦-台東,2024-12-05,9608
5328,華容,29,12,17,富邦-台東,2024-12-05,9608
00930,永豐ESG低碳高息,15,0,15,富邦-台東,2024-12-05,9608
8042,金山電,16,2,14,富邦-台東,2024-12-05,9608
2211,長榮鋼,13,0,13,富邦-台東,2024-12-05,9608
2611,志信,13,0,13,富邦-台東,2024-12-05,9608
3260,威剛,13,0,13,富邦-台東,2024-12-05,9608
6127,九豪,19,6,13,富邦-台東,2024-12-05,9608
00948B,中信優息投資級債,12,0,12,富邦-台東,2024-12-05,9608
2498,宏達電,12,0,12,富邦-台東,2024-12-05,9608
00915,凱基優選高股息30,16,5,11,富邦-台東,2024-12-05,9608
2002,中鋼,12,1,11,富邦-台東,2024-12-05,9608
4931,新盛力,16,5,11,富邦-台東,2024-12-05,9608
00681R,元大美債20反1,10,0,10,富邦-台東,2024-12-05,9608
2038,海光,10,0,10,富邦-台東,2024-12-05,9608
2101,南港,10,0,10,富邦-台東,2024-12-05,9608
2313,華通,10,0,10,富邦-台東,2024-12-05,9608
2605,新興,10,0,10,富邦-台東,2024-12-05,9608
2897,王道銀行,10,0,10,富邦-台東,2024-12-05,9608
3594,磐儀,10,0,10,富邦-台東,2024-12-05,9608
6005,群益證,10,0,10,富邦-台東,2024-12-05,9608
00753L,中信中國50正2,10,1,9,富邦-台東,2024-12-05,9608
2464,盟立,10,1,9,富邦-台東,2024-12-05,9608
6186,新潤,9,0,9,富邦-台東,2024-12-05,9608
6134,萬旭,9,1,8,富邦-台東,2024-12-05,9608
3163,波若威,8,1,7,富邦-台東,2024-12-05,9608
00712,復華富時不動產,6,0,6,富邦-台東,2024-12-05,9608
1536,和大,5,0,5,富邦-台東,2024-12-05,9608
3356,奇偶,5,0,5,富邦-台東,2024-12-05,9608
6770,力積電,6,1,5,富邦-台東,2024-12-05,9608
8111,立��,6,1,5,富邦-台東,2024-12-05,9608
6505,台塑化,7,3,4,富邦-台東,2024-12-05,9608
00937B,群益ESG投等債20,4,0,4,富邦-台東,2024-12-05,9608
2929,淘帝-KY,4,0,4,富邦-台東,2024-12-05,9608
3715,定穎投控,4,0,4,富邦-台東,2024-12-05,9608
5907,大洋-KY,6,2,4,富邦-台東,2024-12-05,9608
3293,鈊象,4,0,4,富邦-台東,2024-12-05,9608
1301,台塑,10,7,3,富邦-台東,2024-12-05,9608
3090,日電貿,7,4,3,富邦-台東,2024-12-05,9608
3013,晟銘電,4,1,3,富邦-台東,2024-12-05,9608
5438,東友,834,366,468,富邦-台東,2024-12-06,9608
00900,富邦特選高股息30,63,1,62,富邦-台東,2024-12-06,9608
2891,中信金,58,3,55,富邦-台東,2024-12-06,9608
00919,群益台灣精選高息,50,5,45,富邦-台東,2024-12-06,9608
4123,晟德,30,1,29,富邦-台東,2024-12-06,9608
4108,懷特,24,0,24,富邦-台東,2024-12-06,9608
5905,南仁湖,20,0,20,富邦-台東,2024-12-06,9608
2354,鴻準,27,10,17,富邦-台東,2024-12-06,9608
3354,律勝,15,0,15,富邦-台東,2024-12-06,9608
6153,嘉聯益,15,0,15,富邦-台東,2024-12-06,9608
00909,國泰數位支付服務,15,1,14,富邦-台東,2024-12-06,9608
2399,映泰,481,469,12,富邦-台東,2024-12-06,9608
2330,台積電,15,2,13,富邦-台東,2024-12-06,9608
6112,邁達特,14,2,12,富邦-台東,2024-12-06,9608
4729,熒茂,11,0,11,富邦-台東,2024-12-06,9608
00937B,群益ESG投等債20,13,2,11,富邦-台東,2024-12-06,9608
00943,兆豐電子高息等權,10,0,10,富邦-台東,2024-12-06,9608
2332,友訊,10,0,10,富邦-台東,2024-12-06,9608
2939,永邑-KY,10,0,10,富邦-台東,2024-12-06,9608
3303,岱稜,10,0,10,富邦-台東,2024-12-06,9608
3521,鴻翊,10,1,9,富邦-台東,2024-12-06,9608
2337,旺宏,10,1,9,富邦-台東,2024-12-06,9608
2317,鴻海,16,8,8,富邦-台東,2024-12-06,9608
4919,新唐,12,4,8,富邦-台東,2024-12-06,9608
1605,華新,11,4,7,富邦-台東,2024-12-06,9608
2002,中鋼,10,3,7,富邦-台東,2024-12-06,9608
00918,大華優利高填息30,7,0,7,富邦-台東,2024-12-06,9608
4956,光鋐,11,4,7,富邦-台東,2024-12-06,9608
2883,凱基金,17,10,7,富邦-台東,2024-12-06,9608
6472,保瑞,8,1,7,富邦-台東,2024-12-06,9608
00965,元大航太防衛科技,8,2,6,富邦-台東,2024-12-06,9608
2349,錸德,6,0,6,富邦-台東,2024-12-06,9608
4979,華星光,6,0,6,富邦-台東,2024-12-06,9608
6005,群益證,6,0,6,富邦-台東,2024-12-06,9608
6139,亞翔,6,0,6,富邦-台東,2024-12-06,9608
6806,森崴能源,6,0,6,富邦-台東,2024-12-06,9608
3706,神達,27,21,6,富邦-台東,2024-12-06,9608
5457,宣德,7,2,5,富邦-台東,2024-12-06,9608
00708L,期元大S＆P黃金正2,5,0,5,富邦-台東,2024-12-06,9608
00642U,期元大S＆P石油,5,0,5,富邦-台東,2024-12-06,9608
00715L,期街口布蘭特正2,5,0,5,富邦-台東,2024-12-06,9608
1611,中電,5,0,5,富邦-台東,2024-12-06,9608
3062,建漢,6,1,5,富邦-台東,2024-12-06,9608
3356,奇偶,5,0,5,富邦-台東,2024-12-06,9608
5439,高技,5,0,5,富邦-台東,2024-12-06,9608
6207,雷科,5,0,5,富邦-台東,2024-12-06,9608
6589,台康生技,5,0,5,富邦-台東,2024-12-06,9608
6741,91APP*-KY,5,0,5,富邦-台東,2024-12-06,9608
6923,中台,5,0,5,富邦-台東,2024-12-06,9608
8089,康全電訊,6,1,5,富邦-台東,2024-12-06,9608
2891,中信金,77,4,73,富邦-台東,2024-12-09,9608
00915,凱基優選高股息30,53,0,53,富邦-台東,2024-12-09,9608
00715L,期街口布蘭特正2,42,0,42,富邦-台東,2024-12-09,9608
5905,南仁湖,40,0,40,富邦-台東,2024-12-09,9608
00919,群益台灣精選高息,35,9,26,富邦-台東,2024-12-09,9608
00918,大華優利高填息30,26,0,26,富邦-台東,2024-12-09,9608
0056,元大高股息,27,2,25,富邦-台東,2024-12-09,9608
1524,耿鼎,25,3,22,富邦-台東,2024-12-09,9608
3228,金麗科,20,0,20,富邦-台東,2024-12-09,9608
2867,三商壽,20,0,20,富邦-台東,2024-12-09,9608
4123,晟德,20,0,20,富邦-台東,2024-12-09,9608
8076,伍豐,20,0,20,富邦-台東,2024-12-09,9608
3051,力特,20,1,19,富邦-台東,2024-12-09,9608
00941,中信上游半導體,20,2,18,富邦-台東,2024-12-09,9608
2431,聯昌,18,0,18,富邦-台東,2024-12-09,9608
00929,復華台灣科技優息,33,17,16,富邦-台東,2024-12-09,9608
2426,鼎元,13,0,13,富邦-台東,2024-12-09,9608
2354,鴻準,16,3,13,富邦-台東,2024-12-09,9608
00923,群益台ESG低碳50,10,0,10,富邦-台東,2024-12-09,9608
00725B,國泰投資級公司債,10,0,10,富邦-台東,2024-12-09,9608
00664R,國泰臺灣加權反1,10,0,10,富邦-台東,2024-12-09,9608
00943,兆豐電子高息等權,10,0,10,富邦-台東,2024-12-09,9608
00953B,群益優選非投等債,10,0,10,富邦-台東,2024-12-09,9608
1605,華新,12,2,10,富邦-台東,2024-12-09,9608
2542,興富發,10,0,10,富邦-台東,2024-12-09,9608
3594,磐儀,10,0,10,富邦-台東,2024-12-09,9608
8064,東捷,10,0,10,富邦-台東,2024-12-09,9608
2610,華航,20,11,9,富邦-台東,2024-12-09,9608
6141,柏承,8,0,8,富邦-台東,2024-12-09,9608
2356,英業達,8,0,8,富邦-台東,2024-12-09,9608
4931,新盛力,9,2,7,富邦-台東,2024-12-09,9608
4979,華星光,8,1,7,富邦-台東,2024-12-09,9608
6152,百一,7,0,7,富邦-台東,2024-12-09,9608
6695,芯鼎,14,7,7,富邦-台東,2024-12-09,9608
2368,金像電,10,3,7,富邦-台東,2024-12-09,9608
3013,晟銘電,6,0,6,富邦-台東,2024-12-09,9608
00642U,期元大S＆P石油,6,0,6,富邦-台東,2024-12-09,9608
00960,野村全球航運龍頭,7,1,6,富邦-台東,2024-12-09,9608
2890,永豐金,6,0,6,富邦-台東,2024-12-09,9608
3481,群創,6,0,6,富邦-台東,2024-12-09,9608
4729,熒茂,5,0,5,富邦-台東,2024-12-09,9608
2436,偉詮電,5,0,5,富邦-台東,2024-12-09,9608
00937B,群益ESG投等債20,5,0,5,富邦-台東,2024-12-09,9608
0055,元大MSCI金融,5,0,5,富邦-台東,2024-12-09,9608
00946,群益科技高息成長,5,0,5,富邦-台東,2024-12-09,9608
1611,中電,5,0,5,富邦-台東,2024-12-09,9608
1785,光洋科,16,11,5,富邦-台東,2024-12-09,9608
2303,聯電,5,0,5,富邦-台東,2024-12-09,9608
2332,友訊,5,0,5,富邦-台東,2024-12-09,9608
2355,敬鵬,5,0,5,富邦-台東,2024-12-09,9608
2547,日勝生,102,2,100,富邦-台東,2024-12-10,9608
00918,大華優利高填息30,94,0,94,富邦-台東,2024-12-10,9608
00915,凱基優選高股息30,60,0,60,富邦-台東,2024-12-10,9608
1449,佳和,58,1,57,富邦-台東,2024-12-10,9608
2431,聯昌,32,0,32,富邦-台東,2024-12-10,9608
4526,東台,31,3,28,富邦-台東,2024-12-10,9608
2883,凱基金,26,0,26,富邦-台東,2024-12-10,9608
3264,欣銓,20,0,20,富邦-台東,2024-12-10,9608
2317,鴻海,25,6,19,富邦-台東,2024-12-10,9608
00909,國泰數位支付服務,17,0,17,富邦-台東,2024-12-10,9608
2615,萬海,19,7,12,富邦-台東,2024-12-10,9608
00671R,富邦NASDAQ反1,12,0,12,富邦-台東,2024-12-10,9608
2609,陽明,39,28,11,富邦-台東,2024-12-10,9608
5871,中租-KY,12,1,11,富邦-台東,2024-12-10,9608
3706,神達,29,19,10,富邦-台東,2024-12-10,9608
1101,台泥,10,0,10,富邦-台東,2024-12-10,9608
2353,宏��,14,4,10,富邦-台東,2024-12-10,9608
00633L,富邦上証正2,26,16,10,富邦-台東,2024-12-10,9608
5434,崇越,10,0,10,富邦-台東,2024-12-10,9608
1303,南亞,10,1,9,富邦-台東,2024-12-10,9608
00919,群益台灣精選高息,39,31,8,富邦-台東,2024-12-10,9608
6134,萬旭,9,2,7,富邦-台東,2024-12-10,9608
2337,旺宏,8,2,6,富邦-台東,2024-12-10,9608
1802,台玻,6,0,6,富邦-台東,2024-12-10,9608
4991,環宇-KY,6,0,6,富邦-台東,2024-12-10,9608
5202,力新,8,2,6,富邦-台東,2024-12-10,9608
4155,訊映,5,0,5,富邦-台東,2024-12-10,9608
00910,第一金太空衛星,5,0,5,富邦-台東,2024-12-10,9608
00900,富邦特選高股息30,5,0,5,富邦-台東,2024-12-10,9608
00945B,凱基美國非投等債,5,0,5,富邦-台東,2024-12-10,9608
1305,華夏,5,0,5,富邦-台東,2024-12-10,9608
2464,盟立,5,0,5,富邦-台東,2024-12-10,9608
3047,訊舟,5,0,5,富邦-台東,2024-12-10,9608
3062,建漢,6,1,5,富邦-台東,2024-12-10,9608
3607,谷崧,5,0,5,富邦-台東,2024-12-10,9608
6691,洋基工程,5,0,5,富邦-台東,2024-12-10,9608
00936,台新永續高息中小,4,0,4,富邦-台東,2024-12-10,9608
00923,群益台ESG低碳50,4,0,4,富邦-台東,2024-12-10,9608
00720B,元大投資級公司債,4,0,4,富邦-台東,2024-12-10,9608
00715L,期街口布蘭特正2,5,1,4,富邦-台東,2024-12-10,9608
2376,技嘉,4,0,4,富邦-台東,2024-12-10,9608
6133,金橋,4,0,4,富邦-台東,2024-12-10,9608
8096,擎亞,6,2,4,富邦-台東,2024-12-10,9608
0056,元大高股息,3,0,3,富邦-台東,2024-12-10,9608
00932,兆豐永續高息等權,3,0,3,富邦-台東,2024-12-10,9608
3293,鈊象,3,0,3,富邦-台東,2024-12-10,9608
2312,金寶,3,0,3,富邦-台東,2024-12-10,9608
8028,昇陽半導體,3,0,3,富邦-台東,2024-12-10,9608
2362,藍天,3,0,3,富邦-台東,2024-12-10,9608
2408,南亞科,3,0,3,富邦-台東,2024-12-10,9608
00878,國泰永續高股息,106,8,98,富邦-台東,2024-12-11,9608
00918,大華優利高填息30,80,0,80,富邦-台東,2024-12-11,9608
2344,華邦電,68,10,58,富邦-台東,2024-12-11,9608
00674R,期元大S＆P黃金反1,50,0,50,富邦-台東,2024-12-11,9608
0056,元大高股息,45,2,43,富邦-台東,2024-12-11,9608
2408,南亞科,57,16,41,富邦-台東,2024-12-11,9608
1229,聯華,40,0,40,富邦-台東,2024-12-11,9608
00910,第一金太空衛星,35,0,35,富邦-台東,2024-12-11,9608
00940,元大台灣價值高息,38,5,33,富邦-台東,2024-12-11,9608
5371,中光電,33,1,32,富邦-台東,2024-12-11,9608
6770,力積電,32,7,25,富邦-台東,2024-12-11,9608
00946,群益科技高息成長,23,0,23,富邦-台東,2024-12-11,9608
00688L,國泰20年美債正2,22,0,22,富邦-台東,2024-12-11,9608
1449,佳和,27,7,20,富邦-台東,2024-12-11,9608
2317,鴻海,29,9,20,富邦-台東,2024-12-11,9608
2431,聯昌,20,0,20,富邦-台東,2024-12-11,9608
00915,凱基優選高股息30,14,0,14,富邦-台東,2024-12-11,9608
2354,鴻準,15,2,13,富邦-台東,2024-12-11,9608
6104,創惟,13,0,13,富邦-台東,2024-12-11,9608
3363,上詮,11,0,11,富邦-台東,2024-12-11,9608
00933B,國泰10Y+金融債,10,0,10,富邦-台東,2024-12-11,9608
00953B,群益優選非投等債,10,0,10,富邦-台東,2024-12-11,9608
1314,中石化,10,0,10,富邦-台東,2024-12-11,9608
2020,美亞,10,0,10,富邦-台東,2024-12-11,9608
2331,精英,10,0,10,富邦-台東,2024-12-11,9608
2867,三商壽,10,0,10,富邦-台東,2024-12-11,9608
3231,緯創,10,1,9,富邦-台東,2024-12-11,9608
2883,凱基金,15,6,9,富邦-台東,2024-12-11,9608
00633L,富邦上証正2,11,2,9,富邦-台東,2024-12-11,9608
2312,金寶,19,11,8,富邦-台東,2024-12-11,9608
2330,台積電,8,0,8,富邦-台東,2024-12-11,9608
00945B,凱基美國非投等債,7,0,7,富邦-台東,2024-12-11,9608
2363,矽統,6,0,6,富邦-台東,2024-12-11,9608
2342,茂矽,14,8,6,富邦-台東,2024-12-11,9608
2465,麗臺,6,0,6,富邦-台東,2024-12-11,9608
3706,神達,10,4,6,富邦-台東,2024-12-11,9608
00960,野村全球航運龍頭,6,0,6,富邦-台東,2024-12-11,9608
00753L,中信中國50正2,5,0,5,富邦-台東,2024-12-11,9608
00680L,元大美債20正2,5,0,5,富邦-台東,2024-12-11,9608
1611,中電,5,0,5,富邦-台東,2024-12-11,9608
4510,高鋒,6,1,5,富邦-台東,2024-12-11,9608
6757,台灣虎航,5,0,5,富邦-台東,2024-12-11,9608
8011,台通,5,0,5,富邦-台東,2024-12-11,9608
2886,兆豐金,4,0,4,富邦-台東,2024-12-11,9608
1216,統一,4,0,4,富邦-台東,2024-12-11,9608
00671R,富邦NASDAQ反1,4,0,4,富邦-台東,2024-12-11,9608
1524,耿鼎,4,0,4,富邦-台東,2024-12-11,9608
5223,安力-KY,4,0,4,富邦-台東,2024-12-11,9608
6213,聯茂,4,0,4,富邦-台東,2024-12-11,9608
6695,芯鼎,5,1,4,富邦-台東,2024-12-11,9608
2399,映泰,71,0,71,富邦-台東,2024-12-12,9608
00673R,期元大S＆P原油反1,54,0,54,富邦-台東,2024-12-12,9608
00680L,元大美債20正2,48,0,48,富邦-台東,2024-12-12,9608
00919,群益台灣精選高息,45,1,44,富邦-台東,2024-12-12,9608
00918,大華優利高填息30,25,0,25,富邦-台東,2024-12-12,9608
1101,台泥,23,0,23,富邦-台東,2024-12-12,9608
00687B,國泰20年美債,24,3,21,富邦-台東,2024-12-12,9608
2002,中鋼,21,1,20,富邦-台東,2024-12-12,9608
2344,華邦電,50,30,20,富邦-台東,2024-12-12,9608
2317,鴻海,26,8,18,富邦-台東,2024-12-12,9608
00948B,中信優息投資級債,17,0,17,富邦-台東,2024-12-12,9608
1709,和益,16,0,16,富邦-台東,2024-12-12,9608
0056,元大高股息,15,0,15,富邦-台東,2024-12-12,9608
00720B,元大投資級公司債,15,0,15,富邦-台東,2024-12-12,9608
2605,新興,15,0,15,富邦-台東,2024-12-12,9608
2618,長榮航,13,0,13,富邦-台東,2024-12-12,9608
2609,陽明,18,5,13,富邦-台東,2024-12-12,9608
1449,佳和,15,3,12,富邦-台東,2024-12-12,9608
6133,金橋,12,0,12,富邦-台東,2024-12-12,9608
6667,信紘科,12,0,12,富邦-台東,2024-12-12,9608
00953B,群益優選非投等債,11,0,11,富邦-台東,2024-12-12,9608
2392,正崴,12,1,11,富邦-台東,2024-12-12,9608
6770,力積電,22,12,10,富邦-台東,2024-12-12,9608
00688L,國泰20年美債正2,10,0,10,富邦-台東,2024-12-12,9608
8105,凌巨,10,0,10,富邦-台東,2024-12-12,9608
1301,台塑,24,15,9,富邦-台東,2024-12-12,9608
3013,晟銘電,13,5,8,富邦-台東,2024-12-12,9608
6134,萬旭,8,0,8,富邦-台東,2024-12-12,9608
00937B,群益ESG投等債20,7,0,7,富邦-台東,2024-12-12,9608
1303,南亞,14,7,7,富邦-台東,2024-12-12,9608
2303,聯電,26,19,7,富邦-台東,2024-12-12,9608
2342,茂矽,7,0,7,富邦-台東,2024-12-12,9608
2891,中信金,13,6,7,富邦-台東,2024-12-12,9608
1717,長興,6,0,6,富邦-台東,2024-12-12,9608
2371,大同,5,0,5,富邦-台東,2024-12-12,9608
00887,永豐中國科技50大,5,0,5,富邦-台東,2024-12-12,9608
00665L,富邦�琤肭磪囓�2,8,3,5,富邦-台東,2024-12-12,9608
1611,中電,5,0,5,富邦-台東,2024-12-12,9608
1737,臺鹽,5,0,5,富邦-台東,2024-12-12,9608
2104,國際中橡,5,0,5,富邦-台東,2024-12-12,9608
2468,華經,9,4,5,富邦-台東,2024-12-12,9608
2939,永邑-KY,5,0,5,富邦-台東,2024-12-12,9608
3338,泰碩,5,0,5,富邦-台東,2024-12-12,9608
4903,聯光通,5,0,5,富邦-台東,2024-12-12,9608
6505,台塑化,8,3,5,富邦-台東,2024-12-12,9608
8039,台虹,5,0,5,富邦-台東,2024-12-12,9608
00900,富邦特選高股息30,4,0,4,富邦-台東,2024-12-12,9608
2615,萬海,4,0,4,富邦-台東,2024-12-12,9608
2486,一詮,7,3,4,富邦-台東,2024-12-12,9608
00671R,富邦NASDAQ反1,4,0,4,富邦-台東,2024-12-12,9608
00918,大華優利高填息30,77,0,77,富邦-台東,2024-12-13,9608
00706L,期元大S＆P日圓正2,66,0,66,富邦-台東,2024-12-13,9608
00919,群益台灣精選高息,51,0,51,富邦-台東,2024-12-13,9608
0056,元大高股息,40,0,40,富邦-台東,2024-12-13,9608
3447,展達,34,0,34,富邦-台東,2024-12-13,9608
00679B,元大美債20年,30,3,27,富邦-台東,2024-12-13,9608
1524,耿鼎,28,1,27,富邦-台東,2024-12-13,9608
00665L,富邦�琤肭磪囓�2,25,0,25,富邦-台東,2024-12-13,9608
6215,和椿,29,7,22,富邦-台東,2024-12-13,9608
00907,永豐優息存股,20,0,20,富邦-台東,2024-12-13,9608
00937B,群益ESG投等債20,19,0,19,富邦-台東,2024-12-13,9608
00753L,中信中國50正2,18,0,18,富邦-台東,2024-12-13,9608
2317,鴻海,26,9,17,富邦-台東,2024-12-13,9608
3011,今皓,18,1,17,富邦-台東,2024-12-13,9608
2897,王道銀行,15,0,15,富邦-台東,2024-12-13,9608
3062,建漢,25,10,15,富邦-台東,2024-12-13,9608
2353,宏��,14,0,14,富邦-台東,2024-12-13,9608
1301,台塑,12,0,12,富邦-台東,2024-12-13,9608
00893,國泰智能電動車,12,0,12,富邦-台東,2024-12-13,9608
1709,和益,12,0,12,富邦-台東,2024-12-13,9608
1303,南亞,11,0,11,富邦-台東,2024-12-13,9608
6274,台燿,19,8,11,富邦-台東,2024-12-13,9608
8028,昇陽半導體,13,2,11,富邦-台東,2024-12-13,9608
2883,凱基金,10,0,10,富邦-台東,2024-12-13,9608
3056,富華新,10,0,10,富邦-台東,2024-12-13,9608
5531,鄉林,10,0,10,富邦-台東,2024-12-13,9608
5905,南仁湖,10,0,10,富邦-台東,2024-12-13,9608
6163,華電網,10,0,10,富邦-台東,2024-12-13,9608
6550,北極星藥業-KY,10,0,10,富邦-台東,2024-12-13,9608
6854,錼創科技-KY創,19,10,9,富邦-台東,2024-12-13,9608
8927,北基,9,0,9,富邦-台東,2024-12-13,9608
2313,華通,8,0,8,富邦-台東,2024-12-13,9608
4155,訊映,7,0,7,富邦-台東,2024-12-13,9608
00930,永豐ESG低碳高息,7,0,7,富邦-台東,2024-12-13,9608
00640L,富邦日本正2,7,0,7,富邦-台東,2024-12-13,9608
1609,大亞,10,3,7,富邦-台東,2024-12-13,9608
2504,國產,7,0,7,富邦-台東,2024-12-13,9608
00713,元大台灣高息低波,6,0,6,富邦-台東,2024-12-13,9608
3322,建舜電,6,0,6,富邦-台東,2024-12-13,9608
5371,中光電,6,0,6,富邦-台東,2024-12-13,9608
3231,緯創,7,1,6,富邦-台東,2024-12-13,9608
00923,群益台ESG低碳50,6,0,6,富邦-台東,2024-12-13,9608
2929,淘帝-KY,6,0,6,富邦-台東,2024-12-13,9608
2891,中信金,209,204,5,富邦-台東,2024-12-13,9608
6505,台塑化,5,0,5,富邦-台東,2024-12-13,9608
1326,台化,5,0,5,富邦-台東,2024-12-13,9608
00655L,國泰中國A50正2,5,0,5,富邦-台東,2024-12-13,9608
1611,中電,5,0,5,富邦-台東,2024-12-13,9608
2104,國際中橡,9,4,5,富邦-台東,2024-12-13,9608
2405,輔信,5,0,5,富邦-台東,2024-12-13,9608
00929,復華台灣科技優息,57,6,51,富邦-台東,2024-12-16,9608
00919,群益台灣精選高息,46,0,46,富邦-台東,2024-12-16,9608
2609,陽明,53,7,46,富邦-台東,2024-12-16,9608
00687B,國泰20年美債,63,19,44,富邦-台東,2024-12-16,9608
1101,台泥,36,0,36,富邦-台東,2024-12-16,9608
00918,大華優利高填息30,45,10,35,富邦-台東,2024-12-16,9608
2867,三商壽,25,0,25,富邦-台東,2024-12-16,9608
3019,亞光,50,29,21,富邦-台東,2024-12-16,9608
00931B,統一美債20年,18,0,18,富邦-台東,2024-12-16,9608
3231,緯創,15,0,15,富邦-台東,2024-12-16,9608
8927,北基,22,10,12,富邦-台東,2024-12-16,9608
00937B,群益ESG投等債20,11,0,11,富邦-台東,2024-12-16,9608
00933B,國泰10Y+金融債,16,5,11,富邦-台東,2024-12-16,9608
6163,華電網,11,0,11,富邦-台東,2024-12-16,9608
00881,國泰台灣5G+,10,0,10,富邦-台東,2024-12-16,9608
00751B,元大AAA至A公司債,10,0,10,富邦-台東,2024-12-16,9608
00725B,國泰投資級公司債,11,1,10,富邦-台東,2024-12-16,9608
00673R,期元大S＆P原油反1,10,0,10,富邦-台東,2024-12-16,9608
2102,泰豐,10,0,10,富邦-台東,2024-12-16,9608
2897,王道銀行,10,0,10,富邦-台東,2024-12-16,9608
6451,訊芯-KY,12,2,10,富邦-台東,2024-12-16,9608
0056,元大高股息,9,0,9,富邦-台東,2024-12-16,9608
2317,鴻海,25,16,9,富邦-台東,2024-12-16,9608
2618,長榮航,9,1,8,富邦-台東,2024-12-16,9608
00633L,富邦上証正2,8,0,8,富邦-台東,2024-12-16,9608
2615,萬海,9,1,8,富邦-台東,2024-12-16,9608
00753L,中信中國50正2,7,0,7,富邦-台東,2024-12-16,9608
00962,台新AI優息動能,7,0,7,富邦-台東,2024-12-16,9608
2367,燿華,9,2,7,富邦-台東,2024-12-16,9608
00932,兆豐永續高息等權,6,0,6,富邦-台東,2024-12-16,9608
00713,元大台灣高息低波,7,1,6,富邦-台東,2024-12-16,9608
00945B,凱基美國非投等債,6,0,6,富邦-台東,2024-12-16,9608
3062,建漢,12,6,6,富邦-台東,2024-12-16,9608
6859,伯特光,6,0,6,富邦-台東,2024-12-16,9608
2382,廣達,9,3,6,富邦-台東,2024-12-16,9608
2885,元大金,5,0,5,富邦-台東,2024-12-16,9608
3363,上詮,19,14,5,富邦-台東,2024-12-16,9608
00650L,復華香港正2,5,0,5,富邦-台東,2024-12-16,9608
00680L,元大美債20正2,5,0,5,富邦-台東,2024-12-16,9608
00953B,群益優選非投等債,5,0,5,富邦-台東,2024-12-16,9608
2002,中鋼,8,3,5,富邦-台東,2024-12-16,9608
2049,上銀,5,0,5,富邦-台東,2024-12-16,9608
3044,健鼎,6,1,5,富邦-台東,2024-12-16,9608
4174,浩鼎,5,0,5,富邦-台東,2024-12-16,9608
8261,富鼎,5,0,5,富邦-台東,2024-12-16,9608
2449,京元電子,6,2,4,富邦-台東,2024-12-16,9608
00720B,元大投資級公司債,5,1,4,富邦-台東,2024-12-16,9608
00940,元大台灣價值高息,5,1,4,富邦-台東,2024-12-16,9608
2301,光寶科,5,1,4,富邦-台東,2024-12-16,9608
2363,矽統,9,5,4,富邦-台東,2024-12-16,9608
00931B,統一美債20年,110,0,110,富邦-台東,2024-12-17,9608
00687B,國泰20年美債,109,0,109,富邦-台東,2024-12-17,9608
00918,大華優利高填息30,67,0,67,富邦-台東,2024-12-17,9608
00937B,群益ESG投等債20,53,0,53,富邦-台東,2024-12-17,9608
1229,聯華,45,1,44,富邦-台東,2024-12-17,9608
6962,ITH-KY,45,2,43,富邦-台東,2024-12-17,9608
1532,勤美,40,0,40,富邦-台東,2024-12-17,9608
3481,群創,39,0,39,富邦-台東,2024-12-17,9608
00948B,中信優息投資級債,25,0,25,富邦-台東,2024-12-17,9608
00665L,富邦�琤肭磪囓�2,23,0,23,富邦-台東,2024-12-17,9608
3049,精金,20,0,20,富邦-台東,2024-12-17,9608
2883,凱基金,40,21,19,富邦-台東,2024-12-17,9608
00878,國泰永續高股息,18,0,18,富邦-台東,2024-12-17,9608
3041,揚智,28,12,16,富邦-台東,2024-12-17,9608
2317,鴻海,19,4,15,富邦-台東,2024-12-17,9608
4577,達航科技,13,0,13,富邦-台東,2024-12-17,9608
2834,臺企銀,13,0,13,富邦-台東,2024-12-17,9608
2515,中工,13,0,13,富邦-台東,2024-12-17,9608
2409,友達,12,2,10,富邦-台東,2024-12-17,9608
2486,一詮,11,1,10,富邦-台東,2024-12-17,9608
00680L,元大美債20正2,10,0,10,富邦-台東,2024-12-17,9608
2303,聯電,16,6,10,富邦-台東,2024-12-17,9608
2344,華邦電,13,3,10,富邦-台東,2024-12-17,9608
2939,永邑-KY,10,0,10,富邦-台東,2024-12-17,9608
8927,北基,10,0,10,富邦-台東,2024-12-17,9608
3035,智原,16,6,10,富邦-台東,2024-12-17,9608
3231,緯創,10,1,9,富邦-台東,2024-12-17,9608
5483,中美晶,9,0,9,富邦-台東,2024-12-17,9608
0056,元大高股息,18,9,9,富邦-台東,2024-12-17,9608
2324,仁寶,7,0,7,富邦-台東,2024-12-17,9608
00857B,永豐20年美公債,7,0,7,富邦-台東,2024-12-17,9608
2609,陽明,22,15,7,富邦-台東,2024-12-17,9608
2867,三商壽,10,3,7,富邦-台東,2024-12-17,9608
00713,元大台灣高息低波,7,0,7,富邦-台東,2024-12-17,9608
00891,中信關鍵半導體,11,5,6,富邦-台東,2024-12-17,9608
5531,鄉林,6,0,6,富邦-台東,2024-12-17,9608
6152,百一,6,0,6,富邦-台東,2024-12-17,9608
4510,高鋒,8,2,6,富邦-台東,2024-12-17,9608
00671R,富邦NASDAQ反1,5,0,5,富邦-台東,2024-12-17,9608
00650L,復華香港正2,5,0,5,富邦-台東,2024-12-17,9608
1569,濱川,5,0,5,富邦-台東,2024-12-17,9608
1605,華新,8,3,5,富邦-台東,2024-12-17,9608
6186,新潤,5,0,5,富邦-台東,2024-12-17,9608
6770,力積電,7,2,5,富邦-台東,2024-12-17,9608
3363,上詮,8,3,5,富邦-台東,2024-12-17,9608
2374,佳能,5549,5544,5,富邦-台東,2024-12-17,9608
2449,京元電子,4,0,4,富邦-台東,2024-12-17,9608
2002,中鋼,4,0,4,富邦-台東,2024-12-17,9608
2364,倫飛,4,0,4,富邦-台東,2024-12-17,9608
4174,浩鼎,4,0,4,富邦-台東,2024-12-17,9608
6869,雲豹能源,297,0,297,富邦-台東,2024-12-18,9608
00919,群益台灣精選高息,154,8,146,富邦-台東,2024-12-18,9608
2880,華南金,61,0,61,富邦-台東,2024-12-18,9608
9105,泰金寶-DR,45,3,42,富邦-台東,2024-12-18,9608
6873,泓德能源,50,21,29,富邦-台東,2024-12-18,9608
00918,大華優利高填息30,28,0,28,富邦-台東,2024-12-18,9608
2317,鴻海,23,3,20,富邦-台東,2024-12-18,9608
00915,凱基優選高股息30,18,0,18,富邦-台東,2024-12-18,9608
2891,中信金,273,257,16,富邦-台東,2024-12-18,9608
00948B,中信優息投資級債,25,10,15,富邦-台東,2024-12-18,9608
2610,華航,22,8,14,富邦-台東,2024-12-18,9608
2603,長榮,14,0,14,富邦-台東,2024-12-18,9608
1314,中石化,13,0,13,富邦-台東,2024-12-18,9608
00757,統一FANG+,10,0,10,富邦-台東,2024-12-18,9608
00708L,期元大S＆P黃金正2,10,0,10,富邦-台東,2024-12-18,9608
00662,富邦NASDAQ,10,0,10,富邦-台東,2024-12-18,9608
2303,聯電,12,3,9,富邦-台東,2024-12-18,9608
2609,陽明,9,1,8,富邦-台東,2024-12-18,9608
2486,一詮,14,7,7,富邦-台東,2024-12-18,9608
0056,元大高股息,7,0,7,富邦-台東,2024-12-18,9608
4174,浩鼎,7,0,7,富邦-台東,2024-12-18,9608
5871,中租-KY,7,1,6,富邦-台東,2024-12-18,9608
2537,聯上發,6,0,6,富邦-台東,2024-12-18,9608
3029,零壹,7,1,6,富邦-台東,2024-12-18,9608
5371,中光電,5,0,5,富邦-台東,2024-12-18,9608
00935,野村臺灣新科技50,7,2,5,富邦-台東,2024-12-18,9608
00671R,富邦NASDAQ反1,5,0,5,富邦-台東,2024-12-18,9608
2605,新興,5,0,5,富邦-台東,2024-12-18,9608
4128,中天,5,0,5,富邦-台東,2024-12-18,9608
6841,長佳智能,5,0,5,富邦-台東,2024-12-18,9608
8996,高力,6,2,4,富邦-台東,2024-12-18,9608
1215,卜蜂,4,0,4,富邦-台東,2024-12-18,9608
2204,中華,4,0,4,富邦-台東,2024-12-18,9608
6152,百一,4,0,4,富邦-台東,2024-12-18,9608
8097,常珵,4,0,4,富邦-台東,2024-12-18,9608
2801,彰銀,3,0,3,富邦-台東,2024-12-18,9608
2371,大同,3,0,3,富邦-台東,2024-12-18,9608
2493,揚博,3,0,3,富邦-台東,2024-12-18,9608
2884,玉山金,3,0,3,富邦-台東,2024-12-18,9608
3455,由田,3,0,3,富邦-台東,2024-12-18,9608
4956,光鋐,3,0,3,富邦-台東,2024-12-18,9608
6186,新潤,3,0,3,富邦-台東,2024-12-18,9608
9934,成霖,3,0,3,富邦-台東,2024-12-18,9608
00713,元大台灣高息低波,4,1,3,富邦-台東,2024-12-18,9608
0050,元大台灣50,2,0,2,富邦-台東,2024-12-18,9608
2455,全新,2,0,2,富邦-台東,2024-12-18,9608
00687B,國泰20年美債,2,0,2,富邦-台東,2024-12-18,9608
00830,國泰費城半導體,2,0,2,富邦-台東,2024-12-18,9608
00882,中信中國高股息,2,0,2,富邦-台東,2024-12-18,9608
00895,富邦未來車,2,0,2,富邦-台東,2024-12-18,9608
00687B,國泰20年美債,112,13,99,富邦-台東,2024-12-19,9608
00680L,元大美債20正2,54,0,54,富邦-台東,2024-12-19,9608
00919,群益台灣精選高息,77,42,35,富邦-台東,2024-12-19,9608
00882,中信中國高股息,34,0,34,富邦-台東,2024-12-19,9608
00690,兆豐藍籌30,34,0,34,富邦-台東,2024-12-19,9608
5880,合庫金,32,0,32,富邦-台東,2024-12-19,9608
00753L,中信中國50正2,35,4,31,富邦-台東,2024-12-19,9608
2883,凱基金,29,0,29,富邦-台東,2024-12-19,9608
2317,鴻海,25,1,24,富邦-台東,2024-12-19,9608
0056,元大高股息,20,0,20,富邦-台東,2024-12-19,9608
00937B,群益ESG投等債20,18,0,18,富邦-台東,2024-12-19,9608
00712,復華富時不動產,17,0,17,富邦-台東,2024-12-19,9608
2881,富邦金,16,1,15,富邦-台東,2024-12-19,9608
00933B,國泰10Y+金融債,15,0,15,富邦-台東,2024-12-19,9608
6209,今國光,22,7,15,富邦-台東,2024-12-19,9608
00688L,國泰20年美債正2,14,0,14,富邦-台東,2024-12-19,9608
5371,中光電,14,0,14,富邦-台東,2024-12-19,9608
2609,陽明,20,6,14,富邦-台東,2024-12-19,9608
2834,臺企銀,13,1,12,富邦-台東,2024-12-19,9608
3481,群創,12,0,12,富邦-台東,2024-12-19,9608
00909,國泰數位支付服務,11,0,11,富邦-台東,2024-12-19,9608
00941,中信上游半導體,11,0,11,富邦-台東,2024-12-19,9608
2303,聯電,12,1,11,富邦-台東,2024-12-19,9608
00706L,期元大S＆P日圓正2,10,0,10,富邦-台東,2024-12-19,9608
2426,鼎元,10,0,10,富邦-台東,2024-12-19,9608
2939,永邑-KY,10,0,10,富邦-台東,2024-12-19,9608
3323,加百裕,13,3,10,富邦-台東,2024-12-19,9608
5202,力新,11,1,10,富邦-台東,2024-12-19,9608
00878,國泰永續高股息,25,15,10,富邦-台東,2024-12-19,9608
6770,力積電,11,2,9,富邦-台東,2024-12-19,9608
00720B,元大投資級公司債,8,0,8,富邦-台東,2024-12-19,9608
2882,國泰金,6,0,6,富邦-台東,2024-12-19,9608
00675L,富邦臺灣加權正2,6,0,6,富邦-台東,2024-12-19,9608
00631L,元大台灣50正2,6,0,6,富邦-台東,2024-12-19,9608
00725B,國泰投資級公司債,6,0,6,富邦-台東,2024-12-19,9608
00950B,凱基A級公司債,6,0,6,富邦-台東,2024-12-19,9608
2464,盟立,8,2,6,富邦-台東,2024-12-19,9608
6425,易發,5,0,5,富邦-台東,2024-12-19,9608
2886,兆豐金,5,0,5,富邦-台東,2024-12-19,9608
2891,中信金,12,7,5,富邦-台東,2024-12-19,9608
2359,所羅門,13,8,5,富邦-台東,2024-12-19,9608
00907,永豐優息存股,5,0,5,富邦-台東,2024-12-19,9608
1611,中電,5,0,5,富邦-台東,2024-12-19,9608
2312,金寶,9,4,5,富邦-台東,2024-12-19,9608
2615,萬海,5,0,5,富邦-台東,2024-12-19,9608
3024,憶聲,5,0,5,富邦-台東,2024-12-19,9608
3228,金麗科,5,0,5,富邦-台東,2024-12-19,9608
4174,浩鼎,5,0,5,富邦-台東,2024-12-19,9608
5243,乙盛-KY,6,1,5,富邦-台東,2024-12-19,9608
6462,神盾,5,0,5,富邦-台東,2024-12-19,9608
