Ticker,Name,buy,sell,diff,Branch,Date,Branch_Code
6180,橘子,42,0,42,富邦-花蓮,2023-01-03,9621
4402,郡都開發,30,0,30,富邦-花蓮,2023-01-03,9621
2606,裕民,18,0,18,富邦-花蓮,2023-01-03,9621
0056,元大高股息,17,0,17,富邦-花蓮,2023-01-03,9621
00878,國泰永續高股息,17,0,17,富邦-花蓮,2023-01-03,9621
1909,榮成,16,0,16,富邦-花蓮,2023-01-03,9621
1605,華新,27,12,15,富邦-花蓮,2023-01-03,9621
1304,台聚,11,0,11,富邦-花蓮,2023-01-03,9621
00902,中信電池及儲能,10,0,10,富邦-花蓮,2023-01-03,9621
2033,佳大,10,0,10,富邦-花蓮,2023-01-03,9621
2605,新興,10,0,10,富邦-花蓮,2023-01-03,9621
6589,台康生技,10,1,9,富邦-花蓮,2023-01-03,9621
1701,中化,9,1,8,富邦-花蓮,2023-01-03,9621
3708,上緯投控,9,2,7,富邦-花蓮,2023-01-03,9621
2317,鴻海,10,4,6,富邦-花蓮,2023-01-03,9621
00720B,元大投資級公司債,6,0,6,富邦-花蓮,2023-01-03,9621
3083,網龍,16,10,6,富邦-花蓮,2023-01-03,9621
3515,華擎,7,1,6,富邦-花蓮,2023-01-03,9621
4128,中天,7,1,6,富邦-花蓮,2023-01-03,9621
5608,四維航,6,0,6,富邦-花蓮,2023-01-03,9621
00679B,元大美債20年,5,0,5,富邦-花蓮,2023-01-03,9621
00850,元大臺灣ESG永續,5,0,5,富邦-花蓮,2023-01-03,9621
1560,中砂,5,0,5,富邦-花蓮,2023-01-03,9621
8076,伍豐,5,0,5,富邦-花蓮,2023-01-03,9621
00713,元大台灣高息低波,4,0,4,富邦-花蓮,2023-01-03,9621
2352,佳世達,4,0,4,富邦-花蓮,2023-01-03,9621
3265,台星科,4,0,4,富邦-花蓮,2023-01-03,9621
8349,�矬�,4,0,4,富邦-花蓮,2023-01-03,9621
2609,陽明,7,3,4,富邦-花蓮,2023-01-03,9621
00712,復華富時不動產,4,0,4,富邦-花蓮,2023-01-03,9621
6806,森崴能源,25,22,3,富邦-花蓮,2023-01-03,9621
1102,亞泥,3,0,3,富邦-花蓮,2023-01-03,9621
1342,八貫,30,27,3,富邦-花蓮,2023-01-03,9621
2331,精英,3,0,3,富邦-花蓮,2023-01-03,9621
2401,凌陽,3,0,3,富邦-花蓮,2023-01-03,9621
2634,漢翔,3,0,3,富邦-花蓮,2023-01-03,9621
3189,景碩,3,0,3,富邦-花蓮,2023-01-03,9621
8933,愛地雅,6,3,3,富邦-花蓮,2023-01-03,9621
00772B,中信高評級公司債,2,0,2,富邦-花蓮,2023-01-03,9621
3231,緯創,2,0,2,富邦-花蓮,2023-01-03,9621
1313,聯成,2,0,2,富邦-花蓮,2023-01-03,9621
1301,台塑,2,0,2,富邦-花蓮,2023-01-03,9621
00675L,富邦臺灣加權正2,2,0,2,富邦-花蓮,2023-01-03,9621
00692,富邦公司治理,2,0,2,富邦-花蓮,2023-01-03,9621
1402,遠東新,2,0,2,富邦-花蓮,2023-01-03,9621
1440,南紡,2,0,2,富邦-花蓮,2023-01-03,9621
1536,和大,2,0,2,富邦-花蓮,2023-01-03,9621
1570,力肯,2,0,2,富邦-花蓮,2023-01-03,9621
1609,大亞,2,0,2,富邦-花蓮,2023-01-03,9621
1718,中纖,2,0,2,富邦-花蓮,2023-01-03,9621
2834,臺企銀,200,1,199,富邦-花蓮,2023-01-04,9621
0056,元大高股息,100,0,100,富邦-花蓮,2023-01-04,9621
00670L,富邦NASDAQ正2,64,2,62,富邦-花蓮,2023-01-04,9621
8183,精星,40,0,40,富邦-花蓮,2023-01-04,9621
00650L,復華香港正2,30,0,30,富邦-花蓮,2023-01-04,9621
1605,華新,66,40,26,富邦-花蓮,2023-01-04,9621
2615,萬海,24,1,23,富邦-花蓮,2023-01-04,9621
1444,力麗,30,10,20,富邦-花蓮,2023-01-04,9621
3037,欣興,23,5,18,富邦-花蓮,2023-01-04,9621
00895,富邦未來車,17,0,17,富邦-花蓮,2023-01-04,9621
2367,燿華,15,1,14,富邦-花蓮,2023-01-04,9621
5608,四維航,14,0,14,富邦-花蓮,2023-01-04,9621
1417,嘉裕,35,22,13,富邦-花蓮,2023-01-04,9621
00830,國泰費城半導體,13,0,13,富邦-花蓮,2023-01-04,9621
00902,中信電池及儲能,12,0,12,富邦-花蓮,2023-01-04,9621
00715L,期街口布蘭特正2,11,0,11,富邦-花蓮,2023-01-04,9621
2605,新興,11,0,11,富邦-花蓮,2023-01-04,9621
2637,慧洋-KY,13,2,11,富邦-花蓮,2023-01-04,9621
3083,網龍,11,0,11,富邦-花蓮,2023-01-04,9621
2883,凱基金,10,0,10,富邦-花蓮,2023-01-04,9621
3362,先進光,10,0,10,富邦-花蓮,2023-01-04,9621
4190,佐登-KY,10,0,10,富邦-花蓮,2023-01-04,9621
2465,麗臺,37,28,9,富邦-花蓮,2023-01-04,9621
8033,雷虎,10,1,9,富邦-花蓮,2023-01-04,9621
00881,國泰台灣5G+,8,0,8,富邦-花蓮,2023-01-04,9621
6806,森崴能源,16,8,8,富邦-花蓮,2023-01-04,9621
2884,玉山金,8,1,7,富邦-花蓮,2023-01-04,9621
3576,聯合再生,7,0,7,富邦-花蓮,2023-01-04,9621
2609,陽明,9,3,6,富邦-花蓮,2023-01-04,9621
6134,萬旭,6,0,6,富邦-花蓮,2023-01-04,9621
8171,天宇,6,0,6,富邦-花蓮,2023-01-04,9621
8440,綠電,6,0,6,富邦-花蓮,2023-01-04,9621
2603,長榮,5,0,5,富邦-花蓮,2023-01-04,9621
8046,南電,13,8,5,富邦-花蓮,2023-01-04,9621
1708,東鹼,5,0,5,富邦-花蓮,2023-01-04,9621
2014,中鴻,5,0,5,富邦-花蓮,2023-01-04,9621
2038,海光,5,0,5,富邦-花蓮,2023-01-04,9621
2303,聯電,6,1,5,富邦-花蓮,2023-01-04,9621
2368,金像電,5,0,5,富邦-花蓮,2023-01-04,9621
2601,益航,5,0,5,富邦-花蓮,2023-01-04,9621
2613,中櫃,5,0,5,富邦-花蓮,2023-01-04,9621
2867,三商壽,5,0,5,富邦-花蓮,2023-01-04,9621
6441,廣錠,13,8,5,富邦-花蓮,2023-01-04,9621
8114,振樺電,5,0,5,富邦-花蓮,2023-01-04,9621
0050,元大台灣50,5,0,5,富邦-花蓮,2023-01-04,9621
1402,遠東新,4,0,4,富邦-花蓮,2023-01-04,9621
00893,國泰智能電動車,4,0,4,富邦-花蓮,2023-01-04,9621
2328,廣宇,5,1,4,富邦-花蓮,2023-01-04,9621
2409,友達,16,12,4,富邦-花蓮,2023-01-04,9621
2617,台航,4,0,4,富邦-花蓮,2023-01-04,9621
00632R,元大台灣50反1,95,4,91,富邦-花蓮,2023-01-05,9621
00669R,國泰美國道瓊反1,50,0,50,富邦-花蓮,2023-01-05,9621
6443,元晶,48,3,45,富邦-花蓮,2023-01-05,9621
2887,台新金,22,0,22,富邦-花蓮,2023-01-05,9621
1560,中砂,22,1,21,富邦-花蓮,2023-01-05,9621
6005,群益證,20,0,20,富邦-花蓮,2023-01-05,9621
1529,樂事綠能,24,5,19,富邦-花蓮,2023-01-05,9621
8069,元太,20,2,18,富邦-花蓮,2023-01-05,9621
1760,寶齡富錦,17,2,15,富邦-花蓮,2023-01-05,9621
1101,台泥,21,7,14,富邦-花蓮,2023-01-05,9621
00881,國泰台灣5G+,13,0,13,富邦-花蓮,2023-01-05,9621
8044,網家,18,5,13,富邦-花蓮,2023-01-05,9621
2409,友達,15,3,12,富邦-花蓮,2023-01-05,9621
2317,鴻海,13,1,12,富邦-花蓮,2023-01-05,9621
4979,華星光,12,1,11,富邦-花蓮,2023-01-05,9621
1444,力麗,10,0,10,富邦-花蓮,2023-01-05,9621
2313,華通,11,1,10,富邦-花蓮,2023-01-05,9621
2612,中航,10,0,10,富邦-花蓮,2023-01-05,9621
3413,京鼎,10,0,10,富邦-花蓮,2023-01-05,9621
1513,中興電,11,2,9,富邦-花蓮,2023-01-05,9621
2201,裕隆,15,6,9,富邦-花蓮,2023-01-05,9621
2855,統一證,9,0,9,富邦-花蓮,2023-01-05,9621
3712,永崴投控,9,0,9,富邦-花蓮,2023-01-05,9621
1609,大亞,8,0,8,富邦-花蓮,2023-01-05,9621
1752,南光,14,6,8,富邦-花蓮,2023-01-05,9621
1305,華夏,7,0,7,富邦-花蓮,2023-01-05,9621
00670L,富邦NASDAQ正2,9,2,7,富邦-花蓮,2023-01-05,9621
00893,國泰智能電動車,6,0,6,富邦-花蓮,2023-01-05,9621
1618,合機,6,0,6,富邦-花蓮,2023-01-05,9621
3687,歐買尬,20,14,6,富邦-花蓮,2023-01-05,9621
4931,新盛力,6,0,6,富邦-花蓮,2023-01-05,9621
6134,萬旭,6,0,6,富邦-花蓮,2023-01-05,9621
8038,長園科,6,0,6,富邦-花蓮,2023-01-05,9621
8171,天宇,15,9,6,富邦-花蓮,2023-01-05,9621
00728,第一金工業30,5,0,5,富邦-花蓮,2023-01-05,9621
1440,南紡,5,0,5,富邦-花蓮,2023-01-05,9621
2359,所羅門,5,0,5,富邦-花蓮,2023-01-05,9621
2379,瑞昱,5,0,5,富邦-花蓮,2023-01-05,9621
2382,廣達,5,0,5,富邦-花蓮,2023-01-05,9621
2889,國票金,5,0,5,富邦-花蓮,2023-01-05,9621
3515,華擎,5,0,5,富邦-花蓮,2023-01-05,9621
4173,久裕,5,0,5,富邦-花蓮,2023-01-05,9621
2308,台達電,7,3,4,富邦-花蓮,2023-01-05,9621
1810,和成,4,0,4,富邦-花蓮,2023-01-05,9621
2347,聯強,4,0,4,富邦-花蓮,2023-01-05,9621
2460,建通,4,0,4,富邦-花蓮,2023-01-05,9621
4735,豪展,4,0,4,富邦-花蓮,2023-01-05,9621
5009,榮剛,4,0,4,富邦-花蓮,2023-01-05,9621
6278,台表科,5,1,4,富邦-花蓮,2023-01-05,9621
6788,華景電,4,0,4,富邦-花蓮,2023-01-05,9621
00632R,元大台灣50反1,419,1,418,富邦-花蓮,2023-01-06,9621
1560,中砂,50,0,50,富邦-花蓮,2023-01-06,9621
2354,鴻準,41,0,41,富邦-花蓮,2023-01-06,9621
00770,國泰北美科技,29,0,29,富邦-花蓮,2023-01-06,9621
00641R,富邦日本反1,28,0,28,富邦-花蓮,2023-01-06,9621
00720B,元大投資級公司債,26,0,26,富邦-花蓮,2023-01-06,9621
2812,台中銀,19,0,19,富邦-花蓮,2023-01-06,9621
2352,佳世達,17,0,17,富邦-花蓮,2023-01-06,9621
1519,華城,16,3,13,富邦-花蓮,2023-01-06,9621
2317,鴻海,13,0,13,富邦-花蓮,2023-01-06,9621
1101,台泥,13,1,12,富邦-花蓮,2023-01-06,9621
00878,國泰永續高股息,13,1,12,富邦-花蓮,2023-01-06,9621
00664R,國泰臺灣加權反1,11,0,11,富邦-花蓮,2023-01-06,9621
2380,虹光,10,0,10,富邦-花蓮,2023-01-06,9621
3687,歐買尬,12,2,10,富邦-花蓮,2023-01-06,9621
4155,訊映,10,0,10,富邦-花蓮,2023-01-06,9621
5425,台半,11,1,10,富邦-花蓮,2023-01-06,9621
6005,群益證,10,0,10,富邦-花蓮,2023-01-06,9621
2845,遠東銀,9,0,9,富邦-花蓮,2023-01-06,9621
6443,元晶,14,5,9,富邦-花蓮,2023-01-06,9621
1605,華新,20,12,8,富邦-花蓮,2023-01-06,9621
3708,上緯投控,9,1,8,富邦-花蓮,2023-01-06,9621
00753L,中信中國50正2,17,10,7,富邦-花蓮,2023-01-06,9621
1714,和桐,7,0,7,富邦-花蓮,2023-01-06,9621
2328,廣宇,7,0,7,富邦-花蓮,2023-01-06,9621
2342,茂矽,8,1,7,富邦-花蓮,2023-01-06,9621
1529,樂事綠能,7,1,6,富邦-花蓮,2023-01-06,9621
1584,精剛,6,0,6,富邦-花蓮,2023-01-06,9621
3712,永崴投控,7,1,6,富邦-花蓮,2023-01-06,9621
5905,南仁湖,7,1,6,富邦-花蓮,2023-01-06,9621
00706L,期元大S＆P日圓正2,5,0,5,富邦-花蓮,2023-01-06,9621
2609,陽明,8,3,5,富邦-花蓮,2023-01-06,9621
2618,長榮航,5,0,5,富邦-花蓮,2023-01-06,9621
3014,聯陽,5,0,5,富邦-花蓮,2023-01-06,9621
3046,建��,5,0,5,富邦-花蓮,2023-01-06,9621
3704,合勤控,14,9,5,富邦-花蓮,2023-01-06,9621
4114,健喬,10,5,5,富邦-花蓮,2023-01-06,9621
4943,康控-KY,5,0,5,富邦-花蓮,2023-01-06,9621
6129,普誠,6,1,5,富邦-花蓮,2023-01-06,9621
6806,森崴能源,5,0,5,富邦-花蓮,2023-01-06,9621
8016,矽創,5,0,5,富邦-花蓮,2023-01-06,9621
2892,第一金,6,2,4,富邦-花蓮,2023-01-06,9621
2915,潤泰全,10,6,4,富邦-花蓮,2023-01-06,9621
3479,安勤,4,0,4,富邦-花蓮,2023-01-06,9621
4127,天良,4,0,4,富邦-花蓮,2023-01-06,9621
1312,國喬,3,0,3,富邦-花蓮,2023-01-06,9621
00830,國泰費城半導體,3,0,3,富邦-花蓮,2023-01-06,9621
00888,永豐台灣ESG,3,0,3,富邦-花蓮,2023-01-06,9621
2104,國際中橡,3,0,3,富邦-花蓮,2023-01-06,9621
2201,裕隆,55,52,3,富邦-花蓮,2023-01-06,9621
3189,景碩,168,133,35,富邦-花蓮,2023-01-09,9621
2419,仲琦,34,3,31,富邦-花蓮,2023-01-09,9621
8050,廣積,21,0,21,富邦-花蓮,2023-01-09,9621
6153,嘉聯益,20,0,20,富邦-花蓮,2023-01-09,9621
00770,國泰北美科技,19,0,19,富邦-花蓮,2023-01-09,9621
1605,華新,33,15,18,富邦-花蓮,2023-01-09,9621
00664R,國泰臺灣加權反1,17,0,17,富邦-花蓮,2023-01-09,9621
3035,智原,17,1,16,富邦-花蓮,2023-01-09,9621
6176,瑞儀,18,2,16,富邦-花蓮,2023-01-09,9621
6285,啟��,16,1,15,富邦-花蓮,2023-01-09,9621
2409,友達,24,9,15,富邦-花蓮,2023-01-09,9621
2603,長榮,14,0,14,富邦-花蓮,2023-01-09,9621
00670L,富邦NASDAQ正2,16,3,13,富邦-花蓮,2023-01-09,9621
4961,天鈺,55,42,13,富邦-花蓮,2023-01-09,9621
8358,金居,15,2,13,富邦-花蓮,2023-01-09,9621
3576,聯合再生,11,0,11,富邦-花蓮,2023-01-09,9621
00633L,富邦上証正2,10,0,10,富邦-花蓮,2023-01-09,9621
2368,金像電,15,5,10,富邦-花蓮,2023-01-09,9621
2605,新興,10,0,10,富邦-花蓮,2023-01-09,9621
3483,力致,10,0,10,富邦-花蓮,2023-01-09,9621
2317,鴻海,9,0,9,富邦-花蓮,2023-01-09,9621
2609,陽明,9,2,7,富邦-花蓮,2023-01-09,9621
3305,昇貿,7,0,7,富邦-花蓮,2023-01-09,9621
00898,國泰基因免疫革命,6,0,6,富邦-花蓮,2023-01-09,9621
3479,安勤,14,8,6,富邦-花蓮,2023-01-09,9621
4979,華星光,13,7,6,富邦-花蓮,2023-01-09,9621
5388,中磊,10,4,6,富邦-花蓮,2023-01-09,9621
6133,金橋,12,6,6,富邦-花蓮,2023-01-09,9621
2328,廣宇,5,0,5,富邦-花蓮,2023-01-09,9621
2915,潤泰全,5,0,5,富邦-花蓮,2023-01-09,9621
3042,晶技,5,0,5,富邦-花蓮,2023-01-09,9621
3624,光頡,5,0,5,富邦-花蓮,2023-01-09,9621
8046,南電,16,11,5,富邦-花蓮,2023-01-09,9621
1701,中化,8,4,4,富邦-花蓮,2023-01-09,9621
2104,國際中橡,4,0,4,富邦-花蓮,2023-01-09,9621
2331,精英,4,0,4,富邦-花蓮,2023-01-09,9621
2634,漢翔,4,0,4,富邦-花蓮,2023-01-09,9621
00900,富邦特選高股息30,30,27,3,富邦-花蓮,2023-01-09,9621
00720B,元大投資級公司債,3,0,3,富邦-花蓮,2023-01-09,9621
1909,榮成,5,2,3,富邦-花蓮,2023-01-09,9621
2023,燁輝,3,0,3,富邦-花蓮,2023-01-09,9621
2301,光寶科,5,2,3,富邦-花蓮,2023-01-09,9621
2313,華通,8,5,3,富邦-花蓮,2023-01-09,9621
3036A,文曄甲特,3,0,3,富邦-花蓮,2023-01-09,9621
3583,辛耘,3,0,3,富邦-花蓮,2023-01-09,9621
4927,泰鼎-KY,3,0,3,富邦-花蓮,2023-01-09,9621
4943,康控-KY,3,0,3,富邦-花蓮,2023-01-09,9621
3545,敦泰,2,0,2,富邦-花蓮,2023-01-09,9621
00706L,期元大S＆P日圓正2,2,0,2,富邦-花蓮,2023-01-09,9621
1720,生達,2,0,2,富邦-花蓮,2023-01-09,9621
2363,矽統,51,0,51,富邦-花蓮,2023-01-10,9621
3413,京鼎,43,1,42,富邦-花蓮,2023-01-10,9621
00770,國泰北美科技,30,0,30,富邦-花蓮,2023-01-10,9621
2887,台新金,30,0,30,富邦-花蓮,2023-01-10,9621
4171,瑞基,56,30,26,富邦-花蓮,2023-01-10,9621
00631L,元大台灣50正2,24,0,24,富邦-花蓮,2023-01-10,9621
6443,元晶,24,3,21,富邦-花蓮,2023-01-10,9621
6558,興能高,20,0,20,富邦-花蓮,2023-01-10,9621
1708,東鹼,26,7,19,富邦-花蓮,2023-01-10,9621
00893,國泰智能電動車,20,2,18,富邦-花蓮,2023-01-10,9621
1781,合世,18,0,18,富邦-花蓮,2023-01-10,9621
3189,景碩,20,2,18,富邦-花蓮,2023-01-10,9621
00633L,富邦上証正2,16,0,16,富邦-花蓮,2023-01-10,9621
2743,山富,17,1,16,富邦-花蓮,2023-01-10,9621
2855,統一證,15,0,15,富邦-花蓮,2023-01-10,9621
4127,天良,14,0,14,富邦-花蓮,2023-01-10,9621
1314,中石化,12,0,12,富邦-花蓮,2023-01-10,9621
2354,鴻準,12,0,12,富邦-花蓮,2023-01-10,9621
2353,宏��,15,4,11,富邦-花蓮,2023-01-10,9621
3006,晶豪科,12,1,11,富邦-花蓮,2023-01-10,9621
2313,華通,12,2,10,富邦-花蓮,2023-01-10,9621
2338,光罩,10,0,10,富邦-花蓮,2023-01-10,9621
2851,中再保,10,0,10,富邦-花蓮,2023-01-10,9621
3059,華晶科,10,0,10,富邦-花蓮,2023-01-10,9621
6426,統新,10,0,10,富邦-花蓮,2023-01-10,9621
1609,大亞,10,1,9,富邦-花蓮,2023-01-10,9621
00761B,國泰A級公司債,8,0,8,富邦-花蓮,2023-01-10,9621
2409,友達,10,3,7,富邦-花蓮,2023-01-10,9621
8028,昇陽半導體,14,7,7,富邦-花蓮,2023-01-10,9621
6789,采鈺,6,0,6,富邦-花蓮,2023-01-10,9621
00795B,中信美國公債20年,6,0,6,富邦-花蓮,2023-01-10,9621
2915,潤泰全,6,0,6,富邦-花蓮,2023-01-10,9621
4102,永日,6,0,6,富邦-花蓮,2023-01-10,9621
00878,國泰永續高股息,11,5,6,富邦-花蓮,2023-01-10,9621
00895,富邦未來車,5,0,5,富邦-花蓮,2023-01-10,9621
00720B,元大投資級公司債,5,0,5,富邦-花蓮,2023-01-10,9621
00637L,元大滬深300正2,22,17,5,富邦-花蓮,2023-01-10,9621
1701,中化,10,5,5,富邦-花蓮,2023-01-10,9621
1789,神隆,5,0,5,富邦-花蓮,2023-01-10,9621
2613,中櫃,5,0,5,富邦-花蓮,2023-01-10,9621
5309,系統電,5,0,5,富邦-花蓮,2023-01-10,9621
6129,普誠,5,0,5,富邦-花蓮,2023-01-10,9621
6176,瑞儀,5,0,5,富邦-花蓮,2023-01-10,9621
6185,幃翔,5,0,5,富邦-花蓮,2023-01-10,9621
6282,康舒,5,0,5,富邦-花蓮,2023-01-10,9621
6550,北極星藥業-KY,5,0,5,富邦-花蓮,2023-01-10,9621
00639,富邦深100,4,0,4,富邦-花蓮,2023-01-10,9621
1536,和大,4,0,4,富邦-花蓮,2023-01-10,9621
1907,永豐餘,4,0,4,富邦-花蓮,2023-01-10,9621
2406,國碩,4,0,4,富邦-花蓮,2023-01-10,9621
00665L,富邦�琤肭磪囓�2,53,1,52,富邦-花蓮,2023-01-11,9621
00753L,中信中國50正2,57,5,52,富邦-花蓮,2023-01-11,9621
3163,波若威,71,20,51,富邦-花蓮,2023-01-11,9621
4916,事欣科,37,0,37,富邦-花蓮,2023-01-11,9621
00670L,富邦NASDAQ正2,40,11,29,富邦-花蓮,2023-01-11,9621
2002,中鋼,30,1,29,富邦-花蓮,2023-01-11,9621
2881,富邦金,22,0,22,富邦-花蓮,2023-01-11,9621
2887,台新金,21,0,21,富邦-花蓮,2023-01-11,9621
2614,東森,23,4,19,富邦-花蓮,2023-01-11,9621
00770,國泰北美科技,19,0,19,富邦-花蓮,2023-01-11,9621
00637L,元大滬深300正2,58,41,17,富邦-花蓮,2023-01-11,9621
2313,華通,22,6,16,富邦-花蓮,2023-01-11,9621
00905,FT臺灣Smart,16,0,16,富邦-花蓮,2023-01-11,9621
2367,燿華,15,0,15,富邦-花蓮,2023-01-11,9621
1560,中砂,17,4,13,富邦-花蓮,2023-01-11,9621
2495,普安,13,0,13,富邦-花蓮,2023-01-11,9621
6806,森崴能源,14,1,13,富邦-花蓮,2023-01-11,9621
00679B,元大美債20年,12,0,12,富邦-花蓮,2023-01-11,9621
6116,彩晶,10,0,10,富邦-花蓮,2023-01-11,9621
6153,嘉聯益,10,0,10,富邦-花蓮,2023-01-11,9621
6278,台表科,9,0,9,富邦-花蓮,2023-01-11,9621
6443,元晶,10,1,9,富邦-花蓮,2023-01-11,9621
2317,鴻海,8,0,8,富邦-花蓮,2023-01-11,9621
1513,中興電,15,7,8,富邦-花蓮,2023-01-11,9621
00713,元大台灣高息低波,8,0,8,富邦-花蓮,2023-01-11,9621
1795,美時,15,8,7,富邦-花蓮,2023-01-11,9621
2354,鴻準,8,1,7,富邦-花蓮,2023-01-11,9621
2897,王道銀行,7,0,7,富邦-花蓮,2023-01-11,9621
4924,欣厚-KY,7,0,7,富邦-花蓮,2023-01-11,9621
2615,萬海,7,1,6,富邦-花蓮,2023-01-11,9621
3704,合勤控,8,2,6,富邦-花蓮,2023-01-11,9621
2886,兆豐金,6,0,6,富邦-花蓮,2023-01-11,9621
3687,歐買尬,8,2,6,富邦-花蓮,2023-01-11,9621
5351,鈺創,6,0,6,富邦-花蓮,2023-01-11,9621
00878,國泰永續高股息,10,5,5,富邦-花蓮,2023-01-11,9621
2884,玉山金,5,0,5,富邦-花蓮,2023-01-11,9621
00751B,元大AAA至A公司債,5,0,5,富邦-花蓮,2023-01-11,9621
1442,名軒,5,0,5,富邦-花蓮,2023-01-11,9621
1909,榮成,5,0,5,富邦-花蓮,2023-01-11,9621
3714,富采,5,0,5,富邦-花蓮,2023-01-11,9621
4417,金洲,5,0,5,富邦-花蓮,2023-01-11,9621
5251,天鉞電,5,0,5,富邦-花蓮,2023-01-11,9621
5347,世界,10,5,5,富邦-花蓮,2023-01-11,9621
2412,中華電,5,1,4,富邦-花蓮,2023-01-11,9621
00715L,期街口布蘭特正2,4,0,4,富邦-花蓮,2023-01-11,9621
3045,台灣大,4,0,4,富邦-花蓮,2023-01-11,9621
3479,安勤,9,5,4,富邦-花蓮,2023-01-11,9621
6111,大宇資,5,1,4,富邦-花蓮,2023-01-11,9621
2330,台積電,3,0,3,富邦-花蓮,2023-01-11,9621
1701,中化,5,2,3,富邦-花蓮,2023-01-11,9621
2890,永豐金,250,10,240,富邦-花蓮,2023-01-12,9621
2009,第一銅,37,4,33,富邦-花蓮,2023-01-12,9621
00878,國泰永續高股息,18,0,18,富邦-花蓮,2023-01-12,9621
6770,力積電,20,4,16,富邦-花蓮,2023-01-12,9621
1909,榮成,14,0,14,富邦-花蓮,2023-01-12,9621
3059,華晶科,15,1,14,富邦-花蓮,2023-01-12,9621
2206,三陽工業,13,0,13,富邦-花蓮,2023-01-12,9621
2413,環科,12,0,12,富邦-花蓮,2023-01-12,9621
00701,國泰股利精選30,10,0,10,富邦-花蓮,2023-01-12,9621
00655L,國泰中國A50正2,15,5,10,富邦-花蓮,2023-01-12,9621
1218,泰山,10,0,10,富邦-花蓮,2023-01-12,9621
1584,精剛,11,1,10,富邦-花蓮,2023-01-12,9621
2419,仲琦,10,0,10,富邦-花蓮,2023-01-12,9621
2607,榮運,10,0,10,富邦-花蓮,2023-01-12,9621
2867,三商壽,10,0,10,富邦-花蓮,2023-01-12,9621
3687,歐買尬,12,2,10,富邦-花蓮,2023-01-12,9621
2498,宏達電,13,3,10,富邦-花蓮,2023-01-12,9621
00905,FT臺灣Smart,8,0,8,富邦-花蓮,2023-01-12,9621
3037,欣興,13,5,8,富邦-花蓮,2023-01-12,9621
3704,合勤控,10,2,8,富邦-花蓮,2023-01-12,9621
6443,元晶,31,23,8,富邦-花蓮,2023-01-12,9621
4979,華星光,8,0,8,富邦-花蓮,2023-01-12,9621
0055,元大MSCI金融,7,0,7,富邦-花蓮,2023-01-12,9621
5880,合庫金,7,0,7,富邦-花蓮,2023-01-12,9621
00725B,國泰投資級公司債,6,0,6,富邦-花蓮,2023-01-12,9621
1605,華新,13,7,6,富邦-花蓮,2023-01-12,9621
3591,艾笛森,6,0,6,富邦-花蓮,2023-01-12,9621
5371,中光電,6,0,6,富邦-花蓮,2023-01-12,9621
8097,常珵,6,0,6,富邦-花蓮,2023-01-12,9621
2495,普安,5,0,5,富邦-花蓮,2023-01-12,9621
2892,第一金,5,0,5,富邦-花蓮,2023-01-12,9621
2603,長榮,4,0,4,富邦-花蓮,2023-01-12,9621
00900,富邦特選高股息30,4,0,4,富邦-花蓮,2023-01-12,9621
1314,中石化,4,0,4,富邦-花蓮,2023-01-12,9621
1529,樂事綠能,7,3,4,富邦-花蓮,2023-01-12,9621
2352,佳世達,4,0,4,富邦-花蓮,2023-01-12,9621
2615,萬海,10,6,4,富邦-花蓮,2023-01-12,9621
6150,撼訊,4,0,4,富邦-花蓮,2023-01-12,9621
6176,瑞儀,4,0,4,富邦-花蓮,2023-01-12,9621
6719,力智,4,0,4,富邦-花蓮,2023-01-12,9621
8150,南茂,4,0,4,富邦-花蓮,2023-01-12,9621
8924,大田,4,0,4,富邦-花蓮,2023-01-12,9621
1795,美時,5,2,3,富邦-花蓮,2023-01-12,9621
4743,合一,25,22,3,富邦-花蓮,2023-01-12,9621
00888,永豐台灣ESG,3,0,3,富邦-花蓮,2023-01-12,9621
00632R,元大台灣50反1,8,5,3,富邦-花蓮,2023-01-12,9621
1305,華夏,4,1,3,富邦-花蓮,2023-01-12,9621
1467,南緯,3,0,3,富邦-花蓮,2023-01-12,9621
2425,承啟,3,0,3,富邦-花蓮,2023-01-12,9621
2486,一詮,3,0,3,富邦-花蓮,2023-01-12,9621
00632R,元大台灣50反1,106,14,92,富邦-花蓮,2023-01-13,9621
00670L,富邦NASDAQ正2,45,0,45,富邦-花蓮,2023-01-13,9621
8050,廣積,34,2,32,富邦-花蓮,2023-01-13,9621
00634R,富邦上証反1,30,0,30,富邦-花蓮,2023-01-13,9621
8421,旭源,30,0,30,富邦-花蓮,2023-01-13,9621
4746,台耀,21,0,21,富邦-花蓮,2023-01-13,9621
1319,東陽,20,0,20,富邦-花蓮,2023-01-13,9621
00770,國泰北美科技,25,7,18,富邦-花蓮,2023-01-13,9621
00753L,中信中國50正2,16,1,15,富邦-花蓮,2023-01-13,9621
8069,元太,20,5,15,富邦-花蓮,2023-01-13,9621
1909,榮成,11,0,11,富邦-花蓮,2023-01-13,9621
6443,元晶,20,9,11,富邦-花蓮,2023-01-13,9621
8105,凌巨,11,0,11,富邦-花蓮,2023-01-13,9621
1313,聯成,10,0,10,富邦-花蓮,2023-01-13,9621
4155,訊映,10,0,10,富邦-花蓮,2023-01-13,9621
3236,千如,8,0,8,富邦-花蓮,2023-01-13,9621
1781,合世,7,0,7,富邦-花蓮,2023-01-13,9621
2352,佳世達,7,0,7,富邦-花蓮,2023-01-13,9621
1309,台達化,6,0,6,富邦-花蓮,2023-01-13,9621
2419,仲琦,11,5,6,富邦-花蓮,2023-01-13,9621
2468,華經,8,2,6,富邦-花蓮,2023-01-13,9621
2834,臺企銀,6,0,6,富邦-花蓮,2023-01-13,9621
6139,亞翔,11,5,6,富邦-花蓮,2023-01-13,9621
1442,名軒,5,0,5,富邦-花蓮,2023-01-13,9621
2014,中鴻,5,0,5,富邦-花蓮,2023-01-13,9621
2344,華邦電,6,1,5,富邦-花蓮,2023-01-13,9621
5533,皇鼎,5,0,5,富邦-花蓮,2023-01-13,9621
8016,矽創,5,0,5,富邦-花蓮,2023-01-13,9621
00921,兆豐龍頭等權重,4,0,4,富邦-花蓮,2023-01-13,9621
2359,所羅門,4,0,4,富邦-花蓮,2023-01-13,9621
2609,陽明,8,4,4,富邦-花蓮,2023-01-13,9621
3479,安勤,4,0,4,富邦-花蓮,2023-01-13,9621
3515,華擎,6,2,4,富邦-花蓮,2023-01-13,9621
3591,艾笛森,4,0,4,富邦-花蓮,2023-01-13,9621
6205,詮欣,4,0,4,富邦-花蓮,2023-01-13,9621
8046,南電,12,8,4,富邦-花蓮,2023-01-13,9621
2317,鴻海,3,0,3,富邦-花蓮,2023-01-13,9621
1312,國喬,3,0,3,富邦-花蓮,2023-01-13,9621
2312,金寶,3,0,3,富邦-花蓮,2023-01-13,9621
2313,華通,4,1,3,富邦-花蓮,2023-01-13,9621
2349,錸德,3,0,3,富邦-花蓮,2023-01-13,9621
2425,承啟,3,0,3,富邦-花蓮,2023-01-13,9621
3027,盛達,4,1,3,富邦-花蓮,2023-01-13,9621
3372,典範,3,0,3,富邦-花蓮,2023-01-13,9621
6121,新普,3,0,3,富邦-花蓮,2023-01-13,9621
6806,森崴能源,4,1,3,富邦-花蓮,2023-01-13,9621
8076,伍豐,3,0,3,富邦-花蓮,2023-01-13,9621
2881,富邦金,4,1,3,富邦-花蓮,2023-01-13,9621
2880,華南金,3,0,3,富邦-花蓮,2023-01-13,9621
8227,巨有科技,2,0,2,富邦-花蓮,2023-01-13,9621
00634R,富邦上証反1,60,0,60,富邦-花蓮,2023-01-16,9621
1605,華新,51,7,44,富邦-花蓮,2023-01-16,9621
6139,亞翔,35,0,35,富邦-花蓮,2023-01-16,9621
00905,FT臺灣Smart,30,0,30,富邦-花蓮,2023-01-16,9621
00637L,元大滬深300正2,21,0,21,富邦-花蓮,2023-01-16,9621
6770,力積電,26,5,21,富邦-花蓮,2023-01-16,9621
8050,廣積,20,0,20,富邦-花蓮,2023-01-16,9621
5258,虹堡,16,0,16,富邦-花蓮,2023-01-16,9621
1101,台泥,17,2,15,富邦-花蓮,2023-01-16,9621
00664R,國泰臺灣加權反1,15,0,15,富邦-花蓮,2023-01-16,9621
00882,中信中國高股息,17,2,15,富邦-花蓮,2023-01-16,9621
3013,晟銘電,10,0,10,富邦-花蓮,2023-01-16,9621
5471,松翰,10,0,10,富邦-花蓮,2023-01-16,9621
6235,華孚,10,0,10,富邦-花蓮,2023-01-16,9621
8046,南電,13,4,9,富邦-花蓮,2023-01-16,9621
00725B,國泰投資級公司債,7,0,7,富邦-花蓮,2023-01-16,9621
6443,元晶,7,0,7,富邦-花蓮,2023-01-16,9621
2609,陽明,8,2,6,富邦-花蓮,2023-01-16,9621
00896,中信綠能及電動車,6,0,6,富邦-花蓮,2023-01-16,9621
1701,中化,9,3,6,富邦-花蓮,2023-01-16,9621
2331,精英,6,0,6,富邦-花蓮,2023-01-16,9621
2338,光罩,105,99,6,富邦-花蓮,2023-01-16,9621
2542,興富發,6,0,6,富邦-花蓮,2023-01-16,9621
6282,康舒,6,0,6,富邦-花蓮,2023-01-16,9621
00772B,中信高評級公司債,5,0,5,富邦-花蓮,2023-01-16,9621
00773B,中信優先金融債,5,0,5,富邦-花蓮,2023-01-16,9621
1313,聯成,5,0,5,富邦-花蓮,2023-01-16,9621
4402,郡都開發,5,0,5,富邦-花蓮,2023-01-16,9621
8358,金居,5,0,5,富邦-花蓮,2023-01-16,9621
8933,愛地雅,5,0,5,富邦-花蓮,2023-01-16,9621
8996,高力,7,2,5,富邦-花蓮,2023-01-16,9621
2834,臺企銀,5,0,5,富邦-花蓮,2023-01-16,9621
2610,華航,7,2,5,富邦-花蓮,2023-01-16,9621
2317,鴻海,5,1,4,富邦-花蓮,2023-01-16,9621
00900,富邦特選高股息30,5,1,4,富邦-花蓮,2023-01-16,9621
1309,台達化,4,0,4,富邦-花蓮,2023-01-16,9621
2419,仲琦,4,0,4,富邦-花蓮,2023-01-16,9621
2637,慧洋-KY,4,0,4,富邦-花蓮,2023-01-16,9621
3049,精金,4,0,4,富邦-花蓮,2023-01-16,9621
3380,明泰,4,0,4,富邦-花蓮,2023-01-16,9621
5388,中磊,4,0,4,富邦-花蓮,2023-01-16,9621
2498,宏達電,16,12,4,富邦-花蓮,2023-01-16,9621
2603,長榮,4,1,3,富邦-花蓮,2023-01-16,9621
0056,元大高股息,5,2,3,富邦-花蓮,2023-01-16,9621
00679B,元大美債20年,5,2,3,富邦-花蓮,2023-01-16,9621
00701,國泰股利精選30,3,0,3,富邦-花蓮,2023-01-16,9621
1417,嘉裕,3,0,3,富邦-花蓮,2023-01-16,9621
2352,佳世達,3,0,3,富邦-花蓮,2023-01-16,9621
2428,興勤,3,0,3,富邦-花蓮,2023-01-16,9621
5443,均豪,3,0,3,富邦-花蓮,2023-01-16,9621
3706,神達,100,0,100,富邦-花蓮,2023-01-17,9621
0056,元大高股息,54,12,42,富邦-花蓮,2023-01-17,9621
2607,榮運,32,0,32,富邦-花蓮,2023-01-17,9621
00878,國泰永續高股息,40,9,31,富邦-花蓮,2023-01-17,9621
3005,神基,30,0,30,富邦-花蓮,2023-01-17,9621
00882,中信中國高股息,27,0,27,富邦-花蓮,2023-01-17,9621
2610,華航,28,2,26,富邦-花蓮,2023-01-17,9621
00670L,富邦NASDAQ正2,22,0,22,富邦-花蓮,2023-01-17,9621
8044,網家,42,21,21,富邦-花蓮,2023-01-17,9621
4934,太極,20,0,20,富邦-花蓮,2023-01-17,9621
6015,宏遠證,20,0,20,富邦-花蓮,2023-01-17,9621
6274,台燿,14,0,14,富邦-花蓮,2023-01-17,9621
00905,FT臺灣Smart,11,0,11,富邦-花蓮,2023-01-17,9621
3264,欣銓,11,0,11,富邦-花蓮,2023-01-17,9621
6153,嘉聯益,11,0,11,富邦-花蓮,2023-01-17,9621
00650L,復華香港正2,10,0,10,富邦-花蓮,2023-01-17,9621
2356,英業達,10,0,10,富邦-花蓮,2023-01-17,9621
2367,燿華,10,0,10,富邦-花蓮,2023-01-17,9621
2892,第一金,10,0,10,富邦-花蓮,2023-01-17,9621
3710,連展投控,10,0,10,富邦-花蓮,2023-01-17,9621
4155,訊映,10,0,10,富邦-花蓮,2023-01-17,9621
8421,旭源,30,20,10,富邦-花蓮,2023-01-17,9621
2748,雲品,21,12,9,富邦-花蓮,2023-01-17,9621
2880,華南金,9,0,9,富邦-花蓮,2023-01-17,9621
8171,天宇,8,0,8,富邦-花蓮,2023-01-17,9621
1560,中砂,31,24,7,富邦-花蓮,2023-01-17,9621
1909,榮成,7,0,7,富邦-花蓮,2023-01-17,9621
5284,jpp-KY,7,0,7,富邦-花蓮,2023-01-17,9621
2887,台新金,7,0,7,富邦-花蓮,2023-01-17,9621
2542,興富發,6,0,6,富邦-花蓮,2023-01-17,9621
00720B,元大投資級公司債,6,0,6,富邦-花蓮,2023-01-17,9621
2337,旺宏,6,0,6,富邦-花蓮,2023-01-17,9621
6770,力積電,8,2,6,富邦-花蓮,2023-01-17,9621
2468,華經,5,0,5,富邦-花蓮,2023-01-17,9621
2888,新光金,10,5,5,富邦-花蓮,2023-01-17,9621
5533,皇鼎,5,0,5,富邦-花蓮,2023-01-17,9621
8150,南茂,5,0,5,富邦-花蓮,2023-01-17,9621
2609,陽明,13,9,4,富邦-花蓮,2023-01-17,9621
00701,國泰股利精選30,4,0,4,富邦-花蓮,2023-01-17,9621
00725B,國泰投資級公司債,4,0,4,富邦-花蓮,2023-01-17,9621
4908,前鼎,4,0,4,富邦-花蓮,2023-01-17,9621
5608,四維航,11,7,4,富邦-花蓮,2023-01-17,9621
6139,亞翔,5,1,4,富邦-花蓮,2023-01-17,9621
6147,頎邦,4,0,4,富邦-花蓮,2023-01-17,9621
00900,富邦特選高股息30,4,0,4,富邦-花蓮,2023-01-17,9621
00772B,中信高評級公司債,3,0,3,富邦-花蓮,2023-01-17,9621
2884,玉山金,3,0,3,富邦-花蓮,2023-01-17,9621
1513,中興電,5,2,3,富邦-花蓮,2023-01-17,9621
00664R,國泰臺灣加權反1,3,0,3,富邦-花蓮,2023-01-17,9621
00679B,元大美債20年,3,0,3,富邦-花蓮,2023-01-17,9621
00885,富邦越南,117,12,105,富邦-花蓮,2023-01-30,9621
2352,佳世達,77,2,75,富邦-花蓮,2023-01-30,9621
00632R,元大台灣50反1,93,20,73,富邦-花蓮,2023-01-30,9621
1313,聯成,57,0,57,富邦-花蓮,2023-01-30,9621
2014,中鴻,38,3,35,富邦-花蓮,2023-01-30,9621
2317,鴻海,33,7,26,富邦-花蓮,2023-01-30,9621
00634R,富邦上証反1,20,0,20,富邦-花蓮,2023-01-30,9621
1515,力山,20,0,20,富邦-花蓮,2023-01-30,9621
1527,鑽全,20,0,20,富邦-花蓮,2023-01-30,9621
2314,台揚,20,0,20,富邦-花蓮,2023-01-30,9621
5243,乙盛-KY,17,0,17,富邦-花蓮,2023-01-30,9621
00664R,國泰臺灣加權反1,11,0,11,富邦-花蓮,2023-01-30,9621
1409,新纖,11,0,11,富邦-花蓮,2023-01-30,9621
1210,大成,10,0,10,富邦-花蓮,2023-01-30,9621
00638R,元大滬深300反1,10,0,10,富邦-花蓮,2023-01-30,9621
00881,國泰台灣5G+,12,2,10,富邦-花蓮,2023-01-30,9621
1584,精剛,11,1,10,富邦-花蓮,2023-01-30,9621
2497,怡利電,10,0,10,富邦-花蓮,2023-01-30,9621
8044,網家,10,0,10,富邦-花蓮,2023-01-30,9621
4114,健喬,9,0,9,富邦-花蓮,2023-01-30,9621
2897,王道銀行,10,2,8,富邦-花蓮,2023-01-30,9621
4979,華星光,15,7,8,富邦-花蓮,2023-01-30,9621
5371,中光電,8,0,8,富邦-花蓮,2023-01-30,9621
8110,華東,8,0,8,富邦-花蓮,2023-01-30,9621
2204,中華,7,1,6,富邦-花蓮,2023-01-30,9621
4747,強生,6,0,6,富邦-花蓮,2023-01-30,9621
6612,奈米醫材,7,1,6,富邦-花蓮,2023-01-30,9621
00669R,國泰美國道瓊反1,5,0,5,富邦-花蓮,2023-01-30,9621
00682U,期元大美元指數,5,0,5,富邦-花蓮,2023-01-30,9621
1529,樂事綠能,15,10,5,富邦-花蓮,2023-01-30,9621
2855,統一證,5,0,5,富邦-花蓮,2023-01-30,9621
3048,益登,5,0,5,富邦-花蓮,2023-01-30,9621
3491,昇達科,9,4,5,富邦-花蓮,2023-01-30,9621
4119,旭富,5,0,5,富邦-花蓮,2023-01-30,9621
5351,鈺創,5,0,5,富邦-花蓮,2023-01-30,9621
6182,合晶,5,0,5,富邦-花蓮,2023-01-30,9621
2884,玉山金,6,1,5,富邦-花蓮,2023-01-30,9621
2603,長榮,4,0,4,富邦-花蓮,2023-01-30,9621
1701,中化,7,3,4,富邦-花蓮,2023-01-30,9621
2344,華邦電,13,9,4,富邦-花蓮,2023-01-30,9621
2356,英業達,4,0,4,富邦-花蓮,2023-01-30,9621
2419,仲琦,5,1,4,富邦-花蓮,2023-01-30,9621
2540,愛山林,6,2,4,富邦-花蓮,2023-01-30,9621
2731,雄獅,4,0,4,富邦-花蓮,2023-01-30,9621
2880,華南金,6,2,4,富邦-花蓮,2023-01-30,9621
5258,虹堡,6,2,4,富邦-花蓮,2023-01-30,9621
6244,茂迪,6,2,4,富邦-花蓮,2023-01-30,9621
6874,倍力,5,1,4,富邦-花蓮,2023-01-30,9621
00878,國泰永續高股息,44,40,4,富邦-花蓮,2023-01-30,9621
2887,台新金,20,17,3,富邦-花蓮,2023-01-30,9621
2312,金寶,200,0,200,富邦-花蓮,2023-01-31,9621
1608,華榮,51,0,51,富邦-花蓮,2023-01-31,9621
2887,台新金,43,0,43,富邦-花蓮,2023-01-31,9621
00671R,富邦NASDAQ反1,40,0,40,富邦-花蓮,2023-01-31,9621
00878,國泰永續高股息,57,18,39,富邦-花蓮,2023-01-31,9621
2892,第一金,39,0,39,富邦-花蓮,2023-01-31,9621
2002,中鋼,40,3,37,富邦-花蓮,2023-01-31,9621
00885,富邦越南,77,43,34,富邦-花蓮,2023-01-31,9621
2884,玉山金,38,10,28,富邦-花蓮,2023-01-31,9621
00905,FT臺灣Smart,67,40,27,富邦-花蓮,2023-01-31,9621
1584,精剛,27,0,27,富邦-花蓮,2023-01-31,9621
2023,燁輝,49,23,26,富邦-花蓮,2023-01-31,9621
4142,國光生,27,5,22,富邦-花蓮,2023-01-31,9621
00892,富邦台灣半導體,20,0,20,富邦-花蓮,2023-01-31,9621
4106,雃博,20,0,20,富邦-花蓮,2023-01-31,9621
00701,國泰股利精選30,16,0,16,富邦-花蓮,2023-01-31,9621
2891,中信金,13,0,13,富邦-花蓮,2023-01-31,9621
5388,中磊,13,0,13,富邦-花蓮,2023-01-31,9621
2330,台積電,12,1,11,富邦-花蓮,2023-01-31,9621
00670L,富邦NASDAQ正2,20,10,10,富邦-花蓮,2023-01-31,9621
00650L,復華香港正2,10,0,10,富邦-花蓮,2023-01-31,9621
1708,東鹼,13,3,10,富邦-花蓮,2023-01-31,9621
2444,兆勁,10,0,10,富邦-花蓮,2023-01-31,9621
3062,建漢,11,1,10,富邦-花蓮,2023-01-31,9621
3576,聯合再生,10,0,10,富邦-花蓮,2023-01-31,9621
4162,智擎,12,2,10,富邦-花蓮,2023-01-31,9621
4915,致伸,10,0,10,富邦-花蓮,2023-01-31,9621
8046,南電,11,1,10,富邦-花蓮,2023-01-31,9621
1101,台泥,9,0,9,富邦-花蓮,2023-01-31,9621
2017,官田鋼,10,1,9,富邦-花蓮,2023-01-31,9621
6770,力積電,11,2,9,富邦-花蓮,2023-01-31,9621
9945,潤泰新,12,3,9,富邦-花蓮,2023-01-31,9621
3017,奇鋐,8,0,8,富邦-花蓮,2023-01-31,9621
00715L,期街口布蘭特正2,8,0,8,富邦-花蓮,2023-01-31,9621
1218,泰山,8,0,8,富邦-花蓮,2023-01-31,9621
2612,中航,8,0,8,富邦-花蓮,2023-01-31,9621
6180,橘子,13,5,8,富邦-花蓮,2023-01-31,9621
5880,合庫金,9,2,7,富邦-花蓮,2023-01-31,9621
1313,聯成,6,0,6,富邦-花蓮,2023-01-31,9621
3045,台灣大,6,0,6,富邦-花蓮,2023-01-31,9621
0050,元大台灣50,6,0,6,富邦-花蓮,2023-01-31,9621
2313,華通,7,2,5,富邦-花蓮,2023-01-31,9621
2801,彰銀,5,0,5,富邦-花蓮,2023-01-31,9621
4402,郡都開發,5,0,5,富邦-花蓮,2023-01-31,9621
4931,新盛力,11,6,5,富邦-花蓮,2023-01-31,9621
5223,安力-KY,5,0,5,富邦-花蓮,2023-01-31,9621
6167,久正,5,0,5,富邦-花蓮,2023-01-31,9621
6279,胡連,5,0,5,富邦-花蓮,2023-01-31,9621
8996,高力,6,1,5,富邦-花蓮,2023-01-31,9621
5347,世界,5,0,5,富邦-花蓮,2023-01-31,9621
2014,中鴻,45,0,45,富邦-花蓮,2023-02-01,9621
2009,第一銅,67,28,39,富邦-花蓮,2023-02-01,9621
1609,大亞,54,16,38,富邦-花蓮,2023-02-01,9621
5351,鈺創,38,1,37,富邦-花蓮,2023-02-01,9621
00896,中信綠能及電動車,34,0,34,富邦-花蓮,2023-02-01,9621
2317,鴻海,36,8,28,富邦-花蓮,2023-02-01,9621
00632R,元大台灣50反1,25,0,25,富邦-花蓮,2023-02-01,9621
00885,富邦越南,51,27,24,富邦-花蓮,2023-02-01,9621
3481,群創,24,0,24,富邦-花蓮,2023-02-01,9621
00673R,期元大S＆P原油反1,22,0,22,富邦-花蓮,2023-02-01,9621
2888,新光金,21,0,21,富邦-花蓮,2023-02-01,9621
1310,台苯,20,0,20,富邦-花蓮,2023-02-01,9621
1909,榮成,20,0,20,富邦-花蓮,2023-02-01,9621
2612,中航,20,0,20,富邦-花蓮,2023-02-01,9621
2609,陽明,24,5,19,富邦-花蓮,2023-02-01,9621
2892,第一金,18,0,18,富邦-花蓮,2023-02-01,9621
2409,友達,17,0,17,富邦-花蓮,2023-02-01,9621
6244,茂迪,16,1,15,富邦-花蓮,2023-02-01,9621
6605,帝寶,14,0,14,富邦-花蓮,2023-02-01,9621
8255,朋程,14,1,13,富邦-花蓮,2023-02-01,9621
00655L,國泰中國A50正2,12,0,12,富邦-花蓮,2023-02-01,9621
1905,華紙,12,0,12,富邦-花蓮,2023-02-01,9621
1409,新纖,11,0,11,富邦-花蓮,2023-02-01,9621
1308,亞聚,10,0,10,富邦-花蓮,2023-02-01,9621
2419,仲琦,10,0,10,富邦-花蓮,2023-02-01,9621
2634,漢翔,11,1,10,富邦-花蓮,2023-02-01,9621
2358,廷鑫,12,3,9,富邦-花蓮,2023-02-01,9621
1584,精剛,14,5,9,富邦-花蓮,2023-02-01,9621
2023,燁輝,12,3,9,富邦-花蓮,2023-02-01,9621
2610,華航,53,44,9,富邦-花蓮,2023-02-01,9621
6282,康舒,44,36,8,富邦-花蓮,2023-02-01,9621
1513,中興電,8,0,8,富邦-花蓮,2023-02-01,9621
5315,光聯,8,0,8,富邦-花蓮,2023-02-01,9621
00664R,國泰臺灣加權反1,7,0,7,富邦-花蓮,2023-02-01,9621
2891,中信金,7,0,7,富邦-花蓮,2023-02-01,9621
6214,精誠,7,0,7,富邦-花蓮,2023-02-01,9621
2603,長榮,7,1,6,富邦-花蓮,2023-02-01,9621
4162,智擎,8,2,6,富邦-花蓮,2023-02-01,9621
2883,凱基金,10,4,6,富邦-花蓮,2023-02-01,9621
2230,泰茂,8,2,6,富邦-花蓮,2023-02-01,9621
5353,台林,6,0,6,富邦-花蓮,2023-02-01,9621
5536,聖暉*,6,0,6,富邦-花蓮,2023-02-01,9621
6190,萬泰科,6,0,6,富邦-花蓮,2023-02-01,9621
3231,緯創,5,0,5,富邦-花蓮,2023-02-01,9621
2338,光罩,6,1,5,富邦-花蓮,2023-02-01,9621
00905,FT臺灣Smart,5,0,5,富邦-花蓮,2023-02-01,9621
2851,中再保,5,0,5,富邦-花蓮,2023-02-01,9621
3017,奇鋐,8,3,5,富邦-花蓮,2023-02-01,9621
3217,優群,7,2,5,富邦-花蓮,2023-02-01,9621
3710,連展投控,5,0,5,富邦-花蓮,2023-02-01,9621
00632R,元大台灣50反1,479,0,479,富邦-花蓮,2023-02-02,9621
00878,國泰永續高股息,167,30,137,富邦-花蓮,2023-02-02,9621
2312,金寶,100,0,100,富邦-花蓮,2023-02-02,9621
2883,凱基金,103,9,94,富邦-花蓮,2023-02-02,9621
3515,華擎,45,0,45,富邦-花蓮,2023-02-02,9621
2891,中信金,40,3,37,富邦-花蓮,2023-02-02,9621
2618,長榮航,33,0,33,富邦-花蓮,2023-02-02,9621
2014,中鴻,42,10,32,富邦-花蓮,2023-02-02,9621
00882,中信中國高股息,27,0,27,富邦-花蓮,2023-02-02,9621
2609,陽明,32,8,24,富邦-花蓮,2023-02-02,9621
2884,玉山金,26,2,24,富邦-花蓮,2023-02-02,9621
2367,燿華,21,0,21,富邦-花蓮,2023-02-02,9621
00665L,富邦�琤肭磪囓�2,20,1,19,富邦-花蓮,2023-02-02,9621
4540,全球傳動,19,0,19,富邦-花蓮,2023-02-02,9621
6139,亞翔,20,1,19,富邦-花蓮,2023-02-02,9621
2317,鴻海,20,2,18,富邦-花蓮,2023-02-02,9621
2201,裕隆,42,25,17,富邦-花蓮,2023-02-02,9621
3062,建漢,26,9,17,富邦-花蓮,2023-02-02,9621
00664R,國泰臺灣加權反1,16,0,16,富邦-花蓮,2023-02-02,9621
4155,訊映,15,0,15,富邦-花蓮,2023-02-02,9621
2887,台新金,20,5,15,富邦-花蓮,2023-02-02,9621
1810,和成,27,13,14,富邦-花蓮,2023-02-02,9621
8150,南茂,15,1,14,富邦-花蓮,2023-02-02,9621
3483,力致,13,0,13,富邦-花蓮,2023-02-02,9621
2886,兆豐金,17,5,12,富邦-花蓮,2023-02-02,9621
2492,華新科,15,3,12,富邦-花蓮,2023-02-02,9621
6274,台燿,12,0,12,富邦-花蓮,2023-02-02,9621
2892,第一金,12,0,12,富邦-花蓮,2023-02-02,9621
00885,富邦越南,25,14,11,富邦-花蓮,2023-02-02,9621
2834,臺企銀,11,0,11,富邦-花蓮,2023-02-02,9621
3163,波若威,11,0,11,富邦-花蓮,2023-02-02,9621
1513,中興電,15,4,11,富邦-花蓮,2023-02-02,9621
00712,復華富時不動產,10,0,10,富邦-花蓮,2023-02-02,9621
00633L,富邦上証正2,10,0,10,富邦-花蓮,2023-02-02,9621
1909,榮成,10,0,10,富邦-花蓮,2023-02-02,9621
2332,友訊,10,0,10,富邦-花蓮,2023-02-02,9621
2601,益航,10,0,10,富邦-花蓮,2023-02-02,9621
2636,台驊控股,10,0,10,富邦-花蓮,2023-02-02,9621
2889,國票金,13,3,10,富邦-花蓮,2023-02-02,9621
3049,精金,10,0,10,富邦-花蓮,2023-02-02,9621
3339,泰谷,10,0,10,富邦-花蓮,2023-02-02,9621
4908,前鼎,10,0,10,富邦-花蓮,2023-02-02,9621
5475,德宏,10,0,10,富邦-花蓮,2023-02-02,9621
1611,中電,9,0,9,富邦-花蓮,2023-02-02,9621
2867,三商壽,9,0,9,富邦-花蓮,2023-02-02,9621
6150,撼訊,9,0,9,富邦-花蓮,2023-02-02,9621
6182,合晶,13,4,9,富邦-花蓮,2023-02-02,9621
2323,中環,10,1,9,富邦-花蓮,2023-02-02,9621
2752,豆府,8,0,8,富邦-花蓮,2023-02-02,9621
6213,聯茂,8,0,8,富邦-花蓮,2023-02-02,9621
00632R,元大台灣50反1,186,0,186,富邦-花蓮,2023-02-03,9621
2882,國泰金,69,19,50,富邦-花蓮,2023-02-03,9621
2888,新光金,43,0,43,富邦-花蓮,2023-02-03,9621
00878,國泰永續高股息,46,9,37,富邦-花蓮,2023-02-03,9621
3515,華擎,29,0,29,富邦-花蓮,2023-02-03,9621
2014,中鴻,29,1,28,富邦-花蓮,2023-02-03,9621
00905,FT臺灣Smart,27,0,27,富邦-花蓮,2023-02-03,9621
6443,元晶,36,11,25,富邦-花蓮,2023-02-03,9621
2614,東森,25,1,24,富邦-花蓮,2023-02-03,9621
1101,台泥,26,3,23,富邦-花蓮,2023-02-03,9621
5371,中光電,23,2,21,富邦-花蓮,2023-02-03,9621
8105,凌巨,20,0,20,富邦-花蓮,2023-02-03,9621
5009,榮剛,20,2,18,富邦-花蓮,2023-02-03,9621
1513,中興電,20,3,17,富邦-花蓮,2023-02-03,9621
00895,富邦未來車,21,5,16,富邦-花蓮,2023-02-03,9621
6139,亞翔,15,0,15,富邦-花蓮,2023-02-03,9621
5608,四維航,15,1,14,富邦-花蓮,2023-02-03,9621
2891,中信金,12,0,12,富邦-花蓮,2023-02-03,9621
1584,精剛,15,3,12,富邦-花蓮,2023-02-03,9621
2610,華航,13,1,12,富邦-花蓮,2023-02-03,9621
1305,華夏,11,0,11,富邦-花蓮,2023-02-03,9621
4961,天鈺,11,0,11,富邦-花蓮,2023-02-03,9621
00665L,富邦�琤肭磪囓�2,10,0,10,富邦-花蓮,2023-02-03,9621
2382,廣達,10,0,10,富邦-花蓮,2023-02-03,9621
3058,立德,10,0,10,富邦-花蓮,2023-02-03,9621
3305,昇貿,10,0,10,富邦-花蓮,2023-02-03,9621
6806,森崴能源,10,0,10,富邦-花蓮,2023-02-03,9621
1210,大成,10,0,10,富邦-花蓮,2023-02-03,9621
00715L,期街口布蘭特正2,9,0,9,富邦-花蓮,2023-02-03,9621
00650L,復華香港正2,10,1,9,富邦-花蓮,2023-02-03,9621
2603,長榮,10,1,9,富邦-花蓮,2023-02-03,9621
2412,中華電,8,0,8,富邦-花蓮,2023-02-03,9621
2388,威盛,11,3,8,富邦-花蓮,2023-02-03,9621
2880,華南金,9,1,8,富邦-花蓮,2023-02-03,9621
3027,盛達,10,3,7,富邦-花蓮,2023-02-03,9621
1216,統一,7,0,7,富邦-花蓮,2023-02-03,9621
00882,中信中國高股息,7,0,7,富邦-花蓮,2023-02-03,9621
2344,華邦電,7,0,7,富邦-花蓮,2023-02-03,9621
4743,合一,9,2,7,富邦-花蓮,2023-02-03,9621
2834,臺企銀,10,3,7,富邦-花蓮,2023-02-03,9621
1611,中電,6,0,6,富邦-花蓮,2023-02-03,9621
2204,中華,6,0,6,富邦-花蓮,2023-02-03,9621
2892,第一金,6,0,6,富邦-花蓮,2023-02-03,9621
3047,訊舟,6,0,6,富邦-花蓮,2023-02-03,9621
3491,昇達科,6,0,6,富邦-花蓮,2023-02-03,9621
3508,位速,7,1,6,富邦-花蓮,2023-02-03,9621
4943,康控-KY,6,0,6,富邦-花蓮,2023-02-03,9621
6708,天擎,5,0,5,富邦-花蓮,2023-02-03,9621
2317,鴻海,6,1,5,富邦-花蓮,2023-02-03,9621
3037,欣興,213,208,5,富邦-花蓮,2023-02-03,9621
3037,欣興,306,113,193,富邦-花蓮,2023-02-06,9621
00665L,富邦�琤肭磪囓�2,100,2,98,富邦-花蓮,2023-02-06,9621
00878,國泰永續高股息,76,1,75,富邦-花蓮,2023-02-06,9621
00882,中信中國高股息,82,22,60,富邦-花蓮,2023-02-06,9621
2834,臺企銀,35,0,35,富邦-花蓮,2023-02-06,9621
2609,陽明,33,1,32,富邦-花蓮,2023-02-06,9621
00673R,期元大S＆P原油反1,30,5,25,富邦-花蓮,2023-02-06,9621
3035,智原,28,6,22,富邦-花蓮,2023-02-06,9621
3058,立德,20,0,20,富邦-花蓮,2023-02-06,9621
2615,萬海,23,4,19,富邦-花蓮,2023-02-06,9621
6104,創惟,21,3,18,富邦-花蓮,2023-02-06,9621
2890,永豐金,19,2,17,富邦-花蓮,2023-02-06,9621
2542,興富發,16,0,16,富邦-花蓮,2023-02-06,9621
2880,華南金,16,0,16,富邦-花蓮,2023-02-06,9621
2317,鴻海,20,5,15,富邦-花蓮,2023-02-06,9621
2897,王道銀行,15,0,15,富邦-花蓮,2023-02-06,9621
00900,富邦特選高股息30,13,0,13,富邦-花蓮,2023-02-06,9621
2312,金寶,15,2,13,富邦-花蓮,2023-02-06,9621
1101,台泥,13,1,12,富邦-花蓮,2023-02-06,9621
00670L,富邦NASDAQ正2,12,0,12,富邦-花蓮,2023-02-06,9621
6188,廣明,12,0,12,富邦-花蓮,2023-02-06,9621
00885,富邦越南,11,0,11,富邦-花蓮,2023-02-06,9621
2883,凱基金,11,1,10,富邦-花蓮,2023-02-06,9621
2338,光罩,10,0,10,富邦-花蓮,2023-02-06,9621
00905,FT臺灣Smart,10,0,10,富邦-花蓮,2023-02-06,9621
00706L,期元大S＆P日圓正2,10,0,10,富邦-花蓮,2023-02-06,9621
3588,通嘉,33,23,10,富邦-花蓮,2023-02-06,9621
6139,亞翔,10,0,10,富邦-花蓮,2023-02-06,9621
9941,裕融,13,3,10,富邦-花蓮,2023-02-06,9621
00772B,中信高評級公司債,10,0,10,富邦-花蓮,2023-02-06,9621
00892,富邦台灣半導體,12,3,9,富邦-花蓮,2023-02-06,9621
2892,第一金,9,0,9,富邦-花蓮,2023-02-06,9621
2888,新光金,15,7,8,富邦-花蓮,2023-02-06,9621
00715L,期街口布蘭特正2,8,0,8,富邦-花蓮,2023-02-06,9621
5425,台半,9,1,8,富邦-花蓮,2023-02-06,9621
6770,力積電,11,3,8,富邦-花蓮,2023-02-06,9621
6274,台燿,7,0,7,富邦-花蓮,2023-02-06,9621
5351,鈺創,11,4,7,富邦-花蓮,2023-02-06,9621
3293,鈊象,6,0,6,富邦-花蓮,2023-02-06,9621
2330,台積電,11,4,7,富邦-花蓮,2023-02-06,9621
00642U,期元大S＆P石油,6,0,6,富邦-花蓮,2023-02-06,9621
1809,中釉,6,0,6,富邦-花蓮,2023-02-06,9621
2436,偉詮電,7,1,6,富邦-花蓮,2023-02-06,9621
2884,玉山金,5,0,5,富邦-花蓮,2023-02-06,9621
2201,裕隆,21,16,5,富邦-花蓮,2023-02-06,9621
9958,世紀鋼,5,0,5,富邦-花蓮,2023-02-06,9621
1313,聯成,10,5,5,富邦-花蓮,2023-02-06,9621
2889,國票金,5,0,5,富邦-花蓮,2023-02-06,9621
4908,前鼎,5,0,5,富邦-花蓮,2023-02-06,9621
5258,虹堡,10,5,5,富邦-花蓮,2023-02-06,9621
00665L,富邦�琤肭磪囓�2,52,0,52,富邦-花蓮,2023-02-07,9621
00878,國泰永續高股息,49,2,47,富邦-花蓮,2023-02-07,9621
4114,健喬,60,27,33,富邦-花蓮,2023-02-07,9621
1701,中化,42,10,32,富邦-花蓮,2023-02-07,9621
3050,鈺德,30,0,30,富邦-花蓮,2023-02-07,9621
2897,王道銀行,25,0,25,富邦-花蓮,2023-02-07,9621
2317,鴻海,27,2,25,富邦-花蓮,2023-02-07,9621
00650L,復華香港正2,25,1,24,富邦-花蓮,2023-02-07,9621
1605,華新,27,4,23,富邦-花蓮,2023-02-07,9621
1337,再生-KY,20,0,20,富邦-花蓮,2023-02-07,9621
4906,正文,20,0,20,富邦-花蓮,2023-02-07,9621
1432,大魯閣,21,1,20,富邦-花蓮,2023-02-07,9621
00712,復華富時不動產,19,0,19,富邦-花蓮,2023-02-07,9621
00679B,元大美債20年,18,0,18,富邦-花蓮,2023-02-07,9621
3037,欣興,130,113,17,富邦-花蓮,2023-02-07,9621
5309,系統電,23,6,17,富邦-花蓮,2023-02-07,9621
00670L,富邦NASDAQ正2,16,0,16,富邦-花蓮,2023-02-07,9621
1752,南光,28,12,16,富邦-花蓮,2023-02-07,9621
2105,正新,13,1,12,富邦-花蓮,2023-02-07,9621
1712,興農,11,0,11,富邦-花蓮,2023-02-07,9621
2344,華邦電,12,1,11,富邦-花蓮,2023-02-07,9621
3665,貿聯-KY,11,0,11,富邦-花蓮,2023-02-07,9621
00639,富邦深100,10,0,10,富邦-花蓮,2023-02-07,9621
00674R,期元大S＆P黃金反1,10,0,10,富邦-花蓮,2023-02-07,9621
00885,富邦越南,18,8,10,富邦-花蓮,2023-02-07,9621
2888,新光金,10,0,10,富邦-花蓮,2023-02-07,9621
2610,華航,11,2,9,富邦-花蓮,2023-02-07,9621
2548,華固,10,1,9,富邦-花蓮,2023-02-07,9621
2883,凱基金,20,11,9,富邦-花蓮,2023-02-07,9621
2891,中信金,9,0,9,富邦-花蓮,2023-02-07,9621
6235,華孚,13,5,8,富邦-花蓮,2023-02-07,9621
6605,帝寶,8,0,8,富邦-花蓮,2023-02-07,9621
8171,天宇,12,4,8,富邦-花蓮,2023-02-07,9621
2609,陽明,9,2,7,富邦-花蓮,2023-02-07,9621
1524,耿鼎,8,1,7,富邦-花蓮,2023-02-07,9621
2867,三商壽,7,0,7,富邦-花蓮,2023-02-07,9621
3227,原相,7,0,7,富邦-花蓮,2023-02-07,9621
1795,美時,256,250,6,富邦-花蓮,2023-02-07,9621
1536,和大,6,0,6,富邦-花蓮,2023-02-07,9621
2303,聯電,8,2,6,富邦-花蓮,2023-02-07,9621
2603,長榮,6,0,6,富邦-花蓮,2023-02-07,9621
2892,第一金,6,0,6,富邦-花蓮,2023-02-07,9621
00772B,中信高評級公司債,6,0,6,富邦-花蓮,2023-02-07,9621
00900,富邦特選高股息30,5,0,5,富邦-花蓮,2023-02-07,9621
00696B,富邦美債20年,5,0,5,富邦-花蓮,2023-02-07,9621
1516,川飛,5,0,5,富邦-花蓮,2023-02-07,9621
1570,力肯,5,0,5,富邦-花蓮,2023-02-07,9621
2449,京元電子,5,0,5,富邦-花蓮,2023-02-07,9621
4746,台耀,5,0,5,富邦-花蓮,2023-02-07,9621
5464,霖宏,5,0,5,富邦-花蓮,2023-02-07,9621
3481,群創,201,22,179,富邦-花蓮,2023-02-08,9621
00665L,富邦�琤肭磪囓�2,68,0,68,富邦-花蓮,2023-02-08,9621
2367,燿華,49,5,44,富邦-花蓮,2023-02-08,9621
2338,光罩,42,0,42,富邦-花蓮,2023-02-08,9621
2884,玉山金,41,0,41,富邦-花蓮,2023-02-08,9621
00878,國泰永續高股息,40,2,38,富邦-花蓮,2023-02-08,9621
6531,愛普*,30,3,27,富邦-花蓮,2023-02-08,9621
2883,凱基金,25,0,25,富邦-花蓮,2023-02-08,9621
2317,鴻海,23,1,22,富邦-花蓮,2023-02-08,9621
6285,啟��,21,0,21,富邦-花蓮,2023-02-08,9621
2897,王道銀行,20,0,20,富邦-花蓮,2023-02-08,9621
6005,群益證,20,0,20,富邦-花蓮,2023-02-08,9621
2609,陽明,22,4,18,富邦-花蓮,2023-02-08,9621
2498,宏達電,26,9,17,富邦-花蓮,2023-02-08,9621
00631L,元大台灣50正2,19,3,16,富邦-花蓮,2023-02-08,9621
6541,泰福-KY,15,0,15,富邦-花蓮,2023-02-08,9621
00679B,元大美債20年,12,0,12,富邦-花蓮,2023-02-08,9621
2425,承啟,23,11,12,富邦-花蓮,2023-02-08,9621
5309,系統電,12,1,11,富邦-花蓮,2023-02-08,9621
00890B,凱基ESG BBB債,11,0,11,富邦-花蓮,2023-02-08,9621
00780B,國泰A級金融債,11,0,11,富邦-花蓮,2023-02-08,9621
00712,復華富時不動產,10,0,10,富邦-花蓮,2023-02-08,9621
00701,國泰股利精選30,10,0,10,富邦-花蓮,2023-02-08,9621
2405,輔信,10,0,10,富邦-花蓮,2023-02-08,9621
2915,潤泰全,10,0,10,富邦-花蓮,2023-02-08,9621
5258,虹堡,13,3,10,富邦-花蓮,2023-02-08,9621
1605,華新,20,11,9,富邦-花蓮,2023-02-08,9621
00664R,國泰臺灣加權反1,9,0,9,富邦-花蓮,2023-02-08,9621
2618,長榮航,10,1,9,富邦-花蓮,2023-02-08,9621
6282,康舒,21,13,8,富邦-花蓮,2023-02-08,9621
1712,興農,8,0,8,富邦-花蓮,2023-02-08,9621
1909,榮成,8,0,8,富邦-花蓮,2023-02-08,9621
6205,詮欣,8,0,8,富邦-花蓮,2023-02-08,9621
6770,力積電,28,20,8,富邦-花蓮,2023-02-08,9621
8046,南電,13,5,8,富邦-花蓮,2023-02-08,9621
2886,兆豐金,7,0,7,富邦-花蓮,2023-02-08,9621
2889,國票金,7,0,7,富邦-花蓮,2023-02-08,9621
00885,富邦越南,7,0,7,富邦-花蓮,2023-02-08,9621
2014,中鴻,23,16,7,富邦-花蓮,2023-02-08,9621
3231,緯創,7,0,7,富邦-花蓮,2023-02-08,9621
2892,第一金,7,0,7,富邦-花蓮,2023-02-08,9621
2328,廣宇,16,10,6,富邦-花蓮,2023-02-08,9621
2364,倫飛,21,15,6,富邦-花蓮,2023-02-08,9621
6217,中探針,8,2,6,富邦-花蓮,2023-02-08,9621
6426,統新,6,0,6,富邦-花蓮,2023-02-08,9621
2002,中鋼,6,0,6,富邦-花蓮,2023-02-08,9621
3022,威強電,41,36,5,富邦-花蓮,2023-02-08,9621
9945,潤泰新,6,1,5,富邦-花蓮,2023-02-08,9621
3443,創意,7,2,5,富邦-花蓮,2023-02-08,9621
2880,華南金,5,0,5,富邦-花蓮,2023-02-08,9621
2886,兆豐金,70,0,70,富邦-花蓮,2023-02-09,9621
00878,國泰永續高股息,53,1,52,富邦-花蓮,2023-02-09,9621
00670L,富邦NASDAQ正2,50,0,50,富邦-花蓮,2023-02-09,9621
2880,華南金,40,0,40,富邦-花蓮,2023-02-09,9621
3059,華晶科,37,0,37,富邦-花蓮,2023-02-09,9621
00712,復華富時不動產,27,0,27,富邦-花蓮,2023-02-09,9621
2388,威盛,48,26,22,富邦-花蓮,2023-02-09,9621
2351,順德,20,0,20,富邦-花蓮,2023-02-09,9621
3189,景碩,20,0,20,富邦-花蓮,2023-02-09,9621
4916,事欣科,22,2,20,富邦-花蓮,2023-02-09,9621
6129,普誠,19,1,18,富邦-花蓮,2023-02-09,9621
2610,華航,18,1,17,富邦-花蓮,2023-02-09,9621
2849,安泰銀,16,0,16,富邦-花蓮,2023-02-09,9621
00772B,中信高評級公司債,15,0,15,富邦-花蓮,2023-02-09,9621
2891,中信金,15,0,15,富邦-花蓮,2023-02-09,9621
00885,富邦越南,14,0,14,富邦-花蓮,2023-02-09,9621
2892,第一金,14,0,14,富邦-花蓮,2023-02-09,9621
2883,凱基金,13,0,13,富邦-花蓮,2023-02-09,9621
1101,台泥,16,3,13,富邦-花蓮,2023-02-09,9621
3580,友威科,12,0,12,富邦-花蓮,2023-02-09,9621
5258,虹堡,17,6,11,富邦-花蓮,2023-02-09,9621
00696B,富邦美債20年,11,0,11,富邦-花蓮,2023-02-09,9621
2888,新光金,10,0,10,富邦-花蓮,2023-02-09,9621
2204,中華,10,0,10,富邦-花蓮,2023-02-09,9621
2369,菱生,10,0,10,富邦-花蓮,2023-02-09,9621
2897,王道銀行,10,0,10,富邦-花蓮,2023-02-09,9621
8403,盛弘,10,0,10,富邦-花蓮,2023-02-09,9621
2498,宏達電,174,165,9,富邦-花蓮,2023-02-09,9621
2376,技嘉,9,0,9,富邦-花蓮,2023-02-09,9621
2634,漢翔,30,21,9,富邦-花蓮,2023-02-09,9621
00679B,元大美債20年,8,0,8,富邦-花蓮,2023-02-09,9621
6180,橘子,8,0,8,富邦-花蓮,2023-02-09,9621
1313,聯成,7,0,7,富邦-花蓮,2023-02-09,9621
00892,富邦台灣半導體,7,0,7,富邦-花蓮,2023-02-09,9621
00900,富邦特選高股息30,7,0,7,富邦-花蓮,2023-02-09,9621
4919,新唐,9,2,7,富邦-花蓮,2023-02-09,9621
6426,統新,7,0,7,富邦-花蓮,2023-02-09,9621
8046,南電,17,10,7,富邦-花蓮,2023-02-09,9621
2368,金像電,6,0,6,富邦-花蓮,2023-02-09,9621
2890,永豐金,6,0,6,富邦-花蓮,2023-02-09,9621
2007,燁興,6,0,6,富邦-花蓮,2023-02-09,9621
2607,榮運,18,12,6,富邦-花蓮,2023-02-09,9621
3014,聯陽,10,4,6,富邦-花蓮,2023-02-09,9621
3162,精確,7,1,6,富邦-花蓮,2023-02-09,9621
3520,華盈,6,0,6,富邦-花蓮,2023-02-09,9621
4966,譜瑞-KY,6,0,6,富邦-花蓮,2023-02-09,9621
1514,亞力,5,0,5,富邦-花蓮,2023-02-09,9621
5351,鈺創,5,0,5,富邦-花蓮,2023-02-09,9621
8299,群聯,5,0,5,富邦-花蓮,2023-02-09,9621
00905,FT臺灣Smart,5,0,5,富邦-花蓮,2023-02-09,9621
00632R,元大台灣50反1,430,0,430,富邦-花蓮,2023-02-10,9621
00878,國泰永續高股息,116,10,106,富邦-花蓮,2023-02-10,9621
8938,明安,102,0,102,富邦-花蓮,2023-02-10,9621
6116,彩晶,55,0,55,富邦-花蓮,2023-02-10,9621
2344,華邦電,36,0,36,富邦-花蓮,2023-02-10,9621
00712,復華富時不動產,34,0,34,富邦-花蓮,2023-02-10,9621
2618,長榮航,32,2,30,富邦-花蓮,2023-02-10,9621
6443,元晶,30,1,29,富邦-花蓮,2023-02-10,9621
4979,華星光,62,39,23,富邦-花蓮,2023-02-10,9621
5309,系統電,23,0,23,富邦-花蓮,2023-02-10,9621
2201,裕隆,28,7,21,富邦-花蓮,2023-02-10,9621
2453,凌群,26,5,21,富邦-花蓮,2023-02-10,9621
4931,新盛力,25,4,21,富邦-花蓮,2023-02-10,9621
6016,康和證,20,0,20,富邦-花蓮,2023-02-10,9621
1605,華新,33,14,19,富邦-花蓮,2023-02-10,9621
6235,華孚,29,10,19,富邦-花蓮,2023-02-10,9621
2609,陽明,24,7,17,富邦-花蓮,2023-02-10,9621
6282,康舒,51,36,15,富邦-花蓮,2023-02-10,9621
2338,光罩,16,3,13,富邦-花蓮,2023-02-10,9621
1752,南光,13,0,13,富邦-花蓮,2023-02-10,9621
2607,榮運,21,10,11,富邦-花蓮,2023-02-10,9621
2915,潤泰全,12,1,11,富邦-花蓮,2023-02-10,9621
3693,營邦,12,1,11,富邦-花蓮,2023-02-10,9621
6005,群益證,11,0,11,富邦-花蓮,2023-02-10,9621
6182,合晶,11,0,11,富邦-花蓮,2023-02-10,9621
1210,大成,10,0,10,富邦-花蓮,2023-02-10,9621
00671R,富邦NASDAQ反1,10,0,10,富邦-花蓮,2023-02-10,9621
2358,廷鑫,10,0,10,富邦-花蓮,2023-02-10,9621
2388,威盛,11,1,10,富邦-花蓮,2023-02-10,9621
2612,中航,10,0,10,富邦-花蓮,2023-02-10,9621
2801,彰銀,10,0,10,富邦-花蓮,2023-02-10,9621
2867,三商壽,10,0,10,富邦-花蓮,2023-02-10,9621
3312,弘憶股,10,0,10,富邦-花蓮,2023-02-10,9621
00679B,元大美債20年,9,0,9,富邦-花蓮,2023-02-10,9621
8046,南電,19,10,9,富邦-花蓮,2023-02-10,9621
2542,興富發,9,0,9,富邦-花蓮,2023-02-10,9621
4919,新唐,9,0,9,富邦-花蓮,2023-02-10,9621
1417,嘉裕,10,1,9,富邦-花蓮,2023-02-10,9621
3128,昇銳,9,0,9,富邦-花蓮,2023-02-10,9621
9945,潤泰新,8,0,8,富邦-花蓮,2023-02-10,9621
1319,東陽,8,0,8,富邦-花蓮,2023-02-10,9621
2312,金寶,9,1,8,富邦-花蓮,2023-02-10,9621
5425,台半,11,3,8,富邦-花蓮,2023-02-10,9621
2890,永豐金,7,0,7,富邦-花蓮,2023-02-10,9621
2888,新光金,7,0,7,富邦-花蓮,2023-02-10,9621
3014,聯陽,7,0,7,富邦-花蓮,2023-02-10,9621
3037,欣興,204,197,7,富邦-花蓮,2023-02-10,9621
5258,虹堡,10,3,7,富邦-花蓮,2023-02-10,9621
8105,凌巨,37,30,7,富邦-花蓮,2023-02-10,9621
1513,中興電,7,1,6,富邦-花蓮,2023-02-10,9621
2208,台船,100,0,100,富邦-花蓮,2023-02-13,9621
00878,國泰永續高股息,99,7,92,富邦-花蓮,2023-02-13,9621
2834,臺企銀,61,1,60,富邦-花蓮,2023-02-13,9621
1701,中化,56,3,53,富邦-花蓮,2023-02-13,9621
00897,富邦基因免疫生技,50,0,50,富邦-花蓮,2023-02-13,9621
00670L,富邦NASDAQ正2,30,0,30,富邦-花蓮,2023-02-13,9621
00892,富邦台灣半導體,28,0,28,富邦-花蓮,2023-02-13,9621
3062,建漢,25,0,25,富邦-花蓮,2023-02-13,9621
00772B,中信高評級公司債,22,0,22,富邦-花蓮,2023-02-13,9621
5608,四維航,21,0,21,富邦-花蓮,2023-02-13,9621
2884,玉山金,21,1,20,富邦-花蓮,2023-02-13,9621
2897,王道銀行,20,0,20,富邦-花蓮,2023-02-13,9621
00679B,元大美債20年,18,0,18,富邦-花蓮,2023-02-13,9621
2303,聯電,72,55,17,富邦-花蓮,2023-02-13,9621
1708,東鹼,15,0,15,富邦-花蓮,2023-02-13,9621
9945,潤泰新,13,0,13,富邦-花蓮,2023-02-13,9621
8046,南電,14,2,12,富邦-花蓮,2023-02-13,9621
8033,雷虎,11,0,11,富邦-花蓮,2023-02-13,9621
1760,寶齡富錦,11,0,11,富邦-花蓮,2023-02-13,9621
2409,友達,17,6,11,富邦-花蓮,2023-02-13,9621
6139,亞翔,10,0,10,富邦-花蓮,2023-02-13,9621
00753L,中信中國50正2,10,0,10,富邦-花蓮,2023-02-13,9621
2338,光罩,10,0,10,富邦-花蓮,2023-02-13,9621
2399,映泰,14,4,10,富邦-花蓮,2023-02-13,9621
2801,彰銀,10,0,10,富邦-花蓮,2023-02-13,9621
3047,訊舟,10,0,10,富邦-花蓮,2023-02-13,9621
5607,遠雄港,10,0,10,富邦-花蓮,2023-02-13,9621
00895,富邦未來車,9,0,9,富邦-花蓮,2023-02-13,9621
5340,建榮,9,0,9,富邦-花蓮,2023-02-13,9621
6443,元晶,9,0,9,富邦-花蓮,2023-02-13,9621
6770,力積電,9,0,9,富邦-花蓮,2023-02-13,9621
8938,明安,9,0,9,富邦-花蓮,2023-02-13,9621
2364,倫飛,8,0,8,富邦-花蓮,2023-02-13,9621
2883,凱基金,10,2,8,富邦-花蓮,2023-02-13,9621
0056,元大高股息,7,0,7,富邦-花蓮,2023-02-13,9621
6235,華孚,22,15,7,富邦-花蓮,2023-02-13,9621
00882,中信中國高股息,6,0,6,富邦-花蓮,2023-02-13,9621
2344,華邦電,6,0,6,富邦-花蓮,2023-02-13,9621
2476,鉅祥,6,0,6,富邦-花蓮,2023-02-13,9621
2634,漢翔,7,1,6,富邦-花蓮,2023-02-13,9621
4979,華星光,13,7,6,富邦-花蓮,2023-02-13,9621
5425,台半,7,1,6,富邦-花蓮,2023-02-13,9621
6589,台康生技,7,1,6,富邦-花蓮,2023-02-13,9621
00780B,國泰A級金融債,5,0,5,富邦-花蓮,2023-02-13,9621
2436,偉詮電,5,0,5,富邦-花蓮,2023-02-13,9621
2618,長榮航,6,1,5,富邦-花蓮,2023-02-13,9621
3029,零壹,5,0,5,富邦-花蓮,2023-02-13,9621
3372,典範,5,0,5,富邦-花蓮,2023-02-13,9621
5371,中光電,5,0,5,富邦-花蓮,2023-02-13,9621
6152,百一,5,0,5,富邦-花蓮,2023-02-13,9621
2409,友達,208,14,194,富邦-花蓮,2023-02-14,9621
8938,明安,92,0,92,富邦-花蓮,2023-02-14,9621
6443,元晶,68,4,64,富邦-花蓮,2023-02-14,9621
00878,國泰永續高股息,91,32,59,富邦-花蓮,2023-02-14,9621
00665L,富邦�琤肭磪囓�2,42,0,42,富邦-花蓮,2023-02-14,9621
1605,華新,32,7,25,富邦-花蓮,2023-02-14,9621
6282,康舒,21,1,20,富邦-花蓮,2023-02-14,9621
1560,中砂,17,0,17,富邦-花蓮,2023-02-14,9621
8215,明基材,17,0,17,富邦-花蓮,2023-02-14,9621
1760,寶齡富錦,15,0,15,富邦-花蓮,2023-02-14,9621
2476,鉅祥,14,0,14,富邦-花蓮,2023-02-14,9621
1516,川飛,13,0,13,富邦-花蓮,2023-02-14,9621
5258,虹堡,13,0,13,富邦-花蓮,2023-02-14,9621
00673R,期元大S＆P原油反1,14,2,12,富邦-花蓮,2023-02-14,9621
1783,和康生,12,0,12,富邦-花蓮,2023-02-14,9621
8289,泰藝,12,0,12,富邦-花蓮,2023-02-14,9621
00632R,元大台灣50反1,10,0,10,富邦-花蓮,2023-02-14,9621
00713,元大台灣高息低波,10,0,10,富邦-花蓮,2023-02-14,9621
2606,裕民,10,0,10,富邦-花蓮,2023-02-14,9621
6165,浪凡,10,0,10,富邦-花蓮,2023-02-14,9621
6180,橘子,18,8,10,富邦-花蓮,2023-02-14,9621
6213,聯茂,10,0,10,富邦-花蓮,2023-02-14,9621
6290,良維,58,48,10,富邦-花蓮,2023-02-14,9621
8097,常珵,10,0,10,富邦-花蓮,2023-02-14,9621
8105,凌巨,12,2,10,富邦-花蓮,2023-02-14,9621
3029,零壹,12,2,10,富邦-花蓮,2023-02-14,9621
1795,美時,11,2,9,富邦-花蓮,2023-02-14,9621
6189,豐藝,9,0,9,富邦-花蓮,2023-02-14,9621
00679B,元大美債20年,8,0,8,富邦-花蓮,2023-02-14,9621
0056,元大高股息,10,2,8,富邦-花蓮,2023-02-14,9621
00900,富邦特選高股息30,10,2,8,富邦-花蓮,2023-02-14,9621
3491,昇達科,8,0,8,富邦-花蓮,2023-02-14,9621
6488,環球晶,8,0,8,富邦-花蓮,2023-02-14,9621
2368,金像電,7,0,7,富邦-花蓮,2023-02-14,9621
00770,國泰北美科技,7,0,7,富邦-花蓮,2023-02-14,9621
2329,華泰,7,0,7,富邦-花蓮,2023-02-14,9621
2453,凌群,150,143,7,富邦-花蓮,2023-02-14,9621
4162,智擎,8,1,7,富邦-花蓮,2023-02-14,9621
1305,華夏,8,2,6,富邦-花蓮,2023-02-14,9621
00891,中信關鍵半導體,6,0,6,富邦-花蓮,2023-02-14,9621
2023,燁輝,6,0,6,富邦-花蓮,2023-02-14,9621
2436,偉詮電,6,0,6,富邦-花蓮,2023-02-14,9621
2492,華新科,8,2,6,富邦-花蓮,2023-02-14,9621
2884,玉山金,7,1,6,富邦-花蓮,2023-02-14,9621
2885,元大金,5,0,5,富邦-花蓮,2023-02-14,9621
00664R,國泰臺灣加權反1,5,0,5,富邦-花蓮,2023-02-14,9621
00637L,元大滬深300正2,5,0,5,富邦-花蓮,2023-02-14,9621
00890B,凱基ESG BBB債,5,0,5,富邦-花蓮,2023-02-14,9621
00753L,中信中國50正2,5,0,5,富邦-花蓮,2023-02-14,9621
00780B,國泰A級金融債,5,0,5,富邦-花蓮,2023-02-14,9621
00878,國泰永續高股息,140,26,114,富邦-花蓮,2023-02-15,9621
1313,聯成,113,0,113,富邦-花蓮,2023-02-15,9621
3481,群創,108,4,104,富邦-花蓮,2023-02-15,9621
6005,群益證,30,0,30,富邦-花蓮,2023-02-15,9621
8050,廣積,31,1,30,富邦-花蓮,2023-02-15,9621
8171,天宇,25,2,23,富邦-花蓮,2023-02-15,9621
2897,王道銀行,20,0,20,富邦-花蓮,2023-02-15,9621
6770,力積電,21,1,20,富邦-花蓮,2023-02-15,9621
2880,華南金,18,0,18,富邦-花蓮,2023-02-15,9621
1609,大亞,24,6,18,富邦-花蓮,2023-02-15,9621
2027,大成鋼,15,0,15,富邦-花蓮,2023-02-15,9621
3058,立德,15,0,15,富邦-花蓮,2023-02-15,9621
2330,台積電,20,6,14,富邦-花蓮,2023-02-15,9621
00655L,國泰中國A50正2,14,0,14,富邦-花蓮,2023-02-15,9621
1303,南亞,12,0,12,富邦-花蓮,2023-02-15,9621
00900,富邦特選高股息30,12,0,12,富邦-花蓮,2023-02-15,9621
2009,第一銅,13,2,11,富邦-花蓮,2023-02-15,9621
2743,山富,19,8,11,富邦-花蓮,2023-02-15,9621
6235,華孚,48,37,11,富邦-花蓮,2023-02-15,9621
2344,華邦電,10,0,10,富邦-花蓮,2023-02-15,9621
2303,聯電,12,2,10,富邦-花蓮,2023-02-15,9621
2476,鉅祥,10,0,10,富邦-花蓮,2023-02-15,9621
2612,中航,10,0,10,富邦-花蓮,2023-02-15,9621
3013,晟銘電,10,0,10,富邦-花蓮,2023-02-15,9621
6165,浪凡,10,0,10,富邦-花蓮,2023-02-15,9621
6179,亞通,10,0,10,富邦-花蓮,2023-02-15,9621
8215,明基材,10,0,10,富邦-花蓮,2023-02-15,9621
4114,健喬,12,3,9,富邦-花蓮,2023-02-15,9621
6116,彩晶,10,1,9,富邦-花蓮,2023-02-15,9621
00905,FT臺灣Smart,8,0,8,富邦-花蓮,2023-02-15,9621
00631L,元大台灣50正2,8,0,8,富邦-花蓮,2023-02-15,9621
00713,元大台灣高息低波,8,0,8,富邦-花蓮,2023-02-15,9621
3305,昇貿,8,0,8,富邦-花蓮,2023-02-15,9621
00882,中信中國高股息,7,0,7,富邦-花蓮,2023-02-15,9621
0056,元大高股息,9,2,7,富邦-花蓮,2023-02-15,9621
2618,長榮航,9,2,7,富邦-花蓮,2023-02-15,9621
5351,鈺創,7,0,7,富邦-花蓮,2023-02-15,9621
2882,國泰金,8,1,7,富邦-花蓮,2023-02-15,9621
2331,精英,8,1,7,富邦-花蓮,2023-02-15,9621
00753L,中信中國50正2,6,0,6,富邦-花蓮,2023-02-15,9621
2337,旺宏,6,0,6,富邦-花蓮,2023-02-15,9621
2404,漢唐,6,0,6,富邦-花蓮,2023-02-15,9621
2486,一詮,6,0,6,富邦-花蓮,2023-02-15,9621
6443,元晶,11,5,6,富邦-花蓮,2023-02-15,9621
1432,大魯閣,5,0,5,富邦-花蓮,2023-02-15,9621
6282,康舒,7,2,5,富邦-花蓮,2023-02-15,9621
00888,永豐台灣ESG,5,0,5,富邦-花蓮,2023-02-15,9621
00892,富邦台灣半導體,7,2,5,富邦-花蓮,2023-02-15,9621
00881,國泰台灣5G+,5,0,5,富邦-花蓮,2023-02-15,9621
1570,力肯,5,0,5,富邦-花蓮,2023-02-15,9621
00632R,元大台灣50反1,70,0,70,富邦-花蓮,2023-02-16,9621
00878,國泰永續高股息,70,3,67,富邦-花蓮,2023-02-16,9621
8938,明安,36,0,36,富邦-花蓮,2023-02-16,9621
2605,新興,26,1,25,富邦-花蓮,2023-02-16,9621
5351,鈺創,27,2,25,富邦-花蓮,2023-02-16,9621
6005,群益證,23,0,23,富邦-花蓮,2023-02-16,9621
00679B,元大美債20年,23,1,22,富邦-花蓮,2023-02-16,9621
1609,大亞,21,2,19,富邦-花蓮,2023-02-16,9621
8050,廣積,21,2,19,富邦-花蓮,2023-02-16,9621
2609,陽明,16,1,15,富邦-花蓮,2023-02-16,9621
2883,凱基金,15,1,14,富邦-花蓮,2023-02-16,9621
2323,中環,13,2,11,富邦-花蓮,2023-02-16,9621
2486,一詮,11,0,11,富邦-花蓮,2023-02-16,9621
8215,明基材,11,0,11,富邦-花蓮,2023-02-16,9621
00772B,中信高評級公司債,10,0,10,富邦-花蓮,2023-02-16,9621
00670L,富邦NASDAQ正2,10,0,10,富邦-花蓮,2023-02-16,9621
1584,精剛,10,0,10,富邦-花蓮,2023-02-16,9621
2615,萬海,10,0,10,富邦-花蓮,2023-02-16,9621
2634,漢翔,16,6,10,富邦-花蓮,2023-02-16,9621
5243,乙盛-KY,9,0,9,富邦-花蓮,2023-02-16,9621
3058,立德,10,1,9,富邦-花蓮,2023-02-16,9621
2201,裕隆,24,16,8,富邦-花蓮,2023-02-16,9621
6180,橘子,8,0,8,富邦-花蓮,2023-02-16,9621
8093,保銳,8,0,8,富邦-花蓮,2023-02-16,9621
6806,森崴能源,32,24,8,富邦-花蓮,2023-02-16,9621
2731,雄獅,13,6,7,富邦-花蓮,2023-02-16,9621
00673R,期元大S＆P原油反1,7,0,7,富邦-花蓮,2023-02-16,9621
8234,新漢,15,9,6,富邦-花蓮,2023-02-16,9621
3037,欣興,237,231,6,富邦-花蓮,2023-02-16,9621
2881,富邦金,6,1,5,富邦-花蓮,2023-02-16,9621
2303,聯電,6,1,5,富邦-花蓮,2023-02-16,9621
2465,麗臺,8,3,5,富邦-花蓮,2023-02-16,9621
3704,合勤控,6,1,5,富邦-花蓮,2023-02-16,9621
5347,世界,5,0,5,富邦-花蓮,2023-02-16,9621
5706,鳳凰,11,6,5,富邦-花蓮,2023-02-16,9621
5905,南仁湖,5,0,5,富邦-花蓮,2023-02-16,9621
6111,大宇資,5,0,5,富邦-花蓮,2023-02-16,9621
8076,伍豐,5,0,5,富邦-花蓮,2023-02-16,9621
8255,朋程,7,2,5,富邦-花蓮,2023-02-16,9621
00900,富邦特選高股息30,7,2,5,富邦-花蓮,2023-02-16,9621
00751B,元大AAA至A公司債,4,0,4,富邦-花蓮,2023-02-16,9621
4915,致伸,4,0,4,富邦-花蓮,2023-02-16,9621
1451,年興,4,0,4,富邦-花蓮,2023-02-16,9621
1467,南緯,4,0,4,富邦-花蓮,2023-02-16,9621
1608,華榮,4,0,4,富邦-花蓮,2023-02-16,9621
2312,金寶,6,2,4,富邦-花蓮,2023-02-16,9621
2436,偉詮電,4,0,4,富邦-花蓮,2023-02-16,9621
2482,連宇,5,1,4,富邦-花蓮,2023-02-16,9621
2601,益航,4,0,4,富邦-花蓮,2023-02-16,9621
3164,景岳,4,0,4,富邦-花蓮,2023-02-16,9621
2610,華航,80,16,64,富邦-花蓮,2023-02-17,9621
2618,長榮航,46,2,44,富邦-花蓮,2023-02-17,9621
00878,國泰永續高股息,39,3,36,富邦-花蓮,2023-02-17,9621
00892,富邦台灣半導體,26,0,26,富邦-花蓮,2023-02-17,9621
6122,擎邦,25,0,25,富邦-花蓮,2023-02-17,9621
2885,元大金,24,0,24,富邦-花蓮,2023-02-17,9621
00679B,元大美債20年,23,0,23,富邦-花蓮,2023-02-17,9621
2344,華邦電,24,1,23,富邦-花蓮,2023-02-17,9621
8938,明安,23,0,23,富邦-花蓮,2023-02-17,9621
00631L,元大台灣50正2,20,0,20,富邦-花蓮,2023-02-17,9621
2243,宏旭-KY,20,0,20,富邦-花蓮,2023-02-17,9621
3189,景碩,22,3,19,富邦-花蓮,2023-02-17,9621
5258,虹堡,32,13,19,富邦-花蓮,2023-02-17,9621
00680L,元大美債20正2,17,0,17,富邦-花蓮,2023-02-17,9621
1514,亞力,19,2,17,富邦-花蓮,2023-02-17,9621
00670L,富邦NASDAQ正2,16,0,16,富邦-花蓮,2023-02-17,9621
6165,浪凡,13,0,13,富邦-花蓮,2023-02-17,9621
2027,大成鋼,11,0,11,富邦-花蓮,2023-02-17,9621
3022,威強電,15,4,11,富邦-花蓮,2023-02-17,9621
1524,耿鼎,10,0,10,富邦-花蓮,2023-02-17,9621
2612,中航,10,0,10,富邦-花蓮,2023-02-17,9621
3591,艾笛森,10,0,10,富邦-花蓮,2023-02-17,9621
3624,光頡,10,0,10,富邦-花蓮,2023-02-17,9621
6282,康舒,10,0,10,富邦-花蓮,2023-02-17,9621
8403,盛弘,10,0,10,富邦-花蓮,2023-02-17,9621
00893,國泰智能電動車,9,0,9,富邦-花蓮,2023-02-17,9621
00720B,元大投資級公司債,8,0,8,富邦-花蓮,2023-02-17,9621
00882,中信中國高股息,8,0,8,富邦-花蓮,2023-02-17,9621
00712,復華富時不動產,8,0,8,富邦-花蓮,2023-02-17,9621
2609,陽明,10,2,8,富邦-花蓮,2023-02-17,9621
4142,國光生,7,0,7,富邦-花蓮,2023-02-17,9621
6111,大宇資,7,0,7,富邦-花蓮,2023-02-17,9621
0056,元大高股息,8,2,6,富邦-花蓮,2023-02-17,9621
2330,台積電,6,0,6,富邦-花蓮,2023-02-17,9621
6138,茂達,6,0,6,富邦-花蓮,2023-02-17,9621
00905,FT臺灣Smart,6,0,6,富邦-花蓮,2023-02-17,9621
2457,飛宏,9,3,6,富邦-花蓮,2023-02-17,9621
4540,全球傳動,6,0,6,富邦-花蓮,2023-02-17,9621
00713,元大台灣高息低波,5,0,5,富邦-花蓮,2023-02-17,9621
00655L,國泰中國A50正2,5,0,5,富邦-花蓮,2023-02-17,9621
2023,燁輝,5,0,5,富邦-花蓮,2023-02-17,9621
2472,立隆電,6,1,5,富邦-花蓮,2023-02-17,9621
2605,新興,5,0,5,富邦-花蓮,2023-02-17,9621
2607,榮運,5,0,5,富邦-花蓮,2023-02-17,9621
3029,零壹,5,0,5,富邦-花蓮,2023-02-17,9621
3535,晶彩科,5,0,5,富邦-花蓮,2023-02-17,9621
6121,新普,5,0,5,富邦-花蓮,2023-02-17,9621
6202,盛群,5,0,5,富邦-花蓮,2023-02-17,9621
6244,茂迪,5,0,5,富邦-花蓮,2023-02-17,9621
8409,商之器,5,0,5,富邦-花蓮,2023-02-17,9621
00632R,元大台灣50反1,450,0,450,富邦-花蓮,2023-02-20,9621
2888,新光金,109,5,104,富邦-花蓮,2023-02-20,9621
2610,華航,239,207,32,富邦-花蓮,2023-02-20,9621
00712,復華富時不動產,27,0,27,富邦-花蓮,2023-02-20,9621
1503,士電,37,10,27,富邦-花蓮,2023-02-20,9621
2617,台航,27,0,27,富邦-花蓮,2023-02-20,9621
6235,華孚,29,3,26,富邦-花蓮,2023-02-20,9621
8050,廣積,25,3,22,富邦-花蓮,2023-02-20,9621
6165,浪凡,21,0,21,富邦-花蓮,2023-02-20,9621
8069,元太,22,2,20,富邦-花蓮,2023-02-20,9621
2884,玉山金,26,6,20,富邦-花蓮,2023-02-20,9621
00903,富邦元宇宙,19,0,19,富邦-花蓮,2023-02-20,9621
2002,中鋼,20,1,19,富邦-花蓮,2023-02-20,9621
00720B,元大投資級公司債,16,0,16,富邦-花蓮,2023-02-20,9621
1605,華新,35,20,15,富邦-花蓮,2023-02-20,9621
5388,中磊,15,0,15,富邦-花蓮,2023-02-20,9621
2834,臺企銀,15,0,15,富邦-花蓮,2023-02-20,9621
1432,大魯閣,15,0,15,富邦-花蓮,2023-02-20,9621
3481,群創,41,27,14,富邦-花蓮,2023-02-20,9621
3189,景碩,113,99,14,富邦-花蓮,2023-02-20,9621
5701,劍湖山,13,0,13,富邦-花蓮,2023-02-20,9621
6741,91APP*-KY,13,0,13,富邦-花蓮,2023-02-20,9621
1560,中砂,10,0,10,富邦-花蓮,2023-02-20,9621
3252,海灣,10,0,10,富邦-花蓮,2023-02-20,9621
5347,世界,10,0,10,富邦-花蓮,2023-02-20,9621
6234,高僑,10,0,10,富邦-花蓮,2023-02-20,9621
00882,中信中國高股息,9,0,9,富邦-花蓮,2023-02-20,9621
00753L,中信中國50正2,11,2,9,富邦-花蓮,2023-02-20,9621
1504,東元,16,7,9,富邦-花蓮,2023-02-20,9621
4968,立積,10,1,9,富邦-花蓮,2023-02-20,9621
00905,FT臺灣Smart,8,0,8,富邦-花蓮,2023-02-20,9621
1701,中化,8,0,8,富邦-花蓮,2023-02-20,9621
0056,元大高股息,11,3,8,富邦-花蓮,2023-02-20,9621
00679B,元大美債20年,8,0,8,富邦-花蓮,2023-02-20,9621
1101,台泥,10,3,7,富邦-花蓮,2023-02-20,9621
6411,晶焱,7,0,7,富邦-花蓮,2023-02-20,9621
2342,茂矽,7,0,7,富邦-花蓮,2023-02-20,9621
2731,雄獅,7,0,7,富邦-花蓮,2023-02-20,9621
8043,蜜望實,7,0,7,富邦-花蓮,2023-02-20,9621
8044,網家,7,0,7,富邦-花蓮,2023-02-20,9621
9945,潤泰新,12,5,7,富邦-花蓮,2023-02-20,9621
4162,智擎,10,4,6,富邦-花蓮,2023-02-20,9621
4163,鐿鈦,6,0,6,富邦-花蓮,2023-02-20,9621
2330,台積電,9,3,6,富邦-花蓮,2023-02-20,9621
2368,金像電,9,3,6,富邦-花蓮,2023-02-20,9621
00888,永豐台灣ESG,5,0,5,富邦-花蓮,2023-02-20,9621
3665,貿聯-KY,6,1,5,富邦-花蓮,2023-02-20,9621
00680L,元大美債20正2,5,0,5,富邦-花蓮,2023-02-20,9621
00893,國泰智能電動車,5,0,5,富邦-花蓮,2023-02-20,9621
2029,盛餘,5,0,5,富邦-花蓮,2023-02-20,9621
2884,玉山金,525,424,101,富邦-花蓮,2023-02-21,9621
8936,國統,66,1,65,富邦-花蓮,2023-02-21,9621
1810,和成,47,0,47,富邦-花蓮,2023-02-21,9621
2618,長榮航,41,3,38,富邦-花蓮,2023-02-21,9621
2881,富邦金,36,2,34,富邦-花蓮,2023-02-21,9621
2610,華航,51,18,33,富邦-花蓮,2023-02-21,9621
1784,訊聯,32,0,32,富邦-花蓮,2023-02-21,9621
2882,國泰金,34,6,28,富邦-花蓮,2023-02-21,9621
00878,國泰永續高股息,29,5,24,富邦-花蓮,2023-02-21,9621
2634,漢翔,73,51,22,富邦-花蓮,2023-02-21,9621
6129,普誠,20,0,20,富邦-花蓮,2023-02-21,9621
3576,聯合再生,17,0,17,富邦-花蓮,2023-02-21,9621
00670L,富邦NASDAQ正2,16,0,16,富邦-花蓮,2023-02-21,9621
1727,中華化,16,0,16,富邦-花蓮,2023-02-21,9621
1409,新纖,15,0,15,富邦-花蓮,2023-02-21,9621
1909,榮成,15,0,15,富邦-花蓮,2023-02-21,9621
2344,華邦電,18,3,15,富邦-花蓮,2023-02-21,9621
2722,夏都,15,0,15,富邦-花蓮,2023-02-21,9621
8105,凌巨,17,3,14,富邦-花蓮,2023-02-21,9621
2206,三陽工業,22,8,14,富邦-花蓮,2023-02-21,9621
6165,浪凡,18,5,13,富邦-花蓮,2023-02-21,9621
4960,誠美材,12,0,12,富邦-花蓮,2023-02-21,9621
6443,元晶,14,2,12,富邦-花蓮,2023-02-21,9621
2498,宏達電,92,82,10,富邦-花蓮,2023-02-21,9621
00885,富邦越南,11,1,10,富邦-花蓮,2023-02-21,9621
00712,復華富時不動產,10,0,10,富邦-花蓮,2023-02-21,9621
2436,偉詮電,10,0,10,富邦-花蓮,2023-02-21,9621
2897,王道銀行,10,0,10,富邦-花蓮,2023-02-21,9621
3025,星通,10,0,10,富邦-花蓮,2023-02-21,9621
5243,乙盛-KY,10,0,10,富邦-花蓮,2023-02-21,9621
8403,盛弘,10,0,10,富邦-花蓮,2023-02-21,9621
0056,元大高股息,17,8,9,富邦-花蓮,2023-02-21,9621
1605,華新,200,191,9,富邦-花蓮,2023-02-21,9621
1522,堤維西,12,3,9,富邦-花蓮,2023-02-21,9621
3491,昇達科,9,0,9,富邦-花蓮,2023-02-21,9621
3504,揚明光,10,1,9,富邦-花蓮,2023-02-21,9621
1460,宏遠,8,0,8,富邦-花蓮,2023-02-21,9621
3591,艾笛森,10,2,8,富邦-花蓮,2023-02-21,9621
3624,光頡,8,0,8,富邦-花蓮,2023-02-21,9621
6546,正基,8,0,8,富邦-花蓮,2023-02-21,9621
6556,勝品,9,1,8,富邦-花蓮,2023-02-21,9621
8086,宏捷科,10,2,8,富邦-花蓮,2023-02-21,9621
2453,凌群,11,4,7,富邦-花蓮,2023-02-21,9621
2607,榮運,7,0,7,富邦-花蓮,2023-02-21,9621
3224,三顧,28,21,7,富邦-花蓮,2023-02-21,9621
00679B,元大美債20年,7,0,7,富邦-花蓮,2023-02-21,9621
00882,中信中國高股息,6,0,6,富邦-花蓮,2023-02-21,9621
2314,台揚,8,2,6,富邦-花蓮,2023-02-21,9621
2401,凌陽,8,2,6,富邦-花蓮,2023-02-21,9621
2486,一詮,6,0,6,富邦-花蓮,2023-02-21,9621
00878,國泰永續高股息,124,15,109,富邦-花蓮,2023-02-22,9621
00753L,中信中國50正2,53,0,53,富邦-花蓮,2023-02-22,9621
00712,復華富時不動產,50,5,45,富邦-花蓮,2023-02-22,9621
2634,漢翔,98,53,45,富邦-花蓮,2023-02-22,9621
0056,元大高股息,36,1,35,富邦-花蓮,2023-02-22,9621
00892,富邦台灣半導體,29,0,29,富邦-花蓮,2023-02-22,9621
2618,長榮航,30,5,25,富邦-花蓮,2023-02-22,9621
2338,光罩,24,0,24,富邦-花蓮,2023-02-22,9621
8938,明安,30,6,24,富邦-花蓮,2023-02-22,9621
3058,立德,22,0,22,富邦-花蓮,2023-02-22,9621
00882,中信中國高股息,19,0,19,富邦-花蓮,2023-02-22,9621
4979,華星光,19,0,19,富邦-花蓮,2023-02-22,9621
00680L,元大美債20正2,17,0,17,富邦-花蓮,2023-02-22,9621
5512,力麒,17,0,17,富邦-花蓮,2023-02-22,9621
8069,元太,19,2,17,富邦-花蓮,2023-02-22,9621
00720B,元大投資級公司債,16,0,16,富邦-花蓮,2023-02-22,9621
1909,榮成,16,0,16,富邦-花蓮,2023-02-22,9621
3037,欣興,80,64,16,富邦-花蓮,2023-02-22,9621
2303,聯電,16,0,16,富邦-花蓮,2023-02-22,9621
2610,華航,27,12,15,富邦-花蓮,2023-02-22,9621
2344,華邦電,14,2,12,富邦-花蓮,2023-02-22,9621
5425,台半,12,0,12,富邦-花蓮,2023-02-22,9621
2890,永豐金,12,0,12,富邦-花蓮,2023-02-22,9621
00679B,元大美債20年,12,1,11,富邦-花蓮,2023-02-22,9621
00670L,富邦NASDAQ正2,11,0,11,富邦-花蓮,2023-02-22,9621
2408,南亞科,12,1,11,富邦-花蓮,2023-02-22,9621
3189,景碩,32,21,11,富邦-花蓮,2023-02-22,9621
4114,健喬,11,0,11,富邦-花蓮,2023-02-22,9621
5347,世界,11,0,11,富邦-花蓮,2023-02-22,9621
8222,寶一,13,3,10,富邦-花蓮,2023-02-22,9621
00665L,富邦�琤肭磪囓�2,10,0,10,富邦-花蓮,2023-02-22,9621
00902,中信電池及儲能,10,0,10,富邦-花蓮,2023-02-22,9621
00885,富邦越南,12,2,10,富邦-花蓮,2023-02-22,9621
2845,遠東銀,10,0,10,富邦-花蓮,2023-02-22,9621
2897,王道銀行,10,0,10,富邦-花蓮,2023-02-22,9621
8033,雷虎,16,6,10,富邦-花蓮,2023-02-22,9621
8299,群聯,10,0,10,富邦-花蓮,2023-02-22,9621
1605,華新,17,8,9,富邦-花蓮,2023-02-22,9621
00893,國泰智能電動車,9,0,9,富邦-花蓮,2023-02-22,9621
2436,偉詮電,20,11,9,富邦-花蓮,2023-02-22,9621
2486,一詮,9,0,9,富邦-花蓮,2023-02-22,9621
4961,天鈺,11,2,9,富邦-花蓮,2023-02-22,9621
6443,元晶,14,5,9,富邦-花蓮,2023-02-22,9621
2032,新鋼,8,0,8,富邦-花蓮,2023-02-22,9621
2330,台積電,14,6,8,富邦-花蓮,2023-02-22,9621
1101,台泥,12,5,7,富邦-花蓮,2023-02-22,9621
1519,華城,20,13,7,富邦-花蓮,2023-02-22,9621
6411,晶焱,7,0,7,富邦-花蓮,2023-02-22,9621
00891,中信關鍵半導體,7,0,7,富邦-花蓮,2023-02-22,9621
00751B,元大AAA至A公司債,7,0,7,富邦-花蓮,2023-02-22,9621
00632R,元大台灣50反1,471,400,71,富邦-花蓮,2023-02-23,9621
3481,群創,103,39,64,富邦-花蓮,2023-02-23,9621
8938,明安,54,0,54,富邦-花蓮,2023-02-23,9621
2404,漢唐,47,0,47,富邦-花蓮,2023-02-23,9621
2409,友達,53,6,47,富邦-花蓮,2023-02-23,9621
00664R,國泰臺灣加權反1,46,0,46,富邦-花蓮,2023-02-23,9621
2303,聯電,40,4,36,富邦-花蓮,2023-02-23,9621
2201,裕隆,33,1,32,富邦-花蓮,2023-02-23,9621
00715L,期街口布蘭特正2,30,1,29,富邦-花蓮,2023-02-23,9621
00712,復華富時不動產,25,0,25,富邦-花蓮,2023-02-23,9621
00720B,元大投資級公司債,24,0,24,富邦-花蓮,2023-02-23,9621
2702,華園,24,0,24,富邦-花蓮,2023-02-23,9621
00714,群益道瓊美國地產,21,0,21,富邦-花蓮,2023-02-23,9621
2610,華航,24,7,17,富邦-花蓮,2023-02-23,9621
1529,樂事綠能,15,0,15,富邦-花蓮,2023-02-23,9621
00882,中信中國高股息,12,0,12,富邦-花蓮,2023-02-23,9621
2344,華邦電,16,4,12,富邦-花蓮,2023-02-23,9621
3094,聯傑,15,3,12,富邦-花蓮,2023-02-23,9621
8936,國統,23,11,12,富邦-花蓮,2023-02-23,9621
2634,漢翔,63,52,11,富邦-花蓮,2023-02-23,9621
4804,大略-KY,11,0,11,富邦-花蓮,2023-02-23,9621
6005,群益證,11,0,11,富邦-花蓮,2023-02-23,9621
0056,元大高股息,15,5,10,富邦-花蓮,2023-02-23,9621
00897,富邦基因免疫生技,10,0,10,富邦-花蓮,2023-02-23,9621
8043,蜜望實,10,0,10,富邦-花蓮,2023-02-23,9621
2498,宏達電,66,57,9,富邦-花蓮,2023-02-23,9621
00679B,元大美債20年,10,1,9,富邦-花蓮,2023-02-23,9621
2324,仁寶,11,2,9,富邦-花蓮,2023-02-23,9621
3264,欣銓,9,0,9,富邦-花蓮,2023-02-23,9621
1108,幸福,11,3,8,富邦-花蓮,2023-02-23,9621
2471,資通,8,0,8,富邦-花蓮,2023-02-23,9621
2906,高林,8,0,8,富邦-花蓮,2023-02-23,9621
3029,零壹,8,0,8,富邦-花蓮,2023-02-23,9621
2312,金寶,7,0,7,富邦-花蓮,2023-02-23,9621
2413,環科,7,0,7,富邦-花蓮,2023-02-23,9621
6104,創惟,7,0,7,富邦-花蓮,2023-02-23,9621
3231,緯創,13,6,7,富邦-花蓮,2023-02-23,9621
00908,富邦入息REITs+,6,0,6,富邦-花蓮,2023-02-23,9621
1440,南紡,6,0,6,富邦-花蓮,2023-02-23,9621
2542,興富發,6,0,6,富邦-花蓮,2023-02-23,9621
2705,六福,9,3,6,富邦-花蓮,2023-02-23,9621
4979,華星光,12,6,6,富邦-花蓮,2023-02-23,9621
8028,昇陽半導體,8,2,6,富邦-花蓮,2023-02-23,9621
1513,中興電,15,9,6,富邦-花蓮,2023-02-23,9621
1444,力麗,27,22,5,富邦-花蓮,2023-02-23,9621
1460,宏遠,5,0,5,富邦-花蓮,2023-02-23,9621
1810,和成,6,1,5,富邦-花蓮,2023-02-23,9621
2023,燁輝,7,2,5,富邦-花蓮,2023-02-23,9621
2313,華通,7,2,5,富邦-花蓮,2023-02-23,9621
3062,建漢,5,0,5,富邦-花蓮,2023-02-23,9621
2605,新興,209,29,180,富邦-花蓮,2023-02-24,9621
2606,裕民,83,5,78,富邦-花蓮,2023-02-24,9621
00664R,國泰臺灣加權反1,61,0,61,富邦-花蓮,2023-02-24,9621
00882,中信中國高股息,33,0,33,富邦-花蓮,2023-02-24,9621
3033,威健,30,0,30,富邦-花蓮,2023-02-24,9621
3006,晶豪科,49,21,28,富邦-花蓮,2023-02-24,9621
1605,華新,36,9,27,富邦-花蓮,2023-02-24,9621
2615,萬海,30,3,27,富邦-花蓮,2023-02-24,9621
00878,國泰永續高股息,24,0,24,富邦-花蓮,2023-02-24,9621
5512,力麒,21,0,21,富邦-花蓮,2023-02-24,9621
2405,輔信,20,0,20,富邦-花蓮,2023-02-24,9621
4908,前鼎,20,0,20,富邦-花蓮,2023-02-24,9621
3037,欣興,133,118,15,富邦-花蓮,2023-02-24,9621
00903,富邦元宇宙,16,1,15,富邦-花蓮,2023-02-24,9621
4162,智擎,20,5,15,富邦-花蓮,2023-02-24,9621
2892,第一金,21,7,14,富邦-花蓮,2023-02-24,9621
1101,台泥,14,0,14,富邦-花蓮,2023-02-24,9621
00679B,元大美債20年,14,1,13,富邦-花蓮,2023-02-24,9621
1560,中砂,13,0,13,富邦-花蓮,2023-02-24,9621
00908,富邦入息REITs+,11,0,11,富邦-花蓮,2023-02-24,9621
5880,合庫金,11,0,11,富邦-花蓮,2023-02-24,9621
00902,中信電池及儲能,10,0,10,富邦-花蓮,2023-02-24,9621
00670L,富邦NASDAQ正2,10,0,10,富邦-花蓮,2023-02-24,9621
00665L,富邦�琤肭磪囓�2,10,0,10,富邦-花蓮,2023-02-24,9621
00715L,期街口布蘭特正2,15,5,10,富邦-花蓮,2023-02-24,9621
00888,永豐台灣ESG,10,0,10,富邦-花蓮,2023-02-24,9621
1701,中化,11,1,10,富邦-花蓮,2023-02-24,9621
4726,永昕,10,0,10,富邦-花蓮,2023-02-24,9621
4903,聯光通,10,0,10,富邦-花蓮,2023-02-24,9621
4973,廣穎,10,0,10,富邦-花蓮,2023-02-24,9621
5225,東科-KY,10,0,10,富邦-花蓮,2023-02-24,9621
5351,鈺創,10,0,10,富邦-花蓮,2023-02-24,9621
5703,亞都,10,0,10,富邦-花蓮,2023-02-24,9621
6016,康和證,10,0,10,富邦-花蓮,2023-02-24,9621
6116,彩晶,10,0,10,富邦-花蓮,2023-02-24,9621
6244,茂迪,10,0,10,富邦-花蓮,2023-02-24,9621
8111,立��,10,0,10,富邦-花蓮,2023-02-24,9621
00897,富邦基因免疫生技,9,0,9,富邦-花蓮,2023-02-24,9621
00712,復華富時不動產,9,0,9,富邦-花蓮,2023-02-24,9621
3141,晶宏,10,1,9,富邦-花蓮,2023-02-24,9621
4961,天鈺,11,2,9,富邦-花蓮,2023-02-24,9621
6285,啟��,9,0,9,富邦-花蓮,2023-02-24,9621
6411,晶焱,9,0,9,富邦-花蓮,2023-02-24,9621
1514,亞力,8,0,8,富邦-花蓮,2023-02-24,9621
2425,承啟,11,3,8,富邦-花蓮,2023-02-24,9621
2453,凌群,8,0,8,富邦-花蓮,2023-02-24,9621
4190,佐登-KY,8,0,8,富邦-花蓮,2023-02-24,9621
2243,宏旭-KY,7,0,7,富邦-花蓮,2023-02-24,9621
2399,映泰,8,1,7,富邦-花蓮,2023-02-24,9621
2457,飛宏,8,1,7,富邦-花蓮,2023-02-24,9621
2606,裕民,154,3,151,富邦-花蓮,2023-03-01,9621
8924,大田,149,1,148,富邦-花蓮,2023-03-01,9621
2601,益航,118,6,112,富邦-花蓮,2023-03-01,9621
00669R,國泰美國道瓊反1,100,6,94,富邦-花蓮,2023-03-01,9621
1605,華新,84,2,82,富邦-花蓮,2023-03-01,9621
2409,友達,82,1,81,富邦-花蓮,2023-03-01,9621
8938,明安,84,30,54,富邦-花蓮,2023-03-01,9621
6125,廣運,50,0,50,富邦-花蓮,2023-03-01,9621
3481,群創,53,9,44,富邦-花蓮,2023-03-01,9621
6104,創惟,204,162,42,富邦-花蓮,2023-03-01,9621
00665L,富邦�琤肭磪囓�2,40,0,40,富邦-花蓮,2023-03-01,9621
00712,復華富時不動產,36,0,36,富邦-花蓮,2023-03-01,9621
1701,中化,41,5,36,富邦-花蓮,2023-03-01,9621
1101,台泥,52,21,31,富邦-花蓮,2023-03-01,9621
00878,國泰永續高股息,74,46,28,富邦-花蓮,2023-03-01,9621
8046,南電,155,128,27,富邦-花蓮,2023-03-01,9621
2504,國產,24,0,24,富邦-花蓮,2023-03-01,9621
3236,千如,23,0,23,富邦-花蓮,2023-03-01,9621
6770,力積電,26,4,22,富邦-花蓮,2023-03-01,9621
2609,陽明,28,7,21,富邦-花蓮,2023-03-01,9621
00664R,國泰臺灣加權反1,21,0,21,富邦-花蓮,2023-03-01,9621
4155,訊映,20,0,20,富邦-花蓮,2023-03-01,9621
00679B,元大美債20年,17,0,17,富邦-花蓮,2023-03-01,9621
1514,亞力,18,1,17,富邦-花蓮,2023-03-01,9621
0056,元大高股息,29,13,16,富邦-花蓮,2023-03-01,9621
2641,正德,27,12,15,富邦-花蓮,2023-03-01,9621
2618,長榮航,16,3,13,富邦-花蓮,2023-03-01,9621
8271,宇瞻,13,0,13,富邦-花蓮,2023-03-01,9621
2881,富邦金,13,0,13,富邦-花蓮,2023-03-01,9621
2344,華邦電,16,4,12,富邦-花蓮,2023-03-01,9621
6443,元晶,14,2,12,富邦-花蓮,2023-03-01,9621
00696B,富邦美債20年,11,0,11,富邦-花蓮,2023-03-01,9621
00720B,元大投資級公司債,11,0,11,富邦-花蓮,2023-03-01,9621
2834,臺企銀,19,9,10,富邦-花蓮,2023-03-01,9621
1464,得力,10,0,10,富邦-花蓮,2023-03-01,9621
2371,大同,10,0,10,富邦-花蓮,2023-03-01,9621
2405,輔信,10,0,10,富邦-花蓮,2023-03-01,9621
4526,東台,10,0,10,富邦-花蓮,2023-03-01,9621
5015,華祺,10,0,10,富邦-花蓮,2023-03-01,9621
5272,笙科,10,0,10,富邦-花蓮,2023-03-01,9621
8401,白紗科,10,0,10,富邦-花蓮,2023-03-01,9621
00885,富邦越南,9,0,9,富邦-花蓮,2023-03-01,9621
3062,建漢,10,1,9,富邦-花蓮,2023-03-01,9621
2891,中信金,9,1,8,富邦-花蓮,2023-03-01,9621
2610,華航,15,7,8,富邦-花蓮,2023-03-01,9621
2809,京城銀,8,0,8,富邦-花蓮,2023-03-01,9621
3303,岱稜,8,0,8,富邦-花蓮,2023-03-01,9621
2884,玉山金,15,8,7,富邦-花蓮,2023-03-01,9621
2204,中華,7,0,7,富邦-花蓮,2023-03-01,9621
3491,昇達科,9,2,7,富邦-花蓮,2023-03-01,9621
2409,友達,91,0,91,富邦-花蓮,2023-03-02,9621
00878,國泰永續高股息,87,1,86,富邦-花蓮,2023-03-02,9621
00712,復華富時不動產,47,0,47,富邦-花蓮,2023-03-02,9621
3236,千如,27,0,27,富邦-花蓮,2023-03-02,9621
6257,矽格,26,0,26,富邦-花蓮,2023-03-02,9621
4915,致伸,30,6,24,富邦-花蓮,2023-03-02,9621
6235,華孚,43,20,23,富邦-花蓮,2023-03-02,9621
00664R,國泰臺灣加權反1,21,0,21,富邦-花蓮,2023-03-02,9621
1101,台泥,23,2,21,富邦-花蓮,2023-03-02,9621
4157,太景*-KY,16,0,16,富邦-花蓮,2023-03-02,9621
00713,元大台灣高息低波,13,0,13,富邦-花蓮,2023-03-02,9621
00720B,元大投資級公司債,13,0,13,富邦-花蓮,2023-03-02,9621
4979,華星光,13,0,13,富邦-花蓮,2023-03-02,9621
6128,上福,13,0,13,富邦-花蓮,2023-03-02,9621
1402,遠東新,12,0,12,富邦-花蓮,2023-03-02,9621
8367,建新國際,11,0,11,富邦-花蓮,2023-03-02,9621
00898,國泰基因免疫革命,10,0,10,富邦-花蓮,2023-03-02,9621
2886,兆豐金,19,9,10,富邦-花蓮,2023-03-02,9621
1584,精剛,12,2,10,富邦-花蓮,2023-03-02,9621
1731,美吾華,10,0,10,富邦-花蓮,2023-03-02,9621
2880,華南金,10,0,10,富邦-花蓮,2023-03-02,9621
3252,海灣,10,0,10,富邦-花蓮,2023-03-02,9621
6187,萬潤,10,0,10,富邦-花蓮,2023-03-02,9621
2317,鴻海,16,6,10,富邦-花蓮,2023-03-02,9621
1219,福壽,8,0,8,富邦-花蓮,2023-03-02,9621
8049,晶采,8,0,8,富邦-花蓮,2023-03-02,9621
00670L,富邦NASDAQ正2,7,0,7,富邦-花蓮,2023-03-02,9621
2340,台亞,7,0,7,富邦-花蓮,2023-03-02,9621
2417,圓剛,7,0,7,富邦-花蓮,2023-03-02,9621
3228,金麗科,7,0,7,富邦-花蓮,2023-03-02,9621
3481,群創,12,5,7,富邦-花蓮,2023-03-02,9621
6443,元晶,7,0,7,富邦-花蓮,2023-03-02,9621
8938,明安,12,5,7,富邦-花蓮,2023-03-02,9621
2610,華航,8,2,6,富邦-花蓮,2023-03-02,9621
2303,聯電,6,0,6,富邦-花蓮,2023-03-02,9621
1258,其祥-KY,6,0,6,富邦-花蓮,2023-03-02,9621
2430,燦坤,6,0,6,富邦-花蓮,2023-03-02,9621
2892,第一金,6,0,6,富邦-花蓮,2023-03-02,9621
3591,艾笛森,11,5,6,富邦-花蓮,2023-03-02,9621
6547,高端疫苗,6,0,6,富邦-花蓮,2023-03-02,9621
8088,品安,6,0,6,富邦-花蓮,2023-03-02,9621
8171,天宇,20,14,6,富邦-花蓮,2023-03-02,9621
1220,台榮,5,0,5,富邦-花蓮,2023-03-02,9621
00714,群益道瓊美國地產,5,0,5,富邦-花蓮,2023-03-02,9621
00773B,中信優先金融債,5,0,5,富邦-花蓮,2023-03-02,9621
00751B,元大AAA至A公司債,5,0,5,富邦-花蓮,2023-03-02,9621
2359,所羅門,21,16,5,富邦-花蓮,2023-03-02,9621
2498,宏達電,17,12,5,富邦-花蓮,2023-03-02,9621
2748,雲品,6,1,5,富邦-花蓮,2023-03-02,9621
8033,雷虎,8,3,5,富邦-花蓮,2023-03-02,9621
3035,智原,496,280,216,富邦-花蓮,2023-03-03,9621
1605,華新,84,6,78,富邦-花蓮,2023-03-03,9621
2609,陽明,89,19,70,富邦-花蓮,2023-03-03,9621
2886,兆豐金,60,2,58,富邦-花蓮,2023-03-03,9621
2834,臺企銀,72,30,42,富邦-花蓮,2023-03-03,9621
2498,宏達電,36,0,36,富邦-花蓮,2023-03-03,9621
6116,彩晶,37,8,29,富邦-花蓮,2023-03-03,9621
4127,天良,26,0,26,富邦-花蓮,2023-03-03,9621
00878,國泰永續高股息,70,47,23,富邦-花蓮,2023-03-03,9621
00893,國泰智能電動車,20,1,19,富邦-花蓮,2023-03-03,9621
00679B,元大美債20年,16,0,16,富邦-花蓮,2023-03-03,9621
00632R,元大台灣50反1,15,0,15,富邦-花蓮,2023-03-03,9621
1786,科妍,15,0,15,富邦-花蓮,2023-03-03,9621
2606,裕民,166,151,15,富邦-花蓮,2023-03-03,9621
1701,中化,18,4,14,富邦-花蓮,2023-03-03,9621
2884,玉山金,14,0,14,富邦-花蓮,2023-03-03,9621
4915,致伸,15,1,14,富邦-花蓮,2023-03-03,9621
1609,大亞,21,8,13,富邦-花蓮,2023-03-03,9621
00712,復華富時不動產,13,0,13,富邦-花蓮,2023-03-03,9621
3236,千如,21,8,13,富邦-花蓮,2023-03-03,9621
2363,矽統,13,0,13,富邦-花蓮,2023-03-03,9621
1101,台泥,12,0,12,富邦-花蓮,2023-03-03,9621
2610,華航,13,1,12,富邦-花蓮,2023-03-03,9621
8171,天宇,12,1,11,富邦-花蓮,2023-03-03,9621
9958,世紀鋼,10,0,10,富邦-花蓮,2023-03-03,9621
2388,威盛,17,7,10,富邦-花蓮,2023-03-03,9621
2486,一詮,10,0,10,富邦-花蓮,2023-03-03,9621
3714,富采,10,0,10,富邦-花蓮,2023-03-03,9621
00655L,國泰中國A50正2,9,0,9,富邦-花蓮,2023-03-03,9621
00650L,復華香港正2,9,0,9,富邦-花蓮,2023-03-03,9621
00670L,富邦NASDAQ正2,9,0,9,富邦-花蓮,2023-03-03,9621
2641,正德,12,3,9,富邦-花蓮,2023-03-03,9621
2377,微星,8,0,8,富邦-花蓮,2023-03-03,9621
3094,聯傑,8,0,8,富邦-花蓮,2023-03-03,9621
4979,華星光,18,10,8,富邦-花蓮,2023-03-03,9621
5452,佶優,15,7,8,富邦-花蓮,2023-03-03,9621
6235,華孚,36,28,8,富邦-花蓮,2023-03-03,9621
4931,新盛力,10,2,8,富邦-花蓮,2023-03-03,9621
2880,華南金,7,0,7,富邦-花蓮,2023-03-03,9621
2890,永豐金,6,0,6,富邦-花蓮,2023-03-03,9621
00720B,元大投資級公司債,6,0,6,富邦-花蓮,2023-03-03,9621
00664R,國泰臺灣加權反1,6,0,6,富邦-花蓮,2023-03-03,9621
2845,遠東銀,6,0,6,富邦-花蓮,2023-03-03,9621
4961,天鈺,8,2,6,富邦-花蓮,2023-03-03,9621
00713,元大台灣高息低波,5,0,5,富邦-花蓮,2023-03-03,9621
1220,台榮,5,0,5,富邦-花蓮,2023-03-03,9621
1714,和桐,5,0,5,富邦-花蓮,2023-03-03,9621
2027,大成鋼,5,0,5,富邦-花蓮,2023-03-03,9621
2328,廣宇,5,0,5,富邦-花蓮,2023-03-03,9621
2867,三商壽,5,0,5,富邦-花蓮,2023-03-03,9621
00878,國泰永續高股息,175,15,160,富邦-花蓮,2023-03-06,9621
00673R,期元大S＆P原油反1,45,0,45,富邦-花蓮,2023-03-06,9621
2409,友達,52,20,32,富邦-花蓮,2023-03-06,9621
00753L,中信中國50正2,25,1,24,富邦-花蓮,2023-03-06,9621
00713,元大台灣高息低波,25,1,24,富邦-花蓮,2023-03-06,9621
2313,華通,23,0,23,富邦-花蓮,2023-03-06,9621
00882,中信中國高股息,22,0,22,富邦-花蓮,2023-03-06,9621
2201,裕隆,22,1,21,富邦-花蓮,2023-03-06,9621
2332,友訊,20,0,20,富邦-花蓮,2023-03-06,9621
3059,華晶科,24,4,20,富邦-花蓮,2023-03-06,9621
3564,其陽,20,0,20,富邦-花蓮,2023-03-06,9621
3356,奇偶,32,14,18,富邦-花蓮,2023-03-06,9621
3006,晶豪科,16,0,16,富邦-花蓮,2023-03-06,9621
3491,昇達科,20,4,16,富邦-花蓮,2023-03-06,9621
00650L,復華香港正2,15,0,15,富邦-花蓮,2023-03-06,9621
4162,智擎,15,0,15,富邦-花蓮,2023-03-06,9621
3673,TPK-KY,14,0,14,富邦-花蓮,2023-03-06,9621
2884,玉山金,13,0,13,富邦-花蓮,2023-03-06,9621
2641,正德,21,8,13,富邦-花蓮,2023-03-06,9621
00712,復華富時不動產,12,0,12,富邦-花蓮,2023-03-06,9621
2926,誠品生活,12,0,12,富邦-花蓮,2023-03-06,9621
3362,先進光,53,41,12,富邦-花蓮,2023-03-06,9621
2344,華邦電,27,16,11,富邦-花蓮,2023-03-06,9621
00665L,富邦�琤肭磪囓�2,11,0,11,富邦-花蓮,2023-03-06,9621
4908,前鼎,11,0,11,富邦-花蓮,2023-03-06,9621
9958,世紀鋼,10,0,10,富邦-花蓮,2023-03-06,9621
1516,川飛,10,0,10,富邦-花蓮,2023-03-06,9621
3682,亞太電,10,0,10,富邦-花蓮,2023-03-06,9621
8936,國統,10,0,10,富邦-花蓮,2023-03-06,9621
2883,凱基金,16,7,9,富邦-花蓮,2023-03-06,9621
2102,泰豐,10,1,9,富邦-花蓮,2023-03-06,9621
2845,遠東銀,9,0,9,富邦-花蓮,2023-03-06,9621
2352,佳世達,13,4,9,富邦-花蓮,2023-03-06,9621
2371,大同,11,2,9,富邦-花蓮,2023-03-06,9621
3481,群創,110,102,8,富邦-花蓮,2023-03-06,9621
2337,旺宏,7,0,7,富邦-花蓮,2023-03-06,9621
6547,高端疫苗,7,0,7,富邦-花蓮,2023-03-06,9621
3062,建漢,9,2,7,富邦-花蓮,2023-03-06,9621
4743,合一,9,2,7,富邦-花蓮,2023-03-06,9621
00655L,國泰中國A50正2,6,0,6,富邦-花蓮,2023-03-06,9621
00664R,國泰臺灣加權反1,6,0,6,富邦-花蓮,2023-03-06,9621
1907,永豐餘,10,4,6,富邦-花蓮,2023-03-06,9621
2014,中鴻,6,0,6,富邦-花蓮,2023-03-06,9621
2328,廣宇,7,1,6,富邦-花蓮,2023-03-06,9621
2415,錩新,6,0,6,富邦-花蓮,2023-03-06,9621
2610,華航,10,4,6,富邦-花蓮,2023-03-06,9621
3013,晟銘電,15,9,6,富邦-花蓮,2023-03-06,9621
3432,台端,10,4,6,富邦-花蓮,2023-03-06,9621
4114,健喬,6,0,6,富邦-花蓮,2023-03-06,9621
8112,至上,9,3,6,富邦-花蓮,2023-03-06,9621
00632R,元大台灣50反1,476,412,64,富邦-花蓮,2023-03-07,9621
3290,東浦,62,0,62,富邦-花蓮,2023-03-07,9621
3481,群創,96,35,61,富邦-花蓮,2023-03-07,9621
00673R,期元大S＆P原油反1,50,2,48,富邦-花蓮,2023-03-07,9621
0056,元大高股息,39,2,37,富邦-花蓮,2023-03-07,9621
2618,長榮航,37,2,35,富邦-花蓮,2023-03-07,9621
8420,明揚,35,1,34,富邦-花蓮,2023-03-07,9621
2609,陽明,35,2,33,富邦-花蓮,2023-03-07,9621
00712,復華富時不動產,28,0,28,富邦-花蓮,2023-03-07,9621
1732,毛寶,30,4,26,富邦-花蓮,2023-03-07,9621
6288,聯嘉,25,0,25,富邦-花蓮,2023-03-07,9621
00713,元大台灣高息低波,21,0,21,富邦-花蓮,2023-03-07,9621
2476,鉅祥,20,0,20,富邦-花蓮,2023-03-07,9621
2404,漢唐,18,0,18,富邦-花蓮,2023-03-07,9621
00670L,富邦NASDAQ正2,27,10,17,富邦-花蓮,2023-03-07,9621
3059,華晶科,17,0,17,富邦-花蓮,2023-03-07,9621
6806,森崴能源,27,11,16,富邦-花蓮,2023-03-07,9621
00882,中信中國高股息,20,5,15,富邦-花蓮,2023-03-07,9621
2344,華邦電,21,7,14,富邦-花蓮,2023-03-07,9621
2610,華航,15,1,14,富邦-花蓮,2023-03-07,9621
2303,聯電,19,6,13,富邦-花蓮,2023-03-07,9621
3019,亞光,15,2,13,富邦-花蓮,2023-03-07,9621
8433,弘帆,14,1,13,富邦-花蓮,2023-03-07,9621
00888,永豐台灣ESG,12,0,12,富邦-花蓮,2023-03-07,9621
8171,天宇,12,0,12,富邦-花蓮,2023-03-07,9621
2481,強茂,28,17,11,富邦-花蓮,2023-03-07,9621
00664R,國泰臺灣加權反1,11,0,11,富邦-花蓮,2023-03-07,9621
1402,遠東新,11,0,11,富邦-花蓮,2023-03-07,9621
4934,太極,11,0,11,富邦-花蓮,2023-03-07,9621
5371,中光電,12,1,11,富邦-花蓮,2023-03-07,9621
6182,合晶,11,0,11,富邦-花蓮,2023-03-07,9621
3356,奇偶,23,13,10,富邦-花蓮,2023-03-07,9621
9958,世紀鋼,10,0,10,富邦-花蓮,2023-03-07,9621
3374,精材,10,0,10,富邦-花蓮,2023-03-07,9621
6118,建達,10,0,10,富邦-花蓮,2023-03-07,9621
2337,旺宏,10,1,9,富邦-花蓮,2023-03-07,9621
2313,華通,20,12,8,富邦-花蓮,2023-03-07,9621
2457,飛宏,11,3,8,富邦-花蓮,2023-03-07,9621
3617,碩天,8,0,8,富邦-花蓮,2023-03-07,9621
4114,健喬,10,2,8,富邦-花蓮,2023-03-07,9621
1795,美時,8,0,8,富邦-花蓮,2023-03-07,9621
1514,亞力,16,9,7,富邦-花蓮,2023-03-07,9621
2412,中華電,7,0,7,富邦-花蓮,2023-03-07,9621
2641,正德,21,14,7,富邦-花蓮,2023-03-07,9621
3189,景碩,7,0,7,富邦-花蓮,2023-03-07,9621
4162,智擎,11,4,7,富邦-花蓮,2023-03-07,9621
4906,正文,7,0,7,富邦-花蓮,2023-03-07,9621
4931,新盛力,12,5,7,富邦-花蓮,2023-03-07,9621
5388,中磊,40,33,7,富邦-花蓮,2023-03-07,9621
2342,茂矽,6,0,6,富邦-花蓮,2023-03-07,9621
6223,旺矽,230,21,209,富邦-花蓮,2023-03-08,9621
2606,裕民,176,5,171,富邦-花蓮,2023-03-08,9621
00665L,富邦�琤肭磪囓�2,134,0,134,富邦-花蓮,2023-03-08,9621
0056,元大高股息,81,11,70,富邦-花蓮,2023-03-08,9621
2352,佳世達,75,10,65,富邦-花蓮,2023-03-08,9621
00882,中信中國高股息,61,5,56,富邦-花蓮,2023-03-08,9621
00712,復華富時不動產,45,5,40,富邦-花蓮,2023-03-08,9621
00753L,中信中國50正2,33,0,33,富邦-花蓮,2023-03-08,9621
8163,達方,51,20,31,富邦-花蓮,2023-03-08,9621
5452,佶優,30,0,30,富邦-花蓮,2023-03-08,9621
3661,世芯-KY,136,108,28,富邦-花蓮,2023-03-08,9621
2609,陽明,28,2,26,富邦-花蓮,2023-03-08,9621
2367,燿華,25,2,23,富邦-花蓮,2023-03-08,9621
8277,商丞,22,0,22,富邦-花蓮,2023-03-08,9621
4961,天鈺,20,0,20,富邦-花蓮,2023-03-08,9621
6235,華孚,79,61,18,富邦-花蓮,2023-03-08,9621
1605,華新,32,15,17,富邦-花蓮,2023-03-08,9621
00713,元大台灣高息低波,16,0,16,富邦-花蓮,2023-03-08,9621
1513,中興電,24,8,16,富邦-花蓮,2023-03-08,9621
3322,建舜電,15,0,15,富邦-花蓮,2023-03-08,9621
3535,晶彩科,15,0,15,富邦-花蓮,2023-03-08,9621
2457,飛宏,291,277,14,富邦-花蓮,2023-03-08,9621
5608,四維航,16,2,14,富邦-花蓮,2023-03-08,9621
3013,晟銘電,13,0,13,富邦-花蓮,2023-03-08,9621
2615,萬海,12,0,12,富邦-花蓮,2023-03-08,9621
2329,華泰,15,3,12,富邦-花蓮,2023-03-08,9621
8110,華東,12,0,12,富邦-花蓮,2023-03-08,9621
2881,富邦金,12,1,11,富邦-花蓮,2023-03-08,9621
00637L,元大滬深300正2,15,5,10,富邦-花蓮,2023-03-08,9621
00664R,國泰臺灣加權反1,10,0,10,富邦-花蓮,2023-03-08,9621
6134,萬旭,10,0,10,富邦-花蓮,2023-03-08,9621
6142,友勁,10,0,10,富邦-花蓮,2023-03-08,9621
6215,和椿,10,0,10,富邦-花蓮,2023-03-08,9621
6532,瑞耘,10,0,10,富邦-花蓮,2023-03-08,9621
8383,千附,10,0,10,富邦-花蓮,2023-03-08,9621
2302,麗正,10,1,9,富邦-花蓮,2023-03-08,9621
2812,台中銀,9,0,9,富邦-花蓮,2023-03-08,9621
3625,西勝,9,0,9,富邦-花蓮,2023-03-08,9621
6125,廣運,9,0,9,富邦-花蓮,2023-03-08,9621
2371,大同,12,4,8,富邦-花蓮,2023-03-08,9621
9907,統一實,11,3,8,富邦-花蓮,2023-03-08,9621
1795,美時,16,9,7,富邦-花蓮,2023-03-08,9621
2603,長榮,9,2,7,富邦-花蓮,2023-03-08,9621
8033,雷虎,12,5,7,富邦-花蓮,2023-03-08,9621
1810,和成,9,2,7,富邦-花蓮,2023-03-08,9621
00900,富邦特選高股息30,7,1,6,富邦-花蓮,2023-03-08,9621
1304,台聚,10,4,6,富邦-花蓮,2023-03-08,9621
2481,強茂,11,5,6,富邦-花蓮,2023-03-08,9621
3189,景碩,6,0,6,富邦-花蓮,2023-03-08,9621
3029,零壹,15,10,5,富邦-花蓮,2023-03-08,9621
8420,明揚,133,0,133,富邦-花蓮,2023-03-09,9621
3481,群創,124,12,112,富邦-花蓮,2023-03-09,9621
5328,華容,90,0,90,富邦-花蓮,2023-03-09,9621
3673,TPK-KY,81,1,80,富邦-花蓮,2023-03-09,9621
6129,普誠,47,2,45,富邦-花蓮,2023-03-09,9621
2344,華邦電,66,24,42,富邦-花蓮,2023-03-09,9621
6443,元晶,42,2,40,富邦-花蓮,2023-03-09,9621
00878,國泰永續高股息,45,7,38,富邦-花蓮,2023-03-09,9621
3290,東浦,42,10,32,富邦-花蓮,2023-03-09,9621
2834,臺企銀,31,0,31,富邦-花蓮,2023-03-09,9621
3047,訊舟,30,0,30,富邦-花蓮,2023-03-09,9621
6215,和椿,30,0,30,富邦-花蓮,2023-03-09,9621
00908,富邦入息REITs+,25,0,25,富邦-花蓮,2023-03-09,9621
00713,元大台灣高息低波,23,0,23,富邦-花蓮,2023-03-09,9621
2408,南亞科,21,0,21,富邦-花蓮,2023-03-09,9621
00919,群益台灣精選高息,20,0,20,富邦-花蓮,2023-03-09,9621
2883,凱基金,19,0,19,富邦-花蓮,2023-03-09,9621
6182,合晶,23,4,19,富邦-花蓮,2023-03-09,9621
3138,耀登,19,1,18,富邦-花蓮,2023-03-09,9621
2884,玉山金,20,2,18,富邦-花蓮,2023-03-09,9621
8936,國統,17,0,17,富邦-花蓮,2023-03-09,9621
3059,華晶科,27,11,16,富邦-花蓮,2023-03-09,9621
4979,華星光,21,5,16,富邦-花蓮,2023-03-09,9621
3162,精確,15,0,15,富邦-花蓮,2023-03-09,9621
00923,群益台ESG低碳50,14,0,14,富邦-花蓮,2023-03-09,9621
4168,醣聯,14,0,14,富邦-花蓮,2023-03-09,9621
6806,森崴能源,16,2,14,富邦-花蓮,2023-03-09,9621
00712,復華富時不動產,18,5,13,富邦-花蓮,2023-03-09,9621
2891,中信金,12,0,12,富邦-花蓮,2023-03-09,9621
2457,飛宏,60,48,12,富邦-花蓮,2023-03-09,9621
3702,大聯大,12,0,12,富邦-花蓮,2023-03-09,9621
3380,明泰,13,1,12,富邦-花蓮,2023-03-09,9621
3712,永崴投控,14,2,12,富邦-花蓮,2023-03-09,9621
4133,亞諾法,11,0,11,富邦-花蓮,2023-03-09,9621
3305,昇貿,11,0,11,富邦-花蓮,2023-03-09,9621
3508,位速,11,0,11,富邦-花蓮,2023-03-09,9621
4119,旭富,11,0,11,富邦-花蓮,2023-03-09,9621
2038,海光,10,0,10,富邦-花蓮,2023-03-09,9621
9958,世紀鋼,10,0,10,富邦-花蓮,2023-03-09,9621
00670L,富邦NASDAQ正2,10,0,10,富邦-花蓮,2023-03-09,9621
1402,遠東新,10,0,10,富邦-花蓮,2023-03-09,9621
1701,中化,11,1,10,富邦-花蓮,2023-03-09,9621
2436,偉詮電,11,1,10,富邦-花蓮,2023-03-09,9621
3211,順達,10,0,10,富邦-花蓮,2023-03-09,9621
3362,先進光,13,3,10,富邦-花蓮,2023-03-09,9621
6233,旺玖,10,0,10,富邦-花蓮,2023-03-09,9621
911868,同方友友-DR,10,0,10,富邦-花蓮,2023-03-09,9621
2201,裕隆,12,3,9,富邦-花蓮,2023-03-09,9621
1513,中興電,21,12,9,富邦-花蓮,2023-03-09,9621
1504,東元,12,3,9,富邦-花蓮,2023-03-09,9621
00632R,元大台灣50反1,490,67,423,富邦-花蓮,2023-03-10,9621
3673,TPK-KY,142,0,142,富邦-花蓮,2023-03-10,9621
2610,華航,120,10,110,富邦-花蓮,2023-03-10,9621
8420,明揚,111,1,110,富邦-花蓮,2023-03-10,9621
00665L,富邦�琤肭磪囓�2,105,0,105,富邦-花蓮,2023-03-10,9621
00878,國泰永續高股息,66,2,64,富邦-花蓮,2023-03-10,9621
2618,長榮航,58,14,44,富邦-花蓮,2023-03-10,9621
1605,華新,60,19,41,富邦-花蓮,2023-03-10,9621
1304,台聚,40,0,40,富邦-花蓮,2023-03-10,9621
5328,華容,40,0,40,富邦-花蓮,2023-03-10,9621
6005,群益證,40,0,40,富邦-花蓮,2023-03-10,9621
6443,元晶,37,4,33,富邦-花蓮,2023-03-10,9621
3024,憶聲,30,0,30,富邦-花蓮,2023-03-10,9621
8936,國統,30,3,27,富邦-花蓮,2023-03-10,9621
8069,元太,27,1,26,富邦-花蓮,2023-03-10,9621
1609,大亞,29,3,26,富邦-花蓮,2023-03-10,9621
3047,訊舟,31,5,26,富邦-花蓮,2023-03-10,9621
2884,玉山金,26,0,26,富邦-花蓮,2023-03-10,9621
00905,FT臺灣Smart,25,0,25,富邦-花蓮,2023-03-10,9621
00712,復華富時不動產,25,0,25,富邦-花蓮,2023-03-10,9621
00713,元大台灣高息低波,34,10,24,富邦-花蓮,2023-03-10,9621
00901,永豐智能車供應鏈,20,0,20,富邦-花蓮,2023-03-10,9621
1532,勤美,20,0,20,富邦-花蓮,2023-03-10,9621
3059,華晶科,21,1,20,富邦-花蓮,2023-03-10,9621
3466,德晉,20,0,20,富邦-花蓮,2023-03-10,9621
6016,康和證,20,0,20,富邦-花蓮,2023-03-10,9621
00753L,中信中國50正2,29,10,19,富邦-花蓮,2023-03-10,9621
6217,中探針,21,2,19,富邦-花蓮,2023-03-10,9621
1101,台泥,19,0,19,富邦-花蓮,2023-03-10,9621
2883,凱基金,18,0,18,富邦-花蓮,2023-03-10,9621
8222,寶一,22,4,18,富邦-花蓮,2023-03-10,9621
6215,和椿,16,0,16,富邦-花蓮,2023-03-10,9621
1612,宏泰,15,0,15,富邦-花蓮,2023-03-10,9621
2429,銘旺科,15,0,15,富邦-花蓮,2023-03-10,9621
2886,兆豐金,14,0,14,富邦-花蓮,2023-03-10,9621
2888,新光金,23,9,14,富邦-花蓮,2023-03-10,9621
00715L,期街口布蘭特正2,13,0,13,富邦-花蓮,2023-03-10,9621
3037,欣興,25,12,13,富邦-花蓮,2023-03-10,9621
3006,晶豪科,13,0,13,富邦-花蓮,2023-03-10,9621
6770,力積電,13,0,13,富邦-花蓮,2023-03-10,9621
1795,美時,12,0,12,富邦-花蓮,2023-03-10,9621
2881,富邦金,12,0,12,富邦-花蓮,2023-03-10,9621
00923,群益台ESG低碳50,22,10,12,富邦-花蓮,2023-03-10,9621
8112,至上,12,0,12,富邦-花蓮,2023-03-10,9621
0056,元大高股息,23,11,12,富邦-花蓮,2023-03-10,9621
4979,華星光,12,1,11,富邦-花蓮,2023-03-10,9621
8105,凌巨,11,0,11,富邦-花蓮,2023-03-10,9621
2891,中信金,10,0,10,富邦-花蓮,2023-03-10,9621
3481,群創,11,1,10,富邦-花蓮,2023-03-10,9621
1305,華夏,10,0,10,富邦-花蓮,2023-03-10,9621
3481,群創,123,2,121,富邦-花蓮,2023-03-13,9621
00878,國泰永續高股息,132,11,121,富邦-花蓮,2023-03-13,9621
8420,明揚,106,2,104,富邦-花蓮,2023-03-13,9621
00669R,國泰美國道瓊反1,250,200,50,富邦-花蓮,2023-03-13,9621
00712,復華富時不動產,44,0,44,富邦-花蓮,2023-03-13,9621
2607,榮運,40,0,40,富邦-花蓮,2023-03-13,9621
00713,元大台灣高息低波,35,1,34,富邦-花蓮,2023-03-13,9621
2399,映泰,30,0,30,富邦-花蓮,2023-03-13,9621
2449,京元電子,31,3,28,富邦-花蓮,2023-03-13,9621
2884,玉山金,30,2,28,富邦-花蓮,2023-03-13,9621
00632R,元大台灣50反1,30,3,27,富邦-花蓮,2023-03-13,9621
2897,王道銀行,26,0,26,富邦-花蓮,2023-03-13,9621
6235,華孚,70,45,25,富邦-花蓮,2023-03-13,9621
2457,飛宏,281,259,22,富邦-花蓮,2023-03-13,9621
00664R,國泰臺灣加權反1,20,0,20,富邦-花蓮,2023-03-13,9621
2020,美亞,20,0,20,富邦-花蓮,2023-03-13,9621
3466,德晉,20,0,20,富邦-花蓮,2023-03-13,9621
4906,正文,20,0,20,富邦-花蓮,2023-03-13,9621
00900,富邦特選高股息30,16,0,16,富邦-花蓮,2023-03-13,9621
1760,寶齡富錦,15,0,15,富邦-花蓮,2023-03-13,9621
00715L,期街口布蘭特正2,25,11,14,富邦-花蓮,2023-03-13,9621
2867,三商壽,14,0,14,富邦-花蓮,2023-03-13,9621
2886,兆豐金,20,6,14,富邦-花蓮,2023-03-13,9621
6180,橘子,13,0,13,富邦-花蓮,2023-03-13,9621
6535,順藥,13,0,13,富邦-花蓮,2023-03-13,9621
2409,友達,12,0,12,富邦-花蓮,2023-03-13,9621
2834,臺企銀,21,9,12,富邦-花蓮,2023-03-13,9621
2883,凱基金,15,4,11,富邦-花蓮,2023-03-13,9621
00670L,富邦NASDAQ正2,11,0,11,富邦-花蓮,2023-03-13,9621
6274,台燿,12,1,11,富邦-花蓮,2023-03-13,9621
2812,台中銀,11,0,11,富邦-花蓮,2023-03-13,9621
00901,永豐智能車供應鏈,10,0,10,富邦-花蓮,2023-03-13,9621
1504,東元,13,3,10,富邦-花蓮,2023-03-13,9621
2376,技嘉,10,0,10,富邦-花蓮,2023-03-13,9621
2476,鉅祥,10,0,10,富邦-花蓮,2023-03-13,9621
2515,中工,10,0,10,富邦-花蓮,2023-03-13,9621
2888,新光金,11,1,10,富邦-花蓮,2023-03-13,9621
6163,華電網,10,0,10,富邦-花蓮,2023-03-13,9621
6806,森崴能源,13,3,10,富邦-花蓮,2023-03-13,9621
2606,裕民,13,4,9,富邦-花蓮,2023-03-13,9621
2889,國票金,10,1,9,富邦-花蓮,2023-03-13,9621
6443,元晶,15,6,9,富邦-花蓮,2023-03-13,9621
0056,元大高股息,19,11,8,富邦-花蓮,2023-03-13,9621
2313,華通,8,0,8,富邦-花蓮,2023-03-13,9621
3591,艾笛森,8,0,8,富邦-花蓮,2023-03-13,9621
6770,力積電,9,1,8,富邦-花蓮,2023-03-13,9621
8105,凌巨,8,0,8,富邦-花蓮,2023-03-13,9621
9921,巨大,7,0,7,富邦-花蓮,2023-03-13,9621
2610,華航,11,4,7,富邦-花蓮,2023-03-13,9621
4979,華星光,13,6,7,富邦-花蓮,2023-03-13,9621
00878,國泰永續高股息,182,0,182,富邦-花蓮,2023-03-14,9621
2303,聯電,175,0,175,富邦-花蓮,2023-03-14,9621
3189,景碩,352,191,161,富邦-花蓮,2023-03-14,9621
3037,欣興,272,121,151,富邦-花蓮,2023-03-14,9621
2618,長榮航,130,0,130,富邦-花蓮,2023-03-14,9621
2897,王道銀行,66,0,66,富邦-花蓮,2023-03-14,9621
6770,力積電,56,0,56,富邦-花蓮,2023-03-14,9621
00664R,國泰臺灣加權反1,50,0,50,富邦-花蓮,2023-03-14,9621
2609,陽明,62,15,47,富邦-花蓮,2023-03-14,9621
2887,台新金,40,0,40,富邦-花蓮,2023-03-14,9621
00715L,期街口布蘭特正2,37,2,35,富邦-花蓮,2023-03-14,9621
2881,富邦金,29,0,29,富邦-花蓮,2023-03-14,9621
6535,順藥,27,0,27,富邦-花蓮,2023-03-14,9621
2884,玉山金,24,1,23,富邦-花蓮,2023-03-14,9621
0056,元大高股息,24,1,23,富邦-花蓮,2023-03-14,9621
2610,華航,35,12,23,富邦-花蓮,2023-03-14,9621
00882,中信中國高股息,22,0,22,富邦-花蓮,2023-03-14,9621
00631L,元大台灣50正2,46,25,21,富邦-花蓮,2023-03-14,9621
2889,國票金,26,6,20,富邦-花蓮,2023-03-14,9621
6416,瑞祺電通,20,0,20,富邦-花蓮,2023-03-14,9621
2615,萬海,28,9,19,富邦-花蓮,2023-03-14,9621
00713,元大台灣高息低波,19,0,19,富邦-花蓮,2023-03-14,9621
2891,中信金,16,0,16,富邦-花蓮,2023-03-14,9621
1605,華新,16,0,16,富邦-花蓮,2023-03-14,9621
8420,明揚,16,0,16,富邦-花蓮,2023-03-14,9621
2883,凱基金,19,5,14,富邦-花蓮,2023-03-14,9621
00712,復華富時不動產,14,0,14,富邦-花蓮,2023-03-14,9621
2388,威盛,24,10,14,富邦-花蓮,2023-03-14,9621
2867,三商壽,13,0,13,富邦-花蓮,2023-03-14,9621
2330,台積電,12,0,12,富邦-花蓮,2023-03-14,9621
6426,統新,12,0,12,富邦-花蓮,2023-03-14,9621
2482,連宇,18,7,11,富邦-花蓮,2023-03-14,9621
2855,統一證,11,0,11,富邦-花蓮,2023-03-14,9621
6215,和椿,11,0,11,富邦-花蓮,2023-03-14,9621
2352,佳世達,10,0,10,富邦-花蓮,2023-03-14,9621
2020,美亞,10,0,10,富邦-花蓮,2023-03-14,9621
2722,夏都,12,2,10,富邦-花蓮,2023-03-14,9621
2852,第一保,10,0,10,富邦-花蓮,2023-03-14,9621
2890,永豐金,10,0,10,富邦-花蓮,2023-03-14,9621
4142,國光生,10,0,10,富邦-花蓮,2023-03-14,9621
6180,橘子,21,11,10,富邦-花蓮,2023-03-14,9621
2882,國泰金,9,0,9,富邦-花蓮,2023-03-14,9621
3481,群創,12,4,8,富邦-花蓮,2023-03-14,9621
8227,巨有科技,15,7,8,富邦-花蓮,2023-03-14,9621
2002,中鋼,7,0,7,富邦-花蓮,2023-03-14,9621
00642U,期元大S＆P石油,8,1,7,富邦-花蓮,2023-03-14,9621
6558,興能高,7,0,7,富邦-花蓮,2023-03-14,9621
2880,華南金,6,0,6,富邦-花蓮,2023-03-14,9621
3046,建��,13,7,6,富邦-花蓮,2023-03-14,9621
5258,虹堡,11,5,6,富邦-花蓮,2023-03-14,9621
2637,慧洋-KY,214,8,206,富邦-花蓮,2023-03-15,9621
2409,友達,102,0,102,富邦-花蓮,2023-03-15,9621
2603,長榮,90,14,76,富邦-花蓮,2023-03-15,9621
00632R,元大台灣50反1,55,0,55,富邦-花蓮,2023-03-15,9621
00664R,國泰臺灣加權反1,50,0,50,富邦-花蓮,2023-03-15,9621
5608,四維航,55,7,48,富邦-花蓮,2023-03-15,9621
2881,富邦金,33,3,30,富邦-花蓮,2023-03-15,9621
2883,凱基金,27,0,27,富邦-花蓮,2023-03-15,9621
00712,復華富時不動產,25,0,25,富邦-花蓮,2023-03-15,9621
2882,國泰金,26,2,24,富邦-花蓮,2023-03-15,9621
2605,新興,40,16,24,富邦-花蓮,2023-03-15,9621
2891,中信金,24,0,24,富邦-花蓮,2023-03-15,9621
2609,陽明,256,236,20,富邦-花蓮,2023-03-15,9621
2897,王道銀行,20,0,20,富邦-花蓮,2023-03-15,9621
3564,其陽,20,0,20,富邦-花蓮,2023-03-15,9621
6416,瑞祺電通,20,0,20,富邦-花蓮,2023-03-15,9621
1605,華新,25,7,18,富邦-花蓮,2023-03-15,9621
00713,元大台灣高息低波,17,0,17,富邦-花蓮,2023-03-15,9621
6558,興能高,17,0,17,富邦-花蓮,2023-03-15,9621
1409,新纖,20,5,15,富邦-花蓮,2023-03-15,9621
1760,寶齡富錦,15,0,15,富邦-花蓮,2023-03-15,9621
2884,玉山金,16,2,14,富邦-花蓮,2023-03-15,9621
2302,麗正,14,0,14,富邦-花蓮,2023-03-15,9621
2834,臺企銀,14,0,14,富邦-花蓮,2023-03-15,9621
2880,華南金,13,0,13,富邦-花蓮,2023-03-15,9621
2421,建準,15,2,13,富邦-花蓮,2023-03-15,9621
4768,晶呈科技,13,0,13,富邦-花蓮,2023-03-15,9621
4114,健喬,13,2,11,富邦-花蓮,2023-03-15,9621
00715L,期街口布蘭特正2,11,1,10,富邦-花蓮,2023-03-15,9621
2451,創見,10,0,10,富邦-花蓮,2023-03-15,9621
9105,泰金寶-DR,10,0,10,富邦-花蓮,2023-03-15,9621
2890,永豐金,9,0,9,富邦-花蓮,2023-03-15,9621
2498,宏達電,11,2,9,富邦-花蓮,2023-03-15,9621
00878,國泰永續高股息,28,20,8,富邦-花蓮,2023-03-15,9621
2542,興富發,8,0,8,富邦-花蓮,2023-03-15,9621
8171,天宇,8,0,8,富邦-花蓮,2023-03-15,9621
1712,興農,7,0,7,富邦-花蓮,2023-03-15,9621
3483,力致,7,0,7,富邦-花蓮,2023-03-15,9621
2915,潤泰全,8,1,7,富邦-花蓮,2023-03-15,9621
9945,潤泰新,6,0,6,富邦-花蓮,2023-03-15,9621
2352,佳世達,9,3,6,富邦-花蓮,2023-03-15,9621
00642U,期元大S＆P石油,6,0,6,富邦-花蓮,2023-03-15,9621
2028,威致,6,0,6,富邦-花蓮,2023-03-15,9621
2204,中華,6,0,6,富邦-花蓮,2023-03-15,9621
3479,安勤,6,0,6,富邦-花蓮,2023-03-15,9621
8097,常珵,6,0,6,富邦-花蓮,2023-03-15,9621
8936,國統,16,10,6,富邦-花蓮,2023-03-15,9621
2887,台新金,6,0,6,富邦-花蓮,2023-03-15,9621
1101,台泥,5,0,5,富邦-花蓮,2023-03-15,9621
00885,富邦越南,5,0,5,富邦-花蓮,2023-03-15,9621
00632R,元大台灣50反1,400,40,360,富邦-花蓮,2023-03-16,9621
00715L,期街口布蘭特正2,131,0,131,富邦-花蓮,2023-03-16,9621
2834,臺企銀,116,18,98,富邦-花蓮,2023-03-16,9621
2885,元大金,80,0,80,富邦-花蓮,2023-03-16,9621
00878,國泰永續高股息,115,38,77,富邦-花蓮,2023-03-16,9621
3189,景碩,87,13,74,富邦-花蓮,2023-03-16,9621
2409,友達,65,0,65,富邦-花蓮,2023-03-16,9621
8420,明揚,63,0,63,富邦-花蓮,2023-03-16,9621
00900,富邦特選高股息30,56,0,56,富邦-花蓮,2023-03-16,9621
6535,順藥,54,0,54,富邦-花蓮,2023-03-16,9621
1304,台聚,50,4,46,富邦-花蓮,2023-03-16,9621
2881,富邦金,49,3,46,富邦-花蓮,2023-03-16,9621
2883,凱基金,41,0,41,富邦-花蓮,2023-03-16,9621
2352,佳世達,28,0,28,富邦-花蓮,2023-03-16,9621
3481,群創,56,30,26,富邦-花蓮,2023-03-16,9621
2886,兆豐金,27,2,25,富邦-花蓮,2023-03-16,9621
6122,擎邦,23,0,23,富邦-花蓮,2023-03-16,9621
2609,陽明,27,6,21,富邦-花蓮,2023-03-16,9621
2476,鉅祥,20,0,20,富邦-花蓮,2023-03-16,9621
2897,王道銀行,20,0,20,富邦-花蓮,2023-03-16,9621
00713,元大台灣高息低波,19,0,19,富邦-花蓮,2023-03-16,9621
3346,麗清,18,0,18,富邦-花蓮,2023-03-16,9621
6163,華電網,26,8,18,富邦-花蓮,2023-03-16,9621
2603,長榮,276,258,18,富邦-花蓮,2023-03-16,9621
2453,凌群,17,0,17,富邦-花蓮,2023-03-16,9621
00648R,元大S＆P500反1,15,0,15,富邦-花蓮,2023-03-16,9621
2610,華航,16,1,15,富邦-花蓮,2023-03-16,9621
2891,中信金,14,0,14,富邦-花蓮,2023-03-16,9621
2882,國泰金,14,1,13,富邦-花蓮,2023-03-16,9621
2887,台新金,16,3,13,富邦-花蓮,2023-03-16,9621
6215,和椿,13,0,13,富邦-花蓮,2023-03-16,9621
2880,華南金,13,1,12,富邦-花蓮,2023-03-16,9621
00671R,富邦NASDAQ反1,12,0,12,富邦-花蓮,2023-03-16,9621
2498,宏達電,14,2,12,富邦-花蓮,2023-03-16,9621
3059,華晶科,12,0,12,富邦-花蓮,2023-03-16,9621
3564,其陽,12,0,12,富邦-花蓮,2023-03-16,9621
2615,萬海,17,5,12,富邦-花蓮,2023-03-16,9621
1101,台泥,12,1,11,富邦-花蓮,2023-03-16,9621
1907,永豐餘,11,0,11,富邦-花蓮,2023-03-16,9621
3702,大聯大,12,1,11,富邦-花蓮,2023-03-16,9621
8050,廣積,13,2,11,富邦-花蓮,2023-03-16,9621
4915,致伸,12,2,10,富邦-花蓮,2023-03-16,9621
00905,FT臺灣Smart,10,0,10,富邦-花蓮,2023-03-16,9621
00670L,富邦NASDAQ正2,10,0,10,富邦-花蓮,2023-03-16,9621
00642U,期元大S＆P石油,11,1,10,富邦-花蓮,2023-03-16,9621
1589,永冠-KY,10,0,10,富邦-花蓮,2023-03-16,9621
1736,喬山,10,0,10,富邦-花蓮,2023-03-16,9621
2030,彰源,10,0,10,富邦-花蓮,2023-03-16,9621
2211,長榮鋼,10,0,10,富邦-花蓮,2023-03-16,9621
2328,廣宇,11,1,10,富邦-花蓮,2023-03-16,9621
2317,鴻海,97,11,86,富邦-花蓮,2023-03-17,9621
2344,華邦電,32,0,32,富邦-花蓮,2023-03-17,9621
00715L,期街口布蘭特正2,29,4,25,富邦-花蓮,2023-03-17,9621
8420,明揚,24,0,24,富邦-花蓮,2023-03-17,9621
5534,長虹,22,0,22,富邦-花蓮,2023-03-17,9621
2891,中信金,21,1,20,富邦-花蓮,2023-03-17,9621
1907,永豐餘,20,1,19,富邦-花蓮,2023-03-17,9621
00637L,元大滬深300正2,28,10,18,富邦-花蓮,2023-03-17,9621
1101,台泥,17,1,16,富邦-花蓮,2023-03-17,9621
2495,普安,20,4,16,富邦-花蓮,2023-03-17,9621
2888,新光金,15,0,15,富邦-花蓮,2023-03-17,9621
1609,大亞,15,1,14,富邦-花蓮,2023-03-17,9621
2889,國票金,14,0,14,富邦-花蓮,2023-03-17,9621
1570,力肯,11,0,11,富邦-花蓮,2023-03-17,9621
2406,國碩,11,0,11,富邦-花蓮,2023-03-17,9621
2548,華固,11,0,11,富邦-花蓮,2023-03-17,9621
6285,啟��,11,0,11,富邦-花蓮,2023-03-17,9621
8390,金益鼎,11,0,11,富邦-花蓮,2023-03-17,9621
2030,彰源,10,0,10,富邦-花蓮,2023-03-17,9621
2610,華航,12,2,10,富邦-花蓮,2023-03-17,9621
2731,雄獅,10,0,10,富邦-花蓮,2023-03-17,9621
3236,千如,12,2,10,富邦-花蓮,2023-03-17,9621
4931,新盛力,10,0,10,富邦-花蓮,2023-03-17,9621
6416,瑞祺電通,10,0,10,富邦-花蓮,2023-03-17,9621
2615,萬海,21,12,9,富邦-花蓮,2023-03-17,9621
2892,第一金,12,3,9,富邦-花蓮,2023-03-17,9621
3702,大聯大,10,1,9,富邦-花蓮,2023-03-17,9621
6237,驊訊,10,1,9,富邦-花蓮,2023-03-17,9621
6789,采鈺,8,0,8,富邦-花蓮,2023-03-17,9621
00753L,中信中國50正2,8,0,8,富邦-花蓮,2023-03-17,9621
1529,樂事綠能,10,2,8,富邦-花蓮,2023-03-17,9621
6235,華孚,64,57,7,富邦-花蓮,2023-03-17,9621
2890,永豐金,6,0,6,富邦-花蓮,2023-03-17,9621
5483,中美晶,20,14,6,富邦-花蓮,2023-03-17,9621
1519,華城,8,2,6,富邦-花蓮,2023-03-17,9621
00713,元大台灣高息低波,6,0,6,富邦-花蓮,2023-03-17,9621
2498,宏達電,6,0,6,富邦-花蓮,2023-03-17,9621
6535,順藥,6,0,6,富邦-花蓮,2023-03-17,9621
1504,東元,15,10,5,富邦-花蓮,2023-03-17,9621
2390,云辰,5,0,5,富邦-花蓮,2023-03-17,9621
2436,偉詮電,5,0,5,富邦-花蓮,2023-03-17,9621
2850,新產,5,0,5,富邦-花蓮,2023-03-17,9621
2880,華南金,5,0,5,富邦-花蓮,2023-03-17,9621
2883,凱基金,5,0,5,富邦-花蓮,2023-03-17,9621
3013,晟銘電,5,0,5,富邦-花蓮,2023-03-17,9621
3209,全科,5,0,5,富邦-花蓮,2023-03-17,9621
3264,欣銓,6,1,5,富邦-花蓮,2023-03-17,9621
3535,晶彩科,5,0,5,富邦-花蓮,2023-03-17,9621
6257,矽格,5,0,5,富邦-花蓮,2023-03-17,9621
6461,益得,5,0,5,富邦-花蓮,2023-03-17,9621
2801,彰銀,60,0,60,富邦-花蓮,2023-03-20,9621
2881,富邦金,53,0,53,富邦-花蓮,2023-03-20,9621
00878,國泰永續高股息,61,10,51,富邦-花蓮,2023-03-20,9621
3264,欣銓,52,1,51,富邦-花蓮,2023-03-20,9621
2027,大成鋼,34,0,34,富邦-花蓮,2023-03-20,9621
1605,華新,34,3,31,富邦-花蓮,2023-03-20,9621
00715L,期街口布蘭特正2,31,3,28,富邦-花蓮,2023-03-20,9621
2439,美律,25,0,25,富邦-花蓮,2023-03-20,9621
00712,復華富時不動產,25,0,25,富邦-花蓮,2023-03-20,9621
2834,臺企銀,28,4,24,富邦-花蓮,2023-03-20,9621
00637L,元大滬深300正2,22,3,19,富邦-花蓮,2023-03-20,9621
2603,長榮,35,17,18,富邦-花蓮,2023-03-20,9621
3576,聯合再生,26,8,18,富邦-花蓮,2023-03-20,9621
2890,永豐金,25,10,15,富邦-花蓮,2023-03-20,9621
00882,中信中國高股息,15,0,15,富邦-花蓮,2023-03-20,9621
00714,群益道瓊美國地產,15,0,15,富邦-花蓮,2023-03-20,9621
3481,群創,19,5,14,富邦-花蓮,2023-03-20,9621
8420,明揚,13,0,13,富邦-花蓮,2023-03-20,9621
2880,華南金,12,0,12,富邦-花蓮,2023-03-20,9621
2618,長榮航,12,0,12,富邦-花蓮,2023-03-20,9621
5880,合庫金,11,0,11,富邦-花蓮,2023-03-20,9621
2888,新光金,11,0,11,富邦-花蓮,2023-03-20,9621
00650L,復華香港正2,10,0,10,富邦-花蓮,2023-03-20,9621
00665L,富邦�琤肭磪囓�2,10,0,10,富邦-花蓮,2023-03-20,9621
1524,耿鼎,10,0,10,富邦-花蓮,2023-03-20,9621
1532,勤美,10,0,10,富邦-花蓮,2023-03-20,9621
2009,第一銅,12,2,10,富邦-花蓮,2023-03-20,9621
2030,彰源,10,0,10,富邦-花蓮,2023-03-20,9621
2601,益航,10,0,10,富邦-花蓮,2023-03-20,9621
3189,景碩,10,0,10,富邦-花蓮,2023-03-20,9621
3372,典範,10,0,10,富邦-花蓮,2023-03-20,9621
5258,虹堡,13,3,10,富邦-花蓮,2023-03-20,9621
2409,友達,11,2,9,富邦-花蓮,2023-03-20,9621
6782,視陽,8,0,8,富邦-花蓮,2023-03-20,9621
2610,華航,11,3,8,富邦-花蓮,2023-03-20,9621
5483,中美晶,8,0,8,富邦-花蓮,2023-03-20,9621
9945,潤泰新,16,8,8,富邦-花蓮,2023-03-20,9621
8996,高力,6,0,6,富邦-花蓮,2023-03-20,9621
1809,中釉,6,0,6,富邦-花蓮,2023-03-20,9621
2609,陽明,13,7,6,富邦-花蓮,2023-03-20,9621
5512,力麒,10,4,6,富邦-花蓮,2023-03-20,9621
6505,台塑化,6,0,6,富邦-花蓮,2023-03-20,9621
2882,國泰金,8,3,5,富邦-花蓮,2023-03-20,9621
00670L,富邦NASDAQ正2,10,5,5,富邦-花蓮,2023-03-20,9621
2380,虹光,5,0,5,富邦-花蓮,2023-03-20,9621
2413,環科,5,0,5,富邦-花蓮,2023-03-20,9621
2545,皇翔,6,1,5,富邦-花蓮,2023-03-20,9621
4114,健喬,7,2,5,富邦-花蓮,2023-03-20,9621
6215,和椿,5,0,5,富邦-花蓮,2023-03-20,9621
6508,惠光,5,0,5,富邦-花蓮,2023-03-20,9621
2916,滿心,108,0,108,富邦-花蓮,2023-03-21,9621
3035,智原,80,0,80,富邦-花蓮,2023-03-21,9621
00712,復華富時不動產,50,0,50,富邦-花蓮,2023-03-21,9621
6443,元晶,47,5,42,富邦-花蓮,2023-03-21,9621
2610,華航,41,2,39,富邦-花蓮,2023-03-21,9621
6244,茂迪,79,41,38,富邦-花蓮,2023-03-21,9621
2409,友達,37,2,35,富邦-花蓮,2023-03-21,9621
00670L,富邦NASDAQ正2,23,1,22,富邦-花蓮,2023-03-21,9621
6235,華孚,50,28,22,富邦-花蓮,2023-03-21,9621
3024,憶聲,20,0,20,富邦-花蓮,2023-03-21,9621
00885,富邦越南,18,0,18,富邦-花蓮,2023-03-21,9621
4915,致伸,15,0,15,富邦-花蓮,2023-03-21,9621
6215,和椿,19,5,14,富邦-花蓮,2023-03-21,9621
1785,光洋科,14,2,12,富邦-花蓮,2023-03-21,9621
6180,橘子,12,0,12,富邦-花蓮,2023-03-21,9621
6231,系微,163,151,12,富邦-花蓮,2023-03-21,9621
2603,長榮,15,3,12,富邦-花蓮,2023-03-21,9621
2609,陽明,14,3,11,富邦-花蓮,2023-03-21,9621
1519,華城,11,0,11,富邦-花蓮,2023-03-21,9621
1409,新纖,10,0,10,富邦-花蓮,2023-03-21,9621
00637L,元大滬深300正2,13,3,10,富邦-花蓮,2023-03-21,9621
00892,富邦台灣半導體,10,0,10,富邦-花蓮,2023-03-21,9621
2453,凌群,101,91,10,富邦-花蓮,2023-03-21,9621
5328,華容,10,0,10,富邦-花蓮,2023-03-21,9621
2891,中信金,15,6,9,富邦-花蓮,2023-03-21,9621
1795,美時,9,0,9,富邦-花蓮,2023-03-21,9621
1101,台泥,8,0,8,富邦-花蓮,2023-03-21,9621
4979,華星光,8,0,8,富邦-花蓮,2023-03-21,9621
2855,統一證,13,6,7,富邦-花蓮,2023-03-21,9621
6113,亞矽,7,0,7,富邦-花蓮,2023-03-21,9621
6163,華電網,9,2,7,富邦-花蓮,2023-03-21,9621
2834,臺企銀,11,4,7,富邦-花蓮,2023-03-21,9621
8390,金益鼎,10,4,6,富邦-花蓮,2023-03-21,9621
2388,威盛,46,40,6,富邦-花蓮,2023-03-21,9621
2897,王道銀行,6,0,6,富邦-花蓮,2023-03-21,9621
6282,康舒,8,2,6,富邦-花蓮,2023-03-21,9621
1402,遠東新,5,0,5,富邦-花蓮,2023-03-21,9621
2030,彰源,5,0,5,富邦-花蓮,2023-03-21,9621
2347,聯強,5,0,5,富邦-花蓮,2023-03-21,9621
2401,凌陽,5,0,5,富邦-花蓮,2023-03-21,9621
3516,亞帝歐,5,0,5,富邦-花蓮,2023-03-21,9621
4930,燦星網,5,0,5,富邦-花蓮,2023-03-21,9621
6182,合晶,6,1,5,富邦-花蓮,2023-03-21,9621
6791,虎門科技,5,0,5,富邦-花蓮,2023-03-21,9621
8033,雷虎,5,0,5,富邦-花蓮,2023-03-21,9621
8358,金居,6,1,5,富邦-花蓮,2023-03-21,9621
9105,泰金寶-DR,5,0,5,富邦-花蓮,2023-03-21,9621
4934,太極,13,8,5,富邦-花蓮,2023-03-21,9621
00893,國泰智能電動車,4,0,4,富邦-花蓮,2023-03-21,9621
0056,元大高股息,4,0,4,富邦-花蓮,2023-03-21,9621
00632R,元大台灣50反1,515,0,515,富邦-花蓮,2023-03-22,9621
8420,明揚,117,1,116,富邦-花蓮,2023-03-22,9621
2312,金寶,110,0,110,富邦-花蓮,2023-03-22,9621
3035,智原,450,352,98,富邦-花蓮,2023-03-22,9621
1229,聯華,39,0,39,富邦-花蓮,2023-03-22,9621
6116,彩晶,30,0,30,富邦-花蓮,2023-03-22,9621
2065,世豐,20,0,20,富邦-花蓮,2023-03-22,9621
5328,華容,20,0,20,富邦-花蓮,2023-03-22,9621
2030,彰源,15,0,15,富邦-花蓮,2023-03-22,9621
4915,致伸,15,0,15,富邦-花蓮,2023-03-22,9621
2359,所羅門,20,6,14,富邦-花蓮,2023-03-22,9621
2482,連宇,270,257,13,富邦-花蓮,2023-03-22,9621
3715,定穎投控,13,1,12,富邦-花蓮,2023-03-22,9621
00712,復華富時不動產,12,0,12,富邦-花蓮,2023-03-22,9621
2332,友訊,18,6,12,富邦-花蓮,2023-03-22,9621
3481,群創,20,9,11,富邦-花蓮,2023-03-22,9621
3707,漢磊,10,0,10,富邦-花蓮,2023-03-22,9621
00664R,國泰臺灣加權反1,10,0,10,富邦-花蓮,2023-03-22,9621
1316,上曜,10,0,10,富邦-花蓮,2023-03-22,9621
1524,耿鼎,18,8,10,富邦-花蓮,2023-03-22,9621
2406,國碩,10,0,10,富邦-花蓮,2023-03-22,9621
2471,資通,11,1,10,富邦-花蓮,2023-03-22,9621
2607,榮運,10,0,10,富邦-花蓮,2023-03-22,9621
3013,晟銘電,15,5,10,富邦-花蓮,2023-03-22,9621
3356,奇偶,16,6,10,富邦-花蓮,2023-03-22,9621
4162,智擎,10,0,10,富邦-花蓮,2023-03-22,9621
2812,台中銀,10,1,9,富邦-花蓮,2023-03-22,9621
6443,元晶,9,0,9,富邦-花蓮,2023-03-22,9621
2409,友達,9,0,9,富邦-花蓮,2023-03-22,9621
2915,潤泰全,9,0,9,富邦-花蓮,2023-03-22,9621
3062,建漢,14,5,9,富邦-花蓮,2023-03-22,9621
3570,大塚,10,1,9,富邦-花蓮,2023-03-22,9621
4306,炎洲,9,0,9,富邦-花蓮,2023-03-22,9621
8941,關中,9,0,9,富邦-花蓮,2023-03-22,9621
2457,飛宏,21,13,8,富邦-花蓮,2023-03-22,9621
00637L,元大滬深300正2,17,9,8,富邦-花蓮,2023-03-22,9621
2605,新興,19,11,8,富邦-花蓮,2023-03-22,9621
1504,東元,12,4,8,富邦-花蓮,2023-03-22,9621
00679B,元大美債20年,7,0,7,富邦-花蓮,2023-03-22,9621
2603,長榮,9,2,7,富邦-花蓮,2023-03-22,9621
2882,國泰金,7,0,7,富邦-花蓮,2023-03-22,9621
00680L,元大美債20正2,7,0,7,富邦-花蓮,2023-03-22,9621
2601,益航,8,1,7,富邦-花蓮,2023-03-22,9621
3046,建��,7,0,7,富邦-花蓮,2023-03-22,9621
4536,拓凱,8,1,7,富邦-花蓮,2023-03-22,9621
4919,新唐,7,1,6,富邦-花蓮,2023-03-22,9621
2413,環科,7,1,6,富邦-花蓮,2023-03-22,9621
3038,全台,7,1,6,富邦-花蓮,2023-03-22,9621
3056,富華新,9,3,6,富邦-花蓮,2023-03-22,9621
5353,台林,6,0,6,富邦-花蓮,2023-03-22,9621
00632R,元大台灣50反1,99,0,99,富邦-花蓮,2023-03-23,9621
1504,東元,119,22,97,富邦-花蓮,2023-03-23,9621
8420,明揚,65,0,65,富邦-花蓮,2023-03-23,9621
6282,康舒,33,3,30,富邦-花蓮,2023-03-23,9621
2409,友達,25,0,25,富邦-花蓮,2023-03-23,9621
3481,群創,35,12,23,富邦-花蓮,2023-03-23,9621
00908,富邦入息REITs+,22,0,22,富邦-花蓮,2023-03-23,9621
2204,中華,24,2,22,富邦-花蓮,2023-03-23,9621
3088,艾訊,21,0,21,富邦-花蓮,2023-03-23,9621
5285,界霖,20,0,20,富邦-花蓮,2023-03-23,9621
5465,富驊,20,0,20,富邦-花蓮,2023-03-23,9621
5328,華容,16,0,16,富邦-花蓮,2023-03-23,9621
6443,元晶,18,3,15,富邦-花蓮,2023-03-23,9621
00713,元大台灣高息低波,14,0,14,富邦-花蓮,2023-03-23,9621
2402,毅嘉,49,35,14,富邦-花蓮,2023-03-23,9621
3483,力致,31,17,14,富邦-花蓮,2023-03-23,9621
2332,友訊,18,5,13,富邦-花蓮,2023-03-23,9621
4976,佳凌,17,4,13,富邦-花蓮,2023-03-23,9621
6163,華電網,13,0,13,富邦-花蓮,2023-03-23,9621
2891,中信金,13,0,13,富邦-花蓮,2023-03-23,9621
6546,正基,12,0,12,富邦-花蓮,2023-03-23,9621
3707,漢磊,11,0,11,富邦-花蓮,2023-03-23,9621
2880,華南金,12,1,11,富邦-花蓮,2023-03-23,9621
00898,國泰基因免疫革命,11,0,11,富邦-花蓮,2023-03-23,9621
1409,新纖,10,0,10,富邦-花蓮,2023-03-23,9621
1529,樂事綠能,10,0,10,富邦-花蓮,2023-03-23,9621
3704,合勤控,10,0,10,富邦-花蓮,2023-03-23,9621
3715,定穎投控,11,1,10,富邦-花蓮,2023-03-23,9621
4543,萬在,10,0,10,富邦-花蓮,2023-03-23,9621
2312,金寶,10,1,9,富邦-花蓮,2023-03-23,9621
2314,台揚,12,3,9,富邦-花蓮,2023-03-23,9621
2413,環科,10,1,9,富邦-花蓮,2023-03-23,9621
2606,裕民,9,0,9,富邦-花蓮,2023-03-23,9621
6188,廣明,11,2,9,富邦-花蓮,2023-03-23,9621
00650L,復華香港正2,8,0,8,富邦-花蓮,2023-03-23,9621
00885,富邦越南,8,0,8,富邦-花蓮,2023-03-23,9621
2601,益航,13,5,8,富邦-花蓮,2023-03-23,9621
2605,新興,9,1,8,富邦-花蓮,2023-03-23,9621
2890,永豐金,11,3,8,富邦-花蓮,2023-03-23,9621
00712,復華富時不動產,7,0,7,富邦-花蓮,2023-03-23,9621
3094,聯傑,8,1,7,富邦-花蓮,2023-03-23,9621
4967,十銓,7,0,7,富邦-花蓮,2023-03-23,9621
2603,長榮,11,5,6,富邦-花蓮,2023-03-23,9621
6235,華孚,8,2,6,富邦-花蓮,2023-03-23,9621
00715L,期街口布蘭特正2,20,14,6,富邦-花蓮,2023-03-23,9621
1513,中興電,6,0,6,富邦-花蓮,2023-03-23,9621
3346,麗清,6,0,6,富邦-花蓮,2023-03-23,9621
3625,西勝,6,0,6,富邦-花蓮,2023-03-23,9621
6233,旺玖,19,13,6,富邦-花蓮,2023-03-23,9621
6770,力積電,11,5,6,富邦-花蓮,2023-03-23,9621
00632R,元大台灣50反1,303,0,303,富邦-花蓮,2023-03-24,9621
2014,中鴻,126,9,117,富邦-花蓮,2023-03-24,9621
00885,富邦越南,102,3,99,富邦-花蓮,2023-03-24,9621
2302,麗正,105,6,99,富邦-花蓮,2023-03-24,9621
2317,鴻海,103,7,96,富邦-花蓮,2023-03-24,9621
8420,明揚,45,0,45,富邦-花蓮,2023-03-24,9621
2618,長榮航,42,0,42,富邦-花蓮,2023-03-24,9621
00679B,元大美債20年,42,0,42,富邦-花蓮,2023-03-24,9621
2486,一詮,35,0,35,富邦-花蓮,2023-03-24,9621
2881,富邦金,31,0,31,富邦-花蓮,2023-03-24,9621
4157,太景*-KY,30,0,30,富邦-花蓮,2023-03-24,9621
6223,旺矽,30,0,30,富邦-花蓮,2023-03-24,9621
3306,鼎天,23,4,19,富邦-花蓮,2023-03-24,9621
5465,富驊,20,2,18,富邦-花蓮,2023-03-24,9621
6244,茂迪,26,8,18,富邦-花蓮,2023-03-24,9621
6443,元晶,18,1,17,富邦-花蓮,2023-03-24,9621
6142,友勁,18,2,16,富邦-花蓮,2023-03-24,9621
3443,創意,16,0,16,富邦-花蓮,2023-03-24,9621
00753L,中信中國50正2,14,0,14,富邦-花蓮,2023-03-24,9621
3058,立德,13,0,13,富邦-花蓮,2023-03-24,9621
00908,富邦入息REITs+,12,0,12,富邦-花蓮,2023-03-24,9621
6122,擎邦,13,2,11,富邦-花蓮,2023-03-24,9621
2392,正崴,13,2,11,富邦-花蓮,2023-03-24,9621
6197,佳必琪,11,0,11,富邦-花蓮,2023-03-24,9621
1409,新纖,10,0,10,富邦-花蓮,2023-03-24,9621
5328,華容,10,0,10,富邦-花蓮,2023-03-24,9621
6125,廣運,10,0,10,富邦-花蓮,2023-03-24,9621
6547,高端疫苗,11,1,10,富邦-花蓮,2023-03-24,9621
6548,長科*,10,0,10,富邦-花蓮,2023-03-24,9621
2313,華通,15,6,9,富邦-花蓮,2023-03-24,9621
2413,環科,10,1,9,富邦-花蓮,2023-03-24,9621
2453,凌群,9,0,9,富邦-花蓮,2023-03-24,9621
3027,盛達,9,0,9,富邦-花蓮,2023-03-24,9621
2388,威盛,36,28,8,富邦-花蓮,2023-03-24,9621
2891,中信金,7,0,7,富邦-花蓮,2023-03-24,9621
1708,東鹼,7,0,7,富邦-花蓮,2023-03-24,9621
5258,虹堡,8,2,6,富邦-花蓮,2023-03-24,9621
3624,光頡,6,0,6,富邦-花蓮,2023-03-24,9621
6160,欣技,9,3,6,富邦-花蓮,2023-03-24,9621
00712,復華富時不動產,5,0,5,富邦-花蓮,2023-03-24,9621
00664R,國泰臺灣加權反1,5,0,5,富邦-花蓮,2023-03-24,9621
2312,金寶,5,0,5,富邦-花蓮,2023-03-24,9621
2353,宏��,7,2,5,富邦-花蓮,2023-03-24,9621
2401,凌陽,5,0,5,富邦-花蓮,2023-03-24,9621
2461,光群雷,5,0,5,富邦-花蓮,2023-03-24,9621
4930,燦星網,5,0,5,富邦-花蓮,2023-03-24,9621
4953,緯軟,5,0,5,富邦-花蓮,2023-03-24,9621
5203,訊連,12,7,5,富邦-花蓮,2023-03-24,9621
5222,全訊,5,0,5,富邦-花蓮,2023-03-24,9621
5388,中磊,5,0,5,富邦-花蓮,2023-03-24,9621
00665L,富邦�琤肭磪囓�2,100,0,100,富邦-花蓮,2023-03-27,9621
2208,台船,100,0,100,富邦-花蓮,2023-03-27,9621
1605,華新,59,8,51,富邦-花蓮,2023-03-27,9621
6223,旺矽,55,5,50,富邦-花蓮,2023-03-27,9621
00897,富邦基因免疫生技,50,0,50,富邦-花蓮,2023-03-27,9621
2834,臺企銀,42,1,41,富邦-花蓮,2023-03-27,9621
3035,智原,182,146,36,富邦-花蓮,2023-03-27,9621
8478,東哥遊艇,30,4,26,富邦-花蓮,2023-03-27,9621
00882,中信中國高股息,26,1,25,富邦-花蓮,2023-03-27,9621
00753L,中信中國50正2,25,0,25,富邦-花蓮,2023-03-27,9621
1101,台泥,25,5,20,富邦-花蓮,2023-03-27,9621
00715L,期街口布蘭特正2,20,0,20,富邦-花蓮,2023-03-27,9621
2486,一詮,20,0,20,富邦-花蓮,2023-03-27,9621
00772B,中信高評級公司債,20,1,19,富邦-花蓮,2023-03-27,9621
3707,漢磊,20,1,19,富邦-花蓮,2023-03-27,9621
00642U,期元大S＆P石油,18,0,18,富邦-花蓮,2023-03-27,9621
2442,新美齊,17,0,17,富邦-花蓮,2023-03-27,9621
6244,茂迪,60,44,16,富邦-花蓮,2023-03-27,9621
2376,技嘉,15,0,15,富邦-花蓮,2023-03-27,9621
2881,富邦金,15,0,15,富邦-花蓮,2023-03-27,9621
2605,新興,20,5,15,富邦-花蓮,2023-03-27,9621
2027,大成鋼,17,5,12,富邦-花蓮,2023-03-27,9621
2303,聯電,14,2,12,富邦-花蓮,2023-03-27,9621
00908,富邦入息REITs+,11,0,11,富邦-花蓮,2023-03-27,9621
2329,華泰,12,1,11,富邦-花蓮,2023-03-27,9621
6233,旺玖,11,0,11,富邦-花蓮,2023-03-27,9621
00888,永豐台灣ESG,11,0,11,富邦-花蓮,2023-03-27,9621
3260,威剛,12,2,10,富邦-花蓮,2023-03-27,9621
00670L,富邦NASDAQ正2,15,5,10,富邦-花蓮,2023-03-27,9621
00752,中信中國50,10,0,10,富邦-花蓮,2023-03-27,9621
00636,國泰中國A50,15,5,10,富邦-花蓮,2023-03-27,9621
1524,耿鼎,10,0,10,富邦-花蓮,2023-03-27,9621
2363,矽統,9,0,9,富邦-花蓮,2023-03-27,9621
3628,盈正,9,0,9,富邦-花蓮,2023-03-27,9621
4157,太景*-KY,10,1,9,富邦-花蓮,2023-03-27,9621
4934,太極,9,0,9,富邦-花蓮,2023-03-27,9621
2404,漢唐,8,0,8,富邦-花蓮,2023-03-27,9621
3591,艾笛森,8,0,8,富邦-花蓮,2023-03-27,9621
6485,點序,8,0,8,富邦-花蓮,2023-03-27,9621
1609,大亞,64,57,7,富邦-花蓮,2023-03-27,9621
2634,漢翔,82,75,7,富邦-花蓮,2023-03-27,9621
1104,環泥,7,0,7,富邦-花蓮,2023-03-27,9621
2408,南亞科,7,0,7,富邦-花蓮,2023-03-27,9621
6143,振曜,7,0,7,富邦-花蓮,2023-03-27,9621
2618,長榮航,6,0,6,富邦-花蓮,2023-03-27,9621
0056,元大高股息,7,1,6,富邦-花蓮,2023-03-27,9621
00679B,元大美債20年,6,0,6,富邦-花蓮,2023-03-27,9621
1504,東元,26,20,6,富邦-花蓮,2023-03-27,9621
2645,長榮航太,6,0,6,富邦-花蓮,2023-03-27,9621
4903,聯光通,6,0,6,富邦-花蓮,2023-03-27,9621
3035,智原,225,114,111,富邦-花蓮,2023-03-28,9621
00882,中信中國高股息,58,5,53,富邦-花蓮,2023-03-28,9621
2618,長榮航,74,35,39,富邦-花蓮,2023-03-28,9621
00679B,元大美債20年,36,0,36,富邦-花蓮,2023-03-28,9621
6770,力積電,27,0,27,富邦-花蓮,2023-03-28,9621
3661,世芯-KY,42,15,27,富邦-花蓮,2023-03-28,9621
2453,凌群,28,2,26,富邦-花蓮,2023-03-28,9621
1605,華新,42,16,26,富邦-花蓮,2023-03-28,9621
2014,中鴻,23,0,23,富邦-花蓮,2023-03-28,9621
1101,台泥,26,4,22,富邦-花蓮,2023-03-28,9621
3037,欣興,25,6,19,富邦-花蓮,2023-03-28,9621
00772B,中信高評級公司債,18,0,18,富邦-花蓮,2023-03-28,9621
2027,大成鋼,17,0,17,富邦-花蓮,2023-03-28,9621
2413,環科,19,2,17,富邦-花蓮,2023-03-28,9621
6443,元晶,20,3,17,富邦-花蓮,2023-03-28,9621
2486,一詮,15,0,15,富邦-花蓮,2023-03-28,9621
2641,正德,15,0,15,富邦-花蓮,2023-03-28,9621
5475,德宏,18,3,15,富邦-花蓮,2023-03-28,9621
00720B,元大投資級公司債,13,0,13,富邦-花蓮,2023-03-28,9621
3499,環天科,14,2,12,富邦-花蓮,2023-03-28,9621
3682,亞太電,11,0,11,富邦-花蓮,2023-03-28,9621
2402,毅嘉,12,1,11,富邦-花蓮,2023-03-28,9621
00680L,元大美債20正2,10,0,10,富邦-花蓮,2023-03-28,9621
1409,新纖,10,0,10,富邦-花蓮,2023-03-28,9621
6288,聯嘉,12,2,10,富邦-花蓮,2023-03-28,9621
8222,寶一,11,1,10,富邦-花蓮,2023-03-28,9621
3591,艾笛森,9,0,9,富邦-花蓮,2023-03-28,9621
2312,金寶,10,1,9,富邦-花蓮,2023-03-28,9621
00751B,元大AAA至A公司債,8,0,8,富邦-花蓮,2023-03-28,9621
1102,亞泥,7,0,7,富邦-花蓮,2023-03-28,9621
00888,永豐台灣ESG,7,0,7,富邦-花蓮,2023-03-28,9621
4147,中裕,9,2,7,富邦-花蓮,2023-03-28,9621
00753L,中信中國50正2,6,0,6,富邦-花蓮,2023-03-28,9621
2342,茂矽,8,2,6,富邦-花蓮,2023-03-28,9621
2915,潤泰全,6,0,6,富邦-花蓮,2023-03-28,9621
3056,富華新,11,5,6,富邦-花蓮,2023-03-28,9621
3712,永崴投控,6,0,6,富邦-花蓮,2023-03-28,9621
4919,新唐,8,2,6,富邦-花蓮,2023-03-28,9621
6244,茂迪,6,0,6,富邦-花蓮,2023-03-28,9621
6548,長科*,6,0,6,富邦-花蓮,2023-03-28,9621
8050,廣積,7,1,6,富邦-花蓮,2023-03-28,9621
2340,台亞,15,10,5,富邦-花蓮,2023-03-28,9621
00712,復華富時不動產,5,0,5,富邦-花蓮,2023-03-28,9621
00670L,富邦NASDAQ正2,5,0,5,富邦-花蓮,2023-03-28,9621
00725B,國泰投資級公司債,5,0,5,富邦-花蓮,2023-03-28,9621
1402,遠東新,5,0,5,富邦-花蓮,2023-03-28,9621
1532,勤美,5,0,5,富邦-花蓮,2023-03-28,9621
2427,三商電,5,0,5,富邦-花蓮,2023-03-28,9621
2603,長榮,8,3,5,富邦-花蓮,2023-03-28,9621
3664,安瑞-KY,5,0,5,富邦-花蓮,2023-03-28,9621
00632R,元大台灣50反1,40,10,30,富邦-花蓮,2023-03-29,9621
8096,擎亞,23,1,22,富邦-花蓮,2023-03-29,9621
1708,東鹼,22,0,22,富邦-花蓮,2023-03-29,9621
1584,精剛,20,0,20,富邦-花蓮,2023-03-29,9621
1605,華新,23,5,18,富邦-花蓮,2023-03-29,9621
8255,朋程,16,1,15,富邦-花蓮,2023-03-29,9621
00892,富邦台灣半導體,14,0,14,富邦-花蓮,2023-03-29,9621
00888,永豐台灣ESG,13,0,13,富邦-花蓮,2023-03-29,9621
5258,虹堡,12,0,12,富邦-花蓮,2023-03-29,9621
00772B,中信高評級公司債,11,0,11,富邦-花蓮,2023-03-29,9621
2303,聯電,13,2,11,富邦-花蓮,2023-03-29,9621
2312,金寶,11,0,11,富邦-花蓮,2023-03-29,9621
2603,長榮,11,0,11,富邦-花蓮,2023-03-29,9621
6220,岳豐,11,0,11,富邦-花蓮,2023-03-29,9621
1432,大魯閣,11,0,11,富邦-花蓮,2023-03-29,9621
3051,力特,10,0,10,富邦-花蓮,2023-03-29,9621
00912,中信臺灣智慧50,10,0,10,富邦-花蓮,2023-03-29,9621
00901,永豐智能車供應鏈,10,0,10,富邦-花蓮,2023-03-29,9621
2329,華泰,10,0,10,富邦-花蓮,2023-03-29,9621
6235,華孚,12,2,10,富邦-花蓮,2023-03-29,9621
6257,矽格,10,0,10,富邦-花蓮,2023-03-29,9621
4915,致伸,10,1,9,富邦-花蓮,2023-03-29,9621
2886,兆豐金,7,0,7,富邦-花蓮,2023-03-29,9621
00720B,元大投資級公司債,7,0,7,富邦-花蓮,2023-03-29,9621
2891,中信金,7,0,7,富邦-花蓮,2023-03-29,9621
8936,國統,7,0,7,富邦-花蓮,2023-03-29,9621
1101,台泥,6,0,6,富邦-花蓮,2023-03-29,9621
3682,亞太電,6,0,6,富邦-花蓮,2023-03-29,9621
3714,富采,6,0,6,富邦-花蓮,2023-03-29,9621
5222,全訊,7,1,6,富邦-花蓮,2023-03-29,9621
6770,力積電,6,0,6,富邦-花蓮,2023-03-29,9621
00679B,元大美債20年,5,0,5,富邦-花蓮,2023-03-29,9621
0056,元大高股息,5,0,5,富邦-花蓮,2023-03-29,9621
00670L,富邦NASDAQ正2,15,10,5,富邦-花蓮,2023-03-29,9621
2388,威盛,17,12,5,富邦-花蓮,2023-03-29,9621
2812,台中銀,5,0,5,富邦-花蓮,2023-03-29,9621
3035,智原,10,5,5,富邦-花蓮,2023-03-29,9621
5425,台半,12,7,5,富邦-花蓮,2023-03-29,9621
8358,金居,5,0,5,富邦-花蓮,2023-03-29,9621
911868,同方友友-DR,5,0,5,富邦-花蓮,2023-03-29,9621
2610,華航,9,4,5,富邦-花蓮,2023-03-29,9621
3034,聯詠,4,0,4,富邦-花蓮,2023-03-29,9621
3029,零壹,4,0,4,富邦-花蓮,2023-03-29,9621
2401,凌陽,4,0,4,富邦-花蓮,2023-03-29,9621
00891,中信關鍵半導體,4,0,4,富邦-花蓮,2023-03-29,9621
00922,國泰台灣領袖50,4,0,4,富邦-花蓮,2023-03-29,9621
1570,力肯,4,0,4,富邦-花蓮,2023-03-29,9621
2498,宏達電,5,1,4,富邦-花蓮,2023-03-29,9621
3432,台端,5,1,4,富邦-花蓮,2023-03-29,9621
4976,佳凌,5,1,4,富邦-花蓮,2023-03-29,9621
00679B,元大美債20年,41,0,41,富邦-花蓮,2023-03-30,9621
00740B,富邦全球投等債,26,0,26,富邦-花蓮,2023-03-30,9621
3006,晶豪科,26,2,24,富邦-花蓮,2023-03-30,9621
2329,華泰,23,0,23,富邦-花蓮,2023-03-30,9621
8096,擎亞,19,0,19,富邦-花蓮,2023-03-30,9621
00882,中信中國高股息,28,10,18,富邦-花蓮,2023-03-30,9621
2356,英業達,20,3,17,富邦-花蓮,2023-03-30,9621
1605,華新,20,4,16,富邦-花蓮,2023-03-30,9621
2413,環科,19,3,16,富邦-花蓮,2023-03-30,9621
2344,華邦電,59,44,15,富邦-花蓮,2023-03-30,9621
5351,鈺創,17,2,15,富邦-花蓮,2023-03-30,9621
6167,久正,15,0,15,富邦-花蓮,2023-03-30,9621
2486,一詮,15,1,14,富邦-花蓮,2023-03-30,9621
2880,華南金,13,0,13,富邦-花蓮,2023-03-30,9621
2609,陽明,12,0,12,富邦-花蓮,2023-03-30,9621
1708,東鹼,10,0,10,富邦-花蓮,2023-03-30,9621
2332,友訊,11,1,10,富邦-花蓮,2023-03-30,9621
2613,中櫃,10,0,10,富邦-花蓮,2023-03-30,9621
3047,訊舟,10,0,10,富邦-花蓮,2023-03-30,9621
6143,振曜,10,0,10,富邦-花蓮,2023-03-30,9621
8088,品安,11,1,10,富邦-花蓮,2023-03-30,9621
9105,泰金寶-DR,10,0,10,富邦-花蓮,2023-03-30,9621
2890,永豐金,9,0,9,富邦-花蓮,2023-03-30,9621
2886,兆豐金,10,2,8,富邦-花蓮,2023-03-30,9621
3715,定穎投控,17,9,8,富邦-花蓮,2023-03-30,9621
6411,晶焱,8,0,8,富邦-花蓮,2023-03-30,9621
2429,銘旺科,7,0,7,富邦-花蓮,2023-03-30,9621
2891,中信金,8,1,7,富邦-花蓮,2023-03-30,9621
3290,東浦,12,5,7,富邦-花蓮,2023-03-30,9621
6770,力積電,7,0,7,富邦-花蓮,2023-03-30,9621
00712,復華富時不動產,5,0,5,富邦-花蓮,2023-03-30,9621
2409,友達,5,0,5,富邦-花蓮,2023-03-30,9621
2887,台新金,5,0,5,富邦-花蓮,2023-03-30,9621
4168,醣聯,5,0,5,富邦-花蓮,2023-03-30,9621
8074,鉅橡,5,0,5,富邦-花蓮,2023-03-30,9621
8112,至上,5,0,5,富邦-花蓮,2023-03-30,9621
8255,朋程,6,1,5,富邦-花蓮,2023-03-30,9621
1584,精剛,5,0,5,富邦-花蓮,2023-03-30,9621
2634,漢翔,5,0,5,富邦-花蓮,2023-03-30,9621
2889,國票金,12,7,5,富邦-花蓮,2023-03-30,9621
3481,群創,5,1,4,富邦-花蓮,2023-03-30,9621
2453,凌群,4,0,4,富邦-花蓮,2023-03-30,9621
1609,大亞,9,5,4,富邦-花蓮,2023-03-30,9621
1795,美時,4,0,4,富邦-花蓮,2023-03-30,9621
2534,宏盛,4,0,4,富邦-花蓮,2023-03-30,9621
3624,光頡,24,20,4,富邦-花蓮,2023-03-30,9621
4977,眾達-KY,4,0,4,富邦-花蓮,2023-03-30,9621
6441,廣錠,4,0,4,富邦-花蓮,2023-03-30,9621
1504,東元,18,14,4,富邦-花蓮,2023-03-30,9621
1101,台泥,3,0,3,富邦-花蓮,2023-03-30,9621
2897,王道銀行,140,0,140,富邦-花蓮,2023-03-31,9621
00632R,元大台灣50反1,106,0,106,富邦-花蓮,2023-03-31,9621
00671R,富邦NASDAQ反1,101,0,101,富邦-花蓮,2023-03-31,9621
2453,凌群,96,58,38,富邦-花蓮,2023-03-31,9621
2337,旺宏,63,26,37,富邦-花蓮,2023-03-31,9621
1605,華新,54,19,35,富邦-花蓮,2023-03-31,9621
2609,陽明,33,5,28,富邦-花蓮,2023-03-31,9621
2419,仲琦,15,0,15,富邦-花蓮,2023-03-31,9621
3058,立德,16,1,15,富邦-花蓮,2023-03-31,9621
1609,大亞,17,3,14,富邦-花蓮,2023-03-31,9621
2610,華航,14,3,11,富邦-花蓮,2023-03-31,9621
2881,富邦金,10,0,10,富邦-花蓮,2023-03-31,9621
3673,TPK-KY,10,0,10,富邦-花蓮,2023-03-31,9621
00773B,中信優先金融債,10,0,10,富邦-花蓮,2023-03-31,9621
2204,中華,10,0,10,富邦-花蓮,2023-03-31,9621
2375,凱美,10,0,10,富邦-花蓮,2023-03-31,9621
2515,中工,10,0,10,富邦-花蓮,2023-03-31,9621
5328,華容,10,0,10,富邦-花蓮,2023-03-31,9621
6133,金橋,12,4,8,富邦-花蓮,2023-03-31,9621
3138,耀登,7,0,7,富邦-花蓮,2023-03-31,9621
3491,昇達科,25,18,7,富邦-花蓮,2023-03-31,9621
4768,晶呈科技,7,0,7,富邦-花蓮,2023-03-31,9621
3056,富華新,6,0,6,富邦-花蓮,2023-03-31,9621
00712,復華富時不動產,6,0,6,富邦-花蓮,2023-03-31,9621
8088,品安,7,1,6,富邦-花蓮,2023-03-31,9621
6233,旺玖,5,0,5,富邦-花蓮,2023-03-31,9621
1308,亞聚,5,0,5,富邦-花蓮,2023-03-31,9621
2302,麗正,36,31,5,富邦-花蓮,2023-03-31,9621
2356,英業達,5,0,5,富邦-花蓮,2023-03-31,9621
2436,偉詮電,5,0,5,富邦-花蓮,2023-03-31,9621
3305,昇貿,5,0,5,富邦-花蓮,2023-03-31,9621
3664,安瑞-KY,5,0,5,富邦-花蓮,2023-03-31,9621
3669,圓展,5,0,5,富邦-花蓮,2023-03-31,9621
3714,富采,5,0,5,富邦-花蓮,2023-03-31,9621
3715,定穎投控,5,0,5,富邦-花蓮,2023-03-31,9621
5907,大洋-KY,5,0,5,富邦-花蓮,2023-03-31,9621
6163,華電網,13,8,5,富邦-花蓮,2023-03-31,9621
8227,巨有科技,7,2,5,富邦-花蓮,2023-03-31,9621
8409,商之器,7,2,5,富邦-花蓮,2023-03-31,9621
2368,金像電,5,0,5,富邦-花蓮,2023-03-31,9621
1513,中興電,6,2,4,富邦-花蓮,2023-03-31,9621
8155,博智,6,2,4,富邦-花蓮,2023-03-31,9621
00772B,中信高評級公司債,4,0,4,富邦-花蓮,2023-03-31,9621
1104,環泥,4,0,4,富邦-花蓮,2023-03-31,9621
2889,國票金,9,5,4,富邦-花蓮,2023-03-31,9621
6138,茂達,6,2,4,富邦-花蓮,2023-03-31,9621
7402,邑錡,4,0,4,富邦-花蓮,2023-03-31,9621
8044,網家,4,0,4,富邦-花蓮,2023-03-31,9621
6279,胡連,4,0,4,富邦-花蓮,2023-03-31,9621
2882,國泰金,5,1,4,富邦-花蓮,2023-03-31,9621
2606,裕民,251,38,213,富邦-花蓮,2023-04-06,9621
00665L,富邦�琤肭磪囓�2,100,0,100,富邦-花蓮,2023-04-06,9621
00882,中信中國高股息,61,0,61,富邦-花蓮,2023-04-06,9621
00637L,元大滬深300正2,50,0,50,富邦-花蓮,2023-04-06,9621
2317,鴻海,56,7,49,富邦-花蓮,2023-04-06,9621
2337,旺宏,46,1,45,富邦-花蓮,2023-04-06,9621
00888,永豐台灣ESG,39,0,39,富邦-花蓮,2023-04-06,9621
2834,臺企銀,35,5,30,富邦-花蓮,2023-04-06,9621
5328,華容,25,0,25,富邦-花蓮,2023-04-06,9621
00673R,期元大S＆P原油反1,22,0,22,富邦-花蓮,2023-04-06,9621
1460,宏遠,20,0,20,富邦-花蓮,2023-04-06,9621
00670L,富邦NASDAQ正2,15,0,15,富邦-花蓮,2023-04-06,9621
2443,昶虹,15,0,15,富邦-花蓮,2023-04-06,9621
2610,華航,25,10,15,富邦-花蓮,2023-04-06,9621
2344,華邦電,17,4,13,富邦-花蓮,2023-04-06,9621
9945,潤泰新,13,0,13,富邦-花蓮,2023-04-06,9621
2609,陽明,14,3,11,富邦-花蓮,2023-04-06,9621
5243,乙盛-KY,11,0,11,富邦-花蓮,2023-04-06,9621
3276,宇環,10,0,10,富邦-花蓮,2023-04-06,9621
2915,潤泰全,10,0,10,富邦-花蓮,2023-04-06,9621
4128,中天,11,1,10,富邦-花蓮,2023-04-06,9621
8069,元太,18,9,9,富邦-花蓮,2023-04-06,9621
2413,環科,9,0,9,富邦-花蓮,2023-04-06,9621
8462,柏文,9,0,9,富邦-花蓮,2023-04-06,9621
00905,FT臺灣Smart,8,0,8,富邦-花蓮,2023-04-06,9621
2641,正德,8,0,8,富邦-花蓮,2023-04-06,9621
6443,元晶,7,0,7,富邦-花蓮,2023-04-06,9621
00900,富邦特選高股息30,6,0,6,富邦-花蓮,2023-04-06,9621
2890,永豐金,11,5,6,富邦-花蓮,2023-04-06,9621
2867,三商壽,6,0,6,富邦-花蓮,2023-04-06,9621
4164,承業醫,17,11,6,富邦-花蓮,2023-04-06,9621
4976,佳凌,7,1,6,富邦-花蓮,2023-04-06,9621
6180,橘子,6,0,6,富邦-花蓮,2023-04-06,9621
8046,南電,8,2,6,富邦-花蓮,2023-04-06,9621
8996,高力,6,0,6,富邦-花蓮,2023-04-06,9621
3591,艾笛森,6,0,6,富邦-花蓮,2023-04-06,9621
2368,金像電,7,1,6,富邦-花蓮,2023-04-06,9621
1312,國喬,6,1,5,富邦-花蓮,2023-04-06,9621
00679B,元大美債20年,5,0,5,富邦-花蓮,2023-04-06,9621
5351,鈺創,5,0,5,富邦-花蓮,2023-04-06,9621
3037,欣興,5,0,5,富邦-花蓮,2023-04-06,9621
6185,幃翔,5,0,5,富邦-花蓮,2023-04-06,9621
3236,千如,5,0,5,富邦-花蓮,2023-04-06,9621
2204,中華,5,0,5,富邦-花蓮,2023-04-06,9621
2354,鴻準,5,0,5,富邦-花蓮,2023-04-06,9621
3017,奇鋐,8,3,5,富邦-花蓮,2023-04-06,9621
3162,精確,5,0,5,富邦-花蓮,2023-04-06,9621
3673,TPK-KY,5,0,5,富邦-花蓮,2023-04-06,9621
8076,伍豐,5,0,5,富邦-花蓮,2023-04-06,9621
8420,明揚,5,0,5,富邦-花蓮,2023-04-06,9621
00888,永豐台灣ESG,38,0,38,富邦-花蓮,2023-04-07,9621
2880,華南金,29,1,28,富邦-花蓮,2023-04-07,9621
1903,士紙,27,0,27,富邦-花蓮,2023-04-07,9621
6235,華孚,42,20,22,富邦-花蓮,2023-04-07,9621
00632R,元大台灣50反1,20,0,20,富邦-花蓮,2023-04-07,9621
1104,環泥,18,1,17,富邦-花蓮,2023-04-07,9621
2413,環科,16,0,16,富邦-花蓮,2023-04-07,9621
00655L,國泰中國A50正2,14,1,13,富邦-花蓮,2023-04-07,9621
2027,大成鋼,15,2,13,富邦-花蓮,2023-04-07,9621
00773B,中信優先金融債,12,0,12,富邦-花蓮,2023-04-07,9621
2722,夏都,14,2,12,富邦-花蓮,2023-04-07,9621
4142,國光生,20,8,12,富邦-花蓮,2023-04-07,9621
2498,宏達電,51,40,11,富邦-花蓮,2023-04-07,9621
6194,育富,11,0,11,富邦-花蓮,2023-04-07,9621
2867,三商壽,25,15,10,富邦-花蓮,2023-04-07,9621
00637L,元大滬深300正2,22,12,10,富邦-花蓮,2023-04-07,9621
1524,耿鼎,10,0,10,富邦-花蓮,2023-04-07,9621
1612,宏泰,10,0,10,富邦-花蓮,2023-04-07,9621
2402,毅嘉,10,0,10,富邦-花蓮,2023-04-07,9621
3673,TPK-KY,10,0,10,富邦-花蓮,2023-04-07,9621
6160,欣技,10,0,10,富邦-花蓮,2023-04-07,9621
6163,華電網,10,0,10,富邦-花蓮,2023-04-07,9621
8420,明揚,10,0,10,富邦-花蓮,2023-04-07,9621
3264,欣銓,9,0,9,富邦-花蓮,2023-04-07,9621
00882,中信中國高股息,8,0,8,富邦-花蓮,2023-04-07,9621
00772B,中信高評級公司債,9,1,8,富邦-花蓮,2023-04-07,9621
1796,金穎生技,10,2,8,富邦-花蓮,2023-04-07,9621
5388,中磊,8,0,8,富邦-花蓮,2023-04-07,9621
4919,新唐,8,1,7,富邦-花蓮,2023-04-07,9621
8046,南電,10,3,7,富邦-花蓮,2023-04-07,9621
00752,中信中國50,7,0,7,富邦-花蓮,2023-04-07,9621
1514,亞力,16,9,7,富邦-花蓮,2023-04-07,9621
1611,中電,7,0,7,富邦-花蓮,2023-04-07,9621
8383,千附,7,0,7,富邦-花蓮,2023-04-07,9621
8926,台汽電,7,0,7,富邦-花蓮,2023-04-07,9621
2376,技嘉,12,5,7,富邦-花蓮,2023-04-07,9621
00712,復華富時不動產,6,0,6,富邦-花蓮,2023-04-07,9621
3005,神基,10,4,6,富邦-花蓮,2023-04-07,9621
3037,欣興,6,0,6,富邦-花蓮,2023-04-07,9621
6861,睿生光電,6,0,6,富邦-花蓮,2023-04-07,9621
2607,榮運,6,0,6,富邦-花蓮,2023-04-07,9621
00923,群益台ESG低碳50,6,0,6,富邦-花蓮,2023-04-07,9621
2887,台新金,6,0,6,富邦-花蓮,2023-04-07,9621
3025,星通,43,37,6,富邦-花蓮,2023-04-07,9621
3346,麗清,6,0,6,富邦-花蓮,2023-04-07,9621
3380,明泰,7,1,6,富邦-花蓮,2023-04-07,9621
3664,安瑞-KY,6,0,6,富邦-花蓮,2023-04-07,9621
3682,亞太電,6,0,6,富邦-花蓮,2023-04-07,9621
4961,天鈺,10,4,6,富邦-花蓮,2023-04-07,9621
6719,力智,6,0,6,富邦-花蓮,2023-04-07,9621
9962,有益,103,0,103,富邦-花蓮,2023-04-10,9621
3162,精確,69,0,69,富邦-花蓮,2023-04-10,9621
00632R,元大台灣50反1,51,0,51,富邦-花蓮,2023-04-10,9621
2344,華邦電,55,6,49,富邦-花蓮,2023-04-10,9621
00664R,國泰臺灣加權反1,130,100,30,富邦-花蓮,2023-04-10,9621
2323,中環,30,0,30,富邦-花蓮,2023-04-10,9621
00888,永豐台灣ESG,26,0,26,富邦-花蓮,2023-04-10,9621
3188,鑫龍騰,21,0,21,富邦-花蓮,2023-04-10,9621
2457,飛宏,28,12,16,富邦-花蓮,2023-04-10,9621
3362,先進光,24,9,15,富邦-花蓮,2023-04-10,9621
3035,智原,21,7,14,富邦-花蓮,2023-04-10,9621
00720B,元大投資級公司債,12,0,12,富邦-花蓮,2023-04-10,9621
3714,富采,12,0,12,富邦-花蓮,2023-04-10,9621
9958,世紀鋼,12,0,12,富邦-花蓮,2023-04-10,9621
6829,千附精密,12,1,11,富邦-花蓮,2023-04-10,9621
00642U,期元大S＆P石油,11,1,10,富邦-花蓮,2023-04-10,9621
00637L,元大滬深300正2,37,27,10,富邦-花蓮,2023-04-10,9621
00673R,期元大S＆P原油反1,10,0,10,富邦-花蓮,2023-04-10,9621
1605,華新,19,9,10,富邦-花蓮,2023-04-10,9621
1731,美吾華,10,0,10,富邦-花蓮,2023-04-10,9621
2360,致茂,10,0,10,富邦-花蓮,2023-04-10,9621
2413,環科,12,2,10,富邦-花蓮,2023-04-10,9621
6288,聯嘉,12,2,10,富邦-花蓮,2023-04-10,9621
00881,國泰台灣5G+,10,1,9,富邦-花蓮,2023-04-10,9621
3346,麗清,9,0,9,富邦-花蓮,2023-04-10,9621
2108,南帝,8,0,8,富邦-花蓮,2023-04-10,9621
4903,聯光通,8,0,8,富邦-花蓮,2023-04-10,9621
5465,富驊,8,0,8,富邦-花蓮,2023-04-10,9621
6104,創惟,8,0,8,富邦-花蓮,2023-04-10,9621
1584,精剛,7,0,7,富邦-花蓮,2023-04-10,9621
2603,長榮,7,0,7,富邦-花蓮,2023-04-10,9621
3545,敦泰,7,0,7,富邦-花蓮,2023-04-10,9621
00772B,中信高評級公司債,7,0,7,富邦-花蓮,2023-04-10,9621
2889,國票金,7,0,7,富邦-花蓮,2023-04-10,9621
4162,智擎,7,0,7,富邦-花蓮,2023-04-10,9621
6477,安集,8,1,7,富邦-花蓮,2023-04-10,9621
3056,富華新,8,2,6,富邦-花蓮,2023-04-10,9621
00712,復華富時不動產,6,0,6,富邦-花蓮,2023-04-10,9621
00679B,元大美債20年,9,3,6,富邦-花蓮,2023-04-10,9621
1519,華城,6,0,6,富邦-花蓮,2023-04-10,9621
2302,麗正,26,20,6,富邦-花蓮,2023-04-10,9621
8105,凌巨,6,0,6,富邦-花蓮,2023-04-10,9621
8227,巨有科技,10,4,6,富邦-花蓮,2023-04-10,9621
6285,啟��,5,0,5,富邦-花蓮,2023-04-10,9621
00751B,元大AAA至A公司債,5,0,5,富邦-花蓮,2023-04-10,9621
00896,中信綠能及電動車,5,0,5,富邦-花蓮,2023-04-10,9621
1409,新纖,5,0,5,富邦-花蓮,2023-04-10,9621
2390,云辰,5,0,5,富邦-花蓮,2023-04-10,9621
2472,立隆電,5,0,5,富邦-花蓮,2023-04-10,9621
4768,晶呈科技,5,0,5,富邦-花蓮,2023-04-10,9621
6116,彩晶,57,1,56,富邦-花蓮,2023-04-11,9621
8046,南電,35,1,34,富邦-花蓮,2023-04-11,9621
2303,聯電,29,1,28,富邦-花蓮,2023-04-11,9621
6282,康舒,56,28,28,富邦-花蓮,2023-04-11,9621
00637L,元大滬深300正2,26,4,22,富邦-花蓮,2023-04-11,9621
2402,毅嘉,26,5,21,富邦-花蓮,2023-04-11,9621
4541,晟田,20,0,20,富邦-花蓮,2023-04-11,9621
00673R,期元大S＆P原油反1,20,0,20,富邦-花蓮,2023-04-11,9621
2457,飛宏,22,2,20,富邦-花蓮,2023-04-11,9621
00712,復華富時不動產,15,0,15,富邦-花蓮,2023-04-11,9621
4916,事欣科,15,0,15,富邦-花蓮,2023-04-11,9621
2881,富邦金,14,0,14,富邦-花蓮,2023-04-11,9621
2427,三商電,18,4,14,富邦-花蓮,2023-04-11,9621
1504,東元,23,10,13,富邦-花蓮,2023-04-11,9621
00888,永豐台灣ESG,13,0,13,富邦-花蓮,2023-04-11,9621
2867,三商壽,13,0,13,富邦-花蓮,2023-04-11,9621
6470,宇智,13,0,13,富邦-花蓮,2023-04-11,9621
2634,漢翔,37,25,12,富邦-花蓮,2023-04-11,9621
00773B,中信優先金融債,11,0,11,富邦-花蓮,2023-04-11,9621
2208,台船,23,12,11,富邦-花蓮,2023-04-11,9621
00752,中信中國50,10,0,10,富邦-花蓮,2023-04-11,9621
2609,陽明,11,1,10,富邦-花蓮,2023-04-11,9621
00680L,元大美債20正2,10,0,10,富邦-花蓮,2023-04-11,9621
1308,亞聚,10,0,10,富邦-花蓮,2023-04-11,9621
3027,盛達,11,1,10,富邦-花蓮,2023-04-11,9621
1609,大亞,13,4,9,富邦-花蓮,2023-04-11,9621
2615,萬海,10,1,9,富邦-花蓮,2023-04-11,9621
1102,亞泥,8,0,8,富邦-花蓮,2023-04-11,9621
1605,華新,17,9,8,富邦-花蓮,2023-04-11,9621
6670,復盛應用,8,0,8,富邦-花蓮,2023-04-11,9621
00679B,元大美債20年,8,0,8,富邦-花蓮,2023-04-11,9621
2890,永豐金,10,3,7,富邦-花蓮,2023-04-11,9621
3162,精確,7,0,7,富邦-花蓮,2023-04-11,9621
3346,麗清,8,1,7,富邦-花蓮,2023-04-11,9621
1108,幸福,7,1,6,富邦-花蓮,2023-04-11,9621
2453,凌群,8,2,6,富邦-花蓮,2023-04-11,9621
2889,國票金,7,1,6,富邦-花蓮,2023-04-11,9621
3028,增你強,6,0,6,富邦-花蓮,2023-04-11,9621
3628,盈正,6,0,6,富邦-花蓮,2023-04-11,9621
8171,天宇,6,0,6,富邦-花蓮,2023-04-11,9621
1796,金穎生技,16,10,6,富邦-花蓮,2023-04-11,9621
3707,漢磊,5,0,5,富邦-花蓮,2023-04-11,9621
2891,中信金,5,0,5,富邦-花蓮,2023-04-11,9621
3037,欣興,8,3,5,富邦-花蓮,2023-04-11,9621
1503,士電,29,24,5,富邦-花蓮,2023-04-11,9621
2364,倫飛,5,0,5,富邦-花蓮,2023-04-11,9621
2390,云辰,5,0,5,富邦-花蓮,2023-04-11,9621
3231,緯創,10,5,5,富邦-花蓮,2023-04-11,9621
4536,拓凱,7,2,5,富邦-花蓮,2023-04-11,9621
4971,IET-KY,5,0,5,富邦-花蓮,2023-04-11,9621
00671R,富邦NASDAQ反1,130,0,130,富邦-花蓮,2023-04-12,9621
2880,華南金,51,0,51,富邦-花蓮,2023-04-12,9621
00878,國泰永續高股息,46,5,41,富邦-花蓮,2023-04-12,9621
00670L,富邦NASDAQ正2,29,3,26,富邦-花蓮,2023-04-12,9621
2409,友達,38,12,26,富邦-花蓮,2023-04-12,9621
2427,三商電,25,3,22,富邦-花蓮,2023-04-12,9621
4532,瑞智,20,0,20,富邦-花蓮,2023-04-12,9621
8277,商丞,20,0,20,富邦-花蓮,2023-04-12,9621
00712,復華富時不動產,18,0,18,富邦-花蓮,2023-04-12,9621
4968,立積,26,8,18,富邦-花蓮,2023-04-12,9621
5309,系統電,23,5,18,富邦-花蓮,2023-04-12,9621
2634,漢翔,57,40,17,富邦-花蓮,2023-04-12,9621
2371,大同,17,1,16,富邦-花蓮,2023-04-12,9621
6235,華孚,55,39,16,富邦-花蓮,2023-04-12,9621
6443,元晶,33,18,15,富邦-花蓮,2023-04-12,9621
1605,華新,18,4,14,富邦-花蓮,2023-04-12,9621
2392,正崴,14,0,14,富邦-花蓮,2023-04-12,9621
1584,精剛,16,3,13,富邦-花蓮,2023-04-12,9621
2344,華邦電,31,20,11,富邦-花蓮,2023-04-12,9621
00888,永豐台灣ESG,11,0,11,富邦-花蓮,2023-04-12,9621
00773B,中信優先金融債,10,0,10,富邦-花蓮,2023-04-12,9621
1909,榮成,10,0,10,富邦-花蓮,2023-04-12,9621
3013,晟銘電,10,0,10,富邦-花蓮,2023-04-12,9621
3682,亞太電,10,0,10,富邦-花蓮,2023-04-12,9621
5425,台半,10,0,10,富邦-花蓮,2023-04-12,9621
8069,元太,9,0,9,富邦-花蓮,2023-04-12,9621
3715,定穎投控,15,7,8,富邦-花蓮,2023-04-12,9621
4137,麗豐-KY,8,0,8,富邦-花蓮,2023-04-12,9621
4995,晶達,8,0,8,富邦-花蓮,2023-04-12,9621
6461,益得,8,0,8,富邦-花蓮,2023-04-12,9621
2345,智邦,7,0,7,富邦-花蓮,2023-04-12,9621
2374,佳能,10,3,7,富邦-花蓮,2023-04-12,9621
2460,建通,7,0,7,富邦-花蓮,2023-04-12,9621
3346,麗清,7,0,7,富邦-花蓮,2023-04-12,9621
3591,艾笛森,10,3,7,富邦-花蓮,2023-04-12,9621
5388,中磊,7,0,7,富邦-花蓮,2023-04-12,9621
00679B,元大美債20年,6,0,6,富邦-花蓮,2023-04-12,9621
00655L,國泰中國A50正2,6,0,6,富邦-花蓮,2023-04-12,9621
00632R,元大台灣50反1,6,0,6,富邦-花蓮,2023-04-12,9621
1611,中電,20,14,6,富邦-花蓮,2023-04-12,9621
3037,欣興,8,2,6,富邦-花蓮,2023-04-12,9621
5340,建榮,6,0,6,富邦-花蓮,2023-04-12,9621
6411,晶焱,7,1,6,富邦-花蓮,2023-04-12,9621
2368,金像電,10,4,6,富邦-花蓮,2023-04-12,9621
00772B,中信高評級公司債,5,0,5,富邦-花蓮,2023-04-12,9621
00706L,期元大S＆P日圓正2,5,0,5,富邦-花蓮,2023-04-12,9621
2105,正新,5,0,5,富邦-花蓮,2023-04-12,9621
2455,全新,5,0,5,富邦-花蓮,2023-04-12,9621
2615,萬海,9,4,5,富邦-花蓮,2023-04-12,9621
3046,建��,6,1,5,富邦-花蓮,2023-04-12,9621
00648R,元大S＆P500反1,110,0,110,富邦-花蓮,2023-04-13,9621
2618,長榮航,47,6,41,富邦-花蓮,2023-04-13,9621
3006,晶豪科,42,2,40,富邦-花蓮,2023-04-13,9621
1609,大亞,44,11,33,富邦-花蓮,2023-04-13,9621
1513,中興電,43,11,32,富邦-花蓮,2023-04-13,9621
2349,錸德,32,0,32,富邦-花蓮,2023-04-13,9621
2413,環科,40,8,32,富邦-花蓮,2023-04-13,9621
2208,台船,63,33,30,富邦-花蓮,2023-04-13,9621
00712,復華富時不動產,29,0,29,富邦-花蓮,2023-04-13,9621
00673R,期元大S＆P原油反1,29,0,29,富邦-花蓮,2023-04-13,9621
5608,四維航,28,0,28,富邦-花蓮,2023-04-13,9621
6179,亞通,31,3,28,富邦-花蓮,2023-04-13,9621
00632R,元大台灣50反1,25,0,25,富邦-花蓮,2023-04-13,9621
2330,台積電,26,1,25,富邦-花蓮,2023-04-13,9621
6122,擎邦,28,4,24,富邦-花蓮,2023-04-13,9621
2427,三商電,25,2,23,富邦-花蓮,2023-04-13,9621
2722,夏都,25,3,22,富邦-花蓮,2023-04-13,9621
3346,麗清,22,0,22,富邦-花蓮,2023-04-13,9621
00888,永豐台灣ESG,20,0,20,富邦-花蓮,2023-04-13,9621
2880,華南金,21,1,20,富邦-花蓮,2023-04-13,9621
6175,立敦,20,0,20,富邦-花蓮,2023-04-13,9621
4747,強生,23,4,19,富邦-花蓮,2023-04-13,9621
1519,華城,24,7,17,富邦-花蓮,2023-04-13,9621
00878,國泰永續高股息,23,6,17,富邦-花蓮,2023-04-13,9621
3017,奇鋐,17,1,16,富邦-花蓮,2023-04-13,9621
2371,大同,16,0,16,富邦-花蓮,2023-04-13,9621
6223,旺矽,17,1,16,富邦-花蓮,2023-04-13,9621
8105,凌巨,16,0,16,富邦-花蓮,2023-04-13,9621
2614,東森,15,0,15,富邦-花蓮,2023-04-13,9621
3029,零壹,15,0,15,富邦-花蓮,2023-04-13,9621
2610,華航,37,22,15,富邦-花蓮,2023-04-13,9621
2601,益航,14,0,14,富邦-花蓮,2023-04-13,9621
00882,中信中國高股息,13,0,13,富邦-花蓮,2023-04-13,9621
6163,華電網,16,3,13,富邦-花蓮,2023-04-13,9621
3711,日月光投控,12,0,12,富邦-花蓮,2023-04-13,9621
2465,麗臺,11,0,11,富邦-花蓮,2023-04-13,9621
6282,康舒,11,0,11,富邦-花蓮,2023-04-13,9621
2390,云辰,10,0,10,富邦-花蓮,2023-04-13,9621
2492,華新科,14,4,10,富邦-花蓮,2023-04-13,9621
5009,榮剛,30,20,10,富邦-花蓮,2023-04-13,9621
6548,長科*,12,2,10,富邦-花蓮,2023-04-13,9621
3481,群創,46,36,10,富邦-花蓮,2023-04-13,9621
2002,中鋼,13,4,9,富邦-花蓮,2023-04-13,9621
00881,國泰台灣5G+,11,2,9,富邦-花蓮,2023-04-13,9621
1301,台塑,10,1,9,富邦-花蓮,2023-04-13,9621
1503,士電,140,131,9,富邦-花蓮,2023-04-13,9621
2329,華泰,20,11,9,富邦-花蓮,2023-04-13,9621
4532,瑞智,9,0,9,富邦-花蓮,2023-04-13,9621
5309,系統電,15,6,9,富邦-花蓮,2023-04-13,9621
6244,茂迪,20,11,9,富邦-花蓮,2023-04-13,9621
2208,台船,134,18,116,富邦-花蓮,2023-04-14,9621
4979,華星光,78,0,78,富邦-花蓮,2023-04-14,9621
6244,茂迪,68,21,47,富邦-花蓮,2023-04-14,9621
2637,慧洋-KY,33,3,30,富邦-花蓮,2023-04-14,9621
00878,國泰永續高股息,35,7,28,富邦-花蓮,2023-04-14,9621
6411,晶焱,23,0,23,富邦-花蓮,2023-04-14,9621
2492,華新科,26,3,23,富邦-花蓮,2023-04-14,9621
2610,華航,23,1,22,富邦-花蓮,2023-04-14,9621
1308,亞聚,22,0,22,富邦-花蓮,2023-04-14,9621
2634,漢翔,46,26,20,富邦-花蓮,2023-04-14,9621
1513,中興電,22,2,20,富邦-花蓮,2023-04-14,9621
3006,晶豪科,35,16,19,富邦-花蓮,2023-04-14,9621
00632R,元大台灣50反1,19,0,19,富邦-花蓮,2023-04-14,9621
00720B,元大投資級公司債,18,0,18,富邦-花蓮,2023-04-14,9621
3592,瑞鼎,15,0,15,富邦-花蓮,2023-04-14,9621
5328,華容,15,0,15,富邦-花蓮,2023-04-14,9621
6282,康舒,15,0,15,富邦-花蓮,2023-04-14,9621
00655L,國泰中國A50正2,13,0,13,富邦-花蓮,2023-04-14,9621
00679B,元大美債20年,12,0,12,富邦-花蓮,2023-04-14,9621
8222,寶一,14,2,12,富邦-花蓮,2023-04-14,9621
1905,華紙,13,2,11,富邦-花蓮,2023-04-14,9621
5309,系統電,11,0,11,富邦-花蓮,2023-04-14,9621
8383,千附,12,1,11,富邦-花蓮,2023-04-14,9621
5009,榮剛,35,25,10,富邦-花蓮,2023-04-14,9621
00908,富邦入息REITs+,10,0,10,富邦-花蓮,2023-04-14,9621
1210,大成,10,0,10,富邦-花蓮,2023-04-14,9621
00676R,富邦臺灣加權反1,10,0,10,富邦-花蓮,2023-04-14,9621
00664R,國泰臺灣加權反1,10,0,10,富邦-花蓮,2023-04-14,9621
4128,中天,10,0,10,富邦-花蓮,2023-04-14,9621
4934,太極,10,0,10,富邦-花蓮,2023-04-14,9621
5222,全訊,13,3,10,富邦-花蓮,2023-04-14,9621
6284,佳邦,21,11,10,富邦-花蓮,2023-04-14,9621
911868,同方友友-DR,10,0,10,富邦-花蓮,2023-04-14,9621
9907,統一實,10,0,10,富邦-花蓮,2023-04-14,9621
3029,零壹,10,0,10,富邦-花蓮,2023-04-14,9621
00712,復華富時不動產,9,0,9,富邦-花蓮,2023-04-14,9621
1514,亞力,22,13,9,富邦-花蓮,2023-04-14,9621
2515,中工,30,21,9,富邦-花蓮,2023-04-14,9621
6234,高僑,15,6,9,富邦-花蓮,2023-04-14,9621
2409,友達,10,1,9,富邦-花蓮,2023-04-14,9621
1802,台玻,8,0,8,富邦-花蓮,2023-04-14,9621
2387,精元,8,0,8,富邦-花蓮,2023-04-14,9621
2449,京元電子,10,2,8,富邦-花蓮,2023-04-14,9621
4541,晟田,11,3,8,富邦-花蓮,2023-04-14,9621
7402,邑錡,8,0,8,富邦-花蓮,2023-04-14,9621
2007,燁興,7,0,7,富邦-花蓮,2023-04-14,9621
2344,華邦電,8,1,7,富邦-花蓮,2023-04-14,9621
6182,合晶,7,0,7,富邦-花蓮,2023-04-14,9621
6194,育富,10,3,7,富邦-花蓮,2023-04-14,9621
5425,台半,8,1,7,富邦-花蓮,2023-04-14,9621
2208,台船,710,557,153,富邦-花蓮,2023-04-17,9621
2834,臺企銀,75,0,75,富邦-花蓮,2023-04-17,9621
2880,華南金,64,0,64,富邦-花蓮,2023-04-17,9621
3372,典範,50,0,50,富邦-花蓮,2023-04-17,9621
4729,熒茂,40,0,40,富邦-花蓮,2023-04-17,9621
6190,萬泰科,46,11,35,富邦-花蓮,2023-04-17,9621
00901,永豐智能車供應鏈,30,0,30,富邦-花蓮,2023-04-17,9621
2312,金寶,83,54,29,富邦-花蓮,2023-04-17,9621
00753L,中信中國50正2,27,0,27,富邦-花蓮,2023-04-17,9621
2402,毅嘉,24,1,23,富邦-花蓮,2023-04-17,9621
00893,國泰智能電動車,22,0,22,富邦-花蓮,2023-04-17,9621
2471,資通,23,1,22,富邦-花蓮,2023-04-17,9621
4168,醣聯,20,0,20,富邦-花蓮,2023-04-17,9621
8121,越峰,24,4,20,富邦-花蓮,2023-04-17,9621
2634,漢翔,70,50,20,富邦-花蓮,2023-04-17,9621
8033,雷虎,23,5,18,富邦-花蓮,2023-04-17,9621
00670L,富邦NASDAQ正2,17,0,17,富邦-花蓮,2023-04-17,9621
1444,力麗,18,1,17,富邦-花蓮,2023-04-17,9621
5258,虹堡,18,1,17,富邦-花蓮,2023-04-17,9621
6244,茂迪,25,10,15,富邦-花蓮,2023-04-17,9621
00632R,元大台灣50反1,20,5,15,富邦-花蓮,2023-04-17,9621
5603,陸海,15,0,15,富邦-花蓮,2023-04-17,9621
00679B,元大美債20年,14,0,14,富邦-花蓮,2023-04-17,9621
00712,復華富時不動產,14,0,14,富邦-花蓮,2023-04-17,9621
2324,仁寶,17,4,13,富邦-花蓮,2023-04-17,9621
2338,光罩,13,0,13,富邦-花蓮,2023-04-17,9621
6547,高端疫苗,19,6,13,富邦-花蓮,2023-04-17,9621
2881,富邦金,15,2,13,富邦-花蓮,2023-04-17,9621
00888,永豐台灣ESG,12,0,12,富邦-花蓮,2023-04-17,9621
8936,國統,17,5,12,富邦-花蓮,2023-04-17,9621
2888,新光金,12,0,12,富邦-花蓮,2023-04-17,9621
2002,中鋼,12,1,11,富邦-花蓮,2023-04-17,9621
00751B,元大AAA至A公司債,11,0,11,富邦-花蓮,2023-04-17,9621
1609,大亞,11,0,11,富邦-花蓮,2023-04-17,9621
4102,永日,12,1,11,富邦-花蓮,2023-04-17,9621
6770,力積電,13,2,11,富邦-花蓮,2023-04-17,9621
00762,元大全球AI,10,0,10,富邦-花蓮,2023-04-17,9621
1104,環泥,10,0,10,富邦-花蓮,2023-04-17,9621
1304,台聚,10,0,10,富邦-花蓮,2023-04-17,9621
2427,三商電,10,0,10,富邦-花蓮,2023-04-17,9621
3576,聯合再生,10,0,10,富邦-花蓮,2023-04-17,9621
3712,永崴投控,12,2,10,富邦-花蓮,2023-04-17,9621
1101,台泥,31,21,10,富邦-花蓮,2023-04-17,9621
4916,事欣科,12,3,9,富邦-花蓮,2023-04-17,9621
8222,寶一,10,1,9,富邦-花蓮,2023-04-17,9621
00725B,國泰投資級公司債,8,0,8,富邦-花蓮,2023-04-17,9621
00687B,國泰20年美債,8,0,8,富邦-花蓮,2023-04-17,9621
1514,亞力,12,4,8,富邦-花蓮,2023-04-17,9621
3447,展達,8,0,8,富邦-花蓮,2023-04-17,9621
2449,京元電子,7,0,7,富邦-花蓮,2023-04-17,9621
00680L,元大美債20正2,44,0,44,富邦-花蓮,2023-04-18,9621
6015,宏遠證,40,0,40,富邦-花蓮,2023-04-18,9621
00753L,中信中國50正2,50,12,38,富邦-花蓮,2023-04-18,9621
00878,國泰永續高股息,46,9,37,富邦-花蓮,2023-04-18,9621
6148,驊宏資,32,1,31,富邦-花蓮,2023-04-18,9621
00900,富邦特選高股息30,30,0,30,富邦-花蓮,2023-04-18,9621
2457,飛宏,358,329,29,富邦-花蓮,2023-04-18,9621
00720B,元大投資級公司債,29,0,29,富邦-花蓮,2023-04-18,9621
3046,建��,32,5,27,富邦-花蓮,2023-04-18,9621
1101,台泥,26,0,26,富邦-花蓮,2023-04-18,9621
1605,華新,26,4,22,富邦-花蓮,2023-04-18,9621
5321,美而快,21,1,20,富邦-花蓮,2023-04-18,9621
3037,欣興,21,2,19,富邦-花蓮,2023-04-18,9621
1444,力麗,18,0,18,富邦-花蓮,2023-04-18,9621
1529,樂事綠能,23,5,18,富邦-花蓮,2023-04-18,9621
2409,友達,18,0,18,富邦-花蓮,2023-04-18,9621
2834,臺企銀,20,2,18,富邦-花蓮,2023-04-18,9621
8478,東哥遊艇,17,0,17,富邦-花蓮,2023-04-18,9621
2379,瑞昱,16,0,16,富邦-花蓮,2023-04-18,9621
00772B,中信高評級公司債,16,0,16,富邦-花蓮,2023-04-18,9621
1533,車王電,15,0,15,富邦-花蓮,2023-04-18,9621
2610,華航,16,2,14,富邦-花蓮,2023-04-18,9621
3025,星通,19,5,14,富邦-花蓮,2023-04-18,9621
3447,展達,14,0,14,富邦-花蓮,2023-04-18,9621
1809,中釉,23,10,13,富邦-花蓮,2023-04-18,9621
5009,榮剛,28,16,12,富邦-花蓮,2023-04-18,9621
6426,統新,12,0,12,富邦-花蓮,2023-04-18,9621
4915,致伸,21,10,11,富邦-花蓮,2023-04-18,9621
1618,合機,11,0,11,富邦-花蓮,2023-04-18,9621
8038,長園科,17,6,11,富邦-花蓮,2023-04-18,9621
1308,亞聚,11,0,11,富邦-花蓮,2023-04-18,9621
00912,中信臺灣智慧50,10,0,10,富邦-花蓮,2023-04-18,9621
2338,光罩,10,0,10,富邦-花蓮,2023-04-18,9621
00665L,富邦�琤肭磪囓�2,10,0,10,富邦-花蓮,2023-04-18,9621
00673R,期元大S＆P原油反1,10,0,10,富邦-花蓮,2023-04-18,9621
1417,嘉裕,11,1,10,富邦-花蓮,2023-04-18,9621
3260,威剛,10,0,10,富邦-花蓮,2023-04-18,9621
3372,典範,10,0,10,富邦-花蓮,2023-04-18,9621
3703,欣陸,10,0,10,富邦-花蓮,2023-04-18,9621
6606,建德工業,10,0,10,富邦-花蓮,2023-04-18,9621
6547,高端疫苗,13,3,10,富邦-花蓮,2023-04-18,9621
3624,光頡,43,34,9,富邦-花蓮,2023-04-18,9621
2634,漢翔,26,18,8,富邦-花蓮,2023-04-18,9621
2645,長榮航太,8,0,8,富邦-花蓮,2023-04-18,9621
3339,泰谷,8,0,8,富邦-花蓮,2023-04-18,9621
5222,全訊,10,2,8,富邦-花蓮,2023-04-18,9621
1504,東元,10,2,8,富邦-花蓮,2023-04-18,9621
8069,元太,9,1,8,富邦-花蓮,2023-04-18,9621
2363,矽統,7,0,7,富邦-花蓮,2023-04-18,9621
2485,兆赫,7,0,7,富邦-花蓮,2023-04-18,9621
8222,寶一,210,31,179,富邦-花蓮,2023-04-19,9621
1810,和成,34,3,31,富邦-花蓮,2023-04-19,9621
2337,旺宏,27,1,26,富邦-花蓮,2023-04-19,9621
2303,聯電,25,1,24,富邦-花蓮,2023-04-19,9621
3363,上詮,36,13,23,富邦-花蓮,2023-04-19,9621
00912,中信臺灣智慧50,22,0,22,富邦-花蓮,2023-04-19,9621
2338,光罩,20,0,20,富邦-花蓮,2023-04-19,9621
3322,建舜電,20,0,20,富邦-花蓮,2023-04-19,9621
4572,駐龍,20,0,20,富邦-花蓮,2023-04-19,9621
4729,熒茂,20,0,20,富邦-花蓮,2023-04-19,9621
00715L,期街口布蘭特正2,19,0,19,富邦-花蓮,2023-04-19,9621
4916,事欣科,18,0,18,富邦-花蓮,2023-04-19,9621
4114,健喬,20,3,17,富邦-花蓮,2023-04-19,9621
4147,中裕,20,3,17,富邦-花蓮,2023-04-19,9621
00712,復華富時不動產,16,0,16,富邦-花蓮,2023-04-19,9621
00881,國泰台灣5G+,16,0,16,富邦-花蓮,2023-04-19,9621
6770,力積電,32,17,15,富邦-花蓮,2023-04-19,9621
4510,高鋒,21,6,15,富邦-花蓮,2023-04-19,9621
2344,華邦電,17,3,14,富邦-花蓮,2023-04-19,9621
3037,欣興,14,0,14,富邦-花蓮,2023-04-19,9621
2363,矽統,14,0,14,富邦-花蓮,2023-04-19,9621
8105,凌巨,22,8,14,富邦-花蓮,2023-04-19,9621
00720B,元大投資級公司債,13,0,13,富邦-花蓮,2023-04-19,9621
6288,聯嘉,14,1,13,富邦-花蓮,2023-04-19,9621
00922,國泰台灣領袖50,12,0,12,富邦-花蓮,2023-04-19,9621
00740B,富邦全球投等債,12,0,12,富邦-花蓮,2023-04-19,9621
2362,藍天,12,0,12,富邦-花蓮,2023-04-19,9621
00888,永豐台灣ESG,12,0,12,富邦-花蓮,2023-04-19,9621
2618,長榮航,11,0,11,富邦-花蓮,2023-04-19,9621
3006,晶豪科,12,1,11,富邦-花蓮,2023-04-19,9621
2641,正德,11,0,11,富邦-花蓮,2023-04-19,9621
4142,國光生,11,0,11,富邦-花蓮,2023-04-19,9621
00679B,元大美債20年,13,3,10,富邦-花蓮,2023-04-19,9621
00902,中信電池及儲能,10,0,10,富邦-花蓮,2023-04-19,9621
1308,亞聚,10,0,10,富邦-花蓮,2023-04-19,9621
1504,東元,19,9,10,富邦-花蓮,2023-04-19,9621
2009,第一銅,13,3,10,富邦-花蓮,2023-04-19,9621
3346,麗清,10,0,10,富邦-花蓮,2023-04-19,9621
6182,合晶,10,0,10,富邦-花蓮,2023-04-19,9621
6578,達邦蛋白,10,0,10,富邦-花蓮,2023-04-19,9621
3372,典範,10,0,10,富邦-花蓮,2023-04-19,9621
4160,訊聯基因,10,0,10,富邦-花蓮,2023-04-19,9621
3141,晶宏,10,0,10,富邦-花蓮,2023-04-19,9621
2834,臺企銀,10,0,10,富邦-花蓮,2023-04-19,9621
00655L,國泰中國A50正2,9,0,9,富邦-花蓮,2023-04-19,9621
2498,宏達電,12,3,9,富邦-花蓮,2023-04-19,9621
2312,金寶,9,1,8,富邦-花蓮,2023-04-19,9621
2323,中環,8,0,8,富邦-花蓮,2023-04-19,9621
3062,建漢,8,0,8,富邦-花蓮,2023-04-19,9621
6829,千附精密,7,0,7,富邦-花蓮,2023-04-19,9621
6282,康舒,151,58,93,富邦-花蓮,2023-04-20,9621
4114,健喬,61,3,58,富邦-花蓮,2023-04-20,9621
2324,仁寶,53,0,53,富邦-花蓮,2023-04-20,9621
00878,國泰永續高股息,32,0,32,富邦-花蓮,2023-04-20,9621
00888,永豐台灣ESG,23,0,23,富邦-花蓮,2023-04-20,9621
3628,盈正,26,5,21,富邦-花蓮,2023-04-20,9621
6134,萬旭,21,0,21,富邦-花蓮,2023-04-20,9621
3686,達能,20,0,20,富邦-花蓮,2023-04-20,9621
3209,全科,20,0,20,富邦-花蓮,2023-04-20,9621
3576,聯合再生,19,1,18,富邦-花蓮,2023-04-20,9621
2457,飛宏,22,4,18,富邦-花蓮,2023-04-20,9621
4167,松瑞藥,17,0,17,富邦-花蓮,2023-04-20,9621
5351,鈺創,16,0,16,富邦-花蓮,2023-04-20,9621
00720B,元大投資級公司債,15,0,15,富邦-花蓮,2023-04-20,9621
2409,友達,15,0,15,富邦-花蓮,2023-04-20,9621
2913,農林,15,0,15,富邦-花蓮,2023-04-20,9621
2498,宏達電,16,2,14,富邦-花蓮,2023-04-20,9621
6237,驊訊,14,0,14,富邦-花蓮,2023-04-20,9621
3078,僑威,14,1,13,富邦-花蓮,2023-04-20,9621
00912,中信臺灣智慧50,12,0,12,富邦-花蓮,2023-04-20,9621
2618,長榮航,12,0,12,富邦-花蓮,2023-04-20,9621
6547,高端疫苗,15,3,12,富邦-花蓮,2023-04-20,9621
2359,所羅門,16,5,11,富邦-花蓮,2023-04-20,9621
6477,安集,16,5,11,富邦-花蓮,2023-04-20,9621
00722B,群益投資級電信債,10,0,10,富邦-花蓮,2023-04-20,9621
3025,星通,13,3,10,富邦-花蓮,2023-04-20,9621
3037,欣興,11,1,10,富邦-花蓮,2023-04-20,9621
3372,典範,10,0,10,富邦-花蓮,2023-04-20,9621
4729,熒茂,10,0,10,富邦-花蓮,2023-04-20,9621
00881,國泰台灣5G+,10,1,9,富邦-花蓮,2023-04-20,9621
3290,東浦,10,1,9,富邦-花蓮,2023-04-20,9621
3479,安勤,18,9,9,富邦-花蓮,2023-04-20,9621
5403,中菲,9,0,9,富邦-花蓮,2023-04-20,9621
6190,萬泰科,10,1,9,富邦-花蓮,2023-04-20,9621
3712,永崴投控,15,6,9,富邦-花蓮,2023-04-20,9621
00715L,期街口布蘭特正2,9,1,8,富邦-花蓮,2023-04-20,9621
2634,漢翔,12,4,8,富邦-花蓮,2023-04-20,9621
2888,新光金,12,4,8,富邦-花蓮,2023-04-20,9621
3356,奇偶,8,0,8,富邦-花蓮,2023-04-20,9621
3027,盛達,7,0,7,富邦-花蓮,2023-04-20,9621
2342,茂矽,7,0,7,富邦-花蓮,2023-04-20,9621
3217,優群,7,0,7,富邦-花蓮,2023-04-20,9621
6118,建達,7,0,7,富邦-花蓮,2023-04-20,9621
6257,矽格,7,0,7,富邦-花蓮,2023-04-20,9621
1104,環泥,6,0,6,富邦-花蓮,2023-04-20,9621
00655L,國泰中國A50正2,6,0,6,富邦-花蓮,2023-04-20,9621
1513,中興電,11,5,6,富邦-花蓮,2023-04-20,9621
1608,華榮,6,0,6,富邦-花蓮,2023-04-20,9621
2009,第一銅,10,4,6,富邦-花蓮,2023-04-20,9621
3715,定穎投控,9,3,6,富邦-花蓮,2023-04-20,9621
2409,友達,154,14,140,富邦-花蓮,2023-04-21,9621
1711,永光,116,16,100,富邦-花蓮,2023-04-21,9621
00900,富邦特選高股息30,58,0,58,富邦-花蓮,2023-04-21,9621
00877,復華中國5G,30,0,30,富邦-花蓮,2023-04-21,9621
1611,中電,1512,1487,25,富邦-花蓮,2023-04-21,9621
2897,王道銀行,20,0,20,富邦-花蓮,2023-04-21,9621
6257,矽格,20,0,20,富邦-花蓮,2023-04-21,9621
8110,華東,20,0,20,富邦-花蓮,2023-04-21,9621
6282,康舒,50,32,18,富邦-花蓮,2023-04-21,9621
3037,欣興,17,1,16,富邦-花蓮,2023-04-21,9621
6288,聯嘉,20,4,16,富邦-花蓮,2023-04-21,9621
1319,東陽,14,0,14,富邦-花蓮,2023-04-21,9621
2344,華邦電,14,0,14,富邦-花蓮,2023-04-21,9621
2618,長榮航,15,1,14,富邦-花蓮,2023-04-21,9621
4979,華星光,13,0,13,富邦-花蓮,2023-04-21,9621
2303,聯電,13,0,13,富邦-花蓮,2023-04-21,9621
1471,首利,11,0,11,富邦-花蓮,2023-04-21,9621
3041,揚智,11,0,11,富邦-花蓮,2023-04-21,9621
3305,昇貿,10,0,10,富邦-花蓮,2023-04-21,9621
00725B,國泰投資級公司債,11,1,10,富邦-花蓮,2023-04-21,9621
00722B,群益投資級電信債,10,0,10,富邦-花蓮,2023-04-21,9621
1409,新纖,10,0,10,富邦-花蓮,2023-04-21,9621
3048,益登,10,0,10,富邦-花蓮,2023-04-21,9621
3149,正達,10,0,10,富邦-花蓮,2023-04-21,9621
3710,連展投控,10,0,10,富邦-花蓮,2023-04-21,9621
4167,松瑞藥,10,0,10,富邦-花蓮,2023-04-21,9621
911868,同方友友-DR,10,0,10,富邦-花蓮,2023-04-21,9621
00715L,期街口布蘭特正2,9,0,9,富邦-花蓮,2023-04-21,9621
00892,富邦台灣半導體,9,0,9,富邦-花蓮,2023-04-21,9621
1219,福壽,9,0,9,富邦-花蓮,2023-04-21,9621
1616,億泰,9,0,9,富邦-花蓮,2023-04-21,9621
3628,盈正,12,3,9,富邦-花蓮,2023-04-21,9621
2338,光罩,9,1,8,富邦-花蓮,2023-04-21,9621
1710,東聯,8,0,8,富邦-花蓮,2023-04-21,9621
2515,中工,198,190,8,富邦-花蓮,2023-04-21,9621
1308,亞聚,7,0,7,富邦-花蓮,2023-04-21,9621
1560,中砂,10,3,7,富邦-花蓮,2023-04-21,9621
2812,台中銀,7,0,7,富邦-花蓮,2023-04-21,9621
2313,華通,7,1,6,富邦-花蓮,2023-04-21,9621
0056,元大高股息,9,3,6,富邦-花蓮,2023-04-21,9621
6176,瑞儀,6,0,6,富邦-花蓮,2023-04-21,9621
00753L,中信中國50正2,6,0,6,富邦-花蓮,2023-04-21,9621
1907,永豐餘,15,9,6,富邦-花蓮,2023-04-21,9621
2009,第一銅,6,0,6,富邦-花蓮,2023-04-21,9621
3029,零壹,6,0,6,富邦-花蓮,2023-04-21,9621
6188,廣明,6,0,6,富邦-花蓮,2023-04-21,9621
6194,育富,6,0,6,富邦-花蓮,2023-04-21,9621
6235,華孚,33,27,6,富邦-花蓮,2023-04-21,9621
6244,茂迪,10,4,6,富邦-花蓮,2023-04-21,9621
6443,元晶,7,1,6,富邦-花蓮,2023-04-21,9621
3481,群創,210,0,210,富邦-花蓮,2023-04-24,9621
2409,友達,100,0,100,富邦-花蓮,2023-04-24,9621
5425,台半,101,2,99,富邦-花蓮,2023-04-24,9621
2352,佳世達,66,0,66,富邦-花蓮,2023-04-24,9621
3006,晶豪科,37,0,37,富邦-花蓮,2023-04-24,9621
00713,元大台灣高息低波,26,0,26,富邦-花蓮,2023-04-24,9621
00902,中信電池及儲能,22,0,22,富邦-花蓮,2023-04-24,9621
2208,台船,22,1,21,富邦-花蓮,2023-04-24,9621
00720B,元大投資級公司債,19,0,19,富邦-花蓮,2023-04-24,9621
1101,台泥,86,69,17,富邦-花蓮,2023-04-24,9621
2603,長榮,18,2,16,富邦-花蓮,2023-04-24,9621
4114,健喬,16,1,15,富邦-花蓮,2023-04-24,9621
4916,事欣科,15,0,15,富邦-花蓮,2023-04-24,9621
3231,緯創,18,4,14,富邦-花蓮,2023-04-24,9621
1605,華新,14,1,13,富邦-花蓮,2023-04-24,9621
1528,恩德,12,0,12,富邦-花蓮,2023-04-24,9621
2009,第一銅,12,0,12,富邦-花蓮,2023-04-24,9621
4979,華星光,13,1,12,富邦-花蓮,2023-04-24,9621
3037,欣興,14,2,12,富邦-花蓮,2023-04-24,9621
4743,合一,12,1,11,富邦-花蓮,2023-04-24,9621
2328,廣宇,11,0,11,富邦-花蓮,2023-04-24,9621
2515,中工,202,191,11,富邦-花蓮,2023-04-24,9621
2615,萬海,12,1,11,富邦-花蓮,2023-04-24,9621
0056,元大高股息,10,0,10,富邦-花蓮,2023-04-24,9621
8222,寶一,14,4,10,富邦-花蓮,2023-04-24,9621
00687B,國泰20年美債,10,0,10,富邦-花蓮,2023-04-24,9621
00881,國泰台灣5G+,10,0,10,富邦-花蓮,2023-04-24,9621
3628,盈正,10,0,10,富邦-花蓮,2023-04-24,9621
5225,東科-KY,10,0,10,富邦-花蓮,2023-04-24,9621
6190,萬泰科,10,0,10,富邦-花蓮,2023-04-24,9621
6217,中探針,10,0,10,富邦-花蓮,2023-04-24,9621
6770,力積電,22,12,10,富邦-花蓮,2023-04-24,9621
911868,同方友友-DR,10,0,10,富邦-花蓮,2023-04-24,9621
5603,陸海,10,0,10,富邦-花蓮,2023-04-24,9621
6163,華電網,10,1,9,富邦-花蓮,2023-04-24,9621
3017,奇鋐,9,0,9,富邦-花蓮,2023-04-24,9621
3323,加百裕,9,0,9,富邦-花蓮,2023-04-24,9621
2883,凱基金,10,2,8,富邦-花蓮,2023-04-24,9621
1709,和益,13,5,8,富邦-花蓮,2023-04-24,9621
2303,聯電,8,0,8,富邦-花蓮,2023-04-24,9621
3715,定穎投控,14,6,8,富邦-花蓮,2023-04-24,9621
6148,驊宏資,16,8,8,富邦-花蓮,2023-04-24,9621
6261,久元,8,0,8,富邦-花蓮,2023-04-24,9621
00772B,中信高評級公司債,7,0,7,富邦-花蓮,2023-04-24,9621
2880,華南金,10,3,7,富邦-花蓮,2023-04-24,9621
3035,智原,9,2,7,富邦-花蓮,2023-04-24,9621
6116,彩晶,7,0,7,富邦-花蓮,2023-04-24,9621
5009,榮剛,8,1,7,富邦-花蓮,2023-04-24,9621
00670L,富邦NASDAQ正2,6,0,6,富邦-花蓮,2023-04-24,9621
00655L,國泰中國A50正2,6,0,6,富邦-花蓮,2023-04-24,9621
00753L,中信中國50正2,63,0,63,富邦-花蓮,2023-04-25,9621
1504,東元,72,14,58,富邦-花蓮,2023-04-25,9621
0056,元大高股息,50,0,50,富邦-花蓮,2023-04-25,9621
3006,晶豪科,41,0,41,富邦-花蓮,2023-04-25,9621
2634,漢翔,502,461,41,富邦-花蓮,2023-04-25,9621
6806,森崴能源,41,6,35,富邦-花蓮,2023-04-25,9621
00900,富邦特選高股息30,31,0,31,富邦-花蓮,2023-04-25,9621
1605,華新,45,18,27,富邦-花蓮,2023-04-25,9621
3162,精確,26,0,26,富邦-花蓮,2023-04-25,9621
00679B,元大美債20年,30,5,25,富邦-花蓮,2023-04-25,9621
2303,聯電,30,6,24,富邦-花蓮,2023-04-25,9621
2471,資通,318,296,22,富邦-花蓮,2023-04-25,9621
00877,復華中國5G,21,0,21,富邦-花蓮,2023-04-25,9621
4174,浩鼎,19,0,19,富邦-花蓮,2023-04-25,9621
1101,台泥,43,25,18,富邦-花蓮,2023-04-25,9621
00922,國泰台灣領袖50,18,0,18,富邦-花蓮,2023-04-25,9621
1310,台苯,21,3,18,富邦-花蓮,2023-04-25,9621
1519,華城,81,64,17,富邦-花蓮,2023-04-25,9621
1503,士電,28,13,15,富邦-花蓮,2023-04-25,9621
6116,彩晶,14,1,13,富邦-花蓮,2023-04-25,9621
6461,益得,15,2,13,富邦-花蓮,2023-04-25,9621
8358,金居,13,0,13,富邦-花蓮,2023-04-25,9621
2338,光罩,15,3,12,富邦-花蓮,2023-04-25,9621
1301,台塑,12,0,12,富邦-花蓮,2023-04-25,9621
2344,華邦電,12,0,12,富邦-花蓮,2023-04-25,9621
1471,首利,21,10,11,富邦-花蓮,2023-04-25,9621
4121,優盛,13,2,11,富邦-花蓮,2023-04-25,9621
4566,時碩工業,21,10,11,富邦-花蓮,2023-04-25,9621
2743,山富,10,0,10,富邦-花蓮,2023-04-25,9621
3305,昇貿,10,0,10,富邦-花蓮,2023-04-25,9621
5471,松翰,10,0,10,富邦-花蓮,2023-04-25,9621
6139,亞翔,10,0,10,富邦-花蓮,2023-04-25,9621
911868,同方友友-DR,10,0,10,富邦-花蓮,2023-04-25,9621
2208,台船,12,2,10,富邦-花蓮,2023-04-25,9621
2002,中鋼,12,2,10,富邦-花蓮,2023-04-25,9621
2481,強茂,9,0,9,富邦-花蓮,2023-04-25,9621
6244,茂迪,19,10,9,富邦-花蓮,2023-04-25,9621
00902,中信電池及儲能,9,0,9,富邦-花蓮,2023-04-25,9621
3231,緯創,12,4,8,富邦-花蓮,2023-04-25,9621
00891,中信關鍵半導體,9,1,8,富邦-花蓮,2023-04-25,9621
3035,智原,8,0,8,富邦-花蓮,2023-04-25,9621
6163,華電網,9,1,8,富邦-花蓮,2023-04-25,9621
6182,合晶,8,0,8,富邦-花蓮,2023-04-25,9621
6288,聯嘉,10,2,8,富邦-花蓮,2023-04-25,9621
0050,元大台灣50,7,0,7,富邦-花蓮,2023-04-25,9621
1909,榮成,7,0,7,富邦-花蓮,2023-04-25,9621
2468,華經,7,0,7,富邦-花蓮,2023-04-25,9621
3714,富采,7,0,7,富邦-花蓮,2023-04-25,9621
6443,元晶,9,2,7,富邦-花蓮,2023-04-25,9621
8050,廣積,7,0,7,富邦-花蓮,2023-04-25,9621
1101,台泥,52,9,43,富邦-花蓮,2023-04-26,9621
2314,台揚,41,0,41,富邦-花蓮,2023-04-26,9621
6015,宏遠證,40,0,40,富邦-花蓮,2023-04-26,9621
6244,茂迪,33,1,32,富邦-花蓮,2023-04-26,9621
2892,第一金,20,0,20,富邦-花蓮,2023-04-26,9621
6016,康和證,20,0,20,富邦-花蓮,2023-04-26,9621
00712,復華富時不動產,19,0,19,富邦-花蓮,2023-04-26,9621
00679B,元大美債20年,18,0,18,富邦-花蓮,2023-04-26,9621
00900,富邦特選高股息30,18,0,18,富邦-花蓮,2023-04-26,9621
00631L,元大台灣50正2,26,8,18,富邦-花蓮,2023-04-26,9621
2495,普安,19,1,18,富邦-花蓮,2023-04-26,9621
1907,永豐餘,20,5,15,富邦-花蓮,2023-04-26,9621
0056,元大高股息,17,5,12,富邦-花蓮,2023-04-26,9621
3037,欣興,19,8,11,富邦-花蓮,2023-04-26,9621
3707,漢磊,11,0,11,富邦-花蓮,2023-04-26,9621
6443,元晶,10,0,10,富邦-花蓮,2023-04-26,9621
2641,正德,10,0,10,富邦-花蓮,2023-04-26,9621
2884,玉山金,10,0,10,富邦-花蓮,2023-04-26,9621
3029,零壹,10,0,10,富邦-花蓮,2023-04-26,9621
3047,訊舟,10,0,10,富邦-花蓮,2023-04-26,9621
4916,事欣科,10,0,10,富邦-花蓮,2023-04-26,9621
6461,益得,10,0,10,富邦-花蓮,2023-04-26,9621
8076,伍豐,10,0,10,富邦-花蓮,2023-04-26,9621
911868,同方友友-DR,10,0,10,富邦-花蓮,2023-04-26,9621
00637L,元大滬深300正2,12,4,8,富邦-花蓮,2023-04-26,9621
2634,漢翔,37,29,8,富邦-花蓮,2023-04-26,9621
2913,農林,11,3,8,富邦-花蓮,2023-04-26,9621
5516,雙喜,8,0,8,富邦-花蓮,2023-04-26,9621
1216,統一,10,3,7,富邦-花蓮,2023-04-26,9621
1503,士電,37,30,7,富邦-花蓮,2023-04-26,9621
00692,富邦公司治理,7,0,7,富邦-花蓮,2023-04-26,9621
006208,富邦台50,6,0,6,富邦-花蓮,2023-04-26,9621
00881,國泰台灣5G+,6,0,6,富邦-花蓮,2023-04-26,9621
2204,中華,564,558,6,富邦-花蓮,2023-04-26,9621
2528,皇普,6,0,6,富邦-花蓮,2023-04-26,9621
00885,富邦越南,6,0,6,富邦-花蓮,2023-04-26,9621
2330,台積電,11,5,6,富邦-花蓮,2023-04-26,9621
1108,幸福,5,0,5,富邦-花蓮,2023-04-26,9621
2429,銘旺科,5,0,5,富邦-花蓮,2023-04-26,9621
3591,艾笛森,7,2,5,富邦-花蓮,2023-04-26,9621
4566,時碩工業,8,3,5,富邦-花蓮,2023-04-26,9621
6165,浪凡,5,0,5,富邦-花蓮,2023-04-26,9621
6182,合晶,6,1,5,富邦-花蓮,2023-04-26,9621
6274,台燿,7,2,5,富邦-花蓮,2023-04-26,9621
00878,國泰永續高股息,24,19,5,富邦-花蓮,2023-04-26,9621
00715L,期街口布蘭特正2,6,2,4,富邦-花蓮,2023-04-26,9621
2303,聯電,6,2,4,富邦-花蓮,2023-04-26,9621
2605,新興,4,0,4,富邦-花蓮,2023-04-26,9621
2617,台航,4,0,4,富邦-花蓮,2023-04-26,9621
2888,新光金,4,0,4,富邦-花蓮,2023-04-26,9621
00632R,元大台灣50反1,400,3,397,富邦-花蓮,2023-04-27,9621
6741,91APP*-KY,106,9,97,富邦-花蓮,2023-04-27,9621
00877,復華中國5G,91,0,91,富邦-花蓮,2023-04-27,9621
2303,聯電,50,0,50,富邦-花蓮,2023-04-27,9621
00772B,中信高評級公司債,43,0,43,富邦-花蓮,2023-04-27,9621
6244,茂迪,38,1,37,富邦-花蓮,2023-04-27,9621
2641,正德,30,0,30,富邦-花蓮,2023-04-27,9621
2845,遠東銀,30,0,30,富邦-花蓮,2023-04-27,9621
00664R,國泰臺灣加權反1,25,0,25,富邦-花蓮,2023-04-27,9621
1725,元禎,25,0,25,富邦-花蓮,2023-04-27,9621
00924,復華S＆P500成長,24,0,24,富邦-花蓮,2023-04-27,9621
00751B,元大AAA至A公司債,21,0,21,富邦-花蓮,2023-04-27,9621
2413,環科,21,0,21,富邦-花蓮,2023-04-27,9621
0056,元大高股息,22,1,21,富邦-花蓮,2023-04-27,9621
5425,台半,22,3,19,富邦-花蓮,2023-04-27,9621
6275,元山,19,0,19,富邦-花蓮,2023-04-27,9621
1310,台苯,74,56,18,富邦-花蓮,2023-04-27,9621
3037,欣興,21,3,18,富邦-花蓮,2023-04-27,9621
1710,東聯,26,10,16,富邦-花蓮,2023-04-27,9621
00713,元大台灣高息低波,15,0,15,富邦-花蓮,2023-04-27,9621
00712,復華富時不動產,15,0,15,富邦-花蓮,2023-04-27,9621
00670L,富邦NASDAQ正2,15,0,15,富邦-花蓮,2023-04-27,9621
2314,台揚,16,1,15,富邦-花蓮,2023-04-27,9621
4155,訊映,15,0,15,富邦-花蓮,2023-04-27,9621
6185,幃翔,15,0,15,富邦-花蓮,2023-04-27,9621
00679B,元大美債20年,13,0,13,富邦-花蓮,2023-04-27,9621
00878,國泰永續高股息,13,0,13,富邦-花蓮,2023-04-27,9621
2609,陽明,13,0,13,富邦-花蓮,2023-04-27,9621
6770,力積電,17,5,12,富邦-花蓮,2023-04-27,9621
2002,中鋼,11,0,11,富邦-花蓮,2023-04-27,9621
1721,三晃,17,6,11,富邦-花蓮,2023-04-27,9621
1717,長興,21,10,11,富邦-花蓮,2023-04-27,9621
2352,佳世達,11,0,11,富邦-花蓮,2023-04-27,9621
1533,車王電,10,0,10,富邦-花蓮,2023-04-27,9621
2618,長榮航,13,3,10,富邦-花蓮,2023-04-27,9621
3006,晶豪科,10,0,10,富邦-花蓮,2023-04-27,9621
3141,晶宏,10,0,10,富邦-花蓮,2023-04-27,9621
3290,東浦,10,0,10,富邦-花蓮,2023-04-27,9621
006208,富邦台50,9,0,9,富邦-花蓮,2023-04-27,9621
2603,長榮,9,0,9,富邦-花蓮,2023-04-27,9621
00637L,元大滬深300正2,12,3,9,富邦-花蓮,2023-04-27,9621
1605,華新,11,2,9,富邦-花蓮,2023-04-27,9621
1809,中釉,9,0,9,富邦-花蓮,2023-04-27,9621
2705,六福,9,0,9,富邦-花蓮,2023-04-27,9621
00642U,期元大S＆P石油,8,0,8,富邦-花蓮,2023-04-27,9621
2498,宏達電,9,1,8,富邦-花蓮,2023-04-27,9621
3289,宜特,8,0,8,富邦-花蓮,2023-04-27,9621
6282,康舒,11,3,8,富邦-花蓮,2023-04-27,9621
00687B,國泰20年美債,7,0,7,富邦-花蓮,2023-04-27,9621
1905,華紙,24,17,7,富邦-花蓮,2023-04-27,9621
2409,友達,203,1,202,富邦-花蓮,2023-04-28,9621
3481,群創,65,2,63,富邦-花蓮,2023-04-28,9621
00632R,元大台灣50反1,63,0,63,富邦-花蓮,2023-04-28,9621
6770,力積電,51,15,36,富邦-花蓮,2023-04-28,9621
2634,漢翔,151,117,34,富邦-花蓮,2023-04-28,9621
3704,合勤控,35,5,30,富邦-花蓮,2023-04-28,9621
2413,環科,22,0,22,富邦-花蓮,2023-04-28,9621
4961,天鈺,134,114,20,富邦-花蓮,2023-04-28,9621
2337,旺宏,20,1,19,富邦-花蓮,2023-04-28,9621
00713,元大台灣高息低波,15,0,15,富邦-花蓮,2023-04-28,9621
2313,華通,14,0,14,富邦-花蓮,2023-04-28,9621
1701,中化,15,2,13,富邦-花蓮,2023-04-28,9621
00725B,國泰投資級公司債,12,0,12,富邦-花蓮,2023-04-28,9621
00680L,元大美債20正2,11,0,11,富邦-花蓮,2023-04-28,9621
2344,華邦電,24,13,11,富邦-花蓮,2023-04-28,9621
2498,宏達電,17,6,11,富邦-花蓮,2023-04-28,9621
2705,六福,11,0,11,富邦-花蓮,2023-04-28,9621
2890,永豐金,11,0,11,富邦-花蓮,2023-04-28,9621
8086,宏捷科,12,1,11,富邦-花蓮,2023-04-28,9621
00665L,富邦�琤肭磪囓�2,10,0,10,富邦-花蓮,2023-04-28,9621
2388,威盛,15,5,10,富邦-花蓮,2023-04-28,9621
2476,鉅祥,10,0,10,富邦-花蓮,2023-04-28,9621
2601,益航,10,0,10,富邦-花蓮,2023-04-28,9621
2610,華航,13,3,10,富邦-花蓮,2023-04-28,9621
2618,長榮航,10,0,10,富邦-花蓮,2023-04-28,9621
2888,新光金,10,0,10,富邦-花蓮,2023-04-28,9621
5009,榮剛,41,31,10,富邦-花蓮,2023-04-28,9621
6165,浪凡,10,0,10,富邦-花蓮,2023-04-28,9621
6188,廣明,10,0,10,富邦-花蓮,2023-04-28,9621
911868,同方友友-DR,10,0,10,富邦-花蓮,2023-04-28,9621
00679B,元大美債20年,9,0,9,富邦-花蓮,2023-04-28,9621
00919,群益台灣精選高息,9,0,9,富邦-花蓮,2023-04-28,9621
6282,康舒,124,115,9,富邦-花蓮,2023-04-28,9621
00857B,永豐20年美公債,8,0,8,富邦-花蓮,2023-04-28,9621
6275,元山,8,0,8,富邦-花蓮,2023-04-28,9621
00687B,國泰20年美債,7,0,7,富邦-花蓮,2023-04-28,9621
2419,仲琦,7,0,7,富邦-花蓮,2023-04-28,9621
2453,凌群,23,16,7,富邦-花蓮,2023-04-28,9621
6147,頎邦,6,0,6,富邦-花蓮,2023-04-28,9621
4566,時碩工業,13,7,6,富邦-花蓮,2023-04-28,9621
00922,國泰台灣領袖50,6,0,6,富邦-花蓮,2023-04-28,9621
00878,國泰永續高股息,6,0,6,富邦-花蓮,2023-04-28,9621
00720B,元大投資級公司債,12,6,6,富邦-花蓮,2023-04-28,9621
1533,車王電,6,0,6,富邦-花蓮,2023-04-28,9621
2402,毅嘉,11,5,6,富邦-花蓮,2023-04-28,9621
5299,杰力,6,0,6,富邦-花蓮,2023-04-28,9621
6789,采鈺,7,1,6,富邦-花蓮,2023-04-28,9621
2892,第一金,7,1,6,富邦-花蓮,2023-04-28,9621
00751B,元大AAA至A公司債,5,0,5,富邦-花蓮,2023-04-28,9621
2002,中鋼,5,0,5,富邦-花蓮,2023-04-28,9621
3481,群創,230,33,197,富邦-花蓮,2023-05-02,9621
2409,友達,164,31,133,富邦-花蓮,2023-05-02,9621
2634,漢翔,380,315,65,富邦-花蓮,2023-05-02,9621
3372,典範,50,0,50,富邦-花蓮,2023-05-02,9621
00751B,元大AAA至A公司債,47,0,47,富邦-花蓮,2023-05-02,9621
00720B,元大投資級公司債,42,0,42,富邦-花蓮,2023-05-02,9621
00772B,中信高評級公司債,32,0,32,富邦-花蓮,2023-05-02,9621
1907,永豐餘,33,2,31,富邦-花蓮,2023-05-02,9621
2204,中華,31,0,31,富邦-花蓮,2023-05-02,9621
2413,環科,31,0,31,富邦-花蓮,2023-05-02,9621
6535,順藥,30,0,30,富邦-花蓮,2023-05-02,9621
6234,高僑,92,64,28,富邦-花蓮,2023-05-02,9621
2609,陽明,29,3,26,富邦-花蓮,2023-05-02,9621
2603,長榮,35,9,26,富邦-花蓮,2023-05-02,9621
4541,晟田,43,20,23,富邦-花蓮,2023-05-02,9621
4114,健喬,24,1,23,富邦-花蓮,2023-05-02,9621
2834,臺企銀,30,11,19,富邦-花蓮,2023-05-02,9621
00679B,元大美債20年,16,0,16,富邦-花蓮,2023-05-02,9621
0056,元大高股息,21,5,16,富邦-花蓮,2023-05-02,9621
2881,富邦金,15,0,15,富邦-花蓮,2023-05-02,9621
8403,盛弘,16,1,15,富邦-花蓮,2023-05-02,9621
6416,瑞祺電通,13,0,13,富邦-花蓮,2023-05-02,9621
00725B,國泰投資級公司債,12,0,12,富邦-花蓮,2023-05-02,9621
6148,驊宏資,420,408,12,富邦-花蓮,2023-05-02,9621
2344,華邦電,12,1,11,富邦-花蓮,2023-05-02,9621
6163,華電網,12,1,11,富邦-花蓮,2023-05-02,9621
00713,元大台灣高息低波,10,0,10,富邦-花蓮,2023-05-02,9621
1313,聯成,10,0,10,富邦-花蓮,2023-05-02,9621
2367,燿華,10,0,10,富邦-花蓮,2023-05-02,9621
3006,晶豪科,10,0,10,富邦-花蓮,2023-05-02,9621
4433,興采,10,0,10,富邦-花蓮,2023-05-02,9621
2883,凱基金,9,0,9,富邦-花蓮,2023-05-02,9621
2352,佳世達,13,5,8,富邦-花蓮,2023-05-02,9621
2412,中華電,8,0,8,富邦-花蓮,2023-05-02,9621
2605,新興,8,0,8,富邦-花蓮,2023-05-02,9621
3363,上詮,37,29,8,富邦-花蓮,2023-05-02,9621
4119,旭富,8,0,8,富邦-花蓮,2023-05-02,9621
00773B,中信優先金融債,7,0,7,富邦-花蓮,2023-05-02,9621
2002,中鋼,7,0,7,富邦-花蓮,2023-05-02,9621
3056,富華新,7,0,7,富邦-花蓮,2023-05-02,9621
6111,大宇資,8,1,7,富邦-花蓮,2023-05-02,9621
6443,元晶,17,10,7,富邦-花蓮,2023-05-02,9621
6753,龍德造船,7,0,7,富邦-花蓮,2023-05-02,9621
00795B,中信美國公債20年,6,0,6,富邦-花蓮,2023-05-02,9621
1809,中釉,6,0,6,富邦-花蓮,2023-05-02,9621
2009,第一銅,6,0,6,富邦-花蓮,2023-05-02,9621
2402,毅嘉,8,2,6,富邦-花蓮,2023-05-02,9621
2425,承啟,6,0,6,富邦-花蓮,2023-05-02,9621
6116,彩晶,6,0,6,富邦-花蓮,2023-05-02,9621
6282,康舒,19,13,6,富邦-花蓮,2023-05-02,9621
00878,國泰永續高股息,139,10,129,富邦-花蓮,2023-05-03,9621
1104,環泥,105,3,102,富邦-花蓮,2023-05-03,9621
2208,台船,53,7,46,富邦-花蓮,2023-05-03,9621
00642U,期元大S＆P石油,42,0,42,富邦-花蓮,2023-05-03,9621
6443,元晶,37,0,37,富邦-花蓮,2023-05-03,9621
6535,順藥,38,2,36,富邦-花蓮,2023-05-03,9621
2413,環科,36,1,35,富邦-花蓮,2023-05-03,9621
00712,復華富時不動產,34,0,34,富邦-花蓮,2023-05-03,9621
00690,兆豐藍籌30,29,0,29,富邦-花蓮,2023-05-03,9621
1905,華紙,107,78,29,富邦-花蓮,2023-05-03,9621
1101,台泥,32,6,26,富邦-花蓮,2023-05-03,9621
1907,永豐餘,24,0,24,富邦-花蓮,2023-05-03,9621
2603,長榮,37,14,23,富邦-花蓮,2023-05-03,9621
2303,聯電,22,1,21,富邦-花蓮,2023-05-03,9621
2634,漢翔,486,465,21,富邦-花蓮,2023-05-03,9621
3006,晶豪科,21,1,20,富邦-花蓮,2023-05-03,9621
00664R,國泰臺灣加權反1,20,0,20,富邦-花蓮,2023-05-03,9621
1605,華新,20,0,20,富邦-花蓮,2023-05-03,9621
6016,康和證,20,0,20,富邦-花蓮,2023-05-03,9621
1514,亞力,18,0,18,富邦-花蓮,2023-05-03,9621
1519,華城,27,9,18,富邦-花蓮,2023-05-03,9621
3380,明泰,18,0,18,富邦-花蓮,2023-05-03,9621
4968,立積,44,27,17,富邦-花蓮,2023-05-03,9621
3481,群創,18,2,16,富邦-花蓮,2023-05-03,9621
00882,中信中國高股息,16,0,16,富邦-花蓮,2023-05-03,9621
3005,神基,17,1,16,富邦-花蓮,2023-05-03,9621
4114,健喬,20,5,15,富邦-花蓮,2023-05-03,9621
00751B,元大AAA至A公司債,14,0,14,富邦-花蓮,2023-05-03,9621
00713,元大台灣高息低波,11,0,11,富邦-花蓮,2023-05-03,9621
00923,群益台ESG低碳50,10,0,10,富邦-花蓮,2023-05-03,9621
00715L,期街口布蘭特正2,10,0,10,富邦-花蓮,2023-05-03,9621
1802,台玻,10,0,10,富邦-花蓮,2023-05-03,9621
2387,精元,10,0,10,富邦-花蓮,2023-05-03,9621
8093,保銳,10,0,10,富邦-花蓮,2023-05-03,9621
5351,鈺創,9,0,9,富邦-花蓮,2023-05-03,9621
2417,圓剛,13,5,8,富邦-花蓮,2023-05-03,9621
2834,臺企銀,25,17,8,富邦-花蓮,2023-05-03,9621
4533,協易機,8,0,8,富邦-花蓮,2023-05-03,9621
5222,全訊,33,25,8,富邦-花蓮,2023-05-03,9621
2344,華邦電,8,1,7,富邦-花蓮,2023-05-03,9621
2390,云辰,7,0,7,富邦-花蓮,2023-05-03,9621
00881,國泰台灣5G+,7,0,7,富邦-花蓮,2023-05-03,9621
1513,中興電,228,221,7,富邦-花蓮,2023-05-03,9621
3419,譁裕,11,4,7,富邦-花蓮,2023-05-03,9621
4111,濟生,7,0,7,富邦-花蓮,2023-05-03,9621
1609,大亞,11,5,6,富邦-花蓮,2023-05-03,9621
3231,緯創,8,2,6,富邦-花蓮,2023-05-03,9621
3715,定穎投控,7,1,6,富邦-花蓮,2023-05-03,9621
4979,華星光,12,6,6,富邦-花蓮,2023-05-03,9621
2892,第一金,6,0,6,富邦-花蓮,2023-05-03,9621
00712,復華富時不動產,58,0,58,富邦-花蓮,2023-05-04,9621
3372,典範,48,0,48,富邦-花蓮,2023-05-04,9621
00715L,期街口布蘭特正2,36,1,35,富邦-花蓮,2023-05-04,9621
2009,第一銅,25,1,24,富邦-花蓮,2023-05-04,9621
00885,富邦越南,22,0,22,富邦-花蓮,2023-05-04,9621
00679B,元大美債20年,21,1,20,富邦-花蓮,2023-05-04,9621
2605,新興,20,0,20,富邦-花蓮,2023-05-04,9621
4541,晟田,43,23,20,富邦-花蓮,2023-05-04,9621
3481,群創,21,2,19,富邦-花蓮,2023-05-04,9621
2317,鴻海,19,0,19,富邦-花蓮,2023-05-04,9621
00878,國泰永續高股息,17,0,17,富邦-花蓮,2023-05-04,9621
2609,陽明,18,1,17,富邦-花蓮,2023-05-04,9621
2206,三陽工業,88,73,15,富邦-花蓮,2023-05-04,9621
6167,久正,15,0,15,富邦-花蓮,2023-05-04,9621
2634,漢翔,330,317,13,富邦-花蓮,2023-05-04,9621
2409,友達,15,2,13,富邦-花蓮,2023-05-04,9621
1101,台泥,17,6,11,富邦-花蓮,2023-05-04,9621
00924,復華S＆P500成長,11,0,11,富邦-花蓮,2023-05-04,9621
3591,艾笛森,11,0,11,富邦-花蓮,2023-05-04,9621
00725B,國泰投資級公司債,10,0,10,富邦-花蓮,2023-05-04,9621
3205,佰研,10,0,10,富邦-花蓮,2023-05-04,9621
3624,光頡,10,0,10,富邦-花蓮,2023-05-04,9621
4433,興采,10,0,10,富邦-花蓮,2023-05-04,9621
6160,欣技,11,1,10,富邦-花蓮,2023-05-04,9621
8093,保銳,10,0,10,富邦-花蓮,2023-05-04,9621
3006,晶豪科,10,1,9,富邦-花蓮,2023-05-04,9621
4968,立積,20,11,9,富邦-花蓮,2023-05-04,9621
6116,彩晶,8,0,8,富邦-花蓮,2023-05-04,9621
2413,環科,10,2,8,富邦-花蓮,2023-05-04,9621
6806,森崴能源,10,2,8,富邦-花蓮,2023-05-04,9621
5351,鈺創,7,0,7,富邦-花蓮,2023-05-04,9621
6133,金橋,7,0,7,富邦-花蓮,2023-05-04,9621
00900,富邦特選高股息30,7,0,7,富邦-花蓮,2023-05-04,9621
00772B,中信高評級公司債,6,0,6,富邦-花蓮,2023-05-04,9621
1533,車王電,6,0,6,富邦-花蓮,2023-05-04,9621
2002,中鋼,6,0,6,富邦-花蓮,2023-05-04,9621
2457,飛宏,11,5,6,富邦-花蓮,2023-05-04,9621
3005,神基,13,8,5,富邦-花蓮,2023-05-04,9621
1513,中興電,31,26,5,富邦-花蓮,2023-05-04,9621
00642U,期元大S＆P石油,5,0,5,富邦-花蓮,2023-05-04,9621
1727,中華化,5,0,5,富邦-花蓮,2023-05-04,9621
2359,所羅門,5,0,5,富邦-花蓮,2023-05-04,9621
2617,台航,5,0,5,富邦-花蓮,2023-05-04,9621
3048,益登,5,0,5,富邦-花蓮,2023-05-04,9621
3058,立德,5,0,5,富邦-花蓮,2023-05-04,9621
4175,杏一,5,0,5,富邦-花蓮,2023-05-04,9621
4554,橙的,5,0,5,富邦-花蓮,2023-05-04,9621
4711,永純,9,4,5,富邦-花蓮,2023-05-04,9621
5425,台半,6,1,5,富邦-花蓮,2023-05-04,9621
6275,元山,5,0,5,富邦-花蓮,2023-05-04,9621
00878,國泰永續高股息,82,5,77,富邦-花蓮,2023-05-05,9621
4979,華星光,105,41,64,富邦-花蓮,2023-05-05,9621
00670L,富邦NASDAQ正2,55,0,55,富邦-花蓮,2023-05-05,9621
00642U,期元大S＆P石油,44,0,44,富邦-花蓮,2023-05-05,9621
1609,大亞,453,414,39,富邦-花蓮,2023-05-05,9621
00738U,期元大道瓊白銀,36,0,36,富邦-花蓮,2023-05-05,9621
4746,台耀,33,1,32,富邦-花蓮,2023-05-05,9621
3455,由田,30,0,30,富邦-花蓮,2023-05-05,9621
1809,中釉,29,0,29,富邦-花蓮,2023-05-05,9621
00715L,期街口布蘭特正2,29,2,27,富邦-花蓮,2023-05-05,9621
1101,台泥,29,2,27,富邦-花蓮,2023-05-05,9621
4903,聯光通,25,0,25,富邦-花蓮,2023-05-05,9621
1310,台苯,20,0,20,富邦-花蓮,2023-05-05,9621
4114,健喬,17,0,17,富邦-花蓮,2023-05-05,9621
00712,復華富時不動產,19,4,15,富邦-花蓮,2023-05-05,9621
1471,首利,14,0,14,富邦-花蓮,2023-05-05,9621
00772B,中信高評級公司債,13,0,13,富邦-花蓮,2023-05-05,9621
00679B,元大美債20年,12,0,12,富邦-花蓮,2023-05-05,9621
1904,正隆,12,0,12,富邦-花蓮,2023-05-05,9621
3372,典範,12,0,12,富邦-花蓮,2023-05-05,9621
6416,瑞祺電通,12,0,12,富邦-花蓮,2023-05-05,9621
8215,明基材,17,5,12,富邦-花蓮,2023-05-05,9621
2609,陽明,13,2,11,富邦-花蓮,2023-05-05,9621
6234,高僑,11,0,11,富邦-花蓮,2023-05-05,9621
1752,南光,12,1,11,富邦-花蓮,2023-05-05,9621
2328,廣宇,11,0,11,富邦-花蓮,2023-05-05,9621
2637,慧洋-KY,12,1,11,富邦-花蓮,2023-05-05,9621
4906,正文,11,0,11,富邦-花蓮,2023-05-05,9621
00902,中信電池及儲能,10,0,10,富邦-花蓮,2023-05-05,9621
00725B,國泰投資級公司債,10,0,10,富邦-花蓮,2023-05-05,9621
00720B,元大投資級公司債,10,0,10,富邦-花蓮,2023-05-05,9621
1789,神隆,10,0,10,富邦-花蓮,2023-05-05,9621
4111,濟生,12,2,10,富邦-花蓮,2023-05-05,9621
6244,茂迪,40,30,10,富邦-花蓮,2023-05-05,9621
6288,聯嘉,10,0,10,富邦-花蓮,2023-05-05,9621
8121,越峰,11,1,10,富邦-花蓮,2023-05-05,9621
2208,台船,9,0,9,富邦-花蓮,2023-05-05,9621
3006,晶豪科,9,0,9,富邦-花蓮,2023-05-05,9621
6612,奈米醫材,11,2,9,富邦-花蓮,2023-05-05,9621
2303,聯電,10,2,8,富邦-花蓮,2023-05-05,9621
2312,金寶,8,0,8,富邦-花蓮,2023-05-05,9621
2630,亞航,13,5,8,富邦-花蓮,2023-05-05,9621
2929,淘帝-KY,8,0,8,富邦-花蓮,2023-05-05,9621
8222,寶一,11,3,8,富邦-花蓮,2023-05-05,9621
3046,建��,6,0,6,富邦-花蓮,2023-05-05,9621
1504,東元,11,5,6,富邦-花蓮,2023-05-05,9621
2603,長榮,6,0,6,富邦-花蓮,2023-05-05,9621
6741,91APP*-KY,18,12,6,富邦-花蓮,2023-05-05,9621
1907,永豐餘,5,0,5,富邦-花蓮,2023-05-05,9621
2615,萬海,6,1,5,富邦-花蓮,2023-05-05,9621
1605,華新,76,20,56,富邦-花蓮,2023-05-08,9621
4121,優盛,35,4,31,富邦-花蓮,2023-05-08,9621
3455,由田,30,0,30,富邦-花蓮,2023-05-08,9621
2883,凱基金,36,9,27,富邦-花蓮,2023-05-08,9621
00772B,中信高評級公司債,27,0,27,富邦-花蓮,2023-05-08,9621
00751B,元大AAA至A公司債,26,0,26,富邦-花蓮,2023-05-08,9621
9933,中鼎,23,0,23,富邦-花蓮,2023-05-08,9621
1218,泰山,30,8,22,富邦-花蓮,2023-05-08,9621
3017,奇鋐,71,50,21,富邦-花蓮,2023-05-08,9621
2457,飛宏,47,28,19,富邦-花蓮,2023-05-08,9621
3481,群創,18,0,18,富邦-花蓮,2023-05-08,9621
2409,友達,21,3,18,富邦-花蓮,2023-05-08,9621
2002,中鋼,20,3,17,富邦-花蓮,2023-05-08,9621
1319,東陽,19,2,17,富邦-花蓮,2023-05-08,9621
3264,欣銓,15,0,15,富邦-花蓮,2023-05-08,9621
6443,元晶,14,0,14,富邦-花蓮,2023-05-08,9621
4541,晟田,469,455,14,富邦-花蓮,2023-05-08,9621
3437,榮創,12,0,12,富邦-花蓮,2023-05-08,9621
6116,彩晶,12,0,12,富邦-花蓮,2023-05-08,9621
1314,中石化,11,0,11,富邦-花蓮,2023-05-08,9621
2471,資通,25,14,11,富邦-花蓮,2023-05-08,9621
8930,青鋼,11,0,11,富邦-花蓮,2023-05-08,9621
00650L,復華香港正2,10,0,10,富邦-花蓮,2023-05-08,9621
00665L,富邦�琤肭磪囓�2,10,0,10,富邦-花蓮,2023-05-08,9621
1340,勝悅-KY,10,0,10,富邦-花蓮,2023-05-08,9621
2413,環科,10,0,10,富邦-花蓮,2023-05-08,9621
2449,京元電子,10,0,10,富邦-花蓮,2023-05-08,9621
4114,健喬,11,2,9,富邦-花蓮,2023-05-08,9621
4533,協易機,9,0,9,富邦-花蓮,2023-05-08,9621
4744,皇將,10,1,9,富邦-花蓮,2023-05-08,9621
6194,育富,9,0,9,富邦-花蓮,2023-05-08,9621
6243,迅杰,10,1,9,富邦-花蓮,2023-05-08,9621
00669R,國泰美國道瓊反1,8,0,8,富邦-花蓮,2023-05-08,9621
2332,友訊,10,2,8,富邦-花蓮,2023-05-08,9621
2630,亞航,8,0,8,富邦-花蓮,2023-05-08,9621
2338,光罩,7,0,7,富邦-花蓮,2023-05-08,9621
3703,欣陸,7,0,7,富邦-花蓮,2023-05-08,9621
6123,上奇,7,0,7,富邦-花蓮,2023-05-08,9621
3231,緯創,30,23,7,富邦-花蓮,2023-05-08,9621
5608,四維航,10,3,7,富邦-花蓮,2023-05-08,9621
00690,兆豐藍籌30,6,0,6,富邦-花蓮,2023-05-08,9621
00720B,元大投資級公司債,6,0,6,富邦-花蓮,2023-05-08,9621
4746,台耀,6,0,6,富邦-花蓮,2023-05-08,9621
8215,明基材,6,0,6,富邦-花蓮,2023-05-08,9621
9955,佳龍,9,3,6,富邦-花蓮,2023-05-08,9621
8033,雷虎,37,31,6,富邦-花蓮,2023-05-08,9621
3029,零壹,260,254,6,富邦-花蓮,2023-05-08,9621
2402,毅嘉,13,8,5,富邦-花蓮,2023-05-08,9621
4147,中裕,5,0,5,富邦-花蓮,2023-05-08,9621
00632R,元大台灣50反1,10,5,5,富邦-花蓮,2023-05-08,9621
9933,中鼎,74,0,74,富邦-花蓮,2023-05-09,9621
00885,富邦越南,40,0,40,富邦-花蓮,2023-05-09,9621
4114,健喬,30,0,30,富邦-花蓮,2023-05-09,9621
3264,欣銓,28,0,28,富邦-花蓮,2023-05-09,9621
1907,永豐餘,32,9,23,富邦-花蓮,2023-05-09,9621
2637,慧洋-KY,24,1,23,富邦-花蓮,2023-05-09,9621
2603,長榮,21,0,21,富邦-花蓮,2023-05-09,9621
00632R,元大台灣50反1,20,0,20,富邦-花蓮,2023-05-09,9621
1760,寶齡富錦,20,0,20,富邦-花蓮,2023-05-09,9621
3162,精確,20,0,20,富邦-花蓮,2023-05-09,9621
00892,富邦台灣半導體,18,0,18,富邦-花蓮,2023-05-09,9621
1101,台泥,31,14,17,富邦-花蓮,2023-05-09,9621
1229,聯華,16,0,16,富邦-花蓮,2023-05-09,9621
3372,典範,15,0,15,富邦-花蓮,2023-05-09,9621
3535,晶彩科,15,0,15,富邦-花蓮,2023-05-09,9621
4746,台耀,17,2,15,富邦-花蓮,2023-05-09,9621
00751B,元大AAA至A公司債,14,0,14,富邦-花蓮,2023-05-09,9621
6789,采鈺,14,0,14,富邦-花蓮,2023-05-09,9621
00738U,期元大道瓊白銀,14,0,14,富邦-花蓮,2023-05-09,9621
3202,樺晟,27,14,13,富邦-花蓮,2023-05-09,9621
6173,信昌電,13,0,13,富邦-花蓮,2023-05-09,9621
00679B,元大美債20年,13,0,13,富邦-花蓮,2023-05-09,9621
00680L,元大美債20正2,12,0,12,富邦-花蓮,2023-05-09,9621
3338,泰碩,12,0,12,富邦-花蓮,2023-05-09,9621
4128,中天,13,1,12,富邦-花蓮,2023-05-09,9621
6535,順藥,12,0,12,富邦-花蓮,2023-05-09,9621
2352,佳世達,15,3,12,富邦-花蓮,2023-05-09,9621
8049,晶采,11,0,11,富邦-花蓮,2023-05-09,9621
1513,中興電,13,3,10,富邦-花蓮,2023-05-09,9621
3030,德律,10,0,10,富邦-花蓮,2023-05-09,9621
4173,久裕,10,0,10,富邦-花蓮,2023-05-09,9621
1218,泰山,14,5,9,富邦-花蓮,2023-05-09,9621
1611,中電,10,1,9,富邦-花蓮,2023-05-09,9621
00772B,中信高評級公司債,9,0,9,富邦-花蓮,2023-05-09,9621
00725B,國泰投資級公司債,8,0,8,富邦-花蓮,2023-05-09,9621
00720B,元大投資級公司債,8,0,8,富邦-花蓮,2023-05-09,9621
3628,盈正,8,0,8,富邦-花蓮,2023-05-09,9621
6112,邁達特,421,413,8,富邦-花蓮,2023-05-09,9621
3029,零壹,17,10,7,富邦-花蓮,2023-05-09,9621
5483,中美晶,7,0,7,富邦-花蓮,2023-05-09,9621
5516,雙喜,7,0,7,富邦-花蓮,2023-05-09,9621
2913,農林,11,5,6,富邦-花蓮,2023-05-09,9621
00690,兆豐藍籌30,6,0,6,富邦-花蓮,2023-05-09,9621
2402,毅嘉,13,7,6,富邦-花蓮,2023-05-09,9621
3481,群創,12,6,6,富邦-花蓮,2023-05-09,9621
6741,91APP*-KY,58,52,6,富邦-花蓮,2023-05-09,9621
00773B,中信優先金融債,5,0,5,富邦-花蓮,2023-05-09,9621
00715L,期街口布蘭特正2,16,11,5,富邦-花蓮,2023-05-09,9621
00902,中信電池及儲能,5,0,5,富邦-花蓮,2023-05-09,9621
2105,正新,5,0,5,富邦-花蓮,2023-05-09,9621
1503,士電,311,220,91,富邦-花蓮,2023-05-10,9621
00753L,中信中國50正2,61,0,61,富邦-花蓮,2023-05-10,9621
2387,精元,43,0,43,富邦-花蓮,2023-05-10,9621
00670L,富邦NASDAQ正2,36,0,36,富邦-花蓮,2023-05-10,9621
1609,大亞,1197,1172,25,富邦-花蓮,2023-05-10,9621
2534,宏盛,20,0,20,富邦-花蓮,2023-05-10,9621
00882,中信中國高股息,16,0,16,富邦-花蓮,2023-05-10,9621
8068,全達,15,0,15,富邦-花蓮,2023-05-10,9621
00751B,元大AAA至A公司債,13,0,13,富邦-花蓮,2023-05-10,9621
3372,典範,13,0,13,富邦-花蓮,2023-05-10,9621
6443,元晶,15,2,13,富邦-花蓮,2023-05-10,9621
00878,國泰永續高股息,19,7,12,富邦-花蓮,2023-05-10,9621
00712,復華富時不動產,11,0,11,富邦-花蓮,2023-05-10,9621
00885,富邦越南,10,0,10,富邦-花蓮,2023-05-10,9621
00690,兆豐藍籌30,10,0,10,富邦-花蓮,2023-05-10,9621
00655L,國泰中國A50正2,10,0,10,富邦-花蓮,2023-05-10,9621
1409,新纖,10,0,10,富邦-花蓮,2023-05-10,9621
3592,瑞鼎,10,0,10,富邦-花蓮,2023-05-10,9621
3624,光頡,11,1,10,富邦-花蓮,2023-05-10,9621
4906,正文,10,0,10,富邦-花蓮,2023-05-10,9621
6185,幃翔,10,0,10,富邦-花蓮,2023-05-10,9621
6243,迅杰,10,0,10,富邦-花蓮,2023-05-10,9621
2388,威盛,10,0,10,富邦-花蓮,2023-05-10,9621
1519,華城,12,3,9,富邦-花蓮,2023-05-10,9621
00637L,元大滬深300正2,16,7,9,富邦-花蓮,2023-05-10,9621
1784,訊聯,12,3,9,富邦-花蓮,2023-05-10,9621
6244,茂迪,10,1,9,富邦-花蓮,2023-05-10,9621
4744,皇將,62,54,8,富邦-花蓮,2023-05-10,9621
2303,聯電,8,0,8,富邦-花蓮,2023-05-10,9621
00772B,中信高評級公司債,7,0,7,富邦-花蓮,2023-05-10,9621
00922,國泰台灣領袖50,7,0,7,富邦-花蓮,2023-05-10,9621
6615,慧智,7,0,7,富邦-花蓮,2023-05-10,9621
2610,華航,26,19,7,富邦-花蓮,2023-05-10,9621
4915,致伸,6,0,6,富邦-花蓮,2023-05-10,9621
2881,富邦金,6,0,6,富邦-花蓮,2023-05-10,9621
6116,彩晶,6,0,6,富邦-花蓮,2023-05-10,9621
2484,希華,6,0,6,富邦-花蓮,2023-05-10,9621
3202,樺晟,6,0,6,富邦-花蓮,2023-05-10,9621
3447,展達,6,0,6,富邦-花蓮,2023-05-10,9621
2002,中鋼,10,5,5,富邦-花蓮,2023-05-10,9621
3005,神基,5,0,5,富邦-花蓮,2023-05-10,9621
2027,大成鋼,5,0,5,富邦-花蓮,2023-05-10,9621
2105,正新,5,0,5,富邦-花蓮,2023-05-10,9621
2413,環科,5,0,5,富邦-花蓮,2023-05-10,9621
2483,百容,5,0,5,富邦-花蓮,2023-05-10,9621
2743,山富,5,0,5,富邦-花蓮,2023-05-10,9621
2890,永豐金,5,0,5,富邦-花蓮,2023-05-10,9621
3017,奇鋐,7,2,5,富邦-花蓮,2023-05-10,9621
3712,永崴投控,6,1,5,富邦-花蓮,2023-05-10,9621
5607,遠雄港,5,0,5,富邦-花蓮,2023-05-10,9621
00665L,富邦�琤肭磪囓�2,100,0,100,富邦-花蓮,2023-05-11,9621
00720B,元大投資級公司債,86,0,86,富邦-花蓮,2023-05-11,9621
2618,長榮航,81,19,62,富邦-花蓮,2023-05-11,9621
2534,宏盛,30,0,30,富邦-花蓮,2023-05-11,9621
3013,晟銘電,25,0,25,富邦-花蓮,2023-05-11,9621
2890,永豐金,24,1,23,富邦-花蓮,2023-05-11,9621
00738U,期元大道瓊白銀,20,0,20,富邦-花蓮,2023-05-11,9621
1409,新纖,20,0,20,富邦-花蓮,2023-05-11,9621
2427,三商電,20,0,20,富邦-花蓮,2023-05-11,9621
4114,健喬,20,1,19,富邦-花蓮,2023-05-11,9621
3037,欣興,24,7,17,富邦-花蓮,2023-05-11,9621
6535,順藥,15,0,15,富邦-花蓮,2023-05-11,9621
8038,長園科,15,0,15,富邦-花蓮,2023-05-11,9621
6116,彩晶,14,0,14,富邦-花蓮,2023-05-11,9621
2609,陽明,14,0,14,富邦-花蓮,2023-05-11,9621
3346,麗清,14,0,14,富邦-花蓮,2023-05-11,9621
3481,群創,14,1,13,富邦-花蓮,2023-05-11,9621
1701,中化,11,0,11,富邦-花蓮,2023-05-11,9621
2344,華邦電,11,0,11,富邦-花蓮,2023-05-11,9621
3030,德律,11,0,11,富邦-花蓮,2023-05-11,9621
1504,東元,17,7,10,富邦-花蓮,2023-05-11,9621
6122,擎邦,1121,1111,10,富邦-花蓮,2023-05-11,9621
00882,中信中國高股息,9,0,9,富邦-花蓮,2023-05-11,9621
2542,興富發,15,6,9,富邦-花蓮,2023-05-11,9621
2883,凱基金,9,0,9,富邦-花蓮,2023-05-11,9621
3372,典範,9,0,9,富邦-花蓮,2023-05-11,9621
6234,高僑,9,0,9,富邦-花蓮,2023-05-11,9621
3576,聯合再生,9,1,8,富邦-花蓮,2023-05-11,9621
1513,中興電,11,3,8,富邦-花蓮,2023-05-11,9621
00885,富邦越南,8,0,8,富邦-花蓮,2023-05-11,9621
5258,虹堡,7,0,7,富邦-花蓮,2023-05-11,9621
2419,仲琦,7,0,7,富邦-花蓮,2023-05-11,9621
3338,泰碩,7,0,7,富邦-花蓮,2023-05-11,9621
4119,旭富,7,0,7,富邦-花蓮,2023-05-11,9621
9927,泰銘,7,0,7,富邦-花蓮,2023-05-11,9621
2610,華航,11,5,6,富邦-花蓮,2023-05-11,9621
4536,拓凱,6,0,6,富邦-花蓮,2023-05-11,9621
00690,兆豐藍籌30,6,0,6,富邦-花蓮,2023-05-11,9621
2313,華通,7,1,6,富邦-花蓮,2023-05-11,9621
2412,中華電,7,1,6,富邦-花蓮,2023-05-11,9621
3564,其陽,6,0,6,富邦-花蓮,2023-05-11,9621
6417,韋僑,6,0,6,富邦-花蓮,2023-05-11,9621
6285,啟��,6,0,6,富邦-花蓮,2023-05-11,9621
2312,金寶,5,0,5,富邦-花蓮,2023-05-11,9621
1514,亞力,6,1,5,富邦-花蓮,2023-05-11,9621
2603,長榮,5,0,5,富邦-花蓮,2023-05-11,9621
1108,幸福,5,0,5,富邦-花蓮,2023-05-11,9621
1712,興農,5,0,5,富邦-花蓮,2023-05-11,9621
1809,中釉,5,0,5,富邦-花蓮,2023-05-11,9621
3128,昇銳,5,0,5,富邦-花蓮,2023-05-11,9621
00878,國泰永續高股息,209,3,206,富邦-花蓮,2023-05-12,9621
2352,佳世達,131,1,130,富邦-花蓮,2023-05-12,9621
2834,臺企銀,68,0,68,富邦-花蓮,2023-05-12,9621
00877,復華中國5G,30,0,30,富邦-花蓮,2023-05-12,9621
1608,華榮,26,0,26,富邦-花蓮,2023-05-12,9621
6161,捷波,25,0,25,富邦-花蓮,2023-05-12,9621
2890,永豐金,21,0,21,富邦-花蓮,2023-05-12,9621
6015,宏遠證,20,0,20,富邦-花蓮,2023-05-12,9621
2888,新光金,30,12,18,富邦-花蓮,2023-05-12,9621
2630,亞航,17,0,17,富邦-花蓮,2023-05-12,9621
2317,鴻海,22,5,17,富邦-花蓮,2023-05-12,9621
00882,中信中國高股息,16,0,16,富邦-花蓮,2023-05-12,9621
2409,友達,15,0,15,富邦-花蓮,2023-05-12,9621
00715L,期街口布蘭特正2,15,0,15,富邦-花蓮,2023-05-12,9621
4533,協易機,15,0,15,富邦-花蓮,2023-05-12,9621
00751B,元大AAA至A公司債,11,0,11,富邦-花蓮,2023-05-12,9621
6139,亞翔,22,11,11,富邦-花蓮,2023-05-12,9621
3481,群創,10,0,10,富邦-花蓮,2023-05-12,9621
1409,新纖,10,0,10,富邦-花蓮,2023-05-12,9621
1605,華新,12,2,10,富邦-花蓮,2023-05-12,9621
4161,聿新科,10,0,10,富邦-花蓮,2023-05-12,9621
6285,啟��,12,2,10,富邦-花蓮,2023-05-12,9621
8940,新天地,10,0,10,富邦-花蓮,2023-05-12,9621
00673R,期元大S＆P原油反1,10,2,8,富邦-花蓮,2023-05-12,9621
2609,陽明,12,4,8,富邦-花蓮,2023-05-12,9621
1101,台泥,7,0,7,富邦-花蓮,2023-05-12,9621
3338,泰碩,7,0,7,富邦-花蓮,2023-05-12,9621
00919,群益台灣精選高息,6,0,6,富邦-花蓮,2023-05-12,9621
6005,群益證,6,0,6,富邦-花蓮,2023-05-12,9621
2412,中華電,5,0,5,富邦-花蓮,2023-05-12,9621
1522,堤維西,5,0,5,富邦-花蓮,2023-05-12,9621
1795,美時,11,6,5,富邦-花蓮,2023-05-12,9621
2313,華通,6,1,5,富邦-花蓮,2023-05-12,9621
2444,兆勁,5,0,5,富邦-花蓮,2023-05-12,9621
2887,台新金,5,0,5,富邦-花蓮,2023-05-12,9621
3712,永崴投控,5,0,5,富邦-花蓮,2023-05-12,9621
4541,晟田,5,0,5,富邦-花蓮,2023-05-12,9621
5607,遠雄港,5,0,5,富邦-花蓮,2023-05-12,9621
2027,大成鋼,4,0,4,富邦-花蓮,2023-05-12,9621
2208,台船,5,1,4,富邦-花蓮,2023-05-12,9621
2606,裕民,4,0,4,富邦-花蓮,2023-05-12,9621
2880,華南金,4,0,4,富邦-花蓮,2023-05-12,9621
2885,元大金,4,0,4,富邦-花蓮,2023-05-12,9621
3576,聯合再生,4,0,4,富邦-花蓮,2023-05-12,9621
5425,台半,5,1,4,富邦-花蓮,2023-05-12,9621
5608,四維航,4,0,4,富邦-花蓮,2023-05-12,9621
6223,旺矽,4,0,4,富邦-花蓮,2023-05-12,9621
8222,寶一,4,0,4,富邦-花蓮,2023-05-12,9621
6282,康舒,5,1,4,富邦-花蓮,2023-05-12,9621
2615,萬海,4,0,4,富邦-花蓮,2023-05-12,9621
8420,明揚,62,0,62,富邦-花蓮,2023-05-15,9621
00877,復華中國5G,50,0,50,富邦-花蓮,2023-05-15,9621
4161,聿新科,40,0,40,富邦-花蓮,2023-05-15,9621
3047,訊舟,20,0,20,富邦-花蓮,2023-05-15,9621
6122,擎邦,278,263,15,富邦-花蓮,2023-05-15,9621
9933,中鼎,15,0,15,富邦-花蓮,2023-05-15,9621
1101,台泥,15,0,15,富邦-花蓮,2023-05-15,9621
1905,華紙,15,1,14,富邦-花蓮,2023-05-15,9621
6535,順藥,14,0,14,富邦-花蓮,2023-05-15,9621
1525,江申,12,0,12,富邦-花蓮,2023-05-15,9621
4533,協易機,31,19,12,富邦-花蓮,2023-05-15,9621
2317,鴻海,11,0,11,富邦-花蓮,2023-05-15,9621
00751B,元大AAA至A公司債,11,0,11,富邦-花蓮,2023-05-15,9621
3715,定穎投控,11,0,11,富邦-花蓮,2023-05-15,9621
3006,晶豪科,10,0,10,富邦-花蓮,2023-05-15,9621
00632R,元大台灣50反1,10,0,10,富邦-花蓮,2023-05-15,9621
00891,中信關鍵半導體,10,0,10,富邦-花蓮,2023-05-15,9621
4190,佐登-KY,10,0,10,富邦-花蓮,2023-05-15,9621
5488,松普,10,0,10,富邦-花蓮,2023-05-15,9621
6213,聯茂,10,0,10,富邦-花蓮,2023-05-15,9621
1795,美時,10,0,10,富邦-花蓮,2023-05-15,9621
2356,英業達,10,1,9,富邦-花蓮,2023-05-15,9621
00878,國泰永續高股息,18,10,8,富邦-花蓮,2023-05-15,9621
3231,緯創,17,9,8,富邦-花蓮,2023-05-15,9621
5706,鳳凰,58,50,8,富邦-花蓮,2023-05-15,9621
1609,大亞,17,9,8,富邦-花蓮,2023-05-15,9621
4174,浩鼎,7,0,7,富邦-花蓮,2023-05-15,9621
6113,亞矽,7,0,7,富邦-花蓮,2023-05-15,9621
6443,元晶,10,3,7,富邦-花蓮,2023-05-15,9621
00687B,國泰20年美債,6,0,6,富邦-花蓮,2023-05-15,9621
1784,訊聯,6,0,6,富邦-花蓮,2023-05-15,9621
2208,台船,12,6,6,富邦-花蓮,2023-05-15,9621
2344,華邦電,6,0,6,富邦-花蓮,2023-05-15,9621
4564,元翎,6,0,6,富邦-花蓮,2023-05-15,9621
6234,高僑,8,3,5,富邦-花蓮,2023-05-15,9621
00715L,期街口布蘭特正2,5,0,5,富邦-花蓮,2023-05-15,9621
1727,中華化,5,0,5,富邦-花蓮,2023-05-15,9621
2303,聯電,18,13,5,富邦-花蓮,2023-05-15,9621
2471,資通,7,2,5,富邦-花蓮,2023-05-15,9621
3014,聯陽,5,0,5,富邦-花蓮,2023-05-15,9621
3027,盛達,5,0,5,富邦-花蓮,2023-05-15,9621
3376,新日興,6,1,5,富邦-花蓮,2023-05-15,9621
3483,力致,15,10,5,富邦-花蓮,2023-05-15,9621
5516,雙喜,5,0,5,富邦-花蓮,2023-05-15,9621
6235,華孚,460,455,5,富邦-花蓮,2023-05-15,9621
6278,台表科,5,0,5,富邦-花蓮,2023-05-15,9621
8038,長園科,5,0,5,富邦-花蓮,2023-05-15,9621
2890,永豐金,5,0,5,富邦-花蓮,2023-05-15,9621
2887,台新金,5,1,4,富邦-花蓮,2023-05-15,9621
0056,元大高股息,4,0,4,富邦-花蓮,2023-05-15,9621
5609,中菲行,47,0,47,富邦-花蓮,2023-05-16,9621
00632R,元大台灣50反1,50,25,25,富邦-花蓮,2023-05-16,9621
3558,神準,25,0,25,富邦-花蓮,2023-05-16,9621
2413,環科,20,0,20,富邦-花蓮,2023-05-16,9621
4744,皇將,32,12,20,富邦-花蓮,2023-05-16,9621
9105,泰金寶-DR,20,0,20,富邦-花蓮,2023-05-16,9621
00751B,元大AAA至A公司債,19,0,19,富邦-花蓮,2023-05-16,9621
2317,鴻海,18,0,18,富邦-花蓮,2023-05-16,9621
00772B,中信高評級公司債,15,0,15,富邦-花蓮,2023-05-16,9621
3046,建��,17,2,15,富邦-花蓮,2023-05-16,9621
3580,友威科,15,0,15,富邦-花蓮,2023-05-16,9621
3030,德律,14,0,14,富邦-花蓮,2023-05-16,9621
8011,台通,15,1,14,富邦-花蓮,2023-05-16,9621
00670L,富邦NASDAQ正2,30,18,12,富邦-花蓮,2023-05-16,9621
00795B,中信美國公債20年,11,0,11,富邦-花蓮,2023-05-16,9621
1504,東元,14,3,11,富邦-花蓮,2023-05-16,9621
2352,佳世達,11,0,11,富邦-花蓮,2023-05-16,9621
3202,樺晟,12,1,11,富邦-花蓮,2023-05-16,9621
1104,環泥,10,0,10,富邦-花蓮,2023-05-16,9621
1409,新纖,10,0,10,富邦-花蓮,2023-05-16,9621
2617,台航,10,0,10,富邦-花蓮,2023-05-16,9621
6741,91APP*-KY,10,0,10,富邦-花蓮,2023-05-16,9621
9136,巨騰-DR,10,0,10,富邦-花蓮,2023-05-16,9621
2204,中華,10,1,9,富邦-花蓮,2023-05-16,9621
4919,新唐,9,0,9,富邦-花蓮,2023-05-16,9621
6198,瑞築,9,0,9,富邦-花蓮,2023-05-16,9621
2603,長榮,9,1,8,富邦-花蓮,2023-05-16,9621
2637,慧洋-KY,10,2,8,富邦-花蓮,2023-05-16,9621
3576,聯合再生,10,2,8,富邦-花蓮,2023-05-16,9621
00687B,國泰20年美債,7,0,7,富邦-花蓮,2023-05-16,9621
00679B,元大美債20年,7,0,7,富邦-花蓮,2023-05-16,9621
2313,華通,7,0,7,富邦-花蓮,2023-05-16,9621
2371,大同,23,16,7,富邦-花蓮,2023-05-16,9621
1709,和益,7,1,6,富邦-花蓮,2023-05-16,9621
3006,晶豪科,13,7,6,富邦-花蓮,2023-05-16,9621
5243,乙盛-KY,6,0,6,富邦-花蓮,2023-05-16,9621
8358,金居,6,0,6,富邦-花蓮,2023-05-16,9621
911868,同方友友-DR,6,0,6,富邦-花蓮,2023-05-16,9621
1218,泰山,5,0,5,富邦-花蓮,2023-05-16,9621
1340,勝悅-KY,5,0,5,富邦-花蓮,2023-05-16,9621
00715L,期街口布蘭特正2,6,1,5,富邦-花蓮,2023-05-16,9621
00680L,元大美債20正2,8,3,5,富邦-花蓮,2023-05-16,9621
1710,東聯,5,0,5,富邦-花蓮,2023-05-16,9621
1802,台玻,5,0,5,富邦-花蓮,2023-05-16,9621
2337,旺宏,5,0,5,富邦-花蓮,2023-05-16,9621
2399,映泰,5,0,5,富邦-花蓮,2023-05-16,9621
3162,精確,5,0,5,富邦-花蓮,2023-05-16,9621
3287,廣寰科,5,0,5,富邦-花蓮,2023-05-16,9621
3715,定穎投控,607,602,5,富邦-花蓮,2023-05-16,9621
4746,台耀,5,0,5,富邦-花蓮,2023-05-16,9621
00632R,元大台灣50反1,99,10,89,富邦-花蓮,2023-05-17,9621
6005,群益證,49,0,49,富邦-花蓮,2023-05-17,9621
8011,台通,30,0,30,富邦-花蓮,2023-05-17,9621
6689,伊雲谷,22,0,22,富邦-花蓮,2023-05-17,9621
3207,耀勝,23,2,21,富邦-花蓮,2023-05-17,9621
00751B,元大AAA至A公司債,20,0,20,富邦-花蓮,2023-05-17,9621
2208,台船,21,3,18,富邦-花蓮,2023-05-17,9621
00692,富邦公司治理,20,4,16,富邦-花蓮,2023-05-17,9621
4541,晟田,21,5,16,富邦-花蓮,2023-05-17,9621
2337,旺宏,15,0,15,富邦-花蓮,2023-05-17,9621
1727,中華化,14,1,13,富邦-花蓮,2023-05-17,9621
2317,鴻海,13,0,13,富邦-花蓮,2023-05-17,9621
00679B,元大美債20年,12,0,12,富邦-花蓮,2023-05-17,9621
00712,復華富時不動產,12,0,12,富邦-花蓮,2023-05-17,9621
8176,智捷,12,0,12,富邦-花蓮,2023-05-17,9621
00882,中信中國高股息,11,0,11,富邦-花蓮,2023-05-17,9621
5351,鈺創,11,0,11,富邦-花蓮,2023-05-17,9621
2201,裕隆,14,4,10,富邦-花蓮,2023-05-17,9621
1402,遠東新,10,0,10,富邦-花蓮,2023-05-17,9621
2413,環科,10,0,10,富邦-花蓮,2023-05-17,9621
2515,中工,10,0,10,富邦-花蓮,2023-05-17,9621
3704,合勤控,11,1,10,富邦-花蓮,2023-05-17,9621
4128,中天,10,0,10,富邦-花蓮,2023-05-17,9621
5452,佶優,10,0,10,富邦-花蓮,2023-05-17,9621
6285,啟��,14,4,10,富邦-花蓮,2023-05-17,9621
00772B,中信高評級公司債,9,0,9,富邦-花蓮,2023-05-17,9621
00725B,國泰投資級公司債,9,0,9,富邦-花蓮,2023-05-17,9621
8076,伍豐,15,6,9,富邦-花蓮,2023-05-17,9621
1605,華新,9,1,8,富邦-花蓮,2023-05-17,9621
6282,康舒,8,0,8,富邦-花蓮,2023-05-17,9621
00713,元大台灣高息低波,8,1,7,富邦-花蓮,2023-05-17,9621
4510,高鋒,7,0,7,富邦-花蓮,2023-05-17,9621
2615,萬海,6,0,6,富邦-花蓮,2023-05-17,9621
3189,景碩,6,0,6,富邦-花蓮,2023-05-17,9621
6116,彩晶,6,0,6,富邦-花蓮,2023-05-17,9621
6243,迅杰,10,4,6,富邦-花蓮,2023-05-17,9621
2352,佳世達,6,0,6,富邦-花蓮,2023-05-17,9621
2603,長榮,6,1,5,富邦-花蓮,2023-05-17,9621
2491,吉祥全,8,3,5,富邦-花蓮,2023-05-17,9621
00902,中信電池及儲能,5,0,5,富邦-花蓮,2023-05-17,9621
00687B,國泰20年美債,5,0,5,富邦-花蓮,2023-05-17,9621
00664R,國泰臺灣加權反1,5,0,5,富邦-花蓮,2023-05-17,9621
00722B,群益投資級電信債,5,0,5,富邦-花蓮,2023-05-17,9621
3059,華晶科,6,1,5,富邦-花蓮,2023-05-17,9621
4161,聿新科,5,0,5,富邦-花蓮,2023-05-17,9621
00720B,元大投資級公司債,4,0,4,富邦-花蓮,2023-05-17,9621
1802,台玻,6,2,4,富邦-花蓮,2023-05-17,9621
3260,威剛,4,0,4,富邦-花蓮,2023-05-17,9621
4123,晟德,6,2,4,富邦-花蓮,2023-05-17,9621
4130,健亞,4,0,4,富邦-花蓮,2023-05-17,9621
00665L,富邦�琤肭磪囓�2,100,0,100,富邦-花蓮,2023-05-18,9621
00753L,中信中國50正2,53,2,51,富邦-花蓮,2023-05-18,9621
3346,麗清,35,0,35,富邦-花蓮,2023-05-18,9621
3231,緯創,54,19,35,富邦-花蓮,2023-05-18,9621
6146,耕興,30,0,30,富邦-花蓮,2023-05-18,9621
6101,寬魚國際,26,0,26,富邦-花蓮,2023-05-18,9621
00751B,元大AAA至A公司債,24,0,24,富邦-花蓮,2023-05-18,9621
00632R,元大台灣50反1,51,28,23,富邦-花蓮,2023-05-18,9621
2332,友訊,22,0,22,富邦-花蓮,2023-05-18,9621
6288,聯嘉,18,0,18,富邦-花蓮,2023-05-18,9621
3030,德律,15,0,15,富邦-花蓮,2023-05-18,9621
6116,彩晶,12,0,12,富邦-花蓮,2023-05-18,9621
00687B,國泰20年美債,11,0,11,富邦-花蓮,2023-05-18,9621
00725B,國泰投資級公司債,11,0,11,富邦-花蓮,2023-05-18,9621
1904,正隆,11,0,11,富邦-花蓮,2023-05-18,9621
3362,先進光,11,1,10,富邦-花蓮,2023-05-18,9621
00679B,元大美債20年,10,0,10,富邦-花蓮,2023-05-18,9621
2421,建準,15,5,10,富邦-花蓮,2023-05-18,9621
2444,兆勁,10,0,10,富邦-花蓮,2023-05-18,9621
2890,永豐金,10,0,10,富邦-花蓮,2023-05-18,9621
6016,康和證,10,0,10,富邦-花蓮,2023-05-18,9621
8046,南電,10,1,9,富邦-花蓮,2023-05-18,9621
3628,盈正,16,7,9,富邦-花蓮,2023-05-18,9621
8076,伍豐,21,12,9,富邦-花蓮,2023-05-18,9621
5608,四維航,8,0,8,富邦-花蓮,2023-05-18,9621
2409,友達,8,1,7,富邦-花蓮,2023-05-18,9621
1529,樂事綠能,8,1,7,富邦-花蓮,2023-05-18,9621
2511,太子,7,0,7,富邦-花蓮,2023-05-18,9621
2734,易飛網,8,1,7,富邦-花蓮,2023-05-18,9621
8222,寶一,217,210,7,富邦-花蓮,2023-05-18,9621
2885,元大金,6,0,6,富邦-花蓮,2023-05-18,9621
2634,漢翔,19,13,6,富邦-花蓮,2023-05-18,9621
3006,晶豪科,7,1,6,富邦-花蓮,2023-05-18,9621
3508,位速,6,0,6,富邦-花蓮,2023-05-18,9621
3682,亞太電,6,0,6,富邦-花蓮,2023-05-18,9621
6285,啟��,8,2,6,富邦-花蓮,2023-05-18,9621
3546,宇峻,5,0,5,富邦-花蓮,2023-05-18,9621
00664R,國泰臺灣加權反1,5,0,5,富邦-花蓮,2023-05-18,9621
00670L,富邦NASDAQ正2,5,0,5,富邦-花蓮,2023-05-18,9621
1319,東陽,5,0,5,富邦-花蓮,2023-05-18,9621
2302,麗正,5,0,5,富邦-花蓮,2023-05-18,9621
2356,英業達,5,0,5,富邦-花蓮,2023-05-18,9621
2748,雲品,5,0,5,富邦-花蓮,2023-05-18,9621
3338,泰碩,5,0,5,富邦-花蓮,2023-05-18,9621
4168,醣聯,5,0,5,富邦-花蓮,2023-05-18,9621
4190,佐登-KY,5,0,5,富邦-花蓮,2023-05-18,9621
4541,晟田,11,6,5,富邦-花蓮,2023-05-18,9621
6112,邁達特,974,969,5,富邦-花蓮,2023-05-18,9621
5258,虹堡,29,24,5,富邦-花蓮,2023-05-18,9621
6446,藥華藥,4,0,4,富邦-花蓮,2023-05-18,9621
3029,零壹,220,3,217,富邦-花蓮,2023-05-19,9621
6741,91APP*-KY,76,5,71,富邦-花蓮,2023-05-19,9621
00751B,元大AAA至A公司債,58,0,58,富邦-花蓮,2023-05-19,9621
00665L,富邦�琤肭磪囓�2,53,0,53,富邦-花蓮,2023-05-19,9621
00679B,元大美債20年,39,0,39,富邦-花蓮,2023-05-19,9621
1504,東元,63,28,35,富邦-花蓮,2023-05-19,9621
00632R,元大台灣50反1,33,0,33,富邦-花蓮,2023-05-19,9621
2913,農林,30,0,30,富邦-花蓮,2023-05-19,9621
2731,雄獅,33,4,29,富邦-花蓮,2023-05-19,9621
2413,環科,25,0,25,富邦-花蓮,2023-05-19,9621
00687B,國泰20年美債,23,0,23,富邦-花蓮,2023-05-19,9621
1584,精剛,24,1,23,富邦-花蓮,2023-05-19,9621
1605,華新,22,0,22,富邦-花蓮,2023-05-19,9621
2453,凌群,25,3,22,富邦-花蓮,2023-05-19,9621
6509,聚和,22,0,22,富邦-花蓮,2023-05-19,9621
00673R,期元大S＆P原油反1,20,1,19,富邦-花蓮,2023-05-19,9621
6282,康舒,448,429,19,富邦-花蓮,2023-05-19,9621
1307,三芳,18,0,18,富邦-花蓮,2023-05-19,9621
2457,飛宏,73,56,17,富邦-花蓮,2023-05-19,9621
00674R,期元大S＆P黃金反1,15,0,15,富邦-花蓮,2023-05-19,9621
2206,三陽工業,18,4,14,富邦-花蓮,2023-05-19,9621
6531,愛普*,17,4,13,富邦-花蓮,2023-05-19,9621
00772B,中信高評級公司債,13,0,13,富邦-花蓮,2023-05-19,9621
6517,保勝光學,13,0,13,富邦-花蓮,2023-05-19,9621
5009,榮剛,17,6,11,富邦-花蓮,2023-05-19,9621
1409,新纖,11,0,11,富邦-花蓮,2023-05-19,9621
2344,華邦電,26,15,11,富邦-花蓮,2023-05-19,9621
6163,華電網,11,0,11,富邦-花蓮,2023-05-19,9621
6596,寬宏藝術,11,0,11,富邦-花蓮,2023-05-19,9621
1742,台蠟,10,0,10,富邦-花蓮,2023-05-19,9621
1727,中華化,13,3,10,富邦-花蓮,2023-05-19,9621
2436,偉詮電,10,0,10,富邦-花蓮,2023-05-19,9621
2547,日勝生,10,0,10,富邦-花蓮,2023-05-19,9621
4729,熒茂,10,0,10,富邦-花蓮,2023-05-19,9621
6470,宇智,10,0,10,富邦-花蓮,2023-05-19,9621
8905,裕國,10,0,10,富邦-花蓮,2023-05-19,9621
00885,富邦越南,20,11,9,富邦-花蓮,2023-05-19,9621
2313,華通,12,3,9,富邦-花蓮,2023-05-19,9621
2471,資通,15,6,9,富邦-花蓮,2023-05-19,9621
4741,泓瀚,10,1,9,富邦-花蓮,2023-05-19,9621
2317,鴻海,11,2,9,富邦-花蓮,2023-05-19,9621
00753L,中信中國50正2,8,0,8,富邦-花蓮,2023-05-19,9621
2022,聚亨,9,1,8,富邦-花蓮,2023-05-19,9621
3591,艾笛森,8,0,8,富邦-花蓮,2023-05-19,9621
00773B,中信優先金融債,7,0,7,富邦-花蓮,2023-05-19,9621
00882,中信中國高股息,7,0,7,富邦-花蓮,2023-05-19,9621
00720B,元大投資級公司債,7,0,7,富邦-花蓮,2023-05-19,9621
1514,亞力,12,5,7,富邦-花蓮,2023-05-19,9621
6139,亞翔,7,0,7,富邦-花蓮,2023-05-19,9621
3006,晶豪科,6,0,6,富邦-花蓮,2023-05-19,9621
2303,聯電,58,0,58,富邦-花蓮,2023-05-22,9621
2913,農林,50,0,50,富邦-花蓮,2023-05-22,9621
6535,順藥,33,1,32,富邦-花蓮,2023-05-22,9621
6689,伊雲谷,32,1,31,富邦-花蓮,2023-05-22,9621
00751B,元大AAA至A公司債,29,0,29,富邦-花蓮,2023-05-22,9621
00632R,元大台灣50反1,46,20,26,富邦-花蓮,2023-05-22,9621
2886,兆豐金,26,1,25,富邦-花蓮,2023-05-22,9621
3037,欣興,27,3,24,富邦-花蓮,2023-05-22,9621
00885,富邦越南,22,0,22,富邦-花蓮,2023-05-22,9621
6282,康舒,29,7,22,富邦-花蓮,2023-05-22,9621
00670L,富邦NASDAQ正2,20,0,20,富邦-花蓮,2023-05-22,9621
00772B,中信高評級公司債,17,0,17,富邦-花蓮,2023-05-22,9621
00712,復華富時不動產,16,0,16,富邦-花蓮,2023-05-22,9621
00715L,期街口布蘭特正2,16,0,16,富邦-花蓮,2023-05-22,9621
00795B,中信美國公債20年,16,0,16,富邦-花蓮,2023-05-22,9621
00882,中信中國高股息,13,0,13,富邦-花蓮,2023-05-22,9621
8046,南電,15,4,11,富邦-花蓮,2023-05-22,9621
2413,環科,11,0,11,富邦-花蓮,2023-05-22,9621
4541,晟田,11,0,11,富邦-花蓮,2023-05-22,9621
4906,正文,10,0,10,富邦-花蓮,2023-05-22,9621
5531,鄉林,10,0,10,富邦-花蓮,2023-05-22,9621
8215,明基材,10,0,10,富邦-花蓮,2023-05-22,9621
3481,群創,11,2,9,富邦-花蓮,2023-05-22,9621
1301,台塑,9,0,9,富邦-花蓮,2023-05-22,9621
6770,力積電,9,0,9,富邦-花蓮,2023-05-22,9621
911868,同方友友-DR,9,0,9,富邦-花蓮,2023-05-22,9621
3704,合勤控,8,0,8,富邦-花蓮,2023-05-22,9621
1612,宏泰,8,0,8,富邦-花蓮,2023-05-22,9621
00773B,中信優先金融債,7,0,7,富邦-花蓮,2023-05-22,9621
00892,富邦台灣半導體,7,0,7,富邦-花蓮,2023-05-22,9621
3682,亞太電,7,0,7,富邦-花蓮,2023-05-22,9621
00687B,國泰20年美債,6,0,6,富邦-花蓮,2023-05-22,9621
2442,新美齊,6,0,6,富邦-花蓮,2023-05-22,9621
2617,台航,6,0,6,富邦-花蓮,2023-05-22,9621
3706,神達,6,0,6,富邦-花蓮,2023-05-22,9621
00720B,元大投資級公司債,5,0,5,富邦-花蓮,2023-05-22,9621
2636,台驊控股,5,0,5,富邦-花蓮,2023-05-22,9621
00764B,群益25年美債,5,0,5,富邦-花蓮,2023-05-22,9621
00761B,國泰A級公司債,5,0,5,富邦-花蓮,2023-05-22,9621
00724B,群益投資級金融債,5,0,5,富邦-花蓮,2023-05-22,9621
00722B,群益投資級電信債,5,0,5,富邦-花蓮,2023-05-22,9621
3011,今皓,5,0,5,富邦-花蓮,2023-05-22,9621
3171,炎洲流通,5,0,5,富邦-花蓮,2023-05-22,9621
3454,晶睿,5,0,5,富邦-花蓮,2023-05-22,9621
5516,雙喜,5,0,5,富邦-花蓮,2023-05-22,9621
5608,四維航,5,0,5,富邦-花蓮,2023-05-22,9621
6719,力智,6,1,5,富邦-花蓮,2023-05-22,9621
6776,展�眥篕�,5,0,5,富邦-花蓮,2023-05-22,9621
8059,凱碩,7,2,5,富邦-花蓮,2023-05-22,9621
6517,保勝光學,5,0,5,富邦-花蓮,2023-05-22,9621
2618,長榮航,160,22,138,富邦-花蓮,2023-05-23,9621
6245,立端,99,4,95,富邦-花蓮,2023-05-23,9621
00751B,元大AAA至A公司債,73,0,73,富邦-花蓮,2023-05-23,9621
2399,映泰,69,15,54,富邦-花蓮,2023-05-23,9621
8099,大世科,255,202,53,富邦-花蓮,2023-05-23,9621
00632R,元大台灣50反1,46,6,40,富邦-花蓮,2023-05-23,9621
2489,瑞軒,40,0,40,富邦-花蓮,2023-05-23,9621
2736,富野,42,11,31,富邦-花蓮,2023-05-23,9621
2888,新光金,31,0,31,富邦-花蓮,2023-05-23,9621
2409,友達,31,0,31,富邦-花蓮,2023-05-23,9621
00882,中信中國高股息,28,0,28,富邦-花蓮,2023-05-23,9621
1513,中興電,87,64,23,富邦-花蓮,2023-05-23,9621
00687B,國泰20年美債,20,0,20,富邦-花蓮,2023-05-23,9621
2702,華園,20,0,20,富邦-花蓮,2023-05-23,9621
3325,旭品,21,1,20,富邦-花蓮,2023-05-23,9621
1905,華紙,36,19,17,富邦-花蓮,2023-05-23,9621
00679B,元大美債20年,16,0,16,富邦-花蓮,2023-05-23,9621
1219,福壽,25,10,15,富邦-花蓮,2023-05-23,9621
1609,大亞,16,1,15,富邦-花蓮,2023-05-23,9621
2442,新美齊,17,3,14,富邦-花蓮,2023-05-23,9621
2313,華通,17,4,13,富邦-花蓮,2023-05-23,9621
00637L,元大滬深300正2,12,0,12,富邦-花蓮,2023-05-23,9621
00772B,中信高評級公司債,10,0,10,富邦-花蓮,2023-05-23,9621
2201,裕隆,14,4,10,富邦-花蓮,2023-05-23,9621
2413,環科,10,0,10,富邦-花蓮,2023-05-23,9621
2511,太子,10,0,10,富邦-花蓮,2023-05-23,9621
2617,台航,10,0,10,富邦-花蓮,2023-05-23,9621
4532,瑞智,10,0,10,富邦-花蓮,2023-05-23,9621
6138,茂達,10,0,10,富邦-花蓮,2023-05-23,9621
6182,合晶,10,0,10,富邦-花蓮,2023-05-23,9621
6213,聯茂,10,0,10,富邦-花蓮,2023-05-23,9621
1528,恩德,10,0,10,富邦-花蓮,2023-05-23,9621
00878,國泰永續高股息,20,10,10,富邦-花蓮,2023-05-23,9621
2337,旺宏,9,0,9,富邦-花蓮,2023-05-23,9621
1605,華新,12,3,9,富邦-花蓮,2023-05-23,9621
5353,台林,9,0,9,富邦-花蓮,2023-05-23,9621
2609,陽明,10,1,9,富邦-花蓮,2023-05-23,9621
2801,彰銀,8,0,8,富邦-花蓮,2023-05-23,9621
3346,麗清,10,2,8,富邦-花蓮,2023-05-23,9621
6615,慧智,8,0,8,富邦-花蓮,2023-05-23,9621
5531,鄉林,11,4,7,富邦-花蓮,2023-05-23,9621
1752,南光,6,0,6,富邦-花蓮,2023-05-23,9621
3232,昱捷,7,1,6,富邦-花蓮,2023-05-23,9621
4763,材料-KY,26,20,6,富邦-花蓮,2023-05-23,9621
6169,昱泉,7,1,6,富邦-花蓮,2023-05-23,9621
8227,巨有科技,6,0,6,富邦-花蓮,2023-05-23,9621
9962,有益,6,0,6,富邦-花蓮,2023-05-23,9621
00680L,元大美債20正2,5,0,5,富邦-花蓮,2023-05-23,9621
00722B,群益投資級電信債,5,0,5,富邦-花蓮,2023-05-23,9621
1702,南僑,5,0,5,富邦-花蓮,2023-05-23,9621
00665L,富邦�琤肭磪囓�2,63,10,53,富邦-花蓮,2023-05-24,9621
2002,中鋼,50,0,50,富邦-花蓮,2023-05-24,9621
00882,中信中國高股息,48,0,48,富邦-花蓮,2023-05-24,9621
00679B,元大美債20年,47,0,47,富邦-花蓮,2023-05-24,9621
2457,飛宏,86,43,43,富邦-花蓮,2023-05-24,9621
8011,台通,35,0,35,富邦-花蓮,2023-05-24,9621
00671R,富邦NASDAQ反1,30,0,30,富邦-花蓮,2023-05-24,9621
2317,鴻海,27,0,27,富邦-花蓮,2023-05-24,9621
2702,華園,31,4,27,富邦-花蓮,2023-05-24,9621
2382,廣達,26,0,26,富邦-花蓮,2023-05-24,9621
2408,南亞科,25,0,25,富邦-花蓮,2023-05-24,9621
2399,映泰,31,10,21,富邦-花蓮,2023-05-24,9621
00680L,元大美債20正2,20,0,20,富邦-花蓮,2023-05-24,9621
2887,台新金,20,0,20,富邦-花蓮,2023-05-24,9621
00670L,富邦NASDAQ正2,16,0,16,富邦-花蓮,2023-05-24,9621
6233,旺玖,17,1,16,富邦-花蓮,2023-05-24,9621
1325,恆大,16,1,15,富邦-花蓮,2023-05-24,9621
5475,德宏,15,0,15,富邦-花蓮,2023-05-24,9621
2371,大同,15,2,13,富邦-花蓮,2023-05-24,9621
6282,康舒,21,8,13,富邦-花蓮,2023-05-24,9621
2413,環科,11,0,11,富邦-花蓮,2023-05-24,9621
6535,順藥,12,1,11,富邦-花蓮,2023-05-24,9621
2892,第一金,11,0,11,富邦-花蓮,2023-05-24,9621
2886,兆豐金,11,0,11,富邦-花蓮,2023-05-24,9621
1810,和成,12,2,10,富邦-花蓮,2023-05-24,9621
2704,國賓,10,0,10,富邦-花蓮,2023-05-24,9621
3682,亞太電,10,0,10,富邦-花蓮,2023-05-24,9621
2489,瑞軒,9,0,9,富邦-花蓮,2023-05-24,9621
6235,華孚,43,34,9,富邦-花蓮,2023-05-24,9621
6615,慧智,9,0,9,富邦-花蓮,2023-05-24,9621
2634,漢翔,17,9,8,富邦-花蓮,2023-05-24,9621
2801,彰銀,8,0,8,富邦-花蓮,2023-05-24,9621
00928,中信上櫃ESG30,6,0,6,富邦-花蓮,2023-05-24,9621
00673R,期元大S＆P原油反1,6,0,6,富邦-花蓮,2023-05-24,9621
00637L,元大滬深300正2,6,0,6,富邦-花蓮,2023-05-24,9621
1514,亞力,6,0,6,富邦-花蓮,2023-05-24,9621
2328,廣宇,7,1,6,富邦-花蓮,2023-05-24,9621
2645,長榮航太,7,1,6,富邦-花蓮,2023-05-24,9621
3058,立德,6,0,6,富邦-花蓮,2023-05-24,9621
6811,宏�硌穈T,6,0,6,富邦-花蓮,2023-05-24,9621
1513,中興電,130,125,5,富邦-花蓮,2023-05-24,9621
2630,亞航,13,8,5,富邦-花蓮,2023-05-24,9621
5258,虹堡,11,6,5,富邦-花蓮,2023-05-24,9621
00753L,中信中國50正2,5,0,5,富邦-花蓮,2023-05-24,9621
1304,台聚,5,0,5,富邦-花蓮,2023-05-24,9621
2006,東和鋼鐵,5,0,5,富邦-花蓮,2023-05-24,9621
2511,太子,5,0,5,富邦-花蓮,2023-05-24,9621
3664,安瑞-KY,5,0,5,富邦-花蓮,2023-05-24,9621
5488,松普,5,0,5,富邦-花蓮,2023-05-24,9621
00878,國泰永續高股息,18,14,4,富邦-花蓮,2023-05-24,9621
2748,雲品,90,1,89,富邦-花蓮,2023-05-25,9621
00882,中信中國高股息,86,0,86,富邦-花蓮,2023-05-25,9621
3481,群創,32,0,32,富邦-花蓮,2023-05-25,9621
3628,盈正,43,11,32,富邦-花蓮,2023-05-25,9621
00712,復華富時不動產,31,0,31,富邦-花蓮,2023-05-25,9621
2303,聯電,34,3,31,富邦-花蓮,2023-05-25,9621
2887,台新金,28,0,28,富邦-花蓮,2023-05-25,9621
00687B,國泰20年美債,25,0,25,富邦-花蓮,2023-05-25,9621
2888,新光金,25,0,25,富邦-花蓮,2023-05-25,9621
2408,南亞科,24,0,24,富邦-花蓮,2023-05-25,9621
3004,豐達科,24,0,24,富邦-花蓮,2023-05-25,9621
2630,亞航,359,338,21,富邦-花蓮,2023-05-25,9621
6535,順藥,21,0,21,富邦-花蓮,2023-05-25,9621
1513,中興電,78,57,21,富邦-花蓮,2023-05-25,9621
00751B,元大AAA至A公司債,20,0,20,富邦-花蓮,2023-05-25,9621
6188,廣明,20,1,19,富邦-花蓮,2023-05-25,9621
1618,合機,22,4,18,富邦-花蓮,2023-05-25,9621
2498,宏達電,17,1,16,富邦-花蓮,2023-05-25,9621
5531,鄉林,15,0,15,富邦-花蓮,2023-05-25,9621
00632R,元大台灣50反1,14,2,12,富邦-花蓮,2023-05-25,9621
1605,華新,13,1,12,富邦-花蓮,2023-05-25,9621
5608,四維航,12,0,12,富邦-花蓮,2023-05-25,9621
2014,中鴻,11,0,11,富邦-花蓮,2023-05-25,9621
2201,裕隆,13,2,11,富邦-花蓮,2023-05-25,9621
3088,艾訊,11,0,11,富邦-花蓮,2023-05-25,9621
4746,台耀,26,15,11,富邦-花蓮,2023-05-25,9621
5464,霖宏,12,1,11,富邦-花蓮,2023-05-25,9621
8222,寶一,14,3,11,富邦-花蓮,2023-05-25,9621
1314,中石化,10,0,10,富邦-花蓮,2023-05-25,9621
4190,佐登-KY,10,0,10,富邦-花蓮,2023-05-25,9621
2731,雄獅,11,2,9,富邦-花蓮,2023-05-25,9621
2892,第一金,9,0,9,富邦-花蓮,2023-05-25,9621
6245,立端,9,0,9,富邦-花蓮,2023-05-25,9621
2344,華邦電,12,4,8,富邦-花蓮,2023-05-25,9621
00650L,復華香港正2,7,0,7,富邦-花蓮,2023-05-25,9621
3363,上詮,7,0,7,富邦-花蓮,2023-05-25,9621
3483,力致,56,49,7,富邦-花蓮,2023-05-25,9621
00753L,中信中國50正2,6,0,6,富邦-花蓮,2023-05-25,9621
1325,恆大,6,0,6,富邦-花蓮,2023-05-25,9621
1727,中華化,6,0,6,富邦-花蓮,2023-05-25,9621
2349,錸德,11,5,6,富邦-花蓮,2023-05-25,9621
2611,志信,17,11,6,富邦-花蓮,2023-05-25,9621
3673,TPK-KY,6,0,6,富邦-花蓮,2023-05-25,9621
8066,來思達,6,0,6,富邦-花蓮,2023-05-25,9621
2637,慧洋-KY,5,0,5,富邦-花蓮,2023-05-25,9621
1310,台苯,5,0,5,富邦-花蓮,2023-05-25,9621
1514,亞力,7,2,5,富邦-花蓮,2023-05-25,9621
1598,岱宇,5,0,5,富邦-花蓮,2023-05-25,9621
2362,藍天,5,0,5,富邦-花蓮,2023-05-25,9621
2413,環科,5,0,5,富邦-花蓮,2023-05-25,9621
2409,友達,39,0,39,富邦-花蓮,2023-05-26,9621
00712,復華富時不動產,37,0,37,富邦-花蓮,2023-05-26,9621
00632R,元大台灣50反1,41,8,33,富邦-花蓮,2023-05-26,9621
2637,慧洋-KY,36,4,32,富邦-花蓮,2023-05-26,9621
00882,中信中國高股息,31,0,31,富邦-花蓮,2023-05-26,9621
3454,晶睿,25,0,25,富邦-花蓮,2023-05-26,9621
2323,中環,30,8,22,富邦-花蓮,2023-05-26,9621
1609,大亞,21,3,18,富邦-花蓮,2023-05-26,9621
2610,華航,21,3,18,富邦-花蓮,2023-05-26,9621
00679B,元大美債20年,26,9,17,富邦-花蓮,2023-05-26,9621
2489,瑞軒,16,0,16,富邦-花蓮,2023-05-26,9621
2641,正德,16,0,16,富邦-花蓮,2023-05-26,9621
5351,鈺創,15,0,15,富邦-花蓮,2023-05-26,9621
6243,迅杰,15,0,15,富邦-花蓮,2023-05-26,9621
3628,盈正,22,8,14,富邦-花蓮,2023-05-26,9621
1708,東鹼,13,0,13,富邦-花蓮,2023-05-26,9621
2399,映泰,35,23,12,富邦-花蓮,2023-05-26,9621
8222,寶一,27,15,12,富邦-花蓮,2023-05-26,9621
00795B,中信美國公債20年,11,0,11,富邦-花蓮,2023-05-26,9621
2617,台航,11,0,11,富邦-花蓮,2023-05-26,9621
4768,晶呈科技,11,0,11,富邦-花蓮,2023-05-26,9621
00924,復華S＆P500成長,10,0,10,富邦-花蓮,2023-05-26,9621
1608,華榮,13,3,10,富邦-花蓮,2023-05-26,9621
2103,台橡,10,0,10,富邦-花蓮,2023-05-26,9621
2359,所羅門,10,0,10,富邦-花蓮,2023-05-26,9621
2376,技嘉,88,79,9,富邦-花蓮,2023-05-26,9621
00751B,元大AAA至A公司債,9,0,9,富邦-花蓮,2023-05-26,9621
2382,廣達,11,2,9,富邦-花蓮,2023-05-26,9621
5608,四維航,9,0,9,富邦-花蓮,2023-05-26,9621
2634,漢翔,13,5,8,富邦-花蓮,2023-05-26,9621
00673R,期元大S＆P原油反1,10,2,8,富邦-花蓮,2023-05-26,9621
00642U,期元大S＆P石油,8,0,8,富邦-花蓮,2023-05-26,9621
4915,致伸,9,2,7,富邦-花蓮,2023-05-26,9621
2421,建準,86,79,7,富邦-花蓮,2023-05-26,9621
2548,華固,7,0,7,富邦-花蓮,2023-05-26,9621
4961,天鈺,7,0,7,富邦-花蓮,2023-05-26,9621
3264,欣銓,12,6,6,富邦-花蓮,2023-05-26,9621
00715L,期街口布蘭特正2,6,0,6,富邦-花蓮,2023-05-26,9621
3029,零壹,163,157,6,富邦-花蓮,2023-05-26,9621
3046,建��,6,0,6,富邦-花蓮,2023-05-26,9621
3339,泰谷,6,0,6,富邦-花蓮,2023-05-26,9621
4746,台耀,7,1,6,富邦-花蓮,2023-05-26,9621
8038,長園科,6,0,6,富邦-花蓮,2023-05-26,9621
2882,國泰金,6,0,6,富邦-花蓮,2023-05-26,9621
3231,緯創,35,29,6,富邦-花蓮,2023-05-26,9621
2425,承啟,5,0,5,富邦-花蓮,2023-05-26,9621
1514,亞力,5,0,5,富邦-花蓮,2023-05-26,9621
00664R,國泰臺灣加權反1,5,0,5,富邦-花蓮,2023-05-26,9621
1524,耿鼎,5,0,5,富邦-花蓮,2023-05-26,9621
1584,精剛,5,0,5,富邦-花蓮,2023-05-26,9621
3035,智原,310,102,208,富邦-花蓮,2023-05-29,9621
2442,新美齊,100,10,90,富邦-花蓮,2023-05-29,9621
2610,華航,118,48,70,富邦-花蓮,2023-05-29,9621
6282,康舒,85,18,67,富邦-花蓮,2023-05-29,9621
6438,迅得,64,0,64,富邦-花蓮,2023-05-29,9621
6535,順藥,64,0,64,富邦-花蓮,2023-05-29,9621
2323,中環,40,4,36,富邦-花蓮,2023-05-29,9621
00888,永豐台灣ESG,34,0,34,富邦-花蓮,2023-05-29,9621
0056,元大高股息,43,12,31,富邦-花蓮,2023-05-29,9621
1218,泰山,32,2,30,富邦-花蓮,2023-05-29,9621
2431,聯昌,40,10,30,富邦-花蓮,2023-05-29,9621
00632R,元大台灣50反1,25,0,25,富邦-花蓮,2023-05-29,9621
1605,華新,28,3,25,富邦-花蓮,2023-05-29,9621
1460,宏遠,25,2,23,富邦-花蓮,2023-05-29,9621
5347,世界,22,0,22,富邦-花蓮,2023-05-29,9621
3265,台星科,290,269,21,富邦-花蓮,2023-05-29,9621
00637L,元大滬深300正2,29,10,19,富邦-花蓮,2023-05-29,9621
2413,環科,20,1,19,富邦-花蓮,2023-05-29,9621
00882,中信中國高股息,15,0,15,富邦-花蓮,2023-05-29,9621
3062,建漢,14,0,14,富邦-花蓮,2023-05-29,9621
5439,高技,13,0,13,富邦-花蓮,2023-05-29,9621
5706,鳳凰,30,17,13,富邦-花蓮,2023-05-29,9621
8088,品安,13,0,13,富邦-花蓮,2023-05-29,9621
1608,華榮,16,4,12,富邦-花蓮,2023-05-29,9621
3232,昱捷,15,3,12,富邦-花蓮,2023-05-29,9621
00664R,國泰臺灣加權反1,10,0,10,富邦-花蓮,2023-05-29,9621
2206,三陽工業,16,6,10,富邦-花蓮,2023-05-29,9621
2489,瑞軒,10,0,10,富邦-花蓮,2023-05-29,9621
2889,國票金,10,0,10,富邦-花蓮,2023-05-29,9621
8390,金益鼎,10,0,10,富邦-花蓮,2023-05-29,9621
2880,華南金,9,0,9,富邦-花蓮,2023-05-29,9621
5243,乙盛-KY,11,2,9,富邦-花蓮,2023-05-29,9621
1905,華紙,12,3,9,富邦-花蓮,2023-05-29,9621
00679B,元大美債20年,8,0,8,富邦-花蓮,2023-05-29,9621
2421,建準,71,63,8,富邦-花蓮,2023-05-29,9621
2441,超豐,8,0,8,富邦-花蓮,2023-05-29,9621
2457,飛宏,12,4,8,富邦-花蓮,2023-05-29,9621
4564,元翎,9,1,8,富邦-花蓮,2023-05-29,9621
00725B,國泰投資級公司債,7,0,7,富邦-花蓮,2023-05-29,9621
8150,南茂,8,1,7,富邦-花蓮,2023-05-29,9621
3037,欣興,20,14,6,富邦-花蓮,2023-05-29,9621
2886,兆豐金,10,4,6,富邦-花蓮,2023-05-29,9621
00673R,期元大S＆P原油反1,6,0,6,富邦-花蓮,2023-05-29,9621
2483,百容,6,0,6,富邦-花蓮,2023-05-29,9621
3363,上詮,8,3,5,富邦-花蓮,2023-05-29,9621
2002,中鋼,5,0,5,富邦-花蓮,2023-05-29,9621
3711,日月光投控,5,0,5,富邦-花蓮,2023-05-29,9621
00713,元大台灣高息低波,5,0,5,富邦-花蓮,2023-05-29,9621
00687B,國泰20年美債,5,0,5,富邦-花蓮,2023-05-29,9621
1796,金穎生技,5,0,5,富邦-花蓮,2023-05-29,9621
00665L,富邦�琤肭磪囓�2,100,0,100,富邦-花蓮,2023-05-30,9621
5355,佳總,62,0,62,富邦-花蓮,2023-05-30,9621
2618,長榮航,66,22,44,富邦-花蓮,2023-05-30,9621
2610,華航,153,113,40,富邦-花蓮,2023-05-30,9621
2495,普安,40,0,40,富邦-花蓮,2023-05-30,9621
2834,臺企銀,34,1,33,富邦-花蓮,2023-05-30,9621
00882,中信中國高股息,38,5,33,富邦-花蓮,2023-05-30,9621
3628,盈正,33,0,33,富邦-花蓮,2023-05-30,9621
2371,大同,42,14,28,富邦-花蓮,2023-05-30,9621
3704,合勤控,24,1,23,富邦-花蓮,2023-05-30,9621
00715L,期街口布蘭特正2,23,1,22,富邦-花蓮,2023-05-30,9621
00673R,期元大S＆P原油反1,20,1,19,富邦-花蓮,2023-05-30,9621
3682,亞太電,16,0,16,富邦-花蓮,2023-05-30,9621
1524,耿鼎,15,0,15,富邦-花蓮,2023-05-30,9621
2002,中鋼,14,0,14,富邦-花蓮,2023-05-30,9621
2317,鴻海,35,22,13,富邦-花蓮,2023-05-30,9621
6531,愛普*,21,8,13,富邦-花蓮,2023-05-30,9621
8222,寶一,13,0,13,富邦-花蓮,2023-05-30,9621
00632R,元大台灣50反1,31,20,11,富邦-花蓮,2023-05-30,9621
1319,東陽,11,0,11,富邦-花蓮,2023-05-30,9621
1608,華榮,33,22,11,富邦-花蓮,2023-05-30,9621
5706,鳳凰,18,7,11,富邦-花蓮,2023-05-30,9621
6146,耕興,11,0,11,富邦-花蓮,2023-05-30,9621
6584,南俊國際,11,0,11,富邦-花蓮,2023-05-30,9621
3231,緯創,40,29,11,富邦-花蓮,2023-05-30,9621
2356,英業達,341,330,11,富邦-花蓮,2023-05-30,9621
2609,陽明,11,0,11,富邦-花蓮,2023-05-30,9621
00679B,元大美債20年,10,0,10,富邦-花蓮,2023-05-30,9621
2885,元大金,10,0,10,富邦-花蓮,2023-05-30,9621
00918,大華優利高填息30,10,0,10,富邦-花蓮,2023-05-30,9621
1605,華新,11,1,10,富邦-花蓮,2023-05-30,9621
1802,台玻,10,0,10,富邦-花蓮,2023-05-30,9621
5703,亞都,10,0,10,富邦-花蓮,2023-05-30,9621
9944,新麗,10,0,10,富邦-花蓮,2023-05-30,9621
2382,廣達,185,176,9,富邦-花蓮,2023-05-30,9621
2388,威盛,9,0,9,富邦-花蓮,2023-05-30,9621
3419,譁裕,10,1,9,富邦-花蓮,2023-05-30,9621
4908,前鼎,10,1,9,富邦-花蓮,2023-05-30,9621
00712,復華富時不動產,8,0,8,富邦-花蓮,2023-05-30,9621
2340,台亞,8,0,8,富邦-花蓮,2023-05-30,9621
3380,明泰,9,1,8,富邦-花蓮,2023-05-30,9621
6188,廣明,100,92,8,富邦-花蓮,2023-05-30,9621
6535,順藥,8,0,8,富邦-花蓮,2023-05-30,9621
3227,原相,11,4,7,富邦-花蓮,2023-05-30,9621
6244,茂迪,7,0,7,富邦-花蓮,2023-05-30,9621
3032,偉訓,6,0,6,富邦-花蓮,2023-05-30,9621
3029,零壹,7,1,6,富邦-花蓮,2023-05-30,9621
1711,永光,7,1,6,富邦-花蓮,2023-05-30,9621
2204,中華,6,0,6,富邦-花蓮,2023-05-30,9621
2368,金像電,60,54,6,富邦-花蓮,2023-05-30,9621
00642U,期元大S＆P石油,47,0,47,富邦-花蓮,2023-05-31,9621
3419,譁裕,45,0,45,富邦-花蓮,2023-05-31,9621
00715L,期街口布蘭特正2,36,3,33,富邦-花蓮,2023-05-31,9621
2371,大同,39,11,28,富邦-花蓮,2023-05-31,9621
00882,中信中國高股息,23,0,23,富邦-花蓮,2023-05-31,9621
3232,昱捷,26,4,22,富邦-花蓮,2023-05-31,9621
5328,華容,22,0,22,富邦-花蓮,2023-05-31,9621
0056,元大高股息,25,4,21,富邦-花蓮,2023-05-31,9621
00679B,元大美債20年,19,0,19,富邦-花蓮,2023-05-31,9621
00650L,復華香港正2,23,10,13,富邦-花蓮,2023-05-31,9621
3481,群創,12,0,12,富邦-花蓮,2023-05-31,9621
2891,中信金,11,0,11,富邦-花蓮,2023-05-31,9621
3050,鈺德,11,0,11,富邦-花蓮,2023-05-31,9621
3059,華晶科,11,0,11,富邦-花蓮,2023-05-31,9621
3227,原相,11,0,11,富邦-花蓮,2023-05-31,9621
4979,華星光,18,7,11,富邦-花蓮,2023-05-31,9621
1409,新纖,10,0,10,富邦-花蓮,2023-05-31,9621
1718,中纖,10,0,10,富邦-花蓮,2023-05-31,9621
2002,中鋼,10,0,10,富邦-花蓮,2023-05-31,9621
2484,希華,10,0,10,富邦-花蓮,2023-05-31,9621
3714,富采,10,0,10,富邦-花蓮,2023-05-31,9621
4961,天鈺,10,0,10,富邦-花蓮,2023-05-31,9621
2382,廣達,118,109,9,富邦-花蓮,2023-05-31,9621
00888,永豐台灣ESG,9,0,9,富邦-花蓮,2023-05-31,9621
2736,富野,11,2,9,富邦-花蓮,2023-05-31,9621
00712,復華富時不動產,8,0,8,富邦-花蓮,2023-05-31,9621
2637,慧洋-KY,7,0,7,富邦-花蓮,2023-05-31,9621
3032,偉訓,7,0,7,富邦-花蓮,2023-05-31,9621
3037,欣興,11,4,7,富邦-花蓮,2023-05-31,9621
3038,全台,7,0,7,富邦-花蓮,2023-05-31,9621
3287,廣寰科,7,0,7,富邦-花蓮,2023-05-31,9621
4123,晟德,7,0,7,富邦-花蓮,2023-05-31,9621
6269,台郡,6,0,6,富邦-花蓮,2023-05-31,9621
2609,陽明,6,0,6,富邦-花蓮,2023-05-31,9621
3128,昇銳,6,0,6,富邦-花蓮,2023-05-31,9621
3437,榮創,6,0,6,富邦-花蓮,2023-05-31,9621
3483,力致,7,1,6,富邦-花蓮,2023-05-31,9621
6535,順藥,10,4,6,富邦-花蓮,2023-05-31,9621
2603,長榮,6,0,6,富邦-花蓮,2023-05-31,9621
1103,嘉泥,5,0,5,富邦-花蓮,2023-05-31,9621
00751B,元大AAA至A公司債,5,0,5,富邦-花蓮,2023-05-31,9621
00725B,國泰投資級公司債,5,0,5,富邦-花蓮,2023-05-31,9621
2801,彰銀,5,0,5,富邦-花蓮,2023-05-31,9621
2882,國泰金,5,0,5,富邦-花蓮,2023-05-31,9621
3532,台勝科,6,1,5,富邦-花蓮,2023-05-31,9621
6592,和潤企業,5,0,5,富邦-花蓮,2023-05-31,9621
2337,旺宏,4,0,4,富邦-花蓮,2023-05-31,9621
2409,友達,10,6,4,富邦-花蓮,2023-05-31,9621
6176,瑞儀,4,0,4,富邦-花蓮,2023-05-31,9621
9940,信義,4,0,4,富邦-花蓮,2023-05-31,9621
2888,新光金,212,0,212,富邦-花蓮,2023-06-01,9621
00715L,期街口布蘭特正2,97,7,90,富邦-花蓮,2023-06-01,9621
6245,立端,61,1,60,富邦-花蓮,2023-06-01,9621
2515,中工,74,15,59,富邦-花蓮,2023-06-01,9621
2303,聯電,52,0,52,富邦-花蓮,2023-06-01,9621
1905,華紙,66,29,37,富邦-花蓮,2023-06-01,9621
2890,永豐金,34,0,34,富邦-花蓮,2023-06-01,9621
3264,欣銓,33,0,33,富邦-花蓮,2023-06-01,9621
2892,第一金,30,0,30,富邦-花蓮,2023-06-01,9621
2913,農林,41,16,25,富邦-花蓮,2023-06-01,9621
3031,佰鴻,25,1,24,富邦-花蓮,2023-06-01,9621
00650L,復華香港正2,23,0,23,富邦-花蓮,2023-06-01,9621
1101,台泥,23,2,21,富邦-花蓮,2023-06-01,9621
1605,華新,23,2,21,富邦-花蓮,2023-06-01,9621
2323,中環,82,61,21,富邦-花蓮,2023-06-01,9621
3419,譁裕,20,0,20,富邦-花蓮,2023-06-01,9621
00919,群益台灣精選高息,19,0,19,富邦-花蓮,2023-06-01,9621
00882,中信中國高股息,23,4,19,富邦-花蓮,2023-06-01,9621
3714,富采,20,1,19,富邦-花蓮,2023-06-01,9621
1309,台達化,15,0,15,富邦-花蓮,2023-06-01,9621
4564,元翎,21,6,15,富邦-花蓮,2023-06-01,9621
00637L,元大滬深300正2,14,0,14,富邦-花蓮,2023-06-01,9621
2359,所羅門,14,0,14,富邦-花蓮,2023-06-01,9621
3260,威剛,44,30,14,富邦-花蓮,2023-06-01,9621
2324,仁寶,14,1,13,富邦-花蓮,2023-06-01,9621
00885,富邦越南,18,6,12,富邦-花蓮,2023-06-01,9621
00891,中信關鍵半導體,12,0,12,富邦-花蓮,2023-06-01,9621
00712,復華富時不動產,12,0,12,富邦-花蓮,2023-06-01,9621
2609,陽明,14,3,11,富邦-花蓮,2023-06-01,9621
4533,協易機,21,10,11,富邦-花蓮,2023-06-01,9621
00713,元大台灣高息低波,10,0,10,富邦-花蓮,2023-06-01,9621
00888,永豐台灣ESG,10,0,10,富邦-花蓮,2023-06-01,9621
00670L,富邦NASDAQ正2,12,2,10,富邦-花蓮,2023-06-01,9621
00665L,富邦�琤肭磪囓�2,20,10,10,富邦-花蓮,2023-06-01,9621
1314,中石化,10,0,10,富邦-花蓮,2023-06-01,9621
1810,和成,11,1,10,富邦-花蓮,2023-06-01,9621
2338,光罩,10,0,10,富邦-花蓮,2023-06-01,9621
2734,易飛網,10,0,10,富邦-花蓮,2023-06-01,9621
6461,益得,10,0,10,富邦-花蓮,2023-06-01,9621
8088,品安,51,41,10,富邦-花蓮,2023-06-01,9621
2881,富邦金,9,0,9,富邦-花蓮,2023-06-01,9621
3059,華晶科,12,3,9,富邦-花蓮,2023-06-01,9621
00878,國泰永續高股息,13,5,8,富邦-花蓮,2023-06-01,9621
3006,晶豪科,17,9,8,富邦-花蓮,2023-06-01,9621
2498,宏達電,10,2,8,富邦-花蓮,2023-06-01,9621
2637,慧洋-KY,8,0,8,富邦-花蓮,2023-06-01,9621
3050,鈺德,8,0,8,富邦-花蓮,2023-06-01,9621
3128,昇銳,8,0,8,富邦-花蓮,2023-06-01,9621
3706,神達,20,13,7,富邦-花蓮,2023-06-01,9621
00679B,元大美債20年,11,4,7,富邦-花蓮,2023-06-01,9621
1101,台泥,97,1,96,富邦-花蓮,2023-06-02,9621
1503,士電,853,794,59,富邦-花蓮,2023-06-02,9621
2323,中環,52,12,40,富邦-花蓮,2023-06-02,9621
4906,正文,33,0,33,富邦-花蓮,2023-06-02,9621
3323,加百裕,30,0,30,富邦-花蓮,2023-06-02,9621
5328,華容,30,0,30,富邦-花蓮,2023-06-02,9621
2356,英業達,34,7,27,富邦-花蓮,2023-06-02,9621
6142,友勁,20,0,20,富邦-花蓮,2023-06-02,9621
8215,明基材,20,1,19,富邦-花蓮,2023-06-02,9621
3706,神達,22,4,18,富邦-花蓮,2023-06-02,9621
1504,東元,32,16,16,富邦-花蓮,2023-06-02,9621
2484,希華,16,0,16,富邦-花蓮,2023-06-02,9621
5478,智冠,16,0,16,富邦-花蓮,2023-06-02,9621
00670L,富邦NASDAQ正2,15,1,14,富邦-花蓮,2023-06-02,9621
2383,台光電,15,2,13,富邦-花蓮,2023-06-02,9621
3027,盛達,14,1,13,富邦-花蓮,2023-06-02,9621
8088,品安,14,1,13,富邦-花蓮,2023-06-02,9621
1905,華紙,73,61,12,富邦-花蓮,2023-06-02,9621
3419,譁裕,12,0,12,富邦-花蓮,2023-06-02,9621
6182,合晶,15,3,12,富邦-花蓮,2023-06-02,9621
8150,南茂,12,0,12,富邦-花蓮,2023-06-02,9621
3094,聯傑,10,0,10,富邦-花蓮,2023-06-02,9621
3306,鼎天,11,1,10,富邦-花蓮,2023-06-02,9621
6719,力智,10,0,10,富邦-花蓮,2023-06-02,9621
8076,伍豐,11,1,10,富邦-花蓮,2023-06-02,9621
1524,耿鼎,13,4,9,富邦-花蓮,2023-06-02,9621
2399,映泰,26,17,9,富邦-花蓮,2023-06-02,9621
4129,聯合,12,3,9,富邦-花蓮,2023-06-02,9621
4979,華星光,446,437,9,富邦-花蓮,2023-06-02,9621
8222,寶一,10,1,9,富邦-花蓮,2023-06-02,9621
1608,華榮,15,7,8,富邦-花蓮,2023-06-02,9621
2427,三商電,8,0,8,富邦-花蓮,2023-06-02,9621
2630,亞航,12,4,8,富邦-花蓮,2023-06-02,9621
6689,伊雲谷,11,3,8,富邦-花蓮,2023-06-02,9621
6770,力積電,9,1,8,富邦-花蓮,2023-06-02,9621
00679B,元大美債20年,7,0,7,富邦-花蓮,2023-06-02,9621
00893,國泰智能電動車,10,3,7,富邦-花蓮,2023-06-02,9621
2610,華航,124,118,6,富邦-花蓮,2023-06-02,9621
6271,同欣電,6,0,6,富邦-花蓮,2023-06-02,9621
3711,日月光投控,12,6,6,富邦-花蓮,2023-06-02,9621
00664R,國泰臺灣加權反1,6,0,6,富邦-花蓮,2023-06-02,9621
00919,群益台灣精選高息,6,0,6,富邦-花蓮,2023-06-02,9621
2014,中鴻,11,5,6,富邦-花蓮,2023-06-02,9621
2206,三陽工業,8,2,6,富邦-花蓮,2023-06-02,9621
2449,京元電子,9,3,6,富邦-花蓮,2023-06-02,9621
3058,立德,10,4,6,富邦-花蓮,2023-06-02,9621
3548,兆利,6,0,6,富邦-花蓮,2023-06-02,9621
4128,中天,6,0,6,富邦-花蓮,2023-06-02,9621
4739,康普,6,0,6,富邦-花蓮,2023-06-02,9621
6546,正基,6,0,6,富邦-花蓮,2023-06-02,9621
2888,新光金,718,47,671,富邦-花蓮,2023-06-05,9621
1519,華城,396,199,197,富邦-花蓮,2023-06-05,9621
2610,華航,136,8,128,富邦-花蓮,2023-06-05,9621
3078,僑威,68,14,54,富邦-花蓮,2023-06-05,9621
00673R,期元大S＆P原油反1,31,0,31,富邦-花蓮,2023-06-05,9621
00687B,國泰20年美債,30,0,30,富邦-花蓮,2023-06-05,9621
00882,中信中國高股息,30,0,30,富邦-花蓮,2023-06-05,9621
3419,譁裕,30,0,30,富邦-花蓮,2023-06-05,9621
6125,廣運,31,2,29,富邦-花蓮,2023-06-05,9621
2353,宏��,28,2,26,富邦-花蓮,2023-06-05,9621
3552,同致,24,0,24,富邦-花蓮,2023-06-05,9621
6185,幃翔,24,2,22,富邦-花蓮,2023-06-05,9621
2618,長榮航,34,12,22,富邦-花蓮,2023-06-05,9621
00885,富邦越南,27,6,21,富邦-花蓮,2023-06-05,9621
1529,樂事綠能,74,54,20,富邦-花蓮,2023-06-05,9621
3037,欣興,22,3,19,富邦-花蓮,2023-06-05,9621
2617,台航,15,0,15,富邦-花蓮,2023-06-05,9621
3416,融程電,15,0,15,富邦-花蓮,2023-06-05,9621
5478,智冠,16,1,15,富邦-花蓮,2023-06-05,9621
6443,元晶,15,0,15,富邦-花蓮,2023-06-05,9621
3363,上詮,21,6,15,富邦-花蓮,2023-06-05,9621
00919,群益台灣精選高息,15,1,14,富邦-花蓮,2023-06-05,9621
00679B,元大美債20年,13,0,13,富邦-花蓮,2023-06-05,9621
2344,華邦電,18,6,12,富邦-花蓮,2023-06-05,9621
2515,中工,16,4,12,富邦-花蓮,2023-06-05,9621
6142,友勁,12,0,12,富邦-花蓮,2023-06-05,9621
6160,欣技,23,12,11,富邦-花蓮,2023-06-05,9621
1409,新纖,10,0,10,富邦-花蓮,2023-06-05,9621
3625,西勝,10,0,10,富邦-花蓮,2023-06-05,9621
4714,永捷,10,0,10,富邦-花蓮,2023-06-05,9621
5608,四維航,10,0,10,富邦-花蓮,2023-06-05,9621
6214,精誠,12,2,10,富邦-花蓮,2023-06-05,9621
3232,昱捷,9,0,9,富邦-花蓮,2023-06-05,9621
1513,中興電,117,109,8,富邦-花蓮,2023-06-05,9621
1710,東聯,8,0,8,富邦-花蓮,2023-06-05,9621
2363,矽統,8,0,8,富邦-花蓮,2023-06-05,9621
2388,威盛,13,5,8,富邦-花蓮,2023-06-05,9621
5609,中菲行,8,0,8,富邦-花蓮,2023-06-05,9621
006208,富邦台50,14,6,8,富邦-花蓮,2023-06-05,9621
2609,陽明,9,1,8,富邦-花蓮,2023-06-05,9621
6116,彩晶,43,35,8,富邦-花蓮,2023-06-05,9621
00712,復華富時不動產,12,5,7,富邦-花蓮,2023-06-05,9621
2419,仲琦,10,3,7,富邦-花蓮,2023-06-05,9621
2812,台中銀,7,0,7,富邦-花蓮,2023-06-05,9621
4916,事欣科,10,3,7,富邦-花蓮,2023-06-05,9621
5465,富驊,31,24,7,富邦-花蓮,2023-06-05,9621
8088,品安,7,0,7,富邦-花蓮,2023-06-05,9621
2303,聯電,7,1,6,富邦-花蓮,2023-06-05,9621
00892,富邦台灣半導體,6,0,6,富邦-花蓮,2023-06-05,9621
2206,三陽工業,8,2,6,富邦-花蓮,2023-06-05,9621
1104,環泥,60,2,58,富邦-花蓮,2023-06-06,9621
2402,毅嘉,64,14,50,富邦-花蓮,2023-06-06,9621
3419,譁裕,31,0,31,富邦-花蓮,2023-06-06,9621
5488,松普,30,0,30,富邦-花蓮,2023-06-06,9621
0056,元大高股息,26,1,25,富邦-花蓮,2023-06-06,9621
00919,群益台灣精選高息,24,0,24,富邦-花蓮,2023-06-06,9621
2886,兆豐金,22,0,22,富邦-花蓮,2023-06-06,9621
3025,星通,20,0,20,富邦-花蓮,2023-06-06,9621
3290,東浦,20,0,20,富邦-花蓮,2023-06-06,9621
1605,華新,21,3,18,富邦-花蓮,2023-06-06,9621
2489,瑞軒,17,1,16,富邦-花蓮,2023-06-06,9621
00632R,元大台灣50反1,15,0,15,富邦-花蓮,2023-06-06,9621
5425,台半,15,0,15,富邦-花蓮,2023-06-06,9621
6770,力積電,15,0,15,富邦-花蓮,2023-06-06,9621
00679B,元大美債20年,14,0,14,富邦-花蓮,2023-06-06,9621
1314,中石化,15,1,14,富邦-花蓮,2023-06-06,9621
4906,正文,16,2,14,富邦-花蓮,2023-06-06,9621
5609,中菲行,14,0,14,富邦-花蓮,2023-06-06,9621
8088,品安,14,0,14,富邦-花蓮,2023-06-06,9621
3037,欣興,15,1,14,富邦-花蓮,2023-06-06,9621
2461,光群雷,28,15,13,富邦-花蓮,2023-06-06,9621
5465,富驊,13,0,13,富邦-花蓮,2023-06-06,9621
6244,茂迪,13,0,13,富邦-花蓮,2023-06-06,9621
00878,國泰永續高股息,12,0,12,富邦-花蓮,2023-06-06,9621
2302,麗正,12,0,12,富邦-花蓮,2023-06-06,9621
00715L,期街口布蘭特正2,21,10,11,富邦-花蓮,2023-06-06,9621
2014,中鴻,11,0,11,富邦-花蓮,2023-06-06,9621
00795B,中信美國公債20年,10,0,10,富邦-花蓮,2023-06-06,9621
2352,佳世達,10,0,10,富邦-花蓮,2023-06-06,9621
1905,華紙,242,233,9,富邦-花蓮,2023-06-06,9621
1907,永豐餘,14,5,9,富邦-花蓮,2023-06-06,9621
4432,銘旺實,9,0,9,富邦-花蓮,2023-06-06,9621
2486,一詮,10,1,9,富邦-花蓮,2023-06-06,9621
00713,元大台灣高息低波,8,0,8,富邦-花蓮,2023-06-06,9621
1514,亞力,10,2,8,富邦-花蓮,2023-06-06,9621
2323,中環,9,1,8,富邦-花蓮,2023-06-06,9621
1608,華榮,11,3,8,富邦-花蓮,2023-06-06,9621
2353,宏��,11,3,8,富邦-花蓮,2023-06-06,9621
2356,英業達,10,2,8,富邦-花蓮,2023-06-06,9621
2399,映泰,32,24,8,富邦-花蓮,2023-06-06,9621
2104,國際中橡,7,0,7,富邦-花蓮,2023-06-06,9621
6235,華孚,14,7,7,富邦-花蓮,2023-06-06,9621
8933,愛地雅,7,0,7,富邦-花蓮,2023-06-06,9621
2603,長榮,9,3,6,富邦-花蓮,2023-06-06,9621
2208,台船,6,0,6,富邦-花蓮,2023-06-06,9621
3231,緯創,29,23,6,富邦-花蓮,2023-06-06,9621
3346,麗清,12,6,6,富邦-花蓮,2023-06-06,9621
3447,展達,6,0,6,富邦-花蓮,2023-06-06,9621
3682,亞太電,6,0,6,富邦-花蓮,2023-06-06,9621
4123,晟德,6,0,6,富邦-花蓮,2023-06-06,9621
1605,華新,38,3,35,富邦-花蓮,2023-06-07,9621
2888,新光金,94,59,35,富邦-花蓮,2023-06-07,9621
1528,恩德,30,0,30,富邦-花蓮,2023-06-07,9621
2515,中工,26,0,26,富邦-花蓮,2023-06-07,9621
3682,亞太電,32,9,23,富邦-花蓮,2023-06-07,9621
00712,復華富時不動產,24,2,22,富邦-花蓮,2023-06-07,9621
2610,華航,30,10,20,富邦-花蓮,2023-06-07,9621
4961,天鈺,20,0,20,富邦-花蓮,2023-06-07,9621
6282,康舒,82,62,20,富邦-花蓮,2023-06-07,9621
00882,中信中國高股息,25,6,19,富邦-花蓮,2023-06-07,9621
3339,泰谷,19,0,19,富邦-花蓮,2023-06-07,9621
3515,華擎,19,2,17,富邦-花蓮,2023-06-07,9621
2356,英業達,16,0,16,富邦-花蓮,2023-06-07,9621
00632R,元大台灣50反1,25,10,15,富邦-花蓮,2023-06-07,9621
2406,國碩,15,0,15,富邦-花蓮,2023-06-07,9621
3419,譁裕,15,0,15,富邦-花蓮,2023-06-07,9621
9912,偉聯,13,0,13,富邦-花蓮,2023-06-07,9621
00637L,元大滬深300正2,14,2,12,富邦-花蓮,2023-06-07,9621
2014,中鴻,12,0,12,富邦-花蓮,2023-06-07,9621
5880,合庫金,10,0,10,富邦-花蓮,2023-06-07,9621
00642U,期元大S＆P石油,10,0,10,富邦-花蓮,2023-06-07,9621
00687B,國泰20年美債,10,0,10,富邦-花蓮,2023-06-07,9621
1409,新纖,10,0,10,富邦-花蓮,2023-06-07,9621
3325,旭品,10,1,9,富邦-花蓮,2023-06-07,9621
3071,協禧,9,0,9,富邦-花蓮,2023-06-07,9621
3231,緯創,29,20,9,富邦-花蓮,2023-06-07,9621
4564,元翎,9,0,9,富邦-花蓮,2023-06-07,9621
6125,廣運,11,2,9,富邦-花蓮,2023-06-07,9621
8940,新天地,9,0,9,富邦-花蓮,2023-06-07,9621
2706,第一店,11,3,8,富邦-花蓮,2023-06-07,9621
4930,燦星網,20,12,8,富邦-花蓮,2023-06-07,9621
5386,青雲,10,2,8,富邦-花蓮,2023-06-07,9621
1444,力麗,10,3,7,富邦-花蓮,2023-06-07,9621
2349,錸德,7,0,7,富邦-花蓮,2023-06-07,9621
6188,廣明,7,0,7,富邦-花蓮,2023-06-07,9621
8093,保銳,7,0,7,富邦-花蓮,2023-06-07,9621
2393,億光,6,0,6,富邦-花蓮,2023-06-07,9621
2845,遠東銀,6,0,6,富邦-花蓮,2023-06-07,9621
2313,華通,6,0,6,富邦-花蓮,2023-06-07,9621
3711,日月光投控,7,1,6,富邦-花蓮,2023-06-07,9621
1217,愛之味,6,0,6,富邦-花蓮,2023-06-07,9621
2023,燁輝,7,1,6,富邦-花蓮,2023-06-07,9621
2206,三陽工業,163,157,6,富邦-花蓮,2023-06-07,9621
3058,立德,7,1,6,富邦-花蓮,2023-06-07,9621
6244,茂迪,9,3,6,富邦-花蓮,2023-06-07,9621
6570,維田,6,0,6,富邦-花蓮,2023-06-07,9621
00878,國泰永續高股息,8,2,6,富邦-花蓮,2023-06-07,9621
00679B,元大美債20年,5,0,5,富邦-花蓮,2023-06-07,9621
3004,豐達科,6,1,5,富邦-花蓮,2023-06-07,9621
00927,群益半導體收益,5,0,5,富邦-花蓮,2023-06-07,9621
2888,新光金,160,33,127,富邦-花蓮,2023-06-08,9621
00919,群益台灣精選高息,58,1,57,富邦-花蓮,2023-06-08,9621
2618,長榮航,98,55,43,富邦-花蓮,2023-06-08,9621
2457,飛宏,48,6,42,富邦-花蓮,2023-06-08,9621
2323,中環,46,11,35,富邦-花蓮,2023-06-08,9621
1605,華新,45,15,30,富邦-花蓮,2023-06-08,9621
1612,宏泰,38,12,26,富邦-花蓮,2023-06-08,9621
00670L,富邦NASDAQ正2,25,0,25,富邦-花蓮,2023-06-08,9621
3481,群創,26,2,24,富邦-花蓮,2023-06-08,9621
3037,欣興,28,5,23,富邦-花蓮,2023-06-08,9621
3682,亞太電,21,0,21,富邦-花蓮,2023-06-08,9621
2208,台船,20,0,20,富邦-花蓮,2023-06-08,9621
00665L,富邦�琤肭磪囓�2,20,0,20,富邦-花蓮,2023-06-08,9621
2377,微星,20,0,20,富邦-花蓮,2023-06-08,9621
2611,志信,32,12,20,富邦-花蓮,2023-06-08,9621
5347,世界,20,1,19,富邦-花蓮,2023-06-08,9621
8358,金居,17,0,17,富邦-花蓮,2023-06-08,9621
3033,威健,18,1,17,富邦-花蓮,2023-06-08,9621
1815,富喬,15,0,15,富邦-花蓮,2023-06-08,9621
5488,松普,14,0,14,富邦-花蓮,2023-06-08,9621
00772B,中信高評級公司債,13,0,13,富邦-花蓮,2023-06-08,9621
00882,中信中國高股息,13,1,12,富邦-花蓮,2023-06-08,9621
00753L,中信中國50正2,11,0,11,富邦-花蓮,2023-06-08,9621
2344,華邦電,11,0,11,富邦-花蓮,2023-06-08,9621
3276,宇環,10,0,10,富邦-花蓮,2023-06-08,9621
5609,中菲行,10,0,10,富邦-花蓮,2023-06-08,9621
6118,建達,10,0,10,富邦-花蓮,2023-06-08,9621
1101,台泥,13,4,9,富邦-花蓮,2023-06-08,9621
1810,和成,30,21,9,富邦-花蓮,2023-06-08,9621
2382,廣達,15,6,9,富邦-花蓮,2023-06-08,9621
2498,宏達電,9,0,9,富邦-花蓮,2023-06-08,9621
5608,四維航,9,0,9,富邦-花蓮,2023-06-08,9621
1513,中興電,94,85,9,富邦-花蓮,2023-06-08,9621
00885,富邦越南,11,3,8,富邦-花蓮,2023-06-08,9621
2002,中鋼,8,0,8,富邦-花蓮,2023-06-08,9621
2515,中工,8,0,8,富邦-花蓮,2023-06-08,9621
2929,淘帝-KY,8,0,8,富邦-花蓮,2023-06-08,9621
3062,建漢,8,0,8,富邦-花蓮,2023-06-08,9621
3346,麗清,9,1,8,富邦-花蓮,2023-06-08,9621
6143,振曜,8,0,8,富邦-花蓮,2023-06-08,9621
00679B,元大美債20年,7,0,7,富邦-花蓮,2023-06-08,9621
2337,旺宏,7,0,7,富邦-花蓮,2023-06-08,9621
6148,驊宏資,7,0,7,富邦-花蓮,2023-06-08,9621
1734,杏輝,7,0,7,富邦-花蓮,2023-06-08,9621
1762,中化生,7,0,7,富邦-花蓮,2023-06-08,9621
2402,毅嘉,7,0,7,富邦-花蓮,2023-06-08,9621
2634,漢翔,11,4,7,富邦-花蓮,2023-06-08,9621
3576,聯合再生,7,0,7,富邦-花蓮,2023-06-08,9621
5236,凌陽創新,7,0,7,富邦-花蓮,2023-06-08,9621
5243,乙盛-KY,7,0,7,富邦-花蓮,2023-06-08,9621
5706,鳳凰,226,116,110,富邦-花蓮,2023-06-09,9621
2618,長榮航,175,115,60,富邦-花蓮,2023-06-09,9621
2356,英業達,79,25,54,富邦-花蓮,2023-06-09,9621
8076,伍豐,46,5,41,富邦-花蓮,2023-06-09,9621
2323,中環,51,16,35,富邦-花蓮,2023-06-09,9621
3055,蔚華科,31,1,30,富邦-花蓮,2023-06-09,9621
2888,新光金,94,66,28,富邦-花蓮,2023-06-09,9621
2344,華邦電,31,6,25,富邦-花蓮,2023-06-09,9621
2329,華泰,36,16,20,富邦-花蓮,2023-06-09,9621
5609,中菲行,20,0,20,富邦-花蓮,2023-06-09,9621
4729,熒茂,19,0,19,富邦-花蓮,2023-06-09,9621
2482,連宇,18,0,18,富邦-花蓮,2023-06-09,9621
2317,鴻海,20,2,18,富邦-花蓮,2023-06-09,9621
3231,緯創,49,33,16,富邦-花蓮,2023-06-09,9621
3006,晶豪科,16,0,16,富邦-花蓮,2023-06-09,9621
2349,錸德,13,0,13,富邦-花蓮,2023-06-09,9621
3014,聯陽,13,0,13,富邦-花蓮,2023-06-09,9621
3046,建��,45,32,13,富邦-花蓮,2023-06-09,9621
5483,中美晶,13,0,13,富邦-花蓮,2023-06-09,9621
6142,友勁,12,0,12,富邦-花蓮,2023-06-09,9621
00712,復華富時不動產,11,0,11,富邦-花蓮,2023-06-09,9621
1504,東元,22,11,11,富邦-花蓮,2023-06-09,9621
2014,中鴻,14,3,11,富邦-花蓮,2023-06-09,9621
6274,台燿,11,0,11,富邦-花蓮,2023-06-09,9621
2913,農林,10,0,10,富邦-花蓮,2023-06-09,9621
00762,元大全球AI,10,0,10,富邦-花蓮,2023-06-09,9621
3037,欣興,12,2,10,富邦-花蓮,2023-06-09,9621
4533,協易機,20,10,10,富邦-花蓮,2023-06-09,9621
6168,宏齊,10,0,10,富邦-花蓮,2023-06-09,9621
8088,品安,15,5,10,富邦-花蓮,2023-06-09,9621
2498,宏達電,22,13,9,富邦-花蓮,2023-06-09,9621
6227,茂綸,10,1,9,富邦-花蓮,2023-06-09,9621
6789,采鈺,15,6,9,富邦-花蓮,2023-06-09,9621
2453,凌群,9,1,8,富邦-花蓮,2023-06-09,9621
3306,鼎天,10,2,8,富邦-花蓮,2023-06-09,9621
1609,大亞,37,30,7,富邦-花蓮,2023-06-09,9621
00673R,期元大S＆P原油反1,10,3,7,富邦-花蓮,2023-06-09,9621
1605,華新,16,9,7,富邦-花蓮,2023-06-09,9621
2457,飛宏,139,132,7,富邦-花蓮,2023-06-09,9621
3025,星通,7,0,7,富邦-花蓮,2023-06-09,9621
3576,聯合再生,7,0,7,富邦-花蓮,2023-06-09,9621
5347,世界,7,0,7,富邦-花蓮,2023-06-09,9621
6672,騰輝電子-KY,7,0,7,富邦-花蓮,2023-06-09,9621
8446,華研,108,101,7,富邦-花蓮,2023-06-09,9621
1104,環泥,8,2,6,富邦-花蓮,2023-06-09,9621
2312,金寶,8,2,6,富邦-花蓮,2023-06-09,9621
6139,亞翔,12,6,6,富邦-花蓮,2023-06-09,9621
6596,寬宏藝術,9,3,6,富邦-花蓮,2023-06-09,9621
00919,群益台灣精選高息,5,0,5,富邦-花蓮,2023-06-09,9621
1709,和益,5,0,5,富邦-花蓮,2023-06-09,9621
2356,英業達,112,26,86,富邦-花蓮,2023-06-12,9621
00715L,期街口布蘭特正2,79,0,79,富邦-花蓮,2023-06-12,9621
2610,華航,84,12,72,富邦-花蓮,2023-06-12,9621
6167,久正,73,2,71,富邦-花蓮,2023-06-12,9621
2442,新美齊,60,0,60,富邦-花蓮,2023-06-12,9621
6188,廣明,62,2,60,富邦-花蓮,2023-06-12,9621
00929,復華台灣科技優息,58,0,58,富邦-花蓮,2023-06-12,9621
8034,榮群,55,0,55,富邦-花蓮,2023-06-12,9621
6244,茂迪,39,0,39,富邦-花蓮,2023-06-12,9621
00712,復華富時不動產,33,0,33,富邦-花蓮,2023-06-12,9621
00632R,元大台灣50反1,30,0,30,富邦-花蓮,2023-06-12,9621
00919,群益台灣精選高息,28,0,28,富邦-花蓮,2023-06-12,9621
1605,華新,27,0,27,富邦-花蓮,2023-06-12,9621
3628,盈正,25,0,25,富邦-花蓮,2023-06-12,9621
2323,中環,26,2,24,富邦-花蓮,2023-06-12,9621
2495,普安,23,0,23,富邦-花蓮,2023-06-12,9621
3231,緯創,56,36,20,富邦-花蓮,2023-06-12,9621
8076,伍豐,21,3,18,富邦-花蓮,2023-06-12,9621
3380,明泰,17,0,17,富邦-花蓮,2023-06-12,9621
6776,展�眥篕�,17,0,17,富邦-花蓮,2023-06-12,9621
3078,僑威,60,43,17,富邦-花蓮,2023-06-12,9621
00642U,期元大S＆P石油,15,0,15,富邦-花蓮,2023-06-12,9621
3374,精材,39,24,15,富邦-花蓮,2023-06-12,9621
2705,六福,14,0,14,富邦-花蓮,2023-06-12,9621
2009,第一銅,13,0,13,富邦-花蓮,2023-06-12,9621
2206,三陽工業,13,0,13,富邦-花蓮,2023-06-12,9621
3046,建��,23,10,13,富邦-花蓮,2023-06-12,9621
8358,金居,14,1,13,富邦-花蓮,2023-06-12,9621
2312,金寶,13,0,13,富邦-花蓮,2023-06-12,9621
2449,京元電子,13,1,12,富邦-花蓮,2023-06-12,9621
1809,中釉,11,0,11,富邦-花蓮,2023-06-12,9621
2352,佳世達,11,0,11,富邦-花蓮,2023-06-12,9621
3062,建漢,11,0,11,富邦-花蓮,2023-06-12,9621
4190,佐登-KY,11,0,11,富邦-花蓮,2023-06-12,9621
5465,富驊,12,1,11,富邦-花蓮,2023-06-12,9621
6122,擎邦,12,2,10,富邦-花蓮,2023-06-12,9621
00922,國泰台灣領袖50,10,0,10,富邦-花蓮,2023-06-12,9621
00882,中信中國高股息,10,0,10,富邦-花蓮,2023-06-12,9621
1533,車王電,10,0,10,富邦-花蓮,2023-06-12,9621
1608,華榮,10,0,10,富邦-花蓮,2023-06-12,9621
2022,聚亨,10,0,10,富邦-花蓮,2023-06-12,9621
2702,華園,10,0,10,富邦-花蓮,2023-06-12,9621
3049,精金,10,0,10,富邦-花蓮,2023-06-12,9621
3580,友威科,10,0,10,富邦-花蓮,2023-06-12,9621
3625,西勝,10,0,10,富邦-花蓮,2023-06-12,9621
8420,明揚,10,0,10,富邦-花蓮,2023-06-12,9621
3363,上詮,10,0,10,富邦-花蓮,2023-06-12,9621
2382,廣達,85,75,10,富邦-花蓮,2023-06-12,9621
1762,中化生,9,0,9,富邦-花蓮,2023-06-12,9621
2611,志信,9,0,9,富邦-花蓮,2023-06-12,9621
2888,新光金,184,60,124,富邦-花蓮,2023-06-13,9621
00715L,期街口布蘭特正2,101,0,101,富邦-花蓮,2023-06-13,9621
2618,長榮航,120,46,74,富邦-花蓮,2023-06-13,9621
00642U,期元大S＆P石油,56,0,56,富邦-花蓮,2023-06-13,9621
00919,群益台灣精選高息,51,0,51,富邦-花蓮,2023-06-13,9621
3652,精聯,48,0,48,富邦-花蓮,2023-06-13,9621
00882,中信中國高股息,36,0,36,富邦-花蓮,2023-06-13,9621
00712,復華富時不動產,33,0,33,富邦-花蓮,2023-06-13,9621
6016,康和證,30,0,30,富邦-花蓮,2023-06-13,9621
6743,安普新,30,0,30,富邦-花蓮,2023-06-13,9621
00929,復華台灣科技優息,24,0,24,富邦-花蓮,2023-06-13,9621
2486,一詮,20,0,20,富邦-花蓮,2023-06-13,9621
2489,瑞軒,20,0,20,富邦-花蓮,2023-06-13,9621
2362,藍天,15,0,15,富邦-花蓮,2023-06-13,9621
3058,立德,13,0,13,富邦-花蓮,2023-06-13,9621
2881,富邦金,12,1,11,富邦-花蓮,2023-06-13,9621
3232,昱捷,11,0,11,富邦-花蓮,2023-06-13,9621
8926,台汽電,15,4,11,富邦-花蓮,2023-06-13,9621
00664R,國泰臺灣加權反1,10,0,10,富邦-花蓮,2023-06-13,9621
1539,巨庭,10,0,10,富邦-花蓮,2023-06-13,9621
2332,友訊,10,0,10,富邦-花蓮,2023-06-13,9621
2449,京元電子,776,766,10,富邦-花蓮,2023-06-13,9621
2542,興富發,10,0,10,富邦-花蓮,2023-06-13,9621
3483,力致,13,3,10,富邦-花蓮,2023-06-13,9621
6217,中探針,11,1,10,富邦-花蓮,2023-06-13,9621
8420,明揚,10,0,10,富邦-花蓮,2023-06-13,9621
8433,弘帆,10,0,10,富邦-花蓮,2023-06-13,9621
2399,映泰,10,1,9,富邦-花蓮,2023-06-13,9621
3032,偉訓,9,0,9,富邦-花蓮,2023-06-13,9621
2706,第一店,9,1,8,富邦-花蓮,2023-06-13,9621
5340,建榮,8,0,8,富邦-花蓮,2023-06-13,9621
5386,青雲,8,0,8,富邦-花蓮,2023-06-13,9621
6188,廣明,60,52,8,富邦-花蓮,2023-06-13,9621
3035,智原,35,28,7,富邦-花蓮,2023-06-13,9621
2206,三陽工業,212,206,6,富邦-花蓮,2023-06-13,9621
2436,偉詮電,11,5,6,富邦-花蓮,2023-06-13,9621
2601,益航,6,0,6,富邦-花蓮,2023-06-13,9621
3308,聯德,6,0,6,富邦-花蓮,2023-06-13,9621
4768,晶呈科技,6,0,6,富邦-花蓮,2023-06-13,9621
8112,至上,6,0,6,富邦-花蓮,2023-06-13,9621
2615,萬海,6,1,5,富邦-花蓮,2023-06-13,9621
4977,眾達-KY,5,0,5,富邦-花蓮,2023-06-13,9621
00632R,元大台灣50反1,40,35,5,富邦-花蓮,2023-06-13,9621
1570,力肯,5,0,5,富邦-花蓮,2023-06-13,9621
2353,宏��,7,2,5,富邦-花蓮,2023-06-13,9621
2611,志信,5,0,5,富邦-花蓮,2023-06-13,9621
3714,富采,5,0,5,富邦-花蓮,2023-06-13,9621
6426,統新,5,0,5,富邦-花蓮,2023-06-13,9621
8215,明基材,5,0,5,富邦-花蓮,2023-06-13,9621
2313,華通,4,0,4,富邦-花蓮,2023-06-13,9621
2356,英業達,111,57,54,富邦-花蓮,2023-06-14,9621
2888,新光金,92,40,52,富邦-花蓮,2023-06-14,9621
00687B,國泰20年美債,35,0,35,富邦-花蓮,2023-06-14,9621
2468,華經,35,2,33,富邦-花蓮,2023-06-14,9621
3707,漢磊,34,2,32,富邦-花蓮,2023-06-14,9621
00712,復華富時不動產,33,2,31,富邦-花蓮,2023-06-14,9621
4533,協易機,40,9,31,富邦-花蓮,2023-06-14,9621
6167,久正,29,0,29,富邦-花蓮,2023-06-14,9621
3264,欣銓,31,7,24,富邦-花蓮,2023-06-14,9621
1609,大亞,32,11,21,富邦-花蓮,2023-06-14,9621
00665L,富邦�琤肭磪囓�2,20,0,20,富邦-花蓮,2023-06-14,9621
2495,普安,21,1,20,富邦-花蓮,2023-06-14,9621
00919,群益台灣精選高息,40,20,20,富邦-花蓮,2023-06-14,9621
1528,恩德,19,0,19,富邦-花蓮,2023-06-14,9621
5328,華容,23,4,19,富邦-花蓮,2023-06-14,9621
2498,宏達電,19,2,17,富邦-花蓮,2023-06-14,9621
2206,三陽工業,16,0,16,富邦-花蓮,2023-06-14,9621
4432,銘旺實,15,0,15,富邦-花蓮,2023-06-14,9621
2388,威盛,14,0,14,富邦-花蓮,2023-06-14,9621
00929,復華台灣科技優息,15,2,13,富邦-花蓮,2023-06-14,9621
00751B,元大AAA至A公司債,12,0,12,富邦-花蓮,2023-06-14,9621
2706,第一店,14,2,12,富邦-花蓮,2023-06-14,9621
6274,台燿,12,0,12,富邦-花蓮,2023-06-14,9621
3308,聯德,12,0,12,富邦-花蓮,2023-06-14,9621
2886,兆豐金,12,1,11,富邦-花蓮,2023-06-14,9621
4510,高鋒,17,6,11,富邦-花蓮,2023-06-14,9621
8215,明基材,13,2,11,富邦-花蓮,2023-06-14,9621
00896,中信綠能及電動車,10,0,10,富邦-花蓮,2023-06-14,9621
00882,中信中國高股息,10,0,10,富邦-花蓮,2023-06-14,9621
1612,宏泰,12,2,10,富邦-花蓮,2023-06-14,9621
2332,友訊,10,0,10,富邦-花蓮,2023-06-14,9621
2427,三商電,15,5,10,富邦-花蓮,2023-06-14,9621
3625,西勝,10,0,10,富邦-花蓮,2023-06-14,9621
8112,至上,10,0,10,富邦-花蓮,2023-06-14,9621
9958,世紀鋼,10,0,10,富邦-花蓮,2023-06-14,9621
6235,華孚,197,187,10,富邦-花蓮,2023-06-14,9621
3576,聯合再生,9,0,9,富邦-花蓮,2023-06-14,9621
8446,華研,13,4,9,富邦-花蓮,2023-06-14,9621
6789,采鈺,11,2,9,富邦-花蓮,2023-06-14,9621
00679B,元大美債20年,8,0,8,富邦-花蓮,2023-06-14,9621
3105,穩懋,8,0,8,富邦-花蓮,2023-06-14,9621
1104,環泥,8,0,8,富邦-花蓮,2023-06-14,9621
1605,華新,13,5,8,富邦-花蓮,2023-06-14,9621
2436,偉詮電,9,1,8,富邦-花蓮,2023-06-14,9621
5443,均豪,11,3,8,富邦-花蓮,2023-06-14,9621
1611,中電,12,5,7,富邦-花蓮,2023-06-14,9621
1711,永光,7,0,7,富邦-花蓮,2023-06-14,9621
6125,廣運,191,184,7,富邦-花蓮,2023-06-14,9621
1319,東陽,7,1,6,富邦-花蓮,2023-06-14,9621
1714,和桐,6,0,6,富邦-花蓮,2023-06-14,9621
00715L,期街口布蘭特正2,95,2,93,富邦-花蓮,2023-06-15,9621
00712,復華富時不動產,59,3,56,富邦-花蓮,2023-06-15,9621
00882,中信中國高股息,49,0,49,富邦-花蓮,2023-06-15,9621
3706,神達,76,28,48,富邦-花蓮,2023-06-15,9621
1802,台玻,80,35,45,富邦-花蓮,2023-06-15,9621
00632R,元大台灣50反1,65,22,43,富邦-花蓮,2023-06-15,9621
2618,長榮航,134,98,36,富邦-花蓮,2023-06-15,9621
00919,群益台灣精選高息,39,7,32,富邦-花蓮,2023-06-15,9621
2888,新光金,38,6,32,富邦-花蓮,2023-06-15,9621
3047,訊舟,30,0,30,富邦-花蓮,2023-06-15,9621
2515,中工,21,0,21,富邦-花蓮,2023-06-15,9621
3576,聯合再生,24,3,21,富邦-花蓮,2023-06-15,9621
8420,明揚,20,1,19,富邦-花蓮,2023-06-15,9621
6218,豪勉,15,0,15,富邦-花蓮,2023-06-15,9621
3071,協禧,16,1,15,富邦-花蓮,2023-06-15,9621
6532,瑞耘,15,0,15,富邦-花蓮,2023-06-15,9621
1609,大亞,44,30,14,富邦-花蓮,2023-06-15,9621
3029,零壹,14,0,14,富邦-花蓮,2023-06-15,9621
0056,元大高股息,14,1,13,富邦-花蓮,2023-06-15,9621
2883,凱基金,13,0,13,富邦-花蓮,2023-06-15,9621
3305,昇貿,13,0,13,富邦-花蓮,2023-06-15,9621
5284,jpp-KY,13,0,13,富邦-花蓮,2023-06-15,9621
00929,復華台灣科技優息,12,0,12,富邦-花蓮,2023-06-15,9621
3481,群創,17,6,11,富邦-花蓮,2023-06-15,9621
00713,元大台灣高息低波,14,3,11,富邦-花蓮,2023-06-15,9621
2705,六福,12,1,11,富邦-花蓮,2023-06-15,9621
4123,晟德,11,0,11,富邦-花蓮,2023-06-15,9621
6182,合晶,11,0,11,富邦-花蓮,2023-06-15,9621
6288,聯嘉,11,0,11,富邦-花蓮,2023-06-15,9621
2634,漢翔,11,1,10,富邦-花蓮,2023-06-15,9621
2886,兆豐金,11,0,11,富邦-花蓮,2023-06-15,9621
00664R,國泰臺灣加權反1,10,0,10,富邦-花蓮,2023-06-15,9621
1444,力麗,10,0,10,富邦-花蓮,2023-06-15,9621
1455,集盛,10,0,10,富邦-花蓮,2023-06-15,9621
1612,宏泰,23,13,10,富邦-花蓮,2023-06-15,9621
2481,強茂,10,0,10,富邦-花蓮,2023-06-15,9621
3504,揚明光,10,0,10,富邦-花蓮,2023-06-15,9621
3682,亞太電,13,3,10,富邦-花蓮,2023-06-15,9621
5243,乙盛-KY,10,0,10,富邦-花蓮,2023-06-15,9621
8088,品安,10,0,10,富邦-花蓮,2023-06-15,9621
2301,光寶科,13,4,9,富邦-花蓮,2023-06-15,9621
3055,蔚華科,43,34,9,富邦-花蓮,2023-06-15,9621
3264,欣銓,9,0,9,富邦-花蓮,2023-06-15,9621
00679B,元大美債20年,8,0,8,富邦-花蓮,2023-06-15,9621
1734,杏輝,8,0,8,富邦-花蓮,2023-06-15,9621
2401,凌陽,44,36,8,富邦-花蓮,2023-06-15,9621
3583,辛耘,9,1,8,富邦-花蓮,2023-06-15,9621
6770,力積電,16,8,8,富邦-花蓮,2023-06-15,9621
2317,鴻海,8,0,8,富邦-花蓮,2023-06-15,9621
00897,富邦基因免疫生技,7,0,7,富邦-花蓮,2023-06-15,9621
1605,華新,80,29,51,富邦-花蓮,2023-06-16,9621
1905,華紙,51,2,49,富邦-花蓮,2023-06-16,9621
6276,安鈦克,54,6,48,富邦-花蓮,2023-06-16,9621
1815,富喬,43,1,42,富邦-花蓮,2023-06-16,9621
4961,天鈺,34,0,34,富邦-花蓮,2023-06-16,9621
5328,華容,31,0,31,富邦-花蓮,2023-06-16,9621
00665L,富邦�琤肭磪囓�2,30,1,29,富邦-花蓮,2023-06-16,9621
00878,國泰永續高股息,42,19,23,富邦-花蓮,2023-06-16,9621
3013,晟銘電,26,4,22,富邦-花蓮,2023-06-16,9621
3706,神達,121,100,21,富邦-花蓮,2023-06-16,9621
2356,英業達,40,20,20,富邦-花蓮,2023-06-16,9621
8088,品安,20,0,20,富邦-花蓮,2023-06-16,9621
2371,大同,66,48,18,富邦-花蓮,2023-06-16,9621
6282,康舒,19,3,16,富邦-花蓮,2023-06-16,9621
2883,凱基金,15,0,15,富邦-花蓮,2023-06-16,9621
4155,訊映,15,0,15,富邦-花蓮,2023-06-16,9621
5498,凱崴,15,0,15,富邦-花蓮,2023-06-16,9621
6188,廣明,56,41,15,富邦-花蓮,2023-06-16,9621
2301,光寶科,16,2,14,富邦-花蓮,2023-06-16,9621
3576,聯合再生,17,3,14,富邦-花蓮,2023-06-16,9621
2353,宏��,226,213,13,富邦-花蓮,2023-06-16,9621
6443,元晶,14,1,13,富邦-花蓮,2023-06-16,9621
2344,華邦電,15,2,13,富邦-花蓮,2023-06-16,9621
3231,緯創,60,48,12,富邦-花蓮,2023-06-16,9621
2332,友訊,11,0,11,富邦-花蓮,2023-06-16,9621
0056,元大高股息,15,4,11,富邦-花蓮,2023-06-16,9621
00919,群益台灣精選高息,11,0,11,富邦-花蓮,2023-06-16,9621
3685,元創精密,10,0,10,富邦-花蓮,2023-06-16,9621
2406,國碩,10,0,10,富邦-花蓮,2023-06-16,9621
3625,西勝,10,0,10,富邦-花蓮,2023-06-16,9621
4906,正文,10,0,10,富邦-花蓮,2023-06-16,9621
4973,廣穎,10,0,10,富邦-花蓮,2023-06-16,9621
6016,康和證,10,0,10,富邦-花蓮,2023-06-16,9621
8038,長園科,10,0,10,富邦-花蓮,2023-06-16,9621
1522,堤維西,37,28,9,富邦-花蓮,2023-06-16,9621
4564,元翎,10,1,9,富邦-花蓮,2023-06-16,9621
2359,所羅門,9,1,8,富邦-花蓮,2023-06-16,9621
2388,威盛,28,20,8,富邦-花蓮,2023-06-16,9621
3128,昇銳,8,0,8,富邦-花蓮,2023-06-16,9621
3363,上詮,14,6,8,富邦-花蓮,2023-06-16,9621
5425,台半,11,3,8,富邦-花蓮,2023-06-16,9621
2618,長榮航,78,70,8,富邦-花蓮,2023-06-16,9621
1527,鑽全,7,0,7,富邦-花蓮,2023-06-16,9621
2365,昆盈,7,0,7,富邦-花蓮,2023-06-16,9621
2482,連宇,10,3,7,富邦-花蓮,2023-06-16,9621
3046,建��,8,1,7,富邦-花蓮,2023-06-16,9621
2890,永豐金,7,0,7,富邦-花蓮,2023-06-16,9621
4743,合一,8,2,6,富邦-花蓮,2023-06-16,9621
2382,廣達,8,2,6,富邦-花蓮,2023-06-16,9621
3022,威強電,6,0,6,富邦-花蓮,2023-06-16,9621
2888,新光金,271,5,266,富邦-花蓮,2023-06-19,9621
0056,元大高股息,66,6,60,富邦-花蓮,2023-06-19,9621
6116,彩晶,80,20,60,富邦-花蓮,2023-06-19,9621
00712,復華富時不動產,55,0,55,富邦-花蓮,2023-06-19,9621
6120,達運,149,106,43,富邦-花蓮,2023-06-19,9621
00878,國泰永續高股息,55,22,33,富邦-花蓮,2023-06-19,9621
2356,英業達,135,102,33,富邦-花蓮,2023-06-19,9621
00720B,元大投資級公司債,28,0,28,富邦-花蓮,2023-06-19,9621
2353,宏��,31,4,27,富邦-花蓮,2023-06-19,9621
00679B,元大美債20年,23,0,23,富邦-花蓮,2023-06-19,9621
00929,復華台灣科技優息,21,0,21,富邦-花蓮,2023-06-19,9621
1305,華夏,21,0,21,富邦-花蓮,2023-06-19,9621
1527,鑽全,20,0,20,富邦-花蓮,2023-06-19,9621
2609,陽明,19,1,18,富邦-花蓮,2023-06-19,9621
2312,金寶,34,18,16,富邦-花蓮,2023-06-19,9621
5905,南仁湖,20,4,16,富邦-花蓮,2023-06-19,9621
1471,首利,40,25,15,富邦-花蓮,2023-06-19,9621
2413,環科,20,5,15,富邦-花蓮,2023-06-19,9621
2317,鴻海,14,0,14,富邦-花蓮,2023-06-19,9621
2323,中環,17,3,14,富邦-花蓮,2023-06-19,9621
2367,燿華,14,0,14,富邦-花蓮,2023-06-19,9621
4906,正文,14,0,14,富邦-花蓮,2023-06-19,9621
00919,群益台灣精選高息,13,0,13,富邦-花蓮,2023-06-19,9621
3714,富采,13,0,13,富邦-花蓮,2023-06-19,9621
6148,驊宏資,266,253,13,富邦-花蓮,2023-06-19,9621
00639,富邦深100,12,0,12,富邦-花蓮,2023-06-19,9621
2324,仁寶,26,14,12,富邦-花蓮,2023-06-19,9621
3706,神達,19,7,12,富邦-花蓮,2023-06-19,9621
6282,康舒,18,6,12,富邦-花蓮,2023-06-19,9621
3231,緯創,30,19,11,富邦-花蓮,2023-06-19,9621
2014,中鴻,12,1,11,富邦-花蓮,2023-06-19,9621
3013,晟銘電,16,5,11,富邦-花蓮,2023-06-19,9621
2618,長榮航,34,23,11,富邦-花蓮,2023-06-19,9621
1522,堤維西,11,1,10,富邦-花蓮,2023-06-19,9621
1611,中電,10,0,10,富邦-花蓮,2023-06-19,9621
3447,展達,10,0,10,富邦-花蓮,2023-06-19,9621
8064,東捷,10,0,10,富邦-花蓮,2023-06-19,9621
9933,中鼎,10,0,10,富邦-花蓮,2023-06-19,9621
1529,樂事綠能,10,1,9,富邦-花蓮,2023-06-19,9621
6285,啟��,10,1,9,富邦-花蓮,2023-06-19,9621
8088,品安,10,1,9,富邦-花蓮,2023-06-19,9621
8940,新天地,10,1,9,富邦-花蓮,2023-06-19,9621
3380,明泰,8,0,8,富邦-花蓮,2023-06-19,9621
1605,華新,25,18,7,富邦-花蓮,2023-06-19,9621
3583,辛耘,8,1,7,富邦-花蓮,2023-06-19,9621
3625,西勝,7,0,7,富邦-花蓮,2023-06-19,9621
4114,健喬,7,0,7,富邦-花蓮,2023-06-19,9621
6125,廣運,7,0,7,富邦-花蓮,2023-06-19,9621
6168,宏齊,7,0,7,富邦-花蓮,2023-06-19,9621
6182,合晶,7,0,7,富邦-花蓮,2023-06-19,9621
3481,群創,142,14,128,富邦-花蓮,2023-06-20,9621
2618,長榮航,149,76,73,富邦-花蓮,2023-06-20,9621
0056,元大高股息,75,15,60,富邦-花蓮,2023-06-20,9621
2888,新光金,52,0,52,富邦-花蓮,2023-06-20,9621
00882,中信中國高股息,51,0,51,富邦-花蓮,2023-06-20,9621
2382,廣達,85,54,31,富邦-花蓮,2023-06-20,9621
2356,英業達,48,20,28,富邦-花蓮,2023-06-20,9621
00712,復華富時不動產,28,0,28,富邦-花蓮,2023-06-20,9621
00929,復華台灣科技優息,24,0,24,富邦-花蓮,2023-06-20,9621
1527,鑽全,30,7,23,富邦-花蓮,2023-06-20,9621
2023,燁輝,22,0,22,富邦-花蓮,2023-06-20,9621
1815,富喬,21,0,21,富邦-花蓮,2023-06-20,9621
2454,聯發科,20,0,20,富邦-花蓮,2023-06-20,9621
8420,明揚,20,0,20,富邦-花蓮,2023-06-20,9621
8183,精星,20,1,19,富邦-花蓮,2023-06-20,9621
00687B,國泰20年美債,16,0,16,富邦-花蓮,2023-06-20,9621
1319,東陽,22,6,16,富邦-花蓮,2023-06-20,9621
1529,樂事綠能,15,0,15,富邦-花蓮,2023-06-20,9621
3711,日月光投控,15,0,15,富邦-花蓮,2023-06-20,9621
6282,康舒,16,1,15,富邦-花蓮,2023-06-20,9621
6266,泰詠,15,0,15,富邦-花蓮,2023-06-20,9621
8358,金居,14,0,14,富邦-花蓮,2023-06-20,9621
6185,幃翔,13,0,13,富邦-花蓮,2023-06-20,9621
8076,伍豐,15,2,13,富邦-花蓮,2023-06-20,9621
2634,漢翔,89,76,13,富邦-花蓮,2023-06-20,9621
3006,晶豪科,11,0,11,富邦-花蓮,2023-06-20,9621
00633L,富邦上証正2,11,0,11,富邦-花蓮,2023-06-20,9621
00639,富邦深100,10,0,10,富邦-花蓮,2023-06-20,9621
00673R,期元大S＆P原油反1,10,0,10,富邦-花蓮,2023-06-20,9621
00921,兆豐龍頭等權重,10,0,10,富邦-花蓮,2023-06-20,9621
1444,力麗,10,0,10,富邦-花蓮,2023-06-20,9621
2468,華經,11,1,10,富邦-花蓮,2023-06-20,9621
2489,瑞軒,10,0,10,富邦-花蓮,2023-06-20,9621
2498,宏達電,10,0,10,富邦-花蓮,2023-06-20,9621
2834,臺企銀,10,0,10,富邦-花蓮,2023-06-20,9621
3049,精金,15,5,10,富邦-花蓮,2023-06-20,9621
3128,昇銳,10,0,10,富邦-花蓮,2023-06-20,9621
4526,東台,10,0,10,富邦-花蓮,2023-06-20,9621
5880,合庫金,10,0,10,富邦-花蓮,2023-06-20,9621
6139,亞翔,10,0,10,富邦-花蓮,2023-06-20,9621
8940,新天地,10,0,10,富邦-花蓮,2023-06-20,9621
00905,FT臺灣Smart,10,0,10,富邦-花蓮,2023-06-20,9621
2882,國泰金,10,1,9,富邦-花蓮,2023-06-20,9621
3027,盛達,10,1,9,富邦-花蓮,2023-06-20,9621
3325,旭品,10,1,9,富邦-花蓮,2023-06-20,9621
4961,天鈺,10,1,9,富邦-花蓮,2023-06-20,9621
5222,全訊,9,0,9,富邦-花蓮,2023-06-20,9621
2303,聯電,12,4,8,富邦-花蓮,2023-06-20,9621
2887,台新金,11,3,8,富邦-花蓮,2023-06-20,9621
00679B,元大美債20年,7,0,7,富邦-花蓮,2023-06-20,9621
2356,英業達,192,60,132,富邦-花蓮,2023-06-21,9621
2610,華航,119,15,104,富邦-花蓮,2023-06-21,9621
2609,陽明,46,3,43,富邦-花蓮,2023-06-21,9621
2705,六福,40,3,37,富邦-花蓮,2023-06-21,9621
3625,西勝,31,0,31,富邦-花蓮,2023-06-21,9621
2634,漢翔,56,29,27,富邦-花蓮,2023-06-21,9621
00882,中信中國高股息,25,0,25,富邦-花蓮,2023-06-21,9621
2312,金寶,28,3,25,富邦-花蓮,2023-06-21,9621
1609,大亞,29,7,22,富邦-花蓮,2023-06-21,9621
2337,旺宏,22,0,22,富邦-花蓮,2023-06-21,9621
3047,訊舟,20,0,20,富邦-花蓮,2023-06-21,9621
5258,虹堡,23,3,20,富邦-花蓮,2023-06-21,9621
6005,群益證,20,0,20,富邦-花蓮,2023-06-21,9621
8048,德勝,20,0,20,富邦-花蓮,2023-06-21,9621
2365,昆盈,19,0,19,富邦-花蓮,2023-06-21,9621
2603,長榮,24,6,18,富邦-花蓮,2023-06-21,9621
2303,聯電,19,1,18,富邦-花蓮,2023-06-21,9621
2323,中環,55,37,18,富邦-花蓮,2023-06-21,9621
6176,瑞儀,16,0,16,富邦-花蓮,2023-06-21,9621
3006,晶豪科,15,0,15,富邦-花蓮,2023-06-21,9621
2067,嘉鋼,15,0,15,富邦-花蓮,2023-06-21,9621
3339,泰谷,16,1,15,富邦-花蓮,2023-06-21,9621
3701,大眾控,15,0,15,富邦-花蓮,2023-06-21,9621
00673R,期元大S＆P原油反1,21,10,11,富邦-花蓮,2023-06-21,9621
2371,大同,40,30,10,富邦-花蓮,2023-06-21,9621
2392,正崴,10,0,10,富邦-花蓮,2023-06-21,9621
2492,華新科,10,0,10,富邦-花蓮,2023-06-21,9621
3581,博磊,13,3,10,富邦-花蓮,2023-06-21,9621
1513,中興電,16,6,10,富邦-花蓮,2023-06-21,9621
2867,三商壽,9,0,9,富邦-花蓮,2023-06-21,9621
2888,新光金,15,6,9,富邦-花蓮,2023-06-21,9621
3325,旭品,20,11,9,富邦-花蓮,2023-06-21,9621
8105,凌巨,11,2,9,富邦-花蓮,2023-06-21,9621
1471,首利,10,2,8,富邦-花蓮,2023-06-21,9621
3045,台灣大,8,0,8,富邦-花蓮,2023-06-21,9621
3714,富采,10,2,8,富邦-花蓮,2023-06-21,9621
00892,富邦台灣半導體,7,0,7,富邦-花蓮,2023-06-21,9621
2630,亞航,7,0,7,富邦-花蓮,2023-06-21,9621
4726,永昕,8,1,7,富邦-花蓮,2023-06-21,9621
1714,和桐,6,0,6,富邦-花蓮,2023-06-21,9621
1795,美時,6,0,6,富邦-花蓮,2023-06-21,9621
2406,國碩,6,0,6,富邦-花蓮,2023-06-21,9621
2890,永豐金,6,0,6,富邦-花蓮,2023-06-21,9621
3062,建漢,6,0,6,富邦-花蓮,2023-06-21,9621
3162,精確,6,0,6,富邦-花蓮,2023-06-21,9621
3264,欣銓,7,1,6,富邦-花蓮,2023-06-21,9621
8183,精星,6,0,6,富邦-花蓮,2023-06-21,9621
1504,東元,14,9,5,富邦-花蓮,2023-06-21,9621
2607,榮運,5,0,5,富邦-花蓮,2023-06-21,9621
2731,雄獅,6,1,5,富邦-花蓮,2023-06-21,9621
2610,華航,194,19,175,富邦-花蓮,2023-06-26,9621
2104,國際中橡,88,0,88,富邦-花蓮,2023-06-26,9621
2888,新光金,78,1,77,富邦-花蓮,2023-06-26,9621
2409,友達,77,6,71,富邦-花蓮,2023-06-26,9621
6120,達運,74,7,67,富邦-花蓮,2023-06-26,9621
3481,群創,74,12,62,富邦-花蓮,2023-06-26,9621
8420,明揚,50,1,49,富邦-花蓮,2023-06-26,9621
2303,聯電,61,21,40,富邦-花蓮,2023-06-26,9621
8942,森鉅,40,0,40,富邦-花蓮,2023-06-26,9621
2748,雲品,41,2,39,富邦-花蓮,2023-06-26,9621
1513,中興電,32,2,30,富邦-花蓮,2023-06-26,9621
8183,精星,28,0,28,富邦-花蓮,2023-06-26,9621
00919,群益台灣精選高息,26,0,26,富邦-花蓮,2023-06-26,9621
3625,西勝,25,0,25,富邦-花蓮,2023-06-26,9621
00715L,期街口布蘭特正2,30,10,20,富邦-花蓮,2023-06-26,9621
00665L,富邦�琤肭磪囓�2,20,0,20,富邦-花蓮,2023-06-26,9621
2889,國票金,22,2,20,富邦-花蓮,2023-06-26,9621
3024,憶聲,20,0,20,富邦-花蓮,2023-06-26,9621
2382,廣達,31,11,20,富邦-花蓮,2023-06-26,9621
00712,復華富時不動產,18,0,18,富邦-花蓮,2023-06-26,9621
3231,緯創,78,61,17,富邦-花蓮,2023-06-26,9621
6005,群益證,20,3,17,富邦-花蓮,2023-06-26,9621
6282,康舒,17,1,16,富邦-花蓮,2023-06-26,9621
0050,元大台灣50,18,3,15,富邦-花蓮,2023-06-26,9621
00882,中信中國高股息,15,0,15,富邦-花蓮,2023-06-26,9621
2609,陽明,16,1,15,富邦-花蓮,2023-06-26,9621
3682,亞太電,15,0,15,富邦-花蓮,2023-06-26,9621
4906,正文,15,0,15,富邦-花蓮,2023-06-26,9621
1904,正隆,20,5,15,富邦-花蓮,2023-06-26,9621
3078,僑威,26,13,13,富邦-花蓮,2023-06-26,9621
00670L,富邦NASDAQ正2,13,0,13,富邦-花蓮,2023-06-26,9621
2328,廣宇,13,0,13,富邦-花蓮,2023-06-26,9621
2356,英業達,49,36,13,富邦-花蓮,2023-06-26,9621
00905,FT臺灣Smart,13,0,13,富邦-花蓮,2023-06-26,9621
2344,華邦電,13,1,12,富邦-花蓮,2023-06-26,9621
2312,金寶,13,1,12,富邦-花蓮,2023-06-26,9621
00650L,復華香港正2,13,2,11,富邦-花蓮,2023-06-26,9621
00637L,元大滬深300正2,13,2,11,富邦-花蓮,2023-06-26,9621
1104,環泥,11,0,11,富邦-花蓮,2023-06-26,9621
1802,台玻,18,7,11,富邦-花蓮,2023-06-26,9621
2444,兆勁,10,0,10,富邦-花蓮,2023-06-26,9621
2329,華泰,10,0,10,富邦-花蓮,2023-06-26,9621
5328,華容,10,0,10,富邦-花蓮,2023-06-26,9621
3483,力致,14,4,10,富邦-花蓮,2023-06-26,9621
1905,華紙,16,7,9,富邦-花蓮,2023-06-26,9621
2606,裕民,10,2,8,富邦-花蓮,2023-06-26,9621
00713,元大台灣高息低波,8,0,8,富邦-花蓮,2023-06-26,9621
3037,欣興,9,1,8,富邦-花蓮,2023-06-26,9621
1301,台塑,7,0,7,富邦-花蓮,2023-06-26,9621
2352,佳世達,6,0,6,富邦-花蓮,2023-06-26,9621
2897,王道銀行,100,0,100,富邦-花蓮,2023-06-27,9621
1904,正隆,70,0,70,富邦-花蓮,2023-06-27,9621
3706,神達,59,3,56,富邦-花蓮,2023-06-27,9621
6438,迅得,44,0,44,富邦-花蓮,2023-06-27,9621
2303,聯電,52,12,40,富邦-花蓮,2023-06-27,9621
6005,群益證,30,0,30,富邦-花蓮,2023-06-27,9621
2323,中環,59,35,24,富邦-花蓮,2023-06-27,9621
1907,永豐餘,29,6,23,富邦-花蓮,2023-06-27,9621
2618,長榮航,44,22,22,富邦-花蓮,2023-06-27,9621
2409,友達,23,1,22,富邦-花蓮,2023-06-27,9621
2880,華南金,21,0,21,富邦-花蓮,2023-06-27,9621
00665L,富邦�琤肭磪囓�2,21,0,21,富邦-花蓮,2023-06-27,9621
1605,華新,31,10,21,富邦-花蓮,2023-06-27,9621
00642U,期元大S＆P石油,20,0,20,富邦-花蓮,2023-06-27,9621
3049,精金,20,0,20,富邦-花蓮,2023-06-27,9621
2356,英業達,24,5,19,富邦-花蓮,2023-06-27,9621
3682,亞太電,18,0,18,富邦-花蓮,2023-06-27,9621
3363,上詮,19,2,17,富邦-花蓮,2023-06-27,9621
2891,中信金,16,0,16,富邦-花蓮,2023-06-27,9621
2892,第一金,16,0,16,富邦-花蓮,2023-06-27,9621
2371,大同,33,18,15,富邦-花蓮,2023-06-27,9621
8034,榮群,15,0,15,富邦-花蓮,2023-06-27,9621
2340,台亞,28,14,14,富邦-花蓮,2023-06-27,9621
2353,宏��,19,5,14,富邦-花蓮,2023-06-27,9621
2368,金像電,17,3,14,富邦-花蓮,2023-06-27,9621
6124,業強,14,0,14,富邦-花蓮,2023-06-27,9621
00715L,期街口布蘭特正2,20,7,13,富邦-花蓮,2023-06-27,9621
2365,昆盈,13,0,13,富邦-花蓮,2023-06-27,9621
6168,宏齊,13,0,13,富邦-花蓮,2023-06-27,9621
8088,品安,13,0,13,富邦-花蓮,2023-06-27,9621
5426,振發,12,0,12,富邦-花蓮,2023-06-27,9621
3483,力致,22,11,11,富邦-花蓮,2023-06-27,9621
3231,緯創,70,59,11,富邦-花蓮,2023-06-27,9621
00650L,復華香港正2,11,0,11,富邦-花蓮,2023-06-27,9621
1513,中興電,242,231,11,富邦-花蓮,2023-06-27,9621
2705,六福,19,8,11,富邦-花蓮,2023-06-27,9621
4541,晟田,11,0,11,富邦-花蓮,2023-06-27,9621
3058,立德,10,0,10,富邦-花蓮,2023-06-27,9621
2392,正崴,10,0,10,富邦-花蓮,2023-06-27,9621
3287,廣寰科,10,0,10,富邦-花蓮,2023-06-27,9621
3624,光頡,11,1,10,富邦-花蓮,2023-06-27,9621
4106,雃博,22,12,10,富邦-花蓮,2023-06-27,9621
8420,明揚,10,0,10,富邦-花蓮,2023-06-27,9621
9962,有益,10,0,10,富邦-花蓮,2023-06-27,9621
2027,大成鋼,10,0,10,富邦-花蓮,2023-06-27,9621
2352,佳世達,11,1,10,富邦-花蓮,2023-06-27,9621
3038,全台,15,6,9,富邦-花蓮,2023-06-27,9621
2605,新興,9,0,9,富邦-花蓮,2023-06-27,9621
3583,辛耘,10,1,9,富邦-花蓮,2023-06-27,9621
4564,元翎,9,0,9,富邦-花蓮,2023-06-27,9621
1605,華新,103,19,84,富邦-花蓮,2023-06-28,9621
00715L,期街口布蘭特正2,63,0,63,富邦-花蓮,2023-06-28,9621
00671R,富邦NASDAQ反1,50,0,50,富邦-花蓮,2023-06-28,9621
3078,僑威,136,108,28,富邦-花蓮,2023-06-28,9621
00929,復華台灣科技優息,26,0,26,富邦-花蓮,2023-06-28,9621
00642U,期元大S＆P石油,23,0,23,富邦-花蓮,2023-06-28,9621
2317,鴻海,22,1,21,富邦-花蓮,2023-06-28,9621
1444,力麗,20,0,20,富邦-花蓮,2023-06-28,9621
2892,第一金,20,0,20,富邦-花蓮,2023-06-28,9621
8420,明揚,20,0,20,富邦-花蓮,2023-06-28,9621
2498,宏達電,15,1,14,富邦-花蓮,2023-06-28,9621
3025,星通,13,0,13,富邦-花蓮,2023-06-28,9621
2323,中環,57,45,12,富邦-花蓮,2023-06-28,9621
4908,前鼎,20,8,12,富邦-花蓮,2023-06-28,9621
3037,欣興,12,1,11,富邦-花蓮,2023-06-28,9621
8046,南電,12,1,11,富邦-花蓮,2023-06-28,9621
2883,凱基金,11,0,11,富邦-花蓮,2023-06-28,9621
6111,大宇資,13,3,10,富邦-花蓮,2023-06-28,9621
3264,欣銓,11,1,10,富邦-花蓮,2023-06-28,9621
1301,台塑,10,0,10,富邦-花蓮,2023-06-28,9621
00670L,富邦NASDAQ正2,10,0,10,富邦-花蓮,2023-06-28,9621
00720B,元大投資級公司債,10,0,10,富邦-花蓮,2023-06-28,9621
2425,承啟,10,0,10,富邦-花蓮,2023-06-28,9621
2888,新光金,10,0,10,富邦-花蓮,2023-06-28,9621
4938,和碩,10,0,10,富邦-花蓮,2023-06-28,9621
5531,鄉林,10,0,10,富邦-花蓮,2023-06-28,9621
5880,合庫金,10,0,10,富邦-花蓮,2023-06-28,9621
00891,中信關鍵半導體,10,0,10,富邦-花蓮,2023-06-28,9621
2014,中鴻,10,1,9,富邦-花蓮,2023-06-28,9621
2929,淘帝-KY,9,0,9,富邦-花蓮,2023-06-28,9621
2206,三陽工業,10,1,9,富邦-花蓮,2023-06-28,9621
3576,聯合再生,12,4,8,富邦-花蓮,2023-06-28,9621
5222,全訊,8,0,8,富邦-花蓮,2023-06-28,9621
5425,台半,8,0,8,富邦-花蓮,2023-06-28,9621
6276,安鈦克,78,70,8,富邦-花蓮,2023-06-28,9621
1513,中興電,20,12,8,富邦-花蓮,2023-06-28,9621
3038,全台,9,1,8,富邦-花蓮,2023-06-28,9621
3231,緯創,414,407,7,富邦-花蓮,2023-06-28,9621
2885,元大金,10,3,7,富邦-花蓮,2023-06-28,9621
00753L,中信中國50正2,7,0,7,富邦-花蓮,2023-06-28,9621
2356,英業達,13,6,7,富邦-花蓮,2023-06-28,9621
4127,天良,7,0,7,富邦-花蓮,2023-06-28,9621
6188,廣明,10,3,7,富邦-花蓮,2023-06-28,9621
1477,聚陽,10,3,7,富邦-花蓮,2023-06-28,9621
00713,元大台灣高息低波,7,1,6,富邦-花蓮,2023-06-28,9621
00900,富邦特選高股息30,6,0,6,富邦-花蓮,2023-06-28,9621
00712,復華富時不動產,6,0,6,富邦-花蓮,2023-06-28,9621
1612,宏泰,6,0,6,富邦-花蓮,2023-06-28,9621
2495,普安,6,0,6,富邦-花蓮,2023-06-28,9621
3703,欣陸,6,0,6,富邦-花蓮,2023-06-28,9621
9945,潤泰新,80,0,80,富邦-花蓮,2023-06-29,9621
2888,新光金,90,14,76,富邦-花蓮,2023-06-29,9621
00882,中信中國高股息,63,1,62,富邦-花蓮,2023-06-29,9621
8420,明揚,50,0,50,富邦-花蓮,2023-06-29,9621
2323,中環,58,14,44,富邦-花蓮,2023-06-29,9621
1605,華新,37,3,34,富邦-花蓮,2023-06-29,9621
2618,長榮航,36,3,33,富邦-花蓮,2023-06-29,9621
2303,聯電,28,0,28,富邦-花蓮,2023-06-29,9621
1609,大亞,45,18,27,富邦-花蓮,2023-06-29,9621
2371,大同,27,1,26,富邦-花蓮,2023-06-29,9621
2615,萬海,22,0,22,富邦-花蓮,2023-06-29,9621
4746,台耀,22,0,22,富邦-花蓮,2023-06-29,9621
2880,華南金,22,0,22,富邦-花蓮,2023-06-29,9621
4114,健喬,20,1,19,富邦-花蓮,2023-06-29,9621
1417,嘉裕,20,2,18,富邦-花蓮,2023-06-29,9621
2365,昆盈,20,5,15,富邦-花蓮,2023-06-29,9621
3260,威剛,17,3,14,富邦-花蓮,2023-06-29,9621
00878,國泰永續高股息,14,1,13,富邦-花蓮,2023-06-29,9621
2634,漢翔,37,24,13,富邦-花蓮,2023-06-29,9621
9910,豐泰,13,0,13,富邦-花蓮,2023-06-29,9621
00885,富邦越南,15,3,12,富邦-花蓮,2023-06-29,9621
1584,精剛,12,0,12,富邦-花蓮,2023-06-29,9621
2610,華航,34,22,12,富邦-花蓮,2023-06-29,9621
8255,朋程,12,0,12,富邦-花蓮,2023-06-29,9621
00929,復華台灣科技優息,11,0,11,富邦-花蓮,2023-06-29,9621
1802,台玻,12,1,11,富邦-花蓮,2023-06-29,9621
2328,廣宇,11,0,11,富邦-花蓮,2023-06-29,9621
1795,美時,66,55,11,富邦-花蓮,2023-06-29,9621
2891,中信金,14,3,11,富邦-花蓮,2023-06-29,9621
3264,欣銓,13,2,11,富邦-花蓮,2023-06-29,9621
3706,神達,11,0,11,富邦-花蓮,2023-06-29,9621
2630,亞航,13,2,11,富邦-花蓮,2023-06-29,9621
1303,南亞,10,0,10,富邦-花蓮,2023-06-29,9621
3006,晶豪科,10,0,10,富邦-花蓮,2023-06-29,9621
2412,中華電,10,0,10,富邦-花蓮,2023-06-29,9621
1528,恩德,21,11,10,富邦-花蓮,2023-06-29,9621
2329,華泰,10,0,10,富邦-花蓮,2023-06-29,9621
6111,大宇資,13,3,10,富邦-花蓮,2023-06-29,9621
6142,友勁,10,0,10,富邦-花蓮,2023-06-29,9621
00919,群益台灣精選高息,9,0,9,富邦-花蓮,2023-06-29,9621
1301,台塑,9,0,9,富邦-花蓮,2023-06-29,9621
6124,業強,9,0,9,富邦-花蓮,2023-06-29,9621
8048,德勝,9,0,9,富邦-花蓮,2023-06-29,9621
3058,立德,8,0,8,富邦-花蓮,2023-06-29,9621
3060,銘異,8,0,8,富邦-花蓮,2023-06-29,9621
2353,宏��,8,1,7,富邦-花蓮,2023-06-29,9621
2887,台新金,7,0,7,富邦-花蓮,2023-06-29,9621
8358,金居,7,0,7,富邦-花蓮,2023-06-29,9621
2317,鴻海,13,6,7,富邦-花蓮,2023-06-29,9621
2010,春源,6,0,6,富邦-花蓮,2023-06-29,9621
9945,潤泰新,63,0,63,富邦-花蓮,2023-06-30,9621
2603,長榮,72,18,54,富邦-花蓮,2023-06-30,9621
2610,華航,65,18,47,富邦-花蓮,2023-06-30,9621
2888,新光金,86,45,41,富邦-花蓮,2023-06-30,9621
6741,91APP*-KY,32,7,25,富邦-花蓮,2023-06-30,9621
2609,陽明,44,21,23,富邦-花蓮,2023-06-30,9621
0056,元大高股息,24,2,22,富邦-花蓮,2023-06-30,9621
1513,中興電,46,26,20,富邦-花蓮,2023-06-30,9621
3363,上詮,22,2,20,富邦-花蓮,2023-06-30,9621
4414,如興,20,0,20,富邦-花蓮,2023-06-30,9621
2344,華邦電,19,1,18,富邦-花蓮,2023-06-30,9621
2887,台新金,17,0,17,富邦-花蓮,2023-06-30,9621
2891,中信金,15,0,15,富邦-花蓮,2023-06-30,9621
3202,樺晟,15,0,15,富邦-花蓮,2023-06-30,9621
2492,華新科,14,0,14,富邦-花蓮,2023-06-30,9621
00670L,富邦NASDAQ正2,13,0,13,富邦-花蓮,2023-06-30,9621
4155,訊映,14,1,13,富邦-花蓮,2023-06-30,9621
2105,正新,12,0,12,富邦-花蓮,2023-06-30,9621
2618,長榮航,21,10,11,富邦-花蓮,2023-06-30,9621
1605,華新,17,6,11,富邦-花蓮,2023-06-30,9621
5392,能率,11,0,11,富邦-花蓮,2023-06-30,9621
6180,橘子,11,0,11,富邦-花蓮,2023-06-30,9621
6185,幃翔,13,2,11,富邦-花蓮,2023-06-30,9621
1101,台泥,11,1,10,富邦-花蓮,2023-06-30,9621
00882,中信中國高股息,10,0,10,富邦-花蓮,2023-06-30,9621
00631L,元大台灣50正2,10,0,10,富邦-花蓮,2023-06-30,9621
1714,和桐,10,0,10,富邦-花蓮,2023-06-30,9621
3290,東浦,10,0,10,富邦-花蓮,2023-06-30,9621
3576,聯合再生,10,0,10,富邦-花蓮,2023-06-30,9621
4971,IET-KY,10,0,10,富邦-花蓮,2023-06-30,9621
6153,嘉聯益,21,11,10,富邦-花蓮,2023-06-30,9621
2353,宏��,14,5,9,富邦-花蓮,2023-06-30,9621
6689,伊雲谷,10,1,9,富邦-花蓮,2023-06-30,9621
00888,永豐台灣ESG,11,2,9,富邦-花蓮,2023-06-30,9621
00679B,元大美債20年,8,0,8,富邦-花蓮,2023-06-30,9621
2615,萬海,11,3,8,富邦-花蓮,2023-06-30,9621
8054,安國,8,0,8,富邦-花蓮,2023-06-30,9621
8390,金益鼎,8,0,8,富邦-花蓮,2023-06-30,9621
1477,聚陽,9,1,8,富邦-花蓮,2023-06-30,9621
2356,英業達,16,9,7,富邦-花蓮,2023-06-30,9621
2365,昆盈,10,3,7,富邦-花蓮,2023-06-30,9621
3682,亞太電,7,0,7,富邦-花蓮,2023-06-30,9621
3044,健鼎,6,0,6,富邦-花蓮,2023-06-30,9621
3518,柏騰,11,5,6,富邦-花蓮,2023-06-30,9621
5388,中磊,24,18,6,富邦-花蓮,2023-06-30,9621
8284,三竹,6,0,6,富邦-花蓮,2023-06-30,9621
8050,廣積,202,196,6,富邦-花蓮,2023-06-30,9621
2886,兆豐金,5,0,5,富邦-花蓮,2023-06-30,9621
6197,佳必琪,5,0,5,富邦-花蓮,2023-06-30,9621
00900,富邦特選高股息30,5,0,5,富邦-花蓮,2023-06-30,9621
2323,中環,107,4,103,富邦-花蓮,2023-07-03,9621
3481,群創,101,23,78,富邦-花蓮,2023-07-03,9621
6188,廣明,50,6,44,富邦-花蓮,2023-07-03,9621
2383,台光電,42,0,42,富邦-花蓮,2023-07-03,9621
2340,台亞,34,2,32,富邦-花蓮,2023-07-03,9621
00720B,元大投資級公司債,35,5,30,富邦-花蓮,2023-07-03,9621
3027,盛達,37,9,28,富邦-花蓮,2023-07-03,9621
9945,潤泰新,24,2,22,富邦-花蓮,2023-07-03,9621
6180,橘子,22,0,22,富邦-花蓮,2023-07-03,9621
00882,中信中國高股息,33,13,20,富邦-花蓮,2023-07-03,9621
3049,精金,20,0,20,富邦-花蓮,2023-07-03,9621
2485,兆赫,20,1,19,富邦-花蓮,2023-07-03,9621
1584,精剛,17,0,17,富邦-花蓮,2023-07-03,9621
00673R,期元大S＆P原油反1,13,0,13,富邦-花蓮,2023-07-03,9621
2412,中華電,13,1,12,富邦-花蓮,2023-07-03,9621
6770,力積電,11,0,11,富邦-花蓮,2023-07-03,9621
1528,恩德,26,15,11,富邦-花蓮,2023-07-03,9621
2436,偉詮電,10,0,10,富邦-花蓮,2023-07-03,9621
4541,晟田,10,0,10,富邦-花蓮,2023-07-03,9621
6153,嘉聯益,15,5,10,富邦-花蓮,2023-07-03,9621
6182,合晶,10,0,10,富邦-花蓮,2023-07-03,9621
6443,元晶,11,1,10,富邦-花蓮,2023-07-03,9621
3045,台灣大,10,1,9,富邦-花蓮,2023-07-03,9621
4533,協易機,9,0,9,富邦-花蓮,2023-07-03,9621
2618,長榮航,20,12,8,富邦-花蓮,2023-07-03,9621
2337,旺宏,8,0,8,富邦-花蓮,2023-07-03,9621
1504,東元,12,4,8,富邦-花蓮,2023-07-03,9621
3363,上詮,8,0,8,富邦-花蓮,2023-07-03,9621
3625,西勝,10,2,8,富邦-花蓮,2023-07-03,9621
4120,友華,8,0,8,富邦-花蓮,2023-07-03,9621
6217,中探針,14,6,8,富邦-花蓮,2023-07-03,9621
2734,易飛網,8,1,7,富邦-花蓮,2023-07-03,9621
1795,美時,9,2,7,富邦-花蓮,2023-07-03,9621
1909,榮成,10,3,7,富邦-花蓮,2023-07-03,9621
2427,三商電,10,3,7,富邦-花蓮,2023-07-03,9621
3259,鑫創,7,0,7,富邦-花蓮,2023-07-03,9621
3264,欣銓,7,0,7,富邦-花蓮,2023-07-03,9621
3380,明泰,12,5,7,富邦-花蓮,2023-07-03,9621
5425,台半,10,3,7,富邦-花蓮,2023-07-03,9621
2405,輔信,7,0,7,富邦-花蓮,2023-07-03,9621
3483,力致,20,13,7,富邦-花蓮,2023-07-03,9621
00664R,國泰臺灣加權反1,6,0,6,富邦-花蓮,2023-07-03,9621
2332,友訊,21,15,6,富邦-花蓮,2023-07-03,9621
4503,金雨,6,0,6,富邦-花蓮,2023-07-03,9621
5864,致和證,6,0,6,富邦-花蓮,2023-07-03,9621
6109,亞元,6,0,6,富邦-花蓮,2023-07-03,9621
2206,三陽工業,10,4,6,富邦-花蓮,2023-07-03,9621
00674R,期元大S＆P黃金反1,5,0,5,富邦-花蓮,2023-07-03,9621
2883B,凱基金乙特,5,0,5,富邦-花蓮,2023-07-03,9621
3006,晶豪科,5,0,5,富邦-花蓮,2023-07-03,9621
2609,陽明,101,24,77,富邦-花蓮,2023-07-04,9621
1513,中興電,77,10,67,富邦-花蓮,2023-07-04,9621
1907,永豐餘,67,10,57,富邦-花蓮,2023-07-04,9621
5347,世界,39,0,39,富邦-花蓮,2023-07-04,9621
00712,復華富時不動產,38,0,38,富邦-花蓮,2023-07-04,9621
1609,大亞,43,9,34,富邦-花蓮,2023-07-04,9621
3025,星通,42,11,31,富邦-花蓮,2023-07-04,9621
00706L,期元大S＆P日圓正2,30,0,30,富邦-花蓮,2023-07-04,9621
5209,新鼎,26,0,26,富邦-花蓮,2023-07-04,9621
1301,台塑,25,1,24,富邦-花蓮,2023-07-04,9621
2388,威盛,25,2,23,富邦-花蓮,2023-07-04,9621
4919,新唐,27,5,22,富邦-花蓮,2023-07-04,9621
2489,瑞軒,21,0,21,富邦-花蓮,2023-07-04,9621
2882,國泰金,23,2,21,富邦-花蓮,2023-07-04,9621
3006,晶豪科,20,0,20,富邦-花蓮,2023-07-04,9621
4532,瑞智,21,1,20,富邦-花蓮,2023-07-04,9621
2312,金寶,28,10,18,富邦-花蓮,2023-07-04,9621
3481,群創,35,18,17,富邦-花蓮,2023-07-04,9621
6112,邁達特,24,7,17,富邦-花蓮,2023-07-04,9621
2618,長榮航,118,102,16,富邦-花蓮,2023-07-04,9621
6166,凌華,14,0,14,富邦-花蓮,2023-07-04,9621
6276,安鈦克,13,0,13,富邦-花蓮,2023-07-04,9621
2006,東和鋼鐵,13,1,12,富邦-花蓮,2023-07-04,9621
2208,台船,20,8,12,富邦-花蓮,2023-07-04,9621
1522,堤維西,11,0,11,富邦-花蓮,2023-07-04,9621
2889,國票金,11,0,11,富邦-花蓮,2023-07-04,9621
3714,富采,12,1,11,富邦-花蓮,2023-07-04,9621
6125,廣運,13,2,11,富邦-花蓮,2023-07-04,9621
6285,啟��,21,10,11,富邦-花蓮,2023-07-04,9621
00673R,期元大S＆P原油反1,10,0,10,富邦-花蓮,2023-07-04,9621
00929,復華台灣科技優息,17,7,10,富邦-花蓮,2023-07-04,9621
1528,恩德,10,0,10,富邦-花蓮,2023-07-04,9621
2405,輔信,10,0,10,富邦-花蓮,2023-07-04,9621
2426,鼎元,10,0,10,富邦-花蓮,2023-07-04,9621
2705,六福,10,0,10,富邦-花蓮,2023-07-04,9621
3625,西勝,10,0,10,富邦-花蓮,2023-07-04,9621
4190,佐登-KY,10,0,10,富邦-花蓮,2023-07-04,9621
6169,昱泉,10,0,10,富邦-花蓮,2023-07-04,9621
8390,金益鼎,10,0,10,富邦-花蓮,2023-07-04,9621
3583,辛耘,14,5,9,富邦-花蓮,2023-07-04,9621
4906,正文,20,11,9,富邦-花蓮,2023-07-04,9621
4938,和碩,10,1,9,富邦-花蓮,2023-07-04,9621
5425,台半,11,2,9,富邦-花蓮,2023-07-04,9621
2317,鴻海,17,8,9,富邦-花蓮,2023-07-04,9621
2329,華泰,27,19,8,富邦-花蓮,2023-07-04,9621
2610,華航,12,4,8,富邦-花蓮,2023-07-04,9621
4120,友華,19,11,8,富邦-花蓮,2023-07-04,9621
6124,業強,8,0,8,富邦-花蓮,2023-07-04,9621
6133,金橋,8,0,8,富邦-花蓮,2023-07-04,9621
2486,一詮,8,0,8,富邦-花蓮,2023-07-04,9621
2883,凱基金,63,0,63,富邦-花蓮,2023-07-05,9621
2323,中環,105,56,49,富邦-花蓮,2023-07-05,9621
2344,華邦電,40,0,40,富邦-花蓮,2023-07-05,9621
3325,旭品,36,1,35,富邦-花蓮,2023-07-05,9621
2609,陽明,102,67,35,富邦-花蓮,2023-07-05,9621
8050,廣積,39,6,33,富邦-花蓮,2023-07-05,9621
1513,中興電,39,7,32,富邦-花蓮,2023-07-05,9621
2610,華航,45,13,32,富邦-花蓮,2023-07-05,9621
4113,聯上,30,0,30,富邦-花蓮,2023-07-05,9621
2618,長榮航,97,71,26,富邦-花蓮,2023-07-05,9621
00673R,期元大S＆P原油反1,26,0,26,富邦-花蓮,2023-07-05,9621
2356,英業達,50,24,26,富邦-花蓮,2023-07-05,9621
00882,中信中國高股息,29,4,25,富邦-花蓮,2023-07-05,9621
2419,仲琦,22,0,22,富邦-花蓮,2023-07-05,9621
8086,宏捷科,26,5,21,富邦-花蓮,2023-07-05,9621
4414,如興,21,0,21,富邦-花蓮,2023-07-05,9621
1528,恩德,30,10,20,富邦-花蓮,2023-07-05,9621
6668,中揚光,20,0,20,富邦-花蓮,2023-07-05,9621
1605,華新,32,13,19,富邦-花蓮,2023-07-05,9621
1611,中電,25,6,19,富邦-花蓮,2023-07-05,9621
0056,元大高股息,28,10,18,富邦-花蓮,2023-07-05,9621
00712,復華富時不動產,22,5,17,富邦-花蓮,2023-07-05,9621
8092,建暐,17,0,17,富邦-花蓮,2023-07-05,9621
2376,技嘉,29,13,16,富邦-花蓮,2023-07-05,9621
00888,永豐台灣ESG,15,0,15,富邦-花蓮,2023-07-05,9621
2313,華通,30,15,15,富邦-花蓮,2023-07-05,9621
00929,復華台灣科技優息,14,0,14,富邦-花蓮,2023-07-05,9621
2605,新興,14,0,14,富邦-花蓮,2023-07-05,9621
2867,三商壽,14,0,14,富邦-花蓮,2023-07-05,9621
00751B,元大AAA至A公司債,23,10,13,富邦-花蓮,2023-07-05,9621
3481,群創,36,25,11,富邦-花蓮,2023-07-05,9621
5209,新鼎,12,1,11,富邦-花蓮,2023-07-05,9621
2369,菱生,15,5,10,富邦-花蓮,2023-07-05,9621
2022,聚亨,10,0,10,富邦-花蓮,2023-07-05,9621
2107,厚生,10,0,10,富邦-花蓮,2023-07-05,9621
2340,台亞,12,2,10,富邦-花蓮,2023-07-05,9621
2457,飛宏,21,11,10,富邦-花蓮,2023-07-05,9621
2489,瑞軒,10,0,10,富邦-花蓮,2023-07-05,9621
4526,東台,10,0,10,富邦-花蓮,2023-07-05,9621
5388,中磊,10,0,10,富邦-花蓮,2023-07-05,9621
6026,福邦證,10,0,10,富邦-花蓮,2023-07-05,9621
6535,順藥,12,2,10,富邦-花蓮,2023-07-05,9621
00720B,元大投資級公司債,9,0,9,富邦-花蓮,2023-07-05,9621
1809,中釉,18,9,9,富邦-花蓮,2023-07-05,9621
2388,威盛,9,0,9,富邦-花蓮,2023-07-05,9621
5484,慧友,9,0,9,富邦-花蓮,2023-07-05,9621
1905,華紙,8,0,8,富邦-花蓮,2023-07-05,9621
2303,聯電,8,0,8,富邦-花蓮,2023-07-05,9621
2312,金寶,10,2,8,富邦-花蓮,2023-07-05,9621
2405,輔信,8,0,8,富邦-花蓮,2023-07-05,9621
00720B,元大投資級公司債,102,0,102,富邦-花蓮,2023-07-06,9621
3221,台嘉碩,100,0,100,富邦-花蓮,2023-07-06,9621
6116,彩晶,81,0,81,富邦-花蓮,2023-07-06,9621
00882,中信中國高股息,67,0,67,富邦-花蓮,2023-07-06,9621
8215,明基材,66,2,64,富邦-花蓮,2023-07-06,9621
1904,正隆,57,3,54,富邦-花蓮,2023-07-06,9621
8420,明揚,50,0,50,富邦-花蓮,2023-07-06,9621
0056,元大高股息,42,2,40,富邦-花蓮,2023-07-06,9621
00673R,期元大S＆P原油反1,32,0,32,富邦-花蓮,2023-07-06,9621
2888,新光金,39,7,32,富邦-花蓮,2023-07-06,9621
00878,國泰永續高股息,31,0,31,富邦-花蓮,2023-07-06,9621
2883,凱基金,46,16,30,富邦-花蓮,2023-07-06,9621
2409,友達,49,20,29,富邦-花蓮,2023-07-06,9621
2515,中工,29,0,29,富邦-花蓮,2023-07-06,9621
2618,長榮航,33,4,29,富邦-花蓮,2023-07-06,9621
2880,華南金,28,0,28,富邦-花蓮,2023-07-06,9621
9945,潤泰新,28,0,28,富邦-花蓮,2023-07-06,9621
2887,台新金,28,3,25,富邦-花蓮,2023-07-06,9621
3037,欣興,27,2,25,富邦-花蓮,2023-07-06,9621
2317,鴻海,31,8,23,富邦-花蓮,2023-07-06,9621
4113,聯上,22,0,22,富邦-花蓮,2023-07-06,9621
6282,康舒,72,50,22,富邦-花蓮,2023-07-06,9621
1609,大亞,21,1,20,富邦-花蓮,2023-07-06,9621
2633,台灣高鐵,20,0,20,富邦-花蓮,2023-07-06,9621
6005,群益證,20,0,20,富邦-花蓮,2023-07-06,9621
2002,中鋼,18,0,18,富邦-花蓮,2023-07-06,9621
2363,矽統,22,4,18,富邦-花蓮,2023-07-06,9621
3682,亞太電,17,0,17,富邦-花蓮,2023-07-06,9621
6806,森崴能源,22,5,17,富邦-花蓮,2023-07-06,9621
8096,擎亞,17,0,17,富邦-花蓮,2023-07-06,9621
1101,台泥,19,2,17,富邦-花蓮,2023-07-06,9621
00888,永豐台灣ESG,16,0,16,富邦-花蓮,2023-07-06,9621
00929,復華台灣科技優息,16,0,16,富邦-花蓮,2023-07-06,9621
1611,中電,30,14,16,富邦-花蓮,2023-07-06,9621
5209,新鼎,16,0,16,富邦-花蓮,2023-07-06,9621
2352,佳世達,15,0,15,富邦-花蓮,2023-07-06,9621
2485,兆赫,21,6,15,富邦-花蓮,2023-07-06,9621
00671R,富邦NASDAQ反1,14,0,14,富邦-花蓮,2023-07-06,9621
2303,聯電,17,3,14,富邦-花蓮,2023-07-06,9621
8046,南電,17,3,14,富邦-花蓮,2023-07-06,9621
2371,大同,26,12,14,富邦-花蓮,2023-07-06,9621
3231,緯創,36,23,13,富邦-花蓮,2023-07-06,9621
2882,國泰金,13,0,13,富邦-花蓮,2023-07-06,9621
00679B,元大美債20年,13,0,13,富邦-花蓮,2023-07-06,9621
2014,中鴻,13,0,13,富邦-花蓮,2023-07-06,9621
3706,神達,14,1,13,富邦-花蓮,2023-07-06,9621
5880,合庫金,13,0,13,富邦-花蓮,2023-07-06,9621
3029,零壹,12,0,12,富邦-花蓮,2023-07-06,9621
3045,台灣大,12,0,12,富邦-花蓮,2023-07-06,9621
4566,時碩工業,12,0,12,富邦-花蓮,2023-07-06,9621
2458,義隆,70,0,70,富邦-花蓮,2023-07-07,9621
00671R,富邦NASDAQ反1,50,0,50,富邦-花蓮,2023-07-07,9621
2610,華航,60,11,49,富邦-花蓮,2023-07-07,9621
2618,長榮航,67,23,44,富邦-花蓮,2023-07-07,9621
2340,台亞,69,33,36,富邦-花蓮,2023-07-07,9621
2883,凱基金,35,2,33,富邦-花蓮,2023-07-07,9621
2409,友達,42,10,32,富邦-花蓮,2023-07-07,9621
00679B,元大美債20年,32,2,30,富邦-花蓮,2023-07-07,9621
0056,元大高股息,41,12,29,富邦-花蓮,2023-07-07,9621
2880,華南金,29,1,28,富邦-花蓮,2023-07-07,9621
8086,宏捷科,24,1,23,富邦-花蓮,2023-07-07,9621
3715,定穎投控,28,6,22,富邦-花蓮,2023-07-07,9621
4960,誠美材,22,0,22,富邦-花蓮,2023-07-07,9621
6741,91APP*-KY,27,6,21,富邦-花蓮,2023-07-07,9621
00673R,期元大S＆P原油反1,20,0,20,富邦-花蓮,2023-07-07,9621
2891,中信金,23,3,20,富邦-花蓮,2023-07-07,9621
4174,浩鼎,21,1,20,富邦-花蓮,2023-07-07,9621
4414,如興,20,0,20,富邦-花蓮,2023-07-07,9621
1101,台泥,20,1,19,富邦-花蓮,2023-07-07,9621
1605,華新,31,14,17,富邦-花蓮,2023-07-07,9621
1513,中興電,20,3,17,富邦-花蓮,2023-07-07,9621
3037,欣興,21,6,15,富邦-花蓮,2023-07-07,9621
00929,復華台灣科技優息,23,8,15,富邦-花蓮,2023-07-07,9621
2371,大同,20,6,14,富邦-花蓮,2023-07-07,9621
2329,華泰,15,1,14,富邦-花蓮,2023-07-07,9621
2356,英業達,33,19,14,富邦-花蓮,2023-07-07,9621
2636,台驊控股,14,0,14,富邦-花蓮,2023-07-07,9621
8096,擎亞,15,1,14,富邦-花蓮,2023-07-07,9621
2376,技嘉,18,4,14,富邦-花蓮,2023-07-07,9621
00888,永豐台灣ESG,13,0,13,富邦-花蓮,2023-07-07,9621
00720B,元大投資級公司債,13,0,13,富邦-花蓮,2023-07-07,9621
6290,良維,14,1,13,富邦-花蓮,2023-07-07,9621
00922,國泰台灣領袖50,12,0,12,富邦-花蓮,2023-07-07,9621
00670L,富邦NASDAQ正2,17,5,12,富邦-花蓮,2023-07-07,9621
6443,元晶,12,0,12,富邦-花蓮,2023-07-07,9621
3706,神達,11,0,11,富邦-花蓮,2023-07-07,9621
2337,旺宏,10,0,10,富邦-花蓮,2023-07-07,9621
2363,矽統,10,0,10,富邦-花蓮,2023-07-07,9621
5209,新鼎,10,0,10,富邦-花蓮,2023-07-07,9621
6175,立敦,10,0,10,富邦-花蓮,2023-07-07,9621
8390,金益鼎,10,0,10,富邦-花蓮,2023-07-07,9621
2303,聯電,23,13,10,富邦-花蓮,2023-07-07,9621
3231,緯創,77,68,9,富邦-花蓮,2023-07-07,9621
3707,漢磊,12,3,9,富邦-花蓮,2023-07-07,9621
2002,中鋼,9,0,9,富邦-花蓮,2023-07-07,9621
2312,金寶,9,0,9,富邦-花蓮,2023-07-07,9621
6223,旺矽,22,13,9,富邦-花蓮,2023-07-07,9621
8046,南電,10,1,9,富邦-花蓮,2023-07-07,9621
8358,金居,10,1,9,富邦-花蓮,2023-07-07,9621
1326,台化,8,0,8,富邦-花蓮,2023-07-07,9621
00679B,元大美債20年,71,0,71,富邦-花蓮,2023-07-10,9621
8926,台汽電,40,0,40,富邦-花蓮,2023-07-10,9621
2458,義隆,38,0,38,富邦-花蓮,2023-07-10,9621
3706,神達,26,0,26,富邦-花蓮,2023-07-10,9621
4977,眾達-KY,27,2,25,富邦-花蓮,2023-07-10,9621
00929,復華台灣科技優息,24,0,24,富邦-花蓮,2023-07-10,9621
2489,瑞軒,23,0,23,富邦-花蓮,2023-07-10,9621
2891,中信金,27,5,22,富邦-花蓮,2023-07-10,9621
4532,瑞智,42,20,22,富邦-花蓮,2023-07-10,9621
00673R,期元大S＆P原油反1,21,0,21,富邦-花蓮,2023-07-10,9621
2206,三陽工業,21,0,21,富邦-花蓮,2023-07-10,9621
2332,友訊,20,0,20,富邦-花蓮,2023-07-10,9621
6129,普誠,20,0,20,富邦-花蓮,2023-07-10,9621
6426,統新,21,1,20,富邦-花蓮,2023-07-10,9621
00882,中信中國高股息,19,0,19,富邦-花蓮,2023-07-10,9621
6282,康舒,44,25,19,富邦-花蓮,2023-07-10,9621
6169,昱泉,16,0,16,富邦-花蓮,2023-07-10,9621
1609,大亞,28,14,14,富邦-花蓮,2023-07-10,9621
6117,迎廣,14,0,14,富邦-花蓮,2023-07-10,9621
2382,廣達,17,5,12,富邦-花蓮,2023-07-10,9621
00713,元大台灣高息低波,12,0,12,富邦-花蓮,2023-07-10,9621
2880,華南金,11,0,11,富邦-花蓮,2023-07-10,9621
2020,美亞,11,0,11,富邦-花蓮,2023-07-10,9621
3260,威剛,12,1,11,富邦-花蓮,2023-07-10,9621
3305,昇貿,20,9,11,富邦-花蓮,2023-07-10,9621
5347,世界,11,0,11,富邦-花蓮,2023-07-10,9621
6188,廣明,14,3,11,富邦-花蓮,2023-07-10,9621
6190,萬泰科,11,0,11,富邦-花蓮,2023-07-10,9621
8049,晶采,11,0,11,富邦-花蓮,2023-07-10,9621
8096,擎亞,11,0,11,富邦-花蓮,2023-07-10,9621
5880,合庫金,10,0,10,富邦-花蓮,2023-07-10,9621
00919,群益台灣精選高息,10,0,10,富邦-花蓮,2023-07-10,9621
00753L,中信中國50正2,10,0,10,富邦-花蓮,2023-07-10,9621
2605,新興,10,0,10,富邦-花蓮,2023-07-10,9621
6244,茂迪,10,0,10,富邦-花蓮,2023-07-10,9621
3666,光耀,8,0,8,富邦-花蓮,2023-07-10,9621
6285,啟��,28,20,8,富邦-花蓮,2023-07-10,9621
1714,和桐,10,2,8,富邦-花蓮,2023-07-10,9621
00680L,元大美債20正2,7,0,7,富邦-花蓮,2023-07-10,9621
1598,岱宇,7,0,7,富邦-花蓮,2023-07-10,9621
2371,大同,9,2,7,富邦-花蓮,2023-07-10,9621
2618,長榮航,22,15,7,富邦-花蓮,2023-07-10,9621
3380,明泰,13,6,7,富邦-花蓮,2023-07-10,9621
2634,漢翔,7,1,6,富邦-花蓮,2023-07-10,9621
3058,立德,6,0,6,富邦-花蓮,2023-07-10,9621
3432,台端,6,0,6,富邦-花蓮,2023-07-10,9621
6016,康和證,6,0,6,富邦-花蓮,2023-07-10,9621
6220,岳豐,6,0,6,富邦-花蓮,2023-07-10,9621
8215,明基材,10,4,6,富邦-花蓮,2023-07-10,9621
2603,長榮,11,5,6,富邦-花蓮,2023-07-10,9621
2888,新光金,304,29,275,富邦-花蓮,2023-07-11,9621
2547,日勝生,80,0,80,富邦-花蓮,2023-07-11,9621
00706L,期元大S＆P日圓正2,70,0,70,富邦-花蓮,2023-07-11,9621
2609,陽明,71,27,44,富邦-花蓮,2023-07-11,9621
00664R,國泰臺灣加權反1,40,0,40,富邦-花蓮,2023-07-11,9621
6182,合晶,33,2,31,富邦-花蓮,2023-07-11,9621
2388,威盛,55,28,27,富邦-花蓮,2023-07-11,9621
3162,精確,23,2,21,富邦-花蓮,2023-07-11,9621
1471,首利,20,0,20,富邦-花蓮,2023-07-11,9621
4526,東台,19,0,19,富邦-花蓮,2023-07-11,9621
2323,中環,109,91,18,富邦-花蓮,2023-07-11,9621
2371,大同,19,4,15,富邦-花蓮,2023-07-11,9621
3114,好德,20,5,15,富邦-花蓮,2023-07-11,9621
4973,廣穎,15,0,15,富邦-花蓮,2023-07-11,9621
5209,新鼎,17,2,15,富邦-花蓮,2023-07-11,9621
00929,復華台灣科技優息,14,0,14,富邦-花蓮,2023-07-11,9621
8050,廣積,16,3,13,富邦-花蓮,2023-07-11,9621
4977,眾達-KY,12,0,12,富邦-花蓮,2023-07-11,9621
1101,台泥,17,6,11,富邦-花蓮,2023-07-11,9621
00882,中信中國高股息,11,0,11,富邦-花蓮,2023-07-11,9621
1611,中電,11,0,11,富邦-花蓮,2023-07-11,9621
8926,台汽電,11,0,11,富邦-花蓮,2023-07-11,9621
00650L,復華香港正2,10,0,10,富邦-花蓮,2023-07-11,9621
1742,台蠟,10,0,10,富邦-花蓮,2023-07-11,9621
1905,華紙,10,0,10,富邦-花蓮,2023-07-11,9621
2501,國建,10,0,10,富邦-花蓮,2023-07-11,9621
3006,晶豪科,10,0,10,富邦-花蓮,2023-07-11,9621
3025,星通,13,3,10,富邦-花蓮,2023-07-11,9621
3583,辛耘,13,3,10,富邦-花蓮,2023-07-11,9621
4746,台耀,10,0,10,富邦-花蓮,2023-07-11,9621
6217,中探針,10,0,10,富邦-花蓮,2023-07-11,9621
6753,龍德造船,10,0,10,富邦-花蓮,2023-07-11,9621
2303,聯電,22,13,9,富邦-花蓮,2023-07-11,9621
2317,鴻海,9,0,9,富邦-花蓮,2023-07-11,9621
00680L,元大美債20正2,9,0,9,富邦-花蓮,2023-07-11,9621
2349,錸德,9,0,9,富邦-花蓮,2023-07-11,9621
3058,立德,8,0,8,富邦-花蓮,2023-07-11,9621
3356,奇偶,10,2,8,富邦-花蓮,2023-07-11,9621
6169,昱泉,8,0,8,富邦-花蓮,2023-07-11,9621
00885,富邦越南,8,1,7,富邦-花蓮,2023-07-11,9621
2313,華通,14,7,7,富邦-花蓮,2023-07-11,9621
2511,太子,7,0,7,富邦-花蓮,2023-07-11,9621
5439,高技,8,1,7,富邦-花蓮,2023-07-11,9621
00665L,富邦�琤肭磪囓�2,10,4,6,富邦-花蓮,2023-07-11,9621
1528,恩德,6,0,6,富邦-花蓮,2023-07-11,9621
2206,三陽工業,7,1,6,富邦-花蓮,2023-07-11,9621
2340,台亞,69,63,6,富邦-花蓮,2023-07-11,9621
2606,裕民,6,0,6,富邦-花蓮,2023-07-11,9621
4532,瑞智,44,38,6,富邦-花蓮,2023-07-11,9621
4583,台灣精銳,6,0,6,富邦-花蓮,2023-07-11,9621
5209,新鼎,54,0,54,富邦-花蓮,2023-07-12,9621
00671R,富邦NASDAQ反1,50,0,50,富邦-花蓮,2023-07-12,9621
6015,宏遠證,50,0,50,富邦-花蓮,2023-07-12,9621
6668,中揚光,30,0,30,富邦-花蓮,2023-07-12,9621
4157,太景*-KY,27,0,27,富邦-花蓮,2023-07-12,9621
3305,昇貿,26,1,25,富邦-花蓮,2023-07-12,9621
2303,聯電,27,5,22,富邦-花蓮,2023-07-12,9621
00673R,期元大S＆P原油反1,17,0,17,富邦-花蓮,2023-07-12,9621
4123,晟德,17,0,17,富邦-花蓮,2023-07-12,9621
2610,華航,91,76,15,富邦-花蓮,2023-07-12,9621
2413,環科,13,0,13,富邦-花蓮,2023-07-12,9621
2603,長榮,18,5,13,富邦-花蓮,2023-07-12,9621
00929,復華台灣科技優息,12,0,12,富邦-花蓮,2023-07-12,9621
2027,大成鋼,12,0,12,富邦-花蓮,2023-07-12,9621
2329,華泰,12,0,12,富邦-花蓮,2023-07-12,9621
8215,明基材,13,1,12,富邦-花蓮,2023-07-12,9621
00679B,元大美債20年,11,0,11,富邦-花蓮,2023-07-12,9621
1409,新纖,11,0,11,富邦-花蓮,2023-07-12,9621
2359,所羅門,15,4,11,富邦-花蓮,2023-07-12,9621
2409,友達,42,31,11,富邦-花蓮,2023-07-12,9621
2458,義隆,11,0,11,富邦-花蓮,2023-07-12,9621
8028,昇陽半導體,11,0,11,富邦-花蓮,2023-07-12,9621
5880,合庫金,10,0,10,富邦-花蓮,2023-07-12,9621
2607,榮運,10,0,10,富邦-花蓮,2023-07-12,9621
3088,艾訊,10,0,10,富邦-花蓮,2023-07-12,9621
3483,力致,16,6,10,富邦-花蓮,2023-07-12,9621
3704,合勤控,12,2,10,富邦-花蓮,2023-07-12,9621
2356,英業達,46,36,10,富邦-花蓮,2023-07-12,9621
6187,萬潤,9,0,9,富邦-花蓮,2023-07-12,9621
5371,中光電,8,0,8,富邦-花蓮,2023-07-12,9621
2457,飛宏,12,4,8,富邦-花蓮,2023-07-12,9621
2301,光寶科,21,14,7,富邦-花蓮,2023-07-12,9621
1231,聯華食,8,1,7,富邦-花蓮,2023-07-12,9621
00888,永豐台灣ESG,7,0,7,富邦-花蓮,2023-07-12,9621
2481,強茂,10,3,7,富邦-花蓮,2023-07-12,9621
3025,星通,15,8,7,富邦-花蓮,2023-07-12,9621
9929,秋雨,7,0,7,富邦-花蓮,2023-07-12,9621
2618,長榮航,49,42,7,富邦-花蓮,2023-07-12,9621
1513,中興電,17,11,6,富邦-花蓮,2023-07-12,9621
00905,FT臺灣Smart,6,0,6,富邦-花蓮,2023-07-12,9621
1611,中電,6,0,6,富邦-花蓮,2023-07-12,9621
1718,中纖,6,0,6,富邦-花蓮,2023-07-12,9621
2392,正崴,6,0,6,富邦-花蓮,2023-07-12,9621
2498,宏達電,14,8,6,富邦-花蓮,2023-07-12,9621
3363,上詮,14,8,6,富邦-花蓮,2023-07-12,9621
4532,瑞智,31,25,6,富邦-花蓮,2023-07-12,9621
4768,晶呈科技,6,0,6,富邦-花蓮,2023-07-12,9621
9919,康那香,6,0,6,富邦-花蓮,2023-07-12,9621
2606,裕民,5,0,5,富邦-花蓮,2023-07-12,9621
6770,力積電,5,0,5,富邦-花蓮,2023-07-12,9621
2888,新光金,170,2,168,富邦-花蓮,2023-07-13,9621
00671R,富邦NASDAQ反1,101,0,101,富邦-花蓮,2023-07-13,9621
2618,長榮航,157,71,86,富邦-花蓮,2023-07-13,9621
6005,群益證,62,2,60,富邦-花蓮,2023-07-13,9621
2547,日勝生,50,0,50,富邦-花蓮,2023-07-13,9621
8088,品安,46,0,46,富邦-花蓮,2023-07-13,9621
3290,東浦,45,0,45,富邦-花蓮,2023-07-13,9621
4532,瑞智,59,15,44,富邦-花蓮,2023-07-13,9621
3045,台灣大,43,0,43,富邦-花蓮,2023-07-13,9621
2356,英業達,117,74,43,富邦-花蓮,2023-07-13,9621
2409,友達,57,15,42,富邦-花蓮,2023-07-13,9621
9945,潤泰新,38,0,38,富邦-花蓮,2023-07-13,9621
2886,兆豐金,35,1,34,富邦-花蓮,2023-07-13,9621
4533,協易機,45,11,34,富邦-花蓮,2023-07-13,9621
1304,台聚,31,0,31,富邦-花蓮,2023-07-13,9621
3363,上詮,32,3,29,富邦-花蓮,2023-07-13,9621
2605,新興,25,0,25,富邦-花蓮,2023-07-13,9621
2399,映泰,31,8,23,富邦-花蓮,2023-07-13,9621
3624,光頡,20,0,20,富邦-花蓮,2023-07-13,9621
3231,緯創,54,34,20,富邦-花蓮,2023-07-13,9621
1609,大亞,32,13,19,富邦-花蓮,2023-07-13,9621
5209,新鼎,20,1,19,富邦-花蓮,2023-07-13,9621
8086,宏捷科,20,4,16,富邦-花蓮,2023-07-13,9621
2376,技嘉,23,8,15,富邦-花蓮,2023-07-13,9621
6285,啟��,23,9,14,富邦-花蓮,2023-07-13,9621
2324,仁寶,40,26,14,富邦-花蓮,2023-07-13,9621
3032,偉訓,14,1,13,富邦-花蓮,2023-07-13,9621
3707,漢磊,13,1,12,富邦-花蓮,2023-07-13,9621
2542,興富發,12,0,12,富邦-花蓮,2023-07-13,9621
2889,國票金,22,10,12,富邦-花蓮,2023-07-13,9621
3221,台嘉碩,12,0,12,富邦-花蓮,2023-07-13,9621
4743,合一,11,0,11,富邦-花蓮,2023-07-13,9621
00930,永豐ESG低碳高息,11,0,11,富邦-花蓮,2023-07-13,9621
00673R,期元大S＆P原油反1,11,0,11,富邦-花蓮,2023-07-13,9621
1905,華紙,13,2,11,富邦-花蓮,2023-07-13,9621
3004,豐達科,11,0,11,富邦-花蓮,2023-07-13,9621
9802,鈺齊-KY,11,0,11,富邦-花蓮,2023-07-13,9621
3693,營邦,21,10,11,富邦-花蓮,2023-07-13,9621
2303,聯電,19,9,10,富邦-花蓮,2023-07-13,9621
2365,昆盈,10,0,10,富邦-花蓮,2023-07-13,9621
2633,台灣高鐵,10,0,10,富邦-花蓮,2023-07-13,9621
3047,訊舟,10,0,10,富邦-花蓮,2023-07-13,9621
3265,台星科,14,4,10,富邦-花蓮,2023-07-13,9621
4161,聿新科,10,0,10,富邦-花蓮,2023-07-13,9621
4510,高鋒,10,0,10,富邦-花蓮,2023-07-13,9621
6811,宏�硌穈T,11,1,10,富邦-花蓮,2023-07-13,9621
1519,華城,10,1,9,富邦-花蓮,2023-07-13,9621
2392,正崴,10,1,9,富邦-花蓮,2023-07-13,9621
2801,彰銀,9,0,9,富邦-花蓮,2023-07-13,9621
2353,宏��,16,8,8,富邦-花蓮,2023-07-13,9621
2458,義隆,58,1,57,富邦-花蓮,2023-07-14,9621
2547,日勝生,50,0,50,富邦-花蓮,2023-07-14,9621
2618,長榮航,174,127,47,富邦-花蓮,2023-07-14,9621
3325,旭品,38,0,38,富邦-花蓮,2023-07-14,9621
3052,夆典,30,0,30,富邦-花蓮,2023-07-14,9621
9945,潤泰新,33,4,29,富邦-花蓮,2023-07-14,9621
2610,華航,196,167,29,富邦-花蓮,2023-07-14,9621
2436,偉詮電,39,12,27,富邦-花蓮,2023-07-14,9621
3363,上詮,63,36,27,富邦-花蓮,2023-07-14,9621
1471,首利,26,0,26,富邦-花蓮,2023-07-14,9621
8358,金居,25,1,24,富邦-花蓮,2023-07-14,9621
2303,聯電,25,4,21,富邦-花蓮,2023-07-14,9621
00795B,中信美國公債20年,20,0,20,富邦-花蓮,2023-07-14,9621
00882,中信中國高股息,39,21,18,富邦-花蓮,2023-07-14,9621
00679B,元大美債20年,21,4,17,富邦-花蓮,2023-07-14,9621
00687B,國泰20年美債,17,0,17,富邦-花蓮,2023-07-14,9621
8086,宏捷科,18,2,16,富邦-花蓮,2023-07-14,9621
2329,華泰,29,14,15,富邦-花蓮,2023-07-14,9621
2382,廣達,267,253,14,富邦-花蓮,2023-07-14,9621
2388,威盛,36,23,13,富邦-花蓮,2023-07-14,9621
3625,西勝,13,0,13,富邦-花蓮,2023-07-14,9621
00929,復華台灣科技優息,13,0,13,富邦-花蓮,2023-07-14,9621
00753L,中信中國50正2,13,2,11,富邦-花蓮,2023-07-14,9621
2367,燿華,11,0,11,富邦-花蓮,2023-07-14,9621
6443,元晶,12,1,11,富邦-花蓮,2023-07-14,9621
2498,宏達電,14,4,10,富邦-花蓮,2023-07-14,9621
2344,華邦電,11,1,10,富邦-花蓮,2023-07-14,9621
00923,群益台ESG低碳50,10,0,10,富邦-花蓮,2023-07-14,9621
1109,信大,10,0,10,富邦-花蓮,2023-07-14,9621
2324,仁寶,23,13,10,富邦-花蓮,2023-07-14,9621
2484,希華,10,0,10,富邦-花蓮,2023-07-14,9621
4714,永捷,10,0,10,富邦-花蓮,2023-07-14,9621
6470,宇智,10,0,10,富邦-花蓮,2023-07-14,9621
2340,台亞,22,12,10,富邦-花蓮,2023-07-14,9621
2308,台達電,11,1,10,富邦-花蓮,2023-07-14,9621
00673R,期元大S＆P原油反1,10,1,9,富邦-花蓮,2023-07-14,9621
4768,晶呈科技,9,0,9,富邦-花蓮,2023-07-14,9621
6245,立端,9,0,9,富邦-花蓮,2023-07-14,9621
3706,神達,20,11,9,富邦-花蓮,2023-07-14,9621
1609,大亞,14,6,8,富邦-花蓮,2023-07-14,9621
2607,榮運,8,0,8,富邦-花蓮,2023-07-14,9621
3380,明泰,21,13,8,富邦-花蓮,2023-07-14,9621
4938,和碩,9,2,7,富邦-花蓮,2023-07-14,9621
6235,華孚,174,167,7,富邦-花蓮,2023-07-14,9621
00664R,國泰臺灣加權反1,6,0,6,富邦-花蓮,2023-07-14,9621
2481,強茂,13,7,6,富邦-花蓮,2023-07-14,9621
8150,南茂,6,0,6,富邦-花蓮,2023-07-14,9621
3481,群創,27,22,5,富邦-花蓮,2023-07-14,9621
00680L,元大美債20正2,5,0,5,富邦-花蓮,2023-07-14,9621
1605,華新,5,0,5,富邦-花蓮,2023-07-14,9621
2888,新光金,212,33,179,富邦-花蓮,2023-07-17,9621
2458,義隆,96,0,96,富邦-花蓮,2023-07-17,9621
9945,潤泰新,70,0,70,富邦-花蓮,2023-07-17,9621
2812,台中銀,69,0,69,富邦-花蓮,2023-07-17,9621
5469,瀚宇博,64,3,61,富邦-花蓮,2023-07-17,9621
3006,晶豪科,59,0,59,富邦-花蓮,2023-07-17,9621
2399,映泰,57,8,49,富邦-花蓮,2023-07-17,9621
6414,樺漢,40,1,39,富邦-花蓮,2023-07-17,9621
00882,中信中國高股息,38,1,37,富邦-花蓮,2023-07-17,9621
0056,元大高股息,143,110,33,富邦-花蓮,2023-07-17,9621
00929,復華台灣科技優息,33,0,33,富邦-花蓮,2023-07-17,9621
2515,中工,30,0,30,富邦-花蓮,2023-07-17,9621
1504,東元,50,21,29,富邦-花蓮,2023-07-17,9621
5465,富驊,30,2,28,富邦-花蓮,2023-07-17,9621
2344,華邦電,31,3,28,富邦-花蓮,2023-07-17,9621
1618,合機,26,0,26,富邦-花蓮,2023-07-17,9621
2324,仁寶,45,20,25,富邦-花蓮,2023-07-17,9621
00679B,元大美債20年,24,0,24,富邦-花蓮,2023-07-17,9621
6278,台表科,22,0,22,富邦-花蓮,2023-07-17,9621
8086,宏捷科,22,2,20,富邦-花蓮,2023-07-17,9621
2382,廣達,56,38,18,富邦-花蓮,2023-07-17,9621
3062,建漢,20,2,18,富邦-花蓮,2023-07-17,9621
2401,凌陽,24,7,17,富邦-花蓮,2023-07-17,9621
3047,訊舟,21,4,17,富邦-花蓮,2023-07-17,9621
3706,神達,18,1,17,富邦-花蓮,2023-07-17,9621
00673R,期元大S＆P原油反1,20,5,15,富邦-花蓮,2023-07-17,9621
6169,昱泉,15,0,15,富邦-花蓮,2023-07-17,9621
3035,智原,22,8,14,富邦-花蓮,2023-07-17,9621
2634,漢翔,14,0,14,富邦-花蓮,2023-07-17,9621
2301,光寶科,285,271,14,富邦-花蓮,2023-07-17,9621
4906,正文,20,6,14,富邦-花蓮,2023-07-17,9621
3037,欣興,23,9,14,富邦-花蓮,2023-07-17,9621
2303,聯電,15,2,13,富邦-花蓮,2023-07-17,9621
6191,精成科,17,4,13,富邦-花蓮,2023-07-17,9621
8021,尖點,18,5,13,富邦-花蓮,2023-07-17,9621
2329,華泰,17,7,10,富邦-花蓮,2023-07-17,9621
6118,建達,10,0,10,富邦-花蓮,2023-07-17,9621
6770,力積電,10,0,10,富邦-花蓮,2023-07-17,9621
3558,神準,10,0,10,富邦-花蓮,2023-07-17,9621
2368,金像電,11,2,9,富邦-花蓮,2023-07-17,9621
00713,元大台灣高息低波,9,0,9,富邦-花蓮,2023-07-17,9621
2352,佳世達,19,10,9,富邦-花蓮,2023-07-17,9621
2419,仲琦,20,11,9,富邦-花蓮,2023-07-17,9621
3022,威強電,9,0,9,富邦-花蓮,2023-07-17,9621
6426,統新,9,0,9,富邦-花蓮,2023-07-17,9621
2881,富邦金,12,4,8,富邦-花蓮,2023-07-17,9621
2617,台航,8,0,8,富邦-花蓮,2023-07-17,9621
5425,台半,11,3,8,富邦-花蓮,2023-07-17,9621
2425,承啟,8,0,8,富邦-花蓮,2023-07-17,9621
2486,一詮,15,8,7,富邦-花蓮,2023-07-17,9621
00929,復華台灣科技優息,89,4,85,富邦-花蓮,2023-07-18,9621
00882,中信中國高股息,87,28,59,富邦-花蓮,2023-07-18,9621
2312,金寶,132,85,47,富邦-花蓮,2023-07-18,9621
1605,華新,47,2,45,富邦-花蓮,2023-07-18,9621
6282,康舒,94,50,44,富邦-花蓮,2023-07-18,9621
3706,神達,371,329,42,富邦-花蓮,2023-07-18,9621
4908,前鼎,40,3,37,富邦-花蓮,2023-07-18,9621
00632R,元大台灣50反1,40,5,35,富邦-花蓮,2023-07-18,9621
5469,瀚宇博,37,7,30,富邦-花蓮,2023-07-18,9621
2618,長榮航,133,107,26,富邦-花蓮,2023-07-18,9621
2374,佳能,26,2,24,富邦-花蓮,2023-07-18,9621
2340,台亞,27,5,22,富邦-花蓮,2023-07-18,9621
00665L,富邦�琤肭磪囓�2,24,2,22,富邦-花蓮,2023-07-18,9621
3540,曜越,22,0,22,富邦-花蓮,2023-07-18,9621
2889,國票金,25,3,22,富邦-花蓮,2023-07-18,9621
4533,協易機,43,23,20,富邦-花蓮,2023-07-18,9621
4714,永捷,20,0,20,富邦-花蓮,2023-07-18,9621
2610,華航,50,31,19,富邦-花蓮,2023-07-18,9621
9105,泰金寶-DR,20,1,19,富邦-花蓮,2023-07-18,9621
1513,中興電,55,37,18,富邦-花蓮,2023-07-18,9621
2882,國泰金,20,3,17,富邦-花蓮,2023-07-18,9621
2356,英業達,488,471,17,富邦-花蓮,2023-07-18,9621
8050,廣積,29,12,17,富邦-花蓮,2023-07-18,9621
00881,國泰台灣5G+,17,1,16,富邦-花蓮,2023-07-18,9621
6188,廣明,77,62,15,富邦-花蓮,2023-07-18,9621
3234,光環,16,1,15,富邦-花蓮,2023-07-18,9621
00720B,元大投資級公司債,14,0,14,富邦-花蓮,2023-07-18,9621
6275,元山,14,0,14,富邦-花蓮,2023-07-18,9621
3078,僑威,67,54,13,富邦-花蓮,2023-07-18,9621
00679B,元大美債20年,13,0,13,富邦-花蓮,2023-07-18,9621
1789,神隆,20,7,13,富邦-花蓮,2023-07-18,9621
2449,京元電子,34,21,13,富邦-花蓮,2023-07-18,9621
00687B,國泰20年美債,12,0,12,富邦-花蓮,2023-07-18,9621
2201,裕隆,12,0,12,富邦-花蓮,2023-07-18,9621
2427,三商電,12,0,12,富邦-花蓮,2023-07-18,9621
3305,昇貿,12,0,12,富邦-花蓮,2023-07-18,9621
3518,柏騰,12,0,12,富邦-花蓮,2023-07-18,9621
4157,太景*-KY,12,0,12,富邦-花蓮,2023-07-18,9621
6169,昱泉,12,0,12,富邦-花蓮,2023-07-18,9621
2352,佳世達,24,13,11,富邦-花蓮,2023-07-18,9621
4938,和碩,55,43,12,富邦-花蓮,2023-07-18,9621
1101,台泥,13,2,11,富邦-花蓮,2023-07-18,9621
1611,中電,11,0,11,富邦-花蓮,2023-07-18,9621
1905,華紙,11,0,11,富邦-花蓮,2023-07-18,9621
3504,揚明光,11,0,11,富邦-花蓮,2023-07-18,9621
5351,鈺創,11,0,11,富邦-花蓮,2023-07-18,9621
6148,驊宏資,12,1,11,富邦-花蓮,2023-07-18,9621
6276,安鈦克,13,2,11,富邦-花蓮,2023-07-18,9621
5880,合庫金,11,0,11,富邦-花蓮,2023-07-18,9621
2891,中信金,10,0,10,富邦-花蓮,2023-07-18,9621
1802,台玻,101,1,100,富邦-花蓮,2023-07-19,9621
00929,復華台灣科技優息,75,13,62,富邦-花蓮,2023-07-19,9621
2324,仁寶,70,18,52,富邦-花蓮,2023-07-19,9621
2547,日勝生,37,0,37,富邦-花蓮,2023-07-19,9621
2458,義隆,40,4,36,富邦-花蓮,2023-07-19,9621
00882,中信中國高股息,41,6,35,富邦-花蓮,2023-07-19,9621
2610,華航,94,62,32,富邦-花蓮,2023-07-19,9621
2887,台新金,32,0,32,富邦-花蓮,2023-07-19,9621
2891,中信金,31,1,30,富邦-花蓮,2023-07-19,9621
00885,富邦越南,30,1,29,富邦-花蓮,2023-07-19,9621
2312,金寶,54,30,24,富邦-花蓮,2023-07-19,9621
2354,鴻準,24,0,24,富邦-花蓮,2023-07-19,9621
6282,康舒,69,46,23,富邦-花蓮,2023-07-19,9621
2461,光群雷,21,0,21,富邦-花蓮,2023-07-19,9621
3055,蔚華科,21,0,21,富邦-花蓮,2023-07-19,9621
3045,台灣大,20,0,20,富邦-花蓮,2023-07-19,9621
2332,友訊,20,0,20,富邦-花蓮,2023-07-19,9621
2453,凌群,20,0,20,富邦-花蓮,2023-07-19,9621
2353,宏��,28,10,18,富邦-花蓮,2023-07-19,9621
2881,富邦金,24,6,18,富邦-花蓮,2023-07-19,9621
9945,潤泰新,17,0,17,富邦-花蓮,2023-07-19,9621
3481,群創,32,15,17,富邦-花蓮,2023-07-19,9621
1102,亞泥,16,1,15,富邦-花蓮,2023-07-19,9621
4432,銘旺實,15,0,15,富邦-花蓮,2023-07-19,9621
4533,協易機,16,1,15,富邦-花蓮,2023-07-19,9621
6218,豪勉,16,1,15,富邦-花蓮,2023-07-19,9621
00650L,復華香港正2,14,0,14,富邦-花蓮,2023-07-19,9621
6770,力積電,22,8,14,富邦-花蓮,2023-07-19,9621
1529,樂事綠能,13,0,13,富邦-花蓮,2023-07-19,9621
6584,南俊國際,13,0,13,富邦-花蓮,2023-07-19,9621
4968,立積,14,2,12,富邦-花蓮,2023-07-19,9621
3380,明泰,11,0,11,富邦-花蓮,2023-07-19,9621
6275,元山,11,0,11,富邦-花蓮,2023-07-19,9621
6443,元晶,11,0,11,富邦-花蓮,2023-07-19,9621
2356,英業達,507,496,11,富邦-花蓮,2023-07-19,9621
2106,建大,10,0,10,富邦-花蓮,2023-07-19,9621
2352,佳世達,25,15,10,富邦-花蓮,2023-07-19,9621
3051,力特,10,0,10,富邦-花蓮,2023-07-19,9621
3432,台端,10,0,10,富邦-花蓮,2023-07-19,9621
8201,無敵,10,0,10,富邦-花蓮,2023-07-19,9621
5880,合庫金,10,0,10,富邦-花蓮,2023-07-19,9621
2405,輔信,9,0,9,富邦-花蓮,2023-07-19,9621
2498,宏達電,12,3,9,富邦-花蓮,2023-07-19,9621
2801,彰銀,9,0,9,富邦-花蓮,2023-07-19,9621
2609,陽明,15,6,9,富邦-花蓮,2023-07-19,9621
6806,森崴能源,8,0,8,富邦-花蓮,2023-07-19,9621
00637L,元大滬深300正2,8,0,8,富邦-花蓮,2023-07-19,9621
1477,聚陽,8,0,8,富邦-花蓮,2023-07-19,9621
3006,晶豪科,8,0,8,富邦-花蓮,2023-07-19,9621
4128,中天,8,0,8,富邦-花蓮,2023-07-19,9621
2888,新光金,123,13,110,富邦-花蓮,2023-07-20,9621
00929,復華台灣科技優息,83,4,79,富邦-花蓮,2023-07-20,9621
00877,復華中國5G,60,0,60,富邦-花蓮,2023-07-20,9621
1513,中興電,52,10,42,富邦-花蓮,2023-07-20,9621
2458,義隆,42,0,42,富邦-花蓮,2023-07-20,9621
2352,佳世達,43,6,37,富邦-花蓮,2023-07-20,9621
00882,中信中國高股息,50,15,35,富邦-花蓮,2023-07-20,9621
6188,廣明,119,88,31,富邦-花蓮,2023-07-20,9621
2303,聯電,31,4,27,富邦-花蓮,2023-07-20,9621
00679B,元大美債20年,32,5,27,富邦-花蓮,2023-07-20,9621
4746,台耀,31,5,26,富邦-花蓮,2023-07-20,9621
3325,旭品,28,3,25,富邦-花蓮,2023-07-20,9621
3706,神達,45,21,24,富邦-花蓮,2023-07-20,9621
6235,華孚,26,4,22,富邦-花蓮,2023-07-20,9621
00753L,中信中國50正2,18,1,17,富邦-花蓮,2023-07-20,9621
2409,友達,19,2,17,富邦-花蓮,2023-07-20,9621
3363,上詮,16,0,16,富邦-花蓮,2023-07-20,9621
4174,浩鼎,15,0,15,富邦-花蓮,2023-07-20,9621
5871,中租-KY,14,0,14,富邦-花蓮,2023-07-20,9621
2881,富邦金,18,4,14,富邦-花蓮,2023-07-20,9621
2329,華泰,21,8,13,富邦-花蓮,2023-07-20,9621
2340,台亞,13,0,13,富邦-花蓮,2023-07-20,9621
3682,亞太電,13,0,13,富邦-花蓮,2023-07-20,9621
6470,宇智,13,0,13,富邦-花蓮,2023-07-20,9621
4743,合一,13,1,12,富邦-花蓮,2023-07-20,9621
6156,松上,12,0,12,富邦-花蓮,2023-07-20,9621
2812,台中銀,11,0,11,富邦-花蓮,2023-07-20,9621
00720B,元大投資級公司債,11,0,11,富邦-花蓮,2023-07-20,9621
2368,金像電,11,0,11,富邦-花蓮,2023-07-20,9621
1529,樂事綠能,11,0,11,富邦-花蓮,2023-07-20,9621
6282,康舒,60,49,11,富邦-花蓮,2023-07-20,9621
9951,皇田,14,3,11,富邦-花蓮,2023-07-20,9621
2353,宏��,21,11,10,富邦-花蓮,2023-07-20,9621
3380,明泰,10,0,10,富邦-花蓮,2023-07-20,9621
4714,永捷,10,0,10,富邦-花蓮,2023-07-20,9621
6244,茂迪,10,0,10,富邦-花蓮,2023-07-20,9621
9919,康那香,10,0,10,富邦-花蓮,2023-07-20,9621
4123,晟德,63,54,9,富邦-花蓮,2023-07-20,9621
3037,欣興,17,8,9,富邦-花蓮,2023-07-20,9621
2405,輔信,17,9,8,富邦-花蓮,2023-07-20,9621
2892,第一金,8,0,8,富邦-花蓮,2023-07-20,9621
2392,正崴,8,0,8,富邦-花蓮,2023-07-20,9621
2371,大同,20,12,8,富邦-花蓮,2023-07-20,9621
6166,凌華,7,0,7,富邦-花蓮,2023-07-20,9621
5474,聰泰,9,2,7,富邦-花蓮,2023-07-20,9621
2356,英業達,17,10,7,富邦-花蓮,2023-07-20,9621
2337,旺宏,6,0,6,富邦-花蓮,2023-07-20,9621
6841,長佳智能,26,20,6,富邦-花蓮,2023-07-20,9621
00751B,元大AAA至A公司債,11,5,6,富邦-花蓮,2023-07-20,9621
2399,映泰,6,0,6,富邦-花蓮,2023-07-20,9621
2881,富邦金,106,2,104,富邦-花蓮,2023-07-21,9621
2515,中工,100,2,98,富邦-花蓮,2023-07-21,9621
1104,環泥,84,0,84,富邦-花蓮,2023-07-21,9621
2547,日勝生,70,0,70,富邦-花蓮,2023-07-21,9621
00671R,富邦NASDAQ反1,69,0,69,富邦-花蓮,2023-07-21,9621
2458,義隆,52,1,51,富邦-花蓮,2023-07-21,9621
2382,廣達,197,152,45,富邦-花蓮,2023-07-21,9621
0050,元大台灣50,42,0,42,富邦-花蓮,2023-07-21,9621
2332,友訊,42,2,40,富邦-花蓮,2023-07-21,9621
1102,亞泥,34,0,34,富邦-花蓮,2023-07-21,9621
00882,中信中國高股息,31,0,31,富邦-花蓮,2023-07-21,9621
00665L,富邦�琤肭磪囓�2,30,0,30,富邦-花蓮,2023-07-21,9621
5425,台半,30,2,28,富邦-花蓮,2023-07-21,9621
3037,欣興,42,16,26,富邦-花蓮,2023-07-21,9621
2498,宏達電,27,4,23,富邦-花蓮,2023-07-21,9621
2425,承啟,22,0,22,富邦-花蓮,2023-07-21,9621
6188,廣明,48,26,22,富邦-花蓮,2023-07-21,9621
2206,三陽工業,20,0,20,富邦-花蓮,2023-07-21,9621
00650L,復華香港正2,20,0,20,富邦-花蓮,2023-07-21,9621
2328,廣宇,20,0,20,富邦-花蓮,2023-07-21,9621
4714,永捷,20,0,20,富邦-花蓮,2023-07-21,9621
1513,中興電,119,101,18,富邦-花蓮,2023-07-21,9621
1101,台泥,17,0,17,富邦-花蓮,2023-07-21,9621
5340,建榮,19,2,17,富邦-花蓮,2023-07-21,9621
2330,台積電,19,3,16,富邦-花蓮,2023-07-21,9621
3706,神達,29,13,16,富邦-花蓮,2023-07-21,9621
00679B,元大美債20年,16,0,16,富邦-花蓮,2023-07-21,9621
3682,亞太電,20,5,15,富邦-花蓮,2023-07-21,9621
2303,聯電,32,17,15,富邦-花蓮,2023-07-21,9621
3363,上詮,14,0,14,富邦-花蓮,2023-07-21,9621
2419,仲琦,28,16,12,富邦-花蓮,2023-07-21,9621
3051,力特,12,0,12,富邦-花蓮,2023-07-21,9621
6120,達運,17,5,12,富邦-花蓮,2023-07-21,9621
6244,茂迪,12,0,12,富邦-花蓮,2023-07-21,9621
00929,復華台灣科技優息,13,2,11,富邦-花蓮,2023-07-21,9621
2609,陽明,24,13,11,富邦-花蓮,2023-07-21,9621
8048,德勝,14,3,11,富邦-花蓮,2023-07-21,9621
3071,協禧,11,1,10,富邦-花蓮,2023-07-21,9621
3325,旭品,10,0,10,富邦-花蓮,2023-07-21,9621
4157,太景*-KY,10,0,10,富邦-花蓮,2023-07-21,9621
00632R,元大台灣50反1,10,0,10,富邦-花蓮,2023-07-21,9621
00888,永豐台灣ESG,9,0,9,富邦-花蓮,2023-07-21,9621
1605,華新,21,12,9,富邦-花蓮,2023-07-21,9621
00712,復華富時不動產,8,0,8,富邦-花蓮,2023-07-21,9621
3515,華擎,11,3,8,富邦-花蓮,2023-07-21,9621
4174,浩鼎,8,0,8,富邦-花蓮,2023-07-21,9621
2887,台新金,7,0,7,富邦-花蓮,2023-07-21,9621
1714,和桐,7,0,7,富邦-花蓮,2023-07-21,9621
4768,晶呈科技,32,25,7,富邦-花蓮,2023-07-21,9621
6187,萬潤,10,3,7,富邦-花蓮,2023-07-21,9621
5425,台半,126,2,124,富邦-花蓮,2023-07-24,9621
2605,新興,50,0,50,富邦-花蓮,2023-07-24,9621
1609,大亞,81,40,41,富邦-花蓮,2023-07-24,9621
1104,環泥,35,0,35,富邦-花蓮,2023-07-24,9621
3564,其陽,31,0,31,富邦-花蓮,2023-07-24,9621
6668,中揚光,31,0,31,富邦-花蓮,2023-07-24,9621
00877,復華中國5G,30,0,30,富邦-花蓮,2023-07-24,9621
3231,緯創,40,10,30,富邦-花蓮,2023-07-24,9621
6125,廣運,125,96,29,富邦-花蓮,2023-07-24,9621
3305,昇貿,39,13,26,富邦-花蓮,2023-07-24,9621
6215,和椿,25,0,25,富邦-花蓮,2023-07-24,9621
6230,尼得科超眾,23,0,23,富邦-花蓮,2023-07-24,9621
2323,中環,27,6,21,富邦-花蓮,2023-07-24,9621
2887,台新金,24,4,20,富邦-花蓮,2023-07-24,9621
3049,精金,20,0,20,富邦-花蓮,2023-07-24,9621
3481,群創,17,0,17,富邦-花蓮,2023-07-24,9621
2356,英業達,30,13,17,富邦-花蓮,2023-07-24,9621
1102,亞泥,17,0,17,富邦-花蓮,2023-07-24,9621
5258,虹堡,17,1,16,富邦-花蓮,2023-07-24,9621
2891,中信金,16,3,13,富邦-花蓮,2023-07-24,9621
5607,遠雄港,35,22,13,富邦-花蓮,2023-07-24,9621
1513,中興電,18,6,12,富邦-花蓮,2023-07-24,9621
2606,裕民,12,0,12,富邦-花蓮,2023-07-24,9621
2890,永豐金,11,0,11,富邦-花蓮,2023-07-24,9621
3264,欣銓,11,0,11,富邦-花蓮,2023-07-24,9621
4915,致伸,11,0,11,富邦-花蓮,2023-07-24,9621
4968,立積,11,0,11,富邦-花蓮,2023-07-24,9621
8409,商之器,11,0,11,富邦-花蓮,2023-07-24,9621
2609,陽明,13,2,11,富邦-花蓮,2023-07-24,9621
2615,萬海,10,0,10,富邦-花蓮,2023-07-24,9621
1101,台泥,17,7,10,富邦-花蓮,2023-07-24,9621
2618,長榮航,25,15,10,富邦-花蓮,2023-07-24,9621
00712,復華富時不動產,10,0,10,富邦-花蓮,2023-07-24,9621
2834,臺企銀,10,0,10,富邦-花蓮,2023-07-24,9621
3380,明泰,10,0,10,富邦-花蓮,2023-07-24,9621
4904,遠傳,10,0,10,富邦-花蓮,2023-07-24,9621
5328,華容,10,0,10,富邦-花蓮,2023-07-24,9621
6170,統振,10,0,10,富邦-花蓮,2023-07-24,9621
4977,眾達-KY,10,0,10,富邦-花蓮,2023-07-24,9621
2352,佳世達,13,3,10,富邦-花蓮,2023-07-24,9621
2801,彰銀,9,1,8,富邦-花蓮,2023-07-24,9621
3227,原相,10,2,8,富邦-花蓮,2023-07-24,9621
3013,晟銘電,46,39,7,富邦-花蓮,2023-07-24,9621
4526,東台,7,0,7,富邦-花蓮,2023-07-24,9621
6129,普誠,7,0,7,富邦-花蓮,2023-07-24,9621
6214,精誠,8,1,7,富邦-花蓮,2023-07-24,9621
6227,茂綸,10,3,7,富邦-花蓮,2023-07-24,9621
8016,矽創,7,0,7,富邦-花蓮,2023-07-24,9621
8034,榮群,7,0,7,富邦-花蓮,2023-07-24,9621
1802,台玻,6,0,6,富邦-花蓮,2023-07-24,9621
2354,鴻準,79,10,69,富邦-花蓮,2023-07-25,9621
2458,義隆,64,0,64,富邦-花蓮,2023-07-25,9621
1905,華紙,75,15,60,富邦-花蓮,2023-07-25,9621
2887,台新金,63,5,58,富邦-花蓮,2023-07-25,9621
2303,聯電,73,17,56,富邦-花蓮,2023-07-25,9621
912000,晨訊科-DR,50,0,50,富邦-花蓮,2023-07-25,9621
2382,廣達,139,90,49,富邦-花蓮,2023-07-25,9621
3305,昇貿,40,0,40,富邦-花蓮,2023-07-25,9621
00679B,元大美債20年,32,0,32,富邦-花蓮,2023-07-25,9621
2317,鴻海,55,25,30,富邦-花蓮,2023-07-25,9621
8409,商之器,26,0,26,富邦-花蓮,2023-07-25,9621
5340,建榮,22,0,22,富邦-花蓮,2023-07-25,9621
6770,力積電,24,2,22,富邦-花蓮,2023-07-25,9621
2515,中工,20,0,20,富邦-花蓮,2023-07-25,9621
2838,聯邦銀,20,0,20,富邦-花蓮,2023-07-25,9621
8071,能率網通,20,0,20,富邦-花蓮,2023-07-25,9621
3706,神達,24,5,19,富邦-花蓮,2023-07-25,9621
5443,均豪,24,6,18,富邦-花蓮,2023-07-25,9621
00795B,中信美國公債20年,16,0,16,富邦-花蓮,2023-07-25,9621
2419,仲琦,20,4,16,富邦-花蓮,2023-07-25,9621
2610,華航,18,4,14,富邦-花蓮,2023-07-25,9621
2388,威盛,15,2,13,富邦-花蓮,2023-07-25,9621
2356,英業達,24,12,12,富邦-花蓮,2023-07-25,9621
2312,金寶,21,9,12,富邦-花蓮,2023-07-25,9621
5439,高技,13,1,12,富邦-花蓮,2023-07-25,9621
00929,復華台灣科技優息,27,15,12,富邦-花蓮,2023-07-25,9621
3363,上詮,12,1,11,富邦-花蓮,2023-07-25,9621
4523,永彰,11,0,11,富邦-花蓮,2023-07-25,9621
6166,凌華,82,72,10,富邦-花蓮,2023-07-25,9621
1714,和桐,10,0,10,富邦-花蓮,2023-07-25,9621
3625,西勝,10,0,10,富邦-花蓮,2023-07-25,9621
6026,福邦證,10,0,10,富邦-花蓮,2023-07-25,9621
8088,品安,10,0,10,富邦-花蓮,2023-07-25,9621
2201,裕隆,12,3,9,富邦-花蓮,2023-07-25,9621
2461,光群雷,11,2,9,富邦-花蓮,2023-07-25,9621
2881,富邦金,9,0,9,富邦-花蓮,2023-07-25,9621
1102,亞泥,8,0,8,富邦-花蓮,2023-07-25,9621
2617,台航,8,0,8,富邦-花蓮,2023-07-25,9621
2301,光寶科,602,595,7,富邦-花蓮,2023-07-25,9621
2357,華碩,16,9,7,富邦-花蓮,2023-07-25,9621
3030,德律,7,0,7,富邦-花蓮,2023-07-25,9621
3189,景碩,7,0,7,富邦-花蓮,2023-07-25,9621
3322,建舜電,7,0,7,富邦-花蓮,2023-07-25,9621
6426,統新,7,0,7,富邦-花蓮,2023-07-25,9621
6672,騰輝電子-KY,10,3,7,富邦-花蓮,2023-07-25,9621
8038,長園科,7,0,7,富邦-花蓮,2023-07-25,9621
3231,緯創,11,5,6,富邦-花蓮,2023-07-25,9621
1101,台泥,19,13,6,富邦-花蓮,2023-07-25,9621
2221,大甲,6,0,6,富邦-花蓮,2023-07-25,9621
2359,所羅門,8,2,6,富邦-花蓮,2023-07-25,9621
2329,華泰,269,186,83,富邦-花蓮,2023-07-26,9621
6166,凌華,76,1,75,富邦-花蓮,2023-07-26,9621
2867,三商壽,60,0,60,富邦-花蓮,2023-07-26,9621
6668,中揚光,52,0,52,富邦-花蓮,2023-07-26,9621
2332,友訊,40,0,40,富邦-花蓮,2023-07-26,9621
2458,義隆,38,0,38,富邦-花蓮,2023-07-26,9621
2002,中鋼,50,13,37,富邦-花蓮,2023-07-26,9621
00929,復華台灣科技優息,36,0,36,富邦-花蓮,2023-07-26,9621
2354,鴻準,41,5,36,富邦-花蓮,2023-07-26,9621
2884,玉山金,38,4,34,富邦-花蓮,2023-07-26,9621
3689,湧德,35,3,32,富邦-花蓮,2023-07-26,9621
2413,環科,30,0,30,富邦-花蓮,2023-07-26,9621
2303,聯電,25,0,25,富邦-花蓮,2023-07-26,9621
00772B,中信高評級公司債,23,0,23,富邦-花蓮,2023-07-26,9621
00891,中信關鍵半導體,21,0,21,富邦-花蓮,2023-07-26,9621
00680L,元大美債20正2,20,0,20,富邦-花蓮,2023-07-26,9621
1609,大亞,27,7,20,富邦-花蓮,2023-07-26,9621
4533,協易機,84,64,20,富邦-花蓮,2023-07-26,9621
3305,昇貿,19,0,19,富邦-花蓮,2023-07-26,9621
2419,仲琦,23,5,18,富邦-花蓮,2023-07-26,9621
1504,東元,195,178,17,富邦-花蓮,2023-07-26,9621
6117,迎廣,18,1,17,富邦-花蓮,2023-07-26,9621
2610,華航,18,1,17,富邦-花蓮,2023-07-26,9621
1905,華紙,20,4,16,富邦-花蓮,2023-07-26,9621
6257,矽格,16,0,16,富邦-花蓮,2023-07-26,9621
2357,華碩,16,0,16,富邦-花蓮,2023-07-26,9621
2376,技嘉,22,7,15,富邦-花蓮,2023-07-26,9621
3682,亞太電,15,0,15,富邦-花蓮,2023-07-26,9621
5425,台半,15,0,15,富邦-花蓮,2023-07-26,9621
00679B,元大美債20年,14,0,14,富邦-花蓮,2023-07-26,9621
3227,原相,14,1,13,富邦-花蓮,2023-07-26,9621
1611,中電,13,0,13,富邦-花蓮,2023-07-26,9621
4746,台耀,33,20,13,富邦-花蓮,2023-07-26,9621
8409,商之器,13,0,13,富邦-花蓮,2023-07-26,9621
3380,明泰,13,1,12,富邦-花蓮,2023-07-26,9621
4123,晟德,12,0,12,富邦-花蓮,2023-07-26,9621
2890,永豐金,11,0,11,富邦-花蓮,2023-07-26,9621
3338,泰碩,18,7,11,富邦-花蓮,2023-07-26,9621
3583,辛耘,13,2,11,富邦-花蓮,2023-07-26,9621
4532,瑞智,15,4,11,富邦-花蓮,2023-07-26,9621
1513,中興電,15,5,10,富邦-花蓮,2023-07-26,9621
6462,神盾,10,0,10,富邦-花蓮,2023-07-26,9621
8088,品安,10,0,10,富邦-花蓮,2023-07-26,9621
3059,華晶科,22,13,9,富邦-花蓮,2023-07-26,9621
6214,精誠,9,0,9,富邦-花蓮,2023-07-26,9621
8048,德勝,9,0,9,富邦-花蓮,2023-07-26,9621
2489,瑞軒,10,2,8,富邦-花蓮,2023-07-26,9621
4157,太景*-KY,8,0,8,富邦-花蓮,2023-07-26,9621
4908,前鼎,10,2,8,富邦-花蓮,2023-07-26,9621
6188,廣明,364,357,7,富邦-花蓮,2023-07-26,9621
2887,台新金,105,2,103,富邦-花蓮,2023-07-27,9621
2301,光寶科,412,316,96,富邦-花蓮,2023-07-27,9621
3481,群創,263,204,59,富邦-花蓮,2023-07-27,9621
3037,欣興,66,7,59,富邦-花蓮,2023-07-27,9621
2344,華邦電,61,4,57,富邦-花蓮,2023-07-27,9621
3006,晶豪科,50,1,49,富邦-花蓮,2023-07-27,9621
00929,復華台灣科技優息,43,0,43,富邦-花蓮,2023-07-27,9621
00878,國泰永續高股息,91,53,38,富邦-花蓮,2023-07-27,9621
6116,彩晶,44,6,38,富邦-花蓮,2023-07-27,9621
0056,元大高股息,47,15,32,富邦-花蓮,2023-07-27,9621
6188,廣明,325,295,30,富邦-花蓮,2023-07-27,9621
00632R,元大台灣50反1,40,10,30,富邦-花蓮,2023-07-27,9621
6668,中揚光,28,0,28,富邦-花蓮,2023-07-27,9621
00713,元大台灣高息低波,25,0,25,富邦-花蓮,2023-07-27,9621
00679B,元大美債20年,21,0,21,富邦-花蓮,2023-07-27,9621
2353,宏��,23,2,21,富邦-花蓮,2023-07-27,9621
6290,良維,21,0,21,富邦-花蓮,2023-07-27,9621
1815,富喬,24,5,19,富邦-花蓮,2023-07-27,9621
1710,東聯,18,0,18,富邦-花蓮,2023-07-27,9621
4939,亞電,15,0,15,富邦-花蓮,2023-07-27,9621
1514,亞力,13,0,13,富邦-花蓮,2023-07-27,9621
2002,中鋼,13,0,13,富邦-花蓮,2023-07-27,9621
8358,金居,21,8,13,富邦-花蓮,2023-07-27,9621
2882,國泰金,15,2,13,富邦-花蓮,2023-07-27,9621
2312,金寶,20,8,12,富邦-花蓮,2023-07-27,9621
2382,廣達,81,69,12,富邦-花蓮,2023-07-27,9621
4188,安克,14,2,12,富邦-花蓮,2023-07-27,9621
4532,瑞智,16,4,12,富邦-花蓮,2023-07-27,9621
2371,大同,12,0,12,富邦-花蓮,2023-07-27,9621
2515,中工,11,0,11,富邦-花蓮,2023-07-27,9621
1409,新纖,13,3,10,富邦-花蓮,2023-07-27,9621
2929,淘帝-KY,10,0,10,富邦-花蓮,2023-07-27,9621
3004,豐達科,11,1,10,富邦-花蓮,2023-07-27,9621
5452,佶優,14,4,10,富邦-花蓮,2023-07-27,9621
912000,晨訊科-DR,10,0,10,富邦-花蓮,2023-07-27,9621
2388,威盛,11,1,10,富邦-花蓮,2023-07-27,9621
2606,裕民,10,1,9,富邦-花蓮,2023-07-27,9621
2607,榮運,10,1,9,富邦-花蓮,2023-07-27,9621
3625,西勝,9,0,9,富邦-花蓮,2023-07-27,9621
5203,訊連,10,1,9,富邦-花蓮,2023-07-27,9621
8105,凌巨,8,0,8,富邦-花蓮,2023-07-27,9621
2340,台亞,16,8,8,富邦-花蓮,2023-07-27,9621
3035,智原,10,2,8,富邦-花蓮,2023-07-27,9621
2104,國際中橡,7,0,7,富邦-花蓮,2023-07-27,9621
1587,吉茂,8,1,7,富邦-花蓮,2023-07-27,9621
3189,景碩,7,0,7,富邦-花蓮,2023-07-27,9621
3689,湧德,11,4,7,富邦-花蓮,2023-07-27,9621
5607,遠雄港,8,1,7,富邦-花蓮,2023-07-27,9621
8489,三貝德,7,0,7,富邦-花蓮,2023-07-27,9621
1313,聯成,8,2,6,富邦-花蓮,2023-07-27,9621
2888,新光金,358,1,357,富邦-花蓮,2023-07-28,9621
2312,金寶,126,9,117,富邦-花蓮,2023-07-28,9621
00679B,元大美債20年,61,1,60,富邦-花蓮,2023-07-28,9621
4533,協易機,76,29,47,富邦-花蓮,2023-07-28,9621
1301,台塑,37,0,37,富邦-花蓮,2023-07-28,9621
6188,廣明,50,14,36,富邦-花蓮,2023-07-28,9621
9945,潤泰新,36,0,36,富邦-花蓮,2023-07-28,9621
00665L,富邦�琤肭磪囓�2,30,0,30,富邦-花蓮,2023-07-28,9621
00650L,復華香港正2,28,0,28,富邦-花蓮,2023-07-28,9621
00712,復華富時不動產,27,0,27,富邦-花蓮,2023-07-28,9621
00772B,中信高評級公司債,26,0,26,富邦-花蓮,2023-07-28,9621
5608,四維航,25,1,24,富邦-花蓮,2023-07-28,9621
2458,義隆,30,10,20,富邦-花蓮,2023-07-28,9621
2601,益航,20,0,20,富邦-花蓮,2023-07-28,9621
8038,長園科,20,0,20,富邦-花蓮,2023-07-28,9621
8215,明基材,21,1,20,富邦-花蓮,2023-07-28,9621
2332,友訊,20,1,19,富邦-花蓮,2023-07-28,9621
2605,新興,20,1,19,富邦-花蓮,2023-07-28,9621
2104,國際中橡,25,6,19,富邦-花蓮,2023-07-28,9621
6116,彩晶,30,13,17,富邦-花蓮,2023-07-28,9621
5483,中美晶,20,4,16,富邦-花蓮,2023-07-28,9621
00687B,國泰20年美債,16,0,16,富邦-花蓮,2023-07-28,9621
3689,湧德,19,3,16,富邦-花蓮,2023-07-28,9621
3163,波若威,22,6,16,富邦-花蓮,2023-07-28,9621
1904,正隆,16,1,15,富邦-花蓮,2023-07-28,9621
2505,國揚,15,0,15,富邦-花蓮,2023-07-28,9621
6161,捷波,15,0,15,富邦-花蓮,2023-07-28,9621
912000,晨訊科-DR,20,5,15,富邦-花蓮,2023-07-28,9621
3481,群創,38,23,15,富邦-花蓮,2023-07-28,9621
1319,東陽,16,2,14,富邦-花蓮,2023-07-28,9621
2329,華泰,71,57,14,富邦-花蓮,2023-07-28,9621
2399,映泰,14,1,13,富邦-花蓮,2023-07-28,9621
6770,力積電,20,7,13,富邦-花蓮,2023-07-28,9621
1783,和康生,23,11,12,富邦-花蓮,2023-07-28,9621
2371,大同,15,3,12,富邦-花蓮,2023-07-28,9621
6187,萬潤,17,6,11,富邦-花蓮,2023-07-28,9621
8358,金居,31,20,11,富邦-花蓮,2023-07-28,9621
00751B,元大AAA至A公司債,10,0,10,富邦-花蓮,2023-07-28,9621
5880,合庫金,10,0,10,富邦-花蓮,2023-07-28,9621
3663,鑫科,14,4,10,富邦-花蓮,2023-07-28,9621
4526,東台,10,0,10,富邦-花蓮,2023-07-28,9621
6577,勁豐,10,0,10,富邦-花蓮,2023-07-28,9621
1802,台玻,25,15,10,富邦-花蓮,2023-07-28,9621
2409,友達,60,50,10,富邦-花蓮,2023-07-28,9621
2851,中再保,9,0,9,富邦-花蓮,2023-07-28,9621
3550,聯穎,11,2,9,富邦-花蓮,2023-07-28,9621
6426,統新,9,0,9,富邦-花蓮,2023-07-28,9621
8028,昇陽半導體,19,10,9,富邦-花蓮,2023-07-28,9621
00929,復華台灣科技優息,14,6,8,富邦-花蓮,2023-07-28,9621
1907,永豐餘,15,7,8,富邦-花蓮,2023-07-28,9621
2888,新光金,282,144,138,富邦-花蓮,2023-07-31,9621
2323,中環,101,1,100,富邦-花蓮,2023-07-31,9621
3481,群創,117,19,98,富邦-花蓮,2023-07-31,9621
3231,緯創,485,403,82,富邦-花蓮,2023-07-31,9621
00929,復華台灣科技優息,88,19,69,富邦-花蓮,2023-07-31,9621
6016,康和證,35,0,35,富邦-花蓮,2023-07-31,9621
2382,廣達,188,153,35,富邦-花蓮,2023-07-31,9621
00680L,元大美債20正2,32,0,32,富邦-花蓮,2023-07-31,9621
2609,陽明,45,15,30,富邦-花蓮,2023-07-31,9621
00878,國泰永續高股息,118,90,28,富邦-花蓮,2023-07-31,9621
6426,統新,28,0,28,富邦-花蓮,2023-07-31,9621
3363,上詮,27,0,27,富邦-花蓮,2023-07-31,9621
00632R,元大台灣50反1,31,5,26,富邦-花蓮,2023-07-31,9621
1905,華紙,41,15,26,富邦-花蓮,2023-07-31,9621
2540,愛山林,25,0,25,富邦-花蓮,2023-07-31,9621
2637,慧洋-KY,22,0,22,富邦-花蓮,2023-07-31,9621
1815,富喬,54,33,21,富邦-花蓮,2023-07-31,9621
4960,誠美材,22,1,21,富邦-花蓮,2023-07-31,9621
2357,華碩,22,1,21,富邦-花蓮,2023-07-31,9621
6235,華孚,34,13,21,富邦-花蓮,2023-07-31,9621
2329,華泰,59,39,20,富邦-花蓮,2023-07-31,9621
00679B,元大美債20年,19,0,19,富邦-花蓮,2023-07-31,9621
3264,欣銓,26,8,18,富邦-花蓮,2023-07-31,9621
2881,富邦金,24,6,18,富邦-花蓮,2023-07-31,9621
3037,欣興,24,6,18,富邦-花蓮,2023-07-31,9621
3625,西勝,16,0,16,富邦-花蓮,2023-07-31,9621
8048,德勝,28,12,16,富邦-花蓮,2023-07-31,9621
5475,德宏,15,0,15,富邦-花蓮,2023-07-31,9621
2401,凌陽,14,0,14,富邦-花蓮,2023-07-31,9621
3078,僑威,16,3,13,富邦-花蓮,2023-07-31,9621
2388,威盛,13,0,13,富邦-花蓮,2023-07-31,9621
4979,華星光,34,21,13,富邦-花蓮,2023-07-31,9621
4989,榮科,17,4,13,富邦-花蓮,2023-07-31,9621
2603,長榮,21,9,12,富邦-花蓮,2023-07-31,9621
4157,太景*-KY,12,0,12,富邦-花蓮,2023-07-31,9621
8358,金居,27,15,12,富邦-花蓮,2023-07-31,9621
6148,驊宏資,12,1,11,富邦-花蓮,2023-07-31,9621
00687B,國泰20年美債,11,1,10,富邦-花蓮,2023-07-31,9621
2409,友達,58,48,10,富邦-花蓮,2023-07-31,9621
1312,國喬,10,0,10,富邦-花蓮,2023-07-31,9621
2104,國際中橡,10,0,10,富邦-花蓮,2023-07-31,9621
2867,三商壽,10,0,10,富邦-花蓮,2023-07-31,9621
5285,界霖,10,0,10,富邦-花蓮,2023-07-31,9621
6207,雷科,10,0,10,富邦-花蓮,2023-07-31,9621
1504,東元,11,2,9,富邦-花蓮,2023-07-31,9621
2405,輔信,11,2,9,富邦-花蓮,2023-07-31,9621
2745,五福,10,1,9,富邦-花蓮,2023-07-31,9621
8409,商之器,11,2,9,富邦-花蓮,2023-07-31,9621
00772B,中信高評級公司債,9,0,9,富邦-花蓮,2023-07-31,9621
00673R,期元大S＆P原油反1,8,0,8,富邦-花蓮,2023-07-31,9621
1471,首利,53,0,53,富邦-花蓮,2023-08-01,9621
2409,友達,63,13,50,富邦-花蓮,2023-08-01,9621
0056,元大高股息,78,37,41,富邦-花蓮,2023-08-01,9621
00929,復華台灣科技優息,43,3,40,富邦-花蓮,2023-08-01,9621
1710,東聯,40,1,39,富邦-花蓮,2023-08-01,9621
6188,廣明,38,5,33,富邦-花蓮,2023-08-01,9621
2401,凌陽,40,8,32,富邦-花蓮,2023-08-01,9621
4726,永昕,32,0,32,富邦-花蓮,2023-08-01,9621
2458,義隆,30,0,30,富邦-花蓮,2023-08-01,9621
6443,元晶,31,2,29,富邦-花蓮,2023-08-01,9621
00885,富邦越南,32,4,28,富邦-花蓮,2023-08-01,9621
6282,康舒,67,41,26,富邦-花蓮,2023-08-01,9621
00923,群益台ESG低碳50,25,0,25,富邦-花蓮,2023-08-01,9621
2332,友訊,20,0,20,富邦-花蓮,2023-08-01,9621
00882,中信中國高股息,22,4,18,富邦-花蓮,2023-08-01,9621
2610,華航,22,4,18,富邦-花蓮,2023-08-01,9621
00673R,期元大S＆P原油反1,17,0,17,富邦-花蓮,2023-08-01,9621
2913,農林,62,45,17,富邦-花蓮,2023-08-01,9621
2329,華泰,36,19,17,富邦-花蓮,2023-08-01,9621
1905,華紙,17,1,16,富邦-花蓮,2023-08-01,9621
3257,虹冠電,18,2,16,富邦-花蓮,2023-08-01,9621
2324,仁寶,20,4,16,富邦-花蓮,2023-08-01,9621
1784,訊聯,16,1,15,富邦-花蓮,2023-08-01,9621
00919,群益台灣精選高息,14,0,14,富邦-花蓮,2023-08-01,9621
1611,中電,14,0,14,富邦-花蓮,2023-08-01,9621
2881,富邦金,13,0,13,富邦-花蓮,2023-08-01,9621
00878,國泰永續高股息,69,57,12,富邦-花蓮,2023-08-01,9621
2312,金寶,24,13,11,富邦-花蓮,2023-08-01,9621
1101,台泥,10,0,10,富邦-花蓮,2023-08-01,9621
00680L,元大美債20正2,10,0,10,富邦-花蓮,2023-08-01,9621
2892,第一金,12,2,10,富邦-花蓮,2023-08-01,9621
4768,晶呈科技,10,0,10,富邦-花蓮,2023-08-01,9621
8088,品安,10,0,10,富邦-花蓮,2023-08-01,9621
00772B,中信高評級公司債,9,0,9,富邦-花蓮,2023-08-01,9621
2323,中環,11,2,9,富邦-花蓮,2023-08-01,9621
3260,威剛,10,1,9,富邦-花蓮,2023-08-01,9621
5425,台半,11,2,9,富邦-花蓮,2023-08-01,9621
4979,華星光,20,12,8,富邦-花蓮,2023-08-01,9621
4128,中天,10,2,8,富邦-花蓮,2023-08-01,9621
6218,豪勉,10,2,8,富邦-花蓮,2023-08-01,9621
8048,德勝,9,1,8,富邦-花蓮,2023-08-01,9621
5388,中磊,8,1,7,富邦-花蓮,2023-08-01,9621
1513,中興電,10,3,7,富邦-花蓮,2023-08-01,9621
1605,華新,7,0,7,富邦-花蓮,2023-08-01,9621
1815,富喬,14,7,7,富邦-花蓮,2023-08-01,9621
3217,優群,9,2,7,富邦-花蓮,2023-08-01,9621
4906,正文,7,0,7,富邦-花蓮,2023-08-01,9621
4916,事欣科,12,5,7,富邦-花蓮,2023-08-01,9621
1319,東陽,12,6,6,富邦-花蓮,2023-08-01,9621
3205,佰研,6,0,6,富邦-花蓮,2023-08-01,9621
00878,國泰永續高股息,320,77,243,富邦-花蓮,2023-08-02,9621
00923,群益台ESG低碳50,88,1,87,富邦-花蓮,2023-08-02,9621
0056,元大高股息,112,43,69,富邦-花蓮,2023-08-02,9621
6016,康和證,50,0,50,富邦-花蓮,2023-08-02,9621
00929,復華台灣科技優息,49,2,47,富邦-花蓮,2023-08-02,9621
1905,華紙,76,33,43,富邦-花蓮,2023-08-02,9621
00712,復華富時不動產,42,0,42,富邦-花蓮,2023-08-02,9621
1314,中石化,47,5,42,富邦-花蓮,2023-08-02,9621
1609,大亞,69,28,41,富邦-花蓮,2023-08-02,9621
2409,友達,51,16,35,富邦-花蓮,2023-08-02,9621
3037,欣興,42,11,31,富邦-花蓮,2023-08-02,9621
00679B,元大美債20年,30,0,30,富邦-花蓮,2023-08-02,9621
00900,富邦特選高股息30,68,40,28,富邦-花蓮,2023-08-02,9621
00772B,中信高評級公司債,27,0,27,富邦-花蓮,2023-08-02,9621
6282,康舒,40,14,26,富邦-花蓮,2023-08-02,9621
00680L,元大美債20正2,23,0,23,富邦-花蓮,2023-08-02,9621
3231,緯創,365,342,23,富邦-花蓮,2023-08-02,9621
1316,上曜,22,0,22,富邦-花蓮,2023-08-02,9621
4533,協易機,35,13,22,富邦-花蓮,2023-08-02,9621
6443,元晶,21,0,21,富邦-花蓮,2023-08-02,9621
00927,群益半導體收益,20,0,20,富邦-花蓮,2023-08-02,9621
2883,凱基金,20,0,20,富邦-花蓮,2023-08-02,9621
3663,鑫科,22,2,20,富邦-花蓮,2023-08-02,9621
6005,群益證,20,0,20,富邦-花蓮,2023-08-02,9621
8049,晶采,20,0,20,富邦-花蓮,2023-08-02,9621
2891,中信金,33,15,18,富邦-花蓮,2023-08-02,9621
6257,矽格,18,0,18,富邦-花蓮,2023-08-02,9621
2610,華航,76,59,17,富邦-花蓮,2023-08-02,9621
2312,金寶,16,0,16,富邦-花蓮,2023-08-02,9621
2892,第一金,15,0,15,富邦-花蓮,2023-08-02,9621
00751B,元大AAA至A公司債,14,0,14,富邦-花蓮,2023-08-02,9621
3711,日月光投控,14,0,14,富邦-花蓮,2023-08-02,9621
2206,三陽工業,20,8,12,富邦-花蓮,2023-08-02,9621
2303,聯電,18,7,11,富邦-花蓮,2023-08-02,9621
3013,晟銘電,11,0,11,富邦-花蓮,2023-08-02,9621
5347,世界,11,0,11,富邦-花蓮,2023-08-02,9621
8409,商之器,11,0,11,富邦-花蓮,2023-08-02,9621
2498,宏達電,23,12,11,富邦-花蓮,2023-08-02,9621
00720B,元大投資級公司債,10,0,10,富邦-花蓮,2023-08-02,9621
1802,台玻,11,1,10,富邦-花蓮,2023-08-02,9621
00665L,富邦�琤肭磪囓�2,10,0,10,富邦-花蓮,2023-08-02,9621
2328,廣宇,12,2,10,富邦-花蓮,2023-08-02,9621
3706,神達,14,4,10,富邦-花蓮,2023-08-02,9621
4164,承業醫,10,0,10,富邦-花蓮,2023-08-02,9621
4961,天鈺,10,0,10,富邦-花蓮,2023-08-02,9621
6129,普誠,11,1,10,富邦-花蓮,2023-08-02,9621
8059,凱碩,10,0,10,富邦-花蓮,2023-08-02,9621
8201,無敵,10,0,10,富邦-花蓮,2023-08-02,9621
2425,承啟,12,2,10,富邦-花蓮,2023-08-02,9621
5425,台半,10,1,9,富邦-花蓮,2023-08-02,9621
00929,復華台灣科技優息,93,3,90,富邦-花蓮,2023-08-04,9621
00679B,元大美債20年,49,0,49,富邦-花蓮,2023-08-04,9621
2891,中信金,56,10,46,富邦-花蓮,2023-08-04,9621
2880,華南金,41,0,41,富邦-花蓮,2023-08-04,9621
00680L,元大美債20正2,39,0,39,富邦-花蓮,2023-08-04,9621
1605,華新,56,18,38,富邦-花蓮,2023-08-04,9621
00772B,中信高評級公司債,38,0,38,富邦-花蓮,2023-08-04,9621
8215,明基材,34,1,33,富邦-花蓮,2023-08-04,9621
2354,鴻準,29,0,29,富邦-花蓮,2023-08-04,9621
00720B,元大投資級公司債,30,6,24,富邦-花蓮,2023-08-04,9621
1609,大亞,34,10,24,富邦-花蓮,2023-08-04,9621
3580,友威科,24,0,24,富邦-花蓮,2023-08-04,9621
00713,元大台灣高息低波,23,0,23,富邦-花蓮,2023-08-04,9621
00687B,國泰20年美債,21,0,21,富邦-花蓮,2023-08-04,9621
5225,東科-KY,20,0,20,富邦-花蓮,2023-08-04,9621
00751B,元大AAA至A公司債,18,0,18,富邦-花蓮,2023-08-04,9621
00673R,期元大S＆P原油反1,18,0,18,富邦-花蓮,2023-08-04,9621
2382,廣達,400,382,18,富邦-花蓮,2023-08-04,9621
00900,富邦特選高股息30,20,3,17,富邦-花蓮,2023-08-04,9621
2440,太空梭,18,1,17,富邦-花蓮,2023-08-04,9621
2344,華邦電,20,6,14,富邦-花蓮,2023-08-04,9621
2618,長榮航,18,5,13,富邦-花蓮,2023-08-04,9621
5328,華容,13,0,13,富邦-花蓮,2023-08-04,9621
00725B,國泰投資級公司債,12,0,12,富邦-花蓮,2023-08-04,9621
5209,新鼎,11,0,11,富邦-花蓮,2023-08-04,9621
2303,聯電,11,0,11,富邦-花蓮,2023-08-04,9621
1402,遠東新,10,0,10,富邦-花蓮,2023-08-04,9621
1802,台玻,25,15,10,富邦-花蓮,2023-08-04,9621
2352,佳世達,14,4,10,富邦-花蓮,2023-08-04,9621
3202,樺晟,12,2,10,富邦-花蓮,2023-08-04,9621
4746,台耀,12,2,10,富邦-花蓮,2023-08-04,9621
8390,金益鼎,10,0,10,富邦-花蓮,2023-08-04,9621
8489,三貝德,10,0,10,富邦-花蓮,2023-08-04,9621
00712,復華富時不動產,9,0,9,富邦-花蓮,2023-08-04,9621
1308,亞聚,9,0,9,富邦-花蓮,2023-08-04,9621
3013,晟銘電,23,14,9,富邦-花蓮,2023-08-04,9621
00850,元大臺灣ESG永續,8,0,8,富邦-花蓮,2023-08-04,9621
00688L,國泰20年美債正2,8,0,8,富邦-花蓮,2023-08-04,9621
1727,中華化,7,0,7,富邦-花蓮,2023-08-04,9621
6120,達運,7,0,7,富邦-花蓮,2023-08-04,9621
0056,元大高股息,24,17,7,富邦-花蓮,2023-08-04,9621
2330,台積電,8,1,7,富邦-花蓮,2023-08-04,9621
006208,富邦台50,7,1,6,富邦-花蓮,2023-08-04,9621
1608,華榮,6,0,6,富邦-花蓮,2023-08-04,9621
2312,金寶,16,10,6,富邦-花蓮,2023-08-04,9621
3363,上詮,6,0,6,富邦-花蓮,2023-08-04,9621
3714,富采,6,0,6,富邦-花蓮,2023-08-04,9621
4190,佐登-KY,6,0,6,富邦-花蓮,2023-08-04,9621
4726,永昕,6,0,6,富邦-花蓮,2023-08-04,9621
2359,所羅門,6,0,6,富邦-花蓮,2023-08-04,9621
3481,群創,225,27,198,富邦-花蓮,2023-08-07,9621
00929,復華台灣科技優息,216,52,164,富邦-花蓮,2023-08-07,9621
2618,長榮航,121,21,100,富邦-花蓮,2023-08-07,9621
00882,中信中國高股息,73,0,73,富邦-花蓮,2023-08-07,9621
5864,致和證,57,0,57,富邦-花蓮,2023-08-07,9621
00931B,統一美債20年,51,0,51,富邦-花蓮,2023-08-07,9621
2464,盟立,48,1,47,富邦-花蓮,2023-08-07,9621
2890,永豐金,50,3,47,富邦-花蓮,2023-08-07,9621
3047,訊舟,42,0,42,富邦-花蓮,2023-08-07,9621
2504,國產,31,2,29,富邦-花蓮,2023-08-07,9621
1477,聚陽,45,21,24,富邦-花蓮,2023-08-07,9621
2891,中信金,38,15,23,富邦-花蓮,2023-08-07,9621
00900,富邦特選高股息30,25,2,23,富邦-花蓮,2023-08-07,9621
2610,華航,49,26,23,富邦-花蓮,2023-08-07,9621
00680L,元大美債20正2,20,0,20,富邦-花蓮,2023-08-07,9621
00687B,國泰20年美債,18,0,18,富邦-花蓮,2023-08-07,9621
00637L,元大滬深300正2,17,0,17,富邦-花蓮,2023-08-07,9621
2301,光寶科,854,838,16,富邦-花蓮,2023-08-07,9621
1904,正隆,16,0,16,富邦-花蓮,2023-08-07,9621
00751B,元大AAA至A公司債,15,0,15,富邦-花蓮,2023-08-07,9621
2489,瑞軒,14,0,14,富邦-花蓮,2023-08-07,9621
8390,金益鼎,15,2,13,富邦-花蓮,2023-08-07,9621
2354,鴻準,12,0,12,富邦-花蓮,2023-08-07,9621
1609,大亞,22,11,11,富邦-花蓮,2023-08-07,9621
2409,友達,37,26,11,富邦-花蓮,2023-08-07,9621
2603,長榮,12,1,11,富邦-花蓮,2023-08-07,9621
3363,上詮,10,0,10,富邦-花蓮,2023-08-07,9621
6231,系微,10,0,10,富邦-花蓮,2023-08-07,9621
8940,新天地,10,0,10,富邦-花蓮,2023-08-07,9621
9927,泰銘,10,0,10,富邦-花蓮,2023-08-07,9621
5328,華容,9,0,9,富邦-花蓮,2023-08-07,9621
2352,佳世達,10,2,8,富邦-花蓮,2023-08-07,9621
2605,新興,8,0,8,富邦-花蓮,2023-08-07,9621
6214,精誠,8,0,8,富邦-花蓮,2023-08-07,9621
8096,擎亞,8,0,8,富邦-花蓮,2023-08-07,9621
8150,南茂,9,1,8,富邦-花蓮,2023-08-07,9621
00878,國泰永續高股息,50,42,8,富邦-花蓮,2023-08-07,9621
1727,中華化,7,0,7,富邦-花蓮,2023-08-07,9621
2913,農林,11,4,7,富邦-花蓮,2023-08-07,9621
3017,奇鋐,15,9,6,富邦-花蓮,2023-08-07,9621
2892,第一金,8,1,7,富邦-花蓮,2023-08-07,9621
00923,群益台ESG低碳50,6,0,6,富邦-花蓮,2023-08-07,9621
2383,台光電,7,1,6,富邦-花蓮,2023-08-07,9621
2328,廣宇,6,0,6,富邦-花蓮,2023-08-07,9621
3308,聯德,6,0,6,富邦-花蓮,2023-08-07,9621
3576,聯合再生,7,1,6,富邦-花蓮,2023-08-07,9621
3580,友威科,6,0,6,富邦-花蓮,2023-08-07,9621
5009,榮剛,7,1,6,富邦-花蓮,2023-08-07,9621
5285,界霖,8,2,6,富邦-花蓮,2023-08-07,9621
5452,佶優,6,1,5,富邦-花蓮,2023-08-07,9621
2356,英業達,161,71,90,富邦-花蓮,2023-08-08,9621
00753L,中信中國50正2,80,0,80,富邦-花蓮,2023-08-08,9621
00929,復華台灣科技優息,78,0,78,富邦-花蓮,2023-08-08,9621
00900,富邦特選高股息30,51,0,51,富邦-花蓮,2023-08-08,9621
00665L,富邦�琤肭磪囓�2,50,0,50,富邦-花蓮,2023-08-08,9621
00927,群益半導體收益,43,0,43,富邦-花蓮,2023-08-08,9621
8046,南電,41,2,39,富邦-花蓮,2023-08-08,9621
00673R,期元大S＆P原油反1,37,0,37,富邦-花蓮,2023-08-08,9621
3231,緯創,475,441,34,富邦-花蓮,2023-08-08,9621
2504,國產,30,0,30,富邦-花蓮,2023-08-08,9621
2388,威盛,23,2,21,富邦-花蓮,2023-08-08,9621
5880,合庫金,19,0,19,富邦-花蓮,2023-08-08,9621
1802,台玻,19,2,17,富邦-花蓮,2023-08-08,9621
2617,台航,15,0,15,富邦-花蓮,2023-08-08,9621
3706,神達,31,16,15,富邦-花蓮,2023-08-08,9621
2834,臺企銀,21,6,15,富邦-花蓮,2023-08-08,9621
3380,明泰,14,0,14,富邦-花蓮,2023-08-08,9621
2382,廣達,199,185,14,富邦-花蓮,2023-08-08,9621
00923,群益台ESG低碳50,12,0,12,富邦-花蓮,2023-08-08,9621
00885,富邦越南,14,2,12,富邦-花蓮,2023-08-08,9621
3029,零壹,15,3,12,富邦-花蓮,2023-08-08,9621
3035,智原,11,0,11,富邦-花蓮,2023-08-08,9621
00795B,中信美國公債20年,10,0,10,富邦-花蓮,2023-08-08,9621
00931B,統一美債20年,20,10,10,富邦-花蓮,2023-08-08,9621
1560,中砂,10,0,10,富邦-花蓮,2023-08-08,9621
1742,台蠟,10,0,10,富邦-花蓮,2023-08-08,9621
2607,榮運,10,0,10,富邦-花蓮,2023-08-08,9621
3432,台端,10,0,10,富邦-花蓮,2023-08-08,9621
2890,永豐金,12,2,10,富邦-花蓮,2023-08-08,9621
1308,亞聚,9,0,9,富邦-花蓮,2023-08-08,9621
1904,正隆,10,1,9,富邦-花蓮,2023-08-08,9621
3306,鼎天,14,5,9,富邦-花蓮,2023-08-08,9621
2301,光寶科,747,738,9,富邦-花蓮,2023-08-08,9621
6443,元晶,8,0,8,富邦-花蓮,2023-08-08,9621
00919,群益台灣精選高息,7,0,7,富邦-花蓮,2023-08-08,9621
00650L,復華香港正2,9,2,7,富邦-花蓮,2023-08-08,9621
00850,元大臺灣ESG永續,7,0,7,富邦-花蓮,2023-08-08,9621
00888,永豐台灣ESG,7,0,7,富邦-花蓮,2023-08-08,9621
3032,偉訓,10,3,7,富邦-花蓮,2023-08-08,9621
00878,國泰永續高股息,46,39,7,富邦-花蓮,2023-08-08,9621
2303,聯電,7,1,6,富邦-花蓮,2023-08-08,9621
2891,中信金,6,0,6,富邦-花蓮,2023-08-08,9621
1402,遠東新,6,0,6,富邦-花蓮,2023-08-08,9621
2031,新光鋼,6,0,6,富邦-花蓮,2023-08-08,9621
2337,旺宏,6,0,6,富邦-花蓮,2023-08-08,9621
2419,仲琦,7,1,6,富邦-花蓮,2023-08-08,9621
2464,盟立,12,6,6,富邦-花蓮,2023-08-08,9621
3583,辛耘,10,4,6,富邦-花蓮,2023-08-08,9621
6125,廣運,9,3,6,富邦-花蓮,2023-08-08,9621
8050,廣積,28,22,6,富邦-花蓮,2023-08-08,9621
00929,復華台灣科技優息,109,0,109,富邦-花蓮,2023-08-09,9621
5469,瀚宇博,102,7,95,富邦-花蓮,2023-08-09,9621
00900,富邦特選高股息30,64,0,64,富邦-花蓮,2023-08-09,9621
5209,新鼎,49,0,49,富邦-花蓮,2023-08-09,9621
1215,卜蜂,31,0,31,富邦-花蓮,2023-08-09,9621
00673R,期元大S＆P原油反1,30,0,30,富邦-花蓮,2023-08-09,9621
3047,訊舟,30,0,30,富邦-花蓮,2023-08-09,9621
3581,博磊,38,9,29,富邦-花蓮,2023-08-09,9621
3231,緯創,447,423,24,富邦-花蓮,2023-08-09,9621
00923,群益台ESG低碳50,24,0,24,富邦-花蓮,2023-08-09,9621
6282,康舒,88,64,24,富邦-花蓮,2023-08-09,9621
2880,華南金,20,0,20,富邦-花蓮,2023-08-09,9621
00907,永豐優息存股,20,0,20,富邦-花蓮,2023-08-09,9621
4173,久裕,20,0,20,富邦-花蓮,2023-08-09,9621
6605,帝寶,30,10,20,富邦-花蓮,2023-08-09,9621
6770,力積電,20,0,20,富邦-花蓮,2023-08-09,9621
2458,義隆,19,1,18,富邦-花蓮,2023-08-09,9621
1605,華新,15,0,15,富邦-花蓮,2023-08-09,9621
6120,達運,15,0,15,富邦-花蓮,2023-08-09,9621
2606,裕民,14,0,14,富邦-花蓮,2023-08-09,9621
2409,友達,23,10,13,富邦-花蓮,2023-08-09,9621
6190,萬泰科,12,0,12,富邦-花蓮,2023-08-09,9621
2617,台航,11,0,11,富邦-花蓮,2023-08-09,9621
2637,慧洋-KY,11,0,11,富邦-花蓮,2023-08-09,9621
2890,永豐金,11,0,11,富邦-花蓮,2023-08-09,9621
2376,技嘉,19,9,10,富邦-花蓮,2023-08-09,9621
00665L,富邦�琤肭磪囓�2,10,0,10,富邦-花蓮,2023-08-09,9621
1710,東聯,10,0,10,富邦-花蓮,2023-08-09,9621
2201,裕隆,10,0,10,富邦-花蓮,2023-08-09,9621
3013,晟銘電,15,5,10,富邦-花蓮,2023-08-09,9621
3056,富華新,10,0,10,富邦-花蓮,2023-08-09,9621
4114,健喬,10,0,10,富邦-花蓮,2023-08-09,9621
5215,科嘉-KY,10,0,10,富邦-花蓮,2023-08-09,9621
6156,松上,10,0,10,富邦-花蓮,2023-08-09,9621
6271,同欣電,10,0,10,富邦-花蓮,2023-08-09,9621
00878,國泰永續高股息,39,30,9,富邦-花蓮,2023-08-09,9621
0056,元大高股息,9,0,9,富邦-花蓮,2023-08-09,9621
2002,中鋼,7,0,7,富邦-花蓮,2023-08-09,9621
1905,華紙,7,0,7,富邦-花蓮,2023-08-09,9621
2913,農林,18,11,7,富邦-花蓮,2023-08-09,9621
4157,太景*-KY,7,0,7,富邦-花蓮,2023-08-09,9621
00885,富邦越南,11,5,6,富邦-花蓮,2023-08-09,9621
1903,士紙,6,0,6,富邦-花蓮,2023-08-09,9621
3260,威剛,10,4,6,富邦-花蓮,2023-08-09,9621
3363,上詮,6,0,6,富邦-花蓮,2023-08-09,9621
5009,榮剛,6,0,6,富邦-花蓮,2023-08-09,9621
6269,台郡,6,0,6,富邦-花蓮,2023-08-09,9621
8390,金益鼎,6,0,6,富邦-花蓮,2023-08-09,9621
6182,合晶,6,0,6,富邦-花蓮,2023-08-09,9621
2316,楠梓電,5,0,5,富邦-花蓮,2023-08-09,9621
2610,華航,109,12,97,富邦-花蓮,2023-08-10,9621
00929,復華台灣科技優息,101,16,85,富邦-花蓮,2023-08-10,9621
00900,富邦特選高股息30,74,2,72,富邦-花蓮,2023-08-10,9621
6282,康舒,84,17,67,富邦-花蓮,2023-08-10,9621
00877,復華中國5G,60,0,60,富邦-花蓮,2023-08-10,9621
8088,品安,60,0,60,富邦-花蓮,2023-08-10,9621
00878,國泰永續高股息,81,28,53,富邦-花蓮,2023-08-10,9621
5209,新鼎,44,0,44,富邦-花蓮,2023-08-10,9621
0056,元大高股息,43,3,40,富邦-花蓮,2023-08-10,9621
9945,潤泰新,38,0,38,富邦-花蓮,2023-08-10,9621
2323,中環,28,2,26,富邦-花蓮,2023-08-10,9621
00673R,期元大S＆P原油反1,25,0,25,富邦-花蓮,2023-08-10,9621
00931B,統一美債20年,25,0,25,富邦-花蓮,2023-08-10,9621
3481,群創,62,39,23,富邦-花蓮,2023-08-10,9621
00923,群益台ESG低碳50,22,0,22,富邦-花蓮,2023-08-10,9621
8049,晶采,22,0,22,富邦-花蓮,2023-08-10,9621
1616,億泰,20,0,20,富邦-花蓮,2023-08-10,9621
00919,群益台灣精選高息,18,0,18,富邦-花蓮,2023-08-10,9621
6116,彩晶,19,3,16,富邦-花蓮,2023-08-10,9621
2382,廣達,378,362,16,富邦-花蓮,2023-08-10,9621
2002,中鋼,15,0,15,富邦-花蓮,2023-08-10,9621
2374,佳能,15,0,15,富邦-花蓮,2023-08-10,9621
2328,廣宇,13,0,13,富邦-花蓮,2023-08-10,9621
2888,新光金,20,7,13,富邦-花蓮,2023-08-10,9621
5439,高技,23,10,13,富邦-花蓮,2023-08-10,9621
6120,達運,14,1,13,富邦-花蓮,2023-08-10,9621
4938,和碩,12,0,12,富邦-花蓮,2023-08-10,9621
00927,群益半導體收益,12,0,12,富邦-花蓮,2023-08-10,9621
6261,久元,11,0,11,富邦-花蓮,2023-08-10,9621
1301,台塑,10,0,10,富邦-花蓮,2023-08-10,9621
1905,華紙,10,0,10,富邦-花蓮,2023-08-10,9621
2617,台航,10,1,9,富邦-花蓮,2023-08-10,9621
3013,晟銘電,9,0,9,富邦-花蓮,2023-08-10,9621
0050,元大台灣50,9,0,9,富邦-花蓮,2023-08-10,9621
2376,技嘉,13,4,9,富邦-花蓮,2023-08-10,9621
2344,華邦電,8,0,8,富邦-花蓮,2023-08-10,9621
2363,矽統,19,11,8,富邦-花蓮,2023-08-10,9621
3483,力致,59,51,8,富邦-花蓮,2023-08-10,9621
00631L,元大台灣50正2,7,0,7,富邦-花蓮,2023-08-10,9621
2324,仁寶,7,0,7,富邦-花蓮,2023-08-10,9621
1802,台玻,12,5,7,富邦-花蓮,2023-08-10,9621
2316,楠梓電,7,0,7,富邦-花蓮,2023-08-10,9621
2516,新建,7,0,7,富邦-花蓮,2023-08-10,9621
3006,晶豪科,8,1,7,富邦-花蓮,2023-08-10,9621
3163,波若威,9,2,7,富邦-花蓮,2023-08-10,9621
3673,TPK-KY,13,6,7,富邦-花蓮,2023-08-10,9621
1609,大亞,6,0,6,富邦-花蓮,2023-08-10,9621
3356,奇偶,6,0,6,富邦-花蓮,2023-08-10,9621
6188,廣明,18,12,6,富邦-花蓮,2023-08-10,9621
2886,兆豐金,6,0,6,富邦-花蓮,2023-08-10,9621
00929,復華台灣科技優息,104,5,99,富邦-花蓮,2023-08-11,9621
00900,富邦特選高股息30,75,0,75,富邦-花蓮,2023-08-11,9621
6026,福邦證,70,0,70,富邦-花蓮,2023-08-11,9621
2892,第一金,60,1,59,富邦-花蓮,2023-08-11,9621
00931B,統一美債20年,45,0,45,富邦-花蓮,2023-08-11,9621
2888,新光金,62,35,27,富邦-花蓮,2023-08-11,9621
6116,彩晶,28,2,26,富邦-花蓮,2023-08-11,9621
00753L,中信中國50正2,30,5,25,富邦-花蓮,2023-08-11,9621
6770,力積電,25,0,25,富邦-花蓮,2023-08-11,9621
2409,友達,35,14,21,富邦-花蓮,2023-08-11,9621
4533,協易機,21,0,21,富邦-花蓮,2023-08-11,9621
00877,復華中國5G,20,0,20,富邦-花蓮,2023-08-11,9621
2460,建通,20,0,20,富邦-花蓮,2023-08-11,9621
2617,台航,17,0,17,富邦-花蓮,2023-08-11,9621
00923,群益台ESG低碳50,18,2,16,富邦-花蓮,2023-08-11,9621
3363,上詮,21,5,16,富邦-花蓮,2023-08-11,9621
4726,永昕,15,0,15,富邦-花蓮,2023-08-11,9621
00878,國泰永續高股息,37,22,15,富邦-花蓮,2023-08-11,9621
2002,中鋼,13,0,13,富邦-花蓮,2023-08-11,9621
2618,長榮航,34,24,10,富邦-花蓮,2023-08-11,9621
2884,玉山金,10,0,10,富邦-花蓮,2023-08-11,9621
00751B,元大AAA至A公司債,10,0,10,富邦-花蓮,2023-08-11,9621
00882,中信中國高股息,10,0,10,富邦-花蓮,2023-08-11,9621
1451,年興,10,0,10,富邦-花蓮,2023-08-11,9621
2328,廣宇,10,0,10,富邦-花蓮,2023-08-11,9621
2374,佳能,10,0,10,富邦-花蓮,2023-08-11,9621
5209,新鼎,10,0,10,富邦-花蓮,2023-08-11,9621
4956,光鋐,9,0,9,富邦-花蓮,2023-08-11,9621
3231,緯創,60,51,9,富邦-花蓮,2023-08-11,9621
00930,永豐ESG低碳高息,8,0,8,富邦-花蓮,2023-08-11,9621
1773,勝一,8,0,8,富邦-花蓮,2023-08-11,9621
4934,太極,8,0,8,富邦-花蓮,2023-08-11,9621
2317,鴻海,8,1,7,富邦-花蓮,2023-08-11,9621
00752,中信中國50,7,0,7,富邦-花蓮,2023-08-11,9621
1795,美時,7,0,7,富邦-花蓮,2023-08-11,9621
1905,華紙,7,0,7,富邦-花蓮,2023-08-11,9621
2886,兆豐金,6,0,6,富邦-花蓮,2023-08-11,9621
6605,帝寶,16,10,6,富邦-花蓮,2023-08-11,9621
6274,台燿,31,25,6,富邦-花蓮,2023-08-11,9621
00687B,國泰20年美債,6,0,6,富邦-花蓮,2023-08-11,9621
3558,神準,6,0,6,富邦-花蓮,2023-08-11,9621
6129,普誠,6,0,6,富邦-花蓮,2023-08-11,9621
6147,頎邦,6,0,6,富邦-花蓮,2023-08-11,9621
6182,合晶,7,1,6,富邦-花蓮,2023-08-11,9621
00679B,元大美債20年,6,0,6,富邦-花蓮,2023-08-11,9621
00772B,中信高評級公司債,5,0,5,富邦-花蓮,2023-08-11,9621
00927,群益半導體收益,5,0,5,富邦-花蓮,2023-08-11,9621
00712,復華富時不動產,5,0,5,富邦-花蓮,2023-08-11,9621
00680L,元大美債20正2,5,0,5,富邦-花蓮,2023-08-11,9621
1603,華電,5,0,5,富邦-花蓮,2023-08-11,9621
00882,中信中國高股息,155,0,155,富邦-花蓮,2023-08-14,9621
2618,長榮航,144,25,119,富邦-花蓮,2023-08-14,9621
00900,富邦特選高股息30,107,6,101,富邦-花蓮,2023-08-14,9621
2610,華航,152,58,94,富邦-花蓮,2023-08-14,9621
00877,復華中國5G,60,0,60,富邦-花蓮,2023-08-14,9621
00929,復華台灣科技優息,102,52,50,富邦-花蓮,2023-08-14,9621
00878,國泰永續高股息,61,16,45,富邦-花蓮,2023-08-14,9621
6005,群益證,40,0,40,富邦-花蓮,2023-08-14,9621
1210,大成,35,0,35,富邦-花蓮,2023-08-14,9621
2888,新光金,61,26,35,富邦-花蓮,2023-08-14,9621
3576,聯合再生,35,3,32,富邦-花蓮,2023-08-14,9621
2356,英業達,47,19,28,富邦-花蓮,2023-08-14,9621
2329,華泰,29,4,25,富邦-花蓮,2023-08-14,9621
5871,中租-KY,24,0,24,富邦-花蓮,2023-08-14,9621
9907,統一實,24,0,24,富邦-花蓮,2023-08-14,9621
00923,群益台ESG低碳50,21,0,21,富邦-花蓮,2023-08-14,9621
00632R,元大台灣50反1,31,10,21,富邦-花蓮,2023-08-14,9621
3047,訊舟,20,0,20,富邦-花蓮,2023-08-14,9621
3191,雲嘉南,20,0,20,富邦-花蓮,2023-08-14,9621
4532,瑞智,18,0,18,富邦-花蓮,2023-08-14,9621
2002,中鋼,18,1,17,富邦-花蓮,2023-08-14,9621
1513,中興電,17,0,17,富邦-花蓮,2023-08-14,9621
3231,緯創,1360,1343,17,富邦-花蓮,2023-08-14,9621
2834,臺企銀,17,1,16,富邦-花蓮,2023-08-14,9621
2892,第一金,15,0,15,富邦-花蓮,2023-08-14,9621
2344,華邦電,15,0,15,富邦-花蓮,2023-08-14,9621
2883,凱基金,15,0,15,富邦-花蓮,2023-08-14,9621
2606,裕民,15,0,15,富邦-花蓮,2023-08-14,9621
6016,康和證,15,0,15,富邦-花蓮,2023-08-14,9621
2890,永豐金,15,0,15,富邦-花蓮,2023-08-14,9621
0050,元大台灣50,14,0,14,富邦-花蓮,2023-08-14,9621
2891,中信金,13,0,13,富邦-花蓮,2023-08-14,9621
00665L,富邦�琤肭磪囓�2,13,0,13,富邦-花蓮,2023-08-14,9621
6188,廣明,80,67,13,富邦-花蓮,2023-08-14,9621
2801,彰銀,12,0,12,富邦-花蓮,2023-08-14,9621
1504,東元,12,1,11,富邦-花蓮,2023-08-14,9621
2014,中鴻,11,0,11,富邦-花蓮,2023-08-14,9621
2312,金寶,11,0,11,富邦-花蓮,2023-08-14,9621
0056,元大高股息,17,7,10,富邦-花蓮,2023-08-14,9621
1217,愛之味,10,0,10,富邦-花蓮,2023-08-14,9621
2636,台驊控股,10,0,10,富邦-花蓮,2023-08-14,9621
3049,精金,10,0,10,富邦-花蓮,2023-08-14,9621
3710,連展投控,10,0,10,富邦-花蓮,2023-08-14,9621
4971,IET-KY,10,0,10,富邦-花蓮,2023-08-14,9621
6158,禾昌,10,0,10,富邦-花蓮,2023-08-14,9621
6509,聚和,10,0,10,富邦-花蓮,2023-08-14,9621
6625,必應,11,1,10,富邦-花蓮,2023-08-14,9621
2887,台新金,13,4,9,富邦-花蓮,2023-08-14,9621
6550,北極星藥業-KY,10,1,9,富邦-花蓮,2023-08-14,9621
2609,陽明,9,1,8,富邦-花蓮,2023-08-14,9621
00929,復華台灣科技優息,88,0,88,富邦-花蓮,2023-08-15,9621
2897,王道銀行,81,0,81,富邦-花蓮,2023-08-15,9621
2409,友達,85,6,79,富邦-花蓮,2023-08-15,9621
00923,群益台ESG低碳50,59,0,59,富邦-花蓮,2023-08-15,9621
00878,國泰永續高股息,87,33,54,富邦-花蓮,2023-08-15,9621
00665L,富邦�琤肭磪囓�2,50,0,50,富邦-花蓮,2023-08-15,9621
2618,長榮航,46,10,36,富邦-花蓮,2023-08-15,9621
00772B,中信高評級公司債,33,0,33,富邦-花蓮,2023-08-15,9621
00632R,元大台灣50反1,31,0,31,富邦-花蓮,2023-08-15,9621
00931B,統一美債20年,27,0,27,富邦-花蓮,2023-08-15,9621
4533,協易機,24,0,24,富邦-花蓮,2023-08-15,9621
3481,群創,33,12,21,富邦-花蓮,2023-08-15,9621
00712,復華富時不動產,20,0,20,富邦-花蓮,2023-08-15,9621
2888,新光金,65,47,18,富邦-花蓮,2023-08-15,9621
2317,鴻海,19,2,17,富邦-花蓮,2023-08-15,9621
00900,富邦特選高股息30,39,23,16,富邦-花蓮,2023-08-15,9621
2834,臺企銀,18,2,16,富邦-花蓮,2023-08-15,9621
2890,永豐金,17,1,16,富邦-花蓮,2023-08-15,9621
00912,中信臺灣智慧50,20,5,15,富邦-花蓮,2023-08-15,9621
00882,中信中國高股息,15,0,15,富邦-花蓮,2023-08-15,9621
2891,中信金,38,24,14,富邦-花蓮,2023-08-15,9621
3191,雲嘉南,14,0,14,富邦-花蓮,2023-08-15,9621
1609,大亞,12,0,12,富邦-花蓮,2023-08-15,9621
2329,華泰,11,0,11,富邦-花蓮,2023-08-15,9621
6235,華孚,21,10,11,富邦-花蓮,2023-08-15,9621
6664,群翊,10,0,10,富邦-花蓮,2023-08-15,9621
6443,元晶,10,1,9,富邦-花蓮,2023-08-15,9621
1802,台玻,8,0,8,富邦-花蓮,2023-08-15,9621
2002,中鋼,7,0,7,富邦-花蓮,2023-08-15,9621
2312,金寶,17,10,7,富邦-花蓮,2023-08-15,9621
2404,漢唐,7,0,7,富邦-花蓮,2023-08-15,9621
2382,廣達,176,169,7,富邦-花蓮,2023-08-15,9621
00885,富邦越南,6,0,6,富邦-花蓮,2023-08-15,9621
3029,零壹,7,1,6,富邦-花蓮,2023-08-15,9621
1605,華新,6,0,6,富邦-花蓮,2023-08-15,9621
5871,中租-KY,6,1,5,富邦-花蓮,2023-08-15,9621
00687B,國泰20年美債,5,0,5,富邦-花蓮,2023-08-15,9621
1308,亞聚,5,0,5,富邦-花蓮,2023-08-15,9621
2302,麗正,5,0,5,富邦-花蓮,2023-08-15,9621
2867,三商壽,5,0,5,富邦-花蓮,2023-08-15,9621
3325,旭品,5,0,5,富邦-花蓮,2023-08-15,9621
6116,彩晶,5,0,5,富邦-花蓮,2023-08-15,9621
6176,瑞儀,5,0,5,富邦-花蓮,2023-08-15,9621
6605,帝寶,5,0,5,富邦-花蓮,2023-08-15,9621
2884,玉山金,6,1,5,富邦-花蓮,2023-08-15,9621
2892,第一金,6,1,5,富邦-花蓮,2023-08-15,9621
2609,陽明,5,1,4,富邦-花蓮,2023-08-15,9621
6274,台燿,6,2,4,富邦-花蓮,2023-08-15,9621
1102,亞泥,6,2,4,富邦-花蓮,2023-08-15,9621
1229,聯華,4,0,4,富邦-花蓮,2023-08-15,9621
2324,仁寶,776,637,139,富邦-花蓮,2023-08-16,9621
2610,華航,82,2,80,富邦-花蓮,2023-08-16,9621
4414,如興,50,0,50,富邦-花蓮,2023-08-16,9621
00878,國泰永續高股息,52,5,47,富邦-花蓮,2023-08-16,9621
00929,復華台灣科技優息,43,0,43,富邦-花蓮,2023-08-16,9621
2301,光寶科,106,64,42,富邦-花蓮,2023-08-16,9621
5209,新鼎,40,0,40,富邦-花蓮,2023-08-16,9621
2303,聯電,32,0,32,富邦-花蓮,2023-08-16,9621
9945,潤泰新,30,0,30,富邦-花蓮,2023-08-16,9621
00712,復華富時不動產,28,0,28,富邦-花蓮,2023-08-16,9621
2603,長榮,30,3,27,富邦-花蓮,2023-08-16,9621
00923,群益台ESG低碳50,27,0,27,富邦-花蓮,2023-08-16,9621
00670L,富邦NASDAQ正2,24,0,24,富邦-花蓮,2023-08-16,9621
2323,中環,24,0,24,富邦-花蓮,2023-08-16,9621
2834,臺企銀,25,1,24,富邦-花蓮,2023-08-16,9621
6188,廣明,34,11,23,富邦-花蓮,2023-08-16,9621
3481,群創,39,17,22,富邦-花蓮,2023-08-16,9621
2890,永豐金,22,0,22,富邦-花蓮,2023-08-16,9621
00772B,中信高評級公司債,19,0,19,富邦-花蓮,2023-08-16,9621
00900,富邦特選高股息30,34,15,19,富邦-花蓮,2023-08-16,9621
2892,第一金,18,0,18,富邦-花蓮,2023-08-16,9621
00679B,元大美債20年,18,0,18,富邦-花蓮,2023-08-16,9621
00665L,富邦�琤肭磪囓�2,17,0,17,富邦-花蓮,2023-08-16,9621
00632R,元大台灣50反1,14,0,14,富邦-花蓮,2023-08-16,9621
2374,佳能,15,1,14,富邦-花蓮,2023-08-16,9621
3706,神達,18,5,13,富邦-花蓮,2023-08-16,9621
2618,長榮航,22,9,13,富邦-花蓮,2023-08-16,9621
00882,中信中國高股息,14,1,13,富邦-花蓮,2023-08-16,9621
2883,凱基金,21,8,13,富邦-花蓮,2023-08-16,9621
3056,富華新,12,0,12,富邦-花蓮,2023-08-16,9621
0056,元大高股息,13,1,12,富邦-花蓮,2023-08-16,9621
2356,英業達,54,43,11,富邦-花蓮,2023-08-16,9621
00751B,元大AAA至A公司債,11,0,11,富邦-花蓮,2023-08-16,9621
1314,中石化,11,0,11,富邦-花蓮,2023-08-16,9621
6170,統振,11,0,11,富邦-花蓮,2023-08-16,9621
00913,兆豐台灣晶圓製造,10,0,10,富邦-花蓮,2023-08-16,9621
2313,華通,10,0,10,富邦-花蓮,2023-08-16,9621
2609,陽明,10,0,10,富邦-花蓮,2023-08-16,9621
2889,國票金,10,0,10,富邦-花蓮,2023-08-16,9621
3380,明泰,10,0,10,富邦-花蓮,2023-08-16,9621
6005,群益證,10,0,10,富邦-花蓮,2023-08-16,9621
2317,鴻海,12,2,10,富邦-花蓮,2023-08-16,9621
2886,兆豐金,9,0,9,富邦-花蓮,2023-08-16,9621
00893,國泰智能電動車,10,2,8,富邦-花蓮,2023-08-16,9621
2002,中鋼,8,0,8,富邦-花蓮,2023-08-16,9621
8930,青鋼,8,0,8,富邦-花蓮,2023-08-16,9621
2880,華南金,7,0,7,富邦-花蓮,2023-08-16,9621
1802,台玻,19,12,7,富邦-花蓮,2023-08-16,9621
0050,元大台灣50,7,0,7,富邦-花蓮,2023-08-16,9621
00885,富邦越南,7,0,7,富邦-花蓮,2023-08-16,9621
9945,潤泰新,78,0,78,富邦-花蓮,2023-08-17,9621
00882,中信中國高股息,60,0,60,富邦-花蓮,2023-08-17,9621
2888,新光金,51,0,51,富邦-花蓮,2023-08-17,9621
6016,康和證,50,0,50,富邦-花蓮,2023-08-17,9621
00929,復華台灣科技優息,50,5,45,富邦-花蓮,2023-08-17,9621
3231,緯創,1019,981,38,富邦-花蓮,2023-08-17,9621
00720B,元大投資級公司債,26,0,26,富邦-花蓮,2023-08-17,9621
2820,華票,25,0,25,富邦-花蓮,2023-08-17,9621
2891,中信金,22,0,22,富邦-花蓮,2023-08-17,9621
00751B,元大AAA至A公司債,21,0,21,富邦-花蓮,2023-08-17,9621
1210,大成,20,0,20,富邦-花蓮,2023-08-17,9621
2889,國票金,20,0,20,富邦-花蓮,2023-08-17,9621
3005,神基,20,0,20,富邦-花蓮,2023-08-17,9621
00679B,元大美債20年,19,0,19,富邦-花蓮,2023-08-17,9621
00772B,中信高評級公司債,20,5,15,富邦-花蓮,2023-08-17,9621
2645,長榮航太,17,2,15,富邦-花蓮,2023-08-17,9621
3689,湧德,17,2,15,富邦-花蓮,2023-08-17,9621
2002,中鋼,13,0,13,富邦-花蓮,2023-08-17,9621
6290,良維,13,0,13,富邦-花蓮,2023-08-17,9621
00712,復華富時不動產,38,26,12,富邦-花蓮,2023-08-17,9621
6213,聯茂,13,1,12,富邦-花蓮,2023-08-17,9621
00687B,國泰20年美債,11,0,11,富邦-花蓮,2023-08-17,9621
2801,彰銀,11,0,11,富邦-花蓮,2023-08-17,9621
2382,廣達,220,209,11,富邦-花蓮,2023-08-17,9621
2883,凱基金,10,0,10,富邦-花蓮,2023-08-17,9621
00670L,富邦NASDAQ正2,10,0,10,富邦-花蓮,2023-08-17,9621
2401,凌陽,21,11,10,富邦-花蓮,2023-08-17,9621
2812,台中銀,10,0,10,富邦-花蓮,2023-08-17,9621
4960,誠美材,10,0,10,富邦-花蓮,2023-08-17,9621
5209,新鼎,10,0,10,富邦-花蓮,2023-08-17,9621
6126,信音,10,0,10,富邦-花蓮,2023-08-17,9621
2329,華泰,92,83,9,富邦-花蓮,2023-08-17,9621
1471,首利,10,1,9,富邦-花蓮,2023-08-17,9621
8390,金益鼎,9,0,9,富邦-花蓮,2023-08-17,9621
00650L,復華香港正2,8,0,8,富邦-花蓮,2023-08-17,9621
2412,中華電,8,0,8,富邦-花蓮,2023-08-17,9621
00665L,富邦�琤肭磪囓�2,59,52,7,富邦-花蓮,2023-08-17,9621
3094,聯傑,7,0,7,富邦-花蓮,2023-08-17,9621
2892,第一金,7,0,7,富邦-花蓮,2023-08-17,9621
2376,技嘉,123,117,6,富邦-花蓮,2023-08-17,9621
1301,台塑,6,0,6,富邦-花蓮,2023-08-17,9621
00725B,國泰投資級公司債,6,0,6,富邦-花蓮,2023-08-17,9621
00753L,中信中國50正2,6,0,6,富邦-花蓮,2023-08-17,9621
2312,金寶,8,2,6,富邦-花蓮,2023-08-17,9621
2371,大同,13,7,6,富邦-花蓮,2023-08-17,9621
2505,國揚,6,0,6,富邦-花蓮,2023-08-17,9621
3306,鼎天,15,9,6,富邦-花蓮,2023-08-17,9621
6235,華孚,12,6,6,富邦-花蓮,2023-08-17,9621
2356,英業達,29,24,5,富邦-花蓮,2023-08-17,9621
2890,永豐金,5,0,5,富邦-花蓮,2023-08-17,9621
00669R,國泰美國道瓊反1,200,100,100,富邦-花蓮,2023-08-18,9621
3231,緯創,1005,930,75,富邦-花蓮,2023-08-18,9621
00878,國泰永續高股息,67,5,62,富邦-花蓮,2023-08-18,9621
2324,仁寶,62,5,57,富邦-花蓮,2023-08-18,9621
00929,復華台灣科技優息,56,8,48,富邦-花蓮,2023-08-18,9621
2356,英業達,56,10,46,富邦-花蓮,2023-08-18,9621
00712,復華富時不動產,46,2,44,富邦-花蓮,2023-08-18,9621
00664R,國泰臺灣加權反1,30,0,30,富邦-花蓮,2023-08-18,9621
6456,GIS-KY,30,0,30,富邦-花蓮,2023-08-18,9621
1605,華新,32,3,29,富邦-花蓮,2023-08-18,9621
6167,久正,26,0,26,富邦-花蓮,2023-08-18,9621
2891,中信金,27,4,23,富邦-花蓮,2023-08-18,9621
2355,敬鵬,21,0,21,富邦-花蓮,2023-08-18,9621
2610,華航,34,14,20,富邦-花蓮,2023-08-18,9621
3047,訊舟,20,0,20,富邦-花蓮,2023-08-18,9621
4532,瑞智,20,0,20,富邦-花蓮,2023-08-18,9621
6005,群益證,20,0,20,富邦-花蓮,2023-08-18,9621
2460,建通,22,3,19,富邦-花蓮,2023-08-18,9621
2363,矽統,36,18,18,富邦-花蓮,2023-08-18,9621
2344,華邦電,17,0,17,富邦-花蓮,2023-08-18,9621
3689,湧德,23,6,17,富邦-花蓮,2023-08-18,9621
00882,中信中國高股息,16,0,16,富邦-花蓮,2023-08-18,9621
9927,泰銘,15,0,15,富邦-花蓮,2023-08-18,9621
2516,新建,22,8,14,富邦-花蓮,2023-08-18,9621
2834,臺企銀,14,0,14,富邦-花蓮,2023-08-18,9621
1584,精剛,13,0,13,富邦-花蓮,2023-08-18,9621
5607,遠雄港,13,0,13,富邦-花蓮,2023-08-18,9621
0056,元大高股息,14,1,13,富邦-花蓮,2023-08-18,9621
2376,技嘉,36,24,12,富邦-花蓮,2023-08-18,9621
00900,富邦特選高股息30,11,0,11,富邦-花蓮,2023-08-18,9621
00679B,元大美債20年,11,0,11,富邦-花蓮,2023-08-18,9621
2486,一詮,14,3,11,富邦-花蓮,2023-08-18,9621
2884,玉山金,12,1,11,富邦-花蓮,2023-08-18,9621
2425,承啟,12,2,10,富邦-花蓮,2023-08-18,9621
2641,正德,10,0,10,富邦-花蓮,2023-08-18,9621
6016,康和證,10,0,10,富邦-花蓮,2023-08-18,9621
8210,勤誠,11,2,9,富邦-花蓮,2023-08-18,9621
00720B,元大投資級公司債,9,0,9,富邦-花蓮,2023-08-18,9621
2618,長榮航,12,3,9,富邦-花蓮,2023-08-18,9621
2851,中再保,9,0,9,富邦-花蓮,2023-08-18,9621
3013,晟銘電,40,31,9,富邦-花蓮,2023-08-18,9621
5209,新鼎,9,0,9,富邦-花蓮,2023-08-18,9621
5340,建榮,13,4,9,富邦-花蓮,2023-08-18,9621
4533,協易機,18,10,8,富邦-花蓮,2023-08-18,9621
5009,榮剛,12,4,8,富邦-花蓮,2023-08-18,9621
6282,康舒,34,26,8,富邦-花蓮,2023-08-18,9621
8049,晶采,10,2,8,富邦-花蓮,2023-08-18,9621
3037,欣興,11,3,8,富邦-花蓮,2023-08-18,9621
00632R,元大台灣50反1,11,4,7,富邦-花蓮,2023-08-18,9621
2388,威盛,9,2,7,富邦-花蓮,2023-08-18,9621
3013,晟銘電,87,3,84,富邦-花蓮,2023-08-21,9621
2888,新光金,72,0,72,富邦-花蓮,2023-08-21,9621
00882,中信中國高股息,58,0,58,富邦-花蓮,2023-08-21,9621
00712,復華富時不動產,52,0,52,富邦-花蓮,2023-08-21,9621
1503,士電,188,142,46,富邦-花蓮,2023-08-21,9621
6111,大宇資,34,0,34,富邦-花蓮,2023-08-21,9621
00877,復華中國5G,30,0,30,富邦-花蓮,2023-08-21,9621
2014,中鴻,30,0,30,富邦-花蓮,2023-08-21,9621
9945,潤泰新,30,0,30,富邦-花蓮,2023-08-21,9621
5209,新鼎,28,0,28,富邦-花蓮,2023-08-21,9621
00929,復華台灣科技優息,26,0,26,富邦-花蓮,2023-08-21,9621
00632R,元大台灣50反1,26,0,26,富邦-花蓮,2023-08-21,9621
2382,廣達,34,14,20,富邦-花蓮,2023-08-21,9621
2009,第一銅,21,0,21,富邦-花蓮,2023-08-21,9621
2344,華邦電,22,2,20,富邦-花蓮,2023-08-21,9621
00664R,國泰臺灣加權反1,20,0,20,富邦-花蓮,2023-08-21,9621
1802,台玻,16,1,15,富邦-花蓮,2023-08-21,9621
3706,神達,20,6,14,富邦-花蓮,2023-08-21,9621
2324,仁寶,27,14,13,富邦-花蓮,2023-08-21,9621
00931B,統一美債20年,12,0,12,富邦-花蓮,2023-08-21,9621
00751B,元大AAA至A公司債,13,1,12,富邦-花蓮,2023-08-21,9621
2891,中信金,12,0,12,富邦-花蓮,2023-08-21,9621
00679B,元大美債20年,10,0,10,富邦-花蓮,2023-08-21,9621
00919,群益台灣精選高息,10,0,10,富邦-花蓮,2023-08-21,9621
00673R,期元大S＆P原油反1,10,0,10,富邦-花蓮,2023-08-21,9621
2008,高興昌,10,0,10,富邦-花蓮,2023-08-21,9621
3047,訊舟,10,0,10,富邦-花蓮,2023-08-21,9621
6271,同欣電,10,0,10,富邦-花蓮,2023-08-21,9621
00900,富邦特選高股息30,9,0,9,富邦-花蓮,2023-08-21,9621
2605,新興,11,2,9,富邦-花蓮,2023-08-21,9621
00720B,元大投資級公司債,8,0,8,富邦-花蓮,2023-08-21,9621
2618,長榮航,9,1,8,富邦-花蓮,2023-08-21,9621
2412,中華電,9,1,8,富邦-花蓮,2023-08-21,9621
2374,佳能,8,0,8,富邦-花蓮,2023-08-21,9621
00885,富邦越南,7,0,7,富邦-花蓮,2023-08-21,9621
1409,新纖,7,0,7,富邦-花蓮,2023-08-21,9621
2402,毅嘉,7,0,7,富邦-花蓮,2023-08-21,9621
2606,裕民,14,7,7,富邦-花蓮,2023-08-21,9621
3338,泰碩,7,0,7,富邦-花蓮,2023-08-21,9621
3363,上詮,7,0,7,富邦-花蓮,2023-08-21,9621
6227,茂綸,7,0,7,富邦-花蓮,2023-08-21,9621
00687B,國泰20年美債,6,0,6,富邦-花蓮,2023-08-21,9621
2603,長榮,6,0,6,富邦-花蓮,2023-08-21,9621
2301,光寶科,10,4,6,富邦-花蓮,2023-08-21,9621
1504,東元,5,0,5,富邦-花蓮,2023-08-21,9621
2337,旺宏,5,0,5,富邦-花蓮,2023-08-21,9621
2897,王道銀行,5,0,5,富邦-花蓮,2023-08-21,9621
3325,旭品,5,0,5,富邦-花蓮,2023-08-21,9621
4583,台灣精銳,5,0,5,富邦-花蓮,2023-08-21,9621
8390,金益鼎,5,0,5,富邦-花蓮,2023-08-21,9621
2363,矽統,256,131,125,富邦-花蓮,2023-08-22,9621
3596,智易,99,50,49,富邦-花蓮,2023-08-22,9621
1471,首利,48,1,47,富邦-花蓮,2023-08-22,9621
2888,新光金,62,15,47,富邦-花蓮,2023-08-22,9621
00712,復華富時不動產,36,0,36,富邦-花蓮,2023-08-22,9621
2104,國際中橡,32,0,32,富邦-花蓮,2023-08-22,9621
00753L,中信中國50正2,29,0,29,富邦-花蓮,2023-08-22,9621
5608,四維航,30,1,29,富邦-花蓮,2023-08-22,9621
6167,久正,30,3,27,富邦-花蓮,2023-08-22,9621
2009,第一銅,25,0,25,富邦-花蓮,2023-08-22,9621
2892,第一金,24,0,24,富邦-花蓮,2023-08-22,9621
2645,長榮航太,23,0,23,富邦-花蓮,2023-08-22,9621
4977,眾達-KY,23,0,23,富邦-花蓮,2023-08-22,9621
00665L,富邦�琤肭磪囓�2,22,0,22,富邦-花蓮,2023-08-22,9621
1609,大亞,22,0,22,富邦-花蓮,2023-08-22,9621
2618,長榮航,32,11,21,富邦-花蓮,2023-08-22,9621
00915,凱基優選高股息30,21,0,21,富邦-花蓮,2023-08-22,9621
00929,復華台灣科技優息,18,0,18,富邦-花蓮,2023-08-22,9621
00882,中信中國高股息,18,0,18,富邦-花蓮,2023-08-22,9621
3673,TPK-KY,17,0,17,富邦-花蓮,2023-08-22,9621
8076,伍豐,15,0,15,富邦-花蓮,2023-08-22,9621
2312,金寶,17,3,14,富邦-花蓮,2023-08-22,9621
2412,中華電,14,0,14,富邦-花蓮,2023-08-22,9621
2421,建準,27,13,14,富邦-花蓮,2023-08-22,9621
6770,力積電,14,0,14,富邦-花蓮,2023-08-22,9621
3706,神達,15,4,11,富邦-花蓮,2023-08-22,9621
6125,廣運,61,51,10,富邦-花蓮,2023-08-22,9621
00772B,中信高評級公司債,10,0,10,富邦-花蓮,2023-08-22,9621
2357,華碩,11,1,10,富邦-花蓮,2023-08-22,9621
2637,慧洋-KY,11,1,10,富邦-花蓮,2023-08-22,9621
5209,新鼎,10,0,10,富邦-花蓮,2023-08-22,9621
00720B,元大投資級公司債,9,0,9,富邦-花蓮,2023-08-22,9621
4906,正文,29,20,9,富邦-花蓮,2023-08-22,9621
00650L,復華香港正2,8,0,8,富邦-花蓮,2023-08-22,9621
2331,精英,9,1,8,富邦-花蓮,2023-08-22,9621
2401,凌陽,10,2,8,富邦-花蓮,2023-08-22,9621
2371,大同,7,0,7,富邦-花蓮,2023-08-22,9621
2891,中信金,7,0,7,富邦-花蓮,2023-08-22,9621
00679B,元大美債20年,7,0,7,富邦-花蓮,2023-08-22,9621
00725B,國泰投資級公司債,7,0,7,富邦-花蓮,2023-08-22,9621
2374,佳能,7,0,7,富邦-花蓮,2023-08-22,9621
3045,台灣大,7,0,7,富邦-花蓮,2023-08-22,9621
3163,波若威,14,7,7,富邦-花蓮,2023-08-22,9621
3583,辛耘,18,11,7,富邦-花蓮,2023-08-22,9621
2356,英業達,33,27,6,富邦-花蓮,2023-08-22,9621
2883,凱基金,7,1,6,富邦-花蓮,2023-08-22,9621
2352,佳世達,6,0,6,富邦-花蓮,2023-08-22,9621
2887,台新金,7,1,6,富邦-花蓮,2023-08-22,9621
3042,晶技,6,0,6,富邦-花蓮,2023-08-22,9621
3689,湧德,11,5,6,富邦-花蓮,2023-08-22,9621
8358,金居,63,3,60,富邦-花蓮,2023-08-23,9621
4977,眾達-KY,48,0,48,富邦-花蓮,2023-08-23,9621
2618,長榮航,54,9,45,富邦-花蓮,2023-08-23,9621
2324,仁寶,48,15,33,富邦-花蓮,2023-08-23,9621
6282,康舒,48,15,33,富邦-花蓮,2023-08-23,9621
00929,復華台灣科技優息,35,3,32,富邦-花蓮,2023-08-23,9621
00670L,富邦NASDAQ正2,33,1,32,富邦-花蓮,2023-08-23,9621
6218,豪勉,31,0,31,富邦-花蓮,2023-08-23,9621
2891,中信金,26,0,26,富邦-花蓮,2023-08-23,9621
2913,農林,23,0,23,富邦-花蓮,2023-08-23,9621
3413,京鼎,20,0,20,富邦-花蓮,2023-08-23,9621
5608,四維航,16,1,15,富邦-花蓮,2023-08-23,9621
2301,光寶科,25,10,15,富邦-花蓮,2023-08-23,9621
00712,復華富時不動產,13,0,13,富邦-花蓮,2023-08-23,9621
2359,所羅門,14,3,11,富邦-花蓮,2023-08-23,9621
3032,偉訓,11,0,11,富邦-花蓮,2023-08-23,9621
2634,漢翔,33,22,11,富邦-花蓮,2023-08-23,9621
1314,中石化,10,0,10,富邦-花蓮,2023-08-23,9621
1513,中興電,10,1,9,富邦-花蓮,2023-08-23,9621
2323,中環,11,2,9,富邦-花蓮,2023-08-23,9621
6187,萬潤,10,1,9,富邦-花蓮,2023-08-23,9621
3094,聯傑,8,1,7,富邦-花蓮,2023-08-23,9621
3483,力致,9,2,7,富邦-花蓮,2023-08-23,9621
2610,華航,28,21,7,富邦-花蓮,2023-08-23,9621
2376,技嘉,9,3,6,富邦-花蓮,2023-08-23,9621
2883,凱基金,6,0,6,富邦-花蓮,2023-08-23,9621
2413,環科,6,0,6,富邦-花蓮,2023-08-23,9621
2421,建準,14,8,6,富邦-花蓮,2023-08-23,9621
4541,晟田,6,0,6,富邦-花蓮,2023-08-23,9621
5348,正能量智能,6,0,6,富邦-花蓮,2023-08-23,9621
00931B,統一美債20年,5,0,5,富邦-花蓮,2023-08-23,9621
00671R,富邦NASDAQ反1,5,0,5,富邦-花蓮,2023-08-23,9621
1905,華紙,5,0,5,富邦-花蓮,2023-08-23,9621
5209,新鼎,5,0,5,富邦-花蓮,2023-08-23,9621
6124,業強,5,0,5,富邦-花蓮,2023-08-23,9621
6651,全宇昕,5,0,5,富邦-花蓮,2023-08-23,9621
8027,鈦昇,7,2,5,富邦-花蓮,2023-08-23,9621
2303,聯電,4,0,4,富邦-花蓮,2023-08-23,9621
006208,富邦台50,4,0,4,富邦-花蓮,2023-08-23,9621
2329,華泰,11,7,4,富邦-花蓮,2023-08-23,9621
2401,凌陽,6,2,4,富邦-花蓮,2023-08-23,9621
5880,合庫金,4,0,4,富邦-花蓮,2023-08-23,9621
2002,中鋼,5,1,4,富邦-花蓮,2023-08-23,9621
00753L,中信中國50正2,4,0,4,富邦-花蓮,2023-08-23,9621
6469,大樹,3,0,3,富邦-花蓮,2023-08-23,9621
2412,中華電,3,0,3,富邦-花蓮,2023-08-23,9621
2609,陽明,3,0,3,富邦-花蓮,2023-08-23,9621
00897,富邦基因免疫生技,3,0,3,富邦-花蓮,2023-08-23,9621
2425,承啟,3,0,3,富邦-花蓮,2023-08-23,9621
2605,新興,7,4,3,富邦-花蓮,2023-08-23,9621
2363,矽統,226,56,170,富邦-花蓮,2023-08-24,9621
2618,長榮航,127,7,120,富邦-花蓮,2023-08-24,9621
2331,精英,72,17,55,富邦-花蓮,2023-08-24,9621
8930,青鋼,50,1,49,富邦-花蓮,2023-08-24,9621
3231,緯創,159,123,36,富邦-花蓮,2023-08-24,9621
00900,富邦特選高股息30,48,13,35,富邦-花蓮,2023-08-24,9621
2617,台航,34,0,34,富邦-花蓮,2023-08-24,9621
00878,國泰永續高股息,103,72,31,富邦-花蓮,2023-08-24,9621
2303,聯電,40,12,28,富邦-花蓮,2023-08-24,9621
3706,神達,40,14,26,富邦-花蓮,2023-08-24,9621
00919,群益台灣精選高息,23,0,23,富邦-花蓮,2023-08-24,9621
6257,矽格,25,2,23,富邦-花蓮,2023-08-24,9621
2884,玉山金,22,0,22,富邦-花蓮,2023-08-24,9621
00929,復華台灣科技優息,21,0,21,富邦-花蓮,2023-08-24,9621
00637L,元大滬深300正2,20,0,20,富邦-花蓮,2023-08-24,9621
2356,英業達,39,20,19,富邦-花蓮,2023-08-24,9621
4906,正文,21,2,19,富邦-花蓮,2023-08-24,9621
2399,映泰,35,17,18,富邦-花蓮,2023-08-24,9621
3051,力特,17,0,17,富邦-花蓮,2023-08-24,9621
6120,達運,16,0,16,富邦-花蓮,2023-08-24,9621
2883,凱基金,15,0,15,富邦-花蓮,2023-08-24,9621
1104,環泥,14,0,14,富邦-花蓮,2023-08-24,9621
4536,拓凱,13,0,13,富邦-花蓮,2023-08-24,9621
2344,華邦電,16,3,13,富邦-花蓮,2023-08-24,9621
2421,建準,31,20,11,富邦-花蓮,2023-08-24,9621
3035,智原,17,6,11,富邦-花蓮,2023-08-24,9621
2409,友達,11,0,11,富邦-花蓮,2023-08-24,9621
2382,廣達,53,43,10,富邦-花蓮,2023-08-24,9621
2401,凌陽,10,0,10,富邦-花蓮,2023-08-24,9621
2449,京元電子,39,29,10,富邦-花蓮,2023-08-24,9621
3363,上詮,10,0,10,富邦-花蓮,2023-08-24,9621
4944,兆遠,10,0,10,富邦-花蓮,2023-08-24,9621
6456,GIS-KY,10,0,10,富邦-花蓮,2023-08-24,9621
4977,眾達-KY,9,0,9,富邦-花蓮,2023-08-24,9621
3715,定穎投控,11,3,8,富邦-花蓮,2023-08-24,9621
2332,友訊,19,11,8,富邦-花蓮,2023-08-24,9621
4542,科嶠,8,0,8,富邦-花蓮,2023-08-24,9621
6188,廣明,30,22,8,富邦-花蓮,2023-08-24,9621
2609,陽明,7,0,7,富邦-花蓮,2023-08-24,9621
8050,廣積,11,4,7,富邦-花蓮,2023-08-24,9621
3558,神準,6,0,6,富邦-花蓮,2023-08-24,9621
00752,中信中國50,6,0,6,富邦-花蓮,2023-08-24,9621
00632R,元大台灣50反1,6,0,6,富邦-花蓮,2023-08-24,9621
2374,佳能,6,0,6,富邦-花蓮,2023-08-24,9621
2413,環科,6,0,6,富邦-花蓮,2023-08-24,9621
2606,裕民,7,1,6,富邦-花蓮,2023-08-24,9621
00671R,富邦NASDAQ反1,5,0,5,富邦-花蓮,2023-08-24,9621
3162,精確,5,0,5,富邦-花蓮,2023-08-24,9621
4707,磐亞,5,0,5,富邦-花蓮,2023-08-24,9621
6770,力積電,10,5,5,富邦-花蓮,2023-08-24,9621
00878,國泰永續高股息,136,6,130,富邦-花蓮,2023-08-25,9621
00877,復華中國5G,81,0,81,富邦-花蓮,2023-08-25,9621
3231,緯創,255,176,79,富邦-花蓮,2023-08-25,9621
2363,矽統,140,60,80,富邦-花蓮,2023-08-25,9621
00670L,富邦NASDAQ正2,50,0,50,富邦-花蓮,2023-08-25,9621
3037,欣興,35,6,29,富邦-花蓮,2023-08-25,9621
8033,雷虎,29,3,26,富邦-花蓮,2023-08-25,9621
6244,茂迪,26,0,26,富邦-花蓮,2023-08-25,9621
2618,長榮航,40,14,26,富邦-花蓮,2023-08-25,9621
2356,英業達,36,11,25,富邦-花蓮,2023-08-25,9621
2352,佳世達,29,7,22,富邦-花蓮,2023-08-25,9621
6108,競國,22,0,22,富邦-花蓮,2023-08-25,9621
2634,漢翔,57,36,21,富邦-花蓮,2023-08-25,9621
00919,群益台灣精選高息,17,0,17,富邦-花蓮,2023-08-25,9621
00929,復華台灣科技優息,34,17,17,富邦-花蓮,2023-08-25,9621
8096,擎亞,17,0,17,富邦-花蓮,2023-08-25,9621
2421,建準,115,100,15,富邦-花蓮,2023-08-25,9621
2031,新光鋼,15,0,15,富邦-花蓮,2023-08-25,9621
2485,兆赫,24,10,14,富邦-花蓮,2023-08-25,9621
2382,廣達,44,31,13,富邦-花蓮,2023-08-25,9621
3363,上詮,25,12,13,富邦-花蓮,2023-08-25,9621
0056,元大高股息,14,1,13,富邦-花蓮,2023-08-25,9621
2303,聯電,12,0,12,富邦-花蓮,2023-08-25,9621
2328,廣宇,12,0,12,富邦-花蓮,2023-08-25,9621
3234,光環,12,0,12,富邦-花蓮,2023-08-25,9621
1102,亞泥,20,10,10,富邦-花蓮,2023-08-25,9621
2897,王道銀行,10,0,10,富邦-花蓮,2023-08-25,9621
6120,達運,10,0,10,富邦-花蓮,2023-08-25,9621
2884,玉山金,14,4,10,富邦-花蓮,2023-08-25,9621
3062,建漢,10,1,9,富邦-花蓮,2023-08-25,9621
3558,神準,9,0,9,富邦-花蓮,2023-08-25,9621
00881,國泰台灣5G+,8,0,8,富邦-花蓮,2023-08-25,9621
00903,富邦元宇宙,8,0,8,富邦-花蓮,2023-08-25,9621
2353,宏��,9,1,8,富邦-花蓮,2023-08-25,9621
2891,中信金,8,0,8,富邦-花蓮,2023-08-25,9621
7402,邑錡,8,0,8,富邦-花蓮,2023-08-25,9621
2376,技嘉,11,4,7,富邦-花蓮,2023-08-25,9621
2317,鴻海,10,3,7,富邦-花蓮,2023-08-25,9621
2331,精英,29,22,7,富邦-花蓮,2023-08-25,9621
2399,映泰,13,6,7,富邦-花蓮,2023-08-25,9621
2401,凌陽,9,2,7,富邦-花蓮,2023-08-25,9621
6274,台燿,8,1,7,富邦-花蓮,2023-08-25,9621
2883,凱基金,6,0,6,富邦-花蓮,2023-08-25,9621
2745,五福,9,3,6,富邦-花蓮,2023-08-25,9621
3325,旭品,6,0,6,富邦-花蓮,2023-08-25,9621
6282,康舒,7,1,6,富邦-花蓮,2023-08-25,9621
00900,富邦特選高股息30,5,0,5,富邦-花蓮,2023-08-25,9621
2455,全新,6,1,5,富邦-花蓮,2023-08-25,9621
2486,一詮,5,0,5,富邦-花蓮,2023-08-25,9621
3078,僑威,5,0,5,富邦-花蓮,2023-08-25,9621
00929,復華台灣科技優息,104,0,104,富邦-花蓮,2023-08-28,9621
00669R,國泰美國道瓊反1,100,0,100,富邦-花蓮,2023-08-28,9621
2888,新光金,91,0,91,富邦-花蓮,2023-08-28,9621
00878,國泰永續高股息,90,6,84,富邦-花蓮,2023-08-28,9621
2363,矽統,103,31,72,富邦-花蓮,2023-08-28,9621
2610,華航,102,31,71,富邦-花蓮,2023-08-28,9621
2618,長榮航,54,3,51,富邦-花蓮,2023-08-28,9621
00753L,中信中國50正2,65,20,45,富邦-花蓮,2023-08-28,9621
1737,臺鹽,41,9,32,富邦-花蓮,2023-08-28,9621
6792,詠業,32,0,32,富邦-花蓮,2023-08-28,9621
2634,漢翔,52,23,29,富邦-花蓮,2023-08-28,9621
6125,廣運,29,0,29,富邦-花蓮,2023-08-28,9621
5209,新鼎,27,0,27,富邦-花蓮,2023-08-28,9621
00712,復華富時不動產,25,1,24,富邦-花蓮,2023-08-28,9621
3567,逸昌,34,11,23,富邦-花蓮,2023-08-28,9621
00923,群益台ESG低碳50,26,4,22,富邦-花蓮,2023-08-28,9621
2374,佳能,20,0,20,富邦-花蓮,2023-08-28,9621
00637L,元大滬深300正2,49,31,18,富邦-花蓮,2023-08-28,9621
2883,凱基金,16,0,16,富邦-花蓮,2023-08-28,9621
3062,建漢,16,0,16,富邦-花蓮,2023-08-28,9621
3308,聯德,26,10,16,富邦-花蓮,2023-08-28,9621
4906,正文,19,6,13,富邦-花蓮,2023-08-28,9621
2388,威盛,38,25,13,富邦-花蓮,2023-08-28,9621
2401,凌陽,14,1,13,富邦-花蓮,2023-08-28,9621
4960,誠美材,18,5,13,富邦-花蓮,2023-08-28,9621
2324,仁寶,15,3,12,富邦-花蓮,2023-08-28,9621
2312,金寶,10,0,10,富邦-花蓮,2023-08-28,9621
2739,寒舍,10,0,10,富邦-花蓮,2023-08-28,9621
3689,湧德,10,0,10,富邦-花蓮,2023-08-28,9621
4533,協易機,10,0,10,富邦-花蓮,2023-08-28,9621
6156,松上,10,0,10,富邦-花蓮,2023-08-28,9621
6182,合晶,10,0,10,富邦-花蓮,2023-08-28,9621
8210,勤誠,15,6,9,富邦-花蓮,2023-08-28,9621
00633L,富邦上証正2,10,2,8,富邦-花蓮,2023-08-28,9621
2489,瑞軒,8,0,8,富邦-花蓮,2023-08-28,9621
3094,聯傑,16,8,8,富邦-花蓮,2023-08-28,9621
9945,潤泰新,10,2,8,富邦-花蓮,2023-08-28,9621
2317,鴻海,11,3,8,富邦-花蓮,2023-08-28,9621
2440,太空梭,14,7,7,富邦-花蓮,2023-08-28,9621
6168,宏齊,8,2,6,富邦-花蓮,2023-08-28,9621
2352,佳世達,8,2,6,富邦-花蓮,2023-08-28,9621
3558,神準,6,0,6,富邦-花蓮,2023-08-28,9621
8050,廣積,6,0,6,富邦-花蓮,2023-08-28,9621
00673R,期元大S＆P原油反1,5,0,5,富邦-花蓮,2023-08-28,9621
2323,中環,5,0,5,富邦-花蓮,2023-08-28,9621
2344,華邦電,5,0,5,富邦-花蓮,2023-08-28,9621
2461,光群雷,5,0,5,富邦-花蓮,2023-08-28,9621
3021,鴻名,5,0,5,富邦-花蓮,2023-08-28,9621
3041,揚智,5,0,5,富邦-花蓮,2023-08-28,9621
5452,佶優,5,0,5,富邦-花蓮,2023-08-28,9621
2440,太空梭,100,0,100,富邦-花蓮,2023-08-29,9621
3231,緯創,645,573,72,富邦-花蓮,2023-08-29,9621
00637L,元大滬深300正2,40,2,38,富邦-花蓮,2023-08-29,9621
6443,元晶,76,48,28,富邦-花蓮,2023-08-29,9621
2363,矽統,242,219,23,富邦-花蓮,2023-08-29,9621
2323,中環,22,1,21,富邦-花蓮,2023-08-29,9621
2002,中鋼,20,0,20,富邦-花蓮,2023-08-29,9621
1737,臺鹽,21,1,20,富邦-花蓮,2023-08-29,9621
2303,聯電,27,7,20,富邦-花蓮,2023-08-29,9621
00919,群益台灣精選高息,34,16,18,富邦-花蓮,2023-08-29,9621
9945,潤泰新,18,1,17,富邦-花蓮,2023-08-29,9621
4960,誠美材,15,0,15,富邦-花蓮,2023-08-29,9621
00878,國泰永續高股息,40,25,15,富邦-花蓮,2023-08-29,9621
00929,復華台灣科技優息,25,11,14,富邦-花蓮,2023-08-29,9621
2449,京元電子,25,15,10,富邦-花蓮,2023-08-29,9621
00670L,富邦NASDAQ正2,10,0,10,富邦-花蓮,2023-08-29,9621
2409,友達,10,0,10,富邦-花蓮,2023-08-29,9621
6167,久正,10,0,10,富邦-花蓮,2023-08-29,9621
2317,鴻海,16,7,9,富邦-花蓮,2023-08-29,9621
2344,華邦電,10,1,9,富邦-花蓮,2023-08-29,9621
2369,菱生,10,1,9,富邦-花蓮,2023-08-29,9621
1810,和成,9,1,8,富邦-花蓮,2023-08-29,9621
2329,華泰,24,16,8,富邦-花蓮,2023-08-29,9621
1303,南亞,7,0,7,富邦-花蓮,2023-08-29,9621
2006,東和鋼鐵,7,0,7,富邦-花蓮,2023-08-29,9621
0056,元大高股息,11,4,7,富邦-花蓮,2023-08-29,9621
8222,寶一,6,0,6,富邦-花蓮,2023-08-29,9621
3078,僑威,6,0,6,富邦-花蓮,2023-08-29,9621
8390,金益鼎,12,6,6,富邦-花蓮,2023-08-29,9621
2421,建準,9,4,5,富邦-花蓮,2023-08-29,9621
00900,富邦特選高股息30,6,1,5,富邦-花蓮,2023-08-29,9621
00931B,統一美債20年,5,0,5,富邦-花蓮,2023-08-29,9621
1608,華榮,5,0,5,富邦-花蓮,2023-08-29,9621
1905,華紙,5,0,5,富邦-花蓮,2023-08-29,9621
2338,光罩,5,0,5,富邦-花蓮,2023-08-29,9621
2356,英業達,7,2,5,富邦-花蓮,2023-08-29,9621
2362,藍天,5,0,5,富邦-花蓮,2023-08-29,9621
2436,偉詮電,10,5,5,富邦-花蓮,2023-08-29,9621
3013,晟銘電,5,0,5,富邦-花蓮,2023-08-29,9621
3062,建漢,5,0,5,富邦-花蓮,2023-08-29,9621
6026,福邦證,5,0,5,富邦-花蓮,2023-08-29,9621
9941,裕融,5,1,4,富邦-花蓮,2023-08-29,9621
1471,首利,4,0,4,富邦-花蓮,2023-08-29,9621
1612,宏泰,4,0,4,富邦-花蓮,2023-08-29,9621
2486,一詮,4,0,4,富邦-花蓮,2023-08-29,9621
2880,華南金,4,0,4,富邦-花蓮,2023-08-29,9621
3308,聯德,11,7,4,富邦-花蓮,2023-08-29,9621
3484,崧騰,4,0,4,富邦-花蓮,2023-08-29,9621
6188,廣明,4,0,4,富邦-花蓮,2023-08-29,9621
8070,長華*,4,0,4,富邦-花蓮,2023-08-29,9621
2367,燿華,87,1,86,富邦-花蓮,2023-08-30,9621
2610,華航,80,41,39,富邦-花蓮,2023-08-30,9621
2891,中信金,31,0,31,富邦-花蓮,2023-08-30,9621
00929,復華台灣科技優息,38,14,24,富邦-花蓮,2023-08-30,9621
2609,陽明,30,6,24,富邦-花蓮,2023-08-30,9621
6167,久正,20,1,19,富邦-花蓮,2023-08-30,9621
3588,通嘉,27,10,17,富邦-花蓮,2023-08-30,9621
6672,騰輝電子-KY,17,0,17,富邦-花蓮,2023-08-30,9621
2301,光寶科,15,1,14,富邦-花蓮,2023-08-30,9621
2344,華邦電,305,292,13,富邦-花蓮,2023-08-30,9621
3484,崧騰,16,3,13,富邦-花蓮,2023-08-30,9621
3715,定穎投控,23,10,13,富邦-花蓮,2023-08-30,9621
6188,廣明,12,1,11,富邦-花蓮,2023-08-30,9621
2359,所羅門,10,0,10,富邦-花蓮,2023-08-30,9621
2436,偉詮電,16,6,10,富邦-花蓮,2023-08-30,9621
3006,晶豪科,12,2,10,富邦-花蓮,2023-08-30,9621
2816,旺旺保,10,1,9,富邦-花蓮,2023-08-30,9621
3481,群創,25,17,8,富邦-花蓮,2023-08-30,9621
2387,精元,8,0,8,富邦-花蓮,2023-08-30,9621
2421,建準,8,0,8,富邦-花蓮,2023-08-30,9621
5009,榮剛,10,2,8,富邦-花蓮,2023-08-30,9621
6282,康舒,15,9,6,富邦-花蓮,2023-08-30,9621
1409,新纖,6,0,6,富邦-花蓮,2023-08-30,9621
3706,神達,6,0,6,富邦-花蓮,2023-08-30,9621
5222,全訊,6,0,6,富邦-花蓮,2023-08-30,9621
8112,至上,6,0,6,富邦-花蓮,2023-08-30,9621
00764B,群益25年美債,5,0,5,富邦-花蓮,2023-08-30,9621
2324,仁寶,5,0,5,富邦-花蓮,2023-08-30,9621
2356,英業達,10,5,5,富邦-花蓮,2023-08-30,9621
4721,美琪瑪,5,0,5,富邦-花蓮,2023-08-30,9621
6222,上揚,5,0,5,富邦-花蓮,2023-08-30,9621
9945,潤泰新,8,3,5,富邦-花蓮,2023-08-30,9621
3078,僑威,5,0,5,富邦-花蓮,2023-08-30,9621
2014,中鴻,11,7,4,富邦-花蓮,2023-08-30,9621
2340,台亞,4,0,4,富邦-花蓮,2023-08-30,9621
2801,彰銀,4,0,4,富邦-花蓮,2023-08-30,9621
2892,第一金,4,0,4,富邦-花蓮,2023-08-30,9621
00637L,元大滬深300正2,33,30,3,富邦-花蓮,2023-08-30,9621
2338,光罩,3,0,3,富邦-花蓮,2023-08-30,9621
2357,華碩,4,1,3,富邦-花蓮,2023-08-30,9621
2516,新建,5,2,3,富邦-花蓮,2023-08-30,9621
3004,豐達科,3,0,3,富邦-花蓮,2023-08-30,9621
3176,基亞,3,0,3,富邦-花蓮,2023-08-30,9621
3308,聯德,14,11,3,富邦-花蓮,2023-08-30,9621
3372,典範,3,0,3,富邦-花蓮,2023-08-30,9621
5347,世界,3,0,3,富邦-花蓮,2023-08-30,9621
6120,達運,3,0,3,富邦-花蓮,2023-08-30,9621
8261,富鼎,3,0,3,富邦-花蓮,2023-08-30,9621
1905,華紙,3,0,3,富邦-花蓮,2023-08-30,9621
0056,元大高股息,10,7,3,富邦-花蓮,2023-08-30,9621
2511,太子,402,203,199,富邦-花蓮,2023-08-31,9621
2892,第一金,58,0,58,富邦-花蓮,2023-08-31,9621
2834,臺企銀,53,0,53,富邦-花蓮,2023-08-31,9621
2618,長榮航,58,8,50,富邦-花蓮,2023-08-31,9621
1802,台玻,51,3,48,富邦-花蓮,2023-08-31,9621
2886,兆豐金,32,0,32,富邦-花蓮,2023-08-31,9621
2344,華邦電,28,0,28,富邦-花蓮,2023-08-31,9621
2337,旺宏,58,35,23,富邦-花蓮,2023-08-31,9621
2880,華南金,23,0,23,富邦-花蓮,2023-08-31,9621
2891,中信金,20,0,20,富邦-花蓮,2023-08-31,9621
2301,光寶科,21,3,18,富邦-花蓮,2023-08-31,9621
2303,聯電,25,8,17,富邦-花蓮,2023-08-31,9621
3484,崧騰,17,0,17,富邦-花蓮,2023-08-31,9621
5009,榮剛,17,1,16,富邦-花蓮,2023-08-31,9621
6770,力積電,15,0,15,富邦-花蓮,2023-08-31,9621
00882,中信中國高股息,13,0,13,富邦-花蓮,2023-08-31,9621
8033,雷虎,12,0,12,富邦-花蓮,2023-08-31,9621
3711,日月光投控,11,0,11,富邦-花蓮,2023-08-31,9621
2406,國碩,11,0,11,富邦-花蓮,2023-08-31,9621
2324,仁寶,25,15,10,富邦-花蓮,2023-08-31,9621
4938,和碩,10,0,10,富邦-花蓮,2023-08-31,9621
1584,精剛,11,1,10,富邦-花蓮,2023-08-31,9621
2610,華航,18,8,10,富邦-花蓮,2023-08-31,9621
6284,佳邦,10,0,10,富邦-花蓮,2023-08-31,9621
6547,高端疫苗,16,6,10,富邦-花蓮,2023-08-31,9621
5880,合庫金,9,0,9,富邦-花蓮,2023-08-31,9621
00919,群益台灣精選高息,9,0,9,富邦-花蓮,2023-08-31,9621
2887,台新金,9,0,9,富邦-花蓮,2023-08-31,9621
2603,長榮,8,0,8,富邦-花蓮,2023-08-31,9621
2409,友達,8,0,8,富邦-花蓮,2023-08-31,9621
2105,正新,13,5,8,富邦-花蓮,2023-08-31,9621
0056,元大高股息,8,1,7,富邦-花蓮,2023-08-31,9621
2323,中環,7,0,7,富邦-花蓮,2023-08-31,9621
6111,大宇資,7,0,7,富邦-花蓮,2023-08-31,9621
2312,金寶,6,0,6,富邦-花蓮,2023-08-31,9621
2338,光罩,6,0,6,富邦-花蓮,2023-08-31,9621
2890,永豐金,6,0,6,富邦-花蓮,2023-08-31,9621
8930,青鋼,6,0,6,富邦-花蓮,2023-08-31,9621
1904,正隆,6,0,6,富邦-花蓮,2023-08-31,9621
6168,宏齊,6,1,5,富邦-花蓮,2023-08-31,9621
1789,神隆,5,0,5,富邦-花蓮,2023-08-31,9621
2014,中鴻,5,0,5,富邦-花蓮,2023-08-31,9621
2329,華泰,20,15,5,富邦-花蓮,2023-08-31,9621
3046,建��,10,5,5,富邦-花蓮,2023-08-31,9621
3051,力特,15,10,5,富邦-花蓮,2023-08-31,9621
3176,基亞,5,0,5,富邦-花蓮,2023-08-31,9621
3363,上詮,5,0,5,富邦-花蓮,2023-08-31,9621
6841,長佳智能,5,0,5,富邦-花蓮,2023-08-31,9621
3481,群創,6,1,5,富邦-花蓮,2023-08-31,9621
2885,元大金,5,1,4,富邦-花蓮,2023-08-31,9621
2888,新光金,140,1,139,富邦-花蓮,2023-09-01,9621
2485,兆赫,178,54,124,富邦-花蓮,2023-09-01,9621
2363,矽統,184,62,122,富邦-花蓮,2023-09-01,9621
2409,友達,83,10,73,富邦-花蓮,2023-09-01,9621
00919,群益台灣精選高息,65,0,65,富邦-花蓮,2023-09-01,9621
00932,兆豐永續高息等權,62,0,62,富邦-花蓮,2023-09-01,9621
2367,燿華,51,3,48,富邦-花蓮,2023-09-01,9621
00929,復華台灣科技優息,69,22,47,富邦-花蓮,2023-09-01,9621
00878,國泰永續高股息,39,8,31,富邦-花蓮,2023-09-01,9621
3231,緯創,340,316,24,富邦-花蓮,2023-09-01,9621
3051,力特,74,52,22,富邦-花蓮,2023-09-01,9621
1605,華新,22,1,21,富邦-花蓮,2023-09-01,9621
2867,三商壽,17,0,17,富邦-花蓮,2023-09-01,9621
2886,兆豐金,16,1,15,富邦-花蓮,2023-09-01,9621
2891,中信金,15,0,15,富邦-花蓮,2023-09-01,9621
4533,協易機,15,0,15,富邦-花蓮,2023-09-01,9621
3484,崧騰,14,0,14,富邦-花蓮,2023-09-01,9621
8088,品安,14,1,13,富邦-花蓮,2023-09-01,9621
8210,勤誠,15,3,12,富邦-花蓮,2023-09-01,9621
1609,大亞,12,0,12,富邦-花蓮,2023-09-01,9621
4909,新復興,17,5,12,富邦-花蓮,2023-09-01,9621
8390,金益鼎,12,0,12,富邦-花蓮,2023-09-01,9621
2352,佳世達,11,0,11,富邦-花蓮,2023-09-01,9621
3380,明泰,13,2,11,富邦-花蓮,2023-09-01,9621
2376,技嘉,16,6,10,富邦-花蓮,2023-09-01,9621
1721,三晃,10,0,10,富邦-花蓮,2023-09-01,9621
1810,和成,10,0,10,富邦-花蓮,2023-09-01,9621
2515,中工,10,0,10,富邦-花蓮,2023-09-01,9621
2812,台中銀,10,0,10,富邦-花蓮,2023-09-01,9621
3363,上詮,25,15,10,富邦-花蓮,2023-09-01,9621
2356,英業達,15,5,10,富邦-花蓮,2023-09-01,9621
2382,廣達,31,22,9,富邦-花蓮,2023-09-01,9621
4967,十銓,14,5,9,富邦-花蓮,2023-09-01,9621
00713,元大台灣高息低波,9,0,9,富邦-花蓮,2023-09-01,9621
2421,建準,9,0,9,富邦-花蓮,2023-09-01,9621
6223,旺矽,9,0,9,富邦-花蓮,2023-09-01,9621
8110,華東,10,1,9,富邦-花蓮,2023-09-01,9621
00679B,元大美債20年,11,3,8,富邦-花蓮,2023-09-01,9621
2323,中環,9,1,8,富邦-花蓮,2023-09-01,9621
2357,華碩,8,0,8,富邦-花蓮,2023-09-01,9621
3229,晟鈦,8,0,8,富邦-花蓮,2023-09-01,9621
2402,毅嘉,51,44,7,富邦-花蓮,2023-09-01,9621
1522,堤維西,7,0,7,富邦-花蓮,2023-09-01,9621
2609,陽明,8,1,7,富邦-花蓮,2023-09-01,9621
3483,力致,11,4,7,富邦-花蓮,2023-09-01,9621
1504,東元,6,0,6,富邦-花蓮,2023-09-01,9621
3191,雲嘉南,6,0,6,富邦-花蓮,2023-09-01,9621
00757,統一FANG+,6,0,6,富邦-花蓮,2023-09-01,9621
00795B,中信美國公債20年,5,0,5,富邦-花蓮,2023-09-01,9621
1529,樂事綠能,5,0,5,富邦-花蓮,2023-09-01,9621
3163,波若威,195,42,153,富邦-花蓮,2023-09-04,9621
2363,矽統,186,51,135,富邦-花蓮,2023-09-04,9621
00919,群益台灣精選高息,69,0,69,富邦-花蓮,2023-09-04,9621
1802,台玻,67,12,55,富邦-花蓮,2023-09-04,9621
2888,新光金,40,2,38,富邦-花蓮,2023-09-04,9621
1810,和成,40,5,35,富邦-花蓮,2023-09-04,9621
5381,合正,26,0,26,富邦-花蓮,2023-09-04,9621
00751B,元大AAA至A公司債,20,0,20,富邦-花蓮,2023-09-04,9621
3665,貿聯-KY,20,0,20,富邦-花蓮,2023-09-04,9621
2409,友達,21,2,19,富邦-花蓮,2023-09-04,9621
2371,大同,30,13,17,富邦-花蓮,2023-09-04,9621
6284,佳邦,17,0,17,富邦-花蓮,2023-09-04,9621
3481,群創,25,10,15,富邦-花蓮,2023-09-04,9621
00931B,統一美債20年,15,0,15,富邦-花蓮,2023-09-04,9621
2358,廷鑫,15,1,14,富邦-花蓮,2023-09-04,9621
00637L,元大滬深300正2,20,6,14,富邦-花蓮,2023-09-04,9621
00932,兆豐永續高息等權,13,0,13,富邦-花蓮,2023-09-04,9621
2332,友訊,12,0,12,富邦-花蓮,2023-09-04,9621
8222,寶一,11,0,11,富邦-花蓮,2023-09-04,9621
2324,仁寶,11,0,11,富邦-花蓮,2023-09-04,9621
2331,精英,10,0,10,富邦-花蓮,2023-09-04,9621
1598,岱宇,10,0,10,富邦-花蓮,2023-09-04,9621
2344,華邦電,10,0,10,富邦-花蓮,2023-09-04,9621
2356,英業達,15,5,10,富邦-花蓮,2023-09-04,9621
2374,佳能,10,0,10,富邦-花蓮,2023-09-04,9621
2478,大毅,10,0,10,富邦-花蓮,2023-09-04,9621
2834,臺企銀,10,0,10,富邦-花蓮,2023-09-04,9621
4906,正文,11,1,10,富邦-花蓮,2023-09-04,9621
6834,天二科技,10,0,10,富邦-花蓮,2023-09-04,9621
9950,萬國通,10,0,10,富邦-花蓮,2023-09-04,9621
6282,康舒,12,2,10,富邦-花蓮,2023-09-04,9621
2337,旺宏,11,2,9,富邦-花蓮,2023-09-04,9621
2201,裕隆,11,2,9,富邦-花蓮,2023-09-04,9621
3711,日月光投控,10,1,9,富邦-花蓮,2023-09-04,9621
6283,淳安,10,2,8,富邦-花蓮,2023-09-04,9621
8183,精星,10,2,8,富邦-花蓮,2023-09-04,9621
1314,中石化,10,2,8,富邦-花蓮,2023-09-04,9621
00679B,元大美債20年,7,0,7,富邦-花蓮,2023-09-04,9621
3105,穩懋,8,1,7,富邦-花蓮,2023-09-04,9621
8088,品安,7,0,7,富邦-花蓮,2023-09-04,9621
2913,農林,6,0,6,富邦-花蓮,2023-09-04,9621
4967,十銓,6,0,6,富邦-花蓮,2023-09-04,9621
6811,宏�硌穈T,7,1,6,富邦-花蓮,2023-09-04,9621
00929,復華台灣科技優息,10,5,5,富邦-花蓮,2023-09-04,9621
1217,愛之味,5,0,5,富邦-花蓮,2023-09-04,9621
2352,佳世達,6,1,5,富邦-花蓮,2023-09-04,9621
2485,兆赫,38,33,5,富邦-花蓮,2023-09-04,9621
3260,威剛,6,1,5,富邦-花蓮,2023-09-04,9621
4188,安克,5,0,5,富邦-花蓮,2023-09-04,9621
6418,詠昇,5,0,5,富邦-花蓮,2023-09-04,9621
2485,兆赫,139,11,128,富邦-花蓮,2023-09-05,9621
00919,群益台灣精選高息,147,28,119,富邦-花蓮,2023-09-05,9621
3163,波若威,170,93,77,富邦-花蓮,2023-09-05,9621
3051,力特,129,65,64,富邦-花蓮,2023-09-05,9621
00929,復華台灣科技優息,67,12,55,富邦-花蓮,2023-09-05,9621
2610,華航,33,7,26,富邦-花蓮,2023-09-05,9621
3260,威剛,29,3,26,富邦-花蓮,2023-09-05,9621
2344,華邦電,25,0,25,富邦-花蓮,2023-09-05,9621
2888,新光金,20,1,19,富邦-花蓮,2023-09-05,9621
00878,國泰永續高股息,29,11,18,富邦-花蓮,2023-09-05,9621
3363,上詮,18,0,18,富邦-花蓮,2023-09-05,9621
00915,凱基優選高股息30,16,0,16,富邦-花蓮,2023-09-05,9621
00753L,中信中國50正2,32,16,16,富邦-花蓮,2023-09-05,9621
2881,富邦金,17,2,15,富邦-花蓮,2023-09-05,9621
00751B,元大AAA至A公司債,13,0,13,富邦-花蓮,2023-09-05,9621
2002,中鋼,13,0,13,富邦-花蓮,2023-09-05,9621
8930,青鋼,14,1,13,富邦-花蓮,2023-09-05,9621
00637L,元大滬深300正2,12,0,12,富邦-花蓮,2023-09-05,9621
5209,新鼎,15,3,12,富邦-花蓮,2023-09-05,9621
2104,國際中橡,10,0,10,富邦-花蓮,2023-09-05,9621
3019,亞光,10,0,10,富邦-花蓮,2023-09-05,9621
3588,通嘉,14,4,10,富邦-花蓮,2023-09-05,9621
9927,泰銘,10,0,10,富邦-花蓮,2023-09-05,9621
2609,陽明,10,0,10,富邦-花蓮,2023-09-05,9621
00921,兆豐龍頭等權重,10,1,9,富邦-花蓮,2023-09-05,9621
2206,三陽工業,11,2,9,富邦-花蓮,2023-09-05,9621
9945,潤泰新,10,1,9,富邦-花蓮,2023-09-05,9621
8069,元太,8,0,8,富邦-花蓮,2023-09-05,9621
8215,明基材,8,0,8,富邦-花蓮,2023-09-05,9621
2353,宏��,16,8,8,富邦-花蓮,2023-09-05,9621
2618,長榮航,12,5,7,富邦-花蓮,2023-09-05,9621
00918,大華優利高填息30,7,0,7,富邦-花蓮,2023-09-05,9621
2891,中信金,7,0,7,富邦-花蓮,2023-09-05,9621
3189,景碩,8,1,7,富邦-花蓮,2023-09-05,9621
4128,中天,7,0,7,富邦-花蓮,2023-09-05,9621
2303,聯電,11,4,7,富邦-花蓮,2023-09-05,9621
00713,元大台灣高息低波,8,2,6,富邦-花蓮,2023-09-05,9621
1101,台泥,11,4,7,富邦-花蓮,2023-09-05,9621
2007,燁興,6,0,6,富邦-花蓮,2023-09-05,9621
2405,輔信,6,0,6,富邦-花蓮,2023-09-05,9621
2852,第一保,6,0,6,富邦-花蓮,2023-09-05,9621
8086,宏捷科,7,1,6,富邦-花蓮,2023-09-05,9621
8150,南茂,6,0,6,富邦-花蓮,2023-09-05,9621
3037,欣興,14,9,5,富邦-花蓮,2023-09-05,9621
1402,遠東新,5,0,5,富邦-花蓮,2023-09-05,9621
1504,東元,8,3,5,富邦-花蓮,2023-09-05,9621
3191,雲嘉南,5,0,5,富邦-花蓮,2023-09-05,9621
4439,冠星-KY,5,0,5,富邦-花蓮,2023-09-05,9621
3264,欣銓,9,4,5,富邦-花蓮,2023-09-05,9621
2301,光寶科,11,7,4,富邦-花蓮,2023-09-05,9621
2401,凌陽,127,23,104,富邦-花蓮,2023-09-06,9621
2409,友達,81,20,61,富邦-花蓮,2023-09-06,9621
2313,華通,71,35,36,富邦-花蓮,2023-09-06,9621
2812,台中銀,32,0,32,富邦-花蓮,2023-09-06,9621
2888,新光金,32,0,32,富邦-花蓮,2023-09-06,9621
00882,中信中國高股息,26,0,26,富邦-花蓮,2023-09-06,9621
6016,康和證,25,0,25,富邦-花蓮,2023-09-06,9621
3548,兆利,25,2,23,富邦-花蓮,2023-09-06,9621
00673R,期元大S＆P原油反1,21,0,21,富邦-花蓮,2023-09-06,9621
2634,漢翔,20,0,20,富邦-花蓮,2023-09-06,9621
3481,群創,19,1,18,富邦-花蓮,2023-09-06,9621
1101,台泥,28,11,17,富邦-花蓮,2023-09-06,9621
2891,中信金,17,0,17,富邦-花蓮,2023-09-06,9621
2413,環科,30,13,17,富邦-花蓮,2023-09-06,9621
6806,森崴能源,17,0,17,富邦-花蓮,2023-09-06,9621
2485,兆赫,24,8,16,富邦-花蓮,2023-09-06,9621
2834,臺企銀,15,0,15,富邦-花蓮,2023-09-06,9621
6770,力積電,15,0,15,富邦-花蓮,2023-09-06,9621
00918,大華優利高填息30,13,0,13,富邦-花蓮,2023-09-06,9621
2388,威盛,15,2,13,富邦-花蓮,2023-09-06,9621
8390,金益鼎,14,1,13,富邦-花蓮,2023-09-06,9621
00931B,統一美債20年,12,0,12,富邦-花蓮,2023-09-06,9621
1611,中電,12,0,12,富邦-花蓮,2023-09-06,9621
3625,西勝,15,3,12,富邦-花蓮,2023-09-06,9621
00896,中信綠能及電動車,11,0,11,富邦-花蓮,2023-09-06,9621
1540,喬福,10,0,10,富邦-花蓮,2023-09-06,9621
6111,大宇資,32,22,10,富邦-花蓮,2023-09-06,9621
6139,亞翔,24,15,9,富邦-花蓮,2023-09-06,9621
00772B,中信高評級公司債,9,0,9,富邦-花蓮,2023-09-06,9621
3149,正達,8,0,8,富邦-花蓮,2023-09-06,9621
2358,廷鑫,23,15,8,富邦-花蓮,2023-09-06,9621
1402,遠東新,7,0,7,富邦-花蓮,2023-09-06,9621
2340,台亞,12,5,7,富邦-花蓮,2023-09-06,9621
2801,彰銀,7,0,7,富邦-花蓮,2023-09-06,9621
6811,宏�硌穈T,7,0,7,富邦-花蓮,2023-09-06,9621
2886,兆豐金,7,0,7,富邦-花蓮,2023-09-06,9621
2324,仁寶,7,1,6,富邦-花蓮,2023-09-06,9621
2301,光寶科,9,3,6,富邦-花蓮,2023-09-06,9621
5483,中美晶,8,2,6,富邦-花蓮,2023-09-06,9621
00751B,元大AAA至A公司債,6,0,6,富邦-花蓮,2023-09-06,9621
2105,正新,6,0,6,富邦-花蓮,2023-09-06,9621
3217,優群,6,0,6,富邦-花蓮,2023-09-06,9621
4552,力達-KY,6,0,6,富邦-花蓮,2023-09-06,9621
5328,華容,6,0,6,富邦-花蓮,2023-09-06,9621
8155,博智,6,0,6,富邦-花蓮,2023-09-06,9621
6412,群電,7,2,5,富邦-花蓮,2023-09-06,9621
00679B,元大美債20年,5,0,5,富邦-花蓮,2023-09-06,9621
00921,兆豐龍頭等權重,6,1,5,富邦-花蓮,2023-09-06,9621
2421,建準,7,2,5,富邦-花蓮,2023-09-06,9621
2484,希華,5,0,5,富邦-花蓮,2023-09-06,9621
00929,復華台灣科技優息,239,62,177,富邦-花蓮,2023-09-07,9621
2618,長榮航,248,201,47,富邦-花蓮,2023-09-07,9621
8112,至上,48,3,45,富邦-花蓮,2023-09-07,9621
00918,大華優利高填息30,31,0,31,富邦-花蓮,2023-09-07,9621
2313,華通,56,26,30,富邦-花蓮,2023-09-07,9621
00919,群益台灣精選高息,28,0,28,富邦-花蓮,2023-09-07,9621
2358,廷鑫,61,37,24,富邦-花蓮,2023-09-07,9621
00687B,國泰20年美債,20,0,20,富邦-花蓮,2023-09-07,9621
2332,友訊,17,0,17,富邦-花蓮,2023-09-07,9621
3078,僑威,18,2,16,富邦-花蓮,2023-09-07,9621
00679B,元大美債20年,14,0,14,富邦-花蓮,2023-09-07,9621
3481,群創,16,3,13,富邦-花蓮,2023-09-07,9621
00632R,元大台灣50反1,30,17,13,富邦-花蓮,2023-09-07,9621
2409,友達,17,6,11,富邦-花蓮,2023-09-07,9621
00932,兆豐永續高息等權,11,0,11,富邦-花蓮,2023-09-07,9621
6125,廣運,17,6,11,富邦-花蓮,2023-09-07,9621
00915,凱基優選高股息30,10,0,10,富邦-花蓮,2023-09-07,9621
00670L,富邦NASDAQ正2,15,5,10,富邦-花蓮,2023-09-07,9621
1471,首利,10,0,10,富邦-花蓮,2023-09-07,9621
1540,喬福,10,0,10,富邦-花蓮,2023-09-07,9621
5381,合正,14,4,10,富邦-花蓮,2023-09-07,9621
3094,聯傑,10,1,9,富邦-花蓮,2023-09-07,9621
3217,優群,20,11,9,富邦-花蓮,2023-09-07,9621
00900,富邦特選高股息30,8,0,8,富邦-花蓮,2023-09-07,9621
00878,國泰永續高股息,13,5,8,富邦-花蓮,2023-09-07,9621
3322,建舜電,7,0,7,富邦-花蓮,2023-09-07,9621
4909,新復興,7,0,7,富邦-花蓮,2023-09-07,9621
4944,兆遠,7,0,7,富邦-花蓮,2023-09-07,9621
5348,正能量智能,7,0,7,富邦-花蓮,2023-09-07,9621
00888,永豐台灣ESG,6,0,6,富邦-花蓮,2023-09-07,9621
00673R,期元大S＆P原油反1,6,0,6,富邦-花蓮,2023-09-07,9621
2002,中鋼,6,0,6,富邦-花蓮,2023-09-07,9621
3013,晟銘電,6,0,6,富邦-花蓮,2023-09-07,9621
3043,科風,8,2,6,富邦-花蓮,2023-09-07,9621
3149,正達,6,0,6,富邦-花蓮,2023-09-07,9621
4906,正文,8,2,6,富邦-花蓮,2023-09-07,9621
6215,和椿,6,0,6,富邦-花蓮,2023-09-07,9621
1101,台泥,7,2,5,富邦-花蓮,2023-09-07,9621
2401,凌陽,65,60,5,富邦-花蓮,2023-09-07,9621
2330,台積電,5,0,5,富邦-花蓮,2023-09-07,9621
8069,元太,5,0,5,富邦-花蓮,2023-09-07,9621
00633L,富邦上証正2,10,5,5,富邦-花蓮,2023-09-07,9621
2328,廣宇,5,0,5,富邦-花蓮,2023-09-07,9621
2362,藍天,5,0,5,富邦-花蓮,2023-09-07,9621
2413,環科,10,5,5,富邦-花蓮,2023-09-07,9621
3163,波若威,176,171,5,富邦-花蓮,2023-09-07,9621
6016,康和證,5,0,5,富邦-花蓮,2023-09-07,9621
6117,迎廣,5,0,5,富邦-花蓮,2023-09-07,9621
6147,頎邦,5,0,5,富邦-花蓮,2023-09-07,9621
6156,松上,5,0,5,富邦-花蓮,2023-09-07,9621
2618,長榮航,110,20,90,富邦-花蓮,2023-09-08,9621
00919,群益台灣精選高息,56,6,50,富邦-花蓮,2023-09-08,9621
1605,華新,50,0,50,富邦-花蓮,2023-09-08,9621
00929,復華台灣科技優息,56,9,47,富邦-花蓮,2023-09-08,9621
1802,台玻,41,1,40,富邦-花蓮,2023-09-08,9621
00679B,元大美債20年,30,3,27,富邦-花蓮,2023-09-08,9621
00931B,統一美債20年,31,5,26,富邦-花蓮,2023-09-08,9621
2313,華通,41,20,21,富邦-花蓮,2023-09-08,9621
00882,中信中國高股息,21,0,21,富邦-花蓮,2023-09-08,9621
2453,凌群,21,0,21,富邦-花蓮,2023-09-08,9621
3051,力特,23,2,21,富邦-花蓮,2023-09-08,9621
00915,凱基優選高股息30,20,0,20,富邦-花蓮,2023-09-08,9621
00670L,富邦NASDAQ正2,20,0,20,富邦-花蓮,2023-09-08,9621
00687B,國泰20年美債,20,0,20,富邦-花蓮,2023-09-08,9621
1540,喬福,20,0,20,富邦-花蓮,2023-09-08,9621
2605,新興,19,0,19,富邦-花蓮,2023-09-08,9621
2353,宏��,19,1,18,富邦-花蓮,2023-09-08,9621
00881,國泰台灣5G+,18,0,18,富邦-花蓮,2023-09-08,9621
00918,大華優利高填息30,19,2,17,富邦-花蓮,2023-09-08,9621
2104,國際中橡,24,8,16,富邦-花蓮,2023-09-08,9621
2402,毅嘉,24,8,16,富邦-花蓮,2023-09-08,9621
4933,友輝,17,1,16,富邦-花蓮,2023-09-08,9621
2330,台積電,15,0,15,富邦-花蓮,2023-09-08,9621
3483,力致,26,11,15,富邦-花蓮,2023-09-08,9621
8034,榮群,13,0,13,富邦-花蓮,2023-09-08,9621
6188,廣明,16,4,12,富邦-花蓮,2023-09-08,9621
1522,堤維西,11,0,11,富邦-花蓮,2023-09-08,9621
2399,映泰,11,0,11,富邦-花蓮,2023-09-08,9621
1471,首利,10,0,10,富邦-花蓮,2023-09-08,9621
4123,晟德,10,0,10,富邦-花蓮,2023-09-08,9621
4726,永昕,10,0,10,富邦-花蓮,2023-09-08,9621
6016,康和證,10,0,10,富邦-花蓮,2023-09-08,9621
6770,力積電,10,0,10,富邦-花蓮,2023-09-08,9621
9105,泰金寶-DR,20,10,10,富邦-花蓮,2023-09-08,9621
9911,櫻花,10,0,10,富邦-花蓮,2023-09-08,9621
1101,台泥,9,0,9,富邦-花蓮,2023-09-08,9621
2485,兆赫,24,15,9,富邦-花蓮,2023-09-08,9621
3308,聯德,11,2,9,富邦-花蓮,2023-09-08,9621
3037,欣興,11,3,8,富邦-花蓮,2023-09-08,9621
2376,技嘉,15,7,8,富邦-花蓮,2023-09-08,9621
1795,美時,9,2,7,富邦-花蓮,2023-09-08,9621
3306,鼎天,7,0,7,富邦-花蓮,2023-09-08,9621
5469,瀚宇博,19,12,7,富邦-花蓮,2023-09-08,9621
6125,廣運,10,3,7,富邦-花蓮,2023-09-08,9621
8050,廣積,31,24,7,富邦-花蓮,2023-09-08,9621
8390,金益鼎,7,0,7,富邦-花蓮,2023-09-08,9621
2356,英業達,9,3,6,富邦-花蓮,2023-09-08,9621
2303,聯電,6,0,6,富邦-花蓮,2023-09-08,9621
2614,東森,6,0,6,富邦-花蓮,2023-09-08,9621
3704,合勤控,9,3,6,富邦-花蓮,2023-09-08,9621
2363,矽統,417,71,346,富邦-花蓮,2023-09-11,9621
00878,國泰永續高股息,242,27,215,富邦-花蓮,2023-09-11,9621
3481,群創,182,23,159,富邦-花蓮,2023-09-11,9621
00919,群益台灣精選高息,197,49,148,富邦-花蓮,2023-09-11,9621
2323,中環,106,0,106,富邦-花蓮,2023-09-11,9621
00929,復華台灣科技優息,154,51,103,富邦-花蓮,2023-09-11,9621
00673R,期元大S＆P原油反1,106,10,96,富邦-花蓮,2023-09-11,9621
1618,合機,71,2,69,富邦-花蓮,2023-09-11,9621
2883B,凱基金乙特,57,0,57,富邦-花蓮,2023-09-11,9621
0056,元大高股息,72,17,55,富邦-花蓮,2023-09-11,9621
8088,品安,48,0,48,富邦-花蓮,2023-09-11,9621
00891,中信關鍵半導體,30,0,30,富邦-花蓮,2023-09-11,9621
4960,誠美材,31,1,30,富邦-花蓮,2023-09-11,9621
6156,松上,30,0,30,富邦-花蓮,2023-09-11,9621
4977,眾達-KY,30,2,28,富邦-花蓮,2023-09-11,9621
2634,漢翔,81,53,28,富邦-花蓮,2023-09-11,9621
2382,廣達,327,301,26,富邦-花蓮,2023-09-11,9621
00932,兆豐永續高息等權,31,5,26,富邦-花蓮,2023-09-11,9621
1802,台玻,27,1,26,富邦-花蓮,2023-09-11,9621
2312,金寶,22,0,22,富邦-花蓮,2023-09-11,9621
2358,廷鑫,22,0,22,富邦-花蓮,2023-09-11,9621
6016,康和證,20,0,20,富邦-花蓮,2023-09-11,9621
1584,精剛,30,10,20,富邦-花蓮,2023-09-11,9621
2409,友達,23,4,19,富邦-花蓮,2023-09-11,9621
5706,鳳凰,19,1,18,富邦-花蓮,2023-09-11,9621
6116,彩晶,21,3,18,富邦-花蓮,2023-09-11,9621
00715L,期街口布蘭特正2,23,6,17,富邦-花蓮,2023-09-11,9621
6274,台燿,22,5,17,富邦-花蓮,2023-09-11,9621
3078,僑威,19,3,16,富邦-花蓮,2023-09-11,9621
8222,寶一,28,12,16,富邦-花蓮,2023-09-11,9621
1540,喬福,15,0,15,富邦-花蓮,2023-09-11,9621
3059,華晶科,16,1,15,富邦-花蓮,2023-09-11,9621
3265,台星科,15,0,15,富邦-花蓮,2023-09-11,9621
2352,佳世達,47,33,14,富邦-花蓮,2023-09-11,9621
2453,凌群,14,0,14,富邦-花蓮,2023-09-11,9621
8210,勤誠,15,3,12,富邦-花蓮,2023-09-11,9621
3231,緯創,816,803,13,富邦-花蓮,2023-09-11,9621
2388,威盛,18,6,12,富邦-花蓮,2023-09-11,9621
5469,瀚宇博,15,3,12,富邦-花蓮,2023-09-11,9621
1611,中電,13,1,12,富邦-花蓮,2023-09-11,9621
2390,云辰,12,0,12,富邦-花蓮,2023-09-11,9621
3025,星通,12,0,12,富邦-花蓮,2023-09-11,9621
6547,高端疫苗,13,1,12,富邦-花蓮,2023-09-11,9621
2330,台積電,13,2,11,富邦-花蓮,2023-09-11,9621
6125,廣運,19,8,11,富邦-花蓮,2023-09-11,9621
2308,台達電,13,2,11,富邦-花蓮,2023-09-11,9621
00931B,統一美債20年,11,0,11,富邦-花蓮,2023-09-11,9621
1528,恩德,11,0,11,富邦-花蓮,2023-09-11,9621
2344,華邦電,11,0,11,富邦-花蓮,2023-09-11,9621
2369,菱生,12,1,11,富邦-花蓮,2023-09-11,9621
00919,群益台灣精選高息,134,6,128,富邦-花蓮,2023-09-12,9621
3689,湧德,103,0,103,富邦-花蓮,2023-09-12,9621
00929,復華台灣科技優息,116,18,98,富邦-花蓮,2023-09-12,9621
00673R,期元大S＆P原油反1,62,0,62,富邦-花蓮,2023-09-12,9621
3481,群創,45,2,43,富邦-花蓮,2023-09-12,9621
2883,凱基金,41,1,40,富邦-花蓮,2023-09-12,9621
00637L,元大滬深300正2,35,0,35,富邦-花蓮,2023-09-12,9621
6282,康舒,67,32,35,富邦-花蓮,2023-09-12,9621
2618,長榮航,51,17,34,富邦-花蓮,2023-09-12,9621
3715,定穎投控,44,12,32,富邦-花蓮,2023-09-12,9621
2356,英業達,51,20,31,富邦-花蓮,2023-09-12,9621
2002,中鋼,27,0,27,富邦-花蓮,2023-09-12,9621
1307,三芳,26,0,26,富邦-花蓮,2023-09-12,9621
1524,耿鼎,49,24,25,富邦-花蓮,2023-09-12,9621
2498,宏達電,25,0,25,富邦-花蓮,2023-09-12,9621
00878,國泰永續高股息,38,13,25,富邦-花蓮,2023-09-12,9621
00915,凱基優選高股息30,27,4,23,富邦-花蓮,2023-09-12,9621
2887,台新金,22,0,22,富邦-花蓮,2023-09-12,9621
2105,正新,22,0,22,富邦-花蓮,2023-09-12,9621
00650L,復華香港正2,20,0,20,富邦-花蓮,2023-09-12,9621
1402,遠東新,20,0,20,富邦-花蓮,2023-09-12,9621
2634,漢翔,41,22,19,富邦-花蓮,2023-09-12,9621
2889,國票金,21,2,19,富邦-花蓮,2023-09-12,9621
4190,佐登-KY,18,0,18,富邦-花蓮,2023-09-12,9621
020022,元大電動車N,16,0,16,富邦-花蓮,2023-09-12,9621
3545,敦泰,16,0,16,富邦-花蓮,2023-09-12,9621
00679B,元大美債20年,15,0,15,富邦-花蓮,2023-09-12,9621
2867,三商壽,15,0,15,富邦-花蓮,2023-09-12,9621
1101,台泥,17,3,14,富邦-花蓮,2023-09-12,9621
8390,金益鼎,13,0,13,富邦-花蓮,2023-09-12,9621
2313,華通,71,58,13,富邦-花蓮,2023-09-12,9621
2405,輔信,44,31,13,富邦-花蓮,2023-09-12,9621
6715,嘉基,18,5,13,富邦-花蓮,2023-09-12,9621
2880,華南金,20,8,12,富邦-花蓮,2023-09-12,9621
2458,義隆,17,5,12,富邦-花蓮,2023-09-12,9621
2382,廣達,57,46,11,富邦-花蓮,2023-09-12,9621
00687B,國泰20年美債,11,0,11,富邦-花蓮,2023-09-12,9621
2206,三陽工業,13,2,11,富邦-花蓮,2023-09-12,9621
00632R,元大台灣50反1,11,0,11,富邦-花蓮,2023-09-12,9621
8076,伍豐,16,5,11,富邦-花蓮,2023-09-12,9621
8215,明基材,11,0,11,富邦-花蓮,2023-09-12,9621
8069,元太,16,5,11,富邦-花蓮,2023-09-12,9621
1104,環泥,10,0,10,富邦-花蓮,2023-09-12,9621
1301,台塑,10,0,10,富邦-花蓮,2023-09-12,9621
2243,宏旭-KY,10,0,10,富邦-花蓮,2023-09-12,9621
2312,金寶,13,3,10,富邦-花蓮,2023-09-12,9621
2323,中環,10,0,10,富邦-花蓮,2023-09-12,9621
2485,兆赫,17,7,10,富邦-花蓮,2023-09-12,9621
2888,新光金,10,0,10,富邦-花蓮,2023-09-12,9621
4561,健椿,10,0,10,富邦-花蓮,2023-09-12,9621
00929,復華台灣科技優息,159,18,141,富邦-花蓮,2023-09-13,9621
00712,復華富時不動產,92,0,92,富邦-花蓮,2023-09-13,9621
00919,群益台灣精選高息,67,8,59,富邦-花蓮,2023-09-13,9621
00673R,期元大S＆P原油反1,58,0,58,富邦-花蓮,2023-09-13,9621
2409,友達,53,0,53,富邦-花蓮,2023-09-13,9621
2618,長榮航,60,18,42,富邦-花蓮,2023-09-13,9621
00900,富邦特選高股息30,34,3,31,富邦-花蓮,2023-09-13,9621
2883,凱基金,26,0,26,富邦-花蓮,2023-09-13,9621
00670L,富邦NASDAQ正2,25,0,25,富邦-花蓮,2023-09-13,9621
2356,英業達,40,17,23,富邦-花蓮,2023-09-13,9621
00931B,統一美債20年,20,0,20,富邦-花蓮,2023-09-13,9621
00885,富邦越南,20,0,20,富邦-花蓮,2023-09-13,9621
2888,新光金,20,1,19,富邦-花蓮,2023-09-13,9621
2890,永豐金,18,1,17,富邦-花蓮,2023-09-13,9621
00902,中信電池及儲能,16,0,16,富邦-花蓮,2023-09-13,9621
1524,耿鼎,46,30,16,富邦-花蓮,2023-09-13,9621
2034,允強,16,0,16,富邦-花蓮,2023-09-13,9621
00751B,元大AAA至A公司債,14,0,14,富邦-花蓮,2023-09-13,9621
6288,聯嘉,18,4,14,富邦-花蓮,2023-09-13,9621
2376,技嘉,42,28,14,富邦-花蓮,2023-09-13,9621
3706,神達,15,2,13,富邦-花蓮,2023-09-13,9621
00923,群益台ESG低碳50,13,0,13,富邦-花蓮,2023-09-13,9621
00679B,元大美債20年,12,0,12,富邦-花蓮,2023-09-13,9621
2313,華通,45,33,12,富邦-花蓮,2023-09-13,9621
3308,聯德,14,2,12,富邦-花蓮,2023-09-13,9621
3322,建舜電,27,15,12,富邦-花蓮,2023-09-13,9621
4739,康普,12,0,12,富邦-花蓮,2023-09-13,9621
00713,元大台灣高息低波,12,1,11,富邦-花蓮,2023-09-13,9621
2312,金寶,12,1,11,富邦-花蓮,2023-09-13,9621
2402,毅嘉,18,7,11,富邦-花蓮,2023-09-13,9621
3481,群創,12,1,11,富邦-花蓮,2023-09-13,9621
00664R,國泰臺灣加權反1,10,0,10,富邦-花蓮,2023-09-13,9621
2353,宏��,15,5,10,富邦-花蓮,2023-09-13,9621
3105,穩懋,10,0,10,富邦-花蓮,2023-09-13,9621
4956,光鋐,10,0,10,富邦-花蓮,2023-09-13,9621
5284,jpp-KY,10,0,10,富邦-花蓮,2023-09-13,9621
6026,福邦證,10,0,10,富邦-花蓮,2023-09-13,9621
5371,中光電,67,57,10,富邦-花蓮,2023-09-13,9621
8096,擎亞,10,0,10,富邦-花蓮,2023-09-13,9621
3037,欣興,18,9,9,富邦-花蓮,2023-09-13,9621
2630,亞航,20,11,9,富邦-花蓮,2023-09-13,9621
3213,茂訊,23,14,9,富邦-花蓮,2023-09-13,9621
3305,昇貿,9,0,9,富邦-花蓮,2023-09-13,9621
3588,通嘉,13,4,9,富邦-花蓮,2023-09-13,9621
8227,巨有科技,9,0,9,富邦-花蓮,2023-09-13,9621
3163,波若威,32,23,9,富邦-花蓮,2023-09-13,9621
2201,裕隆,15,7,8,富邦-花蓮,2023-09-13,9621
1609,大亞,9,1,8,富邦-花蓮,2023-09-13,9621
00893,國泰智能電動車,8,0,8,富邦-花蓮,2023-09-13,9621
1307,三芳,19,11,8,富邦-花蓮,2023-09-13,9621
00919,群益台灣精選高息,265,83,182,富邦-花蓮,2023-09-14,9621
00632R,元大台灣50反1,176,0,176,富邦-花蓮,2023-09-14,9621
2201,裕隆,97,2,95,富邦-花蓮,2023-09-14,9621
6120,達運,121,32,89,富邦-花蓮,2023-09-14,9621
00929,復華台灣科技優息,195,127,68,富邦-花蓮,2023-09-14,9621
3715,定穎投控,67,14,53,富邦-花蓮,2023-09-14,9621
00918,大華優利高填息30,36,0,36,富邦-花蓮,2023-09-14,9621
2408,南亞科,42,10,32,富邦-花蓮,2023-09-14,9621
6016,康和證,30,0,30,富邦-花蓮,2023-09-14,9621
2618,長榮航,56,27,29,富邦-花蓮,2023-09-14,9621
00902,中信電池及儲能,27,0,27,富邦-花蓮,2023-09-14,9621
6288,聯嘉,27,2,25,富邦-花蓮,2023-09-14,9621
3338,泰碩,33,9,24,富邦-花蓮,2023-09-14,9621
3005,神基,24,2,22,富邦-花蓮,2023-09-14,9621
3231,緯創,1002,981,21,富邦-花蓮,2023-09-14,9621
1314,中石化,20,0,20,富邦-花蓮,2023-09-14,9621
2851,中再保,23,3,20,富邦-花蓮,2023-09-14,9621
2888,新光金,25,5,20,富邦-花蓮,2023-09-14,9621
8088,品安,33,13,20,富邦-花蓮,2023-09-14,9621
2852,第一保,17,0,17,富邦-花蓮,2023-09-14,9621
2486,一詮,65,49,16,富邦-花蓮,2023-09-14,9621
00673R,期元大S＆P原油反1,16,0,16,富邦-花蓮,2023-09-14,9621
4979,華星光,24,8,16,富邦-花蓮,2023-09-14,9621
5209,新鼎,16,0,16,富邦-花蓮,2023-09-14,9621
00882,中信中國高股息,15,0,15,富邦-花蓮,2023-09-14,9621
2371,大同,20,5,15,富邦-花蓮,2023-09-14,9621
1471,首利,16,1,15,富邦-花蓮,2023-09-14,9621
00885,富邦越南,14,0,14,富邦-花蓮,2023-09-14,9621
1809,中釉,16,2,14,富邦-花蓮,2023-09-14,9621
2374,佳能,15,2,13,富邦-花蓮,2023-09-14,9621
8390,金益鼎,13,0,13,富邦-花蓮,2023-09-14,9621
2356,英業達,22,9,13,富邦-花蓮,2023-09-14,9621
2630,亞航,25,13,12,富邦-花蓮,2023-09-14,9621
3706,神達,14,2,12,富邦-花蓮,2023-09-14,9621
2329,華泰,14,3,11,富邦-花蓮,2023-09-14,9621
9930,中聯資源,12,1,11,富邦-花蓮,2023-09-14,9621
2332,友訊,11,0,11,富邦-花蓮,2023-09-14,9621
2027,大成鋼,11,0,11,富邦-花蓮,2023-09-14,9621
3322,建舜電,10,0,10,富邦-花蓮,2023-09-14,9621
6509,聚和,11,1,10,富邦-花蓮,2023-09-14,9621
6451,訊芯-KY,15,6,9,富邦-花蓮,2023-09-14,9621
2413,環科,9,0,9,富邦-花蓮,2023-09-14,9621
5452,佶優,10,1,9,富邦-花蓮,2023-09-14,9621
2352,佳世達,15,7,8,富邦-花蓮,2023-09-14,9621
3078,僑威,10,2,8,富邦-花蓮,2023-09-14,9621
3051,力特,11,4,7,富邦-花蓮,2023-09-14,9621
6147,頎邦,7,0,7,富邦-花蓮,2023-09-14,9621
6217,中探針,7,0,7,富邦-花蓮,2023-09-14,9621
00664R,國泰臺灣加權反1,6,0,6,富邦-花蓮,2023-09-14,9621
2323,中環,18,12,6,富邦-花蓮,2023-09-14,9621
00929,復華台灣科技優息,718,100,618,富邦-花蓮,2023-09-15,9621
00919,群益台灣精選高息,125,34,91,富邦-花蓮,2023-09-15,9621
2201,裕隆,96,15,81,富邦-花蓮,2023-09-15,9621
2888,新光金,75,0,75,富邦-花蓮,2023-09-15,9621
2609,陽明,201,131,70,富邦-花蓮,2023-09-15,9621
6257,矽格,76,7,69,富邦-花蓮,2023-09-15,9621
3363,上詮,89,21,68,富邦-花蓮,2023-09-15,9621
00931B,統一美債20年,45,0,45,富邦-花蓮,2023-09-15,9621
2495,普安,41,0,41,富邦-花蓮,2023-09-15,9621
2317,鴻海,39,2,37,富邦-花蓮,2023-09-15,9621
2891,中信金,35,1,34,富邦-花蓮,2023-09-15,9621
2027,大成鋼,47,13,34,富邦-花蓮,2023-09-15,9621
00637L,元大滬深300正2,79,50,29,富邦-花蓮,2023-09-15,9621
8176,智捷,26,0,26,富邦-花蓮,2023-09-15,9621
2002,中鋼,24,0,24,富邦-花蓮,2023-09-15,9621
3702,大聯大,25,1,24,富邦-花蓮,2023-09-15,9621
2329,華泰,27,4,23,富邦-花蓮,2023-09-15,9621
1802,台玻,22,0,22,富邦-花蓮,2023-09-15,9621
00882,中信中國高股息,30,8,22,富邦-花蓮,2023-09-15,9621
2542,興富發,22,1,21,富邦-花蓮,2023-09-15,9621
2618,長榮航,33,13,20,富邦-花蓮,2023-09-15,9621
2462,良得電,20,0,20,富邦-花蓮,2023-09-15,9621
6282,康舒,20,2,18,富邦-花蓮,2023-09-15,9621
3665,貿聯-KY,17,1,16,富邦-花蓮,2023-09-15,9621
5209,新鼎,16,0,16,富邦-花蓮,2023-09-15,9621
4979,華星光,15,0,15,富邦-花蓮,2023-09-15,9621
2374,佳能,15,0,15,富邦-花蓮,2023-09-15,9621
2332,友訊,15,0,15,富邦-花蓮,2023-09-15,9621
2312,金寶,15,1,14,富邦-花蓮,2023-09-15,9621
3078,僑威,21,7,14,富邦-花蓮,2023-09-15,9621
2354,鴻準,19,5,14,富邦-花蓮,2023-09-15,9621
6168,宏齊,15,2,13,富邦-花蓮,2023-09-15,9621
2890,永豐金,13,0,13,富邦-花蓮,2023-09-15,9621
2427,三商電,15,3,12,富邦-花蓮,2023-09-15,9621
2014,中鴻,12,0,12,富邦-花蓮,2023-09-15,9621
2371,大同,12,0,12,富邦-花蓮,2023-09-15,9621
2331,精英,31,20,11,富邦-花蓮,2023-09-15,9621
00679B,元大美債20年,11,0,11,富邦-花蓮,2023-09-15,9621
00751B,元大AAA至A公司債,11,0,11,富邦-花蓮,2023-09-15,9621
2630,亞航,22,11,11,富邦-花蓮,2023-09-15,9621
2892,第一金,14,3,11,富邦-花蓮,2023-09-15,9621
5469,瀚宇博,31,20,11,富邦-花蓮,2023-09-15,9621
3035,智原,60,50,10,富邦-花蓮,2023-09-15,9621
3014,聯陽,17,7,10,富邦-花蓮,2023-09-15,9621
00650L,復華香港正2,10,0,10,富邦-花蓮,2023-09-15,9621
3624,光頡,10,0,10,富邦-花蓮,2023-09-15,9621
00664R,國泰臺灣加權反1,9,0,9,富邦-花蓮,2023-09-15,9621
3380,明泰,11,2,9,富邦-花蓮,2023-09-15,9621
3481,群創,10,1,9,富邦-花蓮,2023-09-15,9621
00918,大華優利高填息30,13,5,8,富邦-花蓮,2023-09-15,9621
00772B,中信高評級公司債,470,0,470,富邦-花蓮,2023-09-18,9621
00929,復華台灣科技優息,414,31,383,富邦-花蓮,2023-09-18,9621
00919,群益台灣精選高息,231,40,191,富邦-花蓮,2023-09-18,9621
00915,凱基優選高股息30,120,0,120,富邦-花蓮,2023-09-18,9621
2363,矽統,164,50,114,富邦-花蓮,2023-09-18,9621
2323,中環,110,0,110,富邦-花蓮,2023-09-18,9621
00921,兆豐龍頭等權重,80,0,80,富邦-花蓮,2023-09-18,9621
00878,國泰永續高股息,83,10,73,富邦-花蓮,2023-09-18,9621
00673R,期元大S＆P原油反1,52,0,52,富邦-花蓮,2023-09-18,9621
3276,宇環,52,1,51,富邦-花蓮,2023-09-18,9621
00687B,國泰20年美債,47,0,47,富邦-花蓮,2023-09-18,9621
00670L,富邦NASDAQ正2,45,0,45,富邦-花蓮,2023-09-18,9621
8088,品安,45,6,39,富邦-花蓮,2023-09-18,9621
00679B,元大美債20年,39,0,39,富邦-花蓮,2023-09-18,9621
2330,台積電,34,0,34,富邦-花蓮,2023-09-18,9621
00931B,統一美債20年,28,0,28,富邦-花蓮,2023-09-18,9621
00893,國泰智能電動車,32,5,27,富邦-花蓮,2023-09-18,9621
00751B,元大AAA至A公司債,27,0,27,富邦-花蓮,2023-09-18,9621
00932,兆豐永續高息等權,31,5,26,富邦-花蓮,2023-09-18,9621
3078,僑威,29,3,26,富邦-花蓮,2023-09-18,9621
1609,大亞,24,1,23,富邦-花蓮,2023-09-18,9621
2356,英業達,39,16,23,富邦-花蓮,2023-09-18,9621
2367,燿華,44,23,21,富邦-花蓮,2023-09-18,9621
3231,緯創,501,481,20,富邦-花蓮,2023-09-18,9621
00891,中信關鍵半導體,30,11,19,富邦-花蓮,2023-09-18,9621
2382,廣達,28,10,18,富邦-花蓮,2023-09-18,9621
2027,大成鋼,26,9,17,富邦-花蓮,2023-09-18,9621
2399,映泰,20,3,17,富邦-花蓮,2023-09-18,9621
00888,永豐台灣ESG,17,0,17,富邦-花蓮,2023-09-18,9621
2201,裕隆,18,2,16,富邦-花蓮,2023-09-18,9621
5340,建榮,16,0,16,富邦-花蓮,2023-09-18,9621
00918,大華優利高填息30,15,0,15,富邦-花蓮,2023-09-18,9621
2014,中鴻,21,7,14,富邦-花蓮,2023-09-18,9621
2313,華通,87,73,14,富邦-花蓮,2023-09-18,9621
2617,台航,17,3,14,富邦-花蓮,2023-09-18,9621
5469,瀚宇博,14,0,14,富邦-花蓮,2023-09-18,9621
6274,台燿,23,9,14,富邦-花蓮,2023-09-18,9621
3037,欣興,25,11,14,富邦-花蓮,2023-09-18,9621
2838,聯邦銀,13,0,13,富邦-花蓮,2023-09-18,9621
4142,國光生,13,0,13,富邦-花蓮,2023-09-18,9621
6792,詠業,13,0,13,富邦-花蓮,2023-09-18,9621
00882,中信中國高股息,13,0,13,富邦-花蓮,2023-09-18,9621
2449,京元電子,17,6,11,富邦-花蓮,2023-09-18,9621
6449,鈺邦,11,0,11,富邦-花蓮,2023-09-18,9621
6282,康舒,22,12,10,富邦-花蓮,2023-09-18,9621
5880,合庫金,10,0,10,富邦-花蓮,2023-09-18,9621
1584,精剛,15,5,10,富邦-花蓮,2023-09-18,9621
2417,圓剛,11,1,10,富邦-花蓮,2023-09-18,9621
2498,宏達電,15,5,10,富邦-花蓮,2023-09-18,9621
2820,華票,10,0,10,富邦-花蓮,2023-09-18,9621
00929,復華台灣科技優息,195,79,116,富邦-花蓮,2023-09-19,9621
00919,群益台灣精選高息,116,45,71,富邦-花蓮,2023-09-19,9621
3481,群創,72,5,67,富邦-花蓮,2023-09-19,9621
00877,復華中國5G,50,0,50,富邦-花蓮,2023-09-19,9621
4979,華星光,43,9,34,富邦-花蓮,2023-09-19,9621
2356,英業達,42,10,32,富邦-花蓮,2023-09-19,9621
2324,仁寶,34,3,31,富邦-花蓮,2023-09-19,9621
3231,緯創,298,271,27,富邦-花蓮,2023-09-19,9621
3059,華晶科,27,0,27,富邦-花蓮,2023-09-19,9621
4120,友華,26,1,25,富邦-花蓮,2023-09-19,9621
00712,復華富時不動產,30,5,25,富邦-花蓮,2023-09-19,9621
0056,元大高股息,25,3,22,富邦-花蓮,2023-09-19,9621
2330,台積電,22,1,21,富邦-花蓮,2023-09-19,9621
3706,神達,36,15,21,富邦-花蓮,2023-09-19,9621
00720B,元大投資級公司債,20,0,20,富邦-花蓮,2023-09-19,9621
6161,捷波,20,0,20,富邦-花蓮,2023-09-19,9621
8049,晶采,20,0,20,富邦-花蓮,2023-09-19,9621
00878,國泰永續高股息,40,23,17,富邦-花蓮,2023-09-19,9621
5209,新鼎,17,0,17,富邦-花蓮,2023-09-19,9621
00673R,期元大S＆P原油反1,26,10,16,富邦-花蓮,2023-09-19,9621
2610,華航,30,15,15,富邦-花蓮,2023-09-19,9621
8027,鈦昇,16,1,15,富邦-花蓮,2023-09-19,9621
6901,鑽石投資,20,6,14,富邦-花蓮,2023-09-19,9621
00921,兆豐龍頭等權重,13,0,13,富邦-花蓮,2023-09-19,9621
6156,松上,14,1,13,富邦-花蓮,2023-09-19,9621
2204,中華,15,4,11,富邦-花蓮,2023-09-19,9621
2392,正崴,11,0,11,富邦-花蓮,2023-09-19,9621
2402,毅嘉,22,11,11,富邦-花蓮,2023-09-19,9621
4128,中天,11,0,11,富邦-花蓮,2023-09-19,9621
5706,鳳凰,11,0,11,富邦-花蓮,2023-09-19,9621
2331,精英,32,22,10,富邦-花蓮,2023-09-19,9621
00881,國泰台灣5G+,13,3,10,富邦-花蓮,2023-09-19,9621
1522,堤維西,23,13,10,富邦-花蓮,2023-09-19,9621
1795,美時,12,2,10,富邦-花蓮,2023-09-19,9621
2369,菱生,10,0,10,富邦-花蓮,2023-09-19,9621
3058,立德,10,0,10,富邦-花蓮,2023-09-19,9621
4916,事欣科,10,0,10,富邦-花蓮,2023-09-19,9621
5465,富驊,10,0,10,富邦-花蓮,2023-09-19,9621
6829,千附精密,11,1,10,富邦-花蓮,2023-09-19,9621
6213,聯茂,13,3,10,富邦-花蓮,2023-09-19,9621
3035,智原,25,15,10,富邦-花蓮,2023-09-19,9621
8050,廣積,11,2,9,富邦-花蓮,2023-09-19,9621
2745,五福,9,0,9,富邦-花蓮,2023-09-19,9621
6120,達運,10,1,9,富邦-花蓮,2023-09-19,9621
6125,廣運,18,9,9,富邦-花蓮,2023-09-19,9621
00918,大華優利高填息30,8,0,8,富邦-花蓮,2023-09-19,9621
00922,國泰台灣領袖50,8,0,8,富邦-花蓮,2023-09-19,9621
2355,敬鵬,8,0,8,富邦-花蓮,2023-09-19,9621
2486,一詮,10,2,8,富邦-花蓮,2023-09-19,9621
8227,巨有科技,8,0,8,富邦-花蓮,2023-09-19,9621
00929,復華台灣科技優息,502,132,370,富邦-花蓮,2023-09-20,9621
00919,群益台灣精選高息,176,4,172,富邦-花蓮,2023-09-20,9621
0056,元大高股息,112,15,97,富邦-花蓮,2023-09-20,9621
2888,新光金,50,1,49,富邦-花蓮,2023-09-20,9621
2449,京元電子,56,7,49,富邦-花蓮,2023-09-20,9621
2208,台船,45,9,36,富邦-花蓮,2023-09-20,9621
3715,定穎投控,165,132,33,富邦-花蓮,2023-09-20,9621
00882,中信中國高股息,32,0,32,富邦-花蓮,2023-09-20,9621
2641,正德,47,17,30,富邦-花蓮,2023-09-20,9621
2367,燿華,87,57,30,富邦-花蓮,2023-09-20,9621
2344,華邦電,30,2,28,富邦-花蓮,2023-09-20,9621
2332,友訊,38,11,27,富邦-花蓮,2023-09-20,9621
2330,台積電,26,0,26,富邦-花蓮,2023-09-20,9621
3037,欣興,36,13,23,富邦-花蓮,2023-09-20,9621
00921,兆豐龍頭等權重,22,0,22,富邦-花蓮,2023-09-20,9621
6156,松上,21,1,20,富邦-花蓮,2023-09-20,9621
2317,鴻海,19,0,19,富邦-花蓮,2023-09-20,9621
00932,兆豐永續高息等權,22,5,17,富邦-花蓮,2023-09-20,9621
2883,凱基金,23,6,17,富邦-花蓮,2023-09-20,9621
00881,國泰台灣5G+,17,0,17,富邦-花蓮,2023-09-20,9621
5209,新鼎,17,0,17,富邦-花蓮,2023-09-20,9621
3481,群創,39,23,16,富邦-花蓮,2023-09-20,9621
2881,富邦金,16,0,16,富邦-花蓮,2023-09-20,9621
3264,欣銓,41,25,16,富邦-花蓮,2023-09-20,9621
2892,第一金,16,1,15,富邦-花蓮,2023-09-20,9621
6792,詠業,15,0,15,富邦-花蓮,2023-09-20,9621
1101,台泥,15,0,15,富邦-花蓮,2023-09-20,9621
2201,裕隆,29,15,14,富邦-花蓮,2023-09-20,9621
00679B,元大美債20年,13,0,13,富邦-花蓮,2023-09-20,9621
1308,亞聚,12,0,12,富邦-花蓮,2023-09-20,9621
2363,矽統,62,51,11,富邦-花蓮,2023-09-20,9621
3122,笙泉,15,4,11,富邦-花蓮,2023-09-20,9621
8930,青鋼,11,0,11,富邦-花蓮,2023-09-20,9621
2002,中鋼,13,2,11,富邦-花蓮,2023-09-20,9621
2834,臺企銀,11,0,11,富邦-花蓮,2023-09-20,9621
1307,三芳,11,1,10,富邦-花蓮,2023-09-20,9621
5475,德宏,10,0,10,富邦-花蓮,2023-09-20,9621
5511,德昌,10,0,10,富邦-花蓮,2023-09-20,9621
2885,元大金,11,1,10,富邦-花蓮,2023-09-20,9621
2630,亞航,13,4,9,富邦-花蓮,2023-09-20,9621
2376,技嘉,66,57,9,富邦-花蓮,2023-09-20,9621
2027,大成鋼,12,3,9,富邦-花蓮,2023-09-20,9621
3706,神達,42,34,8,富邦-花蓮,2023-09-20,9621
2352,佳世達,8,0,8,富邦-花蓮,2023-09-20,9621
2618,長榮航,79,71,8,富邦-花蓮,2023-09-20,9621
6191,精成科,10,2,8,富邦-花蓮,2023-09-20,9621
3042,晶技,8,0,8,富邦-花蓮,2023-09-20,9621
2913,農林,7,0,7,富邦-花蓮,2023-09-20,9621
3338,泰碩,21,14,7,富邦-花蓮,2023-09-20,9621
6257,矽格,12,5,7,富邦-花蓮,2023-09-20,9621
00929,復華台灣科技優息,303,96,207,富邦-花蓮,2023-09-21,9621
00919,群益台灣精選高息,127,4,123,富邦-花蓮,2023-09-21,9621
00878,國泰永續高股息,115,14,101,富邦-花蓮,2023-09-21,9621
00915,凱基優選高股息30,91,1,90,富邦-花蓮,2023-09-21,9621
00932,兆豐永續高息等權,77,0,77,富邦-花蓮,2023-09-21,9621
3689,湧德,46,0,46,富邦-花蓮,2023-09-21,9621
00881,國泰台灣5G+,45,0,45,富邦-花蓮,2023-09-21,9621
2888,新光金,41,0,41,富邦-花蓮,2023-09-21,9621
2330,台積電,44,7,37,富邦-花蓮,2023-09-21,9621
2834,臺企銀,36,0,36,富邦-花蓮,2023-09-21,9621
5209,新鼎,33,0,33,富邦-花蓮,2023-09-21,9621
00671R,富邦NASDAQ反1,32,0,32,富邦-花蓮,2023-09-21,9621
00931B,統一美債20年,32,0,32,富邦-花蓮,2023-09-21,9621
2367,燿華,37,5,32,富邦-花蓮,2023-09-21,9621
2891,中信金,31,0,31,富邦-花蓮,2023-09-21,9621
00900,富邦特選高股息30,37,6,31,富邦-花蓮,2023-09-21,9621
2610,華航,31,3,28,富邦-花蓮,2023-09-21,9621
0056,元大高股息,52,25,27,富邦-花蓮,2023-09-21,9621
2884,玉山金,27,0,27,富邦-花蓮,2023-09-21,9621
1101,台泥,27,0,27,富邦-花蓮,2023-09-21,9621
2002,中鋼,24,1,23,富邦-花蓮,2023-09-21,9621
2409,友達,22,0,22,富邦-花蓮,2023-09-21,9621
00882,中信中國高股息,22,0,22,富邦-花蓮,2023-09-21,9621
2356,英業達,41,21,20,富邦-花蓮,2023-09-21,9621
1802,台玻,20,0,20,富邦-花蓮,2023-09-21,9621
2820,華票,20,0,20,富邦-花蓮,2023-09-21,9621
2881,富邦金,20,0,20,富邦-花蓮,2023-09-21,9621
2890,永豐金,20,1,19,富邦-花蓮,2023-09-21,9621
2634,漢翔,22,3,19,富邦-花蓮,2023-09-21,9621
0050,元大台灣50,19,0,19,富邦-花蓮,2023-09-21,9621
2887,台新金,16,0,16,富邦-花蓮,2023-09-21,9621
00902,中信電池及儲能,16,0,16,富邦-花蓮,2023-09-21,9621
2344,華邦電,15,0,15,富邦-花蓮,2023-09-21,9621
5258,虹堡,15,0,15,富邦-花蓮,2023-09-21,9621
6168,宏齊,16,1,15,富邦-花蓮,2023-09-21,9621
00713,元大台灣高息低波,16,1,15,富邦-花蓮,2023-09-21,9621
2883,凱基金,24,10,14,富邦-花蓮,2023-09-21,9621
00923,群益台ESG低碳50,13,0,13,富邦-花蓮,2023-09-21,9621
5880,合庫金,13,0,13,富邦-花蓮,2023-09-21,9621
2892,第一金,13,0,13,富邦-花蓮,2023-09-21,9621
00679B,元大美債20年,18,5,13,富邦-花蓮,2023-09-21,9621
1514,亞力,14,1,13,富邦-花蓮,2023-09-21,9621
2312,金寶,13,0,13,富邦-花蓮,2023-09-21,9621
2603,長榮,24,11,13,富邦-花蓮,2023-09-21,9621
00670L,富邦NASDAQ正2,14,2,12,富邦-花蓮,2023-09-21,9621
2485,兆赫,13,1,12,富邦-花蓮,2023-09-21,9621
2851,中再保,14,2,12,富邦-花蓮,2023-09-21,9621
00888,永豐台灣ESG,23,12,11,富邦-花蓮,2023-09-21,9621
2104,國際中橡,11,0,11,富邦-花蓮,2023-09-21,9621
2612,中航,14,3,11,富邦-花蓮,2023-09-21,9621
00772B,中信高評級公司債,1025,0,1025,富邦-花蓮,2023-09-22,9621
00919,群益台灣精選高息,102,10,92,富邦-花蓮,2023-09-22,9621
00931B,統一美債20年,92,6,86,富邦-花蓮,2023-09-22,9621
2891,中信金,83,10,73,富邦-花蓮,2023-09-22,9621
00712,復華富時不動產,68,0,68,富邦-花蓮,2023-09-22,9621
00680L,元大美債20正2,66,0,66,富邦-花蓮,2023-09-22,9621
00632R,元大台灣50反1,116,57,59,富邦-花蓮,2023-09-22,9621
00679B,元大美債20年,62,7,55,富邦-花蓮,2023-09-22,9621
00751B,元大AAA至A公司債,53,0,53,富邦-花蓮,2023-09-22,9621
2330,台積電,77,26,51,富邦-花蓮,2023-09-22,9621
6223,旺矽,41,3,38,富邦-花蓮,2023-09-22,9621
00673R,期元大S＆P原油反1,30,0,30,富邦-花蓮,2023-09-22,9621
00929,復華台灣科技優息,55,27,28,富邦-花蓮,2023-09-22,9621
00650L,復華香港正2,30,5,25,富邦-花蓮,2023-09-22,9621
1101,台泥,26,5,21,富邦-花蓮,2023-09-22,9621
2834,臺企銀,21,0,21,富邦-花蓮,2023-09-22,9621
00893,國泰智能電動車,18,0,18,富邦-花蓮,2023-09-22,9621
3615,安可,18,0,18,富邦-花蓮,2023-09-22,9621
00720B,元大投資級公司債,20,2,18,富邦-花蓮,2023-09-22,9621
2883,凱基金,20,3,17,富邦-花蓮,2023-09-22,9621
00676R,富邦臺灣加權反1,15,0,15,富邦-花蓮,2023-09-22,9621
2637,慧洋-KY,17,2,15,富邦-花蓮,2023-09-22,9621
00881,國泰台灣5G+,17,3,14,富邦-花蓮,2023-09-22,9621
3373,熱映,14,0,14,富邦-花蓮,2023-09-22,9621
2888,新光金,14,0,14,富邦-花蓮,2023-09-22,9621
4138,曜亞,13,1,12,富邦-花蓮,2023-09-22,9621
00888,永豐台灣ESG,12,0,12,富邦-花蓮,2023-09-22,9621
4142,國光生,14,2,12,富邦-花蓮,2023-09-22,9621
00885,富邦越南,21,10,11,富邦-花蓮,2023-09-22,9621
00902,中信電池及儲能,12,1,11,富邦-花蓮,2023-09-22,9621
2885,元大金,16,5,11,富邦-花蓮,2023-09-22,9621
2890,永豐金,11,0,11,富邦-花蓮,2023-09-22,9621
6285,啟��,15,4,11,富邦-花蓮,2023-09-22,9621
2002,中鋼,12,2,10,富邦-花蓮,2023-09-22,9621
2468,華經,15,5,10,富邦-花蓮,2023-09-22,9621
2881,富邦金,10,0,10,富邦-花蓮,2023-09-22,9621
00725B,國泰投資級公司債,10,0,10,富邦-花蓮,2023-09-22,9621
2489,瑞軒,10,0,10,富邦-花蓮,2023-09-22,9621
2329,華泰,25,16,9,富邦-花蓮,2023-09-22,9621
2542,興富發,9,0,9,富邦-花蓮,2023-09-22,9621
00895,富邦未來車,10,2,8,富邦-花蓮,2023-09-22,9621
2027,大成鋼,11,3,8,富邦-花蓮,2023-09-22,9621
2317,鴻海,13,5,8,富邦-花蓮,2023-09-22,9621
6213,聯茂,27,19,8,富邦-花蓮,2023-09-22,9621
2303,聯電,8,1,7,富邦-花蓮,2023-09-22,9621
00764B,群益25年美債,7,0,7,富邦-花蓮,2023-09-22,9621
6190,萬泰科,8,1,7,富邦-花蓮,2023-09-22,9621
2892,第一金,10,4,6,富邦-花蓮,2023-09-22,9621
1216,統一,6,0,6,富邦-花蓮,2023-09-22,9621
00795B,中信美國公債20年,7,1,6,富邦-花蓮,2023-09-22,9621
2610,華航,145,51,94,富邦-花蓮,2023-09-25,9621
00929,復華台灣科技優息,106,30,76,富邦-花蓮,2023-09-25,9621
2891,中信金,66,2,64,富邦-花蓮,2023-09-25,9621
2618,長榮航,74,12,62,富邦-花蓮,2023-09-25,9621
00892,富邦台灣半導體,49,1,48,富邦-花蓮,2023-09-25,9621
2363,矽統,58,17,41,富邦-花蓮,2023-09-25,9621
1504,東元,35,2,33,富邦-花蓮,2023-09-25,9621
1101,台泥,29,0,29,富邦-花蓮,2023-09-25,9621
00680L,元大美債20正2,30,2,28,富邦-花蓮,2023-09-25,9621
2002,中鋼,24,1,23,富邦-花蓮,2023-09-25,9621
2486,一詮,22,1,21,富邦-花蓮,2023-09-25,9621
00882,中信中國高股息,20,0,20,富邦-花蓮,2023-09-25,9621
1810,和成,20,0,20,富邦-花蓮,2023-09-25,9621
00712,復華富時不動產,19,0,19,富邦-花蓮,2023-09-25,9621
00919,群益台灣精選高息,31,13,18,富邦-花蓮,2023-09-25,9621
3706,神達,34,16,18,富邦-花蓮,2023-09-25,9621
3363,上詮,34,17,17,富邦-花蓮,2023-09-25,9621
6213,聯茂,54,37,17,富邦-花蓮,2023-09-25,9621
1809,中釉,16,0,16,富邦-花蓮,2023-09-25,9621
2542,興富發,17,1,16,富邦-花蓮,2023-09-25,9621
2421,建準,28,12,16,富邦-花蓮,2023-09-25,9621
00670L,富邦NASDAQ正2,15,0,15,富邦-花蓮,2023-09-25,9621
1455,集盛,15,0,15,富邦-花蓮,2023-09-25,9621
1524,耿鼎,19,4,15,富邦-花蓮,2023-09-25,9621
2436,偉詮電,14,0,14,富邦-花蓮,2023-09-25,9621
2515,中工,14,0,14,富邦-花蓮,2023-09-25,9621
00902,中信電池及儲能,14,0,14,富邦-花蓮,2023-09-25,9621
3035,智原,26,13,13,富邦-花蓮,2023-09-25,9621
00679B,元大美債20年,12,0,12,富邦-花蓮,2023-09-25,9621
1503,士電,12,1,11,富邦-花蓮,2023-09-25,9621
2344,華邦電,11,0,11,富邦-花蓮,2023-09-25,9621
2367,燿華,24,13,11,富邦-花蓮,2023-09-25,9621
2449,京元電子,20,9,11,富邦-花蓮,2023-09-25,9621
6568,宏觀,13,2,11,富邦-花蓮,2023-09-25,9621
00665L,富邦�琤肭磪囓�2,74,64,10,富邦-花蓮,2023-09-25,9621
1217,愛之味,10,0,10,富邦-花蓮,2023-09-25,9621
2388,威盛,28,18,10,富邦-花蓮,2023-09-25,9621
6223,旺矽,10,0,10,富邦-花蓮,2023-09-25,9621
3037,欣興,12,3,9,富邦-花蓮,2023-09-25,9621
1584,精剛,24,15,9,富邦-花蓮,2023-09-25,9621
2834,臺企銀,10,1,9,富邦-花蓮,2023-09-25,9621
3013,晟銘電,12,3,9,富邦-花蓮,2023-09-25,9621
3051,力特,38,29,9,富邦-花蓮,2023-09-25,9621
6282,康舒,13,5,8,富邦-花蓮,2023-09-25,9621
6841,長佳智能,8,0,8,富邦-花蓮,2023-09-25,9621
2882,國泰金,8,0,8,富邦-花蓮,2023-09-25,9621
2881,富邦金,8,1,7,富邦-花蓮,2023-09-25,9621
00888,永豐台灣ESG,7,0,7,富邦-花蓮,2023-09-25,9621
1471,首利,7,0,7,富邦-花蓮,2023-09-25,9621
3036,文曄,8,1,7,富邦-花蓮,2023-09-25,9621
00772B,中信高評級公司債,418,0,418,富邦-花蓮,2023-09-26,9621
00929,復華台灣科技優息,142,14,128,富邦-花蓮,2023-09-26,9621
00679B,元大美債20年,130,2,128,富邦-花蓮,2023-09-26,9621
1524,耿鼎,99,27,72,富邦-花蓮,2023-09-26,9621
2891,中信金,57,2,55,富邦-花蓮,2023-09-26,9621
00919,群益台灣精選高息,55,1,54,富邦-花蓮,2023-09-26,9621
2605,新興,32,2,30,富邦-花蓮,2023-09-26,9621
3481,群創,29,1,28,富邦-花蓮,2023-09-26,9621
2201,裕隆,32,6,26,富邦-花蓮,2023-09-26,9621
00885,富邦越南,25,0,25,富邦-花蓮,2023-09-26,9621
0056,元大高股息,29,4,25,富邦-花蓮,2023-09-26,9621
2881,富邦金,25,0,25,富邦-花蓮,2023-09-26,9621
00931B,統一美債20年,24,0,24,富邦-花蓮,2023-09-26,9621
2206,三陽工業,25,2,23,富邦-花蓮,2023-09-26,9621
2303,聯電,27,5,22,富邦-花蓮,2023-09-26,9621
2344,華邦電,23,1,22,富邦-花蓮,2023-09-26,9621
00932,兆豐永續高息等權,20,0,20,富邦-花蓮,2023-09-26,9621
00671R,富邦NASDAQ反1,20,0,20,富邦-花蓮,2023-09-26,9621
3379,彬台,20,0,20,富邦-花蓮,2023-09-26,9621
4906,正文,20,0,20,富邦-花蓮,2023-09-26,9621
5460,同協,20,0,20,富邦-花蓮,2023-09-26,9621
9904,寶成,20,0,20,富邦-花蓮,2023-09-26,9621
2104,國際中橡,30,12,18,富邦-花蓮,2023-09-26,9621
3338,泰碩,38,20,18,富邦-花蓮,2023-09-26,9621
6274,台燿,35,17,18,富邦-花蓮,2023-09-26,9621
1101,台泥,18,1,17,富邦-花蓮,2023-09-26,9621
2801,彰銀,16,0,16,富邦-花蓮,2023-09-26,9621
00751B,元大AAA至A公司債,15,0,15,富邦-花蓮,2023-09-26,9621
00720B,元大投資級公司債,15,0,15,富邦-花蓮,2023-09-26,9621
8088,品安,18,3,15,富邦-花蓮,2023-09-26,9621
2330,台積電,16,2,14,富邦-花蓮,2023-09-26,9621
1522,堤維西,35,21,14,富邦-花蓮,2023-09-26,9621
00725B,國泰投資級公司債,13,0,13,富邦-花蓮,2023-09-26,9621
6271,同欣電,22,9,13,富邦-花蓮,2023-09-26,9621
1504,東元,49,36,13,富邦-花蓮,2023-09-26,9621
2371,大同,23,11,12,富邦-花蓮,2023-09-26,9621
2486,一詮,15,3,12,富邦-花蓮,2023-09-26,9621
3483,力致,13,1,12,富邦-花蓮,2023-09-26,9621
2317,鴻海,18,6,12,富邦-花蓮,2023-09-26,9621
0050,元大台灣50,12,0,12,富邦-花蓮,2023-09-26,9621
00713,元大台灣高息低波,12,1,11,富邦-花蓮,2023-09-26,9621
00878,國泰永續高股息,29,18,11,富邦-花蓮,2023-09-26,9621
3707,漢磊,10,0,10,富邦-花蓮,2023-09-26,9621
2883,凱基金,14,4,10,富邦-花蓮,2023-09-26,9621
00648R,元大S＆P500反1,10,0,10,富邦-花蓮,2023-09-26,9621
00764B,群益25年美債,10,0,10,富邦-花蓮,2023-09-26,9621
00907,永豐優息存股,10,0,10,富邦-花蓮,2023-09-26,9621
2022,聚亨,10,0,10,富邦-花蓮,2023-09-26,9621
2353,宏��,11,1,10,富邦-花蓮,2023-09-26,9621
4157,太景*-KY,10,0,10,富邦-花蓮,2023-09-26,9621
00673R,期元大S＆P原油反1,108,0,108,富邦-花蓮,2023-09-27,9621
00919,群益台灣精選高息,83,0,83,富邦-花蓮,2023-09-27,9621
00929,復華台灣科技優息,96,26,70,富邦-花蓮,2023-09-27,9621
1314,中石化,62,0,62,富邦-花蓮,2023-09-27,9621
2002,中鋼,87,38,49,富邦-花蓮,2023-09-27,9621
00885,富邦越南,44,0,44,富邦-花蓮,2023-09-27,9621
00932,兆豐永續高息等權,39,1,38,富邦-花蓮,2023-09-27,9621
1802,台玻,33,0,33,富邦-花蓮,2023-09-27,9621
2337,旺宏,36,8,28,富邦-花蓮,2023-09-27,9621
00713,元大台灣高息低波,27,0,27,富邦-花蓮,2023-09-27,9621
00720B,元大投資級公司債,27,0,27,富邦-花蓮,2023-09-27,9621
2605,新興,39,15,24,富邦-花蓮,2023-09-27,9621
8420,明揚,34,14,20,富邦-花蓮,2023-09-27,9621
4142,國光生,19,0,19,富邦-花蓮,2023-09-27,9621
1513,中興電,26,8,18,富邦-花蓮,2023-09-27,9621
2312,金寶,17,0,17,富邦-花蓮,2023-09-27,9621
2313,華通,29,12,17,富邦-花蓮,2023-09-27,9621
00679B,元大美債20年,16,0,16,富邦-花蓮,2023-09-27,9621
3548,兆利,26,11,15,富邦-花蓮,2023-09-27,9621
6120,達運,16,1,15,富邦-花蓮,2023-09-27,9621
3078,僑威,14,0,14,富邦-花蓮,2023-09-27,9621
2891,中信金,14,1,13,富邦-花蓮,2023-09-27,9621
00878,國泰永續高股息,33,20,13,富邦-花蓮,2023-09-27,9621
2014,中鴻,17,4,13,富邦-花蓮,2023-09-27,9621
1618,合機,52,40,12,富邦-花蓮,2023-09-27,9621
2883,凱基金,13,1,12,富邦-花蓮,2023-09-27,9621
00931B,統一美債20年,12,0,12,富邦-花蓮,2023-09-27,9621
6122,擎邦,20,8,12,富邦-花蓮,2023-09-27,9621
2355,敬鵬,12,1,11,富邦-花蓮,2023-09-27,9621
2441,超豐,11,0,11,富邦-花蓮,2023-09-27,9621
8176,智捷,11,0,11,富邦-花蓮,2023-09-27,9621
9904,寶成,11,0,11,富邦-花蓮,2023-09-27,9621
2330,台積電,11,0,11,富邦-花蓮,2023-09-27,9621
2303,聯電,23,12,11,富邦-花蓮,2023-09-27,9621
00641R,富邦日本反1,10,0,10,富邦-花蓮,2023-09-27,9621
00882,中信中國高股息,10,0,10,富邦-花蓮,2023-09-27,9621
2485,兆赫,10,0,10,富邦-花蓮,2023-09-27,9621
2834,臺企銀,10,0,10,富邦-花蓮,2023-09-27,9621
8996,高力,13,3,10,富邦-花蓮,2023-09-27,9621
3042,晶技,9,1,8,富邦-花蓮,2023-09-27,9621
3704,合勤控,8,0,8,富邦-花蓮,2023-09-27,9621
4906,正文,9,1,8,富邦-花蓮,2023-09-27,9621
2382,廣達,39,32,7,富邦-花蓮,2023-09-27,9621
1720,生達,7,0,7,富邦-花蓮,2023-09-27,9621
5425,台半,8,1,7,富邦-花蓮,2023-09-27,9621
5469,瀚宇博,9,2,7,富邦-花蓮,2023-09-27,9621
3264,欣銓,6,0,6,富邦-花蓮,2023-09-27,9621
5880,合庫金,7,1,6,富邦-花蓮,2023-09-27,9621
1605,華新,6,0,6,富邦-花蓮,2023-09-27,9621
00830,國泰費城半導體,6,0,6,富邦-花蓮,2023-09-27,9621
00720B,元大投資級公司債,85,2,83,富邦-花蓮,2023-09-28,9621
00929,復華台灣科技優息,88,7,81,富邦-花蓮,2023-09-28,9621
2363,矽統,146,72,74,富邦-花蓮,2023-09-28,9621
2002,中鋼,85,14,71,富邦-花蓮,2023-09-28,9621
00712,復華富時不動產,71,0,71,富邦-花蓮,2023-09-28,9621
00679B,元大美債20年,51,0,51,富邦-花蓮,2023-09-28,9621
00900,富邦特選高股息30,51,2,49,富邦-花蓮,2023-09-28,9621
2618,長榮航,42,0,42,富邦-花蓮,2023-09-28,9621
3011,今皓,38,0,38,富邦-花蓮,2023-09-28,9621
3231,緯創,825,791,34,富邦-花蓮,2023-09-28,9621
2337,旺宏,31,0,31,富邦-花蓮,2023-09-28,9621
2313,華通,34,7,27,富邦-花蓮,2023-09-28,9621
2344,華邦電,26,0,26,富邦-花蓮,2023-09-28,9621
00642U,期元大S＆P石油,30,5,25,富邦-花蓮,2023-09-28,9621
00753L,中信中國50正2,26,1,25,富邦-花蓮,2023-09-28,9621
2324,仁寶,24,1,23,富邦-花蓮,2023-09-28,9621
2367,燿華,30,7,23,富邦-花蓮,2023-09-28,9621
2408,南亞科,23,1,22,富邦-花蓮,2023-09-28,9621
00665L,富邦�琤肭磪囓�2,96,74,22,富邦-花蓮,2023-09-28,9621
2317,鴻海,23,2,21,富邦-花蓮,2023-09-28,9621
6122,擎邦,26,5,21,富邦-花蓮,2023-09-28,9621
2421,建準,21,2,19,富邦-花蓮,2023-09-28,9621
2890,永豐金,22,3,19,富邦-花蓮,2023-09-28,9621
00919,群益台灣精選高息,33,17,16,富邦-花蓮,2023-09-28,9621
4142,國光生,15,0,15,富邦-花蓮,2023-09-28,9621
2377,微星,14,0,14,富邦-花蓮,2023-09-28,9621
00772B,中信高評級公司債,15,0,15,富邦-花蓮,2023-09-28,9621
2610,華航,75,61,14,富邦-花蓮,2023-09-28,9621
00687B,國泰20年美債,13,0,13,富邦-花蓮,2023-09-28,9621
2605,新興,14,1,13,富邦-花蓮,2023-09-28,9621
3032,偉訓,28,16,12,富邦-花蓮,2023-09-28,9621
00932,兆豐永續高息等權,12,0,12,富邦-花蓮,2023-09-28,9621
5465,富驊,13,1,12,富邦-花蓮,2023-09-28,9621
6285,啟��,13,1,12,富邦-花蓮,2023-09-28,9621
00757,統一FANG+,11,0,11,富邦-花蓮,2023-09-28,9621
00931B,統一美債20年,11,0,11,富邦-花蓮,2023-09-28,9621
1612,宏泰,13,2,11,富邦-花蓮,2023-09-28,9621
2634,漢翔,11,0,11,富邦-花蓮,2023-09-28,9621
2014,中鴻,11,0,11,富邦-花蓮,2023-09-28,9621
2409,友達,20,10,10,富邦-花蓮,2023-09-28,9621
00641R,富邦日本反1,10,0,10,富邦-花蓮,2023-09-28,9621
00671R,富邦NASDAQ反1,10,0,10,富邦-花蓮,2023-09-28,9621
00670L,富邦NASDAQ正2,10,0,10,富邦-花蓮,2023-09-28,9621
00648R,元大S＆P500反1,10,0,10,富邦-花蓮,2023-09-28,9621
2201,裕隆,12,2,10,富邦-花蓮,2023-09-28,9621
2449,京元電子,13,3,10,富邦-花蓮,2023-09-28,9621
5426,振發,11,1,10,富邦-花蓮,2023-09-28,9621
8938,明安,12,2,10,富邦-花蓮,2023-09-28,9621
2027,大成鋼,10,1,9,富邦-花蓮,2023-09-28,9621
2609,陽明,9,0,9,富邦-花蓮,2023-09-28,9621
00772B,中信高評級公司債,121,0,121,富邦-花蓮,2023-10-02,9621
2363,矽統,262,162,100,富邦-花蓮,2023-10-02,9621
00929,復華台灣科技優息,77,27,50,富邦-花蓮,2023-10-02,9621
00931B,統一美債20年,42,0,42,富邦-花蓮,2023-10-02,9621
00679B,元大美債20年,38,0,38,富邦-花蓮,2023-10-02,9621
2618,長榮航,43,7,36,富邦-花蓮,2023-10-02,9621
2834,臺企銀,36,0,36,富邦-花蓮,2023-10-02,9621
2852,第一保,35,0,35,富邦-花蓮,2023-10-02,9621
2356,英業達,76,44,32,富邦-花蓮,2023-10-02,9621
5533,皇鼎,30,0,30,富邦-花蓮,2023-10-02,9621
2337,旺宏,28,0,28,富邦-花蓮,2023-10-02,9621
1102,亞泥,27,0,27,富邦-花蓮,2023-10-02,9621
2617,台航,25,0,25,富邦-花蓮,2023-10-02,9621
2634,漢翔,24,0,24,富邦-花蓮,2023-10-02,9621
2206,三陽工業,27,6,21,富邦-花蓮,2023-10-02,9621
2816,旺旺保,20,0,20,富邦-花蓮,2023-10-02,9621
4944,兆遠,20,0,20,富邦-花蓮,2023-10-02,9621
00751B,元大AAA至A公司債,17,1,16,富邦-花蓮,2023-10-02,9621
00722B,群益投資級電信債,16,0,16,富邦-花蓮,2023-10-02,9621
00725B,國泰投資級公司債,16,0,16,富邦-花蓮,2023-10-02,9621
00680L,元大美債20正2,16,0,16,富邦-花蓮,2023-10-02,9621
2409,友達,16,0,16,富邦-花蓮,2023-10-02,9621
00712,復華富時不動產,15,0,15,富邦-花蓮,2023-10-02,9621
2850,新產,13,0,13,富邦-花蓮,2023-10-02,9621
1101,台泥,15,3,12,富邦-花蓮,2023-10-02,9621
2104,國際中橡,20,8,12,富邦-花蓮,2023-10-02,9621
9938,百和,14,2,12,富邦-花蓮,2023-10-02,9621
3056,富華新,11,0,11,富邦-花蓮,2023-10-02,9621
3325,旭品,28,17,11,富邦-花蓮,2023-10-02,9621
00671R,富邦NASDAQ反1,11,0,11,富邦-花蓮,2023-10-02,9621
2368,金像電,37,26,11,富邦-花蓮,2023-10-02,9621
1513,中興電,16,6,10,富邦-花蓮,2023-10-02,9621
1785,光洋科,10,0,10,富邦-花蓮,2023-10-02,9621
2201,裕隆,11,1,10,富邦-花蓮,2023-10-02,9621
2359,所羅門,11,1,10,富邦-花蓮,2023-10-02,9621
3380,明泰,11,1,10,富邦-花蓮,2023-10-02,9621
4979,華星光,17,7,10,富邦-花蓮,2023-10-02,9621
2002,中鋼,19,9,10,富邦-花蓮,2023-10-02,9621
4908,前鼎,11,2,9,富邦-花蓮,2023-10-02,9621
1603,華電,11,2,9,富邦-花蓮,2023-10-02,9621
1605,華新,10,1,9,富邦-花蓮,2023-10-02,9621
5351,鈺創,11,2,9,富邦-花蓮,2023-10-02,9621
00720B,元大投資級公司債,8,0,8,富邦-花蓮,2023-10-02,9621
00664R,國泰臺灣加權反1,8,0,8,富邦-花蓮,2023-10-02,9621
3305,昇貿,10,2,8,富邦-花蓮,2023-10-02,9621
6223,旺矽,11,3,8,富邦-花蓮,2023-10-02,9621
8028,昇陽半導體,11,3,8,富邦-花蓮,2023-10-02,9621
8086,宏捷科,9,1,8,富邦-花蓮,2023-10-02,9621
2204,中華,9,1,8,富邦-花蓮,2023-10-02,9621
2609,陽明,16,9,7,富邦-花蓮,2023-10-02,9621
00929,復華台灣科技優息,190,17,173,富邦-花蓮,2023-10-03,9621
0056,元大高股息,118,1,117,富邦-花蓮,2023-10-03,9621
00882,中信中國高股息,72,0,72,富邦-花蓮,2023-10-03,9621
2618,長榮航,88,24,64,富邦-花蓮,2023-10-03,9621
2356,英業達,79,18,61,富邦-花蓮,2023-10-03,9621
2888,新光金,59,3,56,富邦-花蓮,2023-10-03,9621
4953,緯軟,50,2,48,富邦-花蓮,2023-10-03,9621
3231,緯創,324,276,48,富邦-花蓮,2023-10-03,9621
00922,國泰台灣領袖50,43,1,42,富邦-花蓮,2023-10-03,9621
00680L,元大美債20正2,39,0,39,富邦-花蓮,2023-10-03,9621
2409,友達,69,30,39,富邦-花蓮,2023-10-03,9621
00679B,元大美債20年,37,0,37,富邦-花蓮,2023-10-03,9621
00712,復華富時不動產,37,0,37,富邦-花蓮,2023-10-03,9621
00637L,元大滬深300正2,37,0,37,富邦-花蓮,2023-10-03,9621
2002,中鋼,34,5,29,富邦-花蓮,2023-10-03,9621
2883,凱基金,29,0,29,富邦-花蓮,2023-10-03,9621
1815,富喬,92,65,27,富邦-花蓮,2023-10-03,9621
8068,全達,26,0,26,富邦-花蓮,2023-10-03,9621
00720B,元大投資級公司債,25,0,25,富邦-花蓮,2023-10-03,9621
2885,元大金,24,0,24,富邦-花蓮,2023-10-03,9621
3481,群創,38,15,23,富邦-花蓮,2023-10-03,9621
2882,國泰金,24,1,23,富邦-花蓮,2023-10-03,9621
2332,友訊,21,0,21,富邦-花蓮,2023-10-03,9621
2891,中信金,26,5,21,富邦-花蓮,2023-10-03,9621
00915,凱基優選高股息30,20,0,20,富邦-花蓮,2023-10-03,9621
00931B,統一美債20年,21,1,20,富邦-花蓮,2023-10-03,9621
1471,首利,21,1,20,富邦-花蓮,2023-10-03,9621
1612,宏泰,20,0,20,富邦-花蓮,2023-10-03,9621
3338,泰碩,22,2,20,富邦-花蓮,2023-10-03,9621
00878,國泰永續高股息,26,7,19,富邦-花蓮,2023-10-03,9621
00900,富邦特選高股息30,32,13,19,富邦-花蓮,2023-10-03,9621
2104,國際中橡,30,12,18,富邦-花蓮,2023-10-03,9621
00650L,復華香港正2,17,0,17,富邦-花蓮,2023-10-03,9621
3450,聯鈞,32,16,16,富邦-花蓮,2023-10-03,9621
1802,台玻,25,9,16,富邦-花蓮,2023-10-03,9621
6223,旺矽,16,0,16,富邦-花蓮,2023-10-03,9621
1513,中興電,24,9,15,富邦-花蓮,2023-10-03,9621
4543,萬在,40,25,15,富邦-花蓮,2023-10-03,9621
1609,大亞,44,30,14,富邦-花蓮,2023-10-03,9621
00919,群益台灣精選高息,34,20,14,富邦-花蓮,2023-10-03,9621
2388,威盛,501,488,13,富邦-花蓮,2023-10-03,9621
3081,聯亞,14,2,12,富邦-花蓮,2023-10-03,9621
3706,神達,26,14,12,富邦-花蓮,2023-10-03,9621
6757,台灣虎航,12,0,12,富邦-花蓮,2023-10-03,9621
5469,瀚宇博,12,1,11,富邦-花蓮,2023-10-03,9621
6122,擎邦,11,0,11,富邦-花蓮,2023-10-03,9621
00888,永豐台灣ESG,10,0,10,富邦-花蓮,2023-10-03,9621
00670L,富邦NASDAQ正2,10,0,10,富邦-花蓮,2023-10-03,9621
00715L,期街口布蘭特正2,11,1,10,富邦-花蓮,2023-10-03,9621
1605,華新,10,0,10,富邦-花蓮,2023-10-03,9621
00665L,富邦�琤肭磪囓�2,120,0,120,富邦-花蓮,2023-10-04,9621
2880,華南金,109,0,109,富邦-花蓮,2023-10-04,9621
2888,新光金,108,2,106,富邦-花蓮,2023-10-04,9621
00929,復華台灣科技優息,101,11,90,富邦-花蓮,2023-10-04,9621
00712,復華富時不動產,88,0,88,富邦-花蓮,2023-10-04,9621
4977,眾達-KY,84,0,84,富邦-花蓮,2023-10-04,9621
00679B,元大美債20年,83,0,83,富邦-花蓮,2023-10-04,9621
2891,中信金,118,47,71,富邦-花蓮,2023-10-04,9621
00931B,統一美債20年,64,0,64,富邦-花蓮,2023-10-04,9621
00772B,中信高評級公司債,66,14,52,富邦-花蓮,2023-10-04,9621
00671R,富邦NASDAQ反1,60,10,50,富邦-花蓮,2023-10-04,9621
1909,榮成,50,0,50,富邦-花蓮,2023-10-04,9621
00919,群益台灣精選高息,54,8,46,富邦-花蓮,2023-10-04,9621
00720B,元大投資級公司債,55,11,44,富邦-花蓮,2023-10-04,9621
2303,聯電,44,1,43,富邦-花蓮,2023-10-04,9621
0056,元大高股息,52,10,42,富邦-花蓮,2023-10-04,9621
2618,長榮航,65,27,38,富邦-花蓮,2023-10-04,9621
4543,萬在,37,2,35,富邦-花蓮,2023-10-04,9621
2002,中鋼,44,12,32,富邦-花蓮,2023-10-04,9621
2317,鴻海,33,5,28,富邦-花蓮,2023-10-04,9621
00922,國泰台灣領袖50,37,10,27,富邦-花蓮,2023-10-04,9621
2885,元大金,25,0,25,富邦-花蓮,2023-10-04,9621
2206,三陽工業,25,1,24,富邦-花蓮,2023-10-04,9621
1514,亞力,42,19,23,富邦-花蓮,2023-10-04,9621
6125,廣運,24,2,22,富邦-花蓮,2023-10-04,9621
2883,凱基金,37,17,20,富邦-花蓮,2023-10-04,9621
2330,台積電,22,2,20,富邦-花蓮,2023-10-04,9621
00900,富邦特選高股息30,30,11,19,富邦-花蓮,2023-10-04,9621
1815,富喬,24,6,18,富邦-花蓮,2023-10-04,9621
2344,華邦電,19,1,18,富邦-花蓮,2023-10-04,9621
2884,玉山金,17,0,17,富邦-花蓮,2023-10-04,9621
2892,第一金,16,0,16,富邦-花蓮,2023-10-04,9621
5880,合庫金,18,2,16,富邦-花蓮,2023-10-04,9621
4743,合一,16,0,16,富邦-花蓮,2023-10-04,9621
2887,台新金,18,2,16,富邦-花蓮,2023-10-04,9621
2201,裕隆,16,1,15,富邦-花蓮,2023-10-04,9621
1609,大亞,14,0,14,富邦-花蓮,2023-10-04,9621
5009,榮剛,14,0,14,富邦-花蓮,2023-10-04,9621
00670L,富邦NASDAQ正2,15,1,14,富邦-花蓮,2023-10-04,9621
2417,圓剛,26,12,14,富邦-花蓮,2023-10-04,9621
2337,旺宏,13,0,13,富邦-花蓮,2023-10-04,9621
2402,毅嘉,17,4,13,富邦-花蓮,2023-10-04,9621
2834,臺企銀,13,0,13,富邦-花蓮,2023-10-04,9621
1216,統一,12,0,12,富邦-花蓮,2023-10-04,9621
2890,永豐金,17,5,12,富邦-花蓮,2023-10-04,9621
00882,中信中國高股息,20,8,12,富邦-花蓮,2023-10-04,9621
6288,聯嘉,28,16,12,富邦-花蓮,2023-10-04,9621
9950,萬國通,12,0,12,富邦-花蓮,2023-10-04,9621
1101,台泥,12,0,12,富邦-花蓮,2023-10-04,9621
2610,華航,12,1,11,富邦-花蓮,2023-10-04,9621
00712,復華富時不動產,81,4,77,富邦-花蓮,2023-10-05,9621
00929,復華台灣科技優息,74,7,67,富邦-花蓮,2023-10-05,9621
1909,榮成,61,0,61,富邦-花蓮,2023-10-05,9621
4744,皇將,46,2,44,富邦-花蓮,2023-10-05,9621
3481,群創,46,4,42,富邦-花蓮,2023-10-05,9621
2618,長榮航,79,44,35,富邦-花蓮,2023-10-05,9621
2409,友達,34,2,32,富邦-花蓮,2023-10-05,9621
00665L,富邦�琤肭磪囓�2,50,20,30,富邦-花蓮,2023-10-05,9621
3325,旭品,42,16,26,富邦-花蓮,2023-10-05,9621
6288,聯嘉,50,24,26,富邦-花蓮,2023-10-05,9621
00637L,元大滬深300正2,25,0,25,富邦-花蓮,2023-10-05,9621
3322,建舜電,29,4,25,富邦-花蓮,2023-10-05,9621
6125,廣運,24,0,24,富邦-花蓮,2023-10-05,9621
2356,英業達,38,15,23,富邦-花蓮,2023-10-05,9621
1324,地球,25,5,20,富邦-花蓮,2023-10-05,9621
3044,健鼎,21,2,19,富邦-花蓮,2023-10-05,9621
1815,富喬,92,75,17,富邦-花蓮,2023-10-05,9621
3545,敦泰,17,2,15,富邦-花蓮,2023-10-05,9621
00753L,中信中國50正2,14,0,14,富邦-花蓮,2023-10-05,9621
3715,定穎投控,53,39,14,富邦-花蓮,2023-10-05,9621
8086,宏捷科,14,0,14,富邦-花蓮,2023-10-05,9621
00650L,復華香港正2,13,0,13,富邦-花蓮,2023-10-05,9621
3081,聯亞,46,33,13,富邦-花蓮,2023-10-05,9621
6237,驊訊,13,0,13,富邦-花蓮,2023-10-05,9621
8050,廣積,14,2,12,富邦-花蓮,2023-10-05,9621
3702,大聯大,11,0,11,富邦-花蓮,2023-10-05,9621
4933,友輝,17,6,11,富邦-花蓮,2023-10-05,9621
2312,金寶,11,1,10,富邦-花蓮,2023-10-05,9621
00706L,期元大S＆P日圓正2,10,0,10,富邦-花蓮,2023-10-05,9621
00888,永豐台灣ESG,20,10,10,富邦-花蓮,2023-10-05,9621
1532,勤美,10,0,10,富邦-花蓮,2023-10-05,9621
6757,台灣虎航,10,0,10,富邦-花蓮,2023-10-05,9621
2834,臺企銀,10,1,9,富邦-花蓮,2023-10-05,9621
00878,國泰永續高股息,25,16,9,富邦-花蓮,2023-10-05,9621
2014,中鴻,10,1,9,富邦-花蓮,2023-10-05,9621
2332,友訊,10,1,9,富邦-花蓮,2023-10-05,9621
3323,加百裕,9,0,9,富邦-花蓮,2023-10-05,9621
5351,鈺創,10,1,9,富邦-花蓮,2023-10-05,9621
8088,品安,15,6,9,富邦-花蓮,2023-10-05,9621
1907,永豐餘,8,0,8,富邦-花蓮,2023-10-05,9621
00655L,國泰中國A50正2,8,0,8,富邦-花蓮,2023-10-05,9621
1319,東陽,18,10,8,富邦-花蓮,2023-10-05,9621
2405,輔信,16,8,8,富邦-花蓮,2023-10-05,9621
3042,晶技,9,1,8,富邦-花蓮,2023-10-05,9621
8277,商丞,8,0,8,富邦-花蓮,2023-10-05,9621
2317,鴻海,10,2,8,富邦-花蓮,2023-10-05,9621
6202,盛群,7,0,7,富邦-花蓮,2023-10-05,9621
2881,富邦金,14,7,7,富邦-花蓮,2023-10-05,9621
2104,國際中橡,11,4,7,富邦-花蓮,2023-10-05,9621
2241,艾姆勒,17,10,7,富邦-花蓮,2023-10-05,9621
00670L,富邦NASDAQ正2,57,0,57,富邦-花蓮,2023-10-06,9621
00712,復華富時不動產,56,0,56,富邦-花蓮,2023-10-06,9621
00929,復華台灣科技優息,91,40,51,富邦-花蓮,2023-10-06,9621
3231,緯創,80,40,40,富邦-花蓮,2023-10-06,9621
2442,新美齊,43,5,38,富邦-花蓮,2023-10-06,9621
2436,偉詮電,37,0,37,富邦-花蓮,2023-10-06,9621
00751B,元大AAA至A公司債,32,0,32,富邦-花蓮,2023-10-06,9621
3481,群創,30,1,29,富邦-花蓮,2023-10-06,9621
2610,華航,27,1,26,富邦-花蓮,2023-10-06,9621
2641,正德,47,22,25,富邦-花蓮,2023-10-06,9621
3051,力特,33,8,25,富邦-花蓮,2023-10-06,9621
2363,矽統,52,27,25,富邦-花蓮,2023-10-06,9621
00919,群益台灣精選高息,23,0,23,富邦-花蓮,2023-10-06,9621
2409,友達,22,1,21,富邦-花蓮,2023-10-06,9621
2329,華泰,48,27,21,富邦-花蓮,2023-10-06,9621
2331,精英,20,0,20,富邦-花蓮,2023-10-06,9621
2838,聯邦銀,20,0,20,富邦-花蓮,2023-10-06,9621
2354,鴻準,20,1,19,富邦-花蓮,2023-10-06,9621
2618,長榮航,34,17,17,富邦-花蓮,2023-10-06,9621
5348,正能量智能,15,0,15,富邦-花蓮,2023-10-06,9621
3322,建舜電,17,3,14,富邦-花蓮,2023-10-06,9621
6288,聯嘉,15,1,14,富邦-花蓮,2023-10-06,9621
00715L,期街口布蘭特正2,14,1,13,富邦-花蓮,2023-10-06,9621
00671R,富邦NASDAQ反1,26,13,13,富邦-花蓮,2023-10-06,9621
3363,上詮,14,2,12,富邦-花蓮,2023-10-06,9621
00885,富邦越南,18,6,12,富邦-花蓮,2023-10-06,9621
00720B,元大投資級公司債,12,0,12,富邦-花蓮,2023-10-06,9621
3615,安可,13,1,12,富邦-花蓮,2023-10-06,9621
3013,晟銘電,60,48,12,富邦-花蓮,2023-10-06,9621
00679B,元大美債20年,11,0,11,富邦-花蓮,2023-10-06,9621
2538,基泰,12,1,11,富邦-花蓮,2023-10-06,9621
2542,興富發,11,0,11,富邦-花蓮,2023-10-06,9621
2630,亞航,13,2,11,富邦-花蓮,2023-10-06,9621
6126,信音,11,0,11,富邦-花蓮,2023-10-06,9621
3081,聯亞,14,4,10,富邦-花蓮,2023-10-06,9621
2419,仲琦,10,0,10,富邦-花蓮,2023-10-06,9621
3276,宇環,24,14,10,富邦-花蓮,2023-10-06,9621
5227,立凱-KY,10,0,10,富邦-花蓮,2023-10-06,9621
5469,瀚宇博,11,1,10,富邦-花蓮,2023-10-06,9621
6757,台灣虎航,10,0,10,富邦-花蓮,2023-10-06,9621
1101,台泥,11,2,9,富邦-花蓮,2023-10-06,9621
1605,華新,14,5,9,富邦-花蓮,2023-10-06,9621
1609,大亞,14,5,9,富邦-花蓮,2023-10-06,9621
1815,富喬,59,50,9,富邦-花蓮,2023-10-06,9621
2929,淘帝-KY,10,1,9,富邦-花蓮,2023-10-06,9621
3059,華晶科,10,1,9,富邦-花蓮,2023-10-06,9621
3036,文曄,15,6,9,富邦-花蓮,2023-10-06,9621
1319,東陽,8,0,8,富邦-花蓮,2023-10-06,9621
2486,一詮,29,22,7,富邦-花蓮,2023-10-06,9621
6191,精成科,15,8,7,富邦-花蓮,2023-10-06,9621
3231,緯創,850,716,134,富邦-花蓮,2023-10-11,9621
2356,英業達,89,22,67,富邦-花蓮,2023-10-11,9621
00919,群益台灣精選高息,59,0,59,富邦-花蓮,2023-10-11,9621
0056,元大高股息,55,11,44,富邦-花蓮,2023-10-11,9621
3715,定穎投控,108,65,43,富邦-花蓮,2023-10-11,9621
8033,雷虎,36,0,36,富邦-花蓮,2023-10-11,9621
3260,威剛,36,6,30,富邦-花蓮,2023-10-11,9621
6451,訊芯-KY,39,12,27,富邦-花蓮,2023-10-11,9621
2609,陽明,36,11,25,富邦-花蓮,2023-10-11,9621
2603,長榮,35,10,25,富邦-花蓮,2023-10-11,9621
2421,建準,32,7,25,富邦-花蓮,2023-10-11,9621
1815,富喬,28,4,24,富邦-花蓮,2023-10-11,9621
2399,映泰,30,6,24,富邦-花蓮,2023-10-11,9621
2332,友訊,25,2,23,富邦-花蓮,2023-10-11,9621
2444,兆勁,25,2,23,富邦-花蓮,2023-10-11,9621
1802,台玻,23,1,22,富邦-花蓮,2023-10-11,9621
00931B,統一美債20年,21,0,21,富邦-花蓮,2023-10-11,9621
6139,亞翔,22,1,21,富邦-花蓮,2023-10-11,9621
00922,國泰台灣領袖50,20,0,20,富邦-花蓮,2023-10-11,9621
6122,擎邦,26,6,20,富邦-花蓮,2023-10-11,9621
8088,品安,20,0,20,富邦-花蓮,2023-10-11,9621
3234,光環,21,3,18,富邦-花蓮,2023-10-11,9621
6120,達運,19,1,18,富邦-花蓮,2023-10-11,9621
4543,萬在,19,2,17,富邦-花蓮,2023-10-11,9621
5340,建榮,17,0,17,富邦-花蓮,2023-10-11,9621
00929,復華台灣科技優息,42,27,15,富邦-花蓮,2023-10-11,9621
6263,普萊德,15,0,15,富邦-花蓮,2023-10-11,9621
1529,樂事綠能,15,0,15,富邦-花蓮,2023-10-11,9621
3706,神達,15,2,13,富邦-花蓮,2023-10-11,9621
2329,華泰,30,17,13,富邦-花蓮,2023-10-11,9621
00679B,元大美債20年,12,0,12,富邦-花蓮,2023-10-11,9621
00712,復華富時不動產,12,1,11,富邦-花蓮,2023-10-11,9621
2610,華航,12,1,11,富邦-花蓮,2023-10-11,9621
2816,旺旺保,14,3,11,富邦-花蓮,2023-10-11,9621
9105,泰金寶-DR,11,0,11,富邦-花蓮,2023-10-11,9621
1909,榮成,10,0,10,富邦-花蓮,2023-10-11,9621
2340,台亞,13,3,10,富邦-花蓮,2023-10-11,9621
2634,漢翔,39,29,10,富邦-花蓮,2023-10-11,9621
3044,健鼎,10,0,10,富邦-花蓮,2023-10-11,9621
3047,訊舟,10,0,10,富邦-花蓮,2023-10-11,9621
5009,榮剛,10,0,10,富邦-花蓮,2023-10-11,9621
6108,競國,10,0,10,富邦-花蓮,2023-10-11,9621
6218,豪勉,10,0,10,富邦-花蓮,2023-10-11,9621
00878,國泰永續高股息,30,21,9,富邦-花蓮,2023-10-11,9621
6573,虹揚-KY,9,0,9,富邦-花蓮,2023-10-11,9621
6829,千附精密,10,1,9,富邦-花蓮,2023-10-11,9621
3325,旭品,13,5,8,富邦-花蓮,2023-10-11,9621
2618,長榮航,41,33,8,富邦-花蓮,2023-10-11,9621
00655L,國泰中國A50正2,8,0,8,富邦-花蓮,2023-10-11,9621
3029,零壹,8,0,8,富邦-花蓮,2023-10-11,9621
6005,群益證,50,0,50,富邦-花蓮,2023-10-12,9621
3260,威剛,70,21,49,富邦-花蓮,2023-10-12,9621
2542,興富發,43,1,42,富邦-花蓮,2023-10-12,9621
00922,國泰台灣領袖50,39,2,37,富邦-花蓮,2023-10-12,9621
3346,麗清,50,14,36,富邦-花蓮,2023-10-12,9621
00632R,元大台灣50反1,27,0,27,富邦-花蓮,2023-10-12,9621
2465,麗臺,24,3,21,富邦-花蓮,2023-10-12,9621
1584,精剛,22,3,19,富邦-花蓮,2023-10-12,9621
6712,長聖,19,0,19,富邦-花蓮,2023-10-12,9621
00929,復華台灣科技優息,40,22,18,富邦-花蓮,2023-10-12,9621
3044,健鼎,17,2,15,富邦-花蓮,2023-10-12,9621
2382,廣達,74,60,14,富邦-花蓮,2023-10-12,9621
00680L,元大美債20正2,14,0,14,富邦-花蓮,2023-10-12,9621
2363,矽統,158,146,12,富邦-花蓮,2023-10-12,9621
2453,凌群,11,0,11,富邦-花蓮,2023-10-12,9621
6274,台燿,18,7,11,富邦-花蓮,2023-10-12,9621
1319,東陽,27,17,10,富邦-花蓮,2023-10-12,9621
00720B,元大投資級公司債,10,0,10,富邦-花蓮,2023-10-12,9621
1402,遠東新,10,0,10,富邦-花蓮,2023-10-12,9621
1909,榮成,10,0,10,富邦-花蓮,2023-10-12,9621
5328,華容,10,0,10,富邦-花蓮,2023-10-12,9621
1104,環泥,9,0,9,富邦-花蓮,2023-10-12,9621
2353,宏��,10,1,9,富邦-花蓮,2023-10-12,9621
2402,毅嘉,10,1,9,富邦-花蓮,2023-10-12,9621
2609,陽明,13,4,9,富邦-花蓮,2023-10-12,9621
3694,海華,9,0,9,富邦-花蓮,2023-10-12,9621
2303,聯電,17,8,9,富邦-花蓮,2023-10-12,9621
2603,長榮,10,2,8,富邦-花蓮,2023-10-12,9621
3483,力致,16,8,8,富邦-花蓮,2023-10-12,9621
00902,中信電池及儲能,8,0,8,富邦-花蓮,2023-10-12,9621
00664R,國泰臺灣加權反1,8,0,8,富邦-花蓮,2023-10-12,9621
1522,堤維西,15,7,8,富邦-花蓮,2023-10-12,9621
2485,兆赫,10,2,8,富邦-花蓮,2023-10-12,9621
6841,長佳智能,8,0,8,富邦-花蓮,2023-10-12,9621
8271,宇瞻,10,2,8,富邦-花蓮,2023-10-12,9621
3122,笙泉,10,2,8,富邦-花蓮,2023-10-12,9621
1514,亞力,10,3,7,富邦-花蓮,2023-10-12,9621
1532,勤美,7,0,7,富邦-花蓮,2023-10-12,9621
8088,品安,12,5,7,富邦-花蓮,2023-10-12,9621
2388,威盛,13,7,6,富邦-花蓮,2023-10-12,9621
2636,台驊控股,7,1,6,富邦-花蓮,2023-10-12,9621
2607,榮運,6,0,6,富邦-花蓮,2023-10-12,9621
1603,華電,11,6,5,富邦-花蓮,2023-10-12,9621
2884,玉山金,10,5,5,富邦-花蓮,2023-10-12,9621
2883,凱基金,19,14,5,富邦-花蓮,2023-10-12,9621
00665L,富邦�琤肭磪囓�2,30,25,5,富邦-花蓮,2023-10-12,9621
00688L,國泰20年美債正2,5,0,5,富邦-花蓮,2023-10-12,9621
00932,兆豐永續高息等權,5,0,5,富邦-花蓮,2023-10-12,9621
1609,大亞,21,16,5,富邦-花蓮,2023-10-12,9621
2401,凌陽,5,0,5,富邦-花蓮,2023-10-12,9621
00665L,富邦�琤肭磪囓�2,260,10,250,富邦-花蓮,2023-10-13,9621
0056,元大高股息,120,0,120,富邦-花蓮,2023-10-13,9621
3231,緯創,649,544,105,富邦-花蓮,2023-10-13,9621
2382,廣達,93,36,57,富邦-花蓮,2023-10-13,9621
2363,矽統,204,154,50,富邦-花蓮,2023-10-13,9621
2618,長榮航,54,9,45,富邦-花蓮,2023-10-13,9621
00637L,元大滬深300正2,35,0,35,富邦-花蓮,2023-10-13,9621
00878,國泰永續高股息,41,10,31,富邦-花蓮,2023-10-13,9621
6148,驊宏資,32,1,31,富邦-花蓮,2023-10-13,9621
00888,永豐台灣ESG,34,5,29,富邦-花蓮,2023-10-13,9621
00687B,國泰20年美債,23,0,23,富邦-花蓮,2023-10-13,9621
2498,宏達電,22,0,22,富邦-花蓮,2023-10-13,9621
2367,燿華,23,2,21,富邦-花蓮,2023-10-13,9621
2489,瑞軒,21,0,21,富邦-花蓮,2023-10-13,9621
00922,國泰台灣領袖50,20,0,20,富邦-花蓮,2023-10-13,9621
2913,農林,19,0,19,富邦-花蓮,2023-10-13,9621
2542,興富發,22,3,19,富邦-花蓮,2023-10-13,9621
6125,廣運,23,4,19,富邦-花蓮,2023-10-13,9621
2356,英業達,24,6,18,富邦-花蓮,2023-10-13,9621
00919,群益台灣精選高息,19,1,18,富邦-花蓮,2023-10-13,9621
3044,健鼎,19,1,18,富邦-花蓮,2023-10-13,9621
1802,台玻,20,2,18,富邦-花蓮,2023-10-13,9621
2002,中鋼,24,6,18,富邦-花蓮,2023-10-13,9621
3363,上詮,36,19,17,富邦-花蓮,2023-10-13,9621
8088,品安,17,0,17,富邦-花蓮,2023-10-13,9621
2882,國泰金,16,0,16,富邦-花蓮,2023-10-13,9621
3013,晟銘電,20,4,16,富邦-花蓮,2023-10-13,9621
2399,映泰,15,0,15,富邦-花蓮,2023-10-13,9621
3025,星通,47,32,15,富邦-花蓮,2023-10-13,9621
3346,麗清,17,2,15,富邦-花蓮,2023-10-13,9621
00680L,元大美債20正2,14,0,14,富邦-花蓮,2023-10-13,9621
3481,群創,15,2,13,富邦-花蓮,2023-10-13,9621
00670L,富邦NASDAQ正2,21,8,13,富邦-花蓮,2023-10-13,9621
3037,欣興,16,3,13,富邦-花蓮,2023-10-13,9621
1101,台泥,26,15,11,富邦-花蓮,2023-10-13,9621
2881,富邦金,16,5,11,富邦-花蓮,2023-10-13,9621
00902,中信電池及儲能,11,0,11,富邦-花蓮,2023-10-13,9621
2402,毅嘉,14,3,11,富邦-花蓮,2023-10-13,9621
2419,仲琦,11,0,11,富邦-花蓮,2023-10-13,9621
6449,鈺邦,11,0,11,富邦-花蓮,2023-10-13,9621
2883,凱基金,20,9,11,富邦-花蓮,2023-10-13,9621
1514,亞力,12,2,10,富邦-花蓮,2023-10-13,9621
00679B,元大美債20年,10,0,10,富邦-花蓮,2023-10-13,9621
00655L,國泰中國A50正2,10,0,10,富邦-花蓮,2023-10-13,9621
00931B,統一美債20年,10,0,10,富邦-花蓮,2023-10-13,9621
1303,南亞,10,0,10,富邦-花蓮,2023-10-13,9621
2855,統一證,10,0,10,富邦-花蓮,2023-10-13,9621
3005,神基,17,7,10,富邦-花蓮,2023-10-13,9621
1609,大亞,22,13,9,富邦-花蓮,2023-10-13,9621
1319,東陽,15,6,9,富邦-花蓮,2023-10-13,9621
2618,長榮航,168,19,149,富邦-花蓮,2023-10-16,9621
0056,元大高股息,70,9,61,富邦-花蓮,2023-10-16,9621
2363,矽統,149,96,53,富邦-花蓮,2023-10-16,9621
00929,復華台灣科技優息,126,73,53,富邦-花蓮,2023-10-16,9621
2344,華邦電,70,23,47,富邦-花蓮,2023-10-16,9621
00922,國泰台灣領袖50,41,1,40,富邦-花蓮,2023-10-16,9621
2390,云辰,43,3,40,富邦-花蓮,2023-10-16,9621
1524,耿鼎,45,6,39,富邦-花蓮,2023-10-16,9621
1605,華新,38,1,37,富邦-花蓮,2023-10-16,9621
6120,達運,33,0,33,富邦-花蓮,2023-10-16,9621
00712,復華富時不動產,33,1,32,富邦-花蓮,2023-10-16,9621
2515,中工,77,48,29,富邦-花蓮,2023-10-16,9621
00919,群益台灣精選高息,31,3,28,富邦-花蓮,2023-10-16,9621
4908,前鼎,92,67,25,富邦-花蓮,2023-10-16,9621
00715L,期街口布蘭特正2,38,15,23,富邦-花蓮,2023-10-16,9621
9928,中視,27,4,23,富邦-花蓮,2023-10-16,9621
2201,裕隆,37,14,23,富邦-花蓮,2023-10-16,9621
4919,新唐,31,9,22,富邦-花蓮,2023-10-16,9621
4714,永捷,21,0,21,富邦-花蓮,2023-10-16,9621
00878,國泰永續高股息,40,21,19,富邦-花蓮,2023-10-16,9621
2449,京元電子,20,1,19,富邦-花蓮,2023-10-16,9621
2324,仁寶,20,2,18,富邦-花蓮,2023-10-16,9621
4977,眾達-KY,18,0,18,富邦-花蓮,2023-10-16,9621
6231,系微,21,3,18,富邦-花蓮,2023-10-16,9621
5009,榮剛,29,12,17,富邦-花蓮,2023-10-16,9621
6282,康舒,22,6,16,富邦-花蓮,2023-10-16,9621
3363,上詮,41,26,15,富邦-花蓮,2023-10-16,9621
2338,光罩,14,0,14,富邦-花蓮,2023-10-16,9621
6770,力積電,28,14,14,富邦-花蓮,2023-10-16,9621
2204,中華,14,1,13,富邦-花蓮,2023-10-16,9621
4503,金雨,23,10,13,富邦-花蓮,2023-10-16,9621
2421,建準,13,1,12,富邦-花蓮,2023-10-16,9621
2609,陽明,18,7,11,富邦-花蓮,2023-10-16,9621
6577,勁豐,13,2,11,富邦-花蓮,2023-10-16,9621
00751B,元大AAA至A公司債,10,0,10,富邦-花蓮,2023-10-16,9621
1532,勤美,10,0,10,富邦-花蓮,2023-10-16,9621
2516,新建,10,0,10,富邦-花蓮,2023-10-16,9621
3013,晟銘電,11,1,10,富邦-花蓮,2023-10-16,9621
3059,華晶科,10,0,10,富邦-花蓮,2023-10-16,9621
3260,威剛,20,10,10,富邦-花蓮,2023-10-16,9621
4960,誠美材,17,7,10,富邦-花蓮,2023-10-16,9621
3706,神達,15,6,9,富邦-花蓮,2023-10-16,9621
3217,優群,9,0,9,富邦-花蓮,2023-10-16,9621
6276,安鈦克,20,11,9,富邦-花蓮,2023-10-16,9621
2002,中鋼,8,0,8,富邦-花蓮,2023-10-16,9621
2337,旺宏,9,1,8,富邦-花蓮,2023-10-16,9621
2369,菱生,10,2,8,富邦-花蓮,2023-10-16,9621
2399,映泰,8,0,8,富邦-花蓮,2023-10-16,9621
2401,凌陽,10,2,8,富邦-花蓮,2023-10-16,9621
2486,一詮,28,20,8,富邦-花蓮,2023-10-16,9621
0056,元大高股息,143,17,126,富邦-花蓮,2023-10-17,9621
2363,矽統,531,429,102,富邦-花蓮,2023-10-17,9621
2618,長榮航,111,34,77,富邦-花蓮,2023-10-17,9621
1802,台玻,57,0,57,富邦-花蓮,2023-10-17,9621
3231,緯創,127,80,47,富邦-花蓮,2023-10-17,9621
3715,定穎投控,103,56,47,富邦-花蓮,2023-10-17,9621
00878,國泰永續高股息,50,13,37,富邦-花蓮,2023-10-17,9621
00665L,富邦�琤肭磪囓�2,30,0,30,富邦-花蓮,2023-10-17,9621
2401,凌陽,31,3,28,富邦-花蓮,2023-10-17,9621
2891,中信金,27,2,25,富邦-花蓮,2023-10-17,9621
00751B,元大AAA至A公司債,25,0,25,富邦-花蓮,2023-10-17,9621
3078,僑威,29,4,25,富邦-花蓮,2023-10-17,9621
00679B,元大美債20年,24,0,24,富邦-花蓮,2023-10-17,9621
3481,群創,27,3,24,富邦-花蓮,2023-10-17,9621
1513,中興電,24,3,21,富邦-花蓮,2023-10-17,9621
00655L,國泰中國A50正2,20,0,20,富邦-花蓮,2023-10-17,9621
3036,文曄,35,17,18,富邦-花蓮,2023-10-17,9621
6233,旺玖,18,0,18,富邦-花蓮,2023-10-17,9621
2498,宏達電,37,23,14,富邦-花蓮,2023-10-17,9621
2201,裕隆,13,0,13,富邦-花蓮,2023-10-17,9621
00687B,國泰20年美債,13,0,13,富邦-花蓮,2023-10-17,9621
2887,台新金,12,0,12,富邦-花蓮,2023-10-17,9621
2356,英業達,20,8,12,富邦-花蓮,2023-10-17,9621
2425,承啟,16,4,12,富邦-花蓮,2023-10-17,9621
5880,合庫金,12,0,12,富邦-花蓮,2023-10-17,9621
2609,陽明,15,4,11,富邦-花蓮,2023-10-17,9621
00720B,元大投資級公司債,10,0,10,富邦-花蓮,2023-10-17,9621
00896,中信綠能及電動車,10,0,10,富邦-花蓮,2023-10-17,9621
1909,榮成,10,0,10,富邦-花蓮,2023-10-17,9621
2543,皇昌,15,5,10,富邦-花蓮,2023-10-17,9621
3596,智易,10,0,10,富邦-花蓮,2023-10-17,9621
6167,久正,10,0,10,富邦-花蓮,2023-10-17,9621
1815,富喬,14,4,10,富邦-花蓮,2023-10-17,9621
1514,亞力,11,1,10,富邦-花蓮,2023-10-17,9621
3122,笙泉,17,8,9,富邦-花蓮,2023-10-17,9621
00922,國泰台灣領袖50,9,0,9,富邦-花蓮,2023-10-17,9621
2883,凱基金,9,0,9,富邦-花蓮,2023-10-17,9621
2516,新建,9,0,9,富邦-花蓮,2023-10-17,9621
8076,伍豐,10,1,9,富邦-花蓮,2023-10-17,9621
4157,太景*-KY,8,0,8,富邦-花蓮,2023-10-17,9621
6120,達運,12,4,8,富邦-花蓮,2023-10-17,9621
6156,松上,10,2,8,富邦-花蓮,2023-10-17,9621
8054,安國,13,5,8,富邦-花蓮,2023-10-17,9621
2352,佳世達,7,0,7,富邦-花蓮,2023-10-17,9621
2002,中鋼,11,4,7,富邦-花蓮,2023-10-17,9621
00753L,中信中國50正2,10,3,7,富邦-花蓮,2023-10-17,9621
00722B,群益投資級電信債,7,0,7,富邦-花蓮,2023-10-17,9621
6530,創威,23,16,7,富邦-花蓮,2023-10-17,9621
6577,勁豐,12,5,7,富邦-花蓮,2023-10-17,9621
2888,新光金,7,0,7,富邦-花蓮,2023-10-17,9621
0056,元大高股息,179,9,170,富邦-花蓮,2023-10-18,9621
00929,復華台灣科技優息,175,18,157,富邦-花蓮,2023-10-18,9621
00878,國泰永續高股息,165,22,143,富邦-花蓮,2023-10-18,9621
00919,群益台灣精選高息,111,11,100,富邦-花蓮,2023-10-18,9621
00922,國泰台灣領袖50,83,2,81,富邦-花蓮,2023-10-18,9621
1802,台玻,64,4,60,富邦-花蓮,2023-10-18,9621
2816,旺旺保,60,5,55,富邦-花蓮,2023-10-18,9621
00673R,期元大S＆P原油反1,41,0,41,富邦-花蓮,2023-10-18,9621
2880,華南金,36,0,36,富邦-花蓮,2023-10-18,9621
3481,群創,54,18,36,富邦-花蓮,2023-10-18,9621
2201,裕隆,52,18,34,富邦-花蓮,2023-10-18,9621
2344,華邦電,33,0,33,富邦-花蓮,2023-10-18,9621
1609,大亞,33,1,32,富邦-花蓮,2023-10-18,9621
1584,精剛,32,0,32,富邦-花蓮,2023-10-18,9621
00888,永豐台灣ESG,31,0,31,富邦-花蓮,2023-10-18,9621
00881,國泰台灣5G+,30,0,30,富邦-花蓮,2023-10-18,9621
1909,榮成,35,5,30,富邦-花蓮,2023-10-18,9621
6274,台燿,42,13,29,富邦-花蓮,2023-10-18,9621
2409,友達,28,0,28,富邦-花蓮,2023-10-18,9621
6168,宏齊,49,22,27,富邦-花蓮,2023-10-18,9621
3706,神達,26,1,25,富邦-花蓮,2023-10-18,9621
2002,中鋼,23,0,23,富邦-花蓮,2023-10-18,9621
00857B,永豐20年美公債,23,0,23,富邦-花蓮,2023-10-18,9621
6901,鑽石投資,24,1,23,富邦-花蓮,2023-10-18,9621
00720B,元大投資級公司債,23,1,22,富邦-花蓮,2023-10-18,9621
6213,聯茂,28,6,22,富邦-花蓮,2023-10-18,9621
2382,廣達,89,67,22,富邦-花蓮,2023-10-18,9621
6770,力積電,22,1,21,富邦-花蓮,2023-10-18,9621
1101,台泥,22,2,20,富邦-花蓮,2023-10-18,9621
6156,松上,20,0,20,富邦-花蓮,2023-10-18,9621
9928,中視,26,8,18,富邦-花蓮,2023-10-18,9621
00751B,元大AAA至A公司債,17,0,17,富邦-花蓮,2023-10-18,9621
00932,兆豐永續高息等權,17,0,17,富邦-花蓮,2023-10-18,9621
2801,彰銀,17,0,17,富邦-花蓮,2023-10-18,9621
6120,達運,39,22,17,富邦-花蓮,2023-10-18,9621
1815,富喬,27,11,16,富邦-花蓮,2023-10-18,9621
8928,鉅明,15,0,15,富邦-花蓮,2023-10-18,9621
1102,亞泥,28,13,15,富邦-花蓮,2023-10-18,9621
2402,毅嘉,16,1,15,富邦-花蓮,2023-10-18,9621
1608,華榮,14,0,14,富邦-花蓮,2023-10-18,9621
2408,南亞科,14,0,14,富邦-花蓮,2023-10-18,9621
3491,昇達科,24,10,14,富邦-花蓮,2023-10-18,9621
00900,富邦特選高股息30,16,2,14,富邦-花蓮,2023-10-18,9621
3545,敦泰,16,3,13,富邦-花蓮,2023-10-18,9621
2609,陽明,12,0,12,富邦-花蓮,2023-10-18,9621
00885,富邦越南,12,0,12,富邦-花蓮,2023-10-18,9621
00907,永豐優息存股,12,0,12,富邦-花蓮,2023-10-18,9621
00679B,元大美債20年,13,2,11,富邦-花蓮,2023-10-18,9621
00905,FT臺灣Smart,11,0,11,富邦-花蓮,2023-10-18,9621
1605,華新,12,1,11,富邦-花蓮,2023-10-18,9621
00933B,國泰10Y+金融債,158,26,132,富邦-花蓮,2023-10-19,9621
0056,元大高股息,246,118,128,富邦-花蓮,2023-10-19,9621
00878,國泰永續高股息,97,3,94,富邦-花蓮,2023-10-19,9621
2618,長榮航,88,23,65,富邦-花蓮,2023-10-19,9621
3041,揚智,75,14,61,富邦-花蓮,2023-10-19,9621
2369,菱生,64,6,58,富邦-花蓮,2023-10-19,9621
00687B,國泰20年美債,55,0,55,富邦-花蓮,2023-10-19,9621
00670L,富邦NASDAQ正2,54,0,54,富邦-花蓮,2023-10-19,9621
2457,飛宏,54,0,54,富邦-花蓮,2023-10-19,9621
1101,台泥,41,0,41,富邦-花蓮,2023-10-19,9621
00665L,富邦�琤肭磪囓�2,42,1,41,富邦-花蓮,2023-10-19,9621
2888,新光金,40,2,38,富邦-花蓮,2023-10-19,9621
1815,富喬,39,3,36,富邦-花蓮,2023-10-19,9621
2317,鴻海,37,1,36,富邦-花蓮,2023-10-19,9621
2610,華航,36,1,35,富邦-花蓮,2023-10-19,9621
00637L,元大滬深300正2,35,0,35,富邦-花蓮,2023-10-19,9621
00679B,元大美債20年,33,0,33,富邦-花蓮,2023-10-19,9621
3037,欣興,35,5,30,富邦-花蓮,2023-10-19,9621
00877,復華中國5G,30,0,30,富邦-花蓮,2023-10-19,9621
2520,冠德,30,0,30,富邦-花蓮,2023-10-19,9621
6005,群益證,30,0,30,富邦-花蓮,2023-10-19,9621
2002,中鋼,31,1,30,富邦-花蓮,2023-10-19,9621
00712,復華富時不動產,28,0,28,富邦-花蓮,2023-10-19,9621
2363,矽統,62,35,27,富邦-花蓮,2023-10-19,9621
6443,元晶,26,0,26,富邦-花蓮,2023-10-19,9621
00720B,元大投資級公司債,25,0,25,富邦-花蓮,2023-10-19,9621
00929,復華台灣科技優息,44,19,25,富邦-花蓮,2023-10-19,9621
00885,富邦越南,24,0,24,富邦-花蓮,2023-10-19,9621
1802,台玻,25,1,24,富邦-花蓮,2023-10-19,9621
00751B,元大AAA至A公司債,23,0,23,富邦-花蓮,2023-10-19,9621
00753L,中信中國50正2,36,15,21,富邦-花蓮,2023-10-19,9621
1108,幸福,21,0,21,富邦-花蓮,2023-10-19,9621
6901,鑽石投資,26,5,21,富邦-花蓮,2023-10-19,9621
6113,亞矽,17,0,17,富邦-花蓮,2023-10-19,9621
6120,達運,16,0,16,富邦-花蓮,2023-10-19,9621
3231,緯創,54,39,15,富邦-花蓮,2023-10-19,9621
00931B,統一美債20年,15,0,15,富邦-花蓮,2023-10-19,9621
2834,臺企銀,15,0,15,富邦-花蓮,2023-10-19,9621
1301,台塑,14,0,14,富邦-花蓮,2023-10-19,9621
2344,華邦電,14,0,14,富邦-花蓮,2023-10-19,9621
2641,正德,15,1,14,富邦-花蓮,2023-10-19,9621
1513,中興電,14,1,13,富邦-花蓮,2023-10-19,9621
2382,廣達,207,195,12,富邦-花蓮,2023-10-19,9621
2388,威盛,30,18,12,富邦-花蓮,2023-10-19,9621
00922,國泰台灣領袖50,23,12,11,富邦-花蓮,2023-10-19,9621
3481,群創,18,6,12,富邦-花蓮,2023-10-19,9621
00888,永豐台灣ESG,11,0,11,富邦-花蓮,2023-10-19,9621
2801,彰銀,12,1,11,富邦-花蓮,2023-10-19,9621
8261,富鼎,11,0,11,富邦-花蓮,2023-10-19,9621
2356,英業達,21,11,10,富邦-花蓮,2023-10-19,9621
00680L,元大美債20正2,200,100,100,富邦-花蓮,2023-10-20,9621
00878,國泰永續高股息,95,24,71,富邦-花蓮,2023-10-20,9621
00712,復華富時不動產,64,0,64,富邦-花蓮,2023-10-20,9621
00929,復華台灣科技優息,126,68,58,富邦-花蓮,2023-10-20,9621
2888,新光金,57,0,57,富邦-花蓮,2023-10-20,9621
0056,元大高股息,54,5,49,富邦-花蓮,2023-10-20,9621
00679B,元大美債20年,48,0,48,富邦-花蓮,2023-10-20,9621
2356,英業達,52,5,47,富邦-花蓮,2023-10-20,9621
3041,揚智,57,13,44,富邦-花蓮,2023-10-20,9621
2002,中鋼,93,51,42,富邦-花蓮,2023-10-20,9621
1605,華新,44,3,41,富邦-花蓮,2023-10-20,9621
2618,長榮航,99,58,41,富邦-花蓮,2023-10-20,9621
2542,興富發,37,1,36,富邦-花蓮,2023-10-20,9621
2515,中工,37,1,36,富邦-花蓮,2023-10-20,9621
1560,中砂,47,14,33,富邦-花蓮,2023-10-20,9621
00877,復華中國5G,32,0,32,富邦-花蓮,2023-10-20,9621
1102,亞泥,30,1,29,富邦-花蓮,2023-10-20,9621
2890,永豐金,34,5,29,富邦-花蓮,2023-10-20,9621
00671R,富邦NASDAQ反1,30,2,28,富邦-花蓮,2023-10-20,9621
2606,裕民,30,7,23,富邦-花蓮,2023-10-20,9621
6573,虹揚-KY,23,0,23,富邦-花蓮,2023-10-20,9621
2104,國際中橡,22,0,22,富邦-花蓮,2023-10-20,9621
9943,好樂迪,22,0,22,富邦-花蓮,2023-10-20,9621
00919,群益台灣精選高息,60,39,21,富邦-花蓮,2023-10-20,9621
2201,裕隆,28,8,20,富邦-花蓮,2023-10-20,9621
00673R,期元大S＆P原油反1,21,1,20,富邦-花蓮,2023-10-20,9621
1909,榮成,20,0,20,富邦-花蓮,2023-10-20,9621
6901,鑽石投資,21,1,20,富邦-花蓮,2023-10-20,9621
6213,聯茂,22,2,20,富邦-花蓮,2023-10-20,9621
00933B,國泰10Y+金融債,20,2,18,富邦-花蓮,2023-10-20,9621
2880,華南金,20,2,18,富邦-花蓮,2023-10-20,9621
2885,元大金,33,17,16,富邦-花蓮,2023-10-20,9621
2867,三商壽,16,0,16,富邦-花蓮,2023-10-20,9621
3622,洋華,15,0,15,富邦-花蓮,2023-10-20,9621
2457,飛宏,14,0,14,富邦-花蓮,2023-10-20,9621
2303,聯電,92,78,14,富邦-花蓮,2023-10-20,9621
3380,明泰,13,0,13,富邦-花蓮,2023-10-20,9621
6235,華孚,15,2,13,富邦-花蓮,2023-10-20,9621
00751B,元大AAA至A公司債,13,0,13,富邦-花蓮,2023-10-20,9621
3006,晶豪科,16,4,12,富邦-花蓮,2023-10-20,9621
00830,國泰費城半導體,14,2,12,富邦-花蓮,2023-10-20,9621
00648R,元大S＆P500反1,15,3,12,富邦-花蓮,2023-10-20,9621
6288,聯嘉,12,0,12,富邦-花蓮,2023-10-20,9621
8088,品安,12,0,12,富邦-花蓮,2023-10-20,9621
00753L,中信中國50正2,11,0,11,富邦-花蓮,2023-10-20,9621
1324,地球,13,2,11,富邦-花蓮,2023-10-20,9621
2313,華通,16,5,11,富邦-花蓮,2023-10-20,9621
1101,台泥,10,0,10,富邦-花蓮,2023-10-20,9621
2838,聯邦銀,10,0,10,富邦-花蓮,2023-10-20,9621
6279,胡連,10,0,10,富邦-花蓮,2023-10-20,9621
2883,凱基金,229,0,229,富邦-花蓮,2023-10-23,9621
2382,廣達,567,373,194,富邦-花蓮,2023-10-23,9621
00929,復華台灣科技優息,164,4,160,富邦-花蓮,2023-10-23,9621
2376,技嘉,192,40,152,富邦-花蓮,2023-10-23,9621
00712,復華富時不動產,92,0,92,富邦-花蓮,2023-10-23,9621
00882,中信中國高股息,76,0,76,富邦-花蓮,2023-10-23,9621
2317,鴻海,100,39,61,富邦-花蓮,2023-10-23,9621
00665L,富邦�琤肭磪囓�2,70,10,60,富邦-花蓮,2023-10-23,9621
00878,國泰永續高股息,60,8,52,富邦-花蓮,2023-10-23,9621
00632R,元大台灣50反1,50,3,47,富邦-花蓮,2023-10-23,9621
00919,群益台灣精選高息,40,1,39,富邦-花蓮,2023-10-23,9621
3041,揚智,50,15,35,富邦-花蓮,2023-10-23,9621
00922,國泰台灣領袖50,33,0,33,富邦-花蓮,2023-10-23,9621
0056,元大高股息,50,18,32,富邦-花蓮,2023-10-23,9621
1708,東鹼,30,0,30,富邦-花蓮,2023-10-23,9621
00679B,元大美債20年,29,0,29,富邦-花蓮,2023-10-23,9621
2409,友達,27,2,25,富邦-花蓮,2023-10-23,9621
00881,國泰台灣5G+,22,0,22,富邦-花蓮,2023-10-23,9621
2305,全友,23,2,21,富邦-花蓮,2023-10-23,9621
6168,宏齊,28,7,21,富邦-花蓮,2023-10-23,9621
2885,元大金,21,1,20,富邦-花蓮,2023-10-23,9621
00772B,中信高評級公司債,20,0,20,富邦-花蓮,2023-10-23,9621
8110,華東,20,1,19,富邦-花蓮,2023-10-23,9621
00751B,元大AAA至A公司債,18,0,18,富邦-花蓮,2023-10-23,9621
6770,力積電,18,1,17,富邦-花蓮,2023-10-23,9621
2002,中鋼,18,2,16,富邦-花蓮,2023-10-23,9621
00933B,國泰10Y+金融債,19,3,16,富邦-花蓮,2023-10-23,9621
2881,富邦金,16,0,16,富邦-花蓮,2023-10-23,9621
2888,新光金,18,3,15,富邦-花蓮,2023-10-23,9621
2609,陽明,18,3,15,富邦-花蓮,2023-10-23,9621
2344,華邦電,13,1,12,富邦-花蓮,2023-10-23,9621
2353,宏��,12,0,12,富邦-花蓮,2023-10-23,9621
6526,達發,11,0,11,富邦-花蓮,2023-10-23,9621
00893,國泰智能電動車,12,2,10,富邦-花蓮,2023-10-23,9621
1301,台塑,10,0,10,富邦-花蓮,2023-10-23,9621
00648R,元大S＆P500反1,10,0,10,富邦-花蓮,2023-10-23,9621
00671R,富邦NASDAQ反1,10,0,10,富邦-花蓮,2023-10-23,9621
2104,國際中橡,10,0,10,富邦-花蓮,2023-10-23,9621
2605,新興,10,0,10,富邦-花蓮,2023-10-23,9621
2606,裕民,12,2,10,富邦-花蓮,2023-10-23,9621
2801,彰銀,10,0,10,富邦-花蓮,2023-10-23,9621
4979,華星光,17,7,10,富邦-花蓮,2023-10-23,9621
8936,國統,10,0,10,富邦-花蓮,2023-10-23,9621
9105,泰金寶-DR,10,0,10,富邦-花蓮,2023-10-23,9621
00720B,元大投資級公司債,9,0,9,富邦-花蓮,2023-10-23,9621
00931B,統一美債20年,9,0,9,富邦-花蓮,2023-10-23,9621
2301,光寶科,13,4,9,富邦-花蓮,2023-10-23,9621
2457,飛宏,11,2,9,富邦-花蓮,2023-10-23,9621
2492,華新科,10,1,9,富邦-花蓮,2023-10-23,9621
6202,盛群,10,1,9,富邦-花蓮,2023-10-23,9621
2883,凱基金,241,12,229,富邦-花蓮,2023-10-24,9621
2201,裕隆,123,2,121,富邦-花蓮,2023-10-24,9621
2356,英業達,132,27,105,富邦-花蓮,2023-10-24,9621
00929,復華台灣科技優息,130,31,99,富邦-花蓮,2023-10-24,9621
00712,復華富時不動產,50,0,50,富邦-花蓮,2023-10-24,9621
00904,新光臺灣半導體30,48,0,48,富邦-花蓮,2023-10-24,9621
3041,揚智,97,55,42,富邦-花蓮,2023-10-24,9621
2538,基泰,40,0,40,富邦-花蓮,2023-10-24,9621
2891,中信金,40,0,40,富邦-花蓮,2023-10-24,9621
0056,元大高股息,41,2,39,富邦-花蓮,2023-10-24,9621
3260,威剛,47,15,32,富邦-花蓮,2023-10-24,9621
00919,群益台灣精選高息,29,1,28,富邦-花蓮,2023-10-24,9621
2515,中工,40,12,28,富邦-花蓮,2023-10-24,9621
2834,臺企銀,26,0,26,富邦-花蓮,2023-10-24,9621
2610,華航,31,6,25,富邦-花蓮,2023-10-24,9621
2344,華邦電,25,1,24,富邦-花蓮,2023-10-24,9621
00881,國泰台灣5G+,23,0,23,富邦-花蓮,2023-10-24,9621
1216,統一,22,0,22,富邦-花蓮,2023-10-24,9621
2408,南亞科,23,2,21,富邦-花蓮,2023-10-24,9621
3715,定穎投控,50,29,21,富邦-花蓮,2023-10-24,9621
00923,群益台ESG低碳50,20,0,20,富邦-花蓮,2023-10-24,9621
8176,智捷,20,0,20,富邦-花蓮,2023-10-24,9621
9105,泰金寶-DR,20,0,20,富邦-花蓮,2023-10-24,9621
1721,三晃,34,15,19,富邦-花蓮,2023-10-24,9621
2916,滿心,19,0,19,富邦-花蓮,2023-10-24,9621
9943,好樂迪,18,0,18,富邦-花蓮,2023-10-24,9621
2363,矽統,48,30,18,富邦-花蓮,2023-10-24,9621
8040,九暘,17,1,16,富邦-花蓮,2023-10-24,9621
2002,中鋼,15,0,15,富邦-花蓮,2023-10-24,9621
00933B,國泰10Y+金融債,19,6,13,富邦-花蓮,2023-10-24,9621
8936,國統,30,17,13,富邦-花蓮,2023-10-24,9621
2369,菱生,60,49,11,富邦-花蓮,2023-10-24,9621
5272,笙科,12,1,11,富邦-花蓮,2023-10-24,9621
9955,佳龍,12,1,11,富邦-花蓮,2023-10-24,9621
5880,合庫金,11,0,11,富邦-花蓮,2023-10-24,9621
2303,聯電,16,6,10,富邦-花蓮,2023-10-24,9621
00665L,富邦�琤肭磪囓�2,10,0,10,富邦-花蓮,2023-10-24,9621
2390,云辰,10,0,10,富邦-花蓮,2023-10-24,9621
2617,台航,10,0,10,富邦-花蓮,2023-10-24,9621
3372,典範,10,0,10,富邦-花蓮,2023-10-24,9621
6156,松上,10,0,10,富邦-花蓮,2023-10-24,9621
8163,達方,10,0,10,富邦-花蓮,2023-10-24,9621
2409,友達,9,0,9,富邦-花蓮,2023-10-24,9621
2520,冠德,9,0,9,富邦-花蓮,2023-10-24,9621
3051,力特,81,72,9,富邦-花蓮,2023-10-24,9621
00922,國泰台灣領袖50,8,0,8,富邦-花蓮,2023-10-24,9621
4581,光隆精密-KY,8,0,8,富邦-花蓮,2023-10-24,9621
4933,友輝,9,1,8,富邦-花蓮,2023-10-24,9621
6288,聯嘉,8,0,8,富邦-花蓮,2023-10-24,9621
6695,芯鼎,15,8,7,富邦-花蓮,2023-10-24,9621
1524,耿鼎,90,39,51,富邦-花蓮,2023-10-25,9621
2104,國際中橡,48,0,48,富邦-花蓮,2023-10-25,9621
00637L,元大滬深300正2,40,0,40,富邦-花蓮,2023-10-25,9621
3041,揚智,86,46,40,富邦-花蓮,2023-10-25,9621
00679B,元大美債20年,33,0,33,富邦-花蓮,2023-10-25,9621
3312,弘憶股,30,0,30,富邦-花蓮,2023-10-25,9621
2337,旺宏,30,0,30,富邦-花蓮,2023-10-25,9621
2317,鴻海,33,4,29,富邦-花蓮,2023-10-25,9621
00712,復華富時不動產,28,0,28,富邦-花蓮,2023-10-25,9621
2453,凌群,26,1,25,富邦-花蓮,2023-10-25,9621
00902,中信電池及儲能,25,0,25,富邦-花蓮,2023-10-25,9621
2313,華通,32,8,24,富邦-花蓮,2023-10-25,9621
8033,雷虎,25,1,24,富邦-花蓮,2023-10-25,9621
00670L,富邦NASDAQ正2,23,0,23,富邦-花蓮,2023-10-25,9621
2002,中鋼,35,12,23,富邦-花蓮,2023-10-25,9621
00919,群益台灣精選高息,25,2,23,富邦-花蓮,2023-10-25,9621
00692,富邦公司治理,21,0,21,富邦-花蓮,2023-10-25,9621
2538,基泰,20,0,20,富邦-花蓮,2023-10-25,9621
00929,復華台灣科技優息,45,26,19,富邦-花蓮,2023-10-25,9621
8150,南茂,33,15,18,富邦-花蓮,2023-10-25,9621
8936,國統,20,2,18,富邦-花蓮,2023-10-25,9621
2886,兆豐金,18,1,17,富邦-花蓮,2023-10-25,9621
3231,緯創,53,35,18,富邦-花蓮,2023-10-25,9621
00900,富邦特選高股息30,22,5,17,富邦-花蓮,2023-10-25,9621
6276,安鈦克,21,4,17,富邦-花蓮,2023-10-25,9621
2630,亞航,16,0,16,富邦-花蓮,2023-10-25,9621
3704,合勤控,29,13,16,富邦-花蓮,2023-10-25,9621
3481,群創,37,23,14,富邦-花蓮,2023-10-25,9621
2356,英業達,17,6,11,富邦-花蓮,2023-10-25,9621
1612,宏泰,10,0,10,富邦-花蓮,2023-10-25,9621
5213,亞昕,10,0,10,富邦-花蓮,2023-10-25,9621
6133,金橋,10,0,10,富邦-花蓮,2023-10-25,9621
9105,泰金寶-DR,30,20,10,富邦-花蓮,2023-10-25,9621
8050,廣積,23,14,9,富邦-花蓮,2023-10-25,9621
6770,力積電,14,5,9,富邦-花蓮,2023-10-25,9621
00650L,復華香港正2,11,2,9,富邦-花蓮,2023-10-25,9621
2369,菱生,11,2,9,富邦-花蓮,2023-10-25,9621
2451,創見,10,1,9,富邦-花蓮,2023-10-25,9621
3051,力特,67,58,9,富邦-花蓮,2023-10-25,9621
3122,笙泉,16,7,9,富邦-花蓮,2023-10-25,9621
3169,亞信,11,2,9,富邦-花蓮,2023-10-25,9621
6233,旺玖,11,2,9,富邦-花蓮,2023-10-25,9621
00687B,國泰20年美債,9,1,8,富邦-花蓮,2023-10-25,9621
2892,第一金,9,0,9,富邦-花蓮,2023-10-25,9621
8044,網家,10,2,8,富邦-花蓮,2023-10-25,9621
2884,玉山金,8,0,8,富邦-花蓮,2023-10-25,9621
00751B,元大AAA至A公司債,9,1,8,富邦-花蓮,2023-10-25,9621
1568,倉佑,8,0,8,富邦-花蓮,2023-10-25,9621
00713,元大台灣高息低波,7,0,7,富邦-花蓮,2023-10-25,9621
0056,元大高股息,9,2,7,富邦-花蓮,2023-10-25,9621
00929,復華台灣科技優息,171,23,148,富邦-花蓮,2023-10-26,9621
00712,復華富時不動產,179,82,97,富邦-花蓮,2023-10-26,9621
2303,聯電,93,18,75,富邦-花蓮,2023-10-26,9621
2618,長榮航,80,12,68,富邦-花蓮,2023-10-26,9621
00878,國泰永續高股息,63,3,60,富邦-花蓮,2023-10-26,9621
2405,輔信,74,26,48,富邦-花蓮,2023-10-26,9621
3481,群創,60,14,46,富邦-花蓮,2023-10-26,9621
0056,元大高股息,51,6,45,富邦-花蓮,2023-10-26,9621
1314,中石化,61,16,45,富邦-花蓮,2023-10-26,9621
00919,群益台灣精選高息,47,3,44,富邦-花蓮,2023-10-26,9621
2369,菱生,44,0,44,富邦-花蓮,2023-10-26,9621
00671R,富邦NASDAQ反1,41,1,40,富邦-花蓮,2023-10-26,9621
2883,凱基金,36,1,35,富邦-花蓮,2023-10-26,9621
2344,華邦電,36,1,35,富邦-花蓮,2023-10-26,9621
00885,富邦越南,34,0,34,富邦-花蓮,2023-10-26,9621
2317,鴻海,43,9,34,富邦-花蓮,2023-10-26,9621
6150,撼訊,37,6,31,富邦-花蓮,2023-10-26,9621
00907,永豐優息存股,30,0,30,富邦-花蓮,2023-10-26,9621
2417,圓剛,30,0,30,富邦-花蓮,2023-10-26,9621
8176,智捷,30,0,30,富邦-花蓮,2023-10-26,9621
00900,富邦特選高股息30,27,0,27,富邦-花蓮,2023-10-26,9621
2371,大同,25,0,25,富邦-花蓮,2023-10-26,9621
2363,矽統,39,14,25,富邦-花蓮,2023-10-26,9621
9105,泰金寶-DR,23,0,23,富邦-花蓮,2023-10-26,9621
1702,南僑,21,0,21,富邦-花蓮,2023-10-26,9621
8358,金居,28,8,20,富邦-花蓮,2023-10-26,9621
6226,光鼎,20,0,20,富邦-花蓮,2023-10-26,9621
2409,友達,19,0,19,富邦-花蓮,2023-10-26,9621
2330,台積電,25,7,18,富邦-花蓮,2023-10-26,9621
3037,欣興,15,0,15,富邦-花蓮,2023-10-26,9621
00670L,富邦NASDAQ正2,16,1,15,富邦-花蓮,2023-10-26,9621
4956,光鋐,15,0,15,富邦-花蓮,2023-10-26,9621
6120,達運,15,0,15,富邦-花蓮,2023-10-26,9621
00922,國泰台灣領袖50,15,0,15,富邦-花蓮,2023-10-26,9621
00720B,元大投資級公司債,14,0,14,富邦-花蓮,2023-10-26,9621
3094,聯傑,14,0,14,富邦-花蓮,2023-10-26,9621
00687B,國泰20年美債,14,0,14,富邦-花蓮,2023-10-26,9621
00933B,國泰10Y+金融債,13,0,13,富邦-花蓮,2023-10-26,9621
2356,英業達,18,5,13,富邦-花蓮,2023-10-26,9621
2354,鴻準,12,0,12,富邦-花蓮,2023-10-26,9621
2538,基泰,12,0,12,富邦-花蓮,2023-10-26,9621
2634,漢翔,15,3,12,富邦-花蓮,2023-10-26,9621
6156,松上,12,0,12,富邦-花蓮,2023-10-26,9621
2436,偉詮電,12,1,11,富邦-花蓮,2023-10-26,9621
00830,國泰費城半導體,12,1,11,富邦-花蓮,2023-10-26,9621
1101,台泥,11,0,11,富邦-花蓮,2023-10-26,9621
1301,台塑,11,0,11,富邦-花蓮,2023-10-26,9621
1529,樂事綠能,11,0,11,富邦-花蓮,2023-10-26,9621
3059,華晶科,11,0,11,富邦-花蓮,2023-10-26,9621
4960,誠美材,12,1,11,富邦-花蓮,2023-10-26,9621
2883,凱基金,207,1,206,富邦-花蓮,2023-10-27,9621
00929,復華台灣科技優息,136,16,120,富邦-花蓮,2023-10-27,9621
2417,圓剛,71,0,71,富邦-花蓮,2023-10-27,9621
2618,長榮航,43,6,37,富邦-花蓮,2023-10-27,9621
2888,新光金,29,1,28,富邦-花蓮,2023-10-27,9621
6613,朋億*,27,0,27,富邦-花蓮,2023-10-27,9621
2337,旺宏,26,0,26,富邦-花蓮,2023-10-27,9621
2104,國際中橡,23,0,23,富邦-花蓮,2023-10-27,9621
00903,富邦元宇宙,21,0,21,富邦-花蓮,2023-10-27,9621
00902,中信電池及儲能,21,0,21,富邦-花蓮,2023-10-27,9621
3264,欣銓,27,7,20,富邦-花蓮,2023-10-27,9621
2303,聯電,23,5,18,富邦-花蓮,2023-10-27,9621
6202,盛群,15,0,15,富邦-花蓮,2023-10-27,9621
3025,星通,21,8,13,富邦-花蓮,2023-10-27,9621
3308,聯德,13,0,13,富邦-花蓮,2023-10-27,9621
00712,復華富時不動產,12,0,12,富邦-花蓮,2023-10-27,9621
2462,良得電,14,2,12,富邦-花蓮,2023-10-27,9621
3013,晟銘電,47,35,12,富邦-花蓮,2023-10-27,9621
0050,元大台灣50,11,0,11,富邦-花蓮,2023-10-27,9621
2344,華邦電,11,0,11,富邦-花蓮,2023-10-27,9621
2317,鴻海,15,4,11,富邦-花蓮,2023-10-27,9621
2408,南亞科,11,0,11,富邦-花蓮,2023-10-27,9621
2390,云辰,31,20,11,富邦-花蓮,2023-10-27,9621
2329,華泰,22,12,10,富邦-花蓮,2023-10-27,9621
2328,廣宇,10,0,10,富邦-花蓮,2023-10-27,9621
4148,全宇生技-KY,10,0,10,富邦-花蓮,2023-10-27,9621
00919,群益台灣精選高息,18,8,10,富邦-花蓮,2023-10-27,9621
3260,威剛,17,8,9,富邦-花蓮,2023-10-27,9621
2455,全新,11,2,9,富邦-花蓮,2023-10-27,9621
6243,迅杰,15,6,9,富邦-花蓮,2023-10-27,9621
00885,富邦越南,11,3,8,富邦-花蓮,2023-10-27,9621
00679B,元大美債20年,8,0,8,富邦-花蓮,2023-10-27,9621
1815,富喬,10,2,8,富邦-花蓮,2023-10-27,9621
2206,三陽工業,7,0,7,富邦-花蓮,2023-10-27,9621
2449,京元電子,11,4,7,富邦-花蓮,2023-10-27,9621
6443,元晶,8,1,7,富邦-花蓮,2023-10-27,9621
8040,九暘,7,0,7,富邦-花蓮,2023-10-27,9621
006208,富邦台50,8,1,7,富邦-花蓮,2023-10-27,9621
2382,廣達,10,4,6,富邦-花蓮,2023-10-27,9621
6770,力積電,6,0,6,富邦-花蓮,2023-10-27,9621
1473,台南,6,0,6,富邦-花蓮,2023-10-27,9621
2305,全友,8,2,6,富邦-花蓮,2023-10-27,9621
3322,建舜電,6,0,6,富邦-花蓮,2023-10-27,9621
8110,華東,6,0,6,富邦-花蓮,2023-10-27,9621
2330,台積電,5,0,5,富邦-花蓮,2023-10-27,9621
1513,中興電,9,4,5,富邦-花蓮,2023-10-27,9621
1909,榮成,5,0,5,富邦-花蓮,2023-10-27,9621
2201,裕隆,7,2,5,富邦-花蓮,2023-10-27,9621
3694,海華,5,0,5,富邦-花蓮,2023-10-27,9621
5425,台半,5,0,5,富邦-花蓮,2023-10-27,9621
2317,鴻海,143,31,112,富邦-花蓮,2023-10-30,9621
3481,群創,58,10,48,富邦-花蓮,2023-10-30,9621
00904,新光臺灣半導體30,47,0,47,富邦-花蓮,2023-10-30,9621
00712,復華富時不動產,96,50,46,富邦-花蓮,2023-10-30,9621
00878,國泰永續高股息,44,0,44,富邦-花蓮,2023-10-30,9621
2614,東森,35,0,35,富邦-花蓮,2023-10-30,9621
00687B,國泰20年美債,32,0,32,富邦-花蓮,2023-10-30,9621
1802,台玻,30,0,30,富邦-花蓮,2023-10-30,9621
2883,凱基金,28,0,28,富邦-花蓮,2023-10-30,9621
2610,華航,26,1,25,富邦-花蓮,2023-10-30,9621
2485,兆赫,69,44,25,富邦-花蓮,2023-10-30,9621
6443,元晶,45,21,24,富邦-花蓮,2023-10-30,9621
2618,長榮航,23,0,23,富邦-花蓮,2023-10-30,9621
3025,星通,23,0,23,富邦-花蓮,2023-10-30,9621
00919,群益台灣精選高息,27,5,22,富邦-花蓮,2023-10-30,9621
3231,緯創,59,38,21,富邦-花蓮,2023-10-30,9621
00922,國泰台灣領袖50,22,1,21,富邦-花蓮,2023-10-30,9621
00679B,元大美債20年,21,0,21,富邦-花蓮,2023-10-30,9621
00753L,中信中國50正2,20,0,20,富邦-花蓮,2023-10-30,9621
2886,兆豐金,20,0,20,富邦-花蓮,2023-10-30,9621
2417,圓剛,20,0,20,富邦-花蓮,2023-10-30,9621
2328,廣宇,19,0,19,富邦-花蓮,2023-10-30,9621
2885,元大金,18,0,18,富邦-花蓮,2023-10-30,9621
020022,元大電動車N,16,0,16,富邦-花蓮,2023-10-30,9621
00929,復華台灣科技優息,32,17,15,富邦-花蓮,2023-10-30,9621
00795B,中信美國公債20年,15,0,15,富邦-花蓮,2023-10-30,9621
5607,遠雄港,15,0,15,富邦-花蓮,2023-10-30,9621
8050,廣積,16,1,15,富邦-花蓮,2023-10-30,9621
2462,良得電,15,1,14,富邦-花蓮,2023-10-30,9621
0056,元大高股息,24,11,13,富邦-花蓮,2023-10-30,9621
1721,三晃,13,0,13,富邦-花蓮,2023-10-30,9621
3032,偉訓,17,4,13,富邦-花蓮,2023-10-30,9621
3176,基亞,19,6,13,富邦-花蓮,2023-10-30,9621
9105,泰金寶-DR,12,0,12,富邦-花蓮,2023-10-30,9621
4162,智擎,20,9,11,富邦-花蓮,2023-10-30,9621
2330,台積電,10,0,10,富邦-花蓮,2023-10-30,9621
1513,中興電,10,0,10,富邦-花蓮,2023-10-30,9621
4960,誠美材,10,0,10,富邦-花蓮,2023-10-30,9621
2887,台新金,14,4,10,富邦-花蓮,2023-10-30,9621
2303,聯電,31,22,9,富邦-花蓮,2023-10-30,9621
2634,漢翔,10,1,9,富邦-花蓮,2023-10-30,9621
8390,金益鼎,14,5,9,富邦-花蓮,2023-10-30,9621
3704,合勤控,18,10,8,富邦-花蓮,2023-10-30,9621
00852L,國泰美國道瓊正2,8,0,8,富邦-花蓮,2023-10-30,9621
3715,定穎投控,51,43,8,富邦-花蓮,2023-10-30,9621
2884,玉山金,9,1,8,富邦-花蓮,2023-10-30,9621
6770,力積電,8,1,7,富邦-花蓮,2023-10-30,9621
2301,光寶科,10,3,7,富邦-花蓮,2023-10-30,9621
6117,迎廣,22,15,7,富邦-花蓮,2023-10-30,9621
6462,神盾,7,0,7,富邦-花蓮,2023-10-30,9621
2883,凱基金,116,5,111,富邦-花蓮,2023-10-31,9621
00878,國泰永續高股息,62,1,61,富邦-花蓮,2023-10-31,9621
0056,元大高股息,70,10,60,富邦-花蓮,2023-10-31,9621
00664R,國泰臺灣加權反1,60,0,60,富邦-花蓮,2023-10-31,9621
00919,群益台灣精選高息,51,2,49,富邦-花蓮,2023-10-31,9621
00929,復華台灣科技優息,68,19,49,富邦-花蓮,2023-10-31,9621
00679B,元大美債20年,42,0,42,富邦-花蓮,2023-10-31,9621
00637L,元大滬深300正2,39,0,39,富邦-花蓮,2023-10-31,9621
1605,華新,38,0,38,富邦-花蓮,2023-10-31,9621
2417,圓剛,39,2,37,富邦-花蓮,2023-10-31,9621
2344,華邦電,50,14,36,富邦-花蓮,2023-10-31,9621
2201,裕隆,38,2,36,富邦-花蓮,2023-10-31,9621
6026,福邦證,30,0,30,富邦-花蓮,2023-10-31,9621
8040,九暘,27,0,27,富邦-花蓮,2023-10-31,9621
2382,廣達,39,14,25,富邦-花蓮,2023-10-31,9621
00916,國泰全球品牌50,25,0,25,富邦-花蓮,2023-10-31,9621
2303,聯電,54,30,24,富邦-花蓮,2023-10-31,9621
6202,盛群,21,0,21,富邦-花蓮,2023-10-31,9621
6613,朋億*,21,0,21,富邦-花蓮,2023-10-31,9621
6282,康舒,21,2,19,富邦-花蓮,2023-10-31,9621
1802,台玻,22,4,18,富邦-花蓮,2023-10-31,9621
4581,光隆精密-KY,18,0,18,富邦-花蓮,2023-10-31,9621
2891,中信金,18,0,18,富邦-花蓮,2023-10-31,9621
2388,威盛,23,6,17,富邦-花蓮,2023-10-31,9621
6139,亞翔,20,3,17,富邦-花蓮,2023-10-31,9621
00893,國泰智能電動車,16,0,16,富邦-花蓮,2023-10-31,9621
2887,台新金,16,0,16,富邦-花蓮,2023-10-31,9621
2324,仁寶,15,0,15,富邦-花蓮,2023-10-31,9621
2916,滿心,15,0,15,富邦-花蓮,2023-10-31,9621
3189,景碩,17,2,15,富邦-花蓮,2023-10-31,9621
3491,昇達科,35,20,15,富邦-花蓮,2023-10-31,9621
2363,矽統,19,5,14,富邦-花蓮,2023-10-31,9621
3078,僑威,17,4,13,富邦-花蓮,2023-10-31,9621
5272,笙科,27,14,13,富邦-花蓮,2023-10-31,9621
0050,元大台灣50,13,0,13,富邦-花蓮,2023-10-31,9621
2367,燿華,18,6,12,富邦-花蓮,2023-10-31,9621
2387,精元,12,0,12,富邦-花蓮,2023-10-31,9621
6741,91APP*-KY,12,0,12,富邦-花蓮,2023-10-31,9621
020022,元大電動車N,11,0,11,富邦-花蓮,2023-10-31,9621
2457,飛宏,11,0,11,富邦-花蓮,2023-10-31,9621
2465,麗臺,11,0,11,富邦-花蓮,2023-10-31,9621
1434,福懋,10,0,10,富邦-花蓮,2023-10-31,9621
00891,中信關鍵半導體,10,0,10,富邦-花蓮,2023-10-31,9621
1785,光洋科,11,1,10,富邦-花蓮,2023-10-31,9621
2867,三商壽,10,0,10,富邦-花蓮,2023-10-31,9621
3094,聯傑,22,12,10,富邦-花蓮,2023-10-31,9621
3576,聯合再生,459,449,10,富邦-花蓮,2023-10-31,9621
3622,洋華,10,0,10,富邦-花蓮,2023-10-31,9621
5225,東科-KY,10,0,10,富邦-花蓮,2023-10-31,9621
8358,金居,10,0,10,富邦-花蓮,2023-10-31,9621
1314,中石化,163,25,138,富邦-花蓮,2023-11-01,9621
00679B,元大美債20年,70,2,68,富邦-花蓮,2023-11-01,9621
3481,群創,60,0,60,富邦-花蓮,2023-11-01,9621
00934,中信成長高股息,57,0,57,富邦-花蓮,2023-11-01,9621
00885,富邦越南,50,0,50,富邦-花蓮,2023-11-01,9621
00676R,富邦臺灣加權反1,42,0,42,富邦-花蓮,2023-11-01,9621
00878,國泰永續高股息,46,4,42,富邦-花蓮,2023-11-01,9621
2542,興富發,41,3,38,富邦-花蓮,2023-11-01,9621
00929,復華台灣科技優息,83,52,31,富邦-花蓮,2023-11-01,9621
00753L,中信中國50正2,30,0,30,富邦-花蓮,2023-11-01,9621
2520,冠德,30,0,30,富邦-花蓮,2023-11-01,9621
0056,元大高股息,37,10,27,富邦-花蓮,2023-11-01,9621
2610,華航,43,19,24,富邦-花蓮,2023-11-01,9621
2353,宏��,25,4,21,富邦-花蓮,2023-11-01,9621
00665L,富邦�琤肭磪囓�2,40,20,20,富邦-花蓮,2023-11-01,9621
2390,云辰,23,3,20,富邦-花蓮,2023-11-01,9621
2401,凌陽,23,4,19,富邦-花蓮,2023-11-01,9621
4550,長佳,19,0,19,富邦-花蓮,2023-11-01,9621
2409,友達,19,1,18,富邦-花蓮,2023-11-01,9621
2303,聯電,23,6,17,富邦-花蓮,2023-11-01,9621
4915,致伸,17,1,16,富邦-花蓮,2023-11-01,9621
00687B,國泰20年美債,16,0,16,富邦-花蓮,2023-11-01,9621
2891,中信金,22,7,15,富邦-花蓮,2023-11-01,9621
1713,國化,15,0,15,富邦-花蓮,2023-11-01,9621
6770,力積電,17,2,15,富邦-花蓮,2023-11-01,9621
2337,旺宏,16,1,15,富邦-花蓮,2023-11-01,9621
6191,精成科,31,18,13,富邦-花蓮,2023-11-01,9621
5521,工信,53,40,13,富邦-花蓮,2023-11-01,9621
2363,矽統,20,8,12,富邦-花蓮,2023-11-01,9621
2201,裕隆,13,1,12,富邦-花蓮,2023-11-01,9621
2888,新光金,13,1,12,富邦-花蓮,2023-11-01,9621
3450,聯鈞,19,7,12,富邦-花蓮,2023-11-01,9621
3078,僑威,11,0,11,富邦-花蓮,2023-11-01,9621
2063,世鎧,11,0,11,富邦-花蓮,2023-11-01,9621
3545,敦泰,11,0,11,富邦-花蓮,2023-11-01,9621
2009,第一銅,10,0,10,富邦-花蓮,2023-11-01,9621
3322,建舜電,21,11,10,富邦-花蓮,2023-11-01,9621
3576,聯合再生,10,0,10,富邦-花蓮,2023-11-01,9621
6284,佳邦,25,15,10,富邦-花蓮,2023-11-01,9621
6418,詠昇,10,0,10,富邦-花蓮,2023-11-01,9621
8048,德勝,10,0,10,富邦-花蓮,2023-11-01,9621
3380,明泰,11,2,9,富邦-花蓮,2023-11-01,9621
6182,合晶,9,1,8,富邦-花蓮,2023-11-01,9621
00933B,國泰10Y+金融債,8,0,8,富邦-花蓮,2023-11-01,9621
5328,華容,9,1,8,富邦-花蓮,2023-11-01,9621
00931B,統一美債20年,7,0,7,富邦-花蓮,2023-11-01,9621
1605,華新,7,0,7,富邦-花蓮,2023-11-01,9621
2543,皇昌,9,2,7,富邦-花蓮,2023-11-01,9621
3217,優群,7,0,7,富邦-花蓮,2023-11-01,9621
4167,松瑞藥,7,0,7,富邦-花蓮,2023-11-01,9621
00934,中信成長高股息,91,0,91,富邦-花蓮,2023-11-02,9621
2883,凱基金,85,3,82,富邦-花蓮,2023-11-02,9621
00679B,元大美債20年,63,0,63,富邦-花蓮,2023-11-02,9621
1314,中石化,59,3,56,富邦-花蓮,2023-11-02,9621
00878,國泰永續高股息,65,10,55,富邦-花蓮,2023-11-02,9621
5521,工信,47,2,45,富邦-花蓮,2023-11-02,9621
8358,金居,36,11,25,富邦-花蓮,2023-11-02,9621
00885,富邦越南,21,0,21,富邦-花蓮,2023-11-02,9621
00676R,富邦臺灣加權反1,20,0,20,富邦-花蓮,2023-11-02,9621
00665L,富邦�琤肭磪囓�2,40,20,20,富邦-花蓮,2023-11-02,9621
6120,達運,30,10,20,富邦-花蓮,2023-11-02,9621
1785,光洋科,19,0,19,富邦-花蓮,2023-11-02,9621
6223,旺矽,19,1,18,富邦-花蓮,2023-11-02,9621
00715L,期街口布蘭特正2,18,1,17,富邦-花蓮,2023-11-02,9621
3372,典範,16,0,16,富邦-花蓮,2023-11-02,9621
3576,聯合再生,15,0,15,富邦-花蓮,2023-11-02,9621
8040,九暘,13,0,13,富邦-花蓮,2023-11-02,9621
8176,智捷,13,0,13,富邦-花蓮,2023-11-02,9621
2317,鴻海,14,1,13,富邦-花蓮,2023-11-02,9621
00900,富邦特選高股息30,38,27,11,富邦-花蓮,2023-11-02,9621
2367,燿華,18,7,11,富邦-花蓮,2023-11-02,9621
2851,中再保,11,0,11,富邦-花蓮,2023-11-02,9621
00751B,元大AAA至A公司債,11,1,10,富邦-花蓮,2023-11-02,9621
00680L,元大美債20正2,12,2,10,富邦-花蓮,2023-11-02,9621
2838,聯邦銀,10,0,10,富邦-花蓮,2023-11-02,9621
4533,協易機,10,0,10,富邦-花蓮,2023-11-02,9621
0056,元大高股息,42,33,9,富邦-花蓮,2023-11-02,9621
00632R,元大台灣50反1,9,0,9,富邦-花蓮,2023-11-02,9621
1731,美吾華,10,1,9,富邦-花蓮,2023-11-02,9621
6901,鑽石投資,9,0,9,富邦-花蓮,2023-11-02,9621
2436,偉詮電,11,2,9,富邦-花蓮,2023-11-02,9621
6526,達發,8,0,8,富邦-花蓮,2023-11-02,9621
3022,威強電,8,0,8,富邦-花蓮,2023-11-02,9621
8050,廣積,10,2,8,富邦-花蓮,2023-11-02,9621
8112,至上,11,3,8,富邦-花蓮,2023-11-02,9621
2376,技嘉,21,14,7,富邦-花蓮,2023-11-02,9621
00935,野村臺灣新科技50,16,9,7,富邦-花蓮,2023-11-02,9621
3006,晶豪科,17,10,7,富邦-花蓮,2023-11-02,9621
3715,定穎投控,88,81,7,富邦-花蓮,2023-11-02,9621
6168,宏齊,13,6,7,富邦-花蓮,2023-11-02,9621
1721,三晃,6,0,6,富邦-花蓮,2023-11-02,9621
2736,富野,6,0,6,富邦-花蓮,2023-11-02,9621
2614,東森,5,0,5,富邦-花蓮,2023-11-02,9621
2455,全新,5,0,5,富邦-花蓮,2023-11-02,9621
00637L,元大滬深300正2,10,5,5,富邦-花蓮,2023-11-02,9621
00902,中信電池及儲能,5,0,5,富邦-花蓮,2023-11-02,9621
2009,第一銅,5,0,5,富邦-花蓮,2023-11-02,9621
2356,英業達,19,14,5,富邦-花蓮,2023-11-02,9621
2405,輔信,5,0,5,富邦-花蓮,2023-11-02,9621
2617,台航,5,0,5,富邦-花蓮,2023-11-02,9621
2363,矽統,336,190,146,富邦-花蓮,2023-11-03,9621
3481,群創,112,22,90,富邦-花蓮,2023-11-03,9621
00929,復華台灣科技優息,102,44,58,富邦-花蓮,2023-11-03,9621
2916,滿心,42,0,42,富邦-花蓮,2023-11-03,9621
00637L,元大滬深300正2,50,10,40,富邦-花蓮,2023-11-03,9621
00878,國泰永續高股息,38,6,32,富邦-花蓮,2023-11-03,9621
2413,環科,33,1,32,富邦-花蓮,2023-11-03,9621
00688L,國泰20年美債正2,32,1,31,富邦-花蓮,2023-11-03,9621
8150,南茂,27,0,27,富邦-花蓮,2023-11-03,9621
2353,宏��,39,17,22,富邦-花蓮,2023-11-03,9621
5328,華容,22,0,22,富邦-花蓮,2023-11-03,9621
00655L,國泰中國A50正2,20,0,20,富邦-花蓮,2023-11-03,9621
6125,廣運,21,2,19,富邦-花蓮,2023-11-03,9621
2453,凌群,20,1,19,富邦-花蓮,2023-11-03,9621
2317,鴻海,40,21,19,富邦-花蓮,2023-11-03,9621
4908,前鼎,32,14,18,富邦-花蓮,2023-11-03,9621
00687B,國泰20年美債,23,8,15,富邦-花蓮,2023-11-03,9621
2458,義隆,20,5,15,富邦-花蓮,2023-11-03,9621
2356,英業達,15,3,12,富邦-花蓮,2023-11-03,9621
00632R,元大台灣50反1,12,0,12,富邦-花蓮,2023-11-03,9621
1609,大亞,16,4,12,富邦-花蓮,2023-11-03,9621
2382,廣達,17,5,12,富邦-花蓮,2023-11-03,9621
3231,緯創,47,35,12,富邦-花蓮,2023-11-03,9621
6133,金橋,13,2,11,富邦-花蓮,2023-11-03,9621
6156,松上,18,7,11,富邦-花蓮,2023-11-03,9621
8044,網家,11,0,11,富邦-花蓮,2023-11-03,9621
8105,凌巨,11,0,11,富邦-花蓮,2023-11-03,9621
8046,南電,10,0,10,富邦-花蓮,2023-11-03,9621
00891,中信關鍵半導體,10,0,10,富邦-花蓮,2023-11-03,9621
2405,輔信,10,0,10,富邦-花蓮,2023-11-03,9621
6120,達運,10,0,10,富邦-花蓮,2023-11-03,9621
1760,寶齡富錦,9,0,9,富邦-花蓮,2023-11-03,9621
2367,燿華,11,2,9,富邦-花蓮,2023-11-03,9621
00919,群益台灣精選高息,8,0,8,富邦-花蓮,2023-11-03,9621
2489,瑞軒,8,0,8,富邦-花蓮,2023-11-03,9621
2543,皇昌,13,5,8,富邦-花蓮,2023-11-03,9621
4128,中天,8,0,8,富邦-花蓮,2023-11-03,9621
3029,零壹,8,0,8,富邦-花蓮,2023-11-03,9621
2402,毅嘉,8,0,8,富邦-花蓮,2023-11-03,9621
4167,松瑞藥,8,1,7,富邦-花蓮,2023-11-03,9621
6658,聯策,8,1,7,富邦-花蓮,2023-11-03,9621
6285,啟��,24,17,7,富邦-花蓮,2023-11-03,9621
1301,台塑,6,0,6,富邦-花蓮,2023-11-03,9621
00715L,期街口布蘭特正2,10,4,6,富邦-花蓮,2023-11-03,9621
00673R,期元大S＆P原油反1,6,0,6,富邦-花蓮,2023-11-03,9621
2337,旺宏,6,0,6,富邦-花蓮,2023-11-03,9621
5469,瀚宇博,6,0,6,富邦-花蓮,2023-11-03,9621
6168,宏齊,8,2,6,富邦-花蓮,2023-11-03,9621
6274,台燿,59,53,6,富邦-花蓮,2023-11-03,9621
6443,元晶,6,0,6,富邦-花蓮,2023-11-03,9621
2543,皇昌,151,10,141,富邦-花蓮,2023-11-06,9621
00632R,元大台灣50反1,85,0,85,富邦-花蓮,2023-11-06,9621
2025,千興,67,0,67,富邦-花蓮,2023-11-06,9621
2363,矽統,104,59,45,富邦-花蓮,2023-11-06,9621
2453,凌群,44,2,42,富邦-花蓮,2023-11-06,9621
00687B,國泰20年美債,44,4,40,富邦-花蓮,2023-11-06,9621
00715L,期街口布蘭特正2,35,1,34,富邦-花蓮,2023-11-06,9621
3044,健鼎,40,11,29,富邦-花蓮,2023-11-06,9621
2614,東森,28,0,28,富邦-花蓮,2023-11-06,9621
2313,華通,33,8,25,富邦-花蓮,2023-11-06,9621
2303,聯電,92,69,23,富邦-花蓮,2023-11-06,9621
2388,威盛,91,69,22,富邦-花蓮,2023-11-06,9621
1524,耿鼎,24,2,22,富邦-花蓮,2023-11-06,9621
6156,松上,48,28,20,富邦-花蓮,2023-11-06,9621
00679B,元大美債20年,22,3,19,富邦-花蓮,2023-11-06,9621
1721,三晃,32,14,18,富邦-花蓮,2023-11-06,9621
00934,中信成長高股息,18,0,18,富邦-花蓮,2023-11-06,9621
2609,陽明,23,7,16,富邦-花蓮,2023-11-06,9621
6182,合晶,17,1,16,富邦-花蓮,2023-11-06,9621
1609,大亞,18,3,15,富邦-花蓮,2023-11-06,9621
2883,凱基金,24,9,15,富邦-花蓮,2023-11-06,9621
1785,光洋科,18,5,13,富邦-花蓮,2023-11-06,9621
2603,長榮,20,7,13,富邦-花蓮,2023-11-06,9621
4188,安克,13,0,13,富邦-花蓮,2023-11-06,9621
2332,友訊,12,0,12,富邦-花蓮,2023-11-06,9621
2406,國碩,12,1,11,富邦-花蓮,2023-11-06,9621
5381,合正,11,0,11,富邦-花蓮,2023-11-06,9621
2413,環科,10,0,10,富邦-花蓮,2023-11-06,9621
3663,鑫科,10,0,10,富邦-花蓮,2023-11-06,9621
6116,彩晶,10,0,10,富邦-花蓮,2023-11-06,9621
6184,大豐電,10,0,10,富邦-花蓮,2023-11-06,9621
6197,佳必琪,31,21,10,富邦-花蓮,2023-11-06,9621
5351,鈺創,17,7,10,富邦-花蓮,2023-11-06,9621
1504,東元,14,5,9,富邦-花蓮,2023-11-06,9621
3508,位速,10,1,9,富邦-花蓮,2023-11-06,9621
6603,富強鑫,9,0,9,富邦-花蓮,2023-11-06,9621
6223,旺矽,12,3,9,富邦-花蓮,2023-11-06,9621
4961,天鈺,9,0,9,富邦-花蓮,2023-11-06,9621
8163,達方,15,7,8,富邦-花蓮,2023-11-06,9621
00935,野村臺灣新科技50,8,0,8,富邦-花蓮,2023-11-06,9621
2317,鴻海,11,4,7,富邦-花蓮,2023-11-06,9621
2882,國泰金,7,0,7,富邦-花蓮,2023-11-06,9621
3483,力致,9,2,7,富邦-花蓮,2023-11-06,9621
3694,海華,10,3,7,富邦-花蓮,2023-11-06,9621
6120,達運,7,0,7,富邦-花蓮,2023-11-06,9621
6173,信昌電,8,1,7,富邦-花蓮,2023-11-06,9621
2105,正新,7,1,6,富邦-花蓮,2023-11-06,9621
2486,一詮,12,6,6,富邦-花蓮,2023-11-06,9621
3176,基亞,7,1,6,富邦-花蓮,2023-11-06,9621
6122,擎邦,6,0,6,富邦-花蓮,2023-11-06,9621
2025,千興,60,9,51,富邦-花蓮,2023-11-07,9621
00882,中信中國高股息,51,4,47,富邦-花蓮,2023-11-07,9621
2618,長榮航,55,15,40,富邦-花蓮,2023-11-07,9621
1324,地球,44,11,33,富邦-花蓮,2023-11-07,9621
2317,鴻海,32,0,32,富邦-花蓮,2023-11-07,9621
3481,群創,32,0,32,富邦-花蓮,2023-11-07,9621
00665L,富邦�琤肭磪囓�2,30,0,30,富邦-花蓮,2023-11-07,9621
2634,漢翔,40,13,27,富邦-花蓮,2023-11-07,9621
2610,華航,32,7,25,富邦-花蓮,2023-11-07,9621
5328,華容,25,1,24,富邦-花蓮,2023-11-07,9621
00919,群益台灣精選高息,23,1,22,富邦-花蓮,2023-11-07,9621
2359,所羅門,36,14,22,富邦-花蓮,2023-11-07,9621
00715L,期街口布蘭特正2,20,0,20,富邦-花蓮,2023-11-07,9621
00878,國泰永續高股息,30,11,19,富邦-花蓮,2023-11-07,9621
8040,九暘,16,1,15,富邦-花蓮,2023-11-07,9621
2002,中鋼,14,0,14,富邦-花蓮,2023-11-07,9621
1314,中石化,14,1,13,富邦-花蓮,2023-11-07,9621
1524,耿鼎,13,0,13,富邦-花蓮,2023-11-07,9621
00676R,富邦臺灣加權反1,13,0,13,富邦-花蓮,2023-11-07,9621
3444,利機,19,6,13,富邦-花蓮,2023-11-07,9621
6548,長科*,13,0,13,富邦-花蓮,2023-11-07,9621
2492,華新科,14,2,12,富邦-花蓮,2023-11-07,9621
6156,松上,12,0,12,富邦-花蓮,2023-11-07,9621
00934,中信成長高股息,12,1,11,富邦-花蓮,2023-11-07,9621
6197,佳必琪,20,9,11,富邦-花蓮,2023-11-07,9621
8358,金居,11,0,11,富邦-花蓮,2023-11-07,9621
2867,三商壽,11,0,11,富邦-花蓮,2023-11-07,9621
2883,凱基金,11,0,11,富邦-花蓮,2023-11-07,9621
00632R,元大台灣50反1,10,0,10,富邦-花蓮,2023-11-07,9621
00890B,凱基ESG BBB債,10,0,10,富邦-花蓮,2023-11-07,9621
00933B,國泰10Y+金融債,11,1,10,富邦-花蓮,2023-11-07,9621
2355,敬鵬,10,0,10,富邦-花蓮,2023-11-07,9621
2449,京元電子,22,12,10,富邦-花蓮,2023-11-07,9621
2838,聯邦銀,10,0,10,富邦-花蓮,2023-11-07,9621
3605,宏致,10,0,10,富邦-花蓮,2023-11-07,9621
4108,懷特,11,1,10,富邦-花蓮,2023-11-07,9621
5512,力麒,10,0,10,富邦-花蓮,2023-11-07,9621
2390,云辰,23,14,9,富邦-花蓮,2023-11-07,9621
5381,合正,10,1,9,富邦-花蓮,2023-11-07,9621
3105,穩懋,23,15,8,富邦-花蓮,2023-11-07,9621
00891,中信關鍵半導體,10,2,8,富邦-花蓮,2023-11-07,9621
00687B,國泰20年美債,11,3,8,富邦-花蓮,2023-11-07,9621
2888,新光金,8,0,8,富邦-花蓮,2023-11-07,9621
3548,兆利,19,11,8,富邦-花蓮,2023-11-07,9621
2344,華邦電,9,1,8,富邦-花蓮,2023-11-07,9621
00712,復華富時不動產,8,0,8,富邦-花蓮,2023-11-07,9621
00935,野村臺灣新科技50,7,0,7,富邦-花蓮,2023-11-07,9621
00751B,元大AAA至A公司債,7,0,7,富邦-花蓮,2023-11-07,9621
2413,環科,7,0,7,富邦-花蓮,2023-11-07,9621
2743,山富,11,4,7,富邦-花蓮,2023-11-07,9621
00936,台新永續高息中小,125,0,125,富邦-花蓮,2023-11-08,9621
2363,矽統,120,62,58,富邦-花蓮,2023-11-08,9621
2618,長榮航,87,31,56,富邦-花蓮,2023-11-08,9621
00715L,期街口布蘭特正2,69,21,48,富邦-花蓮,2023-11-08,9621
6156,松上,35,0,35,富邦-花蓮,2023-11-08,9621
00878,國泰永續高股息,53,18,35,富邦-花蓮,2023-11-08,9621
1568,倉佑,39,5,34,富邦-花蓮,2023-11-08,9621
6122,擎邦,51,22,29,富邦-花蓮,2023-11-08,9621
9943,好樂迪,30,3,27,富邦-花蓮,2023-11-08,9621
1815,富喬,37,11,26,富邦-花蓮,2023-11-08,9621
00929,復華台灣科技優息,65,40,25,富邦-花蓮,2023-11-08,9621
5355,佳總,24,0,24,富邦-花蓮,2023-11-08,9621
6191,精成科,22,0,22,富邦-花蓮,2023-11-08,9621
00935,野村臺灣新科技50,21,0,21,富邦-花蓮,2023-11-08,9621
3022,威強電,22,1,21,富邦-花蓮,2023-11-08,9621
00665L,富邦�琤肭磪囓�2,20,0,20,富邦-花蓮,2023-11-08,9621
00923,群益台ESG低碳50,21,2,19,富邦-花蓮,2023-11-08,9621
3026,禾伸堂,19,0,19,富邦-花蓮,2023-11-08,9621
4973,廣穎,18,0,18,富邦-花蓮,2023-11-08,9621
8110,華東,17,0,17,富邦-花蓮,2023-11-08,9621
1605,華新,16,0,16,富邦-花蓮,2023-11-08,9621
1609,大亞,16,0,16,富邦-花蓮,2023-11-08,9621
00933B,國泰10Y+金融債,20,5,15,富邦-花蓮,2023-11-08,9621
2104,國際中橡,15,0,15,富邦-花蓮,2023-11-08,9621
2353,宏��,21,6,15,富邦-花蓮,2023-11-08,9621
8046,南電,21,7,14,富邦-花蓮,2023-11-08,9621
2401,凌陽,28,14,14,富邦-花蓮,2023-11-08,9621
5381,合正,14,0,14,富邦-花蓮,2023-11-08,9621
8240,華宏,14,0,14,富邦-花蓮,2023-11-08,9621
2388,威盛,115,101,14,富邦-花蓮,2023-11-08,9621
2376,技嘉,25,12,13,富邦-花蓮,2023-11-08,9621
2609,陽明,18,5,13,富邦-花蓮,2023-11-08,9621
5222,全訊,14,1,13,富邦-花蓮,2023-11-08,9621
5347,世界,14,1,13,富邦-花蓮,2023-11-08,9621
6117,迎廣,24,11,13,富邦-花蓮,2023-11-08,9621
1524,耿鼎,30,18,12,富邦-花蓮,2023-11-08,9621
1471,首利,12,0,12,富邦-花蓮,2023-11-08,9621
2492,華新科,12,1,11,富邦-花蓮,2023-11-08,9621
2201,裕隆,14,3,11,富邦-花蓮,2023-11-08,9621
2324,仁寶,15,4,11,富邦-花蓮,2023-11-08,9621
3520,華盈,11,0,11,富邦-花蓮,2023-11-08,9621
6901,鑽石投資,15,4,11,富邦-花蓮,2023-11-08,9621
2455,全新,14,4,10,富邦-花蓮,2023-11-08,9621
00632R,元大台灣50反1,10,0,10,富邦-花蓮,2023-11-08,9621
00931B,統一美債20年,20,10,10,富邦-花蓮,2023-11-08,9621
1308,亞聚,10,0,10,富邦-花蓮,2023-11-08,9621
2453,凌群,13,3,10,富邦-花蓮,2023-11-08,9621
2867,三商壽,10,0,10,富邦-花蓮,2023-11-08,9621
2888,新光金,10,0,10,富邦-花蓮,2023-11-08,9621
6202,盛群,10,0,10,富邦-花蓮,2023-11-08,9621
00665L,富邦�琤肭磪囓�2,180,0,180,富邦-花蓮,2023-11-09,9621
2329,華泰,199,85,114,富邦-花蓮,2023-11-09,9621
00929,復華台灣科技優息,120,13,107,富邦-花蓮,2023-11-09,9621
6122,擎邦,100,9,91,富邦-花蓮,2023-11-09,9621
00936,台新永續高息中小,76,0,76,富邦-花蓮,2023-11-09,9621
00878,國泰永續高股息,72,1,71,富邦-花蓮,2023-11-09,9621
00715L,期街口布蘭特正2,51,1,50,富邦-花蓮,2023-11-09,9621
1515,力山,53,3,50,富邦-花蓮,2023-11-09,9621
1314,中石化,41,0,41,富邦-花蓮,2023-11-09,9621
1568,倉佑,39,4,35,富邦-花蓮,2023-11-09,9621
3041,揚智,39,5,34,富邦-花蓮,2023-11-09,9621
3260,威剛,41,10,31,富邦-花蓮,2023-11-09,9621
6530,創威,56,27,29,富邦-花蓮,2023-11-09,9621
00934,中信成長高股息,25,0,25,富邦-花蓮,2023-11-09,9621
8046,南電,29,4,25,富邦-花蓮,2023-11-09,9621
2618,長榮航,45,20,25,富邦-花蓮,2023-11-09,9621
3013,晟銘電,29,6,23,富邦-花蓮,2023-11-09,9621
6156,松上,23,0,23,富邦-花蓮,2023-11-09,9621
4128,中天,32,10,22,富邦-花蓮,2023-11-09,9621
0056,元大高股息,34,13,21,富邦-花蓮,2023-11-09,9621
00679B,元大美債20年,23,5,18,富邦-花蓮,2023-11-09,9621
2331,精英,47,29,18,富邦-花蓮,2023-11-09,9621
5321,美而快,21,3,18,富邦-花蓮,2023-11-09,9621
2634,漢翔,20,2,18,富邦-花蓮,2023-11-09,9621
2303,聯電,21,4,17,富邦-花蓮,2023-11-09,9621
2344,華邦電,17,0,17,富邦-花蓮,2023-11-09,9621
5347,世界,19,3,16,富邦-花蓮,2023-11-09,9621
3049,精金,15,0,15,富邦-花蓮,2023-11-09,9621
2313,華通,21,6,15,富邦-花蓮,2023-11-09,9621
6282,康舒,16,2,14,富邦-花蓮,2023-11-09,9621
00900,富邦特選高股息30,23,9,14,富邦-花蓮,2023-11-09,9621
4934,太極,12,0,12,富邦-花蓮,2023-11-09,9621
1815,富喬,21,9,12,富邦-花蓮,2023-11-09,9621
3122,笙泉,33,21,12,富邦-花蓮,2023-11-09,9621
1308,亞聚,11,0,11,富邦-花蓮,2023-11-09,9621
2809,京城銀,11,0,11,富邦-花蓮,2023-11-09,9621
3704,合勤控,13,2,11,富邦-花蓮,2023-11-09,9621
3576,聯合再生,10,0,10,富邦-花蓮,2023-11-09,9621
2610,華航,28,18,10,富邦-花蓮,2023-11-09,9621
00795B,中信美國公債20年,10,0,10,富邦-花蓮,2023-11-09,9621
3059,華晶科,10,0,10,富邦-花蓮,2023-11-09,9621
5469,瀚宇博,10,0,10,富邦-花蓮,2023-11-09,9621
8111,立��,10,0,10,富邦-花蓮,2023-11-09,9621
3169,亞信,9,0,9,富邦-花蓮,2023-11-09,9621
8176,智捷,9,0,9,富邦-花蓮,2023-11-09,9621
6125,廣運,9,0,9,富邦-花蓮,2023-11-09,9621
5403,中菲,8,0,8,富邦-花蓮,2023-11-09,9621
6182,合晶,8,0,8,富邦-花蓮,2023-11-09,9621
2427,三商電,17,9,8,富邦-花蓮,2023-11-09,9621
1101,台泥,7,0,7,富邦-花蓮,2023-11-09,9621
00878,國泰永續高股息,107,1,106,富邦-花蓮,2023-11-10,9621
00929,復華台灣科技優息,105,16,89,富邦-花蓮,2023-11-10,9621
1455,集盛,85,0,85,富邦-花蓮,2023-11-10,9621
00936,台新永續高息中小,57,2,55,富邦-花蓮,2023-11-10,9621
9943,好樂迪,53,1,52,富邦-花蓮,2023-11-10,9621
2363,矽統,114,70,44,富邦-花蓮,2023-11-10,9621
00934,中信成長高股息,44,2,42,富邦-花蓮,2023-11-10,9621
00665L,富邦�琤肭磪囓�2,40,0,40,富邦-花蓮,2023-11-10,9621
2610,華航,40,2,38,富邦-花蓮,2023-11-10,9621
5880,合庫金,32,1,31,富邦-花蓮,2023-11-10,9621
2338,光罩,29,0,29,富邦-花蓮,2023-11-10,9621
1605,華新,30,2,28,富邦-花蓮,2023-11-10,9621
3231,緯創,105,79,26,富邦-花蓮,2023-11-10,9621
4552,力達-KY,35,10,25,富邦-花蓮,2023-11-10,9621
2485,兆赫,23,0,23,富邦-花蓮,2023-11-10,9621
8046,南電,30,11,19,富邦-花蓮,2023-11-10,9621
2867,三商壽,20,2,18,富邦-花蓮,2023-11-10,9621
2916,滿心,18,0,18,富邦-花蓮,2023-11-10,9621
1524,耿鼎,19,2,17,富邦-花蓮,2023-11-10,9621
0056,元大高股息,21,5,16,富邦-花蓮,2023-11-10,9621
00706L,期元大S＆P日圓正2,16,0,16,富邦-花蓮,2023-11-10,9621
6530,創威,23,7,16,富邦-花蓮,2023-11-10,9621
00900,富邦特選高股息30,15,0,15,富邦-花蓮,2023-11-10,9621
2382,廣達,71,57,14,富邦-花蓮,2023-11-10,9621
00712,復華富時不動產,14,0,14,富邦-花蓮,2023-11-10,9621
8176,智捷,17,3,14,富邦-花蓮,2023-11-10,9621
4743,合一,26,13,13,富邦-花蓮,2023-11-10,9621
00687B,國泰20年美債,25,12,13,富邦-花蓮,2023-11-10,9621
00679B,元大美債20年,26,13,13,富邦-花蓮,2023-11-10,9621
1529,樂事綠能,13,0,13,富邦-花蓮,2023-11-10,9621
9945,潤泰新,13,0,13,富邦-花蓮,2023-11-10,9621
2884,玉山金,13,0,13,富邦-花蓮,2023-11-10,9621
2201,裕隆,13,0,13,富邦-花蓮,2023-11-10,9621
00904,新光臺灣半導體30,12,0,12,富邦-花蓮,2023-11-10,9621
2390,云辰,14,2,12,富邦-花蓮,2023-11-10,9621
4533,協易機,48,37,11,富邦-花蓮,2023-11-10,9621
8150,南茂,14,3,11,富邦-花蓮,2023-11-10,9621
00690,兆豐藍籌30,10,0,10,富邦-花蓮,2023-11-10,9621
2615,萬海,10,0,10,富邦-花蓮,2023-11-10,9621
3042,晶技,10,0,10,富邦-花蓮,2023-11-10,9621
3047,訊舟,10,0,10,富邦-花蓮,2023-11-10,9621
00931B,統一美債20年,10,0,10,富邦-花蓮,2023-11-10,9621
2303,聯電,10,1,9,富邦-花蓮,2023-11-10,9621
1101,台泥,11,2,9,富邦-花蓮,2023-11-10,9621
2892,第一金,10,1,9,富邦-花蓮,2023-11-10,9621
3481,群創,13,4,9,富邦-花蓮,2023-11-10,9621
4402,郡都開發,9,0,9,富邦-花蓮,2023-11-10,9621
6182,合晶,16,7,9,富邦-花蓮,2023-11-10,9621
2388,威盛,27,19,8,富邦-花蓮,2023-11-10,9621
2108,南帝,8,0,8,富邦-花蓮,2023-11-10,9621
00772B,中信高評級公司債,114,10,104,富邦-花蓮,2023-11-13,9621
00878,國泰永續高股息,99,4,95,富邦-花蓮,2023-11-13,9621
2888,新光金,77,4,73,富邦-花蓮,2023-11-13,9621
00632R,元大台灣50反1,66,5,61,富邦-花蓮,2023-11-13,9621
00665L,富邦�琤肭磪囓�2,130,70,60,富邦-花蓮,2023-11-13,9621
1324,地球,58,1,57,富邦-花蓮,2023-11-13,9621
2002,中鋼,45,2,43,富邦-花蓮,2023-11-13,9621
2382,廣達,380,348,32,富邦-花蓮,2023-11-13,9621
2230,泰茂,30,0,30,富邦-花蓮,2023-11-13,9621
6122,擎邦,39,9,30,富邦-花蓮,2023-11-13,9621
00679B,元大美債20年,30,1,29,富邦-花蓮,2023-11-13,9621
2610,華航,25,0,25,富邦-花蓮,2023-11-13,9621
3622,洋華,23,0,23,富邦-花蓮,2023-11-13,9621
2408,南亞科,24,2,22,富邦-花蓮,2023-11-13,9621
1808,潤隆,22,0,22,富邦-花蓮,2023-11-13,9621
2486,一詮,24,2,22,富邦-花蓮,2023-11-13,9621
2401,凌陽,22,1,21,富邦-花蓮,2023-11-13,9621
1455,集盛,20,0,20,富邦-花蓮,2023-11-13,9621
2606,裕民,20,0,20,富邦-花蓮,2023-11-13,9621
1101,台泥,19,0,19,富邦-花蓮,2023-11-13,9621
2201,裕隆,22,3,19,富邦-花蓮,2023-11-13,9621
2204,中華,16,0,16,富邦-花蓮,2023-11-13,9621
3702,大聯大,20,6,14,富邦-花蓮,2023-11-13,9621
00915,凱基優選高股息30,15,1,14,富邦-花蓮,2023-11-13,9621
00936,台新永續高息中小,14,0,14,富邦-花蓮,2023-11-13,9621
6290,良維,18,4,14,富邦-花蓮,2023-11-13,9621
00850,元大臺灣ESG永續,13,0,13,富邦-花蓮,2023-11-13,9621
2369,菱生,28,17,11,富邦-花蓮,2023-11-13,9621
5011,久陽,10,0,10,富邦-花蓮,2023-11-13,9621
2312,金寶,10,0,10,富邦-花蓮,2023-11-13,9621
00676R,富邦臺灣加權反1,10,0,10,富邦-花蓮,2023-11-13,9621
2332,友訊,10,0,10,富邦-花蓮,2023-11-13,9621
2355,敬鵬,14,4,10,富邦-花蓮,2023-11-13,9621
2495,普安,10,0,10,富邦-花蓮,2023-11-13,9621
3027,盛達,13,3,10,富邦-花蓮,2023-11-13,9621
3508,位速,10,0,10,富邦-花蓮,2023-11-13,9621
4157,太景*-KY,20,10,10,富邦-花蓮,2023-11-13,9621
5439,高技,12,2,10,富邦-花蓮,2023-11-13,9621
00720B,元大投資級公司債,10,0,10,富邦-花蓮,2023-11-13,9621
2543,皇昌,11,2,9,富邦-花蓮,2023-11-13,9621
3022,威強電,9,0,9,富邦-花蓮,2023-11-13,9621
6274,台燿,9,0,9,富邦-花蓮,2023-11-13,9621
5351,鈺創,9,1,8,富邦-花蓮,2023-11-13,9621
3078,僑威,14,6,8,富邦-花蓮,2023-11-13,9621
00904,新光臺灣半導體30,10,2,8,富邦-花蓮,2023-11-13,9621
2880,華南金,20,12,8,富邦-花蓮,2023-11-13,9621
6535,順藥,8,0,8,富邦-花蓮,2023-11-13,9621
8936,國統,11,3,8,富邦-花蓮,2023-11-13,9621
00919,群益台灣精選高息,18,11,7,富邦-花蓮,2023-11-13,9621
00751B,元大AAA至A公司債,7,0,7,富邦-花蓮,2023-11-13,9621
00772B,中信高評級公司債,104,11,93,富邦-花蓮,2023-11-14,9621
00878,國泰永續高股息,80,31,49,富邦-花蓮,2023-11-14,9621
2303,聯電,51,3,48,富邦-花蓮,2023-11-14,9621
00632R,元大台灣50反1,47,0,47,富邦-花蓮,2023-11-14,9621
2402,毅嘉,54,15,39,富邦-花蓮,2023-11-14,9621
2883,凱基金,34,2,32,富邦-花蓮,2023-11-14,9621
2888,新光金,30,1,29,富邦-花蓮,2023-11-14,9621
6116,彩晶,22,0,22,富邦-花蓮,2023-11-14,9621
1504,東元,31,10,21,富邦-花蓮,2023-11-14,9621
00673R,期元大S＆P原油反1,21,0,21,富邦-花蓮,2023-11-14,9621
00900,富邦特選高股息30,21,1,20,富邦-花蓮,2023-11-14,9621
1815,富喬,27,9,18,富邦-花蓮,2023-11-14,9621
1101,台泥,18,1,17,富邦-花蓮,2023-11-14,9621
1455,集盛,18,1,17,富邦-花蓮,2023-11-14,9621
3231,緯創,158,141,17,富邦-花蓮,2023-11-14,9621
9945,潤泰新,17,0,17,富邦-花蓮,2023-11-14,9621
2206,三陽工業,26,12,14,富邦-花蓮,2023-11-14,9621
2485,兆赫,30,16,14,富邦-花蓮,2023-11-14,9621
3048,益登,12,0,12,富邦-花蓮,2023-11-14,9621
3265,台星科,12,0,12,富邦-花蓮,2023-11-14,9621
2417,圓剛,20,8,12,富邦-花蓮,2023-11-14,9621
00712,復華富時不動產,11,0,11,富邦-花蓮,2023-11-14,9621
1605,華新,11,0,11,富邦-花蓮,2023-11-14,9621
2002,中鋼,16,6,10,富邦-花蓮,2023-11-14,9621
00890B,凱基ESG BBB債,10,0,10,富邦-花蓮,2023-11-14,9621
2915,潤泰全,10,0,10,富邦-花蓮,2023-11-14,9621
5009,榮剛,10,0,10,富邦-花蓮,2023-11-14,9621
6535,順藥,10,0,10,富邦-花蓮,2023-11-14,9621
2492,華新科,9,0,9,富邦-花蓮,2023-11-14,9621
3047,訊舟,10,1,9,富邦-花蓮,2023-11-14,9621
4183,福永生技,10,1,9,富邦-花蓮,2023-11-14,9621
1514,亞力,8,0,8,富邦-花蓮,2023-11-14,9621
2801,彰銀,8,0,8,富邦-花蓮,2023-11-14,9621
2851,中再保,8,0,8,富邦-花蓮,2023-11-14,9621
6415,矽力*-KY,12,5,7,富邦-花蓮,2023-11-14,9621
2323,中環,10,3,7,富邦-花蓮,2023-11-14,9621
00936,台新永續高息中小,7,0,7,富邦-花蓮,2023-11-14,9621
3306,鼎天,16,9,7,富邦-花蓮,2023-11-14,9621
8076,伍豐,7,0,7,富邦-花蓮,2023-11-14,9621
2377,微星,7,1,6,富邦-花蓮,2023-11-14,9621
2243,宏旭-KY,6,0,6,富邦-花蓮,2023-11-14,9621
2359,所羅門,6,0,6,富邦-花蓮,2023-11-14,9621
2451,創見,8,2,6,富邦-花蓮,2023-11-14,9621
2743,山富,8,2,6,富邦-花蓮,2023-11-14,9621
3006,晶豪科,25,19,6,富邦-花蓮,2023-11-14,9621
3380,明泰,7,1,6,富邦-花蓮,2023-11-14,9621
5871,中租-KY,7,1,6,富邦-花蓮,2023-11-14,9621
00692,富邦公司治理,6,0,6,富邦-花蓮,2023-11-14,9621
2464,盟立,6,0,6,富邦-花蓮,2023-11-14,9621
00722B,群益投資級電信債,5,0,5,富邦-花蓮,2023-11-14,9621
00878,國泰永續高股息,166,40,126,富邦-花蓮,2023-11-15,9621
2363,矽統,177,86,91,富邦-花蓮,2023-11-15,9621
00632R,元大台灣50反1,87,5,82,富邦-花蓮,2023-11-15,9621
2816,旺旺保,61,0,61,富邦-花蓮,2023-11-15,9621
00919,群益台灣精選高息,73,18,55,富邦-花蓮,2023-11-15,9621
1815,富喬,43,9,34,富邦-花蓮,2023-11-15,9621
6523,達爾膚,32,0,32,富邦-花蓮,2023-11-15,9621
2369,菱生,38,10,28,富邦-花蓮,2023-11-15,9621
6143,振曜,21,1,20,富邦-花蓮,2023-11-15,9621
3390,旭軟,18,0,18,富邦-花蓮,2023-11-15,9621
2353,宏��,20,2,18,富邦-花蓮,2023-11-15,9621
3013,晟銘電,23,6,17,富邦-花蓮,2023-11-15,9621
3264,欣銓,17,0,17,富邦-花蓮,2023-11-15,9621
00725B,國泰投資級公司債,20,5,15,富邦-花蓮,2023-11-15,9621
3706,神達,20,6,14,富邦-花蓮,2023-11-15,9621
8150,南茂,14,0,14,富邦-花蓮,2023-11-15,9621
00679B,元大美債20年,13,0,13,富邦-花蓮,2023-11-15,9621
3576,聯合再生,17,4,13,富邦-花蓮,2023-11-15,9621
5351,鈺創,41,28,13,富邦-花蓮,2023-11-15,9621
00687B,國泰20年美債,18,6,12,富邦-花蓮,2023-11-15,9621
6237,驊訊,12,0,12,富邦-花蓮,2023-11-15,9621
8176,智捷,12,0,12,富邦-花蓮,2023-11-15,9621
2449,京元電子,55,44,11,富邦-花蓮,2023-11-15,9621
2387,精元,13,2,11,富邦-花蓮,2023-11-15,9621
3450,聯鈞,30,20,10,富邦-花蓮,2023-11-15,9621
2916,滿心,10,0,10,富邦-花蓮,2023-11-15,9621
2401,凌陽,13,3,10,富邦-花蓮,2023-11-15,9621
9945,潤泰新,13,3,10,富邦-花蓮,2023-11-15,9621
2402,毅嘉,16,7,9,富邦-花蓮,2023-11-15,9621
5347,世界,12,3,9,富邦-花蓮,2023-11-15,9621
6517,保勝光學,9,0,9,富邦-花蓮,2023-11-15,9621
3588,通嘉,20,11,9,富邦-花蓮,2023-11-15,9621
2324,仁寶,9,1,8,富邦-花蓮,2023-11-15,9621
3339,泰谷,11,3,8,富邦-花蓮,2023-11-15,9621
3596,智易,13,5,8,富邦-花蓮,2023-11-15,9621
8936,國統,10,2,8,富邦-花蓮,2023-11-15,9621
1227,佳格,10,3,7,富邦-花蓮,2023-11-15,9621
1904,正隆,10,3,7,富邦-花蓮,2023-11-15,9621
2427,三商電,8,1,7,富邦-花蓮,2023-11-15,9621
2486,一詮,10,3,7,富邦-花蓮,2023-11-15,9621
2607,榮運,7,0,7,富邦-花蓮,2023-11-15,9621
4908,前鼎,10,3,7,富邦-花蓮,2023-11-15,9621
5222,全訊,7,0,7,富邦-花蓮,2023-11-15,9621
3036,文曄,72,66,6,富邦-花蓮,2023-11-15,9621
3374,精材,6,0,6,富邦-花蓮,2023-11-15,9621
1721,三晃,9,3,6,富邦-花蓮,2023-11-15,9621
2355,敬鵬,9,3,6,富邦-花蓮,2023-11-15,9621
2364,倫飛,8,2,6,富邦-花蓮,2023-11-15,9621
3032,偉訓,6,0,6,富邦-花蓮,2023-11-15,9621
4967,十銓,10,4,6,富邦-花蓮,2023-11-15,9621
00900,富邦特選高股息30,228,1,227,富邦-花蓮,2023-11-16,9621
00878,國泰永續高股息,277,61,216,富邦-花蓮,2023-11-16,9621
2409,友達,205,22,183,富邦-花蓮,2023-11-16,9621
00715L,期街口布蘭特正2,86,2,84,富邦-花蓮,2023-11-16,9621
2329,華泰,113,43,70,富邦-花蓮,2023-11-16,9621
3481,群創,54,2,52,富邦-花蓮,2023-11-16,9621
00892,富邦台灣半導體,51,0,51,富邦-花蓮,2023-11-16,9621
2406,國碩,50,0,50,富邦-花蓮,2023-11-16,9621
2023,燁輝,50,0,50,富邦-花蓮,2023-11-16,9621
0056,元大高股息,53,4,49,富邦-花蓮,2023-11-16,9621
6116,彩晶,45,4,41,富邦-花蓮,2023-11-16,9621
00632R,元大台灣50反1,55,15,40,富邦-花蓮,2023-11-16,9621
00665L,富邦�琤肭磪囓�2,50,10,40,富邦-花蓮,2023-11-16,9621
00919,群益台灣精選高息,54,15,39,富邦-花蓮,2023-11-16,9621
1101,台泥,37,0,37,富邦-花蓮,2023-11-16,9621
00929,復華台灣科技優息,55,19,36,富邦-花蓮,2023-11-16,9621
00679B,元大美債20年,31,0,31,富邦-花蓮,2023-11-16,9621
1721,三晃,37,6,31,富邦-花蓮,2023-11-16,9621
6443,元晶,29,1,28,富邦-花蓮,2023-11-16,9621
2331,精英,26,2,24,富邦-花蓮,2023-11-16,9621
5534,長虹,23,0,23,富邦-花蓮,2023-11-16,9621
8105,凌巨,25,4,21,富邦-花蓮,2023-11-16,9621
2417,圓剛,98,79,19,富邦-花蓮,2023-11-16,9621
4967,十銓,22,7,15,富邦-花蓮,2023-11-16,9621
2607,榮運,15,0,15,富邦-花蓮,2023-11-16,9621
2916,滿心,16,1,15,富邦-花蓮,2023-11-16,9621
5706,鳳凰,28,13,15,富邦-花蓮,2023-11-16,9621
00687B,國泰20年美債,14,0,14,富邦-花蓮,2023-11-16,9621
2881,富邦金,17,4,13,富邦-花蓮,2023-11-16,9621
00931B,統一美債20年,12,0,12,富邦-花蓮,2023-11-16,9621
2641,正德,12,0,12,富邦-花蓮,2023-11-16,9621
2851,中再保,12,0,12,富邦-花蓮,2023-11-16,9621
6168,宏齊,12,0,12,富邦-花蓮,2023-11-16,9621
1503,士電,10,0,10,富邦-花蓮,2023-11-16,9621
4162,智擎,10,0,10,富邦-花蓮,2023-11-16,9621
8033,雷虎,10,0,10,富邦-花蓮,2023-11-16,9621
8111,立��,10,0,10,富邦-花蓮,2023-11-16,9621
3390,旭軟,9,0,9,富邦-花蓮,2023-11-16,9621
4746,台耀,11,2,9,富邦-花蓮,2023-11-16,9621
6290,良維,9,0,9,富邦-花蓮,2023-11-16,9621
00934,中信成長高股息,8,0,8,富邦-花蓮,2023-11-16,9621
3450,聯鈞,7,0,7,富邦-花蓮,2023-11-16,9621
2353,宏��,11,4,7,富邦-花蓮,2023-11-16,9621
2731,雄獅,10,3,7,富邦-花蓮,2023-11-16,9621
2882,國泰金,7,0,7,富邦-花蓮,2023-11-16,9621
2301,光寶科,8,1,7,富邦-花蓮,2023-11-16,9621
2382,廣達,322,315,7,富邦-花蓮,2023-11-16,9621
4164,承業醫,6,0,6,富邦-花蓮,2023-11-16,9621
2356,英業達,19,13,6,富邦-花蓮,2023-11-16,9621
00761B,國泰A級公司債,6,0,6,富邦-花蓮,2023-11-16,9621
2610,華航,187,24,163,富邦-花蓮,2023-11-17,9621
00715L,期街口布蘭特正2,89,20,69,富邦-花蓮,2023-11-17,9621
5351,鈺創,55,0,55,富邦-花蓮,2023-11-17,9621
2520,冠德,50,0,50,富邦-花蓮,2023-11-17,9621
2206,三陽工業,49,0,49,富邦-花蓮,2023-11-17,9621
00712,復華富時不動產,47,0,47,富邦-花蓮,2023-11-17,9621
3047,訊舟,50,10,40,富邦-花蓮,2023-11-17,9621
2344,華邦電,36,8,28,富邦-花蓮,2023-11-17,9621
2356,英業達,34,8,26,富邦-花蓮,2023-11-17,9621
2916,滿心,24,0,24,富邦-花蓮,2023-11-17,9621
8064,東捷,22,0,22,富邦-花蓮,2023-11-17,9621
00687B,國泰20年美債,20,0,20,富邦-花蓮,2023-11-17,9621
3260,威剛,24,5,19,富邦-花蓮,2023-11-17,9621
9945,潤泰新,18,0,18,富邦-花蓮,2023-11-17,9621
2457,飛宏,20,2,18,富邦-花蓮,2023-11-17,9621
00679B,元大美債20年,16,0,16,富邦-花蓮,2023-11-17,9621
0056,元大高股息,19,4,15,富邦-花蓮,2023-11-17,9621
2328,廣宇,15,0,15,富邦-花蓮,2023-11-17,9621
6156,松上,15,0,15,富邦-花蓮,2023-11-17,9621
1815,富喬,30,16,14,富邦-花蓮,2023-11-17,9621
00665L,富邦�琤肭磪囓�2,14,0,14,富邦-花蓮,2023-11-17,9621
2417,圓剛,22,8,14,富邦-花蓮,2023-11-17,9621
6243,迅杰,22,8,14,富邦-花蓮,2023-11-17,9621
00936,台新永續高息中小,13,0,13,富邦-花蓮,2023-11-17,9621
2515,中工,28,15,13,富邦-花蓮,2023-11-17,9621
6770,力積電,18,5,13,富邦-花蓮,2023-11-17,9621
2371,大同,12,0,12,富邦-花蓮,2023-11-17,9621
3306,鼎天,14,2,12,富邦-花蓮,2023-11-17,9621
5457,宣德,12,0,12,富邦-花蓮,2023-11-17,9621
5531,鄉林,12,0,12,富邦-花蓮,2023-11-17,9621
2369,菱生,21,10,11,富邦-花蓮,2023-11-17,9621
2412,中華電,12,1,11,富邦-花蓮,2023-11-17,9621
3518,柏騰,11,0,11,富邦-花蓮,2023-11-17,9621
4979,華星光,14,3,11,富邦-花蓮,2023-11-17,9621
6233,旺玖,12,1,11,富邦-花蓮,2023-11-17,9621
2603,長榮,11,0,11,富邦-花蓮,2023-11-17,9621
00772B,中信高評級公司債,10,0,10,富邦-花蓮,2023-11-17,9621
00669R,國泰美國道瓊反1,10,0,10,富邦-花蓮,2023-11-17,9621
00931B,統一美債20年,10,0,10,富邦-花蓮,2023-11-17,9621
2390,云辰,10,0,10,富邦-花蓮,2023-11-17,9621
2498,宏達電,27,17,10,富邦-花蓮,2023-11-17,9621
3339,泰谷,10,0,10,富邦-花蓮,2023-11-17,9621
4526,東台,10,0,10,富邦-花蓮,2023-11-17,9621
5355,佳總,10,0,10,富邦-花蓮,2023-11-17,9621
6728,上洋,10,0,10,富邦-花蓮,2023-11-17,9621
8043,蜜望實,10,0,10,富邦-花蓮,2023-11-17,9621
2739,寒舍,10,0,10,富邦-花蓮,2023-11-17,9621
2881,富邦金,14,4,10,富邦-花蓮,2023-11-17,9621
3450,聯鈞,17,8,9,富邦-花蓮,2023-11-17,9621
2312,金寶,20,11,9,富邦-花蓮,2023-11-17,9621
00632R,元大台灣50反1,162,0,162,富邦-花蓮,2023-11-20,9621
00673R,期元大S＆P原油反1,114,0,114,富邦-花蓮,2023-11-20,9621
2363,矽統,163,51,112,富邦-花蓮,2023-11-20,9621
00931B,統一美債20年,67,0,67,富邦-花蓮,2023-11-20,9621
2344,華邦電,77,16,61,富邦-花蓮,2023-11-20,9621
2313,華通,94,42,52,富邦-花蓮,2023-11-20,9621
00676R,富邦臺灣加權反1,45,0,45,富邦-花蓮,2023-11-20,9621
2312,金寶,47,2,45,富邦-花蓮,2023-11-20,9621
2356,英業達,63,19,44,富邦-花蓮,2023-11-20,9621
2610,華航,44,5,39,富邦-花蓮,2023-11-20,9621
8034,榮群,43,6,37,富邦-花蓮,2023-11-20,9621
3372,典範,30,0,30,富邦-花蓮,2023-11-20,9621
1785,光洋科,30,3,27,富邦-花蓮,2023-11-20,9621
00679B,元大美債20年,25,2,23,富邦-花蓮,2023-11-20,9621
2409,友達,21,1,20,富邦-花蓮,2023-11-20,9621
9945,潤泰新,18,0,18,富邦-花蓮,2023-11-20,9621
00706L,期元大S＆P日圓正2,17,0,17,富邦-花蓮,2023-11-20,9621
00687B,國泰20年美債,16,0,16,富邦-花蓮,2023-11-20,9621
00712,復華富時不動產,19,3,16,富邦-花蓮,2023-11-20,9621
6695,芯鼎,34,18,16,富邦-花蓮,2023-11-20,9621
6190,萬泰科,15,0,15,富邦-花蓮,2023-11-20,9621
3260,威剛,17,4,13,富邦-花蓮,2023-11-20,9621
2618,長榮航,80,67,13,富邦-花蓮,2023-11-20,9621
6290,良維,12,0,12,富邦-花蓮,2023-11-20,9621
6271,同欣電,11,0,11,富邦-花蓮,2023-11-20,9621
6462,神盾,18,7,11,富邦-花蓮,2023-11-20,9621
8936,國統,11,0,11,富邦-花蓮,2023-11-20,9621
2027,大成鋼,32,21,11,富邦-花蓮,2023-11-20,9621
1536,和大,10,0,10,富邦-花蓮,2023-11-20,9621
2332,友訊,10,0,10,富邦-花蓮,2023-11-20,9621
2392,正崴,10,0,10,富邦-花蓮,2023-11-20,9621
3363,上詮,12,2,10,富邦-花蓮,2023-11-20,9621
3491,昇達科,10,0,10,富邦-花蓮,2023-11-20,9621
6237,驊訊,50,40,10,富邦-花蓮,2023-11-20,9621
6275,元山,10,0,10,富邦-花蓮,2023-11-20,9621
6426,統新,10,0,10,富邦-花蓮,2023-11-20,9621
2743,山富,10,1,9,富邦-花蓮,2023-11-20,9621
2609,陽明,12,3,9,富邦-花蓮,2023-11-20,9621
2367,燿華,17,8,9,富邦-花蓮,2023-11-20,9621
6117,迎廣,11,2,9,富邦-花蓮,2023-11-20,9621
2492,華新科,8,0,8,富邦-花蓮,2023-11-20,9621
2449,京元電子,14,6,8,富邦-花蓮,2023-11-20,9621
2201,裕隆,8,0,8,富邦-花蓮,2023-11-20,9621
3710,連展投控,8,0,8,富邦-花蓮,2023-11-20,9621
2834,臺企銀,7,0,7,富邦-花蓮,2023-11-20,9621
2109,華豐,7,0,7,富邦-花蓮,2023-11-20,9621
2888,新光金,7,0,7,富邦-花蓮,2023-11-20,9621
8028,昇陽半導體,7,0,7,富邦-花蓮,2023-11-20,9621
3450,聯鈞,12,5,7,富邦-花蓮,2023-11-20,9621
2603,長榮,8,1,7,富邦-花蓮,2023-11-20,9621
2618,長榮航,641,33,608,富邦-花蓮,2023-11-21,9621
00632R,元大台灣50反1,327,6,321,富邦-花蓮,2023-11-21,9621
8054,安國,63,12,51,富邦-花蓮,2023-11-21,9621
5488,松普,50,0,50,富邦-花蓮,2023-11-21,9621
2023,燁輝,55,7,48,富邦-花蓮,2023-11-21,9621
00673R,期元大S＆P原油反1,41,0,41,富邦-花蓮,2023-11-21,9621
00690,兆豐藍籌30,40,0,40,富邦-花蓮,2023-11-21,9621
00712,復華富時不動產,38,1,37,富邦-花蓮,2023-11-21,9621
3715,定穎投控,77,50,27,富邦-花蓮,2023-11-21,9621
5533,皇鼎,24,0,24,富邦-花蓮,2023-11-21,9621
2516,新建,23,0,23,富邦-花蓮,2023-11-21,9621
9105,泰金寶-DR,23,0,23,富邦-花蓮,2023-11-21,9621
00936,台新永續高息中小,27,5,22,富邦-花蓮,2023-11-21,9621
2402,毅嘉,32,13,19,富邦-花蓮,2023-11-21,9621
6290,良維,21,2,19,富邦-花蓮,2023-11-21,9621
1609,大亞,28,11,17,富邦-花蓮,2023-11-21,9621
00915,凱基優選高股息30,19,3,16,富邦-花蓮,2023-11-21,9621
2801,彰銀,16,0,16,富邦-花蓮,2023-11-21,9621
00687B,國泰20年美債,15,0,15,富邦-花蓮,2023-11-21,9621
8105,凌巨,15,0,15,富邦-花蓮,2023-11-21,9621
1815,富喬,17,3,14,富邦-花蓮,2023-11-21,9621
2390,云辰,16,2,14,富邦-花蓮,2023-11-21,9621
4510,高鋒,14,0,14,富邦-花蓮,2023-11-21,9621
9945,潤泰新,14,0,14,富邦-花蓮,2023-11-21,9621
1455,集盛,15,2,13,富邦-花蓮,2023-11-21,9621
2492,華新科,13,0,13,富邦-花蓮,2023-11-21,9621
1524,耿鼎,14,2,12,富邦-花蓮,2023-11-21,9621
2355,敬鵬,62,50,12,富邦-花蓮,2023-11-21,9621
2431,聯昌,12,0,12,富邦-花蓮,2023-11-21,9621
2630,亞航,14,2,12,富邦-花蓮,2023-11-21,9621
3013,晟銘電,16,4,12,富邦-花蓮,2023-11-21,9621
8261,富鼎,13,1,12,富邦-花蓮,2023-11-21,9621
9942,茂順,12,0,12,富邦-花蓮,2023-11-21,9621
4906,正文,16,5,11,富邦-花蓮,2023-11-21,9621
00885,富邦越南,11,0,11,富邦-花蓮,2023-11-21,9621
00933B,國泰10Y+金融債,13,2,11,富邦-花蓮,2023-11-21,9621
2393,億光,11,0,11,富邦-花蓮,2023-11-21,9621
4581,光隆精密-KY,11,0,11,富邦-花蓮,2023-11-21,9621
6153,嘉聯益,11,0,11,富邦-花蓮,2023-11-21,9621
00934,中信成長高股息,10,0,10,富邦-花蓮,2023-11-21,9621
2032,新鋼,10,0,10,富邦-花蓮,2023-11-21,9621
2421,建準,15,5,10,富邦-花蓮,2023-11-21,9621
3625,西勝,10,0,10,富邦-花蓮,2023-11-21,9621
6161,捷波,15,5,10,富邦-花蓮,2023-11-21,9621
2603,長榮,10,1,9,富邦-花蓮,2023-11-21,9621
3276,宇環,14,5,9,富邦-花蓮,2023-11-21,9621
3078,僑威,14,6,8,富邦-花蓮,2023-11-21,9621
2520,冠德,8,0,8,富邦-花蓮,2023-11-21,9621
5512,力麒,10,2,8,富邦-花蓮,2023-11-21,9621
6147,頎邦,8,0,8,富邦-花蓮,2023-11-21,9621
2356,英業達,112,11,101,富邦-花蓮,2023-11-22,9621
00919,群益台灣精選高息,79,3,76,富邦-花蓮,2023-11-22,9621
00673R,期元大S＆P原油反1,71,0,71,富邦-花蓮,2023-11-22,9621
1455,集盛,66,2,64,富邦-花蓮,2023-11-22,9621
00923,群益台ESG低碳50,63,0,63,富邦-花蓮,2023-11-22,9621
3231,緯創,111,49,62,富邦-花蓮,2023-11-22,9621
2618,長榮航,100,39,61,富邦-花蓮,2023-11-22,9621
3041,揚智,112,60,52,富邦-花蓮,2023-11-22,9621
2834,臺企銀,59,10,49,富邦-花蓮,2023-11-22,9621
00929,復華台灣科技優息,124,78,46,富邦-花蓮,2023-11-22,9621
2816,旺旺保,45,0,45,富邦-花蓮,2023-11-22,9621
5533,皇鼎,48,8,40,富邦-花蓮,2023-11-22,9621
2363,矽統,77,46,31,富邦-花蓮,2023-11-22,9621
3706,神達,35,5,30,富邦-花蓮,2023-11-22,9621
0056,元大高股息,32,2,30,富邦-花蓮,2023-11-22,9621
00632R,元大台灣50反1,39,10,29,富邦-花蓮,2023-11-22,9621
00878,國泰永續高股息,32,5,27,富邦-花蓮,2023-11-22,9621
2382,廣達,32,8,24,富邦-花蓮,2023-11-22,9621
2609,陽明,39,16,23,富邦-花蓮,2023-11-22,9621
2353,宏��,23,1,22,富邦-花蓮,2023-11-22,9621
2610,華航,24,2,22,富邦-花蓮,2023-11-22,9621
00665L,富邦�琤肭磪囓�2,20,0,20,富邦-花蓮,2023-11-22,9621
00931B,統一美債20年,20,0,20,富邦-花蓮,2023-11-22,9621
1316,上曜,20,0,20,富邦-花蓮,2023-11-22,9621
0050,元大台灣50,20,4,16,富邦-花蓮,2023-11-22,9621
2801,彰銀,15,0,15,富邦-花蓮,2023-11-22,9621
00882,中信中國高股息,14,0,14,富邦-花蓮,2023-11-22,9621
3665,貿聯-KY,14,0,14,富邦-花蓮,2023-11-22,9621
2301,光寶科,13,0,13,富邦-花蓮,2023-11-22,9621
2329,華泰,24,11,13,富邦-花蓮,2023-11-22,9621
2543,皇昌,13,0,13,富邦-花蓮,2023-11-22,9621
5351,鈺創,40,27,13,富邦-花蓮,2023-11-22,9621
6233,旺玖,27,15,12,富邦-花蓮,2023-11-22,9621
2330,台積電,15,3,12,富邦-花蓮,2023-11-22,9621
00671R,富邦NASDAQ反1,11,0,11,富邦-花蓮,2023-11-22,9621
00690,兆豐藍籌30,11,0,11,富邦-花蓮,2023-11-22,9621
1536,和大,11,0,11,富邦-花蓮,2023-11-22,9621
2641,正德,11,0,11,富邦-花蓮,2023-11-22,9621
2376,技嘉,23,12,11,富邦-花蓮,2023-11-22,9621
00905,FT臺灣Smart,10,0,10,富邦-花蓮,2023-11-22,9621
1321,大洋,10,0,10,富邦-花蓮,2023-11-22,9621
4979,華星光,13,3,10,富邦-花蓮,2023-11-22,9621
6120,達運,11,1,10,富邦-花蓮,2023-11-22,9621
6133,金橋,10,0,10,富邦-花蓮,2023-11-22,9621
6235,華孚,12,2,10,富邦-花蓮,2023-11-22,9621
2883,凱基金,11,1,10,富邦-花蓮,2023-11-22,9621
3189,景碩,9,0,9,富邦-花蓮,2023-11-22,9621
3051,力特,41,32,9,富邦-花蓮,2023-11-22,9621
3701,大眾控,14,5,9,富邦-花蓮,2023-11-22,9621
5469,瀚宇博,13,4,9,富邦-花蓮,2023-11-22,9621
5521,工信,76,15,61,富邦-花蓮,2023-11-23,9621
00933B,國泰10Y+金融債,63,8,55,富邦-花蓮,2023-11-23,9621
2614,東森,52,0,52,富邦-花蓮,2023-11-23,9621
6139,亞翔,48,2,46,富邦-花蓮,2023-11-23,9621
3481,群創,46,4,42,富邦-花蓮,2023-11-23,9621
6282,康舒,101,59,42,富邦-花蓮,2023-11-23,9621
00919,群益台灣精選高息,39,0,39,富邦-花蓮,2023-11-23,9621
2363,矽統,95,57,38,富邦-花蓮,2023-11-23,9621
00679B,元大美債20年,34,0,34,富邦-花蓮,2023-11-23,9621
3339,泰谷,34,2,32,富邦-花蓮,2023-11-23,9621
00929,復華台灣科技優息,73,41,32,富邦-花蓮,2023-11-23,9621
2736,富野,31,1,30,富邦-花蓮,2023-11-23,9621
5488,松普,29,0,29,富邦-花蓮,2023-11-23,9621
2476,鉅祥,38,12,26,富邦-花蓮,2023-11-23,9621
3231,緯創,48,22,26,富邦-花蓮,2023-11-23,9621
00715L,期街口布蘭特正2,27,2,25,富邦-花蓮,2023-11-23,9621
2108,南帝,25,0,25,富邦-花蓮,2023-11-23,9621
2206,三陽工業,31,6,25,富邦-花蓮,2023-11-23,9621
6117,迎廣,37,13,24,富邦-花蓮,2023-11-23,9621
00934,中信成長高股息,22,0,22,富邦-花蓮,2023-11-23,9621
2891,中信金,54,33,21,富邦-花蓮,2023-11-23,9621
00900,富邦特選高股息30,24,3,21,富邦-花蓮,2023-11-23,9621
6770,力積電,22,2,20,富邦-花蓮,2023-11-23,9621
1310,台苯,20,0,20,富邦-花蓮,2023-11-23,9621
2405,輔信,23,3,20,富邦-花蓮,2023-11-23,9621
0056,元大高股息,19,1,18,富邦-花蓮,2023-11-23,9621
2329,華泰,21,4,17,富邦-花蓮,2023-11-23,9621
2607,榮運,17,0,17,富邦-花蓮,2023-11-23,9621
2367,燿華,27,12,15,富邦-花蓮,2023-11-23,9621
4908,前鼎,36,21,15,富邦-花蓮,2023-11-23,9621
2382,廣達,22,7,15,富邦-花蓮,2023-11-23,9621
3035,智原,23,9,14,富邦-花蓮,2023-11-23,9621
1101,台泥,19,5,14,富邦-花蓮,2023-11-23,9621
1795,美時,35,21,14,富邦-花蓮,2023-11-23,9621
2353,宏��,24,10,14,富邦-花蓮,2023-11-23,9621
3228,金麗科,16,2,14,富邦-花蓮,2023-11-23,9621
00923,群益台ESG低碳50,13,0,13,富邦-花蓮,2023-11-23,9621
8086,宏捷科,14,2,12,富邦-花蓮,2023-11-23,9621
2303,聯電,41,29,12,富邦-花蓮,2023-11-23,9621
00712,復華富時不動產,12,0,12,富邦-花蓮,2023-11-23,9621
1582,信錦,54,43,11,富邦-花蓮,2023-11-23,9621
3504,揚明光,10,0,10,富邦-花蓮,2023-11-23,9621
5272,笙科,15,5,10,富邦-花蓮,2023-11-23,9621
8088,品安,29,19,10,富邦-花蓮,2023-11-23,9621
9105,泰金寶-DR,11,1,10,富邦-花蓮,2023-11-23,9621
3006,晶豪科,35,25,10,富邦-花蓮,2023-11-23,9621
1815,富喬,13,4,9,富邦-花蓮,2023-11-23,9621
1314,中石化,9,0,9,富邦-花蓮,2023-11-23,9621
1808,潤隆,10,1,9,富邦-花蓮,2023-11-23,9621
3588,通嘉,22,13,9,富邦-花蓮,2023-11-23,9621
2303,聯電,123,44,79,富邦-花蓮,2023-11-24,9621
2618,長榮航,93,20,73,富邦-花蓮,2023-11-24,9621
3090,日電貿,49,2,47,富邦-花蓮,2023-11-24,9621
2610,華航,53,12,41,富邦-花蓮,2023-11-24,9621
5351,鈺創,69,33,36,富邦-花蓮,2023-11-24,9621
00650L,復華香港正2,26,0,26,富邦-花蓮,2023-11-24,9621
3706,神達,25,1,24,富邦-花蓮,2023-11-24,9621
00679B,元大美債20年,23,0,23,富邦-花蓮,2023-11-24,9621
0056,元大高股息,30,7,23,富邦-花蓮,2023-11-24,9621
1471,首利,22,0,22,富邦-花蓮,2023-11-24,9621
2417,圓剛,54,32,22,富邦-花蓮,2023-11-24,9621
1721,三晃,22,1,21,富邦-花蓮,2023-11-24,9621
2374,佳能,20,0,20,富邦-花蓮,2023-11-24,9621
3372,典範,20,0,20,富邦-花蓮,2023-11-24,9621
4714,永捷,20,0,20,富邦-花蓮,2023-11-24,9621
6015,宏遠證,20,0,20,富邦-花蓮,2023-11-24,9621
00882,中信中國高股息,21,2,19,富邦-花蓮,2023-11-24,9621
00934,中信成長高股息,19,0,19,富邦-花蓮,2023-11-24,9621
6117,迎廣,26,8,18,富邦-花蓮,2023-11-24,9621
00632R,元大台灣50反1,20,3,17,富邦-花蓮,2023-11-24,9621
00687B,國泰20年美債,17,0,17,富邦-花蓮,2023-11-24,9621
2329,華泰,21,4,17,富邦-花蓮,2023-11-24,9621
6161,捷波,16,0,16,富邦-花蓮,2023-11-24,9621
00753L,中信中國50正2,14,0,14,富邦-花蓮,2023-11-24,9621
00935,野村臺灣新科技50,14,0,14,富邦-花蓮,2023-11-24,9621
3032,偉訓,18,4,14,富邦-花蓮,2023-11-24,9621
3260,威剛,18,4,14,富邦-花蓮,2023-11-24,9621
00878,國泰永續高股息,17,4,13,富邦-花蓮,2023-11-24,9621
8068,全達,14,1,13,富邦-花蓮,2023-11-24,9621
00885,富邦越南,12,0,12,富邦-花蓮,2023-11-24,9621
2390,云辰,15,3,12,富邦-花蓮,2023-11-24,9621
2883,凱基金,16,4,12,富邦-花蓮,2023-11-24,9621
00712,復華富時不動產,11,0,11,富邦-花蓮,2023-11-24,9621
2338,光罩,11,0,11,富邦-花蓮,2023-11-24,9621
2867,三商壽,36,25,11,富邦-花蓮,2023-11-24,9621
3062,建漢,11,0,11,富邦-花蓮,2023-11-24,9621
5225,東科-KY,13,2,11,富邦-花蓮,2023-11-24,9621
00933B,國泰10Y+金融債,10,0,10,富邦-花蓮,2023-11-24,9621
1409,新纖,10,0,10,富邦-花蓮,2023-11-24,9621
2478,大毅,10,0,10,富邦-花蓮,2023-11-24,9621
2850,新產,10,0,10,富邦-花蓮,2023-11-24,9621
3019,亞光,16,6,10,富邦-花蓮,2023-11-24,9621
3483,力致,18,8,10,富邦-花蓮,2023-11-24,9621
3504,揚明光,10,0,10,富邦-花蓮,2023-11-24,9621
3596,智易,10,0,10,富邦-花蓮,2023-11-24,9621
4909,新復興,10,0,10,富邦-花蓮,2023-11-24,9621
6237,驊訊,18,8,10,富邦-花蓮,2023-11-24,9621
9950,萬國通,10,0,10,富邦-花蓮,2023-11-24,9621
3006,晶豪科,43,33,10,富邦-花蓮,2023-11-24,9621
00713,元大台灣高息低波,10,1,9,富邦-花蓮,2023-11-24,9621
4133,亞諾法,105,1,104,富邦-花蓮,2023-11-27,9621
1314,中石化,101,3,98,富邦-花蓮,2023-11-27,9621
2356,英業達,70,4,66,富邦-花蓮,2023-11-27,9621
00919,群益台灣精選高息,59,4,55,富邦-花蓮,2023-11-27,9621
1584,精剛,51,1,50,富邦-花蓮,2023-11-27,9621
00932,兆豐永續高息等權,43,0,43,富邦-花蓮,2023-11-27,9621
2382,廣達,39,5,34,富邦-花蓮,2023-11-27,9621
5521,工信,66,36,30,富邦-花蓮,2023-11-27,9621
2313,華通,90,62,28,富邦-花蓮,2023-11-27,9621
00878,國泰永續高股息,39,11,28,富邦-花蓮,2023-11-27,9621
00929,復華台灣科技優息,48,21,27,富邦-花蓮,2023-11-27,9621
9945,潤泰新,25,0,25,富邦-花蓮,2023-11-27,9621
1815,富喬,27,2,25,富邦-花蓮,2023-11-27,9621
0056,元大高股息,45,21,24,富邦-花蓮,2023-11-27,9621
00715L,期街口布蘭特正2,23,0,23,富邦-花蓮,2023-11-27,9621
0050,元大台灣50,23,1,22,富邦-花蓮,2023-11-27,9621
00650L,復華香港正2,21,0,21,富邦-花蓮,2023-11-27,9621
00772B,中信高評級公司債,22,1,21,富邦-花蓮,2023-11-27,9621
00665L,富邦�琤肭磪囓�2,47,26,21,富邦-花蓮,2023-11-27,9621
5009,榮剛,21,0,21,富邦-花蓮,2023-11-27,9621
00662,富邦NASDAQ,20,0,20,富邦-花蓮,2023-11-27,9621
00720B,元大投資級公司債,20,0,20,富邦-花蓮,2023-11-27,9621
00877,復華中國5G,20,0,20,富邦-花蓮,2023-11-27,9621
8940,新天地,20,0,20,富邦-花蓮,2023-11-27,9621
2888,新光金,46,27,19,富邦-花蓮,2023-11-27,9621
00679B,元大美債20年,19,0,19,富邦-花蓮,2023-11-27,9621
3006,晶豪科,26,8,18,富邦-花蓮,2023-11-27,9621
00687B,國泰20年美債,19,2,17,富邦-花蓮,2023-11-27,9621
00753L,中信中國50正2,17,0,17,富邦-花蓮,2023-11-27,9621
00881,國泰台灣5G+,22,7,15,富邦-花蓮,2023-11-27,9621
2328,廣宇,15,0,15,富邦-花蓮,2023-11-27,9621
2405,輔信,21,6,15,富邦-花蓮,2023-11-27,9621
8086,宏捷科,28,13,15,富邦-花蓮,2023-11-27,9621
1513,中興電,54,40,14,富邦-花蓮,2023-11-27,9621
2363,矽統,27,13,14,富邦-花蓮,2023-11-27,9621
2890,永豐金,14,0,14,富邦-花蓮,2023-11-27,9621
00915,凱基優選高股息30,14,0,14,富邦-花蓮,2023-11-27,9621
1802,台玻,14,0,14,富邦-花蓮,2023-11-27,9621
00931B,統一美債20年,13,0,13,富邦-花蓮,2023-11-27,9621
00936,台新永續高息中小,13,0,13,富邦-花蓮,2023-11-27,9621
6274,台燿,12,1,11,富邦-花蓮,2023-11-27,9621
2882,國泰金,14,3,11,富邦-花蓮,2023-11-27,9621
2417,圓剛,12,1,11,富邦-花蓮,2023-11-27,9621
2634,漢翔,45,34,11,富邦-花蓮,2023-11-27,9621
3042,晶技,11,0,11,富邦-花蓮,2023-11-27,9621
5469,瀚宇博,11,0,11,富邦-花蓮,2023-11-27,9621
8358,金居,14,3,11,富邦-花蓮,2023-11-27,9621
1608,華榮,10,0,10,富邦-花蓮,2023-11-27,9621
2317,鴻海,11,2,9,富邦-花蓮,2023-11-27,9621
1216,統一,33,24,9,富邦-花蓮,2023-11-27,9621
1584,精剛,50,2,48,富邦-花蓮,2023-11-28,9621
1101,台泥,52,8,44,富邦-花蓮,2023-11-28,9621
2356,英業達,49,8,41,富邦-花蓮,2023-11-28,9621
00712,復華富時不動產,31,0,31,富邦-花蓮,2023-11-28,9621
6684,安格,28,4,24,富邦-花蓮,2023-11-28,9621
00919,群益台灣精選高息,53,31,22,富邦-花蓮,2023-11-28,9621
2610,華航,25,5,20,富邦-花蓮,2023-11-28,9621
00885,富邦越南,19,4,15,富邦-花蓮,2023-11-28,9621
2353,宏��,17,2,15,富邦-花蓮,2023-11-28,9621
2374,佳能,15,0,15,富邦-花蓮,2023-11-28,9621
2867,三商壽,15,0,15,富邦-花蓮,2023-11-28,9621
5347,世界,18,3,15,富邦-花蓮,2023-11-28,9621
00706L,期元大S＆P日圓正2,14,0,14,富邦-花蓮,2023-11-28,9621
3715,定穎投控,70,56,14,富邦-花蓮,2023-11-28,9621
8150,南茂,15,1,14,富邦-花蓮,2023-11-28,9621
3551,世禾,14,1,13,富邦-花蓮,2023-11-28,9621
6243,迅杰,25,12,13,富邦-花蓮,2023-11-28,9621
1532,勤美,15,3,12,富邦-花蓮,2023-11-28,9621
2108,南帝,12,0,12,富邦-花蓮,2023-11-28,9621
6125,廣運,12,1,11,富邦-花蓮,2023-11-28,9621
8086,宏捷科,13,2,11,富邦-花蓮,2023-11-28,9621
1312,國喬,10,0,10,富邦-花蓮,2023-11-28,9621
4162,智擎,10,0,10,富邦-花蓮,2023-11-28,9621
4175,杏一,10,0,10,富邦-花蓮,2023-11-28,9621
4702,中美實,10,0,10,富邦-花蓮,2023-11-28,9621
6150,撼訊,11,1,10,富邦-花蓮,2023-11-28,9621
6201,亞弘電,10,0,10,富邦-花蓮,2023-11-28,9621
2382,廣達,19,9,10,富邦-花蓮,2023-11-28,9621
00637L,元大滬深300正2,10,0,10,富邦-花蓮,2023-11-28,9621
2027,大成鋼,13,3,10,富邦-花蓮,2023-11-28,9621
3231,緯創,22,12,10,富邦-花蓮,2023-11-28,9621
2303,聯電,22,12,10,富邦-花蓮,2023-11-28,9621
1301,台塑,10,1,9,富邦-花蓮,2023-11-28,9621
1781,合世,10,1,9,富邦-花蓮,2023-11-28,9621
2323,中環,10,1,9,富邦-花蓮,2023-11-28,9621
2369,菱生,14,5,9,富邦-花蓮,2023-11-28,9621
2436,偉詮電,14,5,9,富邦-花蓮,2023-11-28,9621
1760,寶齡富錦,14,5,9,富邦-花蓮,2023-11-28,9621
1503,士電,8,0,8,富邦-花蓮,2023-11-28,9621
1815,富喬,14,6,8,富邦-花蓮,2023-11-28,9621
6494,九齊,15,7,8,富邦-花蓮,2023-11-28,9621
1734,杏輝,10,3,7,富邦-花蓮,2023-11-28,9621
3041,揚智,24,17,7,富邦-花蓮,2023-11-28,9621
4126,太醫,7,0,7,富邦-花蓮,2023-11-28,9621
6129,普誠,8,1,7,富邦-花蓮,2023-11-28,9621
6667,信紘科,8,1,7,富邦-花蓮,2023-11-28,9621
4979,華星光,6,0,6,富邦-花蓮,2023-11-28,9621
00664R,國泰臺灣加權反1,6,0,6,富邦-花蓮,2023-11-28,9621
1215,卜蜂,6,0,6,富邦-花蓮,2023-11-28,9621
2301,光寶科,7,1,6,富邦-花蓮,2023-11-28,9621
00933B,國泰10Y+金融債,151,0,151,富邦-花蓮,2023-11-29,9621
00650L,復華香港正2,135,7,128,富邦-花蓮,2023-11-29,9621
2610,華航,112,3,109,富邦-花蓮,2023-11-29,9621
00665L,富邦�琤肭磪囓�2,114,31,83,富邦-花蓮,2023-11-29,9621
00882,中信中國高股息,90,20,70,富邦-花蓮,2023-11-29,9621
2618,長榮航,70,0,70,富邦-花蓮,2023-11-29,9621
2883,凱基金,54,8,46,富邦-花蓮,2023-11-29,9621
2834,臺企銀,37,0,37,富邦-花蓮,2023-11-29,9621
00919,群益台灣精選高息,75,40,35,富邦-花蓮,2023-11-29,9621
1605,華新,34,1,33,富邦-花蓮,2023-11-29,9621
3231,緯創,59,28,31,富邦-花蓮,2023-11-29,9621
2888,新光金,54,23,31,富邦-花蓮,2023-11-29,9621
2365,昆盈,30,0,30,富邦-花蓮,2023-11-29,9621
4442,竣邦-KY,30,0,30,富邦-花蓮,2023-11-29,9621
00706L,期元大S＆P日圓正2,27,0,27,富邦-花蓮,2023-11-29,9621
00673R,期元大S＆P原油反1,27,0,27,富邦-花蓮,2023-11-29,9621
006208,富邦台50,27,0,27,富邦-花蓮,2023-11-29,9621
9945,潤泰新,28,4,24,富邦-花蓮,2023-11-29,9621
5351,鈺創,65,41,24,富邦-花蓮,2023-11-29,9621
2002,中鋼,38,17,21,富邦-花蓮,2023-11-29,9621
2363,矽統,47,26,21,富邦-花蓮,2023-11-29,9621
8054,安國,59,38,21,富邦-花蓮,2023-11-29,9621
2886,兆豐金,22,1,21,富邦-花蓮,2023-11-29,9621
2609,陽明,23,5,18,富邦-花蓮,2023-11-29,9621
3694,海華,22,5,17,富邦-花蓮,2023-11-29,9621
2367,燿華,22,7,15,富邦-花蓮,2023-11-29,9621
2891,中信金,16,1,15,富邦-花蓮,2023-11-29,9621
3049,精金,15,0,15,富邦-花蓮,2023-11-29,9621
00753L,中信中國50正2,14,0,14,富邦-花蓮,2023-11-29,9621
6451,訊芯-KY,19,5,14,富邦-花蓮,2023-11-29,9621
6127,九豪,15,1,14,富邦-花蓮,2023-11-29,9621
2356,英業達,32,19,13,富邦-花蓮,2023-11-29,9621
8040,九暘,13,0,13,富邦-花蓮,2023-11-29,9621
2614,東森,12,0,12,富邦-花蓮,2023-11-29,9621
00720B,元大投資級公司債,12,0,12,富邦-花蓮,2023-11-29,9621
2449,京元電子,11,0,11,富邦-花蓮,2023-11-29,9621
00931B,統一美債20年,20,9,11,富邦-花蓮,2023-11-29,9621
3078,僑威,13,2,11,富邦-花蓮,2023-11-29,9621
8940,新天地,11,0,11,富邦-花蓮,2023-11-29,9621
5608,四維航,15,4,11,富邦-花蓮,2023-11-29,9621
00637L,元大滬深300正2,10,0,10,富邦-花蓮,2023-11-29,9621
00894,中信小資高價30,10,0,10,富邦-花蓮,2023-11-29,9621
1316,上曜,10,0,10,富邦-花蓮,2023-11-29,9621
2108,南帝,10,0,10,富邦-花蓮,2023-11-29,9621
3545,敦泰,56,46,10,富邦-花蓮,2023-11-29,9621
3551,世禾,10,0,10,富邦-花蓮,2023-11-29,9621
6494,九齊,23,13,10,富邦-花蓮,2023-11-29,9621
6139,亞翔,12,2,10,富邦-花蓮,2023-11-29,9621
3094,聯傑,12,3,9,富邦-花蓮,2023-11-29,9621
6282,康舒,10,1,9,富邦-花蓮,2023-11-29,9621
00676R,富邦臺灣加權反1,400,0,400,富邦-花蓮,2023-11-30,9621
00680L,元大美債20正2,59,0,59,富邦-花蓮,2023-11-30,9621
00679B,元大美債20年,55,4,51,富邦-花蓮,2023-11-30,9621
00882,中信中國高股息,46,2,44,富邦-花蓮,2023-11-30,9621
3260,威剛,50,10,40,富邦-花蓮,2023-11-30,9621
2547,日勝生,30,0,30,富邦-花蓮,2023-11-30,9621
2413,環科,32,2,30,富邦-花蓮,2023-11-30,9621
00919,群益台灣精選高息,45,15,30,富邦-花蓮,2023-11-30,9621
1815,富喬,40,12,28,富邦-花蓮,2023-11-30,9621
00673R,期元大S＆P原油反1,27,0,27,富邦-花蓮,2023-11-30,9621
2369,菱生,63,36,27,富邦-花蓮,2023-11-30,9621
3013,晟銘電,54,30,24,富邦-花蓮,2023-11-30,9621
5328,華容,40,16,24,富邦-花蓮,2023-11-30,9621
3231,緯創,34,10,24,富邦-花蓮,2023-11-30,9621
2845,遠東銀,22,0,22,富邦-花蓮,2023-11-30,9621
00650L,復華香港正2,21,0,21,富邦-花蓮,2023-11-30,9621
00877,復華中國5G,20,0,20,富邦-花蓮,2023-11-30,9621
2314,台揚,20,0,20,富邦-花蓮,2023-11-30,9621
6142,友勁,20,0,20,富邦-花蓮,2023-11-30,9621
2888,新光金,20,1,19,富邦-花蓮,2023-11-30,9621
3041,揚智,18,0,18,富邦-花蓮,2023-11-30,9621
00753L,中信中國50正2,17,0,17,富邦-花蓮,2023-11-30,9621
3707,漢磊,22,5,17,富邦-花蓮,2023-11-30,9621
3625,西勝,15,0,15,富邦-花蓮,2023-11-30,9621
00665L,富邦�琤肭磪囓�2,14,0,14,富邦-花蓮,2023-11-30,9621
3147,大綜,20,6,14,富邦-花蓮,2023-11-30,9621
1795,美時,14,0,14,富邦-花蓮,2023-11-30,9621
2382,廣達,21,8,13,富邦-花蓮,2023-11-30,9621
2609,陽明,13,0,13,富邦-花蓮,2023-11-30,9621
8390,金益鼎,13,0,13,富邦-花蓮,2023-11-30,9621
2201,裕隆,12,0,12,富邦-花蓮,2023-11-30,9621
2465,麗臺,14,2,12,富邦-花蓮,2023-11-30,9621
3694,海華,17,6,11,富邦-花蓮,2023-11-30,9621
5471,松翰,10,0,10,富邦-花蓮,2023-11-30,9621
1455,集盛,10,0,10,富邦-花蓮,2023-11-30,9621
2243,宏旭-KY,10,0,10,富邦-花蓮,2023-11-30,9621
5488,松普,10,0,10,富邦-花蓮,2023-11-30,9621
6112,邁達特,10,0,10,富邦-花蓮,2023-11-30,9621
6282,康舒,15,5,10,富邦-花蓮,2023-11-30,9621
6451,訊芯-KY,10,0,10,富邦-花蓮,2023-11-30,9621
2323,中環,10,0,10,富邦-花蓮,2023-11-30,9621
2880,華南金,10,0,10,富邦-花蓮,2023-11-30,9621
2313,華通,48,39,9,富邦-花蓮,2023-11-30,9621
00632R,元大台灣50反1,8,0,8,富邦-花蓮,2023-11-30,9621
1808,潤隆,8,0,8,富邦-花蓮,2023-11-30,9621
2353,宏��,29,21,8,富邦-花蓮,2023-11-30,9621
2474,可成,9,1,8,富邦-花蓮,2023-11-30,9621
3122,笙泉,8,0,8,富邦-花蓮,2023-11-30,9621
4167,松瑞藥,8,0,8,富邦-花蓮,2023-11-30,9621
6202,盛群,8,0,8,富邦-花蓮,2023-11-30,9621
00632R,元大台灣50反1,142,0,142,富邦-花蓮,2023-12-01,9621
00715L,期街口布蘭特正2,118,1,117,富邦-花蓮,2023-12-01,9621
2888,新光金,106,2,104,富邦-花蓮,2023-12-01,9621
6257,矽格,63,2,61,富邦-花蓮,2023-12-01,9621
2356,英業達,64,6,58,富邦-花蓮,2023-12-01,9621
1455,集盛,50,2,48,富邦-花蓮,2023-12-01,9621
00680L,元大美債20正2,47,0,47,富邦-花蓮,2023-12-01,9621
00637L,元大滬深300正2,54,8,46,富邦-花蓮,2023-12-01,9621
1101,台泥,47,9,38,富邦-花蓮,2023-12-01,9621
2409,友達,44,6,38,富邦-花蓮,2023-12-01,9621
00650L,復華香港正2,83,46,37,富邦-花蓮,2023-12-01,9621
00679B,元大美債20年,35,0,35,富邦-花蓮,2023-12-01,9621
00918,大華優利高填息30,39,4,35,富邦-花蓮,2023-12-01,9621
00878,國泰永續高股息,41,8,33,富邦-花蓮,2023-12-01,9621
3041,揚智,118,86,32,富邦-花蓮,2023-12-01,9621
2355,敬鵬,47,18,29,富邦-花蓮,2023-12-01,9621
3545,敦泰,45,16,29,富邦-花蓮,2023-12-01,9621
3706,神達,40,13,27,富邦-花蓮,2023-12-01,9621
3231,緯創,74,47,27,富邦-花蓮,2023-12-01,9621
2891,中信金,24,1,23,富邦-花蓮,2023-12-01,9621
8096,擎亞,24,3,21,富邦-花蓮,2023-12-01,9621
2332,友訊,43,23,20,富邦-花蓮,2023-12-01,9621
1905,華紙,20,0,20,富邦-花蓮,2023-12-01,9621
2486,一詮,21,1,20,富邦-花蓮,2023-12-01,9621
4133,亞諾法,20,0,20,富邦-花蓮,2023-12-01,9621
5355,佳總,20,0,20,富邦-花蓮,2023-12-01,9621
1440,南紡,19,0,19,富邦-花蓮,2023-12-01,9621
2481,強茂,29,10,19,富邦-花蓮,2023-12-01,9621
3372,典範,20,1,19,富邦-花蓮,2023-12-01,9621
2023,燁輝,21,3,18,富邦-花蓮,2023-12-01,9621
5351,鈺創,29,11,18,富邦-花蓮,2023-12-01,9621
2303,聯電,32,15,17,富邦-花蓮,2023-12-01,9621
2883,凱基金,25,8,17,富邦-花蓮,2023-12-01,9621
8110,華東,20,3,17,富邦-花蓮,2023-12-01,9621
2881,富邦金,16,0,16,富邦-花蓮,2023-12-01,9621
2538,基泰,16,0,16,富邦-花蓮,2023-12-01,9621
5347,世界,16,1,15,富邦-花蓮,2023-12-01,9621
3702,大聯大,18,3,15,富邦-花蓮,2023-12-01,9621
4979,華星光,25,10,15,富邦-花蓮,2023-12-01,9621
6443,元晶,15,0,15,富邦-花蓮,2023-12-01,9621
1732,毛寶,14,0,14,富邦-花蓮,2023-12-01,9621
3552,同致,14,0,14,富邦-花蓮,2023-12-01,9621
2324,仁寶,13,0,13,富邦-花蓮,2023-12-01,9621
2390,云辰,16,3,13,富邦-花蓮,2023-12-01,9621
5425,台半,14,1,13,富邦-花蓮,2023-12-01,9621
6201,亞弘電,13,0,13,富邦-花蓮,2023-12-01,9621
2382,廣達,23,10,13,富邦-花蓮,2023-12-01,9621
3481,群創,18,6,12,富邦-花蓮,2023-12-01,9621
00720B,元大投資級公司債,12,0,12,富邦-花蓮,2023-12-01,9621
2882,國泰金,14,2,12,富邦-花蓮,2023-12-01,9621
00715L,期街口布蘭特正2,436,0,436,富邦-花蓮,2023-12-04,9621
00929,復華台灣科技優息,255,69,186,富邦-花蓮,2023-12-04,9621
00919,群益台灣精選高息,189,20,169,富邦-花蓮,2023-12-04,9621
5521,工信,95,0,95,富邦-花蓮,2023-12-04,9621
1605,華新,96,26,70,富邦-花蓮,2023-12-04,9621
2641,正德,90,21,69,富邦-花蓮,2023-12-04,9621
6117,迎廣,99,33,66,富邦-花蓮,2023-12-04,9621
00900,富邦特選高股息30,77,13,64,富邦-花蓮,2023-12-04,9621
5351,鈺創,67,4,63,富邦-花蓮,2023-12-04,9621
2363,矽統,87,25,62,富邦-花蓮,2023-12-04,9621
2606,裕民,98,45,53,富邦-花蓮,2023-12-04,9621
00632R,元大台灣50反1,52,1,51,富邦-花蓮,2023-12-04,9621
1584,精剛,51,0,51,富邦-花蓮,2023-12-04,9621
00650L,復華香港正2,93,44,49,富邦-花蓮,2023-12-04,9621
2883,凱基金,67,19,48,富邦-花蓮,2023-12-04,9621
1455,集盛,45,0,45,富邦-花蓮,2023-12-04,9621
1815,富喬,52,10,42,富邦-花蓮,2023-12-04,9621
9945,潤泰新,40,0,40,富邦-花蓮,2023-12-04,9621
00882,中信中國高股息,39,0,39,富邦-花蓮,2023-12-04,9621
3535,晶彩科,38,0,38,富邦-花蓮,2023-12-04,9621
2402,毅嘉,36,0,36,富邦-花蓮,2023-12-04,9621
3325,旭品,56,21,35,富邦-花蓮,2023-12-04,9621
3706,神達,53,18,35,富邦-花蓮,2023-12-04,9621
3231,緯創,51,19,32,富邦-花蓮,2023-12-04,9621
6122,擎邦,30,0,30,富邦-花蓮,2023-12-04,9621
9919,康那香,92,65,27,富邦-花蓮,2023-12-04,9621
3715,定穎投控,56,30,26,富邦-花蓮,2023-12-04,9621
4167,松瑞藥,36,13,23,富邦-花蓮,2023-12-04,9621
6733,博晟生醫,23,1,22,富邦-花蓮,2023-12-04,9621
6125,廣運,63,41,22,富邦-花蓮,2023-12-04,9621
2498,宏達電,23,2,21,富邦-花蓮,2023-12-04,9621
2542,興富發,21,0,21,富邦-花蓮,2023-12-04,9621
2374,佳能,20,0,20,富邦-花蓮,2023-12-04,9621
5347,世界,35,16,19,富邦-花蓮,2023-12-04,9621
2890,永豐金,20,2,18,富邦-花蓮,2023-12-04,9621
2612,中航,24,6,18,富邦-花蓮,2023-12-04,9621
2406,國碩,27,10,17,富邦-花蓮,2023-12-04,9621
2516,新建,18,1,17,富邦-花蓮,2023-12-04,9621
2538,基泰,17,0,17,富邦-花蓮,2023-12-04,9621
2615,萬海,28,12,16,富邦-花蓮,2023-12-04,9621
6231,系微,16,1,15,富邦-花蓮,2023-12-04,9621
2023,燁輝,26,11,15,富邦-花蓮,2023-12-04,9621
8131,福懋科,15,0,15,富邦-花蓮,2023-12-04,9621
00753L,中信中國50正2,16,1,15,富邦-花蓮,2023-12-04,9621
00897,富邦基因免疫生技,14,0,14,富邦-花蓮,2023-12-04,9621
8150,南茂,20,6,14,富邦-花蓮,2023-12-04,9621
00665L,富邦�琤肭磪囓�2,33,20,13,富邦-花蓮,2023-12-04,9621
1504,東元,19,6,13,富邦-花蓮,2023-12-04,9621
4543,萬在,21,8,13,富邦-花蓮,2023-12-04,9621
00878,國泰永續高股息,32,19,13,富邦-花蓮,2023-12-04,9621
1605,華新,123,20,103,富邦-花蓮,2023-12-05,9621
00929,復華台灣科技優息,91,22,69,富邦-花蓮,2023-12-05,9621
00934,中信成長高股息,65,0,65,富邦-花蓮,2023-12-05,9621
00919,群益台灣精選高息,125,63,62,富邦-花蓮,2023-12-05,9621
2489,瑞軒,56,0,56,富邦-花蓮,2023-12-05,9621
00715L,期街口布蘭特正2,56,1,55,富邦-花蓮,2023-12-05,9621
00665L,富邦�琤肭磪囓�2,134,88,46,富邦-花蓮,2023-12-05,9621
2891,中信金,46,3,43,富邦-花蓮,2023-12-05,9621
2614,東森,42,0,42,富邦-花蓮,2023-12-05,9621
3050,鈺德,83,43,40,富邦-花蓮,2023-12-05,9621
2610,華航,39,1,38,富邦-花蓮,2023-12-05,9621
00650L,復華香港正2,36,0,36,富邦-花蓮,2023-12-05,9621
6190,萬泰科,35,0,35,富邦-花蓮,2023-12-05,9621
2303,聯電,33,0,33,富邦-花蓮,2023-12-05,9621
00936,台新永續高息中小,32,0,32,富邦-花蓮,2023-12-05,9621
2352,佳世達,33,2,31,富邦-花蓮,2023-12-05,9621
2516,新建,34,4,30,富邦-花蓮,2023-12-05,9621
5347,世界,30,2,28,富邦-花蓮,2023-12-05,9621
00915,凱基優選高股息30,28,1,27,富邦-花蓮,2023-12-05,9621
3231,緯創,64,37,27,富邦-花蓮,2023-12-05,9621
2611,志信,62,36,26,富邦-花蓮,2023-12-05,9621
00882,中信中國高股息,41,16,25,富邦-花蓮,2023-12-05,9621
1781,合世,25,0,25,富邦-花蓮,2023-12-05,9621
3287,廣寰科,29,4,25,富邦-花蓮,2023-12-05,9621
3481,群創,45,20,25,富邦-花蓮,2023-12-05,9621
6201,亞弘電,25,1,24,富邦-花蓮,2023-12-05,9621
3306,鼎天,23,0,23,富邦-花蓮,2023-12-05,9621
3325,旭品,29,6,23,富邦-花蓮,2023-12-05,9621
00918,大華優利高填息30,22,0,22,富邦-花蓮,2023-12-05,9621
1440,南紡,40,19,21,富邦-花蓮,2023-12-05,9621
2332,友訊,24,3,21,富邦-花蓮,2023-12-05,9621
00878,國泰永續高股息,27,7,20,富邦-花蓮,2023-12-05,9621
2618,長榮航,25,6,19,富邦-花蓮,2023-12-05,9621
00900,富邦特選高股息30,19,0,19,富邦-花蓮,2023-12-05,9621
1815,富喬,39,21,18,富邦-花蓮,2023-12-05,9621
3706,神達,28,10,18,富邦-花蓮,2023-12-05,9621
020028,元大特選電動車N,17,0,17,富邦-花蓮,2023-12-05,9621
2344,華邦電,20,3,17,富邦-花蓮,2023-12-05,9621
8088,品安,17,0,17,富邦-花蓮,2023-12-05,9621
00753L,中信中國50正2,16,0,16,富邦-花蓮,2023-12-05,9621
3390,旭軟,33,18,15,富邦-花蓮,2023-12-05,9621
6684,安格,15,0,15,富邦-花蓮,2023-12-05,9621
6462,神盾,20,6,14,富邦-花蓮,2023-12-05,9621
2883,凱基金,23,9,14,富邦-花蓮,2023-12-05,9621
3715,定穎投控,59,46,13,富邦-花蓮,2023-12-05,9621
1810,和成,13,0,13,富邦-花蓮,2023-12-05,9621
6706,惠特,13,0,13,富邦-花蓮,2023-12-05,9621
2376,技嘉,17,4,13,富邦-花蓮,2023-12-05,9621
2492,華新科,19,6,13,富邦-花蓮,2023-12-05,9621
2603,長榮,23,10,13,富邦-花蓮,2023-12-05,9621
00937B,群益ESG投等債20,240,95,145,富邦-花蓮,2023-12-06,9621
00919,群益台灣精選高息,109,10,99,富邦-花蓮,2023-12-06,9621
1455,集盛,61,0,61,富邦-花蓮,2023-12-06,9621
1815,富喬,62,3,59,富邦-花蓮,2023-12-06,9621
3481,群創,63,6,57,富邦-花蓮,2023-12-06,9621
2371,大同,53,0,53,富邦-花蓮,2023-12-06,9621
2888,新光金,53,0,53,富邦-花蓮,2023-12-06,9621
00688L,國泰20年美債正2,51,0,51,富邦-花蓮,2023-12-06,9621
2107,厚生,49,0,49,富邦-花蓮,2023-12-06,9621
00715L,期街口布蘭特正2,44,1,43,富邦-花蓮,2023-12-06,9621
2453,凌群,45,4,41,富邦-花蓮,2023-12-06,9621
2303,聯電,38,1,37,富邦-花蓮,2023-12-06,9621
2614,東森,37,1,36,富邦-花蓮,2023-12-06,9621
2610,華航,44,14,30,富邦-花蓮,2023-12-06,9621
00933B,國泰10Y+金融債,34,6,28,富邦-花蓮,2023-12-06,9621
00687B,國泰20年美債,68,42,26,富邦-花蓮,2023-12-06,9621
00642U,期元大S＆P石油,24,0,24,富邦-花蓮,2023-12-06,9621
2344,華邦電,24,1,23,富邦-花蓮,2023-12-06,9621
2617,台航,34,13,21,富邦-花蓮,2023-12-06,9621
00877,復華中國5G,20,0,20,富邦-花蓮,2023-12-06,9621
1785,光洋科,19,0,19,富邦-花蓮,2023-12-06,9621
3704,合勤控,20,2,18,富邦-花蓮,2023-12-06,9621
00929,復華台灣科技優息,41,25,16,富邦-花蓮,2023-12-06,9621
2317,鴻海,16,0,16,富邦-花蓮,2023-12-06,9621
00680L,元大美債20正2,42,26,16,富邦-花蓮,2023-12-06,9621
00665L,富邦�琤肭磪囓�2,20,4,16,富邦-花蓮,2023-12-06,9621
4979,華星光,24,8,16,富邦-花蓮,2023-12-06,9621
3712,永崴投控,15,0,15,富邦-花蓮,2023-12-06,9621
1605,華新,19,5,14,富邦-花蓮,2023-12-06,9621
5347,世界,16,2,14,富邦-花蓮,2023-12-06,9621
6117,迎廣,75,61,14,富邦-花蓮,2023-12-06,9621
3050,鈺德,75,63,12,富邦-花蓮,2023-12-06,9621
00637L,元大滬深300正2,20,9,11,富邦-花蓮,2023-12-06,9621
2851,中再保,11,0,11,富邦-花蓮,2023-12-06,9621
3264,欣銓,19,8,11,富邦-花蓮,2023-12-06,9621
00650L,復華香港正2,10,0,10,富邦-花蓮,2023-12-06,9621
2358,廷鑫,10,0,10,富邦-花蓮,2023-12-06,9621
2916,滿心,10,0,10,富邦-花蓮,2023-12-06,9621
3380,明泰,11,1,10,富邦-花蓮,2023-12-06,9621
4714,永捷,10,0,10,富邦-花蓮,2023-12-06,9621
6546,正基,10,0,10,富邦-花蓮,2023-12-06,9621
2355,敬鵬,74,64,10,富邦-花蓮,2023-12-06,9621
1216,統一,9,0,9,富邦-花蓮,2023-12-06,9621
00915,凱基優選高股息30,9,0,9,富邦-花蓮,2023-12-06,9621
2331,精英,13,4,9,富邦-花蓮,2023-12-06,9621
6243,迅杰,13,4,9,富邦-花蓮,2023-12-06,9621
3231,緯創,44,36,8,富邦-花蓮,2023-12-06,9621
2542,興富發,8,0,8,富邦-花蓮,2023-12-06,9621
2889,國票金,12,4,8,富邦-花蓮,2023-12-06,9621
00674R,期元大S＆P黃金反1,8,0,8,富邦-花蓮,2023-12-06,9621
00919,群益台灣精選高息,157,2,155,富邦-花蓮,2023-12-07,9621
00715L,期街口布蘭特正2,78,2,76,富邦-花蓮,2023-12-07,9621
1905,華紙,76,3,73,富邦-花蓮,2023-12-07,9621
3059,華晶科,76,3,73,富邦-花蓮,2023-12-07,9621
00712,復華富時不動產,55,0,55,富邦-花蓮,2023-12-07,9621
2387,精元,52,0,52,富邦-花蓮,2023-12-07,9621
5521,工信,113,71,42,富邦-花蓮,2023-12-07,9621
00687B,國泰20年美債,63,26,37,富邦-花蓮,2023-12-07,9621
1714,和桐,40,5,35,富邦-花蓮,2023-12-07,9621
2605,新興,41,6,35,富邦-花蓮,2023-12-07,9621
00642U,期元大S＆P石油,33,0,33,富邦-花蓮,2023-12-07,9621
00882,中信中國高股息,32,0,32,富邦-花蓮,2023-12-07,9621
2344,華邦電,27,0,27,富邦-花蓮,2023-12-07,9621
00929,復華台灣科技優息,47,20,27,富邦-花蓮,2023-12-07,9621
1522,堤維西,49,23,26,富邦-花蓮,2023-12-07,9621
6684,安格,26,1,25,富邦-花蓮,2023-12-07,9621
1618,合機,52,28,24,富邦-花蓮,2023-12-07,9621
00915,凱基優選高股息30,23,0,23,富邦-花蓮,2023-12-07,9621
2610,華航,42,19,23,富邦-花蓮,2023-12-07,9621
3013,晟銘電,41,19,22,富邦-花蓮,2023-12-07,9621
2915,潤泰全,21,0,21,富邦-花蓮,2023-12-07,9621
2606,裕民,26,5,21,富邦-花蓮,2023-12-07,9621
00679B,元大美債20年,31,11,20,富邦-花蓮,2023-12-07,9621
1568,倉佑,31,12,19,富邦-花蓮,2023-12-07,9621
3050,鈺德,20,1,19,富邦-花蓮,2023-12-07,9621
3041,揚智,110,94,16,富邦-花蓮,2023-12-07,9621
00900,富邦特選高股息30,26,11,15,富邦-花蓮,2023-12-07,9621
1609,大亞,93,78,15,富邦-花蓮,2023-12-07,9621
1785,光洋科,15,0,15,富邦-花蓮,2023-12-07,9621
2453,凌群,26,11,15,富邦-花蓮,2023-12-07,9621
2882,國泰金,16,2,14,富邦-花蓮,2023-12-07,9621
3479,安勤,34,20,14,富邦-花蓮,2023-12-07,9621
6237,驊訊,20,6,14,富邦-花蓮,2023-12-07,9621
3715,定穎投控,43,29,14,富邦-花蓮,2023-12-07,9621
3576,聯合再生,25,11,14,富邦-花蓮,2023-12-07,9621
2313,華通,31,18,13,富邦-花蓮,2023-12-07,9621
6112,邁達特,14,1,13,富邦-花蓮,2023-12-07,9621
1612,宏泰,13,0,13,富邦-花蓮,2023-12-07,9621
2388,威盛,59,46,13,富邦-花蓮,2023-12-07,9621
6150,撼訊,17,4,13,富邦-花蓮,2023-12-07,9621
6152,百一,13,0,13,富邦-花蓮,2023-12-07,9621
2474,可成,12,0,12,富邦-花蓮,2023-12-07,9621
8261,富鼎,12,0,12,富邦-花蓮,2023-12-07,9621
00637L,元大滬深300正2,25,13,12,富邦-花蓮,2023-12-07,9621
5347,世界,12,1,11,富邦-花蓮,2023-12-07,9621
1802,台玻,11,0,11,富邦-花蓮,2023-12-07,9621
2413,環科,11,0,11,富邦-花蓮,2023-12-07,9621
2468,華經,11,0,11,富邦-花蓮,2023-12-07,9621
2881,富邦金,17,6,11,富邦-花蓮,2023-12-07,9621
00632R,元大台灣50反1,11,0,11,富邦-花蓮,2023-12-07,9621
2916,滿心,155,0,155,富邦-花蓮,2023-12-08,9621
00919,群益台灣精選高息,157,20,137,富邦-花蓮,2023-12-08,9621
00706L,期元大S＆P日圓正2,110,0,110,富邦-花蓮,2023-12-08,9621
00642U,期元大S＆P石油,110,0,110,富邦-花蓮,2023-12-08,9621
00637L,元大滬深300正2,101,0,101,富邦-花蓮,2023-12-08,9621
2605,新興,190,90,100,富邦-花蓮,2023-12-08,9621
6016,康和證,100,0,100,富邦-花蓮,2023-12-08,9621
1455,集盛,90,1,89,富邦-花蓮,2023-12-08,9621
4114,健喬,85,1,84,富邦-花蓮,2023-12-08,9621
2867,三商壽,60,0,60,富邦-花蓮,2023-12-08,9621
00918,大華優利高填息30,55,0,55,富邦-花蓮,2023-12-08,9621
00687B,國泰20年美債,55,3,52,富邦-花蓮,2023-12-08,9621
6443,元晶,50,0,50,富邦-花蓮,2023-12-08,9621
2606,裕民,50,4,46,富邦-花蓮,2023-12-08,9621
1524,耿鼎,133,91,42,富邦-花蓮,2023-12-08,9621
8040,九暘,46,6,40,富邦-花蓮,2023-12-08,9621
2610,華航,46,13,33,富邦-花蓮,2023-12-08,9621
8110,華東,30,0,30,富邦-花蓮,2023-12-08,9621
00679B,元大美債20年,28,2,26,富邦-花蓮,2023-12-08,9621
00929,復華台灣科技優息,41,15,26,富邦-花蓮,2023-12-08,9621
00882,中信中國高股息,30,5,25,富邦-花蓮,2023-12-08,9621
1609,大亞,57,32,25,富邦-花蓮,2023-12-08,9621
2313,華通,35,11,24,富邦-花蓮,2023-12-08,9621
2467,志聖,26,3,23,富邦-花蓮,2023-12-08,9621
00665L,富邦�琤肭磪囓�2,20,0,20,富邦-花蓮,2023-12-08,9621
5355,佳總,20,0,20,富邦-花蓮,2023-12-08,9621
00715L,期街口布蘭特正2,58,40,18,富邦-花蓮,2023-12-08,9621
6190,萬泰科,18,0,18,富邦-花蓮,2023-12-08,9621
2882,國泰金,18,1,17,富邦-花蓮,2023-12-08,9621
5608,四維航,17,0,17,富邦-花蓮,2023-12-08,9621
2881,富邦金,17,1,16,富邦-花蓮,2023-12-08,9621
00712,復華富時不動產,21,5,16,富邦-花蓮,2023-12-08,9621
00933B,國泰10Y+金融債,16,0,16,富邦-花蓮,2023-12-08,9621
2516,新建,18,2,16,富邦-花蓮,2023-12-08,9621
4533,協易機,26,10,16,富邦-花蓮,2023-12-08,9621
6235,華孚,20,5,15,富邦-花蓮,2023-12-08,9621
1815,富喬,22,8,14,富邦-花蓮,2023-12-08,9621
2367,燿華,15,1,14,富邦-花蓮,2023-12-08,9621
6168,宏齊,17,3,14,富邦-花蓮,2023-12-08,9621
00713,元大台灣高息低波,12,0,12,富邦-花蓮,2023-12-08,9621
1584,精剛,12,0,12,富邦-花蓮,2023-12-08,9621
2329,華泰,22,10,12,富邦-花蓮,2023-12-08,9621
2460,建通,17,5,12,富邦-花蓮,2023-12-08,9621
3231,緯創,47,36,11,富邦-花蓮,2023-12-08,9621
2303,聯電,30,19,11,富邦-花蓮,2023-12-08,9621
1611,中電,11,0,11,富邦-花蓮,2023-12-08,9621
1612,宏泰,21,10,11,富邦-花蓮,2023-12-08,9621
2888,新光金,11,0,11,富邦-花蓮,2023-12-08,9621
4128,中天,11,0,11,富邦-花蓮,2023-12-08,9621
1789,神隆,10,0,10,富邦-花蓮,2023-12-08,9621
00919,群益台灣精選高息,138,4,134,富邦-花蓮,2023-12-11,9621
2369,菱生,126,2,124,富邦-花蓮,2023-12-11,9621
00929,復華台灣科技優息,106,20,86,富邦-花蓮,2023-12-11,9621
2610,華航,74,0,74,富邦-花蓮,2023-12-11,9621
00882,中信中國高股息,74,0,74,富邦-花蓮,2023-12-11,9621
1909,榮成,69,0,69,富邦-花蓮,2023-12-11,9621
9943,好樂迪,55,1,54,富邦-花蓮,2023-12-11,9621
6139,亞翔,78,25,53,富邦-花蓮,2023-12-11,9621
5328,華容,53,1,52,富邦-花蓮,2023-12-11,9621
00650L,復華香港正2,61,12,49,富邦-花蓮,2023-12-11,9621
00934,中信成長高股息,45,0,45,富邦-花蓮,2023-12-11,9621
00891,中信關鍵半導體,45,5,40,富邦-花蓮,2023-12-11,9621
2916,滿心,37,0,37,富邦-花蓮,2023-12-11,9621
00679B,元大美債20年,32,0,32,富邦-花蓮,2023-12-11,9621
00687B,國泰20年美債,33,1,32,富邦-花蓮,2023-12-11,9621
2906,高林,31,0,31,富邦-花蓮,2023-12-11,9621
2467,志聖,27,0,27,富邦-花蓮,2023-12-11,9621
00937B,群益ESG投等債20,84,58,26,富邦-花蓮,2023-12-11,9621
00665L,富邦�琤肭磪囓�2,175,150,25,富邦-花蓮,2023-12-11,9621
2002,中鋼,24,2,22,富邦-花蓮,2023-12-11,9621
2388,威盛,90,69,21,富邦-花蓮,2023-12-11,9621
3041,揚智,51,30,21,富邦-花蓮,2023-12-11,9621
1314,中石化,22,1,21,富邦-花蓮,2023-12-11,9621
2605,新興,34,13,21,富邦-花蓮,2023-12-11,9621
2609,陽明,22,1,21,富邦-花蓮,2023-12-11,9621
2323,中環,21,0,21,富邦-花蓮,2023-12-11,9621
1789,神隆,20,0,20,富邦-花蓮,2023-12-11,9621
2303,聯電,22,3,19,富邦-花蓮,2023-12-11,9621
2337,旺宏,19,0,19,富邦-花蓮,2023-12-11,9621
00680L,元大美債20正2,18,0,18,富邦-花蓮,2023-12-11,9621
6156,松上,18,0,18,富邦-花蓮,2023-12-11,9621
2301,光寶科,23,5,18,富邦-花蓮,2023-12-11,9621
00918,大華優利高填息30,17,0,17,富邦-花蓮,2023-12-11,9621
2353,宏��,26,10,16,富邦-花蓮,2023-12-11,9621
2392,正崴,26,11,15,富邦-花蓮,2023-12-11,9621
6799,來頡,17,2,15,富邦-花蓮,2023-12-11,9621
3450,聯鈞,21,6,15,富邦-花蓮,2023-12-11,9621
2504,國產,14,0,14,富邦-花蓮,2023-12-11,9621
4906,正文,29,15,14,富邦-花蓮,2023-12-11,9621
2376,技嘉,21,8,13,富邦-花蓮,2023-12-11,9621
2614,東森,13,0,13,富邦-花蓮,2023-12-11,9621
00931B,統一美債20年,13,0,13,富邦-花蓮,2023-12-11,9621
3346,麗清,13,0,13,富邦-花蓮,2023-12-11,9621
6207,雷科,13,0,13,富邦-花蓮,2023-12-11,9621
6684,安格,21,8,13,富邦-花蓮,2023-12-11,9621
00713,元大台灣高息低波,13,0,13,富邦-花蓮,2023-12-11,9621
8112,至上,58,46,12,富邦-花蓮,2023-12-11,9621
00655L,國泰中國A50正2,12,0,12,富邦-花蓮,2023-12-11,9621
2312,金寶,20,8,12,富邦-花蓮,2023-12-11,9621
8936,國統,12,0,12,富邦-花蓮,2023-12-11,9621
1714,和桐,207,0,207,富邦-花蓮,2023-12-12,9621
00919,群益台灣精選高息,231,30,201,富邦-花蓮,2023-12-12,9621
2889,國票金,181,0,181,富邦-花蓮,2023-12-12,9621
1455,集盛,180,0,180,富邦-花蓮,2023-12-12,9621
2547,日勝生,110,0,110,富邦-花蓮,2023-12-12,9621
00937B,群益ESG投等債20,104,7,97,富邦-花蓮,2023-12-12,9621
00669R,國泰美國道瓊反1,90,0,90,富邦-花蓮,2023-12-12,9621
5328,華容,71,2,69,富邦-花蓮,2023-12-12,9621
00715L,期街口布蘭特正2,93,41,52,富邦-花蓮,2023-12-12,9621
1909,榮成,40,0,40,富邦-花蓮,2023-12-12,9621
1584,精剛,59,20,39,富邦-花蓮,2023-12-12,9621
00687B,國泰20年美債,39,0,39,富邦-花蓮,2023-12-12,9621
3231,緯創,80,41,39,富邦-花蓮,2023-12-12,9621
00918,大華優利高填息30,40,2,38,富邦-花蓮,2023-12-12,9621
4114,健喬,40,4,36,富邦-花蓮,2023-12-12,9621
2609,陽明,57,23,34,富邦-花蓮,2023-12-12,9621
9943,好樂迪,34,0,34,富邦-花蓮,2023-12-12,9621
1612,宏泰,62,31,31,富邦-花蓮,2023-12-12,9621
1608,華榮,43,14,29,富邦-花蓮,2023-12-12,9621
4979,華星光,34,6,28,富邦-花蓮,2023-12-12,9621
2365,昆盈,30,3,27,富邦-花蓮,2023-12-12,9621
8112,至上,107,80,27,富邦-花蓮,2023-12-12,9621
2887,台新金,33,6,27,富邦-花蓮,2023-12-12,9621
3481,群創,54,27,27,富邦-花蓮,2023-12-12,9621
2615,萬海,26,2,24,富邦-花蓮,2023-12-12,9621
2888,新光金,27,3,24,富邦-花蓮,2023-12-12,9621
1618,合機,62,40,22,富邦-花蓮,2023-12-12,9621
1568,倉佑,24,3,21,富邦-花蓮,2023-12-12,9621
8088,品安,21,2,19,富邦-花蓮,2023-12-12,9621
2476,鉅祥,19,1,18,富邦-花蓮,2023-12-12,9621
5351,鈺創,20,2,18,富邦-花蓮,2023-12-12,9621
00706L,期元大S＆P日圓正2,16,0,16,富邦-花蓮,2023-12-12,9621
8059,凱碩,16,0,16,富邦-花蓮,2023-12-12,9621
3363,上詮,20,5,15,富邦-花蓮,2023-12-12,9621
2614,東森,18,3,15,富邦-花蓮,2023-12-12,9621
8103,瀚荃,15,1,14,富邦-花蓮,2023-12-12,9621
1609,大亞,39,26,13,富邦-花蓮,2023-12-12,9621
4167,松瑞藥,14,1,13,富邦-花蓮,2023-12-12,9621
9945,潤泰新,13,0,13,富邦-花蓮,2023-12-12,9621
5521,工信,141,128,13,富邦-花蓮,2023-12-12,9621
00679B,元大美債20年,14,2,12,富邦-花蓮,2023-12-12,9621
1815,富喬,12,0,12,富邦-花蓮,2023-12-12,9621
00933B,國泰10Y+金融債,12,0,12,富邦-花蓮,2023-12-12,9621
2419,仲琦,22,10,12,富邦-花蓮,2023-12-12,9621
3032,偉訓,13,1,12,富邦-花蓮,2023-12-12,9621
3062,建漢,12,0,12,富邦-花蓮,2023-12-12,9621
8390,金益鼎,13,1,12,富邦-花蓮,2023-12-12,9621
00885,富邦越南,11,0,11,富邦-花蓮,2023-12-12,9621
2399,映泰,13,2,11,富邦-花蓮,2023-12-12,9621
2618,長榮航,39,28,11,富邦-花蓮,2023-12-12,9621
00919,群益台灣精選高息,497,109,388,富邦-花蓮,2023-12-13,9621
00642U,期元大S＆P石油,142,20,122,富邦-花蓮,2023-12-13,9621
2605,新興,129,12,117,富邦-花蓮,2023-12-13,9621
00637L,元大滬深300正2,106,0,106,富邦-花蓮,2023-12-13,9621
00715L,期街口布蘭特正2,157,63,94,富邦-花蓮,2023-12-13,9621
2888,新光金,80,3,77,富邦-花蓮,2023-12-13,9621
3231,緯創,132,83,49,富邦-花蓮,2023-12-13,9621
00753L,中信中國50正2,46,0,46,富邦-花蓮,2023-12-13,9621
00929,復華台灣科技優息,127,84,43,富邦-花蓮,2023-12-13,9621
2363,矽統,68,25,43,富邦-花蓮,2023-12-13,9621
1612,宏泰,49,8,41,富邦-花蓮,2023-12-13,9621
2417,圓剛,74,34,40,富邦-花蓮,2023-12-13,9621
9943,好樂迪,34,0,34,富邦-花蓮,2023-12-13,9621
00655L,國泰中國A50正2,33,0,33,富邦-花蓮,2023-12-13,9621
5347,世界,36,4,32,富邦-花蓮,2023-12-13,9621
1909,榮成,30,0,30,富邦-花蓮,2023-12-13,9621
1802,台玻,30,1,29,富邦-花蓮,2023-12-13,9621
5302,太欣,28,0,28,富邦-花蓮,2023-12-13,9621
3078,僑威,28,4,24,富邦-花蓮,2023-12-13,9621
2374,佳能,23,0,23,富邦-花蓮,2023-12-13,9621
2002,中鋼,24,2,22,富邦-花蓮,2023-12-13,9621
00933B,國泰10Y+金融債,20,0,20,富邦-花蓮,2023-12-13,9621
00937B,群益ESG投等債20,20,0,20,富邦-花蓮,2023-12-13,9621
2883,凱基金,20,0,20,富邦-花蓮,2023-12-13,9621
00687B,國泰20年美債,20,1,19,富邦-花蓮,2023-12-13,9621
6182,合晶,44,28,16,富邦-花蓮,2023-12-13,9621
3481,群創,17,2,15,富邦-花蓮,2023-12-13,9621
3260,威剛,51,36,15,富邦-花蓮,2023-12-13,9621
00882,中信中國高股息,23,8,15,富邦-花蓮,2023-12-13,9621
2882,國泰金,18,3,15,富邦-花蓮,2023-12-13,9621
2009,第一銅,15,0,15,富邦-花蓮,2023-12-13,9621
6282,康舒,17,4,13,富邦-花蓮,2023-12-13,9621
2317,鴻海,34,21,13,富邦-花蓮,2023-12-13,9621
00900,富邦特選高股息30,23,10,13,富邦-花蓮,2023-12-13,9621
3287,廣寰科,16,3,13,富邦-花蓮,2023-12-13,9621
1609,大亞,14,1,13,富邦-花蓮,2023-12-13,9621
2482,連宇,13,0,13,富邦-花蓮,2023-12-13,9621
5871,中租-KY,12,0,12,富邦-花蓮,2023-12-13,9621
1568,倉佑,28,16,12,富邦-花蓮,2023-12-13,9621
2425,承啟,24,12,12,富邦-花蓮,2023-12-13,9621
9904,寶成,12,0,12,富邦-花蓮,2023-12-13,9621
1789,神隆,11,0,11,富邦-花蓮,2023-12-13,9621
1905,華紙,21,10,11,富邦-花蓮,2023-12-13,9621
2886,兆豐金,10,0,10,富邦-花蓮,2023-12-13,9621
2353,宏��,47,37,10,富邦-花蓮,2023-12-13,9621
00664R,國泰臺灣加權反1,10,0,10,富邦-花蓮,2023-12-13,9621
00936,台新永續高息中小,12,2,10,富邦-花蓮,2023-12-13,9621
1611,中電,10,0,10,富邦-花蓮,2023-12-13,9621
3450,聯鈞,14,4,10,富邦-花蓮,2023-12-13,9621
4114,健喬,10,0,10,富邦-花蓮,2023-12-13,9621
00919,群益台灣精選高息,496,46,450,富邦-花蓮,2023-12-14,9621
2317,鴻海,206,4,202,富邦-花蓮,2023-12-14,9621
1455,集盛,160,0,160,富邦-花蓮,2023-12-14,9621
2547,日勝生,144,3,141,富邦-花蓮,2023-12-14,9621
00680L,元大美債20正2,164,24,140,富邦-花蓮,2023-12-14,9621
00642U,期元大S＆P石油,113,0,113,富邦-花蓮,2023-12-14,9621
3041,揚智,187,74,113,富邦-花蓮,2023-12-14,9621
00918,大華優利高填息30,113,17,96,富邦-花蓮,2023-12-14,9621
2605,新興,85,4,81,富邦-花蓮,2023-12-14,9621
2834,臺企銀,89,12,77,富邦-花蓮,2023-12-14,9621
00632R,元大台灣50反1,100,25,75,富邦-花蓮,2023-12-14,9621
00934,中信成長高股息,73,0,73,富邦-花蓮,2023-12-14,9621
3437,榮創,66,2,64,富邦-花蓮,2023-12-14,9621
00929,復華台灣科技優息,126,68,58,富邦-花蓮,2023-12-14,9621
3036,文曄,62,5,57,富邦-花蓮,2023-12-14,9621
2606,裕民,73,20,53,富邦-花蓮,2023-12-14,9621
00937B,群益ESG投等債20,74,24,50,富邦-花蓮,2023-12-14,9621
5426,振發,78,30,48,富邦-花蓮,2023-12-14,9621
3033,威健,42,0,42,富邦-花蓮,2023-12-14,9621
00655L,國泰中國A50正2,40,0,40,富邦-花蓮,2023-12-14,9621
00665L,富邦�琤肭磪囓�2,60,20,40,富邦-花蓮,2023-12-14,9621
8112,至上,64,31,33,富邦-花蓮,2023-12-14,9621
6127,九豪,36,4,32,富邦-花蓮,2023-12-14,9621
4114,健喬,31,0,31,富邦-花蓮,2023-12-14,9621
6168,宏齊,38,7,31,富邦-花蓮,2023-12-14,9621
2498,宏達電,51,21,30,富邦-花蓮,2023-12-14,9621
00891,中信關鍵半導體,26,0,26,富邦-花蓮,2023-12-14,9621
2615,萬海,23,0,23,富邦-花蓮,2023-12-14,9621
00936,台新永續高息中小,24,1,23,富邦-花蓮,2023-12-14,9621
3231,緯創,64,43,21,富邦-花蓮,2023-12-14,9621
2886,兆豐金,48,28,20,富邦-花蓮,2023-12-14,9621
1909,榮成,20,0,20,富邦-花蓮,2023-12-14,9621
5515,建國,20,0,20,富邦-花蓮,2023-12-14,9621
1609,大亞,19,0,19,富邦-花蓮,2023-12-14,9621
4533,協易機,19,0,19,富邦-花蓮,2023-12-14,9621
4919,新唐,21,2,19,富邦-花蓮,2023-12-14,9621
2425,承啟,35,17,18,富邦-花蓮,2023-12-14,9621
3380,明泰,19,1,18,富邦-花蓮,2023-12-14,9621
3481,群創,28,11,17,富邦-花蓮,2023-12-14,9621
00882,中信中國高股息,17,0,17,富邦-花蓮,2023-12-14,9621
2515,中工,46,29,17,富邦-花蓮,2023-12-14,9621
2453,凌群,16,1,15,富邦-花蓮,2023-12-14,9621
3062,建漢,15,0,15,富邦-花蓮,2023-12-14,9621
3499,環天科,15,0,15,富邦-花蓮,2023-12-14,9621
00751B,元大AAA至A公司債,27,13,14,富邦-花蓮,2023-12-14,9621
2204,中華,15,2,13,富邦-花蓮,2023-12-14,9621
9945,潤泰新,13,0,13,富邦-花蓮,2023-12-14,9621
3025,星通,22,10,12,富邦-花蓮,2023-12-14,9621
4956,光鋐,12,0,12,富邦-花蓮,2023-12-14,9621
3362,先進光,21,10,11,富邦-花蓮,2023-12-14,9621
00919,群益台灣精選高息,486,63,423,富邦-花蓮,2023-12-15,9621
1455,集盛,289,0,289,富邦-花蓮,2023-12-15,9621
2356,英業達,351,224,127,富邦-花蓮,2023-12-15,9621
00933B,國泰10Y+金融債,135,10,125,富邦-花蓮,2023-12-15,9621
00929,復華台灣科技優息,252,135,117,富邦-花蓮,2023-12-15,9621
1609,大亞,116,2,114,富邦-花蓮,2023-12-15,9621
00918,大華優利高填息30,116,6,110,富邦-花蓮,2023-12-15,9621
2007,燁興,100,3,97,富邦-花蓮,2023-12-15,9621
2363,矽統,181,93,88,富邦-花蓮,2023-12-15,9621
8354,冠好,60,0,60,富邦-花蓮,2023-12-15,9621
00679B,元大美債20年,77,25,52,富邦-花蓮,2023-12-15,9621
00655L,國泰中國A50正2,43,0,43,富邦-花蓮,2023-12-15,9621
1909,榮成,50,12,38,富邦-花蓮,2023-12-15,9621
9907,統一實,40,2,38,富邦-花蓮,2023-12-15,9621
00680L,元大美債20正2,34,1,33,富邦-花蓮,2023-12-15,9621
2834,臺企銀,37,5,32,富邦-花蓮,2023-12-15,9621
5521,工信,104,73,31,富邦-花蓮,2023-12-15,9621
8112,至上,43,13,30,富邦-花蓮,2023-12-15,9621
3041,揚智,45,19,26,富邦-花蓮,2023-12-15,9621
3213,茂訊,25,3,22,富邦-花蓮,2023-12-15,9621
00669R,國泰美國道瓊反1,20,0,20,富邦-花蓮,2023-12-15,9621
3149,正達,21,2,19,富邦-花蓮,2023-12-15,9621
1503,士電,25,6,19,富邦-花蓮,2023-12-15,9621
2887,台新金,20,1,19,富邦-花蓮,2023-12-15,9621
2618,長榮航,41,23,18,富邦-花蓮,2023-12-15,9621
3390,旭軟,24,6,18,富邦-花蓮,2023-12-15,9621
5426,振發,20,3,17,富邦-花蓮,2023-12-15,9621
9105,泰金寶-DR,40,23,17,富邦-花蓮,2023-12-15,9621
3231,緯創,37,20,17,富邦-花蓮,2023-12-15,9621
1815,富喬,22,6,16,富邦-花蓮,2023-12-15,9621
2801,彰銀,20,4,16,富邦-花蓮,2023-12-15,9621
2425,承啟,22,7,15,富邦-花蓮,2023-12-15,9621
6290,良維,22,7,15,富邦-花蓮,2023-12-15,9621
2388,威盛,29,14,15,富邦-花蓮,2023-12-15,9621
2206,三陽工業,13,0,13,富邦-花蓮,2023-12-15,9621
2401,凌陽,13,0,13,富邦-花蓮,2023-12-15,9621
2405,輔信,16,3,13,富邦-花蓮,2023-12-15,9621
2201,裕隆,13,0,13,富邦-花蓮,2023-12-15,9621
3265,台星科,26,14,12,富邦-花蓮,2023-12-15,9621
9904,寶成,12,0,12,富邦-花蓮,2023-12-15,9621
2317,鴻海,13,1,12,富邦-花蓮,2023-12-15,9621
2449,京元電子,20,8,12,富邦-花蓮,2023-12-15,9621
1717,長興,11,0,11,富邦-花蓮,2023-12-15,9621
6129,普誠,12,1,11,富邦-花蓮,2023-12-15,9621
3036,文曄,13,2,11,富邦-花蓮,2023-12-15,9621
2542,興富發,11,0,11,富邦-花蓮,2023-12-15,9621
0061,元大寶滬深,10,0,10,富邦-花蓮,2023-12-15,9621
2032,新鋼,10,0,10,富邦-花蓮,2023-12-15,9621
2520,冠德,10,0,10,富邦-花蓮,2023-12-15,9621
2605,新興,10,0,10,富邦-花蓮,2023-12-15,9621
00919,群益台灣精選高息,336,122,214,富邦-花蓮,2023-12-18,9621
2886,兆豐金,104,1,103,富邦-花蓮,2023-12-18,9621
00688L,國泰20年美債正2,85,0,85,富邦-花蓮,2023-12-18,9621
00929,復華台灣科技優息,323,256,67,富邦-花蓮,2023-12-18,9621
2105,正新,78,12,66,富邦-花蓮,2023-12-18,9621
2023,燁輝,164,106,58,富邦-花蓮,2023-12-18,9621
00632R,元大台灣50反1,52,0,52,富邦-花蓮,2023-12-18,9621
2610,華航,61,10,51,富邦-花蓮,2023-12-18,9621
8028,昇陽半導體,50,0,50,富邦-花蓮,2023-12-18,9621
2883,凱基金,55,5,50,富邦-花蓮,2023-12-18,9621
2002,中鋼,62,15,47,富邦-花蓮,2023-12-18,9621
2618,長榮航,95,49,46,富邦-花蓮,2023-12-18,9621
1455,集盛,43,0,43,富邦-花蓮,2023-12-18,9621
2356,英業達,71,28,43,富邦-花蓮,2023-12-18,9621
00931B,統一美債20年,49,9,40,富邦-花蓮,2023-12-18,9621
1314,中石化,37,0,37,富邦-花蓮,2023-12-18,9621
8112,至上,50,14,36,富邦-花蓮,2023-12-18,9621
2027,大成鋼,41,6,35,富邦-花蓮,2023-12-18,9621
6139,亞翔,32,1,31,富邦-花蓮,2023-12-18,9621
00712,復華富時不動產,48,18,30,富邦-花蓮,2023-12-18,9621
6156,松上,30,0,30,富邦-花蓮,2023-12-18,9621
00918,大華優利高填息30,28,2,26,富邦-花蓮,2023-12-18,9621
5328,華容,26,0,26,富邦-花蓮,2023-12-18,9621
00936,台新永續高息中小,25,0,25,富邦-花蓮,2023-12-18,9621
3380,明泰,30,5,25,富邦-花蓮,2023-12-18,9621
00900,富邦特選高股息30,31,7,24,富邦-花蓮,2023-12-18,9621
2913,農林,38,15,23,富邦-花蓮,2023-12-18,9621
00687B,國泰20年美債,54,31,23,富邦-花蓮,2023-12-18,9621
00680L,元大美債20正2,26,4,22,富邦-花蓮,2023-12-18,9621
2888,新光金,22,0,22,富邦-花蓮,2023-12-18,9621
00655L,國泰中國A50正2,21,0,21,富邦-花蓮,2023-12-18,9621
2009,第一銅,21,0,21,富邦-花蓮,2023-12-18,9621
2015,豐興,22,1,21,富邦-花蓮,2023-12-18,9621
00713,元大台灣高息低波,22,2,20,富邦-花蓮,2023-12-18,9621
00892,富邦台灣半導體,17,0,17,富邦-花蓮,2023-12-18,9621
1809,中釉,17,0,17,富邦-花蓮,2023-12-18,9621
1904,正隆,17,0,17,富邦-花蓮,2023-12-18,9621
2801,彰銀,17,0,17,富邦-花蓮,2023-12-18,9621
6235,華孚,20,4,16,富邦-花蓮,2023-12-18,9621
2605,新興,33,18,15,富邦-花蓮,2023-12-18,9621
00720B,元大投資級公司債,15,1,14,富邦-花蓮,2023-12-18,9621
2204,中華,14,0,14,富邦-花蓮,2023-12-18,9621
2634,漢翔,15,1,14,富邦-花蓮,2023-12-18,9621
6191,精成科,15,1,14,富邦-花蓮,2023-12-18,9621
6695,芯鼎,14,0,14,富邦-花蓮,2023-12-18,9621
2206,三陽工業,14,1,13,富邦-花蓮,2023-12-18,9621
5425,台半,23,10,13,富邦-花蓮,2023-12-18,9621
8088,品安,14,1,13,富邦-花蓮,2023-12-18,9621
8358,金居,13,0,13,富邦-花蓮,2023-12-18,9621
0056,元大高股息,27,14,13,富邦-花蓮,2023-12-18,9621
1815,富喬,140,0,140,富邦-花蓮,2023-12-19,9621
00919,群益台灣精選高息,264,142,122,富邦-花蓮,2023-12-19,9621
2409,友達,104,0,104,富邦-花蓮,2023-12-19,9621
2356,英業達,112,27,85,富邦-花蓮,2023-12-19,9621
2888,新光金,111,30,81,富邦-花蓮,2023-12-19,9621
1455,集盛,80,0,80,富邦-花蓮,2023-12-19,9621
00665L,富邦�琤肭磪囓�2,65,0,65,富邦-花蓮,2023-12-19,9621
2801,彰銀,64,0,64,富邦-花蓮,2023-12-19,9621
2816,旺旺保,53,0,53,富邦-花蓮,2023-12-19,9621
00642U,期元大S＆P石油,52,1,51,富邦-花蓮,2023-12-19,9621
00929,復華台灣科技優息,316,267,49,富邦-花蓮,2023-12-19,9621
00936,台新永續高息中小,74,33,41,富邦-花蓮,2023-12-19,9621
2618,長榮航,106,66,40,富邦-花蓮,2023-12-19,9621
2610,華航,41,1,40,富邦-花蓮,2023-12-19,9621
2344,華邦電,30,3,27,富邦-花蓮,2023-12-19,9621
00687B,國泰20年美債,28,1,27,富邦-花蓮,2023-12-19,9621
2891,中信金,28,1,27,富邦-花蓮,2023-12-19,9621
2010,春源,30,5,25,富邦-花蓮,2023-12-19,9621
2603,長榮,56,32,24,富邦-花蓮,2023-12-19,9621
00878,國泰永續高股息,51,26,25,富邦-花蓮,2023-12-19,9621
00931B,統一美債20年,23,0,23,富邦-花蓮,2023-12-19,9621
4167,松瑞藥,40,18,22,富邦-花蓮,2023-12-19,9621
2402,毅嘉,22,1,21,富邦-花蓮,2023-12-19,9621
8110,華東,21,0,21,富邦-花蓮,2023-12-19,9621
9945,潤泰新,21,0,21,富邦-花蓮,2023-12-19,9621
00934,中信成長高股息,32,11,21,富邦-花蓮,2023-12-19,9621
1909,榮成,20,0,20,富邦-花蓮,2023-12-19,9621
2337,旺宏,19,0,19,富邦-花蓮,2023-12-19,9621
3481,群創,26,8,18,富邦-花蓮,2023-12-19,9621
00918,大華優利高填息30,21,3,18,富邦-花蓮,2023-12-19,9621
6140,訊達,22,4,18,富邦-花蓮,2023-12-19,9621
2002,中鋼,70,53,17,富邦-花蓮,2023-12-19,9621
2834,臺企銀,17,0,17,富邦-花蓮,2023-12-19,9621
2542,興富發,16,0,16,富邦-花蓮,2023-12-19,9621
00680L,元大美債20正2,34,18,16,富邦-花蓮,2023-12-19,9621
00688L,國泰20年美債正2,15,0,15,富邦-花蓮,2023-12-19,9621
2606,裕民,17,2,15,富邦-花蓮,2023-12-19,9621
6016,康和證,30,15,15,富邦-花蓮,2023-12-19,9621
9943,好樂迪,15,0,15,富邦-花蓮,2023-12-19,9621
2324,仁寶,17,3,14,富邦-花蓮,2023-12-19,9621
3380,明泰,14,0,14,富邦-花蓮,2023-12-19,9621
8054,安國,14,0,14,富邦-花蓮,2023-12-19,9621
00720B,元大投資級公司債,13,0,13,富邦-花蓮,2023-12-19,9621
2038,海光,13,0,13,富邦-花蓮,2023-12-19,9621
3623,富晶通,17,4,13,富邦-花蓮,2023-12-19,9621
2887,台新金,15,2,13,富邦-花蓮,2023-12-19,9621
6129,普誠,12,0,12,富邦-花蓮,2023-12-19,9621
5425,台半,24,12,12,富邦-花蓮,2023-12-19,9621
00713,元大台灣高息低波,12,0,12,富邦-花蓮,2023-12-19,9621
2323,中環,12,1,11,富邦-花蓮,2023-12-19,9621
2615,萬海,307,139,168,富邦-花蓮,2023-12-20,9621
00919,群益台灣精選高息,135,16,119,富邦-花蓮,2023-12-20,9621
00929,復華台灣科技優息,141,49,92,富邦-花蓮,2023-12-20,9621
00921,兆豐龍頭等權重,90,0,90,富邦-花蓮,2023-12-20,9621
00679B,元大美債20年,82,0,82,富邦-花蓮,2023-12-20,9621
00915,凱基優選高股息30,60,0,60,富邦-花蓮,2023-12-20,9621
2891,中信金,61,3,58,富邦-花蓮,2023-12-20,9621
5521,工信,115,61,54,富邦-花蓮,2023-12-20,9621
1609,大亞,60,12,48,富邦-花蓮,2023-12-20,9621
2888,新光金,41,0,41,富邦-花蓮,2023-12-20,9621
1905,華紙,51,17,34,富邦-花蓮,2023-12-20,9621
2014,中鴻,85,51,34,富邦-花蓮,2023-12-20,9621
3312,弘憶股,30,0,30,富邦-花蓮,2023-12-20,9621
1815,富喬,41,12,29,富邦-花蓮,2023-12-20,9621
2915,潤泰全,29,0,29,富邦-花蓮,2023-12-20,9621
2363,矽統,35,13,22,富邦-花蓮,2023-12-20,9621
2515,中工,137,115,22,富邦-花蓮,2023-12-20,9621
00650L,復華香港正2,21,0,21,富邦-花蓮,2023-12-20,9621
00933B,國泰10Y+金融債,22,1,21,富邦-花蓮,2023-12-20,9621
1605,華新,26,6,20,富邦-花蓮,2023-12-20,9621
2897,王道銀行,20,0,20,富邦-花蓮,2023-12-20,9621
2887,台新金,28,9,19,富邦-花蓮,2023-12-20,9621
3686,達能,19,0,19,富邦-花蓮,2023-12-20,9621
2892,第一金,18,0,18,富邦-花蓮,2023-12-20,9621
00713,元大台灣高息低波,16,0,16,富邦-花蓮,2023-12-20,9621
3006,晶豪科,22,6,16,富邦-花蓮,2023-12-20,9621
1325,恆大,17,1,16,富邦-花蓮,2023-12-20,9621
9943,好樂迪,15,0,15,富邦-花蓮,2023-12-20,9621
2618,長榮航,22,7,15,富邦-花蓮,2023-12-20,9621
2023,燁輝,53,39,14,富邦-花蓮,2023-12-20,9621
2399,映泰,15,1,14,富邦-花蓮,2023-12-20,9621
2883,凱基金,24,10,14,富邦-花蓮,2023-12-20,9621
3499,環天科,14,0,14,富邦-花蓮,2023-12-20,9621
2801,彰銀,13,0,13,富邦-花蓮,2023-12-20,9621
3051,力特,13,0,13,富邦-花蓮,2023-12-20,9621
5515,建國,13,0,13,富邦-花蓮,2023-12-20,9621
8390,金益鼎,13,0,13,富邦-花蓮,2023-12-20,9621
2886,兆豐金,13,0,13,富邦-花蓮,2023-12-20,9621
00687B,國泰20年美債,19,7,12,富邦-花蓮,2023-12-20,9621
2032,新鋼,13,1,12,富邦-花蓮,2023-12-20,9621
6901,鑽石投資,13,1,12,富邦-花蓮,2023-12-20,9621
1611,中電,11,0,11,富邦-花蓮,2023-12-20,9621
8050,廣積,11,0,11,富邦-花蓮,2023-12-20,9621
2882,國泰金,10,0,10,富邦-花蓮,2023-12-20,9621
0055,元大MSCI金融,10,0,10,富邦-花蓮,2023-12-20,9621
00706L,期元大S＆P日圓正2,10,0,10,富邦-花蓮,2023-12-20,9621
00891,中信關鍵半導體,10,0,10,富邦-花蓮,2023-12-20,9621
2049,上銀,10,0,10,富邦-花蓮,2023-12-20,9621
2427,三商電,10,0,10,富邦-花蓮,2023-12-20,9621
2538,基泰,10,0,10,富邦-花蓮,2023-12-20,9621
9105,泰金寶-DR,187,12,175,富邦-花蓮,2023-12-21,9621
2303,聯電,114,5,109,富邦-花蓮,2023-12-21,9621
2547,日勝生,100,0,100,富邦-花蓮,2023-12-21,9621
2485,兆赫,76,0,76,富邦-花蓮,2023-12-21,9621
9919,康那香,122,47,75,富邦-花蓮,2023-12-21,9621
2331,精英,81,26,55,富邦-花蓮,2023-12-21,9621
00919,群益台灣精選高息,209,166,43,富邦-花蓮,2023-12-21,9621
2885,元大金,40,1,39,富邦-花蓮,2023-12-21,9621
00665L,富邦�琤肭磪囓�2,30,0,30,富邦-花蓮,2023-12-21,9621
2065,世豐,30,0,30,富邦-花蓮,2023-12-21,9621
1314,中石化,34,10,24,富邦-花蓮,2023-12-21,9621
2323,中環,24,0,24,富邦-花蓮,2023-12-21,9621
2891,中信金,30,6,24,富邦-花蓮,2023-12-21,9621
1789,神隆,21,0,21,富邦-花蓮,2023-12-21,9621
0056,元大高股息,35,15,20,富邦-花蓮,2023-12-21,9621
2365,昆盈,20,1,19,富邦-花蓮,2023-12-21,9621
2881,富邦金,18,1,17,富邦-花蓮,2023-12-21,9621
00937B,群益ESG投等債20,19,3,16,富邦-花蓮,2023-12-21,9621
00712,復華富時不動產,40,24,16,富邦-花蓮,2023-12-21,9621
00933B,國泰10Y+金融債,36,20,16,富邦-花蓮,2023-12-21,9621
1732,毛寶,43,27,16,富邦-花蓮,2023-12-21,9621
00936,台新永續高息中小,15,0,15,富邦-花蓮,2023-12-21,9621
2324,仁寶,78,63,15,富邦-花蓮,2023-12-21,9621
2916,滿心,15,0,15,富邦-花蓮,2023-12-21,9621
4915,致伸,15,0,15,富邦-花蓮,2023-12-21,9621
2882,國泰金,14,0,14,富邦-花蓮,2023-12-21,9621
00918,大華優利高填息30,16,2,14,富邦-花蓮,2023-12-21,9621
8112,至上,15,1,14,富邦-花蓮,2023-12-21,9621
2801,彰銀,13,0,13,富邦-花蓮,2023-12-21,9621
3005,神基,14,1,13,富邦-花蓮,2023-12-21,9621
1325,恆大,24,11,13,富邦-花蓮,2023-12-21,9621
1905,華紙,15,2,13,富邦-花蓮,2023-12-21,9621
2886,兆豐金,13,1,12,富邦-花蓮,2023-12-21,9621
1504,東元,16,4,12,富邦-花蓮,2023-12-21,9621
2371,大同,13,1,12,富邦-花蓮,2023-12-21,9621
2890,永豐金,11,0,11,富邦-花蓮,2023-12-21,9621
4109,加捷生醫,11,0,11,富邦-花蓮,2023-12-21,9621
5351,鈺創,11,0,11,富邦-花蓮,2023-12-21,9621
2388,威盛,18,7,11,富邦-花蓮,2023-12-21,9621
00881,國泰台灣5G+,10,0,10,富邦-花蓮,2023-12-21,9621
00706L,期元大S＆P日圓正2,10,0,10,富邦-花蓮,2023-12-21,9621
1342,八貫,10,0,10,富邦-花蓮,2023-12-21,9621
2329,華泰,16,6,10,富邦-花蓮,2023-12-21,9621
3694,海華,12,2,10,富邦-花蓮,2023-12-21,9621
4130,健亞,11,1,10,富邦-花蓮,2023-12-21,9621
2330,台積電,15,5,10,富邦-花蓮,2023-12-21,9621
00642U,期元大S＆P石油,10,1,9,富邦-花蓮,2023-12-21,9621
1584,精剛,11,2,9,富邦-花蓮,2023-12-21,9621
2201,裕隆,10,1,9,富邦-花蓮,2023-12-21,9621
1513,中興電,13,5,8,富邦-花蓮,2023-12-21,9621
2547,日勝生,102,0,102,富邦-花蓮,2023-12-22,9621
00919,群益台灣精選高息,82,7,75,富邦-花蓮,2023-12-22,9621
2816,旺旺保,53,0,53,富邦-花蓮,2023-12-22,9621
00687B,國泰20年美債,67,14,53,富邦-花蓮,2023-12-22,9621
2515,中工,59,13,46,富邦-花蓮,2023-12-22,9621
1325,恆大,37,8,29,富邦-花蓮,2023-12-22,9621
00900,富邦特選高股息30,28,0,28,富邦-花蓮,2023-12-22,9621
00680L,元大美債20正2,38,12,26,富邦-花蓮,2023-12-22,9621
2915,潤泰全,26,0,26,富邦-花蓮,2023-12-22,9621
00655L,國泰中國A50正2,25,0,25,富邦-花蓮,2023-12-22,9621
3339,泰谷,25,0,25,富邦-花蓮,2023-12-22,9621
00933B,國泰10Y+金融債,27,2,25,富邦-花蓮,2023-12-22,9621
2323,中環,36,12,24,富邦-花蓮,2023-12-22,9621
3041,揚智,42,19,23,富邦-花蓮,2023-12-22,9621
8050,廣積,23,0,23,富邦-花蓮,2023-12-22,9621
1808,潤隆,21,1,20,富邦-花蓮,2023-12-22,9621
2356,英業達,134,114,20,富邦-花蓮,2023-12-22,9621
2353,宏��,55,36,19,富邦-花蓮,2023-12-22,9621
1455,集盛,18,0,18,富邦-花蓮,2023-12-22,9621
2883,凱基金,18,0,18,富邦-花蓮,2023-12-22,9621
00688L,國泰20年美債正2,18,0,18,富邦-花蓮,2023-12-22,9621
8110,華東,22,5,17,富邦-花蓮,2023-12-22,9621
2002,中鋼,18,2,16,富邦-花蓮,2023-12-22,9621
00931B,統一美債20年,26,10,16,富邦-花蓮,2023-12-22,9621
5426,振發,15,0,15,富邦-花蓮,2023-12-22,9621
00929,復華台灣科技優息,24,10,14,富邦-花蓮,2023-12-22,9621
2387,精元,17,3,14,富邦-花蓮,2023-12-22,9621
6156,松上,19,5,14,富邦-花蓮,2023-12-22,9621
6243,迅杰,17,3,14,富邦-花蓮,2023-12-22,9621
2332,友訊,13,0,13,富邦-花蓮,2023-12-22,9621
1326,台化,13,0,13,富邦-花蓮,2023-12-22,9621
2882,國泰金,13,0,13,富邦-花蓮,2023-12-22,9621
2355,敬鵬,16,3,13,富邦-花蓮,2023-12-22,9621
1524,耿鼎,13,1,12,富邦-花蓮,2023-12-22,9621
4915,致伸,12,0,12,富邦-花蓮,2023-12-22,9621
1722,台肥,13,1,12,富邦-花蓮,2023-12-22,9621
00751B,元大AAA至A公司債,16,4,12,富邦-花蓮,2023-12-22,9621
6770,力積電,22,11,11,富邦-花蓮,2023-12-22,9621
1102,亞泥,11,0,11,富邦-花蓮,2023-12-22,9621
2367,燿華,11,0,11,富邦-花蓮,2023-12-22,9621
5009,榮剛,21,10,11,富邦-花蓮,2023-12-22,9621
2812,台中銀,10,0,10,富邦-花蓮,2023-12-22,9621
9910,豐泰,10,0,10,富邦-花蓮,2023-12-22,9621
3231,緯創,30,20,10,富邦-花蓮,2023-12-22,9621
1314,中石化,10,0,10,富邦-花蓮,2023-12-22,9621
1789,神隆,10,0,10,富邦-花蓮,2023-12-22,9621
2485,兆赫,10,0,10,富邦-花蓮,2023-12-22,9621
2601,益航,10,0,10,富邦-花蓮,2023-12-22,9621
3499,環天科,10,0,10,富邦-花蓮,2023-12-22,9621
5512,力麒,10,0,10,富邦-花蓮,2023-12-22,9621
00919,群益台灣精選高息,188,16,172,富邦-花蓮,2023-12-25,9621
2888,新光金,127,0,127,富邦-花蓮,2023-12-25,9621
2363,矽統,113,1,112,富邦-花蓮,2023-12-25,9621
2547,日勝生,100,0,100,富邦-花蓮,2023-12-25,9621
2353,宏��,160,69,91,富邦-花蓮,2023-12-25,9621
00929,復華台灣科技優息,82,7,75,富邦-花蓮,2023-12-25,9621
6117,迎廣,96,27,69,富邦-花蓮,2023-12-25,9621
5521,工信,134,69,65,富邦-花蓮,2023-12-25,9621
1314,中石化,51,1,50,富邦-花蓮,2023-12-25,9621
00933B,國泰10Y+金融債,39,0,39,富邦-花蓮,2023-12-25,9621
00937B,群益ESG投等債20,43,4,39,富邦-花蓮,2023-12-25,9621
3028,增你強,37,0,37,富邦-花蓮,2023-12-25,9621
8088,品安,44,11,33,富邦-花蓮,2023-12-25,9621
2344,華邦電,32,1,31,富邦-花蓮,2023-12-25,9621
00934,中信成長高股息,31,0,31,富邦-花蓮,2023-12-25,9621
00882,中信中國高股息,30,0,30,富邦-花蓮,2023-12-25,9621
8112,至上,30,0,30,富邦-花蓮,2023-12-25,9621
00918,大華優利高填息30,32,5,27,富邦-花蓮,2023-12-25,9621
3029,零壹,26,0,26,富邦-花蓮,2023-12-25,9621
8050,廣積,41,15,26,富邦-花蓮,2023-12-25,9621
2331,精英,58,33,25,富邦-花蓮,2023-12-25,9621
2356,英業達,91,66,25,富邦-花蓮,2023-12-25,9621
2634,漢翔,23,1,22,富邦-花蓮,2023-12-25,9621
2606,裕民,25,5,20,富邦-花蓮,2023-12-25,9621
2605,新興,22,3,19,富邦-花蓮,2023-12-25,9621
2618,長榮航,90,71,19,富邦-花蓮,2023-12-25,9621
2324,仁寶,94,76,18,富邦-花蓮,2023-12-25,9621
2373,震旦行,18,0,18,富邦-花蓮,2023-12-25,9621
00679B,元大美債20年,16,0,16,富邦-花蓮,2023-12-25,9621
1702,南僑,16,0,16,富邦-花蓮,2023-12-25,9621
2365,昆盈,21,5,16,富邦-花蓮,2023-12-25,9621
2615,萬海,91,76,15,富邦-花蓮,2023-12-25,9621
00713,元大台灣高息低波,15,0,15,富邦-花蓮,2023-12-25,9621
2033,佳大,15,1,14,富邦-花蓮,2023-12-25,9621
6139,亞翔,28,14,14,富邦-花蓮,2023-12-25,9621
00632R,元大台灣50反1,13,0,13,富邦-花蓮,2023-12-25,9621
1471,首利,13,0,13,富邦-花蓮,2023-12-25,9621
2637,慧洋-KY,28,16,12,富邦-花蓮,2023-12-25,9621
2014,中鴻,28,16,12,富邦-花蓮,2023-12-25,9621
2408,南亞科,13,1,12,富邦-花蓮,2023-12-25,9621
2916,滿心,12,0,12,富邦-花蓮,2023-12-25,9621
3679,新至陞,12,0,12,富邦-花蓮,2023-12-25,9621
4114,健喬,21,9,12,富邦-花蓮,2023-12-25,9621
0055,元大MSCI金融,11,0,11,富邦-花蓮,2023-12-25,9621
8054,安國,14,3,11,富邦-花蓮,2023-12-25,9621
00753L,中信中國50正2,10,0,10,富邦-花蓮,2023-12-25,9621
00923,群益台ESG低碳50,11,1,10,富邦-花蓮,2023-12-25,9621
1455,集盛,10,0,10,富邦-花蓮,2023-12-25,9621
2031,新光鋼,12,2,10,富邦-花蓮,2023-12-25,9621
2498,宏達電,46,36,10,富邦-花蓮,2023-12-25,9621
00632R,元大台灣50反1,447,3,444,富邦-花蓮,2023-12-26,9621
00715L,期街口布蘭特正2,153,5,148,富邦-花蓮,2023-12-26,9621
00919,群益台灣精選高息,135,18,117,富邦-花蓮,2023-12-26,9621
9943,好樂迪,116,0,116,富邦-花蓮,2023-12-26,9621
00922,國泰台灣領袖50,68,0,68,富邦-花蓮,2023-12-26,9621
00937B,群益ESG投等債20,53,0,53,富邦-花蓮,2023-12-26,9621
00929,復華台灣科技優息,63,18,45,富邦-花蓮,2023-12-26,9621
2421,建準,48,12,36,富邦-花蓮,2023-12-26,9621
2618,長榮航,46,15,31,富邦-花蓮,2023-12-26,9621
00655L,國泰中國A50正2,40,10,30,富邦-花蓮,2023-12-26,9621
3380,明泰,32,7,25,富邦-花蓮,2023-12-26,9621
8050,廣積,43,20,23,富邦-花蓮,2023-12-26,9621
9904,寶成,21,0,21,富邦-花蓮,2023-12-26,9621
00712,復華富時不動產,31,10,21,富邦-花蓮,2023-12-26,9621
2356,英業達,70,49,21,富邦-花蓮,2023-12-26,9621
00877,復華中國5G,20,0,20,富邦-花蓮,2023-12-26,9621
1611,中電,26,6,20,富邦-花蓮,2023-12-26,9621
2312,金寶,22,2,20,富邦-花蓮,2023-12-26,9621
6168,宏齊,20,0,20,富邦-花蓮,2023-12-26,9621
00933B,國泰10Y+金融債,26,10,16,富邦-花蓮,2023-12-26,9621
1605,華新,17,2,15,富邦-花蓮,2023-12-26,9621
8096,擎亞,14,0,14,富邦-花蓮,2023-12-26,9621
00918,大華優利高填息30,13,0,13,富邦-花蓮,2023-12-26,9621
1449,佳和,13,0,13,富邦-花蓮,2023-12-26,9621
3019,亞光,13,0,13,富邦-花蓮,2023-12-26,9621
8059,凱碩,25,12,13,富邦-花蓮,2023-12-26,9621
2014,中鴻,18,6,12,富邦-花蓮,2023-12-26,9621
00882,中信中國高股息,13,1,12,富邦-花蓮,2023-12-26,9621
2605,新興,14,2,12,富邦-花蓮,2023-12-26,9621
6290,良維,13,1,12,富邦-花蓮,2023-12-26,9621
00636,國泰中國A50,10,0,10,富邦-花蓮,2023-12-26,9621
006206,元大上證50,10,0,10,富邦-花蓮,2023-12-26,9621
00664R,國泰臺灣加權反1,10,0,10,富邦-花蓮,2023-12-26,9621
1528,恩德,10,0,10,富邦-花蓮,2023-12-26,9621
2443,昶虹,10,0,10,富邦-花蓮,2023-12-26,9621
2516,新建,11,1,10,富邦-花蓮,2023-12-26,9621
2834,臺企銀,10,0,10,富邦-花蓮,2023-12-26,9621
5309,系統電,10,0,10,富邦-花蓮,2023-12-26,9621
6179,亞通,10,0,10,富邦-花蓮,2023-12-26,9621
8261,富鼎,10,0,10,富邦-花蓮,2023-12-26,9621
6509,聚和,10,0,10,富邦-花蓮,2023-12-26,9621
6125,廣運,9,0,9,富邦-花蓮,2023-12-26,9621
2323,中環,9,1,8,富邦-花蓮,2023-12-26,9621
2363,矽統,17,9,8,富邦-花蓮,2023-12-26,9621
5475,德宏,8,0,8,富邦-花蓮,2023-12-26,9621
1519,華城,9,2,7,富邦-花蓮,2023-12-26,9621
00930,永豐ESG低碳高息,7,0,7,富邦-花蓮,2023-12-26,9621
1513,中興電,10,3,7,富邦-花蓮,2023-12-26,9621
4973,廣穎,10,3,7,富邦-花蓮,2023-12-26,9621
2308,台達電,7,1,6,富邦-花蓮,2023-12-26,9621
00892,富邦台灣半導體,213,2,211,富邦-花蓮,2023-12-27,9621
00632R,元大台灣50反1,128,2,126,富邦-花蓮,2023-12-27,9621
2610,華航,133,39,94,富邦-花蓮,2023-12-27,9621
00937B,群益ESG投等債20,219,134,85,富邦-花蓮,2023-12-27,9621
00919,群益台灣精選高息,62,6,56,富邦-花蓮,2023-12-27,9621
6016,康和證,50,0,50,富邦-花蓮,2023-12-27,9621
6916,華凌,50,0,50,富邦-花蓮,2023-12-27,9621
2010,春源,50,2,48,富邦-花蓮,2023-12-27,9621
00929,復華台灣科技優息,160,113,47,富邦-花蓮,2023-12-27,9621
2038,海光,42,1,41,富邦-花蓮,2023-12-27,9621
0056,元大高股息,93,54,39,富邦-花蓮,2023-12-27,9621
2405,輔信,128,98,30,富邦-花蓮,2023-12-27,9621
9904,寶成,30,0,30,富邦-花蓮,2023-12-27,9621
2543,皇昌,32,3,29,富邦-花蓮,2023-12-27,9621
2883,凱基金,43,14,29,富邦-花蓮,2023-12-27,9621
5521,工信,31,2,29,富邦-花蓮,2023-12-27,9621
2331,精英,47,20,27,富邦-花蓮,2023-12-27,9621
00665L,富邦�琤肭磪囓�2,25,0,25,富邦-花蓮,2023-12-27,9621
00934,中信成長高股息,30,5,25,富邦-花蓮,2023-12-27,9621
1905,華紙,28,3,25,富邦-花蓮,2023-12-27,9621
00679B,元大美債20年,25,1,24,富邦-花蓮,2023-12-27,9621
2889,國票金,23,0,23,富邦-花蓮,2023-12-27,9621
6116,彩晶,25,3,22,富邦-花蓮,2023-12-27,9621
0061,元大寶滬深,20,0,20,富邦-花蓮,2023-12-27,9621
00915,凱基優選高股息30,20,0,20,富邦-花蓮,2023-12-27,9621
2029,盛餘,20,0,20,富邦-花蓮,2023-12-27,9621
00687B,國泰20年美債,27,8,19,富邦-花蓮,2023-12-27,9621
5371,中光電,21,2,19,富邦-花蓮,2023-12-27,9621
3231,緯創,38,20,18,富邦-花蓮,2023-12-27,9621
2369,菱生,22,4,18,富邦-花蓮,2023-12-27,9621
3019,亞光,20,3,17,富邦-花蓮,2023-12-27,9621
6147,頎邦,16,0,16,富邦-花蓮,2023-12-27,9621
4979,華星光,21,6,15,富邦-花蓮,2023-12-27,9621
3545,敦泰,14,0,14,富邦-花蓮,2023-12-27,9621
2355,敬鵬,15,1,14,富邦-花蓮,2023-12-27,9621
00882,中信中國高股息,14,1,13,富邦-花蓮,2023-12-27,9621
6282,康舒,14,1,13,富邦-花蓮,2023-12-27,9621
00720B,元大投資級公司債,12,0,12,富邦-花蓮,2023-12-27,9621
3062,建漢,11,0,11,富邦-花蓮,2023-12-27,9621
00682U,期元大美元指數,10,0,10,富邦-花蓮,2023-12-27,9621
00664R,國泰臺灣加權反1,10,0,10,富邦-花蓮,2023-12-27,9621
2362,藍天,45,35,10,富邦-花蓮,2023-12-27,9621
2365,昆盈,14,4,10,富邦-花蓮,2023-12-27,9621
4188,安克,10,0,10,富邦-花蓮,2023-12-27,9621
6176,瑞儀,10,0,10,富邦-花蓮,2023-12-27,9621
6799,來頡,12,2,10,富邦-花蓮,2023-12-27,9621
8105,凌巨,10,0,10,富邦-花蓮,2023-12-27,9621
00891,中信關鍵半導體,20,11,9,富邦-花蓮,2023-12-27,9621
00933B,國泰10Y+金融債,12,3,9,富邦-花蓮,2023-12-27,9621
2230,泰茂,9,0,9,富邦-花蓮,2023-12-27,9621
00937B,群益ESG投等債20,135,1,134,富邦-花蓮,2023-12-28,9621
00715L,期街口布蘭特正2,75,0,75,富邦-花蓮,2023-12-28,9621
2303,聯電,228,164,64,富邦-花蓮,2023-12-28,9621
1409,新纖,60,1,59,富邦-花蓮,2023-12-28,9621
00671R,富邦NASDAQ反1,54,3,51,富邦-花蓮,2023-12-28,9621
1514,亞力,79,33,46,富邦-花蓮,2023-12-28,9621
2405,輔信,56,11,45,富邦-花蓮,2023-12-28,9621
5328,華容,45,0,45,富邦-花蓮,2023-12-28,9621
00878,國泰永續高股息,72,28,44,富邦-花蓮,2023-12-28,9621
00632R,元大台灣50反1,47,5,42,富邦-花蓮,2023-12-28,9621
00929,復華台灣科技優息,76,42,34,富邦-花蓮,2023-12-28,9621
2313,華通,33,1,32,富邦-花蓮,2023-12-28,9621
2543,皇昌,31,0,31,富邦-花蓮,2023-12-28,9621
5426,振發,29,0,29,富邦-花蓮,2023-12-28,9621
2014,中鴻,35,8,27,富邦-花蓮,2023-12-28,9621
00712,復華富時不動產,29,3,26,富邦-花蓮,2023-12-28,9621
00931B,統一美債20年,29,3,26,富邦-花蓮,2023-12-28,9621
9943,好樂迪,26,0,26,富邦-花蓮,2023-12-28,9621
2323,中環,39,15,24,富邦-花蓮,2023-12-28,9621
2883,凱基金,31,8,23,富邦-花蓮,2023-12-28,9621
3122,笙泉,22,2,20,富邦-花蓮,2023-12-28,9621
00706L,期元大S＆P日圓正2,19,0,19,富邦-花蓮,2023-12-28,9621
00688L,國泰20年美債正2,19,0,19,富邦-花蓮,2023-12-28,9621
3231,緯創,62,43,19,富邦-花蓮,2023-12-28,9621
2331,精英,33,15,18,富邦-花蓮,2023-12-28,9621
00915,凱基優選高股息30,16,0,16,富邦-花蓮,2023-12-28,9621
3704,合勤控,16,0,16,富邦-花蓮,2023-12-28,9621
00882,中信中國高股息,15,0,15,富邦-花蓮,2023-12-28,9621
6684,安格,15,0,15,富邦-花蓮,2023-12-28,9621
00679B,元大美債20年,21,6,15,富邦-花蓮,2023-12-28,9621
3036,文曄,16,2,14,富邦-花蓮,2023-12-28,9621
00682U,期元大美元指數,13,0,13,富邦-花蓮,2023-12-28,9621
2363,矽統,16,3,13,富邦-花蓮,2023-12-28,9621
2603,長榮,16,4,12,富邦-花蓮,2023-12-28,9621
2324,仁寶,91,79,12,富邦-花蓮,2023-12-28,9621
2539,櫻花建,12,0,12,富邦-花蓮,2023-12-28,9621
2382,廣達,18,7,11,富邦-花蓮,2023-12-28,9621
00936,台新永續高息中小,12,1,11,富邦-花蓮,2023-12-28,9621
2351,順德,11,0,11,富邦-花蓮,2023-12-28,9621
2408,南亞科,14,3,11,富邦-花蓮,2023-12-28,9621
2850,新產,11,0,11,富邦-花蓮,2023-12-28,9621
2889,國票金,30,19,11,富邦-花蓮,2023-12-28,9621
4938,和碩,11,0,11,富邦-花蓮,2023-12-28,9621
6770,力積電,15,4,11,富邦-花蓮,2023-12-28,9621
8049,晶采,11,0,11,富邦-花蓮,2023-12-28,9621
2436,偉詮電,30,19,11,富邦-花蓮,2023-12-28,9621
00710B,復華彭博非投等債,10,0,10,富邦-花蓮,2023-12-28,9621
00918,大華優利高填息30,10,0,10,富邦-花蓮,2023-12-28,9621
2009,第一銅,10,0,10,富邦-花蓮,2023-12-28,9621
2542,興富發,10,0,10,富邦-花蓮,2023-12-28,9621
5426,振發,118,6,112,富邦-花蓮,2023-12-29,9621
00937B,群益ESG投等債20,87,0,87,富邦-花蓮,2023-12-29,9621
00919,群益台灣精選高息,92,12,80,富邦-花蓮,2023-12-29,9621
00929,復華台灣科技優息,64,10,54,富邦-花蓮,2023-12-29,9621
00751B,元大AAA至A公司債,51,0,51,富邦-花蓮,2023-12-29,9621
2547,日勝生,50,0,50,富邦-花蓮,2023-12-29,9621
6901,鑽石投資,40,0,40,富邦-花蓮,2023-12-29,9621
00715L,期街口布蘭特正2,41,6,35,富邦-花蓮,2023-12-29,9621
2515,中工,56,22,34,富邦-花蓮,2023-12-29,9621
00700,富邦�琤肭磪�,30,0,30,富邦-花蓮,2023-12-29,9621
00637L,元大滬深300正2,30,1,29,富邦-花蓮,2023-12-29,9621
3006,晶豪科,77,53,24,富邦-花蓮,2023-12-29,9621
00679B,元大美債20年,22,0,22,富邦-花蓮,2023-12-29,9621
3260,威剛,50,28,22,富邦-花蓮,2023-12-29,9621
2421,建準,28,7,21,富邦-花蓮,2023-12-29,9621
00904,新光臺灣半導體30,20,0,20,富邦-花蓮,2023-12-29,9621
2801,彰銀,20,0,20,富邦-花蓮,2023-12-29,9621
2812,台中銀,20,0,20,富邦-花蓮,2023-12-29,9621
5371,中光電,20,0,20,富邦-花蓮,2023-12-29,9621
6916,華凌,20,0,20,富邦-花蓮,2023-12-29,9621
2609,陽明,32,12,20,富邦-花蓮,2023-12-29,9621
2324,仁寶,98,79,19,富邦-花蓮,2023-12-29,9621
00632R,元大台灣50反1,18,0,18,富邦-花蓮,2023-12-29,9621
00687B,國泰20年美債,18,1,17,富邦-花蓮,2023-12-29,9621
00933B,國泰10Y+金融債,17,0,17,富邦-花蓮,2023-12-29,9621
3588,通嘉,16,0,16,富邦-花蓮,2023-12-29,9621
2889,國票金,15,0,15,富邦-花蓮,2023-12-29,9621
00712,復華富時不動產,19,5,14,富邦-花蓮,2023-12-29,9621
9945,潤泰新,17,3,14,富邦-花蓮,2023-12-29,9621
1503,士電,55,41,14,富邦-花蓮,2023-12-29,9621
2355,敬鵬,16,3,13,富邦-花蓮,2023-12-29,9621
0056,元大高股息,20,7,13,富邦-花蓮,2023-12-29,9621
3227,原相,12,0,12,富邦-花蓮,2023-12-29,9621
1513,中興電,17,5,12,富邦-花蓮,2023-12-29,9621
2610,華航,21,10,11,富邦-花蓮,2023-12-29,9621
3036,文曄,12,1,11,富邦-花蓮,2023-12-29,9621
6695,芯鼎,14,3,11,富邦-花蓮,2023-12-29,9621
00932,兆豐永續高息等權,10,0,10,富邦-花蓮,2023-12-29,9621
1325,恆大,10,0,10,富邦-花蓮,2023-12-29,9621
1609,大亞,16,6,10,富邦-花蓮,2023-12-29,9621
2201,裕隆,13,3,10,富邦-花蓮,2023-12-29,9621
2369,菱生,10,0,10,富邦-花蓮,2023-12-29,9621
3257,虹冠電,10,0,10,富邦-花蓮,2023-12-29,9621
5880,合庫金,10,0,10,富邦-花蓮,2023-12-29,9621
6125,廣運,44,34,10,富邦-花蓮,2023-12-29,9621
2376,技嘉,24,15,9,富邦-花蓮,2023-12-29,9621
5469,瀚宇博,13,4,9,富邦-花蓮,2023-12-29,9621
2023,燁輝,15,6,9,富邦-花蓮,2023-12-29,9621
2468,華經,10,1,9,富邦-花蓮,2023-12-29,9621
1514,亞力,20,12,8,富邦-花蓮,2023-12-29,9621
2615,萬海,175,16,159,富邦-花蓮,2024-01-02,9621
00929,復華台灣科技優息,201,62,139,富邦-花蓮,2024-01-02,9621
2916,滿心,126,0,126,富邦-花蓮,2024-01-02,9621
00712,復華富時不動產,115,4,111,富邦-花蓮,2024-01-02,9621
00937B,群益ESG投等債20,107,0,107,富邦-花蓮,2024-01-02,9621
3231,緯創,124,44,80,富邦-花蓮,2024-01-02,9621
00878,國泰永續高股息,67,2,65,富邦-花蓮,2024-01-02,9621
2303,聯電,67,6,61,富邦-花蓮,2024-01-02,9621
00919,群益台灣精選高息,73,14,59,富邦-花蓮,2024-01-02,9621
2356,英業達,62,8,54,富邦-花蓮,2024-01-02,9621
00904,新光臺灣半導體30,47,0,47,富邦-花蓮,2024-01-02,9621
2515,中工,51,17,34,富邦-花蓮,2024-01-02,9621
5521,工信,127,97,30,富邦-花蓮,2024-01-02,9621
6139,亞翔,35,6,29,富邦-花蓮,2024-01-02,9621
00907,永豐優息存股,29,2,27,富邦-花蓮,2024-01-02,9621
2382,廣達,30,4,26,富邦-花蓮,2024-01-02,9621
00900,富邦特選高股息30,38,14,24,富邦-花蓮,2024-01-02,9621
5328,華容,24,0,24,富邦-花蓮,2024-01-02,9621
00687B,國泰20年美債,23,1,22,富邦-花蓮,2024-01-02,9621
5351,鈺創,24,2,22,富邦-花蓮,2024-01-02,9621
2536,宏普,21,0,21,富邦-花蓮,2024-01-02,9621
4188,安克,21,0,21,富邦-花蓮,2024-01-02,9621
00671R,富邦NASDAQ反1,20,0,20,富邦-花蓮,2024-01-02,9621
1216,統一,22,2,20,富邦-花蓮,2024-01-02,9621
1451,年興,20,0,20,富邦-花蓮,2024-01-02,9621
2392,正崴,20,0,20,富邦-花蓮,2024-01-02,9621
2801,彰銀,20,0,20,富邦-花蓮,2024-01-02,9621
6153,嘉聯益,20,0,20,富邦-花蓮,2024-01-02,9621
6191,精成科,20,0,20,富邦-花蓮,2024-01-02,9621
2344,華邦電,24,4,20,富邦-花蓮,2024-01-02,9621
2324,仁寶,39,21,18,富邦-花蓮,2024-01-02,9621
2605,新興,18,1,17,富邦-花蓮,2024-01-02,9621
2546,根基,17,0,17,富邦-花蓮,2024-01-02,9621
00679B,元大美債20年,18,2,16,富邦-花蓮,2024-01-02,9621
2313,華通,20,4,16,富邦-花蓮,2024-01-02,9621
00795B,中信美國公債20年,12,0,12,富邦-花蓮,2024-01-02,9621
1313,聯成,11,0,11,富邦-花蓮,2024-01-02,9621
1589,永冠-KY,11,0,11,富邦-花蓮,2024-01-02,9621
2539,櫻花建,11,0,11,富邦-花蓮,2024-01-02,9621
6754,匯僑設計,11,0,11,富邦-花蓮,2024-01-02,9621
6462,神盾,11,0,11,富邦-花蓮,2024-01-02,9621
00720B,元大投資級公司債,11,0,11,富邦-花蓮,2024-01-02,9621
5388,中磊,10,0,10,富邦-花蓮,2024-01-02,9621
00636,國泰中國A50,10,0,10,富邦-花蓮,2024-01-02,9621
006206,元大上證50,10,0,10,富邦-花蓮,2024-01-02,9621
1524,耿鼎,12,2,10,富邦-花蓮,2024-01-02,9621
3438,類比科,10,0,10,富邦-花蓮,2024-01-02,9621
3499,環天科,10,0,10,富邦-花蓮,2024-01-02,9621
4109,加捷生醫,10,0,10,富邦-花蓮,2024-01-02,9621
2881,富邦金,11,1,10,富邦-花蓮,2024-01-02,9621
00929,復華台灣科技優息,254,11,243,富邦-花蓮,2024-01-03,9621
0056,元大高股息,145,15,130,富邦-花蓮,2024-01-03,9621
00919,群益台灣精選高息,109,3,106,富邦-花蓮,2024-01-03,9621
2610,華航,112,24,88,富邦-花蓮,2024-01-03,9621
00937B,群益ESG投等債20,73,11,62,富邦-花蓮,2024-01-03,9621
2303,聯電,63,2,61,富邦-花蓮,2024-01-03,9621
2547,日勝生,51,0,51,富邦-花蓮,2024-01-03,9621
00934,中信成長高股息,50,4,46,富邦-花蓮,2024-01-03,9621
00878,國泰永續高股息,79,37,42,富邦-花蓮,2024-01-03,9621
2324,仁寶,65,24,41,富邦-花蓮,2024-01-03,9621
2888,新光金,41,1,40,富邦-花蓮,2024-01-03,9621
3231,緯創,51,11,40,富邦-花蓮,2024-01-03,9621
2344,華邦電,39,4,35,富邦-花蓮,2024-01-03,9621
2330,台積電,34,1,33,富邦-花蓮,2024-01-03,9621
3287,廣寰科,32,1,31,富邦-花蓮,2024-01-03,9621
00770,國泰北美科技,30,0,30,富邦-花蓮,2024-01-03,9621
00892,富邦台灣半導體,30,0,30,富邦-花蓮,2024-01-03,9621
9934,成霖,31,2,29,富邦-花蓮,2024-01-03,9621
1216,統一,31,4,27,富邦-花蓮,2024-01-03,9621
2356,英業達,44,18,26,富邦-花蓮,2024-01-03,9621
2504,國產,25,0,25,富邦-花蓮,2024-01-03,9621
1605,華新,29,4,25,富邦-花蓮,2024-01-03,9621
9945,潤泰新,24,3,21,富邦-花蓮,2024-01-03,9621
2885,元大金,23,3,20,富邦-花蓮,2024-01-03,9621
00650L,復華香港正2,20,0,20,富邦-花蓮,2024-01-03,9621
1802,台玻,30,10,20,富邦-花蓮,2024-01-03,9621
8110,華東,20,0,20,富邦-花蓮,2024-01-03,9621
3092,鴻碩,19,0,19,富邦-花蓮,2024-01-03,9621
3390,旭軟,95,76,19,富邦-花蓮,2024-01-03,9621
6684,安格,19,0,19,富邦-花蓮,2024-01-03,9621
00933B,國泰10Y+金融債,18,0,18,富邦-花蓮,2024-01-03,9621
1503,士電,21,4,17,富邦-花蓮,2024-01-03,9621
4167,松瑞藥,20,3,17,富邦-花蓮,2024-01-03,9621
00923,群益台ESG低碳50,16,0,16,富邦-花蓮,2024-01-03,9621
2455,全新,29,13,16,富邦-花蓮,2024-01-03,9621
5347,世界,16,1,15,富邦-花蓮,2024-01-03,9621
2882,國泰金,15,0,15,富邦-花蓮,2024-01-03,9621
3481,群創,18,4,14,富邦-花蓮,2024-01-03,9621
00715L,期街口布蘭特正2,24,10,14,富邦-花蓮,2024-01-03,9621
2352,佳世達,27,13,14,富邦-花蓮,2024-01-03,9621
3094,聯傑,15,1,14,富邦-花蓮,2024-01-03,9621
4133,亞諾法,14,0,14,富邦-花蓮,2024-01-03,9621
4973,廣穎,15,1,14,富邦-花蓮,2024-01-03,9621
2353,宏��,47,33,14,富邦-花蓮,2024-01-03,9621
2881,富邦金,23,9,14,富邦-花蓮,2024-01-03,9621
2409,友達,20,7,13,富邦-花蓮,2024-01-03,9621
2890,永豐金,13,0,13,富邦-花蓮,2024-01-03,9621
1789,神隆,13,0,13,富邦-花蓮,2024-01-03,9621
2886,兆豐金,13,0,13,富邦-花蓮,2024-01-03,9621
3041,揚智,18,5,13,富邦-花蓮,2024-01-03,9621
00632R,元大台灣50反1,510,3,507,富邦-花蓮,2024-01-04,9621
00929,復華台灣科技優息,179,12,167,富邦-花蓮,2024-01-04,9621
00937B,群益ESG投等債20,107,0,107,富邦-花蓮,2024-01-04,9621
00927,群益半導體收益,85,0,85,富邦-花蓮,2024-01-04,9621
5521,工信,89,8,81,富邦-花蓮,2024-01-04,9621
00706L,期元大S＆P日圓正2,76,0,76,富邦-花蓮,2024-01-04,9621
00877,復華中國5G,60,0,60,富邦-花蓮,2024-01-04,9621
00878,國泰永續高股息,59,4,55,富邦-花蓮,2024-01-04,9621
3231,緯創,86,31,55,富邦-花蓮,2024-01-04,9621
1503,士電,57,4,53,富邦-花蓮,2024-01-04,9621
2618,長榮航,92,42,50,富邦-花蓮,2024-01-04,9621
5452,佶優,52,3,49,富邦-花蓮,2024-01-04,9621
3287,廣寰科,49,0,49,富邦-花蓮,2024-01-04,9621
00893,國泰智能電動車,39,0,39,富邦-花蓮,2024-01-04,9621
00933B,國泰10Y+金融債,38,0,38,富邦-花蓮,2024-01-04,9621
0056,元大高股息,37,2,35,富邦-花蓮,2024-01-04,9621
5607,遠雄港,35,0,35,富邦-花蓮,2024-01-04,9621
2303,聯電,38,5,33,富邦-花蓮,2024-01-04,9621
2916,滿心,32,0,32,富邦-花蓮,2024-01-04,9621
00712,復華富時不動產,31,0,31,富邦-花蓮,2024-01-04,9621
00770,國泰北美科技,30,0,30,富邦-花蓮,2024-01-04,9621
5355,佳總,28,0,28,富邦-花蓮,2024-01-04,9621
00902,中信電池及儲能,25,0,25,富邦-花蓮,2024-01-04,9621
00655L,國泰中國A50正2,25,0,25,富邦-花蓮,2024-01-04,9621
6901,鑽石投資,23,0,23,富邦-花蓮,2024-01-04,9621
2328,廣宇,20,0,20,富邦-花蓮,2024-01-04,9621
3390,旭軟,38,18,20,富邦-花蓮,2024-01-04,9621
6916,華凌,20,0,20,富邦-花蓮,2024-01-04,9621
00892,富邦台灣半導體,18,0,18,富邦-花蓮,2024-01-04,9621
4174,浩鼎,18,0,18,富邦-花蓮,2024-01-04,9621
00679B,元大美債20年,17,0,17,富邦-花蓮,2024-01-04,9621
1466,聚隆,17,0,17,富邦-花蓮,2024-01-04,9621
3706,神達,27,11,16,富邦-花蓮,2024-01-04,9621
2883,凱基金,22,7,15,富邦-花蓮,2024-01-04,9621
1789,神隆,15,0,15,富邦-花蓮,2024-01-04,9621
2376,技嘉,17,3,14,富邦-花蓮,2024-01-04,9621
00881,國泰台灣5G+,14,0,14,富邦-花蓮,2024-01-04,9621
00936,台新永續高息中小,14,0,14,富邦-花蓮,2024-01-04,9621
8046,南電,37,24,13,富邦-花蓮,2024-01-04,9621
00720B,元大投資級公司債,13,0,13,富邦-花蓮,2024-01-04,9621
2362,藍天,22,9,13,富邦-花蓮,2024-01-04,9621
3312,弘憶股,13,0,13,富邦-花蓮,2024-01-04,9621
3704,合勤控,13,0,13,富邦-花蓮,2024-01-04,9621
6462,神盾,16,3,13,富邦-花蓮,2024-01-04,9621
4961,天鈺,12,0,12,富邦-花蓮,2024-01-04,9621
00900,富邦特選高股息30,12,0,12,富邦-花蓮,2024-01-04,9621
00891,中信關鍵半導體,12,0,12,富邦-花蓮,2024-01-04,9621
9945,潤泰新,12,0,12,富邦-花蓮,2024-01-04,9621
2601,益航,13,1,12,富邦-花蓮,2024-01-04,9621
2882,國泰金,12,0,12,富邦-花蓮,2024-01-04,9621
00937B,群益ESG投等債20,164,0,164,富邦-花蓮,2024-01-05,9621
00929,復華台灣科技優息,131,12,119,富邦-花蓮,2024-01-05,9621
00919,群益台灣精選高息,102,3,99,富邦-花蓮,2024-01-05,9621
00687B,國泰20年美債,78,0,78,富邦-花蓮,2024-01-05,9621
00664R,國泰臺灣加權反1,60,0,60,富邦-花蓮,2024-01-05,9621
1731,美吾華,60,0,60,富邦-花蓮,2024-01-05,9621
2618,長榮航,98,39,59,富邦-花蓮,2024-01-05,9621
00931B,統一美債20年,52,0,52,富邦-花蓮,2024-01-05,9621
00706L,期元大S＆P日圓正2,50,0,50,富邦-花蓮,2024-01-05,9621
2324,仁寶,77,29,48,富邦-花蓮,2024-01-05,9621
2344,華邦電,38,4,34,富邦-花蓮,2024-01-05,9621
2303,聯電,53,20,33,富邦-花蓮,2024-01-05,9621
2363,矽統,34,1,33,富邦-花蓮,2024-01-05,9621
2356,英業達,52,22,30,富邦-花蓮,2024-01-05,9621
6443,元晶,30,1,29,富邦-花蓮,2024-01-05,9621
00712,復華富時不動產,27,0,27,富邦-花蓮,2024-01-05,9621
0056,元大高股息,30,3,27,富邦-花蓮,2024-01-05,9621
8096,擎亞,43,17,26,富邦-花蓮,2024-01-05,9621
1451,年興,26,0,26,富邦-花蓮,2024-01-05,9621
6116,彩晶,30,4,26,富邦-花蓮,2024-01-05,9621
8046,南電,36,13,23,富邦-花蓮,2024-01-05,9621
00679B,元大美債20年,23,1,22,富邦-花蓮,2024-01-05,9621
2605,新興,26,4,22,富邦-花蓮,2024-01-05,9621
2610,華航,25,3,22,富邦-花蓮,2024-01-05,9621
3044,健鼎,21,0,21,富邦-花蓮,2024-01-05,9621
00751B,元大AAA至A公司債,20,0,20,富邦-花蓮,2024-01-05,9621
5309,系統電,20,0,20,富邦-花蓮,2024-01-05,9621
00933B,國泰10Y+金融債,19,0,19,富邦-花蓮,2024-01-05,9621
9103,美德醫療-DR,27,10,17,富邦-花蓮,2024-01-05,9621
2330,台積電,23,8,15,富邦-花蓮,2024-01-05,9621
00927,群益半導體收益,26,10,16,富邦-花蓮,2024-01-05,9621
2885,元大金,15,0,15,富邦-花蓮,2024-01-05,9621
3232,昱捷,16,1,15,富邦-花蓮,2024-01-05,9621
00770,國泰北美科技,14,0,14,富邦-花蓮,2024-01-05,9621
2611,志信,25,11,14,富邦-花蓮,2024-01-05,9621
3339,泰谷,14,0,14,富邦-花蓮,2024-01-05,9621
3037,欣興,13,0,13,富邦-花蓮,2024-01-05,9621
3231,緯創,36,23,13,富邦-花蓮,2024-01-05,9621
2881,富邦金,14,3,11,富邦-花蓮,2024-01-05,9621
1707,葡萄王,18,7,11,富邦-花蓮,2024-01-05,9621
6756,威鋒電子,11,0,11,富邦-花蓮,2024-01-05,9621
2338,光罩,10,0,10,富邦-花蓮,2024-01-05,9621
00650L,復華香港正2,10,0,10,富邦-花蓮,2024-01-05,9621
00918,大華優利高填息30,10,0,10,富邦-花蓮,2024-01-05,9621
2641,正德,13,3,10,富邦-花蓮,2024-01-05,9621
3024,憶聲,14,4,10,富邦-花蓮,2024-01-05,9621
3038,全台,10,0,10,富邦-花蓮,2024-01-05,9621
4109,加捷生醫,10,0,10,富邦-花蓮,2024-01-05,9621
4157,太景*-KY,10,0,10,富邦-花蓮,2024-01-05,9621
6235,華孚,13,3,10,富邦-花蓮,2024-01-05,9621
00919,群益台灣精選高息,157,1,156,富邦-花蓮,2024-01-08,9621
00937B,群益ESG投等債20,123,2,121,富邦-花蓮,2024-01-08,9621
00655L,國泰中國A50正2,81,0,81,富邦-花蓮,2024-01-08,9621
2881,富邦金,90,22,68,富邦-花蓮,2024-01-08,9621
00665L,富邦�琤肭磪囓�2,65,0,65,富邦-花蓮,2024-01-08,9621
5426,振發,65,1,64,富邦-花蓮,2024-01-08,9621
3059,華晶科,60,0,60,富邦-花蓮,2024-01-08,9621
00753L,中信中國50正2,64,5,59,富邦-花蓮,2024-01-08,9621
00929,復華台灣科技優息,141,88,53,富邦-花蓮,2024-01-08,9621
2618,長榮航,53,3,50,富邦-花蓮,2024-01-08,9621
0050,元大台灣50,50,0,50,富邦-花蓮,2024-01-08,9621
2353,宏��,84,34,50,富邦-花蓮,2024-01-08,9621
6120,達運,48,0,48,富邦-花蓮,2024-01-08,9621
2303,聯電,49,2,47,富邦-花蓮,2024-01-08,9621
2317,鴻海,46,4,42,富邦-花蓮,2024-01-08,9621
00637L,元大滬深300正2,43,1,42,富邦-花蓮,2024-01-08,9621
2388,威盛,108,66,42,富邦-花蓮,2024-01-08,9621
00687B,國泰20年美債,46,7,39,富邦-花蓮,2024-01-08,9621
00679B,元大美債20年,37,0,37,富邦-花蓮,2024-01-08,9621
00715L,期街口布蘭特正2,43,6,37,富邦-花蓮,2024-01-08,9621
1815,富喬,39,3,36,富邦-花蓮,2024-01-08,9621
2344,華邦電,43,8,35,富邦-花蓮,2024-01-08,9621
00931B,統一美債20年,34,0,34,富邦-花蓮,2024-01-08,9621
1325,恆大,35,2,33,富邦-花蓮,2024-01-08,9621
3234,光環,32,0,32,富邦-花蓮,2024-01-08,9621
3339,泰谷,26,0,26,富邦-花蓮,2024-01-08,9621
6770,力積電,47,23,24,富邦-花蓮,2024-01-08,9621
00933B,國泰10Y+金融債,29,5,24,富邦-花蓮,2024-01-08,9621
00878,國泰永續高股息,30,6,24,富邦-花蓮,2024-01-08,9621
2489,瑞軒,26,3,23,富邦-花蓮,2024-01-08,9621
3576,聯合再生,23,1,22,富邦-花蓮,2024-01-08,9621
8033,雷虎,20,0,20,富邦-花蓮,2024-01-08,9621
3047,訊舟,22,3,19,富邦-花蓮,2024-01-08,9621
2331,精英,30,12,18,富邦-花蓮,2024-01-08,9621
4938,和碩,28,10,18,富邦-花蓮,2024-01-08,9621
00636,國泰中國A50,17,0,17,富邦-花蓮,2024-01-08,9621
2603,長榮,331,314,17,富邦-花蓮,2024-01-08,9621
0056,元大高股息,35,19,16,富邦-花蓮,2024-01-08,9621
00720B,元大投資級公司債,19,4,15,富邦-花蓮,2024-01-08,9621
00857B,永豐20年美公債,15,0,15,富邦-花蓮,2024-01-08,9621
2498,宏達電,36,22,14,富邦-花蓮,2024-01-08,9621
00680L,元大美債20正2,13,0,13,富邦-花蓮,2024-01-08,9621
2421,建準,28,15,13,富邦-花蓮,2024-01-08,9621
3704,合勤控,13,0,13,富邦-花蓮,2024-01-08,9621
6116,彩晶,17,4,13,富邦-花蓮,2024-01-08,9621
00712,復華富時不動產,33,20,13,富邦-花蓮,2024-01-08,9621
00770,國泰北美科技,12,0,12,富邦-花蓮,2024-01-08,9621
5223,安力-KY,12,0,12,富邦-花蓮,2024-01-08,9621
5355,佳總,12,0,12,富邦-花蓮,2024-01-08,9621
3231,緯創,37,26,11,富邦-花蓮,2024-01-08,9621
00929,復華台灣科技優息,376,8,368,富邦-花蓮,2024-01-09,9621
00919,群益台灣精選高息,202,26,176,富邦-花蓮,2024-01-09,9621
00715L,期街口布蘭特正2,138,8,130,富邦-花蓮,2024-01-09,9621
2609,陽明,144,59,85,富邦-花蓮,2024-01-09,9621
1733,五鼎,106,24,82,富邦-花蓮,2024-01-09,9621
2356,英業達,88,31,57,富邦-花蓮,2024-01-09,9621
2317,鴻海,55,0,55,富邦-花蓮,2024-01-09,9621
0056,元大高股息,39,1,38,富邦-花蓮,2024-01-09,9621
3481,群創,68,31,37,富邦-花蓮,2024-01-09,9621
2882,國泰金,32,0,32,富邦-花蓮,2024-01-09,9621
9945,潤泰新,32,0,32,富邦-花蓮,2024-01-09,9621
6156,松上,31,0,31,富邦-花蓮,2024-01-09,9621
3051,力特,47,20,27,富邦-花蓮,2024-01-09,9621
00918,大華優利高填息30,26,0,26,富邦-花蓮,2024-01-09,9621
00927,群益半導體收益,26,0,26,富邦-花蓮,2024-01-09,9621
1325,恆大,30,5,25,富邦-花蓮,2024-01-09,9621
2308,台達電,24,0,24,富邦-花蓮,2024-01-09,9621
6282,康舒,23,0,23,富邦-花蓮,2024-01-09,9621
2615,萬海,42,20,22,富邦-花蓮,2024-01-09,9621
2486,一詮,23,1,22,富邦-花蓮,2024-01-09,9621
00700,富邦�琤肭磪�,21,0,21,富邦-花蓮,2024-01-09,9621
00877,復華中國5G,21,0,21,富邦-花蓮,2024-01-09,9621
2352,佳世達,36,15,21,富邦-花蓮,2024-01-09,9621
2634,漢翔,23,3,20,富邦-花蓮,2024-01-09,9621
2421,建準,45,25,20,富邦-花蓮,2024-01-09,9621
3078,僑威,21,1,20,富邦-花蓮,2024-01-09,9621
2023,燁輝,20,1,19,富邦-花蓮,2024-01-09,9621
00680L,元大美債20正2,20,2,18,富邦-花蓮,2024-01-09,9621
6770,力積電,21,3,18,富邦-花蓮,2024-01-09,9621
6684,安格,29,12,17,富邦-花蓮,2024-01-09,9621
6139,亞翔,19,3,16,富邦-花蓮,2024-01-09,9621
00636,國泰中國A50,15,0,15,富邦-花蓮,2024-01-09,9621
00632R,元大台灣50反1,20,5,15,富邦-花蓮,2024-01-09,9621
3413,京鼎,15,0,15,富邦-花蓮,2024-01-09,9621
3046,建��,19,5,14,富邦-花蓮,2024-01-09,9621
00907,永豐優息存股,19,6,13,富邦-花蓮,2024-01-09,9621
2359,所羅門,21,8,13,富邦-花蓮,2024-01-09,9621
6835,圓裕,13,0,13,富邦-花蓮,2024-01-09,9621
2887,台新金,13,0,13,富邦-花蓮,2024-01-09,9621
020028,元大特選電動車N,12,0,12,富邦-花蓮,2024-01-09,9621
2344,華邦電,14,2,12,富邦-花蓮,2024-01-09,9621
3287,廣寰科,18,6,12,富邦-花蓮,2024-01-09,9621
4564,元翎,12,0,12,富邦-花蓮,2024-01-09,9621
2603,長榮,38,26,12,富邦-花蓮,2024-01-09,9621
00753L,中信中國50正2,11,0,11,富邦-花蓮,2024-01-09,9621
1605,華新,12,1,11,富邦-花蓮,2024-01-09,9621
1802,台玻,11,0,11,富邦-花蓮,2024-01-09,9621
3260,威剛,17,6,11,富邦-花蓮,2024-01-09,9621
00706L,期元大S＆P日圓正2,10,0,10,富邦-花蓮,2024-01-09,9621
4971,IET-KY,10,0,10,富邦-花蓮,2024-01-09,9621
1714,和桐,173,0,173,富邦-花蓮,2024-01-10,9621
00919,群益台灣精選高息,174,22,152,富邦-花蓮,2024-01-10,9621
6016,康和證,140,0,140,富邦-花蓮,2024-01-10,9621
3059,華晶科,61,0,61,富邦-花蓮,2024-01-10,9621
5521,工信,85,28,57,富邦-花蓮,2024-01-10,9621
2610,華航,48,0,48,富邦-花蓮,2024-01-10,9621
00927,群益半導體收益,47,0,47,富邦-花蓮,2024-01-10,9621
2609,陽明,187,145,42,富邦-花蓮,2024-01-10,9621
2618,長榮航,50,9,41,富邦-花蓮,2024-01-10,9621
00877,復華中國5G,40,0,40,富邦-花蓮,2024-01-10,9621
2402,毅嘉,42,2,40,富邦-花蓮,2024-01-10,9621
2498,宏達電,89,58,31,富邦-花蓮,2024-01-10,9621
2317,鴻海,30,0,30,富邦-花蓮,2024-01-10,9621
1909,榮成,30,0,30,富邦-花蓮,2024-01-10,9621
5309,系統電,34,4,30,富邦-花蓮,2024-01-10,9621
4960,誠美材,30,1,29,富邦-花蓮,2024-01-10,9621
2362,藍天,43,15,28,富邦-花蓮,2024-01-10,9621
00878,國泰永續高股息,28,1,27,富邦-花蓮,2024-01-10,9621
2515,中工,28,3,25,富邦-花蓮,2024-01-10,9621
2885,元大金,25,0,25,富邦-花蓮,2024-01-10,9621
2356,英業達,65,41,24,富邦-花蓮,2024-01-10,9621
2301,光寶科,29,6,23,富邦-花蓮,2024-01-10,9621
6770,力積電,27,4,23,富邦-花蓮,2024-01-10,9621
2023,燁輝,23,0,23,富邦-花蓮,2024-01-10,9621
2916,滿心,23,0,23,富邦-花蓮,2024-01-10,9621
1451,年興,24,2,22,富邦-花蓮,2024-01-10,9621
6684,安格,47,26,21,富邦-花蓮,2024-01-10,9621
2371,大同,36,16,20,富邦-花蓮,2024-01-10,9621
00706L,期元大S＆P日圓正2,20,0,20,富邦-花蓮,2024-01-10,9621
1810,和成,21,1,20,富邦-花蓮,2024-01-10,9621
2615,萬海,34,15,19,富邦-花蓮,2024-01-10,9621
1342,八貫,25,7,18,富邦-花蓮,2024-01-10,9621
4956,光鋐,53,35,18,富邦-花蓮,2024-01-10,9621
3706,神達,36,19,17,富邦-花蓮,2024-01-10,9621
1308,亞聚,17,0,17,富邦-花蓮,2024-01-10,9621
5608,四維航,16,0,16,富邦-花蓮,2024-01-10,9621
00904,新光臺灣半導體30,15,0,15,富邦-花蓮,2024-01-10,9621
6243,迅杰,45,30,15,富邦-花蓮,2024-01-10,9621
3413,京鼎,15,0,15,富邦-花蓮,2024-01-10,9621
6282,康舒,18,4,14,富邦-花蓮,2024-01-10,9621
0056,元大高股息,26,13,13,富邦-花蓮,2024-01-10,9621
2891,中信金,15,2,13,富邦-花蓮,2024-01-10,9621
6139,亞翔,22,9,13,富邦-花蓮,2024-01-10,9621
00881,國泰台灣5G+,13,0,13,富邦-花蓮,2024-01-10,9621
5880,合庫金,13,0,13,富邦-花蓮,2024-01-10,9621
0050,元大台灣50,13,1,12,富邦-花蓮,2024-01-10,9621
2329,華泰,21,9,12,富邦-花蓮,2024-01-10,9621
2614,東森,12,0,12,富邦-花蓮,2024-01-10,9621
00712,復華富時不動產,21,9,12,富邦-花蓮,2024-01-10,9621
00680L,元大美債20正2,12,0,12,富邦-花蓮,2024-01-10,9621
00706L,期元大S＆P日圓正2,100,0,100,富邦-花蓮,2024-01-11,9621
00919,群益台灣精選高息,84,0,84,富邦-花蓮,2024-01-11,9621
00929,復華台灣科技優息,82,9,73,富邦-花蓮,2024-01-11,9621
2353,宏��,125,64,61,富邦-花蓮,2024-01-11,9621
2344,華邦電,49,2,47,富邦-花蓮,2024-01-11,9621
2408,南亞科,59,19,40,富邦-花蓮,2024-01-11,9621
5426,振發,44,4,40,富邦-花蓮,2024-01-11,9621
2324,仁寶,69,32,37,富邦-花蓮,2024-01-11,9621
00937B,群益ESG投等債20,38,2,36,富邦-花蓮,2024-01-11,9621
1802,台玻,31,0,31,富邦-花蓮,2024-01-11,9621
00632R,元大台灣50反1,26,0,26,富邦-花蓮,2024-01-11,9621
00700,富邦�琤肭磪�,25,0,25,富邦-花蓮,2024-01-11,9621
2449,京元電子,29,6,23,富邦-花蓮,2024-01-11,9621
6695,芯鼎,37,14,23,富邦-花蓮,2024-01-11,9621
5209,新鼎,22,0,22,富邦-花蓮,2024-01-11,9621
5348,正能量智能,22,0,22,富邦-花蓮,2024-01-11,9621
2303,聯電,49,28,21,富邦-花蓮,2024-01-11,9621
2421,建準,67,46,21,富邦-花蓮,2024-01-11,9621
3032,偉訓,24,5,19,富邦-花蓮,2024-01-11,9621
2609,陽明,47,30,17,富邦-花蓮,2024-01-11,9621
6016,康和證,16,0,16,富邦-花蓮,2024-01-11,9621
2405,輔信,16,0,16,富邦-花蓮,2024-01-11,9621
6163,華電網,27,13,14,富邦-花蓮,2024-01-11,9621
020028,元大特選電動車N,14,0,14,富邦-花蓮,2024-01-11,9621
2610,華航,64,50,14,富邦-花蓮,2024-01-11,9621
00680L,元大美債20正2,14,1,13,富邦-花蓮,2024-01-11,9621
2618,長榮航,32,20,12,富邦-花蓮,2024-01-11,9621
8111,立��,29,17,12,富邦-花蓮,2024-01-11,9621
00857B,永豐20年美公債,12,0,12,富邦-花蓮,2024-01-11,9621
3031,佰鴻,12,0,12,富邦-花蓮,2024-01-11,9621
6239,力成,20,8,12,富邦-花蓮,2024-01-11,9621
00930,永豐ESG低碳高息,11,0,11,富邦-花蓮,2024-01-11,9621
2301,光寶科,24,13,11,富邦-花蓮,2024-01-11,9621
2916,滿心,11,0,11,富邦-花蓮,2024-01-11,9621
3339,泰谷,22,11,11,富邦-花蓮,2024-01-11,9621
6770,力積電,13,2,11,富邦-花蓮,2024-01-11,9621
3041,揚智,13,3,10,富邦-花蓮,2024-01-11,9621
00687B,國泰20年美債,11,1,10,富邦-花蓮,2024-01-11,9621
2882,國泰金,11,1,10,富邦-花蓮,2024-01-11,9621
00673R,期元大S＆P原油反1,10,0,10,富邦-花蓮,2024-01-11,9621
00918,大華優利高填息30,10,0,10,富邦-花蓮,2024-01-11,9621
2392,正崴,10,0,10,富邦-花蓮,2024-01-11,9621
2453,凌群,11,1,10,富邦-花蓮,2024-01-11,9621
2458,義隆,10,0,10,富邦-花蓮,2024-01-11,9621
3380,明泰,12,2,10,富邦-花蓮,2024-01-11,9621
4543,萬在,10,0,10,富邦-花蓮,2024-01-11,9621
6156,松上,10,0,10,富邦-花蓮,2024-01-11,9621
8163,達方,10,0,10,富邦-花蓮,2024-01-11,9621
00888,永豐台灣ESG,10,0,10,富邦-花蓮,2024-01-11,9621
00679B,元大美債20年,9,0,9,富邦-花蓮,2024-01-11,9621
00676R,富邦臺灣加權反1,400,0,400,富邦-花蓮,2024-01-12,9621
00929,復華台灣科技優息,178,9,169,富邦-花蓮,2024-01-12,9621
1714,和桐,117,1,116,富邦-花蓮,2024-01-12,9621
00904,新光臺灣半導體30,102,0,102,富邦-花蓮,2024-01-12,9621
00706L,期元大S＆P日圓正2,72,0,72,富邦-花蓮,2024-01-12,9621
00927,群益半導體收益,69,1,68,富邦-花蓮,2024-01-12,9621
2303,聯電,58,4,54,富邦-花蓮,2024-01-12,9621
00881,國泰台灣5G+,53,1,52,富邦-花蓮,2024-01-12,9621
00687B,國泰20年美債,42,1,41,富邦-花蓮,2024-01-12,9621
0056,元大高股息,40,5,35,富邦-花蓮,2024-01-12,9621
2801,彰銀,50,16,34,富邦-花蓮,2024-01-12,9621
2408,南亞科,29,0,29,富邦-花蓮,2024-01-12,9621
00688L,國泰20年美債正2,29,0,29,富邦-花蓮,2024-01-12,9621
00878,國泰永續高股息,28,2,26,富邦-花蓮,2024-01-12,9621
2371,大同,29,3,26,富邦-花蓮,2024-01-12,9621
00632R,元大台灣50反1,26,0,26,富邦-花蓮,2024-01-12,9621
00882,中信中國高股息,25,0,25,富邦-花蓮,2024-01-12,9621
2347,聯強,25,1,24,富邦-花蓮,2024-01-12,9621
2890,永豐金,23,0,23,富邦-花蓮,2024-01-12,9621
00915,凱基優選高股息30,22,0,22,富邦-花蓮,2024-01-12,9621
00650L,復華香港正2,22,0,22,富邦-花蓮,2024-01-12,9621
5426,振發,71,49,22,富邦-花蓮,2024-01-12,9621
00918,大華優利高填息30,20,0,20,富邦-花蓮,2024-01-12,9621
2208,台船,36,16,20,富邦-花蓮,2024-01-12,9621
3694,海華,20,0,20,富邦-花蓮,2024-01-12,9621
4104,佳醫,19,0,19,富邦-花蓮,2024-01-12,9621
2618,長榮航,32,14,18,富邦-花蓮,2024-01-12,9621
020028,元大特選電動車N,17,0,17,富邦-花蓮,2024-01-12,9621
8096,擎亞,98,82,16,富邦-花蓮,2024-01-12,9621
2324,仁寶,25,10,15,富邦-花蓮,2024-01-12,9621
3049,精金,14,0,14,富邦-花蓮,2024-01-12,9621
2449,京元電子,18,5,13,富邦-花蓮,2024-01-12,9621
2916,滿心,13,0,13,富邦-花蓮,2024-01-12,9621
2882,國泰金,14,2,12,富邦-花蓮,2024-01-12,9621
6770,力積電,18,6,12,富邦-花蓮,2024-01-12,9621
1216,統一,11,0,11,富邦-花蓮,2024-01-12,9621
1608,華榮,11,0,11,富邦-花蓮,2024-01-12,9621
2393,億光,11,0,11,富邦-花蓮,2024-01-12,9621
4909,新復興,25,14,11,富邦-花蓮,2024-01-12,9621
2353,宏��,61,51,10,富邦-花蓮,2024-01-12,9621
3047,訊舟,10,0,10,富邦-花蓮,2024-01-12,9621
2887,台新金,10,0,10,富邦-花蓮,2024-01-12,9621
00922,國泰台灣領袖50,11,1,10,富邦-花蓮,2024-01-12,9621
1449,佳和,10,0,10,富邦-花蓮,2024-01-12,9621
3591,艾笛森,10,0,10,富邦-花蓮,2024-01-12,9621
8222,寶一,27,17,10,富邦-花蓮,2024-01-12,9621
1413,宏洲,9,0,9,富邦-花蓮,2024-01-12,9621
3056,富華新,9,0,9,富邦-花蓮,2024-01-12,9621
4979,華星光,22,13,9,富邦-花蓮,2024-01-12,9621
1314,中石化,10,1,9,富邦-花蓮,2024-01-12,9621
2867,三商壽,135,0,135,富邦-花蓮,2024-01-15,9621
2888,新光金,119,2,117,富邦-花蓮,2024-01-15,9621
00680L,元大美債20正2,70,0,70,富邦-花蓮,2024-01-15,9621
00929,復華台灣科技優息,114,62,52,富邦-花蓮,2024-01-15,9621
3623,富晶通,40,6,34,富邦-花蓮,2024-01-15,9621
2610,華航,34,2,32,富邦-花蓮,2024-01-15,9621
2324,仁寶,37,5,32,富邦-花蓮,2024-01-15,9621
00637L,元大滬深300正2,30,0,30,富邦-花蓮,2024-01-15,9621
2421,建準,85,58,27,富邦-花蓮,2024-01-15,9621
2916,滿心,27,0,27,富邦-花蓮,2024-01-15,9621
2356,英業達,35,10,25,富邦-花蓮,2024-01-15,9621
3231,緯創,282,258,24,富邦-花蓮,2024-01-15,9621
00770,國泰北美科技,22,0,22,富邦-花蓮,2024-01-15,9621
0056,元大高股息,22,0,22,富邦-花蓮,2024-01-15,9621
5880,合庫金,20,0,20,富邦-花蓮,2024-01-15,9621
00904,新光臺灣半導體30,20,0,20,富邦-花蓮,2024-01-15,9621
6016,康和證,20,0,20,富邦-花蓮,2024-01-15,9621
2353,宏��,31,11,20,富邦-花蓮,2024-01-15,9621
6415,矽力*-KY,20,2,18,富邦-花蓮,2024-01-15,9621
2344,華邦電,52,34,18,富邦-花蓮,2024-01-15,9621
1514,亞力,59,41,18,富邦-花蓮,2024-01-15,9621
2883,凱基金,17,0,17,富邦-花蓮,2024-01-15,9621
2409,友達,18,1,17,富邦-花蓮,2024-01-15,9621
3339,泰谷,19,2,17,富邦-花蓮,2024-01-15,9621
00900,富邦特選高股息30,21,5,16,富邦-花蓮,2024-01-15,9621
1802,台玻,16,0,16,富邦-花蓮,2024-01-15,9621
2436,偉詮電,16,0,16,富邦-花蓮,2024-01-15,9621
3576,聯合再生,21,6,15,富邦-花蓮,2024-01-15,9621
00927,群益半導體收益,13,0,13,富邦-花蓮,2024-01-15,9621
2882,國泰金,12,0,12,富邦-花蓮,2024-01-15,9621
3499,環天科,12,0,12,富邦-花蓮,2024-01-15,9621
1101,台泥,16,5,11,富邦-花蓮,2024-01-15,9621
2377,微星,11,0,11,富邦-花蓮,2024-01-15,9621
3481,群創,13,2,11,富邦-花蓮,2024-01-15,9621
00918,大華優利高填息30,10,0,10,富邦-花蓮,2024-01-15,9621
00923,群益台ESG低碳50,11,1,10,富邦-花蓮,2024-01-15,9621
1310,台苯,10,0,10,富邦-花蓮,2024-01-15,9621
2634,漢翔,31,21,10,富邦-花蓮,2024-01-15,9621
5347,世界,11,1,10,富邦-花蓮,2024-01-15,9621
5425,台半,12,2,10,富邦-花蓮,2024-01-15,9621
6191,精成科,12,2,10,富邦-花蓮,2024-01-15,9621
2887,台新金,9,0,9,富邦-花蓮,2024-01-15,9621
2382,廣達,130,122,8,富邦-花蓮,2024-01-15,9621
1503,士電,28,20,8,富邦-花蓮,2024-01-15,9621
00693U,期街口S＆P黃豆,8,0,8,富邦-花蓮,2024-01-15,9621
020028,元大特選電動車N,8,0,8,富邦-花蓮,2024-01-15,9621
2498,宏達電,11,3,8,富邦-花蓮,2024-01-15,9621
3265,台星科,8,0,8,富邦-花蓮,2024-01-15,9621
00751B,元大AAA至A公司債,7,0,7,富邦-花蓮,2024-01-15,9621
00933B,國泰10Y+金融債,8,1,7,富邦-花蓮,2024-01-15,9621
00929,復華台灣科技優息,165,36,129,富邦-花蓮,2024-01-16,9621
0056,元大高股息,122,0,122,富邦-花蓮,2024-01-16,9621
00706L,期元大S＆P日圓正2,115,0,115,富邦-花蓮,2024-01-16,9621
8936,國統,100,0,100,富邦-花蓮,2024-01-16,9621
2880,華南金,89,0,89,富邦-花蓮,2024-01-16,9621
00919,群益台灣精選高息,99,13,86,富邦-花蓮,2024-01-16,9621
2883,凱基金,81,5,76,富邦-花蓮,2024-01-16,9621
1314,中石化,69,0,69,富邦-花蓮,2024-01-16,9621
6016,康和證,69,0,69,富邦-花蓮,2024-01-16,9621
00904,新光臺灣半導體30,66,0,66,富邦-花蓮,2024-01-16,9621
00882,中信中國高股息,62,0,62,富邦-花蓮,2024-01-16,9621
00650L,復華香港正2,65,4,61,富邦-花蓮,2024-01-16,9621
00680L,元大美債20正2,72,15,57,富邦-花蓮,2024-01-16,9621
2353,宏��,70,17,53,富邦-花蓮,2024-01-16,9621
3712,永崴投控,52,0,52,富邦-花蓮,2024-01-16,9621
2887,台新金,49,0,49,富邦-花蓮,2024-01-16,9621
00881,國泰台灣5G+,90,47,43,富邦-花蓮,2024-01-16,9621
2882,國泰金,42,0,42,富邦-花蓮,2024-01-16,9621
2610,華航,40,0,40,富邦-花蓮,2024-01-16,9621
2329,華泰,73,41,32,富邦-花蓮,2024-01-16,9621
2547,日勝生,31,0,31,富邦-花蓮,2024-01-16,9621
1101,台泥,28,0,28,富邦-花蓮,2024-01-16,9621
5880,合庫金,28,0,28,富邦-花蓮,2024-01-16,9621
2609,陽明,75,48,27,富邦-花蓮,2024-01-16,9621
3231,緯創,47,20,27,富邦-花蓮,2024-01-16,9621
2337,旺宏,26,1,25,富邦-花蓮,2024-01-16,9621
00753L,中信中國50正2,23,0,23,富邦-花蓮,2024-01-16,9621
00922,國泰台灣領袖50,22,0,22,富邦-花蓮,2024-01-16,9621
6684,安格,52,30,22,富邦-花蓮,2024-01-16,9621
1802,台玻,21,0,21,富邦-花蓮,2024-01-16,9621
1789,神隆,21,0,21,富邦-花蓮,2024-01-16,9621
6282,康舒,26,6,20,富邦-花蓮,2024-01-16,9621
2888,新光金,20,0,20,富邦-花蓮,2024-01-16,9621
020029,元大ESG高股息N,20,0,20,富邦-花蓮,2024-01-16,9621
6244,茂迪,20,0,20,富邦-花蓮,2024-01-16,9621
5351,鈺創,51,32,19,富邦-花蓮,2024-01-16,9621
2890,永豐金,17,0,17,富邦-花蓮,2024-01-16,9621
2498,宏達電,20,3,17,富邦-花蓮,2024-01-16,9621
2834,臺企銀,17,0,17,富邦-花蓮,2024-01-16,9621
1326,台化,16,0,16,富邦-花蓮,2024-01-16,9621
00679B,元大美債20年,16,0,16,富邦-花蓮,2024-01-16,9621
2881,富邦金,16,0,16,富邦-花蓮,2024-01-16,9621
2486,一詮,39,24,15,富邦-花蓮,2024-01-16,9621
00715L,期街口布蘭特正2,16,1,15,富邦-花蓮,2024-01-16,9621
2324,仁寶,35,20,15,富邦-花蓮,2024-01-16,9621
3587,閎康,14,0,14,富邦-花蓮,2024-01-16,9621
2884,玉山金,14,0,14,富邦-花蓮,2024-01-16,9621
2891,中信金,14,0,14,富邦-花蓮,2024-01-16,9621
1503,士電,15,1,14,富邦-花蓮,2024-01-16,9621
1605,華新,14,0,14,富邦-花蓮,2024-01-16,9621
00650L,復華香港正2,276,0,276,富邦-花蓮,2024-01-17,9621
00929,復華台灣科技優息,334,72,262,富邦-花蓮,2024-01-17,9621
0056,元大高股息,209,13,196,富邦-花蓮,2024-01-17,9621
00882,中信中國高股息,191,2,189,富邦-花蓮,2024-01-17,9621
00919,群益台灣精選高息,206,29,177,富邦-花蓮,2024-01-17,9621
2892,第一金,172,2,170,富邦-花蓮,2024-01-17,9621
2303,聯電,173,12,161,富邦-花蓮,2024-01-17,9621
00706L,期元大S＆P日圓正2,124,0,124,富邦-花蓮,2024-01-17,9621
00937B,群益ESG投等債20,75,0,75,富邦-花蓮,2024-01-17,9621
2880,華南金,72,0,72,富邦-花蓮,2024-01-17,9621
2344,華邦電,76,6,70,富邦-花蓮,2024-01-17,9621
1909,榮成,60,0,60,富邦-花蓮,2024-01-17,9621
6016,康和證,52,0,52,富邦-花蓮,2024-01-17,9621
8936,國統,50,0,50,富邦-花蓮,2024-01-17,9621
2486,一詮,66,22,44,富邦-花蓮,2024-01-17,9621
00680L,元大美債20正2,48,5,43,富邦-花蓮,2024-01-17,9621
00770,國泰北美科技,42,0,42,富邦-花蓮,2024-01-17,9621
2882,國泰金,51,11,40,富邦-花蓮,2024-01-17,9621
0050,元大台灣50,40,0,40,富邦-花蓮,2024-01-17,9621
1718,中纖,39,0,39,富邦-花蓮,2024-01-17,9621
1101,台泥,44,5,39,富邦-花蓮,2024-01-17,9621
2886,兆豐金,37,0,37,富邦-花蓮,2024-01-17,9621
2377,微星,50,13,37,富邦-花蓮,2024-01-17,9621
2317,鴻海,40,4,36,富邦-花蓮,2024-01-17,9621
5880,合庫金,36,0,36,富邦-花蓮,2024-01-17,9621
00881,國泰台灣5G+,36,0,36,富邦-花蓮,2024-01-17,9621
1707,葡萄王,35,0,35,富邦-花蓮,2024-01-17,9621
2547,日勝生,33,0,33,富邦-花蓮,2024-01-17,9621
3231,緯創,86,54,32,富邦-花蓮,2024-01-17,9621
2402,毅嘉,30,0,30,富邦-花蓮,2024-01-17,9621
2889,國票金,30,0,30,富邦-花蓮,2024-01-17,9621
00878,國泰永續高股息,76,46,30,富邦-花蓮,2024-01-17,9621
00679B,元大美債20年,30,1,29,富邦-花蓮,2024-01-17,9621
1514,亞力,41,12,29,富邦-花蓮,2024-01-17,9621
1528,恩德,41,12,29,富邦-花蓮,2024-01-17,9621
1301,台塑,27,0,27,富邦-花蓮,2024-01-17,9621
2883,凱基金,27,2,25,富邦-花蓮,2024-01-17,9621
2405,輔信,76,52,24,富邦-花蓮,2024-01-17,9621
1216,統一,25,1,24,富邦-花蓮,2024-01-17,9621
2884,玉山金,23,0,23,富邦-花蓮,2024-01-17,9621
00753L,中信中國50正2,26,3,23,富邦-花蓮,2024-01-17,9621
2887,台新金,22,0,22,富邦-花蓮,2024-01-17,9621
00715L,期街口布蘭特正2,22,0,22,富邦-花蓮,2024-01-17,9621
1609,大亞,22,1,21,富邦-花蓮,2024-01-17,9621
2308,台達電,21,0,21,富邦-花蓮,2024-01-17,9621
2353,宏��,40,20,20,富邦-花蓮,2024-01-17,9621
00935,野村臺灣新科技50,20,0,20,富邦-花蓮,2024-01-17,9621
3312,弘憶股,20,0,20,富邦-花蓮,2024-01-17,9621
5425,台半,22,2,20,富邦-花蓮,2024-01-17,9621
00927,群益半導體收益,40,20,20,富邦-花蓮,2024-01-17,9621
2353,宏��,699,269,430,富邦-花蓮,2024-01-18,9621
2409,友達,294,41,253,富邦-花蓮,2024-01-18,9621
00929,復華台灣科技優息,205,53,152,富邦-花蓮,2024-01-18,9621
00632R,元大台灣50反1,87,0,87,富邦-花蓮,2024-01-18,9621
00919,群益台灣精選高息,88,14,74,富邦-花蓮,2024-01-18,9621
2303,聯電,77,14,63,富邦-花蓮,2024-01-18,9621
1714,和桐,58,0,58,富邦-花蓮,2024-01-18,9621
00882,中信中國高股息,63,18,45,富邦-花蓮,2024-01-18,9621
0056,元大高股息,51,6,45,富邦-花蓮,2024-01-18,9621
00935,野村臺灣新科技50,44,0,44,富邦-花蓮,2024-01-18,9621
00706L,期元大S＆P日圓正2,44,0,44,富邦-花蓮,2024-01-18,9621
00878,國泰永續高股息,49,12,37,富邦-花蓮,2024-01-18,9621
2324,仁寶,39,4,35,富邦-花蓮,2024-01-18,9621
8096,擎亞,44,10,34,富邦-花蓮,2024-01-18,9621
2402,毅嘉,33,0,33,富邦-花蓮,2024-01-18,9621
2467,志聖,32,0,32,富邦-花蓮,2024-01-18,9621
8354,冠好,32,0,32,富邦-花蓮,2024-01-18,9621
00712,復華富時不動產,31,0,31,富邦-花蓮,2024-01-18,9621
00915,凱基優選高股息30,30,0,30,富邦-花蓮,2024-01-18,9621
6122,擎邦,32,2,30,富邦-花蓮,2024-01-18,9621
2882,國泰金,26,0,26,富邦-花蓮,2024-01-18,9621
5426,振發,86,60,26,富邦-花蓮,2024-01-18,9621
2867,三商壽,26,1,25,富邦-花蓮,2024-01-18,9621
00679B,元大美債20年,24,1,23,富邦-花蓮,2024-01-18,9621
2201,裕隆,24,1,23,富邦-花蓮,2024-01-18,9621
2609,陽明,56,34,22,富邦-花蓮,2024-01-18,9621
2883,凱基金,24,2,22,富邦-花蓮,2024-01-18,9621
4960,誠美材,23,1,22,富邦-花蓮,2024-01-18,9621
00927,群益半導體收益,20,0,20,富邦-花蓮,2024-01-18,9621
3231,緯創,78,58,20,富邦-花蓮,2024-01-18,9621
2329,華泰,40,20,20,富邦-花蓮,2024-01-18,9621
2610,華航,29,10,19,富邦-花蓮,2024-01-18,9621
2208,台船,20,1,19,富邦-花蓮,2024-01-18,9621
2887,台新金,19,0,19,富邦-花蓮,2024-01-18,9621
6770,力積電,23,5,18,富邦-花蓮,2024-01-18,9621
00937B,群益ESG投等債20,24,6,18,富邦-花蓮,2024-01-18,9621
4157,太景*-KY,18,0,18,富邦-花蓮,2024-01-18,9621
2891,中信金,23,6,17,富邦-花蓮,2024-01-18,9621
00715L,期街口布蘭特正2,103,87,16,富邦-花蓮,2024-01-18,9621
5347,世界,16,0,16,富邦-花蓮,2024-01-18,9621
2618,長榮航,30,17,13,富邦-花蓮,2024-01-18,9621
00655L,國泰中國A50正2,13,0,13,富邦-花蓮,2024-01-18,9621
00637L,元大滬深300正2,18,5,13,富邦-花蓮,2024-01-18,9621
2634,漢翔,16,4,12,富邦-花蓮,2024-01-18,9621
6684,安格,17,6,11,富邦-花蓮,2024-01-18,9621
8436,大江,11,0,11,富邦-花蓮,2024-01-18,9621
00636,國泰中國A50,10,0,10,富邦-花蓮,2024-01-18,9621
00725B,國泰投資級公司債,10,0,10,富邦-花蓮,2024-01-18,9621
00933B,國泰10Y+金融債,10,0,10,富邦-花蓮,2024-01-18,9621
020029,元大ESG高股息N,10,0,10,富邦-花蓮,2024-01-18,9621
00687B,國泰20年美債,76,0,76,富邦-花蓮,2024-01-19,9621
00720B,元大投資級公司債,69,0,69,富邦-花蓮,2024-01-19,9621
00882,中信中國高股息,69,1,68,富邦-花蓮,2024-01-19,9621
2206,三陽工業,61,2,59,富邦-花蓮,2024-01-19,9621
2618,長榮航,59,5,54,富邦-花蓮,2024-01-19,9621
6770,力積電,61,9,52,富邦-花蓮,2024-01-19,9621
00679B,元大美債20年,43,0,43,富邦-花蓮,2024-01-19,9621
00632R,元大台灣50反1,43,2,41,富邦-花蓮,2024-01-19,9621
00706L,期元大S＆P日圓正2,30,0,30,富邦-花蓮,2024-01-19,9621
00680L,元大美債20正2,29,0,29,富邦-花蓮,2024-01-19,9621
2324,仁寶,59,32,27,富邦-花蓮,2024-01-19,9621
00904,新光臺灣半導體30,25,0,25,富邦-花蓮,2024-01-19,9621
00931B,統一美債20年,25,0,25,富邦-花蓮,2024-01-19,9621
00650L,復華香港正2,62,40,22,富邦-花蓮,2024-01-19,9621
1609,大亞,24,2,22,富邦-花蓮,2024-01-19,9621
3305,昇貿,27,8,19,富邦-花蓮,2024-01-19,9621
1101,台泥,19,1,18,富邦-花蓮,2024-01-19,9621
1514,亞力,21,3,18,富邦-花蓮,2024-01-19,9621
00878,國泰永續高股息,39,24,15,富邦-花蓮,2024-01-19,9621
00795B,中信美國公債20年,15,0,15,富邦-花蓮,2024-01-19,9621
00712,復華富時不動產,27,12,15,富邦-花蓮,2024-01-19,9621
5443,均豪,21,7,14,富邦-花蓮,2024-01-19,9621
2344,華邦電,13,0,13,富邦-花蓮,2024-01-19,9621
1707,葡萄王,14,1,13,富邦-花蓮,2024-01-19,9621
2312,金寶,15,2,13,富邦-花蓮,2024-01-19,9621
2883,凱基金,20,7,13,富邦-花蓮,2024-01-19,9621
8215,明基材,14,1,13,富邦-花蓮,2024-01-19,9621
8936,國統,13,0,13,富邦-花蓮,2024-01-19,9621
2303,聯電,23,11,12,富邦-花蓮,2024-01-19,9621
2610,華航,15,3,12,富邦-花蓮,2024-01-19,9621
6443,元晶,12,0,12,富邦-花蓮,2024-01-19,9621
2637,慧洋-KY,12,0,12,富邦-花蓮,2024-01-19,9621
6116,彩晶,12,0,12,富邦-花蓮,2024-01-19,9621
6139,亞翔,13,2,11,富邦-花蓮,2024-01-19,9621
1303,南亞,11,0,11,富邦-花蓮,2024-01-19,9621
4956,光鋐,39,28,11,富邦-花蓮,2024-01-19,9621
6415,矽力*-KY,12,1,11,富邦-花蓮,2024-01-19,9621
2882,國泰金,11,1,10,富邦-花蓮,2024-01-19,9621
5009,榮剛,10,0,10,富邦-花蓮,2024-01-19,9621
00911,兆豐洲際半導體,10,0,10,富邦-花蓮,2024-01-19,9621
1808,潤隆,10,0,10,富邦-花蓮,2024-01-19,9621
2351,順德,10,0,10,富邦-花蓮,2024-01-19,9621
2436,偉詮電,10,0,10,富邦-花蓮,2024-01-19,9621
5213,亞昕,10,0,10,富邦-花蓮,2024-01-19,9621
6155,鈞寶,26,16,10,富邦-花蓮,2024-01-19,9621
6418,詠昇,10,0,10,富邦-花蓮,2024-01-19,9621
8092,建暐,10,0,10,富邦-花蓮,2024-01-19,9621
8150,南茂,11,2,9,富邦-花蓮,2024-01-19,9621
6285,啟��,13,4,9,富邦-花蓮,2024-01-19,9621
2002,中鋼,19,10,9,富邦-花蓮,2024-01-19,9621
00882,中信中國高股息,104,9,95,富邦-花蓮,2024-01-22,9621
2618,長榮航,78,10,68,富邦-花蓮,2024-01-22,9621
00632R,元大台灣50反1,62,2,60,富邦-花蓮,2024-01-22,9621
00919,群益台灣精選高息,74,19,55,富邦-花蓮,2024-01-22,9621
00937B,群益ESG投等債20,54,0,54,富邦-花蓮,2024-01-22,9621
00664R,國泰臺灣加權反1,50,0,50,富邦-花蓮,2024-01-22,9621
9907,統一實,50,7,43,富邦-花蓮,2024-01-22,9621
00712,復華富時不動產,49,10,39,富邦-花蓮,2024-01-22,9621
00650L,復華香港正2,51,13,38,富邦-花蓮,2024-01-22,9621
2316,楠梓電,38,2,36,富邦-花蓮,2024-01-22,9621
1528,恩德,36,4,32,富邦-花蓮,2024-01-22,9621
6117,迎廣,33,3,30,富邦-花蓮,2024-01-22,9621
00753L,中信中國50正2,30,0,30,富邦-花蓮,2024-01-22,9621
1714,和桐,30,0,30,富邦-花蓮,2024-01-22,9621
1101,台泥,29,0,29,富邦-花蓮,2024-01-22,9621
2609,陽明,45,19,26,富邦-花蓮,2024-01-22,9621
9934,成霖,25,0,25,富邦-花蓮,2024-01-22,9621
2834,臺企銀,23,0,23,富邦-花蓮,2024-01-22,9621
5880,合庫金,22,0,22,富邦-花蓮,2024-01-22,9621
2867,三商壽,21,0,21,富邦-花蓮,2024-01-22,9621
8086,宏捷科,22,1,21,富邦-花蓮,2024-01-22,9621
1707,葡萄王,18,0,18,富邦-花蓮,2024-01-22,9621
1815,富喬,22,4,18,富邦-花蓮,2024-01-22,9621
3059,華晶科,20,2,18,富邦-花蓮,2024-01-22,9621
8059,凱碩,18,0,18,富邦-花蓮,2024-01-22,9621
6120,達運,24,7,17,富邦-花蓮,2024-01-22,9621
2486,一詮,23,6,17,富邦-花蓮,2024-01-22,9621
1216,統一,17,0,17,富邦-花蓮,2024-01-22,9621
6770,力積電,67,50,17,富邦-花蓮,2024-01-22,9621
2317,鴻海,17,0,17,富邦-花蓮,2024-01-22,9621
8064,東捷,17,1,16,富邦-花蓮,2024-01-22,9621
2884,玉山金,16,0,16,富邦-花蓮,2024-01-22,9621
2409,友達,14,0,14,富邦-花蓮,2024-01-22,9621
2354,鴻準,14,0,14,富邦-花蓮,2024-01-22,9621
2610,華航,15,1,14,富邦-花蓮,2024-01-22,9621
3231,緯創,186,173,13,富邦-花蓮,2024-01-22,9621
2809,京城銀,12,0,12,富邦-花蓮,2024-01-22,9621
2515,中工,31,20,11,富邦-花蓮,2024-01-22,9621
1303,南亞,11,1,10,富邦-花蓮,2024-01-22,9621
2002,中鋼,10,0,10,富邦-花蓮,2024-01-22,9621
2883,凱基金,13,3,10,富邦-花蓮,2024-01-22,9621
2369,菱生,12,2,10,富邦-花蓮,2024-01-22,9621
6153,嘉聯益,10,0,10,富邦-花蓮,2024-01-22,9621
2308,台達電,20,10,10,富邦-花蓮,2024-01-22,9621
2313,華通,10,1,9,富邦-花蓮,2024-01-22,9621
2890,永豐金,10,1,9,富邦-花蓮,2024-01-22,9621
2916,滿心,9,0,9,富邦-花蓮,2024-01-22,9621
6139,亞翔,9,0,9,富邦-花蓮,2024-01-22,9621
2363,矽統,48,39,9,富邦-花蓮,2024-01-22,9621
00679B,元大美債20年,8,0,8,富邦-花蓮,2024-01-22,9621
2618,長榮航,102,25,77,富邦-花蓮,2024-01-23,9621
00655L,國泰中國A50正2,60,0,60,富邦-花蓮,2024-01-23,9621
00632R,元大台灣50反1,55,0,55,富邦-花蓮,2024-01-23,9621
2880,華南金,46,1,45,富邦-花蓮,2024-01-23,9621
2884,玉山金,41,0,41,富邦-花蓮,2024-01-23,9621
00882,中信中國高股息,41,4,37,富邦-花蓮,2024-01-23,9621
5426,振發,55,23,32,富邦-花蓮,2024-01-23,9621
9904,寶成,30,0,30,富邦-花蓮,2024-01-23,9621
2609,陽明,32,5,27,富邦-花蓮,2024-01-23,9621
2425,承啟,26,1,25,富邦-花蓮,2024-01-23,9621
3032,偉訓,29,5,24,富邦-花蓮,2024-01-23,9621
1504,東元,30,6,24,富邦-花蓮,2024-01-23,9621
00637L,元大滬深300正2,23,0,23,富邦-花蓮,2024-01-23,9621
8034,榮群,46,25,21,富邦-花蓮,2024-01-23,9621
2890,永豐金,20,0,20,富邦-花蓮,2024-01-23,9621
00933B,國泰10Y+金融債,19,0,19,富邦-花蓮,2024-01-23,9621
2316,楠梓電,16,0,16,富邦-花蓮,2024-01-23,9621
00712,復華富時不動產,15,0,15,富邦-花蓮,2024-01-23,9621
00679B,元大美債20年,14,0,14,富邦-花蓮,2024-01-23,9621
3059,華晶科,35,23,12,富邦-花蓮,2024-01-23,9621
3217,優群,25,13,12,富邦-花蓮,2024-01-23,9621
00927,群益半導體收益,21,10,11,富邦-花蓮,2024-01-23,9621
3339,泰谷,11,0,11,富邦-花蓮,2024-01-23,9621
6698,旭暉應材,11,0,11,富邦-花蓮,2024-01-23,9621
3545,敦泰,16,5,11,富邦-花蓮,2024-01-23,9621
00664R,國泰臺灣加權反1,10,0,10,富邦-花蓮,2024-01-23,9621
1304,台聚,10,0,10,富邦-花蓮,2024-01-23,9621
2323,中環,10,0,10,富邦-花蓮,2024-01-23,9621
2498,宏達電,17,7,10,富邦-花蓮,2024-01-23,9621
6026,福邦證,10,0,10,富邦-花蓮,2024-01-23,9621
2610,華航,17,7,10,富邦-花蓮,2024-01-23,9621
2002,中鋼,9,0,9,富邦-花蓮,2024-01-23,9621
2353,宏��,32,23,9,富邦-花蓮,2024-01-23,9621
00929,復華台灣科技優息,28,19,9,富邦-花蓮,2024-01-23,9621
2324,仁寶,17,8,9,富邦-花蓮,2024-01-23,9621
3694,海華,11,2,9,富邦-花蓮,2024-01-23,9621
2886,兆豐金,9,1,8,富邦-花蓮,2024-01-23,9621
1101,台泥,9,1,8,富邦-花蓮,2024-01-23,9621
2308,台達電,9,1,8,富邦-花蓮,2024-01-23,9621
6695,芯鼎,38,30,8,富邦-花蓮,2024-01-23,9621
00671R,富邦NASDAQ反1,10,3,7,富邦-花蓮,2024-01-23,9621
2485,兆赫,7,0,7,富邦-花蓮,2024-01-23,9621
3029,零壹,10,3,7,富邦-花蓮,2024-01-23,9621
3030,德律,7,0,7,富邦-花蓮,2024-01-23,9621
3499,環天科,7,0,7,富邦-花蓮,2024-01-23,9621
3715,定穎投控,8,1,7,富邦-花蓮,2024-01-23,9621
5225,東科-KY,7,0,7,富邦-花蓮,2024-01-23,9621
4939,亞電,7,0,7,富邦-花蓮,2024-01-23,9621
3576,聯合再生,6,0,6,富邦-花蓮,2024-01-23,9621
00687B,國泰20年美債,8,2,6,富邦-花蓮,2024-01-23,9621
00937B,群益ESG投等債20,294,0,294,富邦-花蓮,2024-01-24,9621
00687B,國泰20年美債,79,0,79,富邦-花蓮,2024-01-24,9621
5521,工信,74,2,72,富邦-花蓮,2024-01-24,9621
00720B,元大投資級公司債,59,0,59,富邦-花蓮,2024-01-24,9621
2365,昆盈,53,0,53,富邦-花蓮,2024-01-24,9621
2409,友達,91,41,50,富邦-花蓮,2024-01-24,9621
6016,康和證,50,2,48,富邦-花蓮,2024-01-24,9621
2886,兆豐金,48,1,47,富邦-花蓮,2024-01-24,9621
1513,中興電,50,6,44,富邦-花蓮,2024-01-24,9621
00637L,元大滬深300正2,44,0,44,富邦-花蓮,2024-01-24,9621
2884,玉山金,43,0,43,富邦-花蓮,2024-01-24,9621
8054,安國,61,21,40,富邦-花蓮,2024-01-24,9621
3231,緯創,375,342,33,富邦-花蓮,2024-01-24,9621
00679B,元大美債20年,30,0,30,富邦-花蓮,2024-01-24,9621
00877,復華中國5G,30,0,30,富邦-花蓮,2024-01-24,9621
9904,寶成,30,0,30,富邦-花蓮,2024-01-24,9621
6237,驊訊,69,39,30,富邦-花蓮,2024-01-24,9621
00929,復華台灣科技優息,41,14,27,富邦-花蓮,2024-01-24,9621
3149,正達,31,5,26,富邦-花蓮,2024-01-24,9621
6116,彩晶,41,17,24,富邦-花蓮,2024-01-24,9621
2883,凱基金,23,0,23,富邦-花蓮,2024-01-24,9621
2916,滿心,22,0,22,富邦-花蓮,2024-01-24,9621
3260,威剛,27,6,21,富邦-花蓮,2024-01-24,9621
00665L,富邦�琤肭磪囓�2,20,0,20,富邦-花蓮,2024-01-24,9621
2014,中鴻,22,2,20,富邦-花蓮,2024-01-24,9621
5202,力新,20,0,20,富邦-花蓮,2024-01-24,9621
5488,松普,20,0,20,富邦-花蓮,2024-01-24,9621
8390,金益鼎,20,0,20,富邦-花蓮,2024-01-24,9621
2344,華邦電,34,14,20,富邦-花蓮,2024-01-24,9621
2324,仁寶,27,8,19,富邦-花蓮,2024-01-24,9621
00922,國泰台灣領袖50,19,0,19,富邦-花蓮,2024-01-24,9621
2618,長榮航,56,40,16,富邦-花蓮,2024-01-24,9621
00715L,期街口布蘭特正2,16,0,16,富邦-花蓮,2024-01-24,9621
3390,旭軟,16,0,16,富邦-花蓮,2024-01-24,9621
1528,恩德,20,5,15,富邦-花蓮,2024-01-24,9621
3312,弘憶股,15,0,15,富邦-花蓮,2024-01-24,9621
2465,麗臺,14,0,14,富邦-花蓮,2024-01-24,9621
4909,新復興,21,7,14,富邦-花蓮,2024-01-24,9621
1905,華紙,23,10,13,富邦-花蓮,2024-01-24,9621
8111,立��,13,0,13,富邦-花蓮,2024-01-24,9621
00680L,元大美債20正2,12,0,12,富邦-花蓮,2024-01-24,9621
00706L,期元大S＆P日圓正2,12,0,12,富邦-花蓮,2024-01-24,9621
1303,南亞,12,0,12,富邦-花蓮,2024-01-24,9621
3380,明泰,31,19,12,富邦-花蓮,2024-01-24,9621
3504,揚明光,13,1,12,富邦-花蓮,2024-01-24,9621
6531,愛普*,13,2,11,富邦-花蓮,2024-01-24,9621
00795B,中信美國公債20年,10,0,10,富邦-花蓮,2024-01-24,9621
00632R,元大台灣50反1,50,40,10,富邦-花蓮,2024-01-24,9621
2108,南帝,10,0,10,富邦-花蓮,2024-01-24,9621
2369,菱生,61,51,10,富邦-花蓮,2024-01-24,9621
00632R,元大台灣50反1,245,0,245,富邦-花蓮,2024-01-25,9621
00929,復華台灣科技優息,128,29,99,富邦-花蓮,2024-01-25,9621
00687B,國泰20年美債,77,1,76,富邦-花蓮,2024-01-25,9621
00655L,國泰中國A50正2,98,35,63,富邦-花蓮,2024-01-25,9621
00937B,群益ESG投等債20,108,50,58,富邦-花蓮,2024-01-25,9621
2356,英業達,104,51,53,富邦-花蓮,2024-01-25,9621
8096,擎亞,73,27,46,富邦-花蓮,2024-01-25,9621
2915,潤泰全,60,23,37,富邦-花蓮,2024-01-25,9621
00651R,復華香港反1,30,0,30,富邦-花蓮,2024-01-25,9621
2421,建準,62,34,28,富邦-花蓮,2024-01-25,9621
2409,友達,26,1,25,富邦-花蓮,2024-01-25,9621
020029,元大ESG高股息N,25,0,25,富邦-花蓮,2024-01-25,9621
3311,閎暉,24,0,24,富邦-花蓮,2024-01-25,9621
6163,華電網,20,0,20,富邦-花蓮,2024-01-25,9621
00931B,統一美債20年,20,0,20,富邦-花蓮,2024-01-25,9621
1528,恩德,21,1,20,富邦-花蓮,2024-01-25,9621
1611,中電,20,0,20,富邦-花蓮,2024-01-25,9621
00795B,中信美國公債20年,19,0,19,富邦-花蓮,2024-01-25,9621
6695,芯鼎,23,4,19,富邦-花蓮,2024-01-25,9621
00696B,富邦美債20年,18,0,18,富邦-花蓮,2024-01-25,9621
00637L,元大滬深300正2,28,11,17,富邦-花蓮,2024-01-25,9621
1471,首利,19,2,17,富邦-花蓮,2024-01-25,9621
6113,亞矽,36,20,16,富邦-花蓮,2024-01-25,9621
2609,陽明,17,3,14,富邦-花蓮,2024-01-25,9621
00922,國泰台灣領袖50,15,1,14,富邦-花蓮,2024-01-25,9621
2460,建通,16,2,14,富邦-花蓮,2024-01-25,9621
6179,亞通,14,0,14,富邦-花蓮,2024-01-25,9621
00752,中信中國50,13,0,13,富邦-花蓮,2024-01-25,9621
3033,威健,14,1,13,富邦-花蓮,2024-01-25,9621
3504,揚明光,13,0,13,富邦-花蓮,2024-01-25,9621
8112,至上,14,1,13,富邦-花蓮,2024-01-25,9621
00720B,元大投資級公司債,12,0,12,富邦-花蓮,2024-01-25,9621
00664R,國泰臺灣加權反1,12,0,12,富邦-花蓮,2024-01-25,9621
2916,滿心,12,0,12,富邦-花蓮,2024-01-25,9621
8064,東捷,13,1,12,富邦-花蓮,2024-01-25,9621
2354,鴻準,11,0,11,富邦-花蓮,2024-01-25,9621
2369,菱生,27,16,11,富邦-花蓮,2024-01-25,9621
2516,新建,11,0,11,富邦-花蓮,2024-01-25,9621
3047,訊舟,13,2,11,富邦-花蓮,2024-01-25,9621
3479,安勤,11,0,11,富邦-花蓮,2024-01-25,9621
4938,和碩,14,3,11,富邦-花蓮,2024-01-25,9621
2615,萬海,13,3,10,富邦-花蓮,2024-01-25,9621
4763,材料-KY,10,0,10,富邦-花蓮,2024-01-25,9621
3630,新鉅科,10,0,10,富邦-花蓮,2024-01-25,9621
4157,太景*-KY,10,0,10,富邦-花蓮,2024-01-25,9621
8054,安國,16,6,10,富邦-花蓮,2024-01-25,9621
3443,創意,14,4,10,富邦-花蓮,2024-01-25,9621
2201,裕隆,11,2,9,富邦-花蓮,2024-01-25,9621
6237,驊訊,25,16,9,富邦-花蓮,2024-01-25,9621
6684,安格,10,1,9,富邦-花蓮,2024-01-25,9621
2303,聯電,159,41,118,富邦-花蓮,2024-01-26,9621
00937B,群益ESG投等債20,131,22,109,富邦-花蓮,2024-01-26,9621
00919,群益台灣精選高息,102,4,98,富邦-花蓮,2024-01-26,9621
00878,國泰永續高股息,80,5,75,富邦-花蓮,2024-01-26,9621
00687B,國泰20年美債,55,0,55,富邦-花蓮,2024-01-26,9621
00929,復華台灣科技優息,86,33,53,富邦-花蓮,2024-01-26,9621
2916,滿心,41,0,41,富邦-花蓮,2024-01-26,9621
2324,仁寶,50,12,38,富邦-花蓮,2024-01-26,9621
2356,英業達,57,21,36,富邦-花蓮,2024-01-26,9621
00632R,元大台灣50反1,48,13,35,富邦-花蓮,2024-01-26,9621
00931B,統一美債20年,42,8,34,富邦-花蓮,2024-01-26,9621
2618,長榮航,39,7,32,富邦-花蓮,2024-01-26,9621
1301,台塑,30,0,30,富邦-花蓮,2024-01-26,9621
3605,宏致,42,12,30,富邦-花蓮,2024-01-26,9621
0056,元大高股息,44,15,29,富邦-花蓮,2024-01-26,9621
2344,華邦電,30,1,29,富邦-花蓮,2024-01-26,9621
2867,三商壽,26,0,26,富邦-花蓮,2024-01-26,9621
5521,工信,50,25,25,富邦-花蓮,2024-01-26,9621
2884,玉山金,24,0,24,富邦-花蓮,2024-01-26,9621
2353,宏��,31,10,21,富邦-花蓮,2024-01-26,9621
00679B,元大美債20年,21,0,21,富邦-花蓮,2024-01-26,9621
6113,亞矽,24,3,21,富邦-花蓮,2024-01-26,9621
3312,弘憶股,20,0,20,富邦-花蓮,2024-01-26,9621
3694,海華,50,31,19,富邦-花蓮,2024-01-26,9621
6290,良維,30,12,18,富邦-花蓮,2024-01-26,9621
00902,中信電池及儲能,17,0,17,富邦-花蓮,2024-01-26,9621
00700,富邦�琤肭磪�,16,0,16,富邦-花蓮,2024-01-26,9621
1611,中電,15,0,15,富邦-花蓮,2024-01-26,9621
8111,立��,21,6,15,富邦-花蓮,2024-01-26,9621
2421,建準,39,25,14,富邦-花蓮,2024-01-26,9621
8936,國統,22,8,14,富邦-花蓮,2024-01-26,9621
5469,瀚宇博,35,22,13,富邦-花蓮,2024-01-26,9621
2637,慧洋-KY,12,0,12,富邦-花蓮,2024-01-26,9621
3030,德律,12,0,12,富邦-花蓮,2024-01-26,9621
3037,欣興,51,39,12,富邦-花蓮,2024-01-26,9621
00753L,中信中國50正2,11,0,11,富邦-花蓮,2024-01-26,9621
3005,神基,15,4,11,富邦-花蓮,2024-01-26,9621
6901,鑽石投資,12,1,11,富邦-花蓮,2024-01-26,9621
00725B,國泰投資級公司債,10,0,10,富邦-花蓮,2024-01-26,9621
00637L,元大滬深300正2,12,2,10,富邦-花蓮,2024-01-26,9621
3499,環天科,10,0,10,富邦-花蓮,2024-01-26,9621
6016,康和證,10,0,10,富邦-花蓮,2024-01-26,9621
6190,萬泰科,10,0,10,富邦-花蓮,2024-01-26,9621
2362,藍天,10,0,10,富邦-花蓮,2024-01-26,9621
8096,擎亞,19,10,9,富邦-花蓮,2024-01-26,9621
2329,華泰,17,8,9,富邦-花蓮,2024-01-26,9621
2460,建通,11,2,9,富邦-花蓮,2024-01-26,9621
4526,東台,9,0,9,富邦-花蓮,2024-01-26,9621
6270,倍微,18,9,9,富邦-花蓮,2024-01-26,9621
6530,創威,9,0,9,富邦-花蓮,2024-01-26,9621
00937B,群益ESG投等債20,128,0,128,富邦-花蓮,2024-01-29,9621
00632R,元大台灣50反1,95,4,91,富邦-花蓮,2024-01-29,9621
2915,潤泰全,74,0,74,富邦-花蓮,2024-01-29,9621
00877,復華中國5G,64,0,64,富邦-花蓮,2024-01-29,9621
2618,長榮航,117,58,59,富邦-花蓮,2024-01-29,9621
2892,第一金,53,0,53,富邦-花蓮,2024-01-29,9621
8936,國統,54,3,51,富邦-花蓮,2024-01-29,9621
00933B,國泰10Y+金融債,46,0,46,富邦-花蓮,2024-01-29,9621
3231,緯創,161,117,44,富邦-花蓮,2024-01-29,9621
9105,泰金寶-DR,41,0,41,富邦-花蓮,2024-01-29,9621
00687B,國泰20年美債,43,2,41,富邦-花蓮,2024-01-29,9621
2303,聯電,38,2,36,富邦-花蓮,2024-01-29,9621
2889,國票金,40,5,35,富邦-花蓮,2024-01-29,9621
00706L,期元大S＆P日圓正2,32,0,32,富邦-花蓮,2024-01-29,9621
1316,上曜,30,0,30,富邦-花蓮,2024-01-29,9621
00679B,元大美債20年,27,0,27,富邦-花蓮,2024-01-29,9621
00931B,統一美債20年,25,0,25,富邦-花蓮,2024-01-29,9621
8096,擎亞,30,8,22,富邦-花蓮,2024-01-29,9621
00902,中信電池及儲能,23,5,18,富邦-花蓮,2024-01-29,9621
2344,華邦電,17,0,17,富邦-花蓮,2024-01-29,9621
4906,正文,18,1,17,富邦-花蓮,2024-01-29,9621
1101,台泥,22,6,16,富邦-花蓮,2024-01-29,9621
1605,華新,15,0,15,富邦-花蓮,2024-01-29,9621
00753L,中信中國50正2,12,0,12,富邦-花蓮,2024-01-29,9621
00664R,國泰臺灣加權反1,12,0,12,富邦-花蓮,2024-01-29,9621
020029,元大ESG高股息N,10,0,10,富邦-花蓮,2024-01-29,9621
2337,旺宏,10,0,10,富邦-花蓮,2024-01-29,9621
2365,昆盈,10,0,10,富邦-花蓮,2024-01-29,9621
3360,尚立,19,9,10,富邦-花蓮,2024-01-29,9621
00673R,期元大S＆P原油反1,9,0,9,富邦-花蓮,2024-01-29,9621
00934,中信成長高股息,10,1,9,富邦-花蓮,2024-01-29,9621
2367,燿華,11,2,9,富邦-花蓮,2024-01-29,9621
2916,滿心,9,0,9,富邦-花蓮,2024-01-29,9621
00891,中信關鍵半導體,16,8,8,富邦-花蓮,2024-01-29,9621
2886,兆豐金,20,12,8,富邦-花蓮,2024-01-29,9621
8210,勤誠,12,5,7,富邦-花蓮,2024-01-29,9621
00892,富邦台灣半導體,7,0,7,富邦-花蓮,2024-01-29,9621
6237,驊訊,12,5,7,富邦-花蓮,2024-01-29,9621
3706,神達,13,6,7,富邦-花蓮,2024-01-29,9621
3339,泰谷,21,15,6,富邦-花蓮,2024-01-29,9621
2537,聯上發,6,0,6,富邦-花蓮,2024-01-29,9621
2611,志信,6,0,6,富邦-花蓮,2024-01-29,9621
2867,三商壽,6,0,6,富邦-花蓮,2024-01-29,9621
6139,亞翔,6,0,6,富邦-花蓮,2024-01-29,9621
6531,愛普*,10,5,5,富邦-花蓮,2024-01-29,9621
2603,長榮,8,3,5,富邦-花蓮,2024-01-29,9621
2609,陽明,17,12,5,富邦-花蓮,2024-01-29,9621
3006,晶豪科,5,0,5,富邦-花蓮,2024-01-29,9621
00680L,元大美債20正2,5,0,5,富邦-花蓮,2024-01-29,9621
00882,中信中國高股息,5,0,5,富邦-花蓮,2024-01-29,9621
00937B,群益ESG投等債20,200,1,199,富邦-花蓮,2024-01-30,9621
2363,矽統,204,23,181,富邦-花蓮,2024-01-30,9621
00655L,國泰中國A50正2,172,4,168,富邦-花蓮,2024-01-30,9621
00673R,期元大S＆P原油反1,116,0,116,富邦-花蓮,2024-01-30,9621
00671R,富邦NASDAQ反1,100,5,95,富邦-花蓮,2024-01-30,9621
9904,寶成,85,6,79,富邦-花蓮,2024-01-30,9621
00632R,元大台灣50反1,100,24,76,富邦-花蓮,2024-01-30,9621
5328,華容,50,0,50,富邦-花蓮,2024-01-30,9621
2353,宏��,50,8,42,富邦-花蓮,2024-01-30,9621
2303,聯電,39,1,38,富邦-花蓮,2024-01-30,9621
00878,國泰永續高股息,50,13,37,富邦-花蓮,2024-01-30,9621
3481,群創,45,9,36,富邦-花蓮,2024-01-30,9621
2421,建準,108,75,33,富邦-花蓮,2024-01-30,9621
6125,廣運,41,8,33,富邦-花蓮,2024-01-30,9621
9919,康那香,31,0,31,富邦-花蓮,2024-01-30,9621
00650L,復華香港正2,30,0,30,富邦-花蓮,2024-01-30,9621
2405,輔信,31,2,29,富邦-花蓮,2024-01-30,9621
2916,滿心,29,0,29,富邦-花蓮,2024-01-30,9621
2515,中工,38,10,28,富邦-花蓮,2024-01-30,9621
1316,上曜,25,0,25,富邦-花蓮,2024-01-30,9621
6179,亞通,25,0,25,富邦-花蓮,2024-01-30,9621
5871,中租-KY,25,1,24,富邦-花蓮,2024-01-30,9621
00679B,元大美債20年,23,0,23,富邦-花蓮,2024-01-30,9621
8112,至上,24,1,23,富邦-花蓮,2024-01-30,9621
1514,亞力,30,8,22,富邦-花蓮,2024-01-30,9621
00753L,中信中國50正2,22,0,22,富邦-花蓮,2024-01-30,9621
1528,恩德,22,0,22,富邦-花蓮,2024-01-30,9621
3312,弘憶股,23,1,22,富邦-花蓮,2024-01-30,9621
1802,台玻,20,0,20,富邦-花蓮,2024-01-30,9621
2431,聯昌,20,0,20,富邦-花蓮,2024-01-30,9621
5907,大洋-KY,20,0,20,富邦-花蓮,2024-01-30,9621
2884,玉山金,17,0,17,富邦-花蓮,2024-01-30,9621
2412,中華電,19,2,17,富邦-花蓮,2024-01-30,9621
2637,慧洋-KY,17,0,17,富邦-花蓮,2024-01-30,9621
00919,群益台灣精選高息,39,23,16,富邦-花蓮,2024-01-30,9621
00637L,元大滬深300正2,20,4,16,富邦-花蓮,2024-01-30,9621
2337,旺宏,16,0,16,富邦-花蓮,2024-01-30,9621
2356,英業達,55,40,15,富邦-花蓮,2024-01-30,9621
00888,永豐台灣ESG,20,5,15,富邦-花蓮,2024-01-30,9621
00933B,國泰10Y+金融債,25,10,15,富邦-花蓮,2024-01-30,9621
2344,華邦電,29,14,15,富邦-花蓮,2024-01-30,9621
3693,營邦,15,1,14,富邦-花蓮,2024-01-30,9621
1504,東元,24,11,13,富邦-花蓮,2024-01-30,9621
6770,力積電,13,0,13,富邦-花蓮,2024-01-30,9621
9105,泰金寶-DR,13,0,13,富邦-花蓮,2024-01-30,9621
2867,三商壽,12,0,12,富邦-花蓮,2024-01-30,9621
1795,美時,13,1,12,富邦-花蓮,2024-01-30,9621
2888,新光金,13,1,12,富邦-花蓮,2024-01-30,9621
3605,宏致,11,0,11,富邦-花蓮,2024-01-30,9621
3694,海華,21,10,11,富邦-花蓮,2024-01-30,9621
00665L,富邦�琤肭磪囓�2,226,35,191,富邦-花蓮,2024-01-31,9621
2888,新光金,141,10,131,富邦-花蓮,2024-01-31,9621
00937B,群益ESG投等債20,93,22,71,富邦-花蓮,2024-01-31,9621
00929,復華台灣科技優息,80,10,70,富邦-花蓮,2024-01-31,9621
5907,大洋-KY,70,0,70,富邦-花蓮,2024-01-31,9621
3287,廣寰科,72,12,60,富邦-花蓮,2024-01-31,9621
2369,菱生,91,33,58,富邦-花蓮,2024-01-31,9621
3231,緯創,195,146,49,富邦-花蓮,2024-01-31,9621
2609,陽明,55,7,48,富邦-花蓮,2024-01-31,9621
2867,三商壽,47,0,47,富邦-花蓮,2024-01-31,9621
2002,中鋼,40,1,39,富邦-花蓮,2024-01-31,9621
6233,旺玖,40,1,39,富邦-花蓮,2024-01-31,9621
00933B,國泰10Y+金融債,33,1,32,富邦-花蓮,2024-01-31,9621
00650L,復華香港正2,40,10,30,富邦-花蓮,2024-01-31,9621
2356,英業達,68,39,29,富邦-花蓮,2024-01-31,9621
8096,擎亞,48,21,27,富邦-花蓮,2024-01-31,9621
2618,長榮航,32,7,25,富邦-花蓮,2024-01-31,9621
00753L,中信中國50正2,34,10,24,富邦-花蓮,2024-01-31,9621
5439,高技,26,2,24,富邦-花蓮,2024-01-31,9621
00688L,國泰20年美債正2,23,0,23,富邦-花蓮,2024-01-31,9621
00679B,元大美債20年,39,17,22,富邦-花蓮,2024-01-31,9621
5521,工信,23,1,22,富邦-花蓮,2024-01-31,9621
6113,亞矽,43,21,22,富邦-花蓮,2024-01-31,9621
6163,華電網,22,0,22,富邦-花蓮,2024-01-31,9621
00877,復華中國5G,22,1,21,富邦-花蓮,2024-01-31,9621
2303,聯電,25,5,20,富邦-花蓮,2024-01-31,9621
1802,台玻,20,0,20,富邦-花蓮,2024-01-31,9621
2916,滿心,20,0,20,富邦-花蓮,2024-01-31,9621
3017,奇鋐,28,9,19,富邦-花蓮,2024-01-31,9621
6695,芯鼎,54,36,18,富邦-花蓮,2024-01-31,9621
3481,群創,49,31,18,富邦-花蓮,2024-01-31,9621
2308,台達電,19,2,17,富邦-花蓮,2024-01-31,9621
00637L,元大滬深300正2,20,3,17,富邦-花蓮,2024-01-31,9621
8112,至上,17,0,17,富邦-花蓮,2024-01-31,9621
00795B,中信美國公債20年,16,0,16,富邦-花蓮,2024-01-31,9621
2421,建準,22,6,16,富邦-花蓮,2024-01-31,9621
00632R,元大台灣50反1,20,5,15,富邦-花蓮,2024-01-31,9621
2330,台積電,16,1,15,富邦-花蓮,2024-01-31,9621
3234,光環,14,0,14,富邦-花蓮,2024-01-31,9621
2883,凱基金,17,4,13,富邦-花蓮,2024-01-31,9621
2461,光群雷,11,0,11,富邦-花蓮,2024-01-31,9621
3694,海華,33,22,11,富邦-花蓮,2024-01-31,9621
6124,業強,15,4,11,富邦-花蓮,2024-01-31,9621
3706,神達,18,8,10,富邦-花蓮,2024-01-31,9621
00882,中信中國高股息,12,2,10,富邦-花蓮,2024-01-31,9621
1605,華新,12,2,10,富邦-花蓮,2024-01-31,9621
2340,台亞,10,0,10,富邦-花蓮,2024-01-31,9621
2498,宏達電,13,3,10,富邦-花蓮,2024-01-31,9621
3033,威健,10,0,10,富邦-花蓮,2024-01-31,9621
5371,中光電,10,0,10,富邦-花蓮,2024-01-31,9621
00665L,富邦�琤肭磪囓�2,139,9,130,富邦-花蓮,2024-02-01,9621
00673R,期元大S＆P原油反1,110,5,105,富邦-花蓮,2024-02-01,9621
00878,國泰永續高股息,82,8,74,富邦-花蓮,2024-02-01,9621
2409,友達,69,1,68,富邦-花蓮,2024-02-01,9621
6233,旺玖,65,0,65,富邦-花蓮,2024-02-01,9621
00712,復華富時不動產,56,0,56,富邦-花蓮,2024-02-01,9621
2369,菱生,52,9,43,富邦-花蓮,2024-02-01,9621
2467,志聖,42,0,42,富邦-花蓮,2024-02-01,9621
4303,信立,50,9,41,富邦-花蓮,2024-02-01,9621
00929,復華台灣科技優息,52,15,37,富邦-花蓮,2024-02-01,9621
2303,聯電,65,30,35,富邦-花蓮,2024-02-01,9621
1532,勤美,30,0,30,富邦-花蓮,2024-02-01,9621
6139,亞翔,32,4,28,富邦-花蓮,2024-02-01,9621
5272,笙科,34,6,28,富邦-花蓮,2024-02-01,9621
2308,台達電,30,3,27,富邦-花蓮,2024-02-01,9621
00882,中信中國高股息,21,0,21,富邦-花蓮,2024-02-01,9621
2527,宏璟,21,0,21,富邦-花蓮,2024-02-01,9621
00905,FT臺灣Smart,20,0,20,富邦-花蓮,2024-02-01,9621
6125,廣運,23,3,20,富邦-花蓮,2024-02-01,9621
3294,英濟,18,0,18,富邦-花蓮,2024-02-01,9621
6695,芯鼎,75,59,16,富邦-花蓮,2024-02-01,9621
1529,樂事綠能,16,0,16,富邦-花蓮,2024-02-01,9621
00679B,元大美債20年,17,1,16,富邦-花蓮,2024-02-01,9621
00933B,國泰10Y+金融債,30,14,16,富邦-花蓮,2024-02-01,9621
4550,長佳,16,0,16,富邦-花蓮,2024-02-01,9621
3706,神達,19,5,14,富邦-花蓮,2024-02-01,9621
3228,金麗科,13,0,13,富邦-花蓮,2024-02-01,9621
2884,玉山金,13,0,13,富邦-花蓮,2024-02-01,9621
00892,富邦台灣半導體,12,0,12,富邦-花蓮,2024-02-01,9621
2916,滿心,12,0,12,富邦-花蓮,2024-02-01,9621
3363,上詮,36,25,11,富邦-花蓮,2024-02-01,9621
3543,州巧,11,0,11,富邦-花蓮,2024-02-01,9621
00637L,元大滬深300正2,10,0,10,富邦-花蓮,2024-02-01,9621
2459,敦吉,10,0,10,富邦-花蓮,2024-02-01,9621
4938,和碩,12,2,10,富邦-花蓮,2024-02-01,9621
5439,高技,10,0,10,富邦-花蓮,2024-02-01,9621
6116,彩晶,10,0,10,富邦-花蓮,2024-02-01,9621
8024,佑華,10,0,10,富邦-花蓮,2024-02-01,9621
8050,廣積,10,0,10,富邦-花蓮,2024-02-01,9621
3545,敦泰,11,2,9,富邦-花蓮,2024-02-01,9621
3047,訊舟,10,1,9,富邦-花蓮,2024-02-01,9621
3051,力特,31,22,9,富邦-花蓮,2024-02-01,9621
6465,威潤,10,1,9,富邦-花蓮,2024-02-01,9621
2382,廣達,31,22,9,富邦-花蓮,2024-02-01,9621
2337,旺宏,9,1,8,富邦-花蓮,2024-02-01,9621
3041,揚智,17,9,8,富邦-花蓮,2024-02-01,9621
4745,合富-KY,8,0,8,富邦-花蓮,2024-02-01,9621
3032,偉訓,23,15,8,富邦-花蓮,2024-02-01,9621
00881,國泰台灣5G+,7,0,7,富邦-花蓮,2024-02-01,9621
2406,國碩,7,0,7,富邦-花蓮,2024-02-01,9621
00933B,國泰10Y+金融債,197,0,197,富邦-花蓮,2024-02-02,9621
00715L,期街口布蘭特正2,166,2,164,富邦-花蓮,2024-02-02,9621
00665L,富邦�琤肭磪囓�2,125,39,86,富邦-花蓮,2024-02-02,9621
1305,華夏,71,0,71,富邦-花蓮,2024-02-02,9621
00929,復華台灣科技優息,74,9,65,富邦-花蓮,2024-02-02,9621
1714,和桐,62,0,62,富邦-花蓮,2024-02-02,9621
6139,亞翔,64,2,62,富邦-花蓮,2024-02-02,9621
3287,廣寰科,48,0,48,富邦-花蓮,2024-02-02,9621
2313,華通,55,7,48,富邦-花蓮,2024-02-02,9621
2353,宏��,50,11,39,富邦-花蓮,2024-02-02,9621
1611,中電,38,0,38,富邦-花蓮,2024-02-02,9621
2609,陽明,53,17,36,富邦-花蓮,2024-02-02,9621
3363,上詮,53,19,34,富邦-花蓮,2024-02-02,9621
5439,高技,34,0,34,富邦-花蓮,2024-02-02,9621
4906,正文,43,12,31,富邦-花蓮,2024-02-02,9621
2303,聯電,36,6,30,富邦-花蓮,2024-02-02,9621
00712,復華富時不動產,29,0,29,富邦-花蓮,2024-02-02,9621
2324,仁寶,37,8,29,富邦-花蓮,2024-02-02,9621
5426,振發,31,5,26,富邦-花蓮,2024-02-02,9621
1815,富喬,25,0,25,富邦-花蓮,2024-02-02,9621
2916,滿心,25,0,25,富邦-花蓮,2024-02-02,9621
3047,訊舟,25,1,24,富邦-花蓮,2024-02-02,9621
00882,中信中國高股息,26,2,24,富邦-花蓮,2024-02-02,9621
00655L,國泰中國A50正2,25,2,23,富邦-花蓮,2024-02-02,9621
2312,金寶,20,0,20,富邦-花蓮,2024-02-02,9621
4714,永捷,20,0,20,富邦-花蓮,2024-02-02,9621
2363,矽統,26,8,18,富邦-花蓮,2024-02-02,9621
00637L,元大滬深300正2,18,0,18,富邦-花蓮,2024-02-02,9621
1514,亞力,45,27,18,富邦-花蓮,2024-02-02,9621
1440,南紡,17,0,17,富邦-花蓮,2024-02-02,9621
2537,聯上發,17,0,17,富邦-花蓮,2024-02-02,9621
5272,笙科,18,1,17,富邦-花蓮,2024-02-02,9621
2317,鴻海,28,12,16,富邦-花蓮,2024-02-02,9621
3228,金麗科,19,3,16,富邦-花蓮,2024-02-02,9621
00650L,復華香港正2,15,0,15,富邦-花蓮,2024-02-02,9621
2603,長榮,22,7,15,富邦-花蓮,2024-02-02,9621
3051,力特,72,57,15,富邦-花蓮,2024-02-02,9621
6125,廣運,20,5,15,富邦-花蓮,2024-02-02,9621
6282,康舒,19,4,15,富邦-花蓮,2024-02-02,9621
6179,亞通,20,6,14,富邦-花蓮,2024-02-02,9621
1316,上曜,14,1,13,富邦-花蓮,2024-02-02,9621
2486,一詮,12,0,12,富邦-花蓮,2024-02-02,9621
1503,士電,44,32,12,富邦-花蓮,2024-02-02,9621
006207,復華滬深,12,0,12,富邦-花蓮,2024-02-02,9621
00891,中信關鍵半導體,14,2,12,富邦-花蓮,2024-02-02,9621
3694,海華,13,1,12,富邦-花蓮,2024-02-02,9621
2891,中信金,11,0,11,富邦-花蓮,2024-02-02,9621
2358,廷鑫,11,0,11,富邦-花蓮,2024-02-02,9621
3312,弘憶股,11,0,11,富邦-花蓮,2024-02-02,9621
1609,大亞,16,5,11,富邦-花蓮,2024-02-02,9621
00929,復華台灣科技優息,187,17,170,富邦-花蓮,2024-02-05,9621
00937B,群益ESG投等債20,213,63,150,富邦-花蓮,2024-02-05,9621
00687B,國泰20年美債,111,3,108,富邦-花蓮,2024-02-05,9621
2303,聯電,91,14,77,富邦-花蓮,2024-02-05,9621
00715L,期街口布蘭特正2,62,1,61,富邦-花蓮,2024-02-05,9621
5521,工信,52,0,52,富邦-花蓮,2024-02-05,9621
00919,群益台灣精選高息,61,10,51,富邦-花蓮,2024-02-05,9621
00712,復華富時不動產,50,0,50,富邦-花蓮,2024-02-05,9621
2329,華泰,51,7,44,富邦-花蓮,2024-02-05,9621
2421,建準,113,69,44,富邦-花蓮,2024-02-05,9621
00680L,元大美債20正2,43,0,43,富邦-花蓮,2024-02-05,9621
1905,華紙,29,0,29,富邦-花蓮,2024-02-05,9621
5443,均豪,23,0,23,富邦-花蓮,2024-02-05,9621
00679B,元大美債20年,21,0,21,富邦-花蓮,2024-02-05,9621
2344,華邦電,22,1,21,富邦-花蓮,2024-02-05,9621
00665L,富邦�琤肭磪囓�2,20,0,20,富邦-花蓮,2024-02-05,9621
2388,威盛,27,9,18,富邦-花蓮,2024-02-05,9621
2453,凌群,17,0,17,富邦-花蓮,2024-02-05,9621
6695,芯鼎,23,6,17,富邦-花蓮,2024-02-05,9621
2634,漢翔,16,0,16,富邦-花蓮,2024-02-05,9621
00891,中信關鍵半導體,16,0,16,富邦-花蓮,2024-02-05,9621
8936,國統,19,3,16,富邦-花蓮,2024-02-05,9621
00795B,中信美國公債20年,15,0,15,富邦-花蓮,2024-02-05,9621
2884,玉山金,14,0,14,富邦-花蓮,2024-02-05,9621
2408,南亞科,17,4,13,富邦-花蓮,2024-02-05,9621
00764B,群益25年美債,13,0,13,富邦-花蓮,2024-02-05,9621
5426,振發,29,16,13,富邦-花蓮,2024-02-05,9621
2889,國票金,13,0,13,富邦-花蓮,2024-02-05,9621
2886,兆豐金,13,1,12,富邦-花蓮,2024-02-05,9621
2352,佳世達,12,1,11,富邦-花蓮,2024-02-05,9621
6269,台郡,11,0,11,富邦-花蓮,2024-02-05,9621
8040,九暘,20,9,11,富邦-花蓮,2024-02-05,9621
6684,安格,18,7,11,富邦-花蓮,2024-02-05,9621
2377,微星,14,3,11,富邦-花蓮,2024-02-05,9621
00642U,期元大S＆P石油,10,0,10,富邦-花蓮,2024-02-05,9621
1102,亞泥,10,0,10,富邦-花蓮,2024-02-05,9621
1718,中纖,10,0,10,富邦-花蓮,2024-02-05,9621
2419,仲琦,10,0,10,富邦-花蓮,2024-02-05,9621
2539,櫻花建,10,0,10,富邦-花蓮,2024-02-05,9621
2597,潤弘,10,0,10,富邦-花蓮,2024-02-05,9621
2888,新光金,10,0,10,富邦-花蓮,2024-02-05,9621
3593,力銘,10,0,10,富邦-花蓮,2024-02-05,9621
8926,台汽電,10,0,10,富邦-花蓮,2024-02-05,9621
2002,中鋼,24,15,9,富邦-花蓮,2024-02-05,9621
2882,國泰金,10,1,9,富邦-花蓮,2024-02-05,9621
1907,永豐餘,9,0,9,富邦-花蓮,2024-02-05,9621
2359,所羅門,9,0,9,富邦-花蓮,2024-02-05,9621
4906,正文,9,0,9,富邦-花蓮,2024-02-05,9621
8086,宏捷科,17,8,9,富邦-花蓮,2024-02-05,9621
2481,強茂,10,2,8,富邦-花蓮,2024-02-05,9621
00687B,國泰20年美債,171,4,167,富邦-花蓮,2024-02-15,9621
00632R,元大台灣50反1,162,5,157,富邦-花蓮,2024-02-15,9621
00937B,群益ESG投等債20,153,5,148,富邦-花蓮,2024-02-15,9621
00680L,元大美債20正2,118,0,118,富邦-花蓮,2024-02-15,9621
00933B,國泰10Y+金融債,109,0,109,富邦-花蓮,2024-02-15,9621
00720B,元大投資級公司債,108,0,108,富邦-花蓮,2024-02-15,9621
00751B,元大AAA至A公司債,107,0,107,富邦-花蓮,2024-02-15,9621
2888,新光金,90,8,82,富邦-花蓮,2024-02-15,9621
2344,華邦電,73,5,68,富邦-花蓮,2024-02-15,9621
00935,野村臺灣新科技50,61,1,60,富邦-花蓮,2024-02-15,9621
00706L,期元大S＆P日圓正2,98,45,53,富邦-花蓮,2024-02-15,9621
00679B,元大美債20年,41,0,41,富邦-花蓮,2024-02-15,9621
00929,復華台灣科技優息,94,60,34,富邦-花蓮,2024-02-15,9621
2615,萬海,56,24,32,富邦-花蓮,2024-02-15,9621
2610,華航,52,21,31,富邦-花蓮,2024-02-15,9621
2409,友達,32,3,29,富邦-花蓮,2024-02-15,9621
2408,南亞科,28,0,28,富邦-花蓮,2024-02-15,9621
1101,台泥,32,4,28,富邦-花蓮,2024-02-15,9621
00712,復華富時不動產,43,16,27,富邦-花蓮,2024-02-15,9621
00696B,富邦美債20年,26,0,26,富邦-花蓮,2024-02-15,9621
1808,潤隆,25,0,25,富邦-花蓮,2024-02-15,9621
1731,美吾華,23,0,23,富邦-花蓮,2024-02-15,9621
2359,所羅門,28,5,23,富邦-花蓮,2024-02-15,9621
8936,國統,31,9,22,富邦-花蓮,2024-02-15,9621
2889,國票金,21,0,21,富邦-花蓮,2024-02-15,9621
2916,滿心,25,4,21,富邦-花蓮,2024-02-15,9621
0061,元大寶滬深,20,0,20,富邦-花蓮,2024-02-15,9621
00671R,富邦NASDAQ反1,20,0,20,富邦-花蓮,2024-02-15,9621
00669R,國泰美國道瓊反1,20,0,20,富邦-花蓮,2024-02-15,9621
00918,大華優利高填息30,30,10,20,富邦-花蓮,2024-02-15,9621
1529,樂事綠能,20,0,20,富邦-花蓮,2024-02-15,9621
3066,李洲,20,0,20,富邦-花蓮,2024-02-15,9621
8121,越峰,20,0,20,富邦-花蓮,2024-02-15,9621
6233,旺玖,20,1,19,富邦-花蓮,2024-02-15,9621
5871,中租-KY,27,8,19,富邦-花蓮,2024-02-15,9621
3481,群創,40,22,18,富邦-花蓮,2024-02-15,9621
5284,jpp-KY,23,5,18,富邦-花蓮,2024-02-15,9621
2337,旺宏,17,1,16,富邦-花蓮,2024-02-15,9621
00688L,國泰20年美債正2,16,0,16,富邦-花蓮,2024-02-15,9621
00665L,富邦�琤肭磪囓�2,15,0,15,富邦-花蓮,2024-02-15,9621
2301,光寶科,17,2,15,富邦-花蓮,2024-02-15,9621
4906,正文,18,3,15,富邦-花蓮,2024-02-15,9621
1605,華新,23,9,14,富邦-花蓮,2024-02-15,9621
6164,華興,17,3,14,富邦-花蓮,2024-02-15,9621
2027,大成鋼,13,0,13,富邦-花蓮,2024-02-15,9621
4303,信立,13,0,13,富邦-花蓮,2024-02-15,9621
4908,前鼎,33,20,13,富邦-花蓮,2024-02-15,9621
00795B,中信美國公債20年,13,0,13,富邦-花蓮,2024-02-15,9621
2881,富邦金,25,13,12,富邦-花蓮,2024-02-15,9621
00772B,中信高評級公司債,12,0,12,富邦-花蓮,2024-02-15,9621
00632R,元大台灣50反1,182,0,182,富邦-花蓮,2024-02-16,9621
00706L,期元大S＆P日圓正2,156,0,156,富邦-花蓮,2024-02-16,9621
00937B,群益ESG投等債20,156,0,156,富邦-花蓮,2024-02-16,9621
5426,振發,166,26,140,富邦-花蓮,2024-02-16,9621
1714,和桐,128,0,128,富邦-花蓮,2024-02-16,9621
5521,工信,137,36,101,富邦-花蓮,2024-02-16,9621
2618,長榮航,101,6,95,富邦-花蓮,2024-02-16,9621
00687B,國泰20年美債,80,0,80,富邦-花蓮,2024-02-16,9621
00933B,國泰10Y+金融債,60,0,60,富邦-花蓮,2024-02-16,9621
00795B,中信美國公債20年,61,1,60,富邦-花蓮,2024-02-16,9621
00679B,元大美債20年,61,3,58,富邦-花蓮,2024-02-16,9621
2882,國泰金,50,5,45,富邦-花蓮,2024-02-16,9621
3231,緯創,94,52,42,富邦-花蓮,2024-02-16,9621
00753L,中信中國50正2,41,3,38,富邦-花蓮,2024-02-16,9621
2888,新光金,38,3,35,富邦-花蓮,2024-02-16,9621
00680L,元大美債20正2,35,0,35,富邦-花蓮,2024-02-16,9621
2382,廣達,75,43,32,富邦-花蓮,2024-02-16,9621
2431,聯昌,30,0,30,富邦-花蓮,2024-02-16,9621
2886,兆豐金,30,0,30,富邦-花蓮,2024-02-16,9621
2916,滿心,29,0,29,富邦-花蓮,2024-02-16,9621
5009,榮剛,22,0,22,富邦-花蓮,2024-02-16,9621
5457,宣德,22,0,22,富邦-花蓮,2024-02-16,9621
2393,億光,23,2,21,富邦-花蓮,2024-02-16,9621
1568,倉佑,20,0,20,富邦-花蓮,2024-02-16,9621
1909,榮成,30,10,20,富邦-花蓮,2024-02-16,9621
00636,國泰中國A50,20,1,19,富邦-花蓮,2024-02-16,9621
2362,藍天,29,10,19,富邦-花蓮,2024-02-16,9621
2065,世豐,18,0,18,富邦-花蓮,2024-02-16,9621
00885,富邦越南,20,2,18,富邦-花蓮,2024-02-16,9621
2303,聯電,27,9,18,富邦-花蓮,2024-02-16,9621
00881,國泰台灣5G+,17,0,17,富邦-花蓮,2024-02-16,9621
1712,興農,16,0,16,富邦-花蓮,2024-02-16,9621
2367,燿華,35,19,16,富邦-花蓮,2024-02-16,9621
5880,合庫金,16,0,16,富邦-花蓮,2024-02-16,9621
00696B,富邦美債20年,14,0,14,富邦-花蓮,2024-02-16,9621
8936,國統,27,14,13,富邦-花蓮,2024-02-16,9621
5272,笙科,18,5,13,富邦-花蓮,2024-02-16,9621
00786B,元大10年IG銀行債,12,0,12,富邦-花蓮,2024-02-16,9621
2331,精英,12,0,12,富邦-花蓮,2024-02-16,9621
4968,立積,17,5,12,富邦-花蓮,2024-02-16,9621
1514,亞力,21,9,12,富邦-花蓮,2024-02-16,9621
00724B,群益投資級金融債,11,0,11,富邦-花蓮,2024-02-16,9621
5309,系統電,11,0,11,富邦-花蓮,2024-02-16,9621
2609,陽明,23,13,10,富邦-花蓮,2024-02-16,9621
00915,凱基優選高股息30,12,2,10,富邦-花蓮,2024-02-16,9621
2317,鴻海,11,1,10,富邦-花蓮,2024-02-16,9621
00764B,群益25年美債,10,0,10,富邦-花蓮,2024-02-16,9621
3202,樺晟,10,0,10,富邦-花蓮,2024-02-16,9621
4908,前鼎,35,25,10,富邦-花蓮,2024-02-16,9621
6684,安格,27,18,9,富邦-花蓮,2024-02-16,9621
00933B,國泰10Y+金融債,184,0,184,富邦-花蓮,2024-02-19,9621
00679B,元大美債20年,170,0,170,富邦-花蓮,2024-02-19,9621
00937B,群益ESG投等債20,148,1,147,富邦-花蓮,2024-02-19,9621
00878,國泰永續高股息,178,76,102,富邦-花蓮,2024-02-19,9621
00900,富邦特選高股息30,100,23,77,富邦-花蓮,2024-02-19,9621
00929,復華台灣科技優息,122,48,74,富邦-花蓮,2024-02-19,9621
00687B,國泰20年美債,73,0,73,富邦-花蓮,2024-02-19,9621
5521,工信,131,66,65,富邦-花蓮,2024-02-19,9621
8110,華東,76,11,65,富邦-花蓮,2024-02-19,9621
1409,新纖,60,8,52,富邦-花蓮,2024-02-19,9621
6274,台燿,50,6,44,富邦-花蓮,2024-02-19,9621
2369,菱生,104,60,44,富邦-花蓮,2024-02-19,9621
4960,誠美材,48,7,41,富邦-花蓮,2024-02-19,9621
00882,中信中國高股息,43,6,37,富邦-花蓮,2024-02-19,9621
1609,大亞,56,24,32,富邦-花蓮,2024-02-19,9621
8064,東捷,38,6,32,富邦-花蓮,2024-02-19,9621
2489,瑞軒,34,2,32,富邦-花蓮,2024-02-19,9621
2353,宏��,63,32,31,富邦-花蓮,2024-02-19,9621
8096,擎亞,59,28,31,富邦-花蓮,2024-02-19,9621
3545,敦泰,30,1,29,富邦-花蓮,2024-02-19,9621
2365,昆盈,112,85,27,富邦-花蓮,2024-02-19,9621
2355,敬鵬,44,18,26,富邦-花蓮,2024-02-19,9621
2329,華泰,74,49,25,富邦-花蓮,2024-02-19,9621
00680L,元大美債20正2,24,0,24,富邦-花蓮,2024-02-19,9621
2352,佳世達,31,7,24,富邦-花蓮,2024-02-19,9621
2382,廣達,28,6,22,富邦-花蓮,2024-02-19,9621
00671R,富邦NASDAQ反1,20,0,20,富邦-花蓮,2024-02-19,9621
00706L,期元大S＆P日圓正2,20,0,20,富邦-花蓮,2024-02-19,9621
1731,美吾華,20,0,20,富邦-花蓮,2024-02-19,9621
2014,中鴻,21,2,19,富邦-花蓮,2024-02-19,9621
3437,榮創,47,28,19,富邦-花蓮,2024-02-19,9621
00919,群益台灣精選高息,87,69,18,富邦-花蓮,2024-02-19,9621
00751B,元大AAA至A公司債,18,0,18,富邦-花蓮,2024-02-19,9621
3006,晶豪科,26,8,18,富邦-花蓮,2024-02-19,9621
1781,合世,28,10,18,富邦-花蓮,2024-02-19,9621
1513,中興電,89,71,18,富邦-花蓮,2024-02-19,9621
00700,富邦�琤肭磪�,15,0,15,富邦-花蓮,2024-02-19,9621
00636,國泰中國A50,15,0,15,富邦-花蓮,2024-02-19,9621
3346,麗清,15,0,15,富邦-花蓮,2024-02-19,9621
3450,聯鈞,46,31,15,富邦-花蓮,2024-02-19,9621
1806,冠軍,21,6,15,富邦-花蓮,2024-02-19,9621
00934,中信成長高股息,20,5,15,富邦-花蓮,2024-02-19,9621
00770,國泰北美科技,14,0,14,富邦-花蓮,2024-02-19,9621
2421,建準,22,8,14,富邦-花蓮,2024-02-19,9621
2303,聯電,18,5,13,富邦-花蓮,2024-02-19,9621
9105,泰金寶-DR,13,0,13,富邦-花蓮,2024-02-19,9621
6462,神盾,12,0,12,富邦-花蓮,2024-02-19,9621
2208,台船,12,0,12,富邦-花蓮,2024-02-19,9621
1316,上曜,15,3,12,富邦-花蓮,2024-02-19,9621
2367,燿華,17,6,11,富邦-花蓮,2024-02-19,9621
4960,誠美材,166,30,136,富邦-花蓮,2024-02-20,9621
5521,工信,123,0,123,富邦-花蓮,2024-02-20,9621
00937B,群益ESG投等債20,121,0,121,富邦-花蓮,2024-02-20,9621
2356,英業達,118,26,92,富邦-花蓮,2024-02-20,9621
00632R,元大台灣50反1,90,0,90,富邦-花蓮,2024-02-20,9621
00933B,國泰10Y+金融債,93,10,83,富邦-花蓮,2024-02-20,9621
00673R,期元大S＆P原油反1,81,0,81,富邦-花蓮,2024-02-20,9621
00664R,國泰臺灣加權反1,80,0,80,富邦-花蓮,2024-02-20,9621
00878,國泰永續高股息,144,69,75,富邦-花蓮,2024-02-20,9621
6140,訊達,73,1,72,富邦-花蓮,2024-02-20,9621
00753L,中信中國50正2,55,0,55,富邦-花蓮,2024-02-20,9621
00891,中信關鍵半導體,59,5,54,富邦-花蓮,2024-02-20,9621
00671R,富邦NASDAQ反1,50,0,50,富邦-花蓮,2024-02-20,9621
00665L,富邦�琤肭磪囓�2,50,0,50,富邦-花蓮,2024-02-20,9621
9103,美德醫療-DR,50,0,50,富邦-花蓮,2024-02-20,9621
3041,揚智,117,68,49,富邦-花蓮,2024-02-20,9621
0050,元大台灣50,50,3,47,富邦-花蓮,2024-02-20,9621
3231,緯創,57,17,40,富邦-花蓮,2024-02-20,9621
6282,康舒,49,11,38,富邦-花蓮,2024-02-20,9621
00679B,元大美債20年,31,0,31,富邦-花蓮,2024-02-20,9621
00680L,元大美債20正2,31,1,30,富邦-花蓮,2024-02-20,9621
3576,聯合再生,30,5,25,富邦-花蓮,2024-02-20,9621
3481,群創,51,26,25,富邦-花蓮,2024-02-20,9621
2489,瑞軒,40,15,25,富邦-花蓮,2024-02-20,9621
5515,建國,24,0,24,富邦-花蓮,2024-02-20,9621
3228,金麗科,24,1,23,富邦-花蓮,2024-02-20,9621
1102,亞泥,30,8,22,富邦-花蓮,2024-02-20,9621
1528,恩德,31,9,22,富邦-花蓮,2024-02-20,9621
2332,友訊,26,4,22,富邦-花蓮,2024-02-20,9621
2457,飛宏,25,3,22,富邦-花蓮,2024-02-20,9621
00882,中信中國高股息,37,16,21,富邦-花蓮,2024-02-20,9621
2610,華航,42,21,21,富邦-花蓮,2024-02-20,9621
3013,晟銘電,21,0,21,富邦-花蓮,2024-02-20,9621
6207,雷科,22,2,20,富邦-花蓮,2024-02-20,9621
2392,正崴,20,0,20,富邦-花蓮,2024-02-20,9621
2516,新建,20,0,20,富邦-花蓮,2024-02-20,9621
2618,長榮航,40,20,20,富邦-花蓮,2024-02-20,9621
5381,合正,23,3,20,富邦-花蓮,2024-02-20,9621
00687B,國泰20年美債,19,0,19,富邦-花蓮,2024-02-20,9621
1785,光洋科,19,0,19,富邦-花蓮,2024-02-20,9621
4543,萬在,22,4,18,富邦-花蓮,2024-02-20,9621
2337,旺宏,17,0,17,富邦-花蓮,2024-02-20,9621
3313,斐成,17,0,17,富邦-花蓮,2024-02-20,9621
00931B,統一美債20年,16,0,16,富邦-花蓮,2024-02-20,9621
2425,承啟,17,1,16,富邦-花蓮,2024-02-20,9621
8096,擎亞,33,17,16,富邦-花蓮,2024-02-20,9621
2889,國票金,20,5,15,富邦-花蓮,2024-02-20,9621
3545,敦泰,37,23,14,富邦-花蓮,2024-02-20,9621
2367,燿華,46,32,14,富邦-花蓮,2024-02-20,9621
3051,力特,43,30,13,富邦-花蓮,2024-02-20,9621
00937B,群益ESG投等債20,203,0,203,富邦-花蓮,2024-02-21,9621
00632R,元大台灣50反1,110,0,110,富邦-花蓮,2024-02-21,9621
00933B,國泰10Y+金融債,108,5,103,富邦-花蓮,2024-02-21,9621
2303,聯電,87,4,83,富邦-花蓮,2024-02-21,9621
00878,國泰永續高股息,101,21,80,富邦-花蓮,2024-02-21,9621
3535,晶彩科,71,3,68,富邦-花蓮,2024-02-21,9621
2609,陽明,117,67,50,富邦-花蓮,2024-02-21,9621
5439,高技,46,0,46,富邦-花蓮,2024-02-21,9621
6120,達運,44,0,44,富邦-花蓮,2024-02-21,9621
3481,群創,56,13,43,富邦-花蓮,2024-02-21,9621
1714,和桐,40,0,40,富邦-花蓮,2024-02-21,9621
2880,華南金,40,0,40,富邦-花蓮,2024-02-21,9621
00679B,元大美債20年,38,0,38,富邦-花蓮,2024-02-21,9621
1444,力麗,35,0,35,富邦-花蓮,2024-02-21,9621
3047,訊舟,61,27,34,富邦-花蓮,2024-02-21,9621
00712,復華富時不動產,39,6,33,富邦-花蓮,2024-02-21,9621
4967,十銓,33,3,30,富邦-花蓮,2024-02-21,9621
6282,康舒,62,32,30,富邦-花蓮,2024-02-21,9621
4729,熒茂,36,7,29,富邦-花蓮,2024-02-21,9621
3711,日月光投控,30,3,27,富邦-花蓮,2024-02-21,9621
2888,新光金,30,3,27,富邦-花蓮,2024-02-21,9621
2489,瑞軒,44,19,25,富邦-花蓮,2024-02-21,9621
00680L,元大美債20正2,25,0,25,富邦-花蓮,2024-02-21,9621
1305,華夏,24,0,24,富邦-花蓮,2024-02-21,9621
3027,盛達,31,7,24,富邦-花蓮,2024-02-21,9621
2436,偉詮電,26,3,23,富邦-花蓮,2024-02-21,9621
6173,信昌電,23,0,23,富邦-花蓮,2024-02-21,9621
2324,仁寶,27,5,22,富邦-花蓮,2024-02-21,9621
00929,復華台灣科技優息,138,116,22,富邦-花蓮,2024-02-21,9621
2612,中航,21,0,21,富邦-花蓮,2024-02-21,9621
3545,敦泰,31,10,21,富邦-花蓮,2024-02-21,9621
00706L,期元大S＆P日圓正2,20,0,20,富邦-花蓮,2024-02-21,9621
2417,圓剛,20,0,20,富邦-花蓮,2024-02-21,9621
3057,喬鼎,20,0,20,富邦-花蓮,2024-02-21,9621
3313,斐成,20,0,20,富邦-花蓮,2024-02-21,9621
1905,華紙,20,1,19,富邦-花蓮,2024-02-21,9621
00885,富邦越南,19,0,19,富邦-花蓮,2024-02-21,9621
3450,聯鈞,42,25,17,富邦-花蓮,2024-02-21,9621
1815,富喬,32,15,17,富邦-花蓮,2024-02-21,9621
2851,中再保,17,0,17,富邦-花蓮,2024-02-21,9621
1527,鑽全,16,0,16,富邦-花蓮,2024-02-21,9621
3163,波若威,28,13,15,富邦-花蓮,2024-02-21,9621
9105,泰金寶-DR,55,40,15,富邦-花蓮,2024-02-21,9621
0056,元大高股息,32,17,15,富邦-花蓮,2024-02-21,9621
00915,凱基優選高股息30,18,4,14,富邦-花蓮,2024-02-21,9621
1414,東和,17,3,14,富邦-花蓮,2024-02-21,9621
00919,群益台灣精選高息,52,38,14,富邦-花蓮,2024-02-21,9621
2409,友達,16,3,13,富邦-花蓮,2024-02-21,9621
6233,旺玖,25,12,13,富邦-花蓮,2024-02-21,9621
1319,東陽,12,0,12,富邦-花蓮,2024-02-21,9621
00937B,群益ESG投等債20,131,0,131,富邦-花蓮,2024-02-22,9621
00933B,國泰10Y+金融債,107,11,96,富邦-花蓮,2024-02-22,9621
00753L,中信中國50正2,81,0,81,富邦-花蓮,2024-02-22,9621
00665L,富邦�琤肭磪囓�2,156,76,80,富邦-花蓮,2024-02-22,9621
00878,國泰永續高股息,86,10,76,富邦-花蓮,2024-02-22,9621
3231,緯創,808,742,66,富邦-花蓮,2024-02-22,9621
3221,台嘉碩,70,5,65,富邦-花蓮,2024-02-22,9621
00679B,元大美債20年,67,14,53,富邦-花蓮,2024-02-22,9621
00687B,國泰20年美債,65,15,50,富邦-花蓮,2024-02-22,9621
4960,誠美材,46,0,46,富邦-花蓮,2024-02-22,9621
00918,大華優利高填息30,44,0,44,富邦-花蓮,2024-02-22,9621
1325,恆大,60,25,35,富邦-花蓮,2024-02-22,9621
2880,華南金,32,0,32,富邦-花蓮,2024-02-22,9621
2484,希華,31,0,31,富邦-花蓮,2024-02-22,9621
3481,群創,47,21,26,富邦-花蓮,2024-02-22,9621
4977,眾達-KY,25,0,25,富邦-花蓮,2024-02-22,9621
1316,上曜,54,30,24,富邦-花蓮,2024-02-22,9621
2851,中再保,22,0,22,富邦-花蓮,2024-02-22,9621
6776,展�眥篕�,21,0,21,富邦-花蓮,2024-02-22,9621
2356,英業達,56,35,21,富邦-花蓮,2024-02-22,9621
1513,中興電,56,36,20,富邦-花蓮,2024-02-22,9621
2371,大同,34,14,20,富邦-花蓮,2024-02-22,9621
00795B,中信美國公債20年,18,0,18,富邦-花蓮,2024-02-22,9621
2606,裕民,21,3,18,富邦-花蓮,2024-02-22,9621
6233,旺玖,21,3,18,富邦-花蓮,2024-02-22,9621
2421,建準,61,44,17,富邦-花蓮,2024-02-22,9621
5388,中磊,27,10,17,富邦-花蓮,2024-02-22,9621
2353,宏��,33,17,16,富邦-花蓮,2024-02-22,9621
00936,台新永續高息中小,15,0,15,富邦-花蓮,2024-02-22,9621
6770,力積電,23,8,15,富邦-花蓮,2024-02-22,9621
1514,亞力,38,24,14,富邦-花蓮,2024-02-22,9621
1444,力麗,14,0,14,富邦-花蓮,2024-02-22,9621
1528,恩德,14,1,13,富邦-花蓮,2024-02-22,9621
3044,健鼎,15,2,13,富邦-花蓮,2024-02-22,9621
6139,亞翔,20,8,12,富邦-花蓮,2024-02-22,9621
2388,威盛,16,4,12,富邦-花蓮,2024-02-22,9621
2516,新建,11,0,11,富邦-花蓮,2024-02-22,9621
2916,滿心,11,0,11,富邦-花蓮,2024-02-22,9621
3029,零壹,12,1,11,富邦-花蓮,2024-02-22,9621
3346,麗清,15,4,11,富邦-花蓮,2024-02-22,9621
2329,華泰,111,100,11,富邦-花蓮,2024-02-22,9621
3706,神達,30,19,11,富邦-花蓮,2024-02-22,9621
8105,凌巨,13,3,10,富邦-花蓮,2024-02-22,9621
5443,均豪,18,8,10,富邦-花蓮,2024-02-22,9621
00645,富邦日本,10,0,10,富邦-花蓮,2024-02-22,9621
00664R,國泰臺灣加權反1,10,0,10,富邦-花蓮,2024-02-22,9621
1447,力鵬,10,0,10,富邦-花蓮,2024-02-22,9621
1460,宏遠,10,0,10,富邦-花蓮,2024-02-22,9621
1905,華紙,10,0,10,富邦-花蓮,2024-02-22,9621
2352,佳世達,14,4,10,富邦-花蓮,2024-02-22,9621
00919,群益台灣精選高息,238,75,163,富邦-花蓮,2024-02-23,9621
2884,玉山金,161,5,156,富邦-花蓮,2024-02-23,9621
00679B,元大美債20年,117,15,102,富邦-花蓮,2024-02-23,9621
00632R,元大台灣50反1,77,0,77,富邦-花蓮,2024-02-23,9621
00933B,國泰10Y+金融債,58,0,58,富邦-花蓮,2024-02-23,9621
5488,松普,50,0,50,富邦-花蓮,2024-02-23,9621
2408,南亞科,45,3,42,富邦-花蓮,2024-02-23,9621
5521,工信,74,32,42,富邦-花蓮,2024-02-23,9621
1802,台玻,40,0,40,富邦-花蓮,2024-02-23,9621
2888,新光金,44,5,39,富邦-花蓮,2024-02-23,9621
2303,聯電,47,13,34,富邦-花蓮,2024-02-23,9621
2489,瑞軒,37,3,34,富邦-花蓮,2024-02-23,9621
3231,緯創,257,226,31,富邦-花蓮,2024-02-23,9621
4402,郡都開發,28,0,28,富邦-花蓮,2024-02-23,9621
00915,凱基優選高股息30,27,0,27,富邦-花蓮,2024-02-23,9621
4960,誠美材,27,0,27,富邦-花蓮,2024-02-23,9621
6776,展�眥篕�,27,0,27,富邦-花蓮,2024-02-23,9621
3596,智易,29,2,27,富邦-花蓮,2024-02-23,9621
2356,英業達,68,42,26,富邦-花蓮,2024-02-23,9621
00891,中信關鍵半導體,24,0,24,富邦-花蓮,2024-02-23,9621
2313,華通,131,108,23,富邦-花蓮,2024-02-23,9621
00937B,群益ESG投等債20,23,0,23,富邦-花蓮,2024-02-23,9621
2516,新建,22,0,22,富邦-花蓮,2024-02-23,9621
3712,永崴投控,44,23,21,富邦-花蓮,2024-02-23,9621
4977,眾達-KY,22,1,21,富邦-花蓮,2024-02-23,9621
2329,華泰,76,56,20,富邦-花蓮,2024-02-23,9621
00665L,富邦�琤肭磪囓�2,31,11,20,富邦-花蓮,2024-02-23,9621
4306,炎洲,20,0,20,富邦-花蓮,2024-02-23,9621
2421,建準,83,64,19,富邦-花蓮,2024-02-23,9621
00795B,中信美國公債20年,19,0,19,富邦-花蓮,2024-02-23,9621
3013,晟銘電,43,25,18,富邦-花蓮,2024-02-23,9621
3645,達邁,19,1,18,富邦-花蓮,2024-02-23,9621
5347,世界,17,0,17,富邦-花蓮,2024-02-23,9621
6282,康舒,18,1,17,富邦-花蓮,2024-02-23,9621
2530,華建,16,0,16,富邦-花蓮,2024-02-23,9621
3047,訊舟,29,13,16,富邦-花蓮,2024-02-23,9621
2317,鴻海,18,2,16,富邦-花蓮,2024-02-23,9621
2363,矽統,27,12,15,富邦-花蓮,2024-02-23,9621
00885,富邦越南,15,0,15,富邦-花蓮,2024-02-23,9621
1536,和大,18,3,15,富邦-花蓮,2024-02-23,9621
6120,達運,55,40,15,富邦-花蓮,2024-02-23,9621
1815,富喬,37,22,15,富邦-花蓮,2024-02-23,9621
020028,元大特選電動車N,14,0,14,富邦-花蓮,2024-02-23,9621
2916,滿心,16,2,14,富邦-花蓮,2024-02-23,9621
2890,永豐金,14,0,14,富邦-花蓮,2024-02-23,9621
00687B,國泰20年美債,31,18,13,富邦-花蓮,2024-02-23,9621
3081,聯亞,17,4,13,富邦-花蓮,2024-02-23,9621
00650L,復華香港正2,16,3,13,富邦-花蓮,2024-02-23,9621
2484,希華,33,20,13,富邦-花蓮,2024-02-23,9621
3265,台星科,14,1,13,富邦-花蓮,2024-02-23,9621
00878,國泰永續高股息,261,53,208,富邦-花蓮,2024-02-26,9621
00937B,群益ESG投等債20,181,117,64,富邦-花蓮,2024-02-26,9621
2409,友達,60,0,60,富邦-花蓮,2024-02-26,9621
6152,百一,50,0,50,富邦-花蓮,2024-02-26,9621
00933B,國泰10Y+金融債,61,23,38,富邦-花蓮,2024-02-26,9621
2884,玉山金,59,22,37,富邦-花蓮,2024-02-26,9621
6285,啟��,43,8,35,富邦-花蓮,2024-02-26,9621
2303,聯電,55,21,34,富邦-花蓮,2024-02-26,9621
8040,九暘,45,13,32,富邦-花蓮,2024-02-26,9621
00655L,國泰中國A50正2,31,0,31,富邦-花蓮,2024-02-26,9621
1909,榮成,30,0,30,富邦-花蓮,2024-02-26,9621
9105,泰金寶-DR,50,20,30,富邦-花蓮,2024-02-26,9621
1612,宏泰,29,0,29,富邦-花蓮,2024-02-26,9621
2467,志聖,29,0,29,富邦-花蓮,2024-02-26,9621
2916,滿心,27,0,27,富邦-花蓮,2024-02-26,9621
2605,新興,24,0,24,富邦-花蓮,2024-02-26,9621
4977,眾達-KY,24,0,24,富邦-花蓮,2024-02-26,9621
6257,矽格,26,2,24,富邦-花蓮,2024-02-26,9621
3437,榮創,23,0,23,富邦-花蓮,2024-02-26,9621
3706,神達,33,11,22,富邦-花蓮,2024-02-26,9621
2615,萬海,22,0,22,富邦-花蓮,2024-02-26,9621
2337,旺宏,21,0,21,富邦-花蓮,2024-02-26,9621
2449,京元電子,28,8,20,富邦-花蓮,2024-02-26,9621
00632R,元大台灣50反1,20,0,20,富邦-花蓮,2024-02-26,9621
00923,群益台ESG低碳50,20,0,20,富邦-花蓮,2024-02-26,9621
1449,佳和,20,0,20,富邦-花蓮,2024-02-26,9621
4109,加捷生醫,24,4,20,富邦-花蓮,2024-02-26,9621
4157,太景*-KY,20,0,20,富邦-花蓮,2024-02-26,9621
8110,華東,20,0,20,富邦-花蓮,2024-02-26,9621
2882,國泰金,20,0,20,富邦-花蓮,2024-02-26,9621
2886,兆豐金,20,1,19,富邦-花蓮,2024-02-26,9621
3025,星通,35,16,19,富邦-花蓮,2024-02-26,9621
5608,四維航,17,0,17,富邦-花蓮,2024-02-26,9621
8936,國統,26,10,16,富邦-花蓮,2024-02-26,9621
4526,東台,18,2,16,富邦-花蓮,2024-02-26,9621
2405,輔信,55,40,15,富邦-花蓮,2024-02-26,9621
1529,樂事綠能,32,17,15,富邦-花蓮,2024-02-26,9621
00712,復華富時不動產,15,1,14,富邦-花蓮,2024-02-26,9621
00637L,元大滬深300正2,25,11,14,富邦-花蓮,2024-02-26,9621
2201,裕隆,13,0,13,富邦-花蓮,2024-02-26,9621
3380,明泰,14,1,13,富邦-花蓮,2024-02-26,9621
8048,德勝,13,0,13,富邦-花蓮,2024-02-26,9621
2371,大同,28,16,12,富邦-花蓮,2024-02-26,9621
00679B,元大美債20年,29,17,12,富邦-花蓮,2024-02-26,9621
3055,蔚華科,17,5,12,富邦-花蓮,2024-02-26,9621
2609,陽明,27,15,12,富邦-花蓮,2024-02-26,9621
3221,台嘉碩,14,3,11,富邦-花蓮,2024-02-26,9621
2421,建準,63,52,11,富邦-花蓮,2024-02-26,9621
2412,中華電,11,0,11,富邦-花蓮,2024-02-26,9621
5381,合正,11,0,11,富邦-花蓮,2024-02-26,9621
00937B,群益ESG投等債20,367,5,362,富邦-花蓮,2024-02-27,9621
00878,國泰永續高股息,298,3,295,富邦-花蓮,2024-02-27,9621
1316,上曜,187,74,113,富邦-花蓮,2024-02-27,9621
3437,榮創,115,4,111,富邦-花蓮,2024-02-27,9621
00919,群益台灣精選高息,214,129,85,富邦-花蓮,2024-02-27,9621
1711,永光,82,2,80,富邦-花蓮,2024-02-27,9621
00929,復華台灣科技優息,230,154,76,富邦-花蓮,2024-02-27,9621
00706L,期元大S＆P日圓正2,50,0,50,富邦-花蓮,2024-02-27,9621
2891,中信金,45,1,44,富邦-花蓮,2024-02-27,9621
6139,亞翔,64,23,41,富邦-花蓮,2024-02-27,9621
00680L,元大美債20正2,41,4,37,富邦-花蓮,2024-02-27,9621
2605,新興,41,7,34,富邦-花蓮,2024-02-27,9621
4960,誠美材,40,7,33,富邦-花蓮,2024-02-27,9621
2002,中鋼,36,3,33,富邦-花蓮,2024-02-27,9621
2301,光寶科,48,17,31,富邦-花蓮,2024-02-27,9621
3450,聯鈞,66,35,31,富邦-花蓮,2024-02-27,9621
1447,力鵬,30,0,30,富邦-花蓮,2024-02-27,9621
4513,福裕,30,0,30,富邦-花蓮,2024-02-27,9621
2408,南亞科,39,11,28,富邦-花蓮,2024-02-27,9621
3481,群創,28,0,28,富邦-花蓮,2024-02-27,9621
1303,南亞,28,1,27,富邦-花蓮,2024-02-27,9621
8096,擎亞,43,16,27,富邦-花蓮,2024-02-27,9621
6125,廣運,92,66,26,富邦-花蓮,2024-02-27,9621
00933B,國泰10Y+金融債,30,5,25,富邦-花蓮,2024-02-27,9621
2367,燿華,29,5,24,富邦-花蓮,2024-02-27,9621
3037,欣興,71,48,23,富邦-花蓮,2024-02-27,9621
6168,宏齊,22,0,22,富邦-花蓮,2024-02-27,9621
9945,潤泰新,24,2,22,富邦-花蓮,2024-02-27,9621
2851,中再保,20,0,20,富邦-花蓮,2024-02-27,9621
00671R,富邦NASDAQ反1,20,0,20,富邦-花蓮,2024-02-27,9621
2440,太空梭,20,0,20,富邦-花蓮,2024-02-27,9621
2882,國泰金,35,15,20,富邦-花蓮,2024-02-27,9621
4729,熒茂,20,0,20,富邦-花蓮,2024-02-27,9621
6120,達運,20,0,20,富邦-花蓮,2024-02-27,9621
00637L,元大滬深300正2,23,4,19,富邦-花蓮,2024-02-27,9621
2498,宏達電,31,12,19,富邦-花蓮,2024-02-27,9621
00632R,元大台灣50反1,22,5,17,富邦-花蓮,2024-02-27,9621
00927,群益半導體收益,20,3,17,富邦-花蓮,2024-02-27,9621
1319,東陽,23,7,16,富邦-花蓮,2024-02-27,9621
2892,第一金,16,0,16,富邦-花蓮,2024-02-27,9621
2530,華建,16,0,16,富邦-花蓮,2024-02-27,9621
2812,台中銀,16,0,16,富邦-花蓮,2024-02-27,9621
8046,南電,18,2,16,富邦-花蓮,2024-02-27,9621
2382,廣達,37,22,15,富邦-花蓮,2024-02-27,9621
6122,擎邦,26,11,15,富邦-花蓮,2024-02-27,9621
6233,旺玖,64,50,14,富邦-花蓮,2024-02-27,9621
2409,友達,17,3,14,富邦-花蓮,2024-02-27,9621
00922,國泰台灣領袖50,17,3,14,富邦-花蓮,2024-02-27,9621
2359,所羅門,17,3,14,富邦-花蓮,2024-02-27,9621
2369,菱生,52,38,14,富邦-花蓮,2024-02-27,9621
2820,華票,200,0,200,富邦-花蓮,2024-02-29,9621
00937B,群益ESG投等債20,132,0,132,富邦-花蓮,2024-02-29,9621
00632R,元大台灣50反1,140,35,105,富邦-花蓮,2024-02-29,9621
00919,群益台灣精選高息,123,25,98,富邦-花蓮,2024-02-29,9621
00878,國泰永續高股息,58,3,55,富邦-花蓮,2024-02-29,9621
00706L,期元大S＆P日圓正2,48,0,48,富邦-花蓮,2024-02-29,9621
00687B,國泰20年美債,45,0,45,富邦-花蓮,2024-02-29,9621
00664R,國泰臺灣加權反1,70,25,45,富邦-花蓮,2024-02-29,9621
00935,野村臺灣新科技50,44,0,44,富邦-花蓮,2024-02-29,9621
2605,新興,52,8,44,富邦-花蓮,2024-02-29,9621
3437,榮創,43,0,43,富邦-花蓮,2024-02-29,9621
2883,凱基金,70,27,43,富邦-花蓮,2024-02-29,9621
2329,華泰,52,13,39,富邦-花蓮,2024-02-29,9621
6140,訊達,37,0,37,富邦-花蓮,2024-02-29,9621
2369,菱生,37,2,35,富邦-花蓮,2024-02-29,9621
5521,工信,34,0,34,富邦-花蓮,2024-02-29,9621
6167,久正,36,3,33,富邦-花蓮,2024-02-29,9621
3481,群創,33,2,31,富邦-花蓮,2024-02-29,9621
5452,佶優,44,14,30,富邦-花蓮,2024-02-29,9621
1314,中石化,32,3,29,富邦-花蓮,2024-02-29,9621
1447,力鵬,30,2,28,富邦-花蓮,2024-02-29,9621
1504,東元,34,9,25,富邦-花蓮,2024-02-29,9621
2367,燿華,51,26,25,富邦-花蓮,2024-02-29,9621
2495,普安,31,8,23,富邦-花蓮,2024-02-29,9621
1569,濱川,22,0,22,富邦-花蓮,2024-02-29,9621
3689,湧德,40,18,22,富邦-花蓮,2024-02-29,9621
3231,緯創,222,200,22,富邦-花蓮,2024-02-29,9621
00933B,國泰10Y+金融債,30,9,21,富邦-花蓮,2024-02-29,9621
00712,復華富時不動產,32,11,21,富邦-花蓮,2024-02-29,9621
3207,耀勝,20,0,20,富邦-花蓮,2024-02-29,9621
6152,百一,20,0,20,富邦-花蓮,2024-02-29,9621
8070,長華*,21,1,20,富邦-花蓮,2024-02-29,9621
1611,中電,20,1,19,富邦-花蓮,2024-02-29,9621
6712,長聖,17,0,17,富邦-花蓮,2024-02-29,9621
2317,鴻海,16,1,15,富邦-花蓮,2024-02-29,9621
00693U,期街口S＆P黃豆,15,0,15,富邦-花蓮,2024-02-29,9621
1808,潤隆,15,0,15,富邦-花蓮,2024-02-29,9621
2409,友達,21,7,14,富邦-花蓮,2024-02-29,9621
2230,泰茂,16,2,14,富邦-花蓮,2024-02-29,9621
2353,宏��,23,9,14,富邦-花蓮,2024-02-29,9621
2457,飛宏,15,1,14,富邦-花蓮,2024-02-29,9621
1717,長興,16,3,13,富邦-花蓮,2024-02-29,9621
3189,景碩,16,3,13,富邦-花蓮,2024-02-29,9621
1522,堤維西,37,24,13,富邦-花蓮,2024-02-29,9621
00929,復華台灣科技優息,60,47,13,富邦-花蓮,2024-02-29,9621
6147,頎邦,12,0,12,富邦-花蓮,2024-02-29,9621
8390,金益鼎,13,1,12,富邦-花蓮,2024-02-29,9621
2002,中鋼,17,6,11,富邦-花蓮,2024-02-29,9621
3071,協禧,12,1,11,富邦-花蓮,2024-02-29,9621
3545,敦泰,11,0,11,富邦-花蓮,2024-02-29,9621
00919,群益台灣精選高息,543,25,518,富邦-花蓮,2024-03-01,9621
00937B,群益ESG投等債20,244,0,244,富邦-花蓮,2024-03-01,9621
3437,榮創,159,0,159,富邦-花蓮,2024-03-01,9621
2834,臺企銀,147,0,147,富邦-花蓮,2024-03-01,9621
00922,國泰台灣領袖50,103,0,103,富邦-花蓮,2024-03-01,9621
00929,復華台灣科技優息,160,62,98,富邦-花蓮,2024-03-01,9621
2374,佳能,90,0,90,富邦-花蓮,2024-03-01,9621
00918,大華優利高填息30,66,4,62,富邦-花蓮,2024-03-01,9621
4960,誠美材,53,0,53,富邦-花蓮,2024-03-01,9621
00665L,富邦�琤肭磪囓�2,75,23,52,富邦-花蓮,2024-03-01,9621
00933B,國泰10Y+金融債,42,0,42,富邦-花蓮,2024-03-01,9621
1513,中興電,78,38,40,富邦-花蓮,2024-03-01,9621
00632R,元大台灣50反1,40,2,38,富邦-花蓮,2024-03-01,9621
2369,菱生,37,1,36,富邦-花蓮,2024-03-01,9621
2405,輔信,35,0,35,富邦-花蓮,2024-03-01,9621
4729,熒茂,37,9,28,富邦-花蓮,2024-03-01,9621
2208,台船,28,2,26,富邦-花蓮,2024-03-01,9621
8070,長華*,27,1,26,富邦-花蓮,2024-03-01,9621
1570,力肯,25,0,25,富邦-花蓮,2024-03-01,9621
6770,力積電,29,4,25,富邦-花蓮,2024-03-01,9621
6244,茂迪,23,0,23,富邦-花蓮,2024-03-01,9621
0056,元大高股息,31,10,21,富邦-花蓮,2024-03-01,9621
6125,廣運,90,69,21,富邦-花蓮,2024-03-01,9621
1907,永豐餘,20,0,20,富邦-花蓮,2024-03-01,9621
3321,同泰,20,0,20,富邦-花蓮,2024-03-01,9621
2409,友達,49,30,19,富邦-花蓮,2024-03-01,9621
3712,永崴投控,25,6,19,富邦-花蓮,2024-03-01,9621
2609,陽明,33,15,18,富邦-花蓮,2024-03-01,9621
1731,美吾華,19,2,17,富邦-花蓮,2024-03-01,9621
5457,宣德,17,0,17,富邦-花蓮,2024-03-01,9621
3041,揚智,21,5,16,富邦-花蓮,2024-03-01,9621
6257,矽格,24,8,16,富邦-花蓮,2024-03-01,9621
2421,建準,51,35,16,富邦-花蓮,2024-03-01,9621
4303,信立,17,2,15,富邦-花蓮,2024-03-01,9621
2329,華泰,23,9,14,富邦-花蓮,2024-03-01,9621
1319,東陽,17,3,14,富邦-花蓮,2024-03-01,9621
1618,合機,34,20,14,富邦-花蓮,2024-03-01,9621
3360,尚立,31,17,14,富邦-花蓮,2024-03-01,9621
2495,普安,14,1,13,富邦-花蓮,2024-03-01,9621
6164,華興,13,0,13,富邦-花蓮,2024-03-01,9621
6167,久正,13,0,13,富邦-花蓮,2024-03-01,9621
2002,中鋼,20,8,12,富邦-花蓮,2024-03-01,9621
3708,上緯投控,20,8,12,富邦-花蓮,2024-03-01,9621
2303,聯電,27,15,12,富邦-花蓮,2024-03-01,9621
4745,合富-KY,12,0,12,富邦-花蓮,2024-03-01,9621
6127,九豪,13,1,12,富邦-花蓮,2024-03-01,9621
6284,佳邦,13,1,12,富邦-花蓮,2024-03-01,9621
00687B,國泰20年美債,12,0,12,富邦-花蓮,2024-03-01,9621
2317,鴻海,13,2,11,富邦-花蓮,2024-03-01,9621
00679B,元大美債20年,11,0,11,富邦-花蓮,2024-03-01,9621
1714,和桐,156,0,156,富邦-花蓮,2024-03-04,9621
00937B,群益ESG投等債20,116,10,106,富邦-花蓮,2024-03-04,9621
2609,陽明,122,24,98,富邦-花蓮,2024-03-04,9621
00918,大華優利高填息30,87,0,87,富邦-花蓮,2024-03-04,9621
00919,群益台灣精選高息,179,105,74,富邦-花蓮,2024-03-04,9621
2888,新光金,72,3,69,富邦-花蓮,2024-03-04,9621
00751B,元大AAA至A公司債,65,0,65,富邦-花蓮,2024-03-04,9621
1314,中石化,55,0,55,富邦-花蓮,2024-03-04,9621
00673R,期元大S＆P原油反1,52,0,52,富邦-花蓮,2024-03-04,9621
2206,三陽工業,51,1,50,富邦-花蓮,2024-03-04,9621
3437,榮創,53,10,43,富邦-花蓮,2024-03-04,9621
1589,永冠-KY,66,25,41,富邦-花蓮,2024-03-04,9621
2405,輔信,75,34,41,富邦-花蓮,2024-03-04,9621
8034,榮群,40,0,40,富邦-花蓮,2024-03-04,9621
2641,正德,41,2,39,富邦-花蓮,2024-03-04,9621
00632R,元大台灣50反1,158,121,37,富邦-花蓮,2024-03-04,9621
00927,群益半導體收益,42,6,36,富邦-花蓮,2024-03-04,9621
3231,緯創,306,271,35,富邦-花蓮,2024-03-04,9621
2303,聯電,57,23,34,富邦-花蓮,2024-03-04,9621
00706L,期元大S＆P日圓正2,31,0,31,富邦-花蓮,2024-03-04,9621
9105,泰金寶-DR,51,20,31,富邦-花蓮,2024-03-04,9621
00915,凱基優選高股息30,30,0,30,富邦-花蓮,2024-03-04,9621
6152,百一,30,0,30,富邦-花蓮,2024-03-04,9621
2002,中鋼,41,12,29,富邦-花蓮,2024-03-04,9621
6712,長聖,48,21,27,富邦-花蓮,2024-03-04,9621
1513,中興電,57,31,26,富邦-花蓮,2024-03-04,9621
6179,亞通,24,1,23,富邦-花蓮,2024-03-04,9621
2485,兆赫,31,8,23,富邦-花蓮,2024-03-04,9621
2615,萬海,23,0,23,富邦-花蓮,2024-03-04,9621
1409,新纖,22,0,22,富邦-花蓮,2024-03-04,9621
6127,九豪,24,2,22,富邦-花蓮,2024-03-04,9621
6282,康舒,33,11,22,富邦-花蓮,2024-03-04,9621
6139,亞翔,43,22,21,富邦-花蓮,2024-03-04,9621
6156,松上,25,4,21,富邦-花蓮,2024-03-04,9621
7402,邑錡,29,8,21,富邦-花蓮,2024-03-04,9621
1455,集盛,20,0,20,富邦-花蓮,2024-03-04,9621
1802,台玻,20,0,20,富邦-花蓮,2024-03-04,9621
2328,廣宇,21,1,20,富邦-花蓮,2024-03-04,9621
3014,聯陽,21,1,20,富邦-花蓮,2024-03-04,9621
1339,昭輝,20,1,19,富邦-花蓮,2024-03-04,9621
3605,宏致,20,1,19,富邦-花蓮,2024-03-04,9621
00664R,國泰臺灣加權反1,21,3,18,富邦-花蓮,2024-03-04,9621
6164,華興,20,2,18,富邦-花蓮,2024-03-04,9621
00645,富邦日本,18,1,17,富邦-花蓮,2024-03-04,9621
00882,中信中國高股息,17,0,17,富邦-花蓮,2024-03-04,9621
2316,楠梓電,18,1,17,富邦-花蓮,2024-03-04,9621
5880,合庫金,17,0,17,富邦-花蓮,2024-03-04,9621
1582,信錦,21,5,16,富邦-花蓮,2024-03-04,9621
2324,仁寶,178,163,15,富邦-花蓮,2024-03-04,9621
3051,力特,31,16,15,富邦-花蓮,2024-03-04,9621
1409,新纖,170,18,152,富邦-花蓮,2024-03-05,9621
00918,大華優利高填息30,121,0,121,富邦-花蓮,2024-03-05,9621
2641,正德,103,0,103,富邦-花蓮,2024-03-05,9621
00712,復華富時不動產,94,2,92,富邦-花蓮,2024-03-05,9621
8096,擎亞,89,15,74,富邦-花蓮,2024-03-05,9621
00919,群益台灣精選高息,101,31,70,富邦-花蓮,2024-03-05,9621
2409,友達,67,3,64,富邦-花蓮,2024-03-05,9621
00650L,復華香港正2,62,0,62,富邦-花蓮,2024-03-05,9621
3481,群創,146,89,57,富邦-花蓮,2024-03-05,9621
00937B,群益ESG投等債20,71,21,50,富邦-花蓮,2024-03-05,9621
1909,榮成,50,0,50,富邦-花蓮,2024-03-05,9621
2002,中鋼,53,16,37,富邦-花蓮,2024-03-05,9621
2316,楠梓電,43,7,36,富邦-花蓮,2024-03-05,9621
2888,新光金,38,6,32,富邦-花蓮,2024-03-05,9621
00878,國泰永續高股息,81,50,31,富邦-花蓮,2024-03-05,9621
3041,揚智,33,4,29,富邦-花蓮,2024-03-05,9621
4906,正文,99,70,29,富邦-花蓮,2024-03-05,9621
2451,創見,32,4,28,富邦-花蓮,2024-03-05,9621
5452,佶優,28,0,28,富邦-花蓮,2024-03-05,9621
00915,凱基優選高股息30,38,11,27,富邦-花蓮,2024-03-05,9621
2344,華邦電,33,6,27,富邦-花蓮,2024-03-05,9621
00753L,中信中國50正2,26,0,26,富邦-花蓮,2024-03-05,9621
00891,中信關鍵半導體,31,5,26,富邦-花蓮,2024-03-05,9621
00882,中信中國高股息,24,2,22,富邦-花蓮,2024-03-05,9621
3062,建漢,21,1,20,富邦-花蓮,2024-03-05,9621
2412,中華電,20,0,20,富邦-花蓮,2024-03-05,9621
2601,益航,20,0,20,富邦-花蓮,2024-03-05,9621
6227,茂綸,24,5,19,富邦-花蓮,2024-03-05,9621
00637L,元大滬深300正2,31,13,18,富邦-花蓮,2024-03-05,9621
3372,典範,39,21,18,富邦-花蓮,2024-03-05,9621
4909,新復興,34,16,18,富邦-花蓮,2024-03-05,9621
6163,華電網,22,4,18,富邦-花蓮,2024-03-05,9621
1455,集盛,18,1,17,富邦-花蓮,2024-03-05,9621
2329,華泰,26,9,17,富邦-花蓮,2024-03-05,9621
6147,頎邦,18,1,17,富邦-花蓮,2024-03-05,9621
2605,新興,27,11,16,富邦-花蓮,2024-03-05,9621
2607,榮運,16,0,16,富邦-花蓮,2024-03-05,9621
2419,仲琦,35,20,15,富邦-花蓮,2024-03-05,9621
3010,華立,15,0,15,富邦-花蓮,2024-03-05,9621
3030,德律,15,0,15,富邦-花蓮,2024-03-05,9621
6829,千附精密,17,2,15,富邦-花蓮,2024-03-05,9621
2457,飛宏,24,10,14,富邦-花蓮,2024-03-05,9621
2615,萬海,14,0,14,富邦-花蓮,2024-03-05,9621
6282,康舒,15,1,14,富邦-花蓮,2024-03-05,9621
00902,中信電池及儲能,13,0,13,富邦-花蓮,2024-03-05,9621
2408,南亞科,21,9,12,富邦-花蓮,2024-03-05,9621
00935,野村臺灣新科技50,12,0,12,富邦-花蓮,2024-03-05,9621
00664R,國泰臺灣加權反1,12,0,12,富邦-花蓮,2024-03-05,9621
00904,新光臺灣半導體30,12,0,12,富邦-花蓮,2024-03-05,9621
2355,敬鵬,19,7,12,富邦-花蓮,2024-03-05,9621
00919,群益台灣精選高息,503,27,476,富邦-花蓮,2024-03-06,9621
2845,遠東銀,265,1,264,富邦-花蓮,2024-03-06,9621
1409,新纖,123,5,118,富邦-花蓮,2024-03-06,9621
00918,大華優利高填息30,118,7,111,富邦-花蓮,2024-03-06,9621
3078,僑威,122,21,101,富邦-花蓮,2024-03-06,9621
2329,華泰,113,14,99,富邦-花蓮,2024-03-06,9621
2883,凱基金,110,15,95,富邦-花蓮,2024-03-06,9621
00700,富邦�琤肭磪�,81,1,80,富邦-花蓮,2024-03-06,9621
2408,南亞科,118,41,77,富邦-花蓮,2024-03-06,9621
00632R,元大台灣50反1,57,0,57,富邦-花蓮,2024-03-06,9621
00706L,期元大S＆P日圓正2,51,0,51,富邦-花蓮,2024-03-06,9621
2344,華邦電,50,2,48,富邦-花蓮,2024-03-06,9621
6770,力積電,41,1,40,富邦-花蓮,2024-03-06,9621
00933B,國泰10Y+金融債,59,21,38,富邦-花蓮,2024-03-06,9621
3231,緯創,59,23,36,富邦-花蓮,2024-03-06,9621
2615,萬海,30,1,29,富邦-花蓮,2024-03-06,9621
5309,系統電,32,3,29,富邦-花蓮,2024-03-06,9621
6235,華孚,51,22,29,富邦-花蓮,2024-03-06,9621
4306,炎洲,36,8,28,富邦-花蓮,2024-03-06,9621
3576,聯合再生,30,3,27,富邦-花蓮,2024-03-06,9621
3689,湧德,58,33,25,富邦-花蓮,2024-03-06,9621
2409,友達,24,0,24,富邦-花蓮,2024-03-06,9621
6126,信音,40,17,23,富邦-花蓮,2024-03-06,9621
2363,矽統,27,6,21,富邦-花蓮,2024-03-06,9621
9919,康那香,24,3,21,富邦-花蓮,2024-03-06,9621
1514,亞力,40,20,20,富邦-花蓮,2024-03-06,9621
2516,新建,20,0,20,富邦-花蓮,2024-03-06,9621
8011,台通,34,15,19,富邦-花蓮,2024-03-06,9621
3390,旭軟,21,2,19,富邦-花蓮,2024-03-06,9621
6164,華興,19,0,19,富邦-花蓮,2024-03-06,9621
2353,宏��,18,0,18,富邦-花蓮,2024-03-06,9621
00937B,群益ESG投等債20,59,42,17,富邦-花蓮,2024-03-06,9621
3006,晶豪科,45,28,17,富邦-花蓮,2024-03-06,9621
1316,上曜,87,70,17,富邦-花蓮,2024-03-06,9621
2451,創見,29,12,17,富邦-花蓮,2024-03-06,9621
5388,中磊,18,1,17,富邦-花蓮,2024-03-06,9621
00688L,國泰20年美債正2,17,0,17,富邦-花蓮,2024-03-06,9621
2605,新興,16,0,16,富邦-花蓮,2024-03-06,9621
3526,凡甲,17,1,16,富邦-花蓮,2024-03-06,9621
4960,誠美材,21,5,16,富邦-花蓮,2024-03-06,9621
5515,建國,21,5,16,富邦-花蓮,2024-03-06,9621
8034,榮群,30,14,16,富邦-花蓮,2024-03-06,9621
5426,振發,47,31,16,富邦-花蓮,2024-03-06,9621
1909,榮成,20,5,15,富邦-花蓮,2024-03-06,9621
2495,普安,21,6,15,富邦-花蓮,2024-03-06,9621
3050,鈺德,15,0,15,富邦-花蓮,2024-03-06,9621
6270,倍微,15,0,15,富邦-花蓮,2024-03-06,9621
1301,台塑,15,0,15,富邦-花蓮,2024-03-06,9621
1504,東元,25,11,14,富邦-花蓮,2024-03-06,9621
2355,敬鵬,14,0,14,富邦-花蓮,2024-03-06,9621
00632R,元大台灣50反1,437,91,346,富邦-花蓮,2024-03-07,9621
00919,群益台灣精選高息,352,127,225,富邦-花蓮,2024-03-07,9621
4306,炎洲,176,1,175,富邦-花蓮,2024-03-07,9621
2883,凱基金,211,48,163,富邦-花蓮,2024-03-07,9621
5521,工信,203,54,149,富邦-花蓮,2024-03-07,9621
1714,和桐,110,20,90,富邦-花蓮,2024-03-07,9621
1316,上曜,154,71,83,富邦-花蓮,2024-03-07,9621
3481,群創,127,47,80,富邦-花蓮,2024-03-07,9621
3360,尚立,74,0,74,富邦-花蓮,2024-03-07,9621
00679B,元大美債20年,74,9,65,富邦-花蓮,2024-03-07,9621
1815,富喬,116,56,60,富邦-花蓮,2024-03-07,9621
4960,誠美材,55,0,55,富邦-花蓮,2024-03-07,9621
1102,亞泥,53,0,53,富邦-花蓮,2024-03-07,9621
00687B,國泰20年美債,70,24,46,富邦-花蓮,2024-03-07,9621
00937B,群益ESG投等債20,56,14,42,富邦-花蓮,2024-03-07,9621
3231,緯創,68,27,41,富邦-花蓮,2024-03-07,9621
3694,海華,41,1,40,富邦-花蓮,2024-03-07,9621
00696B,富邦美債20年,50,11,39,富邦-花蓮,2024-03-07,9621
2324,仁寶,42,3,39,富邦-花蓮,2024-03-07,9621
4906,正文,41,5,36,富邦-花蓮,2024-03-07,9621
8096,擎亞,38,3,35,富邦-花蓮,2024-03-07,9621
1314,中石化,37,2,35,富邦-花蓮,2024-03-07,9621
2609,陽明,61,28,33,富邦-花蓮,2024-03-07,9621
00878,國泰永續高股息,158,126,32,富邦-花蓮,2024-03-07,9621
6125,廣運,57,25,32,富邦-花蓮,2024-03-07,9621
00933B,國泰10Y+金融債,32,0,32,富邦-花蓮,2024-03-07,9621
2353,宏��,38,8,30,富邦-花蓮,2024-03-07,9621
1609,大亞,37,7,30,富邦-花蓮,2024-03-07,9621
2605,新興,37,8,29,富邦-花蓮,2024-03-07,9621
00915,凱基優選高股息30,33,6,27,富邦-花蓮,2024-03-07,9621
8011,台通,32,5,27,富邦-花蓮,2024-03-07,9621
5608,四維航,25,0,25,富邦-花蓮,2024-03-07,9621
6179,亞通,35,10,25,富邦-花蓮,2024-03-07,9621
2486,一詮,55,31,24,富邦-花蓮,2024-03-07,9621
6933,AMAX-KY,27,3,24,富邦-花蓮,2024-03-07,9621
3006,晶豪科,49,26,23,富邦-花蓮,2024-03-07,9621
2312,金寶,44,21,23,富邦-花蓮,2024-03-07,9621
8112,至上,69,46,23,富邦-花蓮,2024-03-07,9621
2368,金像電,37,14,23,富邦-花蓮,2024-03-07,9621
00921,兆豐龍頭等權重,24,2,22,富邦-花蓮,2024-03-07,9621
2484,希華,23,1,22,富邦-花蓮,2024-03-07,9621
2313,華通,66,45,21,富邦-花蓮,2024-03-07,9621
1710,東聯,21,0,21,富邦-花蓮,2024-03-07,9621
2618,長榮航,46,25,21,富邦-花蓮,2024-03-07,9621
2316,楠梓電,64,44,20,富邦-花蓮,2024-03-07,9621
006206,元大上證50,20,0,20,富邦-花蓮,2024-03-07,9621
2884,玉山金,30,10,20,富邦-花蓮,2024-03-07,9621
2356,英業達,43,23,20,富邦-花蓮,2024-03-07,9621
1909,榮成,20,1,19,富邦-花蓮,2024-03-07,9621
8110,華東,50,31,19,富邦-花蓮,2024-03-07,9621
00919,群益台灣精選高息,614,283,331,富邦-花蓮,2024-03-08,9621
2845,遠東銀,143,1,142,富邦-花蓮,2024-03-08,9621
5521,工信,126,3,123,富邦-花蓮,2024-03-08,9621
00673R,期元大S＆P原油反1,110,0,110,富邦-花蓮,2024-03-08,9621
00907,永豐優息存股,99,5,94,富邦-花蓮,2024-03-08,9621
2467,志聖,85,0,85,富邦-花蓮,2024-03-08,9621
2329,華泰,109,41,68,富邦-花蓮,2024-03-08,9621
00712,復華富時不動產,54,2,52,富邦-花蓮,2024-03-08,9621
00929,復華台灣科技優息,289,237,52,富邦-花蓮,2024-03-08,9621
2542,興富發,44,0,44,富邦-花蓮,2024-03-08,9621
2609,陽明,78,34,44,富邦-花蓮,2024-03-08,9621
2409,友達,45,1,44,富邦-花蓮,2024-03-08,9621
00927,群益半導體收益,40,2,38,富邦-花蓮,2024-03-08,9621
3006,晶豪科,48,10,38,富邦-花蓮,2024-03-08,9621
4960,誠美材,36,0,36,富邦-花蓮,2024-03-08,9621
2365,昆盈,37,5,32,富邦-花蓮,2024-03-08,9621
2408,南亞科,48,16,32,富邦-花蓮,2024-03-08,9621
1466,聚隆,30,0,30,富邦-花蓮,2024-03-08,9621
2363,矽統,42,12,30,富邦-花蓮,2024-03-08,9621
2929,淘帝-KY,30,0,30,富邦-花蓮,2024-03-08,9621
2883,凱基金,143,114,29,富邦-花蓮,2024-03-08,9621
2317,鴻海,40,12,28,富邦-花蓮,2024-03-08,9621
2611,志信,45,17,28,富邦-花蓮,2024-03-08,9621
1101,台泥,31,5,26,富邦-花蓮,2024-03-08,9621
4543,萬在,44,19,25,富邦-花蓮,2024-03-08,9621
5498,凱崴,35,10,25,富邦-花蓮,2024-03-08,9621
3276,宇環,24,0,24,富邦-花蓮,2024-03-08,9621
2356,英業達,76,53,23,富邦-花蓮,2024-03-08,9621
5347,世界,47,25,22,富邦-花蓮,2024-03-08,9621
8096,擎亞,55,33,22,富邦-花蓮,2024-03-08,9621
00687B,國泰20年美債,22,0,22,富邦-花蓮,2024-03-08,9621
1611,中電,21,0,21,富邦-花蓮,2024-03-08,9621
3540,曜越,25,4,21,富邦-花蓮,2024-03-08,9621
3711,日月光投控,35,15,20,富邦-花蓮,2024-03-08,9621
00632R,元大台灣50反1,74,54,20,富邦-花蓮,2024-03-08,9621
00885,富邦越南,20,0,20,富邦-花蓮,2024-03-08,9621
2417,圓剛,91,71,20,富邦-花蓮,2024-03-08,9621
3094,聯傑,21,1,20,富邦-花蓮,2024-03-08,9621
3437,榮創,22,2,20,富邦-花蓮,2024-03-08,9621
6179,亞通,22,2,20,富邦-花蓮,2024-03-08,9621
2328,廣宇,28,9,19,富邦-花蓮,2024-03-08,9621
2834,臺企銀,70,52,18,富邦-花蓮,2024-03-08,9621
1718,中纖,18,0,18,富邦-花蓮,2024-03-08,9621
2371,大同,26,8,18,富邦-花蓮,2024-03-08,9621
3360,尚立,20,2,18,富邦-花蓮,2024-03-08,9621
2344,華邦電,88,70,18,富邦-花蓮,2024-03-08,9621
2353,宏��,23,6,17,富邦-花蓮,2024-03-08,9621
6126,信音,22,5,17,富邦-花蓮,2024-03-08,9621
00935,野村臺灣新科技50,16,0,16,富邦-花蓮,2024-03-08,9621
2007,燁興,18,2,16,富邦-花蓮,2024-03-08,9621
00919,群益台灣精選高息,311,165,146,富邦-花蓮,2024-03-11,9621
5864,致和證,100,0,100,富邦-花蓮,2024-03-11,9621
00712,復華富時不動產,71,1,70,富邦-花蓮,2024-03-11,9621
1409,新纖,70,0,70,富邦-花蓮,2024-03-11,9621
00937B,群益ESG投等債20,115,49,66,富邦-花蓮,2024-03-11,9621
00935,野村臺灣新科技50,54,0,54,富邦-花蓮,2024-03-11,9621
3576,聯合再生,52,1,51,富邦-花蓮,2024-03-11,9621
6426,統新,42,0,42,富邦-花蓮,2024-03-11,9621
2610,華航,44,3,41,富邦-花蓮,2024-03-11,9621
2356,英業達,53,14,39,富邦-花蓮,2024-03-11,9621
3360,尚立,48,9,39,富邦-花蓮,2024-03-11,9621
3047,訊舟,37,0,37,富邦-花蓮,2024-03-11,9621
1314,中石化,32,0,32,富邦-花蓮,2024-03-11,9621
3006,晶豪科,33,4,29,富邦-花蓮,2024-03-11,9621
00918,大華優利高填息30,37,8,29,富邦-花蓮,2024-03-11,9621
2365,昆盈,41,12,29,富邦-花蓮,2024-03-11,9621
2330,台積電,34,8,26,富邦-花蓮,2024-03-11,9621
00706L,期元大S＆P日圓正2,28,2,26,富邦-花蓮,2024-03-11,9621
2897,王道銀行,25,0,25,富邦-花蓮,2024-03-11,9621
8930,青鋼,24,0,24,富邦-花蓮,2024-03-11,9621
00882,中信中國高股息,25,3,22,富邦-花蓮,2024-03-11,9621
2344,華邦電,27,6,21,富邦-花蓮,2024-03-11,9621
020029,元大ESG高股息N,20,0,20,富邦-花蓮,2024-03-11,9621
2537,聯上發,20,0,20,富邦-花蓮,2024-03-11,9621
2916,滿心,21,1,20,富邦-花蓮,2024-03-11,9621
5907,大洋-KY,20,0,20,富邦-花蓮,2024-03-11,9621
6125,廣運,25,5,20,富邦-花蓮,2024-03-11,9621
1717,長興,20,2,18,富邦-花蓮,2024-03-11,9621
1815,富喬,23,7,16,富邦-花蓮,2024-03-11,9621
2618,長榮航,37,21,16,富邦-花蓮,2024-03-11,9621
00645,富邦日本,15,0,15,富邦-花蓮,2024-03-11,9621
00915,凱基優選高股息30,28,13,15,富邦-花蓮,2024-03-11,9621
2002,中鋼,16,1,15,富邦-花蓮,2024-03-11,9621
2308,台達電,19,6,13,富邦-花蓮,2024-03-11,9621
00679B,元大美債20年,12,0,12,富邦-花蓮,2024-03-11,9621
00934,中信成長高股息,25,13,12,富邦-花蓮,2024-03-11,9621
6108,競國,12,0,12,富邦-花蓮,2024-03-11,9621
7402,邑錡,13,1,12,富邦-花蓮,2024-03-11,9621
1101,台泥,18,6,12,富邦-花蓮,2024-03-11,9621
2371,大同,11,0,11,富邦-花蓮,2024-03-11,9621
1513,中興電,11,1,10,富邦-花蓮,2024-03-11,9621
2329,華泰,18,8,10,富邦-花蓮,2024-03-11,9621
3264,欣銓,10,0,10,富邦-花蓮,2024-03-11,9621
6026,福邦證,10,0,10,富邦-花蓮,2024-03-11,9621
1301,台塑,10,0,10,富邦-花蓮,2024-03-11,9621
5439,高技,9,0,9,富邦-花蓮,2024-03-11,9621
00636,國泰中國A50,10,1,9,富邦-花蓮,2024-03-11,9621
2538,基泰,10,1,9,富邦-花蓮,2024-03-11,9621
2890,永豐金,20,11,9,富邦-花蓮,2024-03-11,9621
3645,達邁,19,10,9,富邦-花蓮,2024-03-11,9621
00918,大華優利高填息30,252,30,222,富邦-花蓮,2024-03-12,9621
00919,群益台灣精選高息,225,38,187,富邦-花蓮,2024-03-12,9621
00937B,群益ESG投等債20,86,16,70,富邦-花蓮,2024-03-12,9621
00720B,元大投資級公司債,66,0,66,富邦-花蓮,2024-03-12,9621
00922,國泰台灣領袖50,66,6,60,富邦-花蓮,2024-03-12,9621
00632R,元大台灣50反1,57,0,57,富邦-花蓮,2024-03-12,9621
00753L,中信中國50正2,54,2,52,富邦-花蓮,2024-03-12,9621
00882,中信中國高股息,60,10,50,富邦-花蓮,2024-03-12,9621
2344,華邦電,46,0,46,富邦-花蓮,2024-03-12,9621
00664R,國泰臺灣加權反1,35,0,35,富邦-花蓮,2024-03-12,9621
00679B,元大美債20年,31,0,31,富邦-花蓮,2024-03-12,9621
2816,旺旺保,30,0,30,富邦-花蓮,2024-03-12,9621
2352,佳世達,53,24,29,富邦-花蓮,2024-03-12,9621
00927,群益半導體收益,28,0,28,富邦-花蓮,2024-03-12,9621
3231,緯創,190,163,27,富邦-花蓮,2024-03-12,9621
00680L,元大美債20正2,65,40,25,富邦-花蓮,2024-03-12,9621
6806,森崴能源,31,8,23,富邦-花蓮,2024-03-12,9621
00687B,國泰20年美債,23,0,23,富邦-花蓮,2024-03-12,9621
2376,技嘉,32,9,23,富邦-花蓮,2024-03-12,9621
1316,上曜,103,82,21,富邦-花蓮,2024-03-12,9621
00641R,富邦日本反1,20,0,20,富邦-花蓮,2024-03-12,9621
6140,訊達,20,0,20,富邦-花蓮,2024-03-12,9621
8390,金益鼎,20,0,20,富邦-花蓮,2024-03-12,9621
00730,富邦臺灣優質高息,20,1,19,富邦-花蓮,2024-03-12,9621
2014,中鴻,20,1,19,富邦-花蓮,2024-03-12,9621
5521,工信,68,49,19,富邦-花蓮,2024-03-12,9621
2208,台船,20,1,19,富邦-花蓮,2024-03-12,9621
5381,合正,19,1,18,富邦-花蓮,2024-03-12,9621
00915,凱基優選高股息30,68,50,18,富邦-花蓮,2024-03-12,9621
8034,榮群,17,0,17,富邦-花蓮,2024-03-12,9621
2405,輔信,16,0,16,富邦-花蓮,2024-03-12,9621
2409,友達,30,14,16,富邦-花蓮,2024-03-12,9621
1409,新纖,15,0,15,富邦-花蓮,2024-03-12,9621
2324,仁寶,70,55,15,富邦-花蓮,2024-03-12,9621
3489,森寶,15,0,15,富邦-花蓮,2024-03-12,9621
1101,台泥,23,8,15,富邦-花蓮,2024-03-12,9621
2313,華通,67,52,15,富邦-花蓮,2024-03-12,9621
2885,元大金,15,1,14,富邦-花蓮,2024-03-12,9621
4714,永捷,26,12,14,富邦-花蓮,2024-03-12,9621
8936,國統,26,12,14,富邦-花蓮,2024-03-12,9621
00637L,元大滬深300正2,18,5,13,富邦-花蓮,2024-03-12,9621
2355,敬鵬,13,0,13,富邦-花蓮,2024-03-12,9621
2610,華航,19,6,13,富邦-花蓮,2024-03-12,9621
2641,正德,13,0,13,富邦-花蓮,2024-03-12,9621
6168,宏齊,13,0,13,富邦-花蓮,2024-03-12,9621
2408,南亞科,12,0,12,富邦-花蓮,2024-03-12,9621
2406,國碩,13,1,12,富邦-花蓮,2024-03-12,9621
00706L,期元大S＆P日圓正2,12,0,12,富邦-花蓮,2024-03-12,9621
2498,宏達電,20,8,12,富邦-花蓮,2024-03-12,9621
3006,晶豪科,31,20,11,富邦-花蓮,2024-03-12,9621
2897,王道銀行,230,11,219,富邦-花蓮,2024-03-13,9621
2916,滿心,178,0,178,富邦-花蓮,2024-03-13,9621
2002,中鋼,179,7,172,富邦-花蓮,2024-03-13,9621
00937B,群益ESG投等債20,198,34,164,富邦-花蓮,2024-03-13,9621
00933B,國泰10Y+金融債,210,58,152,富邦-花蓮,2024-03-13,9621
00918,大華優利高填息30,182,36,146,富邦-花蓮,2024-03-13,9621
3231,緯創,193,86,107,富邦-花蓮,2024-03-13,9621
00632R,元大台灣50反1,116,16,100,富邦-花蓮,2024-03-13,9621
00671R,富邦NASDAQ反1,100,0,100,富邦-花蓮,2024-03-13,9621
00919,群益台灣精選高息,248,161,87,富邦-花蓮,2024-03-13,9621
00687B,國泰20年美債,84,5,79,富邦-花蓮,2024-03-13,9621
2344,華邦電,77,7,70,富邦-花蓮,2024-03-13,9621
1513,中興電,111,55,56,富邦-花蓮,2024-03-13,9621
6140,訊達,60,8,52,富邦-花蓮,2024-03-13,9621
6282,康舒,51,2,49,富邦-花蓮,2024-03-13,9621
2885,元大金,85,37,48,富邦-花蓮,2024-03-13,9621
2611,志信,63,15,48,富邦-花蓮,2024-03-13,9621
00893,國泰智能電動車,63,17,46,富邦-花蓮,2024-03-13,9621
2610,華航,40,0,40,富邦-花蓮,2024-03-13,9621
1717,長興,35,0,35,富邦-花蓮,2024-03-13,9621
6770,力積電,34,1,33,富邦-花蓮,2024-03-13,9621
2408,南亞科,83,51,32,富邦-花蓮,2024-03-13,9621
6120,達運,32,3,29,富邦-花蓮,2024-03-13,9621
6026,福邦證,29,1,28,富邦-花蓮,2024-03-13,9621
8066,來思達,27,0,27,富邦-花蓮,2024-03-13,9621
00679B,元大美債20年,27,0,27,富邦-花蓮,2024-03-13,9621
2367,燿華,30,4,26,富邦-花蓮,2024-03-13,9621
2845,遠東銀,32,7,25,富邦-花蓮,2024-03-13,9621
6217,中探針,24,0,24,富邦-花蓮,2024-03-13,9621
00927,群益半導體收益,24,1,23,富邦-花蓮,2024-03-13,9621
6167,久正,22,0,22,富邦-花蓮,2024-03-13,9621
3005,神基,52,30,22,富邦-花蓮,2024-03-13,9621
4768,晶呈科技,22,1,21,富邦-花蓮,2024-03-13,9621
6233,旺玖,22,1,21,富邦-花蓮,2024-03-13,9621
00857B,永豐20年美公債,20,0,20,富邦-花蓮,2024-03-13,9621
00915,凱基優選高股息30,24,4,20,富邦-花蓮,2024-03-13,9621
00757,統一FANG+,23,3,20,富邦-花蓮,2024-03-13,9621
1455,集盛,20,0,20,富邦-花蓮,2024-03-13,9621
1467,南緯,20,0,20,富邦-花蓮,2024-03-13,9621
2365,昆盈,26,6,20,富邦-花蓮,2024-03-13,9621
3450,聯鈞,35,15,20,富邦-花蓮,2024-03-13,9621
3706,神達,51,31,20,富邦-花蓮,2024-03-13,9621
2852,第一保,19,0,19,富邦-花蓮,2024-03-13,9621
0056,元大高股息,23,5,18,富邦-花蓮,2024-03-13,9621
00710B,復華彭博非投等債,18,0,18,富邦-花蓮,2024-03-13,9621
6275,元山,40,23,17,富邦-花蓮,2024-03-13,9621
6274,台燿,24,7,17,富邦-花蓮,2024-03-13,9621
2516,新建,16,0,16,富邦-花蓮,2024-03-13,9621
2834,臺企銀,64,48,16,富邦-花蓮,2024-03-13,9621
2376,技嘉,26,10,16,富邦-花蓮,2024-03-13,9621
00919,群益台灣精選高息,602,168,434,富邦-花蓮,2024-03-14,9621
2618,長榮航,227,35,192,富邦-花蓮,2024-03-14,9621
00929,復華台灣科技優息,250,123,127,富邦-花蓮,2024-03-14,9621
00918,大華優利高填息30,141,26,115,富邦-花蓮,2024-03-14,9621
00937B,群益ESG投等債20,108,20,88,富邦-花蓮,2024-03-14,9621
3481,群創,60,0,60,富邦-花蓮,2024-03-14,9621
00915,凱基優選高股息30,61,1,60,富邦-花蓮,2024-03-14,9621
00878,國泰永續高股息,69,10,59,富邦-花蓮,2024-03-14,9621
2888,新光金,56,1,55,富邦-花蓮,2024-03-14,9621
2897,王道銀行,52,1,51,富邦-花蓮,2024-03-14,9621
00673R,期元大S＆P原油反1,50,0,50,富邦-花蓮,2024-03-14,9621
00687B,國泰20年美債,64,14,50,富邦-花蓮,2024-03-14,9621
6191,精成科,42,0,42,富邦-花蓮,2024-03-14,9621
00696B,富邦美債20年,40,0,40,富邦-花蓮,2024-03-14,9621
2812,台中銀,43,4,39,富邦-花蓮,2024-03-14,9621
00720B,元大投資級公司債,42,5,37,富邦-花蓮,2024-03-14,9621
00679B,元大美債20年,35,0,35,富邦-花蓮,2024-03-14,9621
00857B,永豐20年美公債,34,0,34,富邦-花蓮,2024-03-14,9621
00885,富邦越南,33,0,33,富邦-花蓮,2024-03-14,9621
4909,新復興,32,1,31,富邦-花蓮,2024-03-14,9621
5521,工信,34,4,30,富邦-花蓮,2024-03-14,9621
5452,佶優,39,10,29,富邦-花蓮,2024-03-14,9621
1808,潤隆,26,2,24,富邦-花蓮,2024-03-14,9621
00680L,元大美債20正2,23,0,23,富邦-花蓮,2024-03-14,9621
2356,英業達,46,23,23,富邦-花蓮,2024-03-14,9621
8046,南電,20,0,20,富邦-花蓮,2024-03-14,9621
00877,復華中國5G,30,10,20,富邦-花蓮,2024-03-14,9621
2402,毅嘉,20,0,20,富邦-花蓮,2024-03-14,9621
8011,台通,33,13,20,富邦-花蓮,2024-03-14,9621
2308,台達電,23,3,20,富邦-花蓮,2024-03-14,9621
2615,萬海,61,42,19,富邦-花蓮,2024-03-14,9621
1608,華榮,32,15,17,富邦-花蓮,2024-03-14,9621
00933B,國泰10Y+金融債,18,2,16,富邦-花蓮,2024-03-14,9621
2890,永豐金,30,14,16,富邦-花蓮,2024-03-14,9621
1609,大亞,64,48,16,富邦-花蓮,2024-03-14,9621
1449,佳和,15,0,15,富邦-花蓮,2024-03-14,9621
1717,長興,15,0,15,富邦-花蓮,2024-03-14,9621
2852,第一保,15,0,15,富邦-花蓮,2024-03-14,9621
3264,欣銓,15,0,15,富邦-花蓮,2024-03-14,9621
4968,立積,30,15,15,富邦-花蓮,2024-03-14,9621
8105,凌巨,15,0,15,富邦-花蓮,2024-03-14,9621
2408,南亞科,24,11,13,富邦-花蓮,2024-03-14,9621
3356,奇偶,31,18,13,富邦-花蓮,2024-03-14,9621
4958,臻鼎-KY,13,0,13,富邦-花蓮,2024-03-14,9621
3706,神達,39,26,13,富邦-花蓮,2024-03-14,9621
1101,台泥,13,1,12,富邦-花蓮,2024-03-14,9621
3714,富采,12,0,12,富邦-花蓮,2024-03-14,9621
4960,誠美材,12,0,12,富邦-花蓮,2024-03-14,9621
3005,神基,37,25,12,富邦-花蓮,2024-03-14,9621
1301,台塑,12,1,11,富邦-花蓮,2024-03-14,9621
00919,群益台灣精選高息,442,136,306,富邦-花蓮,2024-03-15,9621
00918,大華優利高填息30,236,27,209,富邦-花蓮,2024-03-15,9621
00937B,群益ESG投等債20,291,83,208,富邦-花蓮,2024-03-15,9621
2618,長榮航,245,61,184,富邦-花蓮,2024-03-15,9621
00706L,期元大S＆P日圓正2,120,0,120,富邦-花蓮,2024-03-15,9621
2834,臺企銀,280,161,119,富邦-花蓮,2024-03-15,9621
00941,中信上游半導體,285,171,114,富邦-花蓮,2024-03-15,9621
00915,凱基優選高股息30,107,15,92,富邦-花蓮,2024-03-15,9621
2615,萬海,83,1,82,富邦-花蓮,2024-03-15,9621
2303,聯電,90,8,82,富邦-花蓮,2024-03-15,9621
00929,復華台灣科技優息,101,28,73,富邦-花蓮,2024-03-15,9621
1802,台玻,66,0,66,富邦-花蓮,2024-03-15,9621
00673R,期元大S＆P原油反1,65,0,65,富邦-花蓮,2024-03-15,9621
00712,復華富時不動產,74,14,60,富邦-花蓮,2024-03-15,9621
00687B,國泰20年美債,63,5,58,富邦-花蓮,2024-03-15,9621
2916,滿心,58,0,58,富邦-花蓮,2024-03-15,9621
00891,中信關鍵半導體,56,1,55,富邦-花蓮,2024-03-15,9621
1314,中石化,101,50,51,富邦-花蓮,2024-03-15,9621
3481,群創,125,76,49,富邦-花蓮,2024-03-15,9621
2609,陽明,54,6,48,富邦-花蓮,2024-03-15,9621
6770,力積電,46,1,45,富邦-花蓮,2024-03-15,9621
2603,長榮,58,16,42,富邦-花蓮,2024-03-15,9621
2881,富邦金,41,3,38,富邦-花蓮,2024-03-15,9621
2354,鴻準,68,31,37,富邦-花蓮,2024-03-15,9621
1101,台泥,43,6,37,富邦-花蓮,2024-03-15,9621
2887,台新金,38,6,32,富邦-花蓮,2024-03-15,9621
9904,寶成,31,1,30,富邦-花蓮,2024-03-15,9621
5907,大洋-KY,30,0,30,富邦-花蓮,2024-03-15,9621
2330,台積電,33,4,29,富邦-花蓮,2024-03-15,9621
2542,興富發,29,0,29,富邦-花蓮,2024-03-15,9621
6116,彩晶,31,2,29,富邦-花蓮,2024-03-15,9621
1513,中興電,67,39,28,富邦-花蓮,2024-03-15,9621
00680L,元大美債20正2,31,5,26,富邦-花蓮,2024-03-15,9621
00679B,元大美債20年,34,9,25,富邦-花蓮,2024-03-15,9621
3044,健鼎,27,3,24,富邦-花蓮,2024-03-15,9621
3051,力特,70,46,24,富邦-花蓮,2024-03-15,9621
8011,台通,23,0,23,富邦-花蓮,2024-03-15,9621
2610,華航,29,7,22,富邦-花蓮,2024-03-15,9621
2002,中鋼,24,2,22,富邦-花蓮,2024-03-15,9621
2605,新興,24,2,22,富邦-花蓮,2024-03-15,9621
4714,永捷,36,14,22,富邦-花蓮,2024-03-15,9621
00922,國泰台灣領袖50,21,0,21,富邦-花蓮,2024-03-15,9621
00751B,元大AAA至A公司債,20,0,20,富邦-花蓮,2024-03-15,9621
1710,東聯,20,0,20,富邦-花蓮,2024-03-15,9621
2356,英業達,32,13,19,富邦-花蓮,2024-03-15,9621
2801,彰銀,25,8,17,富邦-花蓮,2024-03-15,9621
3630,新鉅科,17,0,17,富邦-花蓮,2024-03-15,9621
4938,和碩,24,7,17,富邦-花蓮,2024-03-15,9621
7402,邑錡,16,0,16,富邦-花蓮,2024-03-15,9621
1455,集盛,15,0,15,富邦-花蓮,2024-03-15,9621
00919,群益台灣精選高息,254,62,192,富邦-花蓮,2024-03-18,9621
00680L,元大美債20正2,137,0,137,富邦-花蓮,2024-03-18,9621
00673R,期元大S＆P原油反1,120,0,120,富邦-花蓮,2024-03-18,9621
2834,臺企銀,220,108,112,富邦-花蓮,2024-03-18,9621
2892,第一金,87,10,77,富邦-花蓮,2024-03-18,9621
1609,大亞,79,4,75,富邦-花蓮,2024-03-18,9621
00706L,期元大S＆P日圓正2,70,1,69,富邦-花蓮,2024-03-18,9621
00941,中信上游半導體,98,38,60,富邦-花蓮,2024-03-18,9621
00632R,元大台灣50反1,55,0,55,富邦-花蓮,2024-03-18,9621
2916,滿心,56,5,51,富邦-花蓮,2024-03-18,9621
3437,榮創,50,0,50,富邦-花蓮,2024-03-18,9621
00687B,國泰20年美債,50,1,49,富邦-花蓮,2024-03-18,9621
00679B,元大美債20年,37,1,36,富邦-花蓮,2024-03-18,9621
00665L,富邦�琤肭磪囓�2,35,0,35,富邦-花蓮,2024-03-18,9621
1789,神隆,35,0,35,富邦-花蓮,2024-03-18,9621
2609,陽明,41,12,29,富邦-花蓮,2024-03-18,9621
3294,英濟,88,61,27,富邦-花蓮,2024-03-18,9621
3481,群創,83,56,27,富邦-花蓮,2024-03-18,9621
2883,凱基金,115,88,27,富邦-花蓮,2024-03-18,9621
2449,京元電子,275,249,26,富邦-花蓮,2024-03-18,9621
00753L,中信中國50正2,31,5,26,富邦-花蓮,2024-03-18,9621
8096,擎亞,39,14,25,富邦-花蓮,2024-03-18,9621
2303,聯電,72,48,24,富邦-花蓮,2024-03-18,9621
2356,英業達,33,11,22,富邦-花蓮,2024-03-18,9621
1710,東聯,22,0,22,富邦-花蓮,2024-03-18,9621
00915,凱基優選高股息30,25,4,21,富邦-花蓮,2024-03-18,9621
8105,凌巨,21,0,21,富邦-花蓮,2024-03-18,9621
00918,大華優利高填息30,22,2,20,富邦-花蓮,2024-03-18,9621
6223,旺矽,28,8,20,富邦-花蓮,2024-03-18,9621
8066,來思達,20,0,20,富邦-花蓮,2024-03-18,9621
2498,宏達電,20,1,19,富邦-花蓮,2024-03-18,9621
2610,華航,21,2,19,富邦-花蓮,2024-03-18,9621
2618,長榮航,29,11,18,富邦-花蓮,2024-03-18,9621
2885,元大金,25,7,18,富邦-花蓮,2024-03-18,9621
2851,中再保,18,0,18,富邦-花蓮,2024-03-18,9621
8054,安國,21,3,18,富邦-花蓮,2024-03-18,9621
1514,亞力,52,34,18,富邦-花蓮,2024-03-18,9621
00795B,中信美國公債20年,17,0,17,富邦-花蓮,2024-03-18,9621
6140,訊達,15,0,15,富邦-花蓮,2024-03-18,9621
2888,新光金,17,3,14,富邦-花蓮,2024-03-18,9621
2337,旺宏,16,3,13,富邦-花蓮,2024-03-18,9621
00751B,元大AAA至A公司債,13,0,13,富邦-花蓮,2024-03-18,9621
8011,台通,30,17,13,富邦-花蓮,2024-03-18,9621
9945,潤泰新,13,0,13,富邦-花蓮,2024-03-18,9621
6016,康和證,15,3,12,富邦-花蓮,2024-03-18,9621
2354,鴻準,19,8,11,富邦-花蓮,2024-03-18,9621
1522,堤維西,23,12,11,富邦-花蓮,2024-03-18,9621
4306,炎洲,11,0,11,富邦-花蓮,2024-03-18,9621
6275,元山,27,16,11,富邦-花蓮,2024-03-18,9621
2409,友達,50,40,10,富邦-花蓮,2024-03-18,9621
00673R,期元大S＆P原油反1,153,0,153,富邦-花蓮,2024-03-19,9621
00706L,期元大S＆P日圓正2,147,10,137,富邦-花蓮,2024-03-19,9621
9105,泰金寶-DR,105,0,105,富邦-花蓮,2024-03-19,9621
00941,中信上游半導體,88,0,88,富邦-花蓮,2024-03-19,9621
1714,和桐,80,0,80,富邦-花蓮,2024-03-19,9621
9904,寶成,75,0,75,富邦-花蓮,2024-03-19,9621
00937B,群益ESG投等債20,67,0,67,富邦-花蓮,2024-03-19,9621
1455,集盛,65,0,65,富邦-花蓮,2024-03-19,9621
2010,春源,65,2,63,富邦-花蓮,2024-03-19,9621
00665L,富邦�琤肭磪囓�2,60,0,60,富邦-花蓮,2024-03-19,9621
00878,國泰永續高股息,61,4,57,富邦-花蓮,2024-03-19,9621
3025,星通,50,1,49,富邦-花蓮,2024-03-19,9621
2344,華邦電,46,2,44,富邦-花蓮,2024-03-19,9621
2208,台船,74,32,42,富邦-花蓮,2024-03-19,9621
2369,菱生,40,1,39,富邦-花蓮,2024-03-19,9621
2323,中環,35,2,33,富邦-花蓮,2024-03-19,9621
2607,榮運,42,9,33,富邦-花蓮,2024-03-19,9621
2409,友達,39,8,31,富邦-花蓮,2024-03-19,9621
3481,群創,30,1,29,富邦-花蓮,2024-03-19,9621
0056,元大高股息,42,14,28,富邦-花蓮,2024-03-19,9621
6140,訊達,30,3,27,富邦-花蓮,2024-03-19,9621
2324,仁寶,34,9,25,富邦-花蓮,2024-03-19,9621
2618,長榮航,42,17,25,富邦-花蓮,2024-03-19,9621
6233,旺玖,42,18,24,富邦-花蓮,2024-03-19,9621
2609,陽明,32,9,23,富邦-花蓮,2024-03-19,9621
00753L,中信中國50正2,22,0,22,富邦-花蓮,2024-03-19,9621
00680L,元大美債20正2,26,5,21,富邦-花蓮,2024-03-19,9621
1101,台泥,38,17,21,富邦-花蓮,2024-03-19,9621
4503,金雨,79,58,21,富邦-花蓮,2024-03-19,9621
4968,立積,20,0,20,富邦-花蓮,2024-03-19,9621
2515,中工,37,17,20,富邦-花蓮,2024-03-19,9621
4306,炎洲,20,0,20,富邦-花蓮,2024-03-19,9621
2353,宏��,21,2,19,富邦-花蓮,2024-03-19,9621
2371,大同,29,10,19,富邦-花蓮,2024-03-19,9621
2504,國產,19,0,19,富邦-花蓮,2024-03-19,9621
00921,兆豐龍頭等權重,19,1,18,富邦-花蓮,2024-03-19,9621
1605,華新,29,12,17,富邦-花蓮,2024-03-19,9621
2365,昆盈,16,0,16,富邦-花蓮,2024-03-19,9621
2611,志信,27,11,16,富邦-花蓮,2024-03-19,9621
2368,金像電,20,5,15,富邦-花蓮,2024-03-19,9621
2897,王道銀行,15,0,15,富邦-花蓮,2024-03-19,9621
6109,亞元,15,0,15,富邦-花蓮,2024-03-19,9621
3607,谷崧,14,0,14,富邦-花蓮,2024-03-19,9621
2464,盟立,27,14,13,富邦-花蓮,2024-03-19,9621
5443,均豪,19,6,13,富邦-花蓮,2024-03-19,9621
2834,臺企銀,24,11,13,富邦-花蓮,2024-03-19,9621
00795B,中信美國公債20年,13,0,13,富邦-花蓮,2024-03-19,9621
5871,中租-KY,13,0,13,富邦-花蓮,2024-03-19,9621
3308,聯德,12,0,12,富邦-花蓮,2024-03-19,9621
4906,正文,12,0,12,富邦-花蓮,2024-03-19,9621
00939,統一台灣高息動能,1194,519,675,富邦-花蓮,2024-03-20,9621
1714,和桐,200,1,199,富邦-花蓮,2024-03-20,9621
00937B,群益ESG投等債20,162,10,152,富邦-花蓮,2024-03-20,9621
00919,群益台灣精選高息,386,239,147,富邦-花蓮,2024-03-20,9621
2888,新光金,113,9,104,富邦-花蓮,2024-03-20,9621
00706L,期元大S＆P日圓正2,96,4,92,富邦-花蓮,2024-03-20,9621
2883,凱基金,88,3,85,富邦-花蓮,2024-03-20,9621
2356,英業達,111,39,72,富邦-花蓮,2024-03-20,9621
00673R,期元大S＆P原油反1,70,0,70,富邦-花蓮,2024-03-20,9621
4938,和碩,258,191,67,富邦-花蓮,2024-03-20,9621
9105,泰金寶-DR,64,0,64,富邦-花蓮,2024-03-20,9621
2605,新興,51,3,48,富邦-花蓮,2024-03-20,9621
2344,華邦電,48,0,48,富邦-花蓮,2024-03-20,9621
5515,建國,46,0,46,富邦-花蓮,2024-03-20,9621
00918,大華優利高填息30,47,4,43,富邦-花蓮,2024-03-20,9621
2382,廣達,45,9,36,富邦-花蓮,2024-03-20,9621
8112,至上,35,3,32,富邦-花蓮,2024-03-20,9621
4306,炎洲,30,0,30,富邦-花蓮,2024-03-20,9621
0050,元大台灣50,28,0,28,富邦-花蓮,2024-03-20,9621
3231,緯創,217,189,28,富邦-花蓮,2024-03-20,9621
1710,東聯,28,0,28,富邦-花蓮,2024-03-20,9621
2618,長榮航,29,2,27,富邦-花蓮,2024-03-20,9621
2867,三商壽,27,0,27,富邦-花蓮,2024-03-20,9621
2891,中信金,24,0,24,富邦-花蓮,2024-03-20,9621
5452,佶優,24,0,24,富邦-花蓮,2024-03-20,9621
1504,東元,38,16,22,富邦-花蓮,2024-03-20,9621
2885,元大金,22,0,22,富邦-花蓮,2024-03-20,9621
2002,中鋼,24,3,21,富邦-花蓮,2024-03-20,9621
1326,台化,20,0,20,富邦-花蓮,2024-03-20,9621
2603,長榮,63,43,20,富邦-花蓮,2024-03-20,9621
2903,遠百,20,1,19,富邦-花蓮,2024-03-20,9621
2374,佳能,39,20,19,富邦-花蓮,2024-03-20,9621
2609,陽明,24,5,19,富邦-花蓮,2024-03-20,9621
5880,合庫金,18,0,18,富邦-花蓮,2024-03-20,9621
4968,立積,21,3,18,富邦-花蓮,2024-03-20,9621
6806,森崴能源,22,5,17,富邦-花蓮,2024-03-20,9621
2881,富邦金,18,1,17,富邦-花蓮,2024-03-20,9621
2834,臺企銀,22,5,17,富邦-花蓮,2024-03-20,9621
2313,華通,27,11,16,富邦-花蓮,2024-03-20,9621
2610,華航,19,3,16,富邦-花蓮,2024-03-20,9621
00753L,中信中國50正2,42,26,16,富邦-花蓮,2024-03-20,9621
00679B,元大美債20年,18,3,15,富邦-花蓮,2024-03-20,9621
6753,龍德造船,37,22,15,富邦-花蓮,2024-03-20,9621
2367,燿華,45,30,15,富邦-花蓮,2024-03-20,9621
4714,永捷,16,1,15,富邦-花蓮,2024-03-20,9621
6109,亞元,15,0,15,富邦-花蓮,2024-03-20,9621
1718,中纖,14,0,14,富邦-花蓮,2024-03-20,9621
2376,技嘉,16,2,14,富邦-花蓮,2024-03-20,9621
2498,宏達電,14,1,13,富邦-花蓮,2024-03-20,9621
2897,王道銀行,15,2,13,富邦-花蓮,2024-03-20,9621
2897,王道銀行,250,0,250,富邦-花蓮,2024-03-21,9621
00632R,元大台灣50反1,228,13,215,富邦-花蓮,2024-03-21,9621
00939,統一台灣高息動能,335,149,186,富邦-花蓮,2024-03-21,9621
00919,群益台灣精選高息,249,107,142,富邦-花蓮,2024-03-21,9621
2002,中鋼,155,33,122,富邦-花蓮,2024-03-21,9621
00706L,期元大S＆P日圓正2,95,2,93,富邦-花蓮,2024-03-21,9621
00679B,元大美債20年,57,0,57,富邦-花蓮,2024-03-21,9621
1319,東陽,48,3,45,富邦-花蓮,2024-03-21,9621
2812,台中銀,42,0,42,富邦-花蓮,2024-03-21,9621
2609,陽明,47,6,41,富邦-花蓮,2024-03-21,9621
00772B,中信高評級公司債,33,0,33,富邦-花蓮,2024-03-21,9621
2323,中環,51,18,33,富邦-花蓮,2024-03-21,9621
00687B,國泰20年美債,47,14,33,富邦-花蓮,2024-03-21,9621
2618,長榮航,32,1,31,富邦-花蓮,2024-03-21,9621
2368,金像電,35,3,32,富邦-花蓮,2024-03-21,9621
00751B,元大AAA至A公司債,30,0,30,富邦-花蓮,2024-03-21,9621
1442,名軒,27,0,27,富邦-花蓮,2024-03-21,9621
00929,復華台灣科技優息,253,228,25,富邦-花蓮,2024-03-21,9621
1609,大亞,32,9,23,富邦-花蓮,2024-03-21,9621
1616,億泰,30,8,22,富邦-花蓮,2024-03-21,9621
4306,炎洲,23,1,22,富邦-花蓮,2024-03-21,9621
00720B,元大投資級公司債,21,0,21,富邦-花蓮,2024-03-21,9621
3437,榮創,20,0,20,富邦-花蓮,2024-03-21,9621
4114,健喬,20,0,20,富邦-花蓮,2024-03-21,9621
4157,太景*-KY,20,0,20,富邦-花蓮,2024-03-21,9621
3701,大眾控,19,0,19,富邦-花蓮,2024-03-21,9621
2405,輔信,104,86,18,富邦-花蓮,2024-03-21,9621
2889,國票金,20,2,18,富邦-花蓮,2024-03-21,9621
2406,國碩,17,0,17,富邦-花蓮,2024-03-21,9621
00830,國泰費城半導體,18,1,17,富邦-花蓮,2024-03-21,9621
4513,福裕,20,3,17,富邦-花蓮,2024-03-21,9621
1102,亞泥,18,3,15,富邦-花蓮,2024-03-21,9621
1815,富喬,23,8,15,富邦-花蓮,2024-03-21,9621
2498,宏達電,21,6,15,富邦-花蓮,2024-03-21,9621
3360,尚立,15,0,15,富邦-花蓮,2024-03-21,9621
8930,青鋼,15,0,15,富邦-花蓮,2024-03-21,9621
6770,力積電,36,22,14,富邦-花蓮,2024-03-21,9621
3630,新鉅科,14,0,14,富邦-花蓮,2024-03-21,9621
2867,三商壽,20,6,14,富邦-花蓮,2024-03-21,9621
6188,廣明,49,36,13,富邦-花蓮,2024-03-21,9621
8105,凌巨,27,14,13,富邦-花蓮,2024-03-21,9621
9951,皇田,13,0,13,富邦-花蓮,2024-03-21,9621
4973,廣穎,12,0,12,富邦-花蓮,2024-03-21,9621
00931B,統一美債20年,11,0,11,富邦-花蓮,2024-03-21,9621
1522,堤維西,17,6,11,富邦-花蓮,2024-03-21,9621
2421,建準,15,4,11,富邦-花蓮,2024-03-21,9621
2886,兆豐金,12,1,11,富邦-花蓮,2024-03-21,9621
6182,合晶,13,2,11,富邦-花蓮,2024-03-21,9621
6223,旺矽,12,1,11,富邦-花蓮,2024-03-21,9621
8234,新漢,13,2,11,富邦-花蓮,2024-03-21,9621
00937B,群益ESG投等債20,216,10,206,富邦-花蓮,2024-03-22,9621
00939,統一台灣高息動能,264,61,203,富邦-花蓮,2024-03-22,9621
2897,王道銀行,200,0,200,富邦-花蓮,2024-03-22,9621
00919,群益台灣精選高息,373,220,153,富邦-花蓮,2024-03-22,9621
00753L,中信中國50正2,145,32,113,富邦-花蓮,2024-03-22,9621
2303,聯電,106,1,105,富邦-花蓮,2024-03-22,9621
1701,中化,100,0,100,富邦-花蓮,2024-03-22,9621
3706,神達,217,118,99,富邦-花蓮,2024-03-22,9621
00673R,期元大S＆P原油反1,80,0,80,富邦-花蓮,2024-03-22,9621
00650L,復華香港正2,76,0,76,富邦-花蓮,2024-03-22,9621
2344,華邦電,71,13,58,富邦-花蓮,2024-03-22,9621
00665L,富邦�琤肭磪囓�2,50,0,50,富邦-花蓮,2024-03-22,9621
2354,鴻準,77,27,50,富邦-花蓮,2024-03-22,9621
2353,宏��,99,56,43,富邦-花蓮,2024-03-22,9621
1815,富喬,44,2,42,富邦-花蓮,2024-03-22,9621
2367,燿華,66,25,41,富邦-花蓮,2024-03-22,9621
2371,大同,33,0,33,富邦-花蓮,2024-03-22,9621
8046,南電,35,3,32,富邦-花蓮,2024-03-22,9621
00679B,元大美債20年,34,3,31,富邦-花蓮,2024-03-22,9621
2376,技嘉,55,26,29,富邦-花蓮,2024-03-22,9621
4916,事欣科,31,2,29,富邦-花蓮,2024-03-22,9621
8096,擎亞,33,5,28,富邦-花蓮,2024-03-22,9621
00637L,元大滬深300正2,25,0,25,富邦-花蓮,2024-03-22,9621
2323,中環,56,32,24,富邦-花蓮,2024-03-22,9621
2382,廣達,56,33,23,富邦-花蓮,2024-03-22,9621
3576,聯合再生,23,0,23,富邦-花蓮,2024-03-22,9621
2317,鴻海,939,916,23,富邦-花蓮,2024-03-22,9621
2324,仁寶,48,26,22,富邦-花蓮,2024-03-22,9621
2511,太子,20,0,20,富邦-花蓮,2024-03-22,9621
2537,聯上發,20,0,20,富邦-花蓮,2024-03-22,9621
2812,台中銀,20,0,20,富邦-花蓮,2024-03-22,9621
2834,臺企銀,37,18,19,富邦-花蓮,2024-03-22,9621
2882,國泰金,24,5,19,富邦-花蓮,2024-03-22,9621
5871,中租-KY,17,0,17,富邦-花蓮,2024-03-22,9621
2603,長榮,29,13,16,富邦-花蓮,2024-03-22,9621
3005,神基,17,3,14,富邦-花蓮,2024-03-22,9621
2365,昆盈,13,0,13,富邦-花蓮,2024-03-22,9621
3264,欣銓,13,0,13,富邦-花蓮,2024-03-22,9621
6125,廣運,14,1,13,富邦-花蓮,2024-03-22,9621
2313,華通,13,1,12,富邦-花蓮,2024-03-22,9621
2314,台揚,17,5,12,富邦-花蓮,2024-03-22,9621
6147,頎邦,12,0,12,富邦-花蓮,2024-03-22,9621
1503,士電,27,16,11,富邦-花蓮,2024-03-22,9621
8066,來思達,11,0,11,富邦-花蓮,2024-03-22,9621
2421,建準,14,3,11,富邦-花蓮,2024-03-22,9621
3363,上詮,12,1,11,富邦-花蓮,2024-03-22,9621
3581,博磊,21,10,11,富邦-花蓮,2024-03-22,9621
4503,金雨,12,1,11,富邦-花蓮,2024-03-22,9621
2618,長榮航,36,25,11,富邦-花蓮,2024-03-22,9621
2006,東和鋼鐵,10,0,10,富邦-花蓮,2024-03-22,9621
00937B,群益ESG投等債20,329,0,329,富邦-花蓮,2024-03-25,9621
00902,中信電池及儲能,134,0,134,富邦-花蓮,2024-03-25,9621
1609,大亞,260,163,97,富邦-花蓮,2024-03-25,9621
00891,中信關鍵半導體,85,0,85,富邦-花蓮,2024-03-25,9621
00939,統一台灣高息動能,107,31,76,富邦-花蓮,2024-03-25,9621
2303,聯電,110,38,72,富邦-花蓮,2024-03-25,9621
2317,鴻海,710,645,65,富邦-花蓮,2024-03-25,9621
6770,力積電,62,0,62,富邦-花蓮,2024-03-25,9621
00632R,元大台灣50反1,60,0,60,富邦-花蓮,2024-03-25,9621
2409,友達,99,41,58,富邦-花蓮,2024-03-25,9621
2356,英業達,149,94,55,富邦-花蓮,2024-03-25,9621
00673R,期元大S＆P原油反1,50,0,50,富邦-花蓮,2024-03-25,9621
2883,凱基金,95,46,49,富邦-花蓮,2024-03-25,9621
00878,國泰永續高股息,50,8,42,富邦-花蓮,2024-03-25,9621
2337,旺宏,41,1,40,富邦-花蓮,2024-03-25,9621
5864,致和證,40,0,40,富邦-花蓮,2024-03-25,9621
1101,台泥,45,6,39,富邦-花蓮,2024-03-25,9621
00941,中信上游半導體,139,107,32,富邦-花蓮,2024-03-25,9621
00664R,國泰臺灣加權反1,30,0,30,富邦-花蓮,2024-03-25,9621
00933B,國泰10Y+金融債,50,20,30,富邦-花蓮,2024-03-25,9621
2367,燿華,59,29,30,富邦-花蓮,2024-03-25,9621
2352,佳世達,30,7,23,富邦-花蓮,2024-03-25,9621
8066,來思達,23,0,23,富邦-花蓮,2024-03-25,9621
3706,神達,36,14,22,富邦-花蓮,2024-03-25,9621
2365,昆盈,21,0,21,富邦-花蓮,2024-03-25,9621
6234,高僑,31,10,21,富邦-花蓮,2024-03-25,9621
00919,群益台灣精選高息,149,129,20,富邦-花蓮,2024-03-25,9621
1731,美吾華,20,0,20,富邦-花蓮,2024-03-25,9621
0050,元大台灣50,30,11,19,富邦-花蓮,2024-03-25,9621
00650L,復華香港正2,19,0,19,富邦-花蓮,2024-03-25,9621
00915,凱基優選高股息30,18,0,18,富邦-花蓮,2024-03-25,9621
2421,建準,26,8,18,富邦-花蓮,2024-03-25,9621
2888,新光金,25,7,18,富邦-花蓮,2024-03-25,9621
3622,洋華,18,0,18,富邦-花蓮,2024-03-25,9621
2025,千興,20,4,16,富邦-花蓮,2024-03-25,9621
5439,高技,26,10,16,富邦-花蓮,2024-03-25,9621
6438,迅得,16,0,16,富邦-花蓮,2024-03-25,9621
2363,矽統,15,0,15,富邦-花蓮,2024-03-25,9621
00929,復華台灣科技優息,98,83,15,富邦-花蓮,2024-03-25,9621
00712,復華富時不動產,14,0,14,富邦-花蓮,2024-03-25,9621
2406,國碩,32,18,14,富邦-花蓮,2024-03-25,9621
3704,合勤控,15,1,14,富邦-花蓮,2024-03-25,9621
8105,凌巨,16,2,14,富邦-花蓮,2024-03-25,9621
6182,合晶,14,0,14,富邦-花蓮,2024-03-25,9621
6139,亞翔,42,29,13,富邦-花蓮,2024-03-25,9621
2916,滿心,13,0,13,富邦-花蓮,2024-03-25,9621
2308,台達電,20,8,12,富邦-花蓮,2024-03-25,9621
2867,三商壽,11,0,11,富邦-花蓮,2024-03-25,9621
3023,信邦,11,0,11,富邦-花蓮,2024-03-25,9621
2881,富邦金,12,1,11,富邦-花蓮,2024-03-25,9621
00632R,元大台灣50反1,130,10,120,富邦-花蓮,2024-03-26,9621
00902,中信電池及儲能,105,0,105,富邦-花蓮,2024-03-26,9621
00939,統一台灣高息動能,249,146,103,富邦-花蓮,2024-03-26,9621
00937B,群益ESG投等債20,108,10,98,富邦-花蓮,2024-03-26,9621
00941,中信上游半導體,113,25,88,富邦-花蓮,2024-03-26,9621
00891,中信關鍵半導體,70,0,70,富邦-花蓮,2024-03-26,9621
2371,大同,154,84,70,富邦-花蓮,2024-03-26,9621
1608,華榮,94,25,69,富邦-花蓮,2024-03-26,9621
2464,盟立,72,10,62,富邦-花蓮,2024-03-26,9621
2388,威盛,67,13,54,富邦-花蓮,2024-03-26,9621
6125,廣運,120,68,52,富邦-花蓮,2024-03-26,9621
00673R,期元大S＆P原油反1,50,0,50,富邦-花蓮,2024-03-26,9621
2367,燿華,65,18,47,富邦-花蓮,2024-03-26,9621
1815,富喬,56,10,46,富邦-花蓮,2024-03-26,9621
5371,中光電,48,10,38,富邦-花蓮,2024-03-26,9621
3041,揚智,54,19,35,富邦-花蓮,2024-03-26,9621
5880,合庫金,34,0,34,富邦-花蓮,2024-03-26,9621
4968,立積,30,0,30,富邦-花蓮,2024-03-26,9621
3062,建漢,32,2,30,富邦-花蓮,2024-03-26,9621
8033,雷虎,31,1,30,富邦-花蓮,2024-03-26,9621
00882,中信中國高股息,31,2,29,富邦-花蓮,2024-03-26,9621
8105,凌巨,29,0,29,富邦-花蓮,2024-03-26,9621
0050,元大台灣50,29,1,28,富邦-花蓮,2024-03-26,9621
8066,來思達,28,0,28,富邦-花蓮,2024-03-26,9621
9105,泰金寶-DR,26,0,26,富邦-花蓮,2024-03-26,9621
4303,信立,31,6,25,富邦-花蓮,2024-03-26,9621
2344,華邦電,50,25,25,富邦-花蓮,2024-03-26,9621
6139,亞翔,37,13,24,富邦-花蓮,2024-03-26,9621
2352,佳世達,29,6,23,富邦-花蓮,2024-03-26,9621
6120,達運,33,10,23,富邦-花蓮,2024-03-26,9621
1504,東元,53,30,23,富邦-花蓮,2024-03-26,9621
00688L,國泰20年美債正2,22,0,22,富邦-花蓮,2024-03-26,9621
1514,亞力,262,241,21,富邦-花蓮,2024-03-26,9621
00932,兆豐永續高息等權,21,0,21,富邦-花蓮,2024-03-26,9621
1616,億泰,29,8,21,富邦-花蓮,2024-03-26,9621
2888,新光金,21,0,21,富邦-花蓮,2024-03-26,9621
2303,聯電,70,50,20,富邦-花蓮,2024-03-26,9621
2609,陽明,46,26,20,富邦-花蓮,2024-03-26,9621
00639,富邦深100,20,0,20,富邦-花蓮,2024-03-26,9621
1907,永豐餘,20,0,20,富邦-花蓮,2024-03-26,9621
2897,王道銀行,20,0,20,富邦-花蓮,2024-03-26,9621
2313,華通,27,8,19,富邦-花蓮,2024-03-26,9621
00679B,元大美債20年,24,5,19,富邦-花蓮,2024-03-26,9621
6140,訊達,19,0,19,富邦-花蓮,2024-03-26,9621
3264,欣銓,20,2,18,富邦-花蓮,2024-03-26,9621
3581,博磊,20,2,18,富邦-花蓮,2024-03-26,9621
3714,富采,17,0,17,富邦-花蓮,2024-03-26,9621
00922,國泰台灣領袖50,17,0,17,富邦-花蓮,2024-03-26,9621
2409,友達,37,20,17,富邦-花蓮,2024-03-26,9621
2641,正德,18,1,17,富邦-花蓮,2024-03-26,9621
00939,統一台灣高息動能,189,18,171,富邦-花蓮,2024-03-27,9621
00937B,群益ESG投等債20,105,1,104,富邦-花蓮,2024-03-27,9621
00941,中信上游半導體,64,1,63,富邦-花蓮,2024-03-27,9621
8105,凌巨,63,3,60,富邦-花蓮,2024-03-27,9621
2371,大同,160,106,54,富邦-花蓮,2024-03-27,9621
4306,炎洲,50,1,49,富邦-花蓮,2024-03-27,9621
2344,華邦電,47,1,46,富邦-花蓮,2024-03-27,9621
2634,漢翔,59,14,45,富邦-花蓮,2024-03-27,9621
2303,聯電,45,0,45,富邦-花蓮,2024-03-27,9621
00909,國泰數位支付服務,40,0,40,富邦-花蓮,2024-03-27,9621
2451,創見,39,0,39,富邦-花蓮,2024-03-27,9621
3231,緯創,94,55,39,富邦-花蓮,2024-03-27,9621
4303,信立,36,3,33,富邦-花蓮,2024-03-27,9621
2897,王道銀行,30,0,30,富邦-花蓮,2024-03-27,9621
2486,一詮,40,15,25,富邦-花蓮,2024-03-27,9621
2884,玉山金,25,0,25,富邦-花蓮,2024-03-27,9621
00679B,元大美債20年,40,15,25,富邦-花蓮,2024-03-27,9621
1608,華榮,110,86,24,富邦-花蓮,2024-03-27,9621
0056,元大高股息,24,1,23,富邦-花蓮,2024-03-27,9621
2002,中鋼,23,0,23,富邦-花蓮,2024-03-27,9621
2367,燿華,24,2,22,富邦-花蓮,2024-03-27,9621
6163,華電網,22,1,21,富邦-花蓮,2024-03-27,9621
6546,正基,21,0,21,富邦-花蓮,2024-03-27,9621
9105,泰金寶-DR,21,0,21,富邦-花蓮,2024-03-27,9621
8011,台通,22,1,21,富邦-花蓮,2024-03-27,9621
1455,集盛,40,20,20,富邦-花蓮,2024-03-27,9621
1710,東聯,20,0,20,富邦-花蓮,2024-03-27,9621
6703,軒郁,20,0,20,富邦-花蓮,2024-03-27,9621
2301,光寶科,27,7,20,富邦-花蓮,2024-03-27,9621
6215,和椿,23,4,19,富邦-花蓮,2024-03-27,9621
1101,台泥,29,10,19,富邦-花蓮,2024-03-27,9621
00934,中信成長高股息,19,1,18,富邦-花蓮,2024-03-27,9621
2409,友達,24,6,18,富邦-花蓮,2024-03-27,9621
3013,晟銘電,45,27,18,富邦-花蓮,2024-03-27,9621
2324,仁寶,18,2,16,富邦-花蓮,2024-03-27,9621
00725B,國泰投資級公司債,16,0,16,富邦-花蓮,2024-03-27,9621
2363,矽統,18,2,16,富邦-花蓮,2024-03-27,9621
2408,南亞科,24,9,15,富邦-花蓮,2024-03-27,9621
2007,燁興,15,0,15,富邦-花蓮,2024-03-27,9621
3083,網龍,14,0,14,富邦-花蓮,2024-03-27,9621
4979,華星光,37,23,14,富邦-花蓮,2024-03-27,9621
2358,廷鑫,15,2,13,富邦-花蓮,2024-03-27,9621
2883,凱基金,65,52,13,富邦-花蓮,2024-03-27,9621
2890,永豐金,13,0,13,富邦-花蓮,2024-03-27,9621
8936,國統,20,7,13,富邦-花蓮,2024-03-27,9621
00857B,永豐20年美公債,12,0,12,富邦-花蓮,2024-03-27,9621
2392,正崴,13,1,12,富邦-花蓮,2024-03-27,9621
3217,優群,14,2,12,富邦-花蓮,2024-03-27,9621
3607,谷崧,12,0,12,富邦-花蓮,2024-03-27,9621
4968,立積,12,1,11,富邦-花蓮,2024-03-27,9621
2609,陽明,281,12,269,富邦-花蓮,2024-03-28,9621
00929,復華台灣科技優息,307,96,211,富邦-花蓮,2024-03-28,9621
2883,凱基金,297,151,146,富邦-花蓮,2024-03-28,9621
00882,中信中國高股息,131,9,122,富邦-花蓮,2024-03-28,9621
00939,統一台灣高息動能,125,13,112,富邦-花蓮,2024-03-28,9621
3706,神達,107,18,89,富邦-花蓮,2024-03-28,9621
00639,富邦深100,80,0,80,富邦-花蓮,2024-03-28,9621
4306,炎洲,72,3,69,富邦-花蓮,2024-03-28,9621
2637,慧洋-KY,60,0,60,富邦-花蓮,2024-03-28,9621
5521,工信,79,25,54,富邦-花蓮,2024-03-28,9621
00753L,中信中國50正2,50,0,50,富邦-花蓮,2024-03-28,9621
2515,中工,48,1,47,富邦-花蓮,2024-03-28,9621
2485,兆赫,46,0,46,富邦-花蓮,2024-03-28,9621
3576,聯合再生,42,2,40,富邦-花蓮,2024-03-28,9621
8059,凱碩,35,0,35,富邦-花蓮,2024-03-28,9621
1101,台泥,34,1,33,富邦-花蓮,2024-03-28,9621
2464,盟立,36,3,33,富邦-花蓮,2024-03-28,9621
1319,東陽,44,12,32,富邦-花蓮,2024-03-28,9621
00909,國泰數位支付服務,32,0,32,富邦-花蓮,2024-03-28,9621
2301,光寶科,37,6,31,富邦-花蓮,2024-03-28,9621
6179,亞通,56,26,30,富邦-花蓮,2024-03-28,9621
00919,群益台灣精選高息,61,34,27,富邦-花蓮,2024-03-28,9621
3005,神基,29,4,25,富邦-花蓮,2024-03-28,9621
2634,漢翔,41,17,24,富邦-花蓮,2024-03-28,9621
3062,建漢,59,36,23,富邦-花蓮,2024-03-28,9621
1597,直得,23,0,23,富邦-花蓮,2024-03-28,9621
3031,佰鴻,30,7,23,富邦-花蓮,2024-03-28,9621
4128,中天,23,0,23,富邦-花蓮,2024-03-28,9621
2405,輔信,35,13,22,富邦-花蓮,2024-03-28,9621
8261,富鼎,22,0,22,富邦-花蓮,2024-03-28,9621
2344,華邦電,44,22,22,富邦-花蓮,2024-03-28,9621
00937B,群益ESG投等債20,137,116,21,富邦-花蓮,2024-03-28,9621
6164,華興,21,0,21,富邦-花蓮,2024-03-28,9621
00941,中信上游半導體,35,16,19,富邦-花蓮,2024-03-28,9621
1316,上曜,61,42,19,富邦-花蓮,2024-03-28,9621
2313,華通,19,1,18,富邦-花蓮,2024-03-28,9621
2367,燿華,36,18,18,富邦-花蓮,2024-03-28,9621
2388,威盛,21,5,16,富邦-花蓮,2024-03-28,9621
2881,富邦金,16,1,15,富邦-花蓮,2024-03-28,9621
4909,新復興,21,6,15,富邦-花蓮,2024-03-28,9621
5251,天鉞電,15,0,15,富邦-花蓮,2024-03-28,9621
00713,元大台灣高息低波,15,1,14,富邦-花蓮,2024-03-28,9621
2356,英業達,38,25,13,富邦-花蓮,2024-03-28,9621
8086,宏捷科,13,0,13,富邦-花蓮,2024-03-28,9621
1789,神隆,13,0,13,富邦-花蓮,2024-03-28,9621
2392,正崴,15,2,13,富邦-花蓮,2024-03-28,9621
2451,創見,12,0,12,富邦-花蓮,2024-03-28,9621
1434,福懋,12,0,12,富邦-花蓮,2024-03-28,9621
3481,群創,21,9,12,富邦-花蓮,2024-03-28,9621
3694,海華,14,2,12,富邦-花蓮,2024-03-28,9621
00939,統一台灣高息動能,132,2,130,富邦-花蓮,2024-03-29,9621
2317,鴻海,211,84,127,富邦-花蓮,2024-03-29,9621
00673R,期元大S＆P原油反1,90,0,90,富邦-花蓮,2024-03-29,9621
00929,復華台灣科技優息,87,2,85,富邦-花蓮,2024-03-29,9621
2897,王道銀行,80,2,78,富邦-花蓮,2024-03-29,9621
2460,建通,75,0,75,富邦-花蓮,2024-03-29,9621
1455,集盛,70,0,70,富邦-花蓮,2024-03-29,9621
00919,群益台灣精選高息,80,13,67,富邦-花蓮,2024-03-29,9621
00882,中信中國高股息,64,0,64,富邦-花蓮,2024-03-29,9621
3576,聯合再生,60,9,51,富邦-花蓮,2024-03-29,9621
2324,仁寶,58,10,48,富邦-花蓮,2024-03-29,9621
2356,英業達,301,254,47,富邦-花蓮,2024-03-29,9621
2464,盟立,44,3,41,富邦-花蓮,2024-03-29,9621
00632R,元大台灣50反1,40,0,40,富邦-花蓮,2024-03-29,9621
2367,燿華,51,12,39,富邦-花蓮,2024-03-29,9621
00941,中信上游半導體,54,18,36,富邦-花蓮,2024-03-29,9621
2371,大同,74,40,34,富邦-花蓮,2024-03-29,9621
1316,上曜,41,10,31,富邦-花蓮,2024-03-29,9621
00934,中信成長高股息,30,0,30,富邦-花蓮,2024-03-29,9621
6443,元晶,34,5,29,富邦-花蓮,2024-03-29,9621
00909,國泰數位支付服務,30,2,28,富邦-花蓮,2024-03-29,9621
1101,台泥,27,2,25,富邦-花蓮,2024-03-29,9621
00679B,元大美債20年,25,1,24,富邦-花蓮,2024-03-29,9621
3704,合勤控,24,0,24,富邦-花蓮,2024-03-29,9621
2301,光寶科,34,11,23,富邦-花蓮,2024-03-29,9621
0056,元大高股息,25,4,21,富邦-花蓮,2024-03-29,9621
6770,力積電,21,0,21,富邦-花蓮,2024-03-29,9621
2504,國產,21,0,21,富邦-花蓮,2024-03-29,9621
3515,華擎,23,2,21,富邦-花蓮,2024-03-29,9621
2509,全坤建,20,0,20,富邦-花蓮,2024-03-29,9621
7402,邑錡,23,4,19,富邦-花蓮,2024-03-29,9621
2812,台中銀,30,11,19,富邦-花蓮,2024-03-29,9621
8121,越峰,18,0,18,富邦-花蓮,2024-03-29,9621
2409,友達,23,6,17,富邦-花蓮,2024-03-29,9621
4541,晟田,18,1,17,富邦-花蓮,2024-03-29,9621
00676R,富邦臺灣加權反1,16,0,16,富邦-花蓮,2024-03-29,9621
2451,創見,17,1,16,富邦-花蓮,2024-03-29,9621
9105,泰金寶-DR,16,0,16,富邦-花蓮,2024-03-29,9621
6741,91APP*-KY,15,0,15,富邦-花蓮,2024-03-29,9621
8033,雷虎,15,3,12,富邦-花蓮,2024-03-29,9621
2312,金寶,15,3,12,富邦-花蓮,2024-03-29,9621
6126,信音,16,4,12,富邦-花蓮,2024-03-29,9621
6284,佳邦,12,0,12,富邦-花蓮,2024-03-29,9621
8105,凌巨,13,1,12,富邦-花蓮,2024-03-29,9621
1712,興農,11,0,11,富邦-花蓮,2024-03-29,9621
8111,立��,11,0,11,富邦-花蓮,2024-03-29,9621
3013,晟銘電,46,35,11,富邦-花蓮,2024-03-29,9621
00788B,元大10年IG電能債,10,0,10,富邦-花蓮,2024-03-29,9621
00931B,統一美債20年,10,0,10,富邦-花蓮,2024-03-29,9621
2440,太空梭,10,0,10,富邦-花蓮,2024-03-29,9621
00940,元大台灣價值高息,1533,206,1327,富邦-花蓮,2024-04-01,9621
00673R,期元大S＆P原油反1,161,0,161,富邦-花蓮,2024-04-01,9621
00919,群益台灣精選高息,125,12,113,富邦-花蓮,2024-04-01,9621
3711,日月光投控,87,2,85,富邦-花蓮,2024-04-01,9621
3047,訊舟,60,0,60,富邦-花蓮,2024-04-01,9621
2891,中信金,58,0,58,富邦-花蓮,2024-04-01,9621
00939,統一台灣高息動能,63,13,50,富邦-花蓮,2024-04-01,9621
00632R,元大台灣50反1,51,1,50,富邦-花蓮,2024-04-01,9621
1101,台泥,57,9,48,富邦-花蓮,2024-04-01,9621
2328,廣宇,47,1,46,富邦-花蓮,2024-04-01,9621
3231,緯創,251,205,46,富邦-花蓮,2024-04-01,9621
6472,保瑞,44,1,43,富邦-花蓮,2024-04-01,9621
0056,元大高股息,40,1,39,富邦-花蓮,2024-04-01,9621
6016,康和證,52,18,34,富邦-花蓮,2024-04-01,9621
00687B,國泰20年美債,33,0,33,富邦-花蓮,2024-04-01,9621
00680L,元大美債20正2,32,0,32,富邦-花蓮,2024-04-01,9621
2356,英業達,55,23,32,富邦-花蓮,2024-04-01,9621
00639,富邦深100,30,0,30,富邦-花蓮,2024-04-01,9621
8358,金居,33,5,28,富邦-花蓮,2024-04-01,9621
2317,鴻海,57,29,28,富邦-花蓮,2024-04-01,9621
00674R,期元大S＆P黃金反1,25,0,25,富邦-花蓮,2024-04-01,9621
3548,兆利,33,9,24,富邦-花蓮,2024-04-01,9621
2609,陽明,27,4,23,富邦-花蓮,2024-04-01,9621
00882,中信中國高股息,51,28,23,富邦-花蓮,2024-04-01,9621
1504,東元,36,13,23,富邦-花蓮,2024-04-01,9621
2414,精技,22,0,22,富邦-花蓮,2024-04-01,9621
2867,三商壽,31,9,22,富邦-花蓮,2024-04-01,9621
00878,國泰永續高股息,27,6,21,富邦-花蓮,2024-04-01,9621
1808,潤隆,21,0,21,富邦-花蓮,2024-04-01,9621
1612,宏泰,20,0,20,富邦-花蓮,2024-04-01,9621
2382,廣達,66,46,20,富邦-花蓮,2024-04-01,9621
2890,永豐金,22,4,18,富邦-花蓮,2024-04-01,9621
3032,偉訓,18,0,18,富邦-花蓮,2024-04-01,9621
1609,大亞,34,17,17,富邦-花蓮,2024-04-01,9621
2303,聯電,28,11,17,富邦-花蓮,2024-04-01,9621
00923,群益台ESG低碳50,16,0,16,富邦-花蓮,2024-04-01,9621
2527,宏璟,17,1,16,富邦-花蓮,2024-04-01,9621
2313,華通,18,3,15,富邦-花蓮,2024-04-01,9621
00764B,群益25年美債,14,0,14,富邦-花蓮,2024-04-01,9621
00918,大華優利高填息30,15,1,14,富邦-花蓮,2024-04-01,9621
6695,芯鼎,16,2,14,富邦-花蓮,2024-04-01,9621
2852,第一保,13,0,13,富邦-花蓮,2024-04-01,9621
3702,大聯大,19,6,13,富邦-花蓮,2024-04-01,9621
6147,頎邦,13,0,13,富邦-花蓮,2024-04-01,9621
2486,一詮,18,5,13,富邦-花蓮,2024-04-01,9621
2603,長榮,14,1,13,富邦-花蓮,2024-04-01,9621
3706,神達,25,12,13,富邦-花蓮,2024-04-01,9621
2308,台達電,13,1,12,富邦-花蓮,2024-04-01,9621
3498,陽程,12,0,12,富邦-花蓮,2024-04-01,9621
3030,德律,11,0,11,富邦-花蓮,2024-04-01,9621
00940,元大台灣價值高息,672,244,428,富邦-花蓮,2024-04-02,9621
00632R,元大台灣50反1,216,0,216,富邦-花蓮,2024-04-02,9621
00929,復華台灣科技優息,238,43,195,富邦-花蓮,2024-04-02,9621
00937B,群益ESG投等債20,209,20,189,富邦-花蓮,2024-04-02,9621
00673R,期元大S＆P原油反1,100,0,100,富邦-花蓮,2024-04-02,9621
00720B,元大投資級公司債,95,0,95,富邦-花蓮,2024-04-02,9621
00933B,國泰10Y+金融債,76,3,73,富邦-花蓮,2024-04-02,9621
00941,中信上游半導體,78,22,56,富邦-花蓮,2024-04-02,9621
0056,元大高股息,65,15,50,富邦-花蓮,2024-04-02,9621
1609,大亞,57,11,46,富邦-花蓮,2024-04-02,9621
1714,和桐,44,0,44,富邦-花蓮,2024-04-02,9621
00687B,國泰20年美債,54,11,43,富邦-花蓮,2024-04-02,9621
2834,臺企銀,43,4,39,富邦-花蓮,2024-04-02,9621
2371,大同,91,52,39,富邦-花蓮,2024-04-02,9621
00679B,元大美債20年,42,4,38,富邦-花蓮,2024-04-02,9621
4303,信立,37,6,31,富邦-花蓮,2024-04-02,9621
2838,聯邦銀,30,0,30,富邦-花蓮,2024-04-02,9621
6550,北極星藥業-KY,33,4,29,富邦-花蓮,2024-04-02,9621
2890,永豐金,31,5,26,富邦-花蓮,2024-04-02,9621
00939,統一台灣高息動能,32,8,24,富邦-花蓮,2024-04-02,9621
2344,華邦電,34,11,23,富邦-花蓮,2024-04-02,9621
2367,燿華,53,31,22,富邦-花蓮,2024-04-02,9621
5498,凱崴,22,1,21,富邦-花蓮,2024-04-02,9621
00639,富邦深100,20,0,20,富邦-花蓮,2024-04-02,9621
9934,成霖,20,0,20,富邦-花蓮,2024-04-02,9621
2883,凱基金,21,1,20,富邦-花蓮,2024-04-02,9621
4919,新唐,20,1,19,富邦-花蓮,2024-04-02,9621
3535,晶彩科,34,15,19,富邦-花蓮,2024-04-02,9621
4714,永捷,20,2,18,富邦-花蓮,2024-04-02,9621
3576,聯合再生,17,0,17,富邦-花蓮,2024-04-02,9621
6179,亞通,17,0,17,富邦-花蓮,2024-04-02,9621
1101,台泥,16,1,15,富邦-花蓮,2024-04-02,9621
2610,華航,37,22,15,富邦-花蓮,2024-04-02,9621
00700,富邦�琤肭磪�,15,0,15,富邦-花蓮,2024-04-02,9621
2537,聯上發,27,12,15,富邦-花蓮,2024-04-02,9621
2611,志信,15,0,15,富邦-花蓮,2024-04-02,9621
2492,華新科,50,36,14,富邦-花蓮,2024-04-02,9621
1815,富喬,16,2,14,富邦-花蓮,2024-04-02,9621
00751B,元大AAA至A公司債,13,0,13,富邦-花蓮,2024-04-02,9621
1453,大將,13,0,13,富邦-花蓮,2024-04-02,9621
6741,91APP*-KY,13,0,13,富邦-花蓮,2024-04-02,9621
2301,光寶科,29,16,13,富邦-花蓮,2024-04-02,9621
2637,慧洋-KY,12,0,12,富邦-花蓮,2024-04-02,9621
3548,兆利,13,2,11,富邦-花蓮,2024-04-02,9621
00712,復華富時不動產,11,0,11,富邦-花蓮,2024-04-02,9621
1326,台化,12,1,11,富邦-花蓮,2024-04-02,9621
2615,萬海,11,0,11,富邦-花蓮,2024-04-02,9621
1524,耿鼎,16,5,11,富邦-花蓮,2024-04-02,9621
2329,華泰,13,2,11,富邦-花蓮,2024-04-02,9621
3622,洋華,18,7,11,富邦-花蓮,2024-04-02,9621
2615,萬海,202,3,199,富邦-花蓮,2024-04-03,9621
00673R,期元大S＆P原油反1,121,0,121,富邦-花蓮,2024-04-03,9621
00940,元大台灣價值高息,213,100,113,富邦-花蓮,2024-04-03,9621
00902,中信電池及儲能,72,0,72,富邦-花蓮,2024-04-03,9621
00937B,群益ESG投等債20,77,8,69,富邦-花蓮,2024-04-03,9621
00679B,元大美債20年,56,1,55,富邦-花蓮,2024-04-03,9621
00706L,期元大S＆P日圓正2,50,0,50,富邦-花蓮,2024-04-03,9621
2637,慧洋-KY,50,1,49,富邦-花蓮,2024-04-03,9621
2317,鴻海,79,39,40,富邦-花蓮,2024-04-03,9621
2609,陽明,39,1,38,富邦-花蓮,2024-04-03,9621
3481,群創,38,0,38,富邦-花蓮,2024-04-03,9621
00687B,國泰20年美債,34,0,34,富邦-花蓮,2024-04-03,9621
00927,群益半導體收益,33,0,33,富邦-花蓮,2024-04-03,9621
00680L,元大美債20正2,32,0,32,富邦-花蓮,2024-04-03,9621
3564,其陽,31,0,31,富邦-花蓮,2024-04-03,9621
00929,復華台灣科技優息,51,20,31,富邦-花蓮,2024-04-03,9621
2409,友達,26,0,26,富邦-花蓮,2024-04-03,9621
6189,豐藝,27,1,26,富邦-花蓮,2024-04-03,9621
00931B,統一美債20年,25,0,25,富邦-花蓮,2024-04-03,9621
00941,中信上游半導體,35,10,25,富邦-花蓮,2024-04-03,9621
2515,中工,37,14,23,富邦-花蓮,2024-04-03,9621
2884,玉山金,24,2,22,富邦-花蓮,2024-04-03,9621
2501,國建,21,0,21,富邦-花蓮,2024-04-03,9621
3706,神達,22,1,21,富邦-花蓮,2024-04-03,9621
2313,華通,23,2,21,富邦-花蓮,2024-04-03,9621
00933B,國泰10Y+金融債,22,2,20,富邦-花蓮,2024-04-03,9621
2108,南帝,20,0,20,富邦-花蓮,2024-04-03,9621
00939,統一台灣高息動能,19,0,19,富邦-花蓮,2024-04-03,9621
00720B,元大投資級公司債,19,1,18,富邦-花蓮,2024-04-03,9621
2618,長榮航,18,0,18,富邦-花蓮,2024-04-03,9621
8096,擎亞,26,10,16,富邦-花蓮,2024-04-03,9621
4979,華星光,20,4,16,富邦-花蓮,2024-04-03,9621
00751B,元大AAA至A公司債,15,0,15,富邦-花蓮,2024-04-03,9621
1467,南緯,15,0,15,富邦-花蓮,2024-04-03,9621
4121,優盛,15,0,15,富邦-花蓮,2024-04-03,9621
2014,中鴻,55,41,14,富邦-花蓮,2024-04-03,9621
6668,中揚光,15,2,13,富邦-花蓮,2024-04-03,9621
1612,宏泰,13,0,13,富邦-花蓮,2024-04-03,9621
2601,益航,12,0,12,富邦-花蓮,2024-04-03,9621
2851,中再保,12,0,12,富邦-花蓮,2024-04-03,9621
3027,盛達,12,0,12,富邦-花蓮,2024-04-03,9621
3030,德律,12,0,12,富邦-花蓮,2024-04-03,9621
2344,華邦電,11,0,11,富邦-花蓮,2024-04-03,9621
1514,亞力,11,0,11,富邦-花蓮,2024-04-03,9621
1795,美時,19,9,10,富邦-花蓮,2024-04-03,9621
00936,台新永續高息中小,10,0,10,富邦-花蓮,2024-04-03,9621
1455,集盛,10,0,10,富邦-花蓮,2024-04-03,9621
2006,東和鋼鐵,13,3,10,富邦-花蓮,2024-04-03,9621
2038,海光,10,0,10,富邦-花蓮,2024-04-03,9621
2506,太設,10,0,10,富邦-花蓮,2024-04-03,9621
00940,元大台灣價值高息,330,98,232,富邦-花蓮,2024-04-08,9621
00929,復華台灣科技優息,201,13,188,富邦-花蓮,2024-04-08,9621
00673R,期元大S＆P原油反1,175,0,175,富邦-花蓮,2024-04-08,9621
2883,凱基金,160,11,149,富邦-花蓮,2024-04-08,9621
8066,來思達,87,0,87,富邦-花蓮,2024-04-08,9621
00679B,元大美債20年,84,0,84,富邦-花蓮,2024-04-08,9621
00937B,群益ESG投等債20,75,0,75,富邦-花蓮,2024-04-08,9621
00933B,國泰10Y+金融債,108,50,58,富邦-花蓮,2024-04-08,9621
00772B,中信高評級公司債,56,1,55,富邦-花蓮,2024-04-08,9621
00636,國泰中國A50,48,0,48,富邦-花蓮,2024-04-08,9621
00919,群益台灣精選高息,155,108,47,富邦-花蓮,2024-04-08,9621
6668,中揚光,47,1,46,富邦-花蓮,2024-04-08,9621
00696B,富邦美債20年,42,0,42,富邦-花蓮,2024-04-08,9621
00674R,期元大S＆P黃金反1,40,0,40,富邦-花蓮,2024-04-08,9621
6120,達運,59,21,38,富邦-花蓮,2024-04-08,9621
2356,英業達,49,13,36,富邦-花蓮,2024-04-08,9621
2486,一詮,64,28,36,富邦-花蓮,2024-04-08,9621
2897,王道銀行,36,0,36,富邦-花蓮,2024-04-08,9621
6109,亞元,35,0,35,富邦-花蓮,2024-04-08,9621
1608,華榮,83,49,34,富邦-花蓮,2024-04-08,9621
1710,東聯,30,0,30,富邦-花蓮,2024-04-08,9621
00680L,元大美債20正2,38,9,29,富邦-花蓮,2024-04-08,9621
9105,泰金寶-DR,27,0,27,富邦-花蓮,2024-04-08,9621
00927,群益半導體收益,26,0,26,富邦-花蓮,2024-04-08,9621
2374,佳能,41,17,24,富邦-花蓮,2024-04-08,9621
2317,鴻海,245,222,23,富邦-花蓮,2024-04-08,9621
2515,中工,29,6,23,富邦-花蓮,2024-04-08,9621
2852,第一保,26,3,23,富邦-花蓮,2024-04-08,9621
2371,大同,43,21,22,富邦-花蓮,2024-04-08,9621
2888,新光金,21,0,21,富邦-花蓮,2024-04-08,9621
00941,中信上游半導體,35,14,21,富邦-花蓮,2024-04-08,9621
6116,彩晶,25,5,20,富邦-花蓮,2024-04-08,9621
2618,長榮航,22,3,19,富邦-花蓮,2024-04-08,9621
2409,友達,55,37,18,富邦-花蓮,2024-04-08,9621
00931B,統一美債20年,18,1,17,富邦-花蓮,2024-04-08,9621
2382,廣達,36,20,16,富邦-花蓮,2024-04-08,9621
4968,立積,23,7,16,富邦-花蓮,2024-04-08,9621
6026,福邦證,20,4,16,富邦-花蓮,2024-04-08,9621
3294,英濟,20,5,15,富邦-花蓮,2024-04-08,9621
3036,文曄,27,14,13,富邦-花蓮,2024-04-08,9621
2359,所羅門,16,3,13,富邦-花蓮,2024-04-08,9621
6514,芮特-KY,13,0,13,富邦-花蓮,2024-04-08,9621
3481,群創,14,1,13,富邦-花蓮,2024-04-08,9621
00720B,元大投資級公司債,12,0,12,富邦-花蓮,2024-04-08,9621
4526,東台,12,0,12,富邦-花蓮,2024-04-08,9621
6191,精成科,13,1,12,富邦-花蓮,2024-04-08,9621
00909,國泰數位支付服務,12,1,11,富邦-花蓮,2024-04-08,9621
6189,豐藝,14,3,11,富邦-花蓮,2024-04-08,9621
6245,立端,11,1,10,富邦-花蓮,2024-04-08,9621
2453,凌群,11,1,10,富邦-花蓮,2024-04-08,9621
00632R,元大台灣50反1,190,3,187,富邦-花蓮,2024-04-09,9621
00937B,群益ESG投等債20,143,14,129,富邦-花蓮,2024-04-09,9621
00706L,期元大S＆P日圓正2,115,2,113,富邦-花蓮,2024-04-09,9621
00882,中信中國高股息,108,0,108,富邦-花蓮,2024-04-09,9621
2884,玉山金,106,2,104,富邦-花蓮,2024-04-09,9621
1802,台玻,100,1,99,富邦-花蓮,2024-04-09,9621
00927,群益半導體收益,95,3,92,富邦-花蓮,2024-04-09,9621
00664R,國泰臺灣加權反1,66,0,66,富邦-花蓮,2024-04-09,9621
00929,復華台灣科技優息,70,10,60,富邦-花蓮,2024-04-09,9621
3231,緯創,446,391,55,富邦-花蓮,2024-04-09,9621
00673R,期元大S＆P原油反1,55,0,55,富邦-花蓮,2024-04-09,9621
2371,大同,85,32,53,富邦-花蓮,2024-04-09,9621
1440,南紡,40,1,39,富邦-花蓮,2024-04-09,9621
00915,凱基優選高股息30,40,2,38,富邦-花蓮,2024-04-09,9621
2313,華通,39,4,35,富邦-花蓮,2024-04-09,9621
00733,富邦臺灣中小,34,0,34,富邦-花蓮,2024-04-09,9621
2344,華邦電,39,5,34,富邦-花蓮,2024-04-09,9621
3059,華晶科,41,7,34,富邦-花蓮,2024-04-09,9621
00919,群益台灣精選高息,49,17,32,富邦-花蓮,2024-04-09,9621
00772B,中信高評級公司債,30,0,30,富邦-花蓮,2024-04-09,9621
1618,合機,46,17,29,富邦-花蓮,2024-04-09,9621
3481,群創,58,30,28,富邦-花蓮,2024-04-09,9621
6189,豐藝,38,12,26,富邦-花蓮,2024-04-09,9621
1609,大亞,94,71,23,富邦-花蓮,2024-04-09,9621
3450,聯鈞,35,13,22,富邦-花蓮,2024-04-09,9621
2542,興富發,21,0,21,富邦-花蓮,2024-04-09,9621
3706,神達,57,36,21,富邦-花蓮,2024-04-09,9621
00637L,元大滬深300正2,20,0,20,富邦-花蓮,2024-04-09,9621
5511,德昌,20,0,20,富邦-花蓮,2024-04-09,9621
00679B,元大美債20年,19,0,19,富邦-花蓮,2024-04-09,9621
2442,新美齊,18,0,18,富邦-花蓮,2024-04-09,9621
6179,亞通,18,0,18,富邦-花蓮,2024-04-09,9621
00885,富邦越南,18,0,18,富邦-花蓮,2024-04-09,9621
3305,昇貿,17,0,17,富邦-花蓮,2024-04-09,9621
8011,台通,18,1,17,富邦-花蓮,2024-04-09,9621
2464,盟立,41,24,17,富邦-花蓮,2024-04-09,9621
1785,光洋科,19,3,16,富邦-花蓮,2024-04-09,9621
1587,吉茂,23,7,16,富邦-花蓮,2024-04-09,9621
1604,聲寶,15,0,15,富邦-花蓮,2024-04-09,9621
1522,堤維西,20,5,15,富邦-花蓮,2024-04-09,9621
2010,春源,15,0,15,富邦-花蓮,2024-04-09,9621
2014,中鴻,37,22,15,富邦-花蓮,2024-04-09,9621
3265,台星科,17,2,15,富邦-花蓮,2024-04-09,9621
2618,長榮航,21,6,15,富邦-花蓮,2024-04-09,9621
00939,統一台灣高息動能,25,11,14,富邦-花蓮,2024-04-09,9621
6112,邁達特,14,0,14,富邦-花蓮,2024-04-09,9621
1104,環泥,13,0,13,富邦-花蓮,2024-04-09,9621
2030,彰源,14,1,13,富邦-花蓮,2024-04-09,9621
2362,藍天,22,9,13,富邦-花蓮,2024-04-09,9621
6125,廣運,20,7,13,富邦-花蓮,2024-04-09,9621
00632R,元大台灣50反1,331,0,331,富邦-花蓮,2024-04-10,9621
2897,王道銀行,184,3,181,富邦-花蓮,2024-04-10,9621
00937B,群益ESG投等債20,114,1,113,富邦-花蓮,2024-04-10,9621
00712,復華富時不動產,113,4,109,富邦-花蓮,2024-04-10,9621
6016,康和證,109,0,109,富邦-花蓮,2024-04-10,9621
2888,新光金,149,41,108,富邦-花蓮,2024-04-10,9621
2884,玉山金,107,0,107,富邦-花蓮,2024-04-10,9621
3481,群創,95,5,90,富邦-花蓮,2024-04-10,9621
2845,遠東銀,90,1,89,富邦-花蓮,2024-04-10,9621
00909,國泰數位支付服務,99,21,78,富邦-花蓮,2024-04-10,9621
2515,中工,73,7,66,富邦-花蓮,2024-04-10,9621
2883,凱基金,72,7,65,富邦-花蓮,2024-04-10,9621
2317,鴻海,103,48,55,富邦-花蓮,2024-04-10,9621
1802,台玻,50,0,50,富邦-花蓮,2024-04-10,9621
2634,漢翔,70,28,42,富邦-花蓮,2024-04-10,9621
1455,集盛,40,0,40,富邦-花蓮,2024-04-10,9621
2882,國泰金,43,3,40,富邦-花蓮,2024-04-10,9621
00940,元大台灣價值高息,93,54,39,富邦-花蓮,2024-04-10,9621
00877,復華中國5G,41,4,37,富邦-花蓮,2024-04-10,9621
4303,信立,37,1,36,富邦-花蓮,2024-04-10,9621
3231,緯創,240,206,34,富邦-花蓮,2024-04-10,9621
2014,中鴻,64,31,33,富邦-花蓮,2024-04-10,9621
00929,復華台灣科技優息,74,42,32,富邦-花蓮,2024-04-10,9621
4960,誠美材,30,0,30,富邦-花蓮,2024-04-10,9621
8066,來思達,29,0,29,富邦-花蓮,2024-04-10,9621
2025,千興,26,2,24,富邦-花蓮,2024-04-10,9621
2027,大成鋼,24,2,22,富邦-花蓮,2024-04-10,9621
00673R,期元大S＆P原油反1,22,0,22,富邦-花蓮,2024-04-10,9621
2890,永豐金,32,11,21,富邦-花蓮,2024-04-10,9621
2371,大同,31,11,20,富邦-花蓮,2024-04-10,9621
3499,環天科,20,0,20,富邦-花蓮,2024-04-10,9621
2383,台光電,20,0,20,富邦-花蓮,2024-04-10,9621
2382,廣達,23,4,19,富邦-花蓮,2024-04-10,9621
6164,華興,17,0,17,富邦-花蓮,2024-04-10,9621
2303,聯電,69,52,17,富邦-花蓮,2024-04-10,9621
3706,神達,19,3,16,富邦-花蓮,2024-04-10,9621
00902,中信電池及儲能,16,0,16,富邦-花蓮,2024-04-10,9621
2009,第一銅,39,24,15,富邦-花蓮,2024-04-10,9621
2427,三商電,28,13,15,富邦-花蓮,2024-04-10,9621
5309,系統電,16,1,15,富邦-花蓮,2024-04-10,9621
2449,京元電子,14,0,14,富邦-花蓮,2024-04-10,9621
1528,恩德,13,0,13,富邦-花蓮,2024-04-10,9621
6189,豐藝,16,3,13,富邦-花蓮,2024-04-10,9621
8064,東捷,17,4,13,富邦-花蓮,2024-04-10,9621
1513,中興電,74,61,13,富邦-花蓮,2024-04-10,9621
2376,技嘉,23,10,13,富邦-花蓮,2024-04-10,9621
1717,長興,12,0,12,富邦-花蓮,2024-04-10,9621
2316,楠梓電,12,0,12,富邦-花蓮,2024-04-10,9621
3693,營邦,13,1,12,富邦-花蓮,2024-04-10,9621
4714,永捷,12,0,12,富邦-花蓮,2024-04-10,9621
3481,群創,188,6,182,富邦-花蓮,2024-04-11,9621
2845,遠東銀,162,1,161,富邦-花蓮,2024-04-11,9621
6026,福邦證,118,1,117,富邦-花蓮,2024-04-11,9621
00712,復華富時不動產,117,0,117,富邦-花蓮,2024-04-11,9621
2630,亞航,127,15,112,富邦-花蓮,2024-04-11,9621
00929,復華台灣科技優息,108,4,104,富邦-花蓮,2024-04-11,9621
00673R,期元大S＆P原油反1,102,5,97,富邦-花蓮,2024-04-11,9621
00937B,群益ESG投等債20,113,24,89,富邦-花蓮,2024-04-11,9621
1314,中石化,82,0,82,富邦-花蓮,2024-04-11,9621
5521,工信,72,0,72,富邦-花蓮,2024-04-11,9621
2409,友達,81,13,68,富邦-花蓮,2024-04-11,9621
2852,第一保,54,0,54,富邦-花蓮,2024-04-11,9621
6016,康和證,55,3,52,富邦-花蓮,2024-04-11,9621
0056,元大高股息,50,4,46,富邦-花蓮,2024-04-11,9621
2317,鴻海,100,57,43,富邦-花蓮,2024-04-11,9621
00679B,元大美債20年,42,1,41,富邦-花蓮,2024-04-11,9621
1786,科妍,40,0,40,富邦-花蓮,2024-04-11,9621
00720B,元大投資級公司債,58,20,38,富邦-花蓮,2024-04-11,9621
2634,漢翔,75,37,38,富邦-花蓮,2024-04-11,9621
2367,燿華,38,7,31,富邦-花蓮,2024-04-11,9621
00772B,中信高評級公司債,33,5,28,富邦-花蓮,2024-04-11,9621
2374,佳能,50,24,26,富邦-花蓮,2024-04-11,9621
6284,佳邦,25,2,23,富邦-花蓮,2024-04-11,9621
3005,神基,40,18,22,富邦-花蓮,2024-04-11,9621
2605,新興,25,4,21,富邦-花蓮,2024-04-11,9621
1909,榮成,20,0,20,富邦-花蓮,2024-04-11,9621
6215,和椿,32,12,20,富邦-花蓮,2024-04-11,9621
9105,泰金寶-DR,20,0,20,富邦-花蓮,2024-04-11,9621
1326,台化,20,1,19,富邦-花蓮,2024-04-11,9621
00687B,國泰20年美債,50,31,19,富邦-花蓮,2024-04-11,9621
6894,衛司特,19,0,19,富邦-花蓮,2024-04-11,9621
00680L,元大美債20正2,19,0,19,富邦-花蓮,2024-04-11,9621
2382,廣達,20,3,17,富邦-花蓮,2024-04-11,9621
3706,神達,32,16,16,富邦-花蓮,2024-04-11,9621
2356,英業達,27,11,16,富邦-花蓮,2024-04-11,9621
2313,華通,20,6,14,富邦-花蓮,2024-04-11,9621
1733,五鼎,14,0,14,富邦-花蓮,2024-04-11,9621
2344,華邦電,22,8,14,富邦-花蓮,2024-04-11,9621
3260,威剛,85,71,14,富邦-花蓮,2024-04-11,9621
6753,龍德造船,15,2,13,富邦-花蓮,2024-04-11,9621
2376,技嘉,24,11,13,富邦-花蓮,2024-04-11,9621
2537,聯上發,15,2,13,富邦-花蓮,2024-04-11,9621
2611,志信,13,0,13,富邦-花蓮,2024-04-11,9621
6213,聯茂,15,2,13,富邦-花蓮,2024-04-11,9621
6550,北極星藥業-KY,13,0,13,富邦-花蓮,2024-04-11,9621
2308,台達電,15,2,13,富邦-花蓮,2024-04-11,9621
3576,聯合再生,63,51,12,富邦-花蓮,2024-04-11,9621
00936,台新永續高息中小,11,0,11,富邦-花蓮,2024-04-11,9621
00722B,群益投資級電信債,11,0,11,富邦-花蓮,2024-04-11,9621
00915,凱基優選高股息30,11,0,11,富邦-花蓮,2024-04-11,9621
00706L,期元大S＆P日圓正2,207,0,207,富邦-花蓮,2024-04-12,9621
00772B,中信高評級公司債,202,0,202,富邦-花蓮,2024-04-12,9621
00937B,群益ESG投等債20,126,0,126,富邦-花蓮,2024-04-12,9621
00929,復華台灣科技優息,157,35,122,富邦-花蓮,2024-04-12,9621
2610,華航,128,21,107,富邦-花蓮,2024-04-12,9621
2884,玉山金,104,0,104,富邦-花蓮,2024-04-12,9621
2353,宏��,151,61,90,富邦-花蓮,2024-04-12,9621
2501,國建,77,14,63,富邦-花蓮,2024-04-12,9621
2834,臺企銀,53,0,53,富邦-花蓮,2024-04-12,9621
1314,中石化,50,0,50,富邦-花蓮,2024-04-12,9621
00680L,元大美債20正2,49,0,49,富邦-花蓮,2024-04-12,9621
2537,聯上發,78,30,48,富邦-花蓮,2024-04-12,9621
00687B,國泰20年美債,49,5,44,富邦-花蓮,2024-04-12,9621
2007,燁興,40,0,40,富邦-花蓮,2024-04-12,9621
2356,英業達,42,4,38,富邦-花蓮,2024-04-12,9621
2472,立隆電,36,1,35,富邦-花蓮,2024-04-12,9621
2883,凱基金,35,3,32,富邦-花蓮,2024-04-12,9621
00933B,國泰10Y+金融債,33,0,33,富邦-花蓮,2024-04-12,9621
8096,擎亞,65,35,30,富邦-花蓮,2024-04-12,9621
2882,國泰金,40,12,28,富邦-花蓮,2024-04-12,9621
2344,華邦電,30,3,27,富邦-花蓮,2024-04-12,9621
1101,台泥,23,0,23,富邦-花蓮,2024-04-12,9621
8088,品安,23,0,23,富邦-花蓮,2024-04-12,9621
3231,緯創,268,246,22,富邦-花蓮,2024-04-12,9621
1434,福懋,21,0,21,富邦-花蓮,2024-04-12,9621
2382,廣達,37,17,20,富邦-花蓮,2024-04-12,9621
00650L,復華香港正2,20,0,20,富邦-花蓮,2024-04-12,9621
00655L,國泰中國A50正2,20,0,20,富邦-花蓮,2024-04-12,9621
00927,群益半導體收益,20,0,20,富邦-花蓮,2024-04-12,9621
2845,遠東銀,20,0,20,富邦-花蓮,2024-04-12,9621
5251,天鉞電,20,0,20,富邦-花蓮,2024-04-12,9621
5521,工信,103,83,20,富邦-花蓮,2024-04-12,9621
3673,TPK-KY,19,0,19,富邦-花蓮,2024-04-12,9621
00679B,元大美債20年,29,12,17,富邦-花蓮,2024-04-12,9621
2409,友達,30,13,17,富邦-花蓮,2024-04-12,9621
00674R,期元大S＆P黃金反1,17,0,17,富邦-花蓮,2024-04-12,9621
1717,長興,16,0,16,富邦-花蓮,2024-04-12,9621
2329,華泰,21,6,15,富邦-花蓮,2024-04-12,9621
6550,北極星藥業-KY,17,2,15,富邦-花蓮,2024-04-12,9621
8011,台通,32,17,15,富邦-花蓮,2024-04-12,9621
00878,國泰永續高股息,29,15,14,富邦-花蓮,2024-04-12,9621
2618,長榮航,37,23,14,富邦-花蓮,2024-04-12,9621
00733,富邦臺灣中小,13,0,13,富邦-花蓮,2024-04-12,9621
00693U,期街口S＆P黃豆,13,0,13,富邦-花蓮,2024-04-12,9621
00939,統一台灣高息動能,12,0,12,富邦-花蓮,2024-04-12,9621
1217,愛之味,12,0,12,富邦-花蓮,2024-04-12,9621
2506,太設,16,4,12,富邦-花蓮,2024-04-12,9621
2887,台新金,12,0,12,富邦-花蓮,2024-04-12,9621
6235,華孚,12,1,11,富邦-花蓮,2024-04-12,9621
2890,永豐金,18,7,11,富邦-花蓮,2024-04-12,9621
00929,復華台灣科技優息,467,24,443,富邦-花蓮,2024-04-15,9621
00772B,中信高評級公司債,242,0,242,富邦-花蓮,2024-04-15,9621
2867,三商壽,177,10,167,富邦-花蓮,2024-04-15,9621
6026,福邦證,162,0,162,富邦-花蓮,2024-04-15,9621
3481,群創,137,11,126,富邦-花蓮,2024-04-15,9621
00937B,群益ESG投等債20,111,1,110,富邦-花蓮,2024-04-15,9621
00933B,國泰10Y+金融債,145,40,105,富邦-花蓮,2024-04-15,9621
00927,群益半導體收益,89,0,89,富邦-花蓮,2024-04-15,9621
2009,第一銅,101,28,73,富邦-花蓮,2024-04-15,9621
2409,友達,76,11,65,富邦-花蓮,2024-04-15,9621
00733,富邦臺灣中小,76,14,62,富邦-花蓮,2024-04-15,9621
00919,群益台灣精選高息,74,13,61,富邦-花蓮,2024-04-15,9621
2002,中鋼,58,0,58,富邦-花蓮,2024-04-15,9621
0056,元大高股息,58,0,58,富邦-花蓮,2024-04-15,9621
2371,大同,152,96,56,富邦-花蓮,2024-04-15,9621
00706L,期元大S＆P日圓正2,55,0,55,富邦-花蓮,2024-04-15,9621
4533,協易機,76,22,54,富邦-花蓮,2024-04-15,9621
1513,中興電,166,115,51,富邦-花蓮,2024-04-15,9621
00650L,復華香港正2,80,30,50,富邦-花蓮,2024-04-15,9621
1608,華榮,137,91,46,富邦-花蓮,2024-04-15,9621
1605,華新,130,89,41,富邦-花蓮,2024-04-15,9621
2303,聯電,43,3,40,富邦-花蓮,2024-04-15,9621
2356,英業達,54,14,40,富邦-花蓮,2024-04-15,9621
2367,燿華,104,67,37,富邦-花蓮,2024-04-15,9621
1514,亞力,170,138,32,富邦-花蓮,2024-04-15,9621
4916,事欣科,29,2,27,富邦-花蓮,2024-04-15,9621
2405,輔信,26,0,26,富邦-花蓮,2024-04-15,9621
2317,鴻海,64,40,24,富邦-花蓮,2024-04-15,9621
00941,中信上游半導體,24,0,24,富邦-花蓮,2024-04-15,9621
1785,光洋科,29,5,24,富邦-花蓮,2024-04-15,9621
2834,臺企銀,31,7,24,富邦-花蓮,2024-04-15,9621
3622,洋華,33,11,22,富邦-花蓮,2024-04-15,9621
3564,其陽,22,0,22,富邦-花蓮,2024-04-15,9621
3231,緯創,126,104,22,富邦-花蓮,2024-04-15,9621
2349,錸德,21,0,21,富邦-花蓮,2024-04-15,9621
2313,華通,21,2,19,富邦-花蓮,2024-04-15,9621
2888,新光金,20,1,19,富邦-花蓮,2024-04-15,9621
00712,復華富時不動產,18,0,18,富邦-花蓮,2024-04-15,9621
2515,中工,22,4,18,富邦-花蓮,2024-04-15,9621
3037,欣興,20,3,17,富邦-花蓮,2024-04-15,9621
3615,安可,21,4,17,富邦-花蓮,2024-04-15,9621
2353,宏��,33,17,16,富邦-花蓮,2024-04-15,9621
00918,大華優利高填息30,16,0,16,富邦-花蓮,2024-04-15,9621
1616,億泰,25,10,15,富邦-花蓮,2024-04-15,9621
00939,統一台灣高息動能,14,0,14,富邦-花蓮,2024-04-15,9621
2816,旺旺保,14,0,14,富邦-花蓮,2024-04-15,9621
3712,永崴投控,19,5,14,富邦-花蓮,2024-04-15,9621
5439,高技,14,0,14,富邦-花蓮,2024-04-15,9621
1815,富喬,15,2,13,富邦-花蓮,2024-04-15,9621
2419,仲琦,13,0,13,富邦-花蓮,2024-04-15,9621
00940,元大台灣價值高息,935,17,918,富邦-花蓮,2024-04-16,9621
00929,復華台灣科技優息,497,193,304,富邦-花蓮,2024-04-16,9621
00919,群益台灣精選高息,332,70,262,富邦-花蓮,2024-04-16,9621
00937B,群益ESG投等債20,240,9,231,富邦-花蓮,2024-04-16,9621
2883,凱基金,195,5,190,富邦-花蓮,2024-04-16,9621
00939,統一台灣高息動能,164,5,159,富邦-花蓮,2024-04-16,9621
00878,國泰永續高股息,185,47,138,富邦-花蓮,2024-04-16,9621
00933B,國泰10Y+金融債,140,5,135,富邦-花蓮,2024-04-16,9621
0056,元大高股息,135,3,132,富邦-花蓮,2024-04-16,9621
00772B,中信高評級公司債,102,3,99,富邦-花蓮,2024-04-16,9621
2303,聯電,93,26,67,富邦-花蓮,2024-04-16,9621
5521,工信,61,2,59,富邦-花蓮,2024-04-16,9621
2834,臺企銀,65,7,58,富邦-花蓮,2024-04-16,9621
6016,康和證,58,0,58,富邦-花蓮,2024-04-16,9621
00923,群益台ESG低碳50,61,3,58,富邦-花蓮,2024-04-16,9621
2618,長榮航,79,25,54,富邦-花蓮,2024-04-16,9621
00927,群益半導體收益,73,20,53,富邦-花蓮,2024-04-16,9621
00650L,復華香港正2,70,18,52,富邦-花蓮,2024-04-16,9621
1616,億泰,56,10,46,富邦-花蓮,2024-04-16,9621
9945,潤泰新,42,0,42,富邦-花蓮,2024-04-16,9621
2845,遠東銀,34,0,34,富邦-花蓮,2024-04-16,9621
1536,和大,32,0,32,富邦-花蓮,2024-04-16,9621
2101,南港,34,2,32,富邦-花蓮,2024-04-16,9621
3231,緯創,304,275,29,富邦-花蓮,2024-04-16,9621
1605,華新,30,2,28,富邦-花蓮,2024-04-16,9621
2442,新美齊,27,0,27,富邦-花蓮,2024-04-16,9621
006208,富邦台50,34,7,27,富邦-花蓮,2024-04-16,9621
2301,光寶科,27,1,26,富邦-花蓮,2024-04-16,9621
8358,金居,30,4,26,富邦-花蓮,2024-04-16,9621
00665L,富邦�琤肭磪囓�2,70,45,25,富邦-花蓮,2024-04-16,9621
2892,第一金,25,0,25,富邦-花蓮,2024-04-16,9621
00712,復華富時不動產,38,13,25,富邦-花蓮,2024-04-16,9621
1301,台塑,25,1,24,富邦-花蓮,2024-04-16,9621
2887,台新金,26,3,23,富邦-花蓮,2024-04-16,9621
00885,富邦越南,23,0,23,富邦-花蓮,2024-04-16,9621
00905,FT臺灣Smart,23,0,23,富邦-花蓮,2024-04-16,9621
3402,漢科,38,16,22,富邦-花蓮,2024-04-16,9621
2308,台達電,25,3,22,富邦-花蓮,2024-04-16,9621
4960,誠美材,27,5,22,富邦-花蓮,2024-04-16,9621
00722B,群益投資級電信債,21,0,21,富邦-花蓮,2024-04-16,9621
2009,第一銅,61,40,21,富邦-花蓮,2024-04-16,9621
2317,鴻海,175,154,21,富邦-花蓮,2024-04-16,9621
8046,南電,20,0,20,富邦-花蓮,2024-04-16,9621
0050,元大台灣50,20,0,20,富邦-花蓮,2024-04-16,9621
1909,榮成,20,0,20,富邦-花蓮,2024-04-16,9621
2838,聯邦銀,20,0,20,富邦-花蓮,2024-04-16,9621
2330,台積電,33,13,20,富邦-花蓮,2024-04-16,9621
2408,南亞科,49,29,20,富邦-花蓮,2024-04-16,9621
2881,富邦金,22,2,20,富邦-花蓮,2024-04-16,9621
3059,華晶科,20,1,19,富邦-花蓮,2024-04-16,9621
00676R,富邦臺灣加權反1,500,0,500,富邦-花蓮,2024-04-17,9621
00632R,元大台灣50反1,190,1,189,富邦-花蓮,2024-04-17,9621
00929,復華台灣科技優息,142,0,142,富邦-花蓮,2024-04-17,9621
00937B,群益ESG投等債20,131,0,131,富邦-花蓮,2024-04-17,9621
0056,元大高股息,112,1,111,富邦-花蓮,2024-04-17,9621
00933B,國泰10Y+金融債,76,0,76,富邦-花蓮,2024-04-17,9621
00927,群益半導體收益,73,0,73,富邦-花蓮,2024-04-17,9621
2356,英業達,86,17,69,富邦-花蓮,2024-04-17,9621
00712,復華富時不動產,66,0,66,富邦-花蓮,2024-04-17,9621
00905,FT臺灣Smart,76,10,66,富邦-花蓮,2024-04-17,9621
6770,力積電,69,6,63,富邦-花蓮,2024-04-17,9621
3231,緯創,474,414,60,富邦-花蓮,2024-04-17,9621
8085,福華,55,1,54,富邦-花蓮,2024-04-17,9621
00753L,中信中國50正2,40,0,40,富邦-花蓮,2024-04-17,9621
00650L,復華香港正2,40,0,40,富邦-花蓮,2024-04-17,9621
8033,雷虎,40,1,39,富邦-花蓮,2024-04-17,9621
2303,聯電,39,1,38,富邦-花蓮,2024-04-17,9621
2501,國建,43,6,37,富邦-花蓮,2024-04-17,9621
2002,中鋼,38,2,36,富邦-花蓮,2024-04-17,9621
00772B,中信高評級公司債,64,30,34,富邦-花蓮,2024-04-17,9621
00919,群益台灣精選高息,73,39,34,富邦-花蓮,2024-04-17,9621
3481,群創,35,2,33,富邦-花蓮,2024-04-17,9621
00878,國泰永續高股息,49,17,32,富邦-花蓮,2024-04-17,9621
00687B,國泰20年美債,42,14,28,富邦-花蓮,2024-04-17,9621
1504,東元,81,54,27,富邦-花蓮,2024-04-17,9621
5392,能率,24,0,24,富邦-花蓮,2024-04-17,9621
2344,華邦電,34,11,23,富邦-花蓮,2024-04-17,9621
00713,元大台灣高息低波,23,0,23,富邦-花蓮,2024-04-17,9621
00665L,富邦�琤肭磪囓�2,106,83,23,富邦-花蓮,2024-04-17,9621
2618,長榮航,24,2,22,富邦-花蓮,2024-04-17,9621
5511,德昌,22,0,22,富邦-花蓮,2024-04-17,9621
1316,上曜,21,0,21,富邦-花蓮,2024-04-17,9621
2515,中工,62,41,21,富邦-花蓮,2024-04-17,9621
3706,神達,32,13,19,富邦-花蓮,2024-04-17,9621
1710,東聯,19,0,19,富邦-花蓮,2024-04-17,9621
1101,台泥,23,4,19,富邦-花蓮,2024-04-17,9621
2353,宏��,25,7,18,富邦-花蓮,2024-04-17,9621
6213,聯茂,27,10,17,富邦-花蓮,2024-04-17,9621
6283,淳安,29,12,17,富邦-花蓮,2024-04-17,9621
2867,三商壽,27,11,16,富邦-花蓮,2024-04-17,9621
4952,凌通,21,5,16,富邦-花蓮,2024-04-17,9621
2317,鴻海,106,90,16,富邦-花蓮,2024-04-17,9621
8096,擎亞,36,21,15,富邦-花蓮,2024-04-17,9621
2812,台中銀,15,0,15,富邦-花蓮,2024-04-17,9621
2382,廣達,25,10,15,富邦-花蓮,2024-04-17,9621
00857B,永豐20年美公債,14,0,14,富邦-花蓮,2024-04-17,9621
00688L,國泰20年美債正2,14,0,14,富邦-花蓮,2024-04-17,9621
2537,聯上發,14,0,14,富邦-花蓮,2024-04-17,9621
5871,中租-KY,12,0,12,富邦-花蓮,2024-04-17,9621
3013,晟銘電,23,11,12,富邦-花蓮,2024-04-17,9621
00929,復華台灣科技優息,253,13,240,富邦-花蓮,2024-04-18,9621
00937B,群益ESG投等債20,108,5,103,富邦-花蓮,2024-04-18,9621
00632R,元大台灣50反1,90,0,90,富邦-花蓮,2024-04-18,9621
1605,華新,134,68,66,富邦-花蓮,2024-04-18,9621
00941,中信上游半導體,62,4,58,富邦-花蓮,2024-04-18,9621
00940,元大台灣價值高息,80,26,54,富邦-花蓮,2024-04-18,9621
00942B,台新美A公司債20+,52,0,52,富邦-花蓮,2024-04-18,9621
5351,鈺創,50,0,50,富邦-花蓮,2024-04-18,9621
2371,大同,183,135,48,富邦-花蓮,2024-04-18,9621
4157,太景*-KY,75,30,45,富邦-花蓮,2024-04-18,9621
1504,東元,122,77,45,富邦-花蓮,2024-04-18,9621
0056,元大高股息,52,8,44,富邦-花蓮,2024-04-18,9621
2889,國票金,40,0,40,富邦-花蓮,2024-04-18,9621
4142,國光生,44,6,38,富邦-花蓮,2024-04-18,9621
2618,長榮航,71,37,34,富邦-花蓮,2024-04-18,9621
00753L,中信中國50正2,33,0,33,富邦-花蓮,2024-04-18,9621
3209,全科,32,0,32,富邦-花蓮,2024-04-18,9621
00650L,復華香港正2,30,0,30,富邦-花蓮,2024-04-18,9621
2409,友達,30,0,30,富邦-花蓮,2024-04-18,9621
2101,南港,36,7,29,富邦-花蓮,2024-04-18,9621
00680L,元大美債20正2,28,0,28,富邦-花蓮,2024-04-18,9621
2457,飛宏,33,5,28,富邦-花蓮,2024-04-18,9621
8046,南電,27,0,27,富邦-花蓮,2024-04-18,9621
3481,群創,50,23,27,富邦-花蓮,2024-04-18,9621
00696B,富邦美債20年,27,0,27,富邦-花蓮,2024-04-18,9621
3707,漢磊,30,3,27,富邦-花蓮,2024-04-18,9621
00939,統一台灣高息動能,27,2,25,富邦-花蓮,2024-04-18,9621
2353,宏��,27,6,21,富邦-花蓮,2024-04-18,9621
1310,台苯,20,0,20,富邦-花蓮,2024-04-18,9621
6283,淳安,20,0,20,富邦-花蓮,2024-04-18,9621
6770,力積電,28,9,19,富邦-花蓮,2024-04-18,9621
2374,佳能,31,12,19,富邦-花蓮,2024-04-18,9621
4127,天良,22,3,19,富邦-花蓮,2024-04-18,9621
00772B,中信高評級公司債,17,0,17,富邦-花蓮,2024-04-18,9621
00712,復華富時不動產,17,0,17,富邦-花蓮,2024-04-18,9621
3016,嘉晶,18,1,17,富邦-花蓮,2024-04-18,9621
4303,信立,31,14,17,富邦-花蓮,2024-04-18,9621
2356,英業達,23,7,16,富邦-花蓮,2024-04-18,9621
1101,台泥,25,9,16,富邦-花蓮,2024-04-18,9621
2344,華邦電,18,2,16,富邦-花蓮,2024-04-18,9621
00885,富邦越南,15,0,15,富邦-花蓮,2024-04-18,9621
8054,安國,54,39,15,富邦-花蓮,2024-04-18,9621
1617,榮星,16,1,15,富邦-花蓮,2024-04-18,9621
2501,國建,32,17,15,富邦-花蓮,2024-04-18,9621
2610,華航,32,17,15,富邦-花蓮,2024-04-18,9621
1445,大宇,14,0,14,富邦-花蓮,2024-04-18,9621
9933,中鼎,23,9,14,富邦-花蓮,2024-04-18,9621
2630,亞航,33,20,13,富邦-花蓮,2024-04-18,9621
3231,緯創,133,121,12,富邦-花蓮,2024-04-18,9621
2303,聯電,29,18,11,富邦-花蓮,2024-04-18,9621
00929,復華台灣科技優息,729,156,573,富邦-花蓮,2024-04-19,9621
00940,元大台灣價值高息,640,174,466,富邦-花蓮,2024-04-19,9621
5512,力麒,272,56,216,富邦-花蓮,2024-04-19,9621
2303,聯電,155,6,149,富邦-花蓮,2024-04-19,9621
0056,元大高股息,147,40,107,富邦-花蓮,2024-04-19,9621
00878,國泰永續高股息,193,89,104,富邦-花蓮,2024-04-19,9621
00939,統一台灣高息動能,163,69,94,富邦-花蓮,2024-04-19,9621
2330,台積電,102,15,87,富邦-花蓮,2024-04-19,9621
00642U,期元大S＆P石油,80,1,79,富邦-花蓮,2024-04-19,9621
00919,群益台灣精選高息,198,121,77,富邦-花蓮,2024-04-19,9621
2515,中工,226,157,69,富邦-花蓮,2024-04-19,9621
6770,力積電,113,49,64,富邦-花蓮,2024-04-19,9621
2887,台新金,65,4,61,富邦-花蓮,2024-04-19,9621
2367,燿華,107,48,59,富邦-花蓮,2024-04-19,9621
5351,鈺創,52,2,50,富邦-花蓮,2024-04-19,9621
1609,大亞,346,298,48,富邦-花蓮,2024-04-19,9621
0050,元大台灣50,45,0,45,富邦-花蓮,2024-04-19,9621
2317,鴻海,395,354,41,富邦-花蓮,2024-04-19,9621
2408,南亞科,44,3,41,富邦-花蓮,2024-04-19,9621
2892,第一金,41,0,41,富邦-花蓮,2024-04-19,9621
00922,國泰台灣領袖50,40,0,40,富邦-花蓮,2024-04-19,9621
00923,群益台ESG低碳50,52,13,39,富邦-花蓮,2024-04-19,9621
2888,新光金,48,10,38,富邦-花蓮,2024-04-19,9621
2883,凱基金,48,10,38,富邦-花蓮,2024-04-19,9621
1710,東聯,36,0,36,富邦-花蓮,2024-04-19,9621
2834,臺企銀,35,0,35,富邦-花蓮,2024-04-19,9621
3481,群創,49,15,34,富邦-花蓮,2024-04-19,9621
00941,中信上游半導體,46,13,33,富邦-花蓮,2024-04-19,9621
5871,中租-KY,31,0,31,富邦-花蓮,2024-04-19,9621
2845,遠東銀,31,1,30,富邦-花蓮,2024-04-19,9621
1612,宏泰,49,20,29,富邦-花蓮,2024-04-19,9621
8936,國統,48,20,28,富邦-花蓮,2024-04-19,9621
00881,國泰台灣5G+,27,0,27,富邦-花蓮,2024-04-19,9621
2610,華航,36,10,26,富邦-花蓮,2024-04-19,9621
4939,亞電,26,0,26,富邦-花蓮,2024-04-19,9621
2897,王道銀行,28,3,25,富邦-花蓮,2024-04-19,9621
00885,富邦越南,25,0,25,富邦-花蓮,2024-04-19,9621
2885,元大金,25,1,24,富邦-花蓮,2024-04-19,9621
00937B,群益ESG投等債20,55,31,24,富邦-花蓮,2024-04-19,9621
006208,富邦台50,29,6,23,富邦-花蓮,2024-04-19,9621
9955,佳龍,45,22,23,富邦-花蓮,2024-04-19,9621
2363,矽統,43,21,22,富邦-花蓮,2024-04-19,9621
6233,旺玖,57,35,22,富邦-花蓮,2024-04-19,9621
2641,正德,22,1,21,富邦-花蓮,2024-04-19,9621
00935,野村臺灣新科技50,25,4,21,富邦-花蓮,2024-04-19,9621
00688L,國泰20年美債正2,22,1,21,富邦-花蓮,2024-04-19,9621
2520,冠德,23,2,21,富邦-花蓮,2024-04-19,9621
2890,永豐金,21,0,21,富邦-花蓮,2024-04-19,9621
00650L,復華香港正2,21,0,21,富邦-花蓮,2024-04-19,9621
6290,良維,20,0,20,富邦-花蓮,2024-04-19,9621
00940,元大台灣價值高息,540,46,494,富邦-花蓮,2024-04-22,9621
00929,復華台灣科技優息,415,97,318,富邦-花蓮,2024-04-22,9621
2356,英業達,295,9,286,富邦-花蓮,2024-04-22,9621
00937B,群益ESG投等債20,182,11,171,富邦-花蓮,2024-04-22,9621
2303,聯電,123,2,121,富邦-花蓮,2024-04-22,9621
00939,統一台灣高息動能,117,11,106,富邦-花蓮,2024-04-22,9621
00772B,中信高評級公司債,102,0,102,富邦-花蓮,2024-04-22,9621
3015,全漢,102,0,102,富邦-花蓮,2024-04-22,9621
3231,緯創,607,520,87,富邦-花蓮,2024-04-22,9621
00919,群益台灣精選高息,329,252,77,富邦-花蓮,2024-04-22,9621
00941,中信上游半導體,76,2,74,富邦-花蓮,2024-04-22,9621
00878,國泰永續高股息,81,7,74,富邦-花蓮,2024-04-22,9621
2101,南港,92,23,69,富邦-花蓮,2024-04-22,9621
2845,遠東銀,70,6,64,富邦-花蓮,2024-04-22,9621
2852,第一保,55,0,55,富邦-花蓮,2024-04-22,9621
2329,華泰,57,12,45,富邦-花蓮,2024-04-22,9621
6770,力積電,62,18,44,富邦-花蓮,2024-04-22,9621
2371,大同,285,244,41,富邦-花蓮,2024-04-22,9621
2409,友達,35,1,34,富邦-花蓮,2024-04-22,9621
1808,潤隆,39,6,33,富邦-花蓮,2024-04-22,9621
2014,中鴻,35,2,33,富邦-花蓮,2024-04-22,9621
1608,華榮,53,26,27,富邦-花蓮,2024-04-22,9621
4909,新復興,25,0,25,富邦-花蓮,2024-04-22,9621
2547,日勝生,44,19,25,富邦-花蓮,2024-04-22,9621
0056,元大高股息,84,59,25,富邦-花蓮,2024-04-22,9621
2597,潤弘,24,1,23,富邦-花蓮,2024-04-22,9621
3703,欣陸,40,17,23,富邦-花蓮,2024-04-22,9621
4532,瑞智,51,29,22,富邦-花蓮,2024-04-22,9621
00932,兆豐永續高息等權,21,0,21,富邦-花蓮,2024-04-22,9621
00942B,台新美A公司債20+,21,0,21,富邦-花蓮,2024-04-22,9621
4167,松瑞藥,22,2,20,富邦-花蓮,2024-04-22,9621
00918,大華優利高填息30,20,0,20,富邦-花蓮,2024-04-22,9621
4960,誠美材,20,0,20,富邦-花蓮,2024-04-22,9621
5498,凱崴,20,0,20,富邦-花蓮,2024-04-22,9621
00927,群益半導體收益,19,0,19,富邦-花蓮,2024-04-22,9621
3013,晟銘電,33,15,18,富邦-花蓮,2024-04-22,9621
1609,大亞,187,169,18,富邦-花蓮,2024-04-22,9621
6005,群益證,37,19,18,富邦-花蓮,2024-04-22,9621
00935,野村臺灣新科技50,17,0,17,富邦-花蓮,2024-04-22,9621
6505,台塑化,20,3,17,富邦-花蓮,2024-04-22,9621
3706,神達,19,2,17,富邦-花蓮,2024-04-22,9621
2607,榮運,16,0,16,富邦-花蓮,2024-04-22,9621
5230,雷笛克光學,19,3,16,富邦-花蓮,2024-04-22,9621
9103,美德醫療-DR,16,0,16,富邦-花蓮,2024-04-22,9621
2388,威盛,15,0,15,富邦-花蓮,2024-04-22,9621
3010,華立,15,0,15,富邦-花蓮,2024-04-22,9621
00680L,元大美債20正2,15,0,15,富邦-花蓮,2024-04-22,9621
2025,千興,15,0,15,富邦-花蓮,2024-04-22,9621
2504,國產,18,3,15,富邦-花蓮,2024-04-22,9621
9945,潤泰新,17,2,15,富邦-花蓮,2024-04-22,9621
00940,元大台灣價值高息,133,28,105,富邦-花蓮,2024-04-23,9621
00919,群益台灣精選高息,64,0,64,富邦-花蓮,2024-04-23,9621
00939,統一台灣高息動能,64,3,61,富邦-花蓮,2024-04-23,9621
00706L,期元大S＆P日圓正2,60,0,60,富邦-花蓮,2024-04-23,9621
4909,新復興,58,3,55,富邦-花蓮,2024-04-23,9621
2303,聯電,55,8,47,富邦-花蓮,2024-04-23,9621
00929,復華台灣科技優息,96,51,45,富邦-花蓮,2024-04-23,9621
3481,群創,74,30,44,富邦-花蓮,2024-04-23,9621
2101,南港,79,38,41,富邦-花蓮,2024-04-23,9621
5521,工信,97,62,35,富邦-花蓮,2024-04-23,9621
2852,第一保,25,0,25,富邦-花蓮,2024-04-23,9621
6505,台塑化,25,0,25,富邦-花蓮,2024-04-23,9621
2367,燿華,32,7,25,富邦-花蓮,2024-04-23,9621
00878,國泰永續高股息,32,9,23,富邦-花蓮,2024-04-23,9621
2007,燁興,20,0,20,富邦-花蓮,2024-04-23,9621
2801,彰銀,20,0,20,富邦-花蓮,2024-04-23,9621
1609,大亞,150,131,19,富邦-花蓮,2024-04-23,9621
6005,群益證,26,8,18,富邦-花蓮,2024-04-23,9621
3708,上緯投控,27,10,17,富邦-花蓮,2024-04-23,9621
6770,力積電,17,0,17,富邦-花蓮,2024-04-23,9621
0056,元大高股息,22,6,16,富邦-花蓮,2024-04-23,9621
00918,大華優利高填息30,14,1,13,富邦-花蓮,2024-04-23,9621
1227,佳格,13,0,13,富邦-花蓮,2024-04-23,9621
6182,合晶,13,0,13,富邦-花蓮,2024-04-23,9621
3015,全漢,13,1,12,富邦-花蓮,2024-04-23,9621
3715,定穎投控,13,1,12,富邦-花蓮,2024-04-23,9621
2890,永豐金,11,0,11,富邦-花蓮,2024-04-23,9621
1409,新纖,11,0,11,富邦-花蓮,2024-04-23,9621
6282,康舒,12,1,11,富邦-花蓮,2024-04-23,9621
00632R,元大台灣50反1,10,0,10,富邦-花蓮,2024-04-23,9621
1447,力鵬,10,0,10,富邦-花蓮,2024-04-23,9621
2515,中工,176,166,10,富邦-花蓮,2024-04-23,9621
2889,國票金,12,2,10,富邦-花蓮,2024-04-23,9621
3622,洋華,10,0,10,富邦-花蓮,2024-04-23,9621
3701,大眾控,10,0,10,富邦-花蓮,2024-04-23,9621
6443,元晶,10,0,10,富邦-花蓮,2024-04-23,9621
00935,野村臺灣新科技50,9,0,9,富邦-花蓮,2024-04-23,9621
2027,大成鋼,11,2,9,富邦-花蓮,2024-04-23,9621
4167,松瑞藥,10,1,9,富邦-花蓮,2024-04-23,9621
8033,雷虎,10,1,9,富邦-花蓮,2024-04-23,9621
4303,信立,10,2,8,富邦-花蓮,2024-04-23,9621
8046,南電,7,0,7,富邦-花蓮,2024-04-23,9621
3024,憶聲,55,48,7,富邦-花蓮,2024-04-23,9621
6806,森崴能源,10,3,7,富邦-花蓮,2024-04-23,9621
2547,日勝生,19,12,7,富邦-花蓮,2024-04-23,9621
2885,元大金,8,1,7,富邦-花蓮,2024-04-23,9621
1305,華夏,6,0,6,富邦-花蓮,2024-04-23,9621
1808,潤隆,6,0,6,富邦-花蓮,2024-04-23,9621
1809,中釉,6,0,6,富邦-花蓮,2024-04-23,9621
2605,新興,8,2,6,富邦-花蓮,2024-04-23,9621
1608,華榮,150,24,126,富邦-花蓮,2024-04-24,9621
3481,群創,131,9,122,富邦-花蓮,2024-04-24,9621
00664R,國泰臺灣加權反1,110,0,110,富邦-花蓮,2024-04-24,9621
00632R,元大台灣50反1,198,100,98,富邦-花蓮,2024-04-24,9621
2409,友達,101,4,97,富邦-花蓮,2024-04-24,9621
2368,金像電,93,3,90,富邦-花蓮,2024-04-24,9621
1612,宏泰,67,5,62,富邦-花蓮,2024-04-24,9621
00706L,期元大S＆P日圓正2,55,0,55,富邦-花蓮,2024-04-24,9621
4306,炎洲,52,2,50,富邦-花蓮,2024-04-24,9621
2834,臺企銀,48,0,48,富邦-花蓮,2024-04-24,9621
00929,復華台灣科技優息,90,47,43,富邦-花蓮,2024-04-24,9621
2890,永豐金,41,0,41,富邦-花蓮,2024-04-24,9621
2511,太子,40,1,39,富邦-花蓮,2024-04-24,9621
2634,漢翔,61,25,36,富邦-花蓮,2024-04-24,9621
6005,群益證,41,5,36,富邦-花蓮,2024-04-24,9621
2547,日勝生,33,0,33,富邦-花蓮,2024-04-24,9621
1731,美吾華,32,1,31,富邦-花蓮,2024-04-24,9621
2206,三陽工業,77,47,30,富邦-花蓮,2024-04-24,9621
6215,和椿,40,12,28,富邦-花蓮,2024-04-24,9621
1603,華電,34,7,27,富邦-花蓮,2024-04-24,9621
00919,群益台灣精選高息,86,59,27,富邦-花蓮,2024-04-24,9621
3390,旭軟,25,1,24,富邦-花蓮,2024-04-24,9621
6244,茂迪,24,1,23,富邦-花蓮,2024-04-24,9621
00673R,期元大S＆P原油反1,22,0,22,富邦-花蓮,2024-04-24,9621
2852,第一保,22,0,22,富邦-花蓮,2024-04-24,9621
00941,中信上游半導體,22,1,21,富邦-花蓮,2024-04-24,9621
00909,國泰數位支付服務,20,0,20,富邦-花蓮,2024-04-24,9621
3535,晶彩科,20,0,20,富邦-花蓮,2024-04-24,9621
00679B,元大美債20年,26,7,19,富邦-花蓮,2024-04-24,9621
1108,幸福,19,0,19,富邦-花蓮,2024-04-24,9621
2421,建準,23,4,19,富邦-花蓮,2024-04-24,9621
3686,達能,22,3,19,富邦-花蓮,2024-04-24,9621
6136,富爾特,19,0,19,富邦-花蓮,2024-04-24,9621
2388,威盛,35,16,19,富邦-花蓮,2024-04-24,9621
3231,緯創,836,818,18,富邦-花蓮,2024-04-24,9621
00753L,中信中國50正2,50,32,18,富邦-花蓮,2024-04-24,9621
2504,國產,23,6,17,富邦-花蓮,2024-04-24,9621
2501,國建,35,18,17,富邦-花蓮,2024-04-24,9621
00687B,國泰20年美債,15,0,15,富邦-花蓮,2024-04-24,9621
00891,中信關鍵半導體,16,3,13,富邦-花蓮,2024-04-24,9621
2464,盟立,13,0,13,富邦-花蓮,2024-04-24,9621
2845,遠東銀,12,0,12,富邦-花蓮,2024-04-24,9621
2886,兆豐金,18,6,12,富邦-花蓮,2024-04-24,9621
2449,京元電子,17,6,11,富邦-花蓮,2024-04-24,9621
2442,新美齊,11,0,11,富邦-花蓮,2024-04-24,9621
00751B,元大AAA至A公司債,10,0,10,富邦-花蓮,2024-04-24,9621
00764B,群益25年美債,10,0,10,富邦-花蓮,2024-04-24,9621
1457,宜進,15,5,10,富邦-花蓮,2024-04-24,9621
2617,台航,10,0,10,富邦-花蓮,2024-04-24,9621
3038,全台,10,0,10,富邦-花蓮,2024-04-24,9621
3481,群創,313,47,266,富邦-花蓮,2024-04-25,9621
2409,友達,121,12,109,富邦-花蓮,2024-04-25,9621
00772B,中信高評級公司債,78,0,78,富邦-花蓮,2024-04-25,9621
2303,聯電,76,6,70,富邦-花蓮,2024-04-25,9621
00878,國泰永續高股息,46,0,46,富邦-花蓮,2024-04-25,9621
00940,元大台灣價值高息,69,26,43,富邦-花蓮,2024-04-25,9621
00919,群益台灣精選高息,69,26,43,富邦-花蓮,2024-04-25,9621
2888,新光金,46,3,43,富邦-花蓮,2024-04-25,9621
00929,復華台灣科技優息,97,62,35,富邦-花蓮,2024-04-25,9621
2317,鴻海,216,184,32,富邦-花蓮,2024-04-25,9621
00909,國泰數位支付服務,29,3,26,富邦-花蓮,2024-04-25,9621
2892,第一金,24,0,24,富邦-花蓮,2024-04-25,9621
00679B,元大美債20年,23,0,23,富邦-花蓮,2024-04-25,9621
1587,吉茂,22,0,22,富邦-花蓮,2024-04-25,9621
6005,群益證,22,0,22,富邦-花蓮,2024-04-25,9621
2891,中信金,20,0,20,富邦-花蓮,2024-04-25,9621
00665L,富邦�琤肭磪囓�2,141,121,20,富邦-花蓮,2024-04-25,9621
6116,彩晶,20,0,20,富邦-花蓮,2024-04-25,9621
6120,達運,20,0,20,富邦-花蓮,2024-04-25,9621
2323,中環,20,0,20,富邦-花蓮,2024-04-25,9621
00687B,國泰20年美債,20,0,20,富邦-花蓮,2024-04-25,9621
2885,元大金,21,2,19,富邦-花蓮,2024-04-25,9621
3715,定穎投控,21,3,18,富邦-花蓮,2024-04-25,9621
5299,杰力,18,0,18,富邦-花蓮,2024-04-25,9621
3231,緯創,222,206,16,富邦-花蓮,2024-04-25,9621
3703,欣陸,28,12,16,富邦-花蓮,2024-04-25,9621
0056,元大高股息,21,5,16,富邦-花蓮,2024-04-25,9621
2337,旺宏,15,0,15,富邦-花蓮,2024-04-25,9621
3535,晶彩科,15,0,15,富邦-花蓮,2024-04-25,9621
2365,昆盈,15,1,14,富邦-花蓮,2024-04-25,9621
2547,日勝生,17,3,14,富邦-花蓮,2024-04-25,9621
5512,力麒,16,2,14,富邦-花蓮,2024-04-25,9621
2330,台積電,17,3,14,富邦-花蓮,2024-04-25,9621
2887,台新金,13,0,13,富邦-花蓮,2024-04-25,9621
3686,達能,20,7,13,富邦-花蓮,2024-04-25,9621
2316,楠梓電,28,16,12,富邦-花蓮,2024-04-25,9621
2367,燿華,12,0,12,富邦-花蓮,2024-04-25,9621
2486,一詮,21,9,12,富邦-花蓮,2024-04-25,9621
2886,兆豐金,14,2,12,富邦-花蓮,2024-04-25,9621
2610,華航,53,41,12,富邦-花蓮,2024-04-25,9621
5706,鳳凰,20,8,12,富邦-花蓮,2024-04-25,9621
4966,譜瑞-KY,12,1,11,富邦-花蓮,2024-04-25,9621
2014,中鴻,11,0,11,富邦-花蓮,2024-04-25,9621
3013,晟銘電,36,25,11,富邦-花蓮,2024-04-25,9621
3027,盛達,11,0,11,富邦-花蓮,2024-04-25,9621
6442,光聖,11,0,11,富邦-花蓮,2024-04-25,9621
00937B,群益ESG投等債20,10,0,10,富邦-花蓮,2024-04-25,9621
8069,元太,11,1,10,富邦-花蓮,2024-04-25,9621
1409,新纖,10,0,10,富邦-花蓮,2024-04-25,9621
2349,錸德,10,0,10,富邦-花蓮,2024-04-25,9621
00632R,元大台灣50反1,97,0,97,富邦-花蓮,2024-04-26,9621
00706L,期元大S＆P日圓正2,86,0,86,富邦-花蓮,2024-04-26,9621
2421,建準,58,6,52,富邦-花蓮,2024-04-26,9621
00929,復華台灣科技優息,74,23,51,富邦-花蓮,2024-04-26,9621
00937B,群益ESG投等債20,49,0,49,富邦-花蓮,2024-04-26,9621
00940,元大台灣價值高息,62,20,42,富邦-花蓮,2024-04-26,9621
5871,中租-KY,38,0,38,富邦-花蓮,2024-04-26,9621
2417,圓剛,36,0,36,富邦-花蓮,2024-04-26,9621
1314,中石化,42,9,33,富邦-花蓮,2024-04-26,9621
1909,榮成,30,0,30,富邦-花蓮,2024-04-26,9621
00679B,元大美債20年,28,0,28,富邦-花蓮,2024-04-26,9621
5864,致和證,27,0,27,富邦-花蓮,2024-04-26,9621
2359,所羅門,59,33,26,富邦-花蓮,2024-04-26,9621
00680L,元大美債20正2,26,0,26,富邦-花蓮,2024-04-26,9621
5521,工信,43,17,26,富邦-花蓮,2024-04-26,9621
00933B,國泰10Y+金融債,25,0,25,富邦-花蓮,2024-04-26,9621
2241,艾姆勒,35,12,23,富邦-花蓮,2024-04-26,9621
2867,三商壽,23,0,23,富邦-花蓮,2024-04-26,9621
2371,大同,131,109,22,富邦-花蓮,2024-04-26,9621
1102,亞泥,22,1,21,富邦-花蓮,2024-04-26,9621
0056,元大高股息,26,6,20,富邦-花蓮,2024-04-26,9621
2007,燁興,20,0,20,富邦-花蓮,2024-04-26,9621
2511,太子,26,6,20,富邦-花蓮,2024-04-26,9621
2852,第一保,19,0,19,富邦-花蓮,2024-04-26,9621
3071,協禧,19,0,19,富邦-花蓮,2024-04-26,9621
6153,嘉聯益,20,2,18,富邦-花蓮,2024-04-26,9621
00942B,台新美A公司債20+,37,20,17,富邦-花蓮,2024-04-26,9621
2515,中工,72,57,15,富邦-花蓮,2024-04-26,9621
3363,上詮,34,19,15,富邦-花蓮,2024-04-26,9621
1504,東元,15,1,14,富邦-花蓮,2024-04-26,9621
00651R,復華香港反1,14,0,14,富邦-花蓮,2024-04-26,9621
2486,一詮,26,12,14,富邦-花蓮,2024-04-26,9621
00772B,中信高評級公司債,13,0,13,富邦-花蓮,2024-04-26,9621
2641,正德,16,3,13,富邦-花蓮,2024-04-26,9621
3217,優群,16,3,13,富邦-花蓮,2024-04-26,9621
3622,洋華,13,0,13,富邦-花蓮,2024-04-26,9621
4157,太景*-KY,13,0,13,富邦-花蓮,2024-04-26,9621
8050,廣積,13,0,13,富邦-花蓮,2024-04-26,9621
00687B,國泰20年美債,21,8,13,富邦-花蓮,2024-04-26,9621
6213,聯茂,12,0,12,富邦-花蓮,2024-04-26,9621
00696B,富邦美債20年,12,0,12,富邦-花蓮,2024-04-26,9621
00909,國泰數位支付服務,12,0,12,富邦-花蓮,2024-04-26,9621
2368,金像電,13,1,12,富邦-花蓮,2024-04-26,9621
2543,皇昌,22,10,12,富邦-花蓮,2024-04-26,9621
3294,英濟,12,0,12,富邦-花蓮,2024-04-26,9621
3306,鼎天,15,4,11,富邦-花蓮,2024-04-26,9621
00673R,期元大S＆P原油反1,10,0,10,富邦-花蓮,2024-04-26,9621
00664R,國泰臺灣加權反1,10,0,10,富邦-花蓮,2024-04-26,9621
1467,南緯,10,0,10,富邦-花蓮,2024-04-26,9621
1570,力肯,10,0,10,富邦-花蓮,2024-04-26,9621
00632R,元大台灣50反1,392,1,391,富邦-花蓮,2024-04-29,9621
00706L,期元大S＆P日圓正2,131,22,109,富邦-花蓮,2024-04-29,9621
2609,陽明,222,131,91,富邦-花蓮,2024-04-29,9621
2610,華航,129,50,79,富邦-花蓮,2024-04-29,9621
2101,南港,86,19,67,富邦-花蓮,2024-04-29,9621
2363,矽統,133,82,51,富邦-花蓮,2024-04-29,9621
2611,志信,52,2,50,富邦-花蓮,2024-04-29,9621
2354,鴻準,60,23,37,富邦-花蓮,2024-04-29,9621
1612,宏泰,39,3,36,富邦-花蓮,2024-04-29,9621
00733,富邦臺灣中小,34,0,34,富邦-花蓮,2024-04-29,9621
00673R,期元大S＆P原油反1,31,0,31,富邦-花蓮,2024-04-29,9621
00919,群益台灣精選高息,79,49,30,富邦-花蓮,2024-04-29,9621
00915,凱基優選高股息30,34,6,28,富邦-花蓮,2024-04-29,9621
00941,中信上游半導體,40,12,28,富邦-花蓮,2024-04-29,9621
2449,京元電子,124,99,25,富邦-花蓮,2024-04-29,9621
2409,友達,25,3,22,富邦-花蓮,2024-04-29,9621
2331,精英,20,0,20,富邦-花蓮,2024-04-29,9621
2464,盟立,28,8,20,富邦-花蓮,2024-04-29,9621
5608,四維航,20,0,20,富邦-花蓮,2024-04-29,9621
6167,久正,21,1,20,富邦-花蓮,2024-04-29,9621
8930,青鋼,18,0,18,富邦-花蓮,2024-04-29,9621
2486,一詮,40,22,18,富邦-花蓮,2024-04-29,9621
2615,萬海,35,19,16,富邦-花蓮,2024-04-29,9621
2641,正德,15,0,15,富邦-花蓮,2024-04-29,9621
6770,力積電,38,23,15,富邦-花蓮,2024-04-29,9621
2421,建準,14,0,14,富邦-花蓮,2024-04-29,9621
2913,農林,30,16,14,富邦-花蓮,2024-04-29,9621
1440,南紡,37,24,13,富邦-花蓮,2024-04-29,9621
2359,所羅門,25,12,13,富邦-花蓮,2024-04-29,9621
6215,和椿,37,24,13,富邦-花蓮,2024-04-29,9621
00929,復華台灣科技優息,94,82,12,富邦-花蓮,2024-04-29,9621
1219,福壽,12,0,12,富邦-花蓮,2024-04-29,9621
4532,瑞智,13,1,12,富邦-花蓮,2024-04-29,9621
2867,三商壽,13,1,12,富邦-花蓮,2024-04-29,9621
6230,尼得科超眾,30,19,11,富邦-花蓮,2024-04-29,9621
6143,振曜,15,4,11,富邦-花蓮,2024-04-29,9621
8234,新漢,12,1,11,富邦-花蓮,2024-04-29,9621
00671R,富邦NASDAQ反1,10,0,10,富邦-花蓮,2024-04-29,9621
1701,中化,10,0,10,富邦-花蓮,2024-04-29,9621
1710,東聯,10,0,10,富邦-花蓮,2024-04-29,9621
1789,神隆,10,0,10,富邦-花蓮,2024-04-29,9621
2027,大成鋼,12,2,10,富邦-花蓮,2024-04-29,9621
2065,世豐,10,0,10,富邦-花蓮,2024-04-29,9621
2360,致茂,10,0,10,富邦-花蓮,2024-04-29,9621
2498,宏達電,12,2,10,富邦-花蓮,2024-04-29,9621
2504,國產,12,2,10,富邦-花蓮,2024-04-29,9621
6231,系微,10,0,10,富邦-花蓮,2024-04-29,9621
2323,中環,21,12,9,富邦-花蓮,2024-04-29,9621
1905,華紙,12,3,9,富邦-花蓮,2024-04-29,9621
3056,富華新,34,25,9,富邦-花蓮,2024-04-29,9621
1314,中石化,252,165,87,富邦-花蓮,2024-04-30,9621
2515,中工,298,231,67,富邦-花蓮,2024-04-30,9621
00940,元大台灣價值高息,74,10,64,富邦-花蓮,2024-04-30,9621
1316,上曜,209,147,62,富邦-花蓮,2024-04-30,9621
00929,復華台灣科技優息,63,8,55,富邦-花蓮,2024-04-30,9621
00919,群益台灣精選高息,51,2,49,富邦-花蓮,2024-04-30,9621
00937B,群益ESG投等債20,43,0,43,富邦-花蓮,2024-04-30,9621
2363,矽統,96,55,41,富邦-花蓮,2024-04-30,9621
2867,三商壽,36,1,35,富邦-花蓮,2024-04-30,9621
00878,國泰永續高股息,35,5,30,富邦-花蓮,2024-04-30,9621
2801,彰銀,30,0,30,富邦-花蓮,2024-04-30,9621
2836,高雄銀,30,0,30,富邦-花蓮,2024-04-30,9621
2501,國建,223,197,26,富邦-花蓮,2024-04-30,9621
2317,鴻海,37,13,24,富邦-花蓮,2024-04-30,9621
2344,華邦電,29,5,24,富邦-花蓮,2024-04-30,9621
1605,華新,27,6,21,富邦-花蓮,2024-04-30,9621
00664R,國泰臺灣加權反1,20,0,20,富邦-花蓮,2024-04-30,9621
2103,台橡,20,0,20,富邦-花蓮,2024-04-30,9621
1808,潤隆,21,2,19,富邦-花蓮,2024-04-30,9621
4306,炎洲,20,1,19,富邦-花蓮,2024-04-30,9621
6122,擎邦,17,0,17,富邦-花蓮,2024-04-30,9621
9945,潤泰新,24,8,16,富邦-花蓮,2024-04-30,9621
8401,白紗科,16,0,16,富邦-花蓮,2024-04-30,9621
2888,新光金,15,0,15,富邦-花蓮,2024-04-30,9621
2880,華南金,29,15,14,富邦-花蓮,2024-04-30,9621
00900,富邦特選高股息30,14,0,14,富邦-花蓮,2024-04-30,9621
2889,國票金,13,0,13,富邦-花蓮,2024-04-30,9621
3701,大眾控,15,2,13,富邦-花蓮,2024-04-30,9621
5512,力麒,13,0,13,富邦-花蓮,2024-04-30,9621
1444,力麗,13,0,13,富邦-花蓮,2024-04-30,9621
2852,第一保,12,0,12,富邦-花蓮,2024-04-30,9621
5347,世界,15,3,12,富邦-花蓮,2024-04-30,9621
5521,工信,33,21,12,富邦-花蓮,2024-04-30,9621
1219,福壽,11,0,11,富邦-花蓮,2024-04-30,9621
1409,新纖,11,0,11,富邦-花蓮,2024-04-30,9621
2705,六福,16,5,11,富邦-花蓮,2024-04-30,9621
5457,宣德,13,2,11,富邦-花蓮,2024-04-30,9621
8358,金居,11,0,11,富邦-花蓮,2024-04-30,9621
2610,華航,96,86,10,富邦-花蓮,2024-04-30,9621
00651R,復華香港反1,10,0,10,富邦-花蓮,2024-04-30,9621
00706L,期元大S＆P日圓正2,10,0,10,富邦-花蓮,2024-04-30,9621
2231,為升,10,0,10,富邦-花蓮,2024-04-30,9621
2365,昆盈,10,0,10,富邦-花蓮,2024-04-30,9621
3234,光環,11,1,10,富邦-花蓮,2024-04-30,9621
5531,鄉林,50,40,10,富邦-花蓮,2024-04-30,9621
2615,萬海,20,11,9,富邦-花蓮,2024-04-30,9621
6213,聯茂,11,2,9,富邦-花蓮,2024-04-30,9621
3363,上詮,75,66,9,富邦-花蓮,2024-04-30,9621
00757,統一FANG+,10,1,9,富邦-花蓮,2024-04-30,9621
1722,台肥,9,0,9,富邦-花蓮,2024-04-30,9621
2891,中信金,250,10,240,富邦-花蓮,2024-05-02,9621
00940,元大台灣價值高息,168,20,148,富邦-花蓮,2024-05-02,9621
00937B,群益ESG投等債20,138,7,131,富邦-花蓮,2024-05-02,9621
00878,國泰永續高股息,136,8,128,富邦-花蓮,2024-05-02,9621
00929,復華台灣科技優息,158,31,127,富邦-花蓮,2024-05-02,9621
00706L,期元大S＆P日圓正2,115,0,115,富邦-花蓮,2024-05-02,9621
5512,力麒,151,37,114,富邦-花蓮,2024-05-02,9621
2615,萬海,89,7,82,富邦-花蓮,2024-05-02,9621
00919,群益台灣精選高息,73,6,67,富邦-花蓮,2024-05-02,9621
00932,兆豐永續高息等權,51,0,51,富邦-花蓮,2024-05-02,9621
1465,偉全,46,0,46,富邦-花蓮,2024-05-02,9621
2801,彰銀,61,20,41,富邦-花蓮,2024-05-02,9621
1316,上曜,64,26,38,富邦-花蓮,2024-05-02,9621
2609,陽明,93,58,35,富邦-花蓮,2024-05-02,9621
1314,中石化,230,197,33,富邦-花蓮,2024-05-02,9621
2409,友達,45,15,30,富邦-花蓮,2024-05-02,9621
3646,艾恩特,23,0,23,富邦-花蓮,2024-05-02,9621
2330,台積電,35,12,23,富邦-花蓮,2024-05-02,9621
2464,盟立,24,2,22,富邦-花蓮,2024-05-02,9621
3715,定穎投控,29,7,22,富邦-花蓮,2024-05-02,9621
6177,達麗,42,20,22,富邦-花蓮,2024-05-02,9621
3481,群創,58,36,22,富邦-花蓮,2024-05-02,9621
2316,楠梓電,41,19,22,富邦-花蓮,2024-05-02,9621
00651R,復華香港反1,21,0,21,富邦-花蓮,2024-05-02,9621
6182,合晶,22,2,20,富邦-花蓮,2024-05-02,9621
2603,長榮,22,3,19,富邦-花蓮,2024-05-02,9621
2497,怡利電,26,7,19,富邦-花蓮,2024-05-02,9621
2371,大同,113,95,18,富邦-花蓮,2024-05-02,9621
00753L,中信中國50正2,47,29,18,富邦-花蓮,2024-05-02,9621
2501,國建,83,66,17,富邦-花蓮,2024-05-02,9621
2401,凌陽,19,2,17,富邦-花蓮,2024-05-02,9621
2323,中環,20,3,17,富邦-花蓮,2024-05-02,9621
5371,中光電,28,12,16,富邦-花蓮,2024-05-02,9621
2537,聯上發,44,28,16,富邦-花蓮,2024-05-02,9621
9945,潤泰新,32,17,15,富邦-花蓮,2024-05-02,9621
8401,白紗科,15,1,14,富邦-花蓮,2024-05-02,9621
1444,力麗,15,1,14,富邦-花蓮,2024-05-02,9621
2324,仁寶,15,2,13,富邦-花蓮,2024-05-02,9621
020028,元大特選電動車N,12,0,12,富邦-花蓮,2024-05-02,9621
2353,宏��,14,2,12,富邦-花蓮,2024-05-02,9621
3363,上詮,15,4,11,富邦-花蓮,2024-05-02,9621
2317,鴻海,79,69,10,富邦-花蓮,2024-05-02,9621
00679B,元大美債20年,12,2,10,富邦-花蓮,2024-05-02,9621
00693U,期街口S＆P黃豆,10,0,10,富邦-花蓮,2024-05-02,9621
1612,宏泰,21,11,10,富邦-花蓮,2024-05-02,9621
2883,凱基金,30,20,10,富邦-花蓮,2024-05-02,9621
8111,立��,10,0,10,富邦-花蓮,2024-05-02,9621
00713,元大台灣高息低波,11,2,9,富邦-花蓮,2024-05-02,9621
1609,大亞,19,10,9,富邦-花蓮,2024-05-02,9621
2007,燁興,10,1,9,富邦-花蓮,2024-05-02,9621
9945,潤泰新,198,27,171,富邦-花蓮,2024-05-03,9621
00878,國泰永續高股息,182,40,142,富邦-花蓮,2024-05-03,9621
00940,元大台灣價值高息,133,19,114,富邦-花蓮,2024-05-03,9621
2883,凱基金,130,17,113,富邦-花蓮,2024-05-03,9621
00937B,群益ESG投等債20,150,45,105,富邦-花蓮,2024-05-03,9621
2409,友達,112,34,78,富邦-花蓮,2024-05-03,9621
1316,上曜,188,114,74,富邦-花蓮,2024-05-03,9621
00929,復華台灣科技優息,172,99,73,富邦-花蓮,2024-05-03,9621
6120,達運,67,1,66,富邦-花蓮,2024-05-03,9621
2834,臺企銀,62,16,46,富邦-花蓮,2024-05-03,9621
3231,緯創,250,206,44,富邦-花蓮,2024-05-03,9621
2371,大同,202,166,36,富邦-花蓮,2024-05-03,9621
00891,中信關鍵半導體,51,15,36,富邦-花蓮,2024-05-03,9621
00651R,復華香港反1,35,0,35,富邦-花蓮,2024-05-03,9621
00919,群益台灣精選高息,49,15,34,富邦-花蓮,2024-05-03,9621
1455,集盛,35,1,34,富邦-花蓮,2024-05-03,9621
5009,榮剛,36,2,34,富邦-花蓮,2024-05-03,9621
2009,第一銅,35,3,32,富邦-花蓮,2024-05-03,9621
00632R,元大台灣50反1,30,0,30,富邦-花蓮,2024-05-03,9621
1808,潤隆,30,1,29,富邦-花蓮,2024-05-03,9621
2363,矽統,67,40,27,富邦-花蓮,2024-05-03,9621
2890,永豐金,26,0,26,富邦-花蓮,2024-05-03,9621
3013,晟銘電,39,13,26,富邦-花蓮,2024-05-03,9621
1440,南紡,26,1,25,富邦-花蓮,2024-05-03,9621
1514,亞力,54,30,24,富邦-花蓮,2024-05-03,9621
2515,中工,48,24,24,富邦-花蓮,2024-05-03,9621
2609,陽明,36,13,23,富邦-花蓮,2024-05-03,9621
00936,台新永續高息中小,23,0,23,富邦-花蓮,2024-05-03,9621
1810,和成,21,0,21,富邦-花蓮,2024-05-03,9621
1905,華紙,21,0,21,富邦-花蓮,2024-05-03,9621
2331,精英,21,0,21,富邦-花蓮,2024-05-03,9621
2408,南亞科,23,2,21,富邦-花蓮,2024-05-03,9621
6176,瑞儀,33,14,19,富邦-花蓮,2024-05-03,9621
1445,大宇,18,0,18,富邦-花蓮,2024-05-03,9621
2369,菱生,18,0,18,富邦-花蓮,2024-05-03,9621
5230,雷笛克光學,20,2,18,富邦-花蓮,2024-05-03,9621
2316,楠梓電,52,35,17,富邦-花蓮,2024-05-03,9621
00945B,凱基美國非投等債,16,0,16,富邦-花蓮,2024-05-03,9621
2359,所羅門,29,13,16,富邦-花蓮,2024-05-03,9621
0056,元大高股息,24,8,16,富邦-花蓮,2024-05-03,9621
00939,統一台灣高息動能,18,3,15,富邦-花蓮,2024-05-03,9621
00665L,富邦�琤肭磪囓�2,37,22,15,富邦-花蓮,2024-05-03,9621
1731,美吾華,15,0,15,富邦-花蓮,2024-05-03,9621
3030,德律,15,0,15,富邦-花蓮,2024-05-03,9621
3025,星通,23,9,14,富邦-花蓮,2024-05-03,9621
1442,名軒,13,0,13,富邦-花蓮,2024-05-03,9621
4909,新復興,15,2,13,富邦-花蓮,2024-05-03,9621
6140,訊達,13,0,13,富邦-花蓮,2024-05-03,9621
4533,協易機,25,13,12,富邦-花蓮,2024-05-03,9621
00687B,國泰20年美債,11,0,11,富邦-花蓮,2024-05-03,9621
2618,長榮航,118,34,84,富邦-花蓮,2024-05-06,9621
00929,復華台灣科技優息,101,20,81,富邦-花蓮,2024-05-06,9621
4303,信立,79,12,67,富邦-花蓮,2024-05-06,9621
00632R,元大台灣50反1,64,0,64,富邦-花蓮,2024-05-06,9621
00706L,期元大S＆P日圓正2,70,9,61,富邦-花蓮,2024-05-06,9621
9945,潤泰新,71,17,54,富邦-花蓮,2024-05-06,9621
2409,友達,46,0,46,富邦-花蓮,2024-05-06,9621
00646,元大S＆P500,42,0,42,富邦-花蓮,2024-05-06,9621
00919,群益台灣精選高息,50,8,42,富邦-花蓮,2024-05-06,9621
2836,高雄銀,40,0,40,富邦-花蓮,2024-05-06,9621
5512,力麒,37,0,37,富邦-花蓮,2024-05-06,9621
1605,華新,35,2,33,富邦-花蓮,2024-05-06,9621
5531,鄉林,59,31,28,富邦-花蓮,2024-05-06,9621
2913,農林,26,0,26,富邦-花蓮,2024-05-06,9621
6265,方土昶,50,25,25,富邦-花蓮,2024-05-06,9621
2017,官田鋼,24,0,24,富邦-花蓮,2024-05-06,9621
3312,弘憶股,34,10,24,富邦-花蓮,2024-05-06,9621
6125,廣運,27,5,22,富邦-花蓮,2024-05-06,9621
6770,力積電,41,20,21,富邦-花蓮,2024-05-06,9621
2449,京元電子,34,14,20,富邦-花蓮,2024-05-06,9621
00651R,復華香港反1,20,0,20,富邦-花蓮,2024-05-06,9621
5521,工信,107,87,20,富邦-花蓮,2024-05-06,9621
9933,中鼎,23,3,20,富邦-花蓮,2024-05-06,9621
2834,臺企銀,20,3,17,富邦-花蓮,2024-05-06,9621
2392,正崴,17,0,17,富邦-花蓮,2024-05-06,9621
4763,材料-KY,15,0,15,富邦-花蓮,2024-05-06,9621
8046,南電,15,0,15,富邦-花蓮,2024-05-06,9621
1815,富喬,17,3,14,富邦-花蓮,2024-05-06,9621
00665L,富邦�琤肭磪囓�2,82,70,12,富邦-花蓮,2024-05-06,9621
2301,光寶科,12,0,12,富邦-花蓮,2024-05-06,9621
2610,華航,19,7,12,富邦-花蓮,2024-05-06,9621
2329,華泰,13,2,11,富邦-花蓮,2024-05-06,9621
2464,盟立,26,15,11,富邦-花蓮,2024-05-06,9621
2516,新建,13,2,11,富邦-花蓮,2024-05-06,9621
3376,新日興,13,2,11,富邦-花蓮,2024-05-06,9621
3163,波若威,13,3,10,富邦-花蓮,2024-05-06,9621
6538,倉和,11,1,10,富邦-花蓮,2024-05-06,9621
6269,台郡,12,2,10,富邦-花蓮,2024-05-06,9621
1321,大洋,10,0,10,富邦-花蓮,2024-05-06,9621
2201,裕隆,14,4,10,富邦-花蓮,2024-05-06,9621
2397,友通,10,0,10,富邦-花蓮,2024-05-06,9621
2417,圓剛,10,0,10,富邦-花蓮,2024-05-06,9621
3081,聯亞,10,0,10,富邦-花蓮,2024-05-06,9621
3266,昇陽,13,3,10,富邦-花蓮,2024-05-06,9621
3499,環天科,10,0,10,富邦-花蓮,2024-05-06,9621
6213,聯茂,10,0,10,富邦-花蓮,2024-05-06,9621
6442,光聖,31,21,10,富邦-花蓮,2024-05-06,9621
6588,東典光電,10,0,10,富邦-花蓮,2024-05-06,9621
1536,和大,9,0,9,富邦-花蓮,2024-05-06,9621
2328,廣宇,14,5,9,富邦-花蓮,2024-05-06,9621
00878,國泰永續高股息,212,17,195,富邦-花蓮,2024-05-07,9621
2409,友達,196,5,191,富邦-花蓮,2024-05-07,9621
2367,燿華,149,32,117,富邦-花蓮,2024-05-07,9621
2834,臺企銀,83,7,76,富邦-花蓮,2024-05-07,9621
1608,華榮,83,12,71,富邦-花蓮,2024-05-07,9621
1314,中石化,70,4,66,富邦-花蓮,2024-05-07,9621
00940,元大台灣價值高息,74,15,59,富邦-花蓮,2024-05-07,9621
2880,華南金,60,1,59,富邦-花蓮,2024-05-07,9621
5871,中租-KY,56,0,56,富邦-花蓮,2024-05-07,9621
6016,康和證,50,0,50,富邦-花蓮,2024-05-07,9621
00632R,元大台灣50反1,52,3,49,富邦-花蓮,2024-05-07,9621
4127,天良,43,3,40,富邦-花蓮,2024-05-07,9621
2610,華航,50,13,37,富邦-花蓮,2024-05-07,9621
00918,大華優利高填息30,37,0,37,富邦-花蓮,2024-05-07,9621
2913,農林,37,0,37,富邦-花蓮,2024-05-07,9621
1304,台聚,32,0,32,富邦-花蓮,2024-05-07,9621
3013,晟銘電,86,54,32,富邦-花蓮,2024-05-07,9621
4532,瑞智,31,0,31,富邦-花蓮,2024-05-07,9621
00706L,期元大S＆P日圓正2,30,0,30,富邦-花蓮,2024-05-07,9621
1710,東聯,30,0,30,富邦-花蓮,2024-05-07,9621
00646,元大S＆P500,30,0,30,富邦-花蓮,2024-05-07,9621
0056,元大高股息,30,2,28,富邦-花蓮,2024-05-07,9621
6005,群益證,32,5,27,富邦-花蓮,2024-05-07,9621
2515,中工,62,35,27,富邦-花蓮,2024-05-07,9621
3163,波若威,30,5,25,富邦-花蓮,2024-05-07,9621
3704,合勤控,27,2,25,富邦-花蓮,2024-05-07,9621
2363,矽統,64,40,24,富邦-花蓮,2024-05-07,9621
4960,誠美材,24,1,23,富邦-花蓮,2024-05-07,9621
2362,藍天,19,0,19,富邦-花蓮,2024-05-07,9621
2887,台新金,19,0,19,富邦-花蓮,2024-05-07,9621
1440,南紡,20,2,18,富邦-花蓮,2024-05-07,9621
2891,中信金,42,25,17,富邦-花蓮,2024-05-07,9621
00915,凱基優選高股息30,19,2,17,富邦-花蓮,2024-05-07,9621
2812,台中銀,20,3,17,富邦-花蓮,2024-05-07,9621
1337,再生-KY,17,1,16,富邦-花蓮,2024-05-07,9621
2014,中鴻,15,0,15,富邦-花蓮,2024-05-07,9621
2440,太空梭,22,8,14,富邦-花蓮,2024-05-07,9621
2516,新建,14,0,14,富邦-花蓮,2024-05-07,9621
2354,鴻準,23,10,13,富邦-花蓮,2024-05-07,9621
9933,中鼎,19,6,13,富邦-花蓮,2024-05-07,9621
6167,久正,12,0,12,富邦-花蓮,2024-05-07,9621
2603,長榮,14,2,12,富邦-花蓮,2024-05-07,9621
1301,台塑,12,0,12,富邦-花蓮,2024-05-07,9621
2472,立隆電,16,4,12,富邦-花蓮,2024-05-07,9621
1303,南亞,13,1,12,富邦-花蓮,2024-05-07,9621
2206,三陽工業,13,2,11,富邦-花蓮,2024-05-07,9621
2504,國產,16,5,11,富邦-花蓮,2024-05-07,9621
6290,良維,13,2,11,富邦-花蓮,2024-05-07,9621
8046,南電,10,0,10,富邦-花蓮,2024-05-07,9621
2892,第一金,10,0,10,富邦-花蓮,2024-05-07,9621
00940,元大台灣價值高息,149,12,137,富邦-花蓮,2024-05-08,9621
00664R,國泰臺灣加權反1,100,0,100,富邦-花蓮,2024-05-08,9621
00632R,元大台灣50反1,90,1,89,富邦-花蓮,2024-05-08,9621
5521,工信,81,2,79,富邦-花蓮,2024-05-08,9621
9945,潤泰新,84,5,79,富邦-花蓮,2024-05-08,9621
2888,新光金,73,7,66,富邦-花蓮,2024-05-08,9621
5871,中租-KY,60,4,56,富邦-花蓮,2024-05-08,9621
2641,正德,68,15,53,富邦-花蓮,2024-05-08,9621
2101,南港,52,8,44,富邦-花蓮,2024-05-08,9621
00932,兆豐永續高息等權,39,0,39,富邦-花蓮,2024-05-08,9621
8046,南電,32,0,32,富邦-花蓮,2024-05-08,9621
00706L,期元大S＆P日圓正2,30,0,30,富邦-花蓮,2024-05-08,9621
4960,誠美材,30,0,30,富邦-花蓮,2024-05-08,9621
00933B,國泰10Y+金融債,50,21,29,富邦-花蓮,2024-05-08,9621
3390,旭軟,30,2,28,富邦-花蓮,2024-05-08,9621
2603,長榮,28,2,26,富邦-花蓮,2024-05-08,9621
2515,中工,33,7,26,富邦-花蓮,2024-05-08,9621
00715L,期街口布蘭特正2,24,0,24,富邦-花蓮,2024-05-08,9621
1616,億泰,23,0,23,富邦-花蓮,2024-05-08,9621
0056,元大高股息,34,11,23,富邦-花蓮,2024-05-08,9621
1618,合機,66,43,23,富邦-花蓮,2024-05-08,9621
2634,漢翔,26,3,23,富邦-花蓮,2024-05-08,9621
2374,佳能,24,3,21,富邦-花蓮,2024-05-08,9621
3036,文曄,24,3,21,富邦-花蓮,2024-05-08,9621
2887,台新金,21,0,21,富邦-花蓮,2024-05-08,9621
1810,和成,20,0,20,富邦-花蓮,2024-05-08,9621
2607,榮運,30,10,20,富邦-花蓮,2024-05-08,9621
2834,臺企銀,20,0,20,富邦-花蓮,2024-05-08,9621
4114,健喬,20,0,20,富邦-花蓮,2024-05-08,9621
1504,東元,20,1,19,富邦-花蓮,2024-05-08,9621
2371,大同,82,63,19,富邦-花蓮,2024-05-08,9621
2889,國票金,27,8,19,富邦-花蓮,2024-05-08,9621
2890,永豐金,20,2,18,富邦-花蓮,2024-05-08,9621
5230,雷笛克光學,19,1,18,富邦-花蓮,2024-05-08,9621
2356,英業達,70,53,17,富邦-花蓮,2024-05-08,9621
3481,群創,58,40,18,富邦-花蓮,2024-05-08,9621
5392,能率,44,29,15,富邦-花蓮,2024-05-08,9621
2891,中信金,34,20,14,富邦-花蓮,2024-05-08,9621
00918,大華優利高填息30,13,0,13,富邦-花蓮,2024-05-08,9621
1440,南紡,15,2,13,富邦-花蓮,2024-05-08,9621
2464,盟立,15,2,13,富邦-花蓮,2024-05-08,9621
2002,中鋼,13,1,12,富邦-花蓮,2024-05-08,9621
2353,宏��,13,1,12,富邦-花蓮,2024-05-08,9621
2548,華固,14,2,12,富邦-花蓮,2024-05-08,9621
3033,威健,20,8,12,富邦-花蓮,2024-05-08,9621
2442,新美齊,11,0,11,富邦-花蓮,2024-05-08,9621
2453,凌群,11,0,11,富邦-花蓮,2024-05-08,9621
4127,天良,17,6,11,富邦-花蓮,2024-05-08,9621
5251,天鉞電,12,1,11,富邦-花蓮,2024-05-08,9621
5498,凱崴,11,0,11,富邦-花蓮,2024-05-08,9621
00946,群益科技高息成長,233,41,192,富邦-花蓮,2024-05-09,9621
1605,華新,140,10,130,富邦-花蓮,2024-05-09,9621
2409,友達,125,0,125,富邦-花蓮,2024-05-09,9621
00940,元大台灣價值高息,168,48,120,富邦-花蓮,2024-05-09,9621
00929,復華台灣科技優息,143,30,113,富邦-花蓮,2024-05-09,9621
2888,新光金,185,74,111,富邦-花蓮,2024-05-09,9621
2344,華邦電,108,1,107,富邦-花蓮,2024-05-09,9621
00937B,群益ESG投等債20,103,4,99,富邦-花蓮,2024-05-09,9621
1714,和桐,81,3,78,富邦-花蓮,2024-05-09,9621
00944,野村趨勢動能高息,95,33,62,富邦-花蓮,2024-05-09,9621
1909,榮成,60,0,60,富邦-花蓮,2024-05-09,9621
00878,國泰永續高股息,77,18,59,富邦-花蓮,2024-05-09,9621
2618,長榮航,114,61,53,富邦-花蓮,2024-05-09,9621
00706L,期元大S＆P日圓正2,51,0,51,富邦-花蓮,2024-05-09,9621
2916,滿心,44,0,44,富邦-花蓮,2024-05-09,9621
00669R,國泰美國道瓊反1,40,0,40,富邦-花蓮,2024-05-09,9621
3231,緯創,60,25,35,富邦-花蓮,2024-05-09,9621
2834,臺企銀,44,9,35,富邦-花蓮,2024-05-09,9621
1440,南紡,35,0,35,富邦-花蓮,2024-05-09,9621
00632R,元大台灣50反1,34,0,34,富邦-花蓮,2024-05-09,9621
2371,大同,119,85,34,富邦-花蓮,2024-05-09,9621
1802,台玻,32,0,32,富邦-花蓮,2024-05-09,9621
2884,玉山金,30,1,29,富邦-花蓮,2024-05-09,9621
5871,中租-KY,31,3,28,富邦-花蓮,2024-05-09,9621
00936,台新永續高息中小,28,0,28,富邦-花蓮,2024-05-09,9621
3041,揚智,30,2,28,富邦-花蓮,2024-05-09,9621
1815,富喬,38,11,27,富邦-花蓮,2024-05-09,9621
1314,中石化,30,4,26,富邦-花蓮,2024-05-09,9621
1721,三晃,27,2,25,富邦-花蓮,2024-05-09,9621
2501,國建,39,17,22,富邦-花蓮,2024-05-09,9621
5457,宣德,21,0,21,富邦-花蓮,2024-05-09,9621
5864,致和證,22,1,21,富邦-花蓮,2024-05-09,9621
3376,新日興,21,0,21,富邦-花蓮,2024-05-09,9621
00664R,國泰臺灣加權反1,20,0,20,富邦-花蓮,2024-05-09,9621
2363,矽統,45,25,20,富邦-花蓮,2024-05-09,9621
6213,聯茂,20,1,19,富邦-花蓮,2024-05-09,9621
3036,文曄,25,6,19,富邦-花蓮,2024-05-09,9621
2464,盟立,27,9,18,富邦-花蓮,2024-05-09,9621
1536,和大,18,0,18,富邦-花蓮,2024-05-09,9621
5426,振發,20,2,18,富邦-花蓮,2024-05-09,9621
8096,擎亞,33,16,17,富邦-花蓮,2024-05-09,9621
2349,錸德,17,0,17,富邦-花蓮,2024-05-09,9621
2891,中信金,18,1,17,富邦-花蓮,2024-05-09,9621
8277,商丞,16,0,16,富邦-花蓮,2024-05-09,9621
2610,華航,20,4,16,富邦-花蓮,2024-05-09,9621
1587,吉茂,17,2,15,富邦-花蓮,2024-05-09,9621
6005,群益證,21,6,15,富邦-花蓮,2024-05-09,9621
2880,華南金,14,0,14,富邦-花蓮,2024-05-09,9621
2511,太子,14,0,14,富邦-花蓮,2024-05-09,9621
6462,神盾,15,1,14,富邦-花蓮,2024-05-09,9621
00929,復華台灣科技優息,263,26,237,富邦-花蓮,2024-05-10,9621
00940,元大台灣價值高息,320,138,182,富邦-花蓮,2024-05-10,9621
00706L,期元大S＆P日圓正2,150,0,150,富邦-花蓮,2024-05-10,9621
00946,群益科技高息成長,134,15,119,富邦-花蓮,2024-05-10,9621
00650L,復華香港正2,106,0,106,富邦-花蓮,2024-05-10,9621
2409,友達,98,1,97,富邦-花蓮,2024-05-10,9621
5521,工信,73,0,73,富邦-花蓮,2024-05-10,9621
00664R,國泰臺灣加權反1,56,0,56,富邦-花蓮,2024-05-10,9621
2442,新美齊,53,0,53,富邦-花蓮,2024-05-10,9621
8105,凌巨,42,0,42,富邦-花蓮,2024-05-10,9621
2317,鴻海,77,35,42,富邦-花蓮,2024-05-10,9621
00632R,元大台灣50反1,40,0,40,富邦-花蓮,2024-05-10,9621
3706,神達,51,11,40,富邦-花蓮,2024-05-10,9621
8150,南茂,33,0,33,富邦-花蓮,2024-05-10,9621
00651R,復華香港反1,30,0,30,富邦-花蓮,2024-05-10,9621
00944,野村趨勢動能高息,31,3,28,富邦-花蓮,2024-05-10,9621
3481,群創,31,3,28,富邦-花蓮,2024-05-10,9621
2617,台航,27,2,25,富邦-花蓮,2024-05-10,9621
3607,谷崧,25,0,25,富邦-花蓮,2024-05-10,9621
8112,至上,26,5,21,富邦-花蓮,2024-05-10,9621
1104,環泥,21,0,21,富邦-花蓮,2024-05-10,9621
8401,白紗科,21,0,21,富邦-花蓮,2024-05-10,9621
00669R,國泰美國道瓊反1,20,0,20,富邦-花蓮,2024-05-10,9621
1721,三晃,24,4,20,富邦-花蓮,2024-05-10,9621
0056,元大高股息,21,2,19,富邦-花蓮,2024-05-10,9621
3576,聯合再生,20,2,18,富邦-花蓮,2024-05-10,9621
8110,華東,17,0,17,富邦-花蓮,2024-05-10,9621
5519,隆大,23,7,16,富邦-花蓮,2024-05-10,9621
3013,晟銘電,78,63,15,富邦-花蓮,2024-05-10,9621
1711,永光,15,0,15,富邦-花蓮,2024-05-10,9621
3390,旭軟,17,2,15,富邦-花蓮,2024-05-10,9621
6770,力積電,28,15,13,富邦-花蓮,2024-05-10,9621
3564,其陽,16,3,13,富邦-花蓮,2024-05-10,9621
00679B,元大美債20年,15,3,12,富邦-花蓮,2024-05-10,9621
2538,基泰,16,4,12,富邦-花蓮,2024-05-10,9621
2542,興富發,12,0,12,富邦-花蓮,2024-05-10,9621
4909,新復興,12,0,12,富邦-花蓮,2024-05-10,9621
00696B,富邦美債20年,13,1,12,富邦-花蓮,2024-05-10,9621
2388,威盛,25,14,11,富邦-花蓮,2024-05-10,9621
8046,南電,13,2,11,富邦-花蓮,2024-05-10,9621
3036,文曄,19,8,11,富邦-花蓮,2024-05-10,9621
1808,潤隆,11,0,11,富邦-花蓮,2024-05-10,9621
2511,太子,11,0,11,富邦-花蓮,2024-05-10,9621
6290,良維,12,1,11,富邦-花蓮,2024-05-10,9621
2371,大同,29,19,10,富邦-花蓮,2024-05-10,9621
00932,兆豐永續高息等權,10,0,10,富邦-花蓮,2024-05-10,9621
2340,台亞,10,0,10,富邦-花蓮,2024-05-10,9621
3217,優群,10,0,10,富邦-花蓮,2024-05-10,9621
5299,杰力,10,0,10,富邦-花蓮,2024-05-10,9621
6026,福邦證,16,6,10,富邦-花蓮,2024-05-10,9621
00940,元大台灣價值高息,1440,90,1350,富邦-花蓮,2024-05-13,9621
2891,中信金,353,4,349,富邦-花蓮,2024-05-13,9621
00937B,群益ESG投等債20,273,17,256,富邦-花蓮,2024-05-13,9621
00929,復華台灣科技優息,172,67,105,富邦-花蓮,2024-05-13,9621
3231,緯創,116,38,78,富邦-花蓮,2024-05-13,9621
2344,華邦電,74,3,71,富邦-花蓮,2024-05-13,9621
2610,華航,214,147,67,富邦-花蓮,2024-05-13,9621
3576,聯合再生,70,10,60,富邦-花蓮,2024-05-13,9621
2882,國泰金,72,15,57,富邦-花蓮,2024-05-13,9621
00715L,期街口布蘭特正2,59,3,56,富邦-花蓮,2024-05-13,9621
2618,長榮航,85,31,54,富邦-花蓮,2024-05-13,9621
00939,統一台灣高息動能,56,3,53,富邦-花蓮,2024-05-13,9621
1455,集盛,50,0,50,富邦-花蓮,2024-05-13,9621
5531,鄉林,50,5,45,富邦-花蓮,2024-05-13,9621
2317,鴻海,77,40,37,富邦-花蓮,2024-05-13,9621
5521,工信,72,35,37,富邦-花蓮,2024-05-13,9621
00946,群益科技高息成長,37,0,37,富邦-花蓮,2024-05-13,9621
1504,東元,40,4,36,富邦-花蓮,2024-05-13,9621
00651R,復華香港反1,30,0,30,富邦-花蓮,2024-05-13,9621
00933B,國泰10Y+金融債,33,5,28,富邦-花蓮,2024-05-13,9621
2515,中工,49,21,28,富邦-花蓮,2024-05-13,9621
2606,裕民,60,37,23,富邦-花蓮,2024-05-13,9621
6538,倉和,26,3,23,富邦-花蓮,2024-05-13,9621
6141,柏承,22,0,22,富邦-花蓮,2024-05-13,9621
2723,美食-KY,20,0,20,富邦-花蓮,2024-05-13,9621
3607,谷崧,20,0,20,富邦-花蓮,2024-05-13,9621
4903,聯光通,20,0,20,富邦-花蓮,2024-05-13,9621
2617,台航,33,14,19,富邦-花蓮,2024-05-13,9621
3260,威剛,536,519,17,富邦-花蓮,2024-05-13,9621
3047,訊舟,22,5,17,富邦-花蓮,2024-05-13,9621
2363,矽統,61,45,16,富邦-花蓮,2024-05-13,9621
00932,兆豐永續高息等權,22,6,16,富邦-花蓮,2024-05-13,9621
00687B,國泰20年美債,17,2,15,富邦-花蓮,2024-05-13,9621
00665L,富邦�琤肭磪囓�2,15,0,15,富邦-花蓮,2024-05-13,9621
1710,東聯,15,0,15,富邦-花蓮,2024-05-13,9621
2851,中再保,15,0,15,富邦-花蓮,2024-05-13,9621
8046,南電,15,0,15,富邦-花蓮,2024-05-13,9621
3481,群創,22,8,14,富邦-花蓮,2024-05-13,9621
6182,合晶,15,1,14,富邦-花蓮,2024-05-13,9621
6419,京晨科,14,0,14,富邦-花蓮,2024-05-13,9621
3363,上詮,73,59,14,富邦-花蓮,2024-05-13,9621
2615,萬海,129,115,14,富邦-花蓮,2024-05-13,9621
1301,台塑,14,1,13,富邦-花蓮,2024-05-13,9621
5392,能率,21,8,13,富邦-花蓮,2024-05-13,9621
8011,台通,17,4,13,富邦-花蓮,2024-05-13,9621
9933,中鼎,14,1,13,富邦-花蓮,2024-05-13,9621
00944,野村趨勢動能高息,13,0,13,富邦-花蓮,2024-05-13,9621
00650L,復華香港正2,12,0,12,富邦-花蓮,2024-05-13,9621
00680L,元大美債20正2,12,0,12,富邦-花蓮,2024-05-13,9621
2241,艾姆勒,39,27,12,富邦-花蓮,2024-05-13,9621
9945,潤泰新,232,10,222,富邦-花蓮,2024-05-14,9621
00937B,群益ESG投等債20,204,7,197,富邦-花蓮,2024-05-14,9621
00933B,國泰10Y+金融債,197,0,197,富邦-花蓮,2024-05-14,9621
00753L,中信中國50正2,183,25,158,富邦-花蓮,2024-05-14,9621
00650L,復華香港正2,175,30,145,富邦-花蓮,2024-05-14,9621
3481,群創,143,1,142,富邦-花蓮,2024-05-14,9621
00664R,國泰臺灣加權反1,135,0,135,富邦-花蓮,2024-05-14,9621
00929,復華台灣科技優息,118,6,112,富邦-花蓮,2024-05-14,9621
1455,集盛,106,0,106,富邦-花蓮,2024-05-14,9621
2801,彰銀,105,0,105,富邦-花蓮,2024-05-14,9621
00878,國泰永續高股息,141,56,85,富邦-花蓮,2024-05-14,9621
4114,健喬,70,0,70,富邦-花蓮,2024-05-14,9621
00665L,富邦�琤肭磪囓�2,75,10,65,富邦-花蓮,2024-05-14,9621
00944,野村趨勢動能高息,54,0,54,富邦-花蓮,2024-05-14,9621
2353,宏��,171,120,51,富邦-花蓮,2024-05-14,9621
00934,中信成長高股息,50,0,50,富邦-花蓮,2024-05-14,9621
1587,吉茂,50,0,50,富邦-花蓮,2024-05-14,9621
5521,工信,49,3,46,富邦-花蓮,2024-05-14,9621
2888,新光金,45,0,45,富邦-花蓮,2024-05-14,9621
2618,長榮航,63,19,44,富邦-花蓮,2024-05-14,9621
1101,台泥,60,19,41,富邦-花蓮,2024-05-14,9621
2891,中信金,40,1,39,富邦-花蓮,2024-05-14,9621
00632R,元大台灣50反1,38,0,38,富邦-花蓮,2024-05-14,9621
2890,永豐金,32,0,32,富邦-花蓮,2024-05-14,9621
00706L,期元大S＆P日圓正2,32,0,32,富邦-花蓮,2024-05-14,9621
2501,國建,38,8,30,富邦-花蓮,2024-05-14,9621
2882,國泰金,39,9,30,富邦-花蓮,2024-05-14,9621
6419,京晨科,28,0,28,富邦-花蓮,2024-05-14,9621
1605,華新,27,0,27,富邦-花蓮,2024-05-14,9621
3231,緯創,109,84,25,富邦-花蓮,2024-05-14,9621
3230,錦明,23,0,23,富邦-花蓮,2024-05-14,9621
6695,芯鼎,24,1,23,富邦-花蓮,2024-05-14,9621
1314,中石化,22,1,21,富邦-花蓮,2024-05-14,9621
1440,南紡,21,0,21,富邦-花蓮,2024-05-14,9621
2915,潤泰全,70,49,21,富邦-花蓮,2024-05-14,9621
00651R,復華香港反1,20,0,20,富邦-花蓮,2024-05-14,9621
00656R,國泰中國A50反1,20,0,20,富邦-花蓮,2024-05-14,9621
2852,第一保,20,0,20,富邦-花蓮,2024-05-14,9621
2537,聯上發,19,0,19,富邦-花蓮,2024-05-14,9621
3605,宏致,18,0,18,富邦-花蓮,2024-05-14,9621
2630,亞航,21,4,17,富邦-花蓮,2024-05-14,9621
2317,鴻海,85,69,16,富邦-花蓮,2024-05-14,9621
2528,皇普,16,0,16,富邦-花蓮,2024-05-14,9621
2731,雄獅,17,1,16,富邦-花蓮,2024-05-14,9621
2344,華邦電,16,2,14,富邦-花蓮,2024-05-14,9621
2515,中工,16,2,14,富邦-花蓮,2024-05-14,9621
2916,滿心,13,0,13,富邦-花蓮,2024-05-14,9621
3060,銘異,19,6,13,富邦-花蓮,2024-05-14,9621
3276,宇環,13,0,13,富邦-花蓮,2024-05-14,9621
2834,臺企銀,21,9,12,富邦-花蓮,2024-05-14,9621
00632R,元大台灣50反1,309,11,298,富邦-花蓮,2024-05-15,9621
00937B,群益ESG投等債20,201,15,186,富邦-花蓮,2024-05-15,9621
00940,元大台灣價值高息,297,143,154,富邦-花蓮,2024-05-15,9621
00929,復華台灣科技優息,234,90,144,富邦-花蓮,2024-05-15,9621
2356,英業達,181,42,139,富邦-花蓮,2024-05-15,9621
00731,復華富時高息低波,110,0,110,富邦-花蓮,2024-05-15,9621
00919,群益台灣精選高息,109,12,97,富邦-花蓮,2024-05-15,9621
00715L,期街口布蘭特正2,92,1,91,富邦-花蓮,2024-05-15,9621
00664R,國泰臺灣加權反1,56,0,56,富邦-花蓮,2024-05-15,9621
5531,鄉林,50,0,50,富邦-花蓮,2024-05-15,9621
2405,輔信,91,47,44,富邦-花蓮,2024-05-15,9621
2607,榮運,41,1,40,富邦-花蓮,2024-05-15,9621
2359,所羅門,54,16,38,富邦-花蓮,2024-05-15,9621
00946,群益科技高息成長,39,1,38,富邦-花蓮,2024-05-15,9621
1455,集盛,29,0,29,富邦-花蓮,2024-05-15,9621
2406,國碩,41,13,28,富邦-花蓮,2024-05-15,9621
00932,兆豐永續高息等權,33,6,27,富邦-花蓮,2024-05-15,9621
6770,力積電,46,20,26,富邦-花蓮,2024-05-15,9621
6125,廣運,36,13,23,富邦-花蓮,2024-05-15,9621
1101,台泥,23,1,22,富邦-花蓮,2024-05-15,9621
2023,燁輝,30,8,22,富邦-花蓮,2024-05-15,9621
2002,中鋼,25,3,22,富邦-花蓮,2024-05-15,9621
2461,光群雷,21,0,21,富邦-花蓮,2024-05-15,9621
6213,聯茂,30,10,20,富邦-花蓮,2024-05-15,9621
6237,驊訊,26,6,20,富邦-花蓮,2024-05-15,9621
2337,旺宏,21,2,19,富邦-花蓮,2024-05-15,9621
2482,連宇,21,2,19,富邦-花蓮,2024-05-15,9621
2913,農林,20,1,19,富邦-花蓮,2024-05-15,9621
6180,橘子,19,0,19,富邦-花蓮,2024-05-15,9621
2887,台新金,42,24,18,富邦-花蓮,2024-05-15,9621
6207,雷科,25,7,18,富邦-花蓮,2024-05-15,9621
00878,國泰永續高股息,117,100,17,富邦-花蓮,2024-05-15,9621
6282,康舒,17,0,17,富邦-花蓮,2024-05-15,9621
2606,裕民,24,7,17,富邦-花蓮,2024-05-15,9621
6695,芯鼎,20,4,16,富邦-花蓮,2024-05-15,9621
4744,皇將,15,0,15,富邦-花蓮,2024-05-15,9621
3035,智原,15,0,15,富邦-花蓮,2024-05-15,9621
9945,潤泰新,46,32,14,富邦-花蓮,2024-05-15,9621
2344,華邦電,19,5,14,富邦-花蓮,2024-05-15,9621
1605,華新,16,2,14,富邦-花蓮,2024-05-15,9621
3058,立德,17,4,13,富邦-花蓮,2024-05-15,9621
2331,精英,25,13,12,富邦-花蓮,2024-05-15,9621
6141,柏承,12,0,12,富邦-花蓮,2024-05-15,9621
8046,南電,17,5,12,富邦-花蓮,2024-05-15,9621
1514,亞力,14,3,11,富邦-花蓮,2024-05-15,9621
2367,燿華,135,124,11,富邦-花蓮,2024-05-15,9621
00918,大華優利高填息30,13,2,11,富邦-花蓮,2024-05-15,9621
2401,凌陽,11,0,11,富邦-花蓮,2024-05-15,9621
3047,訊舟,60,49,11,富邦-花蓮,2024-05-15,9621
4938,和碩,13,2,11,富邦-花蓮,2024-05-15,9621
00941,中信上游半導體,242,3,239,富邦-花蓮,2024-05-16,9621
00878,國泰永續高股息,197,15,182,富邦-花蓮,2024-05-16,9621
2883,凱基金,170,54,116,富邦-花蓮,2024-05-16,9621
9945,潤泰新,149,47,102,富邦-花蓮,2024-05-16,9621
00632R,元大台灣50反1,98,0,98,富邦-花蓮,2024-05-16,9621
2916,滿心,94,0,94,富邦-花蓮,2024-05-16,9621
9904,寶成,78,11,67,富邦-花蓮,2024-05-16,9621
3231,緯創,236,173,63,富邦-花蓮,2024-05-16,9621
5521,工信,80,23,57,富邦-花蓮,2024-05-16,9621
2356,英業達,88,41,47,富邦-花蓮,2024-05-16,9621
00650L,復華香港正2,45,0,45,富邦-花蓮,2024-05-16,9621
00715L,期街口布蘭特正2,57,21,36,富邦-花蓮,2024-05-16,9621
2617,台航,33,0,33,富邦-花蓮,2024-05-16,9621
2382,廣達,193,163,30,富邦-花蓮,2024-05-16,9621
2365,昆盈,57,32,25,富邦-花蓮,2024-05-16,9621
3706,神達,41,17,24,富邦-花蓮,2024-05-16,9621
2887,台新金,26,4,22,富邦-花蓮,2024-05-16,9621
2464,盟立,43,22,21,富邦-花蓮,2024-05-16,9621
3055,蔚華科,33,12,21,富邦-花蓮,2024-05-16,9621
2408,南亞科,38,17,21,富邦-花蓮,2024-05-16,9621
6156,松上,20,0,20,富邦-花蓮,2024-05-16,9621
3047,訊舟,50,30,20,富邦-花蓮,2024-05-16,9621
00932,兆豐永續高息等權,18,0,18,富邦-花蓮,2024-05-16,9621
1440,南紡,20,2,18,富邦-花蓮,2024-05-16,9621
2331,精英,53,35,18,富邦-花蓮,2024-05-16,9621
5351,鈺創,21,3,18,富邦-花蓮,2024-05-16,9621
2362,藍天,107,90,17,富邦-花蓮,2024-05-16,9621
1618,合機,19,2,17,富邦-花蓮,2024-05-16,9621
1446,宏和,17,1,16,富邦-花蓮,2024-05-16,9621
2882,國泰金,24,8,16,富邦-花蓮,2024-05-16,9621
3363,上詮,95,81,14,富邦-花蓮,2024-05-16,9621
4903,聯光通,14,0,14,富邦-花蓮,2024-05-16,9621
4908,前鼎,18,4,14,富邦-花蓮,2024-05-16,9621
8096,擎亞,41,27,14,富邦-花蓮,2024-05-16,9621
2301,光寶科,18,4,14,富邦-花蓮,2024-05-16,9621
2392,正崴,18,5,13,富邦-花蓮,2024-05-16,9621
3313,斐成,13,0,13,富邦-花蓮,2024-05-16,9621
3360,尚立,14,1,13,富邦-花蓮,2024-05-16,9621
2801,彰銀,12,0,12,富邦-花蓮,2024-05-16,9621
3062,建漢,15,3,12,富邦-花蓮,2024-05-16,9621
6585,鼎基,13,1,12,富邦-花蓮,2024-05-16,9621
2903,遠百,11,0,11,富邦-花蓮,2024-05-16,9621
4909,新復興,11,0,11,富邦-花蓮,2024-05-16,9621
00885,富邦越南,11,0,11,富邦-花蓮,2024-05-16,9621
00926,凱基全球菁英55,10,0,10,富邦-花蓮,2024-05-16,9621
1409,新纖,10,0,10,富邦-花蓮,2024-05-16,9621
2390,云辰,10,0,10,富邦-花蓮,2024-05-16,9621
2441,超豐,10,0,10,富邦-花蓮,2024-05-16,9621
2838,聯邦銀,10,0,10,富邦-花蓮,2024-05-16,9621
8411,福貞-KY,10,0,10,富邦-花蓮,2024-05-16,9621
00929,復華台灣科技優息,316,4,312,富邦-花蓮,2024-05-17,9621
00940,元大台灣價值高息,204,36,168,富邦-花蓮,2024-05-17,9621
9945,潤泰新,159,43,116,富邦-花蓮,2024-05-17,9621
2867,三商壽,203,124,79,富邦-花蓮,2024-05-17,9621
2409,友達,84,13,71,富邦-花蓮,2024-05-17,9621
00878,國泰永續高股息,92,33,59,富邦-花蓮,2024-05-17,9621
00664R,國泰臺灣加權反1,50,0,50,富邦-花蓮,2024-05-17,9621
00937B,群益ESG投等債20,46,0,46,富邦-花蓮,2024-05-17,9621
2888,新光金,62,16,46,富邦-花蓮,2024-05-17,9621
6770,力積電,73,28,45,富邦-花蓮,2024-05-17,9621
2834,臺企銀,52,10,42,富邦-花蓮,2024-05-17,9621
3481,群創,50,9,41,富邦-花蓮,2024-05-17,9621
1440,南紡,40,0,40,富邦-花蓮,2024-05-17,9621
2317,鴻海,75,37,38,富邦-花蓮,2024-05-17,9621
1815,富喬,37,2,35,富邦-花蓮,2024-05-17,9621
00946,群益科技高息成長,32,0,32,富邦-花蓮,2024-05-17,9621
2241,艾姆勒,35,6,29,富邦-花蓮,2024-05-17,9621
2606,裕民,26,0,26,富邦-花蓮,2024-05-17,9621
1314,中石化,27,2,25,富邦-花蓮,2024-05-17,9621
3058,立德,23,0,23,富邦-花蓮,2024-05-17,9621
2359,所羅門,73,52,21,富邦-花蓮,2024-05-17,9621
1612,宏泰,22,1,21,富邦-花蓮,2024-05-17,9621
00651R,復華香港反1,20,0,20,富邦-花蓮,2024-05-17,9621
2349,錸德,20,0,20,富邦-花蓮,2024-05-17,9621
3055,蔚華科,37,19,18,富邦-花蓮,2024-05-17,9621
912000,晨訊科-DR,48,30,18,富邦-花蓮,2024-05-17,9621
00944,野村趨勢動能高息,18,0,18,富邦-花蓮,2024-05-17,9621
3033,威健,31,14,17,富邦-花蓮,2024-05-17,9621
5530,龍巖,19,2,17,富邦-花蓮,2024-05-17,9621
2605,新興,20,3,17,富邦-花蓮,2024-05-17,9621
00933B,國泰10Y+金融債,16,0,16,富邦-花蓮,2024-05-17,9621
00939,統一台灣高息動能,20,5,15,富邦-花蓮,2024-05-17,9621
2002,中鋼,16,1,15,富邦-花蓮,2024-05-17,9621
2417,圓剛,18,4,14,富邦-花蓮,2024-05-17,9621
3056,富華新,15,1,14,富邦-花蓮,2024-05-17,9621
5469,瀚宇博,14,0,14,富邦-花蓮,2024-05-17,9621
00919,群益台灣精選高息,53,40,13,富邦-花蓮,2024-05-17,9621
2344,華邦電,13,0,13,富邦-花蓮,2024-05-17,9621
3059,華晶科,31,18,13,富邦-花蓮,2024-05-17,9621
1717,長興,12,0,12,富邦-花蓮,2024-05-17,9621
2617,台航,21,9,12,富邦-花蓮,2024-05-17,9621
2489,瑞軒,70,59,11,富邦-花蓮,2024-05-17,9621
1446,宏和,13,2,11,富邦-花蓮,2024-05-17,9621
1587,吉茂,20,9,11,富邦-花蓮,2024-05-17,9621
3715,定穎投控,12,1,11,富邦-花蓮,2024-05-17,9621
6443,元晶,22,11,11,富邦-花蓮,2024-05-17,9621
2449,京元電子,40,29,11,富邦-花蓮,2024-05-17,9621
3706,神達,27,17,10,富邦-花蓮,2024-05-17,9621
00706L,期元大S＆P日圓正2,10,0,10,富邦-花蓮,2024-05-17,9621
00722B,群益投資級電信債,10,0,10,富邦-花蓮,2024-05-17,9621
00646,元大S＆P500,332,0,332,富邦-花蓮,2024-05-20,9621
00929,復華台灣科技優息,379,69,310,富邦-花蓮,2024-05-20,9621
9945,潤泰新,121,25,96,富邦-花蓮,2024-05-20,9621
2611,志信,81,5,76,富邦-花蓮,2024-05-20,9621
2017,官田鋼,77,7,70,富邦-花蓮,2024-05-20,9621
6770,力積電,72,6,66,富邦-花蓮,2024-05-20,9621
2367,燿華,133,73,60,富邦-花蓮,2024-05-20,9621
2618,長榮航,121,62,59,富邦-花蓮,2024-05-20,9621
1101,台泥,56,13,43,富邦-花蓮,2024-05-20,9621
1455,集盛,42,0,42,富邦-花蓮,2024-05-20,9621
00946,群益科技高息成長,41,0,41,富邦-花蓮,2024-05-20,9621
5608,四維航,41,0,41,富邦-花蓮,2024-05-20,9621
00632R,元大台灣50反1,40,0,40,富邦-花蓮,2024-05-20,9621
4114,健喬,40,0,40,富邦-花蓮,2024-05-20,9621
3689,湧德,37,5,32,富邦-花蓮,2024-05-20,9621
00922,國泰台灣領袖50,30,0,30,富邦-花蓮,2024-05-20,9621
00937B,群益ESG投等債20,25,0,25,富邦-花蓮,2024-05-20,9621
2206,三陽工業,24,0,24,富邦-花蓮,2024-05-20,9621
2886,兆豐金,24,0,24,富邦-花蓮,2024-05-20,9621
1609,大亞,36,14,22,富邦-花蓮,2024-05-20,9621
2449,京元電子,51,29,22,富邦-花蓮,2024-05-20,9621
2890,永豐金,65,43,22,富邦-花蓮,2024-05-20,9621
00679B,元大美債20年,22,2,20,富邦-花蓮,2024-05-20,9621
3031,佰鴻,20,0,20,富邦-花蓮,2024-05-20,9621
4739,康普,20,0,20,富邦-花蓮,2024-05-20,9621
6278,台表科,20,0,20,富邦-花蓮,2024-05-20,9621
2880,華南金,20,1,19,富邦-花蓮,2024-05-20,9621
1608,華榮,34,15,19,富邦-花蓮,2024-05-20,9621
2014,中鴻,27,9,18,富邦-花蓮,2024-05-20,9621
00915,凱基優選高股息30,19,1,18,富邦-花蓮,2024-05-20,9621
2331,精英,69,51,18,富邦-花蓮,2024-05-20,9621
8028,昇陽半導體,20,3,17,富邦-花蓮,2024-05-20,9621
2906,高林,16,0,16,富邦-花蓮,2024-05-20,9621
3055,蔚華科,18,2,16,富邦-花蓮,2024-05-20,9621
6189,豐藝,18,2,16,富邦-花蓮,2024-05-20,9621
8033,雷虎,16,0,16,富邦-花蓮,2024-05-20,9621
00680L,元大美債20正2,17,2,15,富邦-花蓮,2024-05-20,9621
2605,新興,24,9,15,富邦-花蓮,2024-05-20,9621
2317,鴻海,116,102,14,富邦-花蓮,2024-05-20,9621
2812,台中銀,14,0,14,富邦-花蓮,2024-05-20,9621
00900,富邦特選高股息30,18,4,14,富邦-花蓮,2024-05-20,9621
6188,廣明,27,14,13,富邦-花蓮,2024-05-20,9621
2406,國碩,15,3,12,富邦-花蓮,2024-05-20,9621
5213,亞昕,12,0,12,富邦-花蓮,2024-05-20,9621
6443,元晶,15,3,12,富邦-花蓮,2024-05-20,9621
2881,富邦金,12,1,11,富邦-花蓮,2024-05-20,9621
5706,鳳凰,14,3,11,富邦-花蓮,2024-05-20,9621
00713,元大台灣高息低波,11,0,11,富邦-花蓮,2024-05-20,9621
2464,盟立,15,4,11,富邦-花蓮,2024-05-20,9621
5519,隆大,11,1,10,富邦-花蓮,2024-05-20,9621
9945,潤泰新,181,18,163,富邦-花蓮,2024-05-21,9621
2812,台中銀,151,0,151,富邦-花蓮,2024-05-21,9621
00712,復華富時不動產,110,0,110,富邦-花蓮,2024-05-21,9621
1701,中化,100,0,100,富邦-花蓮,2024-05-21,9621
2834,臺企銀,61,0,61,富邦-花蓮,2024-05-21,9621
2890,永豐金,69,12,57,富邦-花蓮,2024-05-21,9621
00929,復華台灣科技優息,100,43,57,富邦-花蓮,2024-05-21,9621
2891,中信金,60,10,50,富邦-花蓮,2024-05-21,9621
3481,群創,49,1,48,富邦-花蓮,2024-05-21,9621
1608,華榮,68,21,47,富邦-花蓮,2024-05-21,9621
2409,友達,48,3,45,富邦-花蓮,2024-05-21,9621
5328,華容,42,0,42,富邦-花蓮,2024-05-21,9621
00919,群益台灣精選高息,64,24,40,富邦-花蓮,2024-05-21,9621
2504,國產,40,0,40,富邦-花蓮,2024-05-21,9621
5521,工信,41,1,40,富邦-花蓮,2024-05-21,9621
2882,國泰金,46,7,39,富邦-花蓮,2024-05-21,9621
00878,國泰永續高股息,59,21,38,富邦-花蓮,2024-05-21,9621
1504,東元,38,1,37,富邦-花蓮,2024-05-21,9621
1455,集盛,36,0,36,富邦-花蓮,2024-05-21,9621
00937B,群益ESG投等債20,34,4,30,富邦-花蓮,2024-05-21,9621
2889,國票金,32,2,30,富邦-花蓮,2024-05-21,9621
00915,凱基優選高股息30,28,0,28,富邦-花蓮,2024-05-21,9621
4564,元翎,38,10,28,富邦-花蓮,2024-05-21,9621
3033,威健,42,15,27,富邦-花蓮,2024-05-21,9621
2399,映泰,26,0,26,富邦-花蓮,2024-05-21,9621
2515,中工,52,26,26,富邦-花蓮,2024-05-21,9621
2331,精英,26,1,25,富邦-花蓮,2024-05-21,9621
1303,南亞,21,0,21,富邦-花蓮,2024-05-21,9621
2103,台橡,20,0,20,富邦-花蓮,2024-05-21,9621
00671R,富邦NASDAQ反1,20,0,20,富邦-花蓮,2024-05-21,9621
1909,榮成,20,0,20,富邦-花蓮,2024-05-21,9621
2495,普安,20,0,20,富邦-花蓮,2024-05-21,9621
1316,上曜,23,4,19,富邦-花蓮,2024-05-21,9621
1304,台聚,19,0,19,富邦-花蓮,2024-05-21,9621
2615,萬海,20,1,19,富邦-花蓮,2024-05-21,9621
2634,漢翔,21,3,18,富邦-花蓮,2024-05-21,9621
3323,加百裕,18,0,18,富邦-花蓮,2024-05-21,9621
4533,協易機,48,31,17,富邦-花蓮,2024-05-21,9621
2637,慧洋-KY,28,11,17,富邦-花蓮,2024-05-21,9621
2374,佳能,57,40,17,富邦-花蓮,2024-05-21,9621
2489,瑞軒,39,23,16,富邦-花蓮,2024-05-21,9621
00946,群益科技高息成長,16,0,16,富邦-花蓮,2024-05-21,9621
4967,十銓,23,8,15,富邦-花蓮,2024-05-21,9621
5371,中光電,103,88,15,富邦-花蓮,2024-05-21,9621
2062,橋椿,13,0,13,富邦-花蓮,2024-05-21,9621
2915,潤泰全,15,2,13,富邦-花蓮,2024-05-21,9621
2892,第一金,17,5,12,富邦-花蓮,2024-05-21,9621
00909,國泰數位支付服務,12,0,12,富邦-花蓮,2024-05-21,9621
1444,力麗,12,0,12,富邦-花蓮,2024-05-21,9621
2365,昆盈,20,8,12,富邦-花蓮,2024-05-21,9621
00937B,群益ESG投等債20,308,10,298,富邦-花蓮,2024-05-22,9621
3490,單井,200,5,195,富邦-花蓮,2024-05-22,9621
2406,國碩,209,15,194,富邦-花蓮,2024-05-22,9621
00715L,期街口布蘭特正2,144,0,144,富邦-花蓮,2024-05-22,9621
2417,圓剛,145,21,124,富邦-花蓮,2024-05-22,9621
00632R,元大台灣50反1,85,0,85,富邦-花蓮,2024-05-22,9621
5531,鄉林,65,0,65,富邦-花蓮,2024-05-22,9621
2884,玉山金,64,5,59,富邦-花蓮,2024-05-22,9621
3047,訊舟,114,57,57,富邦-花蓮,2024-05-22,9621
2890,永豐金,50,0,50,富邦-花蓮,2024-05-22,9621
2618,長榮航,66,20,46,富邦-花蓮,2024-05-22,9621
2002,中鋼,45,1,44,富邦-花蓮,2024-05-22,9621
5392,能率,73,37,36,富邦-花蓮,2024-05-22,9621
2367,燿華,120,85,35,富邦-花蓮,2024-05-22,9621
8150,南茂,33,0,33,富邦-花蓮,2024-05-22,9621
2365,昆盈,47,15,32,富邦-花蓮,2024-05-22,9621
8110,華東,30,0,30,富邦-花蓮,2024-05-22,9621
00882,中信中國高股息,31,2,29,富邦-花蓮,2024-05-22,9621
2369,菱生,26,0,26,富邦-花蓮,2024-05-22,9621
1909,榮成,25,0,25,富邦-花蓮,2024-05-22,9621
2504,國產,29,4,25,富邦-花蓮,2024-05-22,9621
8096,擎亞,44,21,23,富邦-花蓮,2024-05-22,9621
3013,晟銘電,47,26,21,富邦-花蓮,2024-05-22,9621
00665L,富邦�琤肭磪囓�2,21,0,21,富邦-花蓮,2024-05-22,9621
00664R,國泰臺灣加權反1,26,5,21,富邦-花蓮,2024-05-22,9621
1603,華電,25,5,20,富邦-花蓮,2024-05-22,9621
2617,台航,20,0,20,富邦-花蓮,2024-05-22,9621
2812,台中銀,20,0,20,富邦-花蓮,2024-05-22,9621
2913,農林,20,0,20,富邦-花蓮,2024-05-22,9621
3005,神基,28,9,19,富邦-花蓮,2024-05-22,9621
2356,英業達,38,20,18,富邦-花蓮,2024-05-22,9621
2634,漢翔,21,3,18,富邦-花蓮,2024-05-22,9621
4903,聯光通,19,1,18,富邦-花蓮,2024-05-22,9621
3163,波若威,20,4,16,富邦-花蓮,2024-05-22,9621
6188,廣明,119,103,16,富邦-花蓮,2024-05-22,9621
6244,茂迪,16,0,16,富邦-花蓮,2024-05-22,9621
8093,保銳,16,0,16,富邦-花蓮,2024-05-22,9621
1303,南亞,16,0,16,富邦-花蓮,2024-05-22,9621
3313,斐成,15,0,15,富邦-花蓮,2024-05-22,9621
6706,惠特,20,5,15,富邦-花蓮,2024-05-22,9621
2891,中信金,16,1,15,富邦-花蓮,2024-05-22,9621
6125,廣運,71,56,15,富邦-花蓮,2024-05-22,9621
2489,瑞軒,26,12,14,富邦-花蓮,2024-05-22,9621
4564,元翎,14,0,14,富邦-花蓮,2024-05-22,9621
2241,艾姆勒,27,15,12,富邦-花蓮,2024-05-22,9621
1440,南紡,12,0,12,富邦-花蓮,2024-05-22,9621
2449,京元電子,12,0,12,富邦-花蓮,2024-05-22,9621
3060,銘異,50,38,12,富邦-花蓮,2024-05-22,9621
5230,雷笛克光學,12,0,12,富邦-花蓮,2024-05-22,9621
2547,日勝生,12,0,12,富邦-花蓮,2024-05-22,9621
00937B,群益ESG投等債20,175,10,165,富邦-花蓮,2024-05-23,9621
2883,凱基金,151,4,147,富邦-花蓮,2024-05-23,9621
9945,潤泰新,115,4,111,富邦-花蓮,2024-05-23,9621
2324,仁寶,171,60,111,富邦-花蓮,2024-05-23,9621
00715L,期街口布蘭特正2,68,0,68,富邦-花蓮,2024-05-23,9621
2915,潤泰全,58,0,58,富邦-花蓮,2024-05-23,9621
3481,群創,88,31,57,富邦-花蓮,2024-05-23,9621
4127,天良,84,29,55,富邦-花蓮,2024-05-23,9621
00632R,元大台灣50反1,52,0,52,富邦-花蓮,2024-05-23,9621
1455,集盛,50,0,50,富邦-花蓮,2024-05-23,9621
2464,盟立,125,78,47,富邦-花蓮,2024-05-23,9621
1909,榮成,45,0,45,富邦-花蓮,2024-05-23,9621
2331,精英,49,5,44,富邦-花蓮,2024-05-23,9621
5521,工信,41,0,41,富邦-花蓮,2024-05-23,9621
2009,第一銅,53,17,36,富邦-花蓮,2024-05-23,9621
8150,南茂,35,0,35,富邦-花蓮,2024-05-23,9621
1301,台塑,32,0,32,富邦-花蓮,2024-05-23,9621
1609,大亞,58,28,30,富邦-花蓮,2024-05-23,9621
2332,友訊,30,0,30,富邦-花蓮,2024-05-23,9621
00665L,富邦�琤肭磪囓�2,40,11,29,富邦-花蓮,2024-05-23,9621
6209,今國光,35,6,29,富邦-花蓮,2024-05-23,9621
2610,華航,40,13,27,富邦-花蓮,2024-05-23,9621
2356,英業達,67,40,27,富邦-花蓮,2024-05-23,9621
3535,晶彩科,30,3,27,富邦-花蓮,2024-05-23,9621
2101,南港,38,12,26,富邦-花蓮,2024-05-23,9621
2618,長榮航,50,24,26,富邦-花蓮,2024-05-23,9621
00933B,國泰10Y+金融債,26,1,25,富邦-花蓮,2024-05-23,9621
1504,東元,27,2,25,富邦-花蓮,2024-05-23,9621
2014,中鴻,25,0,25,富邦-花蓮,2024-05-23,9621
4533,協易機,37,13,24,富邦-花蓮,2024-05-23,9621
2888,新光金,74,51,23,富邦-花蓮,2024-05-23,9621
1326,台化,27,5,22,富邦-花蓮,2024-05-23,9621
2103,台橡,22,0,22,富邦-花蓮,2024-05-23,9621
5230,雷笛克光學,24,3,21,富邦-花蓮,2024-05-23,9621
1101,台泥,31,11,20,富邦-花蓮,2024-05-23,9621
1802,台玻,24,4,20,富邦-花蓮,2024-05-23,9621
2440,太空梭,20,1,19,富邦-花蓮,2024-05-23,9621
2002,中鋼,20,1,19,富邦-花蓮,2024-05-23,9621
2353,宏��,171,153,18,富邦-花蓮,2024-05-23,9621
1605,華新,24,6,18,富邦-花蓮,2024-05-23,9621
2547,日勝生,18,0,18,富邦-花蓮,2024-05-23,9621
1304,台聚,17,0,17,富邦-花蓮,2024-05-23,9621
5871,中租-KY,18,1,17,富邦-花蓮,2024-05-23,9621
3049,精金,16,0,16,富邦-花蓮,2024-05-23,9621
4714,永捷,16,0,16,富邦-花蓮,2024-05-23,9621
1815,富喬,133,117,16,富邦-花蓮,2024-05-23,9621
2852,第一保,15,0,15,富邦-花蓮,2024-05-23,9621
5475,德宏,15,0,15,富邦-花蓮,2024-05-23,9621
00944,野村趨勢動能高息,14,0,14,富邦-花蓮,2024-05-23,9621
8936,國統,20,6,14,富邦-花蓮,2024-05-23,9621
00937B,群益ESG投等債20,109,12,97,富邦-花蓮,2024-05-24,9621
00940,元大台灣價值高息,97,16,81,富邦-花蓮,2024-05-24,9621
1455,集盛,80,1,79,富邦-花蓮,2024-05-24,9621
2891,中信金,79,25,54,富邦-花蓮,2024-05-24,9621
00632R,元大台灣50反1,50,0,50,富邦-花蓮,2024-05-24,9621
3483,力致,74,24,50,富邦-花蓮,2024-05-24,9621
2882,國泰金,58,9,49,富邦-花蓮,2024-05-24,9621
2405,輔信,52,3,49,富邦-花蓮,2024-05-24,9621
00712,復華富時不動產,65,16,49,富邦-花蓮,2024-05-24,9621
1516,川飛,40,1,39,富邦-花蓮,2024-05-24,9621
3163,波若威,57,20,37,富邦-花蓮,2024-05-24,9621
2002,中鋼,34,2,32,富邦-花蓮,2024-05-24,9621
00929,復華台灣科技優息,121,90,31,富邦-花蓮,2024-05-24,9621
00679B,元大美債20年,27,2,25,富邦-花蓮,2024-05-24,9621
2324,仁寶,55,31,24,富邦-花蓮,2024-05-24,9621
2486,一詮,80,57,23,富邦-花蓮,2024-05-24,9621
4561,健椿,33,10,23,富邦-花蓮,2024-05-24,9621
1304,台聚,23,1,22,富邦-花蓮,2024-05-24,9621
2883,凱基金,30,8,22,富邦-花蓮,2024-05-24,9621
00664R,國泰臺灣加權反1,41,20,21,富邦-花蓮,2024-05-24,9621
2884,玉山金,21,1,20,富邦-花蓮,2024-05-24,9621
00753L,中信中國50正2,20,0,20,富邦-花蓮,2024-05-24,9621
1701,中化,20,0,20,富邦-花蓮,2024-05-24,9621
6426,統新,20,0,20,富邦-花蓮,2024-05-24,9621
8383,千附,20,0,20,富邦-花蓮,2024-05-24,9621
00687B,國泰20年美債,18,0,18,富邦-花蓮,2024-05-24,9621
2231,為升,17,0,17,富邦-花蓮,2024-05-24,9621
3380,明泰,18,1,17,富邦-花蓮,2024-05-24,9621
00946,群益科技高息成長,18,2,16,富邦-花蓮,2024-05-24,9621
00650L,復華香港正2,17,1,16,富邦-花蓮,2024-05-24,9621
2337,旺宏,16,0,16,富邦-花蓮,2024-05-24,9621
2610,華航,53,37,16,富邦-花蓮,2024-05-24,9621
9945,潤泰新,18,3,15,富邦-花蓮,2024-05-24,9621
2014,中鴻,15,0,15,富邦-花蓮,2024-05-24,9621
2344,華邦電,16,1,15,富邦-花蓮,2024-05-24,9621
6770,力積電,17,3,14,富邦-花蓮,2024-05-24,9621
00933B,國泰10Y+金融債,14,0,14,富邦-花蓮,2024-05-24,9621
5426,振發,20,6,14,富邦-花蓮,2024-05-24,9621
00680L,元大美債20正2,13,0,13,富邦-花蓮,2024-05-24,9621
3287,廣寰科,14,1,13,富邦-花蓮,2024-05-24,9621
00878,國泰永續高股息,15,2,13,富邦-花蓮,2024-05-24,9621
6147,頎邦,12,0,12,富邦-花蓮,2024-05-24,9621
00936,台新永續高息中小,12,0,12,富邦-花蓮,2024-05-24,9621
2892,第一金,12,0,12,富邦-花蓮,2024-05-24,9621
2618,長榮航,20,9,11,富邦-花蓮,2024-05-24,9621
2885,元大金,11,0,11,富邦-花蓮,2024-05-24,9621
3702,大聯大,14,3,11,富邦-花蓮,2024-05-24,9621
1531,高林股,10,0,10,富邦-花蓮,2024-05-24,9621
2313,華通,12,2,10,富邦-花蓮,2024-05-24,9621
1789,神隆,10,0,10,富邦-花蓮,2024-05-24,9621
00937B,群益ESG投等債20,142,19,123,富邦-花蓮,2024-05-27,9621
3290,東浦,104,0,104,富邦-花蓮,2024-05-27,9621
00706L,期元大S＆P日圓正2,100,0,100,富邦-花蓮,2024-05-27,9621
00905,FT臺灣Smart,90,3,87,富邦-花蓮,2024-05-27,9621
00632R,元大台灣50反1,83,10,73,富邦-花蓮,2024-05-27,9621
2887,台新金,72,0,72,富邦-花蓮,2024-05-27,9621
2882,國泰金,100,31,69,富邦-花蓮,2024-05-27,9621
1455,集盛,63,0,63,富邦-花蓮,2024-05-27,9621
2353,宏��,132,77,55,富邦-花蓮,2024-05-27,9621
2618,長榮航,54,3,51,富邦-花蓮,2024-05-27,9621
2489,瑞軒,111,67,44,富邦-花蓮,2024-05-27,9621
00918,大華優利高填息30,43,2,41,富邦-花蓮,2024-05-27,9621
1815,富喬,56,18,38,富邦-花蓮,2024-05-27,9621
00712,復華富時不動產,37,0,37,富邦-花蓮,2024-05-27,9621
0061,元大寶滬深,35,0,35,富邦-花蓮,2024-05-27,9621
4533,協易機,50,17,33,富邦-花蓮,2024-05-27,9621
2009,第一銅,44,14,30,富邦-花蓮,2024-05-27,9621
1101,台泥,41,12,29,富邦-花蓮,2024-05-27,9621
00679B,元大美債20年,28,1,27,富邦-花蓮,2024-05-27,9621
2367,燿華,45,21,24,富邦-花蓮,2024-05-27,9621
00940,元大台灣價值高息,176,152,24,富邦-花蓮,2024-05-27,9621
5521,工信,21,0,21,富邦-花蓮,2024-05-27,9621
8096,擎亞,21,0,21,富邦-花蓮,2024-05-27,9621
9105,泰金寶-DR,158,137,21,富邦-花蓮,2024-05-27,9621
2007,燁興,20,0,20,富邦-花蓮,2024-05-27,9621
8255,朋程,22,3,19,富邦-花蓮,2024-05-27,9621
1301,台塑,19,0,19,富邦-花蓮,2024-05-27,9621
5498,凱崴,32,14,18,富邦-花蓮,2024-05-27,9621
00664R,國泰臺灣加權反1,18,0,18,富邦-花蓮,2024-05-27,9621
2330,台積電,20,2,18,富邦-花蓮,2024-05-27,9621
2352,佳世達,22,5,17,富邦-花蓮,2024-05-27,9621
6209,今國光,19,2,17,富邦-花蓮,2024-05-27,9621
2886,兆豐金,16,0,16,富邦-花蓮,2024-05-27,9621
1316,上曜,15,0,15,富邦-花蓮,2024-05-27,9621
3033,威健,23,9,14,富邦-花蓮,2024-05-27,9621
2002,中鋼,21,7,14,富邦-花蓮,2024-05-27,9621
00944,野村趨勢動能高息,13,0,13,富邦-花蓮,2024-05-27,9621
6275,元山,29,16,13,富邦-花蓮,2024-05-27,9621
3060,銘異,15,2,13,富邦-花蓮,2024-05-27,9621
2634,漢翔,17,4,13,富邦-花蓮,2024-05-27,9621
1304,台聚,15,2,13,富邦-花蓮,2024-05-27,9621
5488,松普,17,5,12,富邦-花蓮,2024-05-27,9621
6147,頎邦,12,0,12,富邦-花蓮,2024-05-27,9621
2451,創見,11,0,11,富邦-花蓮,2024-05-27,9621
3030,德律,12,1,11,富邦-花蓮,2024-05-27,9621
3564,其陽,15,4,11,富邦-花蓮,2024-05-27,9621
6166,凌華,14,3,11,富邦-花蓮,2024-05-27,9621
6282,康舒,14,3,11,富邦-花蓮,2024-05-27,9621
6005,群益證,12,1,11,富邦-花蓮,2024-05-27,9621
3047,訊舟,114,103,11,富邦-花蓮,2024-05-27,9621
1455,集盛,200,0,200,富邦-花蓮,2024-05-28,9621
00944,野村趨勢動能高息,120,0,120,富邦-花蓮,2024-05-28,9621
00937B,群益ESG投等債20,111,4,107,富邦-花蓮,2024-05-28,9621
2354,鴻準,220,113,107,富邦-花蓮,2024-05-28,9621
5531,鄉林,95,0,95,富邦-花蓮,2024-05-28,9621
2363,矽統,169,92,77,富邦-花蓮,2024-05-28,9621
3049,精金,65,0,65,富邦-花蓮,2024-05-28,9621
2891,中信金,65,1,64,富邦-花蓮,2024-05-28,9621
2883,凱基金,101,38,63,富邦-花蓮,2024-05-28,9621
00673R,期元大S＆P原油反1,50,0,50,富邦-花蓮,2024-05-28,9621
1611,中電,50,0,50,富邦-花蓮,2024-05-28,9621
0056,元大高股息,45,2,43,富邦-花蓮,2024-05-28,9621
9945,潤泰新,52,10,42,富邦-花蓮,2024-05-28,9621
3290,東浦,41,0,41,富邦-花蓮,2024-05-28,9621
2838,聯邦銀,40,1,39,富邦-花蓮,2024-05-28,9621
1102,亞泥,41,2,39,富邦-花蓮,2024-05-28,9621
00919,群益台灣精選高息,68,32,36,富邦-花蓮,2024-05-28,9621
2324,仁寶,40,4,36,富邦-花蓮,2024-05-28,9621
00679B,元大美債20年,35,0,35,富邦-花蓮,2024-05-28,9621
2887,台新金,35,1,34,富邦-花蓮,2024-05-28,9621
3535,晶彩科,39,5,34,富邦-花蓮,2024-05-28,9621
2464,盟立,175,142,33,富邦-花蓮,2024-05-28,9621
6188,廣明,58,26,32,富邦-花蓮,2024-05-28,9621
8110,華東,30,0,30,富邦-花蓮,2024-05-28,9621
2609,陽明,60,31,29,富邦-花蓮,2024-05-28,9621
4306,炎洲,30,3,27,富邦-花蓮,2024-05-28,9621
6147,頎邦,29,2,27,富邦-花蓮,2024-05-28,9621
2352,佳世達,28,2,26,富邦-花蓮,2024-05-28,9621
2615,萬海,46,21,25,富邦-花蓮,2024-05-28,9621
8064,東捷,57,34,23,富邦-花蓮,2024-05-28,9621
00946,群益科技高息成長,26,4,22,富邦-花蓮,2024-05-28,9621
2353,宏��,90,68,22,富邦-花蓮,2024-05-28,9621
2892,第一金,35,14,21,富邦-花蓮,2024-05-28,9621
5498,凱崴,23,2,21,富邦-花蓮,2024-05-28,9621
1570,力肯,21,1,20,富邦-花蓮,2024-05-28,9621
3712,永崴投控,25,5,20,富邦-花蓮,2024-05-28,9621
4526,東台,21,3,18,富邦-花蓮,2024-05-28,9621
2405,輔信,53,35,18,富邦-花蓮,2024-05-28,9621
2481,強茂,21,4,17,富邦-花蓮,2024-05-28,9621
00918,大華優利高填息30,18,1,17,富邦-花蓮,2024-05-28,9621
00712,復華富時不動產,16,0,16,富邦-花蓮,2024-05-28,9621
4564,元翎,16,0,16,富邦-花蓮,2024-05-28,9621
00891,中信關鍵半導體,16,1,15,富邦-花蓮,2024-05-28,9621
2449,京元電子,20,5,15,富邦-花蓮,2024-05-28,9621
2458,義隆,16,1,15,富邦-花蓮,2024-05-28,9621
6156,松上,15,0,15,富邦-花蓮,2024-05-28,9621
6530,創威,15,0,15,富邦-花蓮,2024-05-28,9621
3380,明泰,23,10,13,富邦-花蓮,2024-05-28,9621
5371,中光電,73,60,13,富邦-花蓮,2024-05-28,9621
6233,旺玖,13,0,13,富邦-花蓮,2024-05-28,9621
00937B,群益ESG投等債20,578,10,568,富邦-花蓮,2024-05-29,9621
00772B,中信高評級公司債,302,0,302,富邦-花蓮,2024-05-29,9621
2883,凱基金,260,0,260,富邦-花蓮,2024-05-29,9621
2891,中信金,224,44,180,富邦-花蓮,2024-05-29,9621
2615,萬海,117,14,103,富邦-花蓮,2024-05-29,9621
00940,元大台灣價值高息,261,158,103,富邦-花蓮,2024-05-29,9621
2888,新光金,120,39,81,富邦-花蓮,2024-05-29,9621
00751B,元大AAA至A公司債,76,0,76,富邦-花蓮,2024-05-29,9621
00673R,期元大S＆P原油反1,74,0,74,富邦-花蓮,2024-05-29,9621
2610,華航,90,18,72,富邦-花蓮,2024-05-29,9621
00679B,元大美債20年,69,0,69,富邦-花蓮,2024-05-29,9621
9945,潤泰新,66,3,63,富邦-花蓮,2024-05-29,9621
2867,三商壽,76,18,58,富邦-花蓮,2024-05-29,9621
2353,宏��,98,40,58,富邦-花蓮,2024-05-29,9621
3380,明泰,63,7,56,富邦-花蓮,2024-05-29,9621
2609,陽明,64,9,55,富邦-花蓮,2024-05-29,9621
2349,錸德,55,0,55,富邦-花蓮,2024-05-29,9621
1455,集盛,50,0,50,富邦-花蓮,2024-05-29,9621
3481,群創,50,2,48,富邦-花蓮,2024-05-29,9621
1101,台泥,53,6,47,富邦-花蓮,2024-05-29,9621
00918,大華優利高填息30,46,1,45,富邦-花蓮,2024-05-29,9621
2515,中工,48,5,43,富邦-花蓮,2024-05-29,9621
5251,天鉞電,49,6,43,富邦-花蓮,2024-05-29,9621
2401,凌陽,121,80,41,富邦-花蓮,2024-05-29,9621
3372,典範,42,1,41,富邦-花蓮,2024-05-29,9621
00878,國泰永續高股息,47,6,41,富邦-花蓮,2024-05-29,9621
1808,潤隆,40,0,40,富邦-花蓮,2024-05-29,9621
00687B,國泰20年美債,40,0,40,富邦-花蓮,2024-05-29,9621
2897,王道銀行,33,0,33,富邦-花蓮,2024-05-29,9621
2834,臺企銀,31,0,31,富邦-花蓮,2024-05-29,9621
00712,復華富時不動產,53,23,30,富邦-花蓮,2024-05-29,9621
2542,興富發,36,6,30,富邦-花蓮,2024-05-29,9621
2884,玉山金,31,2,29,富邦-花蓮,2024-05-29,9621
2303,聯電,37,11,26,富邦-花蓮,2024-05-29,9621
2882,國泰金,31,5,26,富邦-花蓮,2024-05-29,9621
2614,東森,26,0,26,富邦-花蓮,2024-05-29,9621
2886,兆豐金,27,2,25,富邦-花蓮,2024-05-29,9621
2641,正德,71,47,24,富邦-花蓮,2024-05-29,9621
2618,長榮航,52,29,23,富邦-花蓮,2024-05-29,9621
3047,訊舟,107,85,22,富邦-花蓮,2024-05-29,9621
6125,廣運,109,87,22,富邦-花蓮,2024-05-29,9621
3035,智原,29,8,21,富邦-花蓮,2024-05-29,9621
5512,力麒,21,0,21,富邦-花蓮,2024-05-29,9621
2317,鴻海,32,12,20,富邦-花蓮,2024-05-29,9621
00656R,國泰中國A50反1,20,0,20,富邦-花蓮,2024-05-29,9621
2406,國碩,20,0,20,富邦-花蓮,2024-05-29,9621
3049,精金,20,0,20,富邦-花蓮,2024-05-29,9621
2890,永豐金,32,13,19,富邦-花蓮,2024-05-29,9621
0056,元大高股息,19,0,19,富邦-花蓮,2024-05-29,9621
6005,群益證,18,1,17,富邦-花蓮,2024-05-29,9621
00937B,群益ESG投等債20,177,23,154,富邦-花蓮,2024-05-30,9621
00940,元大台灣價值高息,201,78,123,富邦-花蓮,2024-05-30,9621
00929,復華台灣科技優息,182,59,123,富邦-花蓮,2024-05-30,9621
1455,集盛,92,0,92,富邦-花蓮,2024-05-30,9621
00878,國泰永續高股息,77,6,71,富邦-花蓮,2024-05-30,9621
00712,復華富時不動產,57,3,54,富邦-花蓮,2024-05-30,9621
1815,富喬,144,93,51,富邦-花蓮,2024-05-30,9621
2317,鴻海,138,90,48,富邦-花蓮,2024-05-30,9621
1303,南亞,49,2,47,富邦-花蓮,2024-05-30,9621
2369,菱生,42,0,42,富邦-花蓮,2024-05-30,9621
3481,群創,52,14,38,富邦-花蓮,2024-05-30,9621
00650L,復華香港正2,52,15,37,富邦-花蓮,2024-05-30,9621
2886,兆豐金,37,2,35,富邦-花蓮,2024-05-30,9621
2356,英業達,52,19,33,富邦-花蓮,2024-05-30,9621
2002,中鋼,39,7,32,富邦-花蓮,2024-05-30,9621
5608,四維航,48,16,32,富邦-花蓮,2024-05-30,9621
00939,統一台灣高息動能,31,0,31,富邦-花蓮,2024-05-30,9621
5880,合庫金,31,0,31,富邦-花蓮,2024-05-30,9621
2641,正德,90,59,31,富邦-花蓮,2024-05-30,9621
1710,東聯,30,0,30,富邦-花蓮,2024-05-30,9621
2405,輔信,73,43,30,富邦-花蓮,2024-05-30,9621
4956,光鋐,30,0,30,富邦-花蓮,2024-05-30,9621
1316,上曜,80,50,30,富邦-花蓮,2024-05-30,9621
00915,凱基優選高股息30,30,1,29,富邦-花蓮,2024-05-30,9621
6269,台郡,29,0,29,富邦-花蓮,2024-05-30,9621
00936,台新永續高息中小,28,0,28,富邦-花蓮,2024-05-30,9621
1609,大亞,30,3,27,富邦-花蓮,2024-05-30,9621
00919,群益台灣精選高息,44,18,26,富邦-花蓮,2024-05-30,9621
2537,聯上發,32,6,26,富邦-花蓮,2024-05-30,9621
3265,台星科,27,1,26,富邦-花蓮,2024-05-30,9621
2399,映泰,33,8,25,富邦-花蓮,2024-05-30,9621
2330,台積電,31,6,25,富邦-花蓮,2024-05-30,9621
2812,台中銀,25,2,23,富邦-花蓮,2024-05-30,9621
6209,今國光,29,6,23,富邦-花蓮,2024-05-30,9621
3564,其陽,26,4,22,富邦-花蓮,2024-05-30,9621
00772B,中信高評級公司債,22,0,22,富邦-花蓮,2024-05-30,9621
00715L,期街口布蘭特正2,22,0,22,富邦-花蓮,2024-05-30,9621
1434,福懋,22,0,22,富邦-花蓮,2024-05-30,9621
2495,普安,29,7,22,富邦-花蓮,2024-05-30,9621
5230,雷笛克光學,53,31,22,富邦-花蓮,2024-05-30,9621
4562,穎漢,30,9,21,富邦-花蓮,2024-05-30,9621
3047,訊舟,77,57,20,富邦-花蓮,2024-05-30,9621
6153,嘉聯益,20,0,20,富邦-花蓮,2024-05-30,9621
2891,中信金,66,46,20,富邦-花蓮,2024-05-30,9621
2009,第一銅,31,12,19,富邦-花蓮,2024-05-30,9621
6126,信音,31,12,19,富邦-花蓮,2024-05-30,9621
2610,華航,26,7,19,富邦-花蓮,2024-05-30,9621
00687B,國泰20年美債,36,18,18,富邦-花蓮,2024-05-30,9621
2421,建準,18,0,18,富邦-花蓮,2024-05-30,9621
2344,華邦電,21,3,18,富邦-花蓮,2024-05-30,9621
2409,友達,304,0,304,富邦-花蓮,2024-05-31,9621
2609,陽明,308,124,184,富邦-花蓮,2024-05-31,9621
2401,凌陽,180,5,175,富邦-花蓮,2024-05-31,9621
00929,復華台灣科技優息,198,70,128,富邦-花蓮,2024-05-31,9621
2317,鴻海,143,16,127,富邦-花蓮,2024-05-31,9621
6770,力積電,130,13,117,富邦-花蓮,2024-05-31,9621
00715L,期街口布蘭特正2,102,0,102,富邦-花蓮,2024-05-31,9621
00939,統一台灣高息動能,64,0,64,富邦-花蓮,2024-05-31,9621
2399,映泰,68,8,60,富邦-花蓮,2024-05-31,9621
00919,群益台灣精選高息,110,55,55,富邦-花蓮,2024-05-31,9621
00706L,期元大S＆P日圓正2,50,0,50,富邦-花蓮,2024-05-31,9621
1815,富喬,84,40,44,富邦-花蓮,2024-05-31,9621
00878,國泰永續高股息,63,23,40,富邦-花蓮,2024-05-31,9621
2330,台積電,41,1,40,富邦-花蓮,2024-05-31,9621
2891,中信金,59,24,35,富邦-花蓮,2024-05-31,9621
2353,宏��,44,11,33,富邦-花蓮,2024-05-31,9621
00945B,凱基美國非投等債,30,0,30,富邦-花蓮,2024-05-31,9621
3231,緯創,276,246,30,富邦-花蓮,2024-05-31,9621
6182,合晶,28,0,28,富邦-花蓮,2024-05-31,9621
5880,合庫金,27,0,27,富邦-花蓮,2024-05-31,9621
2382,廣達,33,6,27,富邦-花蓮,2024-05-31,9621
1108,幸福,30,4,26,富邦-花蓮,2024-05-31,9621
2354,鴻準,127,101,26,富邦-花蓮,2024-05-31,9621
2406,國碩,30,4,26,富邦-花蓮,2024-05-31,9621
4906,正文,29,4,25,富邦-花蓮,2024-05-31,9621
2002,中鋼,27,3,24,富邦-花蓮,2024-05-31,9621
00946,群益科技高息成長,24,0,24,富邦-花蓮,2024-05-31,9621
2344,華邦電,24,0,24,富邦-花蓮,2024-05-31,9621
2889,國票金,24,0,24,富邦-花蓮,2024-05-31,9621
2377,微星,24,2,22,富邦-花蓮,2024-05-31,9621
2356,英業達,35,13,22,富邦-花蓮,2024-05-31,9621
00915,凱基優選高股息30,23,2,21,富邦-花蓮,2024-05-31,9621
1909,榮成,20,0,20,富邦-花蓮,2024-05-31,9621
2007,燁興,20,0,20,富邦-花蓮,2024-05-31,9621
00922,國泰台灣領袖50,19,1,18,富邦-花蓮,2024-05-31,9621
2615,萬海,36,18,18,富邦-花蓮,2024-05-31,9621
1447,力鵬,17,0,17,富邦-花蓮,2024-05-31,9621
6233,旺玖,30,13,17,富邦-花蓮,2024-05-31,9621
1570,力肯,17,2,15,富邦-花蓮,2024-05-31,9621
3047,訊舟,84,69,15,富邦-花蓮,2024-05-31,9621
4903,聯光通,18,3,15,富邦-花蓮,2024-05-31,9621
8933,愛地雅,15,0,15,富邦-花蓮,2024-05-31,9621
00892,富邦台灣半導體,14,0,14,富邦-花蓮,2024-05-31,9621
9902,台火,15,1,14,富邦-花蓮,2024-05-31,9621
2363,矽統,23,9,14,富邦-花蓮,2024-05-31,9621
2243,宏旭-KY,13,0,13,富邦-花蓮,2024-05-31,9621
2851,中再保,13,0,13,富邦-花蓮,2024-05-31,9621
5465,富驊,13,0,13,富邦-花蓮,2024-05-31,9621
2313,華通,17,4,13,富邦-花蓮,2024-05-31,9621
2618,長榮航,51,38,13,富邦-花蓮,2024-05-31,9621
00665L,富邦�琤肭磪囓�2,323,71,252,富邦-花蓮,2024-06-03,9621
1455,集盛,148,0,148,富邦-花蓮,2024-06-03,9621
00650L,復華香港正2,200,53,147,富邦-花蓮,2024-06-03,9621
00919,群益台灣精選高息,150,3,147,富邦-花蓮,2024-06-03,9621
00715L,期街口布蘭特正2,135,23,112,富邦-花蓮,2024-06-03,9621
00937B,群益ESG投等債20,134,24,110,富邦-花蓮,2024-06-03,9621
00929,復華台灣科技優息,69,1,68,富邦-花蓮,2024-06-03,9621
00918,大華優利高填息30,64,3,61,富邦-花蓮,2024-06-03,9621
00753L,中信中國50正2,62,3,59,富邦-花蓮,2024-06-03,9621
00946,群益科技高息成長,79,22,57,富邦-花蓮,2024-06-03,9621
2605,新興,62,13,49,富邦-花蓮,2024-06-03,9621
5328,華容,47,0,47,富邦-花蓮,2024-06-03,9621
2356,英業達,72,27,45,富邦-花蓮,2024-06-03,9621
2615,萬海,98,55,43,富邦-花蓮,2024-06-03,9621
6026,福邦證,40,0,40,富邦-花蓮,2024-06-03,9621
2409,友達,42,4,38,富邦-花蓮,2024-06-03,9621
2618,長榮航,80,42,38,富邦-花蓮,2024-06-03,9621
2489,瑞軒,43,6,37,富邦-花蓮,2024-06-03,9621
2323,中環,50,14,36,富邦-花蓮,2024-06-03,9621
2812,台中銀,31,0,31,富邦-花蓮,2024-06-03,9621
2353,宏��,65,35,30,富邦-花蓮,2024-06-03,9621
00922,國泰台灣領袖50,30,1,29,富邦-花蓮,2024-06-03,9621
2349,錸德,29,0,29,富邦-花蓮,2024-06-03,9621
6770,力積電,30,2,28,富邦-花蓮,2024-06-03,9621
3118,進階,24,0,24,富邦-花蓮,2024-06-03,9621
1815,富喬,63,39,24,富邦-花蓮,2024-06-03,9621
1608,華榮,23,0,23,富邦-花蓮,2024-06-03,9621
6284,佳邦,24,1,23,富邦-花蓮,2024-06-03,9621
2367,燿華,52,29,23,富邦-花蓮,2024-06-03,9621
1312,國喬,22,0,22,富邦-花蓮,2024-06-03,9621
2451,創見,23,1,22,富邦-花蓮,2024-06-03,9621
2365,昆盈,35,13,22,富邦-花蓮,2024-06-03,9621
3231,緯創,38,16,22,富邦-花蓮,2024-06-03,9621
00915,凱基優選高股息30,22,1,21,富邦-花蓮,2024-06-03,9621
4550,長佳,21,0,21,富邦-花蓮,2024-06-03,9621
5864,致和證,21,0,21,富邦-花蓮,2024-06-03,9621
8150,南茂,21,0,21,富邦-花蓮,2024-06-03,9621
00857B,永豐20年美公債,20,0,20,富邦-花蓮,2024-06-03,9621
00939,統一台灣高息動能,21,2,19,富邦-花蓮,2024-06-03,9621
1234,黑松,19,0,19,富邦-花蓮,2024-06-03,9621
1316,上曜,29,10,19,富邦-花蓮,2024-06-03,9621
1402,遠東新,25,6,19,富邦-花蓮,2024-06-03,9621
6005,群益證,21,2,19,富邦-花蓮,2024-06-03,9621
2337,旺宏,18,0,18,富邦-花蓮,2024-06-03,9621
3058,立德,18,0,18,富邦-花蓮,2024-06-03,9621
3230,錦明,18,0,18,富邦-花蓮,2024-06-03,9621
3498,陽程,20,2,18,富邦-花蓮,2024-06-03,9621
2329,華泰,44,27,17,富邦-花蓮,2024-06-03,9621
00637L,元大滬深300正2,20,3,17,富邦-花蓮,2024-06-03,9621
2101,南港,37,21,16,富邦-花蓮,2024-06-03,9621
00929,復華台灣科技優息,320,39,281,富邦-花蓮,2024-06-04,9621
2312,金寶,245,24,221,富邦-花蓮,2024-06-04,9621
00715L,期街口布蘭特正2,236,20,216,富邦-花蓮,2024-06-04,9621
00919,群益台灣精選高息,142,7,135,富邦-花蓮,2024-06-04,9621
2834,臺企銀,125,13,112,富邦-花蓮,2024-06-04,9621
1455,集盛,100,0,100,富邦-花蓮,2024-06-04,9621
00918,大華優利高填息30,101,7,94,富邦-花蓮,2024-06-04,9621
2537,聯上發,169,80,89,富邦-花蓮,2024-06-04,9621
2331,精英,143,54,89,富邦-花蓮,2024-06-04,9621
2317,鴻海,90,16,74,富邦-花蓮,2024-06-04,9621
00878,國泰永續高股息,66,2,64,富邦-花蓮,2024-06-04,9621
5864,致和證,61,0,61,富邦-花蓮,2024-06-04,9621
2916,滿心,58,0,58,富邦-花蓮,2024-06-04,9621
3481,群創,66,11,55,富邦-花蓮,2024-06-04,9621
2324,仁寶,122,68,54,富邦-花蓮,2024-06-04,9621
2486,一詮,72,22,50,富邦-花蓮,2024-06-04,9621
2618,長榮航,68,19,49,富邦-花蓮,2024-06-04,9621
2867,三商壽,51,4,47,富邦-花蓮,2024-06-04,9621
1909,榮成,45,0,45,富邦-花蓮,2024-06-04,9621
2367,燿華,91,46,45,富邦-花蓮,2024-06-04,9621
4533,協易機,82,38,44,富邦-花蓮,2024-06-04,9621
6125,廣運,159,120,39,富邦-花蓮,2024-06-04,9621
00939,統一台灣高息動能,36,4,32,富邦-花蓮,2024-06-04,9621
3047,訊舟,108,77,31,富邦-花蓮,2024-06-04,9621
2241,艾姆勒,34,8,26,富邦-花蓮,2024-06-04,9621
2641,正德,33,8,25,富邦-花蓮,2024-06-04,9621
4562,穎漢,40,15,25,富邦-花蓮,2024-06-04,9621
2344,華邦電,34,10,24,富邦-花蓮,2024-06-04,9621
2610,華航,26,2,24,富邦-花蓮,2024-06-04,9621
6112,邁達特,28,5,23,富邦-花蓮,2024-06-04,9621
0056,元大高股息,24,1,23,富邦-花蓮,2024-06-04,9621
1102,亞泥,22,0,22,富邦-花蓮,2024-06-04,9621
2453,凌群,24,3,21,富邦-花蓮,2024-06-04,9621
2888,新光金,204,183,21,富邦-花蓮,2024-06-04,9621
1587,吉茂,22,1,21,富邦-花蓮,2024-06-04,9621
3260,威剛,32,12,20,富邦-花蓮,2024-06-04,9621
2890,永豐金,40,20,20,富邦-花蓮,2024-06-04,9621
00642U,期元大S＆P石油,20,0,20,富邦-花蓮,2024-06-04,9621
00633L,富邦上証正2,20,0,20,富邦-花蓮,2024-06-04,9621
00693U,期街口S＆P黃豆,20,0,20,富邦-花蓮,2024-06-04,9621
00942B,台新美A公司債20+,24,4,20,富邦-花蓮,2024-06-04,9621
3024,憶聲,20,0,20,富邦-花蓮,2024-06-04,9621
2887,台新金,20,0,20,富邦-花蓮,2024-06-04,9621
6770,力積電,39,20,19,富邦-花蓮,2024-06-04,9621
1802,台玻,52,33,19,富邦-花蓮,2024-06-04,9621
2382,廣達,24,5,19,富邦-花蓮,2024-06-04,9621
2409,友達,19,0,19,富邦-花蓮,2024-06-04,9621
00915,凱基優選高股息30,19,1,18,富邦-花蓮,2024-06-04,9621
8028,昇陽半導體,19,1,18,富邦-花蓮,2024-06-04,9621
1303,南亞,18,1,17,富邦-花蓮,2024-06-04,9621
00929,復華台灣科技優息,346,11,335,富邦-花蓮,2024-06-05,9621
00715L,期街口布蘭特正2,193,0,193,富邦-花蓮,2024-06-05,9621
1314,中石化,181,1,180,富邦-花蓮,2024-06-05,9621
00918,大華優利高填息30,171,0,171,富邦-花蓮,2024-06-05,9621
00673R,期元大S＆P原油反1,151,0,151,富邦-花蓮,2024-06-05,9621
00946,群益科技高息成長,117,0,117,富邦-花蓮,2024-06-05,9621
00878,國泰永續高股息,111,8,103,富邦-花蓮,2024-06-05,9621
00936,台新永續高息中小,79,2,77,富邦-花蓮,2024-06-05,9621
2356,英業達,62,6,56,富邦-花蓮,2024-06-05,9621
2344,華邦電,51,1,50,富邦-花蓮,2024-06-05,9621
5531,鄉林,50,0,50,富邦-花蓮,2024-06-05,9621
3231,緯創,70,21,49,富邦-花蓮,2024-06-05,9621
2002,中鋼,45,2,43,富邦-花蓮,2024-06-05,9621
2352,佳世達,32,0,32,富邦-花蓮,2024-06-05,9621
2915,潤泰全,33,1,32,富邦-花蓮,2024-06-05,9621
00919,群益台灣精選高息,62,31,31,富邦-花蓮,2024-06-05,9621
00676R,富邦臺灣加權反1,31,0,31,富邦-花蓮,2024-06-05,9621
1304,台聚,34,3,31,富邦-花蓮,2024-06-05,9621
9945,潤泰新,37,6,31,富邦-花蓮,2024-06-05,9621
1808,潤隆,30,1,29,富邦-花蓮,2024-06-05,9621
2303,聯電,52,23,29,富邦-花蓮,2024-06-05,9621
2489,瑞軒,56,27,29,富邦-花蓮,2024-06-05,9621
2312,金寶,44,15,29,富邦-花蓮,2024-06-05,9621
00680L,元大美債20正2,91,62,29,富邦-花蓮,2024-06-05,9621
00939,統一台灣高息動能,30,2,28,富邦-花蓮,2024-06-05,9621
2515,中工,36,10,26,富邦-花蓮,2024-06-05,9621
2867,三商壽,24,0,24,富邦-花蓮,2024-06-05,9621
2354,鴻準,43,20,23,富邦-花蓮,2024-06-05,9621
1587,吉茂,24,1,23,富邦-花蓮,2024-06-05,9621
3305,昇貿,25,2,23,富邦-花蓮,2024-06-05,9621
00632R,元大台灣50反1,26,5,21,富邦-花蓮,2024-06-05,9621
5521,工信,21,0,21,富邦-花蓮,2024-06-05,9621
00943,兆豐電子高息等權,20,0,20,富邦-花蓮,2024-06-05,9621
2916,滿心,20,0,20,富邦-花蓮,2024-06-05,9621
2543,皇昌,20,0,20,富邦-花蓮,2024-06-05,9621
6125,廣運,93,74,19,富邦-花蓮,2024-06-05,9621
2009,第一銅,19,0,19,富邦-花蓮,2024-06-05,9621
2537,聯上發,49,30,19,富邦-花蓮,2024-06-05,9621
3706,神達,27,8,19,富邦-花蓮,2024-06-05,9621
2834,臺企銀,21,3,18,富邦-花蓮,2024-06-05,9621
2105,正新,21,4,17,富邦-花蓮,2024-06-05,9621
6116,彩晶,17,0,17,富邦-花蓮,2024-06-05,9621
2324,仁寶,19,2,17,富邦-花蓮,2024-06-05,9621
2417,圓剛,33,16,17,富邦-花蓮,2024-06-05,9621
6189,豐藝,17,1,16,富邦-花蓮,2024-06-05,9621
8028,昇陽半導體,16,0,16,富邦-花蓮,2024-06-05,9621
2317,鴻海,74,59,15,富邦-花蓮,2024-06-05,9621
5371,中光電,23,8,15,富邦-花蓮,2024-06-05,9621
3515,華擎,15,0,15,富邦-花蓮,2024-06-05,9621
6270,倍微,24,9,15,富邦-花蓮,2024-06-05,9621
1714,和桐,276,0,276,富邦-花蓮,2024-06-06,9621
00665L,富邦�琤肭磪囓�2,201,0,201,富邦-花蓮,2024-06-06,9621
00936,台新永續高息中小,172,0,172,富邦-花蓮,2024-06-06,9621
00632R,元大台灣50反1,174,16,158,富邦-花蓮,2024-06-06,9621
00688L,國泰20年美債正2,115,0,115,富邦-花蓮,2024-06-06,9621
00918,大華優利高填息30,101,0,101,富邦-花蓮,2024-06-06,9621
2002,中鋼,84,11,73,富邦-花蓮,2024-06-06,9621
00937B,群益ESG投等債20,118,54,64,富邦-花蓮,2024-06-06,9621
00929,復華台灣科技優息,73,8,65,富邦-花蓮,2024-06-06,9621
2354,鴻準,142,85,57,富邦-花蓮,2024-06-06,9621
3481,群創,52,0,52,富邦-花蓮,2024-06-06,9621
00673R,期元大S＆P原油反1,51,0,51,富邦-花蓮,2024-06-06,9621
00680L,元大美債20正2,51,1,50,富邦-花蓮,2024-06-06,9621
2377,微星,42,1,41,富邦-花蓮,2024-06-06,9621
1303,南亞,38,0,38,富邦-花蓮,2024-06-06,9621
2363,矽統,41,7,34,富邦-花蓮,2024-06-06,9621
2344,華邦電,55,22,33,富邦-花蓮,2024-06-06,9621
1710,東聯,32,0,32,富邦-花蓮,2024-06-06,9621
3297,杭特,33,1,32,富邦-花蓮,2024-06-06,9621
6182,合晶,31,0,31,富邦-花蓮,2024-06-06,9621
2328,廣宇,68,38,30,富邦-花蓮,2024-06-06,9621
1587,吉茂,30,1,29,富邦-花蓮,2024-06-06,9621
1301,台塑,27,0,27,富邦-花蓮,2024-06-06,9621
2915,潤泰全,25,1,24,富邦-花蓮,2024-06-06,9621
2489,瑞軒,26,4,22,富邦-花蓮,2024-06-06,9621
00650L,復華香港正2,22,0,22,富邦-花蓮,2024-06-06,9621
00942B,台新美A公司債20+,22,0,22,富邦-花蓮,2024-06-06,9621
2352,佳世達,22,0,22,富邦-花蓮,2024-06-06,9621
2605,新興,40,19,21,富邦-花蓮,2024-06-06,9621
1108,幸福,20,0,20,富邦-花蓮,2024-06-06,9621
4967,十銓,38,18,20,富邦-花蓮,2024-06-06,9621
00932,兆豐永續高息等權,19,0,19,富邦-花蓮,2024-06-06,9621
3231,緯創,181,163,18,富邦-花蓮,2024-06-06,9621
00946,群益科技高息成長,29,12,17,富邦-花蓮,2024-06-06,9621
1109,信大,16,0,16,富邦-花蓮,2024-06-06,9621
3550,聯穎,16,0,16,富邦-花蓮,2024-06-06,9621
2417,圓剛,22,6,16,富邦-花蓮,2024-06-06,9621
2331,精英,40,25,15,富邦-花蓮,2024-06-06,9621
2409,友達,15,0,15,富邦-花蓮,2024-06-06,9621
2611,志信,22,7,15,富邦-花蓮,2024-06-06,9621
3015,全漢,22,7,15,富邦-花蓮,2024-06-06,9621
3049,精金,15,0,15,富邦-花蓮,2024-06-06,9621
3455,由田,16,1,15,富邦-花蓮,2024-06-06,9621
2467,志聖,15,1,14,富邦-花蓮,2024-06-06,9621
6505,台塑化,14,0,14,富邦-花蓮,2024-06-06,9621
6278,台表科,14,1,13,富邦-花蓮,2024-06-06,9621
1905,華紙,12,0,12,富邦-花蓮,2024-06-06,9621
1514,亞力,16,5,11,富邦-花蓮,2024-06-06,9621
4167,松瑞藥,12,1,11,富邦-花蓮,2024-06-06,9621
5498,凱崴,12,2,10,富邦-花蓮,2024-06-06,9621
2891,中信金,243,19,224,富邦-花蓮,2024-06-07,9621
2609,陽明,690,477,213,富邦-花蓮,2024-06-07,9621
00929,復華台灣科技優息,227,42,185,富邦-花蓮,2024-06-07,9621
00936,台新永續高息中小,152,0,152,富邦-花蓮,2024-06-07,9621
00706L,期元大S＆P日圓正2,123,0,123,富邦-花蓮,2024-06-07,9621
2882,國泰金,165,60,105,富邦-花蓮,2024-06-07,9621
9945,潤泰新,167,70,97,富邦-花蓮,2024-06-07,9621
2915,潤泰全,86,2,84,富邦-花蓮,2024-06-07,9621
2312,金寶,195,117,78,富邦-花蓮,2024-06-07,9621
00878,國泰永續高股息,66,2,64,富邦-花蓮,2024-06-07,9621
00673R,期元大S＆P原油反1,50,0,50,富邦-花蓮,2024-06-07,9621
00941,中信上游半導體,61,23,38,富邦-花蓮,2024-06-07,9621
00918,大華優利高填息30,41,5,36,富邦-花蓮,2024-06-07,9621
2489,瑞軒,47,11,36,富邦-花蓮,2024-06-07,9621
2615,萬海,129,95,34,富邦-花蓮,2024-06-07,9621
5864,致和證,31,0,31,富邦-花蓮,2024-06-07,9621
3481,群創,38,10,28,富邦-花蓮,2024-06-07,9621
1314,中石化,30,4,26,富邦-花蓮,2024-06-07,9621
2317,鴻海,52,26,26,富邦-花蓮,2024-06-07,9621
1102,亞泥,36,11,25,富邦-花蓮,2024-06-07,9621
5302,太欣,24,0,24,富邦-花蓮,2024-06-07,9621
2356,英業達,42,18,24,富邦-花蓮,2024-06-07,9621
2002,中鋼,24,1,23,富邦-花蓮,2024-06-07,9621
2331,精英,25,2,23,富邦-花蓮,2024-06-07,9621
2352,佳世達,24,1,23,富邦-花蓮,2024-06-07,9621
2476,鉅祥,23,0,23,富邦-花蓮,2024-06-07,9621
2851,中再保,23,0,23,富邦-花蓮,2024-06-07,9621
3122,笙泉,35,12,23,富邦-花蓮,2024-06-07,9621
2353,宏��,35,14,21,富邦-花蓮,2024-06-07,9621
3706,神達,24,3,21,富邦-花蓮,2024-06-07,9621
2324,仁寶,27,7,20,富邦-花蓮,2024-06-07,9621
3455,由田,19,0,19,富邦-花蓮,2024-06-07,9621
2890,永豐金,20,3,17,富邦-花蓮,2024-06-07,9621
3228,金麗科,17,0,17,富邦-花蓮,2024-06-07,9621
00933B,國泰10Y+金融債,17,0,17,富邦-花蓮,2024-06-07,9621
6147,頎邦,16,0,16,富邦-花蓮,2024-06-07,9621
8112,至上,18,2,16,富邦-花蓮,2024-06-07,9621
3231,緯創,50,35,15,富邦-花蓮,2024-06-07,9621
2889,國票金,22,6,16,富邦-花蓮,2024-06-07,9621
00940,元大台灣價值高息,130,115,15,富邦-花蓮,2024-06-07,9621
2208,台船,15,1,14,富邦-花蓮,2024-06-07,9621
1303,南亞,16,2,14,富邦-花蓮,2024-06-07,9621
3037,欣興,20,6,14,富邦-花蓮,2024-06-07,9621
8033,雷虎,16,2,14,富邦-花蓮,2024-06-07,9621
6213,聯茂,22,9,13,富邦-花蓮,2024-06-07,9621
2101,南港,19,7,12,富邦-花蓮,2024-06-07,9621
2417,圓剛,12,0,12,富邦-花蓮,2024-06-07,9621
8028,昇陽半導體,13,1,12,富邦-花蓮,2024-06-07,9621
9105,泰金寶-DR,19,7,12,富邦-花蓮,2024-06-07,9621
2330,台積電,19,7,12,富邦-花蓮,2024-06-07,9621
2409,友達,365,0,365,富邦-花蓮,2024-06-11,9621
00929,復華台灣科技優息,304,0,304,富邦-花蓮,2024-06-11,9621
2609,陽明,439,266,173,富邦-花蓮,2024-06-11,9621
00937B,群益ESG投等債20,171,23,148,富邦-花蓮,2024-06-11,9621
00918,大華優利高填息30,148,5,143,富邦-花蓮,2024-06-11,9621
00936,台新永續高息中小,136,0,136,富邦-花蓮,2024-06-11,9621
00673R,期元大S＆P原油反1,102,0,102,富邦-花蓮,2024-06-11,9621
00751B,元大AAA至A公司債,93,0,93,富邦-花蓮,2024-06-11,9621
00919,群益台灣精選高息,149,56,93,富邦-花蓮,2024-06-11,9621
9945,潤泰新,119,27,92,富邦-花蓮,2024-06-11,9621
3481,群創,93,5,88,富邦-花蓮,2024-06-11,9621
00933B,國泰10Y+金融債,107,30,77,富邦-花蓮,2024-06-11,9621
2025,千興,70,0,70,富邦-花蓮,2024-06-11,9621
9105,泰金寶-DR,65,2,63,富邦-花蓮,2024-06-11,9621
2331,精英,66,6,60,富邦-花蓮,2024-06-11,9621
00878,國泰永續高股息,68,10,58,富邦-花蓮,2024-06-11,9621
2812,台中銀,56,0,56,富邦-花蓮,2024-06-11,9621
2615,萬海,106,53,53,富邦-花蓮,2024-06-11,9621
2368,金像電,53,2,51,富邦-花蓮,2024-06-11,9621
00679B,元大美債20年,68,18,50,富邦-花蓮,2024-06-11,9621
2603,長榮,90,40,50,富邦-花蓮,2024-06-11,9621
1455,集盛,50,0,50,富邦-花蓮,2024-06-11,9621
2369,菱生,51,3,48,富邦-花蓮,2024-06-11,9621
1781,合世,40,0,40,富邦-花蓮,2024-06-11,9621
2002,中鋼,44,5,39,富邦-花蓮,2024-06-11,9621
00687B,國泰20年美債,68,29,39,富邦-花蓮,2024-06-11,9621
1608,華榮,49,10,39,富邦-花蓮,2024-06-11,9621
3231,緯創,204,167,37,富邦-花蓮,2024-06-11,9621
1102,亞泥,35,1,34,富邦-花蓮,2024-06-11,9621
2915,潤泰全,36,2,34,富邦-花蓮,2024-06-11,9621
0056,元大高股息,34,1,33,富邦-花蓮,2024-06-11,9621
2352,佳世達,30,0,30,富邦-花蓮,2024-06-11,9621
00680L,元大美債20正2,62,34,28,富邦-花蓮,2024-06-11,9621
2852,第一保,28,0,28,富邦-花蓮,2024-06-11,9621
2888,新光金,102,75,27,富邦-花蓮,2024-06-11,9621
00942B,台新美A公司債20+,25,0,25,富邦-花蓮,2024-06-11,9621
1514,亞力,122,97,25,富邦-花蓮,2024-06-11,9621
2406,國碩,24,0,24,富邦-花蓮,2024-06-11,9621
4157,太景*-KY,23,0,23,富邦-花蓮,2024-06-11,9621
00939,統一台灣高息動能,27,5,22,富邦-花蓮,2024-06-11,9621
1316,上曜,49,28,21,富邦-花蓮,2024-06-11,9621
1609,大亞,48,27,21,富邦-花蓮,2024-06-11,9621
1815,富喬,71,50,21,富邦-花蓮,2024-06-11,9621
2606,裕民,27,6,21,富邦-花蓮,2024-06-11,9621
2636,台驊控股,26,6,20,富邦-花蓮,2024-06-11,9621
6153,嘉聯益,20,0,20,富邦-花蓮,2024-06-11,9621
2834,臺企銀,23,3,20,富邦-花蓮,2024-06-11,9621
2101,南港,20,1,19,富邦-花蓮,2024-06-11,9621
2374,佳能,29,10,19,富邦-花蓮,2024-06-11,9621
2867,三商壽,34,15,19,富邦-花蓮,2024-06-11,9621
00937B,群益ESG投等債20,237,1,236,富邦-花蓮,2024-06-12,9621
1455,集盛,210,2,208,富邦-花蓮,2024-06-12,9621
1714,和桐,199,10,189,富邦-花蓮,2024-06-12,9621
00673R,期元大S＆P原油反1,155,0,155,富邦-花蓮,2024-06-12,9621
00948B,中信優息投資級債,127,0,127,富邦-花蓮,2024-06-12,9621
4906,正文,128,2,126,富邦-花蓮,2024-06-12,9621
1781,合世,99,0,99,富邦-花蓮,2024-06-12,9621
00919,群益台灣精選高息,104,10,94,富邦-花蓮,2024-06-12,9621
2883,凱基金,160,73,87,富邦-花蓮,2024-06-12,9621
3481,群創,86,13,73,富邦-花蓮,2024-06-12,9621
1316,上曜,74,10,64,富邦-花蓮,2024-06-12,9621
2002,中鋼,70,10,60,富邦-花蓮,2024-06-12,9621
00712,復華富時不動產,58,0,58,富邦-花蓮,2024-06-12,9621
2916,滿心,58,0,58,富邦-花蓮,2024-06-12,9621
00918,大華優利高填息30,57,0,57,富邦-花蓮,2024-06-12,9621
00632R,元大台灣50反1,65,10,55,富邦-花蓮,2024-06-12,9621
2610,華航,63,9,54,富邦-花蓮,2024-06-12,9621
2409,友達,52,1,51,富邦-花蓮,2024-06-12,9621
2617,台航,47,0,47,富邦-花蓮,2024-06-12,9621
2537,聯上發,46,2,44,富邦-花蓮,2024-06-12,9621
00939,統一台灣高息動能,44,0,44,富邦-花蓮,2024-06-12,9621
6156,松上,39,0,39,富邦-花蓮,2024-06-12,9621
2368,金像電,45,6,39,富邦-花蓮,2024-06-12,9621
9945,潤泰新,45,7,38,富邦-花蓮,2024-06-12,9621
00947,台新臺灣IC設計,38,0,38,富邦-花蓮,2024-06-12,9621
00929,復華台灣科技優息,51,15,36,富邦-花蓮,2024-06-12,9621
2352,佳世達,34,1,33,富邦-花蓮,2024-06-12,9621
1314,中石化,40,7,33,富邦-花蓮,2024-06-12,9621
2606,裕民,32,2,30,富邦-花蓮,2024-06-12,9621
1514,亞力,47,19,28,富邦-花蓮,2024-06-12,9621
1802,台玻,32,5,27,富邦-花蓮,2024-06-12,9621
2356,英業達,41,16,25,富邦-花蓮,2024-06-12,9621
2609,陽明,280,254,26,富邦-花蓮,2024-06-12,9621
5608,四維航,35,10,25,富邦-花蓮,2024-06-12,9621
8110,華東,25,0,25,富邦-花蓮,2024-06-12,9621
3287,廣寰科,23,0,23,富邦-花蓮,2024-06-12,9621
2641,正德,28,6,22,富邦-花蓮,2024-06-12,9621
00882,中信中國高股息,43,21,22,富邦-花蓮,2024-06-12,9621
2881,富邦金,22,1,21,富邦-花蓮,2024-06-12,9621
3372,典範,22,1,21,富邦-花蓮,2024-06-12,9621
9946,三發地產,32,11,21,富邦-花蓮,2024-06-12,9621
3231,緯創,271,250,21,富邦-花蓮,2024-06-12,9621
00936,台新永續高息中小,27,7,20,富邦-花蓮,2024-06-12,9621
2460,建通,20,0,20,富邦-花蓮,2024-06-12,9621
2501,國建,25,5,20,富邦-花蓮,2024-06-12,9621
1101,台泥,26,6,20,富邦-花蓮,2024-06-12,9621
2486,一詮,29,10,19,富邦-花蓮,2024-06-12,9621
5251,天鉞電,25,6,19,富邦-花蓮,2024-06-12,9621
2515,中工,18,0,18,富邦-花蓮,2024-06-12,9621
6806,森崴能源,21,3,18,富邦-花蓮,2024-06-12,9621
00632R,元大台灣50反1,324,18,306,富邦-花蓮,2024-06-13,9621
00664R,國泰臺灣加權反1,180,0,180,富邦-花蓮,2024-06-13,9621
1455,集盛,165,2,163,富邦-花蓮,2024-06-13,9621
00673R,期元大S＆P原油反1,107,0,107,富邦-花蓮,2024-06-13,9621
00936,台新永續高息中小,114,13,101,富邦-花蓮,2024-06-13,9621
00918,大華優利高填息30,89,7,82,富邦-花蓮,2024-06-13,9621
2609,陽明,131,53,78,富邦-花蓮,2024-06-13,9621
00948B,中信優息投資級債,77,0,77,富邦-花蓮,2024-06-13,9621
00650L,復華香港正2,75,10,65,富邦-花蓮,2024-06-13,9621
2916,滿心,64,0,64,富邦-花蓮,2024-06-13,9621
1802,台玻,61,4,57,富邦-花蓮,2024-06-13,9621
9105,泰金寶-DR,122,67,55,富邦-花蓮,2024-06-13,9621
1617,榮星,165,115,50,富邦-花蓮,2024-06-13,9621
2002,中鋼,54,10,44,富邦-花蓮,2024-06-13,9621
2368,金像電,44,0,44,富邦-花蓮,2024-06-13,9621
1781,合世,42,0,42,富邦-花蓮,2024-06-13,9621
2888,新光金,51,9,42,富邦-花蓮,2024-06-13,9621
8086,宏捷科,48,6,42,富邦-花蓮,2024-06-13,9621
3535,晶彩科,34,2,32,富邦-花蓮,2024-06-13,9621
1522,堤維西,48,24,24,富邦-花蓮,2024-06-13,9621
1440,南紡,29,5,24,富邦-花蓮,2024-06-13,9621
2313,華通,20,0,20,富邦-花蓮,2024-06-13,9621
1316,上曜,30,10,20,富邦-花蓮,2024-06-13,9621
1609,大亞,31,11,20,富邦-花蓮,2024-06-13,9621
1416,廣豐,20,0,20,富邦-花蓮,2024-06-13,9621
2103,台橡,20,0,20,富邦-花蓮,2024-06-13,9621
3047,訊舟,37,17,20,富邦-花蓮,2024-06-13,9621
5608,四維航,32,12,20,富邦-花蓮,2024-06-13,9621
2371,大同,32,12,20,富邦-花蓮,2024-06-13,9621
00946,群益科技高息成長,75,56,19,富邦-花蓮,2024-06-13,9621
1618,合機,27,8,19,富邦-花蓮,2024-06-13,9621
2603,長榮,30,12,18,富邦-花蓮,2024-06-13,9621
2498,宏達電,19,1,18,富邦-花蓮,2024-06-13,9621
1301,台塑,17,0,17,富邦-花蓮,2024-06-13,9621
2367,燿華,42,25,17,富邦-花蓮,2024-06-13,9621
2464,盟立,150,133,17,富邦-花蓮,2024-06-13,9621
2637,慧洋-KY,20,5,15,富邦-花蓮,2024-06-13,9621
2328,廣宇,16,1,15,富邦-花蓮,2024-06-13,9621
2009,第一銅,26,11,15,富邦-花蓮,2024-06-13,9621
2365,昆盈,19,4,15,富邦-花蓮,2024-06-13,9621
2606,裕民,21,6,15,富邦-花蓮,2024-06-13,9621
2882,國泰金,23,8,15,富邦-花蓮,2024-06-13,9621
6446,藥華藥,14,0,14,富邦-花蓮,2024-06-13,9621
6125,廣運,22,9,13,富邦-花蓮,2024-06-13,9621
2352,佳世達,13,0,13,富邦-花蓮,2024-06-13,9621
2427,三商電,15,2,13,富邦-花蓮,2024-06-13,9621
3622,洋華,14,1,13,富邦-花蓮,2024-06-13,9621
2618,長榮航,35,22,13,富邦-花蓮,2024-06-13,9621
1447,力鵬,12,0,12,富邦-花蓮,2024-06-13,9621
2363,矽統,51,39,12,富邦-花蓮,2024-06-13,9621
00680L,元大美債20正2,237,2,235,富邦-花蓮,2024-06-14,9621
00948B,中信優息投資級債,240,100,140,富邦-花蓮,2024-06-14,9621
00918,大華優利高填息30,120,5,115,富邦-花蓮,2024-06-14,9621
2371,大同,155,56,99,富邦-花蓮,2024-06-14,9621
00940,元大台灣價值高息,184,98,86,富邦-花蓮,2024-06-14,9621
3048,益登,120,53,67,富邦-花蓮,2024-06-14,9621
2354,鴻準,46,9,37,富邦-花蓮,2024-06-14,9621
1781,合世,36,0,36,富邦-花蓮,2024-06-14,9621
2537,聯上發,45,10,35,富邦-花蓮,2024-06-14,9621
00919,群益台灣精選高息,91,57,34,富邦-花蓮,2024-06-14,9621
2356,英業達,45,12,33,富邦-花蓮,2024-06-14,9621
1785,光洋科,39,8,31,富邦-花蓮,2024-06-14,9621
2314,台揚,31,2,29,富邦-花蓮,2024-06-14,9621
00946,群益科技高息成長,29,1,28,富邦-花蓮,2024-06-14,9621
3105,穩懋,25,3,22,富邦-花蓮,2024-06-14,9621
2312,金寶,55,34,21,富邦-花蓮,2024-06-14,9621
9945,潤泰新,28,8,20,富邦-花蓮,2024-06-14,9621
1326,台化,20,1,19,富邦-花蓮,2024-06-14,9621
2002,中鋼,23,6,17,富邦-花蓮,2024-06-14,9621
00878,國泰永續高股息,51,34,17,富邦-花蓮,2024-06-14,9621
1314,中石化,16,0,16,富邦-花蓮,2024-06-14,9621
3231,緯創,20,5,15,富邦-花蓮,2024-06-14,9621
6005,群益證,16,1,15,富邦-花蓮,2024-06-14,9621
00915,凱基優選高股息30,14,0,14,富邦-花蓮,2024-06-14,9621
00923,群益台ESG低碳50,13,0,13,富邦-花蓮,2024-06-14,9621
2101,南港,16,3,13,富邦-花蓮,2024-06-14,9621
6116,彩晶,13,0,13,富邦-花蓮,2024-06-14,9621
1609,大亞,109,96,13,富邦-花蓮,2024-06-14,9621
3593,力銘,12,0,12,富邦-花蓮,2024-06-14,9621
00679B,元大美債20年,19,7,12,富邦-花蓮,2024-06-14,9621
00895,富邦未來車,12,0,12,富邦-花蓮,2024-06-14,9621
2025,千興,12,0,12,富邦-花蓮,2024-06-14,9621
5469,瀚宇博,12,0,12,富邦-花蓮,2024-06-14,9621
6443,元晶,12,0,12,富邦-花蓮,2024-06-14,9621
8028,昇陽半導體,30,18,12,富邦-花蓮,2024-06-14,9621
5608,四維航,22,11,11,富邦-花蓮,2024-06-14,9621
00637L,元大滬深300正2,13,2,11,富邦-花蓮,2024-06-14,9621
2392,正崴,57,46,11,富邦-花蓮,2024-06-14,9621
2812,台中銀,11,0,11,富邦-花蓮,2024-06-14,9621
3363,上詮,12,1,11,富邦-花蓮,2024-06-14,9621
3374,精材,21,10,11,富邦-花蓮,2024-06-14,9621
3704,合勤控,11,0,11,富邦-花蓮,2024-06-14,9621
3707,漢磊,11,0,11,富邦-花蓮,2024-06-14,9621
4743,合一,11,0,11,富邦-花蓮,2024-06-14,9621
8438,昶昕,11,0,11,富邦-花蓮,2024-06-14,9621
1301,台塑,11,1,10,富邦-花蓮,2024-06-14,9621
00671R,富邦NASDAQ反1,10,0,10,富邦-花蓮,2024-06-14,9621
9950,萬國通,10,0,10,富邦-花蓮,2024-06-14,9621
5443,均豪,11,1,10,富邦-花蓮,2024-06-14,9621
00944,野村趨勢動能高息,12,3,9,富邦-花蓮,2024-06-14,9621
2401,凌陽,225,3,222,富邦-花蓮,2024-06-17,9621
00933B,國泰10Y+金融債,134,36,98,富邦-花蓮,2024-06-17,9621
9105,泰金寶-DR,93,2,91,富邦-花蓮,2024-06-17,9621
00937B,群益ESG投等債20,91,16,75,富邦-花蓮,2024-06-17,9621
2882,國泰金,76,8,68,富邦-花蓮,2024-06-17,9621
2916,滿心,66,0,66,富邦-花蓮,2024-06-17,9621
5328,華容,50,0,50,富邦-花蓮,2024-06-17,9621
00936,台新永續高息中小,184,136,48,富邦-花蓮,2024-06-17,9621
2888,新光金,118,70,48,富邦-花蓮,2024-06-17,9621
00919,群益台灣精選高息,75,34,41,富邦-花蓮,2024-06-17,9621
2464,盟立,52,13,39,富邦-花蓮,2024-06-17,9621
1514,亞力,451,415,36,富邦-花蓮,2024-06-17,9621
00948B,中信優息投資級債,36,0,36,富邦-花蓮,2024-06-17,9621
2002,中鋼,50,16,34,富邦-花蓮,2024-06-17,9621
2615,萬海,340,306,34,富邦-花蓮,2024-06-17,9621
2515,中工,39,5,34,富邦-花蓮,2024-06-17,9621
5511,德昌,34,0,34,富邦-花蓮,2024-06-17,9621
2489,瑞軒,36,7,29,富邦-花蓮,2024-06-17,9621
1455,集盛,27,0,27,富邦-花蓮,2024-06-17,9621
00687B,國泰20年美債,28,1,27,富邦-花蓮,2024-06-17,9621
1618,合機,81,55,26,富邦-花蓮,2024-06-17,9621
00942B,台新美A公司債20+,25,0,25,富邦-花蓮,2024-06-17,9621
2537,聯上發,25,1,24,富邦-花蓮,2024-06-17,9621
4532,瑞智,28,4,24,富邦-花蓮,2024-06-17,9621
6216,居易,25,1,24,富邦-花蓮,2024-06-17,9621
2881,富邦金,25,2,23,富邦-花蓮,2024-06-17,9621
2610,華航,41,18,23,富邦-花蓮,2024-06-17,9621
00946,群益科技高息成長,31,10,21,富邦-花蓮,2024-06-17,9621
4967,十銓,81,60,21,富邦-花蓮,2024-06-17,9621
3231,緯創,110,90,20,富邦-花蓮,2024-06-17,9621
1513,中興電,76,56,20,富邦-花蓮,2024-06-17,9621
00632R,元大台灣50反1,30,10,20,富邦-花蓮,2024-06-17,9621
0056,元大高股息,25,5,20,富邦-花蓮,2024-06-17,9621
00713,元大台灣高息低波,18,0,18,富邦-花蓮,2024-06-17,9621
1802,台玻,45,27,18,富邦-花蓮,2024-06-17,9621
2356,英業達,20,3,17,富邦-花蓮,2024-06-17,9621
2376,技嘉,18,1,17,富邦-花蓮,2024-06-17,9621
3048,益登,27,10,17,富邦-花蓮,2024-06-17,9621
00740B,富邦全球投等債,16,0,16,富邦-花蓮,2024-06-17,9621
1781,合世,15,0,15,富邦-花蓮,2024-06-17,9621
5398,慕康生醫,15,0,15,富邦-花蓮,2024-06-17,9621
00882,中信中國高股息,14,0,14,富邦-花蓮,2024-06-17,9621
2354,鴻準,24,10,14,富邦-花蓮,2024-06-17,9621
2481,強茂,16,2,14,富邦-花蓮,2024-06-17,9621
3058,立德,15,1,14,富邦-花蓮,2024-06-17,9621
5905,南仁湖,35,21,14,富邦-花蓮,2024-06-17,9621
6197,佳必琪,17,3,14,富邦-花蓮,2024-06-17,9621
1301,台塑,13,1,12,富邦-花蓮,2024-06-17,9621
2867,三商壽,14,2,12,富邦-花蓮,2024-06-17,9621
2332,友訊,12,0,12,富邦-花蓮,2024-06-17,9621
00673R,期元大S＆P原油反1,241,0,241,富邦-花蓮,2024-06-18,9621
00933B,國泰10Y+金融債,254,20,234,富邦-花蓮,2024-06-18,9621
00936,台新永續高息中小,285,71,214,富邦-花蓮,2024-06-18,9621
00918,大華優利高填息30,198,38,160,富邦-花蓮,2024-06-18,9621
00929,復華台灣科技優息,210,55,155,富邦-花蓮,2024-06-18,9621
00632R,元大台灣50反1,159,5,154,富邦-花蓮,2024-06-18,9621
2916,滿心,112,0,112,富邦-花蓮,2024-06-18,9621
00937B,群益ESG投等債20,101,1,100,富邦-花蓮,2024-06-18,9621
1455,集盛,98,0,98,富邦-花蓮,2024-06-18,9621
1402,遠東新,93,0,93,富邦-花蓮,2024-06-18,9621
00680L,元大美債20正2,103,30,73,富邦-花蓮,2024-06-18,9621
00915,凱基優選高股息30,78,10,68,富邦-花蓮,2024-06-18,9621
2489,瑞軒,58,2,56,富邦-花蓮,2024-06-18,9621
00900,富邦特選高股息30,64,10,54,富邦-花蓮,2024-06-18,9621
2353,宏��,53,4,49,富邦-花蓮,2024-06-18,9621
2317,鴻海,104,55,49,富邦-花蓮,2024-06-18,9621
8358,金居,48,1,47,富邦-花蓮,2024-06-18,9621
3372,典範,55,10,45,富邦-花蓮,2024-06-18,9621
3481,群創,110,67,43,富邦-花蓮,2024-06-18,9621
2884,玉山金,45,4,41,富邦-花蓮,2024-06-18,9621
3376,新日興,40,0,40,富邦-花蓮,2024-06-18,9621
00946,群益科技高息成長,34,2,32,富邦-花蓮,2024-06-18,9621
912000,晨訊科-DR,31,1,30,富邦-花蓮,2024-06-18,9621
5511,德昌,30,1,29,富邦-花蓮,2024-06-18,9621
3607,谷崧,26,0,26,富邦-花蓮,2024-06-18,9621
00948B,中信優息投資級債,24,0,24,富邦-花蓮,2024-06-18,9621
2363,矽統,35,12,23,富邦-花蓮,2024-06-18,9621
1618,合機,38,16,22,富邦-花蓮,2024-06-18,9621
1504,東元,28,7,21,富邦-花蓮,2024-06-18,9621
2605,新興,23,2,21,富邦-花蓮,2024-06-18,9621
2401,凌陽,31,11,20,富邦-花蓮,2024-06-18,9621
6152,百一,20,0,20,富邦-花蓮,2024-06-18,9621
2002,中鋼,22,3,19,富邦-花蓮,2024-06-18,9621
2543,皇昌,23,4,19,富邦-花蓮,2024-06-18,9621
4566,時碩工業,32,13,19,富邦-花蓮,2024-06-18,9621
1608,華榮,19,0,19,富邦-花蓮,2024-06-18,9621
3576,聯合再生,18,0,18,富邦-花蓮,2024-06-18,9621
2420,新巨,23,5,18,富邦-花蓮,2024-06-18,9621
3059,華晶科,18,0,18,富邦-花蓮,2024-06-18,9621
5608,四維航,18,0,18,富邦-花蓮,2024-06-18,9621
2010,春源,18,0,18,富邦-花蓮,2024-06-18,9621
1810,和成,20,4,16,富邦-花蓮,2024-06-18,9621
2486,一詮,17,1,16,富邦-花蓮,2024-06-18,9621
2641,正德,16,0,16,富邦-花蓮,2024-06-18,9621
8096,擎亞,56,40,16,富邦-花蓮,2024-06-18,9621
2888,新光金,40,25,15,富邦-花蓮,2024-06-18,9621
6216,居易,15,0,15,富邦-花蓮,2024-06-18,9621
2371,大同,56,41,15,富邦-花蓮,2024-06-18,9621
5371,中光電,15,1,14,富邦-花蓮,2024-06-18,9621
8028,昇陽半導體,38,24,14,富邦-花蓮,2024-06-18,9621
00673R,期元大S＆P原油反1,223,0,223,富邦-花蓮,2024-06-19,9621
00936,台新永續高息中小,161,8,153,富邦-花蓮,2024-06-19,9621
00946,群益科技高息成長,138,0,138,富邦-花蓮,2024-06-19,9621
3227,原相,131,0,131,富邦-花蓮,2024-06-19,9621
00665L,富邦�琤肭磪囓�2,118,0,118,富邦-花蓮,2024-06-19,9621
00632R,元大台灣50反1,236,160,76,富邦-花蓮,2024-06-19,9621
00713,元大台灣高息低波,73,3,70,富邦-花蓮,2024-06-19,9621
00940,元大台灣價值高息,262,199,63,富邦-花蓮,2024-06-19,9621
1455,集盛,60,0,60,富邦-花蓮,2024-06-19,9621
2371,大同,94,36,58,富邦-花蓮,2024-06-19,9621
00929,復華台灣科技優息,181,128,53,富邦-花蓮,2024-06-19,9621
1815,富喬,73,23,50,富邦-花蓮,2024-06-19,9621
1104,環泥,50,0,50,富邦-花蓮,2024-06-19,9621
2331,精英,42,0,42,富邦-花蓮,2024-06-19,9621
00712,復華富時不動產,66,25,41,富邦-花蓮,2024-06-19,9621
6153,嘉聯益,40,0,40,富邦-花蓮,2024-06-19,9621
1402,遠東新,40,0,40,富邦-花蓮,2024-06-19,9621
3576,聯合再生,40,1,39,富邦-花蓮,2024-06-19,9621
2344,華邦電,95,57,38,富邦-花蓮,2024-06-19,9621
2618,長榮航,69,32,37,富邦-花蓮,2024-06-19,9621
2328,廣宇,42,6,36,富邦-花蓮,2024-06-19,9621
2801,彰銀,35,0,35,富邦-花蓮,2024-06-19,9621
2392,正崴,42,8,34,富邦-花蓮,2024-06-19,9621
00947,台新臺灣IC設計,32,0,32,富邦-花蓮,2024-06-19,9621
8438,昶昕,30,0,30,富邦-花蓮,2024-06-19,9621
00687B,國泰20年美債,31,4,27,富邦-花蓮,2024-06-19,9621
1316,上曜,25,0,25,富邦-花蓮,2024-06-19,9621
4979,華星光,24,1,23,富邦-花蓮,2024-06-19,9621
0056,元大高股息,53,31,22,富邦-花蓮,2024-06-19,9621
2324,仁寶,39,17,22,富邦-花蓮,2024-06-19,9621
6770,力積電,26,4,22,富邦-花蓮,2024-06-19,9621
8096,擎亞,82,60,22,富邦-花蓮,2024-06-19,9621
8358,金居,22,0,22,富邦-花蓮,2024-06-19,9621
1711,永光,21,0,21,富邦-花蓮,2024-06-19,9621
2501,國建,30,9,21,富邦-花蓮,2024-06-19,9621
1514,亞力,146,125,21,富邦-花蓮,2024-06-19,9621
2408,南亞科,28,7,21,富邦-花蓮,2024-06-19,9621
00679B,元大美債20年,21,2,19,富邦-花蓮,2024-06-19,9621
2537,聯上發,19,0,19,富邦-花蓮,2024-06-19,9621
6190,萬泰科,28,9,19,富邦-花蓮,2024-06-19,9621
4123,晟德,19,1,18,富邦-花蓮,2024-06-19,9621
2916,滿心,18,0,18,富邦-花蓮,2024-06-19,9621
2303,聯電,38,21,17,富邦-花蓮,2024-06-19,9621
2641,正德,18,1,17,富邦-花蓮,2024-06-19,9621
3260,威剛,21,4,17,富邦-花蓮,2024-06-19,9621
2337,旺宏,19,3,16,富邦-花蓮,2024-06-19,9621
2867,三商壽,16,0,16,富邦-花蓮,2024-06-19,9621
1802,台玻,15,0,15,富邦-花蓮,2024-06-19,9621
3036,文曄,19,4,15,富邦-花蓮,2024-06-19,9621
3312,弘憶股,15,0,15,富邦-花蓮,2024-06-19,9621
00937B,群益ESG投等債20,300,2,298,富邦-花蓮,2024-06-20,9621
00919,群益台灣精選高息,280,55,225,富邦-花蓮,2024-06-20,9621
00936,台新永續高息中小,168,0,168,富邦-花蓮,2024-06-20,9621
00673R,期元大S＆P原油反1,160,0,160,富邦-花蓮,2024-06-20,9621
00933B,國泰10Y+金融債,230,83,147,富邦-花蓮,2024-06-20,9621
1455,集盛,142,0,142,富邦-花蓮,2024-06-20,9621
00935,野村臺灣新科技50,115,0,115,富邦-花蓮,2024-06-20,9621
00940,元大台灣價值高息,184,74,110,富邦-花蓮,2024-06-20,9621
00650L,復華香港正2,102,0,102,富邦-花蓮,2024-06-20,9621
00632R,元大台灣50反1,93,0,93,富邦-花蓮,2024-06-20,9621
00946,群益科技高息成長,61,1,60,富邦-花蓮,2024-06-20,9621
3231,緯創,61,17,44,富邦-花蓮,2024-06-20,9621
00712,復華富時不動產,41,0,41,富邦-花蓮,2024-06-20,9621
00751B,元大AAA至A公司債,39,0,39,富邦-花蓮,2024-06-20,9621
2867,三商壽,49,10,39,富邦-花蓮,2024-06-20,9621
2888,新光金,66,29,37,富邦-花蓮,2024-06-20,9621
9105,泰金寶-DR,38,3,35,富邦-花蓮,2024-06-20,9621
00687B,國泰20年美債,36,1,35,富邦-花蓮,2024-06-20,9621
6182,合晶,34,0,34,富邦-花蓮,2024-06-20,9621
912000,晨訊科-DR,41,7,34,富邦-花蓮,2024-06-20,9621
8105,凌巨,51,18,33,富邦-花蓮,2024-06-20,9621
2916,滿心,32,0,32,富邦-花蓮,2024-06-20,9621
8096,擎亞,64,32,32,富邦-花蓮,2024-06-20,9621
2449,京元電子,368,337,31,富邦-花蓮,2024-06-20,9621
3576,聯合再生,31,0,31,富邦-花蓮,2024-06-20,9621
00891,中信關鍵半導體,31,3,28,富邦-花蓮,2024-06-20,9621
00948B,中信優息投資級債,28,0,28,富邦-花蓮,2024-06-20,9621
2353,宏��,35,7,28,富邦-花蓮,2024-06-20,9621
4915,致伸,34,10,24,富邦-花蓮,2024-06-20,9621
2610,華航,38,16,22,富邦-花蓮,2024-06-20,9621
8409,商之器,20,0,20,富邦-花蓮,2024-06-20,9621
2515,中工,19,0,19,富邦-花蓮,2024-06-20,9621
6227,茂綸,22,3,19,富邦-花蓮,2024-06-20,9621
2884,玉山金,19,1,18,富邦-花蓮,2024-06-20,9621
3379,彬台,19,2,17,富邦-花蓮,2024-06-20,9621
2423,固緯,17,0,17,富邦-花蓮,2024-06-20,9621
6117,迎廣,28,13,15,富邦-花蓮,2024-06-20,9621
1301,台塑,18,3,15,富邦-花蓮,2024-06-20,9621
2455,全新,16,1,15,富邦-花蓮,2024-06-20,9621
00713,元大台灣高息低波,14,0,14,富邦-花蓮,2024-06-20,9621
1618,合機,39,26,13,富邦-花蓮,2024-06-20,9621
5213,亞昕,13,0,13,富邦-花蓮,2024-06-20,9621
5251,天鉞電,15,2,13,富邦-花蓮,2024-06-20,9621
00665L,富邦�琤肭磪囓�2,26,14,12,富邦-花蓮,2024-06-20,9621
1522,堤維西,26,14,12,富邦-花蓮,2024-06-20,9621
1582,信錦,14,2,12,富邦-花蓮,2024-06-20,9621
1815,富喬,68,56,12,富邦-花蓮,2024-06-20,9621
2880,華南金,21,9,12,富邦-花蓮,2024-06-20,9621
3623,富晶通,14,2,12,富邦-花蓮,2024-06-20,9621
4157,太景*-KY,12,0,12,富邦-花蓮,2024-06-20,9621
00937B,群益ESG投等債20,354,1,353,富邦-花蓮,2024-06-21,9621
00665L,富邦�琤肭磪囓�2,132,10,122,富邦-花蓮,2024-06-21,9621
00673R,期元大S＆P原油反1,100,0,100,富邦-花蓮,2024-06-21,9621
00933B,國泰10Y+金融債,95,0,95,富邦-花蓮,2024-06-21,9621
2317,鴻海,146,57,89,富邦-花蓮,2024-06-21,9621
1301,台塑,91,1,90,富邦-花蓮,2024-06-21,9621
00919,群益台灣精選高息,209,124,85,富邦-花蓮,2024-06-21,9621
00929,復華台灣科技優息,169,89,80,富邦-花蓮,2024-06-21,9621
00878,國泰永續高股息,84,14,70,富邦-花蓮,2024-06-21,9621
2316,楠梓電,121,59,62,富邦-花蓮,2024-06-21,9621
3419,譁裕,60,0,60,富邦-花蓮,2024-06-21,9621
00936,台新永續高息中小,55,2,53,富邦-花蓮,2024-06-21,9621
00939,統一台灣高息動能,53,6,47,富邦-花蓮,2024-06-21,9621
00882,中信中國高股息,35,0,35,富邦-花蓮,2024-06-21,9621
00706L,期元大S＆P日圓正2,35,0,35,富邦-花蓮,2024-06-21,9621
5871,中租-KY,36,2,34,富邦-花蓮,2024-06-21,9621
2916,滿心,32,0,32,富邦-花蓮,2024-06-21,9621
00650L,復華香港正2,36,5,31,富邦-花蓮,2024-06-21,9621
6116,彩晶,623,592,31,富邦-花蓮,2024-06-21,9621
00946,群益科技高息成長,32,2,30,富邦-花蓮,2024-06-21,9621
2002,中鋼,31,1,30,富邦-花蓮,2024-06-21,9621
00948B,中信優息投資級債,29,0,29,富邦-花蓮,2024-06-21,9621
9105,泰金寶-DR,47,19,28,富邦-花蓮,2024-06-21,9621
1718,中纖,29,2,27,富邦-花蓮,2024-06-21,9621
4526,東台,82,55,27,富邦-花蓮,2024-06-21,9621
2312,金寶,25,0,25,富邦-花蓮,2024-06-21,9621
5315,光聯,25,0,25,富邦-花蓮,2024-06-21,9621
2891,中信金,26,2,24,富邦-花蓮,2024-06-21,9621
2504,國產,26,3,23,富邦-花蓮,2024-06-21,9621
6598,ABC-KY,27,6,21,富邦-花蓮,2024-06-21,9621
9946,三發地產,21,0,21,富邦-花蓮,2024-06-21,9621
2331,精英,20,0,20,富邦-花蓮,2024-06-21,9621
8011,台通,34,14,20,富邦-花蓮,2024-06-21,9621
4563,百德,20,0,20,富邦-花蓮,2024-06-21,9621
6472,保瑞,20,0,20,富邦-花蓮,2024-06-21,9621
00713,元大台灣高息低波,19,0,19,富邦-花蓮,2024-06-21,9621
2606,裕民,24,5,19,富邦-花蓮,2024-06-21,9621
00947,台新臺灣IC設計,18,0,18,富邦-花蓮,2024-06-21,9621
2352,佳世達,18,0,18,富邦-花蓮,2024-06-21,9621
2392,正崴,64,47,17,富邦-花蓮,2024-06-21,9621
2330,台積電,19,2,17,富邦-花蓮,2024-06-21,9621
9945,潤泰新,19,2,17,富邦-花蓮,2024-06-21,9621
8096,擎亞,31,14,17,富邦-花蓮,2024-06-21,9621
2388,威盛,19,3,16,富邦-花蓮,2024-06-21,9621
00687B,國泰20年美債,18,2,16,富邦-花蓮,2024-06-21,9621
00637L,元大滬深300正2,16,0,16,富邦-花蓮,2024-06-21,9621
1609,大亞,23,7,16,富邦-花蓮,2024-06-21,9621
2845,遠東銀,22,6,16,富邦-花蓮,2024-06-21,9621
5905,南仁湖,16,0,16,富邦-花蓮,2024-06-21,9621
8176,智捷,16,0,16,富邦-花蓮,2024-06-21,9621
00919,群益台灣精選高息,279,76,203,富邦-花蓮,2024-06-24,9621
00936,台新永續高息中小,167,1,166,富邦-花蓮,2024-06-24,9621
00909,國泰數位支付服務,96,0,96,富邦-花蓮,2024-06-24,9621
00946,群益科技高息成長,122,31,91,富邦-花蓮,2024-06-24,9621
9105,泰金寶-DR,100,15,85,富邦-花蓮,2024-06-24,9621
00929,復華台灣科技優息,353,282,71,富邦-花蓮,2024-06-24,9621
00940,元大台灣價值高息,205,137,68,富邦-花蓮,2024-06-24,9621
2489,瑞軒,105,39,66,富邦-花蓮,2024-06-24,9621
1101,台泥,75,10,65,富邦-花蓮,2024-06-24,9621
2409,友達,272,215,57,富邦-花蓮,2024-06-24,9621
2317,鴻海,85,30,55,富邦-花蓮,2024-06-24,9621
4979,華星光,56,1,55,富邦-花蓮,2024-06-24,9621
2316,楠梓電,60,11,49,富邦-花蓮,2024-06-24,9621
2303,聯電,66,18,48,富邦-花蓮,2024-06-24,9621
1402,遠東新,40,0,40,富邦-花蓮,2024-06-24,9621
2382,廣達,51,13,38,富邦-花蓮,2024-06-24,9621
3047,訊舟,97,60,37,富邦-花蓮,2024-06-24,9621
4157,太景*-KY,32,1,31,富邦-花蓮,2024-06-24,9621
00922,國泰台灣領袖50,30,0,30,富邦-花蓮,2024-06-24,9621
2609,陽明,42,12,30,富邦-花蓮,2024-06-24,9621
2916,滿心,29,0,29,富邦-花蓮,2024-06-24,9621
2330,台積電,48,20,28,富邦-花蓮,2024-06-24,9621
3062,建漢,82,54,28,富邦-花蓮,2024-06-24,9621
3450,聯鈞,47,19,28,富邦-花蓮,2024-06-24,9621
00947,台新臺灣IC設計,28,0,28,富邦-花蓮,2024-06-24,9621
3576,聯合再生,28,0,28,富邦-花蓮,2024-06-24,9621
3231,緯創,72,45,27,富邦-花蓮,2024-06-24,9621
6116,彩晶,28,2,26,富邦-花蓮,2024-06-24,9621
2002,中鋼,28,3,25,富邦-花蓮,2024-06-24,9621
2365,昆盈,33,8,25,富邦-花蓮,2024-06-24,9621
2367,燿華,29,4,25,富邦-花蓮,2024-06-24,9621
00881,國泰台灣5G+,30,5,25,富邦-花蓮,2024-06-24,9621
00915,凱基優選高股息30,24,0,24,富邦-花蓮,2024-06-24,9621
2061,風青,23,0,23,富邦-花蓮,2024-06-24,9621
00923,群益台ESG低碳50,25,3,22,富邦-花蓮,2024-06-24,9621
00948B,中信優息投資級債,22,0,22,富邦-花蓮,2024-06-24,9621
3526,凡甲,24,2,22,富邦-花蓮,2024-06-24,9621
4967,十銓,31,10,21,富邦-花蓮,2024-06-24,9621
4526,東台,52,31,21,富邦-花蓮,2024-06-24,9621
00893,國泰智能電動車,22,2,20,富邦-花蓮,2024-06-24,9621
1409,新纖,20,0,20,富邦-花蓮,2024-06-24,9621
1440,南紡,20,0,20,富邦-花蓮,2024-06-24,9621
2331,精英,24,4,20,富邦-花蓮,2024-06-24,9621
1785,光洋科,49,29,20,富邦-花蓮,2024-06-24,9621
2845,遠東銀,20,1,19,富邦-花蓮,2024-06-24,9621
6175,立敦,20,1,19,富邦-花蓮,2024-06-24,9621
1449,佳和,51,33,18,富邦-花蓮,2024-06-24,9621
00933B,國泰10Y+金融債,27,9,18,富邦-花蓮,2024-06-24,9621
2406,國碩,24,7,17,富邦-花蓮,2024-06-24,9621
2498,宏達電,18,1,17,富邦-花蓮,2024-06-24,9621
3481,群創,222,40,182,富邦-花蓮,2024-06-25,9621
2303,聯電,179,17,162,富邦-花蓮,2024-06-25,9621
00919,群益台灣精選高息,179,63,116,富邦-花蓮,2024-06-25,9621
9105,泰金寶-DR,107,3,104,富邦-花蓮,2024-06-25,9621
00665L,富邦�琤肭磪囓�2,110,10,100,富邦-花蓮,2024-06-25,9621
6592,和潤企業,91,0,91,富邦-花蓮,2024-06-25,9621
1815,富喬,110,34,76,富邦-花蓮,2024-06-25,9621
2409,友達,76,5,71,富邦-花蓮,2024-06-25,9621
3615,安可,71,0,71,富邦-花蓮,2024-06-25,9621
1605,華新,90,20,70,富邦-花蓮,2024-06-25,9621
00877,復華中國5G,61,1,60,富邦-花蓮,2024-06-25,9621
8110,華東,96,36,60,富邦-花蓮,2024-06-25,9621
00929,復華台灣科技優息,261,205,56,富邦-花蓮,2024-06-25,9621
00673R,期元大S＆P原油反1,50,0,50,富邦-花蓮,2024-06-25,9621
6026,福邦證,50,0,50,富邦-花蓮,2024-06-25,9621
00946,群益科技高息成長,51,1,50,富邦-花蓮,2024-06-25,9621
5452,佶優,53,8,45,富邦-花蓮,2024-06-25,9621
3576,聯合再生,37,0,37,富邦-花蓮,2024-06-25,9621
00936,台新永續高息中小,44,8,36,富邦-花蓮,2024-06-25,9621
3037,欣興,28,3,25,富邦-花蓮,2024-06-25,9621
2489,瑞軒,27,3,24,富邦-花蓮,2024-06-25,9621
6443,元晶,24,0,24,富邦-花蓮,2024-06-25,9621
3049,精金,23,2,21,富邦-花蓮,2024-06-25,9621
1455,集盛,20,0,20,富邦-花蓮,2024-06-25,9621
2025,千興,20,0,20,富邦-花蓮,2024-06-25,9621
2834,臺企銀,19,0,19,富邦-花蓮,2024-06-25,9621
2313,華通,21,3,18,富邦-花蓮,2024-06-25,9621
2455,全新,21,3,18,富邦-花蓮,2024-06-25,9621
1609,大亞,38,20,18,富邦-花蓮,2024-06-25,9621
8176,智捷,18,0,18,富邦-花蓮,2024-06-25,9621
2353,宏��,22,4,18,富邦-花蓮,2024-06-25,9621
6806,森崴能源,33,16,17,富邦-花蓮,2024-06-25,9621
2406,國碩,33,16,17,富邦-花蓮,2024-06-25,9621
2485,兆赫,17,0,17,富邦-花蓮,2024-06-25,9621
3535,晶彩科,27,10,17,富邦-花蓮,2024-06-25,9621
3231,緯創,106,89,17,富邦-花蓮,2024-06-25,9621
8064,東捷,22,6,16,富邦-花蓮,2024-06-25,9621
2002,中鋼,16,0,16,富邦-花蓮,2024-06-25,9621
1301,台塑,17,1,16,富邦-花蓮,2024-06-25,9621
00939,統一台灣高息動能,27,11,16,富邦-花蓮,2024-06-25,9621
2356,英業達,20,5,15,富邦-花蓮,2024-06-25,9621
00830,國泰費城半導體,16,1,15,富邦-花蓮,2024-06-25,9621
1409,新纖,16,1,15,富邦-花蓮,2024-06-25,9621
2405,輔信,21,6,15,富邦-花蓮,2024-06-25,9621
2324,仁寶,19,5,14,富邦-花蓮,2024-06-25,9621
00881,國泰台灣5G+,25,11,14,富邦-花蓮,2024-06-25,9621
2617,台航,20,6,14,富邦-花蓮,2024-06-25,9621
3663,鑫科,22,8,14,富邦-花蓮,2024-06-25,9621
2883,凱基金,89,75,14,富邦-花蓮,2024-06-25,9621
5871,中租-KY,13,0,13,富邦-花蓮,2024-06-25,9621
3025,星通,153,2,151,富邦-花蓮,2024-06-26,9621
2409,友達,114,0,114,富邦-花蓮,2024-06-26,9621
00937B,群益ESG投等債20,108,0,108,富邦-花蓮,2024-06-26,9621
00929,復華台灣科技優息,128,51,77,富邦-花蓮,2024-06-26,9621
2883,凱基金,104,30,74,富邦-花蓮,2024-06-26,9621
2303,聯電,74,11,63,富邦-花蓮,2024-06-26,9621
1455,集盛,60,0,60,富邦-花蓮,2024-06-26,9621
00936,台新永續高息中小,64,5,59,富邦-花蓮,2024-06-26,9621
00946,群益科技高息成長,52,0,52,富邦-花蓮,2024-06-26,9621
00687B,國泰20年美債,47,0,47,富邦-花蓮,2024-06-26,9621
2317,鴻海,78,34,44,富邦-花蓮,2024-06-26,9621
2344,華邦電,43,3,40,富邦-花蓮,2024-06-26,9621
1303,南亞,37,1,36,富邦-花蓮,2024-06-26,9621
1785,光洋科,53,17,36,富邦-花蓮,2024-06-26,9621
2353,宏��,42,6,36,富邦-花蓮,2024-06-26,9621
2609,陽明,58,27,31,富邦-花蓮,2024-06-26,9621
6152,百一,43,13,30,富邦-花蓮,2024-06-26,9621
1440,南紡,30,0,30,富邦-花蓮,2024-06-26,9621
2002,中鋼,39,9,30,富邦-花蓮,2024-06-26,9621
1301,台塑,28,0,28,富邦-花蓮,2024-06-26,9621
1605,華新,27,0,27,富邦-花蓮,2024-06-26,9621
6244,茂迪,41,18,23,富邦-花蓮,2024-06-26,9621
5452,佶優,33,10,23,富邦-花蓮,2024-06-26,9621
00902,中信電池及儲能,21,0,21,富邦-花蓮,2024-06-26,9621
3580,友威科,37,16,21,富邦-花蓮,2024-06-26,9621
1810,和成,20,0,20,富邦-花蓮,2024-06-26,9621
2891,中信金,27,7,20,富邦-花蓮,2024-06-26,9621
6175,立敦,20,0,20,富邦-花蓮,2024-06-26,9621
3049,精金,20,0,20,富邦-花蓮,2024-06-26,9621
2330,台積電,30,10,20,富邦-花蓮,2024-06-26,9621
2312,金寶,24,5,19,富邦-花蓮,2024-06-26,9621
8088,品安,20,1,19,富邦-花蓮,2024-06-26,9621
2834,臺企銀,20,1,19,富邦-花蓮,2024-06-26,9621
00713,元大台灣高息低波,18,0,18,富邦-花蓮,2024-06-26,9621
2392,正崴,25,7,18,富邦-花蓮,2024-06-26,9621
2501,國建,17,0,17,富邦-花蓮,2024-06-26,9621
3058,立德,17,0,17,富邦-花蓮,2024-06-26,9621
2884,玉山金,16,0,16,富邦-花蓮,2024-06-26,9621
4979,華星光,20,4,16,富邦-花蓮,2024-06-26,9621
4157,太景*-KY,15,0,15,富邦-花蓮,2024-06-26,9621
2388,威盛,14,0,14,富邦-花蓮,2024-06-26,9621
4123,晟德,14,0,14,富邦-花蓮,2024-06-26,9621
3062,建漢,28,14,14,富邦-花蓮,2024-06-26,9621
3290,東浦,15,1,14,富邦-花蓮,2024-06-26,9621
00878,國泰永續高股息,16,2,14,富邦-花蓮,2024-06-26,9621
00933B,國泰10Y+金融債,112,99,13,富邦-花蓮,2024-06-26,9621
00918,大華優利高填息30,18,5,13,富邦-花蓮,2024-06-26,9621
2603,長榮,13,1,12,富邦-花蓮,2024-06-26,9621
3231,緯創,20,8,12,富邦-花蓮,2024-06-26,9621
2882,國泰金,13,1,12,富邦-花蓮,2024-06-26,9621
00937B,群益ESG投等債20,134,2,132,富邦-花蓮,2024-06-27,9621
3481,群創,114,17,97,富邦-花蓮,2024-06-27,9621
3047,訊舟,261,173,88,富邦-花蓮,2024-06-27,9621
00650L,復華香港正2,131,50,81,富邦-花蓮,2024-06-27,9621
1314,中石化,110,30,80,富邦-花蓮,2024-06-27,9621
00948B,中信優息投資級債,68,0,68,富邦-花蓮,2024-06-27,9621
9105,泰金寶-DR,79,15,64,富邦-花蓮,2024-06-27,9621
00946,群益科技高息成長,57,0,57,富邦-花蓮,2024-06-27,9621
2349,錸德,58,2,56,富邦-花蓮,2024-06-27,9621
00687B,國泰20年美債,52,0,52,富邦-花蓮,2024-06-27,9621
00936,台新永續高息中小,61,10,51,富邦-花蓮,2024-06-27,9621
2344,華邦電,49,2,47,富邦-花蓮,2024-06-27,9621
2888,新光金,63,17,46,富邦-花蓮,2024-06-27,9621
4167,松瑞藥,111,65,46,富邦-花蓮,2024-06-27,9621
00947,台新臺灣IC設計,42,0,42,富邦-花蓮,2024-06-27,9621
1611,中電,47,6,41,富邦-花蓮,2024-06-27,9621
8076,伍豐,47,7,40,富邦-花蓮,2024-06-27,9621
00929,復華台灣科技優息,135,98,37,富邦-花蓮,2024-06-27,9621
2537,聯上發,56,21,35,富邦-花蓮,2024-06-27,9621
2885,元大金,34,1,33,富邦-花蓮,2024-06-27,9621
00939,統一台灣高息動能,33,0,33,富邦-花蓮,2024-06-27,9621
1605,華新,31,0,31,富邦-花蓮,2024-06-27,9621
2890,永豐金,31,0,31,富邦-花蓮,2024-06-27,9621
2354,鴻準,35,5,30,富邦-花蓮,2024-06-27,9621
5443,均豪,54,25,29,富邦-花蓮,2024-06-27,9621
2606,裕民,53,25,28,富邦-花蓮,2024-06-27,9621
2303,聯電,59,31,28,富邦-花蓮,2024-06-27,9621
2501,國建,29,2,27,富邦-花蓮,2024-06-27,9621
8044,網家,31,4,27,富邦-花蓮,2024-06-27,9621
8064,東捷,45,19,26,富邦-花蓮,2024-06-27,9621
4938,和碩,188,162,26,富邦-花蓮,2024-06-27,9621
00680L,元大美債20正2,26,1,25,富邦-花蓮,2024-06-27,9621
3419,譁裕,25,0,25,富邦-花蓮,2024-06-27,9621
2887,台新金,26,2,24,富邦-花蓮,2024-06-27,9621
9904,寶成,23,0,23,富邦-花蓮,2024-06-27,9621
2101,南港,22,0,22,富邦-花蓮,2024-06-27,9621
2867,三商壽,29,8,21,富邦-花蓮,2024-06-27,9621
2883,凱基金,22,1,21,富邦-花蓮,2024-06-27,9621
2845,遠東銀,20,0,20,富邦-花蓮,2024-06-27,9621
5315,光聯,20,0,20,富邦-花蓮,2024-06-27,9621
2331,精英,20,1,19,富邦-花蓮,2024-06-27,9621
5469,瀚宇博,19,0,19,富邦-花蓮,2024-06-27,9621
2301,光寶科,27,9,18,富邦-花蓮,2024-06-27,9621
1785,光洋科,26,8,18,富邦-花蓮,2024-06-27,9621
3663,鑫科,31,15,16,富邦-花蓮,2024-06-27,9621
1303,南亞,16,0,16,富邦-花蓮,2024-06-27,9621
2427,三商電,27,11,16,富邦-花蓮,2024-06-27,9621
2543,皇昌,16,0,16,富邦-花蓮,2024-06-27,9621
3372,典範,20,4,16,富邦-花蓮,2024-06-27,9621
00915,凱基優選高股息30,16,0,16,富邦-花蓮,2024-06-27,9621
2349,錸德,198,18,180,富邦-花蓮,2024-06-28,9621
00673R,期元大S＆P原油反1,150,0,150,富邦-花蓮,2024-06-28,9621
00948B,中信優息投資級債,132,0,132,富邦-花蓮,2024-06-28,9621
00936,台新永續高息中小,125,10,115,富邦-花蓮,2024-06-28,9621
4167,松瑞藥,105,1,104,富邦-花蓮,2024-06-28,9621
2882,國泰金,104,4,100,富邦-花蓮,2024-06-28,9621
2883,凱基金,79,8,71,富邦-花蓮,2024-06-28,9621
00929,復華台灣科技優息,124,64,60,富邦-花蓮,2024-06-28,9621
00937B,群益ESG投等債20,58,0,58,富邦-花蓮,2024-06-28,9621
2374,佳能,73,35,38,富邦-花蓮,2024-06-28,9621
6244,茂迪,53,18,35,富邦-花蓮,2024-06-28,9621
6182,合晶,37,4,33,富邦-花蓮,2024-06-28,9621
4142,國光生,30,0,30,富邦-花蓮,2024-06-28,9621
00712,復華富時不動產,29,0,29,富邦-花蓮,2024-06-28,9621
6127,九豪,33,5,28,富邦-花蓮,2024-06-28,9621
2312,金寶,28,2,26,富邦-花蓮,2024-06-28,9621
3066,李洲,25,0,25,富邦-花蓮,2024-06-28,9621
00878,國泰永續高股息,27,4,23,富邦-花蓮,2024-06-28,9621
2303,聯電,47,25,22,富邦-花蓮,2024-06-28,9621
2609,陽明,32,11,21,富邦-花蓮,2024-06-28,9621
00922,國泰台灣領袖50,20,0,20,富邦-花蓮,2024-06-28,9621
00680L,元大美債20正2,20,0,20,富邦-花蓮,2024-06-28,9621
1815,富喬,27,8,19,富邦-花蓮,2024-06-28,9621
6215,和椿,26,7,19,富邦-花蓮,2024-06-28,9621
2406,國碩,42,24,18,富邦-花蓮,2024-06-28,9621
2313,華通,48,30,18,富邦-花蓮,2024-06-28,9621
00933B,國泰10Y+金融債,101,83,18,富邦-花蓮,2024-06-28,9621
2301,光寶科,22,4,18,富邦-花蓮,2024-06-28,9621
3050,鈺德,17,0,17,富邦-花蓮,2024-06-28,9621
2337,旺宏,23,7,16,富邦-花蓮,2024-06-28,9621
2363,矽統,18,2,16,富邦-花蓮,2024-06-28,9621
1504,東元,22,7,15,富邦-花蓮,2024-06-28,9621
3615,安可,20,5,15,富邦-花蓮,2024-06-28,9621
1701,中化,15,0,15,富邦-花蓮,2024-06-28,9621
5905,南仁湖,16,1,15,富邦-花蓮,2024-06-28,9621
00713,元大台灣高息低波,15,0,15,富邦-花蓮,2024-06-28,9621
2371,大同,14,1,13,富邦-花蓮,2024-06-28,9621
4976,佳凌,16,3,13,富邦-花蓮,2024-06-28,9621
0056,元大高股息,15,3,12,富邦-花蓮,2024-06-28,9621
2476,鉅祥,13,1,12,富邦-花蓮,2024-06-28,9621
8088,品安,12,0,12,富邦-花蓮,2024-06-28,9621
00882,中信中國高股息,12,1,11,富邦-花蓮,2024-06-28,9621
00687B,國泰20年美債,21,10,11,富邦-花蓮,2024-06-28,9621
3264,欣銓,16,5,11,富邦-花蓮,2024-06-28,9621
8150,南茂,10,0,10,富邦-花蓮,2024-06-28,9621
6443,元晶,38,28,10,富邦-花蓮,2024-06-28,9621
00947,台新臺灣IC設計,10,0,10,富邦-花蓮,2024-06-28,9621
00725B,國泰投資級公司債,10,0,10,富邦-花蓮,2024-06-28,9621
3652,精聯,16,6,10,富邦-花蓮,2024-06-28,9621
3713,新晶投控,10,0,10,富邦-花蓮,2024-06-28,9621
00937B,群益ESG投等債20,236,5,231,富邦-花蓮,2024-07-01,9621
00929,復華台灣科技優息,181,70,111,富邦-花蓮,2024-07-01,9621
00933B,國泰10Y+金融債,190,83,107,富邦-花蓮,2024-07-01,9621
00936,台新永續高息中小,131,25,106,富邦-花蓮,2024-07-01,9621
0056,元大高股息,102,3,99,富邦-花蓮,2024-07-01,9621
00687B,國泰20年美債,103,8,95,富邦-花蓮,2024-07-01,9621
00948B,中信優息投資級債,103,10,93,富邦-花蓮,2024-07-01,9621
2891,中信金,87,0,87,富邦-花蓮,2024-07-01,9621
2515,中工,76,5,71,富邦-花蓮,2024-07-01,9621
2313,華通,57,8,49,富邦-花蓮,2024-07-01,9621
00751B,元大AAA至A公司債,47,0,47,富邦-花蓮,2024-07-01,9621
5905,南仁湖,51,5,46,富邦-花蓮,2024-07-01,9621
2916,滿心,44,0,44,富邦-花蓮,2024-07-01,9621
2609,陽明,83,39,44,富邦-花蓮,2024-07-01,9621
3686,達能,36,0,36,富邦-花蓮,2024-07-01,9621
2337,旺宏,46,11,35,富邦-花蓮,2024-07-01,9621
2352,佳世達,46,12,34,富邦-花蓮,2024-07-01,9621
6770,力積電,56,23,33,富邦-花蓮,2024-07-01,9621
2367,燿華,39,6,33,富邦-花蓮,2024-07-01,9621
00680L,元大美債20正2,30,0,30,富邦-花蓮,2024-07-01,9621
00720B,元大投資級公司債,28,0,28,富邦-花蓮,2024-07-01,9621
4562,穎漢,37,10,27,富邦-花蓮,2024-07-01,9621
00947,台新臺灣IC設計,26,0,26,富邦-花蓮,2024-07-01,9621
3312,弘憶股,73,49,24,富邦-花蓮,2024-07-01,9621
00922,國泰台灣領袖50,23,0,23,富邦-花蓮,2024-07-01,9621
2374,佳能,30,8,22,富邦-花蓮,2024-07-01,9621
2324,仁寶,24,2,22,富邦-花蓮,2024-07-01,9621
00679B,元大美債20年,38,17,21,富邦-花蓮,2024-07-01,9621
2344,華邦電,22,1,21,富邦-花蓮,2024-07-01,9621
1785,光洋科,25,4,21,富邦-花蓮,2024-07-01,9621
1305,華夏,20,0,20,富邦-花蓮,2024-07-01,9621
2641,正德,20,0,20,富邦-花蓮,2024-07-01,9621
8473,山林水,23,4,19,富邦-花蓮,2024-07-01,9621
00918,大華優利高填息30,22,3,19,富邦-花蓮,2024-07-01,9621
6180,橘子,19,0,19,富邦-花蓮,2024-07-01,9621
2615,萬海,25,7,18,富邦-花蓮,2024-07-01,9621
3689,湧德,21,4,17,富邦-花蓮,2024-07-01,9621
00706L,期元大S＆P日圓正2,15,0,15,富邦-花蓮,2024-07-01,9621
2349,錸德,64,49,15,富邦-花蓮,2024-07-01,9621
3535,晶彩科,19,4,15,富邦-花蓮,2024-07-01,9621
3706,神達,15,0,15,富邦-花蓮,2024-07-01,9621
2882,國泰金,29,14,15,富邦-花蓮,2024-07-01,9621
6188,廣明,75,61,14,富邦-花蓮,2024-07-01,9621
00931B,統一美債20年,14,0,14,富邦-花蓮,2024-07-01,9621
3060,銘異,31,17,14,富邦-花蓮,2024-07-01,9621
4543,萬在,14,0,14,富邦-花蓮,2024-07-01,9621
4714,永捷,14,0,14,富邦-花蓮,2024-07-01,9621
6163,華電網,15,1,14,富邦-花蓮,2024-07-01,9621
8096,擎亞,30,16,14,富邦-花蓮,2024-07-01,9621
2312,金寶,23,10,13,富邦-花蓮,2024-07-01,9621
00688L,國泰20年美債正2,402,0,402,富邦-花蓮,2024-07-02,9621
9105,泰金寶-DR,300,3,297,富邦-花蓮,2024-07-02,9621
00934,中信成長高股息,281,0,281,富邦-花蓮,2024-07-02,9621
00940,元大台灣價值高息,293,71,222,富邦-花蓮,2024-07-02,9621
00948B,中信優息投資級債,154,0,154,富邦-花蓮,2024-07-02,9621
00936,台新永續高息中小,174,24,150,富邦-花蓮,2024-07-02,9621
2317,鴻海,173,50,123,富邦-花蓮,2024-07-02,9621
2323,中環,102,1,101,富邦-花蓮,2024-07-02,9621
00665L,富邦�琤肭磪囓�2,101,1,100,富邦-花蓮,2024-07-02,9621
00673R,期元大S＆P原油反1,101,1,100,富邦-花蓮,2024-07-02,9621
2303,聯電,170,74,96,富邦-花蓮,2024-07-02,9621
2367,燿華,107,13,94,富邦-花蓮,2024-07-02,9621
00946,群益科技高息成長,146,86,60,富邦-花蓮,2024-07-02,9621
3372,典範,60,1,59,富邦-花蓮,2024-07-02,9621
2641,正德,58,0,58,富邦-花蓮,2024-07-02,9621
00687B,國泰20年美債,55,1,54,富邦-花蓮,2024-07-02,9621
2332,友訊,56,3,53,富邦-花蓮,2024-07-02,9621
2889,國票金,82,34,48,富邦-花蓮,2024-07-02,9621
2365,昆盈,158,113,45,富邦-花蓮,2024-07-02,9621
00679B,元大美債20年,45,0,45,富邦-花蓮,2024-07-02,9621
1101,台泥,46,3,43,富邦-花蓮,2024-07-02,9621
5515,建國,40,0,40,富邦-花蓮,2024-07-02,9621
6770,力積電,57,18,39,富邦-花蓮,2024-07-02,9621
1785,光洋科,42,5,37,富邦-花蓮,2024-07-02,9621
2406,國碩,236,203,33,富邦-花蓮,2024-07-02,9621
00712,復華富時不動產,31,0,31,富邦-花蓮,2024-07-02,9621
2014,中鴻,30,0,30,富邦-花蓮,2024-07-02,9621
00675L,富邦臺灣加權正2,32,3,29,富邦-花蓮,2024-07-02,9621
00633L,富邦上証正2,30,2,28,富邦-花蓮,2024-07-02,9621
2002,中鋼,32,5,27,富邦-花蓮,2024-07-02,9621
00751B,元大AAA至A公司債,27,0,27,富邦-花蓮,2024-07-02,9621
911868,同方友友-DR,27,0,27,富邦-花蓮,2024-07-02,9621
2838,聯邦銀,30,4,26,富邦-花蓮,2024-07-02,9621
1781,合世,26,0,26,富邦-花蓮,2024-07-02,9621
1815,富喬,36,10,26,富邦-花蓮,2024-07-02,9621
00949,復華日本龍頭,26,1,25,富邦-花蓮,2024-07-02,9621
8104,錸寶,29,5,24,富邦-花蓮,2024-07-02,9621
00942B,台新美A公司債20+,32,10,22,富邦-花蓮,2024-07-02,9621
3535,晶彩科,99,77,22,富邦-花蓮,2024-07-02,9621
2412,中華電,26,5,21,富邦-花蓮,2024-07-02,9621
6603,富強鑫,21,0,21,富邦-花蓮,2024-07-02,9621
3702,大聯大,31,11,20,富邦-花蓮,2024-07-02,9621
2409,友達,24,4,20,富邦-花蓮,2024-07-02,9621
2103,台橡,20,0,20,富邦-花蓮,2024-07-02,9621
5864,致和證,20,0,20,富邦-花蓮,2024-07-02,9621
1605,華新,20,0,20,富邦-花蓮,2024-07-02,9621
2449,京元電子,1144,1124,20,富邦-花蓮,2024-07-02,9621
00927,群益半導體收益,19,0,19,富邦-花蓮,2024-07-02,9621
00905,FT臺灣Smart,18,0,18,富邦-花蓮,2024-07-02,9621
00857B,永豐20年美公債,17,0,17,富邦-花蓮,2024-07-02,9621
00934,中信成長高股息,291,0,291,富邦-花蓮,2024-07-03,9621
2406,國碩,201,47,154,富邦-花蓮,2024-07-03,9621
3576,聯合再生,156,47,109,富邦-花蓮,2024-07-03,9621
6443,元晶,147,69,78,富邦-花蓮,2024-07-03,9621
00680L,元大美債20正2,60,0,60,富邦-花蓮,2024-07-03,9621
2408,南亞科,73,17,56,富邦-花蓮,2024-07-03,9621
9105,泰金寶-DR,194,140,54,富邦-花蓮,2024-07-03,9621
2352,佳世達,60,6,54,富邦-花蓮,2024-07-03,9621
2317,鴻海,84,30,54,富邦-花蓮,2024-07-03,9621
00632R,元大台灣50反1,50,1,49,富邦-花蓮,2024-07-03,9621
2323,中環,116,68,48,富邦-花蓮,2024-07-03,9621
5443,均豪,84,39,45,富邦-花蓮,2024-07-03,9621
2605,新興,51,7,44,富邦-花蓮,2024-07-03,9621
6770,力積電,51,15,36,富邦-花蓮,2024-07-03,9621
6244,茂迪,295,258,37,富邦-花蓮,2024-07-03,9621
2303,聯電,49,14,35,富邦-花蓮,2024-07-03,9621
2610,華航,101,67,34,富邦-花蓮,2024-07-03,9621
1802,台玻,32,0,32,富邦-花蓮,2024-07-03,9621
1527,鑽全,30,0,30,富邦-花蓮,2024-07-03,9621
6282,康舒,55,29,26,富邦-花蓮,2024-07-03,9621
2495,普安,45,19,26,富邦-花蓮,2024-07-03,9621
1905,華紙,25,0,25,富邦-花蓮,2024-07-03,9621
00688L,國泰20年美債正2,28,5,23,富邦-花蓮,2024-07-03,9621
00918,大華優利高填息30,24,1,23,富邦-花蓮,2024-07-03,9621
00927,群益半導體收益,22,0,22,富邦-花蓮,2024-07-03,9621
2852,第一保,22,0,22,富邦-花蓮,2024-07-03,9621
2208,台船,23,2,21,富邦-花蓮,2024-07-03,9621
00857B,永豐20年美公債,20,0,20,富邦-花蓮,2024-07-03,9621
00676R,富邦臺灣加權反1,20,0,20,富邦-花蓮,2024-07-03,9621
3312,弘憶股,53,33,20,富邦-花蓮,2024-07-03,9621
4720,德淵,20,0,20,富邦-花蓮,2024-07-03,9621
6116,彩晶,23,4,19,富邦-花蓮,2024-07-03,9621
3047,訊舟,175,157,18,富邦-花蓮,2024-07-03,9621
8016,矽創,18,0,18,富邦-花蓮,2024-07-03,9621
5347,世界,32,14,18,富邦-花蓮,2024-07-03,9621
2312,金寶,23,6,17,富邦-花蓮,2024-07-03,9621
2429,銘旺科,16,0,16,富邦-花蓮,2024-07-03,9621
8076,伍豐,18,2,16,富邦-花蓮,2024-07-03,9621
00740B,富邦全球投等債,25,10,15,富邦-花蓮,2024-07-03,9621
2030,彰源,14,0,14,富邦-花蓮,2024-07-03,9621
2354,鴻準,14,0,14,富邦-花蓮,2024-07-03,9621
4906,正文,108,95,13,富邦-花蓮,2024-07-03,9621
1504,東元,15,2,13,富邦-花蓮,2024-07-03,9621
8064,東捷,42,29,13,富邦-花蓮,2024-07-03,9621
2457,飛宏,12,0,12,富邦-花蓮,2024-07-03,9621
1303,南亞,12,1,11,富邦-花蓮,2024-07-03,9621
4157,太景*-KY,11,0,11,富邦-花蓮,2024-07-03,9621
4968,立積,15,4,11,富邦-花蓮,2024-07-03,9621
5452,佶優,26,15,11,富邦-花蓮,2024-07-03,9621
2356,英業達,15,4,11,富邦-花蓮,2024-07-03,9621
6127,九豪,442,16,426,富邦-花蓮,2024-07-04,9621
4306,炎洲,162,21,141,富邦-花蓮,2024-07-04,9621
9105,泰金寶-DR,228,90,138,富邦-花蓮,2024-07-04,9621
1314,中石化,149,13,136,富邦-花蓮,2024-07-04,9621
00650L,復華香港正2,102,0,102,富邦-花蓮,2024-07-04,9621
2412,中華電,72,0,72,富邦-花蓮,2024-07-04,9621
00673R,期元大S＆P原油反1,60,0,60,富邦-花蓮,2024-07-04,9621
3481,群創,153,97,56,富邦-花蓮,2024-07-04,9621
2606,裕民,62,9,53,富邦-花蓮,2024-07-04,9621
5328,華容,50,0,50,富邦-花蓮,2024-07-04,9621
2367,燿華,67,18,49,富邦-花蓮,2024-07-04,9621
00934,中信成長高股息,41,0,41,富邦-花蓮,2024-07-04,9621
00675L,富邦臺灣加權正2,41,3,38,富邦-花蓮,2024-07-04,9621
2883,凱基金,129,93,36,富邦-花蓮,2024-07-04,9621
2349,錸德,50,16,34,富邦-花蓮,2024-07-04,9621
2324,仁寶,34,3,31,富邦-花蓮,2024-07-04,9621
2609,陽明,45,14,31,富邦-花蓮,2024-07-04,9621
5608,四維航,30,0,30,富邦-花蓮,2024-07-04,9621
6270,倍微,28,0,28,富邦-花蓮,2024-07-04,9621
3047,訊舟,186,159,27,富邦-花蓮,2024-07-04,9621
3312,弘憶股,92,65,27,富邦-花蓮,2024-07-04,9621
1806,冠軍,26,0,26,富邦-花蓮,2024-07-04,9621
2617,台航,26,0,26,富邦-花蓮,2024-07-04,9621
2834,臺企銀,36,10,26,富邦-花蓮,2024-07-04,9621
00665L,富邦�琤肭磪囓�2,30,5,25,富邦-花蓮,2024-07-04,9621
6244,茂迪,32,7,25,富邦-花蓮,2024-07-04,9621
6005,群益證,30,5,25,富邦-花蓮,2024-07-04,9621
2610,華航,41,17,24,富邦-花蓮,2024-07-04,9621
2405,輔信,170,147,23,富邦-花蓮,2024-07-04,9621
4109,加捷生醫,68,45,23,富邦-花蓮,2024-07-04,9621
3231,緯創,34,12,22,富邦-花蓮,2024-07-04,9621
2482,連宇,30,9,21,富邦-花蓮,2024-07-04,9621
8104,錸寶,31,10,21,富邦-花蓮,2024-07-04,9621
1905,華紙,25,5,20,富邦-花蓮,2024-07-04,9621
2489,瑞軒,21,1,20,富邦-花蓮,2024-07-04,9621
8049,晶采,20,0,20,富邦-花蓮,2024-07-04,9621
2329,華泰,20,1,19,富邦-花蓮,2024-07-04,9621
2641,正德,27,8,19,富邦-花蓮,2024-07-04,9621
2915,潤泰全,24,5,19,富邦-花蓮,2024-07-04,9621
8071,能率網通,22,3,19,富邦-花蓮,2024-07-04,9621
3189,景碩,18,0,18,富邦-花蓮,2024-07-04,9621
9955,佳龍,19,1,18,富邦-花蓮,2024-07-04,9621
2354,鴻準,44,26,18,富邦-花蓮,2024-07-04,9621
3704,合勤控,18,0,18,富邦-花蓮,2024-07-04,9621
4303,信立,18,0,18,富邦-花蓮,2024-07-04,9621
00947,台新臺灣IC設計,20,3,17,富邦-花蓮,2024-07-04,9621
2867,三商壽,33,16,17,富邦-花蓮,2024-07-04,9621
6937,天虹,20,3,17,富邦-花蓮,2024-07-04,9621
00945B,凱基美國非投等債,16,0,16,富邦-花蓮,2024-07-04,9621
00688L,國泰20年美債正2,15,0,15,富邦-花蓮,2024-07-04,9621
00934,中信成長高股息,293,5,288,富邦-花蓮,2024-07-05,9621
3607,谷崧,106,1,105,富邦-花蓮,2024-07-05,9621
00688L,國泰20年美債正2,87,0,87,富邦-花蓮,2024-07-05,9621
3540,曜越,81,3,78,富邦-花蓮,2024-07-05,9621
00922,國泰台灣領袖50,66,0,66,富邦-花蓮,2024-07-05,9621
00936,台新永續高息中小,63,2,61,富邦-花蓮,2024-07-05,9621
00673R,期元大S＆P原油反1,61,0,61,富邦-花蓮,2024-07-05,9621
8383,千附,68,8,60,富邦-花蓮,2024-07-05,9621
00882,中信中國高股息,56,0,56,富邦-花蓮,2024-07-05,9621
9103,美德醫療-DR,54,0,54,富邦-花蓮,2024-07-05,9621
3576,聯合再生,98,47,51,富邦-花蓮,2024-07-05,9621
00947,台新臺灣IC設計,46,0,46,富邦-花蓮,2024-07-05,9621
2606,裕民,47,3,44,富邦-花蓮,2024-07-05,9621
8076,伍豐,46,4,42,富邦-花蓮,2024-07-05,9621
5521,工信,41,0,41,富邦-花蓮,2024-07-05,9621
5608,四維航,37,0,37,富邦-花蓮,2024-07-05,9621
2617,台航,35,0,35,富邦-花蓮,2024-07-05,9621
2883,凱基金,49,14,35,富邦-花蓮,2024-07-05,9621
2834,臺企銀,36,2,34,富邦-花蓮,2024-07-05,9621
2313,華通,47,13,34,富邦-花蓮,2024-07-05,9621
00675L,富邦臺灣加權正2,31,0,31,富邦-花蓮,2024-07-05,9621
00946,群益科技高息成長,130,99,31,富邦-花蓮,2024-07-05,9621
2633,台灣高鐵,30,1,29,富邦-花蓮,2024-07-05,9621
911868,同方友友-DR,29,0,29,富邦-花蓮,2024-07-05,9621
2371,大同,28,2,26,富邦-花蓮,2024-07-05,9621
2615,萬海,33,8,25,富邦-花蓮,2024-07-05,9621
2609,陽明,36,12,24,富邦-花蓮,2024-07-05,9621
2301,光寶科,34,10,24,富邦-花蓮,2024-07-05,9621
3062,建漢,56,32,24,富邦-花蓮,2024-07-05,9621
2610,華航,29,5,24,富邦-花蓮,2024-07-05,9621
2605,新興,22,0,22,富邦-花蓮,2024-07-05,9621
2108,南帝,31,10,21,富邦-花蓮,2024-07-05,9621
00655L,國泰中國A50正2,20,0,20,富邦-花蓮,2024-07-05,9621
2888,新光金,58,39,19,富邦-花蓮,2024-07-05,9621
1781,合世,19,0,19,富邦-花蓮,2024-07-05,9621
5351,鈺創,20,1,19,富邦-花蓮,2024-07-05,9621
00712,復華富時不動產,17,0,17,富邦-花蓮,2024-07-05,9621
00687B,國泰20年美債,22,6,16,富邦-花蓮,2024-07-05,9621
00927,群益半導體收益,16,0,16,富邦-花蓮,2024-07-05,9621
00949,復華日本龍頭,16,0,16,富邦-花蓮,2024-07-05,9621
2476,鉅祥,24,8,16,富邦-花蓮,2024-07-05,9621
2641,正德,22,6,16,富邦-花蓮,2024-07-05,9621
3265,台星科,21,6,15,富邦-花蓮,2024-07-05,9621
8112,至上,26,11,15,富邦-花蓮,2024-07-05,9621
2406,國碩,31,17,14,富邦-花蓮,2024-07-05,9621
4534,慶騰,14,0,14,富邦-花蓮,2024-07-05,9621
4906,正文,29,15,14,富邦-花蓮,2024-07-05,9621
3715,定穎投控,15,2,13,富邦-花蓮,2024-07-05,9621
1529,樂事綠能,30,18,12,富邦-花蓮,2024-07-05,9621
2393,億光,14,2,12,富邦-花蓮,2024-07-05,9621
1802,台玻,221,11,210,富邦-花蓮,2024-07-08,9621
2406,國碩,219,16,203,富邦-花蓮,2024-07-08,9621
00934,中信成長高股息,168,6,162,富邦-花蓮,2024-07-08,9621
00632R,元大台灣50反1,108,27,81,富邦-花蓮,2024-07-08,9621
2605,新興,111,34,77,富邦-花蓮,2024-07-08,9621
00929,復華台灣科技優息,148,73,75,富邦-花蓮,2024-07-08,9621
00673R,期元大S＆P原油反1,65,0,65,富邦-花蓮,2024-07-08,9621
00650L,復華香港正2,112,50,62,富邦-花蓮,2024-07-08,9621
2609,陽明,97,39,58,富邦-花蓮,2024-07-08,9621
3045,台灣大,104,49,55,富邦-花蓮,2024-07-08,9621
3372,典範,57,5,52,富邦-花蓮,2024-07-08,9621
3481,群創,191,139,52,富邦-花蓮,2024-07-08,9621
2344,華邦電,56,8,48,富邦-花蓮,2024-07-08,9621
6217,中探針,60,15,45,富邦-花蓮,2024-07-08,9621
1316,上曜,65,21,44,富邦-花蓮,2024-07-08,9621
6153,嘉聯益,64,22,42,富邦-花蓮,2024-07-08,9621
6213,聯茂,42,1,41,富邦-花蓮,2024-07-08,9621
6152,百一,42,5,37,富邦-花蓮,2024-07-08,9621
2417,圓剛,48,13,35,富邦-花蓮,2024-07-08,9621
3290,東浦,35,0,35,富邦-花蓮,2024-07-08,9621
2363,矽統,90,56,34,富邦-花蓮,2024-07-08,9621
1815,富喬,50,17,33,富邦-花蓮,2024-07-08,9621
00919,群益台灣精選高息,98,67,31,富邦-花蓮,2024-07-08,9621
3052,夆典,30,0,30,富邦-花蓮,2024-07-08,9621
8277,商丞,30,0,30,富邦-花蓮,2024-07-08,9621
00936,台新永續高息中小,30,0,30,富邦-花蓮,2024-07-08,9621
2618,長榮航,72,42,30,富邦-花蓮,2024-07-08,9621
1785,光洋科,71,42,29,富邦-花蓮,2024-07-08,9621
00937B,群益ESG投等債20,29,1,28,富邦-花蓮,2024-07-08,9621
2485,兆赫,32,4,28,富邦-花蓮,2024-07-08,9621
6126,信音,40,14,26,富邦-花蓮,2024-07-08,9621
00713,元大台灣高息低波,26,0,26,富邦-花蓮,2024-07-08,9621
1529,樂事綠能,33,7,26,富邦-花蓮,2024-07-08,9621
2801,彰銀,37,12,25,富邦-花蓮,2024-07-08,9621
2489,瑞軒,26,2,24,富邦-花蓮,2024-07-08,9621
2365,昆盈,81,57,24,富邦-花蓮,2024-07-08,9621
1513,中興電,34,11,23,富邦-花蓮,2024-07-08,9621
2482,連宇,23,0,23,富邦-花蓮,2024-07-08,9621
5443,均豪,37,15,22,富邦-花蓮,2024-07-08,9621
2464,盟立,86,64,22,富邦-花蓮,2024-07-08,9621
3312,弘憶股,34,12,22,富邦-花蓮,2024-07-08,9621
1714,和桐,20,0,20,富邦-花蓮,2024-07-08,9621
1809,中釉,80,60,20,富邦-花蓮,2024-07-08,9621
5521,工信,20,0,20,富邦-花蓮,2024-07-08,9621
8064,東捷,24,4,20,富邦-花蓮,2024-07-08,9621
9945,潤泰新,20,0,20,富邦-花蓮,2024-07-08,9621
2543,皇昌,24,5,19,富邦-花蓮,2024-07-08,9621
00712,復華富時不動產,19,0,19,富邦-花蓮,2024-07-08,9621
4157,太景*-KY,18,0,18,富邦-花蓮,2024-07-08,9621
6207,雷科,21,3,18,富邦-花蓮,2024-07-08,9621
00664R,國泰臺灣加權反1,150,0,150,富邦-花蓮,2024-07-09,9621
00632R,元大台灣50反1,279,135,144,富邦-花蓮,2024-07-09,9621
2834,臺企銀,103,1,102,富邦-花蓮,2024-07-09,9621
00918,大華優利高填息30,113,21,92,富邦-花蓮,2024-07-09,9621
00934,中信成長高股息,89,2,87,富邦-花蓮,2024-07-09,9621
2405,輔信,191,109,82,富邦-花蓮,2024-07-09,9621
3047,訊舟,128,53,75,富邦-花蓮,2024-07-09,9621
0056,元大高股息,79,6,73,富邦-花蓮,2024-07-09,9621
2317,鴻海,401,329,72,富邦-花蓮,2024-07-09,9621
5515,建國,70,0,70,富邦-花蓮,2024-07-09,9621
3062,建漢,74,13,61,富邦-花蓮,2024-07-09,9621
2618,長榮航,83,23,60,富邦-花蓮,2024-07-09,9621
2609,陽明,68,8,60,富邦-花蓮,2024-07-09,9621
1528,恩德,52,0,52,富邦-花蓮,2024-07-09,9621
00673R,期元大S＆P原油反1,50,0,50,富邦-花蓮,2024-07-09,9621
5452,佶優,45,2,43,富邦-花蓮,2024-07-09,9621
6190,萬泰科,82,42,40,富邦-花蓮,2024-07-09,9621
2882,國泰金,57,18,39,富邦-花蓮,2024-07-09,9621
00915,凱基優選高股息30,46,8,38,富邦-花蓮,2024-07-09,9621
1609,大亞,51,13,38,富邦-花蓮,2024-07-09,9621
3231,緯創,101,66,35,富邦-花蓮,2024-07-09,9621
2312,金寶,223,189,34,富邦-花蓮,2024-07-09,9621
2002,中鋼,46,12,34,富邦-花蓮,2024-07-09,9621
00905,FT臺灣Smart,33,0,33,富邦-花蓮,2024-07-09,9621
1587,吉茂,33,0,33,富邦-花蓮,2024-07-09,9621
2347,聯強,32,0,32,富邦-花蓮,2024-07-09,9621
2374,佳能,46,14,32,富邦-花蓮,2024-07-09,9621
3276,宇環,41,10,31,富邦-花蓮,2024-07-09,9621
4142,國光生,30,0,30,富邦-花蓮,2024-07-09,9621
1781,合世,29,0,29,富邦-花蓮,2024-07-09,9621
2352,佳世達,31,2,29,富邦-花蓮,2024-07-09,9621
4960,誠美材,30,2,28,富邦-花蓮,2024-07-09,9621
2344,華邦電,47,20,27,富邦-花蓮,2024-07-09,9621
3622,洋華,32,6,26,富邦-花蓮,2024-07-09,9621
2337,旺宏,24,1,23,富邦-花蓮,2024-07-09,9621
6217,中探針,24,1,23,富邦-花蓮,2024-07-09,9621
6770,力積電,30,7,23,富邦-花蓮,2024-07-09,9621
00936,台新永續高息中小,51,30,21,富邦-花蓮,2024-07-09,9621
5475,德宏,37,16,21,富邦-花蓮,2024-07-09,9621
2323,中環,25,4,21,富邦-花蓮,2024-07-09,9621
2481,強茂,21,0,21,富邦-花蓮,2024-07-09,9621
2457,飛宏,30,10,20,富邦-花蓮,2024-07-09,9621
6126,信音,47,28,19,富邦-花蓮,2024-07-09,9621
2330,台積電,41,23,18,富邦-花蓮,2024-07-09,9621
1810,和成,20,2,18,富邦-花蓮,2024-07-09,9621
00679B,元大美債20年,24,8,16,富邦-花蓮,2024-07-09,9621
00944,野村趨勢動能高息,16,1,15,富邦-花蓮,2024-07-09,9621
2368,金像電,21,6,15,富邦-花蓮,2024-07-09,9621
00922,國泰台灣領袖50,17,2,15,富邦-花蓮,2024-07-09,9621
2414,精技,15,0,15,富邦-花蓮,2024-07-09,9621
00934,中信成長高股息,245,1,244,富邦-花蓮,2024-07-10,9621
2888,新光金,463,358,105,富邦-花蓮,2024-07-10,9621
1605,華新,92,0,92,富邦-花蓮,2024-07-10,9621
2489,瑞軒,109,31,78,富邦-花蓮,2024-07-10,9621
00929,復華台灣科技優息,93,27,66,富邦-花蓮,2024-07-10,9621
2312,金寶,107,42,65,富邦-花蓮,2024-07-10,9621
8105,凌巨,100,43,57,富邦-花蓮,2024-07-10,9621
2543,皇昌,77,25,52,富邦-花蓮,2024-07-10,9621
00687B,國泰20年美債,51,0,51,富邦-花蓮,2024-07-10,9621
00946,群益科技高息成長,44,3,41,富邦-花蓮,2024-07-10,9621
2367,燿華,62,22,40,富邦-花蓮,2024-07-10,9621
2392,正崴,101,65,36,富邦-花蓮,2024-07-10,9621
5426,振發,57,24,33,富邦-花蓮,2024-07-10,9621
2834,臺企銀,33,0,33,富邦-花蓮,2024-07-10,9621
2002,中鋼,37,5,32,富邦-花蓮,2024-07-10,9621
00676R,富邦臺灣加權反1,30,0,30,富邦-花蓮,2024-07-10,9621
1616,億泰,52,22,30,富邦-花蓮,2024-07-10,9621
2606,裕民,30,0,30,富邦-花蓮,2024-07-10,9621
5230,雷笛克光學,30,0,30,富邦-花蓮,2024-07-10,9621
5452,佶優,37,10,27,富邦-花蓮,2024-07-10,9621
2359,所羅門,30,4,26,富邦-花蓮,2024-07-10,9621
00927,群益半導體收益,26,0,26,富邦-花蓮,2024-07-10,9621
2353,宏��,45,19,26,富邦-花蓮,2024-07-10,9621
00688L,國泰20年美債正2,25,0,25,富邦-花蓮,2024-07-10,9621
00939,統一台灣高息動能,25,1,24,富邦-花蓮,2024-07-10,9621
3550,聯穎,24,0,24,富邦-花蓮,2024-07-10,9621
2317,鴻海,55,32,23,富邦-花蓮,2024-07-10,9621
1608,華榮,39,17,22,富邦-花蓮,2024-07-10,9621
2352,佳世達,23,1,22,富邦-花蓮,2024-07-10,9621
2355,敬鵬,22,0,22,富邦-花蓮,2024-07-10,9621
2406,國碩,25,5,20,富邦-花蓮,2024-07-10,9621
00740B,富邦全球投等債,20,0,20,富邦-花蓮,2024-07-10,9621
2501,國建,20,0,20,富邦-花蓮,2024-07-10,9621
1536,和大,31,11,20,富邦-花蓮,2024-07-10,9621
3594,磐儀,19,0,19,富邦-花蓮,2024-07-10,9621
00949,復華日本龍頭,18,0,18,富邦-花蓮,2024-07-10,9621
2495,普安,20,2,18,富邦-花蓮,2024-07-10,9621
3712,永崴投控,34,17,17,富邦-花蓮,2024-07-10,9621
4306,炎洲,22,5,17,富邦-花蓮,2024-07-10,9621
00632R,元大台灣50反1,26,10,16,富邦-花蓮,2024-07-10,9621
8277,商丞,16,0,16,富邦-花蓮,2024-07-10,9621
2301,光寶科,44,29,15,富邦-花蓮,2024-07-10,9621
2464,盟立,62,47,15,富邦-花蓮,2024-07-10,9621
00919,群益台灣精選高息,80,65,15,富邦-花蓮,2024-07-10,9621
2609,陽明,61,46,15,富邦-花蓮,2024-07-10,9621
3673,TPK-KY,53,39,14,富邦-花蓮,2024-07-10,9621
1785,光洋科,33,19,14,富邦-花蓮,2024-07-10,9621
2332,友訊,13,0,13,富邦-花蓮,2024-07-10,9621
2344,華邦電,14,1,13,富邦-花蓮,2024-07-10,9621
6218,豪勉,29,16,13,富邦-花蓮,2024-07-10,9621
3615,安可,460,0,460,富邦-花蓮,2024-07-11,9621
2888,新光金,406,118,288,富邦-花蓮,2024-07-11,9621
2609,陽明,175,10,165,富邦-花蓮,2024-07-11,9621
4960,誠美材,140,1,139,富邦-花蓮,2024-07-11,9621
00934,中信成長高股息,117,6,111,富邦-花蓮,2024-07-11,9621
00632R,元大台灣50反1,93,0,93,富邦-花蓮,2024-07-11,9621
00665L,富邦�琤肭磪囓�2,100,12,88,富邦-花蓮,2024-07-11,9621
00950B,凱基A級公司債,88,0,88,富邦-花蓮,2024-07-11,9621
2867,三商壽,75,5,70,富邦-花蓮,2024-07-11,9621
2365,昆盈,106,40,66,富邦-花蓮,2024-07-11,9621
00673R,期元大S＆P原油反1,60,0,60,富邦-花蓮,2024-07-11,9621
9105,泰金寶-DR,325,266,59,富邦-花蓮,2024-07-11,9621
2367,燿華,113,56,57,富邦-花蓮,2024-07-11,9621
2618,長榮航,60,5,55,富邦-花蓮,2024-07-11,9621
00948B,中信優息投資級債,43,0,43,富邦-花蓮,2024-07-11,9621
5452,佶優,52,12,40,富邦-花蓮,2024-07-11,9621
00650L,復華香港正2,50,10,40,富邦-花蓮,2024-07-11,9621
1504,東元,64,29,35,富邦-花蓮,2024-07-11,9621
00942B,台新美A公司債20+,35,0,35,富邦-花蓮,2024-07-11,9621
00679B,元大美債20年,36,3,33,富邦-花蓮,2024-07-11,9621
3312,弘憶股,70,38,32,富邦-花蓮,2024-07-11,9621
3094,聯傑,36,5,31,富邦-花蓮,2024-07-11,9621
3303,岱稜,28,0,28,富邦-花蓮,2024-07-11,9621
1514,亞力,57,29,28,富邦-花蓮,2024-07-11,9621
1569,濱川,35,8,27,富邦-花蓮,2024-07-11,9621
6282,康舒,56,29,27,富邦-花蓮,2024-07-11,9621
2303,聯電,34,8,26,富邦-花蓮,2024-07-11,9621
3372,典範,36,10,26,富邦-花蓮,2024-07-11,9621
8092,建暐,25,0,25,富邦-花蓮,2024-07-11,9621
2316,楠梓電,27,3,24,富邦-花蓮,2024-07-11,9621
2371,大同,40,17,23,富邦-花蓮,2024-07-11,9621
1785,光洋科,49,27,22,富邦-花蓮,2024-07-11,9621
2354,鴻準,40,18,22,富邦-花蓮,2024-07-11,9621
1513,中興電,64,43,21,富邦-花蓮,2024-07-11,9621
2834,臺企銀,21,0,21,富邦-花蓮,2024-07-11,9621
6788,華景電,21,0,21,富邦-花蓮,2024-07-11,9621
9946,三發地產,21,0,21,富邦-花蓮,2024-07-11,9621
00937B,群益ESG投等債20,45,25,20,富邦-花蓮,2024-07-11,9621
2605,新興,22,2,20,富邦-花蓮,2024-07-11,9621
2617,台航,20,1,19,富邦-花蓮,2024-07-11,9621
6177,達麗,41,22,19,富邦-花蓮,2024-07-11,9621
2317,鴻海,82,64,18,富邦-花蓮,2024-07-11,9621
2883,凱基金,65,47,18,富邦-花蓮,2024-07-11,9621
2002,中鋼,28,11,17,富邦-花蓮,2024-07-11,9621
1516,川飛,18,1,17,富邦-花蓮,2024-07-11,9621
1808,潤隆,24,7,17,富邦-花蓮,2024-07-11,9621
00929,復華台灣科技優息,62,45,17,富邦-花蓮,2024-07-11,9621
2855,統一證,16,0,16,富邦-花蓮,2024-07-11,9621
3062,建漢,40,25,15,富邦-花蓮,2024-07-11,9621
6264,富裔,15,0,15,富邦-花蓮,2024-07-11,9621
00929,復華台灣科技優息,490,18,472,富邦-花蓮,2024-07-12,9621
00937B,群益ESG投等債20,498,97,401,富邦-花蓮,2024-07-12,9621
00680L,元大美債20正2,234,0,234,富邦-花蓮,2024-07-12,9621
00665L,富邦�琤肭磪囓�2,207,12,195,富邦-花蓮,2024-07-12,9621
3481,群創,388,213,175,富邦-花蓮,2024-07-12,9621
00919,群益台灣精選高息,279,105,174,富邦-花蓮,2024-07-12,9621
00673R,期元大S＆P原油反1,151,0,151,富邦-花蓮,2024-07-12,9621
2317,鴻海,230,82,148,富邦-花蓮,2024-07-12,9621
00934,中信成長高股息,172,35,137,富邦-花蓮,2024-07-12,9621
2303,聯電,165,41,124,富邦-花蓮,2024-07-12,9621
1316,上曜,137,38,99,富邦-花蓮,2024-07-12,9621
9105,泰金寶-DR,112,14,98,富邦-花蓮,2024-07-12,9621
8011,台通,98,1,97,富邦-花蓮,2024-07-12,9621
00927,群益半導體收益,84,3,81,富邦-花蓮,2024-07-12,9621
5498,凱崴,100,20,80,富邦-花蓮,2024-07-12,9621
3711,日月光投控,65,2,63,富邦-花蓮,2024-07-12,9621
00881,國泰台灣5G+,62,3,59,富邦-花蓮,2024-07-12,9621
00931B,統一美債20年,50,2,48,富邦-花蓮,2024-07-12,9621
0056,元大高股息,70,27,43,富邦-花蓮,2024-07-12,9621
00935,野村臺灣新科技50,41,2,39,富邦-花蓮,2024-07-12,9621
2618,長榮航,41,2,39,富邦-花蓮,2024-07-12,9621
2330,台積電,65,27,38,富邦-花蓮,2024-07-12,9621
3545,敦泰,44,9,35,富邦-花蓮,2024-07-12,9621
3033,威健,34,2,32,富邦-花蓮,2024-07-12,9621
4109,加捷生醫,50,18,32,富邦-花蓮,2024-07-12,9621
1810,和成,31,0,31,富邦-花蓮,2024-07-12,9621
6116,彩晶,37,6,31,富邦-花蓮,2024-07-12,9621
1312,國喬,35,4,31,富邦-花蓮,2024-07-12,9621
0061,元大寶滬深,30,0,30,富邦-花蓮,2024-07-12,9621
00947,台新臺灣IC設計,30,0,30,富邦-花蓮,2024-07-12,9621
3450,聯鈞,72,42,30,富邦-花蓮,2024-07-12,9621
2915,潤泰全,33,4,29,富邦-花蓮,2024-07-12,9621
3312,弘憶股,57,30,27,富邦-花蓮,2024-07-12,9621
00679B,元大美債20年,43,17,26,富邦-花蓮,2024-07-12,9621
2852,第一保,32,6,26,富邦-花蓮,2024-07-12,9621
3596,智易,25,0,25,富邦-花蓮,2024-07-12,9621
6264,富裔,27,4,23,富邦-花蓮,2024-07-12,9621
00923,群益台ESG低碳50,22,0,22,富邦-花蓮,2024-07-12,9621
3363,上詮,26,4,22,富邦-花蓮,2024-07-12,9621
2543,皇昌,27,5,22,富邦-花蓮,2024-07-12,9621
00922,國泰台灣領袖50,22,1,21,富邦-花蓮,2024-07-12,9621
1785,光洋科,27,6,21,富邦-花蓮,2024-07-12,9621
2603,長榮,24,4,20,富邦-花蓮,2024-07-12,9621
00664R,國泰臺灣加權反1,20,0,20,富邦-花蓮,2024-07-12,9621
00651R,復華香港反1,20,0,20,富邦-花蓮,2024-07-12,9621
00905,FT臺灣Smart,20,0,20,富邦-花蓮,2024-07-12,9621
1609,大亞,27,7,20,富邦-花蓮,2024-07-12,9621
2323,中環,20,0,20,富邦-花蓮,2024-07-12,9621
2916,滿心,20,0,20,富邦-花蓮,2024-07-12,9621
2884,玉山金,20,1,19,富邦-花蓮,2024-07-12,9621
00937B,群益ESG投等債20,422,96,326,富邦-花蓮,2024-07-15,9621
9105,泰金寶-DR,309,34,275,富邦-花蓮,2024-07-15,9621
00934,中信成長高股息,192,26,166,富邦-花蓮,2024-07-15,9621
00688L,國泰20年美債正2,142,6,136,富邦-花蓮,2024-07-15,9621
2409,友達,124,7,117,富邦-花蓮,2024-07-15,9621
3481,群創,109,9,100,富邦-花蓮,2024-07-15,9621
2886,兆豐金,92,12,80,富邦-花蓮,2024-07-15,9621
00919,群益台灣精選高息,102,28,74,富邦-花蓮,2024-07-15,9621
00933B,國泰10Y+金融債,73,0,73,富邦-花蓮,2024-07-15,9621
00881,國泰台灣5G+,58,1,57,富邦-花蓮,2024-07-15,9621
2891,中信金,81,24,57,富邦-花蓮,2024-07-15,9621
2367,燿華,69,13,56,富邦-花蓮,2024-07-15,9621
4906,正文,55,0,55,富邦-花蓮,2024-07-15,9621
2406,國碩,52,0,52,富邦-花蓮,2024-07-15,9621
2834,臺企銀,52,2,50,富邦-花蓮,2024-07-15,9621
00924,復華S＆P500成長,50,0,50,富邦-花蓮,2024-07-15,9621
0056,元大高股息,63,15,48,富邦-花蓮,2024-07-15,9621
2356,英業達,84,38,46,富邦-花蓮,2024-07-15,9621
6116,彩晶,46,2,44,富邦-花蓮,2024-07-15,9621
2838,聯邦銀,41,0,41,富邦-花蓮,2024-07-15,9621
6456,GIS-KY,40,0,40,富邦-花蓮,2024-07-15,9621
1304,台聚,45,5,40,富邦-花蓮,2024-07-15,9621
00936,台新永續高息中小,40,2,38,富邦-花蓮,2024-07-15,9621
3037,欣興,42,8,34,富邦-花蓮,2024-07-15,9621
00687B,國泰20年美債,32,0,32,富邦-花蓮,2024-07-15,9621
00927,群益半導體收益,48,16,32,富邦-花蓮,2024-07-15,9621
4716,大立,32,0,32,富邦-花蓮,2024-07-15,9621
2324,仁寶,31,1,30,富邦-花蓮,2024-07-15,9621
00882,中信中國高股息,41,11,30,富邦-花蓮,2024-07-15,9621
5511,德昌,30,0,30,富邦-花蓮,2024-07-15,9621
00725B,國泰投資級公司債,29,0,29,富邦-花蓮,2024-07-15,9621
00679B,元大美債20年,69,42,27,富邦-花蓮,2024-07-15,9621
00949,復華日本龍頭,27,0,27,富邦-花蓮,2024-07-15,9621
6770,力積電,28,1,27,富邦-花蓮,2024-07-15,9621
2402,毅嘉,26,0,26,富邦-花蓮,2024-07-15,9621
1721,三晃,42,17,25,富邦-花蓮,2024-07-15,9621
8093,保銳,24,0,24,富邦-花蓮,2024-07-15,9621
1785,光洋科,34,11,23,富邦-花蓮,2024-07-15,9621
2312,金寶,177,154,23,富邦-花蓮,2024-07-15,9621
2405,輔信,24,3,21,富邦-花蓮,2024-07-15,9621
2323,中環,21,0,21,富邦-花蓮,2024-07-15,9621
00706L,期元大S＆P日圓正2,20,0,20,富邦-花蓮,2024-07-15,9621
3707,漢磊,20,0,20,富邦-花蓮,2024-07-15,9621
4927,泰鼎-KY,23,3,20,富邦-花蓮,2024-07-15,9621
2353,宏��,25,5,20,富邦-花蓮,2024-07-15,9621
2888,新光金,180,160,20,富邦-花蓮,2024-07-15,9621
1608,華榮,171,152,19,富邦-花蓮,2024-07-15,9621
2890,永豐金,23,4,19,富邦-花蓮,2024-07-15,9621
2885,元大金,18,0,18,富邦-花蓮,2024-07-15,9621
6152,百一,21,3,18,富邦-花蓮,2024-07-15,9621
9105,泰金寶-DR,284,21,263,富邦-花蓮,2024-07-16,9621
00937B,群益ESG投等債20,153,1,152,富邦-花蓮,2024-07-16,9621
5498,凱崴,124,0,124,富邦-花蓮,2024-07-16,9621
2312,金寶,206,90,116,富邦-花蓮,2024-07-16,9621
00919,群益台灣精選高息,104,3,101,富邦-花蓮,2024-07-16,9621
3481,群創,102,1,101,富邦-花蓮,2024-07-16,9621
2886,兆豐金,101,3,98,富邦-花蓮,2024-07-16,9621
0056,元大高股息,105,10,95,富邦-花蓮,2024-07-16,9621
00680L,元大美債20正2,101,17,84,富邦-花蓮,2024-07-16,9621
00905,FT臺灣Smart,81,0,81,富邦-花蓮,2024-07-16,9621
00650L,復華香港正2,78,0,78,富邦-花蓮,2024-07-16,9621
2406,國碩,80,10,70,富邦-花蓮,2024-07-16,9621
00929,復華台灣科技優息,158,91,67,富邦-花蓮,2024-07-16,9621
2888,新光金,131,77,54,富邦-花蓮,2024-07-16,9621
3372,典範,50,0,50,富邦-花蓮,2024-07-16,9621
00688L,國泰20年美債正2,49,0,49,富邦-花蓮,2024-07-16,9621
00946,群益科技高息成長,47,0,47,富邦-花蓮,2024-07-16,9621
2313,華通,49,2,47,富邦-花蓮,2024-07-16,9621
8046,南電,49,3,46,富邦-花蓮,2024-07-16,9621
9902,台火,44,1,43,富邦-花蓮,2024-07-16,9621
00882,中信中國高股息,40,0,40,富邦-花蓮,2024-07-16,9621
00918,大華優利高填息30,40,0,40,富邦-花蓮,2024-07-16,9621
6189,豐藝,41,3,38,富邦-花蓮,2024-07-16,9621
2303,聯電,60,25,35,富邦-花蓮,2024-07-16,9621
1808,潤隆,35,1,34,富邦-花蓮,2024-07-16,9621
1305,華夏,51,19,32,富邦-花蓮,2024-07-16,9621
1303,南亞,30,1,29,富邦-花蓮,2024-07-16,9621
2405,輔信,41,13,28,富邦-花蓮,2024-07-16,9621
00927,群益半導體收益,27,0,27,富邦-花蓮,2024-07-16,9621
6127,九豪,34,7,27,富邦-花蓮,2024-07-16,9621
6005,群益證,32,8,24,富邦-花蓮,2024-07-16,9621
1785,光洋科,35,13,22,富邦-花蓮,2024-07-16,9621
2890,永豐金,21,0,21,富邦-花蓮,2024-07-16,9621
00948B,中信優息投資級債,21,0,21,富邦-花蓮,2024-07-16,9621
1513,中興電,42,21,21,富邦-花蓮,2024-07-16,9621
00934,中信成長高股息,27,6,21,富邦-花蓮,2024-07-16,9621
4107,邦特,20,0,20,富邦-花蓮,2024-07-16,9621
2891,中信金,21,1,20,富邦-花蓮,2024-07-16,9621
2243,宏旭-KY,23,4,19,富邦-花蓮,2024-07-16,9621
2392,正崴,24,5,19,富邦-花蓮,2024-07-16,9621
00878,國泰永續高股息,23,4,19,富邦-花蓮,2024-07-16,9621
2887,台新金,19,0,19,富邦-花蓮,2024-07-16,9621
2615,萬海,33,15,18,富邦-花蓮,2024-07-16,9621
4933,友輝,20,2,18,富邦-花蓮,2024-07-16,9621
1608,華榮,42,24,18,富邦-花蓮,2024-07-16,9621
4956,光鋐,59,42,17,富邦-花蓮,2024-07-16,9621
5371,中光電,23,6,17,富邦-花蓮,2024-07-16,9621
2883,凱基金,28,12,16,富邦-花蓮,2024-07-16,9621
8358,金居,16,1,15,富邦-花蓮,2024-07-16,9621
2501,國建,15,0,15,富邦-花蓮,2024-07-16,9621
00937B,群益ESG投等債20,399,14,385,富邦-花蓮,2024-07-17,9621
00680L,元大美債20正2,210,7,203,富邦-花蓮,2024-07-17,9621
00946,群益科技高息成長,204,31,173,富邦-花蓮,2024-07-17,9621
2323,中環,164,1,163,富邦-花蓮,2024-07-17,9621
00929,復華台灣科技優息,197,83,114,富邦-花蓮,2024-07-17,9621
3710,連展投控,110,0,110,富邦-花蓮,2024-07-17,9621
00919,群益台灣精選高息,114,43,71,富邦-花蓮,2024-07-17,9621
00679B,元大美債20年,86,20,66,富邦-花蓮,2024-07-17,9621
9105,泰金寶-DR,67,3,64,富邦-花蓮,2024-07-17,9621
2312,金寶,137,73,64,富邦-花蓮,2024-07-17,9621
00905,FT臺灣Smart,60,1,59,富邦-花蓮,2024-07-17,9621
00936,台新永續高息中小,51,0,51,富邦-花蓮,2024-07-17,9621
2014,中鴻,51,0,51,富邦-花蓮,2024-07-17,9621
00715L,期街口布蘭特正2,51,1,50,富邦-花蓮,2024-07-17,9621
1409,新纖,55,5,50,富邦-花蓮,2024-07-17,9621
00927,群益半導體收益,47,0,47,富邦-花蓮,2024-07-17,9621
3049,精金,50,6,44,富邦-花蓮,2024-07-17,9621
4906,正文,50,7,43,富邦-花蓮,2024-07-17,9621
1806,冠軍,41,0,41,富邦-花蓮,2024-07-17,9621
1582,信錦,64,25,39,富邦-花蓮,2024-07-17,9621
0056,元大高股息,45,6,39,富邦-花蓮,2024-07-17,9621
2317,鴻海,54,15,39,富邦-花蓮,2024-07-17,9621
2390,云辰,40,4,36,富邦-花蓮,2024-07-17,9621
00878,國泰永續高股息,33,2,31,富邦-花蓮,2024-07-17,9621
00949,復華日本龍頭,28,0,28,富邦-花蓮,2024-07-17,9621
3673,TPK-KY,40,12,28,富邦-花蓮,2024-07-17,9621
2888,新光金,67,41,26,富邦-花蓮,2024-07-17,9621
4716,大立,26,0,26,富邦-花蓮,2024-07-17,9621
2538,基泰,26,3,23,富邦-花蓮,2024-07-17,9621
2382,廣達,27,4,23,富邦-花蓮,2024-07-17,9621
3231,緯創,50,27,23,富邦-花蓮,2024-07-17,9621
00881,國泰台灣5G+,22,0,22,富邦-花蓮,2024-07-17,9621
2356,英業達,47,26,21,富邦-花蓮,2024-07-17,9621
6016,康和證,20,0,20,富邦-花蓮,2024-07-17,9621
2605,新興,20,1,19,富邦-花蓮,2024-07-17,9621
2884,玉山金,24,6,18,富邦-花蓮,2024-07-17,9621
2489,瑞軒,83,65,18,富邦-花蓮,2024-07-17,9621
00918,大華優利高填息30,17,0,17,富邦-花蓮,2024-07-17,9621
6770,力積電,56,39,17,富邦-花蓮,2024-07-17,9621
00935,野村臺灣新科技50,17,0,17,富邦-花蓮,2024-07-17,9621
4903,聯光通,19,2,17,富邦-花蓮,2024-07-17,9621
00688L,國泰20年美債正2,40,23,17,富邦-花蓮,2024-07-17,9621
2352,佳世達,18,1,17,富邦-花蓮,2024-07-17,9621
006208,富邦台50,16,0,16,富邦-花蓮,2024-07-17,9621
00943,兆豐電子高息等權,15,0,15,富邦-花蓮,2024-07-17,9621
3706,神達,34,19,15,富邦-花蓮,2024-07-17,9621
2376,技嘉,21,6,15,富邦-花蓮,2024-07-17,9621
00923,群益台ESG低碳50,14,0,14,富邦-花蓮,2024-07-17,9621
00882,中信中國高股息,14,0,14,富邦-花蓮,2024-07-17,9621
00948B,中信優息投資級債,15,1,14,富邦-花蓮,2024-07-17,9621
00937B,群益ESG投等債20,2158,2,2156,富邦-花蓮,2024-07-18,9621
00878,國泰永續高股息,158,7,151,富邦-花蓮,2024-07-18,9621
2489,瑞軒,156,32,124,富邦-花蓮,2024-07-18,9621
00946,群益科技高息成長,117,0,117,富邦-花蓮,2024-07-18,9621
00934,中信成長高股息,121,8,113,富邦-花蓮,2024-07-18,9621
00942B,台新美A公司債20+,101,0,101,富邦-花蓮,2024-07-18,9621
5521,工信,100,1,99,富邦-花蓮,2024-07-18,9621
3481,群創,405,308,97,富邦-花蓮,2024-07-18,9621
2356,英業達,96,6,90,富邦-花蓮,2024-07-18,9621
2888,新光金,116,37,79,富邦-花蓮,2024-07-18,9621
00933B,國泰10Y+金融債,61,2,59,富邦-花蓮,2024-07-18,9621
6770,力積電,61,8,53,富邦-花蓮,2024-07-18,9621
00673R,期元大S＆P原油反1,50,0,50,富邦-花蓮,2024-07-18,9621
00949,復華日本龍頭,48,0,48,富邦-花蓮,2024-07-18,9621
8105,凌巨,94,50,44,富邦-花蓮,2024-07-18,9621
2317,鴻海,135,92,43,富邦-花蓮,2024-07-18,9621
2382,廣達,123,81,42,富邦-花蓮,2024-07-18,9621
2362,藍天,154,112,42,富邦-花蓮,2024-07-18,9621
2365,昆盈,107,68,39,富邦-花蓮,2024-07-18,9621
2449,京元電子,44,10,34,富邦-花蓮,2024-07-18,9621
00679B,元大美債20年,74,41,33,富邦-花蓮,2024-07-18,9621
2886,兆豐金,40,9,31,富邦-花蓮,2024-07-18,9621
00927,群益半導體收益,31,1,30,富邦-花蓮,2024-07-18,9621
2610,華航,32,2,30,富邦-花蓮,2024-07-18,9621
1102,亞泥,29,0,29,富邦-花蓮,2024-07-18,9621
2330,台積電,56,27,29,富邦-花蓮,2024-07-18,9621
2501,國建,29,1,28,富邦-花蓮,2024-07-18,9621
2634,漢翔,50,22,28,富邦-花蓮,2024-07-18,9621
1718,中纖,30,3,27,富邦-花蓮,2024-07-18,9621
2313,華通,31,3,28,富邦-花蓮,2024-07-18,9621
00881,國泰台灣5G+,32,6,26,富邦-花蓮,2024-07-18,9621
9105,泰金寶-DR,46,20,26,富邦-花蓮,2024-07-18,9621
00665L,富邦�琤肭磪囓�2,25,0,25,富邦-花蓮,2024-07-18,9621
2883,凱基金,32,7,25,富邦-花蓮,2024-07-18,9621
3231,緯創,42,18,24,富邦-花蓮,2024-07-18,9621
1308,亞聚,28,4,24,富邦-花蓮,2024-07-18,9621
3673,TPK-KY,28,5,23,富邦-花蓮,2024-07-18,9621
00905,FT臺灣Smart,27,4,23,富邦-花蓮,2024-07-18,9621
1815,富喬,23,0,23,富邦-花蓮,2024-07-18,9621
1608,華榮,22,0,22,富邦-花蓮,2024-07-18,9621
3702,大聯大,22,0,22,富邦-花蓮,2024-07-18,9621
1809,中釉,21,0,21,富邦-花蓮,2024-07-18,9621
2481,強茂,19,0,19,富邦-花蓮,2024-07-18,9621
2392,正崴,30,11,19,富邦-花蓮,2024-07-18,9621
5392,能率,21,2,19,富邦-花蓮,2024-07-18,9621
3163,波若威,93,75,18,富邦-花蓮,2024-07-18,9621
1301,台塑,23,5,18,富邦-花蓮,2024-07-18,9621
2368,金像電,18,1,17,富邦-花蓮,2024-07-18,9621
0056,元大高股息,60,43,17,富邦-花蓮,2024-07-18,9621
2618,長榮航,21,5,16,富邦-花蓮,2024-07-18,9621
00929,復華台灣科技優息,364,117,247,富邦-花蓮,2024-07-19,9621
00937B,群益ESG投等債20,182,5,177,富邦-花蓮,2024-07-19,9621
2888,新光金,194,61,133,富邦-花蓮,2024-07-19,9621
1609,大亞,207,117,90,富邦-花蓮,2024-07-19,9621
6770,力積電,91,9,82,富邦-花蓮,2024-07-19,9621
0056,元大高股息,89,13,76,富邦-花蓮,2024-07-19,9621
2330,台積電,92,19,73,富邦-花蓮,2024-07-19,9621
2408,南亞科,71,0,71,富邦-花蓮,2024-07-19,9621
00946,群益科技高息成長,68,1,67,富邦-花蓮,2024-07-19,9621
2344,華邦電,56,0,56,富邦-花蓮,2024-07-19,9621
5452,佶優,56,1,55,富邦-花蓮,2024-07-19,9621
9945,潤泰新,67,14,53,富邦-花蓮,2024-07-19,9621
2323,中環,52,0,52,富邦-花蓮,2024-07-19,9621
00650L,復華香港正2,101,50,51,富邦-花蓮,2024-07-19,9621
2383,台光電,50,5,45,富邦-花蓮,2024-07-19,9621
5512,力麒,68,23,45,富邦-花蓮,2024-07-19,9621
8096,擎亞,55,10,45,富邦-花蓮,2024-07-19,9621
00919,群益台灣精選高息,174,129,45,富邦-花蓮,2024-07-19,9621
1102,亞泥,44,1,43,富邦-花蓮,2024-07-19,9621
00713,元大台灣高息低波,39,0,39,富邦-花蓮,2024-07-19,9621
1802,台玻,37,0,37,富邦-花蓮,2024-07-19,9621
2916,滿心,33,0,33,富邦-花蓮,2024-07-19,9621
00878,國泰永續高股息,105,73,32,富邦-花蓮,2024-07-19,9621
2324,仁寶,40,8,32,富邦-花蓮,2024-07-19,9621
2419,仲琦,42,11,31,富邦-花蓮,2024-07-19,9621
00918,大華優利高填息30,36,5,31,富邦-花蓮,2024-07-19,9621
00936,台新永續高息中小,30,0,30,富邦-花蓮,2024-07-19,9621
2882,國泰金,38,8,30,富邦-花蓮,2024-07-19,9621
2618,長榮航,48,19,29,富邦-花蓮,2024-07-19,9621
2356,英業達,37,9,28,富邦-花蓮,2024-07-19,9621
00927,群益半導體收益,27,0,27,富邦-花蓮,2024-07-19,9621
00882,中信中國高股息,26,0,26,富邦-花蓮,2024-07-19,9621
3062,建漢,25,0,25,富邦-花蓮,2024-07-19,9621
00940,元大台灣價值高息,177,152,25,富邦-花蓮,2024-07-19,9621
2312,金寶,38,13,25,富邦-花蓮,2024-07-19,9621
6449,鈺邦,24,0,24,富邦-花蓮,2024-07-19,9621
00881,國泰台灣5G+,29,7,22,富邦-花蓮,2024-07-19,9621
1809,中釉,22,0,22,富邦-花蓮,2024-07-19,9621
2617,台航,24,2,22,富邦-花蓮,2024-07-19,9621
1718,中纖,30,9,21,富邦-花蓮,2024-07-19,9621
2331,精英,41,20,21,富邦-花蓮,2024-07-19,9621
2887,台新金,21,0,21,富邦-花蓮,2024-07-19,9621
6270,倍微,21,0,21,富邦-花蓮,2024-07-19,9621
0050,元大台灣50,23,2,21,富邦-花蓮,2024-07-19,9621
00648R,元大S＆P500反1,20,0,20,富邦-花蓮,2024-07-19,9621
2103,台橡,20,0,20,富邦-花蓮,2024-07-19,9621
2347,聯強,20,0,20,富邦-花蓮,2024-07-19,9621
3372,典範,20,0,20,富邦-花蓮,2024-07-19,9621
2352,佳世達,20,0,20,富邦-花蓮,2024-07-19,9621
2489,瑞軒,31,12,19,富邦-花蓮,2024-07-19,9621
00929,復華台灣科技優息,560,85,475,富邦-花蓮,2024-07-22,9621
3481,群創,282,28,254,富邦-花蓮,2024-07-22,9621
00946,群益科技高息成長,164,10,154,富邦-花蓮,2024-07-22,9621
00878,國泰永續高股息,177,38,139,富邦-花蓮,2024-07-22,9621
00934,中信成長高股息,139,18,121,富邦-花蓮,2024-07-22,9621
0056,元大高股息,149,40,109,富邦-花蓮,2024-07-22,9621
00650L,復華香港正2,109,2,107,富邦-花蓮,2024-07-22,9621
00940,元大台灣價值高息,212,127,85,富邦-花蓮,2024-07-22,9621
00715L,期街口布蘭特正2,73,0,73,富邦-花蓮,2024-07-22,9621
00665L,富邦�琤肭磪囓�2,108,35,73,富邦-花蓮,2024-07-22,9621
2383,台光電,67,7,60,富邦-花蓮,2024-07-22,9621
00919,群益台灣精選高息,260,203,57,富邦-花蓮,2024-07-22,9621
0050,元大台灣50,56,2,54,富邦-花蓮,2024-07-22,9621
2603,長榮,58,9,49,富邦-花蓮,2024-07-22,9621
6282,康舒,47,2,45,富邦-花蓮,2024-07-22,9621
2618,長榮航,65,23,42,富邦-花蓮,2024-07-22,9621
2356,英業達,44,5,39,富邦-花蓮,2024-07-22,9621
2323,中環,38,0,38,富邦-花蓮,2024-07-22,9621
2916,滿心,41,3,38,富邦-花蓮,2024-07-22,9621
8105,凌巨,39,3,36,富邦-花蓮,2024-07-22,9621
1718,中纖,35,0,35,富邦-花蓮,2024-07-22,9621
00936,台新永續高息中小,35,1,34,富邦-花蓮,2024-07-22,9621
00676R,富邦臺灣加權反1,35,1,34,富邦-花蓮,2024-07-22,9621
2834,臺企銀,98,64,34,富邦-花蓮,2024-07-22,9621
6120,達運,33,0,33,富邦-花蓮,2024-07-22,9621
00885,富邦越南,31,0,31,富邦-花蓮,2024-07-22,9621
00935,野村臺灣新科技50,34,3,31,富邦-花蓮,2024-07-22,9621
6806,森崴能源,70,40,30,富邦-花蓮,2024-07-22,9621
2303,聯電,36,7,29,富邦-花蓮,2024-07-22,9621
2883,凱基金,79,52,27,富邦-花蓮,2024-07-22,9621
2489,瑞軒,34,11,23,富邦-花蓮,2024-07-22,9621
00939,統一台灣高息動能,23,0,23,富邦-花蓮,2024-07-22,9621
006208,富邦台50,26,4,22,富邦-花蓮,2024-07-22,9621
8046,南電,22,0,22,富邦-花蓮,2024-07-22,9621
1608,華榮,27,5,22,富邦-花蓮,2024-07-22,9621
1806,冠軍,22,0,22,富邦-花蓮,2024-07-22,9621
2374,佳能,21,0,21,富邦-花蓮,2024-07-22,9621
2002,中鋼,24,4,20,富邦-花蓮,2024-07-22,9621
00947,台新臺灣IC設計,20,0,20,富邦-花蓮,2024-07-22,9621
2482,連宇,21,1,20,富邦-花蓮,2024-07-22,9621
00937B,群益ESG投等債20,47,27,20,富邦-花蓮,2024-07-22,9621
2330,台積電,31,12,19,富邦-花蓮,2024-07-22,9621
00706L,期元大S＆P日圓正2,19,0,19,富邦-花蓮,2024-07-22,9621
2352,佳世達,21,3,18,富邦-花蓮,2024-07-22,9621
00881,國泰台灣5G+,29,11,18,富邦-花蓮,2024-07-22,9621
00922,國泰台灣領袖50,22,5,17,富邦-花蓮,2024-07-22,9621
3231,緯創,40,23,17,富邦-花蓮,2024-07-22,9621
00905,FT臺灣Smart,21,4,17,富邦-花蓮,2024-07-22,9621
1709,和益,20,3,17,富邦-花蓮,2024-07-22,9621
4109,加捷生醫,29,12,17,富邦-花蓮,2024-07-22,9621
3481,群創,717,220,497,富邦-花蓮,2024-07-23,9621
00937B,群益ESG投等債20,375,166,209,富邦-花蓮,2024-07-23,9621
00665L,富邦�琤肭磪囓�2,125,0,125,富邦-花蓮,2024-07-23,9621
00929,復華台灣科技優息,159,44,115,富邦-花蓮,2024-07-23,9621
00720B,元大投資級公司債,112,0,112,富邦-花蓮,2024-07-23,9621
00919,群益台灣精選高息,168,58,110,富邦-花蓮,2024-07-23,9621
00632R,元大台灣50反1,179,70,109,富邦-花蓮,2024-07-23,9621
1718,中纖,90,0,90,富邦-花蓮,2024-07-23,9621
00934,中信成長高股息,99,15,84,富邦-花蓮,2024-07-23,9621
2409,友達,75,8,67,富邦-花蓮,2024-07-23,9621
2812,台中銀,59,1,58,富邦-花蓮,2024-07-23,9621
2408,南亞科,57,1,56,富邦-花蓮,2024-07-23,9621
00715L,期街口布蘭特正2,52,1,51,富邦-花蓮,2024-07-23,9621
0056,元大高股息,66,18,48,富邦-花蓮,2024-07-23,9621
2489,瑞軒,66,20,46,富邦-花蓮,2024-07-23,9621
6770,力積電,44,2,42,富邦-花蓮,2024-07-23,9621
00664R,國泰臺灣加權反1,40,0,40,富邦-花蓮,2024-07-23,9621
3231,緯創,46,8,38,富邦-花蓮,2024-07-23,9621
00933B,國泰10Y+金融債,70,35,35,富邦-花蓮,2024-07-23,9621
00940,元大台灣價值高息,36,3,33,富邦-花蓮,2024-07-23,9621
00939,統一台灣高息動能,33,0,33,富邦-花蓮,2024-07-23,9621
0050,元大台灣50,36,4,32,富邦-花蓮,2024-07-23,9621
00927,群益半導體收益,31,0,31,富邦-花蓮,2024-07-23,9621
2537,聯上發,54,26,28,富邦-花蓮,2024-07-23,9621
2891,中信金,28,1,27,富邦-花蓮,2024-07-23,9621
00676R,富邦臺灣加權反1,25,0,25,富邦-花蓮,2024-07-23,9621
00905,FT臺灣Smart,34,9,25,富邦-花蓮,2024-07-23,9621
00679B,元大美債20年,23,0,23,富邦-花蓮,2024-07-23,9621
5309,系統電,26,4,22,富邦-花蓮,2024-07-23,9621
2897,王道銀行,21,0,21,富邦-花蓮,2024-07-23,9621
00687B,國泰20年美債,28,8,20,富邦-花蓮,2024-07-23,9621
5475,德宏,20,0,20,富邦-花蓮,2024-07-23,9621
912000,晨訊科-DR,20,0,20,富邦-花蓮,2024-07-23,9621
00946,群益科技高息成長,29,10,19,富邦-花蓮,2024-07-23,9621
00936,台新永續高息中小,19,0,19,富邦-花蓮,2024-07-23,9621
3686,達能,19,0,19,富邦-花蓮,2024-07-23,9621
00918,大華優利高填息30,18,0,18,富邦-花蓮,2024-07-23,9621
00740B,富邦全球投等債,32,15,17,富邦-花蓮,2024-07-23,9621
2889,國票金,20,3,17,富邦-花蓮,2024-07-23,9621
6116,彩晶,16,0,16,富邦-花蓮,2024-07-23,9621
2104,國際中橡,16,0,16,富邦-花蓮,2024-07-23,9621
3712,永崴投控,16,0,16,富邦-花蓮,2024-07-23,9621
5871,中租-KY,15,0,15,富邦-花蓮,2024-07-23,9621
2344,華邦電,20,5,15,富邦-花蓮,2024-07-23,9621
2888,新光金,55,40,15,富邦-花蓮,2024-07-23,9621
8076,伍豐,25,10,15,富邦-花蓮,2024-07-23,9621
9904,寶成,15,0,15,富邦-花蓮,2024-07-23,9621
8440,綠電,22,9,13,富邦-花蓮,2024-07-23,9621
2916,滿心,12,0,12,富邦-花蓮,2024-07-23,9621
3050,鈺德,12,0,12,富邦-花蓮,2024-07-23,9621
00937B,群益ESG投等債20,443,21,422,富邦-花蓮,2024-07-26,9621
00940,元大台灣價值高息,337,7,330,富邦-花蓮,2024-07-26,9621
00951,台新日本半導體,241,0,241,富邦-花蓮,2024-07-26,9621
2409,友達,202,28,174,富邦-花蓮,2024-07-26,9621
00878,國泰永續高股息,170,7,163,富邦-花蓮,2024-07-26,9621
00650L,復華香港正2,213,50,163,富邦-花蓮,2024-07-26,9621
00929,復華台灣科技優息,294,159,135,富邦-花蓮,2024-07-26,9621
00919,群益台灣精選高息,157,36,121,富邦-花蓮,2024-07-26,9621
00946,群益科技高息成長,107,3,104,富邦-花蓮,2024-07-26,9621
2916,滿心,99,0,99,富邦-花蓮,2024-07-26,9621
2888,新光金,166,84,82,富邦-花蓮,2024-07-26,9621
00664R,國泰臺灣加權反1,130,50,80,富邦-花蓮,2024-07-26,9621
0056,元大高股息,79,6,73,富邦-花蓮,2024-07-26,9621
2349,錸德,96,25,71,富邦-花蓮,2024-07-26,9621
1609,大亞,73,23,50,富邦-花蓮,2024-07-26,9621
3711,日月光投控,699,653,46,富邦-花蓮,2024-07-26,9621
2330,台積電,73,28,45,富邦-花蓮,2024-07-26,9621
2891,中信金,49,5,44,富邦-花蓮,2024-07-26,9621
00679B,元大美債20年,58,15,43,富邦-花蓮,2024-07-26,9621
2344,華邦電,43,0,43,富邦-花蓮,2024-07-26,9621
2884,玉山金,43,0,43,富邦-花蓮,2024-07-26,9621
00687B,國泰20年美債,48,5,43,富邦-花蓮,2024-07-26,9621
2812,台中銀,43,2,41,富邦-花蓮,2024-07-26,9621
2897,王道銀行,37,1,36,富邦-花蓮,2024-07-26,9621
3540,曜越,35,0,35,富邦-花蓮,2024-07-26,9621
00713,元大台灣高息低波,36,4,32,富邦-花蓮,2024-07-26,9621
4128,中天,32,0,32,富邦-花蓮,2024-07-26,9621
00877,復華中國5G,30,0,30,富邦-花蓮,2024-07-26,9621
00949,復華日本龍頭,34,5,29,富邦-花蓮,2024-07-26,9621
2609,陽明,30,2,28,富邦-花蓮,2024-07-26,9621
2317,鴻海,87,59,28,富邦-花蓮,2024-07-26,9621
00753L,中信中國50正2,28,0,28,富邦-花蓮,2024-07-26,9621
0050,元大台灣50,32,5,27,富邦-花蓮,2024-07-26,9621
00706L,期元大S＆P日圓正2,37,10,27,富邦-花蓮,2024-07-26,9621
00934,中信成長高股息,26,0,26,富邦-花蓮,2024-07-26,9621
8926,台汽電,27,2,25,富邦-花蓮,2024-07-26,9621
00715L,期街口布蘭特正2,25,0,25,富邦-花蓮,2024-07-26,9621
00939,統一台灣高息動能,24,0,24,富邦-花蓮,2024-07-26,9621
3545,敦泰,25,1,24,富邦-花蓮,2024-07-26,9621
1314,中石化,23,0,23,富邦-花蓮,2024-07-26,9621
2408,南亞科,23,0,23,富邦-花蓮,2024-07-26,9621
2352,佳世達,23,1,22,富邦-花蓮,2024-07-26,9621
2303,聯電,41,19,22,富邦-花蓮,2024-07-26,9621
00891,中信關鍵半導體,22,0,22,富邦-花蓮,2024-07-26,9621
00922,國泰台灣領袖50,21,0,21,富邦-花蓮,2024-07-26,9621
2464,盟立,23,2,21,富邦-花蓮,2024-07-26,9621
2537,聯上發,42,21,21,富邦-花蓮,2024-07-26,9621
1815,富喬,26,5,21,富邦-花蓮,2024-07-26,9621
00941,中信上游半導體,20,0,20,富邦-花蓮,2024-07-26,9621
1590,亞德客-KY,20,0,20,富邦-花蓮,2024-07-26,9621
00632R,元大台灣50反1,262,0,262,富邦-花蓮,2024-07-29,9621
00929,復華台灣科技優息,205,11,194,富邦-花蓮,2024-07-29,9621
0056,元大高股息,150,1,149,富邦-花蓮,2024-07-29,9621
00665L,富邦�琤肭磪囓�2,121,0,121,富邦-花蓮,2024-07-29,9621
00715L,期街口布蘭特正2,120,0,120,富邦-花蓮,2024-07-29,9621
3481,群創,186,91,95,富邦-花蓮,2024-07-29,9621
00878,國泰永續高股息,100,13,87,富邦-花蓮,2024-07-29,9621
00919,群益台灣精選高息,89,9,80,富邦-花蓮,2024-07-29,9621
00664R,國泰臺灣加權反1,80,0,80,富邦-花蓮,2024-07-29,9621
2916,滿心,69,0,69,富邦-花蓮,2024-07-29,9621
00679B,元大美債20年,79,13,66,富邦-花蓮,2024-07-29,9621
2409,友達,76,21,55,富邦-花蓮,2024-07-29,9621
00922,國泰台灣領袖50,54,0,54,富邦-花蓮,2024-07-29,9621
00940,元大台灣價值高息,70,17,53,富邦-花蓮,2024-07-29,9621
5328,華容,51,0,51,富邦-花蓮,2024-07-29,9621
00934,中信成長高股息,58,8,50,富邦-花蓮,2024-07-29,9621
2515,中工,58,10,48,富邦-花蓮,2024-07-29,9621
00937B,群益ESG投等債20,52,8,44,富邦-花蓮,2024-07-29,9621
00946,群益科技高息成長,46,2,44,富邦-花蓮,2024-07-29,9621
2882,國泰金,55,13,42,富邦-花蓮,2024-07-29,9621
00680L,元大美債20正2,46,5,41,富邦-花蓮,2024-07-29,9621
2884,玉山金,40,0,40,富邦-花蓮,2024-07-29,9621
2303,聯電,40,4,36,富邦-花蓮,2024-07-29,9621
1455,集盛,35,0,35,富邦-花蓮,2024-07-29,9621
2344,華邦電,34,0,34,富邦-花蓮,2024-07-29,9621
2317,鴻海,114,80,34,富邦-花蓮,2024-07-29,9621
3047,訊舟,34,1,33,富邦-花蓮,2024-07-29,9621
0050,元大台灣50,33,2,31,富邦-花蓮,2024-07-29,9621
6770,力積電,30,1,29,富邦-花蓮,2024-07-29,9621
4303,信立,33,5,28,富邦-花蓮,2024-07-29,9621
2356,英業達,45,21,24,富邦-花蓮,2024-07-29,9621
00918,大華優利高填息30,21,0,21,富邦-花蓮,2024-07-29,9621
2312,金寶,28,8,20,富邦-花蓮,2024-07-29,9621
3518,柏騰,31,11,20,富邦-花蓮,2024-07-29,9621
5515,建國,20,0,20,富邦-花蓮,2024-07-29,9621
6229,研通,20,0,20,富邦-花蓮,2024-07-29,9621
3037,欣興,22,2,20,富邦-花蓮,2024-07-29,9621
2888,新光金,43,24,19,富邦-花蓮,2024-07-29,9621
3321,同泰,18,0,18,富邦-花蓮,2024-07-29,9621
2891,中信金,37,20,17,富邦-花蓮,2024-07-29,9621
3607,谷崧,16,0,16,富邦-花蓮,2024-07-29,9621
2002,中鋼,20,5,15,富邦-花蓮,2024-07-29,9621
00764B,群益25年美債,15,0,15,富邦-花蓮,2024-07-29,9621
2406,國碩,19,4,15,富邦-花蓮,2024-07-29,9621
2382,廣達,19,4,15,富邦-花蓮,2024-07-29,9621
00905,FT臺灣Smart,15,1,14,富邦-花蓮,2024-07-29,9621
6177,達麗,21,7,14,富邦-花蓮,2024-07-29,9621
8054,安國,34,20,14,富邦-花蓮,2024-07-29,9621
1449,佳和,21,8,13,富邦-花蓮,2024-07-29,9621
4909,新復興,18,5,13,富邦-花蓮,2024-07-29,9621
00715L,期街口布蘭特正2,215,0,215,富邦-花蓮,2024-07-30,9621
00940,元大台灣價值高息,185,11,174,富邦-花蓮,2024-07-30,9621
00929,復華台灣科技優息,249,82,167,富邦-花蓮,2024-07-30,9621
00680L,元大美債20正2,125,6,119,富邦-花蓮,2024-07-30,9621
00878,國泰永續高股息,123,6,117,富邦-花蓮,2024-07-30,9621
2882,國泰金,114,7,107,富邦-花蓮,2024-07-30,9621
0056,元大高股息,98,8,90,富邦-花蓮,2024-07-30,9621
2344,華邦電,82,1,81,富邦-花蓮,2024-07-30,9621
2609,陽明,73,26,47,富邦-花蓮,2024-07-30,9621
00939,統一台灣高息動能,46,0,46,富邦-花蓮,2024-07-30,9621
00946,群益科技高息成長,44,0,44,富邦-花蓮,2024-07-30,9621
00665L,富邦�琤肭磪囓�2,40,0,40,富邦-花蓮,2024-07-30,9621
6120,達運,40,0,40,富邦-花蓮,2024-07-30,9621
2409,友達,60,21,39,富邦-花蓮,2024-07-30,9621
2891,中信金,38,0,38,富邦-花蓮,2024-07-30,9621
00919,群益台灣精選高息,52,14,38,富邦-花蓮,2024-07-30,9621
2884,玉山金,52,15,37,富邦-花蓮,2024-07-30,9621
1324,地球,30,0,30,富邦-花蓮,2024-07-30,9621
3047,訊舟,64,36,28,富邦-花蓮,2024-07-30,9621
2867,三商壽,26,1,25,富邦-花蓮,2024-07-30,9621
5512,力麒,30,5,25,富邦-花蓮,2024-07-30,9621
1529,樂事綠能,23,0,23,富邦-花蓮,2024-07-30,9621
00937B,群益ESG投等債20,38,16,22,富邦-花蓮,2024-07-30,9621
00936,台新永續高息中小,21,0,21,富邦-花蓮,2024-07-30,9621
00943,兆豐電子高息等權,20,0,20,富邦-花蓮,2024-07-30,9621
1455,集盛,20,0,20,富邦-花蓮,2024-07-30,9621
6806,森崴能源,27,8,19,富邦-花蓮,2024-07-30,9621
00915,凱基優選高股息30,18,0,18,富邦-花蓮,2024-07-30,9621
00900,富邦特選高股息30,22,5,17,富邦-花蓮,2024-07-30,9621
3189,景碩,20,4,16,富邦-花蓮,2024-07-30,9621
2317,鴻海,47,31,16,富邦-花蓮,2024-07-30,9621
00934,中信成長高股息,15,0,15,富邦-花蓮,2024-07-30,9621
2489,瑞軒,30,15,15,富邦-花蓮,2024-07-30,9621
2303,聯電,19,5,14,富邦-花蓮,2024-07-30,9621
00830,國泰費城半導體,12,0,12,富邦-花蓮,2024-07-30,9621
00908,富邦入息REITs+,12,0,12,富邦-花蓮,2024-07-30,9621
2515,中工,17,5,12,富邦-花蓮,2024-07-30,9621
2887,台新金,19,7,12,富邦-花蓮,2024-07-30,9621
2834,臺企銀,12,0,12,富邦-花蓮,2024-07-30,9621
2618,長榮航,21,10,11,富邦-花蓮,2024-07-30,9621
3019,亞光,12,1,11,富邦-花蓮,2024-07-30,9621
00713,元大台灣高息低波,11,1,10,富邦-花蓮,2024-07-30,9621
2382,廣達,288,278,10,富邦-花蓮,2024-07-30,9621
00927,群益半導體收益,10,0,10,富邦-花蓮,2024-07-30,9621
2881,富邦金,10,0,10,富邦-花蓮,2024-07-30,9621
00948B,中信優息投資級債,10,0,10,富邦-花蓮,2024-07-30,9621
1442,名軒,10,0,10,富邦-花蓮,2024-07-30,9621
2328,廣宇,10,0,10,富邦-花蓮,2024-07-30,9621
5381,合正,10,0,10,富邦-花蓮,2024-07-30,9621
3313,斐成,10,0,10,富邦-花蓮,2024-07-30,9621
3481,群創,557,186,371,富邦-花蓮,2024-07-31,9621
00650L,復華香港正2,100,0,100,富邦-花蓮,2024-07-31,9621
00665L,富邦�琤肭磪囓�2,100,0,100,富邦-花蓮,2024-07-31,9621
00664R,國泰臺灣加權反1,80,1,79,富邦-花蓮,2024-07-31,9621
00929,復華台灣科技優息,106,32,74,富邦-花蓮,2024-07-31,9621
2374,佳能,66,4,62,富邦-花蓮,2024-07-31,9621
00919,群益台灣精選高息,74,16,58,富邦-花蓮,2024-07-31,9621
3372,典範,55,0,55,富邦-花蓮,2024-07-31,9621
2369,菱生,52,0,52,富邦-花蓮,2024-07-31,9621
00946,群益科技高息成長,49,0,49,富邦-花蓮,2024-07-31,9621
00940,元大台灣價值高息,51,4,47,富邦-花蓮,2024-07-31,9621
2515,中工,61,15,46,富邦-花蓮,2024-07-31,9621
00680L,元大美債20正2,42,1,41,富邦-花蓮,2024-07-31,9621
2356,英業達,40,6,34,富邦-花蓮,2024-07-31,9621
00715L,期街口布蘭特正2,37,4,33,富邦-花蓮,2024-07-31,9621
3576,聯合再生,32,5,27,富邦-花蓮,2024-07-31,9621
1806,冠軍,26,3,23,富邦-花蓮,2024-07-31,9621
6788,華景電,23,0,23,富邦-花蓮,2024-07-31,9621
00891,中信關鍵半導體,21,0,21,富邦-花蓮,2024-07-31,9621
1216,統一,21,0,21,富邦-花蓮,2024-07-31,9621
2884,玉山金,21,1,20,富邦-花蓮,2024-07-31,9621
6127,九豪,21,1,20,富邦-花蓮,2024-07-31,9621
2020,美亞,20,0,20,富邦-花蓮,2024-07-31,9621
3019,亞光,22,2,20,富邦-花蓮,2024-07-31,9621
5328,華容,21,3,18,富邦-花蓮,2024-07-31,9621
00918,大華優利高填息30,17,0,17,富邦-花蓮,2024-07-31,9621
1536,和大,16,0,16,富邦-花蓮,2024-07-31,9621
8105,凌巨,16,0,16,富邦-花蓮,2024-07-31,9621
3105,穩懋,20,5,15,富邦-花蓮,2024-07-31,9621
00934,中信成長高股息,22,7,15,富邦-花蓮,2024-07-31,9621
00931B,統一美債20年,15,0,15,富邦-花蓮,2024-07-31,9621
2312,金寶,24,9,15,富邦-花蓮,2024-07-31,9621
1455,集盛,14,0,14,富邦-花蓮,2024-07-31,9621
2489,瑞軒,28,14,14,富邦-花蓮,2024-07-31,9621
3290,東浦,14,0,14,富邦-花蓮,2024-07-31,9621
4714,永捷,20,6,14,富邦-花蓮,2024-07-31,9621
6901,鑽石投資,14,0,14,富邦-花蓮,2024-07-31,9621
2486,一詮,30,17,13,富邦-花蓮,2024-07-31,9621
6163,華電網,13,0,13,富邦-花蓮,2024-07-31,9621
2365,昆盈,59,47,12,富邦-花蓮,2024-07-31,9621
3189,景碩,15,3,12,富邦-花蓮,2024-07-31,9621
3081,聯亞,14,2,12,富邦-花蓮,2024-07-31,9621
5443,均豪,143,132,11,富邦-花蓮,2024-07-31,9621
00632R,元大台灣50反1,11,0,11,富邦-花蓮,2024-07-31,9621
4510,高鋒,11,0,11,富邦-花蓮,2024-07-31,9621
00878,國泰永續高股息,40,29,11,富邦-花蓮,2024-07-31,9621
2363,矽統,16,6,10,富邦-花蓮,2024-07-31,9621
2301,光寶科,11,1,10,富邦-花蓮,2024-07-31,9621
2009,第一銅,10,0,10,富邦-花蓮,2024-07-31,9621
2388,威盛,38,28,10,富邦-花蓮,2024-07-31,9621
9105,泰金寶-DR,181,25,156,富邦-花蓮,2024-08-01,9621
00673R,期元大S＆P原油反1,141,0,141,富邦-花蓮,2024-08-01,9621
00878,國泰永續高股息,163,51,112,富邦-花蓮,2024-08-01,9621
00679B,元大美債20年,87,14,73,富邦-花蓮,2024-08-01,9621
2356,英業達,66,2,64,富邦-花蓮,2024-08-01,9621
00937B,群益ESG投等債20,66,11,55,富邦-花蓮,2024-08-01,9621
4707,磐亞,52,0,52,富邦-花蓮,2024-08-01,9621
1440,南紡,49,0,49,富邦-花蓮,2024-08-01,9621
2887,台新金,46,0,46,富邦-花蓮,2024-08-01,9621
00632R,元大台灣50反1,41,0,41,富邦-花蓮,2024-08-01,9621
2884,玉山金,36,0,36,富邦-花蓮,2024-08-01,9621
2453,凌群,35,0,35,富邦-花蓮,2024-08-01,9621
0056,元大高股息,46,12,34,富邦-花蓮,2024-08-01,9621
00927,群益半導體收益,34,0,34,富邦-花蓮,2024-08-01,9621
5876,上海商銀,43,10,33,富邦-花蓮,2024-08-01,9621
00950B,凱基A級公司債,31,0,31,富邦-花蓮,2024-08-01,9621
00913,兆豐台灣晶圓製造,30,0,30,富邦-花蓮,2024-08-01,9621
2832,台產,29,0,29,富邦-花蓮,2024-08-01,9621
8033,雷虎,33,6,27,富邦-花蓮,2024-08-01,9621
00946,群益科技高息成長,37,10,27,富邦-花蓮,2024-08-01,9621
9945,潤泰新,49,23,26,富邦-花蓮,2024-08-01,9621
00919,群益台灣精選高息,38,12,26,富邦-花蓮,2024-08-01,9621
00881,國泰台灣5G+,27,3,24,富邦-花蓮,2024-08-01,9621
9902,台火,24,1,23,富邦-花蓮,2024-08-01,9621
3047,訊舟,43,23,20,富邦-花蓮,2024-08-01,9621
4128,中天,20,0,20,富邦-花蓮,2024-08-01,9621
2421,建準,21,2,19,富邦-花蓮,2024-08-01,9621
5511,德昌,19,0,19,富邦-花蓮,2024-08-01,9621
1611,中電,18,0,18,富邦-花蓮,2024-08-01,9621
3206,志豐,18,0,18,富邦-花蓮,2024-08-01,9621
2363,矽統,31,15,16,富邦-花蓮,2024-08-01,9621
00676R,富邦臺灣加權反1,16,0,16,富邦-花蓮,2024-08-01,9621
2337,旺宏,133,117,16,富邦-花蓮,2024-08-01,9621
5443,均豪,196,181,15,富邦-花蓮,2024-08-01,9621
00712,復華富時不動產,15,0,15,富邦-花蓮,2024-08-01,9621
0050,元大台灣50,26,12,14,富邦-花蓮,2024-08-01,9621
1805,寶徠,14,0,14,富邦-花蓮,2024-08-01,9621
2536,宏普,14,0,14,富邦-花蓮,2024-08-01,9621
3081,聯亞,17,3,14,富邦-花蓮,2024-08-01,9621
6807,峰源-KY,14,0,14,富邦-花蓮,2024-08-01,9621
3312,弘憶股,16,3,13,富邦-花蓮,2024-08-01,9621
6182,合晶,14,1,13,富邦-花蓮,2024-08-01,9621
4915,致伸,12,0,12,富邦-花蓮,2024-08-01,9621
00692,富邦公司治理,12,0,12,富邦-花蓮,2024-08-01,9621
2393,億光,13,1,12,富邦-花蓮,2024-08-01,9621
3535,晶彩科,30,19,11,富邦-花蓮,2024-08-01,9621
4720,德淵,11,0,11,富邦-花蓮,2024-08-01,9621
2301,光寶科,78,68,10,富邦-花蓮,2024-08-01,9621
4306,炎洲,10,0,10,富邦-花蓮,2024-08-01,9621
2408,南亞科,20,10,10,富邦-花蓮,2024-08-01,9621
00940,元大台灣價值高息,443,24,419,富邦-花蓮,2024-08-02,9621
00680L,元大美債20正2,571,155,416,富邦-花蓮,2024-08-02,9621
00878,國泰永續高股息,397,13,384,富邦-花蓮,2024-08-02,9621
00948B,中信優息投資級債,365,2,363,富邦-花蓮,2024-08-02,9621
00919,群益台灣精選高息,255,37,218,富邦-花蓮,2024-08-02,9621
00929,復華台灣科技優息,292,86,206,富邦-花蓮,2024-08-02,9621
2317,鴻海,179,29,150,富邦-花蓮,2024-08-02,9621
2888,新光金,181,43,138,富邦-花蓮,2024-08-02,9621
00650L,復華香港正2,132,0,132,富邦-花蓮,2024-08-02,9621
00712,復華富時不動產,142,13,129,富邦-花蓮,2024-08-02,9621
9945,潤泰新,130,1,129,富邦-花蓮,2024-08-02,9621
00950B,凱基A級公司債,120,3,117,富邦-花蓮,2024-08-02,9621
5328,華容,103,5,98,富邦-花蓮,2024-08-02,9621
00891,中信關鍵半導體,91,0,91,富邦-花蓮,2024-08-02,9621
1316,上曜,116,29,87,富邦-花蓮,2024-08-02,9621
00951,台新日本半導體,80,0,80,富邦-花蓮,2024-08-02,9621
2834,臺企銀,122,52,70,富邦-花蓮,2024-08-02,9621
1440,南紡,70,0,70,富邦-花蓮,2024-08-02,9621
1455,集盛,69,0,69,富邦-花蓮,2024-08-02,9621
2882,國泰金,75,9,66,富邦-花蓮,2024-08-02,9621
3037,欣興,73,7,66,富邦-花蓮,2024-08-02,9621
00922,國泰台灣領袖50,65,0,65,富邦-花蓮,2024-08-02,9621
00946,群益科技高息成長,62,0,62,富邦-花蓮,2024-08-02,9621
0056,元大高股息,72,12,60,富邦-花蓮,2024-08-02,9621
00932,兆豐永續高息等權,59,0,59,富邦-花蓮,2024-08-02,9621
2891,中信金,57,3,54,富邦-花蓮,2024-08-02,9621
0050,元大台灣50,54,0,54,富邦-花蓮,2024-08-02,9621
2330,台積電,59,6,53,富邦-花蓮,2024-08-02,9621
00715L,期街口布蘭特正2,45,0,45,富邦-花蓮,2024-08-02,9621
00905,FT臺灣Smart,46,1,45,富邦-花蓮,2024-08-02,9621
00937B,群益ESG投等債20,84,43,41,富邦-花蓮,2024-08-02,9621
2301,光寶科,139,101,38,富邦-花蓮,2024-08-02,9621
2916,滿心,37,0,37,富邦-花蓮,2024-08-02,9621
2603,長榮,44,8,36,富邦-花蓮,2024-08-02,9621
2801,彰銀,32,0,32,富邦-花蓮,2024-08-02,9621
2382,廣達,35,4,31,富邦-花蓮,2024-08-02,9621
2890,永豐金,51,22,29,富邦-花蓮,2024-08-02,9621
00881,國泰台灣5G+,55,26,29,富邦-花蓮,2024-08-02,9621
00934,中信成長高股息,32,3,29,富邦-花蓮,2024-08-02,9621
1314,中石化,81,53,28,富邦-花蓮,2024-08-02,9621
2352,佳世達,26,0,26,富邦-花蓮,2024-08-02,9621
1513,中興電,32,6,26,富邦-花蓮,2024-08-02,9621
00885,富邦越南,24,0,24,富邦-花蓮,2024-08-02,9621
006208,富邦台50,24,0,24,富邦-花蓮,2024-08-02,9621
00935,野村臺灣新科技50,23,0,23,富邦-花蓮,2024-08-02,9621
2515,中工,27,4,23,富邦-花蓮,2024-08-02,9621
00830,國泰費城半導體,25,2,23,富邦-花蓮,2024-08-02,9621
2501,國建,24,1,23,富邦-花蓮,2024-08-02,9621
2349,錸德,57,35,22,富邦-花蓮,2024-08-02,9621
3056,富華新,25,3,22,富邦-花蓮,2024-08-02,9621
2883,凱基金,782,28,754,富邦-花蓮,2024-08-05,9621
00940,元大台灣價值高息,708,20,688,富邦-花蓮,2024-08-05,9621
00929,復華台灣科技優息,599,172,427,富邦-花蓮,2024-08-05,9621
00878,國泰永續高股息,436,103,333,富邦-花蓮,2024-08-05,9621
00680L,元大美債20正2,422,96,326,富邦-花蓮,2024-08-05,9621
2317,鴻海,326,137,189,富邦-花蓮,2024-08-05,9621
2882,國泰金,183,9,174,富邦-花蓮,2024-08-05,9621
0056,元大高股息,165,30,135,富邦-花蓮,2024-08-05,9621
2409,友達,244,110,134,富邦-花蓮,2024-08-05,9621
2330,台積電,159,38,121,富邦-花蓮,2024-08-05,9621
00946,群益科技高息成長,111,0,111,富邦-花蓮,2024-08-05,9621
00919,群益台灣精選高息,201,91,110,富邦-花蓮,2024-08-05,9621
2489,瑞軒,98,0,98,富邦-花蓮,2024-08-05,9621
00676R,富邦臺灣加權反1,103,8,95,富邦-花蓮,2024-08-05,9621
2916,滿心,93,0,93,富邦-花蓮,2024-08-05,9621
2845,遠東銀,96,9,87,富邦-花蓮,2024-08-05,9621
00715L,期街口布蘭特正2,77,0,77,富邦-花蓮,2024-08-05,9621
00932,兆豐永續高息等權,77,0,77,富邦-花蓮,2024-08-05,9621
006208,富邦台50,84,15,69,富邦-花蓮,2024-08-05,9621
00936,台新永續高息中小,62,0,62,富邦-花蓮,2024-08-05,9621
00935,野村臺灣新科技50,64,4,60,富邦-花蓮,2024-08-05,9621
2834,臺企銀,92,41,51,富邦-花蓮,2024-08-05,9621
2618,長榮航,84,33,51,富邦-花蓮,2024-08-05,9621
1102,亞泥,50,1,49,富邦-花蓮,2024-08-05,9621
6770,力積電,77,29,48,富邦-花蓮,2024-08-05,9621
2897,王道銀行,65,21,44,富邦-花蓮,2024-08-05,9621
2323,中環,62,20,42,富邦-花蓮,2024-08-05,9621
00688L,國泰20年美債正2,52,10,42,富邦-花蓮,2024-08-05,9621
00795B,中信美國公債20年,41,0,41,富邦-花蓮,2024-08-05,9621
0050,元大台灣50,48,9,39,富邦-花蓮,2024-08-05,9621
4510,高鋒,66,27,39,富邦-花蓮,2024-08-05,9621
00900,富邦特選高股息30,41,5,36,富邦-花蓮,2024-08-05,9621
2352,佳世達,36,1,35,富邦-花蓮,2024-08-05,9621
2888,新光金,114,80,34,富邦-花蓮,2024-08-05,9621
00725B,國泰投資級公司債,35,1,34,富邦-花蓮,2024-08-05,9621
00665L,富邦�琤肭磪囓�2,33,0,33,富邦-花蓮,2024-08-05,9621
6140,訊達,33,1,32,富邦-花蓮,2024-08-05,9621
2887,台新金,37,6,31,富邦-花蓮,2024-08-05,9621
00885,富邦越南,52,21,31,富邦-花蓮,2024-08-05,9621
00881,國泰台灣5G+,37,7,30,富邦-花蓮,2024-08-05,9621
2354,鴻準,35,8,27,富邦-花蓮,2024-08-05,9621
2349,錸德,44,18,26,富邦-花蓮,2024-08-05,9621
1710,東聯,26,0,26,富邦-花蓮,2024-08-05,9621
00905,FT臺灣Smart,31,6,25,富邦-花蓮,2024-08-05,9621
3545,敦泰,25,0,25,富邦-花蓮,2024-08-05,9621
2891,中信金,41,16,25,富邦-花蓮,2024-08-05,9621
00692,富邦公司治理,26,2,24,富邦-花蓮,2024-08-05,9621
2501,國建,23,0,23,富邦-花蓮,2024-08-05,9621
3535,晶彩科,23,0,23,富邦-花蓮,2024-08-05,9621
6005,群益證,27,4,23,富邦-花蓮,2024-08-05,9621
2887,台新金,434,4,430,富邦-花蓮,2024-08-06,9621
00676R,富邦臺灣加權反1,311,0,311,富邦-花蓮,2024-08-06,9621
00940,元大台灣價值高息,218,74,144,富邦-花蓮,2024-08-06,9621
1714,和桐,124,0,124,富邦-花蓮,2024-08-06,9621
00929,復華台灣科技優息,190,76,114,富邦-花蓮,2024-08-06,9621
8096,擎亞,73,11,62,富邦-花蓮,2024-08-06,9621
2883,凱基金,109,55,54,富邦-花蓮,2024-08-06,9621
2409,友達,91,38,53,富邦-花蓮,2024-08-06,9621
00671R,富邦NASDAQ反1,51,0,51,富邦-花蓮,2024-08-06,9621
3037,欣興,56,6,50,富邦-花蓮,2024-08-06,9621
00688L,國泰20年美債正2,52,2,50,富邦-花蓮,2024-08-06,9621
1609,大亞,82,33,49,富邦-花蓮,2024-08-06,9621
2515,中工,60,11,49,富邦-花蓮,2024-08-06,9621
2867,三商壽,51,9,42,富邦-花蓮,2024-08-06,9621
6016,康和證,41,0,41,富邦-花蓮,2024-08-06,9621
0056,元大高股息,64,28,36,富邦-花蓮,2024-08-06,9621
2834,臺企銀,44,8,36,富邦-花蓮,2024-08-06,9621
2882,國泰金,68,36,32,富邦-花蓮,2024-08-06,9621
00881,國泰台灣5G+,36,4,32,富邦-花蓮,2024-08-06,9621
00641R,富邦日本反1,61,30,31,富邦-花蓮,2024-08-06,9621
00706L,期元大S＆P日圓正2,31,0,31,富邦-花蓮,2024-08-06,9621
9945,潤泰新,91,61,30,富邦-花蓮,2024-08-06,9621
1710,東聯,30,0,30,富邦-花蓮,2024-08-06,9621
1711,永光,30,0,30,富邦-花蓮,2024-08-06,9621
3481,群創,142,113,29,富邦-花蓮,2024-08-06,9621
2537,聯上發,70,45,25,富邦-花蓮,2024-08-06,9621
6449,鈺邦,25,0,25,富邦-花蓮,2024-08-06,9621
2349,錸德,47,24,23,富邦-花蓮,2024-08-06,9621
00795B,中信美國公債20年,23,0,23,富邦-花蓮,2024-08-06,9621
8374,羅昇,53,30,23,富邦-花蓮,2024-08-06,9621
2892,第一金,23,0,23,富邦-花蓮,2024-08-06,9621
00878,國泰永續高股息,139,117,22,富邦-花蓮,2024-08-06,9621
00712,復華富時不動產,52,30,22,富邦-花蓮,2024-08-06,9621
00915,凱基優選高股息30,22,0,22,富邦-花蓮,2024-08-06,9621
3013,晟銘電,25,3,22,富邦-花蓮,2024-08-06,9621
3231,緯創,47,26,21,富邦-花蓮,2024-08-06,9621
1513,中興電,32,12,20,富邦-花蓮,2024-08-06,9621
2610,華航,28,8,20,富邦-花蓮,2024-08-06,9621
2323,中環,22,2,20,富邦-花蓮,2024-08-06,9621
3305,昇貿,21,1,20,富邦-花蓮,2024-08-06,9621
6005,群益證,29,9,20,富邦-花蓮,2024-08-06,9621
00936,台新永續高息中小,29,10,19,富邦-花蓮,2024-08-06,9621
2498,宏達電,21,3,18,富邦-花蓮,2024-08-06,9621
00885,富邦越南,18,1,17,富邦-花蓮,2024-08-06,9621
2337,旺宏,23,6,17,富邦-花蓮,2024-08-06,9621
00713,元大台灣高息低波,34,18,16,富邦-花蓮,2024-08-06,9621
2401,凌陽,16,0,16,富邦-花蓮,2024-08-06,9621
2317,鴻海,1099,1084,15,富邦-花蓮,2024-08-06,9621
5871,中租-KY,17,2,15,富邦-花蓮,2024-08-06,9621
00891,中信關鍵半導體,35,20,15,富邦-花蓮,2024-08-06,9621
2409,友達,390,26,364,富邦-花蓮,2024-08-07,9621
00715L,期街口布蘭特正2,137,0,137,富邦-花蓮,2024-08-07,9621
00929,復華台灣科技優息,177,66,111,富邦-花蓮,2024-08-07,9621
00664R,國泰臺灣加權反1,101,0,101,富邦-花蓮,2024-08-07,9621
00878,國泰永續高股息,137,38,99,富邦-花蓮,2024-08-07,9621
00940,元大台灣價值高息,110,28,82,富邦-花蓮,2024-08-07,9621
2374,佳能,83,11,72,富邦-花蓮,2024-08-07,9621
00919,群益台灣精選高息,89,28,61,富邦-花蓮,2024-08-07,9621
2834,臺企銀,87,26,61,富邦-花蓮,2024-08-07,9621
00751B,元大AAA至A公司債,50,0,50,富邦-花蓮,2024-08-07,9621
00934,中信成長高股息,48,2,46,富邦-花蓮,2024-08-07,9621
0056,元大高股息,48,5,43,富邦-花蓮,2024-08-07,9621
00937B,群益ESG投等債20,62,20,42,富邦-花蓮,2024-08-07,9621
2317,鴻海,338,297,41,富邦-花蓮,2024-08-07,9621
00933B,國泰10Y+金融債,37,0,37,富邦-花蓮,2024-08-07,9621
2883,凱基金,51,14,37,富邦-花蓮,2024-08-07,9621
2884,玉山金,35,1,34,富邦-花蓮,2024-08-07,9621
2312,金寶,55,23,32,富邦-花蓮,2024-08-07,9621
00687B,國泰20年美債,171,140,31,富邦-花蓮,2024-08-07,9621
00690,兆豐藍籌30,30,0,30,富邦-花蓮,2024-08-07,9621
00688L,國泰20年美債正2,30,0,30,富邦-花蓮,2024-08-07,9621
3037,欣興,56,27,29,富邦-花蓮,2024-08-07,9621
5213,亞昕,25,1,24,富邦-花蓮,2024-08-07,9621
00881,國泰台灣5G+,32,9,23,富邦-花蓮,2024-08-07,9621
00918,大華優利高填息30,22,1,21,富邦-花蓮,2024-08-07,9621
6147,頎邦,24,4,20,富邦-花蓮,2024-08-07,9621
2356,英業達,34,14,20,富邦-花蓮,2024-08-07,9621
2886,兆豐金,29,10,19,富邦-花蓮,2024-08-07,9621
00939,統一台灣高息動能,19,0,19,富邦-花蓮,2024-08-07,9621
4510,高鋒,34,15,19,富邦-花蓮,2024-08-07,9621
1540,喬福,48,30,18,富邦-花蓮,2024-08-07,9621
1301,台塑,20,2,18,富邦-花蓮,2024-08-07,9621
1907,永豐餘,17,0,17,富邦-花蓮,2024-08-07,9621
6806,森崴能源,20,3,17,富邦-花蓮,2024-08-07,9621
6213,聯茂,53,36,17,富邦-花蓮,2024-08-07,9621
00936,台新永續高息中小,17,0,17,富邦-花蓮,2024-08-07,9621
2887,台新金,16,0,16,富邦-花蓮,2024-08-07,9621
1597,直得,23,7,16,富邦-花蓮,2024-08-07,9621
00900,富邦特選高股息30,16,0,16,富邦-花蓮,2024-08-07,9621
2453,凌群,20,5,15,富邦-花蓮,2024-08-07,9621
2880,華南金,14,0,14,富邦-花蓮,2024-08-07,9621
00885,富邦越南,14,0,14,富邦-花蓮,2024-08-07,9621
5351,鈺創,14,0,14,富邦-花蓮,2024-08-07,9621
00850,元大臺灣ESG永續,13,0,13,富邦-花蓮,2024-08-07,9621
006208,富邦台50,18,5,13,富邦-花蓮,2024-08-07,9621
00676R,富邦臺灣加權反1,42,30,12,富邦-花蓮,2024-08-07,9621
1316,上曜,33,21,12,富邦-花蓮,2024-08-07,9621
3049,精金,12,0,12,富邦-花蓮,2024-08-07,9621
3450,聯鈞,29,18,11,富邦-花蓮,2024-08-07,9621
00713,元大台灣高息低波,15,5,10,富邦-花蓮,2024-08-07,9621
00937B,群益ESG投等債20,362,22,340,富邦-花蓮,2024-08-08,9621
9105,泰金寶-DR,221,6,215,富邦-花蓮,2024-08-08,9621
3481,群創,213,21,192,富邦-花蓮,2024-08-08,9621
2891,中信金,156,2,154,富邦-花蓮,2024-08-08,9621
00919,群益台灣精選高息,131,10,121,富邦-花蓮,2024-08-08,9621
00878,國泰永續高股息,119,5,114,富邦-花蓮,2024-08-08,9621
00929,復華台灣科技優息,139,29,110,富邦-花蓮,2024-08-08,9621
00932,兆豐永續高息等權,104,0,104,富邦-花蓮,2024-08-08,9621
00664R,國泰臺灣加權反1,70,0,70,富邦-花蓮,2024-08-08,9621
00933B,國泰10Y+金融債,69,1,68,富邦-花蓮,2024-08-08,9621
2834,臺企銀,76,10,66,富邦-花蓮,2024-08-08,9621
2317,鴻海,487,425,62,富邦-花蓮,2024-08-08,9621
6016,康和證,60,0,60,富邦-花蓮,2024-08-08,9621
2609,陽明,75,18,57,富邦-花蓮,2024-08-08,9621
00687B,國泰20年美債,56,6,50,富邦-花蓮,2024-08-08,9621
00951,台新日本半導體,50,0,50,富邦-花蓮,2024-08-08,9621
1718,中纖,50,0,50,富邦-花蓮,2024-08-08,9621
2886,兆豐金,44,1,43,富邦-花蓮,2024-08-08,9621
2344,華邦電,41,0,41,富邦-花蓮,2024-08-08,9621
2888,新光金,49,19,30,富邦-花蓮,2024-08-08,9621
1609,大亞,41,13,28,富邦-花蓮,2024-08-08,9621
3019,亞光,38,10,28,富邦-花蓮,2024-08-08,9621
00940,元大台灣價值高息,48,20,28,富邦-花蓮,2024-08-08,9621
2349,錸德,50,26,24,富邦-花蓮,2024-08-08,9621
00900,富邦特選高股息30,25,2,23,富邦-花蓮,2024-08-08,9621
2892,第一金,30,7,23,富邦-花蓮,2024-08-08,9621
1711,永光,22,0,22,富邦-花蓮,2024-08-08,9621
1611,中電,21,0,21,富邦-花蓮,2024-08-08,9621
2615,萬海,29,9,20,富邦-花蓮,2024-08-08,9621
1301,台塑,26,6,20,富邦-花蓮,2024-08-08,9621
2897,王道銀行,20,0,20,富邦-花蓮,2024-08-08,9621
6117,迎廣,21,1,20,富邦-花蓮,2024-08-08,9621
8043,蜜望實,59,39,20,富邦-花蓮,2024-08-08,9621
4510,高鋒,53,34,19,富邦-花蓮,2024-08-08,9621
2382,廣達,35,16,19,富邦-花蓮,2024-08-08,9621
00679B,元大美債20年,31,13,18,富邦-花蓮,2024-08-08,9621
2356,英業達,33,15,18,富邦-花蓮,2024-08-08,9621
00931B,統一美債20年,17,0,17,富邦-花蓮,2024-08-08,9621
3047,訊舟,49,32,17,富邦-花蓮,2024-08-08,9621
3711,日月光投控,20,3,17,富邦-花蓮,2024-08-08,9621
00946,群益科技高息成長,15,0,15,富邦-花蓮,2024-08-08,9621
00631L,元大台灣50正2,18,3,15,富邦-花蓮,2024-08-08,9621
2368,金像電,25,11,14,富邦-花蓮,2024-08-08,9621
1514,亞力,16,2,14,富邦-花蓮,2024-08-08,9621
00948B,中信優息投資級債,14,0,14,富邦-花蓮,2024-08-08,9621
2405,輔信,15,1,14,富邦-花蓮,2024-08-08,9621
6213,聯茂,24,10,14,富邦-花蓮,2024-08-08,9621
0056,元大高股息,14,1,13,富邦-花蓮,2024-08-08,9621
2408,南亞科,14,1,13,富邦-花蓮,2024-08-08,9621
2486,一詮,28,15,13,富邦-花蓮,2024-08-08,9621
00937B,群益ESG投等債20,406,13,393,富邦-花蓮,2024-08-09,9621
00679B,元大美債20年,249,9,240,富邦-花蓮,2024-08-09,9621
00772B,中信高評級公司債,206,2,204,富邦-花蓮,2024-08-09,9621
2367,燿華,107,8,99,富邦-花蓮,2024-08-09,9621
00751B,元大AAA至A公司債,93,2,91,富邦-花蓮,2024-08-09,9621
00878,國泰永續高股息,110,25,85,富邦-花蓮,2024-08-09,9621
00676R,富邦臺灣加權反1,135,50,85,富邦-花蓮,2024-08-09,9621
00664R,國泰臺灣加權反1,81,0,81,富邦-花蓮,2024-08-09,9621
2845,遠東銀,80,0,80,富邦-花蓮,2024-08-09,9621
00929,復華台灣科技優息,138,88,50,富邦-花蓮,2024-08-09,9621
2867,三商壽,50,0,50,富邦-花蓮,2024-08-09,9621
00687B,國泰20年美債,62,14,48,富邦-花蓮,2024-08-09,9621
1718,中纖,50,4,46,富邦-花蓮,2024-08-09,9621
1909,榮成,50,5,45,富邦-花蓮,2024-08-09,9621
2609,陽明,83,40,43,富邦-花蓮,2024-08-09,9621
5511,德昌,43,0,43,富邦-花蓮,2024-08-09,9621
8096,擎亞,72,31,41,富邦-花蓮,2024-08-09,9621
2356,英業達,63,22,41,富邦-花蓮,2024-08-09,9621
00948B,中信優息投資級債,40,0,40,富邦-花蓮,2024-08-09,9621
2880,華南金,35,0,35,富邦-花蓮,2024-08-09,9621
2489,瑞軒,84,49,35,富邦-花蓮,2024-08-09,9621
2349,錸德,54,20,34,富邦-花蓮,2024-08-09,9621
00931B,統一美債20年,33,0,33,富邦-花蓮,2024-08-09,9621
2449,京元電子,262,230,32,富邦-花蓮,2024-08-09,9621
00795B,中信美國公債20年,31,0,31,富邦-花蓮,2024-08-09,9621
3673,TPK-KY,28,0,28,富邦-花蓮,2024-08-09,9621
00688L,國泰20年美債正2,25,0,25,富邦-花蓮,2024-08-09,9621
2834,臺企銀,29,5,24,富邦-花蓮,2024-08-09,9621
00673R,期元大S＆P原油反1,21,0,21,富邦-花蓮,2024-08-09,9621
00665L,富邦�琤肭磪囓�2,20,0,20,富邦-花蓮,2024-08-09,9621
3059,華晶科,20,0,20,富邦-花蓮,2024-08-09,9621
3163,波若威,35,15,20,富邦-花蓮,2024-08-09,9621
5864,致和證,20,0,20,富邦-花蓮,2024-08-09,9621
6153,嘉聯益,20,0,20,富邦-花蓮,2024-08-09,9621
00951,台新日本半導體,19,0,19,富邦-花蓮,2024-08-09,9621
8076,伍豐,20,1,19,富邦-花蓮,2024-08-09,9621
2428,興勤,18,0,18,富邦-花蓮,2024-08-09,9621
5880,合庫金,31,14,17,富邦-花蓮,2024-08-09,9621
2486,一詮,26,9,17,富邦-花蓮,2024-08-09,9621
00933B,國泰10Y+金融債,16,0,16,富邦-花蓮,2024-08-09,9621
00934,中信成長高股息,19,3,16,富邦-花蓮,2024-08-09,9621
4720,德淵,15,0,15,富邦-花蓮,2024-08-09,9621
1714,和桐,14,0,14,富邦-花蓮,2024-08-09,9621
2363,矽統,18,4,14,富邦-花蓮,2024-08-09,9621
3450,聯鈞,64,51,13,富邦-花蓮,2024-08-09,9621
00909,國泰數位支付服務,13,0,13,富邦-花蓮,2024-08-09,9621
2401,凌陽,13,0,13,富邦-花蓮,2024-08-09,9621
3050,鈺德,13,0,13,富邦-花蓮,2024-08-09,9621
8105,凌巨,15,2,13,富邦-花蓮,2024-08-09,9621
3231,緯創,90,77,13,富邦-花蓮,2024-08-09,9621
9105,泰金寶-DR,546,0,546,富邦-花蓮,2024-08-12,9621
00632R,元大台灣50反1,471,42,429,富邦-花蓮,2024-08-12,9621
00937B,群益ESG投等債20,233,0,233,富邦-花蓮,2024-08-12,9621
2882,國泰金,153,2,151,富邦-花蓮,2024-08-12,9621
3481,群創,258,157,101,富邦-花蓮,2024-08-12,9621
00929,復華台灣科技優息,139,43,96,富邦-花蓮,2024-08-12,9621
00680L,元大美債20正2,70,4,66,富邦-花蓮,2024-08-12,9621
00679B,元大美債20年,79,18,61,富邦-花蓮,2024-08-12,9621
2880,華南金,66,11,55,富邦-花蓮,2024-08-12,9621
00900,富邦特選高股息30,54,0,54,富邦-花蓮,2024-08-12,9621
3703,欣陸,53,2,51,富邦-花蓮,2024-08-12,9621
00712,復華富時不動產,52,4,48,富邦-花蓮,2024-08-12,9621
2312,金寶,163,123,40,富邦-花蓮,2024-08-12,9621
00673R,期元大S＆P原油反1,40,0,40,富邦-花蓮,2024-08-12,9621
3663,鑫科,77,38,39,富邦-花蓮,2024-08-12,9621
1608,華榮,36,3,33,富邦-花蓮,2024-08-12,9621
4540,全球傳動,34,3,31,富邦-花蓮,2024-08-12,9621
1597,直得,34,8,26,富邦-花蓮,2024-08-12,9621
00676R,富邦臺灣加權反1,50,25,25,富邦-花蓮,2024-08-12,9621
6215,和椿,42,17,25,富邦-花蓮,2024-08-12,9621
1308,亞聚,24,0,24,富邦-花蓮,2024-08-12,9621
4107,邦特,21,0,21,富邦-花蓮,2024-08-12,9621
2349,錸德,29,8,21,富邦-花蓮,2024-08-12,9621
3032,偉訓,20,0,20,富邦-花蓮,2024-08-12,9621
3419,譁裕,20,0,20,富邦-花蓮,2024-08-12,9621
2353,宏��,22,2,20,富邦-花蓮,2024-08-12,9621
2543,皇昌,27,9,18,富邦-花蓮,2024-08-12,9621
1513,中興電,62,45,17,富邦-花蓮,2024-08-12,9621
00936,台新永續高息中小,20,4,16,富邦-花蓮,2024-08-12,9621
2881,富邦金,17,2,15,富邦-花蓮,2024-08-12,9621
2390,云辰,15,0,15,富邦-花蓮,2024-08-12,9621
2605,新興,15,0,15,富邦-花蓮,2024-08-12,9621
4562,穎漢,27,13,14,富邦-花蓮,2024-08-12,9621
00919,群益台灣精選高息,51,37,14,富邦-花蓮,2024-08-12,9621
4303,信立,28,14,14,富邦-花蓮,2024-08-12,9621
2359,所羅門,29,16,13,富邦-花蓮,2024-08-12,9621
2603,長榮,21,8,13,富邦-花蓮,2024-08-12,9621
00915,凱基優選高股息30,11,0,11,富邦-花蓮,2024-08-12,9621
00881,國泰台灣5G+,20,9,11,富邦-花蓮,2024-08-12,9621
3501,維熹,11,0,11,富邦-花蓮,2024-08-12,9621
2464,盟立,53,42,11,富邦-花蓮,2024-08-12,9621
2313,華通,12,2,10,富邦-花蓮,2024-08-12,9621
2371,大同,18,8,10,富邦-花蓮,2024-08-12,9621
1446,宏和,10,0,10,富邦-花蓮,2024-08-12,9621
1540,喬福,10,0,10,富邦-花蓮,2024-08-12,9621
2405,輔信,10,0,10,富邦-花蓮,2024-08-12,9621
2897,王道銀行,10,0,10,富邦-花蓮,2024-08-12,9621
6016,康和證,10,0,10,富邦-花蓮,2024-08-12,9621
00772B,中信高評級公司債,9,0,9,富邦-花蓮,2024-08-12,9621
2406,國碩,10,1,9,富邦-花蓮,2024-08-12,9621
00632R,元大台灣50反1,318,0,318,富邦-花蓮,2024-08-13,9621
00937B,群益ESG投等債20,252,4,248,富邦-花蓮,2024-08-13,9621
00679B,元大美債20年,156,13,143,富邦-花蓮,2024-08-13,9621
00878,國泰永續高股息,185,60,125,富邦-花蓮,2024-08-13,9621
2609,陽明,134,18,116,富邦-花蓮,2024-08-13,9621
2515,中工,114,1,113,富邦-花蓮,2024-08-13,9621
00900,富邦特選高股息30,105,0,105,富邦-花蓮,2024-08-13,9621
00673R,期元大S＆P原油反1,103,1,102,富邦-花蓮,2024-08-13,9621
00676R,富邦臺灣加權反1,75,5,70,富邦-花蓮,2024-08-13,9621
2880,華南金,68,0,68,富邦-花蓮,2024-08-13,9621
1316,上曜,99,33,66,富邦-花蓮,2024-08-13,9621
2897,王道銀行,60,0,60,富邦-花蓮,2024-08-13,9621
5351,鈺創,55,0,55,富邦-花蓮,2024-08-13,9621
00929,復華台灣科技優息,69,14,55,富邦-花蓮,2024-08-13,9621
1101,台泥,63,13,50,富邦-花蓮,2024-08-13,9621
2349,錸德,59,16,43,富邦-花蓮,2024-08-13,9621
5880,合庫金,52,11,41,富邦-花蓮,2024-08-13,9621
2886,兆豐金,39,0,39,富邦-花蓮,2024-08-13,9621
00881,國泰台灣5G+,40,6,34,富邦-花蓮,2024-08-13,9621
00795B,中信美國公債20年,33,0,33,富邦-花蓮,2024-08-13,9621
6152,百一,38,5,33,富邦-花蓮,2024-08-13,9621
00680L,元大美債20正2,31,0,31,富邦-花蓮,2024-08-13,9621
2891,中信金,42,13,29,富邦-花蓮,2024-08-13,9621
1513,中興電,57,28,29,富邦-花蓮,2024-08-13,9621
4540,全球傳動,43,16,27,富邦-花蓮,2024-08-13,9621
3060,銘異,26,0,26,富邦-花蓮,2024-08-13,9621
2867,三商壽,25,0,25,富邦-花蓮,2024-08-13,9621
2376,技嘉,29,6,23,富邦-花蓮,2024-08-13,9621
8103,瀚荃,23,0,23,富邦-花蓮,2024-08-13,9621
2834,臺企銀,26,3,23,富邦-花蓮,2024-08-13,9621
00918,大華優利高填息30,22,0,22,富邦-花蓮,2024-08-13,9621
2615,萬海,42,20,22,富邦-花蓮,2024-08-13,9621
5488,松普,50,30,20,富邦-花蓮,2024-08-13,9621
5521,工信,20,0,20,富邦-花蓮,2024-08-13,9621
2312,金寶,62,43,19,富邦-花蓮,2024-08-13,9621
2801,彰銀,18,0,18,富邦-花蓮,2024-08-13,9621
6269,台郡,18,1,17,富邦-花蓮,2024-08-13,9621
00712,復華富時不動產,16,0,16,富邦-花蓮,2024-08-13,9621
3491,昇達科,16,0,16,富邦-花蓮,2024-08-13,9621
00907,永豐優息存股,15,0,15,富邦-花蓮,2024-08-13,9621
2406,國碩,15,0,15,富邦-花蓮,2024-08-13,9621
3232,昱捷,14,0,14,富邦-花蓮,2024-08-13,9621
5014,建錩,14,0,14,富邦-花蓮,2024-08-13,9621
6505,台塑化,13,0,13,富邦-花蓮,2024-08-13,9621
3188,鑫龍騰,13,0,13,富邦-花蓮,2024-08-13,9621
1326,台化,12,0,12,富邦-花蓮,2024-08-13,9621
3576,聯合再生,12,0,12,富邦-花蓮,2024-08-13,9621
2885,元大金,12,0,12,富邦-花蓮,2024-08-13,9621
1303,南亞,11,0,11,富邦-花蓮,2024-08-13,9621
2208,台船,21,10,11,富邦-花蓮,2024-08-13,9621
00632R,元大台灣50反1,161,50,111,富邦-花蓮,2024-08-14,9621
6016,康和證,90,0,90,富邦-花蓮,2024-08-14,9621
00878,國泰永續高股息,139,50,89,富邦-花蓮,2024-08-14,9621
8096,擎亞,112,50,62,富邦-花蓮,2024-08-14,9621
00948B,中信優息投資級債,61,5,56,富邦-花蓮,2024-08-14,9621
00719B,元大美債1-3,53,0,53,富邦-花蓮,2024-08-14,9621
5488,松普,50,0,50,富邦-花蓮,2024-08-14,9621
00688L,國泰20年美債正2,42,0,42,富邦-花蓮,2024-08-14,9621
1101,台泥,39,0,39,富邦-花蓮,2024-08-14,9621
2882,國泰金,57,21,36,富邦-花蓮,2024-08-14,9621
00687B,國泰20年美債,35,2,33,富邦-花蓮,2024-08-14,9621
00881,國泰台灣5G+,44,12,32,富邦-花蓮,2024-08-14,9621
4303,信立,47,15,32,富邦-花蓮,2024-08-14,9621
00947,台新臺灣IC設計,31,1,30,富邦-花蓮,2024-08-14,9621
00664R,國泰臺灣加權反1,30,0,30,富邦-花蓮,2024-08-14,9621
00936,台新永續高息中小,30,1,29,富邦-花蓮,2024-08-14,9621
3062,建漢,36,7,29,富邦-花蓮,2024-08-14,9621
2506,太設,25,0,25,富邦-花蓮,2024-08-14,9621
3060,銘異,23,0,23,富邦-花蓮,2024-08-14,9621
00929,復華台灣科技優息,89,67,22,富邦-花蓮,2024-08-14,9621
2408,南亞科,26,4,22,富邦-花蓮,2024-08-14,9621
1582,信錦,34,13,21,富邦-花蓮,2024-08-14,9621
6187,萬潤,24,4,20,富邦-花蓮,2024-08-14,9621
00932,兆豐永續高息等權,20,0,20,富邦-花蓮,2024-08-14,9621
4714,永捷,21,1,20,富邦-花蓮,2024-08-14,9621
2489,瑞軒,22,3,19,富邦-花蓮,2024-08-14,9621
6830,汎銓,19,0,19,富邦-花蓮,2024-08-14,9621
2356,英業達,45,26,19,富邦-花蓮,2024-08-14,9621
4958,臻鼎-KY,25,7,18,富邦-花蓮,2024-08-14,9621
1455,集盛,18,0,18,富邦-花蓮,2024-08-14,9621
2405,輔信,19,1,18,富邦-花蓮,2024-08-14,9621
3049,精金,18,0,18,富邦-花蓮,2024-08-14,9621
1301,台塑,23,6,17,富邦-花蓮,2024-08-14,9621
6116,彩晶,21,5,16,富邦-花蓮,2024-08-14,9621
1785,光洋科,20,4,16,富邦-花蓮,2024-08-14,9621
2486,一詮,20,4,16,富邦-花蓮,2024-08-14,9621
2880,華南金,22,6,16,富邦-花蓮,2024-08-14,9621
3303,岱稜,25,10,15,富邦-花蓮,2024-08-14,9621
4562,穎漢,41,27,14,富邦-花蓮,2024-08-14,9621
00795B,中信美國公債20年,14,0,14,富邦-花蓮,2024-08-14,9621
3535,晶彩科,17,3,14,富邦-花蓮,2024-08-14,9621
3580,友威科,15,1,14,富邦-花蓮,2024-08-14,9621
2427,三商電,18,5,13,富邦-花蓮,2024-08-14,9621
4566,時碩工業,27,14,13,富邦-花蓮,2024-08-14,9621
2406,國碩,12,0,12,富邦-花蓮,2024-08-14,9621
6658,聯策,13,1,12,富邦-花蓮,2024-08-14,9621
3059,華晶科,11,0,11,富邦-花蓮,2024-08-14,9621
6806,森崴能源,12,1,11,富邦-花蓮,2024-08-14,9621
00850,元大臺灣ESG永續,10,0,10,富邦-花蓮,2024-08-14,9621
00680L,元大美債20正2,32,22,10,富邦-花蓮,2024-08-14,9621
00632R,元大台灣50反1,294,5,289,富邦-花蓮,2024-08-15,9621
00900,富邦特選高股息30,296,10,286,富邦-花蓮,2024-08-15,9621
00680L,元大美債20正2,330,50,280,富邦-花蓮,2024-08-15,9621
00664R,國泰臺灣加權反1,180,0,180,富邦-花蓮,2024-08-15,9621
00878,國泰永續高股息,174,18,156,富邦-花蓮,2024-08-15,9621
2897,王道銀行,150,0,150,富邦-花蓮,2024-08-15,9621
00688L,國泰20年美債正2,120,0,120,富邦-花蓮,2024-08-15,9621
2882,國泰金,103,3,100,富邦-花蓮,2024-08-15,9621
1516,川飛,89,0,89,富邦-花蓮,2024-08-15,9621
3630,新鉅科,61,0,61,富邦-花蓮,2024-08-15,9621
00687B,國泰20年美債,65,5,60,富邦-花蓮,2024-08-15,9621
00795B,中信美國公債20年,53,0,53,富邦-花蓮,2024-08-15,9621
3673,TPK-KY,49,4,45,富邦-花蓮,2024-08-15,9621
00881,國泰台灣5G+,50,11,39,富邦-花蓮,2024-08-15,9621
2881,富邦金,40,8,32,富邦-花蓮,2024-08-15,9621
2317,鴻海,81,53,28,富邦-花蓮,2024-08-15,9621
4561,健椿,61,34,27,富邦-花蓮,2024-08-15,9621
1609,大亞,29,3,26,富邦-花蓮,2024-08-15,9621
3607,谷崧,20,0,20,富邦-花蓮,2024-08-15,9621
2889,國票金,20,0,20,富邦-花蓮,2024-08-15,9621
0056,元大高股息,27,7,20,富邦-花蓮,2024-08-15,9621
00715L,期街口布蘭特正2,30,11,19,富邦-花蓮,2024-08-15,9621
2607,榮運,20,1,19,富邦-花蓮,2024-08-15,9621
2891,中信金,19,1,18,富邦-花蓮,2024-08-15,9621
2312,金寶,83,66,17,富邦-花蓮,2024-08-15,9621
3221,台嘉碩,16,0,16,富邦-花蓮,2024-08-15,9621
2504,國產,17,1,16,富邦-花蓮,2024-08-15,9621
2376,技嘉,28,12,16,富邦-花蓮,2024-08-15,9621
1101,台泥,30,15,15,富邦-花蓮,2024-08-15,9621
8374,羅昇,50,35,15,富邦-花蓮,2024-08-15,9621
2801,彰銀,16,3,13,富邦-花蓮,2024-08-15,9621
00919,群益台灣精選高息,25,12,13,富邦-花蓮,2024-08-15,9621
2101,南港,15,2,13,富邦-花蓮,2024-08-15,9621
4555,氣立,13,0,13,富邦-花蓮,2024-08-15,9621
3231,緯創,18,6,12,富邦-花蓮,2024-08-15,9621
2406,國碩,20,8,12,富邦-花蓮,2024-08-15,9621
8011,台通,12,0,12,富邦-花蓮,2024-08-15,9621
1714,和桐,12,0,12,富邦-花蓮,2024-08-15,9621
00932,兆豐永續高息等權,11,0,11,富邦-花蓮,2024-08-15,9621
5011,久陽,13,2,11,富邦-花蓮,2024-08-15,9621
2892,第一金,11,0,11,富邦-花蓮,2024-08-15,9621
3189,景碩,10,0,10,富邦-花蓮,2024-08-15,9621
2886,兆豐金,14,4,10,富邦-花蓮,2024-08-15,9621
2002,中鋼,11,1,10,富邦-花蓮,2024-08-15,9621
1455,集盛,10,0,10,富邦-花蓮,2024-08-15,9621
2915,潤泰全,12,2,10,富邦-花蓮,2024-08-15,9621
5243,乙盛-KY,10,0,10,富邦-花蓮,2024-08-15,9621
5484,慧友,12,2,10,富邦-花蓮,2024-08-15,9621
5488,松普,10,0,10,富邦-花蓮,2024-08-15,9621
8050,廣積,10,0,10,富邦-花蓮,2024-08-15,9621
00687B,國泰20年美債,293,2,291,富邦-花蓮,2024-08-16,9621
00632R,元大台灣50反1,207,127,80,富邦-花蓮,2024-08-16,9621
00919,群益台灣精選高息,87,16,71,富邦-花蓮,2024-08-16,9621
00706L,期元大S＆P日圓正2,71,0,71,富邦-花蓮,2024-08-16,9621
2609,陽明,108,39,69,富邦-花蓮,2024-08-16,9621
00664R,國泰臺灣加權反1,50,0,50,富邦-花蓮,2024-08-16,9621
00929,復華台灣科技優息,73,32,41,富邦-花蓮,2024-08-16,9621
00878,國泰永續高股息,45,5,40,富邦-花蓮,2024-08-16,9621
2349,錸德,59,21,38,富邦-花蓮,2024-08-16,9621
6875,國邑*,35,0,35,富邦-花蓮,2024-08-16,9621
2489,瑞軒,52,20,32,富邦-花蓮,2024-08-16,9621
00900,富邦特選高股息30,33,3,30,富邦-花蓮,2024-08-16,9621
00636,國泰中國A50,30,0,30,富邦-花蓮,2024-08-16,9621
8105,凌巨,30,0,30,富邦-花蓮,2024-08-16,9621
8096,擎亞,69,40,29,富邦-花蓮,2024-08-16,9621
1785,光洋科,42,13,29,富邦-花蓮,2024-08-16,9621
2615,萬海,40,16,24,富邦-花蓮,2024-08-16,9621
2880,華南金,30,7,23,富邦-花蓮,2024-08-16,9621
00945B,凱基美國非投等債,22,0,22,富邦-花蓮,2024-08-16,9621
8070,長華*,23,1,22,富邦-花蓮,2024-08-16,9621
9958,世紀鋼,22,2,20,富邦-花蓮,2024-08-16,9621
00882,中信中國高股息,33,13,20,富邦-花蓮,2024-08-16,9621
1434,福懋,20,0,20,富邦-花蓮,2024-08-16,9621
5371,中光電,26,6,20,富邦-花蓮,2024-08-16,9621
0056,元大高股息,50,31,19,富邦-花蓮,2024-08-16,9621
00637L,元大滬深300正2,20,1,19,富邦-花蓮,2024-08-16,9621
6770,力積電,17,0,17,富邦-花蓮,2024-08-16,9621
00631L,元大台灣50正2,17,0,17,富邦-花蓮,2024-08-16,9621
2542,興富發,22,7,15,富邦-花蓮,2024-08-16,9621
00688L,國泰20年美債正2,25,10,15,富邦-花蓮,2024-08-16,9621
5011,久陽,17,2,15,富邦-花蓮,2024-08-16,9621
00673R,期元大S＆P原油反1,15,1,14,富邦-花蓮,2024-08-16,9621
0061,元大寶滬深,14,0,14,富邦-花蓮,2024-08-16,9621
3272,東碩,15,1,14,富邦-花蓮,2024-08-16,9621
00949,復華日本龍頭,16,4,12,富邦-花蓮,2024-08-16,9621
1446,宏和,12,0,12,富邦-花蓮,2024-08-16,9621
6269,台郡,12,0,12,富邦-花蓮,2024-08-16,9621
2323,中環,16,4,12,富邦-花蓮,2024-08-16,9621
1101,台泥,23,12,11,富邦-花蓮,2024-08-16,9621
00764B,群益25年美債,11,0,11,富邦-花蓮,2024-08-16,9621
5243,乙盛-KY,11,0,11,富邦-花蓮,2024-08-16,9621
5484,慧友,13,2,11,富邦-花蓮,2024-08-16,9621
2002,中鋼,12,2,10,富邦-花蓮,2024-08-16,9621
2892,第一金,10,0,10,富邦-花蓮,2024-08-16,9621
2007,燁興,10,0,10,富邦-花蓮,2024-08-16,9621
4720,德淵,10,0,10,富邦-花蓮,2024-08-16,9621
5512,力麒,10,0,10,富邦-花蓮,2024-08-16,9621
6661,威健生技,10,0,10,富邦-花蓮,2024-08-16,9621
6446,藥華藥,10,1,9,富邦-花蓮,2024-08-16,9621
00918,大華優利高填息30,9,0,9,富邦-花蓮,2024-08-16,9621
00937B,群益ESG投等債20,1047,63,984,富邦-花蓮,2024-08-19,9621
00936,台新永續高息中小,188,1,187,富邦-花蓮,2024-08-19,9621
00687B,國泰20年美債,166,0,166,富邦-花蓮,2024-08-19,9621
00715L,期街口布蘭特正2,134,0,134,富邦-花蓮,2024-08-19,9621
00931B,統一美債20年,88,0,88,富邦-花蓮,2024-08-19,9621
2344,華邦電,137,54,83,富邦-花蓮,2024-08-19,9621
2888,新光金,158,85,73,富邦-花蓮,2024-08-19,9621
2880,華南金,61,0,61,富邦-花蓮,2024-08-19,9621
2882,國泰金,63,7,56,富邦-花蓮,2024-08-19,9621
2002,中鋼,57,2,55,富邦-花蓮,2024-08-19,9621
00679B,元大美債20年,50,6,44,富邦-花蓮,2024-08-19,9621
00688L,國泰20年美債正2,40,0,40,富邦-花蓮,2024-08-19,9621
2354,鴻準,63,29,34,富邦-花蓮,2024-08-19,9621
00632R,元大台灣50反1,32,1,31,富邦-花蓮,2024-08-19,9621
2516,新建,30,0,30,富邦-花蓮,2024-08-19,9621
1540,喬福,33,5,28,富邦-花蓮,2024-08-19,9621
00712,復華富時不動產,26,0,26,富邦-花蓮,2024-08-19,9621
00929,復華台灣科技優息,126,101,25,富邦-花蓮,2024-08-19,9621
00933B,國泰10Y+金融債,24,2,22,富邦-花蓮,2024-08-19,9621
0061,元大寶滬深,22,0,22,富邦-花蓮,2024-08-19,9621
3047,訊舟,106,85,21,富邦-花蓮,2024-08-19,9621
1314,中石化,20,0,20,富邦-花蓮,2024-08-19,9621
00671R,富邦NASDAQ反1,20,1,19,富邦-花蓮,2024-08-19,9621
6188,廣明,26,7,19,富邦-花蓮,2024-08-19,9621
1316,上曜,40,21,19,富邦-花蓮,2024-08-19,9621
1101,台泥,20,2,18,富邦-花蓮,2024-08-19,9621
00900,富邦特選高股息30,18,0,18,富邦-花蓮,2024-08-19,9621
2062,橋椿,32,15,17,富邦-花蓮,2024-08-19,9621
5243,乙盛-KY,18,1,17,富邦-花蓮,2024-08-19,9621
2845,遠東銀,16,0,16,富邦-花蓮,2024-08-19,9621
1785,光洋科,20,4,16,富邦-花蓮,2024-08-19,9621
3607,谷崧,15,0,15,富邦-花蓮,2024-08-19,9621
2317,鴻海,226,212,14,富邦-花蓮,2024-08-19,9621
1444,力麗,13,0,13,富邦-花蓮,2024-08-19,9621
2610,華航,15,2,13,富邦-花蓮,2024-08-19,9621
4534,慶騰,13,0,13,富邦-花蓮,2024-08-19,9621
8028,昇陽半導體,21,9,12,富邦-花蓮,2024-08-19,9621
00907,永豐優息存股,12,0,12,富邦-花蓮,2024-08-19,9621
00948B,中信優息投資級債,15,3,12,富邦-花蓮,2024-08-19,9621
1618,合機,12,0,12,富邦-花蓮,2024-08-19,9621
5488,松普,12,0,12,富邦-花蓮,2024-08-19,9621
00949,復華日本龍頭,11,0,11,富邦-花蓮,2024-08-19,9621
2881,富邦金,12,2,10,富邦-花蓮,2024-08-19,9621
4566,時碩工業,17,7,10,富邦-花蓮,2024-08-19,9621
2363,矽統,26,16,10,富邦-花蓮,2024-08-19,9621
00641R,富邦日本反1,10,0,10,富邦-花蓮,2024-08-19,9621
00795B,中信美國公債20年,10,0,10,富邦-花蓮,2024-08-19,9621
00940,元大台灣價值高息,32,22,10,富邦-花蓮,2024-08-19,9621
1714,和桐,10,0,10,富邦-花蓮,2024-08-19,9621
3266,昇陽,10,0,10,富邦-花蓮,2024-08-19,9621
1714,和桐,366,0,366,富邦-花蓮,2024-08-20,9621
00937B,群益ESG投等債20,320,15,305,富邦-花蓮,2024-08-20,9621
00715L,期街口布蘭特正2,172,0,172,富邦-花蓮,2024-08-20,9621
00687B,國泰20年美債,144,1,143,富邦-花蓮,2024-08-20,9621
00923,群益台ESG低碳50,121,1,120,富邦-花蓮,2024-08-20,9621
00632R,元大台灣50反1,117,0,117,富邦-花蓮,2024-08-20,9621
2882,國泰金,116,2,114,富邦-花蓮,2024-08-20,9621
00919,群益台灣精選高息,89,12,77,富邦-花蓮,2024-08-20,9621
00940,元大台灣價值高息,122,48,74,富邦-花蓮,2024-08-20,9621
5351,鈺創,50,1,49,富邦-花蓮,2024-08-20,9621
00680L,元大美債20正2,71,30,41,富邦-花蓮,2024-08-20,9621
00679B,元大美債20年,40,1,39,富邦-花蓮,2024-08-20,9621
00642U,期元大S＆P石油,33,0,33,富邦-花蓮,2024-08-20,9621
2356,英業達,61,31,30,富邦-花蓮,2024-08-20,9621
00951,台新日本半導體,30,0,30,富邦-花蓮,2024-08-20,9621
00933B,國泰10Y+金融債,28,0,28,富邦-花蓮,2024-08-20,9621
2363,矽統,28,2,26,富邦-花蓮,2024-08-20,9621
2308,台達電,26,1,25,富邦-花蓮,2024-08-20,9621
0061,元大寶滬深,23,0,23,富邦-花蓮,2024-08-20,9621
9945,潤泰新,32,9,23,富邦-花蓮,2024-08-20,9621
1326,台化,22,0,22,富邦-花蓮,2024-08-20,9621
2359,所羅門,31,10,21,富邦-花蓮,2024-08-20,9621
2002,中鋼,21,0,21,富邦-花蓮,2024-08-20,9621
00753L,中信中國50正2,21,0,21,富邦-花蓮,2024-08-20,9621
3312,弘憶股,49,28,21,富邦-花蓮,2024-08-20,9621
5905,南仁湖,22,1,21,富邦-花蓮,2024-08-20,9621
2206,三陽工業,20,0,20,富邦-花蓮,2024-08-20,9621
2883,凱基金,21,1,20,富邦-花蓮,2024-08-20,9621
3016,嘉晶,20,0,20,富邦-花蓮,2024-08-20,9621
3028,增你強,20,0,20,富邦-花蓮,2024-08-20,9621
2867,三商壽,20,1,19,富邦-花蓮,2024-08-20,9621
2323,中環,30,12,18,富邦-花蓮,2024-08-20,9621
2545,皇翔,18,1,17,富邦-花蓮,2024-08-20,9621
3450,聯鈞,31,15,16,富邦-花蓮,2024-08-20,9621
1316,上曜,20,5,15,富邦-花蓮,2024-08-20,9621
00795B,中信美國公債20年,15,0,15,富邦-花蓮,2024-08-20,9621
00674R,期元大S＆P黃金反1,15,0,15,富邦-花蓮,2024-08-20,9621
5484,慧友,18,4,14,富邦-花蓮,2024-08-20,9621
5371,中光電,13,0,13,富邦-花蓮,2024-08-20,9621
3047,訊舟,33,20,13,富邦-花蓮,2024-08-20,9621
3050,鈺德,21,8,13,富邦-花蓮,2024-08-20,9621
6228,全譜,14,1,13,富邦-花蓮,2024-08-20,9621
0056,元大高股息,18,5,13,富邦-花蓮,2024-08-20,9621
00931B,統一美債20年,12,0,12,富邦-花蓮,2024-08-20,9621
3580,友威科,15,3,12,富邦-花蓮,2024-08-20,9621
00927,群益半導體收益,27,15,12,富邦-花蓮,2024-08-20,9621
1301,台塑,15,4,11,富邦-花蓮,2024-08-20,9621
1802,台玻,11,0,11,富邦-花蓮,2024-08-20,9621
3380,明泰,11,0,11,富邦-花蓮,2024-08-20,9621
5519,隆大,10,0,10,富邦-花蓮,2024-08-20,9621
9105,泰金寶-DR,505,152,353,富邦-花蓮,2024-08-21,9621
2891,中信金,292,12,280,富邦-花蓮,2024-08-21,9621
00632R,元大台灣50反1,202,55,147,富邦-花蓮,2024-08-21,9621
00919,群益台灣精選高息,137,35,102,富邦-花蓮,2024-08-21,9621
2890,永豐金,94,0,94,富邦-花蓮,2024-08-21,9621
00948B,中信優息投資級債,90,6,84,富邦-花蓮,2024-08-21,9621
4540,全球傳動,61,6,55,富邦-花蓮,2024-08-21,9621
00923,群益台ESG低碳50,53,0,53,富邦-花蓮,2024-08-21,9621
2409,友達,50,0,50,富邦-花蓮,2024-08-21,9621
2897,王道銀行,50,0,50,富邦-花蓮,2024-08-21,9621
00715L,期街口布蘭特正2,46,0,46,富邦-花蓮,2024-08-21,9621
00929,復華台灣科技優息,96,50,46,富邦-花蓮,2024-08-21,9621
8105,凌巨,45,0,45,富邦-花蓮,2024-08-21,9621
2317,鴻海,215,174,41,富邦-花蓮,2024-08-21,9621
2344,華邦電,37,5,32,富邦-花蓮,2024-08-21,9621
6213,聯茂,31,0,31,富邦-花蓮,2024-08-21,9621
2497,怡利電,30,1,29,富邦-花蓮,2024-08-21,9621
5905,南仁湖,63,35,28,富邦-花蓮,2024-08-21,9621
00687B,國泰20年美債,74,48,26,富邦-花蓮,2024-08-21,9621
5328,華容,26,0,26,富邦-花蓮,2024-08-21,9621
8054,安國,26,1,25,富邦-花蓮,2024-08-21,9621
2354,鴻準,49,26,23,富邦-花蓮,2024-08-21,9621
00878,國泰永續高股息,26,3,23,富邦-花蓮,2024-08-21,9621
00642U,期元大S＆P石油,22,0,22,富邦-花蓮,2024-08-21,9621
2313,華通,23,2,21,富邦-花蓮,2024-08-21,9621
00940,元大台灣價值高息,65,43,22,富邦-花蓮,2024-08-21,9621
6016,康和證,20,0,20,富邦-花蓮,2024-08-21,9621
00671R,富邦NASDAQ反1,20,1,19,富邦-花蓮,2024-08-21,9621
1584,精剛,23,5,18,富邦-花蓮,2024-08-21,9621
00712,復華富時不動產,16,0,16,富邦-花蓮,2024-08-21,9621
4127,天良,16,0,16,富邦-花蓮,2024-08-21,9621
2359,所羅門,19,4,15,富邦-花蓮,2024-08-21,9621
00900,富邦特選高股息30,15,0,15,富邦-花蓮,2024-08-21,9621
2886,兆豐金,18,5,13,富邦-花蓮,2024-08-21,9621
5347,世界,14,1,13,富邦-花蓮,2024-08-21,9621
00893,國泰智能電動車,13,0,13,富邦-花蓮,2024-08-21,9621
3167,大量,19,6,13,富邦-花蓮,2024-08-21,9621
8064,東捷,35,22,13,富邦-花蓮,2024-08-21,9621
0056,元大高股息,17,5,12,富邦-花蓮,2024-08-21,9621
2308,台達電,12,0,12,富邦-花蓮,2024-08-21,9621
2401,凌陽,13,1,12,富邦-花蓮,2024-08-21,9621
5452,佶優,12,0,12,富邦-花蓮,2024-08-21,9621
00946,群益科技高息成長,12,0,12,富邦-花蓮,2024-08-21,9621
6462,神盾,13,2,11,富邦-花蓮,2024-08-21,9621
2101,南港,11,0,11,富邦-花蓮,2024-08-21,9621
5534,長虹,22,11,11,富邦-花蓮,2024-08-21,9621
3047,訊舟,120,109,11,富邦-花蓮,2024-08-21,9621
2882,國泰金,11,1,10,富邦-花蓮,2024-08-21,9621
2486,一詮,21,11,10,富邦-花蓮,2024-08-21,9621
5202,力新,10,0,10,富邦-花蓮,2024-08-21,9621
00715L,期街口布蘭特正2,167,0,167,富邦-花蓮,2024-08-22,9621
00953B,群益優選非投等債,192,60,132,富邦-花蓮,2024-08-22,9621
2349,錸德,293,162,131,富邦-花蓮,2024-08-22,9621
2891,中信金,120,26,94,富邦-花蓮,2024-08-22,9621
2317,鴻海,99,15,84,富邦-花蓮,2024-08-22,9621
2609,陽明,81,11,70,富邦-花蓮,2024-08-22,9621
00940,元大台灣價值高息,72,3,69,富邦-花蓮,2024-08-22,9621
00687B,國泰20年美債,66,1,65,富邦-花蓮,2024-08-22,9621
00642U,期元大S＆P石油,63,0,63,富邦-花蓮,2024-08-22,9621
2890,永豐金,60,6,54,富邦-花蓮,2024-08-22,9621
00893,國泰智能電動車,41,0,41,富邦-花蓮,2024-08-22,9621
00929,復華台灣科技優息,39,2,37,富邦-花蓮,2024-08-22,9621
00680L,元大美債20正2,36,0,36,富邦-花蓮,2024-08-22,9621
00919,群益台灣精選高息,38,5,33,富邦-花蓮,2024-08-22,9621
3047,訊舟,78,50,28,富邦-花蓮,2024-08-22,9621
00934,中信成長高股息,25,0,25,富邦-花蓮,2024-08-22,9621
9955,佳龍,36,11,25,富邦-花蓮,2024-08-22,9621
2489,瑞軒,33,10,23,富邦-花蓮,2024-08-22,9621
6609,瀧澤科,33,12,21,富邦-花蓮,2024-08-22,9621
8096,擎亞,40,20,20,富邦-花蓮,2024-08-22,9621
00679B,元大美債20年,20,1,19,富邦-花蓮,2024-08-22,9621
2464,盟立,29,11,18,富邦-花蓮,2024-08-22,9621
3058,立德,18,0,18,富邦-花蓮,2024-08-22,9621
6016,康和證,18,0,18,富邦-花蓮,2024-08-22,9621
00923,群益台ESG低碳50,28,12,16,富邦-花蓮,2024-08-22,9621
2208,台船,21,5,16,富邦-花蓮,2024-08-22,9621
1584,精剛,22,7,15,富邦-花蓮,2024-08-22,9621
2382,廣達,16,3,13,富邦-花蓮,2024-08-22,9621
2881,富邦金,17,3,14,富邦-花蓮,2024-08-22,9621
00764B,群益25年美債,13,0,13,富邦-花蓮,2024-08-22,9621
00936,台新永續高息中小,16,3,13,富邦-花蓮,2024-08-22,9621
1514,亞力,121,108,13,富邦-花蓮,2024-08-22,9621
00878,國泰永續高股息,28,16,12,富邦-花蓮,2024-08-22,9621
2356,英業達,15,3,12,富邦-花蓮,2024-08-22,9621
2312,金寶,23,11,12,富邦-花蓮,2024-08-22,9621
3163,波若威,22,11,11,富邦-花蓮,2024-08-22,9621
00918,大華優利高填息30,14,3,11,富邦-花蓮,2024-08-22,9621
3217,優群,11,0,11,富邦-花蓮,2024-08-22,9621
4540,全球傳動,11,0,11,富邦-花蓮,2024-08-22,9621
3231,緯創,32,22,10,富邦-花蓮,2024-08-22,9621
8104,錸寶,19,9,10,富邦-花蓮,2024-08-22,9621
00641R,富邦日本反1,10,0,10,富邦-花蓮,2024-08-22,9621
00700,富邦�琤肭磪�,10,0,10,富邦-花蓮,2024-08-22,9621
2401,凌陽,10,0,10,富邦-花蓮,2024-08-22,9621
3050,鈺德,16,6,10,富邦-花蓮,2024-08-22,9621
5371,中光電,23,13,10,富邦-花蓮,2024-08-22,9621
5521,工信,10,0,10,富邦-花蓮,2024-08-22,9621
5525,順天,10,0,10,富邦-花蓮,2024-08-22,9621
6117,迎廣,11,1,10,富邦-花蓮,2024-08-22,9621
6177,達麗,18,8,10,富邦-花蓮,2024-08-22,9621
00772B,中信高評級公司債,202,0,202,富邦-花蓮,2024-08-23,9621
00680L,元大美債20正2,188,70,118,富邦-花蓮,2024-08-23,9621
8105,凌巨,62,0,62,富邦-花蓮,2024-08-23,9621
6875,國邑*,64,6,58,富邦-花蓮,2024-08-23,9621
2891,中信金,74,19,55,富邦-花蓮,2024-08-23,9621
1721,三晃,60,14,46,富邦-花蓮,2024-08-23,9621
00953B,群益優選非投等債,32,0,32,富邦-花蓮,2024-08-23,9621
00679B,元大美債20年,31,0,31,富邦-花蓮,2024-08-23,9621
2887,台新金,65,37,28,富邦-花蓮,2024-08-23,9621
2317,鴻海,57,29,28,富邦-花蓮,2024-08-23,9621
1711,永光,106,79,27,富邦-花蓮,2024-08-23,9621
00687B,國泰20年美債,26,3,23,富邦-花蓮,2024-08-23,9621
4906,正文,24,3,21,富邦-花蓮,2024-08-23,9621
6235,華孚,21,1,20,富邦-花蓮,2024-08-23,9621
8064,東捷,114,96,18,富邦-花蓮,2024-08-23,9621
4534,慶騰,16,0,16,富邦-花蓮,2024-08-23,9621
4540,全球傳動,22,6,16,富邦-花蓮,2024-08-23,9621
00940,元大台灣價值高息,40,26,14,富邦-花蓮,2024-08-23,9621
2363,矽統,18,4,14,富邦-花蓮,2024-08-23,9621
6877,鏵友益,28,15,13,富邦-花蓮,2024-08-23,9621
1326,台化,13,1,12,富邦-花蓮,2024-08-23,9621
2885,元大金,12,0,12,富邦-花蓮,2024-08-23,9621
1708,東鹼,48,36,12,富邦-花蓮,2024-08-23,9621
2486,一詮,18,6,12,富邦-花蓮,2024-08-23,9621
3522,御嵿,12,0,12,富邦-花蓮,2024-08-23,9621
5452,佶優,20,8,12,富邦-花蓮,2024-08-23,9621
6016,康和證,12,0,12,富邦-花蓮,2024-08-23,9621
2337,旺宏,12,1,11,富邦-花蓮,2024-08-23,9621
2344,華邦電,32,22,10,富邦-花蓮,2024-08-23,9621
2609,陽明,19,9,10,富邦-花蓮,2024-08-23,9621
1436,華友聯,15,5,10,富邦-花蓮,2024-08-23,9621
1455,集盛,10,0,10,富邦-花蓮,2024-08-23,9621
4707,磐亞,10,0,10,富邦-花蓮,2024-08-23,9621
4720,德淵,10,0,10,富邦-花蓮,2024-08-23,9621
5356,協益,10,0,10,富邦-花蓮,2024-08-23,9621
5425,台半,10,0,10,富邦-花蓮,2024-08-23,9621
6151,晉倫,10,0,10,富邦-花蓮,2024-08-23,9621
3231,緯創,23,13,10,富邦-花蓮,2024-08-23,9621
1536,和大,10,1,9,富邦-花蓮,2024-08-23,9621
1303,南亞,9,0,9,富邦-花蓮,2024-08-23,9621
1314,中石化,103,94,9,富邦-花蓮,2024-08-23,9621
00936,台新永續高息中小,8,0,8,富邦-花蓮,2024-08-23,9621
00881,國泰台灣5G+,8,0,8,富邦-花蓮,2024-08-23,9621
00764B,群益25年美債,8,0,8,富邦-花蓮,2024-08-23,9621
2834,臺企銀,11,3,8,富邦-花蓮,2024-08-23,9621
9955,佳龍,9,1,8,富邦-花蓮,2024-08-23,9621
00923,群益台ESG低碳50,8,0,8,富邦-花蓮,2024-08-23,9621
1409,新纖,8,1,7,富邦-花蓮,2024-08-23,9621
4987,科誠,7,0,7,富邦-花蓮,2024-08-23,9621
5309,系統電,17,10,7,富邦-花蓮,2024-08-23,9621
2888,新光金,1377,250,1127,富邦-花蓮,2024-08-26,9621
00953B,群益優選非投等債,134,10,124,富邦-花蓮,2024-08-26,9621
2317,鴻海,450,365,85,富邦-花蓮,2024-08-26,9621
00687B,國泰20年美債,84,7,77,富邦-花蓮,2024-08-26,9621
00637L,元大滬深300正2,66,0,66,富邦-花蓮,2024-08-26,9621
2891,中信金,91,40,51,富邦-花蓮,2024-08-26,9621
5488,松普,50,1,49,富邦-花蓮,2024-08-26,9621
1802,台玻,50,3,47,富邦-花蓮,2024-08-26,9621
2851,中再保,44,0,44,富邦-花蓮,2024-08-26,9621
2402,毅嘉,49,15,34,富邦-花蓮,2024-08-26,9621
00931B,統一美債20年,30,0,30,富邦-花蓮,2024-08-26,9621
1711,永光,32,5,27,富邦-花蓮,2024-08-26,9621
3019,亞光,34,11,23,富邦-花蓮,2024-08-26,9621
00948B,中信優息投資級債,23,0,23,富邦-花蓮,2024-08-26,9621
3050,鈺德,23,0,23,富邦-花蓮,2024-08-26,9621
2331,精英,33,11,22,富邦-花蓮,2024-08-26,9621
4979,華星光,26,4,22,富邦-花蓮,2024-08-26,9621
00688L,國泰20年美債正2,30,10,20,富邦-花蓮,2024-08-26,9621
00927,群益半導體收益,20,0,20,富邦-花蓮,2024-08-26,9621
8070,長華*,27,7,20,富邦-花蓮,2024-08-26,9621
00679B,元大美債20年,24,4,20,富邦-花蓮,2024-08-26,9621
1609,大亞,25,6,19,富邦-花蓮,2024-08-26,9621
3078,僑威,18,0,18,富邦-花蓮,2024-08-26,9621
00919,群益台灣精選高息,30,14,16,富邦-花蓮,2024-08-26,9621
00632R,元大台灣50反1,21,5,16,富邦-花蓮,2024-08-26,9621
2834,臺企銀,19,3,16,富邦-花蓮,2024-08-26,9621
3047,訊舟,20,5,15,富邦-花蓮,2024-08-26,9621
8064,東捷,75,60,15,富邦-花蓮,2024-08-26,9621
3402,漢科,15,0,15,富邦-花蓮,2024-08-26,9621
00929,復華台灣科技優息,47,33,14,富邦-花蓮,2024-08-26,9621
4526,東台,17,4,13,富邦-花蓮,2024-08-26,9621
2890,永豐金,12,0,12,富邦-花蓮,2024-08-26,9621
5351,鈺創,13,1,12,富邦-花蓮,2024-08-26,9621
8021,尖點,14,2,12,富邦-花蓮,2024-08-26,9621
2618,長榮航,19,8,11,富邦-花蓮,2024-08-26,9621
3363,上詮,14,3,11,富邦-花蓮,2024-08-26,9621
8028,昇陽半導體,44,33,11,富邦-花蓮,2024-08-26,9621
2363,矽統,27,16,11,富邦-花蓮,2024-08-26,9621
6125,廣運,16,6,10,富邦-花蓮,2024-08-26,9621
4540,全球傳動,10,0,10,富邦-花蓮,2024-08-26,9621
2365,昆盈,14,4,10,富邦-花蓮,2024-08-26,9621
00673R,期元大S＆P原油反1,10,0,10,富邦-花蓮,2024-08-26,9621
00655L,國泰中國A50正2,10,0,10,富邦-花蓮,2024-08-26,9621
00945B,凱基美國非投等債,12,2,10,富邦-花蓮,2024-08-26,9621
2349,錸德,92,82,10,富邦-花蓮,2024-08-26,9621
5202,力新,10,0,10,富邦-花蓮,2024-08-26,9621
8176,智捷,10,0,10,富邦-花蓮,2024-08-26,9621
2542,興富發,10,1,9,富邦-花蓮,2024-08-26,9621
2610,華航,10,1,9,富邦-花蓮,2024-08-26,9621
6133,金橋,13,4,9,富邦-花蓮,2024-08-26,9621
00937B,群益ESG投等債20,207,16,191,富邦-花蓮,2024-08-27,9621
00673R,期元大S＆P原油反1,183,0,183,富邦-花蓮,2024-08-27,9621
3481,群創,242,96,146,富邦-花蓮,2024-08-27,9621
2891,中信金,181,80,101,富邦-花蓮,2024-08-27,9621
00706L,期元大S＆P日圓正2,70,1,69,富邦-花蓮,2024-08-27,9621
2609,陽明,73,12,61,富邦-花蓮,2024-08-27,9621
00945B,凱基美國非投等債,55,0,55,富邦-花蓮,2024-08-27,9621
00929,復華台灣科技優息,61,8,53,富邦-花蓮,2024-08-27,9621
2845,遠東銀,53,2,51,富邦-花蓮,2024-08-27,9621
00919,群益台灣精選高息,44,0,44,富邦-花蓮,2024-08-27,9621
00878,國泰永續高股息,52,11,41,富邦-花蓮,2024-08-27,9621
00679B,元大美債20年,31,0,31,富邦-花蓮,2024-08-27,9621
2303,聯電,34,3,31,富邦-花蓮,2024-08-27,9621
3706,神達,30,0,30,富邦-花蓮,2024-08-27,9621
2356,英業達,33,3,30,富邦-花蓮,2024-08-27,9621
2317,鴻海,63,35,28,富邦-花蓮,2024-08-27,9621
2610,華航,36,11,25,富邦-花蓮,2024-08-27,9621
1711,永光,52,27,25,富邦-花蓮,2024-08-27,9621
6443,元晶,22,0,22,富邦-花蓮,2024-08-27,9621
8070,長華*,33,12,21,富邦-花蓮,2024-08-27,9621
3149,正達,33,13,20,富邦-花蓮,2024-08-27,9621
0056,元大高股息,20,0,20,富邦-花蓮,2024-08-27,9621
2344,華邦電,21,2,19,富邦-花蓮,2024-08-27,9621
1785,光洋科,22,3,19,富邦-花蓮,2024-08-27,9621
2882,國泰金,20,1,19,富邦-花蓮,2024-08-27,9621
1536,和大,20,3,17,富邦-花蓮,2024-08-27,9621
4720,德淵,17,0,17,富邦-花蓮,2024-08-27,9621
2399,映泰,62,46,16,富邦-花蓮,2024-08-27,9621
2515,中工,19,4,15,富邦-花蓮,2024-08-27,9621
4903,聯光通,16,1,15,富邦-花蓮,2024-08-27,9621
2615,萬海,66,52,14,富邦-花蓮,2024-08-27,9621
5871,中租-KY,14,0,14,富邦-花蓮,2024-08-27,9621
2489,瑞軒,18,5,13,富邦-花蓮,2024-08-27,9621
3260,威剛,14,1,13,富邦-花蓮,2024-08-27,9621
4510,高鋒,26,13,13,富邦-花蓮,2024-08-27,9621
6235,華孚,13,0,13,富邦-花蓮,2024-08-27,9621
3037,欣興,16,4,12,富邦-花蓮,2024-08-27,9621
2542,興富發,13,1,12,富邦-花蓮,2024-08-27,9621
2444,兆勁,12,0,12,富邦-花蓮,2024-08-27,9621
2208,台船,16,4,12,富邦-花蓮,2024-08-27,9621
2603,長榮,13,2,11,富邦-花蓮,2024-08-27,9621
1314,中石化,11,0,11,富邦-花蓮,2024-08-27,9621
2353,宏��,13,2,11,富邦-花蓮,2024-08-27,9621
3714,富采,11,0,11,富邦-花蓮,2024-08-27,9621
2401,凌陽,10,0,10,富邦-花蓮,2024-08-27,9621
00923,群益台ESG低碳50,10,0,10,富邦-花蓮,2024-08-27,9621
00688L,國泰20年美債正2,10,0,10,富邦-花蓮,2024-08-27,9621
00927,群益半導體收益,10,0,10,富邦-花蓮,2024-08-27,9621
1717,長興,10,0,10,富邦-花蓮,2024-08-27,9621
2812,台中銀,10,0,10,富邦-花蓮,2024-08-27,9621
00715L,期街口布蘭特正2,119,0,119,富邦-花蓮,2024-08-28,9621
2891,中信金,121,13,108,富邦-花蓮,2024-08-28,9621
2897,王道銀行,100,0,100,富邦-花蓮,2024-08-28,9621
2409,友達,96,15,81,富邦-花蓮,2024-08-28,9621
2392,正崴,65,12,53,富邦-花蓮,2024-08-28,9621
2354,鴻準,61,8,53,富邦-花蓮,2024-08-28,9621
00940,元大台灣價值高息,63,17,46,富邦-花蓮,2024-08-28,9621
9105,泰金寶-DR,43,2,41,富邦-花蓮,2024-08-28,9621
6770,力積電,38,0,38,富邦-花蓮,2024-08-28,9621
6505,台塑化,37,0,37,富邦-花蓮,2024-08-28,9621
00929,復華台灣科技優息,40,7,33,富邦-花蓮,2024-08-28,9621
8039,台虹,50,20,30,富邦-花蓮,2024-08-28,9621
3188,鑫龍騰,30,0,30,富邦-花蓮,2024-08-28,9621
1536,和大,31,2,29,富邦-花蓮,2024-08-28,9621
2062,橋椿,42,13,29,富邦-花蓮,2024-08-28,9621
8071,能率網通,30,1,29,富邦-花蓮,2024-08-28,9621
2845,遠東銀,29,1,28,富邦-花蓮,2024-08-28,9621
1316,上曜,34,6,28,富邦-花蓮,2024-08-28,9621
3630,新鉅科,26,0,26,富邦-花蓮,2024-08-28,9621
1785,光洋科,52,26,26,富邦-花蓮,2024-08-28,9621
00918,大華優利高填息30,25,0,25,富邦-花蓮,2024-08-28,9621
2489,瑞軒,72,51,21,富邦-花蓮,2024-08-28,9621
6451,訊芯-KY,26,5,21,富邦-花蓮,2024-08-28,9621
4534,慶騰,20,0,20,富邦-花蓮,2024-08-28,9621
1217,愛之味,17,0,17,富邦-花蓮,2024-08-28,9621
6706,惠特,18,1,17,富邦-花蓮,2024-08-28,9621
8064,東捷,61,44,17,富邦-花蓮,2024-08-28,9621
1540,喬福,39,22,17,富邦-花蓮,2024-08-28,9621
00900,富邦特選高股息30,18,1,17,富邦-花蓮,2024-08-28,9621
00959B,大華投等美債15Y+,16,0,16,富邦-花蓮,2024-08-28,9621
00687B,國泰20年美債,33,17,16,富邦-花蓮,2024-08-28,9621
5871,中租-KY,15,0,15,富邦-花蓮,2024-08-28,9621
1528,恩德,23,8,15,富邦-花蓮,2024-08-28,9621
2301,光寶科,19,4,15,富邦-花蓮,2024-08-28,9621
2393,億光,16,1,15,富邦-花蓮,2024-08-28,9621
2464,盟立,29,15,14,富邦-花蓮,2024-08-28,9621
3047,訊舟,17,4,13,富邦-花蓮,2024-08-28,9621
00713,元大台灣高息低波,12,0,12,富邦-花蓮,2024-08-28,9621
00753L,中信中國50正2,12,0,12,富邦-花蓮,2024-08-28,9621
2417,圓剛,12,0,12,富邦-花蓮,2024-08-28,9621
00673R,期元大S＆P原油反1,11,0,11,富邦-花蓮,2024-08-28,9621
2425,承啟,21,10,11,富邦-花蓮,2024-08-28,9621
8112,至上,11,0,11,富邦-花蓮,2024-08-28,9621
00919,群益台灣精選高息,19,8,11,富邦-花蓮,2024-08-28,9621
3380,明泰,10,0,10,富邦-花蓮,2024-08-28,9621
2367,燿華,31,21,10,富邦-花蓮,2024-08-28,9621
3522,御嵿,12,2,10,富邦-花蓮,2024-08-28,9621
4510,高鋒,12,2,10,富邦-花蓮,2024-08-28,9621
4906,正文,15,5,10,富邦-花蓮,2024-08-28,9621
9955,佳龍,12,2,10,富邦-花蓮,2024-08-28,9621
00937B,群益ESG投等債20,296,0,296,富邦-花蓮,2024-08-29,9621
00715L,期街口布蘭特正2,222,1,221,富邦-花蓮,2024-08-29,9621
00772B,中信高評級公司債,200,0,200,富邦-花蓮,2024-08-29,9621
6603,富強鑫,211,34,177,富邦-花蓮,2024-08-29,9621
3481,群創,166,55,111,富邦-花蓮,2024-08-29,9621
2891,中信金,114,30,84,富邦-花蓮,2024-08-29,9621
00955,中信日本商社,76,0,76,富邦-花蓮,2024-08-29,9621
5202,力新,71,1,70,富邦-花蓮,2024-08-29,9621
00929,復華台灣科技優息,76,10,66,富邦-花蓮,2024-08-29,9621
00959B,大華投等美債15Y+,40,0,40,富邦-花蓮,2024-08-29,9621
1314,中石化,41,2,39,富邦-花蓮,2024-08-29,9621
2303,聯電,40,1,39,富邦-花蓮,2024-08-29,9621
00919,群益台灣精選高息,48,11,37,富邦-花蓮,2024-08-29,9621
00882,中信中國高股息,33,0,33,富邦-花蓮,2024-08-29,9621
00679B,元大美債20年,42,10,32,富邦-花蓮,2024-08-29,9621
6505,台塑化,32,0,32,富邦-花蓮,2024-08-29,9621
00687B,國泰20年美債,32,0,32,富邦-花蓮,2024-08-29,9621
1568,倉佑,31,0,31,富邦-花蓮,2024-08-29,9621
00877,復華中國5G,30,0,30,富邦-花蓮,2024-08-29,9621
00680L,元大美債20正2,39,10,29,富邦-花蓮,2024-08-29,9621
00706L,期元大S＆P日圓正2,27,0,27,富邦-花蓮,2024-08-29,9621
0050,元大台灣50,24,1,23,富邦-花蓮,2024-08-29,9621
3673,TPK-KY,27,4,23,富邦-花蓮,2024-08-29,9621
4555,氣立,35,12,23,富邦-花蓮,2024-08-29,9621
00878,國泰永續高股息,36,13,23,富邦-花蓮,2024-08-29,9621
2890,永豐金,25,2,23,富邦-花蓮,2024-08-29,9621
2542,興富發,21,0,21,富邦-花蓮,2024-08-29,9621
2609,陽明,72,51,21,富邦-花蓮,2024-08-29,9621
1455,集盛,20,0,20,富邦-花蓮,2024-08-29,9621
2314,台揚,24,4,20,富邦-花蓮,2024-08-29,9621
2425,承啟,139,121,18,富邦-花蓮,2024-08-29,9621
3047,訊舟,30,12,18,富邦-花蓮,2024-08-29,9621
1721,三晃,67,50,17,富邦-花蓮,2024-08-29,9621
2382,廣達,25,8,17,富邦-花蓮,2024-08-29,9621
00923,群益台ESG低碳50,17,0,17,富邦-花蓮,2024-08-29,9621
2353,宏��,17,1,16,富邦-花蓮,2024-08-29,9621
1609,大亞,16,1,15,富邦-花蓮,2024-08-29,9621
2610,華航,14,0,14,富邦-花蓮,2024-08-29,9621
3711,日月光投控,15,1,14,富邦-花蓮,2024-08-29,9621
8027,鈦昇,17,3,14,富邦-花蓮,2024-08-29,9621
1540,喬福,48,35,13,富邦-花蓮,2024-08-29,9621
00915,凱基優選高股息30,13,0,13,富邦-花蓮,2024-08-29,9621
3011,今皓,13,0,13,富邦-花蓮,2024-08-29,9621
2888,新光金,594,581,13,富邦-花蓮,2024-08-29,9621
1436,華友聯,12,0,12,富邦-花蓮,2024-08-29,9621
2359,所羅門,14,2,12,富邦-花蓮,2024-08-29,9621
2426,鼎元,32,20,12,富邦-花蓮,2024-08-29,9621
4533,協易機,12,0,12,富邦-花蓮,2024-08-29,9621
2330,台積電,47,35,12,富邦-花蓮,2024-08-29,9621
00753L,中信中國50正2,11,0,11,富邦-花蓮,2024-08-29,9621
2409,友達,203,16,187,富邦-花蓮,2024-08-30,9621
2882,國泰金,156,2,154,富邦-花蓮,2024-08-30,9621
1711,永光,218,76,142,富邦-花蓮,2024-08-30,9621
2425,承啟,118,16,102,富邦-花蓮,2024-08-30,9621
2883,凱基金,100,1,99,富邦-花蓮,2024-08-30,9621
3481,群創,117,24,93,富邦-花蓮,2024-08-30,9621
6213,聯茂,94,19,75,富邦-花蓮,2024-08-30,9621
2891,中信金,67,3,64,富邦-花蓮,2024-08-30,9621
00673R,期元大S＆P原油反1,60,0,60,富邦-花蓮,2024-08-30,9621
00929,復華台灣科技優息,61,3,58,富邦-花蓮,2024-08-30,9621
00676R,富邦臺灣加權反1,55,0,55,富邦-花蓮,2024-08-30,9621
2369,菱生,50,0,50,富邦-花蓮,2024-08-30,9621
1603,華電,45,0,45,富邦-花蓮,2024-08-30,9621
2356,英業達,39,2,37,富邦-花蓮,2024-08-30,9621
1316,上曜,45,10,35,富邦-花蓮,2024-08-30,9621
00937B,群益ESG投等債20,34,0,34,富邦-花蓮,2024-08-30,9621
8383,千附,30,0,30,富邦-花蓮,2024-08-30,9621
6104,創惟,30,1,29,富邦-花蓮,2024-08-30,9621
2312,金寶,51,24,27,富邦-花蓮,2024-08-30,9621
00959B,大華投等美債15Y+,24,0,24,富邦-花蓮,2024-08-30,9621
2834,臺企銀,24,0,24,富邦-花蓮,2024-08-30,9621
00882,中信中國高股息,35,13,22,富邦-花蓮,2024-08-30,9621
4979,華星光,24,2,22,富邦-花蓮,2024-08-30,9621
8064,東捷,36,15,21,富邦-花蓮,2024-08-30,9621
2368,金像電,21,0,21,富邦-花蓮,2024-08-30,9621
00687B,國泰20年美債,64,44,20,富邦-花蓮,2024-08-30,9621
1802,台玻,20,0,20,富邦-花蓮,2024-08-30,9621
3062,建漢,34,14,20,富邦-花蓮,2024-08-30,9621
8096,擎亞,23,3,20,富邦-花蓮,2024-08-30,9621
2886,兆豐金,19,0,19,富邦-花蓮,2024-08-30,9621
00637L,元大滬深300正2,20,2,18,富邦-花蓮,2024-08-30,9621
2543,皇昌,34,16,18,富邦-花蓮,2024-08-30,9621
5386,青雲,80,62,18,富邦-花蓮,2024-08-30,9621
2408,南亞科,19,2,17,富邦-花蓮,2024-08-30,9621
4566,時碩工業,21,6,15,富邦-花蓮,2024-08-30,9621
6743,安普新,16,1,15,富邦-花蓮,2024-08-30,9621
5328,華容,25,10,15,富邦-花蓮,2024-08-30,9621
2402,毅嘉,24,9,15,富邦-花蓮,2024-08-30,9621
00632R,元大台灣50反1,13,0,13,富邦-花蓮,2024-08-30,9621
3167,大量,16,3,13,富邦-花蓮,2024-08-30,9621
3673,TPK-KY,16,3,13,富邦-花蓮,2024-08-30,9621
6269,台郡,34,21,13,富邦-花蓮,2024-08-30,9621
2002,中鋼,15,2,13,富邦-花蓮,2024-08-30,9621
00931B,統一美債20年,12,0,12,富邦-花蓮,2024-08-30,9621
6120,達運,14,2,12,富邦-花蓮,2024-08-30,9621
3019,亞光,72,61,11,富邦-花蓮,2024-08-30,9621
00696B,富邦美債20年,11,0,11,富邦-花蓮,2024-08-30,9621
1101,台泥,11,0,11,富邦-花蓮,2024-08-30,9621
2405,輔信,11,0,11,富邦-花蓮,2024-08-30,9621
3710,連展投控,13,2,11,富邦-花蓮,2024-08-30,9621
00715L,期街口布蘭特正2,237,1,236,富邦-花蓮,2024-09-02,9621
2884,玉山金,221,27,194,富邦-花蓮,2024-09-02,9621
00680L,元大美債20正2,121,0,121,富邦-花蓮,2024-09-02,9621
1802,台玻,101,1,100,富邦-花蓮,2024-09-02,9621
00959B,大華投等美債15Y+,77,0,77,富邦-花蓮,2024-09-02,9621
2609,陽明,76,2,74,富邦-花蓮,2024-09-02,9621
00687B,國泰20年美債,73,0,73,富邦-花蓮,2024-09-02,9621
2891,中信金,94,28,66,富邦-花蓮,2024-09-02,9621
00919,群益台灣精選高息,73,12,61,富邦-花蓮,2024-09-02,9621
00882,中信中國高股息,56,0,56,富邦-花蓮,2024-09-02,9621
2867,三商壽,51,2,49,富邦-花蓮,2024-09-02,9621
8105,凌巨,50,1,49,富邦-花蓮,2024-09-02,9621
00664R,國泰臺灣加權反1,40,0,40,富邦-花蓮,2024-09-02,9621
1455,集盛,40,0,40,富邦-花蓮,2024-09-02,9621
00679B,元大美債20年,40,0,40,富邦-花蓮,2024-09-02,9621
00720B,元大投資級公司債,37,0,37,富邦-花蓮,2024-09-02,9621
2845,遠東銀,35,0,35,富邦-花蓮,2024-09-02,9621
00665L,富邦�琤肭磪囓�2,35,0,35,富邦-花蓮,2024-09-02,9621
8423,保綠-KY,35,0,35,富邦-花蓮,2024-09-02,9621
00937B,群益ESG投等債20,35,2,33,富邦-花蓮,2024-09-02,9621
8066,來思達,40,7,33,富邦-花蓮,2024-09-02,9621
00650L,復華香港正2,32,0,32,富邦-花蓮,2024-09-02,9621
00929,復華台灣科技優息,64,32,32,富邦-花蓮,2024-09-02,9621
2313,華通,71,39,32,富邦-花蓮,2024-09-02,9621
00772B,中信高評級公司債,31,0,31,富邦-花蓮,2024-09-02,9621
8039,台虹,30,1,29,富邦-花蓮,2024-09-02,9621
00915,凱基優選高股息30,33,5,28,富邦-花蓮,2024-09-02,9621
00940,元大台灣價值高息,63,36,27,富邦-花蓮,2024-09-02,9621
2851,中再保,25,0,25,富邦-花蓮,2024-09-02,9621
4526,東台,36,11,25,富邦-花蓮,2024-09-02,9621
00918,大華優利高填息30,29,4,25,富邦-花蓮,2024-09-02,9621
00946,群益科技高息成長,24,0,24,富邦-花蓮,2024-09-02,9621
2489,瑞軒,28,6,22,富邦-花蓮,2024-09-02,9621
3049,精金,22,0,22,富邦-花蓮,2024-09-02,9621
00948B,中信優息投資級債,22,1,21,富邦-花蓮,2024-09-02,9621
00706L,期元大S＆P日圓正2,20,0,20,富邦-花蓮,2024-09-02,9621
2542,興富發,25,6,19,富邦-花蓮,2024-09-02,9621
1303,南亞,21,3,18,富邦-花蓮,2024-09-02,9621
1326,台化,17,0,17,富邦-花蓮,2024-09-02,9621
8043,蜜望實,75,58,17,富邦-花蓮,2024-09-02,9621
2615,萬海,27,10,17,富邦-花蓮,2024-09-02,9621
2367,燿華,22,6,16,富邦-花蓮,2024-09-02,9621
5512,力麒,16,0,16,富邦-花蓮,2024-09-02,9621
6215,和椿,16,0,16,富邦-花蓮,2024-09-02,9621
2392,正崴,17,1,16,富邦-花蓮,2024-09-02,9621
3284,太普高,15,0,15,富邦-花蓮,2024-09-02,9621
2317,鴻海,89,74,15,富邦-花蓮,2024-09-02,9621
2344,華邦電,14,0,14,富邦-花蓮,2024-09-02,9621
00642U,期元大S＆P石油,13,0,13,富邦-花蓮,2024-09-02,9621
00933B,國泰10Y+金融債,13,0,13,富邦-花蓮,2024-09-02,9621
00919,群益台灣精選高息,449,28,421,富邦-花蓮,2024-09-03,9621
2449,京元電子,198,8,190,富邦-花蓮,2024-09-03,9621
00929,復華台灣科技優息,250,127,123,富邦-花蓮,2024-09-03,9621
00937B,群益ESG投等債20,119,9,110,富邦-花蓮,2024-09-03,9621
3548,兆利,164,56,108,富邦-花蓮,2024-09-03,9621
00943,兆豐電子高息等權,105,0,105,富邦-花蓮,2024-09-03,9621
00706L,期元大S＆P日圓正2,90,0,90,富邦-花蓮,2024-09-03,9621
00956,中信日經高股息,80,0,80,富邦-花蓮,2024-09-03,9621
6603,富強鑫,70,0,70,富邦-花蓮,2024-09-03,9621
1455,集盛,68,0,68,富邦-花蓮,2024-09-03,9621
2882,國泰金,65,0,65,富邦-花蓮,2024-09-03,9621
00940,元大台灣價值高息,80,24,56,富邦-花蓮,2024-09-03,9621
2323,中環,55,0,55,富邦-花蓮,2024-09-03,9621
2891,中信金,63,18,45,富邦-花蓮,2024-09-03,9621
00918,大華優利高填息30,48,10,38,富邦-花蓮,2024-09-03,9621
1101,台泥,40,3,37,富邦-花蓮,2024-09-03,9621
00946,群益科技高息成長,39,2,37,富邦-花蓮,2024-09-03,9621
3037,欣興,38,4,34,富邦-花蓮,2024-09-03,9621
2867,三商壽,33,0,33,富邦-花蓮,2024-09-03,9621
00687B,國泰20年美債,35,3,32,富邦-花蓮,2024-09-03,9621
00641R,富邦日本反1,30,0,30,富邦-花蓮,2024-09-03,9621
00915,凱基優選高股息30,35,5,30,富邦-花蓮,2024-09-03,9621
2020,美亞,30,0,30,富邦-花蓮,2024-09-03,9621
8070,長華*,60,32,28,富邦-花蓮,2024-09-03,9621
4979,華星光,27,0,27,富邦-花蓮,2024-09-03,9621
00795B,中信美國公債20年,25,0,25,富邦-花蓮,2024-09-03,9621
2367,燿華,32,7,25,富邦-花蓮,2024-09-03,9621
00680L,元大美債20正2,24,0,24,富邦-花蓮,2024-09-03,9621
1314,中石化,36,12,24,富邦-花蓮,2024-09-03,9621
1815,富喬,44,20,24,富邦-花蓮,2024-09-03,9621
00931B,統一美債20年,25,3,22,富邦-花蓮,2024-09-03,9621
8150,南茂,20,0,20,富邦-花蓮,2024-09-03,9621
2884,玉山金,22,3,19,富邦-花蓮,2024-09-03,9621
2312,金寶,31,12,19,富邦-花蓮,2024-09-03,9621
2002,中鋼,23,5,18,富邦-花蓮,2024-09-03,9621
00878,國泰永續高股息,68,51,17,富邦-花蓮,2024-09-03,9621
2408,南亞科,18,1,17,富邦-花蓮,2024-09-03,9621
1301,台塑,16,0,16,富邦-花蓮,2024-09-03,9621
00907,永豐優息存股,16,0,16,富邦-花蓮,2024-09-03,9621
1539,巨庭,18,2,16,富邦-花蓮,2024-09-03,9621
2515,中工,36,21,15,富邦-花蓮,2024-09-03,9621
2344,華邦電,15,0,15,富邦-花蓮,2024-09-03,9621
9945,潤泰新,15,0,15,富邦-花蓮,2024-09-03,9621
00637L,元大滬深300正2,15,0,15,富邦-花蓮,2024-09-03,9621
1717,長興,14,0,14,富邦-花蓮,2024-09-03,9621
2402,毅嘉,25,11,14,富邦-花蓮,2024-09-03,9621
6213,聯茂,95,81,14,富邦-花蓮,2024-09-03,9621
2486,一詮,42,29,13,富邦-花蓮,2024-09-03,9621
2885,元大金,13,0,13,富邦-花蓮,2024-09-03,9621
1516,川飛,13,0,13,富邦-花蓮,2024-09-03,9621
00919,群益台灣精選高息,346,29,317,富邦-花蓮,2024-09-04,9621
00940,元大台灣價值高息,327,50,277,富邦-花蓮,2024-09-04,9621
00929,復華台灣科技優息,311,89,222,富邦-花蓮,2024-09-04,9621
00878,國泰永續高股息,211,1,210,富邦-花蓮,2024-09-04,9621
00715L,期街口布蘭特正2,141,1,140,富邦-花蓮,2024-09-04,9621
00918,大華優利高填息30,135,2,133,富邦-花蓮,2024-09-04,9621
2891,中信金,135,23,112,富邦-花蓮,2024-09-04,9621
0056,元大高股息,122,20,102,富邦-花蓮,2024-09-04,9621
2344,華邦電,116,26,90,富邦-花蓮,2024-09-04,9621
1316,上曜,88,1,87,富邦-花蓮,2024-09-04,9621
00937B,群益ESG投等債20,73,0,73,富邦-花蓮,2024-09-04,9621
00946,群益科技高息成長,66,0,66,富邦-花蓮,2024-09-04,9621
2882,國泰金,67,7,60,富邦-花蓮,2024-09-04,9621
2002,中鋼,63,4,59,富邦-花蓮,2024-09-04,9621
2330,台積電,73,16,57,富邦-花蓮,2024-09-04,9621
00650L,復華香港正2,55,0,55,富邦-花蓮,2024-09-04,9621
00921,兆豐龍頭等權重,52,0,52,富邦-花蓮,2024-09-04,9621
2367,燿華,61,11,50,富邦-花蓮,2024-09-04,9621
00665L,富邦�琤肭磪囓�2,50,0,50,富邦-花蓮,2024-09-04,9621
00905,FT臺灣Smart,48,2,46,富邦-花蓮,2024-09-04,9621
00713,元大台灣高息低波,54,12,42,富邦-花蓮,2024-09-04,9621
00642U,期元大S＆P石油,42,0,42,富邦-花蓮,2024-09-04,9621
3481,群創,57,17,40,富邦-花蓮,2024-09-04,9621
2317,鴻海,119,79,40,富邦-花蓮,2024-09-04,9621
1314,中石化,44,4,40,富邦-花蓮,2024-09-04,9621
1455,集盛,40,0,40,富邦-花蓮,2024-09-04,9621
6282,康舒,40,0,40,富邦-花蓮,2024-09-04,9621
0050,元大台灣50,40,3,37,富邦-花蓮,2024-09-04,9621
1301,台塑,38,3,35,富邦-花蓮,2024-09-04,9621
3037,欣興,50,17,33,富邦-花蓮,2024-09-04,9621
00915,凱基優選高股息30,78,45,33,富邦-花蓮,2024-09-04,9621
2312,金寶,40,7,33,富邦-花蓮,2024-09-04,9621
00943,兆豐電子高息等權,32,0,32,富邦-花蓮,2024-09-04,9621
6770,力積電,47,18,29,富邦-花蓮,2024-09-04,9621
006208,富邦台50,28,0,28,富邦-花蓮,2024-09-04,9621
00725B,國泰投資級公司債,25,0,25,富邦-花蓮,2024-09-04,9621
2610,華航,35,11,24,富邦-花蓮,2024-09-04,9621
00881,國泰台灣5G+,36,14,22,富邦-花蓮,2024-09-04,9621
00930,永豐ESG低碳高息,44,22,22,富邦-花蓮,2024-09-04,9621
4510,高鋒,46,25,21,富邦-花蓮,2024-09-04,9621
6151,晉倫,27,6,21,富邦-花蓮,2024-09-04,9621
9945,潤泰新,34,13,21,富邦-花蓮,2024-09-04,9621
2356,英業達,51,31,20,富邦-花蓮,2024-09-04,9621
2313,華通,31,11,20,富邦-花蓮,2024-09-04,9621
00907,永豐優息存股,20,0,20,富邦-花蓮,2024-09-04,9621
00948B,中信優息投資級債,20,0,20,富邦-花蓮,2024-09-04,9621
1603,華電,20,0,20,富邦-花蓮,2024-09-04,9621
3035,智原,22,2,20,富邦-花蓮,2024-09-04,9621
00935,野村臺灣新科技50,21,1,20,富邦-花蓮,2024-09-04,9621
00934,中信成長高股息,22,3,19,富邦-花蓮,2024-09-04,9621
00715L,期街口布蘭特正2,201,25,176,富邦-花蓮,2024-09-05,9621
00919,群益台灣精選高息,170,16,154,富邦-花蓮,2024-09-05,9621
00878,國泰永續高股息,160,23,137,富邦-花蓮,2024-09-05,9621
00642U,期元大S＆P石油,122,0,122,富邦-花蓮,2024-09-05,9621
2344,華邦電,122,11,111,富邦-花蓮,2024-09-05,9621
00940,元大台灣價值高息,127,45,82,富邦-花蓮,2024-09-05,9621
00929,復華台灣科技優息,201,123,78,富邦-花蓮,2024-09-05,9621
00946,群益科技高息成長,71,0,71,富邦-花蓮,2024-09-05,9621
2317,鴻海,125,55,70,富邦-花蓮,2024-09-05,9621
00918,大華優利高填息30,60,3,57,富邦-花蓮,2024-09-05,9621
00664R,國泰臺灣加權反1,50,0,50,富邦-花蓮,2024-09-05,9621
00936,台新永續高息中小,43,1,42,富邦-花蓮,2024-09-05,9621
00671R,富邦NASDAQ反1,40,0,40,富邦-花蓮,2024-09-05,9621
6770,力積電,45,6,39,富邦-花蓮,2024-09-05,9621
2486,一詮,44,6,38,富邦-花蓮,2024-09-05,9621
5511,德昌,36,0,36,富邦-花蓮,2024-09-05,9621
8066,來思達,34,0,34,富邦-花蓮,2024-09-05,9621
00951,台新日本半導體,31,0,31,富邦-花蓮,2024-09-05,9621
8054,安國,31,1,30,富邦-花蓮,2024-09-05,9621
4303,信立,32,2,30,富邦-花蓮,2024-09-05,9621
00650L,復華香港正2,29,0,29,富邦-花蓮,2024-09-05,9621
6189,豐藝,25,0,25,富邦-花蓮,2024-09-05,9621
1717,長興,24,0,24,富邦-花蓮,2024-09-05,9621
2367,燿華,39,15,24,富邦-花蓮,2024-09-05,9621
00945B,凱基美國非投等債,23,0,23,富邦-花蓮,2024-09-05,9621
1802,台玻,20,0,20,富邦-花蓮,2024-09-05,9621
2867,三商壽,21,1,20,富邦-花蓮,2024-09-05,9621
00713,元大台灣高息低波,20,1,19,富邦-花蓮,2024-09-05,9621
00915,凱基優選高股息30,18,0,18,富邦-花蓮,2024-09-05,9621
3663,鑫科,26,8,18,富邦-花蓮,2024-09-05,9621
1711,永光,40,24,16,富邦-花蓮,2024-09-05,9621
2402,毅嘉,16,0,16,富邦-花蓮,2024-09-05,9621
8096,擎亞,21,5,16,富邦-花蓮,2024-09-05,9621
6877,鏵友益,20,4,16,富邦-花蓮,2024-09-05,9621
3062,建漢,16,1,15,富邦-花蓮,2024-09-05,9621
00881,國泰台灣5G+,14,0,14,富邦-花蓮,2024-09-05,9621
6488,環球晶,14,0,14,富邦-花蓮,2024-09-05,9621
1303,南亞,16,3,13,富邦-花蓮,2024-09-05,9621
8150,南茂,13,0,13,富邦-花蓮,2024-09-05,9621
0056,元大高股息,25,12,13,富邦-花蓮,2024-09-05,9621
1776,展宇,12,0,12,富邦-花蓮,2024-09-05,9621
1806,冠軍,24,12,12,富邦-花蓮,2024-09-05,9621
3483,力致,18,6,12,富邦-花蓮,2024-09-05,9621
6269,台郡,13,1,12,富邦-花蓮,2024-09-05,9621
4906,正文,11,0,11,富邦-花蓮,2024-09-05,9621
2313,華通,27,16,11,富邦-花蓮,2024-09-05,9621
5347,世界,13,3,10,富邦-花蓮,2024-09-05,9621
1513,中興電,12,2,10,富邦-花蓮,2024-09-05,9621
1529,樂事綠能,10,0,10,富邦-花蓮,2024-09-05,9621
2636,台驊控股,10,0,10,富邦-花蓮,2024-09-05,9621
00632R,元大台灣50反1,380,0,380,富邦-花蓮,2024-09-06,9621
00680L,元大美債20正2,112,5,107,富邦-花蓮,2024-09-06,9621
00715L,期街口布蘭特正2,138,32,106,富邦-花蓮,2024-09-06,9621
6116,彩晶,100,0,100,富邦-花蓮,2024-09-06,9621
00919,群益台灣精選高息,86,6,80,富邦-花蓮,2024-09-06,9621
8066,來思達,68,0,68,富邦-花蓮,2024-09-06,9621
1316,上曜,67,0,67,富邦-花蓮,2024-09-06,9621
00642U,期元大S＆P石油,64,1,63,富邦-花蓮,2024-09-06,9621
00664R,國泰臺灣加權反1,60,0,60,富邦-花蓮,2024-09-06,9621
2344,華邦電,61,2,59,富邦-花蓮,2024-09-06,9621
00945B,凱基美國非投等債,56,0,56,富邦-花蓮,2024-09-06,9621
00931B,統一美債20年,46,0,46,富邦-花蓮,2024-09-06,9621
3481,群創,50,9,41,富邦-花蓮,2024-09-06,9621
2349,錸德,51,10,41,富邦-花蓮,2024-09-06,9621
2882,國泰金,51,16,35,富邦-花蓮,2024-09-06,9621
00688L,國泰20年美債正2,30,0,30,富邦-花蓮,2024-09-06,9621
2409,友達,30,0,30,富邦-花蓮,2024-09-06,9621
1301,台塑,25,1,24,富邦-花蓮,2024-09-06,9621
4960,誠美材,23,0,23,富邦-花蓮,2024-09-06,9621
00915,凱基優選高股息30,22,0,22,富邦-花蓮,2024-09-06,9621
2891,中信金,36,16,20,富邦-花蓮,2024-09-06,9621
2313,華通,24,5,19,富邦-花蓮,2024-09-06,9621
5443,均豪,54,35,19,富邦-花蓮,2024-09-06,9621
00878,國泰永續高股息,28,11,17,富邦-花蓮,2024-09-06,9621
00941,中信上游半導體,14,0,14,富邦-花蓮,2024-09-06,9621
1314,中石化,22,8,14,富邦-花蓮,2024-09-06,9621
6213,聯茂,47,34,13,富邦-花蓮,2024-09-06,9621
1584,精剛,12,0,12,富邦-花蓮,2024-09-06,9621
3581,博磊,15,3,12,富邦-花蓮,2024-09-06,9621
6698,旭暉應材,18,6,12,富邦-花蓮,2024-09-06,9621
2615,萬海,12,0,12,富邦-花蓮,2024-09-06,9621
00923,群益台ESG低碳50,11,0,11,富邦-花蓮,2024-09-06,9621
2634,漢翔,11,0,11,富邦-花蓮,2024-09-06,9621
8438,昶昕,11,0,11,富邦-花蓮,2024-09-06,9621
2317,鴻海,37,26,11,富邦-花蓮,2024-09-06,9621
00951,台新日本半導體,10,0,10,富邦-花蓮,2024-09-06,9621
1539,巨庭,14,4,10,富邦-花蓮,2024-09-06,9621
2845,遠東銀,10,0,10,富邦-花蓮,2024-09-06,9621
6139,亞翔,12,2,10,富邦-花蓮,2024-09-06,9621
8404,百和興業-KY,10,0,10,富邦-花蓮,2024-09-06,9621
2464,盟立,104,95,9,富邦-花蓮,2024-09-06,9621
2851,中再保,9,0,9,富邦-花蓮,2024-09-06,9621
3707,漢磊,15,6,9,富邦-花蓮,2024-09-06,9621
1540,喬福,25,16,9,富邦-花蓮,2024-09-06,9621
00918,大華優利高填息30,11,2,9,富邦-花蓮,2024-09-06,9621
00830,國泰費城半導體,8,0,8,富邦-花蓮,2024-09-06,9621
0056,元大高股息,12,4,8,富邦-花蓮,2024-09-06,9621
2852,第一保,8,0,8,富邦-花蓮,2024-09-06,9621
3041,揚智,10,2,8,富邦-花蓮,2024-09-06,9621
2881,富邦金,9,1,8,富邦-花蓮,2024-09-06,9621
00632R,元大台灣50反1,400,173,227,富邦-花蓮,2024-09-09,9621
00919,群益台灣精選高息,224,21,203,富邦-花蓮,2024-09-09,9621
00929,復華台灣科技優息,228,67,161,富邦-花蓮,2024-09-09,9621
00878,國泰永續高股息,61,1,60,富邦-花蓮,2024-09-09,9621
8070,長華*,64,5,59,富邦-花蓮,2024-09-09,9621
2317,鴻海,115,57,58,富邦-花蓮,2024-09-09,9621
2882,國泰金,63,6,57,富邦-花蓮,2024-09-09,9621
00915,凱基優選高股息30,47,0,47,富邦-花蓮,2024-09-09,9621
1314,中石化,54,8,46,富邦-花蓮,2024-09-09,9621
00687B,國泰20年美債,48,7,41,富邦-花蓮,2024-09-09,9621
00688L,國泰20年美債正2,40,0,40,富邦-花蓮,2024-09-09,9621
2867,三商壽,41,2,39,富邦-花蓮,2024-09-09,9621
2891,中信金,39,0,39,富邦-花蓮,2024-09-09,9621
00918,大華優利高填息30,37,4,33,富邦-花蓮,2024-09-09,9621
00931B,統一美債20年,30,0,30,富邦-花蓮,2024-09-09,9621
00679B,元大美債20年,33,5,28,富邦-花蓮,2024-09-09,9621
2881,富邦金,30,3,27,富邦-花蓮,2024-09-09,9621
00655L,國泰中國A50正2,26,0,26,富邦-花蓮,2024-09-09,9621
00882,中信中國高股息,25,0,25,富邦-花蓮,2024-09-09,9621
00940,元大台灣價值高息,167,143,24,富邦-花蓮,2024-09-09,9621
00642U,期元大S＆P石油,23,0,23,富邦-花蓮,2024-09-09,9621
006208,富邦台50,23,0,23,富邦-花蓮,2024-09-09,9621
8066,來思達,21,0,21,富邦-花蓮,2024-09-09,9621
3481,群創,33,12,21,富邦-花蓮,2024-09-09,9621
1309,台達化,20,0,20,富邦-花蓮,2024-09-09,9621
2845,遠東銀,20,0,20,富邦-花蓮,2024-09-09,9621
00946,群益科技高息成長,19,0,19,富邦-花蓮,2024-09-09,9621
0056,元大高股息,21,4,17,富邦-花蓮,2024-09-09,9621
2885,元大金,17,0,17,富邦-花蓮,2024-09-09,9621
1540,喬福,24,8,16,富邦-花蓮,2024-09-09,9621
00937B,群益ESG投等債20,35,19,16,富邦-花蓮,2024-09-09,9621
2002,中鋼,16,1,15,富邦-花蓮,2024-09-09,9621
00637L,元大滬深300正2,15,0,15,富邦-花蓮,2024-09-09,9621
00636,國泰中國A50,15,0,15,富邦-花蓮,2024-09-09,9621
00891,中信關鍵半導體,14,0,14,富邦-花蓮,2024-09-09,9621
4510,高鋒,14,0,14,富邦-花蓮,2024-09-09,9621
2330,台積電,17,3,14,富邦-花蓮,2024-09-09,9621
00881,國泰台灣5G+,14,1,13,富邦-花蓮,2024-09-09,9621
1785,光洋科,14,1,13,富邦-花蓮,2024-09-09,9621
00715L,期街口布蘭特正2,75,62,13,富邦-花蓮,2024-09-09,9621
3032,偉訓,13,0,13,富邦-花蓮,2024-09-09,9621
00830,國泰費城半導體,12,0,12,富邦-花蓮,2024-09-09,9621
00930,永豐ESG低碳高息,12,0,12,富邦-花蓮,2024-09-09,9621
2344,華邦電,19,7,12,富邦-花蓮,2024-09-09,9621
1436,華友聯,13,2,11,富邦-花蓮,2024-09-09,9621
1326,台化,11,0,11,富邦-花蓮,2024-09-09,9621
2883,凱基金,32,21,11,富邦-花蓮,2024-09-09,9621
00795B,中信美國公債20年,10,0,10,富邦-花蓮,2024-09-09,9621
00953B,群益優選非投等債,10,0,10,富邦-花蓮,2024-09-09,9621
1440,南紡,10,0,10,富邦-花蓮,2024-09-09,9621
2609,陽明,512,25,487,富邦-花蓮,2024-09-10,9621
00919,群益台灣精選高息,235,25,210,富邦-花蓮,2024-09-10,9621
00632R,元大台灣50反1,205,55,150,富邦-花蓮,2024-09-10,9621
00929,復華台灣科技優息,186,45,141,富邦-花蓮,2024-09-10,9621
00715L,期街口布蘭特正2,123,0,123,富邦-花蓮,2024-09-10,9621
00940,元大台灣價值高息,105,29,76,富邦-花蓮,2024-09-10,9621
00680L,元大美債20正2,83,12,71,富邦-花蓮,2024-09-10,9621
00878,國泰永續高股息,64,1,63,富邦-花蓮,2024-09-10,9621
2317,鴻海,158,102,56,富邦-花蓮,2024-09-10,9621
00946,群益科技高息成長,50,0,50,富邦-花蓮,2024-09-10,9621
2891,中信金,55,10,45,富邦-花蓮,2024-09-10,9621
1540,喬福,64,19,45,富邦-花蓮,2024-09-10,9621
0056,元大高股息,42,8,34,富邦-花蓮,2024-09-10,9621
2344,華邦電,46,13,33,富邦-花蓮,2024-09-10,9621
2382,廣達,43,11,32,富邦-花蓮,2024-09-10,9621
1587,吉茂,31,0,31,富邦-花蓮,2024-09-10,9621
3047,訊舟,61,30,31,富邦-花蓮,2024-09-10,9621
2367,燿華,29,0,29,富邦-花蓮,2024-09-10,9621
00918,大華優利高填息30,29,1,28,富邦-花蓮,2024-09-10,9621
6104,創惟,36,8,28,富邦-花蓮,2024-09-10,9621
2618,長榮航,29,1,28,富邦-花蓮,2024-09-10,9621
6269,台郡,32,5,27,富邦-花蓮,2024-09-10,9621
1301,台塑,26,1,25,富邦-花蓮,2024-09-10,9621
2610,華航,26,2,24,富邦-花蓮,2024-09-10,9621
8066,來思達,23,0,23,富邦-花蓮,2024-09-10,9621
2313,華通,34,13,21,富邦-花蓮,2024-09-10,9621
2354,鴻準,20,0,20,富邦-花蓮,2024-09-10,9621
00933B,國泰10Y+金融債,19,0,19,富邦-花蓮,2024-09-10,9621
00915,凱基優選高股息30,17,0,17,富邦-花蓮,2024-09-10,9621
6140,訊達,16,0,16,富邦-花蓮,2024-09-10,9621
2464,盟立,29,14,15,富邦-花蓮,2024-09-10,9621
00881,國泰台灣5G+,19,5,14,富邦-花蓮,2024-09-10,9621
2349,錸德,53,40,13,富邦-花蓮,2024-09-10,9621
5460,同協,14,1,13,富邦-花蓮,2024-09-10,9621
6877,鏵友益,23,10,13,富邦-花蓮,2024-09-10,9621
1532,勤美,12,0,12,富邦-花蓮,2024-09-10,9621
1436,華友聯,11,0,11,富邦-花蓮,2024-09-10,9621
1321,大洋,15,4,11,富邦-花蓮,2024-09-10,9621
4729,熒茂,19,8,11,富邦-花蓮,2024-09-10,9621
5475,德宏,11,0,11,富邦-花蓮,2024-09-10,9621
2002,中鋼,19,8,11,富邦-花蓮,2024-09-10,9621
4128,中天,11,0,11,富邦-花蓮,2024-09-10,9621
4958,臻鼎-KY,17,7,10,富邦-花蓮,2024-09-10,9621
5871,中租-KY,10,0,10,富邦-花蓮,2024-09-10,9621
2408,南亞科,10,0,10,富邦-花蓮,2024-09-10,9621
4933,友輝,11,1,10,富邦-花蓮,2024-09-10,9621
5529,鉅陞,10,0,10,富邦-花蓮,2024-09-10,9621
3231,緯創,32,23,9,富邦-花蓮,2024-09-10,9621
2497,怡利電,36,27,9,富邦-花蓮,2024-09-10,9621
2393,億光,9,0,9,富邦-花蓮,2024-09-10,9621
00664R,國泰臺灣加權反1,3540,0,3540,富邦-花蓮,2024-09-11,9621
9105,泰金寶-DR,220,0,220,富邦-花蓮,2024-09-11,9621
00715L,期街口布蘭特正2,162,21,141,富邦-花蓮,2024-09-11,9621
00919,群益台灣精選高息,137,7,130,富邦-花蓮,2024-09-11,9621
00948B,中信優息投資級債,77,0,77,富邦-花蓮,2024-09-11,9621
00929,復華台灣科技優息,97,28,69,富邦-花蓮,2024-09-11,9621
00878,國泰永續高股息,53,1,52,富邦-花蓮,2024-09-11,9621
2883,凱基金,58,9,49,富邦-花蓮,2024-09-11,9621
2891,中信金,51,2,49,富邦-花蓮,2024-09-11,9621
7556,意德士,34,0,34,富邦-花蓮,2024-09-11,9621
00882,中信中國高股息,28,0,28,富邦-花蓮,2024-09-11,9621
00642U,期元大S＆P石油,28,1,27,富邦-花蓮,2024-09-11,9621
00918,大華優利高填息30,26,0,26,富邦-花蓮,2024-09-11,9621
2867,三商壽,45,20,25,富邦-花蓮,2024-09-11,9621
2426,鼎元,28,4,24,富邦-花蓮,2024-09-11,9621
2002,中鋼,27,3,24,富邦-花蓮,2024-09-11,9621
2317,鴻海,42,20,22,富邦-花蓮,2024-09-11,9621
1522,堤維西,36,14,22,富邦-花蓮,2024-09-11,9621
00921,兆豐龍頭等權重,21,0,21,富邦-花蓮,2024-09-11,9621
3149,正達,20,0,20,富邦-花蓮,2024-09-11,9621
00915,凱基優選高股息30,19,0,19,富邦-花蓮,2024-09-11,9621
00679B,元大美債20年,39,21,18,富邦-花蓮,2024-09-11,9621
00931B,統一美債20年,17,0,17,富邦-花蓮,2024-09-11,9621
2367,燿華,16,0,16,富邦-花蓮,2024-09-11,9621
4903,聯光通,21,5,16,富邦-花蓮,2024-09-11,9621
00631L,元大台灣50正2,17,1,16,富邦-花蓮,2024-09-11,9621
2610,華航,17,2,15,富邦-花蓮,2024-09-11,9621
5871,中租-KY,15,0,15,富邦-花蓮,2024-09-11,9621
5425,台半,15,0,15,富邦-花蓮,2024-09-11,9621
00937B,群益ESG投等債20,34,19,15,富邦-花蓮,2024-09-11,9621
0056,元大高股息,18,4,14,富邦-花蓮,2024-09-11,9621
00713,元大台灣高息低波,13,0,13,富邦-花蓮,2024-09-11,9621
2371,大同,15,2,13,富邦-花蓮,2024-09-11,9621
2243,宏旭-KY,17,5,12,富邦-花蓮,2024-09-11,9621
2376,技嘉,12,0,12,富邦-花蓮,2024-09-11,9621
4566,時碩工業,17,6,11,富邦-花蓮,2024-09-11,9621
00957B,兆豐US優選投等債,11,0,11,富邦-花蓮,2024-09-11,9621
2420,新巨,11,0,11,富邦-花蓮,2024-09-11,9621
5905,南仁湖,11,0,11,富邦-花蓮,2024-09-11,9621
00665L,富邦�琤肭磪囓�2,10,0,10,富邦-花蓮,2024-09-11,9621
00756B,群益投等新興公債,10,0,10,富邦-花蓮,2024-09-11,9621
3576,聯合再生,10,0,10,富邦-花蓮,2024-09-11,9621
3714,富采,10,0,10,富邦-花蓮,2024-09-11,9621
4807,日成-KY,10,0,10,富邦-花蓮,2024-09-11,9621
6202,盛群,10,0,10,富邦-花蓮,2024-09-11,9621
8105,凌巨,10,0,10,富邦-花蓮,2024-09-11,9621
2889,國票金,10,1,9,富邦-花蓮,2024-09-11,9621
4729,熒茂,14,6,8,富邦-花蓮,2024-09-11,9621
00900,富邦特選高股息30,8,0,8,富邦-花蓮,2024-09-11,9621
2349,錸德,48,40,8,富邦-花蓮,2024-09-11,9621
00632R,元大台灣50反1,204,15,189,富邦-花蓮,2024-09-12,9621
00665L,富邦�琤肭磪囓�2,102,0,102,富邦-花蓮,2024-09-12,9621
00915,凱基優選高股息30,91,12,79,富邦-花蓮,2024-09-12,9621
00687B,國泰20年美債,85,9,76,富邦-花蓮,2024-09-12,9621
3481,群創,151,77,74,富邦-花蓮,2024-09-12,9621
6016,康和證,40,0,40,富邦-花蓮,2024-09-12,9621
2867,三商壽,35,0,35,富邦-花蓮,2024-09-12,9621
4540,全球傳動,35,0,35,富邦-花蓮,2024-09-12,9621
4534,慶騰,32,2,30,富邦-花蓮,2024-09-12,9621
00934,中信成長高股息,26,0,26,富邦-花蓮,2024-09-12,9621
2356,英業達,36,12,24,富邦-花蓮,2024-09-12,9621
00919,群益台灣精選高息,37,13,24,富邦-花蓮,2024-09-12,9621
6194,育富,29,10,19,富邦-花蓮,2024-09-12,9621
00948B,中信優息投資級債,18,0,18,富邦-花蓮,2024-09-12,9621
2891,中信金,47,29,18,富邦-花蓮,2024-09-12,9621
8936,國統,17,0,17,富邦-花蓮,2024-09-12,9621
00713,元大台灣高息低波,17,0,17,富邦-花蓮,2024-09-12,9621
00935,野村臺灣新科技50,16,0,16,富邦-花蓮,2024-09-12,9621
2390,云辰,15,0,15,富邦-花蓮,2024-09-12,9621
6133,金橋,15,0,15,富邦-花蓮,2024-09-12,9621
00878,國泰永續高股息,19,5,14,富邦-花蓮,2024-09-12,9621
4903,聯光通,14,0,14,富邦-花蓮,2024-09-12,9621
3230,錦明,13,0,13,富邦-花蓮,2024-09-12,9621
00715L,期街口布蘭特正2,16,4,12,富邦-花蓮,2024-09-12,9621
4510,高鋒,54,42,12,富邦-花蓮,2024-09-12,9621
6152,百一,16,4,12,富邦-花蓮,2024-09-12,9621
5460,同協,22,11,11,富邦-花蓮,2024-09-12,9621
00764B,群益25年美債,11,0,11,富邦-花蓮,2024-09-12,9621
00712,復華富時不動產,11,0,11,富邦-花蓮,2024-09-12,9621
2618,長榮航,21,10,11,富邦-花蓮,2024-09-12,9621
2313,華通,22,12,10,富邦-花蓮,2024-09-12,9621
4137,麗豐-KY,10,0,10,富邦-花蓮,2024-09-12,9621
4956,光鋐,11,1,10,富邦-花蓮,2024-09-12,9621
2881,富邦金,11,1,10,富邦-花蓮,2024-09-12,9621
8374,羅昇,23,13,10,富邦-花蓮,2024-09-12,9621
2349,錸德,19,10,9,富邦-花蓮,2024-09-12,9621
5871,中租-KY,10,1,9,富邦-花蓮,2024-09-12,9621
1584,精剛,9,0,9,富邦-花蓮,2024-09-12,9621
2851,中再保,8,0,8,富邦-花蓮,2024-09-12,9621
3062,建漢,18,10,8,富邦-花蓮,2024-09-12,9621
6446,藥華藥,8,0,8,富邦-花蓮,2024-09-12,9621
7556,意德士,8,0,8,富邦-花蓮,2024-09-12,9621
1802,台玻,9,2,7,富邦-花蓮,2024-09-12,9621
2324,仁寶,11,4,7,富邦-花蓮,2024-09-12,9621
2497,怡利電,34,27,7,富邦-花蓮,2024-09-12,9621
3050,鈺德,7,0,7,富邦-花蓮,2024-09-12,9621
6147,頎邦,7,0,7,富邦-花蓮,2024-09-12,9621
1301,台塑,8,1,7,富邦-花蓮,2024-09-12,9621
0061,元大寶滬深,6,0,6,富邦-花蓮,2024-09-12,9621
00930,永豐ESG低碳高息,6,0,6,富邦-花蓮,2024-09-12,9621
00687B,國泰20年美債,259,5,254,富邦-花蓮,2024-09-13,9621
00934,中信成長高股息,153,0,153,富邦-花蓮,2024-09-13,9621
00919,群益台灣精選高息,66,9,57,富邦-花蓮,2024-09-13,9621
6104,創惟,70,18,52,富邦-花蓮,2024-09-13,9621
2882,國泰金,49,11,38,富邦-花蓮,2024-09-13,9621
2891,中信金,34,5,29,富邦-花蓮,2024-09-13,9621
4303,信立,43,15,28,富邦-花蓮,2024-09-13,9621
00929,復華台灣科技優息,54,26,28,富邦-花蓮,2024-09-13,9621
8936,國統,22,0,22,富邦-花蓮,2024-09-13,9621
00878,國泰永續高股息,21,0,21,富邦-花蓮,2024-09-13,9621
2323,中環,21,0,21,富邦-花蓮,2024-09-13,9621
4513,福裕,19,0,19,富邦-花蓮,2024-09-13,9621
1721,三晃,23,5,18,富邦-花蓮,2024-09-13,9621
3481,群創,18,0,18,富邦-花蓮,2024-09-13,9621
00680L,元大美債20正2,32,15,17,富邦-花蓮,2024-09-13,9621
00933B,國泰10Y+金融債,18,1,17,富邦-花蓮,2024-09-13,9621
00918,大華優利高填息30,17,2,15,富邦-花蓮,2024-09-13,9621
2349,錸德,20,6,14,富邦-花蓮,2024-09-13,9621
2204,中華,13,0,13,富邦-花蓮,2024-09-13,9621
3706,神達,15,2,13,富邦-花蓮,2024-09-13,9621
3013,晟銘電,29,17,12,富邦-花蓮,2024-09-13,9621
00945B,凱基美國非投等債,12,0,12,富邦-花蓮,2024-09-13,9621
4510,高鋒,17,6,11,富邦-花蓮,2024-09-13,9621
00915,凱基優選高股息30,11,0,11,富邦-花蓮,2024-09-13,9621
1815,富喬,15,4,11,富邦-花蓮,2024-09-13,9621
3689,湧德,11,0,11,富邦-花蓮,2024-09-13,9621
8105,凌巨,12,1,11,富邦-花蓮,2024-09-13,9621
00679B,元大美債20年,20,10,10,富邦-花蓮,2024-09-13,9621
3548,兆利,12,2,10,富邦-花蓮,2024-09-13,9621
8112,至上,10,0,10,富邦-花蓮,2024-09-13,9621
2317,鴻海,113,103,10,富邦-花蓮,2024-09-13,9621
4979,華星光,28,19,9,富邦-花蓮,2024-09-13,9621
6233,旺玖,10,1,9,富邦-花蓮,2024-09-13,9621
00946,群益科技高息成長,8,0,8,富邦-花蓮,2024-09-13,9621
1717,長興,8,0,8,富邦-花蓮,2024-09-13,9621
2609,陽明,16,8,8,富邦-花蓮,2024-09-13,9621
2356,英業達,11,4,7,富邦-花蓮,2024-09-13,9621
3363,上詮,10,3,7,富邦-花蓮,2024-09-13,9621
8054,安國,21,14,7,富邦-花蓮,2024-09-13,9621
1524,耿鼎,7,0,7,富邦-花蓮,2024-09-13,9621
2409,友達,12,5,7,富邦-花蓮,2024-09-13,9621
3163,波若威,17,10,7,富邦-花蓮,2024-09-13,9621
8011,台通,8,1,7,富邦-花蓮,2024-09-13,9621
1514,亞力,9,3,6,富邦-花蓮,2024-09-13,9621
00948B,中信優息投資級債,11,5,6,富邦-花蓮,2024-09-13,9621
4526,東台,8,2,6,富邦-花蓮,2024-09-13,9621
6443,元晶,6,0,6,富邦-花蓮,2024-09-13,9621
2890,永豐金,5,0,5,富邦-花蓮,2024-09-13,9621
2881,富邦金,10,5,5,富邦-花蓮,2024-09-13,9621
8096,擎亞,5,0,5,富邦-花蓮,2024-09-13,9621
00680L,元大美債20正2,270,0,270,富邦-花蓮,2024-09-16,9621
2337,旺宏,205,6,199,富邦-花蓮,2024-09-16,9621
00687B,國泰20年美債,164,1,163,富邦-花蓮,2024-09-16,9621
00943,兆豐電子高息等權,90,0,90,富邦-花蓮,2024-09-16,9621
00945B,凱基美國非投等債,75,0,75,富邦-花蓮,2024-09-16,9621
00919,群益台灣精選高息,67,5,62,富邦-花蓮,2024-09-16,9621
00715L,期街口布蘭特正2,67,10,57,富邦-花蓮,2024-09-16,9621
00918,大華優利高填息30,58,2,56,富邦-花蓮,2024-09-16,9621
00931B,統一美債20年,45,0,45,富邦-花蓮,2024-09-16,9621
9105,泰金寶-DR,42,0,42,富邦-花蓮,2024-09-16,9621
8936,國統,41,5,36,富邦-花蓮,2024-09-16,9621
00679B,元大美債20年,36,0,36,富邦-花蓮,2024-09-16,9621
00937B,群益ESG投等債20,35,0,35,富邦-花蓮,2024-09-16,9621
00921,兆豐龍頭等權重,32,0,32,富邦-花蓮,2024-09-16,9621
2610,華航,33,1,32,富邦-花蓮,2024-09-16,9621
3149,正達,35,4,31,富邦-花蓮,2024-09-16,9621
00948B,中信優息投資級債,30,0,30,富邦-花蓮,2024-09-16,9621
00946,群益科技高息成長,30,0,30,富邦-花蓮,2024-09-16,9621
00642U,期元大S＆P石油,29,0,29,富邦-花蓮,2024-09-16,9621
6431,光麗-KY,28,0,28,富邦-花蓮,2024-09-16,9621
2834,臺企銀,27,0,27,富邦-花蓮,2024-09-16,9621
2609,陽明,30,4,26,富邦-花蓮,2024-09-16,9621
00907,永豐優息存股,26,0,26,富邦-花蓮,2024-09-16,9621
1773,勝一,23,0,23,富邦-花蓮,2024-09-16,9621
00902,中信電池及儲能,22,0,22,富邦-花蓮,2024-09-16,9621
00951,台新日本半導體,22,0,22,富邦-花蓮,2024-09-16,9621
1101,台泥,32,10,22,富邦-花蓮,2024-09-16,9621
1540,喬福,32,10,22,富邦-花蓮,2024-09-16,9621
2885,元大金,20,0,20,富邦-花蓮,2024-09-16,9621
00929,復華台灣科技優息,62,44,18,富邦-花蓮,2024-09-16,9621
1711,永光,74,56,18,富邦-花蓮,2024-09-16,9621
00881,國泰台灣5G+,32,15,17,富邦-花蓮,2024-09-16,9621
2062,橋椿,16,2,14,富邦-花蓮,2024-09-16,9621
2365,昆盈,23,9,14,富邦-花蓮,2024-09-16,9621
2882,國泰金,14,0,14,富邦-花蓮,2024-09-16,9621
4720,德淵,15,1,14,富邦-花蓮,2024-09-16,9621
00878,國泰永續高股息,24,10,14,富邦-花蓮,2024-09-16,9621
00915,凱基優選高股息30,16,2,14,富邦-花蓮,2024-09-16,9621
2344,華邦電,15,2,13,富邦-花蓮,2024-09-16,9621
1303,南亞,16,3,13,富邦-花蓮,2024-09-16,9621
00688L,國泰20年美債正2,15,2,13,富邦-花蓮,2024-09-16,9621
2420,新巨,16,3,13,富邦-花蓮,2024-09-16,9621
4979,華星光,15,2,13,富邦-花蓮,2024-09-16,9621
3339,泰谷,12,0,12,富邦-花蓮,2024-09-16,9621
00795B,中信美國公債20年,11,0,11,富邦-花蓮,2024-09-16,9621
2402,毅嘉,11,0,11,富邦-花蓮,2024-09-16,9621
00664R,國泰臺灣加權反1,10,0,10,富邦-花蓮,2024-09-16,9621
6180,橘子,10,0,10,富邦-花蓮,2024-09-16,9621
1905,華紙,10,1,9,富邦-花蓮,2024-09-16,9621
2883,凱基金,12,3,9,富邦-花蓮,2024-09-16,9621
00919,群益台灣精選高息,240,20,220,富邦-花蓮,2024-09-18,9621
00929,復華台灣科技優息,277,68,209,富邦-花蓮,2024-09-18,9621
2888,新光金,1538,1337,201,富邦-花蓮,2024-09-18,9621
00632R,元大台灣50反1,178,0,178,富邦-花蓮,2024-09-18,9621
00918,大華優利高填息30,188,15,173,富邦-花蓮,2024-09-18,9621
3481,群創,238,93,145,富邦-花蓮,2024-09-18,9621
2317,鴻海,150,69,81,富邦-花蓮,2024-09-18,9621
1316,上曜,69,0,69,富邦-花蓮,2024-09-18,9621
00679B,元大美債20年,62,7,55,富邦-花蓮,2024-09-18,9621
2882,國泰金,55,2,53,富邦-花蓮,2024-09-18,9621
00915,凱基優選高股息30,52,0,52,富邦-花蓮,2024-09-18,9621
3231,緯創,66,17,49,富邦-花蓮,2024-09-18,9621
00946,群益科技高息成長,32,0,32,富邦-花蓮,2024-09-18,9621
6016,康和證,30,0,30,富邦-花蓮,2024-09-18,9621
2344,華邦電,29,0,29,富邦-花蓮,2024-09-18,9621
0056,元大高股息,35,5,30,富邦-花蓮,2024-09-18,9621
8039,台虹,33,6,27,富邦-花蓮,2024-09-18,9621
00878,國泰永續高股息,28,1,27,富邦-花蓮,2024-09-18,9621
00931B,統一美債20年,28,4,24,富邦-花蓮,2024-09-18,9621
2365,昆盈,34,10,24,富邦-花蓮,2024-09-18,9621
2881,富邦金,31,8,23,富邦-花蓮,2024-09-18,9621
3189,景碩,24,2,22,富邦-花蓮,2024-09-18,9621
1444,力麗,21,0,21,富邦-花蓮,2024-09-18,9621
1905,華紙,21,0,21,富邦-花蓮,2024-09-18,9621
2313,華通,29,9,20,富邦-花蓮,2024-09-18,9621
5398,慕康生醫,20,0,20,富邦-花蓮,2024-09-18,9621
2303,聯電,20,1,19,富邦-花蓮,2024-09-18,9621
5386,青雲,28,9,19,富邦-花蓮,2024-09-18,9621
5488,松普,21,2,19,富邦-花蓮,2024-09-18,9621
00933B,國泰10Y+金融債,20,2,18,富邦-花蓮,2024-09-18,9621
2498,宏達電,20,2,18,富邦-花蓮,2024-09-18,9621
2014,中鴻,20,3,17,富邦-花蓮,2024-09-18,9621
6530,創威,39,22,17,富邦-花蓮,2024-09-18,9621
00951,台新日本半導體,20,4,16,富邦-花蓮,2024-09-18,9621
3050,鈺德,16,0,16,富邦-花蓮,2024-09-18,9621
3498,陽程,19,4,15,富邦-花蓮,2024-09-18,9621
3550,聯穎,44,29,15,富邦-花蓮,2024-09-18,9621
5009,榮剛,15,0,15,富邦-花蓮,2024-09-18,9621
8105,凌巨,15,0,15,富邦-花蓮,2024-09-18,9621
2887,台新金,16,2,14,富邦-花蓮,2024-09-18,9621
00930,永豐ESG低碳高息,14,0,14,富邦-花蓮,2024-09-18,9621
00936,台新永續高息中小,31,17,14,富邦-花蓮,2024-09-18,9621
1711,永光,60,46,14,富邦-花蓮,2024-09-18,9621
00881,國泰台灣5G+,15,2,13,富邦-花蓮,2024-09-18,9621
3019,亞光,19,6,13,富邦-花蓮,2024-09-18,9621
4540,全球傳動,25,12,13,富邦-花蓮,2024-09-18,9621
6108,競國,13,0,13,富邦-花蓮,2024-09-18,9621
3711,日月光投控,75,63,12,富邦-花蓮,2024-09-18,9621
00902,中信電池及儲能,12,0,12,富邦-花蓮,2024-09-18,9621
1776,展宇,19,7,12,富邦-花蓮,2024-09-18,9621
2349,錸德,351,54,297,富邦-花蓮,2024-09-19,9621
00687B,國泰20年美債,311,72,239,富邦-花蓮,2024-09-19,9621
00919,群益台灣精選高息,210,7,203,富邦-花蓮,2024-09-19,9621
00632R,元大台灣50反1,146,32,114,富邦-花蓮,2024-09-19,9621
00929,復華台灣科技優息,135,37,98,富邦-花蓮,2024-09-19,9621
00933B,國泰10Y+金融債,62,5,57,富邦-花蓮,2024-09-19,9621
3686,達能,57,0,57,富邦-花蓮,2024-09-19,9621
00676R,富邦臺灣加權反1,56,0,56,富邦-花蓮,2024-09-19,9621
2610,華航,63,7,56,富邦-花蓮,2024-09-19,9621
00706L,期元大S＆P日圓正2,52,0,52,富邦-花蓮,2024-09-19,9621
8050,廣積,40,0,40,富邦-花蓮,2024-09-19,9621
00679B,元大美債20年,53,17,36,富邦-花蓮,2024-09-19,9621
2891,中信金,55,21,34,富邦-花蓮,2024-09-19,9621
2834,臺企銀,37,4,33,富邦-花蓮,2024-09-19,9621
2615,萬海,37,6,31,富邦-花蓮,2024-09-19,9621
00958B,永豐ESG銀行債15,30,0,30,富邦-花蓮,2024-09-19,9621
1584,精剛,28,0,28,富邦-花蓮,2024-09-19,9621
00881,國泰台灣5G+,33,6,27,富邦-花蓮,2024-09-19,9621
00713,元大台灣高息低波,29,4,25,富邦-花蓮,2024-09-19,9621
00680L,元大美債20正2,23,0,23,富邦-花蓮,2024-09-19,9621
2845,遠東銀,22,0,22,富邦-花蓮,2024-09-19,9621
00655L,國泰中國A50正2,21,0,21,富邦-花蓮,2024-09-19,9621
2501,國建,22,2,20,富邦-花蓮,2024-09-19,9621
5488,松普,30,10,20,富邦-花蓮,2024-09-19,9621
6830,汎銓,22,5,17,富邦-花蓮,2024-09-19,9621
00688L,國泰20年美債正2,20,4,16,富邦-花蓮,2024-09-19,9621
00931B,統一美債20年,19,3,16,富邦-花蓮,2024-09-19,9621
00930,永豐ESG低碳高息,15,0,15,富邦-花蓮,2024-09-19,9621
4720,德淵,15,0,15,富邦-花蓮,2024-09-19,9621
6152,百一,15,0,15,富邦-花蓮,2024-09-19,9621
8111,立��,16,1,15,富邦-花蓮,2024-09-19,9621
2312,金寶,20,6,14,富邦-花蓮,2024-09-19,9621
6548,長科*,13,0,13,富邦-花蓮,2024-09-19,9621
00665L,富邦�琤肭磪囓�2,63,50,13,富邦-花蓮,2024-09-19,9621
5443,均豪,45,32,13,富邦-花蓮,2024-09-19,9621
00918,大華優利高填息30,12,0,12,富邦-花蓮,2024-09-19,9621
00946,群益科技高息成長,26,14,12,富邦-花蓮,2024-09-19,9621
00915,凱基優選高股息30,11,0,11,富邦-花蓮,2024-09-19,9621
8936,國統,11,0,11,富邦-花蓮,2024-09-19,9621
00940,元大台灣價值高息,21,10,11,富邦-花蓮,2024-09-19,9621
2399,映泰,79,68,11,富邦-花蓮,2024-09-19,9621
0061,元大寶滬深,10,0,10,富邦-花蓮,2024-09-19,9621
00635U,期元大S＆P黃金,10,0,10,富邦-花蓮,2024-09-19,9621
3149,正達,10,0,10,富邦-花蓮,2024-09-19,9621
3230,錦明,21,11,10,富邦-花蓮,2024-09-19,9621
9902,台火,10,0,10,富邦-花蓮,2024-09-19,9621
8039,台虹,19,10,9,富邦-花蓮,2024-09-19,9621
1301,台塑,10,1,9,富邦-花蓮,2024-09-19,9621
2916,滿心,9,0,9,富邦-花蓮,2024-09-19,9621
6246,臺龍,20,11,9,富邦-花蓮,2024-09-19,9621
00688L,國泰20年美債正2,509,36,473,富邦-花蓮,2024-09-20,9621
00919,群益台灣精選高息,524,63,461,富邦-花蓮,2024-09-20,9621
3049,精金,471,85,386,富邦-花蓮,2024-09-20,9621
8070,長華*,185,32,153,富邦-花蓮,2024-09-20,9621
00958B,永豐ESG銀行債15,125,0,125,富邦-花蓮,2024-09-20,9621
00680L,元大美債20正2,109,1,108,富邦-花蓮,2024-09-20,9621
1316,上曜,97,7,90,富邦-花蓮,2024-09-20,9621
00931B,統一美債20年,62,0,62,富邦-花蓮,2024-09-20,9621
2609,陽明,61,5,56,富邦-花蓮,2024-09-20,9621
5905,南仁湖,72,18,54,富邦-花蓮,2024-09-20,9621
2547,日勝生,52,0,52,富邦-花蓮,2024-09-20,9621
4903,聯光通,58,21,37,富邦-花蓮,2024-09-20,9621
00632R,元大台灣50反1,34,0,34,富邦-花蓮,2024-09-20,9621
4729,熒茂,37,5,32,富邦-花蓮,2024-09-20,9621
2344,華邦電,40,8,32,富邦-花蓮,2024-09-20,9621
00933B,國泰10Y+金融債,30,0,30,富邦-花蓮,2024-09-20,9621
2101,南港,30,0,30,富邦-花蓮,2024-09-20,9621
9945,潤泰新,29,2,27,富邦-花蓮,2024-09-20,9621
00637L,元大滬深300正2,26,0,26,富邦-花蓮,2024-09-20,9621
2834,臺企銀,46,22,24,富邦-花蓮,2024-09-20,9621
8066,來思達,24,0,24,富邦-花蓮,2024-09-20,9621
1101,台泥,26,4,22,富邦-花蓮,2024-09-20,9621
2915,潤泰全,21,0,21,富邦-花蓮,2024-09-20,9621
3062,建漢,52,32,20,富邦-花蓮,2024-09-20,9621
2356,英業達,45,26,19,富邦-花蓮,2024-09-20,9621
6213,聯茂,18,1,17,富邦-花蓮,2024-09-20,9621
2464,盟立,129,113,16,富邦-花蓮,2024-09-20,9621
00687B,國泰20年美債,46,30,16,富邦-花蓮,2024-09-20,9621
0061,元大寶滬深,16,0,16,富邦-花蓮,2024-09-20,9621
4939,亞電,26,10,16,富邦-花蓮,2024-09-20,9621
00881,國泰台灣5G+,15,0,15,富邦-花蓮,2024-09-20,9621
1436,華友聯,15,0,15,富邦-花蓮,2024-09-20,9621
2520,冠德,20,5,15,富邦-花蓮,2024-09-20,9621
3550,聯穎,27,12,15,富邦-花蓮,2024-09-20,9621
00946,群益科技高息成長,20,5,15,富邦-花蓮,2024-09-20,9621
3360,尚立,15,1,14,富邦-花蓮,2024-09-20,9621
2504,國產,24,11,13,富邦-花蓮,2024-09-20,9621
6152,百一,16,3,13,富邦-花蓮,2024-09-20,9621
8111,立��,31,18,13,富邦-花蓮,2024-09-20,9621
1785,光洋科,22,10,12,富邦-花蓮,2024-09-20,9621
2303,聯電,12,0,12,富邦-花蓮,2024-09-20,9621
2062,橋椿,15,4,11,富邦-花蓮,2024-09-20,9621
00651R,復華香港反1,10,0,10,富邦-花蓮,2024-09-20,9621
00900,富邦特選高股息30,10,0,10,富邦-花蓮,2024-09-20,9621
1735,日勝化,10,0,10,富邦-花蓮,2024-09-20,9621
2365,昆盈,11,1,10,富邦-花蓮,2024-09-20,9621
2424,隴華,10,0,10,富邦-花蓮,2024-09-20,9621
5522,遠雄,10,0,10,富邦-花蓮,2024-09-20,9621
6163,華電網,10,0,10,富邦-花蓮,2024-09-20,9621
00891,中信關鍵半導體,10,1,9,富邦-花蓮,2024-09-20,9621
2399,映泰,169,37,132,富邦-花蓮,2024-09-23,9621
00919,群益台灣精選高息,149,42,107,富邦-花蓮,2024-09-23,9621
00650L,復華香港正2,110,10,100,富邦-花蓮,2024-09-23,9621
2888,新光金,140,57,83,富邦-花蓮,2024-09-23,9621
2344,華邦電,71,5,66,富邦-花蓮,2024-09-23,9621
00933B,國泰10Y+金融債,56,0,56,富邦-花蓮,2024-09-23,9621
2515,中工,54,3,51,富邦-花蓮,2024-09-23,9621
4716,大立,89,40,49,富邦-花蓮,2024-09-23,9621
00688L,國泰20年美債正2,46,0,46,富邦-花蓮,2024-09-23,9621
4707,磐亞,55,14,41,富邦-花蓮,2024-09-23,9621
2915,潤泰全,30,0,30,富邦-花蓮,2024-09-23,9621
6177,達麗,30,1,29,富邦-花蓮,2024-09-23,9621
00679B,元大美債20年,32,5,27,富邦-花蓮,2024-09-23,9621
00937B,群益ESG投等債20,27,1,26,富邦-花蓮,2024-09-23,9621
3481,群創,110,86,24,富邦-花蓮,2024-09-23,9621
00706L,期元大S＆P日圓正2,23,0,23,富邦-花蓮,2024-09-23,9621
1711,永光,35,16,19,富邦-花蓮,2024-09-23,9621
00632R,元大台灣50反1,41,22,19,富邦-花蓮,2024-09-23,9621
2425,承啟,44,26,18,富邦-花蓮,2024-09-23,9621
3588,通嘉,18,0,18,富邦-花蓮,2024-09-23,9621
3615,安可,23,5,18,富邦-花蓮,2024-09-23,9621
4720,德淵,17,0,17,富邦-花蓮,2024-09-23,9621
1785,光洋科,20,4,16,富邦-花蓮,2024-09-23,9621
4714,永捷,25,11,14,富邦-花蓮,2024-09-23,9621
00930,永豐ESG低碳高息,14,0,14,富邦-花蓮,2024-09-23,9621
2388,威盛,17,4,13,富邦-花蓮,2024-09-23,9621
2408,南亞科,28,15,13,富邦-花蓮,2024-09-23,9621
6589,台康生技,13,0,13,富邦-花蓮,2024-09-23,9621
5905,南仁湖,14,2,12,富邦-花蓮,2024-09-23,9621
00948B,中信優息投資級債,12,0,12,富邦-花蓮,2024-09-23,9621
2605,新興,12,0,12,富邦-花蓮,2024-09-23,9621
6151,晉倫,13,1,12,富邦-花蓮,2024-09-23,9621
6244,茂迪,13,1,12,富邦-花蓮,2024-09-23,9621
4979,華星光,42,30,12,富邦-花蓮,2024-09-23,9621
00725B,國泰投資級公司債,11,0,11,富邦-花蓮,2024-09-23,9621
1815,富喬,12,1,11,富邦-花蓮,2024-09-23,9621
2354,鴻準,11,0,11,富邦-花蓮,2024-09-23,9621
4526,東台,16,5,11,富邦-花蓮,2024-09-23,9621
6213,聯茂,24,14,10,富邦-花蓮,2024-09-23,9621
00923,群益台ESG低碳50,10,0,10,富邦-花蓮,2024-09-23,9621
00674R,期元大S＆P黃金反1,10,0,10,富邦-花蓮,2024-09-23,9621
00673R,期元大S＆P原油反1,10,0,10,富邦-花蓮,2024-09-23,9621
1776,展宇,32,22,10,富邦-花蓮,2024-09-23,9621
2338,光罩,10,0,10,富邦-花蓮,2024-09-23,9621
3450,聯鈞,135,125,10,富邦-花蓮,2024-09-23,9621
00687B,國泰20年美債,72,63,9,富邦-花蓮,2024-09-23,9621
3363,上詮,31,22,9,富邦-花蓮,2024-09-23,9621
3511,矽瑪,15,6,9,富邦-花蓮,2024-09-23,9621
4576,大銀微系統,10,1,9,富邦-花蓮,2024-09-23,9621
1709,和益,8,0,8,富邦-花蓮,2024-09-23,9621
00960,野村全球航運龍頭,276,166,110,富邦-花蓮,2024-09-24,9621
00665L,富邦�琤肭磪囓�2,98,21,77,富邦-花蓮,2024-09-24,9621
6151,晉倫,75,2,73,富邦-花蓮,2024-09-24,9621
2344,華邦電,87,26,61,富邦-花蓮,2024-09-24,9621
00687B,國泰20年美債,63,2,61,富邦-花蓮,2024-09-24,9621
00733,富邦臺灣中小,60,0,60,富邦-花蓮,2024-09-24,9621
1727,中華化,52,0,52,富邦-花蓮,2024-09-24,9621
2881,富邦金,50,6,44,富邦-花蓮,2024-09-24,9621
2891,中信金,67,27,40,富邦-花蓮,2024-09-24,9621
2890,永豐金,44,5,39,富邦-花蓮,2024-09-24,9621
00931B,統一美債20年,37,1,36,富邦-花蓮,2024-09-24,9621
006205,富邦上証,30,0,30,富邦-花蓮,2024-09-24,9621
00953B,群益優選非投等債,30,0,30,富邦-花蓮,2024-09-24,9621
2312,金寶,30,1,29,富邦-花蓮,2024-09-24,9621
00738U,期元大道瓊白銀,28,0,28,富邦-花蓮,2024-09-24,9621
00951,台新日本半導體,30,2,28,富邦-花蓮,2024-09-24,9621
3605,宏致,36,10,26,富邦-花蓮,2024-09-24,9621
0056,元大高股息,28,4,24,富邦-花蓮,2024-09-24,9621
2888,新光金,64,40,24,富邦-花蓮,2024-09-24,9621
00650L,復華香港正2,24,0,24,富邦-花蓮,2024-09-24,9621
00946,群益科技高息成長,26,3,23,富邦-花蓮,2024-09-24,9621
00934,中信成長高股息,21,0,21,富邦-花蓮,2024-09-24,9621
3711,日月光投控,31,10,21,富邦-花蓮,2024-09-24,9621
1524,耿鼎,26,7,19,富邦-花蓮,2024-09-24,9621
00712,復華富時不動產,18,0,18,富邦-花蓮,2024-09-24,9621
2605,新興,30,13,17,富邦-花蓮,2024-09-24,9621
5386,青雲,18,1,17,富邦-花蓮,2024-09-24,9621
2834,臺企銀,16,0,16,富邦-花蓮,2024-09-24,9621
00651R,復華香港反1,15,0,15,富邦-花蓮,2024-09-24,9621
5371,中光電,16,1,15,富邦-花蓮,2024-09-24,9621
2405,輔信,15,0,15,富邦-花蓮,2024-09-24,9621
2349,錸德,24,10,14,富邦-花蓮,2024-09-24,9621
3013,晟銘電,137,124,13,富邦-花蓮,2024-09-24,9621
00933B,國泰10Y+金融債,16,3,13,富邦-花蓮,2024-09-24,9621
8096,擎亞,30,17,13,富邦-花蓮,2024-09-24,9621
2070,精湛,21,9,12,富邦-花蓮,2024-09-24,9621
3149,正達,67,55,12,富邦-花蓮,2024-09-24,9621
6405,悅城,24,12,12,富邦-花蓮,2024-09-24,9621
2365,昆盈,14,2,12,富邦-花蓮,2024-09-24,9621
1584,精剛,21,10,11,富邦-花蓮,2024-09-24,9621
2436,偉詮電,22,11,11,富邦-花蓮,2024-09-24,9621
3511,矽瑪,12,1,11,富邦-花蓮,2024-09-24,9621
4971,IET-KY,11,0,11,富邦-花蓮,2024-09-24,9621
4979,華星光,19,8,11,富邦-花蓮,2024-09-24,9621
00954,中信日本半導體,10,0,10,富邦-花蓮,2024-09-24,9621
1532,勤美,10,0,10,富邦-花蓮,2024-09-24,9621
3036,文曄,10,0,10,富邦-花蓮,2024-09-24,9621
3167,大量,32,22,10,富邦-花蓮,2024-09-24,9621
3430,奇鈦科,10,0,10,富邦-花蓮,2024-09-24,9621
4543,萬在,10,0,10,富邦-花蓮,2024-09-24,9621
2888,新光金,254,101,153,富邦-花蓮,2024-09-25,9621
1711,永光,176,43,133,富邦-花蓮,2024-09-25,9621
00679B,元大美債20年,100,6,94,富邦-花蓮,2024-09-25,9621
00946,群益科技高息成長,89,0,89,富邦-花蓮,2024-09-25,9621
00665L,富邦�琤肭磪囓�2,230,141,89,富邦-花蓮,2024-09-25,9621
2481,強茂,86,20,66,富邦-花蓮,2024-09-25,9621
2891,中信金,83,19,64,富邦-花蓮,2024-09-25,9621
00687B,國泰20年美債,79,22,57,富邦-花蓮,2024-09-25,9621
00686R,群益臺灣加權反1,50,0,50,富邦-花蓮,2024-09-25,9621
00664R,國泰臺灣加權反1,44,0,44,富邦-花蓮,2024-09-25,9621
3673,TPK-KY,45,1,44,富邦-花蓮,2024-09-25,9621
2356,英業達,41,7,34,富邦-花蓮,2024-09-25,9621
3550,聯穎,107,78,29,富邦-花蓮,2024-09-25,9621
00918,大華優利高填息30,42,14,28,富邦-花蓮,2024-09-25,9621
2399,映泰,33,5,28,富邦-花蓮,2024-09-25,9621
3062,建漢,37,9,28,富邦-花蓮,2024-09-25,9621
2401,凌陽,25,0,25,富邦-花蓮,2024-09-25,9621
4903,聯光通,142,119,23,富邦-花蓮,2024-09-25,9621
6923,中台,23,2,21,富邦-花蓮,2024-09-25,9621
2542,興富發,29,10,19,富邦-花蓮,2024-09-25,9621
2495,普安,21,3,18,富邦-花蓮,2024-09-25,9621
1808,潤隆,16,0,16,富邦-花蓮,2024-09-25,9621
3209,全科,25,9,16,富邦-花蓮,2024-09-25,9621
6189,豐藝,16,0,16,富邦-花蓮,2024-09-25,9621
5425,台半,15,0,15,富邦-花蓮,2024-09-25,9621
2883,凱基金,21,6,15,富邦-花蓮,2024-09-25,9621
3227,原相,19,4,15,富邦-花蓮,2024-09-25,9621
00937B,群益ESG投等債20,15,0,15,富邦-花蓮,2024-09-25,9621
2388,威盛,18,4,14,富邦-花蓮,2024-09-25,9621
5460,同協,14,0,14,富邦-花蓮,2024-09-25,9621
9105,泰金寶-DR,20,6,14,富邦-花蓮,2024-09-25,9621
1785,光洋科,18,4,14,富邦-花蓮,2024-09-25,9621
2613,中櫃,13,0,13,富邦-花蓮,2024-09-25,9621
3029,零壹,13,0,13,富邦-花蓮,2024-09-25,9621
8111,立��,39,27,12,富邦-花蓮,2024-09-25,9621
8076,伍豐,23,11,12,富邦-花蓮,2024-09-25,9621
6288,聯嘉,12,1,11,富邦-花蓮,2024-09-25,9621
6548,長科*,18,7,11,富邦-花蓮,2024-09-25,9621
6451,訊芯-KY,13,2,11,富邦-花蓮,2024-09-25,9621
00651R,復華香港反1,10,0,10,富邦-花蓮,2024-09-25,9621
00674R,期元大S＆P黃金反1,10,0,10,富邦-花蓮,2024-09-25,9621
00951,台新日本半導體,20,10,10,富邦-花蓮,2024-09-25,9621
2314,台揚,10,0,10,富邦-花蓮,2024-09-25,9621
2601,益航,10,0,10,富邦-花蓮,2024-09-25,9621
5905,南仁湖,10,0,10,富邦-花蓮,2024-09-25,9621
8066,來思達,10,0,10,富邦-花蓮,2024-09-25,9621
3047,訊舟,34,24,10,富邦-花蓮,2024-09-25,9621
3714,富采,13,3,10,富邦-花蓮,2024-09-25,9621
2354,鴻準,11,1,10,富邦-花蓮,2024-09-25,9621
2371,大同,11,2,9,富邦-花蓮,2024-09-25,9621
00960,野村全球航運龍頭,207,9,198,富邦-花蓮,2024-09-26,9621
00632R,元大台灣50反1,190,10,180,富邦-花蓮,2024-09-26,9621
00715L,期街口布蘭特正2,197,41,156,富邦-花蓮,2024-09-26,9621
00948B,中信優息投資級債,115,0,115,富邦-花蓮,2024-09-26,9621
4510,高鋒,123,20,103,富邦-花蓮,2024-09-26,9621
00687B,國泰20年美債,136,36,100,富邦-花蓮,2024-09-26,9621
3049,精金,93,2,91,富邦-花蓮,2024-09-26,9621
2881,富邦金,84,13,71,富邦-花蓮,2024-09-26,9621
00679B,元大美債20年,57,0,57,富邦-花蓮,2024-09-26,9621
00686R,群益臺灣加權反1,50,0,50,富邦-花蓮,2024-09-26,9621
3047,訊舟,50,3,47,富邦-花蓮,2024-09-26,9621
3673,TPK-KY,48,4,44,富邦-花蓮,2024-09-26,9621
00937B,群益ESG投等債20,116,74,42,富邦-花蓮,2024-09-26,9621
00642U,期元大S＆P石油,42,0,42,富邦-花蓮,2024-09-26,9621
2408,南亞科,42,1,41,富邦-花蓮,2024-09-26,9621
00680L,元大美債20正2,43,5,38,富邦-花蓮,2024-09-26,9621
00688L,國泰20年美債正2,37,1,36,富邦-花蓮,2024-09-26,9621
1808,潤隆,56,25,31,富邦-花蓮,2024-09-26,9621
3455,由田,25,0,25,富邦-花蓮,2024-09-26,9621
8110,華東,27,2,25,富邦-花蓮,2024-09-26,9621
3019,亞光,41,18,23,富邦-花蓮,2024-09-26,9621
2477,美隆電,26,4,22,富邦-花蓮,2024-09-26,9621
3715,定穎投控,41,19,22,富邦-花蓮,2024-09-26,9621
00933B,國泰10Y+金融債,69,48,21,富邦-花蓮,2024-09-26,9621
00676R,富邦臺灣加權反1,20,0,20,富邦-花蓮,2024-09-26,9621
3339,泰谷,20,0,20,富邦-花蓮,2024-09-26,9621
2371,大同,37,18,19,富邦-花蓮,2024-09-26,9621
3149,正達,32,14,18,富邦-花蓮,2024-09-26,9621
00931B,統一美債20年,23,5,18,富邦-花蓮,2024-09-26,9621
8111,立��,73,56,17,富邦-花蓮,2024-09-26,9621
3013,晟銘電,33,16,17,富邦-花蓮,2024-09-26,9621
00958B,永豐ESG銀行債15,16,0,16,富邦-花蓮,2024-09-26,9621
00674R,期元大S＆P黃金反1,15,0,15,富邦-花蓮,2024-09-26,9621
00651R,復華香港反1,15,0,15,富邦-花蓮,2024-09-26,9621
00934,中信成長高股息,25,10,15,富邦-花蓮,2024-09-26,9621
2354,鴻準,27,12,15,富邦-花蓮,2024-09-26,9621
2362,藍天,18,3,15,富邦-花蓮,2024-09-26,9621
8374,羅昇,33,18,15,富邦-花蓮,2024-09-26,9621
2887,台新金,19,4,15,富邦-花蓮,2024-09-26,9621
6877,鏵友益,14,1,13,富邦-花蓮,2024-09-26,9621
3605,宏致,14,2,12,富邦-花蓮,2024-09-26,9621
6215,和椿,15,3,12,富邦-花蓮,2024-09-26,9621
00671R,富邦NASDAQ反1,10,0,10,富邦-花蓮,2024-09-26,9621
00669R,國泰美國道瓊反1,10,0,10,富邦-花蓮,2024-09-26,9621
00947,台新臺灣IC設計,10,0,10,富邦-花蓮,2024-09-26,9621
2613,中櫃,11,1,10,富邦-花蓮,2024-09-26,9621
2883,凱基金,54,44,10,富邦-花蓮,2024-09-26,9621
3062,建漢,131,121,10,富邦-花蓮,2024-09-26,9621
4109,加捷生醫,10,0,10,富邦-花蓮,2024-09-26,9621
6133,金橋,11,1,10,富邦-花蓮,2024-09-26,9621
00948B,中信優息投資級債,458,60,398,富邦-花蓮,2024-09-27,9621
00715L,期街口布蘭特正2,162,9,153,富邦-花蓮,2024-09-27,9621
00632R,元大台灣50反1,183,60,123,富邦-花蓮,2024-09-27,9621
00679B,元大美債20年,148,30,118,富邦-花蓮,2024-09-27,9621
00687B,國泰20年美債,105,7,98,富邦-花蓮,2024-09-27,9621
00753L,中信中國50正2,140,46,94,富邦-花蓮,2024-09-27,9621
00960,野村全球航運龍頭,85,10,75,富邦-花蓮,2024-09-27,9621
00637L,元大滬深300正2,84,20,64,富邦-花蓮,2024-09-27,9621
00953B,群益優選非投等債,63,0,63,富邦-花蓮,2024-09-27,9621
00952,凱基台灣AI50,77,20,57,富邦-花蓮,2024-09-27,9621
00937B,群益ESG投等債20,65,13,52,富邦-花蓮,2024-09-27,9621
00686R,群益臺灣加權反1,50,0,50,富邦-花蓮,2024-09-27,9621
2323,中環,51,3,48,富邦-花蓮,2024-09-27,9621
2615,萬海,146,103,43,富邦-花蓮,2024-09-27,9621
2891,中信金,49,8,41,富邦-花蓮,2024-09-27,9621
00830,國泰費城半導體,41,1,40,富邦-花蓮,2024-09-27,9621
8150,南茂,40,0,40,富邦-花蓮,2024-09-27,9621
3037,欣興,73,33,40,富邦-花蓮,2024-09-27,9621
4979,華星光,68,29,39,富邦-花蓮,2024-09-27,9621
3550,聯穎,43,5,38,富邦-花蓮,2024-09-27,9621
3019,亞光,51,17,34,富邦-花蓮,2024-09-27,9621
00931B,統一美債20年,34,0,34,富邦-花蓮,2024-09-27,9621
1312,國喬,50,17,33,富邦-花蓮,2024-09-27,9621
00706L,期元大S＆P日圓正2,32,0,32,富邦-花蓮,2024-09-27,9621
2388,威盛,86,58,28,富邦-花蓮,2024-09-27,9621
00642U,期元大S＆P石油,28,0,28,富邦-花蓮,2024-09-27,9621
2852,第一保,25,0,25,富邦-花蓮,2024-09-27,9621
00725B,國泰投資級公司債,26,2,24,富邦-花蓮,2024-09-27,9621
8054,安國,31,8,23,富邦-花蓮,2024-09-27,9621
00651R,復華香港反1,20,0,20,富邦-花蓮,2024-09-27,9621
00881,國泰台灣5G+,23,3,20,富邦-花蓮,2024-09-27,9621
2637,慧洋-KY,34,14,20,富邦-花蓮,2024-09-27,9621
3060,銘異,19,0,19,富邦-花蓮,2024-09-27,9621
2371,大同,24,7,17,富邦-花蓮,2024-09-27,9621
6116,彩晶,16,0,16,富邦-花蓮,2024-09-27,9621
00751B,元大AAA至A公司債,14,0,14,富邦-花蓮,2024-09-27,9621
2367,燿華,17,3,14,富邦-花蓮,2024-09-27,9621
3715,定穎投控,42,28,14,富邦-花蓮,2024-09-27,9621
4908,前鼎,21,7,14,富邦-花蓮,2024-09-27,9621
3033,威健,13,0,13,富邦-花蓮,2024-09-27,9621
5014,建錩,14,1,13,富邦-花蓮,2024-09-27,9621
3047,訊舟,15,2,13,富邦-花蓮,2024-09-27,9621
00891,中信關鍵半導體,13,0,13,富邦-花蓮,2024-09-27,9621
2399,映泰,19,7,12,富邦-花蓮,2024-09-27,9621
2415,錩新,12,0,12,富邦-花蓮,2024-09-27,9621
2449,京元電子,43,32,11,富邦-花蓮,2024-09-27,9621
2356,英業達,23,12,11,富邦-花蓮,2024-09-27,9621
2365,昆盈,15,4,11,富邦-花蓮,2024-09-27,9621
2610,華航,12,1,11,富邦-花蓮,2024-09-27,9621
3564,其陽,13,2,11,富邦-花蓮,2024-09-27,9621
00676R,富邦臺灣加權反1,225,0,225,富邦-花蓮,2024-09-30,9621
00637L,元大滬深300正2,245,45,200,富邦-花蓮,2024-09-30,9621
00929,復華台灣科技優息,175,10,165,富邦-花蓮,2024-09-30,9621
00919,群益台灣精選高息,192,57,135,富邦-花蓮,2024-09-30,9621
00665L,富邦�琤肭磪囓�2,137,35,102,富邦-花蓮,2024-09-30,9621
00940,元大台灣價值高息,131,37,94,富邦-花蓮,2024-09-30,9621
2615,萬海,744,654,90,富邦-花蓮,2024-09-30,9621
00942B,台新美A公司債20+,81,0,81,富邦-花蓮,2024-09-30,9621
00945B,凱基美國非投等債,77,0,77,富邦-花蓮,2024-09-30,9621
00679B,元大美債20年,60,4,56,富邦-花蓮,2024-09-30,9621
2605,新興,72,19,53,富邦-花蓮,2024-09-30,9621
00948B,中信優息投資級債,53,0,53,富邦-花蓮,2024-09-30,9621
2323,中環,51,0,51,富邦-花蓮,2024-09-30,9621
00680L,元大美債20正2,52,3,49,富邦-花蓮,2024-09-30,9621
2009,第一銅,34,0,34,富邦-花蓮,2024-09-30,9621
00946,群益科技高息成長,33,0,33,富邦-花蓮,2024-09-30,9621
0061,元大寶滬深,30,0,30,富邦-花蓮,2024-09-30,9621
1609,大亞,32,2,30,富邦-花蓮,2024-09-30,9621
2617,台航,30,1,29,富邦-花蓮,2024-09-30,9621
2610,華航,32,5,27,富邦-花蓮,2024-09-30,9621
2637,慧洋-KY,43,18,25,富邦-花蓮,2024-09-30,9621
2330,台積電,27,3,24,富邦-花蓮,2024-09-30,9621
4977,眾達-KY,42,18,24,富邦-花蓮,2024-09-30,9621
00918,大華優利高填息30,23,0,23,富邦-花蓮,2024-09-30,9621
2489,瑞軒,22,0,22,富邦-花蓮,2024-09-30,9621
00725B,國泰投資級公司債,21,0,21,富邦-花蓮,2024-09-30,9621
00688L,國泰20年美債正2,40,20,20,富邦-花蓮,2024-09-30,9621
2317,鴻海,50,31,19,富邦-花蓮,2024-09-30,9621
1708,東鹼,20,1,19,富邦-花蓮,2024-09-30,9621
2303,聯電,22,3,19,富邦-花蓮,2024-09-30,9621
3346,麗清,19,0,19,富邦-花蓮,2024-09-30,9621
8104,錸寶,25,6,19,富邦-花蓮,2024-09-30,9621
00921,兆豐龍頭等權重,17,0,17,富邦-花蓮,2024-09-30,9621
2603,長榮,32,16,16,富邦-花蓮,2024-09-30,9621
3209,全科,16,0,16,富邦-花蓮,2024-09-30,9621
00720B,元大投資級公司債,15,0,15,富邦-花蓮,2024-09-30,9621
00934,中信成長高股息,15,0,15,富邦-花蓮,2024-09-30,9621
3526,凡甲,15,0,15,富邦-花蓮,2024-09-30,9621
00878,國泰永續高股息,56,41,15,富邦-花蓮,2024-09-30,9621
3037,欣興,17,3,14,富邦-花蓮,2024-09-30,9621
2313,華通,17,3,14,富邦-花蓮,2024-09-30,9621
3450,聯鈞,35,21,14,富邦-花蓮,2024-09-30,9621
00960,野村全球航運龍頭,21,8,13,富邦-花蓮,2024-09-30,9621
2542,興富發,13,0,13,富邦-花蓮,2024-09-30,9621
6104,創惟,18,5,13,富邦-花蓮,2024-09-30,9621
0050,元大台灣50,14,1,13,富邦-花蓮,2024-09-30,9621
006208,富邦台50,16,3,13,富邦-花蓮,2024-09-30,9621
9955,佳龍,12,0,12,富邦-花蓮,2024-09-30,9621
3047,訊舟,11,0,11,富邦-花蓮,2024-09-30,9621
0056,元大高股息,37,27,10,富邦-花蓮,2024-09-30,9621
0056,元大高股息,212,85,127,富邦-花蓮,2024-10-01,9621
00676R,富邦臺灣加權反1,105,0,105,富邦-花蓮,2024-10-01,9621
00940,元大台灣價值高息,92,0,92,富邦-花蓮,2024-10-01,9621
00665L,富邦�琤肭磪囓�2,125,51,74,富邦-花蓮,2024-10-01,9621
00680L,元大美債20正2,64,0,64,富邦-花蓮,2024-10-01,9621
6770,力積電,57,0,57,富邦-花蓮,2024-10-01,9621
00929,復華台灣科技優息,190,142,48,富邦-花蓮,2024-10-01,9621
5014,建錩,53,7,46,富邦-花蓮,2024-10-01,9621
00878,國泰永續高股息,49,6,43,富邦-花蓮,2024-10-01,9621
2344,華邦電,43,0,43,富邦-花蓮,2024-10-01,9621
00687B,國泰20年美債,42,6,36,富邦-花蓮,2024-10-01,9621
2888,新光金,39,4,35,富邦-花蓮,2024-10-01,9621
1905,華紙,35,0,35,富邦-花蓮,2024-10-01,9621
2303,聯電,35,1,34,富邦-花蓮,2024-10-01,9621
00688L,國泰20年美債正2,31,0,31,富邦-花蓮,2024-10-01,9621
2317,鴻海,125,95,30,富邦-花蓮,2024-10-01,9621
3511,矽瑪,40,13,27,富邦-花蓮,2024-10-01,9621
00937B,群益ESG投等債20,28,2,26,富邦-花蓮,2024-10-01,9621
3013,晟銘電,41,15,26,富邦-花蓮,2024-10-01,9621
4442,竣邦-KY,25,0,25,富邦-花蓮,2024-10-01,9621
4977,眾達-KY,32,9,23,富邦-花蓮,2024-10-01,9621
00753L,中信中國50正2,88,65,23,富邦-花蓮,2024-10-01,9621
2362,藍天,33,11,22,富邦-花蓮,2024-10-01,9621
2881,富邦金,21,0,21,富邦-花蓮,2024-10-01,9621
2605,新興,29,9,20,富邦-花蓮,2024-10-01,9621
3548,兆利,21,1,20,富邦-花蓮,2024-10-01,9621
6202,盛群,20,0,20,富邦-花蓮,2024-10-01,9621
2399,映泰,30,10,20,富邦-花蓮,2024-10-01,9621
00713,元大台灣高息低波,19,0,19,富邦-花蓮,2024-10-01,9621
1817,凱撒衛,19,0,19,富邦-花蓮,2024-10-01,9621
2014,中鴻,72,54,18,富邦-花蓮,2024-10-01,9621
2455,全新,45,27,18,富邦-花蓮,2024-10-01,9621
8096,擎亞,37,20,17,富邦-花蓮,2024-10-01,9621
00915,凱基優選高股息30,16,0,16,富邦-花蓮,2024-10-01,9621
1802,台玻,48,32,16,富邦-花蓮,2024-10-01,9621
1605,華新,15,0,15,富邦-花蓮,2024-10-01,9621
4420,光明,15,0,15,富邦-花蓮,2024-10-01,9621
00881,國泰台灣5G+,16,2,14,富邦-花蓮,2024-10-01,9621
00885,富邦越南,14,0,14,富邦-花蓮,2024-10-01,9621
00922,國泰台灣領袖50,13,0,13,富邦-花蓮,2024-10-01,9621
3673,TPK-KY,15,2,13,富邦-花蓮,2024-10-01,9621
6443,元晶,13,0,13,富邦-花蓮,2024-10-01,9621
2356,英業達,11,0,11,富邦-花蓮,2024-10-01,9621
1301,台塑,10,0,10,富邦-花蓮,2024-10-01,9621
1711,永光,14,4,10,富邦-花蓮,2024-10-01,9621
2929,淘帝-KY,10,0,10,富邦-花蓮,2024-10-01,9621
3060,銘異,10,0,10,富邦-花蓮,2024-10-01,9621
3189,景碩,23,13,10,富邦-花蓮,2024-10-01,9621
8403,盛弘,10,0,10,富邦-花蓮,2024-10-01,9621
1514,亞力,12,3,9,富邦-花蓮,2024-10-01,9621
00919,群益台灣精選高息,239,10,229,富邦-花蓮,2024-10-04,9621
00679B,元大美債20年,112,4,108,富邦-花蓮,2024-10-04,9621
0056,元大高股息,107,8,99,富邦-花蓮,2024-10-04,9621
00929,復華台灣科技優息,318,220,98,富邦-花蓮,2024-10-04,9621
00948B,中信優息投資級債,95,0,95,富邦-花蓮,2024-10-04,9621
00940,元大台灣價值高息,97,10,87,富邦-花蓮,2024-10-04,9621
3550,聯穎,92,10,82,富邦-花蓮,2024-10-04,9621
00922,國泰台灣領袖50,76,0,76,富邦-花蓮,2024-10-04,9621
2615,萬海,73,4,69,富邦-花蓮,2024-10-04,9621
2610,華航,116,49,67,富邦-花蓮,2024-10-04,9621
00878,國泰永續高股息,67,1,66,富邦-花蓮,2024-10-04,9621
00952,凱基台灣AI50,59,0,59,富邦-花蓮,2024-10-04,9621
2609,陽明,76,20,56,富邦-花蓮,2024-10-04,9621
00706L,期元大S＆P日圓正2,56,0,56,富邦-花蓮,2024-10-04,9621
00909,國泰數位支付服務,55,0,55,富邦-花蓮,2024-10-04,9621
00939,統一台灣高息動能,52,7,45,富邦-花蓮,2024-10-04,9621
00712,復華富時不動產,43,0,43,富邦-花蓮,2024-10-04,9621
2891,中信金,43,2,41,富邦-花蓮,2024-10-04,9621
2312,金寶,38,1,37,富邦-花蓮,2024-10-04,9621
00639,富邦深100,41,5,36,富邦-花蓮,2024-10-04,9621
2618,長榮航,51,15,36,富邦-花蓮,2024-10-04,9621
2603,長榮,35,5,30,富邦-花蓮,2024-10-04,9621
2354,鴻準,52,23,29,富邦-花蓮,2024-10-04,9621
2303,聯電,32,3,29,富邦-花蓮,2024-10-04,9621
00918,大華優利高填息30,27,0,27,富邦-花蓮,2024-10-04,9621
1785,光洋科,27,0,27,富邦-花蓮,2024-10-04,9621
1609,大亞,25,0,25,富邦-花蓮,2024-10-04,9621
6770,力積電,25,0,25,富邦-花蓮,2024-10-04,9621
2489,瑞軒,25,0,25,富邦-花蓮,2024-10-04,9621
2867,三商壽,24,0,24,富邦-花蓮,2024-10-04,9621
006208,富邦台50,24,0,24,富邦-花蓮,2024-10-04,9621
2637,慧洋-KY,25,2,23,富邦-花蓮,2024-10-04,9621
2331,精英,22,0,22,富邦-花蓮,2024-10-04,9621
00960,野村全球航運龍頭,44,23,21,富邦-花蓮,2024-10-04,9621
5014,建錩,49,28,21,富邦-花蓮,2024-10-04,9621
00696B,富邦美債20年,20,0,20,富邦-花蓮,2024-10-04,9621
2613,中櫃,20,1,19,富邦-花蓮,2024-10-04,9621
4563,百德,60,41,19,富邦-花蓮,2024-10-04,9621
1301,台塑,23,7,16,富邦-花蓮,2024-10-04,9621
00713,元大台灣高息低波,16,0,16,富邦-花蓮,2024-10-04,9621
8039,台虹,33,19,14,富邦-花蓮,2024-10-04,9621
2886,兆豐金,13,0,13,富邦-花蓮,2024-10-04,9621
2382,廣達,20,7,13,富邦-花蓮,2024-10-04,9621
5425,台半,15,2,13,富邦-花蓮,2024-10-04,9621
8150,南茂,16,3,13,富邦-花蓮,2024-10-04,9621
00881,國泰台灣5G+,19,7,12,富邦-花蓮,2024-10-04,9621
00927,群益半導體收益,12,0,12,富邦-花蓮,2024-10-04,9621
5347,世界,11,0,11,富邦-花蓮,2024-10-04,9621
2834,臺企銀,13,2,11,富邦-花蓮,2024-10-04,9621
2308,台達電,92,81,11,富邦-花蓮,2024-10-04,9621
00664R,國泰臺灣加權反1,157,0,157,富邦-花蓮,2024-10-07,9621
00730,富邦臺灣優質高息,150,0,150,富邦-花蓮,2024-10-07,9621
00922,國泰台灣領袖50,130,6,124,富邦-花蓮,2024-10-07,9621
00637L,元大滬深300正2,161,63,98,富邦-花蓮,2024-10-07,9621
00929,復華台灣科技優息,111,17,94,富邦-花蓮,2024-10-07,9621
00753L,中信中國50正2,126,51,75,富邦-花蓮,2024-10-07,9621
2344,華邦電,73,0,73,富邦-花蓮,2024-10-07,9621
00650L,復華香港正2,56,4,52,富邦-花蓮,2024-10-07,9621
00688L,國泰20年美債正2,51,10,41,富邦-花蓮,2024-10-07,9621
3049,精金,69,28,41,富邦-花蓮,2024-10-07,9621
5014,建錩,48,10,38,富邦-花蓮,2024-10-07,9621
1314,中石化,48,12,36,富邦-花蓮,2024-10-07,9621
00676R,富邦臺灣加權反1,35,0,35,富邦-花蓮,2024-10-07,9621
00679B,元大美債20年,34,0,34,富邦-花蓮,2024-10-07,9621
00919,群益台灣精選高息,40,8,32,富邦-花蓮,2024-10-07,9621
00633L,富邦上証正2,48,16,32,富邦-花蓮,2024-10-07,9621
00937B,群益ESG投等債20,39,7,32,富邦-花蓮,2024-10-07,9621
2609,陽明,190,159,31,富邦-花蓮,2024-10-07,9621
00685L,群益臺灣加權正2,36,6,30,富邦-花蓮,2024-10-07,9621
00725B,國泰投資級公司債,30,0,30,富邦-花蓮,2024-10-07,9621
2348,海悅,30,0,30,富邦-花蓮,2024-10-07,9621
2489,瑞軒,30,0,30,富邦-花蓮,2024-10-07,9621
1301,台塑,29,0,29,富邦-花蓮,2024-10-07,9621
0056,元大高股息,35,7,28,富邦-花蓮,2024-10-07,9621
8111,立��,68,42,26,富邦-花蓮,2024-10-07,9621
00960,野村全球航運龍頭,24,0,24,富邦-花蓮,2024-10-07,9621
006207,復華滬深,24,0,24,富邦-花蓮,2024-10-07,9621
3149,正達,61,38,23,富邦-花蓮,2024-10-07,9621
2442,新美齊,23,0,23,富邦-花蓮,2024-10-07,9621
00905,FT臺灣Smart,22,0,22,富邦-花蓮,2024-10-07,9621
2542,興富發,23,2,21,富邦-花蓮,2024-10-07,9621
3481,群創,32,11,21,富邦-花蓮,2024-10-07,9621
2436,偉詮電,23,4,19,富邦-花蓮,2024-10-07,9621
00878,國泰永續高股息,27,9,18,富邦-花蓮,2024-10-07,9621
3025,星通,50,32,18,富邦-花蓮,2024-10-07,9621
2313,華通,22,4,18,富邦-花蓮,2024-10-07,9621
3037,欣興,18,1,17,富邦-花蓮,2024-10-07,9621
2351,順德,16,0,16,富邦-花蓮,2024-10-07,9621
1326,台化,15,0,15,富邦-花蓮,2024-10-07,9621
2834,臺企銀,15,0,15,富邦-花蓮,2024-10-07,9621
2356,英業達,15,1,14,富邦-花蓮,2024-10-07,9621
00665L,富邦�琤肭磪囓�2,60,46,14,富邦-花蓮,2024-10-07,9621
5351,鈺創,15,1,14,富邦-花蓮,2024-10-07,9621
8404,百和興業-KY,20,6,14,富邦-花蓮,2024-10-07,9621
2610,華航,54,41,13,富邦-花蓮,2024-10-07,9621
3450,聯鈞,23,10,13,富邦-花蓮,2024-10-07,9621
3591,艾笛森,15,2,13,富邦-花蓮,2024-10-07,9621
2353,宏��,12,0,12,富邦-花蓮,2024-10-07,9621
00933B,國泰10Y+金融債,12,0,12,富邦-花蓮,2024-10-07,9621
3227,原相,15,3,12,富邦-花蓮,2024-10-07,9621
00937B,群益ESG投等債20,242,24,218,富邦-花蓮,2024-10-08,9621
00637L,元大滬深300正2,232,60,172,富邦-花蓮,2024-10-08,9621
00929,復華台灣科技優息,178,13,165,富邦-花蓮,2024-10-08,9621
2892,第一金,156,0,156,富邦-花蓮,2024-10-08,9621
2601,益航,137,27,110,富邦-花蓮,2024-10-08,9621
00919,群益台灣精選高息,110,8,102,富邦-花蓮,2024-10-08,9621
0056,元大高股息,85,0,85,富邦-花蓮,2024-10-08,9621
00753L,中信中國50正2,123,41,82,富邦-花蓮,2024-10-08,9621
00679B,元大美債20年,92,12,80,富邦-花蓮,2024-10-08,9621
00882,中信中國高股息,188,116,72,富邦-花蓮,2024-10-08,9621
00922,國泰台灣領袖50,72,5,67,富邦-花蓮,2024-10-08,9621
00712,復華富時不動產,68,2,66,富邦-花蓮,2024-10-08,9621
2014,中鴻,99,45,54,富邦-花蓮,2024-10-08,9621
00940,元大台灣價值高息,68,15,53,富邦-花蓮,2024-10-08,9621
00887,永豐中國科技50大,50,4,46,富邦-花蓮,2024-10-08,9621
00676R,富邦臺灣加權反1,45,0,45,富邦-花蓮,2024-10-08,9621
00878,國泰永續高股息,48,5,43,富邦-花蓮,2024-10-08,9621
3481,群創,40,0,40,富邦-花蓮,2024-10-08,9621
1314,中石化,45,6,39,富邦-花蓮,2024-10-08,9621
00687B,國泰20年美債,60,22,38,富邦-花蓮,2024-10-08,9621
1909,榮成,35,0,35,富邦-花蓮,2024-10-08,9621
2344,華邦電,42,8,34,富邦-花蓮,2024-10-08,9621
00713,元大台灣高息低波,29,0,29,富邦-花蓮,2024-10-08,9621
4956,光鋐,29,1,28,富邦-花蓮,2024-10-08,9621
2605,新興,27,0,27,富邦-花蓮,2024-10-08,9621
00680L,元大美債20正2,70,45,25,富邦-花蓮,2024-10-08,9621
2317,鴻海,69,44,25,富邦-花蓮,2024-10-08,9621
8039,台虹,37,13,24,富邦-花蓮,2024-10-08,9621
2609,陽明,30,6,24,富邦-花蓮,2024-10-08,9621
2610,華航,24,1,23,富邦-花蓮,2024-10-08,9621
00725B,國泰投資級公司債,44,21,23,富邦-花蓮,2024-10-08,9621
2498,宏達電,27,5,22,富邦-花蓮,2024-10-08,9621
1815,富喬,33,12,21,富邦-花蓮,2024-10-08,9621
2929,淘帝-KY,26,5,21,富邦-花蓮,2024-10-08,9621
00706L,期元大S＆P日圓正2,20,0,20,富邦-花蓮,2024-10-08,9621
00943,兆豐電子高息等權,20,0,20,富邦-花蓮,2024-10-08,9621
2365,昆盈,26,6,20,富邦-花蓮,2024-10-08,9621
1301,台塑,20,1,19,富邦-花蓮,2024-10-08,9621
3227,原相,26,7,19,富邦-花蓮,2024-10-08,9621
6184,大豐電,18,0,18,富邦-花蓮,2024-10-08,9621
3037,欣興,20,2,18,富邦-花蓮,2024-10-08,9621
00946,群益科技高息成長,17,1,16,富邦-花蓮,2024-10-08,9621
2362,藍天,29,13,16,富邦-花蓮,2024-10-08,9621
3149,正達,38,22,16,富邦-花蓮,2024-10-08,9621
2399,映泰,60,44,16,富邦-花蓮,2024-10-08,9621
2354,鴻準,17,2,15,富邦-花蓮,2024-10-08,9621
00696B,富邦美債20年,15,0,15,富邦-花蓮,2024-10-08,9621
00958B,永豐ESG銀行債15,15,0,15,富邦-花蓮,2024-10-08,9621
6573,虹揚-KY,15,0,15,富邦-花蓮,2024-10-08,9621
8111,立��,32,17,15,富邦-花蓮,2024-10-08,9621
00937B,群益ESG投等債20,521,1,520,富邦-花蓮,2024-10-09,9621
00772B,中信高評級公司債,200,2,198,富邦-花蓮,2024-10-09,9621
00665L,富邦�琤肭磪囓�2,189,3,186,富邦-花蓮,2024-10-09,9621
2892,第一金,134,0,134,富邦-花蓮,2024-10-09,9621
00679B,元大美債20年,134,2,132,富邦-花蓮,2024-10-09,9621
00680L,元大美債20正2,118,30,88,富邦-花蓮,2024-10-09,9621
00637L,元大滬深300正2,141,57,84,富邦-花蓮,2024-10-09,9621
2303,聯電,75,0,75,富邦-花蓮,2024-10-09,9621
2014,中鴻,70,1,69,富邦-花蓮,2024-10-09,9621
00715L,期街口布蘭特正2,74,5,69,富邦-花蓮,2024-10-09,9621
00905,FT臺灣Smart,58,0,58,富邦-花蓮,2024-10-09,9621
5488,松普,58,0,58,富邦-花蓮,2024-10-09,9621
2867,三商壽,58,2,56,富邦-花蓮,2024-10-09,9621
00671R,富邦NASDAQ反1,53,0,53,富邦-花蓮,2024-10-09,9621
00687B,國泰20年美債,52,1,51,富邦-花蓮,2024-10-09,9621
5905,南仁湖,50,5,45,富邦-花蓮,2024-10-09,9621
00753L,中信中國50正2,71,29,42,富邦-花蓮,2024-10-09,9621
00877,復華中國5G,40,1,39,富邦-花蓮,2024-10-09,9621
3149,正達,64,27,37,富邦-花蓮,2024-10-09,9621
2363,矽統,108,71,37,富邦-花蓮,2024-10-09,9621
2402,毅嘉,42,8,34,富邦-花蓮,2024-10-09,9621
2601,益航,35,1,34,富邦-花蓮,2024-10-09,9621
3481,群創,46,13,33,富邦-花蓮,2024-10-09,9621
00922,國泰台灣領袖50,33,0,33,富邦-花蓮,2024-10-09,9621
5014,建錩,33,0,33,富邦-花蓮,2024-10-09,9621
0056,元大高股息,33,1,32,富邦-花蓮,2024-10-09,9621
00948B,中信優息投資級債,31,0,31,富邦-花蓮,2024-10-09,9621
1909,榮成,30,0,30,富邦-花蓮,2024-10-09,9621
00931B,統一美債20年,41,12,29,富邦-花蓮,2024-10-09,9621
3576,聯合再生,31,2,29,富邦-花蓮,2024-10-09,9621
2426,鼎元,28,1,27,富邦-花蓮,2024-10-09,9621
6136,富爾特,27,0,27,富邦-花蓮,2024-10-09,9621
1301,台塑,27,2,25,富邦-花蓮,2024-10-09,9621
2464,盟立,27,2,25,富邦-花蓮,2024-10-09,9621
3591,艾笛森,32,9,23,富邦-花蓮,2024-10-09,9621
4510,高鋒,31,8,23,富邦-花蓮,2024-10-09,9621
1101,台泥,22,0,22,富邦-花蓮,2024-10-09,9621
6126,信音,26,4,22,富邦-花蓮,2024-10-09,9621
2317,鴻海,177,156,21,富邦-花蓮,2024-10-09,9621
2201,裕隆,21,0,21,富邦-花蓮,2024-10-09,9621
00919,群益台灣精選高息,24,4,20,富邦-花蓮,2024-10-09,9621
4971,IET-KY,24,4,20,富邦-花蓮,2024-10-09,9621
2405,輔信,20,0,20,富邦-花蓮,2024-10-09,9621
6207,雷科,47,27,20,富邦-花蓮,2024-10-09,9621
2609,陽明,21,2,19,富邦-花蓮,2024-10-09,9621
2427,三商電,20,1,19,富邦-花蓮,2024-10-09,9621
3048,益登,26,7,19,富邦-花蓮,2024-10-09,9621
2365,昆盈,28,9,19,富邦-花蓮,2024-10-09,9621
2408,南亞科,19,0,19,富邦-花蓮,2024-10-09,9621
00632R,元大台灣50反1,24,6,18,富邦-花蓮,2024-10-09,9621
00772B,中信高評級公司債,203,0,203,富邦-花蓮,2024-10-11,9621
2887,台新金,158,2,156,富邦-花蓮,2024-10-11,9621
8111,立��,127,18,109,富邦-花蓮,2024-10-11,9621
00679B,元大美債20年,113,12,101,富邦-花蓮,2024-10-11,9621
2409,友達,100,13,87,富邦-花蓮,2024-10-11,9621
00687B,國泰20年美債,84,5,79,富邦-花蓮,2024-10-11,9621
5488,松普,70,0,70,富邦-花蓮,2024-10-11,9621
5521,工信,70,0,70,富邦-花蓮,2024-10-11,9621
3673,TPK-KY,67,1,66,富邦-花蓮,2024-10-11,9621
2303,聯電,58,1,57,富邦-花蓮,2024-10-11,9621
00686R,群益臺灣加權反1,50,0,50,富邦-花蓮,2024-10-11,9621
00753L,中信中國50正2,54,7,47,富邦-花蓮,2024-10-11,9621
2344,華邦電,50,4,46,富邦-花蓮,2024-10-11,9621
00655L,國泰中國A50正2,36,0,36,富邦-花蓮,2024-10-11,9621
2354,鴻準,37,2,35,富邦-花蓮,2024-10-11,9621
00665L,富邦�琤肭磪囓�2,32,2,30,富邦-花蓮,2024-10-11,9621
6451,訊芯-KY,30,2,28,富邦-花蓮,2024-10-11,9621
2867,三商壽,27,1,26,富邦-花蓮,2024-10-11,9621
00696B,富邦美債20年,26,1,25,富邦-花蓮,2024-10-11,9621
3615,安可,28,3,25,富邦-花蓮,2024-10-11,9621
2888,新光金,70,46,24,富邦-花蓮,2024-10-11,9621
2421,建準,26,3,23,富邦-花蓮,2024-10-11,9621
4510,高鋒,25,2,23,富邦-花蓮,2024-10-11,9621
4903,聯光通,52,29,23,富邦-花蓮,2024-10-11,9621
1314,中石化,25,3,22,富邦-花蓮,2024-10-11,9621
3013,晟銘電,37,16,21,富邦-花蓮,2024-10-11,9621
5438,東友,21,0,21,富邦-花蓮,2024-10-11,9621
2489,瑞軒,30,10,20,富邦-花蓮,2024-10-11,9621
3037,欣興,22,2,20,富邦-花蓮,2024-10-11,9621
3363,上詮,41,22,19,富邦-花蓮,2024-10-11,9621
2449,京元電子,79,61,18,富邦-花蓮,2024-10-11,9621
2388,威盛,92,75,17,富邦-花蓮,2024-10-11,9621
1609,大亞,17,0,17,富邦-花蓮,2024-10-11,9621
2890,永豐金,16,0,16,富邦-花蓮,2024-10-11,9621
2547,日勝生,15,0,15,富邦-花蓮,2024-10-11,9621
2402,毅嘉,20,6,14,富邦-花蓮,2024-10-11,9621
00948B,中信優息投資級債,13,0,13,富邦-花蓮,2024-10-11,9621
2406,國碩,13,0,13,富邦-花蓮,2024-10-11,9621
4956,光鋐,132,119,13,富邦-花蓮,2024-10-11,9621
2208,台船,11,0,11,富邦-花蓮,2024-10-11,9621
2405,輔信,11,0,11,富邦-花蓮,2024-10-11,9621
3284,太普高,11,0,11,富邦-花蓮,2024-10-11,9621
4513,福裕,11,0,11,富邦-花蓮,2024-10-11,9621
6152,百一,11,0,11,富邦-花蓮,2024-10-11,9621
6609,瀧澤科,17,6,11,富邦-花蓮,2024-10-11,9621
0061,元大寶滬深,11,1,10,富邦-花蓮,2024-10-11,9621
5014,建錩,11,1,10,富邦-花蓮,2024-10-11,9621
6142,友勁,10,0,10,富邦-花蓮,2024-10-11,9621
6167,久正,10,0,10,富邦-花蓮,2024-10-11,9621
2062,橋椿,10,1,9,富邦-花蓮,2024-10-11,9621
00937B,群益ESG投等債20,417,18,399,富邦-花蓮,2024-10-14,9621
00922,國泰台灣領袖50,332,10,322,富邦-花蓮,2024-10-14,9621
00772B,中信高評級公司債,202,3,199,富邦-花蓮,2024-10-14,9621
00912,中信臺灣智慧50,151,0,151,富邦-花蓮,2024-10-14,9621
00948B,中信優息投資級債,114,3,111,富邦-花蓮,2024-10-14,9621
2312,金寶,235,126,109,富邦-花蓮,2024-10-14,9621
2887,台新金,112,6,106,富邦-花蓮,2024-10-14,9621
00687B,國泰20年美債,104,4,100,富邦-花蓮,2024-10-14,9621
8111,立��,77,18,59,富邦-花蓮,2024-10-14,9621
00688L,國泰20年美債正2,61,6,55,富邦-花蓮,2024-10-14,9621
9105,泰金寶-DR,113,60,53,富邦-花蓮,2024-10-14,9621
00887,永豐中國科技50大,57,5,52,富邦-花蓮,2024-10-14,9621
0056,元大高股息,49,1,48,富邦-花蓮,2024-10-14,9621
6637,醫影,44,0,44,富邦-花蓮,2024-10-14,9621
00637L,元大滬深300正2,50,10,40,富邦-花蓮,2024-10-14,9621
00877,復華中國5G,24,1,23,富邦-花蓮,2024-10-14,9621
00753L,中信中國50正2,110,88,22,富邦-花蓮,2024-10-14,9621
00882,中信中國高股息,32,11,21,富邦-花蓮,2024-10-14,9621
00706L,期元大S＆P日圓正2,20,0,20,富邦-花蓮,2024-10-14,9621
00900,富邦特選高股息30,20,1,19,富邦-花蓮,2024-10-14,9621
00712,復華富時不動產,18,0,18,富邦-花蓮,2024-10-14,9621
1314,中石化,16,0,16,富邦-花蓮,2024-10-14,9621
00642U,期元大S＆P石油,16,0,16,富邦-花蓮,2024-10-14,9621
3037,欣興,19,4,15,富邦-花蓮,2024-10-14,9621
2543,皇昌,28,13,15,富邦-花蓮,2024-10-14,9621
00680L,元大美債20正2,16,1,15,富邦-花蓮,2024-10-14,9621
6890,來億-KY,15,0,15,富邦-花蓮,2024-10-14,9621
3149,正達,61,46,15,富邦-花蓮,2024-10-14,9621
00715L,期街口布蘭特正2,14,0,14,富邦-花蓮,2024-10-14,9621
00881,國泰台灣5G+,20,6,14,富邦-花蓮,2024-10-14,9621
9939,宏全,22,9,13,富邦-花蓮,2024-10-14,9621
2603,長榮,15,2,13,富邦-花蓮,2024-10-14,9621
1721,三晃,13,1,12,富邦-花蓮,2024-10-14,9621
2426,鼎元,14,2,12,富邦-花蓮,2024-10-14,9621
2845,遠東銀,12,0,12,富邦-花蓮,2024-10-14,9621
6821,聯寶,12,0,12,富邦-花蓮,2024-10-14,9621
8011,台通,28,16,12,富邦-花蓮,2024-10-14,9621
9945,潤泰新,14,2,12,富邦-花蓮,2024-10-14,9621
00720B,元大投資級公司債,11,0,11,富邦-花蓮,2024-10-14,9621
3211,順達,11,0,11,富邦-花蓮,2024-10-14,9621
4303,信立,24,13,11,富邦-花蓮,2024-10-14,9621
00713,元大台灣高息低波,12,1,11,富邦-花蓮,2024-10-14,9621
1326,台化,10,0,10,富邦-花蓮,2024-10-14,9621
00905,FT臺灣Smart,30,20,10,富邦-花蓮,2024-10-14,9621
2801,彰銀,10,0,10,富邦-花蓮,2024-10-14,9621
3716,中化控股,10,0,10,富邦-花蓮,2024-10-14,9621
5324,士開,10,0,10,富邦-花蓮,2024-10-14,9621
2009,第一銅,11,1,10,富邦-花蓮,2024-10-14,9621
2399,映泰,29,19,10,富邦-花蓮,2024-10-14,9621
00931B,統一美債20年,9,0,9,富邦-花蓮,2024-10-14,9621
00715L,期街口布蘭特正2,182,4,178,富邦-花蓮,2024-10-15,9621
1314,中石化,202,43,159,富邦-花蓮,2024-10-15,9621
1802,台玻,124,4,120,富邦-花蓮,2024-10-15,9621
6821,聯寶,111,0,111,富邦-花蓮,2024-10-15,9621
00753L,中信中國50正2,145,46,99,富邦-花蓮,2024-10-15,9621
1714,和桐,81,0,81,富邦-花蓮,2024-10-15,9621
00680L,元大美債20正2,70,0,70,富邦-花蓮,2024-10-15,9621
00961,FT臺灣永續高息,52,0,52,富邦-花蓮,2024-10-15,9621
3149,正達,85,40,45,富邦-花蓮,2024-10-15,9621
8111,立��,66,21,45,富邦-花蓮,2024-10-15,9621
2002,中鋼,45,1,44,富邦-花蓮,2024-10-15,9621
5452,佶優,107,63,44,富邦-花蓮,2024-10-15,9621
00679B,元大美債20年,43,2,41,富邦-花蓮,2024-10-15,9621
3716,中化控股,41,0,41,富邦-花蓮,2024-10-15,9621
4903,聯光通,67,28,39,富邦-花蓮,2024-10-15,9621
2449,京元電子,64,25,39,富邦-花蓮,2024-10-15,9621
3591,艾笛森,44,10,34,富邦-花蓮,2024-10-15,9621
4956,光鋐,67,35,32,富邦-花蓮,2024-10-15,9621
00948B,中信優息投資級債,32,1,31,富邦-花蓮,2024-10-15,9621
00887,永豐中國科技50大,39,9,30,富邦-花蓮,2024-10-15,9621
00919,群益台灣精選高息,65,35,30,富邦-花蓮,2024-10-15,9621
00933B,國泰10Y+金融債,25,1,24,富邦-花蓮,2024-10-15,9621
3049,精金,27,3,24,富邦-花蓮,2024-10-15,9621
4979,華星光,58,34,24,富邦-花蓮,2024-10-15,9621
00738U,期元大道瓊白銀,22,0,22,富邦-花蓮,2024-10-15,9621
00665L,富邦�琤肭磪囓�2,32,10,22,富邦-花蓮,2024-10-15,9621
4128,中天,21,0,21,富邦-花蓮,2024-10-15,9621
3339,泰谷,21,0,21,富邦-花蓮,2024-10-15,9621
5864,致和證,21,0,21,富邦-花蓮,2024-10-15,9621
3047,訊舟,24,3,21,富邦-花蓮,2024-10-15,9621
00676R,富邦臺灣加權反1,20,0,20,富邦-花蓮,2024-10-15,9621
4157,太景*-KY,20,0,20,富邦-花蓮,2024-10-15,9621
5880,合庫金,20,0,20,富邦-花蓮,2024-10-15,9621
2464,盟立,22,3,19,富邦-花蓮,2024-10-15,9621
6152,百一,19,0,19,富邦-花蓮,2024-10-15,9621
00725B,國泰投資級公司債,25,7,18,富邦-花蓮,2024-10-15,9621
6530,創威,35,18,17,富邦-花蓮,2024-10-15,9621
2601,益航,18,1,17,富邦-花蓮,2024-10-15,9621
00943,兆豐電子高息等權,17,0,17,富邦-花蓮,2024-10-15,9621
2241,艾姆勒,23,6,17,富邦-花蓮,2024-10-15,9621
2312,金寶,66,50,16,富邦-花蓮,2024-10-15,9621
00937B,群益ESG投等債20,15,0,15,富邦-花蓮,2024-10-15,9621
6451,訊芯-KY,22,8,14,富邦-花蓮,2024-10-15,9621
00687B,國泰20年美債,14,0,14,富邦-花蓮,2024-10-15,9621
2101,南港,15,2,13,富邦-花蓮,2024-10-15,9621
2482,連宇,13,0,13,富邦-花蓮,2024-10-15,9621
2605,新興,13,0,13,富邦-花蓮,2024-10-15,9621
4977,眾達-KY,21,9,12,富邦-花蓮,2024-10-15,9621
1513,中興電,13,1,12,富邦-花蓮,2024-10-15,9621
2348,海悅,12,0,12,富邦-花蓮,2024-10-15,9621
00887,永豐中國科技50大,339,3,336,富邦-花蓮,2024-10-16,9621
00680L,元大美債20正2,328,14,314,富邦-花蓮,2024-10-16,9621
00730,富邦臺灣優質高息,205,11,194,富邦-花蓮,2024-10-16,9621
00922,國泰台灣領袖50,134,1,133,富邦-花蓮,2024-10-16,9621
0056,元大高股息,126,14,112,富邦-花蓮,2024-10-16,9621
00929,復華台灣科技優息,144,51,93,富邦-花蓮,2024-10-16,9621
00905,FT臺灣Smart,80,1,79,富邦-花蓮,2024-10-16,9621
2891,中信金,108,30,78,富邦-花蓮,2024-10-16,9621
00715L,期街口布蘭特正2,66,0,66,富邦-花蓮,2024-10-16,9621
00688L,國泰20年美債正2,61,1,60,富邦-花蓮,2024-10-16,9621
3149,正達,103,47,56,富邦-花蓮,2024-10-16,9621
2002,中鋼,49,0,49,富邦-花蓮,2024-10-16,9621
00961,FT臺灣永續高息,48,0,48,富邦-花蓮,2024-10-16,9621
6133,金橋,49,2,47,富邦-花蓮,2024-10-16,9621
3450,聯鈞,77,32,45,富邦-花蓮,2024-10-16,9621
00637L,元大滬深300正2,64,23,41,富邦-花蓮,2024-10-16,9621
2881,富邦金,40,5,35,富邦-花蓮,2024-10-16,9621
00725B,國泰投資級公司債,30,0,30,富邦-花蓮,2024-10-16,9621
00665L,富邦�琤肭磪囓�2,30,0,30,富邦-花蓮,2024-10-16,9621
2027,大成鋼,27,0,27,富邦-花蓮,2024-10-16,9621
2032,新鋼,26,0,26,富邦-花蓮,2024-10-16,9621
1314,中石化,26,1,25,富邦-花蓮,2024-10-16,9621
2892,第一金,18,0,18,富邦-花蓮,2024-10-16,9621
3710,連展投控,20,2,18,富邦-花蓮,2024-10-16,9621
00960,野村全球航運龍頭,29,13,16,富邦-花蓮,2024-10-16,9621
6770,力積電,20,4,16,富邦-花蓮,2024-10-16,9621
4540,全球傳動,15,0,15,富邦-花蓮,2024-10-16,9621
6763,綠界科技*,27,12,15,富邦-花蓮,2024-10-16,9621
6215,和椿,24,9,15,富邦-花蓮,2024-10-16,9621
2344,華邦電,15,1,14,富邦-花蓮,2024-10-16,9621
0061,元大寶滬深,13,0,13,富邦-花蓮,2024-10-16,9621
00648R,元大S＆P500反1,13,0,13,富邦-花蓮,2024-10-16,9621
8076,伍豐,12,0,12,富邦-花蓮,2024-10-16,9621
2888,新光金,23,11,12,富邦-花蓮,2024-10-16,9621
6005,群益證,11,0,11,富邦-花蓮,2024-10-16,9621
00687B,國泰20年美債,17,6,11,富邦-花蓮,2024-10-16,9621
00639,富邦深100,11,0,11,富邦-花蓮,2024-10-16,9621
2305,全友,11,0,11,富邦-花蓮,2024-10-16,9621
8097,常珵,17,6,11,富邦-花蓮,2024-10-16,9621
2542,興富發,11,0,11,富邦-花蓮,2024-10-16,9621
2845,遠東銀,11,0,11,富邦-花蓮,2024-10-16,9621
00946,群益科技高息成長,11,0,11,富邦-花蓮,2024-10-16,9621
00953B,群益優選非投等債,10,0,10,富邦-花蓮,2024-10-16,9621
1319,東陽,11,1,10,富邦-花蓮,2024-10-16,9621
2062,橋椿,12,2,10,富邦-花蓮,2024-10-16,9621
6451,訊芯-KY,12,2,10,富邦-花蓮,2024-10-16,9621
3189,景碩,12,2,10,富邦-花蓮,2024-10-16,9621
00900,富邦特選高股息30,10,0,10,富邦-花蓮,2024-10-16,9621
1609,大亞,11,2,9,富邦-花蓮,2024-10-16,9621
00915,凱基優選高股息30,9,0,9,富邦-花蓮,2024-10-16,9621
2337,旺宏,162,15,147,富邦-花蓮,2024-10-17,9621
00922,國泰台灣領袖50,144,6,138,富邦-花蓮,2024-10-17,9621
00715L,期街口布蘭特正2,124,0,124,富邦-花蓮,2024-10-17,9621
3615,安可,107,7,100,富邦-花蓮,2024-10-17,9621
00887,永豐中國科技50大,77,2,75,富邦-花蓮,2024-10-17,9621
00919,群益台灣精選高息,92,30,62,富邦-花蓮,2024-10-17,9621
00948B,中信優息投資級債,54,0,54,富邦-花蓮,2024-10-17,9621
1314,中石化,57,11,46,富邦-花蓮,2024-10-17,9621
2615,萬海,63,26,37,富邦-花蓮,2024-10-17,9621
0056,元大高股息,38,2,36,富邦-花蓮,2024-10-17,9621
3380,明泰,33,0,33,富邦-花蓮,2024-10-17,9621
00905,FT臺灣Smart,37,6,31,富邦-花蓮,2024-10-17,9621
3060,銘異,37,6,31,富邦-花蓮,2024-10-17,9621
00753L,中信中國50正2,52,23,29,富邦-花蓮,2024-10-17,9621
1802,台玻,24,1,23,富邦-花蓮,2024-10-17,9621
00937B,群益ESG投等債20,24,1,23,富邦-花蓮,2024-10-17,9621
4903,聯光通,60,37,23,富邦-花蓮,2024-10-17,9621
00882,中信中國高股息,22,0,22,富邦-花蓮,2024-10-17,9621
2888,新光金,22,0,22,富邦-花蓮,2024-10-17,9621
8111,立��,30,8,22,富邦-花蓮,2024-10-17,9621
00706L,期元大S＆P日圓正2,21,0,21,富邦-花蓮,2024-10-17,9621
3013,晟銘電,109,89,20,富邦-花蓮,2024-10-17,9621
00931B,統一美債20年,20,0,20,富邦-花蓮,2024-10-17,9621
6658,聯策,32,14,18,富邦-花蓮,2024-10-17,9621
00665L,富邦�琤肭磪囓�2,59,41,18,富邦-花蓮,2024-10-17,9621
1101,台泥,32,16,16,富邦-花蓮,2024-10-17,9621
2303,聯電,29,13,16,富邦-花蓮,2024-10-17,9621
2497,怡利電,17,1,16,富邦-花蓮,2024-10-17,9621
4979,華星光,18,4,14,富邦-花蓮,2024-10-17,9621
5452,佶優,44,30,14,富邦-花蓮,2024-10-17,9621
6224,聚鼎,14,0,14,富邦-花蓮,2024-10-17,9621
2421,建準,28,15,13,富邦-花蓮,2024-10-17,9621
6609,瀧澤科,18,5,13,富邦-花蓮,2024-10-17,9621
4534,慶騰,17,4,13,富邦-花蓮,2024-10-17,9621
6136,富爾特,13,0,13,富邦-花蓮,2024-10-17,9621
00725B,國泰投資級公司債,12,0,12,富邦-花蓮,2024-10-17,9621
2330,台積電,71,59,12,富邦-花蓮,2024-10-17,9621
6163,華電網,11,0,11,富邦-花蓮,2024-10-17,9621
00655L,國泰中國A50正2,11,0,11,富邦-花蓮,2024-10-17,9621
00720B,元大投資級公司債,11,0,11,富邦-花蓮,2024-10-17,9621
3230,錦明,19,8,11,富邦-花蓮,2024-10-17,9621
4906,正文,11,0,11,富邦-花蓮,2024-10-17,9621
8374,羅昇,35,24,11,富邦-花蓮,2024-10-17,9621
9105,泰金寶-DR,193,182,11,富邦-花蓮,2024-10-17,9621
6763,綠界科技*,11,0,11,富邦-花蓮,2024-10-17,9621
00830,國泰費城半導體,12,2,10,富邦-花蓮,2024-10-17,9621
00953B,群益優選非投等債,10,0,10,富邦-花蓮,2024-10-17,9621
1611,中電,10,0,10,富邦-花蓮,2024-10-17,9621
1735,日勝化,10,0,10,富邦-花蓮,2024-10-17,9621
2851,中再保,10,0,10,富邦-花蓮,2024-10-17,9621
00937B,群益ESG投等債20,533,14,519,富邦-花蓮,2024-10-18,9621
00632R,元大台灣50反1,252,10,242,富邦-花蓮,2024-10-18,9621
00900,富邦特選高股息30,205,57,148,富邦-花蓮,2024-10-18,9621
00733,富邦臺灣中小,129,2,127,富邦-花蓮,2024-10-18,9621
00679B,元大美債20年,116,0,116,富邦-花蓮,2024-10-18,9621
00927,群益半導體收益,127,25,102,富邦-花蓮,2024-10-18,9621
00687B,國泰20年美債,124,24,100,富邦-花蓮,2024-10-18,9621
00948B,中信優息投資級債,76,0,76,富邦-花蓮,2024-10-18,9621
2312,金寶,152,84,68,富邦-花蓮,2024-10-18,9621
2303,聯電,65,4,61,富邦-花蓮,2024-10-18,9621
3037,欣興,62,4,58,富邦-花蓮,2024-10-18,9621
6770,力積電,51,0,51,富邦-花蓮,2024-10-18,9621
2399,映泰,63,16,47,富邦-花蓮,2024-10-18,9621
9105,泰金寶-DR,67,22,45,富邦-花蓮,2024-10-18,9621
00720B,元大投資級公司債,40,0,40,富邦-花蓮,2024-10-18,9621
00931B,統一美債20年,40,0,40,富邦-花蓮,2024-10-18,9621
00637L,元大滬深300正2,50,18,32,富邦-花蓮,2024-10-18,9621
2867,三商壽,32,0,32,富邦-花蓮,2024-10-18,9621
00715L,期街口布蘭特正2,31,0,31,富邦-花蓮,2024-10-18,9621
2402,毅嘉,42,11,31,富邦-花蓮,2024-10-18,9621
9911,櫻花,30,0,30,富邦-花蓮,2024-10-18,9621
00706L,期元大S＆P日圓正2,29,0,29,富邦-花蓮,2024-10-18,9621
2313,華通,29,1,28,富邦-花蓮,2024-10-18,9621
2317,鴻海,116,89,27,富邦-花蓮,2024-10-18,9621
2421,建準,34,7,27,富邦-花蓮,2024-10-18,9621
00753L,中信中國50正2,66,45,21,富邦-花蓮,2024-10-18,9621
00950B,凱基A級公司債,21,0,21,富邦-花蓮,2024-10-18,9621
1802,台玻,21,0,21,富邦-花蓮,2024-10-18,9621
6142,友勁,20,0,20,富邦-花蓮,2024-10-18,9621
3062,建漢,22,3,19,富邦-花蓮,2024-10-18,9621
2374,佳能,22,4,18,富邦-花蓮,2024-10-18,9621
1785,光洋科,22,5,17,富邦-花蓮,2024-10-18,9621
8111,立��,19,3,16,富邦-花蓮,2024-10-18,9621
3450,聯鈞,159,143,16,富邦-花蓮,2024-10-18,9621
00905,FT臺灣Smart,17,2,15,富邦-花蓮,2024-10-18,9621
3031,佰鴻,15,0,15,富邦-花蓮,2024-10-18,9621
8429,金麗-KY,15,0,15,富邦-花蓮,2024-10-18,9621
2449,京元電子,154,140,14,富邦-花蓮,2024-10-18,9621
3211,順達,14,0,14,富邦-花蓮,2024-10-18,9621
5347,世界,16,2,14,富邦-花蓮,2024-10-18,9621
6451,訊芯-KY,23,9,14,富邦-花蓮,2024-10-18,9621
2371,大同,13,0,13,富邦-花蓮,2024-10-18,9621
3047,訊舟,27,14,13,富邦-花蓮,2024-10-18,9621
0061,元大寶滬深,12,0,12,富邦-花蓮,2024-10-18,9621
4562,穎漢,59,47,12,富邦-花蓮,2024-10-18,9621
0056,元大高股息,27,16,11,富邦-花蓮,2024-10-18,9621
00688L,國泰20年美債正2,11,0,11,富邦-花蓮,2024-10-18,9621
00949,復華日本龍頭,14,3,11,富邦-花蓮,2024-10-18,9621
5905,南仁湖,11,0,11,富邦-花蓮,2024-10-18,9621
6213,聯茂,11,1,10,富邦-花蓮,2024-10-18,9621
00937B,群益ESG投等債20,996,65,931,富邦-花蓮,2024-10-21,9621
00948B,中信優息投資級債,161,14,147,富邦-花蓮,2024-10-21,9621
00905,FT臺灣Smart,143,7,136,富邦-花蓮,2024-10-21,9621
2883,凱基金,119,0,119,富邦-花蓮,2024-10-21,9621
2888,新光金,122,28,94,富邦-花蓮,2024-10-21,9621
00715L,期街口布蘭特正2,87,1,86,富邦-花蓮,2024-10-21,9621
2891,中信金,86,1,85,富邦-花蓮,2024-10-21,9621
00919,群益台灣精選高息,131,55,76,富邦-花蓮,2024-10-21,9621
00632R,元大台灣50反1,80,10,70,富邦-花蓮,2024-10-21,9621
00665L,富邦�琤肭磪囓�2,73,6,67,富邦-花蓮,2024-10-21,9621
00679B,元大美債20年,90,25,65,富邦-花蓮,2024-10-21,9621
0056,元大高股息,74,12,62,富邦-花蓮,2024-10-21,9621
1444,力麗,60,0,60,富邦-花蓮,2024-10-21,9621
00907,永豐優息存股,59,0,59,富邦-花蓮,2024-10-21,9621
2312,金寶,44,9,35,富邦-花蓮,2024-10-21,9621
00635U,期元大S＆P黃金,32,0,32,富邦-花蓮,2024-10-21,9621
3011,今皓,41,10,31,富邦-花蓮,2024-10-21,9621
00676R,富邦臺灣加權反1,30,0,30,富邦-花蓮,2024-10-21,9621
00637L,元大滬深300正2,38,9,29,富邦-花蓮,2024-10-21,9621
00945B,凱基美國非投等債,28,0,28,富邦-花蓮,2024-10-21,9621
00687B,國泰20年美債,46,20,26,富邦-花蓮,2024-10-21,9621
4526,東台,41,15,26,富邦-花蓮,2024-10-21,9621
2344,華邦電,25,1,24,富邦-花蓮,2024-10-21,9621
2020,美亞,21,0,21,富邦-花蓮,2024-10-21,9621
00655L,國泰中國A50正2,20,0,20,富邦-花蓮,2024-10-21,9621
00674R,期元大S＆P黃金反1,20,0,20,富邦-花蓮,2024-10-21,9621
6451,訊芯-KY,28,8,20,富邦-花蓮,2024-10-21,9621
8070,長華*,27,7,20,富邦-花蓮,2024-10-21,9621
3013,晟銘電,81,62,19,富邦-花蓮,2024-10-21,9621
2886,兆豐金,23,5,18,富邦-花蓮,2024-10-21,9621
00720B,元大投資級公司債,17,0,17,富邦-花蓮,2024-10-21,9621
00885,富邦越南,17,0,17,富邦-花蓮,2024-10-21,9621
1721,三晃,30,13,17,富邦-花蓮,2024-10-21,9621
1727,中華化,19,3,16,富邦-花蓮,2024-10-21,9621
2929,淘帝-KY,16,0,16,富邦-花蓮,2024-10-21,9621
3450,聯鈞,34,19,15,富邦-花蓮,2024-10-21,9621
2881,富邦金,17,2,15,富邦-花蓮,2024-10-21,9621
00878,國泰永續高股息,24,8,16,富邦-花蓮,2024-10-21,9621
0061,元大寶滬深,15,0,15,富邦-花蓮,2024-10-21,9621
00918,大華優利高填息30,16,1,15,富邦-花蓮,2024-10-21,9621
2882,國泰金,19,4,15,富邦-花蓮,2024-10-21,9621
2615,萬海,39,25,14,富邦-花蓮,2024-10-21,9621
1301,台塑,15,1,14,富邦-花蓮,2024-10-21,9621
00915,凱基優選高股息30,14,0,14,富邦-花蓮,2024-10-21,9621
1711,永光,15,1,14,富邦-花蓮,2024-10-21,9621
3605,宏致,18,4,14,富邦-花蓮,2024-10-21,9621
2359,所羅門,31,18,13,富邦-花蓮,2024-10-21,9621
00900,富邦特選高股息30,12,0,12,富邦-花蓮,2024-10-21,9621
00751B,元大AAA至A公司債,11,0,11,富邦-花蓮,2024-10-21,9621
00891,中信關鍵半導體,11,0,11,富邦-花蓮,2024-10-21,9621
00937B,群益ESG投等債20,387,9,378,富邦-花蓮,2024-10-22,9621
00680L,元大美債20正2,324,0,324,富邦-花蓮,2024-10-22,9621
00772B,中信高評級公司債,209,2,207,富邦-花蓮,2024-10-22,9621
00687B,國泰20年美債,149,1,148,富邦-花蓮,2024-10-22,9621
1714,和桐,118,0,118,富邦-花蓮,2024-10-22,9621
00679B,元大美債20年,161,54,107,富邦-花蓮,2024-10-22,9621
1314,中石化,103,0,103,富邦-花蓮,2024-10-22,9621
00632R,元大台灣50反1,100,2,98,富邦-花蓮,2024-10-22,9621
00688L,國泰20年美債正2,77,0,77,富邦-花蓮,2024-10-22,9621
00948B,中信優息投資級債,188,120,68,富邦-花蓮,2024-10-22,9621
2888,新光金,73,18,55,富邦-花蓮,2024-10-22,9621
6005,群益證,50,0,50,富邦-花蓮,2024-10-22,9621
2399,映泰,65,15,50,富邦-花蓮,2024-10-22,9621
2349,錸德,44,0,44,富邦-花蓮,2024-10-22,9621
6405,悅城,57,17,40,富邦-花蓮,2024-10-22,9621
3189,景碩,181,146,35,富邦-花蓮,2024-10-22,9621
00933B,國泰10Y+金融債,35,0,35,富邦-花蓮,2024-10-22,9621
3520,華盈,35,1,34,富邦-花蓮,2024-10-22,9621
00950B,凱基A級公司債,32,0,32,富邦-花蓮,2024-10-22,9621
00951,台新日本半導體,32,0,32,富邦-花蓮,2024-10-22,9621
2305,全友,30,0,30,富邦-花蓮,2024-10-22,9621
2344,華邦電,34,4,30,富邦-花蓮,2024-10-22,9621
00940,元大台灣價值高息,53,25,28,富邦-花蓮,2024-10-22,9621
2547,日勝生,27,0,27,富邦-花蓮,2024-10-22,9621
2884,玉山金,26,0,26,富邦-花蓮,2024-10-22,9621
2356,英業達,41,16,25,富邦-花蓮,2024-10-22,9621
3290,東浦,61,36,25,富邦-花蓮,2024-10-22,9621
2363,矽統,47,23,24,富邦-花蓮,2024-10-22,9621
3049,精金,43,19,24,富邦-花蓮,2024-10-22,9621
00712,復華富時不動產,23,0,23,富邦-花蓮,2024-10-22,9621
00905,FT臺灣Smart,36,15,21,富邦-花蓮,2024-10-22,9621
00720B,元大投資級公司債,20,0,20,富邦-花蓮,2024-10-22,9621
1313,聯成,20,0,20,富邦-花蓮,2024-10-22,9621
5488,松普,20,0,20,富邦-花蓮,2024-10-22,9621
00878,國泰永續高股息,34,15,19,富邦-花蓮,2024-10-22,9621
2303,聯電,24,6,18,富邦-花蓮,2024-10-22,9621
00725B,國泰投資級公司債,18,0,18,富邦-花蓮,2024-10-22,9621
6278,台表科,18,0,18,富邦-花蓮,2024-10-22,9621
00919,群益台灣精選高息,35,17,18,富邦-花蓮,2024-10-22,9621
00706L,期元大S＆P日圓正2,17,0,17,富邦-花蓮,2024-10-22,9621
2330,台積電,17,1,16,富邦-花蓮,2024-10-22,9621
2312,金寶,30,15,15,富邦-花蓮,2024-10-22,9621
9105,泰金寶-DR,35,20,15,富邦-花蓮,2024-10-22,9621
5315,光聯,22,7,15,富邦-花蓮,2024-10-22,9621
2489,瑞軒,15,1,14,富邦-花蓮,2024-10-22,9621
5438,東友,19,5,14,富邦-花蓮,2024-10-22,9621
00887,永豐中國科技50大,14,1,13,富邦-花蓮,2024-10-22,9621
3209,全科,15,2,13,富邦-花蓮,2024-10-22,9621
4540,全球傳動,38,25,13,富邦-花蓮,2024-10-22,9621
00945B,凱基美國非投等債,12,0,12,富邦-花蓮,2024-10-22,9621
3481,群創,314,72,242,富邦-花蓮,2024-10-23,9621
1101,台泥,154,0,154,富邦-花蓮,2024-10-23,9621
00878,國泰永續高股息,121,5,116,富邦-花蓮,2024-10-23,9621
00946,群益科技高息成長,85,0,85,富邦-花蓮,2024-10-23,9621
3276,宇環,71,1,70,富邦-花蓮,2024-10-23,9621
00687B,國泰20年美債,63,4,59,富邦-花蓮,2024-10-23,9621
00712,復華富時不動產,51,0,51,富邦-花蓮,2024-10-23,9621
00680L,元大美債20正2,48,0,48,富邦-花蓮,2024-10-23,9621
00907,永豐優息存股,43,0,43,富邦-花蓮,2024-10-23,9621
00706L,期元大S＆P日圓正2,37,0,37,富邦-花蓮,2024-10-23,9621
2890,永豐金,36,1,35,富邦-花蓮,2024-10-23,9621
1711,永光,40,7,33,富邦-花蓮,2024-10-23,9621
6770,力積電,40,7,33,富邦-花蓮,2024-10-23,9621
2337,旺宏,32,0,32,富邦-花蓮,2024-10-23,9621
00948B,中信優息投資級債,36,5,31,富邦-花蓮,2024-10-23,9621
2303,聯電,33,2,31,富邦-花蓮,2024-10-23,9621
3710,連展投控,30,0,30,富邦-花蓮,2024-10-23,9621
00679B,元大美債20年,33,4,29,富邦-花蓮,2024-10-23,9621
3049,精金,30,1,29,富邦-花蓮,2024-10-23,9621
1316,上曜,30,2,28,富邦-花蓮,2024-10-23,9621
2363,矽統,40,13,27,富邦-花蓮,2024-10-23,9621
9105,泰金寶-DR,26,0,26,富邦-花蓮,2024-10-23,9621
2369,菱生,79,54,25,富邦-花蓮,2024-10-23,9621
3013,晟銘電,36,11,25,富邦-花蓮,2024-10-23,9621
6005,群益證,24,0,24,富邦-花蓮,2024-10-23,9621
00688L,國泰20年美債正2,23,0,23,富邦-花蓮,2024-10-23,9621
0056,元大高股息,22,0,22,富邦-花蓮,2024-10-23,9621
2891,中信金,22,0,22,富邦-花蓮,2024-10-23,9621
3011,今皓,25,3,22,富邦-花蓮,2024-10-23,9621
2605,新興,21,1,20,富邦-花蓮,2024-10-23,9621
6127,九豪,20,0,20,富邦-花蓮,2024-10-23,9621
6525,捷敏-KY,20,0,20,富邦-花蓮,2024-10-23,9621
2388,威盛,20,1,19,富邦-花蓮,2024-10-23,9621
00959B,大華投等美債15Y+,17,0,17,富邦-花蓮,2024-10-23,9621
1802,台玻,17,0,17,富邦-花蓮,2024-10-23,9621
2317,鴻海,30,13,17,富邦-花蓮,2024-10-23,9621
2886,兆豐金,16,0,16,富邦-花蓮,2024-10-23,9621
2412,中華電,16,0,16,富邦-花蓮,2024-10-23,9621
1413,宏洲,15,0,15,富邦-花蓮,2024-10-23,9621
6890,來億-KY,14,0,14,富邦-花蓮,2024-10-23,9621
2883,凱基金,14,0,14,富邦-花蓮,2024-10-23,9621
4720,德淵,14,0,14,富邦-花蓮,2024-10-23,9621
4729,熒茂,14,0,14,富邦-花蓮,2024-10-23,9621
5460,同協,15,1,14,富邦-花蓮,2024-10-23,9621
8096,擎亞,25,11,14,富邦-花蓮,2024-10-23,9621
006208,富邦台50,14,1,13,富邦-花蓮,2024-10-23,9621
00930,永豐ESG低碳高息,13,0,13,富邦-花蓮,2024-10-23,9621
00933B,國泰10Y+金融債,12,0,12,富邦-花蓮,2024-10-23,9621
2329,華泰,50,38,12,富邦-花蓮,2024-10-23,9621
3673,TPK-KY,15,3,12,富邦-花蓮,2024-10-23,9621
00937B,群益ESG投等債20,225,16,209,富邦-花蓮,2024-10-24,9621
3013,晟銘電,174,60,114,富邦-花蓮,2024-10-24,9621
00922,國泰台灣領袖50,110,6,104,富邦-花蓮,2024-10-24,9621
0056,元大高股息,95,5,90,富邦-花蓮,2024-10-24,9621
00929,復華台灣科技優息,95,15,80,富邦-花蓮,2024-10-24,9621
00753L,中信中國50正2,81,10,71,富邦-花蓮,2024-10-24,9621
2891,中信金,59,0,59,富邦-花蓮,2024-10-24,9621
00878,國泰永續高股息,71,22,49,富邦-花蓮,2024-10-24,9621
2486,一詮,52,4,48,富邦-花蓮,2024-10-24,9621
00706L,期元大S＆P日圓正2,45,0,45,富邦-花蓮,2024-10-24,9621
6770,力積電,44,1,43,富邦-花蓮,2024-10-24,9621
00948B,中信優息投資級債,42,0,42,富邦-花蓮,2024-10-24,9621
2303,聯電,44,3,41,富邦-花蓮,2024-10-24,9621
00680L,元大美債20正2,42,1,41,富邦-花蓮,2024-10-24,9621
2388,威盛,42,7,35,富邦-花蓮,2024-10-24,9621
2349,錸德,34,0,34,富邦-花蓮,2024-10-24,9621
3580,友威科,35,2,33,富邦-花蓮,2024-10-24,9621
1711,永光,34,2,32,富邦-花蓮,2024-10-24,9621
2489,瑞軒,48,16,32,富邦-花蓮,2024-10-24,9621
2317,鴻海,52,22,30,富邦-花蓮,2024-10-24,9621
00655L,國泰中國A50正2,30,0,30,富邦-花蓮,2024-10-24,9621
00959B,大華投等美債15Y+,30,0,30,富邦-花蓮,2024-10-24,9621
1101,台泥,52,23,29,富邦-花蓮,2024-10-24,9621
2453,凌群,26,1,25,富邦-花蓮,2024-10-24,9621
5907,大洋-KY,25,0,25,富邦-花蓮,2024-10-24,9621
9105,泰金寶-DR,45,21,24,富邦-花蓮,2024-10-24,9621
4908,前鼎,25,1,24,富邦-花蓮,2024-10-24,9621
00960,野村全球航運龍頭,31,8,23,富邦-花蓮,2024-10-24,9621
00919,群益台灣精選高息,40,17,23,富邦-花蓮,2024-10-24,9621
2312,金寶,28,6,22,富邦-花蓮,2024-10-24,9621
6451,訊芯-KY,24,3,21,富邦-花蓮,2024-10-24,9621
1721,三晃,47,26,21,富邦-花蓮,2024-10-24,9621
00951,台新日本半導體,21,1,20,富邦-花蓮,2024-10-24,9621
6117,迎廣,21,1,20,富邦-花蓮,2024-10-24,9621
1609,大亞,30,11,19,富邦-花蓮,2024-10-24,9621
2867,三商壽,18,0,18,富邦-花蓮,2024-10-24,9621
6104,創惟,18,2,16,富邦-花蓮,2024-10-24,9621
6609,瀧澤科,42,26,16,富邦-花蓮,2024-10-24,9621
3025,星通,18,2,16,富邦-花蓮,2024-10-24,9621
3047,訊舟,14,0,14,富邦-花蓮,2024-10-24,9621
00941,中信上游半導體,15,1,14,富邦-花蓮,2024-10-24,9621
2382,廣達,37,24,13,富邦-花蓮,2024-10-24,9621
3481,群創,29,16,13,富邦-花蓮,2024-10-24,9621
00905,FT臺灣Smart,13,0,13,富邦-花蓮,2024-10-24,9621
3564,其陽,13,0,13,富邦-花蓮,2024-10-24,9621
3037,欣興,76,64,12,富邦-花蓮,2024-10-24,9621
2363,矽統,22,10,12,富邦-花蓮,2024-10-24,9621
00946,群益科技高息成長,12,0,12,富邦-花蓮,2024-10-24,9621
2547,日勝生,12,0,12,富邦-花蓮,2024-10-24,9621
3011,今皓,12,0,12,富邦-花蓮,2024-10-24,9621
2646,星宇航空,471,46,425,富邦-花蓮,2024-10-25,9621
2303,聯電,205,3,202,富邦-花蓮,2024-10-25,9621
00948B,中信優息投資級債,192,1,191,富邦-花蓮,2024-10-25,9621
8070,長華*,81,11,70,富邦-花蓮,2024-10-25,9621
6235,華孚,70,18,52,富邦-花蓮,2024-10-25,9621
1802,台玻,60,25,35,富邦-花蓮,2024-10-25,9621
2495,普安,137,105,32,富邦-花蓮,2024-10-25,9621
2363,矽統,46,15,31,富邦-花蓮,2024-10-25,9621
3011,今皓,32,1,31,富邦-花蓮,2024-10-25,9621
2883,凱基金,26,0,26,富邦-花蓮,2024-10-25,9621
1216,統一,26,1,25,富邦-花蓮,2024-10-25,9621
2344,華邦電,23,1,22,富邦-花蓮,2024-10-25,9621
00958B,永豐ESG銀行債15,21,0,21,富邦-花蓮,2024-10-25,9621
2489,瑞軒,29,10,19,富邦-花蓮,2024-10-25,9621
2369,菱生,19,0,19,富邦-花蓮,2024-10-25,9621
6133,金橋,35,17,18,富邦-花蓮,2024-10-25,9621
2851,中再保,17,0,17,富邦-花蓮,2024-10-25,9621
3450,聯鈞,28,11,17,富邦-花蓮,2024-10-25,9621
3550,聯穎,16,0,16,富邦-花蓮,2024-10-25,9621
3630,新鉅科,15,0,15,富邦-花蓮,2024-10-25,9621
4952,凌通,27,12,15,富邦-花蓮,2024-10-25,9621
8111,立��,15,0,15,富邦-花蓮,2024-10-25,9621
3663,鑫科,47,32,15,富邦-花蓮,2024-10-25,9621
6213,聯茂,28,14,14,富邦-花蓮,2024-10-25,9621
2891,中信金,16,2,14,富邦-花蓮,2024-10-25,9621
2365,昆盈,15,1,14,富邦-花蓮,2024-10-25,9621
00905,FT臺灣Smart,13,0,13,富邦-花蓮,2024-10-25,9621
00937B,群益ESG投等債20,19,6,13,富邦-花蓮,2024-10-25,9621
3189,景碩,15,2,13,富邦-花蓮,2024-10-25,9621
4968,立積,12,0,12,富邦-花蓮,2024-10-25,9621
5522,遠雄,27,15,12,富邦-花蓮,2024-10-25,9621
00919,群益台灣精選高息,18,6,12,富邦-花蓮,2024-10-25,9621
00687B,國泰20年美債,12,1,11,富邦-花蓮,2024-10-25,9621
2890,永豐金,11,0,11,富邦-花蓮,2024-10-25,9621
4526,東台,16,5,11,富邦-花蓮,2024-10-25,9621
5521,工信,31,21,10,富邦-花蓮,2024-10-25,9621
5371,中光電,10,0,10,富邦-花蓮,2024-10-25,9621
6116,彩晶,10,0,10,富邦-花蓮,2024-10-25,9621
00959B,大華投等美債15Y+,10,0,10,富邦-花蓮,2024-10-25,9621
2453,凌群,10,0,10,富邦-花蓮,2024-10-25,9621
2605,新興,12,2,10,富邦-花蓮,2024-10-25,9621
2867,三商壽,10,0,10,富邦-花蓮,2024-10-25,9621
2880,華南金,10,0,10,富邦-花蓮,2024-10-25,9621
4566,時碩工業,10,0,10,富邦-花蓮,2024-10-25,9621
8032,光菱,12,2,10,富邦-花蓮,2024-10-25,9621
1721,三晃,16,6,10,富邦-花蓮,2024-10-25,9621
1711,永光,10,1,9,富邦-花蓮,2024-10-25,9621
2415,錩新,10,1,9,富邦-花蓮,2024-10-25,9621
4540,全球傳動,10,2,8,富邦-花蓮,2024-10-25,9621
00915,凱基優選高股息30,11,3,8,富邦-花蓮,2024-10-25,9621
1504,東元,112,21,91,富邦-花蓮,2024-10-28,9621
00905,FT臺灣Smart,91,1,90,富邦-花蓮,2024-10-28,9621
00937B,群益ESG投等債20,90,0,90,富邦-花蓮,2024-10-28,9621
00929,復華台灣科技優息,93,15,78,富邦-花蓮,2024-10-28,9621
00948B,中信優息投資級債,74,2,72,富邦-花蓮,2024-10-28,9621
00680L,元大美債20正2,140,79,61,富邦-花蓮,2024-10-28,9621
00715L,期街口布蘭特正2,56,0,56,富邦-花蓮,2024-10-28,9621
6288,聯嘉,92,36,56,富邦-花蓮,2024-10-28,9621
3234,光環,54,1,53,富邦-花蓮,2024-10-28,9621
2646,星宇航空,196,145,51,富邦-花蓮,2024-10-28,9621
2317,鴻海,224,177,47,富邦-花蓮,2024-10-28,9621
00959B,大華投等美債15Y+,33,0,33,富邦-花蓮,2024-10-28,9621
2615,萬海,59,28,31,富邦-花蓮,2024-10-28,9621
00725B,國泰投資級公司債,27,0,27,富邦-花蓮,2024-10-28,9621
1513,中興電,27,1,26,富邦-花蓮,2024-10-28,9621
2354,鴻準,60,35,25,富邦-花蓮,2024-10-28,9621
00679B,元大美債20年,42,17,25,富邦-花蓮,2024-10-28,9621
3231,緯創,63,39,24,富邦-花蓮,2024-10-28,9621
8070,長華*,33,10,23,富邦-花蓮,2024-10-28,9621
00712,復華富時不動產,22,0,22,富邦-花蓮,2024-10-28,9621
2303,聯電,62,41,21,富邦-花蓮,2024-10-28,9621
00722B,群益投資級電信債,20,0,20,富邦-花蓮,2024-10-28,9621
2302,麗正,25,6,19,富邦-花蓮,2024-10-28,9621
00687B,國泰20年美債,27,9,18,富邦-花蓮,2024-10-28,9621
00882,中信中國高股息,20,3,17,富邦-花蓮,2024-10-28,9621
6530,創威,18,3,15,富邦-花蓮,2024-10-28,9621
2348,海悅,15,0,15,富邦-花蓮,2024-10-28,9621
2543,皇昌,19,4,15,富邦-花蓮,2024-10-28,9621
00637L,元大滬深300正2,19,6,13,富邦-花蓮,2024-10-28,9621
0056,元大高股息,21,9,12,富邦-花蓮,2024-10-28,9621
00688L,國泰20年美債正2,12,0,12,富邦-花蓮,2024-10-28,9621
2867,三商壽,27,15,12,富邦-花蓮,2024-10-28,9621
2887,台新金,20,8,12,富邦-花蓮,2024-10-28,9621
3576,聯合再生,12,0,12,富邦-花蓮,2024-10-28,9621
5521,工信,52,40,12,富邦-花蓮,2024-10-28,9621
00878,國泰永續高股息,27,16,11,富邦-花蓮,2024-10-28,9621
3526,凡甲,11,0,11,富邦-花蓮,2024-10-28,9621
00633L,富邦上証正2,13,2,11,富邦-花蓮,2024-10-28,9621
00915,凱基優選高股息30,11,0,11,富邦-花蓮,2024-10-28,9621
2330,台積電,14,4,10,富邦-花蓮,2024-10-28,9621
3013,晟銘電,63,53,10,富邦-花蓮,2024-10-28,9621
1316,上曜,10,0,10,富邦-花蓮,2024-10-28,9621
2884,玉山金,11,1,10,富邦-花蓮,2024-10-28,9621
3006,晶豪科,10,0,10,富邦-花蓮,2024-10-28,9621
5202,力新,28,18,10,富邦-花蓮,2024-10-28,9621
8109,博大,10,0,10,富邦-花蓮,2024-10-28,9621
6791,虎門科技,10,0,10,富邦-花蓮,2024-10-28,9621
1514,亞力,10,0,10,富邦-花蓮,2024-10-28,9621
2344,華邦電,14,4,10,富邦-花蓮,2024-10-28,9621
1519,華城,11,1,10,富邦-花蓮,2024-10-28,9621
2303,聯電,195,2,193,富邦-花蓮,2024-10-29,9621
00919,群益台灣精選高息,182,9,173,富邦-花蓮,2024-10-29,9621
00929,復華台灣科技優息,234,76,158,富邦-花蓮,2024-10-29,9621
00948B,中信優息投資級債,140,0,140,富邦-花蓮,2024-10-29,9621
00715L,期街口布蘭特正2,150,20,130,富邦-花蓮,2024-10-29,9621
0056,元大高股息,104,3,101,富邦-花蓮,2024-10-29,9621
00878,國泰永續高股息,95,19,76,富邦-花蓮,2024-10-29,9621
1802,台玻,135,76,59,富邦-花蓮,2024-10-29,9621
2646,星宇航空,138,87,51,富邦-花蓮,2024-10-29,9621
00905,FT臺灣Smart,48,0,48,富邦-花蓮,2024-10-29,9621
00946,群益科技高息成長,46,0,46,富邦-花蓮,2024-10-29,9621
3037,欣興,47,3,44,富邦-花蓮,2024-10-29,9621
00712,復華富時不動產,33,0,33,富邦-花蓮,2024-10-29,9621
006208,富邦台50,34,1,33,富邦-花蓮,2024-10-29,9621
3011,今皓,38,7,31,富邦-花蓮,2024-10-29,9621
00706L,期元大S＆P日圓正2,30,0,30,富邦-花蓮,2024-10-29,9621
8064,東捷,36,6,30,富邦-花蓮,2024-10-29,9621
1909,榮成,25,0,25,富邦-花蓮,2024-10-29,9621
2330,台積電,29,5,24,富邦-花蓮,2024-10-29,9621
00922,國泰台灣領袖50,29,7,22,富邦-花蓮,2024-10-29,9621
00943,兆豐電子高息等權,21,0,21,富邦-花蓮,2024-10-29,9621
3360,尚立,21,1,20,富邦-花蓮,2024-10-29,9621
00940,元大台灣價值高息,49,30,19,富邦-花蓮,2024-10-29,9621
2408,南亞科,19,0,19,富邦-花蓮,2024-10-29,9621
9945,潤泰新,19,2,17,富邦-花蓮,2024-10-29,9621
2344,華邦電,26,9,17,富邦-花蓮,2024-10-29,9621
00918,大華優利高填息30,20,3,17,富邦-花蓮,2024-10-29,9621
00713,元大台灣高息低波,16,0,16,富邦-花蓮,2024-10-29,9621
3663,鑫科,40,24,16,富邦-花蓮,2024-10-29,9621
6274,台燿,16,0,16,富邦-花蓮,2024-10-29,9621
2312,金寶,32,17,15,富邦-花蓮,2024-10-29,9621
2887,台新金,15,0,15,富邦-花蓮,2024-10-29,9621
3006,晶豪科,15,0,15,富邦-花蓮,2024-10-29,9621
0050,元大台灣50,14,0,14,富邦-花蓮,2024-10-29,9621
00753L,中信中國50正2,35,21,14,富邦-花蓮,2024-10-29,9621
2431,聯昌,28,15,13,富邦-花蓮,2024-10-29,9621
8093,保銳,13,0,13,富邦-花蓮,2024-10-29,9621
6133,金橋,108,96,12,富邦-花蓮,2024-10-29,9621
2515,中工,12,0,12,富邦-花蓮,2024-10-29,9621
00900,富邦特選高股息30,12,0,12,富邦-花蓮,2024-10-29,9621
2317,鴻海,88,76,12,富邦-花蓮,2024-10-29,9621
8107,大億金茂,16,4,12,富邦-花蓮,2024-10-29,9621
3450,聯鈞,50,39,11,富邦-花蓮,2024-10-29,9621
00915,凱基優選高股息30,14,3,11,富邦-花蓮,2024-10-29,9621
2851,中再保,11,0,11,富邦-花蓮,2024-10-29,9621
2371,大同,21,10,11,富邦-花蓮,2024-10-29,9621
00930,永豐ESG低碳高息,10,0,10,富邦-花蓮,2024-10-29,9621
2642,宅配通,10,0,10,富邦-花蓮,2024-10-29,9621
00959B,大華投等美債15Y+,10,0,10,富邦-花蓮,2024-10-29,9621
1304,台聚,10,0,10,富邦-花蓮,2024-10-29,9621
00919,群益台灣精選高息,129,3,126,富邦-花蓮,2024-10-30,9621
00959B,大華投等美債15Y+,120,0,120,富邦-花蓮,2024-10-30,9621
2323,中環,103,0,103,富邦-花蓮,2024-10-30,9621
00878,國泰永續高股息,96,1,95,富邦-花蓮,2024-10-30,9621
00680L,元大美債20正2,102,15,87,富邦-花蓮,2024-10-30,9621
00940,元大台灣價值高息,73,12,61,富邦-花蓮,2024-10-30,9621
1802,台玻,76,18,58,富邦-花蓮,2024-10-30,9621
00753L,中信中國50正2,56,0,56,富邦-花蓮,2024-10-30,9621
00939,統一台灣高息動能,51,0,51,富邦-花蓮,2024-10-30,9621
6191,精成科,54,4,50,富邦-花蓮,2024-10-30,9621
8044,網家,109,61,48,富邦-花蓮,2024-10-30,9621
2337,旺宏,39,0,39,富邦-花蓮,2024-10-30,9621
0056,元大高股息,42,3,39,富邦-花蓮,2024-10-30,9621
00715L,期街口布蘭特正2,37,1,36,富邦-花蓮,2024-10-30,9621
00946,群益科技高息成長,34,2,32,富邦-花蓮,2024-10-30,9621
00887,永豐中國科技50大,231,201,30,富邦-花蓮,2024-10-30,9621
00877,復華中國5G,30,0,30,富邦-花蓮,2024-10-30,9621
2489,瑞軒,29,0,29,富邦-花蓮,2024-10-30,9621
3710,連展投控,29,0,29,富邦-花蓮,2024-10-30,9621
6235,華孚,36,8,28,富邦-花蓮,2024-10-30,9621
2891,中信金,41,15,26,富邦-花蓮,2024-10-30,9621
3231,緯創,46,22,24,富邦-花蓮,2024-10-30,9621
00932,兆豐永續高息等權,23,0,23,富邦-花蓮,2024-10-30,9621
2887,台新金,23,0,23,富邦-花蓮,2024-10-30,9621
2303,聯電,35,13,22,富邦-花蓮,2024-10-30,9621
8096,擎亞,20,0,20,富邦-花蓮,2024-10-30,9621
4919,新唐,81,61,20,富邦-花蓮,2024-10-30,9621
2851,中再保,17,0,17,富邦-花蓮,2024-10-30,9621
00909,國泰數位支付服務,26,10,16,富邦-花蓮,2024-10-30,9621
00882,中信中國高股息,17,1,16,富邦-花蓮,2024-10-30,9621
2431,聯昌,15,0,15,富邦-花蓮,2024-10-30,9621
3149,正達,28,13,15,富邦-花蓮,2024-10-30,9621
2881,富邦金,15,1,14,富邦-花蓮,2024-10-30,9621
6246,臺龍,14,1,13,富邦-花蓮,2024-10-30,9621
1314,中石化,13,0,13,富邦-花蓮,2024-10-30,9621
00948B,中信優息投資級債,12,1,11,富邦-花蓮,2024-10-30,9621
00930,永豐ESG低碳高息,11,0,11,富邦-花蓮,2024-10-30,9621
6438,迅得,21,10,11,富邦-花蓮,2024-10-30,9621
2402,毅嘉,11,0,11,富邦-花蓮,2024-10-30,9621
2376,技嘉,10,0,10,富邦-花蓮,2024-10-30,9621
00679B,元大美債20年,14,4,10,富邦-花蓮,2024-10-30,9621
2542,興富發,10,0,10,富邦-花蓮,2024-10-30,9621
2890,永豐金,10,0,10,富邦-花蓮,2024-10-30,9621
00751B,元大AAA至A公司債,10,0,10,富邦-花蓮,2024-10-30,9621
2312,金寶,26,16,10,富邦-花蓮,2024-10-30,9621
2472,立隆電,10,0,10,富邦-花蓮,2024-10-30,9621
2618,長榮航,11,1,10,富邦-花蓮,2024-10-30,9621
5521,工信,10,0,10,富邦-花蓮,2024-10-30,9621
2867,三商壽,11,1,10,富邦-花蓮,2024-10-30,9621
00918,大華優利高填息30,9,0,9,富邦-花蓮,2024-10-30,9621
2303,聯電,171,6,165,富邦-花蓮,2024-11-01,9621
00929,復華台灣科技優息,147,41,106,富邦-花蓮,2024-11-01,9621
2354,鴻準,181,83,98,富邦-花蓮,2024-11-01,9621
00878,國泰永續高股息,69,4,65,富邦-花蓮,2024-11-01,9621
00948B,中信優息投資級債,65,0,65,富邦-花蓮,2024-11-01,9621
00637L,元大滬深300正2,78,13,65,富邦-花蓮,2024-11-01,9621
0056,元大高股息,57,2,55,富邦-花蓮,2024-11-01,9621
00919,群益台灣精選高息,80,33,47,富邦-花蓮,2024-11-01,9621
2887,台新金,42,0,42,富邦-花蓮,2024-11-01,9621
2317,鴻海,88,47,41,富邦-花蓮,2024-11-01,9621
0050,元大台灣50,37,4,33,富邦-花蓮,2024-11-01,9621
2891,中信金,108,76,32,富邦-花蓮,2024-11-01,9621
00687B,國泰20年美債,44,13,31,富邦-花蓮,2024-11-01,9621
2881,富邦金,63,33,30,富邦-花蓮,2024-11-01,9621
00680L,元大美債20正2,30,2,28,富邦-花蓮,2024-11-01,9621
00937B,群益ESG投等債20,30,3,27,富邦-花蓮,2024-11-01,9621
3686,達能,29,5,24,富邦-花蓮,2024-11-01,9621
00909,國泰數位支付服務,22,0,22,富邦-花蓮,2024-11-01,9621
1785,光洋科,22,1,21,富邦-花蓮,2024-11-01,9621
2886,兆豐金,22,1,21,富邦-花蓮,2024-11-01,9621
00922,國泰台灣領袖50,21,1,20,富邦-花蓮,2024-11-01,9621
00746B,富邦A級公司債,20,0,20,富邦-花蓮,2024-11-01,9621
00713,元大台灣高息低波,18,0,18,富邦-花蓮,2024-11-01,9621
006208,富邦台50,18,1,17,富邦-花蓮,2024-11-01,9621
00712,復華富時不動產,17,0,17,富邦-花蓮,2024-11-01,9621
00959B,大華投等美債15Y+,17,0,17,富邦-花蓮,2024-11-01,9621
3466,德晉,20,3,17,富邦-花蓮,2024-11-01,9621
4540,全球傳動,16,0,16,富邦-花蓮,2024-11-01,9621
2884,玉山金,17,2,15,富邦-花蓮,2024-11-01,9621
00934,中信成長高股息,15,0,15,富邦-花蓮,2024-11-01,9621
4513,福裕,15,0,15,富邦-花蓮,2024-11-01,9621
2330,台積電,19,5,14,富邦-花蓮,2024-11-01,9621
00935,野村臺灣新科技50,14,0,14,富邦-花蓮,2024-11-01,9621
2392,正崴,15,1,14,富邦-花蓮,2024-11-01,9621
3062,建漢,19,5,14,富邦-花蓮,2024-11-01,9621
2489,瑞軒,13,0,13,富邦-花蓮,2024-11-01,9621
2890,永豐金,13,0,13,富邦-花蓮,2024-11-01,9621
3013,晟銘電,40,27,13,富邦-花蓮,2024-11-01,9621
2867,三商壽,13,0,13,富邦-花蓮,2024-11-01,9621
6589,台康生技,13,0,13,富邦-花蓮,2024-11-01,9621
00946,群益科技高息成長,12,0,12,富邦-花蓮,2024-11-01,9621
00918,大華優利高填息30,12,0,12,富邦-花蓮,2024-11-01,9621
1528,恩德,21,9,12,富邦-花蓮,2024-11-01,9621
2408,南亞科,12,0,12,富邦-花蓮,2024-11-01,9621
6199,天品,12,0,12,富邦-花蓮,2024-11-01,9621
8011,台通,17,5,12,富邦-花蓮,2024-11-01,9621
00900,富邦特選高股息30,12,0,12,富邦-花蓮,2024-11-01,9621
3481,群創,11,0,11,富邦-花蓮,2024-11-01,9621
6269,台郡,11,0,11,富邦-花蓮,2024-11-01,9621
3209,全科,11,0,11,富邦-花蓮,2024-11-01,9621
00937B,群益ESG投等債20,208,15,193,富邦-花蓮,2024-11-04,9621
00878,國泰永續高股息,201,10,191,富邦-花蓮,2024-11-04,9621
00665L,富邦�琤肭磪囓�2,80,0,80,富邦-花蓮,2024-11-04,9621
2303,聯電,86,10,76,富邦-花蓮,2024-11-04,9621
00919,群益台灣精選高息,68,0,68,富邦-花蓮,2024-11-04,9621
00948B,中信優息投資級債,63,0,63,富邦-花蓮,2024-11-04,9621
00679B,元大美債20年,64,5,59,富邦-花蓮,2024-11-04,9621
5488,松普,56,0,56,富邦-花蓮,2024-11-04,9621
2615,萬海,129,83,46,富邦-花蓮,2024-11-04,9621
00687B,國泰20年美債,47,1,46,富邦-花蓮,2024-11-04,9621
00950B,凱基A級公司債,44,0,44,富邦-花蓮,2024-11-04,9621
00712,復華富時不動產,39,0,39,富邦-花蓮,2024-11-04,9621
00943,兆豐電子高息等權,37,0,37,富邦-花蓮,2024-11-04,9621
00932,兆豐永續高息等權,43,9,34,富邦-花蓮,2024-11-04,9621
00946,群益科技高息成長,41,7,34,富邦-花蓮,2024-11-04,9621
6133,金橋,73,39,34,富邦-花蓮,2024-11-04,9621
2610,華航,70,38,32,富邦-花蓮,2024-11-04,9621
00722B,群益投資級電信債,30,0,30,富邦-花蓮,2024-11-04,9621
3481,群創,28,0,28,富邦-花蓮,2024-11-04,9621
00882,中信中國高股息,29,1,28,富邦-花蓮,2024-11-04,9621
00905,FT臺灣Smart,70,48,22,富邦-花蓮,2024-11-04,9621
0056,元大高股息,23,1,22,富邦-花蓮,2024-11-04,9621
00632R,元大台灣50反1,20,0,20,富邦-花蓮,2024-11-04,9621
00761B,國泰A級公司債,20,0,20,富邦-花蓮,2024-11-04,9621
2409,友達,20,0,20,富邦-花蓮,2024-11-04,9621
5438,東友,31,12,19,富邦-花蓮,2024-11-04,9621
00713,元大台灣高息低波,17,0,17,富邦-花蓮,2024-11-04,9621
3490,單井,37,20,17,富邦-花蓮,2024-11-04,9621
00953B,群益優選非投等債,15,0,15,富邦-花蓮,2024-11-04,9621
2605,新興,15,0,15,富邦-花蓮,2024-11-04,9621
2388,威盛,22,8,14,富邦-花蓮,2024-11-04,9621
2328,廣宇,15,2,13,富邦-花蓮,2024-11-04,9621
3576,聯合再生,13,0,13,富邦-花蓮,2024-11-04,9621
2337,旺宏,12,1,11,富邦-花蓮,2024-11-04,9621
00720B,元大投資級公司債,11,0,11,富邦-花蓮,2024-11-04,9621
2504,國產,11,0,11,富邦-花蓮,2024-11-04,9621
5388,中磊,11,0,11,富邦-花蓮,2024-11-04,9621
2646,星宇航空,30,19,11,富邦-花蓮,2024-11-04,9621
00933B,國泰10Y+金融債,10,0,10,富邦-花蓮,2024-11-04,9621
00908,富邦入息REITs+,10,0,10,富邦-花蓮,2024-11-04,9621
00921,兆豐龍頭等權重,10,0,10,富邦-花蓮,2024-11-04,9621
2880,華南金,10,0,10,富邦-花蓮,2024-11-04,9621
8249,菱光,25,15,10,富邦-花蓮,2024-11-04,9621
2330,台積電,16,7,9,富邦-花蓮,2024-11-04,9621
1101,台泥,11,2,9,富邦-花蓮,2024-11-04,9621
00915,凱基優選高股息30,8,0,8,富邦-花蓮,2024-11-04,9621
2637,慧洋-KY,8,0,8,富邦-花蓮,2024-11-04,9621
00887,永豐中國科技50大,10,2,8,富邦-花蓮,2024-11-04,9621
4303,信立,14,6,8,富邦-花蓮,2024-11-04,9621
4991,環宇-KY,15,7,8,富邦-花蓮,2024-11-04,9621
00632R,元大台灣50反1,350,0,350,富邦-花蓮,2024-11-05,9621
00878,國泰永續高股息,217,6,211,富邦-花蓮,2024-11-05,9621
00919,群益台灣精選高息,147,4,143,富邦-花蓮,2024-11-05,9621
00637L,元大滬深300正2,138,24,114,富邦-花蓮,2024-11-05,9621
2303,聯電,107,10,97,富邦-花蓮,2024-11-05,9621
00932,兆豐永續高息等權,81,0,81,富邦-花蓮,2024-11-05,9621
00887,永豐中國科技50大,82,10,72,富邦-花蓮,2024-11-05,9621
2348,海悅,61,1,60,富邦-花蓮,2024-11-05,9621
00665L,富邦�琤肭磪囓�2,59,3,56,富邦-花蓮,2024-11-05,9621
2363,矽統,61,6,55,富邦-花蓮,2024-11-05,9621
3711,日月光投控,51,3,48,富邦-花蓮,2024-11-05,9621
00930,永豐ESG低碳高息,41,0,41,富邦-花蓮,2024-11-05,9621
00795B,中信美國公債20年,38,0,38,富邦-花蓮,2024-11-05,9621
00946,群益科技高息成長,36,3,33,富邦-花蓮,2024-11-05,9621
5488,松普,29,0,29,富邦-花蓮,2024-11-05,9621
2891,中信金,64,39,25,富邦-花蓮,2024-11-05,9621
00905,FT臺灣Smart,27,5,22,富邦-花蓮,2024-11-05,9621
0056,元大高股息,25,5,20,富邦-花蓮,2024-11-05,9621
6213,聯茂,23,3,20,富邦-花蓮,2024-11-05,9621
2458,義隆,18,0,18,富邦-花蓮,2024-11-05,9621
0061,元大寶滬深,40,23,17,富邦-花蓮,2024-11-05,9621
1802,台玻,29,13,16,富邦-花蓮,2024-11-05,9621
00676R,富邦臺灣加權反1,15,0,15,富邦-花蓮,2024-11-05,9621
2405,輔信,17,2,15,富邦-花蓮,2024-11-05,9621
2453,凌群,15,0,15,富邦-花蓮,2024-11-05,9621
3047,訊舟,15,0,15,富邦-花蓮,2024-11-05,9621
0050,元大台灣50,20,5,15,富邦-花蓮,2024-11-05,9621
3163,波若威,20,6,14,富邦-花蓮,2024-11-05,9621
3013,晟銘電,35,22,13,富邦-花蓮,2024-11-05,9621
2498,宏達電,15,2,13,富邦-花蓮,2024-11-05,9621
5315,光聯,29,16,13,富邦-花蓮,2024-11-05,9621
2834,臺企銀,13,0,13,富邦-花蓮,2024-11-05,9621
2884,玉山金,12,0,12,富邦-花蓮,2024-11-05,9621
00687B,國泰20年美債,12,0,12,富邦-花蓮,2024-11-05,9621
00712,復華富時不動產,11,0,11,富邦-花蓮,2024-11-05,9621
1584,精剛,11,0,11,富邦-花蓮,2024-11-05,9621
2851,中再保,11,0,11,富邦-花蓮,2024-11-05,9621
8011,台通,17,6,11,富邦-花蓮,2024-11-05,9621
00857B,永豐20年美公債,10,0,10,富邦-花蓮,2024-11-05,9621
2347,聯強,10,0,10,富邦-花蓮,2024-11-05,9621
4714,永捷,10,0,10,富邦-花蓮,2024-11-05,9621
6443,元晶,10,0,10,富邦-花蓮,2024-11-05,9621
4919,新唐,25,16,9,富邦-花蓮,2024-11-05,9621
2344,華邦電,8,0,8,富邦-花蓮,2024-11-05,9621
1436,華友聯,8,0,8,富邦-花蓮,2024-11-05,9621
1711,永光,8,0,8,富邦-花蓮,2024-11-05,9621
8070,長華*,9,1,8,富邦-花蓮,2024-11-05,9621
5536,聖暉*,8,0,8,富邦-花蓮,2024-11-05,9621
00881,國泰台灣5G+,10,2,8,富邦-花蓮,2024-11-05,9621
8086,宏捷科,7,0,7,富邦-花蓮,2024-11-05,9621
00632R,元大台灣50反1,253,50,203,富邦-花蓮,2024-11-06,9621
00937B,群益ESG投等債20,163,12,151,富邦-花蓮,2024-11-06,9621
00680L,元大美債20正2,146,2,144,富邦-花蓮,2024-11-06,9621
00679B,元大美債20年,110,3,107,富邦-花蓮,2024-11-06,9621
00905,FT臺灣Smart,105,2,103,富邦-花蓮,2024-11-06,9621
00878,國泰永續高股息,119,19,100,富邦-花蓮,2024-11-06,9621
00753L,中信中國50正2,232,138,94,富邦-花蓮,2024-11-06,9621
00919,群益台灣精選高息,137,49,88,富邦-花蓮,2024-11-06,9621
00664R,國泰臺灣加權反1,70,0,70,富邦-花蓮,2024-11-06,9621
00687B,國泰20年美債,84,14,70,富邦-花蓮,2024-11-06,9621
1714,和桐,69,0,69,富邦-花蓮,2024-11-06,9621
2399,映泰,64,12,52,富邦-花蓮,2024-11-06,9621
3149,正達,58,13,45,富邦-花蓮,2024-11-06,9621
5488,松普,44,0,44,富邦-花蓮,2024-11-06,9621
00948B,中信優息投資級債,41,1,40,富邦-花蓮,2024-11-06,9621
2303,聯電,58,28,30,富邦-花蓮,2024-11-06,9621
00887,永豐中國科技50大,410,381,29,富邦-花蓮,2024-11-06,9621
00655L,國泰中國A50正2,40,15,25,富邦-花蓮,2024-11-06,9621
00933B,國泰10Y+金融債,29,6,23,富邦-花蓮,2024-11-06,9621
2331,精英,22,1,21,富邦-花蓮,2024-11-06,9621
00712,復華富時不動產,22,2,20,富邦-花蓮,2024-11-06,9621
00706L,期元大S＆P日圓正2,20,0,20,富邦-花蓮,2024-11-06,9621
00722B,群益投資級電信債,20,0,20,富邦-花蓮,2024-11-06,9621
2431,聯昌,23,5,18,富邦-花蓮,2024-11-06,9621
0061,元大寶滬深,16,0,16,富邦-花蓮,2024-11-06,9621
3615,安可,19,3,16,富邦-花蓮,2024-11-06,9621
2887,台新金,15,0,15,富邦-花蓮,2024-11-06,9621
1612,宏泰,15,0,15,富邦-花蓮,2024-11-06,9621
2455,全新,17,2,15,富邦-花蓮,2024-11-06,9621
00795B,中信美國公債20年,14,0,14,富邦-花蓮,2024-11-06,9621
8032,光菱,30,16,14,富邦-花蓮,2024-11-06,9621
2388,威盛,17,4,13,富邦-花蓮,2024-11-06,9621
00713,元大台灣高息低波,12,0,12,富邦-花蓮,2024-11-06,9621
2609,陽明,33,21,12,富邦-花蓮,2024-11-06,9621
00960,野村全球航運龍頭,11,0,11,富邦-花蓮,2024-11-06,9621
2880,華南金,11,0,11,富邦-花蓮,2024-11-06,9621
5225,東科-KY,11,0,11,富邦-花蓮,2024-11-06,9621
3714,富采,12,1,11,富邦-花蓮,2024-11-06,9621
2543,皇昌,10,0,10,富邦-花蓮,2024-11-06,9621
2885,元大金,12,2,10,富邦-花蓮,2024-11-06,9621
00731,復華富時高息低波,10,0,10,富邦-花蓮,2024-11-06,9621
00930,永豐ESG低碳高息,10,0,10,富邦-花蓮,2024-11-06,9621
2321,東訊,10,0,10,富邦-花蓮,2024-11-06,9621
2344,華邦電,15,5,10,富邦-花蓮,2024-11-06,9621
2489,瑞軒,10,0,10,富邦-花蓮,2024-11-06,9621
3211,順達,11,1,10,富邦-花蓮,2024-11-06,9621
4561,健椿,15,5,10,富邦-花蓮,2024-11-06,9621
6142,友勁,10,0,10,富邦-花蓮,2024-11-06,9621
6163,華電網,10,0,10,富邦-花蓮,2024-11-06,9621
6288,聯嘉,14,4,10,富邦-花蓮,2024-11-06,9621
00919,群益台灣精選高息,91,6,85,富邦-花蓮,2024-11-07,9621
00892,富邦台灣半導體,80,0,80,富邦-花蓮,2024-11-07,9621
00937B,群益ESG投等債20,97,24,73,富邦-花蓮,2024-11-07,9621
2489,瑞軒,72,5,67,富邦-花蓮,2024-11-07,9621
00929,復華台灣科技優息,73,25,48,富邦-花蓮,2024-11-07,9621
3576,聯合再生,47,0,47,富邦-花蓮,2024-11-07,9621
2303,聯電,94,50,44,富邦-花蓮,2024-11-07,9621
00665L,富邦�琤肭磪囓�2,80,37,43,富邦-花蓮,2024-11-07,9621
00706L,期元大S＆P日圓正2,42,0,42,富邦-花蓮,2024-11-07,9621
00899,FT潔淨能源,42,0,42,富邦-花蓮,2024-11-07,9621
2892,第一金,33,0,33,富邦-花蓮,2024-11-07,9621
00900,富邦特選高股息30,40,10,30,富邦-花蓮,2024-11-07,9621
2312,金寶,100,70,30,富邦-花蓮,2024-11-07,9621
00679B,元大美債20年,33,4,29,富邦-花蓮,2024-11-07,9621
00687B,國泰20年美債,33,6,27,富邦-花蓮,2024-11-07,9621
2032,新鋼,30,3,27,富邦-花蓮,2024-11-07,9621
6150,撼訊,35,9,26,富邦-花蓮,2024-11-07,9621
0056,元大高股息,50,29,21,富邦-花蓮,2024-11-07,9621
9105,泰金寶-DR,315,294,21,富邦-花蓮,2024-11-07,9621
5488,松普,22,1,21,富邦-花蓮,2024-11-07,9621
2332,友訊,31,11,20,富邦-花蓮,2024-11-07,9621
2887,台新金,30,10,20,富邦-花蓮,2024-11-07,9621
00795B,中信美國公債20年,19,0,19,富邦-花蓮,2024-11-07,9621
2851,中再保,19,0,19,富邦-花蓮,2024-11-07,9621
4720,德淵,15,0,15,富邦-花蓮,2024-11-07,9621
2014,中鴻,25,11,14,富邦-花蓮,2024-11-07,9621
3049,精金,27,13,14,富邦-花蓮,2024-11-07,9621
00713,元大台灣高息低波,14,0,14,富邦-花蓮,2024-11-07,9621
2328,廣宇,28,14,14,富邦-花蓮,2024-11-07,9621
00688L,國泰20年美債正2,14,0,14,富邦-花蓮,2024-11-07,9621
2399,映泰,36,22,14,富邦-花蓮,2024-11-07,9621
00887,永豐中國科技50大,35,22,13,富邦-花蓮,2024-11-07,9621
00930,永豐ESG低碳高息,14,1,13,富邦-花蓮,2024-11-07,9621
2486,一詮,24,11,13,富邦-花蓮,2024-11-07,9621
3552,同致,14,1,13,富邦-花蓮,2024-11-07,9621
2477,美隆電,14,3,11,富邦-花蓮,2024-11-07,9621
3234,光環,11,0,11,富邦-花蓮,2024-11-07,9621
4526,東台,28,17,11,富邦-花蓮,2024-11-07,9621
5315,光聯,15,4,11,富邦-花蓮,2024-11-07,9621
8249,菱光,40,29,11,富邦-花蓮,2024-11-07,9621
3704,合勤控,10,0,10,富邦-花蓮,2024-11-07,9621
00643,群益深証中小,10,0,10,富邦-花蓮,2024-11-07,9621
2031,新光鋼,10,0,10,富邦-花蓮,2024-11-07,9621
2406,國碩,10,0,10,富邦-花蓮,2024-11-07,9621
2852,第一保,10,0,10,富邦-花蓮,2024-11-07,9621
5014,建錩,13,3,10,富邦-花蓮,2024-11-07,9621
6257,矽格,10,0,10,富邦-花蓮,2024-11-07,9621
2884,玉山金,11,1,10,富邦-花蓮,2024-11-07,9621
2419,仲琦,11,1,10,富邦-花蓮,2024-11-07,9621
2609,陽明,16,7,9,富邦-花蓮,2024-11-07,9621
00929,復華台灣科技優息,293,53,240,富邦-花蓮,2024-11-08,9621
3062,建漢,165,51,114,富邦-花蓮,2024-11-08,9621
2337,旺宏,110,2,108,富邦-花蓮,2024-11-08,9621
00878,國泰永續高股息,119,14,105,富邦-花蓮,2024-11-08,9621
2354,鴻準,223,123,100,富邦-花蓮,2024-11-08,9621
3284,太普高,100,0,100,富邦-花蓮,2024-11-08,9621
00887,永豐中國科技50大,425,336,89,富邦-花蓮,2024-11-08,9621
00932,兆豐永續高息等權,137,60,77,富邦-花蓮,2024-11-08,9621
1802,台玻,125,51,74,富邦-花蓮,2024-11-08,9621
1815,富喬,75,24,51,富邦-花蓮,2024-11-08,9621
00650L,復華香港正2,51,1,50,富邦-花蓮,2024-11-08,9621
8070,長華*,53,9,44,富邦-花蓮,2024-11-08,9621
2344,華邦電,44,1,43,富邦-花蓮,2024-11-08,9621
2332,友訊,41,0,41,富邦-花蓮,2024-11-08,9621
00637L,元大滬深300正2,49,9,40,富邦-花蓮,2024-11-08,9621
5488,松普,40,0,40,富邦-花蓮,2024-11-08,9621
1316,上曜,34,0,34,富邦-花蓮,2024-11-08,9621
00655L,國泰中國A50正2,55,26,29,富邦-花蓮,2024-11-08,9621
3013,晟銘電,44,15,29,富邦-花蓮,2024-11-08,9621
2353,宏��,26,0,26,富邦-花蓮,2024-11-08,9621
2409,友達,26,0,26,富邦-花蓮,2024-11-08,9621
3374,精材,42,17,25,富邦-花蓮,2024-11-08,9621
00948B,中信優息投資級債,30,5,25,富邦-花蓮,2024-11-08,9621
00959B,大華投等美債15Y+,25,0,25,富邦-花蓮,2024-11-08,9621
2313,華通,24,2,22,富邦-花蓮,2024-11-08,9621
00899,FT潔淨能源,22,0,22,富邦-花蓮,2024-11-08,9621
3227,原相,39,19,20,富邦-花蓮,2024-11-08,9621
00947,台新臺灣IC設計,20,0,20,富邦-花蓮,2024-11-08,9621
1568,倉佑,19,0,19,富邦-花蓮,2024-11-08,9621
2431,聯昌,21,3,18,富邦-花蓮,2024-11-08,9621
2388,威盛,22,4,18,富邦-花蓮,2024-11-08,9621
2031,新光鋼,17,0,17,富邦-花蓮,2024-11-08,9621
6269,台郡,17,1,16,富邦-花蓮,2024-11-08,9621
1101,台泥,21,5,16,富邦-花蓮,2024-11-08,9621
3481,群創,24,9,15,富邦-花蓮,2024-11-08,9621
2498,宏達電,16,1,15,富邦-花蓮,2024-11-08,9621
4510,高鋒,16,1,15,富邦-花蓮,2024-11-08,9621
6285,啟��,14,0,14,富邦-花蓮,2024-11-08,9621
2328,廣宇,22,8,14,富邦-花蓮,2024-11-08,9621
2368,金像電,14,0,14,富邦-花蓮,2024-11-08,9621
2303,聯電,62,49,13,富邦-花蓮,2024-11-08,9621
00687B,國泰20年美債,17,4,13,富邦-花蓮,2024-11-08,9621
2543,皇昌,18,5,13,富邦-花蓮,2024-11-08,9621
3149,正達,27,15,12,富邦-花蓮,2024-11-08,9621
2351,順德,12,0,12,富邦-花蓮,2024-11-08,9621
2482,連宇,12,0,12,富邦-花蓮,2024-11-08,9621
9105,泰金寶-DR,149,137,12,富邦-花蓮,2024-11-08,9621
2420,新巨,11,0,11,富邦-花蓮,2024-11-08,9621
6505,台塑化,11,0,11,富邦-花蓮,2024-11-08,9621
00713,元大台灣高息低波,11,0,11,富邦-花蓮,2024-11-08,9621
00878,國泰永續高股息,100,11,89,富邦-花蓮,2024-11-11,9621
00665L,富邦�琤肭磪囓�2,93,16,77,富邦-花蓮,2024-11-11,9621
00919,群益台灣精選高息,75,10,65,富邦-花蓮,2024-11-11,9621
00932,兆豐永續高息等權,56,0,56,富邦-花蓮,2024-11-11,9621
2313,華通,51,4,47,富邦-花蓮,2024-11-11,9621
00753L,中信中國50正2,98,51,47,富邦-花蓮,2024-11-11,9621
8096,擎亞,46,1,45,富邦-花蓮,2024-11-11,9621
8032,光菱,72,28,44,富邦-花蓮,2024-11-11,9621
00676R,富邦臺灣加權反1,39,0,39,富邦-花蓮,2024-11-11,9621
2891,中信金,59,26,33,富邦-花蓮,2024-11-11,9621
1802,台玻,37,5,32,富邦-花蓮,2024-11-11,9621
3303,岱稜,36,5,31,富邦-花蓮,2024-11-11,9621
00915,凱基優選高股息30,30,0,30,富邦-花蓮,2024-11-11,9621
2486,一詮,59,30,29,富邦-花蓮,2024-11-11,9621
1584,精剛,29,0,29,富邦-花蓮,2024-11-11,9621
2312,金寶,51,22,29,富邦-花蓮,2024-11-11,9621
00731,復華富時高息低波,27,0,27,富邦-花蓮,2024-11-11,9621
00946,群益科技高息成長,26,0,26,富邦-花蓮,2024-11-11,9621
0056,元大高股息,34,10,24,富邦-花蓮,2024-11-11,9621
2489,瑞軒,43,19,24,富邦-花蓮,2024-11-11,9621
00713,元大台灣高息低波,25,1,24,富邦-花蓮,2024-11-11,9621
00922,國泰台灣領袖50,31,8,23,富邦-花蓮,2024-11-11,9621
2609,陽明,43,21,22,富邦-花蓮,2024-11-11,9621
2354,鴻準,88,66,22,富邦-花蓮,2024-11-11,9621
2615,萬海,47,25,22,富邦-花蓮,2024-11-11,9621
2642,宅配通,21,0,21,富邦-花蓮,2024-11-11,9621
3450,聯鈞,38,18,20,富邦-花蓮,2024-11-11,9621
00930,永豐ESG低碳高息,20,0,20,富邦-花蓮,2024-11-11,9621
3419,譁裕,23,5,18,富邦-花蓮,2024-11-11,9621
6235,華孚,19,1,18,富邦-花蓮,2024-11-11,9621
00887,永豐中國科技50大,377,360,17,富邦-花蓮,2024-11-11,9621
006208,富邦台50,17,0,17,富邦-花蓮,2024-11-11,9621
00953B,群益優選非投等債,16,0,16,富邦-花蓮,2024-11-11,9621
3231,緯創,46,31,15,富邦-花蓮,2024-11-11,9621
2303,聯電,14,0,14,富邦-花蓮,2024-11-11,9621
1301,台塑,15,1,14,富邦-花蓮,2024-11-11,9621
1455,集盛,14,0,14,富邦-花蓮,2024-11-11,9621
1568,倉佑,14,0,14,富邦-花蓮,2024-11-11,9621
2449,京元電子,27,13,14,富邦-花蓮,2024-11-11,9621
6609,瀧澤科,14,1,13,富邦-花蓮,2024-11-11,9621
5871,中租-KY,14,1,13,富邦-花蓮,2024-11-11,9621
3481,群創,23,10,13,富邦-花蓮,2024-11-11,9621
00895,富邦未來車,16,3,13,富邦-花蓮,2024-11-11,9621
3062,建漢,20,7,13,富邦-花蓮,2024-11-11,9621
6150,撼訊,24,11,13,富邦-花蓮,2024-11-11,9621
00918,大華優利高填息30,14,2,12,富邦-花蓮,2024-11-11,9621
6116,彩晶,12,0,12,富邦-花蓮,2024-11-11,9621
3290,東浦,12,0,12,富邦-花蓮,2024-11-11,9621
8261,富鼎,15,3,12,富邦-花蓮,2024-11-11,9621
1449,佳和,13,1,12,富邦-花蓮,2024-11-11,9621
00878,國泰永續高股息,310,4,306,富邦-花蓮,2024-11-12,9621
00715L,期街口布蘭特正2,199,0,199,富邦-花蓮,2024-11-12,9621
00932,兆豐永續高息等權,168,0,168,富邦-花蓮,2024-11-12,9621
0056,元大高股息,117,2,115,富邦-花蓮,2024-11-12,9621
2356,英業達,113,15,98,富邦-花蓮,2024-11-12,9621
2328,廣宇,140,45,95,富邦-花蓮,2024-11-12,9621
00929,復華台灣科技優息,109,16,93,富邦-花蓮,2024-11-12,9621
00919,群益台灣精選高息,95,4,91,富邦-花蓮,2024-11-12,9621
5014,建錩,74,0,74,富邦-花蓮,2024-11-12,9621
2887,台新金,80,13,67,富邦-花蓮,2024-11-12,9621
00915,凱基優選高股息30,57,5,52,富邦-花蓮,2024-11-12,9621
00943,兆豐電子高息等權,51,0,51,富邦-花蓮,2024-11-12,9621
2344,華邦電,51,1,50,富邦-花蓮,2024-11-12,9621
00706L,期元大S＆P日圓正2,50,0,50,富邦-花蓮,2024-11-12,9621
00753L,中信中國50正2,112,68,44,富邦-花蓮,2024-11-12,9621
1314,中石化,42,1,41,富邦-花蓮,2024-11-12,9621
2354,鴻準,75,37,38,富邦-花蓮,2024-11-12,9621
00918,大華優利高填息30,36,0,36,富邦-花蓮,2024-11-12,9621
2609,陽明,94,59,35,富邦-花蓮,2024-11-12,9621
3231,緯創,92,58,34,富邦-花蓮,2024-11-12,9621
5871,中租-KY,39,5,34,富邦-花蓮,2024-11-12,9621
9105,泰金寶-DR,36,3,33,富邦-花蓮,2024-11-12,9621
3570,大塚,32,0,32,富邦-花蓮,2024-11-12,9621
006208,富邦台50,30,0,30,富邦-花蓮,2024-11-12,9621
5009,榮剛,29,2,27,富邦-花蓮,2024-11-12,9621
00642U,期元大S＆P石油,26,0,26,富邦-花蓮,2024-11-12,9621
0050,元大台灣50,25,0,25,富邦-花蓮,2024-11-12,9621
2882,國泰金,25,1,24,富邦-花蓮,2024-11-12,9621
2330,台積電,33,9,24,富邦-花蓮,2024-11-12,9621
5243,乙盛-KY,32,8,24,富邦-花蓮,2024-11-12,9621
00946,群益科技高息成長,23,0,23,富邦-花蓮,2024-11-12,9621
1434,福懋,23,0,23,富邦-花蓮,2024-11-12,9621
2883,凱基金,27,4,23,富邦-花蓮,2024-11-12,9621
2317,鴻海,39,17,22,富邦-花蓮,2024-11-12,9621
2031,新光鋼,22,0,22,富邦-花蓮,2024-11-12,9621
00713,元大台灣高息低波,33,11,22,富邦-花蓮,2024-11-12,9621
00665L,富邦�琤肭磪囓�2,201,180,21,富邦-花蓮,2024-11-12,9621
2027,大成鋼,23,2,21,富邦-花蓮,2024-11-12,9621
2002,中鋼,23,2,21,富邦-花蓮,2024-11-12,9621
00922,國泰台灣領袖50,20,0,20,富邦-花蓮,2024-11-12,9621
5388,中磊,20,0,20,富邦-花蓮,2024-11-12,9621
2301,光寶科,28,9,19,富邦-花蓮,2024-11-12,9621
8249,菱光,20,1,19,富邦-花蓮,2024-11-12,9621
4909,新復興,23,4,19,富邦-花蓮,2024-11-12,9621
4303,信立,22,4,18,富邦-花蓮,2024-11-12,9621
6016,康和證,20,2,18,富邦-花蓮,2024-11-12,9621
2615,萬海,53,35,18,富邦-花蓮,2024-11-12,9621
00650L,復華香港正2,25,8,17,富邦-花蓮,2024-11-12,9621
5309,系統電,20,3,17,富邦-花蓮,2024-11-12,9621
00950B,凱基A級公司債,20,4,16,富邦-花蓮,2024-11-12,9621
2883,凱基金,233,3,230,富邦-花蓮,2024-11-13,9621
00878,國泰永續高股息,184,5,179,富邦-花蓮,2024-11-13,9621
2354,鴻準,141,26,115,富邦-花蓮,2024-11-13,9621
00922,國泰台灣領袖50,105,0,105,富邦-花蓮,2024-11-13,9621
2882,國泰金,93,11,82,富邦-花蓮,2024-11-13,9621
3481,群創,78,6,72,富邦-花蓮,2024-11-13,9621
00679B,元大美債20年,86,15,71,富邦-花蓮,2024-11-13,9621
00715L,期街口布蘭特正2,58,1,57,富邦-花蓮,2024-11-13,9621
0056,元大高股息,57,1,56,富邦-花蓮,2024-11-13,9621
2801,彰銀,56,0,56,富邦-花蓮,2024-11-13,9621
00915,凱基優選高股息30,54,0,54,富邦-花蓮,2024-11-13,9621
9945,潤泰新,47,0,47,富邦-花蓮,2024-11-13,9621
2399,映泰,46,5,41,富邦-花蓮,2024-11-13,9621
00687B,國泰20年美債,42,2,40,富邦-花蓮,2024-11-13,9621
2641,正德,39,1,38,富邦-花蓮,2024-11-13,9621
2884,玉山金,36,0,36,富邦-花蓮,2024-11-13,9621
4979,華星光,53,19,34,富邦-花蓮,2024-11-13,9621
00688L,國泰20年美債正2,34,0,34,富邦-花蓮,2024-11-13,9621
2834,臺企銀,31,0,31,富邦-花蓮,2024-11-13,9621
00706L,期元大S＆P日圓正2,30,0,30,富邦-花蓮,2024-11-13,9621
2461,光群雷,30,0,30,富邦-花蓮,2024-11-13,9621
006208,富邦台50,30,0,30,富邦-花蓮,2024-11-13,9621
2891,中信金,30,2,28,富邦-花蓮,2024-11-13,9621
00753L,中信中國50正2,62,36,26,富邦-花蓮,2024-11-13,9621
2330,台積電,32,6,26,富邦-花蓮,2024-11-13,9621
2646,星宇航空,37,12,25,富邦-花蓮,2024-11-13,9621
1409,新纖,25,0,25,富邦-花蓮,2024-11-13,9621
00940,元大台灣價值高息,24,0,24,富邦-花蓮,2024-11-13,9621
1540,喬福,25,1,24,富邦-花蓮,2024-11-13,9621
2489,瑞軒,24,0,24,富邦-花蓮,2024-11-13,9621
2915,潤泰全,25,1,24,富邦-花蓮,2024-11-13,9621
00637L,元大滬深300正2,46,23,23,富邦-花蓮,2024-11-13,9621
2609,陽明,33,12,21,富邦-花蓮,2024-11-13,9621
00919,群益台灣精選高息,26,5,21,富邦-花蓮,2024-11-13,9621
00945B,凱基美國非投等債,20,0,20,富邦-花蓮,2024-11-13,9621
1777,生泰,20,0,20,富邦-花蓮,2024-11-13,9621
6016,康和證,20,0,20,富邦-花蓮,2024-11-13,9621
2356,英業達,45,26,19,富邦-花蓮,2024-11-13,9621
3013,晟銘電,54,34,20,富邦-花蓮,2024-11-13,9621
2331,精英,18,0,18,富邦-花蓮,2024-11-13,9621
8070,長華*,19,1,18,富邦-花蓮,2024-11-13,9621
2317,鴻海,25,9,16,富邦-花蓮,2024-11-13,9621
3036,文曄,16,0,16,富邦-花蓮,2024-11-13,9621
2605,新興,21,5,16,富邦-花蓮,2024-11-13,9621
2892,第一金,14,0,14,富邦-花蓮,2024-11-13,9621
3450,聯鈞,31,17,14,富邦-花蓮,2024-11-13,9621
2344,華邦電,18,5,13,富邦-花蓮,2024-11-13,9621
00650L,復華香港正2,23,10,13,富邦-花蓮,2024-11-13,9621
3015,全漢,14,2,12,富邦-花蓮,2024-11-13,9621
4931,新盛力,14,2,12,富邦-花蓮,2024-11-13,9621
00878,國泰永續高股息,411,5,406,富邦-花蓮,2024-11-14,9621
00929,復華台灣科技優息,155,21,134,富邦-花蓮,2024-11-14,9621
1314,中石化,118,0,118,富邦-花蓮,2024-11-14,9621
2337,旺宏,108,2,106,富邦-花蓮,2024-11-14,9621
0056,元大高股息,92,2,90,富邦-花蓮,2024-11-14,9621
00679B,元大美債20年,106,29,77,富邦-花蓮,2024-11-14,9621
00919,群益台灣精選高息,103,27,76,富邦-花蓮,2024-11-14,9621
1714,和桐,76,0,76,富邦-花蓮,2024-11-14,9621
00680L,元大美債20正2,74,0,74,富邦-花蓮,2024-11-14,9621
2303,聯電,66,10,56,富邦-花蓮,2024-11-14,9621
2887,台新金,55,1,54,富邦-花蓮,2024-11-14,9621
00959B,大華投等美債15Y+,50,0,50,富邦-花蓮,2024-11-14,9621
00915,凱基優選高股息30,41,0,41,富邦-花蓮,2024-11-14,9621
00946,群益科技高息成長,39,1,38,富邦-花蓮,2024-11-14,9621
2609,陽明,59,22,37,富邦-花蓮,2024-11-14,9621
9945,潤泰新,46,12,34,富邦-花蓮,2024-11-14,9621
2882,國泰金,40,8,32,富邦-花蓮,2024-11-14,9621
1907,永豐餘,30,0,30,富邦-花蓮,2024-11-14,9621
2845,遠東銀,30,0,30,富邦-花蓮,2024-11-14,9621
00687B,國泰20年美債,39,10,29,富邦-花蓮,2024-11-14,9621
2615,萬海,55,26,29,富邦-花蓮,2024-11-14,9621
4174,浩鼎,28,0,28,富邦-花蓮,2024-11-14,9621
3481,群創,52,24,28,富邦-花蓮,2024-11-14,9621
00891,中信關鍵半導體,27,0,27,富邦-花蓮,2024-11-14,9621
00715L,期街口布蘭特正2,31,5,26,富邦-花蓮,2024-11-14,9621
2409,友達,27,2,25,富邦-花蓮,2024-11-14,9621
4931,新盛力,94,69,25,富邦-花蓮,2024-11-14,9621
2883,凱基金,25,1,24,富邦-花蓮,2024-11-14,9621
3049,精金,22,2,20,富邦-花蓮,2024-11-14,9621
5009,榮剛,20,0,20,富邦-花蓮,2024-11-14,9621
00713,元大台灣高息低波,20,0,20,富邦-花蓮,2024-11-14,9621
006208,富邦台50,19,1,18,富邦-花蓮,2024-11-14,9621
1514,亞力,20,2,18,富邦-花蓮,2024-11-14,9621
00932,兆豐永續高息等權,79,62,17,富邦-花蓮,2024-11-14,9621
3037,欣興,19,2,17,富邦-花蓮,2024-11-14,9621
00930,永豐ESG低碳高息,16,0,16,富邦-花蓮,2024-11-14,9621
00940,元大台灣價值高息,25,9,16,富邦-花蓮,2024-11-14,9621
2101,南港,39,23,16,富邦-花蓮,2024-11-14,9621
00909,國泰數位支付服務,29,13,16,富邦-花蓮,2024-11-14,9621
6282,康舒,15,0,15,富邦-花蓮,2024-11-14,9621
00887,永豐中國科技50大,15,0,15,富邦-花蓮,2024-11-14,9621
2401,凌陽,15,0,15,富邦-花蓮,2024-11-14,9621
6140,訊達,15,0,15,富邦-花蓮,2024-11-14,9621
3689,湧德,16,2,14,富邦-花蓮,2024-11-14,9621
00631L,元大台灣50正2,15,1,14,富邦-花蓮,2024-11-14,9621
2495,普安,14,1,13,富邦-花蓮,2024-11-14,9621
2027,大成鋼,13,0,13,富邦-花蓮,2024-11-14,9621
2392,正崴,25,12,13,富邦-花蓮,2024-11-14,9621
2892,第一金,12,0,12,富邦-花蓮,2024-11-14,9621
5871,中租-KY,21,9,12,富邦-花蓮,2024-11-14,9621
00878,國泰永續高股息,369,12,357,富邦-花蓮,2024-11-15,9621
00943,兆豐電子高息等權,91,1,90,富邦-花蓮,2024-11-15,9621
2382,廣達,84,26,58,富邦-花蓮,2024-11-15,9621
00929,復華台灣科技優息,91,48,43,富邦-花蓮,2024-11-15,9621
00933B,國泰10Y+金融債,34,0,34,富邦-花蓮,2024-11-15,9621
3706,神達,143,110,33,富邦-花蓮,2024-11-15,9621
00753L,中信中國50正2,45,17,28,富邦-花蓮,2024-11-15,9621
2609,陽明,75,48,27,富邦-花蓮,2024-11-15,9621
00650L,復華香港正2,31,5,26,富邦-花蓮,2024-11-15,9621
1909,榮成,23,0,23,富邦-花蓮,2024-11-15,9621
3338,泰碩,25,3,22,富邦-花蓮,2024-11-15,9621
0056,元大高股息,27,6,21,富邦-花蓮,2024-11-15,9621
6248,沛波,21,0,21,富邦-花蓮,2024-11-15,9621
00688L,國泰20年美債正2,20,0,20,富邦-花蓮,2024-11-15,9621
00706L,期元大S＆P日圓正2,20,0,20,富邦-花蓮,2024-11-15,9621
00948B,中信優息投資級債,20,0,20,富邦-花蓮,2024-11-15,9621
00713,元大台灣高息低波,19,0,19,富邦-花蓮,2024-11-15,9621
2317,鴻海,98,81,17,富邦-花蓮,2024-11-15,9621
00637L,元大滬深300正2,31,15,16,富邦-花蓮,2024-11-15,9621
5871,中租-KY,17,2,15,富邦-花蓮,2024-11-15,9621
2324,仁寶,17,3,14,富邦-花蓮,2024-11-15,9621
1524,耿鼎,40,28,12,富邦-花蓮,2024-11-15,9621
00915,凱基優選高股息30,11,0,11,富邦-花蓮,2024-11-15,9621
006208,富邦台50,11,0,11,富邦-花蓮,2024-11-15,9621
3450,聯鈞,26,16,10,富邦-花蓮,2024-11-15,9621
4903,聯光通,10,0,10,富邦-花蓮,2024-11-15,9621
4931,新盛力,25,15,10,富邦-花蓮,2024-11-15,9621
2328,廣宇,11,1,10,富邦-花蓮,2024-11-15,9621
3217,優群,10,0,10,富邦-花蓮,2024-11-15,9621
4107,邦特,10,0,10,富邦-花蓮,2024-11-15,9621
4540,全球傳動,10,0,10,富邦-花蓮,2024-11-15,9621
6550,北極星藥業-KY,10,0,10,富邦-花蓮,2024-11-15,9621
6674,鋐寶科技,11,1,10,富邦-花蓮,2024-11-15,9621
9917,中保科,10,0,10,富邦-花蓮,2024-11-15,9621
2884,玉山金,10,0,10,富邦-花蓮,2024-11-15,9621
00905,FT臺灣Smart,10,0,10,富邦-花蓮,2024-11-15,9621
3013,晟銘電,16,6,10,富邦-花蓮,2024-11-15,9621
00679B,元大美債20年,21,12,9,富邦-花蓮,2024-11-15,9621
2369,菱生,10,1,9,富邦-花蓮,2024-11-15,9621
2634,漢翔,10,1,9,富邦-花蓮,2024-11-15,9621
6405,悅城,14,5,9,富邦-花蓮,2024-11-15,9621
8240,華宏,13,4,9,富邦-花蓮,2024-11-15,9621
2408,南亞科,8,0,8,富邦-花蓮,2024-11-15,9621
6147,頎邦,8,0,8,富邦-花蓮,2024-11-15,9621
2301,光寶科,12,4,8,富邦-花蓮,2024-11-15,9621
3202,樺晟,8,0,8,富邦-花蓮,2024-11-15,9621
6217,中探針,8,0,8,富邦-花蓮,2024-11-15,9621
2330,台積電,19,11,8,富邦-花蓮,2024-11-15,9621
1227,佳格,7,0,7,富邦-花蓮,2024-11-15,9621
2453,凌群,7,0,7,富邦-花蓮,2024-11-15,9621
00948B,中信優息投資級債,400,0,400,富邦-花蓮,2024-11-18,9621
00878,國泰永續高股息,263,4,259,富邦-花蓮,2024-11-18,9621
00929,復華台灣科技優息,317,126,191,富邦-花蓮,2024-11-18,9621
2317,鴻海,142,25,117,富邦-花蓮,2024-11-18,9621
00891,中信關鍵半導體,74,0,74,富邦-花蓮,2024-11-18,9621
1785,光洋科,62,3,59,富邦-花蓮,2024-11-18,9621
8044,網家,78,23,55,富邦-花蓮,2024-11-18,9621
6668,中揚光,52,0,52,富邦-花蓮,2024-11-18,9621
00680L,元大美債20正2,50,0,50,富邦-花蓮,2024-11-18,9621
2354,鴻準,73,25,48,富邦-花蓮,2024-11-18,9621
2801,彰銀,50,2,48,富邦-花蓮,2024-11-18,9621
00637L,元大滬深300正2,50,5,45,富邦-花蓮,2024-11-18,9621
0056,元大高股息,44,0,44,富邦-花蓮,2024-11-18,9621
2312,金寶,142,103,39,富邦-花蓮,2024-11-18,9621
3706,神達,90,59,31,富邦-花蓮,2024-11-18,9621
4174,浩鼎,27,0,27,富邦-花蓮,2024-11-18,9621
006208,富邦台50,27,1,26,富邦-花蓮,2024-11-18,9621
3037,欣興,23,0,23,富邦-花蓮,2024-11-18,9621
00715L,期街口布蘭特正2,23,0,23,富邦-花蓮,2024-11-18,9621
00950B,凱基A級公司債,22,0,22,富邦-花蓮,2024-11-18,9621
1471,首利,28,7,21,富邦-花蓮,2024-11-18,9621
8404,百和興業-KY,24,3,21,富邦-花蓮,2024-11-18,9621
00915,凱基優選高股息30,20,0,20,富邦-花蓮,2024-11-18,9621
1102,亞泥,20,0,20,富邦-花蓮,2024-11-18,9621
3006,晶豪科,20,0,20,富邦-花蓮,2024-11-18,9621
00713,元大台灣高息低波,20,0,20,富邦-花蓮,2024-11-18,9621
00919,群益台灣精選高息,30,11,19,富邦-花蓮,2024-11-18,9621
00887,永豐中國科技50大,343,324,19,富邦-花蓮,2024-11-18,9621
2022,聚亨,19,0,19,富邦-花蓮,2024-11-18,9621
00941,中信上游半導體,18,0,18,富邦-花蓮,2024-11-18,9621
3025,星通,17,0,17,富邦-花蓮,2024-11-18,9621
00905,FT臺灣Smart,16,0,16,富邦-花蓮,2024-11-18,9621
3628,盈正,33,17,16,富邦-花蓮,2024-11-18,9621
5425,台半,16,0,16,富邦-花蓮,2024-11-18,9621
6257,矽格,18,2,16,富邦-花蓮,2024-11-18,9621
2353,宏��,16,0,16,富邦-花蓮,2024-11-18,9621
2881,富邦金,15,0,15,富邦-花蓮,2024-11-18,9621
00932,兆豐永續高息等權,15,1,14,富邦-花蓮,2024-11-18,9621
2646,星宇航空,18,4,14,富邦-花蓮,2024-11-18,9621
3673,TPK-KY,14,0,14,富邦-花蓮,2024-11-18,9621
3005,神基,13,0,13,富邦-花蓮,2024-11-18,9621
3050,鈺德,25,12,13,富邦-花蓮,2024-11-18,9621
6438,迅得,13,0,13,富邦-花蓮,2024-11-18,9621
2382,廣達,20,8,12,富邦-花蓮,2024-11-18,9621
00918,大華優利高填息30,12,0,12,富邦-花蓮,2024-11-18,9621
00943,兆豐電子高息等權,12,0,12,富邦-花蓮,2024-11-18,9621
5438,東友,13,1,12,富邦-花蓮,2024-11-18,9621
00930,永豐ESG低碳高息,12,0,12,富邦-花蓮,2024-11-18,9621
1815,富喬,22,10,12,富邦-花蓮,2024-11-18,9621
5388,中磊,13,2,11,富邦-花蓮,2024-11-18,9621
00878,國泰永續高股息,81,20,61,富邦-花蓮,2024-11-19,9621
2317,鴻海,85,36,49,富邦-花蓮,2024-11-19,9621
00877,復華中國5G,40,0,40,富邦-花蓮,2024-11-19,9621
00948B,中信優息投資級債,40,0,40,富邦-花蓮,2024-11-19,9621
2891,中信金,33,1,32,富邦-花蓮,2024-11-19,9621
2845,遠東銀,31,0,31,富邦-花蓮,2024-11-19,9621
5328,華容,30,0,30,富邦-花蓮,2024-11-19,9621
2890,永豐金,30,0,30,富邦-花蓮,2024-11-19,9621
2354,鴻準,84,56,28,富邦-花蓮,2024-11-19,9621
2382,廣達,32,5,27,富邦-花蓮,2024-11-19,9621
2884,玉山金,25,0,25,富邦-花蓮,2024-11-19,9621
1301,台塑,23,1,22,富邦-花蓮,2024-11-19,9621
5309,系統電,39,18,21,富邦-花蓮,2024-11-19,9621
2408,南亞科,21,1,20,富邦-花蓮,2024-11-19,9621
5460,同協,20,0,20,富邦-花蓮,2024-11-19,9621
6505,台塑化,20,1,19,富邦-花蓮,2024-11-19,9621
00665L,富邦�琤肭磪囓�2,21,3,18,富邦-花蓮,2024-11-19,9621
6770,力積電,28,11,17,富邦-花蓮,2024-11-19,9621
8104,錸寶,32,16,16,富邦-花蓮,2024-11-19,9621
2615,萬海,50,35,15,富邦-花蓮,2024-11-19,9621
00633L,富邦上証正2,15,0,15,富邦-花蓮,2024-11-19,9621
00960,野村全球航運龍頭,15,0,15,富邦-花蓮,2024-11-19,9621
1721,三晃,15,0,15,富邦-花蓮,2024-11-19,9621
2312,金寶,117,102,15,富邦-花蓮,2024-11-19,9621
3006,晶豪科,16,1,15,富邦-花蓮,2024-11-19,9621
3047,訊舟,17,2,15,富邦-花蓮,2024-11-19,9621
00918,大華優利高填息30,16,2,14,富邦-花蓮,2024-11-19,9621
0056,元大高股息,14,0,14,富邦-花蓮,2024-11-19,9621
006208,富邦台50,14,0,14,富邦-花蓮,2024-11-19,9621
00945B,凱基美國非投等債,13,0,13,富邦-花蓮,2024-11-19,9621
00915,凱基優選高股息30,14,1,13,富邦-花蓮,2024-11-19,9621
3231,緯創,25,13,12,富邦-花蓮,2024-11-19,9621
3673,TPK-KY,12,0,12,富邦-花蓮,2024-11-19,9621
1303,南亞,11,0,11,富邦-花蓮,2024-11-19,9621
00679B,元大美債20年,10,0,10,富邦-花蓮,2024-11-19,9621
00937B,群益ESG投等債20,13,3,10,富邦-花蓮,2024-11-19,9621
00655L,國泰中國A50正2,10,0,10,富邦-花蓮,2024-11-19,9621
2371,大同,18,8,10,富邦-花蓮,2024-11-19,9621
2401,凌陽,10,0,10,富邦-花蓮,2024-11-19,9621
2883B,凱基金乙特,10,0,10,富邦-花蓮,2024-11-19,9621
3032,偉訓,55,45,10,富邦-花蓮,2024-11-19,9621
7708,全家餐飲,10,0,10,富邦-花蓮,2024-11-19,9621
8111,立��,10,0,10,富邦-花蓮,2024-11-19,9621
00930,永豐ESG低碳高息,10,0,10,富邦-花蓮,2024-11-19,9621
2465,麗臺,9,0,9,富邦-花蓮,2024-11-19,9621
2348,海悅,18,10,8,富邦-花蓮,2024-11-19,9621
2399,映泰,18,10,8,富邦-花蓮,2024-11-19,9621
3702,大聯大,24,16,8,富邦-花蓮,2024-11-19,9621
3702A,大聯大甲特,8,0,8,富邦-花蓮,2024-11-19,9621
8404,百和興業-KY,8,0,8,富邦-花蓮,2024-11-19,9621
2354,鴻準,316,91,225,富邦-花蓮,2024-11-20,9621
00937B,群益ESG投等債20,137,13,124,富邦-花蓮,2024-11-20,9621
1528,恩德,62,4,58,富邦-花蓮,2024-11-20,9621
2834,臺企銀,72,24,48,富邦-花蓮,2024-11-20,9621
3625,西勝,47,0,47,富邦-花蓮,2024-11-20,9621
3481,群創,52,14,38,富邦-花蓮,2024-11-20,9621
00637L,元大滬深300正2,68,35,33,富邦-花蓮,2024-11-20,9621
00878,國泰永續高股息,64,32,32,富邦-花蓮,2024-11-20,9621
6558,興能高,50,18,32,富邦-花蓮,2024-11-20,9621
2867,三商壽,28,0,28,富邦-花蓮,2024-11-20,9621
1605,華新,23,0,23,富邦-花蓮,2024-11-20,9621
6282,康舒,31,9,22,富邦-花蓮,2024-11-20,9621
00919,群益台灣精選高息,51,29,22,富邦-花蓮,2024-11-20,9621
2349,錸德,49,28,21,富邦-花蓮,2024-11-20,9621
2413,環科,31,10,21,富邦-花蓮,2024-11-20,9621
3149,正達,22,2,20,富邦-花蓮,2024-11-20,9621
3576,聯合再生,22,2,20,富邦-花蓮,2024-11-20,9621
5202,力新,20,0,20,富邦-花蓮,2024-11-20,9621
5328,華容,20,0,20,富邦-花蓮,2024-11-20,9621
0056,元大高股息,50,31,19,富邦-花蓮,2024-11-20,9621
3006,晶豪科,18,0,18,富邦-花蓮,2024-11-20,9621
1449,佳和,17,0,17,富邦-花蓮,2024-11-20,9621
2444,兆勁,20,3,17,富邦-花蓮,2024-11-20,9621
3447,展達,20,4,16,富邦-花蓮,2024-11-20,9621
3189,景碩,18,2,16,富邦-花蓮,2024-11-20,9621
3450,聯鈞,56,41,15,富邦-花蓮,2024-11-20,9621
1721,三晃,15,0,15,富邦-花蓮,2024-11-20,9621
5426,振發,26,11,15,富邦-花蓮,2024-11-20,9621
2889,國票金,14,0,14,富邦-花蓮,2024-11-20,9621
00960,野村全球航運龍頭,33,19,14,富邦-花蓮,2024-11-20,9621
6770,力積電,14,0,14,富邦-花蓮,2024-11-20,9621
2353,宏��,13,0,13,富邦-花蓮,2024-11-20,9621
2542,興富發,13,0,13,富邦-花蓮,2024-11-20,9621
3015,全漢,19,6,13,富邦-花蓮,2024-11-20,9621
3673,TPK-KY,14,1,13,富邦-花蓮,2024-11-20,9621
006208,富邦台50,14,1,13,富邦-花蓮,2024-11-20,9621
00679B,元大美債20年,19,7,12,富邦-花蓮,2024-11-20,9621
1471,首利,20,8,12,富邦-花蓮,2024-11-20,9621
2392,正崴,34,22,12,富邦-花蓮,2024-11-20,9621
9933,中鼎,12,0,12,富邦-花蓮,2024-11-20,9621
3706,神達,776,764,12,富邦-花蓮,2024-11-20,9621
2303,聯電,67,56,11,富邦-花蓮,2024-11-20,9621
2881,富邦金,18,8,10,富邦-花蓮,2024-11-20,9621
9105,泰金寶-DR,66,55,11,富邦-花蓮,2024-11-20,9621
2330,台積電,12,1,11,富邦-花蓮,2024-11-20,9621
2409,友達,11,1,10,富邦-花蓮,2024-11-20,9621
1227,佳格,10,0,10,富邦-花蓮,2024-11-20,9621
2022,聚亨,10,0,10,富邦-花蓮,2024-11-20,9621
2312,金寶,22,12,10,富邦-花蓮,2024-11-20,9621
2328,廣宇,28,18,10,富邦-花蓮,2024-11-20,9621
2303,聯電,78,18,60,富邦-花蓮,2024-11-21,9621
00937B,群益ESG投等債20,67,23,44,富邦-花蓮,2024-11-21,9621
8032,光菱,67,27,40,富邦-花蓮,2024-11-21,9621
2353,宏��,37,0,37,富邦-花蓮,2024-11-21,9621
00878,國泰永續高股息,61,29,32,富邦-花蓮,2024-11-21,9621
00635U,期元大S＆P黃金,29,0,29,富邦-花蓮,2024-11-21,9621
00637L,元大滬深300正2,27,0,27,富邦-花蓮,2024-11-21,9621
00685L,群益臺灣加權正2,27,0,27,富邦-花蓮,2024-11-21,9621
2022,聚亨,27,0,27,富邦-花蓮,2024-11-21,9621
2845,遠東銀,26,0,26,富邦-花蓮,2024-11-21,9621
3576,聯合再生,26,0,26,富邦-花蓮,2024-11-21,9621
2881,富邦金,27,2,25,富邦-花蓮,2024-11-21,9621
2349,錸德,44,20,24,富邦-花蓮,2024-11-21,9621
00715L,期街口布蘭特正2,31,8,23,富邦-花蓮,2024-11-21,9621
2867,三商壽,28,6,22,富邦-花蓮,2024-11-21,9621
006208,富邦台50,22,0,22,富邦-花蓮,2024-11-21,9621
00945B,凱基美國非投等債,21,0,21,富邦-花蓮,2024-11-21,9621
2014,中鴻,20,0,20,富邦-花蓮,2024-11-21,9621
5521,工信,20,0,20,富邦-花蓮,2024-11-21,9621
2317,鴻海,30,12,18,富邦-花蓮,2024-11-21,9621
00919,群益台灣精選高息,35,18,17,富邦-花蓮,2024-11-21,9621
2884,玉山金,16,0,16,富邦-花蓮,2024-11-21,9621
1301,台塑,21,6,15,富邦-花蓮,2024-11-21,9621
2204,中華,32,17,15,富邦-花蓮,2024-11-21,9621
3511,矽瑪,25,10,15,富邦-花蓮,2024-11-21,9621
0056,元大高股息,13,0,13,富邦-花蓮,2024-11-21,9621
6282,康舒,27,14,13,富邦-花蓮,2024-11-21,9621
3702,大聯大,12,0,12,富邦-花蓮,2024-11-21,9621
00915,凱基優選高股息30,12,0,12,富邦-花蓮,2024-11-21,9621
2890,永豐金,12,0,12,富邦-花蓮,2024-11-21,9621
2027,大成鋼,11,0,11,富邦-花蓮,2024-11-21,9621
2634,漢翔,11,0,11,富邦-花蓮,2024-11-21,9621
4128,中天,11,0,11,富邦-花蓮,2024-11-21,9621
00940,元大台灣價值高息,15,5,10,富邦-花蓮,2024-11-21,9621
00674R,期元大S＆P黃金反1,10,0,10,富邦-花蓮,2024-11-21,9621
2338,光罩,10,0,10,富邦-花蓮,2024-11-21,9621
2929,淘帝-KY,10,0,10,富邦-花蓮,2024-11-21,9621
3490,單井,14,4,10,富邦-花蓮,2024-11-21,9621
4729,熒茂,12,2,10,富邦-花蓮,2024-11-21,9621
5425,台半,10,0,10,富邦-花蓮,2024-11-21,9621
1611,中電,12,3,9,富邦-花蓮,2024-11-21,9621
00930,永豐ESG低碳高息,8,0,8,富邦-花蓮,2024-11-21,9621
00881,國泰台灣5G+,8,0,8,富邦-花蓮,2024-11-21,9621
2886,兆豐金,8,0,8,富邦-花蓮,2024-11-21,9621
5871,中租-KY,8,0,8,富邦-花蓮,2024-11-21,9621
00922,國泰台灣領袖50,11,3,8,富邦-花蓮,2024-11-21,9621
2367,燿華,8,0,8,富邦-花蓮,2024-11-21,9621
3047,訊舟,8,0,8,富邦-花蓮,2024-11-21,9621
2413,環科,8,1,7,富邦-花蓮,2024-11-21,9621
3062,建漢,8,1,7,富邦-花蓮,2024-11-21,9621
2317,鴻海,94,6,88,富邦-花蓮,2024-11-22,9621
2888,新光金,81,3,78,富邦-花蓮,2024-11-22,9621
00753L,中信中國50正2,68,13,55,富邦-花蓮,2024-11-22,9621
2867,三商壽,52,0,52,富邦-花蓮,2024-11-22,9621
2891,中信金,48,0,48,富邦-花蓮,2024-11-22,9621
6770,力積電,41,0,41,富邦-花蓮,2024-11-22,9621
6134,萬旭,36,3,33,富邦-花蓮,2024-11-22,9621
00953B,群益優選非投等債,31,0,31,富邦-花蓮,2024-11-22,9621
2890,永豐金,27,0,27,富邦-花蓮,2024-11-22,9621
2348,海悅,25,0,25,富邦-花蓮,2024-11-22,9621
00650L,復華香港正2,25,0,25,富邦-花蓮,2024-11-22,9621
8044,網家,34,13,21,富邦-花蓮,2024-11-22,9621
8038,長園科,21,0,21,富邦-花蓮,2024-11-22,9621
912000,晨訊科-DR,20,0,20,富邦-花蓮,2024-11-22,9621
8403,盛弘,18,0,18,富邦-花蓮,2024-11-22,9621
8171,天宇,19,1,18,富邦-花蓮,2024-11-22,9621
2615,萬海,30,12,18,富邦-花蓮,2024-11-22,9621
9105,泰金寶-DR,131,114,17,富邦-花蓮,2024-11-22,9621
2408,南亞科,17,0,17,富邦-花蓮,2024-11-22,9621
00665L,富邦�琤肭磪囓�2,36,20,16,富邦-花蓮,2024-11-22,9621
2349,錸德,31,15,16,富邦-花蓮,2024-11-22,9621
3706,神達,357,341,16,富邦-花蓮,2024-11-22,9621
00887,永豐中國科技50大,17,2,15,富邦-花蓮,2024-11-22,9621
0056,元大高股息,22,7,15,富邦-花蓮,2024-11-22,9621
4576,大銀微系統,17,2,15,富邦-花蓮,2024-11-22,9621
2356,英業達,28,13,15,富邦-花蓮,2024-11-22,9621
2884,玉山金,15,0,15,富邦-花蓮,2024-11-22,9621
2881,富邦金,15,1,14,富邦-花蓮,2024-11-22,9621
4903,聯光通,13,0,13,富邦-花蓮,2024-11-22,9621
3050,鈺德,12,1,11,富邦-花蓮,2024-11-22,9621
6248,沛波,10,0,10,富邦-花蓮,2024-11-22,9621
00909,國泰數位支付服務,13,3,10,富邦-花蓮,2024-11-22,9621
00927,群益半導體收益,10,0,10,富邦-花蓮,2024-11-22,9621
1806,冠軍,10,0,10,富邦-花蓮,2024-11-22,9621
3591,艾笛森,10,0,10,富邦-花蓮,2024-11-22,9621
6246,臺龍,10,0,10,富邦-花蓮,2024-11-22,9621
8111,立��,10,0,10,富邦-花蓮,2024-11-22,9621
9946,三發地產,10,0,10,富邦-花蓮,2024-11-22,9621
4909,新復興,18,8,10,富邦-花蓮,2024-11-22,9621
2834,臺企銀,9,0,9,富邦-花蓮,2024-11-22,9621
3036,文曄,12,3,9,富邦-花蓮,2024-11-22,9621
5876,上海商銀,10,2,8,富邦-花蓮,2024-11-22,9621
00679B,元大美債20年,8,0,8,富邦-花蓮,2024-11-22,9621
2022,聚亨,8,0,8,富邦-花蓮,2024-11-22,9621
4956,光鋐,11,3,8,富邦-花蓮,2024-11-22,9621
6558,興能高,10,2,8,富邦-花蓮,2024-11-22,9621
1528,恩德,14,6,8,富邦-花蓮,2024-11-22,9621
2915,潤泰全,12,5,7,富邦-花蓮,2024-11-22,9621
2363,矽統,9,2,7,富邦-花蓮,2024-11-22,9621
3323,加百裕,19,12,7,富邦-花蓮,2024-11-22,9621
00887,永豐中國科技50大,371,260,111,富邦-花蓮,2024-11-25,9621
00713,元大台灣高息低波,57,0,57,富邦-花蓮,2024-11-25,9621
00930,永豐ESG低碳高息,54,0,54,富邦-花蓮,2024-11-25,9621
1815,富喬,148,96,52,富邦-花蓮,2024-11-25,9621
5531,鄉林,50,0,50,富邦-花蓮,2024-11-25,9621
3706,神達,732,695,37,富邦-花蓮,2024-11-25,9621
00953B,群益優選非投等債,35,3,32,富邦-花蓮,2024-11-25,9621
9105,泰金寶-DR,254,228,26,富邦-花蓮,2024-11-25,9621
2382,廣達,23,1,22,富邦-花蓮,2024-11-25,9621
00919,群益台灣精選高息,31,10,21,富邦-花蓮,2024-11-25,9621
00650L,復華香港正2,32,11,21,富邦-花蓮,2024-11-25,9621
00877,復華中國5G,20,0,20,富邦-花蓮,2024-11-25,9621
00897,富邦基因免疫生技,20,1,19,富邦-花蓮,2024-11-25,9621
00882,中信中國高股息,17,1,16,富邦-花蓮,2024-11-25,9621
2312,金寶,259,243,16,富邦-花蓮,2024-11-25,9621
2449,京元電子,20,5,15,富邦-花蓮,2024-11-25,9621
2885,元大金,15,0,15,富邦-花蓮,2024-11-25,9621
2032,新鋼,14,0,14,富邦-花蓮,2024-11-25,9621
6288,聯嘉,36,22,14,富邦-花蓮,2024-11-25,9621
2891,中信金,17,4,13,富邦-花蓮,2024-11-25,9621
00905,FT臺灣Smart,12,0,12,富邦-花蓮,2024-11-25,9621
2543,皇昌,12,0,12,富邦-花蓮,2024-11-25,9621
2834,臺企銀,14,2,12,富邦-花蓮,2024-11-25,9621
2603,長榮,36,25,11,富邦-花蓮,2024-11-25,9621
00636,國泰中國A50,11,0,11,富邦-花蓮,2024-11-25,9621
6770,力積電,11,1,10,富邦-花蓮,2024-11-25,9621
2912,統一超,10,0,10,富邦-花蓮,2024-11-25,9621
00795B,中信美國公債20年,10,0,10,富邦-花蓮,2024-11-25,9621
00954,中信日本半導體,10,0,10,富邦-花蓮,2024-11-25,9621
1314,中石化,19,9,10,富邦-花蓮,2024-11-25,9621
2323,中環,10,0,10,富邦-花蓮,2024-11-25,9621
2501,國建,11,1,10,富邦-花蓮,2024-11-25,9621
4909,新復興,12,2,10,富邦-花蓮,2024-11-25,9621
5608,四維航,10,0,10,富邦-花蓮,2024-11-25,9621
6142,友勁,11,1,10,富邦-花蓮,2024-11-25,9621
6574,霈方,10,0,10,富邦-花蓮,2024-11-25,9621
8104,錸寶,13,3,10,富邦-花蓮,2024-11-25,9621
1301,台塑,10,0,10,富邦-花蓮,2024-11-25,9621
2855,統一證,13,4,9,富邦-花蓮,2024-11-25,9621
3149,正達,32,23,9,富邦-花蓮,2024-11-25,9621
6191,精成科,10,1,9,富邦-花蓮,2024-11-25,9621
8070,長華*,9,0,9,富邦-花蓮,2024-11-25,9621
3481,群創,20,12,8,富邦-花蓮,2024-11-25,9621
6185,幃翔,8,0,8,富邦-花蓮,2024-11-25,9621
00938,凱基優選30,10,2,8,富邦-花蓮,2024-11-25,9621
1471,首利,11,3,8,富邦-花蓮,2024-11-25,9621
3702,大聯大,9,1,8,富邦-花蓮,2024-11-25,9621
1563,巧新,8,1,7,富邦-花蓮,2024-11-25,9621
5465,富驊,23,16,7,富邦-花蓮,2024-11-25,9621
8028,昇陽半導體,25,18,7,富邦-花蓮,2024-11-25,9621
2312,金寶,314,212,102,富邦-花蓮,2024-11-26,9621
2317,鴻海,110,15,95,富邦-花蓮,2024-11-26,9621
3702A,大聯大甲特,74,2,72,富邦-花蓮,2024-11-26,9621
9105,泰金寶-DR,87,18,69,富邦-花蓮,2024-11-26,9621
00919,群益台灣精選高息,51,0,51,富邦-花蓮,2024-11-26,9621
00680L,元大美債20正2,52,6,46,富邦-花蓮,2024-11-26,9621
1802,台玻,208,162,46,富邦-花蓮,2024-11-26,9621
8039,台虹,44,0,44,富邦-花蓮,2024-11-26,9621
2615,萬海,37,5,32,富邦-花蓮,2024-11-26,9621
3211,順達,33,1,32,富邦-花蓮,2024-11-26,9621
3231,緯創,103,73,30,富邦-花蓮,2024-11-26,9621
2020,美亞,30,0,30,富邦-花蓮,2024-11-26,9621
00887,永豐中國科技50大,28,0,28,富邦-花蓮,2024-11-26,9621
00715L,期街口布蘭特正2,27,0,27,富邦-花蓮,2024-11-26,9621
1815,富喬,146,120,26,富邦-花蓮,2024-11-26,9621
00918,大華優利高填息30,21,0,21,富邦-花蓮,2024-11-26,9621
4566,時碩工業,20,0,20,富邦-花蓮,2024-11-26,9621
8105,凌巨,20,0,20,富邦-花蓮,2024-11-26,9621
00650L,復華香港正2,20,1,19,富邦-花蓮,2024-11-26,9621
1711,永光,19,0,19,富邦-花蓮,2024-11-26,9621
3062,建漢,19,0,19,富邦-花蓮,2024-11-26,9621
00930,永豐ESG低碳高息,18,0,18,富邦-花蓮,2024-11-26,9621
2392,正崴,72,55,17,富邦-花蓮,2024-11-26,9621
00878,國泰永續高股息,43,26,17,富邦-花蓮,2024-11-26,9621
2460,建通,17,0,17,富邦-花蓮,2024-11-26,9621
2388,威盛,16,1,15,富邦-花蓮,2024-11-26,9621
2442,新美齊,15,0,15,富邦-花蓮,2024-11-26,9621
3027,盛達,15,0,15,富邦-花蓮,2024-11-26,9621
3605,宏致,19,4,15,富邦-花蓮,2024-11-26,9621
6118,建達,21,6,15,富邦-花蓮,2024-11-26,9621
2344,華邦電,32,18,14,富邦-花蓮,2024-11-26,9621
00915,凱基優選高股息30,13,0,13,富邦-花蓮,2024-11-26,9621
00946,群益科技高息成長,13,0,13,富邦-花蓮,2024-11-26,9621
006208,富邦台50,14,1,13,富邦-花蓮,2024-11-26,9621
0056,元大高股息,18,5,13,富邦-花蓮,2024-11-26,9621
3167,大量,12,0,12,富邦-花蓮,2024-11-26,9621
4903,聯光通,14,2,12,富邦-花蓮,2024-11-26,9621
6282,康舒,18,6,12,富邦-花蓮,2024-11-26,9621
2330,台積電,18,6,12,富邦-花蓮,2024-11-26,9621
3303,岱稜,11,0,11,富邦-花蓮,2024-11-26,9621
5392,能率,11,0,11,富邦-花蓮,2024-11-26,9621
8011,台通,11,0,11,富邦-花蓮,2024-11-26,9621
2547,日勝生,11,0,11,富邦-花蓮,2024-11-26,9621
00891,中信關鍵半導體,11,0,11,富邦-花蓮,2024-11-26,9621
3591,艾笛森,10,0,10,富邦-花蓮,2024-11-26,9621
4303,信立,10,0,10,富邦-花蓮,2024-11-26,9621
2542,興富發,11,2,9,富邦-花蓮,2024-11-26,9621
1618,合機,12,3,9,富邦-花蓮,2024-11-26,9621
2890,永豐金,8,0,8,富邦-花蓮,2024-11-26,9621
2605,新興,11,3,8,富邦-花蓮,2024-11-26,9621
00919,群益台灣精選高息,177,1,176,富邦-花蓮,2024-11-27,9621
00937B,群益ESG投等債20,202,63,139,富邦-花蓮,2024-11-27,9621
00940,元大台灣價值高息,145,24,121,富邦-花蓮,2024-11-27,9621
00878,國泰永續高股息,135,20,115,富邦-花蓮,2024-11-27,9621
0056,元大高股息,107,5,102,富邦-花蓮,2024-11-27,9621
00918,大華優利高填息30,75,5,70,富邦-花蓮,2024-11-27,9621
2609,陽明,135,68,67,富邦-花蓮,2024-11-27,9621
3037,欣興,63,1,62,富邦-花蓮,2024-11-27,9621
00909,國泰數位支付服務,62,1,61,富邦-花蓮,2024-11-27,9621
2426,鼎元,71,12,59,富邦-花蓮,2024-11-27,9621
2317,鴻海,93,37,56,富邦-花蓮,2024-11-27,9621
1536,和大,91,38,53,富邦-花蓮,2024-11-27,9621
2303,聯電,61,9,52,富邦-花蓮,2024-11-27,9621
5438,東友,51,0,51,富邦-花蓮,2024-11-27,9621
6668,中揚光,50,0,50,富邦-花蓮,2024-11-27,9621
2615,萬海,58,10,48,富邦-花蓮,2024-11-27,9621
2883,凱基金,55,8,47,富邦-花蓮,2024-11-27,9621
2603,長榮,66,22,44,富邦-花蓮,2024-11-27,9621
00637L,元大滬深300正2,63,20,43,富邦-花蓮,2024-11-27,9621
006208,富邦台50,39,0,39,富邦-花蓮,2024-11-27,9621
2344,華邦電,47,10,37,富邦-花蓮,2024-11-27,9621
2867,三商壽,34,0,34,富邦-花蓮,2024-11-27,9621
3481,群創,34,0,34,富邦-花蓮,2024-11-27,9621
00946,群益科技高息成長,29,0,29,富邦-花蓮,2024-11-27,9621
2330,台積電,28,0,28,富邦-花蓮,2024-11-27,9621
2204,中華,30,3,27,富邦-花蓮,2024-11-27,9621
4526,東台,44,17,27,富邦-花蓮,2024-11-27,9621
8111,立��,27,0,27,富邦-花蓮,2024-11-27,9621
6770,力積電,25,0,25,富邦-花蓮,2024-11-27,9621
3702,大聯大,24,0,24,富邦-花蓮,2024-11-27,9621
3231,緯創,53,30,23,富邦-花蓮,2024-11-27,9621
00922,國泰台灣領袖50,22,0,22,富邦-花蓮,2024-11-27,9621
2382,廣達,23,1,22,富邦-花蓮,2024-11-27,9621
3211,順達,23,2,21,富邦-花蓮,2024-11-27,9621
5009,榮剛,21,0,21,富邦-花蓮,2024-11-27,9621
00877,復華中國5G,20,0,20,富邦-花蓮,2024-11-27,9621
2461,光群雷,20,0,20,富邦-花蓮,2024-11-27,9621
2542,興富發,20,0,20,富邦-花蓮,2024-11-27,9621
2888,新光金,20,0,20,富邦-花蓮,2024-11-27,9621
00943,兆豐電子高息等權,19,0,19,富邦-花蓮,2024-11-27,9621
4968,立積,20,1,19,富邦-花蓮,2024-11-27,9621
2605,新興,18,0,18,富邦-花蓮,2024-11-27,9621
2380,虹光,18,0,18,富邦-花蓮,2024-11-27,9621
4562,穎漢,106,88,18,富邦-花蓮,2024-11-27,9621
6175,立敦,21,3,18,富邦-花蓮,2024-11-27,9621
9945,潤泰新,17,1,16,富邦-花蓮,2024-11-27,9621
00881,國泰台灣5G+,16,0,16,富邦-花蓮,2024-11-27,9621
2002,中鋼,15,0,15,富邦-花蓮,2024-11-27,9621
00887,永豐中國科技50大,16,1,15,富邦-花蓮,2024-11-27,9621
0050,元大台灣50,16,1,15,富邦-花蓮,2024-11-27,9621
00919,群益台灣精選高息,243,51,192,富邦-花蓮,2024-11-28,9621
00687B,國泰20年美債,190,29,161,富邦-花蓮,2024-11-28,9621
00878,國泰永續高股息,185,24,161,富邦-花蓮,2024-11-28,9621
00650L,復華香港正2,103,0,103,富邦-花蓮,2024-11-28,9621
2312,金寶,132,58,74,富邦-花蓮,2024-11-28,9621
0056,元大高股息,74,4,70,富邦-花蓮,2024-11-28,9621
9105,泰金寶-DR,105,47,58,富邦-花蓮,2024-11-28,9621
2354,鴻準,85,32,53,富邦-花蓮,2024-11-28,9621
1815,富喬,209,158,51,富邦-花蓮,2024-11-28,9621
3090,日電貿,97,47,50,富邦-花蓮,2024-11-28,9621
1314,中石化,40,0,40,富邦-花蓮,2024-11-28,9621
00932,兆豐永續高息等權,40,0,40,富邦-花蓮,2024-11-28,9621
3211,順達,41,5,36,富邦-花蓮,2024-11-28,9621
1802,台玻,98,68,30,富邦-花蓮,2024-11-28,9621
00946,群益科技高息成長,28,0,28,富邦-花蓮,2024-11-28,9621
00909,國泰數位支付服務,51,23,28,富邦-花蓮,2024-11-28,9621
4510,高鋒,72,44,28,富邦-花蓮,2024-11-28,9621
2516,新建,24,0,24,富邦-花蓮,2024-11-28,9621
2409,友達,24,0,24,富邦-花蓮,2024-11-28,9621
2332,友訊,53,30,23,富邦-花蓮,2024-11-28,9621
00922,國泰台灣領袖50,22,0,22,富邦-花蓮,2024-11-28,9621
4909,新復興,20,0,20,富邦-花蓮,2024-11-28,9621
9946,三發地產,20,0,20,富邦-花蓮,2024-11-28,9621
2356,英業達,36,16,20,富邦-花蓮,2024-11-28,9621
00918,大華優利高填息30,40,21,19,富邦-花蓮,2024-11-28,9621
2317,鴻海,44,26,18,富邦-花蓮,2024-11-28,9621
9917,中保科,18,0,18,富邦-花蓮,2024-11-28,9621
00943,兆豐電子高息等權,15,0,15,富邦-花蓮,2024-11-28,9621
4303,信立,15,0,15,富邦-花蓮,2024-11-28,9621
2888,新光金,14,0,14,富邦-花蓮,2024-11-28,9621
3062,建漢,22,8,14,富邦-花蓮,2024-11-28,9621
3622,洋華,15,1,14,富邦-花蓮,2024-11-28,9621
1605,華新,20,7,13,富邦-花蓮,2024-11-28,9621
6770,力積電,18,5,13,富邦-花蓮,2024-11-28,9621
3231,緯創,42,30,12,富邦-花蓮,2024-11-28,9621
3628,盈正,42,30,12,富邦-花蓮,2024-11-28,9621
00915,凱基優選高股息30,22,10,12,富邦-花蓮,2024-11-28,9621
2330,台積電,16,5,11,富邦-花蓮,2024-11-28,9621
2615,萬海,25,14,11,富邦-花蓮,2024-11-28,9621
00891,中信關鍵半導體,12,1,11,富邦-花蓮,2024-11-28,9621
2887,台新金,11,0,11,富邦-花蓮,2024-11-28,9621
3630,新鉅科,11,0,11,富邦-花蓮,2024-11-28,9621
3702A,大聯大甲特,10,0,10,富邦-花蓮,2024-11-28,9621
6153,嘉聯益,10,0,10,富邦-花蓮,2024-11-28,9621
8429,金麗-KY,10,0,10,富邦-花蓮,2024-11-28,9621
00713,元大台灣高息低波,10,0,10,富邦-花蓮,2024-11-28,9621
3712,永崴投控,69,59,10,富邦-花蓮,2024-11-28,9621
2610,華航,11,2,9,富邦-花蓮,2024-11-28,9621
00952,凱基台灣AI50,9,0,9,富邦-花蓮,2024-11-28,9621
6174,安��,16,7,9,富邦-花蓮,2024-11-28,9621
2891,中信金,91,5,86,富邦-花蓮,2024-11-29,9621
2888,新光金,65,0,65,富邦-花蓮,2024-11-29,9621
2303,聯電,86,25,61,富邦-花蓮,2024-11-29,9621
2887,台新金,59,1,58,富邦-花蓮,2024-11-29,9621
2312,金寶,145,87,58,富邦-花蓮,2024-11-29,9621
2883,凱基金,54,8,46,富邦-花蓮,2024-11-29,9621
2002,中鋼,40,1,39,富邦-花蓮,2024-11-29,9621
1301,台塑,35,0,35,富邦-花蓮,2024-11-29,9621
5009,榮剛,36,1,35,富邦-花蓮,2024-11-29,9621
3090,日電貿,43,9,34,富邦-花蓮,2024-11-29,9621
00954,中信日本半導體,31,0,31,富邦-花蓮,2024-11-29,9621
0056,元大高股息,40,10,30,富邦-花蓮,2024-11-29,9621
00637L,元大滬深300正2,49,20,29,富邦-花蓮,2024-11-29,9621
00922,國泰台灣領袖50,23,0,23,富邦-花蓮,2024-11-29,9621
00878,國泰永續高股息,38,16,22,富邦-花蓮,2024-11-29,9621
2344,華邦電,26,7,19,富邦-花蓮,2024-11-29,9621
4916,事欣科,18,0,18,富邦-花蓮,2024-11-29,9621
2515,中工,17,0,17,富邦-花蓮,2024-11-29,9621
5871,中租-KY,18,1,17,富邦-花蓮,2024-11-29,9621
2349,錸德,16,0,16,富邦-花蓮,2024-11-29,9621
00940,元大台灣價值高息,16,1,15,富邦-花蓮,2024-11-29,9621
4720,德淵,15,0,15,富邦-花蓮,2024-11-29,9621
2392,正崴,71,56,15,富邦-花蓮,2024-11-29,9621
2498,宏達電,16,2,14,富邦-花蓮,2024-11-29,9621
8171,天宇,39,25,14,富邦-花蓮,2024-11-29,9621
1314,中石化,16,3,13,富邦-花蓮,2024-11-29,9621
3078,僑威,15,2,13,富邦-花蓮,2024-11-29,9621
3338,泰碩,17,5,12,富邦-花蓮,2024-11-29,9621
2834,臺企銀,12,1,11,富邦-花蓮,2024-11-29,9621
1605,華新,11,0,11,富邦-花蓮,2024-11-29,9621
1216,統一,10,0,10,富邦-花蓮,2024-11-29,9621
4931,新盛力,10,0,10,富邦-花蓮,2024-11-29,9621
2646,星宇航空,14,5,9,富邦-花蓮,2024-11-29,9621
2613,中櫃,11,2,9,富邦-花蓮,2024-11-29,9621
2633,台灣高鐵,9,0,9,富邦-花蓮,2024-11-29,9621
8104,錸寶,23,14,9,富邦-花蓮,2024-11-29,9621
2884,玉山金,10,2,8,富邦-花蓮,2024-11-29,9621
3049,精金,9,1,8,富邦-花蓮,2024-11-29,9621
2882,國泰金,21,13,8,富邦-花蓮,2024-11-29,9621
2330,台積電,28,21,7,富邦-花蓮,2024-11-29,9621
00713,元大台灣高息低波,7,0,7,富邦-花蓮,2024-11-29,9621
2606,裕民,7,0,7,富邦-花蓮,2024-11-29,9621
3023,信邦,7,0,7,富邦-花蓮,2024-11-29,9621
3027,盛達,7,0,7,富邦-花蓮,2024-11-29,9621
3596,智易,7,0,7,富邦-花蓮,2024-11-29,9621
6488,環球晶,7,0,7,富邦-花蓮,2024-11-29,9621
00918,大華優利高填息30,6,0,6,富邦-花蓮,2024-11-29,9621
2408,南亞科,6,0,6,富邦-花蓮,2024-11-29,9621
2543,皇昌,7,1,6,富邦-花蓮,2024-11-29,9621
3576,聯合再生,6,0,6,富邦-花蓮,2024-11-29,9621
2408,南亞科,117,2,115,富邦-花蓮,2024-12-02,9621
00919,群益台灣精選高息,81,11,70,富邦-花蓮,2024-12-02,9621
00918,大華優利高填息30,71,2,69,富邦-花蓮,2024-12-02,9621
3706,神達,256,206,50,富邦-花蓮,2024-12-02,9621
3372,典範,50,0,50,富邦-花蓮,2024-12-02,9621
6558,興能高,80,41,39,富邦-花蓮,2024-12-02,9621
2344,華邦電,40,3,37,富邦-花蓮,2024-12-02,9621
2852,第一保,34,4,30,富邦-花蓮,2024-12-02,9621
00950B,凱基A級公司債,28,0,28,富邦-花蓮,2024-12-02,9621
00922,國泰台灣領袖50,30,5,25,富邦-花蓮,2024-12-02,9621
2317,鴻海,30,6,24,富邦-花蓮,2024-12-02,9621
2349,錸德,24,0,24,富邦-花蓮,2024-12-02,9621
8429,金麗-KY,25,3,22,富邦-花蓮,2024-12-02,9621
1536,和大,33,12,21,富邦-花蓮,2024-12-02,9621
1605,華新,31,10,21,富邦-花蓮,2024-12-02,9621
6163,華電網,21,0,21,富邦-花蓮,2024-12-02,9621
2642,宅配通,20,0,20,富邦-花蓮,2024-12-02,9621
5460,同協,20,0,20,富邦-花蓮,2024-12-02,9621
6248,沛波,20,0,20,富邦-花蓮,2024-12-02,9621
1815,富喬,150,130,20,富邦-花蓮,2024-12-02,9621
5309,系統電,58,40,18,富邦-花蓮,2024-12-02,9621
1301,台塑,17,0,17,富邦-花蓮,2024-12-02,9621
4510,高鋒,55,38,17,富邦-花蓮,2024-12-02,9621
4123,晟德,15,0,15,富邦-花蓮,2024-12-02,9621
1710,東聯,15,0,15,富邦-花蓮,2024-12-02,9621
3024,憶聲,15,0,15,富邦-花蓮,2024-12-02,9621
6841,長佳智能,15,0,15,富邦-花蓮,2024-12-02,9621
2392,正崴,25,10,15,富邦-花蓮,2024-12-02,9621
00915,凱基優選高股息30,15,1,14,富邦-花蓮,2024-12-02,9621
6257,矽格,16,2,14,富邦-花蓮,2024-12-02,9621
5371,中光電,53,39,14,富邦-花蓮,2024-12-02,9621
3481,群創,16,3,13,富邦-花蓮,2024-12-02,9621
00878,國泰永續高股息,38,24,14,富邦-花蓮,2024-12-02,9621
2442,新美齊,13,0,13,富邦-花蓮,2024-12-02,9621
8171,天宇,15,2,13,富邦-花蓮,2024-12-02,9621
3211,順達,33,21,12,富邦-花蓮,2024-12-02,9621
2369,菱生,12,0,12,富邦-花蓮,2024-12-02,9621
3450,聯鈞,49,37,12,富邦-花蓮,2024-12-02,9621
6117,迎廣,17,5,12,富邦-花蓮,2024-12-02,9621
2409,友達,11,0,11,富邦-花蓮,2024-12-02,9621
3323,加百裕,70,59,11,富邦-花蓮,2024-12-02,9621
5315,光聯,15,4,11,富邦-花蓮,2024-12-02,9621
8096,擎亞,11,0,11,富邦-花蓮,2024-12-02,9621
6438,迅得,11,0,11,富邦-花蓮,2024-12-02,9621
3013,晟銘電,11,1,10,富邦-花蓮,2024-12-02,9621
2444,兆勁,10,0,10,富邦-花蓮,2024-12-02,9621
4127,天良,10,0,10,富邦-花蓮,2024-12-02,9621
4987,科誠,10,0,10,富邦-花蓮,2024-12-02,9621
5009,榮剛,10,0,10,富邦-花蓮,2024-12-02,9621
6807,峰源-KY,10,0,10,富邦-花蓮,2024-12-02,9621
00919,群益台灣精選高息,317,14,303,富邦-花蓮,2024-12-03,9621
00950B,凱基A級公司債,67,2,65,富邦-花蓮,2024-12-03,9621
00918,大華優利高填息30,63,2,61,富邦-花蓮,2024-12-03,9621
00882,中信中國高股息,58,1,57,富邦-花蓮,2024-12-03,9621
00953B,群益優選非投等債,56,2,54,富邦-花蓮,2024-12-03,9621
2891,中信金,76,23,53,富邦-花蓮,2024-12-03,9621
2337,旺宏,50,0,50,富邦-花蓮,2024-12-03,9621
5531,鄉林,50,1,49,富邦-花蓮,2024-12-03,9621
3511,矽瑪,43,3,40,富邦-花蓮,2024-12-03,9621
0056,元大高股息,37,6,31,富邦-花蓮,2024-12-03,9621
00932,兆豐永續高息等權,30,0,30,富邦-花蓮,2024-12-03,9621
3702,大聯大,24,0,24,富邦-花蓮,2024-12-03,9621
2317,鴻海,32,8,24,富邦-花蓮,2024-12-03,9621
2344,華邦電,28,5,23,富邦-花蓮,2024-12-03,9621
00713,元大台灣高息低波,22,1,21,富邦-花蓮,2024-12-03,9621
3338,泰碩,26,6,20,富邦-花蓮,2024-12-03,9621
00878,國泰永續高股息,69,50,19,富邦-花蓮,2024-12-03,9621
2444,兆勁,18,0,18,富邦-花蓮,2024-12-03,9621
00712,復華富時不動產,20,2,18,富邦-花蓮,2024-12-03,9621
2455,全新,17,0,17,富邦-花蓮,2024-12-03,9621
00915,凱基優選高股息30,22,6,16,富邦-花蓮,2024-12-03,9621
1802,台玻,26,10,16,富邦-花蓮,2024-12-03,9621
3230,錦明,17,1,16,富邦-花蓮,2024-12-03,9621
00937B,群益ESG投等債20,50,35,15,富邦-花蓮,2024-12-03,9621
4915,致伸,14,0,14,富邦-花蓮,2024-12-03,9621
00945B,凱基美國非投等債,13,0,13,富邦-花蓮,2024-12-03,9621
6248,沛波,13,0,13,富邦-花蓮,2024-12-03,9621
2405,輔信,26,13,13,富邦-花蓮,2024-12-03,9621
3231,緯創,18,5,13,富邦-花蓮,2024-12-03,9621
8028,昇陽半導體,14,2,12,富邦-花蓮,2024-12-03,9621
2375,凱美,17,5,12,富邦-花蓮,2024-12-03,9621
6712,長聖,12,0,12,富邦-花蓮,2024-12-03,9621
00650L,復華香港正2,11,0,11,富邦-花蓮,2024-12-03,9621
2312,金寶,35,25,10,富邦-花蓮,2024-12-03,9621
00891,中信關鍵半導體,10,0,10,富邦-花蓮,2024-12-03,9621
2348,海悅,10,0,10,富邦-花蓮,2024-12-03,9621
2634,漢翔,10,0,10,富邦-花蓮,2024-12-03,9621
4142,國光生,10,0,10,富邦-花蓮,2024-12-03,9621
6668,中揚光,11,1,10,富邦-花蓮,2024-12-03,9621
9904,寶成,15,5,10,富邦-花蓮,2024-12-03,9621
2812,台中銀,10,1,9,富邦-花蓮,2024-12-03,9621
2376,技嘉,12,3,9,富邦-花蓮,2024-12-03,9621
8011,台通,9,0,9,富邦-花蓮,2024-12-03,9621
2324,仁寶,17,9,8,富邦-花蓮,2024-12-03,9621
2867,三商壽,12,4,8,富邦-花蓮,2024-12-03,9621
5244,弘凱,10,2,8,富邦-花蓮,2024-12-03,9621
00946,群益科技高息成長,9,2,7,富邦-花蓮,2024-12-03,9621
2419,仲琦,8,1,7,富邦-花蓮,2024-12-03,9621
3029,零壹,23,16,7,富邦-花蓮,2024-12-03,9621
3090,日電貿,7,0,7,富邦-花蓮,2024-12-03,9621
00918,大華優利高填息30,154,1,153,富邦-花蓮,2024-12-04,9621
1714,和桐,147,0,147,富邦-花蓮,2024-12-04,9621
00937B,群益ESG投等債20,130,12,118,富邦-花蓮,2024-12-04,9621
2303,聯電,76,4,72,富邦-花蓮,2024-12-04,9621
00953B,群益優選非投等債,65,0,65,富邦-花蓮,2024-12-04,9621
00919,群益台灣精選高息,84,34,50,富邦-花蓮,2024-12-04,9621
2436,偉詮電,51,1,50,富邦-花蓮,2024-12-04,9621
3625,西勝,32,0,32,富邦-花蓮,2024-12-04,9621
00915,凱基優選高股息30,36,5,31,富邦-花蓮,2024-12-04,9621
5438,東友,31,1,30,富邦-花蓮,2024-12-04,9621
00712,復華富時不動產,27,0,27,富邦-花蓮,2024-12-04,9621
00945B,凱基美國非投等債,31,5,26,富邦-花蓮,2024-12-04,9621
2603,長榮,27,2,25,富邦-花蓮,2024-12-04,9621
2618,長榮航,35,12,23,富邦-花蓮,2024-12-04,9621
1605,華新,22,0,22,富邦-花蓮,2024-12-04,9621
1905,華紙,20,0,20,富邦-花蓮,2024-12-04,9621
2492,華新科,22,5,17,富邦-花蓮,2024-12-04,9621
3376,新日興,27,10,17,富邦-花蓮,2024-12-04,9621
00909,國泰數位支付服務,17,0,17,富邦-花蓮,2024-12-04,9621
6443,元晶,16,0,16,富邦-花蓮,2024-12-04,9621
7708,全家餐飲,15,0,15,富邦-花蓮,2024-12-04,9621
3591,艾笛森,16,1,15,富邦-花蓮,2024-12-04,9621
1303,南亞,14,1,13,富邦-花蓮,2024-12-04,9621
00713,元大台灣高息低波,13,0,13,富邦-花蓮,2024-12-04,9621
1514,亞力,13,0,13,富邦-花蓮,2024-12-04,9621
2354,鴻準,35,22,13,富邦-花蓮,2024-12-04,9621
4510,高鋒,23,10,13,富邦-花蓮,2024-12-04,9621
6134,萬旭,24,11,13,富邦-花蓮,2024-12-04,9621
3323,加百裕,74,61,13,富邦-花蓮,2024-12-04,9621
2449,京元電子,18,6,12,富邦-花蓮,2024-12-04,9621
5371,中光電,18,6,12,富邦-花蓮,2024-12-04,9621
6830,汎銓,12,0,12,富邦-花蓮,2024-12-04,9621
2646,星宇航空,14,2,12,富邦-花蓮,2024-12-04,9621
2891,中信金,19,7,12,富邦-花蓮,2024-12-04,9621
00885,富邦越南,13,2,11,富邦-花蓮,2024-12-04,9621
3380,明泰,22,11,11,富邦-花蓮,2024-12-04,9621
1609,大亞,11,0,11,富邦-花蓮,2024-12-04,9621
00706L,期元大S＆P日圓正2,10,0,10,富邦-花蓮,2024-12-04,9621
00751B,元大AAA至A公司債,13,3,10,富邦-花蓮,2024-12-04,9621
00954,中信日本半導體,10,0,10,富邦-花蓮,2024-12-04,9621
2524,京城,10,0,10,富邦-花蓮,2024-12-04,9621
2845,遠東銀,10,0,10,富邦-花蓮,2024-12-04,9621
4513,福裕,10,0,10,富邦-花蓮,2024-12-04,9621
5521,工信,10,0,10,富邦-花蓮,2024-12-04,9621
5876,上海商銀,10,0,10,富邦-花蓮,2024-12-04,9621
1522,堤維西,14,5,9,富邦-花蓮,2024-12-04,9621
1532,勤美,10,1,9,富邦-花蓮,2024-12-04,9621
5244,弘凱,12,3,9,富邦-花蓮,2024-12-04,9621
5871,中租-KY,8,0,8,富邦-花蓮,2024-12-04,9621
3338,泰碩,19,11,8,富邦-花蓮,2024-12-04,9621
4931,新盛力,306,37,269,富邦-花蓮,2024-12-05,9621
2888,新光金,85,2,83,富邦-花蓮,2024-12-05,9621
2845,遠東銀,70,0,70,富邦-花蓮,2024-12-05,9621
1815,富喬,171,106,65,富邦-花蓮,2024-12-05,9621
2492,華新科,54,2,52,富邦-花蓮,2024-12-05,9621
00937B,群益ESG投等債20,64,13,51,富邦-花蓮,2024-12-05,9621
00949,復華日本龍頭,54,8,46,富邦-花蓮,2024-12-05,9621
00953B,群益優選非投等債,67,25,42,富邦-花蓮,2024-12-05,9621
00918,大華優利高填息30,58,18,40,富邦-花蓮,2024-12-05,9621
1710,東聯,35,0,35,富邦-花蓮,2024-12-05,9621
2303,聯電,37,2,35,富邦-花蓮,2024-12-05,9621
2426,鼎元,34,2,32,富邦-花蓮,2024-12-05,9621
00665L,富邦�琤肭磪囓�2,30,0,30,富邦-花蓮,2024-12-05,9621
3625,西勝,37,7,30,富邦-花蓮,2024-12-05,9621
4979,華星光,37,13,24,富邦-花蓮,2024-12-05,9621
3163,波若威,63,39,24,富邦-花蓮,2024-12-05,9621
1301,台塑,24,1,23,富邦-花蓮,2024-12-05,9621
3450,聯鈞,64,43,21,富邦-花蓮,2024-12-05,9621
6127,九豪,30,10,20,富邦-花蓮,2024-12-05,9621
1802,台玻,96,76,20,富邦-花蓮,2024-12-05,9621
3716,中化控股,20,0,20,富邦-花蓮,2024-12-05,9621
00907,永豐優息存股,19,0,19,富邦-花蓮,2024-12-05,9621
3041,揚智,21,2,19,富邦-花蓮,2024-12-05,9621
3290,東浦,18,0,18,富邦-花蓮,2024-12-05,9621
2392,正崴,48,31,17,富邦-花蓮,2024-12-05,9621
00952,凱基台灣AI50,20,3,17,富邦-花蓮,2024-12-05,9621
2375,凱美,32,15,17,富邦-花蓮,2024-12-05,9621
9105,泰金寶-DR,26,10,16,富邦-花蓮,2024-12-05,9621
6173,信昌電,32,18,14,富邦-花蓮,2024-12-05,9621
8043,蜜望實,14,0,14,富邦-花蓮,2024-12-05,9621
5309,系統電,25,12,13,富邦-花蓮,2024-12-05,9621
00919,群益台灣精選高息,31,18,13,富邦-花蓮,2024-12-05,9621
00922,國泰台灣領袖50,16,3,13,富邦-花蓮,2024-12-05,9621
3211,順達,44,31,13,富邦-花蓮,2024-12-05,9621
6274,台燿,22,10,12,富邦-花蓮,2024-12-05,9621
2476,鉅祥,12,0,12,富邦-花蓮,2024-12-05,9621
3511,矽瑪,24,12,12,富邦-花蓮,2024-12-05,9621
3090,日電貿,44,33,11,富邦-花蓮,2024-12-05,9621
4142,國光生,11,0,11,富邦-花蓮,2024-12-05,9621
5488,松普,11,0,11,富邦-花蓮,2024-12-05,9621
6531,愛普*,12,1,11,富邦-花蓮,2024-12-05,9621
00934,中信成長高股息,16,5,11,富邦-花蓮,2024-12-05,9621
2317,鴻海,18,8,10,富邦-花蓮,2024-12-05,9621
2367,燿華,15,5,10,富邦-花蓮,2024-12-05,9621
3712,永崴投控,26,16,10,富邦-花蓮,2024-12-05,9621
2349,錸德,13,3,10,富邦-花蓮,2024-12-05,9621
3006,晶豪科,12,2,10,富邦-花蓮,2024-12-05,9621
3357,臺慶科,10,0,10,富邦-花蓮,2024-12-05,9621
2883,凱基金,10,0,10,富邦-花蓮,2024-12-05,9621
3037,欣興,18,9,9,富邦-花蓮,2024-12-05,9621
1815,富喬,127,19,108,富邦-花蓮,2024-12-06,9621
00918,大華優利高填息30,108,4,104,富邦-花蓮,2024-12-06,9621
00919,群益台灣精選高息,108,18,90,富邦-花蓮,2024-12-06,9621
1802,台玻,169,86,83,富邦-花蓮,2024-12-06,9621
00953B,群益優選非投等債,71,0,71,富邦-花蓮,2024-12-06,9621
2605,新興,68,1,67,富邦-花蓮,2024-12-06,9621
00965,元大航太防衛科技,65,4,61,富邦-花蓮,2024-12-06,9621
00664R,國泰臺灣加權反1,50,0,50,富邦-花蓮,2024-12-06,9621
2405,輔信,74,29,45,富邦-花蓮,2024-12-06,9621
2891,中信金,49,6,43,富邦-花蓮,2024-12-06,9621
00715L,期街口布蘭特正2,39,0,39,富邦-花蓮,2024-12-06,9621
3706,神達,146,108,38,富邦-花蓮,2024-12-06,9621
2354,鴻準,359,324,35,富邦-花蓮,2024-12-06,9621
2845,遠東銀,31,0,31,富邦-花蓮,2024-12-06,9621
00932,兆豐永續高息等權,30,0,30,富邦-花蓮,2024-12-06,9621
6770,力積電,28,0,28,富邦-花蓮,2024-12-06,9621
2206,三陽工業,26,0,26,富邦-花蓮,2024-12-06,9621
00909,國泰數位支付服務,24,0,24,富邦-花蓮,2024-12-06,9621
2317,鴻海,31,8,23,富邦-花蓮,2024-12-06,9621
8043,蜜望實,20,0,20,富邦-花蓮,2024-12-06,9621
4174,浩鼎,20,0,20,富邦-花蓮,2024-12-06,9621
1301,台塑,20,1,19,富邦-花蓮,2024-12-06,9621
1605,華新,28,10,18,富邦-花蓮,2024-12-06,9621
8032,光菱,19,2,17,富邦-花蓮,2024-12-06,9621
8089,康全電訊,17,0,17,富邦-花蓮,2024-12-06,9621
9105,泰金寶-DR,131,114,17,富邦-花蓮,2024-12-06,9621
2486,一詮,17,1,16,富邦-花蓮,2024-12-06,9621
3202,樺晟,16,0,16,富邦-花蓮,2024-12-06,9621
3290,東浦,19,3,16,富邦-花蓮,2024-12-06,9621
0056,元大高股息,32,16,16,富邦-花蓮,2024-12-06,9621
00902,中信電池及儲能,15,0,15,富邦-花蓮,2024-12-06,9621
6257,矽格,16,1,15,富邦-花蓮,2024-12-06,9621
00712,復華富時不動產,14,0,14,富邦-花蓮,2024-12-06,9621
2367,燿華,15,1,14,富邦-花蓮,2024-12-06,9621
3035,智原,18,5,13,富邦-花蓮,2024-12-06,9621
2495,普安,13,0,13,富邦-花蓮,2024-12-06,9621
9917,中保科,13,0,13,富邦-花蓮,2024-12-06,9621
2409,友達,12,0,12,富邦-花蓮,2024-12-06,9621
3006,晶豪科,12,0,12,富邦-花蓮,2024-12-06,9621
3630,新鉅科,12,0,12,富邦-花蓮,2024-12-06,9621
5484,慧友,15,3,12,富邦-花蓮,2024-12-06,9621
6443,元晶,12,0,12,富邦-花蓮,2024-12-06,9621
8249,菱光,18,7,11,富邦-花蓮,2024-12-06,9621
2303,聯電,13,2,11,富邦-花蓮,2024-12-06,9621
00897,富邦基因免疫生技,10,0,10,富邦-花蓮,2024-12-06,9621
00907,永豐優息存股,10,0,10,富邦-花蓮,2024-12-06,9621
1609,大亞,10,0,10,富邦-花蓮,2024-12-06,9621
2204,中華,11,1,10,富邦-花蓮,2024-12-06,9621
5009,榮剛,10,0,10,富邦-花蓮,2024-12-06,9621
5512,力麒,10,0,10,富邦-花蓮,2024-12-06,9621
2408,南亞科,167,1,166,富邦-花蓮,2024-12-09,9621
2891,中信金,115,2,113,富邦-花蓮,2024-12-09,9621
2887,台新金,108,7,101,富邦-花蓮,2024-12-09,9621
00665L,富邦�琤肭磪囓�2,100,0,100,富邦-花蓮,2024-12-09,9621
2883,凱基金,73,13,60,富邦-花蓮,2024-12-09,9621
6443,元晶,57,2,55,富邦-花蓮,2024-12-09,9621
0056,元大高股息,38,6,32,富邦-花蓮,2024-12-09,9621
2929,淘帝-KY,33,1,32,富邦-花蓮,2024-12-09,9621
3481,群創,37,7,30,富邦-花蓮,2024-12-09,9621
2867,三商壽,30,2,28,富邦-花蓮,2024-12-09,9621
3211,順達,64,37,27,富邦-花蓮,2024-12-09,9621
00915,凱基優選高股息30,38,13,25,富邦-花蓮,2024-12-09,9621
2317,鴻海,27,3,24,富邦-花蓮,2024-12-09,9621
5871,中租-KY,27,3,24,富邦-花蓮,2024-12-09,9621
2449,京元電子,24,2,22,富邦-花蓮,2024-12-09,9621
2615,萬海,54,32,22,富邦-花蓮,2024-12-09,9621
00951,台新日本半導體,22,0,22,富邦-花蓮,2024-12-09,9621
00929,復華台灣科技優息,91,69,22,富邦-花蓮,2024-12-09,9621
00909,國泰數位支付服務,23,2,21,富邦-花蓮,2024-12-09,9621
00900,富邦特選高股息30,21,1,20,富邦-花蓮,2024-12-09,9621
00932,兆豐永續高息等權,20,0,20,富邦-花蓮,2024-12-09,9621
1714,和桐,20,0,20,富邦-花蓮,2024-12-09,9621
2436,偉詮電,27,7,20,富邦-花蓮,2024-12-09,9621
2495,普安,24,4,20,富邦-花蓮,2024-12-09,9621
3630,新鉅科,20,0,20,富邦-花蓮,2024-12-09,9621
8054,安國,23,3,20,富邦-花蓮,2024-12-09,9621
2890,永豐金,21,3,18,富邦-花蓮,2024-12-09,9621
00637L,元大滬深300正2,21,4,17,富邦-花蓮,2024-12-09,9621
3013,晟銘電,16,0,16,富邦-花蓮,2024-12-09,9621
1532,勤美,16,0,16,富邦-花蓮,2024-12-09,9621
2312,金寶,18,2,16,富邦-花蓮,2024-12-09,9621
2515,中工,15,0,15,富邦-花蓮,2024-12-09,9621
1802,台玻,78,64,14,富邦-花蓮,2024-12-09,9621
8104,錸寶,17,3,14,富邦-花蓮,2024-12-09,9621
2545,皇翔,13,0,13,富邦-花蓮,2024-12-09,9621
3622,洋華,13,0,13,富邦-花蓮,2024-12-09,9621
6015,宏遠證,13,0,13,富邦-花蓮,2024-12-09,9621
2002,中鋼,16,4,12,富邦-花蓮,2024-12-09,9621
2915,潤泰全,12,0,12,富邦-花蓮,2024-12-09,9621
8249,菱光,12,0,12,富邦-花蓮,2024-12-09,9621
2344,華邦電,13,1,12,富邦-花蓮,2024-12-09,9621
3006,晶豪科,12,0,12,富邦-花蓮,2024-12-09,9621
2399,映泰,39,28,11,富邦-花蓮,2024-12-09,9621
00902,中信電池及儲能,11,0,11,富邦-花蓮,2024-12-09,9621
2916,滿心,11,0,11,富邦-花蓮,2024-12-09,9621
3015,全漢,11,0,11,富邦-花蓮,2024-12-09,9621
3673,TPK-KY,11,0,11,富邦-花蓮,2024-12-09,9621
6117,迎廣,11,0,11,富邦-花蓮,2024-12-09,9621
2610,華航,59,48,11,富邦-花蓮,2024-12-09,9621
4977,眾達-KY,172,161,11,富邦-花蓮,2024-12-09,9621
2834,臺企銀,201,0,201,富邦-花蓮,2024-12-10,9621
00918,大華優利高填息30,115,9,106,富邦-花蓮,2024-12-10,9621
00887,永豐中國科技50大,322,226,96,富邦-花蓮,2024-12-10,9621
1802,台玻,158,71,87,富邦-花蓮,2024-12-10,9621
00919,群益台灣精選高息,109,37,72,富邦-花蓮,2024-12-10,9621
2888,新光金,74,2,72,富邦-花蓮,2024-12-10,9621
2609,陽明,800,741,59,富邦-花蓮,2024-12-10,9621
2882,國泰金,54,4,50,富邦-花蓮,2024-12-10,9621
3706,神達,258,210,48,富邦-花蓮,2024-12-10,9621
00965,元大航太防衛科技,47,0,47,富邦-花蓮,2024-12-10,9621
0056,元大高股息,45,1,44,富邦-花蓮,2024-12-10,9621
00637L,元大滬深300正2,64,20,44,富邦-花蓮,2024-12-10,9621
2317,鴻海,52,14,38,富邦-花蓮,2024-12-10,9621
00706L,期元大S＆P日圓正2,30,0,30,富邦-花蓮,2024-12-10,9621
2344,華邦電,27,2,25,富邦-花蓮,2024-12-10,9621
00795B,中信美國公債20年,25,0,25,富邦-花蓮,2024-12-10,9621
2547,日勝生,27,2,25,富邦-花蓮,2024-12-10,9621
2615,萬海,57,32,25,富邦-花蓮,2024-12-10,9621
1815,富喬,52,30,22,富邦-花蓮,2024-12-10,9621
1319,東陽,22,0,22,富邦-花蓮,2024-12-10,9621
2353,宏��,27,6,21,富邦-花蓮,2024-12-10,9621
3630,新鉅科,17,0,17,富邦-花蓮,2024-12-10,9621
2618,長榮航,17,2,15,富邦-花蓮,2024-12-10,9621
00655L,國泰中國A50正2,20,5,15,富邦-花蓮,2024-12-10,9621
1785,光洋科,50,35,15,富邦-花蓮,2024-12-10,9621
00937B,群益ESG投等債20,22,8,14,富邦-花蓮,2024-12-10,9621
1449,佳和,19,5,14,富邦-花蓮,2024-12-10,9621
2356,英業達,27,14,13,富邦-花蓮,2024-12-10,9621
2890,永豐金,13,0,13,富邦-花蓮,2024-12-10,9621
1336,台翰,16,3,13,富邦-花蓮,2024-12-10,9621
4909,新復興,16,3,13,富邦-花蓮,2024-12-10,9621
00950B,凱基A級公司債,12,0,12,富邦-花蓮,2024-12-10,9621
3051,力特,12,0,12,富邦-花蓮,2024-12-10,9621
8043,蜜望實,12,0,12,富邦-花蓮,2024-12-10,9621
1605,華新,42,31,11,富邦-花蓮,2024-12-10,9621
3234,光環,14,3,11,富邦-花蓮,2024-12-10,9621
3511,矽瑪,23,12,11,富邦-花蓮,2024-12-10,9621
5488,松普,11,0,11,富邦-花蓮,2024-12-10,9621
00953B,群益優選非投等債,15,4,11,富邦-花蓮,2024-12-10,9621
00907,永豐優息存股,10,0,10,富邦-花蓮,2024-12-10,9621
2206,三陽工業,10,0,10,富邦-花蓮,2024-12-10,9621
2431,聯昌,10,0,10,富邦-花蓮,2024-12-10,9621
3499,環天科,10,0,10,富邦-花蓮,2024-12-10,9621
5328,華容,12,2,10,富邦-花蓮,2024-12-10,9621
5603,陸海,10,0,10,富邦-花蓮,2024-12-10,9621
6134,萬旭,10,0,10,富邦-花蓮,2024-12-10,9621
8429,金麗-KY,12,2,10,富邦-花蓮,2024-12-10,9621
9917,中保科,10,0,10,富邦-花蓮,2024-12-10,9621
2354,鴻準,30,20,10,富邦-花蓮,2024-12-10,9621
2375,凱美,20,10,10,富邦-花蓮,2024-12-10,9621
2344,華邦電,321,79,242,富邦-花蓮,2024-12-11,9621
2834,臺企銀,200,4,196,富邦-花蓮,2024-12-11,9621
6770,力積電,209,15,194,富邦-花蓮,2024-12-11,9621
00919,群益台灣精選高息,137,6,131,富邦-花蓮,2024-12-11,9621
2883,凱基金,108,0,108,富邦-花蓮,2024-12-11,9621
2317,鴻海,100,20,80,富邦-花蓮,2024-12-11,9621
00918,大華優利高填息30,97,18,79,富邦-花蓮,2024-12-11,9621
00922,國泰台灣領袖50,66,0,66,富邦-花蓮,2024-12-11,9621
6176,瑞儀,57,3,54,富邦-花蓮,2024-12-11,9621
2615,萬海,51,0,51,富邦-花蓮,2024-12-11,9621
00915,凱基優選高股息30,50,0,50,富邦-花蓮,2024-12-11,9621
6877,鏵友益,52,3,49,富邦-花蓮,2024-12-11,9621
2354,鴻準,77,35,42,富邦-花蓮,2024-12-11,9621
2369,菱生,41,0,41,富邦-花蓮,2024-12-11,9621
00878,國泰永續高股息,49,10,39,富邦-花蓮,2024-12-11,9621
00712,復華富時不動產,44,7,37,富邦-花蓮,2024-12-11,9621
00637L,元大滬深300正2,35,0,35,富邦-花蓮,2024-12-11,9621
2461,光群雷,33,0,33,富邦-花蓮,2024-12-11,9621
00887,永豐中國科技50大,32,0,32,富邦-花蓮,2024-12-11,9621
6016,康和證,30,0,30,富邦-花蓮,2024-12-11,9621
3231,緯創,32,3,29,富邦-花蓮,2024-12-11,9621
2204,中華,26,0,26,富邦-花蓮,2024-12-11,9621
3019,亞光,56,31,25,富邦-花蓮,2024-12-11,9621
2330,台積電,23,0,23,富邦-花蓮,2024-12-11,9621
00680L,元大美債20正2,22,0,22,富邦-花蓮,2024-12-11,9621
2882,國泰金,22,1,21,富邦-花蓮,2024-12-11,9621
5907,大洋-KY,21,0,21,富邦-花蓮,2024-12-11,9621
2206,三陽工業,20,0,20,富邦-花蓮,2024-12-11,9621
00946,群益科技高息成長,18,0,18,富邦-花蓮,2024-12-11,9621
3234,光環,18,1,17,富邦-花蓮,2024-12-11,9621
1519,華城,15,0,15,富邦-花蓮,2024-12-11,9621
00655L,國泰中國A50正2,15,0,15,富邦-花蓮,2024-12-11,9621
8033,雷虎,15,2,13,富邦-花蓮,2024-12-11,9621
2382,廣達,14,1,13,富邦-花蓮,2024-12-11,9621
1326,台化,14,1,13,富邦-花蓮,2024-12-11,9621
1605,華新,17,4,13,富邦-花蓮,2024-12-11,9621
2605,新興,13,0,13,富邦-花蓮,2024-12-11,9621
3673,TPK-KY,17,4,13,富邦-花蓮,2024-12-11,9621
4541,晟田,19,6,13,富邦-花蓮,2024-12-11,9621
1597,直得,14,1,13,富邦-花蓮,2024-12-11,9621
00907,永豐優息存股,12,0,12,富邦-花蓮,2024-12-11,9621
2014,中鴻,12,0,12,富邦-花蓮,2024-12-11,9621
2312,金寶,14,2,12,富邦-花蓮,2024-12-11,9621
00927,群益半導體收益,11,0,11,富邦-花蓮,2024-12-11,9621
3607,谷崧,11,0,11,富邦-花蓮,2024-12-11,9621
5608,四維航,11,0,11,富邦-花蓮,2024-12-11,9621
2399,映泰,13,3,10,富邦-花蓮,2024-12-11,9621
00968B,元大優息投等債,10,0,10,富邦-花蓮,2024-12-11,9621
3213,茂訊,10,0,10,富邦-花蓮,2024-12-11,9621
3702A,大聯大甲特,10,0,10,富邦-花蓮,2024-12-11,9621
00937B,群益ESG投等債20,138,1,137,富邦-花蓮,2024-12-12,9621
3041,揚智,121,22,99,富邦-花蓮,2024-12-12,9621
2409,友達,100,6,94,富邦-花蓮,2024-12-12,9621
00680L,元大美債20正2,60,1,59,富邦-花蓮,2024-12-12,9621
8070,長華*,65,7,58,富邦-花蓮,2024-12-12,9621
00688L,國泰20年美債正2,56,0,56,富邦-花蓮,2024-12-12,9621
2388,威盛,62,9,53,富邦-花蓮,2024-12-12,9621
00918,大華優利高填息30,54,2,52,富邦-花蓮,2024-12-12,9621
1802,台玻,58,7,51,富邦-花蓮,2024-12-12,9621
00878,國泰永續高股息,42,5,37,富邦-花蓮,2024-12-12,9621
2615,萬海,49,17,32,富邦-花蓮,2024-12-12,9621
00751B,元大AAA至A公司債,32,0,32,富邦-花蓮,2024-12-12,9621
1301,台塑,32,1,31,富邦-花蓮,2024-12-12,9621
2317,鴻海,42,11,31,富邦-花蓮,2024-12-12,9621
2303,聯電,54,22,32,富邦-花蓮,2024-12-12,9621
1815,富喬,57,27,30,富邦-花蓮,2024-12-12,9621
5460,同協,30,0,30,富邦-花蓮,2024-12-12,9621
4977,眾達-KY,61,32,29,富邦-花蓮,2024-12-12,9621
2453,凌群,30,3,27,富邦-花蓮,2024-12-12,9621
6668,中揚光,25,0,25,富邦-花蓮,2024-12-12,9621
00687B,國泰20年美債,26,2,24,富邦-花蓮,2024-12-12,9621
00679B,元大美債20年,23,0,23,富邦-花蓮,2024-12-12,9621
1304,台聚,21,0,21,富邦-花蓮,2024-12-12,9621
2312,金寶,32,11,21,富邦-花蓮,2024-12-12,9621
6005,群益證,21,0,21,富邦-花蓮,2024-12-12,9621
1326,台化,20,0,20,富邦-花蓮,2024-12-12,9621
00706L,期元大S＆P日圓正2,20,0,20,富邦-花蓮,2024-12-12,9621
2461,光群雷,20,0,20,富邦-花蓮,2024-12-12,9621
9907,統一實,20,0,20,富邦-花蓮,2024-12-12,9621
2354,鴻準,68,48,20,富邦-花蓮,2024-12-12,9621
2457,飛宏,22,2,20,富邦-花蓮,2024-12-12,9621
1303,南亞,17,0,17,富邦-花蓮,2024-12-12,9621
3037,欣興,25,8,17,富邦-花蓮,2024-12-12,9621
00919,群益台灣精選高息,33,16,17,富邦-花蓮,2024-12-12,9621
00753L,中信中國50正2,21,4,17,富邦-花蓮,2024-12-12,9621
00915,凱基優選高股息30,18,2,16,富邦-花蓮,2024-12-12,9621
3029,零壹,72,57,15,富邦-花蓮,2024-12-12,9621
00676R,富邦臺灣加權反1,15,0,15,富邦-花蓮,2024-12-12,9621
1710,東聯,15,0,15,富邦-花蓮,2024-12-12,9621
1524,耿鼎,40,26,14,富邦-花蓮,2024-12-12,9621
2609,陽明,93,80,13,富邦-花蓮,2024-12-12,9621
5328,華容,18,5,13,富邦-花蓮,2024-12-12,9621
6589,台康生技,12,0,12,富邦-花蓮,2024-12-12,9621
00923,群益台ESG低碳50,14,2,12,富邦-花蓮,2024-12-12,9621
00946,群益科技高息成長,12,0,12,富邦-花蓮,2024-12-12,9621
2331,精英,12,0,12,富邦-花蓮,2024-12-12,9621
2405,輔信,12,0,12,富邦-花蓮,2024-12-12,9621
8097,常珵,32,20,12,富邦-花蓮,2024-12-12,9621
3715,定穎投控,13,2,11,富邦-花蓮,2024-12-12,9621
4562,穎漢,13,2,11,富邦-花蓮,2024-12-12,9621
00918,大華優利高填息30,236,6,230,富邦-花蓮,2024-12-13,9621
2344,華邦電,211,2,209,富邦-花蓮,2024-12-13,9621
00937B,群益ESG投等債20,192,0,192,富邦-花蓮,2024-12-13,9621
6016,康和證,120,0,120,富邦-花蓮,2024-12-13,9621
00919,群益台灣精選高息,132,34,98,富邦-花蓮,2024-12-13,9621
1714,和桐,87,0,87,富邦-花蓮,2024-12-13,9621
2883,凱基金,108,30,78,富邦-花蓮,2024-12-13,9621
00680L,元大美債20正2,68,0,68,富邦-花蓮,2024-12-13,9621
00940,元大台灣價值高息,65,1,64,富邦-花蓮,2024-12-13,9621
5521,工信,55,0,55,富邦-花蓮,2024-12-13,9621
00688L,國泰20年美債正2,50,0,50,富邦-花蓮,2024-12-13,9621
3231,緯創,48,0,48,富邦-花蓮,2024-12-13,9621
0056,元大高股息,42,1,41,富邦-花蓮,2024-12-13,9621
00706L,期元大S＆P日圓正2,40,0,40,富邦-花蓮,2024-12-13,9621
2461,光群雷,40,0,40,富邦-花蓮,2024-12-13,9621
2356,英業達,39,0,39,富邦-花蓮,2024-12-13,9621
2317,鴻海,46,12,34,富邦-花蓮,2024-12-13,9621
00915,凱基優選高股息30,33,0,33,富邦-花蓮,2024-12-13,9621
2324,仁寶,44,11,33,富邦-花蓮,2024-12-13,9621
2354,鴻準,58,27,31,富邦-花蓮,2024-12-13,9621
2002,中鋼,36,5,31,富邦-花蓮,2024-12-13,9621
2312,金寶,41,10,31,富邦-花蓮,2024-12-13,9621
00878,國泰永續高股息,33,3,30,富邦-花蓮,2024-12-13,9621
3037,欣興,25,0,25,富邦-花蓮,2024-12-13,9621
1909,榮成,25,0,25,富邦-花蓮,2024-12-13,9621
2328,廣宇,43,18,25,富邦-花蓮,2024-12-13,9621
00687B,國泰20年美債,26,2,24,富邦-花蓮,2024-12-13,9621
00753L,中信中國50正2,31,7,24,富邦-花蓮,2024-12-13,9621
3673,TPK-KY,26,2,24,富邦-花蓮,2024-12-13,9621
2348,海悅,38,15,23,富邦-花蓮,2024-12-13,9621
2388,威盛,24,2,22,富邦-花蓮,2024-12-13,9621
2331,精英,21,0,21,富邦-花蓮,2024-12-13,9621
00665L,富邦�琤肭磪囓�2,25,5,20,富邦-花蓮,2024-12-13,9621
6770,力積電,38,19,19,富邦-花蓮,2024-12-13,9621
5871,中租-KY,18,1,17,富邦-花蓮,2024-12-13,9621
1513,中興電,18,1,17,富邦-花蓮,2024-12-13,9621
00696B,富邦美債20年,17,0,17,富邦-花蓮,2024-12-13,9621
1605,華新,16,0,16,富邦-花蓮,2024-12-13,9621
00948B,中信優息投資級債,16,0,16,富邦-花蓮,2024-12-13,9621
6180,橘子,15,0,15,富邦-花蓮,2024-12-13,9621
5328,華容,25,10,15,富邦-花蓮,2024-12-13,9621
00713,元大台灣高息低波,15,0,15,富邦-花蓮,2024-12-13,9621
00946,群益科技高息成長,14,0,14,富邦-花蓮,2024-12-13,9621
6550,北極星藥業-KY,14,0,14,富邦-花蓮,2024-12-13,9621
2618,長榮航,18,5,13,富邦-花蓮,2024-12-13,9621
00932,兆豐永續高息等權,13,0,13,富邦-花蓮,2024-12-13,9621
00933B,國泰10Y+金融債,12,0,12,富邦-花蓮,2024-12-13,9621
2022,聚亨,12,0,12,富邦-花蓮,2024-12-13,9621
3630,新鉅科,12,0,12,富邦-花蓮,2024-12-13,9621
4120,友華,13,1,12,富邦-花蓮,2024-12-13,9621
00918,大華優利高填息30,268,10,258,富邦-花蓮,2024-12-16,9621
00937B,群益ESG投等債20,254,0,254,富邦-花蓮,2024-12-16,9621
00922,國泰台灣領袖50,107,4,103,富邦-花蓮,2024-12-16,9621
00919,群益台灣精選高息,129,28,101,富邦-花蓮,2024-12-16,9621
0056,元大高股息,78,8,70,富邦-花蓮,2024-12-16,9621
3231,緯創,73,4,69,富邦-花蓮,2024-12-16,9621
00679B,元大美債20年,60,1,59,富邦-花蓮,2024-12-16,9621
2317,鴻海,85,32,53,富邦-花蓮,2024-12-16,9621
00673R,期元大S＆P原油反1,50,0,50,富邦-花蓮,2024-12-16,9621
6016,康和證,50,0,50,富邦-花蓮,2024-12-16,9621
6558,興能高,52,6,46,富邦-花蓮,2024-12-16,9621
2609,陽明,89,44,45,富邦-花蓮,2024-12-16,9621
4956,光鋐,40,0,40,富邦-花蓮,2024-12-16,9621
00915,凱基優選高股息30,35,0,35,富邦-花蓮,2024-12-16,9621
00687B,國泰20年美債,40,7,33,富邦-花蓮,2024-12-16,9621
9105,泰金寶-DR,72,39,33,富邦-花蓮,2024-12-16,9621
00948B,中信優息投資級債,30,0,30,富邦-花蓮,2024-12-16,9621
4526,東台,30,0,30,富邦-花蓮,2024-12-16,9621
1815,富喬,47,18,29,富邦-花蓮,2024-12-16,9621
00887,永豐中國科技50大,26,0,26,富邦-花蓮,2024-12-16,9621
2354,鴻準,109,84,25,富邦-花蓮,2024-12-16,9621
6282,康舒,23,0,23,富邦-花蓮,2024-12-16,9621
2312,金寶,26,4,22,富邦-花蓮,2024-12-16,9621
2615,萬海,45,23,22,富邦-花蓮,2024-12-16,9621
1718,中纖,20,0,20,富邦-花蓮,2024-12-16,9621
5876,上海商銀,20,0,20,富邦-花蓮,2024-12-16,9621
8050,廣積,20,0,20,富邦-花蓮,2024-12-16,9621
8039,台虹,20,1,19,富邦-花蓮,2024-12-16,9621
1314,中石化,18,0,18,富邦-花蓮,2024-12-16,9621
00933B,國泰10Y+金融債,17,0,17,富邦-花蓮,2024-12-16,9621
00946,群益科技高息成長,16,0,16,富邦-花蓮,2024-12-16,9621
3450,聯鈞,30,15,15,富邦-花蓮,2024-12-16,9621
00896,中信綠能及電動車,15,0,15,富邦-花蓮,2024-12-16,9621
00751B,元大AAA至A公司債,15,0,15,富邦-花蓮,2024-12-16,9621
2618,長榮航,19,4,15,富邦-花蓮,2024-12-16,9621
3323,加百裕,16,1,15,富邦-花蓮,2024-12-16,9621
00930,永豐ESG低碳高息,14,0,14,富邦-花蓮,2024-12-16,9621
6770,力積電,39,26,13,富邦-花蓮,2024-12-16,9621
00962,台新AI優息動能,13,0,13,富邦-花蓮,2024-12-16,9621
4977,眾達-KY,38,25,13,富邦-花蓮,2024-12-16,9621
2002,中鋼,13,1,12,富邦-花蓮,2024-12-16,9621
2486,一詮,13,1,12,富邦-花蓮,2024-12-16,9621
00706L,期元大S＆P日圓正2,12,0,12,富邦-花蓮,2024-12-16,9621
2889,國票金,13,1,12,富邦-花蓮,2024-12-16,9621
2449,京元電子,14,2,12,富邦-花蓮,2024-12-16,9621
2382,廣達,12,1,11,富邦-花蓮,2024-12-16,9621
00713,元大台灣高息低波,14,3,11,富邦-花蓮,2024-12-16,9621
3037,欣興,16,5,11,富邦-花蓮,2024-12-16,9621
3006,晶豪科,11,0,11,富邦-花蓮,2024-12-16,9621
3303,岱稜,11,0,11,富邦-花蓮,2024-12-16,9621
00680L,元大美債20正2,418,0,418,富邦-花蓮,2024-12-17,9621
00918,大華優利高填息30,172,1,171,富邦-花蓮,2024-12-17,9621
00915,凱基優選高股息30,69,0,69,富邦-花蓮,2024-12-17,9621
9105,泰金寶-DR,206,152,54,富邦-花蓮,2024-12-17,9621
0056,元大高股息,50,1,49,富邦-花蓮,2024-12-17,9621
2883,凱基金,51,3,48,富邦-花蓮,2024-12-17,9621
1310,台苯,40,0,40,富邦-花蓮,2024-12-17,9621
00713,元大台灣高息低波,40,3,37,富邦-花蓮,2024-12-17,9621
2303,聯電,63,27,36,富邦-花蓮,2024-12-17,9621
00919,群益台灣精選高息,127,97,30,富邦-花蓮,2024-12-17,9621
00706L,期元大S＆P日圓正2,30,0,30,富邦-花蓮,2024-12-17,9621
00688L,國泰20年美債正2,30,0,30,富邦-花蓮,2024-12-17,9621
1710,東聯,30,0,30,富邦-花蓮,2024-12-17,9621
6016,康和證,30,0,30,富邦-花蓮,2024-12-17,9621
3481,群創,30,1,29,富邦-花蓮,2024-12-17,9621
00937B,群益ESG投等債20,32,5,27,富邦-花蓮,2024-12-17,9621
4510,高鋒,56,32,24,富邦-花蓮,2024-12-17,9621
00687B,國泰20年美債,22,0,22,富邦-花蓮,2024-12-17,9621
00665L,富邦�琤肭磪囓�2,22,0,22,富邦-花蓮,2024-12-17,9621
1409,新纖,20,0,20,富邦-花蓮,2024-12-17,9621
6005,群益證,20,0,20,富邦-花蓮,2024-12-17,9621
3706,神達,86,67,19,富邦-花蓮,2024-12-17,9621
1326,台化,19,0,19,富邦-花蓮,2024-12-17,9621
2615,萬海,51,32,19,富邦-花蓮,2024-12-17,9621
1314,中石化,19,2,17,富邦-花蓮,2024-12-17,9621
00940,元大台灣價值高息,17,0,17,富邦-花蓮,2024-12-17,9621
2317,鴻海,28,12,16,富邦-花蓮,2024-12-17,9621
5876,上海商銀,16,0,16,富邦-花蓮,2024-12-17,9621
1785,光洋科,15,0,15,富邦-花蓮,2024-12-17,9621
2449,京元電子,15,1,14,富邦-花蓮,2024-12-17,9621
2354,鴻準,31,17,14,富邦-花蓮,2024-12-17,9621
00725B,國泰投資級公司債,14,0,14,富邦-花蓮,2024-12-17,9621
1605,華新,15,1,14,富邦-花蓮,2024-12-17,9621
2405,輔信,14,0,14,富邦-花蓮,2024-12-17,9621
2618,長榮航,26,12,14,富邦-花蓮,2024-12-17,9621
5469,瀚宇博,13,0,13,富邦-花蓮,2024-12-17,9621
4919,新唐,17,4,13,富邦-花蓮,2024-12-17,9621
6703,軒郁,12,0,12,富邦-花蓮,2024-12-17,9621
6770,力積電,18,6,12,富邦-花蓮,2024-12-17,9621
8936,國統,12,0,12,富邦-花蓮,2024-12-17,9621
5009,榮剛,11,0,11,富邦-花蓮,2024-12-17,9621
9945,潤泰新,11,0,11,富邦-花蓮,2024-12-17,9621
3078,僑威,10,0,10,富邦-花蓮,2024-12-17,9621
00933B,國泰10Y+金融債,10,0,10,富邦-花蓮,2024-12-17,9621
1802,台玻,41,31,10,富邦-花蓮,2024-12-17,9621
2348,海悅,10,0,10,富邦-花蓮,2024-12-17,9621
4577,達航科技,10,0,10,富邦-花蓮,2024-12-17,9621
8374,羅昇,52,42,10,富邦-花蓮,2024-12-17,9621
6285,啟��,10,0,10,富邦-花蓮,2024-12-17,9621
2374,佳能,76,66,10,富邦-花蓮,2024-12-17,9621
2337,旺宏,250,1,249,富邦-花蓮,2024-12-18,9621
00918,大華優利高填息30,200,0,200,富邦-花蓮,2024-12-18,9621
2883,凱基金,108,11,97,富邦-花蓮,2024-12-18,9621
6214,精誠,33,2,31,富邦-花蓮,2024-12-18,9621
2834,臺企銀,29,0,29,富邦-花蓮,2024-12-18,9621
5880,合庫金,27,0,27,富邦-花蓮,2024-12-18,9621
0056,元大高股息,29,4,25,富邦-花蓮,2024-12-18,9621
6770,力積電,46,23,23,富邦-花蓮,2024-12-18,9621
00924,復華S＆P500成長,21,0,21,富邦-花蓮,2024-12-18,9621
2049,上銀,37,17,20,富邦-花蓮,2024-12-18,9621
00712,復華富時不動產,30,10,20,富邦-花蓮,2024-12-18,9621
2722,夏都,20,0,20,富邦-花蓮,2024-12-18,9621
2618,長榮航,39,20,19,富邦-花蓮,2024-12-18,9621
3035,智原,22,5,17,富邦-花蓮,2024-12-18,9621
2303,聯電,101,84,17,富邦-花蓮,2024-12-18,9621
2891,中信金,35,19,16,富邦-花蓮,2024-12-18,9621
00965,元大航太防衛科技,20,5,15,富邦-花蓮,2024-12-18,9621
2312,金寶,26,11,15,富邦-花蓮,2024-12-18,9621
2609,陽明,29,16,13,富邦-花蓮,2024-12-18,9621
2354,鴻準,14,1,13,富邦-花蓮,2024-12-18,9621
00852L,國泰美國道瓊正2,13,0,13,富邦-花蓮,2024-12-18,9621
2332,友訊,15,2,13,富邦-花蓮,2024-12-18,9621
3231,緯創,17,5,12,富邦-花蓮,2024-12-18,9621
1314,中石化,13,1,12,富邦-花蓮,2024-12-18,9621
4540,全球傳動,70,58,12,富邦-花蓮,2024-12-18,9621
6890,來億-KY,12,0,12,富邦-花蓮,2024-12-18,9621
2002,中鋼,14,2,12,富邦-花蓮,2024-12-18,9621
3706,神達,85,74,11,富邦-花蓮,2024-12-18,9621
2474,可成,11,0,11,富邦-花蓮,2024-12-18,9621
3373,熱映,11,0,11,富邦-花蓮,2024-12-18,9621
3211,順達,70,59,11,富邦-花蓮,2024-12-18,9621
2317,鴻海,23,13,10,富邦-花蓮,2024-12-18,9621
2886,兆豐金,10,0,10,富邦-花蓮,2024-12-18,9621
00937B,群益ESG投等債20,16,6,10,富邦-花蓮,2024-12-18,9621
1471,首利,10,0,10,富邦-花蓮,2024-12-18,9621
1536,和大,16,6,10,富邦-花蓮,2024-12-18,9621
2206,三陽工業,10,0,10,富邦-花蓮,2024-12-18,9621
5706,鳳凰,12,2,10,富邦-花蓮,2024-12-18,9621
8358,金居,10,0,10,富邦-花蓮,2024-12-18,9621
00637L,元大滬深300正2,11,2,9,富邦-花蓮,2024-12-18,9621
00953B,群益優選非投等債,9,0,9,富邦-花蓮,2024-12-18,9621
5876,上海商銀,9,0,9,富邦-花蓮,2024-12-18,9621
2359,所羅門,16,8,8,富邦-花蓮,2024-12-18,9621
5371,中光電,12,4,8,富邦-花蓮,2024-12-18,9621
2408,南亞科,15,7,8,富邦-花蓮,2024-12-18,9621
2425,承啟,10,2,8,富邦-花蓮,2024-12-18,9621
2915,潤泰全,11,3,8,富邦-花蓮,2024-12-18,9621
1785,光洋科,8,0,8,富邦-花蓮,2024-12-18,9621
2313,華通,33,26,7,富邦-花蓮,2024-12-18,9621
00933B,國泰10Y+金融債,7,0,7,富邦-花蓮,2024-12-18,9621
00948B,中信優息投資級債,189,0,189,富邦-花蓮,2024-12-19,9621
00918,大華優利高填息30,105,0,105,富邦-花蓮,2024-12-19,9621
00937B,群益ESG投等債20,79,0,79,富邦-花蓮,2024-12-19,9621
2609,陽明,101,35,66,富邦-花蓮,2024-12-19,9621
2883,凱基金,75,16,59,富邦-花蓮,2024-12-19,9621
00878,國泰永續高股息,66,8,58,富邦-花蓮,2024-12-19,9621
2303,聯電,71,21,50,富邦-花蓮,2024-12-19,9621
00712,復華富時不動產,48,3,45,富邦-花蓮,2024-12-19,9621
00687B,國泰20年美債,43,1,42,富邦-花蓮,2024-12-19,9621
2317,鴻海,50,8,42,富邦-花蓮,2024-12-19,9621
2344,華邦電,42,2,40,富邦-花蓮,2024-12-19,9621
2845,遠東銀,50,10,40,富邦-花蓮,2024-12-19,9621
1314,中石化,47,9,38,富邦-花蓮,2024-12-19,9621
00679B,元大美債20年,35,2,33,富邦-花蓮,2024-12-19,9621
2882,國泰金,33,0,33,富邦-花蓮,2024-12-19,9621
0056,元大高股息,36,4,32,富邦-花蓮,2024-12-19,9621
00688L,國泰20年美債正2,31,0,31,富邦-花蓮,2024-12-19,9621
6558,興能高,56,27,29,富邦-花蓮,2024-12-19,9621
2002,中鋼,30,3,27,富邦-花蓮,2024-12-19,9621
5438,東友,24,0,24,富邦-花蓮,2024-12-19,9621
2606,裕民,23,0,23,富邦-花蓮,2024-12-19,9621
00933B,國泰10Y+金融債,22,0,22,富邦-花蓮,2024-12-19,9621
6451,訊芯-KY,21,0,21,富邦-花蓮,2024-12-19,9621
5880,合庫金,21,0,21,富邦-花蓮,2024-12-19,9621
00963,中信全球高股息,20,0,20,富邦-花蓮,2024-12-19,9621
2485,兆赫,20,0,20,富邦-花蓮,2024-12-19,9621
4931,新盛力,73,54,19,富邦-花蓮,2024-12-19,9621
8044,網家,23,4,19,富邦-花蓮,2024-12-19,9621
8111,立��,30,12,18,富邦-花蓮,2024-12-19,9621
2330,台積電,34,16,18,富邦-花蓮,2024-12-19,9621
00852L,國泰美國道瓊正2,18,0,18,富邦-花蓮,2024-12-19,9621
00950B,凱基A級公司債,18,0,18,富邦-花蓮,2024-12-19,9621
3323,加百裕,105,87,18,富邦-花蓮,2024-12-19,9621
0050,元大台灣50,17,0,17,富邦-花蓮,2024-12-19,9621
8249,菱光,43,28,15,富邦-花蓮,2024-12-19,9621
2886,兆豐金,14,0,14,富邦-花蓮,2024-12-19,9621
3231,緯創,14,1,13,富邦-花蓮,2024-12-19,9621
2887,台新金,12,0,12,富邦-花蓮,2024-12-19,9621
00665L,富邦�琤肭磪囓�2,12,0,12,富邦-花蓮,2024-12-19,9621
2603,長榮,14,2,12,富邦-花蓮,2024-12-19,9621
1722,台肥,11,0,11,富邦-花蓮,2024-12-19,9621
00706L,期元大S＆P日圓正2,11,0,11,富邦-花蓮,2024-12-19,9621
3704,合勤控,11,0,11,富邦-花蓮,2024-12-19,9621
6205,詮欣,12,1,11,富邦-花蓮,2024-12-19,9621
2867,三商壽,12,1,11,富邦-花蓮,2024-12-19,9621
6188,廣明,16,5,11,富邦-花蓮,2024-12-19,9621
00897,富邦基因免疫生技,10,0,10,富邦-花蓮,2024-12-19,9621
00909,國泰數位支付服務,10,0,10,富邦-花蓮,2024-12-19,9621
00680L,元大美債20正2,10,0,10,富邦-花蓮,2024-12-19,9621
00722B,群益投資級電信債,10,0,10,富邦-花蓮,2024-12-19,9621
