Ticker,Name,buy,sell,diff,Branch,Date,Branch_Code
1605,華新,229,58,171,富邦-竹東,2023-01-03,9625
00878,國泰永續高股息,88,4,84,富邦-竹東,2023-01-03,9625
2317,鴻海,112,66,46,富邦-竹東,2023-01-03,9625
00637L,元大滬深300正2,53,18,35,富邦-竹東,2023-01-03,9625
2609,陽明,36,1,35,富邦-竹東,2023-01-03,9625
2618,長榮航,39,9,30,富邦-竹東,2023-01-03,9625
00720B,元大投資級公司債,30,0,30,富邦-竹東,2023-01-03,9625
6245,立端,31,1,30,富邦-竹東,2023-01-03,9625
2603,長榮,34,10,24,富邦-竹東,2023-01-03,9625
00655L,國泰中國A50正2,23,0,23,富邦-竹東,2023-01-03,9625
4114,健喬,36,14,22,富邦-竹東,2023-01-03,9625
2002,中鋼,21,0,21,富邦-竹東,2023-01-03,9625
6005,群益證,20,0,20,富邦-竹東,2023-01-03,9625
2501,國建,20,0,20,富邦-竹東,2023-01-03,9625
6691,洋基工程,20,0,20,富邦-竹東,2023-01-03,9625
6276,安鈦克,17,0,17,富邦-竹東,2023-01-03,9625
1701,中化,16,2,14,富邦-竹東,2023-01-03,9625
2303,聯電,15,1,14,富邦-竹東,2023-01-03,9625
2882,國泰金,15,2,13,富邦-竹東,2023-01-03,9625
00679B,元大美債20年,12,0,12,富邦-竹東,2023-01-03,9625
2610,華航,12,0,12,富邦-竹東,2023-01-03,9625
5880,合庫金,11,0,11,富邦-竹東,2023-01-03,9625
9960,邁達康,12,1,11,富邦-竹東,2023-01-03,9625
4174,浩鼎,11,0,11,富邦-竹東,2023-01-03,9625
1722,台肥,12,1,11,富邦-竹東,2023-01-03,9625
1718,中纖,10,0,10,富邦-竹東,2023-01-03,9625
4157,太景*-KY,10,0,10,富邦-竹東,2023-01-03,9625
2641,正德,10,0,10,富邦-竹東,2023-01-03,9625
2548,華固,9,0,9,富邦-竹東,2023-01-03,9625
9919,康那香,10,1,9,富邦-竹東,2023-01-03,9625
9904,寶成,9,1,8,富邦-竹東,2023-01-03,9625
1519,華城,18,10,8,富邦-竹東,2023-01-03,9625
6443,元晶,11,3,8,富邦-竹東,2023-01-03,9625
3083,網龍,8,1,7,富邦-竹東,2023-01-03,9625
4168,醣聯,10,3,7,富邦-竹東,2023-01-03,9625
3289,宜特,8,1,7,富邦-竹東,2023-01-03,9625
00712,復華富時不動產,6,0,6,富邦-竹東,2023-01-03,9625
5009,榮剛,11,5,6,富邦-竹東,2023-01-03,9625
4133,亞諾法,5,0,5,富邦-竹東,2023-01-03,9625
6804,明係,5,0,5,富邦-竹東,2023-01-03,9625
1342,八貫,7,2,5,富邦-竹東,2023-01-03,9625
6176,瑞儀,5,0,5,富邦-竹東,2023-01-03,9625
3712,永崴投控,7,2,5,富邦-竹東,2023-01-03,9625
9917,中保科,5,0,5,富邦-竹東,2023-01-03,9625
5876,上海商銀,5,0,5,富邦-竹東,2023-01-03,9625
6261,久元,5,0,5,富邦-竹東,2023-01-03,9625
6111,大宇資,16,12,4,富邦-竹東,2023-01-03,9625
2885,元大金,4,0,4,富邦-竹東,2023-01-03,9625
9802,鈺齊-KY,4,0,4,富邦-竹東,2023-01-03,9625
2884,玉山金,4,0,4,富邦-竹東,2023-01-03,9625
00878,國泰永續高股息,135,9,126,富邦-竹東,2023-01-04,9625
00893,國泰智能電動車,59,0,59,富邦-竹東,2023-01-04,9625
00637L,元大滬深300正2,61,7,54,富邦-竹東,2023-01-04,9625
6245,立端,50,0,50,富邦-竹東,2023-01-04,9625
1909,榮成,53,12,41,富邦-竹東,2023-01-04,9625
2609,陽明,35,2,33,富邦-竹東,2023-01-04,9625
00680L,元大美債20正2,31,0,31,富邦-竹東,2023-01-04,9625
6005,群益證,30,0,30,富邦-竹東,2023-01-04,9625
2618,長榮航,23,5,18,富邦-竹東,2023-01-04,9625
3162,精確,17,0,17,富邦-竹東,2023-01-04,9625
2884,玉山金,16,0,16,富邦-竹東,2023-01-04,9625
4163,鐿鈦,21,5,16,富邦-竹東,2023-01-04,9625
00715L,期街口布蘭特正2,16,0,16,富邦-竹東,2023-01-04,9625
5351,鈺創,33,18,15,富邦-竹東,2023-01-04,9625
00902,中信電池及儲能,15,0,15,富邦-竹東,2023-01-04,9625
2601,益航,14,0,14,富邦-竹東,2023-01-04,9625
2501,國建,14,0,14,富邦-竹東,2023-01-04,9625
1529,樂事綠能,16,2,14,富邦-竹東,2023-01-04,9625
4114,健喬,14,2,12,富邦-竹東,2023-01-04,9625
2641,正德,12,0,12,富邦-竹東,2023-01-04,9625
2603,長榮,28,17,11,富邦-竹東,2023-01-04,9625
2338,光罩,30,19,11,富邦-竹東,2023-01-04,9625
00882,中信中國高股息,13,2,11,富邦-竹東,2023-01-04,9625
3105,穩懋,11,0,11,富邦-竹東,2023-01-04,9625
2465,麗臺,28,17,11,富邦-竹東,2023-01-04,9625
4130,健亞,12,1,11,富邦-竹東,2023-01-04,9625
6235,華孚,34,23,11,富邦-竹東,2023-01-04,9625
6202,盛群,10,0,10,富邦-竹東,2023-01-04,9625
2323,中環,10,0,10,富邦-竹東,2023-01-04,9625
6214,精誠,10,0,10,富邦-竹東,2023-01-04,9625
8040,九暘,11,1,10,富邦-竹東,2023-01-04,9625
8054,安國,10,0,10,富邦-竹東,2023-01-04,9625
8429,金麗-KY,10,0,10,富邦-竹東,2023-01-04,9625
3702,大聯大,11,1,10,富邦-竹東,2023-01-04,9625
3027,盛達,24,14,10,富邦-竹東,2023-01-04,9625
2317,鴻海,16,7,9,富邦-竹東,2023-01-04,9625
2607,榮運,9,0,9,富邦-竹東,2023-01-04,9625
4157,太景*-KY,10,1,9,富邦-竹東,2023-01-04,9625
4931,新盛力,11,2,9,富邦-竹東,2023-01-04,9625
6244,茂迪,17,8,9,富邦-竹東,2023-01-04,9625
5381,合正,7,0,7,富邦-竹東,2023-01-04,9625
6139,亞翔,7,0,7,富邦-竹東,2023-01-04,9625
0050,元大台灣50,6,0,6,富邦-竹東,2023-01-04,9625
3013,晟銘電,6,0,6,富邦-竹東,2023-01-04,9625
6598,ABC-KY,6,0,6,富邦-竹東,2023-01-04,9625
4192,杏國,6,0,6,富邦-竹東,2023-01-04,9625
00670L,富邦NASDAQ正2,5,0,5,富邦-竹東,2023-01-04,9625
3189,景碩,6,1,5,富邦-竹東,2023-01-04,9625
3037,欣興,14,9,5,富邦-竹東,2023-01-04,9625
4129,聯合,8,3,5,富邦-竹東,2023-01-04,9625
00670L,富邦NASDAQ正2,274,0,274,富邦-竹東,2023-01-05,9625
00882,中信中國高股息,105,1,104,富邦-竹東,2023-01-05,9625
8044,網家,81,2,79,富邦-竹東,2023-01-05,9625
00720B,元大投資級公司債,36,0,36,富邦-竹東,2023-01-05,9625
2380,虹光,31,0,31,富邦-竹東,2023-01-05,9625
6005,群益證,30,0,30,富邦-竹東,2023-01-05,9625
5351,鈺創,30,5,25,富邦-竹東,2023-01-05,9625
2303,聯電,36,13,23,富邦-竹東,2023-01-05,9625
00715L,期街口布蘭特正2,23,0,23,富邦-竹東,2023-01-05,9625
6691,洋基工程,22,1,21,富邦-竹東,2023-01-05,9625
00679B,元大美債20年,13,0,13,富邦-竹東,2023-01-05,9625
8358,金居,29,16,13,富邦-竹東,2023-01-05,9625
2501,國建,15,3,12,富邦-竹東,2023-01-05,9625
1909,榮成,22,10,12,富邦-竹東,2023-01-05,9625
2313,華通,12,0,12,富邦-竹東,2023-01-05,9625
6456,GIS-KY,11,0,11,富邦-竹東,2023-01-05,9625
2317,鴻海,18,8,10,富邦-竹東,2023-01-05,9625
6104,創惟,15,5,10,富邦-竹東,2023-01-05,9625
4707,磐亞,10,0,10,富邦-竹東,2023-01-05,9625
1219,福壽,10,0,10,富邦-竹東,2023-01-05,9625
1313,聯成,10,0,10,富邦-竹東,2023-01-05,9625
00905,FT臺灣Smart,10,0,10,富邦-竹東,2023-01-05,9625
5014,建錩,10,0,10,富邦-竹東,2023-01-05,9625
6191,精成科,10,0,10,富邦-竹東,2023-01-05,9625
1504,東元,12,2,10,富邦-竹東,2023-01-05,9625
2376,技嘉,12,3,9,富邦-竹東,2023-01-05,9625
8069,元太,19,10,9,富邦-竹東,2023-01-05,9625
3708,上緯投控,9,0,9,富邦-竹東,2023-01-05,9625
8086,宏捷科,8,0,8,富邦-竹東,2023-01-05,9625
3712,永崴投控,8,0,8,富邦-竹東,2023-01-05,9625
6789,采鈺,8,0,8,富邦-竹東,2023-01-05,9625
3714,富采,10,3,7,富邦-竹東,2023-01-05,9625
3272,東碩,17,10,7,富邦-竹東,2023-01-05,9625
2338,光罩,19,13,6,富邦-竹東,2023-01-05,9625
3189,景碩,9,3,6,富邦-竹東,2023-01-05,9625
4162,智擎,7,1,6,富邦-竹東,2023-01-05,9625
9941,裕融,7,1,6,富邦-竹東,2023-01-05,9625
00888,永豐台灣ESG,6,0,6,富邦-竹東,2023-01-05,9625
2208,台船,6,0,6,富邦-竹東,2023-01-05,9625
4107,邦特,6,0,6,富邦-竹東,2023-01-05,9625
1340,勝悅-KY,6,0,6,富邦-竹東,2023-01-05,9625
3162,精確,6,0,6,富邦-竹東,2023-01-05,9625
2344,華邦電,6,0,6,富邦-竹東,2023-01-05,9625
8227,巨有科技,6,1,5,富邦-竹東,2023-01-05,9625
1584,精剛,5,0,5,富邦-竹東,2023-01-05,9625
2482,連宇,15,10,5,富邦-竹東,2023-01-05,9625
3128,昇銳,7,2,5,富邦-竹東,2023-01-05,9625
2347,聯強,5,0,5,富邦-竹東,2023-01-05,9625
6533,晶心科,9,4,5,富邦-竹東,2023-01-05,9625
6477,安集,5,0,5,富邦-竹東,2023-01-05,9625
4163,鐿鈦,80,2,78,富邦-竹東,2023-01-06,9625
1467,南緯,71,1,70,富邦-竹東,2023-01-06,9625
2618,長榮航,100,44,56,富邦-竹東,2023-01-06,9625
2887,台新金,60,15,45,富邦-竹東,2023-01-06,9625
2317,鴻海,43,1,42,富邦-竹東,2023-01-06,9625
4167,松瑞藥,39,4,35,富邦-竹東,2023-01-06,9625
1909,榮成,30,1,29,富邦-竹東,2023-01-06,9625
8044,網家,30,4,26,富邦-竹東,2023-01-06,9625
6125,廣運,25,1,24,富邦-竹東,2023-01-06,9625
2501,國建,26,3,23,富邦-竹東,2023-01-06,9625
00641R,富邦日本反1,22,0,22,富邦-竹東,2023-01-06,9625
00676R,富邦臺灣加權反1,20,0,20,富邦-竹東,2023-01-06,9625
1519,華城,22,3,19,富邦-竹東,2023-01-06,9625
00632R,元大台灣50反1,19,0,19,富邦-竹東,2023-01-06,9625
6243,迅杰,21,2,19,富邦-竹東,2023-01-06,9625
1701,中化,18,2,16,富邦-竹東,2023-01-06,9625
00654R,富邦印度反1,16,0,16,富邦-竹東,2023-01-06,9625
8033,雷虎,16,1,15,富邦-竹東,2023-01-06,9625
00772B,中信高評級公司債,14,0,14,富邦-竹東,2023-01-06,9625
2610,華航,31,18,13,富邦-竹東,2023-01-06,9625
1802,台玻,25,13,12,富邦-竹東,2023-01-06,9625
3686,達能,10,0,10,富邦-竹東,2023-01-06,9625
4903,聯光通,10,0,10,富邦-竹東,2023-01-06,9625
1504,東元,9,0,9,富邦-竹東,2023-01-06,9625
1314,中石化,10,1,9,富邦-竹東,2023-01-06,9625
00679B,元大美債20年,10,1,9,富邦-竹東,2023-01-06,9625
4746,台耀,9,0,9,富邦-竹東,2023-01-06,9625
9919,康那香,9,0,9,富邦-竹東,2023-01-06,9625
6589,台康生技,13,6,7,富邦-竹東,2023-01-06,9625
5905,南仁湖,10,3,7,富邦-竹東,2023-01-06,9625
8171,天宇,15,8,7,富邦-竹東,2023-01-06,9625
3141,晶宏,8,2,6,富邦-竹東,2023-01-06,9625
1319,東陽,8,2,6,富邦-竹東,2023-01-06,9625
5880,合庫金,7,1,6,富邦-竹東,2023-01-06,9625
00720B,元大投資級公司債,20,14,6,富邦-竹東,2023-01-06,9625
1584,精剛,6,0,6,富邦-竹東,2023-01-06,9625
1736,喬山,6,0,6,富邦-竹東,2023-01-06,9625
6443,元晶,6,0,6,富邦-竹東,2023-01-06,9625
00916,國泰全球品牌50,6,0,6,富邦-竹東,2023-01-06,9625
00715L,期街口布蘭特正2,11,5,6,富邦-竹東,2023-01-06,9625
6104,創惟,7,1,6,富邦-竹東,2023-01-06,9625
6691,洋基工程,6,0,6,富邦-竹東,2023-01-06,9625
4114,健喬,23,18,5,富邦-竹東,2023-01-06,9625
5871,中租-KY,6,1,5,富邦-竹東,2023-01-06,9625
4157,太景*-KY,5,0,5,富邦-竹東,2023-01-06,9625
3323,加百裕,5,0,5,富邦-竹東,2023-01-06,9625
4171,瑞基,5,0,5,富邦-竹東,2023-01-06,9625
4979,華星光,5,0,5,富邦-竹東,2023-01-06,9625
6233,旺玖,5,0,5,富邦-竹東,2023-01-06,9625
2897,王道銀行,5,0,5,富邦-竹東,2023-01-06,9625
2834,臺企銀,170,25,145,富邦-竹東,2023-01-09,9625
2887,台新金,142,14,128,富邦-竹東,2023-01-09,9625
2201,裕隆,90,21,69,富邦-竹東,2023-01-09,9625
3481,群創,75,10,65,富邦-竹東,2023-01-09,9625
2501,國建,62,0,62,富邦-竹東,2023-01-09,9625
00772B,中信高評級公司債,55,1,54,富邦-竹東,2023-01-09,9625
6005,群益證,50,0,50,富邦-竹東,2023-01-09,9625
8033,雷虎,31,1,30,富邦-竹東,2023-01-09,9625
00655L,國泰中國A50正2,30,0,30,富邦-竹東,2023-01-09,9625
1101,台泥,30,5,25,富邦-竹東,2023-01-09,9625
8044,網家,24,0,24,富邦-竹東,2023-01-09,9625
6456,GIS-KY,22,0,22,富邦-竹東,2023-01-09,9625
6691,洋基工程,22,0,22,富邦-竹東,2023-01-09,9625
6176,瑞儀,21,0,21,富邦-竹東,2023-01-09,9625
2317,鴻海,28,7,21,富邦-竹東,2023-01-09,9625
3374,精材,19,0,19,富邦-竹東,2023-01-09,9625
00679B,元大美債20年,30,12,18,富邦-竹東,2023-01-09,9625
00715L,期街口布蘭特正2,15,0,15,富邦-竹東,2023-01-09,9625
8105,凌巨,15,0,15,富邦-竹東,2023-01-09,9625
3380,明泰,15,0,15,富邦-竹東,2023-01-09,9625
8069,元太,22,7,15,富邦-竹東,2023-01-09,9625
2603,長榮,27,13,14,富邦-竹東,2023-01-09,9625
2609,陽明,26,15,11,富邦-竹東,2023-01-09,9625
00885,富邦越南,14,3,11,富邦-竹東,2023-01-09,9625
2485,兆赫,10,0,10,富邦-竹東,2023-01-09,9625
1720,生達,10,0,10,富邦-竹東,2023-01-09,9625
00669R,國泰美國道瓊反1,10,0,10,富邦-竹東,2023-01-09,9625
2014,中鴻,34,24,10,富邦-竹東,2023-01-09,9625
2641,正德,10,0,10,富邦-竹東,2023-01-09,9625
5876,上海商銀,10,1,9,富邦-竹東,2023-01-09,9625
3508,位速,8,0,8,富邦-竹東,2023-01-09,9625
2329,華泰,7,0,7,富邦-竹東,2023-01-09,9625
3455,由田,7,0,7,富邦-竹東,2023-01-09,9625
2457,飛宏,8,1,7,富邦-竹東,2023-01-09,9625
6139,亞翔,13,6,7,富邦-竹東,2023-01-09,9625
3479,安勤,10,3,7,富邦-竹東,2023-01-09,9625
2615,萬海,20,14,6,富邦-竹東,2023-01-09,9625
2367,燿華,6,0,6,富邦-竹東,2023-01-09,9625
6245,立端,6,0,6,富邦-竹東,2023-01-09,9625
6214,精誠,5,0,5,富邦-竹東,2023-01-09,9625
5381,合正,5,0,5,富邦-竹東,2023-01-09,9625
1783,和康生,5,0,5,富邦-竹東,2023-01-09,9625
3006,晶豪科,16,11,5,富邦-竹東,2023-01-09,9625
8401,白紗科,5,0,5,富邦-竹東,2023-01-09,9625
2371,大同,5,0,5,富邦-竹東,2023-01-09,9625
00905,FT臺灣Smart,5,0,5,富邦-竹東,2023-01-09,9625
2832,台產,5,0,5,富邦-竹東,2023-01-09,9625
2852,第一保,5,0,5,富邦-竹東,2023-01-09,9625
6517,保勝光學,5,0,5,富邦-竹東,2023-01-09,9625
6290,良維,6,1,5,富邦-竹東,2023-01-09,9625
00632R,元大台灣50反1,383,0,383,富邦-竹東,2023-01-10,9625
2303,聯電,165,67,98,富邦-竹東,2023-01-10,9625
00891,中信關鍵半導體,72,0,72,富邦-竹東,2023-01-10,9625
2834,臺企銀,225,181,44,富邦-竹東,2023-01-10,9625
00878,國泰永續高股息,97,55,42,富邦-竹東,2023-01-10,9625
2344,華邦電,27,2,25,富邦-竹東,2023-01-10,9625
2313,華通,23,0,23,富邦-竹東,2023-01-10,9625
3706,神達,30,8,22,富邦-竹東,2023-01-10,9625
00892,富邦台灣半導體,22,0,22,富邦-竹東,2023-01-10,9625
00715L,期街口布蘭特正2,23,1,22,富邦-竹東,2023-01-10,9625
6243,迅杰,21,0,21,富邦-竹東,2023-01-10,9625
6125,廣運,20,0,20,富邦-竹東,2023-01-10,9625
00679B,元大美債20年,20,0,20,富邦-竹東,2023-01-10,9625
4167,松瑞藥,21,2,19,富邦-竹東,2023-01-10,9625
2317,鴻海,17,0,17,富邦-竹東,2023-01-10,9625
2338,光罩,17,0,17,富邦-竹東,2023-01-10,9625
8028,昇陽半導體,25,9,16,富邦-竹東,2023-01-10,9625
2444,兆勁,15,0,15,富邦-竹東,2023-01-10,9625
2609,陽明,21,6,15,富邦-竹東,2023-01-10,9625
5351,鈺創,22,8,14,富邦-竹東,2023-01-10,9625
1701,中化,19,6,13,富邦-竹東,2023-01-10,9625
3014,聯陽,13,0,13,富邦-竹東,2023-01-10,9625
8033,雷虎,15,2,13,富邦-竹東,2023-01-10,9625
2882,國泰金,12,0,12,富邦-竹東,2023-01-10,9625
6441,廣錠,10,0,10,富邦-竹東,2023-01-10,9625
6278,台表科,10,0,10,富邦-竹東,2023-01-10,9625
5905,南仁湖,12,3,9,富邦-竹東,2023-01-10,9625
2618,長榮航,11,2,9,富邦-竹東,2023-01-10,9625
2640,大車隊,9,0,9,富邦-竹東,2023-01-10,9625
1101,台泥,9,1,8,富邦-竹東,2023-01-10,9625
00641R,富邦日本反1,8,0,8,富邦-竹東,2023-01-10,9625
5251,天鉞電,8,0,8,富邦-竹東,2023-01-10,9625
2104,國際中橡,8,0,8,富邦-竹東,2023-01-10,9625
4114,健喬,16,8,8,富邦-竹東,2023-01-10,9625
8064,東捷,8,0,8,富邦-竹東,2023-01-10,9625
1595,川寶,7,0,7,富邦-竹東,2023-01-10,9625
3252,海灣,7,0,7,富邦-竹東,2023-01-10,9625
2610,華航,7,0,7,富邦-竹東,2023-01-10,9625
2497,怡利電,7,0,7,富邦-竹東,2023-01-10,9625
3289,宜特,11,4,7,富邦-竹東,2023-01-10,9625
3508,位速,7,1,6,富邦-竹東,2023-01-10,9625
6695,芯鼎,6,0,6,富邦-竹東,2023-01-10,9625
3022,威強電,6,0,6,富邦-竹東,2023-01-10,9625
2002,中鋼,6,1,5,富邦-竹東,2023-01-10,9625
2603,長榮,22,17,5,富邦-竹東,2023-01-10,9625
2425,承啟,5,0,5,富邦-竹東,2023-01-10,9625
6257,矽格,5,0,5,富邦-竹東,2023-01-10,9625
4174,浩鼎,5,0,5,富邦-竹東,2023-01-10,9625
0050,元大台灣50,5,0,5,富邦-竹東,2023-01-10,9625
3576,聯合再生,5,1,4,富邦-竹東,2023-01-10,9625
1584,精剛,103,39,64,富邦-竹東,2023-01-11,9625
8933,愛地雅,41,3,38,富邦-竹東,2023-01-11,9625
00679B,元大美債20年,31,0,31,富邦-竹東,2023-01-11,9625
0050,元大台灣50,30,1,29,富邦-竹東,2023-01-11,9625
6125,廣運,25,0,25,富邦-竹東,2023-01-11,9625
2812,台中銀,20,0,20,富邦-竹東,2023-01-11,9625
00655L,國泰中國A50正2,20,0,20,富邦-竹東,2023-01-11,9625
00795B,中信美國公債20年,20,0,20,富邦-竹東,2023-01-11,9625
1701,中化,19,0,19,富邦-竹東,2023-01-11,9625
2009,第一銅,24,7,17,富邦-竹東,2023-01-11,9625
3380,明泰,16,0,16,富邦-竹東,2023-01-11,9625
3704,合勤控,17,2,15,富邦-竹東,2023-01-11,9625
5263,智崴,17,3,14,富邦-竹東,2023-01-11,9625
1101,台泥,21,8,13,富邦-竹東,2023-01-11,9625
6533,晶心科,21,8,13,富邦-竹東,2023-01-11,9625
9933,中鼎,12,0,12,富邦-竹東,2023-01-11,9625
2380,虹光,11,0,11,富邦-竹東,2023-01-11,9625
1313,聯成,11,0,11,富邦-竹東,2023-01-11,9625
00720B,元大投資級公司債,10,0,10,富邦-竹東,2023-01-11,9625
2241,艾姆勒,10,0,10,富邦-竹東,2023-01-11,9625
1612,宏泰,11,1,10,富邦-竹東,2023-01-11,9625
3707,漢磊,15,5,10,富邦-竹東,2023-01-11,9625
6167,久正,10,0,10,富邦-竹東,2023-01-11,9625
1718,中纖,10,0,10,富邦-竹東,2023-01-11,9625
3041,揚智,10,0,10,富邦-竹東,2023-01-11,9625
2409,友達,10,0,10,富邦-竹東,2023-01-11,9625
4108,懷特,10,0,10,富邦-竹東,2023-01-11,9625
4904,遠傳,9,0,9,富邦-竹東,2023-01-11,9625
2883,凱基金,15,6,9,富邦-竹東,2023-01-11,9625
3594,磐儀,10,1,9,富邦-竹東,2023-01-11,9625
6214,精誠,8,0,8,富邦-竹東,2023-01-11,9625
2388,威盛,9,1,8,富邦-竹東,2023-01-11,9625
2609,陽明,17,9,8,富邦-竹東,2023-01-11,9625
2892,第一金,7,0,7,富邦-竹東,2023-01-11,9625
1605,華新,20,13,7,富邦-竹東,2023-01-11,9625
2221,大甲,6,0,6,富邦-竹東,2023-01-11,9625
9941,裕融,6,0,6,富邦-竹東,2023-01-11,9625
4155,訊映,8,2,6,富邦-竹東,2023-01-11,9625
6138,茂達,7,1,6,富邦-竹東,2023-01-11,9625
6625,必應,7,1,6,富邦-竹東,2023-01-11,9625
6223,旺矽,6,0,6,富邦-竹東,2023-01-11,9625
6435,大中,6,0,6,富邦-竹東,2023-01-11,9625
2002,中鋼,6,0,6,富邦-竹東,2023-01-11,9625
8996,高力,14,9,5,富邦-竹東,2023-01-11,9625
2457,飛宏,5,0,5,富邦-竹東,2023-01-11,9625
3059,華晶科,5,0,5,富邦-竹東,2023-01-11,9625
00634R,富邦上証反1,5,0,5,富邦-竹東,2023-01-11,9625
2537,聯上發,5,0,5,富邦-竹東,2023-01-11,9625
1529,樂事綠能,9,4,5,富邦-竹東,2023-01-11,9625
8038,長園科,5,0,5,富邦-竹東,2023-01-11,9625
2812,台中銀,60,0,60,富邦-竹東,2023-01-12,9625
00878,國泰永續高股息,87,31,56,富邦-竹東,2023-01-12,9625
1584,精剛,54,0,54,富邦-竹東,2023-01-12,9625
2609,陽明,51,19,32,富邦-竹東,2023-01-12,9625
2892,第一金,30,0,30,富邦-竹東,2023-01-12,9625
2436,偉詮電,29,0,29,富邦-竹東,2023-01-12,9625
00882,中信中國高股息,31,2,29,富邦-竹東,2023-01-12,9625
1605,華新,53,25,28,富邦-竹東,2023-01-12,9625
00679B,元大美債20年,47,24,23,富邦-竹東,2023-01-12,9625
2603,長榮,27,5,22,富邦-竹東,2023-01-12,9625
3576,聯合再生,16,1,15,富邦-竹東,2023-01-12,9625
4157,太景*-KY,15,0,15,富邦-竹東,2023-01-12,9625
8033,雷虎,14,0,14,富邦-竹東,2023-01-12,9625
6245,立端,24,10,14,富邦-竹東,2023-01-12,9625
6456,GIS-KY,12,1,11,富邦-竹東,2023-01-12,9625
6789,采鈺,13,2,11,富邦-竹東,2023-01-12,9625
3038,全台,10,0,10,富邦-竹東,2023-01-12,9625
00720B,元大投資級公司債,17,7,10,富邦-竹東,2023-01-12,9625
2606,裕民,13,4,9,富邦-竹東,2023-01-12,9625
1795,美時,10,2,8,富邦-竹東,2023-01-12,9625
1560,中砂,15,7,8,富邦-竹東,2023-01-12,9625
1305,華夏,10,2,8,富邦-竹東,2023-01-12,9625
3163,波若威,9,1,8,富邦-竹東,2023-01-12,9625
5371,中光電,10,2,8,富邦-竹東,2023-01-12,9625
5880,合庫金,15,7,8,富邦-竹東,2023-01-12,9625
00632R,元大台灣50反1,8,0,8,富邦-竹東,2023-01-12,9625
1736,喬山,7,0,7,富邦-竹東,2023-01-12,9625
3444,利機,7,0,7,富邦-竹東,2023-01-12,9625
6435,大中,7,0,7,富邦-竹東,2023-01-12,9625
4162,智擎,7,1,6,富邦-竹東,2023-01-12,9625
00688L,國泰20年美債正2,6,0,6,富邦-竹東,2023-01-12,9625
1785,光洋科,5,0,5,富邦-竹東,2023-01-12,9625
2368,金像電,5,0,5,富邦-竹東,2023-01-12,9625
6770,力積電,9,4,5,富邦-竹東,2023-01-12,9625
2380,虹光,5,0,5,富邦-竹東,2023-01-12,9625
6546,正基,5,0,5,富邦-竹東,2023-01-12,9625
2104,國際中橡,10,5,5,富邦-竹東,2023-01-12,9625
2537,聯上發,5,0,5,富邦-竹東,2023-01-12,9625
1810,和成,7,2,5,富邦-竹東,2023-01-12,9625
2601,益航,5,0,5,富邦-竹東,2023-01-12,9625
1513,中興電,6,1,5,富邦-竹東,2023-01-12,9625
2890,永豐金,5,0,5,富邦-竹東,2023-01-12,9625
6156,松上,5,0,5,富邦-竹東,2023-01-12,9625
00900,富邦特選高股息30,5,0,5,富邦-竹東,2023-01-12,9625
4931,新盛力,7,2,5,富邦-竹東,2023-01-12,9625
2884,玉山金,4,0,4,富邦-竹東,2023-01-12,9625
3062,建漢,4,0,4,富邦-竹東,2023-01-12,9625
8926,台汽電,4,0,4,富邦-竹東,2023-01-12,9625
8227,巨有科技,4,0,4,富邦-竹東,2023-01-12,9625
5464,霖宏,4,0,4,富邦-竹東,2023-01-12,9625
2887,台新金,220,10,210,富邦-竹東,2023-01-13,9625
2834,臺企銀,143,27,116,富邦-竹東,2023-01-13,9625
6244,茂迪,100,2,98,富邦-竹東,2023-01-13,9625
00679B,元大美債20年,54,0,54,富邦-竹東,2023-01-13,9625
2303,聯電,96,71,25,富邦-竹東,2023-01-13,9625
2812,台中銀,20,1,19,富邦-竹東,2023-01-13,9625
3105,穩懋,21,2,19,富邦-竹東,2023-01-13,9625
2317,鴻海,21,2,19,富邦-竹東,2023-01-13,9625
00882,中信中國高股息,21,4,17,富邦-竹東,2023-01-13,9625
6443,元晶,19,3,16,富邦-竹東,2023-01-13,9625
00714,群益道瓊美國地產,16,0,16,富邦-竹東,2023-01-13,9625
00632R,元大台灣50反1,116,100,16,富邦-竹東,2023-01-13,9625
2104,國際中橡,15,0,15,富邦-竹東,2023-01-13,9625
1783,和康生,19,6,13,富邦-竹東,2023-01-13,9625
4114,健喬,15,3,12,富邦-竹東,2023-01-13,9625
6118,建達,14,2,12,富邦-竹東,2023-01-13,9625
2337,旺宏,12,0,12,富邦-竹東,2023-01-13,9625
2880,華南金,11,0,11,富邦-竹東,2023-01-13,9625
1720,生達,11,0,11,富邦-竹東,2023-01-13,9625
4951,精拓科,11,0,11,富邦-竹東,2023-01-13,9625
1314,中石化,10,0,10,富邦-竹東,2023-01-13,9625
1752,南光,14,4,10,富邦-竹東,2023-01-13,9625
2362,藍天,10,0,10,富邦-竹東,2023-01-13,9625
00673R,期元大S＆P原油反1,10,0,10,富邦-竹東,2023-01-13,9625
3128,昇銳,11,1,10,富邦-竹東,2023-01-13,9625
4142,國光生,10,0,10,富邦-竹東,2023-01-13,9625
8936,國統,10,0,10,富邦-竹東,2023-01-13,9625
4128,中天,10,1,9,富邦-竹東,2023-01-13,9625
2388,威盛,10,1,9,富邦-竹東,2023-01-13,9625
2537,聯上發,10,1,9,富邦-竹東,2023-01-13,9625
00795B,中信美國公債20年,9,0,9,富邦-竹東,2023-01-13,9625
1612,宏泰,12,4,8,富邦-竹東,2023-01-13,9625
1517,利奇,8,0,8,富邦-竹東,2023-01-13,9625
3481,群創,8,1,7,富邦-竹東,2023-01-13,9625
2208,台船,7,0,7,富邦-竹東,2023-01-13,9625
5351,鈺創,7,0,7,富邦-竹東,2023-01-13,9625
1584,精剛,33,26,7,富邦-竹東,2023-01-13,9625
1310,台苯,7,0,7,富邦-竹東,2023-01-13,9625
3508,位速,8,1,7,富邦-竹東,2023-01-13,9625
00921,兆豐龍頭等權重,7,0,7,富邦-竹東,2023-01-13,9625
4977,眾達-KY,7,0,7,富邦-竹東,2023-01-13,9625
8033,雷虎,12,6,6,富邦-竹東,2023-01-13,9625
2009,第一銅,6,0,6,富邦-竹東,2023-01-13,9625
6147,頎邦,6,0,6,富邦-竹東,2023-01-13,9625
2441,超豐,6,0,6,富邦-竹東,2023-01-13,9625
6517,保勝光學,8,2,6,富邦-竹東,2023-01-13,9625
3673,TPK-KY,6,0,6,富邦-竹東,2023-01-13,9625
8038,長園科,10,4,6,富邦-竹東,2023-01-13,9625
6789,采鈺,6,0,6,富邦-竹東,2023-01-13,9625
9941,裕融,7,1,6,富邦-竹東,2023-01-13,9625
00632R,元大台灣50反1,481,0,481,富邦-竹東,2023-01-16,9625
2834,臺企銀,274,20,254,富邦-竹東,2023-01-16,9625
00679B,元大美債20年,166,0,166,富邦-竹東,2023-01-16,9625
00878,國泰永續高股息,82,4,78,富邦-竹東,2023-01-16,9625
2317,鴻海,38,2,36,富邦-竹東,2023-01-16,9625
4163,鐿鈦,48,16,32,富邦-竹東,2023-01-16,9625
00773B,中信優先金融債,30,0,30,富邦-竹東,2023-01-16,9625
6125,廣運,25,0,25,富邦-竹東,2023-01-16,9625
00670L,富邦NASDAQ正2,22,0,22,富邦-竹東,2023-01-16,9625
2812,台中銀,21,0,21,富邦-竹東,2023-01-16,9625
1512,瑞利,20,0,20,富邦-竹東,2023-01-16,9625
6244,茂迪,20,0,20,富邦-竹東,2023-01-16,9625
1734,杏輝,19,0,19,富邦-竹東,2023-01-16,9625
00882,中信中國高股息,49,31,18,富邦-竹東,2023-01-16,9625
2380,虹光,15,0,15,富邦-竹東,2023-01-16,9625
2303,聯電,44,31,13,富邦-竹東,2023-01-16,9625
00673R,期元大S＆P原油反1,12,0,12,富邦-竹東,2023-01-16,9625
1701,中化,12,1,11,富邦-竹東,2023-01-16,9625
3380,明泰,10,0,10,富邦-竹東,2023-01-16,9625
2009,第一銅,10,0,10,富邦-竹東,2023-01-16,9625
8936,國統,10,0,10,富邦-竹東,2023-01-16,9625
5608,四維航,13,3,10,富邦-竹東,2023-01-16,9625
3046,建��,10,0,10,富邦-竹東,2023-01-16,9625
2444,兆勁,10,0,10,富邦-竹東,2023-01-16,9625
5258,虹堡,10,0,10,富邦-竹東,2023-01-16,9625
2888,新光金,10,0,10,富邦-竹東,2023-01-16,9625
2426,鼎元,10,0,10,富邦-竹東,2023-01-16,9625
4939,亞電,10,0,10,富邦-竹東,2023-01-16,9625
2338,光罩,11,2,9,富邦-竹東,2023-01-16,9625
5381,合正,8,0,8,富邦-竹東,2023-01-16,9625
2312,金寶,10,2,8,富邦-竹東,2023-01-16,9625
2882,國泰金,8,0,8,富邦-竹東,2023-01-16,9625
00713,元大台灣高息低波,10,3,7,富邦-竹東,2023-01-16,9625
5306,桂盟,7,0,7,富邦-竹東,2023-01-16,9625
1513,中興電,10,3,7,富邦-竹東,2023-01-16,9625
2455,全新,6,0,6,富邦-竹東,2023-01-16,9625
00680L,元大美債20正2,6,0,6,富邦-竹東,2023-01-16,9625
1310,台苯,6,0,6,富邦-竹東,2023-01-16,9625
2892,第一金,6,0,6,富邦-竹東,2023-01-16,9625
3508,位速,6,0,6,富邦-竹東,2023-01-16,9625
3016,嘉晶,10,4,6,富邦-竹東,2023-01-16,9625
2002,中鋼,10,4,6,富邦-竹東,2023-01-16,9625
1417,嘉裕,5,0,5,富邦-竹東,2023-01-16,9625
2230,泰茂,6,1,5,富邦-竹東,2023-01-16,9625
4114,健喬,7,2,5,富邦-竹東,2023-01-16,9625
6213,聯茂,7,2,5,富邦-竹東,2023-01-16,9625
00900,富邦特選高股息30,7,2,5,富邦-竹東,2023-01-16,9625
2498,宏達電,5,0,5,富邦-竹東,2023-01-16,9625
8033,雷虎,5,1,4,富邦-竹東,2023-01-16,9625
1907,永豐餘,4,0,4,富邦-竹東,2023-01-16,9625
00632R,元大台灣50反1,270,0,270,富邦-竹東,2023-01-17,9625
1304,台聚,90,0,90,富邦-竹東,2023-01-17,9625
00655L,國泰中國A50正2,57,0,57,富邦-竹東,2023-01-17,9625
2884,玉山金,42,2,40,富邦-竹東,2023-01-17,9625
4163,鐿鈦,35,0,35,富邦-竹東,2023-01-17,9625
00654R,富邦印度反1,32,0,32,富邦-竹東,2023-01-17,9625
00878,國泰永續高股息,65,34,31,富邦-竹東,2023-01-17,9625
2812,台中銀,30,0,30,富邦-竹東,2023-01-17,9625
1313,聯成,27,0,27,富邦-竹東,2023-01-17,9625
00679B,元大美債20年,21,0,21,富邦-竹東,2023-01-17,9625
2883,凱基金,24,3,21,富邦-竹東,2023-01-17,9625
1444,力麗,20,0,20,富邦-竹東,2023-01-17,9625
6806,森崴能源,22,3,19,富邦-竹東,2023-01-17,9625
8112,至上,17,0,17,富邦-竹東,2023-01-17,9625
00885,富邦越南,20,4,16,富邦-竹東,2023-01-17,9625
00770,國泰北美科技,18,2,16,富邦-竹東,2023-01-17,9625
2609,陽明,23,8,15,富邦-竹東,2023-01-17,9625
2886,兆豐金,22,7,15,富邦-竹東,2023-01-17,9625
4939,亞電,15,0,15,富邦-竹東,2023-01-17,9625
3105,穩懋,15,0,15,富邦-竹東,2023-01-17,9625
2498,宏達電,14,0,14,富邦-竹東,2023-01-17,9625
2002,中鋼,21,8,13,富邦-竹東,2023-01-17,9625
2317,鴻海,12,0,12,富邦-竹東,2023-01-17,9625
2882,國泰金,12,1,11,富邦-竹東,2023-01-17,9625
2340,台亞,11,0,11,富邦-竹東,2023-01-17,9625
3046,建��,10,0,10,富邦-竹東,2023-01-17,9625
4943,康控-KY,10,0,10,富邦-竹東,2023-01-17,9625
2365,昆盈,10,0,10,富邦-竹東,2023-01-17,9625
3013,晟銘電,33,23,10,富邦-竹東,2023-01-17,9625
1522,堤維西,10,0,10,富邦-竹東,2023-01-17,9625
9945,潤泰新,12,3,9,富邦-竹東,2023-01-17,9625
5258,虹堡,10,1,9,富邦-竹東,2023-01-17,9625
9933,中鼎,9,0,9,富邦-竹東,2023-01-17,9625
1231,聯華食,10,1,9,富邦-竹東,2023-01-17,9625
6788,華景電,11,2,9,富邦-竹東,2023-01-17,9625
1529,樂事綠能,15,7,8,富邦-竹東,2023-01-17,9625
2486,一詮,8,0,8,富邦-竹東,2023-01-17,9625
5381,合正,8,0,8,富邦-竹東,2023-01-17,9625
2388,威盛,9,1,8,富邦-竹東,2023-01-17,9625
00753L,中信中國50正2,7,0,7,富邦-竹東,2023-01-17,9625
3704,合勤控,13,6,7,富邦-竹東,2023-01-17,9625
00670L,富邦NASDAQ正2,7,0,7,富邦-竹東,2023-01-17,9625
00637L,元大滬深300正2,28,22,6,富邦-竹東,2023-01-17,9625
5306,桂盟,6,0,6,富邦-竹東,2023-01-17,9625
2614,東森,8,2,6,富邦-竹東,2023-01-17,9625
4968,立積,7,1,6,富邦-竹東,2023-01-17,9625
00688L,國泰20年美債正2,6,0,6,富邦-竹東,2023-01-17,9625
0050,元大台灣50,6,0,6,富邦-竹東,2023-01-17,9625
00640L,富邦日本正2,5,0,5,富邦-竹東,2023-01-17,9625
3005,神基,5,0,5,富邦-竹東,2023-01-17,9625
00676R,富邦臺灣加權反1,600,0,600,富邦-竹東,2023-01-30,9625
00632R,元大台灣50反1,789,271,518,富邦-竹東,2023-01-30,9625
00679B,元大美債20年,146,0,146,富邦-竹東,2023-01-30,9625
2887,台新金,200,131,69,富邦-竹東,2023-01-30,9625
00720B,元大投資級公司債,47,0,47,富邦-竹東,2023-01-30,9625
1219,福壽,44,5,39,富邦-竹東,2023-01-30,9625
2317,鴻海,47,14,33,富邦-竹東,2023-01-30,9625
00655L,國泰中國A50正2,34,2,32,富邦-竹東,2023-01-30,9625
2104,國際中橡,30,0,30,富邦-竹東,2023-01-30,9625
00671R,富邦NASDAQ反1,30,0,30,富邦-竹東,2023-01-30,9625
912000,晨訊科-DR,20,0,20,富邦-竹東,2023-01-30,9625
3189,景碩,18,2,16,富邦-竹東,2023-01-30,9625
00773B,中信優先金融債,16,0,16,富邦-竹東,2023-01-30,9625
6512,啟發電,15,0,15,富邦-竹東,2023-01-30,9625
6282,康舒,18,3,15,富邦-竹東,2023-01-30,9625
1313,聯成,15,0,15,富邦-竹東,2023-01-30,9625
1810,和成,20,5,15,富邦-竹東,2023-01-30,9625
2542,興富發,13,0,13,富邦-竹東,2023-01-30,9625
2412,中華電,12,0,12,富邦-竹東,2023-01-30,9625
00648R,元大S＆P500反1,12,0,12,富邦-竹東,2023-01-30,9625
4536,拓凱,12,0,12,富邦-竹東,2023-01-30,9625
3025,星通,11,0,11,富邦-竹東,2023-01-30,9625
3380,明泰,10,0,10,富邦-竹東,2023-01-30,9625
6245,立端,10,0,10,富邦-竹東,2023-01-30,9625
3041,揚智,10,0,10,富邦-竹東,2023-01-30,9625
2444,兆勁,10,0,10,富邦-竹東,2023-01-30,9625
2358,廷鑫,10,0,10,富邦-竹東,2023-01-30,9625
6666,羅麗芬-KY,10,1,9,富邦-竹東,2023-01-30,9625
1314,中石化,10,1,9,富邦-竹東,2023-01-30,9625
00680L,元大美債20正2,9,0,9,富邦-竹東,2023-01-30,9625
1612,宏泰,10,1,9,富邦-竹東,2023-01-30,9625
3046,建��,20,11,9,富邦-竹東,2023-01-30,9625
2601,益航,8,0,8,富邦-竹東,2023-01-30,9625
2633,台灣高鐵,7,0,7,富邦-竹東,2023-01-30,9625
8069,元太,10,3,7,富邦-竹東,2023-01-30,9625
6509,聚和,7,0,7,富邦-竹東,2023-01-30,9625
2603,長榮,12,6,6,富邦-竹東,2023-01-30,9625
00741B,富邦全球非投等債,6,0,6,富邦-竹東,2023-01-30,9625
3004,豐達科,6,0,6,富邦-竹東,2023-01-30,9625
2347,聯強,6,0,6,富邦-竹東,2023-01-30,9625
00770,國泰北美科技,6,0,6,富邦-竹東,2023-01-30,9625
9904,寶成,14,8,6,富邦-竹東,2023-01-30,9625
6205,詮欣,9,4,5,富邦-竹東,2023-01-30,9625
3257,虹冠電,5,0,5,富邦-竹東,2023-01-30,9625
5536,聖暉*,5,0,5,富邦-竹東,2023-01-30,9625
2634,漢翔,5,0,5,富邦-竹東,2023-01-30,9625
2369,菱生,5,0,5,富邦-竹東,2023-01-30,9625
2486,一詮,5,0,5,富邦-竹東,2023-01-30,9625
2884,玉山金,7,2,5,富邦-竹東,2023-01-30,9625
1536,和大,5,1,4,富邦-竹東,2023-01-30,9625
00632R,元大台灣50反1,392,0,392,富邦-竹東,2023-01-31,9625
2892,第一金,136,1,135,富邦-竹東,2023-01-31,9625
6550,北極星藥業-KY,67,7,60,富邦-竹東,2023-01-31,9625
5880,合庫金,44,0,44,富邦-竹東,2023-01-31,9625
00878,國泰永續高股息,55,13,42,富邦-竹東,2023-01-31,9625
00905,FT臺灣Smart,34,0,34,富邦-竹東,2023-01-31,9625
00670L,富邦NASDAQ正2,33,0,33,富邦-竹東,2023-01-31,9625
3380,明泰,30,0,30,富邦-竹東,2023-01-31,9625
2023,燁輝,211,182,29,富邦-竹東,2023-01-31,9625
00772B,中信高評級公司債,28,0,28,富邦-竹東,2023-01-31,9625
2002,中鋼,29,2,27,富邦-竹東,2023-01-31,9625
2883,凱基金,72,45,27,富邦-竹東,2023-01-31,9625
00882,中信中國高股息,35,12,23,富邦-竹東,2023-01-31,9625
2104,國際中橡,20,0,20,富邦-竹東,2023-01-31,9625
6005,群益證,20,0,20,富邦-竹東,2023-01-31,9625
2884,玉山金,18,0,18,富邦-竹東,2023-01-31,9625
3346,麗清,18,0,18,富邦-竹東,2023-01-31,9625
0056,元大高股息,34,16,18,富邦-竹東,2023-01-31,9625
2330,台積電,27,10,17,富邦-竹東,2023-01-31,9625
8033,雷虎,16,0,16,富邦-竹東,2023-01-31,9625
8110,華東,15,0,15,富邦-竹東,2023-01-31,9625
3702,大聯大,15,0,15,富邦-竹東,2023-01-31,9625
2886,兆豐金,15,1,14,富邦-竹東,2023-01-31,9625
00679B,元大美債20年,13,0,13,富邦-竹東,2023-01-31,9625
3290,東浦,16,3,13,富邦-竹東,2023-01-31,9625
2409,友達,23,10,13,富邦-竹東,2023-01-31,9625
2379,瑞昱,13,1,12,富邦-竹東,2023-01-31,9625
00637L,元大滬深300正2,22,10,12,富邦-竹東,2023-01-31,9625
5871,中租-KY,11,0,11,富邦-竹東,2023-01-31,9625
2888,新光金,10,0,10,富邦-竹東,2023-01-31,9625
00638R,元大滬深300反1,10,0,10,富邦-竹東,2023-01-31,9625
1512,瑞利,10,0,10,富邦-竹東,2023-01-31,9625
6214,精誠,10,0,10,富邦-竹東,2023-01-31,9625
00753L,中信中國50正2,10,0,10,富邦-竹東,2023-01-31,9625
8936,國統,10,0,10,富邦-竹東,2023-01-31,9625
2880,華南金,9,0,9,富邦-竹東,2023-01-31,9625
4128,中天,22,13,9,富邦-竹東,2023-01-31,9625
3047,訊舟,10,1,9,富邦-竹東,2023-01-31,9625
00770,國泰北美科技,9,0,9,富邦-竹東,2023-01-31,9625
2338,光罩,19,10,9,富邦-竹東,2023-01-31,9625
1789,神隆,10,2,8,富邦-竹東,2023-01-31,9625
6806,森崴能源,8,1,7,富邦-竹東,2023-01-31,9625
3141,晶宏,7,0,7,富邦-竹東,2023-01-31,9625
4102,永日,7,0,7,富邦-竹東,2023-01-31,9625
2032,新鋼,10,3,7,富邦-竹東,2023-01-31,9625
2615,萬海,7,1,6,富邦-竹東,2023-01-31,9625
3013,晟銘電,10,4,6,富邦-竹東,2023-01-31,9625
1612,宏泰,38,32,6,富邦-竹東,2023-01-31,9625
4167,松瑞藥,6,0,6,富邦-竹東,2023-01-31,9625
00795B,中信美國公債20年,6,0,6,富邦-竹東,2023-01-31,9625
00878,國泰永續高股息,123,17,106,富邦-竹東,2023-02-01,9625
2412,中華電,48,0,48,富邦-竹東,2023-02-01,9625
2317,鴻海,43,4,39,富邦-竹東,2023-02-01,9625
1514,亞力,47,9,38,富邦-竹東,2023-02-01,9625
1609,大亞,63,30,33,富邦-竹東,2023-02-01,9625
2890,永豐金,28,0,28,富邦-竹東,2023-02-01,9625
00905,FT臺灣Smart,25,2,23,富邦-竹東,2023-02-01,9625
1453,大將,23,0,23,富邦-竹東,2023-02-01,9625
3546,宇峻,22,0,22,富邦-竹東,2023-02-01,9625
6191,精成科,20,0,20,富邦-竹東,2023-02-01,9625
2383,台光電,20,1,19,富邦-竹東,2023-02-01,9625
1314,中石化,20,1,19,富邦-竹東,2023-02-01,9625
4979,華星光,22,3,19,富邦-竹東,2023-02-01,9625
3162,精確,19,0,19,富邦-竹東,2023-02-01,9625
6789,采鈺,18,0,18,富邦-竹東,2023-02-01,9625
2892,第一金,18,0,18,富邦-竹東,2023-02-01,9625
3105,穩懋,20,5,15,富邦-竹東,2023-02-01,9625
00654R,富邦印度反1,15,0,15,富邦-竹東,2023-02-01,9625
2049,上銀,16,1,15,富邦-竹東,2023-02-01,9625
8222,寶一,15,1,14,富邦-竹東,2023-02-01,9625
2020,美亞,15,1,14,富邦-竹東,2023-02-01,9625
4163,鐿鈦,15,1,14,富邦-竹東,2023-02-01,9625
3027,盛達,35,21,14,富邦-竹東,2023-02-01,9625
6691,洋基工程,12,0,12,富邦-竹東,2023-02-01,9625
1701,中化,12,0,12,富邦-竹東,2023-02-01,9625
1519,華城,14,3,11,富邦-竹東,2023-02-01,9625
3128,昇銳,11,0,11,富邦-竹東,2023-02-01,9625
3356,奇偶,11,0,11,富邦-竹東,2023-02-01,9625
2889,國票金,10,0,10,富邦-竹東,2023-02-01,9625
2801,彰銀,10,0,10,富邦-竹東,2023-02-01,9625
1216,統一,10,0,10,富邦-竹東,2023-02-01,9625
3380,明泰,10,0,10,富邦-竹東,2023-02-01,9625
2358,廷鑫,13,3,10,富邦-竹東,2023-02-01,9625
2748,雲品,11,1,10,富邦-竹東,2023-02-01,9625
1513,中興電,17,7,10,富邦-竹東,2023-02-01,9625
1909,榮成,10,0,10,富邦-竹東,2023-02-01,9625
2903,遠百,10,0,10,富邦-竹東,2023-02-01,9625
6213,聯茂,11,1,10,富邦-竹東,2023-02-01,9625
2609,陽明,16,7,9,富邦-竹東,2023-02-01,9625
2723,美食-KY,10,1,9,富邦-竹東,2023-02-01,9625
00882,中信中國高股息,9,0,9,富邦-竹東,2023-02-01,9625
8038,長園科,9,0,9,富邦-竹東,2023-02-01,9625
5706,鳳凰,10,1,9,富邦-竹東,2023-02-01,9625
1313,聯成,8,0,8,富邦-竹東,2023-02-01,9625
2368,金像電,27,19,8,富邦-竹東,2023-02-01,9625
5536,聖暉*,8,0,8,富邦-竹東,2023-02-01,9625
2367,燿華,8,0,8,富邦-竹東,2023-02-01,9625
1810,和成,28,20,8,富邦-竹東,2023-02-01,9625
2891,中信金,7,0,7,富邦-竹東,2023-02-01,9625
6550,北極星藥業-KY,11,4,7,富邦-竹東,2023-02-01,9625
00676R,富邦臺灣加權反1,601,0,601,富邦-竹東,2023-02-02,9625
00632R,元大台灣50反1,540,0,540,富邦-竹東,2023-02-02,9625
00878,國泰永續高股息,153,15,138,富邦-竹東,2023-02-02,9625
2388,威盛,151,31,120,富邦-竹東,2023-02-02,9625
0056,元大高股息,79,11,68,富邦-竹東,2023-02-02,9625
1584,精剛,59,10,49,富邦-竹東,2023-02-02,9625
2891,中信金,45,0,45,富邦-竹東,2023-02-02,9625
00903,富邦元宇宙,87,48,39,富邦-竹東,2023-02-02,9625
4968,立積,39,3,36,富邦-竹東,2023-02-02,9625
4129,聯合,36,5,31,富邦-竹東,2023-02-02,9625
2002,中鋼,47,17,30,富邦-竹東,2023-02-02,9625
6278,台表科,25,0,25,富邦-竹東,2023-02-02,9625
1605,華新,40,17,23,富邦-竹東,2023-02-02,9625
1314,中石化,20,0,20,富邦-竹東,2023-02-02,9625
2104,國際中橡,20,0,20,富邦-竹東,2023-02-02,9625
6233,旺玖,20,0,20,富邦-竹東,2023-02-02,9625
4163,鐿鈦,20,0,20,富邦-竹東,2023-02-02,9625
2618,長榮航,58,39,19,富邦-竹東,2023-02-02,9625
6129,普誠,26,8,18,富邦-竹東,2023-02-02,9625
3047,訊舟,17,0,17,富邦-竹東,2023-02-02,9625
5483,中美晶,19,2,17,富邦-竹東,2023-02-02,9625
3704,合勤控,18,1,17,富邦-竹東,2023-02-02,9625
2317,鴻海,16,1,15,富邦-竹東,2023-02-02,9625
2201,裕隆,41,26,15,富邦-竹東,2023-02-02,9625
2371,大同,16,1,15,富邦-竹東,2023-02-02,9625
00654R,富邦印度反1,15,0,15,富邦-竹東,2023-02-02,9625
2610,華航,53,39,14,富邦-竹東,2023-02-02,9625
2014,中鴻,14,0,14,富邦-竹東,2023-02-02,9625
3037,欣興,32,20,12,富邦-竹東,2023-02-02,9625
2027,大成鋼,12,0,12,富邦-竹東,2023-02-02,9625
6284,佳邦,14,2,12,富邦-竹東,2023-02-02,9625
6147,頎邦,12,0,12,富邦-竹東,2023-02-02,9625
1560,中砂,13,2,11,富邦-竹東,2023-02-02,9625
6235,華孚,11,0,11,富邦-竹東,2023-02-02,9625
3128,昇銳,13,2,11,富邦-竹東,2023-02-02,9625
3702,大聯大,14,3,11,富邦-竹東,2023-02-02,9625
1524,耿鼎,11,0,11,富邦-竹東,2023-02-02,9625
00673R,期元大S＆P原油反1,30,20,10,富邦-竹東,2023-02-02,9625
2634,漢翔,12,2,10,富邦-竹東,2023-02-02,9625
4413,飛寶企業,10,0,10,富邦-竹東,2023-02-02,9625
6190,萬泰科,10,0,10,富邦-竹東,2023-02-02,9625
2431,聯昌,10,0,10,富邦-竹東,2023-02-02,9625
00900,富邦特選高股息30,17,7,10,富邦-竹東,2023-02-02,9625
6470,宇智,10,0,10,富邦-竹東,2023-02-02,9625
00715L,期街口布蘭特正2,12,2,10,富邦-竹東,2023-02-02,9625
00772B,中信高評級公司債,10,0,10,富邦-竹東,2023-02-02,9625
2547,日勝生,10,0,10,富邦-竹東,2023-02-02,9625
1409,新纖,10,0,10,富邦-竹東,2023-02-02,9625
2408,南亞科,11,2,9,富邦-竹東,2023-02-02,9625
3346,麗清,11,2,9,富邦-竹東,2023-02-02,9625
1584,精剛,154,43,111,富邦-竹東,2023-02-03,9625
2812,台中銀,103,0,103,富邦-竹東,2023-02-03,9625
00637L,元大滬深300正2,111,40,71,富邦-竹東,2023-02-03,9625
00632R,元大台灣50反1,60,5,55,富邦-竹東,2023-02-03,9625
00900,富邦特選高股息30,61,11,50,富邦-竹東,2023-02-03,9625
4129,聯合,49,0,49,富邦-竹東,2023-02-03,9625
00715L,期街口布蘭特正2,35,0,35,富邦-竹東,2023-02-03,9625
2883,凱基金,41,8,33,富邦-竹東,2023-02-03,9625
5344,立衛,31,0,31,富邦-竹東,2023-02-03,9625
2498,宏達電,107,77,30,富邦-竹東,2023-02-03,9625
00905,FT臺灣Smart,24,0,24,富邦-竹東,2023-02-03,9625
6278,台表科,23,0,23,富邦-竹東,2023-02-03,9625
1609,大亞,24,2,22,富邦-竹東,2023-02-03,9625
5258,虹堡,48,26,22,富邦-竹東,2023-02-03,9625
2317,鴻海,25,4,21,富邦-竹東,2023-02-03,9625
2886,兆豐金,21,0,21,富邦-竹東,2023-02-03,9625
00918,大華優利高填息30,21,0,21,富邦-竹東,2023-02-03,9625
1810,和成,21,1,20,富邦-竹東,2023-02-03,9625
6190,萬泰科,30,10,20,富邦-竹東,2023-02-03,9625
5483,中美晶,21,2,19,富邦-竹東,2023-02-03,9625
1305,華夏,18,0,18,富邦-竹東,2023-02-03,9625
1701,中化,24,6,18,富邦-竹東,2023-02-03,9625
2897,王道銀行,20,5,15,富邦-竹東,2023-02-03,9625
4943,康控-KY,15,0,15,富邦-竹東,2023-02-03,9625
6245,立端,13,0,13,富邦-竹東,2023-02-03,9625
3380,明泰,13,1,12,富邦-竹東,2023-02-03,9625
2330,台積電,28,16,12,富邦-竹東,2023-02-03,9625
1101,台泥,14,2,12,富邦-竹東,2023-02-03,9625
2385,群光,11,0,11,富邦-竹東,2023-02-03,9625
3532,台勝科,12,1,11,富邦-竹東,2023-02-03,9625
6215,和椿,11,0,11,富邦-竹東,2023-02-03,9625
2338,光罩,19,8,11,富邦-竹東,2023-02-03,9625
8028,昇陽半導體,14,3,11,富邦-竹東,2023-02-03,9625
2484,希華,20,9,11,富邦-竹東,2023-02-03,9625
6284,佳邦,11,0,11,富邦-竹東,2023-02-03,9625
3624,光頡,17,6,11,富邦-竹東,2023-02-03,9625
8046,南電,17,6,11,富邦-竹東,2023-02-03,9625
2603,長榮,22,11,11,富邦-竹東,2023-02-03,9625
9105,泰金寶-DR,10,0,10,富邦-竹東,2023-02-03,9625
2388,威盛,29,19,10,富邦-竹東,2023-02-03,9625
6167,久正,10,0,10,富邦-竹東,2023-02-03,9625
00669R,國泰美國道瓊反1,10,0,10,富邦-竹東,2023-02-03,9625
6282,康舒,23,13,10,富邦-竹東,2023-02-03,9625
4114,健喬,25,15,10,富邦-竹東,2023-02-03,9625
3481,群創,15,5,10,富邦-竹東,2023-02-03,9625
2609,陽明,49,39,10,富邦-竹東,2023-02-03,9625
8213,志超,9,0,9,富邦-竹東,2023-02-03,9625
4532,瑞智,10,1,9,富邦-竹東,2023-02-03,9625
3441,聯一光,10,1,9,富邦-竹東,2023-02-03,9625
2892,第一金,10,2,8,富邦-竹東,2023-02-03,9625
00878,國泰永續高股息,171,18,153,富邦-竹東,2023-02-06,9625
00671R,富邦NASDAQ反1,130,0,130,富邦-竹東,2023-02-06,9625
2498,宏達電,163,84,79,富邦-竹東,2023-02-06,9625
6235,華孚,115,42,73,富邦-竹東,2023-02-06,9625
1701,中化,54,0,54,富邦-竹東,2023-02-06,9625
00900,富邦特選高股息30,46,0,46,富邦-竹東,2023-02-06,9625
00648R,元大S＆P500反1,38,0,38,富邦-竹東,2023-02-06,9625
00720B,元大投資級公司債,35,0,35,富邦-竹東,2023-02-06,9625
5483,中美晶,32,0,32,富邦-竹東,2023-02-06,9625
2002,中鋼,33,1,32,富邦-竹東,2023-02-06,9625
2609,陽明,41,10,31,富邦-竹東,2023-02-06,9625
00882,中信中國高股息,33,3,30,富邦-竹東,2023-02-06,9625
6005,群益證,30,0,30,富邦-竹東,2023-02-06,9625
3481,群創,32,8,24,富邦-竹東,2023-02-06,9625
3037,欣興,30,6,24,富邦-竹東,2023-02-06,9625
00715L,期街口布蘭特正2,23,0,23,富邦-竹東,2023-02-06,9625
5309,系統電,23,1,22,富邦-竹東,2023-02-06,9625
5351,鈺創,34,13,21,富邦-竹東,2023-02-06,9625
00679B,元大美債20年,20,0,20,富邦-竹東,2023-02-06,9625
6282,康舒,36,16,20,富邦-竹東,2023-02-06,9625
0056,元大高股息,30,11,19,富邦-竹東,2023-02-06,9625
3013,晟銘電,21,2,19,富邦-竹東,2023-02-06,9625
5258,虹堡,25,7,18,富邦-竹東,2023-02-06,9625
3189,景碩,17,0,17,富邦-竹東,2023-02-06,9625
00680L,元大美債20正2,17,0,17,富邦-竹東,2023-02-06,9625
2884,玉山金,21,5,16,富邦-竹東,2023-02-06,9625
2603,長榮,32,16,16,富邦-竹東,2023-02-06,9625
2329,華泰,21,6,15,富邦-竹東,2023-02-06,9625
2330,台積電,15,0,15,富邦-竹東,2023-02-06,9625
00632R,元大台灣50反1,14,0,14,富邦-竹東,2023-02-06,9625
3231,緯創,14,1,13,富邦-竹東,2023-02-06,9625
3704,合勤控,13,0,13,富邦-竹東,2023-02-06,9625
6690,安�硌穈T,13,0,13,富邦-竹東,2023-02-06,9625
00905,FT臺灣Smart,12,0,12,富邦-竹東,2023-02-06,9625
00637L,元大滬深300正2,63,51,12,富邦-竹東,2023-02-06,9625
2801,彰銀,12,0,12,富邦-竹東,2023-02-06,9625
2618,長榮航,14,3,11,富邦-竹東,2023-02-06,9625
1409,新纖,11,0,11,富邦-竹東,2023-02-06,9625
00713,元大台灣高息低波,13,2,11,富邦-竹東,2023-02-06,9625
2482,連宇,15,5,10,富邦-竹東,2023-02-06,9625
1734,杏輝,10,0,10,富邦-竹東,2023-02-06,9625
2537,聯上發,10,0,10,富邦-竹東,2023-02-06,9625
8043,蜜望實,10,0,10,富邦-竹東,2023-02-06,9625
3702,大聯大,15,5,10,富邦-竹東,2023-02-06,9625
3434,哲固,10,0,10,富邦-竹東,2023-02-06,9625
4129,聯合,13,3,10,富邦-竹東,2023-02-06,9625
6016,康和證,10,0,10,富邦-竹東,2023-02-06,9625
8277,商丞,10,0,10,富邦-竹東,2023-02-06,9625
3532,台勝科,10,1,9,富邦-竹東,2023-02-06,9625
3083,網龍,8,0,8,富邦-竹東,2023-02-06,9625
2834,臺企銀,513,205,308,富邦-竹東,2023-02-07,9625
00632R,元大台灣50反1,101,0,101,富邦-竹東,2023-02-07,9625
00642U,期元大S＆P石油,100,0,100,富邦-竹東,2023-02-07,9625
00878,國泰永續高股息,99,16,83,富邦-竹東,2023-02-07,9625
2201,裕隆,82,5,77,富邦-竹東,2023-02-07,9625
8050,廣積,56,4,52,富邦-竹東,2023-02-07,9625
6509,聚和,51,2,49,富邦-竹東,2023-02-07,9625
1605,華新,74,27,47,富邦-竹東,2023-02-07,9625
5309,系統電,85,38,47,富邦-竹東,2023-02-07,9625
1752,南光,47,7,40,富邦-竹東,2023-02-07,9625
4961,天鈺,38,3,35,富邦-竹東,2023-02-07,9625
2317,鴻海,52,22,30,富邦-竹東,2023-02-07,9625
0056,元大高股息,34,11,23,富邦-竹東,2023-02-07,9625
2344,華邦電,21,1,20,富邦-竹東,2023-02-07,9625
00795B,中信美國公債20年,20,0,20,富邦-竹東,2023-02-07,9625
2498,宏達電,29,10,19,富邦-竹東,2023-02-07,9625
3037,欣興,30,11,19,富邦-竹東,2023-02-07,9625
6282,康舒,56,39,17,富邦-竹東,2023-02-07,9625
2542,興富發,20,3,17,富邦-竹東,2023-02-07,9625
2812,台中銀,20,3,17,富邦-竹東,2023-02-07,9625
00654R,富邦印度反1,15,0,15,富邦-竹東,2023-02-07,9625
3231,緯創,15,0,15,富邦-竹東,2023-02-07,9625
00882,中信中國高股息,15,0,15,富邦-竹東,2023-02-07,9625
00900,富邦特選高股息30,16,1,15,富邦-竹東,2023-02-07,9625
00885,富邦越南,14,0,14,富邦-竹東,2023-02-07,9625
4114,健喬,21,7,14,富邦-竹東,2023-02-07,9625
4164,承業醫,16,2,14,富邦-竹東,2023-02-07,9625
2002,中鋼,21,8,13,富邦-竹東,2023-02-07,9625
2449,京元電子,13,0,13,富邦-竹東,2023-02-07,9625
5258,虹堡,30,17,13,富邦-竹東,2023-02-07,9625
8105,凌巨,20,7,13,富邦-竹東,2023-02-07,9625
00905,FT臺灣Smart,12,0,12,富邦-竹東,2023-02-07,9625
9945,潤泰新,15,3,12,富邦-竹東,2023-02-07,9625
2852,第一保,12,0,12,富邦-竹東,2023-02-07,9625
00680L,元大美債20正2,12,0,12,富邦-竹東,2023-02-07,9625
8046,南電,13,1,12,富邦-竹東,2023-02-07,9625
2887,台新金,11,0,11,富邦-竹東,2023-02-07,9625
2609,陽明,13,2,11,富邦-竹東,2023-02-07,9625
4739,康普,12,1,11,富邦-竹東,2023-02-07,9625
6116,彩晶,11,0,11,富邦-竹東,2023-02-07,9625
2891,中信金,11,0,11,富邦-竹東,2023-02-07,9625
4968,立積,10,0,10,富邦-竹東,2023-02-07,9625
2367,燿華,10,0,10,富邦-竹東,2023-02-07,9625
4529,淳紳,10,0,10,富邦-竹東,2023-02-07,9625
2349,錸德,10,0,10,富邦-竹東,2023-02-07,9625
2897,王道銀行,10,0,10,富邦-竹東,2023-02-07,9625
3437,榮創,10,0,10,富邦-竹東,2023-02-07,9625
1721,三晃,10,0,10,富邦-竹東,2023-02-07,9625
6245,立端,12,3,9,富邦-竹東,2023-02-07,9625
2368,金像電,10,1,9,富邦-竹東,2023-02-07,9625
00632R,元大台灣50反1,683,55,628,富邦-竹東,2023-02-08,9625
3682,亞太電,100,0,100,富邦-竹東,2023-02-08,9625
2498,宏達電,94,31,63,富邦-竹東,2023-02-08,9625
00772B,中信高評級公司債,61,0,61,富邦-竹東,2023-02-08,9625
2201,裕隆,73,14,59,富邦-竹東,2023-02-08,9625
6005,群益證,50,0,50,富邦-竹東,2023-02-08,9625
2014,中鴻,81,35,46,富邦-竹東,2023-02-08,9625
2009,第一銅,60,22,38,富邦-竹東,2023-02-08,9625
6509,聚和,56,19,37,富邦-竹東,2023-02-08,9625
00712,復華富時不動產,29,0,29,富邦-竹東,2023-02-08,9625
2317,鴻海,39,14,25,富邦-竹東,2023-02-08,9625
5258,虹堡,41,17,24,富邦-竹東,2023-02-08,9625
2401,凌陽,57,37,20,富邦-竹東,2023-02-08,9625
4739,康普,19,0,19,富邦-竹東,2023-02-08,9625
2883,凱基金,22,6,16,富邦-竹東,2023-02-08,9625
2890,永豐金,14,0,14,富邦-竹東,2023-02-08,9625
2884,玉山金,14,1,13,富邦-竹東,2023-02-08,9625
5351,鈺創,25,12,13,富邦-竹東,2023-02-08,9625
3128,昇銳,16,3,13,富邦-竹東,2023-02-08,9625
5309,系統電,17,4,13,富邦-竹東,2023-02-08,9625
6182,合晶,13,0,13,富邦-竹東,2023-02-08,9625
6719,力智,15,2,13,富邦-竹東,2023-02-08,9625
8227,巨有科技,22,9,13,富邦-竹東,2023-02-08,9625
1605,華新,39,27,12,富邦-竹東,2023-02-08,9625
00715L,期街口布蘭特正2,23,11,12,富邦-竹東,2023-02-08,9625
6245,立端,11,0,11,富邦-竹東,2023-02-08,9625
6282,康舒,26,15,11,富邦-竹東,2023-02-08,9625
1783,和康生,12,1,11,富邦-竹東,2023-02-08,9625
4763,材料-KY,13,2,11,富邦-竹東,2023-02-08,9625
3576,聯合再生,11,0,11,富邦-竹東,2023-02-08,9625
2368,金像電,10,0,10,富邦-竹東,2023-02-08,9625
8213,志超,10,0,10,富邦-竹東,2023-02-08,9625
6217,中探針,12,2,10,富邦-竹東,2023-02-08,9625
6153,嘉聯益,10,0,10,富邦-竹東,2023-02-08,9625
1414,東和,10,0,10,富邦-竹東,2023-02-08,9625
8050,廣積,11,1,10,富邦-竹東,2023-02-08,9625
9928,中視,10,0,10,富邦-竹東,2023-02-08,9625
00665L,富邦�琤肭磪囓�2,10,0,10,富邦-竹東,2023-02-08,9625
5227,立凱-KY,10,0,10,富邦-竹東,2023-02-08,9625
6732,昇佳電子,10,0,10,富邦-竹東,2023-02-08,9625
00885,富邦越南,15,6,9,富邦-竹東,2023-02-08,9625
3046,建��,20,11,9,富邦-竹東,2023-02-08,9625
3434,哲固,9,0,9,富邦-竹東,2023-02-08,9625
6435,大中,9,0,9,富邦-竹東,2023-02-08,9625
4977,眾達-KY,9,0,9,富邦-竹東,2023-02-08,9625
3055,蔚華科,9,0,9,富邦-竹東,2023-02-08,9625
8046,南電,11,3,8,富邦-竹東,2023-02-08,9625
4906,正文,8,0,8,富邦-竹東,2023-02-08,9625
1514,亞力,19,11,8,富邦-竹東,2023-02-08,9625
3313,斐成,8,0,8,富邦-竹東,2023-02-08,9625
00676R,富邦臺灣加權反1,400,0,400,富邦-竹東,2023-02-09,9625
00878,國泰永續高股息,136,0,136,富邦-竹東,2023-02-09,9625
2845,遠東銀,43,0,43,富邦-竹東,2023-02-09,9625
4163,鐿鈦,40,0,40,富邦-竹東,2023-02-09,9625
0056,元大高股息,42,2,40,富邦-竹東,2023-02-09,9625
1409,新纖,34,0,34,富邦-竹東,2023-02-09,9625
2388,威盛,56,24,32,富邦-竹東,2023-02-09,9625
2883,凱基金,32,1,31,富邦-竹東,2023-02-09,9625
1314,中石化,26,0,26,富邦-竹東,2023-02-09,9625
00679B,元大美債20年,23,0,23,富邦-竹東,2023-02-09,9625
1512,瑞利,20,0,20,富邦-竹東,2023-02-09,9625
00665L,富邦�琤肭磪囓�2,20,0,20,富邦-竹東,2023-02-09,9625
2412,中華電,20,1,19,富邦-竹東,2023-02-09,9625
2887,台新金,19,1,18,富邦-竹東,2023-02-09,9625
1514,亞力,22,4,18,富邦-竹東,2023-02-09,9625
1605,華新,55,37,18,富邦-竹東,2023-02-09,9625
5258,虹堡,58,40,18,富邦-竹東,2023-02-09,9625
4746,台耀,18,1,17,富邦-竹東,2023-02-09,9625
6435,大中,16,0,16,富邦-竹東,2023-02-09,9625
2891,中信金,14,0,14,富邦-竹東,2023-02-09,9625
6235,華孚,53,39,14,富邦-竹東,2023-02-09,9625
00653L,富邦印度正2,14,0,14,富邦-竹東,2023-02-09,9625
00673R,期元大S＆P原油反1,13,0,13,富邦-竹東,2023-02-09,9625
5351,鈺創,16,3,13,富邦-竹東,2023-02-09,9625
00720B,元大投資級公司債,12,0,12,富邦-竹東,2023-02-09,9625
6770,力積電,30,18,12,富邦-竹東,2023-02-09,9625
2801,彰銀,12,0,12,富邦-竹東,2023-02-09,9625
2359,所羅門,39,27,12,富邦-竹東,2023-02-09,9625
2367,燿華,12,1,11,富邦-竹東,2023-02-09,9625
8050,廣積,16,5,11,富邦-竹東,2023-02-09,9625
2882,國泰金,13,3,10,富邦-竹東,2023-02-09,9625
2007,燁興,10,0,10,富邦-竹東,2023-02-09,9625
3447,展達,10,0,10,富邦-竹東,2023-02-09,9625
1736,喬山,10,0,10,富邦-竹東,2023-02-09,9625
1526,日馳,10,0,10,富邦-竹東,2023-02-09,9625
8213,志超,12,2,10,富邦-竹東,2023-02-09,9625
00637L,元大滬深300正2,41,31,10,富邦-竹東,2023-02-09,9625
4968,立積,15,5,10,富邦-竹東,2023-02-09,9625
6129,普誠,13,4,9,富邦-竹東,2023-02-09,9625
00712,復華富時不動產,9,0,9,富邦-竹東,2023-02-09,9625
3034,聯詠,12,3,9,富邦-竹東,2023-02-09,9625
2338,光罩,11,2,9,富邦-竹東,2023-02-09,9625
1701,中化,16,7,9,富邦-竹東,2023-02-09,9625
6147,頎邦,10,1,9,富邦-竹東,2023-02-09,9625
00632R,元大台灣50反1,8,0,8,富邦-竹東,2023-02-09,9625
2444,兆勁,10,2,8,富邦-竹東,2023-02-09,9625
6517,保勝光學,8,0,8,富邦-竹東,2023-02-09,9625
2881,富邦金,7,0,7,富邦-竹東,2023-02-09,9625
2603,長榮,15,8,7,富邦-竹東,2023-02-09,9625
5203,訊連,7,0,7,富邦-竹東,2023-02-09,9625
00669R,國泰美國道瓊反1,713,0,713,富邦-竹東,2023-02-10,9625
00878,國泰永續高股息,218,18,200,富邦-竹東,2023-02-10,9625
00670L,富邦NASDAQ正2,173,0,173,富邦-竹東,2023-02-10,9625
00632R,元大台灣50反1,102,0,102,富邦-竹東,2023-02-10,9625
00671R,富邦NASDAQ反1,50,0,50,富邦-竹東,2023-02-10,9625
0056,元大高股息,48,2,46,富邦-竹東,2023-02-10,9625
2610,華航,56,13,43,富邦-竹東,2023-02-10,9625
4157,太景*-KY,40,0,40,富邦-竹東,2023-02-10,9625
8936,國統,41,1,40,富邦-竹東,2023-02-10,9625
6143,振曜,35,0,35,富邦-竹東,2023-02-10,9625
4979,華星光,56,23,33,富邦-竹東,2023-02-10,9625
2002,中鋼,32,1,31,富邦-竹東,2023-02-10,9625
00648R,元大S＆P500反1,30,0,30,富邦-竹東,2023-02-10,9625
6589,台康生技,40,10,30,富邦-竹東,2023-02-10,9625
2317,鴻海,34,5,29,富邦-竹東,2023-02-10,9625
8050,廣積,28,0,28,富邦-竹東,2023-02-10,9625
3707,漢磊,41,13,28,富邦-竹東,2023-02-10,9625
2498,宏達電,31,3,28,富邦-竹東,2023-02-10,9625
6245,立端,27,0,27,富邦-竹東,2023-02-10,9625
00893,國泰智能電動車,30,3,27,富邦-竹東,2023-02-10,9625
3588,通嘉,23,0,23,富邦-竹東,2023-02-10,9625
6806,森崴能源,36,13,23,富邦-竹東,2023-02-10,9625
2399,映泰,22,0,22,富邦-竹東,2023-02-10,9625
2609,陽明,28,7,21,富邦-竹東,2023-02-10,9625
1584,精剛,48,28,20,富邦-竹東,2023-02-10,9625
2007,燁興,20,0,20,富邦-竹東,2023-02-10,9625
3128,昇銳,24,4,20,富邦-竹東,2023-02-10,9625
3035,智原,22,2,20,富邦-竹東,2023-02-10,9625
8227,巨有科技,37,18,19,富邦-竹東,2023-02-10,9625
6188,廣明,17,0,17,富邦-竹東,2023-02-10,9625
2929,淘帝-KY,16,0,16,富邦-竹東,2023-02-10,9625
6770,力積電,22,7,15,富邦-竹東,2023-02-10,9625
1605,華新,32,17,15,富邦-竹東,2023-02-10,9625
2881,富邦金,15,1,14,富邦-竹東,2023-02-10,9625
2618,長榮航,24,10,14,富邦-竹東,2023-02-10,9625
2542,興富發,13,0,13,富邦-竹東,2023-02-10,9625
6811,宏�硌穈T,13,0,13,富邦-竹東,2023-02-10,9625
3083,網龍,13,0,13,富邦-竹東,2023-02-10,9625
6191,精成科,20,7,13,富邦-竹東,2023-02-10,9625
6104,創惟,13,1,12,富邦-竹東,2023-02-10,9625
1102,亞泥,12,0,12,富邦-竹東,2023-02-10,9625
2337,旺宏,12,0,12,富邦-竹東,2023-02-10,9625
2324,仁寶,12,0,12,富邦-竹東,2023-02-10,9625
6274,台燿,12,0,12,富邦-竹東,2023-02-10,9625
00679B,元大美債20年,11,0,11,富邦-竹東,2023-02-10,9625
1519,華城,12,1,11,富邦-竹東,2023-02-10,9625
6215,和椿,11,0,11,富邦-竹東,2023-02-10,9625
00900,富邦特選高股息30,25,14,11,富邦-竹東,2023-02-10,9625
6217,中探針,11,0,11,富邦-竹東,2023-02-10,9625
00905,FT臺灣Smart,10,0,10,富邦-竹東,2023-02-10,9625
2834,臺企銀,130,15,115,富邦-竹東,2023-02-13,9625
2887,台新金,101,2,99,富邦-竹東,2023-02-13,9625
00900,富邦特選高股息30,92,0,92,富邦-竹東,2023-02-13,9625
00632R,元大台灣50反1,75,0,75,富邦-竹東,2023-02-13,9625
1447,力鵬,40,0,40,富邦-竹東,2023-02-13,9625
2609,陽明,54,21,33,富邦-竹東,2023-02-13,9625
00679B,元大美債20年,31,0,31,富邦-竹東,2023-02-13,9625
00878,國泰永續高股息,146,116,30,富邦-竹東,2023-02-13,9625
1512,瑞利,30,0,30,富邦-竹東,2023-02-13,9625
2634,漢翔,69,42,27,富邦-竹東,2023-02-13,9625
0056,元大高股息,33,6,27,富邦-竹東,2023-02-13,9625
00897,富邦基因免疫生技,26,0,26,富邦-竹東,2023-02-13,9625
3027,盛達,28,4,24,富邦-竹東,2023-02-13,9625
5351,鈺創,24,0,24,富邦-竹東,2023-02-13,9625
3706,神達,20,0,20,富邦-竹東,2023-02-13,9625
5469,瀚宇博,20,0,20,富邦-竹東,2023-02-13,9625
3289,宜特,37,17,20,富邦-竹東,2023-02-13,9625
4961,天鈺,20,0,20,富邦-竹東,2023-02-13,9625
8222,寶一,46,27,19,富邦-竹東,2023-02-13,9625
2332,友訊,38,20,18,富邦-竹東,2023-02-13,9625
2303,聯電,28,11,17,富邦-竹東,2023-02-13,9625
1734,杏輝,20,6,14,富邦-竹東,2023-02-13,9625
6531,愛普*,17,3,14,富邦-竹東,2023-02-13,9625
3013,晟銘電,16,3,13,富邦-竹東,2023-02-13,9625
1417,嘉裕,17,4,13,富邦-竹東,2023-02-13,9625
00638R,元大滬深300反1,13,0,13,富邦-竹東,2023-02-13,9625
2317,鴻海,13,1,12,富邦-竹東,2023-02-13,9625
4536,拓凱,17,5,12,富邦-竹東,2023-02-13,9625
2885,元大金,12,0,12,富邦-竹東,2023-02-13,9625
2542,興富發,12,0,12,富邦-竹東,2023-02-13,9625
6150,撼訊,13,1,12,富邦-竹東,2023-02-13,9625
2610,華航,12,1,11,富邦-竹東,2023-02-13,9625
1589,永冠-KY,10,0,10,富邦-竹東,2023-02-13,9625
4157,太景*-KY,10,0,10,富邦-竹東,2023-02-13,9625
1789,神隆,10,0,10,富邦-竹東,2023-02-13,9625
6235,華孚,20,10,10,富邦-竹東,2023-02-13,9625
6668,中揚光,10,0,10,富邦-竹東,2023-02-13,9625
8358,金居,12,2,10,富邦-竹東,2023-02-13,9625
8033,雷虎,23,13,10,富邦-竹東,2023-02-13,9625
1584,精剛,13,4,9,富邦-竹東,2023-02-13,9625
3207,耀勝,12,3,9,富邦-竹東,2023-02-13,9625
3033,威健,9,0,9,富邦-竹東,2023-02-13,9625
2607,榮運,12,3,9,富邦-竹東,2023-02-13,9625
00772B,中信高評級公司債,9,0,9,富邦-竹東,2023-02-13,9625
2388,威盛,14,5,9,富邦-竹東,2023-02-13,9625
6143,振曜,10,1,9,富邦-竹東,2023-02-13,9625
2890,永豐金,13,4,9,富邦-竹東,2023-02-13,9625
2409,友達,26,18,8,富邦-竹東,2023-02-13,9625
00795B,中信美國公債20年,8,0,8,富邦-竹東,2023-02-13,9625
8155,博智,7,0,7,富邦-竹東,2023-02-13,9625
2885,元大金,304,0,304,富邦-竹東,2023-02-14,9625
6005,群益證,105,0,105,富邦-竹東,2023-02-14,9625
00676R,富邦臺灣加權反1,100,0,100,富邦-竹東,2023-02-14,9625
00632R,元大台灣50反1,107,10,97,富邦-竹東,2023-02-14,9625
6116,彩晶,45,0,45,富邦-竹東,2023-02-14,9625
2023,燁輝,41,1,40,富邦-竹東,2023-02-14,9625
00673R,期元大S＆P原油反1,40,1,39,富邦-竹東,2023-02-14,9625
00669R,國泰美國道瓊反1,37,0,37,富邦-竹東,2023-02-14,9625
2405,輔信,34,0,34,富邦-竹東,2023-02-14,9625
3035,智原,36,3,33,富邦-竹東,2023-02-14,9625
6180,橘子,29,2,27,富邦-竹東,2023-02-14,9625
6202,盛群,25,0,25,富邦-竹東,2023-02-14,9625
6142,友勁,25,1,24,富邦-竹東,2023-02-14,9625
2884,玉山金,29,5,24,富邦-竹東,2023-02-14,9625
00885,富邦越南,21,0,21,富邦-竹東,2023-02-14,9625
3036,文曄,21,0,21,富邦-竹東,2023-02-14,9625
6269,台郡,20,0,20,富邦-竹東,2023-02-14,9625
6282,康舒,23,3,20,富邦-竹東,2023-02-14,9625
2897,王道銀行,20,0,20,富邦-竹東,2023-02-14,9625
00919,群益台灣精選高息,17,0,17,富邦-竹東,2023-02-14,9625
8069,元太,33,17,16,富邦-竹東,2023-02-14,9625
6806,森崴能源,16,0,16,富邦-竹東,2023-02-14,9625
00713,元大台灣高息低波,15,0,15,富邦-竹東,2023-02-14,9625
4960,誠美材,15,0,15,富邦-竹東,2023-02-14,9625
4943,康控-KY,15,0,15,富邦-竹東,2023-02-14,9625
6138,茂達,15,1,14,富邦-竹東,2023-02-14,9625
3094,聯傑,12,0,12,富邦-竹東,2023-02-14,9625
6509,聚和,13,1,12,富邦-竹東,2023-02-14,9625
6643,M31,14,2,12,富邦-竹東,2023-02-14,9625
3162,精確,11,0,11,富邦-竹東,2023-02-14,9625
2380,虹光,11,0,11,富邦-竹東,2023-02-14,9625
2603,長榮,19,8,11,富邦-竹東,2023-02-14,9625
1605,華新,28,18,10,富邦-竹東,2023-02-14,9625
1402,遠東新,10,0,10,富邦-竹東,2023-02-14,9625
2706,第一店,10,0,10,富邦-竹東,2023-02-14,9625
4979,華星光,21,11,10,富邦-竹東,2023-02-14,9625
8105,凌巨,10,1,9,富邦-竹東,2023-02-14,9625
1810,和成,9,0,9,富邦-竹東,2023-02-14,9625
9958,世紀鋼,10,1,9,富邦-竹東,2023-02-14,9625
8227,巨有科技,8,0,8,富邦-竹東,2023-02-14,9625
5340,建榮,8,0,8,富邦-竹東,2023-02-14,9625
5351,鈺創,16,9,7,富邦-竹東,2023-02-14,9625
2492,華新科,8,1,7,富邦-竹東,2023-02-14,9625
3272,東碩,10,3,7,富邦-竹東,2023-02-14,9625
9103,美德醫療-DR,7,0,7,富邦-竹東,2023-02-14,9625
6443,元晶,11,5,6,富邦-竹東,2023-02-14,9625
00763U,期街口道瓊銅,6,0,6,富邦-竹東,2023-02-14,9625
3508,位速,6,0,6,富邦-竹東,2023-02-14,9625
3588,通嘉,6,0,6,富邦-竹東,2023-02-14,9625
3037,欣興,10,4,6,富邦-竹東,2023-02-14,9625
00878,國泰永續高股息,308,118,190,富邦-竹東,2023-02-15,9625
2471,資通,72,11,61,富邦-竹東,2023-02-15,9625
3481,群創,112,54,58,富邦-竹東,2023-02-15,9625
2330,台積電,53,8,45,富邦-竹東,2023-02-15,9625
2883,凱基金,40,0,40,富邦-竹東,2023-02-15,9625
2884,玉山金,38,3,35,富邦-竹東,2023-02-15,9625
6282,康舒,42,7,35,富邦-竹東,2023-02-15,9625
00720B,元大投資級公司債,24,0,24,富邦-竹東,2023-02-15,9625
8277,商丞,20,0,20,富邦-竹東,2023-02-15,9625
3189,景碩,22,3,19,富邦-竹東,2023-02-15,9625
3207,耀勝,29,11,18,富邦-竹東,2023-02-15,9625
2610,華航,32,14,18,富邦-竹東,2023-02-15,9625
5347,世界,18,2,16,富邦-竹東,2023-02-15,9625
00900,富邦特選高股息30,16,0,16,富邦-竹東,2023-02-15,9625
2201,裕隆,27,11,16,富邦-竹東,2023-02-15,9625
2453,凌群,28,13,15,富邦-竹東,2023-02-15,9625
1437,勤益控,15,0,15,富邦-竹東,2023-02-15,9625
1304,台聚,14,0,14,富邦-竹東,2023-02-15,9625
0050,元大台灣50,16,2,14,富邦-竹東,2023-02-15,9625
5309,系統電,13,0,13,富邦-竹東,2023-02-15,9625
8033,雷虎,16,3,13,富邦-竹東,2023-02-15,9625
6719,力智,13,1,12,富邦-竹東,2023-02-15,9625
2371,大同,12,0,12,富邦-竹東,2023-02-15,9625
3438,類比科,12,0,12,富邦-竹東,2023-02-15,9625
1447,力鵬,12,0,12,富邦-竹東,2023-02-15,9625
2332,友訊,12,0,12,富邦-竹東,2023-02-15,9625
1513,中興電,72,61,11,富邦-竹東,2023-02-15,9625
3221,台嘉碩,42,31,11,富邦-竹東,2023-02-15,9625
3324,雙鴻,12,1,11,富邦-竹東,2023-02-15,9625
8936,國統,52,41,11,富邦-竹東,2023-02-15,9625
2603,長榮,13,3,10,富邦-竹東,2023-02-15,9625
00665L,富邦�琤肭磪囓�2,10,0,10,富邦-竹東,2023-02-15,9625
6235,華孚,25,15,10,富邦-竹東,2023-02-15,9625
2208,台船,10,0,10,富邦-竹東,2023-02-15,9625
4157,太景*-KY,10,0,10,富邦-竹東,2023-02-15,9625
5227,立凱-KY,10,0,10,富邦-竹東,2023-02-15,9625
4163,鐿鈦,10,0,10,富邦-竹東,2023-02-15,9625
1589,永冠-KY,10,0,10,富邦-竹東,2023-02-15,9625
6215,和椿,10,0,10,富邦-竹東,2023-02-15,9625
3035,智原,11,2,9,富邦-竹東,2023-02-15,9625
2743,山富,23,14,9,富邦-竹東,2023-02-15,9625
3029,零壹,14,5,9,富邦-竹東,2023-02-15,9625
2888,新光金,8,0,8,富邦-竹東,2023-02-15,9625
2462,良得電,8,0,8,富邦-竹東,2023-02-15,9625
2388,威盛,8,0,8,富邦-竹東,2023-02-15,9625
3710,連展投控,8,0,8,富邦-竹東,2023-02-15,9625
8409,商之器,8,0,8,富邦-竹東,2023-02-15,9625
8155,博智,8,0,8,富邦-竹東,2023-02-15,9625
3264,欣銓,9,2,7,富邦-竹東,2023-02-15,9625
8222,寶一,36,29,7,富邦-竹東,2023-02-15,9625
00676R,富邦臺灣加權反1,1000,0,1000,富邦-竹東,2023-02-16,9625
00632R,元大台灣50反1,381,17,364,富邦-竹東,2023-02-16,9625
2834,臺企銀,100,2,98,富邦-竹東,2023-02-16,9625
6143,振曜,73,25,48,富邦-竹東,2023-02-16,9625
1701,中化,36,1,35,富邦-竹東,2023-02-16,9625
1732,毛寶,30,0,30,富邦-竹東,2023-02-16,9625
2504,國產,30,0,30,富邦-竹東,2023-02-16,9625
6411,晶焱,32,2,30,富邦-竹東,2023-02-16,9625
00720B,元大投資級公司債,27,0,27,富邦-竹東,2023-02-16,9625
00885,富邦越南,27,2,25,富邦-竹東,2023-02-16,9625
3047,訊舟,25,1,24,富邦-竹東,2023-02-16,9625
00679B,元大美債20年,25,1,24,富邦-竹東,2023-02-16,9625
00753L,中信中國50正2,21,2,19,富邦-竹東,2023-02-16,9625
5388,中磊,20,2,18,富邦-竹東,2023-02-16,9625
00654R,富邦印度反1,16,0,16,富邦-竹東,2023-02-16,9625
4106,雃博,16,0,16,富邦-竹東,2023-02-16,9625
2453,凌群,14,1,13,富邦-竹東,2023-02-16,9625
5706,鳳凰,27,15,12,富邦-竹東,2023-02-16,9625
2022,聚亨,12,0,12,富邦-竹東,2023-02-16,9625
1784,訊聯,12,0,12,富邦-竹東,2023-02-16,9625
3037,欣興,28,17,11,富邦-竹東,2023-02-16,9625
6531,愛普*,34,23,11,富邦-竹東,2023-02-16,9625
2734,易飛網,11,0,11,富邦-竹東,2023-02-16,9625
8171,天宇,12,1,11,富邦-竹東,2023-02-16,9625
5871,中租-KY,11,0,11,富邦-竹東,2023-02-16,9625
1513,中興電,30,20,10,富邦-竹東,2023-02-16,9625
00712,復華富時不動產,10,0,10,富邦-竹東,2023-02-16,9625
00673R,期元大S＆P原油反1,10,0,10,富邦-竹東,2023-02-16,9625
5475,德宏,10,0,10,富邦-竹東,2023-02-16,9625
8213,志超,10,0,10,富邦-竹東,2023-02-16,9625
2337,旺宏,9,0,9,富邦-竹東,2023-02-16,9625
3711,日月光投控,10,1,9,富邦-竹東,2023-02-16,9625
00671R,富邦NASDAQ反1,9,0,9,富邦-竹東,2023-02-16,9625
2007,燁興,9,0,9,富邦-竹東,2023-02-16,9625
9904,寶成,10,1,9,富邦-竹東,2023-02-16,9625
5340,建榮,8,0,8,富邦-竹東,2023-02-16,9625
2323,中環,10,2,8,富邦-竹東,2023-02-16,9625
2369,菱生,14,6,8,富邦-竹東,2023-02-16,9625
00900,富邦特選高股息30,12,4,8,富邦-竹東,2023-02-16,9625
00680L,元大美債20正2,13,5,8,富邦-竹東,2023-02-16,9625
6472,保瑞,9,1,8,富邦-竹東,2023-02-16,9625
8046,南電,11,3,8,富邦-竹東,2023-02-16,9625
1783,和康生,7,0,7,富邦-竹東,2023-02-16,9625
3045,台灣大,7,0,7,富邦-竹東,2023-02-16,9625
4746,台耀,7,0,7,富邦-竹東,2023-02-16,9625
3706,神達,6,0,6,富邦-竹東,2023-02-16,9625
3624,光頡,13,7,6,富邦-竹東,2023-02-16,9625
3189,景碩,11,6,5,富邦-竹東,2023-02-16,9625
1402,遠東新,5,0,5,富邦-竹東,2023-02-16,9625
2705,六福,5,0,5,富邦-竹東,2023-02-16,9625
2834,臺企銀,243,174,69,富邦-竹東,2023-02-17,9625
00878,國泰永續高股息,143,92,51,富邦-竹東,2023-02-17,9625
9904,寶成,51,1,50,富邦-竹東,2023-02-17,9625
1512,瑞利,40,0,40,富邦-竹東,2023-02-17,9625
00893,國泰智能電動車,35,0,35,富邦-竹東,2023-02-17,9625
00772B,中信高評級公司債,33,0,33,富邦-竹東,2023-02-17,9625
2610,華航,202,172,30,富邦-竹東,2023-02-17,9625
00669R,國泰美國道瓊反1,30,0,30,富邦-竹東,2023-02-17,9625
3260,威剛,30,1,29,富邦-竹東,2023-02-17,9625
00638R,元大滬深300反1,29,0,29,富邦-竹東,2023-02-17,9625
2344,華邦電,37,12,25,富邦-竹東,2023-02-17,9625
6443,元晶,48,23,25,富邦-竹東,2023-02-17,9625
1102,亞泥,23,0,23,富邦-竹東,2023-02-17,9625
2482,連宇,25,2,23,富邦-竹東,2023-02-17,9625
00679B,元大美債20年,29,10,19,富邦-竹東,2023-02-17,9625
2330,台積電,20,2,18,富邦-竹東,2023-02-17,9625
8222,寶一,28,11,17,富邦-竹東,2023-02-17,9625
2887,台新金,17,0,17,富邦-竹東,2023-02-17,9625
6217,中探針,16,0,16,富邦-竹東,2023-02-17,9625
6120,達運,25,10,15,富邦-竹東,2023-02-17,9625
2609,陽明,18,4,14,富邦-竹東,2023-02-17,9625
1584,精剛,25,11,14,富邦-竹東,2023-02-17,9625
2471,資通,20,6,14,富邦-竹東,2023-02-17,9625
2736,富野,13,0,13,富邦-竹東,2023-02-17,9625
1417,嘉裕,13,0,13,富邦-竹東,2023-02-17,9625
2455,全新,15,2,13,富邦-竹東,2023-02-17,9625
6187,萬潤,14,2,12,富邦-竹東,2023-02-17,9625
2027,大成鋼,12,0,12,富邦-竹東,2023-02-17,9625
3296,勝德,12,0,12,富邦-竹東,2023-02-17,9625
00680L,元大美債20正2,12,0,12,富邦-竹東,2023-02-17,9625
00780B,國泰A級金融債,13,2,11,富邦-竹東,2023-02-17,9625
1409,新纖,11,0,11,富邦-竹東,2023-02-17,9625
00773B,中信優先金融債,10,0,10,富邦-竹東,2023-02-17,9625
1589,永冠-KY,10,0,10,富邦-竹東,2023-02-17,9625
2404,漢唐,10,0,10,富邦-竹東,2023-02-17,9625
4155,訊映,10,0,10,富邦-竹東,2023-02-17,9625
2393,億光,10,0,10,富邦-竹東,2023-02-17,9625
00904,新光臺灣半導體30,10,0,10,富邦-竹東,2023-02-17,9625
6257,矽格,10,0,10,富邦-竹東,2023-02-17,9625
2884,玉山金,14,5,9,富邦-竹東,2023-02-17,9625
5227,立凱-KY,9,0,9,富邦-竹東,2023-02-17,9625
2363,矽統,10,1,9,富邦-竹東,2023-02-17,9625
4721,美琪瑪,10,1,9,富邦-竹東,2023-02-17,9625
2201,裕隆,9,1,8,富邦-竹東,2023-02-17,9625
4961,天鈺,29,21,8,富邦-竹東,2023-02-17,9625
2453,凌群,16,8,8,富邦-竹東,2023-02-17,9625
0056,元大高股息,10,3,7,富邦-竹東,2023-02-17,9625
2497,怡利電,8,1,7,富邦-竹東,2023-02-17,9625
3006,晶豪科,7,0,7,富邦-竹東,2023-02-17,9625
2705,六福,7,0,7,富邦-竹東,2023-02-17,9625
00632R,元大台灣50反1,463,170,293,富邦-竹東,2023-02-20,9625
00878,國泰永續高股息,200,6,194,富邦-竹東,2023-02-20,9625
3481,群創,224,112,112,富邦-竹東,2023-02-20,9625
00712,復華富時不動產,100,0,100,富邦-竹東,2023-02-20,9625
2404,漢唐,71,0,71,富邦-竹東,2023-02-20,9625
8050,廣積,74,5,69,富邦-竹東,2023-02-20,9625
4402,郡都開發,56,0,56,富邦-竹東,2023-02-20,9625
2892,第一金,52,2,50,富邦-竹東,2023-02-20,9625
2834,臺企銀,62,15,47,富邦-竹東,2023-02-20,9625
2618,長榮航,69,31,38,富邦-竹東,2023-02-20,9625
4526,東台,35,1,34,富邦-竹東,2023-02-20,9625
3147,大綜,33,0,33,富邦-竹東,2023-02-20,9625
1589,永冠-KY,31,1,30,富邦-竹東,2023-02-20,9625
6235,華孚,41,14,27,富邦-竹東,2023-02-20,9625
6770,力積電,31,6,25,富邦-竹東,2023-02-20,9625
00679B,元大美債20年,30,6,24,富邦-竹東,2023-02-20,9625
2401,凌陽,37,14,23,富邦-竹東,2023-02-20,9625
3041,揚智,23,1,22,富邦-竹東,2023-02-20,9625
4536,拓凱,24,3,21,富邦-竹東,2023-02-20,9625
2367,燿華,20,1,19,富邦-竹東,2023-02-20,9625
1519,華城,34,16,18,富邦-竹東,2023-02-20,9625
00773B,中信優先金融債,28,10,18,富邦-竹東,2023-02-20,9625
2634,漢翔,35,17,18,富邦-竹東,2023-02-20,9625
00902,中信電池及儲能,32,15,17,富邦-竹東,2023-02-20,9625
6531,愛普*,92,75,17,富邦-竹東,2023-02-20,9625
8112,至上,21,4,17,富邦-竹東,2023-02-20,9625
2201,裕隆,20,4,16,富邦-竹東,2023-02-20,9625
4168,醣聯,17,1,16,富邦-竹東,2023-02-20,9625
9905,大華,16,0,16,富邦-竹東,2023-02-20,9625
4919,新唐,22,6,16,富邦-竹東,2023-02-20,9625
4916,事欣科,15,0,15,富邦-竹東,2023-02-20,9625
4523,永彰,15,0,15,富邦-竹東,2023-02-20,9625
2317,鴻海,27,13,14,富邦-竹東,2023-02-20,9625
2702,華園,15,1,14,富邦-竹東,2023-02-20,9625
1717,長興,14,2,12,富邦-竹東,2023-02-20,9625
9919,康那香,12,0,12,富邦-竹東,2023-02-20,9625
2337,旺宏,12,0,12,富邦-竹東,2023-02-20,9625
2468,華經,11,0,11,富邦-竹東,2023-02-20,9625
2482,連宇,11,0,11,富邦-竹東,2023-02-20,9625
2453,凌群,12,1,11,富邦-竹東,2023-02-20,9625
8033,雷虎,28,17,11,富邦-竹東,2023-02-20,9625
2542,興富發,10,0,10,富邦-竹東,2023-02-20,9625
4157,太景*-KY,10,0,10,富邦-竹東,2023-02-20,9625
3047,訊舟,10,0,10,富邦-竹東,2023-02-20,9625
6535,順藥,10,0,10,富邦-竹東,2023-02-20,9625
1701,中化,15,5,10,富邦-竹東,2023-02-20,9625
2444,兆勁,10,0,10,富邦-竹東,2023-02-20,9625
3284,太普高,10,0,10,富邦-竹東,2023-02-20,9625
6508,惠光,10,0,10,富邦-竹東,2023-02-20,9625
3617,碩天,10,0,10,富邦-竹東,2023-02-20,9625
6142,友勁,181,0,181,富邦-竹東,2023-02-21,9625
00878,國泰永續高股息,152,3,149,富邦-竹東,2023-02-21,9625
1314,中石化,100,0,100,富邦-竹東,2023-02-21,9625
2610,華航,133,48,85,富邦-竹東,2023-02-21,9625
6116,彩晶,72,6,66,富邦-竹東,2023-02-21,9625
5880,合庫金,63,4,59,富邦-竹東,2023-02-21,9625
2884,玉山金,136,85,51,富邦-竹東,2023-02-21,9625
2498,宏達電,139,93,46,富邦-竹東,2023-02-21,9625
2457,飛宏,75,31,44,富邦-竹東,2023-02-21,9625
00655L,國泰中國A50正2,40,0,40,富邦-竹東,2023-02-21,9625
00725B,國泰投資級公司債,39,0,39,富邦-竹東,2023-02-21,9625
6143,振曜,32,2,30,富邦-竹東,2023-02-21,9625
2618,長榮航,33,4,29,富邦-竹東,2023-02-21,9625
0056,元大高股息,33,5,28,富邦-竹東,2023-02-21,9625
5309,系統電,31,4,27,富邦-竹東,2023-02-21,9625
8933,愛地雅,25,0,25,富邦-竹東,2023-02-21,9625
2367,燿華,24,0,24,富邦-竹東,2023-02-21,9625
00720B,元大投資級公司債,24,0,24,富邦-竹東,2023-02-21,9625
2352,佳世達,22,0,22,富邦-竹東,2023-02-21,9625
00772B,中信高評級公司債,22,0,22,富邦-竹東,2023-02-21,9625
00637L,元大滬深300正2,32,11,21,富邦-竹東,2023-02-21,9625
3284,太普高,20,0,20,富邦-竹東,2023-02-21,9625
2208,台船,47,27,20,富邦-竹東,2023-02-21,9625
00919,群益台灣精選高息,20,0,20,富邦-竹東,2023-02-21,9625
2022,聚亨,20,0,20,富邦-竹東,2023-02-21,9625
2371,大同,31,12,19,富邦-竹東,2023-02-21,9625
1609,大亞,22,3,19,富邦-竹東,2023-02-21,9625
00715L,期街口布蘭特正2,18,0,18,富邦-竹東,2023-02-21,9625
8358,金居,18,1,17,富邦-竹東,2023-02-21,9625
2867,三商壽,26,9,17,富邦-竹東,2023-02-21,9625
4164,承業醫,16,0,16,富邦-竹東,2023-02-21,9625
1605,華新,47,32,15,富邦-竹東,2023-02-21,9625
5475,德宏,17,2,15,富邦-竹東,2023-02-21,9625
5512,力麒,15,0,15,富邦-竹東,2023-02-21,9625
1101,台泥,28,15,13,富邦-竹東,2023-02-21,9625
3027,盛達,20,7,13,富邦-竹東,2023-02-21,9625
2891,中信金,12,0,12,富邦-竹東,2023-02-21,9625
3532,台勝科,12,0,12,富邦-竹東,2023-02-21,9625
3122,笙泉,11,0,11,富邦-竹東,2023-02-21,9625
1722,台肥,11,0,11,富邦-竹東,2023-02-21,9625
3704,合勤控,12,1,11,富邦-竹東,2023-02-21,9625
2108,南帝,11,0,11,富邦-竹東,2023-02-21,9625
2812,台中銀,11,0,11,富邦-竹東,2023-02-21,9625
00679B,元大美債20年,12,1,11,富邦-竹東,2023-02-21,9625
2444,兆勁,11,1,10,富邦-竹東,2023-02-21,9625
9905,大華,10,0,10,富邦-竹東,2023-02-21,9625
8213,志超,10,0,10,富邦-竹東,2023-02-21,9625
1611,中電,10,0,10,富邦-竹東,2023-02-21,9625
3092,鴻碩,10,0,10,富邦-竹東,2023-02-21,9625
2392,正崴,10,0,10,富邦-竹東,2023-02-21,9625
00878,國泰永續高股息,217,81,136,富邦-竹東,2023-02-22,9625
6005,群益證,70,10,60,富邦-竹東,2023-02-22,9625
00772B,中信高評級公司債,55,0,55,富邦-竹東,2023-02-22,9625
1101,台泥,51,6,45,富邦-竹東,2023-02-22,9625
3035,智原,41,1,40,富邦-竹東,2023-02-22,9625
2303,聯電,37,1,36,富邦-竹東,2023-02-22,9625
8069,元太,40,9,31,富邦-竹東,2023-02-22,9625
4968,立積,42,12,30,富邦-竹東,2023-02-22,9625
2610,華航,53,24,29,富邦-竹東,2023-02-22,9625
2634,漢翔,32,5,27,富邦-竹東,2023-02-22,9625
00712,復華富時不動產,26,0,26,富邦-竹東,2023-02-22,9625
2615,萬海,37,12,25,富邦-竹東,2023-02-22,9625
3702,大聯大,25,0,25,富邦-竹東,2023-02-22,9625
5351,鈺創,44,19,25,富邦-竹東,2023-02-22,9625
6531,愛普*,28,6,22,富邦-竹東,2023-02-22,9625
4979,華星光,26,5,21,富邦-竹東,2023-02-22,9625
2734,易飛網,25,4,21,富邦-竹東,2023-02-22,9625
5425,台半,22,1,21,富邦-竹東,2023-02-22,9625
3037,欣興,26,5,21,富邦-竹東,2023-02-22,9625
2834,臺企銀,329,309,20,富邦-竹東,2023-02-22,9625
1535,中宇,21,1,20,富邦-竹東,2023-02-22,9625
00700,富邦�琤肭磪�,20,0,20,富邦-竹東,2023-02-22,9625
2903,遠百,20,0,20,富邦-竹東,2023-02-22,9625
2812,台中銀,20,0,20,富邦-竹東,2023-02-22,9625
4903,聯光通,20,0,20,富邦-竹東,2023-02-22,9625
2609,陽明,45,27,18,富邦-竹東,2023-02-22,9625
6116,彩晶,25,7,18,富邦-竹東,2023-02-22,9625
00902,中信電池及儲能,17,0,17,富邦-竹東,2023-02-22,9625
2618,長榮航,19,2,17,富邦-竹東,2023-02-22,9625
2702,華園,21,5,16,富邦-竹東,2023-02-22,9625
5880,合庫金,16,0,16,富邦-竹東,2023-02-22,9625
6245,立端,15,0,15,富邦-竹東,2023-02-22,9625
8046,南電,17,2,15,富邦-竹東,2023-02-22,9625
2606,裕民,14,0,14,富邦-竹東,2023-02-22,9625
2484,希華,14,1,13,富邦-竹東,2023-02-22,9625
2380,虹光,13,0,13,富邦-竹東,2023-02-22,9625
2103,台橡,13,0,13,富邦-竹東,2023-02-22,9625
00882,中信中國高股息,13,0,13,富邦-竹東,2023-02-22,9625
2379,瑞昱,13,1,12,富邦-竹東,2023-02-22,9625
5309,系統電,14,2,12,富邦-竹東,2023-02-22,9625
8050,廣積,18,6,12,富邦-竹東,2023-02-22,9625
00900,富邦特選高股息30,12,0,12,富邦-竹東,2023-02-22,9625
8054,安國,12,0,12,富邦-竹東,2023-02-22,9625
2330,台積電,14,2,12,富邦-竹東,2023-02-22,9625
2201,裕隆,19,7,12,富邦-竹東,2023-02-22,9625
1473,台南,11,0,11,富邦-竹東,2023-02-22,9625
00665L,富邦�琤肭磪囓�2,11,0,11,富邦-竹東,2023-02-22,9625
4114,健喬,39,28,11,富邦-竹東,2023-02-22,9625
2388,威盛,40,29,11,富邦-竹東,2023-02-22,9625
2368,金像電,10,0,10,富邦-竹東,2023-02-22,9625
00632R,元大台灣50反1,967,0,967,富邦-竹東,2023-02-23,9625
00676R,富邦臺灣加權反1,426,0,426,富邦-竹東,2023-02-23,9625
00905,FT臺灣Smart,200,6,194,富邦-竹東,2023-02-23,9625
3481,群創,180,23,157,富邦-竹東,2023-02-23,9625
00715L,期街口布蘭特正2,152,0,152,富邦-竹東,2023-02-23,9625
00642U,期元大S＆P石油,104,0,104,富邦-竹東,2023-02-23,9625
3702,大聯大,82,0,82,富邦-竹東,2023-02-23,9625
3141,晶宏,42,1,41,富邦-竹東,2023-02-23,9625
1708,東鹼,40,0,40,富邦-竹東,2023-02-23,9625
4968,立積,31,0,31,富邦-竹東,2023-02-23,9625
2834,臺企銀,136,105,31,富邦-竹東,2023-02-23,9625
1108,幸福,31,1,30,富邦-竹東,2023-02-23,9625
1810,和成,30,1,29,富邦-竹東,2023-02-23,9625
2409,友達,37,8,29,富邦-竹東,2023-02-23,9625
00637L,元大滬深300正2,35,9,26,富邦-竹東,2023-02-23,9625
2444,兆勁,25,0,25,富邦-竹東,2023-02-23,9625
1101,台泥,63,40,23,富邦-竹東,2023-02-23,9625
2379,瑞昱,29,7,22,富邦-竹東,2023-02-23,9625
00701,國泰股利精選30,24,2,22,富邦-竹東,2023-02-23,9625
2618,長榮航,22,0,22,富邦-竹東,2023-02-23,9625
00900,富邦特選高股息30,35,13,22,富邦-竹東,2023-02-23,9625
00772B,中信高評級公司債,68,48,20,富邦-竹東,2023-02-23,9625
1217,愛之味,20,0,20,富邦-竹東,2023-02-23,9625
6104,創惟,26,6,20,富邦-竹東,2023-02-23,9625
2303,聯電,45,26,19,富邦-竹東,2023-02-23,9625
8069,元太,24,6,18,富邦-竹東,2023-02-23,9625
2610,華航,25,8,17,富邦-竹東,2023-02-23,9625
1513,中興電,20,4,16,富邦-竹東,2023-02-23,9625
00885,富邦越南,16,0,16,富邦-竹東,2023-02-23,9625
4114,健喬,17,2,15,富邦-竹東,2023-02-23,9625
2023,燁輝,20,5,15,富邦-竹東,2023-02-23,9625
1605,華新,22,8,14,富邦-竹東,2023-02-23,9625
2884,玉山金,41,27,14,富邦-竹東,2023-02-23,9625
2637,慧洋-KY,18,4,14,富邦-竹東,2023-02-23,9625
8155,博智,15,2,13,富邦-竹東,2023-02-23,9625
6751,智聯服務,14,1,13,富邦-竹東,2023-02-23,9625
2367,燿華,13,1,12,富邦-竹東,2023-02-23,9625
4768,晶呈科技,14,2,12,富邦-竹東,2023-02-23,9625
2883,凱基金,14,2,12,富邦-竹東,2023-02-23,9625
6282,康舒,37,26,11,富邦-竹東,2023-02-23,9625
3037,欣興,18,7,11,富邦-竹東,2023-02-23,9625
4960,誠美材,11,0,11,富邦-竹東,2023-02-23,9625
3710,連展投控,12,1,11,富邦-竹東,2023-02-23,9625
5512,力麒,17,6,11,富邦-竹東,2023-02-23,9625
8936,國統,29,18,11,富邦-竹東,2023-02-23,9625
8358,金居,15,5,10,富邦-竹東,2023-02-23,9625
00919,群益台灣精選高息,10,0,10,富邦-竹東,2023-02-23,9625
2439,美律,10,0,10,富邦-竹東,2023-02-23,9625
00671R,富邦NASDAQ反1,10,0,10,富邦-竹東,2023-02-23,9625
2347,聯強,10,0,10,富邦-竹東,2023-02-23,9625
00671R,富邦NASDAQ反1,334,0,334,富邦-竹東,2023-02-24,9625
00878,國泰永續高股息,215,15,200,富邦-竹東,2023-02-24,9625
00637L,元大滬深300正2,106,5,101,富邦-竹東,2023-02-24,9625
2105,正新,100,0,100,富邦-竹東,2023-02-24,9625
2618,長榮航,62,3,59,富邦-竹東,2023-02-24,9625
6116,彩晶,57,2,55,富邦-竹東,2023-02-24,9625
2913,農林,48,0,48,富邦-竹東,2023-02-24,9625
2890,永豐金,48,4,44,富邦-竹東,2023-02-24,9625
1444,力麗,44,0,44,富邦-竹東,2023-02-24,9625
00773B,中信優先金融債,38,2,36,富邦-竹東,2023-02-24,9625
2317,鴻海,36,2,34,富邦-竹東,2023-02-24,9625
3037,欣興,41,15,26,富邦-竹東,2023-02-24,9625
4168,醣聯,26,0,26,富邦-竹東,2023-02-24,9625
5701,劍湖山,21,0,21,富邦-竹東,2023-02-24,9625
2476,鉅祥,21,0,21,富邦-竹東,2023-02-24,9625
1701,中化,23,2,21,富邦-竹東,2023-02-24,9625
2471,資通,24,4,20,富邦-竹東,2023-02-24,9625
3207,耀勝,32,12,20,富邦-竹東,2023-02-24,9625
00713,元大台灣高息低波,25,5,20,富邦-竹東,2023-02-24,9625
3535,晶彩科,20,0,20,富邦-竹東,2023-02-24,9625
2739,寒舍,20,1,19,富邦-竹東,2023-02-24,9625
2489,瑞軒,30,11,19,富邦-竹東,2023-02-24,9625
00882,中信中國高股息,19,0,19,富邦-竹東,2023-02-24,9625
2880,華南金,19,0,19,富邦-竹東,2023-02-24,9625
00919,群益台灣精選高息,18,0,18,富邦-竹東,2023-02-24,9625
2906,高林,18,0,18,富邦-竹東,2023-02-24,9625
2641,正德,38,21,17,富邦-竹東,2023-02-24,9625
2498,宏達電,36,20,16,富邦-竹東,2023-02-24,9625
1506,正道,15,0,15,富邦-竹東,2023-02-24,9625
1609,大亞,17,3,14,富邦-竹東,2023-02-24,9625
3036,文曄,14,0,14,富邦-竹東,2023-02-24,9625
00712,復華富時不動產,14,0,14,富邦-竹東,2023-02-24,9625
1514,亞力,58,46,12,富邦-竹東,2023-02-24,9625
2614,東森,12,0,12,富邦-竹東,2023-02-24,9625
8933,愛地雅,12,0,12,富邦-竹東,2023-02-24,9625
2340,台亞,12,0,12,富邦-竹東,2023-02-24,9625
1417,嘉裕,12,0,12,富邦-竹東,2023-02-24,9625
2603,長榮,26,15,11,富邦-竹東,2023-02-24,9625
3264,欣銓,10,0,10,富邦-竹東,2023-02-24,9625
6456,GIS-KY,10,0,10,富邦-竹東,2023-02-24,9625
4432,銘旺實,10,0,10,富邦-竹東,2023-02-24,9625
1709,和益,11,1,10,富邦-竹東,2023-02-24,9625
5488,松普,10,0,10,富邦-竹東,2023-02-24,9625
00676R,富邦臺灣加權反1,10,0,10,富邦-竹東,2023-02-24,9625
2812,台中銀,11,1,10,富邦-竹東,2023-02-24,9625
6531,愛普*,19,9,10,富邦-竹東,2023-02-24,9625
6128,上福,10,0,10,富邦-竹東,2023-02-24,9625
1737,臺鹽,10,0,10,富邦-竹東,2023-02-24,9625
4433,興采,10,0,10,富邦-竹東,2023-02-24,9625
8463,潤泰材,10,0,10,富邦-竹東,2023-02-24,9625
00878,國泰永續高股息,271,4,267,富邦-竹東,2023-03-01,9625
2885,元大金,209,0,209,富邦-竹東,2023-03-01,9625
1605,華新,112,5,107,富邦-竹東,2023-03-01,9625
1714,和桐,100,0,100,富邦-竹東,2023-03-01,9625
2002,中鋼,98,1,97,富邦-竹東,2023-03-01,9625
2409,友達,118,22,96,富邦-竹東,2023-03-01,9625
1101,台泥,96,8,88,富邦-竹東,2023-03-01,9625
3702,大聯大,62,0,62,富邦-竹東,2023-03-01,9625
2882,國泰金,60,3,57,富邦-竹東,2023-03-01,9625
5880,合庫金,56,0,56,富邦-竹東,2023-03-01,9625
2834,臺企銀,98,64,34,富邦-竹東,2023-03-01,9625
3058,立德,33,0,33,富邦-竹東,2023-03-01,9625
00720B,元大投資級公司債,32,0,32,富邦-竹東,2023-03-01,9625
00680L,元大美債20正2,35,5,30,富邦-竹東,2023-03-01,9625
2337,旺宏,32,3,29,富邦-竹東,2023-03-01,9625
6456,GIS-KY,23,0,23,富邦-竹東,2023-03-01,9625
4157,太景*-KY,23,0,23,富邦-竹東,2023-03-01,9625
2881,富邦金,22,0,22,富邦-竹東,2023-03-01,9625
00712,復華富時不動產,22,0,22,富邦-竹東,2023-03-01,9625
2412,中華電,23,1,22,富邦-竹東,2023-03-01,9625
4968,立積,22,1,21,富邦-竹東,2023-03-01,9625
1219,福壽,21,1,20,富邦-竹東,2023-03-01,9625
2392,正崴,20,0,20,富邦-竹東,2023-03-01,9625
4114,健喬,23,3,20,富邦-竹東,2023-03-01,9625
00706L,期元大S＆P日圓正2,20,0,20,富邦-竹東,2023-03-01,9625
3652,精聯,41,21,20,富邦-竹東,2023-03-01,9625
2344,華邦電,20,2,18,富邦-竹東,2023-03-01,9625
2883,凱基金,16,0,16,富邦-竹東,2023-03-01,9625
4736,泰博,16,0,16,富邦-竹東,2023-03-01,9625
6235,華孚,19,3,16,富邦-竹東,2023-03-01,9625
2892,第一金,17,1,16,富邦-竹東,2023-03-01,9625
2610,華航,26,10,16,富邦-竹東,2023-03-01,9625
2023,燁輝,14,0,14,富邦-竹東,2023-03-01,9625
3037,欣興,33,20,13,富邦-竹東,2023-03-01,9625
5009,榮剛,16,3,13,富邦-竹東,2023-03-01,9625
6269,台郡,12,0,12,富邦-竹東,2023-03-01,9625
8069,元太,14,2,12,富邦-竹東,2023-03-01,9625
6266,泰詠,13,1,12,富邦-竹東,2023-03-01,9625
00919,群益台灣精選高息,12,0,12,富邦-竹東,2023-03-01,9625
4938,和碩,20,8,12,富邦-竹東,2023-03-01,9625
6282,康舒,35,24,11,富邦-竹東,2023-03-01,9625
2915,潤泰全,11,0,11,富邦-竹東,2023-03-01,9625
00679B,元大美債20年,11,0,11,富邦-竹東,2023-03-01,9625
3169,亞信,13,2,11,富邦-竹東,2023-03-01,9625
3545,敦泰,22,11,11,富邦-竹東,2023-03-01,9625
2867,三商壽,10,0,10,富邦-竹東,2023-03-01,9625
9958,世紀鋼,10,0,10,富邦-竹東,2023-03-01,9625
4903,聯光通,10,0,10,富邦-竹東,2023-03-01,9625
2880,華南金,10,0,10,富邦-竹東,2023-03-01,9625
2548,華固,10,0,10,富邦-竹東,2023-03-01,9625
00676R,富邦臺灣加權反1,295,0,295,富邦-竹東,2023-03-02,9625
00878,國泰永續高股息,219,42,177,富邦-竹東,2023-03-02,9625
3481,群創,131,26,105,富邦-竹東,2023-03-02,9625
2542,興富發,87,0,87,富邦-竹東,2023-03-02,9625
2883,凱基金,54,0,54,富邦-竹東,2023-03-02,9625
3673,TPK-KY,50,0,50,富邦-竹東,2023-03-02,9625
00712,復華富時不動產,44,0,44,富邦-竹東,2023-03-02,9625
2498,宏達電,48,16,32,富邦-竹東,2023-03-02,9625
2409,友達,38,11,27,富邦-竹東,2023-03-02,9625
00655L,國泰中國A50正2,23,0,23,富邦-竹東,2023-03-02,9625
0056,元大高股息,24,1,23,富邦-竹東,2023-03-02,9625
3706,神達,22,0,22,富邦-竹東,2023-03-02,9625
00713,元大台灣高息低波,21,0,21,富邦-竹東,2023-03-02,9625
5512,力麒,26,5,21,富邦-竹東,2023-03-02,9625
3545,敦泰,22,2,20,富邦-竹東,2023-03-02,9625
8933,愛地雅,20,0,20,富邦-竹東,2023-03-02,9625
2388,威盛,28,8,20,富邦-竹東,2023-03-02,9625
00679B,元大美債20年,19,0,19,富邦-竹東,2023-03-02,9625
2352,佳世達,20,1,19,富邦-竹東,2023-03-02,9625
2201,裕隆,23,6,17,富邦-竹東,2023-03-02,9625
2606,裕民,28,12,16,富邦-竹東,2023-03-02,9625
5452,佶優,50,35,15,富邦-竹東,2023-03-02,9625
2613,中櫃,15,0,15,富邦-竹東,2023-03-02,9625
1605,華新,66,53,13,富邦-竹東,2023-03-02,9625
2892,第一金,13,0,13,富邦-竹東,2023-03-02,9625
3564,其陽,13,0,13,富邦-竹東,2023-03-02,9625
1219,福壽,13,0,13,富邦-竹東,2023-03-02,9625
3444,利機,13,0,13,富邦-竹東,2023-03-02,9625
8150,南茂,12,0,12,富邦-竹東,2023-03-02,9625
5880,合庫金,13,2,11,富邦-竹東,2023-03-02,9625
2886,兆豐金,12,1,11,富邦-竹東,2023-03-02,9625
2027,大成鋼,11,0,11,富邦-竹東,2023-03-02,9625
1752,南光,27,16,11,富邦-竹東,2023-03-02,9625
2615,萬海,21,10,11,富邦-竹東,2023-03-02,9625
2317,鴻海,13,3,10,富邦-竹東,2023-03-02,9625
1536,和大,10,0,10,富邦-竹東,2023-03-02,9625
2705,六福,10,0,10,富邦-竹東,2023-03-02,9625
6288,聯嘉,11,1,10,富邦-竹東,2023-03-02,9625
1304,台聚,10,0,10,富邦-竹東,2023-03-02,9625
2605,新興,13,3,10,富邦-竹東,2023-03-02,9625
6118,建達,10,0,10,富邦-竹東,2023-03-02,9625
1337,再生-KY,10,0,10,富邦-竹東,2023-03-02,9625
4207,環泰,10,0,10,富邦-竹東,2023-03-02,9625
6156,松上,10,0,10,富邦-竹東,2023-03-02,9625
4915,致伸,14,5,9,富邦-竹東,2023-03-02,9625
00795B,中信美國公債20年,9,0,9,富邦-竹東,2023-03-02,9625
2812,台中銀,10,1,9,富邦-竹東,2023-03-02,9625
3437,榮創,9,0,9,富邦-竹東,2023-03-02,9625
4952,凌通,9,0,9,富邦-竹東,2023-03-02,9625
1514,亞力,9,0,9,富邦-竹東,2023-03-02,9625
00632R,元大台灣50反1,225,20,205,富邦-竹東,2023-03-03,9625
00676R,富邦臺灣加權反1,200,0,200,富邦-竹東,2023-03-03,9625
2834,臺企銀,148,10,138,富邦-竹東,2023-03-03,9625
5608,四維航,126,12,114,富邦-竹東,2023-03-03,9625
2105,正新,101,0,101,富邦-竹東,2023-03-03,9625
2329,華泰,100,0,100,富邦-竹東,2023-03-03,9625
00882,中信中國高股息,80,12,68,富邦-竹東,2023-03-03,9625
3207,耀勝,74,6,68,富邦-竹東,2023-03-03,9625
3673,TPK-KY,62,0,62,富邦-竹東,2023-03-03,9625
00772B,中信高評級公司債,60,0,60,富邦-竹東,2023-03-03,9625
00669R,國泰美國道瓊反1,56,2,54,富邦-竹東,2023-03-03,9625
3141,晶宏,67,14,53,富邦-竹東,2023-03-03,9625
00671R,富邦NASDAQ反1,50,0,50,富邦-竹東,2023-03-03,9625
6276,安鈦克,44,0,44,富邦-竹東,2023-03-03,9625
1337,再生-KY,40,0,40,富邦-竹東,2023-03-03,9625
8050,廣積,37,6,31,富邦-竹東,2023-03-03,9625
3689,湧德,30,0,30,富邦-竹東,2023-03-03,9625
1314,中石化,30,0,30,富邦-竹東,2023-03-03,9625
1101,台泥,30,4,26,富邦-竹東,2023-03-03,9625
5483,中美晶,27,1,26,富邦-竹東,2023-03-03,9625
2498,宏達電,28,3,25,富邦-竹東,2023-03-03,9625
8936,國統,26,1,25,富邦-竹東,2023-03-03,9625
6605,帝寶,21,0,21,富邦-竹東,2023-03-03,9625
1605,華新,37,17,20,富邦-竹東,2023-03-03,9625
3682,亞太電,20,0,20,富邦-竹東,2023-03-03,9625
6417,韋僑,20,0,20,富邦-竹東,2023-03-03,9625
00720B,元大投資級公司債,17,0,17,富邦-竹東,2023-03-03,9625
00713,元大台灣高息低波,19,2,17,富邦-竹東,2023-03-03,9625
00679B,元大美債20年,19,3,16,富邦-竹東,2023-03-03,9625
00637L,元大滬深300正2,19,4,15,富邦-竹東,2023-03-03,9625
3707,漢磊,20,5,15,富邦-竹東,2023-03-03,9625
6579,研揚,15,0,15,富邦-竹東,2023-03-03,9625
3037,欣興,33,19,14,富邦-竹東,2023-03-03,9625
6129,普誠,17,4,13,富邦-竹東,2023-03-03,9625
6841,長佳智能,18,5,13,富邦-竹東,2023-03-03,9625
4167,松瑞藥,12,0,12,富邦-竹東,2023-03-03,9625
2221,大甲,12,0,12,富邦-竹東,2023-03-03,9625
6257,矽格,21,9,12,富邦-竹東,2023-03-03,9625
8255,朋程,11,0,11,富邦-竹東,2023-03-03,9625
2641,正德,20,9,11,富邦-竹東,2023-03-03,9625
6155,鈞寶,11,0,11,富邦-竹東,2023-03-03,9625
1795,美時,12,1,11,富邦-竹東,2023-03-03,9625
5203,訊連,10,0,10,富邦-竹東,2023-03-03,9625
6207,雷科,21,11,10,富邦-竹東,2023-03-03,9625
6235,華孚,37,27,10,富邦-竹東,2023-03-03,9625
8043,蜜望實,10,0,10,富邦-竹東,2023-03-03,9625
1219,福壽,17,7,10,富邦-竹東,2023-03-03,9625
00753L,中信中國50正2,11,1,10,富邦-竹東,2023-03-03,9625
2897,王道銀行,10,0,10,富邦-竹東,2023-03-03,9625
4157,太景*-KY,10,0,10,富邦-竹東,2023-03-03,9625
00676R,富邦臺灣加權反1,200,0,200,富邦-竹東,2023-03-06,9625
00673R,期元大S＆P原油反1,77,0,77,富邦-竹東,2023-03-06,9625
2303,聯電,140,67,73,富邦-竹東,2023-03-06,9625
1101,台泥,65,7,58,富邦-竹東,2023-03-06,9625
00900,富邦特選高股息30,66,8,58,富邦-竹東,2023-03-06,9625
2609,陽明,77,19,58,富邦-竹東,2023-03-06,9625
8222,寶一,63,6,57,富邦-竹東,2023-03-06,9625
00637L,元大滬深300正2,72,23,49,富邦-竹東,2023-03-06,9625
3346,麗清,49,3,46,富邦-竹東,2023-03-06,9625
3576,聯合再生,50,5,45,富邦-竹東,2023-03-06,9625
2495,普安,42,0,42,富邦-竹東,2023-03-06,9625
3673,TPK-KY,48,7,41,富邦-竹東,2023-03-06,9625
2545,皇翔,40,1,39,富邦-竹東,2023-03-06,9625
00671R,富邦NASDAQ反1,37,0,37,富邦-竹東,2023-03-06,9625
2409,友達,49,13,36,富邦-竹東,2023-03-06,9625
2884,玉山金,32,0,32,富邦-竹東,2023-03-06,9625
1584,精剛,44,12,32,富邦-竹東,2023-03-06,9625
00713,元大台灣高息低波,33,3,30,富邦-竹東,2023-03-06,9625
1605,華新,33,5,28,富邦-竹東,2023-03-06,9625
2834,臺企銀,37,10,27,富邦-竹東,2023-03-06,9625
0056,元大高股息,34,7,27,富邦-竹東,2023-03-06,9625
3706,神達,31,6,25,富邦-竹東,2023-03-06,9625
4915,致伸,25,3,22,富邦-竹東,2023-03-06,9625
3441,聯一光,28,7,21,富邦-竹東,2023-03-06,9625
4968,立積,21,0,21,富邦-竹東,2023-03-06,9625
2701,萬企,20,0,20,富邦-竹東,2023-03-06,9625
2484,希華,22,2,20,富邦-竹東,2023-03-06,9625
6015,宏遠證,20,0,20,富邦-竹東,2023-03-06,9625
8213,志超,20,0,20,富邦-竹東,2023-03-06,9625
1437,勤益控,18,0,18,富邦-竹東,2023-03-06,9625
8105,凌巨,20,2,18,富邦-竹東,2023-03-06,9625
6789,采鈺,21,3,18,富邦-竹東,2023-03-06,9625
2605,新興,20,4,16,富邦-竹東,2023-03-06,9625
00665L,富邦�琤肭磪囓�2,40,25,15,富邦-竹東,2023-03-06,9625
3682,亞太電,25,10,15,富邦-竹東,2023-03-06,9625
2344,華邦電,37,23,14,富邦-竹東,2023-03-06,9625
8033,雷虎,24,11,13,富邦-竹東,2023-03-06,9625
2891,中信金,13,0,13,富邦-竹東,2023-03-06,9625
1219,福壽,21,8,13,富邦-竹東,2023-03-06,9625
1752,南光,15,2,13,富邦-竹東,2023-03-06,9625
1503,士電,13,0,13,富邦-竹東,2023-03-06,9625
00885,富邦越南,13,0,13,富邦-竹東,2023-03-06,9625
6139,亞翔,12,0,12,富邦-竹東,2023-03-06,9625
2603,長榮,24,13,11,富邦-竹東,2023-03-06,9625
3163,波若威,11,0,11,富邦-竹東,2023-03-06,9625
6104,創惟,14,3,11,富邦-竹東,2023-03-06,9625
2851,中再保,11,0,11,富邦-竹東,2023-03-06,9625
3499,環天科,11,0,11,富邦-竹東,2023-03-06,9625
2388,威盛,20,9,11,富邦-竹東,2023-03-06,9625
8067,志旭,11,0,11,富邦-竹東,2023-03-06,9625
00632R,元大台灣50反1,638,9,629,富邦-竹東,2023-03-07,9625
2105,正新,65,0,65,富邦-竹東,2023-03-07,9625
8071,能率網通,60,0,60,富邦-竹東,2023-03-07,9625
00752,中信中國50,50,0,50,富邦-竹東,2023-03-07,9625
2427,三商電,50,0,50,富邦-竹東,2023-03-07,9625
00673R,期元大S＆P原油反1,49,0,49,富邦-竹東,2023-03-07,9625
00878,國泰永續高股息,71,26,45,富邦-竹東,2023-03-07,9625
3702,大聯大,41,6,35,富邦-竹東,2023-03-07,9625
2722,夏都,31,1,30,富邦-竹東,2023-03-07,9625
00655L,國泰中國A50正2,27,0,27,富邦-竹東,2023-03-07,9625
2891,中信金,26,2,24,富邦-竹東,2023-03-07,9625
3481,群創,35,13,22,富邦-竹東,2023-03-07,9625
8150,南茂,21,0,21,富邦-竹東,2023-03-07,9625
3624,光頡,21,1,20,富邦-竹東,2023-03-07,9625
2380,虹光,25,5,20,富邦-竹東,2023-03-07,9625
2867,三商壽,20,0,20,富邦-竹東,2023-03-07,9625
9907,統一實,23,3,20,富邦-竹東,2023-03-07,9625
2413,環科,20,0,20,富邦-竹東,2023-03-07,9625
4968,立積,22,2,20,富邦-竹東,2023-03-07,9625
4931,新盛力,21,1,20,富邦-竹東,2023-03-07,9625
6182,合晶,21,1,20,富邦-竹東,2023-03-07,9625
8234,新漢,20,0,20,富邦-竹東,2023-03-07,9625
2495,普安,20,0,20,富邦-竹東,2023-03-07,9625
0050,元大台灣50,21,1,20,富邦-竹東,2023-03-07,9625
5512,力麒,17,0,17,富邦-竹東,2023-03-07,9625
00897,富邦基因免疫生技,17,0,17,富邦-竹東,2023-03-07,9625
6282,康舒,37,21,16,富邦-竹東,2023-03-07,9625
4919,新唐,18,3,15,富邦-竹東,2023-03-07,9625
2337,旺宏,15,0,15,富邦-竹東,2023-03-07,9625
2352,佳世達,16,2,14,富邦-竹東,2023-03-07,9625
3169,亞信,15,1,14,富邦-竹東,2023-03-07,9625
6443,元晶,27,15,12,富邦-竹東,2023-03-07,9625
2884,玉山金,23,11,12,富邦-竹東,2023-03-07,9625
3019,亞光,21,10,11,富邦-竹東,2023-03-07,9625
3027,盛達,12,1,11,富邦-竹東,2023-03-07,9625
4157,太景*-KY,11,0,11,富邦-竹東,2023-03-07,9625
1101,台泥,12,1,11,富邦-竹東,2023-03-07,9625
3013,晟銘電,28,18,10,富邦-竹東,2023-03-07,9625
3058,立德,10,0,10,富邦-竹東,2023-03-07,9625
4952,凌通,10,0,10,富邦-竹東,2023-03-07,9625
2460,建通,10,0,10,富邦-竹東,2023-03-07,9625
3313,斐成,10,0,10,富邦-竹東,2023-03-07,9625
00669R,國泰美國道瓊反1,10,0,10,富邦-竹東,2023-03-07,9625
6113,亞矽,10,0,10,富邦-竹東,2023-03-07,9625
00712,復華富時不動產,10,0,10,富邦-竹東,2023-03-07,9625
8927,北基,10,0,10,富邦-竹東,2023-03-07,9625
6245,立端,11,1,10,富邦-竹東,2023-03-07,9625
6668,中揚光,11,1,10,富邦-竹東,2023-03-07,9625
1519,華城,14,4,10,富邦-竹東,2023-03-07,9625
4976,佳凌,33,24,9,富邦-竹東,2023-03-07,9625
00712,復華富時不動產,203,10,193,富邦-竹東,2023-03-08,9625
00752,中信中國50,152,0,152,富邦-竹東,2023-03-08,9625
00637L,元大滬深300正2,152,9,143,富邦-竹東,2023-03-08,9625
2880,華南金,105,0,105,富邦-竹東,2023-03-08,9625
6116,彩晶,93,1,92,富邦-竹東,2023-03-08,9625
2886,兆豐金,75,2,73,富邦-竹東,2023-03-08,9625
00923,群益台ESG低碳50,66,0,66,富邦-竹東,2023-03-08,9625
6558,興能高,54,2,52,富邦-竹東,2023-03-08,9625
2834,臺企銀,68,16,52,富邦-竹東,2023-03-08,9625
2317,鴻海,53,4,49,富邦-竹東,2023-03-08,9625
2609,陽明,51,12,39,富邦-竹東,2023-03-08,9625
8933,愛地雅,42,3,39,富邦-竹東,2023-03-08,9625
9907,統一實,39,4,35,富邦-竹東,2023-03-08,9625
3013,晟銘電,41,7,34,富邦-竹東,2023-03-08,9625
3380,明泰,35,5,30,富邦-竹東,2023-03-08,9625
2606,裕民,32,3,29,富邦-竹東,2023-03-08,9625
2634,漢翔,45,18,27,富邦-竹東,2023-03-08,9625
3006,晶豪科,29,3,26,富邦-竹東,2023-03-08,9625
3518,柏騰,26,0,26,富邦-竹東,2023-03-08,9625
1101,台泥,25,0,25,富邦-竹東,2023-03-08,9625
8033,雷虎,27,3,24,富邦-竹東,2023-03-08,9625
1762,中化生,31,9,22,富邦-竹東,2023-03-08,9625
00669R,國泰美國道瓊反1,21,0,21,富邦-竹東,2023-03-08,9625
1608,華榮,20,0,20,富邦-竹東,2023-03-08,9625
8213,志超,20,0,20,富邦-竹東,2023-03-08,9625
1721,三晃,20,0,20,富邦-竹東,2023-03-08,9625
5351,鈺創,27,7,20,富邦-竹東,2023-03-08,9625
6770,力積電,40,20,20,富邦-竹東,2023-03-08,9625
3673,TPK-KY,20,1,19,富邦-竹東,2023-03-08,9625
00878,國泰永續高股息,20,1,19,富邦-竹東,2023-03-08,9625
8111,立��,25,7,18,富邦-竹東,2023-03-08,9625
00919,群益台灣精選高息,16,0,16,富邦-竹東,2023-03-08,9625
8069,元太,17,2,15,富邦-竹東,2023-03-08,9625
6517,保勝光學,18,3,15,富邦-竹東,2023-03-08,9625
3481,群創,16,2,14,富邦-竹東,2023-03-08,9625
5432,新門,19,5,14,富邦-竹東,2023-03-08,9625
6290,良維,14,1,13,富邦-竹東,2023-03-08,9625
2603,長榮,19,6,13,富邦-竹東,2023-03-08,9625
1102,亞泥,12,0,12,富邦-竹東,2023-03-08,9625
6279,胡連,12,0,12,富邦-竹東,2023-03-08,9625
5227,立凱-KY,12,0,12,富邦-竹東,2023-03-08,9625
00706L,期元大S＆P日圓正2,12,0,12,富邦-竹東,2023-03-08,9625
8924,大田,13,1,12,富邦-竹東,2023-03-08,9625
2312,金寶,12,0,12,富邦-竹東,2023-03-08,9625
6138,茂達,13,1,12,富邦-竹東,2023-03-08,9625
3706,神達,11,0,11,富邦-竹東,2023-03-08,9625
3711,日月光投控,11,0,11,富邦-竹東,2023-03-08,9625
6417,韋僑,13,2,11,富邦-竹東,2023-03-08,9625
2754,亞洲藏壽司,11,0,11,富邦-竹東,2023-03-08,9625
00902,中信電池及儲能,11,1,10,富邦-竹東,2023-03-08,9625
1319,東陽,141,0,141,富邦-竹東,2023-03-09,9625
2834,臺企銀,99,0,99,富邦-竹東,2023-03-09,9625
8050,廣積,107,10,97,富邦-竹東,2023-03-09,9625
3481,群創,110,17,93,富邦-竹東,2023-03-09,9625
3207,耀勝,81,7,74,富邦-竹東,2023-03-09,9625
8933,愛地雅,70,0,70,富邦-竹東,2023-03-09,9625
1514,亞力,78,11,67,富邦-竹東,2023-03-09,9625
00637L,元大滬深300正2,62,10,52,富邦-竹東,2023-03-09,9625
3701,大眾控,55,4,51,富邦-竹東,2023-03-09,9625
00878,國泰永續高股息,52,2,50,富邦-竹東,2023-03-09,9625
3035,智原,82,36,46,富邦-竹東,2023-03-09,9625
3576,聯合再生,41,0,41,富邦-竹東,2023-03-09,9625
1605,華新,51,15,36,富邦-竹東,2023-03-09,9625
3362,先進光,47,17,30,富邦-竹東,2023-03-09,9625
1101,台泥,39,11,28,富邦-竹東,2023-03-09,9625
2221,大甲,30,2,28,富邦-竹東,2023-03-09,9625
00671R,富邦NASDAQ反1,28,0,28,富邦-竹東,2023-03-09,9625
6282,康舒,54,27,27,富邦-竹東,2023-03-09,9625
8222,寶一,34,8,26,富邦-竹東,2023-03-09,9625
3380,明泰,30,4,26,富邦-竹東,2023-03-09,9625
2891,中信金,25,0,25,富邦-竹東,2023-03-09,9625
2884,玉山金,27,3,24,富邦-竹東,2023-03-09,9625
00882,中信中國高股息,24,0,24,富邦-竹東,2023-03-09,9625
1584,精剛,36,13,23,富邦-竹東,2023-03-09,9625
3356,奇偶,36,13,23,富邦-竹東,2023-03-09,9625
3163,波若威,23,0,23,富邦-竹東,2023-03-09,9625
2890,永豐金,21,0,21,富邦-竹東,2023-03-09,9625
3706,神達,21,0,21,富邦-竹東,2023-03-09,9625
00679B,元大美債20年,21,0,21,富邦-竹東,2023-03-09,9625
2886,兆豐金,21,1,20,富邦-竹東,2023-03-09,9625
2002,中鋼,20,0,20,富邦-竹東,2023-03-09,9625
00648R,元大S＆P500反1,20,0,20,富邦-竹東,2023-03-09,9625
3169,亞信,20,0,20,富邦-竹東,2023-03-09,9625
3290,東浦,27,7,20,富邦-竹東,2023-03-09,9625
2489,瑞軒,19,1,18,富邦-竹東,2023-03-09,9625
3441,聯一光,18,1,17,富邦-竹東,2023-03-09,9625
6288,聯嘉,20,3,17,富邦-竹東,2023-03-09,9625
1701,中化,16,0,16,富邦-竹東,2023-03-09,9625
00636,國泰中國A50,16,0,16,富邦-竹東,2023-03-09,9625
6266,泰詠,17,1,16,富邦-竹東,2023-03-09,9625
0056,元大高股息,16,0,16,富邦-竹東,2023-03-09,9625
1432,大魯閣,15,0,15,富邦-竹東,2023-03-09,9625
00665L,富邦�琤肭磪囓�2,47,32,15,富邦-竹東,2023-03-09,9625
6290,良維,26,11,15,富邦-竹東,2023-03-09,9625
2337,旺宏,16,2,14,富邦-竹東,2023-03-09,9625
5608,四維航,14,0,14,富邦-竹東,2023-03-09,9625
3617,碩天,13,0,13,富邦-竹東,2023-03-09,9625
6443,元晶,14,1,13,富邦-竹東,2023-03-09,9625
00773B,中信優先金融債,13,0,13,富邦-竹東,2023-03-09,9625
3702,大聯大,15,2,13,富邦-竹東,2023-03-09,9625
00715L,期街口布蘭特正2,719,0,719,富邦-竹東,2023-03-10,9625
00878,國泰永續高股息,346,8,338,富邦-竹東,2023-03-10,9625
2609,陽明,337,173,164,富邦-竹東,2023-03-10,9625
2610,華航,199,72,127,富邦-竹東,2023-03-10,9625
1101,台泥,120,2,118,富邦-竹東,2023-03-10,9625
2834,臺企銀,109,16,93,富邦-竹東,2023-03-10,9625
2453,凌群,117,51,66,富邦-竹東,2023-03-10,9625
4130,健亞,66,3,63,富邦-竹東,2023-03-10,9625
2618,長榮航,60,7,53,富邦-竹東,2023-03-10,9625
2359,所羅門,50,1,49,富邦-竹東,2023-03-10,9625
00637L,元大滬深300正2,145,98,47,富邦-竹東,2023-03-10,9625
8050,廣積,48,3,45,富邦-竹東,2023-03-10,9625
00900,富邦特選高股息30,40,0,40,富邦-竹東,2023-03-10,9625
9960,邁達康,39,0,39,富邦-竹東,2023-03-10,9625
8069,元太,38,0,38,富邦-竹東,2023-03-10,9625
2929,淘帝-KY,32,0,32,富邦-竹東,2023-03-10,9625
2367,燿華,40,8,32,富邦-竹東,2023-03-10,9625
3093,港建*,34,3,31,富邦-竹東,2023-03-10,9625
2884,玉山金,30,0,30,富邦-竹東,2023-03-10,9625
2913,農林,29,0,29,富邦-竹東,2023-03-10,9625
3013,晟銘電,34,5,29,富邦-竹東,2023-03-10,9625
2883,凱基金,33,6,27,富邦-竹東,2023-03-10,9625
00712,復華富時不動產,27,0,27,富邦-竹東,2023-03-10,9625
5608,四維航,27,0,27,富邦-竹東,2023-03-10,9625
4142,國光生,31,6,25,富邦-竹東,2023-03-10,9625
3702,大聯大,25,0,25,富邦-竹東,2023-03-10,9625
1605,華新,38,14,24,富邦-竹東,2023-03-10,9625
3704,合勤控,25,1,24,富邦-竹東,2023-03-10,9625
3231,緯創,25,3,22,富邦-竹東,2023-03-10,9625
5258,虹堡,30,8,22,富邦-竹東,2023-03-10,9625
2881,富邦金,21,0,21,富邦-竹東,2023-03-10,9625
2498,宏達電,32,11,21,富邦-竹東,2023-03-10,9625
2344,華邦電,36,15,21,富邦-竹東,2023-03-10,9625
6245,立端,20,0,20,富邦-竹東,2023-03-10,9625
4104,佳醫,20,0,20,富邦-竹東,2023-03-10,9625
6122,擎邦,20,0,20,富邦-竹東,2023-03-10,9625
8933,愛地雅,20,0,20,富邦-竹東,2023-03-10,9625
3666,光耀,38,19,19,富邦-竹東,2023-03-10,9625
6517,保勝光學,25,6,19,富邦-竹東,2023-03-10,9625
2891,中信金,20,2,18,富邦-竹東,2023-03-10,9625
8112,至上,47,29,18,富邦-竹東,2023-03-10,9625
6129,普誠,18,0,18,富邦-竹東,2023-03-10,9625
2880,華南金,17,0,17,富邦-竹東,2023-03-10,9625
2444,兆勁,22,5,17,富邦-竹東,2023-03-10,9625
1514,亞力,18,1,17,富邦-竹東,2023-03-10,9625
0056,元大高股息,60,44,16,富邦-竹東,2023-03-10,9625
6015,宏遠證,16,1,15,富邦-竹東,2023-03-10,9625
00713,元大台灣高息低波,52,37,15,富邦-竹東,2023-03-10,9625
2409,友達,64,50,14,富邦-竹東,2023-03-10,9625
4961,天鈺,18,4,14,富邦-竹東,2023-03-10,9625
2349,錸德,100,0,100,富邦-竹東,2023-03-13,9625
00637L,元大滬深300正2,105,8,97,富邦-竹東,2023-03-13,9625
2409,友達,62,5,57,富邦-竹東,2023-03-13,9625
1569,濱川,59,9,50,富邦-竹東,2023-03-13,9625
3356,奇偶,50,0,50,富邦-竹東,2023-03-13,9625
2880,華南金,48,0,48,富邦-竹東,2023-03-13,9625
00878,國泰永續高股息,171,125,46,富邦-竹東,2023-03-13,9625
00669R,國泰美國道瓊反1,44,0,44,富邦-竹東,2023-03-13,9625
2809,京城銀,40,0,40,富邦-竹東,2023-03-13,9625
2457,飛宏,64,25,39,富邦-竹東,2023-03-13,9625
1319,東陽,42,5,37,富邦-竹東,2023-03-13,9625
2849,安泰銀,31,0,31,富邦-竹東,2023-03-13,9625
3058,立德,34,3,31,富邦-竹東,2023-03-13,9625
00751B,元大AAA至A公司債,30,0,30,富邦-竹東,2023-03-13,9625
00772B,中信高評級公司債,30,0,30,富邦-竹東,2023-03-13,9625
00679B,元大美債20年,36,8,28,富邦-竹東,2023-03-13,9625
2609,陽明,79,54,25,富邦-竹東,2023-03-13,9625
2812,台中銀,22,1,21,富邦-竹東,2023-03-13,9625
2883,凱基金,32,11,21,富邦-竹東,2023-03-13,9625
1504,東元,26,5,21,富邦-竹東,2023-03-13,9625
2482,連宇,38,17,21,富邦-竹東,2023-03-13,9625
3163,波若威,23,2,21,富邦-竹東,2023-03-13,9625
8234,新漢,20,0,20,富邦-竹東,2023-03-13,9625
00676R,富邦臺灣加權反1,20,0,20,富邦-竹東,2023-03-13,9625
6116,彩晶,33,13,20,富邦-竹東,2023-03-13,9625
1909,榮成,20,0,20,富邦-竹東,2023-03-13,9625
3701,大眾控,18,1,17,富邦-竹東,2023-03-13,9625
2303,聯電,29,14,15,富邦-竹東,2023-03-13,9625
3128,昇銳,14,0,14,富邦-竹東,2023-03-13,9625
3234,光環,14,0,14,富邦-竹東,2023-03-13,9625
2388,威盛,42,29,13,富邦-竹東,2023-03-13,9625
2337,旺宏,13,0,13,富邦-竹東,2023-03-13,9625
00712,復華富時不動產,13,0,13,富邦-竹東,2023-03-13,9625
3710,連展投控,12,0,12,富邦-竹東,2023-03-13,9625
3046,建��,40,29,11,富邦-竹東,2023-03-13,9625
2312,金寶,16,5,11,富邦-竹東,2023-03-13,9625
2537,聯上發,11,0,11,富邦-竹東,2023-03-13,9625
5371,中光電,11,0,11,富邦-竹東,2023-03-13,9625
1802,台玻,21,10,11,富邦-竹東,2023-03-13,9625
6129,普誠,13,2,11,富邦-竹東,2023-03-13,9625
3033,威健,10,0,10,富邦-竹東,2023-03-13,9625
2413,環科,25,15,10,富邦-竹東,2023-03-13,9625
2468,華經,10,0,10,富邦-竹東,2023-03-13,9625
2358,廷鑫,10,0,10,富邦-竹東,2023-03-13,9625
6196,帆宣,10,0,10,富邦-竹東,2023-03-13,9625
3015,全漢,10,0,10,富邦-竹東,2023-03-13,9625
8163,達方,10,0,10,富邦-竹東,2023-03-13,9625
3362,先進光,10,0,10,富邦-竹東,2023-03-13,9625
2380,虹光,9,0,9,富邦-竹東,2023-03-13,9625
3372,典範,9,0,9,富邦-竹東,2023-03-13,9625
00878,國泰永續高股息,342,7,335,富邦-竹東,2023-03-14,9625
3481,群創,264,6,258,富邦-竹東,2023-03-14,9625
00637L,元大滬深300正2,183,21,162,富邦-竹東,2023-03-14,9625
00642U,期元大S＆P石油,124,0,124,富邦-竹東,2023-03-14,9625
00713,元大台灣高息低波,88,6,82,富邦-竹東,2023-03-14,9625
2618,長榮航,64,5,59,富邦-竹東,2023-03-14,9625
00715L,期街口布蘭特正2,44,0,44,富邦-竹東,2023-03-14,9625
2409,友達,40,0,40,富邦-竹東,2023-03-14,9625
2610,華航,59,19,40,富邦-竹東,2023-03-14,9625
1210,大成,34,1,33,富邦-竹東,2023-03-14,9625
2609,陽明,75,43,32,富邦-竹東,2023-03-14,9625
5880,合庫金,32,1,31,富邦-竹東,2023-03-14,9625
2892,第一金,33,3,30,富邦-竹東,2023-03-14,9625
2880,華南金,30,3,27,富邦-竹東,2023-03-14,9625
2884,玉山金,30,4,26,富邦-竹東,2023-03-14,9625
1519,華城,32,9,23,富邦-竹東,2023-03-14,9625
4726,永昕,23,0,23,富邦-竹東,2023-03-14,9625
3702,大聯大,20,0,20,富邦-竹東,2023-03-14,9625
4157,太景*-KY,20,0,20,富邦-竹東,2023-03-14,9625
9907,統一實,20,0,20,富邦-竹東,2023-03-14,9625
2881,富邦金,19,0,19,富邦-竹東,2023-03-14,9625
00923,群益台ESG低碳50,19,0,19,富邦-竹東,2023-03-14,9625
2337,旺宏,21,2,19,富邦-竹東,2023-03-14,9625
2891,中信金,19,1,18,富邦-竹東,2023-03-14,9625
00893,國泰智能電動車,25,7,18,富邦-竹東,2023-03-14,9625
2867,三商壽,17,0,17,富邦-竹東,2023-03-14,9625
00882,中信中國高股息,16,0,16,富邦-竹東,2023-03-14,9625
00902,中信電池及儲能,15,0,15,富邦-竹東,2023-03-14,9625
8222,寶一,15,0,15,富邦-竹東,2023-03-14,9625
2889,國票金,20,5,15,富邦-竹東,2023-03-14,9625
2330,台積電,17,2,15,富邦-竹東,2023-03-14,9625
3093,港建*,22,8,14,富邦-竹東,2023-03-14,9625
2404,漢唐,14,0,14,富邦-竹東,2023-03-14,9625
3162,精確,28,14,14,富邦-竹東,2023-03-14,9625
2027,大成鋼,38,24,14,富邦-竹東,2023-03-14,9625
1605,華新,17,4,13,富邦-竹東,2023-03-14,9625
2211,長榮鋼,13,0,13,富邦-竹東,2023-03-14,9625
2380,虹光,13,0,13,富邦-竹東,2023-03-14,9625
3163,波若威,13,0,13,富邦-竹東,2023-03-14,9625
1316,上曜,13,0,13,富邦-竹東,2023-03-14,9625
3356,奇偶,12,0,12,富邦-竹東,2023-03-14,9625
9945,潤泰新,11,0,11,富邦-竹東,2023-03-14,9625
4114,健喬,12,1,11,富邦-竹東,2023-03-14,9625
2515,中工,12,1,11,富邦-竹東,2023-03-14,9625
2809,京城銀,11,0,11,富邦-竹東,2023-03-14,9625
6245,立端,15,4,11,富邦-竹東,2023-03-14,9625
4979,華星光,10,0,10,富邦-竹東,2023-03-14,9625
2607,榮運,12,2,10,富邦-竹東,2023-03-14,9625
5371,中光電,13,3,10,富邦-竹東,2023-03-14,9625
6180,橘子,11,1,10,富邦-竹東,2023-03-14,9625
00715L,期街口布蘭特正2,186,0,186,富邦-竹東,2023-03-15,9625
2618,長榮航,187,15,172,富邦-竹東,2023-03-15,9625
00878,國泰永續高股息,158,21,137,富邦-竹東,2023-03-15,9625
00669R,國泰美國道瓊反1,122,20,102,富邦-竹東,2023-03-15,9625
2609,陽明,122,36,86,富邦-竹東,2023-03-15,9625
2615,萬海,75,15,60,富邦-竹東,2023-03-15,9625
2409,友達,62,3,59,富邦-竹東,2023-03-15,9625
2603,長榮,88,32,56,富邦-竹東,2023-03-15,9625
2380,虹光,55,0,55,富邦-竹東,2023-03-15,9625
00751B,元大AAA至A公司債,54,0,54,富邦-竹東,2023-03-15,9625
2891,中信金,51,0,51,富邦-竹東,2023-03-15,9625
00679B,元大美債20年,50,0,50,富邦-竹東,2023-03-15,9625
5880,合庫金,46,1,45,富邦-竹東,2023-03-15,9625
2888,新光金,42,1,41,富邦-竹東,2023-03-15,9625
00713,元大台灣高息低波,37,0,37,富邦-竹東,2023-03-15,9625
6235,華孚,47,15,32,富邦-竹東,2023-03-15,9625
8936,國統,34,4,30,富邦-竹東,2023-03-15,9625
2880,華南金,30,0,30,富邦-竹東,2023-03-15,9625
1210,大成,30,0,30,富邦-竹東,2023-03-15,9625
2344,華邦電,36,6,30,富邦-竹東,2023-03-15,9625
2313,華通,28,2,26,富邦-竹東,2023-03-15,9625
2887,台新金,26,0,26,富邦-竹東,2023-03-15,9625
00642U,期元大S＆P石油,25,0,25,富邦-竹東,2023-03-15,9625
3207,耀勝,29,4,25,富邦-竹東,2023-03-15,9625
4938,和碩,26,3,23,富邦-竹東,2023-03-15,9625
2889,國票金,28,5,23,富邦-竹東,2023-03-15,9625
3162,精確,46,24,22,富邦-竹東,2023-03-15,9625
6598,ABC-KY,20,0,20,富邦-竹東,2023-03-15,9625
6129,普誠,25,5,20,富邦-竹東,2023-03-15,9625
00632R,元大台灣50反1,29,10,19,富邦-竹東,2023-03-15,9625
4726,永昕,21,3,18,富邦-竹東,2023-03-15,9625
8176,智捷,16,0,16,富邦-竹東,2023-03-15,9625
2637,慧洋-KY,17,2,15,富邦-竹東,2023-03-15,9625
2515,中工,19,5,14,富邦-竹東,2023-03-15,9625
1712,興農,15,2,13,富邦-竹東,2023-03-15,9625
2915,潤泰全,17,4,13,富邦-竹東,2023-03-15,9625
2892,第一金,13,0,13,富邦-竹東,2023-03-15,9625
2834,臺企銀,13,0,13,富邦-竹東,2023-03-15,9625
2027,大成鋼,19,7,12,富邦-竹東,2023-03-15,9625
2607,榮運,12,0,12,富邦-竹東,2023-03-15,9625
2801,彰銀,12,0,12,富邦-竹東,2023-03-15,9625
3231,緯創,21,9,12,富邦-竹東,2023-03-15,9625
2884,玉山金,11,0,11,富邦-竹東,2023-03-15,9625
5608,四維航,11,0,11,富邦-竹東,2023-03-15,9625
00882,中信中國高股息,11,0,11,富邦-竹東,2023-03-15,9625
6550,北極星藥業-KY,12,1,11,富邦-竹東,2023-03-15,9625
2468,華經,11,0,11,富邦-竹東,2023-03-15,9625
1802,台玻,10,0,10,富邦-竹東,2023-03-15,9625
1313,聯成,10,0,10,富邦-竹東,2023-03-15,9625
2736,富野,10,0,10,富邦-竹東,2023-03-15,9625
00715L,期街口布蘭特正2,749,20,729,富邦-竹東,2023-03-16,9625
00642U,期元大S＆P石油,213,18,195,富邦-竹東,2023-03-16,9625
2834,臺企銀,266,75,191,富邦-竹東,2023-03-16,9625
9945,潤泰新,202,45,157,富邦-竹東,2023-03-16,9625
00878,國泰永續高股息,175,23,152,富邦-竹東,2023-03-16,9625
2845,遠東銀,140,0,140,富邦-竹東,2023-03-16,9625
2380,虹光,76,0,76,富邦-竹東,2023-03-16,9625
2609,陽明,92,31,61,富邦-竹東,2023-03-16,9625
2884,玉山金,62,7,55,富邦-竹東,2023-03-16,9625
3056,富華新,65,14,51,富邦-竹東,2023-03-16,9625
2618,長榮航,166,116,50,富邦-竹東,2023-03-16,9625
2425,承啟,43,0,43,富邦-竹東,2023-03-16,9625
3027,盛達,62,21,41,富邦-竹東,2023-03-16,9625
8050,廣積,37,0,37,富邦-竹東,2023-03-16,9625
6116,彩晶,35,1,34,富邦-竹東,2023-03-16,9625
2891,中信金,35,3,32,富邦-竹東,2023-03-16,9625
2504,國產,30,0,30,富邦-竹東,2023-03-16,9625
2880,華南金,37,10,27,富邦-竹東,2023-03-16,9625
0056,元大高股息,29,3,26,富邦-竹東,2023-03-16,9625
2881,富邦金,26,0,26,富邦-竹東,2023-03-16,9625
2882,國泰金,36,13,23,富邦-竹東,2023-03-16,9625
2305,全友,23,0,23,富邦-竹東,2023-03-16,9625
9907,統一實,23,0,23,富邦-竹東,2023-03-16,9625
3236,千如,22,0,22,富邦-竹東,2023-03-16,9625
6129,普誠,21,0,21,富邦-竹東,2023-03-16,9625
4726,永昕,21,0,21,富邦-竹東,2023-03-16,9625
1539,巨庭,20,0,20,富邦-竹東,2023-03-16,9625
00720B,元大投資級公司債,19,0,19,富邦-竹東,2023-03-16,9625
1584,精剛,27,9,18,富邦-竹東,2023-03-16,9625
6456,GIS-KY,18,0,18,富邦-竹東,2023-03-16,9625
2610,華航,20,3,17,富邦-竹東,2023-03-16,9625
2838,聯邦銀,17,0,17,富邦-竹東,2023-03-16,9625
6550,北極星藥業-KY,16,0,16,富邦-竹東,2023-03-16,9625
1605,華新,19,3,16,富邦-竹東,2023-03-16,9625
2312,金寶,17,2,15,富邦-竹東,2023-03-16,9625
3207,耀勝,18,4,14,富邦-竹東,2023-03-16,9625
4979,華星光,16,2,14,富邦-竹東,2023-03-16,9625
2323,中環,14,0,14,富邦-竹東,2023-03-16,9625
2605,新興,18,5,13,富邦-竹東,2023-03-16,9625
6269,台郡,13,0,13,富邦-竹東,2023-03-16,9625
5880,合庫金,23,10,13,富邦-竹東,2023-03-16,9625
00712,復華富時不動產,12,0,12,富邦-竹東,2023-03-16,9625
2851,中再保,12,0,12,富邦-竹東,2023-03-16,9625
3703,欣陸,12,0,12,富邦-竹東,2023-03-16,9625
2393,億光,12,0,12,富邦-竹東,2023-03-16,9625
2736,富野,12,0,12,富邦-竹東,2023-03-16,9625
5009,榮剛,12,0,12,富邦-竹東,2023-03-16,9625
6235,華孚,26,15,11,富邦-竹東,2023-03-16,9625
4942,嘉彰,11,0,11,富邦-竹東,2023-03-16,9625
2890,永豐金,11,0,11,富邦-竹東,2023-03-16,9625
00642U,期元大S＆P石油,101,0,101,富邦-竹東,2023-03-17,9625
00878,國泰永續高股息,110,16,94,富邦-竹東,2023-03-17,9625
00715L,期街口布蘭特正2,89,1,88,富邦-竹東,2023-03-17,9625
00632R,元大台灣50反1,72,0,72,富邦-竹東,2023-03-17,9625
2888,新光金,69,1,68,富邦-竹東,2023-03-17,9625
6531,愛普*,63,6,57,富邦-竹東,2023-03-17,9625
2201,裕隆,53,3,50,富邦-竹東,2023-03-17,9625
6449,鈺邦,40,0,40,富邦-竹東,2023-03-17,9625
2344,華邦電,44,5,39,富邦-竹東,2023-03-17,9625
2891,中信金,33,0,33,富邦-竹東,2023-03-17,9625
8033,雷虎,35,3,32,富邦-竹東,2023-03-17,9625
1904,正隆,24,0,24,富邦-竹東,2023-03-17,9625
2883,凱基金,26,3,23,富邦-竹東,2023-03-17,9625
3289,宜特,23,0,23,富邦-竹東,2023-03-17,9625
2886,兆豐金,23,0,23,富邦-竹東,2023-03-17,9625
6235,華孚,43,22,21,富邦-竹東,2023-03-17,9625
00882,中信中國高股息,20,0,20,富邦-竹東,2023-03-17,9625
2317,鴻海,33,13,20,富邦-竹東,2023-03-17,9625
00712,復華富時不動產,17,0,17,富邦-竹東,2023-03-17,9625
00720B,元大投資級公司債,17,0,17,富邦-竹東,2023-03-17,9625
2881,富邦金,17,0,17,富邦-竹東,2023-03-17,9625
2892,第一金,15,0,15,富邦-竹東,2023-03-17,9625
2413,環科,15,0,15,富邦-竹東,2023-03-17,9625
2812,台中銀,15,0,15,富邦-竹東,2023-03-17,9625
5880,合庫金,14,0,14,富邦-竹東,2023-03-17,9625
6122,擎邦,19,5,14,富邦-竹東,2023-03-17,9625
3264,欣銓,14,1,13,富邦-竹東,2023-03-17,9625
2880,華南金,15,1,14,富邦-竹東,2023-03-17,9625
2645,長榮航太,13,0,13,富邦-竹東,2023-03-17,9625
2605,新興,20,7,13,富邦-竹東,2023-03-17,9625
1560,中砂,13,0,13,富邦-竹東,2023-03-17,9625
00680L,元大美債20正2,12,0,12,富邦-竹東,2023-03-17,9625
3006,晶豪科,11,0,11,富邦-竹東,2023-03-17,9625
4726,永昕,11,0,11,富邦-竹東,2023-03-17,9625
5452,佶優,11,0,11,富邦-竹東,2023-03-17,9625
8933,愛地雅,11,0,11,富邦-竹東,2023-03-17,9625
2601,益航,11,0,11,富邦-竹東,2023-03-17,9625
1101,台泥,12,1,11,富邦-竹東,2023-03-17,9625
00683L,期元大美元指正2,10,0,10,富邦-竹東,2023-03-17,9625
3209,全科,10,0,10,富邦-竹東,2023-03-17,9625
2515,中工,10,0,10,富邦-竹東,2023-03-17,9625
1524,耿鼎,37,27,10,富邦-竹東,2023-03-17,9625
5515,建國,10,0,10,富邦-竹東,2023-03-17,9625
6598,ABC-KY,10,0,10,富邦-竹東,2023-03-17,9625
2468,華經,10,0,10,富邦-竹東,2023-03-17,9625
1314,中石化,10,0,10,富邦-竹東,2023-03-17,9625
6284,佳邦,10,0,10,富邦-竹東,2023-03-17,9625
9904,寶成,9,0,9,富邦-竹東,2023-03-17,9625
2388,威盛,16,7,9,富邦-竹東,2023-03-17,9625
3035,智原,28,19,9,富邦-竹東,2023-03-17,9625
00878,國泰永續高股息,186,7,179,富邦-竹東,2023-03-20,9625
9945,潤泰新,170,4,166,富邦-竹東,2023-03-20,9625
2834,臺企銀,180,32,148,富邦-竹東,2023-03-20,9625
00715L,期街口布蘭特正2,77,0,77,富邦-竹東,2023-03-20,9625
6443,元晶,111,40,71,富邦-竹東,2023-03-20,9625
2890,永豐金,70,1,69,富邦-竹東,2023-03-20,9625
6244,茂迪,100,37,63,富邦-竹東,2023-03-20,9625
5512,力麒,56,0,56,富邦-竹東,2023-03-20,9625
3231,緯創,70,18,52,富邦-竹東,2023-03-20,9625
00669R,國泰美國道瓊反1,50,0,50,富邦-竹東,2023-03-20,9625
3576,聯合再生,59,10,49,富邦-竹東,2023-03-20,9625
00751B,元大AAA至A公司債,43,0,43,富邦-竹東,2023-03-20,9625
3481,群創,48,6,42,富邦-竹東,2023-03-20,9625
2312,金寶,40,1,39,富邦-竹東,2023-03-20,9625
8936,國統,79,40,39,富邦-竹東,2023-03-20,9625
00642U,期元大S＆P石油,37,0,37,富邦-竹東,2023-03-20,9625
6163,華電網,35,3,32,富邦-竹東,2023-03-20,9625
5515,建國,31,0,31,富邦-竹東,2023-03-20,9625
3035,智原,41,13,28,富邦-竹東,2023-03-20,9625
00902,中信電池及儲能,27,0,27,富邦-竹東,2023-03-20,9625
8222,寶一,30,5,25,富邦-竹東,2023-03-20,9625
2885,元大金,23,0,23,富邦-竹東,2023-03-20,9625
3038,全台,24,1,23,富邦-竹東,2023-03-20,9625
00679B,元大美債20年,22,0,22,富邦-竹東,2023-03-20,9625
1434,福懋,20,0,20,富邦-竹東,2023-03-20,9625
2705,六福,20,0,20,富邦-竹東,2023-03-20,9625
4726,永昕,20,0,20,富邦-竹東,2023-03-20,9625
3402,漢科,20,0,20,富邦-竹東,2023-03-20,9625
3545,敦泰,32,13,19,富邦-竹東,2023-03-20,9625
2881,富邦金,18,0,18,富邦-竹東,2023-03-20,9625
2880,華南金,18,0,18,富邦-竹東,2023-03-20,9625
2615,萬海,22,4,18,富邦-竹東,2023-03-20,9625
2603,長榮,26,8,18,富邦-竹東,2023-03-20,9625
8926,台汽電,21,5,16,富邦-竹東,2023-03-20,9625
00720B,元大投資級公司債,48,32,16,富邦-竹東,2023-03-20,9625
2301,光寶科,16,1,15,富邦-竹東,2023-03-20,9625
00637L,元大滬深300正2,88,73,15,富邦-竹東,2023-03-20,9625
8069,元太,23,9,14,富邦-竹東,2023-03-20,9625
6243,迅杰,14,0,14,富邦-竹東,2023-03-20,9625
2481,強茂,28,14,14,富邦-竹東,2023-03-20,9625
2887,台新金,13,0,13,富邦-竹東,2023-03-20,9625
00674R,期元大S＆P黃金反1,12,0,12,富邦-竹東,2023-03-20,9625
2327,國巨,11,0,11,富邦-竹東,2023-03-20,9625
2605,新興,12,1,11,富邦-竹東,2023-03-20,9625
2402,毅嘉,13,2,11,富邦-竹東,2023-03-20,9625
2009,第一銅,13,2,11,富邦-竹東,2023-03-20,9625
8112,至上,11,0,11,富邦-竹東,2023-03-20,9625
8067,志旭,11,0,11,富邦-竹東,2023-03-20,9625
6118,建達,11,0,11,富邦-竹東,2023-03-20,9625
3045,台灣大,10,0,10,富邦-竹東,2023-03-20,9625
00679B,元大美債20年,115,2,113,富邦-竹東,2023-03-21,9625
2884,玉山金,103,4,99,富邦-竹東,2023-03-21,9625
2834,臺企銀,239,167,72,富邦-竹東,2023-03-21,9625
2888,新光金,71,2,69,富邦-竹東,2023-03-21,9625
1524,耿鼎,64,22,42,富邦-竹東,2023-03-21,9625
6531,愛普*,50,11,39,富邦-竹東,2023-03-21,9625
1109,信大,33,0,33,富邦-竹東,2023-03-21,9625
3265,台星科,33,0,33,富邦-竹東,2023-03-21,9625
5465,富驊,32,0,32,富邦-竹東,2023-03-21,9625
6116,彩晶,39,8,31,富邦-竹東,2023-03-21,9625
00882,中信中國高股息,30,0,30,富邦-竹東,2023-03-21,9625
2897,王道銀行,30,0,30,富邦-竹東,2023-03-21,9625
3380,明泰,31,1,30,富邦-竹東,2023-03-21,9625
2610,華航,29,0,29,富邦-竹東,2023-03-21,9625
2027,大成鋼,28,0,28,富邦-竹東,2023-03-21,9625
3056,富華新,28,0,28,富邦-竹東,2023-03-21,9625
3434,哲固,31,5,26,富邦-竹東,2023-03-21,9625
3707,漢磊,25,0,25,富邦-竹東,2023-03-21,9625
3545,敦泰,31,9,22,富邦-竹東,2023-03-21,9625
00878,國泰永續高股息,24,2,22,富邦-竹東,2023-03-21,9625
9945,潤泰新,26,5,21,富邦-竹東,2023-03-21,9625
2380,虹光,22,1,21,富邦-竹東,2023-03-21,9625
2881,富邦金,21,0,21,富邦-竹東,2023-03-21,9625
6245,立端,20,0,20,富邦-竹東,2023-03-21,9625
5371,中光電,27,8,19,富邦-竹東,2023-03-21,9625
6148,驊宏資,22,5,17,富邦-竹東,2023-03-21,9625
2609,陽明,32,16,16,富邦-竹東,2023-03-21,9625
6244,茂迪,73,57,16,富邦-竹東,2023-03-21,9625
2603,長榮,23,8,15,富邦-竹東,2023-03-21,9625
2399,映泰,17,2,15,富邦-竹東,2023-03-21,9625
00715L,期街口布蘭特正2,16,3,13,富邦-竹東,2023-03-21,9625
2882,國泰金,37,24,13,富邦-竹東,2023-03-21,9625
6191,精成科,16,4,12,富邦-竹東,2023-03-21,9625
3013,晟銘電,25,14,11,富邦-竹東,2023-03-21,9625
1802,台玻,11,0,11,富邦-竹東,2023-03-21,9625
2485,兆赫,12,1,11,富邦-竹東,2023-03-21,9625
0056,元大高股息,11,0,11,富邦-竹東,2023-03-21,9625
2484,希華,10,0,10,富邦-竹東,2023-03-21,9625
3704,合勤控,10,0,10,富邦-竹東,2023-03-21,9625
2641,正德,12,2,10,富邦-竹東,2023-03-21,9625
4726,永昕,11,1,10,富邦-竹東,2023-03-21,9625
2387,精元,11,2,9,富邦-竹東,2023-03-21,9625
1708,東鹼,9,0,9,富邦-竹東,2023-03-21,9625
6274,台燿,11,2,9,富邦-竹東,2023-03-21,9625
6719,力智,10,1,9,富邦-竹東,2023-03-21,9625
2486,一詮,8,0,8,富邦-竹東,2023-03-21,9625
6121,新普,8,0,8,富邦-竹東,2023-03-21,9625
00885,富邦越南,8,0,8,富邦-竹東,2023-03-21,9625
00637L,元大滬深300正2,25,17,8,富邦-竹東,2023-03-21,9625
6533,晶心科,11,3,8,富邦-竹東,2023-03-21,9625
00632R,元大台灣50反1,1767,0,1767,富邦-竹東,2023-03-22,9625
0056,元大高股息,148,13,135,富邦-竹東,2023-03-22,9625
00772B,中信高評級公司債,85,0,85,富邦-竹東,2023-03-22,9625
00878,國泰永續高股息,119,46,73,富邦-竹東,2023-03-22,9625
2891,中信金,70,4,66,富邦-竹東,2023-03-22,9625
00665L,富邦�琤肭磪囓�2,60,0,60,富邦-竹東,2023-03-22,9625
2353,宏��,60,6,54,富邦-竹東,2023-03-22,9625
6443,元晶,60,8,52,富邦-竹東,2023-03-22,9625
2890,永豐金,50,2,48,富邦-竹東,2023-03-22,9625
2883,凱基金,46,1,45,富邦-竹東,2023-03-22,9625
2427,三商電,37,1,36,富邦-竹東,2023-03-22,9625
3691,碩禾,35,0,35,富邦-竹東,2023-03-22,9625
00679B,元大美債20年,34,0,34,富邦-竹東,2023-03-22,9625
8936,國統,34,0,34,富邦-竹東,2023-03-22,9625
3434,哲固,35,1,34,富邦-竹東,2023-03-22,9625
4157,太景*-KY,30,0,30,富邦-竹東,2023-03-22,9625
6756,威鋒電子,31,3,28,富邦-竹東,2023-03-22,9625
3481,群創,40,14,26,富邦-竹東,2023-03-22,9625
2605,新興,33,10,23,富邦-竹東,2023-03-22,9625
6533,晶心科,22,0,22,富邦-竹東,2023-03-22,9625
2457,飛宏,37,17,20,富邦-竹東,2023-03-22,9625
6163,華電網,20,0,20,富邦-竹東,2023-03-22,9625
4953,緯軟,20,0,20,富邦-竹東,2023-03-22,9625
00680L,元大美債20正2,20,0,20,富邦-竹東,2023-03-22,9625
1611,中電,19,0,19,富邦-竹東,2023-03-22,9625
1529,樂事綠能,41,23,18,富邦-竹東,2023-03-22,9625
1316,上曜,17,0,17,富邦-竹東,2023-03-22,9625
8358,金居,20,3,17,富邦-竹東,2023-03-22,9625
4726,永昕,19,2,17,富邦-竹東,2023-03-22,9625
2421,建準,20,4,16,富邦-竹東,2023-03-22,9625
2436,偉詮電,15,0,15,富邦-竹東,2023-03-22,9625
3058,立德,35,20,15,富邦-竹東,2023-03-22,9625
3056,富華新,15,1,14,富邦-竹東,2023-03-22,9625
6191,精成科,14,0,14,富邦-竹東,2023-03-22,9625
6139,亞翔,15,1,14,富邦-竹東,2023-03-22,9625
6120,達運,18,5,13,富邦-竹東,2023-03-22,9625
2380,虹光,15,2,13,富邦-竹東,2023-03-22,9625
1514,亞力,15,2,13,富邦-竹東,2023-03-22,9625
8071,能率網通,13,0,13,富邦-竹東,2023-03-22,9625
6235,華孚,23,10,13,富邦-竹東,2023-03-22,9625
00713,元大台灣高息低波,13,1,12,富邦-竹東,2023-03-22,9625
3545,敦泰,13,1,12,富邦-竹東,2023-03-22,9625
3014,聯陽,12,0,12,富邦-竹東,2023-03-22,9625
8926,台汽電,12,0,12,富邦-竹東,2023-03-22,9625
1519,華城,12,1,11,富邦-竹東,2023-03-22,9625
3122,笙泉,11,0,11,富邦-竹東,2023-03-22,9625
1402,遠東新,11,0,11,富邦-竹東,2023-03-22,9625
4306,炎洲,11,0,11,富邦-竹東,2023-03-22,9625
6266,泰詠,26,15,11,富邦-竹東,2023-03-22,9625
6625,必應,11,0,11,富邦-竹東,2023-03-22,9625
00632R,元大台灣50反1,840,20,820,富邦-竹東,2023-03-23,9625
3481,群創,186,6,180,富邦-竹東,2023-03-23,9625
1109,信大,86,0,86,富邦-竹東,2023-03-23,9625
2353,宏��,71,3,68,富邦-竹東,2023-03-23,9625
6163,華電網,51,3,48,富邦-竹東,2023-03-23,9625
2402,毅嘉,91,44,47,富邦-竹東,2023-03-23,9625
00751B,元大AAA至A公司債,31,0,31,富邦-竹東,2023-03-23,9625
2482,連宇,48,17,31,富邦-竹東,2023-03-23,9625
2504,國產,30,0,30,富邦-竹東,2023-03-23,9625
00772B,中信高評級公司債,30,0,30,富邦-竹東,2023-03-23,9625
3715,定穎投控,31,2,29,富邦-竹東,2023-03-23,9625
2641,正德,27,0,27,富邦-竹東,2023-03-23,9625
00720B,元大投資級公司債,25,0,25,富邦-竹東,2023-03-23,9625
2427,三商電,51,26,25,富邦-竹東,2023-03-23,9625
3027,盛達,30,5,25,富邦-竹東,2023-03-23,9625
4157,太景*-KY,23,1,22,富邦-竹東,2023-03-23,9625
3652,精聯,37,15,22,富邦-竹東,2023-03-23,9625
2605,新興,24,3,21,富邦-竹東,2023-03-23,9625
6715,嘉基,23,2,21,富邦-竹東,2023-03-23,9625
2888,新光金,31,10,21,富邦-竹東,2023-03-23,9625
3265,台星科,21,0,21,富邦-竹東,2023-03-23,9625
2303,聯電,28,7,21,富邦-竹東,2023-03-23,9625
2455,全新,21,1,20,富邦-竹東,2023-03-23,9625
00897,富邦基因免疫生技,20,0,20,富邦-竹東,2023-03-23,9625
6417,韋僑,20,0,20,富邦-竹東,2023-03-23,9625
5522,遠雄,20,0,20,富邦-竹東,2023-03-23,9625
2380,虹光,19,0,19,富邦-竹東,2023-03-23,9625
3380,明泰,36,18,18,富邦-竹東,2023-03-23,9625
8926,台汽電,18,0,18,富邦-竹東,2023-03-23,9625
3483,力致,31,13,18,富邦-竹東,2023-03-23,9625
2338,光罩,25,8,17,富邦-竹東,2023-03-23,9625
1529,樂事綠能,21,5,16,富邦-竹東,2023-03-23,9625
8050,廣積,26,11,15,富邦-竹東,2023-03-23,9625
00679B,元大美債20年,19,4,15,富邦-竹東,2023-03-23,9625
3058,立德,15,0,15,富邦-竹東,2023-03-23,9625
5465,富驊,15,0,15,富邦-竹東,2023-03-23,9625
3535,晶彩科,14,0,14,富邦-竹東,2023-03-23,9625
2609,陽明,31,18,13,富邦-竹東,2023-03-23,9625
2221,大甲,33,20,13,富邦-竹東,2023-03-23,9625
4726,永昕,12,0,12,富邦-竹東,2023-03-23,9625
5452,佶優,12,0,12,富邦-竹東,2023-03-23,9625
2880,華南金,12,1,11,富邦-竹東,2023-03-23,9625
1603,華電,11,0,11,富邦-竹東,2023-03-23,9625
1584,精剛,12,1,11,富邦-竹東,2023-03-23,9625
3322,建舜電,29,18,11,富邦-竹東,2023-03-23,9625
2834,臺企銀,10,0,10,富邦-竹東,2023-03-23,9625
6776,展�眥篕�,10,0,10,富邦-竹東,2023-03-23,9625
2890,永豐金,21,11,10,富邦-竹東,2023-03-23,9625
2642,宅配通,10,0,10,富邦-竹東,2023-03-23,9625
4127,天良,10,0,10,富邦-竹東,2023-03-23,9625
00632R,元大台灣50反1,445,10,435,富邦-竹東,2023-03-24,9625
1605,華新,211,30,181,富邦-竹東,2023-03-24,9625
2883,凱基金,121,3,118,富邦-竹東,2023-03-24,9625
3481,群創,148,44,104,富邦-竹東,2023-03-24,9625
8046,南電,83,9,74,富邦-竹東,2023-03-24,9625
2303,聯電,107,53,54,富邦-竹東,2023-03-24,9625
6182,合晶,41,2,39,富邦-竹東,2023-03-24,9625
2023,燁輝,45,10,35,富邦-竹東,2023-03-24,9625
6122,擎邦,72,38,34,富邦-竹東,2023-03-24,9625
2883B,凱基金乙特,25,0,25,富邦-竹東,2023-03-24,9625
3380,明泰,25,1,24,富邦-竹東,2023-03-24,9625
6257,矽格,24,0,24,富邦-竹東,2023-03-24,9625
00713,元大台灣高息低波,25,2,23,富邦-竹東,2023-03-24,9625
2402,毅嘉,76,54,22,富邦-竹東,2023-03-24,9625
2897,王道銀行,21,0,21,富邦-竹東,2023-03-24,9625
6233,旺玖,21,0,21,富邦-竹東,2023-03-24,9625
2891,中信金,20,0,20,富邦-竹東,2023-03-24,9625
2317,鴻海,42,21,21,富邦-竹東,2023-03-24,9625
9904,寶成,21,1,20,富邦-竹東,2023-03-24,9625
4726,永昕,20,0,20,富邦-竹東,2023-03-24,9625
00636,國泰中國A50,20,0,20,富邦-竹東,2023-03-24,9625
2380,虹光,20,0,20,富邦-竹東,2023-03-24,9625
3029,零壹,24,6,18,富邦-竹東,2023-03-24,9625
6139,亞翔,19,1,18,富邦-竹東,2023-03-24,9625
8926,台汽電,18,0,18,富邦-竹東,2023-03-24,9625
00679B,元大美債20年,22,4,18,富邦-竹東,2023-03-24,9625
1529,樂事綠能,18,1,17,富邦-竹東,2023-03-24,9625
2736,富野,16,0,16,富邦-竹東,2023-03-24,9625
2633,台灣高鐵,15,0,15,富邦-竹東,2023-03-24,9625
6761,穩得,15,0,15,富邦-竹東,2023-03-24,9625
5880,合庫金,19,5,14,富邦-竹東,2023-03-24,9625
2609,陽明,24,11,13,富邦-竹東,2023-03-24,9625
3006,晶豪科,26,14,12,富邦-竹東,2023-03-24,9625
6160,欣技,25,13,12,富邦-竹東,2023-03-24,9625
3005,神基,17,5,12,富邦-竹東,2023-03-24,9625
2221,大甲,12,0,12,富邦-竹東,2023-03-24,9625
5009,榮剛,12,1,11,富邦-竹東,2023-03-24,9625
2542,興富發,11,1,10,富邦-竹東,2023-03-24,9625
3290,東浦,10,0,10,富邦-竹東,2023-03-24,9625
2204,中華,10,0,10,富邦-竹東,2023-03-24,9625
5258,虹堡,17,7,10,富邦-竹東,2023-03-24,9625
1701,中化,10,0,10,富邦-竹東,2023-03-24,9625
4558,寶緯,10,0,10,富邦-竹東,2023-03-24,9625
4155,訊映,14,4,10,富邦-竹東,2023-03-24,9625
00877,復華中國5G,60,50,10,富邦-竹東,2023-03-24,9625
5328,華容,10,0,10,富邦-竹東,2023-03-24,9625
3034,聯詠,11,1,10,富邦-竹東,2023-03-24,9625
1504,東元,79,69,10,富邦-竹東,2023-03-24,9625
00897,富邦基因免疫生技,9,0,9,富邦-竹東,2023-03-24,9625
3149,正達,9,0,9,富邦-竹東,2023-03-24,9625
1504,東元,181,32,149,富邦-竹東,2023-03-27,9625
5388,中磊,100,0,100,富邦-竹東,2023-03-27,9625
8222,寶一,78,10,68,富邦-竹東,2023-03-27,9625
00882,中信中國高股息,55,3,52,富邦-竹東,2023-03-27,9625
00897,富邦基因免疫生技,50,0,50,富邦-竹東,2023-03-27,9625
4157,太景*-KY,50,10,40,富邦-竹東,2023-03-27,9625
6288,聯嘉,58,20,38,富邦-竹東,2023-03-27,9625
3652,精聯,38,0,38,富邦-竹東,2023-03-27,9625
3576,聯合再生,54,22,32,富邦-竹東,2023-03-27,9625
00751B,元大AAA至A公司債,31,0,31,富邦-竹東,2023-03-27,9625
2609,陽明,43,12,31,富邦-竹東,2023-03-27,9625
00720B,元大投資級公司債,30,0,30,富邦-竹東,2023-03-27,9625
00772B,中信高評級公司債,30,0,30,富邦-竹東,2023-03-27,9625
3714,富采,26,0,26,富邦-竹東,2023-03-27,9625
2485,兆赫,41,18,23,富邦-竹東,2023-03-27,9625
1101,台泥,26,4,22,富邦-竹東,2023-03-27,9625
2892,第一金,23,1,22,富邦-竹東,2023-03-27,9625
3207,耀勝,26,5,21,富邦-竹東,2023-03-27,9625
8171,天宇,21,0,21,富邦-竹東,2023-03-27,9625
2882,國泰金,22,1,21,富邦-竹東,2023-03-27,9625
2431,聯昌,20,0,20,富邦-竹東,2023-03-27,9625
1219,福壽,20,0,20,富邦-竹東,2023-03-27,9625
1810,和成,31,11,20,富邦-竹東,2023-03-27,9625
2883B,凱基金乙特,20,2,18,富邦-竹東,2023-03-27,9625
8121,越峰,20,2,18,富邦-竹東,2023-03-27,9625
2645,長榮航太,20,3,17,富邦-竹東,2023-03-27,9625
8088,品安,19,2,17,富邦-竹東,2023-03-27,9625
2352,佳世達,20,3,17,富邦-竹東,2023-03-27,9625
2221,大甲,17,0,17,富邦-竹東,2023-03-27,9625
2380,虹光,16,0,16,富邦-竹東,2023-03-27,9625
3257,虹冠電,16,0,16,富邦-竹東,2023-03-27,9625
3035,智原,25,9,16,富邦-竹東,2023-03-27,9625
00885,富邦越南,19,4,15,富邦-竹東,2023-03-27,9625
8213,志超,15,0,15,富邦-竹東,2023-03-27,9625
6290,良維,15,0,15,富邦-竹東,2023-03-27,9625
3715,定穎投控,32,18,14,富邦-竹東,2023-03-27,9625
1584,精剛,37,23,14,富邦-竹東,2023-03-27,9625
8416,實威,14,0,14,富邦-竹東,2023-03-27,9625
3006,晶豪科,14,0,14,富邦-竹東,2023-03-27,9625
4119,旭富,13,0,13,富邦-竹東,2023-03-27,9625
3499,環天科,13,0,13,富邦-竹東,2023-03-27,9625
1605,華新,48,35,13,富邦-竹東,2023-03-27,9625
00637L,元大滬深300正2,41,28,13,富邦-竹東,2023-03-27,9625
0056,元大高股息,33,20,13,富邦-竹東,2023-03-27,9625
6788,華景電,14,2,12,富邦-竹東,2023-03-27,9625
4934,太極,12,0,12,富邦-竹東,2023-03-27,9625
00679B,元大美債20年,12,1,11,富邦-竹東,2023-03-27,9625
3580,友威科,11,0,11,富邦-竹東,2023-03-27,9625
2605,新興,11,0,11,富邦-竹東,2023-03-27,9625
3702,大聯大,11,0,11,富邦-竹東,2023-03-27,9625
00713,元大台灣高息低波,111,5,106,富邦-竹東,2023-03-28,9625
5388,中磊,81,0,81,富邦-竹東,2023-03-28,9625
00669R,國泰美國道瓊反1,50,0,50,富邦-竹東,2023-03-28,9625
00671R,富邦NASDAQ反1,50,0,50,富邦-竹東,2023-03-28,9625
3052,夆典,46,0,46,富邦-竹東,2023-03-28,9625
6168,宏齊,54,10,44,富邦-竹東,2023-03-28,9625
00679B,元大美債20年,32,1,31,富邦-竹東,2023-03-28,9625
2890,永豐金,32,2,30,富邦-竹東,2023-03-28,9625
3147,大綜,30,0,30,富邦-竹東,2023-03-28,9625
4157,太景*-KY,30,1,29,富邦-竹東,2023-03-28,9625
3338,泰碩,36,7,29,富邦-竹東,2023-03-28,9625
00878,國泰永續高股息,52,24,28,富邦-竹東,2023-03-28,9625
6139,亞翔,28,1,27,富邦-竹東,2023-03-28,9625
2504,國產,26,1,25,富邦-竹東,2023-03-28,9625
2337,旺宏,25,0,25,富邦-竹東,2023-03-28,9625
2457,飛宏,37,14,23,富邦-竹東,2023-03-28,9625
1504,東元,33,10,23,富邦-竹東,2023-03-28,9625
2618,長榮航,28,6,22,富邦-竹東,2023-03-28,9625
4164,承業醫,22,1,21,富邦-竹東,2023-03-28,9625
00680L,元大美債20正2,21,0,21,富邦-竹東,2023-03-28,9625
2014,中鴻,20,0,20,富邦-竹東,2023-03-28,9625
3037,欣興,29,9,20,富邦-竹東,2023-03-28,9625
00772B,中信高評級公司債,20,0,20,富邦-竹東,2023-03-28,9625
2382,廣達,20,0,20,富邦-竹東,2023-03-28,9625
8936,國統,32,12,20,富邦-竹東,2023-03-28,9625
2606,裕民,20,0,20,富邦-竹東,2023-03-28,9625
2317,鴻海,29,10,19,富邦-竹東,2023-03-28,9625
2388,威盛,25,7,18,富邦-竹東,2023-03-28,9625
6244,茂迪,25,7,18,富邦-竹東,2023-03-28,9625
2330,台積電,19,1,18,富邦-竹東,2023-03-28,9625
1101,台泥,18,0,18,富邦-竹東,2023-03-28,9625
6533,晶心科,28,11,17,富邦-竹東,2023-03-28,9625
3236,千如,17,0,17,富邦-竹東,2023-03-28,9625
2634,漢翔,22,6,16,富邦-竹東,2023-03-28,9625
6122,擎邦,41,25,16,富邦-竹東,2023-03-28,9625
3035,智原,48,33,15,富邦-竹東,2023-03-28,9625
3481,群創,20,5,15,富邦-竹東,2023-03-28,9625
2340,台亞,16,1,15,富邦-竹東,2023-03-28,9625
2453,凌群,15,2,13,富邦-竹東,2023-03-28,9625
5425,台半,13,0,13,富邦-竹東,2023-03-28,9625
2888,新光金,16,3,13,富邦-竹東,2023-03-28,9625
2609,陽明,17,5,12,富邦-竹東,2023-03-28,9625
6770,力積電,18,6,12,富邦-竹東,2023-03-28,9625
00882,中信中國高股息,12,0,12,富邦-竹東,2023-03-28,9625
1584,精剛,42,30,12,富邦-竹東,2023-03-28,9625
00885,富邦越南,12,0,12,富邦-竹東,2023-03-28,9625
9945,潤泰新,10,0,10,富邦-竹東,2023-03-28,9625
2637,慧洋-KY,10,0,10,富邦-竹東,2023-03-28,9625
6142,友勁,10,0,10,富邦-竹東,2023-03-28,9625
3257,虹冠電,10,0,10,富邦-竹東,2023-03-28,9625
00671R,富邦NASDAQ反1,70,0,70,富邦-竹東,2023-03-29,9625
00679B,元大美債20年,53,0,53,富邦-竹東,2023-03-29,9625
00637L,元大滬深300正2,82,33,49,富邦-竹東,2023-03-29,9625
2342,茂矽,87,45,42,富邦-竹東,2023-03-29,9625
2344,華邦電,40,0,40,富邦-竹東,2023-03-29,9625
6182,合晶,34,0,34,富邦-竹東,2023-03-29,9625
1434,福懋,31,0,31,富邦-竹東,2023-03-29,9625
3035,智原,71,43,28,富邦-竹東,2023-03-29,9625
3432,台端,26,0,26,富邦-竹東,2023-03-29,9625
2382,廣達,30,4,26,富邦-竹東,2023-03-29,9625
5522,遠雄,22,0,22,富邦-竹東,2023-03-29,9625
2851,中再保,20,0,20,富邦-竹東,2023-03-29,9625
00919,群益台灣精選高息,20,0,20,富邦-竹東,2023-03-29,9625
6770,力積電,30,11,19,富邦-竹東,2023-03-29,9625
2888,新光金,22,3,19,富邦-竹東,2023-03-29,9625
00922,國泰台灣領袖50,18,0,18,富邦-竹東,2023-03-29,9625
2303,聯電,39,22,17,富邦-竹東,2023-03-29,9625
00772B,中信高評級公司債,17,0,17,富邦-竹東,2023-03-29,9625
6116,彩晶,21,4,17,富邦-竹東,2023-03-29,9625
2609,陽明,32,16,16,富邦-竹東,2023-03-29,9625
3207,耀勝,22,6,16,富邦-竹東,2023-03-29,9625
2402,毅嘉,17,2,15,富邦-竹東,2023-03-29,9625
4510,高鋒,15,0,15,富邦-竹東,2023-03-29,9625
2867,三商壽,20,7,13,富邦-竹東,2023-03-29,9625
8050,廣積,16,3,13,富邦-竹東,2023-03-29,9625
6259,百徽,13,0,13,富邦-竹東,2023-03-29,9625
3052,夆典,12,0,12,富邦-竹東,2023-03-29,9625
6443,元晶,13,1,12,富邦-竹東,2023-03-29,9625
5425,台半,12,1,11,富邦-竹東,2023-03-29,9625
9960,邁達康,12,1,11,富邦-竹東,2023-03-29,9625
4919,新唐,23,12,11,富邦-竹東,2023-03-29,9625
2617,台航,10,0,10,富邦-竹東,2023-03-29,9625
5289,宜鼎,10,0,10,富邦-竹東,2023-03-29,9625
2027,大成鋼,12,2,10,富邦-竹東,2023-03-29,9625
2457,飛宏,14,4,10,富邦-竹東,2023-03-29,9625
3380,明泰,10,0,10,富邦-竹東,2023-03-29,9625
1609,大亞,16,6,10,富邦-竹東,2023-03-29,9625
6207,雷科,10,0,10,富邦-竹東,2023-03-29,9625
4157,太景*-KY,10,0,10,富邦-竹東,2023-03-29,9625
2030,彰源,10,1,9,富邦-竹東,2023-03-29,9625
3169,亞信,10,1,9,富邦-竹東,2023-03-29,9625
1718,中纖,12,3,9,富邦-竹東,2023-03-29,9625
1612,宏泰,15,6,9,富邦-竹東,2023-03-29,9625
00882,中信中國高股息,9,0,9,富邦-竹東,2023-03-29,9625
5450,南良,9,0,9,富邦-竹東,2023-03-29,9625
1504,東元,66,58,8,富邦-竹東,2023-03-29,9625
6243,迅杰,8,0,8,富邦-竹東,2023-03-29,9625
2884,玉山金,12,4,8,富邦-竹東,2023-03-29,9625
1708,東鹼,9,1,8,富邦-竹東,2023-03-29,9625
2368,金像電,11,3,8,富邦-竹東,2023-03-29,9625
00671R,富邦NASDAQ反1,375,0,375,富邦-竹東,2023-03-30,9625
00669R,國泰美國道瓊反1,355,2,353,富邦-竹東,2023-03-30,9625
00632R,元大台灣50反1,358,10,348,富邦-竹東,2023-03-30,9625
2723,美食-KY,80,0,80,富邦-竹東,2023-03-30,9625
2303,聯電,104,36,68,富邦-竹東,2023-03-30,9625
2344,華邦電,107,54,53,富邦-竹東,2023-03-30,9625
3088,艾訊,43,6,37,富邦-竹東,2023-03-30,9625
2331,精英,34,0,34,富邦-竹東,2023-03-30,9625
2481,強茂,33,0,33,富邦-竹東,2023-03-30,9625
4127,天良,31,0,31,富邦-竹東,2023-03-30,9625
5522,遠雄,30,0,30,富邦-竹東,2023-03-30,9625
00713,元大台灣高息低波,27,0,27,富邦-竹東,2023-03-30,9625
5309,系統電,39,12,27,富邦-竹東,2023-03-30,9625
2890,永豐金,25,0,25,富邦-竹東,2023-03-30,9625
2851,中再保,20,0,20,富邦-竹東,2023-03-30,9625
4157,太景*-KY,20,0,20,富邦-竹東,2023-03-30,9625
8926,台汽電,20,0,20,富邦-竹東,2023-03-30,9625
6244,茂迪,40,20,20,富邦-竹東,2023-03-30,9625
2436,偉詮電,20,0,20,富邦-竹東,2023-03-30,9625
1584,精剛,34,15,19,富邦-竹東,2023-03-30,9625
6770,力積電,21,4,17,富邦-竹東,2023-03-30,9625
2889,國票金,16,0,16,富邦-竹東,2023-03-30,9625
00665L,富邦�琤肭磪囓�2,16,0,16,富邦-竹東,2023-03-30,9625
00885,富邦越南,21,6,15,富邦-竹東,2023-03-30,9625
3006,晶豪科,17,3,14,富邦-竹東,2023-03-30,9625
3479,安勤,17,3,14,富邦-竹東,2023-03-30,9625
00882,中信中國高股息,14,0,14,富邦-竹東,2023-03-30,9625
9945,潤泰新,15,2,13,富邦-竹東,2023-03-30,9625
00740B,富邦全球投等債,13,0,13,富邦-竹東,2023-03-30,9625
00679B,元大美債20年,13,0,13,富邦-竹東,2023-03-30,9625
4702,中美實,12,0,12,富邦-竹東,2023-03-30,9625
3257,虹冠電,11,0,11,富邦-竹東,2023-03-30,9625
3037,欣興,42,31,11,富邦-竹東,2023-03-30,9625
2609,陽明,18,8,10,富邦-竹東,2023-03-30,9625
2313,華通,13,3,10,富邦-竹東,2023-03-30,9625
5388,中磊,12,2,10,富邦-竹東,2023-03-30,9625
2736,富野,10,0,10,富邦-竹東,2023-03-30,9625
2520,冠德,10,0,10,富邦-竹東,2023-03-30,9625
2104,國際中橡,10,0,10,富邦-竹東,2023-03-30,9625
3035,智原,34,24,10,富邦-竹東,2023-03-30,9625
2409,友達,11,1,10,富邦-竹東,2023-03-30,9625
8112,至上,9,0,9,富邦-竹東,2023-03-30,9625
2458,義隆,9,0,9,富邦-竹東,2023-03-30,9625
8110,華東,10,1,9,富邦-竹東,2023-03-30,9625
1565,精華,9,0,9,富邦-竹東,2023-03-30,9625
6134,萬旭,11,3,8,富邦-竹東,2023-03-30,9625
1560,中砂,10,2,8,富邦-竹東,2023-03-30,9625
2402,毅嘉,11,3,8,富邦-竹東,2023-03-30,9625
6243,迅杰,10,2,8,富邦-竹東,2023-03-30,9625
3483,力致,13,5,8,富邦-竹東,2023-03-30,9625
00632R,元大台灣50反1,141,2,139,富邦-竹東,2023-03-31,9625
2392,正崴,76,0,76,富邦-竹東,2023-03-31,9625
1605,華新,78,6,72,富邦-竹東,2023-03-31,9625
6443,元晶,75,3,72,富邦-竹東,2023-03-31,9625
2457,飛宏,62,15,47,富邦-竹東,2023-03-31,9625
6111,大宇資,36,0,36,富邦-竹東,2023-03-31,9625
3231,緯創,70,37,33,富邦-竹東,2023-03-31,9625
4767,誠泰科技,30,0,30,富邦-竹東,2023-03-31,9625
2884,玉山金,26,3,23,富邦-竹東,2023-03-31,9625
8050,廣積,34,11,23,富邦-竹東,2023-03-31,9625
00655L,國泰中國A50正2,22,0,22,富邦-竹東,2023-03-31,9625
00673R,期元大S＆P原油反1,22,0,22,富邦-竹東,2023-03-31,9625
3711,日月光投控,26,4,22,富邦-竹東,2023-03-31,9625
00712,復華富時不動產,21,0,21,富邦-竹東,2023-03-31,9625
6598,ABC-KY,26,6,20,富邦-竹東,2023-03-31,9625
0056,元大高股息,29,10,19,富邦-竹東,2023-03-31,9625
3479,安勤,22,3,19,富邦-竹東,2023-03-31,9625
8155,博智,16,0,16,富邦-竹東,2023-03-31,9625
1219,福壽,20,5,15,富邦-竹東,2023-03-31,9625
1609,大亞,16,1,15,富邦-竹東,2023-03-31,9625
00671R,富邦NASDAQ反1,14,0,14,富邦-竹東,2023-03-31,9625
1611,中電,16,2,14,富邦-竹東,2023-03-31,9625
3056,富華新,14,0,14,富邦-竹東,2023-03-31,9625
1514,亞力,12,0,12,富邦-竹東,2023-03-31,9625
2605,新興,12,0,12,富邦-竹東,2023-03-31,9625
00922,國泰台灣領袖50,22,10,12,富邦-竹東,2023-03-31,9625
6133,金橋,24,13,11,富邦-竹東,2023-03-31,9625
3257,虹冠電,16,5,11,富邦-竹東,2023-03-31,9625
1589,永冠-KY,11,0,11,富邦-竹東,2023-03-31,9625
8121,越峰,10,0,10,富邦-竹東,2023-03-31,9625
6243,迅杰,10,0,10,富邦-竹東,2023-03-31,9625
6207,雷科,10,0,10,富邦-竹東,2023-03-31,9625
3706,神達,10,0,10,富邦-竹東,2023-03-31,9625
4979,華星光,13,3,10,富邦-竹東,2023-03-31,9625
2633,台灣高鐵,15,5,10,富邦-竹東,2023-03-31,9625
2485,兆赫,10,0,10,富邦-竹東,2023-03-31,9625
3338,泰碩,10,0,10,富邦-竹東,2023-03-31,9625
6265,方土昶,10,0,10,富邦-竹東,2023-03-31,9625
6116,彩晶,10,1,9,富邦-竹東,2023-03-31,9625
00679B,元大美債20年,9,0,9,富邦-竹東,2023-03-31,9625
4971,IET-KY,10,2,8,富邦-竹東,2023-03-31,9625
2233,宇隆,10,2,8,富邦-竹東,2023-03-31,9625
6278,台表科,13,5,8,富邦-竹東,2023-03-31,9625
6257,矽格,10,2,8,富邦-竹東,2023-03-31,9625
6799,來頡,8,1,7,富邦-竹東,2023-03-31,9625
2889,國票金,6,0,6,富邦-竹東,2023-03-31,9625
8277,商丞,7,1,6,富邦-竹東,2023-03-31,9625
5425,台半,11,5,6,富邦-竹東,2023-03-31,9625
4129,聯合,6,0,6,富邦-竹東,2023-03-31,9625
3624,光頡,5,0,5,富邦-竹東,2023-03-31,9625
00891,中信關鍵半導體,180,0,180,富邦-竹東,2023-04-06,9625
00673R,期元大S＆P原油反1,112,0,112,富邦-竹東,2023-04-06,9625
2344,華邦電,116,5,111,富邦-竹東,2023-04-06,9625
6770,力積電,52,0,52,富邦-竹東,2023-04-06,9625
6129,普誠,49,0,49,富邦-竹東,2023-04-06,9625
9945,潤泰新,40,0,40,富邦-竹東,2023-04-06,9625
6182,合晶,38,0,38,富邦-竹東,2023-04-06,9625
2609,陽明,41,8,33,富邦-竹東,2023-04-06,9625
00772B,中信高評級公司債,33,0,33,富邦-竹東,2023-04-06,9625
2340,台亞,34,3,31,富邦-竹東,2023-04-06,9625
2633,台灣高鐵,35,7,28,富邦-竹東,2023-04-06,9625
9962,有益,24,0,24,富邦-竹東,2023-04-06,9625
00637L,元大滬深300正2,58,35,23,富邦-竹東,2023-04-06,9625
2104,國際中橡,20,0,20,富邦-竹東,2023-04-06,9625
00919,群益台灣精選高息,20,0,20,富邦-竹東,2023-04-06,9625
2027,大成鋼,19,0,19,富邦-竹東,2023-04-06,9625
3706,神達,19,0,19,富邦-竹東,2023-04-06,9625
00713,元大台灣高息低波,23,5,18,富邦-竹東,2023-04-06,9625
2233,宇隆,16,0,16,富邦-竹東,2023-04-06,9625
6163,華電網,16,0,16,富邦-竹東,2023-04-06,9625
00900,富邦特選高股息30,16,1,15,富邦-竹東,2023-04-06,9625
2317,鴻海,20,5,15,富邦-竹東,2023-04-06,9625
00922,國泰台灣領袖50,15,0,15,富邦-竹東,2023-04-06,9625
6138,茂達,15,1,14,富邦-竹東,2023-04-06,9625
6606,建德工業,15,1,14,富邦-竹東,2023-04-06,9625
8069,元太,15,2,13,富邦-竹東,2023-04-06,9625
00902,中信電池及儲能,13,0,13,富邦-竹東,2023-04-06,9625
2634,漢翔,17,4,13,富邦-竹東,2023-04-06,9625
2208,台船,21,8,13,富邦-竹東,2023-04-06,9625
3289,宜特,13,0,13,富邦-竹東,2023-04-06,9625
00893,國泰智能電動車,14,2,12,富邦-竹東,2023-04-06,9625
3518,柏騰,12,0,12,富邦-竹東,2023-04-06,9625
00753L,中信中國50正2,11,0,11,富邦-竹東,2023-04-06,9625
6235,華孚,46,35,11,富邦-竹東,2023-04-06,9625
2504,國產,11,0,11,富邦-竹東,2023-04-06,9625
00674R,期元大S＆P黃金反1,11,0,11,富邦-竹東,2023-04-06,9625
00881,國泰台灣5G+,10,0,10,富邦-竹東,2023-04-06,9625
6161,捷波,10,0,10,富邦-竹東,2023-04-06,9625
00877,復華中國5G,10,0,10,富邦-竹東,2023-04-06,9625
5905,南仁湖,10,0,10,富邦-竹東,2023-04-06,9625
9907,統一實,10,0,10,富邦-竹東,2023-04-06,9625
3056,富華新,14,4,10,富邦-竹東,2023-04-06,9625
6139,亞翔,12,2,10,富邦-竹東,2023-04-06,9625
6548,長科*,28,19,9,富邦-竹東,2023-04-06,9625
2603,長榮,14,5,9,富邦-竹東,2023-04-06,9625
1560,中砂,11,2,9,富邦-竹東,2023-04-06,9625
3711,日月光投控,10,1,9,富邦-竹東,2023-04-06,9625
8046,南電,9,0,9,富邦-竹東,2023-04-06,9625
6257,矽格,9,0,9,富邦-竹東,2023-04-06,9625
2884,玉山金,23,14,9,富邦-竹東,2023-04-06,9625
2498,宏達電,96,21,75,富邦-竹東,2023-04-07,9625
00680L,元大美債20正2,66,1,65,富邦-竹東,2023-04-07,9625
00720B,元大投資級公司債,49,5,44,富邦-竹東,2023-04-07,9625
1504,東元,86,42,44,富邦-竹東,2023-04-07,9625
9960,邁達康,39,1,38,富邦-竹東,2023-04-07,9625
4163,鐿鈦,31,0,31,富邦-竹東,2023-04-07,9625
6266,泰詠,29,2,27,富邦-竹東,2023-04-07,9625
1218,泰山,26,2,24,富邦-竹東,2023-04-07,9625
2888,新光金,30,6,24,富邦-竹東,2023-04-07,9625
3025,星通,35,14,21,富邦-竹東,2023-04-07,9625
2867,三商壽,31,10,21,富邦-竹東,2023-04-07,9625
2208,台船,22,2,20,富邦-竹東,2023-04-07,9625
6163,華電網,30,11,19,富邦-竹東,2023-04-07,9625
1609,大亞,40,21,19,富邦-竹東,2023-04-07,9625
2495,普安,17,0,17,富邦-竹東,2023-04-07,9625
00713,元大台灣高息低波,17,1,16,富邦-竹東,2023-04-07,9625
2834,臺企銀,17,2,15,富邦-竹東,2023-04-07,9625
6139,亞翔,22,7,15,富邦-竹東,2023-04-07,9625
00878,國泰永續高股息,34,20,14,富邦-竹東,2023-04-07,9625
2891,中信金,14,0,14,富邦-竹東,2023-04-07,9625
2610,華航,21,7,14,富邦-竹東,2023-04-07,9625
4979,華星光,32,18,14,富邦-竹東,2023-04-07,9625
2317,鴻海,17,3,14,富邦-竹東,2023-04-07,9625
1308,亞聚,29,16,13,富邦-竹東,2023-04-07,9625
00679B,元大美債20年,18,6,12,富邦-竹東,2023-04-07,9625
5009,榮剛,13,1,12,富邦-竹東,2023-04-07,9625
00882,中信中國高股息,12,0,12,富邦-竹東,2023-04-07,9625
2884,玉山金,24,13,11,富邦-竹東,2023-04-07,9625
3257,虹冠電,12,1,11,富邦-竹東,2023-04-07,9625
00919,群益台灣精選高息,10,0,10,富邦-竹東,2023-04-07,9625
2812,台中銀,10,0,10,富邦-竹東,2023-04-07,9625
1709,和益,10,0,10,富邦-竹東,2023-04-07,9625
3518,柏騰,10,0,10,富邦-竹東,2023-04-07,9625
4943,康控-KY,10,0,10,富邦-竹東,2023-04-07,9625
8227,巨有科技,14,4,10,富邦-竹東,2023-04-07,9625
8034,榮群,10,0,10,富邦-竹東,2023-04-07,9625
1217,愛之味,10,0,10,富邦-竹東,2023-04-07,9625
6024,群益期,10,0,10,富邦-竹東,2023-04-07,9625
1904,正隆,10,0,10,富邦-竹東,2023-04-07,9625
3006,晶豪科,13,4,9,富邦-竹東,2023-04-07,9625
5468,凱鈺,10,1,9,富邦-竹東,2023-04-07,9625
3038,全台,13,4,9,富邦-竹東,2023-04-07,9625
3265,台星科,8,0,8,富邦-竹東,2023-04-07,9625
00902,中信電池及儲能,8,0,8,富邦-竹東,2023-04-07,9625
1795,美時,14,6,8,富邦-竹東,2023-04-07,9625
8091,翔名,7,0,7,富邦-竹東,2023-04-07,9625
6125,廣運,11,4,7,富邦-竹東,2023-04-07,9625
4971,IET-KY,7,0,7,富邦-竹東,2023-04-07,9625
6715,嘉基,7,0,7,富邦-竹東,2023-04-07,9625
5465,富驊,7,0,7,富邦-竹東,2023-04-07,9625
8068,全達,75,0,75,富邦-竹東,2023-04-10,9625
2233,宇隆,65,0,65,富邦-竹東,2023-04-10,9625
2436,偉詮電,50,0,50,富邦-竹東,2023-04-10,9625
00720B,元大投資級公司債,55,10,45,富邦-竹東,2023-04-10,9625
8046,南電,44,1,43,富邦-竹東,2023-04-10,9625
2498,宏達電,54,19,35,富邦-竹東,2023-04-10,9625
6155,鈞寶,33,0,33,富邦-竹東,2023-04-10,9625
3025,星通,39,7,32,富邦-竹東,2023-04-10,9625
9960,邁達康,28,0,28,富邦-竹東,2023-04-10,9625
3035,智原,32,6,26,富邦-竹東,2023-04-10,9625
00676R,富邦臺灣加權反1,20,0,20,富邦-竹東,2023-04-10,9625
9907,統一實,20,0,20,富邦-竹東,2023-04-10,9625
00679B,元大美債20年,19,2,17,富邦-竹東,2023-04-10,9625
6245,立端,17,0,17,富邦-竹東,2023-04-10,9625
00882,中信中國高股息,15,1,14,富邦-竹東,2023-04-10,9625
6163,華電網,27,13,14,富邦-竹東,2023-04-10,9625
2609,陽明,27,13,14,富邦-竹東,2023-04-10,9625
1605,華新,21,7,14,富邦-竹東,2023-04-10,9625
1519,華城,17,4,13,富邦-竹東,2023-04-10,9625
8936,國統,16,3,13,富邦-竹東,2023-04-10,9625
00673R,期元大S＆P原油反1,13,0,13,富邦-竹東,2023-04-10,9625
6213,聯茂,14,1,13,富邦-竹東,2023-04-10,9625
2340,台亞,18,6,12,富邦-竹東,2023-04-10,9625
2337,旺宏,11,0,11,富邦-竹東,2023-04-10,9625
8155,博智,10,0,10,富邦-竹東,2023-04-10,9625
2886,兆豐金,10,0,10,富邦-竹東,2023-04-10,9625
00919,群益台灣精選高息,10,0,10,富邦-竹東,2023-04-10,9625
5351,鈺創,20,10,10,富邦-竹東,2023-04-10,9625
2530,華建,10,0,10,富邦-竹東,2023-04-10,9625
3257,虹冠電,11,1,10,富邦-竹東,2023-04-10,9625
00680L,元大美債20正2,10,0,10,富邦-竹東,2023-04-10,9625
2617,台航,10,0,10,富邦-竹東,2023-04-10,9625
00687B,國泰20年美債,10,0,10,富邦-竹東,2023-04-10,9625
8432,東生華,10,0,10,富邦-竹東,2023-04-10,9625
2329,華泰,10,0,10,富邦-竹東,2023-04-10,9625
00877,復華中國5G,50,40,10,富邦-竹東,2023-04-10,9625
3265,台星科,9,0,9,富邦-竹東,2023-04-10,9625
1514,亞力,17,8,9,富邦-竹東,2023-04-10,9625
00632R,元大台灣50反1,59,50,9,富邦-竹東,2023-04-10,9625
3056,富華新,9,0,9,富邦-竹東,2023-04-10,9625
6152,百一,10,2,8,富邦-竹東,2023-04-10,9625
1313,聯成,10,2,8,富邦-竹東,2023-04-10,9625
5521,工信,8,0,8,富邦-竹東,2023-04-10,9625
6290,良維,12,4,8,富邦-竹東,2023-04-10,9625
00637L,元大滬深300正2,26,18,8,富邦-竹東,2023-04-10,9625
3047,訊舟,8,0,8,富邦-竹東,2023-04-10,9625
2408,南亞科,13,6,7,富邦-竹東,2023-04-10,9625
2312,金寶,10,3,7,富邦-竹東,2023-04-10,9625
00902,中信電池及儲能,7,0,7,富邦-竹東,2023-04-10,9625
6168,宏齊,7,0,7,富邦-竹東,2023-04-10,9625
00720B,元大投資級公司債,73,0,73,富邦-竹東,2023-04-11,9625
5328,華容,58,0,58,富邦-竹東,2023-04-11,9625
1752,南光,51,1,50,富邦-竹東,2023-04-11,9625
00632R,元大台灣50反1,46,0,46,富邦-竹東,2023-04-11,9625
2303,聯電,44,1,43,富邦-竹東,2023-04-11,9625
00878,國泰永續高股息,94,51,43,富邦-竹東,2023-04-11,9625
00679B,元大美債20年,36,0,36,富邦-竹東,2023-04-11,9625
2317,鴻海,37,3,34,富邦-竹東,2023-04-11,9625
2027,大成鋼,32,0,32,富邦-竹東,2023-04-11,9625
1605,華新,31,6,25,富邦-竹東,2023-04-11,9625
2233,宇隆,25,1,24,富邦-竹東,2023-04-11,9625
8068,全達,24,0,24,富邦-竹東,2023-04-11,9625
2031,新光鋼,22,0,22,富邦-竹東,2023-04-11,9625
00680L,元大美債20正2,22,0,22,富邦-竹東,2023-04-11,9625
3706,神達,22,0,22,富邦-竹東,2023-04-11,9625
2302,麗正,24,2,22,富邦-竹東,2023-04-11,9625
3236,千如,21,0,21,富邦-竹東,2023-04-11,9625
2634,漢翔,78,57,21,富邦-竹東,2023-04-11,9625
6698,旭暉應材,21,0,21,富邦-竹東,2023-04-11,9625
6770,力積電,21,3,18,富邦-竹東,2023-04-11,9625
3289,宜特,15,0,15,富邦-竹東,2023-04-11,9625
2889,國票金,15,0,15,富邦-竹東,2023-04-11,9625
2891,中信金,14,0,14,富邦-竹東,2023-04-11,9625
2890,永豐金,18,4,14,富邦-竹東,2023-04-11,9625
2457,飛宏,19,6,13,富邦-竹東,2023-04-11,9625
5475,德宏,13,0,13,富邦-竹東,2023-04-11,9625
00712,復華富時不動產,15,3,12,富邦-竹東,2023-04-11,9625
5464,霖宏,18,6,12,富邦-竹東,2023-04-11,9625
6689,伊雲谷,12,1,11,富邦-竹東,2023-04-11,9625
1108,幸福,21,10,11,富邦-竹東,2023-04-11,9625
2406,國碩,10,0,10,富邦-竹東,2023-04-11,9625
2413,環科,27,17,10,富邦-竹東,2023-04-11,9625
4155,訊映,10,0,10,富邦-竹東,2023-04-11,9625
1708,東鹼,11,1,10,富邦-竹東,2023-04-11,9625
8034,榮群,10,0,10,富邦-竹東,2023-04-11,9625
2329,華泰,10,0,10,富邦-竹東,2023-04-11,9625
6156,松上,10,0,10,富邦-竹東,2023-04-11,9625
2362,藍天,9,0,9,富邦-竹東,2023-04-11,9625
2633,台灣高鐵,23,14,9,富邦-竹東,2023-04-11,9625
8227,巨有科技,10,1,9,富邦-竹東,2023-04-11,9625
6570,維田,9,0,9,富邦-竹東,2023-04-11,9625
00919,群益台灣精選高息,8,0,8,富邦-竹東,2023-04-11,9625
2736,富野,8,0,8,富邦-竹東,2023-04-11,9625
00665L,富邦�琤肭磪囓�2,10,2,8,富邦-竹東,2023-04-11,9625
6245,立端,8,0,8,富邦-竹東,2023-04-11,9625
4927,泰鼎-KY,9,1,8,富邦-竹東,2023-04-11,9625
6129,普誠,18,10,8,富邦-竹東,2023-04-11,9625
9962,有益,12,4,8,富邦-竹東,2023-04-11,9625
2201,裕隆,12,4,8,富邦-竹東,2023-04-11,9625
6753,龍德造船,7,0,7,富邦-竹東,2023-04-11,9625
00632R,元大台灣50反1,182,30,152,富邦-竹東,2023-04-12,9625
2889,國票金,119,10,109,富邦-竹東,2023-04-12,9625
2867,三商壽,100,2,98,富邦-竹東,2023-04-12,9625
6443,元晶,89,6,83,富邦-竹東,2023-04-12,9625
2834,臺企銀,70,2,68,富邦-竹東,2023-04-12,9625
00637L,元大滬深300正2,57,6,51,富邦-竹東,2023-04-12,9625
3673,TPK-KY,51,2,49,富邦-竹東,2023-04-12,9625
00680L,元大美債20正2,43,0,43,富邦-竹東,2023-04-12,9625
6532,瑞耘,42,2,40,富邦-竹東,2023-04-12,9625
2303,聯電,56,22,34,富邦-竹東,2023-04-12,9625
2498,宏達電,31,0,31,富邦-竹東,2023-04-12,9625
2375,凱美,30,1,29,富邦-竹東,2023-04-12,9625
00713,元大台灣高息低波,24,0,24,富邦-竹東,2023-04-12,9625
8222,寶一,41,17,24,富邦-竹東,2023-04-12,9625
4968,立積,33,11,22,富邦-竹東,2023-04-12,9625
3027,盛達,45,24,21,富邦-竹東,2023-04-12,9625
4532,瑞智,21,0,21,富邦-竹東,2023-04-12,9625
4979,華星光,29,8,21,富邦-竹東,2023-04-12,9625
00720B,元大投資級公司債,20,1,19,富邦-竹東,2023-04-12,9625
3005,神基,18,0,18,富邦-竹東,2023-04-12,9625
0056,元大高股息,21,3,18,富邦-竹東,2023-04-12,9625
3046,建��,16,0,16,富邦-竹東,2023-04-12,9625
2409,友達,36,20,16,富邦-竹東,2023-04-12,9625
00919,群益台灣精選高息,15,0,15,富邦-竹東,2023-04-12,9625
6732,昇佳電子,16,1,15,富邦-竹東,2023-04-12,9625
6461,益得,21,6,15,富邦-竹東,2023-04-12,9625
6789,采鈺,18,4,14,富邦-竹東,2023-04-12,9625
5464,霖宏,16,2,14,富邦-竹東,2023-04-12,9625
2330,台積電,18,4,14,富邦-竹東,2023-04-12,9625
2206,三陽工業,26,13,13,富邦-竹東,2023-04-12,9625
3257,虹冠電,13,0,13,富邦-竹東,2023-04-12,9625
2915,潤泰全,11,0,11,富邦-竹東,2023-04-12,9625
1609,大亞,44,33,11,富邦-竹東,2023-04-12,9625
5328,華容,13,3,10,富邦-竹東,2023-04-12,9625
3306,鼎天,10,0,10,富邦-竹東,2023-04-12,9625
3694,海華,10,0,10,富邦-竹東,2023-04-12,9625
3056,富華新,16,6,10,富邦-竹東,2023-04-12,9625
3624,光頡,17,7,10,富邦-竹東,2023-04-12,9625
1589,永冠-KY,10,0,10,富邦-竹東,2023-04-12,9625
00636,國泰中國A50,10,0,10,富邦-竹東,2023-04-12,9625
5425,台半,14,4,10,富邦-竹東,2023-04-12,9625
5351,鈺創,19,9,10,富邦-竹東,2023-04-12,9625
4167,松瑞藥,10,0,10,富邦-竹東,2023-04-12,9625
2892,第一金,11,1,10,富邦-竹東,2023-04-12,9625
8105,凌巨,10,0,10,富邦-竹東,2023-04-12,9625
3545,敦泰,30,20,10,富邦-竹東,2023-04-12,9625
1584,精剛,34,25,9,富邦-竹東,2023-04-12,9625
4510,高鋒,8,0,8,富邦-竹東,2023-04-12,9625
4967,十銓,15,7,8,富邦-竹東,2023-04-12,9625
2369,菱生,8,1,7,富邦-竹東,2023-04-12,9625
2633,台灣高鐵,301,226,75,富邦-竹東,2023-04-13,9625
00712,復華富時不動產,72,12,60,富邦-竹東,2023-04-13,9625
2317,鴻海,60,7,53,富邦-竹東,2023-04-13,9625
4164,承業醫,56,7,49,富邦-竹東,2023-04-13,9625
2545,皇翔,49,0,49,富邦-竹東,2023-04-13,9625
2353,宏��,52,4,48,富邦-竹東,2023-04-13,9625
6116,彩晶,60,17,43,富邦-竹東,2023-04-13,9625
2375,凱美,40,0,40,富邦-竹東,2023-04-13,9625
00888,永豐台灣ESG,36,0,36,富邦-竹東,2023-04-13,9625
3312,弘憶股,34,0,34,富邦-竹東,2023-04-13,9625
3047,訊舟,42,11,31,富邦-竹東,2023-04-13,9625
2330,台積電,30,0,30,富邦-竹東,2023-04-13,9625
00720B,元大投資級公司債,30,0,30,富邦-竹東,2023-04-13,9625
2303,聯電,85,56,29,富邦-竹東,2023-04-13,9625
6163,華電網,75,47,28,富邦-竹東,2023-04-13,9625
6443,元晶,28,0,28,富邦-竹東,2023-04-13,9625
6148,驊宏資,30,2,28,富邦-竹東,2023-04-13,9625
3499,環天科,35,7,28,富邦-竹東,2023-04-13,9625
6122,擎邦,27,2,25,富邦-竹東,2023-04-13,9625
6531,愛普*,22,0,22,富邦-竹東,2023-04-13,9625
00679B,元大美債20年,22,1,21,富邦-竹東,2023-04-13,9625
2455,全新,21,0,21,富邦-竹東,2023-04-13,9625
2337,旺宏,25,4,21,富邦-竹東,2023-04-13,9625
2328,廣宇,21,0,21,富邦-竹東,2023-04-13,9625
00725B,國泰投資級公司債,20,0,20,富邦-竹東,2023-04-13,9625
00878,國泰永續高股息,48,30,18,富邦-竹東,2023-04-13,9625
2881,富邦金,23,5,18,富邦-竹東,2023-04-13,9625
3231,緯創,36,18,18,富邦-竹東,2023-04-13,9625
6770,力積電,17,1,16,富邦-竹東,2023-04-13,9625
2344,華邦電,25,9,16,富邦-竹東,2023-04-13,9625
00923,群益台ESG低碳50,16,0,16,富邦-竹東,2023-04-13,9625
3257,虹冠電,16,0,16,富邦-竹東,2023-04-13,9625
6182,合晶,16,0,16,富邦-竹東,2023-04-13,9625
8110,華東,21,5,16,富邦-竹東,2023-04-13,9625
3576,聯合再生,39,24,15,富邦-竹東,2023-04-13,9625
2605,新興,15,0,15,富邦-竹東,2023-04-13,9625
8034,榮群,15,0,15,富邦-竹東,2023-04-13,9625
5009,榮剛,36,21,15,富邦-竹東,2023-04-13,9625
2492,華新科,24,10,14,富邦-竹東,2023-04-13,9625
2329,華泰,15,1,14,富邦-竹東,2023-04-13,9625
2634,漢翔,47,33,14,富邦-竹東,2023-04-13,9625
4908,前鼎,14,0,14,富邦-竹東,2023-04-13,9625
6244,茂迪,17,3,14,富邦-竹東,2023-04-13,9625
00900,富邦特選高股息30,14,0,14,富邦-竹東,2023-04-13,9625
1609,大亞,70,56,14,富邦-竹東,2023-04-13,9625
3711,日月光投控,13,0,13,富邦-竹東,2023-04-13,9625
2882,國泰金,28,15,13,富邦-竹東,2023-04-13,9625
8050,廣積,15,2,13,富邦-竹東,2023-04-13,9625
5425,台半,13,0,13,富邦-竹東,2023-04-13,9625
2884,玉山金,23,10,13,富邦-竹東,2023-04-13,9625
00888,永豐台灣ESG,255,0,255,富邦-竹東,2023-04-14,9625
2208,台船,191,31,160,富邦-竹東,2023-04-14,9625
00632R,元大台灣50反1,149,0,149,富邦-竹東,2023-04-14,9625
00664R,國泰臺灣加權反1,100,0,100,富邦-竹東,2023-04-14,9625
1762,中化生,83,3,80,富邦-竹東,2023-04-14,9625
6152,百一,80,0,80,富邦-竹東,2023-04-14,9625
1609,大亞,82,18,64,富邦-竹東,2023-04-14,9625
00679B,元大美債20年,59,0,59,富邦-竹東,2023-04-14,9625
2634,漢翔,171,118,53,富邦-竹東,2023-04-14,9625
00637L,元大滬深300正2,53,6,47,富邦-竹東,2023-04-14,9625
2303,聯電,52,11,41,富邦-竹東,2023-04-14,9625
3673,TPK-KY,65,24,41,富邦-竹東,2023-04-14,9625
2630,亞航,44,5,39,富邦-竹東,2023-04-14,9625
3025,星通,44,5,39,富邦-竹東,2023-04-14,9625
00673R,期元大S＆P原油反1,32,1,31,富邦-竹東,2023-04-14,9625
2501,國建,30,0,30,富邦-竹東,2023-04-14,9625
2399,映泰,30,0,30,富邦-竹東,2023-04-14,9625
6598,ABC-KY,30,0,30,富邦-竹東,2023-04-14,9625
2314,台揚,30,2,28,富邦-竹東,2023-04-14,9625
6443,元晶,27,0,27,富邦-竹東,2023-04-14,9625
1312,國喬,40,14,26,富邦-竹東,2023-04-14,9625
00712,復華富時不動產,24,0,24,富邦-竹東,2023-04-14,9625
8028,昇陽半導體,27,3,24,富邦-竹東,2023-04-14,9625
3481,群創,59,37,22,富邦-竹東,2023-04-14,9625
1752,南光,68,46,22,富邦-竹東,2023-04-14,9625
3141,晶宏,22,0,22,富邦-竹東,2023-04-14,9625
3047,訊舟,22,0,22,富邦-竹東,2023-04-14,9625
4726,永昕,22,1,21,富邦-竹東,2023-04-14,9625
4744,皇將,21,0,21,富邦-竹東,2023-04-14,9625
2481,強茂,22,2,20,富邦-竹東,2023-04-14,9625
2820,華票,20,0,20,富邦-竹東,2023-04-14,9625
3308,聯德,20,0,20,富邦-竹東,2023-04-14,9625
1504,東元,45,26,19,富邦-竹東,2023-04-14,9625
2382,廣達,19,0,19,富邦-竹東,2023-04-14,9625
5351,鈺創,18,0,18,富邦-竹東,2023-04-14,9625
3037,欣興,19,3,16,富邦-竹東,2023-04-14,9625
3035,智原,19,3,16,富邦-竹東,2023-04-14,9625
2402,毅嘉,28,12,16,富邦-竹東,2023-04-14,9625
3706,神達,15,1,14,富邦-竹東,2023-04-14,9625
4541,晟田,15,2,13,富邦-竹東,2023-04-14,9625
6125,廣運,15,2,13,富邦-竹東,2023-04-14,9625
00795B,中信美國公債20年,11,0,11,富邦-竹東,2023-04-14,9625
2867,三商壽,11,0,11,富邦-竹東,2023-04-14,9625
00772B,中信高評級公司債,11,0,11,富邦-竹東,2023-04-14,9625
1605,華新,67,57,10,富邦-竹東,2023-04-14,9625
3349,寶德,10,0,10,富邦-竹東,2023-04-14,9625
4903,聯光通,10,0,10,富邦-竹東,2023-04-14,9625
4108,懷特,10,0,10,富邦-竹東,2023-04-14,9625
6153,嘉聯益,10,0,10,富邦-竹東,2023-04-14,9625
6465,威潤,11,1,10,富邦-竹東,2023-04-14,9625
2208,台船,223,73,150,富邦-竹東,2023-04-17,9625
2354,鴻準,113,0,113,富邦-竹東,2023-04-17,9625
1605,華新,133,22,111,富邦-竹東,2023-04-17,9625
00687B,國泰20年美債,105,0,105,富邦-竹東,2023-04-17,9625
00679B,元大美債20年,79,0,79,富邦-竹東,2023-04-17,9625
2634,漢翔,116,53,63,富邦-竹東,2023-04-17,9625
2630,亞航,64,7,57,富邦-竹東,2023-04-17,9625
2836,高雄銀,55,0,55,富邦-竹東,2023-04-17,9625
3481,群創,117,62,55,富邦-竹東,2023-04-17,9625
2206,三陽工業,92,37,55,富邦-竹東,2023-04-17,9625
1313,聯成,50,0,50,富邦-竹東,2023-04-17,9625
3058,立德,43,2,41,富邦-竹東,2023-04-17,9625
6190,萬泰科,36,5,31,富邦-竹東,2023-04-17,9625
00680L,元大美債20正2,31,0,31,富邦-竹東,2023-04-17,9625
00671R,富邦NASDAQ反1,30,0,30,富邦-竹東,2023-04-17,9625
6465,威潤,30,0,30,富邦-竹東,2023-04-17,9625
00891,中信關鍵半導體,29,0,29,富邦-竹東,2023-04-17,9625
00751B,元大AAA至A公司債,26,0,26,富邦-竹東,2023-04-17,9625
00720B,元大投資級公司債,25,0,25,富邦-竹東,2023-04-17,9625
00712,復華富時不動產,25,0,25,富邦-竹東,2023-04-17,9625
2633,台灣高鐵,37,13,24,富邦-竹東,2023-04-17,9625
8121,越峰,31,7,24,富邦-竹東,2023-04-17,9625
1101,台泥,42,21,21,富邦-竹東,2023-04-17,9625
2104,國際中橡,20,0,20,富邦-竹東,2023-04-17,9625
2867,三商壽,22,2,20,富邦-竹東,2023-04-17,9625
2023,燁輝,20,0,20,富邦-竹東,2023-04-17,9625
00632R,元大台灣50反1,20,0,20,富邦-竹東,2023-04-17,9625
6592,和潤企業,20,0,20,富邦-竹東,2023-04-17,9625
00673R,期元大S＆P原油反1,20,0,20,富邦-竹東,2023-04-17,9625
1504,東元,29,11,18,富邦-竹東,2023-04-17,9625
6547,高端疫苗,29,12,17,富邦-竹東,2023-04-17,9625
2610,華航,24,9,15,富邦-竹東,2023-04-17,9625
2344,華邦電,20,5,15,富邦-竹東,2023-04-17,9625
1584,精剛,18,5,13,富邦-竹東,2023-04-17,9625
1595,川寶,12,0,12,富邦-竹東,2023-04-17,9625
3016,嘉晶,15,3,12,富邦-竹東,2023-04-17,9625
3207,耀勝,12,0,12,富邦-竹東,2023-04-17,9625
2359,所羅門,25,13,12,富邦-竹東,2023-04-17,9625
00882,中信中國高股息,19,8,11,富邦-竹東,2023-04-17,9625
5351,鈺創,12,1,11,富邦-竹東,2023-04-17,9625
3047,訊舟,11,0,11,富邦-竹東,2023-04-17,9625
9907,統一實,11,0,11,富邦-竹東,2023-04-17,9625
6285,啟��,13,2,11,富邦-竹東,2023-04-17,9625
3042,晶技,11,0,11,富邦-竹東,2023-04-17,9625
1513,中興電,20,9,11,富邦-竹東,2023-04-17,9625
1905,華紙,11,1,10,富邦-竹東,2023-04-17,9625
6227,茂綸,10,0,10,富邦-竹東,2023-04-17,9625
00888,永豐台灣ESG,10,0,10,富邦-竹東,2023-04-17,9625
2449,京元電子,10,0,10,富邦-竹東,2023-04-17,9625
2601,益航,10,0,10,富邦-竹東,2023-04-17,9625
00680L,元大美債20正2,92,5,87,富邦-竹東,2023-04-18,9625
00632R,元大台灣50反1,78,0,78,富邦-竹東,2023-04-18,9625
3305,昇貿,73,12,61,富邦-竹東,2023-04-18,9625
2634,漢翔,116,55,61,富邦-竹東,2023-04-18,9625
00671R,富邦NASDAQ反1,60,0,60,富邦-竹東,2023-04-18,9625
6743,安普新,60,0,60,富邦-竹東,2023-04-18,9625
1514,亞力,63,4,59,富邦-竹東,2023-04-18,9625
00712,復華富時不動產,49,0,49,富邦-竹東,2023-04-18,9625
1471,首利,53,7,46,富邦-竹東,2023-04-18,9625
00720B,元大投資級公司債,46,0,46,富邦-竹東,2023-04-18,9625
00751B,元大AAA至A公司債,39,0,39,富邦-竹東,2023-04-18,9625
2630,亞航,40,4,36,富邦-竹東,2023-04-18,9625
0056,元大高股息,38,3,35,富邦-竹東,2023-04-18,9625
1584,精剛,52,17,35,富邦-竹東,2023-04-18,9625
2471,資通,36,3,33,富邦-竹東,2023-04-18,9625
1444,力麗,49,17,32,富邦-竹東,2023-04-18,9625
2515,中工,30,0,30,富邦-竹東,2023-04-18,9625
2545,皇翔,30,0,30,富邦-竹東,2023-04-18,9625
00648R,元大S＆P500反1,30,0,30,富邦-竹東,2023-04-18,9625
8926,台汽電,46,17,29,富邦-竹東,2023-04-18,9625
00772B,中信高評級公司債,26,0,26,富邦-竹東,2023-04-18,9625
4908,前鼎,27,1,26,富邦-竹東,2023-04-18,9625
00679B,元大美債20年,26,0,26,富邦-竹東,2023-04-18,9625
3004,豐達科,33,8,25,富邦-竹東,2023-04-18,9625
2633,台灣高鐵,39,15,24,富邦-竹東,2023-04-18,9625
2313,華通,28,4,24,富邦-竹東,2023-04-18,9625
5009,榮剛,32,11,21,富邦-竹東,2023-04-18,9625
6233,旺玖,20,0,20,富邦-竹東,2023-04-18,9625
2392,正崴,20,0,20,富邦-竹東,2023-04-18,9625
00912,中信臺灣智慧50,20,0,20,富邦-竹東,2023-04-18,9625
2609,陽明,26,7,19,富邦-竹東,2023-04-18,9625
1210,大成,19,0,19,富邦-竹東,2023-04-18,9625
00878,國泰永續高股息,48,29,19,富邦-竹東,2023-04-18,9625
4747,強生,18,0,18,富邦-竹東,2023-04-18,9625
1529,樂事綠能,56,38,18,富邦-竹東,2023-04-18,9625
6120,達運,18,0,18,富邦-竹東,2023-04-18,9625
8033,雷虎,41,24,17,富邦-竹東,2023-04-18,9625
6282,康舒,35,18,17,富邦-竹東,2023-04-18,9625
3163,波若威,18,2,16,富邦-竹東,2023-04-18,9625
00687B,國泰20年美債,16,0,16,富邦-竹東,2023-04-18,9625
1101,台泥,22,8,14,富邦-竹東,2023-04-18,9625
2356,英業達,16,3,13,富邦-竹東,2023-04-18,9625
3035,智原,16,4,12,富邦-竹東,2023-04-18,9625
2489,瑞軒,12,0,12,富邦-竹東,2023-04-18,9625
2736,富野,12,0,12,富邦-竹東,2023-04-18,9625
2457,飛宏,54,42,12,富邦-竹東,2023-04-18,9625
00673R,期元大S＆P原油反1,14,2,12,富邦-竹東,2023-04-18,9625
4976,佳凌,14,2,12,富邦-竹東,2023-04-18,9625
6139,亞翔,12,0,12,富邦-竹東,2023-04-18,9625
00888,永豐台灣ESG,11,0,11,富邦-竹東,2023-04-18,9625
2353,宏��,121,10,111,富邦-竹東,2023-04-19,9625
2323,中環,100,1,99,富邦-竹東,2023-04-19,9625
2359,所羅門,60,1,59,富邦-竹東,2023-04-19,9625
8927,北基,54,1,53,富邦-竹東,2023-04-19,9625
6233,旺玖,52,0,52,富邦-竹東,2023-04-19,9625
1514,亞力,105,54,51,富邦-竹東,2023-04-19,9625
1217,愛之味,50,0,50,富邦-竹東,2023-04-19,9625
00888,永豐台灣ESG,49,0,49,富邦-竹東,2023-04-19,9625
6182,合晶,47,0,47,富邦-竹東,2023-04-19,9625
00923,群益台ESG低碳50,43,0,43,富邦-竹東,2023-04-19,9625
2468,華經,40,0,40,富邦-竹東,2023-04-19,9625
2630,亞航,40,1,39,富邦-竹東,2023-04-19,9625
00679B,元大美債20年,36,0,36,富邦-竹東,2023-04-19,9625
1810,和成,61,26,35,富邦-竹東,2023-04-19,9625
00878,國泰永續高股息,61,26,35,富邦-竹東,2023-04-19,9625
3325,旭品,35,1,34,富邦-竹東,2023-04-19,9625
3058,立德,50,17,33,富邦-竹東,2023-04-19,9625
6770,力積電,41,10,31,富邦-竹東,2023-04-19,9625
3479,安勤,31,0,31,富邦-竹東,2023-04-19,9625
3169,亞信,28,0,28,富邦-竹東,2023-04-19,9625
2881,富邦金,30,3,27,富邦-竹東,2023-04-19,9625
8105,凌巨,27,2,25,富邦-竹東,2023-04-19,9625
2208,台船,36,11,25,富邦-竹東,2023-04-19,9625
2363,矽統,25,0,25,富邦-竹東,2023-04-19,9625
1802,台玻,34,9,25,富邦-竹東,2023-04-19,9625
2836,高雄銀,25,0,25,富邦-竹東,2023-04-19,9625
8450,霹靂,24,0,24,富邦-竹東,2023-04-19,9625
2329,華泰,23,1,22,富邦-竹東,2023-04-19,9625
2303,聯電,31,9,22,富邦-竹東,2023-04-19,9625
2504,國產,21,0,21,富邦-竹東,2023-04-19,9625
2498,宏達電,26,6,20,富邦-竹東,2023-04-19,9625
1340,勝悅-KY,21,1,20,富邦-竹東,2023-04-19,9625
00664R,國泰臺灣加權反1,20,0,20,富邦-竹東,2023-04-19,9625
2606,裕民,20,1,19,富邦-竹東,2023-04-19,9625
00882,中信中國高股息,25,6,19,富邦-竹東,2023-04-19,9625
2330,台積電,20,2,18,富邦-竹東,2023-04-19,9625
2313,華通,18,0,18,富邦-竹東,2023-04-19,9625
2328,廣宇,23,5,18,富邦-竹東,2023-04-19,9625
6743,安普新,19,1,18,富邦-竹東,2023-04-19,9625
00671R,富邦NASDAQ反1,18,0,18,富邦-竹東,2023-04-19,9625
3714,富采,17,0,17,富邦-竹東,2023-04-19,9625
8033,雷虎,47,30,17,富邦-竹東,2023-04-19,9625
3037,欣興,19,3,16,富邦-竹東,2023-04-19,9625
6606,建德工業,19,3,16,富邦-竹東,2023-04-19,9625
2331,精英,15,0,15,富邦-竹東,2023-04-19,9625
3189,景碩,19,5,14,富邦-竹東,2023-04-19,9625
1584,精剛,17,3,14,富邦-竹東,2023-04-19,9625
1101,台泥,18,4,14,富邦-竹東,2023-04-19,9625
3706,神達,14,0,14,富邦-竹東,2023-04-19,9625
2748,雲品,14,1,13,富邦-竹東,2023-04-19,9625
00900,富邦特選高股息30,385,0,385,富邦-竹東,2023-04-20,9625
00637L,元大滬深300正2,300,4,296,富邦-竹東,2023-04-20,9625
00878,國泰永續高股息,119,41,78,富邦-竹東,2023-04-20,9625
3673,TPK-KY,76,0,76,富邦-竹東,2023-04-20,9625
1810,和成,89,32,57,富邦-竹東,2023-04-20,9625
2495,普安,52,0,52,富邦-竹東,2023-04-20,9625
4157,太景*-KY,50,5,45,富邦-竹東,2023-04-20,9625
00888,永豐台灣ESG,44,0,44,富邦-竹東,2023-04-20,9625
4167,松瑞藥,40,1,39,富邦-竹東,2023-04-20,9625
6244,茂迪,86,49,37,富邦-竹東,2023-04-20,9625
2890,永豐金,36,0,36,富邦-竹東,2023-04-20,9625
2409,友達,34,0,34,富邦-竹東,2023-04-20,9625
4114,健喬,35,4,31,富邦-竹東,2023-04-20,9625
3236,千如,31,0,31,富邦-竹東,2023-04-20,9625
4581,光隆精密-KY,30,0,30,富邦-竹東,2023-04-20,9625
2889,國票金,25,0,25,富邦-竹東,2023-04-20,9625
2736,富野,25,0,25,富邦-竹東,2023-04-20,9625
2515,中工,25,0,25,富邦-竹東,2023-04-20,9625
3078,僑威,26,3,23,富邦-竹東,2023-04-20,9625
8927,北基,27,5,22,富邦-竹東,2023-04-20,9625
1909,榮成,21,0,21,富邦-竹東,2023-04-20,9625
1101,台泥,33,13,20,富邦-竹東,2023-04-20,9625
9904,寶成,20,0,20,富邦-竹東,2023-04-20,9625
8926,台汽電,22,2,20,富邦-竹東,2023-04-20,9625
1444,力麗,20,0,20,富邦-竹東,2023-04-20,9625
2468,華經,20,0,20,富邦-竹東,2023-04-20,9625
3305,昇貿,22,2,20,富邦-竹東,2023-04-20,9625
6218,豪勉,23,3,20,富邦-竹東,2023-04-20,9625
6290,良維,20,1,19,富邦-竹東,2023-04-20,9625
3147,大綜,20,1,19,富邦-竹東,2023-04-20,9625
5465,富驊,21,3,18,富邦-竹東,2023-04-20,9625
2107,厚生,21,3,18,富邦-竹東,2023-04-20,9625
2484,希華,33,16,17,富邦-竹東,2023-04-20,9625
00713,元大台灣高息低波,17,0,17,富邦-竹東,2023-04-20,9625
6269,台郡,17,0,17,富邦-竹東,2023-04-20,9625
6282,康舒,103,87,16,富邦-竹東,2023-04-20,9625
2408,南亞科,16,0,16,富邦-竹東,2023-04-20,9625
6456,GIS-KY,15,0,15,富邦-竹東,2023-04-20,9625
8050,廣積,18,3,15,富邦-竹東,2023-04-20,9625
2637,慧洋-KY,17,2,15,富邦-竹東,2023-04-20,9625
8936,國統,14,0,14,富邦-竹東,2023-04-20,9625
2303,聯電,23,9,14,富邦-竹東,2023-04-20,9625
2392,正崴,15,2,13,富邦-竹東,2023-04-20,9625
6122,擎邦,15,2,13,富邦-竹東,2023-04-20,9625
00922,國泰台灣領袖50,13,0,13,富邦-竹東,2023-04-20,9625
2915,潤泰全,12,0,12,富邦-竹東,2023-04-20,9625
6129,普誠,15,3,12,富邦-竹東,2023-04-20,9625
1783,和康生,15,3,12,富邦-竹東,2023-04-20,9625
00720B,元大投資級公司債,11,0,11,富邦-竹東,2023-04-20,9625
4726,永昕,11,0,11,富邦-竹東,2023-04-20,9625
1611,中電,176,124,52,富邦-竹東,2023-04-21,9625
5222,全訊,51,1,50,富邦-竹東,2023-04-21,9625
5309,系統電,51,3,48,富邦-竹東,2023-04-21,9625
3673,TPK-KY,44,0,44,富邦-竹東,2023-04-21,9625
1711,永光,70,30,40,富邦-竹東,2023-04-21,9625
6266,泰詠,43,4,39,富邦-竹東,2023-04-21,9625
3380,明泰,63,25,38,富邦-竹東,2023-04-21,9625
2634,漢翔,57,21,36,富邦-竹東,2023-04-21,9625
1907,永豐餘,47,13,34,富邦-竹東,2023-04-21,9625
2891,中信金,36,4,32,富邦-竹東,2023-04-21,9625
6139,亞翔,30,0,30,富邦-竹東,2023-04-21,9625
5425,台半,32,3,29,富邦-竹東,2023-04-21,9625
6129,普誠,29,0,29,富邦-竹東,2023-04-21,9625
6116,彩晶,44,17,27,富邦-竹東,2023-04-21,9625
2014,中鴻,25,0,25,富邦-竹東,2023-04-21,9625
2453,凌群,28,3,25,富邦-竹東,2023-04-21,9625
1909,榮成,26,2,24,富邦-竹東,2023-04-21,9625
9945,潤泰新,20,0,20,富邦-竹東,2023-04-21,9625
3078,僑威,21,1,20,富邦-竹東,2023-04-21,9625
2002,中鋼,22,2,20,富邦-竹東,2023-04-21,9625
2836,高雄銀,20,0,20,富邦-竹東,2023-04-21,9625
1533,車王電,20,0,20,富邦-竹東,2023-04-21,9625
2736,富野,20,0,20,富邦-竹東,2023-04-21,9625
2208,台船,32,13,19,富邦-竹東,2023-04-21,9625
6576,逸達,20,1,19,富邦-竹東,2023-04-21,9625
6244,茂迪,81,62,19,富邦-竹東,2023-04-21,9625
5009,榮剛,26,8,18,富邦-竹東,2023-04-21,9625
4919,新唐,18,0,18,富邦-竹東,2023-04-21,9625
00922,國泰台灣領袖50,17,0,17,富邦-竹東,2023-04-21,9625
2104,國際中橡,17,0,17,富邦-竹東,2023-04-21,9625
4157,太景*-KY,17,0,17,富邦-竹東,2023-04-21,9625
00888,永豐台灣ESG,16,0,16,富邦-竹東,2023-04-21,9625
00713,元大台灣高息低波,16,0,16,富邦-竹東,2023-04-21,9625
2382,廣達,15,0,15,富邦-竹東,2023-04-21,9625
1471,首利,16,1,15,富邦-竹東,2023-04-21,9625
3207,耀勝,15,0,15,富邦-竹東,2023-04-21,9625
00648R,元大S＆P500反1,15,0,15,富邦-竹東,2023-04-21,9625
3704,合勤控,18,3,15,富邦-竹東,2023-04-21,9625
4904,遠傳,25,10,15,富邦-竹東,2023-04-21,9625
2615,萬海,14,0,14,富邦-竹東,2023-04-21,9625
6182,合晶,15,1,14,富邦-竹東,2023-04-21,9625
6743,安普新,45,31,14,富邦-竹東,2023-04-21,9625
0056,元大高股息,18,5,13,富邦-竹東,2023-04-21,9625
2312,金寶,13,0,13,富邦-竹東,2023-04-21,9625
00637L,元大滬深300正2,16,3,13,富邦-竹東,2023-04-21,9625
6290,良維,14,1,13,富邦-竹東,2023-04-21,9625
6770,力積電,56,43,13,富邦-竹東,2023-04-21,9625
2492,華新科,13,1,12,富邦-竹東,2023-04-21,9625
2867,三商壽,12,0,12,富邦-竹東,2023-04-21,9625
00892,富邦台灣半導體,12,0,12,富邦-竹東,2023-04-21,9625
1101,台泥,144,51,93,富邦-竹東,2023-04-24,9625
00772B,中信高評級公司債,86,0,86,富邦-竹東,2023-04-24,9625
2457,飛宏,57,5,52,富邦-竹東,2023-04-24,9625
00680L,元大美債20正2,50,0,50,富邦-竹東,2023-04-24,9625
2881,富邦金,40,0,40,富邦-竹東,2023-04-24,9625
2882,國泰金,44,10,34,富邦-竹東,2023-04-24,9625
4510,高鋒,35,1,34,富邦-竹東,2023-04-24,9625
2913,農林,66,35,31,富邦-竹東,2023-04-24,9625
5222,全訊,30,0,30,富邦-竹東,2023-04-24,9625
3058,立德,31,1,30,富邦-竹東,2023-04-24,9625
3178,公準,30,0,30,富邦-竹東,2023-04-24,9625
2352,佳世達,30,0,30,富邦-竹東,2023-04-24,9625
00902,中信電池及儲能,29,0,29,富邦-竹東,2023-04-24,9625
2634,漢翔,96,67,29,富邦-竹東,2023-04-24,9625
00720B,元大投資級公司債,26,0,26,富邦-竹東,2023-04-24,9625
3035,智原,66,41,25,富邦-竹東,2023-04-24,9625
00712,復華富時不動產,24,0,24,富邦-竹東,2023-04-24,9625
2392,正崴,23,0,23,富邦-竹東,2023-04-24,9625
2317,鴻海,27,5,22,富邦-竹東,2023-04-24,9625
2618,長榮航,22,0,22,富邦-竹東,2023-04-24,9625
00637L,元大滬深300正2,40,19,21,富邦-竹東,2023-04-24,9625
2340,台亞,21,0,21,富邦-竹東,2023-04-24,9625
6148,驊宏資,23,3,20,富邦-竹東,2023-04-24,9625
5351,鈺創,20,0,20,富邦-竹東,2023-04-24,9625
1710,東聯,20,1,19,富邦-竹東,2023-04-24,9625
2303,聯電,18,1,17,富邦-竹東,2023-04-24,9625
1605,華新,39,23,16,富邦-竹東,2023-04-24,9625
2482,連宇,26,10,16,富邦-竹東,2023-04-24,9625
2002,中鋼,17,1,16,富邦-竹東,2023-04-24,9625
6443,元晶,35,20,15,富邦-竹東,2023-04-24,9625
1809,中釉,15,0,15,富邦-竹東,2023-04-24,9625
1904,正隆,21,7,14,富邦-竹東,2023-04-24,9625
9907,統一實,14,0,14,富邦-竹東,2023-04-24,9625
2485,兆赫,15,1,14,富邦-竹東,2023-04-24,9625
3481,群創,25,12,13,富邦-竹東,2023-04-24,9625
6122,擎邦,14,1,13,富邦-竹東,2023-04-24,9625
00878,國泰永續高股息,42,30,12,富邦-竹東,2023-04-24,9625
2330,台積電,17,5,12,富邦-竹東,2023-04-24,9625
3715,定穎投控,12,0,12,富邦-竹東,2023-04-24,9625
00715L,期街口布蘭特正2,12,0,12,富邦-竹東,2023-04-24,9625
8926,台汽電,11,0,11,富邦-竹東,2023-04-24,9625
4157,太景*-KY,20,10,10,富邦-竹東,2023-04-24,9625
4148,全宇生技-KY,10,0,10,富邦-竹東,2023-04-24,9625
2420,新巨,10,0,10,富邦-竹東,2023-04-24,9625
1789,神隆,10,0,10,富邦-竹東,2023-04-24,9625
2313,華通,12,2,10,富邦-竹東,2023-04-24,9625
6290,良維,10,0,10,富邦-竹東,2023-04-24,9625
6576,逸達,10,0,10,富邦-竹東,2023-04-24,9625
4167,松瑞藥,10,0,10,富邦-竹東,2023-04-24,9625
3537,堡達,10,0,10,富邦-竹東,2023-04-24,9625
00902,中信電池及儲能,343,0,343,富邦-竹東,2023-04-25,9625
2884,玉山金,261,2,259,富邦-竹東,2023-04-25,9625
00878,國泰永續高股息,154,47,107,富邦-竹東,2023-04-25,9625
2409,友達,87,0,87,富邦-竹東,2023-04-25,9625
1905,華紙,123,55,68,富邦-竹東,2023-04-25,9625
1310,台苯,124,58,66,富邦-竹東,2023-04-25,9625
1514,亞力,67,2,65,富邦-竹東,2023-04-25,9625
2618,長榮航,60,11,49,富邦-竹東,2023-04-25,9625
2337,旺宏,49,0,49,富邦-竹東,2023-04-25,9625
2002,中鋼,48,3,45,富邦-竹東,2023-04-25,9625
00713,元大台灣高息低波,49,10,39,富邦-竹東,2023-04-25,9625
0056,元大高股息,56,22,34,富邦-竹東,2023-04-25,9625
3294,英濟,30,0,30,富邦-竹東,2023-04-25,9625
2471,資通,47,18,29,富邦-竹東,2023-04-25,9625
0050,元大台灣50,28,0,28,富邦-竹東,2023-04-25,9625
8093,保銳,30,2,28,富邦-竹東,2023-04-25,9625
2328,廣宇,26,0,26,富邦-竹東,2023-04-25,9625
4566,時碩工業,32,10,22,富邦-竹東,2023-04-25,9625
00900,富邦特選高股息30,31,10,21,富邦-竹東,2023-04-25,9625
1101,台泥,62,41,21,富邦-竹東,2023-04-25,9625
2454,聯發科,22,2,20,富邦-竹東,2023-04-25,9625
4130,健亞,35,15,20,富邦-竹東,2023-04-25,9625
2468,華經,20,0,20,富邦-竹東,2023-04-25,9625
2208,台船,37,17,20,富邦-竹東,2023-04-25,9625
2009,第一銅,20,0,20,富邦-竹東,2023-04-25,9625
2913,農林,26,7,19,富邦-竹東,2023-04-25,9625
1219,福壽,31,12,19,富邦-竹東,2023-04-25,9625
2303,聯電,44,26,18,富邦-竹東,2023-04-25,9625
00888,永豐台灣ESG,18,0,18,富邦-竹東,2023-04-25,9625
2609,陽明,45,28,17,富邦-竹東,2023-04-25,9625
2610,華航,19,2,17,富邦-竹東,2023-04-25,9625
6237,驊訊,17,0,17,富邦-竹東,2023-04-25,9625
4114,健喬,30,13,17,富邦-竹東,2023-04-25,9625
1589,永冠-KY,23,7,16,富邦-竹東,2023-04-25,9625
00892,富邦台灣半導體,16,0,16,富邦-竹東,2023-04-25,9625
1909,榮成,35,19,16,富邦-竹東,2023-04-25,9625
2206,三陽工業,35,21,14,富邦-竹東,2023-04-25,9625
5425,台半,18,4,14,富邦-竹東,2023-04-25,9625
00720B,元大投資級公司債,14,0,14,富邦-竹東,2023-04-25,9625
3707,漢磊,13,0,13,富邦-竹東,2023-04-25,9625
8215,明基材,13,0,13,富邦-竹東,2023-04-25,9625
3013,晟銘電,14,1,13,富邦-竹東,2023-04-25,9625
2634,漢翔,62,50,12,富邦-竹東,2023-04-25,9625
00923,群益台ESG低碳50,12,0,12,富邦-竹東,2023-04-25,9625
1904,正隆,29,17,12,富邦-竹東,2023-04-25,9625
3363,上詮,22,10,12,富邦-竹東,2023-04-25,9625
3189,景碩,14,2,12,富邦-竹東,2023-04-25,9625
5521,工信,12,0,12,富邦-竹東,2023-04-25,9625
00772B,中信高評級公司債,12,0,12,富邦-竹東,2023-04-25,9625
6576,逸達,12,0,12,富邦-竹東,2023-04-25,9625
00632R,元大台灣50反1,360,82,278,富邦-竹東,2023-04-26,9625
00902,中信電池及儲能,134,0,134,富邦-竹東,2023-04-26,9625
2618,長榮航,90,2,88,富邦-竹東,2023-04-26,9625
2609,陽明,74,3,71,富邦-竹東,2023-04-26,9625
2206,三陽工業,72,1,71,富邦-竹東,2023-04-26,9625
1504,東元,53,2,51,富邦-竹東,2023-04-26,9625
3035,智原,59,11,48,富邦-竹東,2023-04-26,9625
1611,中電,46,0,46,富邦-竹東,2023-04-26,9625
00679B,元大美債20年,72,26,46,富邦-竹東,2023-04-26,9625
00680L,元大美債20正2,50,6,44,富邦-竹東,2023-04-26,9625
8050,廣積,41,2,39,富邦-竹東,2023-04-26,9625
00878,國泰永續高股息,70,37,33,富邦-竹東,2023-04-26,9625
6179,亞通,30,0,30,富邦-竹東,2023-04-26,9625
00751B,元大AAA至A公司債,30,2,28,富邦-竹東,2023-04-26,9625
3289,宜特,26,0,26,富邦-竹東,2023-04-26,9625
2002,中鋼,30,4,26,富邦-竹東,2023-04-26,9625
3617,碩天,25,0,25,富邦-竹東,2023-04-26,9625
00712,復華富時不動產,21,0,21,富邦-竹東,2023-04-26,9625
2481,強茂,20,0,20,富邦-竹東,2023-04-26,9625
00696B,富邦美債20年,20,0,20,富邦-竹東,2023-04-26,9625
1584,精剛,20,0,20,富邦-竹東,2023-04-26,9625
00687B,國泰20年美債,20,0,20,富邦-竹東,2023-04-26,9625
2337,旺宏,20,0,20,富邦-竹東,2023-04-26,9625
3071,協禧,21,1,20,富邦-竹東,2023-04-26,9625
00669R,國泰美國道瓊反1,24,5,19,富邦-竹東,2023-04-26,9625
8155,博智,21,3,18,富邦-竹東,2023-04-26,9625
6257,矽格,16,0,16,富邦-竹東,2023-04-26,9625
3006,晶豪科,15,0,15,富邦-竹東,2023-04-26,9625
2634,漢翔,32,18,14,富邦-竹東,2023-04-26,9625
6770,力積電,32,20,12,富邦-竹東,2023-04-26,9625
1725,元禎,15,3,12,富邦-竹東,2023-04-26,9625
2610,華航,28,16,12,富邦-竹東,2023-04-26,9625
6237,驊訊,11,0,11,富邦-竹東,2023-04-26,9625
6282,康舒,15,4,11,富邦-竹東,2023-04-26,9625
6285,啟��,22,11,11,富邦-竹東,2023-04-26,9625
6753,龍德造船,11,0,11,富邦-竹東,2023-04-26,9625
2330,台積電,17,6,11,富邦-竹東,2023-04-26,9625
6274,台燿,10,0,10,富邦-竹東,2023-04-26,9625
2392,正崴,10,0,10,富邦-竹東,2023-04-26,9625
6189,豐藝,10,0,10,富邦-竹東,2023-04-26,9625
2468,華經,10,0,10,富邦-竹東,2023-04-26,9625
00715L,期街口布蘭特正2,10,0,10,富邦-竹東,2023-04-26,9625
5222,全訊,13,4,9,富邦-竹東,2023-04-26,9625
1904,正隆,9,0,9,富邦-竹東,2023-04-26,9625
4979,華星光,14,5,9,富邦-竹東,2023-04-26,9625
2891,中信金,9,0,9,富邦-竹東,2023-04-26,9625
2834,臺企銀,10,2,8,富邦-竹東,2023-04-26,9625
1907,永豐餘,26,18,8,富邦-竹東,2023-04-26,9625
3673,TPK-KY,8,0,8,富邦-竹東,2023-04-26,9625
2705,六福,8,0,8,富邦-竹東,2023-04-26,9625
2303,聯電,78,23,55,富邦-竹東,2023-04-27,9625
2206,三陽工業,51,4,47,富邦-竹東,2023-04-27,9625
2801,彰銀,52,9,43,富邦-竹東,2023-04-27,9625
2002,中鋼,43,10,33,富邦-竹東,2023-04-27,9625
00715L,期街口布蘭特正2,32,0,32,富邦-竹東,2023-04-27,9625
2609,陽明,38,9,29,富邦-竹東,2023-04-27,9625
3617,碩天,27,0,27,富邦-竹東,2023-04-27,9625
00878,國泰永續高股息,28,2,26,富邦-竹東,2023-04-27,9625
2891,中信金,37,11,26,富邦-竹東,2023-04-27,9625
2409,友達,26,1,25,富邦-竹東,2023-04-27,9625
8093,保銳,30,7,23,富邦-竹東,2023-04-27,9625
00680L,元大美債20正2,22,0,22,富邦-竹東,2023-04-27,9625
00696B,富邦美債20年,20,0,20,富邦-竹東,2023-04-27,9625
00751B,元大AAA至A公司債,20,0,20,富邦-竹東,2023-04-27,9625
2349,錸德,20,0,20,富邦-竹東,2023-04-27,9625
3705,永信,17,0,17,富邦-竹東,2023-04-27,9625
1710,東聯,94,78,16,富邦-竹東,2023-04-27,9625
4167,松瑞藥,15,0,15,富邦-竹東,2023-04-27,9625
1409,新纖,15,0,15,富邦-竹東,2023-04-27,9625
1721,三晃,83,69,14,富邦-竹東,2023-04-27,9625
4908,前鼎,17,3,14,富邦-竹東,2023-04-27,9625
6160,欣技,21,7,14,富邦-竹東,2023-04-27,9625
2834,臺企銀,14,0,14,富邦-竹東,2023-04-27,9625
6770,力積電,18,5,13,富邦-竹東,2023-04-27,9625
3454,晶睿,14,1,13,富邦-竹東,2023-04-27,9625
00888,永豐台灣ESG,13,0,13,富邦-竹東,2023-04-27,9625
2392,正崴,11,0,11,富邦-竹東,2023-04-27,9625
1717,長興,41,30,11,富邦-竹東,2023-04-27,9625
3499,環天科,11,0,11,富邦-竹東,2023-04-27,9625
2330,台積電,12,2,10,富邦-竹東,2023-04-27,9625
2617,台航,10,0,10,富邦-竹東,2023-04-27,9625
4767,誠泰科技,10,0,10,富邦-竹東,2023-04-27,9625
1714,和桐,10,0,10,富邦-竹東,2023-04-27,9625
6237,驊訊,10,0,10,富邦-竹東,2023-04-27,9625
1316,上曜,10,0,10,富邦-竹東,2023-04-27,9625
2355,敬鵬,10,0,10,富邦-竹東,2023-04-27,9625
1810,和成,11,1,10,富邦-竹東,2023-04-27,9625
6788,華景電,10,0,10,富邦-竹東,2023-04-27,9625
2317,鴻海,13,4,9,富邦-竹東,2023-04-27,9625
1609,大亞,17,8,9,富邦-竹東,2023-04-27,9625
00665L,富邦�琤肭磪囓�2,9,0,9,富邦-竹東,2023-04-27,9625
3711,日月光投控,10,1,9,富邦-竹東,2023-04-27,9625
2603,長榮,23,15,8,富邦-竹東,2023-04-27,9625
3037,欣興,11,3,8,富邦-竹東,2023-04-27,9625
3028,增你強,8,0,8,富邦-竹東,2023-04-27,9625
5371,中光電,9,1,8,富邦-竹東,2023-04-27,9625
3481,群創,29,21,8,富邦-竹東,2023-04-27,9625
6234,高僑,8,0,8,富邦-竹東,2023-04-27,9625
1605,華新,12,4,8,富邦-竹東,2023-04-27,9625
00885,富邦越南,10,3,7,富邦-竹東,2023-04-27,9625
2618,長榮航,113,18,95,富邦-竹東,2023-04-28,9625
2409,友達,99,6,93,富邦-竹東,2023-04-28,9625
3481,群創,100,10,90,富邦-竹東,2023-04-28,9625
00878,國泰永續高股息,73,16,57,富邦-竹東,2023-04-28,9625
2801,彰銀,57,7,50,富邦-竹東,2023-04-28,9625
00720B,元大投資級公司債,47,0,47,富邦-竹東,2023-04-28,9625
00679B,元大美債20年,46,0,46,富邦-竹東,2023-04-28,9625
2002,中鋼,41,5,36,富邦-竹東,2023-04-28,9625
2880,華南金,66,31,35,富邦-竹東,2023-04-28,9625
1605,華新,47,14,33,富邦-竹東,2023-04-28,9625
2014,中鴻,34,2,32,富邦-竹東,2023-04-28,9625
4130,健亞,34,10,24,富邦-竹東,2023-04-28,9625
2107,厚生,23,1,22,富邦-竹東,2023-04-28,9625
6282,康舒,43,23,20,富邦-竹東,2023-04-28,9625
2609,陽明,32,12,20,富邦-竹東,2023-04-28,9625
2344,華邦電,36,16,20,富邦-竹東,2023-04-28,9625
6209,今國光,20,0,20,富邦-竹東,2023-04-28,9625
4566,時碩工業,31,12,19,富邦-竹東,2023-04-28,9625
00900,富邦特選高股息30,18,0,18,富邦-竹東,2023-04-28,9625
2495,普安,19,2,17,富邦-竹東,2023-04-28,9625
1727,中華化,31,15,16,富邦-竹東,2023-04-28,9625
2501,國建,15,0,15,富邦-竹東,2023-04-28,9625
3380,明泰,14,0,14,富邦-竹東,2023-04-28,9625
3704,合勤控,15,1,14,富邦-竹東,2023-04-28,9625
8927,北基,13,0,13,富邦-竹東,2023-04-28,9625
8215,明基材,12,0,12,富邦-竹東,2023-04-28,9625
2204,中華,13,1,12,富邦-竹東,2023-04-28,9625
00751B,元大AAA至A公司債,12,0,12,富邦-竹東,2023-04-28,9625
2233,宇隆,11,0,11,富邦-竹東,2023-04-28,9625
2753,八方雲集,11,0,11,富邦-竹東,2023-04-28,9625
00893,國泰智能電動車,11,0,11,富邦-竹東,2023-04-28,9625
6269,台郡,10,0,10,富邦-竹東,2023-04-28,9625
4716,大立,10,0,10,富邦-竹東,2023-04-28,9625
9955,佳龍,10,0,10,富邦-竹東,2023-04-28,9625
1714,和桐,10,0,10,富邦-竹東,2023-04-28,9625
00885,富邦越南,10,0,10,富邦-竹東,2023-04-28,9625
2012,春雨,10,0,10,富邦-竹東,2023-04-28,9625
2606,裕民,10,0,10,富邦-竹東,2023-04-28,9625
3624,光頡,20,10,10,富邦-竹東,2023-04-28,9625
5425,台半,11,1,10,富邦-竹東,2023-04-28,9625
1444,力麗,10,0,10,富邦-竹東,2023-04-28,9625
3705,永信,10,0,10,富邦-竹東,2023-04-28,9625
5880,合庫金,10,1,9,富邦-竹東,2023-04-28,9625
2027,大成鋼,10,1,9,富邦-竹東,2023-04-28,9625
00902,中信電池及儲能,9,0,9,富邦-竹東,2023-04-28,9625
3702,大聯大,10,1,9,富邦-竹東,2023-04-28,9625
2610,華航,13,4,9,富邦-竹東,2023-04-28,9625
2603,長榮,15,6,9,富邦-竹東,2023-04-28,9625
4306,炎洲,10,2,8,富邦-竹東,2023-04-28,9625
1905,華紙,12,4,8,富邦-竹東,2023-04-28,9625
2344,華邦電,205,0,205,富邦-竹東,2023-05-02,9625
2881,富邦金,175,1,174,富邦-竹東,2023-05-02,9625
00632R,元大台灣50反1,106,10,96,富邦-竹東,2023-05-02,9625
00720B,元大投資級公司債,82,2,80,富邦-竹東,2023-05-02,9625
00680L,元大美債20正2,82,3,79,富邦-竹東,2023-05-02,9625
2471,資通,67,26,41,富邦-竹東,2023-05-02,9625
00679B,元大美債20年,39,0,39,富邦-竹東,2023-05-02,9625
4541,晟田,45,9,36,富邦-竹東,2023-05-02,9625
1605,華新,48,14,34,富邦-竹東,2023-05-02,9625
00687B,國泰20年美債,34,0,34,富邦-竹東,2023-05-02,9625
4754,國碳科,30,0,30,富邦-竹東,2023-05-02,9625
2753,八方雲集,26,0,26,富邦-竹東,2023-05-02,9625
00772B,中信高評級公司債,24,0,24,富邦-竹東,2023-05-02,9625
2603,長榮,36,12,24,富邦-竹東,2023-05-02,9625
1810,和成,23,0,23,富邦-竹東,2023-05-02,9625
2002,中鋼,25,2,23,富邦-竹東,2023-05-02,9625
8222,寶一,34,12,22,富邦-竹東,2023-05-02,9625
6148,驊宏資,23,1,22,富邦-竹東,2023-05-02,9625
00637L,元大滬深300正2,22,1,21,富邦-竹東,2023-05-02,9625
2443,昶虹,20,0,20,富邦-竹東,2023-05-02,9625
2634,漢翔,34,15,19,富邦-竹東,2023-05-02,9625
6190,萬泰科,18,0,18,富邦-竹東,2023-05-02,9625
00751B,元大AAA至A公司債,17,0,17,富邦-竹東,2023-05-02,9625
2338,光罩,16,1,15,富邦-竹東,2023-05-02,9625
6788,華景電,15,0,15,富邦-竹東,2023-05-02,9625
6282,康舒,15,1,14,富邦-竹東,2023-05-02,9625
00795B,中信美國公債20年,14,0,14,富邦-竹東,2023-05-02,9625
4111,濟生,16,2,14,富邦-竹東,2023-05-02,9625
4108,懷特,17,4,13,富邦-竹東,2023-05-02,9625
1504,東元,21,9,12,富邦-竹東,2023-05-02,9625
00706L,期元大S＆P日圓正2,12,0,12,富邦-竹東,2023-05-02,9625
2331,精英,12,0,12,富邦-竹東,2023-05-02,9625
5351,鈺創,12,0,12,富邦-竹東,2023-05-02,9625
6122,擎邦,14,2,12,富邦-竹東,2023-05-02,9625
1109,信大,11,0,11,富邦-竹東,2023-05-02,9625
3093,港建*,10,0,10,富邦-竹東,2023-05-02,9625
6234,高僑,13,3,10,富邦-竹東,2023-05-02,9625
4207,環泰,10,0,10,富邦-竹東,2023-05-02,9625
00919,群益台灣精選高息,42,32,10,富邦-竹東,2023-05-02,9625
1584,精剛,10,0,10,富邦-竹東,2023-05-02,9625
6465,威潤,10,0,10,富邦-竹東,2023-05-02,9625
2427,三商電,10,0,10,富邦-竹東,2023-05-02,9625
4510,高鋒,10,1,9,富邦-竹東,2023-05-02,9625
6125,廣運,9,0,9,富邦-竹東,2023-05-02,9625
4961,天鈺,11,2,9,富邦-竹東,2023-05-02,9625
3205,佰研,9,0,9,富邦-竹東,2023-05-02,9625
6741,91APP*-KY,15,6,9,富邦-竹東,2023-05-02,9625
6835,圓裕,11,2,9,富邦-竹東,2023-05-02,9625
2482,連宇,10,1,9,富邦-竹東,2023-05-02,9625
0056,元大高股息,24,16,8,富邦-竹東,2023-05-02,9625
00878,國泰永續高股息,195,13,182,富邦-竹東,2023-05-03,9625
1514,亞力,126,13,113,富邦-竹東,2023-05-03,9625
6234,高僑,103,16,87,富邦-竹東,2023-05-03,9625
2753,八方雲集,63,0,63,富邦-竹東,2023-05-03,9625
6167,久正,59,0,59,富邦-竹東,2023-05-03,9625
3481,群創,81,26,55,富邦-竹東,2023-05-03,9625
00715L,期街口布蘭特正2,54,0,54,富邦-竹東,2023-05-03,9625
5475,德宏,51,5,46,富邦-竹東,2023-05-03,9625
2609,陽明,55,14,41,富邦-竹東,2023-05-03,9625
2891,中信金,41,1,40,富邦-竹東,2023-05-03,9625
2603,長榮,46,13,33,富邦-竹東,2023-05-03,9625
2208,台船,31,0,31,富邦-竹東,2023-05-03,9625
5880,合庫金,33,2,31,富邦-竹東,2023-05-03,9625
2392,正崴,30,0,30,富邦-竹東,2023-05-03,9625
00642U,期元大S＆P石油,29,0,29,富邦-竹東,2023-05-03,9625
2413,環科,31,2,29,富邦-竹東,2023-05-03,9625
2233,宇隆,28,0,28,富邦-竹東,2023-05-03,9625
00637L,元大滬深300正2,26,0,26,富邦-竹東,2023-05-03,9625
6770,力積電,27,3,24,富邦-竹東,2023-05-03,9625
2913,農林,35,11,24,富邦-竹東,2023-05-03,9625
5465,富驊,30,6,24,富邦-竹東,2023-05-03,9625
2337,旺宏,24,1,23,富邦-竹東,2023-05-03,9625
4173,久裕,24,3,21,富邦-竹東,2023-05-03,9625
3231,緯創,37,17,20,富邦-竹東,2023-05-03,9625
6266,泰詠,23,3,20,富邦-竹東,2023-05-03,9625
4510,高鋒,20,0,20,富邦-竹東,2023-05-03,9625
2615,萬海,21,2,19,富邦-竹東,2023-05-03,9625
6282,康舒,39,20,19,富邦-竹東,2023-05-03,9625
2884,玉山金,30,12,18,富邦-竹東,2023-05-03,9625
2206,三陽工業,22,5,17,富邦-竹東,2023-05-03,9625
2634,漢翔,68,52,16,富邦-竹東,2023-05-03,9625
1589,永冠-KY,18,2,16,富邦-竹東,2023-05-03,9625
1711,永光,16,0,16,富邦-竹東,2023-05-03,9625
3030,德律,16,0,16,富邦-竹東,2023-05-03,9625
6156,松上,16,0,16,富邦-竹東,2023-05-03,9625
00753L,中信中國50正2,15,0,15,富邦-竹東,2023-05-03,9625
1503,士電,44,29,15,富邦-竹東,2023-05-03,9625
00665L,富邦�琤肭磪囓�2,15,0,15,富邦-竹東,2023-05-03,9625
3029,零壹,15,0,15,富邦-竹東,2023-05-03,9625
0056,元大高股息,15,0,15,富邦-竹東,2023-05-03,9625
2317,鴻海,30,15,15,富邦-竹東,2023-05-03,9625
2881,富邦金,13,1,12,富邦-竹東,2023-05-03,9625
4915,致伸,21,9,12,富邦-竹東,2023-05-03,9625
1609,大亞,18,6,12,富邦-竹東,2023-05-03,9625
1519,華城,22,10,12,富邦-竹東,2023-05-03,9625
2801,彰銀,12,0,12,富邦-竹東,2023-05-03,9625
2419,仲琦,12,0,12,富邦-竹東,2023-05-03,9625
2371,大同,16,4,12,富邦-竹東,2023-05-03,9625
1569,濱川,12,0,12,富邦-竹東,2023-05-03,9625
4123,晟德,12,0,12,富邦-竹東,2023-05-03,9625
5388,中磊,112,0,112,富邦-竹東,2023-05-04,9625
00878,國泰永續高股息,75,9,66,富邦-竹東,2023-05-04,9625
00715L,期街口布蘭特正2,65,5,60,富邦-竹東,2023-05-04,9625
2633,台灣高鐵,61,1,60,富邦-竹東,2023-05-04,9625
3706,神達,53,0,53,富邦-竹東,2023-05-04,9625
2317,鴻海,36,0,36,富邦-竹東,2023-05-04,9625
00751B,元大AAA至A公司債,31,0,31,富邦-竹東,2023-05-04,9625
1471,首利,30,0,30,富邦-竹東,2023-05-04,9625
2344,華邦電,39,9,30,富邦-竹東,2023-05-04,9625
8222,寶一,37,10,27,富邦-竹東,2023-05-04,9625
2913,農林,29,2,27,富邦-竹東,2023-05-04,9625
3479,安勤,33,7,26,富邦-竹東,2023-05-04,9625
2634,漢翔,55,30,25,富邦-竹東,2023-05-04,9625
00712,復華富時不動產,24,0,24,富邦-竹東,2023-05-04,9625
1529,樂事綠能,23,2,21,富邦-竹東,2023-05-04,9625
4510,高鋒,21,0,21,富邦-竹東,2023-05-04,9625
6443,元晶,33,13,20,富邦-竹東,2023-05-04,9625
6116,彩晶,20,0,20,富邦-竹東,2023-05-04,9625
6111,大宇資,42,26,16,富邦-竹東,2023-05-04,9625
2401,凌陽,15,0,15,富邦-竹東,2023-05-04,9625
2610,華航,15,0,15,富邦-竹東,2023-05-04,9625
1734,杏輝,17,2,15,富邦-竹東,2023-05-04,9625
5321,美而快,15,1,14,富邦-竹東,2023-05-04,9625
1514,亞力,37,24,13,富邦-竹東,2023-05-04,9625
2409,友達,15,2,13,富邦-竹東,2023-05-04,9625
2208,台船,15,2,13,富邦-竹東,2023-05-04,9625
8085,福華,13,0,13,富邦-竹東,2023-05-04,9625
3231,緯創,35,22,13,富邦-竹東,2023-05-04,9625
3380,明泰,17,5,12,富邦-竹東,2023-05-04,9625
2812,台中銀,12,0,12,富邦-竹東,2023-05-04,9625
2206,三陽工業,27,15,12,富邦-竹東,2023-05-04,9625
2002,中鋼,11,0,11,富邦-竹東,2023-05-04,9625
4911,德英,14,3,11,富邦-竹東,2023-05-04,9625
3049,精金,11,0,11,富邦-竹東,2023-05-04,9625
1589,永冠-KY,11,0,11,富邦-竹東,2023-05-04,9625
4116,明基醫,11,0,11,富邦-竹東,2023-05-04,9625
6126,信音,11,0,11,富邦-竹東,2023-05-04,9625
1711,永光,16,5,11,富邦-竹東,2023-05-04,9625
1701,中化,25,14,11,富邦-竹東,2023-05-04,9625
2368,金像電,11,0,11,富邦-竹東,2023-05-04,9625
6161,捷波,11,0,11,富邦-竹東,2023-05-04,9625
6234,高僑,42,31,11,富邦-竹東,2023-05-04,9625
2897,王道銀行,10,0,10,富邦-竹東,2023-05-04,9625
1720,生達,18,8,10,富邦-竹東,2023-05-04,9625
3702,大聯大,10,0,10,富邦-竹東,2023-05-04,9625
00892,富邦台灣半導體,10,0,10,富邦-竹東,2023-05-04,9625
00893,國泰智能電動車,10,0,10,富邦-竹東,2023-05-04,9625
1907,永豐餘,16,6,10,富邦-竹東,2023-05-04,9625
3006,晶豪科,9,0,9,富邦-竹東,2023-05-04,9625
8155,博智,10,1,9,富邦-竹東,2023-05-04,9625
00715L,期街口布蘭特正2,962,3,959,富邦-竹東,2023-05-05,9625
00878,國泰永續高股息,202,42,160,富邦-竹東,2023-05-05,9625
00642U,期元大S＆P石油,107,0,107,富邦-竹東,2023-05-05,9625
2409,友達,101,2,99,富邦-竹東,2023-05-05,9625
6438,迅得,75,0,75,富邦-竹東,2023-05-05,9625
5880,合庫金,65,0,65,富邦-竹東,2023-05-05,9625
3356,奇偶,61,0,61,富邦-竹東,2023-05-05,9625
8072,陞泰,60,0,60,富邦-竹東,2023-05-05,9625
2358,廷鑫,60,2,58,富邦-竹東,2023-05-05,9625
4572,駐龍,51,1,50,富邦-竹東,2023-05-05,9625
3673,TPK-KY,50,0,50,富邦-竹東,2023-05-05,9625
1609,大亞,104,56,48,富邦-竹東,2023-05-05,9625
6443,元晶,41,6,35,富邦-竹東,2023-05-05,9625
2002,中鋼,36,2,34,富邦-竹東,2023-05-05,9625
2630,亞航,35,4,31,富邦-竹東,2023-05-05,9625
2312,金寶,34,3,31,富邦-竹東,2023-05-05,9625
00712,復華富時不動產,31,0,31,富邦-竹東,2023-05-05,9625
1529,樂事綠能,30,2,28,富邦-竹東,2023-05-05,9625
3071,協禧,27,0,27,富邦-竹東,2023-05-05,9625
2634,漢翔,47,20,27,富邦-竹東,2023-05-05,9625
00720B,元大投資級公司債,26,0,26,富邦-竹東,2023-05-05,9625
1809,中釉,25,0,25,富邦-竹東,2023-05-05,9625
2897,王道銀行,25,0,25,富邦-竹東,2023-05-05,9625
1904,正隆,26,4,22,富邦-竹東,2023-05-05,9625
6625,必應,22,0,22,富邦-竹東,2023-05-05,9625
00713,元大台灣高息低波,21,0,21,富邦-竹東,2023-05-05,9625
6218,豪勉,26,5,21,富邦-竹東,2023-05-05,9625
2344,華邦電,24,3,21,富邦-竹東,2023-05-05,9625
3664,安瑞-KY,21,0,21,富邦-竹東,2023-05-05,9625
00772B,中信高評級公司債,20,0,20,富邦-竹東,2023-05-05,9625
5356,協益,20,0,20,富邦-竹東,2023-05-05,9625
6244,茂迪,22,4,18,富邦-竹東,2023-05-05,9625
2913,農林,23,6,17,富邦-竹東,2023-05-05,9625
1605,華新,28,12,16,富邦-竹東,2023-05-05,9625
2615,萬海,16,0,16,富邦-竹東,2023-05-05,9625
3005,神基,18,2,16,富邦-竹東,2023-05-05,9625
2884,玉山金,31,15,16,富邦-竹東,2023-05-05,9625
2353,宏��,15,0,15,富邦-竹東,2023-05-05,9625
3202,樺晟,15,1,14,富邦-竹東,2023-05-05,9625
9930,中聯資源,13,0,13,富邦-竹東,2023-05-05,9625
3558,神準,13,0,13,富邦-竹東,2023-05-05,9625
2609,陽明,35,23,12,富邦-竹東,2023-05-05,9625
6770,力積電,14,3,11,富邦-竹東,2023-05-05,9625
2208,台船,16,5,11,富邦-竹東,2023-05-05,9625
6257,矽格,11,0,11,富邦-竹東,2023-05-05,9625
8086,宏捷科,11,0,11,富邦-竹東,2023-05-05,9625
4541,晟田,21,11,10,富邦-竹東,2023-05-05,9625
8271,宇瞻,10,0,10,富邦-竹東,2023-05-05,9625
2236,百達-KY,10,0,10,富邦-竹東,2023-05-05,9625
3147,大綜,10,0,10,富邦-竹東,2023-05-05,9625
00715L,期街口布蘭特正2,590,27,563,富邦-竹東,2023-05-08,9625
3481,群創,182,7,175,富邦-竹東,2023-05-08,9625
3014,聯陽,146,14,132,富邦-竹東,2023-05-08,9625
00878,國泰永續高股息,106,29,77,富邦-竹東,2023-05-08,9625
2409,友達,261,191,70,富邦-竹東,2023-05-08,9625
2887,台新金,79,11,68,富邦-竹東,2023-05-08,9625
00882,中信中國高股息,63,7,56,富邦-竹東,2023-05-08,9625
00632R,元大台灣50反1,76,30,46,富邦-竹東,2023-05-08,9625
00888,永豐台灣ESG,51,5,46,富邦-竹東,2023-05-08,9625
4977,眾達-KY,40,0,40,富邦-竹東,2023-05-08,9625
6443,元晶,40,1,39,富邦-竹東,2023-05-08,9625
6163,華電網,40,1,39,富邦-竹東,2023-05-08,9625
1605,華新,86,48,38,富邦-竹東,2023-05-08,9625
00642U,期元大S＆P石油,29,0,29,富邦-竹東,2023-05-08,9625
5880,合庫金,28,3,25,富邦-竹東,2023-05-08,9625
2312,金寶,25,0,25,富邦-竹東,2023-05-08,9625
1905,華紙,35,12,23,富邦-竹東,2023-05-08,9625
00679B,元大美債20年,23,0,23,富邦-竹東,2023-05-08,9625
2371,大同,24,2,22,富邦-竹東,2023-05-08,9625
3712,永崴投控,21,0,21,富邦-竹東,2023-05-08,9625
00713,元大台灣高息低波,22,1,21,富邦-竹東,2023-05-08,9625
4160,訊聯基因,20,0,20,富邦-竹東,2023-05-08,9625
3308,聯德,23,5,18,富邦-竹東,2023-05-08,9625
3705,永信,17,0,17,富邦-竹東,2023-05-08,9625
2402,毅嘉,45,29,16,富邦-竹東,2023-05-08,9625
3715,定穎投控,23,7,16,富邦-竹東,2023-05-08,9625
4510,高鋒,15,0,15,富邦-竹東,2023-05-08,9625
2358,廷鑫,15,0,15,富邦-竹東,2023-05-08,9625
6209,今國光,15,0,15,富邦-竹東,2023-05-08,9625
4744,皇將,29,14,15,富邦-竹東,2023-05-08,9625
8121,越峰,15,0,15,富邦-竹東,2023-05-08,9625
00720B,元大投資級公司債,14,0,14,富邦-竹東,2023-05-08,9625
1451,年興,14,0,14,富邦-竹東,2023-05-08,9625
3038,全台,20,6,14,富邦-竹東,2023-05-08,9625
00680L,元大美債20正2,13,0,13,富邦-竹東,2023-05-08,9625
1101,台泥,39,26,13,富邦-竹東,2023-05-08,9625
2492,華新科,13,1,12,富邦-竹東,2023-05-08,9625
2883,凱基金,154,142,12,富邦-竹東,2023-05-08,9625
2618,長榮航,13,2,11,富邦-竹東,2023-05-08,9625
2424,隴華,11,0,11,富邦-竹東,2023-05-08,9625
3702,大聯大,11,0,11,富邦-竹東,2023-05-08,9625
3363,上詮,12,2,10,富邦-竹東,2023-05-08,9625
9955,佳龍,10,0,10,富邦-竹東,2023-05-08,9625
2406,國碩,10,0,10,富邦-竹東,2023-05-08,9625
3005,神基,11,1,10,富邦-竹東,2023-05-08,9625
3704,合勤控,12,2,10,富邦-竹東,2023-05-08,9625
4763,材料-KY,12,2,10,富邦-竹東,2023-05-08,9625
4123,晟德,11,1,10,富邦-竹東,2023-05-08,9625
4915,致伸,15,5,10,富邦-竹東,2023-05-08,9625
1789,神隆,10,0,10,富邦-竹東,2023-05-08,9625
00878,國泰永續高股息,177,8,169,富邦-竹東,2023-05-09,9625
00679B,元大美債20年,159,0,159,富邦-竹東,2023-05-09,9625
00680L,元大美債20正2,96,0,96,富邦-竹東,2023-05-09,9625
00687B,國泰20年美債,89,0,89,富邦-竹東,2023-05-09,9625
00637L,元大滬深300正2,102,21,81,富邦-竹東,2023-05-09,9625
2887,台新金,82,7,75,富邦-竹東,2023-05-09,9625
6244,茂迪,68,1,67,富邦-竹東,2023-05-09,9625
1514,亞力,67,6,61,富邦-竹東,2023-05-09,9625
2303,聯電,64,4,60,富邦-竹東,2023-05-09,9625
1101,台泥,55,2,53,富邦-竹東,2023-05-09,9625
2891,中信金,47,1,46,富邦-竹東,2023-05-09,9625
3071,協禧,40,1,39,富邦-竹東,2023-05-09,9625
6443,元晶,42,3,39,富邦-竹東,2023-05-09,9625
00720B,元大投資級公司債,34,0,34,富邦-竹東,2023-05-09,9625
4157,太景*-KY,30,1,29,富邦-竹東,2023-05-09,9625
8234,新漢,27,0,27,富邦-竹東,2023-05-09,9625
1409,新纖,25,0,25,富邦-竹東,2023-05-09,9625
3338,泰碩,45,21,24,富邦-竹東,2023-05-09,9625
4977,眾達-KY,23,0,23,富邦-竹東,2023-05-09,9625
4566,時碩工業,22,0,22,富邦-竹東,2023-05-09,9625
2312,金寶,23,2,21,富邦-竹東,2023-05-09,9625
2380,虹光,21,0,21,富邦-竹東,2023-05-09,9625
4744,皇將,36,15,21,富邦-竹東,2023-05-09,9625
4160,訊聯基因,20,0,20,富邦-竹東,2023-05-09,9625
2471,資通,24,4,20,富邦-竹東,2023-05-09,9625
2834,臺企銀,20,0,20,富邦-竹東,2023-05-09,9625
8931,大汽電,18,0,18,富邦-竹東,2023-05-09,9625
2014,中鴻,22,5,17,富邦-竹東,2023-05-09,9625
3715,定穎投控,33,16,17,富邦-竹東,2023-05-09,9625
00751B,元大AAA至A公司債,16,0,16,富邦-竹東,2023-05-09,9625
5371,中光電,16,0,16,富邦-竹東,2023-05-09,9625
3479,安勤,18,2,16,富邦-竹東,2023-05-09,9625
8937,合騏,15,0,15,富邦-竹東,2023-05-09,9625
00772B,中信高評級公司債,16,1,15,富邦-竹東,2023-05-09,9625
6226,光鼎,14,0,14,富邦-竹東,2023-05-09,9625
6770,力積電,14,0,14,富邦-竹東,2023-05-09,9625
5009,榮剛,13,0,13,富邦-竹東,2023-05-09,9625
2634,漢翔,29,17,12,富邦-竹東,2023-05-09,9625
5905,南仁湖,12,0,12,富邦-竹東,2023-05-09,9625
6156,松上,12,0,12,富邦-竹東,2023-05-09,9625
6163,華電網,16,4,12,富邦-竹東,2023-05-09,9625
3046,建��,67,56,11,富邦-竹東,2023-05-09,9625
4707,磐亞,11,0,11,富邦-竹東,2023-05-09,9625
3483,力致,20,9,11,富邦-竹東,2023-05-09,9625
3712,永崴投控,11,0,11,富邦-竹東,2023-05-09,9625
4919,新唐,14,4,10,富邦-竹東,2023-05-09,9625
3702,大聯大,10,0,10,富邦-竹東,2023-05-09,9625
2489,瑞軒,16,6,10,富邦-竹東,2023-05-09,9625
8112,至上,10,0,10,富邦-竹東,2023-05-09,9625
3050,鈺德,10,0,10,富邦-竹東,2023-05-09,9625
00878,國泰永續高股息,187,14,173,富邦-竹東,2023-05-10,9625
2610,華航,148,38,110,富邦-竹東,2023-05-10,9625
1609,大亞,132,57,75,富邦-竹東,2023-05-10,9625
00637L,元大滬深300正2,66,0,66,富邦-竹東,2023-05-10,9625
3058,立德,50,1,49,富邦-竹東,2023-05-10,9625
1762,中化生,49,2,47,富邦-竹東,2023-05-10,9625
6245,立端,40,0,40,富邦-竹東,2023-05-10,9625
6116,彩晶,40,4,36,富邦-竹東,2023-05-10,9625
5880,合庫金,43,7,36,富邦-竹東,2023-05-10,9625
1101,台泥,32,2,30,富邦-竹東,2023-05-10,9625
00680L,元大美債20正2,29,0,29,富邦-竹東,2023-05-10,9625
3673,TPK-KY,27,0,27,富邦-竹東,2023-05-10,9625
00679B,元大美債20年,31,6,25,富邦-竹東,2023-05-10,9625
00713,元大台灣高息低波,35,11,24,富邦-竹東,2023-05-10,9625
6191,精成科,26,4,22,富邦-竹東,2023-05-10,9625
4977,眾達-KY,20,0,20,富邦-竹東,2023-05-10,9625
4572,駐龍,20,0,20,富邦-竹東,2023-05-10,9625
00687B,國泰20年美債,20,0,20,富邦-竹東,2023-05-10,9625
1611,中電,20,0,20,富邦-竹東,2023-05-10,9625
3013,晟銘電,17,0,17,富邦-竹東,2023-05-10,9625
2313,華通,15,1,14,富邦-竹東,2023-05-10,9625
4979,華星光,27,13,14,富邦-竹東,2023-05-10,9625
6160,欣技,19,6,13,富邦-竹東,2023-05-10,9625
00665L,富邦�琤肭磪囓�2,13,0,13,富邦-竹東,2023-05-10,9625
1218,泰山,14,2,12,富邦-竹東,2023-05-10,9625
1584,精剛,14,2,12,富邦-竹東,2023-05-10,9625
8222,寶一,24,12,12,富邦-竹東,2023-05-10,9625
8039,台虹,11,0,11,富邦-竹東,2023-05-10,9625
00692,富邦公司治理,11,0,11,富邦-竹東,2023-05-10,9625
2368,金像電,13,2,11,富邦-竹東,2023-05-10,9625
3105,穩懋,10,0,10,富邦-竹東,2023-05-10,9625
1789,神隆,10,0,10,富邦-竹東,2023-05-10,9625
4157,太景*-KY,10,0,10,富邦-竹東,2023-05-10,9625
00673R,期元大S＆P原油反1,10,0,10,富邦-竹東,2023-05-10,9625
3296,勝德,10,0,10,富邦-竹東,2023-05-10,9625
6432,今展科,10,0,10,富邦-竹東,2023-05-10,9625
4123,晟德,9,0,9,富邦-竹東,2023-05-10,9625
00696B,富邦美債20年,9,0,9,富邦-竹東,2023-05-10,9625
3071,協禧,30,21,9,富邦-竹東,2023-05-10,9625
2337,旺宏,10,1,9,富邦-竹東,2023-05-10,9625
2450,神腦,10,1,9,富邦-竹東,2023-05-10,9625
9960,邁達康,10,1,9,富邦-竹東,2023-05-10,9625
00712,復華富時不動產,8,0,8,富邦-竹東,2023-05-10,9625
4541,晟田,9,1,8,富邦-竹東,2023-05-10,9625
6282,康舒,13,5,8,富邦-竹東,2023-05-10,9625
00751B,元大AAA至A公司債,8,0,8,富邦-竹東,2023-05-10,9625
2723,美食-KY,8,0,8,富邦-竹東,2023-05-10,9625
2330,台積電,8,1,7,富邦-竹東,2023-05-10,9625
8038,長園科,7,0,7,富邦-竹東,2023-05-10,9625
00655L,國泰中國A50正2,7,0,7,富邦-竹東,2023-05-10,9625
2344,華邦電,113,3,110,富邦-竹東,2023-05-11,9625
1762,中化生,84,1,83,富邦-竹東,2023-05-11,9625
2409,友達,107,30,77,富邦-竹東,2023-05-11,9625
5880,合庫金,77,0,77,富邦-竹東,2023-05-11,9625
3290,東浦,55,2,53,富邦-竹東,2023-05-11,9625
3024,憶聲,50,2,48,富邦-竹東,2023-05-11,9625
00878,國泰永續高股息,60,15,45,富邦-竹東,2023-05-11,9625
2468,華經,41,0,41,富邦-竹東,2023-05-11,9625
00751B,元大AAA至A公司債,41,0,41,富邦-竹東,2023-05-11,9625
1609,大亞,84,45,39,富邦-竹東,2023-05-11,9625
00664R,國泰臺灣加權反1,30,0,30,富邦-竹東,2023-05-11,9625
4157,太景*-KY,30,1,29,富邦-竹東,2023-05-11,9625
6285,啟��,35,7,28,富邦-竹東,2023-05-11,9625
4967,十銓,34,8,26,富邦-竹東,2023-05-11,9625
2603,長榮,32,7,25,富邦-竹東,2023-05-11,9625
2609,陽明,40,15,25,富邦-竹東,2023-05-11,9625
9945,潤泰新,25,1,24,富邦-竹東,2023-05-11,9625
2515,中工,22,0,22,富邦-竹東,2023-05-11,9625
5388,中磊,22,0,22,富邦-竹東,2023-05-11,9625
2913,農林,29,7,22,富邦-竹東,2023-05-11,9625
1101,台泥,35,14,21,富邦-竹東,2023-05-11,9625
3071,協禧,20,0,20,富邦-竹東,2023-05-11,9625
6185,幃翔,25,5,20,富邦-竹東,2023-05-11,9625
3033,威健,20,0,20,富邦-竹東,2023-05-11,9625
8105,凌巨,20,0,20,富邦-竹東,2023-05-11,9625
00679B,元大美債20年,17,0,17,富邦-竹東,2023-05-11,9625
00885,富邦越南,17,1,16,富邦-竹東,2023-05-11,9625
6456,GIS-KY,15,0,15,富邦-竹東,2023-05-11,9625
2610,華航,21,6,15,富邦-竹東,2023-05-11,9625
00900,富邦特選高股息30,15,0,15,富邦-竹東,2023-05-11,9625
5483,中美晶,17,3,14,富邦-竹東,2023-05-11,9625
2337,旺宏,15,1,14,富邦-竹東,2023-05-11,9625
6443,元晶,14,0,14,富邦-竹東,2023-05-11,9625
6282,康舒,17,3,14,富邦-竹東,2023-05-11,9625
2201,裕隆,13,1,12,富邦-竹東,2023-05-11,9625
2812,台中銀,17,5,12,富邦-竹東,2023-05-11,9625
00888,永豐台灣ESG,12,0,12,富邦-竹東,2023-05-11,9625
5521,工信,12,0,12,富邦-竹東,2023-05-11,9625
3322,建舜電,11,0,11,富邦-竹東,2023-05-11,9625
4503,金雨,24,13,11,富邦-竹東,2023-05-11,9625
8403,盛弘,12,1,11,富邦-竹東,2023-05-11,9625
1513,中興電,13,3,10,富邦-竹東,2023-05-11,9625
6233,旺玖,10,0,10,富邦-竹東,2023-05-11,9625
2312,金寶,10,0,10,富邦-竹東,2023-05-11,9625
2323,中環,10,0,10,富邦-竹東,2023-05-11,9625
2504,國產,10,0,10,富邦-竹東,2023-05-11,9625
5488,松普,10,0,10,富邦-竹東,2023-05-11,9625
4767,誠泰科技,10,0,10,富邦-竹東,2023-05-11,9625
00896,中信綠能及電動車,10,0,10,富邦-竹東,2023-05-11,9625
3338,泰碩,10,0,10,富邦-竹東,2023-05-11,9625
00751B,元大AAA至A公司債,80,2,78,富邦-竹東,2023-05-12,9625
2353,宏��,81,19,62,富邦-竹東,2023-05-12,9625
00878,國泰永續高股息,119,72,47,富邦-竹東,2023-05-12,9625
2409,友達,44,0,44,富邦-竹東,2023-05-12,9625
00902,中信電池及儲能,43,1,42,富邦-竹東,2023-05-12,9625
00882,中信中國高股息,37,1,36,富邦-竹東,2023-05-12,9625
5432,新門,36,0,36,富邦-竹東,2023-05-12,9625
2888,新光金,35,0,35,富邦-竹東,2023-05-12,9625
2317,鴻海,40,7,33,富邦-竹東,2023-05-12,9625
4533,協易機,40,10,30,富邦-竹東,2023-05-12,9625
00713,元大台灣高息低波,29,0,29,富邦-竹東,2023-05-12,9625
5880,合庫金,38,10,28,富邦-竹東,2023-05-12,9625
1101,台泥,28,1,27,富邦-竹東,2023-05-12,9625
6625,必應,25,0,25,富邦-竹東,2023-05-12,9625
1712,興農,22,0,22,富邦-竹東,2023-05-12,9625
8038,長園科,27,5,22,富邦-竹東,2023-05-12,9625
00715L,期街口布蘭特正2,26,5,21,富邦-竹東,2023-05-12,9625
2736,富野,30,10,20,富邦-竹東,2023-05-12,9625
8085,福華,21,1,20,富邦-竹東,2023-05-12,9625
1742,台蠟,20,0,20,富邦-竹東,2023-05-12,9625
00637L,元大滬深300正2,19,0,19,富邦-竹東,2023-05-12,9625
8926,台汽電,20,1,19,富邦-竹東,2023-05-12,9625
2610,華航,26,7,19,富邦-竹東,2023-05-12,9625
9907,統一實,18,0,18,富邦-竹東,2023-05-12,9625
1905,華紙,22,5,17,富邦-竹東,2023-05-12,9625
3481,群創,17,0,17,富邦-竹東,2023-05-12,9625
00712,復華富時不動產,16,0,16,富邦-竹東,2023-05-12,9625
3037,欣興,33,18,15,富邦-竹東,2023-05-12,9625
2007,燁興,15,0,15,富邦-竹東,2023-05-12,9625
4157,太景*-KY,15,0,15,富邦-竹東,2023-05-12,9625
9945,潤泰新,17,3,14,富邦-竹東,2023-05-12,9625
2882,國泰金,15,2,13,富邦-竹東,2023-05-12,9625
3014,聯陽,41,28,13,富邦-竹東,2023-05-12,9625
4967,十銓,18,7,11,富邦-竹東,2023-05-12,9625
5388,中磊,11,0,11,富邦-竹東,2023-05-12,9625
1326,台化,10,0,10,富邦-竹東,2023-05-12,9625
6282,康舒,10,0,10,富邦-竹東,2023-05-12,9625
4123,晟德,12,2,10,富邦-竹東,2023-05-12,9625
4536,拓凱,11,1,10,富邦-竹東,2023-05-12,9625
6461,益得,10,0,10,富邦-竹東,2023-05-12,9625
2358,廷鑫,10,0,10,富邦-竹東,2023-05-12,9625
1727,中華化,15,5,10,富邦-竹東,2023-05-12,9625
9921,巨大,10,1,9,富邦-竹東,2023-05-12,9625
1218,泰山,10,1,9,富邦-竹東,2023-05-12,9625
4161,聿新科,9,1,8,富邦-竹東,2023-05-12,9625
4207,環泰,8,0,8,富邦-竹東,2023-05-12,9625
9950,萬國通,8,0,8,富邦-竹東,2023-05-12,9625
1608,華榮,10,2,8,富邦-竹東,2023-05-12,9625
4746,台耀,10,2,8,富邦-竹東,2023-05-12,9625
3402,漢科,8,0,8,富邦-竹東,2023-05-12,9625
00878,國泰永續高股息,177,6,171,富邦-竹東,2023-05-15,9625
00642U,期元大S＆P石油,100,0,100,富邦-竹東,2023-05-15,9625
6767,台微醫,69,0,69,富邦-竹東,2023-05-15,9625
1504,東元,86,37,49,富邦-竹東,2023-05-15,9625
2633,台灣高鐵,52,7,45,富邦-竹東,2023-05-15,9625
2208,台船,70,27,43,富邦-竹東,2023-05-15,9625
2303,聯電,43,3,40,富邦-竹東,2023-05-15,9625
2313,華通,35,0,35,富邦-竹東,2023-05-15,9625
8011,台通,37,2,35,富邦-竹東,2023-05-15,9625
3231,緯創,77,43,34,富邦-竹東,2023-05-15,9625
3058,立德,34,2,32,富邦-竹東,2023-05-15,9625
6576,逸達,30,0,30,富邦-竹東,2023-05-15,9625
00715L,期街口布蘭特正2,26,0,26,富邦-竹東,2023-05-15,9625
6122,擎邦,31,7,24,富邦-竹東,2023-05-15,9625
2603,長榮,30,10,20,富邦-竹東,2023-05-15,9625
3454,晶睿,21,1,20,富邦-竹東,2023-05-15,9625
2890,永豐金,20,0,20,富邦-竹東,2023-05-15,9625
6220,岳豐,20,0,20,富邦-竹東,2023-05-15,9625
00751B,元大AAA至A公司債,18,0,18,富邦-竹東,2023-05-15,9625
1609,大亞,29,11,18,富邦-竹東,2023-05-15,9625
2915,潤泰全,16,0,16,富邦-竹東,2023-05-15,9625
1340,勝悅-KY,15,0,15,富邦-竹東,2023-05-15,9625
1589,永冠-KY,20,5,15,富邦-竹東,2023-05-15,9625
00900,富邦特選高股息30,14,0,14,富邦-竹東,2023-05-15,9625
2457,飛宏,19,5,14,富邦-竹東,2023-05-15,9625
4123,晟德,19,5,14,富邦-竹東,2023-05-15,9625
3105,穩懋,13,0,13,富邦-竹東,2023-05-15,9625
00902,中信電池及儲能,13,0,13,富邦-竹東,2023-05-15,9625
00679B,元大美債20年,13,0,13,富邦-竹東,2023-05-15,9625
2458,義隆,13,0,13,富邦-竹東,2023-05-15,9625
00885,富邦越南,14,1,13,富邦-竹東,2023-05-15,9625
2317,鴻海,21,8,13,富邦-竹東,2023-05-15,9625
6163,華電網,15,3,12,富邦-竹東,2023-05-15,9625
3013,晟銘電,12,0,12,富邦-竹東,2023-05-15,9625
2834,臺企銀,12,1,11,富邦-竹東,2023-05-15,9625
3576,聯合再生,11,0,11,富邦-竹東,2023-05-15,9625
1802,台玻,11,0,11,富邦-竹東,2023-05-15,9625
00687B,國泰20年美債,11,0,11,富邦-竹東,2023-05-15,9625
8213,志超,10,0,10,富邦-竹東,2023-05-15,9625
3026,禾伸堂,10,0,10,富邦-竹東,2023-05-15,9625
6127,九豪,10,0,10,富邦-竹東,2023-05-15,9625
2406,國碩,10,0,10,富邦-竹東,2023-05-15,9625
8234,新漢,10,0,10,富邦-竹東,2023-05-15,9625
2851,中再保,10,0,10,富邦-竹東,2023-05-15,9625
6152,百一,10,0,10,富邦-竹東,2023-05-15,9625
00853B,統一美債10年Aa-,10,0,10,富邦-竹東,2023-05-15,9625
2358,廷鑫,10,0,10,富邦-竹東,2023-05-15,9625
00674R,期元大S＆P黃金反1,10,0,10,富邦-竹東,2023-05-15,9625
3268,海德威,10,0,10,富邦-竹東,2023-05-15,9625
8105,凌巨,10,0,10,富邦-竹東,2023-05-15,9625
00632R,元大台灣50反1,315,30,285,富邦-竹東,2023-05-16,9625
00902,中信電池及儲能,100,0,100,富邦-竹東,2023-05-16,9625
00687B,國泰20年美債,96,0,96,富邦-竹東,2023-05-16,9625
2736,富野,68,8,60,富邦-竹東,2023-05-16,9625
6220,岳豐,61,2,59,富邦-竹東,2023-05-16,9625
2303,聯電,89,38,51,富邦-竹東,2023-05-16,9625
8105,凌巨,62,12,50,富邦-竹東,2023-05-16,9625
00795B,中信美國公債20年,41,0,41,富邦-竹東,2023-05-16,9625
00690,兆豐藍籌30,38,0,38,富邦-竹東,2023-05-16,9625
2883,凱基金,41,4,37,富邦-竹東,2023-05-16,9625
6163,華電網,36,2,34,富邦-竹東,2023-05-16,9625
00720B,元大投資級公司債,28,0,28,富邦-竹東,2023-05-16,9625
1905,華紙,38,10,28,富邦-竹東,2023-05-16,9625
8940,新天地,33,6,27,富邦-竹東,2023-05-16,9625
2002,中鋼,26,0,26,富邦-竹東,2023-05-16,9625
00664R,國泰臺灣加權反1,22,0,22,富邦-竹東,2023-05-16,9625
5531,鄉林,20,0,20,富邦-竹東,2023-05-16,9625
3540,曜越,31,11,20,富邦-竹東,2023-05-16,9625
2881,富邦金,20,2,18,富邦-竹東,2023-05-16,9625
3257,虹冠電,18,2,16,富邦-竹東,2023-05-16,9625
2409,友達,15,0,15,富邦-竹東,2023-05-16,9625
2852,第一保,15,0,15,富邦-竹東,2023-05-16,9625
2353,宏��,15,1,14,富邦-竹東,2023-05-16,9625
00772B,中信高評級公司債,13,0,13,富邦-竹東,2023-05-16,9625
3545,敦泰,16,3,13,富邦-竹東,2023-05-16,9625
2317,鴻海,19,7,12,富邦-竹東,2023-05-16,9625
2313,華通,13,1,12,富邦-竹東,2023-05-16,9625
00751B,元大AAA至A公司債,12,0,12,富邦-竹東,2023-05-16,9625
2610,華航,15,3,12,富邦-竹東,2023-05-16,9625
4967,十銓,78,66,12,富邦-竹東,2023-05-16,9625
1721,三晃,44,33,11,富邦-竹東,2023-05-16,9625
00919,群益台灣精選高息,10,0,10,富邦-竹東,2023-05-16,9625
4157,太景*-KY,10,0,10,富邦-竹東,2023-05-16,9625
2017,官田鋼,10,0,10,富邦-竹東,2023-05-16,9625
3308,聯德,11,1,10,富邦-竹東,2023-05-16,9625
6125,廣運,10,0,10,富邦-竹東,2023-05-16,9625
2323,中環,71,61,10,富邦-竹東,2023-05-16,9625
6835,圓裕,10,0,10,富邦-竹東,2023-05-16,9625
00773B,中信優先金融債,10,0,10,富邦-竹東,2023-05-16,9625
2337,旺宏,10,0,10,富邦-竹東,2023-05-16,9625
00669R,國泰美國道瓊反1,10,0,10,富邦-竹東,2023-05-16,9625
2516,新建,10,0,10,富邦-竹東,2023-05-16,9625
2633,台灣高鐵,16,6,10,富邦-竹東,2023-05-16,9625
2206,三陽工業,18,9,9,富邦-竹東,2023-05-16,9625
2609,陽明,9,1,8,富邦-竹東,2023-05-16,9625
8088,品安,9,1,8,富邦-竹東,2023-05-16,9625
2368,金像電,18,10,8,富邦-竹東,2023-05-16,9625
5243,乙盛-KY,10,2,8,富邦-竹東,2023-05-16,9625
2515,中工,8,0,8,富邦-竹東,2023-05-16,9625
2883B,凱基金乙特,8,0,8,富邦-竹東,2023-05-16,9625
00632R,元大台灣50反1,1041,590,451,富邦-竹東,2023-05-17,9625
00878,國泰永續高股息,118,23,95,富邦-竹東,2023-05-17,9625
00680L,元大美債20正2,88,10,78,富邦-竹東,2023-05-17,9625
2303,聯電,115,46,69,富邦-竹東,2023-05-17,9625
00795B,中信美國公債20年,47,0,47,富邦-竹東,2023-05-17,9625
2337,旺宏,34,0,34,富邦-竹東,2023-05-17,9625
1605,華新,33,1,32,富邦-竹東,2023-05-17,9625
6245,立端,30,0,30,富邦-竹東,2023-05-17,9625
00669R,國泰美國道瓊反1,30,1,29,富邦-竹東,2023-05-17,9625
8105,凌巨,32,4,28,富邦-竹東,2023-05-17,9625
00882,中信中國高股息,25,0,25,富邦-竹東,2023-05-17,9625
00772B,中信高評級公司債,24,0,24,富邦-竹東,2023-05-17,9625
6767,台微醫,23,0,23,富邦-竹東,2023-05-17,9625
2344,華邦電,43,22,21,富邦-竹東,2023-05-17,9625
3715,定穎投控,40,20,20,富邦-竹東,2023-05-17,9625
6576,逸達,20,0,20,富邦-竹東,2023-05-17,9625
8176,智捷,20,0,20,富邦-竹東,2023-05-17,9625
2312,金寶,20,2,18,富邦-竹東,2023-05-17,9625
3363,上詮,19,1,18,富邦-竹東,2023-05-17,9625
2489,瑞軒,19,1,18,富邦-竹東,2023-05-17,9625
00751B,元大AAA至A公司債,17,0,17,富邦-竹東,2023-05-17,9625
6209,今國光,15,0,15,富邦-竹東,2023-05-17,9625
1810,和成,16,2,14,富邦-竹東,2023-05-17,9625
00679B,元大美債20年,19,5,14,富邦-竹東,2023-05-17,9625
00712,復華富時不動產,14,1,13,富邦-竹東,2023-05-17,9625
6285,啟��,15,2,13,富邦-竹東,2023-05-17,9625
6589,台康生技,16,3,13,富邦-竹東,2023-05-17,9625
1513,中興電,15,2,13,富邦-竹東,2023-05-17,9625
1519,華城,17,5,12,富邦-竹東,2023-05-17,9625
1589,永冠-KY,10,0,10,富邦-竹東,2023-05-17,9625
3308,聯德,10,0,10,富邦-竹東,2023-05-17,9625
5457,宣德,10,0,10,富邦-竹東,2023-05-17,9625
1218,泰山,10,0,10,富邦-竹東,2023-05-17,9625
3556,禾瑞亞,10,0,10,富邦-竹東,2023-05-17,9625
2491,吉祥全,10,0,10,富邦-竹東,2023-05-17,9625
6005,群益證,10,0,10,富邦-竹東,2023-05-17,9625
3518,柏騰,10,0,10,富邦-竹東,2023-05-17,9625
00696B,富邦美債20年,10,0,10,富邦-竹東,2023-05-17,9625
2634,漢翔,22,12,10,富邦-竹東,2023-05-17,9625
4566,時碩工業,10,1,9,富邦-竹東,2023-05-17,9625
2444,兆勁,9,0,9,富邦-竹東,2023-05-17,9625
2618,長榮航,13,4,9,富邦-竹東,2023-05-17,9625
8222,寶一,44,35,9,富邦-竹東,2023-05-17,9625
1314,中石化,10,2,8,富邦-竹東,2023-05-17,9625
00715L,期街口布蘭特正2,9,1,8,富邦-竹東,2023-05-17,9625
2603,長榮,18,10,8,富邦-竹東,2023-05-17,9625
00720B,元大投資級公司債,7,0,7,富邦-竹東,2023-05-17,9625
6271,同欣電,9,2,7,富邦-竹東,2023-05-17,9625
2421,建準,11,4,7,富邦-竹東,2023-05-17,9625
00885,富邦越南,6,0,6,富邦-竹東,2023-05-17,9625
00632R,元大台灣50反1,1500,1020,480,富邦-竹東,2023-05-18,9625
5880,合庫金,164,4,160,富邦-竹東,2023-05-18,9625
00664R,國泰臺灣加權反1,52,0,52,富邦-竹東,2023-05-18,9625
1101,台泥,34,0,34,富邦-竹東,2023-05-18,9625
00680L,元大美債20正2,94,60,34,富邦-竹東,2023-05-18,9625
2491,吉祥全,30,0,30,富邦-竹東,2023-05-18,9625
8937,合騏,30,0,30,富邦-竹東,2023-05-18,9625
1504,東元,63,34,29,富邦-竹東,2023-05-18,9625
00687B,國泰20年美債,29,0,29,富邦-竹東,2023-05-18,9625
5243,乙盛-KY,32,4,28,富邦-竹東,2023-05-18,9625
00673R,期元大S＆P原油反1,20,0,20,富邦-竹東,2023-05-18,9625
6233,旺玖,20,0,20,富邦-竹東,2023-05-18,9625
4906,正文,18,0,18,富邦-竹東,2023-05-18,9625
3362,先進光,24,8,16,富邦-竹東,2023-05-18,9625
3006,晶豪科,17,1,16,富邦-竹東,2023-05-18,9625
6285,啟��,18,3,15,富邦-竹東,2023-05-18,9625
8038,長園科,14,0,14,富邦-竹東,2023-05-18,9625
5351,鈺創,18,4,14,富邦-竹東,2023-05-18,9625
3704,合勤控,24,10,14,富邦-竹東,2023-05-18,9625
2734,易飛網,15,1,14,富邦-竹東,2023-05-18,9625
2342,茂矽,14,0,14,富邦-竹東,2023-05-18,9625
1584,精剛,28,15,13,富邦-竹東,2023-05-18,9625
6266,泰詠,22,9,13,富邦-竹東,2023-05-18,9625
3522,御嵿,12,0,12,富邦-竹東,2023-05-18,9625
4951,精拓科,12,0,12,富邦-竹東,2023-05-18,9625
00751B,元大AAA至A公司債,12,0,12,富邦-竹東,2023-05-18,9625
2603,長榮,14,3,11,富邦-竹東,2023-05-18,9625
6168,宏齊,11,0,11,富邦-竹東,2023-05-18,9625
00795B,中信美國公債20年,10,0,10,富邦-竹東,2023-05-18,9625
2014,中鴻,10,0,10,富邦-竹東,2023-05-18,9625
6550,北極星藥業-KY,11,1,10,富邦-竹東,2023-05-18,9625
2481,強茂,10,0,10,富邦-竹東,2023-05-18,9625
6593,台灣銘板,10,0,10,富邦-竹東,2023-05-18,9625
00679B,元大美債20年,10,0,10,富邦-竹東,2023-05-18,9625
8924,大田,10,0,10,富邦-竹東,2023-05-18,9625
6625,必應,28,18,10,富邦-竹東,2023-05-18,9625
8076,伍豐,13,3,10,富邦-竹東,2023-05-18,9625
3033,威健,10,0,10,富邦-竹東,2023-05-18,9625
6547,高端疫苗,10,1,9,富邦-竹東,2023-05-18,9625
6598,ABC-KY,9,0,9,富邦-竹東,2023-05-18,9625
6163,華電網,10,1,9,富邦-竹東,2023-05-18,9625
1605,華新,19,10,9,富邦-竹東,2023-05-18,9625
6770,力積電,15,8,7,富邦-竹東,2023-05-18,9625
6142,友勁,7,0,7,富邦-竹東,2023-05-18,9625
00720B,元大投資級公司債,7,0,7,富邦-竹東,2023-05-18,9625
3047,訊舟,10,3,7,富邦-竹東,2023-05-18,9625
00706L,期元大S＆P日圓正2,7,0,7,富邦-竹東,2023-05-18,9625
3363,上詮,25,18,7,富邦-竹東,2023-05-18,9625
6589,台康生技,6,0,6,富邦-竹東,2023-05-18,9625
1810,和成,10,4,6,富邦-竹東,2023-05-18,9625
00632R,元大台灣50反1,263,180,83,富邦-竹東,2023-05-19,9625
5880,合庫金,75,10,65,富邦-竹東,2023-05-19,9625
6245,立端,68,4,64,富邦-竹東,2023-05-19,9625
3058,立德,77,16,61,富邦-竹東,2023-05-19,9625
2834,臺企銀,51,0,51,富邦-竹東,2023-05-19,9625
1514,亞力,66,18,48,富邦-竹東,2023-05-19,9625
2719,燦星旅,44,1,43,富邦-竹東,2023-05-19,9625
5009,榮剛,46,4,42,富邦-竹東,2023-05-19,9625
2358,廷鑫,35,0,35,富邦-竹東,2023-05-19,9625
00679B,元大美債20年,33,0,33,富邦-竹東,2023-05-19,9625
2482,連宇,43,11,32,富邦-竹東,2023-05-19,9625
00882,中信中國高股息,29,0,29,富邦-竹東,2023-05-19,9625
00772B,中信高評級公司債,30,4,26,富邦-竹東,2023-05-19,9625
00687B,國泰20年美債,23,0,23,富邦-竹東,2023-05-19,9625
1513,中興電,41,19,22,富邦-竹東,2023-05-19,9625
2206,三陽工業,40,18,22,富邦-竹東,2023-05-19,9625
6244,茂迪,24,4,20,富邦-竹東,2023-05-19,9625
6290,良維,19,0,19,富邦-竹東,2023-05-19,9625
00881,國泰台灣5G+,20,1,19,富邦-竹東,2023-05-19,9625
2722,夏都,21,3,18,富邦-竹東,2023-05-19,9625
8048,德勝,17,0,17,富邦-竹東,2023-05-19,9625
1605,華新,24,7,17,富邦-竹東,2023-05-19,9625
6125,廣運,16,0,16,富邦-竹東,2023-05-19,9625
6271,同欣電,21,5,16,富邦-竹東,2023-05-19,9625
1503,士電,24,8,16,富邦-竹東,2023-05-19,9625
2317,鴻海,17,2,15,富邦-竹東,2023-05-19,9625
1340,勝悅-KY,15,0,15,富邦-竹東,2023-05-19,9625
3029,零壹,82,67,15,富邦-竹東,2023-05-19,9625
3522,御嵿,15,0,15,富邦-竹東,2023-05-19,9625
6122,擎邦,14,1,13,富邦-竹東,2023-05-19,9625
00680L,元大美債20正2,52,40,12,富邦-竹東,2023-05-19,9625
00720B,元大投資級公司債,13,1,12,富邦-竹東,2023-05-19,9625
2468,華經,13,1,12,富邦-竹東,2023-05-19,9625
1708,東鹼,11,0,11,富邦-竹東,2023-05-19,9625
2457,飛宏,19,8,11,富邦-竹東,2023-05-19,9625
2890,永豐金,13,2,11,富邦-竹東,2023-05-19,9625
00665L,富邦�琤肭磪囓�2,14,3,11,富邦-竹東,2023-05-19,9625
6598,ABC-KY,11,0,11,富邦-竹東,2023-05-19,9625
5225,東科-KY,10,0,10,富邦-竹東,2023-05-19,9625
00637L,元大滬深300正2,24,14,10,富邦-竹東,2023-05-19,9625
6732,昇佳電子,10,0,10,富邦-竹東,2023-05-19,9625
2707,晶華,10,0,10,富邦-竹東,2023-05-19,9625
2610,華航,166,157,9,富邦-竹東,2023-05-19,9625
00751B,元大AAA至A公司債,9,0,9,富邦-竹東,2023-05-19,9625
5227,立凱-KY,10,1,9,富邦-竹東,2023-05-19,9625
00795B,中信美國公債20年,9,0,9,富邦-竹東,2023-05-19,9625
2453,凌群,10,1,9,富邦-竹東,2023-05-19,9625
2332,友訊,15,7,8,富邦-竹東,2023-05-19,9625
6550,北極星藥業-KY,9,1,8,富邦-竹東,2023-05-19,9625
3362,先進光,21,13,8,富邦-竹東,2023-05-19,9625
00632R,元大台灣50反1,489,200,289,富邦-竹東,2023-05-22,9625
00715L,期街口布蘭特正2,215,0,215,富邦-竹東,2023-05-22,9625
00772B,中信高評級公司債,94,0,94,富邦-竹東,2023-05-22,9625
5523,豐謙,88,0,88,富邦-竹東,2023-05-22,9625
00795B,中信美國公債20年,78,0,78,富邦-竹東,2023-05-22,9625
00679B,元大美債20年,55,0,55,富邦-竹東,2023-05-22,9625
5258,虹堡,51,1,50,富邦-竹東,2023-05-22,9625
2883,凱基金,62,20,42,富邦-竹東,2023-05-22,9625
00713,元大台灣高息低波,38,1,37,富邦-竹東,2023-05-22,9625
00680L,元大美債20正2,50,20,30,富邦-竹東,2023-05-22,9625
6282,康舒,42,14,28,富邦-竹東,2023-05-22,9625
6535,順藥,26,0,26,富邦-竹東,2023-05-22,9625
6129,普誠,30,4,26,富邦-竹東,2023-05-22,9625
00712,復華富時不動產,26,0,26,富邦-竹東,2023-05-22,9625
2409,友達,55,30,25,富邦-竹東,2023-05-22,9625
2399,映泰,31,6,25,富邦-竹東,2023-05-22,9625
2303,聯電,41,18,23,富邦-竹東,2023-05-22,9625
2352,佳世達,48,25,23,富邦-竹東,2023-05-22,9625
3537,堡達,21,0,21,富邦-竹東,2023-05-22,9625
2884,玉山金,33,12,21,富邦-竹東,2023-05-22,9625
9907,統一實,20,0,20,富邦-竹東,2023-05-22,9625
00751B,元大AAA至A公司債,20,0,20,富邦-竹東,2023-05-22,9625
6598,ABC-KY,20,0,20,富邦-竹東,2023-05-22,9625
6234,高僑,28,8,20,富邦-竹東,2023-05-22,9625
2634,漢翔,33,14,19,富邦-竹東,2023-05-22,9625
2211,長榮鋼,18,0,18,富邦-竹東,2023-05-22,9625
5351,鈺創,20,2,18,富邦-竹東,2023-05-22,9625
5328,華容,26,8,18,富邦-竹東,2023-05-22,9625
6229,研通,16,0,16,富邦-竹東,2023-05-22,9625
1809,中釉,20,4,16,富邦-竹東,2023-05-22,9625
2353,宏��,20,5,15,富邦-竹東,2023-05-22,9625
1904,正隆,16,1,15,富邦-竹東,2023-05-22,9625
4744,皇將,14,0,14,富邦-竹東,2023-05-22,9625
6245,立端,18,5,13,富邦-竹東,2023-05-22,9625
5706,鳳凰,13,1,12,富邦-竹東,2023-05-22,9625
8358,金居,17,5,12,富邦-竹東,2023-05-22,9625
1307,三芳,12,0,12,富邦-竹東,2023-05-22,9625
3499,環天科,13,1,12,富邦-竹東,2023-05-22,9625
00922,國泰台灣領袖50,12,0,12,富邦-竹東,2023-05-22,9625
3037,欣興,30,19,11,富邦-竹東,2023-05-22,9625
2371,大同,11,0,11,富邦-竹東,2023-05-22,9625
00725B,國泰投資級公司債,11,0,11,富邦-竹東,2023-05-22,9625
3034,聯詠,15,4,11,富邦-竹東,2023-05-22,9625
2834,臺企銀,10,0,10,富邦-竹東,2023-05-22,9625
3522,御嵿,10,0,10,富邦-竹東,2023-05-22,9625
3231,緯創,29,19,10,富邦-竹東,2023-05-22,9625
3043,科風,10,0,10,富邦-竹東,2023-05-22,9625
00706L,期元大S＆P日圓正2,10,0,10,富邦-竹東,2023-05-22,9625
2457,飛宏,11,1,10,富邦-竹東,2023-05-22,9625
2444,兆勁,10,0,10,富邦-竹東,2023-05-22,9625
3706,神達,63,0,63,富邦-竹東,2023-05-23,9625
1905,華紙,67,13,54,富邦-竹東,2023-05-23,9625
2303,聯電,54,7,47,富邦-竹東,2023-05-23,9625
00882,中信中國高股息,42,0,42,富邦-竹東,2023-05-23,9625
2442,新美齊,71,31,40,富邦-竹東,2023-05-23,9625
00795B,中信美國公債20年,34,0,34,富邦-竹東,2023-05-23,9625
3479,安勤,32,1,31,富邦-竹東,2023-05-23,9625
8099,大世科,31,0,31,富邦-竹東,2023-05-23,9625
5880,合庫金,30,2,28,富邦-竹東,2023-05-23,9625
6233,旺玖,37,9,28,富邦-竹東,2023-05-23,9625
5523,豐謙,28,0,28,富邦-竹東,2023-05-23,9625
6147,頎邦,30,2,28,富邦-竹東,2023-05-23,9625
00725B,國泰投資級公司債,26,0,26,富邦-竹東,2023-05-23,9625
6122,擎邦,61,35,26,富邦-竹東,2023-05-23,9625
2352,佳世達,25,0,25,富邦-竹東,2023-05-23,9625
1314,中石化,25,0,25,富邦-竹東,2023-05-23,9625
1513,中興電,42,18,24,富邦-竹東,2023-05-23,9625
1460,宏遠,22,0,22,富邦-竹東,2023-05-23,9625
00687B,國泰20年美債,21,0,21,富邦-竹東,2023-05-23,9625
6185,幃翔,20,0,20,富邦-竹東,2023-05-23,9625
2206,三陽工業,22,3,19,富邦-竹東,2023-05-23,9625
6596,寬宏藝術,18,0,18,富邦-竹東,2023-05-23,9625
5258,虹堡,23,5,18,富邦-竹東,2023-05-23,9625
6245,立端,23,5,18,富邦-竹東,2023-05-23,9625
5328,華容,18,0,18,富邦-竹東,2023-05-23,9625
00712,復華富時不動產,17,0,17,富邦-竹東,2023-05-23,9625
00713,元大台灣高息低波,32,16,16,富邦-竹東,2023-05-23,9625
00679B,元大美債20年,27,11,16,富邦-竹東,2023-05-23,9625
2634,漢翔,25,10,15,富邦-竹東,2023-05-23,9625
3537,堡達,14,0,14,富邦-竹東,2023-05-23,9625
3481,群創,13,0,13,富邦-竹東,2023-05-23,9625
6133,金橋,14,1,13,富邦-竹東,2023-05-23,9625
2323,中環,18,5,13,富邦-竹東,2023-05-23,9625
4167,松瑞藥,13,0,13,富邦-竹東,2023-05-23,9625
6689,伊雲谷,20,8,12,富邦-竹東,2023-05-23,9625
4155,訊映,13,1,12,富邦-竹東,2023-05-23,9625
2548,華固,12,0,12,富邦-竹東,2023-05-23,9625
6285,啟��,12,0,12,富邦-竹東,2023-05-23,9625
2731,雄獅,18,7,11,富邦-竹東,2023-05-23,9625
1802,台玻,11,0,11,富邦-竹東,2023-05-23,9625
2719,燦星旅,13,2,11,富邦-竹東,2023-05-23,9625
2706,第一店,10,0,10,富邦-竹東,2023-05-23,9625
2734,易飛網,10,0,10,富邦-竹東,2023-05-23,9625
1737,臺鹽,10,0,10,富邦-竹東,2023-05-23,9625
8048,德勝,10,0,10,富邦-竹東,2023-05-23,9625
2342,茂矽,10,0,10,富邦-竹東,2023-05-23,9625
1525,江申,10,0,10,富邦-竹東,2023-05-23,9625
6598,ABC-KY,10,0,10,富邦-竹東,2023-05-23,9625
3419,譁裕,10,0,10,富邦-竹東,2023-05-23,9625
8043,蜜望實,10,1,9,富邦-竹東,2023-05-23,9625
00687B,國泰20年美債,81,0,81,富邦-竹東,2023-05-24,9625
00882,中信中國高股息,71,10,61,富邦-竹東,2023-05-24,9625
5880,合庫金,61,0,61,富邦-竹東,2023-05-24,9625
00878,國泰永續高股息,93,34,59,富邦-竹東,2023-05-24,9625
3702,大聯大,55,0,55,富邦-竹東,2023-05-24,9625
00671R,富邦NASDAQ反1,50,0,50,富邦-竹東,2023-05-24,9625
00669R,國泰美國道瓊反1,50,0,50,富邦-竹東,2023-05-24,9625
2634,漢翔,72,28,44,富邦-竹東,2023-05-24,9625
2705,六福,70,29,41,富邦-竹東,2023-05-24,9625
5531,鄉林,32,1,31,富邦-竹東,2023-05-24,9625
2834,臺企銀,30,0,30,富邦-竹東,2023-05-24,9625
00632R,元大台灣50反1,50,20,30,富邦-竹東,2023-05-24,9625
6278,台表科,29,0,29,富邦-竹東,2023-05-24,9625
6535,順藥,31,4,27,富邦-竹東,2023-05-24,9625
3498,陽程,26,0,26,富邦-竹東,2023-05-24,9625
2515,中工,25,0,25,富邦-竹東,2023-05-24,9625
00715L,期街口布蘭特正2,26,2,24,富邦-竹東,2023-05-24,9625
6139,亞翔,23,0,23,富邦-竹東,2023-05-24,9625
3540,曜越,22,0,22,富邦-竹東,2023-05-24,9625
00673R,期元大S＆P原油反1,22,0,22,富邦-竹東,2023-05-24,9625
1513,中興電,31,10,21,富邦-竹東,2023-05-24,9625
3325,旭品,21,0,21,富邦-竹東,2023-05-24,9625
3094,聯傑,22,1,21,富邦-竹東,2023-05-24,9625
6233,旺玖,30,10,20,富邦-竹東,2023-05-24,9625
2401,凌陽,20,0,20,富邦-竹東,2023-05-24,9625
5439,高技,23,3,20,富邦-竹東,2023-05-24,9625
3252,海灣,20,1,19,富邦-竹東,2023-05-24,9625
5009,榮剛,26,8,18,富邦-竹東,2023-05-24,9625
00637L,元大滬深300正2,23,6,17,富邦-竹東,2023-05-24,9625
6147,頎邦,20,3,17,富邦-竹東,2023-05-24,9625
2630,亞航,38,21,17,富邦-竹東,2023-05-24,9625
00713,元大台灣高息低波,16,0,16,富邦-竹東,2023-05-24,9625
1789,神隆,15,0,15,富邦-竹東,2023-05-24,9625
8940,新天地,23,9,14,富邦-竹東,2023-05-24,9625
8937,合騏,13,0,13,富邦-竹東,2023-05-24,9625
00665L,富邦�琤肭磪囓�2,13,0,13,富邦-竹東,2023-05-24,9625
00795B,中信美國公債20年,18,5,13,富邦-竹東,2023-05-24,9625
4108,懷特,13,0,13,富邦-竹東,2023-05-24,9625
2376,技嘉,14,1,13,富邦-竹東,2023-05-24,9625
9924,福興,12,0,12,富邦-竹東,2023-05-24,9625
3704,合勤控,17,5,12,富邦-竹東,2023-05-24,9625
1201,味全,11,0,11,富邦-竹東,2023-05-24,9625
9941A,裕融甲特,11,0,11,富邦-竹東,2023-05-24,9625
00928,中信上櫃ESG30,11,0,11,富邦-竹東,2023-05-24,9625
6271,同欣電,11,0,11,富邦-竹東,2023-05-24,9625
5222,全訊,12,1,11,富邦-竹東,2023-05-24,9625
1905,華紙,56,45,11,富邦-竹東,2023-05-24,9625
3092,鴻碩,10,0,10,富邦-竹東,2023-05-24,9625
4130,健亞,10,0,10,富邦-竹東,2023-05-24,9625
3147,大綜,10,0,10,富邦-竹東,2023-05-24,9625
00632R,元大台灣50反1,904,750,154,富邦-竹東,2023-05-25,9625
00882,中信中國高股息,113,0,113,富邦-竹東,2023-05-25,9625
1905,華紙,112,10,102,富邦-竹東,2023-05-25,9625
3481,群創,111,15,96,富邦-竹東,2023-05-25,9625
2323,中環,75,7,68,富邦-竹東,2023-05-25,9625
2890,永豐金,67,5,62,富邦-竹東,2023-05-25,9625
00715L,期街口布蘭特正2,63,6,57,富邦-竹東,2023-05-25,9625
00753L,中信中國50正2,46,1,45,富邦-竹東,2023-05-25,9625
2812,台中銀,45,0,45,富邦-竹東,2023-05-25,9625
00712,復華富時不動產,37,0,37,富邦-竹東,2023-05-25,9625
00680L,元大美債20正2,31,0,31,富邦-竹東,2023-05-25,9625
2881,富邦金,30,3,27,富邦-竹東,2023-05-25,9625
2883,凱基金,27,0,27,富邦-竹東,2023-05-25,9625
1785,光洋科,31,4,27,富邦-竹東,2023-05-25,9625
2887,台新金,24,0,24,富邦-竹東,2023-05-25,9625
2344,華邦電,31,8,23,富邦-竹東,2023-05-25,9625
5531,鄉林,25,3,22,富邦-竹東,2023-05-25,9625
2891,中信金,22,0,22,富邦-竹東,2023-05-25,9625
5704,老爺知,22,1,21,富邦-竹東,2023-05-25,9625
3252,海灣,197,176,21,富邦-竹東,2023-05-25,9625
5301,寶得利,20,0,20,富邦-竹東,2023-05-25,9625
6147,頎邦,21,1,20,富邦-竹東,2023-05-25,9625
2722,夏都,23,3,20,富邦-竹東,2023-05-25,9625
2630,亞航,36,16,20,富邦-竹東,2023-05-25,9625
8940,新天地,21,2,19,富邦-竹東,2023-05-25,9625
2399,映泰,40,21,19,富邦-竹東,2023-05-25,9625
5880,合庫金,18,0,18,富邦-竹東,2023-05-25,9625
2605,新興,17,0,17,富邦-竹東,2023-05-25,9625
6179,亞通,17,0,17,富邦-竹東,2023-05-25,9625
2458,義隆,16,0,16,富邦-竹東,2023-05-25,9625
1608,華榮,29,13,16,富邦-竹東,2023-05-25,9625
4541,晟田,18,2,16,富邦-竹東,2023-05-25,9625
00751B,元大AAA至A公司債,15,0,15,富邦-竹東,2023-05-25,9625
4129,聯合,22,7,15,富邦-竹東,2023-05-25,9625
3016,嘉晶,14,0,14,富邦-竹東,2023-05-25,9625
3419,譁裕,25,12,13,富邦-竹東,2023-05-25,9625
6288,聯嘉,13,0,13,富邦-竹東,2023-05-25,9625
2603,長榮,23,10,13,富邦-竹東,2023-05-25,9625
4536,拓凱,12,0,12,富邦-竹東,2023-05-25,9625
3646,艾恩特,15,3,12,富邦-竹東,2023-05-25,9625
2317,鴻海,11,0,11,富邦-竹東,2023-05-25,9625
2402,毅嘉,12,1,11,富邦-竹東,2023-05-25,9625
00665L,富邦�琤肭磪囓�2,11,0,11,富邦-竹東,2023-05-25,9625
6598,ABC-KY,11,0,11,富邦-竹東,2023-05-25,9625
3511,矽瑪,11,0,11,富邦-竹東,2023-05-25,9625
00725B,國泰投資級公司債,11,0,11,富邦-竹東,2023-05-25,9625
1783,和康生,11,0,11,富邦-竹東,2023-05-25,9625
6290,良維,11,0,11,富邦-竹東,2023-05-25,9625
2303,聯電,40,30,10,富邦-竹東,2023-05-25,9625
3202,樺晟,15,5,10,富邦-竹東,2023-05-25,9625
00632R,元大台灣50反1,436,126,310,富邦-竹東,2023-05-26,9625
00715L,期街口布蘭特正2,115,0,115,富邦-竹東,2023-05-26,9625
3481,群創,118,7,111,富邦-竹東,2023-05-26,9625
00882,中信中國高股息,77,10,67,富邦-竹東,2023-05-26,9625
00712,復華富時不動產,67,1,66,富邦-竹東,2023-05-26,9625
8050,廣積,63,3,60,富邦-竹東,2023-05-26,9625
3231,緯創,166,110,56,富邦-竹東,2023-05-26,9625
1314,中石化,48,0,48,富邦-竹東,2023-05-26,9625
6245,立端,51,5,46,富邦-竹東,2023-05-26,9625
2736,富野,87,44,43,富邦-竹東,2023-05-26,9625
3264,欣銓,57,19,38,富邦-竹東,2023-05-26,9625
00687B,國泰20年美債,37,0,37,富邦-竹東,2023-05-26,9625
2633,台灣高鐵,40,5,35,富邦-竹東,2023-05-26,9625
5310,天剛,35,1,34,富邦-竹東,2023-05-26,9625
1589,永冠-KY,29,1,28,富邦-竹東,2023-05-26,9625
00713,元大台灣高息低波,32,10,22,富邦-竹東,2023-05-26,9625
6244,茂迪,24,2,22,富邦-竹東,2023-05-26,9625
6024,群益期,20,0,20,富邦-竹東,2023-05-26,9625
5301,寶得利,20,0,20,富邦-竹東,2023-05-26,9625
1316,上曜,20,0,20,富邦-竹東,2023-05-26,9625
3325,旭品,20,0,20,富邦-竹東,2023-05-26,9625
6835,圓裕,20,0,20,富邦-竹東,2023-05-26,9625
6443,元晶,20,0,20,富邦-竹東,2023-05-26,9625
2630,亞航,31,12,19,富邦-竹東,2023-05-26,9625
3071,協禧,20,1,19,富邦-竹東,2023-05-26,9625
1609,大亞,23,5,18,富邦-竹東,2023-05-26,9625
4968,立積,24,6,18,富邦-竹東,2023-05-26,9625
3419,譁裕,15,0,15,富邦-竹東,2023-05-26,9625
1514,亞力,17,2,15,富邦-竹東,2023-05-26,9625
4130,健亞,16,2,14,富邦-竹東,2023-05-26,9625
6288,聯嘉,14,1,13,富邦-竹東,2023-05-26,9625
00637L,元大滬深300正2,19,6,13,富邦-竹東,2023-05-26,9625
4915,致伸,12,0,12,富邦-竹東,2023-05-26,9625
3346,麗清,12,0,12,富邦-竹東,2023-05-26,9625
6191,精成科,14,2,12,富邦-竹東,2023-05-26,9625
5512,力麒,12,0,12,富邦-竹東,2023-05-26,9625
2356,英業達,36,24,12,富邦-竹東,2023-05-26,9625
3363,上詮,14,3,11,富邦-竹東,2023-05-26,9625
2349,錸德,11,0,11,富邦-竹東,2023-05-26,9625
4746,台耀,11,0,11,富邦-竹東,2023-05-26,9625
2208,台船,11,0,11,富邦-竹東,2023-05-26,9625
6190,萬泰科,23,12,11,富邦-竹東,2023-05-26,9625
4533,協易機,14,3,11,富邦-竹東,2023-05-26,9625
2887,台新金,12,1,11,富邦-竹東,2023-05-26,9625
6469,大樹,11,0,11,富邦-竹東,2023-05-26,9625
5324,士開,10,0,10,富邦-竹東,2023-05-26,9625
3580,友威科,10,0,10,富邦-竹東,2023-05-26,9625
4904,遠傳,10,0,10,富邦-竹東,2023-05-26,9625
2484,希華,10,0,10,富邦-竹東,2023-05-26,9625
1325,恆大,10,0,10,富邦-竹東,2023-05-26,9625
00715L,期街口布蘭特正2,156,6,150,富邦-竹東,2023-05-29,9625
00878,國泰永續高股息,147,12,135,富邦-竹東,2023-05-29,9625
1310,台苯,115,9,106,富邦-竹東,2023-05-29,9625
00882,中信中國高股息,93,5,88,富邦-竹東,2023-05-29,9625
3481,群創,258,181,77,富邦-竹東,2023-05-29,9625
00632R,元大台灣50反1,287,215,72,富邦-竹東,2023-05-29,9625
0056,元大高股息,94,46,48,富邦-竹東,2023-05-29,9625
3706,神達,63,17,46,富邦-竹東,2023-05-29,9625
2371,大同,67,24,43,富邦-竹東,2023-05-29,9625
00751B,元大AAA至A公司債,43,1,42,富邦-竹東,2023-05-29,9625
00902,中信電池及儲能,38,0,38,富邦-竹東,2023-05-29,9625
2405,輔信,38,1,37,富邦-竹東,2023-05-29,9625
1608,華榮,87,52,35,富邦-竹東,2023-05-29,9625
00720B,元大投資級公司債,33,0,33,富邦-竹東,2023-05-29,9625
3025,星通,41,10,31,富邦-竹東,2023-05-29,9625
2880,華南金,43,15,28,富邦-竹東,2023-05-29,9625
00680L,元大美債20正2,27,0,27,富邦-竹東,2023-05-29,9625
2888,新光金,30,5,25,富邦-竹東,2023-05-29,9625
3037,欣興,28,5,23,富邦-竹東,2023-05-29,9625
2002,中鋼,23,1,22,富邦-竹東,2023-05-29,9625
3540,曜越,72,50,22,富邦-竹東,2023-05-29,9625
3033,威健,22,1,21,富邦-竹東,2023-05-29,9625
2630,亞航,39,18,21,富邦-竹東,2023-05-29,9625
00687B,國泰20年美債,20,0,20,富邦-竹東,2023-05-29,9625
1309,台達化,20,0,20,富邦-竹東,2023-05-29,9625
2449,京元電子,82,62,20,富邦-竹東,2023-05-29,9625
3231,緯創,103,83,20,富邦-竹東,2023-05-29,9625
3265,台星科,42,23,19,富邦-竹東,2023-05-29,9625
2425,承啟,18,0,18,富邦-竹東,2023-05-29,9625
00725B,國泰投資級公司債,17,0,17,富邦-竹東,2023-05-29,9625
00679B,元大美債20年,23,7,16,富邦-竹東,2023-05-29,9625
8937,合騏,15,0,15,富邦-竹東,2023-05-29,9625
3625,西勝,16,1,15,富邦-竹東,2023-05-29,9625
2883,凱基金,18,4,14,富邦-竹東,2023-05-29,9625
6125,廣運,26,12,14,富邦-竹東,2023-05-29,9625
4102,永日,13,0,13,富邦-竹東,2023-05-29,9625
3508,位速,14,1,13,富邦-竹東,2023-05-29,9625
6282,康舒,21,8,13,富邦-竹東,2023-05-29,9625
2374,佳能,12,0,12,富邦-竹東,2023-05-29,9625
1734,杏輝,12,0,12,富邦-竹東,2023-05-29,9625
6218,豪勉,12,0,12,富邦-竹東,2023-05-29,9625
2301,光寶科,14,2,12,富邦-竹東,2023-05-29,9625
00900,富邦特選高股息30,31,19,12,富邦-竹東,2023-05-29,9625
3499,環天科,15,4,11,富邦-竹東,2023-05-29,9625
4744,皇將,24,13,11,富邦-竹東,2023-05-29,9625
6451,訊芯-KY,11,0,11,富邦-竹東,2023-05-29,9625
2812,台中銀,10,0,10,富邦-竹東,2023-05-29,9625
5301,寶得利,10,0,10,富邦-竹東,2023-05-29,9625
6695,芯鼎,10,0,10,富邦-竹東,2023-05-29,9625
3711,日月光投控,10,0,10,富邦-竹東,2023-05-29,9625
8088,品安,109,0,109,富邦-竹東,2023-05-30,9625
3257,虹冠電,73,0,73,富邦-竹東,2023-05-30,9625
3202,樺晟,63,0,63,富邦-竹東,2023-05-30,9625
2332,友訊,53,2,51,富邦-竹東,2023-05-30,9625
6233,旺玖,50,0,50,富邦-竹東,2023-05-30,9625
2610,華航,127,80,47,富邦-竹東,2023-05-30,9625
3704,合勤控,59,16,43,富邦-竹東,2023-05-30,9625
2356,英業達,88,48,40,富邦-竹東,2023-05-30,9625
00733,富邦臺灣中小,39,0,39,富邦-竹東,2023-05-30,9625
2206,三陽工業,51,12,39,富邦-竹東,2023-05-30,9625
2609,陽明,29,0,29,富邦-竹東,2023-05-30,9625
2883,凱基金,39,12,27,富邦-竹東,2023-05-30,9625
2329,華泰,26,2,24,富邦-竹東,2023-05-30,9625
3231,緯創,77,54,23,富邦-竹東,2023-05-30,9625
5439,高技,27,4,23,富邦-竹東,2023-05-30,9625
2002,中鋼,24,1,23,富邦-竹東,2023-05-30,9625
3094,聯傑,25,3,22,富邦-竹東,2023-05-30,9625
3035,智原,22,1,21,富邦-竹東,2023-05-30,9625
00665L,富邦�琤肭磪囓�2,21,0,21,富邦-竹東,2023-05-30,9625
2388,威盛,31,10,21,富邦-竹東,2023-05-30,9625
5706,鳳凰,46,26,20,富邦-竹東,2023-05-30,9625
2358,廷鑫,20,0,20,富邦-竹東,2023-05-30,9625
0056,元大高股息,54,35,19,富邦-竹東,2023-05-30,9625
1519,華城,20,2,18,富邦-竹東,2023-05-30,9625
6182,合晶,20,2,18,富邦-竹東,2023-05-30,9625
8150,南茂,17,0,17,富邦-竹東,2023-05-30,9625
3163,波若威,28,11,17,富邦-竹東,2023-05-30,9625
00715L,期街口布蘭特正2,16,0,16,富邦-竹東,2023-05-30,9625
2890,永豐金,15,0,15,富邦-竹東,2023-05-30,9625
3481,群創,33,18,15,富邦-竹東,2023-05-30,9625
3031,佰鴻,15,0,15,富邦-竹東,2023-05-30,9625
2834,臺企銀,22,8,14,富邦-竹東,2023-05-30,9625
2382,廣達,32,18,14,富邦-竹東,2023-05-30,9625
2458,義隆,13,0,13,富邦-竹東,2023-05-30,9625
2399,映泰,38,25,13,富邦-竹東,2023-05-30,9625
1589,永冠-KY,13,0,13,富邦-竹東,2023-05-30,9625
2412,中華電,22,9,13,富邦-竹東,2023-05-30,9625
8038,長園科,15,2,13,富邦-竹東,2023-05-30,9625
3294,英濟,12,0,12,富邦-竹東,2023-05-30,9625
00679B,元大美債20年,12,0,12,富邦-竹東,2023-05-30,9625
8054,安國,18,6,12,富邦-竹東,2023-05-30,9625
2801,彰銀,12,0,12,富邦-竹東,2023-05-30,9625
4126,太醫,12,0,12,富邦-竹東,2023-05-30,9625
3706,神達,22,10,12,富邦-竹東,2023-05-30,9625
6770,力積電,21,11,10,富邦-竹東,2023-05-30,9625
2363,矽統,10,0,10,富邦-竹東,2023-05-30,9625
5301,寶得利,10,0,10,富邦-竹東,2023-05-30,9625
00673R,期元大S＆P原油反1,10,0,10,富邦-竹東,2023-05-30,9625
1218,泰山,10,0,10,富邦-竹東,2023-05-30,9625
4906,正文,10,0,10,富邦-竹東,2023-05-30,9625
2845,遠東銀,208,0,208,富邦-竹東,2023-05-31,9625
00715L,期街口布蘭特正2,161,1,160,富邦-竹東,2023-05-31,9625
00671R,富邦NASDAQ反1,130,0,130,富邦-竹東,2023-05-31,9625
6245,立端,65,2,63,富邦-竹東,2023-05-31,9625
2303,聯電,82,20,62,富邦-竹東,2023-05-31,9625
5880,合庫金,43,0,43,富邦-竹東,2023-05-31,9625
00885,富邦越南,40,0,40,富邦-竹東,2023-05-31,9625
2615,萬海,34,0,34,富邦-竹東,2023-05-31,9625
00882,中信中國高股息,74,40,34,富邦-竹東,2023-05-31,9625
2027,大成鋼,32,0,32,富邦-竹東,2023-05-31,9625
3025,星通,52,20,32,富邦-竹東,2023-05-31,9625
1337,再生-KY,30,0,30,富邦-竹東,2023-05-31,9625
2312,金寶,30,2,28,富邦-竹東,2023-05-31,9625
00642U,期元大S＆P石油,24,0,24,富邦-竹東,2023-05-31,9625
2356,英業達,48,24,24,富邦-竹東,2023-05-31,9625
2206,三陽工業,67,44,23,富邦-竹東,2023-05-31,9625
2323,中環,74,51,23,富邦-竹東,2023-05-31,9625
6139,亞翔,21,0,21,富邦-竹東,2023-05-31,9625
2495,普安,25,4,21,富邦-竹東,2023-05-31,9625
4157,太景*-KY,20,0,20,富邦-竹東,2023-05-31,9625
2491,吉祥全,20,0,20,富邦-竹東,2023-05-31,9625
3031,佰鴻,26,8,18,富邦-竹東,2023-05-31,9625
3037,欣興,17,0,17,富邦-竹東,2023-05-31,9625
6112,邁達特,25,8,17,富邦-竹東,2023-05-31,9625
3006,晶豪科,22,6,16,富邦-竹東,2023-05-31,9625
2340,台亞,36,20,16,富邦-竹東,2023-05-31,9625
3257,虹冠電,14,0,14,富邦-竹東,2023-05-31,9625
00679B,元大美債20年,13,0,13,富邦-竹東,2023-05-31,9625
3499,環天科,15,2,13,富邦-竹東,2023-05-31,9625
2801,彰銀,11,0,11,富邦-竹東,2023-05-31,9625
00665L,富邦�琤肭磪囓�2,11,0,11,富邦-竹東,2023-05-31,9625
1802,台玻,11,0,11,富邦-竹東,2023-05-31,9625
6531,愛普*,36,26,10,富邦-竹東,2023-05-31,9625
1340,勝悅-KY,10,0,10,富邦-竹東,2023-05-31,9625
2382,廣達,18,8,10,富邦-竹東,2023-05-31,9625
1513,中興電,28,18,10,富邦-竹東,2023-05-31,9625
2368,金像電,12,2,10,富邦-竹東,2023-05-31,9625
1103,嘉泥,10,0,10,富邦-竹東,2023-05-31,9625
5364,力麗店,10,0,10,富邦-竹東,2023-05-31,9625
6147,頎邦,13,3,10,富邦-竹東,2023-05-31,9625
00753L,中信中國50正2,9,0,9,富邦-竹東,2023-05-31,9625
2486,一詮,10,1,9,富邦-竹東,2023-05-31,9625
2328,廣宇,27,18,9,富邦-竹東,2023-05-31,9625
8940,新天地,20,11,9,富邦-竹東,2023-05-31,9625
3034,聯詠,9,1,8,富邦-竹東,2023-05-31,9625
00637L,元大滬深300正2,11,3,8,富邦-竹東,2023-05-31,9625
3202,樺晟,8,0,8,富邦-竹東,2023-05-31,9625
00895,富邦未來車,10,2,8,富邦-竹東,2023-05-31,9625
2457,飛宏,39,31,8,富邦-竹東,2023-05-31,9625
3508,位速,7,0,7,富邦-竹東,2023-05-31,9625
00715L,期街口布蘭特正2,561,4,557,富邦-竹東,2023-06-01,9625
00919,群益台灣精選高息,105,0,105,富邦-竹東,2023-06-01,9625
3703,欣陸,100,0,100,富邦-竹東,2023-06-01,9625
5905,南仁湖,82,0,82,富邦-竹東,2023-06-01,9625
00632R,元大台灣50反1,60,0,60,富邦-竹東,2023-06-01,9625
5258,虹堡,55,3,52,富邦-竹東,2023-06-01,9625
00882,中信中國高股息,48,0,48,富邦-竹東,2023-06-01,9625
00679B,元大美債20年,37,0,37,富邦-竹東,2023-06-01,9625
00902,中信電池及儲能,30,0,30,富邦-竹東,2023-06-01,9625
00642U,期元大S＆P石油,29,0,29,富邦-竹東,2023-06-01,9625
00878,國泰永續高股息,62,33,29,富邦-竹東,2023-06-01,9625
5309,系統電,27,0,27,富邦-竹東,2023-06-01,9625
5328,華容,26,0,26,富邦-竹東,2023-06-01,9625
00915,凱基優選高股息30,25,0,25,富邦-竹東,2023-06-01,9625
2495,普安,24,0,24,富邦-竹東,2023-06-01,9625
2303,聯電,28,5,23,富邦-竹東,2023-06-01,9625
6282,康舒,40,18,22,富邦-竹東,2023-06-01,9625
3264,欣銓,23,1,22,富邦-竹東,2023-06-01,9625
2913,農林,58,36,22,富邦-竹東,2023-06-01,9625
2883,凱基金,27,6,21,富邦-竹東,2023-06-01,9625
2330,台積電,20,0,20,富邦-竹東,2023-06-01,9625
2897,王道銀行,20,0,20,富邦-竹東,2023-06-01,9625
2515,中工,25,5,20,富邦-竹東,2023-06-01,9625
2356,英業達,44,24,20,富邦-竹東,2023-06-01,9625
1337,再生-KY,20,0,20,富邦-竹東,2023-06-01,9625
00687B,國泰20年美債,21,2,19,富邦-竹東,2023-06-01,9625
6821,聯寶,20,2,18,富邦-竹東,2023-06-01,9625
1608,華榮,23,5,18,富邦-竹東,2023-06-01,9625
6182,合晶,18,1,17,富邦-竹東,2023-06-01,9625
1904,正隆,21,6,15,富邦-竹東,2023-06-01,9625
2344,華邦電,15,1,14,富邦-竹東,2023-06-01,9625
00713,元大台灣高息低波,13,0,13,富邦-竹東,2023-06-01,9625
2313,華通,13,0,13,富邦-竹東,2023-06-01,9625
3481,群創,15,2,13,富邦-竹東,2023-06-01,9625
8038,長園科,15,2,13,富邦-竹東,2023-06-01,9625
1310,台苯,12,0,12,富邦-竹東,2023-06-01,9625
3715,定穎投控,32,20,12,富邦-竹東,2023-06-01,9625
3260,威剛,22,11,11,富邦-竹東,2023-06-01,9625
00772B,中信高評級公司債,11,0,11,富邦-竹東,2023-06-01,9625
2892,第一金,11,0,11,富邦-竹東,2023-06-01,9625
2637,慧洋-KY,12,1,11,富邦-竹東,2023-06-01,9625
1809,中釉,12,1,11,富邦-竹東,2023-06-01,9625
3257,虹冠電,11,0,11,富邦-竹東,2023-06-01,9625
1340,勝悅-KY,11,0,11,富邦-竹東,2023-06-01,9625
2633,台灣高鐵,11,0,11,富邦-竹東,2023-06-01,9625
1540,喬福,10,0,10,富邦-竹東,2023-06-01,9625
2406,國碩,10,0,10,富邦-竹東,2023-06-01,9625
2206,三陽工業,18,8,10,富邦-竹東,2023-06-01,9625
6220,岳豐,10,0,10,富邦-竹東,2023-06-01,9625
6129,普誠,10,0,10,富邦-竹東,2023-06-01,9625
3481,群創,135,0,135,富邦-竹東,2023-06-02,9625
2913,農林,106,6,100,富邦-竹東,2023-06-02,9625
00642U,期元大S＆P石油,111,20,91,富邦-竹東,2023-06-02,9625
00919,群益台灣精選高息,64,0,64,富邦-竹東,2023-06-02,9625
2353,宏��,135,73,62,富邦-竹東,2023-06-02,9625
2328,廣宇,75,19,56,富邦-竹東,2023-06-02,9625
00706L,期元大S＆P日圓正2,50,0,50,富邦-竹東,2023-06-02,9625
00751B,元大AAA至A公司債,45,0,45,富邦-竹東,2023-06-02,9625
2610,華航,281,240,41,富邦-竹東,2023-06-02,9625
1609,大亞,66,26,40,富邦-竹東,2023-06-02,9625
2371,大同,65,25,40,富邦-竹東,2023-06-02,9625
8050,廣積,50,11,39,富邦-竹東,2023-06-02,9625
5258,虹堡,39,0,39,富邦-竹東,2023-06-02,9625
3231,緯創,137,100,37,富邦-竹東,2023-06-02,9625
00882,中信中國高股息,36,0,36,富邦-竹東,2023-06-02,9625
9940,信義,35,0,35,富邦-竹東,2023-06-02,9625
5309,系統電,33,0,33,富邦-竹東,2023-06-02,9625
00712,復華富時不動產,34,2,32,富邦-竹東,2023-06-02,9625
3673,TPK-KY,35,3,32,富邦-竹東,2023-06-02,9625
00926,凱基全球菁英55,30,0,30,富邦-竹東,2023-06-02,9625
2356,英業達,42,14,28,富邦-竹東,2023-06-02,9625
1616,億泰,24,0,24,富邦-竹東,2023-06-02,9625
1733,五鼎,22,0,22,富邦-竹東,2023-06-02,9625
2634,漢翔,35,13,22,富邦-竹東,2023-06-02,9625
6182,合晶,21,0,21,富邦-竹東,2023-06-02,9625
4979,華星光,59,39,20,富邦-竹東,2023-06-02,9625
8201,無敵,20,0,20,富邦-竹東,2023-06-02,9625
3047,訊舟,20,0,20,富邦-竹東,2023-06-02,9625
8059,凱碩,20,0,20,富邦-竹東,2023-06-02,9625
2208,台船,24,4,20,富邦-竹東,2023-06-02,9625
1515,力山,20,0,20,富邦-竹東,2023-06-02,9625
2323,中環,56,38,18,富邦-竹東,2023-06-02,9625
00679B,元大美債20年,17,0,17,富邦-竹東,2023-06-02,9625
2331,精英,42,25,17,富邦-竹東,2023-06-02,9625
2002,中鋼,26,10,16,富邦-竹東,2023-06-02,9625
2457,飛宏,28,13,15,富邦-竹東,2023-06-02,9625
8926,台汽電,15,1,14,富邦-竹東,2023-06-02,9625
2342,茂矽,14,0,14,富邦-竹東,2023-06-02,9625
2603,長榮,26,13,13,富邦-竹東,2023-06-02,9625
2606,裕民,13,0,13,富邦-竹東,2023-06-02,9625
4960,誠美材,13,0,13,富邦-竹東,2023-06-02,9625
8940,新天地,40,27,13,富邦-竹東,2023-06-02,9625
2104,國際中橡,13,0,13,富邦-竹東,2023-06-02,9625
3078,僑威,22,10,12,富邦-竹東,2023-06-02,9625
00687B,國泰20年美債,12,0,12,富邦-竹東,2023-06-02,9625
1904,正隆,25,13,12,富邦-竹東,2023-06-02,9625
6169,昱泉,18,6,12,富邦-竹東,2023-06-02,9625
3083,網龍,37,25,12,富邦-竹東,2023-06-02,9625
2891,中信金,11,0,11,富邦-竹東,2023-06-02,9625
6598,ABC-KY,10,0,10,富邦-竹東,2023-06-02,9625
00632R,元大台灣50反1,846,100,746,富邦-竹東,2023-06-05,9625
2323,中環,209,46,163,富邦-竹東,2023-06-05,9625
0056,元大高股息,87,1,86,富邦-竹東,2023-06-05,9625
2344,華邦電,76,13,63,富邦-竹東,2023-06-05,9625
2371,大同,70,12,58,富邦-竹東,2023-06-05,9625
2365,昆盈,57,0,57,富邦-竹東,2023-06-05,9625
1101,台泥,59,4,55,富邦-竹東,2023-06-05,9625
1905,華紙,57,8,49,富邦-竹東,2023-06-05,9625
2892,第一金,53,8,45,富邦-竹東,2023-06-05,9625
6198,瑞築,45,0,45,富邦-竹東,2023-06-05,9625
00795B,中信美國公債20年,42,0,42,富邦-竹東,2023-06-05,9625
1471,首利,40,0,40,富邦-竹東,2023-06-05,9625
00919,群益台灣精選高息,47,10,37,富邦-竹東,2023-06-05,9625
00878,國泰永續高股息,35,1,34,富邦-竹東,2023-06-05,9625
4162,智擎,32,0,32,富邦-竹東,2023-06-05,9625
8222,寶一,33,3,30,富邦-竹東,2023-06-05,9625
2353,宏��,83,54,29,富邦-竹東,2023-06-05,9625
1513,中興電,40,11,29,富邦-竹東,2023-06-05,9625
6282,康舒,66,38,28,富邦-竹東,2023-06-05,9625
4961,天鈺,30,2,28,富邦-竹東,2023-06-05,9625
00680L,元大美債20正2,31,5,26,富邦-竹東,2023-06-05,9625
6116,彩晶,42,17,25,富邦-竹東,2023-06-05,9625
2332,友訊,34,9,25,富邦-竹東,2023-06-05,9625
4906,正文,30,6,24,富邦-竹東,2023-06-05,9625
3437,榮創,23,0,23,富邦-竹東,2023-06-05,9625
00687B,國泰20年美債,24,2,22,富邦-竹東,2023-06-05,9625
00882,中信中國高股息,22,0,22,富邦-竹東,2023-06-05,9625
3257,虹冠電,22,0,22,富邦-竹東,2023-06-05,9625
2027,大成鋼,66,44,22,富邦-竹東,2023-06-05,9625
4960,誠美材,21,0,21,富邦-竹東,2023-06-05,9625
3625,西勝,21,0,21,富邦-竹東,2023-06-05,9625
3593,力銘,20,0,20,富邦-竹東,2023-06-05,9625
00673R,期元大S＆P原油反1,20,0,20,富邦-竹東,2023-06-05,9625
2014,中鴻,21,1,20,富邦-竹東,2023-06-05,9625
3706,神達,33,13,20,富邦-竹東,2023-06-05,9625
3252,海灣,19,0,19,富邦-竹東,2023-06-05,9625
6266,泰詠,19,1,18,富邦-竹東,2023-06-05,9625
2609,陽明,31,13,18,富邦-竹東,2023-06-05,9625
6139,亞翔,18,0,18,富邦-竹東,2023-06-05,9625
00720B,元大投資級公司債,21,4,17,富邦-竹東,2023-06-05,9625
2362,藍天,17,0,17,富邦-竹東,2023-06-05,9625
2408,南亞科,16,0,16,富邦-竹東,2023-06-05,9625
1529,樂事綠能,38,22,16,富邦-竹東,2023-06-05,9625
1799,易威,15,0,15,富邦-竹東,2023-06-05,9625
00926,凱基全球菁英55,15,0,15,富邦-竹東,2023-06-05,9625
6443,元晶,15,0,15,富邦-竹東,2023-06-05,9625
3049,精金,15,0,15,富邦-竹東,2023-06-05,9625
8426,紅木-KY,15,0,15,富邦-竹東,2023-06-05,9625
6112,邁達特,15,0,15,富邦-竹東,2023-06-05,9625
1806,冠軍,14,0,14,富邦-竹東,2023-06-05,9625
00632R,元大台灣50反1,312,30,282,富邦-竹東,2023-06-06,9625
1514,亞力,86,27,59,富邦-竹東,2023-06-06,9625
2402,毅嘉,68,9,59,富邦-竹東,2023-06-06,9625
5905,南仁湖,57,1,56,富邦-竹東,2023-06-06,9625
1609,大亞,114,70,44,富邦-竹東,2023-06-06,9625
2618,長榮航,68,29,39,富邦-竹東,2023-06-06,9625
00878,國泰永續高股息,46,7,39,富邦-竹東,2023-06-06,9625
3231,緯創,48,10,38,富邦-竹東,2023-06-06,9625
00900,富邦特選高股息30,42,5,37,富邦-竹東,2023-06-06,9625
2515,中工,53,17,36,富邦-竹東,2023-06-06,9625
3630,新鉅科,37,4,33,富邦-竹東,2023-06-06,9625
4533,協易機,36,3,33,富邦-竹東,2023-06-06,9625
8105,凌巨,46,15,31,富邦-竹東,2023-06-06,9625
2104,國際中橡,30,0,30,富邦-竹東,2023-06-06,9625
2457,飛宏,36,7,29,富邦-竹東,2023-06-06,9625
2208,台船,29,0,29,富邦-竹東,2023-06-06,9625
1528,恩德,31,3,28,富邦-竹東,2023-06-06,9625
1605,華新,48,20,28,富邦-竹東,2023-06-06,9625
8050,廣積,32,4,28,富邦-竹東,2023-06-06,9625
2427,三商電,31,4,27,富邦-竹東,2023-06-06,9625
2906,高林,30,3,27,富邦-竹東,2023-06-06,9625
2888,新光金,53,27,26,富邦-竹東,2023-06-06,9625
8426,紅木-KY,26,1,25,富邦-竹東,2023-06-06,9625
2344,華邦電,51,28,23,富邦-竹東,2023-06-06,9625
5531,鄉林,21,0,21,富邦-竹東,2023-06-06,9625
4543,萬在,20,0,20,富邦-竹東,2023-06-06,9625
2349,錸德,20,0,20,富邦-竹東,2023-06-06,9625
5483,中美晶,18,0,18,富邦-竹東,2023-06-06,9625
1905,華紙,67,49,18,富邦-竹東,2023-06-06,9625
6125,廣運,46,29,17,富邦-竹東,2023-06-06,9625
5309,系統電,17,0,17,富邦-竹東,2023-06-06,9625
3625,西勝,17,0,17,富邦-竹東,2023-06-06,9625
2834,臺企銀,25,8,17,富邦-竹東,2023-06-06,9625
8234,新漢,18,2,16,富邦-竹東,2023-06-06,9625
4916,事欣科,27,11,16,富邦-竹東,2023-06-06,9625
3025,星通,33,17,16,富邦-竹東,2023-06-06,9625
00927,群益半導體收益,16,0,16,富邦-竹東,2023-06-06,9625
00679B,元大美債20年,15,0,15,富邦-竹東,2023-06-06,9625
2420,新巨,15,0,15,富邦-竹東,2023-06-06,9625
2328,廣宇,18,3,15,富邦-竹東,2023-06-06,9625
2754,亞洲藏壽司,16,1,15,富邦-竹東,2023-06-06,9625
5443,均豪,15,0,15,富邦-竹東,2023-06-06,9625
00713,元大台灣高息低波,32,18,14,富邦-竹東,2023-06-06,9625
2498,宏達電,28,14,14,富邦-竹東,2023-06-06,9625
2913,農林,14,0,14,富邦-竹東,2023-06-06,9625
4931,新盛力,13,0,13,富邦-竹東,2023-06-06,9625
6116,彩晶,14,1,13,富邦-竹東,2023-06-06,9625
3037,欣興,21,9,12,富邦-竹東,2023-06-06,9625
00712,復華富時不動產,12,0,12,富邦-竹東,2023-06-06,9625
00642U,期元大S＆P石油,12,0,12,富邦-竹東,2023-06-06,9625
5905,南仁湖,150,0,150,富邦-竹東,2023-06-07,9625
2323,中環,134,32,102,富邦-竹東,2023-06-07,9625
2618,長榮航,89,7,82,富邦-竹東,2023-06-07,9625
6125,廣運,93,22,71,富邦-竹東,2023-06-07,9625
6116,彩晶,71,8,63,富邦-竹東,2023-06-07,9625
00637L,元大滬深300正2,56,6,50,富邦-竹東,2023-06-07,9625
2401,凌陽,55,15,40,富邦-竹東,2023-06-07,9625
0056,元大高股息,132,94,38,富邦-竹東,2023-06-07,9625
2891,中信金,46,9,37,富邦-竹東,2023-06-07,9625
2356,英業達,37,3,34,富邦-竹東,2023-06-07,9625
5258,虹堡,30,0,30,富邦-竹東,2023-06-07,9625
00713,元大台灣高息低波,38,10,28,富邦-竹東,2023-06-07,9625
2402,毅嘉,38,10,28,富邦-竹東,2023-06-07,9625
1815,富喬,22,0,22,富邦-竹東,2023-06-07,9625
3202,樺晟,21,1,20,富邦-竹東,2023-06-07,9625
00642U,期元大S＆P石油,20,0,20,富邦-竹東,2023-06-07,9625
1905,華紙,44,24,20,富邦-竹東,2023-06-07,9625
1605,華新,23,5,18,富邦-竹東,2023-06-07,9625
2888,新光金,25,7,18,富邦-竹東,2023-06-07,9625
3078,僑威,28,12,16,富邦-竹東,2023-06-07,9625
2812,台中銀,16,0,16,富邦-竹東,2023-06-07,9625
4533,協易機,17,2,15,富邦-竹東,2023-06-07,9625
6198,瑞築,15,0,15,富邦-竹東,2023-06-07,9625
6443,元晶,15,0,15,富邦-竹東,2023-06-07,9625
2883B,凱基金乙特,15,0,15,富邦-竹東,2023-06-07,9625
00712,復華富時不動產,16,1,15,富邦-竹東,2023-06-07,9625
2881,富邦金,14,0,14,富邦-竹東,2023-06-07,9625
00919,群益台灣精選高息,64,50,14,富邦-竹東,2023-06-07,9625
8121,越峰,15,1,14,富邦-竹東,2023-06-07,9625
2457,飛宏,33,19,14,富邦-竹東,2023-06-07,9625
2884,玉山金,30,18,12,富邦-竹東,2023-06-07,9625
2444,兆勁,12,0,12,富邦-竹東,2023-06-07,9625
6456,GIS-KY,12,0,12,富邦-竹東,2023-06-07,9625
2388,威盛,23,12,11,富邦-竹東,2023-06-07,9625
2208,台船,18,7,11,富邦-竹東,2023-06-07,9625
2601,益航,11,0,11,富邦-竹東,2023-06-07,9625
2880,華南金,11,0,11,富邦-竹東,2023-06-07,9625
1432,大魯閣,13,2,11,富邦-竹東,2023-06-07,9625
2382,廣達,33,22,11,富邦-竹東,2023-06-07,9625
2489,瑞軒,10,0,10,富邦-竹東,2023-06-07,9625
3362,先進光,10,0,10,富邦-竹東,2023-06-07,9625
2328,廣宇,11,1,10,富邦-竹東,2023-06-07,9625
2603,長榮,13,3,10,富邦-竹東,2023-06-07,9625
00764B,群益25年美債,10,0,10,富邦-竹東,2023-06-07,9625
00912,中信臺灣智慧50,10,0,10,富邦-竹東,2023-06-07,9625
6213,聯茂,11,1,10,富邦-竹東,2023-06-07,9625
6129,普誠,10,0,10,富邦-竹東,2023-06-07,9625
2399,映泰,10,0,10,富邦-竹東,2023-06-07,9625
6270,倍微,11,1,10,富邦-竹東,2023-06-07,9625
5310,天剛,10,0,10,富邦-竹東,2023-06-07,9625
5905,南仁湖,156,3,153,富邦-竹東,2023-06-08,9625
2641,正德,151,0,151,富邦-竹東,2023-06-08,9625
00632R,元大台灣50反1,135,40,95,富邦-竹東,2023-06-08,9625
1314,中石化,104,10,94,富邦-竹東,2023-06-08,9625
00688L,國泰20年美債正2,70,0,70,富邦-竹東,2023-06-08,9625
00919,群益台灣精選高息,69,12,57,富邦-竹東,2023-06-08,9625
00878,國泰永續高股息,276,222,54,富邦-竹東,2023-06-08,9625
3037,欣興,55,4,51,富邦-竹東,2023-06-08,9625
00679B,元大美債20年,51,0,51,富邦-竹東,2023-06-08,9625
2888,新光金,65,14,51,富邦-竹東,2023-06-08,9625
5704,老爺知,65,15,50,富邦-竹東,2023-06-08,9625
1609,大亞,158,117,41,富邦-竹東,2023-06-08,9625
00900,富邦特選高股息30,53,13,40,富邦-竹東,2023-06-08,9625
1444,力麗,43,5,38,富邦-竹東,2023-06-08,9625
1605,華新,56,18,38,富邦-竹東,2023-06-08,9625
2344,華邦電,38,1,37,富邦-竹東,2023-06-08,9625
00687B,國泰20年美債,36,0,36,富邦-竹東,2023-06-08,9625
2328,廣宇,50,14,36,富邦-竹東,2023-06-08,9625
3481,群創,51,17,34,富邦-竹東,2023-06-08,9625
00713,元大台灣高息低波,40,6,34,富邦-竹東,2023-06-08,9625
00669R,國泰美國道瓊反1,30,0,30,富邦-竹東,2023-06-08,9625
0056,元大高股息,55,27,28,富邦-竹東,2023-06-08,9625
2882,國泰金,26,0,26,富邦-竹東,2023-06-08,9625
3047,訊舟,26,1,25,富邦-竹東,2023-06-08,9625
5351,鈺創,26,1,25,富邦-竹東,2023-06-08,9625
1612,宏泰,38,15,23,富邦-竹東,2023-06-08,9625
3202,樺晟,24,1,23,富邦-竹東,2023-06-08,9625
5301,寶得利,23,0,23,富邦-竹東,2023-06-08,9625
00637L,元大滬深300正2,34,11,23,富邦-竹東,2023-06-08,9625
2881,富邦金,24,2,22,富邦-竹東,2023-06-08,9625
1449,佳和,22,0,22,富邦-竹東,2023-06-08,9625
2748,雲品,37,15,22,富邦-竹東,2023-06-08,9625
00720B,元大投資級公司債,22,0,22,富邦-竹東,2023-06-08,9625
00671R,富邦NASDAQ反1,80,60,20,富邦-竹東,2023-06-08,9625
1217,愛之味,20,0,20,富邦-竹東,2023-06-08,9625
2633,台灣高鐵,20,0,20,富邦-竹東,2023-06-08,9625
6821,聯寶,20,0,20,富邦-竹東,2023-06-08,9625
5483,中美晶,20,0,20,富邦-竹東,2023-06-08,9625
2324,仁寶,62,42,20,富邦-竹東,2023-06-08,9625
2915,潤泰全,30,11,19,富邦-竹東,2023-06-08,9625
00751B,元大AAA至A公司債,21,2,19,富邦-竹東,2023-06-08,9625
2332,友訊,20,1,19,富邦-竹東,2023-06-08,9625
2027,大成鋼,29,11,18,富邦-竹東,2023-06-08,9625
2719,燦星旅,18,0,18,富邦-竹東,2023-06-08,9625
1101,台泥,18,0,18,富邦-竹東,2023-06-08,9625
2330,台積電,20,2,18,富邦-竹東,2023-06-08,9625
00680L,元大美債20正2,17,0,17,富邦-竹東,2023-06-08,9625
1720,生達,17,0,17,富邦-竹東,2023-06-08,9625
6274,台燿,25,9,16,富邦-竹東,2023-06-08,9625
5880,合庫金,23,7,16,富邦-竹東,2023-06-08,9625
2027,大成鋼,1713,27,1686,富邦-竹東,2023-06-09,9625
8088,品安,111,0,111,富邦-竹東,2023-06-09,9625
2323,中環,105,21,84,富邦-竹東,2023-06-09,9625
2618,長榮航,85,12,73,富邦-竹東,2023-06-09,9625
00919,群益台灣精選高息,72,0,72,富邦-竹東,2023-06-09,9625
1806,冠軍,70,0,70,富邦-竹東,2023-06-09,9625
1217,愛之味,67,0,67,富邦-竹東,2023-06-09,9625
3202,樺晟,122,55,67,富邦-竹東,2023-06-09,9625
2382,廣達,101,45,56,富邦-竹東,2023-06-09,9625
0056,元大高股息,93,38,55,富邦-竹東,2023-06-09,9625
00929,復華台灣科技優息,181,140,41,富邦-竹東,2023-06-09,9625
00637L,元大滬深300正2,50,13,37,富邦-竹東,2023-06-09,9625
3046,建��,63,32,31,富邦-竹東,2023-06-09,9625
3325,旭品,29,0,29,富邦-竹東,2023-06-09,9625
5531,鄉林,55,27,28,富邦-竹東,2023-06-09,9625
2885,元大金,30,3,27,富邦-竹東,2023-06-09,9625
3511,矽瑪,27,0,27,富邦-竹東,2023-06-09,9625
6288,聯嘉,24,1,23,富邦-竹東,2023-06-09,9625
2328,廣宇,24,1,23,富邦-竹東,2023-06-09,9625
1609,大亞,94,71,23,富邦-竹東,2023-06-09,9625
6443,元晶,22,0,22,富邦-竹東,2023-06-09,9625
4564,元翎,20,0,20,富邦-竹東,2023-06-09,9625
2356,英業達,51,32,19,富邦-竹東,2023-06-09,9625
9945,潤泰新,21,2,19,富邦-竹東,2023-06-09,9625
1444,力麗,20,2,18,富邦-竹東,2023-06-09,9625
00715L,期街口布蘭特正2,160,143,17,富邦-竹東,2023-06-09,9625
2204,中華,17,1,16,富邦-竹東,2023-06-09,9625
5258,虹堡,16,0,16,富邦-竹東,2023-06-09,9625
4114,健喬,15,0,15,富邦-竹東,2023-06-09,9625
6593,台灣銘板,15,0,15,富邦-竹東,2023-06-09,9625
3003,健和興,19,5,14,富邦-竹東,2023-06-09,9625
3013,晟銘電,17,3,14,富邦-竹東,2023-06-09,9625
5469,瀚宇博,16,2,14,富邦-竹東,2023-06-09,9625
2884,玉山金,12,0,12,富邦-竹東,2023-06-09,9625
6770,力積電,23,11,12,富邦-竹東,2023-06-09,9625
6596,寬宏藝術,32,20,12,富邦-竹東,2023-06-09,9625
6101,寬魚國際,22,10,12,富邦-竹東,2023-06-09,9625
00885,富邦越南,12,0,12,富邦-竹東,2023-06-09,9625
4543,萬在,12,0,12,富邦-竹東,2023-06-09,9625
2745,五福,11,0,11,富邦-竹東,2023-06-09,9625
3715,定穎投控,11,0,11,富邦-竹東,2023-06-09,9625
2317,鴻海,18,8,10,富邦-竹東,2023-06-09,9625
8112,至上,12,2,10,富邦-竹東,2023-06-09,9625
5371,中光電,10,0,10,富邦-竹東,2023-06-09,9625
2492,華新科,10,0,10,富邦-竹東,2023-06-09,9625
3092,鴻碩,15,5,10,富邦-竹東,2023-06-09,9625
6535,順藥,10,0,10,富邦-竹東,2023-06-09,9625
6284,佳邦,10,0,10,富邦-竹東,2023-06-09,9625
2409,友達,10,0,10,富邦-竹東,2023-06-09,9625
1504,東元,15,6,9,富邦-竹東,2023-06-09,9625
00919,群益台灣精選高息,482,123,359,富邦-竹東,2023-06-12,9625
00632R,元大台灣50反1,435,220,215,富邦-竹東,2023-06-12,9625
00929,復華台灣科技優息,206,46,160,富邦-竹東,2023-06-12,9625
00712,復華富時不動產,147,8,139,富邦-竹東,2023-06-12,9625
2027,大成鋼,135,8,127,富邦-竹東,2023-06-12,9625
2014,中鴻,106,1,105,富邦-竹東,2023-06-12,9625
2356,英業達,113,20,93,富邦-竹東,2023-06-12,9625
00715L,期街口布蘭特正2,91,3,88,富邦-竹東,2023-06-12,9625
3231,緯創,88,20,68,富邦-竹東,2023-06-12,9625
2888,新光金,84,21,63,富邦-竹東,2023-06-12,9625
3380,明泰,53,0,53,富邦-竹東,2023-06-12,9625
00642U,期元大S＆P石油,46,0,46,富邦-竹東,2023-06-12,9625
00687B,國泰20年美債,43,1,42,富邦-竹東,2023-06-12,9625
8358,金居,46,8,38,富邦-竹東,2023-06-12,9625
2618,長榮航,62,24,38,富邦-竹東,2023-06-12,9625
00751B,元大AAA至A公司債,36,1,35,富邦-竹東,2023-06-12,9625
4979,華星光,48,14,34,富邦-竹東,2023-06-12,9625
6139,亞翔,33,0,33,富邦-竹東,2023-06-12,9625
5531,鄉林,31,0,31,富邦-竹東,2023-06-12,9625
00679B,元大美債20年,30,0,30,富邦-竹東,2023-06-12,9625
9941A,裕融甲特,24,0,24,富邦-竹東,2023-06-12,9625
5426,振發,22,0,22,富邦-竹東,2023-06-12,9625
5469,瀚宇博,21,0,21,富邦-竹東,2023-06-12,9625
3374,精材,27,7,20,富邦-竹東,2023-06-12,9625
9907,統一實,20,0,20,富邦-竹東,2023-06-12,9625
6443,元晶,27,8,19,富邦-竹東,2023-06-12,9625
3481,群創,32,13,19,富邦-竹東,2023-06-12,9625
2323,中環,21,3,18,富邦-竹東,2023-06-12,9625
3564,其陽,19,1,18,富邦-竹東,2023-06-12,9625
6148,驊宏資,30,13,17,富邦-竹東,2023-06-12,9625
6821,聯寶,16,0,16,富邦-竹東,2023-06-12,9625
1733,五鼎,16,0,16,富邦-竹東,2023-06-12,9625
8234,新漢,16,0,16,富邦-竹東,2023-06-12,9625
6218,豪勉,16,0,16,富邦-竹東,2023-06-12,9625
1710,東聯,18,2,16,富邦-竹東,2023-06-12,9625
1609,大亞,34,18,16,富邦-竹東,2023-06-12,9625
6244,茂迪,15,0,15,富邦-竹東,2023-06-12,9625
00713,元大台灣高息低波,30,15,15,富邦-竹東,2023-06-12,9625
00927,群益半導體收益,15,0,15,富邦-竹東,2023-06-12,9625
8446,華研,15,0,15,富邦-竹東,2023-06-12,9625
2399,映泰,26,11,15,富邦-竹東,2023-06-12,9625
2340,台亞,20,5,15,富邦-竹東,2023-06-12,9625
2376,技嘉,27,12,15,富邦-竹東,2023-06-12,9625
5530,龍巖,14,0,14,富邦-竹東,2023-06-12,9625
1524,耿鼎,18,4,14,富邦-竹東,2023-06-12,9625
1795,美時,15,2,13,富邦-竹東,2023-06-12,9625
2882,國泰金,13,0,13,富邦-竹東,2023-06-12,9625
4108,懷特,13,0,13,富邦-竹東,2023-06-12,9625
2359,所羅門,13,0,13,富邦-竹東,2023-06-12,9625
5351,鈺創,24,11,13,富邦-竹東,2023-06-12,9625
00715L,期街口布蘭特正2,392,1,391,富邦-竹東,2023-06-13,9625
00712,復華富時不動產,315,0,315,富邦-竹東,2023-06-13,9625
00919,群益台灣精選高息,156,1,155,富邦-竹東,2023-06-13,9625
3014,聯陽,136,7,129,富邦-竹東,2023-06-13,9625
00632R,元大台灣50反1,305,200,105,富邦-竹東,2023-06-13,9625
1785,光洋科,123,58,65,富邦-竹東,2023-06-13,9625
00912,中信臺灣智慧50,51,0,51,富邦-竹東,2023-06-13,9625
2630,亞航,74,32,42,富邦-竹東,2023-06-13,9625
2891,中信金,30,1,29,富邦-竹東,2023-06-13,9625
8358,金居,37,9,28,富邦-竹東,2023-06-13,9625
2457,飛宏,41,14,27,富邦-竹東,2023-06-13,9625
2449,京元電子,45,18,27,富邦-竹東,2023-06-13,9625
2889,國票金,25,0,25,富邦-竹東,2023-06-13,9625
3202,樺晟,23,0,23,富邦-竹東,2023-06-13,9625
4157,太景*-KY,22,0,22,富邦-竹東,2023-06-13,9625
6185,幃翔,22,0,22,富邦-竹東,2023-06-13,9625
00679B,元大美債20年,21,0,21,富邦-竹東,2023-06-13,9625
1444,力麗,20,0,20,富邦-竹東,2023-06-13,9625
3013,晟銘電,21,1,20,富邦-竹東,2023-06-13,9625
00902,中信電池及儲能,22,2,20,富邦-竹東,2023-06-13,9625
2458,義隆,25,5,20,富邦-竹東,2023-06-13,9625
2885,元大金,20,0,20,富邦-竹東,2023-06-13,9625
6125,廣運,31,13,18,富邦-竹東,2023-06-13,9625
1802,台玻,18,0,18,富邦-竹東,2023-06-13,9625
3543,州巧,18,0,18,富邦-竹東,2023-06-13,9625
6139,亞翔,18,0,18,富邦-竹東,2023-06-13,9625
8071,能率網通,17,0,17,富邦-竹東,2023-06-13,9625
00882,中信中國高股息,16,0,16,富邦-竹東,2023-06-13,9625
5703,亞都,15,0,15,富邦-竹東,2023-06-13,9625
6129,普誠,20,6,14,富邦-竹東,2023-06-13,9625
9941A,裕融甲特,14,0,14,富邦-竹東,2023-06-13,9625
1325,恆大,13,0,13,富邦-竹東,2023-06-13,9625
5301,寶得利,15,2,13,富邦-竹東,2023-06-13,9625
2515,中工,17,4,13,富邦-竹東,2023-06-13,9625
00713,元大台灣高息低波,14,2,12,富邦-竹東,2023-06-13,9625
6188,廣明,12,0,12,富邦-竹東,2023-06-13,9625
6596,寬宏藝術,15,3,12,富邦-竹東,2023-06-13,9625
3257,虹冠電,12,0,12,富邦-竹東,2023-06-13,9625
5284,jpp-KY,11,0,11,富邦-竹東,2023-06-13,9625
3252,海灣,11,0,11,富邦-竹東,2023-06-13,9625
00642U,期元大S＆P石油,12,2,10,富邦-竹東,2023-06-13,9625
2332,友訊,10,0,10,富邦-竹東,2023-06-13,9625
3021,鴻名,10,0,10,富邦-竹東,2023-06-13,9625
9950,萬國通,10,0,10,富邦-竹東,2023-06-13,9625
6456,GIS-KY,9,0,9,富邦-竹東,2023-06-13,9625
1721,三晃,10,1,9,富邦-竹東,2023-06-13,9625
00661,元大日經225,9,0,9,富邦-竹東,2023-06-13,9625
5315,光聯,10,1,9,富邦-竹東,2023-06-13,9625
2609,陽明,30,22,8,富邦-竹東,2023-06-13,9625
6257,矽格,8,0,8,富邦-竹東,2023-06-13,9625
00712,復華富時不動產,406,0,406,富邦-竹東,2023-06-14,9625
00929,復華台灣科技優息,247,45,202,富邦-竹東,2023-06-14,9625
2356,英業達,218,77,141,富邦-竹東,2023-06-14,9625
00642U,期元大S＆P石油,103,0,103,富邦-竹東,2023-06-14,9625
1522,堤維西,135,38,97,富邦-竹東,2023-06-14,9625
8358,金居,95,3,92,富邦-竹東,2023-06-14,9625
2891,中信金,100,13,87,富邦-竹東,2023-06-14,9625
00688L,國泰20年美債正2,70,0,70,富邦-竹東,2023-06-14,9625
00919,群益台灣精選高息,61,5,56,富邦-竹東,2023-06-14,9625
3583,辛耘,56,7,49,富邦-竹東,2023-06-14,9625
3014,聯陽,45,5,40,富邦-竹東,2023-06-14,9625
3591,艾笛森,40,1,39,富邦-竹東,2023-06-14,9625
2515,中工,34,0,34,富邦-竹東,2023-06-14,9625
2324,仁寶,45,12,33,富邦-竹東,2023-06-14,9625
00680L,元大美債20正2,31,0,31,富邦-竹東,2023-06-14,9625
4533,協易機,49,21,28,富邦-竹東,2023-06-14,9625
4564,元翎,31,3,28,富邦-竹東,2023-06-14,9625
00687B,國泰20年美債,28,0,28,富邦-竹東,2023-06-14,9625
5371,中光電,27,0,27,富邦-竹東,2023-06-14,9625
2312,金寶,27,0,27,富邦-竹東,2023-06-14,9625
6148,驊宏資,29,2,27,富邦-竹東,2023-06-14,9625
00637L,元大滬深300正2,34,8,26,富邦-竹東,2023-06-14,9625
00679B,元大美債20年,25,0,25,富邦-竹東,2023-06-14,9625
8940,新天地,22,0,22,富邦-竹東,2023-06-14,9625
4128,中天,21,1,20,富邦-竹東,2023-06-14,9625
8105,凌巨,20,0,20,富邦-竹東,2023-06-14,9625
6122,擎邦,50,32,18,富邦-竹東,2023-06-14,9625
00632R,元大台灣50反1,158,141,17,富邦-竹東,2023-06-14,9625
9945,潤泰新,17,0,17,富邦-竹東,2023-06-14,9625
1307,三芳,19,3,16,富邦-竹東,2023-06-14,9625
1609,大亞,43,28,15,富邦-竹東,2023-06-14,9625
2328,廣宇,15,0,15,富邦-竹東,2023-06-14,9625
2301,光寶科,15,0,15,富邦-竹東,2023-06-14,9625
2317,鴻海,21,7,14,富邦-竹東,2023-06-14,9625
6101,寬魚國際,15,1,14,富邦-竹東,2023-06-14,9625
1605,華新,20,7,13,富邦-竹東,2023-06-14,9625
6161,捷波,12,0,12,富邦-竹東,2023-06-14,9625
4906,正文,13,1,12,富邦-竹東,2023-06-14,9625
2705,六福,107,95,12,富邦-竹東,2023-06-14,9625
00882,中信中國高股息,11,0,11,富邦-竹東,2023-06-14,9625
6415,矽力*-KY,11,0,11,富邦-竹東,2023-06-14,9625
6576,逸達,11,0,11,富邦-竹東,2023-06-14,9625
2719,燦星旅,10,0,10,富邦-竹東,2023-06-14,9625
00895,富邦未來車,10,0,10,富邦-竹東,2023-06-14,9625
3128,昇銳,11,1,10,富邦-竹東,2023-06-14,9625
1806,冠軍,10,0,10,富邦-竹東,2023-06-14,9625
2354,鴻準,12,2,10,富邦-竹東,2023-06-14,9625
3630,新鉅科,10,0,10,富邦-竹東,2023-06-14,9625
5531,鄉林,20,10,10,富邦-竹東,2023-06-14,9625
1524,耿鼎,19,9,10,富邦-竹東,2023-06-14,9625
00632R,元大台灣50反1,325,21,304,富邦-竹東,2023-06-15,9625
2356,英業達,328,59,269,富邦-竹東,2023-06-15,9625
00919,群益台灣精選高息,141,0,141,富邦-竹東,2023-06-15,9625
9105,泰金寶-DR,80,0,80,富邦-竹東,2023-06-15,9625
2618,長榮航,186,129,57,富邦-竹東,2023-06-15,9625
2353,宏��,72,17,55,富邦-竹東,2023-06-15,9625
5531,鄉林,63,15,48,富邦-竹東,2023-06-15,9625
4533,協易機,53,7,46,富邦-竹東,2023-06-15,9625
1611,中電,54,12,42,富邦-竹東,2023-06-15,9625
00715L,期街口布蘭特正2,44,4,40,富邦-竹東,2023-06-15,9625
8358,金居,55,18,37,富邦-竹東,2023-06-15,9625
3231,緯創,97,68,29,富邦-竹東,2023-06-15,9625
4510,高鋒,39,11,28,富邦-竹東,2023-06-15,9625
2834,臺企銀,27,0,27,富邦-竹東,2023-06-15,9625
2888,新光金,52,26,26,富邦-竹東,2023-06-15,9625
8076,伍豐,39,14,25,富邦-竹東,2023-06-15,9625
4190,佐登-KY,23,0,23,富邦-竹東,2023-06-15,9625
2332,友訊,76,53,23,富邦-竹東,2023-06-15,9625
3033,威健,23,1,22,富邦-竹東,2023-06-15,9625
6789,采鈺,20,0,20,富邦-竹東,2023-06-15,9625
00706L,期元大S＆P日圓正2,20,0,20,富邦-竹東,2023-06-15,9625
2401,凌陽,80,60,20,富邦-竹東,2023-06-15,9625
2891,中信金,22,3,19,富邦-竹東,2023-06-15,9625
1301,台塑,20,1,19,富邦-竹東,2023-06-15,9625
3071,協禧,20,2,18,富邦-竹東,2023-06-15,9625
6148,驊宏資,21,3,18,富邦-竹東,2023-06-15,9625
2471,資通,32,15,17,富邦-竹東,2023-06-15,9625
8086,宏捷科,18,1,17,富邦-竹東,2023-06-15,9625
5512,力麒,16,0,16,富邦-竹東,2023-06-15,9625
1514,亞力,22,7,15,富邦-竹東,2023-06-15,9625
5309,系統電,15,0,15,富邦-竹東,2023-06-15,9625
6182,合晶,31,17,14,富邦-竹東,2023-06-15,9625
8183,精星,14,0,14,富邦-竹東,2023-06-15,9625
6535,順藥,14,0,14,富邦-竹東,2023-06-15,9625
9941A,裕融甲特,14,0,14,富邦-竹東,2023-06-15,9625
4157,太景*-KY,15,1,14,富邦-竹東,2023-06-15,9625
1609,大亞,43,30,13,富邦-竹東,2023-06-15,9625
1521,大億,13,0,13,富邦-竹東,2023-06-15,9625
4979,華星光,20,7,13,富邦-竹東,2023-06-15,9625
3498,陽程,16,3,13,富邦-竹東,2023-06-15,9625
2014,中鴻,12,0,12,富邦-竹東,2023-06-15,9625
3022,威強電,44,32,12,富邦-竹東,2023-06-15,9625
00893,國泰智能電動車,49,37,12,富邦-竹東,2023-06-15,9625
00885,富邦越南,12,0,12,富邦-竹東,2023-06-15,9625
3055,蔚華科,62,50,12,富邦-竹東,2023-06-15,9625
00679B,元大美債20年,12,0,12,富邦-竹東,2023-06-15,9625
5439,高技,12,0,12,富邦-竹東,2023-06-15,9625
5425,台半,13,1,12,富邦-竹東,2023-06-15,9625
3090,日電貿,12,0,12,富邦-竹東,2023-06-15,9625
2208,台船,13,2,11,富邦-竹東,2023-06-15,9625
2317,鴻海,323,33,290,富邦-竹東,2023-06-16,9625
00632R,元大台灣50反1,391,170,221,富邦-竹東,2023-06-16,9625
00927,群益半導體收益,210,0,210,富邦-竹東,2023-06-16,9625
3706,神達,207,64,143,富邦-竹東,2023-06-16,9625
00712,復華富時不動產,102,21,81,富邦-竹東,2023-06-16,9625
1605,華新,134,60,74,富邦-竹東,2023-06-16,9625
2888,新光金,103,34,69,富邦-竹東,2023-06-16,9625
1529,樂事綠能,108,40,68,富邦-竹東,2023-06-16,9625
2329,華泰,60,4,56,富邦-竹東,2023-06-16,9625
2641,正德,50,0,50,富邦-竹東,2023-06-16,9625
2834,臺企銀,53,6,47,富邦-竹東,2023-06-16,9625
2890,永豐金,41,2,39,富邦-竹東,2023-06-16,9625
1504,東元,52,15,37,富邦-竹東,2023-06-16,9625
2392,正崴,42,6,36,富邦-竹東,2023-06-16,9625
3264,欣銓,35,1,34,富邦-竹東,2023-06-16,9625
2208,台船,33,0,33,富邦-竹東,2023-06-16,9625
6125,廣運,45,13,32,富邦-竹東,2023-06-16,9625
00919,群益台灣精選高息,32,0,32,富邦-竹東,2023-06-16,9625
1721,三晃,33,3,30,富邦-竹東,2023-06-16,9625
9105,泰金寶-DR,30,0,30,富邦-竹東,2023-06-16,9625
2489,瑞軒,36,7,29,富邦-竹東,2023-06-16,9625
1611,中電,67,39,28,富邦-竹東,2023-06-16,9625
2913,農林,27,0,27,富邦-竹東,2023-06-16,9625
2359,所羅門,59,33,26,富邦-竹東,2023-06-16,9625
2881,富邦金,24,1,23,富邦-竹東,2023-06-16,9625
6275,元山,22,0,22,富邦-竹東,2023-06-16,9625
8210,勤誠,24,3,21,富邦-竹東,2023-06-16,9625
6843,進典,21,0,21,富邦-竹東,2023-06-16,9625
2362,藍天,27,6,21,富邦-竹東,2023-06-16,9625
3481,群創,42,21,21,富邦-竹東,2023-06-16,9625
6282,康舒,24,5,19,富邦-竹東,2023-06-16,9625
2409,友達,39,21,18,富邦-竹東,2023-06-16,9625
5324,士開,17,0,17,富邦-竹東,2023-06-16,9625
2303,聯電,57,41,16,富邦-竹東,2023-06-16,9625
1795,美時,19,3,16,富邦-竹東,2023-06-16,9625
1218,泰山,15,0,15,富邦-竹東,2023-06-16,9625
00725B,國泰投資級公司債,15,0,15,富邦-竹東,2023-06-16,9625
00751B,元大AAA至A公司債,18,3,15,富邦-竹東,2023-06-16,9625
1815,富喬,24,10,14,富邦-竹東,2023-06-16,9625
2368,金像電,30,16,14,富邦-竹東,2023-06-16,9625
8050,廣積,20,7,13,富邦-竹東,2023-06-16,9625
3022,威強電,15,2,13,富邦-竹東,2023-06-16,9625
2504,國產,13,0,13,富邦-竹東,2023-06-16,9625
2332,友訊,12,0,12,富邦-竹東,2023-06-16,9625
2886,兆豐金,12,0,12,富邦-竹東,2023-06-16,9625
00885,富邦越南,12,0,12,富邦-竹東,2023-06-16,9625
8054,安國,12,0,12,富邦-竹東,2023-06-16,9625
1802,台玻,38,26,12,富邦-竹東,2023-06-16,9625
2382,廣達,19,8,11,富邦-竹東,2023-06-16,9625
6672,騰輝電子-KY,13,2,11,富邦-竹東,2023-06-16,9625
00712,復華富時不動產,289,17,272,富邦-竹東,2023-06-19,9625
00632R,元大台灣50反1,250,0,250,富邦-竹東,2023-06-19,9625
8024,佑華,164,0,164,富邦-竹東,2023-06-19,9625
2317,鴻海,144,6,138,富邦-竹東,2023-06-19,9625
2324,仁寶,129,69,60,富邦-竹東,2023-06-19,9625
2104,國際中橡,64,12,52,富邦-竹東,2023-06-19,9625
2609,陽明,54,9,45,富邦-竹東,2023-06-19,9625
4967,十銓,73,29,44,富邦-竹東,2023-06-19,9625
00927,群益半導體收益,43,0,43,富邦-竹東,2023-06-19,9625
00929,復華台灣科技優息,36,0,36,富邦-竹東,2023-06-19,9625
00919,群益台灣精選高息,33,0,33,富邦-竹東,2023-06-19,9625
2206,三陽工業,32,1,31,富邦-竹東,2023-06-19,9625
2883,凱基金,32,1,31,富邦-竹東,2023-06-19,9625
2887,台新金,35,4,31,富邦-竹東,2023-06-19,9625
3706,神達,56,26,30,富邦-竹東,2023-06-19,9625
8349,�矬�,30,0,30,富邦-竹東,2023-06-19,9625
6244,茂迪,30,2,28,富邦-竹東,2023-06-19,9625
1609,大亞,37,9,28,富邦-竹東,2023-06-19,9625
2014,中鴻,26,0,26,富邦-竹東,2023-06-19,9625
2603,長榮,32,10,22,富邦-竹東,2023-06-19,9625
6148,驊宏資,36,14,22,富邦-竹東,2023-06-19,9625
2905,三商,20,0,20,富邦-竹東,2023-06-19,9625
2468,華經,43,24,19,富邦-竹東,2023-06-19,9625
2408,南亞科,21,2,19,富邦-竹東,2023-06-19,9625
1513,中興電,75,57,18,富邦-竹東,2023-06-19,9625
2303,聯電,40,22,18,富邦-竹東,2023-06-19,9625
0056,元大高股息,28,11,17,富邦-竹東,2023-06-19,9625
3252,海灣,34,18,16,富邦-竹東,2023-06-19,9625
6147,頎邦,18,2,16,富邦-竹東,2023-06-19,9625
5478,智冠,16,0,16,富邦-竹東,2023-06-19,9625
8088,品安,16,0,16,富邦-竹東,2023-06-19,9625
2002,中鋼,17,1,16,富邦-竹東,2023-06-19,9625
3231,緯創,62,47,15,富邦-竹東,2023-06-19,9625
5512,力麒,15,0,15,富邦-竹東,2023-06-19,9625
2834,臺企銀,15,0,15,富邦-竹東,2023-06-19,9625
4543,萬在,21,6,15,富邦-竹東,2023-06-19,9625
3380,明泰,29,15,14,富邦-竹東,2023-06-19,9625
6190,萬泰科,14,1,13,富邦-竹東,2023-06-19,9625
3617,碩天,13,1,12,富邦-竹東,2023-06-19,9625
2801,彰銀,12,0,12,富邦-竹東,2023-06-19,9625
5426,振發,14,2,12,富邦-竹東,2023-06-19,9625
2353,宏��,26,14,12,富邦-竹東,2023-06-19,9625
6122,擎邦,22,10,12,富邦-竹東,2023-06-19,9625
2388,威盛,25,13,12,富邦-竹東,2023-06-19,9625
1528,恩德,16,5,11,富邦-竹東,2023-06-19,9625
2330,台積電,12,2,10,富邦-竹東,2023-06-19,9625
2897,王道銀行,10,0,10,富邦-竹東,2023-06-19,9625
2605,新興,12,2,10,富邦-竹東,2023-06-19,9625
4960,誠美材,15,5,10,富邦-竹東,2023-06-19,9625
00885,富邦越南,11,1,10,富邦-竹東,2023-06-19,9625
00632R,元大台灣50反1,579,0,579,富邦-竹東,2023-06-20,9625
3481,群創,146,35,111,富邦-竹東,2023-06-20,9625
2618,長榮航,120,13,107,富邦-竹東,2023-06-20,9625
6443,元晶,98,13,85,富邦-竹東,2023-06-20,9625
00929,復華台灣科技優息,73,0,73,富邦-竹東,2023-06-20,9625
1612,宏泰,53,2,51,富邦-竹東,2023-06-20,9625
3706,神達,62,13,49,富邦-竹東,2023-06-20,9625
1103,嘉泥,55,9,46,富邦-竹東,2023-06-20,9625
2883,凱基金,48,5,43,富邦-竹東,2023-06-20,9625
3049,精金,45,4,41,富邦-竹東,2023-06-20,9625
6266,泰詠,40,1,39,富邦-竹東,2023-06-20,9625
3338,泰碩,38,0,38,富邦-竹東,2023-06-20,9625
3056,富華新,42,6,36,富邦-竹東,2023-06-20,9625
6116,彩晶,34,0,34,富邦-竹東,2023-06-20,9625
2515,中工,32,0,32,富邦-竹東,2023-06-20,9625
2890,永豐金,31,0,31,富邦-竹東,2023-06-20,9625
8222,寶一,46,15,31,富邦-竹東,2023-06-20,9625
3581,博磊,32,2,30,富邦-竹東,2023-06-20,9625
2426,鼎元,30,0,30,富邦-竹東,2023-06-20,9625
00688L,國泰20年美債正2,30,0,30,富邦-竹東,2023-06-20,9625
1605,華新,45,16,29,富邦-竹東,2023-06-20,9625
3264,欣銓,40,11,29,富邦-竹東,2023-06-20,9625
2337,旺宏,33,4,29,富邦-竹東,2023-06-20,9625
00706L,期元大S＆P日圓正2,27,0,27,富邦-竹東,2023-06-20,9625
3419,譁裕,25,0,25,富邦-竹東,2023-06-20,9625
2630,亞航,43,19,24,富邦-竹東,2023-06-20,9625
3014,聯陽,24,2,22,富邦-竹東,2023-06-20,9625
8926,台汽電,21,0,21,富邦-竹東,2023-06-20,9625
6290,良維,47,26,21,富邦-竹東,2023-06-20,9625
2634,漢翔,135,114,21,富邦-竹東,2023-06-20,9625
6215,和椿,20,0,20,富邦-竹東,2023-06-20,9625
6532,瑞耘,21,1,20,富邦-竹東,2023-06-20,9625
2468,華經,52,32,20,富邦-竹東,2023-06-20,9625
5371,中光電,20,0,20,富邦-竹東,2023-06-20,9625
1513,中興電,39,19,20,富邦-竹東,2023-06-20,9625
2382,廣達,25,6,19,富邦-竹東,2023-06-20,9625
8105,凌巨,20,1,19,富邦-竹東,2023-06-20,9625
2610,華航,92,74,18,富邦-竹東,2023-06-20,9625
3693,營邦,37,19,18,富邦-竹東,2023-06-20,9625
3027,盛達,18,0,18,富邦-竹東,2023-06-20,9625
3055,蔚華科,19,1,18,富邦-竹東,2023-06-20,9625
3025,星通,20,2,18,富邦-竹東,2023-06-20,9625
3515,華擎,21,3,18,富邦-竹東,2023-06-20,9625
1609,大亞,23,6,17,富邦-竹東,2023-06-20,9625
6111,大宇資,22,6,16,富邦-竹東,2023-06-20,9625
1528,恩德,46,30,16,富邦-竹東,2023-06-20,9625
2645,長榮航太,16,1,15,富邦-竹東,2023-06-20,9625
00919,群益台灣精選高息,14,0,14,富邦-竹東,2023-06-20,9625
1734,杏輝,14,0,14,富邦-竹東,2023-06-20,9625
4968,立積,18,5,13,富邦-竹東,2023-06-20,9625
3481,群創,315,52,263,富邦-竹東,2023-06-21,9625
2323,中環,201,16,185,富邦-竹東,2023-06-21,9625
2303,聯電,124,9,115,富邦-竹東,2023-06-21,9625
2603,長榮,80,8,72,富邦-竹東,2023-06-21,9625
3252,海灣,68,4,64,富邦-竹東,2023-06-21,9625
6125,廣運,84,25,59,富邦-竹東,2023-06-21,9625
2409,友達,164,112,52,富邦-竹東,2023-06-21,9625
2027,大成鋼,50,0,50,富邦-竹東,2023-06-21,9625
2356,英業達,66,21,45,富邦-竹東,2023-06-21,9625
2427,三商電,66,22,44,富邦-竹東,2023-06-21,9625
3013,晟銘電,54,13,41,富邦-竹東,2023-06-21,9625
2705,六福,120,83,37,富邦-竹東,2023-06-21,9625
3056,富華新,37,0,37,富邦-竹東,2023-06-21,9625
2371,大同,81,46,35,富邦-竹東,2023-06-21,9625
6120,達運,62,31,31,富邦-竹東,2023-06-21,9625
00919,群益台灣精選高息,32,2,30,富邦-竹東,2023-06-21,9625
3479,安勤,30,0,30,富邦-竹東,2023-06-21,9625
1718,中纖,30,0,30,富邦-竹東,2023-06-21,9625
0056,元大高股息,52,23,29,富邦-竹東,2023-06-21,9625
2618,長榮航,35,6,29,富邦-竹東,2023-06-21,9625
2702,華園,65,37,28,富邦-竹東,2023-06-21,9625
2312,金寶,29,2,27,富邦-竹東,2023-06-21,9625
00882,中信中國高股息,25,0,25,富邦-竹東,2023-06-21,9625
3264,欣銓,30,6,24,富邦-竹東,2023-06-21,9625
1795,美時,24,0,24,富邦-竹東,2023-06-21,9625
00902,中信電池及儲能,20,0,20,富邦-竹東,2023-06-21,9625
8087,麗升能源,20,0,20,富邦-竹東,2023-06-21,9625
8940,新天地,20,0,20,富邦-竹東,2023-06-21,9625
6683,雍智科技,20,1,19,富邦-竹東,2023-06-21,9625
3003,健和興,17,0,17,富邦-竹東,2023-06-21,9625
8050,廣積,20,4,16,富邦-竹東,2023-06-21,9625
2324,仁寶,21,5,16,富邦-竹東,2023-06-21,9625
00687B,國泰20年美債,20,5,15,富邦-竹東,2023-06-21,9625
2337,旺宏,18,3,15,富邦-竹東,2023-06-21,9625
1605,華新,32,17,15,富邦-竹東,2023-06-21,9625
1905,華紙,32,18,14,富邦-竹東,2023-06-21,9625
5478,智冠,14,0,14,富邦-竹東,2023-06-21,9625
5465,富驊,24,10,14,富邦-竹東,2023-06-21,9625
2706,第一店,15,2,13,富邦-竹東,2023-06-21,9625
1513,中興電,37,25,12,富邦-竹東,2023-06-21,9625
3714,富采,12,0,12,富邦-竹東,2023-06-21,9625
3290,東浦,11,0,11,富邦-竹東,2023-06-21,9625
8044,網家,11,0,11,富邦-竹東,2023-06-21,9625
2801,彰銀,10,0,10,富邦-竹東,2023-06-21,9625
1815,富喬,10,0,10,富邦-竹東,2023-06-21,9625
2719,燦星旅,10,0,10,富邦-竹東,2023-06-21,9625
00689R,國泰20年美債反1,10,0,10,富邦-竹東,2023-06-21,9625
2838,聯邦銀,10,0,10,富邦-竹東,2023-06-21,9625
1528,恩德,34,24,10,富邦-竹東,2023-06-21,9625
2712,遠雄來,10,0,10,富邦-竹東,2023-06-21,9625
2888,新光金,116,1,115,富邦-竹東,2023-06-26,9625
4510,高鋒,120,10,110,富邦-竹東,2023-06-26,9625
00632R,元大台灣50反1,91,5,86,富邦-竹東,2023-06-26,9625
2344,華邦電,90,4,86,富邦-竹東,2023-06-26,9625
00692,富邦公司治理,75,0,75,富邦-竹東,2023-06-26,9625
2353,宏��,73,6,67,富邦-竹東,2023-06-26,9625
3706,神達,90,30,60,富邦-竹東,2023-06-26,9625
2615,萬海,54,0,54,富邦-竹東,2023-06-26,9625
1528,恩德,52,4,48,富邦-竹東,2023-06-26,9625
1785,光洋科,40,0,40,富邦-竹東,2023-06-26,9625
3024,憶聲,45,5,40,富邦-竹東,2023-06-26,9625
2601,益航,40,1,39,富邦-竹東,2023-06-26,9625
4526,東台,34,0,34,富邦-竹東,2023-06-26,9625
2610,華航,56,22,34,富邦-竹東,2023-06-26,9625
00878,國泰永續高股息,51,17,34,富邦-竹東,2023-06-26,9625
00669R,國泰美國道瓊反1,30,0,30,富邦-竹東,2023-06-26,9625
5531,鄉林,29,0,29,富邦-竹東,2023-06-26,9625
00637L,元大滬深300正2,27,0,27,富邦-竹東,2023-06-26,9625
9925,新保,27,0,27,富邦-竹東,2023-06-26,9625
2867,三商壽,30,5,25,富邦-竹東,2023-06-26,9625
2340,台亞,63,38,25,富邦-竹東,2023-06-26,9625
7402,邑錡,38,14,24,富邦-竹東,2023-06-26,9625
2412,中華電,27,5,22,富邦-竹東,2023-06-26,9625
2609,陽明,29,6,23,富邦-竹東,2023-06-26,9625
4744,皇將,22,0,22,富邦-竹東,2023-06-26,9625
3056,富華新,22,0,22,富邦-竹東,2023-06-26,9625
3306,鼎天,22,0,22,富邦-竹東,2023-06-26,9625
00706L,期元大S＆P日圓正2,21,0,21,富邦-竹東,2023-06-26,9625
6116,彩晶,21,0,21,富邦-竹東,2023-06-26,9625
2457,飛宏,22,2,20,富邦-竹東,2023-06-26,9625
3380,明泰,20,0,20,富邦-竹東,2023-06-26,9625
2382,廣達,23,4,19,富邦-竹東,2023-06-26,9625
4549,桓達,19,0,19,富邦-竹東,2023-06-26,9625
2427,三商電,66,47,19,富邦-竹東,2023-06-26,9625
00882,中信中國高股息,33,14,19,富邦-竹東,2023-06-26,9625
2330,台積電,19,0,19,富邦-竹東,2023-06-26,9625
6125,廣運,61,43,18,富邦-竹東,2023-06-26,9625
00712,復華富時不動產,18,0,18,富邦-竹東,2023-06-26,9625
1907,永豐餘,45,28,17,富邦-竹東,2023-06-26,9625
5351,鈺創,17,0,17,富邦-竹東,2023-06-26,9625
00715L,期街口布蘭特正2,56,40,16,富邦-竹東,2023-06-26,9625
3033,威健,16,0,16,富邦-竹東,2023-06-26,9625
6196,帆宣,15,0,15,富邦-竹東,2023-06-26,9625
2913,農林,15,0,15,富邦-竹東,2023-06-26,9625
5381,合正,15,0,15,富邦-竹東,2023-06-26,9625
6179,亞通,21,6,15,富邦-竹東,2023-06-26,9625
2331,精英,16,2,14,富邦-竹東,2023-06-26,9625
3078,僑威,28,14,14,富邦-竹東,2023-06-26,9625
1529,樂事綠能,14,0,14,富邦-竹東,2023-06-26,9625
4564,元翎,27,14,13,富邦-竹東,2023-06-26,9625
2312,金寶,214,53,161,富邦-竹東,2023-06-27,9625
2610,華航,149,37,112,富邦-竹東,2023-06-27,9625
00929,復華台灣科技優息,101,0,101,富邦-竹東,2023-06-27,9625
2409,友達,118,20,98,富邦-竹東,2023-06-27,9625
3481,群創,140,52,88,富邦-竹東,2023-06-27,9625
2618,長榮航,158,73,85,富邦-竹東,2023-06-27,9625
0056,元大高股息,153,71,82,富邦-竹東,2023-06-27,9625
1340,勝悅-KY,50,0,50,富邦-竹東,2023-06-27,9625
3231,緯創,105,56,49,富邦-竹東,2023-06-27,9625
1605,華新,69,21,48,富邦-竹東,2023-06-27,9625
00878,國泰永續高股息,143,102,41,富邦-竹東,2023-06-27,9625
2883,凱基金,38,0,38,富邦-竹東,2023-06-27,9625
2344,華邦電,42,4,38,富邦-竹東,2023-06-27,9625
3715,定穎投控,38,1,37,富邦-竹東,2023-06-27,9625
2303,聯電,69,32,37,富邦-竹東,2023-06-27,9625
2609,陽明,40,5,35,富邦-竹東,2023-06-27,9625
00795B,中信美國公債20年,32,0,32,富邦-竹東,2023-06-27,9625
2340,台亞,80,48,32,富邦-竹東,2023-06-27,9625
3693,營邦,31,1,30,富邦-竹東,2023-06-27,9625
00680L,元大美債20正2,30,0,30,富邦-竹東,2023-06-27,9625
00637L,元大滬深300正2,52,23,29,富邦-竹東,2023-06-27,9625
3038,全台,64,38,26,富邦-竹東,2023-06-27,9625
006208,富邦台50,26,0,26,富邦-竹東,2023-06-27,9625
1471,首利,31,5,26,富邦-竹東,2023-06-27,9625
6535,順藥,28,2,26,富邦-竹東,2023-06-27,9625
3227,原相,27,2,25,富邦-竹東,2023-06-27,9625
00888,永豐台灣ESG,23,0,23,富邦-竹東,2023-06-27,9625
4961,天鈺,23,0,23,富邦-竹東,2023-06-27,9625
5864,致和證,22,0,22,富邦-竹東,2023-06-27,9625
3078,僑威,36,14,22,富邦-竹東,2023-06-27,9625
00919,群益台灣精選高息,21,0,21,富邦-竹東,2023-06-27,9625
6116,彩晶,24,4,20,富邦-竹東,2023-06-27,9625
00671R,富邦NASDAQ反1,20,0,20,富邦-竹東,2023-06-27,9625
4543,萬在,36,16,20,富邦-竹東,2023-06-27,9625
00891,中信關鍵半導體,20,0,20,富邦-竹東,2023-06-27,9625
3664,安瑞-KY,20,0,20,富邦-竹東,2023-06-27,9625
2105,正新,20,0,20,富邦-竹東,2023-06-27,9625
8034,榮群,20,0,20,富邦-竹東,2023-06-27,9625
2313,華通,23,4,19,富邦-竹東,2023-06-27,9625
5880,合庫金,20,1,19,富邦-竹東,2023-06-27,9625
3055,蔚華科,19,0,19,富邦-竹東,2023-06-27,9625
6125,廣運,36,17,19,富邦-竹東,2023-06-27,9625
00713,元大台灣高息低波,38,20,18,富邦-竹東,2023-06-27,9625
2388,威盛,19,1,18,富邦-竹東,2023-06-27,9625
3027,盛達,20,2,18,富邦-竹東,2023-06-27,9625
00900,富邦特選高股息30,22,4,18,富邦-竹東,2023-06-27,9625
1609,大亞,49,33,16,富邦-竹東,2023-06-27,9625
2515,中工,26,10,16,富邦-竹東,2023-06-27,9625
2317,鴻海,24,9,15,富邦-竹東,2023-06-27,9625
2201,裕隆,15,0,15,富邦-竹東,2023-06-27,9625
00671R,富邦NASDAQ反1,400,20,380,富邦-竹東,2023-06-28,9625
00715L,期街口布蘭特正2,195,0,195,富邦-竹東,2023-06-28,9625
2409,友達,159,32,127,富邦-竹東,2023-06-28,9625
00753L,中信中國50正2,100,0,100,富邦-竹東,2023-06-28,9625
00712,復華富時不動產,78,6,72,富邦-竹東,2023-06-28,9625
3706,神達,63,16,47,富邦-竹東,2023-06-28,9625
2845,遠東銀,41,0,41,富邦-竹東,2023-06-28,9625
6535,順藥,40,2,38,富邦-竹東,2023-06-28,9625
2303,聯電,39,4,35,富邦-竹東,2023-06-28,9625
0056,元大高股息,39,5,34,富邦-竹東,2023-06-28,9625
5880,合庫金,33,0,33,富邦-竹東,2023-06-28,9625
2609,陽明,41,11,30,富邦-竹東,2023-06-28,9625
3231,緯創,88,59,29,富邦-竹東,2023-06-28,9625
1605,華新,79,52,27,富邦-竹東,2023-06-28,9625
4541,晟田,68,42,26,富邦-竹東,2023-06-28,9625
1101,台泥,26,2,24,富邦-竹東,2023-06-28,9625
8046,南電,28,6,22,富邦-竹東,2023-06-28,9625
3576,聯合再生,32,10,22,富邦-竹東,2023-06-28,9625
2365,昆盈,22,0,22,富邦-竹東,2023-06-28,9625
00878,國泰永續高股息,29,7,22,富邦-竹東,2023-06-28,9625
3089,億杰,20,0,20,富邦-竹東,2023-06-28,9625
4106,雃博,40,20,20,富邦-竹東,2023-06-28,9625
00929,復華台灣科技優息,24,4,20,富邦-竹東,2023-06-28,9625
4916,事欣科,20,0,20,富邦-竹東,2023-06-28,9625
2887,台新金,22,3,19,富邦-竹東,2023-06-28,9625
3481,群創,19,1,18,富邦-竹東,2023-06-28,9625
6276,安鈦克,24,6,18,富邦-竹東,2023-06-28,9625
2356,英業達,23,5,18,富邦-竹東,2023-06-28,9625
2603,長榮,31,13,18,富邦-竹東,2023-06-28,9625
00642U,期元大S＆P石油,17,0,17,富邦-竹東,2023-06-28,9625
3234,光環,17,0,17,富邦-竹東,2023-06-28,9625
00893,國泰智能電動車,20,3,17,富邦-竹東,2023-06-28,9625
6198,瑞築,20,3,17,富邦-竹東,2023-06-28,9625
2606,裕民,16,0,16,富邦-竹東,2023-06-28,9625
2359,所羅門,16,0,16,富邦-竹東,2023-06-28,9625
6169,昱泉,17,1,16,富邦-竹東,2023-06-28,9625
2885,元大金,16,0,16,富邦-竹東,2023-06-28,9625
4746,台耀,66,50,16,富邦-竹東,2023-06-28,9625
00713,元大台灣高息低波,29,14,15,富邦-竹東,2023-06-28,9625
3037,欣興,18,3,15,富邦-竹東,2023-06-28,9625
1609,大亞,16,1,15,富邦-竹東,2023-06-28,9625
6111,大宇資,22,8,14,富邦-竹東,2023-06-28,9625
1789,神隆,15,1,14,富邦-竹東,2023-06-28,9625
4121,優盛,18,4,14,富邦-竹東,2023-06-28,9625
2104,國際中橡,15,1,14,富邦-竹東,2023-06-28,9625
2630,亞航,45,32,13,富邦-竹東,2023-06-28,9625
1471,首利,14,2,12,富邦-竹東,2023-06-28,9625
5347,世界,11,0,11,富邦-竹東,2023-06-28,9625
2457,飛宏,12,1,11,富邦-竹東,2023-06-28,9625
1533,車王電,11,0,11,富邦-竹東,2023-06-28,9625
00642U,期元大S＆P石油,160,1,159,富邦-竹東,2023-06-29,9625
2313,華通,161,4,157,富邦-竹東,2023-06-29,9625
2419,仲琦,220,91,129,富邦-竹東,2023-06-29,9625
2609,陽明,73,14,59,富邦-竹東,2023-06-29,9625
4157,太景*-KY,113,57,56,富邦-竹東,2023-06-29,9625
2303,聯電,46,1,45,富邦-竹東,2023-06-29,9625
00929,復華台灣科技優息,42,0,42,富邦-竹東,2023-06-29,9625
2104,國際中橡,40,2,38,富邦-竹東,2023-06-29,9625
2618,長榮航,61,24,37,富邦-竹東,2023-06-29,9625
2883,凱基金,36,4,32,富邦-竹東,2023-06-29,9625
00706L,期元大S＆P日圓正2,30,0,30,富邦-竹東,2023-06-29,9625
2409,友達,28,1,27,富邦-竹東,2023-06-29,9625
4414,如興,33,10,23,富邦-竹東,2023-06-29,9625
00888,永豐台灣ESG,22,0,22,富邦-竹東,2023-06-29,9625
1605,華新,44,22,22,富邦-竹東,2023-06-29,9625
4171,瑞基,20,0,20,富邦-竹東,2023-06-29,9625
6196,帆宣,21,1,20,富邦-竹東,2023-06-29,9625
6695,芯鼎,20,0,20,富邦-竹東,2023-06-29,9625
2636,台驊控股,19,0,19,富邦-竹東,2023-06-29,9625
2412,中華電,19,0,19,富邦-竹東,2023-06-29,9625
6266,泰詠,18,0,18,富邦-竹東,2023-06-29,9625
2449,京元電子,21,3,18,富邦-竹東,2023-06-29,9625
1528,恩德,16,0,16,富邦-竹東,2023-06-29,9625
00751B,元大AAA至A公司債,15,0,15,富邦-竹東,2023-06-29,9625
00720B,元大投資級公司債,14,0,14,富邦-竹東,2023-06-29,9625
2887,台新金,14,0,14,富邦-竹東,2023-06-29,9625
2610,華航,40,26,14,富邦-竹東,2023-06-29,9625
3005,神基,14,0,14,富邦-竹東,2023-06-29,9625
00922,國泰台灣領袖50,13,0,13,富邦-竹東,2023-06-29,9625
4123,晟德,14,1,13,富邦-竹東,2023-06-29,9625
1795,美時,22,11,11,富邦-竹東,2023-06-29,9625
00671R,富邦NASDAQ反1,11,0,11,富邦-竹東,2023-06-29,9625
4510,高鋒,11,0,11,富邦-竹東,2023-06-29,9625
5871,中租-KY,10,0,10,富邦-竹東,2023-06-29,9625
2312,金寶,11,1,10,富邦-竹東,2023-06-29,9625
9933,中鼎,10,0,10,富邦-竹東,2023-06-29,9625
2884,玉山金,10,0,10,富邦-竹東,2023-06-29,9625
2012,春雨,10,0,10,富邦-竹東,2023-06-29,9625
6016,康和證,10,0,10,富邦-竹東,2023-06-29,9625
2501,國建,10,0,10,富邦-竹東,2023-06-29,9625
2324,仁寶,19,10,9,富邦-竹東,2023-06-29,9625
8358,金居,13,4,9,富邦-竹東,2023-06-29,9625
1303,南亞,9,0,9,富邦-竹東,2023-06-29,9625
1806,冠軍,9,0,9,富邦-竹東,2023-06-29,9625
6451,訊芯-KY,13,4,9,富邦-竹東,2023-06-29,9625
00919,群益台灣精選高息,9,0,9,富邦-竹東,2023-06-29,9625
2885,元大金,8,0,8,富邦-竹東,2023-06-29,9625
9907,統一實,8,0,8,富邦-竹東,2023-06-29,9625
6198,瑞築,11,3,8,富邦-竹東,2023-06-29,9625
3447,展達,7,0,7,富邦-竹東,2023-06-29,9625
00687B,國泰20年美債,108,0,108,富邦-竹東,2023-06-30,9625
6188,廣明,115,10,105,富邦-竹東,2023-06-30,9625
00795B,中信美國公債20年,76,0,76,富邦-竹東,2023-06-30,9625
2812,台中銀,72,1,71,富邦-竹東,2023-06-30,9625
2603,長榮,100,35,65,富邦-竹東,2023-06-30,9625
2206,三陽工業,62,3,59,富邦-竹東,2023-06-30,9625
1609,大亞,92,38,54,富邦-竹東,2023-06-30,9625
2883,凱基金,56,6,50,富邦-竹東,2023-06-30,9625
2303,聯電,78,35,43,富邦-竹東,2023-06-30,9625
2344,華邦電,41,0,41,富邦-竹東,2023-06-30,9625
5465,富驊,73,33,40,富邦-竹東,2023-06-30,9625
1605,華新,68,29,39,富邦-竹東,2023-06-30,9625
6733,博晟生醫,31,0,31,富邦-竹東,2023-06-30,9625
4157,太景*-KY,60,32,28,富邦-竹東,2023-06-30,9625
2356,英業達,32,5,27,富邦-竹東,2023-06-30,9625
6576,逸達,27,0,27,富邦-竹東,2023-06-30,9625
00929,復華台灣科技優息,26,0,26,富邦-竹東,2023-06-30,9625
6153,嘉聯益,47,22,25,富邦-竹東,2023-06-30,9625
3260,威剛,46,23,23,富邦-竹東,2023-06-30,9625
2014,中鴻,23,0,23,富邦-竹東,2023-06-30,9625
8034,榮群,22,0,22,富邦-竹東,2023-06-30,9625
8105,凌巨,22,0,22,富邦-竹東,2023-06-30,9625
3025,星通,31,10,21,富邦-竹東,2023-06-30,9625
8110,華東,21,0,21,富邦-竹東,2023-06-30,9625
2367,燿華,20,0,20,富邦-竹東,2023-06-30,9625
2409,友達,30,10,20,富邦-竹東,2023-06-30,9625
6169,昱泉,21,2,19,富邦-竹東,2023-06-30,9625
2419,仲琦,41,23,18,富邦-竹東,2023-06-30,9625
2317,鴻海,18,1,17,富邦-竹東,2023-06-30,9625
2428,興勤,17,0,17,富邦-竹東,2023-06-30,9625
3034,聯詠,28,12,16,富邦-竹東,2023-06-30,9625
2412,中華電,17,1,16,富邦-竹東,2023-06-30,9625
6451,訊芯-KY,19,4,15,富邦-竹東,2023-06-30,9625
2402,毅嘉,34,20,14,富邦-竹東,2023-06-30,9625
00772B,中信高評級公司債,13,0,13,富邦-竹東,2023-06-30,9625
6148,驊宏資,15,2,13,富邦-竹東,2023-06-30,9625
6770,力積電,15,3,12,富邦-竹東,2023-06-30,9625
2359,所羅門,12,0,12,富邦-竹東,2023-06-30,9625
2887,台新金,32,20,12,富邦-竹東,2023-06-30,9625
1234,黑松,12,0,12,富邦-竹東,2023-06-30,9625
8358,金居,22,10,12,富邦-竹東,2023-06-30,9625
00679B,元大美債20年,11,0,11,富邦-竹東,2023-06-30,9625
00720B,元大投資級公司債,11,0,11,富邦-竹東,2023-06-30,9625
3264,欣銓,11,0,11,富邦-竹東,2023-06-30,9625
1528,恩德,22,11,11,富邦-竹東,2023-06-30,9625
3374,精材,12,1,11,富邦-竹東,2023-06-30,9625
2105,正新,11,0,11,富邦-竹東,2023-06-30,9625
4916,事欣科,10,0,10,富邦-竹東,2023-06-30,9625
2340,台亞,15,5,10,富邦-竹東,2023-06-30,9625
4121,優盛,15,5,10,富邦-竹東,2023-06-30,9625
3481,群創,297,6,291,富邦-竹東,2023-07-03,9625
00673R,期元大S＆P原油反1,203,0,203,富邦-竹東,2023-07-03,9625
3231,緯創,104,37,67,富邦-竹東,2023-07-03,9625
3207,耀勝,75,11,64,富邦-竹東,2023-07-03,9625
2427,三商電,72,18,54,富邦-竹東,2023-07-03,9625
2371,大同,48,10,38,富邦-竹東,2023-07-03,9625
00878,國泰永續高股息,83,45,38,富邦-竹東,2023-07-03,9625
6188,廣明,44,11,33,富邦-竹東,2023-07-03,9625
1905,華紙,59,27,32,富邦-竹東,2023-07-03,9625
00715L,期街口布蘭特正2,40,9,31,富邦-竹東,2023-07-03,9625
4916,事欣科,36,5,31,富邦-竹東,2023-07-03,9625
2329,華泰,56,26,30,富邦-竹東,2023-07-03,9625
1598,岱宇,27,0,27,富邦-竹東,2023-07-03,9625
3704,合勤控,41,15,26,富邦-竹東,2023-07-03,9625
3706,神達,42,18,24,富邦-竹東,2023-07-03,9625
2412,中華電,22,0,22,富邦-竹東,2023-07-03,9625
00645,富邦日本,21,0,21,富邦-竹東,2023-07-03,9625
6153,嘉聯益,26,5,21,富邦-竹東,2023-07-03,9625
2317,鴻海,116,95,21,富邦-竹東,2023-07-03,9625
2331,精英,32,12,20,富邦-竹東,2023-07-03,9625
6126,信音,21,1,20,富邦-竹東,2023-07-03,9625
2323,中環,32,13,19,富邦-竹東,2023-07-03,9625
3027,盛達,19,1,18,富邦-竹東,2023-07-03,9625
1217,愛之味,19,1,18,富邦-竹東,2023-07-03,9625
6271,同欣電,18,1,17,富邦-竹東,2023-07-03,9625
3617,碩天,17,0,17,富邦-竹東,2023-07-03,9625
00893,國泰智能電動車,35,19,16,富邦-竹東,2023-07-03,9625
3163,波若威,16,1,15,富邦-竹東,2023-07-03,9625
1471,首利,20,5,15,富邦-竹東,2023-07-03,9625
0056,元大高股息,38,24,14,富邦-竹東,2023-07-03,9625
3325,旭品,15,1,14,富邦-竹東,2023-07-03,9625
8050,廣積,52,39,13,富邦-竹東,2023-07-03,9625
2380,虹光,13,0,13,富邦-竹東,2023-07-03,9625
3062,建漢,15,2,13,富邦-竹東,2023-07-03,9625
1904,正隆,13,0,13,富邦-竹東,2023-07-03,9625
2344,華邦電,16,3,13,富邦-竹東,2023-07-03,9625
2105,正新,13,0,13,富邦-竹東,2023-07-03,9625
2611,志信,14,1,13,富邦-竹東,2023-07-03,9625
6525,捷敏-KY,13,0,13,富邦-竹東,2023-07-03,9625
2603,長榮,30,17,13,富邦-竹東,2023-07-03,9625
8201,無敵,12,0,12,富邦-竹東,2023-07-03,9625
00900,富邦特選高股息30,20,8,12,富邦-竹東,2023-07-03,9625
3018,隆銘綠能,11,0,11,富邦-竹東,2023-07-03,9625
6166,凌華,11,0,11,富邦-竹東,2023-07-03,9625
6706,惠特,11,0,11,富邦-竹東,2023-07-03,9625
00662,富邦NASDAQ,11,0,11,富邦-竹東,2023-07-03,9625
1734,杏輝,11,0,11,富邦-竹東,2023-07-03,9625
6276,安鈦克,33,22,11,富邦-竹東,2023-07-03,9625
3032,偉訓,19,9,10,富邦-竹東,2023-07-03,9625
3044,健鼎,10,0,10,富邦-竹東,2023-07-03,9625
0056,元大高股息,140,16,124,富邦-竹東,2023-07-04,9625
2380,虹光,113,0,113,富邦-竹東,2023-07-04,9625
6282,康舒,187,94,93,富邦-竹東,2023-07-04,9625
2615,萬海,104,13,91,富邦-竹東,2023-07-04,9625
00929,復華台灣科技優息,72,0,72,富邦-竹東,2023-07-04,9625
2881,富邦金,71,0,71,富邦-竹東,2023-07-04,9625
2317,鴻海,88,19,69,富邦-竹東,2023-07-04,9625
00878,國泰永續高股息,95,36,59,富邦-竹東,2023-07-04,9625
1305,華夏,54,0,54,富邦-竹東,2023-07-04,9625
4157,太景*-KY,82,29,53,富邦-竹東,2023-07-04,9625
00924,復華S＆P500成長,47,0,47,富邦-竹東,2023-07-04,9625
2419,仲琦,59,13,46,富邦-竹東,2023-07-04,9625
2603,長榮,115,71,44,富邦-竹東,2023-07-04,9625
2609,陽明,137,102,35,富邦-竹東,2023-07-04,9625
2883,凱基金,59,27,32,富邦-竹東,2023-07-04,9625
9105,泰金寶-DR,30,0,30,富邦-竹東,2023-07-04,9625
3362,先進光,33,3,30,富邦-竹東,2023-07-04,9625
3704,合勤控,106,79,27,富邦-竹東,2023-07-04,9625
3178,公準,27,0,27,富邦-竹東,2023-07-04,9625
6139,亞翔,28,3,25,富邦-竹東,2023-07-04,9625
00679B,元大美債20年,25,0,25,富邦-竹東,2023-07-04,9625
2812,台中銀,26,2,24,富邦-竹東,2023-07-04,9625
3481,群創,40,17,23,富邦-竹東,2023-07-04,9625
3617,碩天,24,1,23,富邦-竹東,2023-07-04,9625
1340,勝悅-KY,20,0,20,富邦-竹東,2023-07-04,9625
2706,第一店,20,0,20,富邦-竹東,2023-07-04,9625
00919,群益台灣精選高息,33,13,20,富邦-竹東,2023-07-04,9625
3149,正達,20,0,20,富邦-竹東,2023-07-04,9625
6112,邁達特,24,5,19,富邦-竹東,2023-07-04,9625
00882,中信中國高股息,22,4,18,富邦-竹東,2023-07-04,9625
6129,普誠,23,5,18,富邦-竹東,2023-07-04,9625
2891,中信金,17,0,17,富邦-竹東,2023-07-04,9625
6198,瑞築,17,0,17,富邦-竹東,2023-07-04,9625
00900,富邦特選高股息30,26,9,17,富邦-竹東,2023-07-04,9625
00751B,元大AAA至A公司債,16,0,16,富邦-竹東,2023-07-04,9625
00720B,元大投資級公司債,16,0,16,富邦-竹東,2023-07-04,9625
8271,宇瞻,16,0,16,富邦-竹東,2023-07-04,9625
00712,復華富時不動產,16,0,16,富邦-竹東,2023-07-04,9625
2340,台亞,18,2,16,富邦-竹東,2023-07-04,9625
8937,合騏,20,5,15,富邦-竹東,2023-07-04,9625
00764B,群益25年美債,15,0,15,富邦-竹東,2023-07-04,9625
2495,普安,15,0,15,富邦-竹東,2023-07-04,9625
2888,新光金,17,3,14,富邦-竹東,2023-07-04,9625
2362,藍天,14,0,14,富邦-竹東,2023-07-04,9625
2301,光寶科,34,21,13,富邦-竹東,2023-07-04,9625
3045,台灣大,13,0,13,富邦-竹東,2023-07-04,9625
2303,聯電,17,4,13,富邦-竹東,2023-07-04,9625
6244,茂迪,15,2,13,富邦-竹東,2023-07-04,9625
6593,台灣銘板,13,0,13,富邦-竹東,2023-07-04,9625
2892,第一金,13,0,13,富邦-竹東,2023-07-04,9625
2889,國票金,934,1,933,富邦-竹東,2023-07-05,9625
2002,中鋼,138,0,138,富邦-竹東,2023-07-05,9625
2317,鴻海,131,26,105,富邦-竹東,2023-07-05,9625
2618,長榮航,179,80,99,富邦-竹東,2023-07-05,9625
2402,毅嘉,156,65,91,富邦-竹東,2023-07-05,9625
3163,波若威,103,31,72,富邦-竹東,2023-07-05,9625
00888,永豐台灣ESG,60,0,60,富邦-竹東,2023-07-05,9625
0056,元大高股息,108,57,51,富邦-竹東,2023-07-05,9625
4414,如興,50,0,50,富邦-竹東,2023-07-05,9625
1305,華夏,43,0,43,富邦-竹東,2023-07-05,9625
2356,英業達,87,47,40,富邦-竹東,2023-07-05,9625
3231,緯創,87,50,37,富邦-竹東,2023-07-05,9625
4960,誠美材,36,0,36,富邦-竹東,2023-07-05,9625
00929,復華台灣科技優息,28,0,28,富邦-竹東,2023-07-05,9625
2887,台新金,27,1,26,富邦-竹東,2023-07-05,9625
00712,復華富時不動產,25,0,25,富邦-竹東,2023-07-05,9625
9907,統一實,28,3,25,富邦-竹東,2023-07-05,9625
3202,樺晟,24,0,24,富邦-竹東,2023-07-05,9625
3033,威健,23,2,21,富邦-竹東,2023-07-05,9625
6243,迅杰,20,0,20,富邦-竹東,2023-07-05,9625
1340,勝悅-KY,21,1,20,富邦-竹東,2023-07-05,9625
4967,十銓,27,7,20,富邦-竹東,2023-07-05,9625
00882,中信中國高股息,20,0,20,富邦-竹東,2023-07-05,9625
2305,全友,20,0,20,富邦-竹東,2023-07-05,9625
6125,廣運,22,3,19,富邦-竹東,2023-07-05,9625
1605,華新,41,23,18,富邦-竹東,2023-07-05,9625
1810,和成,18,0,18,富邦-竹東,2023-07-05,9625
4532,瑞智,18,1,17,富邦-竹東,2023-07-05,9625
3374,精材,24,8,16,富邦-竹東,2023-07-05,9625
4543,萬在,22,6,16,富邦-竹東,2023-07-05,9625
00919,群益台灣精選高息,16,0,16,富邦-竹東,2023-07-05,9625
2038,海光,16,0,16,富邦-竹東,2023-07-05,9625
4549,桓達,15,0,15,富邦-竹東,2023-07-05,9625
00679B,元大美債20年,14,0,14,富邦-竹東,2023-07-05,9625
1314,中石化,15,1,14,富邦-竹東,2023-07-05,9625
1528,恩德,13,0,13,富邦-竹東,2023-07-05,9625
2344,華邦電,14,2,12,富邦-竹東,2023-07-05,9625
2303,聯電,26,15,11,富邦-竹東,2023-07-05,9625
2105,正新,12,1,11,富邦-竹東,2023-07-05,9625
6191,精成科,11,0,11,富邦-竹東,2023-07-05,9625
2427,三商電,55,44,11,富邦-竹東,2023-07-05,9625
3045,台灣大,10,0,10,富邦-竹東,2023-07-05,9625
1608,華榮,10,0,10,富邦-竹東,2023-07-05,9625
2359,所羅門,10,0,10,富邦-竹東,2023-07-05,9625
2369,菱生,26,16,10,富邦-竹東,2023-07-05,9625
5426,振發,10,0,10,富邦-竹東,2023-07-05,9625
3376,新日興,10,0,10,富邦-竹東,2023-07-05,9625
3207,耀勝,15,5,10,富邦-竹東,2023-07-05,9625
4904,遠傳,10,0,10,富邦-竹東,2023-07-05,9625
9919,康那香,10,0,10,富邦-竹東,2023-07-05,9625
00671R,富邦NASDAQ反1,981,0,981,富邦-竹東,2023-07-06,9625
2891,中信金,228,2,226,富邦-竹東,2023-07-06,9625
2317,鴻海,139,18,121,富邦-竹東,2023-07-06,9625
00680L,元大美債20正2,108,0,108,富邦-竹東,2023-07-06,9625
5880,合庫金,82,0,82,富邦-竹東,2023-07-06,9625
4566,時碩工業,86,10,76,富邦-竹東,2023-07-06,9625
2889,國票金,71,0,71,富邦-竹東,2023-07-06,9625
00891,中信關鍵半導體,65,0,65,富邦-竹東,2023-07-06,9625
00688L,國泰20年美債正2,61,0,61,富邦-竹東,2023-07-06,9625
00929,復華台灣科技優息,57,0,57,富邦-竹東,2023-07-06,9625
2104,國際中橡,56,0,56,富邦-竹東,2023-07-06,9625
00712,復華富時不動產,56,1,55,富邦-竹東,2023-07-06,9625
9105,泰金寶-DR,62,10,52,富邦-竹東,2023-07-06,9625
00673R,期元大S＆P原油反1,50,0,50,富邦-竹東,2023-07-06,9625
2344,華邦電,61,13,48,富邦-竹東,2023-07-06,9625
6770,力積電,57,13,44,富邦-竹東,2023-07-06,9625
4157,太景*-KY,93,49,44,富邦-竹東,2023-07-06,9625
2402,毅嘉,88,45,43,富邦-竹東,2023-07-06,9625
2883,凱基金,49,7,42,富邦-竹東,2023-07-06,9625
6116,彩晶,57,16,41,富邦-竹東,2023-07-06,9625
2882,國泰金,42,2,40,富邦-竹東,2023-07-06,9625
00706L,期元大S＆P日圓正2,40,0,40,富邦-竹東,2023-07-06,9625
2449,京元電子,50,11,39,富邦-竹東,2023-07-06,9625
00882,中信中國高股息,37,0,37,富邦-竹東,2023-07-06,9625
2303,聯電,36,1,35,富邦-竹東,2023-07-06,9625
2329,華泰,58,23,35,富邦-竹東,2023-07-06,9625
3689,湧德,35,0,35,富邦-竹東,2023-07-06,9625
9907,統一實,35,0,35,富邦-竹東,2023-07-06,9625
3038,全台,36,2,34,富邦-竹東,2023-07-06,9625
2617,台航,32,0,32,富邦-竹東,2023-07-06,9625
00679B,元大美債20年,30,0,30,富邦-竹東,2023-07-06,9625
2880,華南金,35,6,29,富邦-竹東,2023-07-06,9625
6223,旺矽,29,1,28,富邦-竹東,2023-07-06,9625
6188,廣明,28,0,28,富邦-竹東,2023-07-06,9625
1609,大亞,46,21,25,富邦-竹東,2023-07-06,9625
00637L,元大滬深300正2,27,3,24,富邦-竹東,2023-07-06,9625
3025,星通,52,28,24,富邦-竹東,2023-07-06,9625
8050,廣積,26,2,24,富邦-竹東,2023-07-06,9625
4744,皇將,34,10,24,富邦-竹東,2023-07-06,9625
2340,台亞,75,51,24,富邦-竹東,2023-07-06,9625
6117,迎廣,35,12,23,富邦-竹東,2023-07-06,9625
2330,台積電,25,2,23,富邦-竹東,2023-07-06,9625
2881,富邦金,23,1,22,富邦-竹東,2023-07-06,9625
1471,首利,34,12,22,富邦-竹東,2023-07-06,9625
2913,農林,32,10,22,富邦-竹東,2023-07-06,9625
6209,今國光,21,0,21,富邦-竹東,2023-07-06,9625
2834,臺企銀,21,0,21,富邦-竹東,2023-07-06,9625
3047,訊舟,23,3,20,富邦-竹東,2023-07-06,9625
6535,順藥,20,0,20,富邦-竹東,2023-07-06,9625
4906,正文,21,1,20,富邦-竹東,2023-07-06,9625
0056,元大高股息,312,57,255,富邦-竹東,2023-07-07,9625
00888,永豐台灣ESG,190,0,190,富邦-竹東,2023-07-07,9625
00671R,富邦NASDAQ反1,92,0,92,富邦-竹東,2023-07-07,9625
00882,中信中國高股息,72,0,72,富邦-竹東,2023-07-07,9625
8096,擎亞,72,0,72,富邦-竹東,2023-07-07,9625
3362,先進光,80,31,49,富邦-竹東,2023-07-07,9625
00679B,元大美債20年,42,0,42,富邦-竹東,2023-07-07,9625
1718,中纖,40,0,40,富邦-竹東,2023-07-07,9625
3321,同泰,40,0,40,富邦-竹東,2023-07-07,9625
2369,菱生,40,2,38,富邦-竹東,2023-07-07,9625
00632R,元大台灣50反1,57,20,37,富邦-竹東,2023-07-07,9625
2344,華邦電,37,1,36,富邦-竹東,2023-07-07,9625
2323,中環,37,2,35,富邦-竹東,2023-07-07,9625
6125,廣運,39,6,33,富邦-竹東,2023-07-07,9625
2887,台新金,32,0,32,富邦-竹東,2023-07-07,9625
3481,群創,40,9,31,富邦-竹東,2023-07-07,9625
4532,瑞智,95,64,31,富邦-竹東,2023-07-07,9625
00669R,國泰美國道瓊反1,30,0,30,富邦-竹東,2023-07-07,9625
4533,協易機,39,10,29,富邦-竹東,2023-07-07,9625
3706,神達,26,0,26,富邦-竹東,2023-07-07,9625
4566,時碩工業,35,10,25,富邦-竹東,2023-07-07,9625
5309,系統電,25,0,25,富邦-竹東,2023-07-07,9625
6282,康舒,117,92,25,富邦-竹東,2023-07-07,9625
2208,台船,25,1,24,富邦-竹東,2023-07-07,9625
2603,長榮,41,18,23,富邦-竹東,2023-07-07,9625
2353,宏��,25,2,23,富邦-竹東,2023-07-07,9625
2880,華南金,21,1,20,富邦-竹東,2023-07-07,9625
2609,陽明,48,29,19,富邦-竹東,2023-07-07,9625
2489,瑞軒,19,0,19,富邦-竹東,2023-07-07,9625
6443,元晶,19,0,19,富邦-竹東,2023-07-07,9625
2888,新光金,18,0,18,富邦-竹東,2023-07-07,9625
3260,威剛,25,7,18,富邦-竹東,2023-07-07,9625
5880,合庫金,18,0,18,富邦-竹東,2023-07-07,9625
2303,聯電,25,7,18,富邦-竹東,2023-07-07,9625
2002,中鋼,23,6,17,富邦-竹東,2023-07-07,9625
8046,南電,18,1,17,富邦-竹東,2023-07-07,9625
6133,金橋,18,1,17,富邦-竹東,2023-07-07,9625
2610,華航,41,24,17,富邦-竹東,2023-07-07,9625
3060,銘異,27,10,17,富邦-竹東,2023-07-07,9625
2317,鴻海,27,11,16,富邦-竹東,2023-07-07,9625
6770,力積電,18,2,16,富邦-竹東,2023-07-07,9625
00891,中信關鍵半導體,20,4,16,富邦-竹東,2023-07-07,9625
1618,合機,16,0,16,富邦-竹東,2023-07-07,9625
6148,驊宏資,26,11,15,富邦-竹東,2023-07-07,9625
6117,迎廣,37,22,15,富邦-竹東,2023-07-07,9625
3543,州巧,15,0,15,富邦-竹東,2023-07-07,9625
8358,金居,15,0,15,富邦-竹東,2023-07-07,9625
2890,永豐金,15,1,14,富邦-竹東,2023-07-07,9625
00720B,元大投資級公司債,14,0,14,富邦-竹東,2023-07-07,9625
2338,光罩,16,2,14,富邦-竹東,2023-07-07,9625
2344,華邦電,141,26,115,富邦-竹東,2023-07-10,9625
00712,復華富時不動產,117,3,114,富邦-竹東,2023-07-10,9625
00929,復華台灣科技優息,137,26,111,富邦-竹東,2023-07-10,9625
00671R,富邦NASDAQ反1,88,0,88,富邦-竹東,2023-07-10,9625
1718,中纖,80,0,80,富邦-竹東,2023-07-10,9625
00882,中信中國高股息,75,0,75,富邦-竹東,2023-07-10,9625
00795B,中信美國公債20年,67,1,66,富邦-竹東,2023-07-10,9625
2312,金寶,62,2,60,富邦-竹東,2023-07-10,9625
5258,虹堡,68,9,59,富邦-竹東,2023-07-10,9625
2609,陽明,81,26,55,富邦-竹東,2023-07-10,9625
2610,華航,61,8,53,富邦-竹東,2023-07-10,9625
2812,台中銀,52,1,51,富邦-竹東,2023-07-10,9625
4533,協易機,54,6,48,富邦-竹東,2023-07-10,9625
00764B,群益25年美債,47,0,47,富邦-竹東,2023-07-10,9625
2317,鴻海,48,3,45,富邦-竹東,2023-07-10,9625
2887,台新金,43,0,43,富邦-竹東,2023-07-10,9625
3363,上詮,42,0,42,富邦-竹東,2023-07-10,9625
1101,台泥,40,1,39,富邦-竹東,2023-07-10,9625
2883,凱基金,55,18,37,富邦-竹東,2023-07-10,9625
00751B,元大AAA至A公司債,34,0,34,富邦-竹東,2023-07-10,9625
00679B,元大美債20年,35,2,33,富邦-竹東,2023-07-10,9625
2362,藍天,33,0,33,富邦-竹東,2023-07-10,9625
00680L,元大美債20正2,33,0,33,富邦-竹東,2023-07-10,9625
3380,明泰,56,23,33,富邦-竹東,2023-07-10,9625
00673R,期元大S＆P原油反1,30,0,30,富邦-竹東,2023-07-10,9625
00722B,群益投資級電信債,31,2,29,富邦-竹東,2023-07-10,9625
3521,鴻翊,26,0,26,富邦-竹東,2023-07-10,9625
2618,長榮航,46,20,26,富邦-竹東,2023-07-10,9625
2489,瑞軒,26,0,26,富邦-竹東,2023-07-10,9625
00888,永豐台灣ESG,25,0,25,富邦-竹東,2023-07-10,9625
8050,廣積,25,1,24,富邦-竹東,2023-07-10,9625
3535,晶彩科,25,2,23,富邦-竹東,2023-07-10,9625
2881,富邦金,22,0,22,富邦-竹東,2023-07-10,9625
6282,康舒,59,38,21,富邦-竹東,2023-07-10,9625
6196,帆宣,20,0,20,富邦-竹東,2023-07-10,9625
6546,正基,20,0,20,富邦-竹東,2023-07-10,9625
1708,東鹼,20,0,20,富邦-竹東,2023-07-10,9625
8033,雷虎,20,0,20,富邦-竹東,2023-07-10,9625
2888,新光金,30,11,19,富邦-竹東,2023-07-10,9625
6266,泰詠,19,0,19,富邦-竹東,2023-07-10,9625
6016,康和證,19,0,19,富邦-竹東,2023-07-10,9625
2369,菱生,20,2,18,富邦-竹東,2023-07-10,9625
3025,星通,68,50,18,富邦-竹東,2023-07-10,9625
2324,仁寶,47,30,17,富邦-竹東,2023-07-10,9625
2419,仲琦,81,64,17,富邦-竹東,2023-07-10,9625
4916,事欣科,18,2,16,富邦-竹東,2023-07-10,9625
3163,波若威,33,18,15,富邦-竹東,2023-07-10,9625
8038,長園科,15,0,15,富邦-竹東,2023-07-10,9625
3037,欣興,18,4,14,富邦-竹東,2023-07-10,9625
5347,世界,14,0,14,富邦-竹東,2023-07-10,9625
2371,大同,165,5,160,富邦-竹東,2023-07-11,9625
00687B,國泰20年美債,100,0,100,富邦-竹東,2023-07-11,9625
2340,台亞,186,94,92,富邦-竹東,2023-07-11,9625
2609,陽明,83,18,65,富邦-竹東,2023-07-11,9625
4908,前鼎,57,6,51,富邦-竹東,2023-07-11,9625
3706,神達,54,3,51,富邦-竹東,2023-07-11,9625
6234,高僑,52,3,49,富邦-竹東,2023-07-11,9625
4916,事欣科,64,19,45,富邦-竹東,2023-07-11,9625
0056,元大高股息,58,21,37,富邦-竹東,2023-07-11,9625
2891,中信金,41,6,35,富邦-竹東,2023-07-11,9625
3363,上詮,38,6,32,富邦-竹東,2023-07-11,9625
2883,凱基金,39,9,30,富邦-竹東,2023-07-11,9625
6198,瑞築,30,0,30,富邦-竹東,2023-07-11,9625
2888,新光金,69,40,29,富邦-竹東,2023-07-11,9625
4967,十銓,53,28,25,富邦-竹東,2023-07-11,9625
3380,明泰,25,2,23,富邦-竹東,2023-07-11,9625
3715,定穎投控,22,0,22,富邦-竹東,2023-07-11,9625
1609,大亞,32,11,21,富邦-竹東,2023-07-11,9625
2617,台航,20,0,20,富邦-竹東,2023-07-11,9625
6170,統振,21,1,20,富邦-竹東,2023-07-11,9625
8087,麗升能源,20,0,20,富邦-竹東,2023-07-11,9625
3537,堡達,20,0,20,富邦-竹東,2023-07-11,9625
4130,健亞,19,0,19,富邦-竹東,2023-07-11,9625
00893,國泰智能電動車,26,7,19,富邦-竹東,2023-07-11,9625
2618,長榮航,86,68,18,富邦-竹東,2023-07-11,9625
1514,亞力,24,6,18,富邦-竹東,2023-07-11,9625
4510,高鋒,23,5,18,富邦-竹東,2023-07-11,9625
3178,公準,17,0,17,富邦-竹東,2023-07-11,9625
2031,新光鋼,17,0,17,富邦-竹東,2023-07-11,9625
4961,天鈺,16,0,16,富邦-竹東,2023-07-11,9625
2023,燁輝,16,0,16,富邦-竹東,2023-07-11,9625
1515,力山,23,7,16,富邦-竹東,2023-07-11,9625
8926,台汽電,15,0,15,富邦-竹東,2023-07-11,9625
00673R,期元大S＆P原油反1,15,0,15,富邦-竹東,2023-07-11,9625
2201,裕隆,15,1,14,富邦-竹東,2023-07-11,9625
2457,飛宏,20,6,14,富邦-竹東,2023-07-11,9625
3141,晶宏,14,1,13,富邦-竹東,2023-07-11,9625
4543,萬在,33,20,13,富邦-竹東,2023-07-11,9625
2515,中工,16,3,13,富邦-竹東,2023-07-11,9625
8096,擎亞,13,0,13,富邦-竹東,2023-07-11,9625
4533,協易機,13,1,12,富邦-竹東,2023-07-11,9625
2329,華泰,21,9,12,富邦-竹東,2023-07-11,9625
2449,京元電子,12,0,12,富邦-竹東,2023-07-11,9625
6179,亞通,12,0,12,富邦-竹東,2023-07-11,9625
9924,福興,12,0,12,富邦-竹東,2023-07-11,9625
8086,宏捷科,12,0,12,富邦-竹東,2023-07-11,9625
2501,國建,11,0,11,富邦-竹東,2023-07-11,9625
2468,華經,11,0,11,富邦-竹東,2023-07-11,9625
1524,耿鼎,11,0,11,富邦-竹東,2023-07-11,9625
8050,廣積,21,11,10,富邦-竹東,2023-07-11,9625
00676R,富邦臺灣加權反1,400,0,400,富邦-竹東,2023-07-12,9625
2323,中環,78,0,78,富邦-竹東,2023-07-12,9625
2027,大成鋼,78,0,78,富邦-竹東,2023-07-12,9625
2344,華邦電,114,38,76,富邦-竹東,2023-07-12,9625
00905,FT臺灣Smart,69,0,69,富邦-竹東,2023-07-12,9625
00673R,期元大S＆P原油反1,66,0,66,富邦-竹東,2023-07-12,9625
1618,合機,76,15,61,富邦-竹東,2023-07-12,9625
2356,英業達,176,115,61,富邦-竹東,2023-07-12,9625
4533,協易機,81,23,58,富邦-竹東,2023-07-12,9625
0056,元大高股息,80,29,51,富邦-竹東,2023-07-12,9625
3704,合勤控,97,48,49,富邦-竹東,2023-07-12,9625
00692,富邦公司治理,49,1,48,富邦-竹東,2023-07-12,9625
2303,聯電,48,3,45,富邦-竹東,2023-07-12,9625
4157,太景*-KY,44,1,43,富邦-竹東,2023-07-12,9625
1227,佳格,41,0,41,富邦-竹東,2023-07-12,9625
00679B,元大美債20年,50,10,40,富邦-竹東,2023-07-12,9625
2609,陽明,72,34,38,富邦-竹東,2023-07-12,9625
00929,復華台灣科技優息,45,9,36,富邦-竹東,2023-07-12,9625
2023,燁輝,31,0,31,富邦-竹東,2023-07-12,9625
2834,臺企銀,29,0,29,富邦-竹東,2023-07-12,9625
2851,中再保,33,4,29,富邦-竹東,2023-07-12,9625
00637L,元大滬深300正2,95,67,28,富邦-竹東,2023-07-12,9625
3025,星通,30,3,27,富邦-竹東,2023-07-12,9625
8050,廣積,32,9,23,富邦-竹東,2023-07-12,9625
6419,京晨科,23,0,23,富邦-竹東,2023-07-12,9625
3071,協禧,21,0,21,富邦-竹東,2023-07-12,9625
3149,正達,20,0,20,富邦-竹東,2023-07-12,9625
3114,好德,20,0,20,富邦-竹東,2023-07-12,9625
2486,一詮,28,8,20,富邦-竹東,2023-07-12,9625
6220,岳豐,20,1,19,富邦-竹東,2023-07-12,9625
3202,樺晟,19,0,19,富邦-竹東,2023-07-12,9625
3006,晶豪科,20,2,18,富邦-竹東,2023-07-12,9625
5328,華容,18,0,18,富邦-竹東,2023-07-12,9625
3038,全台,16,0,16,富邦-竹東,2023-07-12,9625
5258,虹堡,26,10,16,富邦-竹東,2023-07-12,9625
2501,國建,15,0,15,富邦-竹東,2023-07-12,9625
2617,台航,20,5,15,富邦-竹東,2023-07-12,9625
8086,宏捷科,15,1,14,富邦-竹東,2023-07-12,9625
5347,世界,14,0,14,富邦-竹東,2023-07-12,9625
6139,亞翔,24,11,13,富邦-竹東,2023-07-12,9625
2404,漢唐,12,0,12,富邦-竹東,2023-07-12,9625
5471,松翰,12,0,12,富邦-竹東,2023-07-12,9625
5483,中美晶,30,18,12,富邦-竹東,2023-07-12,9625
2409,友達,18,7,11,富邦-竹東,2023-07-12,9625
6134,萬旭,11,0,11,富邦-竹東,2023-07-12,9625
2208,台船,11,0,11,富邦-竹東,2023-07-12,9625
1514,亞力,42,31,11,富邦-竹東,2023-07-12,9625
9917,中保科,10,0,10,富邦-竹東,2023-07-12,9625
00850,元大臺灣ESG永續,10,0,10,富邦-竹東,2023-07-12,9625
4916,事欣科,12,2,10,富邦-竹東,2023-07-12,9625
00673R,期元大S＆P原油反1,2621,2,2619,富邦-竹東,2023-07-13,9625
00929,復華台灣科技優息,645,5,640,富邦-竹東,2023-07-13,9625
00676R,富邦臺灣加權反1,404,0,404,富邦-竹東,2023-07-13,9625
00632R,元大台灣50反1,409,110,299,富邦-竹東,2023-07-13,9625
2618,長榮航,343,133,210,富邦-竹東,2023-07-13,9625
6282,康舒,83,6,77,富邦-竹東,2023-07-13,9625
2834,臺企銀,74,0,74,富邦-竹東,2023-07-13,9625
1513,中興電,79,7,72,富邦-竹東,2023-07-13,9625
2801,彰銀,70,0,70,富邦-竹東,2023-07-13,9625
8050,廣積,86,36,50,富邦-竹東,2023-07-13,9625
2302,麗正,49,0,49,富邦-竹東,2023-07-13,9625
5465,富驊,62,16,46,富邦-竹東,2023-07-13,9625
5483,中美晶,52,8,44,富邦-竹東,2023-07-13,9625
3013,晟銘電,47,5,42,富邦-竹東,2023-07-13,9625
2887,台新金,41,0,41,富邦-竹東,2023-07-13,9625
2371,大同,42,5,37,富邦-竹東,2023-07-13,9625
1609,大亞,40,4,36,富邦-竹東,2023-07-13,9625
3704,合勤控,58,24,34,富邦-竹東,2023-07-13,9625
2331,精英,34,2,32,富邦-竹東,2023-07-13,9625
3693,營邦,45,13,32,富邦-竹東,2023-07-13,9625
2312,金寶,123,91,32,富邦-竹東,2023-07-13,9625
4157,太景*-KY,30,0,30,富邦-竹東,2023-07-13,9625
3088,艾訊,53,23,30,富邦-竹東,2023-07-13,9625
1605,華新,36,11,25,富邦-竹東,2023-07-13,9625
3234,光環,32,10,22,富邦-竹東,2023-07-13,9625
1201,味全,21,0,21,富邦-竹東,2023-07-13,9625
2359,所羅門,29,8,21,富邦-竹東,2023-07-13,9625
6548,長科*,23,2,21,富邦-竹東,2023-07-13,9625
2888,新光金,20,0,20,富邦-竹東,2023-07-13,9625
2208,台船,25,5,20,富邦-竹東,2023-07-13,9625
2883,凱基金,20,0,20,富邦-竹東,2023-07-13,9625
2705,六福,23,3,20,富邦-竹東,2023-07-13,9625
2104,國際中橡,22,3,19,富邦-竹東,2023-07-13,9625
8210,勤誠,28,9,19,富邦-竹東,2023-07-13,9625
2425,承啟,18,1,17,富邦-竹東,2023-07-13,9625
4533,協易機,27,11,16,富邦-竹東,2023-07-13,9625
3038,全台,17,1,16,富邦-竹東,2023-07-13,9625
2340,台亞,42,26,16,富邦-竹東,2023-07-13,9625
5607,遠雄港,15,0,15,富邦-竹東,2023-07-13,9625
3666,光耀,22,7,15,富邦-竹東,2023-07-13,9625
2489,瑞軒,14,0,14,富邦-竹東,2023-07-13,9625
6767,台微醫,13,0,13,富邦-竹東,2023-07-13,9625
8105,凌巨,20,7,13,富邦-竹東,2023-07-13,9625
3380,明泰,16,3,13,富邦-竹東,2023-07-13,9625
3016,嘉晶,18,5,13,富邦-竹東,2023-07-13,9625
5864,致和證,17,5,12,富邦-竹東,2023-07-13,9625
4906,正文,16,4,12,富邦-竹東,2023-07-13,9625
6122,擎邦,16,4,12,富邦-竹東,2023-07-13,9625
5371,中光電,18,6,12,富邦-竹東,2023-07-13,9625
6535,順藥,12,0,12,富邦-竹東,2023-07-13,9625
2323,中環,253,25,228,富邦-竹東,2023-07-14,9625
00676R,富邦臺灣加權反1,201,0,201,富邦-竹東,2023-07-14,9625
00712,復華富時不動產,180,12,168,富邦-竹東,2023-07-14,9625
00655L,國泰中國A50正2,160,2,158,富邦-竹東,2023-07-14,9625
00929,復華台灣科技優息,102,0,102,富邦-竹東,2023-07-14,9625
2888,新光金,99,16,83,富邦-竹東,2023-07-14,9625
2618,長榮航,191,114,77,富邦-竹東,2023-07-14,9625
00878,國泰永續高股息,104,36,68,富邦-竹東,2023-07-14,9625
8050,廣積,89,30,59,富邦-竹東,2023-07-14,9625
00632R,元大台灣50反1,109,50,59,富邦-竹東,2023-07-14,9625
2324,仁寶,78,32,46,富邦-竹東,2023-07-14,9625
0056,元大高股息,131,87,44,富邦-竹東,2023-07-14,9625
2609,陽明,53,9,44,富邦-竹東,2023-07-14,9625
5465,富驊,61,24,37,富邦-竹東,2023-07-14,9625
6257,矽格,45,10,35,富邦-竹東,2023-07-14,9625
2362,藍天,33,3,30,富邦-竹東,2023-07-14,9625
3060,銘異,31,1,30,富邦-竹東,2023-07-14,9625
2371,大同,64,34,30,富邦-竹東,2023-07-14,9625
2882,國泰金,31,1,30,富邦-竹東,2023-07-14,9625
2382,廣達,83,54,29,富邦-竹東,2023-07-14,9625
2328,廣宇,61,34,27,富邦-竹東,2023-07-14,9625
3704,合勤控,56,31,25,富邦-竹東,2023-07-14,9625
2812,台中銀,25,1,24,富邦-竹東,2023-07-14,9625
1471,首利,30,8,22,富邦-竹東,2023-07-14,9625
8070,長華*,22,0,22,富邦-竹東,2023-07-14,9625
2436,偉詮電,23,2,21,富邦-竹東,2023-07-14,9625
2367,燿華,20,0,20,富邦-竹東,2023-07-14,9625
2449,京元電子,31,11,20,富邦-竹東,2023-07-14,9625
3711,日月光投控,27,8,19,富邦-竹東,2023-07-14,9625
4533,協易機,32,14,18,富邦-竹東,2023-07-14,9625
3296,勝德,20,2,18,富邦-竹東,2023-07-14,9625
2867,三商壽,20,2,18,富邦-竹東,2023-07-14,9625
2344,華邦電,21,4,17,富邦-竹東,2023-07-14,9625
2603,長榮,22,6,16,富邦-竹東,2023-07-14,9625
6217,中探針,21,5,16,富邦-竹東,2023-07-14,9625
1722,台肥,16,1,15,富邦-竹東,2023-07-14,9625
2421,建準,22,8,14,富邦-竹東,2023-07-14,9625
1609,大亞,18,4,14,富邦-竹東,2023-07-14,9625
6190,萬泰科,17,3,14,富邦-竹東,2023-07-14,9625
2201,裕隆,26,12,14,富邦-竹東,2023-07-14,9625
2881,富邦金,22,8,14,富邦-竹東,2023-07-14,9625
2610,華航,193,179,14,富邦-竹東,2023-07-14,9625
00633L,富邦上証正2,13,0,13,富邦-竹東,2023-07-14,9625
1101,台泥,13,0,13,富邦-竹東,2023-07-14,9625
2633,台灣高鐵,12,0,12,富邦-竹東,2023-07-14,9625
00673R,期元大S＆P原油反1,13,1,12,富邦-竹東,2023-07-14,9625
2406,國碩,11,0,11,富邦-竹東,2023-07-14,9625
6806,森崴能源,12,1,11,富邦-竹東,2023-07-14,9625
3032,偉訓,19,8,11,富邦-竹東,2023-07-14,9625
00882,中信中國高股息,15,4,11,富邦-竹東,2023-07-14,9625
00929,復華台灣科技優息,386,16,370,富邦-竹東,2023-07-17,9625
00676R,富邦臺灣加權反1,100,0,100,富邦-竹東,2023-07-17,9625
3706,神達,95,5,90,富邦-竹東,2023-07-17,9625
1734,杏輝,50,0,50,富邦-竹東,2023-07-17,9625
00712,復華富時不動產,50,1,49,富邦-竹東,2023-07-17,9625
2485,兆赫,50,4,46,富邦-竹東,2023-07-17,9625
2457,飛宏,60,16,44,富邦-竹東,2023-07-17,9625
2313,華通,69,29,40,富邦-竹東,2023-07-17,9625
00673R,期元大S＆P原油反1,40,1,39,富邦-竹東,2023-07-17,9625
2610,華航,63,30,33,富邦-竹東,2023-07-17,9625
1905,華紙,42,9,33,富邦-竹東,2023-07-17,9625
6216,居易,30,0,30,富邦-竹東,2023-07-17,9625
2399,映泰,29,1,28,富邦-竹東,2023-07-17,9625
3051,力特,42,16,26,富邦-竹東,2023-07-17,9625
00679B,元大美債20年,25,1,24,富邦-竹東,2023-07-17,9625
6139,亞翔,23,0,23,富邦-竹東,2023-07-17,9625
2104,國際中橡,25,2,23,富邦-竹東,2023-07-17,9625
1229,聯華,21,0,21,富邦-竹東,2023-07-17,9625
3313,斐成,20,0,20,富邦-竹東,2023-07-17,9625
00882,中信中國高股息,21,1,20,富邦-竹東,2023-07-17,9625
2888,新光金,134,115,19,富邦-竹東,2023-07-17,9625
2317,鴻海,52,33,19,富邦-竹東,2023-07-17,9625
2401,凌陽,65,47,18,富邦-竹東,2023-07-17,9625
2303,聯電,20,2,18,富邦-竹東,2023-07-17,9625
8091,翔名,54,36,18,富邦-竹東,2023-07-17,9625
1101,台泥,20,3,17,富邦-竹東,2023-07-17,9625
1503,士電,54,37,17,富邦-竹東,2023-07-17,9625
2739,寒舍,17,0,17,富邦-竹東,2023-07-17,9625
6213,聯茂,22,5,17,富邦-竹東,2023-07-17,9625
2736,富野,16,0,16,富邦-竹東,2023-07-17,9625
00930,永豐ESG低碳高息,16,0,16,富邦-竹東,2023-07-17,9625
6207,雷科,25,10,15,富邦-竹東,2023-07-17,9625
00896,中信綠能及電動車,15,0,15,富邦-竹東,2023-07-17,9625
3306,鼎天,19,4,15,富邦-竹東,2023-07-17,9625
2329,華泰,63,48,15,富邦-竹東,2023-07-17,9625
6126,信音,23,8,15,富邦-竹東,2023-07-17,9625
2382,廣達,29,15,14,富邦-竹東,2023-07-17,9625
6235,華孚,16,2,14,富邦-竹東,2023-07-17,9625
2405,輔信,14,0,14,富邦-竹東,2023-07-17,9625
8038,長園科,14,0,14,富邦-竹東,2023-07-17,9625
2425,承啟,25,12,13,富邦-竹東,2023-07-17,9625
00922,國泰台灣領袖50,14,1,13,富邦-竹東,2023-07-17,9625
00900,富邦特選高股息30,30,18,12,富邦-竹東,2023-07-17,9625
6285,啟��,35,23,12,富邦-竹東,2023-07-17,9625
5607,遠雄港,12,0,12,富邦-竹東,2023-07-17,9625
2609,陽明,46,34,12,富邦-竹東,2023-07-17,9625
2356,英業達,72,60,12,富邦-竹東,2023-07-17,9625
6179,亞通,13,1,12,富邦-竹東,2023-07-17,9625
4533,協易機,32,20,12,富邦-竹東,2023-07-17,9625
2376,技嘉,12,1,11,富邦-竹東,2023-07-17,9625
2324,仁寶,455,106,349,富邦-竹東,2023-07-18,9625
1514,亞力,384,107,277,富邦-竹東,2023-07-18,9625
00929,復華台灣科技優息,274,30,244,富邦-竹東,2023-07-18,9625
2353,宏��,333,132,201,富邦-竹東,2023-07-18,9625
2312,金寶,294,145,149,富邦-竹東,2023-07-18,9625
00882,中信中國高股息,105,0,105,富邦-竹東,2023-07-18,9625
00676R,富邦臺灣加權反1,100,0,100,富邦-竹東,2023-07-18,9625
3706,神達,281,184,97,富邦-竹東,2023-07-18,9625
1313,聯成,84,5,79,富邦-竹東,2023-07-18,9625
4938,和碩,142,68,74,富邦-竹東,2023-07-18,9625
2888,新光金,85,13,72,富邦-竹東,2023-07-18,9625
6282,康舒,105,44,61,富邦-竹東,2023-07-18,9625
3014,聯陽,64,3,61,富邦-竹東,2023-07-18,9625
2881,富邦金,61,5,56,富邦-竹東,2023-07-18,9625
00751B,元大AAA至A公司債,55,0,55,富邦-竹東,2023-07-18,9625
3704,合勤控,85,30,55,富邦-竹東,2023-07-18,9625
3673,TPK-KY,54,0,54,富邦-竹東,2023-07-18,9625
00637L,元大滬深300正2,53,2,51,富邦-竹東,2023-07-18,9625
2886,兆豐金,60,11,49,富邦-竹東,2023-07-18,9625
2609,陽明,71,26,45,富邦-竹東,2023-07-18,9625
3694,海華,45,3,42,富邦-竹東,2023-07-18,9625
00713,元大台灣高息低波,40,3,37,富邦-竹東,2023-07-18,9625
2515,中工,43,6,37,富邦-竹東,2023-07-18,9625
2449,京元電子,54,18,36,富邦-竹東,2023-07-18,9625
2352,佳世達,51,16,35,富邦-竹東,2023-07-18,9625
2328,廣宇,53,18,35,富邦-竹東,2023-07-18,9625
3013,晟銘電,43,9,34,富邦-竹東,2023-07-18,9625
2399,映泰,55,21,34,富邦-竹東,2023-07-18,9625
0056,元大高股息,110,78,32,富邦-竹東,2023-07-18,9625
2201,裕隆,37,4,33,富邦-竹東,2023-07-18,9625
3041,揚智,33,1,32,富邦-竹東,2023-07-18,9625
2104,國際中橡,40,8,32,富邦-竹東,2023-07-18,9625
2617,台航,32,2,30,富邦-竹東,2023-07-18,9625
4714,永捷,30,0,30,富邦-竹東,2023-07-18,9625
2801,彰銀,29,0,29,富邦-竹東,2023-07-18,9625
3027,盛達,42,16,26,富邦-竹東,2023-07-18,9625
2409,友達,29,4,25,富邦-竹東,2023-07-18,9625
6218,豪勉,30,6,24,富邦-竹東,2023-07-18,9625
2705,六福,26,4,22,富邦-竹東,2023-07-18,9625
1789,神隆,45,23,22,富邦-竹東,2023-07-18,9625
2891,中信金,32,10,22,富邦-竹東,2023-07-18,9625
2340,台亞,38,17,21,富邦-竹東,2023-07-18,9625
00930,永豐ESG低碳高息,21,0,21,富邦-竹東,2023-07-18,9625
00905,FT臺灣Smart,20,0,20,富邦-竹東,2023-07-18,9625
1109,信大,20,0,20,富邦-竹東,2023-07-18,9625
5469,瀚宇博,44,24,20,富邦-竹東,2023-07-18,9625
00891,中信關鍵半導體,20,0,20,富邦-竹東,2023-07-18,9625
3088,艾訊,42,23,19,富邦-竹東,2023-07-18,9625
2365,昆盈,18,0,18,富邦-竹東,2023-07-18,9625
2812,台中銀,22,4,18,富邦-竹東,2023-07-18,9625
00930,永豐ESG低碳高息,126,0,126,富邦-竹東,2023-07-19,9625
00929,復華台灣科技優息,126,35,91,富邦-竹東,2023-07-19,9625
2317,鴻海,92,22,70,富邦-竹東,2023-07-19,9625
1718,中纖,60,0,60,富邦-竹東,2023-07-19,9625
00713,元大台灣高息低波,67,11,56,富邦-竹東,2023-07-19,9625
3105,穩懋,51,2,49,富邦-竹東,2023-07-19,9625
2610,華航,80,36,44,富邦-竹東,2023-07-19,9625
8034,榮群,40,0,40,富邦-竹東,2023-07-19,9625
00882,中信中國高股息,54,15,39,富邦-竹東,2023-07-19,9625
2888,新光金,40,8,32,富邦-竹東,2023-07-19,9625
00673R,期元大S＆P原油反1,31,0,31,富邦-竹東,2023-07-19,9625
3583,辛耘,34,5,29,富邦-竹東,2023-07-19,9625
2449,京元電子,48,20,28,富邦-竹東,2023-07-19,9625
2303,聯電,33,6,27,富邦-竹東,2023-07-19,9625
3078,僑威,35,9,26,富邦-竹東,2023-07-19,9625
2362,藍天,27,1,26,富邦-竹東,2023-07-19,9625
3712,永崴投控,27,3,24,富邦-竹東,2023-07-19,9625
3363,上詮,41,18,23,富邦-竹東,2023-07-19,9625
2883,凱基金,28,6,22,富邦-竹東,2023-07-19,9625
3481,群創,32,11,21,富邦-竹東,2023-07-19,9625
8358,金居,23,2,21,富邦-竹東,2023-07-19,9625
3025,星通,32,11,21,富邦-竹東,2023-07-19,9625
2201,裕隆,22,2,20,富邦-竹東,2023-07-19,9625
4532,瑞智,20,0,20,富邦-竹東,2023-07-19,9625
2034,允強,20,0,20,富邦-竹東,2023-07-19,9625
2801,彰銀,20,0,20,富邦-竹東,2023-07-19,9625
3037,欣興,61,41,20,富邦-竹東,2023-07-19,9625
2329,華泰,96,78,18,富邦-竹東,2023-07-19,9625
6235,華孚,70,52,18,富邦-竹東,2023-07-19,9625
2409,友達,21,4,17,富邦-竹東,2023-07-19,9625
2618,長榮航,57,40,17,富邦-竹東,2023-07-19,9625
6288,聯嘉,17,0,17,富邦-竹東,2023-07-19,9625
2812,台中銀,17,0,17,富邦-竹東,2023-07-19,9625
3163,波若威,26,9,17,富邦-竹東,2023-07-19,9625
1514,亞力,63,47,16,富邦-竹東,2023-07-19,9625
3189,景碩,35,19,16,富邦-竹東,2023-07-19,9625
3715,定穎投控,20,4,16,富邦-竹東,2023-07-19,9625
6443,元晶,16,0,16,富邦-竹東,2023-07-19,9625
6197,佳必琪,16,0,16,富邦-竹東,2023-07-19,9625
6282,康舒,59,43,16,富邦-竹東,2023-07-19,9625
2633,台灣高鐵,15,0,15,富邦-竹東,2023-07-19,9625
2834,臺企銀,26,11,15,富邦-竹東,2023-07-19,9625
2382,廣達,47,32,15,富邦-竹東,2023-07-19,9625
6770,力積電,38,25,13,富邦-竹東,2023-07-19,9625
5009,榮剛,13,0,13,富邦-竹東,2023-07-19,9625
5347,世界,13,0,13,富邦-竹東,2023-07-19,9625
5443,均豪,17,5,12,富邦-竹東,2023-07-19,9625
3264,欣銓,15,3,12,富邦-竹東,2023-07-19,9625
2337,旺宏,12,0,12,富邦-竹東,2023-07-19,9625
6189,豐藝,12,0,12,富邦-竹東,2023-07-19,9625
00712,復華富時不動產,275,1,274,富邦-竹東,2023-07-20,9625
00929,復華台灣科技優息,108,0,108,富邦-竹東,2023-07-20,9625
5386,青雲,91,12,79,富邦-竹東,2023-07-20,9625
00878,國泰永續高股息,149,78,71,富邦-竹東,2023-07-20,9625
2515,中工,54,0,54,富邦-竹東,2023-07-20,9625
6116,彩晶,53,0,53,富邦-竹東,2023-07-20,9625
3289,宜特,58,6,52,富邦-竹東,2023-07-20,9625
2312,金寶,65,13,52,富邦-竹東,2023-07-20,9625
00680L,元大美債20正2,50,2,48,富邦-竹東,2023-07-20,9625
2324,仁寶,63,17,46,富邦-竹東,2023-07-20,9625
3481,群創,53,8,45,富邦-竹東,2023-07-20,9625
1609,大亞,64,21,43,富邦-竹東,2023-07-20,9625
00679B,元大美債20年,43,0,43,富邦-竹東,2023-07-20,9625
2303,聯電,94,57,37,富邦-竹東,2023-07-20,9625
2630,亞航,38,2,36,富邦-竹東,2023-07-20,9625
1102,亞泥,34,0,34,富邦-竹東,2023-07-20,9625
00751B,元大AAA至A公司債,35,3,32,富邦-竹東,2023-07-20,9625
00687B,國泰20年美債,30,0,30,富邦-竹東,2023-07-20,9625
1618,合機,32,2,30,富邦-竹東,2023-07-20,9625
6282,康舒,77,53,24,富邦-竹東,2023-07-20,9625
2352,佳世達,40,17,23,富邦-竹東,2023-07-20,9625
2362,藍天,20,0,20,富邦-竹東,2023-07-20,9625
2104,國際中橡,20,0,20,富邦-竹東,2023-07-20,9625
00892,富邦台灣半導體,20,0,20,富邦-竹東,2023-07-20,9625
1312,國喬,20,0,20,富邦-竹東,2023-07-20,9625
00918,大華優利高填息30,20,0,20,富邦-竹東,2023-07-20,9625
8086,宏捷科,27,7,20,富邦-竹東,2023-07-20,9625
2888,新光金,20,0,20,富邦-竹東,2023-07-20,9625
1815,富喬,19,0,19,富邦-竹東,2023-07-20,9625
2413,環科,18,0,18,富邦-竹東,2023-07-20,9625
6753,龍德造船,18,0,18,富邦-竹東,2023-07-20,9625
00713,元大台灣高息低波,18,1,17,富邦-竹東,2023-07-20,9625
1789,神隆,19,3,16,富邦-竹東,2023-07-20,9625
2399,映泰,16,1,15,富邦-竹東,2023-07-20,9625
3645,達邁,30,15,15,富邦-竹東,2023-07-20,9625
2427,三商電,14,0,14,富邦-竹東,2023-07-20,9625
1503,士電,22,8,14,富邦-竹東,2023-07-20,9625
4977,眾達-KY,19,6,13,富邦-竹東,2023-07-20,9625
3231,緯創,31,18,13,富邦-竹東,2023-07-20,9625
3346,麗清,19,7,12,富邦-竹東,2023-07-20,9625
2337,旺宏,12,0,12,富邦-竹東,2023-07-20,9625
4938,和碩,14,2,12,富邦-竹東,2023-07-20,9625
2633,台灣高鐵,11,0,11,富邦-竹東,2023-07-20,9625
6117,迎廣,20,9,11,富邦-竹東,2023-07-20,9625
2206,三陽工業,21,11,10,富邦-竹東,2023-07-20,9625
6207,雷科,10,0,10,富邦-竹東,2023-07-20,9625
6188,廣明,32,22,10,富邦-竹東,2023-07-20,9625
5483,中美晶,17,7,10,富邦-竹東,2023-07-20,9625
00922,國泰台灣領袖50,10,0,10,富邦-竹東,2023-07-20,9625
00676R,富邦臺灣加權反1,10,0,10,富邦-竹東,2023-07-20,9625
2890,永豐金,152,2,150,富邦-竹東,2023-07-21,9625
00929,復華台灣科技優息,151,80,71,富邦-竹東,2023-07-21,9625
3706,神達,86,21,65,富邦-竹東,2023-07-21,9625
2419,仲琦,66,9,57,富邦-竹東,2023-07-21,9625
1102,亞泥,46,0,46,富邦-竹東,2023-07-21,9625
2405,輔信,64,23,41,富邦-竹東,2023-07-21,9625
00891,中信關鍵半導體,40,0,40,富邦-竹東,2023-07-21,9625
2208,台船,35,0,35,富邦-竹東,2023-07-21,9625
4526,東台,33,0,33,富邦-竹東,2023-07-21,9625
1605,華新,35,3,32,富邦-竹東,2023-07-21,9625
4123,晟德,44,13,31,富邦-竹東,2023-07-21,9625
00680L,元大美債20正2,31,0,31,富邦-竹東,2023-07-21,9625
2881,富邦金,31,2,29,富邦-竹東,2023-07-21,9625
5425,台半,30,1,29,富邦-竹東,2023-07-21,9625
2352,佳世達,34,8,26,富邦-竹東,2023-07-21,9625
6257,矽格,24,0,24,富邦-竹東,2023-07-21,9625
4908,前鼎,32,10,22,富邦-竹東,2023-07-21,9625
2330,台積電,33,13,20,富邦-竹東,2023-07-21,9625
00927,群益半導體收益,56,36,20,富邦-竹東,2023-07-21,9625
2332,友訊,20,0,20,富邦-竹東,2023-07-21,9625
1513,中興電,54,34,20,富邦-竹東,2023-07-21,9625
5483,中美晶,20,1,19,富邦-竹東,2023-07-21,9625
3374,精材,19,2,17,富邦-竹東,2023-07-21,9625
2630,亞航,31,14,17,富邦-竹東,2023-07-21,9625
8926,台汽電,18,2,16,富邦-竹東,2023-07-21,9625
3037,欣興,23,9,14,富邦-竹東,2023-07-21,9625
00893,國泰智能電動車,18,4,14,富邦-竹東,2023-07-21,9625
6282,康舒,23,10,13,富邦-竹東,2023-07-21,9625
1218,泰山,13,0,13,富邦-竹東,2023-07-21,9625
1101,台泥,12,0,12,富邦-竹東,2023-07-21,9625
2353,宏��,32,20,12,富邦-竹東,2023-07-21,9625
2634,漢翔,18,6,12,富邦-竹東,2023-07-21,9625
2603,長榮,25,14,11,富邦-竹東,2023-07-21,9625
2374,佳能,11,0,11,富邦-竹東,2023-07-21,9625
00892,富邦台灣半導體,11,0,11,富邦-竹東,2023-07-21,9625
4934,太極,11,0,11,富邦-竹東,2023-07-21,9625
6235,華孚,14,3,11,富邦-竹東,2023-07-21,9625
2204,中華,11,0,11,富邦-竹東,2023-07-21,9625
3264,欣銓,12,2,10,富邦-竹東,2023-07-21,9625
6770,力積電,10,0,10,富邦-竹東,2023-07-21,9625
6196,帆宣,11,1,10,富邦-竹東,2023-07-21,9625
2362,藍天,12,2,10,富邦-竹東,2023-07-21,9625
4198,欣大健康,10,0,10,富邦-竹東,2023-07-21,9625
2302,麗正,10,0,10,富邦-竹東,2023-07-21,9625
3576,聯合再生,12,2,10,富邦-竹東,2023-07-21,9625
1313,聯成,10,0,10,富邦-竹東,2023-07-21,9625
1522,堤維西,10,0,10,富邦-竹東,2023-07-21,9625
2010,春源,10,0,10,富邦-竹東,2023-07-21,9625
5314,世紀,10,0,10,富邦-竹東,2023-07-21,9625
4916,事欣科,24,15,9,富邦-竹東,2023-07-21,9625
2891,中信金,205,3,202,富邦-竹東,2023-07-24,9625
2353,宏��,165,53,112,富邦-竹東,2023-07-24,9625
2419,仲琦,149,53,96,富邦-竹東,2023-07-24,9625
2405,輔信,110,16,94,富邦-竹東,2023-07-24,9625
3706,神達,101,15,86,富邦-竹東,2023-07-24,9625
2834,臺企銀,80,0,80,富邦-竹東,2023-07-24,9625
1102,亞泥,64,0,64,富邦-竹東,2023-07-24,9625
00680L,元大美債20正2,60,0,60,富邦-竹東,2023-07-24,9625
8050,廣積,103,46,57,富邦-竹東,2023-07-24,9625
3105,穩懋,57,4,53,富邦-竹東,2023-07-24,9625
00929,復華台灣科技優息,86,36,50,富邦-竹東,2023-07-24,9625
6138,茂達,49,2,47,富邦-竹東,2023-07-24,9625
3702,大聯大,42,1,41,富邦-竹東,2023-07-24,9625
00637L,元大滬深300正2,46,5,41,富邦-竹東,2023-07-24,9625
00891,中信關鍵半導體,40,0,40,富邦-竹東,2023-07-24,9625
3055,蔚華科,51,13,38,富邦-竹東,2023-07-24,9625
1504,東元,56,19,37,富邦-竹東,2023-07-24,9625
3051,力特,33,2,31,富邦-竹東,2023-07-24,9625
00927,群益半導體收益,30,0,30,富邦-竹東,2023-07-24,9625
2014,中鴻,51,21,30,富邦-竹東,2023-07-24,9625
00900,富邦特選高股息30,71,45,26,富邦-竹東,2023-07-24,9625
6125,廣運,105,79,26,富邦-竹東,2023-07-24,9625
4953,緯軟,25,1,24,富邦-竹東,2023-07-24,9625
2812,台中銀,23,0,23,富邦-竹東,2023-07-24,9625
3306,鼎天,32,9,23,富邦-竹東,2023-07-24,9625
8054,安國,22,0,22,富邦-竹東,2023-07-24,9625
2323,中環,21,0,21,富邦-竹東,2023-07-24,9625
2603,長榮,21,1,20,富邦-竹東,2023-07-24,9625
3035,智原,33,13,20,富邦-竹東,2023-07-24,9625
5011,久陽,20,0,20,富邦-竹東,2023-07-24,9625
6770,力積電,35,16,19,富邦-竹東,2023-07-24,9625
1101,台泥,25,6,19,富邦-竹東,2023-07-24,9625
2883,凱基金,20,1,19,富邦-竹東,2023-07-24,9625
3231,緯創,35,18,17,富邦-竹東,2023-07-24,9625
8103,瀚荃,17,0,17,富邦-竹東,2023-07-24,9625
4155,訊映,16,0,16,富邦-竹東,2023-07-24,9625
00892,富邦台灣半導體,15,0,15,富邦-竹東,2023-07-24,9625
3033,威健,15,0,15,富邦-竹東,2023-07-24,9625
00904,新光臺灣半導體30,15,0,15,富邦-竹東,2023-07-24,9625
2421,建準,41,27,14,富邦-竹東,2023-07-24,9625
6257,矽格,14,0,14,富邦-竹東,2023-07-24,9625
2461,光群雷,31,17,14,富邦-竹東,2023-07-24,9625
3032,偉訓,20,7,13,富邦-竹東,2023-07-24,9625
2303,聯電,26,13,13,富邦-竹東,2023-07-24,9625
2606,裕民,13,0,13,富邦-竹東,2023-07-24,9625
8096,擎亞,13,0,13,富邦-竹東,2023-07-24,9625
2331,精英,16,3,13,富邦-竹東,2023-07-24,9625
1529,樂事綠能,15,2,13,富邦-竹東,2023-07-24,9625
5425,台半,14,2,12,富邦-竹東,2023-07-24,9625
00922,國泰台灣領袖50,12,0,12,富邦-竹東,2023-07-24,9625
00712,復華富時不動產,390,2,388,富邦-竹東,2023-07-25,9625
00632R,元大台灣50反1,117,0,117,富邦-竹東,2023-07-25,9625
6120,達運,106,1,105,富邦-竹東,2023-07-25,9625
00673R,期元大S＆P原油反1,65,2,63,富邦-竹東,2023-07-25,9625
2610,華航,65,4,61,富邦-竹東,2023-07-25,9625
00720B,元大投資級公司債,62,7,55,富邦-竹東,2023-07-25,9625
3056,富華新,51,1,50,富邦-竹東,2023-07-25,9625
2356,英業達,69,20,49,富邦-竹東,2023-07-25,9625
4953,緯軟,50,5,45,富邦-竹東,2023-07-25,9625
00878,國泰永續高股息,380,337,43,富邦-竹東,2023-07-25,9625
6138,茂達,41,0,41,富邦-竹東,2023-07-25,9625
3702,大聯大,78,40,38,富邦-竹東,2023-07-25,9625
6125,廣運,46,10,36,富邦-竹東,2023-07-25,9625
3024,憶聲,35,0,35,富邦-竹東,2023-07-25,9625
2312,金寶,38,4,34,富邦-竹東,2023-07-25,9625
2014,中鴻,38,5,33,富邦-竹東,2023-07-25,9625
00679B,元大美債20年,33,0,33,富邦-竹東,2023-07-25,9625
2890,永豐金,30,1,29,富邦-竹東,2023-07-25,9625
00929,復華台灣科技優息,87,60,27,富邦-竹東,2023-07-25,9625
2382,廣達,78,52,26,富邦-竹東,2023-07-25,9625
8050,廣積,38,12,26,富邦-竹東,2023-07-25,9625
3037,欣興,45,21,24,富邦-竹東,2023-07-25,9625
4532,瑞智,24,1,23,富邦-竹東,2023-07-25,9625
6191,精成科,31,8,23,富邦-竹東,2023-07-25,9625
1605,華新,30,8,22,富邦-竹東,2023-07-25,9625
3231,緯創,46,24,22,富邦-竹東,2023-07-25,9625
00680L,元大美債20正2,21,0,21,富邦-竹東,2023-07-25,9625
4916,事欣科,21,0,21,富邦-竹東,2023-07-25,9625
4714,永捷,20,0,20,富邦-竹東,2023-07-25,9625
1402,遠東新,20,0,20,富邦-竹東,2023-07-25,9625
2301,光寶科,47,28,19,富邦-竹東,2023-07-25,9625
2359,所羅門,20,2,18,富邦-竹東,2023-07-25,9625
00753L,中信中國50正2,30,12,18,富邦-竹東,2023-07-25,9625
6147,頎邦,19,2,17,富邦-竹東,2023-07-25,9625
3013,晟銘電,37,20,17,富邦-竹東,2023-07-25,9625
5425,台半,18,2,16,富邦-竹東,2023-07-25,9625
6535,順藥,15,0,15,富邦-竹東,2023-07-25,9625
2515,中工,15,0,15,富邦-竹東,2023-07-25,9625
8096,擎亞,15,0,15,富邦-竹東,2023-07-25,9625
6126,信音,15,1,14,富邦-竹東,2023-07-25,9625
5347,世界,14,0,14,富邦-竹東,2023-07-25,9625
3227,原相,18,5,13,富邦-竹東,2023-07-25,9625
4123,晟德,19,6,13,富邦-竹東,2023-07-25,9625
1514,亞力,17,5,12,富邦-竹東,2023-07-25,9625
00772B,中信高評級公司債,12,0,12,富邦-竹東,2023-07-25,9625
6282,康舒,32,21,11,富邦-竹東,2023-07-25,9625
6689,伊雲谷,14,3,11,富邦-竹東,2023-07-25,9625
2609,陽明,27,16,11,富邦-竹東,2023-07-25,9625
8341,日友,10,0,10,富邦-竹東,2023-07-25,9625
2010,春源,10,0,10,富邦-竹東,2023-07-25,9625
2891,中信金,200,3,197,富邦-竹東,2023-07-26,9625
00673R,期元大S＆P原油反1,93,0,93,富邦-竹東,2023-07-26,9625
2317,鴻海,105,16,89,富邦-竹東,2023-07-26,9625
2329,華泰,286,207,79,富邦-竹東,2023-07-26,9625
6776,展�眥篕�,59,0,59,富邦-竹東,2023-07-26,9625
00929,復華台灣科技優息,93,41,52,富邦-竹東,2023-07-26,9625
1504,東元,70,26,44,富邦-竹東,2023-07-26,9625
00891,中信關鍵半導體,40,0,40,富邦-竹東,2023-07-26,9625
4533,協易機,90,51,39,富邦-竹東,2023-07-26,9625
2421,建準,32,0,32,富邦-竹東,2023-07-26,9625
1524,耿鼎,30,0,30,富邦-竹東,2023-07-26,9625
00687B,國泰20年美債,26,0,26,富邦-竹東,2023-07-26,9625
8926,台汽電,24,0,24,富邦-竹東,2023-07-26,9625
4188,安克,29,6,23,富邦-竹東,2023-07-26,9625
6290,良維,25,2,23,富邦-竹東,2023-07-26,9625
2356,英業達,41,18,23,富邦-竹東,2023-07-26,9625
5443,均豪,21,0,21,富邦-竹東,2023-07-26,9625
6182,合晶,26,5,21,富邦-竹東,2023-07-26,9625
6282,康舒,57,37,20,富邦-竹東,2023-07-26,9625
2611,志信,20,0,20,富邦-竹東,2023-07-26,9625
4157,太景*-KY,22,2,20,富邦-竹東,2023-07-26,9625
4931,新盛力,24,4,20,富邦-竹東,2023-07-26,9625
2328,廣宇,20,1,19,富邦-竹東,2023-07-26,9625
3450,聯鈞,22,4,18,富邦-竹東,2023-07-26,9625
2354,鴻準,25,7,18,富邦-竹東,2023-07-26,9625
3059,華晶科,22,4,18,富邦-竹東,2023-07-26,9625
2913,農林,20,3,17,富邦-竹東,2023-07-26,9625
6275,元山,17,0,17,富邦-竹東,2023-07-26,9625
1789,神隆,15,0,15,富邦-竹東,2023-07-26,9625
00893,國泰智能電動車,20,5,15,富邦-竹東,2023-07-26,9625
3149,正達,15,0,15,富邦-竹東,2023-07-26,9625
1618,合機,40,25,15,富邦-竹東,2023-07-26,9625
2303,聯電,20,5,15,富邦-竹東,2023-07-26,9625
2634,漢翔,15,1,14,富邦-竹東,2023-07-26,9625
00930,永豐ESG低碳高息,13,0,13,富邦-竹東,2023-07-26,9625
00751B,元大AAA至A公司債,13,0,13,富邦-竹東,2023-07-26,9625
6126,信音,17,4,13,富邦-竹東,2023-07-26,9625
6841,長佳智能,16,4,12,富邦-竹東,2023-07-26,9625
2312,金寶,15,3,12,富邦-竹東,2023-07-26,9625
2371,大同,24,13,11,富邦-竹東,2023-07-26,9625
2355,敬鵬,12,1,11,富邦-竹東,2023-07-26,9625
1402,遠東新,11,0,11,富邦-竹東,2023-07-26,9625
2340,台亞,26,15,11,富邦-竹東,2023-07-26,9625
00878,國泰永續高股息,155,145,10,富邦-竹東,2023-07-26,9625
2002,中鋼,13,2,11,富邦-竹東,2023-07-26,9625
2338,光罩,12,2,10,富邦-竹東,2023-07-26,9625
6770,力積電,22,12,10,富邦-竹東,2023-07-26,9625
2515,中工,10,0,10,富邦-竹東,2023-07-26,9625
4161,聿新科,10,0,10,富邦-竹東,2023-07-26,9625
4167,松瑞藥,10,0,10,富邦-竹東,2023-07-26,9625
00665L,富邦�琤肭磪囓�2,200,9,191,富邦-竹東,2023-07-27,9625
00688L,國泰20年美債正2,150,0,150,富邦-竹東,2023-07-27,9625
00712,復華富時不動產,226,82,144,富邦-竹東,2023-07-27,9625
2883,凱基金,128,33,95,富邦-竹東,2023-07-27,9625
2323,中環,101,10,91,富邦-竹東,2023-07-27,9625
2913,農林,90,12,78,富邦-竹東,2023-07-27,9625
00878,國泰永續高股息,90,32,58,富邦-竹東,2023-07-27,9625
3049,精金,55,0,55,富邦-竹東,2023-07-27,9625
2324,仁寶,116,63,53,富邦-竹東,2023-07-27,9625
6776,展�眥篕�,60,10,50,富邦-竹東,2023-07-27,9625
8201,無敵,51,1,50,富邦-竹東,2023-07-27,9625
8105,凌巨,43,0,43,富邦-竹東,2023-07-27,9625
3059,華晶科,51,8,43,富邦-竹東,2023-07-27,9625
1402,遠東新,46,3,43,富邦-竹東,2023-07-27,9625
6188,廣明,51,8,43,富邦-竹東,2023-07-27,9625
3055,蔚華科,40,0,40,富邦-竹東,2023-07-27,9625
2609,陽明,53,14,39,富邦-竹東,2023-07-27,9625
6125,廣運,64,26,38,富邦-竹東,2023-07-27,9625
6756,威鋒電子,35,1,34,富邦-竹東,2023-07-27,9625
2356,英業達,66,34,32,富邦-竹東,2023-07-27,9625
6788,華景電,30,1,29,富邦-竹東,2023-07-27,9625
2888,新光金,108,79,29,富邦-竹東,2023-07-27,9625
8433,弘帆,28,0,28,富邦-竹東,2023-07-27,9625
2887,台新金,57,31,26,富邦-竹東,2023-07-27,9625
2382,廣達,63,38,25,富邦-竹東,2023-07-27,9625
3033,威健,23,0,23,富邦-竹東,2023-07-27,9625
3037,欣興,40,17,23,富邦-竹東,2023-07-27,9625
1313,聯成,52,31,21,富邦-竹東,2023-07-27,9625
6116,彩晶,54,34,20,富邦-竹東,2023-07-27,9625
5905,南仁湖,20,0,20,富邦-竹東,2023-07-27,9625
00772B,中信高評級公司債,20,1,19,富邦-竹東,2023-07-27,9625
3050,鈺德,18,0,18,富邦-竹東,2023-07-27,9625
3231,緯創,30,12,18,富邦-竹東,2023-07-27,9625
8028,昇陽半導體,37,20,17,富邦-竹東,2023-07-27,9625
00673R,期元大S＆P原油反1,17,0,17,富邦-竹東,2023-07-27,9625
6412,群電,16,0,16,富邦-竹東,2023-07-27,9625
6282,康舒,64,49,15,富邦-竹東,2023-07-27,9625
5521,工信,15,0,15,富邦-竹東,2023-07-27,9625
2362,藍天,15,0,15,富邦-竹東,2023-07-27,9625
6235,華孚,22,8,14,富邦-竹東,2023-07-27,9625
6169,昱泉,14,0,14,富邦-竹東,2023-07-27,9625
3013,晟銘電,30,17,13,富邦-竹東,2023-07-27,9625
00929,復華台灣科技優息,23,12,11,富邦-竹東,2023-07-27,9625
2368,金像電,22,11,11,富邦-竹東,2023-07-27,9625
3540,曜越,11,0,11,富邦-竹東,2023-07-27,9625
6015,宏遠證,13,2,11,富邦-竹東,2023-07-27,9625
00679B,元大美債20年,10,0,10,富邦-竹東,2023-07-27,9625
4529,淳紳,10,0,10,富邦-竹東,2023-07-27,9625
3312,弘憶股,10,0,10,富邦-竹東,2023-07-27,9625
9940,信義,10,0,10,富邦-竹東,2023-07-27,9625
00679B,元大美債20年,129,0,129,富邦-竹東,2023-07-28,9625
1905,華紙,199,75,124,富邦-竹東,2023-07-28,9625
00688L,國泰20年美債正2,98,0,98,富邦-竹東,2023-07-28,9625
00891,中信關鍵半導體,60,1,59,富邦-竹東,2023-07-28,9625
2409,友達,108,53,55,富邦-竹東,2023-07-28,9625
00632R,元大台灣50反1,52,0,52,富邦-竹東,2023-07-28,9625
2880,華南金,51,0,51,富邦-竹東,2023-07-28,9625
6016,康和證,50,5,45,富邦-竹東,2023-07-28,9625
2356,英業達,60,17,43,富邦-竹東,2023-07-28,9625
6125,廣運,47,7,40,富邦-竹東,2023-07-28,9625
2913,農林,95,58,37,富邦-竹東,2023-07-28,9625
6138,茂達,36,1,35,富邦-竹東,2023-07-28,9625
2464,盟立,35,0,35,富邦-竹東,2023-07-28,9625
00795B,中信美國公債20年,33,0,33,富邦-竹東,2023-07-28,9625
00687B,國泰20年美債,31,0,31,富邦-竹東,2023-07-28,9625
6196,帆宣,35,4,31,富邦-竹東,2023-07-28,9625
2329,華泰,119,88,31,富邦-竹東,2023-07-28,9625
00680L,元大美債20正2,28,0,28,富邦-竹東,2023-07-28,9625
00696B,富邦美債20年,26,0,26,富邦-竹東,2023-07-28,9625
00751B,元大AAA至A公司債,25,0,25,富邦-竹東,2023-07-28,9625
3694,海華,25,0,25,富邦-竹東,2023-07-28,9625
2610,華航,61,36,25,富邦-竹東,2023-07-28,9625
2883,凱基金,30,5,25,富邦-竹東,2023-07-28,9625
00929,復華台灣科技優息,36,13,23,富邦-竹東,2023-07-28,9625
1907,永豐餘,24,1,23,富邦-竹東,2023-07-28,9625
3450,聯鈞,25,2,23,富邦-竹東,2023-07-28,9625
2887,台新金,23,0,23,富邦-竹東,2023-07-28,9625
2027,大成鋼,32,10,22,富邦-竹東,2023-07-28,9625
4171,瑞基,22,0,22,富邦-竹東,2023-07-28,9625
3231,緯創,98,77,21,富邦-竹東,2023-07-28,9625
2801,彰銀,21,0,21,富邦-竹東,2023-07-28,9625
6163,華電網,19,0,19,富邦-竹東,2023-07-28,9625
2002,中鋼,18,0,18,富邦-竹東,2023-07-28,9625
00713,元大台灣高息低波,19,1,18,富邦-竹東,2023-07-28,9625
6274,台燿,75,57,18,富邦-竹東,2023-07-28,9625
00722B,群益投資級電信債,16,0,16,富邦-竹東,2023-07-28,9625
2331,精英,22,6,16,富邦-竹東,2023-07-28,9625
1402,遠東新,20,5,15,富邦-竹東,2023-07-28,9625
00772B,中信高評級公司債,15,0,15,富邦-竹東,2023-07-28,9625
00902,中信電池及儲能,15,0,15,富邦-竹東,2023-07-28,9625
8403,盛弘,15,0,15,富邦-竹東,2023-07-28,9625
00673R,期元大S＆P原油反1,14,0,14,富邦-竹東,2023-07-28,9625
2375,凱美,13,0,13,富邦-竹東,2023-07-28,9625
2388,威盛,26,13,13,富邦-竹東,2023-07-28,9625
2303,聯電,26,13,13,富邦-竹東,2023-07-28,9625
5706,鳳凰,15,3,12,富邦-竹東,2023-07-28,9625
00923,群益台ESG低碳50,12,0,12,富邦-竹東,2023-07-28,9625
3202,樺晟,11,0,11,富邦-竹東,2023-07-28,9625
6877,鏵友益,11,0,11,富邦-竹東,2023-07-28,9625
3014,聯陽,17,6,11,富邦-竹東,2023-07-28,9625
00929,復華台灣科技優息,300,16,284,富邦-竹東,2023-07-31,9625
00712,復華富時不動產,201,23,178,富邦-竹東,2023-07-31,9625
2801,彰銀,132,0,132,富邦-竹東,2023-07-31,9625
00655L,國泰中國A50正2,110,0,110,富邦-竹東,2023-07-31,9625
9933,中鼎,100,2,98,富邦-竹東,2023-07-31,9625
6182,合晶,90,3,87,富邦-竹東,2023-07-31,9625
2329,華泰,152,69,83,富邦-竹東,2023-07-31,9625
00679B,元大美債20年,67,0,67,富邦-竹東,2023-07-31,9625
3055,蔚華科,87,23,64,富邦-竹東,2023-07-31,9625
00878,國泰永續高股息,294,233,61,富邦-竹東,2023-07-31,9625
2324,仁寶,160,102,58,富邦-竹東,2023-07-31,9625
3231,緯創,103,46,57,富邦-竹東,2023-07-31,9625
6269,台郡,64,9,55,富邦-竹東,2023-07-31,9625
2888,新光金,88,46,42,富邦-竹東,2023-07-31,9625
00673R,期元大S＆P原油反1,42,2,40,富邦-竹東,2023-07-31,9625
2461,光群雷,43,3,40,富邦-竹東,2023-07-31,9625
2301,光寶科,101,63,38,富邦-竹東,2023-07-31,9625
3706,神達,66,30,36,富邦-竹東,2023-07-31,9625
2609,陽明,50,17,33,富邦-竹東,2023-07-31,9625
00922,國泰台灣領袖50,32,0,32,富邦-竹東,2023-07-31,9625
00923,群益台ESG低碳50,32,0,32,富邦-竹東,2023-07-31,9625
6188,廣明,42,10,32,富邦-竹東,2023-07-31,9625
2316,楠梓電,35,3,32,富邦-竹東,2023-07-31,9625
2889,國票金,30,0,30,富邦-竹東,2023-07-31,9625
8049,晶采,30,0,30,富邦-竹東,2023-07-31,9625
1905,華紙,85,55,30,富邦-竹東,2023-07-31,9625
00919,群益台灣精選高息,29,0,29,富邦-竹東,2023-07-31,9625
00927,群益半導體收益,35,6,29,富邦-竹東,2023-07-31,9625
00632R,元大台灣50反1,33,5,28,富邦-竹東,2023-07-31,9625
8358,金居,38,12,26,富邦-竹東,2023-07-31,9625
3037,欣興,39,14,25,富邦-竹東,2023-07-31,9625
3363,上詮,32,7,25,富邦-竹東,2023-07-31,9625
2353,宏��,30,6,24,富邦-竹東,2023-07-31,9625
6788,華景電,31,10,21,富邦-竹東,2023-07-31,9625
2887,台新金,21,0,21,富邦-竹東,2023-07-31,9625
2382,廣達,71,50,21,富邦-竹東,2023-07-31,9625
6235,華孚,27,7,20,富邦-竹東,2023-07-31,9625
2515,中工,21,1,20,富邦-竹東,2023-07-31,9625
5608,四維航,27,7,20,富邦-竹東,2023-07-31,9625
00795B,中信美國公債20年,20,0,20,富邦-竹東,2023-07-31,9625
2409,友達,46,28,18,富邦-竹東,2023-07-31,9625
6285,啟��,22,4,18,富邦-竹東,2023-07-31,9625
2206,三陽工業,16,0,16,富邦-竹東,2023-07-31,9625
3338,泰碩,22,6,16,富邦-竹東,2023-07-31,9625
2834,臺企銀,15,0,15,富邦-竹東,2023-07-31,9625
2027,大成鋼,24,9,15,富邦-竹東,2023-07-31,9625
2425,承啟,16,1,15,富邦-竹東,2023-07-31,9625
3272,東碩,15,0,15,富邦-竹東,2023-07-31,9625
1815,富喬,52,38,14,富邦-竹東,2023-07-31,9625
8028,昇陽半導體,19,5,14,富邦-竹東,2023-07-31,9625
2344,華邦電,158,51,107,富邦-竹東,2023-08-01,9625
00673R,期元大S＆P原油反1,102,0,102,富邦-竹東,2023-08-01,9625
00929,復華台灣科技優息,99,1,98,富邦-竹東,2023-08-01,9625
2884,玉山金,103,7,96,富邦-竹東,2023-08-01,9625
00687B,國泰20年美債,100,10,90,富邦-竹東,2023-08-01,9625
00882,中信中國高股息,87,9,78,富邦-竹東,2023-08-01,9625
3704,合勤控,58,6,52,富邦-竹東,2023-08-01,9625
2312,金寶,97,48,49,富邦-竹東,2023-08-01,9625
6182,合晶,49,0,49,富邦-竹東,2023-08-01,9625
00878,國泰永續高股息,223,179,44,富邦-竹東,2023-08-01,9625
8358,金居,51,10,41,富邦-竹東,2023-08-01,9625
00923,群益台ESG低碳50,40,0,40,富邦-竹東,2023-08-01,9625
6282,康舒,70,33,37,富邦-竹東,2023-08-01,9625
2007,燁興,30,0,30,富邦-竹東,2023-08-01,9625
00665L,富邦�琤肭磪囓�2,30,3,27,富邦-竹東,2023-08-01,9625
3014,聯陽,35,11,24,富邦-竹東,2023-08-01,9625
5388,中磊,29,5,24,富邦-竹東,2023-08-01,9625
3257,虹冠電,33,10,23,富邦-竹東,2023-08-01,9625
8050,廣積,42,20,22,富邦-竹東,2023-08-01,9625
6788,華景電,21,0,21,富邦-竹東,2023-08-01,9625
2801,彰銀,26,6,20,富邦-竹東,2023-08-01,9625
2356,英業達,29,10,19,富邦-竹東,2023-08-01,9625
8027,鈦昇,41,22,19,富邦-竹東,2023-08-01,9625
2891,中信金,18,0,18,富邦-竹東,2023-08-01,9625
2363,矽統,40,22,18,富邦-竹東,2023-08-01,9625
1560,中砂,19,1,18,富邦-竹東,2023-08-01,9625
1905,華紙,62,45,17,富邦-竹東,2023-08-01,9625
5009,榮剛,21,4,17,富邦-竹東,2023-08-01,9625
00927,群益半導體收益,17,0,17,富邦-竹東,2023-08-01,9625
1504,東元,17,0,17,富邦-竹東,2023-08-01,9625
8068,全達,19,2,17,富邦-竹東,2023-08-01,9625
4906,正文,16,0,16,富邦-竹東,2023-08-01,9625
3693,營邦,20,4,16,富邦-竹東,2023-08-01,9625
1789,神隆,15,0,15,富邦-竹東,2023-08-01,9625
6122,擎邦,16,1,15,富邦-竹東,2023-08-01,9625
1609,大亞,17,4,13,富邦-竹東,2023-08-01,9625
6776,展�眥篕�,13,0,13,富邦-竹東,2023-08-01,9625
00720B,元大投資級公司債,13,1,12,富邦-竹東,2023-08-01,9625
2375,凱美,12,0,12,富邦-竹東,2023-08-01,9625
3209,全科,11,0,11,富邦-竹東,2023-08-01,9625
2323,中環,12,1,11,富邦-竹東,2023-08-01,9625
2449,京元電子,12,1,11,富邦-竹東,2023-08-01,9625
2028,威致,10,0,10,富邦-竹東,2023-08-01,9625
4440,宜新實業,10,0,10,富邦-竹東,2023-08-01,9625
2601,益航,10,0,10,富邦-竹東,2023-08-01,9625
00924,復華S＆P500成長,10,0,10,富邦-竹東,2023-08-01,9625
8421,旭源,10,0,10,富邦-竹東,2023-08-01,9625
6196,帆宣,13,3,10,富邦-竹東,2023-08-01,9625
3715,定穎投控,10,0,10,富邦-竹東,2023-08-01,9625
5443,均豪,11,1,10,富邦-竹東,2023-08-01,9625
00632R,元大台灣50反1,579,95,484,富邦-竹東,2023-08-02,9625
00878,國泰永續高股息,451,247,204,富邦-竹東,2023-08-02,9625
1785,光洋科,215,24,191,富邦-竹東,2023-08-02,9625
00923,群益台ESG低碳50,185,0,185,富邦-竹東,2023-08-02,9625
00900,富邦特選高股息30,251,80,171,富邦-竹東,2023-08-02,9625
00929,復華台灣科技優息,143,13,130,富邦-竹東,2023-08-02,9625
3481,群創,130,32,98,富邦-竹東,2023-08-02,9625
6182,合晶,97,0,97,富邦-竹東,2023-08-02,9625
1102,亞泥,88,0,88,富邦-竹東,2023-08-02,9625
2312,金寶,85,10,75,富邦-竹東,2023-08-02,9625
2344,華邦電,112,40,72,富邦-竹東,2023-08-02,9625
00753L,中信中國50正2,100,30,70,富邦-竹東,2023-08-02,9625
00891,中信關鍵半導體,50,0,50,富邦-竹東,2023-08-02,9625
2883,凱基金,50,10,40,富邦-竹東,2023-08-02,9625
00680L,元大美債20正2,37,0,37,富邦-竹東,2023-08-02,9625
00882,中信中國高股息,37,0,37,富邦-竹東,2023-08-02,9625
2301,光寶科,59,23,36,富邦-竹東,2023-08-02,9625
00688L,國泰20年美債正2,36,0,36,富邦-竹東,2023-08-02,9625
6469,大樹,34,0,34,富邦-竹東,2023-08-02,9625
00679B,元大美債20年,44,10,34,富邦-竹東,2023-08-02,9625
3013,晟銘電,39,6,33,富邦-竹東,2023-08-02,9625
00772B,中信高評級公司債,32,0,32,富邦-竹東,2023-08-02,9625
2382,廣達,90,58,32,富邦-竹東,2023-08-02,9625
1314,中石化,39,10,29,富邦-竹東,2023-08-02,9625
2356,英業達,49,21,28,富邦-竹東,2023-08-02,9625
6138,茂達,28,2,26,富邦-竹東,2023-08-02,9625
2324,仁寶,72,50,22,富邦-竹東,2023-08-02,9625
2891,中信金,23,1,22,富邦-竹東,2023-08-02,9625
2489,瑞軒,22,0,22,富邦-竹東,2023-08-02,9625
2464,盟立,24,2,22,富邦-竹東,2023-08-02,9625
2401,凌陽,23,1,22,富邦-竹東,2023-08-02,9625
9955,佳龍,24,3,21,富邦-竹東,2023-08-02,9625
6016,康和證,21,0,21,富邦-竹東,2023-08-02,9625
2612,中航,21,1,20,富邦-竹東,2023-08-02,9625
3231,緯創,108,89,19,富邦-竹東,2023-08-02,9625
6285,啟��,25,6,19,富邦-竹東,2023-08-02,9625
8358,金居,31,13,18,富邦-竹東,2023-08-02,9625
2801,彰銀,31,13,18,富邦-竹東,2023-08-02,9625
00751B,元大AAA至A公司債,18,0,18,富邦-竹東,2023-08-02,9625
3037,欣興,31,14,17,富邦-竹東,2023-08-02,9625
2002,中鋼,17,0,17,富邦-竹東,2023-08-02,9625
6148,驊宏資,19,2,17,富邦-竹東,2023-08-02,9625
2338,光罩,17,0,17,富邦-竹東,2023-08-02,9625
3363,上詮,18,1,17,富邦-竹東,2023-08-02,9625
6188,廣明,41,25,16,富邦-竹東,2023-08-02,9625
2457,飛宏,23,7,16,富邦-竹東,2023-08-02,9625
3257,虹冠電,23,8,15,富邦-竹東,2023-08-02,9625
9941A,裕融甲特,15,0,15,富邦-竹東,2023-08-02,9625
3588,通嘉,18,3,15,富邦-竹東,2023-08-02,9625
6282,康舒,44,29,15,富邦-竹東,2023-08-02,9625
00680L,元大美債20正2,417,0,417,富邦-竹東,2023-08-04,9625
2344,華邦電,188,67,121,富邦-竹東,2023-08-04,9625
00679B,元大美債20年,98,11,87,富邦-竹東,2023-08-04,9625
00687B,國泰20年美債,67,0,67,富邦-竹東,2023-08-04,9625
00929,復華台灣科技優息,70,7,63,富邦-竹東,2023-08-04,9625
00878,國泰永續高股息,294,232,62,富邦-竹東,2023-08-04,9625
2362,藍天,58,0,58,富邦-竹東,2023-08-04,9625
00720B,元大投資級公司債,57,2,55,富邦-竹東,2023-08-04,9625
1802,台玻,77,24,53,富邦-竹東,2023-08-04,9625
1605,華新,64,16,48,富邦-竹東,2023-08-04,9625
3231,緯創,127,80,47,富邦-竹東,2023-08-04,9625
2891,中信金,45,0,45,富邦-竹東,2023-08-04,9625
3363,上詮,52,8,44,富邦-竹東,2023-08-04,9625
6532,瑞耘,44,0,44,富邦-竹東,2023-08-04,9625
2014,中鴻,73,35,38,富邦-竹東,2023-08-04,9625
00772B,中信高評級公司債,37,0,37,富邦-竹東,2023-08-04,9625
00795B,中信美國公債20年,36,0,36,富邦-竹東,2023-08-04,9625
2913,農林,107,73,34,富邦-竹東,2023-08-04,9625
3481,群創,60,27,33,富邦-竹東,2023-08-04,9625
00900,富邦特選高股息30,32,0,32,富邦-竹東,2023-08-04,9625
2458,義隆,35,5,30,富邦-竹東,2023-08-04,9625
1609,大亞,58,29,29,富邦-竹東,2023-08-04,9625
3257,虹冠電,26,0,26,富邦-竹東,2023-08-04,9625
1809,中釉,26,0,26,富邦-竹東,2023-08-04,9625
3056,富華新,27,2,25,富邦-竹東,2023-08-04,9625
2317,鴻海,53,29,24,富邦-竹東,2023-08-04,9625
2606,裕民,24,0,24,富邦-竹東,2023-08-04,9625
00751B,元大AAA至A公司債,23,0,23,富邦-竹東,2023-08-04,9625
3515,華擎,20,0,20,富邦-竹東,2023-08-04,9625
00673R,期元大S＆P原油反1,20,0,20,富邦-竹東,2023-08-04,9625
00713,元大台灣高息低波,23,3,20,富邦-竹東,2023-08-04,9625
1608,華榮,20,1,19,富邦-竹東,2023-08-04,9625
2887,台新金,21,3,18,富邦-竹東,2023-08-04,9625
2330,台積電,19,2,17,富邦-竹東,2023-08-04,9625
3163,波若威,53,37,16,富邦-竹東,2023-08-04,9625
5871,中租-KY,15,0,15,富邦-竹東,2023-08-04,9625
5258,虹堡,15,0,15,富邦-竹東,2023-08-04,9625
8215,明基材,19,4,15,富邦-竹東,2023-08-04,9625
2356,英業達,58,43,15,富邦-竹東,2023-08-04,9625
3290,東浦,14,0,14,富邦-竹東,2023-08-04,9625
1727,中華化,14,0,14,富邦-竹東,2023-08-04,9625
2890,永豐金,15,1,14,富邦-竹東,2023-08-04,9625
2352,佳世達,23,10,13,富邦-竹東,2023-08-04,9625
00688L,國泰20年美債正2,13,0,13,富邦-竹東,2023-08-04,9625
2440,太空梭,12,0,12,富邦-竹東,2023-08-04,9625
6143,振曜,13,1,12,富邦-竹東,2023-08-04,9625
00764B,群益25年美債,11,0,11,富邦-竹東,2023-08-04,9625
2645,長榮航太,11,0,11,富邦-竹東,2023-08-04,9625
2892,第一金,10,0,10,富邦-竹東,2023-08-04,9625
3005,神基,10,0,10,富邦-竹東,2023-08-04,9625
00929,復華台灣科技優息,348,15,333,富邦-竹東,2023-08-07,9625
3481,群創,223,13,210,富邦-竹東,2023-08-07,9625
00931B,統一美債20年,153,0,153,富邦-竹東,2023-08-07,9625
3013,晟銘電,149,0,149,富邦-竹東,2023-08-07,9625
00878,國泰永續高股息,193,59,134,富邦-竹東,2023-08-07,9625
00923,群益台ESG低碳50,83,0,83,富邦-竹東,2023-08-07,9625
00772B,中信高評級公司債,80,0,80,富邦-竹東,2023-08-07,9625
2027,大成鋼,66,0,66,富邦-竹東,2023-08-07,9625
2409,友達,157,93,64,富邦-竹東,2023-08-07,9625
2610,華航,59,9,50,富邦-竹東,2023-08-07,9625
1721,三晃,50,0,50,富邦-竹東,2023-08-07,9625
2913,農林,79,29,50,富邦-竹東,2023-08-07,9625
00712,復華富時不動產,47,0,47,富邦-竹東,2023-08-07,9625
2317,鴻海,47,3,44,富邦-竹東,2023-08-07,9625
2891,中信金,44,1,43,富邦-竹東,2023-08-07,9625
00907,永豐優息存股,34,0,34,富邦-竹東,2023-08-07,9625
00882,中信中國高股息,32,0,32,富邦-竹東,2023-08-07,9625
00679B,元大美債20年,33,2,31,富邦-竹東,2023-08-07,9625
2362,藍天,30,0,30,富邦-竹東,2023-08-07,9625
6125,廣運,76,48,28,富邦-竹東,2023-08-07,9625
0056,元大高股息,48,25,23,富邦-竹東,2023-08-07,9625
2515,中工,30,9,21,富邦-竹東,2023-08-07,9625
5880,合庫金,22,1,21,富邦-竹東,2023-08-07,9625
6776,展�眥篕�,20,0,20,富邦-竹東,2023-08-07,9625
2332,友訊,20,0,20,富邦-竹東,2023-08-07,9625
2388,威盛,39,20,19,富邦-竹東,2023-08-07,9625
1609,大亞,21,3,18,富邦-竹東,2023-08-07,9625
6531,愛普*,19,1,18,富邦-竹東,2023-08-07,9625
00687B,國泰20年美債,17,0,17,富邦-竹東,2023-08-07,9625
8021,尖點,17,0,17,富邦-竹東,2023-08-07,9625
2883,凱基金,18,2,16,富邦-竹東,2023-08-07,9625
00885,富邦越南,15,0,15,富邦-竹東,2023-08-07,9625
6120,達運,15,0,15,富邦-竹東,2023-08-07,9625
1340,勝悅-KY,15,0,15,富邦-竹東,2023-08-07,9625
3016,嘉晶,13,0,13,富邦-竹東,2023-08-07,9625
6770,力積電,12,0,12,富邦-竹東,2023-08-07,9625
6147,頎邦,13,1,12,富邦-竹東,2023-08-07,9625
4767,誠泰科技,12,0,12,富邦-竹東,2023-08-07,9625
00751B,元大AAA至A公司債,12,0,12,富邦-竹東,2023-08-07,9625
3257,虹冠電,19,8,11,富邦-竹東,2023-08-07,9625
2886,兆豐金,10,0,10,富邦-竹東,2023-08-07,9625
1109,信大,10,0,10,富邦-竹東,2023-08-07,9625
00655L,國泰中國A50正2,10,0,10,富邦-竹東,2023-08-07,9625
3227,原相,10,0,10,富邦-竹東,2023-08-07,9625
6703,軒郁,9,0,9,富邦-竹東,2023-08-07,9625
1802,台玻,14,5,9,富邦-竹東,2023-08-07,9625
9927,泰銘,12,4,8,富邦-竹東,2023-08-07,9625
5434,崇越,8,0,8,富邦-竹東,2023-08-07,9625
00637L,元大滬深300正2,8,0,8,富邦-竹東,2023-08-07,9625
5432,新門,8,0,8,富邦-竹東,2023-08-07,9625
00900,富邦特選高股息30,182,10,172,富邦-竹東,2023-08-08,9625
3231,緯創,221,92,129,富邦-竹東,2023-08-08,9625
3013,晟銘電,113,1,112,富邦-竹東,2023-08-08,9625
00931B,統一美債20年,110,2,108,富邦-竹東,2023-08-08,9625
00753L,中信中國50正2,105,4,101,富邦-竹東,2023-08-08,9625
00929,復華台灣科技優息,115,20,95,富邦-竹東,2023-08-08,9625
00878,國泰永續高股息,233,144,89,富邦-竹東,2023-08-08,9625
5880,合庫金,73,1,72,富邦-竹東,2023-08-08,9625
2883,凱基金,74,6,68,富邦-竹東,2023-08-08,9625
2356,英業達,129,64,65,富邦-竹東,2023-08-08,9625
3056,富華新,64,10,54,富邦-竹東,2023-08-08,9625
2002,中鋼,52,0,52,富邦-竹東,2023-08-08,9625
00665L,富邦�琤肭磪囓�2,51,0,51,富邦-竹東,2023-08-08,9625
00923,群益台ESG低碳50,45,0,45,富邦-竹東,2023-08-08,9625
00655L,國泰中國A50正2,40,0,40,富邦-竹東,2023-08-08,9625
3617,碩天,35,0,35,富邦-竹東,2023-08-08,9625
2891,中信金,34,0,34,富邦-竹東,2023-08-08,9625
2382,廣達,65,34,31,富邦-竹東,2023-08-08,9625
00882,中信中國高股息,30,4,26,富邦-竹東,2023-08-08,9625
2405,輔信,29,4,25,富邦-竹東,2023-08-08,9625
3163,波若威,93,68,25,富邦-竹東,2023-08-08,9625
2303,聯電,27,3,24,富邦-竹東,2023-08-08,9625
6139,亞翔,26,2,24,富邦-竹東,2023-08-08,9625
00927,群益半導體收益,24,0,24,富邦-竹東,2023-08-08,9625
6770,力積電,21,3,18,富邦-竹東,2023-08-08,9625
4915,致伸,18,0,18,富邦-竹東,2023-08-08,9625
4173,久裕,19,1,18,富邦-竹東,2023-08-08,9625
2630,亞航,31,14,17,富邦-竹東,2023-08-08,9625
8027,鈦昇,21,4,17,富邦-竹東,2023-08-08,9625
6285,啟��,32,15,17,富邦-竹東,2023-08-08,9625
00891,中信關鍵半導體,16,0,16,富邦-竹東,2023-08-08,9625
8930,青鋼,15,0,15,富邦-竹東,2023-08-08,9625
2462,良得電,15,0,15,富邦-竹東,2023-08-08,9625
5483,中美晶,19,5,14,富邦-竹東,2023-08-08,9625
2014,中鴻,14,0,14,富邦-竹東,2023-08-08,9625
2887,台新金,14,0,14,富邦-竹東,2023-08-08,9625
3481,群創,86,72,14,富邦-竹東,2023-08-08,9625
3706,神達,48,35,13,富邦-竹東,2023-08-08,9625
00720B,元大投資級公司債,13,0,13,富邦-竹東,2023-08-08,9625
8358,金居,12,0,12,富邦-竹東,2023-08-08,9625
2312,金寶,19,7,12,富邦-竹東,2023-08-08,9625
6443,元晶,14,3,11,富邦-竹東,2023-08-08,9625
2359,所羅門,15,4,11,富邦-竹東,2023-08-08,9625
8086,宏捷科,17,6,11,富邦-竹東,2023-08-08,9625
2352,佳世達,14,3,11,富邦-竹東,2023-08-08,9625
2330,台積電,12,2,10,富邦-竹東,2023-08-08,9625
00902,中信電池及儲能,10,0,10,富邦-竹東,2023-08-08,9625
2801,彰銀,10,0,10,富邦-竹東,2023-08-08,9625
2364,倫飛,10,0,10,富邦-竹東,2023-08-08,9625
1504,東元,10,0,10,富邦-竹東,2023-08-08,9625
00929,復華台灣科技優息,350,0,350,富邦-竹東,2023-08-09,9625
2363,矽統,219,120,99,富邦-竹東,2023-08-09,9625
00878,國泰永續高股息,130,33,97,富邦-竹東,2023-08-09,9625
2409,友達,59,2,57,富邦-竹東,2023-08-09,9625
3706,神達,75,20,55,富邦-竹東,2023-08-09,9625
00900,富邦特選高股息30,57,4,53,富邦-竹東,2023-08-09,9625
00632R,元大台灣50反1,57,5,52,富邦-竹東,2023-08-09,9625
3231,緯創,117,77,40,富邦-竹東,2023-08-09,9625
2891,中信金,40,0,40,富邦-竹東,2023-08-09,9625
00923,群益台ESG低碳50,36,0,36,富邦-竹東,2023-08-09,9625
2515,中工,40,10,30,富邦-竹東,2023-08-09,9625
2344,華邦電,90,62,28,富邦-竹東,2023-08-09,9625
2729,瓦城,27,0,27,富邦-竹東,2023-08-09,9625
00919,群益台灣精選高息,23,0,23,富邦-竹東,2023-08-09,9625
3363,上詮,24,1,23,富邦-竹東,2023-08-09,9625
00673R,期元大S＆P原油反1,22,0,22,富邦-竹東,2023-08-09,9625
00882,中信中國高股息,23,3,20,富邦-竹東,2023-08-09,9625
00907,永豐優息存股,20,0,20,富邦-竹東,2023-08-09,9625
1809,中釉,20,0,20,富邦-竹東,2023-08-09,9625
8401,白紗科,20,0,20,富邦-竹東,2023-08-09,9625
2845,遠東銀,20,1,19,富邦-竹東,2023-08-09,9625
9960,邁達康,21,2,19,富邦-竹東,2023-08-09,9625
2002,中鋼,19,0,19,富邦-竹東,2023-08-09,9625
6182,合晶,18,0,18,富邦-竹東,2023-08-09,9625
8936,國統,21,3,18,富邦-竹東,2023-08-09,9625
6147,頎邦,20,2,18,富邦-竹東,2023-08-09,9625
2883,凱基金,22,5,17,富邦-竹東,2023-08-09,9625
3047,訊舟,16,0,16,富邦-竹東,2023-08-09,9625
1503,士電,19,3,16,富邦-竹東,2023-08-09,9625
3360,尚立,15,0,15,富邦-竹東,2023-08-09,9625
9934,成霖,15,0,15,富邦-竹東,2023-08-09,9625
3257,虹冠電,36,22,14,富邦-竹東,2023-08-09,9625
6282,康舒,17,4,13,富邦-竹東,2023-08-09,9625
2609,陽明,16,3,13,富邦-竹東,2023-08-09,9625
4977,眾達-KY,12,0,12,富邦-竹東,2023-08-09,9625
9907,統一實,12,0,12,富邦-竹東,2023-08-09,9625
3356,奇偶,16,4,12,富邦-竹東,2023-08-09,9625
00931B,統一美債20年,18,6,12,富邦-竹東,2023-08-09,9625
8068,全達,12,0,12,富邦-竹東,2023-08-09,9625
00751B,元大AAA至A公司債,12,0,12,富邦-竹東,2023-08-09,9625
3034,聯詠,17,5,12,富邦-竹東,2023-08-09,9625
00850,元大臺灣ESG永續,11,0,11,富邦-竹東,2023-08-09,9625
4763,材料-KY,12,1,11,富邦-竹東,2023-08-09,9625
2801,彰銀,11,0,11,富邦-竹東,2023-08-09,9625
6122,擎邦,22,11,11,富邦-竹東,2023-08-09,9625
00679B,元大美債20年,13,2,11,富邦-竹東,2023-08-09,9625
4916,事欣科,12,1,11,富邦-竹東,2023-08-09,9625
2301,光寶科,18,7,11,富邦-竹東,2023-08-09,9625
6117,迎廣,11,0,11,富邦-竹東,2023-08-09,9625
1584,精剛,12,1,11,富邦-竹東,2023-08-09,9625
00673R,期元大S＆P原油反1,602,1,601,富邦-竹東,2023-08-10,9625
4919,新唐,223,9,214,富邦-竹東,2023-08-10,9625
00929,復華台灣科技優息,143,0,143,富邦-竹東,2023-08-10,9625
00900,富邦特選高股息30,146,20,126,富邦-竹東,2023-08-10,9625
00878,國泰永續高股息,130,18,112,富邦-竹東,2023-08-10,9625
00919,群益台灣精選高息,105,0,105,富邦-竹東,2023-08-10,9625
00923,群益台ESG低碳50,81,0,81,富邦-竹東,2023-08-10,9625
6182,合晶,75,0,75,富邦-竹東,2023-08-10,9625
5371,中光電,66,3,63,富邦-竹東,2023-08-10,9625
2324,仁寶,98,35,63,富邦-竹東,2023-08-10,9625
3163,波若威,154,104,50,富邦-竹東,2023-08-10,9625
2610,華航,97,50,47,富邦-竹東,2023-08-10,9625
6282,康舒,82,39,43,富邦-竹東,2023-08-10,9625
00665L,富邦�琤肭磪囓�2,60,19,41,富邦-竹東,2023-08-10,9625
2363,矽統,92,52,40,富邦-竹東,2023-08-10,9625
3617,碩天,40,1,39,富邦-竹東,2023-08-10,9625
2208,台船,40,2,38,富邦-竹東,2023-08-10,9625
00931B,統一美債20年,36,1,35,富邦-竹東,2023-08-10,9625
00715L,期街口布蘭特正2,34,0,34,富邦-竹東,2023-08-10,9625
3231,緯創,72,41,31,富邦-竹東,2023-08-10,9625
4157,太景*-KY,30,0,30,富邦-竹東,2023-08-10,9625
2884,玉山金,34,6,28,富邦-竹東,2023-08-10,9625
1609,大亞,30,3,27,富邦-竹東,2023-08-10,9625
6770,力積電,26,0,26,富邦-竹東,2023-08-10,9625
8088,品安,25,0,25,富邦-竹東,2023-08-10,9625
00712,復華富時不動產,24,0,24,富邦-竹東,2023-08-10,9625
5351,鈺創,34,10,24,富邦-竹東,2023-08-10,9625
4906,正文,28,5,23,富邦-竹東,2023-08-10,9625
2356,英業達,84,62,22,富邦-竹東,2023-08-10,9625
3032,偉訓,31,9,22,富邦-竹東,2023-08-10,9625
2468,華經,24,2,22,富邦-竹東,2023-08-10,9625
3372,典範,20,0,20,富邦-竹東,2023-08-10,9625
00719B,元大美債1-3,20,0,20,富邦-竹東,2023-08-10,9625
5309,系統電,20,0,20,富邦-竹東,2023-08-10,9625
2515,中工,20,0,20,富邦-竹東,2023-08-10,9625
6470,宇智,23,3,20,富邦-竹東,2023-08-10,9625
2376,技嘉,23,4,19,富邦-竹東,2023-08-10,9625
3704,合勤控,22,3,19,富邦-竹東,2023-08-10,9625
00637L,元大滬深300正2,18,0,18,富邦-竹東,2023-08-10,9625
1514,亞力,21,3,18,富邦-竹東,2023-08-10,9625
2323,中環,16,0,16,富邦-竹東,2023-08-10,9625
1711,永光,16,0,16,富邦-竹東,2023-08-10,9625
2352,佳世達,19,4,15,富邦-竹東,2023-08-10,9625
3038,全台,15,0,15,富邦-竹東,2023-08-10,9625
3708,上緯投控,15,0,15,富邦-竹東,2023-08-10,9625
2801,彰銀,15,1,14,富邦-竹東,2023-08-10,9625
2382,廣達,51,37,14,富邦-竹東,2023-08-10,9625
2344,華邦電,13,0,13,富邦-竹東,2023-08-10,9625
3257,虹冠電,51,38,13,富邦-竹東,2023-08-10,9625
8937,合騏,13,0,13,富邦-竹東,2023-08-10,9625
2892,第一金,183,0,183,富邦-竹東,2023-08-11,9625
00900,富邦特選高股息30,94,23,71,富邦-竹東,2023-08-11,9625
4510,高鋒,70,0,70,富邦-竹東,2023-08-11,9625
00772B,中信高評級公司債,67,0,67,富邦-竹東,2023-08-11,9625
00929,復華台灣科技優息,59,0,59,富邦-竹東,2023-08-11,9625
00931B,統一美債20年,58,2,56,富邦-竹東,2023-08-11,9625
00632R,元大台灣50反1,60,5,55,富邦-竹東,2023-08-11,9625
00712,復華富時不動產,53,0,53,富邦-竹東,2023-08-11,9625
3481,群創,87,38,49,富邦-竹東,2023-08-11,9625
00878,國泰永續高股息,66,18,48,富邦-竹東,2023-08-11,9625
00680L,元大美債20正2,46,0,46,富邦-竹東,2023-08-11,9625
2618,長榮航,90,49,41,富邦-竹東,2023-08-11,9625
00688L,國泰20年美債正2,41,0,41,富邦-竹東,2023-08-11,9625
00795B,中信美國公債20年,40,0,40,富邦-竹東,2023-08-11,9625
2409,友達,38,3,35,富邦-竹東,2023-08-11,9625
00751B,元大AAA至A公司債,32,0,32,富邦-竹東,2023-08-11,9625
00673R,期元大S＆P原油反1,36,5,31,富邦-竹東,2023-08-11,9625
2867,三商壽,30,0,30,富邦-竹東,2023-08-11,9625
00637L,元大滬深300正2,36,8,28,富邦-竹東,2023-08-11,9625
3231,緯創,101,73,28,富邦-竹東,2023-08-11,9625
00679B,元大美債20年,25,1,24,富邦-竹東,2023-08-11,9625
2486,一詮,23,0,23,富邦-竹東,2023-08-11,9625
5880,合庫金,29,9,20,富邦-竹東,2023-08-11,9625
2356,英業達,90,70,20,富邦-竹東,2023-08-11,9625
2204,中華,20,0,20,富邦-竹東,2023-08-11,9625
2884,玉山金,20,2,18,富邦-竹東,2023-08-11,9625
00923,群益台ESG低碳50,17,0,17,富邦-竹東,2023-08-11,9625
2017,官田鋼,15,0,15,富邦-竹東,2023-08-11,9625
2913,農林,20,6,14,富邦-竹東,2023-08-11,9625
2891,中信金,21,7,14,富邦-竹東,2023-08-11,9625
2329,華泰,18,4,14,富邦-竹東,2023-08-11,9625
1802,台玻,23,9,14,富邦-竹東,2023-08-11,9625
00907,永豐優息存股,14,0,14,富邦-竹東,2023-08-11,9625
3260,威剛,14,1,13,富邦-竹東,2023-08-11,9625
6191,精成科,12,0,12,富邦-竹東,2023-08-11,9625
3227,原相,12,0,12,富邦-竹東,2023-08-11,9625
2317,鴻海,13,1,12,富邦-竹東,2023-08-11,9625
1609,大亞,29,18,11,富邦-竹東,2023-08-11,9625
3483,力致,14,3,11,富邦-竹東,2023-08-11,9625
5258,虹堡,11,0,11,富邦-竹東,2023-08-11,9625
6418,詠昇,13,2,11,富邦-竹東,2023-08-11,9625
2002,中鋼,12,2,10,富邦-竹東,2023-08-11,9625
8401,白紗科,10,0,10,富邦-竹東,2023-08-11,9625
2883B,凱基金乙特,10,0,10,富邦-竹東,2023-08-11,9625
6216,居易,10,0,10,富邦-竹東,2023-08-11,9625
5522,遠雄,10,0,10,富邦-竹東,2023-08-11,9625
3710,連展投控,10,0,10,富邦-竹東,2023-08-11,9625
1722,台肥,10,0,10,富邦-竹東,2023-08-11,9625
3432,台端,10,0,10,富邦-竹東,2023-08-11,9625
0056,元大高股息,13,4,9,富邦-竹東,2023-08-11,9625
00929,復華台灣科技優息,297,15,282,富邦-竹東,2023-08-14,9625
00900,富邦特選高股息30,301,22,279,富邦-竹東,2023-08-14,9625
00878,國泰永續高股息,341,190,151,富邦-竹東,2023-08-14,9625
00680L,元大美債20正2,90,0,90,富邦-竹東,2023-08-14,9625
2014,中鴻,82,0,82,富邦-竹東,2023-08-14,9625
2316,楠梓電,76,6,70,富邦-竹東,2023-08-14,9625
2885,元大金,67,0,67,富邦-竹東,2023-08-14,9625
00923,群益台ESG低碳50,66,0,66,富邦-竹東,2023-08-14,9625
00931B,統一美債20年,65,0,65,富邦-竹東,2023-08-14,9625
00712,復華富時不動產,50,0,50,富邦-竹東,2023-08-14,9625
2892,第一金,51,2,49,富邦-竹東,2023-08-14,9625
2610,華航,100,52,48,富邦-竹東,2023-08-14,9625
2834,臺企銀,47,0,47,富邦-竹東,2023-08-14,9625
2887,台新金,47,1,46,富邦-竹東,2023-08-14,9625
00772B,中信高評級公司債,46,1,45,富邦-竹東,2023-08-14,9625
2883,凱基金,44,0,44,富邦-竹東,2023-08-14,9625
8050,廣積,74,30,44,富邦-竹東,2023-08-14,9625
00692,富邦公司治理,40,0,40,富邦-竹東,2023-08-14,9625
00637L,元大滬深300正2,40,5,35,富邦-竹東,2023-08-14,9625
00919,群益台灣精選高息,34,0,34,富邦-竹東,2023-08-14,9625
2618,長榮航,42,10,32,富邦-竹東,2023-08-14,9625
2344,華邦電,50,18,32,富邦-竹東,2023-08-14,9625
2605,新興,31,1,30,富邦-竹東,2023-08-14,9625
2312,金寶,31,6,25,富邦-竹東,2023-08-14,9625
8401,白紗科,25,0,25,富邦-竹東,2023-08-14,9625
3105,穩懋,24,0,24,富邦-竹東,2023-08-14,9625
00753L,中信中國50正2,24,0,24,富邦-竹東,2023-08-14,9625
2812,台中銀,23,0,23,富邦-竹東,2023-08-14,9625
00907,永豐優息存股,21,0,21,富邦-竹東,2023-08-14,9625
6285,啟��,22,2,20,富邦-竹東,2023-08-14,9625
00688L,國泰20年美債正2,20,0,20,富邦-竹東,2023-08-14,9625
00665L,富邦�琤肭磪囓�2,20,0,20,富邦-竹東,2023-08-14,9625
2888,新光金,23,6,17,富邦-竹東,2023-08-14,9625
2402,毅嘉,18,2,16,富邦-竹東,2023-08-14,9625
2303,聯電,22,7,15,富邦-竹東,2023-08-14,9625
2206,三陽工業,16,1,15,富邦-竹東,2023-08-14,9625
5880,合庫金,16,1,15,富邦-竹東,2023-08-14,9625
4157,太景*-KY,16,1,15,富邦-竹東,2023-08-14,9625
8930,青鋼,15,0,15,富邦-竹東,2023-08-14,9625
2880,華南金,14,0,14,富邦-竹東,2023-08-14,9625
2913,農林,18,4,14,富邦-竹東,2023-08-14,9625
0050,元大台灣50,19,6,13,富邦-竹東,2023-08-14,9625
2208,台船,13,0,13,富邦-竹東,2023-08-14,9625
1514,亞力,14,1,13,富邦-竹東,2023-08-14,9625
3706,神達,40,27,13,富邦-竹東,2023-08-14,9625
8049,晶采,13,0,13,富邦-竹東,2023-08-14,9625
2323,中環,21,8,13,富邦-竹東,2023-08-14,9625
2363,矽統,123,110,13,富邦-竹東,2023-08-14,9625
2801,彰銀,12,0,12,富邦-竹東,2023-08-14,9625
2515,中工,13,1,12,富邦-竹東,2023-08-14,9625
00929,復華台灣科技優息,222,0,222,富邦-竹東,2023-08-15,9625
00923,群益台ESG低碳50,151,0,151,富邦-竹東,2023-08-15,9625
00900,富邦特選高股息30,163,54,109,富邦-竹東,2023-08-15,9625
2421,建準,101,17,84,富邦-竹東,2023-08-15,9625
2317,鴻海,86,8,78,富邦-竹東,2023-08-15,9625
00907,永豐優息存股,76,3,73,富邦-竹東,2023-08-15,9625
5880,合庫金,73,1,72,富邦-竹東,2023-08-15,9625
00878,國泰永續高股息,187,123,64,富邦-竹東,2023-08-15,9625
2834,臺企銀,56,0,56,富邦-竹東,2023-08-15,9625
00680L,元大美債20正2,46,0,46,富邦-竹東,2023-08-15,9625
00772B,中信高評級公司債,44,0,44,富邦-竹東,2023-08-15,9625
2363,矽統,106,63,43,富邦-竹東,2023-08-15,9625
00919,群益台灣精選高息,50,12,38,富邦-竹東,2023-08-15,9625
6170,統振,40,10,30,富邦-竹東,2023-08-15,9625
2891,中信金,26,1,25,富邦-竹東,2023-08-15,9625
2892,第一金,24,0,24,富邦-竹東,2023-08-15,9625
6257,矽格,22,1,21,富邦-竹東,2023-08-15,9625
6732,昇佳電子,20,1,19,富邦-竹東,2023-08-15,9625
2887,台新金,20,1,19,富邦-竹東,2023-08-15,9625
6285,啟��,20,1,19,富邦-竹東,2023-08-15,9625
3706,神達,72,54,18,富邦-竹東,2023-08-15,9625
2362,藍天,18,0,18,富邦-竹東,2023-08-15,9625
3013,晟銘電,23,6,17,富邦-竹東,2023-08-15,9625
5011,久陽,16,0,16,富邦-竹東,2023-08-15,9625
00885,富邦越南,13,0,13,富邦-竹東,2023-08-15,9625
4533,協易機,13,0,13,富邦-竹東,2023-08-15,9625
2888,新光金,13,1,12,富邦-竹東,2023-08-15,9625
1301,台塑,12,0,12,富邦-竹東,2023-08-15,9625
1102,亞泥,12,0,12,富邦-竹東,2023-08-15,9625
2886,兆豐金,20,8,12,富邦-竹東,2023-08-15,9625
2884,玉山金,12,0,12,富邦-竹東,2023-08-15,9625
5871,中租-KY,14,3,11,富邦-竹東,2023-08-15,9625
2356,英業達,44,33,11,富邦-竹東,2023-08-15,9625
2609,陽明,20,9,11,富邦-竹東,2023-08-15,9625
3622,洋華,39,28,11,富邦-竹東,2023-08-15,9625
3162,精確,11,0,11,富邦-竹東,2023-08-15,9625
2002,中鋼,11,0,11,富邦-竹東,2023-08-15,9625
00688L,國泰20年美債正2,11,0,11,富邦-竹東,2023-08-15,9625
00751B,元大AAA至A公司債,10,0,10,富邦-竹東,2023-08-15,9625
2880,華南金,10,0,10,富邦-竹東,2023-08-15,9625
3045,台灣大,10,0,10,富邦-竹東,2023-08-15,9625
2883,凱基金,10,0,10,富邦-竹東,2023-08-15,9625
2313,華通,11,1,10,富邦-竹東,2023-08-15,9625
2458,義隆,12,2,10,富邦-竹東,2023-08-15,9625
8421,旭源,10,0,10,富邦-竹東,2023-08-15,9625
3521,鴻翊,10,0,10,富邦-竹東,2023-08-15,9625
00706L,期元大S＆P日圓正2,10,0,10,富邦-竹東,2023-08-15,9625
2606,裕民,10,0,10,富邦-竹東,2023-08-15,9625
4942,嘉彰,10,0,10,富邦-竹東,2023-08-15,9625
9934,成霖,10,0,10,富邦-竹東,2023-08-15,9625
00929,復華台灣科技優息,407,10,397,富邦-竹東,2023-08-16,9625
00931B,統一美債20年,161,0,161,富邦-竹東,2023-08-16,9625
00923,群益台ESG低碳50,94,0,94,富邦-竹東,2023-08-16,9625
00772B,中信高評級公司債,96,2,94,富邦-竹東,2023-08-16,9625
2363,矽統,111,27,84,富邦-竹東,2023-08-16,9625
2303,聯電,74,8,66,富邦-竹東,2023-08-16,9625
5371,中光電,52,1,51,富邦-竹東,2023-08-16,9625
2340,台亞,61,11,50,富邦-竹東,2023-08-16,9625
00680L,元大美債20正2,50,0,50,富邦-竹東,2023-08-16,9625
00900,富邦特選高股息30,66,17,49,富邦-竹東,2023-08-16,9625
8210,勤誠,64,15,49,富邦-竹東,2023-08-16,9625
1101,台泥,48,0,48,富邦-竹東,2023-08-16,9625
2834,臺企銀,58,11,47,富邦-竹東,2023-08-16,9625
2344,華邦電,43,0,43,富邦-竹東,2023-08-16,9625
00764B,群益25年美債,35,0,35,富邦-竹東,2023-08-16,9625
2892,第一金,46,12,34,富邦-竹東,2023-08-16,9625
3706,神達,41,8,33,富邦-竹東,2023-08-16,9625
3149,正達,30,0,30,富邦-竹東,2023-08-16,9625
2883,凱基金,50,21,29,富邦-竹東,2023-08-16,9625
00907,永豐優息存股,29,0,29,富邦-竹東,2023-08-16,9625
5258,虹堡,32,4,28,富邦-竹東,2023-08-16,9625
1802,台玻,26,1,25,富邦-竹東,2023-08-16,9625
1312,國喬,24,0,24,富邦-竹東,2023-08-16,9625
6282,康舒,23,1,22,富邦-竹東,2023-08-16,9625
00878,國泰永續高股息,145,123,22,富邦-竹東,2023-08-16,9625
00922,國泰台灣領袖50,21,0,21,富邦-竹東,2023-08-16,9625
2014,中鴻,23,2,21,富邦-竹東,2023-08-16,9625
3515,華擎,20,0,20,富邦-竹東,2023-08-16,9625
6767,台微醫,20,0,20,富邦-竹東,2023-08-16,9625
2881,富邦金,20,0,20,富邦-竹東,2023-08-16,9625
2609,陽明,29,10,19,富邦-竹東,2023-08-16,9625
00795B,中信美國公債20年,19,0,19,富邦-竹東,2023-08-16,9625
2201,裕隆,23,4,19,富邦-竹東,2023-08-16,9625
2887,台新金,28,10,18,富邦-竹東,2023-08-16,9625
4533,協易機,17,0,17,富邦-竹東,2023-08-16,9625
6274,台燿,28,11,17,富邦-竹東,2023-08-16,9625
2890,永豐金,21,4,17,富邦-竹東,2023-08-16,9625
00720B,元大投資級公司債,16,0,16,富邦-竹東,2023-08-16,9625
00882,中信中國高股息,16,0,16,富邦-竹東,2023-08-16,9625
9950,萬國通,16,0,16,富邦-竹東,2023-08-16,9625
2884,玉山金,16,0,16,富邦-竹東,2023-08-16,9625
2888,新光金,15,0,15,富邦-竹東,2023-08-16,9625
2891,中信金,24,10,14,富邦-竹東,2023-08-16,9625
1326,台化,14,0,14,富邦-竹東,2023-08-16,9625
2913,農林,14,0,14,富邦-竹東,2023-08-16,9625
2330,台積電,18,4,14,富邦-竹東,2023-08-16,9625
00902,中信電池及儲能,15,2,13,富邦-竹東,2023-08-16,9625
1504,東元,15,2,13,富邦-竹東,2023-08-16,9625
6188,廣明,31,18,13,富邦-竹東,2023-08-16,9625
2610,華航,53,40,13,富邦-竹東,2023-08-16,9625
00680L,元大美債20正2,214,0,214,富邦-竹東,2023-08-17,9625
2344,華邦電,108,2,106,富邦-竹東,2023-08-17,9625
3231,緯創,218,131,87,富邦-竹東,2023-08-17,9625
00772B,中信高評級公司債,65,0,65,富邦-竹東,2023-08-17,9625
2888,新光金,64,4,60,富邦-竹東,2023-08-17,9625
2886,兆豐金,54,0,54,富邦-竹東,2023-08-17,9625
2610,華航,93,47,46,富邦-竹東,2023-08-17,9625
1402,遠東新,45,0,45,富邦-竹東,2023-08-17,9625
00712,復華富時不動產,52,10,42,富邦-竹東,2023-08-17,9625
00878,國泰永續高股息,81,43,38,富邦-竹東,2023-08-17,9625
2891,中信金,37,0,37,富邦-竹東,2023-08-17,9625
2002,中鋼,34,1,33,富邦-竹東,2023-08-17,9625
2356,英業達,119,87,32,富邦-竹東,2023-08-17,9625
2303,聯電,46,15,31,富邦-竹東,2023-08-17,9625
00688L,國泰20年美債正2,31,0,31,富邦-竹東,2023-08-17,9625
3515,華擎,38,8,30,富邦-竹東,2023-08-17,9625
00931B,統一美債20年,28,4,24,富邦-竹東,2023-08-17,9625
6125,廣運,50,26,24,富邦-竹東,2023-08-17,9625
00907,永豐優息存股,23,1,22,富邦-竹東,2023-08-17,9625
3003,健和興,21,0,21,富邦-竹東,2023-08-17,9625
4171,瑞基,20,0,20,富邦-竹東,2023-08-17,9625
9927,泰銘,20,0,20,富邦-竹東,2023-08-17,9625
00882,中信中國高股息,24,5,19,富邦-竹東,2023-08-17,9625
00720B,元大投資級公司債,20,1,19,富邦-竹東,2023-08-17,9625
2464,盟立,19,0,19,富邦-竹東,2023-08-17,9625
2618,長榮航,24,5,19,富邦-竹東,2023-08-17,9625
2388,威盛,26,8,18,富邦-竹東,2023-08-17,9625
3044,健鼎,23,6,17,富邦-竹東,2023-08-17,9625
1109,信大,16,0,16,富邦-竹東,2023-08-17,9625
6116,彩晶,16,0,16,富邦-竹東,2023-08-17,9625
2606,裕民,29,14,15,富邦-竹東,2023-08-17,9625
2312,金寶,75,60,15,富邦-竹東,2023-08-17,9625
9945,潤泰新,20,6,14,富邦-竹東,2023-08-17,9625
8050,廣積,23,9,14,富邦-竹東,2023-08-17,9625
00687B,國泰20年美債,13,0,13,富邦-竹東,2023-08-17,9625
1815,富喬,13,1,12,富邦-竹東,2023-08-17,9625
3105,穩懋,12,0,12,富邦-竹東,2023-08-17,9625
00637L,元大滬深300正2,14,2,12,富邦-竹東,2023-08-17,9625
6472,保瑞,16,4,12,富邦-竹東,2023-08-17,9625
00913,兆豐台灣晶圓製造,12,0,12,富邦-竹東,2023-08-17,9625
2884,玉山金,12,0,12,富邦-竹東,2023-08-17,9625
2880,華南金,11,0,11,富邦-竹東,2023-08-17,9625
2892,第一金,11,0,11,富邦-竹東,2023-08-17,9625
2382,廣達,63,52,11,富邦-竹東,2023-08-17,9625
6266,泰詠,14,3,11,富邦-竹東,2023-08-17,9625
00679B,元大美債20年,13,3,10,富邦-竹東,2023-08-17,9625
2399,映泰,12,2,10,富邦-竹東,2023-08-17,9625
1304,台聚,10,0,10,富邦-竹東,2023-08-17,9625
6213,聯茂,15,5,10,富邦-竹東,2023-08-17,9625
2634,漢翔,15,5,10,富邦-竹東,2023-08-17,9625
00913,兆豐台灣晶圓製造,480,0,480,富邦-竹東,2023-08-18,9625
2409,友達,165,0,165,富邦-竹東,2023-08-18,9625
3231,緯創,166,62,104,富邦-竹東,2023-08-18,9625
2312,金寶,111,18,93,富邦-竹東,2023-08-18,9625
3163,波若威,106,18,88,富邦-竹東,2023-08-18,9625
2324,仁寶,161,91,70,富邦-竹東,2023-08-18,9625
00712,復華富時不動產,87,27,60,富邦-竹東,2023-08-18,9625
1904,正隆,43,0,43,富邦-竹東,2023-08-18,9625
2332,友訊,56,15,41,富邦-竹東,2023-08-18,9625
2887,台新金,39,2,37,富邦-竹東,2023-08-18,9625
00923,群益台ESG低碳50,35,0,35,富邦-竹東,2023-08-18,9625
5864,致和證,33,0,33,富邦-竹東,2023-08-18,9625
00900,富邦特選高股息30,43,12,31,富邦-竹東,2023-08-18,9625
2363,矽統,222,190,32,富邦-竹東,2023-08-18,9625
00919,群益台灣精選高息,35,5,30,富邦-竹東,2023-08-18,9625
1101,台泥,34,4,30,富邦-竹東,2023-08-18,9625
2329,華泰,139,110,29,富邦-竹東,2023-08-18,9625
2618,長榮航,69,42,27,富邦-竹東,2023-08-18,9625
2610,華航,32,6,26,富邦-竹東,2023-08-18,9625
2382,廣達,72,46,26,富邦-竹東,2023-08-18,9625
00878,國泰永續高股息,87,62,25,富邦-竹東,2023-08-18,9625
1605,華新,28,7,21,富邦-竹東,2023-08-18,9625
8011,台通,20,0,20,富邦-竹東,2023-08-18,9625
2206,三陽工業,21,1,20,富邦-竹東,2023-08-18,9625
4739,康普,20,0,20,富邦-竹東,2023-08-18,9625
5009,榮剛,22,3,19,富邦-竹東,2023-08-18,9625
0056,元大高股息,30,12,18,富邦-竹東,2023-08-18,9625
1301,台塑,17,0,17,富邦-竹東,2023-08-18,9625
2913,農林,28,12,16,富邦-竹東,2023-08-18,9625
2449,京元電子,16,0,16,富邦-竹東,2023-08-18,9625
6282,康舒,30,15,15,富邦-竹東,2023-08-18,9625
3078,僑威,39,24,15,富邦-竹東,2023-08-18,9625
2349,錸德,15,0,15,富邦-竹東,2023-08-18,9625
00891,中信關鍵半導體,15,0,15,富邦-竹東,2023-08-18,9625
2460,建通,19,5,14,富邦-竹東,2023-08-18,9625
2495,普安,16,2,14,富邦-竹東,2023-08-18,9625
00751B,元大AAA至A公司債,13,0,13,富邦-竹東,2023-08-18,9625
3051,力特,30,17,13,富邦-竹東,2023-08-18,9625
8112,至上,13,0,13,富邦-竹東,2023-08-18,9625
2834,臺企銀,13,0,13,富邦-竹東,2023-08-18,9625
2027,大成鋼,12,0,12,富邦-竹東,2023-08-18,9625
8105,凌巨,12,0,12,富邦-竹東,2023-08-18,9625
1109,信大,12,0,12,富邦-竹東,2023-08-18,9625
6275,元山,12,0,12,富邦-竹東,2023-08-18,9625
3290,東浦,12,0,12,富邦-竹東,2023-08-18,9625
2303,聯電,27,15,12,富邦-竹東,2023-08-18,9625
2603,長榮,39,28,11,富邦-竹東,2023-08-18,9625
006208,富邦台50,11,0,11,富邦-竹東,2023-08-18,9625
2883,凱基金,17,6,11,富邦-竹東,2023-08-18,9625
3035,智原,28,17,11,富邦-竹東,2023-08-18,9625
00929,復華台灣科技優息,161,1,160,富邦-竹東,2023-08-21,9625
00680L,元大美債20正2,151,1,150,富邦-竹東,2023-08-21,9625
2329,華泰,141,61,80,富邦-竹東,2023-08-21,9625
2363,矽統,173,108,65,富邦-竹東,2023-08-21,9625
2891,中信金,64,12,52,富邦-竹東,2023-08-21,9625
00669R,國泰美國道瓊反1,50,0,50,富邦-竹東,2023-08-21,9625
00671R,富邦NASDAQ反1,50,5,45,富邦-竹東,2023-08-21,9625
2421,建準,68,23,45,富邦-竹東,2023-08-21,9625
00632R,元大台灣50反1,50,11,39,富邦-竹東,2023-08-21,9625
00679B,元大美債20年,39,1,38,富邦-竹東,2023-08-21,9625
8050,廣積,102,65,37,富邦-竹東,2023-08-21,9625
2884,玉山金,36,0,36,富邦-竹東,2023-08-21,9625
2324,仁寶,57,22,35,富邦-竹東,2023-08-21,9625
3706,神達,55,20,35,富邦-竹東,2023-08-21,9625
2812,台中銀,35,0,35,富邦-竹東,2023-08-21,9625
3483,力致,42,9,33,富邦-竹東,2023-08-21,9625
2382,廣達,59,27,32,富邦-竹東,2023-08-21,9625
6108,競國,31,1,30,富邦-竹東,2023-08-21,9625
2449,京元電子,33,3,30,富邦-竹東,2023-08-21,9625
6139,亞翔,47,20,27,富邦-竹東,2023-08-21,9625
1513,中興電,29,4,25,富邦-竹東,2023-08-21,9625
6147,頎邦,25,1,24,富邦-竹東,2023-08-21,9625
2464,盟立,22,1,21,富邦-竹東,2023-08-21,9625
00923,群益台ESG低碳50,19,0,19,富邦-竹東,2023-08-21,9625
00753L,中信中國50正2,17,0,17,富邦-竹東,2023-08-21,9625
2890,永豐金,17,0,17,富邦-竹東,2023-08-21,9625
4904,遠傳,16,0,16,富邦-竹東,2023-08-21,9625
2610,華航,31,15,16,富邦-竹東,2023-08-21,9625
00900,富邦特選高股息30,38,23,15,富邦-竹東,2023-08-21,9625
00673R,期元大S＆P原油反1,15,0,15,富邦-竹東,2023-08-21,9625
2208,台船,15,0,15,富邦-竹東,2023-08-21,9625
00772B,中信高評級公司債,14,0,14,富邦-竹東,2023-08-21,9625
1101,台泥,16,2,14,富邦-竹東,2023-08-21,9625
2892,第一金,14,0,14,富邦-竹東,2023-08-21,9625
4543,萬在,15,2,13,富邦-竹東,2023-08-21,9625
5347,世界,13,1,12,富邦-竹東,2023-08-21,9625
00919,群益台灣精選高息,13,1,12,富邦-竹東,2023-08-21,9625
3363,上詮,13,1,12,富邦-竹東,2023-08-21,9625
1303,南亞,12,0,12,富邦-竹東,2023-08-21,9625
5608,四維航,48,36,12,富邦-竹東,2023-08-21,9625
2883,凱基金,27,15,12,富邦-竹東,2023-08-21,9625
00687B,國泰20年美債,11,0,11,富邦-竹東,2023-08-21,9625
3051,力特,15,4,11,富邦-竹東,2023-08-21,9625
5880,合庫金,11,0,11,富邦-竹東,2023-08-21,9625
2888,新光金,10,0,10,富邦-竹東,2023-08-21,9625
1109,信大,10,0,10,富邦-竹東,2023-08-21,9625
8421,旭源,10,0,10,富邦-竹東,2023-08-21,9625
00764B,群益25年美債,10,0,10,富邦-竹東,2023-08-21,9625
8358,金居,22,12,10,富邦-竹東,2023-08-21,9625
6248,沛波,10,0,10,富邦-竹東,2023-08-21,9625
2409,友達,70,0,70,富邦-竹東,2023-08-22,9625
4906,正文,85,20,65,富邦-竹東,2023-08-22,9625
6116,彩晶,54,1,53,富邦-竹東,2023-08-22,9625
00680L,元大美債20正2,100,51,49,富邦-竹東,2023-08-22,9625
00637L,元大滬深300正2,51,3,48,富邦-竹東,2023-08-22,9625
00772B,中信高評級公司債,43,1,42,富邦-竹東,2023-08-22,9625
2002,中鋼,66,24,42,富邦-竹東,2023-08-22,9625
5011,久陽,40,0,40,富邦-竹東,2023-08-22,9625
00929,復華台灣科技優息,51,13,38,富邦-竹東,2023-08-22,9625
2363,矽統,211,175,36,富邦-竹東,2023-08-22,9625
2356,英業達,61,27,34,富邦-竹東,2023-08-22,9625
1609,大亞,38,6,32,富邦-竹東,2023-08-22,9625
1101,台泥,31,0,31,富邦-竹東,2023-08-22,9625
6125,廣運,45,20,25,富邦-竹東,2023-08-22,9625
00712,復華富時不動產,32,10,22,富邦-竹東,2023-08-22,9625
2892,第一金,20,0,20,富邦-竹東,2023-08-22,9625
00795B,中信美國公債20年,20,0,20,富邦-竹東,2023-08-22,9625
1444,力麗,20,0,20,富邦-竹東,2023-08-22,9625
2884,玉山金,17,0,17,富邦-竹東,2023-08-22,9625
2883,凱基金,23,6,17,富邦-竹東,2023-08-22,9625
6122,擎邦,20,4,16,富邦-竹東,2023-08-22,9625
2329,華泰,65,49,16,富邦-竹東,2023-08-22,9625
8210,勤誠,43,27,16,富邦-竹東,2023-08-22,9625
2353,宏��,23,8,15,富邦-竹東,2023-08-22,9625
3308,聯德,15,0,15,富邦-竹東,2023-08-22,9625
2891,中信金,14,0,14,富邦-竹東,2023-08-22,9625
1326,台化,14,0,14,富邦-竹東,2023-08-22,9625
6770,力積電,17,3,14,富邦-竹東,2023-08-22,9625
6285,啟��,15,2,13,富邦-竹東,2023-08-22,9625
3257,虹冠電,16,3,13,富邦-竹東,2023-08-22,9625
3062,建漢,20,7,13,富邦-竹東,2023-08-22,9625
2886,兆豐金,12,0,12,富邦-竹東,2023-08-22,9625
00679B,元大美債20年,12,0,12,富邦-竹東,2023-08-22,9625
2405,輔信,12,0,12,富邦-竹東,2023-08-22,9625
3324,雙鴻,13,1,12,富邦-竹東,2023-08-22,9625
00900,富邦特選高股息30,50,38,12,富邦-竹東,2023-08-22,9625
1471,首利,23,11,12,富邦-竹東,2023-08-22,9625
1301,台塑,11,0,11,富邦-竹東,2023-08-22,9625
2888,新光金,12,1,11,富邦-竹東,2023-08-22,9625
6117,迎廣,11,0,11,富邦-竹東,2023-08-22,9625
4123,晟德,10,0,10,富邦-竹東,2023-08-22,9625
00877,復華中國5G,10,0,10,富邦-竹東,2023-08-22,9625
6248,沛波,10,0,10,富邦-竹東,2023-08-22,9625
1515,力山,10,0,10,富邦-竹東,2023-08-22,9625
5009,榮剛,10,0,10,富邦-竹東,2023-08-22,9625
3490,單井,10,0,10,富邦-竹東,2023-08-22,9625
4167,松瑞藥,10,0,10,富邦-竹東,2023-08-22,9625
2332,友訊,56,47,9,富邦-竹東,2023-08-22,9625
6147,頎邦,17,8,9,富邦-竹東,2023-08-22,9625
2359,所羅門,10,1,9,富邦-竹東,2023-08-22,9625
00929,復華台灣科技優息,203,77,126,富邦-竹東,2023-08-23,9625
00632R,元大台灣50反1,79,20,59,富邦-竹東,2023-08-23,9625
2618,長榮航,71,16,55,富邦-竹東,2023-08-23,9625
2312,金寶,45,9,36,富邦-竹東,2023-08-23,9625
1444,力麗,36,0,36,富邦-竹東,2023-08-23,9625
2329,華泰,56,21,35,富邦-竹東,2023-08-23,9625
1618,合機,32,0,32,富邦-竹東,2023-08-23,9625
4938,和碩,36,9,27,富邦-竹東,2023-08-23,9625
3257,虹冠電,26,0,26,富邦-竹東,2023-08-23,9625
2349,錸德,25,0,25,富邦-竹東,2023-08-23,9625
2324,仁寶,37,12,25,富邦-竹東,2023-08-23,9625
3013,晟銘電,157,133,24,富邦-竹東,2023-08-23,9625
3163,波若威,40,19,21,富邦-竹東,2023-08-23,9625
2883,凱基金,27,6,21,富邦-竹東,2023-08-23,9625
2002,中鋼,20,0,20,富邦-竹東,2023-08-23,9625
6191,精成科,21,1,20,富邦-竹東,2023-08-23,9625
8093,保銳,19,0,19,富邦-竹東,2023-08-23,9625
3071,協禧,70,52,18,富邦-竹東,2023-08-23,9625
3693,營邦,18,1,17,富邦-竹東,2023-08-23,9625
6257,矽格,28,11,17,富邦-竹東,2023-08-23,9625
2303,聯電,22,7,15,富邦-竹東,2023-08-23,9625
2605,新興,19,5,14,富邦-竹東,2023-08-23,9625
3705,永信,14,0,14,富邦-竹東,2023-08-23,9625
2355,敬鵬,24,10,14,富邦-竹東,2023-08-23,9625
2316,楠梓電,14,0,14,富邦-竹東,2023-08-23,9625
5371,中光電,18,4,14,富邦-竹東,2023-08-23,9625
2630,亞航,15,1,14,富邦-竹東,2023-08-23,9625
3706,神達,22,9,13,富邦-竹東,2023-08-23,9625
3704,合勤控,14,1,13,富邦-竹東,2023-08-23,9625
2382,廣達,38,25,13,富邦-竹東,2023-08-23,9625
3044,健鼎,15,3,12,富邦-竹東,2023-08-23,9625
6116,彩晶,12,0,12,富邦-竹東,2023-08-23,9625
5880,合庫金,11,0,11,富邦-竹東,2023-08-23,9625
6415,矽力*-KY,11,0,11,富邦-竹東,2023-08-23,9625
2353,宏��,24,13,11,富邦-竹東,2023-08-23,9625
3380,明泰,13,2,11,富邦-竹東,2023-08-23,9625
00633L,富邦上証正2,10,0,10,富邦-竹東,2023-08-23,9625
2332,友訊,28,18,10,富邦-竹東,2023-08-23,9625
2387,精元,10,0,10,富邦-竹東,2023-08-23,9625
00923,群益台ESG低碳50,10,0,10,富邦-竹東,2023-08-23,9625
5328,華容,10,0,10,富邦-竹東,2023-08-23,9625
2617,台航,10,0,10,富邦-竹東,2023-08-23,9625
3056,富華新,13,4,9,富邦-竹東,2023-08-23,9625
5347,世界,10,1,9,富邦-竹東,2023-08-23,9625
3042,晶技,11,2,9,富邦-竹東,2023-08-23,9625
9103,美德醫療-DR,9,0,9,富邦-竹東,2023-08-23,9625
6167,久正,11,2,9,富邦-竹東,2023-08-23,9625
00882,中信中國高股息,12,4,8,富邦-竹東,2023-08-23,9625
3617,碩天,12,4,8,富邦-竹東,2023-08-23,9625
2606,裕民,8,0,8,富邦-竹東,2023-08-23,9625
00919,群益台灣精選高息,197,40,157,富邦-竹東,2023-08-24,9625
00715L,期街口布蘭特正2,112,0,112,富邦-竹東,2023-08-24,9625
2363,矽統,372,265,107,富邦-竹東,2023-08-24,9625
00712,復華富時不動產,243,140,103,富邦-竹東,2023-08-24,9625
2610,華航,115,28,87,富邦-竹東,2023-08-24,9625
00929,復華台灣科技優息,150,71,79,富邦-竹東,2023-08-24,9625
3021,鴻名,82,7,75,富邦-竹東,2023-08-24,9625
00665L,富邦�琤肭磪囓�2,90,20,70,富邦-竹東,2023-08-24,9625
2353,宏��,76,17,59,富邦-竹東,2023-08-24,9625
2399,映泰,61,12,49,富邦-竹東,2023-08-24,9625
4157,太景*-KY,48,0,48,富邦-竹東,2023-08-24,9625
3227,原相,47,7,40,富邦-竹東,2023-08-24,9625
5243,乙盛-KY,38,0,38,富邦-竹東,2023-08-24,9625
3013,晟銘電,78,43,35,富邦-竹東,2023-08-24,9625
2883,凱基金,43,11,32,富邦-竹東,2023-08-24,9625
3706,神達,56,25,31,富邦-竹東,2023-08-24,9625
00664R,國泰臺灣加權反1,30,0,30,富邦-竹東,2023-08-24,9625
4543,萬在,40,13,27,富邦-竹東,2023-08-24,9625
00923,群益台ESG低碳50,27,2,25,富邦-竹東,2023-08-24,9625
2324,仁寶,52,31,21,富邦-竹東,2023-08-24,9625
2913,農林,22,2,20,富邦-竹東,2023-08-24,9625
2409,友達,22,3,19,富邦-竹東,2023-08-24,9625
2356,英業達,91,72,19,富邦-竹東,2023-08-24,9625
2462,良得電,20,2,18,富邦-竹東,2023-08-24,9625
2884,玉山金,19,2,17,富邦-竹東,2023-08-24,9625
3715,定穎投控,66,49,17,富邦-竹東,2023-08-24,9625
3035,智原,43,27,16,富邦-竹東,2023-08-24,9625
2344,華邦電,25,9,16,富邦-竹東,2023-08-24,9625
00720B,元大投資級公司債,16,1,15,富邦-竹東,2023-08-24,9625
00673R,期元大S＆P原油反1,15,0,15,富邦-竹東,2023-08-24,9625
00687B,國泰20年美債,15,0,15,富邦-竹東,2023-08-24,9625
00751B,元大AAA至A公司債,15,0,15,富邦-竹東,2023-08-24,9625
6213,聯茂,16,1,15,富邦-竹東,2023-08-24,9625
2405,輔信,14,1,13,富邦-竹東,2023-08-24,9625
3032,偉訓,13,1,12,富邦-竹東,2023-08-24,9625
1722,台肥,23,11,12,富邦-竹東,2023-08-24,9625
6188,廣明,13,1,12,富邦-竹東,2023-08-24,9625
2890,永豐金,12,0,12,富邦-竹東,2023-08-24,9625
2355,敬鵬,16,5,11,富邦-竹東,2023-08-24,9625
2834,臺企銀,22,11,11,富邦-竹東,2023-08-24,9625
1301,台塑,10,0,10,富邦-竹東,2023-08-24,9625
2204,中華,10,0,10,富邦-竹東,2023-08-24,9625
2867,三商壽,10,0,10,富邦-竹東,2023-08-24,9625
6198,瑞築,10,0,10,富邦-竹東,2023-08-24,9625
2419,仲琦,36,26,10,富邦-竹東,2023-08-24,9625
1444,力麗,10,0,10,富邦-竹東,2023-08-24,9625
2630,亞航,16,6,10,富邦-竹東,2023-08-24,9625
8069,元太,10,1,9,富邦-竹東,2023-08-24,9625
3038,全台,9,0,9,富邦-竹東,2023-08-24,9625
6579,研揚,11,2,9,富邦-竹東,2023-08-24,9625
00878,國泰永續高股息,289,9,280,富邦-竹東,2023-08-25,9625
3231,緯創,273,63,210,富邦-竹東,2023-08-25,9625
2610,華航,264,75,189,富邦-竹東,2023-08-25,9625
00919,群益台灣精選高息,139,53,86,富邦-竹東,2023-08-25,9625
00671R,富邦NASDAQ反1,86,0,86,富邦-竹東,2023-08-25,9625
00929,復華台灣科技優息,111,58,53,富邦-竹東,2023-08-25,9625
2883,凱基金,53,2,51,富邦-竹東,2023-08-25,9625
2382,廣達,88,37,51,富邦-竹東,2023-08-25,9625
2409,友達,52,5,47,富邦-竹東,2023-08-25,9625
00900,富邦特選高股息30,56,14,42,富邦-竹東,2023-08-25,9625
3163,波若威,106,65,41,富邦-竹東,2023-08-25,9625
2634,漢翔,96,60,36,富邦-竹東,2023-08-25,9625
2891,中信金,36,1,35,富邦-竹東,2023-08-25,9625
2884,玉山金,32,0,32,富邦-竹東,2023-08-25,9625
2834,臺企銀,31,0,31,富邦-竹東,2023-08-25,9625
6167,久正,40,10,30,富邦-竹東,2023-08-25,9625
3234,光環,29,3,26,富邦-竹東,2023-08-25,9625
00923,群益台ESG低碳50,21,0,21,富邦-竹東,2023-08-25,9625
2301,光寶科,33,12,21,富邦-竹東,2023-08-25,9625
8033,雷虎,24,3,21,富邦-竹東,2023-08-25,9625
4541,晟田,29,9,20,富邦-竹東,2023-08-25,9625
2330,台積電,20,1,19,富邦-竹東,2023-08-25,9625
3706,神達,38,19,19,富邦-竹東,2023-08-25,9625
2002,中鋼,27,9,18,富邦-竹東,2023-08-25,9625
2363,矽統,293,275,18,富邦-竹東,2023-08-25,9625
3051,力特,17,0,17,富邦-竹東,2023-08-25,9625
5371,中光電,17,1,16,富邦-竹東,2023-08-25,9625
5009,榮剛,16,0,16,富邦-竹東,2023-08-25,9625
9945,潤泰新,16,0,16,富邦-竹東,2023-08-25,9625
6122,擎邦,19,4,15,富邦-竹東,2023-08-25,9625
6494,九齊,15,0,15,富邦-竹東,2023-08-25,9625
2303,聯電,26,12,14,富邦-竹東,2023-08-25,9625
3363,上詮,22,8,14,富邦-竹東,2023-08-25,9625
9904,寶成,14,0,14,富邦-竹東,2023-08-25,9625
2618,長榮航,27,14,13,富邦-竹東,2023-08-25,9625
9924,福興,13,0,13,富邦-竹東,2023-08-25,9625
6168,宏齊,26,14,12,富邦-竹東,2023-08-25,9625
1229,聯華,12,0,12,富邦-竹東,2023-08-25,9625
2345,智邦,15,4,11,富邦-竹東,2023-08-25,9625
8222,寶一,65,54,11,富邦-竹東,2023-08-25,9625
00648R,元大S＆P500反1,11,0,11,富邦-竹東,2023-08-25,9625
00895,富邦未來車,11,0,11,富邦-竹東,2023-08-25,9625
0056,元大高股息,35,25,10,富邦-竹東,2023-08-25,9625
3024,憶聲,10,0,10,富邦-竹東,2023-08-25,9625
2460,建通,13,3,10,富邦-竹東,2023-08-25,9625
2457,飛宏,11,1,10,富邦-竹東,2023-08-25,9625
5381,合正,11,1,10,富邦-竹東,2023-08-25,9625
3059,華晶科,10,0,10,富邦-竹東,2023-08-25,9625
2425,承啟,9,0,9,富邦-竹東,2023-08-25,9625
3046,建��,20,11,9,富邦-竹東,2023-08-25,9625
00929,復華台灣科技優息,212,73,139,富邦-竹東,2023-08-28,9625
2888,新光金,125,4,121,富邦-竹東,2023-08-28,9625
1584,精剛,111,6,105,富邦-竹東,2023-08-28,9625
4906,正文,142,58,84,富邦-竹東,2023-08-28,9625
00712,復華富時不動產,71,5,66,富邦-竹東,2023-08-28,9625
2388,威盛,77,29,48,富邦-竹東,2023-08-28,9625
00878,國泰永續高股息,218,171,47,富邦-竹東,2023-08-28,9625
2312,金寶,49,4,45,富邦-竹東,2023-08-28,9625
5864,致和證,40,0,40,富邦-竹東,2023-08-28,9625
2369,菱生,42,3,39,富邦-竹東,2023-08-28,9625
8926,台汽電,39,0,39,富邦-竹東,2023-08-28,9625
2485,兆赫,54,17,37,富邦-竹東,2023-08-28,9625
9925,新保,30,0,30,富邦-竹東,2023-08-28,9625
4960,誠美材,30,0,30,富邦-竹東,2023-08-28,9625
9105,泰金寶-DR,30,0,30,富邦-竹東,2023-08-28,9625
3231,緯創,134,106,28,富邦-竹東,2023-08-28,9625
8033,雷虎,42,16,26,富邦-竹東,2023-08-28,9625
4916,事欣科,32,8,24,富邦-竹東,2023-08-28,9625
00706L,期元大S＆P日圓正2,23,0,23,富邦-竹東,2023-08-28,9625
6167,久正,23,0,23,富邦-竹東,2023-08-28,9625
3163,波若威,57,36,21,富邦-竹東,2023-08-28,9625
3705,永信,20,0,20,富邦-竹東,2023-08-28,9625
2645,長榮航太,31,11,20,富邦-竹東,2023-08-28,9625
2618,長榮航,26,6,20,富邦-竹東,2023-08-28,9625
00673R,期元大S＆P原油反1,20,0,20,富邦-竹東,2023-08-28,9625
5353,台林,20,0,20,富邦-竹東,2023-08-28,9625
00632R,元大台灣50反1,20,0,20,富邦-竹東,2023-08-28,9625
6122,擎邦,19,0,19,富邦-竹東,2023-08-28,9625
3479,安勤,19,0,19,富邦-竹東,2023-08-28,9625
2610,華航,45,27,18,富邦-竹東,2023-08-28,9625
6116,彩晶,21,3,18,富邦-竹東,2023-08-28,9625
3481,群創,32,16,16,富邦-竹東,2023-08-28,9625
00919,群益台灣精選高息,31,15,16,富邦-竹東,2023-08-28,9625
3021,鴻名,15,0,15,富邦-竹東,2023-08-28,9625
2419,仲琦,16,1,15,富邦-竹東,2023-08-28,9625
3706,神達,28,13,15,富邦-竹東,2023-08-28,9625
2883,凱基金,18,4,14,富邦-竹東,2023-08-28,9625
2891,中信金,21,7,14,富邦-竹東,2023-08-28,9625
4543,萬在,26,13,13,富邦-竹東,2023-08-28,9625
3715,定穎投控,27,15,12,富邦-竹東,2023-08-28,9625
5011,久陽,12,0,12,富邦-竹東,2023-08-28,9625
5381,合正,27,15,12,富邦-竹東,2023-08-28,9625
2382,廣達,110,98,12,富邦-竹東,2023-08-28,9625
3094,聯傑,15,4,11,富邦-竹東,2023-08-28,9625
00895,富邦未來車,10,0,10,富邦-竹東,2023-08-28,9625
3147,大綜,10,0,10,富邦-竹東,2023-08-28,9625
00637L,元大滬深300正2,79,69,10,富邦-竹東,2023-08-28,9625
2897,王道銀行,10,0,10,富邦-竹東,2023-08-28,9625
3014,聯陽,15,6,9,富邦-竹東,2023-08-28,9625
3035,智原,20,11,9,富邦-竹東,2023-08-28,9625
00929,復華台灣科技優息,167,12,155,富邦-竹東,2023-08-29,9625
00919,群益台灣精選高息,119,9,110,富邦-竹東,2023-08-29,9625
1584,精剛,83,3,80,富邦-竹東,2023-08-29,9625
2363,矽統,396,328,68,富邦-竹東,2023-08-29,9625
2618,長榮航,85,18,67,富邦-竹東,2023-08-29,9625
2408,南亞科,42,2,40,富邦-竹東,2023-08-29,9625
2002,中鋼,40,2,38,富邦-竹東,2023-08-29,9625
4123,晟德,30,0,30,富邦-竹東,2023-08-29,9625
2303,聯電,37,7,30,富邦-竹東,2023-08-29,9625
5880,合庫金,27,0,27,富邦-竹東,2023-08-29,9625
2897,王道銀行,25,0,25,富邦-竹東,2023-08-29,9625
8068,全達,24,0,24,富邦-竹東,2023-08-29,9625
1402,遠東新,24,0,24,富邦-竹東,2023-08-29,9625
3231,緯創,108,88,20,富邦-竹東,2023-08-29,9625
5284,jpp-KY,22,2,20,富邦-竹東,2023-08-29,9625
00706L,期元大S＆P日圓正2,20,0,20,富邦-竹東,2023-08-29,9625
2883,凱基金,21,2,19,富邦-竹東,2023-08-29,9625
6443,元晶,37,19,18,富邦-竹東,2023-08-29,9625
2419,仲琦,19,2,17,富邦-竹東,2023-08-29,9625
1905,華紙,15,0,15,富邦-竹東,2023-08-29,9625
2402,毅嘉,19,5,14,富邦-竹東,2023-08-29,9625
1737,臺鹽,15,1,14,富邦-竹東,2023-08-29,9625
8088,品安,14,0,14,富邦-竹東,2023-08-29,9625
2880,華南金,14,0,14,富邦-竹東,2023-08-29,9625
2317,鴻海,28,15,13,富邦-竹東,2023-08-29,9625
2340,台亞,18,5,13,富邦-竹東,2023-08-29,9625
00882,中信中國高股息,15,3,12,富邦-竹東,2023-08-29,9625
2312,金寶,30,18,12,富邦-竹東,2023-08-29,9625
2645,長榮航太,13,1,12,富邦-竹東,2023-08-29,9625
5381,合正,24,13,11,富邦-竹東,2023-08-29,9625
2630,亞航,23,12,11,富邦-竹東,2023-08-29,9625
3588,通嘉,15,4,11,富邦-竹東,2023-08-29,9625
2356,英業達,30,20,10,富邦-竹東,2023-08-29,9625
4716,大立,10,0,10,富邦-竹東,2023-08-29,9625
4977,眾達-KY,10,0,10,富邦-竹東,2023-08-29,9625
2481,強茂,10,0,10,富邦-竹東,2023-08-29,9625
2376,技嘉,19,9,10,富邦-竹東,2023-08-29,9625
4906,正文,14,5,9,富邦-竹東,2023-08-29,9625
3483,力致,13,4,9,富邦-竹東,2023-08-29,9625
1471,首利,17,8,9,富邦-竹東,2023-08-29,9625
8046,南電,12,3,9,富邦-竹東,2023-08-29,9625
2516,新建,9,1,8,富邦-竹東,2023-08-29,9625
1101,台泥,10,3,7,富邦-竹東,2023-08-29,9625
3338,泰碩,8,1,7,富邦-竹東,2023-08-29,9625
2913,農林,7,0,7,富邦-竹東,2023-08-29,9625
2027,大成鋼,7,0,7,富邦-竹東,2023-08-29,9625
3325,旭品,12,5,7,富邦-竹東,2023-08-29,9625
9924,福興,7,0,7,富邦-竹東,2023-08-29,9625
4108,懷特,7,0,7,富邦-竹東,2023-08-29,9625
2890,永豐金,7,0,7,富邦-竹東,2023-08-29,9625
3481,群創,189,2,187,富邦-竹東,2023-08-30,9625
2312,金寶,100,0,100,富邦-竹東,2023-08-30,9625
00713,元大台灣高息低波,90,0,90,富邦-竹東,2023-08-30,9625
2618,長榮航,80,3,77,富邦-竹東,2023-08-30,9625
00637L,元大滬深300正2,52,0,52,富邦-竹東,2023-08-30,9625
2324,仁寶,84,36,48,富邦-竹東,2023-08-30,9625
3014,聯陽,40,1,39,富邦-竹東,2023-08-30,9625
3051,力特,61,22,39,富邦-竹東,2023-08-30,9625
2353,宏��,81,42,39,富邦-竹東,2023-08-30,9625
2834,臺企銀,41,2,39,富邦-竹東,2023-08-30,9625
5009,榮剛,34,0,34,富邦-竹東,2023-08-30,9625
00929,復華台灣科技優息,107,79,28,富邦-竹東,2023-08-30,9625
2449,京元電子,41,16,25,富邦-竹東,2023-08-30,9625
2329,華泰,33,10,23,富邦-竹東,2023-08-30,9625
2886,兆豐金,20,0,20,富邦-竹東,2023-08-30,9625
3046,建��,20,3,17,富邦-竹東,2023-08-30,9625
2634,漢翔,70,55,15,富邦-竹東,2023-08-30,9625
00664R,國泰臺灣加權反1,15,0,15,富邦-竹東,2023-08-30,9625
3011,今皓,14,1,13,富邦-竹東,2023-08-30,9625
2402,毅嘉,32,19,13,富邦-竹東,2023-08-30,9625
2891,中信金,11,0,11,富邦-竹東,2023-08-30,9625
00687B,國泰20年美債,11,0,11,富邦-竹東,2023-08-30,9625
2208,台船,11,0,11,富邦-竹東,2023-08-30,9625
3035,智原,44,33,11,富邦-竹東,2023-08-30,9625
2609,陽明,10,0,10,富邦-竹東,2023-08-30,9625
3257,虹冠電,11,1,10,富邦-竹東,2023-08-30,9625
5457,宣德,10,0,10,富邦-竹東,2023-08-30,9625
00915,凱基優選高股息30,10,0,10,富邦-竹東,2023-08-30,9625
3037,欣興,21,12,9,富邦-竹東,2023-08-30,9625
2897,王道銀行,9,0,9,富邦-竹東,2023-08-30,9625
6579,研揚,10,1,9,富邦-竹東,2023-08-30,9625
8086,宏捷科,14,5,9,富邦-竹東,2023-08-30,9625
1471,首利,14,5,9,富邦-竹東,2023-08-30,9625
2023,燁輝,9,0,9,富邦-竹東,2023-08-30,9625
1101,台泥,10,1,9,富邦-竹東,2023-08-30,9625
1809,中釉,8,0,8,富邦-竹東,2023-08-30,9625
3363,上詮,10,2,8,富邦-竹東,2023-08-30,9625
6531,愛普*,12,4,8,富邦-竹東,2023-08-30,9625
1604,聲寶,8,0,8,富邦-竹東,2023-08-30,9625
3094,聯傑,7,0,7,富邦-竹東,2023-08-30,9625
8112,至上,10,4,6,富邦-竹東,2023-08-30,9625
2014,中鴻,8,2,6,富邦-竹東,2023-08-30,9625
2338,光罩,9,3,6,富邦-竹東,2023-08-30,9625
4906,正文,16,10,6,富邦-竹東,2023-08-30,9625
1529,樂事綠能,6,0,6,富邦-竹東,2023-08-30,9625
4510,高鋒,6,0,6,富邦-竹東,2023-08-30,9625
6188,廣明,8,2,6,富邦-竹東,2023-08-30,9625
6176,瑞儀,6,0,6,富邦-竹東,2023-08-30,9625
00878,國泰永續高股息,14,8,6,富邦-竹東,2023-08-30,9625
1218,泰山,6,1,5,富邦-竹東,2023-08-30,9625
00929,復華台灣科技優息,293,11,282,富邦-竹東,2023-08-31,9625
00907,永豐優息存股,100,0,100,富邦-竹東,2023-08-31,9625
2618,長榮航,114,15,99,富邦-竹東,2023-08-31,9625
2834,臺企銀,89,1,88,富邦-竹東,2023-08-31,9625
2303,聯電,95,11,84,富邦-竹東,2023-08-31,9625
1905,華紙,72,5,67,富邦-竹東,2023-08-31,9625
2027,大成鋼,65,0,65,富邦-竹東,2023-08-31,9625
2323,中環,60,0,60,富邦-竹東,2023-08-31,9625
2329,華泰,117,66,51,富邦-竹東,2023-08-31,9625
2883,凱基金,50,1,49,富邦-竹東,2023-08-31,9625
2892,第一金,46,0,46,富邦-竹東,2023-08-31,9625
2324,仁寶,61,20,41,富邦-竹東,2023-08-31,9625
00919,群益台灣精選高息,46,8,38,富邦-竹東,2023-08-31,9625
3014,聯陽,35,0,35,富邦-竹東,2023-08-31,9625
1802,台玻,48,18,30,富邦-竹東,2023-08-31,9625
6139,亞翔,30,0,30,富邦-竹東,2023-08-31,9625
00715L,期街口布蘭特正2,30,2,28,富邦-竹東,2023-08-31,9625
2880,華南金,26,0,26,富邦-竹東,2023-08-31,9625
4909,新復興,25,0,25,富邦-竹東,2023-08-31,9625
00882,中信中國高股息,25,0,25,富邦-竹東,2023-08-31,9625
5880,合庫金,23,0,23,富邦-竹東,2023-08-31,9625
1904,正隆,21,0,21,富邦-竹東,2023-08-31,9625
3078,僑威,43,22,21,富邦-竹東,2023-08-31,9625
6168,宏齊,21,1,20,富邦-竹東,2023-08-31,9625
2367,燿華,18,1,17,富邦-竹東,2023-08-31,9625
2645,長榮航太,19,3,16,富邦-竹東,2023-08-31,9625
3338,泰碩,19,3,16,富邦-竹東,2023-08-31,9625
3481,群創,17,1,16,富邦-竹東,2023-08-31,9625
2891,中信金,15,0,15,富邦-竹東,2023-08-31,9625
9904,寶成,15,0,15,富邦-竹東,2023-08-31,9625
2436,偉詮電,22,8,14,富邦-竹東,2023-08-31,9625
2890,永豐金,13,0,13,富邦-竹東,2023-08-31,9625
1522,堤維西,16,3,13,富邦-竹東,2023-08-31,9625
8088,品安,22,10,12,富邦-竹東,2023-08-31,9625
8033,雷虎,12,1,11,富邦-竹東,2023-08-31,9625
2455,全新,17,6,11,富邦-竹東,2023-08-31,9625
2637,慧洋-KY,11,0,11,富邦-竹東,2023-08-31,9625
2105,正新,16,5,11,富邦-竹東,2023-08-31,9625
3046,建��,12,1,11,富邦-竹東,2023-08-31,9625
3715,定穎投控,29,18,11,富邦-竹東,2023-08-31,9625
1810,和成,10,0,10,富邦-竹東,2023-08-31,9625
00706L,期元大S＆P日圓正2,10,0,10,富邦-竹東,2023-08-31,9625
3149,正達,10,0,10,富邦-竹東,2023-08-31,9625
3011,今皓,11,1,10,富邦-竹東,2023-08-31,9625
1201,味全,10,0,10,富邦-竹東,2023-08-31,9625
8222,寶一,20,10,10,富邦-竹東,2023-08-31,9625
2314,台揚,10,0,10,富邦-竹東,2023-08-31,9625
1806,冠軍,10,0,10,富邦-竹東,2023-08-31,9625
6213,聯茂,30,20,10,富邦-竹東,2023-08-31,9625
2887,台新金,10,0,10,富邦-竹東,2023-08-31,9625
00673R,期元大S＆P原油反1,277,0,277,富邦-竹東,2023-09-01,9625
00929,復華台灣科技優息,280,25,255,富邦-竹東,2023-09-01,9625
2027,大成鋼,91,1,90,富邦-竹東,2023-09-01,9625
2329,華泰,115,27,88,富邦-竹東,2023-09-01,9625
3231,緯創,163,83,80,富邦-竹東,2023-09-01,9625
5864,致和證,80,0,80,富邦-竹東,2023-09-01,9625
00919,群益台灣精選高息,118,46,72,富邦-竹東,2023-09-01,9625
00932,兆豐永續高息等權,62,0,62,富邦-竹東,2023-09-01,9625
00632R,元大台灣50反1,57,0,57,富邦-竹東,2023-09-01,9625
2838,聯邦銀,54,0,54,富邦-竹東,2023-09-01,9625
1102,亞泥,53,3,50,富邦-竹東,2023-09-01,9625
3013,晟銘電,44,4,40,富邦-竹東,2023-09-01,9625
2369,菱生,37,3,34,富邦-竹東,2023-09-01,9625
1522,堤維西,30,5,25,富邦-竹東,2023-09-01,9625
3035,智原,43,21,22,富邦-竹東,2023-09-01,9625
2356,英業達,52,31,21,富邦-竹東,2023-09-01,9625
6271,同欣電,21,0,21,富邦-竹東,2023-09-01,9625
2834,臺企銀,23,2,21,富邦-竹東,2023-09-01,9625
2201,裕隆,36,15,21,富邦-竹東,2023-09-01,9625
2337,旺宏,27,6,21,富邦-竹東,2023-09-01,9625
2436,偉詮電,22,2,20,富邦-竹東,2023-09-01,9625
4162,智擎,22,3,19,富邦-竹東,2023-09-01,9625
00915,凱基優選高股息30,19,0,19,富邦-竹東,2023-09-01,9625
2891,中信金,62,45,17,富邦-竹東,2023-09-01,9625
2888,新光金,26,9,17,富邦-竹東,2023-09-01,9625
2382,廣達,50,34,16,富邦-竹東,2023-09-01,9625
5243,乙盛-KY,16,0,16,富邦-竹東,2023-09-01,9625
4909,新復興,25,10,15,富邦-竹東,2023-09-01,9625
2485,兆赫,63,49,14,富邦-竹東,2023-09-01,9625
2399,映泰,20,6,14,富邦-竹東,2023-09-01,9625
2324,仁寶,18,5,13,富邦-竹東,2023-09-01,9625
8183,精星,11,0,11,富邦-竹東,2023-09-01,9625
2618,長榮航,18,7,11,富邦-竹東,2023-09-01,9625
6168,宏齊,12,1,11,富邦-竹東,2023-09-01,9625
2516,新建,11,0,11,富邦-竹東,2023-09-01,9625
00720B,元大投資級公司債,12,1,11,富邦-竹東,2023-09-01,9625
2363,矽統,281,270,11,富邦-竹東,2023-09-01,9625
2615,萬海,11,1,10,富邦-竹東,2023-09-01,9625
3092,鴻碩,10,0,10,富邦-竹東,2023-09-01,9625
1712,興農,10,0,10,富邦-竹東,2023-09-01,9625
2332,友訊,10,0,10,富邦-竹東,2023-09-01,9625
2353,宏��,10,0,10,富邦-竹東,2023-09-01,9625
2461,光群雷,10,0,10,富邦-竹東,2023-09-01,9625
1529,樂事綠能,13,3,10,富邦-竹東,2023-09-01,9625
9907,統一實,11,1,10,富邦-竹東,2023-09-01,9625
2610,華航,16,6,10,富邦-竹東,2023-09-01,9625
6191,精成科,12,2,10,富邦-竹東,2023-09-01,9625
5488,松普,10,0,10,富邦-竹東,2023-09-01,9625
6415,矽力*-KY,14,4,10,富邦-竹東,2023-09-01,9625
3032,偉訓,9,0,9,富邦-竹東,2023-09-01,9625
3481,群創,173,15,158,富邦-竹東,2023-09-04,9625
00919,群益台灣精選高息,101,8,93,富邦-竹東,2023-09-04,9625
2409,友達,89,8,81,富邦-竹東,2023-09-04,9625
00929,復華台灣科技優息,138,68,70,富邦-竹東,2023-09-04,9625
3013,晟銘電,72,6,66,富邦-竹東,2023-09-04,9625
5381,合正,156,105,51,富邦-竹東,2023-09-04,9625
4157,太景*-KY,47,0,47,富邦-竹東,2023-09-04,9625
2323,中環,54,9,45,富邦-竹東,2023-09-04,9625
2504,國產,41,0,41,富邦-竹東,2023-09-04,9625
8927,北基,41,0,41,富邦-竹東,2023-09-04,9625
2618,長榮航,41,2,39,富邦-竹東,2023-09-04,9625
2312,金寶,39,12,27,富邦-竹東,2023-09-04,9625
2606,裕民,27,2,25,富邦-竹東,2023-09-04,9625
2369,菱生,27,3,24,富邦-竹東,2023-09-04,9625
00673R,期元大S＆P原油反1,82,60,22,富邦-竹東,2023-09-04,9625
2401,凌陽,24,3,21,富邦-竹東,2023-09-04,9625
3338,泰碩,25,4,21,富邦-竹東,2023-09-04,9625
3289,宜特,20,0,20,富邦-竹東,2023-09-04,9625
5608,四維航,20,0,20,富邦-竹東,2023-09-04,9625
5457,宣德,26,6,20,富邦-竹東,2023-09-04,9625
3290,東浦,21,1,20,富邦-竹東,2023-09-04,9625
00900,富邦特選高股息30,35,17,18,富邦-竹東,2023-09-04,9625
2352,佳世達,18,0,18,富邦-竹東,2023-09-04,9625
5488,松普,18,0,18,富邦-竹東,2023-09-04,9625
6248,沛波,18,0,18,富邦-竹東,2023-09-04,9625
1618,合機,18,0,18,富邦-竹東,2023-09-04,9625
3094,聯傑,19,2,17,富邦-竹東,2023-09-04,9625
3078,僑威,18,2,16,富邦-竹東,2023-09-04,9625
2887,台新金,16,0,16,富邦-竹東,2023-09-04,9625
2812,台中銀,16,1,15,富邦-竹東,2023-09-04,9625
6494,九齊,15,0,15,富邦-竹東,2023-09-04,9625
00931B,統一美債20年,14,0,14,富邦-竹東,2023-09-04,9625
00751B,元大AAA至A公司債,14,0,14,富邦-竹東,2023-09-04,9625
2371,大同,26,12,14,富邦-竹東,2023-09-04,9625
00687B,國泰20年美債,14,0,14,富邦-竹東,2023-09-04,9625
00637L,元大滬深300正2,51,37,14,富邦-竹東,2023-09-04,9625
2329,華泰,45,32,13,富邦-竹東,2023-09-04,9625
2610,華航,24,11,13,富邦-竹東,2023-09-04,9625
2342,茂矽,15,2,13,富邦-竹東,2023-09-04,9625
6284,佳邦,15,3,12,富邦-竹東,2023-09-04,9625
00720B,元大投資級公司債,11,0,11,富邦-竹東,2023-09-04,9625
2881,富邦金,11,1,10,富邦-竹東,2023-09-04,9625
2609,陽明,45,35,10,富邦-竹東,2023-09-04,9625
9919,康那香,14,4,10,富邦-竹東,2023-09-04,9625
2010,春源,10,0,10,富邦-竹東,2023-09-04,9625
00664R,國泰臺灣加權反1,10,0,10,富邦-竹東,2023-09-04,9625
5434,崇越,10,0,10,富邦-竹東,2023-09-04,9625
00706L,期元大S＆P日圓正2,10,0,10,富邦-竹東,2023-09-04,9625
1101,台泥,13,3,10,富邦-竹東,2023-09-04,9625
3051,力特,19,10,9,富邦-竹東,2023-09-04,9625
00929,復華台灣科技優息,523,80,443,富邦-竹東,2023-09-05,9625
2618,長榮航,122,0,122,富邦-竹東,2023-09-05,9625
00919,群益台灣精選高息,136,28,108,富邦-竹東,2023-09-05,9625
3481,群創,97,17,80,富邦-竹東,2023-09-05,9625
2610,華航,78,23,55,富邦-竹東,2023-09-05,9625
00655L,國泰中國A50正2,43,0,43,富邦-竹東,2023-09-05,9625
00713,元大台灣高息低波,43,3,40,富邦-竹東,2023-09-05,9625
00664R,國泰臺灣加權反1,40,0,40,富邦-竹東,2023-09-05,9625
00679B,元大美債20年,40,0,40,富邦-竹東,2023-09-05,9625
2409,友達,50,13,37,富邦-竹東,2023-09-05,9625
2485,兆赫,57,23,34,富邦-竹東,2023-09-05,9625
6531,愛普*,54,27,27,富邦-竹東,2023-09-05,9625
00878,國泰永續高股息,41,16,25,富邦-竹東,2023-09-05,9625
2324,仁寶,59,35,24,富邦-竹東,2023-09-05,9625
00932,兆豐永續高息等權,23,0,23,富邦-竹東,2023-09-05,9625
3094,聯傑,20,0,20,富邦-竹東,2023-09-05,9625
3704,合勤控,22,3,19,富邦-竹東,2023-09-05,9625
1101,台泥,18,1,17,富邦-竹東,2023-09-05,9625
1609,大亞,19,2,17,富邦-竹東,2023-09-05,9625
00931B,統一美債20年,17,0,17,富邦-竹東,2023-09-05,9625
2891,中信金,21,5,16,富邦-竹東,2023-09-05,9625
5009,榮剛,15,0,15,富邦-竹東,2023-09-05,9625
6126,信音,15,0,15,富邦-竹東,2023-09-05,9625
2388,威盛,28,14,14,富邦-竹東,2023-09-05,9625
2369,菱生,13,0,13,富邦-竹東,2023-09-05,9625
2402,毅嘉,226,214,12,富邦-竹東,2023-09-05,9625
3706,神達,16,4,12,富邦-竹東,2023-09-05,9625
3715,定穎投控,52,40,12,富邦-竹東,2023-09-05,9625
2002,中鋼,16,4,12,富邦-竹東,2023-09-05,9625
5215,科嘉-KY,19,8,11,富邦-竹東,2023-09-05,9625
6517,保勝光學,14,3,11,富邦-竹東,2023-09-05,9625
8093,保銳,11,0,11,富邦-竹東,2023-09-05,9625
2211,長榮鋼,12,1,11,富邦-竹東,2023-09-05,9625
2488,漢平,12,1,11,富邦-竹東,2023-09-05,9625
2881,富邦金,12,1,11,富邦-竹東,2023-09-05,9625
2883,凱基金,19,9,10,富邦-竹東,2023-09-05,9625
2331,精英,24,14,10,富邦-竹東,2023-09-05,9625
6104,創惟,12,2,10,富邦-竹東,2023-09-05,9625
3189,景碩,13,3,10,富邦-竹東,2023-09-05,9625
4747,強生,10,0,10,富邦-竹東,2023-09-05,9625
2492,華新科,14,4,10,富邦-竹東,2023-09-05,9625
3652,精聯,10,0,10,富邦-竹東,2023-09-05,9625
2376,技嘉,21,12,9,富邦-竹東,2023-09-05,9625
2436,偉詮電,35,26,9,富邦-竹東,2023-09-05,9625
2634,漢翔,11,2,9,富邦-竹東,2023-09-05,9625
1605,華新,12,3,9,富邦-竹東,2023-09-05,9625
1103,嘉泥,10,1,9,富邦-竹東,2023-09-05,9625
8210,勤誠,11,2,9,富邦-竹東,2023-09-05,9625
5258,虹堡,15,6,9,富邦-竹東,2023-09-05,9625
5457,宣德,10,2,8,富邦-竹東,2023-09-05,9625
00929,復華台灣科技優息,372,51,321,富邦-竹東,2023-09-06,9625
00919,群益台灣精選高息,257,58,199,富邦-竹東,2023-09-06,9625
3481,群創,183,31,152,富邦-竹東,2023-09-06,9625
00915,凱基優選高股息30,164,25,139,富邦-竹東,2023-09-06,9625
2409,友達,131,1,130,富邦-竹東,2023-09-06,9625
2027,大成鋼,125,0,125,富邦-竹東,2023-09-06,9625
00673R,期元大S＆P原油反1,118,0,118,富邦-竹東,2023-09-06,9625
2363,矽統,216,115,101,富邦-竹東,2023-09-06,9625
2401,凌陽,104,31,73,富邦-竹東,2023-09-06,9625
00753L,中信中國50正2,65,0,65,富邦-竹東,2023-09-06,9625
2436,偉詮電,39,5,34,富邦-竹東,2023-09-06,9625
00918,大華優利高填息30,33,0,33,富邦-竹東,2023-09-06,9625
2880,華南金,30,0,30,富邦-竹東,2023-09-06,9625
2208,台船,30,1,29,富邦-竹東,2023-09-06,9625
00932,兆豐永續高息等權,28,0,28,富邦-竹東,2023-09-06,9625
00665L,富邦�琤肭磪囓�2,24,0,24,富邦-竹東,2023-09-06,9625
5258,虹堡,31,8,23,富邦-竹東,2023-09-06,9625
2468,華經,20,0,20,富邦-竹東,2023-09-06,9625
00720B,元大投資級公司債,20,0,20,富邦-竹東,2023-09-06,9625
5880,合庫金,31,12,19,富邦-竹東,2023-09-06,9625
2888,新光金,20,1,19,富邦-竹東,2023-09-06,9625
5381,合正,103,84,19,富邦-竹東,2023-09-06,9625
6117,迎廣,20,2,18,富邦-竹東,2023-09-06,9625
4906,正文,29,12,17,富邦-竹東,2023-09-06,9625
3094,聯傑,19,2,17,富邦-竹東,2023-09-06,9625
3615,安可,16,0,16,富邦-竹東,2023-09-06,9625
2301,光寶科,24,8,16,富邦-竹東,2023-09-06,9625
6125,廣運,18,2,16,富邦-竹東,2023-09-06,9625
3693,營邦,28,12,16,富邦-竹東,2023-09-06,9625
2884,玉山金,15,0,15,富邦-竹東,2023-09-06,9625
3363,上詮,26,12,14,富邦-竹東,2023-09-06,9625
2324,仁寶,29,15,14,富邦-竹東,2023-09-06,9625
3583,辛耘,15,1,14,富邦-竹東,2023-09-06,9625
00900,富邦特選高股息30,13,0,13,富邦-竹東,2023-09-06,9625
4155,訊映,13,0,13,富邦-竹東,2023-09-06,9625
2457,飛宏,18,5,13,富邦-竹東,2023-09-06,9625
2891,中信金,13,0,13,富邦-竹東,2023-09-06,9625
00923,群益台ESG低碳50,12,0,12,富邦-竹東,2023-09-06,9625
8050,廣積,29,17,12,富邦-竹東,2023-09-06,9625
2303,聯電,27,15,12,富邦-竹東,2023-09-06,9625
00878,國泰永續高股息,39,28,11,富邦-竹東,2023-09-06,9625
3011,今皓,11,0,11,富邦-竹東,2023-09-06,9625
2886,兆豐金,11,0,11,富邦-竹東,2023-09-06,9625
2356,英業達,50,39,11,富邦-竹東,2023-09-06,9625
2605,新興,10,0,10,富邦-竹東,2023-09-06,9625
5608,四維航,10,0,10,富邦-竹東,2023-09-06,9625
3362,先進光,12,2,10,富邦-竹東,2023-09-06,9625
8068,全達,13,4,9,富邦-竹東,2023-09-06,9625
2002,中鋼,9,0,9,富邦-竹東,2023-09-06,9625
00679B,元大美債20年,8,0,8,富邦-竹東,2023-09-06,9625
00929,復華台灣科技優息,624,175,449,富邦-竹東,2023-09-07,9625
00919,群益台灣精選高息,400,147,253,富邦-竹東,2023-09-07,9625
00932,兆豐永續高息等權,134,0,134,富邦-竹東,2023-09-07,9625
2884,玉山金,92,1,91,富邦-竹東,2023-09-07,9625
3363,上詮,106,16,90,富邦-竹東,2023-09-07,9625
3481,群創,80,6,74,富邦-竹東,2023-09-07,9625
5381,合正,118,45,73,富邦-竹東,2023-09-07,9625
3013,晟銘電,100,27,73,富邦-竹東,2023-09-07,9625
2313,華通,139,89,50,富邦-竹東,2023-09-07,9625
2409,友達,46,1,45,富邦-竹東,2023-09-07,9625
2816,旺旺保,44,1,43,富邦-竹東,2023-09-07,9625
2324,仁寶,51,12,39,富邦-竹東,2023-09-07,9625
2888,新光金,36,0,36,富邦-竹東,2023-09-07,9625
8112,至上,77,41,36,富邦-竹東,2023-09-07,9625
2492,華新科,35,1,34,富邦-竹東,2023-09-07,9625
5880,合庫金,35,1,34,富邦-竹東,2023-09-07,9625
2486,一詮,41,11,30,富邦-竹東,2023-09-07,9625
3010,華立,30,0,30,富邦-竹東,2023-09-07,9625
00918,大華優利高填息30,39,10,29,富邦-竹東,2023-09-07,9625
9927,泰銘,30,1,29,富邦-竹東,2023-09-07,9625
00902,中信電池及儲能,29,0,29,富邦-竹東,2023-09-07,9625
4123,晟德,36,7,29,富邦-竹東,2023-09-07,9625
5457,宣德,28,0,28,富邦-竹東,2023-09-07,9625
8050,廣積,44,18,26,富邦-竹東,2023-09-07,9625
2891,中信金,25,0,25,富邦-竹東,2023-09-07,9625
2610,華航,25,0,25,富邦-竹東,2023-09-07,9625
1471,首利,31,6,25,富邦-竹東,2023-09-07,9625
2399,映泰,25,0,25,富邦-竹東,2023-09-07,9625
2356,英業達,41,18,23,富邦-竹東,2023-09-07,9625
1101,台泥,24,1,23,富邦-竹東,2023-09-07,9625
2883,凱基金,22,0,22,富邦-竹東,2023-09-07,9625
3615,安可,22,0,22,富邦-竹東,2023-09-07,9625
00679B,元大美債20年,21,0,21,富邦-竹東,2023-09-07,9625
4157,太景*-KY,21,1,20,富邦-竹東,2023-09-07,9625
2316,楠梓電,21,1,20,富邦-竹東,2023-09-07,9625
3163,波若威,31,13,18,富邦-竹東,2023-09-07,9625
2330,台積電,17,0,17,富邦-竹東,2023-09-07,9625
4533,協易機,57,40,17,富邦-竹東,2023-09-07,9625
3231,緯創,31,15,16,富邦-竹東,2023-09-07,9625
00894,中信小資高價30,15,0,15,富邦-竹東,2023-09-07,9625
2303,聯電,19,5,14,富邦-竹東,2023-09-07,9625
1324,地球,14,0,14,富邦-竹東,2023-09-07,9625
6188,廣明,14,0,14,富邦-竹東,2023-09-07,9625
5353,台林,39,26,13,富邦-竹東,2023-09-07,9625
2838,聯邦銀,13,0,13,富邦-竹東,2023-09-07,9625
2630,亞航,16,3,13,富邦-竹東,2023-09-07,9625
2352,佳世達,12,0,12,富邦-竹東,2023-09-07,9625
00931B,統一美債20年,12,0,12,富邦-竹東,2023-09-07,9625
1717,長興,12,0,12,富邦-竹東,2023-09-07,9625
00673R,期元大S＆P原油反1,11,0,11,富邦-竹東,2023-09-07,9625
00919,群益台灣精選高息,360,125,235,富邦-竹東,2023-09-08,9625
00712,復華富時不動產,164,0,164,富邦-竹東,2023-09-08,9625
00679B,元大美債20年,73,2,71,富邦-竹東,2023-09-08,9625
5880,合庫金,63,0,63,富邦-竹東,2023-09-08,9625
00697B,元大美債7-10,52,0,52,富邦-竹東,2023-09-08,9625
00673R,期元大S＆P原油反1,82,30,52,富邦-竹東,2023-09-08,9625
2409,友達,41,0,41,富邦-竹東,2023-09-08,9625
00900,富邦特選高股息30,32,0,32,富邦-竹東,2023-09-08,9625
00878,國泰永續高股息,32,2,30,富邦-竹東,2023-09-08,9625
2329,華泰,58,30,28,富邦-竹東,2023-09-08,9625
2618,長榮航,55,28,27,富邦-竹東,2023-09-08,9625
00915,凱基優選高股息30,26,0,26,富邦-竹東,2023-09-08,9625
9938,百和,24,0,24,富邦-竹東,2023-09-08,9625
00931B,統一美債20年,24,0,24,富邦-竹東,2023-09-08,9625
1618,合機,27,4,23,富邦-竹東,2023-09-08,9625
2317,鴻海,23,3,20,富邦-竹東,2023-09-08,9625
00930,永豐ESG低碳高息,20,0,20,富邦-竹東,2023-09-08,9625
2402,毅嘉,66,46,20,富邦-竹東,2023-09-08,9625
8050,廣積,44,25,19,富邦-竹東,2023-09-08,9625
5009,榮剛,19,1,18,富邦-竹東,2023-09-08,9625
2460,建通,22,4,18,富邦-竹東,2023-09-08,9625
3231,緯創,51,33,18,富邦-竹東,2023-09-08,9625
3013,晟銘電,22,5,17,富邦-竹東,2023-09-08,9625
6418,詠昇,15,0,15,富邦-竹東,2023-09-08,9625
00894,中信小資高價30,15,0,15,富邦-竹東,2023-09-08,9625
2382,廣達,50,35,15,富邦-竹東,2023-09-08,9625
2606,裕民,15,1,14,富邦-竹東,2023-09-08,9625
2630,亞航,22,8,14,富邦-竹東,2023-09-08,9625
1504,東元,14,0,14,富邦-竹東,2023-09-08,9625
6770,力積電,16,3,13,富邦-竹東,2023-09-08,9625
3260,威剛,17,5,12,富邦-竹東,2023-09-08,9625
3363,上詮,95,83,12,富邦-竹東,2023-09-08,9625
6234,高僑,12,0,12,富邦-竹東,2023-09-08,9625
3362,先進光,12,0,12,富邦-竹東,2023-09-08,9625
8068,全達,12,0,12,富邦-竹東,2023-09-08,9625
2376,技嘉,17,6,11,富邦-竹東,2023-09-08,9625
2002,中鋼,11,0,11,富邦-竹東,2023-09-08,9625
00751B,元大AAA至A公司債,11,0,11,富邦-竹東,2023-09-08,9625
00637L,元大滬深300正2,16,5,11,富邦-竹東,2023-09-08,9625
2330,台積電,14,3,11,富邦-竹東,2023-09-08,9625
8112,至上,35,25,10,富邦-竹東,2023-09-08,9625
3481,群創,12,2,10,富邦-竹東,2023-09-08,9625
4909,新復興,16,6,10,富邦-竹東,2023-09-08,9625
2408,南亞科,11,1,10,富邦-竹東,2023-09-08,9625
00891,中信關鍵半導體,15,5,10,富邦-竹東,2023-09-08,9625
1815,富喬,11,1,10,富邦-竹東,2023-09-08,9625
1467,南緯,10,0,10,富邦-竹東,2023-09-08,9625
1409,新纖,10,0,10,富邦-竹東,2023-09-08,9625
0050,元大台灣50,10,0,10,富邦-竹東,2023-09-08,9625
6531,愛普*,11,2,9,富邦-竹東,2023-09-08,9625
00919,群益台灣精選高息,520,36,484,富邦-竹東,2023-09-11,9625
00929,復華台灣科技優息,613,133,480,富邦-竹東,2023-09-11,9625
00878,國泰永續高股息,238,58,180,富邦-竹東,2023-09-11,9625
3481,群創,96,21,75,富邦-竹東,2023-09-11,9625
1618,合機,60,8,52,富邦-竹東,2023-09-11,9625
2312,金寶,57,15,42,富邦-竹東,2023-09-11,9625
2363,矽統,198,158,40,富邦-竹東,2023-09-11,9625
1529,樂事綠能,35,0,35,富邦-竹東,2023-09-11,9625
9105,泰金寶-DR,30,0,30,富邦-竹東,2023-09-11,9625
1528,恩德,30,0,30,富邦-竹東,2023-09-11,9625
2501,國建,30,0,30,富邦-竹東,2023-09-11,9625
2630,亞航,45,15,30,富邦-竹東,2023-09-11,9625
4533,協易機,29,0,29,富邦-竹東,2023-09-11,9625
8222,寶一,51,24,27,富邦-竹東,2023-09-11,9625
00923,群益台ESG低碳50,25,0,25,富邦-竹東,2023-09-11,9625
2313,華通,27,2,25,富邦-竹東,2023-09-11,9625
3025,星通,26,1,25,富邦-竹東,2023-09-11,9625
2880,華南金,27,2,25,富邦-竹東,2023-09-11,9625
3231,緯創,111,87,24,富邦-竹東,2023-09-11,9625
00900,富邦特選高股息30,24,0,24,富邦-竹東,2023-09-11,9625
0056,元大高股息,57,35,22,富邦-竹東,2023-09-11,9625
2374,佳能,39,17,22,富邦-竹東,2023-09-11,9625
3163,波若威,29,8,21,富邦-竹東,2023-09-11,9625
8088,品安,48,28,20,富邦-竹東,2023-09-11,9625
00719B,元大美債1-3,20,0,20,富邦-竹東,2023-09-11,9625
00679B,元大美債20年,19,0,19,富邦-竹東,2023-09-11,9625
00720B,元大投資級公司債,20,1,19,富邦-竹東,2023-09-11,9625
2358,廷鑫,20,1,19,富邦-竹東,2023-09-11,9625
2610,華航,21,3,18,富邦-竹東,2023-09-11,9625
2303,聯電,23,6,17,富邦-竹東,2023-09-11,9625
2388,威盛,42,25,17,富邦-竹東,2023-09-11,9625
00881,國泰台灣5G+,16,0,16,富邦-竹東,2023-09-11,9625
2883,凱基金,17,1,16,富邦-竹東,2023-09-11,9625
00902,中信電池及儲能,16,0,16,富邦-竹東,2023-09-11,9625
00894,中信小資高價30,15,0,15,富邦-竹東,2023-09-11,9625
2606,裕民,15,0,15,富邦-竹東,2023-09-11,9625
00891,中信關鍵半導體,15,0,15,富邦-竹東,2023-09-11,9625
1504,東元,15,1,14,富邦-竹東,2023-09-11,9625
2337,旺宏,15,2,13,富邦-竹東,2023-09-11,9625
1101,台泥,13,0,13,富邦-竹東,2023-09-11,9625
2352,佳世達,18,5,13,富邦-竹東,2023-09-11,9625
2382,廣達,50,38,12,富邦-竹東,2023-09-11,9625
8358,金居,13,1,12,富邦-竹東,2023-09-11,9625
5302,太欣,12,0,12,富邦-竹東,2023-09-11,9625
00917,中信特選金融,11,0,11,富邦-竹東,2023-09-11,9625
00931B,統一美債20年,22,11,11,富邦-竹東,2023-09-11,9625
00687B,國泰20年美債,11,0,11,富邦-竹東,2023-09-11,9625
2330,台積電,23,13,10,富邦-竹東,2023-09-11,9625
5608,四維航,10,0,10,富邦-竹東,2023-09-11,9625
1434,福懋,10,0,10,富邦-竹東,2023-09-11,9625
00929,復華台灣科技優息,278,150,128,富邦-竹東,2023-09-12,9625
00680L,元大美債20正2,100,0,100,富邦-竹東,2023-09-12,9625
00712,復華富時不動產,79,3,76,富邦-竹東,2023-09-12,9625
00751B,元大AAA至A公司債,65,0,65,富邦-竹東,2023-09-12,9625
3014,聯陽,68,14,54,富邦-竹東,2023-09-12,9625
00919,群益台灣精選高息,91,41,50,富邦-竹東,2023-09-12,9625
2329,華泰,64,18,46,富邦-竹東,2023-09-12,9625
1471,首利,49,3,46,富邦-竹東,2023-09-12,9625
6116,彩晶,57,13,44,富邦-竹東,2023-09-12,9625
3013,晟銘電,40,5,35,富邦-竹東,2023-09-12,9625
2405,輔信,49,17,32,富邦-竹東,2023-09-12,9625
1324,地球,30,0,30,富邦-竹東,2023-09-12,9625
5258,虹堡,36,9,27,富邦-竹東,2023-09-12,9625
00637L,元大滬深300正2,25,0,25,富邦-竹東,2023-09-12,9625
6282,康舒,30,6,24,富邦-竹東,2023-09-12,9625
6117,迎廣,32,9,23,富邦-竹東,2023-09-12,9625
00679B,元大美債20年,21,0,21,富邦-竹東,2023-09-12,9625
2834,臺企銀,20,0,20,富邦-竹東,2023-09-12,9625
00655L,國泰中國A50正2,20,0,20,富邦-竹東,2023-09-12,9625
3481,群創,26,7,19,富邦-竹東,2023-09-12,9625
2464,盟立,19,0,19,富邦-竹東,2023-09-12,9625
00633L,富邦上証正2,18,0,18,富邦-竹東,2023-09-12,9625
3035,智原,32,16,16,富邦-竹東,2023-09-12,9625
2367,燿華,16,0,16,富邦-竹東,2023-09-12,9625
5243,乙盛-KY,16,0,16,富邦-竹東,2023-09-12,9625
3163,波若威,55,40,15,富邦-竹東,2023-09-12,9625
2634,漢翔,25,12,13,富邦-竹東,2023-09-12,9625
6120,達運,14,1,13,富邦-竹東,2023-09-12,9625
1609,大亞,12,0,12,富邦-竹東,2023-09-12,9625
9925,新保,12,0,12,富邦-竹東,2023-09-12,9625
00902,中信電池及儲能,12,0,12,富邦-竹東,2023-09-12,9625
2356,英業達,24,13,11,富邦-竹東,2023-09-12,9625
2457,飛宏,11,0,11,富邦-竹東,2023-09-12,9625
3062,建漢,12,1,11,富邦-竹東,2023-09-12,9625
3380,明泰,11,0,11,富邦-竹東,2023-09-12,9625
2204,中華,11,0,11,富邦-竹東,2023-09-12,9625
3231,緯創,41,31,10,富邦-竹東,2023-09-12,9625
1313,聯成,10,0,10,富邦-竹東,2023-09-12,9625
6173,信昌電,10,0,10,富邦-竹東,2023-09-12,9625
2468,華經,10,0,10,富邦-竹東,2023-09-12,9625
8996,高力,10,0,10,富邦-竹東,2023-09-12,9625
4533,協易機,11,1,10,富邦-竹東,2023-09-12,9625
00687B,國泰20年美債,10,0,10,富邦-竹東,2023-09-12,9625
1229,聯華,10,1,9,富邦-竹東,2023-09-12,9625
2206,三陽工業,19,10,9,富邦-竹東,2023-09-12,9625
3025,星通,11,2,9,富邦-竹東,2023-09-12,9625
00918,大華優利高填息30,9,0,9,富邦-竹東,2023-09-12,9625
2211,長榮鋼,10,1,9,富邦-竹東,2023-09-12,9625
3715,定穎投控,30,22,8,富邦-竹東,2023-09-12,9625
2002,中鋼,22,15,7,富邦-竹東,2023-09-12,9625
00919,群益台灣精選高息,176,74,102,富邦-竹東,2023-09-13,9625
00915,凱基優選高股息30,101,0,101,富邦-竹東,2023-09-13,9625
2313,華通,67,1,66,富邦-竹東,2023-09-13,9625
00932,兆豐永續高息等權,52,0,52,富邦-竹東,2023-09-13,9625
00929,復華台灣科技優息,116,74,42,富邦-竹東,2023-09-13,9625
3363,上詮,73,32,41,富邦-竹東,2023-09-13,9625
5351,鈺創,36,0,36,富邦-竹東,2023-09-13,9625
2405,輔信,39,7,32,富邦-竹東,2023-09-13,9625
00751B,元大AAA至A公司債,23,0,23,富邦-竹東,2023-09-13,9625
2303,聯電,37,15,22,富邦-竹東,2023-09-13,9625
00715L,期街口布蘭特正2,30,8,22,富邦-竹東,2023-09-13,9625
00918,大華優利高填息30,22,0,22,富邦-竹東,2023-09-13,9625
2618,長榮航,22,0,22,富邦-竹東,2023-09-13,9625
3163,波若威,86,65,21,富邦-竹東,2023-09-13,9625
2014,中鴻,20,0,20,富邦-竹東,2023-09-13,9625
6147,頎邦,29,10,19,富邦-竹東,2023-09-13,9625
9105,泰金寶-DR,20,1,19,富邦-竹東,2023-09-13,9625
4541,晟田,15,0,15,富邦-竹東,2023-09-13,9625
5706,鳳凰,15,1,14,富邦-竹東,2023-09-13,9625
5009,榮剛,14,0,14,富邦-竹東,2023-09-13,9625
9945,潤泰新,15,1,14,富邦-竹東,2023-09-13,9625
2376,技嘉,29,15,14,富邦-竹東,2023-09-13,9625
6531,愛普*,13,0,13,富邦-竹東,2023-09-13,9625
00902,中信電池及儲能,12,0,12,富邦-竹東,2023-09-13,9625
8050,廣積,16,4,12,富邦-竹東,2023-09-13,9625
00923,群益台ESG低碳50,13,1,12,富邦-竹東,2023-09-13,9625
2332,友訊,16,5,11,富邦-竹東,2023-09-13,9625
1522,堤維西,65,54,11,富邦-竹東,2023-09-13,9625
2312,金寶,15,4,11,富邦-竹東,2023-09-13,9625
5457,宣德,11,0,11,富邦-竹東,2023-09-13,9625
2352,佳世達,20,10,10,富邦-竹東,2023-09-13,9625
3617,碩天,10,0,10,富邦-竹東,2023-09-13,9625
5392,能率,10,0,10,富邦-竹東,2023-09-13,9625
8081,致新,10,0,10,富邦-竹東,2023-09-13,9625
4904,遠傳,9,0,9,富邦-竹東,2023-09-13,9625
5258,虹堡,21,12,9,富邦-竹東,2023-09-13,9625
2388,威盛,9,0,9,富邦-竹東,2023-09-13,9625
8930,青鋼,11,2,9,富邦-竹東,2023-09-13,9625
2401,凌陽,10,2,8,富邦-竹東,2023-09-13,9625
3346,麗清,23,15,8,富邦-竹東,2023-09-13,9625
3037,欣興,21,14,7,富邦-竹東,2023-09-13,9625
8201,無敵,7,0,7,富邦-竹東,2023-09-13,9625
1609,大亞,9,2,7,富邦-竹東,2023-09-13,9625
00756B,群益投等新興公債,7,0,7,富邦-竹東,2023-09-13,9625
2211,長榮鋼,7,0,7,富邦-竹東,2023-09-13,9625
1515,力山,32,25,7,富邦-竹東,2023-09-13,9625
2364,倫飛,8,1,7,富邦-竹東,2023-09-13,9625
1305,華夏,7,1,6,富邦-竹東,2023-09-13,9625
3362,先進光,6,0,6,富邦-竹東,2023-09-13,9625
00673R,期元大S＆P原油反1,6,0,6,富邦-竹東,2023-09-13,9625
00929,復華台灣科技優息,499,158,341,富邦-竹東,2023-09-14,9625
00919,群益台灣精選高息,273,22,251,富邦-竹東,2023-09-14,9625
00712,復華富時不動產,103,0,103,富邦-竹東,2023-09-14,9625
3704,合勤控,67,9,58,富邦-竹東,2023-09-14,9625
2486,一詮,163,107,56,富邦-竹東,2023-09-14,9625
6213,聯茂,50,0,50,富邦-竹東,2023-09-14,9625
2371,大同,43,0,43,富邦-竹東,2023-09-14,9625
6743,安普新,41,0,41,富邦-竹東,2023-09-14,9625
1471,首利,41,1,40,富邦-竹東,2023-09-14,9625
1314,中石化,40,0,40,富邦-竹東,2023-09-14,9625
00673R,期元大S＆P原油反1,110,75,35,富邦-竹東,2023-09-14,9625
6147,頎邦,33,5,28,富邦-竹東,2023-09-14,9625
2324,仁寶,41,14,27,富邦-竹東,2023-09-14,9625
8240,華宏,28,5,23,富邦-竹東,2023-09-14,9625
4906,正文,47,25,22,富邦-竹東,2023-09-14,9625
3042,晶技,23,2,21,富邦-竹東,2023-09-14,9625
4561,健椿,20,0,20,富邦-竹東,2023-09-14,9625
2374,佳能,22,2,20,富邦-竹東,2023-09-14,9625
00719B,元大美債1-3,20,0,20,富邦-竹東,2023-09-14,9625
00918,大華優利高填息30,20,0,20,富邦-竹東,2023-09-14,9625
4904,遠傳,20,1,19,富邦-竹東,2023-09-14,9625
2610,華航,24,5,19,富邦-竹東,2023-09-14,9625
1101,台泥,30,13,17,富邦-竹東,2023-09-14,9625
2020,美亞,26,9,17,富邦-竹東,2023-09-14,9625
2881,富邦金,16,1,15,富邦-竹東,2023-09-14,9625
00902,中信電池及儲能,15,0,15,富邦-竹東,2023-09-14,9625
3162,精確,15,0,15,富邦-竹東,2023-09-14,9625
2002,中鋼,25,11,14,富邦-竹東,2023-09-14,9625
4916,事欣科,15,1,14,富邦-竹東,2023-09-14,9625
1568,倉佑,34,21,13,富邦-竹東,2023-09-14,9625
5371,中光電,19,6,13,富邦-竹東,2023-09-14,9625
00923,群益台ESG低碳50,17,4,13,富邦-竹東,2023-09-14,9625
6829,千附精密,13,0,13,富邦-竹東,2023-09-14,9625
2634,漢翔,21,8,13,富邦-竹東,2023-09-14,9625
00932,兆豐永續高息等權,12,0,12,富邦-竹東,2023-09-14,9625
2402,毅嘉,45,33,12,富邦-竹東,2023-09-14,9625
5457,宣德,11,0,11,富邦-竹東,2023-09-14,9625
00882,中信中國高股息,10,0,10,富邦-竹東,2023-09-14,9625
5381,合正,10,0,10,富邦-竹東,2023-09-14,9625
2332,友訊,56,46,10,富邦-竹東,2023-09-14,9625
6274,台燿,20,11,9,富邦-竹東,2023-09-14,9625
3706,神達,10,1,9,富邦-竹東,2023-09-14,9625
6231,系微,10,1,9,富邦-竹東,2023-09-14,9625
1319,東陽,14,6,8,富邦-竹東,2023-09-14,9625
2014,中鴻,10,2,8,富邦-竹東,2023-09-14,9625
3499,環天科,10,2,8,富邦-竹東,2023-09-14,9625
6217,中探針,8,0,8,富邦-竹東,2023-09-14,9625
6550,北極星藥業-KY,8,0,8,富邦-竹東,2023-09-14,9625
8048,德勝,77,69,8,富邦-竹東,2023-09-14,9625
4979,華星光,33,25,8,富邦-竹東,2023-09-14,9625
00918,大華優利高填息30,381,0,381,富邦-竹東,2023-09-15,9625
00919,群益台灣精選高息,381,57,324,富邦-竹東,2023-09-15,9625
00680L,元大美債20正2,207,0,207,富邦-竹東,2023-09-15,9625
00929,復華台灣科技優息,327,152,175,富邦-竹東,2023-09-15,9625
2884,玉山金,116,0,116,富邦-竹東,2023-09-15,9625
2888,新光金,85,0,85,富邦-竹東,2023-09-15,9625
2486,一詮,142,79,63,富邦-竹東,2023-09-15,9625
2637,慧洋-KY,68,20,48,富邦-竹東,2023-09-15,9625
00632R,元大台灣50反1,66,20,46,富邦-竹東,2023-09-15,9625
6120,達運,40,1,39,富邦-竹東,2023-09-15,9625
6743,安普新,36,0,36,富邦-竹東,2023-09-15,9625
3163,波若威,107,77,30,富邦-竹東,2023-09-15,9625
00751B,元大AAA至A公司債,23,0,23,富邦-竹東,2023-09-15,9625
3704,合勤控,27,4,23,富邦-竹東,2023-09-15,9625
2356,英業達,26,4,22,富邦-竹東,2023-09-15,9625
2324,仁寶,34,12,22,富邦-竹東,2023-09-15,9625
2340,台亞,23,2,21,富邦-竹東,2023-09-15,9625
00715L,期街口布蘭特正2,28,7,21,富邦-竹東,2023-09-15,9625
3481,群創,23,3,20,富邦-竹東,2023-09-15,9625
6213,聯茂,20,0,20,富邦-竹東,2023-09-15,9625
2387,精元,20,0,20,富邦-竹東,2023-09-15,9625
8933,愛地雅,20,0,20,富邦-竹東,2023-09-15,9625
2317,鴻海,19,0,19,富邦-竹東,2023-09-15,9625
2634,漢翔,22,3,19,富邦-竹東,2023-09-15,9625
2316,楠梓電,21,2,19,富邦-竹東,2023-09-15,9625
8048,德勝,22,4,18,富邦-竹東,2023-09-15,9625
2020,美亞,49,31,18,富邦-竹東,2023-09-15,9625
3325,旭品,20,3,17,富邦-竹東,2023-09-15,9625
6530,創威,17,1,16,富邦-竹東,2023-09-15,9625
2353,宏��,17,1,16,富邦-竹東,2023-09-15,9625
2641,正德,31,15,16,富邦-竹東,2023-09-15,9625
00878,國泰永續高股息,37,22,15,富邦-竹東,2023-09-15,9625
2834,臺企銀,15,0,15,富邦-竹東,2023-09-15,9625
2323,中環,15,0,15,富邦-竹東,2023-09-15,9625
8930,青鋼,15,0,15,富邦-竹東,2023-09-15,9625
5210,寶碩,14,0,14,富邦-竹東,2023-09-15,9625
2606,裕民,52,38,14,富邦-竹東,2023-09-15,9625
1905,華紙,13,0,13,富邦-竹東,2023-09-15,9625
2382,廣達,25,12,13,富邦-竹東,2023-09-15,9625
1402,遠東新,12,0,12,富邦-竹東,2023-09-15,9625
2427,三商電,24,12,12,富邦-竹東,2023-09-15,9625
2338,光罩,12,0,12,富邦-竹東,2023-09-15,9625
00931B,統一美債20年,12,0,12,富邦-竹東,2023-09-15,9625
00679B,元大美債20年,11,0,11,富邦-竹東,2023-09-15,9625
2645,長榮航太,11,0,11,富邦-竹東,2023-09-15,9625
00795B,中信美國公債20年,11,0,11,富邦-竹東,2023-09-15,9625
3287,廣寰科,12,1,11,富邦-竹東,2023-09-15,9625
1101,台泥,16,5,11,富邦-竹東,2023-09-15,9625
5457,宣德,11,0,11,富邦-竹東,2023-09-15,9625
1314,中石化,11,0,11,富邦-竹東,2023-09-15,9625
00929,復華台灣科技優息,860,117,743,富邦-竹東,2023-09-18,9625
00680L,元大美債20正2,381,0,381,富邦-竹東,2023-09-18,9625
00919,群益台灣精選高息,411,250,161,富邦-竹東,2023-09-18,9625
00915,凱基優選高股息30,148,0,148,富邦-竹東,2023-09-18,9625
00712,復華富時不動產,103,0,103,富邦-竹東,2023-09-18,9625
2363,矽統,204,112,92,富邦-竹東,2023-09-18,9625
4904,遠傳,70,2,68,富邦-竹東,2023-09-18,9625
2618,長榮航,62,2,60,富邦-竹東,2023-09-18,9625
00923,群益台ESG低碳50,57,0,57,富邦-竹東,2023-09-18,9625
00878,國泰永續高股息,75,19,56,富邦-竹東,2023-09-18,9625
3481,群創,63,11,52,富邦-竹東,2023-09-18,9625
00921,兆豐龍頭等權重,34,0,34,富邦-竹東,2023-09-18,9625
00665L,富邦�琤肭磪囓�2,33,0,33,富邦-竹東,2023-09-18,9625
6120,達運,34,1,33,富邦-竹東,2023-09-18,9625
2630,亞航,35,3,32,富邦-竹東,2023-09-18,9625
2330,台積電,32,1,31,富邦-竹東,2023-09-18,9625
8222,寶一,36,6,30,富邦-竹東,2023-09-18,9625
3363,上詮,65,35,30,富邦-竹東,2023-09-18,9625
2323,中環,30,0,30,富邦-竹東,2023-09-18,9625
2337,旺宏,30,0,30,富邦-竹東,2023-09-18,9625
00679B,元大美債20年,30,0,30,富邦-竹東,2023-09-18,9625
3231,緯創,61,32,29,富邦-竹東,2023-09-18,9625
5258,虹堡,31,2,29,富邦-竹東,2023-09-18,9625
0056,元大高股息,42,13,29,富邦-竹東,2023-09-18,9625
00720B,元大投資級公司債,26,0,26,富邦-竹東,2023-09-18,9625
2332,友訊,22,0,22,富邦-竹東,2023-09-18,9625
00633L,富邦上証正2,22,0,22,富邦-竹東,2023-09-18,9625
2382,廣達,31,12,19,富邦-竹東,2023-09-18,9625
2344,華邦電,25,6,19,富邦-竹東,2023-09-18,9625
2915,潤泰全,22,3,19,富邦-竹東,2023-09-18,9625
2603,長榮,36,17,19,富邦-竹東,2023-09-18,9625
6770,力積電,23,5,18,富邦-竹東,2023-09-18,9625
00687B,國泰20年美債,18,0,18,富邦-竹東,2023-09-18,9625
2838,聯邦銀,18,0,18,富邦-竹東,2023-09-18,9625
2609,陽明,27,10,17,富邦-竹東,2023-09-18,9625
3450,聯鈞,25,9,16,富邦-竹東,2023-09-18,9625
2886,兆豐金,21,7,14,富邦-竹東,2023-09-18,9625
4946,辣椒,14,0,14,富邦-竹東,2023-09-18,9625
00922,國泰台灣領袖50,14,0,14,富邦-竹東,2023-09-18,9625
1101,台泥,13,0,13,富邦-竹東,2023-09-18,9625
2606,裕民,22,9,13,富邦-竹東,2023-09-18,9625
2303,聯電,14,1,13,富邦-竹東,2023-09-18,9625
2890,永豐金,13,1,12,富邦-竹東,2023-09-18,9625
3037,欣興,15,4,11,富邦-竹東,2023-09-18,9625
6284,佳邦,16,5,11,富邦-竹東,2023-09-18,9625
3264,欣銓,14,3,11,富邦-竹東,2023-09-18,9625
3230,錦明,10,0,10,富邦-竹東,2023-09-18,9625
4979,華星光,18,8,10,富邦-竹東,2023-09-18,9625
2637,慧洋-KY,12,2,10,富邦-竹東,2023-09-18,9625
1471,首利,10,0,10,富邦-竹東,2023-09-18,9625
00632R,元大台灣50反1,585,5,580,富邦-竹東,2023-09-19,9625
00929,復華台灣科技優息,372,84,288,富邦-竹東,2023-09-19,9625
2312,金寶,200,2,198,富邦-竹東,2023-09-19,9625
00919,群益台灣精選高息,205,41,164,富邦-竹東,2023-09-19,9625
00878,國泰永續高股息,96,2,94,富邦-竹東,2023-09-19,9625
3163,波若威,113,26,87,富邦-竹東,2023-09-19,9625
00932,兆豐永續高息等權,87,11,76,富邦-竹東,2023-09-19,9625
00881,國泰台灣5G+,41,0,41,富邦-竹東,2023-09-19,9625
3231,緯創,82,45,37,富邦-竹東,2023-09-19,9625
2880,華南金,35,0,35,富邦-竹東,2023-09-19,9625
2610,華航,37,3,34,富邦-竹東,2023-09-19,9625
0056,元大高股息,54,22,32,富邦-竹東,2023-09-19,9625
2330,台積電,30,0,30,富邦-竹東,2023-09-19,9625
1324,地球,30,0,30,富邦-竹東,2023-09-19,9625
1809,中釉,31,2,29,富邦-竹東,2023-09-19,9625
2618,長榮航,49,22,27,富邦-竹東,2023-09-19,9625
3531,先益,25,0,25,富邦-竹東,2023-09-19,9625
3706,神達,44,19,25,富邦-竹東,2023-09-19,9625
00921,兆豐龍頭等權重,22,0,22,富邦-竹東,2023-09-19,9625
3035,智原,31,10,21,富邦-竹東,2023-09-19,9625
2355,敬鵬,21,0,21,富邦-竹東,2023-09-19,9625
3014,聯陽,22,1,21,富邦-竹東,2023-09-19,9625
6901,鑽石投資,30,10,20,富邦-竹東,2023-09-19,9625
3356,奇偶,20,0,20,富邦-竹東,2023-09-19,9625
2337,旺宏,20,0,20,富邦-竹東,2023-09-19,9625
4979,華星光,24,5,19,富邦-竹東,2023-09-19,9625
2417,圓剛,20,1,19,富邦-竹東,2023-09-19,9625
5608,四維航,22,5,17,富邦-竹東,2023-09-19,9625
4157,太景*-KY,16,0,16,富邦-竹東,2023-09-19,9625
6189,豐藝,16,0,16,富邦-竹東,2023-09-19,9625
4906,正文,15,0,15,富邦-竹東,2023-09-19,9625
5258,虹堡,19,4,15,富邦-竹東,2023-09-19,9625
5381,合正,22,7,15,富邦-竹東,2023-09-19,9625
5880,合庫金,17,3,14,富邦-竹東,2023-09-19,9625
2425,承啟,15,1,14,富邦-竹東,2023-09-19,9625
00922,國泰台灣領袖50,13,0,13,富邦-竹東,2023-09-19,9625
2605,新興,22,9,13,富邦-竹東,2023-09-19,9625
8222,寶一,14,1,13,富邦-竹東,2023-09-19,9625
2409,友達,21,8,13,富邦-竹東,2023-09-19,9625
2486,一詮,14,2,12,富邦-竹東,2023-09-19,9625
00712,復華富時不動產,12,0,12,富邦-竹東,2023-09-19,9625
1618,合機,12,0,12,富邦-竹東,2023-09-19,9625
1802,台玻,20,8,12,富邦-竹東,2023-09-19,9625
00900,富邦特選高股息30,14,2,12,富邦-竹東,2023-09-19,9625
2002,中鋼,15,4,11,富邦-竹東,2023-09-19,9625
00637L,元大滬深300正2,21,10,11,富邦-竹東,2023-09-19,9625
2344,華邦電,11,1,10,富邦-竹東,2023-09-19,9625
2888,新光金,10,0,10,富邦-竹東,2023-09-19,9625
6147,頎邦,29,19,10,富邦-竹東,2023-09-19,9625
3059,華晶科,10,0,10,富邦-竹東,2023-09-19,9625
00929,復華台灣科技優息,835,558,277,富邦-竹東,2023-09-20,9625
00680L,元大美債20正2,221,0,221,富邦-竹東,2023-09-20,9625
2367,燿華,222,53,169,富邦-竹東,2023-09-20,9625
00919,群益台灣精選高息,271,135,136,富邦-竹東,2023-09-20,9625
3265,台星科,171,44,127,富邦-竹東,2023-09-20,9625
00673R,期元大S＆P原油反1,71,0,71,富邦-竹東,2023-09-20,9625
00921,兆豐龍頭等權重,56,3,53,富邦-竹東,2023-09-20,9625
2025,千興,39,0,39,富邦-竹東,2023-09-20,9625
6770,力積電,41,5,36,富邦-竹東,2023-09-20,9625
6182,合晶,39,8,31,富邦-竹東,2023-09-20,9625
2330,台積電,32,1,31,富邦-竹東,2023-09-20,9625
00878,國泰永續高股息,58,30,28,富邦-竹東,2023-09-20,9625
3163,波若威,61,34,27,富邦-竹東,2023-09-20,9625
6901,鑽石投資,35,9,26,富邦-竹東,2023-09-20,9625
2208,台船,39,14,25,富邦-竹東,2023-09-20,9625
2609,陽明,37,13,24,富邦-竹東,2023-09-20,9625
3481,群創,23,0,23,富邦-竹東,2023-09-20,9625
3025,星通,20,0,20,富邦-竹東,2023-09-20,9625
6147,頎邦,27,7,20,富邦-竹東,2023-09-20,9625
2892,第一金,20,2,18,富邦-竹東,2023-09-20,9625
2317,鴻海,24,6,18,富邦-竹東,2023-09-20,9625
1605,華新,31,13,18,富邦-竹東,2023-09-20,9625
2618,長榮航,55,38,17,富邦-竹東,2023-09-20,9625
6257,矽格,19,2,17,富邦-竹東,2023-09-20,9625
1101,台泥,20,4,16,富邦-竹東,2023-09-20,9625
3289,宜特,16,1,15,富邦-竹東,2023-09-20,9625
2486,一詮,16,2,14,富邦-竹東,2023-09-20,9625
5880,合庫金,14,0,14,富邦-竹東,2023-09-20,9625
2313,華通,77,63,14,富邦-竹東,2023-09-20,9625
6125,廣運,15,2,13,富邦-竹東,2023-09-20,9625
2363,矽統,50,37,13,富邦-竹東,2023-09-20,9625
3037,欣興,13,1,12,富邦-竹東,2023-09-20,9625
2603,長榮,25,13,12,富邦-竹東,2023-09-20,9625
2401,凌陽,12,0,12,富邦-竹東,2023-09-20,9625
00915,凱基優選高股息30,12,0,12,富邦-竹東,2023-09-20,9625
2332,友訊,13,1,12,富邦-竹東,2023-09-20,9625
3005,神基,12,0,12,富邦-竹東,2023-09-20,9625
6188,廣明,12,0,12,富邦-竹東,2023-09-20,9625
8027,鈦昇,12,0,12,富邦-竹東,2023-09-20,9625
8050,廣積,32,20,12,富邦-竹東,2023-09-20,9625
2201,裕隆,15,4,11,富邦-竹東,2023-09-20,9625
5475,德宏,11,0,11,富邦-竹東,2023-09-20,9625
2457,飛宏,11,0,11,富邦-竹東,2023-09-20,9625
3034,聯詠,12,2,10,富邦-竹東,2023-09-20,9625
8358,金居,10,0,10,富邦-竹東,2023-09-20,9625
1109,信大,10,0,10,富邦-竹東,2023-09-20,9625
1524,耿鼎,10,0,10,富邦-竹東,2023-09-20,9625
00891,中信關鍵半導體,10,0,10,富邦-竹東,2023-09-20,9625
8930,青鋼,10,0,10,富邦-竹東,2023-09-20,9625
5009,榮剛,10,0,10,富邦-竹東,2023-09-20,9625
00680L,元大美債20正2,222,0,222,富邦-竹東,2023-09-21,9625
5880,合庫金,120,1,119,富邦-竹東,2023-09-21,9625
2915,潤泰全,82,0,82,富邦-竹東,2023-09-21,9625
00671R,富邦NASDAQ反1,80,0,80,富邦-竹東,2023-09-21,9625
00919,群益台灣精選高息,238,159,79,富邦-竹東,2023-09-21,9625
2002,中鋼,79,1,78,富邦-竹東,2023-09-21,9625
2109,華豐,60,0,60,富邦-竹東,2023-09-21,9625
5353,台林,59,0,59,富邦-竹東,2023-09-21,9625
00669R,國泰美國道瓊反1,50,0,50,富邦-竹東,2023-09-21,9625
00878,國泰永續高股息,65,26,39,富邦-竹東,2023-09-21,9625
2605,新興,40,3,37,富邦-竹東,2023-09-21,9625
2330,台積電,36,0,36,富邦-竹東,2023-09-21,9625
2317,鴻海,36,1,35,富邦-竹東,2023-09-21,9625
6605,帝寶,35,0,35,富邦-竹東,2023-09-21,9625
3163,波若威,40,7,33,富邦-竹東,2023-09-21,9625
2363,矽統,58,26,32,富邦-竹東,2023-09-21,9625
1101,台泥,32,0,32,富邦-竹東,2023-09-21,9625
5009,榮剛,31,0,31,富邦-竹東,2023-09-21,9625
0056,元大高股息,33,3,30,富邦-竹東,2023-09-21,9625
00902,中信電池及儲能,34,5,29,富邦-竹東,2023-09-21,9625
5381,合正,29,1,28,富邦-竹東,2023-09-21,9625
2405,輔信,28,2,26,富邦-竹東,2023-09-21,9625
2891,中信金,25,1,24,富邦-竹東,2023-09-21,9625
6223,旺矽,24,0,24,富邦-竹東,2023-09-21,9625
2884,玉山金,24,0,24,富邦-竹東,2023-09-21,9625
00637L,元大滬深300正2,38,15,23,富邦-竹東,2023-09-21,9625
00665L,富邦�琤肭磪囓�2,23,0,23,富邦-竹東,2023-09-21,9625
2337,旺宏,22,0,22,富邦-竹東,2023-09-21,9625
3005,神基,21,0,21,富邦-竹東,2023-09-21,9625
00923,群益台ESG低碳50,21,0,21,富邦-竹東,2023-09-21,9625
1795,美時,25,5,20,富邦-竹東,2023-09-21,9625
5371,中光電,20,0,20,富邦-竹東,2023-09-21,9625
2812,台中銀,21,1,20,富邦-竹東,2023-09-21,9625
2449,京元電子,32,14,18,富邦-竹東,2023-09-21,9625
4904,遠傳,17,0,17,富邦-竹東,2023-09-21,9625
3037,欣興,23,6,17,富邦-竹東,2023-09-21,9625
2344,華邦電,27,10,17,富邦-竹東,2023-09-21,9625
00922,國泰台灣領袖50,16,0,16,富邦-竹東,2023-09-21,9625
6147,頎邦,18,2,16,富邦-竹東,2023-09-21,9625
2201,裕隆,16,0,16,富邦-竹東,2023-09-21,9625
0050,元大台灣50,18,3,15,富邦-竹東,2023-09-21,9625
6770,力積電,15,0,15,富邦-竹東,2023-09-21,9625
2834,臺企銀,15,0,15,富邦-竹東,2023-09-21,9625
4306,炎洲,15,0,15,富邦-竹東,2023-09-21,9625
2618,長榮航,29,15,14,富邦-竹東,2023-09-21,9625
00679B,元大美債20年,19,6,13,富邦-竹東,2023-09-21,9625
2881,富邦金,13,0,13,富邦-竹東,2023-09-21,9625
6285,啟��,16,3,13,富邦-竹東,2023-09-21,9625
00900,富邦特選高股息30,14,2,12,富邦-竹東,2023-09-21,9625
2883,凱基金,22,10,12,富邦-竹東,2023-09-21,9625
00712,復華富時不動產,249,0,249,富邦-竹東,2023-09-22,9625
00680L,元大美債20正2,226,0,226,富邦-竹東,2023-09-22,9625
00919,群益台灣精選高息,202,26,176,富邦-竹東,2023-09-22,9625
00929,復華台灣科技優息,268,155,113,富邦-竹東,2023-09-22,9625
2109,華豐,78,0,78,富邦-竹東,2023-09-22,9625
00679B,元大美債20年,79,5,74,富邦-竹東,2023-09-22,9625
2313,華通,76,8,68,富邦-竹東,2023-09-22,9625
00687B,國泰20年美債,63,0,63,富邦-竹東,2023-09-22,9625
2618,長榮航,84,21,63,富邦-竹東,2023-09-22,9625
3707,漢磊,45,0,45,富邦-竹東,2023-09-22,9625
3035,智原,43,13,30,富邦-竹東,2023-09-22,9625
00715L,期街口布蘭特正2,30,2,28,富邦-竹東,2023-09-22,9625
6531,愛普*,34,6,28,富邦-竹東,2023-09-22,9625
2330,台積電,30,4,26,富邦-竹東,2023-09-22,9625
2538,基泰,25,0,25,富邦-竹東,2023-09-22,9625
00878,國泰永續高股息,52,28,24,富邦-竹東,2023-09-22,9625
2905,三商,27,5,22,富邦-竹東,2023-09-22,9625
00720B,元大投資級公司債,21,0,21,富邦-竹東,2023-09-22,9625
00932,兆豐永續高息等權,21,0,21,富邦-竹東,2023-09-22,9625
3037,欣興,25,4,21,富邦-竹東,2023-09-22,9625
1101,台泥,23,3,20,富邦-竹東,2023-09-22,9625
00696B,富邦美債20年,20,0,20,富邦-竹東,2023-09-22,9625
00688L,國泰20年美債正2,20,0,20,富邦-竹東,2023-09-22,9625
1444,力麗,38,20,18,富邦-竹東,2023-09-22,9625
00931B,統一美債20年,17,0,17,富邦-竹東,2023-09-22,9625
2002,中鋼,20,5,15,富邦-竹東,2023-09-22,9625
3450,聯鈞,42,28,14,富邦-竹東,2023-09-22,9625
00918,大華優利高填息30,13,0,13,富邦-竹東,2023-09-22,9625
00885,富邦越南,19,6,13,富邦-竹東,2023-09-22,9625
4168,醣聯,12,0,12,富邦-竹東,2023-09-22,9625
4908,前鼎,37,26,11,富邦-竹東,2023-09-22,9625
4942,嘉彰,11,0,11,富邦-竹東,2023-09-22,9625
00893,國泰智能電動車,10,0,10,富邦-竹東,2023-09-22,9625
3231,緯創,42,32,10,富邦-竹東,2023-09-22,9625
2542,興富發,10,0,10,富邦-竹東,2023-09-22,9625
2359,所羅門,11,1,10,富邦-竹東,2023-09-22,9625
4904,遠傳,10,0,10,富邦-竹東,2023-09-22,9625
00664R,國泰臺灣加權反1,10,0,10,富邦-竹東,2023-09-22,9625
4306,炎洲,10,0,10,富邦-竹東,2023-09-22,9625
4116,明基醫,10,0,10,富邦-竹東,2023-09-22,9625
5351,鈺創,10,0,10,富邦-竹東,2023-09-22,9625
5328,華容,10,0,10,富邦-竹東,2023-09-22,9625
00795B,中信美國公債20年,9,0,9,富邦-竹東,2023-09-22,9625
2881,富邦金,12,3,9,富邦-竹東,2023-09-22,9625
2356,英業達,21,12,9,富邦-竹東,2023-09-22,9625
3036,文曄,29,20,9,富邦-竹東,2023-09-22,9625
3588,通嘉,9,0,9,富邦-竹東,2023-09-22,9625
4977,眾達-KY,10,1,9,富邦-竹東,2023-09-22,9625
8210,勤誠,10,1,9,富邦-竹東,2023-09-22,9625
5880,合庫金,9,0,9,富邦-竹東,2023-09-22,9625
2618,長榮航,207,17,190,富邦-竹東,2023-09-25,9625
3014,聯陽,61,3,58,富邦-竹東,2023-09-25,9625
00921,兆豐龍頭等權重,55,0,55,富邦-竹東,2023-09-25,9625
1109,信大,40,0,40,富邦-竹東,2023-09-25,9625
00655L,國泰中國A50正2,42,2,40,富邦-竹東,2023-09-25,9625
2492,華新科,40,0,40,富邦-竹東,2023-09-25,9625
2109,華豐,35,0,35,富邦-竹東,2023-09-25,9625
3051,力特,39,6,33,富邦-竹東,2023-09-25,9625
1101,台泥,33,0,33,富邦-竹東,2023-09-25,9625
00679B,元大美債20年,31,0,31,富邦-竹東,2023-09-25,9625
00878,國泰永續高股息,30,1,29,富邦-竹東,2023-09-25,9625
00929,復華台灣科技優息,109,85,24,富邦-竹東,2023-09-25,9625
2303,聯電,37,14,23,富邦-竹東,2023-09-25,9625
00919,群益台灣精選高息,103,83,20,富邦-竹東,2023-09-25,9625
00712,復華富時不動產,20,0,20,富邦-竹東,2023-09-25,9625
2838,聯邦銀,20,0,20,富邦-竹東,2023-09-25,9625
5351,鈺創,20,0,20,富邦-竹東,2023-09-25,9625
2891,中信金,18,3,15,富邦-竹東,2023-09-25,9625
1776,展宇,14,0,14,富邦-竹東,2023-09-25,9625
1802,台玻,15,2,13,富邦-竹東,2023-09-25,9625
2025,千興,13,0,13,富邦-竹東,2023-09-25,9625
00751B,元大AAA至A公司債,13,1,12,富邦-竹東,2023-09-25,9625
4916,事欣科,14,2,12,富邦-竹東,2023-09-25,9625
6743,安普新,12,0,12,富邦-竹東,2023-09-25,9625
3163,波若威,42,31,11,富邦-竹東,2023-09-25,9625
6257,矽格,10,0,10,富邦-竹東,2023-09-25,9625
3450,聯鈞,50,40,10,富邦-竹東,2023-09-25,9625
1444,力麗,10,0,10,富邦-竹東,2023-09-25,9625
2405,輔信,10,0,10,富邦-竹東,2023-09-25,9625
2498,宏達電,10,0,10,富邦-竹東,2023-09-25,9625
1611,中電,10,0,10,富邦-竹東,2023-09-25,9625
2449,京元電子,35,25,10,富邦-竹東,2023-09-25,9625
1504,東元,22,13,9,富邦-竹東,2023-09-25,9625
2409,友達,11,2,9,富邦-竹東,2023-09-25,9625
2610,華航,11,2,9,富邦-竹東,2023-09-25,9625
4906,正文,11,3,8,富邦-竹東,2023-09-25,9625
8112,至上,12,4,8,富邦-竹東,2023-09-25,9625
6530,創威,25,17,8,富邦-竹東,2023-09-25,9625
2344,華邦電,9,2,7,富邦-竹東,2023-09-25,9625
3090,日電貿,7,0,7,富邦-竹東,2023-09-25,9625
6443,元晶,7,0,7,富邦-竹東,2023-09-25,9625
3122,笙泉,12,5,7,富邦-竹東,2023-09-25,9625
6122,擎邦,7,0,7,富邦-竹東,2023-09-25,9625
2313,華通,19,12,7,富邦-竹東,2023-09-25,9625
00931B,統一美債20年,7,0,7,富邦-竹東,2023-09-25,9625
4908,前鼎,47,41,6,富邦-竹東,2023-09-25,9625
1519,華城,11,5,6,富邦-竹東,2023-09-25,9625
3037,欣興,12,6,6,富邦-竹東,2023-09-25,9625
2451,創見,5,0,5,富邦-竹東,2023-09-25,9625
1503,士電,5,0,5,富邦-竹東,2023-09-25,9625
00680L,元大美債20正2,309,0,309,富邦-竹東,2023-09-26,9625
00632R,元大台灣50反1,311,124,187,富邦-竹東,2023-09-26,9625
00919,群益台灣精選高息,67,0,67,富邦-竹東,2023-09-26,9625
00929,復華台灣科技優息,299,233,66,富邦-竹東,2023-09-26,9625
2618,長榮航,57,0,57,富邦-竹東,2023-09-26,9625
1522,堤維西,49,7,42,富邦-竹東,2023-09-26,9625
1471,首利,42,1,41,富邦-竹東,2023-09-26,9625
5009,榮剛,37,0,37,富邦-竹東,2023-09-26,9625
00891,中信關鍵半導體,33,0,33,富邦-竹東,2023-09-26,9625
3163,波若威,42,13,29,富邦-竹東,2023-09-26,9625
2610,華航,29,0,29,富邦-竹東,2023-09-26,9625
00878,國泰永續高股息,126,99,27,富邦-竹東,2023-09-26,9625
00679B,元大美債20年,71,44,27,富邦-竹東,2023-09-26,9625
00720B,元大投資級公司債,27,1,26,富邦-竹東,2023-09-26,9625
00850,元大臺灣ESG永續,30,4,26,富邦-竹東,2023-09-26,9625
3715,定穎投控,89,64,25,富邦-竹東,2023-09-26,9625
2363,矽統,56,32,24,富邦-竹東,2023-09-26,9625
2002,中鋼,24,1,23,富邦-竹東,2023-09-26,9625
2337,旺宏,25,2,23,富邦-竹東,2023-09-26,9625
3363,上詮,28,6,22,富邦-竹東,2023-09-26,9625
5880,合庫金,32,10,22,富邦-竹東,2023-09-26,9625
2887,台新金,21,0,21,富邦-竹東,2023-09-26,9625
0056,元大高股息,30,10,20,富邦-竹東,2023-09-26,9625
2888,新光金,20,0,20,富邦-竹東,2023-09-26,9625
00671R,富邦NASDAQ反1,20,0,20,富邦-竹東,2023-09-26,9625
4157,太景*-KY,20,0,20,富邦-竹東,2023-09-26,9625
2109,華豐,18,0,18,富邦-竹東,2023-09-26,9625
2330,台積電,22,5,17,富邦-竹東,2023-09-26,9625
3481,群創,26,10,16,富邦-竹東,2023-09-26,9625
2317,鴻海,19,3,16,富邦-竹東,2023-09-26,9625
2883,凱基金,15,0,15,富邦-竹東,2023-09-26,9625
2834,臺企銀,15,0,15,富邦-竹東,2023-09-26,9625
00900,富邦特選高股息30,16,1,15,富邦-竹東,2023-09-26,9625
2464,盟立,15,0,15,富邦-竹東,2023-09-26,9625
2634,漢翔,15,0,15,富邦-竹東,2023-09-26,9625
1101,台泥,25,10,15,富邦-竹東,2023-09-26,9625
2891,中信金,27,13,14,富邦-竹東,2023-09-26,9625
00637L,元大滬深300正2,13,0,13,富邦-竹東,2023-09-26,9625
3044,健鼎,20,7,13,富邦-竹東,2023-09-26,9625
6122,擎邦,29,16,13,富邦-竹東,2023-09-26,9625
2382,廣達,51,39,12,富邦-竹東,2023-09-26,9625
1524,耿鼎,19,7,12,富邦-竹東,2023-09-26,9625
00931B,統一美債20年,84,72,12,富邦-竹東,2023-09-26,9625
00751B,元大AAA至A公司債,14,2,12,富邦-竹東,2023-09-26,9625
2354,鴻準,11,0,11,富邦-竹東,2023-09-26,9625
8358,金居,13,2,11,富邦-竹東,2023-09-26,9625
4129,聯合,11,0,11,富邦-竹東,2023-09-26,9625
00687B,國泰20年美債,27,16,11,富邦-竹東,2023-09-26,9625
00772B,中信高評級公司債,10,0,10,富邦-竹東,2023-09-26,9625
1218,泰山,10,0,10,富邦-竹東,2023-09-26,9625
00929,復華台灣科技優息,283,99,184,富邦-竹東,2023-09-27,9625
2888,新光金,108,0,108,富邦-竹東,2023-09-27,9625
2303,聯電,61,1,60,富邦-竹東,2023-09-27,9625
1618,合機,83,28,55,富邦-竹東,2023-09-27,9625
00888,永豐台灣ESG,54,0,54,富邦-竹東,2023-09-27,9625
00669R,國泰美國道瓊反1,50,0,50,富邦-竹東,2023-09-27,9625
2883,凱基金,47,5,42,富邦-竹東,2023-09-27,9625
2002,中鋼,60,19,41,富邦-竹東,2023-09-27,9625
00679B,元大美債20年,32,1,31,富邦-竹東,2023-09-27,9625
2605,新興,54,26,28,富邦-竹東,2023-09-27,9625
2206,三陽工業,38,11,27,富邦-竹東,2023-09-27,9625
6182,合晶,27,0,27,富邦-竹東,2023-09-27,9625
6531,愛普*,24,1,23,富邦-竹東,2023-09-27,9625
2344,華邦電,23,1,22,富邦-竹東,2023-09-27,9625
2637,慧洋-KY,23,3,20,富邦-竹東,2023-09-27,9625
2337,旺宏,21,1,20,富邦-竹東,2023-09-27,9625
5347,世界,19,0,19,富邦-竹東,2023-09-27,9625
1605,華新,29,12,17,富邦-竹東,2023-09-27,9625
3051,力特,65,49,16,富邦-竹東,2023-09-27,9625
6271,同欣電,17,1,16,富邦-竹東,2023-09-27,9625
6196,帆宣,15,0,15,富邦-竹東,2023-09-27,9625
00882,中信中國高股息,15,1,14,富邦-竹東,2023-09-27,9625
00891,中信關鍵半導體,14,0,14,富邦-竹東,2023-09-27,9625
3363,上詮,14,1,13,富邦-竹東,2023-09-27,9625
2014,中鴻,29,16,13,富邦-竹東,2023-09-27,9625
00712,復華富時不動產,13,0,13,富邦-竹東,2023-09-27,9625
8420,明揚,16,4,12,富邦-竹東,2023-09-27,9625
6223,旺矽,12,0,12,富邦-竹東,2023-09-27,9625
2355,敬鵬,14,2,12,富邦-竹東,2023-09-27,9625
1326,台化,11,0,11,富邦-竹東,2023-09-27,9625
3037,欣興,13,2,11,富邦-竹東,2023-09-27,9625
6530,創威,16,5,11,富邦-竹東,2023-09-27,9625
1519,華城,30,19,11,富邦-竹東,2023-09-27,9625
2317,鴻海,11,0,11,富邦-竹東,2023-09-27,9625
6770,力積電,10,0,10,富邦-竹東,2023-09-27,9625
00850,元大臺灣ESG永續,10,0,10,富邦-竹東,2023-09-27,9625
1612,宏泰,13,3,10,富邦-竹東,2023-09-27,9625
6133,金橋,10,0,10,富邦-竹東,2023-09-27,9625
00931B,統一美債20年,10,0,10,富邦-竹東,2023-09-27,9625
00720B,元大投資級公司債,29,20,9,富邦-竹東,2023-09-27,9625
6117,迎廣,9,0,9,富邦-竹東,2023-09-27,9625
6442,光聖,40,32,8,富邦-竹東,2023-09-27,9625
00706L,期元大S＆P日圓正2,8,0,8,富邦-竹東,2023-09-27,9625
6405,悅城,8,0,8,富邦-竹東,2023-09-27,9625
6116,彩晶,8,0,8,富邦-竹東,2023-09-27,9625
3450,聯鈞,12,4,8,富邦-竹東,2023-09-27,9625
00923,群益台ESG低碳50,7,0,7,富邦-竹東,2023-09-27,9625
3346,麗清,7,0,7,富邦-竹東,2023-09-27,9625
8088,品安,8,1,7,富邦-竹東,2023-09-27,9625
2891,中信金,7,0,7,富邦-竹東,2023-09-27,9625
00929,復華台灣科技優息,270,81,189,富邦-竹東,2023-09-28,9625
00679B,元大美債20年,81,11,70,富邦-竹東,2023-09-28,9625
00720B,元大投資級公司債,69,1,68,富邦-竹東,2023-09-28,9625
3231,緯創,104,44,60,富邦-竹東,2023-09-28,9625
8050,廣積,68,9,59,富邦-竹東,2023-09-28,9625
2363,矽統,76,20,56,富邦-竹東,2023-09-28,9625
2891,中信金,55,5,50,富邦-竹東,2023-09-28,9625
00637L,元大滬深300正2,39,2,37,富邦-竹東,2023-09-28,9625
00931B,統一美債20年,36,0,36,富邦-竹東,2023-09-28,9625
00919,群益台灣精選高息,69,34,35,富邦-竹東,2023-09-28,9625
00878,國泰永續高股息,40,8,32,富邦-竹東,2023-09-28,9625
3163,波若威,44,13,31,富邦-竹東,2023-09-28,9625
2408,南亞科,32,2,30,富邦-竹東,2023-09-28,9625
3669,圓展,29,0,29,富邦-竹東,2023-09-28,9625
0056,元大高股息,42,13,29,富邦-竹東,2023-09-28,9625
2402,毅嘉,32,5,27,富邦-竹東,2023-09-28,9625
2885,元大金,27,2,25,富邦-竹東,2023-09-28,9625
2329,華泰,35,10,25,富邦-竹東,2023-09-28,9625
2801,彰銀,25,0,25,富邦-竹東,2023-09-28,9625
00687B,國泰20年美債,41,17,24,富邦-竹東,2023-09-28,9625
4533,協易機,26,3,23,富邦-竹東,2023-09-28,9625
2331,精英,23,0,23,富邦-竹東,2023-09-28,9625
2344,華邦電,26,4,22,富邦-竹東,2023-09-28,9625
1312,國喬,20,0,20,富邦-竹東,2023-09-28,9625
2468,華經,26,6,20,富邦-竹東,2023-09-28,9625
00712,復華富時不動產,18,0,18,富邦-竹東,2023-09-28,9625
3363,上詮,15,0,15,富邦-竹東,2023-09-28,9625
2388,威盛,37,23,14,富邦-竹東,2023-09-28,9625
2880,華南金,13,0,13,富邦-竹東,2023-09-28,9625
4906,正文,14,1,13,富邦-竹東,2023-09-28,9625
00795B,中信美國公債20年,12,0,12,富邦-竹東,2023-09-28,9625
2618,長榮航,27,15,12,富邦-竹東,2023-09-28,9625
3006,晶豪科,17,5,12,富邦-竹東,2023-09-28,9625
4739,康普,13,2,11,富邦-竹東,2023-09-28,9625
2014,中鴻,11,0,11,富邦-竹東,2023-09-28,9625
00772B,中信高評級公司債,12,2,10,富邦-竹東,2023-09-28,9625
3037,欣興,10,0,10,富邦-竹東,2023-09-28,9625
00893,國泰智能電動車,20,10,10,富邦-竹東,2023-09-28,9625
6243,迅杰,10,0,10,富邦-竹東,2023-09-28,9625
6282,康舒,9,0,9,富邦-竹東,2023-09-28,9625
8088,品安,14,5,9,富邦-竹東,2023-09-28,9625
3035,智原,13,4,9,富邦-竹東,2023-09-28,9625
5452,佶優,8,0,8,富邦-竹東,2023-09-28,9625
1584,精剛,18,10,8,富邦-竹東,2023-09-28,9625
4114,健喬,8,0,8,富邦-竹東,2023-09-28,9625
6841,長佳智能,8,0,8,富邦-竹東,2023-09-28,9625
00882,中信中國高股息,7,0,7,富邦-竹東,2023-09-28,9625
6703,軒郁,7,0,7,富邦-竹東,2023-09-28,9625
5426,振發,7,0,7,富邦-竹東,2023-09-28,9625
2356,英業達,19,12,7,富邦-竹東,2023-09-28,9625
00680L,元大美債20正2,221,0,221,富邦-竹東,2023-10-02,9625
1618,合機,120,21,99,富邦-竹東,2023-10-02,9625
00929,復華台灣科技優息,104,16,88,富邦-竹東,2023-10-02,9625
2356,英業達,76,28,48,富邦-竹東,2023-10-02,9625
2618,長榮航,45,0,45,富邦-竹東,2023-10-02,9625
3704,合勤控,41,0,41,富邦-竹東,2023-10-02,9625
2405,輔信,46,7,39,富邦-竹東,2023-10-02,9625
2002,中鋼,41,5,36,富邦-竹東,2023-10-02,9625
2344,華邦電,39,4,35,富邦-竹東,2023-10-02,9625
00772B,中信高評級公司債,33,0,33,富邦-竹東,2023-10-02,9625
2603,長榮,36,4,32,富邦-竹東,2023-10-02,9625
00720B,元大投資級公司債,29,0,29,富邦-竹東,2023-10-02,9625
00878,國泰永續高股息,72,44,28,富邦-竹東,2023-10-02,9625
2204,中華,27,0,27,富邦-竹東,2023-10-02,9625
3014,聯陽,27,0,27,富邦-竹東,2023-10-02,9625
2891,中信金,25,0,25,富邦-竹東,2023-10-02,9625
00931B,統一美債20年,23,0,23,富邦-竹東,2023-10-02,9625
2633,台灣高鐵,23,0,23,富邦-竹東,2023-10-02,9625
3045,台灣大,20,0,20,富邦-竹東,2023-10-02,9625
00908,富邦入息REITs+,20,0,20,富邦-竹東,2023-10-02,9625
2025,千興,20,0,20,富邦-竹東,2023-10-02,9625
2363,矽統,37,18,19,富邦-竹東,2023-10-02,9625
9919,康那香,20,2,18,富邦-竹東,2023-10-02,9625
6122,擎邦,21,3,18,富邦-竹東,2023-10-02,9625
3715,定穎投控,74,59,15,富邦-竹東,2023-10-02,9625
0056,元大高股息,21,6,15,富邦-竹東,2023-10-02,9625
3363,上詮,21,6,15,富邦-竹東,2023-10-02,9625
2887,台新金,14,0,14,富邦-竹東,2023-10-02,9625
2883,凱基金,13,0,13,富邦-竹東,2023-10-02,9625
00679B,元大美債20年,13,0,13,富邦-竹東,2023-10-02,9625
6271,同欣電,15,2,13,富邦-竹東,2023-10-02,9625
1584,精剛,19,7,12,富邦-竹東,2023-10-02,9625
2609,陽明,22,10,12,富邦-竹東,2023-10-02,9625
1504,東元,26,15,11,富邦-竹東,2023-10-02,9625
6530,創威,14,3,11,富邦-竹東,2023-10-02,9625
006208,富邦台50,11,0,11,富邦-竹東,2023-10-02,9625
2888,新光金,10,0,10,富邦-竹東,2023-10-02,9625
4977,眾達-KY,10,0,10,富邦-竹東,2023-10-02,9625
6120,達運,10,0,10,富邦-竹東,2023-10-02,9625
3149,正達,10,0,10,富邦-竹東,2023-10-02,9625
00712,復華富時不動產,11,1,10,富邦-竹東,2023-10-02,9625
4904,遠傳,15,5,10,富邦-竹東,2023-10-02,9625
2316,楠梓電,11,1,10,富邦-竹東,2023-10-02,9625
3276,宇環,10,0,10,富邦-竹東,2023-10-02,9625
2324,仁寶,83,74,9,富邦-竹東,2023-10-02,9625
3042,晶技,9,0,9,富邦-竹東,2023-10-02,9625
1101,台泥,9,0,9,富邦-竹東,2023-10-02,9625
4979,華星光,14,5,9,富邦-竹東,2023-10-02,9625
00687B,國泰20年美債,9,0,9,富邦-竹東,2023-10-02,9625
2017,官田鋼,9,0,9,富邦-竹東,2023-10-02,9625
00632R,元大台灣50反1,592,0,592,富邦-竹東,2023-10-03,9625
00929,復華台灣科技優息,215,20,195,富邦-竹東,2023-10-03,9625
00637L,元大滬深300正2,149,2,147,富邦-竹東,2023-10-03,9625
00753L,中信中國50正2,110,0,110,富邦-竹東,2023-10-03,9625
0056,元大高股息,151,79,72,富邦-竹東,2023-10-03,9625
2409,友達,83,11,72,富邦-竹東,2023-10-03,9625
00922,國泰台灣領袖50,64,0,64,富邦-竹東,2023-10-03,9625
00919,群益台灣精選高息,91,38,53,富邦-竹東,2023-10-03,9625
2845,遠東銀,50,0,50,富邦-竹東,2023-10-03,9625
00882,中信中國高股息,49,0,49,富邦-竹東,2023-10-03,9625
1514,亞力,130,90,40,富邦-竹東,2023-10-03,9625
00720B,元大投資級公司債,37,0,37,富邦-竹東,2023-10-03,9625
00712,復華富時不動產,36,0,36,富邦-竹東,2023-10-03,9625
2356,英業達,45,10,35,富邦-竹東,2023-10-03,9625
2002,中鋼,35,8,27,富邦-竹東,2023-10-03,9625
3481,群創,31,5,26,富邦-竹東,2023-10-03,9625
2303,聯電,26,2,24,富邦-竹東,2023-10-03,9625
3231,緯創,88,65,23,富邦-竹東,2023-10-03,9625
6282,康舒,34,11,23,富邦-竹東,2023-10-03,9625
00900,富邦特選高股息30,32,10,22,富邦-竹東,2023-10-03,9625
2887,台新金,21,0,21,富邦-竹東,2023-10-03,9625
00920,富邦ESG綠色電力,20,0,20,富邦-竹東,2023-10-03,9625
00665L,富邦�琤肭磪囓�2,20,0,20,富邦-竹東,2023-10-03,9625
2812,台中銀,20,0,20,富邦-竹東,2023-10-03,9625
6214,精誠,20,0,20,富邦-竹東,2023-10-03,9625
3363,上詮,27,9,18,富邦-竹東,2023-10-03,9625
5009,榮剛,18,0,18,富邦-竹東,2023-10-03,9625
5880,合庫金,18,0,18,富邦-竹東,2023-10-03,9625
3715,定穎投控,41,25,16,富邦-竹東,2023-10-03,9625
2891,中信金,17,1,16,富邦-竹東,2023-10-03,9625
3025,星通,25,11,14,富邦-竹東,2023-10-03,9625
2633,台灣高鐵,14,0,14,富邦-竹東,2023-10-03,9625
1605,華新,28,14,14,富邦-竹東,2023-10-03,9625
2880,華南金,16,3,13,富邦-竹東,2023-10-03,9625
4747,強生,13,0,13,富邦-竹東,2023-10-03,9625
1504,東元,13,0,13,富邦-竹東,2023-10-03,9625
2329,華泰,19,6,13,富邦-竹東,2023-10-03,9625
2883,凱基金,12,0,12,富邦-竹東,2023-10-03,9625
00931B,統一美債20年,12,0,12,富邦-竹東,2023-10-03,9625
8050,廣積,12,0,12,富邦-竹東,2023-10-03,9625
2313,華通,14,3,11,富邦-竹東,2023-10-03,9625
2603,長榮,19,8,11,富邦-竹東,2023-10-03,9625
00715L,期街口布蘭特正2,12,1,11,富邦-竹東,2023-10-03,9625
2402,毅嘉,16,6,10,富邦-竹東,2023-10-03,9625
00671R,富邦NASDAQ反1,10,0,10,富邦-竹東,2023-10-03,9625
6243,迅杰,10,0,10,富邦-竹東,2023-10-03,9625
2605,新興,10,0,10,富邦-竹東,2023-10-03,9625
3045,台灣大,10,0,10,富邦-竹東,2023-10-03,9625
2539,櫻花建,10,0,10,富邦-竹東,2023-10-03,9625
1806,冠軍,10,0,10,富邦-竹東,2023-10-03,9625
2303,聯電,131,0,131,富邦-竹東,2023-10-04,9625
00712,復華富時不動產,126,1,125,富邦-竹東,2023-10-04,9625
00929,復華台灣科技優息,170,76,94,富邦-竹東,2023-10-04,9625
00922,國泰台灣領袖50,98,20,78,富邦-竹東,2023-10-04,9625
2887,台新金,80,4,76,富邦-竹東,2023-10-04,9625
00720B,元大投資級公司債,97,22,75,富邦-竹東,2023-10-04,9625
00637L,元大滬深300正2,66,4,62,富邦-竹東,2023-10-04,9625
2884,玉山金,52,1,51,富邦-竹東,2023-10-04,9625
2891,中信金,61,10,51,富邦-竹東,2023-10-04,9625
2892,第一金,49,4,45,富邦-竹東,2023-10-04,9625
2888,新光金,52,12,40,富邦-竹東,2023-10-04,9625
2409,友達,38,0,38,富邦-竹東,2023-10-04,9625
2002,中鋼,44,6,38,富邦-竹東,2023-10-04,9625
00679B,元大美債20年,33,2,31,富邦-竹東,2023-10-04,9625
3231,緯創,59,30,29,富邦-竹東,2023-10-04,9625
1609,大亞,32,4,28,富邦-竹東,2023-10-04,9625
1301,台塑,26,0,26,富邦-竹東,2023-10-04,9625
3481,群創,39,13,26,富邦-竹東,2023-10-04,9625
00919,群益台灣精選高息,82,57,25,富邦-竹東,2023-10-04,9625
0056,元大高股息,37,12,25,富邦-竹東,2023-10-04,9625
3588,通嘉,26,1,25,富邦-竹東,2023-10-04,9625
2883,凱基金,60,35,25,富邦-竹東,2023-10-04,9625
2881,富邦金,24,1,23,富邦-竹東,2023-10-04,9625
00850,元大臺灣ESG永續,21,0,21,富邦-竹東,2023-10-04,9625
2201,裕隆,24,3,21,富邦-竹東,2023-10-04,9625
3163,波若威,24,3,21,富邦-竹東,2023-10-04,9625
6139,亞翔,23,2,21,富邦-竹東,2023-10-04,9625
2458,義隆,22,2,20,富邦-竹東,2023-10-04,9625
00931B,統一美債20年,19,0,19,富邦-竹東,2023-10-04,9625
5880,合庫金,21,2,19,富邦-竹東,2023-10-04,9625
2880,華南金,19,0,19,富邦-竹東,2023-10-04,9625
2538,基泰,83,65,18,富邦-竹東,2023-10-04,9625
1504,東元,19,2,17,富邦-竹東,2023-10-04,9625
2809,京城銀,17,0,17,富邦-竹東,2023-10-04,9625
2330,台積電,18,2,16,富邦-竹東,2023-10-04,9625
6770,力積電,16,0,16,富邦-竹東,2023-10-04,9625
2014,中鴻,15,0,15,富邦-竹東,2023-10-04,9625
00902,中信電池及儲能,15,0,15,富邦-竹東,2023-10-04,9625
00713,元大台灣高息低波,14,0,14,富邦-竹東,2023-10-04,9625
2344,華邦電,15,1,14,富邦-竹東,2023-10-04,9625
2337,旺宏,13,0,13,富邦-竹東,2023-10-04,9625
2838,聯邦銀,13,0,13,富邦-竹東,2023-10-04,9625
3006,晶豪科,39,27,12,富邦-竹東,2023-10-04,9625
3289,宜特,12,0,12,富邦-竹東,2023-10-04,9625
1795,美時,14,2,12,富邦-竹東,2023-10-04,9625
6456,GIS-KY,12,0,12,富邦-竹東,2023-10-04,9625
5009,榮剛,12,0,12,富邦-竹東,2023-10-04,9625
1101,台泥,13,1,12,富邦-竹東,2023-10-04,9625
3374,精材,11,0,11,富邦-竹東,2023-10-04,9625
2399,映泰,11,0,11,富邦-竹東,2023-10-04,9625
00632R,元大台灣50反1,520,50,470,富邦-竹東,2023-10-05,9625
2367,燿華,107,2,105,富邦-竹東,2023-10-05,9625
00712,復華富時不動產,96,3,93,富邦-竹東,2023-10-05,9625
2618,長榮航,92,33,59,富邦-竹東,2023-10-05,9625
2834,臺企銀,48,0,48,富邦-竹東,2023-10-05,9625
3715,定穎投控,86,56,30,富邦-竹東,2023-10-05,9625
2605,新興,30,0,30,富邦-竹東,2023-10-05,9625
00922,國泰台灣領袖50,38,10,28,富邦-竹東,2023-10-05,9625
00715L,期街口布蘭特正2,28,0,28,富邦-竹東,2023-10-05,9625
8271,宇瞻,28,1,27,富邦-竹東,2023-10-05,9625
3163,波若威,45,18,27,富邦-竹東,2023-10-05,9625
6288,聯嘉,35,12,23,富邦-竹東,2023-10-05,9625
00719B,元大美債1-3,22,0,22,富邦-竹東,2023-10-05,9625
6274,台燿,24,3,21,富邦-竹東,2023-10-05,9625
2359,所羅門,18,2,16,富邦-竹東,2023-10-05,9625
2313,華通,26,11,15,富邦-竹東,2023-10-05,9625
6125,廣運,33,18,15,富邦-竹東,2023-10-05,9625
3014,聯陽,14,0,14,富邦-竹東,2023-10-05,9625
1609,大亞,13,0,13,富邦-竹東,2023-10-05,9625
1519,華城,23,10,13,富邦-竹東,2023-10-05,9625
1514,亞力,33,21,12,富邦-竹東,2023-10-05,9625
00773B,中信優先金融債,12,0,12,富邦-竹東,2023-10-05,9625
1402,遠東新,11,0,11,富邦-竹東,2023-10-05,9625
2892,第一金,12,1,11,富邦-竹東,2023-10-05,9625
00772B,中信高評級公司債,12,1,11,富邦-竹東,2023-10-05,9625
5880,合庫金,11,1,10,富邦-竹東,2023-10-05,9625
2881,富邦金,11,1,10,富邦-竹東,2023-10-05,9625
8105,凌巨,10,0,10,富邦-竹東,2023-10-05,9625
00927,群益半導體收益,130,120,10,富邦-竹東,2023-10-05,9625
1718,中纖,10,0,10,富邦-竹東,2023-10-05,9625
1319,東陽,12,2,10,富邦-竹東,2023-10-05,9625
5425,台半,10,0,10,富邦-竹東,2023-10-05,9625
2382,廣達,22,12,10,富邦-竹東,2023-10-05,9625
2002,中鋼,19,10,9,富邦-竹東,2023-10-05,9625
3105,穩懋,9,0,9,富邦-竹東,2023-10-05,9625
4147,中裕,10,1,9,富邦-竹東,2023-10-05,9625
2812,台中銀,10,1,9,富邦-竹東,2023-10-05,9625
2538,基泰,22,13,9,富邦-竹東,2023-10-05,9625
5706,鳳凰,8,0,8,富邦-竹東,2023-10-05,9625
0056,元大高股息,45,37,8,富邦-竹東,2023-10-05,9625
2201,裕隆,9,2,7,富邦-竹東,2023-10-05,9625
3122,笙泉,14,7,7,富邦-竹東,2023-10-05,9625
1605,華新,16,9,7,富邦-竹東,2023-10-05,9625
2485,兆赫,8,2,6,富邦-竹東,2023-10-05,9625
3265,台星科,12,6,6,富邦-竹東,2023-10-05,9625
3669,圓展,17,11,6,富邦-竹東,2023-10-05,9625
2637,慧洋-KY,6,0,6,富邦-竹東,2023-10-05,9625
4747,強生,6,0,6,富邦-竹東,2023-10-05,9625
2409,友達,5,0,5,富邦-竹東,2023-10-05,9625
5483,中美晶,5,0,5,富邦-竹東,2023-10-05,9625
00715L,期街口布蘭特正2,224,1,223,富邦-竹東,2023-10-06,9625
9105,泰金寶-DR,106,0,106,富邦-竹東,2023-10-06,9625
00878,國泰永續高股息,112,16,96,富邦-竹東,2023-10-06,9625
00922,國泰台灣領袖50,44,0,44,富邦-竹東,2023-10-06,9625
1603,華電,63,30,33,富邦-竹東,2023-10-06,9625
2329,華泰,42,11,31,富邦-竹東,2023-10-06,9625
2618,長榮航,58,30,28,富邦-竹東,2023-10-06,9625
6139,亞翔,27,4,23,富邦-竹東,2023-10-06,9625
2409,友達,21,0,21,富邦-竹東,2023-10-06,9625
00720B,元大投資級公司債,20,0,20,富邦-竹東,2023-10-06,9625
3265,台星科,23,3,20,富邦-竹東,2023-10-06,9625
2641,正德,25,5,20,富邦-竹東,2023-10-06,9625
00919,群益台灣精選高息,36,17,19,富邦-竹東,2023-10-06,9625
3438,類比科,18,0,18,富邦-竹東,2023-10-06,9625
0056,元大高股息,22,5,17,富邦-竹東,2023-10-06,9625
2630,亞航,17,0,17,富邦-竹東,2023-10-06,9625
00712,復華富時不動產,15,0,15,富邦-竹東,2023-10-06,9625
00632R,元大台灣50反1,15,0,15,富邦-竹東,2023-10-06,9625
00931B,統一美債20年,14,0,14,富邦-竹東,2023-10-06,9625
2301,光寶科,19,5,14,富邦-竹東,2023-10-06,9625
2313,華通,16,3,13,富邦-竹東,2023-10-06,9625
2610,華航,14,1,13,富邦-竹東,2023-10-06,9625
3588,通嘉,18,5,13,富邦-竹東,2023-10-06,9625
1605,華新,32,20,12,富邦-竹東,2023-10-06,9625
6122,擎邦,24,12,12,富邦-竹東,2023-10-06,9625
00772B,中信高評級公司債,12,0,12,富邦-竹東,2023-10-06,9625
6451,訊芯-KY,31,20,11,富邦-竹東,2023-10-06,9625
2486,一詮,44,33,11,富邦-竹東,2023-10-06,9625
2427,三商電,19,8,11,富邦-竹東,2023-10-06,9625
6223,旺矽,11,0,11,富邦-竹東,2023-10-06,9625
1815,富喬,48,38,10,富邦-竹東,2023-10-06,9625
2354,鴻準,12,2,10,富邦-竹東,2023-10-06,9625
00923,群益台ESG低碳50,10,0,10,富邦-竹東,2023-10-06,9625
1809,中釉,10,0,10,富邦-竹東,2023-10-06,9625
5227,立凱-KY,10,0,10,富邦-竹東,2023-10-06,9625
5258,虹堡,11,1,10,富邦-竹東,2023-10-06,9625
00679B,元大美債20年,9,0,9,富邦-竹東,2023-10-06,9625
5347,世界,10,1,9,富邦-竹東,2023-10-06,9625
3325,旭品,81,72,9,富邦-竹東,2023-10-06,9625
3276,宇環,12,3,9,富邦-竹東,2023-10-06,9625
8059,凱碩,9,0,9,富邦-竹東,2023-10-06,9625
3705,永信,10,2,8,富邦-竹東,2023-10-06,9625
3701,大眾控,9,1,8,富邦-竹東,2023-10-06,9625
4747,強生,8,0,8,富邦-竹東,2023-10-06,9625
1519,華城,16,8,8,富邦-竹東,2023-10-06,9625
2412,中華電,7,0,7,富邦-竹東,2023-10-06,9625
3032,偉訓,13,6,7,富邦-竹東,2023-10-06,9625
2002,中鋼,10,3,7,富邦-竹東,2023-10-06,9625
00888,永豐台灣ESG,7,0,7,富邦-竹東,2023-10-06,9625
2337,旺宏,7,0,7,富邦-竹東,2023-10-06,9625
3013,晟銘電,332,45,287,富邦-竹東,2023-10-11,9625
3231,緯創,193,37,156,富邦-竹東,2023-10-11,9625
00878,國泰永續高股息,162,10,152,富邦-竹東,2023-10-11,9625
2891,中信金,96,14,82,富邦-竹東,2023-10-11,9625
2887,台新金,60,1,59,富邦-竹東,2023-10-11,9625
00932,兆豐永續高息等權,51,1,50,富邦-竹東,2023-10-11,9625
2356,英業達,53,4,49,富邦-竹東,2023-10-11,9625
6770,力積電,50,6,44,富邦-竹東,2023-10-11,9625
9105,泰金寶-DR,40,0,40,富邦-竹東,2023-10-11,9625
00720B,元大投資級公司債,37,1,36,富邦-竹東,2023-10-11,9625
00929,復華台灣科技優息,82,48,34,富邦-竹東,2023-10-11,9625
5243,乙盛-KY,33,0,33,富邦-竹東,2023-10-11,9625
5258,虹堡,31,0,31,富邦-竹東,2023-10-11,9625
00751B,元大AAA至A公司債,33,4,29,富邦-竹東,2023-10-11,9625
9950,萬國通,29,4,25,富邦-竹東,2023-10-11,9625
5880,合庫金,30,6,24,富邦-竹東,2023-10-11,9625
2201,裕隆,24,1,23,富邦-竹東,2023-10-11,9625
2382,廣達,77,54,23,富邦-竹東,2023-10-11,9625
3322,建舜電,25,4,21,富邦-竹東,2023-10-11,9625
2206,三陽工業,30,10,20,富邦-竹東,2023-10-11,9625
6283,淳安,20,0,20,富邦-竹東,2023-10-11,9625
2634,漢翔,29,9,20,富邦-竹東,2023-10-11,9625
00637L,元大滬深300正2,22,2,20,富邦-竹東,2023-10-11,9625
8930,青鋼,20,0,20,富邦-竹東,2023-10-11,9625
2645,長榮航太,19,0,19,富邦-竹東,2023-10-11,9625
3325,旭品,18,0,18,富邦-竹東,2023-10-11,9625
6223,旺矽,18,0,18,富邦-竹東,2023-10-11,9625
4747,強生,18,0,18,富邦-竹東,2023-10-11,9625
2609,陽明,22,5,17,富邦-竹東,2023-10-11,9625
3338,泰碩,17,1,16,富邦-竹東,2023-10-11,9625
00712,復華富時不動產,15,0,15,富邦-竹東,2023-10-11,9625
2314,台揚,15,0,15,富邦-竹東,2023-10-11,9625
2618,長榮航,23,8,15,富邦-竹東,2023-10-11,9625
6197,佳必琪,16,2,14,富邦-竹東,2023-10-11,9625
3481,群創,17,5,12,富邦-竹東,2023-10-11,9625
2465,麗臺,12,0,12,富邦-竹東,2023-10-11,9625
4744,皇將,12,0,12,富邦-竹東,2023-10-11,9625
00679B,元大美債20年,16,4,12,富邦-竹東,2023-10-11,9625
2375,凱美,11,0,11,富邦-竹東,2023-10-11,9625
2402,毅嘉,12,1,11,富邦-竹東,2023-10-11,9625
4207,環泰,10,0,10,富邦-竹東,2023-10-11,9625
3363,上詮,21,11,10,富邦-竹東,2023-10-11,9625
8401,白紗科,10,0,10,富邦-竹東,2023-10-11,9625
00931B,統一美債20年,10,0,10,富邦-竹東,2023-10-11,9625
6288,聯嘉,11,1,10,富邦-竹東,2023-10-11,9625
00795B,中信美國公債20年,10,0,10,富邦-竹東,2023-10-11,9625
00922,國泰台灣領袖50,13,3,10,富邦-竹東,2023-10-11,9625
2903,遠百,10,1,9,富邦-竹東,2023-10-11,9625
1815,富喬,36,27,9,富邦-竹東,2023-10-11,9625
1809,中釉,10,1,9,富邦-竹東,2023-10-11,9625
00671R,富邦NASDAQ反1,408,0,408,富邦-竹東,2023-10-12,9625
00715L,期街口布蘭特正2,243,0,243,富邦-竹東,2023-10-12,9625
00712,復華富時不動產,216,9,207,富邦-竹東,2023-10-12,9625
3013,晟銘電,172,57,115,富邦-竹東,2023-10-12,9625
00929,復華台灣科技優息,142,37,105,富邦-竹東,2023-10-12,9625
00669R,國泰美國道瓊反1,69,0,69,富邦-竹東,2023-10-12,9625
00632R,元大台灣50反1,64,0,64,富邦-竹東,2023-10-12,9625
4533,協易機,67,4,63,富邦-竹東,2023-10-12,9625
1802,台玻,34,4,30,富邦-竹東,2023-10-12,9625
6257,矽格,32,5,27,富邦-竹東,2023-10-12,9625
00753L,中信中國50正2,22,0,22,富邦-竹東,2023-10-12,9625
2485,兆赫,22,0,22,富邦-竹東,2023-10-12,9625
00664R,國泰臺灣加權反1,20,0,20,富邦-竹東,2023-10-12,9625
8930,青鋼,20,0,20,富邦-竹東,2023-10-12,9625
4916,事欣科,20,1,19,富邦-竹東,2023-10-12,9625
00679B,元大美債20年,20,1,19,富邦-竹東,2023-10-12,9625
2408,南亞科,26,8,18,富邦-竹東,2023-10-12,9625
00878,國泰永續高股息,26,9,17,富邦-竹東,2023-10-12,9625
2382,廣達,43,27,16,富邦-竹東,2023-10-12,9625
2352,佳世達,16,0,16,富邦-竹東,2023-10-12,9625
1815,富喬,49,33,16,富邦-竹東,2023-10-12,9625
00720B,元大投資級公司債,20,4,16,富邦-竹東,2023-10-12,9625
3014,聯陽,16,1,15,富邦-竹東,2023-10-12,9625
1736,喬山,15,0,15,富邦-竹東,2023-10-12,9625
1324,地球,15,0,15,富邦-竹東,2023-10-12,9625
00919,群益台灣精選高息,24,10,14,富邦-竹東,2023-10-12,9625
2883,凱基金,30,16,14,富邦-竹東,2023-10-12,9625
2515,中工,12,0,12,富邦-竹東,2023-10-12,9625
6548,長科*,12,0,12,富邦-竹東,2023-10-12,9625
00772B,中信高評級公司債,12,0,12,富邦-竹東,2023-10-12,9625
00922,國泰台灣領袖50,11,0,11,富邦-竹東,2023-10-12,9625
8271,宇瞻,11,0,11,富邦-竹東,2023-10-12,9625
3704,合勤控,12,1,11,富邦-竹東,2023-10-12,9625
2888,新光金,20,10,10,富邦-竹東,2023-10-12,9625
00687B,國泰20年美債,10,0,10,富邦-竹東,2023-10-12,9625
00642U,期元大S＆P石油,10,0,10,富邦-竹東,2023-10-12,9625
3380,明泰,10,0,10,富邦-竹東,2023-10-12,9625
8110,華東,10,0,10,富邦-竹東,2023-10-12,9625
3264,欣銓,11,1,10,富邦-竹東,2023-10-12,9625
8033,雷虎,10,0,10,富邦-竹東,2023-10-12,9625
2337,旺宏,13,3,10,富邦-竹東,2023-10-12,9625
5272,笙科,8,0,8,富邦-竹東,2023-10-12,9625
00795B,中信美國公債20年,8,0,8,富邦-竹東,2023-10-12,9625
2353,宏��,8,1,7,富邦-竹東,2023-10-12,9625
2516,新建,8,1,7,富邦-竹東,2023-10-12,9625
2468,華經,6,0,6,富邦-竹東,2023-10-12,9625
2399,映泰,6,0,6,富邦-竹東,2023-10-12,9625
6415,矽力*-KY,6,0,6,富邦-竹東,2023-10-12,9625
00722B,群益投資級電信債,6,0,6,富邦-竹東,2023-10-12,9625
8926,台汽電,6,0,6,富邦-竹東,2023-10-12,9625
1905,華紙,118,1,117,富邦-竹東,2023-10-13,9625
00931B,統一美債20年,83,0,83,富邦-竹東,2023-10-13,9625
3231,緯創,100,23,77,富邦-竹東,2023-10-13,9625
00671R,富邦NASDAQ反1,65,0,65,富邦-竹東,2023-10-13,9625
0056,元大高股息,106,42,64,富邦-竹東,2023-10-13,9625
2618,長榮航,89,31,58,富邦-竹東,2023-10-13,9625
00878,國泰永續高股息,57,2,55,富邦-竹東,2023-10-13,9625
00720B,元大投資級公司債,56,2,54,富邦-竹東,2023-10-13,9625
8076,伍豐,50,11,39,富邦-竹東,2023-10-13,9625
00751B,元大AAA至A公司債,35,0,35,富邦-竹東,2023-10-13,9625
00922,國泰台灣領袖50,52,20,32,富邦-竹東,2023-10-13,9625
00632R,元大台灣50反1,30,0,30,富邦-竹東,2023-10-13,9625
00688L,國泰20年美債正2,30,0,30,富邦-竹東,2023-10-13,9625
2356,英業達,39,11,28,富邦-竹東,2023-10-13,9625
2382,廣達,75,48,27,富邦-竹東,2023-10-13,9625
00772B,中信高評級公司債,25,0,25,富邦-竹東,2023-10-13,9625
3313,斐成,25,1,24,富邦-竹東,2023-10-13,9625
1319,東陽,39,17,22,富邦-竹東,2023-10-13,9625
2605,新興,27,5,22,富邦-竹東,2023-10-13,9625
1605,華新,22,4,18,富邦-竹東,2023-10-13,9625
3013,晟銘電,36,19,17,富邦-竹東,2023-10-13,9625
2492,華新科,18,1,17,富邦-竹東,2023-10-13,9625
2329,華泰,28,12,16,富邦-竹東,2023-10-13,9625
1708,東鹼,16,0,16,富邦-竹東,2023-10-13,9625
3078,僑威,59,44,15,富邦-竹東,2023-10-13,9625
2301,光寶科,23,8,15,富邦-竹東,2023-10-13,9625
00715L,期街口布蘭特正2,19,5,14,富邦-竹東,2023-10-13,9625
3596,智易,15,1,14,富邦-竹東,2023-10-13,9625
2211,長榮鋼,14,1,13,富邦-竹東,2023-10-13,9625
2606,裕民,13,0,13,富邦-竹東,2023-10-13,9625
2353,宏��,13,0,13,富邦-竹東,2023-10-13,9625
3380,明泰,15,3,12,富邦-竹東,2023-10-13,9625
5347,世界,19,7,12,富邦-竹東,2023-10-13,9625
2883,凱基金,11,0,11,富邦-竹東,2023-10-13,9625
4916,事欣科,11,0,11,富邦-竹東,2023-10-13,9625
6275,元山,11,0,11,富邦-竹東,2023-10-13,9625
00919,群益台灣精選高息,33,23,10,富邦-竹東,2023-10-13,9625
2409,友達,24,14,10,富邦-竹東,2023-10-13,9625
2486,一詮,13,3,10,富邦-竹東,2023-10-13,9625
2485,兆赫,10,0,10,富邦-竹東,2023-10-13,9625
3323,加百裕,10,0,10,富邦-竹東,2023-10-13,9625
2365,昆盈,13,3,10,富邦-竹東,2023-10-13,9625
2344,華邦電,26,16,10,富邦-竹東,2023-10-13,9625
2376,技嘉,15,5,10,富邦-竹東,2023-10-13,9625
1795,美時,14,5,9,富邦-竹東,2023-10-13,9625
5009,榮剛,9,0,9,富邦-竹東,2023-10-13,9625
8112,至上,9,0,9,富邦-竹東,2023-10-13,9625
1513,中興電,9,0,9,富邦-竹東,2023-10-13,9625
3325,旭品,12,4,8,富邦-竹東,2023-10-13,9625
4979,華星光,25,17,8,富邦-竹東,2023-10-13,9625
00929,復華台灣科技優息,380,3,377,富邦-竹東,2023-10-16,9625
2344,華邦電,142,28,114,富邦-竹東,2023-10-16,9625
00922,國泰台灣領袖50,96,13,83,富邦-竹東,2023-10-16,9625
2363,矽統,160,90,70,富邦-竹東,2023-10-16,9625
2618,長榮航,69,9,60,富邦-竹東,2023-10-16,9625
0056,元大高股息,53,10,43,富邦-竹東,2023-10-16,9625
2392,正崴,44,1,43,富邦-竹東,2023-10-16,9625
00680L,元大美債20正2,36,0,36,富邦-竹東,2023-10-16,9625
2206,三陽工業,50,22,28,富邦-竹東,2023-10-16,9625
2369,菱生,25,1,24,富邦-竹東,2023-10-16,9625
1605,華新,32,9,23,富邦-竹東,2023-10-16,9625
6223,旺矽,28,7,21,富邦-竹東,2023-10-16,9625
6237,驊訊,20,0,20,富邦-竹東,2023-10-16,9625
6770,力積電,54,35,19,富邦-竹東,2023-10-16,9625
2014,中鴻,20,1,19,富邦-竹東,2023-10-16,9625
00669R,國泰美國道瓊反1,19,0,19,富邦-竹東,2023-10-16,9625
2605,新興,19,0,19,富邦-竹東,2023-10-16,9625
3481,群創,23,5,18,富邦-竹東,2023-10-16,9625
2610,華航,38,20,18,富邦-竹東,2023-10-16,9625
2365,昆盈,17,0,17,富邦-竹東,2023-10-16,9625
2634,漢翔,18,2,16,富邦-竹東,2023-10-16,9625
3706,神達,26,11,15,富邦-竹東,2023-10-16,9625
1815,富喬,40,27,13,富邦-竹東,2023-10-16,9625
1514,亞力,29,16,13,富邦-竹東,2023-10-16,9625
2607,榮運,16,4,12,富邦-竹東,2023-10-16,9625
00713,元大台灣高息低波,12,0,12,富邦-竹東,2023-10-16,9625
2402,毅嘉,11,0,11,富邦-竹東,2023-10-16,9625
4714,永捷,12,1,11,富邦-竹東,2023-10-16,9625
00720B,元大投資級公司債,11,0,11,富邦-竹東,2023-10-16,9625
2330,台積電,16,6,10,富邦-竹東,2023-10-16,9625
3045,台灣大,10,0,10,富邦-竹東,2023-10-16,9625
3236,千如,10,0,10,富邦-竹東,2023-10-16,9625
3078,僑威,16,6,10,富邦-竹東,2023-10-16,9625
6285,啟��,12,2,10,富邦-竹東,2023-10-16,9625
2337,旺宏,10,0,10,富邦-竹東,2023-10-16,9625
8222,寶一,10,0,10,富邦-竹東,2023-10-16,9625
1109,信大,9,0,9,富邦-竹東,2023-10-16,9625
00923,群益台ESG低碳50,10,1,9,富邦-竹東,2023-10-16,9625
3587,閎康,9,0,9,富邦-竹東,2023-10-16,9625
00712,復華富時不動產,9,1,8,富邦-竹東,2023-10-16,9625
2201,裕隆,40,32,8,富邦-竹東,2023-10-16,9625
00637L,元大滬深300正2,8,0,8,富邦-竹東,2023-10-16,9625
5210,寶碩,8,0,8,富邦-竹東,2023-10-16,9625
2324,仁寶,20,12,8,富邦-竹東,2023-10-16,9625
2449,京元電子,13,5,8,富邦-竹東,2023-10-16,9625
2913,農林,9,1,8,富邦-竹東,2023-10-16,9625
3037,欣興,13,6,7,富邦-竹東,2023-10-16,9625
00931B,統一美債20年,7,0,7,富邦-竹東,2023-10-16,9625
4744,皇將,10,3,7,富邦-竹東,2023-10-16,9625
2743,山富,18,11,7,富邦-竹東,2023-10-16,9625
0056,元大高股息,181,41,140,富邦-竹東,2023-10-17,9625
2542,興富發,81,0,81,富邦-竹東,2023-10-17,9625
00720B,元大投資級公司債,69,0,69,富邦-竹東,2023-10-17,9625
00878,國泰永續高股息,76,9,67,富邦-竹東,2023-10-17,9625
3617,碩天,65,2,63,富邦-竹東,2023-10-17,9625
6213,聯茂,61,0,61,富邦-竹東,2023-10-17,9625
3231,緯創,130,77,53,富邦-竹東,2023-10-17,9625
00929,復華台灣科技優息,143,99,44,富邦-竹東,2023-10-17,9625
00857B,永豐20年美公債,41,0,41,富邦-竹東,2023-10-17,9625
2610,華航,48,10,38,富邦-竹東,2023-10-17,9625
1708,東鹼,34,1,33,富邦-竹東,2023-10-17,9625
2884,玉山金,32,0,32,富邦-竹東,2023-10-17,9625
2618,長榮航,156,127,29,富邦-竹東,2023-10-17,9625
3481,群創,32,3,29,富邦-竹東,2023-10-17,9625
3094,聯傑,42,13,29,富邦-竹東,2023-10-17,9625
1609,大亞,31,4,27,富邦-竹東,2023-10-17,9625
3363,上詮,30,11,19,富邦-竹東,2023-10-17,9625
3163,波若威,28,9,19,富邦-竹東,2023-10-17,9625
2363,矽統,159,141,18,富邦-竹東,2023-10-17,9625
2888,新光金,19,3,16,富邦-竹東,2023-10-17,9625
00687B,國泰20年美債,16,0,16,富邦-竹東,2023-10-17,9625
3025,星通,48,32,16,富邦-竹東,2023-10-17,9625
2605,新興,16,1,15,富邦-竹東,2023-10-17,9625
3704,合勤控,17,2,15,富邦-竹東,2023-10-17,9625
2486,一詮,30,15,15,富邦-竹東,2023-10-17,9625
8054,安國,25,10,15,富邦-竹東,2023-10-17,9625
1513,中興電,16,2,14,富邦-竹東,2023-10-17,9625
00669R,國泰美國道瓊反1,14,0,14,富邦-竹東,2023-10-17,9625
00679B,元大美債20年,27,14,13,富邦-竹東,2023-10-17,9625
5009,榮剛,15,2,13,富邦-竹東,2023-10-17,9625
3289,宜特,13,0,13,富邦-竹東,2023-10-17,9625
2301,光寶科,19,7,12,富邦-竹東,2023-10-17,9625
00751B,元大AAA至A公司債,12,0,12,富邦-竹東,2023-10-17,9625
2352,佳世達,13,1,12,富邦-竹東,2023-10-17,9625
2484,希華,11,0,11,富邦-竹東,2023-10-17,9625
2887,台新金,11,0,11,富邦-竹東,2023-10-17,9625
2365,昆盈,11,0,11,富邦-竹東,2023-10-17,9625
6284,佳邦,11,0,11,富邦-竹東,2023-10-17,9625
4157,太景*-KY,10,0,10,富邦-竹東,2023-10-17,9625
1303,南亞,10,0,10,富邦-竹東,2023-10-17,9625
00696B,富邦美債20年,10,0,10,富邦-竹東,2023-10-17,9625
6451,訊芯-KY,21,11,10,富邦-竹東,2023-10-17,9625
6741,91APP*-KY,9,0,9,富邦-竹東,2023-10-17,9625
2014,中鴻,8,0,8,富邦-竹東,2023-10-17,9625
2356,英業達,12,4,8,富邦-竹東,2023-10-17,9625
00722B,群益投資級電信債,8,0,8,富邦-竹東,2023-10-17,9625
2204,中華,10,2,8,富邦-竹東,2023-10-17,9625
2634,漢翔,12,4,8,富邦-竹東,2023-10-17,9625
2368,金像電,10,2,8,富邦-竹東,2023-10-17,9625
00922,國泰台灣領袖50,20,12,8,富邦-竹東,2023-10-17,9625
00919,群益台灣精選高息,194,10,184,富邦-竹東,2023-10-18,9625
2344,華邦電,166,14,152,富邦-竹東,2023-10-18,9625
00922,國泰台灣領袖50,185,42,143,富邦-竹東,2023-10-18,9625
00878,國泰永續高股息,172,37,135,富邦-竹東,2023-10-18,9625
0056,元大高股息,161,27,134,富邦-竹東,2023-10-18,9625
00687B,國泰20年美債,128,0,128,富邦-竹東,2023-10-18,9625
00929,復華台灣科技優息,221,109,112,富邦-竹東,2023-10-18,9625
00715L,期街口布蘭特正2,94,3,91,富邦-竹東,2023-10-18,9625
6120,達運,77,1,76,富邦-竹東,2023-10-18,9625
2002,中鋼,68,3,65,富邦-竹東,2023-10-18,9625
00676R,富邦臺灣加權反1,60,0,60,富邦-竹東,2023-10-18,9625
2313,華通,49,1,48,富邦-竹東,2023-10-18,9625
2388,威盛,77,38,39,富邦-竹東,2023-10-18,9625
2392,正崴,41,3,38,富邦-竹東,2023-10-18,9625
00881,國泰台灣5G+,37,0,37,富邦-竹東,2023-10-18,9625
1101,台泥,34,1,33,富邦-竹東,2023-10-18,9625
2618,長榮航,41,9,32,富邦-竹東,2023-10-18,9625
6770,力積電,41,18,23,富邦-竹東,2023-10-18,9625
6569,醫揚,23,0,23,富邦-竹東,2023-10-18,9625
3276,宇環,22,0,22,富邦-竹東,2023-10-18,9625
6217,中探針,22,0,22,富邦-竹東,2023-10-18,9625
1102,亞泥,20,0,20,富邦-竹東,2023-10-18,9625
2468,華經,20,0,20,富邦-竹東,2023-10-18,9625
2034,允強,20,0,20,富邦-竹東,2023-10-18,9625
2363,矽統,51,31,20,富邦-竹東,2023-10-18,9625
3715,定穎投控,80,60,20,富邦-竹東,2023-10-18,9625
2867,三商壽,21,2,19,富邦-竹東,2023-10-18,9625
00900,富邦特選高股息30,19,0,19,富邦-竹東,2023-10-18,9625
00679B,元大美債20年,20,2,18,富邦-竹東,2023-10-18,9625
00720B,元大投資級公司債,16,0,16,富邦-竹東,2023-10-18,9625
2610,華航,23,7,16,富邦-竹東,2023-10-18,9625
00772B,中信高評級公司債,15,0,15,富邦-竹東,2023-10-18,9625
9938,百和,27,12,15,富邦-竹東,2023-10-18,9625
00932,兆豐永續高息等權,15,0,15,富邦-竹東,2023-10-18,9625
2206,三陽工業,34,20,14,富邦-竹東,2023-10-18,9625
8088,品安,15,1,14,富邦-竹東,2023-10-18,9625
3025,星通,26,12,14,富邦-竹東,2023-10-18,9625
6531,愛普*,15,1,14,富邦-竹東,2023-10-18,9625
5009,榮剛,15,2,13,富邦-竹東,2023-10-18,9625
5351,鈺創,14,1,13,富邦-竹東,2023-10-18,9625
6274,台燿,16,4,12,富邦-竹東,2023-10-18,9625
3338,泰碩,12,0,12,富邦-竹東,2023-10-18,9625
2337,旺宏,17,5,12,富邦-竹東,2023-10-18,9625
3305,昇貿,14,2,12,富邦-竹東,2023-10-18,9625
00673R,期元大S＆P原油反1,12,0,12,富邦-竹東,2023-10-18,9625
00882,中信中國高股息,11,0,11,富邦-竹東,2023-10-18,9625
5258,虹堡,16,5,11,富邦-竹東,2023-10-18,9625
3014,聯陽,11,0,11,富邦-竹東,2023-10-18,9625
2412,中華電,11,0,11,富邦-竹東,2023-10-18,9625
1305,華夏,11,0,11,富邦-竹東,2023-10-18,9625
00671R,富邦NASDAQ反1,972,0,972,富邦-竹東,2023-10-19,9625
00687B,國泰20年美債,222,1,221,富邦-竹東,2023-10-19,9625
00929,復華台灣科技優息,173,2,171,富邦-竹東,2023-10-19,9625
00680L,元大美債20正2,171,30,141,富邦-竹東,2023-10-19,9625
0056,元大高股息,154,27,127,富邦-竹東,2023-10-19,9625
00878,國泰永續高股息,147,46,101,富邦-竹東,2023-10-19,9625
00933B,國泰10Y+金融債,151,70,81,富邦-竹東,2023-10-19,9625
00919,群益台灣精選高息,84,11,73,富邦-竹東,2023-10-19,9625
3013,晟銘電,73,2,71,富邦-竹東,2023-10-19,9625
00902,中信電池及儲能,61,0,61,富邦-竹東,2023-10-19,9625
8176,智捷,61,2,59,富邦-竹東,2023-10-19,9625
2845,遠東銀,50,0,50,富邦-竹東,2023-10-19,9625
8210,勤誠,50,3,47,富邦-竹東,2023-10-19,9625
00720B,元大投資級公司債,73,33,40,富邦-竹東,2023-10-19,9625
2388,威盛,56,21,35,富邦-竹東,2023-10-19,9625
3037,欣興,36,1,35,富邦-竹東,2023-10-19,9625
00712,復華富時不動產,33,4,29,富邦-竹東,2023-10-19,9625
2401,凌陽,32,3,29,富邦-竹東,2023-10-19,9625
9950,萬國通,29,1,28,富邦-竹東,2023-10-19,9625
00679B,元大美債20年,28,0,28,富邦-竹東,2023-10-19,9625
3231,緯創,160,135,25,富邦-竹東,2023-10-19,9625
8054,安國,23,0,23,富邦-竹東,2023-10-19,9625
1101,台泥,23,1,22,富邦-竹東,2023-10-19,9625
6213,聯茂,21,0,21,富邦-竹東,2023-10-19,9625
5465,富驊,21,0,21,富邦-竹東,2023-10-19,9625
6168,宏齊,20,0,20,富邦-竹東,2023-10-19,9625
6472,保瑞,24,4,20,富邦-竹東,2023-10-19,9625
6196,帆宣,20,0,20,富邦-竹東,2023-10-19,9625
2356,英業達,23,4,19,富邦-竹東,2023-10-19,9625
3588,通嘉,24,6,18,富邦-竹東,2023-10-19,9625
00893,國泰智能電動車,17,0,17,富邦-竹東,2023-10-19,9625
2412,中華電,16,0,16,富邦-竹東,2023-10-19,9625
00885,富邦越南,15,0,15,富邦-竹東,2023-10-19,9625
3041,揚智,49,35,14,富邦-竹東,2023-10-19,9625
2369,菱生,35,22,13,富邦-竹東,2023-10-19,9625
1504,東元,13,0,13,富邦-竹東,2023-10-19,9625
00753L,中信中國50正2,13,0,13,富邦-竹東,2023-10-19,9625
6526,達發,12,0,12,富邦-竹東,2023-10-19,9625
2317,鴻海,14,2,12,富邦-竹東,2023-10-19,9625
00751B,元大AAA至A公司債,32,20,12,富邦-竹東,2023-10-19,9625
9945,潤泰新,12,0,12,富邦-竹東,2023-10-19,9625
00900,富邦特選高股息30,12,0,12,富邦-竹東,2023-10-19,9625
4102,永日,12,0,12,富邦-竹東,2023-10-19,9625
00637L,元大滬深300正2,13,2,11,富邦-竹東,2023-10-19,9625
2882,國泰金,11,0,11,富邦-竹東,2023-10-19,9625
5880,合庫金,11,0,11,富邦-竹東,2023-10-19,9625
3548,兆利,16,5,11,富邦-竹東,2023-10-19,9625
8996,高力,10,0,10,富邦-竹東,2023-10-19,9625
1536,和大,10,0,10,富邦-竹東,2023-10-19,9625
2402,毅嘉,14,4,10,富邦-竹東,2023-10-19,9625
3013,晟銘電,128,2,126,富邦-竹東,2023-10-20,9625
00687B,國泰20年美債,120,0,120,富邦-竹東,2023-10-20,9625
00929,復華台灣科技優息,109,3,106,富邦-竹東,2023-10-20,9625
00919,群益台灣精選高息,60,0,60,富邦-竹東,2023-10-20,9625
00712,復華富時不動產,79,32,47,富邦-竹東,2023-10-20,9625
2883,凱基金,41,1,40,富邦-竹東,2023-10-20,9625
8176,智捷,51,13,38,富邦-竹東,2023-10-20,9625
00933B,國泰10Y+金融債,65,30,35,富邦-竹東,2023-10-20,9625
00907,永豐優息存股,31,0,31,富邦-竹東,2023-10-20,9625
2002,中鋼,30,0,30,富邦-竹東,2023-10-20,9625
2891,中信金,70,41,29,富邦-竹東,2023-10-20,9625
5351,鈺創,24,0,24,富邦-竹東,2023-10-20,9625
3094,聯傑,31,7,24,富邦-竹東,2023-10-20,9625
2303,聯電,104,81,23,富邦-竹東,2023-10-20,9625
00680L,元大美債20正2,21,0,21,富邦-竹東,2023-10-20,9625
5880,合庫金,21,0,21,富邦-竹東,2023-10-20,9625
2618,長榮航,27,7,20,富邦-竹東,2023-10-20,9625
3006,晶豪科,37,17,20,富邦-竹東,2023-10-20,9625
2883B,凱基金乙特,20,0,20,富邦-竹東,2023-10-20,9625
2468,華經,20,1,19,富邦-竹東,2023-10-20,9625
3363,上詮,23,4,19,富邦-竹東,2023-10-20,9625
00882,中信中國高股息,18,0,18,富邦-竹東,2023-10-20,9625
0056,元大高股息,69,52,17,富邦-竹東,2023-10-20,9625
00654R,富邦印度反1,16,0,16,富邦-竹東,2023-10-20,9625
3450,聯鈞,19,3,16,富邦-竹東,2023-10-20,9625
2610,華航,24,9,15,富邦-竹東,2023-10-20,9625
2449,京元電子,39,24,15,富邦-竹東,2023-10-20,9625
6770,力積電,64,50,14,富邦-竹東,2023-10-20,9625
3583,辛耘,24,10,14,富邦-竹東,2023-10-20,9625
00637L,元大滬深300正2,15,1,14,富邦-竹東,2023-10-20,9625
2605,新興,14,0,14,富邦-竹東,2023-10-20,9625
1513,中興電,19,6,13,富邦-竹東,2023-10-20,9625
00885,富邦越南,13,0,13,富邦-竹東,2023-10-20,9625
2885,元大金,12,0,12,富邦-竹東,2023-10-20,9625
3037,欣興,13,1,12,富邦-竹東,2023-10-20,9625
3035,智原,20,8,12,富邦-竹東,2023-10-20,9625
4155,訊映,12,0,12,富邦-竹東,2023-10-20,9625
00673R,期元大S＆P原油反1,11,0,11,富邦-竹東,2023-10-20,9625
2201,裕隆,13,3,10,富邦-竹東,2023-10-20,9625
00679B,元大美債20年,11,1,10,富邦-竹東,2023-10-20,9625
2387,精元,10,0,10,富邦-竹東,2023-10-20,9625
2328,廣宇,10,0,10,富邦-竹東,2023-10-20,9625
3005,神基,10,0,10,富邦-竹東,2023-10-20,9625
1324,地球,116,106,10,富邦-竹東,2023-10-20,9625
6235,華孚,10,1,9,富邦-竹東,2023-10-20,9625
6274,台燿,12,3,9,富邦-竹東,2023-10-20,9625
5272,笙科,16,7,9,富邦-竹東,2023-10-20,9625
5426,振發,9,0,9,富邦-竹東,2023-10-20,9625
2367,燿華,12,3,9,富邦-竹東,2023-10-20,9625
2486,一詮,12,3,9,富邦-竹東,2023-10-20,9625
00929,復華台灣科技優息,256,12,244,富邦-竹東,2023-10-23,9625
00671R,富邦NASDAQ反1,100,0,100,富邦-竹東,2023-10-23,9625
3617,碩天,67,0,67,富邦-竹東,2023-10-23,9625
2409,友達,72,8,64,富邦-竹東,2023-10-23,9625
00878,國泰永續高股息,64,2,62,富邦-竹東,2023-10-23,9625
00687B,國泰20年美債,54,0,54,富邦-竹東,2023-10-23,9625
0056,元大高股息,63,13,50,富邦-竹東,2023-10-23,9625
2317,鴻海,69,26,43,富邦-竹東,2023-10-23,9625
1101,台泥,39,1,38,富邦-竹東,2023-10-23,9625
00919,群益台灣精選高息,45,8,37,富邦-竹東,2023-10-23,9625
1721,三晃,45,11,34,富邦-竹東,2023-10-23,9625
3481,群創,30,0,30,富邦-竹東,2023-10-23,9625
2344,華邦電,31,2,29,富邦-竹東,2023-10-23,9625
00720B,元大投資級公司債,29,1,28,富邦-竹東,2023-10-23,9625
2888,新光金,27,0,27,富邦-竹東,2023-10-23,9625
4714,永捷,24,0,24,富邦-竹東,2023-10-23,9625
00679B,元大美債20年,21,0,21,富邦-竹東,2023-10-23,9625
5521,工信,30,10,20,富邦-竹東,2023-10-23,9625
00751B,元大AAA至A公司債,20,0,20,富邦-竹東,2023-10-23,9625
1609,大亞,25,5,20,富邦-竹東,2023-10-23,9625
2305,全友,31,12,19,富邦-竹東,2023-10-23,9625
00922,國泰台灣領袖50,18,0,18,富邦-竹東,2023-10-23,9625
3163,波若威,20,3,17,富邦-竹東,2023-10-23,9625
3025,星通,45,28,17,富邦-竹東,2023-10-23,9625
00882,中信中國高股息,18,2,16,富邦-竹東,2023-10-23,9625
00857B,永豐20年美公債,16,0,16,富邦-竹東,2023-10-23,9625
5351,鈺創,15,0,15,富邦-竹東,2023-10-23,9625
00712,復華富時不動產,48,33,15,富邦-竹東,2023-10-23,9625
1324,地球,47,33,14,富邦-竹東,2023-10-23,9625
3450,聯鈞,15,1,14,富邦-竹東,2023-10-23,9625
2891,中信金,20,6,14,富邦-竹東,2023-10-23,9625
2330,台積電,15,1,14,富邦-竹東,2023-10-23,9625
2605,新興,18,5,13,富邦-竹東,2023-10-23,9625
3013,晟銘電,13,0,13,富邦-竹東,2023-10-23,9625
2542,興富發,13,0,13,富邦-竹東,2023-10-23,9625
8996,高力,15,3,12,富邦-竹東,2023-10-23,9625
2486,一詮,12,0,12,富邦-竹東,2023-10-23,9625
2402,毅嘉,84,72,12,富邦-竹東,2023-10-23,9625
2002,中鋼,14,3,11,富邦-竹東,2023-10-23,9625
00680L,元大美債20正2,21,10,11,富邦-竹東,2023-10-23,9625
2606,裕民,11,0,11,富邦-竹東,2023-10-23,9625
6274,台燿,19,9,10,富邦-竹東,2023-10-23,9625
3276,宇環,10,0,10,富邦-竹東,2023-10-23,9625
1815,富喬,10,0,10,富邦-竹東,2023-10-23,9625
8105,凌巨,10,0,10,富邦-竹東,2023-10-23,9625
2834,臺企銀,17,7,10,富邦-竹東,2023-10-23,9625
2886,兆豐金,10,0,10,富邦-竹東,2023-10-23,9625
1326,台化,10,1,9,富邦-竹東,2023-10-23,9625
8069,元太,9,0,9,富邦-竹東,2023-10-23,9625
2610,華航,14,5,9,富邦-竹東,2023-10-23,9625
2834,臺企銀,204,11,193,富邦-竹東,2023-10-24,9625
2317,鴻海,72,20,52,富邦-竹東,2023-10-24,9625
2886,兆豐金,51,0,51,富邦-竹東,2023-10-24,9625
00878,國泰永續高股息,53,4,49,富邦-竹東,2023-10-24,9625
00919,群益台灣精選高息,41,4,37,富邦-竹東,2023-10-24,9625
00712,復華富時不動產,36,1,35,富邦-竹東,2023-10-24,9625
6196,帆宣,31,0,31,富邦-竹東,2023-10-24,9625
2369,菱生,123,94,29,富邦-竹東,2023-10-24,9625
3051,力特,47,20,27,富邦-竹東,2023-10-24,9625
2303,聯電,30,4,26,富邦-竹東,2023-10-24,9625
00687B,國泰20年美債,25,0,25,富邦-竹東,2023-10-24,9625
3122,笙泉,80,57,23,富邦-竹東,2023-10-24,9625
5452,佶優,20,0,20,富邦-竹東,2023-10-24,9625
1312,國喬,20,0,20,富邦-竹東,2023-10-24,9625
2002,中鋼,20,2,18,富邦-竹東,2023-10-24,9625
1301,台塑,18,0,18,富邦-竹東,2023-10-24,9625
6150,撼訊,33,16,17,富邦-竹東,2023-10-24,9625
2388,威盛,33,17,16,富邦-竹東,2023-10-24,9625
00751B,元大AAA至A公司債,16,0,16,富邦-竹東,2023-10-24,9625
2409,友達,47,32,15,富邦-竹東,2023-10-24,9625
2845,遠東銀,15,0,15,富邦-竹東,2023-10-24,9625
5880,合庫金,15,0,15,富邦-竹東,2023-10-24,9625
2543,皇昌,13,0,13,富邦-竹東,2023-10-24,9625
3013,晟銘電,24,11,13,富邦-竹東,2023-10-24,9625
2356,英業達,17,4,13,富邦-竹東,2023-10-24,9625
8358,金居,13,0,13,富邦-竹東,2023-10-24,9625
00902,中信電池及儲能,13,0,13,富邦-竹東,2023-10-24,9625
1568,倉佑,15,3,12,富邦-竹東,2023-10-24,9625
6442,光聖,17,5,12,富邦-竹東,2023-10-24,9625
3693,營邦,14,3,11,富邦-竹東,2023-10-24,9625
8210,勤誠,11,0,11,富邦-竹東,2023-10-24,9625
00893,國泰智能電動車,11,0,11,富邦-竹東,2023-10-24,9625
3276,宇環,10,0,10,富邦-竹東,2023-10-24,9625
2365,昆盈,10,0,10,富邦-竹東,2023-10-24,9625
2515,中工,10,0,10,富邦-竹東,2023-10-24,9625
5521,工信,10,0,10,富邦-竹東,2023-10-24,9625
3260,威剛,28,18,10,富邦-竹東,2023-10-24,9625
2337,旺宏,10,0,10,富邦-竹東,2023-10-24,9625
2401,凌陽,21,11,10,富邦-竹東,2023-10-24,9625
8937,合騏,10,0,10,富邦-竹東,2023-10-24,9625
00885,富邦越南,10,0,10,富邦-竹東,2023-10-24,9625
2888,新光金,10,1,9,富邦-竹東,2023-10-24,9625
2457,飛宏,11,2,9,富邦-竹東,2023-10-24,9625
1513,中興電,10,1,9,富邦-竹東,2023-10-24,9625
3380,明泰,10,1,9,富邦-竹東,2023-10-24,9625
8183,精星,11,2,9,富邦-竹東,2023-10-24,9625
4128,中天,11,3,8,富邦-竹東,2023-10-24,9625
2201,裕隆,9,1,8,富邦-竹東,2023-10-24,9625
2404,漢唐,8,0,8,富邦-竹東,2023-10-24,9625
2354,鴻準,10,2,8,富邦-竹東,2023-10-24,9625
00712,復華富時不動產,366,1,365,富邦-竹東,2023-10-25,9625
00715L,期街口布蘭特正2,224,0,224,富邦-竹東,2023-10-25,9625
00878,國泰永續高股息,110,9,101,富邦-竹東,2023-10-25,9625
2329,華泰,100,39,61,富邦-竹東,2023-10-25,9625
2409,友達,70,13,57,富邦-竹東,2023-10-25,9625
4162,智擎,68,14,54,富邦-竹東,2023-10-25,9625
6695,芯鼎,37,7,30,富邦-竹東,2023-10-25,9625
2618,長榮航,50,25,25,富邦-竹東,2023-10-25,9625
1609,大亞,29,4,25,富邦-竹東,2023-10-25,9625
3231,緯創,92,67,25,富邦-竹東,2023-10-25,9625
2317,鴻海,45,20,25,富邦-竹東,2023-10-25,9625
3481,群創,32,11,21,富邦-竹東,2023-10-25,9625
6168,宏齊,23,3,20,富邦-竹東,2023-10-25,9625
2886,兆豐金,20,0,20,富邦-竹東,2023-10-25,9625
2380,虹光,19,0,19,富邦-竹東,2023-10-25,9625
3025,星通,27,8,19,富邦-竹東,2023-10-25,9625
3035,智原,20,2,18,富邦-竹東,2023-10-25,9625
3014,聯陽,32,14,18,富邦-竹東,2023-10-25,9625
2888,新光金,16,0,16,富邦-竹東,2023-10-25,9625
8088,品安,23,7,16,富邦-竹東,2023-10-25,9625
4102,永日,15,0,15,富邦-竹東,2023-10-25,9625
4904,遠傳,15,0,15,富邦-竹東,2023-10-25,9625
00637L,元大滬深300正2,44,29,15,富邦-竹東,2023-10-25,9625
3276,宇環,15,0,15,富邦-竹東,2023-10-25,9625
2458,義隆,26,12,14,富邦-竹東,2023-10-25,9625
00933B,國泰10Y+金融債,24,10,14,富邦-竹東,2023-10-25,9625
2834,臺企銀,14,0,14,富邦-竹東,2023-10-25,9625
0056,元大高股息,19,6,13,富邦-竹東,2023-10-25,9625
1514,亞力,27,14,13,富邦-竹東,2023-10-25,9625
2405,輔信,39,27,12,富邦-竹東,2023-10-25,9625
2376,技嘉,12,1,11,富邦-竹東,2023-10-25,9625
5880,合庫金,11,0,11,富邦-竹東,2023-10-25,9625
4123,晟德,11,0,11,富邦-竹東,2023-10-25,9625
2401,凌陽,41,30,11,富邦-竹東,2023-10-25,9625
3049,精金,10,0,10,富邦-竹東,2023-10-25,9625
00655L,國泰中國A50正2,12,2,10,富邦-竹東,2023-10-25,9625
3046,建��,10,0,10,富邦-竹東,2023-10-25,9625
3338,泰碩,12,2,10,富邦-竹東,2023-10-25,9625
6282,康舒,22,12,10,富邦-竹東,2023-10-25,9625
6462,神盾,10,0,10,富邦-竹東,2023-10-25,9625
1503,士電,9,0,9,富邦-竹東,2023-10-25,9625
6689,伊雲谷,9,0,9,富邦-竹東,2023-10-25,9625
3363,上詮,33,24,9,富邦-竹東,2023-10-25,9625
8044,網家,11,2,9,富邦-竹東,2023-10-25,9625
3037,欣興,14,6,8,富邦-竹東,2023-10-25,9625
2883,凱基金,11,3,8,富邦-竹東,2023-10-25,9625
6732,昇佳電子,8,0,8,富邦-竹東,2023-10-25,9625
1102,亞泥,8,0,8,富邦-竹東,2023-10-25,9625
2884,玉山金,14,7,7,富邦-竹東,2023-10-25,9625
1568,倉佑,7,0,7,富邦-竹東,2023-10-25,9625
00929,復華台灣科技優息,240,5,235,富邦-竹東,2023-10-26,9625
2344,華邦電,137,12,125,富邦-竹東,2023-10-26,9625
00878,國泰永續高股息,98,1,97,富邦-竹東,2023-10-26,9625
0056,元大高股息,81,5,76,富邦-竹東,2023-10-26,9625
2303,聯電,98,25,73,富邦-竹東,2023-10-26,9625
00687B,國泰20年美債,67,0,67,富邦-竹東,2023-10-26,9625
00712,復華富時不動產,89,31,58,富邦-竹東,2023-10-26,9625
00665L,富邦�琤肭磪囓�2,50,0,50,富邦-竹東,2023-10-26,9625
4162,智擎,63,17,46,富邦-竹東,2023-10-26,9625
00919,群益台灣精選高息,85,41,44,富邦-竹東,2023-10-26,9625
2337,旺宏,49,12,37,富邦-竹東,2023-10-26,9625
2883,凱基金,41,5,36,富邦-竹東,2023-10-26,9625
2401,凌陽,44,8,36,富邦-竹東,2023-10-26,9625
2834,臺企銀,34,0,34,富邦-竹東,2023-10-26,9625
2330,台積電,32,2,30,富邦-竹東,2023-10-26,9625
1101,台泥,29,2,27,富邦-竹東,2023-10-26,9625
00885,富邦越南,25,0,25,富邦-竹東,2023-10-26,9625
00637L,元大滬深300正2,30,7,23,富邦-竹東,2023-10-26,9625
2317,鴻海,34,12,22,富邦-竹東,2023-10-26,9625
006208,富邦台50,21,0,21,富邦-竹東,2023-10-26,9625
00922,國泰台灣領袖50,27,6,21,富邦-竹東,2023-10-26,9625
00902,中信電池及儲能,29,9,20,富邦-竹東,2023-10-26,9625
3049,精金,20,0,20,富邦-竹東,2023-10-26,9625
5302,太欣,20,0,20,富邦-竹東,2023-10-26,9625
2468,華經,20,1,19,富邦-竹東,2023-10-26,9625
00720B,元大投資級公司債,20,1,19,富邦-竹東,2023-10-26,9625
2380,虹光,19,0,19,富邦-竹東,2023-10-26,9625
2369,菱生,50,31,19,富邦-竹東,2023-10-26,9625
5347,世界,18,1,17,富邦-竹東,2023-10-26,9625
5348,正能量智能,17,1,16,富邦-竹東,2023-10-26,9625
2605,新興,16,0,16,富邦-竹東,2023-10-26,9625
5272,笙科,16,0,16,富邦-竹東,2023-10-26,9625
2492,華新科,17,1,16,富邦-竹東,2023-10-26,9625
0050,元大台灣50,16,1,15,富邦-竹東,2023-10-26,9625
8358,金居,20,5,15,富邦-竹東,2023-10-26,9625
00893,國泰智能電動車,14,0,14,富邦-竹東,2023-10-26,9625
2633,台灣高鐵,15,2,13,富邦-竹東,2023-10-26,9625
6243,迅杰,14,2,12,富邦-竹東,2023-10-26,9625
00882,中信中國高股息,11,0,11,富邦-竹東,2023-10-26,9625
6531,愛普*,11,0,11,富邦-竹東,2023-10-26,9625
2630,亞航,14,3,11,富邦-竹東,2023-10-26,9625
2486,一詮,15,5,10,富邦-竹東,2023-10-26,9625
8088,品安,16,6,10,富邦-竹東,2023-10-26,9625
8049,晶采,10,0,10,富邦-竹東,2023-10-26,9625
8033,雷虎,10,0,10,富邦-竹東,2023-10-26,9625
8936,國統,15,5,10,富邦-竹東,2023-10-26,9625
2412,中華電,10,1,9,富邦-竹東,2023-10-26,9625
00679B,元大美債20年,9,0,9,富邦-竹東,2023-10-26,9625
2002,中鋼,11,2,9,富邦-竹東,2023-10-26,9625
00905,FT臺灣Smart,9,0,9,富邦-竹東,2023-10-26,9625
2303,聯電,154,8,146,富邦-竹東,2023-10-27,9625
00715L,期街口布蘭特正2,106,0,106,富邦-竹東,2023-10-27,9625
00712,復華富時不動產,101,1,100,富邦-竹東,2023-10-27,9625
2409,友達,101,3,98,富邦-竹東,2023-10-27,9625
2329,華泰,107,51,56,富邦-竹東,2023-10-27,9625
00929,復華台灣科技優息,178,127,51,富邦-竹東,2023-10-27,9625
5522,遠雄,42,0,42,富邦-竹東,2023-10-27,9625
1314,中石化,35,2,33,富邦-竹東,2023-10-27,9625
6418,詠昇,30,0,30,富邦-竹東,2023-10-27,9625
00632R,元大台灣50反1,228,200,28,富邦-竹東,2023-10-27,9625
1324,地球,28,0,28,富邦-竹東,2023-10-27,9625
5864,致和證,27,0,27,富邦-竹東,2023-10-27,9625
00922,國泰台灣領袖50,29,4,25,富邦-竹東,2023-10-27,9625
00919,群益台灣精選高息,28,4,24,富邦-竹東,2023-10-27,9625
3363,上詮,28,5,23,富邦-竹東,2023-10-27,9625
1760,寶齡富錦,25,2,23,富邦-竹東,2023-10-27,9625
2618,長榮航,30,10,20,富邦-竹東,2023-10-27,9625
2363,矽統,27,7,20,富邦-竹東,2023-10-27,9625
4714,永捷,19,0,19,富邦-竹東,2023-10-27,9625
6143,振曜,25,9,16,富邦-竹東,2023-10-27,9625
2109,華豐,16,0,16,富邦-竹東,2023-10-27,9625
3163,波若威,19,5,14,富邦-竹東,2023-10-27,9625
2542,興富發,64,50,14,富邦-竹東,2023-10-27,9625
4121,優盛,13,0,13,富邦-竹東,2023-10-27,9625
2515,中工,13,0,13,富邦-竹東,2023-10-27,9625
3704,合勤控,15,2,13,富邦-竹東,2023-10-27,9625
2344,華邦電,27,15,12,富邦-竹東,2023-10-27,9625
0056,元大高股息,20,8,12,富邦-竹東,2023-10-27,9625
3715,定穎投控,53,41,12,富邦-竹東,2023-10-27,9625
3438,類比科,11,0,11,富邦-竹東,2023-10-27,9625
3290,東浦,11,0,11,富邦-竹東,2023-10-27,9625
6462,神盾,12,1,11,富邦-竹東,2023-10-27,9625
2884,玉山金,11,1,10,富邦-竹東,2023-10-27,9625
00895,富邦未來車,11,0,11,富邦-竹東,2023-10-27,9625
00751B,元大AAA至A公司債,15,5,10,富邦-竹東,2023-10-27,9625
3122,笙泉,71,61,10,富邦-竹東,2023-10-27,9625
2380,虹光,10,0,10,富邦-竹東,2023-10-27,9625
3515,華擎,10,0,10,富邦-竹東,2023-10-27,9625
3276,宇環,33,23,10,富邦-竹東,2023-10-27,9625
00713,元大台灣高息低波,10,0,10,富邦-竹東,2023-10-27,9625
2408,南亞科,9,0,9,富邦-竹東,2023-10-27,9625
4906,正文,10,1,9,富邦-竹東,2023-10-27,9625
6684,安格,16,7,9,富邦-竹東,2023-10-27,9625
00885,富邦越南,9,0,9,富邦-竹東,2023-10-27,9625
3673,TPK-KY,9,0,9,富邦-竹東,2023-10-27,9625
2204,中華,9,0,9,富邦-竹東,2023-10-27,9625
00688L,國泰20年美債正2,9,0,9,富邦-竹東,2023-10-27,9625
00655L,國泰中國A50正2,10,2,8,富邦-竹東,2023-10-27,9625
2516,新建,8,0,8,富邦-竹東,2023-10-27,9625
1605,華新,30,22,8,富邦-竹東,2023-10-27,9625
2344,華邦電,143,8,135,富邦-竹東,2023-10-30,9625
00632R,元大台灣50反1,101,13,88,富邦-竹東,2023-10-30,9625
2317,鴻海,110,35,75,富邦-竹東,2023-10-30,9625
2892,第一金,51,2,49,富邦-竹東,2023-10-30,9625
2409,友達,50,2,48,富邦-竹東,2023-10-30,9625
2891,中信金,37,0,37,富邦-竹東,2023-10-30,9625
00637L,元大滬深300正2,53,16,37,富邦-竹東,2023-10-30,9625
00878,國泰永續高股息,42,7,35,富邦-竹東,2023-10-30,9625
6216,居易,57,26,31,富邦-竹東,2023-10-30,9625
00671R,富邦NASDAQ反1,30,0,30,富邦-竹東,2023-10-30,9625
6443,元晶,36,11,25,富邦-竹東,2023-10-30,9625
00712,復華富時不動產,25,1,24,富邦-竹東,2023-10-30,9625
2610,華航,24,0,24,富邦-竹東,2023-10-30,9625
3257,虹冠電,24,0,24,富邦-竹東,2023-10-30,9625
3264,欣銓,24,1,23,富邦-竹東,2023-10-30,9625
2337,旺宏,27,5,22,富邦-竹東,2023-10-30,9625
6117,迎廣,53,33,20,富邦-竹東,2023-10-30,9625
2886,兆豐金,19,0,19,富邦-竹東,2023-10-30,9625
00919,群益台灣精選高息,31,13,18,富邦-竹東,2023-10-30,9625
2390,云辰,45,28,17,富邦-竹東,2023-10-30,9625
2356,英業達,18,1,17,富邦-竹東,2023-10-30,9625
2883,凱基金,14,0,14,富邦-竹東,2023-10-30,9625
1101,台泥,14,0,14,富邦-竹東,2023-10-30,9625
2363,矽統,21,7,14,富邦-竹東,2023-10-30,9625
2408,南亞科,18,5,13,富邦-竹東,2023-10-30,9625
2380,虹光,13,0,13,富邦-竹東,2023-10-30,9625
5258,虹堡,19,6,13,富邦-竹東,2023-10-30,9625
4162,智擎,15,4,11,富邦-竹東,2023-10-30,9625
1568,倉佑,10,0,10,富邦-竹東,2023-10-30,9625
3322,建舜電,10,0,10,富邦-竹東,2023-10-30,9625
6120,達運,10,0,10,富邦-竹東,2023-10-30,9625
4105,東洋,10,0,10,富邦-竹東,2023-10-30,9625
5348,正能量智能,12,2,10,富邦-竹東,2023-10-30,9625
2731,雄獅,10,0,10,富邦-竹東,2023-10-30,9625
3058,立德,10,0,10,富邦-竹東,2023-10-30,9625
3025,星通,12,2,10,富邦-竹東,2023-10-30,9625
1314,中石化,20,10,10,富邦-竹東,2023-10-30,9625
4102,永日,10,1,9,富邦-竹東,2023-10-30,9625
1513,中興電,11,2,9,富邦-竹東,2023-10-30,9625
3679,新至陞,9,0,9,富邦-竹東,2023-10-30,9625
2369,菱生,10,1,9,富邦-竹東,2023-10-30,9625
00751B,元大AAA至A公司債,9,0,9,富邦-竹東,2023-10-30,9625
5347,世界,9,1,8,富邦-竹東,2023-10-30,9625
4747,強生,8,0,8,富邦-竹東,2023-10-30,9625
3576,聯合再生,10,2,8,富邦-竹東,2023-10-30,9625
00687B,國泰20年美債,8,0,8,富邦-竹東,2023-10-30,9625
2330,台積電,12,4,8,富邦-竹東,2023-10-30,9625
2887,台新金,8,1,7,富邦-竹東,2023-10-30,9625
2419,仲琦,8,1,7,富邦-竹東,2023-10-30,9625
1471,首利,6,0,6,富邦-竹東,2023-10-30,9625
00712,復華富時不動產,223,0,223,富邦-竹東,2023-10-31,9625
00878,國泰永續高股息,165,20,145,富邦-竹東,2023-10-31,9625
0056,元大高股息,112,19,93,富邦-竹東,2023-10-31,9625
00888,永豐台灣ESG,52,0,52,富邦-竹東,2023-10-31,9625
3576,聯合再生,66,21,45,富邦-竹東,2023-10-31,9625
2516,新建,42,0,42,富邦-竹東,2023-10-31,9625
2312,金寶,38,1,37,富邦-竹東,2023-10-31,9625
4102,永日,36,0,36,富邦-竹東,2023-10-31,9625
2891,中信金,36,0,36,富邦-竹東,2023-10-31,9625
00919,群益台灣精選高息,37,2,35,富邦-竹東,2023-10-31,9625
1809,中釉,32,0,32,富邦-竹東,2023-10-31,9625
2337,旺宏,42,11,31,富邦-竹東,2023-10-31,9625
3094,聯傑,40,10,30,富邦-竹東,2023-10-31,9625
2485,兆赫,38,8,30,富邦-竹東,2023-10-31,9625
2301,光寶科,50,21,29,富邦-竹東,2023-10-31,9625
8040,九暘,32,3,29,富邦-竹東,2023-10-31,9625
3276,宇環,29,0,29,富邦-竹東,2023-10-31,9625
5864,致和證,29,0,29,富邦-竹東,2023-10-31,9625
6443,元晶,43,18,25,富邦-竹東,2023-10-31,9625
1444,力麗,25,0,25,富邦-竹東,2023-10-31,9625
3264,欣銓,29,5,24,富邦-竹東,2023-10-31,9625
2390,云辰,35,11,24,富邦-竹東,2023-10-31,9625
6531,愛普*,19,0,19,富邦-竹東,2023-10-31,9625
2329,華泰,50,32,18,富邦-竹東,2023-10-31,9625
0050,元大台灣50,18,0,18,富邦-竹東,2023-10-31,9625
2498,宏達電,17,0,17,富邦-竹東,2023-10-31,9625
00706L,期元大S＆P日圓正2,17,0,17,富邦-竹東,2023-10-31,9625
2367,燿華,17,0,17,富邦-竹東,2023-10-31,9625
1609,大亞,17,0,17,富邦-竹東,2023-10-31,9625
3163,波若威,34,17,17,富邦-竹東,2023-10-31,9625
2303,聯電,27,10,17,富邦-竹東,2023-10-31,9625
5469,瀚宇博,19,3,16,富邦-竹東,2023-10-31,9625
00713,元大台灣高息低波,15,0,15,富邦-竹東,2023-10-31,9625
2382,廣達,34,19,15,富邦-竹東,2023-10-31,9625
2888,新光金,15,0,15,富邦-竹東,2023-10-31,9625
3265,台星科,16,1,15,富邦-竹東,2023-10-31,9625
2419,仲琦,16,1,15,富邦-竹東,2023-10-31,9625
3268,海德威,15,0,15,富邦-竹東,2023-10-31,9625
00900,富邦特選高股息30,14,0,14,富邦-竹東,2023-10-31,9625
3346,麗清,15,2,13,富邦-竹東,2023-10-31,9625
2834,臺企銀,13,0,13,富邦-竹東,2023-10-31,9625
5009,榮剛,13,0,13,富邦-竹東,2023-10-31,9625
1314,中石化,20,7,13,富邦-竹東,2023-10-31,9625
1722,台肥,13,0,13,富邦-竹東,2023-10-31,9625
2405,輔信,31,19,12,富邦-竹東,2023-10-31,9625
2330,台積電,12,0,12,富邦-竹東,2023-10-31,9625
6182,合晶,11,0,11,富邦-竹東,2023-10-31,9625
2885,元大金,11,0,11,富邦-竹東,2023-10-31,9625
1760,寶齡富錦,46,35,11,富邦-竹東,2023-10-31,9625
00885,富邦越南,11,0,11,富邦-竹東,2023-10-31,9625
00934,中信成長高股息,334,57,277,富邦-竹東,2023-11-01,9625
00712,復華富時不動產,248,75,173,富邦-竹東,2023-11-01,9625
00715L,期街口布蘭特正2,160,0,160,富邦-竹東,2023-11-01,9625
2363,矽統,58,9,49,富邦-竹東,2023-11-01,9625
5351,鈺創,40,0,40,富邦-竹東,2023-11-01,9625
6472,保瑞,33,1,32,富邦-竹東,2023-11-01,9625
2610,華航,35,8,27,富邦-竹東,2023-11-01,9625
4102,永日,27,0,27,富邦-竹東,2023-11-01,9625
3035,智原,37,13,24,富邦-竹東,2023-11-01,9625
2743,山富,23,1,22,富邦-竹東,2023-11-01,9625
3576,聯合再生,26,5,21,富邦-竹東,2023-11-01,9625
2303,聯電,32,13,19,富邦-竹東,2023-11-01,9625
8390,金益鼎,20,1,19,富邦-竹東,2023-11-01,9625
00923,群益台ESG低碳50,16,0,16,富邦-竹東,2023-11-01,9625
2891,中信金,16,0,16,富邦-竹東,2023-11-01,9625
4915,致伸,22,7,15,富邦-竹東,2023-11-01,9625
00885,富邦越南,15,0,15,富邦-竹東,2023-11-01,9625
1314,中石化,15,0,15,富邦-竹東,2023-11-01,9625
3481,群創,38,23,15,富邦-竹東,2023-11-01,9625
1760,寶齡富錦,18,4,14,富邦-竹東,2023-11-01,9625
2380,虹光,14,0,14,富邦-竹東,2023-11-01,9625
2382,廣達,24,11,13,富邦-竹東,2023-11-01,9625
1609,大亞,37,24,13,富邦-竹東,2023-11-01,9625
3712,永崴投控,13,0,13,富邦-竹東,2023-11-01,9625
2344,華邦電,15,2,13,富邦-竹東,2023-11-01,9625
3234,光環,12,0,12,富邦-竹東,2023-11-01,9625
2409,友達,12,0,12,富邦-竹東,2023-11-01,9625
3715,定穎投控,38,26,12,富邦-竹東,2023-11-01,9625
00679B,元大美債20年,11,0,11,富邦-竹東,2023-11-01,9625
3231,緯創,43,32,11,富邦-竹東,2023-11-01,9625
6214,精誠,11,0,11,富邦-竹東,2023-11-01,9625
6216,居易,15,4,11,富邦-竹東,2023-11-01,9625
6271,同欣電,12,1,11,富邦-竹東,2023-11-01,9625
8088,品安,12,2,10,富邦-竹東,2023-11-01,9625
00919,群益台灣精選高息,21,11,10,富邦-竹東,2023-11-01,9625
9904,寶成,10,0,10,富邦-竹東,2023-11-01,9625
2201,裕隆,11,1,10,富邦-竹東,2023-11-01,9625
6541,泰福-KY,10,0,10,富邦-竹東,2023-11-01,9625
1710,東聯,10,0,10,富邦-竹東,2023-11-01,9625
6117,迎廣,27,17,10,富邦-竹東,2023-11-01,9625
2317,鴻海,13,3,10,富邦-竹東,2023-11-01,9625
3545,敦泰,11,1,10,富邦-竹東,2023-11-01,9625
2358,廷鑫,9,0,9,富邦-竹東,2023-11-01,9625
00878,國泰永續高股息,109,100,9,富邦-竹東,2023-11-01,9625
6213,聯茂,12,4,8,富邦-竹東,2023-11-01,9625
2464,盟立,8,0,8,富邦-竹東,2023-11-01,9625
3094,聯傑,11,3,8,富邦-竹東,2023-11-01,9625
2364,倫飛,9,1,8,富邦-竹東,2023-11-01,9625
00655L,國泰中國A50正2,10,2,8,富邦-竹東,2023-11-01,9625
3041,揚智,10,2,8,富邦-竹東,2023-11-01,9625
00934,中信成長高股息,123,4,119,富邦-竹東,2023-11-02,9625
00878,國泰永續高股息,84,18,66,富邦-竹東,2023-11-02,9625
00671R,富邦NASDAQ反1,40,0,40,富邦-竹東,2023-11-02,9625
4162,智擎,48,11,37,富邦-竹東,2023-11-02,9625
5488,松普,34,0,34,富邦-竹東,2023-11-02,9625
3669,圓展,29,0,29,富邦-竹東,2023-11-02,9625
2543,皇昌,28,2,26,富邦-竹東,2023-11-02,9625
1529,樂事綠能,43,17,26,富邦-竹東,2023-11-02,9625
6443,元晶,23,2,21,富邦-竹東,2023-11-02,9625
3552,同致,21,0,21,富邦-竹東,2023-11-02,9625
1504,東元,22,1,21,富邦-竹東,2023-11-02,9625
5880,合庫金,20,0,20,富邦-竹東,2023-11-02,9625
2618,長榮航,38,19,19,富邦-竹東,2023-11-02,9625
2427,三商電,91,74,17,富邦-竹東,2023-11-02,9625
2367,燿華,19,4,15,富邦-竹東,2023-11-02,9625
00935,野村臺灣新科技50,14,0,14,富邦-竹東,2023-11-02,9625
00720B,元大投資級公司債,13,0,13,富邦-竹東,2023-11-02,9625
3006,晶豪科,27,14,13,富邦-竹東,2023-11-02,9625
3094,聯傑,31,18,13,富邦-竹東,2023-11-02,9625
3041,揚智,13,0,13,富邦-竹東,2023-11-02,9625
00772B,中信高評級公司債,12,1,11,富邦-竹東,2023-11-02,9625
6213,聯茂,16,5,11,富邦-竹東,2023-11-02,9625
2364,倫飛,24,14,10,富邦-竹東,2023-11-02,9625
00655L,國泰中國A50正2,10,0,10,富邦-竹東,2023-11-02,9625
3363,上詮,13,3,10,富邦-竹東,2023-11-02,9625
00664R,國泰臺灣加權反1,10,0,10,富邦-竹東,2023-11-02,9625
4770,上品,10,0,10,富邦-竹東,2023-11-02,9625
3704,合勤控,11,1,10,富邦-竹東,2023-11-02,9625
00930,永豐ESG低碳高息,10,1,9,富邦-竹東,2023-11-02,9625
2867,三商壽,10,1,9,富邦-竹東,2023-11-02,9625
6168,宏齊,10,1,9,富邦-竹東,2023-11-02,9625
1314,中石化,14,5,9,富邦-竹東,2023-11-02,9625
6290,良維,11,3,8,富邦-竹東,2023-11-02,9625
00715L,期街口布蘭特正2,8,0,8,富邦-竹東,2023-11-02,9625
4167,松瑞藥,11,3,8,富邦-竹東,2023-11-02,9625
3702,大聯大,53,46,7,富邦-竹東,2023-11-02,9625
6792,詠業,7,0,7,富邦-竹東,2023-11-02,9625
00675L,富邦臺灣加權正2,7,0,7,富邦-竹東,2023-11-02,9625
2337,旺宏,7,0,7,富邦-竹東,2023-11-02,9625
8358,金居,8,1,7,富邦-竹東,2023-11-02,9625
1218,泰山,6,0,6,富邦-竹東,2023-11-02,9625
3260,威剛,22,16,6,富邦-竹東,2023-11-02,9625
3617,碩天,6,0,6,富邦-竹東,2023-11-02,9625
4977,眾達-KY,6,0,6,富邦-竹東,2023-11-02,9625
1514,亞力,6,0,6,富邦-竹東,2023-11-02,9625
2352,佳世達,11,5,6,富邦-竹東,2023-11-02,9625
1444,力麗,6,0,6,富邦-竹東,2023-11-02,9625
00919,群益台灣精選高息,15,10,5,富邦-竹東,2023-11-02,9625
6472,保瑞,5,0,5,富邦-竹東,2023-11-02,9625
4915,致伸,6,1,5,富邦-竹東,2023-11-02,9625
2834,臺企銀,750,1,749,富邦-竹東,2023-11-03,9625
00919,群益台灣精選高息,112,10,102,富邦-竹東,2023-11-03,9625
2727,王品,77,0,77,富邦-竹東,2023-11-03,9625
2363,矽統,201,142,59,富邦-竹東,2023-11-03,9625
00929,復華台灣科技優息,96,59,37,富邦-竹東,2023-11-03,9625
3591,艾笛森,30,0,30,富邦-竹東,2023-11-03,9625
3552,同致,31,2,29,富邦-竹東,2023-11-03,9625
6411,晶焱,28,0,28,富邦-竹東,2023-11-03,9625
0056,元大高股息,36,9,27,富邦-竹東,2023-11-03,9625
2886,兆豐金,30,7,23,富邦-竹東,2023-11-03,9625
2324,仁寶,22,0,22,富邦-竹東,2023-11-03,9625
1308,亞聚,21,0,21,富邦-竹東,2023-11-03,9625
3147,大綜,21,1,20,富邦-竹東,2023-11-03,9625
00878,國泰永續高股息,57,38,19,富邦-竹東,2023-11-03,9625
00679B,元大美債20年,21,3,18,富邦-竹東,2023-11-03,9625
2313,華通,31,13,18,富邦-竹東,2023-11-03,9625
3260,威剛,35,17,18,富邦-竹東,2023-11-03,9625
2382,廣達,28,11,17,富邦-竹東,2023-11-03,9625
3231,緯創,61,49,12,富邦-竹東,2023-11-03,9625
6104,創惟,12,1,11,富邦-竹東,2023-11-03,9625
3055,蔚華科,20,9,11,富邦-竹東,2023-11-03,9625
8150,南茂,11,0,11,富邦-竹東,2023-11-03,9625
5347,世界,10,0,10,富邦-竹東,2023-11-03,9625
1303,南亞,10,0,10,富邦-竹東,2023-11-03,9625
4167,松瑞藥,10,0,10,富邦-竹東,2023-11-03,9625
1609,大亞,11,1,10,富邦-竹東,2023-11-03,9625
2743,山富,10,0,10,富邦-竹東,2023-11-03,9625
1449,佳和,10,0,10,富邦-竹東,2023-11-03,9625
00719B,元大美債1-3,10,0,10,富邦-竹東,2023-11-03,9625
3706,神達,11,1,10,富邦-竹東,2023-11-03,9625
2317,鴻海,33,24,9,富邦-竹東,2023-11-03,9625
6173,信昌電,10,1,9,富邦-竹東,2023-11-03,9625
00680L,元大美債20正2,200,191,9,富邦-竹東,2023-11-03,9625
6285,啟��,19,10,9,富邦-竹東,2023-11-03,9625
9945,潤泰新,10,1,9,富邦-竹東,2023-11-03,9625
1319,東陽,9,1,8,富邦-竹東,2023-11-03,9625
2492,華新科,11,3,8,富邦-竹東,2023-11-03,9625
2515,中工,10,2,8,富邦-竹東,2023-11-03,9625
00885,富邦越南,7,0,7,富邦-竹東,2023-11-03,9625
1314,中石化,7,0,7,富邦-竹東,2023-11-03,9625
3346,麗清,7,0,7,富邦-竹東,2023-11-03,9625
6191,精成科,7,0,7,富邦-竹東,2023-11-03,9625
2367,燿華,7,0,7,富邦-竹東,2023-11-03,9625
2610,華航,26,19,7,富邦-竹東,2023-11-03,9625
6569,醫揚,6,0,6,富邦-竹東,2023-11-03,9625
2439,美律,7,1,6,富邦-竹東,2023-11-03,9625
6139,亞翔,18,12,6,富邦-竹東,2023-11-03,9625
5328,華容,6,0,6,富邦-竹東,2023-11-03,9625
3265,台星科,6,0,6,富邦-竹東,2023-11-03,9625
2401,凌陽,6,0,6,富邦-竹東,2023-11-03,9625
2834,臺企銀,701,39,662,富邦-竹東,2023-11-06,9625
00632R,元大台灣50反1,272,35,237,富邦-竹東,2023-11-06,9625
1802,台玻,100,10,90,富邦-竹東,2023-11-06,9625
00919,群益台灣精選高息,80,26,54,富邦-竹東,2023-11-06,9625
00934,中信成長高股息,59,7,52,富邦-竹東,2023-11-06,9625
2610,華航,63,12,51,富邦-竹東,2023-11-06,9625
6182,合晶,46,2,44,富邦-竹東,2023-11-06,9625
2886,兆豐金,57,13,44,富邦-竹東,2023-11-06,9625
6770,力積電,84,43,41,富邦-竹東,2023-11-06,9625
2363,矽統,146,109,37,富邦-竹東,2023-11-06,9625
2915,潤泰全,38,1,37,富邦-竹東,2023-11-06,9625
8432,東生華,34,0,34,富邦-竹東,2023-11-06,9625
00715L,期街口布蘭特正2,33,2,31,富邦-竹東,2023-11-06,9625
00671R,富邦NASDAQ反1,30,0,30,富邦-竹東,2023-11-06,9625
3264,欣銓,48,18,30,富邦-竹東,2023-11-06,9625
1434,福懋,25,0,25,富邦-竹東,2023-11-06,9625
2388,威盛,72,47,25,富邦-竹東,2023-11-06,9625
6411,晶焱,27,3,24,富邦-竹東,2023-11-06,9625
5490,同亨,22,0,22,富邦-竹東,2023-11-06,9625
3313,斐成,20,0,20,富邦-竹東,2023-11-06,9625
5608,四維航,20,0,20,富邦-竹東,2023-11-06,9625
3552,同致,20,0,20,富邦-竹東,2023-11-06,9625
1444,力麗,20,0,20,富邦-竹東,2023-11-06,9625
9105,泰金寶-DR,20,0,20,富邦-竹東,2023-11-06,9625
3705,永信,20,0,20,富邦-竹東,2023-11-06,9625
1722,台肥,18,0,18,富邦-竹東,2023-11-06,9625
6285,啟��,18,1,17,富邦-竹東,2023-11-06,9625
00706L,期元大S＆P日圓正2,17,0,17,富邦-竹東,2023-11-06,9625
8088,品安,23,6,17,富邦-竹東,2023-11-06,9625
3576,聯合再生,16,0,16,富邦-竹東,2023-11-06,9625
2618,長榮航,24,9,15,富邦-竹東,2023-11-06,9625
1605,華新,28,14,14,富邦-竹東,2023-11-06,9625
4973,廣穎,25,11,14,富邦-竹東,2023-11-06,9625
8150,南茂,14,0,14,富邦-竹東,2023-11-06,9625
00933B,國泰10Y+金融債,13,0,13,富邦-竹東,2023-11-06,9625
1101,台泥,22,9,13,富邦-竹東,2023-11-06,9625
4767,誠泰科技,12,0,12,富邦-竹東,2023-11-06,9625
3005,神基,12,0,12,富邦-竹東,2023-11-06,9625
2376,技嘉,26,15,11,富邦-竹東,2023-11-06,9625
3163,波若威,11,0,11,富邦-竹東,2023-11-06,9625
00935,野村臺灣新科技50,11,0,11,富邦-竹東,2023-11-06,9625
0056,元大高股息,22,11,11,富邦-竹東,2023-11-06,9625
4904,遠傳,10,0,10,富邦-竹東,2023-11-06,9625
2399,映泰,10,0,10,富邦-竹東,2023-11-06,9625
3380,明泰,10,0,10,富邦-竹東,2023-11-06,9625
4916,事欣科,11,1,10,富邦-竹東,2023-11-06,9625
1909,榮成,10,0,10,富邦-竹東,2023-11-06,9625
2323,中環,10,0,10,富邦-竹東,2023-11-06,9625
00930,永豐ESG低碳高息,10,0,10,富邦-竹東,2023-11-06,9625
3231,緯創,55,46,9,富邦-竹東,2023-11-06,9625
2834,臺企銀,153,10,143,富邦-竹東,2023-11-07,9625
00712,復華富時不動產,103,28,75,富邦-竹東,2023-11-07,9625
2363,矽統,103,38,65,富邦-竹東,2023-11-07,9625
00934,中信成長高股息,87,30,57,富邦-竹東,2023-11-07,9625
00715L,期街口布蘭特正2,45,0,45,富邦-竹東,2023-11-07,9625
00878,國泰永續高股息,41,5,36,富邦-竹東,2023-11-07,9625
2344,華邦電,34,7,27,富邦-竹東,2023-11-07,9625
2634,漢翔,28,2,26,富邦-竹東,2023-11-07,9625
2605,新興,26,0,26,富邦-竹東,2023-11-07,9625
3189,景碩,23,0,23,富邦-竹東,2023-11-07,9625
8358,金居,22,1,21,富邦-竹東,2023-11-07,9625
6625,必應,23,2,21,富邦-竹東,2023-11-07,9625
00931B,統一美債20年,21,0,21,富邦-竹東,2023-11-07,9625
6197,佳必琪,35,15,20,富邦-竹東,2023-11-07,9625
3363,上詮,21,2,19,富邦-竹東,2023-11-07,9625
00637L,元大滬深300正2,18,0,18,富邦-竹東,2023-11-07,9625
2453,凌群,31,13,18,富邦-竹東,2023-11-07,9625
2367,燿華,16,0,16,富邦-竹東,2023-11-07,9625
5348,正能量智能,17,1,16,富邦-竹東,2023-11-07,9625
8163,達方,16,0,16,富邦-竹東,2023-11-07,9625
2485,兆赫,15,0,15,富邦-竹東,2023-11-07,9625
6182,合晶,15,0,15,富邦-竹東,2023-11-07,9625
5608,四維航,15,0,15,富邦-竹東,2023-11-07,9625
2610,華航,32,18,14,富邦-竹東,2023-11-07,9625
2356,英業達,22,8,14,富邦-竹東,2023-11-07,9625
3588,通嘉,17,3,14,富邦-竹東,2023-11-07,9625
2486,一詮,18,5,13,富邦-竹東,2023-11-07,9625
4129,聯合,12,0,12,富邦-竹東,2023-11-07,9625
2314,台揚,11,0,11,富邦-竹東,2023-11-07,9625
3234,光環,13,2,11,富邦-竹東,2023-11-07,9625
8054,安國,11,0,11,富邦-竹東,2023-11-07,9625
00679B,元大美債20年,10,0,10,富邦-竹東,2023-11-07,9625
8040,九暘,10,0,10,富邦-竹東,2023-11-07,9625
4167,松瑞藥,25,15,10,富邦-竹東,2023-11-07,9625
2007,燁興,10,0,10,富邦-竹東,2023-11-07,9625
5457,宣德,10,0,10,富邦-竹東,2023-11-07,9625
1568,倉佑,13,3,10,富邦-竹東,2023-11-07,9625
3338,泰碩,10,0,10,富邦-竹東,2023-11-07,9625
2317,鴻海,11,2,9,富邦-竹東,2023-11-07,9625
4162,智擎,38,29,9,富邦-竹東,2023-11-07,9625
3169,亞信,10,1,9,富邦-竹東,2023-11-07,9625
3545,敦泰,15,6,9,富邦-竹東,2023-11-07,9625
3163,波若威,13,5,8,富邦-竹東,2023-11-07,9625
3078,僑威,9,1,8,富邦-竹東,2023-11-07,9625
4904,遠傳,8,0,8,富邦-竹東,2023-11-07,9625
2359,所羅門,9,2,7,富邦-竹東,2023-11-07,9625
3014,聯陽,7,0,7,富邦-竹東,2023-11-07,9625
6901,鑽石投資,12,5,7,富邦-竹東,2023-11-07,9625
00751B,元大AAA至A公司債,6,0,6,富邦-竹東,2023-11-07,9625
6492,生華科,6,0,6,富邦-竹東,2023-11-07,9625
00936,台新永續高息中小,140,12,128,富邦-竹東,2023-11-08,9625
00715L,期街口布蘭特正2,70,4,66,富邦-竹東,2023-11-08,9625
2363,矽統,137,80,57,富邦-竹東,2023-11-08,9625
1514,亞力,61,11,50,富邦-竹東,2023-11-08,9625
8110,華東,40,0,40,富邦-竹東,2023-11-08,9625
6770,力積電,45,10,35,富邦-竹東,2023-11-08,9625
3014,聯陽,54,19,35,富邦-竹東,2023-11-08,9625
00878,國泰永續高股息,52,18,34,富邦-竹東,2023-11-08,9625
2618,長榮航,78,51,27,富邦-竹東,2023-11-08,9625
2002,中鋼,27,0,27,富邦-竹東,2023-11-08,9625
4167,松瑞藥,53,27,26,富邦-竹東,2023-11-08,9625
3176,基亞,34,11,23,富邦-竹東,2023-11-08,9625
6743,安普新,21,0,21,富邦-竹東,2023-11-08,9625
1301,台塑,20,0,20,富邦-竹東,2023-11-08,9625
4413,飛寶企業,20,0,20,富邦-竹東,2023-11-08,9625
2007,燁興,30,10,20,富邦-竹東,2023-11-08,9625
1609,大亞,25,6,19,富邦-竹東,2023-11-08,9625
5347,世界,20,2,18,富邦-竹東,2023-11-08,9625
00929,復華台灣科技優息,62,45,17,富邦-竹東,2023-11-08,9625
1568,倉佑,19,3,16,富邦-竹東,2023-11-08,9625
4128,中天,19,4,15,富邦-竹東,2023-11-08,9625
2421,建準,17,2,15,富邦-竹東,2023-11-08,9625
8088,品安,24,10,14,富邦-竹東,2023-11-08,9625
2388,威盛,29,16,13,富邦-竹東,2023-11-08,9625
2605,新興,12,0,12,富邦-竹東,2023-11-08,9625
3051,力特,14,2,12,富邦-竹東,2023-11-08,9625
00935,野村臺灣新科技50,12,0,12,富邦-竹東,2023-11-08,9625
5348,正能量智能,13,1,12,富邦-竹東,2023-11-08,9625
1513,中興電,11,0,11,富邦-竹東,2023-11-08,9625
2515,中工,21,10,11,富邦-竹東,2023-11-08,9625
3374,精材,13,2,11,富邦-竹東,2023-11-08,9625
3034,聯詠,15,5,10,富邦-竹東,2023-11-08,9625
3372,典範,10,0,10,富邦-竹東,2023-11-08,9625
2316,楠梓電,10,0,10,富邦-竹東,2023-11-08,9625
00692,富邦公司治理,10,0,10,富邦-竹東,2023-11-08,9625
00870B,元大15年EM主權債,10,0,10,富邦-竹東,2023-11-08,9625
1605,華新,10,0,10,富邦-竹東,2023-11-08,9625
8390,金益鼎,10,0,10,富邦-竹東,2023-11-08,9625
3006,晶豪科,11,2,9,富邦-竹東,2023-11-08,9625
00687B,國泰20年美債,12,3,9,富邦-竹東,2023-11-08,9625
2356,英業達,22,13,9,富邦-竹東,2023-11-08,9625
9930,中聯資源,10,1,9,富邦-竹東,2023-11-08,9625
1815,富喬,18,9,9,富邦-竹東,2023-11-08,9625
6284,佳邦,17,9,8,富邦-竹東,2023-11-08,9625
2884,玉山金,9,1,8,富邦-竹東,2023-11-08,9625
1795,美時,9,1,8,富邦-竹東,2023-11-08,9625
9933,中鼎,11,3,8,富邦-竹東,2023-11-08,9625
8299,群聯,9,1,8,富邦-竹東,2023-11-08,9625
2301,光寶科,12,4,8,富邦-竹東,2023-11-08,9625
2609,陽明,7,0,7,富邦-竹東,2023-11-08,9625
2618,長榮航,94,17,77,富邦-竹東,2023-11-09,9625
00715L,期街口布蘭特正2,94,28,66,富邦-竹東,2023-11-09,9625
6770,力積電,102,51,51,富邦-竹東,2023-11-09,9625
2329,華泰,117,68,49,富邦-竹東,2023-11-09,9625
2363,矽統,171,126,45,富邦-竹東,2023-11-09,9625
00936,台新永續高息中小,48,4,44,富邦-竹東,2023-11-09,9625
4102,永日,39,0,39,富邦-竹東,2023-11-09,9625
00632R,元大台灣50反1,35,0,35,富邦-竹東,2023-11-09,9625
6182,合晶,44,10,34,富邦-竹東,2023-11-09,9625
3260,威剛,38,5,33,富邦-竹東,2023-11-09,9625
5347,世界,30,0,30,富邦-竹東,2023-11-09,9625
2233,宇隆,30,0,30,富邦-竹東,2023-11-09,9625
2915,潤泰全,30,0,30,富邦-竹東,2023-11-09,9625
1324,地球,115,86,29,富邦-竹東,2023-11-09,9625
2344,華邦電,24,0,24,富邦-竹東,2023-11-09,9625
2488,漢平,20,0,20,富邦-竹東,2023-11-09,9625
8111,立��,20,0,20,富邦-竹東,2023-11-09,9625
3014,聯陽,79,60,19,富邦-竹東,2023-11-09,9625
3037,欣興,21,2,19,富邦-竹東,2023-11-09,9625
2605,新興,18,0,18,富邦-竹東,2023-11-09,9625
00919,群益台灣精選高息,19,1,18,富邦-竹東,2023-11-09,9625
2338,光罩,20,3,17,富邦-竹東,2023-11-09,9625
3162,精確,17,0,17,富邦-竹東,2023-11-09,9625
1815,富喬,23,6,17,富邦-竹東,2023-11-09,9625
0056,元大高股息,28,11,17,富邦-竹東,2023-11-09,9625
2892,第一金,20,5,15,富邦-竹東,2023-11-09,9625
5475,德宏,15,0,15,富邦-竹東,2023-11-09,9625
3346,麗清,15,0,15,富邦-竹東,2023-11-09,9625
4119,旭富,15,2,13,富邦-竹東,2023-11-09,9625
2610,華航,20,7,13,富邦-竹東,2023-11-09,9625
1513,中興電,12,0,12,富邦-竹東,2023-11-09,9625
3675,德微,12,0,12,富邦-竹東,2023-11-09,9625
2367,燿華,11,0,11,富邦-竹東,2023-11-09,9625
8358,金居,11,0,11,富邦-竹東,2023-11-09,9625
4906,正文,11,0,11,富邦-竹東,2023-11-09,9625
3708,上緯投控,10,0,10,富邦-竹東,2023-11-09,9625
1795,美時,16,6,10,富邦-竹東,2023-11-09,9625
6743,安普新,11,1,10,富邦-竹東,2023-11-09,9625
2609,陽明,10,0,10,富邦-竹東,2023-11-09,9625
2464,盟立,10,0,10,富邦-竹東,2023-11-09,9625
2354,鴻準,10,0,10,富邦-竹東,2023-11-09,9625
6234,高僑,10,0,10,富邦-竹東,2023-11-09,9625
2388,威盛,27,18,9,富邦-竹東,2023-11-09,9625
8046,南電,9,0,9,富邦-竹東,2023-11-09,9625
5272,笙科,10,1,9,富邦-竹東,2023-11-09,9625
3163,波若威,11,2,9,富邦-竹東,2023-11-09,9625
1101,台泥,11,2,9,富邦-竹東,2023-11-09,9625
2816,旺旺保,8,0,8,富邦-竹東,2023-11-09,9625
2516,新建,12,4,8,富邦-竹東,2023-11-09,9625
3265,台星科,11,3,8,富邦-竹東,2023-11-09,9625
00878,國泰永續高股息,260,36,224,富邦-竹東,2023-11-10,9625
5864,致和證,152,0,152,富邦-竹東,2023-11-10,9625
00712,復華富時不動產,102,2,100,富邦-竹東,2023-11-10,9625
00936,台新永續高息中小,78,0,78,富邦-竹東,2023-11-10,9625
00929,復華台灣科技優息,147,84,63,富邦-竹東,2023-11-10,9625
3231,緯創,215,164,51,富邦-竹東,2023-11-10,9625
00664R,國泰臺灣加權反1,50,0,50,富邦-竹東,2023-11-10,9625
2486,一詮,46,5,41,富邦-竹東,2023-11-10,9625
2363,矽統,120,80,40,富邦-竹東,2023-11-10,9625
2233,宇隆,35,0,35,富邦-竹東,2023-11-10,9625
2886,兆豐金,39,6,33,富邦-竹東,2023-11-10,9625
00900,富邦特選高股息30,31,0,31,富邦-竹東,2023-11-10,9625
3675,德微,28,0,28,富邦-竹東,2023-11-10,9625
3535,晶彩科,27,0,27,富邦-竹東,2023-11-10,9625
00919,群益台灣精選高息,32,7,25,富邦-竹東,2023-11-10,9625
6770,力積電,33,10,23,富邦-竹東,2023-11-10,9625
2409,友達,22,0,22,富邦-竹東,2023-11-10,9625
6271,同欣電,20,0,20,富邦-竹東,2023-11-10,9625
1737,臺鹽,20,0,20,富邦-竹東,2023-11-10,9625
00931B,統一美債20年,20,0,20,富邦-竹東,2023-11-10,9625
8088,品安,32,14,18,富邦-竹東,2023-11-10,9625
2609,陽明,20,3,17,富邦-竹東,2023-11-10,9625
3363,上詮,17,0,17,富邦-竹東,2023-11-10,9625
2367,燿華,17,1,16,富邦-竹東,2023-11-10,9625
4129,聯合,25,9,16,富邦-竹東,2023-11-10,9625
3715,定穎投控,13,0,13,富邦-竹東,2023-11-10,9625
2353,宏��,14,1,13,富邦-竹東,2023-11-10,9625
0056,元大高股息,19,7,12,富邦-竹東,2023-11-10,9625
00772B,中信高評級公司債,12,0,12,富邦-竹東,2023-11-10,9625
3694,海華,12,0,12,富邦-竹東,2023-11-10,9625
2355,敬鵬,13,1,12,富邦-竹東,2023-11-10,9625
8358,金居,13,1,12,富邦-竹東,2023-11-10,9625
6182,合晶,12,0,12,富邦-竹東,2023-11-10,9625
6743,安普新,11,0,11,富邦-竹東,2023-11-10,9625
2014,中鴻,10,0,10,富邦-竹東,2023-11-10,9625
2007,燁興,10,0,10,富邦-竹東,2023-11-10,9625
2362,藍天,10,0,10,富邦-竹東,2023-11-10,9625
2890,永豐金,10,0,10,富邦-竹東,2023-11-10,9625
3703,欣陸,10,0,10,富邦-竹東,2023-11-10,9625
4930,燦星網,10,0,10,富邦-竹東,2023-11-10,9625
00637L,元大滬深300正2,10,0,10,富邦-竹東,2023-11-10,9625
5608,四維航,10,0,10,富邦-竹東,2023-11-10,9625
4743,合一,23,13,10,富邦-竹東,2023-11-10,9625
4157,太景*-KY,10,1,9,富邦-竹東,2023-11-10,9625
1795,美時,18,9,9,富邦-竹東,2023-11-10,9625
6117,迎廣,21,12,9,富邦-竹東,2023-11-10,9625
2485,兆赫,9,1,8,富邦-竹東,2023-11-10,9625
00933B,國泰10Y+金融債,10,2,8,富邦-竹東,2023-11-10,9625
2002,中鋼,9,1,8,富邦-竹東,2023-11-10,9625
1584,精剛,8,0,8,富邦-竹東,2023-11-10,9625
00632R,元大台灣50反1,317,3,314,富邦-竹東,2023-11-13,9625
3322,建舜電,100,0,100,富邦-竹東,2023-11-13,9625
00664R,國泰臺灣加權反1,70,0,70,富邦-竹東,2023-11-13,9625
00935,野村臺灣新科技50,79,9,70,富邦-竹東,2023-11-13,9625
00878,國泰永續高股息,123,62,61,富邦-竹東,2023-11-13,9625
3706,神達,40,0,40,富邦-竹東,2023-11-13,9625
2618,長榮航,92,55,37,富邦-竹東,2023-11-13,9625
2888,新光金,30,0,30,富邦-竹東,2023-11-13,9625
2382,廣達,39,12,27,富邦-竹東,2023-11-13,9625
00900,富邦特選高股息30,26,0,26,富邦-竹東,2023-11-13,9625
2337,旺宏,25,1,24,富邦-竹東,2023-11-13,9625
3617,碩天,22,0,22,富邦-竹東,2023-11-13,9625
2915,潤泰全,20,0,20,富邦-竹東,2023-11-13,9625
6276,安鈦克,20,0,20,富邦-竹東,2023-11-13,9625
3014,聯陽,21,2,19,富邦-竹東,2023-11-13,9625
00923,群益台ESG低碳50,20,1,19,富邦-竹東,2023-11-13,9625
6290,良維,20,1,19,富邦-竹東,2023-11-13,9625
2402,毅嘉,22,5,17,富邦-竹東,2023-11-13,9625
3260,威剛,41,24,17,富邦-竹東,2023-11-13,9625
3163,波若威,17,1,16,富邦-竹東,2023-11-13,9625
1522,堤維西,22,8,14,富邦-竹東,2023-11-13,9625
3041,揚智,15,2,13,富邦-竹東,2023-11-13,9625
6226,光鼎,13,0,13,富邦-竹東,2023-11-13,9625
3078,僑威,19,6,13,富邦-竹東,2023-11-13,9625
1608,華榮,12,0,12,富邦-竹東,2023-11-13,9625
3105,穩懋,15,3,12,富邦-竹東,2023-11-13,9625
2801,彰銀,15,3,12,富邦-竹東,2023-11-13,9625
00936,台新永續高息中小,51,40,11,富邦-竹東,2023-11-13,9625
00679B,元大美債20年,11,0,11,富邦-竹東,2023-11-13,9625
2408,南亞科,11,0,11,富邦-竹東,2023-11-13,9625
2363,矽統,51,40,11,富邦-竹東,2023-11-13,9625
3675,德微,10,0,10,富邦-竹東,2023-11-13,9625
1301,台塑,10,0,10,富邦-竹東,2023-11-13,9625
6114,久威,10,0,10,富邦-竹東,2023-11-13,9625
3028,增你強,10,0,10,富邦-竹東,2023-11-13,9625
2465,麗臺,10,0,10,富邦-竹東,2023-11-13,9625
4157,太景*-KY,10,0,10,富邦-竹東,2023-11-13,9625
6139,亞翔,13,3,10,富邦-竹東,2023-11-13,9625
8215,明基材,10,0,10,富邦-竹東,2023-11-13,9625
00687B,國泰20年美債,9,0,9,富邦-竹東,2023-11-13,9625
2211,長榮鋼,8,0,8,富邦-竹東,2023-11-13,9625
2903,遠百,8,0,8,富邦-竹東,2023-11-13,9625
3694,海華,8,0,8,富邦-竹東,2023-11-13,9625
5457,宣德,8,0,8,富邦-竹東,2023-11-13,9625
2323,中環,7,0,7,富邦-竹東,2023-11-13,9625
6182,合晶,7,0,7,富邦-竹東,2023-11-13,9625
3005,神基,8,1,7,富邦-竹東,2023-11-13,9625
1795,美時,9,3,6,富邦-竹東,2023-11-13,9625
5864,致和證,6,0,6,富邦-竹東,2023-11-13,9625
6861,睿生光電,6,0,6,富邦-竹東,2023-11-13,9625
00632R,元大台灣50反1,136,0,136,富邦-竹東,2023-11-14,9625
00922,國泰台灣領袖50,90,0,90,富邦-竹東,2023-11-14,9625
00923,群益台ESG低碳50,68,3,65,富邦-竹東,2023-11-14,9625
2516,新建,55,8,47,富邦-竹東,2023-11-14,9625
1504,東元,47,3,44,富邦-竹東,2023-11-14,9625
3231,緯創,138,96,42,富邦-竹東,2023-11-14,9625
2891,中信金,50,15,35,富邦-竹東,2023-11-14,9625
2618,長榮航,29,4,25,富邦-竹東,2023-11-14,9625
1795,美時,22,0,22,富邦-竹東,2023-11-14,9625
2356,英業達,28,6,22,富邦-竹東,2023-11-14,9625
2313,華通,35,14,21,富邦-竹東,2023-11-14,9625
3037,欣興,25,4,21,富邦-竹東,2023-11-14,9625
00642U,期元大S＆P石油,20,0,20,富邦-竹東,2023-11-14,9625
6185,幃翔,20,0,20,富邦-竹東,2023-11-14,9625
8112,至上,20,2,18,富邦-竹東,2023-11-14,9625
00919,群益台灣精選高息,39,22,17,富邦-竹東,2023-11-14,9625
3027,盛達,15,0,15,富邦-竹東,2023-11-14,9625
2206,三陽工業,16,2,14,富邦-竹東,2023-11-14,9625
2417,圓剛,34,21,13,富邦-竹東,2023-11-14,9625
6451,訊芯-KY,22,9,13,富邦-竹東,2023-11-14,9625
2734,易飛網,19,6,13,富邦-竹東,2023-11-14,9625
2402,毅嘉,26,13,13,富邦-竹東,2023-11-14,9625
2324,仁寶,13,0,13,富邦-竹東,2023-11-14,9625
00936,台新永續高息中小,25,15,10,富邦-竹東,2023-11-14,9625
4102,永日,10,0,10,富邦-竹東,2023-11-14,9625
2352,佳世達,10,0,10,富邦-竹東,2023-11-14,9625
4414,如興,10,0,10,富邦-竹東,2023-11-14,9625
1609,大亞,11,1,10,富邦-竹東,2023-11-14,9625
6276,安鈦克,12,2,10,富邦-竹東,2023-11-14,9625
1471,首利,15,5,10,富邦-竹東,2023-11-14,9625
2382,廣達,25,16,9,富邦-竹東,2023-11-14,9625
2369,菱生,13,4,9,富邦-竹東,2023-11-14,9625
2607,榮運,10,1,9,富邦-竹東,2023-11-14,9625
6182,合晶,9,0,9,富邦-竹東,2023-11-14,9625
00692,富邦公司治理,10,1,9,富邦-竹東,2023-11-14,9625
1101,台泥,9,1,8,富邦-竹東,2023-11-14,9625
3014,聯陽,15,7,8,富邦-竹東,2023-11-14,9625
1515,力山,25,17,8,富邦-竹東,2023-11-14,9625
1217,愛之味,8,0,8,富邦-竹東,2023-11-14,9625
3260,威剛,13,5,8,富邦-竹東,2023-11-14,9625
2374,佳能,10,3,7,富邦-竹東,2023-11-14,9625
6113,亞矽,7,0,7,富邦-竹東,2023-11-14,9625
3078,僑威,18,12,6,富邦-竹東,2023-11-14,9625
6593,台灣銘板,7,1,6,富邦-竹東,2023-11-14,9625
2303,聯電,7,1,6,富邦-竹東,2023-11-14,9625
1815,富喬,14,8,6,富邦-竹東,2023-11-14,9625
2882,國泰金,6,0,6,富邦-竹東,2023-11-14,9625
3704,合勤控,7,1,6,富邦-竹東,2023-11-14,9625
6187,萬潤,7,1,6,富邦-竹東,2023-11-14,9625
6290,良維,6,0,6,富邦-竹東,2023-11-14,9625
00878,國泰永續高股息,164,31,133,富邦-竹東,2023-11-15,9625
00706L,期元大S＆P日圓正2,100,0,100,富邦-竹東,2023-11-15,9625
00664R,國泰臺灣加權反1,80,0,80,富邦-竹東,2023-11-15,9625
00929,復華台灣科技優息,174,110,64,富邦-竹東,2023-11-15,9625
00632R,元大台灣50反1,305,245,60,富邦-竹東,2023-11-15,9625
2204,中華,37,2,35,富邦-竹東,2023-11-15,9625
6505,台塑化,40,5,35,富邦-竹東,2023-11-15,9625
2317,鴻海,37,6,31,富邦-竹東,2023-11-15,9625
00900,富邦特選高股息30,80,50,30,富邦-竹東,2023-11-15,9625
00680L,元大美債20正2,30,1,29,富邦-竹東,2023-11-15,9625
6683,雍智科技,30,1,29,富邦-竹東,2023-11-15,9625
2323,中環,29,0,29,富邦-竹東,2023-11-15,9625
1795,美時,60,33,27,富邦-竹東,2023-11-15,9625
8110,華東,26,0,26,富邦-竹東,2023-11-15,9625
00679B,元大美債20年,27,1,26,富邦-竹東,2023-11-15,9625
00931B,統一美債20年,25,0,25,富邦-竹東,2023-11-15,9625
2449,京元電子,29,6,23,富邦-竹東,2023-11-15,9625
3706,神達,23,1,22,富邦-竹東,2023-11-15,9625
6703,軒郁,21,0,21,富邦-竹東,2023-11-15,9625
00922,國泰台灣領袖50,20,0,20,富邦-竹東,2023-11-15,9625
8043,蜜望實,20,0,20,富邦-竹東,2023-11-15,9625
5258,虹堡,20,0,20,富邦-竹東,2023-11-15,9625
3374,精材,20,0,20,富邦-竹東,2023-11-15,9625
6651,全宇昕,20,0,20,富邦-竹東,2023-11-15,9625
2363,矽統,112,93,19,富邦-竹東,2023-11-15,9625
6494,九齊,23,6,17,富邦-竹東,2023-11-15,9625
5471,松翰,17,2,15,富邦-竹東,2023-11-15,9625
8940,新天地,14,0,14,富邦-竹東,2023-11-15,9625
2402,毅嘉,27,15,12,富邦-竹東,2023-11-15,9625
2641,正德,12,0,12,富邦-竹東,2023-11-15,9625
2723,美食-KY,11,0,11,富邦-竹東,2023-11-15,9625
2485,兆赫,12,1,11,富邦-竹東,2023-11-15,9625
2390,云辰,25,14,11,富邦-竹東,2023-11-15,9625
2801,彰銀,10,0,10,富邦-竹東,2023-11-15,9625
2376,技嘉,15,5,10,富邦-竹東,2023-11-15,9625
3450,聯鈞,26,16,10,富邦-竹東,2023-11-15,9625
1513,中興電,12,2,10,富邦-竹東,2023-11-15,9625
2387,精元,10,0,10,富邦-竹東,2023-11-15,9625
4123,晟德,10,0,10,富邦-竹東,2023-11-15,9625
3714,富采,10,0,10,富邦-竹東,2023-11-15,9625
2607,榮運,10,0,10,富邦-竹東,2023-11-15,9625
1504,東元,12,3,9,富邦-竹東,2023-11-15,9625
4108,懷特,9,0,9,富邦-竹東,2023-11-15,9625
00919,群益台灣精選高息,25,16,9,富邦-竹東,2023-11-15,9625
2421,建準,11,2,9,富邦-竹東,2023-11-15,9625
1609,大亞,17,8,9,富邦-竹東,2023-11-15,9625
3017,奇鋐,13,4,9,富邦-竹東,2023-11-15,9625
2329,華泰,196,188,8,富邦-竹東,2023-11-15,9625
6585,鼎基,17,9,8,富邦-竹東,2023-11-15,9625
3615,安可,8,0,8,富邦-竹東,2023-11-15,9625
00712,復華富時不動產,225,15,210,富邦-竹東,2023-11-16,9625
00680L,元大美債20正2,130,0,130,富邦-竹東,2023-11-16,9625
00929,復華台灣科技優息,131,24,107,富邦-竹東,2023-11-16,9625
2329,華泰,316,254,62,富邦-竹東,2023-11-16,9625
2007,燁興,40,0,40,富邦-竹東,2023-11-16,9625
5522,遠雄,33,0,33,富邦-竹東,2023-11-16,9625
4123,晟德,30,0,30,富邦-竹東,2023-11-16,9625
3231,緯創,102,73,29,富邦-竹東,2023-11-16,9625
1605,華新,48,20,28,富邦-竹東,2023-11-16,9625
00637L,元大滬深300正2,24,0,24,富邦-竹東,2023-11-16,9625
00935,野村臺灣新科技50,23,0,23,富邦-竹東,2023-11-16,9625
3715,定穎投控,24,1,23,富邦-竹東,2023-11-16,9625
00919,群益台灣精選高息,28,7,21,富邦-竹東,2023-11-16,9625
00696B,富邦美債20年,21,0,21,富邦-竹東,2023-11-16,9625
2417,圓剛,48,28,20,富邦-竹東,2023-11-16,9625
00719B,元大美債1-3,20,0,20,富邦-竹東,2023-11-16,9625
6703,軒郁,19,0,19,富邦-竹東,2023-11-16,9625
2369,菱生,23,4,19,富邦-竹東,2023-11-16,9625
00665L,富邦�琤肭磪囓�2,19,0,19,富邦-竹東,2023-11-16,9625
2634,漢翔,20,2,18,富邦-竹東,2023-11-16,9625
00679B,元大美債20年,17,0,17,富邦-竹東,2023-11-16,9625
1721,三晃,16,0,16,富邦-竹東,2023-11-16,9625
2516,新建,16,0,16,富邦-竹東,2023-11-16,9625
2915,潤泰全,15,0,15,富邦-竹東,2023-11-16,9625
2364,倫飛,18,3,15,富邦-竹東,2023-11-16,9625
5289,宜鼎,14,0,14,富邦-竹東,2023-11-16,9625
3545,敦泰,35,21,14,富邦-竹東,2023-11-16,9625
6104,創惟,14,0,14,富邦-竹東,2023-11-16,9625
6531,愛普*,17,3,14,富邦-竹東,2023-11-16,9625
3041,揚智,84,71,13,富邦-竹東,2023-11-16,9625
6233,旺玖,18,5,13,富邦-竹東,2023-11-16,9625
1101,台泥,12,0,12,富邦-竹東,2023-11-16,9625
3588,通嘉,15,3,12,富邦-竹東,2023-11-16,9625
2408,南亞科,20,8,12,富邦-竹東,2023-11-16,9625
00934,中信成長高股息,15,3,12,富邦-竹東,2023-11-16,9625
2380,虹光,11,0,11,富邦-竹東,2023-11-16,9625
1714,和桐,11,0,11,富邦-竹東,2023-11-16,9625
00720B,元大投資級公司債,10,0,10,富邦-竹東,2023-11-16,9625
2027,大成鋼,14,4,10,富邦-竹東,2023-11-16,9625
3675,德微,10,0,10,富邦-竹東,2023-11-16,9625
5512,力麒,10,0,10,富邦-竹東,2023-11-16,9625
4414,如興,10,0,10,富邦-竹東,2023-11-16,9625
8076,伍豐,10,0,10,富邦-竹東,2023-11-16,9625
6114,久威,9,0,9,富邦-竹東,2023-11-16,9625
1515,力山,31,22,9,富邦-竹東,2023-11-16,9625
6139,亞翔,13,4,9,富邦-竹東,2023-11-16,9625
1514,亞力,10,1,9,富邦-竹東,2023-11-16,9625
6456,GIS-KY,10,1,9,富邦-竹東,2023-11-16,9625
5608,四維航,19,10,9,富邦-竹東,2023-11-16,9625
00933B,國泰10Y+金融債,8,0,8,富邦-竹東,2023-11-16,9625
00632R,元大台灣50反1,220,0,220,富邦-竹東,2023-11-17,9625
00927,群益半導體收益,200,0,200,富邦-竹東,2023-11-17,9625
00664R,國泰臺灣加權反1,170,0,170,富邦-竹東,2023-11-17,9625
2402,毅嘉,50,4,46,富邦-竹東,2023-11-17,9625
00907,永豐優息存股,42,5,37,富邦-竹東,2023-11-17,9625
00935,野村臺灣新科技50,36,0,36,富邦-竹東,2023-11-17,9625
2353,宏��,33,0,33,富邦-竹東,2023-11-17,9625
6257,矽格,32,0,32,富邦-竹東,2023-11-17,9625
00715L,期街口布蘭特正2,33,2,31,富邦-竹東,2023-11-17,9625
2405,輔信,35,7,28,富邦-竹東,2023-11-17,9625
2731,雄獅,48,23,25,富邦-竹東,2023-11-17,9625
2610,華航,31,6,25,富邦-竹東,2023-11-17,9625
00687B,國泰20年美債,25,0,25,富邦-竹東,2023-11-17,9625
3260,威剛,23,2,21,富邦-竹東,2023-11-17,9625
2630,亞航,21,0,21,富邦-竹東,2023-11-17,9625
1605,華新,41,20,21,富邦-竹東,2023-11-17,9625
6016,康和證,21,0,21,富邦-竹東,2023-11-17,9625
5392,能率,20,0,20,富邦-竹東,2023-11-17,9625
00719B,元大美債1-3,20,0,20,富邦-竹東,2023-11-17,9625
2363,矽統,100,81,19,富邦-竹東,2023-11-17,9625
00679B,元大美債20年,19,0,19,富邦-竹東,2023-11-17,9625
00936,台新永續高息中小,30,12,18,富邦-竹東,2023-11-17,9625
00637L,元大滬深300正2,29,11,18,富邦-竹東,2023-11-17,9625
5009,榮剛,20,2,18,富邦-竹東,2023-11-17,9625
3715,定穎投控,33,15,18,富邦-竹東,2023-11-17,9625
2312,金寶,19,1,18,富邦-竹東,2023-11-17,9625
5608,四維航,18,0,18,富邦-竹東,2023-11-17,9625
3231,緯創,76,59,17,富邦-竹東,2023-11-17,9625
00850,元大臺灣ESG永續,16,0,16,富邦-竹東,2023-11-17,9625
5309,系統電,16,0,16,富邦-竹東,2023-11-17,9625
2516,新建,15,0,15,富邦-竹東,2023-11-17,9625
3623,富晶通,15,0,15,富邦-竹東,2023-11-17,9625
6125,廣運,22,7,15,富邦-竹東,2023-11-17,9625
2356,英業達,20,7,13,富邦-竹東,2023-11-17,9625
3189,景碩,17,5,12,富邦-竹東,2023-11-17,9625
00933B,國泰10Y+金融債,22,10,12,富邦-竹東,2023-11-17,9625
4976,佳凌,11,0,11,富邦-竹東,2023-11-17,9625
3305,昇貿,11,0,11,富邦-竹東,2023-11-17,9625
8936,國統,13,2,11,富邦-竹東,2023-11-17,9625
00882,中信中國高股息,21,10,11,富邦-竹東,2023-11-17,9625
2014,中鴻,10,0,10,富邦-竹東,2023-11-17,9625
00720B,元大投資級公司債,10,0,10,富邦-竹東,2023-11-17,9625
2743,山富,26,16,10,富邦-竹東,2023-11-17,9625
5519,隆大,10,0,10,富邦-竹東,2023-11-17,9625
2515,中工,12,2,10,富邦-竹東,2023-11-17,9625
2362,藍天,10,0,10,富邦-竹東,2023-11-17,9625
6129,普誠,16,6,10,富邦-竹東,2023-11-17,9625
00696B,富邦美債20年,10,0,10,富邦-竹東,2023-11-17,9625
6173,信昌電,10,0,10,富邦-竹東,2023-11-17,9625
6233,旺玖,10,0,10,富邦-竹東,2023-11-17,9625
00929,復華台灣科技優息,234,80,154,富邦-竹東,2023-11-20,9625
2344,華邦電,67,6,61,富邦-竹東,2023-11-20,9625
8034,榮群,53,4,49,富邦-竹東,2023-11-20,9625
2834,臺企銀,50,5,45,富邦-竹東,2023-11-20,9625
6125,廣運,79,39,40,富邦-竹東,2023-11-20,9625
2618,長榮航,62,22,40,富邦-竹東,2023-11-20,9625
6270,倍微,40,1,39,富邦-竹東,2023-11-20,9625
6202,盛群,30,0,30,富邦-竹東,2023-11-20,9625
5864,致和證,30,0,30,富邦-竹東,2023-11-20,9625
2387,精元,30,0,30,富邦-竹東,2023-11-20,9625
2890,永豐金,30,0,30,富邦-竹東,2023-11-20,9625
00679B,元大美債20年,29,0,29,富邦-竹東,2023-11-20,9625
8358,金居,28,0,28,富邦-竹東,2023-11-20,9625
2485,兆赫,32,5,27,富邦-竹東,2023-11-20,9625
0056,元大高股息,33,6,27,富邦-竹東,2023-11-20,9625
3013,晟銘電,25,0,25,富邦-竹東,2023-11-20,9625
00931B,統一美債20年,25,1,24,富邦-竹東,2023-11-20,9625
3046,建��,24,0,24,富邦-竹東,2023-11-20,9625
1795,美時,29,5,24,富邦-竹東,2023-11-20,9625
8201,無敵,23,0,23,富邦-竹東,2023-11-20,9625
2888,新光金,20,0,20,富邦-竹東,2023-11-20,9625
6470,宇智,20,0,20,富邦-竹東,2023-11-20,9625
6275,元山,20,0,20,富邦-竹東,2023-11-20,9625
00712,復華富時不動產,21,1,20,富邦-竹東,2023-11-20,9625
6418,詠昇,20,0,20,富邦-竹東,2023-11-20,9625
2610,華航,30,11,19,富邦-竹東,2023-11-20,9625
3588,通嘉,28,10,18,富邦-竹東,2023-11-20,9625
3035,智原,25,8,17,富邦-竹東,2023-11-20,9625
00922,國泰台灣領袖50,17,0,17,富邦-竹東,2023-11-20,9625
3706,神達,24,7,17,富邦-竹東,2023-11-20,9625
6127,九豪,23,6,17,富邦-竹東,2023-11-20,9625
9945,潤泰新,17,0,17,富邦-竹東,2023-11-20,9625
2201,裕隆,19,3,16,富邦-竹東,2023-11-20,9625
3025,星通,19,4,15,富邦-竹東,2023-11-20,9625
2417,圓剛,14,0,14,富邦-竹東,2023-11-20,9625
00935,野村臺灣新科技50,14,0,14,富邦-竹東,2023-11-20,9625
8054,安國,16,2,14,富邦-竹東,2023-11-20,9625
2002,中鋼,15,2,13,富邦-竹東,2023-11-20,9625
8222,寶一,12,0,12,富邦-竹東,2023-11-20,9625
3037,欣興,18,7,11,富邦-竹東,2023-11-20,9625
2356,英業達,27,16,11,富邦-竹東,2023-11-20,9625
5009,榮剛,12,1,11,富邦-竹東,2023-11-20,9625
3049,精金,11,0,11,富邦-竹東,2023-11-20,9625
2462,良得電,25,15,10,富邦-竹東,2023-11-20,9625
2362,藍天,10,0,10,富邦-竹東,2023-11-20,9625
2352,佳世達,10,0,10,富邦-竹東,2023-11-20,9625
2484,希華,10,0,10,富邦-竹東,2023-11-20,9625
6558,興能高,10,0,10,富邦-竹東,2023-11-20,9625
2450,神腦,10,0,10,富邦-竹東,2023-11-20,9625
5512,力麒,10,0,10,富邦-竹東,2023-11-20,9625
00632R,元大台灣50反1,310,139,171,富邦-竹東,2023-11-21,9625
00664R,國泰臺灣加權反1,140,0,140,富邦-竹東,2023-11-21,9625
00929,復華台灣科技優息,152,13,139,富邦-竹東,2023-11-21,9625
3047,訊舟,75,4,71,富邦-竹東,2023-11-21,9625
5351,鈺創,98,33,65,富邦-竹東,2023-11-21,9625
5864,致和證,56,0,56,富邦-竹東,2023-11-21,9625
2486,一詮,56,3,53,富邦-竹東,2023-11-21,9625
6016,康和證,50,0,50,富邦-竹東,2023-11-21,9625
2618,長榮航,54,7,47,富邦-竹東,2023-11-21,9625
2331,精英,47,0,47,富邦-竹東,2023-11-21,9625
2462,良得電,42,1,41,富邦-竹東,2023-11-21,9625
2367,燿華,72,33,39,富邦-竹東,2023-11-21,9625
4906,正文,38,1,37,富邦-竹東,2023-11-21,9625
2888,新光金,35,0,35,富邦-竹東,2023-11-21,9625
2547,日勝生,30,0,30,富邦-竹東,2023-11-21,9625
6770,力積電,62,33,29,富邦-竹東,2023-11-21,9625
3014,聯陽,28,4,24,富邦-竹東,2023-11-21,9625
00715L,期街口布蘭特正2,30,6,24,富邦-竹東,2023-11-21,9625
2390,云辰,30,6,24,富邦-竹東,2023-11-21,9625
3564,其陽,23,0,23,富邦-竹東,2023-11-21,9625
2316,楠梓電,23,0,23,富邦-竹東,2023-11-21,9625
1504,東元,28,5,23,富邦-竹東,2023-11-21,9625
3588,通嘉,23,1,22,富邦-竹東,2023-11-21,9625
3059,華晶科,30,8,22,富邦-竹東,2023-11-21,9625
3545,敦泰,28,7,21,富邦-竹東,2023-11-21,9625
3041,揚智,86,65,21,富邦-竹東,2023-11-21,9625
6177,達麗,20,0,20,富邦-竹東,2023-11-21,9625
2363,矽統,48,28,20,富邦-竹東,2023-11-21,9625
4729,熒茂,35,16,19,富邦-竹東,2023-11-21,9625
5512,力麒,18,0,18,富邦-竹東,2023-11-21,9625
00919,群益台灣精選高息,30,13,17,富邦-竹東,2023-11-21,9625
00696B,富邦美債20年,16,0,16,富邦-竹東,2023-11-21,9625
2352,佳世達,17,2,15,富邦-竹東,2023-11-21,9625
2355,敬鵬,46,31,15,富邦-竹東,2023-11-21,9625
2603,長榮,19,4,15,富邦-竹東,2023-11-21,9625
1731,美吾華,13,0,13,富邦-竹東,2023-11-21,9625
2337,旺宏,15,2,13,富邦-竹東,2023-11-21,9625
2421,建準,16,3,13,富邦-竹東,2023-11-21,9625
6531,愛普*,15,2,13,富邦-竹東,2023-11-21,9625
5258,虹堡,24,13,11,富邦-竹東,2023-11-21,9625
4977,眾達-KY,11,0,11,富邦-竹東,2023-11-21,9625
2356,英業達,53,42,11,富邦-竹東,2023-11-21,9625
3013,晟銘電,11,0,11,富邦-竹東,2023-11-21,9625
3006,晶豪科,11,1,10,富邦-竹東,2023-11-21,9625
1440,南紡,10,0,10,富邦-竹東,2023-11-21,9625
00931B,統一美債20年,10,0,10,富邦-竹東,2023-11-21,9625
2419,仲琦,12,2,10,富邦-竹東,2023-11-21,9625
2722,夏都,10,0,10,富邦-竹東,2023-11-21,9625
3705,永信,10,0,10,富邦-竹東,2023-11-21,9625
00720B,元大投資級公司債,10,0,10,富邦-竹東,2023-11-21,9625
2883,凱基金,222,9,213,富邦-竹東,2023-11-22,9625
00878,國泰永續高股息,214,18,196,富邦-竹東,2023-11-22,9625
00632R,元大台灣50反1,170,0,170,富邦-竹東,2023-11-22,9625
3231,緯創,156,71,85,富邦-竹東,2023-11-22,9625
2356,英業達,93,14,79,富邦-竹東,2023-11-22,9625
2405,輔信,95,18,77,富邦-竹東,2023-11-22,9625
00680L,元大美債20正2,74,0,74,富邦-竹東,2023-11-22,9625
00929,復華台灣科技優息,152,81,71,富邦-竹東,2023-11-22,9625
2637,慧洋-KY,66,0,66,富邦-竹東,2023-11-22,9625
6411,晶焱,63,7,56,富邦-竹東,2023-11-22,9625
2618,長榮航,88,32,56,富邦-竹東,2023-11-22,9625
2610,華航,72,24,48,富邦-竹東,2023-11-22,9625
1815,富喬,50,5,45,富邦-竹東,2023-11-22,9625
1464,得力,40,0,40,富邦-竹東,2023-11-22,9625
00922,國泰台灣領袖50,40,1,39,富邦-竹東,2023-11-22,9625
2401,凌陽,58,19,39,富邦-竹東,2023-11-22,9625
00687B,國泰20年美債,33,0,33,富邦-竹東,2023-11-22,9625
00919,群益台灣精選高息,54,21,33,富邦-竹東,2023-11-22,9625
5521,工信,35,3,32,富邦-竹東,2023-11-22,9625
0056,元大高股息,42,13,29,富邦-竹東,2023-11-22,9625
2886,兆豐金,33,5,28,富邦-竹東,2023-11-22,9625
2353,宏��,29,1,28,富邦-竹東,2023-11-22,9625
3706,神達,27,0,27,富邦-竹東,2023-11-22,9625
2382,廣達,31,5,26,富邦-竹東,2023-11-22,9625
2489,瑞軒,25,0,25,富邦-竹東,2023-11-22,9625
2427,三商電,26,2,24,富邦-竹東,2023-11-22,9625
2387,精元,23,0,23,富邦-竹東,2023-11-22,9625
3558,神準,20,0,20,富邦-竹東,2023-11-22,9625
2913,農林,20,0,20,富邦-竹東,2023-11-22,9625
5009,榮剛,28,9,19,富邦-竹東,2023-11-22,9625
3276,宇環,21,2,19,富邦-竹東,2023-11-22,9625
00706L,期元大S＆P日圓正2,23,5,18,富邦-竹東,2023-11-22,9625
00637L,元大滬深300正2,41,23,18,富邦-竹東,2023-11-22,9625
2376,技嘉,22,4,18,富邦-竹東,2023-11-22,9625
00936,台新永續高息中小,17,0,17,富邦-竹東,2023-11-22,9625
3325,旭品,46,30,16,富邦-竹東,2023-11-22,9625
3047,訊舟,35,19,16,富邦-竹東,2023-11-22,9625
2330,台積電,19,3,16,富邦-竹東,2023-11-22,9625
6257,矽格,15,0,15,富邦-竹東,2023-11-22,9625
00679B,元大美債20年,15,0,15,富邦-竹東,2023-11-22,9625
5531,鄉林,25,10,15,富邦-竹東,2023-11-22,9625
6770,力積電,23,8,15,富邦-竹東,2023-11-22,9625
2363,矽統,127,112,15,富邦-竹東,2023-11-22,9625
8112,至上,13,0,13,富邦-竹東,2023-11-22,9625
00665L,富邦�琤肭磪囓�2,13,0,13,富邦-竹東,2023-11-22,9625
3189,景碩,17,4,13,富邦-竹東,2023-11-22,9625
2352,佳世達,12,0,12,富邦-竹東,2023-11-22,9625
2888,新光金,12,0,12,富邦-竹東,2023-11-22,9625
00905,FT臺灣Smart,11,0,11,富邦-竹東,2023-11-22,9625
1342,八貫,14,3,11,富邦-竹東,2023-11-22,9625
2883,凱基金,211,5,206,富邦-竹東,2023-11-23,9625
2891,中信金,109,0,109,富邦-竹東,2023-11-23,9625
3588,通嘉,113,4,109,富邦-竹東,2023-11-23,9625
00712,復華富時不動產,107,0,107,富邦-竹東,2023-11-23,9625
00919,群益台灣精選高息,77,4,73,富邦-竹東,2023-11-23,9625
2363,矽統,113,52,61,富邦-竹東,2023-11-23,9625
5521,工信,65,17,48,富邦-竹東,2023-11-23,9625
00929,復華台灣科技優息,87,41,46,富邦-竹東,2023-11-23,9625
5439,高技,41,3,38,富邦-竹東,2023-11-23,9625
8088,品安,42,8,34,富邦-竹東,2023-11-23,9625
5515,建國,34,1,33,富邦-竹東,2023-11-23,9625
1815,富喬,36,5,31,富邦-竹東,2023-11-23,9625
1218,泰山,31,1,30,富邦-竹東,2023-11-23,9625
2408,南亞科,30,0,30,富邦-竹東,2023-11-23,9625
6451,訊芯-KY,27,0,27,富邦-竹東,2023-11-23,9625
3231,緯創,124,100,24,富邦-竹東,2023-11-23,9625
00922,國泰台灣領袖50,24,0,24,富邦-竹東,2023-11-23,9625
00680L,元大美債20正2,25,1,24,富邦-竹東,2023-11-23,9625
00878,國泰永續高股息,51,29,22,富邦-竹東,2023-11-23,9625
5258,虹堡,29,7,22,富邦-竹東,2023-11-23,9625
6139,亞翔,35,15,20,富邦-竹東,2023-11-23,9625
00933B,國泰10Y+金融債,20,0,20,富邦-竹東,2023-11-23,9625
2406,國碩,20,0,20,富邦-竹東,2023-11-23,9625
2436,偉詮電,20,1,19,富邦-竹東,2023-11-23,9625
00637L,元大滬深300正2,40,21,19,富邦-竹東,2023-11-23,9625
1109,信大,19,0,19,富邦-竹東,2023-11-23,9625
00715L,期街口布蘭特正2,16,0,16,富邦-竹東,2023-11-23,9625
4951,精拓科,16,0,16,富邦-竹東,2023-11-23,9625
2488,漢平,15,0,15,富邦-竹東,2023-11-23,9625
1513,中興電,22,7,15,富邦-竹東,2023-11-23,9625
3037,欣興,21,6,15,富邦-竹東,2023-11-23,9625
00935,野村臺灣新科技50,14,0,14,富邦-竹東,2023-11-23,9625
3169,亞信,16,3,13,富邦-竹東,2023-11-23,9625
8024,佑華,23,11,12,富邦-竹東,2023-11-23,9625
6517,保勝光學,18,6,12,富邦-竹東,2023-11-23,9625
3374,精材,32,20,12,富邦-竹東,2023-11-23,9625
0056,元大高股息,16,4,12,富邦-竹東,2023-11-23,9625
6282,康舒,56,45,11,富邦-竹東,2023-11-23,9625
6026,福邦證,11,0,11,富邦-竹東,2023-11-23,9625
5443,均豪,11,0,11,富邦-竹東,2023-11-23,9625
5236,凌陽創新,19,8,11,富邦-竹東,2023-11-23,9625
4543,萬在,12,1,11,富邦-竹東,2023-11-23,9625
6494,九齊,11,0,11,富邦-竹東,2023-11-23,9625
2317,鴻海,12,2,10,富邦-竹東,2023-11-23,9625
8076,伍豐,10,0,10,富邦-竹東,2023-11-23,9625
3025,星通,11,1,10,富邦-竹東,2023-11-23,9625
4927,泰鼎-KY,10,0,10,富邦-竹東,2023-11-23,9625
2399,映泰,10,0,10,富邦-竹東,2023-11-23,9625
5512,力麒,10,0,10,富邦-竹東,2023-11-23,9625
4931,新盛力,10,0,10,富邦-竹東,2023-11-23,9625
2618,長榮航,180,8,172,富邦-竹東,2023-11-24,9625
00706L,期元大S＆P日圓正2,100,0,100,富邦-竹東,2023-11-24,9625
5864,致和證,90,0,90,富邦-竹東,2023-11-24,9625
2610,華航,65,1,64,富邦-竹東,2023-11-24,9625
00934,中信成長高股息,57,0,57,富邦-竹東,2023-11-24,9625
2405,輔信,56,3,53,富邦-竹東,2023-11-24,9625
1326,台化,50,0,50,富邦-竹東,2023-11-24,9625
8163,達方,53,3,50,富邦-竹東,2023-11-24,9625
00919,群益台灣精選高息,47,2,45,富邦-竹東,2023-11-24,9625
00933B,國泰10Y+金融債,41,0,41,富邦-竹東,2023-11-24,9625
3006,晶豪科,45,13,32,富邦-竹東,2023-11-24,9625
2515,中工,32,0,32,富邦-竹東,2023-11-24,9625
5512,力麒,30,0,30,富邦-竹東,2023-11-24,9625
2888,新光金,30,1,29,富邦-竹東,2023-11-24,9625
3588,通嘉,43,19,24,富邦-竹東,2023-11-24,9625
2485,兆赫,22,0,22,富邦-竹東,2023-11-24,9625
2371,大同,32,11,21,富邦-竹東,2023-11-24,9625
2421,建準,20,0,20,富邦-竹東,2023-11-24,9625
2355,敬鵬,31,13,18,富邦-竹東,2023-11-24,9625
3363,上詮,21,3,18,富邦-竹東,2023-11-24,9625
1504,東元,18,1,17,富邦-竹東,2023-11-24,9625
2468,華經,16,0,16,富邦-竹東,2023-11-24,9625
1471,首利,16,0,16,富邦-竹東,2023-11-24,9625
5522,遠雄,15,0,15,富邦-竹東,2023-11-24,9625
3013,晟銘電,40,25,15,富邦-竹東,2023-11-24,9625
5351,鈺創,39,24,15,富邦-竹東,2023-11-24,9625
8088,品安,16,1,15,富邦-竹東,2023-11-24,9625
2329,華泰,17,2,15,富邦-竹東,2023-11-24,9625
5386,青雲,14,0,14,富邦-竹東,2023-11-24,9625
00878,國泰永續高股息,21,7,14,富邦-竹東,2023-11-24,9625
2417,圓剛,46,33,13,富邦-竹東,2023-11-24,9625
6235,華孚,34,23,11,富邦-竹東,2023-11-24,9625
00935,野村臺灣新科技50,11,0,11,富邦-竹東,2023-11-24,9625
2547,日勝生,11,0,11,富邦-竹東,2023-11-24,9625
5328,華容,10,0,10,富邦-竹東,2023-11-24,9625
2883B,凱基金乙特,10,0,10,富邦-竹東,2023-11-24,9625
2641,正德,10,0,10,富邦-竹東,2023-11-24,9625
4967,十銓,10,0,10,富邦-竹東,2023-11-24,9625
6139,亞翔,19,10,9,富邦-竹東,2023-11-24,9625
6271,同欣電,12,3,9,富邦-竹東,2023-11-24,9625
0056,元大高股息,8,0,8,富邦-竹東,2023-11-24,9625
3715,定穎投控,13,5,8,富邦-竹東,2023-11-24,9625
5706,鳳凰,9,1,8,富邦-竹東,2023-11-24,9625
3481,群創,10,2,8,富邦-竹東,2023-11-24,9625
5009,榮剛,11,3,8,富邦-竹東,2023-11-24,9625
3289,宜特,8,0,8,富邦-竹東,2023-11-24,9625
3260,威剛,9,1,8,富邦-竹東,2023-11-24,9625
3090,日電貿,8,0,8,富邦-竹東,2023-11-24,9625
2481,強茂,8,0,8,富邦-竹東,2023-11-24,9625
2492,華新科,18,10,8,富邦-竹東,2023-11-24,9625
00919,群益台灣精選高息,320,1,319,富邦-竹東,2023-11-27,9625
00632R,元大台灣50反1,212,10,202,富邦-竹東,2023-11-27,9625
2883,凱基金,134,23,111,富邦-竹東,2023-11-27,9625
1529,樂事綠能,97,0,97,富邦-竹東,2023-11-27,9625
5864,致和證,88,0,88,富邦-竹東,2023-11-27,9625
00637L,元大滬深300正2,78,3,75,富邦-竹東,2023-11-27,9625
00934,中信成長高股息,68,0,68,富邦-竹東,2023-11-27,9625
2610,華航,66,2,64,富邦-竹東,2023-11-27,9625
2303,聯電,94,41,53,富邦-竹東,2023-11-27,9625
00878,國泰永續高股息,69,24,45,富邦-竹東,2023-11-27,9625
2355,敬鵬,51,10,41,富邦-竹東,2023-11-27,9625
00751B,元大AAA至A公司債,32,0,32,富邦-竹東,2023-11-27,9625
2344,華邦電,86,54,32,富邦-竹東,2023-11-27,9625
5347,世界,39,8,31,富邦-竹東,2023-11-27,9625
00922,國泰台灣領袖50,34,4,30,富邦-竹東,2023-11-27,9625
2897,王道銀行,30,0,30,富邦-竹東,2023-11-27,9625
00936,台新永續高息中小,34,8,26,富邦-竹東,2023-11-27,9625
3260,威剛,33,7,26,富邦-竹東,2023-11-27,9625
2204,中華,29,4,25,富邦-竹東,2023-11-27,9625
2618,長榮航,25,1,24,富邦-竹東,2023-11-27,9625
6271,同欣電,24,1,23,富邦-竹東,2023-11-27,9625
3163,波若威,27,6,21,富邦-竹東,2023-11-27,9625
2387,精元,20,0,20,富邦-竹東,2023-11-27,9625
4414,如興,19,0,19,富邦-竹東,2023-11-27,9625
8088,品安,22,5,17,富邦-竹東,2023-11-27,9625
8086,宏捷科,32,16,16,富邦-竹東,2023-11-27,9625
1584,精剛,41,25,16,富邦-竹東,2023-11-27,9625
2457,飛宏,34,18,16,富邦-竹東,2023-11-27,9625
2382,廣達,34,19,15,富邦-竹東,2023-11-27,9625
2367,燿華,15,0,15,富邦-竹東,2023-11-27,9625
2603,長榮,22,7,15,富邦-竹東,2023-11-27,9625
00931B,統一美債20年,14,0,14,富邦-竹東,2023-11-27,9625
00687B,國泰20年美債,17,3,14,富邦-竹東,2023-11-27,9625
4171,瑞基,17,4,13,富邦-竹東,2023-11-27,9625
1609,大亞,17,4,13,富邦-竹東,2023-11-27,9625
00665L,富邦�琤肭磪囓�2,13,0,13,富邦-竹東,2023-11-27,9625
2492,華新科,13,0,13,富邦-竹東,2023-11-27,9625
00933B,國泰10Y+金融債,12,0,12,富邦-竹東,2023-11-27,9625
3036,文曄,19,7,12,富邦-竹東,2023-11-27,9625
6245,立端,12,0,12,富邦-竹東,2023-11-27,9625
4533,協易機,12,0,12,富邦-竹東,2023-11-27,9625
6290,良維,14,2,12,富邦-竹東,2023-11-27,9625
6456,GIS-KY,12,0,12,富邦-竹東,2023-11-27,9625
2317,鴻海,24,13,11,富邦-竹東,2023-11-27,9625
2356,英業達,13,2,11,富邦-竹東,2023-11-27,9625
2009,第一銅,11,0,11,富邦-竹東,2023-11-27,9625
2634,漢翔,24,13,11,富邦-竹東,2023-11-27,9625
1760,寶齡富錦,19,8,11,富邦-竹東,2023-11-27,9625
3006,晶豪科,15,5,10,富邦-竹東,2023-11-27,9625
2542,興富發,10,0,10,富邦-竹東,2023-11-27,9625
00632R,元大台灣50反1,690,200,490,富邦-竹東,2023-11-28,9625
00919,群益台灣精選高息,258,6,252,富邦-竹東,2023-11-28,9625
2303,聯電,173,18,155,富邦-竹東,2023-11-28,9625
5272,笙科,92,12,80,富邦-竹東,2023-11-28,9625
00664R,國泰臺灣加權反1,50,0,50,富邦-竹東,2023-11-28,9625
00878,國泰永續高股息,76,34,42,富邦-竹東,2023-11-28,9625
3231,緯創,76,36,40,富邦-竹東,2023-11-28,9625
5864,致和證,39,0,39,富邦-竹東,2023-11-28,9625
5465,富驊,44,6,38,富邦-竹東,2023-11-28,9625
2618,長榮航,99,63,36,富邦-竹東,2023-11-28,9625
4114,健喬,59,26,33,富邦-竹東,2023-11-28,9625
2323,中環,36,5,31,富邦-竹東,2023-11-28,9625
5347,世界,36,10,26,富邦-竹東,2023-11-28,9625
5351,鈺創,53,29,24,富邦-竹東,2023-11-28,9625
1101,台泥,48,24,24,富邦-竹東,2023-11-28,9625
6284,佳邦,23,0,23,富邦-竹東,2023-11-28,9625
1737,臺鹽,20,0,20,富邦-竹東,2023-11-28,9625
00687B,國泰20年美債,20,0,20,富邦-竹東,2023-11-28,9625
1802,台玻,20,0,20,富邦-竹東,2023-11-28,9625
2383,台光電,18,0,18,富邦-竹東,2023-11-28,9625
2324,仁寶,18,0,18,富邦-竹東,2023-11-28,9625
8086,宏捷科,27,10,17,富邦-竹東,2023-11-28,9625
00934,中信成長高股息,17,0,17,富邦-竹東,2023-11-28,9625
5512,力麒,22,5,17,富邦-竹東,2023-11-28,9625
00882,中信中國高股息,15,0,15,富邦-竹東,2023-11-28,9625
5292,華懋,15,0,15,富邦-竹東,2023-11-28,9625
3374,精材,14,1,13,富邦-竹東,2023-11-28,9625
6122,擎邦,14,1,13,富邦-竹東,2023-11-28,9625
6589,台康生技,12,0,12,富邦-竹東,2023-11-28,9625
2355,敬鵬,17,5,12,富邦-竹東,2023-11-28,9625
4171,瑞基,13,1,12,富邦-竹東,2023-11-28,9625
8067,志旭,13,1,12,富邦-竹東,2023-11-28,9625
1701,中化,12,1,11,富邦-竹東,2023-11-28,9625
3338,泰碩,11,0,11,富邦-竹東,2023-11-28,9625
2542,興富發,10,0,10,富邦-竹東,2023-11-28,9625
3673,TPK-KY,10,0,10,富邦-竹東,2023-11-28,9625
4743,合一,11,1,10,富邦-竹東,2023-11-28,9625
3645,達邁,10,0,10,富邦-竹東,2023-11-28,9625
00935,野村臺灣新科技50,10,0,10,富邦-竹東,2023-11-28,9625
2889,國票金,11,2,9,富邦-竹東,2023-11-28,9625
3260,威剛,11,3,8,富邦-竹東,2023-11-28,9625
4111,濟生,8,0,8,富邦-竹東,2023-11-28,9625
1325,恆大,8,1,7,富邦-竹東,2023-11-28,9625
00637L,元大滬深300正2,10,3,7,富邦-竹東,2023-11-28,9625
4945,陞達科技,19,12,7,富邦-竹東,2023-11-28,9625
3017,奇鋐,10,3,7,富邦-竹東,2023-11-28,9625
5258,虹堡,14,7,7,富邦-竹東,2023-11-28,9625
3521,鴻翊,7,0,7,富邦-竹東,2023-11-28,9625
4979,華星光,12,5,7,富邦-竹東,2023-11-28,9625
3437,榮創,7,0,7,富邦-竹東,2023-11-28,9625
2303,聯電,88,28,60,富邦-竹東,2023-11-29,9625
1795,美時,53,2,51,富邦-竹東,2023-11-29,9625
1314,中石化,47,0,47,富邦-竹東,2023-11-29,9625
2605,新興,56,16,40,富邦-竹東,2023-11-29,9625
00936,台新永續高息中小,52,13,39,富邦-竹東,2023-11-29,9625
2883,凱基金,51,13,38,富邦-竹東,2023-11-29,9625
2618,長榮航,81,43,38,富邦-竹東,2023-11-29,9625
2363,矽統,72,36,36,富邦-竹東,2023-11-29,9625
3494,誠研,30,0,30,富邦-竹東,2023-11-29,9625
5351,鈺創,69,45,24,富邦-竹東,2023-11-29,9625
5465,富驊,28,4,24,富邦-竹東,2023-11-29,9625
00882,中信中國高股息,24,0,24,富邦-竹東,2023-11-29,9625
00650L,復華香港正2,23,0,23,富邦-竹東,2023-11-29,9625
2610,華航,23,1,22,富邦-竹東,2023-11-29,9625
00919,群益台灣精選高息,29,8,21,富邦-竹東,2023-11-29,9625
1515,力山,21,0,21,富邦-竹東,2023-11-29,9625
5386,青雲,22,1,21,富邦-竹東,2023-11-29,9625
2014,中鴻,23,2,21,富邦-竹東,2023-11-29,9625
5258,虹堡,21,1,20,富邦-竹東,2023-11-29,9625
4123,晟德,20,0,20,富邦-竹東,2023-11-29,9625
2457,飛宏,19,1,18,富邦-竹東,2023-11-29,9625
6485,點序,26,8,18,富邦-竹東,2023-11-29,9625
2367,燿華,22,5,17,富邦-竹東,2023-11-29,9625
5009,榮剛,20,3,17,富邦-竹東,2023-11-29,9625
4945,陞達科技,21,5,16,富邦-竹東,2023-11-29,9625
8358,金居,20,6,14,富邦-竹東,2023-11-29,9625
00637L,元大滬深300正2,15,2,13,富邦-竹東,2023-11-29,9625
8054,安國,104,92,12,富邦-竹東,2023-11-29,9625
6223,旺矽,12,0,12,富邦-竹東,2023-11-29,9625
6243,迅杰,46,34,12,富邦-竹東,2023-11-29,9625
3189,景碩,11,0,11,富邦-竹東,2023-11-29,9625
8215,明基材,11,0,11,富邦-竹東,2023-11-29,9625
2630,亞航,13,2,11,富邦-竹東,2023-11-29,9625
4442,竣邦-KY,10,0,10,富邦-竹東,2023-11-29,9625
3360,尚立,10,0,10,富邦-竹東,2023-11-29,9625
5515,建國,10,0,10,富邦-竹東,2023-11-29,9625
00712,復華富時不動產,21,11,10,富邦-竹東,2023-11-29,9625
1609,大亞,9,0,9,富邦-竹東,2023-11-29,9625
3373,熱映,20,11,9,富邦-竹東,2023-11-29,9625
2317,鴻海,9,1,8,富邦-竹東,2023-11-29,9625
2351,順德,8,0,8,富邦-竹東,2023-11-29,9625
5353,台林,9,1,8,富邦-竹東,2023-11-29,9625
1513,中興電,20,12,8,富邦-竹東,2023-11-29,9625
3545,敦泰,14,6,8,富邦-竹東,2023-11-29,9625
2002,中鋼,8,0,8,富邦-竹東,2023-11-29,9625
4164,承業醫,8,1,7,富邦-竹東,2023-11-29,9625
00931B,統一美債20年,7,0,7,富邦-竹東,2023-11-29,9625
6237,驊訊,8,1,7,富邦-竹東,2023-11-29,9625
2324,仁寶,9,2,7,富邦-竹東,2023-11-29,9625
5608,四維航,19,12,7,富邦-竹東,2023-11-29,9625
00679B,元大美債20年,93,1,92,富邦-竹東,2023-11-30,9625
5351,鈺創,126,55,71,富邦-竹東,2023-11-30,9625
2409,友達,73,2,71,富邦-竹東,2023-11-30,9625
6190,萬泰科,71,1,70,富邦-竹東,2023-11-30,9625
5522,遠雄,60,0,60,富邦-竹東,2023-11-30,9625
5452,佶優,57,7,50,富邦-竹東,2023-11-30,9625
2883,凱基金,54,13,41,富邦-竹東,2023-11-30,9625
9103,美德醫療-DR,40,0,40,富邦-竹東,2023-11-30,9625
3588,通嘉,39,2,37,富邦-竹東,2023-11-30,9625
2204,中華,36,0,36,富邦-竹東,2023-11-30,9625
3231,緯創,64,31,33,富邦-竹東,2023-11-30,9625
5309,系統電,30,0,30,富邦-竹東,2023-11-30,9625
00687B,國泰20年美債,28,0,28,富邦-竹東,2023-11-30,9625
2618,長榮航,39,11,28,富邦-竹東,2023-11-30,9625
0056,元大高股息,43,17,26,富邦-竹東,2023-11-30,9625
2481,強茂,36,12,24,富邦-竹東,2023-11-30,9625
2888,新光金,30,8,22,富邦-竹東,2023-11-30,9625
00688L,國泰20年美債正2,22,0,22,富邦-竹東,2023-11-30,9625
2369,菱生,35,13,22,富邦-竹東,2023-11-30,9625
4503,金雨,22,0,22,富邦-竹東,2023-11-30,9625
00882,中信中國高股息,26,5,21,富邦-竹東,2023-11-30,9625
2371,大同,22,2,20,富邦-竹東,2023-11-30,9625
00715L,期街口布蘭特正2,20,0,20,富邦-竹東,2023-11-30,9625
2897,王道銀行,20,0,20,富邦-竹東,2023-11-30,9625
2812,台中銀,20,0,20,富邦-竹東,2023-11-30,9625
9919,康那香,82,63,19,富邦-竹東,2023-11-30,9625
2332,友訊,30,13,17,富邦-竹東,2023-11-30,9625
4171,瑞基,32,15,17,富邦-竹東,2023-11-30,9625
00934,中信成長高股息,17,0,17,富邦-竹東,2023-11-30,9625
2606,裕民,16,1,15,富邦-竹東,2023-11-30,9625
2612,中航,15,0,15,富邦-竹東,2023-11-30,9625
2313,華通,64,50,14,富邦-竹東,2023-11-30,9625
2388,威盛,36,22,14,富邦-竹東,2023-11-30,9625
00712,復華富時不動產,14,0,14,富邦-竹東,2023-11-30,9625
6488,環球晶,16,3,13,富邦-竹東,2023-11-30,9625
6259,百徽,12,0,12,富邦-竹東,2023-11-30,9625
6435,大中,14,2,12,富邦-竹東,2023-11-30,9625
00680L,元大美債20正2,11,0,11,富邦-竹東,2023-11-30,9625
6182,合晶,12,1,11,富邦-竹東,2023-11-30,9625
6125,廣運,15,4,11,富邦-竹東,2023-11-30,9625
1905,華紙,12,1,11,富邦-竹東,2023-11-30,9625
5272,笙科,23,12,11,富邦-竹東,2023-11-30,9625
00936,台新永續高息中小,11,0,11,富邦-竹東,2023-11-30,9625
2605,新興,10,0,10,富邦-竹東,2023-11-30,9625
6276,安鈦克,12,2,10,富邦-竹東,2023-11-30,9625
00676R,富邦臺灣加權反1,10,0,10,富邦-竹東,2023-11-30,9625
00857B,永豐20年美公債,10,0,10,富邦-竹東,2023-11-30,9625
5515,建國,10,0,10,富邦-竹東,2023-11-30,9625
5222,全訊,9,0,9,富邦-竹東,2023-11-30,9625
1515,力山,9,0,9,富邦-竹東,2023-11-30,9625
00919,群益台灣精選高息,210,1,209,富邦-竹東,2023-12-01,9625
00878,國泰永續高股息,143,20,123,富邦-竹東,2023-12-01,9625
00632R,元大台灣50反1,100,0,100,富邦-竹東,2023-12-01,9625
2705,六福,92,1,91,富邦-竹東,2023-12-01,9625
00679B,元大美債20年,89,1,88,富邦-竹東,2023-12-01,9625
2027,大成鋼,101,16,85,富邦-竹東,2023-12-01,9625
6186,新潤,70,1,69,富邦-竹東,2023-12-01,9625
1514,亞力,81,20,61,富邦-竹東,2023-12-01,9625
2405,輔信,62,4,58,富邦-竹東,2023-12-01,9625
2897,王道銀行,56,0,56,富邦-竹東,2023-12-01,9625
1720,生達,53,1,52,富邦-竹東,2023-12-01,9625
00715L,期街口布蘭特正2,51,0,51,富邦-竹東,2023-12-01,9625
2387,精元,42,0,42,富邦-竹東,2023-12-01,9625
00687B,國泰20年美債,40,0,40,富邦-竹東,2023-12-01,9625
3041,揚智,97,58,39,富邦-竹東,2023-12-01,9625
00929,復華台灣科技優息,103,67,36,富邦-竹東,2023-12-01,9625
3706,神達,52,19,33,富邦-竹東,2023-12-01,9625
8096,擎亞,70,37,33,富邦-竹東,2023-12-01,9625
9919,康那香,53,25,28,富邦-竹東,2023-12-01,9625
3231,緯創,53,26,27,富邦-竹東,2023-12-01,9625
2883,凱基金,37,10,27,富邦-竹東,2023-12-01,9625
5258,虹堡,36,10,26,富邦-竹東,2023-12-01,9625
6271,同欣電,24,1,23,富邦-竹東,2023-12-01,9625
2641,正德,33,10,23,富邦-竹東,2023-12-01,9625
2324,仁寶,38,16,22,富邦-竹東,2023-12-01,9625
9924,福興,21,0,21,富邦-竹東,2023-12-01,9625
4121,優盛,30,10,20,富邦-竹東,2023-12-01,9625
5272,笙科,20,0,20,富邦-竹東,2023-12-01,9625
2364,倫飛,20,0,20,富邦-竹東,2023-12-01,9625
5465,富驊,36,16,20,富邦-竹東,2023-12-01,9625
1101,台泥,25,6,19,富邦-竹東,2023-12-01,9625
6223,旺矽,19,0,19,富邦-竹東,2023-12-01,9625
8086,宏捷科,33,15,18,富邦-竹東,2023-12-01,9625
2382,廣達,24,7,17,富邦-竹東,2023-12-01,9625
5521,工信,17,0,17,富邦-竹東,2023-12-01,9625
4550,長佳,17,0,17,富邦-竹東,2023-12-01,9625
3450,聯鈞,36,20,16,富邦-竹東,2023-12-01,9625
2891,中信金,16,0,16,富邦-竹東,2023-12-01,9625
2317,鴻海,21,5,16,富邦-竹東,2023-12-01,9625
5347,世界,24,9,15,富邦-竹東,2023-12-01,9625
00637L,元大滬深300正2,15,0,15,富邦-竹東,2023-12-01,9625
5353,台林,15,0,15,富邦-竹東,2023-12-01,9625
2467,志聖,15,0,15,富邦-竹東,2023-12-01,9625
8110,華東,15,0,15,富邦-竹東,2023-12-01,9625
4977,眾達-KY,15,1,14,富邦-竹東,2023-12-01,9625
8112,至上,15,1,14,富邦-竹東,2023-12-01,9625
2492,華新科,22,8,14,富邦-竹東,2023-12-01,9625
3588,通嘉,17,3,14,富邦-竹東,2023-12-01,9625
00915,凱基優選高股息30,14,0,14,富邦-竹東,2023-12-01,9625
2881,富邦金,13,0,13,富邦-竹東,2023-12-01,9625
00671R,富邦NASDAQ反1,1039,0,1039,富邦-竹東,2023-12-04,9625
00919,群益台灣精選高息,265,8,257,富邦-竹東,2023-12-04,9625
00929,復華台灣科技優息,156,9,147,富邦-竹東,2023-12-04,9625
00918,大華優利高填息30,126,0,126,富邦-竹東,2023-12-04,9625
1605,華新,124,19,105,富邦-竹東,2023-12-04,9625
9919,康那香,223,124,99,富邦-竹東,2023-12-04,9625
3325,旭品,96,5,91,富邦-竹東,2023-12-04,9625
00687B,國泰20年美債,66,0,66,富邦-竹東,2023-12-04,9625
2618,長榮航,132,82,50,富邦-竹東,2023-12-04,9625
00680L,元大美債20正2,42,1,41,富邦-竹東,2023-12-04,9625
8163,達方,41,2,39,富邦-竹東,2023-12-04,9625
6125,廣運,82,44,38,富邦-竹東,2023-12-04,9625
2630,亞航,40,3,37,富邦-竹東,2023-12-04,9625
5465,富驊,44,8,36,富邦-竹東,2023-12-04,9625
2405,輔信,40,5,35,富邦-竹東,2023-12-04,9625
3380,明泰,43,10,33,富邦-竹東,2023-12-04,9625
2332,友訊,32,1,31,富邦-竹東,2023-12-04,9625
00664R,國泰臺灣加權反1,30,0,30,富邦-竹東,2023-12-04,9625
00933B,國泰10Y+金融債,51,21,30,富邦-竹東,2023-12-04,9625
00915,凱基優選高股息30,29,0,29,富邦-竹東,2023-12-04,9625
4167,松瑞藥,40,11,29,富邦-竹東,2023-12-04,9625
1529,樂事綠能,28,0,28,富邦-竹東,2023-12-04,9625
2903,遠百,30,5,25,富邦-竹東,2023-12-04,9625
1616,億泰,27,2,25,富邦-竹東,2023-12-04,9625
3715,定穎投控,54,29,25,富邦-竹東,2023-12-04,9625
2641,正德,87,63,24,富邦-竹東,2023-12-04,9625
3363,上詮,28,4,24,富邦-竹東,2023-12-04,9625
4735,豪展,23,0,23,富邦-竹東,2023-12-04,9625
00882,中信中國高股息,21,0,21,富邦-竹東,2023-12-04,9625
8076,伍豐,20,0,20,富邦-竹東,2023-12-04,9625
2104,國際中橡,20,0,20,富邦-竹東,2023-12-04,9625
00720B,元大投資級公司債,21,1,20,富邦-竹東,2023-12-04,9625
4108,懷特,20,0,20,富邦-竹東,2023-12-04,9625
2369,菱生,21,1,20,富邦-竹東,2023-12-04,9625
1795,美時,31,12,19,富邦-竹東,2023-12-04,9625
00931B,統一美債20年,18,0,18,富邦-竹東,2023-12-04,9625
3231,緯創,48,31,17,富邦-竹東,2023-12-04,9625
3163,波若威,29,12,17,富邦-竹東,2023-12-04,9625
6233,旺玖,21,5,16,富邦-竹東,2023-12-04,9625
00932,兆豐永續高息等權,21,5,16,富邦-竹東,2023-12-04,9625
3029,零壹,16,0,16,富邦-竹東,2023-12-04,9625
2609,陽明,76,60,16,富邦-竹東,2023-12-04,9625
2363,矽統,28,13,15,富邦-竹東,2023-12-04,9625
6235,華孚,17,2,15,富邦-竹東,2023-12-04,9625
2886,兆豐金,26,11,15,富邦-竹東,2023-12-04,9625
2344,華邦電,15,0,15,富邦-竹東,2023-12-04,9625
5258,虹堡,18,3,15,富邦-竹東,2023-12-04,9625
6271,同欣電,14,0,14,富邦-竹東,2023-12-04,9625
6285,啟��,27,13,14,富邦-竹東,2023-12-04,9625
4133,亞諾法,17,4,13,富邦-竹東,2023-12-04,9625
00937B,群益ESG投等債20,619,185,434,富邦-竹東,2023-12-05,9625
00919,群益台灣精選高息,302,68,234,富邦-竹東,2023-12-05,9625
00918,大華優利高填息30,148,17,131,富邦-竹東,2023-12-05,9625
1795,美時,73,10,63,富邦-竹東,2023-12-05,9625
0056,元大高股息,53,2,51,富邦-竹東,2023-12-05,9625
00933B,國泰10Y+金融債,53,3,50,富邦-竹東,2023-12-05,9625
00679B,元大美債20年,51,5,46,富邦-竹東,2023-12-05,9625
00712,復華富時不動產,58,15,43,富邦-竹東,2023-12-05,9625
6125,廣運,54,13,41,富邦-竹東,2023-12-05,9625
2605,新興,154,113,41,富邦-竹東,2023-12-05,9625
2031,新光鋼,40,1,39,富邦-竹東,2023-12-05,9625
4171,瑞基,37,1,36,富邦-竹東,2023-12-05,9625
2344,華邦電,56,21,35,富邦-竹東,2023-12-05,9625
5347,世界,33,0,33,富邦-竹東,2023-12-05,9625
2834,臺企銀,32,0,32,富邦-竹東,2023-12-05,9625
00687B,國泰20年美債,32,0,32,富邦-竹東,2023-12-05,9625
2007,燁興,30,0,30,富邦-竹東,2023-12-05,9625
4167,松瑞藥,111,82,29,富邦-竹東,2023-12-05,9625
2888,新光金,27,1,26,富邦-竹東,2023-12-05,9625
00915,凱基優選高股息30,35,9,26,富邦-竹東,2023-12-05,9625
2329,華泰,88,65,23,富邦-竹東,2023-12-05,9625
3231,緯創,62,41,21,富邦-竹東,2023-12-05,9625
00850,元大臺灣ESG永續,21,0,21,富邦-竹東,2023-12-05,9625
00637L,元大滬深300正2,22,1,21,富邦-竹東,2023-12-05,9625
00715L,期街口布蘭特正2,21,0,21,富邦-竹東,2023-12-05,9625
1708,東鹼,20,0,20,富邦-竹東,2023-12-05,9625
2606,裕民,104,85,19,富邦-竹東,2023-12-05,9625
2601,益航,73,54,19,富邦-竹東,2023-12-05,9625
00632R,元大台灣50反1,20,2,18,富邦-竹東,2023-12-05,9625
5608,四維航,74,56,18,富邦-竹東,2023-12-05,9625
1609,大亞,18,0,18,富邦-竹東,2023-12-05,9625
2883,凱基金,18,1,17,富邦-竹東,2023-12-05,9625
2609,陽明,49,32,17,富邦-竹東,2023-12-05,9625
1504,東元,30,13,17,富邦-竹東,2023-12-05,9625
6742,澤米,17,0,17,富邦-竹東,2023-12-05,9625
2492,華新科,20,3,17,富邦-竹東,2023-12-05,9625
2356,英業達,24,9,15,富邦-竹東,2023-12-05,9625
6770,力積電,28,13,15,富邦-竹東,2023-12-05,9625
3706,神達,21,6,15,富邦-竹東,2023-12-05,9625
2353,宏��,14,0,14,富邦-竹東,2023-12-05,9625
2368,金像電,16,2,14,富邦-竹東,2023-12-05,9625
3285,微端,14,0,14,富邦-竹東,2023-12-05,9625
1752,南光,13,0,13,富邦-竹東,2023-12-05,9625
2630,亞航,19,6,13,富邦-竹東,2023-12-05,9625
8183,精星,13,0,13,富邦-竹東,2023-12-05,9625
2610,華航,14,1,13,富邦-竹東,2023-12-05,9625
2332,友訊,22,10,12,富邦-竹東,2023-12-05,9625
2481,強茂,18,6,12,富邦-竹東,2023-12-05,9625
5009,榮剛,12,0,12,富邦-竹東,2023-12-05,9625
6271,同欣電,16,4,12,富邦-竹東,2023-12-05,9625
00937B,群益ESG投等債20,373,60,313,富邦-竹東,2023-12-06,9625
00664R,國泰臺灣加權反1,302,0,302,富邦-竹東,2023-12-06,9625
00919,群益台灣精選高息,167,39,128,富邦-竹東,2023-12-06,9625
2329,華泰,253,148,105,富邦-竹東,2023-12-06,9625
00933B,國泰10Y+金融債,87,2,85,富邦-竹東,2023-12-06,9625
00679B,元大美債20年,70,3,67,富邦-竹東,2023-12-06,9625
2610,華航,66,4,62,富邦-竹東,2023-12-06,9625
4123,晟德,60,1,59,富邦-竹東,2023-12-06,9625
2303,聯電,69,12,57,富邦-竹東,2023-12-06,9625
00687B,國泰20年美債,56,0,56,富邦-竹東,2023-12-06,9625
00929,復華台灣科技優息,84,36,48,富邦-竹東,2023-12-06,9625
1504,東元,66,22,44,富邦-竹東,2023-12-06,9625
3050,鈺德,57,16,41,富邦-竹東,2023-12-06,9625
6770,力積電,43,3,40,富邦-竹東,2023-12-06,9625
8112,至上,30,0,30,富邦-竹東,2023-12-06,9625
9908,大台北,30,0,30,富邦-竹東,2023-12-06,9625
00637L,元大滬深300正2,37,8,29,富邦-竹東,2023-12-06,9625
3013,晟銘電,161,135,26,富邦-竹東,2023-12-06,9625
3715,定穎投控,36,10,26,富邦-竹東,2023-12-06,9625
3481,群創,35,10,25,富邦-竹東,2023-12-06,9625
2344,華邦電,23,1,22,富邦-竹東,2023-12-06,9625
2356,英業達,24,3,21,富邦-竹東,2023-12-06,9625
00632R,元大台灣50反1,20,0,20,富邦-竹東,2023-12-06,9625
2031,新光鋼,20,0,20,富邦-竹東,2023-12-06,9625
4909,新復興,21,1,20,富邦-竹東,2023-12-06,9625
00915,凱基優選高股息30,21,1,20,富邦-竹東,2023-12-06,9625
1732,毛寶,17,0,17,富邦-竹東,2023-12-06,9625
5347,世界,18,2,16,富邦-竹東,2023-12-06,9625
2367,燿華,30,14,16,富邦-竹東,2023-12-06,9625
6125,廣運,28,12,16,富邦-竹東,2023-12-06,9625
5258,虹堡,14,0,14,富邦-竹東,2023-12-06,9625
00715L,期街口布蘭特正2,14,0,14,富邦-竹東,2023-12-06,9625
00918,大華優利高填息30,20,6,14,富邦-竹東,2023-12-06,9625
00795B,中信美國公債20年,14,0,14,富邦-竹東,2023-12-06,9625
2809,京城銀,13,0,13,富邦-竹東,2023-12-06,9625
1514,亞力,189,176,13,富邦-竹東,2023-12-06,9625
6593,台灣銘板,12,0,12,富邦-竹東,2023-12-06,9625
2888,新光金,12,0,12,富邦-竹東,2023-12-06,9625
2338,光罩,12,1,11,富邦-竹東,2023-12-06,9625
3037,欣興,12,1,11,富邦-竹東,2023-12-06,9625
2641,正德,23,13,10,富邦-竹東,2023-12-06,9625
2421,建準,13,3,10,富邦-竹東,2023-12-06,9625
3014,聯陽,11,1,10,富邦-竹東,2023-12-06,9625
6241,易通展,10,0,10,富邦-竹東,2023-12-06,9625
4119,旭富,10,0,10,富邦-竹東,2023-12-06,9625
3390,旭軟,20,10,10,富邦-竹東,2023-12-06,9625
1733,五鼎,10,0,10,富邦-竹東,2023-12-06,9625
8096,擎亞,20,10,10,富邦-竹東,2023-12-06,9625
3576,聯合再生,11,1,10,富邦-竹東,2023-12-06,9625
6186,新潤,10,0,10,富邦-竹東,2023-12-06,9625
00919,群益台灣精選高息,429,20,409,富邦-竹東,2023-12-07,9625
00632R,元大台灣50反1,280,0,280,富邦-竹東,2023-12-07,9625
00637L,元大滬深300正2,174,17,157,富邦-竹東,2023-12-07,9625
00929,復華台灣科技優息,233,86,147,富邦-竹東,2023-12-07,9625
00937B,群益ESG投等債20,251,119,132,富邦-竹東,2023-12-07,9625
00687B,國泰20年美債,155,27,128,富邦-竹東,2023-12-07,9625
00715L,期街口布蘭特正2,124,3,121,富邦-竹東,2023-12-07,9625
1618,合機,137,34,103,富邦-竹東,2023-12-07,9625
4939,亞電,59,7,52,富邦-竹東,2023-12-07,9625
00680L,元大美債20正2,85,36,49,富邦-竹東,2023-12-07,9625
2344,華邦電,58,10,48,富邦-竹東,2023-12-07,9625
2605,新興,91,45,46,富邦-竹東,2023-12-07,9625
1522,堤維西,80,34,46,富邦-竹東,2023-12-07,9625
1529,樂事綠能,151,108,43,富邦-竹東,2023-12-07,9625
00933B,國泰10Y+金融債,51,10,41,富邦-竹東,2023-12-07,9625
2891,中信金,35,0,35,富邦-竹東,2023-12-07,9625
2374,佳能,35,0,35,富邦-竹東,2023-12-07,9625
1513,中興電,48,14,34,富邦-竹東,2023-12-07,9625
3617,碩天,32,0,32,富邦-竹東,2023-12-07,9625
3041,揚智,212,181,31,富邦-竹東,2023-12-07,9625
2399,映泰,83,55,28,富邦-竹東,2023-12-07,9625
2365,昆盈,26,1,25,富邦-竹東,2023-12-07,9625
5381,合正,30,6,24,富邦-竹東,2023-12-07,9625
5292,華懋,24,0,24,富邦-竹東,2023-12-07,9625
2323,中環,25,2,23,富邦-竹東,2023-12-07,9625
2516,新建,21,0,21,富邦-竹東,2023-12-07,9625
5009,榮剛,21,1,20,富邦-竹東,2023-12-07,9625
3322,建舜電,20,0,20,富邦-竹東,2023-12-07,9625
2332,友訊,20,0,20,富邦-竹東,2023-12-07,9625
5258,虹堡,21,2,19,富邦-竹東,2023-12-07,9625
2390,云辰,20,1,19,富邦-竹東,2023-12-07,9625
3014,聯陽,20,2,18,富邦-竹東,2023-12-07,9625
3260,威剛,45,27,18,富邦-竹東,2023-12-07,9625
00679B,元大美債20年,22,5,17,富邦-竹東,2023-12-07,9625
5608,四維航,20,3,17,富邦-竹東,2023-12-07,9625
5347,世界,17,0,17,富邦-竹東,2023-12-07,9625
6197,佳必琪,22,5,17,富邦-竹東,2023-12-07,9625
2388,威盛,21,5,16,富邦-竹東,2023-12-07,9625
2359,所羅門,29,14,15,富邦-竹東,2023-12-07,9625
2102,泰豐,15,0,15,富邦-竹東,2023-12-07,9625
6770,力積電,18,4,14,富邦-竹東,2023-12-07,9625
00882,中信中國高股息,14,0,14,富邦-竹東,2023-12-07,9625
3483,力致,16,2,14,富邦-竹東,2023-12-07,9625
6220,岳豐,14,0,14,富邦-竹東,2023-12-07,9625
2601,益航,13,0,13,富邦-竹東,2023-12-07,9625
2363,矽統,33,20,13,富邦-竹東,2023-12-07,9625
2468,華經,13,0,13,富邦-竹東,2023-12-07,9625
3380,明泰,13,0,13,富邦-竹東,2023-12-07,9625
4967,十銓,14,2,12,富邦-竹東,2023-12-07,9625
2883,凱基金,16,4,12,富邦-竹東,2023-12-07,9625
00664R,國泰臺灣加權反1,300,0,300,富邦-竹東,2023-12-08,9625
00632R,元大台灣50反1,204,10,194,富邦-竹東,2023-12-08,9625
00937B,群益ESG投等債20,370,178,192,富邦-竹東,2023-12-08,9625
00919,群益台灣精選高息,180,9,171,富邦-竹東,2023-12-08,9625
00642U,期元大S＆P石油,107,0,107,富邦-竹東,2023-12-08,9625
00857B,永豐20年美公債,100,1,99,富邦-竹東,2023-12-08,9625
00931B,統一美債20年,77,0,77,富邦-竹東,2023-12-08,9625
5512,力麒,65,0,65,富邦-竹東,2023-12-08,9625
2405,輔信,66,2,64,富邦-竹東,2023-12-08,9625
2329,華泰,139,82,57,富邦-竹東,2023-12-08,9625
2303,聯電,55,2,53,富邦-竹東,2023-12-08,9625
2834,臺企銀,50,0,50,富邦-竹東,2023-12-08,9625
1524,耿鼎,103,54,49,富邦-竹東,2023-12-08,9625
2337,旺宏,42,1,41,富邦-竹東,2023-12-08,9625
4906,正文,34,0,34,富邦-竹東,2023-12-08,9625
3213,茂訊,24,1,23,富邦-竹東,2023-12-08,9625
8054,安國,48,27,21,富邦-竹東,2023-12-08,9625
2888,新光金,21,0,21,富邦-竹東,2023-12-08,9625
00882,中信中國高股息,20,0,20,富邦-竹東,2023-12-08,9625
2314,台揚,27,7,20,富邦-竹東,2023-12-08,9625
2608,嘉里大榮,20,0,20,富邦-竹東,2023-12-08,9625
1324,地球,20,0,20,富邦-竹東,2023-12-08,9625
00915,凱基優選高股息30,19,0,19,富邦-竹東,2023-12-08,9625
1608,華榮,26,7,19,富邦-竹東,2023-12-08,9625
5864,致和證,18,0,18,富邦-竹東,2023-12-08,9625
2481,強茂,18,0,18,富邦-竹東,2023-12-08,9625
3390,旭軟,14,0,14,富邦-竹東,2023-12-08,9625
2371,大同,28,14,14,富邦-竹東,2023-12-08,9625
00715L,期街口布蘭特正2,15,1,14,富邦-竹東,2023-12-08,9625
2365,昆盈,14,0,14,富邦-竹東,2023-12-08,9625
2449,京元電子,31,18,13,富邦-竹東,2023-12-08,9625
1616,億泰,17,4,13,富邦-竹東,2023-12-08,9625
2352,佳世達,14,1,13,富邦-竹東,2023-12-08,9625
2377,微星,15,2,13,富邦-竹東,2023-12-08,9625
9945,潤泰新,13,0,13,富邦-竹東,2023-12-08,9625
2364,倫飛,12,0,12,富邦-竹東,2023-12-08,9625
8996,高力,22,10,12,富邦-竹東,2023-12-08,9625
2606,裕民,17,6,11,富邦-竹東,2023-12-08,9625
2641,正德,27,16,11,富邦-竹東,2023-12-08,9625
8183,精星,11,0,11,富邦-竹東,2023-12-08,9625
3231,緯創,61,50,11,富邦-竹東,2023-12-08,9625
2356,英業達,22,12,10,富邦-竹東,2023-12-08,9625
1301,台塑,10,0,10,富邦-竹東,2023-12-08,9625
00878,國泰永續高股息,29,19,10,富邦-竹東,2023-12-08,9625
00696B,富邦美債20年,10,0,10,富邦-竹東,2023-12-08,9625
2705,六福,10,0,10,富邦-竹東,2023-12-08,9625
6112,邁達特,17,7,10,富邦-竹東,2023-12-08,9625
2633,台灣高鐵,10,0,10,富邦-竹東,2023-12-08,9625
00637L,元大滬深300正2,16,6,10,富邦-竹東,2023-12-08,9625
3521,鴻翊,10,0,10,富邦-竹東,2023-12-08,9625
00919,群益台灣精選高息,332,29,303,富邦-竹東,2023-12-11,9625
00929,復華台灣科技優息,230,54,176,富邦-竹東,2023-12-11,9625
00934,中信成長高股息,153,3,150,富邦-竹東,2023-12-11,9625
00937B,群益ESG投等債20,156,11,145,富邦-竹東,2023-12-11,9625
2618,長榮航,155,14,141,富邦-竹東,2023-12-11,9625
00637L,元大滬深300正2,120,2,118,富邦-竹東,2023-12-11,9625
00857B,永豐20年美公債,115,0,115,富邦-竹東,2023-12-11,9625
1609,大亞,133,55,78,富邦-竹東,2023-12-11,9625
00687B,國泰20年美債,92,33,59,富邦-竹東,2023-12-11,9625
4904,遠傳,50,0,50,富邦-竹東,2023-12-11,9625
2882,國泰金,50,1,49,富邦-竹東,2023-12-11,9625
00882,中信中國高股息,41,0,41,富邦-竹東,2023-12-11,9625
2020,美亞,40,0,40,富邦-竹東,2023-12-11,9625
6531,愛普*,42,2,40,富邦-竹東,2023-12-11,9625
2368,金像電,38,4,34,富邦-竹東,2023-12-11,9625
2401,凌陽,29,0,29,富邦-竹東,2023-12-11,9625
5864,致和證,27,0,27,富邦-竹東,2023-12-11,9625
1529,樂事綠能,44,18,26,富邦-竹東,2023-12-11,9625
3535,晶彩科,26,0,26,富邦-竹東,2023-12-11,9625
1101,台泥,30,5,25,富邦-竹東,2023-12-11,9625
2886,兆豐金,25,0,25,富邦-竹東,2023-12-11,9625
2312,金寶,23,0,23,富邦-竹東,2023-12-11,9625
2388,威盛,47,25,22,富邦-竹東,2023-12-11,9625
2365,昆盈,43,21,22,富邦-竹東,2023-12-11,9625
2608,嘉里大榮,20,0,20,富邦-竹東,2023-12-11,9625
1515,力山,22,2,20,富邦-竹東,2023-12-11,9625
2889,國票金,20,0,20,富邦-竹東,2023-12-11,9625
2353,宏��,21,2,19,富邦-竹東,2023-12-11,9625
2377,微星,20,1,19,富邦-竹東,2023-12-11,9625
2329,華泰,29,10,19,富邦-竹東,2023-12-11,9625
00850,元大臺灣ESG永續,17,0,17,富邦-竹東,2023-12-11,9625
3078,僑威,20,3,17,富邦-竹東,2023-12-11,9625
8112,至上,40,23,17,富邦-竹東,2023-12-11,9625
8996,高力,17,1,16,富邦-竹東,2023-12-11,9625
3438,類比科,17,1,16,富邦-竹東,2023-12-11,9625
00915,凱基優選高股息30,16,0,16,富邦-竹東,2023-12-11,9625
6547,高端疫苗,18,3,15,富邦-竹東,2023-12-11,9625
00933B,國泰10Y+金融債,17,2,15,富邦-竹東,2023-12-11,9625
6593,台灣銘板,14,0,14,富邦-竹東,2023-12-11,9625
9105,泰金寶-DR,15,1,14,富邦-竹東,2023-12-11,9625
00918,大華優利高填息30,15,1,14,富邦-竹東,2023-12-11,9625
6569,醫揚,14,0,14,富邦-竹東,2023-12-11,9625
2371,大同,27,14,13,富邦-竹東,2023-12-11,9625
00688L,國泰20年美債正2,12,0,12,富邦-竹東,2023-12-11,9625
2809,京城銀,12,0,12,富邦-竹東,2023-12-11,9625
4533,協易機,11,0,11,富邦-竹東,2023-12-11,9625
8150,南茂,12,1,11,富邦-竹東,2023-12-11,9625
1524,耿鼎,59,48,11,富邦-竹東,2023-12-11,9625
6235,華孚,10,0,10,富邦-竹東,2023-12-11,9625
2897,王道銀行,10,0,10,富邦-竹東,2023-12-11,9625
00632R,元大台灣50反1,355,0,355,富邦-竹東,2023-12-12,9625
00919,群益台灣精選高息,294,10,284,富邦-竹東,2023-12-12,9625
00664R,國泰臺灣加權反1,200,0,200,富邦-竹東,2023-12-12,9625
00929,復華台灣科技優息,208,36,172,富邦-竹東,2023-12-12,9625
3171,炎洲流通,110,0,110,富邦-竹東,2023-12-12,9625
00936,台新永續高息中小,110,5,105,富邦-竹東,2023-12-12,9625
3481,群創,176,74,102,富邦-竹東,2023-12-12,9625
00687B,國泰20年美債,85,0,85,富邦-竹東,2023-12-12,9625
2313,華通,87,11,76,富邦-竹東,2023-12-12,9625
2353,宏��,85,14,71,富邦-竹東,2023-12-12,9625
2888,新光金,69,11,58,富邦-竹東,2023-12-12,9625
8011,台通,84,34,50,富邦-竹東,2023-12-12,9625
2809,京城銀,50,0,50,富邦-竹東,2023-12-12,9625
2468,華經,42,1,41,富邦-竹東,2023-12-12,9625
00857B,永豐20年美公債,40,0,40,富邦-竹東,2023-12-12,9625
5011,久陽,47,13,34,富邦-竹東,2023-12-12,9625
2363,矽統,36,2,34,富邦-竹東,2023-12-12,9625
5324,士開,32,0,32,富邦-竹東,2023-12-12,9625
2402,毅嘉,50,20,30,富邦-竹東,2023-12-12,9625
00935,野村臺灣新科技50,28,1,27,富邦-竹東,2023-12-12,9625
5521,工信,257,230,27,富邦-竹東,2023-12-12,9625
2610,華航,28,2,26,富邦-竹東,2023-12-12,9625
3231,緯創,52,28,24,富邦-竹東,2023-12-12,9625
2409,友達,32,8,24,富邦-竹東,2023-12-12,9625
6122,擎邦,28,5,23,富邦-竹東,2023-12-12,9625
00720B,元大投資級公司債,23,1,22,富邦-竹東,2023-12-12,9625
00882,中信中國高股息,22,1,21,富邦-竹東,2023-12-12,9625
2801,彰銀,23,2,21,富邦-竹東,2023-12-12,9625
5258,虹堡,24,3,21,富邦-竹東,2023-12-12,9625
2883,凱基金,20,0,20,富邦-竹東,2023-12-12,9625
1605,華新,25,5,20,富邦-竹東,2023-12-12,9625
3363,上詮,20,0,20,富邦-竹東,2023-12-12,9625
4157,太景*-KY,20,0,20,富邦-竹東,2023-12-12,9625
6197,佳必琪,19,0,19,富邦-竹東,2023-12-12,9625
2002,中鋼,19,0,19,富邦-竹東,2023-12-12,9625
00937B,群益ESG投等債20,88,71,17,富邦-竹東,2023-12-12,9625
2009,第一銅,18,1,17,富邦-竹東,2023-12-12,9625
2882,國泰金,19,3,16,富邦-竹東,2023-12-12,9625
2515,中工,15,0,15,富邦-竹東,2023-12-12,9625
1612,宏泰,115,100,15,富邦-竹東,2023-12-12,9625
3025,星通,15,0,15,富邦-竹東,2023-12-12,9625
00915,凱基優選高股息30,15,0,15,富邦-竹東,2023-12-12,9625
3264,欣銓,18,3,15,富邦-竹東,2023-12-12,9625
00934,中信成長高股息,14,0,14,富邦-竹東,2023-12-12,9625
3163,波若威,15,2,13,富邦-竹東,2023-12-12,9625
3029,零壹,13,0,13,富邦-竹東,2023-12-12,9625
1324,地球,13,0,13,富邦-竹東,2023-12-12,9625
8046,南電,12,0,12,富邦-竹東,2023-12-12,9625
4167,松瑞藥,15,3,12,富邦-竹東,2023-12-12,9625
2376,技嘉,19,7,12,富邦-竹東,2023-12-12,9625
00715L,期街口布蘭特正2,1067,0,1067,富邦-竹東,2023-12-13,9625
00919,群益台灣精選高息,223,30,193,富邦-竹東,2023-12-13,9625
00929,復華台灣科技優息,285,101,184,富邦-竹東,2023-12-13,9625
2002,中鋼,106,2,104,富邦-竹東,2023-12-13,9625
3231,緯創,118,39,79,富邦-竹東,2023-12-13,9625
6233,旺玖,102,23,79,富邦-竹東,2023-12-13,9625
2376,技嘉,82,6,76,富邦-竹東,2023-12-13,9625
00933B,國泰10Y+金融債,79,4,75,富邦-竹東,2023-12-13,9625
00637L,元大滬深300正2,49,1,48,富邦-竹東,2023-12-13,9625
00687B,國泰20年美債,48,0,48,富邦-竹東,2023-12-13,9625
00935,野村臺灣新科技50,48,3,45,富邦-竹東,2023-12-13,9625
6457,紘康,51,7,44,富邦-竹東,2023-12-13,9625
2630,亞航,50,10,40,富邦-竹東,2023-12-13,9625
5533,皇鼎,40,0,40,富邦-竹東,2023-12-13,9625
4306,炎洲,30,1,29,富邦-竹東,2023-12-13,9625
2610,華航,28,0,28,富邦-竹東,2023-12-13,9625
5864,致和證,28,0,28,富邦-竹東,2023-12-13,9625
3706,神達,95,68,27,富邦-竹東,2023-12-13,9625
2520,冠德,24,0,24,富邦-竹東,2023-12-13,9625
2313,華通,100,79,21,富邦-竹東,2023-12-13,9625
5386,青雲,22,1,21,富邦-竹東,2023-12-13,9625
1515,力山,22,1,21,富邦-竹東,2023-12-13,9625
1605,華新,32,12,20,富邦-竹東,2023-12-13,9625
2485,兆赫,22,2,20,富邦-竹東,2023-12-13,9625
5347,世界,20,1,19,富邦-竹東,2023-12-13,9625
2468,華經,20,1,19,富邦-竹東,2023-12-13,9625
8034,榮群,28,9,19,富邦-竹東,2023-12-13,9625
6104,創惟,22,4,18,富邦-竹東,2023-12-13,9625
5457,宣德,20,2,18,富邦-竹東,2023-12-13,9625
00680L,元大美債20正2,17,0,17,富邦-竹東,2023-12-13,9625
3390,旭軟,19,2,17,富邦-竹東,2023-12-13,9625
2355,敬鵬,28,12,16,富邦-竹東,2023-12-13,9625
2615,萬海,16,1,15,富邦-竹東,2023-12-13,9625
9105,泰金寶-DR,15,0,15,富邦-竹東,2023-12-13,9625
1612,宏泰,50,36,14,富邦-竹東,2023-12-13,9625
2371,大同,16,2,14,富邦-竹東,2023-12-13,9625
2201,裕隆,15,2,13,富邦-竹東,2023-12-13,9625
3122,笙泉,13,0,13,富邦-竹東,2023-12-13,9625
1303,南亞,13,0,13,富邦-竹東,2023-12-13,9625
2603,長榮,25,13,12,富邦-竹東,2023-12-13,9625
00882,中信中國高股息,15,3,12,富邦-竹東,2023-12-13,9625
2634,漢翔,21,9,12,富邦-竹東,2023-12-13,9625
1312,國喬,12,0,12,富邦-竹東,2023-12-13,9625
2329,華泰,13,1,12,富邦-竹東,2023-12-13,9625
00688L,國泰20年美債正2,12,0,12,富邦-竹東,2023-12-13,9625
3588,通嘉,12,0,12,富邦-竹東,2023-12-13,9625
6122,擎邦,36,24,12,富邦-竹東,2023-12-13,9625
5258,虹堡,22,11,11,富邦-竹東,2023-12-13,9625
2882,國泰金,11,0,11,富邦-竹東,2023-12-13,9625
5009,榮剛,12,1,11,富邦-竹東,2023-12-13,9625
00919,群益台灣精選高息,564,34,530,富邦-竹東,2023-12-14,9625
00664R,國泰臺灣加權反1,200,60,140,富邦-竹東,2023-12-14,9625
00637L,元大滬深300正2,114,0,114,富邦-竹東,2023-12-14,9625
2329,華泰,139,50,89,富邦-竹東,2023-12-14,9625
2883,凱基金,107,36,71,富邦-竹東,2023-12-14,9625
3231,緯創,103,33,70,富邦-竹東,2023-12-14,9625
00882,中信中國高股息,56,2,54,富邦-竹東,2023-12-14,9625
00918,大華優利高填息30,61,10,51,富邦-竹東,2023-12-14,9625
1809,中釉,49,0,49,富邦-竹東,2023-12-14,9625
2515,中工,61,15,46,富邦-竹東,2023-12-14,9625
00753L,中信中國50正2,42,0,42,富邦-竹東,2023-12-14,9625
6125,廣運,43,2,41,富邦-竹東,2023-12-14,9625
2888,新光金,51,13,38,富邦-竹東,2023-12-14,9625
2367,燿華,39,3,36,富邦-竹東,2023-12-14,9625
3617,碩天,46,10,36,富邦-竹東,2023-12-14,9625
8150,南茂,35,1,34,富邦-竹東,2023-12-14,9625
2365,昆盈,65,33,32,富邦-竹東,2023-12-14,9625
3390,旭軟,46,16,30,富邦-竹東,2023-12-14,9625
00795B,中信美國公債20年,31,1,30,富邦-竹東,2023-12-14,9625
5521,工信,319,289,30,富邦-竹東,2023-12-14,9625
2301,光寶科,33,4,29,富邦-竹東,2023-12-14,9625
8103,瀚荃,27,0,27,富邦-竹東,2023-12-14,9625
4306,炎洲,27,0,27,富邦-竹東,2023-12-14,9625
00687B,國泰20年美債,27,0,27,富邦-竹東,2023-12-14,9625
6231,系微,31,6,25,富邦-竹東,2023-12-14,9625
8011,台通,24,0,24,富邦-竹東,2023-12-14,9625
00931B,統一美債20年,53,29,24,富邦-竹東,2023-12-14,9625
2501,國建,29,6,23,富邦-竹東,2023-12-14,9625
5011,久陽,23,1,22,富邦-竹東,2023-12-14,9625
6770,力積電,33,14,19,富邦-竹東,2023-12-14,9625
3576,聯合再生,21,2,19,富邦-竹東,2023-12-14,9625
6127,九豪,20,4,16,富邦-竹東,2023-12-14,9625
00936,台新永續高息中小,44,28,16,富邦-竹東,2023-12-14,9625
8110,華東,16,0,16,富邦-竹東,2023-12-14,9625
00724B,群益投資級金融債,15,0,15,富邦-竹東,2023-12-14,9625
00665L,富邦�琤肭磪囓�2,25,10,15,富邦-竹東,2023-12-14,9625
1604,聲寶,15,0,15,富邦-竹東,2023-12-14,9625
5522,遠雄,15,0,15,富邦-竹東,2023-12-14,9625
6233,旺玖,17,2,15,富邦-竹東,2023-12-14,9625
00751B,元大AAA至A公司債,19,6,13,富邦-竹東,2023-12-14,9625
1524,耿鼎,30,17,13,富邦-竹東,2023-12-14,9625
00935,野村臺灣新科技50,18,5,13,富邦-竹東,2023-12-14,9625
3035,智原,21,8,13,富邦-竹東,2023-12-14,9625
00679B,元大美債20年,14,1,13,富邦-竹東,2023-12-14,9625
2641,正德,16,4,12,富邦-竹東,2023-12-14,9625
2492,華新科,18,6,12,富邦-竹東,2023-12-14,9625
3624,光頡,23,12,11,富邦-竹東,2023-12-14,9625
3163,波若威,13,2,11,富邦-竹東,2023-12-14,9625
3006,晶豪科,16,5,11,富邦-竹東,2023-12-14,9625
3232,昱捷,10,0,10,富邦-竹東,2023-12-14,9625
00937B,群益ESG投等債20,446,80,366,富邦-竹東,2023-12-15,9625
00632R,元大台灣50反1,232,0,232,富邦-竹東,2023-12-15,9625
00664R,國泰臺灣加權反1,205,0,205,富邦-竹東,2023-12-15,9625
00680L,元大美債20正2,119,2,117,富邦-竹東,2023-12-15,9625
2363,矽統,308,194,114,富邦-竹東,2023-12-15,9625
00929,復華台灣科技優息,636,527,109,富邦-竹東,2023-12-15,9625
00688L,國泰20年美債正2,107,0,107,富邦-竹東,2023-12-15,9625
00673R,期元大S＆P原油反1,102,0,102,富邦-竹東,2023-12-15,9625
2356,英業達,280,179,101,富邦-竹東,2023-12-15,9625
2316,楠梓電,71,0,71,富邦-竹東,2023-12-15,9625
00679B,元大美債20年,96,32,64,富邦-竹東,2023-12-15,9625
00687B,國泰20年美債,64,0,64,富邦-竹東,2023-12-15,9625
5864,致和證,60,0,60,富邦-竹東,2023-12-15,9625
1326,台化,52,0,52,富邦-竹東,2023-12-15,9625
2520,冠德,50,0,50,富邦-竹東,2023-12-15,9625
00637L,元大滬深300正2,52,6,46,富邦-竹東,2023-12-15,9625
00934,中信成長高股息,53,7,46,富邦-竹東,2023-12-15,9625
2501,國建,43,0,43,富邦-竹東,2023-12-15,9625
3041,揚智,49,15,34,富邦-竹東,2023-12-15,9625
3276,宇環,33,0,33,富邦-竹東,2023-12-15,9625
3617,碩天,40,11,29,富邦-竹東,2023-12-15,9625
00931B,統一美債20年,51,27,24,富邦-竹東,2023-12-15,9625
3005,神基,30,6,24,富邦-竹東,2023-12-15,9625
5011,久陽,25,1,24,富邦-竹東,2023-12-15,9625
8996,高力,22,0,22,富邦-竹東,2023-12-15,9625
00915,凱基優選高股息30,43,21,22,富邦-竹東,2023-12-15,9625
3265,台星科,32,11,21,富邦-竹東,2023-12-15,9625
2031,新光鋼,62,41,21,富邦-竹東,2023-12-15,9625
4904,遠傳,21,0,21,富邦-竹東,2023-12-15,9625
00712,復華富時不動產,48,27,21,富邦-竹東,2023-12-15,9625
8011,台通,22,2,20,富邦-竹東,2023-12-15,9625
3163,波若威,19,1,18,富邦-竹東,2023-12-15,9625
3622,洋華,18,0,18,富邦-竹東,2023-12-15,9625
2402,毅嘉,24,6,18,富邦-竹東,2023-12-15,9625
6231,系微,21,5,16,富邦-竹東,2023-12-15,9625
2401,凌陽,24,8,16,富邦-竹東,2023-12-15,9625
2897,王道銀行,20,5,15,富邦-竹東,2023-12-15,9625
2618,長榮航,19,5,14,富邦-竹東,2023-12-15,9625
1503,士電,17,3,14,富邦-竹東,2023-12-15,9625
00706L,期元大S＆P日圓正2,14,0,14,富邦-竹東,2023-12-15,9625
2388,威盛,23,10,13,富邦-竹東,2023-12-15,9625
3707,漢磊,15,2,13,富邦-竹東,2023-12-15,9625
3499,環天科,23,10,13,富邦-竹東,2023-12-15,9625
2441,超豐,17,5,12,富邦-竹東,2023-12-15,9625
3372,典範,21,10,11,富邦-竹東,2023-12-15,9625
2355,敬鵬,17,6,11,富邦-竹東,2023-12-15,9625
8261,富鼎,11,0,11,富邦-竹東,2023-12-15,9625
3035,智原,17,7,10,富邦-竹東,2023-12-15,9625
2949,欣新網,10,0,10,富邦-竹東,2023-12-15,9625
00671R,富邦NASDAQ反1,10,0,10,富邦-竹東,2023-12-15,9625
00680L,元大美債20正2,173,43,130,富邦-竹東,2023-12-18,9625
00679B,元大美債20年,116,2,114,富邦-竹東,2023-12-18,9625
2023,燁輝,151,51,100,富邦-竹東,2023-12-18,9625
00937B,群益ESG投等債20,119,24,95,富邦-竹東,2023-12-18,9625
2002,中鋼,108,25,83,富邦-竹東,2023-12-18,9625
00637L,元大滬深300正2,81,1,80,富邦-竹東,2023-12-18,9625
00687B,國泰20年美債,80,0,80,富邦-竹東,2023-12-18,9625
00929,復華台灣科技優息,345,275,70,富邦-竹東,2023-12-18,9625
00933B,國泰10Y+金融債,65,0,65,富邦-竹東,2023-12-18,9625
2618,長榮航,70,18,52,富邦-竹東,2023-12-18,9625
1905,華紙,60,13,47,富邦-竹東,2023-12-18,9625
00688L,國泰20年美債正2,55,10,45,富邦-竹東,2023-12-18,9625
00931B,統一美債20年,43,1,42,富邦-竹東,2023-12-18,9625
2356,英業達,88,51,37,富邦-竹東,2023-12-18,9625
2363,矽統,60,24,36,富邦-竹東,2023-12-18,9625
2610,華航,57,22,35,富邦-竹東,2023-12-18,9625
2641,正德,30,2,28,富邦-竹東,2023-12-18,9625
3372,典範,30,2,28,富邦-竹東,2023-12-18,9625
2201,裕隆,28,1,27,富邦-竹東,2023-12-18,9625
2344,華邦電,104,77,27,富邦-竹東,2023-12-18,9625
8011,台通,23,0,23,富邦-竹東,2023-12-18,9625
2891,中信金,30,7,23,富邦-竹東,2023-12-18,9625
2603,長榮,49,27,22,富邦-竹東,2023-12-18,9625
2888,新光金,22,0,22,富邦-竹東,2023-12-18,9625
00934,中信成長高股息,21,0,21,富邦-竹東,2023-12-18,9625
00751B,元大AAA至A公司債,21,0,21,富邦-竹東,2023-12-18,9625
6120,達運,22,1,21,富邦-竹東,2023-12-18,9625
6485,點序,21,0,21,富邦-竹東,2023-12-18,9625
1310,台苯,20,0,20,富邦-竹東,2023-12-18,9625
6198,瑞築,20,1,19,富邦-竹東,2023-12-18,9625
3380,明泰,21,2,19,富邦-竹東,2023-12-18,9625
00642U,期元大S＆P石油,20,4,16,富邦-竹東,2023-12-18,9625
8112,至上,18,3,15,富邦-竹東,2023-12-18,9625
3037,欣興,18,3,15,富邦-竹東,2023-12-18,9625
2316,楠梓電,15,0,15,富邦-竹東,2023-12-18,9625
6147,頎邦,17,2,15,富邦-竹東,2023-12-18,9625
8110,華東,15,0,15,富邦-竹東,2023-12-18,9625
2615,萬海,47,33,14,富邦-竹東,2023-12-18,9625
2204,中華,15,1,14,富邦-竹東,2023-12-18,9625
00712,復華富時不動產,29,15,14,富邦-竹東,2023-12-18,9625
1609,大亞,13,0,13,富邦-竹東,2023-12-18,9625
9919,康那香,14,1,13,富邦-竹東,2023-12-18,9625
2449,京元電子,12,0,12,富邦-竹東,2023-12-18,9625
3041,揚智,12,0,12,富邦-竹東,2023-12-18,9625
2030,彰源,13,1,12,富邦-竹東,2023-12-18,9625
00915,凱基優選高股息30,12,0,12,富邦-竹東,2023-12-18,9625
1522,堤維西,17,6,11,富邦-竹東,2023-12-18,9625
1815,富喬,11,0,11,富邦-竹東,2023-12-18,9625
3189,景碩,11,0,11,富邦-竹東,2023-12-18,9625
2884,玉山金,10,0,10,富邦-竹東,2023-12-18,9625
00919,群益台灣精選高息,354,104,250,富邦-竹東,2023-12-19,9625
00929,復華台灣科技優息,268,51,217,富邦-竹東,2023-12-19,9625
00937B,群益ESG投等債20,128,44,84,富邦-竹東,2023-12-19,9625
00687B,國泰20年美債,59,9,50,富邦-竹東,2023-12-19,9625
2516,新建,53,3,50,富邦-竹東,2023-12-19,9625
2618,長榮航,90,40,50,富邦-竹東,2023-12-19,9625
2356,英業達,79,29,50,富邦-竹東,2023-12-19,9625
00934,中信成長高股息,48,0,48,富邦-竹東,2023-12-19,9625
00671R,富邦NASDAQ反1,44,0,44,富邦-竹東,2023-12-19,9625
2883,凱基金,46,2,44,富邦-竹東,2023-12-19,9625
00637L,元大滬深300正2,43,1,42,富邦-竹東,2023-12-19,9625
00936,台新永續高息中小,41,4,37,富邦-竹東,2023-12-19,9625
0056,元大高股息,41,6,35,富邦-竹東,2023-12-19,9625
00878,國泰永續高股息,50,15,35,富邦-竹東,2023-12-19,9625
8011,台通,40,6,34,富邦-竹東,2023-12-19,9625
8150,南茂,31,0,31,富邦-竹東,2023-12-19,9625
00857B,永豐20年美公債,29,1,28,富邦-竹東,2023-12-19,9625
3231,緯創,51,24,27,富邦-竹東,2023-12-19,9625
5347,世界,25,0,25,富邦-竹東,2023-12-19,9625
1806,冠軍,25,0,25,富邦-竹東,2023-12-19,9625
2352,佳世達,27,2,25,富邦-竹東,2023-12-19,9625
6116,彩晶,24,0,24,富邦-竹東,2023-12-19,9625
3047,訊舟,23,0,23,富邦-竹東,2023-12-19,9625
4939,亞電,21,0,21,富邦-竹東,2023-12-19,9625
2312,金寶,21,0,21,富邦-竹東,2023-12-19,9625
00915,凱基優選高股息30,21,0,21,富邦-竹東,2023-12-19,9625
6443,元晶,41,20,21,富邦-竹東,2023-12-19,9625
8112,至上,22,1,21,富邦-竹東,2023-12-19,9625
2705,六福,20,0,20,富邦-竹東,2023-12-19,9625
6147,頎邦,20,0,20,富邦-竹東,2023-12-19,9625
00918,大華優利高填息30,19,0,19,富邦-竹東,2023-12-19,9625
00713,元大台灣高息低波,19,0,19,富邦-竹東,2023-12-19,9625
1815,富喬,27,10,17,富邦-竹東,2023-12-19,9625
2376,技嘉,24,8,16,富邦-竹東,2023-12-19,9625
2324,仁寶,25,9,16,富邦-竹東,2023-12-19,9625
6179,亞通,16,2,14,富邦-竹東,2023-12-19,9625
5258,虹堡,19,6,13,富邦-竹東,2023-12-19,9625
2332,友訊,13,0,13,富邦-竹東,2023-12-19,9625
2399,映泰,13,0,13,富邦-竹東,2023-12-19,9625
2889,國票金,13,0,13,富邦-竹東,2023-12-19,9625
5522,遠雄,12,0,12,富邦-竹東,2023-12-19,9625
5880,合庫金,12,0,12,富邦-竹東,2023-12-19,9625
1312,國喬,12,0,12,富邦-竹東,2023-12-19,9625
2323,中環,13,1,12,富邦-竹東,2023-12-19,9625
00907,永豐優息存股,12,0,12,富邦-竹東,2023-12-19,9625
2607,榮運,16,4,12,富邦-竹東,2023-12-19,9625
1609,大亞,12,1,11,富邦-竹東,2023-12-19,9625
3704,合勤控,11,0,11,富邦-竹東,2023-12-19,9625
1522,堤維西,18,7,11,富邦-竹東,2023-12-19,9625
00923,群益台ESG低碳50,12,1,11,富邦-竹東,2023-12-19,9625
00720B,元大投資級公司債,188,0,188,富邦-竹東,2023-12-20,9625
00919,群益台灣精選高息,195,20,175,富邦-竹東,2023-12-20,9625
00934,中信成長高股息,126,30,96,富邦-竹東,2023-12-20,9625
4904,遠傳,85,0,85,富邦-竹東,2023-12-20,9625
2883,凱基金,70,0,70,富邦-竹東,2023-12-20,9625
00931B,統一美債20年,70,10,60,富邦-竹東,2023-12-20,9625
5521,工信,50,0,50,富邦-竹東,2023-12-20,9625
2303,聯電,48,0,48,富邦-竹東,2023-12-20,9625
8936,國統,45,5,40,富邦-竹東,2023-12-20,9625
00900,富邦特選高股息30,40,1,39,富邦-竹東,2023-12-20,9625
2892,第一金,33,0,33,富邦-竹東,2023-12-20,9625
00637L,元大滬深300正2,43,10,33,富邦-竹東,2023-12-20,9625
3532,台勝科,34,4,30,富邦-竹東,2023-12-20,9625
2891,中信金,26,0,26,富邦-竹東,2023-12-20,9625
2365,昆盈,48,22,26,富邦-竹東,2023-12-20,9625
2356,英業達,196,170,26,富邦-竹東,2023-12-20,9625
5522,遠雄,22,0,22,富邦-竹東,2023-12-20,9625
4198,欣大健康,22,0,22,富邦-竹東,2023-12-20,9625
2329,華泰,51,29,22,富邦-竹東,2023-12-20,9625
2362,藍天,35,13,22,富邦-竹東,2023-12-20,9625
2014,中鴻,61,39,22,富邦-竹東,2023-12-20,9625
5880,合庫金,22,0,22,富邦-竹東,2023-12-20,9625
8112,至上,21,1,20,富邦-竹東,2023-12-20,9625
2880,華南金,18,0,18,富邦-竹東,2023-12-20,9625
2801,彰銀,18,0,18,富邦-竹東,2023-12-20,9625
4167,松瑞藥,24,7,17,富邦-竹東,2023-12-20,9625
2889,國票金,16,0,16,富邦-竹東,2023-12-20,9625
2388,威盛,19,4,15,富邦-竹東,2023-12-20,9625
8150,南茂,15,0,15,富邦-竹東,2023-12-20,9625
2338,光罩,14,0,14,富邦-竹東,2023-12-20,9625
8068,全達,33,19,14,富邦-竹東,2023-12-20,9625
3715,定穎投控,18,5,13,富邦-竹東,2023-12-20,9625
8086,宏捷科,14,1,13,富邦-竹東,2023-12-20,9625
2402,毅嘉,25,12,13,富邦-竹東,2023-12-20,9625
2204,中華,13,1,12,富邦-竹東,2023-12-20,9625
2634,漢翔,12,0,12,富邦-竹東,2023-12-20,9625
2701,萬企,12,0,12,富邦-竹東,2023-12-20,9625
6122,擎邦,12,0,12,富邦-竹東,2023-12-20,9625
2886,兆豐金,13,2,11,富邦-竹東,2023-12-20,9625
2323,中環,23,12,11,富邦-竹東,2023-12-20,9625
8011,台通,69,58,11,富邦-竹東,2023-12-20,9625
2023,燁輝,13,2,11,富邦-竹東,2023-12-20,9625
8110,華東,10,0,10,富邦-竹東,2023-12-20,9625
00936,台新永續高息中小,23,13,10,富邦-竹東,2023-12-20,9625
2633,台灣高鐵,10,0,10,富邦-竹東,2023-12-20,9625
00632R,元大台灣50反1,10,0,10,富邦-竹東,2023-12-20,9625
00751B,元大AAA至A公司債,10,0,10,富邦-竹東,2023-12-20,9625
6834,天二科技,10,0,10,富邦-竹東,2023-12-20,9625
00642U,期元大S＆P石油,10,0,10,富邦-竹東,2023-12-20,9625
2363,矽統,19,10,9,富邦-竹東,2023-12-20,9625
2303,聯電,111,23,88,富邦-竹東,2023-12-21,9625
6443,元晶,77,2,75,富邦-竹東,2023-12-21,9625
00919,群益台灣精選高息,179,105,74,富邦-竹東,2023-12-21,9625
00878,國泰永續高股息,74,3,71,富邦-竹東,2023-12-21,9625
2363,矽統,81,17,64,富邦-竹東,2023-12-21,9625
00637L,元大滬深300正2,54,0,54,富邦-竹東,2023-12-21,9625
2515,中工,178,130,48,富邦-竹東,2023-12-21,9625
3694,海華,40,0,40,富邦-竹東,2023-12-21,9625
2542,興富發,40,0,40,富邦-竹東,2023-12-21,9625
2324,仁寶,111,76,35,富邦-竹東,2023-12-21,9625
2331,精英,62,28,34,富邦-竹東,2023-12-21,9625
2913,農林,33,1,32,富邦-竹東,2023-12-21,9625
2312,金寶,37,5,32,富邦-竹東,2023-12-21,9625
2883,凱基金,30,0,30,富邦-竹東,2023-12-21,9625
3035,智原,41,11,30,富邦-竹東,2023-12-21,9625
00931B,統一美債20年,32,3,29,富邦-竹東,2023-12-21,9625
00915,凱基優選高股息30,27,0,27,富邦-竹東,2023-12-21,9625
00632R,元大台灣50反1,31,5,26,富邦-竹東,2023-12-21,9625
0056,元大高股息,27,5,22,富邦-竹東,2023-12-21,9625
2633,台灣高鐵,22,0,22,富邦-竹東,2023-12-21,9625
00891,中信關鍵半導體,19,0,19,富邦-竹東,2023-12-21,9625
5457,宣德,21,3,18,富邦-竹東,2023-12-21,9625
00706L,期元大S＆P日圓正2,16,0,16,富邦-竹東,2023-12-21,9625
2606,裕民,20,4,16,富邦-竹東,2023-12-21,9625
9919,康那香,86,70,16,富邦-竹東,2023-12-21,9625
3078,僑威,13,0,13,富邦-竹東,2023-12-21,9625
00713,元大台灣高息低波,12,0,12,富邦-竹東,2023-12-21,9625
2634,漢翔,13,1,12,富邦-竹東,2023-12-21,9625
00688L,國泰20年美債正2,12,0,12,富邦-竹東,2023-12-21,9625
6527,明達醫,12,0,12,富邦-竹東,2023-12-21,9625
2301,光寶科,13,2,11,富邦-竹東,2023-12-21,9625
2903,遠百,11,0,11,富邦-竹東,2023-12-21,9625
2886,兆豐金,12,1,11,富邦-竹東,2023-12-21,9625
2313,華通,15,5,10,富邦-竹東,2023-12-21,9625
4714,永捷,10,0,10,富邦-竹東,2023-12-21,9625
1466,聚隆,10,0,10,富邦-竹東,2023-12-21,9625
00757,統一FANG+,10,0,10,富邦-竹東,2023-12-21,9625
8096,擎亞,10,0,10,富邦-竹東,2023-12-21,9625
2801,彰銀,10,0,10,富邦-竹東,2023-12-21,9625
3617,碩天,10,0,10,富邦-竹東,2023-12-21,9625
3047,訊舟,10,0,10,富邦-竹東,2023-12-21,9625
2608,嘉里大榮,10,0,10,富邦-竹東,2023-12-21,9625
2374,佳能,10,0,10,富邦-竹東,2023-12-21,9625
2516,新建,10,0,10,富邦-竹東,2023-12-21,9625
2104,國際中橡,10,0,10,富邦-竹東,2023-12-21,9625
6645,金萬林-創,10,0,10,富邦-竹東,2023-12-21,9625
1789,神隆,10,0,10,富邦-竹東,2023-12-21,9625
2449,京元電子,14,4,10,富邦-竹東,2023-12-21,9625
4167,松瑞藥,27,17,10,富邦-竹東,2023-12-21,9625
4102,永日,16,6,10,富邦-竹東,2023-12-21,9625
00888,永豐台灣ESG,300,0,300,富邦-竹東,2023-12-22,9625
2633,台灣高鐵,248,0,248,富邦-竹東,2023-12-22,9625
00664R,國泰臺灣加權反1,200,0,200,富邦-竹東,2023-12-22,9625
2889,國票金,150,0,150,富邦-竹東,2023-12-22,9625
9919,康那香,104,0,104,富邦-竹東,2023-12-22,9625
2344,華邦電,239,142,97,富邦-竹東,2023-12-22,9625
00937B,群益ESG投等債20,191,115,76,富邦-竹東,2023-12-22,9625
0056,元大高股息,66,2,64,富邦-竹東,2023-12-22,9625
9105,泰金寶-DR,102,42,60,富邦-竹東,2023-12-22,9625
00929,復華台灣科技優息,120,66,54,富邦-竹東,2023-12-22,9625
00936,台新永續高息中小,47,2,45,富邦-竹東,2023-12-22,9625
2356,英業達,79,37,42,富邦-竹東,2023-12-22,9625
8110,華東,41,0,41,富邦-竹東,2023-12-22,9625
3694,海華,40,0,40,富邦-竹東,2023-12-22,9625
00713,元大台灣高息低波,39,0,39,富邦-竹東,2023-12-22,9625
3607,谷崧,37,0,37,富邦-竹東,2023-12-22,9625
00878,國泰永續高股息,71,39,32,富邦-竹東,2023-12-22,9625
00919,群益台灣精選高息,52,21,31,富邦-竹東,2023-12-22,9625
2363,矽統,48,19,29,富邦-竹東,2023-12-22,9625
2609,陽明,395,371,24,富邦-竹東,2023-12-22,9625
2324,仁寶,32,8,24,富邦-竹東,2023-12-22,9625
2405,輔信,26,2,24,富邦-竹東,2023-12-22,9625
6695,芯鼎,23,0,23,富邦-竹東,2023-12-22,9625
2323,中環,32,9,23,富邦-竹東,2023-12-22,9625
6527,明達醫,22,0,22,富邦-竹東,2023-12-22,9625
2337,旺宏,27,6,21,富邦-竹東,2023-12-22,9625
2610,華航,99,78,21,富邦-竹東,2023-12-22,9625
2637,慧洋-KY,23,2,21,富邦-竹東,2023-12-22,9625
2897,王道銀行,20,0,20,富邦-竹東,2023-12-22,9625
00931B,統一美債20年,24,4,20,富邦-竹東,2023-12-22,9625
2883,凱基金,21,3,18,富邦-竹東,2023-12-22,9625
00933B,國泰10Y+金融債,26,10,16,富邦-竹東,2023-12-22,9625
00655L,國泰中國A50正2,16,0,16,富邦-竹東,2023-12-22,9625
8034,榮群,16,1,15,富邦-竹東,2023-12-22,9625
5321,美而快,13,0,13,富邦-竹東,2023-12-22,9625
6799,來頡,22,9,13,富邦-竹東,2023-12-22,9625
2030,彰源,12,0,12,富邦-竹東,2023-12-22,9625
1402,遠東新,11,0,11,富邦-竹東,2023-12-22,9625
00753L,中信中國50正2,17,6,11,富邦-竹東,2023-12-22,9625
1514,亞力,23,12,11,富邦-竹東,2023-12-22,9625
2355,敬鵬,21,10,11,富邦-竹東,2023-12-22,9625
4904,遠傳,11,0,11,富邦-竹東,2023-12-22,9625
00679B,元大美債20年,42,32,10,富邦-竹東,2023-12-22,9625
2608,嘉里大榮,10,0,10,富邦-竹東,2023-12-22,9625
00892,富邦台灣半導體,10,0,10,富邦-竹東,2023-12-22,9625
6275,元山,10,0,10,富邦-竹東,2023-12-22,9625
3438,類比科,12,3,9,富邦-竹東,2023-12-22,9625
2501,國建,9,0,9,富邦-竹東,2023-12-22,9625
1524,耿鼎,10,1,9,富邦-竹東,2023-12-22,9625
2031,新光鋼,10,1,9,富邦-竹東,2023-12-22,9625
00664R,國泰臺灣加權反1,200,0,200,富邦-竹東,2023-12-25,9625
00937B,群益ESG投等債20,115,0,115,富邦-竹東,2023-12-25,9625
00720B,元大投資級公司債,111,0,111,富邦-竹東,2023-12-25,9625
00929,復華台灣科技優息,94,20,74,富邦-竹東,2023-12-25,9625
2641,正德,74,6,68,富邦-竹東,2023-12-25,9625
4303,信立,52,2,50,富邦-竹東,2023-12-25,9625
2609,陽明,286,240,46,富邦-竹東,2023-12-25,9625
2324,仁寶,76,31,45,富邦-竹東,2023-12-25,9625
5202,力新,36,0,36,富邦-竹東,2023-12-25,9625
00918,大華優利高填息30,32,0,32,富邦-竹東,2023-12-25,9625
00687B,國泰20年美債,30,0,30,富邦-竹東,2023-12-25,9625
2331,精英,62,32,30,富邦-竹東,2023-12-25,9625
1514,亞力,55,26,29,富邦-竹東,2023-12-25,9625
2618,長榮航,50,21,29,富邦-竹東,2023-12-25,9625
2356,英業達,85,60,25,富邦-竹東,2023-12-25,9625
8096,擎亞,26,1,25,富邦-竹東,2023-12-25,9625
2365,昆盈,24,0,24,富邦-竹東,2023-12-25,9625
6695,芯鼎,25,3,22,富邦-竹東,2023-12-25,9625
8112,至上,22,0,22,富邦-竹東,2023-12-25,9625
1609,大亞,22,3,19,富邦-竹東,2023-12-25,9625
00706L,期元大S＆P日圓正2,19,0,19,富邦-竹東,2023-12-25,9625
6233,旺玖,19,1,18,富邦-竹東,2023-12-25,9625
2301,光寶科,21,3,18,富邦-竹東,2023-12-25,9625
00900,富邦特選高股息30,20,4,16,富邦-竹東,2023-12-25,9625
0056,元大高股息,30,15,15,富邦-竹東,2023-12-25,9625
1714,和桐,15,0,15,富邦-竹東,2023-12-25,9625
3715,定穎投控,16,1,15,富邦-竹東,2023-12-25,9625
3163,波若威,16,2,14,富邦-竹東,2023-12-25,9625
8011,台通,15,1,14,富邦-竹東,2023-12-25,9625
00857B,永豐20年美公債,14,0,14,富邦-竹東,2023-12-25,9625
5258,虹堡,13,0,13,富邦-竹東,2023-12-25,9625
6527,明達醫,12,0,12,富邦-竹東,2023-12-25,9625
6285,啟��,13,1,12,富邦-竹東,2023-12-25,9625
6117,迎廣,21,9,12,富邦-竹東,2023-12-25,9625
1303,南亞,12,1,11,富邦-竹東,2023-12-25,9625
3540,曜越,15,4,11,富邦-竹東,2023-12-25,9625
2481,強茂,26,15,11,富邦-竹東,2023-12-25,9625
3207,耀勝,12,1,11,富邦-竹東,2023-12-25,9625
00679B,元大美債20年,26,15,11,富邦-竹東,2023-12-25,9625
6245,立端,10,0,10,富邦-竹東,2023-12-25,9625
2312,金寶,11,1,10,富邦-竹東,2023-12-25,9625
2367,燿華,10,0,10,富邦-竹東,2023-12-25,9625
2023,燁輝,20,10,10,富邦-竹東,2023-12-25,9625
2204,中華,10,0,10,富邦-竹東,2023-12-25,9625
2340,台亞,10,0,10,富邦-竹東,2023-12-25,9625
00934,中信成長高股息,12,2,10,富邦-竹東,2023-12-25,9625
1513,中興電,10,1,9,富邦-竹東,2023-12-25,9625
5608,四維航,10,1,9,富邦-竹東,2023-12-25,9625
3033,威健,9,0,9,富邦-竹東,2023-12-25,9625
1326,台化,10,1,9,富邦-竹東,2023-12-25,9625
00632R,元大台灣50反1,216,5,211,富邦-竹東,2023-12-26,9625
00664R,國泰臺灣加權反1,200,0,200,富邦-竹東,2023-12-26,9625
00680L,元大美債20正2,170,10,160,富邦-竹東,2023-12-26,9625
00937B,群益ESG投等債20,161,36,125,富邦-竹東,2023-12-26,9625
4510,高鋒,103,1,102,富邦-竹東,2023-12-26,9625
00929,復華台灣科技優息,101,2,99,富邦-竹東,2023-12-26,9625
8088,品安,88,1,87,富邦-竹東,2023-12-26,9625
00720B,元大投資級公司債,91,20,71,富邦-竹東,2023-12-26,9625
2610,華航,75,23,52,富邦-竹東,2023-12-26,9625
2889,國票金,50,0,50,富邦-竹東,2023-12-26,9625
2356,英業達,89,39,50,富邦-竹東,2023-12-26,9625
00688L,國泰20年美債正2,40,0,40,富邦-竹東,2023-12-26,9625
00931B,統一美債20年,40,0,40,富邦-竹東,2023-12-26,9625
3231,緯創,53,20,33,富邦-竹東,2023-12-26,9625
00679B,元大美債20年,33,0,33,富邦-竹東,2023-12-26,9625
6116,彩晶,51,21,30,富邦-竹東,2023-12-26,9625
00923,群益台ESG低碳50,34,11,23,富邦-竹東,2023-12-26,9625
2618,長榮航,26,5,21,富邦-竹東,2023-12-26,9625
2506,太設,20,0,20,富邦-竹東,2023-12-26,9625
6163,華電網,20,0,20,富邦-竹東,2023-12-26,9625
00712,復華富時不動產,14,0,14,富邦-竹東,2023-12-26,9625
00687B,國泰20年美債,14,0,14,富邦-竹東,2023-12-26,9625
1514,亞力,94,81,13,富邦-竹東,2023-12-26,9625
6550,北極星藥業-KY,12,0,12,富邦-竹東,2023-12-26,9625
00637L,元大滬深300正2,13,1,12,富邦-竹東,2023-12-26,9625
3163,波若威,11,0,11,富邦-竹東,2023-12-26,9625
3325,旭品,23,12,11,富邦-竹東,2023-12-26,9625
2492,華新科,11,0,11,富邦-竹東,2023-12-26,9625
2634,漢翔,15,4,11,富邦-竹東,2023-12-26,9625
5425,台半,14,3,11,富邦-竹東,2023-12-26,9625
4939,亞電,22,11,11,富邦-竹東,2023-12-26,9625
2208,台船,10,0,10,富邦-竹東,2023-12-26,9625
1503,士電,10,0,10,富邦-竹東,2023-12-26,9625
00655L,國泰中國A50正2,10,0,10,富邦-竹東,2023-12-26,9625
1815,富喬,10,0,10,富邦-竹東,2023-12-26,9625
2308,台達電,11,1,10,富邦-竹東,2023-12-26,9625
2388,威盛,25,16,9,富邦-竹東,2023-12-26,9625
1524,耿鼎,9,0,9,富邦-竹東,2023-12-26,9625
8054,安國,9,0,9,富邦-竹東,2023-12-26,9625
3005,神基,10,1,9,富邦-竹東,2023-12-26,9625
6290,良維,9,1,8,富邦-竹東,2023-12-26,9625
3207,耀勝,9,1,8,富邦-竹東,2023-12-26,9625
2892,第一金,8,0,8,富邦-竹東,2023-12-26,9625
2457,飛宏,8,0,8,富邦-竹東,2023-12-26,9625
1519,華城,13,6,7,富邦-竹東,2023-12-26,9625
2471,資通,7,0,7,富邦-竹東,2023-12-26,9625
3164,景岳,6,0,6,富邦-竹東,2023-12-26,9625
1513,中興電,6,0,6,富邦-竹東,2023-12-26,9625
8040,九暘,6,0,6,富邦-竹東,2023-12-26,9625
1760,寶齡富錦,6,0,6,富邦-竹東,2023-12-26,9625
00937B,群益ESG投等債20,389,6,383,富邦-竹東,2023-12-27,9625
00632R,元大台灣50反1,236,8,228,富邦-竹東,2023-12-27,9625
00664R,國泰臺灣加權反1,200,0,200,富邦-竹東,2023-12-27,9625
2356,英業達,94,36,58,富邦-竹東,2023-12-27,9625
2401,凌陽,56,0,56,富邦-竹東,2023-12-27,9625
6233,旺玖,67,12,55,富邦-竹東,2023-12-27,9625
3013,晟銘電,50,0,50,富邦-竹東,2023-12-27,9625
3049,精金,44,2,42,富邦-竹東,2023-12-27,9625
3163,波若威,42,0,42,富邦-竹東,2023-12-27,9625
6186,新潤,38,0,38,富邦-竹東,2023-12-27,9625
2365,昆盈,42,5,37,富邦-竹東,2023-12-27,9625
00688L,國泰20年美債正2,32,0,32,富邦-竹東,2023-12-27,9625
1524,耿鼎,32,1,31,富邦-竹東,2023-12-27,9625
00919,群益台灣精選高息,112,82,30,富邦-竹東,2023-12-27,9625
2324,仁寶,171,145,26,富邦-竹東,2023-12-27,9625
2312,金寶,26,1,25,富邦-竹東,2023-12-27,9625
2506,太設,25,0,25,富邦-竹東,2023-12-27,9625
6770,力積電,23,0,23,富邦-竹東,2023-12-27,9625
2515,中工,23,0,23,富邦-竹東,2023-12-27,9625
2618,長榮航,136,115,21,富邦-竹東,2023-12-27,9625
8936,國統,31,11,20,富邦-竹東,2023-12-27,9625
2889,國票金,20,1,19,富邦-竹東,2023-12-27,9625
2329,華泰,19,0,19,富邦-竹東,2023-12-27,9625
8112,至上,26,8,18,富邦-竹東,2023-12-27,9625
00773B,中信優先金融債,18,0,18,富邦-竹東,2023-12-27,9625
6182,合晶,17,0,17,富邦-竹東,2023-12-27,9625
3548,兆利,17,1,16,富邦-竹東,2023-12-27,9625
00891,中信關鍵半導體,21,5,16,富邦-竹東,2023-12-27,9625
6527,明達醫,15,0,15,富邦-竹東,2023-12-27,9625
2331,精英,15,0,15,富邦-竹東,2023-12-27,9625
00751B,元大AAA至A公司債,14,0,14,富邦-竹東,2023-12-27,9625
00687B,國泰20年美債,23,10,13,富邦-竹東,2023-12-27,9625
3437,榮創,34,21,13,富邦-竹東,2023-12-27,9625
4906,正文,13,0,13,富邦-竹東,2023-12-27,9625
6271,同欣電,12,0,12,富邦-竹東,2023-12-27,9625
3236,千如,12,0,12,富邦-竹東,2023-12-27,9625
6667,信紘科,12,0,12,富邦-竹東,2023-12-27,9625
3363,上詮,11,0,11,富邦-竹東,2023-12-27,9625
2014,中鴻,16,5,11,富邦-竹東,2023-12-27,9625
3041,揚智,12,2,10,富邦-竹東,2023-12-27,9625
1304,台聚,10,0,10,富邦-竹東,2023-12-27,9625
2610,華航,20,10,10,富邦-竹東,2023-12-27,9625
00885,富邦越南,10,0,10,富邦-竹東,2023-12-27,9625
00878,國泰永續高股息,31,21,10,富邦-竹東,2023-12-27,9625
1309,台達化,10,0,10,富邦-竹東,2023-12-27,9625
2417,圓剛,10,0,10,富邦-竹東,2023-12-27,9625
6244,茂迪,10,0,10,富邦-竹東,2023-12-27,9625
2428,興勤,10,0,10,富邦-竹東,2023-12-27,9625
5425,台半,11,2,9,富邦-竹東,2023-12-27,9625
2402,毅嘉,12,3,9,富邦-竹東,2023-12-27,9625
00937B,群益ESG投等債20,342,126,216,富邦-竹東,2023-12-28,9625
00929,復華台灣科技優息,170,5,165,富邦-竹東,2023-12-28,9625
00919,群益台灣精選高息,175,27,148,富邦-竹東,2023-12-28,9625
2365,昆盈,128,20,108,富邦-竹東,2023-12-28,9625
00930,永豐ESG低碳高息,76,0,76,富邦-竹東,2023-12-28,9625
00936,台新永續高息中小,69,4,65,富邦-竹東,2023-12-28,9625
6733,博晟生醫,50,0,50,富邦-竹東,2023-12-28,9625
8096,擎亞,69,23,46,富邦-竹東,2023-12-28,9625
00712,復華富時不動產,40,0,40,富邦-竹東,2023-12-28,9625
2323,中環,51,12,39,富邦-竹東,2023-12-28,9625
00915,凱基優選高股息30,38,3,35,富邦-竹東,2023-12-28,9625
6182,合晶,32,1,31,富邦-竹東,2023-12-28,9625
5351,鈺創,52,22,30,富邦-竹東,2023-12-28,9625
00933B,國泰10Y+金融債,31,3,28,富邦-竹東,2023-12-28,9625
00891,中信關鍵半導體,28,2,26,富邦-竹東,2023-12-28,9625
2356,英業達,94,68,26,富邦-竹東,2023-12-28,9625
1513,中興電,37,15,22,富邦-竹東,2023-12-28,9625
3308,聯德,22,0,22,富邦-竹東,2023-12-28,9625
00655L,國泰中國A50正2,20,0,20,富邦-竹東,2023-12-28,9625
6233,旺玖,35,16,19,富邦-竹東,2023-12-28,9625
2618,長榮航,20,2,18,富邦-竹東,2023-12-28,9625
1605,華新,20,3,17,富邦-竹東,2023-12-28,9625
1815,富喬,17,0,17,富邦-竹東,2023-12-28,9625
6271,同欣電,17,0,17,富邦-竹東,2023-12-28,9625
2436,偉詮電,31,14,17,富邦-竹東,2023-12-28,9625
6770,力積電,19,2,17,富邦-竹東,2023-12-28,9625
4188,安克,16,0,16,富邦-竹東,2023-12-28,9625
2405,輔信,23,8,15,富邦-竹東,2023-12-28,9625
2506,太設,15,0,15,富邦-竹東,2023-12-28,9625
6789,采鈺,23,8,15,富邦-竹東,2023-12-28,9625
00637L,元大滬深300正2,57,42,15,富邦-竹東,2023-12-28,9625
5009,榮剛,15,1,14,富邦-竹東,2023-12-28,9625
3163,波若威,16,2,14,富邦-竹東,2023-12-28,9625
00753L,中信中國50正2,15,1,14,富邦-竹東,2023-12-28,9625
2881,富邦金,14,1,13,富邦-竹東,2023-12-28,9625
4114,健喬,13,0,13,富邦-竹東,2023-12-28,9625
6695,芯鼎,15,3,12,富邦-竹東,2023-12-28,9625
6126,信音,12,0,12,富邦-竹東,2023-12-28,9625
3169,亞信,11,0,11,富邦-竹東,2023-12-28,9625
3017,奇鋐,12,1,11,富邦-竹東,2023-12-28,9625
00918,大華優利高填息30,11,0,11,富邦-竹東,2023-12-28,9625
6530,創威,11,0,11,富邦-竹東,2023-12-28,9625
8076,伍豐,10,0,10,富邦-竹東,2023-12-28,9625
00687B,國泰20年美債,10,0,10,富邦-竹東,2023-12-28,9625
1313,聯成,10,0,10,富邦-竹東,2023-12-28,9625
1101,台泥,11,1,10,富邦-竹東,2023-12-28,9625
1104,環泥,10,0,10,富邦-竹東,2023-12-28,9625
8163,達方,10,0,10,富邦-竹東,2023-12-28,9625
4123,晟德,10,0,10,富邦-竹東,2023-12-28,9625
2399,映泰,10,0,10,富邦-竹東,2023-12-28,9625
00632R,元大台灣50反1,205,0,205,富邦-竹東,2023-12-29,9625
00937B,群益ESG投等債20,277,84,193,富邦-竹東,2023-12-29,9625
2329,華泰,158,8,150,富邦-竹東,2023-12-29,9625
00919,群益台灣精選高息,152,9,143,富邦-竹東,2023-12-29,9625
00637L,元大滬深300正2,97,9,88,富邦-竹東,2023-12-29,9625
3006,晶豪科,92,11,81,富邦-竹東,2023-12-29,9625
1529,樂事綠能,96,31,65,富邦-竹東,2023-12-29,9625
00680L,元大美債20正2,60,0,60,富邦-竹東,2023-12-29,9625
00891,中信關鍵半導體,64,4,60,富邦-竹東,2023-12-29,9625
2883,凱基金,56,1,55,富邦-竹東,2023-12-29,9625
0056,元大高股息,52,1,51,富邦-竹東,2023-12-29,9625
00878,國泰永續高股息,80,30,50,富邦-竹東,2023-12-29,9625
6182,合晶,49,0,49,富邦-竹東,2023-12-29,9625
2353,宏��,129,97,32,富邦-竹東,2023-12-29,9625
00902,中信電池及儲能,30,0,30,富邦-竹東,2023-12-29,9625
00715L,期街口布蘭特正2,27,0,27,富邦-竹東,2023-12-29,9625
5258,虹堡,26,0,26,富邦-竹東,2023-12-29,9625
00933B,國泰10Y+金融債,29,4,25,富邦-竹東,2023-12-29,9625
1514,亞力,40,16,24,富邦-竹東,2023-12-29,9625
2303,聯電,60,37,23,富邦-竹東,2023-12-29,9625
00679B,元大美債20年,27,6,21,富邦-竹東,2023-12-29,9625
2352,佳世達,34,13,21,富邦-竹東,2023-12-29,9625
00671R,富邦NASDAQ反1,20,0,20,富邦-竹東,2023-12-29,9625
00882,中信中國高股息,17,0,17,富邦-竹東,2023-12-29,9625
00751B,元大AAA至A公司債,15,0,15,富邦-竹東,2023-12-29,9625
3260,威剛,35,20,15,富邦-竹東,2023-12-29,9625
00915,凱基優選高股息30,20,6,14,富邦-竹東,2023-12-29,9625
1609,大亞,16,3,13,富邦-竹東,2023-12-29,9625
2609,陽明,31,19,12,富邦-竹東,2023-12-29,9625
00690,兆豐藍籌30,12,0,12,富邦-竹東,2023-12-29,9625
3264,欣銓,13,1,12,富邦-竹東,2023-12-29,9625
6667,信紘科,15,3,12,富邦-竹東,2023-12-29,9625
2038,海光,14,2,12,富邦-竹東,2023-12-29,9625
8150,南茂,13,1,12,富邦-竹東,2023-12-29,9625
3363,上詮,16,5,11,富邦-竹東,2023-12-29,9625
1305,華夏,11,0,11,富邦-竹東,2023-12-29,9625
00900,富邦特選高股息30,16,5,11,富邦-竹東,2023-12-29,9625
2367,燿華,11,0,11,富邦-竹東,2023-12-29,9625
6233,旺玖,13,2,11,富邦-竹東,2023-12-29,9625
1326,台化,11,0,11,富邦-竹東,2023-12-29,9625
2739,寒舍,11,1,10,富邦-竹東,2023-12-29,9625
5328,華容,10,0,10,富邦-竹東,2023-12-29,9625
6163,華電網,10,0,10,富邦-竹東,2023-12-29,9625
2641,正德,10,0,10,富邦-竹東,2023-12-29,9625
2104,國際中橡,10,0,10,富邦-竹東,2023-12-29,9625
5608,四維航,10,0,10,富邦-竹東,2023-12-29,9625
1524,耿鼎,11,2,9,富邦-竹東,2023-12-29,9625
2745,五福,11,2,9,富邦-竹東,2023-12-29,9625
5351,鈺創,12,3,9,富邦-竹東,2023-12-29,9625
8059,凱碩,9,0,9,富邦-竹東,2023-12-29,9625
00937B,群益ESG投等債20,353,13,340,富邦-竹東,2024-01-02,9625
00933B,國泰10Y+金融債,133,5,128,富邦-竹東,2024-01-02,9625
3231,緯創,142,54,88,富邦-竹東,2024-01-02,9625
00929,復華台灣科技優息,135,58,77,富邦-竹東,2024-01-02,9625
00919,群益台灣精選高息,120,50,70,富邦-竹東,2024-01-02,9625
00680L,元大美債20正2,52,0,52,富邦-竹東,2024-01-02,9625
00679B,元大美債20年,54,3,51,富邦-竹東,2024-01-02,9625
00878,國泰永續高股息,90,44,46,富邦-竹東,2024-01-02,9625
2882,國泰金,43,0,43,富邦-竹東,2024-01-02,9625
00637L,元大滬深300正2,47,4,43,富邦-竹東,2024-01-02,9625
2331,精英,42,2,40,富邦-竹東,2024-01-02,9625
2382,廣達,40,1,39,富邦-竹東,2024-01-02,9625
00720B,元大投資級公司債,42,8,34,富邦-竹東,2024-01-02,9625
00891,中信關鍵半導體,33,2,31,富邦-竹東,2024-01-02,9625
5521,工信,182,151,31,富邦-竹東,2024-01-02,9625
00687B,國泰20年美債,35,5,30,富邦-竹東,2024-01-02,9625
00918,大華優利高填息30,35,7,28,富邦-竹東,2024-01-02,9625
0056,元大高股息,35,9,26,富邦-竹東,2024-01-02,9625
00752,中信中國50,25,0,25,富邦-竹東,2024-01-02,9625
00639,富邦深100,25,0,25,富邦-竹東,2024-01-02,9625
5234,達興材料,23,0,23,富邦-竹東,2024-01-02,9625
00751B,元大AAA至A公司債,31,9,22,富邦-竹東,2024-01-02,9625
2324,仁寶,40,18,22,富邦-竹東,2024-01-02,9625
6547,高端疫苗,22,0,22,富邦-竹東,2024-01-02,9625
2303,聯電,49,28,21,富邦-竹東,2024-01-02,9625
2344,華邦電,39,18,21,富邦-竹東,2024-01-02,9625
00772B,中信高評級公司債,36,18,18,富邦-竹東,2024-01-02,9625
2449,京元電子,22,4,18,富邦-竹東,2024-01-02,9625
00934,中信成長高股息,17,0,17,富邦-竹東,2024-01-02,9625
2615,萬海,30,13,17,富邦-竹東,2024-01-02,9625
00688L,國泰20年美債正2,17,0,17,富邦-竹東,2024-01-02,9625
3006,晶豪科,35,18,17,富邦-竹東,2024-01-02,9625
5425,台半,17,1,16,富邦-竹東,2024-01-02,9625
5258,虹堡,15,0,15,富邦-竹東,2024-01-02,9625
3706,神達,38,23,15,富邦-竹東,2024-01-02,9625
2609,陽明,223,208,15,富邦-竹東,2024-01-02,9625
8011,台通,98,84,14,富邦-竹東,2024-01-02,9625
3037,欣興,14,0,14,富邦-竹東,2024-01-02,9625
2313,華通,17,3,14,富邦-竹東,2024-01-02,9625
5457,宣德,14,0,14,富邦-竹東,2024-01-02,9625
00931B,統一美債20年,12,0,12,富邦-竹東,2024-01-02,9625
2701,萬企,12,0,12,富邦-竹東,2024-01-02,9625
1301,台塑,11,0,11,富邦-竹東,2024-01-02,9625
5383,金利,11,0,11,富邦-竹東,2024-01-02,9625
2362,藍天,44,33,11,富邦-竹東,2024-01-02,9625
2515,中工,11,0,11,富邦-竹東,2024-01-02,9625
3025,星通,11,0,11,富邦-竹東,2024-01-02,9625
3014,聯陽,15,4,11,富邦-竹東,2024-01-02,9625
2867,三商壽,10,0,10,富邦-竹東,2024-01-02,9625
00674R,期元大S＆P黃金反1,10,0,10,富邦-竹東,2024-01-02,9625
00632R,元大台灣50反1,753,30,723,富邦-竹東,2024-01-03,9625
00929,復華台灣科技優息,566,129,437,富邦-竹東,2024-01-03,9625
00878,國泰永續高股息,348,57,291,富邦-竹東,2024-01-03,9625
00715L,期街口布蘭特正2,241,0,241,富邦-竹東,2024-01-03,9625
2303,聯電,156,14,142,富邦-竹東,2024-01-03,9625
0056,元大高股息,176,35,141,富邦-竹東,2024-01-03,9625
00937B,群益ESG投等債20,165,54,111,富邦-竹東,2024-01-03,9625
2888,新光金,100,0,100,富邦-竹東,2024-01-03,9625
00934,中信成長高股息,99,1,98,富邦-竹東,2024-01-03,9625
6770,力積電,84,11,73,富邦-竹東,2024-01-03,9625
00919,群益台灣精選高息,142,82,60,富邦-竹東,2024-01-03,9625
2344,華邦電,68,18,50,富邦-竹東,2024-01-03,9625
00881,國泰台灣5G+,43,0,43,富邦-竹東,2024-01-03,9625
5880,合庫金,39,0,39,富邦-竹東,2024-01-03,9625
00720B,元大投資級公司債,39,0,39,富邦-竹東,2024-01-03,9625
5258,虹堡,40,1,39,富邦-竹東,2024-01-03,9625
2618,長榮航,68,30,38,富邦-竹東,2024-01-03,9625
00918,大華優利高填息30,36,0,36,富邦-竹東,2024-01-03,9625
2324,仁寶,64,30,34,富邦-竹東,2024-01-03,9625
2504,國產,31,0,31,富邦-竹東,2024-01-03,9625
2330,台積電,33,3,30,富邦-竹東,2024-01-03,9625
3014,聯陽,31,2,29,富邦-竹東,2024-01-03,9625
2352,佳世達,28,1,27,富邦-竹東,2024-01-03,9625
2882,國泰金,26,1,25,富邦-竹東,2024-01-03,9625
6741,91APP*-KY,24,0,24,富邦-竹東,2024-01-03,9625
3260,威剛,29,6,23,富邦-竹東,2024-01-03,9625
6282,康舒,23,2,21,富邦-竹東,2024-01-03,9625
3265,台星科,21,1,20,富邦-竹東,2024-01-03,9625
2356,英業達,25,5,20,富邦-竹東,2024-01-03,9625
3521,鴻翊,20,0,20,富邦-竹東,2024-01-03,9625
3105,穩懋,20,0,20,富邦-竹東,2024-01-03,9625
2353,宏��,42,23,19,富邦-竹東,2024-01-03,9625
00882,中信中國高股息,18,0,18,富邦-竹東,2024-01-03,9625
3046,建��,32,14,18,富邦-竹東,2024-01-03,9625
3231,緯創,77,59,18,富邦-竹東,2024-01-03,9625
00891,中信關鍵半導體,17,0,17,富邦-竹東,2024-01-03,9625
2883,凱基金,22,6,16,富邦-竹東,2024-01-03,9625
6695,芯鼎,28,12,16,富邦-竹東,2024-01-03,9625
00900,富邦特選高股息30,26,10,16,富邦-竹東,2024-01-03,9625
9945,潤泰新,15,0,15,富邦-竹東,2024-01-03,9625
3005,神基,16,1,15,富邦-竹東,2024-01-03,9625
1101,台泥,15,1,14,富邦-竹東,2024-01-03,9625
00935,野村臺灣新科技50,17,3,14,富邦-竹東,2024-01-03,9625
00921,兆豐龍頭等權重,14,0,14,富邦-竹東,2024-01-03,9625
5292,華懋,14,0,14,富邦-竹東,2024-01-03,9625
00642U,期元大S＆P石油,12,0,12,富邦-竹東,2024-01-03,9625
2880,華南金,12,0,12,富邦-竹東,2024-01-03,9625
3481,群創,36,24,12,富邦-竹東,2024-01-03,9625
4906,正文,12,0,12,富邦-竹東,2024-01-03,9625
00923,群益台ESG低碳50,11,0,11,富邦-竹東,2024-01-03,9625
00632R,元大台灣50反1,440,30,410,富邦-竹東,2024-01-04,9625
00929,復華台灣科技優息,398,51,347,富邦-竹東,2024-01-04,9625
00937B,群益ESG投等債20,180,1,179,富邦-竹東,2024-01-04,9625
2312,金寶,161,1,160,富邦-竹東,2024-01-04,9625
6120,達運,58,0,58,富邦-竹東,2024-01-04,9625
00931B,統一美債20年,55,1,54,富邦-竹東,2024-01-04,9625
00671R,富邦NASDAQ反1,50,0,50,富邦-竹東,2024-01-04,9625
00726B,國泰新興投等債,43,0,43,富邦-竹東,2024-01-04,9625
2344,華邦電,53,10,43,富邦-竹東,2024-01-04,9625
00676R,富邦臺灣加權反1,40,0,40,富邦-竹東,2024-01-04,9625
6125,廣運,43,3,40,富邦-竹東,2024-01-04,9625
2641,正德,63,24,39,富邦-竹東,2024-01-04,9625
00687B,國泰20年美債,38,2,36,富邦-竹東,2024-01-04,9625
0056,元大高股息,54,18,36,富邦-竹東,2024-01-04,9625
2356,英業達,55,23,32,富邦-竹東,2024-01-04,9625
8183,精星,30,0,30,富邦-竹東,2024-01-04,9625
00669R,國泰美國道瓊反1,30,0,30,富邦-竹東,2024-01-04,9625
00679B,元大美債20年,40,15,25,富邦-竹東,2024-01-04,9625
2834,臺企銀,22,0,22,富邦-竹東,2024-01-04,9625
00725B,國泰投資級公司債,21,0,21,富邦-竹東,2024-01-04,9625
2376,技嘉,25,5,20,富邦-竹東,2024-01-04,9625
1101,台泥,30,10,20,富邦-竹東,2024-01-04,9625
5348,正能量智能,20,0,20,富邦-竹東,2024-01-04,9625
6527,明達醫,20,0,20,富邦-竹東,2024-01-04,9625
00927,群益半導體收益,19,0,19,富邦-竹東,2024-01-04,9625
3265,台星科,16,0,16,富邦-竹東,2024-01-04,9625
6140,訊達,25,9,16,富邦-竹東,2024-01-04,9625
8086,宏捷科,21,5,16,富邦-竹東,2024-01-04,9625
1605,華新,16,0,16,富邦-竹東,2024-01-04,9625
00933B,國泰10Y+金融債,32,17,15,富邦-竹東,2024-01-04,9625
1806,冠軍,15,0,15,富邦-竹東,2024-01-04,9625
00896,中信綠能及電動車,15,0,15,富邦-竹東,2024-01-04,9625
8096,擎亞,47,32,15,富邦-竹東,2024-01-04,9625
2520,冠德,14,0,14,富邦-竹東,2024-01-04,9625
5706,鳳凰,14,0,14,富邦-竹東,2024-01-04,9625
2362,藍天,22,9,13,富邦-竹東,2024-01-04,9625
00770,國泰北美科技,13,0,13,富邦-竹東,2024-01-04,9625
00891,中信關鍵半導體,13,0,13,富邦-竹東,2024-01-04,9625
00893,國泰智能電動車,12,0,12,富邦-竹東,2024-01-04,9625
6168,宏齊,13,1,12,富邦-竹東,2024-01-04,9625
2449,京元電子,19,7,12,富邦-竹東,2024-01-04,9625
2390,云辰,11,0,11,富邦-竹東,2024-01-04,9625
6182,合晶,11,0,11,富邦-竹東,2024-01-04,9625
9919,康那香,57,46,11,富邦-竹東,2024-01-04,9625
3006,晶豪科,11,0,11,富邦-竹東,2024-01-04,9625
2329,華泰,16,6,10,富邦-竹東,2024-01-04,9625
3715,定穎投控,15,5,10,富邦-竹東,2024-01-04,9625
3217,優群,10,0,10,富邦-竹東,2024-01-04,9625
3362,先進光,10,0,10,富邦-竹東,2024-01-04,9625
2915,潤泰全,10,0,10,富邦-竹東,2024-01-04,9625
00929,復華台灣科技優息,255,27,228,富邦-竹東,2024-01-05,9625
00937B,群益ESG投等債20,135,21,114,富邦-竹東,2024-01-05,9625
00927,群益半導體收益,109,1,108,富邦-竹東,2024-01-05,9625
2353,宏��,86,14,72,富邦-竹東,2024-01-05,9625
9919,康那香,65,6,59,富邦-竹東,2024-01-05,9625
0056,元大高股息,91,33,58,富邦-竹東,2024-01-05,9625
00919,群益台灣精選高息,63,12,51,富邦-竹東,2024-01-05,9625
2605,新興,64,17,47,富邦-竹東,2024-01-05,9625
8096,擎亞,196,152,44,富邦-竹東,2024-01-05,9625
2618,長榮航,82,39,43,富邦-竹東,2024-01-05,9625
1733,五鼎,41,0,41,富邦-竹東,2024-01-05,9625
00725B,國泰投資級公司債,31,0,31,富邦-竹東,2024-01-05,9625
00751B,元大AAA至A公司債,29,0,29,富邦-竹東,2024-01-05,9625
6120,達運,30,2,28,富邦-竹東,2024-01-05,9625
6116,彩晶,34,7,27,富邦-竹東,2024-01-05,9625
3231,緯創,62,39,23,富邦-竹東,2024-01-05,9625
3450,聯鈞,21,0,21,富邦-竹東,2024-01-05,9625
3014,聯陽,20,0,20,富邦-竹東,2024-01-05,9625
2489,瑞軒,32,14,18,富邦-竹東,2024-01-05,9625
2344,華邦電,27,9,18,富邦-竹東,2024-01-05,9625
5355,佳總,27,9,18,富邦-竹東,2024-01-05,9625
00934,中信成長高股息,18,1,17,富邦-竹東,2024-01-05,9625
6799,來頡,17,1,16,富邦-竹東,2024-01-05,9625
2610,華航,19,3,16,富邦-竹東,2024-01-05,9625
8046,南電,20,4,16,富邦-竹東,2024-01-05,9625
3078,僑威,17,2,15,富邦-竹東,2024-01-05,9625
2363,矽統,16,2,14,富邦-竹東,2024-01-05,9625
4967,十銓,19,5,14,富邦-竹東,2024-01-05,9625
6117,迎廣,15,2,13,富邦-竹東,2024-01-05,9625
5880,合庫金,13,0,13,富邦-竹東,2024-01-05,9625
3037,欣興,25,12,13,富邦-竹東,2024-01-05,9625
1605,華新,13,0,13,富邦-竹東,2024-01-05,9625
8150,南茂,13,0,13,富邦-竹東,2024-01-05,9625
00688L,國泰20年美債正2,12,0,12,富邦-竹東,2024-01-05,9625
1325,恆大,14,3,11,富邦-竹東,2024-01-05,9625
00687B,國泰20年美債,11,0,11,富邦-竹東,2024-01-05,9625
00885,富邦越南,11,0,11,富邦-竹東,2024-01-05,9625
8074,鉅橡,10,0,10,富邦-竹東,2024-01-05,9625
3260,威剛,14,4,10,富邦-竹東,2024-01-05,9625
6189,豐藝,10,0,10,富邦-竹東,2024-01-05,9625
3714,富采,10,0,10,富邦-竹東,2024-01-05,9625
6668,中揚光,10,0,10,富邦-竹東,2024-01-05,9625
2352,佳世達,11,2,9,富邦-竹東,2024-01-05,9625
5426,振發,9,0,9,富邦-竹東,2024-01-05,9625
4977,眾達-KY,9,0,9,富邦-竹東,2024-01-05,9625
3325,旭品,10,1,9,富邦-竹東,2024-01-05,9625
3706,神達,10,2,8,富邦-竹東,2024-01-05,9625
2611,志信,9,1,8,富邦-竹東,2024-01-05,9625
5425,台半,9,1,8,富邦-竹東,2024-01-05,9625
3715,定穎投控,21,13,8,富邦-竹東,2024-01-05,9625
00929,復華台灣科技優息,436,29,407,富邦-竹東,2024-01-08,9625
2353,宏��,348,79,269,富邦-竹東,2024-01-08,9625
00632R,元大台灣50反1,183,10,173,富邦-竹東,2024-01-08,9625
00937B,群益ESG投等債20,206,49,157,富邦-竹東,2024-01-08,9625
00687B,國泰20年美債,120,0,120,富邦-竹東,2024-01-08,9625
00637L,元大滬深300正2,155,45,110,富邦-竹東,2024-01-08,9625
00919,群益台灣精選高息,88,15,73,富邦-竹東,2024-01-08,9625
2344,華邦電,74,15,59,富邦-竹東,2024-01-08,9625
0056,元大高股息,94,51,43,富邦-竹東,2024-01-08,9625
00753L,中信中國50正2,32,0,32,富邦-竹東,2024-01-08,9625
00882,中信中國高股息,31,0,31,富邦-竹東,2024-01-08,9625
2486,一詮,30,0,30,富邦-竹東,2024-01-08,9625
2812,台中銀,30,0,30,富邦-竹東,2024-01-08,9625
2303,聯電,37,8,29,富邦-竹東,2024-01-08,9625
1444,力麗,29,0,29,富邦-竹東,2024-01-08,9625
6163,華電網,31,3,28,富邦-竹東,2024-01-08,9625
6129,普誠,27,1,26,富邦-竹東,2024-01-08,9625
2605,新興,28,3,25,富邦-竹東,2024-01-08,9625
6416,瑞祺電通,30,5,25,富邦-竹東,2024-01-08,9625
00934,中信成長高股息,31,7,24,富邦-竹東,2024-01-08,9625
2356,英業達,46,24,22,富邦-竹東,2024-01-08,9625
00770,國泰北美科技,21,0,21,富邦-竹東,2024-01-08,9625
2515,中工,20,0,20,富邦-竹東,2024-01-08,9625
2609,陽明,49,30,19,富邦-竹東,2024-01-08,9625
2409,友達,53,36,17,富邦-竹東,2024-01-08,9625
3046,建��,16,1,15,富邦-竹東,2024-01-08,9625
6274,台燿,17,2,15,富邦-竹東,2024-01-08,9625
2331,精英,19,4,15,富邦-竹東,2024-01-08,9625
2501,國建,15,0,15,富邦-竹東,2024-01-08,9625
00680L,元大美債20正2,15,0,15,富邦-竹東,2024-01-08,9625
2324,仁寶,18,3,15,富邦-竹東,2024-01-08,9625
00904,新光臺灣半導體30,16,1,15,富邦-竹東,2024-01-08,9625
2449,京元電子,20,6,14,富邦-竹東,2024-01-08,9625
00712,復華富時不動產,16,2,14,富邦-竹東,2024-01-08,9625
00751B,元大AAA至A公司債,14,0,14,富邦-竹東,2024-01-08,9625
6005,群益證,14,0,14,富邦-竹東,2024-01-08,9625
2388,威盛,50,38,12,富邦-竹東,2024-01-08,9625
8046,南電,12,0,12,富邦-竹東,2024-01-08,9625
1721,三晃,13,1,12,富邦-竹東,2024-01-08,9625
2607,榮運,12,0,12,富邦-竹東,2024-01-08,9625
3006,晶豪科,19,7,12,富邦-竹東,2024-01-08,9625
3380,明泰,11,0,11,富邦-竹東,2024-01-08,9625
3483,力致,12,1,11,富邦-竹東,2024-01-08,9625
5347,世界,11,0,11,富邦-竹東,2024-01-08,9625
3450,聯鈞,11,0,11,富邦-竹東,2024-01-08,9625
6753,龍德造船,11,0,11,富邦-竹東,2024-01-08,9625
6462,神盾,57,46,11,富邦-竹東,2024-01-08,9625
4561,健椿,10,0,10,富邦-竹東,2024-01-08,9625
00650L,復華香港正2,10,0,10,富邦-竹東,2024-01-08,9625
2390,云辰,10,0,10,富邦-竹東,2024-01-08,9625
00937B,群益ESG投等債20,277,12,265,富邦-竹東,2024-01-09,9625
00919,群益台灣精選高息,288,106,182,富邦-竹東,2024-01-09,9625
00680L,元大美債20正2,177,0,177,富邦-竹東,2024-01-09,9625
3481,群創,143,19,124,富邦-竹東,2024-01-09,9625
2609,陽明,177,56,121,富邦-竹東,2024-01-09,9625
2312,金寶,103,1,102,富邦-竹東,2024-01-09,9625
00929,復華台灣科技優息,136,42,94,富邦-竹東,2024-01-09,9625
00679B,元大美債20年,86,0,86,富邦-竹東,2024-01-09,9625
2883,凱基金,93,27,66,富邦-竹東,2024-01-09,9625
2610,華航,55,0,55,富邦-竹東,2024-01-09,9625
00927,群益半導體收益,45,0,45,富邦-竹東,2024-01-09,9625
2344,華邦電,44,1,43,富邦-竹東,2024-01-09,9625
0056,元大高股息,62,21,41,富邦-竹東,2024-01-09,9625
6799,來頡,35,0,35,富邦-竹東,2024-01-09,9625
2382,廣達,45,11,34,富邦-竹東,2024-01-09,9625
2501,國建,31,0,31,富邦-竹東,2024-01-09,9625
8183,精星,26,0,26,富邦-竹東,2024-01-09,9625
2409,友達,42,17,25,富邦-竹東,2024-01-09,9625
00715L,期街口布蘭特正2,27,3,24,富邦-竹東,2024-01-09,9625
4956,光鋐,98,74,24,富邦-竹東,2024-01-09,9625
3050,鈺德,23,0,23,富邦-竹東,2024-01-09,9625
00882,中信中國高股息,22,0,22,富邦-竹東,2024-01-09,9625
2603,長榮,55,34,21,富邦-竹東,2024-01-09,9625
1301,台塑,21,0,21,富邦-竹東,2024-01-09,9625
00720B,元大投資級公司債,20,0,20,富邦-竹東,2024-01-09,9625
00655L,國泰中國A50正2,20,0,20,富邦-竹東,2024-01-09,9625
2913,農林,20,0,20,富邦-竹東,2024-01-09,9625
8401,白紗科,20,0,20,富邦-竹東,2024-01-09,9625
4716,大立,20,0,20,富邦-竹東,2024-01-09,9625
3622,洋華,23,4,19,富邦-竹東,2024-01-09,9625
2356,英業達,37,19,18,富邦-竹東,2024-01-09,9625
00687B,國泰20年美債,21,3,18,富邦-竹東,2024-01-09,9625
3390,旭軟,20,2,18,富邦-竹東,2024-01-09,9625
6770,力積電,35,19,16,富邦-竹東,2024-01-09,9625
2486,一詮,16,1,15,富邦-竹東,2024-01-09,9625
6116,彩晶,16,1,15,富邦-竹東,2024-01-09,9625
4533,協易機,15,0,15,富邦-竹東,2024-01-09,9625
00770,國泰北美科技,15,0,15,富邦-竹東,2024-01-09,9625
6168,宏齊,14,0,14,富邦-竹東,2024-01-09,9625
3260,威剛,17,4,13,富邦-竹東,2024-01-09,9625
00636,國泰中國A50,21,9,12,富邦-竹東,2024-01-09,9625
3707,漢磊,12,1,11,富邦-竹東,2024-01-09,9625
1714,和桐,11,0,11,富邦-竹東,2024-01-09,9625
1605,華新,15,5,10,富邦-竹東,2024-01-09,9625
00933B,國泰10Y+金融債,10,0,10,富邦-竹東,2024-01-09,9625
9919,康那香,10,0,10,富邦-竹東,2024-01-09,9625
00764B,群益25年美債,10,0,10,富邦-竹東,2024-01-09,9625
6140,訊達,15,5,10,富邦-竹東,2024-01-09,9625
5508,永信建,10,0,10,富邦-竹東,2024-01-09,9625
3163,波若威,19,10,9,富邦-竹東,2024-01-09,9625
6770,力積電,313,38,275,富邦-竹東,2024-01-10,9625
00929,復華台灣科技優息,171,3,168,富邦-竹東,2024-01-10,9625
00937B,群益ESG投等債20,156,11,145,富邦-竹東,2024-01-10,9625
00881,國泰台灣5G+,142,0,142,富邦-竹東,2024-01-10,9625
00919,群益台灣精選高息,104,14,90,富邦-竹東,2024-01-10,9625
00882,中信中國高股息,81,0,81,富邦-竹東,2024-01-10,9625
00679B,元大美債20年,65,0,65,富邦-竹東,2024-01-10,9625
2618,長榮航,68,5,63,富邦-竹東,2024-01-10,9625
2610,華航,60,4,56,富邦-竹東,2024-01-10,9625
00933B,國泰10Y+金融債,51,0,51,富邦-竹東,2024-01-10,9625
2362,藍天,50,8,42,富邦-竹東,2024-01-10,9625
00713,元大台灣高息低波,52,18,34,富邦-竹東,2024-01-10,9625
1514,亞力,59,25,34,富邦-竹東,2024-01-10,9625
2303,聯電,47,14,33,富邦-竹東,2024-01-10,9625
2501,國建,30,0,30,富邦-竹東,2024-01-10,9625
2609,陽明,89,64,25,富邦-竹東,2024-01-10,9625
00720B,元大投資級公司債,26,2,24,富邦-竹東,2024-01-10,9625
00878,國泰永續高股息,49,28,21,富邦-竹東,2024-01-10,9625
3287,廣寰科,62,41,21,富邦-竹東,2024-01-10,9625
1444,力麗,20,0,20,富邦-竹東,2024-01-10,9625
1515,力山,20,0,20,富邦-竹東,2024-01-10,9625
00686R,群益臺灣加權反1,20,0,20,富邦-竹東,2024-01-10,9625
2337,旺宏,20,0,20,富邦-竹東,2024-01-10,9625
2324,仁寶,25,8,17,富邦-竹東,2024-01-10,9625
5880,合庫金,17,0,17,富邦-竹東,2024-01-10,9625
3025,星通,27,11,16,富邦-竹東,2024-01-10,9625
2363,矽統,28,13,15,富邦-竹東,2024-01-10,9625
2344,華邦電,22,7,15,富邦-竹東,2024-01-10,9625
2401,凌陽,16,2,14,富邦-竹東,2024-01-10,9625
3583,辛耘,15,1,14,富邦-竹東,2024-01-10,9625
00904,新光臺灣半導體30,13,0,13,富邦-竹東,2024-01-10,9625
2387,精元,13,0,13,富邦-竹東,2024-01-10,9625
00687B,國泰20年美債,13,0,13,富邦-竹東,2024-01-10,9625
2301,光寶科,15,4,11,富邦-竹東,2024-01-10,9625
2634,漢翔,19,8,11,富邦-竹東,2024-01-10,9625
3380,明泰,11,0,11,富邦-竹東,2024-01-10,9625
3189,景碩,11,0,11,富邦-竹東,2024-01-10,9625
00753L,中信中國50正2,11,0,11,富邦-竹東,2024-01-10,9625
2816,旺旺保,11,0,11,富邦-竹東,2024-01-10,9625
2409,友達,11,0,11,富邦-竹東,2024-01-10,9625
6140,訊達,34,24,10,富邦-竹東,2024-01-10,9625
4123,晟德,10,0,10,富邦-竹東,2024-01-10,9625
3715,定穎投控,15,5,10,富邦-竹東,2024-01-10,9625
1605,華新,13,3,10,富邦-竹東,2024-01-10,9625
2812,台中銀,10,0,10,富邦-竹東,2024-01-10,9625
2705,六福,10,0,10,富邦-竹東,2024-01-10,9625
2867,三商壽,10,0,10,富邦-竹東,2024-01-10,9625
8473,山林水,10,0,10,富邦-竹東,2024-01-10,9625
1815,富喬,28,18,10,富邦-竹東,2024-01-10,9625
8436,大江,10,0,10,富邦-竹東,2024-01-10,9625
00929,復華台灣科技優息,351,107,244,富邦-竹東,2024-01-11,9625
2344,華邦電,118,1,117,富邦-竹東,2024-01-11,9625
1529,樂事綠能,100,5,95,富邦-竹東,2024-01-11,9625
00927,群益半導體收益,94,2,92,富邦-竹東,2024-01-11,9625
6125,廣運,82,1,81,富邦-竹東,2024-01-11,9625
2353,宏��,61,7,54,富邦-竹東,2024-01-11,9625
00933B,國泰10Y+金融債,47,0,47,富邦-竹東,2024-01-11,9625
00919,群益台灣精選高息,128,87,41,富邦-竹東,2024-01-11,9625
9105,泰金寶-DR,41,0,41,富邦-竹東,2024-01-11,9625
3532,台勝科,41,1,40,富邦-竹東,2024-01-11,9625
2409,友達,49,9,40,富邦-竹東,2024-01-11,9625
6789,采鈺,34,2,32,富邦-竹東,2024-01-11,9625
0056,元大高股息,71,39,32,富邦-竹東,2024-01-11,9625
1795,美時,29,0,29,富邦-竹東,2024-01-11,9625
5211,蒙恬,30,2,28,富邦-竹東,2024-01-11,9625
2610,華航,40,15,25,富邦-竹東,2024-01-11,9625
2371,大同,93,70,23,富邦-竹東,2024-01-11,9625
2329,華泰,109,87,22,富邦-竹東,2024-01-11,9625
6166,凌華,22,1,21,富邦-竹東,2024-01-11,9625
3006,晶豪科,23,4,19,富邦-竹東,2024-01-11,9625
1514,亞力,41,23,18,富邦-竹東,2024-01-11,9625
00696B,富邦美債20年,20,2,18,富邦-竹東,2024-01-11,9625
2313,華通,19,1,18,富邦-竹東,2024-01-11,9625
00751B,元大AAA至A公司債,20,3,17,富邦-竹東,2024-01-11,9625
00878,國泰永續高股息,63,46,17,富邦-竹東,2024-01-11,9625
00930,永豐ESG低碳高息,16,0,16,富邦-竹東,2024-01-11,9625
6237,驊訊,17,1,16,富邦-竹東,2024-01-11,9625
2897,王道銀行,15,0,15,富邦-竹東,2024-01-11,9625
2408,南亞科,21,7,14,富邦-竹東,2024-01-11,9625
1519,華城,31,18,13,富邦-竹東,2024-01-11,9625
2449,京元電子,19,7,12,富邦-竹東,2024-01-11,9625
2324,仁寶,17,5,12,富邦-竹東,2024-01-11,9625
00882,中信中國高股息,20,8,12,富邦-竹東,2024-01-11,9625
3715,定穎投控,12,0,12,富邦-竹東,2024-01-11,9625
2317,鴻海,23,11,12,富邦-竹東,2024-01-11,9625
910322,康師傅-DR,11,0,11,富邦-竹東,2024-01-11,9625
6117,迎廣,24,13,11,富邦-竹東,2024-01-11,9625
00655L,國泰中國A50正2,11,0,11,富邦-竹東,2024-01-11,9625
6550,北極星藥業-KY,11,0,11,富邦-竹東,2024-01-11,9625
2453,凌群,13,2,11,富邦-竹東,2024-01-11,9625
6239,力成,13,3,10,富邦-竹東,2024-01-11,9625
8059,凱碩,10,0,10,富邦-竹東,2024-01-11,9625
6695,芯鼎,69,59,10,富邦-竹東,2024-01-11,9625
2609,陽明,48,39,9,富邦-竹東,2024-01-11,9625
1301,台塑,9,0,9,富邦-竹東,2024-01-11,9625
00713,元大台灣高息低波,9,0,9,富邦-竹東,2024-01-11,9625
6120,達運,124,115,9,富邦-竹東,2024-01-11,9625
0050,元大台灣50,9,0,9,富邦-竹東,2024-01-11,9625
1104,環泥,9,0,9,富邦-竹東,2024-01-11,9625
1604,聲寶,9,0,9,富邦-竹東,2024-01-11,9625
00929,復華台灣科技優息,209,10,199,富邦-竹東,2024-01-12,9625
00881,國泰台灣5G+,101,0,101,富邦-竹東,2024-01-12,9625
2356,英業達,104,31,73,富邦-竹東,2024-01-12,9625
00933B,國泰10Y+金融債,81,15,66,富邦-竹東,2024-01-12,9625
1101,台泥,61,4,57,富邦-竹東,2024-01-12,9625
3622,洋華,48,8,40,富邦-竹東,2024-01-12,9625
8930,青鋼,40,0,40,富邦-竹東,2024-01-12,9625
00637L,元大滬深300正2,46,6,40,富邦-竹東,2024-01-12,9625
00937B,群益ESG投等債20,43,5,38,富邦-竹東,2024-01-12,9625
8096,擎亞,144,110,34,富邦-竹東,2024-01-12,9625
6140,訊達,50,20,30,富邦-竹東,2024-01-12,9625
1737,臺鹽,28,0,28,富邦-竹東,2024-01-12,9625
00878,國泰永續高股息,29,3,26,富邦-竹東,2024-01-12,9625
3025,星通,51,26,25,富邦-竹東,2024-01-12,9625
3276,宇環,27,2,25,富邦-竹東,2024-01-12,9625
9906,欣巴巴,24,0,24,富邦-竹東,2024-01-12,9625
00927,群益半導體收益,48,24,24,富邦-竹東,2024-01-12,9625
2449,京元電子,28,6,22,富邦-竹東,2024-01-12,9625
2329,華泰,80,58,22,富邦-竹東,2024-01-12,9625
3041,揚智,21,0,21,富邦-竹東,2024-01-12,9625
2884,玉山金,20,0,20,富邦-竹東,2024-01-12,9625
00764B,群益25年美債,20,0,20,富邦-竹東,2024-01-12,9625
00885,富邦越南,20,0,20,富邦-竹東,2024-01-12,9625
8064,東捷,20,0,20,富邦-竹東,2024-01-12,9625
1795,美時,23,4,19,富邦-竹東,2024-01-12,9625
00673R,期元大S＆P原油反1,18,0,18,富邦-竹東,2024-01-12,9625
4945,陞達科技,16,1,15,富邦-竹東,2024-01-12,9625
2002,中鋼,14,1,13,富邦-竹東,2024-01-12,9625
5426,振發,28,15,13,富邦-竹東,2024-01-12,9625
5347,世界,17,5,12,富邦-竹東,2024-01-12,9625
2390,云辰,12,0,12,富邦-竹東,2024-01-12,9625
5880,合庫金,12,0,12,富邦-竹東,2024-01-12,9625
00770,國泰北美科技,13,1,12,富邦-竹東,2024-01-12,9625
6550,北極星藥業-KY,12,0,12,富邦-竹東,2024-01-12,9625
2388,威盛,16,5,11,富邦-竹東,2024-01-12,9625
2892,第一金,11,0,11,富邦-竹東,2024-01-12,9625
6237,驊訊,12,1,11,富邦-竹東,2024-01-12,9625
2610,華航,12,1,11,富邦-竹東,2024-01-12,9625
00882,中信中國高股息,15,5,10,富邦-竹東,2024-01-12,9625
5432,新門,10,0,10,富邦-竹東,2024-01-12,9625
00904,新光臺灣半導體30,10,0,10,富邦-竹東,2024-01-12,9625
2897,王道銀行,10,0,10,富邦-竹東,2024-01-12,9625
2344,華邦電,12,2,10,富邦-竹東,2024-01-12,9625
2468,華經,11,1,10,富邦-竹東,2024-01-12,9625
2492,華新科,11,1,10,富邦-竹東,2024-01-12,9625
6182,合晶,9,0,9,富邦-竹東,2024-01-12,9625
2436,偉詮電,14,5,9,富邦-竹東,2024-01-12,9625
6743,安普新,9,0,9,富邦-竹東,2024-01-12,9625
6117,迎廣,20,11,9,富邦-竹東,2024-01-12,9625
8088,品安,9,0,9,富邦-竹東,2024-01-12,9625
00770,國泰北美科技,220,0,220,富邦-竹東,2024-01-15,9625
00929,復華台灣科技優息,347,154,193,富邦-竹東,2024-01-15,9625
00927,群益半導體收益,152,82,70,富邦-竹東,2024-01-15,9625
00725B,國泰投資級公司債,73,3,70,富邦-竹東,2024-01-15,9625
00752,中信中國50,60,0,60,富邦-竹東,2024-01-15,9625
3231,緯創,121,63,58,富邦-竹東,2024-01-15,9625
00664R,國泰臺灣加權反1,53,0,53,富邦-竹東,2024-01-15,9625
0056,元大高股息,50,0,50,富邦-竹東,2024-01-15,9625
6770,力積電,55,6,49,富邦-竹東,2024-01-15,9625
00679B,元大美債20年,51,3,48,富邦-竹東,2024-01-15,9625
00881,國泰台灣5G+,52,5,47,富邦-竹東,2024-01-15,9625
00637L,元大滬深300正2,44,3,41,富邦-竹東,2024-01-15,9625
6416,瑞祺電通,40,0,40,富邦-竹東,2024-01-15,9625
00900,富邦特選高股息30,42,7,35,富邦-竹東,2024-01-15,9625
3622,洋華,58,24,34,富邦-竹東,2024-01-15,9625
00687B,國泰20年美債,31,0,31,富邦-竹東,2024-01-15,9625
1513,中興電,44,13,31,富邦-竹東,2024-01-15,9625
00891,中信關鍵半導體,28,2,26,富邦-竹東,2024-01-15,9625
2883,凱基金,27,3,24,富邦-竹東,2024-01-15,9625
5426,振發,54,34,20,富邦-竹東,2024-01-15,9625
00885,富邦越南,20,0,20,富邦-竹東,2024-01-15,9625
00680L,元大美債20正2,20,0,20,富邦-竹東,2024-01-15,9625
2610,華航,23,3,20,富邦-竹東,2024-01-15,9625
2609,陽明,37,20,17,富邦-竹東,2024-01-15,9625
6207,雷科,26,9,17,富邦-竹東,2024-01-15,9625
2603,長榮,27,11,16,富邦-竹東,2024-01-15,9625
6443,元晶,19,5,14,富邦-竹東,2024-01-15,9625
2706,第一店,14,0,14,富邦-竹東,2024-01-15,9625
2630,亞航,14,0,14,富邦-竹東,2024-01-15,9625
2324,仁寶,13,0,13,富邦-竹東,2024-01-15,9625
3576,聯合再生,16,3,13,富邦-竹東,2024-01-15,9625
2449,京元電子,18,6,12,富邦-竹東,2024-01-15,9625
9906,欣巴巴,12,0,12,富邦-竹東,2024-01-15,9625
0050,元大台灣50,11,0,11,富邦-竹東,2024-01-15,9625
00933B,國泰10Y+金融債,51,40,11,富邦-竹東,2024-01-15,9625
8086,宏捷科,11,1,10,富邦-竹東,2024-01-15,9625
2364,倫飛,10,0,10,富邦-竹東,2024-01-15,9625
3021,鴻名,10,0,10,富邦-竹東,2024-01-15,9625
5211,蒙恬,10,0,10,富邦-竹東,2024-01-15,9625
2371,大同,10,0,10,富邦-竹東,2024-01-15,9625
6605,帝寶,10,0,10,富邦-竹東,2024-01-15,9625
2362,藍天,16,6,10,富邦-竹東,2024-01-15,9625
00896,中信綠能及電動車,10,0,10,富邦-竹東,2024-01-15,9625
3380,明泰,10,0,10,富邦-竹東,2024-01-15,9625
2506,太設,10,0,10,富邦-竹東,2024-01-15,9625
1605,華新,12,2,10,富邦-竹東,2024-01-15,9625
3714,富采,10,0,10,富邦-竹東,2024-01-15,9625
4716,大立,10,0,10,富邦-竹東,2024-01-15,9625
3715,定穎投控,13,3,10,富邦-竹東,2024-01-15,9625
4909,新復興,12,2,10,富邦-竹東,2024-01-15,9625
0056,元大高股息,190,24,166,富邦-竹東,2024-01-16,9625
00929,復華台灣科技優息,201,37,164,富邦-竹東,2024-01-16,9625
00919,群益台灣精選高息,147,5,142,富邦-竹東,2024-01-16,9625
00927,群益半導體收益,122,3,119,富邦-竹東,2024-01-16,9625
2883,凱基金,115,5,110,富邦-竹東,2024-01-16,9625
00937B,群益ESG投等債20,126,38,88,富邦-竹東,2024-01-16,9625
2344,華邦電,98,10,88,富邦-竹東,2024-01-16,9625
2401,凌陽,84,3,81,富邦-竹東,2024-01-16,9625
1529,樂事綠能,89,16,73,富邦-竹東,2024-01-16,9625
2609,陽明,85,22,63,富邦-竹東,2024-01-16,9625
00878,國泰永續高股息,62,3,59,富邦-竹東,2024-01-16,9625
2374,佳能,59,2,57,富邦-竹東,2024-01-16,9625
00637L,元大滬深300正2,44,2,42,富邦-竹東,2024-01-16,9625
2834,臺企銀,42,0,42,富邦-竹東,2024-01-16,9625
1301,台塑,43,2,41,富邦-竹東,2024-01-16,9625
00881,國泰台灣5G+,41,0,41,富邦-竹東,2024-01-16,9625
6245,立端,41,1,40,富邦-竹東,2024-01-16,9625
2405,輔信,56,19,37,富邦-竹東,2024-01-16,9625
6789,采鈺,49,16,33,富邦-竹東,2024-01-16,9625
6125,廣運,33,1,32,富邦-竹東,2024-01-16,9625
2353,宏��,76,46,30,富邦-竹東,2024-01-16,9625
2002,中鋼,32,3,29,富邦-竹東,2024-01-16,9625
2382,廣達,32,4,28,富邦-竹東,2024-01-16,9625
2356,英業達,33,6,27,富邦-竹東,2024-01-16,9625
2610,華航,26,0,26,富邦-竹東,2024-01-16,9625
2801,彰銀,25,0,25,富邦-竹東,2024-01-16,9625
00770,國泰北美科技,43,18,25,富邦-竹東,2024-01-16,9625
2486,一詮,39,14,25,富邦-竹東,2024-01-16,9625
00679B,元大美債20年,25,0,25,富邦-竹東,2024-01-16,9625
5880,合庫金,24,0,24,富邦-竹東,2024-01-16,9625
3231,緯創,64,42,22,富邦-竹東,2024-01-16,9625
00904,新光臺灣半導體30,21,0,21,富邦-竹東,2024-01-16,9625
3694,海華,44,24,20,富邦-竹東,2024-01-16,9625
2460,建通,22,2,20,富邦-竹東,2024-01-16,9625
8096,擎亞,154,134,20,富邦-竹東,2024-01-16,9625
6117,迎廣,24,5,19,富邦-竹東,2024-01-16,9625
2887,台新金,20,1,19,富邦-竹東,2024-01-16,9625
2888,新光金,19,2,17,富邦-竹東,2024-01-16,9625
00922,國泰台灣領袖50,17,0,17,富邦-竹東,2024-01-16,9625
9919,康那香,26,10,16,富邦-竹東,2024-01-16,9625
2406,國碩,21,5,16,富邦-竹東,2024-01-16,9625
3706,神達,24,8,16,富邦-竹東,2024-01-16,9625
00896,中信綠能及電動車,16,0,16,富邦-竹東,2024-01-16,9625
2501,國建,15,0,15,富邦-竹東,2024-01-16,9625
00751B,元大AAA至A公司債,20,5,15,富邦-竹東,2024-01-16,9625
5351,鈺創,27,13,14,富邦-竹東,2024-01-16,9625
2882,國泰金,14,0,14,富邦-竹東,2024-01-16,9625
3147,大綜,13,0,13,富邦-竹東,2024-01-16,9625
1609,大亞,27,14,13,富邦-竹東,2024-01-16,9625
2449,京元電子,19,7,12,富邦-竹東,2024-01-16,9625
00929,復華台灣科技優息,396,85,311,富邦-竹東,2024-01-17,9625
0056,元大高股息,248,45,203,富邦-竹東,2024-01-17,9625
00919,群益台灣精選高息,299,159,140,富邦-竹東,2024-01-17,9625
00637L,元大滬深300正2,160,20,140,富邦-竹東,2024-01-17,9625
2344,華邦電,131,3,128,富邦-竹東,2024-01-17,9625
5880,合庫金,97,2,95,富邦-竹東,2024-01-17,9625
2303,聯電,93,3,90,富邦-竹東,2024-01-17,9625
00878,國泰永續高股息,99,10,89,富邦-竹東,2024-01-17,9625
00882,中信中國高股息,86,0,86,富邦-竹東,2024-01-17,9625
6770,力積電,86,11,75,富邦-竹東,2024-01-17,9625
00680L,元大美債20正2,52,0,52,富邦-竹東,2024-01-17,9625
2883,凱基金,53,3,50,富邦-竹東,2024-01-17,9625
00773B,中信優先金融債,48,0,48,富邦-竹東,2024-01-17,9625
2887,台新金,49,5,44,富邦-竹東,2024-01-17,9625
00770,國泰北美科技,43,0,43,富邦-竹東,2024-01-17,9625
2002,中鋼,44,4,40,富邦-竹東,2024-01-17,9625
2317,鴻海,49,11,38,富邦-竹東,2024-01-17,9625
2881,富邦金,38,1,37,富邦-竹東,2024-01-17,9625
6789,采鈺,46,12,34,富邦-竹東,2024-01-17,9625
2486,一詮,128,96,32,富邦-竹東,2024-01-17,9625
00753L,中信中國50正2,32,2,30,富邦-竹東,2024-01-17,9625
2353,宏��,87,57,30,富邦-竹東,2024-01-17,9625
00679B,元大美債20年,32,3,29,富邦-竹東,2024-01-17,9625
2888,新光金,29,0,29,富邦-竹東,2024-01-17,9625
1504,東元,31,3,28,富邦-竹東,2024-01-17,9625
00687B,國泰20年美債,25,1,24,富邦-竹東,2024-01-17,9625
1609,大亞,24,1,23,富邦-竹東,2024-01-17,9625
3276,宇環,22,0,22,富邦-竹東,2024-01-17,9625
3025,星通,24,3,21,富邦-竹東,2024-01-17,9625
2312,金寶,21,0,21,富邦-竹東,2024-01-17,9625
6140,訊達,32,11,21,富邦-竹東,2024-01-17,9625
9945,潤泰新,25,4,21,富邦-竹東,2024-01-17,9625
2618,長榮航,28,8,20,富邦-竹東,2024-01-17,9625
00764B,群益25年美債,20,0,20,富邦-竹東,2024-01-17,9625
00720B,元大投資級公司債,20,0,20,富邦-竹東,2024-01-17,9625
6245,立端,20,1,19,富邦-竹東,2024-01-17,9625
00934,中信成長高股息,22,5,17,富邦-竹東,2024-01-17,9625
1304,台聚,17,0,17,富邦-竹東,2024-01-17,9625
2882,國泰金,17,0,17,富邦-竹東,2024-01-17,9625
6530,創威,34,17,17,富邦-竹東,2024-01-17,9625
2371,大同,27,10,17,富邦-竹東,2024-01-17,9625
4563,百德,17,0,17,富邦-竹東,2024-01-17,9625
1301,台塑,19,3,16,富邦-竹東,2024-01-17,9625
4767,誠泰科技,16,0,16,富邦-竹東,2024-01-17,9625
6695,芯鼎,36,20,16,富邦-竹東,2024-01-17,9625
2892,第一金,18,3,15,富邦-竹東,2024-01-17,9625
2609,陽明,34,19,15,富邦-竹東,2024-01-17,9625
8021,尖點,22,7,15,富邦-竹東,2024-01-17,9625
006208,富邦台50,16,1,15,富邦-竹東,2024-01-17,9625
1109,信大,15,0,15,富邦-竹東,2024-01-17,9625
00680L,元大美債20正2,176,0,176,富邦-竹東,2024-01-18,9625
3029,零壹,108,3,105,富邦-竹東,2024-01-18,9625
00669R,國泰美國道瓊反1,100,0,100,富邦-竹東,2024-01-18,9625
00927,群益半導體收益,93,0,93,富邦-竹東,2024-01-18,9625
00632R,元大台灣50反1,83,0,83,富邦-竹東,2024-01-18,9625
2409,友達,73,18,55,富邦-竹東,2024-01-18,9625
3149,正達,58,3,55,富邦-竹東,2024-01-18,9625
00637L,元大滬深300正2,292,241,51,富邦-竹東,2024-01-18,9625
3321,同泰,50,0,50,富邦-竹東,2024-01-18,9625
2883,凱基金,50,4,46,富邦-竹東,2024-01-18,9625
00919,群益台灣精選高息,221,177,44,富邦-竹東,2024-01-18,9625
00756B,群益投等新興公債,44,0,44,富邦-竹東,2024-01-18,9625
0056,元大高股息,78,37,41,富邦-竹東,2024-01-18,9625
00882,中信中國高股息,41,0,41,富邦-竹東,2024-01-18,9625
6245,立端,40,0,40,富邦-竹東,2024-01-18,9625
00933B,國泰10Y+金融債,70,32,38,富邦-竹東,2024-01-18,9625
2303,聯電,56,18,38,富邦-竹東,2024-01-18,9625
5426,振發,203,166,37,富邦-竹東,2024-01-18,9625
2329,華泰,90,55,35,富邦-竹東,2024-01-18,9625
00937B,群益ESG投等債20,32,0,32,富邦-竹東,2024-01-18,9625
2867,三商壽,30,0,30,富邦-竹東,2024-01-18,9625
00878,國泰永續高股息,44,15,29,富邦-竹東,2024-01-18,9625
4960,誠美材,28,0,28,富邦-竹東,2024-01-18,9625
2014,中鴻,30,2,28,富邦-竹東,2024-01-18,9625
4767,誠泰科技,22,2,20,富邦-竹東,2024-01-18,9625
1409,新纖,20,0,20,富邦-竹東,2024-01-18,9625
00728,第一金工業30,20,0,20,富邦-竹東,2024-01-18,9625
2605,新興,20,1,19,富邦-竹東,2024-01-18,9625
2885,元大金,18,2,16,富邦-竹東,2024-01-18,9625
4716,大立,15,0,15,富邦-竹東,2024-01-18,9625
00655L,國泰中國A50正2,14,0,14,富邦-竹東,2024-01-18,9625
5880,合庫金,13,0,13,富邦-竹東,2024-01-18,9625
3231,緯創,49,36,13,富邦-竹東,2024-01-18,9625
6505,台塑化,12,0,12,富邦-竹東,2024-01-18,9625
4979,華星光,13,1,12,富邦-竹東,2024-01-18,9625
3287,廣寰科,63,51,12,富邦-竹東,2024-01-18,9625
6196,帆宣,12,0,12,富邦-竹東,2024-01-18,9625
2421,建準,13,1,12,富邦-竹東,2024-01-18,9625
00757,統一FANG+,12,0,12,富邦-竹東,2024-01-18,9625
9919,康那香,11,0,11,富邦-竹東,2024-01-18,9625
4188,安克,12,1,11,富邦-竹東,2024-01-18,9625
1524,耿鼎,11,0,11,富邦-竹東,2024-01-18,9625
1504,東元,15,5,10,富邦-竹東,2024-01-18,9625
3045,台灣大,10,0,10,富邦-竹東,2024-01-18,9625
3094,聯傑,10,0,10,富邦-竹東,2024-01-18,9625
1529,樂事綠能,10,0,10,富邦-竹東,2024-01-18,9625
00673R,期元大S＆P原油反1,10,0,10,富邦-竹東,2024-01-18,9625
8440,綠電,10,0,10,富邦-竹東,2024-01-18,9625
00922,國泰台灣領袖50,12,2,10,富邦-竹東,2024-01-18,9625
2809,京城銀,11,1,10,富邦-竹東,2024-01-18,9625
00664R,國泰臺灣加權反1,400,0,400,富邦-竹東,2024-01-19,9625
00680L,元大美債20正2,383,0,383,富邦-竹東,2024-01-19,9625
2353,宏��,197,34,163,富邦-竹東,2024-01-19,9625
00929,復華台灣科技優息,168,8,160,富邦-竹東,2024-01-19,9625
00919,群益台灣精選高息,163,76,87,富邦-竹東,2024-01-19,9625
00712,復華富時不動產,74,5,69,富邦-竹東,2024-01-19,9625
2618,長榮航,101,38,63,富邦-竹東,2024-01-19,9625
2885,元大金,61,0,61,富邦-竹東,2024-01-19,9625
00687B,國泰20年美債,83,25,58,富邦-竹東,2024-01-19,9625
3055,蔚華科,114,60,54,富邦-竹東,2024-01-19,9625
00679B,元大美債20年,49,0,49,富邦-竹東,2024-01-19,9625
1101,台泥,46,1,45,富邦-竹東,2024-01-19,9625
2892,第一金,42,0,42,富邦-竹東,2024-01-19,9625
00751B,元大AAA至A公司債,40,0,40,富邦-竹東,2024-01-19,9625
2303,聯電,50,11,39,富邦-竹東,2024-01-19,9625
1514,亞力,63,25,38,富邦-竹東,2024-01-19,9625
2610,華航,38,0,38,富邦-竹東,2024-01-19,9625
00696B,富邦美債20年,38,0,38,富邦-竹東,2024-01-19,9625
2887,台新金,36,0,36,富邦-竹東,2024-01-19,9625
4956,光鋐,91,55,36,富邦-竹東,2024-01-19,9625
2002,中鋼,34,0,34,富邦-竹東,2024-01-19,9625
2492,華新科,32,1,31,富邦-竹東,2024-01-19,9625
00931B,統一美債20年,31,0,31,富邦-竹東,2024-01-19,9625
00937B,群益ESG投等債20,93,62,31,富邦-竹東,2024-01-19,9625
2883,凱基金,59,29,30,富邦-竹東,2024-01-19,9625
3149,正達,29,1,28,富邦-竹東,2024-01-19,9625
00882,中信中國高股息,27,0,27,富邦-竹東,2024-01-19,9625
8096,擎亞,117,91,26,富邦-竹東,2024-01-19,9625
1301,台塑,25,0,25,富邦-竹東,2024-01-19,9625
00904,新光臺灣半導體30,23,0,23,富邦-竹東,2024-01-19,9625
2888,新光金,23,0,23,富邦-竹東,2024-01-19,9625
00655L,國泰中國A50正2,40,18,22,富邦-竹東,2024-01-19,9625
6233,旺玖,41,19,22,富邦-竹東,2024-01-19,9625
00753L,中信中國50正2,22,0,22,富邦-竹東,2024-01-19,9625
6547,高端疫苗,22,0,22,富邦-竹東,2024-01-19,9625
6120,達運,102,81,21,富邦-竹東,2024-01-19,9625
4906,正文,24,4,20,富邦-竹東,2024-01-19,9625
3013,晟銘電,32,13,19,富邦-竹東,2024-01-19,9625
2356,英業達,107,90,17,富邦-竹東,2024-01-19,9625
00764B,群益25年美債,17,0,17,富邦-竹東,2024-01-19,9625
6113,亞矽,19,2,17,富邦-竹東,2024-01-19,9625
6285,啟��,19,3,16,富邦-竹東,2024-01-19,9625
4167,松瑞藥,15,0,15,富邦-竹東,2024-01-19,9625
3588,通嘉,20,6,14,富邦-竹東,2024-01-19,9625
00935,野村臺灣新科技50,23,10,13,富邦-竹東,2024-01-19,9625
2362,藍天,48,36,12,富邦-竹東,2024-01-19,9625
2606,裕民,12,0,12,富邦-竹東,2024-01-19,9625
4960,誠美材,14,2,12,富邦-竹東,2024-01-19,9625
2486,一詮,14,4,10,富邦-竹東,2024-01-19,9625
2484,希華,10,0,10,富邦-竹東,2024-01-19,9625
00671R,富邦NASDAQ反1,943,0,943,富邦-竹東,2024-01-22,9625
00937B,群益ESG投等債20,473,31,442,富邦-竹東,2024-01-22,9625
00857B,永豐20年美公債,200,0,200,富邦-竹東,2024-01-22,9625
00929,復華台灣科技優息,124,20,104,富邦-竹東,2024-01-22,9625
3055,蔚華科,69,0,69,富邦-竹東,2024-01-22,9625
2609,陽明,62,5,57,富邦-竹東,2024-01-22,9625
2353,宏��,101,53,48,富邦-竹東,2024-01-22,9625
3481,群創,67,21,46,富邦-竹東,2024-01-22,9625
3615,安可,133,89,44,富邦-竹東,2024-01-22,9625
8054,安國,53,10,43,富邦-竹東,2024-01-22,9625
1618,合機,43,3,40,富邦-竹東,2024-01-22,9625
00753L,中信中國50正2,42,2,40,富邦-竹東,2024-01-22,9625
3617,碩天,38,0,38,富邦-竹東,2024-01-22,9625
00882,中信中國高股息,60,30,30,富邦-竹東,2024-01-22,9625
6770,力積電,33,5,28,富邦-竹東,2024-01-22,9625
6113,亞矽,28,0,28,富邦-竹東,2024-01-22,9625
1301,台塑,28,1,27,富邦-竹東,2024-01-22,9625
2313,華通,25,0,25,富邦-竹東,2024-01-22,9625
3025,星通,39,15,24,富邦-竹東,2024-01-22,9625
2884,玉山金,23,0,23,富邦-竹東,2024-01-22,9625
8028,昇陽半導體,22,0,22,富邦-竹東,2024-01-22,9625
2338,光罩,21,0,21,富邦-竹東,2024-01-22,9625
2486,一詮,23,2,21,富邦-竹東,2024-01-22,9625
00655L,國泰中國A50正2,20,0,20,富邦-竹東,2024-01-22,9625
6546,正基,20,1,19,富邦-竹東,2024-01-22,9625
2618,長榮航,90,72,18,富邦-竹東,2024-01-22,9625
2344,華邦電,26,8,18,富邦-竹東,2024-01-22,9625
3169,亞信,27,11,16,富邦-竹東,2024-01-22,9625
2885,元大金,13,0,13,富邦-竹東,2024-01-22,9625
1101,台泥,17,4,13,富邦-竹東,2024-01-22,9625
1216,統一,12,0,12,富邦-竹東,2024-01-22,9625
6509,聚和,19,7,12,富邦-竹東,2024-01-22,9625
3588,通嘉,15,4,11,富邦-竹東,2024-01-22,9625
00919,群益台灣精選高息,25,15,10,富邦-竹東,2024-01-22,9625
6120,達運,11,1,10,富邦-竹東,2024-01-22,9625
8111,立��,10,0,10,富邦-竹東,2024-01-22,9625
3645,達邁,10,0,10,富邦-竹東,2024-01-22,9625
9925,新保,10,0,10,富邦-竹東,2024-01-22,9625
5488,松普,10,0,10,富邦-竹東,2024-01-22,9625
4904,遠傳,10,0,10,富邦-竹東,2024-01-22,9625
6207,雷科,10,0,10,富邦-竹東,2024-01-22,9625
8043,蜜望實,10,0,10,富邦-竹東,2024-01-22,9625
6248,沛波,10,0,10,富邦-竹東,2024-01-22,9625
2454,聯發科,10,1,9,富邦-竹東,2024-01-22,9625
3005,神基,10,1,9,富邦-竹東,2024-01-22,9625
3321,同泰,9,0,9,富邦-竹東,2024-01-22,9625
3325,旭品,10,1,9,富邦-竹東,2024-01-22,9625
2331,精英,10,1,9,富邦-竹東,2024-01-22,9625
2337,旺宏,11,2,9,富邦-竹東,2024-01-22,9625
1609,大亞,22,14,8,富邦-竹東,2024-01-22,9625
00664R,國泰臺灣加權反1,400,0,400,富邦-竹東,2024-01-23,9625
00673R,期元大S＆P原油反1,102,0,102,富邦-竹東,2024-01-23,9625
00637L,元大滬深300正2,76,11,65,富邦-竹東,2024-01-23,9625
6770,力積電,65,1,64,富邦-竹東,2024-01-23,9625
00937B,群益ESG投等債20,66,4,62,富邦-竹東,2024-01-23,9625
2329,華泰,115,56,59,富邦-竹東,2024-01-23,9625
2887,台新金,52,0,52,富邦-竹東,2024-01-23,9625
00680L,元大美債20正2,55,5,50,富邦-竹東,2024-01-23,9625
3078,僑威,50,2,48,富邦-竹東,2024-01-23,9625
3617,碩天,46,1,45,富邦-竹東,2024-01-23,9625
2337,旺宏,50,6,44,富邦-竹東,2024-01-23,9625
00696B,富邦美債20年,40,0,40,富邦-竹東,2024-01-23,9625
1618,合機,33,1,32,富邦-竹東,2024-01-23,9625
8054,安國,44,14,30,富邦-竹東,2024-01-23,9625
1529,樂事綠能,30,0,30,富邦-竹東,2024-01-23,9625
2609,陽明,42,13,29,富邦-竹東,2024-01-23,9625
6125,廣運,29,0,29,富邦-竹東,2024-01-23,9625
1301,台塑,26,0,26,富邦-竹東,2024-01-23,9625
2618,長榮航,30,7,23,富邦-竹東,2024-01-23,9625
6233,旺玖,24,2,22,富邦-竹東,2024-01-23,9625
2890,永豐金,22,1,21,富邦-竹東,2024-01-23,9625
00919,群益台灣精選高息,22,1,21,富邦-竹東,2024-01-23,9625
6548,長科*,20,0,20,富邦-竹東,2024-01-23,9625
2014,中鴻,20,0,20,富邦-竹東,2024-01-23,9625
2449,京元電子,21,3,18,富邦-竹東,2024-01-23,9625
6127,九豪,18,0,18,富邦-竹東,2024-01-23,9625
5880,合庫金,16,0,16,富邦-竹東,2024-01-23,9625
2201,裕隆,15,0,15,富邦-竹東,2024-01-23,9625
2365,昆盈,15,0,15,富邦-竹東,2024-01-23,9625
2208,台船,16,2,14,富邦-竹東,2024-01-23,9625
3306,鼎天,13,0,13,富邦-竹東,2024-01-23,9625
2332,友訊,12,0,12,富邦-竹東,2024-01-23,9625
2801,彰銀,11,0,11,富邦-竹東,2024-01-23,9625
1326,台化,11,0,11,富邦-竹東,2024-01-23,9625
3217,優群,11,0,11,富邦-竹東,2024-01-23,9625
8096,擎亞,155,144,11,富邦-竹東,2024-01-23,9625
2520,冠德,11,0,11,富邦-竹東,2024-01-23,9625
1303,南亞,10,0,10,富邦-竹東,2024-01-23,9625
6231,系微,10,0,10,富邦-竹東,2024-01-23,9625
1528,恩德,10,0,10,富邦-竹東,2024-01-23,9625
00891,中信關鍵半導體,10,0,10,富邦-竹東,2024-01-23,9625
6153,嘉聯益,10,0,10,富邦-竹東,2024-01-23,9625
1471,首利,10,0,10,富邦-竹東,2024-01-23,9625
8110,華東,10,0,10,富邦-竹東,2024-01-23,9625
6695,芯鼎,32,22,10,富邦-竹東,2024-01-23,9625
6120,達運,11,2,9,富邦-竹東,2024-01-23,9625
1340,勝悅-KY,8,0,8,富邦-竹東,2024-01-23,9625
4129,聯合,17,9,8,富邦-竹東,2024-01-23,9625
2606,裕民,10,2,8,富邦-竹東,2024-01-23,9625
2636,台驊控股,9,1,8,富邦-竹東,2024-01-23,9625
00937B,群益ESG投等債20,280,21,259,富邦-竹東,2024-01-24,9625
00632R,元大台灣50反1,223,0,223,富邦-竹東,2024-01-24,9625
00687B,國泰20年美債,106,3,103,富邦-竹東,2024-01-24,9625
2743,山富,90,0,90,富邦-竹東,2024-01-24,9625
2409,友達,81,8,73,富邦-竹東,2024-01-24,9625
4714,永捷,61,1,60,富邦-竹東,2024-01-24,9625
00751B,元大AAA至A公司債,57,5,52,富邦-竹東,2024-01-24,9625
6245,立端,53,4,49,富邦-竹東,2024-01-24,9625
6548,長科*,45,0,45,富邦-竹東,2024-01-24,9625
00922,國泰台灣領袖50,44,0,44,富邦-竹東,2024-01-24,9625
00680L,元大美債20正2,43,0,43,富邦-竹東,2024-01-24,9625
8068,全達,38,0,38,富邦-竹東,2024-01-24,9625
3380,明泰,48,11,37,富邦-竹東,2024-01-24,9625
9105,泰金寶-DR,36,0,36,富邦-竹東,2024-01-24,9625
1524,耿鼎,35,0,35,富邦-竹東,2024-01-24,9625
00882,中信中國高股息,35,0,35,富邦-竹東,2024-01-24,9625
0056,元大高股息,33,5,28,富邦-竹東,2024-01-24,9625
00637L,元大滬深300正2,32,5,27,富邦-竹東,2024-01-24,9625
5443,均豪,39,12,27,富邦-竹東,2024-01-24,9625
00655L,國泰中國A50正2,26,0,26,富邦-竹東,2024-01-24,9625
00878,國泰永續高股息,36,10,26,富邦-竹東,2024-01-24,9625
8096,擎亞,137,111,26,富邦-竹東,2024-01-24,9625
00933B,國泰10Y+金融債,24,0,24,富邦-竹東,2024-01-24,9625
00753L,中信中國50正2,24,0,24,富邦-竹東,2024-01-24,9625
4909,新復興,154,130,24,富邦-竹東,2024-01-24,9625
2344,華邦電,54,31,23,富邦-竹東,2024-01-24,9625
2492,華新科,24,1,23,富邦-竹東,2024-01-24,9625
2363,矽統,25,3,22,富邦-竹東,2024-01-24,9625
6125,廣運,30,9,21,富邦-竹東,2024-01-24,9625
8034,榮群,22,1,21,富邦-竹東,2024-01-24,9625
4958,臻鼎-KY,20,0,20,富邦-竹東,2024-01-24,9625
00706L,期元大S＆P日圓正2,20,0,20,富邦-竹東,2024-01-24,9625
2739,寒舍,20,0,20,富邦-竹東,2024-01-24,9625
2356,英業達,81,63,18,富邦-竹東,2024-01-24,9625
00720B,元大投資級公司債,25,8,17,富邦-竹東,2024-01-24,9625
4938,和碩,30,13,17,富邦-竹東,2024-01-24,9625
6233,旺玖,37,21,16,富邦-竹東,2024-01-24,9625
00679B,元大美債20年,20,5,15,富邦-竹東,2024-01-24,9625
2390,云辰,19,4,15,富邦-竹東,2024-01-24,9625
8071,能率網通,22,7,15,富邦-竹東,2024-01-24,9625
3545,敦泰,15,1,14,富邦-竹東,2024-01-24,9625
1710,東聯,14,0,14,富邦-竹東,2024-01-24,9625
6531,愛普*,22,8,14,富邦-竹東,2024-01-24,9625
00752,中信中國50,13,0,13,富邦-竹東,2024-01-24,9625
3231,緯創,48,35,13,富邦-竹東,2024-01-24,9625
8936,國統,52,39,13,富邦-竹東,2024-01-24,9625
1529,樂事綠能,12,0,12,富邦-竹東,2024-01-24,9625
2889,國票金,12,0,12,富邦-竹東,2024-01-24,9625
8088,品安,34,22,12,富邦-竹東,2024-01-24,9625
1514,亞力,18,7,11,富邦-竹東,2024-01-24,9625
00673R,期元大S＆P原油反1,1500,0,1500,富邦-竹東,2024-01-25,9625
00664R,國泰臺灣加權反1,200,0,200,富邦-竹東,2024-01-25,9625
2363,矽統,207,15,192,富邦-竹東,2024-01-25,9625
00937B,群益ESG投等債20,154,47,107,富邦-竹東,2024-01-25,9625
6182,合晶,71,0,71,富邦-竹東,2024-01-25,9625
00929,復華台灣科技優息,100,38,62,富邦-竹東,2024-01-25,9625
2313,華通,52,4,48,富邦-竹東,2024-01-25,9625
6116,彩晶,48,8,40,富邦-竹東,2024-01-25,9625
3588,通嘉,34,0,34,富邦-竹東,2024-01-25,9625
00688L,國泰20年美債正2,30,0,30,富邦-竹東,2024-01-25,9625
6229,研通,30,1,29,富邦-竹東,2024-01-25,9625
6245,立端,25,0,25,富邦-竹東,2024-01-25,9625
2344,華邦電,33,8,25,富邦-竹東,2024-01-25,9625
8105,凌巨,35,12,23,富邦-竹東,2024-01-25,9625
6806,森崴能源,23,1,22,富邦-竹東,2024-01-25,9625
00687B,國泰20年美債,22,0,22,富邦-竹東,2024-01-25,9625
2492,華新科,21,1,20,富邦-竹東,2024-01-25,9625
00671R,富邦NASDAQ反1,20,0,20,富邦-竹東,2024-01-25,9625
00655L,國泰中國A50正2,20,0,20,富邦-竹東,2024-01-25,9625
00931B,統一美債20年,19,0,19,富邦-竹東,2024-01-25,9625
2421,建準,21,3,18,富邦-竹東,2024-01-25,9625
4967,十銓,18,0,18,富邦-竹東,2024-01-25,9625
2208,台船,16,0,16,富邦-竹東,2024-01-25,9625
2390,云辰,15,0,15,富邦-竹東,2024-01-25,9625
2371,大同,15,1,14,富邦-竹東,2024-01-25,9625
6237,驊訊,17,3,14,富邦-竹東,2024-01-25,9625
00679B,元大美債20年,38,25,13,富邦-竹東,2024-01-25,9625
00933B,國泰10Y+金融債,15,2,13,富邦-竹東,2024-01-25,9625
00882,中信中國高股息,12,0,12,富邦-竹東,2024-01-25,9625
6125,廣運,12,0,12,富邦-竹東,2024-01-25,9625
2609,陽明,19,7,12,富邦-竹東,2024-01-25,9625
3231,緯創,132,121,11,富邦-竹東,2024-01-25,9625
3693,營邦,12,1,11,富邦-竹東,2024-01-25,9625
2002,中鋼,13,2,11,富邦-竹東,2024-01-25,9625
00720B,元大投資級公司債,15,4,11,富邦-竹東,2024-01-25,9625
2409,友達,14,3,11,富邦-竹東,2024-01-25,9625
00696B,富邦美債20年,11,0,11,富邦-竹東,2024-01-25,9625
00795B,中信美國公債20年,11,0,11,富邦-竹東,2024-01-25,9625
1529,樂事綠能,12,1,11,富邦-竹東,2024-01-25,9625
2506,太設,10,0,10,富邦-竹東,2024-01-25,9625
2241,艾姆勒,10,0,10,富邦-竹東,2024-01-25,9625
1582,信錦,10,0,10,富邦-竹東,2024-01-25,9625
00757,統一FANG+,10,0,10,富邦-竹東,2024-01-25,9625
00751B,元大AAA至A公司債,14,4,10,富邦-竹東,2024-01-25,9625
00902,中信電池及儲能,10,0,10,富邦-竹東,2024-01-25,9625
6548,長科*,10,0,10,富邦-竹東,2024-01-25,9625
3483,力致,12,2,10,富邦-竹東,2024-01-25,9625
00680L,元大美債20正2,9,0,9,富邦-竹東,2024-01-25,9625
5490,同亨,11,2,9,富邦-竹東,2024-01-25,9625
5521,工信,9,0,9,富邦-竹東,2024-01-25,9625
00632R,元大台灣50反1,698,0,698,富邦-竹東,2024-01-26,9625
00878,國泰永續高股息,233,55,178,富邦-竹東,2024-01-26,9625
2303,聯電,146,41,105,富邦-竹東,2024-01-26,9625
2324,仁寶,74,5,69,富邦-竹東,2024-01-26,9625
00934,中信成長高股息,56,0,56,富邦-竹東,2024-01-26,9625
6548,長科*,55,0,55,富邦-竹東,2024-01-26,9625
00919,群益台灣精選高息,66,11,55,富邦-竹東,2024-01-26,9625
00720B,元大投資級公司債,50,0,50,富邦-竹東,2024-01-26,9625
2349,錸德,50,0,50,富邦-竹東,2024-01-26,9625
00637L,元大滬深300正2,50,4,46,富邦-竹東,2024-01-26,9625
3149,正達,45,1,44,富邦-竹東,2024-01-26,9625
00933B,國泰10Y+金融債,36,0,36,富邦-竹東,2024-01-26,9625
3231,緯創,87,53,34,富邦-竹東,2024-01-26,9625
3360,尚立,35,4,31,富邦-竹東,2024-01-26,9625
9105,泰金寶-DR,30,4,26,富邦-竹東,2024-01-26,9625
00687B,國泰20年美債,26,0,26,富邦-竹東,2024-01-26,9625
2329,華泰,70,46,24,富邦-竹東,2024-01-26,9625
6229,研通,27,5,22,富邦-竹東,2024-01-26,9625
1539,巨庭,20,0,20,富邦-竹東,2024-01-26,9625
8105,凌巨,20,0,20,富邦-竹東,2024-01-26,9625
6235,華孚,21,2,19,富邦-竹東,2024-01-26,9625
8072,陞泰,18,0,18,富邦-竹東,2024-01-26,9625
00918,大華優利高填息30,18,0,18,富邦-竹東,2024-01-26,9625
2382,廣達,24,7,17,富邦-竹東,2024-01-26,9625
2344,華邦電,30,14,16,富邦-竹東,2024-01-26,9625
3312,弘憶股,16,0,16,富邦-竹東,2024-01-26,9625
2520,冠德,17,1,16,富邦-竹東,2024-01-26,9625
2356,英業達,36,20,16,富邦-竹東,2024-01-26,9625
00904,新光臺灣半導體30,15,0,15,富邦-竹東,2024-01-26,9625
6188,廣明,15,0,15,富邦-竹東,2024-01-26,9625
6257,矽格,25,10,15,富邦-竹東,2024-01-26,9625
3037,欣興,16,2,14,富邦-竹東,2024-01-26,9625
00679B,元大美債20年,13,0,13,富邦-竹東,2024-01-26,9625
2449,京元電子,18,5,13,富邦-竹東,2024-01-26,9625
00673R,期元大S＆P原油反1,13,0,13,富邦-竹東,2024-01-26,9625
00936,台新永續高息中小,12,0,12,富邦-竹東,2024-01-26,9625
8210,勤誠,18,6,12,富邦-竹東,2024-01-26,9625
8027,鈦昇,22,10,12,富邦-竹東,2024-01-26,9625
4909,新復興,35,23,12,富邦-竹東,2024-01-26,9625
6785,昱展新藥,12,1,11,富邦-竹東,2024-01-26,9625
00753L,中信中國50正2,11,0,11,富邦-竹東,2024-01-26,9625
3005,神基,16,5,11,富邦-竹東,2024-01-26,9625
5469,瀚宇博,19,8,11,富邦-竹東,2024-01-26,9625
3035,智原,13,3,10,富邦-竹東,2024-01-26,9625
00888,永豐台灣ESG,10,0,10,富邦-竹東,2024-01-26,9625
2633,台灣高鐵,10,0,10,富邦-竹東,2024-01-26,9625
3169,亞信,20,10,10,富邦-竹東,2024-01-26,9625
4164,承業醫,10,0,10,富邦-竹東,2024-01-26,9625
00706L,期元大S＆P日圓正2,10,0,10,富邦-竹東,2024-01-26,9625
00907,永豐優息存股,10,0,10,富邦-竹東,2024-01-26,9625
00937B,群益ESG投等債20,72,0,72,富邦-竹東,2024-01-29,9625
2356,英業達,69,7,62,富邦-竹東,2024-01-29,9625
2303,聯電,61,5,56,富邦-竹東,2024-01-29,9625
2344,華邦電,68,14,54,富邦-竹東,2024-01-29,9625
00673R,期元大S＆P原油反1,37,0,37,富邦-竹東,2024-01-29,9625
2520,冠德,36,4,32,富邦-竹東,2024-01-29,9625
5234,達興材料,28,1,27,富邦-竹東,2024-01-29,9625
00687B,國泰20年美債,26,0,26,富邦-竹東,2024-01-29,9625
2329,華泰,30,6,24,富邦-竹東,2024-01-29,9625
00679B,元大美債20年,22,0,22,富邦-竹東,2024-01-29,9625
4157,太景*-KY,20,0,20,富邦-竹東,2024-01-29,9625
6143,振曜,19,0,19,富邦-竹東,2024-01-29,9625
4588,玖鼎電力,18,1,17,富邦-竹東,2024-01-29,9625
2208,台船,15,1,14,富邦-竹東,2024-01-29,9625
2337,旺宏,14,0,14,富邦-竹東,2024-01-29,9625
2352,佳世達,23,9,14,富邦-竹東,2024-01-29,9625
2363,矽統,14,1,13,富邦-竹東,2024-01-29,9625
9105,泰金寶-DR,28,15,13,富邦-竹東,2024-01-29,9625
6405,悅城,12,0,12,富邦-竹東,2024-01-29,9625
8069,元太,15,4,11,富邦-竹東,2024-01-29,9625
5469,瀚宇博,20,9,11,富邦-竹東,2024-01-29,9625
2486,一詮,16,5,11,富邦-竹東,2024-01-29,9625
8064,東捷,19,8,11,富邦-竹東,2024-01-29,9625
3032,偉訓,12,1,11,富邦-竹東,2024-01-29,9625
2939,永邑-KY,10,0,10,富邦-竹東,2024-01-29,9625
3047,訊舟,14,4,10,富邦-竹東,2024-01-29,9625
00701,國泰股利精選30,10,0,10,富邦-竹東,2024-01-29,9625
00752,中信中國50,10,0,10,富邦-竹東,2024-01-29,9625
1418,東華,10,0,10,富邦-竹東,2024-01-29,9625
5880,合庫金,10,0,10,富邦-竹東,2024-01-29,9625
6743,安普新,10,0,10,富邦-竹東,2024-01-29,9625
00632R,元大台灣50反1,10,0,10,富邦-竹東,2024-01-29,9625
1309,台達化,10,0,10,富邦-竹東,2024-01-29,9625
3588,通嘉,17,8,9,富邦-竹東,2024-01-29,9625
00935,野村臺灣新科技50,11,2,9,富邦-竹東,2024-01-29,9625
3006,晶豪科,19,10,9,富邦-竹東,2024-01-29,9625
2258,鴻華先進-創,9,0,9,富邦-竹東,2024-01-29,9625
6147,頎邦,9,0,9,富邦-竹東,2024-01-29,9625
2449,京元電子,11,2,9,富邦-竹東,2024-01-29,9625
00919,群益台灣精選高息,37,29,8,富邦-竹東,2024-01-29,9625
6117,迎廣,14,6,8,富邦-竹東,2024-01-29,9625
4979,華星光,7,0,7,富邦-竹東,2024-01-29,9625
8059,凱碩,7,0,7,富邦-竹東,2024-01-29,9625
1513,中興電,8,1,7,富邦-竹東,2024-01-29,9625
00720B,元大投資級公司債,7,0,7,富邦-竹東,2024-01-29,9625
00751B,元大AAA至A公司債,8,1,7,富邦-竹東,2024-01-29,9625
6229,研通,104,97,7,富邦-竹東,2024-01-29,9625
8034,榮群,7,0,7,富邦-竹東,2024-01-29,9625
5490,同亨,6,0,6,富邦-竹東,2024-01-29,9625
2731,雄獅,6,0,6,富邦-竹東,2024-01-29,9625
00673R,期元大S＆P原油反1,366,15,351,富邦-竹東,2024-01-30,9625
00665L,富邦�琤肭磪囓�2,319,2,317,富邦-竹東,2024-01-30,9625
00632R,元大台灣50反1,213,10,203,富邦-竹東,2024-01-30,9625
00664R,國泰臺灣加權反1,200,0,200,富邦-竹東,2024-01-30,9625
00680L,元大美債20正2,113,0,113,富邦-竹東,2024-01-30,9625
00679B,元大美債20年,110,0,110,富邦-竹東,2024-01-30,9625
2353,宏��,107,1,106,富邦-竹東,2024-01-30,9625
00937B,群益ESG投等債20,121,16,105,富邦-竹東,2024-01-30,9625
00687B,國泰20年美債,105,8,97,富邦-竹東,2024-01-30,9625
6108,競國,56,0,56,富邦-竹東,2024-01-30,9625
3706,神達,72,16,56,富邦-竹東,2024-01-30,9625
3231,緯創,108,62,46,富邦-竹東,2024-01-30,9625
3481,群創,464,430,34,富邦-竹東,2024-01-30,9625
00753L,中信中國50正2,33,0,33,富邦-竹東,2024-01-30,9625
2412,中華電,32,0,32,富邦-竹東,2024-01-30,9625
5202,力新,33,1,32,富邦-竹東,2024-01-30,9625
6182,合晶,31,0,31,富邦-竹東,2024-01-30,9625
6770,力積電,44,15,29,富邦-竹東,2024-01-30,9625
5443,均豪,40,13,27,富邦-竹東,2024-01-30,9625
3038,全台,30,3,27,富邦-竹東,2024-01-30,9625
00904,新光臺灣半導體30,25,0,25,富邦-竹東,2024-01-30,9625
2492,華新科,23,0,23,富邦-竹東,2024-01-30,9625
1718,中纖,23,0,23,富邦-竹東,2024-01-30,9625
5880,合庫金,23,0,23,富邦-竹東,2024-01-30,9625
1301,台塑,22,0,22,富邦-竹東,2024-01-30,9625
2520,冠德,20,0,20,富邦-竹東,2024-01-30,9625
2349,錸德,20,0,20,富邦-竹東,2024-01-30,9625
00715L,期街口布蘭特正2,32,13,19,富邦-竹東,2024-01-30,9625
5347,世界,17,0,17,富邦-竹東,2024-01-30,9625
2409,友達,20,3,17,富邦-竹東,2024-01-30,9625
2355,敬鵬,16,0,16,富邦-竹東,2024-01-30,9625
4729,熒茂,18,2,16,富邦-竹東,2024-01-30,9625
3380,明泰,40,25,15,富邦-竹東,2024-01-30,9625
3535,晶彩科,21,7,14,富邦-竹東,2024-01-30,9625
3260,威剛,14,0,14,富邦-竹東,2024-01-30,9625
1529,樂事綠能,14,0,14,富邦-竹東,2024-01-30,9625
6165,浪凡,15,1,14,富邦-竹東,2024-01-30,9625
1101,台泥,14,0,14,富邦-竹東,2024-01-30,9625
3437,榮創,14,1,13,富邦-竹東,2024-01-30,9625
2887,台新金,13,0,13,富邦-竹東,2024-01-30,9625
2390,云辰,13,2,11,富邦-竹東,2024-01-30,9625
8088,品安,13,2,11,富邦-竹東,2024-01-30,9625
6462,神盾,17,6,11,富邦-竹東,2024-01-30,9625
2886,兆豐金,10,0,10,富邦-竹東,2024-01-30,9625
2206,三陽工業,10,0,10,富邦-竹東,2024-01-30,9625
6163,華電網,10,0,10,富邦-竹東,2024-01-30,9625
5234,達興材料,10,0,10,富邦-竹東,2024-01-30,9625
2745,五福,10,0,10,富邦-竹東,2024-01-30,9625
6548,長科*,10,0,10,富邦-竹東,2024-01-30,9625
4542,科嶠,10,0,10,富邦-竹東,2024-01-30,9625
00929,復華台灣科技優息,184,49,135,富邦-竹東,2024-01-31,9625
6138,茂達,122,2,120,富邦-竹東,2024-01-31,9625
00665L,富邦�琤肭磪囓�2,102,0,102,富邦-竹東,2024-01-31,9625
00937B,群益ESG投等債20,130,39,91,富邦-竹東,2024-01-31,9625
00687B,國泰20年美債,94,20,74,富邦-竹東,2024-01-31,9625
2303,聯電,66,2,64,富邦-竹東,2024-01-31,9625
2356,英業達,57,9,48,富邦-竹東,2024-01-31,9625
00680L,元大美債20正2,46,1,45,富邦-竹東,2024-01-31,9625
00933B,國泰10Y+金融債,42,2,40,富邦-竹東,2024-01-31,9625
3189,景碩,35,0,35,富邦-竹東,2024-01-31,9625
8473,山林水,30,0,30,富邦-竹東,2024-01-31,9625
3025,星通,32,4,28,富邦-竹東,2024-01-31,9625
2002,中鋼,27,4,23,富邦-竹東,2024-01-31,9625
00679B,元大美債20年,22,0,22,富邦-竹東,2024-01-31,9625
3535,晶彩科,33,11,22,富邦-竹東,2024-01-31,9625
2369,菱生,48,28,20,富邦-竹東,2024-01-31,9625
00904,新光臺灣半導體30,20,0,20,富邦-竹東,2024-01-31,9625
2363,矽統,26,6,20,富邦-竹東,2024-01-31,9625
00878,國泰永續高股息,19,0,19,富邦-竹東,2024-01-31,9625
00918,大華優利高填息30,21,2,19,富邦-竹東,2024-01-31,9625
6270,倍微,23,4,19,富邦-竹東,2024-01-31,9625
2883,凱基金,20,4,16,富邦-竹東,2024-01-31,9625
6698,旭暉應材,28,13,15,富邦-竹東,2024-01-31,9625
6488,環球晶,14,0,14,富邦-竹東,2024-01-31,9625
3038,全台,15,1,14,富邦-竹東,2024-01-31,9625
2610,華航,15,1,14,富邦-竹東,2024-01-31,9625
3055,蔚華科,48,34,14,富邦-竹東,2024-01-31,9625
1340,勝悅-KY,14,1,13,富邦-竹東,2024-01-31,9625
8027,鈦昇,25,12,13,富邦-竹東,2024-01-31,9625
8059,凱碩,83,70,13,富邦-竹東,2024-01-31,9625
3374,精材,13,1,12,富邦-竹東,2024-01-31,9625
2603,長榮,15,3,12,富邦-竹東,2024-01-31,9625
3622,洋華,54,43,11,富邦-竹東,2024-01-31,9625
2329,華泰,47,36,11,富邦-竹東,2024-01-31,9625
5880,合庫金,10,0,10,富邦-竹東,2024-01-31,9625
00882,中信中國高股息,10,0,10,富邦-竹東,2024-01-31,9625
1710,東聯,10,0,10,富邦-竹東,2024-01-31,9625
2609,陽明,19,9,10,富邦-竹東,2024-01-31,9625
6120,達運,10,0,10,富邦-竹東,2024-01-31,9625
4432,銘旺實,10,0,10,富邦-竹東,2024-01-31,9625
3163,波若威,15,5,10,富邦-竹東,2024-01-31,9625
00830,國泰費城半導體,9,0,9,富邦-竹東,2024-01-31,9625
6505,台塑化,10,1,9,富邦-竹東,2024-01-31,9625
6257,矽格,10,1,9,富邦-竹東,2024-01-31,9625
2409,友達,10,1,9,富邦-竹東,2024-01-31,9625
2330,台積電,24,15,9,富邦-竹東,2024-01-31,9625
0050,元大台灣50,9,1,8,富邦-竹東,2024-01-31,9625
3260,威剛,10,2,8,富邦-竹東,2024-01-31,9625
2337,旺宏,10,2,8,富邦-竹東,2024-01-31,9625
6166,凌華,8,0,8,富邦-竹東,2024-01-31,9625
00878,國泰永續高股息,161,23,138,富邦-竹東,2024-02-01,9625
2486,一詮,106,8,98,富邦-竹東,2024-02-01,9625
3189,景碩,95,6,89,富邦-竹東,2024-02-01,9625
00687B,國泰20年美債,94,8,86,富邦-竹東,2024-02-01,9625
00937B,群益ESG投等債20,84,8,76,富邦-竹東,2024-02-01,9625
2409,友達,116,45,71,富邦-竹東,2024-02-01,9625
00712,復華富時不動產,69,0,69,富邦-竹東,2024-02-01,9625
3437,榮創,52,0,52,富邦-竹東,2024-02-01,9625
3581,博磊,51,0,51,富邦-竹東,2024-02-01,9625
00665L,富邦�琤肭磪囓�2,51,0,51,富邦-竹東,2024-02-01,9625
3294,英濟,45,0,45,富邦-竹東,2024-02-01,9625
2303,聯電,48,7,41,富邦-竹東,2024-02-01,9625
2812,台中銀,73,36,37,富邦-竹東,2024-02-01,9625
2633,台灣高鐵,33,0,33,富邦-竹東,2024-02-01,9625
00679B,元大美債20年,32,0,32,富邦-竹東,2024-02-01,9625
3033,威健,39,11,28,富邦-竹東,2024-02-01,9625
00929,復華台灣科技優息,66,40,26,富邦-竹東,2024-02-01,9625
6695,芯鼎,51,26,25,富邦-竹東,2024-02-01,9625
6282,康舒,41,17,24,富邦-竹東,2024-02-01,9625
6530,創威,55,31,24,富邦-竹東,2024-02-01,9625
3481,群創,30,6,24,富邦-竹東,2024-02-01,9625
2431,聯昌,20,0,20,富邦-竹東,2024-02-01,9625
9925,新保,20,0,20,富邦-竹東,2024-02-01,9625
8011,台通,20,1,19,富邦-竹東,2024-02-01,9625
4908,前鼎,25,7,18,富邦-竹東,2024-02-01,9625
00927,群益半導體收益,19,1,18,富邦-竹東,2024-02-01,9625
5272,笙科,31,13,18,富邦-竹東,2024-02-01,9625
3325,旭品,18,0,18,富邦-竹東,2024-02-01,9625
2332,友訊,15,0,15,富邦-竹東,2024-02-01,9625
2412,中華電,18,3,15,富邦-竹東,2024-02-01,9625
5351,鈺創,15,0,15,富邦-竹東,2024-02-01,9625
6125,廣運,17,3,14,富邦-竹東,2024-02-01,9625
6257,矽格,14,0,14,富邦-竹東,2024-02-01,9625
00882,中信中國高股息,13,0,13,富邦-竹東,2024-02-01,9625
2364,倫飛,13,0,13,富邦-竹東,2024-02-01,9625
3265,台星科,13,0,13,富邦-竹東,2024-02-01,9625
00919,群益台灣精選高息,14,2,12,富邦-竹東,2024-02-01,9625
8936,國統,136,124,12,富邦-竹東,2024-02-01,9625
2365,昆盈,12,1,11,富邦-竹東,2024-02-01,9625
4904,遠傳,11,0,11,富邦-竹東,2024-02-01,9625
00900,富邦特選高股息30,13,2,11,富邦-竹東,2024-02-01,9625
6168,宏齊,11,0,11,富邦-竹東,2024-02-01,9625
6129,普誠,11,0,11,富邦-竹東,2024-02-01,9625
3206,志豐,11,0,11,富邦-竹東,2024-02-01,9625
2337,旺宏,11,0,11,富邦-竹東,2024-02-01,9625
2330,台積電,18,7,11,富邦-竹東,2024-02-01,9625
6785,昱展新藥,10,0,10,富邦-竹東,2024-02-01,9625
3306,鼎天,10,0,10,富邦-竹東,2024-02-01,9625
3694,海華,34,24,10,富邦-竹東,2024-02-01,9625
2609,陽明,28,18,10,富邦-竹東,2024-02-01,9625
00902,中信電池及儲能,201,0,201,富邦-竹東,2024-02-02,9625
2313,華通,98,4,94,富邦-竹東,2024-02-02,9625
3376,新日興,68,4,64,富邦-竹東,2024-02-02,9625
00715L,期街口布蘭特正2,51,0,51,富邦-竹東,2024-02-02,9625
3287,廣寰科,46,1,45,富邦-竹東,2024-02-02,9625
6116,彩晶,50,10,40,富邦-竹東,2024-02-02,9625
00687B,國泰20年美債,67,30,37,富邦-竹東,2024-02-02,9625
3437,榮創,32,1,31,富邦-竹東,2024-02-02,9625
00712,復華富時不動產,27,0,27,富邦-竹東,2024-02-02,9625
2609,陽明,38,14,24,富邦-竹東,2024-02-02,9625
6259,百徽,24,0,24,富邦-竹東,2024-02-02,9625
2492,華新科,30,7,23,富邦-竹東,2024-02-02,9625
2337,旺宏,24,1,23,富邦-竹東,2024-02-02,9625
5347,世界,26,3,23,富邦-竹東,2024-02-02,9625
2812,台中銀,34,12,22,富邦-竹東,2024-02-02,9625
2467,志聖,36,15,21,富邦-竹東,2024-02-02,9625
2603,長榮,27,7,20,富邦-竹東,2024-02-02,9625
00936,台新永續高息中小,20,0,20,富邦-竹東,2024-02-02,9625
2364,倫飛,36,16,20,富邦-竹東,2024-02-02,9625
2356,英業達,33,14,19,富邦-竹東,2024-02-02,9625
3265,台星科,19,1,18,富邦-竹東,2024-02-02,9625
4906,正文,28,10,18,富邦-竹東,2024-02-02,9625
3615,安可,41,24,17,富邦-竹東,2024-02-02,9625
3149,正達,23,8,15,富邦-竹東,2024-02-02,9625
6147,頎邦,16,1,15,富邦-竹東,2024-02-02,9625
8112,至上,13,0,13,富邦-竹東,2024-02-02,9625
1528,恩德,22,9,13,富邦-竹東,2024-02-02,9625
00637L,元大滬深300正2,18,5,13,富邦-竹東,2024-02-02,9625
3588,通嘉,13,1,12,富邦-竹東,2024-02-02,9625
2486,一詮,14,3,11,富邦-竹東,2024-02-02,9625
1605,華新,11,0,11,富邦-竹東,2024-02-02,9625
8111,立��,11,0,11,富邦-竹東,2024-02-02,9625
3189,景碩,20,9,11,富邦-竹東,2024-02-02,9625
2303,聯電,38,28,10,富邦-竹東,2024-02-02,9625
3036,文曄,30,20,10,富邦-竹東,2024-02-02,9625
3711,日月光投控,10,0,10,富邦-竹東,2024-02-02,9625
4904,遠傳,10,0,10,富邦-竹東,2024-02-02,9625
3234,光環,10,0,10,富邦-竹東,2024-02-02,9625
00891,中信關鍵半導體,10,0,10,富邦-竹東,2024-02-02,9625
2387,精元,10,0,10,富邦-竹東,2024-02-02,9625
4142,國光生,10,0,10,富邦-竹東,2024-02-02,9625
5403,中菲,10,0,10,富邦-竹東,2024-02-02,9625
6505,台塑化,10,0,10,富邦-竹東,2024-02-02,9625
1460,宏遠,10,0,10,富邦-竹東,2024-02-02,9625
2883,凱基金,15,5,10,富邦-竹東,2024-02-02,9625
3481,群創,21,11,10,富邦-竹東,2024-02-02,9625
00929,復華台灣科技優息,103,94,9,富邦-竹東,2024-02-02,9625
6742,澤米,10,1,9,富邦-竹東,2024-02-02,9625
1514,亞力,24,15,9,富邦-竹東,2024-02-02,9625
00882,中信中國高股息,8,0,8,富邦-竹東,2024-02-02,9625
00665L,富邦�琤肭磪囓�2,223,10,213,富邦-竹東,2024-02-05,9625
00680L,元大美債20正2,167,6,161,富邦-竹東,2024-02-05,9625
00902,中信電池及儲能,100,10,90,富邦-竹東,2024-02-05,9625
00937B,群益ESG投等債20,86,0,86,富邦-竹東,2024-02-05,9625
00687B,國泰20年美債,87,3,84,富邦-竹東,2024-02-05,9625
00712,復華富時不動產,85,3,82,富邦-竹東,2024-02-05,9625
00679B,元大美債20年,83,1,82,富邦-竹東,2024-02-05,9625
00715L,期街口布蘭特正2,50,2,48,富邦-竹東,2024-02-05,9625
00929,復華台灣科技優息,81,37,44,富邦-竹東,2024-02-05,9625
2884,玉山金,40,0,40,富邦-竹東,2024-02-05,9625
00933B,國泰10Y+金融債,55,16,39,富邦-竹東,2024-02-05,9625
2344,華邦電,42,3,39,富邦-竹東,2024-02-05,9625
3380,明泰,60,25,35,富邦-竹東,2024-02-05,9625
2002,中鋼,35,0,35,富邦-竹東,2024-02-05,9625
2492,華新科,33,0,33,富邦-竹東,2024-02-05,9625
2618,長榮航,66,34,32,富邦-竹東,2024-02-05,9625
9105,泰金寶-DR,26,0,26,富邦-竹東,2024-02-05,9625
8111,立��,24,0,24,富邦-竹東,2024-02-05,9625
8936,國統,60,37,23,富邦-竹東,2024-02-05,9625
3588,通嘉,24,3,21,富邦-竹東,2024-02-05,9625
2303,聯電,62,42,20,富邦-竹東,2024-02-05,9625
2421,建準,29,9,20,富邦-竹東,2024-02-05,9625
2014,中鴻,20,0,20,富邦-竹東,2024-02-05,9625
2031,新光鋼,20,0,20,富邦-竹東,2024-02-05,9625
6742,澤米,20,0,20,富邦-竹東,2024-02-05,9625
5880,合庫金,27,7,20,富邦-竹東,2024-02-05,9625
00733,富邦臺灣中小,20,2,18,富邦-竹東,2024-02-05,9625
00753L,中信中國50正2,37,20,17,富邦-竹東,2024-02-05,9625
3564,其陽,16,0,16,富邦-竹東,2024-02-05,9625
00882,中信中國高股息,20,5,15,富邦-竹東,2024-02-05,9625
2388,威盛,22,7,15,富邦-竹東,2024-02-05,9625
4714,永捷,17,2,15,富邦-竹東,2024-02-05,9625
6584,南俊國際,14,0,14,富邦-竹東,2024-02-05,9625
2465,麗臺,14,0,14,富邦-竹東,2024-02-05,9625
6743,安普新,14,0,14,富邦-竹東,2024-02-05,9625
2363,矽統,16,3,13,富邦-竹東,2024-02-05,9625
2606,裕民,13,0,13,富邦-竹東,2024-02-05,9625
2609,陽明,13,1,12,富邦-竹東,2024-02-05,9625
2489,瑞軒,12,0,12,富邦-竹東,2024-02-05,9625
6695,芯鼎,24,12,12,富邦-竹東,2024-02-05,9625
2889,國票金,16,5,11,富邦-竹東,2024-02-05,9625
2880,華南金,11,0,11,富邦-竹東,2024-02-05,9625
1513,中興電,12,1,11,富邦-竹東,2024-02-05,9625
3715,定穎投控,12,1,11,富邦-竹東,2024-02-05,9625
1101,台泥,12,1,11,富邦-竹東,2024-02-05,9625
4904,遠傳,10,0,10,富邦-竹東,2024-02-05,9625
4956,光鋐,10,0,10,富邦-竹東,2024-02-05,9625
3189,景碩,11,1,10,富邦-竹東,2024-02-05,9625
4934,太極,10,0,10,富邦-竹東,2024-02-05,9625
8926,台汽電,10,0,10,富邦-竹東,2024-02-05,9625
00937B,群益ESG投等債20,319,0,319,富邦-竹東,2024-02-15,9625
00664R,國泰臺灣加權反1,200,0,200,富邦-竹東,2024-02-15,9625
00933B,國泰10Y+金融債,191,6,185,富邦-竹東,2024-02-15,9625
00680L,元大美債20正2,181,1,180,富邦-竹東,2024-02-15,9625
00687B,國泰20年美債,167,4,163,富邦-竹東,2024-02-15,9625
3481,群創,153,1,152,富邦-竹東,2024-02-15,9625
2618,長榮航,142,3,139,富邦-竹東,2024-02-15,9625
00720B,元大投資級公司債,109,14,95,富邦-竹東,2024-02-15,9625
1529,樂事綠能,76,0,76,富邦-竹東,2024-02-15,9625
00857B,永豐20年美公債,73,0,73,富邦-竹東,2024-02-15,9625
00712,復華富時不動產,71,1,70,富邦-竹東,2024-02-15,9625
00679B,元大美債20年,71,1,70,富邦-竹東,2024-02-15,9625
6245,立端,68,0,68,富邦-竹東,2024-02-15,9625
5864,致和證,55,3,52,富邦-竹東,2024-02-15,9625
00700,富邦�琤肭磪�,50,0,50,富邦-竹東,2024-02-15,9625
2888,新光金,49,5,44,富邦-竹東,2024-02-15,9625
2344,華邦電,72,28,44,富邦-竹東,2024-02-15,9625
1326,台化,42,0,42,富邦-竹東,2024-02-15,9625
2002,中鋼,33,3,30,富邦-竹東,2024-02-15,9625
2301,光寶科,32,4,28,富邦-竹東,2024-02-15,9625
8112,至上,29,1,28,富邦-竹東,2024-02-15,9625
00751B,元大AAA至A公司債,37,14,23,富邦-竹東,2024-02-15,9625
00764B,群益25年美債,21,0,21,富邦-竹東,2024-02-15,9625
2915,潤泰全,20,0,20,富邦-竹東,2024-02-15,9625
00708L,期元大S＆P黃金正2,20,0,20,富邦-竹東,2024-02-15,9625
00655L,國泰中國A50正2,20,0,20,富邦-竹東,2024-02-15,9625
2328,廣宇,20,0,20,富邦-竹東,2024-02-15,9625
00688L,國泰20年美債正2,19,0,19,富邦-竹東,2024-02-15,9625
3036,文曄,27,8,19,富邦-竹東,2024-02-15,9625
2495,普安,23,4,19,富邦-竹東,2024-02-15,9625
1524,耿鼎,19,1,18,富邦-竹東,2024-02-15,9625
00931B,統一美債20年,17,0,17,富邦-竹東,2024-02-15,9625
1231,聯華食,17,0,17,富邦-竹東,2024-02-15,9625
2610,華航,19,3,16,富邦-竹東,2024-02-15,9625
00795B,中信美國公債20年,15,0,15,富邦-竹東,2024-02-15,9625
00725B,國泰投資級公司債,14,0,14,富邦-竹東,2024-02-15,9625
2241,艾姆勒,13,0,13,富邦-竹東,2024-02-15,9625
8011,台通,13,1,12,富邦-竹東,2024-02-15,9625
1513,中興電,13,1,12,富邦-竹東,2024-02-15,9625
1522,堤維西,17,6,11,富邦-竹東,2024-02-15,9625
6695,芯鼎,22,11,11,富邦-竹東,2024-02-15,9625
6505,台塑化,11,0,11,富邦-竹東,2024-02-15,9625
6806,森崴能源,13,2,11,富邦-竹東,2024-02-15,9625
2308,台達電,13,3,10,富邦-竹東,2024-02-15,9625
1109,信大,10,0,10,富邦-竹東,2024-02-15,9625
2634,漢翔,10,0,10,富邦-竹東,2024-02-15,9625
2355,敬鵬,18,8,10,富邦-竹東,2024-02-15,9625
00706L,期元大S＆P日圓正2,10,0,10,富邦-竹東,2024-02-15,9625
1514,亞力,26,16,10,富邦-竹東,2024-02-15,9625
1301,台塑,10,0,10,富邦-竹東,2024-02-15,9625
00673R,期元大S＆P原油反1,430,0,430,富邦-竹東,2024-02-16,9625
00687B,國泰20年美債,283,0,283,富邦-竹東,2024-02-16,9625
00933B,國泰10Y+金融債,126,10,116,富邦-竹東,2024-02-16,9625
00679B,元大美債20年,116,0,116,富邦-竹東,2024-02-16,9625
00878,國泰永續高股息,198,89,109,富邦-竹東,2024-02-16,9625
00725B,國泰投資級公司債,106,0,106,富邦-竹東,2024-02-16,9625
00664R,國泰臺灣加權反1,100,0,100,富邦-竹東,2024-02-16,9625
00638R,元大滬深300反1,100,0,100,富邦-竹東,2024-02-16,9625
00919,群益台灣精選高息,133,41,92,富邦-竹東,2024-02-16,9625
3014,聯陽,102,12,90,富邦-竹東,2024-02-16,9625
2883,凱基金,105,27,78,富邦-竹東,2024-02-16,9625
8112,至上,78,3,75,富邦-竹東,2024-02-16,9625
00937B,群益ESG投等債20,103,32,71,富邦-竹東,2024-02-16,9625
3264,欣銓,50,0,50,富邦-竹東,2024-02-16,9625
3189,景碩,50,0,50,富邦-竹東,2024-02-16,9625
00680L,元大美債20正2,48,3,45,富邦-竹東,2024-02-16,9625
2382,廣達,56,15,41,富邦-竹東,2024-02-16,9625
2888,新光金,42,3,39,富邦-竹東,2024-02-16,9625
00929,復華台灣科技優息,191,153,38,富邦-竹東,2024-02-16,9625
3704,合勤控,31,1,30,富邦-竹東,2024-02-16,9625
6530,創威,38,12,26,富邦-竹東,2024-02-16,9625
1568,倉佑,26,2,24,富邦-竹東,2024-02-16,9625
00931B,統一美債20年,24,0,24,富邦-竹東,2024-02-16,9625
00857B,永豐20年美公債,22,0,22,富邦-竹東,2024-02-16,9625
00795B,中信美國公債20年,21,0,21,富邦-竹東,2024-02-16,9625
6182,合晶,20,0,20,富邦-竹東,2024-02-16,9625
2363,矽統,50,30,20,富邦-竹東,2024-02-16,9625
9105,泰金寶-DR,20,0,20,富邦-竹東,2024-02-16,9625
8996,高力,30,10,20,富邦-竹東,2024-02-16,9625
6125,廣運,32,13,19,富邦-竹東,2024-02-16,9625
00688L,國泰20年美債正2,18,0,18,富邦-竹東,2024-02-16,9625
3338,泰碩,21,3,18,富邦-竹東,2024-02-16,9625
3483,力致,29,11,18,富邦-竹東,2024-02-16,9625
1340,勝悅-KY,16,0,16,富邦-竹東,2024-02-16,9625
2543,皇昌,16,0,16,富邦-竹東,2024-02-16,9625
6218,豪勉,15,0,15,富邦-竹東,2024-02-16,9625
3715,定穎投控,20,5,15,富邦-竹東,2024-02-16,9625
3535,晶彩科,16,1,15,富邦-竹東,2024-02-16,9625
00720B,元大投資級公司債,16,2,14,富邦-竹東,2024-02-16,9625
4767,誠泰科技,18,4,14,富邦-竹東,2024-02-16,9625
6113,亞矽,14,0,14,富邦-竹東,2024-02-16,9625
2364,倫飛,13,0,13,富邦-竹東,2024-02-16,9625
3689,湧德,15,2,13,富邦-竹東,2024-02-16,9625
8926,台汽電,21,9,12,富邦-竹東,2024-02-16,9625
3015,全漢,14,2,12,富邦-竹東,2024-02-16,9625
3360,尚立,12,0,12,富邦-竹東,2024-02-16,9625
00918,大華優利高填息30,11,0,11,富邦-竹東,2024-02-16,9625
3234,光環,15,4,11,富邦-竹東,2024-02-16,9625
5426,振發,17,6,11,富邦-竹東,2024-02-16,9625
8048,德勝,11,0,11,富邦-竹東,2024-02-16,9625
00632R,元大台灣50反1,616,0,616,富邦-竹東,2024-02-19,9625
00665L,富邦�琤肭磪囓�2,490,4,486,富邦-竹東,2024-02-19,9625
00706L,期元大S＆P日圓正2,210,10,200,富邦-竹東,2024-02-19,9625
00937B,群益ESG投等債20,131,0,131,富邦-竹東,2024-02-19,9625
00929,復華台灣科技優息,195,76,119,富邦-竹東,2024-02-19,9625
3047,訊舟,130,23,107,富邦-竹東,2024-02-19,9625
00919,群益台灣精選高息,111,6,105,富邦-竹東,2024-02-19,9625
2633,台灣高鐵,101,1,100,富邦-竹東,2024-02-19,9625
00933B,國泰10Y+金融債,86,8,78,富邦-竹東,2024-02-19,9625
00673R,期元大S＆P原油反1,77,0,77,富邦-竹東,2024-02-19,9625
2365,昆盈,126,50,76,富邦-竹東,2024-02-19,9625
2369,菱生,260,207,53,富邦-竹東,2024-02-19,9625
3163,波若威,74,22,52,富邦-竹東,2024-02-19,9625
2486,一詮,52,2,50,富邦-竹東,2024-02-19,9625
4714,永捷,90,46,44,富邦-竹東,2024-02-19,9625
2515,中工,47,3,44,富邦-竹東,2024-02-19,9625
3715,定穎投控,39,4,35,富邦-竹東,2024-02-19,9625
4510,高鋒,34,0,34,富邦-竹東,2024-02-19,9625
8358,金居,40,6,34,富邦-竹東,2024-02-19,9625
2382,廣達,50,17,33,富邦-竹東,2024-02-19,9625
00679B,元大美債20年,32,0,32,富邦-竹東,2024-02-19,9625
2489,瑞軒,74,44,30,富邦-竹東,2024-02-19,9625
2882,國泰金,39,11,28,富邦-竹東,2024-02-19,9625
1528,恩德,27,2,25,富邦-竹東,2024-02-19,9625
1514,亞力,32,8,24,富邦-竹東,2024-02-19,9625
1513,中興電,56,33,23,富邦-竹東,2024-02-19,9625
3363,上詮,32,9,23,富邦-竹東,2024-02-19,9625
1905,華紙,22,0,22,富邦-竹東,2024-02-19,9625
1314,中石化,25,3,22,富邦-竹東,2024-02-19,9625
2342,茂矽,22,0,22,富邦-竹東,2024-02-19,9625
3231,緯創,56,36,20,富邦-竹東,2024-02-19,9625
00713,元大台灣高息低波,19,0,19,富邦-竹東,2024-02-19,9625
8096,擎亞,127,108,19,富邦-竹東,2024-02-19,9625
6274,台燿,20,1,19,富邦-竹東,2024-02-19,9625
2355,敬鵬,43,25,18,富邦-竹東,2024-02-19,9625
00687B,國泰20年美債,48,30,18,富邦-竹東,2024-02-19,9625
4939,亞電,21,4,17,富邦-竹東,2024-02-19,9625
8936,國統,39,23,16,富邦-竹東,2024-02-19,9625
2618,長榮航,19,3,16,富邦-竹東,2024-02-19,9625
1618,合機,15,0,15,富邦-竹東,2024-02-19,9625
6120,達運,17,2,15,富邦-竹東,2024-02-19,9625
6259,百徽,15,0,15,富邦-竹東,2024-02-19,9625
3147,大綜,14,0,14,富邦-竹東,2024-02-19,9625
2492,華新科,15,1,14,富邦-竹東,2024-02-19,9625
2352,佳世達,15,1,14,富邦-竹東,2024-02-19,9625
2330,台積電,19,5,14,富邦-竹東,2024-02-19,9625
3035,智原,27,13,14,富邦-竹東,2024-02-19,9625
3515,華擎,13,0,13,富邦-竹東,2024-02-19,9625
00931B,統一美債20年,13,0,13,富邦-竹東,2024-02-19,9625
3338,泰碩,15,2,13,富邦-竹東,2024-02-19,9625
00937B,群益ESG投等債20,177,33,144,富邦-竹東,2024-02-20,9625
00664R,國泰臺灣加權反1,100,0,100,富邦-竹東,2024-02-20,9625
00687B,國泰20年美債,78,6,72,富邦-竹東,2024-02-20,9625
2369,菱生,111,40,71,富邦-竹東,2024-02-20,9625
3231,緯創,67,23,44,富邦-竹東,2024-02-20,9625
1717,長興,39,2,37,富邦-竹東,2024-02-20,9625
2329,華泰,75,39,36,富邦-竹東,2024-02-20,9625
3437,榮創,38,4,34,富邦-竹東,2024-02-20,9625
00878,國泰永續高股息,47,14,33,富邦-竹東,2024-02-20,9625
1809,中釉,47,15,32,富邦-竹東,2024-02-20,9625
5608,四維航,32,2,30,富邦-竹東,2024-02-20,9625
6282,康舒,114,85,29,富邦-竹東,2024-02-20,9625
2390,云辰,28,0,28,富邦-竹東,2024-02-20,9625
2609,陽明,39,12,27,富邦-竹東,2024-02-20,9625
4952,凌通,27,0,27,富邦-竹東,2024-02-20,9625
4714,永捷,111,85,26,富邦-竹東,2024-02-20,9625
3025,星通,28,2,26,富邦-竹東,2024-02-20,9625
5351,鈺創,40,14,26,富邦-竹東,2024-02-20,9625
00753L,中信中國50正2,25,0,25,富邦-竹東,2024-02-20,9625
4960,誠美材,37,12,25,富邦-竹東,2024-02-20,9625
2367,燿華,55,30,25,富邦-竹東,2024-02-20,9625
5225,東科-KY,24,0,24,富邦-竹東,2024-02-20,9625
00679B,元大美債20年,24,0,24,富邦-竹東,2024-02-20,9625
00929,復華台灣科技優息,209,187,22,富邦-竹東,2024-02-20,9625
2363,矽統,27,5,22,富邦-竹東,2024-02-20,9625
4510,高鋒,22,0,22,富邦-竹東,2024-02-20,9625
3163,波若威,50,28,22,富邦-竹東,2024-02-20,9625
3035,智原,24,3,21,富邦-竹東,2024-02-20,9625
5381,合正,25,4,21,富邦-竹東,2024-02-20,9625
1229,聯華,19,0,19,富邦-竹東,2024-02-20,9625
3607,谷崧,27,8,19,富邦-竹東,2024-02-20,9625
2449,京元電子,19,1,18,富邦-竹東,2024-02-20,9625
3321,同泰,18,0,18,富邦-竹東,2024-02-20,9625
2344,華邦電,17,1,16,富邦-竹東,2024-02-20,9625
6125,廣運,25,9,16,富邦-竹東,2024-02-20,9625
1609,大亞,17,1,16,富邦-竹東,2024-02-20,9625
2409,友達,16,0,16,富邦-竹東,2024-02-20,9625
2882,國泰金,19,3,16,富邦-竹東,2024-02-20,9625
3032,偉訓,24,9,15,富邦-竹東,2024-02-20,9625
6259,百徽,15,0,15,富邦-竹東,2024-02-20,9625
4743,合一,15,0,15,富邦-竹東,2024-02-20,9625
4909,新復興,16,1,15,富邦-竹東,2024-02-20,9625
3014,聯陽,15,1,14,富邦-竹東,2024-02-20,9625
00931B,統一美債20年,13,0,13,富邦-竹東,2024-02-20,9625
6108,競國,13,0,13,富邦-竹東,2024-02-20,9625
00751B,元大AAA至A公司債,13,0,13,富邦-竹東,2024-02-20,9625
2382,廣達,22,9,13,富邦-竹東,2024-02-20,9625
3287,廣寰科,12,0,12,富邦-竹東,2024-02-20,9625
1416,廣豐,12,0,12,富邦-竹東,2024-02-20,9625
00935,野村臺灣新科技50,12,0,12,富邦-竹東,2024-02-20,9625
00632R,元大台灣50反1,160,0,160,富邦-竹東,2024-02-21,9625
00687B,國泰20年美債,155,0,155,富邦-竹東,2024-02-21,9625
00878,國泰永續高股息,153,0,153,富邦-竹東,2024-02-21,9625
00712,復華富時不動產,127,0,127,富邦-竹東,2024-02-21,9625
00933B,國泰10Y+金融債,214,89,125,富邦-竹東,2024-02-21,9625
2883,凱基金,112,0,112,富邦-竹東,2024-02-21,9625
5512,力麒,101,0,101,富邦-竹東,2024-02-21,9625
6265,方土昶,117,20,97,富邦-竹東,2024-02-21,9625
00937B,群益ESG投等債20,94,3,91,富邦-竹東,2024-02-21,9625
3617,碩天,93,8,85,富邦-竹東,2024-02-21,9625
00929,復華台灣科技優息,141,68,73,富邦-竹東,2024-02-21,9625
3231,緯創,102,32,70,富邦-竹東,2024-02-21,9625
1101,台泥,67,1,66,富邦-竹東,2024-02-21,9625
00696B,富邦美債20年,50,0,50,富邦-竹東,2024-02-21,9625
00679B,元大美債20年,50,2,48,富邦-竹東,2024-02-21,9625
2609,陽明,80,34,46,富邦-竹東,2024-02-21,9625
00919,群益台灣精選高息,90,47,43,富邦-竹東,2024-02-21,9625
9105,泰金寶-DR,43,1,42,富邦-竹東,2024-02-21,9625
2409,友達,38,2,36,富邦-竹東,2024-02-21,9625
2390,云辰,34,0,34,富邦-竹東,2024-02-21,9625
2025,千興,32,0,32,富邦-竹東,2024-02-21,9625
2501,國建,30,0,30,富邦-竹東,2024-02-21,9625
3035,智原,38,9,29,富邦-竹東,2024-02-21,9625
2617,台航,31,2,29,富邦-竹東,2024-02-21,9625
6282,康舒,31,6,25,富邦-竹東,2024-02-21,9625
1340,勝悅-KY,26,1,25,富邦-竹東,2024-02-21,9625
2353,宏��,29,4,25,富邦-竹東,2024-02-21,9625
3483,力致,26,1,25,富邦-竹東,2024-02-21,9625
1316,上曜,40,15,25,富邦-竹東,2024-02-21,9625
5515,建國,27,3,24,富邦-竹東,2024-02-21,9625
3437,榮創,25,2,23,富邦-竹東,2024-02-21,9625
00680L,元大美債20正2,20,0,20,富邦-竹東,2024-02-21,9625
00688L,國泰20年美債正2,20,0,20,富邦-竹東,2024-02-21,9625
8086,宏捷科,22,2,20,富邦-竹東,2024-02-21,9625
1785,光洋科,22,2,20,富邦-竹東,2024-02-21,9625
3313,斐成,20,1,19,富邦-竹東,2024-02-21,9625
3689,湧德,26,7,19,富邦-竹東,2024-02-21,9625
6189,豐藝,24,5,19,富邦-竹東,2024-02-21,9625
2369,菱生,38,20,18,富邦-竹東,2024-02-21,9625
2332,友訊,20,2,18,富邦-竹東,2024-02-21,9625
2484,希華,18,0,18,富邦-竹東,2024-02-21,9625
1524,耿鼎,20,2,18,富邦-竹東,2024-02-21,9625
2382,廣達,23,6,17,富邦-竹東,2024-02-21,9625
00881,國泰台灣5G+,16,0,16,富邦-竹東,2024-02-21,9625
6191,精成科,16,0,16,富邦-竹東,2024-02-21,9625
5258,虹堡,28,12,16,富邦-竹東,2024-02-21,9625
3481,群創,30,15,15,富邦-竹東,2024-02-21,9625
5225,東科-KY,14,0,14,富邦-竹東,2024-02-21,9625
6152,百一,14,0,14,富邦-竹東,2024-02-21,9625
00882,中信中國高股息,31,17,14,富邦-竹東,2024-02-21,9625
00687B,國泰20年美債,218,3,215,富邦-竹東,2024-02-22,9625
00753L,中信中國50正2,84,0,84,富邦-竹東,2024-02-22,9625
00937B,群益ESG投等債20,99,17,82,富邦-竹東,2024-02-22,9625
1447,力鵬,76,0,76,富邦-竹東,2024-02-22,9625
3231,緯創,107,35,72,富邦-竹東,2024-02-22,9625
3163,波若威,98,27,71,富邦-竹東,2024-02-22,9625
00878,國泰永續高股息,77,9,68,富邦-竹東,2024-02-22,9625
00933B,國泰10Y+金融債,66,4,62,富邦-竹東,2024-02-22,9625
4909,新復興,50,1,49,富邦-竹東,2024-02-22,9625
5272,笙科,83,37,46,富邦-竹東,2024-02-22,9625
00637L,元大滬深300正2,47,7,40,富邦-竹東,2024-02-22,9625
5443,均豪,70,31,39,富邦-竹東,2024-02-22,9625
2356,英業達,57,19,38,富邦-竹東,2024-02-22,9625
2376,技嘉,43,6,37,富邦-竹東,2024-02-22,9625
00680L,元大美債20正2,36,0,36,富邦-竹東,2024-02-22,9625
1513,中興電,55,24,31,富邦-竹東,2024-02-22,9625
00665L,富邦�琤肭磪囓�2,30,0,30,富邦-竹東,2024-02-22,9625
3535,晶彩科,29,0,29,富邦-竹東,2024-02-22,9625
2884,玉山金,30,1,29,富邦-竹東,2024-02-22,9625
3221,台嘉碩,44,15,29,富邦-竹東,2024-02-22,9625
2371,大同,31,4,27,富邦-竹東,2024-02-22,9625
6126,信音,27,2,25,富邦-竹東,2024-02-22,9625
2390,云辰,24,0,24,富邦-竹東,2024-02-22,9625
00688L,國泰20年美債正2,23,0,23,富邦-竹東,2024-02-22,9625
8289,泰藝,22,0,22,富邦-竹東,2024-02-22,9625
00673R,期元大S＆P原油反1,22,0,22,富邦-竹東,2024-02-22,9625
2489,瑞軒,321,299,22,富邦-竹東,2024-02-22,9625
3232,昱捷,20,0,20,富邦-竹東,2024-02-22,9625
00795B,中信美國公債20年,19,0,19,富邦-竹東,2024-02-22,9625
8110,華東,34,15,19,富邦-竹東,2024-02-22,9625
2618,長榮航,21,3,18,富邦-竹東,2024-02-22,9625
1618,合機,20,2,18,富邦-竹東,2024-02-22,9625
4714,永捷,19,1,18,富邦-竹東,2024-02-22,9625
6274,台燿,18,1,17,富邦-竹東,2024-02-22,9625
6530,創威,24,7,17,富邦-竹東,2024-02-22,9625
3663,鑫科,16,0,16,富邦-竹東,2024-02-22,9625
1560,中砂,28,12,16,富邦-竹東,2024-02-22,9625
6233,旺玖,18,3,15,富邦-竹東,2024-02-22,9625
00679B,元大美債20年,15,0,15,富邦-竹東,2024-02-22,9625
00720B,元大投資級公司債,14,0,14,富邦-竹東,2024-02-22,9625
3710,連展投控,14,0,14,富邦-竹東,2024-02-22,9625
3363,上詮,37,23,14,富邦-竹東,2024-02-22,9625
2317,鴻海,13,0,13,富邦-竹東,2024-02-22,9625
6547,高端疫苗,13,0,13,富邦-竹東,2024-02-22,9625
6139,亞翔,13,1,12,富邦-竹東,2024-02-22,9625
2025,千興,12,0,12,富邦-竹東,2024-02-22,9625
2417,圓剛,15,3,12,富邦-竹東,2024-02-22,9625
6265,方土昶,12,0,12,富邦-竹東,2024-02-22,9625
1503,士電,42,31,11,富邦-竹東,2024-02-22,9625
8111,立��,11,0,11,富邦-竹東,2024-02-22,9625
00937B,群益ESG投等債20,227,53,174,富邦-竹東,2024-02-23,9625
2618,長榮航,178,45,133,富邦-竹東,2024-02-23,9625
2405,輔信,169,51,118,富邦-竹東,2024-02-23,9625
8064,東捷,133,50,83,富邦-竹東,2024-02-23,9625
3535,晶彩科,84,5,79,富邦-竹東,2024-02-23,9625
00878,國泰永續高股息,100,48,52,富邦-竹東,2024-02-23,9625
2303,聯電,56,6,50,富邦-竹東,2024-02-23,9625
4123,晟德,50,4,46,富邦-竹東,2024-02-23,9625
2365,昆盈,52,7,45,富邦-竹東,2024-02-23,9625
3047,訊舟,51,6,45,富邦-竹東,2024-02-23,9625
3041,揚智,58,15,43,富邦-竹東,2024-02-23,9625
4909,新復興,43,0,43,富邦-竹東,2024-02-23,9625
2390,云辰,43,0,43,富邦-竹東,2024-02-23,9625
3481,群創,38,0,38,富邦-竹東,2024-02-23,9625
2353,宏��,43,8,35,富邦-竹東,2024-02-23,9625
2363,矽統,37,2,35,富邦-竹東,2024-02-23,9625
00687B,國泰20年美債,53,21,32,富邦-竹東,2024-02-23,9625
2609,陽明,43,12,31,富邦-竹東,2024-02-23,9625
2486,一詮,31,0,31,富邦-竹東,2024-02-23,9625
4979,華星光,41,11,30,富邦-竹東,2024-02-23,9625
3078,僑威,30,0,30,富邦-竹東,2024-02-23,9625
2603,長榮,33,5,28,富邦-竹東,2024-02-23,9625
5347,世界,27,2,25,富邦-竹東,2024-02-23,9625
1316,上曜,30,6,24,富邦-竹東,2024-02-23,9625
4588,玖鼎電力,31,7,24,富邦-竹東,2024-02-23,9625
00679B,元大美債20年,23,0,23,富邦-竹東,2024-02-23,9625
8088,品安,34,13,21,富邦-竹東,2024-02-23,9625
6189,豐藝,28,7,21,富邦-竹東,2024-02-23,9625
8105,凌巨,20,0,20,富邦-竹東,2024-02-23,9625
3360,尚立,29,9,20,富邦-竹東,2024-02-23,9625
1104,環泥,21,2,19,富邦-竹東,2024-02-23,9625
9945,潤泰新,19,1,18,富邦-竹東,2024-02-23,9625
4904,遠傳,18,0,18,富邦-竹東,2024-02-23,9625
2421,建準,24,6,18,富邦-竹東,2024-02-23,9625
3715,定穎投控,22,5,17,富邦-竹東,2024-02-23,9625
3706,神達,17,1,16,富邦-竹東,2024-02-23,9625
9914,美利達,16,0,16,富邦-竹東,2024-02-23,9625
6207,雷科,29,13,16,富邦-竹東,2024-02-23,9625
2369,菱生,25,9,16,富邦-竹東,2024-02-23,9625
3044,健鼎,18,5,13,富邦-竹東,2024-02-23,9625
2312,金寶,14,1,13,富邦-竹東,2024-02-23,9625
4105,東洋,12,0,12,富邦-竹東,2024-02-23,9625
1815,富喬,20,8,12,富邦-竹東,2024-02-23,9625
3178,公準,12,1,11,富邦-竹東,2024-02-23,9625
4960,誠美材,11,0,11,富邦-竹東,2024-02-23,9625
4953,緯軟,12,1,11,富邦-竹東,2024-02-23,9625
2913,農林,10,0,10,富邦-竹東,2024-02-23,9625
1717,長興,13,3,10,富邦-竹東,2024-02-23,9625
5009,榮剛,12,2,10,富邦-竹東,2024-02-23,9625
00795B,中信美國公債20年,10,0,10,富邦-竹東,2024-02-23,9625
00632R,元大台灣50反1,630,0,630,富邦-竹東,2024-02-26,9625
00933B,國泰10Y+金融債,235,0,235,富邦-竹東,2024-02-26,9625
00919,群益台灣精選高息,191,10,181,富邦-竹東,2024-02-26,9625
00687B,國泰20年美債,172,3,169,富邦-竹東,2024-02-26,9625
2305,全友,110,10,100,富邦-竹東,2024-02-26,9625
00878,國泰永續高股息,237,144,93,富邦-竹東,2024-02-26,9625
3057,喬鼎,90,0,90,富邦-竹東,2024-02-26,9625
2329,華泰,137,57,80,富邦-竹東,2024-02-26,9625
9105,泰金寶-DR,70,0,70,富邦-竹東,2024-02-26,9625
2834,臺企銀,81,11,70,富邦-竹東,2024-02-26,9625
1447,力鵬,60,2,58,富邦-竹東,2024-02-26,9625
00934,中信成長高股息,51,0,51,富邦-竹東,2024-02-26,9625
00929,復華台灣科技優息,230,181,49,富邦-竹東,2024-02-26,9625
6217,中探針,48,3,45,富邦-竹東,2024-02-26,9625
2495,普安,48,8,40,富邦-竹東,2024-02-26,9625
00764B,群益25年美債,35,0,35,富邦-竹東,2024-02-26,9625
2467,志聖,35,2,33,富邦-竹東,2024-02-26,9625
00679B,元大美債20年,32,0,32,富邦-竹東,2024-02-26,9625
4977,眾達-KY,36,8,28,富邦-竹東,2024-02-26,9625
4908,前鼎,65,37,28,富邦-竹東,2024-02-26,9625
3231,緯創,48,21,27,富邦-竹東,2024-02-26,9625
1717,長興,40,13,27,富邦-竹東,2024-02-26,9625
2618,長榮航,31,4,27,富邦-竹東,2024-02-26,9625
2303,聯電,51,26,25,富邦-竹東,2024-02-26,9625
2313,華通,41,16,25,富邦-竹東,2024-02-26,9625
2882,國泰金,24,1,23,富邦-竹東,2024-02-26,9625
00712,復華富時不動產,23,0,23,富邦-竹東,2024-02-26,9625
00637L,元大滬深300正2,73,50,23,富邦-竹東,2024-02-26,9625
2356,英業達,38,16,22,富邦-竹東,2024-02-26,9625
3706,神達,23,2,21,富邦-竹東,2024-02-26,9625
1785,光洋科,21,0,21,富邦-竹東,2024-02-26,9625
4588,玖鼎電力,21,1,20,富邦-竹東,2024-02-26,9625
6196,帆宣,22,2,20,富邦-竹東,2024-02-26,9625
5381,合正,32,12,20,富邦-竹東,2024-02-26,9625
1582,信錦,20,0,20,富邦-竹東,2024-02-26,9625
4906,正文,26,6,20,富邦-竹東,2024-02-26,9625
6509,聚和,26,6,20,富邦-竹東,2024-02-26,9625
6218,豪勉,20,0,20,富邦-竹東,2024-02-26,9625
4526,東台,21,2,19,富邦-竹東,2024-02-26,9625
5351,鈺創,21,3,18,富邦-竹東,2024-02-26,9625
2312,金寶,18,0,18,富邦-竹東,2024-02-26,9625
6770,力積電,30,13,17,富邦-竹東,2024-02-26,9625
2371,大同,20,3,17,富邦-竹東,2024-02-26,9625
1303,南亞,17,0,17,富邦-竹東,2024-02-26,9625
00715L,期街口布蘭特正2,20,3,17,富邦-竹東,2024-02-26,9625
00907,永豐優息存股,16,0,16,富邦-竹東,2024-02-26,9625
0056,元大高股息,28,12,16,富邦-竹東,2024-02-26,9625
4979,華星光,20,4,16,富邦-竹東,2024-02-26,9625
5452,佶優,20,6,14,富邦-竹東,2024-02-26,9625
3167,大量,15,1,14,富邦-竹東,2024-02-26,9625
00632R,元大台灣50反1,330,0,330,富邦-竹東,2024-02-27,9625
00919,群益台灣精選高息,237,81,156,富邦-竹東,2024-02-27,9625
00878,國泰永續高股息,231,104,127,富邦-竹東,2024-02-27,9625
00712,復華富時不動產,125,0,125,富邦-竹東,2024-02-27,9625
00671R,富邦NASDAQ反1,120,0,120,富邦-竹東,2024-02-27,9625
4977,眾達-KY,91,11,80,富邦-竹東,2024-02-27,9625
00933B,國泰10Y+金融債,75,0,75,富邦-竹東,2024-02-27,9625
6125,廣運,83,20,63,富邦-竹東,2024-02-27,9625
3231,緯創,120,61,59,富邦-竹東,2024-02-27,9625
8096,擎亞,89,35,54,富邦-竹東,2024-02-27,9625
1609,大亞,53,2,51,富邦-竹東,2024-02-27,9625
2329,華泰,86,37,49,富邦-竹東,2024-02-27,9625
1536,和大,49,0,49,富邦-竹東,2024-02-27,9625
00918,大華優利高填息30,50,3,47,富邦-竹東,2024-02-27,9625
6147,頎邦,46,0,46,富邦-竹東,2024-02-27,9625
00929,復華台灣科技優息,316,274,42,富邦-竹東,2024-02-27,9625
5225,東科-KY,42,1,41,富邦-竹東,2024-02-27,9625
3576,聯合再生,41,1,40,富邦-竹東,2024-02-27,9625
3706,神達,32,0,32,富邦-竹東,2024-02-27,9625
8926,台汽電,81,50,31,富邦-竹東,2024-02-27,9625
9904,寶成,30,0,30,富邦-竹東,2024-02-27,9625
2498,宏達電,35,6,29,富邦-竹東,2024-02-27,9625
6189,豐藝,39,10,29,富邦-竹東,2024-02-27,9625
3691,碩禾,26,0,26,富邦-竹東,2024-02-27,9625
1710,東聯,25,0,25,富邦-竹東,2024-02-27,9625
2405,輔信,29,6,23,富邦-竹東,2024-02-27,9625
1727,中華化,27,4,23,富邦-竹東,2024-02-27,9625
1101,台泥,33,11,22,富邦-竹東,2024-02-27,9625
6167,久正,23,1,22,富邦-竹東,2024-02-27,9625
1569,濱川,22,0,22,富邦-竹東,2024-02-27,9625
6265,方土昶,22,0,22,富邦-竹東,2024-02-27,9625
2392,正崴,23,1,22,富邦-竹東,2024-02-27,9625
2888,新光金,21,0,21,富邦-竹東,2024-02-27,9625
2301,光寶科,27,6,21,富邦-竹東,2024-02-27,9625
2371,大同,29,9,20,富邦-竹東,2024-02-27,9625
00687B,國泰20年美債,19,0,19,富邦-竹東,2024-02-27,9625
3037,欣興,28,12,16,富邦-竹東,2024-02-27,9625
8289,泰藝,16,0,16,富邦-竹東,2024-02-27,9625
2313,華通,23,8,15,富邦-竹東,2024-02-27,9625
2891,中信金,16,1,15,富邦-竹東,2024-02-27,9625
1711,永光,25,11,14,富邦-竹東,2024-02-27,9625
5426,振發,15,1,14,富邦-竹東,2024-02-27,9625
3588,通嘉,20,6,14,富邦-竹東,2024-02-27,9625
2495,普安,21,8,13,富邦-竹東,2024-02-27,9625
3025,星通,29,16,13,富邦-竹東,2024-02-27,9625
6218,豪勉,38,25,13,富邦-竹東,2024-02-27,9625
3346,麗清,14,1,13,富邦-竹東,2024-02-27,9625
2312,金寶,13,0,13,富邦-竹東,2024-02-27,9625
6257,矽格,14,1,13,富邦-竹東,2024-02-27,9625
2332,友訊,14,1,13,富邦-竹東,2024-02-27,9625
00673R,期元大S＆P原油反1,100,0,100,富邦-竹東,2024-02-29,9625
00919,群益台灣精選高息,107,11,96,富邦-竹東,2024-02-29,9625
2883,凱基金,101,15,86,富邦-竹東,2024-02-29,9625
2371,大同,106,44,62,富邦-竹東,2024-02-29,9625
1529,樂事綠能,64,4,60,富邦-竹東,2024-02-29,9625
00687B,國泰20年美債,58,0,58,富邦-竹東,2024-02-29,9625
3706,神達,58,0,58,富邦-竹東,2024-02-29,9625
3588,通嘉,53,2,51,富邦-竹東,2024-02-29,9625
00665L,富邦�琤肭磪囓�2,50,0,50,富邦-竹東,2024-02-29,9625
2329,華泰,61,16,45,富邦-竹東,2024-02-29,9625
00937B,群益ESG投等債20,110,68,42,富邦-竹東,2024-02-29,9625
00655L,國泰中國A50正2,50,9,41,富邦-竹東,2024-02-29,9625
2753,八方雲集,40,0,40,富邦-竹東,2024-02-29,9625
00933B,國泰10Y+金融債,63,30,33,富邦-竹東,2024-02-29,9625
00751B,元大AAA至A公司債,33,0,33,富邦-竹東,2024-02-29,9625
2002,中鋼,32,3,29,富邦-竹東,2024-02-29,9625
1717,長興,30,2,28,富邦-竹東,2024-02-29,9625
00680L,元大美債20正2,28,3,25,富邦-竹東,2024-02-29,9625
2492,華新科,23,0,23,富邦-竹東,2024-02-29,9625
1536,和大,32,9,23,富邦-竹東,2024-02-29,9625
4904,遠傳,23,0,23,富邦-竹東,2024-02-29,9625
2882,國泰金,21,0,21,富邦-竹東,2024-02-29,9625
2809,京城銀,21,0,21,富邦-竹東,2024-02-29,9625
1524,耿鼎,27,6,21,富邦-竹東,2024-02-29,9625
2353,宏��,27,6,21,富邦-竹東,2024-02-29,9625
2317,鴻海,20,0,20,富邦-竹東,2024-02-29,9625
4960,誠美材,20,0,20,富邦-竹東,2024-02-29,9625
6698,旭暉應材,20,0,20,富邦-竹東,2024-02-29,9625
00878,國泰永續高股息,42,24,18,富邦-竹東,2024-02-29,9625
2615,萬海,19,1,18,富邦-竹東,2024-02-29,9625
00712,復華富時不動產,21,5,16,富邦-竹東,2024-02-29,9625
2439,美律,17,1,16,富邦-竹東,2024-02-29,9625
00882,中信中國高股息,15,0,15,富邦-竹東,2024-02-29,9625
3390,旭軟,16,1,15,富邦-竹東,2024-02-29,9625
5512,力麒,16,1,15,富邦-竹東,2024-02-29,9625
2301,光寶科,18,4,14,富邦-竹東,2024-02-29,9625
3708,上緯投控,14,0,14,富邦-竹東,2024-02-29,9625
8088,品安,27,13,14,富邦-竹東,2024-02-29,9625
6530,創威,13,0,13,富邦-竹東,2024-02-29,9625
6257,矽格,17,4,13,富邦-竹東,2024-02-29,9625
00918,大華優利高填息30,14,1,13,富邦-竹東,2024-02-29,9625
5452,佶優,15,2,13,富邦-竹東,2024-02-29,9625
5347,世界,12,0,12,富邦-竹東,2024-02-29,9625
2467,志聖,12,0,12,富邦-竹東,2024-02-29,9625
2331,精英,20,8,12,富邦-竹東,2024-02-29,9625
4543,萬在,21,9,12,富邦-竹東,2024-02-29,9625
3189,景碩,14,2,12,富邦-竹東,2024-02-29,9625
1711,永光,18,6,12,富邦-竹東,2024-02-29,9625
6414,樺漢,13,1,12,富邦-竹東,2024-02-29,9625
5225,東科-KY,18,7,11,富邦-竹東,2024-02-29,9625
00680L,元大美債20正2,610,1,609,富邦-竹東,2024-03-01,9625
00919,群益台灣精選高息,623,18,605,富邦-竹東,2024-03-01,9625
00918,大華優利高填息30,279,3,276,富邦-竹東,2024-03-01,9625
2883,凱基金,256,0,256,富邦-竹東,2024-03-01,9625
00937B,群益ESG投等債20,203,10,193,富邦-竹東,2024-03-01,9625
00665L,富邦�琤肭磪囓�2,122,0,122,富邦-竹東,2024-03-01,9625
3081,聯亞,62,1,61,富邦-竹東,2024-03-01,9625
00929,復華台灣科技優息,146,96,50,富邦-竹東,2024-03-01,9625
8926,台汽電,72,24,48,富邦-竹東,2024-03-01,9625
3545,敦泰,52,6,46,富邦-竹東,2024-03-01,9625
1733,五鼎,40,0,40,富邦-竹東,2024-03-01,9625
3078,僑威,44,6,38,富邦-竹東,2024-03-01,9625
00922,國泰台灣領袖50,37,0,37,富邦-竹東,2024-03-01,9625
3360,尚立,41,5,36,富邦-竹東,2024-03-01,9625
2303,聯電,42,7,35,富邦-竹東,2024-03-01,9625
00915,凱基優選高股息30,32,0,32,富邦-竹東,2024-03-01,9625
4960,誠美材,30,0,30,富邦-竹東,2024-03-01,9625
2329,華泰,40,11,29,富邦-竹東,2024-03-01,9625
3036,文曄,27,2,25,富邦-竹東,2024-03-01,9625
5490,同亨,24,0,24,富邦-竹東,2024-03-01,9625
1513,中興電,52,28,24,富邦-竹東,2024-03-01,9625
00933B,國泰10Y+金融債,24,1,23,富邦-竹東,2024-03-01,9625
2002,中鋼,28,5,23,富邦-竹東,2024-03-01,9625
2753,八方雲集,22,0,22,富邦-竹東,2024-03-01,9625
4526,東台,23,1,22,富邦-竹東,2024-03-01,9625
6208,日揚,20,0,20,富邦-竹東,2024-03-01,9625
2409,友達,25,5,20,富邦-竹東,2024-03-01,9625
2888,新光金,18,0,18,富邦-竹東,2024-03-01,9625
2353,宏��,24,6,18,富邦-竹東,2024-03-01,9625
9907,統一實,20,2,18,富邦-竹東,2024-03-01,9625
00891,中信關鍵半導體,18,0,18,富邦-竹東,2024-03-01,9625
8011,台通,21,4,17,富邦-竹東,2024-03-01,9625
00751B,元大AAA至A公司債,17,0,17,富邦-竹東,2024-03-01,9625
00679B,元大美債20年,24,7,17,富邦-竹東,2024-03-01,9625
00687B,國泰20年美債,31,14,17,富邦-竹東,2024-03-01,9625
8040,九暘,33,17,16,富邦-竹東,2024-03-01,9625
3645,達邁,16,0,16,富邦-竹東,2024-03-01,9625
5521,工信,15,0,15,富邦-竹東,2024-03-01,9625
3038,全台,14,0,14,富邦-竹東,2024-03-01,9625
6189,豐藝,18,4,14,富邦-竹東,2024-03-01,9625
3708,上緯投控,22,9,13,富邦-竹東,2024-03-01,9625
6776,展�眥篕�,13,0,13,富邦-竹東,2024-03-01,9625
3583,辛耘,23,11,12,富邦-竹東,2024-03-01,9625
6235,華孚,16,4,12,富邦-竹東,2024-03-01,9625
2241,艾姆勒,12,0,12,富邦-竹東,2024-03-01,9625
4973,廣穎,12,0,12,富邦-竹東,2024-03-01,9625
2390,云辰,15,3,12,富邦-竹東,2024-03-01,9625
2393,億光,16,4,12,富邦-竹東,2024-03-01,9625
1471,首利,11,0,11,富邦-竹東,2024-03-01,9625
4142,國光生,11,0,11,富邦-竹東,2024-03-01,9625
00937B,群益ESG投等債20,365,65,300,富邦-竹東,2024-03-04,9625
00919,群益台灣精選高息,247,47,200,富邦-竹東,2024-03-04,9625
00918,大華優利高填息30,178,2,176,富邦-竹東,2024-03-04,9625
00673R,期元大S＆P原油反1,143,0,143,富邦-竹東,2024-03-04,9625
00664R,國泰臺灣加權反1,100,0,100,富邦-竹東,2024-03-04,9625
2353,宏��,164,74,90,富邦-竹東,2024-03-04,9625
3231,緯創,114,30,84,富邦-竹東,2024-03-04,9625
3338,泰碩,102,19,83,富邦-竹東,2024-03-04,9625
2344,華邦電,92,19,73,富邦-竹東,2024-03-04,9625
00915,凱基優選高股息30,71,4,67,富邦-竹東,2024-03-04,9625
3163,波若威,98,46,52,富邦-竹東,2024-03-04,9625
00687B,國泰20年美債,52,0,52,富邦-竹東,2024-03-04,9625
1815,富喬,52,16,36,富邦-竹東,2024-03-04,9625
2014,中鴻,30,1,29,富邦-竹東,2024-03-04,9625
2892,第一金,30,1,29,富邦-竹東,2024-03-04,9625
2888,新光金,35,6,29,富邦-竹東,2024-03-04,9625
2883,凱基金,31,4,27,富邦-竹東,2024-03-04,9625
2329,華泰,70,44,26,富邦-竹東,2024-03-04,9625
4903,聯光通,26,0,26,富邦-竹東,2024-03-04,9625
2609,陽明,34,9,25,富邦-竹東,2024-03-04,9625
2543,皇昌,27,2,25,富邦-竹東,2024-03-04,9625
00857B,永豐20年美公債,25,0,25,富邦-竹東,2024-03-04,9625
1905,華紙,34,9,25,富邦-竹東,2024-03-04,9625
4968,立積,25,3,22,富邦-竹東,2024-03-04,9625
3360,尚立,34,12,22,富邦-竹東,2024-03-04,9625
2884,玉山金,22,1,21,富邦-竹東,2024-03-04,9625
2801,彰銀,20,0,20,富邦-竹東,2024-03-04,9625
3363,上詮,21,2,19,富邦-竹東,2024-03-04,9625
5225,東科-KY,20,1,19,富邦-竹東,2024-03-04,9625
1609,大亞,18,0,18,富邦-竹東,2024-03-04,9625
00927,群益半導體收益,18,0,18,富邦-竹東,2024-03-04,9625
3005,神基,17,0,17,富邦-竹東,2024-03-04,9625
1409,新纖,16,0,16,富邦-竹東,2024-03-04,9625
1314,中石化,15,0,15,富邦-竹東,2024-03-04,9625
3013,晟銘電,52,37,15,富邦-竹東,2024-03-04,9625
3051,力特,17,2,15,富邦-竹東,2024-03-04,9625
2618,長榮航,16,1,15,富邦-竹東,2024-03-04,9625
6139,亞翔,18,4,14,富邦-竹東,2024-03-04,9625
2636,台驊控股,16,2,14,富邦-竹東,2024-03-04,9625
00931B,統一美債20年,14,0,14,富邦-竹東,2024-03-04,9625
8088,品安,41,27,14,富邦-竹東,2024-03-04,9625
9919,康那香,15,1,14,富邦-竹東,2024-03-04,9625
1301,台塑,13,0,13,富邦-竹東,2024-03-04,9625
3313,斐成,12,0,12,富邦-竹東,2024-03-04,9625
2206,三陽工業,12,1,11,富邦-竹東,2024-03-04,9625
1326,台化,11,0,11,富邦-竹東,2024-03-04,9625
00751B,元大AAA至A公司債,11,0,11,富邦-竹東,2024-03-04,9625
2915,潤泰全,11,0,11,富邦-竹東,2024-03-04,9625
3356,奇偶,16,5,11,富邦-竹東,2024-03-04,9625
3306,鼎天,10,0,10,富邦-竹東,2024-03-04,9625
2399,映泰,251,7,244,富邦-竹東,2024-03-05,9625
00915,凱基優選高股息30,147,1,146,富邦-竹東,2024-03-05,9625
00679B,元大美債20年,134,3,131,富邦-竹東,2024-03-05,9625
00918,大華優利高填息30,150,33,117,富邦-竹東,2024-03-05,9625
00919,群益台灣精選高息,200,85,115,富邦-竹東,2024-03-05,9625
2303,聯電,113,0,113,富邦-竹東,2024-03-05,9625
00937B,群益ESG投等債20,117,11,106,富邦-竹東,2024-03-05,9625
6217,中探針,111,31,80,富邦-竹東,2024-03-05,9625
2329,華泰,90,23,67,富邦-竹東,2024-03-05,9625
00687B,國泰20年美債,57,0,57,富邦-竹東,2024-03-05,9625
2888,新光金,52,0,52,富邦-竹東,2024-03-05,9625
0056,元大高股息,56,10,46,富邦-竹東,2024-03-05,9625
3691,碩禾,27,0,27,富邦-竹東,2024-03-05,9625
3437,榮創,25,0,25,富邦-竹東,2024-03-05,9625
6275,元山,44,21,23,富邦-竹東,2024-03-05,9625
2486,一詮,23,1,22,富邦-竹東,2024-03-05,9625
4906,正文,61,39,22,富邦-竹東,2024-03-05,9625
5009,榮剛,25,3,22,富邦-竹東,2024-03-05,9625
2913,農林,21,0,21,富邦-竹東,2024-03-05,9625
1609,大亞,34,13,21,富邦-竹東,2024-03-05,9625
6127,九豪,29,9,20,富邦-竹東,2024-03-05,9625
2743,山富,20,0,20,富邦-竹東,2024-03-05,9625
3339,泰谷,20,0,20,富邦-竹東,2024-03-05,9625
00632R,元大台灣50反1,20,0,20,富邦-竹東,2024-03-05,9625
3376,新日興,34,14,20,富邦-竹東,2024-03-05,9625
3189,景碩,20,1,19,富邦-竹東,2024-03-05,9625
3450,聯鈞,44,26,18,富邦-竹東,2024-03-05,9625
1210,大成,20,2,18,富邦-竹東,2024-03-05,9625
1409,新纖,31,14,17,富邦-竹東,2024-03-05,9625
2324,仁寶,31,15,16,富邦-竹東,2024-03-05,9625
2610,華航,16,0,16,富邦-竹東,2024-03-05,9625
3265,台星科,20,4,16,富邦-竹東,2024-03-05,9625
6770,力積電,44,29,15,富邦-竹東,2024-03-05,9625
3038,全台,16,1,15,富邦-竹東,2024-03-05,9625
1326,台化,15,0,15,富邦-竹東,2024-03-05,9625
3021,鴻名,15,0,15,富邦-竹東,2024-03-05,9625
8064,東捷,20,6,14,富邦-竹東,2024-03-05,9625
3289,宜特,14,0,14,富邦-竹東,2024-03-05,9625
9907,統一實,20,6,14,富邦-竹東,2024-03-05,9625
3707,漢磊,14,0,14,富邦-竹東,2024-03-05,9625
00680L,元大美債20正2,15,1,14,富邦-竹東,2024-03-05,9625
5386,青雲,25,11,14,富邦-竹東,2024-03-05,9625
8210,勤誠,23,9,14,富邦-竹東,2024-03-05,9625
3163,波若威,23,10,13,富邦-竹東,2024-03-05,9625
6589,台康生技,13,0,13,富邦-竹東,2024-03-05,9625
6139,亞翔,16,3,13,富邦-竹東,2024-03-05,9625
1536,和大,13,0,13,富邦-竹東,2024-03-05,9625
1522,堤維西,38,25,13,富邦-竹東,2024-03-05,9625
6806,森崴能源,22,9,13,富邦-竹東,2024-03-05,9625
3027,盛達,14,2,12,富邦-竹東,2024-03-05,9625
00937B,群益ESG投等債20,611,101,510,富邦-竹東,2024-03-06,9625
00632R,元大台灣50反1,205,0,205,富邦-竹東,2024-03-06,9625
00919,群益台灣精選高息,270,97,173,富邦-竹東,2024-03-06,9625
00664R,國泰臺灣加權反1,100,0,100,富邦-竹東,2024-03-06,9625
6163,華電網,152,56,96,富邦-竹東,2024-03-06,9625
6129,普誠,90,0,90,富邦-竹東,2024-03-06,9625
2845,遠東銀,143,74,69,富邦-竹東,2024-03-06,9625
2344,華邦電,72,11,61,富邦-竹東,2024-03-06,9625
00915,凱基優選高股息30,64,7,57,富邦-竹東,2024-03-06,9625
00918,大華優利高填息30,134,78,56,富邦-竹東,2024-03-06,9625
00687B,國泰20年美債,55,0,55,富邦-竹東,2024-03-06,9625
2609,陽明,59,7,52,富邦-竹東,2024-03-06,9625
00655L,國泰中國A50正2,50,0,50,富邦-竹東,2024-03-06,9625
6179,亞通,47,2,45,富邦-竹東,2024-03-06,9625
2883,凱基金,62,19,43,富邦-竹東,2024-03-06,9625
4123,晟德,50,9,41,富邦-竹東,2024-03-06,9625
1618,合機,55,15,40,富邦-竹東,2024-03-06,9625
3058,立德,39,0,39,富邦-竹東,2024-03-06,9625
6275,元山,67,31,36,富邦-竹東,2024-03-06,9625
3231,緯創,73,38,35,富邦-竹東,2024-03-06,9625
4906,正文,37,6,31,富邦-竹東,2024-03-06,9625
9945,潤泰新,31,0,31,富邦-竹東,2024-03-06,9625
8034,榮群,34,5,29,富邦-竹東,2024-03-06,9625
2543,皇昌,34,10,24,富邦-竹東,2024-03-06,9625
3338,泰碩,27,3,24,富邦-竹東,2024-03-06,9625
3211,順達,24,1,23,富邦-竹東,2024-03-06,9625
8349,�矬�,23,0,23,富邦-竹東,2024-03-06,9625
1101,台泥,24,1,23,富邦-竹東,2024-03-06,9625
8011,台通,55,33,22,富邦-竹東,2024-03-06,9625
2324,仁寶,23,1,22,富邦-竹東,2024-03-06,9625
6531,愛普*,25,4,21,富邦-竹東,2024-03-06,9625
3006,晶豪科,21,0,21,富邦-竹東,2024-03-06,9625
1316,上曜,28,8,20,富邦-竹東,2024-03-06,9625
3325,旭品,58,38,20,富邦-竹東,2024-03-06,9625
2314,台揚,20,0,20,富邦-竹東,2024-03-06,9625
8163,達方,23,3,20,富邦-竹東,2024-03-06,9625
2881,富邦金,20,0,20,富邦-竹東,2024-03-06,9625
00706L,期元大S＆P日圓正2,20,0,20,富邦-竹東,2024-03-06,9625
9904,寶成,21,1,20,富邦-竹東,2024-03-06,9625
6218,豪勉,20,1,19,富邦-竹東,2024-03-06,9625
4543,萬在,43,24,19,富邦-竹東,2024-03-06,9625
6117,迎廣,42,23,19,富邦-竹東,2024-03-06,9625
2356,英業達,27,9,18,富邦-竹東,2024-03-06,9625
2504,國產,20,2,18,富邦-竹東,2024-03-06,9625
1609,大亞,81,63,18,富邦-竹東,2024-03-06,9625
00712,復華富時不動產,27,10,17,富邦-竹東,2024-03-06,9625
5258,虹堡,30,14,16,富邦-竹東,2024-03-06,9625
3645,達邁,18,3,15,富邦-竹東,2024-03-06,9625
5426,振發,43,28,15,富邦-竹東,2024-03-06,9625
6212,理銘,15,0,15,富邦-竹東,2024-03-06,9625
00671R,富邦NASDAQ反1,742,0,742,富邦-竹東,2024-03-07,9625
00919,群益台灣精選高息,256,79,177,富邦-竹東,2024-03-07,9625
2399,映泰,166,0,166,富邦-竹東,2024-03-07,9625
2888,新光金,162,0,162,富邦-竹東,2024-03-07,9625
00632R,元大台灣50反1,138,0,138,富邦-竹東,2024-03-07,9625
2369,菱生,117,2,115,富邦-竹東,2024-03-07,9625
00937B,群益ESG投等債20,158,64,94,富邦-竹東,2024-03-07,9625
00933B,國泰10Y+金融債,129,43,86,富邦-竹東,2024-03-07,9625
00915,凱基優選高股息30,102,23,79,富邦-竹東,2024-03-07,9625
3231,緯創,88,17,71,富邦-竹東,2024-03-07,9625
3325,旭品,84,16,68,富邦-竹東,2024-03-07,9625
3689,湧德,74,11,63,富邦-竹東,2024-03-07,9625
5452,佶優,78,21,57,富邦-竹東,2024-03-07,9625
6116,彩晶,57,1,56,富邦-竹東,2024-03-07,9625
00687B,國泰20年美債,63,8,55,富邦-竹東,2024-03-07,9625
8088,品安,63,8,55,富邦-竹東,2024-03-07,9625
3027,盛達,54,0,54,富邦-竹東,2024-03-07,9625
2892,第一金,50,0,50,富邦-竹東,2024-03-07,9625
2633,台灣高鐵,50,0,50,富邦-竹東,2024-03-07,9625
8110,華東,45,3,42,富邦-竹東,2024-03-07,9625
2753,八方雲集,42,0,42,富邦-竹東,2024-03-07,9625
00918,大華優利高填息30,43,2,41,富邦-竹東,2024-03-07,9625
8071,能率網通,40,0,40,富邦-竹東,2024-03-07,9625
5521,工信,239,201,38,富邦-竹東,2024-03-07,9625
1609,大亞,51,13,38,富邦-竹東,2024-03-07,9625
2324,仁寶,39,5,34,富邦-竹東,2024-03-07,9625
6122,擎邦,35,2,33,富邦-竹東,2024-03-07,9625
4157,太景*-KY,30,0,30,富邦-竹東,2024-03-07,9625
6190,萬泰科,51,21,30,富邦-竹東,2024-03-07,9625
1471,首利,30,1,29,富邦-竹東,2024-03-07,9625
2329,華泰,42,14,28,富邦-竹東,2024-03-07,9625
8112,至上,68,40,28,富邦-竹東,2024-03-07,9625
2801,彰銀,30,3,27,富邦-竹東,2024-03-07,9625
1717,長興,37,12,25,富邦-竹東,2024-03-07,9625
1569,濱川,25,1,24,富邦-竹東,2024-03-07,9625
2368,金像電,29,6,23,富邦-竹東,2024-03-07,9625
2467,志聖,24,1,23,富邦-竹東,2024-03-07,9625
6125,廣運,59,36,23,富邦-竹東,2024-03-07,9625
2486,一詮,46,24,22,富邦-竹東,2024-03-07,9625
6547,高端疫苗,24,2,22,富邦-竹東,2024-03-07,9625
2367,燿華,107,86,21,富邦-竹東,2024-03-07,9625
00679B,元大美債20年,26,5,21,富邦-竹東,2024-03-07,9625
3005,神基,23,3,20,富邦-竹東,2024-03-07,9625
00930,永豐ESG低碳高息,20,0,20,富邦-竹東,2024-03-07,9625
00706L,期元大S＆P日圓正2,20,0,20,富邦-竹東,2024-03-07,9625
00923,群益台ESG低碳50,22,2,20,富邦-竹東,2024-03-07,9625
00931B,統一美債20年,22,3,19,富邦-竹東,2024-03-07,9625
2323,中環,20,1,19,富邦-竹東,2024-03-07,9625
2881,富邦金,21,2,19,富邦-竹東,2024-03-07,9625
3437,榮創,19,1,18,富邦-竹東,2024-03-07,9625
00673R,期元大S＆P原油反1,2005,0,2005,富邦-竹東,2024-03-08,9625
00632R,元大台灣50反1,987,0,987,富邦-竹東,2024-03-08,9625
00680L,元大美債20正2,287,21,266,富邦-竹東,2024-03-08,9625
00919,群益台灣精選高息,353,169,184,富邦-竹東,2024-03-08,9625
00937B,群益ESG投等債20,163,10,153,富邦-竹東,2024-03-08,9625
00712,復華富時不動產,110,10,100,富邦-竹東,2024-03-08,9625
2363,矽統,84,5,79,富邦-竹東,2024-03-08,9625
1589,永冠-KY,70,3,67,富邦-竹東,2024-03-08,9625
5347,世界,86,19,67,富邦-竹東,2024-03-08,9625
2109,華豐,71,5,66,富邦-竹東,2024-03-08,9625
2605,新興,60,0,60,富邦-竹東,2024-03-08,9625
8088,品安,73,16,57,富邦-竹東,2024-03-08,9625
00929,復華台灣科技優息,240,185,55,富邦-竹東,2024-03-08,9625
1722,台肥,64,13,51,富邦-竹東,2024-03-08,9625
2409,友達,50,4,46,富邦-竹東,2024-03-08,9625
2515,中工,45,1,44,富邦-竹東,2024-03-08,9625
2915,潤泰全,42,0,42,富邦-竹東,2024-03-08,9625
3021,鴻名,39,0,39,富邦-竹東,2024-03-08,9625
3006,晶豪科,37,2,35,富邦-竹東,2024-03-08,9625
5443,均豪,34,3,31,富邦-竹東,2024-03-08,9625
4306,炎洲,30,1,29,富邦-竹東,2024-03-08,9625
1528,恩德,29,0,29,富邦-竹東,2024-03-08,9625
8050,廣積,47,19,28,富邦-竹東,2024-03-08,9625
2753,八方雲集,28,0,28,富邦-竹東,2024-03-08,9625
6274,台燿,34,6,28,富邦-竹東,2024-03-08,9625
1314,中石化,33,6,27,富邦-竹東,2024-03-08,9625
3051,力特,30,3,27,富邦-竹東,2024-03-08,9625
8110,華東,43,16,27,富邦-竹東,2024-03-08,9625
1720,生達,27,2,25,富邦-竹東,2024-03-08,9625
1514,亞力,61,37,24,富邦-竹東,2024-03-08,9625
3231,緯創,55,32,23,富邦-竹東,2024-03-08,9625
3211,順達,25,3,22,富邦-竹東,2024-03-08,9625
2328,廣宇,20,0,20,富邦-竹東,2024-03-08,9625
5512,力麒,20,1,19,富邦-竹東,2024-03-08,9625
5439,高技,19,1,18,富邦-竹東,2024-03-08,9625
3325,旭品,39,21,18,富邦-竹東,2024-03-08,9625
2897,王道銀行,18,0,18,富邦-竹東,2024-03-08,9625
2367,燿華,63,46,17,富邦-竹東,2024-03-08,9625
00857B,永豐20年美公債,22,5,17,富邦-竹東,2024-03-08,9625
1471,首利,18,1,17,富邦-竹東,2024-03-08,9625
6129,普誠,16,0,16,富邦-竹東,2024-03-08,9625
1815,富喬,39,23,16,富邦-竹東,2024-03-08,9625
00922,國泰台灣領袖50,21,6,15,富邦-竹東,2024-03-08,9625
00637L,元大滬深300正2,15,0,15,富邦-竹東,2024-03-08,9625
2313,華通,42,27,15,富邦-竹東,2024-03-08,9625
8162,微矽電子-創,16,1,15,富邦-竹東,2024-03-08,9625
00720B,元大投資級公司債,16,1,15,富邦-竹東,2024-03-08,9625
2408,南亞科,21,6,15,富邦-竹東,2024-03-08,9625
2888,新光金,35,20,15,富邦-竹東,2024-03-08,9625
2457,飛宏,20,6,14,富邦-竹東,2024-03-08,9625
2883,凱基金,313,115,198,富邦-竹東,2024-03-11,9625
00937B,群益ESG投等債20,192,6,186,富邦-竹東,2024-03-11,9625
6182,合晶,137,1,136,富邦-竹東,2024-03-11,9625
3588,通嘉,97,1,96,富邦-竹東,2024-03-11,9625
00929,復華台灣科技優息,222,148,74,富邦-竹東,2024-03-11,9625
00918,大華優利高填息30,61,1,60,富邦-竹東,2024-03-11,9625
6005,群益證,60,0,60,富邦-竹東,2024-03-11,9625
2618,長榮航,79,20,59,富邦-竹東,2024-03-11,9625
2610,華航,59,0,59,富邦-竹東,2024-03-11,9625
2367,燿華,70,17,53,富邦-竹東,2024-03-11,9625
00878,國泰永續高股息,60,13,47,富邦-竹東,2024-03-11,9625
00891,中信關鍵半導體,40,1,39,富邦-竹東,2024-03-11,9625
2836,高雄銀,30,0,30,富邦-竹東,2024-03-11,9625
2301,光寶科,31,1,30,富邦-竹東,2024-03-11,9625
2421,建準,27,2,25,富邦-竹東,2024-03-11,9625
6138,茂達,28,3,25,富邦-竹東,2024-03-11,9625
2888,新光金,24,0,24,富邦-竹東,2024-03-11,9625
2330,台積電,26,4,22,富邦-竹東,2024-03-11,9625
00687B,國泰20年美債,83,62,21,富邦-竹東,2024-03-11,9625
6531,愛普*,25,4,21,富邦-竹東,2024-03-11,9625
2615,萬海,23,2,21,富邦-竹東,2024-03-11,9625
1101,台泥,35,15,20,富邦-竹東,2024-03-11,9625
00638R,元大滬深300反1,20,0,20,富邦-竹東,2024-03-11,9625
00655L,國泰中國A50正2,20,0,20,富邦-竹東,2024-03-11,9625
4707,磐亞,20,0,20,富邦-竹東,2024-03-11,9625
00915,凱基優選高股息30,27,8,19,富邦-竹東,2024-03-11,9625
00922,國泰台灣領袖50,20,1,19,富邦-竹東,2024-03-11,9625
0056,元大高股息,19,1,18,富邦-竹東,2024-03-11,9625
2884,玉山金,42,24,18,富邦-竹東,2024-03-11,9625
6933,AMAX-KY,20,3,17,富邦-竹東,2024-03-11,9625
3027,盛達,27,10,17,富邦-竹東,2024-03-11,9625
2603,長榮,30,14,16,富邦-竹東,2024-03-11,9625
3016,嘉晶,16,1,15,富邦-竹東,2024-03-11,9625
4510,高鋒,15,0,15,富邦-竹東,2024-03-11,9625
6425,易發,21,7,14,富邦-竹東,2024-03-11,9625
8926,台汽電,19,5,14,富邦-竹東,2024-03-11,9625
2308,台達電,19,5,14,富邦-竹東,2024-03-11,9625
00712,復華富時不動產,18,5,13,富邦-竹東,2024-03-11,9625
3450,聯鈞,17,4,13,富邦-竹東,2024-03-11,9625
00900,富邦特選高股息30,26,13,13,富邦-竹東,2024-03-11,9625
6125,廣運,48,35,13,富邦-竹東,2024-03-11,9625
2609,陽明,23,11,12,富邦-竹東,2024-03-11,9625
00679B,元大美債20年,13,1,12,富邦-竹東,2024-03-11,9625
2915,潤泰全,13,2,11,富邦-竹東,2024-03-11,9625
3078,僑威,22,11,11,富邦-竹東,2024-03-11,9625
2344,華邦電,24,13,11,富邦-竹東,2024-03-11,9625
3014,聯陽,12,1,11,富邦-竹東,2024-03-11,9625
4533,協易機,12,1,11,富邦-竹東,2024-03-11,9625
2357,華碩,12,1,11,富邦-竹東,2024-03-11,9625
1434,福懋,10,0,10,富邦-竹東,2024-03-11,9625
00919,群益台灣精選高息,316,36,280,富邦-竹東,2024-03-12,9625
2883,凱基金,251,17,234,富邦-竹東,2024-03-12,9625
00918,大華優利高填息30,156,2,154,富邦-竹東,2024-03-12,9625
2344,華邦電,116,30,86,富邦-竹東,2024-03-12,9625
00655L,國泰中國A50正2,80,0,80,富邦-竹東,2024-03-12,9625
3062,建漢,59,2,57,富邦-竹東,2024-03-12,9625
3325,旭品,53,7,46,富邦-竹東,2024-03-12,9625
00929,復華台灣科技優息,76,33,43,富邦-竹東,2024-03-12,9625
00937B,群益ESG投等債20,50,7,43,富邦-竹東,2024-03-12,9625
5225,東科-KY,40,4,36,富邦-竹東,2024-03-12,9625
6125,廣運,54,24,30,富邦-竹東,2024-03-12,9625
3691,碩禾,30,1,29,富邦-竹東,2024-03-12,9625
6182,合晶,28,0,28,富邦-竹東,2024-03-12,9625
6770,力積電,56,28,28,富邦-竹東,2024-03-12,9625
1514,亞力,58,31,27,富邦-竹東,2024-03-12,9625
3715,定穎投控,27,4,23,富邦-竹東,2024-03-12,9625
1303,南亞,20,0,20,富邦-竹東,2024-03-12,9625
1434,福懋,20,0,20,富邦-竹東,2024-03-12,9625
4157,太景*-KY,20,0,20,富邦-竹東,2024-03-12,9625
4714,永捷,24,4,20,富邦-竹東,2024-03-12,9625
1340,勝悅-KY,22,3,19,富邦-竹東,2024-03-12,9625
1504,東元,25,6,19,富邦-竹東,2024-03-12,9625
2328,廣宇,21,2,19,富邦-竹東,2024-03-12,9625
3163,波若威,35,16,19,富邦-竹東,2024-03-12,9625
2609,陽明,48,31,17,富邦-竹東,2024-03-12,9625
8110,華東,29,12,17,富邦-竹東,2024-03-12,9625
5498,凱崴,19,3,16,富邦-竹東,2024-03-12,9625
2368,金像電,16,1,15,富邦-竹東,2024-03-12,9625
3714,富采,14,0,14,富邦-竹東,2024-03-12,9625
3313,斐成,34,20,14,富邦-竹東,2024-03-12,9625
00933B,國泰10Y+金融債,13,0,13,富邦-竹東,2024-03-12,9625
2329,華泰,15,2,13,富邦-竹東,2024-03-12,9625
1582,信錦,49,36,13,富邦-竹東,2024-03-12,9625
00712,復華富時不動產,15,2,13,富邦-竹東,2024-03-12,9625
2486,一詮,37,24,13,富邦-竹東,2024-03-12,9625
6138,茂達,13,0,13,富邦-竹東,2024-03-12,9625
2301,光寶科,25,12,13,富邦-竹東,2024-03-12,9625
2308,台達電,15,3,12,富邦-竹東,2024-03-12,9625
2204,中華,12,0,12,富邦-竹東,2024-03-12,9625
2002,中鋼,12,1,11,富邦-竹東,2024-03-12,9625
6005,群益證,12,1,11,富邦-竹東,2024-03-12,9625
3450,聯鈞,11,0,11,富邦-竹東,2024-03-12,9625
6167,久正,11,0,11,富邦-竹東,2024-03-12,9625
2884,玉山金,15,4,11,富邦-竹東,2024-03-12,9625
2324,仁寶,26,15,11,富邦-竹東,2024-03-12,9625
5512,力麒,10,0,10,富邦-竹東,2024-03-12,9625
2337,旺宏,10,0,10,富邦-竹東,2024-03-12,9625
3122,笙泉,10,0,10,富邦-竹東,2024-03-12,9625
3390,旭軟,10,0,10,富邦-竹東,2024-03-12,9625
8064,東捷,21,11,10,富邦-竹東,2024-03-12,9625
00919,群益台灣精選高息,311,125,186,富邦-竹東,2024-03-13,9625
00632R,元大台灣50反1,173,5,168,富邦-竹東,2024-03-13,9625
2883,凱基金,237,71,166,富邦-竹東,2024-03-13,9625
3231,緯創,171,33,138,富邦-竹東,2024-03-13,9625
2836,高雄銀,96,0,96,富邦-竹東,2024-03-13,9625
00687B,國泰20年美債,92,17,75,富邦-竹東,2024-03-13,9625
5225,東科-KY,60,0,60,富邦-竹東,2024-03-13,9625
2834,臺企銀,104,51,53,富邦-竹東,2024-03-13,9625
00918,大華優利高填息30,66,18,48,富邦-竹東,2024-03-13,9625
2882,國泰金,80,34,46,富邦-竹東,2024-03-13,9625
2002,中鋼,43,0,43,富邦-竹東,2024-03-13,9625
2881,富邦金,44,1,43,富邦-竹東,2024-03-13,9625
3338,泰碩,53,11,42,富邦-竹東,2024-03-13,9625
1618,合機,41,2,39,富邦-竹東,2024-03-13,9625
2515,中工,40,2,38,富邦-竹東,2024-03-13,9625
00937B,群益ESG投等債20,37,5,32,富邦-竹東,2024-03-13,9625
1514,亞力,137,105,32,富邦-竹東,2024-03-13,9625
6274,台燿,39,8,31,富邦-竹東,2024-03-13,9625
1603,華電,30,0,30,富邦-竹東,2024-03-13,9625
00915,凱基優選高股息30,54,25,29,富邦-竹東,2024-03-13,9625
00665L,富邦�琤肭磪囓�2,30,2,28,富邦-竹東,2024-03-13,9625
8088,品安,46,18,28,富邦-竹東,2024-03-13,9625
1101,台泥,34,6,28,富邦-竹東,2024-03-13,9625
6165,浪凡,27,0,27,富邦-竹東,2024-03-13,9625
2344,華邦電,42,16,26,富邦-竹東,2024-03-13,9625
3588,通嘉,26,1,25,富邦-竹東,2024-03-13,9625
4906,正文,44,20,24,富邦-竹東,2024-03-13,9625
00637L,元大滬深300正2,30,6,24,富邦-竹東,2024-03-13,9625
2352,佳世達,32,8,24,富邦-竹東,2024-03-13,9625
2601,益航,24,0,24,富邦-竹東,2024-03-13,9625
2324,仁寶,31,8,23,富邦-竹東,2024-03-13,9625
2408,南亞科,21,0,21,富邦-竹東,2024-03-13,9625
6182,合晶,21,0,21,富邦-竹東,2024-03-13,9625
2376,技嘉,24,5,19,富邦-竹東,2024-03-13,9625
2465,麗臺,21,2,19,富邦-竹東,2024-03-13,9625
2208,台船,20,3,17,富邦-竹東,2024-03-13,9625
00922,國泰台灣領袖50,17,0,17,富邦-竹東,2024-03-13,9625
2363,矽統,23,6,17,富邦-竹東,2024-03-13,9625
2457,飛宏,16,0,16,富邦-竹東,2024-03-13,9625
6126,信音,20,4,16,富邦-竹東,2024-03-13,9625
6606,建德工業,16,0,16,富邦-竹東,2024-03-13,9625
2609,陽明,39,24,15,富邦-竹東,2024-03-13,9625
1609,大亞,17,2,15,富邦-竹東,2024-03-13,9625
9943,好樂迪,15,0,15,富邦-竹東,2024-03-13,9625
8112,至上,19,4,15,富邦-竹東,2024-03-13,9625
2329,華泰,30,16,14,富邦-竹東,2024-03-13,9625
8926,台汽電,37,23,14,富邦-竹東,2024-03-13,9625
2610,華航,15,1,14,富邦-竹東,2024-03-13,9625
1301,台塑,16,3,13,富邦-竹東,2024-03-13,9625
3289,宜特,13,0,13,富邦-竹東,2024-03-13,9625
00919,群益台灣精選高息,637,445,192,富邦-竹東,2024-03-14,9625
00933B,國泰10Y+金融債,126,0,126,富邦-竹東,2024-03-14,9625
00900,富邦特選高股息30,126,14,112,富邦-竹東,2024-03-14,9625
00665L,富邦�琤肭磪囓�2,114,14,100,富邦-竹東,2024-03-14,9625
2883,凱基金,217,118,99,富邦-竹東,2024-03-14,9625
2618,長榮航,136,46,90,富邦-竹東,2024-03-14,9625
00632R,元大台灣50反1,73,0,73,富邦-竹東,2024-03-14,9625
3702,大聯大,65,0,65,富邦-竹東,2024-03-14,9625
2354,鴻準,62,1,61,富邦-竹東,2024-03-14,9625
1109,信大,60,0,60,富邦-竹東,2024-03-14,9625
00918,大華優利高填息30,75,19,56,富邦-竹東,2024-03-14,9625
6005,群益證,58,3,55,富邦-竹東,2024-03-14,9625
00927,群益半導體收益,48,0,48,富邦-竹東,2024-03-14,9625
1582,信錦,49,2,47,富邦-竹東,2024-03-14,9625
6139,亞翔,58,14,44,富邦-竹東,2024-03-14,9625
2888,新光金,48,5,43,富邦-竹東,2024-03-14,9625
2845,遠東銀,43,0,43,富邦-竹東,2024-03-14,9625
1616,億泰,42,0,42,富邦-竹東,2024-03-14,9625
4906,正文,40,2,38,富邦-竹東,2024-03-14,9625
2897,王道銀行,31,2,29,富邦-竹東,2024-03-14,9625
3014,聯陽,27,0,27,富邦-竹東,2024-03-14,9625
1605,華新,33,7,26,富邦-竹東,2024-03-14,9625
00753L,中信中國50正2,28,2,26,富邦-竹東,2024-03-14,9625
00687B,國泰20年美債,26,2,24,富邦-竹東,2024-03-14,9625
6212,理銘,23,0,23,富邦-竹東,2024-03-14,9625
00680L,元大美債20正2,22,0,22,富邦-竹東,2024-03-14,9625
6235,華孚,24,2,22,富邦-竹東,2024-03-14,9625
2834,臺企銀,47,25,22,富邦-竹東,2024-03-14,9625
2603,長榮,36,15,21,富邦-竹東,2024-03-14,9625
2515,中工,20,0,20,富邦-竹東,2024-03-14,9625
00907,永豐優息存股,32,12,20,富邦-竹東,2024-03-14,9625
8110,華東,20,0,20,富邦-竹東,2024-03-14,9625
9907,統一實,20,0,20,富邦-竹東,2024-03-14,9625
3035,智原,29,10,19,富邦-竹東,2024-03-14,9625
2344,華邦電,18,0,18,富邦-竹東,2024-03-14,9625
3372,典範,20,2,18,富邦-竹東,2024-03-14,9625
00679B,元大美債20年,18,0,18,富邦-竹東,2024-03-14,9625
1513,中興電,38,20,18,富邦-竹東,2024-03-14,9625
1218,泰山,16,0,16,富邦-竹東,2024-03-14,9625
00751B,元大AAA至A公司債,16,0,16,富邦-竹東,2024-03-14,9625
6486,互動,16,0,16,富邦-竹東,2024-03-14,9625
00930,永豐ESG低碳高息,16,0,16,富邦-竹東,2024-03-14,9625
2465,麗臺,16,0,16,富邦-竹東,2024-03-14,9625
4142,國光生,19,3,16,富邦-竹東,2024-03-14,9625
2636,台驊控股,21,5,16,富邦-竹東,2024-03-14,9625
6275,元山,16,1,15,富邦-竹東,2024-03-14,9625
2816,旺旺保,15,0,15,富邦-竹東,2024-03-14,9625
00637L,元大滬深300正2,20,5,15,富邦-竹東,2024-03-14,9625
2548,華固,15,0,15,富邦-竹東,2024-03-14,9625
2368,金像電,16,3,13,富邦-竹東,2024-03-14,9625
00665L,富邦�琤肭磪囓�2,350,10,340,富邦-竹東,2024-03-15,9625
00919,群益台灣精選高息,478,199,279,富邦-竹東,2024-03-15,9625
00712,復華富時不動產,146,0,146,富邦-竹東,2024-03-15,9625
2834,臺企銀,199,54,145,富邦-竹東,2024-03-15,9625
00933B,國泰10Y+金融債,155,26,129,富邦-竹東,2024-03-15,9625
00941,中信上游半導體,311,183,128,富邦-竹東,2024-03-15,9625
2889,國票金,142,14,128,富邦-竹東,2024-03-15,9625
00918,大華優利高填息30,164,73,91,富邦-竹東,2024-03-15,9625
00915,凱基優選高股息30,105,22,83,富邦-竹東,2024-03-15,9625
6770,力積電,78,0,78,富邦-竹東,2024-03-15,9625
3372,典範,80,5,75,富邦-竹東,2024-03-15,9625
00937B,群益ESG投等債20,185,120,65,富邦-竹東,2024-03-15,9625
2892,第一金,66,4,62,富邦-竹東,2024-03-15,9625
2603,長榮,71,10,61,富邦-竹東,2024-03-15,9625
2618,長榮航,54,0,54,富邦-竹東,2024-03-15,9625
00632R,元大台灣50反1,103,50,53,富邦-竹東,2024-03-15,9625
00680L,元大美債20正2,52,0,52,富邦-竹東,2024-03-15,9625
2881,富邦金,43,2,41,富邦-竹東,2024-03-15,9625
00650L,復華香港正2,40,0,40,富邦-竹東,2024-03-15,9625
00687B,國泰20年美債,63,30,33,富邦-竹東,2024-03-15,9625
2882,國泰金,47,14,33,富邦-竹東,2024-03-15,9625
2329,華泰,38,5,33,富邦-竹東,2024-03-15,9625
1513,中興電,42,10,32,富邦-竹東,2024-03-15,9625
8105,凌巨,34,2,32,富邦-竹東,2024-03-15,9625
2330,台積電,32,1,31,富邦-竹東,2024-03-15,9625
6799,來頡,30,0,30,富邦-竹東,2024-03-15,9625
4714,永捷,91,63,28,富邦-竹東,2024-03-15,9625
2609,陽明,42,17,25,富邦-竹東,2024-03-15,9625
3163,波若威,41,16,25,富邦-竹東,2024-03-15,9625
6122,擎邦,26,1,25,富邦-竹東,2024-03-15,9625
2020,美亞,23,0,23,富邦-竹東,2024-03-15,9625
1536,和大,23,0,23,富邦-竹東,2024-03-15,9625
2611,志信,34,11,23,富邦-竹東,2024-03-15,9625
2356,英業達,34,12,22,富邦-竹東,2024-03-15,9625
00679B,元大美債20年,22,0,22,富邦-竹東,2024-03-15,9625
2616,山隆,22,0,22,富邦-竹東,2024-03-15,9625
1612,宏泰,22,0,22,富邦-竹東,2024-03-15,9625
3715,定穎投控,26,4,22,富邦-竹東,2024-03-15,9625
1301,台塑,21,0,21,富邦-竹東,2024-03-15,9625
2241,艾姆勒,22,1,21,富邦-竹東,2024-03-15,9625
2313,華通,22,2,20,富邦-竹東,2024-03-15,9625
5880,合庫金,22,3,19,富邦-竹東,2024-03-15,9625
2607,榮運,23,4,19,富邦-竹東,2024-03-15,9625
3189,景碩,18,1,17,富邦-竹東,2024-03-15,9625
9945,潤泰新,17,0,17,富邦-竹東,2024-03-15,9625
2801,彰銀,18,2,16,富邦-竹東,2024-03-15,9625
1809,中釉,15,0,15,富邦-竹東,2024-03-15,9625
2303,聯電,27,13,14,富邦-竹東,2024-03-15,9625
2353,宏��,28,14,14,富邦-竹東,2024-03-15,9625
6486,互動,14,0,14,富邦-竹東,2024-03-15,9625
00673R,期元大S＆P原油反1,2005,5,2000,富邦-竹東,2024-03-18,9625
00933B,國泰10Y+金融債,190,0,190,富邦-竹東,2024-03-18,9625
00919,群益台灣精選高息,299,127,172,富邦-竹東,2024-03-18,9625
1101,台泥,164,1,163,富邦-竹東,2024-03-18,9625
2892,第一金,88,2,86,富邦-竹東,2024-03-18,9625
4532,瑞智,85,3,82,富邦-竹東,2024-03-18,9625
2834,臺企銀,123,44,79,富邦-竹東,2024-03-18,9625
00680L,元大美債20正2,83,6,77,富邦-竹東,2024-03-18,9625
2845,遠東銀,70,1,69,富邦-竹東,2024-03-18,9625
00687B,國泰20年美債,80,12,68,富邦-竹東,2024-03-18,9625
2409,友達,43,1,42,富邦-竹東,2024-03-18,9625
00941,中信上游半導體,170,131,39,富邦-竹東,2024-03-18,9625
00918,大華優利高填息30,72,35,37,富邦-竹東,2024-03-18,9625
00937B,群益ESG投等債20,41,4,37,富邦-竹東,2024-03-18,9625
2367,燿華,59,25,34,富邦-竹東,2024-03-18,9625
1722,台肥,36,3,33,富邦-竹東,2024-03-18,9625
3062,建漢,67,36,31,富邦-竹東,2024-03-18,9625
2402,毅嘉,31,0,31,富邦-竹東,2024-03-18,9625
1605,華新,36,8,28,富邦-竹東,2024-03-18,9625
2354,鴻準,30,4,26,富邦-竹東,2024-03-18,9625
2889,國票金,27,2,25,富邦-竹東,2024-03-18,9625
2332,友訊,23,0,23,富邦-竹東,2024-03-18,9625
8011,台通,32,10,22,富邦-竹東,2024-03-18,9625
6290,良維,23,1,22,富邦-竹東,2024-03-18,9625
3715,定穎投控,22,0,22,富邦-竹東,2024-03-18,9625
2882,國泰金,22,1,21,富邦-竹東,2024-03-18,9625
00676R,富邦臺灣加權反1,20,0,20,富邦-竹東,2024-03-18,9625
1444,力麗,18,0,18,富邦-竹東,2024-03-18,9625
6220,岳豐,17,0,17,富邦-竹東,2024-03-18,9625
6179,亞通,16,0,16,富邦-竹東,2024-03-18,9625
8489,三貝德,16,0,16,富邦-竹東,2024-03-18,9625
2009,第一銅,24,8,16,富邦-竹東,2024-03-18,9625
1240,茂生農經,15,0,15,富邦-竹東,2024-03-18,9625
3413,京鼎,16,1,15,富邦-竹東,2024-03-18,9625
2303,聯電,30,16,14,富邦-竹東,2024-03-18,9625
2449,京元電子,19,5,14,富邦-竹東,2024-03-18,9625
3588,通嘉,18,4,14,富邦-竹東,2024-03-18,9625
2363,矽統,15,2,13,富邦-竹東,2024-03-18,9625
00679B,元大美債20年,25,12,13,富邦-竹東,2024-03-18,9625
00751B,元大AAA至A公司債,16,3,13,富邦-竹東,2024-03-18,9625
2002,中鋼,25,12,13,富邦-竹東,2024-03-18,9625
00923,群益台ESG低碳50,12,0,12,富邦-竹東,2024-03-18,9625
2603,長榮,17,6,11,富邦-竹東,2024-03-18,9625
6182,合晶,11,0,11,富邦-竹東,2024-03-18,9625
2471,資通,18,7,11,富邦-竹東,2024-03-18,9625
4533,協易機,12,1,11,富邦-竹東,2024-03-18,9625
4967,十銓,17,6,11,富邦-竹東,2024-03-18,9625
2421,建準,10,0,10,富邦-竹東,2024-03-18,9625
00935,野村臺灣新科技50,10,0,10,富邦-竹東,2024-03-18,9625
6443,元晶,10,0,10,富邦-竹東,2024-03-18,9625
00665L,富邦�琤肭磪囓�2,202,0,202,富邦-竹東,2024-03-19,9625
00687B,國泰20年美債,134,30,104,富邦-竹東,2024-03-19,9625
00919,群益台灣精選高息,204,113,91,富邦-竹東,2024-03-19,9625
2618,長榮航,72,0,72,富邦-竹東,2024-03-19,9625
00937B,群益ESG投等債20,86,16,70,富邦-竹東,2024-03-19,9625
00927,群益半導體收益,68,4,64,富邦-竹東,2024-03-19,9625
2883,凱基金,132,73,59,富邦-竹東,2024-03-19,9625
2834,臺企銀,70,14,56,富邦-竹東,2024-03-19,9625
00941,中信上游半導體,49,0,49,富邦-竹東,2024-03-19,9625
00680L,元大美債20正2,46,0,46,富邦-竹東,2024-03-19,9625
00900,富邦特選高股息30,84,38,46,富邦-竹東,2024-03-19,9625
2888,新光金,41,0,41,富邦-竹東,2024-03-19,9625
1609,大亞,46,8,38,富邦-竹東,2024-03-19,9625
2405,輔信,53,15,38,富邦-竹東,2024-03-19,9625
2323,中環,49,12,37,富邦-竹東,2024-03-19,9625
1240,茂生農經,35,0,35,富邦-竹東,2024-03-19,9625
3481,群創,76,42,34,富邦-竹東,2024-03-19,9625
1101,台泥,42,11,31,富邦-竹東,2024-03-19,9625
1616,億泰,30,0,30,富邦-竹東,2024-03-19,9625
2344,華邦電,42,13,29,富邦-竹東,2024-03-19,9625
1342,八貫,38,10,28,富邦-竹東,2024-03-19,9625
1722,台肥,28,3,25,富邦-竹東,2024-03-19,9625
2885,元大金,25,0,25,富邦-竹東,2024-03-19,9625
00933B,國泰10Y+金融債,73,50,23,富邦-竹東,2024-03-19,9625
8011,台通,77,56,21,富邦-竹東,2024-03-19,9625
00857B,永豐20年美公債,19,0,19,富邦-竹東,2024-03-19,9625
1618,合機,68,50,18,富邦-竹東,2024-03-19,9625
00878,國泰永續高股息,28,11,17,富邦-竹東,2024-03-19,9625
6275,元山,20,3,17,富邦-竹東,2024-03-19,9625
8064,東捷,20,4,16,富邦-竹東,2024-03-19,9625
2353,宏��,28,13,15,富邦-竹東,2024-03-19,9625
00673R,期元大S＆P原油反1,14,0,14,富邦-竹東,2024-03-19,9625
00934,中信成長高股息,16,2,14,富邦-竹東,2024-03-19,9625
6233,旺玖,17,3,14,富邦-竹東,2024-03-19,9625
2892,第一金,14,1,13,富邦-竹東,2024-03-19,9625
2020,美亞,13,0,13,富邦-竹東,2024-03-19,9625
2471,資通,12,0,12,富邦-竹東,2024-03-19,9625
4968,立積,12,1,11,富邦-竹東,2024-03-19,9625
2449,京元電子,13,2,11,富邦-竹東,2024-03-19,9625
00931B,統一美債20年,11,0,11,富邦-竹東,2024-03-19,9625
1316,上曜,11,0,11,富邦-竹東,2024-03-19,9625
2002,中鋼,10,0,10,富邦-竹東,2024-03-19,9625
6505,台塑化,10,0,10,富邦-竹東,2024-03-19,9625
6231,系微,10,0,10,富邦-竹東,2024-03-19,9625
2836,高雄銀,10,0,10,富邦-竹東,2024-03-19,9625
2889,國票金,10,0,10,富邦-竹東,2024-03-19,9625
6128,上福,10,0,10,富邦-竹東,2024-03-19,9625
1304,台聚,10,0,10,富邦-竹東,2024-03-19,9625
3532,台勝科,10,0,10,富邦-竹東,2024-03-19,9625
8096,擎亞,11,1,10,富邦-竹東,2024-03-19,9625
00939,統一台灣高息動能,2015,185,1830,富邦-竹東,2024-03-20,9625
00632R,元大台灣50反1,641,0,641,富邦-竹東,2024-03-20,9625
00919,群益台灣精選高息,722,340,382,富邦-竹東,2024-03-20,9625
00680L,元大美債20正2,320,0,320,富邦-竹東,2024-03-20,9625
1101,台泥,134,18,116,富邦-竹東,2024-03-20,9625
00857B,永豐20年美公債,93,0,93,富邦-竹東,2024-03-20,9625
2834,臺企銀,91,9,82,富邦-竹東,2024-03-20,9625
4938,和碩,92,14,78,富邦-竹東,2024-03-20,9625
00915,凱基優選高股息30,90,18,72,富邦-竹東,2024-03-20,9625
00878,國泰永續高股息,111,51,60,富邦-竹東,2024-03-20,9625
2313,華通,61,4,57,富邦-竹東,2024-03-20,9625
3264,欣銓,72,19,53,富邦-竹東,2024-03-20,9625
2367,燿華,73,22,51,富邦-竹東,2024-03-20,9625
00930,永豐ESG低碳高息,52,1,51,富邦-竹東,2024-03-20,9625
1220,台榮,50,0,50,富邦-竹東,2024-03-20,9625
00665L,富邦�琤肭磪囓�2,150,100,50,富邦-竹東,2024-03-20,9625
8088,品安,46,2,44,富邦-竹東,2024-03-20,9625
2344,華邦電,42,0,42,富邦-竹東,2024-03-20,9625
2356,英業達,75,33,42,富邦-竹東,2024-03-20,9625
2303,聯電,136,98,38,富邦-竹東,2024-03-20,9625
1609,大亞,44,10,34,富邦-竹東,2024-03-20,9625
2897,王道銀行,34,0,34,富邦-竹東,2024-03-20,9625
2464,盟立,38,4,34,富邦-竹東,2024-03-20,9625
00933B,國泰10Y+金融債,50,17,33,富邦-竹東,2024-03-20,9625
2374,佳能,33,1,32,富邦-竹東,2024-03-20,9625
4714,永捷,32,2,30,富邦-竹東,2024-03-20,9625
2382,廣達,36,10,26,富邦-竹東,2024-03-20,9625
8034,榮群,31,5,26,富邦-竹東,2024-03-20,9625
00764B,群益25年美債,24,0,24,富邦-竹東,2024-03-20,9625
00713,元大台灣高息低波,26,2,24,富邦-竹東,2024-03-20,9625
5880,合庫金,28,6,22,富邦-竹東,2024-03-20,9625
1326,台化,22,0,22,富邦-竹東,2024-03-20,9625
9105,泰金寶-DR,22,0,22,富邦-竹東,2024-03-20,9625
00922,國泰台灣領袖50,20,0,20,富邦-竹東,2024-03-20,9625
2618,長榮航,35,15,20,富邦-竹東,2024-03-20,9625
3372,典範,20,1,19,富邦-竹東,2024-03-20,9625
3360,尚立,20,1,19,富邦-竹東,2024-03-20,9625
5347,世界,51,32,19,富邦-竹東,2024-03-20,9625
1513,中興電,35,18,17,富邦-竹東,2024-03-20,9625
3581,博磊,20,3,17,富邦-竹東,2024-03-20,9625
2603,長榮,42,26,16,富邦-竹東,2024-03-20,9625
2610,華航,22,6,16,富邦-竹東,2024-03-20,9625
2002,中鋼,37,21,16,富邦-竹東,2024-03-20,9625
2504,國產,17,1,16,富邦-竹東,2024-03-20,9625
00891,中信關鍵半導體,18,2,16,富邦-竹東,2024-03-20,9625
3583,辛耘,16,1,15,富邦-竹東,2024-03-20,9625
00900,富邦特選高股息30,28,13,15,富邦-竹東,2024-03-20,9625
1618,合機,15,1,14,富邦-竹東,2024-03-20,9625
5490,同亨,14,0,14,富邦-竹東,2024-03-20,9625
9907,統一實,14,0,14,富邦-竹東,2024-03-20,9625
00939,統一台灣高息動能,592,167,425,富邦-竹東,2024-03-21,9625
00632R,元大台灣50反1,266,98,168,富邦-竹東,2024-03-21,9625
2344,華邦電,303,139,164,富邦-竹東,2024-03-21,9625
2883,凱基金,150,21,129,富邦-竹東,2024-03-21,9625
2354,鴻準,129,6,123,富邦-竹東,2024-03-21,9625
2609,陽明,108,9,99,富邦-竹東,2024-03-21,9625
00919,群益台灣精選高息,320,238,82,富邦-竹東,2024-03-21,9625
2834,臺企銀,133,60,73,富邦-竹東,2024-03-21,9625
00687B,國泰20年美債,80,12,68,富邦-竹東,2024-03-21,9625
00937B,群益ESG投等債20,83,16,67,富邦-竹東,2024-03-21,9625
3033,威健,78,12,66,富邦-竹東,2024-03-21,9625
2329,華泰,78,18,60,富邦-竹東,2024-03-21,9625
00671R,富邦NASDAQ反1,50,0,50,富邦-竹東,2024-03-21,9625
2915,潤泰全,40,0,40,富邦-竹東,2024-03-21,9625
00900,富邦特選高股息30,45,5,40,富邦-竹東,2024-03-21,9625
1616,億泰,67,30,37,富邦-竹東,2024-03-21,9625
00720B,元大投資級公司債,34,0,34,富邦-竹東,2024-03-21,9625
00941,中信上游半導體,54,22,32,富邦-竹東,2024-03-21,9625
1536,和大,30,0,30,富邦-竹東,2024-03-21,9625
2618,長榮航,34,6,28,富邦-竹東,2024-03-21,9625
00679B,元大美債20年,28,0,28,富邦-竹東,2024-03-21,9625
5608,四維航,27,0,27,富邦-竹東,2024-03-21,9625
00929,復華台灣科技優息,147,123,24,富邦-竹東,2024-03-21,9625
3372,典範,23,1,22,富邦-竹東,2024-03-21,9625
00680L,元大美債20正2,20,0,20,富邦-竹東,2024-03-21,9625
3188,鑫龍騰,20,0,20,富邦-竹東,2024-03-21,9625
0056,元大高股息,25,5,20,富邦-竹東,2024-03-21,9625
1605,華新,24,5,19,富邦-竹東,2024-03-21,9625
3088,艾訊,18,0,18,富邦-竹東,2024-03-21,9625
3481,群創,50,33,17,富邦-竹東,2024-03-21,9625
2369,菱生,20,3,17,富邦-竹東,2024-03-21,9625
00751B,元大AAA至A公司債,17,0,17,富邦-竹東,2024-03-21,9625
00935,野村臺灣新科技50,20,3,17,富邦-竹東,2024-03-21,9625
1434,福懋,16,0,16,富邦-竹東,2024-03-21,9625
3005,神基,46,31,15,富邦-竹東,2024-03-21,9625
1504,東元,64,49,15,富邦-竹東,2024-03-21,9625
2820,華票,15,0,15,富邦-竹東,2024-03-21,9625
2610,華航,15,1,14,富邦-竹東,2024-03-21,9625
4938,和碩,24,11,13,富邦-竹東,2024-03-21,9625
3149,正達,13,0,13,富邦-竹東,2024-03-21,9625
00931B,統一美債20年,12,0,12,富邦-竹東,2024-03-21,9625
1720,生達,12,0,12,富邦-竹東,2024-03-21,9625
8086,宏捷科,14,3,11,富邦-竹東,2024-03-21,9625
8011,台通,19,8,11,富邦-竹東,2024-03-21,9625
6188,廣明,49,39,10,富邦-竹東,2024-03-21,9625
2338,光罩,10,0,10,富邦-竹東,2024-03-21,9625
3056,富華新,10,0,10,富邦-竹東,2024-03-21,9625
1802,台玻,10,0,10,富邦-竹東,2024-03-21,9625
3268,海德威,10,0,10,富邦-竹東,2024-03-21,9625
3004,豐達科,10,0,10,富邦-竹東,2024-03-21,9625
00665L,富邦�琤肭磪囓�2,410,0,410,富邦-竹東,2024-03-22,9625
00939,統一台灣高息動能,530,121,409,富邦-竹東,2024-03-22,9625
00650L,復華香港正2,230,0,230,富邦-竹東,2024-03-22,9625
2883,凱基金,189,6,183,富邦-竹東,2024-03-22,9625
2317,鴻海,192,62,130,富邦-竹東,2024-03-22,9625
00937B,群益ESG投等債20,209,83,126,富邦-竹東,2024-03-22,9625
1314,中石化,83,21,62,富邦-竹東,2024-03-22,9625
00900,富邦特選高股息30,69,10,59,富邦-竹東,2024-03-22,9625
4533,協易機,58,2,56,富邦-竹東,2024-03-22,9625
00935,野村臺灣新科技50,60,6,54,富邦-竹東,2024-03-22,9625
2834,臺企銀,58,6,52,富邦-竹東,2024-03-22,9625
6443,元晶,65,13,52,富邦-竹東,2024-03-22,9625
1809,中釉,55,9,46,富邦-竹東,2024-03-22,9625
2353,宏��,81,36,45,富邦-竹東,2024-03-22,9625
1616,億泰,44,2,42,富邦-竹東,2024-03-22,9625
3702,大聯大,43,2,41,富邦-竹東,2024-03-22,9625
00680L,元大美債20正2,38,0,38,富邦-竹東,2024-03-22,9625
3231,緯創,115,79,36,富邦-竹東,2024-03-22,9625
00673R,期元大S＆P原油反1,50,14,36,富邦-竹東,2024-03-22,9625
00929,復華台灣科技優息,183,153,30,富邦-竹東,2024-03-22,9625
1504,東元,42,13,29,富邦-竹東,2024-03-22,9625
00941,中信上游半導體,44,15,29,富邦-竹東,2024-03-22,9625
9105,泰金寶-DR,30,3,27,富邦-竹東,2024-03-22,9625
2882,國泰金,26,0,26,富邦-竹東,2024-03-22,9625
6753,龍德造船,28,2,26,富邦-竹東,2024-03-22,9625
2376,技嘉,31,6,25,富邦-竹東,2024-03-22,9625
4714,永捷,38,15,23,富邦-竹東,2024-03-22,9625
00795B,中信美國公債20年,23,0,23,富邦-竹東,2024-03-22,9625
3322,建舜電,24,2,22,富邦-竹東,2024-03-22,9625
00927,群益半導體收益,21,0,21,富邦-竹東,2024-03-22,9625
00931B,統一美債20年,21,0,21,富邦-竹東,2024-03-22,9625
2406,國碩,21,2,19,富邦-竹東,2024-03-22,9625
2323,中環,21,2,19,富邦-竹東,2024-03-22,9625
6257,矽格,19,0,19,富邦-竹東,2024-03-22,9625
2890,永豐金,20,1,19,富邦-竹東,2024-03-22,9625
3005,神基,22,3,19,富邦-竹東,2024-03-22,9625
3163,波若威,37,19,18,富邦-竹東,2024-03-22,9625
6276,安鈦克,18,0,18,富邦-竹東,2024-03-22,9625
00915,凱基優選高股息30,21,5,16,富邦-竹東,2024-03-22,9625
00632R,元大台灣50反1,16,0,16,富邦-竹東,2024-03-22,9625
5443,均豪,21,5,16,富邦-竹東,2024-03-22,9625
8473,山林水,16,0,16,富邦-竹東,2024-03-22,9625
8936,國統,31,16,15,富邦-竹東,2024-03-22,9625
00679B,元大美債20年,17,2,15,富邦-竹東,2024-03-22,9625
5469,瀚宇博,19,4,15,富邦-竹東,2024-03-22,9625
5864,致和證,16,1,15,富邦-竹東,2024-03-22,9625
1722,台肥,19,5,14,富邦-竹東,2024-03-22,9625
3059,華晶科,15,2,13,富邦-竹東,2024-03-22,9625
1513,中興電,49,37,12,富邦-竹東,2024-03-22,9625
2618,長榮航,17,5,12,富邦-竹東,2024-03-22,9625
00937B,群益ESG投等債20,154,54,100,富邦-竹東,2024-03-25,9625
2353,宏��,95,11,84,富邦-竹東,2024-03-25,9625
00680L,元大美債20正2,82,6,76,富邦-竹東,2024-03-25,9625
1714,和桐,70,0,70,富邦-竹東,2024-03-25,9625
00927,群益半導體收益,69,5,64,富邦-竹東,2024-03-25,9625
00712,復華富時不動產,62,0,62,富邦-竹東,2024-03-25,9625
2324,仁寶,69,7,62,富邦-竹東,2024-03-25,9625
2882,國泰金,59,0,59,富邦-竹東,2024-03-25,9625
00939,統一台灣高息動能,221,166,55,富邦-竹東,2024-03-25,9625
3576,聯合再生,51,0,51,富邦-竹東,2024-03-25,9625
00673R,期元大S＆P原油反1,50,0,50,富邦-竹東,2024-03-25,9625
2382,廣達,50,1,49,富邦-竹東,2024-03-25,9625
2618,長榮航,50,4,46,富邦-竹東,2024-03-25,9625
00687B,國泰20年美債,75,31,44,富邦-竹東,2024-03-25,9625
2603,長榮,52,10,42,富邦-竹東,2024-03-25,9625
2376,技嘉,50,14,36,富邦-竹東,2024-03-25,9625
3037,欣興,36,1,35,富邦-竹東,2024-03-25,9625
8086,宏捷科,37,3,34,富邦-竹東,2024-03-25,9625
2356,英業達,71,38,33,富邦-竹東,2024-03-25,9625
00679B,元大美債20年,35,3,32,富邦-竹東,2024-03-25,9625
8088,品安,34,4,30,富邦-竹東,2024-03-25,9625
3691,碩禾,26,0,26,富邦-竹東,2024-03-25,9625
8070,長華*,40,16,24,富邦-竹東,2024-03-25,9625
8213,志超,20,0,20,富邦-竹東,2024-03-25,9625
6125,廣運,59,40,19,富邦-竹東,2024-03-25,9625
3481,群創,32,13,19,富邦-竹東,2024-03-25,9625
1504,東元,69,50,19,富邦-竹東,2024-03-25,9625
00688L,國泰20年美債正2,20,1,19,富邦-竹東,2024-03-25,9625
2317,鴻海,49,30,19,富邦-竹東,2024-03-25,9625
5381,合正,18,0,18,富邦-竹東,2024-03-25,9625
8059,凱碩,18,0,18,富邦-竹東,2024-03-25,9625
2884,玉山金,25,8,17,富邦-竹東,2024-03-25,9625
3234,光環,20,3,17,富邦-竹東,2024-03-25,9625
2313,華通,20,4,16,富邦-竹東,2024-03-25,9625
1721,三晃,15,0,15,富邦-竹東,2024-03-25,9625
8110,華東,20,5,15,富邦-竹東,2024-03-25,9625
2301,光寶科,17,3,14,富邦-竹東,2024-03-25,9625
00887,永豐中國科技50大,14,0,14,富邦-竹東,2024-03-25,9625
3005,神基,16,2,14,富邦-竹東,2024-03-25,9625
6139,亞翔,15,2,13,富邦-竹東,2024-03-25,9625
1529,樂事綠能,18,5,13,富邦-竹東,2024-03-25,9625
6163,華電網,13,0,13,富邦-竹東,2024-03-25,9625
8050,廣積,15,2,13,富邦-竹東,2024-03-25,9625
6806,森崴能源,21,9,12,富邦-竹東,2024-03-25,9625
2371,大同,16,4,12,富邦-竹東,2024-03-25,9625
00934,中信成長高股息,13,1,12,富邦-竹東,2024-03-25,9625
6188,廣明,26,14,12,富邦-竹東,2024-03-25,9625
3022,威強電,12,0,12,富邦-竹東,2024-03-25,9625
2464,盟立,15,3,12,富邦-竹東,2024-03-25,9625
2888,新光金,11,0,11,富邦-竹東,2024-03-25,9625
00919,群益台灣精選高息,262,131,131,富邦-竹東,2024-03-26,9625
00939,統一台灣高息動能,262,170,92,富邦-竹東,2024-03-26,9625
00941,中信上游半導體,142,54,88,富邦-竹東,2024-03-26,9625
3231,緯創,123,45,78,富邦-竹東,2024-03-26,9625
1616,億泰,94,20,74,富邦-竹東,2024-03-26,9625
2303,聯電,78,9,69,富邦-竹東,2024-03-26,9625
2618,長榮航,51,0,51,富邦-竹東,2024-03-26,9625
2313,華通,48,1,47,富邦-竹東,2024-03-26,9625
00887,永豐中國科技50大,39,0,39,富邦-竹東,2024-03-26,9625
3035,智原,40,3,37,富邦-竹東,2024-03-26,9625
2371,大同,123,88,35,富邦-竹東,2024-03-26,9625
3372,典範,36,2,34,富邦-竹東,2024-03-26,9625
0056,元大高股息,72,39,33,富邦-竹東,2024-03-26,9625
3037,欣興,36,4,32,富邦-竹東,2024-03-26,9625
8088,品安,49,23,26,富邦-竹東,2024-03-26,9625
6215,和椿,23,0,23,富邦-竹東,2024-03-26,9625
2359,所羅門,59,38,21,富邦-竹東,2024-03-26,9625
4938,和碩,33,12,21,富邦-竹東,2024-03-26,9625
2845,遠東銀,20,0,20,富邦-竹東,2024-03-26,9625
3691,碩禾,20,0,20,富邦-竹東,2024-03-26,9625
8011,台通,20,0,20,富邦-竹東,2024-03-26,9625
8033,雷虎,20,0,20,富邦-竹東,2024-03-26,9625
2409,友達,30,10,20,富邦-竹東,2024-03-26,9625
2342,茂矽,20,1,19,富邦-竹東,2024-03-26,9625
9105,泰金寶-DR,20,1,19,富邦-竹東,2024-03-26,9625
6799,來頡,20,1,19,富邦-竹東,2024-03-26,9625
6227,茂綸,19,0,19,富邦-竹東,2024-03-26,9625
2353,宏��,31,13,18,富邦-竹東,2024-03-26,9625
2317,鴻海,52,34,18,富邦-竹東,2024-03-26,9625
6166,凌華,19,2,17,富邦-竹東,2024-03-26,9625
3163,波若威,34,17,17,富邦-竹東,2024-03-26,9625
1815,富喬,19,2,17,富邦-竹東,2024-03-26,9625
3010,華立,17,0,17,富邦-竹東,2024-03-26,9625
00927,群益半導體收益,17,0,17,富邦-竹東,2024-03-26,9625
2354,鴻準,24,7,17,富邦-竹東,2024-03-26,9625
00891,中信關鍵半導體,17,0,17,富邦-竹東,2024-03-26,9625
3540,曜越,17,1,16,富邦-竹東,2024-03-26,9625
1618,合機,88,73,15,富邦-竹東,2024-03-26,9625
2388,威盛,26,11,15,富邦-竹東,2024-03-26,9625
2605,新興,15,0,15,富邦-竹東,2024-03-26,9625
8070,長華*,20,5,15,富邦-竹東,2024-03-26,9625
2457,飛宏,17,2,15,富邦-竹東,2024-03-26,9625
6234,高僑,15,0,15,富邦-竹東,2024-03-26,9625
6443,元晶,22,7,15,富邦-竹東,2024-03-26,9625
2537,聯上發,15,0,15,富邦-竹東,2024-03-26,9625
8936,國統,54,40,14,富邦-竹東,2024-03-26,9625
6770,力積電,31,17,14,富邦-竹東,2024-03-26,9625
5381,合正,34,21,13,富邦-竹東,2024-03-26,9625
3363,上詮,19,6,13,富邦-竹東,2024-03-26,9625
3686,達能,13,0,13,富邦-竹東,2024-03-26,9625
00665L,富邦�琤肭磪囓�2,314,10,304,富邦-竹東,2024-03-27,9625
00929,復華台灣科技優息,240,42,198,富邦-竹東,2024-03-27,9625
00939,統一台灣高息動能,178,13,165,富邦-竹東,2024-03-27,9625
2883B,凱基金乙特,100,0,100,富邦-竹東,2024-03-27,9625
2371,大同,110,34,76,富邦-竹東,2024-03-27,9625
00937B,群益ESG投等債20,65,2,63,富邦-竹東,2024-03-27,9625
3042,晶技,58,1,57,富邦-竹東,2024-03-27,9625
2834,臺企銀,75,23,52,富邦-竹東,2024-03-27,9625
00680L,元大美債20正2,55,3,52,富邦-竹東,2024-03-27,9625
00919,群益台灣精選高息,95,48,47,富邦-竹東,2024-03-27,9625
2303,聯電,53,9,44,富邦-竹東,2024-03-27,9625
2317,鴻海,106,66,40,富邦-竹東,2024-03-27,9625
1722,台肥,41,2,39,富邦-竹東,2024-03-27,9625
1608,華榮,114,76,38,富邦-竹東,2024-03-27,9625
4526,東台,52,15,37,富邦-竹東,2024-03-27,9625
2323,中環,42,7,35,富邦-竹東,2024-03-27,9625
2344,華邦電,49,15,34,富邦-竹東,2024-03-27,9625
1609,大亞,57,26,31,富邦-竹東,2024-03-27,9625
2464,盟立,39,8,31,富邦-竹東,2024-03-27,9625
5880,合庫金,31,0,31,富邦-竹東,2024-03-27,9625
5243,乙盛-KY,32,2,30,富邦-竹東,2024-03-27,9625
1529,樂事綠能,27,0,27,富邦-竹東,2024-03-27,9625
1513,中興電,60,33,27,富邦-竹東,2024-03-27,9625
2301,光寶科,34,8,26,富邦-竹東,2024-03-27,9625
5381,合正,41,15,26,富邦-竹東,2024-03-27,9625
2392,正崴,31,5,26,富邦-竹東,2024-03-27,9625
00941,中信上游半導體,38,13,25,富邦-竹東,2024-03-27,9625
3188,鑫龍騰,25,0,25,富邦-竹東,2024-03-27,9625
1808,潤隆,30,10,20,富邦-竹東,2024-03-27,9625
6185,幃翔,20,0,20,富邦-竹東,2024-03-27,9625
2820,華票,20,0,20,富邦-竹東,2024-03-27,9625
9945,潤泰新,26,7,19,富邦-竹東,2024-03-27,9625
2342,茂矽,20,2,18,富邦-竹東,2024-03-27,9625
2412,中華電,21,3,18,富邦-竹東,2024-03-27,9625
4979,華星光,18,3,15,富邦-竹東,2024-03-27,9625
2365,昆盈,14,1,13,富邦-竹東,2024-03-27,9625
2338,光罩,13,0,13,富邦-竹東,2024-03-27,9625
3062,建漢,21,8,13,富邦-竹東,2024-03-27,9625
3036,文曄,12,0,12,富邦-竹東,2024-03-27,9625
6517,保勝光學,19,7,12,富邦-竹東,2024-03-27,9625
6741,91APP*-KY,12,0,12,富邦-竹東,2024-03-27,9625
00720B,元大投資級公司債,11,0,11,富邦-竹東,2024-03-27,9625
6443,元晶,12,1,11,富邦-竹東,2024-03-27,9625
2356,英業達,24,13,11,富邦-竹東,2024-03-27,9625
00887,永豐中國科技50大,11,0,11,富邦-竹東,2024-03-27,9625
2388,威盛,14,3,11,富邦-竹東,2024-03-27,9625
9933,中鼎,16,5,11,富邦-竹東,2024-03-27,9625
2610,華航,22,11,11,富邦-竹東,2024-03-27,9625
3545,敦泰,11,0,11,富邦-竹東,2024-03-27,9625
5483,中美晶,15,5,10,富邦-竹東,2024-03-27,9625
2354,鴻準,313,86,227,富邦-竹東,2024-03-28,9625
00939,統一台灣高息動能,171,34,137,富邦-竹東,2024-03-28,9625
00919,群益台灣精選高息,165,31,134,富邦-竹東,2024-03-28,9625
00937B,群益ESG投等債20,107,10,97,富邦-竹東,2024-03-28,9625
3706,神達,98,15,83,富邦-竹東,2024-03-28,9625
1101,台泥,104,26,78,富邦-竹東,2024-03-28,9625
00941,中信上游半導體,61,9,52,富邦-竹東,2024-03-28,9625
2834,臺企銀,51,3,48,富邦-竹東,2024-03-28,9625
2618,長榮航,49,10,39,富邦-竹東,2024-03-28,9625
2363,矽統,36,0,36,富邦-竹東,2024-03-28,9625
1447,力鵬,35,0,35,富邦-竹東,2024-03-28,9625
3062,建漢,45,13,32,富邦-竹東,2024-03-28,9625
2301,光寶科,35,5,30,富邦-竹東,2024-03-28,9625
5522,遠雄,30,0,30,富邦-竹東,2024-03-28,9625
2344,華邦電,30,5,25,富邦-竹東,2024-03-28,9625
8088,品安,42,19,23,富邦-竹東,2024-03-28,9625
00885,富邦越南,20,0,20,富邦-竹東,2024-03-28,9625
2832,台產,20,0,20,富邦-竹東,2024-03-28,9625
2353,宏��,37,17,20,富邦-竹東,2024-03-28,9625
2323,中環,20,0,20,富邦-竹東,2024-03-28,9625
2356,英業達,32,13,19,富邦-竹東,2024-03-28,9625
3027,盛達,19,0,19,富邦-竹東,2024-03-28,9625
00650L,復華香港正2,20,1,19,富邦-竹東,2024-03-28,9625
3704,合勤控,19,1,18,富邦-竹東,2024-03-28,9625
9906,欣巴巴,18,0,18,富邦-竹東,2024-03-28,9625
1582,信錦,17,0,17,富邦-竹東,2024-03-28,9625
4306,炎洲,19,2,17,富邦-竹東,2024-03-28,9625
8936,國統,50,33,17,富邦-竹東,2024-03-28,9625
4938,和碩,40,24,16,富邦-竹東,2024-03-28,9625
5381,合正,20,4,16,富邦-竹東,2024-03-28,9625
2458,義隆,15,0,15,富邦-竹東,2024-03-28,9625
00720B,元大投資級公司債,15,0,15,富邦-竹東,2024-03-28,9625
2603,長榮,28,14,14,富邦-竹東,2024-03-28,9625
3005,神基,46,31,15,富邦-竹東,2024-03-28,9625
1718,中纖,12,0,12,富邦-竹東,2024-03-28,9625
1603,華電,13,1,12,富邦-竹東,2024-03-28,9625
1789,神隆,12,1,11,富邦-竹東,2024-03-28,9625
3372,典範,13,2,11,富邦-竹東,2024-03-28,9625
00679B,元大美債20年,12,1,11,富邦-竹東,2024-03-28,9625
1616,億泰,16,5,11,富邦-竹東,2024-03-28,9625
5009,榮剛,15,4,11,富邦-竹東,2024-03-28,9625
3071,協禧,12,1,11,富邦-竹東,2024-03-28,9625
2882,國泰金,12,1,11,富邦-竹東,2024-03-28,9625
9945,潤泰新,11,1,10,富邦-竹東,2024-03-28,9625
00712,復華富時不動產,10,0,10,富邦-竹東,2024-03-28,9625
3356,奇偶,10,0,10,富邦-竹東,2024-03-28,9625
6120,達運,10,0,10,富邦-竹東,2024-03-28,9625
1608,華榮,67,57,10,富邦-竹東,2024-03-28,9625
6176,瑞儀,11,1,10,富邦-竹東,2024-03-28,9625
2515,中工,42,32,10,富邦-竹東,2024-03-28,9625
00673R,期元大S＆P原油反1,1002,0,1002,富邦-竹東,2024-03-29,9625
00632R,元大台灣50反1,598,0,598,富邦-竹東,2024-03-29,9625
00939,統一台灣高息動能,160,7,153,富邦-竹東,2024-03-29,9625
5309,系統電,160,21,139,富邦-竹東,2024-03-29,9625
00712,復華富時不動產,100,15,85,富邦-竹東,2024-03-29,9625
2317,鴻海,144,67,77,富邦-竹東,2024-03-29,9625
2324,仁寶,92,20,72,富邦-竹東,2024-03-29,9625
3576,聯合再生,65,1,64,富邦-竹東,2024-03-29,9625
2832,台產,61,0,61,富邦-竹東,2024-03-29,9625
5009,榮剛,61,4,57,富邦-竹東,2024-03-29,9625
2371,大同,159,105,54,富邦-竹東,2024-03-29,9625
2356,英業達,189,135,54,富邦-竹東,2024-03-29,9625
8110,華東,79,26,53,富邦-竹東,2024-03-29,9625
00941,中信上游半導體,42,0,42,富邦-竹東,2024-03-29,9625
00919,群益台灣精選高息,94,56,38,富邦-竹東,2024-03-29,9625
2328,廣宇,56,19,37,富邦-竹東,2024-03-29,9625
2365,昆盈,41,4,37,富邦-竹東,2024-03-29,9625
2303,聯電,76,41,35,富邦-竹東,2024-03-29,9625
6126,信音,39,4,35,富邦-竹東,2024-03-29,9625
2464,盟立,37,12,25,富邦-竹東,2024-03-29,9625
2301,光寶科,37,12,25,富邦-竹東,2024-03-29,9625
2009,第一銅,29,7,22,富邦-竹東,2024-03-29,9625
00885,富邦越南,21,0,21,富邦-竹東,2024-03-29,9625
3706,神達,38,17,21,富邦-竹東,2024-03-29,9625
6929,佑全,20,0,20,富邦-竹東,2024-03-29,9625
1220,台榮,20,0,20,富邦-竹東,2024-03-29,9625
5864,致和證,29,10,19,富邦-竹東,2024-03-29,9625
2323,中環,20,4,16,富邦-竹東,2024-03-29,9625
3691,碩禾,16,0,16,富邦-竹東,2024-03-29,9625
2887,台新金,14,0,14,富邦-竹東,2024-03-29,9625
6129,普誠,20,6,14,富邦-竹東,2024-03-29,9625
6207,雷科,14,1,13,富邦-竹東,2024-03-29,9625
00915,凱基優選高股息30,22,9,13,富邦-竹東,2024-03-29,9625
6443,元晶,12,0,12,富邦-竹東,2024-03-29,9625
3702,大聯大,11,0,11,富邦-竹東,2024-03-29,9625
2609,陽明,12,2,10,富邦-竹東,2024-03-29,9625
9919,康那香,50,40,10,富邦-竹東,2024-03-29,9625
6219,富旺,10,0,10,富邦-竹東,2024-03-29,9625
3558,神準,10,0,10,富邦-竹東,2024-03-29,9625
2834,臺企銀,18,9,9,富邦-竹東,2024-03-29,9625
8112,至上,9,0,9,富邦-竹東,2024-03-29,9625
3714,富采,8,0,8,富邦-竹東,2024-03-29,9625
00713,元大台灣高息低波,8,0,8,富邦-竹東,2024-03-29,9625
4108,懷特,8,0,8,富邦-竹東,2024-03-29,9625
3013,晟銘電,73,65,8,富邦-竹東,2024-03-29,9625
1612,宏泰,10,2,8,富邦-竹東,2024-03-29,9625
2458,義隆,8,0,8,富邦-竹東,2024-03-29,9625
4303,信立,20,12,8,富邦-竹東,2024-03-29,9625
4426,利勤,8,0,8,富邦-竹東,2024-03-29,9625
8054,安國,28,20,8,富邦-竹東,2024-03-29,9625
00940,元大台灣價值高息,1889,106,1783,富邦-竹東,2024-04-01,9625
00929,復華台灣科技優息,137,20,117,富邦-竹東,2024-04-01,9625
00939,統一台灣高息動能,119,8,111,富邦-竹東,2024-04-01,9625
2371,大同,148,38,110,富邦-竹東,2024-04-01,9625
00712,復華富時不動產,101,1,100,富邦-竹東,2024-04-01,9625
00919,群益台灣精選高息,100,36,64,富邦-竹東,2024-04-01,9625
2344,華邦電,131,78,53,富邦-竹東,2024-04-01,9625
00936,台新永續高息中小,50,0,50,富邦-竹東,2024-04-01,9625
2834,臺企銀,48,2,46,富邦-竹東,2024-04-01,9625
2009,第一銅,50,6,44,富邦-竹東,2024-04-01,9625
2303,聯電,54,11,43,富邦-竹東,2024-04-01,9625
00655L,國泰中國A50正2,40,0,40,富邦-竹東,2024-04-01,9625
2603,長榮,47,11,36,富邦-竹東,2024-04-01,9625
00937B,群益ESG投等債20,68,32,36,富邦-竹東,2024-04-01,9625
3231,緯創,64,28,36,富邦-竹東,2024-04-01,9625
2891,中信金,32,0,32,富邦-竹東,2024-04-01,9625
2609,陽明,34,2,32,富邦-竹東,2024-04-01,9625
3711,日月光投控,37,6,31,富邦-竹東,2024-04-01,9625
8054,安國,37,15,22,富邦-竹東,2024-04-01,9625
2317,鴻海,46,25,21,富邦-竹東,2024-04-01,9625
3706,神達,43,23,20,富邦-竹東,2024-04-01,9625
1513,中興電,36,16,20,富邦-竹東,2024-04-01,9625
1504,東元,26,7,19,富邦-竹東,2024-04-01,9625
00715L,期街口布蘭特正2,20,1,19,富邦-竹東,2024-04-01,9625
2832,台產,19,0,19,富邦-竹東,2024-04-01,9625
2323,中環,20,2,18,富邦-竹東,2024-04-01,9625
1582,信錦,24,6,18,富邦-竹東,2024-04-01,9625
2358,廷鑫,18,0,18,富邦-竹東,2024-04-01,9625
3036,文曄,18,1,17,富邦-竹東,2024-04-01,9625
6016,康和證,20,3,17,富邦-竹東,2024-04-01,9625
2353,宏��,21,6,15,富邦-竹東,2024-04-01,9625
3027,盛達,16,1,15,富邦-竹東,2024-04-01,9625
00941,中信上游半導體,31,17,14,富邦-竹東,2024-04-01,9625
2449,京元電子,17,3,14,富邦-竹東,2024-04-01,9625
3013,晟銘電,35,22,13,富邦-竹東,2024-04-01,9625
3617,碩天,13,1,12,富邦-竹東,2024-04-01,9625
4155,訊映,11,0,11,富邦-竹東,2024-04-01,9625
5009,榮剛,14,3,11,富邦-竹東,2024-04-01,9625
1609,大亞,26,15,11,富邦-竹東,2024-04-01,9625
1795,美時,16,6,10,富邦-竹東,2024-04-01,9625
00720B,元大投資級公司債,10,0,10,富邦-竹東,2024-04-01,9625
00891,中信關鍵半導體,10,0,10,富邦-竹東,2024-04-01,9625
8163,達方,10,0,10,富邦-竹東,2024-04-01,9625
5907,大洋-KY,10,0,10,富邦-竹東,2024-04-01,9625
00918,大華優利高填息30,10,0,10,富邦-竹東,2024-04-01,9625
6695,芯鼎,17,8,9,富邦-竹東,2024-04-01,9625
6128,上福,11,2,9,富邦-竹東,2024-04-01,9625
00878,國泰永續高股息,30,22,8,富邦-竹東,2024-04-01,9625
00935,野村臺灣新科技50,8,0,8,富邦-竹東,2024-04-01,9625
6414,樺漢,8,0,8,富邦-竹東,2024-04-01,9625
00940,元大台灣價值高息,599,16,583,富邦-竹東,2024-04-02,9625
00929,復華台灣科技優息,297,33,264,富邦-竹東,2024-04-02,9625
00937B,群益ESG投等債20,170,1,169,富邦-竹東,2024-04-02,9625
5009,榮剛,128,1,127,富邦-竹東,2024-04-02,9625
2883,凱基金,101,11,90,富邦-竹東,2024-04-02,9625
00665L,富邦�琤肭磪囓�2,60,5,55,富邦-竹東,2024-04-02,9625
00637L,元大滬深300正2,53,1,52,富邦-竹東,2024-04-02,9625
2356,英業達,68,20,48,富邦-竹東,2024-04-02,9625
00941,中信上游半導體,77,31,46,富邦-竹東,2024-04-02,9625
3380,明泰,73,28,45,富邦-竹東,2024-04-02,9625
00673R,期元大S＆P原油反1,45,1,44,富邦-竹東,2024-04-02,9625
00687B,國泰20年美債,42,0,42,富邦-竹東,2024-04-02,9625
00664R,國泰臺灣加權反1,40,0,40,富邦-竹東,2024-04-02,9625
00680L,元大美債20正2,140,100,40,富邦-竹東,2024-04-02,9625
2371,大同,81,43,38,富邦-竹東,2024-04-02,9625
2354,鴻準,52,16,36,富邦-竹東,2024-04-02,9625
1609,大亞,60,25,35,富邦-竹東,2024-04-02,9625
00679B,元大美債20年,37,2,35,富邦-竹東,2024-04-02,9625
00919,群益台灣精選高息,67,35,32,富邦-竹東,2024-04-02,9625
2832,台產,31,0,31,富邦-竹東,2024-04-02,9625
00712,復華富時不動產,29,0,29,富邦-竹東,2024-04-02,9625
00720B,元大投資級公司債,27,0,27,富邦-竹東,2024-04-02,9625
00688L,國泰20年美債正2,23,0,23,富邦-竹東,2024-04-02,9625
2611,志信,22,0,22,富邦-竹東,2024-04-02,9625
2323,中環,20,0,20,富邦-竹東,2024-04-02,9625
00655L,國泰中國A50正2,20,0,20,富邦-竹東,2024-04-02,9625
2408,南亞科,26,6,20,富邦-竹東,2024-04-02,9625
1725,元禎,20,1,19,富邦-竹東,2024-04-02,9625
6667,信紘科,25,7,18,富邦-竹東,2024-04-02,9625
00933B,國泰10Y+金融債,33,15,18,富邦-竹東,2024-04-02,9625
6189,豐藝,29,12,17,富邦-竹東,2024-04-02,9625
1604,聲寶,17,0,17,富邦-竹東,2024-04-02,9625
00751B,元大AAA至A公司債,26,10,16,富邦-竹東,2024-04-02,9625
3706,神達,18,3,15,富邦-竹東,2024-04-02,9625
5521,工信,17,3,14,富邦-竹東,2024-04-02,9625
1808,潤隆,17,4,13,富邦-竹東,2024-04-02,9625
5426,振發,13,0,13,富邦-竹東,2024-04-02,9625
1717,長興,12,0,12,富邦-竹東,2024-04-02,9625
2301,光寶科,34,22,12,富邦-竹東,2024-04-02,9625
6188,廣明,11,0,11,富邦-竹東,2024-04-02,9625
2887,台新金,15,5,10,富邦-竹東,2024-04-02,9625
2607,榮運,10,0,10,富邦-竹東,2024-04-02,9625
2367,燿華,12,2,10,富邦-竹東,2024-04-02,9625
2812,台中銀,10,0,10,富邦-竹東,2024-04-02,9625
2328,廣宇,10,0,10,富邦-竹東,2024-04-02,9625
8163,達方,10,0,10,富邦-竹東,2024-04-02,9625
2305,全友,10,0,10,富邦-竹東,2024-04-02,9625
2363,矽統,13,3,10,富邦-竹東,2024-04-02,9625
5371,中光電,10,1,9,富邦-竹東,2024-04-02,9625
2492,華新科,16,7,9,富邦-竹東,2024-04-02,9625
00632R,元大台灣50反1,615,150,465,富邦-竹東,2024-04-03,9625
00940,元大台灣價值高息,505,218,287,富邦-竹東,2024-04-03,9625
00664R,國泰臺灣加權反1,147,0,147,富邦-竹東,2024-04-03,9625
00733,富邦臺灣中小,139,0,139,富邦-竹東,2024-04-03,9625
00937B,群益ESG投等債20,133,3,130,富邦-竹東,2024-04-03,9625
00679B,元大美債20年,81,0,81,富邦-竹東,2024-04-03,9625
2303,聯電,70,0,70,富邦-竹東,2024-04-03,9625
2883,凱基金,61,4,57,富邦-竹東,2024-04-03,9625
2834,臺企銀,57,6,51,富邦-竹東,2024-04-03,9625
6213,聯茂,58,8,50,富邦-竹東,2024-04-03,9625
3673,TPK-KY,50,2,48,富邦-竹東,2024-04-03,9625
4157,太景*-KY,40,0,40,富邦-竹東,2024-04-03,9625
2845,遠東銀,32,0,32,富邦-竹東,2024-04-03,9625
2365,昆盈,31,0,31,富邦-竹東,2024-04-03,9625
1109,信大,30,0,30,富邦-竹東,2024-04-03,9625
2354,鴻準,41,11,30,富邦-竹東,2024-04-03,9625
2301,光寶科,36,7,29,富邦-竹東,2024-04-03,9625
00933B,國泰10Y+金融債,40,12,28,富邦-竹東,2024-04-03,9625
2515,中工,50,23,27,富邦-竹東,2024-04-03,9625
00919,群益台灣精選高息,90,63,27,富邦-竹東,2024-04-03,9625
00712,復華富時不動產,24,0,24,富邦-竹東,2024-04-03,9625
2317,鴻海,58,37,21,富邦-竹東,2024-04-03,9625
3013,晟銘電,33,12,21,富邦-竹東,2024-04-03,9625
3545,敦泰,21,0,21,富邦-竹東,2024-04-03,9625
2504,國產,21,0,21,富邦-竹東,2024-04-03,9625
00673R,期元大S＆P原油反1,22,1,21,富邦-竹東,2024-04-03,9625
5009,榮剛,21,1,20,富邦-竹東,2024-04-03,9625
2356,英業達,35,17,18,富邦-竹東,2024-04-03,9625
3055,蔚華科,23,5,18,富邦-竹東,2024-04-03,9625
2486,一詮,56,39,17,富邦-竹東,2024-04-03,9625
2537,聯上發,16,0,16,富邦-竹東,2024-04-03,9625
00687B,國泰20年美債,16,0,16,富邦-竹東,2024-04-03,9625
6196,帆宣,22,7,15,富邦-竹東,2024-04-03,9625
2501,國建,20,5,15,富邦-竹東,2024-04-03,9625
2328,廣宇,16,1,15,富邦-竹東,2024-04-03,9625
1612,宏泰,20,6,14,富邦-竹東,2024-04-03,9625
2353,宏��,27,13,14,富邦-竹東,2024-04-03,9625
3481,群創,13,0,13,富邦-竹東,2024-04-03,9625
2014,中鴻,43,30,13,富邦-竹東,2024-04-03,9625
2382,廣達,18,6,12,富邦-竹東,2024-04-03,9625
6189,豐藝,27,15,12,富邦-竹東,2024-04-03,9625
2882,國泰金,11,0,11,富邦-竹東,2024-04-03,9625
3260,威剛,12,1,11,富邦-竹東,2024-04-03,9625
2313,華通,11,0,11,富邦-竹東,2024-04-03,9625
00680L,元大美債20正2,11,0,11,富邦-竹東,2024-04-03,9625
00927,群益半導體收益,11,0,11,富邦-竹東,2024-04-03,9625
1568,倉佑,11,0,11,富邦-竹東,2024-04-03,9625
00708L,期元大S＆P黃金正2,10,0,10,富邦-竹東,2024-04-03,9625
4114,健喬,10,0,10,富邦-竹東,2024-04-03,9625
2409,友達,10,0,10,富邦-竹東,2024-04-03,9625
00632R,元大台灣50反1,585,0,585,富邦-竹東,2024-04-08,9625
00929,復華台灣科技優息,480,18,462,富邦-竹東,2024-04-08,9625
00665L,富邦�琤肭磪囓�2,626,216,410,富邦-竹東,2024-04-08,9625
00940,元大台灣價值高息,369,166,203,富邦-竹東,2024-04-08,9625
00664R,國泰臺灣加權反1,183,0,183,富邦-竹東,2024-04-08,9625
00937B,群益ESG投等債20,193,26,167,富邦-竹東,2024-04-08,9625
00680L,元大美債20正2,220,54,166,富邦-竹東,2024-04-08,9625
4510,高鋒,97,0,97,富邦-竹東,2024-04-08,9625
00687B,國泰20年美債,105,29,76,富邦-竹東,2024-04-08,9625
00679B,元大美債20年,65,0,65,富邦-竹東,2024-04-08,9625
00919,群益台灣精選高息,90,29,61,富邦-竹東,2024-04-08,9625
4938,和碩,61,5,56,富邦-竹東,2024-04-08,9625
00927,群益半導體收益,55,0,55,富邦-竹東,2024-04-08,9625
2888,新光金,56,10,46,富邦-竹東,2024-04-08,9625
00720B,元大投資級公司債,45,0,45,富邦-竹東,2024-04-08,9625
2516,新建,40,5,35,富邦-竹東,2024-04-08,9625
00637L,元大滬深300正2,40,6,34,富邦-竹東,2024-04-08,9625
2618,長榮航,43,10,33,富邦-竹東,2024-04-08,9625
00900,富邦特選高股息30,30,0,30,富邦-竹東,2024-04-08,9625
00706L,期元大S＆P日圓正2,30,0,30,富邦-竹東,2024-04-08,9625
2855,統一證,30,1,29,富邦-竹東,2024-04-08,9625
1609,大亞,49,20,29,富邦-竹東,2024-04-08,9625
2317,鴻海,66,39,27,富邦-竹東,2024-04-08,9625
6163,華電網,26,0,26,富邦-竹東,2024-04-08,9625
4968,立積,23,0,23,富邦-竹東,2024-04-08,9625
00688L,國泰20年美債正2,32,10,22,富邦-竹東,2024-04-08,9625
2374,佳能,67,46,21,富邦-竹東,2024-04-08,9625
2344,華邦電,21,0,21,富邦-竹東,2024-04-08,9625
2356,英業達,27,6,21,富邦-竹東,2024-04-08,9625
1514,亞力,40,20,20,富邦-竹東,2024-04-08,9625
3360,尚立,20,1,19,富邦-竹東,2024-04-08,9625
1102,亞泥,20,1,19,富邦-竹東,2024-04-08,9625
4958,臻鼎-KY,20,3,17,富邦-竹東,2024-04-08,9625
2324,仁寶,19,3,16,富邦-竹東,2024-04-08,9625
5443,均豪,27,11,16,富邦-竹東,2024-04-08,9625
1786,科妍,15,0,15,富邦-竹東,2024-04-08,9625
00673R,期元大S＆P原油反1,15,0,15,富邦-竹東,2024-04-08,9625
4526,東台,15,0,15,富邦-竹東,2024-04-08,9625
6120,達運,83,68,15,富邦-竹東,2024-04-08,9625
2409,友達,20,6,14,富邦-竹東,2024-04-08,9625
3122,笙泉,14,0,14,富邦-竹東,2024-04-08,9625
8926,台汽電,14,0,14,富邦-竹東,2024-04-08,9625
6548,長科*,14,0,14,富邦-竹東,2024-04-08,9625
00733,富邦臺灣中小,14,0,14,富邦-竹東,2024-04-08,9625
5355,佳總,14,0,14,富邦-竹東,2024-04-08,9625
3027,盛達,14,0,14,富邦-竹東,2024-04-08,9625
5498,凱崴,14,0,14,富邦-竹東,2024-04-08,9625
2834,臺企銀,53,40,13,富邦-竹東,2024-04-08,9625
3545,敦泰,13,0,13,富邦-竹東,2024-04-08,9625
1605,華新,18,5,13,富邦-竹東,2024-04-08,9625
00929,復華台灣科技優息,212,68,144,富邦-竹東,2024-04-09,9625
00680L,元大美債20正2,108,1,107,富邦-竹東,2024-04-09,9625
00673R,期元大S＆P原油反1,82,0,82,富邦-竹東,2024-04-09,9625
3231,緯創,167,86,81,富邦-竹東,2024-04-09,9625
3306,鼎天,77,2,75,富邦-竹東,2024-04-09,9625
00919,群益台灣精選高息,93,21,72,富邦-竹東,2024-04-09,9625
8112,至上,60,10,50,富邦-竹東,2024-04-09,9625
3339,泰谷,47,2,45,富邦-竹東,2024-04-09,9625
2313,華通,35,0,35,富邦-竹東,2024-04-09,9625
00679B,元大美債20年,36,3,33,富邦-竹東,2024-04-09,9625
6213,聯茂,54,21,33,富邦-竹東,2024-04-09,9625
9955,佳龍,33,1,32,富邦-竹東,2024-04-09,9625
1605,華新,74,44,30,富邦-竹東,2024-04-09,9625
6189,豐藝,64,35,29,富邦-竹東,2024-04-09,9625
00733,富邦臺灣中小,26,0,26,富邦-竹東,2024-04-09,9625
6188,廣明,32,9,23,富邦-竹東,2024-04-09,9625
0056,元大高股息,24,1,23,富邦-竹東,2024-04-09,9625
4510,高鋒,22,0,22,富邦-竹東,2024-04-09,9625
5443,均豪,35,13,22,富邦-竹東,2024-04-09,9625
6753,龍德造船,20,0,20,富邦-竹東,2024-04-09,9625
00891,中信關鍵半導體,20,0,20,富邦-竹東,2024-04-09,9625
00719B,元大美債1-3,20,0,20,富邦-竹東,2024-04-09,9625
9945,潤泰新,30,10,20,富邦-竹東,2024-04-09,9625
2882,國泰金,26,7,19,富邦-竹東,2024-04-09,9625
3266,昇陽,19,0,19,富邦-竹東,2024-04-09,9625
3363,上詮,29,10,19,富邦-竹東,2024-04-09,9625
2354,鴻準,43,24,19,富邦-竹東,2024-04-09,9625
6234,高僑,19,0,19,富邦-竹東,2024-04-09,9625
3588,通嘉,18,0,18,富邦-竹東,2024-04-09,9625
5225,東科-KY,18,0,18,富邦-竹東,2024-04-09,9625
2375,凱美,18,0,18,富邦-竹東,2024-04-09,9625
8011,台通,19,1,18,富邦-竹東,2024-04-09,9625
2467,志聖,19,2,17,富邦-竹東,2024-04-09,9625
1316,上曜,20,3,17,富邦-竹東,2024-04-09,9625
1808,潤隆,15,0,15,富邦-竹東,2024-04-09,9625
4306,炎洲,23,10,13,富邦-竹東,2024-04-09,9625
4958,臻鼎-KY,14,1,13,富邦-竹東,2024-04-09,9625
8936,國統,13,0,13,富邦-竹東,2024-04-09,9625
2486,一詮,38,25,13,富邦-竹東,2024-04-09,9625
2028,威致,13,1,12,富邦-竹東,2024-04-09,9625
5347,世界,24,12,12,富邦-竹東,2024-04-09,9625
3481,群創,27,16,11,富邦-竹東,2024-04-09,9625
2206,三陽工業,11,0,11,富邦-竹東,2024-04-09,9625
2023,燁輝,12,1,11,富邦-竹東,2024-04-09,9625
4938,和碩,11,1,10,富邦-竹東,2024-04-09,9625
1231,聯華食,10,0,10,富邦-竹東,2024-04-09,9625
3563,牧德,10,0,10,富邦-竹東,2024-04-09,9625
2515,中工,26,16,10,富邦-竹東,2024-04-09,9625
912000,晨訊科-DR,10,0,10,富邦-竹東,2024-04-09,9625
00676R,富邦臺灣加權反1,10,0,10,富邦-竹東,2024-04-09,9625
00671R,富邦NASDAQ反1,718,0,718,富邦-竹東,2024-04-10,9625
00937B,群益ESG投等債20,303,5,298,富邦-竹東,2024-04-10,9625
00940,元大台灣價值高息,408,149,259,富邦-竹東,2024-04-10,9625
2353,宏��,124,11,113,富邦-竹東,2024-04-10,9625
00919,群益台灣精選高息,124,32,92,富邦-竹東,2024-04-10,9625
00909,國泰數位支付服務,84,0,84,富邦-竹東,2024-04-10,9625
2329,華泰,111,30,81,富邦-竹東,2024-04-10,9625
2303,聯電,160,96,64,富邦-竹東,2024-04-10,9625
2888,新光金,65,4,61,富邦-竹東,2024-04-10,9625
2634,漢翔,110,58,52,富邦-竹東,2024-04-10,9625
5864,致和證,48,0,48,富邦-竹東,2024-04-10,9625
1608,華榮,57,13,44,富邦-竹東,2024-04-10,9625
2317,鴻海,78,36,42,富邦-竹東,2024-04-10,9625
3691,碩禾,39,2,37,富邦-竹東,2024-04-10,9625
00941,中信上游半導體,31,0,31,富邦-竹東,2024-04-10,9625
1786,科妍,41,11,30,富邦-竹東,2024-04-10,9625
3231,緯創,52,23,29,富邦-竹東,2024-04-10,9625
2883,凱基金,60,32,28,富邦-竹東,2024-04-10,9625
2618,長榮航,34,7,27,富邦-竹東,2024-04-10,9625
2002,中鋼,32,6,26,富邦-竹東,2024-04-10,9625
2515,中工,51,26,25,富邦-竹東,2024-04-10,9625
3481,群創,53,29,24,富邦-竹東,2024-04-10,9625
1905,華紙,22,0,22,富邦-竹東,2024-04-10,9625
8096,擎亞,54,34,20,富邦-竹東,2024-04-10,9625
1515,力山,22,2,20,富邦-竹東,2024-04-10,9625
1513,中興電,43,24,19,富邦-竹東,2024-04-10,9625
2408,南亞科,41,22,19,富邦-竹東,2024-04-10,9625
3715,定穎投控,27,8,19,富邦-竹東,2024-04-10,9625
2603,長榮,28,10,18,富邦-竹東,2024-04-10,9625
8936,國統,19,2,17,富邦-竹東,2024-04-10,9625
2324,仁寶,29,12,17,富邦-竹東,2024-04-10,9625
8064,東捷,17,0,17,富邦-竹東,2024-04-10,9625
2007,燁興,17,0,17,富邦-竹東,2024-04-10,9625
2516,新建,16,0,16,富邦-竹東,2024-04-10,9625
1714,和桐,16,0,16,富邦-竹東,2024-04-10,9625
6259,百徽,16,0,16,富邦-竹東,2024-04-10,9625
2501,國建,17,1,16,富邦-竹東,2024-04-10,9625
00887,永豐中國科技50大,15,0,15,富邦-竹東,2024-04-10,9625
6290,良維,16,1,15,富邦-竹東,2024-04-10,9625
4168,醣聯,17,3,14,富邦-竹東,2024-04-10,9625
6443,元晶,18,4,14,富邦-竹東,2024-04-10,9625
6213,聯茂,28,14,14,富邦-竹東,2024-04-10,9625
00673R,期元大S＆P原油反1,13,0,13,富邦-竹東,2024-04-10,9625
2468,華經,14,1,13,富邦-竹東,2024-04-10,9625
2208,台船,21,8,13,富邦-竹東,2024-04-10,9625
2382,廣達,26,13,13,富邦-竹東,2024-04-10,9625
1503,士電,27,15,12,富邦-竹東,2024-04-10,9625
5871,中租-KY,15,4,11,富邦-竹東,2024-04-10,9625
1717,長興,37,26,11,富邦-竹東,2024-04-10,9625
2014,中鴻,19,8,11,富邦-竹東,2024-04-10,9625
00632R,元大台灣50反1,566,5,561,富邦-竹東,2024-04-11,9625
3481,群創,236,16,220,富邦-竹東,2024-04-11,9625
00665L,富邦�琤肭磪囓�2,202,0,202,富邦-竹東,2024-04-11,9625
00712,復華富時不動產,137,0,137,富邦-竹東,2024-04-11,9625
00687B,國泰20年美債,155,22,133,富邦-竹東,2024-04-11,9625
8011,台通,120,28,92,富邦-竹東,2024-04-11,9625
2610,華航,112,24,88,富邦-竹東,2024-04-11,9625
00937B,群益ESG投等債20,110,24,86,富邦-竹東,2024-04-11,9625
2303,聯電,91,18,73,富邦-竹東,2024-04-11,9625
2850,新產,62,0,62,富邦-竹東,2024-04-11,9625
2882,國泰金,62,5,57,富邦-竹東,2024-04-11,9625
00933B,國泰10Y+金融債,53,1,52,富邦-竹東,2024-04-11,9625
1529,樂事綠能,60,11,49,富邦-竹東,2024-04-11,9625
2317,鴻海,90,41,49,富邦-竹東,2024-04-11,9625
1605,華新,54,8,46,富邦-竹東,2024-04-11,9625
5864,致和證,46,1,45,富邦-竹東,2024-04-11,9625
00679B,元大美債20年,90,48,42,富邦-竹東,2024-04-11,9625
2371,大同,53,19,34,富邦-竹東,2024-04-11,9625
4714,永捷,34,1,33,富邦-竹東,2024-04-11,9625
2634,漢翔,64,33,31,富邦-竹東,2024-04-11,9625
2313,華通,30,0,30,富邦-竹東,2024-04-11,9625
00720B,元大投資級公司債,29,0,29,富邦-竹東,2024-04-11,9625
00673R,期元大S＆P原油反1,29,0,29,富邦-竹東,2024-04-11,9625
3231,緯創,57,30,27,富邦-竹東,2024-04-11,9625
6217,中探針,25,2,23,富邦-竹東,2024-04-11,9625
6789,采鈺,26,4,22,富邦-竹東,2024-04-11,9625
1714,和桐,20,0,20,富邦-竹東,2024-04-11,9625
2409,友達,22,2,20,富邦-竹東,2024-04-11,9625
8996,高力,20,0,20,富邦-竹東,2024-04-11,9625
2630,亞航,60,41,19,富邦-竹東,2024-04-11,9625
2332,友訊,18,0,18,富邦-竹東,2024-04-11,9625
8096,擎亞,22,4,18,富邦-竹東,2024-04-11,9625
8086,宏捷科,17,0,17,富邦-竹東,2024-04-11,9625
6128,上福,17,0,17,富邦-竹東,2024-04-11,9625
2888,新光金,31,15,16,富邦-竹東,2024-04-11,9625
6770,力積電,23,7,16,富邦-竹東,2024-04-11,9625
00751B,元大AAA至A公司債,17,1,16,富邦-竹東,2024-04-11,9625
2301,光寶科,16,0,16,富邦-竹東,2024-04-11,9625
00941,中信上游半導體,23,8,15,富邦-竹東,2024-04-11,9625
5328,華容,17,2,15,富邦-竹東,2024-04-11,9625
2605,新興,18,3,15,富邦-竹東,2024-04-11,9625
2885,元大金,15,1,14,富邦-竹東,2024-04-11,9625
1808,潤隆,14,0,14,富邦-竹東,2024-04-11,9625
2501,國建,25,11,14,富邦-竹東,2024-04-11,9625
00931B,統一美債20年,13,0,13,富邦-竹東,2024-04-11,9625
00772B,中信高評級公司債,13,0,13,富邦-竹東,2024-04-11,9625
00795B,中信美國公債20年,13,0,13,富邦-竹東,2024-04-11,9625
3260,威剛,17,4,13,富邦-竹東,2024-04-11,9625
6215,和椿,24,12,12,富邦-竹東,2024-04-11,9625
2352,佳世達,11,0,11,富邦-竹東,2024-04-11,9625
00940,元大台灣價值高息,385,119,266,富邦-竹東,2024-04-12,9625
5880,合庫金,183,0,183,富邦-竹東,2024-04-12,9625
00665L,富邦�琤肭磪囓�2,100,0,100,富邦-竹東,2024-04-12,9625
1504,東元,144,51,93,富邦-竹東,2024-04-12,9625
8011,台通,101,18,83,富邦-竹東,2024-04-12,9625
2610,華航,117,39,78,富邦-竹東,2024-04-12,9625
2618,長榮航,76,3,73,富邦-竹東,2024-04-12,9625
00929,復華台灣科技優息,84,21,63,富邦-竹東,2024-04-12,9625
00933B,國泰10Y+金融債,67,5,62,富邦-竹東,2024-04-12,9625
2834,臺企銀,58,0,58,富邦-竹東,2024-04-12,9625
00687B,國泰20年美債,55,0,55,富邦-竹東,2024-04-12,9625
00941,中信上游半導體,64,11,53,富邦-竹東,2024-04-12,9625
00878,國泰永續高股息,56,4,52,富邦-竹東,2024-04-12,9625
2353,宏��,113,69,44,富邦-竹東,2024-04-12,9625
00937B,群益ESG投等債20,43,1,42,富邦-竹東,2024-04-12,9625
00680L,元大美債20正2,41,0,41,富邦-竹東,2024-04-12,9625
2363,矽統,152,114,38,富邦-竹東,2024-04-12,9625
2382,廣達,35,3,32,富邦-竹東,2024-04-12,9625
2883,凱基金,33,3,30,富邦-竹東,2024-04-12,9625
3339,泰谷,28,0,28,富邦-竹東,2024-04-12,9625
00637L,元大滬深300正2,27,0,27,富邦-竹東,2024-04-12,9625
00679B,元大美債20年,31,5,26,富邦-竹東,2024-04-12,9625
2409,友達,26,0,26,富邦-竹東,2024-04-12,9625
1714,和桐,25,0,25,富邦-竹東,2024-04-12,9625
6548,長科*,30,5,25,富邦-竹東,2024-04-12,9625
00733,富邦臺灣中小,23,0,23,富邦-竹東,2024-04-12,9625
2352,佳世達,22,0,22,富邦-竹東,2024-04-12,9625
2368,金像電,23,1,22,富邦-竹東,2024-04-12,9625
2634,漢翔,20,0,20,富邦-竹東,2024-04-12,9625
00772B,中信高評級公司債,20,0,20,富邦-竹東,2024-04-12,9625
00919,群益台灣精選高息,79,61,18,富邦-竹東,2024-04-12,9625
5425,台半,25,7,18,富邦-竹東,2024-04-12,9625
2329,華泰,25,7,18,富邦-竹東,2024-04-12,9625
2104,國際中橡,18,0,18,富邦-竹東,2024-04-12,9625
2316,楠梓電,27,10,17,富邦-竹東,2024-04-12,9625
9924,福興,17,0,17,富邦-竹東,2024-04-12,9625
3060,銘異,20,4,16,富邦-竹東,2024-04-12,9625
00671R,富邦NASDAQ反1,15,0,15,富邦-竹東,2024-04-12,9625
00931B,統一美債20年,15,0,15,富邦-竹東,2024-04-12,9625
1905,華紙,16,1,15,富邦-竹東,2024-04-12,9625
1605,華新,31,16,15,富邦-竹東,2024-04-12,9625
2881,富邦金,15,0,15,富邦-竹東,2024-04-12,9625
3356,奇偶,14,1,13,富邦-竹東,2024-04-12,9625
00688L,國泰20年美債正2,13,0,13,富邦-竹東,2024-04-12,9625
8210,勤誠,21,8,13,富邦-竹東,2024-04-12,9625
4960,誠美材,23,10,13,富邦-竹東,2024-04-12,9625
3588,通嘉,14,1,13,富邦-竹東,2024-04-12,9625
3441,聯一光,13,0,13,富邦-竹東,2024-04-12,9625
3481,群創,12,0,12,富邦-竹東,2024-04-12,9625
0056,元大高股息,17,5,12,富邦-竹東,2024-04-12,9625
00632R,元大台灣50反1,819,110,709,富邦-竹東,2024-04-15,9625
00929,復華台灣科技優息,622,138,484,富邦-竹東,2024-04-15,9625
00937B,群益ESG投等債20,371,70,301,富邦-竹東,2024-04-15,9625
00927,群益半導體收益,204,3,201,富邦-竹東,2024-04-15,9625
5864,致和證,191,0,191,富邦-竹東,2024-04-15,9625
00940,元大台灣價值高息,289,149,140,富邦-竹東,2024-04-15,9625
3372,典範,68,2,66,富邦-竹東,2024-04-15,9625
2367,燿華,95,31,64,富邦-竹東,2024-04-15,9625
3622,洋華,69,7,62,富邦-竹東,2024-04-15,9625
9945,潤泰新,55,0,55,富邦-竹東,2024-04-15,9625
2867,三商壽,52,1,51,富邦-竹東,2024-04-15,9625
00909,國泰數位支付服務,51,0,51,富邦-竹東,2024-04-15,9625
2303,聯電,59,8,51,富邦-竹東,2024-04-15,9625
00919,群益台灣精選高息,127,78,49,富邦-竹東,2024-04-15,9625
00687B,國泰20年美債,47,2,45,富邦-竹東,2024-04-15,9625
2371,大同,168,124,44,富邦-竹東,2024-04-15,9625
2014,中鴻,44,2,42,富邦-竹東,2024-04-15,9625
3588,通嘉,50,13,37,富邦-竹東,2024-04-15,9625
00878,國泰永續高股息,58,24,34,富邦-竹東,2024-04-15,9625
1513,中興電,98,65,33,富邦-竹東,2024-04-15,9625
1605,華新,111,78,33,富邦-竹東,2024-04-15,9625
3450,聯鈞,32,0,32,富邦-竹東,2024-04-15,9625
1618,合機,56,26,30,富邦-竹東,2024-04-15,9625
00941,中信上游半導體,30,3,27,富邦-竹東,2024-04-15,9625
00896,中信綠能及電動車,28,1,27,富邦-竹東,2024-04-15,9625
3712,永崴投控,33,7,26,富邦-竹東,2024-04-15,9625
1529,樂事綠能,29,3,26,富邦-竹東,2024-04-15,9625
2408,南亞科,28,3,25,富邦-竹東,2024-04-15,9625
4157,太景*-KY,23,0,23,富邦-竹東,2024-04-15,9625
1608,華榮,68,45,23,富邦-竹東,2024-04-15,9625
5258,虹堡,22,0,22,富邦-竹東,2024-04-15,9625
9955,佳龍,22,0,22,富邦-竹東,2024-04-15,9625
2374,佳能,36,14,22,富邦-竹東,2024-04-15,9625
00720B,元大投資級公司債,21,0,21,富邦-竹東,2024-04-15,9625
1504,東元,50,30,20,富邦-竹東,2024-04-15,9625
3691,碩禾,21,1,20,富邦-竹東,2024-04-15,9625
00679B,元大美債20年,20,0,20,富邦-竹東,2024-04-15,9625
6188,廣明,27,7,20,富邦-竹東,2024-04-15,9625
6016,康和證,20,0,20,富邦-竹東,2024-04-15,9625
8358,金居,24,4,20,富邦-竹東,2024-04-15,9625
00753L,中信中國50正2,20,1,19,富邦-竹東,2024-04-15,9625
6806,森崴能源,20,3,17,富邦-竹東,2024-04-15,9625
00751B,元大AAA至A公司債,17,0,17,富邦-竹東,2024-04-15,9625
00918,大華優利高填息30,17,0,17,富邦-竹東,2024-04-15,9625
2634,漢翔,52,35,17,富邦-竹東,2024-04-15,9625
3231,緯創,55,39,16,富邦-竹東,2024-04-15,9625
00712,復華富時不動產,16,0,16,富邦-竹東,2024-04-15,9625
2368,金像電,22,6,16,富邦-竹東,2024-04-15,9625
2390,云辰,16,0,16,富邦-竹東,2024-04-15,9625
2444,兆勁,16,0,16,富邦-竹東,2024-04-15,9625
00940,元大台灣價值高息,791,16,775,富邦-竹東,2024-04-16,9625
00632R,元大台灣50反1,932,404,528,富邦-竹東,2024-04-16,9625
00929,復華台灣科技優息,576,119,457,富邦-竹東,2024-04-16,9625
00937B,群益ESG投等債20,294,39,255,富邦-竹東,2024-04-16,9625
00919,群益台灣精選高息,422,197,225,富邦-竹東,2024-04-16,9625
3231,緯創,123,16,107,富邦-竹東,2024-04-16,9625
00878,國泰永續高股息,179,78,101,富邦-竹東,2024-04-16,9625
00665L,富邦�琤肭磪囓�2,400,301,99,富邦-竹東,2024-04-16,9625
0056,元大高股息,153,55,98,富邦-竹東,2024-04-16,9625
00918,大華優利高填息30,85,0,85,富邦-竹東,2024-04-16,9625
2883,凱基金,98,16,82,富邦-竹東,2024-04-16,9625
1609,大亞,290,209,81,富邦-竹東,2024-04-16,9625
00671R,富邦NASDAQ反1,75,0,75,富邦-竹東,2024-04-16,9625
6016,康和證,72,0,72,富邦-竹東,2024-04-16,9625
2867,三商壽,78,9,69,富邦-竹東,2024-04-16,9625
2367,燿華,142,76,66,富邦-竹東,2024-04-16,9625
00669R,國泰美國道瓊反1,60,0,60,富邦-竹東,2024-04-16,9625
2014,中鴻,58,0,58,富邦-竹東,2024-04-16,9625
1303,南亞,54,0,54,富邦-竹東,2024-04-16,9625
2892,第一金,54,0,54,富邦-竹東,2024-04-16,9625
2834,臺企銀,75,22,53,富邦-竹東,2024-04-16,9625
00927,群益半導體收益,51,0,51,富邦-竹東,2024-04-16,9625
1714,和桐,55,4,51,富邦-竹東,2024-04-16,9625
2303,聯電,77,27,50,富邦-竹東,2024-04-16,9625
2317,鴻海,96,48,48,富邦-竹東,2024-04-16,9625
2323,中環,40,0,40,富邦-竹東,2024-04-16,9625
2374,佳能,46,7,39,富邦-竹東,2024-04-16,9625
2382,廣達,48,11,37,富邦-竹東,2024-04-16,9625
3260,威剛,47,10,37,富邦-竹東,2024-04-16,9625
00679B,元大美債20年,41,5,36,富邦-竹東,2024-04-16,9625
2313,華通,41,6,35,富邦-竹東,2024-04-16,9625
00706L,期元大S＆P日圓正2,40,5,35,富邦-竹東,2024-04-16,9625
00637L,元大滬深300正2,37,3,34,富邦-竹東,2024-04-16,9625
1905,華紙,32,0,32,富邦-竹東,2024-04-16,9625
00720B,元大投資級公司債,35,5,30,富邦-竹東,2024-04-16,9625
2881,富邦金,28,0,28,富邦-竹東,2024-04-16,9625
8110,華東,38,10,28,富邦-竹東,2024-04-16,9625
6283,淳安,37,11,26,富邦-竹東,2024-04-16,9625
2390,云辰,26,0,26,富邦-竹東,2024-04-16,9625
1618,合機,80,54,26,富邦-竹東,2024-04-16,9625
00900,富邦特選高股息30,49,25,24,富邦-竹東,2024-04-16,9625
2002,中鋼,31,7,24,富邦-竹東,2024-04-16,9625
2409,友達,74,51,23,富邦-竹東,2024-04-16,9625
00687B,國泰20年美債,29,6,23,富邦-竹東,2024-04-16,9625
00673R,期元大S＆P原油反1,22,0,22,富邦-竹東,2024-04-16,9625
2330,台積電,38,16,22,富邦-竹東,2024-04-16,9625
4157,太景*-KY,21,0,21,富邦-竹東,2024-04-16,9625
00638R,元大滬深300反1,20,0,20,富邦-竹東,2024-04-16,9625
6188,廣明,23,3,20,富邦-竹東,2024-04-16,9625
1605,華新,45,26,19,富邦-竹東,2024-04-16,9625
00632R,元大台灣50反1,447,11,436,富邦-竹東,2024-04-17,9625
00937B,群益ESG投等債20,319,6,313,富邦-竹東,2024-04-17,9625
00929,復華台灣科技優息,266,13,253,富邦-竹東,2024-04-17,9625
3260,威剛,191,14,177,富邦-竹東,2024-04-17,9625
2409,友達,105,1,104,富邦-竹東,2024-04-17,9625
3481,群創,76,0,76,富邦-竹東,2024-04-17,9625
0056,元大高股息,141,77,64,富邦-竹東,2024-04-17,9625
00753L,中信中國50正2,64,0,64,富邦-竹東,2024-04-17,9625
00919,群益台灣精選高息,70,9,61,富邦-竹東,2024-04-17,9625
3231,緯創,77,22,55,富邦-竹東,2024-04-17,9625
2618,長榮航,81,26,55,富邦-竹東,2024-04-17,9625
3588,通嘉,58,9,49,富邦-竹東,2024-04-17,9625
2834,臺企銀,59,10,49,富邦-竹東,2024-04-17,9625
2317,鴻海,74,26,48,富邦-竹東,2024-04-17,9625
6125,廣運,59,12,47,富邦-竹東,2024-04-17,9625
00878,國泰永續高股息,88,44,44,富邦-竹東,2024-04-17,9625
00712,復華富時不動產,44,0,44,富邦-竹東,2024-04-17,9625
00679B,元大美債20年,41,0,41,富邦-竹東,2024-04-17,9625
2353,宏��,53,13,40,富邦-竹東,2024-04-17,9625
00671R,富邦NASDAQ反1,40,0,40,富邦-竹東,2024-04-17,9625
00857B,永豐20年美公債,40,0,40,富邦-竹東,2024-04-17,9625
2371,大同,188,148,40,富邦-竹東,2024-04-17,9625
2303,聯電,62,29,33,富邦-竹東,2024-04-17,9625
00915,凱基優選高股息30,39,7,32,富邦-竹東,2024-04-17,9625
00933B,國泰10Y+金融債,33,2,31,富邦-竹東,2024-04-17,9625
5880,合庫金,30,0,30,富邦-竹東,2024-04-17,9625
1326,台化,30,1,29,富邦-竹東,2024-04-17,9625
2301,光寶科,40,12,28,富邦-竹東,2024-04-17,9625
00905,FT臺灣Smart,28,0,28,富邦-竹東,2024-04-17,9625
2897,王道銀行,27,0,27,富邦-竹東,2024-04-17,9625
00941,中信上游半導體,26,0,26,富邦-竹東,2024-04-17,9625
1810,和成,37,13,24,富邦-竹東,2024-04-17,9625
00720B,元大投資級公司債,22,0,22,富邦-竹東,2024-04-17,9625
00927,群益半導體收益,22,0,22,富邦-竹東,2024-04-17,9625
00751B,元大AAA至A公司債,20,0,20,富邦-竹東,2024-04-17,9625
2002,中鋼,26,6,20,富邦-竹東,2024-04-17,9625
2610,華航,28,8,20,富邦-竹東,2024-04-17,9625
00706L,期元大S＆P日圓正2,20,0,20,富邦-竹東,2024-04-17,9625
00665L,富邦�琤肭磪囓�2,20,0,20,富邦-竹東,2024-04-17,9625
1608,華榮,35,15,20,富邦-竹東,2024-04-17,9625
8033,雷虎,21,2,19,富邦-竹東,2024-04-17,9625
00637L,元大滬深300正2,21,3,18,富邦-竹東,2024-04-17,9625
00687B,國泰20年美債,18,0,18,富邦-竹東,2024-04-17,9625
2882,國泰金,17,0,17,富邦-竹東,2024-04-17,9625
2009,第一銅,33,16,17,富邦-竹東,2024-04-17,9625
3706,神達,28,11,17,富邦-竹東,2024-04-17,9625
2367,燿華,28,12,16,富邦-竹東,2024-04-17,9625
5258,虹堡,16,0,16,富邦-竹東,2024-04-17,9625
3013,晟銘電,34,19,15,富邦-竹東,2024-04-17,9625
3035,智原,16,1,15,富邦-竹東,2024-04-17,9625
00929,復華台灣科技優息,248,59,189,富邦-竹東,2024-04-18,9625
00937B,群益ESG投等債20,144,3,141,富邦-竹東,2024-04-18,9625
5522,遠雄,98,0,98,富邦-竹東,2024-04-18,9625
2329,華泰,88,14,74,富邦-竹東,2024-04-18,9625
0056,元大高股息,71,7,64,富邦-竹東,2024-04-18,9625
3052,夆典,62,1,61,富邦-竹東,2024-04-18,9625
1605,華新,232,177,55,富邦-竹東,2024-04-18,9625
6257,矽格,52,0,52,富邦-竹東,2024-04-18,9625
00919,群益台灣精選高息,56,4,52,富邦-竹東,2024-04-18,9625
2371,大同,287,237,50,富邦-竹東,2024-04-18,9625
00941,中信上游半導體,74,28,46,富邦-竹東,2024-04-18,9625
2367,燿華,50,16,34,富邦-竹東,2024-04-18,9625
2356,英業達,37,6,31,富邦-竹東,2024-04-18,9625
3707,漢磊,38,7,31,富邦-竹東,2024-04-18,9625
3512,皇龍,29,0,29,富邦-竹東,2024-04-18,9625
00680L,元大美債20正2,30,1,29,富邦-竹東,2024-04-18,9625
2603,長榮,34,9,25,富邦-竹東,2024-04-18,9625
1615,大山,26,3,23,富邦-竹東,2024-04-18,9625
00942B,台新美A公司債20+,23,0,23,富邦-竹東,2024-04-18,9625
3576,聯合再生,21,0,21,富邦-竹東,2024-04-18,9625
2323,中環,20,0,20,富邦-竹東,2024-04-18,9625
2610,華航,35,15,20,富邦-竹東,2024-04-18,9625
8926,台汽電,28,10,18,富邦-竹東,2024-04-18,9625
2353,宏��,21,3,18,富邦-竹東,2024-04-18,9625
00753L,中信中國50正2,18,0,18,富邦-竹東,2024-04-18,9625
4142,國光生,21,3,18,富邦-竹東,2024-04-18,9625
2537,聯上發,48,31,17,富邦-竹東,2024-04-18,9625
3287,廣寰科,17,0,17,富邦-竹東,2024-04-18,9625
4726,永昕,22,5,17,富邦-竹東,2024-04-18,9625
1609,大亞,134,119,15,富邦-竹東,2024-04-18,9625
00940,元大台灣價值高息,132,117,15,富邦-竹東,2024-04-18,9625
6806,森崴能源,15,1,14,富邦-竹東,2024-04-18,9625
00751B,元大AAA至A公司債,14,0,14,富邦-竹東,2024-04-18,9625
3481,群創,20,6,14,富邦-竹東,2024-04-18,9625
1513,中興電,69,56,13,富邦-竹東,2024-04-18,9625
2303,聯電,17,4,13,富邦-竹東,2024-04-18,9625
4956,光鋐,13,0,13,富邦-竹東,2024-04-18,9625
3035,智原,15,3,12,富邦-竹東,2024-04-18,9625
1522,堤維西,13,1,12,富邦-竹東,2024-04-18,9625
5009,榮剛,44,32,12,富邦-竹東,2024-04-18,9625
2427,三商電,26,14,12,富邦-竹東,2024-04-18,9625
2204,中華,11,0,11,富邦-竹東,2024-04-18,9625
5425,台半,12,1,11,富邦-竹東,2024-04-18,9625
5371,中光電,13,2,11,富邦-竹東,2024-04-18,9625
3036,文曄,21,10,11,富邦-竹東,2024-04-18,9625
4960,誠美材,21,10,11,富邦-竹東,2024-04-18,9625
3189,景碩,11,0,11,富邦-竹東,2024-04-18,9625
1101,台泥,14,3,11,富邦-竹東,2024-04-18,9625
3025,星通,11,1,10,富邦-竹東,2024-04-18,9625
3056,富華新,15,5,10,富邦-竹東,2024-04-18,9625
00929,復華台灣科技優息,947,362,585,富邦-竹東,2024-04-19,9625
2515,中工,386,144,242,富邦-竹東,2024-04-19,9625
00940,元大台灣價值高息,570,335,235,富邦-竹東,2024-04-19,9625
1609,大亞,386,170,216,富邦-竹東,2024-04-19,9625
00878,國泰永續高股息,241,25,216,富邦-竹東,2024-04-19,9625
2330,台積電,150,24,126,富邦-竹東,2024-04-19,9625
0056,元大高股息,175,61,114,富邦-竹東,2024-04-19,9625
5512,力麒,145,32,113,富邦-竹東,2024-04-19,9625
00939,統一台灣高息動能,150,37,113,富邦-竹東,2024-04-19,9625
00941,中信上游半導體,130,18,112,富邦-竹東,2024-04-19,9625
00665L,富邦�琤肭磪囓�2,103,0,103,富邦-竹東,2024-04-19,9625
2610,華航,82,6,76,富邦-竹東,2024-04-19,9625
00679B,元大美債20年,76,3,73,富邦-竹東,2024-04-19,9625
2409,友達,82,15,67,富邦-竹東,2024-04-19,9625
00712,復華富時不動產,60,0,60,富邦-竹東,2024-04-19,9625
2618,長榮航,69,9,60,富邦-竹東,2024-04-19,9625
3231,緯創,74,17,57,富邦-竹東,2024-04-19,9625
5521,工信,70,14,56,富邦-竹東,2024-04-19,9625
6443,元晶,56,2,54,富邦-竹東,2024-04-19,9625
5347,世界,50,1,49,富邦-竹東,2024-04-19,9625
2101,南港,52,6,46,富邦-竹東,2024-04-19,9625
00637L,元大滬深300正2,49,6,43,富邦-竹東,2024-04-19,9625
8936,國統,74,35,39,富邦-竹東,2024-04-19,9625
3703,欣陸,43,6,37,富邦-竹東,2024-04-19,9625
1608,華榮,140,103,37,富邦-竹東,2024-04-19,9625
2634,漢翔,48,13,35,富邦-竹東,2024-04-19,9625
2337,旺宏,32,1,31,富邦-竹東,2024-04-19,9625
00918,大華優利高填息30,30,0,30,富邦-竹東,2024-04-19,9625
2885,元大金,30,0,30,富邦-竹東,2024-04-19,9625
4960,誠美材,30,0,30,富邦-竹東,2024-04-19,9625
00900,富邦特選高股息30,41,13,28,富邦-竹東,2024-04-19,9625
8383,千附,46,18,28,富邦-竹東,2024-04-19,9625
00922,國泰台灣領袖50,25,0,25,富邦-竹東,2024-04-19,9625
9919,康那香,47,23,24,富邦-竹東,2024-04-19,9625
00937B,群益ESG投等債20,32,9,23,富邦-竹東,2024-04-19,9625
1513,中興電,77,55,22,富邦-竹東,2024-04-19,9625
1612,宏泰,53,31,22,富邦-竹東,2024-04-19,9625
1615,大山,26,4,22,富邦-竹東,2024-04-19,9625
2329,華泰,36,14,22,富邦-竹東,2024-04-19,9625
2801,彰銀,24,2,22,富邦-竹東,2024-04-19,9625
2891,中信金,23,2,21,富邦-竹東,2024-04-19,9625
2303,聯電,100,80,20,富邦-竹東,2024-04-19,9625
4306,炎洲,24,4,20,富邦-竹東,2024-04-19,9625
2323,中環,20,0,20,富邦-竹東,2024-04-19,9625
4935,茂林-KY,20,0,20,富邦-竹東,2024-04-19,9625
2897,王道銀行,20,0,20,富邦-竹東,2024-04-19,9625
6207,雷科,22,3,19,富邦-竹東,2024-04-19,9625
2332,友訊,19,0,19,富邦-竹東,2024-04-19,9625
2449,京元電子,20,2,18,富邦-竹東,2024-04-19,9625
1605,華新,68,51,17,富邦-竹東,2024-04-19,9625
00929,復華台灣科技優息,722,38,684,富邦-竹東,2024-04-22,9625
00632R,元大台灣50反1,664,0,664,富邦-竹東,2024-04-22,9625
00940,元大台灣價值高息,181,14,167,富邦-竹東,2024-04-22,9625
00687B,國泰20年美債,133,0,133,富邦-竹東,2024-04-22,9625
00937B,群益ESG投等債20,132,3,129,富邦-竹東,2024-04-22,9625
2883,凱基金,180,63,117,富邦-竹東,2024-04-22,9625
00671R,富邦NASDAQ反1,100,0,100,富邦-竹東,2024-04-22,9625
1618,合機,100,10,90,富邦-竹東,2024-04-22,9625
2371,大同,256,167,89,富邦-竹東,2024-04-22,9625
1605,華新,80,12,68,富邦-竹東,2024-04-22,9625
00939,統一台灣高息動能,77,11,66,富邦-竹東,2024-04-22,9625
9904,寶成,60,11,49,富邦-竹東,2024-04-22,9625
3576,聯合再生,51,5,46,富邦-竹東,2024-04-22,9625
2329,華泰,67,30,37,富邦-竹東,2024-04-22,9625
5512,力麒,65,28,37,富邦-竹東,2024-04-22,9625
3703,欣陸,121,85,36,富邦-竹東,2024-04-22,9625
2605,新興,39,8,31,富邦-竹東,2024-04-22,9625
2409,友達,43,12,31,富邦-竹東,2024-04-22,9625
00915,凱基優選高股息30,42,14,28,富邦-竹東,2024-04-22,9625
00878,國泰永續高股息,70,43,27,富邦-竹東,2024-04-22,9625
00679B,元大美債20年,32,5,27,富邦-竹東,2024-04-22,9625
1616,億泰,26,0,26,富邦-竹東,2024-04-22,9625
3260,威剛,31,5,26,富邦-竹東,2024-04-22,9625
5371,中光電,31,5,26,富邦-竹東,2024-04-22,9625
3231,緯創,52,27,25,富邦-竹東,2024-04-22,9625
3033,威健,25,0,25,富邦-竹東,2024-04-22,9625
3015,全漢,69,45,24,富邦-竹東,2024-04-22,9625
00918,大華優利高填息30,24,0,24,富邦-竹東,2024-04-22,9625
8473,山林水,29,7,22,富邦-竹東,2024-04-22,9625
6125,廣運,30,9,21,富邦-竹東,2024-04-22,9625
3006,晶豪科,22,1,21,富邦-竹東,2024-04-22,9625
2465,麗臺,21,0,21,富邦-竹東,2024-04-22,9625
4157,太景*-KY,30,10,20,富邦-竹東,2024-04-22,9625
5009,榮剛,31,12,19,富邦-竹東,2024-04-22,9625
1591,駿吉-KY,18,0,18,富邦-竹東,2024-04-22,9625
2887,台新金,25,7,18,富邦-竹東,2024-04-22,9625
6835,圓裕,18,0,18,富邦-竹東,2024-04-22,9625
2356,英業達,33,18,15,富邦-竹東,2024-04-22,9625
1513,中興電,89,74,15,富邦-竹東,2024-04-22,9625
2101,南港,19,4,15,富邦-竹東,2024-04-22,9625
2102,泰豐,15,0,15,富邦-竹東,2024-04-22,9625
00857B,永豐20年美公債,15,0,15,富邦-竹東,2024-04-22,9625
2363,矽統,26,12,14,富邦-竹東,2024-04-22,9625
2330,台積電,30,16,14,富邦-竹東,2024-04-22,9625
2324,仁寶,17,3,14,富邦-竹東,2024-04-22,9625
3205,佰研,14,0,14,富邦-竹東,2024-04-22,9625
2206,三陽工業,20,6,14,富邦-竹東,2024-04-22,9625
1617,榮星,31,18,13,富邦-竹東,2024-04-22,9625
8089,康全電訊,16,3,13,富邦-竹東,2024-04-22,9625
2301,光寶科,26,13,13,富邦-竹東,2024-04-22,9625
00929,復華台灣科技優息,208,7,201,富邦-竹東,2024-04-23,9625
00940,元大台灣價值高息,202,16,186,富邦-竹東,2024-04-23,9625
2303,聯電,86,8,78,富邦-竹東,2024-04-23,9625
00919,群益台灣精選高息,86,20,66,富邦-竹東,2024-04-23,9625
2882,國泰金,60,0,60,富邦-竹東,2024-04-23,9625
00937B,群益ESG投等債20,127,68,59,富邦-竹東,2024-04-23,9625
8213,志超,51,0,51,富邦-竹東,2024-04-23,9625
3617,碩天,48,1,47,富邦-竹東,2024-04-23,9625
00679B,元大美債20年,38,0,38,富邦-竹東,2024-04-23,9625
2888,新光金,50,16,34,富邦-竹東,2024-04-23,9625
2301,光寶科,49,17,32,富邦-竹東,2024-04-23,9625
0056,元大高股息,40,9,31,富邦-竹東,2024-04-23,9625
5512,力麒,39,9,30,富邦-竹東,2024-04-23,9625
2101,南港,36,6,30,富邦-竹東,2024-04-23,9625
2885,元大金,24,0,24,富邦-竹東,2024-04-23,9625
6213,聯茂,25,2,23,富邦-竹東,2024-04-23,9625
2449,京元電子,31,9,22,富邦-竹東,2024-04-23,9625
2489,瑞軒,23,1,22,富邦-竹東,2024-04-23,9625
2515,中工,44,24,20,富邦-竹東,2024-04-23,9625
2501,國建,35,16,19,富邦-竹東,2024-04-23,9625
1440,南紡,23,6,17,富邦-竹東,2024-04-23,9625
00878,國泰永續高股息,33,19,14,富邦-竹東,2024-04-23,9625
2367,燿華,29,15,14,富邦-竹東,2024-04-23,9625
3013,晟銘電,30,18,12,富邦-竹東,2024-04-23,9625
9902,台火,13,1,12,富邦-竹東,2024-04-23,9625
2374,佳能,39,27,12,富邦-竹東,2024-04-23,9625
5521,工信,29,18,11,富邦-竹東,2024-04-23,9625
3715,定穎投控,14,3,11,富邦-竹東,2024-04-23,9625
8089,康全電訊,12,1,11,富邦-竹東,2024-04-23,9625
8046,南電,14,3,11,富邦-竹東,2024-04-23,9625
8454,富邦媒,11,1,10,富邦-竹東,2024-04-23,9625
6239,力成,10,0,10,富邦-竹東,2024-04-23,9625
2405,輔信,10,0,10,富邦-竹東,2024-04-23,9625
8936,國統,40,30,10,富邦-竹東,2024-04-23,9625
1786,科妍,15,5,10,富邦-竹東,2024-04-23,9625
1789,神隆,10,0,10,富邦-竹東,2024-04-23,9625
1615,大山,11,1,10,富邦-竹東,2024-04-23,9625
00887,永豐中國科技50大,10,0,10,富邦-竹東,2024-04-23,9625
4916,事欣科,10,0,10,富邦-竹東,2024-04-23,9625
2634,漢翔,24,14,10,富邦-竹東,2024-04-23,9625
8390,金益鼎,10,0,10,富邦-竹東,2024-04-23,9625
6806,森崴能源,12,2,10,富邦-竹東,2024-04-23,9625
1314,中石化,12,2,10,富邦-竹東,2024-04-23,9625
6207,雷科,15,6,9,富邦-竹東,2024-04-23,9625
00680L,元大美債20正2,10,1,9,富邦-竹東,2024-04-23,9625
1409,新纖,10,1,9,富邦-竹東,2024-04-23,9625
2317,鴻海,22,14,8,富邦-竹東,2024-04-23,9625
4526,東台,9,1,8,富邦-竹東,2024-04-23,9625
1815,富喬,8,0,8,富邦-竹東,2024-04-23,9625
2605,新興,8,0,8,富邦-竹東,2024-04-23,9625
00929,復華台灣科技優息,308,76,232,富邦-竹東,2024-04-24,9625
00680L,元大美債20正2,195,0,195,富邦-竹東,2024-04-24,9625
6770,力積電,142,3,139,富邦-竹東,2024-04-24,9625
2515,中工,137,39,98,富邦-竹東,2024-04-24,9625
00679B,元大美債20年,97,16,81,富邦-竹東,2024-04-24,9625
3481,群創,72,1,71,富邦-竹東,2024-04-24,9625
1609,大亞,185,131,54,富邦-竹東,2024-04-24,9625
00919,群益台灣精選高息,112,63,49,富邦-竹東,2024-04-24,9625
2520,冠德,46,0,46,富邦-竹東,2024-04-24,9625
3617,碩天,47,2,45,富邦-竹東,2024-04-24,9625
00673R,期元大S＆P原油反1,43,0,43,富邦-竹東,2024-04-24,9625
2610,華航,94,54,40,富邦-竹東,2024-04-24,9625
1608,華榮,61,29,32,富邦-竹東,2024-04-24,9625
2511,太子,30,0,30,富邦-竹東,2024-04-24,9625
2867,三商壽,30,0,30,富邦-竹東,2024-04-24,9625
00708L,期元大S＆P黃金正2,27,0,27,富邦-竹東,2024-04-24,9625
2344,華邦電,31,4,27,富邦-竹東,2024-04-24,9625
2834,臺企銀,25,0,25,富邦-竹東,2024-04-24,9625
6234,高僑,24,0,24,富邦-竹東,2024-04-24,9625
2886,兆豐金,23,0,23,富邦-竹東,2024-04-24,9625
2505,國揚,23,0,23,富邦-竹東,2024-04-24,9625
3338,泰碩,32,11,21,富邦-竹東,2024-04-24,9625
3588,通嘉,21,0,21,富邦-竹東,2024-04-24,9625
3498,陽程,20,0,20,富邦-竹東,2024-04-24,9625
00941,中信上游半導體,24,6,18,富邦-竹東,2024-04-24,9625
5324,士開,19,1,18,富邦-竹東,2024-04-24,9625
2317,鴻海,92,75,17,富邦-竹東,2024-04-24,9625
3666,光耀,17,1,16,富邦-竹東,2024-04-24,9625
1522,堤維西,16,0,16,富邦-竹東,2024-04-24,9625
6166,凌華,15,0,15,富邦-竹東,2024-04-24,9625
3715,定穎投控,87,73,14,富邦-竹東,2024-04-24,9625
4168,醣聯,14,0,14,富邦-竹東,2024-04-24,9625
1605,華新,16,3,13,富邦-竹東,2024-04-24,9625
1612,宏泰,13,0,13,富邦-竹東,2024-04-24,9625
2367,燿華,34,21,13,富邦-竹東,2024-04-24,9625
00857B,永豐20年美公債,13,0,13,富邦-竹東,2024-04-24,9625
4532,瑞智,29,17,12,富邦-竹東,2024-04-24,9625
3707,漢磊,12,0,12,富邦-竹東,2024-04-24,9625
00942B,台新美A公司債20+,12,0,12,富邦-竹東,2024-04-24,9625
3035,智原,24,13,11,富邦-竹東,2024-04-24,9625
2409,友達,12,1,11,富邦-竹東,2024-04-24,9625
3015,全漢,11,0,11,富邦-竹東,2024-04-24,9625
4576,大銀微系統,11,0,11,富邦-竹東,2024-04-24,9625
3576,聯合再生,10,0,10,富邦-竹東,2024-04-24,9625
3095,及成,10,0,10,富邦-竹東,2024-04-24,9625
6168,宏齊,10,0,10,富邦-竹東,2024-04-24,9625
1409,新纖,10,0,10,富邦-竹東,2024-04-24,9625
5230,雷笛克光學,11,1,10,富邦-竹東,2024-04-24,9625
1584,精剛,10,0,10,富邦-竹東,2024-04-24,9625
3710,連展投控,10,0,10,富邦-竹東,2024-04-24,9625
2610,華航,291,68,223,富邦-竹東,2024-04-25,9625
00929,復華台灣科技優息,195,8,187,富邦-竹東,2024-04-25,9625
00940,元大台灣價值高息,175,2,173,富邦-竹東,2024-04-25,9625
1101,台泥,81,2,79,富邦-竹東,2024-04-25,9625
00878,國泰永續高股息,68,0,68,富邦-竹東,2024-04-25,9625
3707,漢磊,76,19,57,富邦-竹東,2024-04-25,9625
00939,統一台灣高息動能,59,3,56,富邦-竹東,2024-04-25,9625
00857B,永豐20年美公債,52,0,52,富邦-竹東,2024-04-25,9625
2317,鴻海,74,28,46,富邦-竹東,2024-04-25,9625
2801,彰銀,40,0,40,富邦-竹東,2024-04-25,9625
5531,鄉林,46,6,40,富邦-竹東,2024-04-25,9625
00919,群益台灣精選高息,52,12,40,富邦-竹東,2024-04-25,9625
00688L,國泰20年美債正2,40,2,38,富邦-竹東,2024-04-25,9625
2409,友達,44,9,35,富邦-竹東,2024-04-25,9625
2882,國泰金,33,0,33,富邦-竹東,2024-04-25,9625
2515,中工,143,110,33,富邦-竹東,2024-04-25,9625
3481,群創,54,22,32,富邦-竹東,2024-04-25,9625
00937B,群益ESG投等債20,32,1,31,富邦-竹東,2024-04-25,9625
2867,三商壽,30,0,30,富邦-竹東,2024-04-25,9625
5371,中光電,33,3,30,富邦-竹東,2024-04-25,9625
2736,富野,52,28,24,富邦-竹東,2024-04-25,9625
1608,華榮,27,3,24,富邦-竹東,2024-04-25,9625
2444,兆勁,20,0,20,富邦-竹東,2024-04-25,9625
3013,晟銘電,45,25,20,富邦-竹東,2024-04-25,9625
00687B,國泰20年美債,20,0,20,富邦-竹東,2024-04-25,9625
3715,定穎投控,34,15,19,富邦-竹東,2024-04-25,9625
6271,同欣電,19,0,19,富邦-竹東,2024-04-25,9625
3231,緯創,36,17,19,富邦-竹東,2024-04-25,9625
3338,泰碩,21,3,18,富邦-竹東,2024-04-25,9625
2834,臺企銀,61,43,18,富邦-竹東,2024-04-25,9625
2330,台積電,24,6,18,富邦-竹東,2024-04-25,9625
6125,廣運,33,15,18,富邦-竹東,2024-04-25,9625
6122,擎邦,18,0,18,富邦-竹東,2024-04-25,9625
2739,寒舍,19,1,18,富邦-竹東,2024-04-25,9625
4726,永昕,17,0,17,富邦-竹東,2024-04-25,9625
3035,智原,31,14,17,富邦-竹東,2024-04-25,9625
00679B,元大美債20年,16,0,16,富邦-竹東,2024-04-25,9625
2303,聯電,32,17,15,富邦-竹東,2024-04-25,9625
6770,力積電,15,0,15,富邦-竹東,2024-04-25,9625
6120,達運,16,2,14,富邦-竹東,2024-04-25,9625
00900,富邦特選高股息30,14,0,14,富邦-竹東,2024-04-25,9625
2461,光群雷,21,7,14,富邦-竹東,2024-04-25,9625
2382,廣達,26,12,14,富邦-竹東,2024-04-25,9625
1440,南紡,34,20,14,富邦-竹東,2024-04-25,9625
00680L,元大美債20正2,13,0,13,富邦-竹東,2024-04-25,9625
2412,中華電,12,0,12,富邦-竹東,2024-04-25,9625
00933B,國泰10Y+金融債,12,0,12,富邦-竹東,2024-04-25,9625
5225,東科-KY,12,0,12,富邦-竹東,2024-04-25,9625
00942B,台新美A公司債20+,12,0,12,富邦-竹東,2024-04-25,9625
8454,富邦媒,15,3,12,富邦-竹東,2024-04-25,9625
00632R,元大台灣50反1,387,0,387,富邦-竹東,2024-04-26,9625
2515,中工,337,146,191,富邦-竹東,2024-04-26,9625
00937B,群益ESG投等債20,178,1,177,富邦-竹東,2024-04-26,9625
1605,華新,106,2,104,富邦-竹東,2024-04-26,9625
3363,上詮,97,27,70,富邦-竹東,2024-04-26,9625
9945,潤泰新,64,13,51,富邦-竹東,2024-04-26,9625
2520,冠德,52,10,42,富邦-竹東,2024-04-26,9625
2883,凱基金,35,1,34,富邦-竹東,2024-04-26,9625
00878,國泰永續高股息,51,19,32,富邦-竹東,2024-04-26,9625
00942B,台新美A公司債20+,28,0,28,富邦-竹東,2024-04-26,9625
3059,華晶科,32,5,27,富邦-竹東,2024-04-26,9625
2884,玉山金,27,0,27,富邦-竹東,2024-04-26,9625
00680L,元大美債20正2,27,0,27,富邦-竹東,2024-04-26,9625
2537,聯上發,28,2,26,富邦-竹東,2024-04-26,9625
8064,東捷,42,16,26,富邦-竹東,2024-04-26,9625
2206,三陽工業,45,20,25,富邦-竹東,2024-04-26,9625
00679B,元大美債20年,24,1,23,富邦-竹東,2024-04-26,9625
2313,華通,30,8,22,富邦-竹東,2024-04-26,9625
3013,晟銘電,46,24,22,富邦-竹東,2024-04-26,9625
1714,和桐,20,0,20,富邦-竹東,2024-04-26,9625
00673R,期元大S＆P原油反1,20,0,20,富邦-竹東,2024-04-26,9625
5386,青雲,20,0,20,富邦-竹東,2024-04-26,9625
3060,銘異,17,0,17,富邦-竹東,2024-04-26,9625
1101,台泥,18,2,16,富邦-竹東,2024-04-26,9625
6190,萬泰科,21,5,16,富邦-竹東,2024-04-26,9625
00712,復華富時不動產,16,0,16,富邦-竹東,2024-04-26,9625
00696B,富邦美債20年,16,0,16,富邦-竹東,2024-04-26,9625
3645,達邁,16,1,15,富邦-竹東,2024-04-26,9625
2329,華泰,25,11,14,富邦-竹東,2024-04-26,9625
2101,南港,23,9,14,富邦-竹東,2024-04-26,9625
2371,大同,67,53,14,富邦-竹東,2024-04-26,9625
00687B,國泰20年美債,15,2,13,富邦-竹東,2024-04-26,9625
00939,統一台灣高息動能,33,20,13,富邦-竹東,2024-04-26,9625
00940,元大台灣價值高息,45,33,12,富邦-竹東,2024-04-26,9625
2211,長榮鋼,12,0,12,富邦-竹東,2024-04-26,9625
6667,信紘科,12,0,12,富邦-竹東,2024-04-26,9625
2888,新光金,11,0,11,富邦-竹東,2024-04-26,9625
3024,憶聲,11,0,11,富邦-竹東,2024-04-26,9625
6213,聯茂,12,1,11,富邦-竹東,2024-04-26,9625
2002,中鋼,12,1,11,富邦-竹東,2024-04-26,9625
3035,智原,24,13,11,富邦-竹東,2024-04-26,9625
2009,第一銅,26,16,10,富邦-竹東,2024-04-26,9625
5498,凱崴,10,0,10,富邦-竹東,2024-04-26,9625
5230,雷笛克光學,25,15,10,富邦-竹東,2024-04-26,9625
1326,台化,10,0,10,富邦-竹東,2024-04-26,9625
00720B,元大投資級公司債,9,0,9,富邦-竹東,2024-04-26,9625
00933B,國泰10Y+金融債,18,9,9,富邦-竹東,2024-04-26,9625
2408,南亞科,10,1,9,富邦-竹東,2024-04-26,9625
1503,士電,20,12,8,富邦-竹東,2024-04-26,9625
2506,太設,12,4,8,富邦-竹東,2024-04-26,9625
2610,華航,193,22,171,富邦-竹東,2024-04-29,9625
00919,群益台灣精選高息,140,13,127,富邦-竹東,2024-04-29,9625
00937B,群益ESG投等債20,136,9,127,富邦-竹東,2024-04-29,9625
2101,南港,144,19,125,富邦-竹東,2024-04-29,9625
2618,長榮航,154,58,96,富邦-竹東,2024-04-29,9625
2353,宏��,102,8,94,富邦-竹東,2024-04-29,9625
2883,凱基金,106,38,68,富邦-竹東,2024-04-29,9625
00632R,元大台灣50反1,61,0,61,富邦-竹東,2024-04-29,9625
3264,欣銓,64,5,59,富邦-竹東,2024-04-29,9625
2515,中工,132,81,51,富邦-竹東,2024-04-29,9625
2323,中環,50,8,42,富邦-竹東,2024-04-29,9625
2641,正德,40,0,40,富邦-竹東,2024-04-29,9625
2359,所羅門,47,14,33,富邦-竹東,2024-04-29,9625
1316,上曜,58,26,32,富邦-竹東,2024-04-29,9625
2363,矽統,76,45,31,富邦-竹東,2024-04-29,9625
00706L,期元大S＆P日圓正2,31,0,31,富邦-竹東,2024-04-29,9625
3004,豐達科,30,0,30,富邦-竹東,2024-04-29,9625
2449,京元電子,40,13,27,富邦-竹東,2024-04-29,9625
2374,佳能,32,5,27,富邦-竹東,2024-04-29,9625
2897,王道銀行,30,5,25,富邦-竹東,2024-04-29,9625
8011,台通,25,1,24,富邦-竹東,2024-04-29,9625
1605,華新,25,2,23,富邦-竹東,2024-04-29,9625
1459,聯發,23,0,23,富邦-竹東,2024-04-29,9625
2371,大同,35,14,21,富邦-竹東,2024-04-29,9625
2536,宏普,20,0,20,富邦-竹東,2024-04-29,9625
1714,和桐,20,0,20,富邦-竹東,2024-04-29,9625
00673R,期元大S＆P原油反1,20,0,20,富邦-竹東,2024-04-29,9625
2547,日勝生,37,17,20,富邦-竹東,2024-04-29,9625
2543,皇昌,21,1,20,富邦-竹東,2024-04-29,9625
8110,華東,21,3,18,富邦-竹東,2024-04-29,9625
2014,中鴻,20,3,17,富邦-竹東,2024-04-29,9625
2511,太子,20,3,17,富邦-竹東,2024-04-29,9625
2486,一詮,37,22,15,富邦-竹東,2024-04-29,9625
5519,隆大,15,0,15,富邦-竹東,2024-04-29,9625
1522,堤維西,15,0,15,富邦-竹東,2024-04-29,9625
4714,永捷,19,4,15,富邦-竹東,2024-04-29,9625
00899,FT潔淨能源,14,0,14,富邦-竹東,2024-04-29,9625
3005,神基,13,0,13,富邦-竹東,2024-04-29,9625
2105,正新,12,0,12,富邦-竹東,2024-04-29,9625
3588,通嘉,22,10,12,富邦-竹東,2024-04-29,9625
3441,聯一光,12,0,12,富邦-竹東,2024-04-29,9625
2634,漢翔,17,5,12,富邦-竹東,2024-04-29,9625
2421,建準,13,1,12,富邦-竹東,2024-04-29,9625
5512,力麒,19,7,12,富邦-竹東,2024-04-29,9625
1616,億泰,11,0,11,富邦-竹東,2024-04-29,9625
5443,均豪,11,0,11,富邦-竹東,2024-04-29,9625
2812,台中銀,20,9,11,富邦-竹東,2024-04-29,9625
6215,和椿,21,11,10,富邦-竹東,2024-04-29,9625
1528,恩德,10,0,10,富邦-竹東,2024-04-29,9625
3564,其陽,10,0,10,富邦-竹東,2024-04-29,9625
00632R,元大台灣50反1,405,0,405,富邦-竹東,2024-04-30,9625
00940,元大台灣價值高息,141,2,139,富邦-竹東,2024-04-30,9625
1314,中石化,178,103,75,富邦-竹東,2024-04-30,9625
2615,萬海,86,17,69,富邦-竹東,2024-04-30,9625
1101,台泥,69,10,59,富邦-竹東,2024-04-30,9625
00878,國泰永續高股息,55,5,50,富邦-竹東,2024-04-30,9625
00937B,群益ESG投等債20,37,0,37,富邦-竹東,2024-04-30,9625
4976,佳凌,37,2,35,富邦-竹東,2024-04-30,9625
4960,誠美材,35,0,35,富邦-竹東,2024-04-30,9625
6215,和椿,35,6,29,富邦-竹東,2024-04-30,9625
1605,華新,30,3,27,富邦-竹東,2024-04-30,9625
1737,臺鹽,26,0,26,富邦-竹東,2024-04-30,9625
3376,新日興,37,12,25,富邦-竹東,2024-04-30,9625
4526,東台,36,13,23,富邦-竹東,2024-04-30,9625
00929,復華台灣科技優息,84,62,22,富邦-竹東,2024-04-30,9625
2880,華南金,45,25,20,富邦-竹東,2024-04-30,9625
00712,復華富時不動產,20,0,20,富邦-竹東,2024-04-30,9625
3287,廣寰科,20,1,19,富邦-竹東,2024-04-30,9625
2363,矽統,67,48,19,富邦-竹東,2024-04-30,9625
2501,國建,122,104,18,富邦-竹東,2024-04-30,9625
2329,華泰,26,8,18,富邦-竹東,2024-04-30,9625
2101,南港,18,1,17,富邦-竹東,2024-04-30,9625
2641,正德,17,0,17,富邦-竹東,2024-04-30,9625
2344,華邦電,17,0,17,富邦-竹東,2024-04-30,9625
2547,日勝生,16,0,16,富邦-竹東,2024-04-30,9625
00919,群益台灣精選高息,19,4,15,富邦-竹東,2024-04-30,9625
00915,凱基優選高股息30,15,2,13,富邦-竹東,2024-04-30,9625
3313,斐成,13,0,13,富邦-竹東,2024-04-30,9625
2913,農林,13,0,13,富邦-竹東,2024-04-30,9625
1104,環泥,15,2,13,富邦-竹東,2024-04-30,9625
3033,威健,13,1,12,富邦-竹東,2024-04-30,9625
2915,潤泰全,12,0,12,富邦-竹東,2024-04-30,9625
2882,國泰金,17,5,12,富邦-竹東,2024-04-30,9625
1316,上曜,27,16,11,富邦-竹東,2024-04-30,9625
3234,光環,25,14,11,富邦-竹東,2024-04-30,9625
8068,全達,11,0,11,富邦-竹東,2024-04-30,9625
8110,華東,11,0,11,富邦-竹東,2024-04-30,9625
2323,中環,12,1,11,富邦-竹東,2024-04-30,9625
8069,元太,10,0,10,富邦-竹東,2024-04-30,9625
2506,太設,12,2,10,富邦-竹東,2024-04-30,9625
1217,愛之味,10,0,10,富邦-竹東,2024-04-30,9625
5512,力麒,15,5,10,富邦-竹東,2024-04-30,9625
4967,十銓,20,10,10,富邦-竹東,2024-04-30,9625
1312,國喬,10,0,10,富邦-竹東,2024-04-30,9625
2611,志信,15,5,10,富邦-竹東,2024-04-30,9625
6163,華電網,10,0,10,富邦-竹東,2024-04-30,9625
8047,星雲,10,0,10,富邦-竹東,2024-04-30,9625
00936,台新永續高息中小,10,0,10,富邦-竹東,2024-04-30,9625
3416,融程電,14,4,10,富邦-竹東,2024-04-30,9625
2359,所羅門,16,6,10,富邦-竹東,2024-04-30,9625
00937B,群益ESG投等債20,317,178,139,富邦-竹東,2024-05-02,9625
00878,國泰永續高股息,110,0,110,富邦-竹東,2024-05-02,9625
00665L,富邦�琤肭磪囓�2,100,1,99,富邦-竹東,2024-05-02,9625
00919,群益台灣精選高息,97,8,89,富邦-竹東,2024-05-02,9625
00929,復華台灣科技優息,163,82,81,富邦-竹東,2024-05-02,9625
00882,中信中國高股息,78,0,78,富邦-竹東,2024-05-02,9625
8064,東捷,92,17,75,富邦-竹東,2024-05-02,9625
2409,友達,68,3,65,富邦-竹東,2024-05-02,9625
3481,群創,49,3,46,富邦-竹東,2024-05-02,9625
2303,聯電,55,12,43,富邦-竹東,2024-05-02,9625
1314,中石化,108,73,35,富邦-竹東,2024-05-02,9625
2545,皇翔,32,0,32,富邦-竹東,2024-05-02,9625
2359,所羅門,39,9,30,富邦-竹東,2024-05-02,9625
00655L,國泰中國A50正2,30,0,30,富邦-竹東,2024-05-02,9625
2880,華南金,51,22,29,富邦-竹東,2024-05-02,9625
5371,中光電,56,31,25,富邦-竹東,2024-05-02,9625
00945B,凱基美國非投等債,25,0,25,富邦-竹東,2024-05-02,9625
2330,台積電,25,3,22,富邦-竹東,2024-05-02,9625
3059,華晶科,21,0,21,富邦-竹東,2024-05-02,9625
2317,鴻海,47,26,21,富邦-竹東,2024-05-02,9625
1612,宏泰,25,5,20,富邦-竹東,2024-05-02,9625
5443,均豪,19,0,19,富邦-竹東,2024-05-02,9625
1459,聯發,19,0,19,富邦-竹東,2024-05-02,9625
1446,宏和,22,3,19,富邦-竹東,2024-05-02,9625
00918,大華優利高填息30,23,5,18,富邦-竹東,2024-05-02,9625
1608,華榮,31,13,18,富邦-竹東,2024-05-02,9625
2913,農林,33,15,18,富邦-竹東,2024-05-02,9625
1618,合機,33,15,18,富邦-竹東,2024-05-02,9625
2534,宏盛,19,2,17,富邦-竹東,2024-05-02,9625
2743,山富,15,0,15,富邦-竹東,2024-05-02,9625
2316,楠梓電,25,10,15,富邦-竹東,2024-05-02,9625
2615,萬海,24,10,14,富邦-竹東,2024-05-02,9625
6239,力成,14,0,14,富邦-竹東,2024-05-02,9625
2324,仁寶,19,5,14,富邦-竹東,2024-05-02,9625
2611,志信,20,7,13,富邦-竹東,2024-05-02,9625
3703,欣陸,25,12,13,富邦-竹東,2024-05-02,9625
2062,橋椿,12,0,12,富邦-竹東,2024-05-02,9625
2891,中信金,20,8,12,富邦-竹東,2024-05-02,9625
1504,東元,26,15,11,富邦-竹東,2024-05-02,9625
2353,宏��,20,9,11,富邦-竹東,2024-05-02,9625
1453,大將,11,0,11,富邦-竹東,2024-05-02,9625
00757,統一FANG+,11,0,11,富邦-竹東,2024-05-02,9625
00680L,元大美債20正2,11,0,11,富邦-竹東,2024-05-02,9625
1471,首利,10,0,10,富邦-竹東,2024-05-02,9625
1326,台化,10,0,10,富邦-竹東,2024-05-02,9625
00687B,國泰20年美債,10,0,10,富邦-竹東,2024-05-02,9625
2401,凌陽,15,6,9,富邦-竹東,2024-05-02,9625
6190,萬泰科,9,0,9,富邦-竹東,2024-05-02,9625
5511,德昌,10,1,9,富邦-竹東,2024-05-02,9625
00940,元大台灣價值高息,63,55,8,富邦-竹東,2024-05-02,9625
00878,國泰永續高股息,151,1,150,富邦-竹東,2024-05-03,9625
00937B,群益ESG投等債20,121,0,121,富邦-竹東,2024-05-03,9625
00940,元大台灣價值高息,134,15,119,富邦-竹東,2024-05-03,9625
6770,力積電,175,78,97,富邦-竹東,2024-05-03,9625
00929,復華台灣科技優息,179,85,94,富邦-竹東,2024-05-03,9625
1605,華新,98,5,93,富邦-竹東,2024-05-03,9625
00919,群益台灣精選高息,72,24,48,富邦-竹東,2024-05-03,9625
6207,雷科,61,13,48,富邦-竹東,2024-05-03,9625
3363,上詮,57,11,46,富邦-竹東,2024-05-03,9625
5531,鄉林,51,5,46,富邦-竹東,2024-05-03,9625
1316,上曜,85,39,46,富邦-竹東,2024-05-03,9625
00891,中信關鍵半導體,45,0,45,富邦-竹東,2024-05-03,9625
1514,亞力,50,9,41,富邦-竹東,2024-05-03,9625
1303,南亞,41,0,41,富邦-竹東,2024-05-03,9625
2883,凱基金,51,11,40,富邦-竹東,2024-05-03,9625
5512,力麒,44,6,38,富邦-竹東,2024-05-03,9625
00687B,國泰20年美債,31,0,31,富邦-竹東,2024-05-03,9625
9945,潤泰新,46,15,31,富邦-竹東,2024-05-03,9625
4714,永捷,66,36,30,富邦-竹東,2024-05-03,9625
1717,長興,30,1,29,富邦-竹東,2024-05-03,9625
00679B,元大美債20年,27,0,27,富邦-竹東,2024-05-03,9625
1609,大亞,67,41,26,富邦-竹東,2024-05-03,9625
00945B,凱基美國非投等債,25,0,25,富邦-竹東,2024-05-03,9625
1504,東元,25,2,23,富邦-竹東,2024-05-03,9625
2855,統一證,23,0,23,富邦-竹東,2024-05-03,9625
2101,南港,31,8,23,富邦-竹東,2024-05-03,9625
3231,緯創,33,11,22,富邦-竹東,2024-05-03,9625
2371,大同,121,99,22,富邦-竹東,2024-05-03,9625
1608,華榮,35,14,21,富邦-竹東,2024-05-03,9625
00918,大華優利高填息30,20,0,20,富邦-竹東,2024-05-03,9625
5443,均豪,19,2,17,富邦-竹東,2024-05-03,9625
6120,達運,16,0,16,富邦-竹東,2024-05-03,9625
6271,同欣電,21,5,16,富邦-竹東,2024-05-03,9625
00915,凱基優選高股息30,16,0,16,富邦-竹東,2024-05-03,9625
2368,金像電,16,0,16,富邦-竹東,2024-05-03,9625
2392,正崴,22,6,16,富邦-竹東,2024-05-03,9625
3588,通嘉,15,0,15,富邦-竹東,2024-05-03,9625
8936,國統,35,20,15,富邦-竹東,2024-05-03,9625
4967,十銓,27,13,14,富邦-竹東,2024-05-03,9625
00752,中信中國50,15,2,13,富邦-竹東,2024-05-03,9625
00676R,富邦臺灣加權反1,13,0,13,富邦-竹東,2024-05-03,9625
2913,農林,16,4,12,富邦-竹東,2024-05-03,9625
3312,弘憶股,13,1,12,富邦-竹東,2024-05-03,9625
2405,輔信,12,0,12,富邦-竹東,2024-05-03,9625
3206,志豐,13,1,12,富邦-竹東,2024-05-03,9625
6235,華孚,16,4,12,富邦-竹東,2024-05-03,9625
00715L,期街口布蘭特正2,12,0,12,富邦-竹東,2024-05-03,9625
5439,高技,11,0,11,富邦-竹東,2024-05-03,9625
3147,大綜,12,1,11,富邦-竹東,2024-05-03,9625
4138,曜亞,10,0,10,富邦-竹東,2024-05-03,9625
00929,復華台灣科技優息,223,96,127,富邦-竹東,2024-05-06,9625
1714,和桐,100,0,100,富邦-竹東,2024-05-06,9625
2543,皇昌,79,0,79,富邦-竹東,2024-05-06,9625
9945,潤泰新,72,7,65,富邦-竹東,2024-05-06,9625
3056,富華新,60,0,60,富邦-竹東,2024-05-06,9625
00936,台新永續高息中小,70,20,50,富邦-竹東,2024-05-06,9625
9933,中鼎,42,3,39,富邦-竹東,2024-05-06,9625
00679B,元大美債20年,43,5,38,富邦-竹東,2024-05-06,9625
5498,凱崴,39,2,37,富邦-竹東,2024-05-06,9625
2610,華航,75,40,35,富邦-竹東,2024-05-06,9625
2615,萬海,41,8,33,富邦-竹東,2024-05-06,9625
1605,華新,37,5,32,富邦-竹東,2024-05-06,9625
00655L,國泰中國A50正2,31,0,31,富邦-竹東,2024-05-06,9625
3163,波若威,64,33,31,富邦-竹東,2024-05-06,9625
1416,廣豐,30,0,30,富邦-竹東,2024-05-06,9625
5009,榮剛,35,6,29,富邦-竹東,2024-05-06,9625
4303,信立,33,9,24,富邦-竹東,2024-05-06,9625
2449,京元電子,41,17,24,富邦-竹東,2024-05-06,9625
1609,大亞,40,18,22,富邦-竹東,2024-05-06,9625
2545,皇翔,23,2,21,富邦-竹東,2024-05-06,9625
00752,中信中國50,21,0,21,富邦-竹東,2024-05-06,9625
2375,凱美,20,0,20,富邦-竹東,2024-05-06,9625
6276,安鈦克,20,0,20,富邦-竹東,2024-05-06,9625
8358,金居,20,0,20,富邦-竹東,2024-05-06,9625
2535,達欣工,20,1,19,富邦-竹東,2024-05-06,9625
5443,均豪,22,3,19,富邦-竹東,2024-05-06,9625
00937B,群益ESG投等債20,27,11,16,富邦-竹東,2024-05-06,9625
6275,元山,16,0,16,富邦-竹東,2024-05-06,9625
2009,第一銅,18,3,15,富邦-竹東,2024-05-06,9625
00915,凱基優選高股息30,17,2,15,富邦-竹東,2024-05-06,9625
2913,農林,45,30,15,富邦-竹東,2024-05-06,9625
6576,逸達,15,0,15,富邦-竹東,2024-05-06,9625
2328,廣宇,38,23,15,富邦-竹東,2024-05-06,9625
2801,彰銀,13,0,13,富邦-竹東,2024-05-06,9625
6173,信昌電,12,0,12,富邦-竹東,2024-05-06,9625
5512,力麒,13,1,12,富邦-竹東,2024-05-06,9625
00633L,富邦上証正2,12,0,12,富邦-竹東,2024-05-06,9625
00891,中信關鍵半導體,11,0,11,富邦-竹東,2024-05-06,9625
2634,漢翔,15,4,11,富邦-竹東,2024-05-06,9625
8064,東捷,12,1,11,富邦-竹東,2024-05-06,9625
8210,勤誠,23,12,11,富邦-竹東,2024-05-06,9625
2308,台達電,11,0,11,富邦-竹東,2024-05-06,9625
3380,明泰,10,0,10,富邦-竹東,2024-05-06,9625
2547,日勝生,12,2,10,富邦-竹東,2024-05-06,9625
6488,環球晶,10,0,10,富邦-竹東,2024-05-06,9625
5522,遠雄,24,15,9,富邦-竹東,2024-05-06,9625
2329,華泰,9,0,9,富邦-竹東,2024-05-06,9625
6216,居易,10,1,9,富邦-竹東,2024-05-06,9625
3617,碩天,11,2,9,富邦-竹東,2024-05-06,9625
6449,鈺邦,14,5,9,富邦-竹東,2024-05-06,9625
00929,復華台灣科技優息,152,71,81,富邦-竹東,2024-05-07,9625
00940,元大台灣價值高息,87,31,56,富邦-竹東,2024-05-07,9625
2344,華邦電,68,16,52,富邦-竹東,2024-05-07,9625
00878,國泰永續高股息,78,28,50,富邦-竹東,2024-05-07,9625
5009,榮剛,60,13,47,富邦-竹東,2024-05-07,9625
2371,大同,60,16,44,富邦-竹東,2024-05-07,9625
1609,大亞,76,33,43,富邦-竹東,2024-05-07,9625
3013,晟銘電,101,62,39,富邦-竹東,2024-05-07,9625
3338,泰碩,113,76,37,富邦-竹東,2024-05-07,9625
2501,國建,39,2,37,富邦-竹東,2024-05-07,9625
5381,合正,32,0,32,富邦-竹東,2024-05-07,9625
3481,群創,32,0,32,富邦-竹東,2024-05-07,9625
2515,中工,67,37,30,富邦-竹東,2024-05-07,9625
00936,台新永續高息中小,32,2,30,富邦-竹東,2024-05-07,9625
2367,燿華,59,29,30,富邦-竹東,2024-05-07,9625
2834,臺企銀,28,1,27,富邦-竹東,2024-05-07,9625
1104,環泥,25,0,25,富邦-竹東,2024-05-07,9625
1614,三洋電,21,0,21,富邦-竹東,2024-05-07,9625
00690,兆豐藍籌30,20,0,20,富邦-竹東,2024-05-07,9625
2109,華豐,20,0,20,富邦-竹東,2024-05-07,9625
00679B,元大美債20年,38,18,20,富邦-竹東,2024-05-07,9625
1612,宏泰,26,6,20,富邦-竹東,2024-05-07,9625
2812,台中銀,18,0,18,富邦-竹東,2024-05-07,9625
5512,力麒,19,2,17,富邦-竹東,2024-05-07,9625
2882,國泰金,18,1,17,富邦-竹東,2024-05-07,9625
2891,中信金,29,13,16,富邦-竹東,2024-05-07,9625
2736,富野,16,0,16,富邦-竹東,2024-05-07,9625
4157,太景*-KY,15,0,15,富邦-竹東,2024-05-07,9625
2324,仁寶,18,3,15,富邦-竹東,2024-05-07,9625
6213,聯茂,15,1,14,富邦-竹東,2024-05-07,9625
2511,太子,15,1,14,富邦-竹東,2024-05-07,9625
5351,鈺創,14,0,14,富邦-竹東,2024-05-07,9625
3587,閎康,13,0,13,富邦-竹東,2024-05-07,9625
2486,一詮,76,63,13,富邦-竹東,2024-05-07,9625
6449,鈺邦,18,5,13,富邦-竹東,2024-05-07,9625
3016,嘉晶,13,0,13,富邦-竹東,2024-05-07,9625
1608,華榮,18,6,12,富邦-竹東,2024-05-07,9625
6005,群益證,12,1,11,富邦-竹東,2024-05-07,9625
2406,國碩,11,0,11,富邦-竹東,2024-05-07,9625
3025,星通,11,0,11,富邦-竹東,2024-05-07,9625
5531,鄉林,14,3,11,富邦-竹東,2024-05-07,9625
2516,新建,11,0,11,富邦-竹東,2024-05-07,9625
2472,立隆電,11,1,10,富邦-竹東,2024-05-07,9625
3313,斐成,10,0,10,富邦-竹東,2024-05-07,9625
1708,東鹼,10,0,10,富邦-竹東,2024-05-07,9625
00945B,凱基美國非投等債,10,0,10,富邦-竹東,2024-05-07,9625
1905,華紙,10,0,10,富邦-竹東,2024-05-07,9625
1605,華新,10,0,10,富邦-竹東,2024-05-07,9625
00942B,台新美A公司債20+,10,0,10,富邦-竹東,2024-05-07,9625
3045,台灣大,10,0,10,富邦-竹東,2024-05-07,9625
00671R,富邦NASDAQ反1,724,0,724,富邦-竹東,2024-05-08,9625
2317,鴻海,255,69,186,富邦-竹東,2024-05-08,9625
00940,元大台灣價值高息,149,31,118,富邦-竹東,2024-05-08,9625
00665L,富邦�琤肭磪囓�2,102,2,100,富邦-竹東,2024-05-08,9625
1905,華紙,70,1,69,富邦-竹東,2024-05-08,9625
2374,佳能,111,44,67,富邦-竹東,2024-05-08,9625
3481,群創,67,0,67,富邦-竹東,2024-05-08,9625
00632R,元大台灣50反1,205,150,55,富邦-竹東,2024-05-08,9625
3055,蔚華科,49,2,47,富邦-竹東,2024-05-08,9625
2889,國票金,51,5,46,富邦-竹東,2024-05-08,9625
00650L,復華香港正2,45,0,45,富邦-竹東,2024-05-08,9625
2603,長榮,52,9,43,富邦-竹東,2024-05-08,9625
00878,國泰永續高股息,68,27,41,富邦-竹東,2024-05-08,9625
00655L,國泰中國A50正2,40,0,40,富邦-竹東,2024-05-08,9625
2801,彰銀,30,0,30,富邦-竹東,2024-05-08,9625
1314,中石化,125,95,30,富邦-竹東,2024-05-08,9625
4967,十銓,54,27,27,富邦-竹東,2024-05-08,9625
2338,光罩,30,4,26,富邦-竹東,2024-05-08,9625
1513,中興電,59,34,25,富邦-竹東,2024-05-08,9625
00937B,群益ESG投等債20,30,5,25,富邦-竹東,2024-05-08,9625
8234,新漢,60,36,24,富邦-竹東,2024-05-08,9625
8121,越峰,23,0,23,富邦-竹東,2024-05-08,9625
2486,一詮,75,55,20,富邦-竹東,2024-05-08,9625
00918,大華優利高填息30,20,1,19,富邦-竹東,2024-05-08,9625
2109,華豐,20,2,18,富邦-竹東,2024-05-08,9625
5871,中租-KY,21,3,18,富邦-竹東,2024-05-08,9625
3231,緯創,44,27,17,富邦-竹東,2024-05-08,9625
2637,慧洋-KY,54,37,17,富邦-竹東,2024-05-08,9625
00932,兆豐永續高息等權,15,0,15,富邦-竹東,2024-05-08,9625
1708,東鹼,18,4,14,富邦-竹東,2024-05-08,9625
00724B,群益投資級金融債,14,0,14,富邦-竹東,2024-05-08,9625
3036,文曄,13,0,13,富邦-竹東,2024-05-08,9625
6419,京晨科,13,0,13,富邦-竹東,2024-05-08,9625
00936,台新永續高息中小,13,0,13,富邦-竹東,2024-05-08,9625
00933B,國泰10Y+金融債,17,5,12,富邦-竹東,2024-05-08,9625
1316,上曜,15,3,12,富邦-竹東,2024-05-08,9625
00929,復華台灣科技優息,171,160,11,富邦-竹東,2024-05-08,9625
5009,榮剛,12,1,11,富邦-竹東,2024-05-08,9625
6282,康舒,11,0,11,富邦-竹東,2024-05-08,9625
1609,大亞,73,62,11,富邦-竹東,2024-05-08,9625
3060,銘異,11,0,11,富邦-竹東,2024-05-08,9625
8277,商丞,11,0,11,富邦-竹東,2024-05-08,9625
1301,台塑,10,0,10,富邦-竹東,2024-05-08,9625
4526,東台,10,0,10,富邦-竹東,2024-05-08,9625
00903,富邦元宇宙,10,0,10,富邦-竹東,2024-05-08,9625
1532,勤美,25,15,10,富邦-竹東,2024-05-08,9625
9904,寶成,10,0,10,富邦-竹東,2024-05-08,9625
3576,聯合再生,10,0,10,富邦-竹東,2024-05-08,9625
00679B,元大美債20年,29,19,10,富邦-竹東,2024-05-08,9625
2363,矽統,42,33,9,富邦-竹東,2024-05-08,9625
00929,復華台灣科技優息,549,340,209,富邦-竹東,2024-05-09,9625
00946,群益科技高息成長,219,12,207,富邦-竹東,2024-05-09,9625
00878,國泰永續高股息,142,21,121,富邦-竹東,2024-05-09,9625
00937B,群益ESG投等債20,130,16,114,富邦-竹東,2024-05-09,9625
1101,台泥,106,1,105,富邦-竹東,2024-05-09,9625
1609,大亞,103,29,74,富邦-竹東,2024-05-09,9625
1522,堤維西,74,14,60,富邦-竹東,2024-05-09,9625
00940,元大台灣價值高息,82,27,55,富邦-竹東,2024-05-09,9625
2371,大同,126,76,50,富邦-竹東,2024-05-09,9625
2409,友達,56,7,49,富邦-竹東,2024-05-09,9625
2867,三商壽,50,2,48,富邦-竹東,2024-05-09,9625
2317,鴻海,85,39,46,富邦-竹東,2024-05-09,9625
00712,復華富時不動產,43,0,43,富邦-竹東,2024-05-09,9625
2618,長榮航,76,35,41,富邦-竹東,2024-05-09,9625
00945B,凱基美國非投等債,40,0,40,富邦-竹東,2024-05-09,9625
2365,昆盈,80,41,39,富邦-竹東,2024-05-09,9625
00944,野村趨勢動能高息,65,27,38,富邦-竹東,2024-05-09,9625
00918,大華優利高填息30,38,1,37,富邦-竹東,2024-05-09,9625
3016,嘉晶,35,0,35,富邦-竹東,2024-05-09,9625
2887,台新金,42,8,34,富邦-竹東,2024-05-09,9625
00637L,元大滬深300正2,41,11,30,富邦-竹東,2024-05-09,9625
2440,太空梭,27,0,27,富邦-竹東,2024-05-09,9625
6207,雷科,29,3,26,富邦-竹東,2024-05-09,9625
4303,信立,27,4,23,富邦-竹東,2024-05-09,9625
3704,合勤控,23,0,23,富邦-竹東,2024-05-09,9625
8110,華東,21,0,21,富邦-竹東,2024-05-09,9625
3036,文曄,24,4,20,富邦-竹東,2024-05-09,9625
3588,通嘉,20,0,20,富邦-竹東,2024-05-09,9625
00936,台新永續高息中小,20,0,20,富邦-竹東,2024-05-09,9625
3060,銘異,18,0,18,富邦-竹東,2024-05-09,9625
2344,華邦電,19,1,18,富邦-竹東,2024-05-09,9625
3231,緯創,34,17,17,富邦-竹東,2024-05-09,9625
3206,志豐,17,0,17,富邦-竹東,2024-05-09,9625
8088,品安,22,5,17,富邦-竹東,2024-05-09,9625
8112,至上,18,2,16,富邦-竹東,2024-05-09,9625
2029,盛餘,16,0,16,富邦-竹東,2024-05-09,9625
3260,威剛,22,7,15,富邦-竹東,2024-05-09,9625
5864,致和證,15,0,15,富邦-竹東,2024-05-09,9625
2515,中工,22,8,14,富邦-竹東,2024-05-09,9625
2363,矽統,25,11,14,富邦-竹東,2024-05-09,9625
1615,大山,17,4,13,富邦-竹東,2024-05-09,9625
2465,麗臺,13,0,13,富邦-竹東,2024-05-09,9625
2408,南亞科,15,2,13,富邦-竹東,2024-05-09,9625
1612,宏泰,19,6,13,富邦-竹東,2024-05-09,9625
2888,新光金,38,25,13,富邦-竹東,2024-05-09,9625
2801,彰銀,12,0,12,富邦-竹東,2024-05-09,9625
2610,華航,16,4,12,富邦-竹東,2024-05-09,9625
00679B,元大美債20年,12,0,12,富邦-竹東,2024-05-09,9625
2906,高林,13,1,12,富邦-竹東,2024-05-09,9625
00932,兆豐永續高息等權,12,0,12,富邦-竹東,2024-05-09,9625
00929,復華台灣科技優息,549,37,512,富邦-竹東,2024-05-10,9625
2883,凱基金,642,173,469,富邦-竹東,2024-05-10,9625
2880,華南金,449,41,408,富邦-竹東,2024-05-10,9625
2409,友達,111,5,106,富邦-竹東,2024-05-10,9625
2867,三商壽,80,0,80,富邦-竹東,2024-05-10,9625
00632R,元大台灣50反1,167,90,77,富邦-竹東,2024-05-10,9625
00937B,群益ESG投等債20,67,3,64,富邦-竹東,2024-05-10,9625
00878,國泰永續高股息,123,66,57,富邦-竹東,2024-05-10,9625
2367,燿華,105,48,57,富邦-竹東,2024-05-10,9625
00946,群益科技高息成長,103,50,53,富邦-竹東,2024-05-10,9625
2303,聯電,58,13,45,富邦-竹東,2024-05-10,9625
00944,野村趨勢動能高息,34,0,34,富邦-竹東,2024-05-10,9625
6005,群益證,36,3,33,富邦-竹東,2024-05-10,9625
2641,正德,47,17,30,富邦-竹東,2024-05-10,9625
00940,元大台灣價值高息,32,2,30,富邦-竹東,2024-05-10,9625
3303,岱稜,30,0,30,富邦-竹東,2024-05-10,9625
1514,亞力,32,3,29,富邦-竹東,2024-05-10,9625
2317,鴻海,55,30,25,富邦-竹東,2024-05-10,9625
8112,至上,55,32,23,富邦-竹東,2024-05-10,9625
1453,大將,23,1,22,富邦-竹東,2024-05-10,9625
4967,十銓,44,23,21,富邦-竹東,2024-05-10,9625
00919,群益台灣精選高息,32,11,21,富邦-竹東,2024-05-10,9625
2014,中鴻,20,0,20,富邦-竹東,2024-05-10,9625
3013,晟銘電,69,49,20,富邦-竹東,2024-05-10,9625
1524,耿鼎,20,2,18,富邦-竹東,2024-05-10,9625
6235,華孚,21,4,17,富邦-竹東,2024-05-10,9625
5201,凱衛,15,0,15,富邦-竹東,2024-05-10,9625
2313,華通,17,3,14,富邦-竹東,2024-05-10,9625
00713,元大台灣高息低波,13,0,13,富邦-竹東,2024-05-10,9625
2365,昆盈,14,1,13,富邦-竹東,2024-05-10,9625
2009,第一銅,14,2,12,富邦-竹東,2024-05-10,9625
1614,三洋電,12,0,12,富邦-竹東,2024-05-10,9625
8183,精星,12,0,12,富邦-竹東,2024-05-10,9625
1316,上曜,14,2,12,富邦-竹東,2024-05-10,9625
1609,大亞,23,11,12,富邦-竹東,2024-05-10,9625
2498,宏達電,12,1,11,富邦-竹東,2024-05-10,9625
1612,宏泰,13,2,11,富邦-竹東,2024-05-10,9625
5608,四維航,17,6,11,富邦-竹東,2024-05-10,9625
4973,廣穎,11,1,10,富邦-竹東,2024-05-10,9625
6239,力成,11,1,10,富邦-竹東,2024-05-10,9625
6806,森崴能源,10,0,10,富邦-竹東,2024-05-10,9625
1711,永光,10,0,10,富邦-竹東,2024-05-10,9625
00932,兆豐永續高息等權,10,0,10,富邦-竹東,2024-05-10,9625
2939,永邑-KY,10,0,10,富邦-竹東,2024-05-10,9625
2427,三商電,10,0,10,富邦-竹東,2024-05-10,9625
3652,精聯,10,0,10,富邦-竹東,2024-05-10,9625
6285,啟��,10,0,10,富邦-竹東,2024-05-10,9625
8936,國統,22,12,10,富邦-竹東,2024-05-10,9625
6274,台燿,10,1,9,富邦-竹東,2024-05-10,9625
3481,群創,11,2,9,富邦-竹東,2024-05-10,9625
00664R,國泰臺灣加權反1,200,0,200,富邦-竹東,2024-05-13,9625
2618,長榮航,175,27,148,富邦-竹東,2024-05-13,9625
00919,群益台灣精選高息,129,6,123,富邦-竹東,2024-05-13,9625
00632R,元大台灣50反1,123,0,123,富邦-竹東,2024-05-13,9625
00715L,期街口布蘭特正2,104,0,104,富邦-竹東,2024-05-13,9625
00937B,群益ESG投等債20,88,0,88,富邦-竹東,2024-05-13,9625
1314,中石化,125,40,85,富邦-竹東,2024-05-13,9625
2615,萬海,90,35,55,富邦-竹東,2024-05-13,9625
1316,上曜,48,0,48,富邦-竹東,2024-05-13,9625
3231,緯創,57,10,47,富邦-竹東,2024-05-13,9625
00929,復華台灣科技優息,240,194,46,富邦-竹東,2024-05-13,9625
2617,台航,46,1,45,富邦-竹東,2024-05-13,9625
2891,中信金,40,1,39,富邦-竹東,2024-05-13,9625
00944,野村趨勢動能高息,38,0,38,富邦-竹東,2024-05-13,9625
00687B,國泰20年美債,37,0,37,富邦-竹東,2024-05-13,9625
9945,潤泰新,43,7,36,富邦-竹東,2024-05-13,9625
2606,裕民,75,41,34,富邦-竹東,2024-05-13,9625
4167,松瑞藥,32,0,32,富邦-竹東,2024-05-13,9625
2317,鴻海,58,27,31,富邦-竹東,2024-05-13,9625
1612,宏泰,30,0,30,富邦-竹東,2024-05-13,9625
3047,訊舟,33,5,28,富邦-竹東,2024-05-13,9625
6274,台燿,26,0,26,富邦-竹東,2024-05-13,9625
5230,雷笛克光學,27,1,26,富邦-竹東,2024-05-13,9625
2363,矽統,49,23,26,富邦-竹東,2024-05-13,9625
3260,威剛,39,15,24,富邦-竹東,2024-05-13,9625
2367,燿華,150,127,23,富邦-竹東,2024-05-13,9625
2603,長榮,87,65,22,富邦-竹東,2024-05-13,9625
2109,華豐,21,0,21,富邦-竹東,2024-05-13,9625
2485,兆赫,20,0,20,富邦-竹東,2024-05-13,9625
2017,官田鋼,21,1,20,富邦-竹東,2024-05-13,9625
5864,致和證,20,0,20,富邦-竹東,2024-05-13,9625
00679B,元大美債20年,19,0,19,富邦-竹東,2024-05-13,9625
1736,喬山,19,0,19,富邦-竹東,2024-05-13,9625
2344,華邦電,25,6,19,富邦-竹東,2024-05-13,9625
6509,聚和,19,1,18,富邦-竹東,2024-05-13,9625
6530,創威,17,0,17,富邦-竹東,2024-05-13,9625
2637,慧洋-KY,43,27,16,富邦-竹東,2024-05-13,9625
2611,志信,24,8,16,富邦-竹東,2024-05-13,9625
6213,聯茂,16,0,16,富邦-竹東,2024-05-13,9625
1312,國喬,26,11,15,富邦-竹東,2024-05-13,9625
2303,聯電,35,20,15,富邦-竹東,2024-05-13,9625
4707,磐亞,14,0,14,富邦-竹東,2024-05-13,9625
2884,玉山金,14,0,14,富邦-竹東,2024-05-13,9625
00712,復華富時不動產,21,8,13,富邦-竹東,2024-05-13,9625
00752,中信中國50,16,3,13,富邦-竹東,2024-05-13,9625
6125,廣運,32,19,13,富邦-竹東,2024-05-13,9625
1714,和桐,12,0,12,富邦-竹東,2024-05-13,9625
2601,益航,17,5,12,富邦-竹東,2024-05-13,9625
4426,利勤,11,0,11,富邦-竹東,2024-05-13,9625
2882,國泰金,48,37,11,富邦-竹東,2024-05-13,9625
00929,復華台灣科技優息,221,67,154,富邦-竹東,2024-05-14,9625
00937B,群益ESG投等債20,100,0,100,富邦-竹東,2024-05-14,9625
2020,美亞,98,0,98,富邦-竹東,2024-05-14,9625
2888,新光金,77,0,77,富邦-竹東,2024-05-14,9625
00878,國泰永續高股息,86,15,71,富邦-竹東,2024-05-14,9625
1612,宏泰,70,0,70,富邦-竹東,2024-05-14,9625
00919,群益台灣精選高息,121,53,68,富邦-竹東,2024-05-14,9625
00679B,元大美債20年,50,0,50,富邦-竹東,2024-05-14,9625
6548,長科*,45,2,43,富邦-竹東,2024-05-14,9625
2615,萬海,180,138,42,富邦-竹東,2024-05-14,9625
1608,華榮,42,0,42,富邦-竹東,2024-05-14,9625
2867,三商壽,43,1,42,富邦-竹東,2024-05-14,9625
2363,矽統,85,44,41,富邦-竹東,2024-05-14,9625
00637L,元大滬深300正2,53,13,40,富邦-竹東,2024-05-14,9625
2374,佳能,103,66,37,富邦-竹東,2024-05-14,9625
3481,群創,36,4,32,富邦-竹東,2024-05-14,9625
00882,中信中國高股息,45,15,30,富邦-竹東,2024-05-14,9625
2241,艾姆勒,30,2,28,富邦-竹東,2024-05-14,9625
00932,兆豐永續高息等權,25,0,25,富邦-竹東,2024-05-14,9625
9945,潤泰新,25,1,24,富邦-竹東,2024-05-14,9625
00944,野村趨勢動能高息,23,0,23,富邦-竹東,2024-05-14,9625
3231,緯創,35,12,23,富邦-竹東,2024-05-14,9625
2618,長榮航,47,24,23,富邦-竹東,2024-05-14,9625
2208,台船,22,0,22,富邦-竹東,2024-05-14,9625
6770,力積電,31,11,20,富邦-竹東,2024-05-14,9625
2883,凱基金,75,56,19,富邦-竹東,2024-05-14,9625
00680L,元大美債20正2,20,1,19,富邦-竹東,2024-05-14,9625
2301,光寶科,24,5,19,富邦-竹東,2024-05-14,9625
00671R,富邦NASDAQ反1,18,0,18,富邦-竹東,2024-05-14,9625
2376,技嘉,24,6,18,富邦-竹東,2024-05-14,9625
2317,鴻海,49,31,18,富邦-竹東,2024-05-14,9625
2834,臺企銀,16,0,16,富邦-竹東,2024-05-14,9625
5392,能率,19,4,15,富邦-竹東,2024-05-14,9625
6120,達運,15,0,15,富邦-竹東,2024-05-14,9625
1101,台泥,18,3,15,富邦-竹東,2024-05-14,9625
00650L,復華香港正2,15,0,15,富邦-竹東,2024-05-14,9625
2390,云辰,13,0,13,富邦-竹東,2024-05-14,9625
1614,三洋電,14,1,13,富邦-竹東,2024-05-14,9625
2736,富野,15,2,13,富邦-竹東,2024-05-14,9625
2887,台新金,14,2,12,富邦-竹東,2024-05-14,9625
2801,彰銀,10,0,10,富邦-竹東,2024-05-14,9625
2630,亞航,14,4,10,富邦-竹東,2024-05-14,9625
00772B,中信高評級公司債,10,0,10,富邦-竹東,2024-05-14,9625
00688L,國泰20年美債正2,10,0,10,富邦-竹東,2024-05-14,9625
00773B,中信優先金融債,10,0,10,富邦-竹東,2024-05-14,9625
2820,華票,10,0,10,富邦-竹東,2024-05-14,9625
2482,連宇,18,8,10,富邦-竹東,2024-05-14,9625
9904,寶成,10,0,10,富邦-竹東,2024-05-14,9625
9912,偉聯,10,0,10,富邦-竹東,2024-05-14,9625
2206,三陽工業,10,0,10,富邦-竹東,2024-05-14,9625
00929,復華台灣科技優息,448,47,401,富邦-竹東,2024-05-15,9625
2367,燿華,267,79,188,富邦-竹東,2024-05-15,9625
00937B,群益ESG投等債20,190,4,186,富邦-竹東,2024-05-15,9625
2514,龍邦,160,0,160,富邦-竹東,2024-05-15,9625
00632R,元大台灣50反1,221,100,121,富邦-竹東,2024-05-15,9625
00665L,富邦�琤肭磪囓�2,112,0,112,富邦-竹東,2024-05-15,9625
00664R,國泰臺灣加權反1,80,0,80,富邦-竹東,2024-05-15,9625
00878,國泰永續高股息,102,29,73,富邦-竹東,2024-05-15,9625
2356,英業達,103,32,71,富邦-竹東,2024-05-15,9625
2109,華豐,70,0,70,富邦-竹東,2024-05-15,9625
1612,宏泰,48,4,44,富邦-竹東,2024-05-15,9625
2355,敬鵬,45,5,40,富邦-竹東,2024-05-15,9625
3702,大聯大,40,0,40,富邦-竹東,2024-05-15,9625
00679B,元大美債20年,37,1,36,富邦-竹東,2024-05-15,9625
2609,陽明,165,129,36,富邦-竹東,2024-05-15,9625
6770,力積電,48,13,35,富邦-竹東,2024-05-15,9625
6548,長科*,30,0,30,富邦-竹東,2024-05-15,9625
2613,中櫃,27,0,27,富邦-竹東,2024-05-15,9625
2363,矽統,74,48,26,富邦-竹東,2024-05-15,9625
00932,兆豐永續高息等權,51,25,26,富邦-竹東,2024-05-15,9625
2603,長榮,54,31,23,富邦-竹東,2024-05-15,9625
6229,研通,22,0,22,富邦-竹東,2024-05-15,9625
1101,台泥,25,3,22,富邦-竹東,2024-05-15,9625
2618,長榮航,79,58,21,富邦-竹東,2024-05-15,9625
6215,和椿,38,18,20,富邦-竹東,2024-05-15,9625
8054,安國,51,32,19,富邦-竹東,2024-05-15,9625
00752,中信中國50,18,0,18,富邦-竹東,2024-05-15,9625
5251,天鉞電,19,1,18,富邦-竹東,2024-05-15,9625
00891,中信關鍵半導體,22,5,17,富邦-竹東,2024-05-15,9625
2405,輔信,28,12,16,富邦-竹東,2024-05-15,9625
2515,中工,17,2,15,富邦-竹東,2024-05-15,9625
5443,均豪,15,0,15,富邦-竹東,2024-05-15,9625
6207,雷科,28,14,14,富邦-竹東,2024-05-15,9625
6188,廣明,24,10,14,富邦-竹東,2024-05-15,9625
4533,協易機,46,32,14,富邦-竹東,2024-05-15,9625
2887,台新金,14,1,13,富邦-竹東,2024-05-15,9625
2630,亞航,21,9,12,富邦-竹東,2024-05-15,9625
00936,台新永續高息中小,12,0,12,富邦-竹東,2024-05-15,9625
1616,億泰,13,1,12,富邦-竹東,2024-05-15,9625
1582,信錦,23,11,12,富邦-竹東,2024-05-15,9625
5426,振發,12,0,12,富邦-竹東,2024-05-15,9625
6806,森崴能源,12,0,12,富邦-竹東,2024-05-15,9625
1514,亞力,12,0,12,富邦-竹東,2024-05-15,9625
00933B,國泰10Y+金融債,11,0,11,富邦-竹東,2024-05-15,9625
2634,漢翔,15,4,11,富邦-竹東,2024-05-15,9625
5880,合庫金,13,2,11,富邦-竹東,2024-05-15,9625
2812,台中銀,11,0,11,富邦-竹東,2024-05-15,9625
5230,雷笛克光學,12,1,11,富邦-竹東,2024-05-15,9625
6147,頎邦,11,0,11,富邦-竹東,2024-05-15,9625
9933,中鼎,11,0,11,富邦-竹東,2024-05-15,9625
00664R,國泰臺灣加權反1,90,0,90,富邦-竹東,2024-05-16,9625
3231,緯創,142,62,80,富邦-竹東,2024-05-16,9625
00679B,元大美債20年,108,30,78,富邦-竹東,2024-05-16,9625
00712,復華富時不動產,70,4,66,富邦-竹東,2024-05-16,9625
2505,國揚,60,0,60,富邦-竹東,2024-05-16,9625
1514,亞力,60,6,54,富邦-竹東,2024-05-16,9625
2834,臺企銀,44,1,43,富邦-竹東,2024-05-16,9625
2356,英業達,70,28,42,富邦-竹東,2024-05-16,9625
2365,昆盈,41,9,32,富邦-竹東,2024-05-16,9625
2537,聯上發,32,0,32,富邦-竹東,2024-05-16,9625
3545,敦泰,32,0,32,富邦-竹東,2024-05-16,9625
2374,佳能,44,14,30,富邦-竹東,2024-05-16,9625
00706L,期元大S＆P日圓正2,30,0,30,富邦-竹東,2024-05-16,9625
00878,國泰永續高股息,104,74,30,富邦-竹東,2024-05-16,9625
3706,神達,37,8,29,富邦-竹東,2024-05-16,9625
2464,盟立,45,17,28,富邦-竹東,2024-05-16,9625
2382,廣達,48,20,28,富邦-竹東,2024-05-16,9625
2440,太空梭,32,5,27,富邦-竹東,2024-05-16,9625
00891,中信關鍵半導體,25,0,25,富邦-竹東,2024-05-16,9625
2367,燿華,57,34,23,富邦-竹東,2024-05-16,9625
2408,南亞科,25,4,21,富邦-竹東,2024-05-16,9625
5392,能率,24,3,21,富邦-竹東,2024-05-16,9625
2109,華豐,20,0,20,富邦-竹東,2024-05-16,9625
00700,富邦�琤肭磪�,20,0,20,富邦-竹東,2024-05-16,9625
6753,龍德造船,20,2,18,富邦-竹東,2024-05-16,9625
2317,鴻海,101,83,18,富邦-竹東,2024-05-16,9625
2527,宏璟,18,0,18,富邦-竹東,2024-05-16,9625
5512,力麒,19,2,17,富邦-竹東,2024-05-16,9625
2883,凱基金,88,71,17,富邦-竹東,2024-05-16,9625
8033,雷虎,16,1,15,富邦-竹東,2024-05-16,9625
4561,健椿,15,0,15,富邦-竹東,2024-05-16,9625
8088,品安,16,2,14,富邦-竹東,2024-05-16,9625
2889,國票金,24,10,14,富邦-竹東,2024-05-16,9625
3694,海華,18,5,13,富邦-竹東,2024-05-16,9625
3714,富采,13,0,13,富邦-竹東,2024-05-16,9625
2301,光寶科,17,4,13,富邦-竹東,2024-05-16,9625
3363,上詮,29,17,12,富邦-竹東,2024-05-16,9625
2359,所羅門,44,32,12,富邦-竹東,2024-05-16,9625
1591,駿吉-KY,12,0,12,富邦-竹東,2024-05-16,9625
8210,勤誠,36,24,12,富邦-竹東,2024-05-16,9625
4934,太極,11,0,11,富邦-竹東,2024-05-16,9625
1522,堤維西,27,16,11,富邦-竹東,2024-05-16,9625
6789,采鈺,11,0,11,富邦-竹東,2024-05-16,9625
6451,訊芯-KY,13,2,11,富邦-竹東,2024-05-16,9625
2406,國碩,10,0,10,富邦-竹東,2024-05-16,9625
5475,德宏,10,0,10,富邦-竹東,2024-05-16,9625
2009,第一銅,28,18,10,富邦-竹東,2024-05-16,9625
1218,泰山,10,0,10,富邦-竹東,2024-05-16,9625
4147,中裕,10,0,10,富邦-竹東,2024-05-16,9625
6841,長佳智能,10,0,10,富邦-竹東,2024-05-16,9625
00929,復華台灣科技優息,221,34,187,富邦-竹東,2024-05-17,9625
00878,國泰永續高股息,171,31,140,富邦-竹東,2024-05-17,9625
3059,華晶科,113,44,69,富邦-竹東,2024-05-17,9625
2641,正德,69,2,67,富邦-竹東,2024-05-17,9625
2867,三商壽,86,21,65,富邦-竹東,2024-05-17,9625
2417,圓剛,68,4,64,富邦-竹東,2024-05-17,9625
3312,弘憶股,77,14,63,富邦-竹東,2024-05-17,9625
2489,瑞軒,95,40,55,富邦-竹東,2024-05-17,9625
3710,連展投控,50,0,50,富邦-竹東,2024-05-17,9625
2374,佳能,90,47,43,富邦-竹東,2024-05-17,9625
00919,群益台灣精選高息,63,22,41,富邦-竹東,2024-05-17,9625
00665L,富邦�琤肭磪囓�2,155,114,41,富邦-竹東,2024-05-17,9625
2356,英業達,44,6,38,富邦-竹東,2024-05-17,9625
3033,威健,49,14,35,富邦-竹東,2024-05-17,9625
2408,南亞科,38,4,34,富邦-竹東,2024-05-17,9625
3576,聯合再生,44,15,29,富邦-竹東,2024-05-17,9625
9945,潤泰新,80,54,26,富邦-竹東,2024-05-17,9625
00918,大華優利高填息30,23,0,23,富邦-竹東,2024-05-17,9625
2367,燿華,205,183,22,富邦-竹東,2024-05-17,9625
3231,緯創,26,4,22,富邦-竹東,2024-05-17,9625
2609,陽明,40,19,21,富邦-竹東,2024-05-17,9625
2601,益航,20,0,20,富邦-竹東,2024-05-17,9625
2109,華豐,20,0,20,富邦-竹東,2024-05-17,9625
9946,三發地產,20,0,20,富邦-竹東,2024-05-17,9625
2449,京元電子,33,13,20,富邦-竹東,2024-05-17,9625
6177,達麗,19,1,18,富邦-竹東,2024-05-17,9625
1725,元禎,16,0,16,富邦-竹東,2024-05-17,9625
2440,太空梭,16,0,16,富邦-竹東,2024-05-17,9625
6147,頎邦,18,2,16,富邦-竹東,2024-05-17,9625
2349,錸德,16,0,16,富邦-竹東,2024-05-17,9625
3481,群創,19,3,16,富邦-竹東,2024-05-17,9625
3047,訊舟,49,33,16,富邦-竹東,2024-05-17,9625
6616,特昇-KY,15,0,15,富邦-竹東,2024-05-17,9625
8150,南茂,15,0,15,富邦-竹東,2024-05-17,9625
1314,中石化,27,13,14,富邦-竹東,2024-05-17,9625
2606,裕民,19,5,14,富邦-竹東,2024-05-17,9625
1517,利奇,16,2,14,富邦-竹東,2024-05-17,9625
2419,仲琦,14,1,13,富邦-竹東,2024-05-17,9625
2515,中工,52,39,13,富邦-竹東,2024-05-17,9625
00936,台新永續高息中小,13,0,13,富邦-竹東,2024-05-17,9625
5392,能率,29,17,12,富邦-竹東,2024-05-17,9625
1102,亞泥,12,0,12,富邦-竹東,2024-05-17,9625
3060,銘異,41,29,12,富邦-竹東,2024-05-17,9625
2630,亞航,17,5,12,富邦-竹東,2024-05-17,9625
00940,元大台灣價值高息,59,48,11,富邦-竹東,2024-05-17,9625
2516,新建,11,0,11,富邦-竹東,2024-05-17,9625
1784,訊聯,11,0,11,富邦-竹東,2024-05-17,9625
8936,國統,19,8,11,富邦-竹東,2024-05-17,9625
1609,大亞,21,10,11,富邦-竹東,2024-05-17,9625
2511,太子,10,0,10,富邦-竹東,2024-05-17,9625
00940,元大台灣價值高息,420,99,321,富邦-竹東,2024-05-20,9625
00673R,期元大S＆P原油反1,302,0,302,富邦-竹東,2024-05-20,9625
2867,三商壽,335,65,270,富邦-竹東,2024-05-20,9625
00929,復華台灣科技優息,198,66,132,富邦-竹東,2024-05-20,9625
00939,統一台灣高息動能,168,36,132,富邦-竹東,2024-05-20,9625
00665L,富邦�琤肭磪囓�2,102,0,102,富邦-竹東,2024-05-20,9625
6443,元晶,75,7,68,富邦-竹東,2024-05-20,9625
00878,國泰永續高股息,87,25,62,富邦-竹東,2024-05-20,9625
2363,矽統,105,61,44,富邦-竹東,2024-05-20,9625
00679B,元大美債20年,40,0,40,富邦-竹東,2024-05-20,9625
00937B,群益ESG投等債20,41,3,38,富邦-竹東,2024-05-20,9625
8059,凱碩,37,1,36,富邦-竹東,2024-05-20,9625
00687B,國泰20年美債,34,3,31,富邦-竹東,2024-05-20,9625
4906,正文,30,3,27,富邦-竹東,2024-05-20,9625
2515,中工,27,0,27,富邦-竹東,2024-05-20,9625
2367,燿華,95,69,26,富邦-竹東,2024-05-20,9625
1608,華榮,42,16,26,富邦-竹東,2024-05-20,9625
2618,長榮航,111,85,26,富邦-竹東,2024-05-20,9625
2002,中鋼,30,6,24,富邦-竹東,2024-05-20,9625
1314,中石化,22,0,22,富邦-竹東,2024-05-20,9625
3016,嘉晶,21,0,21,富邦-竹東,2024-05-20,9625
2467,志聖,23,3,20,富邦-竹東,2024-05-20,9625
00655L,國泰中國A50正2,20,0,20,富邦-竹東,2024-05-20,9625
0061,元大寶滬深,20,0,20,富邦-竹東,2024-05-20,9625
8064,東捷,21,2,19,富邦-竹東,2024-05-20,9625
3260,威剛,18,0,18,富邦-竹東,2024-05-20,9625
2324,仁寶,25,8,17,富邦-竹東,2024-05-20,9625
8033,雷虎,18,1,17,富邦-竹東,2024-05-20,9625
8071,能率網通,16,1,15,富邦-竹東,2024-05-20,9625
2329,華泰,18,3,15,富邦-竹東,2024-05-20,9625
2897,王道銀行,15,0,15,富邦-竹東,2024-05-20,9625
4960,誠美材,15,1,14,富邦-竹東,2024-05-20,9625
2359,所羅門,51,37,14,富邦-竹東,2024-05-20,9625
2736,富野,20,7,13,富邦-竹東,2024-05-20,9625
3652,精聯,13,0,13,富邦-竹東,2024-05-20,9625
6125,廣運,59,46,13,富邦-竹東,2024-05-20,9625
6153,嘉聯益,14,2,12,富邦-竹東,2024-05-20,9625
00882,中信中國高股息,32,20,12,富邦-竹東,2024-05-20,9625
2514,龍邦,18,6,12,富邦-竹東,2024-05-20,9625
00680L,元大美債20正2,11,0,11,富邦-竹東,2024-05-20,9625
00946,群益科技高息成長,14,3,11,富邦-竹東,2024-05-20,9625
00936,台新永續高息中小,11,0,11,富邦-竹東,2024-05-20,9625
2330,台積電,14,3,11,富邦-竹東,2024-05-20,9625
1304,台聚,10,0,10,富邦-竹東,2024-05-20,9625
1615,大山,11,1,10,富邦-竹東,2024-05-20,9625
2745,五福,15,5,10,富邦-竹東,2024-05-20,9625
00933B,國泰10Y+金融債,10,0,10,富邦-竹東,2024-05-20,9625
4976,佳凌,25,15,10,富邦-竹東,2024-05-20,9625
2613,中櫃,10,0,10,富邦-竹東,2024-05-20,9625
4147,中裕,10,0,10,富邦-竹東,2024-05-20,9625
00878,國泰永續高股息,176,23,153,富邦-竹東,2024-05-21,9625
00940,元大台灣價值高息,121,41,80,富邦-竹東,2024-05-21,9625
8358,金居,107,52,55,富邦-竹東,2024-05-21,9625
00679B,元大美債20年,52,3,49,富邦-竹東,2024-05-21,9625
3702,大聯大,46,1,45,富邦-竹東,2024-05-21,9625
00944,野村趨勢動能高息,40,0,40,富邦-竹東,2024-05-21,9625
2834,臺企銀,38,0,38,富邦-竹東,2024-05-21,9625
3033,威健,73,35,38,富邦-竹東,2024-05-21,9625
1101,台泥,42,5,37,富邦-竹東,2024-05-21,9625
2324,仁寶,39,7,32,富邦-竹東,2024-05-21,9625
2317,鴻海,43,11,32,富邦-竹東,2024-05-21,9625
8028,昇陽半導體,39,10,29,富邦-竹東,2024-05-21,9625
1612,宏泰,33,4,29,富邦-竹東,2024-05-21,9625
2641,正德,35,7,28,富邦-竹東,2024-05-21,9625
2603,長榮,38,11,27,富邦-竹東,2024-05-21,9625
2504,國產,29,4,25,富邦-竹東,2024-05-21,9625
1312,國喬,25,0,25,富邦-竹東,2024-05-21,9625
4533,協易機,148,124,24,富邦-竹東,2024-05-21,9625
5864,致和證,23,0,23,富邦-竹東,2024-05-21,9625
1608,華榮,37,14,23,富邦-竹東,2024-05-21,9625
2514,龍邦,23,1,22,富邦-竹東,2024-05-21,9625
2867,三商壽,45,23,22,富邦-竹東,2024-05-21,9625
2027,大成鋼,25,4,21,富邦-竹東,2024-05-21,9625
4561,健椿,27,6,21,富邦-竹東,2024-05-21,9625
2440,太空梭,20,0,20,富邦-竹東,2024-05-21,9625
2736,富野,20,0,20,富邦-竹東,2024-05-21,9625
5371,中光電,24,4,20,富邦-竹東,2024-05-21,9625
2356,英業達,39,19,20,富邦-竹東,2024-05-21,9625
3231,緯創,35,16,19,富邦-竹東,2024-05-21,9625
8390,金益鼎,32,13,19,富邦-竹東,2024-05-21,9625
1752,南光,25,8,17,富邦-竹東,2024-05-21,9625
2542,興富發,22,5,17,富邦-竹東,2024-05-21,9625
2601,益航,16,0,16,富邦-竹東,2024-05-21,9625
6179,亞通,16,0,16,富邦-竹東,2024-05-21,9625
00687B,國泰20年美債,16,0,16,富邦-竹東,2024-05-21,9625
6005,群益證,16,0,16,富邦-竹東,2024-05-21,9625
2363,矽統,45,30,15,富邦-竹東,2024-05-21,9625
6770,力積電,23,8,15,富邦-竹東,2024-05-21,9625
1809,中釉,24,9,15,富邦-竹東,2024-05-21,9625
6166,凌華,17,2,15,富邦-竹東,2024-05-21,9625
2408,南亞科,18,3,15,富邦-竹東,2024-05-21,9625
00700,富邦�琤肭磪�,15,0,15,富邦-竹東,2024-05-21,9625
8096,擎亞,17,2,15,富邦-竹東,2024-05-21,9625
1314,中石化,16,2,14,富邦-竹東,2024-05-21,9625
4967,十銓,30,17,13,富邦-竹東,2024-05-21,9625
2208,台船,13,0,13,富邦-竹東,2024-05-21,9625
3481,群創,14,1,13,富邦-竹東,2024-05-21,9625
4952,凌通,33,20,13,富邦-竹東,2024-05-21,9625
3596,智易,13,0,13,富邦-竹東,2024-05-21,9625
00921,兆豐龍頭等權重,12,0,12,富邦-竹東,2024-05-21,9625
00715L,期街口布蘭特正2,110,0,110,富邦-竹東,2024-05-22,9625
2618,長榮航,113,20,93,富邦-竹東,2024-05-22,9625
2367,燿華,113,33,80,富邦-竹東,2024-05-22,9625
00946,群益科技高息成長,73,0,73,富邦-竹東,2024-05-22,9625
3047,訊舟,119,48,71,富邦-竹東,2024-05-22,9625
00632R,元大台灣50反1,51,5,46,富邦-竹東,2024-05-22,9625
2356,英業達,73,29,44,富邦-竹東,2024-05-22,9625
2002,中鋼,46,6,40,富邦-竹東,2024-05-22,9625
00933B,國泰10Y+金融債,38,2,36,富邦-竹東,2024-05-22,9625
3060,銘異,52,17,35,富邦-竹東,2024-05-22,9625
2883,凱基金,39,5,34,富邦-竹東,2024-05-22,9625
3033,威健,32,2,30,富邦-竹東,2024-05-22,9625
2354,鴻準,35,6,29,富邦-竹東,2024-05-22,9625
4426,利勤,29,0,29,富邦-竹東,2024-05-22,9625
1608,華榮,30,2,28,富邦-竹東,2024-05-22,9625
3013,晟銘電,142,114,28,富邦-竹東,2024-05-22,9625
2884,玉山金,44,17,27,富邦-竹東,2024-05-22,9625
2890,永豐金,29,3,26,富邦-竹東,2024-05-22,9625
3014,聯陽,28,3,25,富邦-竹東,2024-05-22,9625
2610,華航,38,15,23,富邦-竹東,2024-05-22,9625
2312,金寶,41,19,22,富邦-竹東,2024-05-22,9625
3481,群創,138,116,22,富邦-竹東,2024-05-22,9625
2504,國產,30,8,22,富邦-竹東,2024-05-22,9625
8110,華東,29,7,22,富邦-竹東,2024-05-22,9625
2464,盟立,40,18,22,富邦-竹東,2024-05-22,9625
2888,新光金,24,2,22,富邦-竹東,2024-05-22,9625
8096,擎亞,35,14,21,富邦-竹東,2024-05-22,9625
2641,正德,24,3,21,富邦-竹東,2024-05-22,9625
6125,廣運,55,36,19,富邦-竹東,2024-05-22,9625
6182,合晶,21,2,19,富邦-竹東,2024-05-22,9625
3360,尚立,24,6,18,富邦-竹東,2024-05-22,9625
00679B,元大美債20年,18,0,18,富邦-竹東,2024-05-22,9625
3287,廣寰科,50,33,17,富邦-竹東,2024-05-22,9625
2486,一詮,19,2,17,富邦-竹東,2024-05-22,9625
1609,大亞,25,9,16,富邦-竹東,2024-05-22,9625
5426,振發,78,62,16,富邦-竹東,2024-05-22,9625
6695,芯鼎,19,3,16,富邦-竹東,2024-05-22,9625
5009,榮剛,16,0,16,富邦-竹東,2024-05-22,9625
2009,第一銅,91,76,15,富邦-竹東,2024-05-22,9625
5488,松普,15,0,15,富邦-竹東,2024-05-22,9625
1102,亞泥,14,0,14,富邦-竹東,2024-05-22,9625
2230,泰茂,13,0,13,富邦-竹東,2024-05-22,9625
1303,南亞,13,1,12,富邦-竹東,2024-05-22,9625
2636,台驊控股,13,1,12,富邦-竹東,2024-05-22,9625
4111,濟生,55,43,12,富邦-竹東,2024-05-22,9625
3490,單井,13,1,12,富邦-竹東,2024-05-22,9625
00665L,富邦�琤肭磪囓�2,212,200,12,富邦-竹東,2024-05-22,9625
5392,能率,38,26,12,富邦-竹東,2024-05-22,9625
2867,三商壽,34,22,12,富邦-竹東,2024-05-22,9625
3356,奇偶,14,3,11,富邦-竹東,2024-05-22,9625
00665L,富邦�琤肭磪囓�2,432,15,417,富邦-竹東,2024-05-23,9625
6235,華孚,219,2,217,富邦-竹東,2024-05-23,9625
00676R,富邦臺灣加權反1,120,0,120,富邦-竹東,2024-05-23,9625
2888,新光金,71,2,69,富邦-竹東,2024-05-23,9625
2618,長榮航,99,33,66,富邦-竹東,2024-05-23,9625
2356,英業達,71,5,66,富邦-竹東,2024-05-23,9625
2324,仁寶,86,29,57,富邦-竹東,2024-05-23,9625
2002,中鋼,54,1,53,富邦-竹東,2024-05-23,9625
00632R,元大台灣50反1,46,0,46,富邦-竹東,2024-05-23,9625
2812,台中銀,43,0,43,富邦-竹東,2024-05-23,9625
5498,凱崴,47,4,43,富邦-竹東,2024-05-23,9625
00944,野村趨勢動能高息,39,0,39,富邦-竹東,2024-05-23,9625
6147,頎邦,39,1,38,富邦-竹東,2024-05-23,9625
2014,中鴻,36,0,36,富邦-竹東,2024-05-23,9625
2363,矽統,48,14,34,富邦-竹東,2024-05-23,9625
4533,協易機,40,6,34,富邦-竹東,2024-05-23,9625
2353,宏��,81,48,33,富邦-竹東,2024-05-23,9625
3450,聯鈞,36,3,33,富邦-竹東,2024-05-23,9625
3356,奇偶,42,10,32,富邦-竹東,2024-05-23,9625
2915,潤泰全,30,0,30,富邦-竹東,2024-05-23,9625
3588,通嘉,29,0,29,富邦-竹東,2024-05-23,9625
00940,元大台灣價值高息,42,15,27,富邦-竹東,2024-05-23,9625
2352,佳世達,27,1,26,富邦-竹東,2024-05-23,9625
8088,品安,25,0,25,富邦-竹東,2024-05-23,9625
3481,群創,60,36,24,富邦-竹東,2024-05-23,9625
5371,中光電,42,19,23,富邦-竹東,2024-05-23,9625
2883,凱基金,36,14,22,富邦-竹東,2024-05-23,9625
1309,台達化,20,0,20,富邦-竹東,2024-05-23,9625
4714,永捷,20,0,20,富邦-竹東,2024-05-23,9625
9136,巨騰-DR,19,0,19,富邦-竹東,2024-05-23,9625
3234,光環,21,3,18,富邦-竹東,2024-05-23,9625
8936,國統,21,4,17,富邦-竹東,2024-05-23,9625
8096,擎亞,17,0,17,富邦-竹東,2024-05-23,9625
1609,大亞,19,3,16,富邦-竹東,2024-05-23,9625
3714,富采,16,0,16,富邦-竹東,2024-05-23,9625
1612,宏泰,15,0,15,富邦-竹東,2024-05-23,9625
2880,華南金,15,0,15,富邦-竹東,2024-05-23,9625
2834,臺企銀,31,17,14,富邦-竹東,2024-05-23,9625
9945,潤泰新,25,11,14,富邦-竹東,2024-05-23,9625
00878,國泰永續高股息,30,16,14,富邦-竹東,2024-05-23,9625
3059,華晶科,17,4,13,富邦-竹東,2024-05-23,9625
2867,三商壽,13,0,13,富邦-竹東,2024-05-23,9625
1536,和大,17,5,12,富邦-竹東,2024-05-23,9625
3490,單井,15,3,12,富邦-竹東,2024-05-23,9625
6215,和椿,23,11,12,富邦-竹東,2024-05-23,9625
4306,炎洲,11,0,11,富邦-竹東,2024-05-23,9625
6163,華電網,11,0,11,富邦-竹東,2024-05-23,9625
6470,宇智,11,0,11,富邦-竹東,2024-05-23,9625
2460,建通,10,0,10,富邦-竹東,2024-05-23,9625
1718,中纖,10,0,10,富邦-竹東,2024-05-23,9625
00715L,期街口布蘭特正2,1301,0,1301,富邦-竹東,2024-05-24,9625
2365,昆盈,297,50,247,富邦-竹東,2024-05-24,9625
00937B,群益ESG投等債20,145,8,137,富邦-竹東,2024-05-24,9625
00712,復華富時不動產,80,0,80,富邦-竹東,2024-05-24,9625
1809,中釉,89,13,76,富邦-竹東,2024-05-24,9625
4157,太景*-KY,65,0,65,富邦-竹東,2024-05-24,9625
00929,復華台灣科技優息,79,24,55,富邦-竹東,2024-05-24,9625
2025,千興,54,0,54,富邦-竹東,2024-05-24,9625
8064,東捷,66,17,49,富邦-竹東,2024-05-24,9625
2884,玉山金,44,1,43,富邦-竹東,2024-05-24,9625
00915,凱基優選高股息30,40,2,38,富邦-竹東,2024-05-24,9625
2324,仁寶,55,18,37,富邦-竹東,2024-05-24,9625
00687B,國泰20年美債,34,5,29,富邦-竹東,2024-05-24,9625
3025,星通,31,3,28,富邦-竹東,2024-05-24,9625
2002,中鋼,29,1,28,富邦-竹東,2024-05-24,9625
2344,華邦電,28,2,26,富邦-竹東,2024-05-24,9625
6125,廣運,56,31,25,富邦-竹東,2024-05-24,9625
6770,力積電,33,8,25,富邦-竹東,2024-05-24,9625
2610,華航,40,15,25,富邦-竹東,2024-05-24,9625
3163,波若威,68,44,24,富邦-竹東,2024-05-24,9625
1810,和成,28,6,22,富邦-竹東,2024-05-24,9625
2514,龍邦,22,0,22,富邦-竹東,2024-05-24,9625
2891,中信金,23,2,21,富邦-竹東,2024-05-24,9625
6147,頎邦,23,3,20,富邦-竹東,2024-05-24,9625
2888,新光金,25,5,20,富邦-竹東,2024-05-24,9625
5351,鈺創,21,2,19,富邦-竹東,2024-05-24,9625
2880,華南金,18,0,18,富邦-竹東,2024-05-24,9625
9945,潤泰新,21,4,17,富邦-竹東,2024-05-24,9625
6274,台燿,17,0,17,富邦-竹東,2024-05-24,9625
1608,華榮,19,2,17,富邦-竹東,2024-05-24,9625
6188,廣明,25,8,17,富邦-竹東,2024-05-24,9625
2633,台灣高鐵,16,0,16,富邦-竹東,2024-05-24,9625
2354,鴻準,32,16,16,富邦-竹東,2024-05-24,9625
00664R,國泰臺灣加權反1,15,0,15,富邦-竹東,2024-05-24,9625
1340,勝悅-KY,15,0,15,富邦-竹東,2024-05-24,9625
3221,台嘉碩,17,2,15,富邦-竹東,2024-05-24,9625
00700,富邦�琤肭磪�,15,0,15,富邦-竹東,2024-05-24,9625
9136,巨騰-DR,14,0,14,富邦-竹東,2024-05-24,9625
6117,迎廣,28,14,14,富邦-竹東,2024-05-24,9625
2464,盟立,84,70,14,富邦-竹東,2024-05-24,9625
5880,合庫金,13,0,13,富邦-竹東,2024-05-24,9625
1514,亞力,22,9,13,富邦-竹東,2024-05-24,9625
8110,華東,14,1,13,富邦-竹東,2024-05-24,9625
00665L,富邦�琤肭磪囓�2,12,0,12,富邦-竹東,2024-05-24,9625
2467,志聖,24,12,12,富邦-竹東,2024-05-24,9625
2371,大同,23,11,12,富邦-竹東,2024-05-24,9625
2834,臺企銀,11,0,11,富邦-竹東,2024-05-24,9625
1301,台塑,11,0,11,富邦-竹東,2024-05-24,9625
6113,亞矽,11,0,11,富邦-竹東,2024-05-24,9625
3060,銘異,13,2,11,富邦-竹東,2024-05-24,9625
00929,復華台灣科技優息,459,195,264,富邦-竹東,2024-05-27,9625
00919,群益台灣精選高息,256,10,246,富邦-竹東,2024-05-27,9625
00946,群益科技高息成長,134,15,119,富邦-竹東,2024-05-27,9625
00676R,富邦臺灣加權反1,101,0,101,富邦-竹東,2024-05-27,9625
9945,潤泰新,100,1,99,富邦-竹東,2024-05-27,9625
2367,燿華,117,25,92,富邦-竹東,2024-05-27,9625
2353,宏��,189,114,75,富邦-竹東,2024-05-27,9625
2369,菱生,71,4,67,富邦-竹東,2024-05-27,9625
00665L,富邦�琤肭磪囓�2,60,0,60,富邦-竹東,2024-05-27,9625
00632R,元大台灣50反1,56,0,56,富邦-竹東,2024-05-27,9625
2883,凱基金,63,7,56,富邦-竹東,2024-05-27,9625
3041,揚智,50,5,45,富邦-竹東,2024-05-27,9625
3234,光環,53,10,43,富邦-竹東,2024-05-27,9625
2025,千興,50,10,40,富邦-竹東,2024-05-27,9625
2609,陽明,84,46,38,富邦-竹東,2024-05-27,9625
3047,訊舟,94,56,38,富邦-竹東,2024-05-27,9625
5498,凱崴,60,24,36,富邦-竹東,2024-05-27,9625
00940,元大台灣價值高息,69,34,35,富邦-竹東,2024-05-27,9625
2364,倫飛,34,2,32,富邦-竹東,2024-05-27,9625
2401,凌陽,43,11,32,富邦-竹東,2024-05-27,9625
2405,輔信,69,39,30,富邦-竹東,2024-05-27,9625
3093,港建*,30,0,30,富邦-竹東,2024-05-27,9625
2606,裕民,34,4,30,富邦-竹東,2024-05-27,9625
2352,佳世達,51,22,29,富邦-竹東,2024-05-27,9625
00937B,群益ESG投等債20,38,10,28,富邦-竹東,2024-05-27,9625
3013,晟銘電,68,41,27,富邦-竹東,2024-05-27,9625
1312,國喬,27,0,27,富邦-竹東,2024-05-27,9625
1809,中釉,39,13,26,富邦-竹東,2024-05-27,9625
6143,振曜,26,1,25,富邦-竹東,2024-05-27,9625
2489,瑞軒,48,24,24,富邦-竹東,2024-05-27,9625
8234,新漢,26,4,22,富邦-竹東,2024-05-27,9625
6147,頎邦,22,1,21,富邦-竹東,2024-05-27,9625
2363,矽統,175,154,21,富邦-竹東,2024-05-27,9625
8028,昇陽半導體,72,52,20,富邦-竹東,2024-05-27,9625
00773B,中信優先金融債,20,0,20,富邦-竹東,2024-05-27,9625
00664R,國泰臺灣加權反1,20,0,20,富邦-竹東,2024-05-27,9625
2330,台積電,19,0,19,富邦-竹東,2024-05-27,9625
6506,雙邦,19,0,19,富邦-竹東,2024-05-27,9625
6234,高僑,25,6,19,富邦-竹東,2024-05-27,9625
00712,復華富時不動產,17,1,16,富邦-竹東,2024-05-27,9625
8936,國統,16,1,15,富邦-竹東,2024-05-27,9625
3687,歐買尬,15,0,15,富邦-竹東,2024-05-27,9625
2449,京元電子,18,3,15,富邦-竹東,2024-05-27,9625
4716,大立,15,0,15,富邦-竹東,2024-05-27,9625
6207,雷科,20,6,14,富邦-竹東,2024-05-27,9625
3363,上詮,36,23,13,富邦-竹東,2024-05-27,9625
3703,欣陸,15,2,13,富邦-竹東,2024-05-27,9625
6698,旭暉應材,13,0,13,富邦-竹東,2024-05-27,9625
2436,偉詮電,17,5,12,富邦-竹東,2024-05-27,9625
3055,蔚華科,21,9,12,富邦-竹東,2024-05-27,9625
2317,鴻海,235,33,202,富邦-竹東,2024-05-28,9625
00940,元大台灣價值高息,188,56,132,富邦-竹東,2024-05-28,9625
00937B,群益ESG投等債20,129,0,129,富邦-竹東,2024-05-28,9625
2002,中鋼,94,1,93,富邦-竹東,2024-05-28,9625
00712,復華富時不動產,76,0,76,富邦-竹東,2024-05-28,9625
6125,廣運,74,13,61,富邦-竹東,2024-05-28,9625
00929,復華台灣科技優息,154,93,61,富邦-竹東,2024-05-28,9625
2618,長榮航,115,56,59,富邦-竹東,2024-05-28,9625
00632R,元大台灣50反1,55,5,50,富邦-竹東,2024-05-28,9625
2486,一詮,62,15,47,富邦-竹東,2024-05-28,9625
5608,四維航,64,23,41,富邦-竹東,2024-05-28,9625
2354,鴻準,137,96,41,富邦-竹東,2024-05-28,9625
3231,緯創,94,56,38,富邦-竹東,2024-05-28,9625
2014,中鴻,53,16,37,富邦-竹東,2024-05-28,9625
3372,典範,44,8,36,富邦-竹東,2024-05-28,9625
2615,萬海,43,11,32,富邦-竹東,2024-05-28,9625
00753L,中信中國50正2,31,2,29,富邦-竹東,2024-05-28,9625
3545,敦泰,39,11,28,富邦-竹東,2024-05-28,9625
1316,上曜,30,2,28,富邦-竹東,2024-05-28,9625
00946,群益科技高息成長,39,13,26,富邦-竹東,2024-05-28,9625
1809,中釉,27,2,25,富邦-竹東,2024-05-28,9625
2353,宏��,108,84,24,富邦-竹東,2024-05-28,9625
2891,中信金,27,4,23,富邦-竹東,2024-05-28,9625
2743,山富,27,4,23,富邦-竹東,2024-05-28,9625
3540,曜越,22,0,22,富邦-竹東,2024-05-28,9625
3689,湧德,33,11,22,富邦-竹東,2024-05-28,9625
8358,金居,23,2,21,富邦-竹東,2024-05-28,9625
2241,艾姆勒,28,7,21,富邦-竹東,2024-05-28,9625
3481,群創,60,39,21,富邦-竹東,2024-05-28,9625
8940,新天地,20,0,20,富邦-竹東,2024-05-28,9625
00637L,元大滬深300正2,33,14,19,富邦-竹東,2024-05-28,9625
2027,大成鋼,19,0,19,富邦-竹東,2024-05-28,9625
6806,森崴能源,20,1,19,富邦-竹東,2024-05-28,9625
6188,廣明,69,51,18,富邦-竹東,2024-05-28,9625
3712,永崴投控,28,10,18,富邦-竹東,2024-05-28,9625
2603,長榮,54,37,17,富邦-竹東,2024-05-28,9625
8028,昇陽半導體,24,8,16,富邦-竹東,2024-05-28,9625
2338,光罩,19,3,16,富邦-竹東,2024-05-28,9625
1514,亞力,20,4,16,富邦-竹東,2024-05-28,9625
2363,矽統,76,61,15,富邦-竹東,2024-05-28,9625
3588,通嘉,15,0,15,富邦-竹東,2024-05-28,9625
2880,華南金,15,0,15,富邦-竹東,2024-05-28,9625
6227,茂綸,27,12,15,富邦-竹東,2024-05-28,9625
5386,青雲,18,3,15,富邦-竹東,2024-05-28,9625
8936,國統,33,18,15,富邦-竹東,2024-05-28,9625
2609,陽明,93,79,14,富邦-竹東,2024-05-28,9625
1504,東元,15,1,14,富邦-竹東,2024-05-28,9625
6168,宏齊,23,10,13,富邦-竹東,2024-05-28,9625
2009,第一銅,16,3,13,富邦-竹東,2024-05-28,9625
3535,晶彩科,19,6,13,富邦-竹東,2024-05-28,9625
00937B,群益ESG投等債20,434,14,420,富邦-竹東,2024-05-29,9625
00673R,期元大S＆P原油反1,302,0,302,富邦-竹東,2024-05-29,9625
00929,復華台灣科技優息,235,26,209,富邦-竹東,2024-05-29,9625
2317,鴻海,130,5,125,富邦-竹東,2024-05-29,9625
00664R,國泰臺灣加權反1,100,0,100,富邦-竹東,2024-05-29,9625
6757,台灣虎航,100,0,100,富邦-竹東,2024-05-29,9625
00679B,元大美債20年,114,15,99,富邦-竹東,2024-05-29,9625
2489,瑞軒,240,164,76,富邦-竹東,2024-05-29,9625
2605,新興,202,130,72,富邦-竹東,2024-05-29,9625
00946,群益科技高息成長,70,2,68,富邦-竹東,2024-05-29,9625
8234,新漢,72,4,68,富邦-竹東,2024-05-29,9625
2353,宏��,140,72,68,富邦-竹東,2024-05-29,9625
00940,元大台灣價值高息,66,14,52,富邦-竹東,2024-05-29,9625
00688L,國泰20年美債正2,52,0,52,富邦-竹東,2024-05-29,9625
2506,太設,53,3,50,富邦-竹東,2024-05-29,9625
2328,廣宇,65,16,49,富邦-竹東,2024-05-29,9625
6227,茂綸,53,4,49,富邦-竹東,2024-05-29,9625
00919,群益台灣精選高息,65,18,47,富邦-竹東,2024-05-29,9625
4526,東台,53,8,45,富邦-竹東,2024-05-29,9625
00944,野村趨勢動能高息,46,3,43,富邦-竹東,2024-05-29,9625
3380,明泰,68,29,39,富邦-竹東,2024-05-29,9625
00680L,元大美債20正2,39,0,39,富邦-竹東,2024-05-29,9625
00687B,國泰20年美債,39,2,37,富邦-竹東,2024-05-29,9625
2883,凱基金,51,14,37,富邦-竹東,2024-05-29,9625
3338,泰碩,68,32,36,富邦-竹東,2024-05-29,9625
2002,中鋼,36,1,35,富邦-竹東,2024-05-29,9625
2884,玉山金,45,10,35,富邦-竹東,2024-05-29,9625
1101,台泥,40,7,33,富邦-竹東,2024-05-29,9625
2611,志信,33,1,32,富邦-竹東,2024-05-29,9625
2888,新光金,63,32,31,富邦-竹東,2024-05-29,9625
2537,聯上發,33,3,30,富邦-竹東,2024-05-29,9625
3122,笙泉,30,2,28,富邦-竹東,2024-05-29,9625
00720B,元大投資級公司債,28,1,27,富邦-竹東,2024-05-29,9625
5880,合庫金,27,0,27,富邦-竹東,2024-05-29,9625
2801,彰銀,26,0,26,富邦-竹東,2024-05-29,9625
2880,華南金,25,0,25,富邦-竹東,2024-05-29,9625
9105,泰金寶-DR,24,0,24,富邦-竹東,2024-05-29,9625
3231,緯創,40,17,23,富邦-竹東,2024-05-29,9625
6140,訊達,46,23,23,富邦-竹東,2024-05-29,9625
2890,永豐金,22,0,22,富邦-竹東,2024-05-29,9625
3202,樺晟,21,0,21,富邦-竹東,2024-05-29,9625
3047,訊舟,53,33,20,富邦-竹東,2024-05-29,9625
00878,國泰永續高股息,53,33,20,富邦-竹東,2024-05-29,9625
6188,廣明,29,9,20,富邦-竹東,2024-05-29,9625
2409,友達,21,2,19,富邦-竹東,2024-05-29,9625
1609,大亞,22,3,19,富邦-竹東,2024-05-29,9625
5498,凱崴,20,1,19,富邦-竹東,2024-05-29,9625
1809,中釉,19,1,18,富邦-竹東,2024-05-29,9625
2637,慧洋-KY,20,2,18,富邦-竹東,2024-05-29,9625
00918,大華優利高填息30,16,0,16,富邦-竹東,2024-05-29,9625
00632R,元大台灣50反1,786,134,652,富邦-竹東,2024-05-30,9625
00937B,群益ESG投等債20,149,2,147,富邦-竹東,2024-05-30,9625
2883,凱基金,129,9,120,富邦-竹東,2024-05-30,9625
2891,中信金,103,0,103,富邦-竹東,2024-05-30,9625
00671R,富邦NASDAQ反1,100,0,100,富邦-竹東,2024-05-30,9625
00929,復華台灣科技優息,233,136,97,富邦-竹東,2024-05-30,9625
2002,中鋼,93,1,92,富邦-竹東,2024-05-30,9625
00940,元大台灣價值高息,81,12,69,富邦-竹東,2024-05-30,9625
2329,華泰,89,36,53,富邦-竹東,2024-05-30,9625
2317,鴻海,97,45,52,富邦-竹東,2024-05-30,9625
00936,台新永續高息中小,50,0,50,富邦-竹東,2024-05-30,9625
00712,復華富時不動產,49,0,49,富邦-竹東,2024-05-30,9625
00946,群益科技高息成長,49,0,49,富邦-竹東,2024-05-30,9625
6770,力積電,44,1,43,富邦-竹東,2024-05-30,9625
3231,緯創,52,10,42,富邦-竹東,2024-05-30,9625
6209,今國光,54,12,42,富邦-竹東,2024-05-30,9625
4967,十銓,54,13,41,富邦-竹東,2024-05-30,9625
2489,瑞軒,89,49,40,富邦-竹東,2024-05-30,9625
2605,新興,54,16,38,富邦-竹東,2024-05-30,9625
2618,長榮航,38,2,36,富邦-竹東,2024-05-30,9625
4906,正文,46,12,34,富邦-竹東,2024-05-30,9625
2543,皇昌,35,2,33,富邦-竹東,2024-05-30,9625
00680L,元大美債20正2,33,0,33,富邦-竹東,2024-05-30,9625
2347,聯強,33,1,32,富邦-竹東,2024-05-30,9625
3372,典範,30,0,30,富邦-竹東,2024-05-30,9625
00915,凱基優選高股息30,29,0,29,富邦-竹東,2024-05-30,9625
5880,合庫金,27,0,27,富邦-竹東,2024-05-30,9625
6269,台郡,28,1,27,富邦-竹東,2024-05-30,9625
00687B,國泰20年美債,29,3,26,富邦-竹東,2024-05-30,9625
5608,四維航,42,17,25,富邦-竹東,2024-05-30,9625
2330,台積電,30,8,22,富邦-竹東,2024-05-30,9625
1815,富喬,201,178,23,富邦-竹東,2024-05-30,9625
00918,大華優利高填息30,22,0,22,富邦-竹東,2024-05-30,9625
1101,台泥,33,11,22,富邦-竹東,2024-05-30,9625
2886,兆豐金,22,0,22,富邦-竹東,2024-05-30,9625
2401,凌陽,46,25,21,富邦-竹東,2024-05-30,9625
4160,訊聯基因,21,0,21,富邦-竹東,2024-05-30,9625
00878,國泰永續高股息,60,39,21,富邦-竹東,2024-05-30,9625
4533,協易機,53,33,20,富邦-竹東,2024-05-30,9625
00939,統一台灣高息動能,43,23,20,富邦-竹東,2024-05-30,9625
00638R,元大滬深300反1,20,0,20,富邦-竹東,2024-05-30,9625
2324,仁寶,28,8,20,富邦-竹東,2024-05-30,9625
00648R,元大S＆P500反1,20,0,20,富邦-竹東,2024-05-30,9625
00666R,富邦�琤肭磪齯�1,20,0,20,富邦-竹東,2024-05-30,9625
2881A,富邦特,20,0,20,富邦-竹東,2024-05-30,9625
2344,華邦電,31,11,20,富邦-竹東,2024-05-30,9625
8088,品安,19,0,19,富邦-竹東,2024-05-30,9625
00675L,富邦臺灣加權正2,19,0,19,富邦-竹東,2024-05-30,9625
3062,建漢,20,2,18,富邦-竹東,2024-05-30,9625
6462,神盾,50,33,17,富邦-竹東,2024-05-30,9625
2609,陽明,286,79,207,富邦-竹東,2024-05-31,9625
00929,復華台灣科技優息,232,43,189,富邦-竹東,2024-05-31,9625
00715L,期街口布蘭特正2,129,0,129,富邦-竹東,2024-05-31,9625
00712,復華富時不動產,132,3,129,富邦-竹東,2024-05-31,9625
00937B,群益ESG投等債20,166,46,120,富邦-竹東,2024-05-31,9625
2002,中鋼,149,43,106,富邦-竹東,2024-05-31,9625
2317,鴻海,113,12,101,富邦-竹東,2024-05-31,9625
3312,弘憶股,104,13,91,富邦-竹東,2024-05-31,9625
00919,群益台灣精選高息,116,29,87,富邦-竹東,2024-05-31,9625
00946,群益科技高息成長,90,3,87,富邦-竹東,2024-05-31,9625
2883,凱基金,110,39,71,富邦-竹東,2024-05-31,9625
00637L,元大滬深300正2,76,5,71,富邦-竹東,2024-05-31,9625
2409,友達,73,2,71,富邦-竹東,2024-05-31,9625
2353,宏��,78,12,66,富邦-竹東,2024-05-31,9625
00940,元大台灣價值高息,103,46,57,富邦-竹東,2024-05-31,9625
3515,華擎,51,0,51,富邦-竹東,2024-05-31,9625
8088,品安,50,1,49,富邦-竹東,2024-05-31,9625
2501,國建,88,40,48,富邦-竹東,2024-05-31,9625
2892,第一金,47,0,47,富邦-竹東,2024-05-31,9625
2405,輔信,43,0,43,富邦-竹東,2024-05-31,9625
2328,廣宇,49,8,41,富邦-竹東,2024-05-31,9625
6227,茂綸,40,0,40,富邦-竹東,2024-05-31,9625
3231,緯創,50,11,39,富邦-竹東,2024-05-31,9625
3481,群創,50,15,35,富邦-竹東,2024-05-31,9625
2330,台積電,33,1,32,富邦-竹東,2024-05-31,9625
00939,統一台灣高息動能,53,22,31,富邦-竹東,2024-05-31,9625
00936,台新永續高息中小,30,0,30,富邦-竹東,2024-05-31,9625
1815,富喬,57,28,29,富邦-竹東,2024-05-31,9625
2382,廣達,31,6,25,富邦-竹東,2024-05-31,9625
00680L,元大美債20正2,26,1,25,富邦-竹東,2024-05-31,9625
2356,英業達,28,4,24,富邦-竹東,2024-05-31,9625
6189,豐藝,33,10,23,富邦-竹東,2024-05-31,9625
2801,彰銀,23,0,23,富邦-竹東,2024-05-31,9625
2427,三商電,30,7,23,富邦-竹東,2024-05-31,9625
00918,大華優利高填息30,22,0,22,富邦-竹東,2024-05-31,9625
2301,光寶科,27,5,22,富邦-竹東,2024-05-31,9625
2515,中工,35,14,21,富邦-竹東,2024-05-31,9625
2889,國票金,21,0,21,富邦-竹東,2024-05-31,9625
1316,上曜,23,3,20,富邦-竹東,2024-05-31,9625
3520,華盈,19,0,19,富邦-竹東,2024-05-31,9625
00915,凱基優選高股息30,18,0,18,富邦-竹東,2024-05-31,9625
1101,台泥,30,13,17,富邦-竹東,2024-05-31,9625
2641,正德,34,17,17,富邦-竹東,2024-05-31,9625
5609,中菲行,16,0,16,富邦-竹東,2024-05-31,9625
6770,力積電,27,11,16,富邦-竹東,2024-05-31,9625
4906,正文,17,2,15,富邦-竹東,2024-05-31,9625
00665L,富邦�琤肭磪囓�2,25,10,15,富邦-竹東,2024-05-31,9625
3122,笙泉,17,2,15,富邦-竹東,2024-05-31,9625
2886,兆豐金,15,1,14,富邦-竹東,2024-05-31,9625
3047,訊舟,24,10,14,富邦-竹東,2024-05-31,9625
00665L,富邦�琤肭磪囓�2,515,12,503,富邦-竹東,2024-06-03,9625
00632R,元大台灣50反1,247,63,184,富邦-竹東,2024-06-03,9625
00918,大華優利高填息30,151,1,150,富邦-竹東,2024-06-03,9625
2317,鴻海,140,38,102,富邦-竹東,2024-06-03,9625
2618,長榮航,115,30,85,富邦-竹東,2024-06-03,9625
5880,合庫金,74,0,74,富邦-竹東,2024-06-03,9625
2353,宏��,93,38,55,富邦-竹東,2024-06-03,9625
00919,群益台灣精選高息,64,16,48,富邦-竹東,2024-06-03,9625
3490,單井,48,1,47,富邦-竹東,2024-06-03,9625
2882,國泰金,50,4,46,富邦-竹東,2024-06-03,9625
5392,能率,41,0,41,富邦-竹東,2024-06-03,9625
2313,華通,42,1,41,富邦-竹東,2024-06-03,9625
8028,昇陽半導體,64,24,40,富邦-竹東,2024-06-03,9625
3535,晶彩科,36,1,35,富邦-竹東,2024-06-03,9625
2014,中鴻,33,0,33,富邦-竹東,2024-06-03,9625
2892,第一金,33,0,33,富邦-竹東,2024-06-03,9625
2374,佳能,32,0,32,富邦-竹東,2024-06-03,9625
2349,錸德,29,0,29,富邦-竹東,2024-06-03,9625
6770,力積電,44,15,29,富邦-竹東,2024-06-03,9625
8088,品安,40,12,28,富邦-竹東,2024-06-03,9625
2101,南港,34,6,28,富邦-竹東,2024-06-03,9625
2606,裕民,32,5,27,富邦-竹東,2024-06-03,9625
2354,鴻準,69,42,27,富邦-竹東,2024-06-03,9625
9902,台火,30,4,26,富邦-竹東,2024-06-03,9625
00637L,元大滬深300正2,31,6,25,富邦-竹東,2024-06-03,9625
5371,中光電,48,24,24,富邦-竹東,2024-06-03,9625
4533,協易機,59,35,24,富邦-竹東,2024-06-03,9625
00830,國泰費城半導體,23,0,23,富邦-竹東,2024-06-03,9625
6177,達麗,28,5,23,富邦-竹東,2024-06-03,9625
6188,廣明,128,106,22,富邦-竹東,2024-06-03,9625
2889,國票金,20,0,20,富邦-竹東,2024-06-03,9625
3588,通嘉,21,1,20,富邦-竹東,2024-06-03,9625
00929,復華台灣科技優息,92,74,18,富邦-竹東,2024-06-03,9625
2392,正崴,18,2,16,富邦-竹東,2024-06-03,9625
1616,億泰,16,0,16,富邦-竹東,2024-06-03,9625
2241,艾姆勒,22,6,16,富邦-竹東,2024-06-03,9625
6789,采鈺,16,1,15,富邦-竹東,2024-06-03,9625
3356,奇偶,60,45,15,富邦-竹東,2024-06-03,9625
3380,明泰,16,1,15,富邦-竹東,2024-06-03,9625
3047,訊舟,20,5,15,富邦-竹東,2024-06-03,9625
00936,台新永續高息中小,15,0,15,富邦-竹東,2024-06-03,9625
2303,聯電,39,25,14,富邦-竹東,2024-06-03,9625
2641,正德,15,1,14,富邦-竹東,2024-06-03,9625
00939,統一台灣高息動能,20,6,14,富邦-竹東,2024-06-03,9625
2615,萬海,41,28,13,富邦-竹東,2024-06-03,9625
00752,中信中國50,13,0,13,富邦-竹東,2024-06-03,9625
2608,嘉里大榮,14,1,13,富邦-竹東,2024-06-03,9625
3266,昇陽,13,0,13,富邦-竹東,2024-06-03,9625
3189,景碩,12,0,12,富邦-竹東,2024-06-03,9625
2464,盟立,66,54,12,富邦-竹東,2024-06-03,9625
00936,台新永續高息中小,291,8,283,富邦-竹東,2024-06-04,9625
00715L,期街口布蘭特正2,230,2,228,富邦-竹東,2024-06-04,9625
2888,新光金,285,58,227,富邦-竹東,2024-06-04,9625
00929,復華台灣科技優息,366,148,218,富邦-竹東,2024-06-04,9625
2344,華邦電,146,0,146,富邦-竹東,2024-06-04,9625
00919,群益台灣精選高息,147,2,145,富邦-竹東,2024-06-04,9625
00632R,元大台灣50反1,230,111,119,富邦-竹東,2024-06-04,9625
2409,友達,115,4,111,富邦-竹東,2024-06-04,9625
2867,三商壽,98,1,97,富邦-竹東,2024-06-04,9625
2317,鴻海,150,54,96,富邦-竹東,2024-06-04,9625
2324,仁寶,94,11,83,富邦-竹東,2024-06-04,9625
00905,FT臺灣Smart,81,0,81,富邦-竹東,2024-06-04,9625
1808,潤隆,78,0,78,富邦-竹東,2024-06-04,9625
00918,大華優利高填息30,79,1,78,富邦-竹東,2024-06-04,9625
2331,精英,98,21,77,富邦-竹東,2024-06-04,9625
2371,大同,70,5,65,富邦-竹東,2024-06-04,9625
2002,中鋼,42,3,39,富邦-竹東,2024-06-04,9625
00878,國泰永續高股息,42,8,34,富邦-竹東,2024-06-04,9625
2367,燿華,67,34,33,富邦-竹東,2024-06-04,9625
2408,南亞科,32,1,31,富邦-竹東,2024-06-04,9625
1324,地球,30,0,30,富邦-竹東,2024-06-04,9625
2601,益航,30,0,30,富邦-竹東,2024-06-04,9625
3294,英濟,30,2,28,富邦-竹東,2024-06-04,9625
2440,太空梭,27,0,27,富邦-竹東,2024-06-04,9625
1815,富喬,44,17,27,富邦-竹東,2024-06-04,9625
6125,廣運,69,42,27,富邦-竹東,2024-06-04,9625
6276,安鈦克,26,0,26,富邦-竹東,2024-06-04,9625
2354,鴻準,48,22,26,富邦-竹東,2024-06-04,9625
8088,品安,30,5,25,富邦-竹東,2024-06-04,9625
2352,佳世達,24,1,23,富邦-竹東,2024-06-04,9625
4534,慶騰,23,0,23,富邦-竹東,2024-06-04,9625
00944,野村趨勢動能高息,25,4,21,富邦-竹東,2024-06-04,9625
00946,群益科技高息成長,21,0,21,富邦-竹東,2024-06-04,9625
2889,國票金,23,2,21,富邦-竹東,2024-06-04,9625
6188,廣明,37,17,20,富邦-竹東,2024-06-04,9625
2538,基泰,20,0,20,富邦-竹東,2024-06-04,9625
2641,正德,22,2,20,富邦-竹東,2024-06-04,9625
2374,佳能,21,2,19,富邦-竹東,2024-06-04,9625
00795B,中信美國公債20年,19,0,19,富邦-竹東,2024-06-04,9625
00881,國泰台灣5G+,19,0,19,富邦-竹東,2024-06-04,9625
2637,慧洋-KY,20,1,19,富邦-竹東,2024-06-04,9625
4533,協易機,33,16,17,富邦-竹東,2024-06-04,9625
1605,華新,36,19,17,富邦-竹東,2024-06-04,9625
2845,遠東銀,16,0,16,富邦-竹東,2024-06-04,9625
2301,光寶科,23,7,16,富邦-竹東,2024-06-04,9625
9945,潤泰新,18,2,16,富邦-竹東,2024-06-04,9625
3088,艾訊,16,1,15,富邦-竹東,2024-06-04,9625
00679B,元大美債20年,20,5,15,富邦-竹東,2024-06-04,9625
2330,台積電,16,2,14,富邦-竹東,2024-06-04,9625
2610,華航,16,2,14,富邦-竹東,2024-06-04,9625
00929,復華台灣科技優息,373,105,268,富邦-竹東,2024-06-05,9625
00942B,台新美A公司債20+,200,0,200,富邦-竹東,2024-06-05,9625
00919,群益台灣精選高息,138,9,129,富邦-竹東,2024-06-05,9625
00680L,元大美債20正2,163,43,120,富邦-竹東,2024-06-05,9625
00712,復華富時不動產,102,0,102,富邦-竹東,2024-06-05,9625
00918,大華優利高填息30,83,0,83,富邦-竹東,2024-06-05,9625
1101,台泥,81,3,78,富邦-竹東,2024-06-05,9625
2002,中鋼,66,2,64,富邦-竹東,2024-06-05,9625
00878,國泰永續高股息,139,78,61,富邦-竹東,2024-06-05,9625
2888,新光金,82,32,50,富邦-竹東,2024-06-05,9625
2303,聯電,60,13,47,富邦-竹東,2024-06-05,9625
5272,笙科,49,2,47,富邦-竹東,2024-06-05,9625
2611,志信,63,26,37,富邦-竹東,2024-06-05,9625
2101,南港,51,15,36,富邦-竹東,2024-06-05,9625
3048,益登,60,24,36,富邦-竹東,2024-06-05,9625
00664R,國泰臺灣加權反1,35,0,35,富邦-竹東,2024-06-05,9625
00713,元大台灣高息低波,36,1,35,富邦-竹東,2024-06-05,9625
2495,普安,35,1,34,富邦-竹東,2024-06-05,9625
1802,台玻,25,0,25,富邦-竹東,2024-06-05,9625
3481,群創,35,11,24,富邦-竹東,2024-06-05,9625
4967,十銓,30,7,23,富邦-竹東,2024-06-05,9625
5608,四維航,45,22,23,富邦-竹東,2024-06-05,9625
2313,華通,25,3,22,富邦-竹東,2024-06-05,9625
2105,正新,22,2,20,富邦-竹東,2024-06-05,9625
1608,華榮,22,2,20,富邦-竹東,2024-06-05,9625
3339,泰谷,20,0,20,富邦-竹東,2024-06-05,9625
2344,華邦電,28,8,20,富邦-竹東,2024-06-05,9625
3231,緯創,37,17,20,富邦-竹東,2024-06-05,9625
2367,燿華,36,17,19,富邦-竹東,2024-06-05,9625
1605,華新,18,0,18,富邦-竹東,2024-06-05,9625
2405,輔信,18,0,18,富邦-竹東,2024-06-05,9625
2605,新興,30,12,18,富邦-竹東,2024-06-05,9625
2417,圓剛,43,26,17,富邦-竹東,2024-06-05,9625
8088,品安,19,2,17,富邦-竹東,2024-06-05,9625
3380,明泰,32,15,17,富邦-竹東,2024-06-05,9625
3564,其陽,19,3,16,富邦-竹東,2024-06-05,9625
3588,通嘉,15,0,15,富邦-竹東,2024-06-05,9625
4303,信立,16,1,15,富邦-竹東,2024-06-05,9625
8234,新漢,21,7,14,富邦-竹東,2024-06-05,9625
00939,統一台灣高息動能,33,20,13,富邦-竹東,2024-06-05,9625
6170,統振,13,0,13,富邦-竹東,2024-06-05,9625
2501,國建,14,1,13,富邦-竹東,2024-06-05,9625
4707,磐亞,13,0,13,富邦-竹東,2024-06-05,9625
1714,和桐,13,0,13,富邦-竹東,2024-06-05,9625
1785,光洋科,19,6,13,富邦-竹東,2024-06-05,9625
00637L,元大滬深300正2,15,3,12,富邦-竹東,2024-06-05,9625
2891,中信金,21,9,12,富邦-竹東,2024-06-05,9625
6284,佳邦,12,0,12,富邦-竹東,2024-06-05,9625
1609,大亞,13,1,12,富邦-竹東,2024-06-05,9625
6125,廣運,30,18,12,富邦-竹東,2024-06-05,9625
2354,鴻準,225,7,218,富邦-竹東,2024-06-06,9625
00632R,元大台灣50反1,151,0,151,富邦-竹東,2024-06-06,9625
00937B,群益ESG投等債20,341,229,112,富邦-竹東,2024-06-06,9625
00918,大華優利高填息30,93,0,93,富邦-竹東,2024-06-06,9625
00936,台新永續高息中小,131,39,92,富邦-竹東,2024-06-06,9625
3450,聯鈞,77,6,71,富邦-竹東,2024-06-06,9625
2832,台產,66,0,66,富邦-竹東,2024-06-06,9625
00919,群益台灣精選高息,70,8,62,富邦-竹東,2024-06-06,9625
2312,金寶,147,85,62,富邦-竹東,2024-06-06,9625
1714,和桐,54,0,54,富邦-竹東,2024-06-06,9625
2889,國票金,50,10,40,富邦-竹東,2024-06-06,9625
00927,群益半導體收益,40,2,38,富邦-竹東,2024-06-06,9625
2427,三商電,50,17,33,富邦-竹東,2024-06-06,9625
2374,佳能,37,4,33,富邦-竹東,2024-06-06,9625
3231,緯創,45,13,32,富邦-竹東,2024-06-06,9625
2002,中鋼,42,11,31,富邦-竹東,2024-06-06,9625
00665L,富邦�琤肭磪囓�2,30,0,30,富邦-竹東,2024-06-06,9625
5347,世界,86,58,28,富邦-竹東,2024-06-06,9625
2103,台橡,32,4,28,富邦-竹東,2024-06-06,9625
1305,華夏,28,0,28,富邦-竹東,2024-06-06,9625
00946,群益科技高息成長,31,4,27,富邦-竹東,2024-06-06,9625
8210,勤誠,33,7,26,富邦-竹東,2024-06-06,9625
5392,能率,26,1,25,富邦-竹東,2024-06-06,9625
2605,新興,25,0,25,富邦-竹東,2024-06-06,9625
00878,國泰永續高股息,41,17,24,富邦-竹東,2024-06-06,9625
6116,彩晶,23,0,23,富邦-竹東,2024-06-06,9625
2489,瑞軒,30,8,22,富邦-竹東,2024-06-06,9625
5272,笙科,21,0,21,富邦-竹東,2024-06-06,9625
2820,華票,20,0,20,富邦-竹東,2024-06-06,9625
2356,英業達,24,5,19,富邦-竹東,2024-06-06,9625
3005,神基,19,1,18,富邦-竹東,2024-06-06,9625
4128,中天,22,5,17,富邦-竹東,2024-06-06,9625
6005,群益證,17,0,17,富邦-竹東,2024-06-06,9625
3062,建漢,16,0,16,富邦-竹東,2024-06-06,9625
1522,堤維西,25,9,16,富邦-竹東,2024-06-06,9625
2303,聯電,27,11,16,富邦-竹東,2024-06-06,9625
5608,四維航,19,3,16,富邦-竹東,2024-06-06,9625
2464,盟立,27,12,15,富邦-竹東,2024-06-06,9625
00891,中信關鍵半導體,41,26,15,富邦-竹東,2024-06-06,9625
00939,統一台灣高息動能,43,29,14,富邦-竹東,2024-06-06,9625
00935,野村臺灣新科技50,20,6,14,富邦-竹東,2024-06-06,9625
9907,統一實,14,0,14,富邦-竹東,2024-06-06,9625
4160,訊聯基因,15,2,13,富邦-竹東,2024-06-06,9625
2611,志信,15,2,13,富邦-竹東,2024-06-06,9625
1612,宏泰,13,0,13,富邦-竹東,2024-06-06,9625
4123,晟德,13,1,12,富邦-竹東,2024-06-06,9625
8110,華東,13,1,12,富邦-竹東,2024-06-06,9625
2903,遠百,12,0,12,富邦-竹東,2024-06-06,9625
3266,昇陽,12,0,12,富邦-竹東,2024-06-06,9625
2353,宏��,30,19,11,富邦-竹東,2024-06-06,9625
00665L,富邦�琤肭磪囓�2,404,0,404,富邦-竹東,2024-06-07,9625
00936,台新永續高息中小,156,6,150,富邦-竹東,2024-06-07,9625
00918,大華優利高填息30,136,0,136,富邦-竹東,2024-06-07,9625
6207,雷科,138,16,122,富邦-竹東,2024-06-07,9625
2883,凱基金,208,88,120,富邦-竹東,2024-06-07,9625
2312,金寶,144,30,114,富邦-竹東,2024-06-07,9625
00929,復華台灣科技優息,188,110,78,富邦-竹東,2024-06-07,9625
00939,統一台灣高息動能,88,17,71,富邦-竹東,2024-06-07,9625
2303,聯電,92,26,66,富邦-竹東,2024-06-07,9625
00919,群益台灣精選高息,71,10,61,富邦-竹東,2024-06-07,9625
00688L,國泰20年美債正2,50,2,48,富邦-竹東,2024-06-07,9625
2002,中鋼,53,8,45,富邦-竹東,2024-06-07,9625
2615,萬海,115,74,41,富邦-竹東,2024-06-07,9625
00637L,元大滬深300正2,36,0,36,富邦-竹東,2024-06-07,9625
00940,元大台灣價值高息,48,14,34,富邦-竹東,2024-06-07,9625
00642U,期元大S＆P石油,34,0,34,富邦-竹東,2024-06-07,9625
3231,緯創,66,33,33,富邦-竹東,2024-06-07,9625
00679B,元大美債20年,31,0,31,富邦-竹東,2024-06-07,9625
2365,昆盈,38,7,31,富邦-竹東,2024-06-07,9625
4157,太景*-KY,30,1,29,富邦-竹東,2024-06-07,9625
4906,正文,27,2,25,富邦-竹東,2024-06-07,9625
2897,王道銀行,25,0,25,富邦-竹東,2024-06-07,9625
5608,四維航,24,1,23,富邦-竹東,2024-06-07,9625
1609,大亞,40,18,22,富邦-竹東,2024-06-07,9625
2356,英業達,25,5,20,富邦-竹東,2024-06-07,9625
2406,國碩,21,1,20,富邦-竹東,2024-06-07,9625
00674R,期元大S＆P黃金反1,20,0,20,富邦-竹東,2024-06-07,9625
2317,鴻海,28,10,18,富邦-竹東,2024-06-07,9625
2367,燿華,32,14,18,富邦-竹東,2024-06-07,9625
1440,南紡,20,2,18,富邦-竹東,2024-06-07,9625
2613,中櫃,49,31,18,富邦-竹東,2024-06-07,9625
3481,群創,29,13,16,富邦-竹東,2024-06-07,9625
00751B,元大AAA至A公司債,15,0,15,富邦-竹東,2024-06-07,9625
6548,長科*,15,0,15,富邦-竹東,2024-06-07,9625
00655L,國泰中國A50正2,14,0,14,富邦-竹東,2024-06-07,9625
2313,華通,20,6,14,富邦-竹東,2024-06-07,9625
00830,國泰費城半導體,14,0,14,富邦-竹東,2024-06-07,9625
2328,廣宇,28,15,13,富邦-竹東,2024-06-07,9625
2374,佳能,22,10,12,富邦-竹東,2024-06-07,9625
3037,欣興,22,10,12,富邦-竹東,2024-06-07,9625
2330,台積電,13,2,11,富邦-竹東,2024-06-07,9625
3048,益登,31,20,11,富邦-竹東,2024-06-07,9625
2392,正崴,11,0,11,富邦-竹東,2024-06-07,9625
2417,圓剛,18,7,11,富邦-竹東,2024-06-07,9625
6113,亞矽,10,0,10,富邦-竹東,2024-06-07,9625
1308,亞聚,10,0,10,富邦-竹東,2024-06-07,9625
2509,全坤建,10,0,10,富邦-竹東,2024-06-07,9625
00738U,期元大道瓊白銀,10,0,10,富邦-竹東,2024-06-07,9625
3312,弘憶股,10,0,10,富邦-竹東,2024-06-07,9625
00795B,中信美國公債20年,10,0,10,富邦-竹東,2024-06-07,9625
00665L,富邦�琤肭磪囓�2,600,0,600,富邦-竹東,2024-06-11,9625
00939,統一台灣高息動能,263,20,243,富邦-竹東,2024-06-11,9625
00687B,國泰20年美債,228,24,204,富邦-竹東,2024-06-11,9625
2609,陽明,337,155,182,富邦-竹東,2024-06-11,9625
00929,復華台灣科技優息,239,81,158,富邦-竹東,2024-06-11,9625
00918,大華優利高填息30,138,0,138,富邦-竹東,2024-06-11,9625
00936,台新永續高息中小,110,0,110,富邦-竹東,2024-06-11,9625
2515,中工,127,20,107,富邦-竹東,2024-06-11,9625
5880,合庫金,102,13,89,富邦-竹東,2024-06-11,9625
2615,萬海,129,44,85,富邦-竹東,2024-06-11,9625
00679B,元大美債20年,71,0,71,富邦-竹東,2024-06-11,9625
00942B,台新美A公司債20+,65,0,65,富邦-竹東,2024-06-11,9625
00933B,國泰10Y+金融債,67,3,64,富邦-竹東,2024-06-11,9625
2603,長榮,86,24,62,富邦-竹東,2024-06-11,9625
2002,中鋼,68,8,60,富邦-竹東,2024-06-11,9625
00919,群益台灣精選高息,98,40,58,富邦-竹東,2024-06-11,9625
1815,富喬,83,26,57,富邦-竹東,2024-06-11,9625
00688L,國泰20年美債正2,52,0,52,富邦-竹東,2024-06-11,9625
2409,友達,53,3,50,富邦-竹東,2024-06-11,9625
00713,元大台灣高息低波,53,10,43,富邦-竹東,2024-06-11,9625
1802,台玻,52,16,36,富邦-竹東,2024-06-11,9625
2460,建通,35,2,33,富邦-竹東,2024-06-11,9625
2882,國泰金,83,53,30,富邦-竹東,2024-06-11,9625
3047,訊舟,55,27,28,富邦-竹東,2024-06-11,9625
2611,志信,28,1,27,富邦-竹東,2024-06-11,9625
00882,中信中國高股息,27,0,27,富邦-竹東,2024-06-11,9625
4561,健椿,27,2,25,富邦-竹東,2024-06-11,9625
3372,典範,23,0,23,富邦-竹東,2024-06-11,9625
2867,三商壽,24,1,23,富邦-竹東,2024-06-11,9625
2606,裕民,33,11,22,富邦-竹東,2024-06-11,9625
3202,樺晟,31,10,21,富邦-竹東,2024-06-11,9625
1608,華榮,34,14,20,富邦-竹東,2024-06-11,9625
6152,百一,20,1,19,富邦-竹東,2024-06-11,9625
00935,野村臺灣新科技50,26,7,19,富邦-竹東,2024-06-11,9625
9919,康那香,23,5,18,富邦-竹東,2024-06-11,9625
4726,永昕,27,9,18,富邦-竹東,2024-06-11,9625
1609,大亞,49,31,18,富邦-竹東,2024-06-11,9625
2027,大成鋼,18,1,17,富邦-竹東,2024-06-11,9625
3356,奇偶,15,0,15,富邦-竹東,2024-06-11,9625
2427,三商電,17,2,15,富邦-竹東,2024-06-11,9625
2888,新光金,31,17,14,富邦-竹東,2024-06-11,9625
1305,華夏,13,0,13,富邦-竹東,2024-06-11,9625
4160,訊聯基因,14,1,13,富邦-竹東,2024-06-11,9625
3313,斐成,15,2,13,富邦-竹東,2024-06-11,9625
00675L,富邦臺灣加權正2,12,0,12,富邦-竹東,2024-06-11,9625
2331,精英,12,0,12,富邦-竹東,2024-06-11,9625
9945,潤泰新,24,12,12,富邦-竹東,2024-06-11,9625
2330,台積電,14,3,11,富邦-竹東,2024-06-11,9625
2329,華泰,17,6,11,富邦-竹東,2024-06-11,9625
3189,景碩,16,5,11,富邦-竹東,2024-06-11,9625
00915,凱基優選高股息30,144,0,144,富邦-竹東,2024-06-12,9625
00937B,群益ESG投等債20,122,5,117,富邦-竹東,2024-06-12,9625
00632R,元大台灣50反1,128,13,115,富邦-竹東,2024-06-12,9625
2392,正崴,124,12,112,富邦-竹東,2024-06-12,9625
2353,宏��,119,18,101,富邦-竹東,2024-06-12,9625
4157,太景*-KY,65,0,65,富邦-竹東,2024-06-12,9625
2892,第一金,91,37,54,富邦-竹東,2024-06-12,9625
00936,台新永續高息中小,63,9,54,富邦-竹東,2024-06-12,9625
3231,緯創,70,17,53,富邦-竹東,2024-06-12,9625
00918,大華優利高填息30,53,0,53,富邦-竹東,2024-06-12,9625
2606,裕民,55,4,51,富邦-竹東,2024-06-12,9625
2312,金寶,50,0,50,富邦-竹東,2024-06-12,9625
3455,由田,50,0,50,富邦-竹東,2024-06-12,9625
00679B,元大美債20年,49,0,49,富邦-竹東,2024-06-12,9625
2615,萬海,65,22,43,富邦-竹東,2024-06-12,9625
5392,能率,44,3,41,富邦-竹東,2024-06-12,9625
2515,中工,43,4,39,富邦-竹東,2024-06-12,9625
6125,廣運,53,16,37,富邦-竹東,2024-06-12,9625
2365,昆盈,34,0,34,富邦-竹東,2024-06-12,9625
8358,金居,37,4,33,富邦-竹東,2024-06-12,9625
6207,雷科,50,17,33,富邦-竹東,2024-06-12,9625
4726,永昕,36,5,31,富邦-竹東,2024-06-12,9625
00948B,中信優息投資級債,30,0,30,富邦-竹東,2024-06-12,9625
00947,台新臺灣IC設計,31,1,30,富邦-竹東,2024-06-12,9625
2867,三商壽,33,4,29,富邦-竹東,2024-06-12,9625
1514,亞力,74,47,27,富邦-竹東,2024-06-12,9625
2002,中鋼,32,5,27,富邦-竹東,2024-06-12,9625
1314,中石化,32,5,27,富邦-竹東,2024-06-12,9625
3481,群創,34,9,25,富邦-竹東,2024-06-12,9625
2486,一詮,71,46,25,富邦-竹東,2024-06-12,9625
6005,群益證,23,0,23,富邦-竹東,2024-06-12,9625
3583,辛耘,26,4,22,富邦-竹東,2024-06-12,9625
2105,正新,22,0,22,富邦-竹東,2024-06-12,9625
8110,華東,21,0,21,富邦-竹東,2024-06-12,9625
2608,嘉里大榮,22,1,21,富邦-竹東,2024-06-12,9625
2356,英業達,34,13,21,富邦-竹東,2024-06-12,9625
2801,彰銀,30,10,20,富邦-竹東,2024-06-12,9625
00676R,富邦臺灣加權反1,20,0,20,富邦-竹東,2024-06-12,9625
6505,台塑化,20,0,20,富邦-竹東,2024-06-12,9625
2363,矽統,20,2,18,富邦-竹東,2024-06-12,9625
2101,南港,20,2,18,富邦-竹東,2024-06-12,9625
6903,巨漢,19,1,18,富邦-竹東,2024-06-12,9625
2374,佳能,52,34,18,富邦-竹東,2024-06-12,9625
00712,復華富時不動產,15,0,15,富邦-竹東,2024-06-12,9625
2887,台新金,15,0,15,富邦-竹東,2024-06-12,9625
1101,台泥,22,7,15,富邦-竹東,2024-06-12,9625
8112,至上,23,8,15,富邦-竹東,2024-06-12,9625
2323,中環,15,1,14,富邦-竹東,2024-06-12,9625
4915,致伸,16,2,14,富邦-竹東,2024-06-12,9625
00675L,富邦臺灣加權正2,15,1,14,富邦-竹東,2024-06-12,9625
00947,台新臺灣IC設計,143,3,140,富邦-竹東,2024-06-13,9625
00929,復華台灣科技優息,224,103,121,富邦-竹東,2024-06-13,9625
00937B,群益ESG投等債20,119,16,103,富邦-竹東,2024-06-13,9625
00632R,元大台灣50反1,107,10,97,富邦-竹東,2024-06-13,9625
00936,台新永續高息中小,80,3,77,富邦-竹東,2024-06-13,9625
6207,雷科,90,18,72,富邦-竹東,2024-06-13,9625
2618,長榮航,97,27,70,富邦-竹東,2024-06-13,9625
00712,復華富時不動產,70,0,70,富邦-竹東,2024-06-13,9625
2353,宏��,85,22,63,富邦-竹東,2024-06-13,9625
2888,新光金,91,32,59,富邦-竹東,2024-06-13,9625
2890,永豐金,50,0,50,富邦-竹東,2024-06-13,9625
2812,台中銀,48,0,48,富邦-竹東,2024-06-13,9625
00948B,中信優息投資級債,44,0,44,富邦-竹東,2024-06-13,9625
3686,達能,40,0,40,富邦-竹東,2024-06-13,9625
2427,三商電,40,1,39,富邦-竹東,2024-06-13,9625
0056,元大高股息,44,6,38,富邦-竹東,2024-06-13,9625
1522,堤維西,35,4,31,富邦-竹東,2024-06-13,9625
1815,富喬,78,47,31,富邦-竹東,2024-06-13,9625
6152,百一,31,0,31,富邦-竹東,2024-06-13,9625
3041,揚智,30,0,30,富邦-竹東,2024-06-13,9625
6216,居易,24,0,24,富邦-竹東,2024-06-13,9625
1609,大亞,40,17,23,富邦-竹東,2024-06-13,9625
2464,盟立,42,20,22,富邦-竹東,2024-06-13,9625
5347,世界,63,41,22,富邦-竹東,2024-06-13,9625
1617,榮星,88,67,21,富邦-竹東,2024-06-13,9625
6548,長科*,21,0,21,富邦-竹東,2024-06-13,9625
2537,聯上發,31,10,21,富邦-竹東,2024-06-13,9625
00902,中信電池及儲能,20,0,20,富邦-竹東,2024-06-13,9625
2609,陽明,97,78,19,富邦-竹東,2024-06-13,9625
00713,元大台灣高息低波,16,0,16,富邦-竹東,2024-06-13,9625
3013,晟銘電,19,3,16,富邦-竹東,2024-06-13,9625
2881A,富邦特,15,0,15,富邦-竹東,2024-06-13,9625
2903,遠百,15,0,15,富邦-竹東,2024-06-13,9625
1513,中興電,19,5,14,富邦-竹東,2024-06-13,9625
4958,臻鼎-KY,14,0,14,富邦-竹東,2024-06-13,9625
00688L,國泰20年美債正2,20,6,14,富邦-竹東,2024-06-13,9625
2374,佳能,36,23,13,富邦-竹東,2024-06-13,9625
2365,昆盈,26,13,13,富邦-竹東,2024-06-13,9625
6290,良維,19,7,12,富邦-竹東,2024-06-13,9625
5426,振發,12,0,12,富邦-竹東,2024-06-13,9625
2527,宏璟,15,3,12,富邦-竹東,2024-06-13,9625
2354,鴻準,39,28,11,富邦-竹東,2024-06-13,9625
3712,永崴投控,13,2,11,富邦-竹東,2024-06-13,9625
4545,銘鈺,11,0,11,富邦-竹東,2024-06-13,9625
3056,富華新,11,0,11,富邦-竹東,2024-06-13,9625
5371,中光電,12,1,11,富邦-竹東,2024-06-13,9625
2615,萬海,46,35,11,富邦-竹東,2024-06-13,9625
1702,南僑,10,0,10,富邦-竹東,2024-06-13,9625
2405,輔信,10,0,10,富邦-竹東,2024-06-13,9625
3338,泰碩,10,0,10,富邦-竹東,2024-06-13,9625
00712,復華富時不動產,339,5,334,富邦-竹東,2024-06-14,9625
2834,臺企銀,204,0,204,富邦-竹東,2024-06-14,9625
00948B,中信優息投資級債,172,0,172,富邦-竹東,2024-06-14,9625
00918,大華優利高填息30,182,20,162,富邦-竹東,2024-06-14,9625
2344,華邦電,99,2,97,富邦-竹東,2024-06-14,9625
00946,群益科技高息成長,70,0,70,富邦-竹東,2024-06-14,9625
2371,大同,112,43,69,富邦-竹東,2024-06-14,9625
00929,復華台灣科技優息,82,17,65,富邦-竹東,2024-06-14,9625
1587,吉茂,55,8,47,富邦-竹東,2024-06-14,9625
00937B,群益ESG投等債20,88,44,44,富邦-竹東,2024-06-14,9625
2486,一詮,50,13,37,富邦-竹東,2024-06-14,9625
2888,新光金,66,31,35,富邦-竹東,2024-06-14,9625
00942B,台新美A公司債20+,35,0,35,富邦-竹東,2024-06-14,9625
3481,群創,36,6,30,富邦-竹東,2024-06-14,9625
1609,大亞,109,80,29,富邦-竹東,2024-06-14,9625
00713,元大台灣高息低波,38,10,28,富邦-竹東,2024-06-14,9625
2449,京元電子,38,10,28,富邦-竹東,2024-06-14,9625
5426,振發,26,0,26,富邦-竹東,2024-06-14,9625
5347,世界,29,5,24,富邦-竹東,2024-06-14,9625
3059,華晶科,24,0,24,富邦-竹東,2024-06-14,9625
00891,中信關鍵半導體,30,6,24,富邦-竹東,2024-06-14,9625
00637L,元大滬深300正2,22,0,22,富邦-竹東,2024-06-14,9625
5490,同亨,28,6,22,富邦-竹東,2024-06-14,9625
2303,聯電,29,7,22,富邦-竹東,2024-06-14,9625
2801,彰銀,21,0,21,富邦-竹東,2024-06-14,9625
8096,擎亞,48,27,21,富邦-竹東,2024-06-14,9625
2368,金像電,22,1,21,富邦-竹東,2024-06-14,9625
00940,元大台灣價值高息,121,100,21,富邦-竹東,2024-06-14,9625
2367,燿華,41,20,21,富邦-竹東,2024-06-14,9625
1781,合世,20,0,20,富邦-竹東,2024-06-14,9625
2002,中鋼,29,11,18,富邦-竹東,2024-06-14,9625
9105,泰金寶-DR,40,23,17,富邦-竹東,2024-06-14,9625
4167,松瑞藥,17,1,16,富邦-竹東,2024-06-14,9625
2363,矽統,27,12,15,富邦-竹東,2024-06-14,9625
2365,昆盈,23,8,15,富邦-竹東,2024-06-14,9625
4714,永捷,15,0,15,富邦-竹東,2024-06-14,9625
8358,金居,41,27,14,富邦-竹東,2024-06-14,9625
00650L,復華香港正2,14,0,14,富邦-竹東,2024-06-14,9625
00927,群益半導體收益,13,0,13,富邦-竹東,2024-06-14,9625
2027,大成鋼,13,0,13,富邦-竹東,2024-06-14,9625
3231,緯創,24,12,12,富邦-竹東,2024-06-14,9625
2504,國產,21,9,12,富邦-竹東,2024-06-14,9625
2537,聯上發,12,0,12,富邦-竹東,2024-06-14,9625
4588,玖鼎電力,12,0,12,富邦-竹東,2024-06-14,9625
00939,統一台灣高息動能,19,7,12,富邦-竹東,2024-06-14,9625
2476,鉅祥,11,0,11,富邦-竹東,2024-06-14,9625
2514,龍邦,12,1,11,富邦-竹東,2024-06-14,9625
00947,台新臺灣IC設計,11,0,11,富邦-竹東,2024-06-14,9625
3048,益登,53,42,11,富邦-竹東,2024-06-14,9625
3260,威剛,11,0,11,富邦-竹東,2024-06-14,9625
3481,群創,269,84,185,富邦-竹東,2024-06-17,9625
00929,復華台灣科技優息,223,53,170,富邦-竹東,2024-06-17,9625
00919,群益台灣精選高息,147,1,146,富邦-竹東,2024-06-17,9625
00936,台新永續高息中小,151,19,132,富邦-竹東,2024-06-17,9625
00680L,元大美債20正2,144,45,99,富邦-竹東,2024-06-17,9625
00688L,國泰20年美債正2,100,4,96,富邦-竹東,2024-06-17,9625
00918,大華優利高填息30,115,41,74,富邦-竹東,2024-06-17,9625
3048,益登,87,15,72,富邦-竹東,2024-06-17,9625
2371,大同,148,81,67,富邦-竹東,2024-06-17,9625
3622,洋華,83,20,63,富邦-竹東,2024-06-17,9625
6166,凌華,55,3,52,富邦-竹東,2024-06-17,9625
3593,力銘,50,0,50,富邦-竹東,2024-06-17,9625
00940,元大台灣價值高息,154,111,43,富邦-竹東,2024-06-17,9625
4726,永昕,53,10,43,富邦-竹東,2024-06-17,9625
00947,台新臺灣IC設計,42,0,42,富邦-竹東,2024-06-17,9625
2603,長榮,44,7,37,富邦-竹東,2024-06-17,9625
2609,陽明,57,22,35,富邦-竹東,2024-06-17,9625
3450,聯鈞,44,10,34,富邦-竹東,2024-06-17,9625
2515,中工,47,14,33,富邦-竹東,2024-06-17,9625
5309,系統電,32,0,32,富邦-竹東,2024-06-17,9625
2356,英業達,32,2,30,富邦-竹東,2024-06-17,9625
5490,同亨,29,1,28,富邦-竹東,2024-06-17,9625
2025,千興,28,4,24,富邦-竹東,2024-06-17,9625
2354,鴻準,32,10,22,富邦-竹東,2024-06-17,9625
6223,旺矽,21,0,21,富邦-竹東,2024-06-17,9625
1605,華新,30,10,20,富邦-竹東,2024-06-17,9625
3231,緯創,29,9,20,富邦-竹東,2024-06-17,9625
6712,長聖,20,0,20,富邦-竹東,2024-06-17,9625
1326,台化,20,0,20,富邦-竹東,2024-06-17,9625
00948B,中信優息投資級債,69,50,19,富邦-竹東,2024-06-17,9625
2329,華泰,22,3,19,富邦-竹東,2024-06-17,9625
2527,宏璟,20,2,18,富邦-竹東,2024-06-17,9625
5484,慧友,20,2,18,富邦-竹東,2024-06-17,9625
2611,志信,20,2,18,富邦-竹東,2024-06-17,9625
9105,泰金寶-DR,22,7,15,富邦-竹東,2024-06-17,9625
2314,台揚,19,4,15,富邦-竹東,2024-06-17,9625
00687B,國泰20年美債,23,8,15,富邦-竹東,2024-06-17,9625
1616,億泰,41,27,14,富邦-竹東,2024-06-17,9625
4532,瑞智,17,3,14,富邦-竹東,2024-06-17,9625
00878,國泰永續高股息,21,7,14,富邦-竹東,2024-06-17,9625
2489,瑞軒,17,4,13,富邦-竹東,2024-06-17,9625
2312,金寶,29,16,13,富邦-竹東,2024-06-17,9625
2392,正崴,21,8,13,富邦-竹東,2024-06-17,9625
00712,復華富時不動產,12,0,12,富邦-竹東,2024-06-17,9625
9919,康那香,17,5,12,富邦-竹東,2024-06-17,9625
2888,新光金,15,3,12,富邦-竹東,2024-06-17,9625
8105,凌巨,38,27,11,富邦-竹東,2024-06-17,9625
2421,建準,11,0,11,富邦-竹東,2024-06-17,9625
3059,華晶科,11,0,11,富邦-竹東,2024-06-17,9625
8011,台通,15,4,11,富邦-竹東,2024-06-17,9625
00680L,元大美債20正2,351,2,349,富邦-竹東,2024-06-18,9625
00673R,期元大S＆P原油反1,324,0,324,富邦-竹東,2024-06-18,9625
00937B,群益ESG投等債20,180,50,130,富邦-竹東,2024-06-18,9625
00929,復華台灣科技優息,147,46,101,富邦-竹東,2024-06-18,9625
3481,群創,208,110,98,富邦-竹東,2024-06-18,9625
00919,群益台灣精選高息,123,26,97,富邦-竹東,2024-06-18,9625
00687B,國泰20年美債,82,3,79,富邦-竹東,2024-06-18,9625
3048,益登,63,7,56,富邦-竹東,2024-06-18,9625
00915,凱基優選高股息30,52,0,52,富邦-竹東,2024-06-18,9625
00712,復華富時不動產,60,10,50,富邦-竹東,2024-06-18,9625
00918,大華優利高填息30,66,21,45,富邦-竹東,2024-06-18,9625
00713,元大台灣高息低波,36,0,36,富邦-竹東,2024-06-18,9625
0056,元大高股息,36,1,35,富邦-竹東,2024-06-18,9625
00637L,元大滬深300正2,35,0,35,富邦-竹東,2024-06-18,9625
00936,台新永續高息中小,92,58,34,富邦-竹東,2024-06-18,9625
1905,華紙,34,0,34,富邦-竹東,2024-06-18,9625
9105,泰金寶-DR,61,30,31,富邦-竹東,2024-06-18,9625
8096,擎亞,76,45,31,富邦-竹東,2024-06-18,9625
00650L,復華香港正2,30,0,30,富邦-竹東,2024-06-18,9625
00946,群益科技高息成長,107,80,27,富邦-竹東,2024-06-18,9625
2002,中鋼,31,4,27,富邦-竹東,2024-06-18,9625
4562,穎漢,128,102,26,富邦-竹東,2024-06-18,9625
2025,千興,27,2,25,富邦-竹東,2024-06-18,9625
2371,大同,131,106,25,富邦-竹東,2024-06-18,9625
00632R,元大台灣50反1,24,0,24,富邦-竹東,2024-06-18,9625
2883,凱基金,53,30,23,富邦-竹東,2024-06-18,9625
3047,訊舟,24,1,23,富邦-竹東,2024-06-18,9625
00878,國泰永續高股息,56,34,22,富邦-竹東,2024-06-18,9625
3673,TPK-KY,22,1,21,富邦-竹東,2024-06-18,9625
1301,台塑,22,2,20,富邦-竹東,2024-06-18,9625
1815,富喬,42,22,20,富邦-竹東,2024-06-18,9625
2014,中鴻,20,0,20,富邦-竹東,2024-06-18,9625
3537,堡達,20,0,20,富邦-竹東,2024-06-18,9625
00942B,台新美A公司債20+,36,17,19,富邦-竹東,2024-06-18,9625
3062,建漢,37,18,19,富邦-竹東,2024-06-18,9625
1802,台玻,40,22,18,富邦-竹東,2024-06-18,9625
00752,中信中國50,17,0,17,富邦-竹東,2024-06-18,9625
00720B,元大投資級公司債,16,0,16,富邦-竹東,2024-06-18,9625
4908,前鼎,23,7,16,富邦-竹東,2024-06-18,9625
00679B,元大美債20年,32,17,15,富邦-竹東,2024-06-18,9625
4534,慶騰,15,0,15,富邦-竹東,2024-06-18,9625
911868,同方友友-DR,15,0,15,富邦-竹東,2024-06-18,9625
6282,康舒,38,23,15,富邦-竹東,2024-06-18,9625
2615,萬海,34,20,14,富邦-竹東,2024-06-18,9625
4906,正文,14,0,14,富邦-竹東,2024-06-18,9625
3376,新日興,19,5,14,富邦-竹東,2024-06-18,9625
2543,皇昌,14,1,13,富邦-竹東,2024-06-18,9625
1504,東元,14,2,12,富邦-竹東,2024-06-18,9625
3105,穩懋,13,1,12,富邦-竹東,2024-06-18,9625
8358,金居,31,19,12,富邦-竹東,2024-06-18,9625
2002,中鋼,170,2,168,富邦-竹東,2024-06-19,9625
00687B,國泰20年美債,140,0,140,富邦-竹東,2024-06-19,9625
00919,群益台灣精選高息,229,118,111,富邦-竹東,2024-06-19,9625
6116,彩晶,101,0,101,富邦-竹東,2024-06-19,9625
00929,復華台灣科技優息,324,246,78,富邦-竹東,2024-06-19,9625
00935,野村臺灣新科技50,71,0,71,富邦-竹東,2024-06-19,9625
00936,台新永續高息中小,100,32,68,富邦-竹東,2024-06-19,9625
00946,群益科技高息成長,84,24,60,富邦-竹東,2024-06-19,9625
2834,臺企銀,55,5,50,富邦-竹東,2024-06-19,9625
8011,台通,49,8,41,富邦-竹東,2024-06-19,9625
00937B,群益ESG投等債20,56,15,41,富邦-竹東,2024-06-19,9625
00878,國泰永續高股息,96,57,39,富邦-竹東,2024-06-19,9625
00948B,中信優息投資級債,38,0,38,富邦-竹東,2024-06-19,9625
6834,天二科技,47,10,37,富邦-竹東,2024-06-19,9625
2359,所羅門,44,7,37,富邦-竹東,2024-06-19,9625
2515,中工,33,3,30,富邦-竹東,2024-06-19,9625
1785,光洋科,38,9,29,富邦-竹東,2024-06-19,9625
2371,大同,40,11,29,富邦-竹東,2024-06-19,9625
2312,金寶,30,3,27,富邦-竹東,2024-06-19,9625
6152,百一,27,0,27,富邦-竹東,2024-06-19,9625
3622,洋華,49,23,26,富邦-竹東,2024-06-19,9625
2353,宏��,39,13,26,富邦-竹東,2024-06-19,9625
2365,昆盈,115,90,25,富邦-竹東,2024-06-19,9625
3062,建漢,141,117,24,富邦-竹東,2024-06-19,9625
5880,合庫金,23,1,22,富邦-竹東,2024-06-19,9625
8099,大世科,21,0,21,富邦-竹東,2024-06-19,9625
1802,台玻,24,3,21,富邦-竹東,2024-06-19,9625
1732,毛寶,24,3,21,富邦-竹東,2024-06-19,9625
1611,中電,21,1,20,富邦-竹東,2024-06-19,9625
00664R,國泰臺灣加權反1,20,0,20,富邦-竹東,2024-06-19,9625
8473,山林水,21,1,20,富邦-竹東,2024-06-19,9625
2025,千興,20,0,20,富邦-竹東,2024-06-19,9625
3706,神達,23,4,19,富邦-竹東,2024-06-19,9625
00632R,元大台灣50反1,70,51,19,富邦-竹東,2024-06-19,9625
4967,十銓,27,8,19,富邦-竹東,2024-06-19,9625
2409,友達,17,0,17,富邦-竹東,2024-06-19,9625
1609,大亞,45,29,16,富邦-竹東,2024-06-19,9625
2328,廣宇,18,3,15,富邦-竹東,2024-06-19,9625
6112,邁達特,28,13,15,富邦-竹東,2024-06-19,9625
9105,泰金寶-DR,15,0,15,富邦-竹東,2024-06-19,9625
00680L,元大美債20正2,20,5,15,富邦-竹東,2024-06-19,9625
2344,華邦電,40,26,14,富邦-竹東,2024-06-19,9625
6147,頎邦,13,0,13,富邦-竹東,2024-06-19,9625
3372,典範,17,4,13,富邦-竹東,2024-06-19,9625
1591,駿吉-KY,15,3,12,富邦-竹東,2024-06-19,9625
6166,凌華,12,0,12,富邦-竹東,2024-06-19,9625
6163,華電網,12,0,12,富邦-竹東,2024-06-19,9625
8277,商丞,12,0,12,富邦-竹東,2024-06-19,9625
1301,台塑,13,2,11,富邦-竹東,2024-06-19,9625
3042,晶技,11,0,11,富邦-竹東,2024-06-19,9625
2353,宏��,95,15,80,富邦-竹東,2024-06-20,9625
00919,群益台灣精選高息,119,60,59,富邦-竹東,2024-06-20,9625
00947,台新臺灣IC設計,57,0,57,富邦-竹東,2024-06-20,9625
00940,元大台灣價值高息,153,101,52,富邦-竹東,2024-06-20,9625
00933B,國泰10Y+金融債,96,45,51,富邦-竹東,2024-06-20,9625
00637L,元大滬深300正2,50,0,50,富邦-竹東,2024-06-20,9625
00946,群益科技高息成長,58,10,48,富邦-竹東,2024-06-20,9625
00632R,元大台灣50反1,72,24,48,富邦-竹東,2024-06-20,9625
00936,台新永續高息中小,52,13,39,富邦-竹東,2024-06-20,9625
6166,凌華,39,3,36,富邦-竹東,2024-06-20,9625
2374,佳能,51,16,35,富邦-竹東,2024-06-20,9625
2897,王道銀行,33,0,33,富邦-竹東,2024-06-20,9625
00665L,富邦�琤肭磪囓�2,235,202,33,富邦-竹東,2024-06-20,9625
4167,松瑞藥,37,5,32,富邦-竹東,2024-06-20,9625
2352,佳世達,34,2,32,富邦-竹東,2024-06-20,9625
00687B,國泰20年美債,27,1,26,富邦-竹東,2024-06-20,9625
4306,炎洲,30,5,25,富邦-竹東,2024-06-20,9625
8150,南茂,26,2,24,富邦-竹東,2024-06-20,9625
3622,洋華,25,3,22,富邦-竹東,2024-06-20,9625
00941,中信上游半導體,21,1,20,富邦-竹東,2024-06-20,9625
1605,華新,21,1,20,富邦-竹東,2024-06-20,9625
00927,群益半導體收益,20,0,20,富邦-竹東,2024-06-20,9625
4526,東台,58,39,19,富邦-竹東,2024-06-20,9625
5347,世界,32,16,16,富邦-竹東,2024-06-20,9625
00948B,中信優息投資級債,66,50,16,富邦-竹東,2024-06-20,9625
2834,臺企銀,15,0,15,富邦-竹東,2024-06-20,9625
8050,廣積,19,4,15,富邦-竹東,2024-06-20,9625
2359,所羅門,16,1,15,富邦-竹東,2024-06-20,9625
2344,華邦電,46,31,15,富邦-竹東,2024-06-20,9625
5426,振發,14,0,14,富邦-竹東,2024-06-20,9625
1303,南亞,14,0,14,富邦-竹東,2024-06-20,9625
1513,中興電,39,26,13,富邦-竹東,2024-06-20,9625
00932,兆豐永續高息等權,13,0,13,富邦-竹東,2024-06-20,9625
8099,大世科,13,1,12,富邦-竹東,2024-06-20,9625
2610,華航,21,9,12,富邦-竹東,2024-06-20,9625
6182,合晶,13,1,12,富邦-竹東,2024-06-20,9625
4979,華星光,17,6,11,富邦-竹東,2024-06-20,9625
6841,長佳智能,12,1,11,富邦-竹東,2024-06-20,9625
8112,至上,11,0,11,富邦-竹東,2024-06-20,9625
8039,台虹,17,6,11,富邦-竹東,2024-06-20,9625
8096,擎亞,88,78,10,富邦-竹東,2024-06-20,9625
6152,百一,10,0,10,富邦-竹東,2024-06-20,9625
00942B,台新美A公司債20+,10,0,10,富邦-竹東,2024-06-20,9625
1326,台化,11,1,10,富邦-竹東,2024-06-20,9625
3372,典範,20,10,10,富邦-竹東,2024-06-20,9625
2362,藍天,10,0,10,富邦-竹東,2024-06-20,9625
3376,新日興,9,0,9,富邦-竹東,2024-06-20,9625
8038,長園科,9,0,9,富邦-竹東,2024-06-20,9625
5471,松翰,9,0,9,富邦-竹東,2024-06-20,9625
9105,泰金寶-DR,11,2,9,富邦-竹東,2024-06-20,9625
00665L,富邦�琤肭磪囓�2,602,0,602,富邦-竹東,2024-06-21,9625
2883,凱基金,186,63,123,富邦-竹東,2024-06-21,9625
00919,群益台灣精選高息,288,210,78,富邦-竹東,2024-06-21,9625
00933B,國泰10Y+金融債,86,10,76,富邦-竹東,2024-06-21,9625
6770,力積電,79,6,73,富邦-竹東,2024-06-21,9625
00937B,群益ESG投等債20,137,72,65,富邦-竹東,2024-06-21,9625
2317,鴻海,91,28,63,富邦-竹東,2024-06-21,9625
3588,通嘉,54,0,54,富邦-竹東,2024-06-21,9625
00936,台新永續高息中小,63,10,53,富邦-竹東,2024-06-21,9625
9955,佳龍,54,4,50,富邦-竹東,2024-06-21,9625
1815,富喬,62,20,42,富邦-竹東,2024-06-21,9625
1301,台塑,42,6,36,富邦-竹東,2024-06-21,9625
2354,鴻準,39,4,35,富邦-竹東,2024-06-21,9625
00878,國泰永續高股息,91,59,32,富邦-竹東,2024-06-21,9625
2314,台揚,31,1,30,富邦-竹東,2024-06-21,9625
00935,野村臺灣新科技50,36,6,30,富邦-竹東,2024-06-21,9625
2603,長榮,43,14,29,富邦-竹東,2024-06-21,9625
2312,金寶,52,24,28,富邦-竹東,2024-06-21,9625
00637L,元大滬深300正2,48,20,28,富邦-竹東,2024-06-21,9625
00948B,中信優息投資級債,27,0,27,富邦-竹東,2024-06-21,9625
6558,興能高,26,0,26,富邦-竹東,2024-06-21,9625
3025,星通,37,12,25,富邦-竹東,2024-06-21,9625
00934,中信成長高股息,23,0,23,富邦-竹東,2024-06-21,9625
2365,昆盈,49,26,23,富邦-竹東,2024-06-21,9625
2609,陽明,182,160,22,富邦-竹東,2024-06-21,9625
6216,居易,22,0,22,富邦-竹東,2024-06-21,9625
00940,元大台灣價值高息,70,49,21,富邦-竹東,2024-06-21,9625
00939,統一台灣高息動能,39,18,21,富邦-竹東,2024-06-21,9625
00679B,元大美債20年,21,0,21,富邦-竹東,2024-06-21,9625
2329,華泰,53,32,21,富邦-竹東,2024-06-21,9625
2390,云辰,24,3,21,富邦-竹東,2024-06-21,9625
9105,泰金寶-DR,23,3,20,富邦-竹東,2024-06-21,9625
1598,岱宇,20,0,20,富邦-竹東,2024-06-21,9625
1514,亞力,37,18,19,富邦-竹東,2024-06-21,9625
2330,台積電,29,10,19,富邦-竹東,2024-06-21,9625
6552,易華電,19,1,18,富邦-竹東,2024-06-21,9625
2504,國產,24,6,18,富邦-竹東,2024-06-21,9625
2498,宏達電,28,10,18,富邦-竹東,2024-06-21,9625
2382,廣達,25,7,18,富邦-竹東,2024-06-21,9625
00881,國泰台灣5G+,19,2,17,富邦-竹東,2024-06-21,9625
8048,德勝,58,41,17,富邦-竹東,2024-06-21,9625
00915,凱基優選高股息30,19,3,16,富邦-竹東,2024-06-21,9625
1611,中電,54,38,16,富邦-竹東,2024-06-21,9625
00929,復華台灣科技優息,230,215,15,富邦-竹東,2024-06-21,9625
1608,華榮,13,0,13,富邦-竹東,2024-06-21,9625
1309,台達化,14,1,13,富邦-竹東,2024-06-21,9625
8054,安國,12,0,12,富邦-竹東,2024-06-21,9625
4906,正文,12,0,12,富邦-竹東,2024-06-21,9625
6890,來億-KY,12,0,12,富邦-竹東,2024-06-21,9625
00882,中信中國高股息,12,0,12,富邦-竹東,2024-06-21,9625
3481,群創,605,173,432,富邦-竹東,2024-06-24,9625
00929,復華台灣科技優息,348,150,198,富邦-竹東,2024-06-24,9625
00919,群益台灣精選高息,279,102,177,富邦-竹東,2024-06-24,9625
5388,中磊,142,0,142,富邦-竹東,2024-06-24,9625
00937B,群益ESG投等債20,102,0,102,富邦-竹東,2024-06-24,9625
2883,凱基金,115,34,81,富邦-竹東,2024-06-24,9625
2408,南亞科,83,6,77,富邦-竹東,2024-06-24,9625
4716,大立,74,0,74,富邦-竹東,2024-06-24,9625
8028,昇陽半導體,85,23,62,富邦-竹東,2024-06-24,9625
2330,台積電,51,12,39,富邦-竹東,2024-06-24,9625
2324,仁寶,41,3,38,富邦-竹東,2024-06-24,9625
2369,菱生,38,0,38,富邦-竹東,2024-06-24,9625
2344,華邦電,48,10,38,富邦-竹東,2024-06-24,9625
00939,統一台灣高息動能,116,81,35,富邦-竹東,2024-06-24,9625
3622,洋華,38,3,35,富邦-竹東,2024-06-24,9625
8105,凌巨,59,27,32,富邦-竹東,2024-06-24,9625
2609,陽明,63,32,31,富邦-竹東,2024-06-24,9625
2615,萬海,45,14,31,富邦-竹東,2024-06-24,9625
00878,國泰永續高股息,51,21,30,富邦-竹東,2024-06-24,9625
1101,台泥,43,13,30,富邦-竹東,2024-06-24,9625
2007,燁興,30,0,30,富邦-竹東,2024-06-24,9625
00918,大華優利高填息30,32,3,29,富邦-竹東,2024-06-24,9625
1217,愛之味,30,2,28,富邦-竹東,2024-06-24,9625
00687B,國泰20年美債,93,66,27,富邦-竹東,2024-06-24,9625
2537,聯上發,31,4,27,富邦-竹東,2024-06-24,9625
1301,台塑,23,0,23,富邦-竹東,2024-06-24,9625
4967,十銓,35,13,22,富邦-竹東,2024-06-24,9625
00946,群益科技高息成長,22,0,22,富邦-竹東,2024-06-24,9625
6116,彩晶,21,0,21,富邦-竹東,2024-06-24,9625
2105,正新,20,0,20,富邦-竹東,2024-06-24,9625
911868,同方友友-DR,20,0,20,富邦-竹東,2024-06-24,9625
3265,台星科,22,2,20,富邦-竹東,2024-06-24,9625
2611,志信,20,0,20,富邦-竹東,2024-06-24,9625
6216,居易,20,1,19,富邦-竹東,2024-06-24,9625
6290,良維,20,2,18,富邦-竹東,2024-06-24,9625
4526,東台,40,23,17,富邦-竹東,2024-06-24,9625
3047,訊舟,108,91,17,富邦-竹東,2024-06-24,9625
6617,共信-KY,18,1,17,富邦-竹東,2024-06-24,9625
2498,宏達電,27,10,17,富邦-竹東,2024-06-24,9625
2880,華南金,20,3,17,富邦-竹東,2024-06-24,9625
00915,凱基優選高股息30,19,3,16,富邦-竹東,2024-06-24,9625
6462,神盾,17,1,16,富邦-竹東,2024-06-24,9625
2352,佳世達,18,2,16,富邦-竹東,2024-06-24,9625
5880,合庫金,16,1,15,富邦-竹東,2024-06-24,9625
5351,鈺創,24,9,15,富邦-竹東,2024-06-24,9625
2356,英業達,26,11,15,富邦-竹東,2024-06-24,9625
2382,廣達,21,7,14,富邦-竹東,2024-06-24,9625
6806,森崴能源,25,11,14,富邦-竹東,2024-06-24,9625
1503,士電,16,3,13,富邦-竹東,2024-06-24,9625
2374,佳能,14,1,13,富邦-竹東,2024-06-24,9625
3481,群創,346,103,243,富邦-竹東,2024-06-25,9625
00929,復華台灣科技優息,277,34,243,富邦-竹東,2024-06-25,9625
00946,群益科技高息成長,120,13,107,富邦-竹東,2024-06-25,9625
2888,新光金,120,22,98,富邦-竹東,2024-06-25,9625
00947,台新臺灣IC設計,72,0,72,富邦-竹東,2024-06-25,9625
00940,元大台灣價值高息,91,20,71,富邦-竹東,2024-06-25,9625
2303,聯電,79,9,70,富邦-竹東,2024-06-25,9625
2409,友達,77,15,62,富邦-竹東,2024-06-25,9625
1101,台泥,75,20,55,富邦-竹東,2024-06-25,9625
00936,台新永續高息中小,53,0,53,富邦-竹東,2024-06-25,9625
2317,鴻海,79,27,52,富邦-竹東,2024-06-25,9625
2892,第一金,51,0,51,富邦-竹東,2024-06-25,9625
2406,國碩,48,4,44,富邦-竹東,2024-06-25,9625
00642U,期元大S＆P石油,44,2,42,富邦-竹東,2024-06-25,9625
2408,南亞科,47,6,41,富邦-竹東,2024-06-25,9625
2883,凱基金,45,5,40,富邦-竹東,2024-06-25,9625
00878,國泰永續高股息,51,12,39,富邦-竹東,2024-06-25,9625
1815,富喬,62,30,32,富邦-竹東,2024-06-25,9625
2002,中鋼,32,1,31,富邦-竹東,2024-06-25,9625
00918,大華優利高填息30,26,0,26,富邦-竹東,2024-06-25,9625
1503,士電,50,26,24,富邦-竹東,2024-06-25,9625
3535,晶彩科,40,17,23,富邦-竹東,2024-06-25,9625
3047,訊舟,31,9,22,富邦-竹東,2024-06-25,9625
00905,FT臺灣Smart,21,0,21,富邦-竹東,2024-06-25,9625
2464,盟立,47,26,21,富邦-竹東,2024-06-25,9625
5381,合正,20,0,20,富邦-竹東,2024-06-25,9625
2421,建準,20,0,20,富邦-竹東,2024-06-25,9625
9105,泰金寶-DR,29,10,19,富邦-竹東,2024-06-25,9625
2440,太空梭,21,2,19,富邦-竹東,2024-06-25,9625
5905,南仁湖,17,0,17,富邦-竹東,2024-06-25,9625
8064,東捷,36,21,15,富邦-竹東,2024-06-25,9625
3037,欣興,15,0,15,富邦-竹東,2024-06-25,9625
8110,華東,35,20,15,富邦-竹東,2024-06-25,9625
2427,三商電,24,9,15,富邦-竹東,2024-06-25,9625
6698,旭暉應材,24,9,15,富邦-竹東,2024-06-25,9625
6462,神盾,15,0,15,富邦-竹東,2024-06-25,9625
6269,台郡,17,3,14,富邦-竹東,2024-06-25,9625
2377,微星,13,0,13,富邦-竹東,2024-06-25,9625
1102,亞泥,13,0,13,富邦-竹東,2024-06-25,9625
0056,元大高股息,23,11,12,富邦-竹東,2024-06-25,9625
00881,國泰台灣5G+,16,4,12,富邦-竹東,2024-06-25,9625
00673R,期元大S＆P原油反1,12,0,12,富邦-竹東,2024-06-25,9625
2007,燁興,12,0,12,富邦-竹東,2024-06-25,9625
6770,力積電,15,3,12,富邦-竹東,2024-06-25,9625
2355,敬鵬,11,0,11,富邦-竹東,2024-06-25,9625
3588,通嘉,16,5,11,富邦-竹東,2024-06-25,9625
1710,東聯,10,0,10,富邦-竹東,2024-06-25,9625
2390,云辰,10,0,10,富邦-竹東,2024-06-25,9625
4167,松瑞藥,10,0,10,富邦-竹東,2024-06-25,9625
2484,希華,10,0,10,富邦-竹東,2024-06-25,9625
1314,中石化,157,10,147,富邦-竹東,2024-06-26,9625
00940,元大台灣價值高息,166,41,125,富邦-竹東,2024-06-26,9625
2409,友達,106,3,103,富邦-竹東,2024-06-26,9625
00946,群益科技高息成長,103,1,102,富邦-竹東,2024-06-26,9625
00936,台新永續高息中小,107,10,97,富邦-竹東,2024-06-26,9625
3481,群創,173,80,93,富邦-竹東,2024-06-26,9625
2109,華豐,86,2,84,富邦-竹東,2024-06-26,9625
3576,聯合再生,87,5,82,富邦-竹東,2024-06-26,9625
00919,群益台灣精選高息,108,38,70,富邦-竹東,2024-06-26,9625
2406,國碩,73,3,70,富邦-竹東,2024-06-26,9625
1101,台泥,78,10,68,富邦-竹東,2024-06-26,9625
8028,昇陽半導體,97,33,64,富邦-竹東,2024-06-26,9625
00720B,元大投資級公司債,60,1,59,富邦-竹東,2024-06-26,9625
2374,佳能,71,13,58,富邦-竹東,2024-06-26,9625
2002,中鋼,57,0,57,富邦-竹東,2024-06-26,9625
2880,華南金,51,1,50,富邦-竹東,2024-06-26,9625
0056,元大高股息,52,3,49,富邦-竹東,2024-06-26,9625
6125,廣運,74,34,40,富邦-竹東,2024-06-26,9625
2025,千興,41,1,40,富邦-竹東,2024-06-26,9625
00929,復華台灣科技優息,138,99,39,富邦-竹東,2024-06-26,9625
00948B,中信優息投資級債,32,0,32,富邦-竹東,2024-06-26,9625
00712,復華富時不動產,31,0,31,富邦-竹東,2024-06-26,9625
5388,中磊,30,0,30,富邦-竹東,2024-06-26,9625
2347,聯強,26,0,26,富邦-竹東,2024-06-26,9625
00942B,台新美A公司債20+,25,0,25,富邦-竹東,2024-06-26,9625
1301,台塑,30,6,24,富邦-竹東,2024-06-26,9625
2312,金寶,24,0,24,富邦-竹東,2024-06-26,9625
2834,臺企銀,24,0,24,富邦-竹東,2024-06-26,9625
3580,友威科,31,8,23,富邦-竹東,2024-06-26,9625
2392,正崴,37,15,22,富邦-竹東,2024-06-26,9625
4109,加捷生醫,23,1,22,富邦-竹東,2024-06-26,9625
1326,台化,28,7,21,富邦-竹東,2024-06-26,9625
2344,華邦電,31,10,21,富邦-竹東,2024-06-26,9625
4967,十銓,29,8,21,富邦-竹東,2024-06-26,9625
2884,玉山金,22,1,21,富邦-竹東,2024-06-26,9625
00713,元大台灣高息低波,25,4,21,富邦-竹東,2024-06-26,9625
1708,東鹼,20,0,20,富邦-竹東,2024-06-26,9625
00725B,國泰投資級公司債,20,0,20,富邦-竹東,2024-06-26,9625
2820,華票,20,0,20,富邦-竹東,2024-06-26,9625
2022,聚亨,20,0,20,富邦-竹東,2024-06-26,9625
1522,堤維西,20,0,20,富邦-竹東,2024-06-26,9625
2515,中工,16,0,16,富邦-竹東,2024-06-26,9625
2353,宏��,24,8,16,富邦-竹東,2024-06-26,9625
2330,台積電,22,7,15,富邦-竹東,2024-06-26,9625
00637L,元大滬深300正2,15,0,15,富邦-竹東,2024-06-26,9625
6770,力積電,16,2,14,富邦-竹東,2024-06-26,9625
2301,光寶科,17,3,14,富邦-竹東,2024-06-26,9625
6257,矽格,14,0,14,富邦-竹東,2024-06-26,9625
00881,國泰台灣5G+,21,8,13,富邦-竹東,2024-06-26,9625
00937B,群益ESG投等債20,48,35,13,富邦-竹東,2024-06-26,9625
00680L,元大美債20正2,380,0,380,富邦-竹東,2024-06-27,9625
00936,台新永續高息中小,273,66,207,富邦-竹東,2024-06-27,9625
5880,合庫金,259,55,204,富邦-竹東,2024-06-27,9625
00937B,群益ESG投等債20,178,0,178,富邦-竹東,2024-06-27,9625
00929,復華台灣科技優息,182,49,133,富邦-竹東,2024-06-27,9625
2353,宏��,119,8,111,富邦-竹東,2024-06-27,9625
00632R,元大台灣50反1,100,0,100,富邦-竹東,2024-06-27,9625
2109,華豐,98,0,98,富邦-竹東,2024-06-27,9625
00933B,國泰10Y+金融債,103,5,98,富邦-竹東,2024-06-27,9625
4167,松瑞藥,130,38,92,富邦-竹東,2024-06-27,9625
2317,鴻海,109,39,70,富邦-竹東,2024-06-27,9625
00942B,台新美A公司債20+,70,0,70,富邦-竹東,2024-06-27,9625
2409,友達,82,13,69,富邦-竹東,2024-06-27,9625
00650L,復華香港正2,64,0,64,富邦-竹東,2024-06-27,9625
00939,統一台灣高息動能,86,23,63,富邦-竹東,2024-06-27,9625
00919,群益台灣精選高息,71,12,59,富邦-竹東,2024-06-27,9625
8112,至上,61,5,56,富邦-竹東,2024-06-27,9625
00895,富邦未來車,54,0,54,富邦-竹東,2024-06-27,9625
3264,欣銓,54,2,52,富邦-竹東,2024-06-27,9625
6190,萬泰科,50,1,49,富邦-竹東,2024-06-27,9625
3481,群創,57,11,46,富邦-竹東,2024-06-27,9625
6152,百一,36,0,36,富邦-竹東,2024-06-27,9625
2489,瑞軒,61,26,35,富邦-竹東,2024-06-27,9625
2408,南亞科,46,14,32,富邦-竹東,2024-06-27,9625
2606,裕民,32,1,31,富邦-竹東,2024-06-27,9625
00878,國泰永續高股息,38,10,28,富邦-竹東,2024-06-27,9625
1611,中電,37,10,27,富邦-竹東,2024-06-27,9625
2002,中鋼,29,3,26,富邦-竹東,2024-06-27,9625
2301,光寶科,33,7,26,富邦-竹東,2024-06-27,9625
1540,喬福,36,10,26,富邦-竹東,2024-06-27,9625
8105,凌巨,26,0,26,富邦-竹東,2024-06-27,9625
9136,巨騰-DR,25,0,25,富邦-竹東,2024-06-27,9625
1522,堤維西,25,1,24,富邦-竹東,2024-06-27,9625
2611,志信,23,0,23,富邦-竹東,2024-06-27,9625
00948B,中信優息投資級債,22,0,22,富邦-竹東,2024-06-27,9625
2885,元大金,23,1,22,富邦-竹東,2024-06-27,9625
2883,凱基金,31,10,21,富邦-竹東,2024-06-27,9625
2023,燁輝,21,0,21,富邦-竹東,2024-06-27,9625
2324,仁寶,22,1,21,富邦-竹東,2024-06-27,9625
8277,商丞,21,0,21,富邦-竹東,2024-06-27,9625
2352,佳世達,24,4,20,富邦-竹東,2024-06-27,9625
8064,東捷,146,126,20,富邦-竹東,2024-06-27,9625
3576,聯合再生,70,51,19,富邦-竹東,2024-06-27,9625
4726,永昕,19,0,19,富邦-竹東,2024-06-27,9625
6227,茂綸,19,0,19,富邦-竹東,2024-06-27,9625
2354,鴻準,27,9,18,富邦-竹東,2024-06-27,9625
2884,玉山金,18,0,18,富邦-竹東,2024-06-27,9625
00934,中信成長高股息,16,0,16,富邦-竹東,2024-06-27,9625
6698,旭暉應材,19,3,16,富邦-竹東,2024-06-27,9625
5452,佶優,16,0,16,富邦-竹東,2024-06-27,9625
2883,凱基金,205,29,176,富邦-竹東,2024-06-28,9625
3481,群創,186,30,156,富邦-竹東,2024-06-28,9625
00936,台新永續高息中小,118,13,105,富邦-竹東,2024-06-28,9625
00680L,元大美債20正2,80,1,79,富邦-竹東,2024-06-28,9625
00937B,群益ESG投等債20,98,21,77,富邦-竹東,2024-06-28,9625
2317,鴻海,85,21,64,富邦-竹東,2024-06-28,9625
00929,復華台灣科技優息,65,2,63,富邦-竹東,2024-06-28,9625
2611,志信,54,0,54,富邦-竹東,2024-06-28,9625
2349,錸德,52,0,52,富邦-竹東,2024-06-28,9625
00679B,元大美債20年,51,0,51,富邦-竹東,2024-06-28,9625
2867,三商壽,50,0,50,富邦-竹東,2024-06-28,9625
2109,華豐,45,0,45,富邦-竹東,2024-06-28,9625
6182,合晶,41,0,41,富邦-竹東,2024-06-28,9625
00673R,期元大S＆P原油反1,40,0,40,富邦-竹東,2024-06-28,9625
2406,國碩,118,79,39,富邦-竹東,2024-06-28,9625
2618,長榮航,49,11,38,富邦-竹東,2024-06-28,9625
3050,鈺德,35,0,35,富邦-竹東,2024-06-28,9625
00687B,國泰20年美債,38,5,33,富邦-竹東,2024-06-28,9625
00830,國泰費城半導體,31,0,31,富邦-竹東,2024-06-28,9625
2883B,凱基金乙特,30,0,30,富邦-竹東,2024-06-28,9625
2301,光寶科,32,5,27,富邦-竹東,2024-06-28,9625
2615,萬海,39,12,27,富邦-竹東,2024-06-28,9625
2303,聯電,46,21,25,富邦-竹東,2024-06-28,9625
3303,岱稜,25,0,25,富邦-竹東,2024-06-28,9625
00712,復華富時不動產,24,0,24,富邦-竹東,2024-06-28,9625
3490,單井,26,2,24,富邦-竹東,2024-06-28,9625
2324,仁寶,27,5,22,富邦-竹東,2024-06-28,9625
00675L,富邦臺灣加權正2,20,0,20,富邦-竹東,2024-06-28,9625
9105,泰金寶-DR,22,2,20,富邦-竹東,2024-06-28,9625
00905,FT臺灣Smart,20,0,20,富邦-竹東,2024-06-28,9625
3041,揚智,18,0,18,富邦-竹東,2024-06-28,9625
00944,野村趨勢動能高息,20,2,18,富邦-竹東,2024-06-28,9625
2884,玉山金,17,0,17,富邦-竹東,2024-06-28,9625
2002,中鋼,22,5,17,富邦-竹東,2024-06-28,9625
1449,佳和,17,0,17,富邦-竹東,2024-06-28,9625
2365,昆盈,21,4,17,富邦-竹東,2024-06-28,9625
6462,神盾,17,0,17,富邦-竹東,2024-06-28,9625
3231,緯創,20,4,16,富邦-竹東,2024-06-28,9625
00942B,台新美A公司債20+,15,0,15,富邦-竹東,2024-06-28,9625
6147,頎邦,15,0,15,富邦-竹東,2024-06-28,9625
5009,榮剛,15,0,15,富邦-竹東,2024-06-28,9625
6215,和椿,26,13,13,富邦-竹東,2024-06-28,9625
2486,一詮,16,3,13,富邦-竹東,2024-06-28,9625
2542,興富發,13,1,12,富邦-竹東,2024-06-28,9625
3062,建漢,17,5,12,富邦-竹東,2024-06-28,9625
1608,華榮,14,2,12,富邦-竹東,2024-06-28,9625
00720B,元大投資級公司債,13,1,12,富邦-竹東,2024-06-28,9625
00933B,國泰10Y+金融債,32,20,12,富邦-竹東,2024-06-28,9625
8478,東哥遊艇,12,0,12,富邦-竹東,2024-06-28,9625
2489,瑞軒,17,5,12,富邦-竹東,2024-06-28,9625
00687B,國泰20年美債,347,23,324,富邦-竹東,2024-07-01,9625
5388,中磊,281,0,281,富邦-竹東,2024-07-01,9625
00937B,群益ESG投等債20,215,34,181,富邦-竹東,2024-07-01,9625
00933B,國泰10Y+金融債,203,72,131,富邦-竹東,2024-07-01,9625
3686,達能,120,0,120,富邦-竹東,2024-07-01,9625
00942B,台新美A公司債20+,104,0,104,富邦-竹東,2024-07-01,9625
3047,訊舟,102,18,84,富邦-竹東,2024-07-01,9625
00936,台新永續高息中小,82,2,80,富邦-竹東,2024-07-01,9625
00679B,元大美債20年,86,10,76,富邦-竹東,2024-07-01,9625
2390,云辰,67,9,58,富邦-竹東,2024-07-01,9625
2882,國泰金,56,5,51,富邦-竹東,2024-07-01,9625
00680L,元大美債20正2,49,0,49,富邦-竹東,2024-07-01,9625
00637L,元大滬深300正2,44,3,41,富邦-竹東,2024-07-01,9625
2883,凱基金,38,1,37,富邦-竹東,2024-07-01,9625
2892,第一金,32,0,32,富邦-竹東,2024-07-01,9625
2313,華通,36,5,31,富邦-竹東,2024-07-01,9625
00885,富邦越南,31,0,31,富邦-竹東,2024-07-01,9625
0056,元大高股息,67,37,30,富邦-竹東,2024-07-01,9625
3490,單井,28,1,27,富邦-竹東,2024-07-01,9625
2495,普安,31,5,26,富邦-竹東,2024-07-01,9625
3205,佰研,25,0,25,富邦-竹東,2024-07-01,9625
4160,訊聯基因,27,2,25,富邦-竹東,2024-07-01,9625
1609,大亞,29,4,25,富邦-竹東,2024-07-01,9625
00881,國泰台灣5G+,24,0,24,富邦-竹東,2024-07-01,9625
4167,松瑞藥,28,4,24,富邦-竹東,2024-07-01,9625
4109,加捷生醫,21,0,21,富邦-竹東,2024-07-01,9625
00650L,復華香港正2,21,0,21,富邦-竹東,2024-07-01,9625
1514,亞力,29,9,20,富邦-竹東,2024-07-01,9625
4545,銘鈺,20,0,20,富邦-竹東,2024-07-01,9625
00934,中信成長高股息,20,0,20,富邦-竹東,2024-07-01,9625
1303,南亞,19,0,19,富邦-竹東,2024-07-01,9625
2324,仁寶,23,4,19,富邦-竹東,2024-07-01,9625
3048,益登,34,16,18,富邦-竹東,2024-07-01,9625
2615,萬海,22,5,17,富邦-竹東,2024-07-01,9625
2301,光寶科,26,9,17,富邦-竹東,2024-07-01,9625
6661,威健生技,20,3,17,富邦-竹東,2024-07-01,9625
6435,大中,17,0,17,富邦-竹東,2024-07-01,9625
00948B,中信優息投資級債,16,0,16,富邦-竹東,2024-07-01,9625
3213,茂訊,16,1,15,富邦-竹東,2024-07-01,9625
6126,信音,25,10,15,富邦-竹東,2024-07-01,9625
2317,鴻海,37,22,15,富邦-竹東,2024-07-01,9625
6505,台塑化,14,0,14,富邦-竹東,2024-07-01,9625
3231,緯創,17,3,14,富邦-竹東,2024-07-01,9625
8105,凌巨,14,0,14,富邦-竹東,2024-07-01,9625
6120,達運,16,2,14,富邦-竹東,2024-07-01,9625
2349,錸德,23,9,14,富邦-竹東,2024-07-01,9625
5426,振發,14,0,14,富邦-竹東,2024-07-01,9625
1789,神隆,14,0,14,富邦-竹東,2024-07-01,9625
5302,太欣,14,0,14,富邦-竹東,2024-07-01,9625
6127,九豪,14,0,14,富邦-竹東,2024-07-01,9625
00934,中信成長高股息,500,5,495,富邦-竹東,2024-07-02,9625
00632R,元大台灣50反1,400,20,380,富邦-竹東,2024-07-02,9625
00673R,期元大S＆P原油反1,367,0,367,富邦-竹東,2024-07-02,9625
00929,復華台灣科技優息,496,150,346,富邦-竹東,2024-07-02,9625
2887,台新金,250,0,250,富邦-竹東,2024-07-02,9625
2303,聯電,223,20,203,富邦-竹東,2024-07-02,9625
2888,新光金,150,49,101,富邦-竹東,2024-07-02,9625
2884,玉山金,99,10,89,富邦-竹東,2024-07-02,9625
2317,鴻海,111,22,89,富邦-竹東,2024-07-02,9625
00937B,群益ESG投等債20,81,2,79,富邦-竹東,2024-07-02,9625
3049,精金,65,0,65,富邦-竹東,2024-07-02,9625
00933B,國泰10Y+金融債,118,60,58,富邦-竹東,2024-07-02,9625
0056,元大高股息,104,52,52,富邦-竹東,2024-07-02,9625
1308,亞聚,51,0,51,富邦-竹東,2024-07-02,9625
2349,錸德,100,49,51,富邦-竹東,2024-07-02,9625
2408,南亞科,48,1,47,富邦-竹東,2024-07-02,9625
2890,永豐金,50,3,47,富邦-竹東,2024-07-02,9625
3062,建漢,53,7,46,富邦-竹東,2024-07-02,9625
00679B,元大美債20年,80,36,44,富邦-竹東,2024-07-02,9625
00687B,國泰20年美債,74,30,44,富邦-竹東,2024-07-02,9625
8103,瀚荃,47,4,43,富邦-竹東,2024-07-02,9625
4123,晟德,53,11,42,富邦-竹東,2024-07-02,9625
1301,台塑,47,9,38,富邦-竹東,2024-07-02,9625
3702,大聯大,37,0,37,富邦-竹東,2024-07-02,9625
2405,輔信,62,27,35,富邦-竹東,2024-07-02,9625
2002,中鋼,43,8,35,富邦-竹東,2024-07-02,9625
6285,啟��,36,3,33,富邦-竹東,2024-07-02,9625
00905,FT臺灣Smart,30,0,30,富邦-竹東,2024-07-02,9625
00725B,國泰投資級公司債,29,0,29,富邦-竹東,2024-07-02,9625
3041,揚智,28,0,28,富邦-竹東,2024-07-02,9625
5388,中磊,28,0,28,富邦-竹東,2024-07-02,9625
00946,群益科技高息成長,45,17,28,富邦-竹東,2024-07-02,9625
9105,泰金寶-DR,39,13,26,富邦-竹東,2024-07-02,9625
4160,訊聯基因,28,2,26,富邦-竹東,2024-07-02,9625
2409,友達,25,0,25,富邦-竹東,2024-07-02,9625
00650L,復華香港正2,26,2,24,富邦-竹東,2024-07-02,9625
6234,高僑,26,2,24,富邦-竹東,2024-07-02,9625
2382,廣達,26,2,24,富邦-竹東,2024-07-02,9625
3576,聯合再生,99,76,23,富邦-竹東,2024-07-02,9625
2495,普安,55,32,23,富邦-竹東,2024-07-02,9625
1326,台化,22,0,22,富邦-竹東,2024-07-02,9625
2883,凱基金,22,0,22,富邦-竹東,2024-07-02,9625
8046,南電,22,2,20,富邦-竹東,2024-07-02,9625
3372,典範,20,0,20,富邦-竹東,2024-07-02,9625
4931,新盛力,20,0,20,富邦-竹東,2024-07-02,9625
4968,立積,20,0,20,富邦-竹東,2024-07-02,9625
6216,居易,20,1,19,富邦-竹東,2024-07-02,9625
4934,太極,22,3,19,富邦-竹東,2024-07-02,9625
2324,仁寶,19,1,18,富邦-竹東,2024-07-02,9625
2449,京元電子,29,12,17,富邦-竹東,2024-07-02,9625
00680L,元大美債20正2,1010,0,1010,富邦-竹東,2024-07-03,9625
00632R,元大台灣50反1,605,0,605,富邦-竹東,2024-07-03,9625
00712,復華富時不動產,380,0,380,富邦-竹東,2024-07-03,9625
00673R,期元大S＆P原油反1,300,0,300,富邦-竹東,2024-07-03,9625
00934,中信成長高股息,257,12,245,富邦-竹東,2024-07-03,9625
2801,彰銀,130,23,107,富邦-竹東,2024-07-03,9625
2317,鴻海,104,17,87,富邦-竹東,2024-07-03,9625
2892,第一金,105,26,79,富邦-竹東,2024-07-03,9625
3686,達能,61,0,61,富邦-竹東,2024-07-03,9625
00713,元大台灣高息低波,59,0,59,富邦-竹東,2024-07-03,9625
00905,FT臺灣Smart,56,0,56,富邦-竹東,2024-07-03,9625
2303,聯電,107,64,43,富邦-竹東,2024-07-03,9625
4968,立積,47,5,42,富邦-竹東,2024-07-03,9625
00679B,元大美債20年,38,2,36,富邦-竹東,2024-07-03,9625
00946,群益科技高息成長,34,0,34,富邦-竹東,2024-07-03,9625
5498,凱崴,33,0,33,富邦-竹東,2024-07-03,9625
00948B,中信優息投資級債,32,2,30,富邦-竹東,2024-07-03,9625
00931B,統一美債20年,31,1,30,富邦-竹東,2024-07-03,9625
1609,大亞,32,5,27,富邦-竹東,2024-07-03,9625
5443,均豪,53,26,27,富邦-竹東,2024-07-03,9625
3266,昇陽,29,2,27,富邦-竹東,2024-07-03,9625
3221,台嘉碩,27,0,27,富邦-竹東,2024-07-03,9625
3481,群創,46,19,27,富邦-竹東,2024-07-03,9625
5388,中磊,26,0,26,富邦-竹東,2024-07-03,9625
2356,英業達,35,10,25,富邦-竹東,2024-07-03,9625
2515,中工,25,0,25,富邦-竹東,2024-07-03,9625
1905,華紙,32,7,25,富邦-竹東,2024-07-03,9625
00675L,富邦臺灣加權正2,25,0,25,富邦-竹東,2024-07-03,9625
6244,茂迪,43,19,24,富邦-竹東,2024-07-03,9625
00878,國泰永續高股息,30,7,23,富邦-竹東,2024-07-03,9625
9105,泰金寶-DR,24,1,23,富邦-竹東,2024-07-03,9625
3047,訊舟,252,229,23,富邦-竹東,2024-07-03,9625
2402,毅嘉,28,6,22,富邦-竹東,2024-07-03,9625
6282,康舒,39,18,21,富邦-竹東,2024-07-03,9625
2352,佳世達,21,1,20,富邦-竹東,2024-07-03,9625
3049,精金,20,0,20,富邦-竹東,2024-07-03,9625
3236,千如,20,0,20,富邦-竹東,2024-07-03,9625
5347,世界,31,12,19,富邦-竹東,2024-07-03,9625
6901,鑽石投資,20,1,19,富邦-竹東,2024-07-03,9625
5490,同亨,20,1,19,富邦-竹東,2024-07-03,9625
00937B,群益ESG投等債20,28,9,19,富邦-竹東,2024-07-03,9625
2412,中華電,19,1,18,富邦-竹東,2024-07-03,9625
2354,鴻準,22,5,17,富邦-竹東,2024-07-03,9625
4956,光鋐,20,4,16,富邦-竹東,2024-07-03,9625
5608,四維航,18,2,16,富邦-竹東,2024-07-03,9625
8277,商丞,15,0,15,富邦-竹東,2024-07-03,9625
1314,中石化,15,0,15,富邦-竹東,2024-07-03,9625
6443,元晶,125,110,15,富邦-竹東,2024-07-03,9625
3583,辛耘,17,3,14,富邦-竹東,2024-07-03,9625
3535,晶彩科,49,35,14,富邦-竹東,2024-07-03,9625
00673R,期元大S＆P原油反1,315,0,315,富邦-竹東,2024-07-04,9625
1785,光洋科,148,62,86,富邦-竹東,2024-07-04,9625
2440,太空梭,75,3,72,富邦-竹東,2024-07-04,9625
2618,長榮航,81,18,63,富邦-竹東,2024-07-04,9625
5347,世界,66,8,58,富邦-竹東,2024-07-04,9625
3535,晶彩科,57,5,52,富邦-竹東,2024-07-04,9625
1815,富喬,87,35,52,富邦-竹東,2024-07-04,9625
0056,元大高股息,57,7,50,富邦-竹東,2024-07-04,9625
00934,中信成長高股息,50,2,48,富邦-竹東,2024-07-04,9625
00632R,元大台灣50反1,47,6,41,富邦-竹東,2024-07-04,9625
00947,台新臺灣IC設計,35,2,33,富邦-竹東,2024-07-04,9625
2331,精英,30,0,30,富邦-竹東,2024-07-04,9625
2362,藍天,32,2,30,富邦-竹東,2024-07-04,9625
1709,和益,30,2,28,富邦-竹東,2024-07-04,9625
3587,閎康,28,0,28,富邦-竹東,2024-07-04,9625
2412,中華電,47,19,28,富邦-竹東,2024-07-04,9625
2371,大同,36,11,25,富邦-竹東,2024-07-04,9625
9955,佳龍,27,3,24,富邦-竹東,2024-07-04,9625
2392,正崴,26,3,23,富邦-竹東,2024-07-04,9625
6216,居易,22,0,22,富邦-竹東,2024-07-04,9625
3189,景碩,29,7,22,富邦-竹東,2024-07-04,9625
3047,訊舟,73,51,22,富邦-竹東,2024-07-04,9625
6234,高僑,22,1,21,富邦-竹東,2024-07-04,9625
1737,臺鹽,20,0,20,富邦-竹東,2024-07-04,9625
6005,群益證,20,0,20,富邦-竹東,2024-07-04,9625
00664R,國泰臺灣加權反1,20,0,20,富邦-竹東,2024-07-04,9625
00930,永豐ESG低碳高息,20,0,20,富邦-竹東,2024-07-04,9625
1529,樂事綠能,21,1,20,富邦-竹東,2024-07-04,9625
4167,松瑞藥,21,1,20,富邦-竹東,2024-07-04,9625
2367,燿華,48,28,20,富邦-竹東,2024-07-04,9625
3297,杭特,21,2,19,富邦-竹東,2024-07-04,9625
2354,鴻準,54,35,19,富邦-竹東,2024-07-04,9625
1612,宏泰,24,5,19,富邦-竹東,2024-07-04,9625
6179,亞通,20,2,18,富邦-竹東,2024-07-04,9625
4526,東台,29,11,18,富邦-竹東,2024-07-04,9625
1409,新纖,42,24,18,富邦-竹東,2024-07-04,9625
8277,商丞,21,3,18,富邦-竹東,2024-07-04,9625
00936,台新永續高息中小,19,2,17,富邦-竹東,2024-07-04,9625
00937B,群益ESG投等債20,26,9,17,富邦-竹東,2024-07-04,9625
2606,裕民,16,0,16,富邦-竹東,2024-07-04,9625
8358,金居,25,9,16,富邦-竹東,2024-07-04,9625
2349,錸德,19,3,16,富邦-竹東,2024-07-04,9625
2359,所羅門,33,18,15,富邦-竹東,2024-07-04,9625
3576,聯合再生,26,12,14,富邦-竹東,2024-07-04,9625
6163,華電網,19,5,14,富邦-竹東,2024-07-04,9625
00946,群益科技高息成長,16,2,14,富邦-竹東,2024-07-04,9625
6147,頎邦,14,1,13,富邦-竹東,2024-07-04,9625
3581,博磊,12,0,12,富邦-竹東,2024-07-04,9625
00905,FT臺灣Smart,12,0,12,富邦-竹東,2024-07-04,9625
6290,良維,16,4,12,富邦-竹東,2024-07-04,9625
2323,中環,627,30,597,富邦-竹東,2024-07-05,9625
00673R,期元大S＆P原油反1,310,0,310,富邦-竹東,2024-07-05,9625
2888,新光金,229,45,184,富邦-竹東,2024-07-05,9625
2883,凱基金,207,31,176,富邦-竹東,2024-07-05,9625
00680L,元大美債20正2,156,0,156,富邦-竹東,2024-07-05,9625
2367,燿華,219,99,120,富邦-竹東,2024-07-05,9625
2609,陽明,128,17,111,富邦-竹東,2024-07-05,9625
2374,佳能,159,68,91,富邦-竹東,2024-07-05,9625
00934,中信成長高股息,81,5,76,富邦-竹東,2024-07-05,9625
4534,慶騰,61,1,60,富邦-竹東,2024-07-05,9625
2349,錸德,64,4,60,富邦-竹東,2024-07-05,9625
2363,矽統,115,63,52,富邦-竹東,2024-07-05,9625
00946,群益科技高息成長,51,0,51,富邦-竹東,2024-07-05,9625
00929,復華台灣科技優息,51,3,48,富邦-竹東,2024-07-05,9625
00919,群益台灣精選高息,53,7,46,富邦-竹東,2024-07-05,9625
00936,台新永續高息中小,41,0,41,富邦-竹東,2024-07-05,9625
3048,益登,63,22,41,富邦-竹東,2024-07-05,9625
2002,中鋼,41,3,38,富邦-竹東,2024-07-05,9625
3047,訊舟,72,36,36,富邦-竹東,2024-07-05,9625
5347,世界,52,17,35,富邦-竹東,2024-07-05,9625
00637L,元大滬深300正2,68,35,33,富邦-竹東,2024-07-05,9625
2312,金寶,36,3,33,富邦-竹東,2024-07-05,9625
1789,神隆,32,0,32,富邦-竹東,2024-07-05,9625
912000,晨訊科-DR,30,0,30,富邦-竹東,2024-07-05,9625
00905,FT臺灣Smart,28,0,28,富邦-竹東,2024-07-05,9625
3356,奇偶,28,0,28,富邦-竹東,2024-07-05,9625
6416,瑞祺電通,25,0,25,富邦-竹東,2024-07-05,9625
00687B,國泰20年美債,25,0,25,富邦-竹東,2024-07-05,9625
2618,長榮航,142,118,24,富邦-竹東,2024-07-05,9625
2887,台新金,31,8,23,富邦-竹東,2024-07-05,9625
00679B,元大美債20年,27,5,22,富邦-竹東,2024-07-05,9625
0056,元大高股息,26,5,21,富邦-竹東,2024-07-05,9625
6143,振曜,21,0,21,富邦-竹東,2024-07-05,9625
6153,嘉聯益,27,6,21,富邦-竹東,2024-07-05,9625
3580,友威科,49,29,20,富邦-竹東,2024-07-05,9625
6706,惠特,22,3,19,富邦-竹東,2024-07-05,9625
2356,英業達,89,70,19,富邦-竹東,2024-07-05,9625
8071,能率網通,28,9,19,富邦-竹東,2024-07-05,9625
3049,精金,21,2,19,富邦-竹東,2024-07-05,9625
00937B,群益ESG投等債20,49,31,18,富邦-竹東,2024-07-05,9625
2328,廣宇,31,13,18,富邦-竹東,2024-07-05,9625
1597,直得,21,3,18,富邦-竹東,2024-07-05,9625
1618,合機,43,26,17,富邦-竹東,2024-07-05,9625
2329,華泰,23,6,17,富邦-竹東,2024-07-05,9625
6282,康舒,28,11,17,富邦-竹東,2024-07-05,9625
00930,永豐ESG低碳高息,16,0,16,富邦-竹東,2024-07-05,9625
1326,台化,18,2,16,富邦-竹東,2024-07-05,9625
00915,凱基優選高股息30,16,0,16,富邦-竹東,2024-07-05,9625
3231,緯創,72,56,16,富邦-竹東,2024-07-05,9625
2603,長榮,17,2,15,富邦-竹東,2024-07-05,9625
00671R,富邦NASDAQ反1,336,0,336,富邦-竹東,2024-07-08,9625
00673R,期元大S＆P原油反1,300,0,300,富邦-竹東,2024-07-08,9625
00929,復華台灣科技優息,310,16,294,富邦-竹東,2024-07-08,9625
00937B,群益ESG投等債20,282,1,281,富邦-竹東,2024-07-08,9625
2323,中環,239,12,227,富邦-竹東,2024-07-08,9625
0056,元大高股息,141,3,138,富邦-竹東,2024-07-08,9625
2606,裕民,142,5,137,富邦-竹東,2024-07-08,9625
00939,統一台灣高息動能,105,7,98,富邦-竹東,2024-07-08,9625
00936,台新永續高息中小,79,2,77,富邦-竹東,2024-07-08,9625
2374,佳能,93,28,65,富邦-竹東,2024-07-08,9625
2365,昆盈,171,108,63,富邦-竹東,2024-07-08,9625
2354,鴻準,80,23,57,富邦-竹東,2024-07-08,9625
3312,弘憶股,63,8,55,富邦-竹東,2024-07-08,9625
5328,華容,75,22,53,富邦-竹東,2024-07-08,9625
6126,信音,59,7,52,富邦-竹東,2024-07-08,9625
3062,建漢,76,29,47,富邦-竹東,2024-07-08,9625
2609,陽明,87,42,45,富邦-竹東,2024-07-08,9625
2427,三商電,59,16,43,富邦-竹東,2024-07-08,9625
2618,長榮航,50,9,41,富邦-竹東,2024-07-08,9625
00915,凱基優選高股息30,41,5,36,富邦-竹東,2024-07-08,9625
2408,南亞科,38,4,34,富邦-竹東,2024-07-08,9625
6269,台郡,33,1,32,富邦-竹東,2024-07-08,9625
00934,中信成長高股息,30,0,30,富邦-竹東,2024-07-08,9625
1522,堤維西,30,1,29,富邦-竹東,2024-07-08,9625
6217,中探針,30,2,28,富邦-竹東,2024-07-08,9625
00713,元大台灣高息低波,27,0,27,富邦-竹東,2024-07-08,9625
2543,皇昌,31,4,27,富邦-竹東,2024-07-08,9625
3715,定穎投控,27,2,25,富邦-竹東,2024-07-08,9625
00712,復華富時不動產,24,0,24,富邦-竹東,2024-07-08,9625
1808,潤隆,23,0,23,富邦-竹東,2024-07-08,9625
1815,富喬,35,12,23,富邦-竹東,2024-07-08,9625
5392,能率,37,14,23,富邦-竹東,2024-07-08,9625
00946,群益科技高息成長,32,11,21,富邦-竹東,2024-07-08,9625
4916,事欣科,21,0,21,富邦-竹東,2024-07-08,9625
5443,均豪,46,25,21,富邦-竹東,2024-07-08,9625
2002,中鋼,43,23,20,富邦-竹東,2024-07-08,9625
4968,立積,23,3,20,富邦-竹東,2024-07-08,9625
3019,亞光,26,6,20,富邦-竹東,2024-07-08,9625
6191,精成科,20,0,20,富邦-竹東,2024-07-08,9625
3535,晶彩科,252,232,20,富邦-竹東,2024-07-08,9625
6213,聯茂,21,1,20,富邦-竹東,2024-07-08,9625
00927,群益半導體收益,20,1,19,富邦-竹東,2024-07-08,9625
5230,雷笛克光學,19,0,19,富邦-竹東,2024-07-08,9625
6153,嘉聯益,39,20,19,富邦-竹東,2024-07-08,9625
00881,國泰台灣5G+,18,0,18,富邦-竹東,2024-07-08,9625
2834,臺企銀,29,11,18,富邦-竹東,2024-07-08,9625
2603,長榮,38,20,18,富邦-竹東,2024-07-08,9625
4906,正文,43,26,17,富邦-竹東,2024-07-08,9625
2363,矽統,52,35,17,富邦-竹東,2024-07-08,9625
3576,聯合再生,20,3,17,富邦-竹東,2024-07-08,9625
2834,臺企銀,361,41,320,富邦-竹東,2024-07-09,9625
2888,新光金,432,156,276,富邦-竹東,2024-07-09,9625
00937B,群益ESG投等債20,214,46,168,富邦-竹東,2024-07-09,9625
2367,燿華,347,184,163,富邦-竹東,2024-07-09,9625
2312,金寶,280,130,150,富邦-竹東,2024-07-09,9625
8105,凌巨,184,34,150,富邦-竹東,2024-07-09,9625
00929,復華台灣科技優息,193,56,137,富邦-竹東,2024-07-09,9625
00934,中信成長高股息,132,0,132,富邦-竹東,2024-07-09,9625
00712,復華富時不動產,118,1,117,富邦-竹東,2024-07-09,9625
00665L,富邦�琤肭磪囓�2,112,7,105,富邦-竹東,2024-07-09,9625
3686,達能,100,2,98,富邦-竹東,2024-07-09,9625
6152,百一,100,5,95,富邦-竹東,2024-07-09,9625
2408,南亞科,72,2,70,富邦-竹東,2024-07-09,9625
9105,泰金寶-DR,230,165,65,富邦-竹東,2024-07-09,9625
00878,國泰永續高股息,65,12,53,富邦-竹東,2024-07-09,9625
6191,精成科,52,2,50,富邦-竹東,2024-07-09,9625
3047,訊舟,112,63,49,富邦-竹東,2024-07-09,9625
5328,華容,52,4,48,富邦-竹東,2024-07-09,9625
8383,千附,46,0,46,富邦-竹東,2024-07-09,9625
6770,力積電,56,12,44,富邦-竹東,2024-07-09,9625
4157,太景*-KY,40,0,40,富邦-竹東,2024-07-09,9625
00905,FT臺灣Smart,40,0,40,富邦-竹東,2024-07-09,9625
5371,中光電,47,7,40,富邦-竹東,2024-07-09,9625
00922,國泰台灣領袖50,39,0,39,富邦-竹東,2024-07-09,9625
2609,陽明,78,40,38,富邦-竹東,2024-07-09,9625
2618,長榮航,40,3,37,富邦-竹東,2024-07-09,9625
00904,新光臺灣半導體30,37,0,37,富邦-竹東,2024-07-09,9625
1528,恩德,35,0,35,富邦-竹東,2024-07-09,9625
3588,通嘉,34,1,33,富邦-竹東,2024-07-09,9625
3050,鈺德,39,7,32,富邦-竹東,2024-07-09,9625
2002,中鋼,33,1,32,富邦-竹東,2024-07-09,9625
2520,冠德,31,1,30,富邦-竹東,2024-07-09,9625
1326,台化,51,22,29,富邦-竹東,2024-07-09,9625
1418,東華,29,0,29,富邦-竹東,2024-07-09,9625
2317,鴻海,118,89,29,富邦-竹東,2024-07-09,9625
3062,建漢,65,37,28,富邦-竹東,2024-07-09,9625
2344,華邦電,30,2,28,富邦-竹東,2024-07-09,9625
3372,典範,30,3,27,富邦-竹東,2024-07-09,9625
4167,松瑞藥,27,0,27,富邦-竹東,2024-07-09,9625
6269,台郡,25,0,25,富邦-竹東,2024-07-09,9625
2449,京元電子,47,23,24,富邦-竹東,2024-07-09,9625
1815,富喬,28,4,24,富邦-竹東,2024-07-09,9625
6573,虹揚-KY,30,6,24,富邦-竹東,2024-07-09,9625
4533,協易機,32,8,24,富邦-竹東,2024-07-09,9625
00927,群益半導體收益,23,1,22,富邦-竹東,2024-07-09,9625
2412,中華電,21,0,21,富邦-竹東,2024-07-09,9625
00915,凱基優選高股息30,21,0,21,富邦-竹東,2024-07-09,9625
2542,興富發,21,0,21,富邦-竹東,2024-07-09,9625
6005,群益證,21,0,21,富邦-竹東,2024-07-09,9625
1611,中電,20,0,20,富邦-竹東,2024-07-09,9625
00665L,富邦�琤肭磪囓�2,300,123,177,富邦-竹東,2024-07-10,9625
5328,華容,153,15,138,富邦-竹東,2024-07-10,9625
2392,正崴,156,38,118,富邦-竹東,2024-07-10,9625
00929,復華台灣科技優息,194,81,113,富邦-竹東,2024-07-10,9625
00712,復華富時不動產,113,12,101,富邦-竹東,2024-07-10,9625
2367,燿華,122,30,92,富邦-竹東,2024-07-10,9625
2312,金寶,101,35,66,富邦-竹東,2024-07-10,9625
2353,宏��,95,33,62,富邦-竹東,2024-07-10,9625
2609,陽明,77,28,49,富邦-竹東,2024-07-10,9625
00934,中信成長高股息,46,0,46,富邦-竹東,2024-07-10,9625
00713,元大台灣高息低波,46,0,46,富邦-竹東,2024-07-10,9625
2408,南亞科,47,5,42,富邦-竹東,2024-07-10,9625
00946,群益科技高息成長,40,0,40,富邦-竹東,2024-07-10,9625
6166,凌華,40,0,40,富邦-竹東,2024-07-10,9625
3062,建漢,44,10,34,富邦-竹東,2024-07-10,9625
3481,群創,53,20,33,富邦-竹東,2024-07-10,9625
6770,力積電,35,3,32,富邦-竹東,2024-07-10,9625
2303,聯電,60,30,30,富邦-竹東,2024-07-10,9625
3588,通嘉,29,0,29,富邦-竹東,2024-07-10,9625
3048,益登,39,11,28,富邦-竹東,2024-07-10,9625
2489,瑞軒,83,57,26,富邦-竹東,2024-07-10,9625
4167,松瑞藥,26,0,26,富邦-竹東,2024-07-10,9625
2606,裕民,24,0,24,富邦-竹東,2024-07-10,9625
2405,輔信,45,21,24,富邦-竹東,2024-07-10,9625
1536,和大,42,18,24,富邦-竹東,2024-07-10,9625
1618,合機,45,21,24,富邦-竹東,2024-07-10,9625
2002,中鋼,36,13,23,富邦-竹東,2024-07-10,9625
4976,佳凌,27,4,23,富邦-竹東,2024-07-10,9625
1605,華新,30,8,22,富邦-竹東,2024-07-10,9625
6218,豪勉,24,3,21,富邦-竹東,2024-07-10,9625
6550,北極星藥業-KY,20,0,20,富邦-竹東,2024-07-10,9625
2603,長榮,25,6,19,富邦-竹東,2024-07-10,9625
3037,欣興,21,2,19,富邦-竹東,2024-07-10,9625
00687B,國泰20年美債,22,3,19,富邦-竹東,2024-07-10,9625
2406,國碩,52,33,19,富邦-竹東,2024-07-10,9625
1785,光洋科,62,43,19,富邦-竹東,2024-07-10,9625
2634,漢翔,20,2,18,富邦-竹東,2024-07-10,9625
2317,鴻海,42,25,17,富邦-竹東,2024-07-10,9625
3034,聯詠,17,0,17,富邦-竹東,2024-07-10,9625
2834,臺企銀,37,20,17,富邦-竹東,2024-07-10,9625
4904,遠傳,17,0,17,富邦-竹東,2024-07-10,9625
1608,華榮,20,4,16,富邦-竹東,2024-07-10,9625
8011,台通,18,2,16,富邦-竹東,2024-07-10,9625
6617,共信-KY,17,1,16,富邦-竹東,2024-07-10,9625
00936,台新永續高息中小,15,0,15,富邦-竹東,2024-07-10,9625
2344,華邦電,15,0,15,富邦-竹東,2024-07-10,9625
3413,京鼎,14,0,14,富邦-竹東,2024-07-10,9625
1809,中釉,30,17,13,富邦-竹東,2024-07-10,9625
2867,三商壽,17,4,13,富邦-竹東,2024-07-10,9625
5351,鈺創,13,0,13,富邦-竹東,2024-07-10,9625
1326,台化,182,1,181,富邦-竹東,2024-07-11,9625
8421,旭源,150,0,150,富邦-竹東,2024-07-11,9625
00934,中信成長高股息,122,5,117,富邦-竹東,2024-07-11,9625
1785,光洋科,143,40,103,富邦-竹東,2024-07-11,9625
2010,春源,100,0,100,富邦-竹東,2024-07-11,9625
2867,三商壽,99,12,87,富邦-竹東,2024-07-11,9625
1605,華新,94,7,87,富邦-竹東,2024-07-11,9625
2464,盟立,114,31,83,富邦-竹東,2024-07-11,9625
00940,元大台灣價值高息,112,33,79,富邦-竹東,2024-07-11,9625
00937B,群益ESG投等債20,83,16,67,富邦-竹東,2024-07-11,9625
00936,台新永續高息中小,60,0,60,富邦-竹東,2024-07-11,9625
6126,信音,82,24,58,富邦-竹東,2024-07-11,9625
5328,華容,51,0,51,富邦-竹東,2024-07-11,9625
0056,元大高股息,46,5,41,富邦-竹東,2024-07-11,9625
2365,昆盈,203,163,40,富邦-竹東,2024-07-11,9625
2886,兆豐金,34,0,34,富邦-竹東,2024-07-11,9625
3048,益登,121,89,32,富邦-竹東,2024-07-11,9625
2392,正崴,69,37,32,富邦-竹東,2024-07-11,9625
2618,長榮航,40,10,30,富邦-竹東,2024-07-11,9625
3379,彬台,46,17,29,富邦-竹東,2024-07-11,9625
3062,建漢,66,40,26,富邦-竹東,2024-07-11,9625
4968,立積,33,8,25,富邦-竹東,2024-07-11,9625
4977,眾達-KY,30,5,25,富邦-竹東,2024-07-11,9625
2606,裕民,26,1,25,富邦-竹東,2024-07-11,9625
4956,光鋐,30,6,24,富邦-竹東,2024-07-11,9625
00679B,元大美債20年,29,6,23,富邦-竹東,2024-07-11,9625
2371,大同,36,13,23,富邦-竹東,2024-07-11,9625
6179,亞通,23,1,22,富邦-竹東,2024-07-11,9625
2382,廣達,24,3,21,富邦-竹東,2024-07-11,9625
2367,燿華,85,64,21,富邦-竹東,2024-07-11,9625
2354,鴻準,51,30,21,富邦-竹東,2024-07-11,9625
1514,亞力,75,54,21,富邦-竹東,2024-07-11,9625
2317,鴻海,39,18,21,富邦-竹東,2024-07-11,9625
3372,典範,30,10,20,富邦-竹東,2024-07-11,9625
3024,憶聲,20,0,20,富邦-竹東,2024-07-11,9625
1714,和桐,20,0,20,富邦-竹東,2024-07-11,9625
3297,杭特,20,0,20,富邦-竹東,2024-07-11,9625
3576,聯合再生,25,8,17,富邦-竹東,2024-07-11,9625
2374,佳能,21,4,17,富邦-竹東,2024-07-11,9625
3450,聯鈞,46,30,16,富邦-竹東,2024-07-11,9625
00878,國泰永續高股息,30,15,15,富邦-竹東,2024-07-11,9625
6462,神盾,32,17,15,富邦-竹東,2024-07-11,9625
3356,奇偶,15,0,15,富邦-竹東,2024-07-11,9625
8046,南電,17,2,15,富邦-竹東,2024-07-11,9625
3050,鈺德,17,2,15,富邦-竹東,2024-07-11,9625
2492,華新科,27,12,15,富邦-竹東,2024-07-11,9625
2405,輔信,29,15,14,富邦-竹東,2024-07-11,9625
4979,華星光,16,2,14,富邦-竹東,2024-07-11,9625
5309,系統電,17,3,14,富邦-竹東,2024-07-11,9625
2301,光寶科,20,7,13,富邦-竹東,2024-07-11,9625
00632R,元大台灣50反1,701,0,701,富邦-竹東,2024-07-12,9625
00929,復華台灣科技優息,612,178,434,富邦-竹東,2024-07-12,9625
00934,中信成長高股息,208,2,206,富邦-竹東,2024-07-12,9625
00679B,元大美債20年,183,1,182,富邦-竹東,2024-07-12,9625
00919,群益台灣精選高息,249,70,179,富邦-竹東,2024-07-12,9625
00905,FT臺灣Smart,125,0,125,富邦-竹東,2024-07-12,9625
9945,潤泰新,122,14,108,富邦-竹東,2024-07-12,9625
2317,鴻海,157,57,100,富邦-竹東,2024-07-12,9625
00688L,國泰20年美債正2,100,2,98,富邦-竹東,2024-07-12,9625
00687B,國泰20年美債,102,5,97,富邦-竹東,2024-07-12,9625
2303,聯電,113,16,97,富邦-竹東,2024-07-12,9625
00946,群益科技高息成長,110,20,90,富邦-竹東,2024-07-12,9625
3576,聯合再生,78,4,74,富邦-竹東,2024-07-12,9625
00680L,元大美債20正2,82,9,73,富邦-竹東,2024-07-12,9625
4533,協易機,70,3,67,富邦-竹東,2024-07-12,9625
00937B,群益ESG投等債20,83,31,52,富邦-竹東,2024-07-12,9625
00655L,國泰中國A50正2,50,0,50,富邦-竹東,2024-07-12,9625
2330,台積電,47,5,42,富邦-竹東,2024-07-12,9625
00927,群益半導體收益,40,0,40,富邦-竹東,2024-07-12,9625
2816,旺旺保,40,0,40,富邦-竹東,2024-07-12,9625
2543,皇昌,35,0,35,富邦-竹東,2024-07-12,9625
2313,華通,48,16,32,富邦-竹東,2024-07-12,9625
3231,緯創,32,3,29,富邦-竹東,2024-07-12,9625
6120,達運,27,0,27,富邦-竹東,2024-07-12,9625
1785,光洋科,35,9,26,富邦-竹東,2024-07-12,9625
2883,凱基金,34,8,26,富邦-竹東,2024-07-12,9625
3013,晟銘電,40,14,26,富邦-竹東,2024-07-12,9625
3050,鈺德,26,0,26,富邦-竹東,2024-07-12,9625
2374,佳能,29,3,26,富邦-竹東,2024-07-12,9625
00904,新光臺灣半導體30,21,0,21,富邦-竹東,2024-07-12,9625
00935,野村臺灣新科技50,24,3,21,富邦-竹東,2024-07-12,9625
5309,系統電,24,4,20,富邦-竹東,2024-07-12,9625
1227,佳格,20,0,20,富邦-竹東,2024-07-12,9625
6661,威健生技,20,0,20,富邦-竹東,2024-07-12,9625
1905,華紙,20,0,20,富邦-竹東,2024-07-12,9625
00740B,富邦全球投等債,20,0,20,富邦-竹東,2024-07-12,9625
2881,富邦金,25,5,20,富邦-竹東,2024-07-12,9625
00881,國泰台灣5G+,36,17,19,富邦-竹東,2024-07-12,9625
00918,大華優利高填息30,23,5,18,富邦-竹東,2024-07-12,9625
2609,陽明,30,12,18,富邦-竹東,2024-07-12,9625
1316,上曜,77,60,17,富邦-竹東,2024-07-12,9625
2340,台亞,22,5,17,富邦-竹東,2024-07-12,9625
9955,佳龍,31,14,17,富邦-竹東,2024-07-12,9625
1301,台塑,17,1,16,富邦-竹東,2024-07-12,9625
6770,力積電,34,19,15,富邦-竹東,2024-07-12,9625
3312,弘憶股,25,10,15,富邦-竹東,2024-07-12,9625
2241,艾姆勒,17,2,15,富邦-竹東,2024-07-12,9625
6005,群益證,14,0,14,富邦-竹東,2024-07-12,9625
00936,台新永續高息中小,13,0,13,富邦-竹東,2024-07-12,9625
3707,漢磊,13,0,13,富邦-竹東,2024-07-12,9625
00929,復華台灣科技優息,409,26,383,富邦-竹東,2024-07-15,9625
00882,中信中國高股息,218,0,218,富邦-竹東,2024-07-15,9625
2888,新光金,233,35,198,富邦-竹東,2024-07-15,9625
00632R,元大台灣50反1,111,0,111,富邦-竹東,2024-07-15,9625
00934,中信成長高股息,141,35,106,富邦-竹東,2024-07-15,9625
00665L,富邦�琤肭磪囓�2,100,7,93,富邦-竹東,2024-07-15,9625
2891,中信金,88,2,86,富邦-竹東,2024-07-15,9625
9945,潤泰新,84,0,84,富邦-竹東,2024-07-15,9625
3019,亞光,91,15,76,富邦-竹東,2024-07-15,9625
0056,元大高股息,130,55,75,富邦-竹東,2024-07-15,9625
2409,友達,84,12,72,富邦-竹東,2024-07-15,9625
2312,金寶,192,127,65,富邦-竹東,2024-07-15,9625
00680L,元大美債20正2,63,0,63,富邦-竹東,2024-07-15,9625
00671R,富邦NASDAQ反1,60,0,60,富邦-竹東,2024-07-15,9625
00937B,群益ESG投等債20,70,11,59,富邦-竹東,2024-07-15,9625
2356,英業達,104,47,57,富邦-竹東,2024-07-15,9625
00675L,富邦臺灣加權正2,53,0,53,富邦-竹東,2024-07-15,9625
8105,凌巨,57,6,51,富邦-竹東,2024-07-15,9625
6770,力積電,55,6,49,富邦-竹東,2024-07-15,9625
9105,泰金寶-DR,55,10,45,富邦-竹東,2024-07-15,9625
8421,旭源,45,0,45,富邦-竹東,2024-07-15,9625
1608,華榮,66,24,42,富邦-竹東,2024-07-15,9625
00679B,元大美債20年,61,20,41,富邦-竹東,2024-07-15,9625
00919,群益台灣精選高息,50,10,40,富邦-竹東,2024-07-15,9625
4155,訊映,40,2,38,富邦-竹東,2024-07-15,9625
6005,群益證,34,0,34,富邦-竹東,2024-07-15,9625
00918,大華優利高填息30,33,0,33,富邦-竹東,2024-07-15,9625
00687B,國泰20年美債,33,0,33,富邦-竹東,2024-07-15,9625
6116,彩晶,32,0,32,富邦-竹東,2024-07-15,9625
1618,合機,34,2,32,富邦-竹東,2024-07-15,9625
3689,湧德,36,5,31,富邦-竹東,2024-07-15,9625
3312,弘憶股,32,1,31,富邦-竹東,2024-07-15,9625
00740B,富邦全球投等債,30,0,30,富邦-竹東,2024-07-15,9625
6156,松上,28,0,28,富邦-竹東,2024-07-15,9625
2883,凱基金,42,15,27,富邦-竹東,2024-07-15,9625
8011,台通,30,4,26,富邦-竹東,2024-07-15,9625
00927,群益半導體收益,25,0,25,富邦-竹東,2024-07-15,9625
5521,工信,25,0,25,富邦-竹東,2024-07-15,9625
2408,南亞科,27,2,25,富邦-竹東,2024-07-15,9625
2324,仁寶,37,13,24,富邦-竹東,2024-07-15,9625
00725B,國泰投資級公司債,23,0,23,富邦-竹東,2024-07-15,9625
00933B,國泰10Y+金融債,18,1,17,富邦-竹東,2024-07-15,9625
6530,創威,23,6,17,富邦-竹東,2024-07-15,9625
3231,緯創,23,8,15,富邦-竹東,2024-07-15,9625
8103,瀚荃,16,1,15,富邦-竹東,2024-07-15,9625
6152,百一,16,1,15,富邦-竹東,2024-07-15,9625
2610,華航,17,2,15,富邦-竹東,2024-07-15,9625
8255,朋程,14,0,14,富邦-竹東,2024-07-15,9625
4960,誠美材,15,1,14,富邦-竹東,2024-07-15,9625
2332,友訊,22,8,14,富邦-竹東,2024-07-15,9625
00665L,富邦�琤肭磪囓�2,600,0,600,富邦-竹東,2024-07-16,9625
00929,復華台灣科技優息,183,81,102,富邦-竹東,2024-07-16,9625
00905,FT臺灣Smart,104,10,94,富邦-竹東,2024-07-16,9625
00940,元大台灣價值高息,114,22,92,富邦-竹東,2024-07-16,9625
00679B,元大美債20年,88,0,88,富邦-竹東,2024-07-16,9625
9904,寶成,80,0,80,富邦-竹東,2024-07-16,9625
0056,元大高股息,75,8,67,富邦-竹東,2024-07-16,9625
2888,新光金,91,31,60,富邦-竹東,2024-07-16,9625
00919,群益台灣精選高息,82,22,60,富邦-竹東,2024-07-16,9625
2303,聯電,61,10,51,富邦-竹東,2024-07-16,9625
2010,春源,50,0,50,富邦-竹東,2024-07-16,9625
00949,復華日本龍頭,53,3,50,富邦-竹東,2024-07-16,9625
2103,台橡,50,2,48,富邦-竹東,2024-07-16,9625
3580,友威科,42,0,42,富邦-竹東,2024-07-16,9625
00878,國泰永續高股息,45,7,38,富邦-竹東,2024-07-16,9625
1316,上曜,53,17,36,富邦-竹東,2024-07-16,9625
2023,燁輝,31,0,31,富邦-竹東,2024-07-16,9625
00909,國泰數位支付服務,30,0,30,富邦-竹東,2024-07-16,9625
2406,國碩,30,0,30,富邦-竹東,2024-07-16,9625
4109,加捷生醫,33,7,26,富邦-竹東,2024-07-16,9625
00725B,國泰投資級公司債,25,0,25,富邦-竹東,2024-07-16,9625
5328,華容,26,1,25,富邦-竹東,2024-07-16,9625
00687B,國泰20年美債,41,16,25,富邦-竹東,2024-07-16,9625
00933B,國泰10Y+金融債,25,0,25,富邦-竹東,2024-07-16,9625
2881,富邦金,31,6,25,富邦-竹東,2024-07-16,9625
4960,誠美材,35,12,23,富邦-竹東,2024-07-16,9625
8099,大世科,23,0,23,富邦-竹東,2024-07-16,9625
2356,英業達,31,9,22,富邦-竹東,2024-07-16,9625
2834,臺企銀,24,3,21,富邦-竹東,2024-07-16,9625
4123,晟德,20,0,20,富邦-竹東,2024-07-16,9625
8011,台通,51,31,20,富邦-竹東,2024-07-16,9625
9105,泰金寶-DR,20,0,20,富邦-竹東,2024-07-16,9625
00720B,元大投資級公司債,23,3,20,富邦-竹東,2024-07-16,9625
3019,亞光,39,19,20,富邦-竹東,2024-07-16,9625
2317,鴻海,60,40,20,富邦-竹東,2024-07-16,9625
1568,倉佑,24,5,19,富邦-竹東,2024-07-16,9625
2495,普安,19,0,19,富邦-竹東,2024-07-16,9625
1471,首利,19,0,19,富邦-竹東,2024-07-16,9625
00934,中信成長高股息,39,21,18,富邦-竹東,2024-07-16,9625
6530,創威,18,0,18,富邦-竹東,2024-07-16,9625
1514,亞力,27,9,18,富邦-竹東,2024-07-16,9625
2867,三商壽,28,11,17,富邦-竹東,2024-07-16,9625
4534,慶騰,17,0,17,富邦-竹東,2024-07-16,9625
6770,力積電,19,2,17,富邦-竹東,2024-07-16,9625
3374,精材,26,10,16,富邦-竹東,2024-07-16,9625
2478,大毅,16,0,16,富邦-竹東,2024-07-16,9625
6695,芯鼎,36,21,15,富邦-竹東,2024-07-16,9625
4956,光鋐,17,2,15,富邦-竹東,2024-07-16,9625
6788,華景電,15,0,15,富邦-竹東,2024-07-16,9625
2883,凱基金,16,1,15,富邦-竹東,2024-07-16,9625
00937B,群益ESG投等債20,354,89,265,富邦-竹東,2024-07-17,9625
00929,復華台灣科技優息,309,51,258,富邦-竹東,2024-07-17,9625
00680L,元大美債20正2,210,37,173,富邦-竹東,2024-07-17,9625
4906,正文,133,3,130,富邦-竹東,2024-07-17,9625
00946,群益科技高息成長,125,0,125,富邦-竹東,2024-07-17,9625
00919,群益台灣精選高息,108,5,103,富邦-竹東,2024-07-17,9625
00878,國泰永續高股息,98,0,98,富邦-竹東,2024-07-17,9625
2002,中鋼,101,14,87,富邦-竹東,2024-07-17,9625
6770,力積電,131,45,86,富邦-竹東,2024-07-17,9625
2537,聯上發,207,123,84,富邦-竹東,2024-07-17,9625
00918,大華優利高填息30,83,0,83,富邦-竹東,2024-07-17,9625
2408,南亞科,77,0,77,富邦-竹東,2024-07-17,9625
2812,台中銀,60,0,60,富邦-竹東,2024-07-17,9625
00927,群益半導體收益,55,0,55,富邦-竹東,2024-07-17,9625
0056,元大高股息,55,3,52,富邦-竹東,2024-07-17,9625
2399,映泰,80,30,50,富邦-竹東,2024-07-17,9625
3673,TPK-KY,47,4,43,富邦-竹東,2024-07-17,9625
2489,瑞軒,77,38,39,富邦-竹東,2024-07-17,9625
2641,正德,38,0,38,富邦-竹東,2024-07-17,9625
00725B,國泰投資級公司債,35,0,35,富邦-竹東,2024-07-17,9625
2330,台積電,40,7,33,富邦-竹東,2024-07-17,9625
3033,威健,33,0,33,富邦-竹東,2024-07-17,9625
3049,精金,32,0,32,富邦-竹東,2024-07-17,9625
3231,緯創,48,16,32,富邦-竹東,2024-07-17,9625
00936,台新永續高息中小,46,15,31,富邦-竹東,2024-07-17,9625
2201,裕隆,31,0,31,富邦-竹東,2024-07-17,9625
2352,佳世達,34,3,31,富邦-竹東,2024-07-17,9625
9919,康那香,30,0,30,富邦-竹東,2024-07-17,9625
1909,榮成,30,0,30,富邦-竹東,2024-07-17,9625
3024,憶聲,30,0,30,富邦-竹東,2024-07-17,9625
4967,十銓,35,5,30,富邦-竹東,2024-07-17,9625
1609,大亞,152,122,30,富邦-竹東,2024-07-17,9625
8096,擎亞,31,1,30,富邦-竹東,2024-07-17,9625
00679B,元大美債20年,28,2,26,富邦-竹東,2024-07-17,9625
3048,益登,29,5,24,富邦-竹東,2024-07-17,9625
6155,鈞寶,26,2,24,富邦-竹東,2024-07-17,9625
4533,協易機,32,9,23,富邦-竹東,2024-07-17,9625
4566,時碩工業,24,2,22,富邦-竹東,2024-07-17,9625
2374,佳能,22,0,22,富邦-竹東,2024-07-17,9625
3019,亞光,25,4,21,富邦-竹東,2024-07-17,9625
2449,京元電子,22,1,21,富邦-竹東,2024-07-17,9625
2801,彰銀,20,0,20,富邦-竹東,2024-07-17,9625
1409,新纖,20,1,19,富邦-竹東,2024-07-17,9625
6170,統振,19,0,19,富邦-竹東,2024-07-17,9625
2401,凌陽,21,2,19,富邦-竹東,2024-07-17,9625
3605,宏致,20,2,18,富邦-竹東,2024-07-17,9625
00935,野村臺灣新科技50,18,0,18,富邦-竹東,2024-07-17,9625
4526,東台,28,10,18,富邦-竹東,2024-07-17,9625
2356,英業達,32,15,17,富邦-竹東,2024-07-17,9625
3576,聯合再生,16,0,16,富邦-竹東,2024-07-17,9625
00919,群益台灣精選高息,403,21,382,富邦-竹東,2024-07-18,9625
1314,中石化,155,1,154,富邦-竹東,2024-07-18,9625
3264,欣銓,149,0,149,富邦-竹東,2024-07-18,9625
00929,復華台灣科技優息,327,189,138,富邦-竹東,2024-07-18,9625
0056,元大高股息,134,4,130,富邦-竹東,2024-07-18,9625
00933B,國泰10Y+金融債,129,13,116,富邦-竹東,2024-07-18,9625
2317,鴻海,140,33,107,富邦-竹東,2024-07-18,9625
3481,群創,154,57,97,富邦-竹東,2024-07-18,9625
00940,元大台灣價值高息,169,84,85,富邦-竹東,2024-07-18,9625
2356,英業達,74,14,60,富邦-竹東,2024-07-18,9625
00946,群益科技高息成長,101,45,56,富邦-竹東,2024-07-18,9625
00937B,群益ESG投等債20,222,168,54,富邦-竹東,2024-07-18,9625
2515,中工,53,0,53,富邦-竹東,2024-07-18,9625
2312,金寶,68,17,51,富邦-竹東,2024-07-18,9625
2316,楠梓電,50,0,50,富邦-竹東,2024-07-18,9625
00918,大華優利高填息30,52,3,49,富邦-竹東,2024-07-18,9625
2834,臺企銀,73,26,47,富邦-竹東,2024-07-18,9625
00632R,元大台灣50反1,70,25,45,富邦-竹東,2024-07-18,9625
2330,台積電,62,20,42,富邦-竹東,2024-07-18,9625
3062,建漢,58,17,41,富邦-竹東,2024-07-18,9625
00934,中信成長高股息,77,37,40,富邦-竹東,2024-07-18,9625
1609,大亞,102,62,40,富邦-竹東,2024-07-18,9625
2303,聯電,52,14,38,富邦-竹東,2024-07-18,9625
2352,佳世達,38,1,37,富邦-竹東,2024-07-18,9625
1611,中電,49,14,35,富邦-竹東,2024-07-18,9625
3380,明泰,48,15,33,富邦-竹東,2024-07-18,9625
3231,緯創,47,15,32,富邦-竹東,2024-07-18,9625
00722B,群益投資級電信債,30,0,30,富邦-竹東,2024-07-18,9625
2363,矽統,51,21,30,富邦-竹東,2024-07-18,9625
00878,國泰永續高股息,71,42,29,富邦-竹東,2024-07-18,9625
2392,正崴,28,1,27,富邦-竹東,2024-07-18,9625
1101,台泥,118,93,25,富邦-竹東,2024-07-18,9625
6223,旺矽,24,0,24,富邦-竹東,2024-07-18,9625
3583,辛耘,24,1,23,富邦-竹東,2024-07-18,9625
2449,京元電子,26,3,23,富邦-竹東,2024-07-18,9625
2382,廣達,32,10,22,富邦-竹東,2024-07-18,9625
8105,凌巨,70,48,22,富邦-竹東,2024-07-18,9625
00905,FT臺灣Smart,22,2,20,富邦-竹東,2024-07-18,9625
1417,嘉裕,20,0,20,富邦-竹東,2024-07-18,9625
2399,映泰,21,1,20,富邦-竹東,2024-07-18,9625
2610,華航,21,1,20,富邦-竹東,2024-07-18,9625
1612,宏泰,20,0,20,富邦-竹東,2024-07-18,9625
8110,華東,20,0,20,富邦-竹東,2024-07-18,9625
3049,精金,21,1,20,富邦-竹東,2024-07-18,9625
2313,華通,22,3,19,富邦-竹東,2024-07-18,9625
2408,南亞科,20,1,19,富邦-竹東,2024-07-18,9625
4977,眾達-KY,19,1,18,富邦-竹東,2024-07-18,9625
00680L,元大美債20正2,19,1,18,富邦-竹東,2024-07-18,9625
6531,愛普*,17,0,17,富邦-竹東,2024-07-18,9625
00927,群益半導體收益,31,14,17,富邦-竹東,2024-07-18,9625
00632R,元大台灣50反1,521,50,471,富邦-竹東,2024-07-19,9625
3264,欣銓,310,1,309,富邦-竹東,2024-07-19,9625
00929,復華台灣科技優息,386,81,305,富邦-竹東,2024-07-19,9625
2867,三商壽,165,5,160,富邦-竹東,2024-07-19,9625
00919,群益台灣精選高息,179,45,134,富邦-竹東,2024-07-19,9625
00918,大華優利高填息30,106,0,106,富邦-竹東,2024-07-19,9625
6116,彩晶,105,2,103,富邦-竹東,2024-07-19,9625
00665L,富邦�琤肭磪囓�2,104,2,102,富邦-竹東,2024-07-19,9625
6770,力積電,88,4,84,富邦-竹東,2024-07-19,9625
2330,台積電,97,14,83,富邦-竹東,2024-07-19,9625
00933B,國泰10Y+金融債,91,10,81,富邦-竹東,2024-07-19,9625
1109,信大,80,0,80,富邦-竹東,2024-07-19,9625
2010,春源,80,0,80,富邦-竹東,2024-07-19,9625
00878,國泰永續高股息,62,1,61,富邦-竹東,2024-07-19,9625
3231,緯創,59,5,54,富邦-竹東,2024-07-19,9625
5512,力麒,81,30,51,富邦-竹東,2024-07-19,9625
1437,勤益控,48,0,48,富邦-竹東,2024-07-19,9625
2883,凱基金,78,31,47,富邦-竹東,2024-07-19,9625
3576,聯合再生,46,1,45,富邦-竹東,2024-07-19,9625
2609,陽明,53,9,44,富邦-竹東,2024-07-19,9625
00688L,國泰20年美債正2,51,7,44,富邦-竹東,2024-07-19,9625
2801,彰銀,44,0,44,富邦-竹東,2024-07-19,9625
00946,群益科技高息成長,45,5,40,富邦-竹東,2024-07-19,9625
2880,華南金,42,3,39,富邦-竹東,2024-07-19,9625
6290,良維,37,0,37,富邦-竹東,2024-07-19,9625
2337,旺宏,35,0,35,富邦-竹東,2024-07-19,9625
00650L,復華香港正2,32,0,32,富邦-竹東,2024-07-19,9625
2356,英業達,35,3,32,富邦-竹東,2024-07-19,9625
00937B,群益ESG投等債20,55,25,30,富邦-竹東,2024-07-19,9625
3689,湧德,40,10,30,富邦-竹東,2024-07-19,9625
1714,和桐,30,0,30,富邦-竹東,2024-07-19,9625
00934,中信成長高股息,51,24,27,富邦-竹東,2024-07-19,9625
6120,達運,26,0,26,富邦-竹東,2024-07-19,9625
2489,瑞軒,138,112,26,富邦-竹東,2024-07-19,9625
2882,國泰金,32,7,25,富邦-竹東,2024-07-19,9625
2409,友達,46,22,24,富邦-竹東,2024-07-19,9625
2344,華邦電,38,15,23,富邦-竹東,2024-07-19,9625
3481,群創,23,1,22,富邦-竹東,2024-07-19,9625
6712,長聖,22,0,22,富邦-竹東,2024-07-19,9625
2365,昆盈,115,94,21,富邦-竹東,2024-07-19,9625
2485,兆赫,21,0,21,富邦-竹東,2024-07-19,9625
2405,輔信,22,1,21,富邦-竹東,2024-07-19,9625
2317,鴻海,43,22,21,富邦-竹東,2024-07-19,9625
6021,美好證,20,0,20,富邦-竹東,2024-07-19,9625
4960,誠美材,20,0,20,富邦-竹東,2024-07-19,9625
2303,聯電,26,6,20,富邦-竹東,2024-07-19,9625
6182,合晶,19,0,19,富邦-竹東,2024-07-19,9625
00936,台新永續高息中小,33,14,19,富邦-竹東,2024-07-19,9625
2338,光罩,21,3,18,富邦-竹東,2024-07-19,9625
1316,上曜,22,4,18,富邦-竹東,2024-07-19,9625
00632R,元大台灣50反1,674,226,448,富邦-竹東,2024-07-22,9625
00929,復華台灣科技優息,522,236,286,富邦-竹東,2024-07-22,9625
00679B,元大美債20年,156,8,148,富邦-竹東,2024-07-22,9625
00946,群益科技高息成長,125,0,125,富邦-竹東,2024-07-22,9625
3264,欣銓,113,1,112,富邦-竹東,2024-07-22,9625
3481,群創,184,80,104,富邦-竹東,2024-07-22,9625
00919,群益台灣精選高息,206,123,83,富邦-竹東,2024-07-22,9625
00675L,富邦臺灣加權正2,63,1,62,富邦-竹東,2024-07-22,9625
1314,中石化,61,1,60,富邦-竹東,2024-07-22,9625
1609,大亞,122,63,59,富邦-竹東,2024-07-22,9625
5512,力麒,84,27,57,富邦-竹東,2024-07-22,9625
00934,中信成長高股息,88,31,57,富邦-竹東,2024-07-22,9625
2317,鴻海,112,56,56,富邦-竹東,2024-07-22,9625
2303,聯電,85,29,56,富邦-竹東,2024-07-22,9625
2201,裕隆,52,4,48,富邦-竹東,2024-07-22,9625
2408,南亞科,56,13,43,富邦-竹東,2024-07-22,9625
00878,國泰永續高股息,131,92,39,富邦-竹東,2024-07-22,9625
8473,山林水,86,49,37,富邦-竹東,2024-07-22,9625
2489,瑞軒,136,101,35,富邦-竹東,2024-07-22,9625
00936,台新永續高息中小,66,31,35,富邦-竹東,2024-07-22,9625
2449,京元電子,38,4,34,富邦-竹東,2024-07-22,9625
2888,新光金,42,9,33,富邦-竹東,2024-07-22,9625
2312,金寶,116,85,31,富邦-竹東,2024-07-22,9625
2409,友達,32,2,30,富邦-竹東,2024-07-22,9625
1785,光洋科,40,11,29,富邦-竹東,2024-07-22,9625
00637L,元大滬深300正2,38,9,29,富邦-竹東,2024-07-22,9625
2504,國產,28,0,28,富邦-竹東,2024-07-22,9625
6005,群益證,27,0,27,富邦-竹東,2024-07-22,9625
4906,正文,30,6,24,富邦-竹東,2024-07-22,9625
4128,中天,32,9,23,富邦-竹東,2024-07-22,9625
3260,威剛,23,0,23,富邦-竹東,2024-07-22,9625
2867,三商壽,21,0,21,富邦-竹東,2024-07-22,9625
00947,台新臺灣IC設計,21,0,21,富邦-竹東,2024-07-22,9625
1514,亞力,48,27,21,富邦-竹東,2024-07-22,9625
4164,承業醫,20,0,20,富邦-竹東,2024-07-22,9625
2023,燁輝,20,0,20,富邦-竹東,2024-07-22,9625
2010,春源,20,0,20,富邦-竹東,2024-07-22,9625
2356,英業達,47,27,20,富邦-竹東,2024-07-22,9625
00881,國泰台灣5G+,22,3,19,富邦-竹東,2024-07-22,9625
2368,金像電,21,3,18,富邦-竹東,2024-07-22,9625
00933B,國泰10Y+金融債,18,0,18,富邦-竹東,2024-07-22,9625
5515,建國,17,0,17,富邦-竹東,2024-07-22,9625
00918,大華優利高填息30,38,22,16,富邦-竹東,2024-07-22,9625
6202,盛群,14,0,14,富邦-竹東,2024-07-22,9625
006208,富邦台50,15,1,14,富邦-竹東,2024-07-22,9625
00715L,期街口布蘭特正2,14,0,14,富邦-竹東,2024-07-22,9625
00692,富邦公司治理,17,3,14,富邦-竹東,2024-07-22,9625
2485,兆赫,13,0,13,富邦-竹東,2024-07-22,9625
3189,景碩,18,5,13,富邦-竹東,2024-07-22,9625
2637,慧洋-KY,13,0,13,富邦-竹東,2024-07-22,9625
00929,復華台灣科技優息,397,41,356,富邦-竹東,2024-07-23,9625
3264,欣銓,319,3,316,富邦-竹東,2024-07-23,9625
3481,群創,185,22,163,富邦-竹東,2024-07-23,9625
00946,群益科技高息成長,109,0,109,富邦-竹東,2024-07-23,9625
2408,南亞科,88,6,82,富邦-竹東,2024-07-23,9625
2303,聯電,84,13,71,富邦-竹東,2024-07-23,9625
00942B,台新美A公司債20+,63,0,63,富邦-竹東,2024-07-23,9625
00940,元大台灣價值高息,84,24,60,富邦-竹東,2024-07-23,9625
00937B,群益ESG投等債20,70,12,58,富邦-竹東,2024-07-23,9625
2489,瑞軒,62,4,58,富邦-竹東,2024-07-23,9625
00918,大華優利高填息30,54,0,54,富邦-竹東,2024-07-23,9625
00679B,元大美債20年,57,3,54,富邦-竹東,2024-07-23,9625
2409,友達,56,10,46,富邦-竹東,2024-07-23,9625
00905,FT臺灣Smart,41,1,40,富邦-竹東,2024-07-23,9625
2034,允強,40,0,40,富邦-竹東,2024-07-23,9625
8064,東捷,56,18,38,富邦-竹東,2024-07-23,9625
2356,英業達,51,14,37,富邦-竹東,2024-07-23,9625
00949,復華日本龍頭,35,0,35,富邦-竹東,2024-07-23,9625
2867,三商壽,44,10,34,富邦-竹東,2024-07-23,9625
00935,野村臺灣新科技50,27,0,27,富邦-竹東,2024-07-23,9625
00878,國泰永續高股息,53,26,27,富邦-竹東,2024-07-23,9625
00637L,元大滬深300正2,26,0,26,富邦-竹東,2024-07-23,9625
00919,群益台灣精選高息,87,61,26,富邦-竹東,2024-07-23,9625
1540,喬福,30,5,25,富邦-竹東,2024-07-23,9625
2891,中信金,26,2,24,富邦-竹東,2024-07-23,9625
2537,聯上發,27,4,23,富邦-竹東,2024-07-23,9625
3189,景碩,42,19,23,富邦-竹東,2024-07-23,9625
2406,國碩,30,8,22,富邦-竹東,2024-07-23,9625
8028,昇陽半導體,29,9,20,富邦-竹東,2024-07-23,9625
912000,晨訊科-DR,20,0,20,富邦-竹東,2024-07-23,9625
00664R,國泰臺灣加權反1,20,0,20,富邦-竹東,2024-07-23,9625
9907,統一實,20,0,20,富邦-竹東,2024-07-23,9625
2006,東和鋼鐵,19,0,19,富邦-竹東,2024-07-23,9625
2002,中鋼,18,0,18,富邦-竹東,2024-07-23,9625
00687B,國泰20年美債,20,2,18,富邦-竹東,2024-07-23,9625
00934,中信成長高股息,21,3,18,富邦-竹東,2024-07-23,9625
1316,上曜,47,31,16,富邦-竹東,2024-07-23,9625
5426,振發,16,0,16,富邦-竹東,2024-07-23,9625
5512,力麒,31,15,16,富邦-竹東,2024-07-23,9625
2881,富邦金,22,6,16,富邦-竹東,2024-07-23,9625
3686,達能,15,0,15,富邦-竹東,2024-07-23,9625
2359,所羅門,31,16,15,富邦-竹東,2024-07-23,9625
3206,志豐,15,0,15,富邦-竹東,2024-07-23,9625
9938,百和,15,0,15,富邦-竹東,2024-07-23,9625
2609,陽明,43,30,13,富邦-竹東,2024-07-23,9625
3374,精材,14,1,13,富邦-竹東,2024-07-23,9625
3580,友威科,23,10,13,富邦-竹東,2024-07-23,9625
00725B,國泰投資級公司債,13,0,13,富邦-竹東,2024-07-23,9625
3535,晶彩科,13,0,13,富邦-竹東,2024-07-23,9625
2888,新光金,39,26,13,富邦-竹東,2024-07-23,9625
00937B,群益ESG投等債20,179,0,179,富邦-竹東,2024-07-26,9625
2867,三商壽,137,2,135,富邦-竹東,2024-07-26,9625
00940,元大台灣價值高息,161,41,120,富邦-竹東,2024-07-26,9625
00919,群益台灣精選高息,168,51,117,富邦-竹東,2024-07-26,9625
2349,錸德,131,20,111,富邦-竹東,2024-07-26,9625
2834,臺企銀,101,2,99,富邦-竹東,2024-07-26,9625
3264,欣銓,90,0,90,富邦-竹東,2024-07-26,9625
0056,元大高股息,111,30,81,富邦-竹東,2024-07-26,9625
00946,群益科技高息成長,86,13,73,富邦-竹東,2024-07-26,9625
00878,國泰永續高股息,119,54,65,富邦-竹東,2024-07-26,9625
00942B,台新美A公司債20+,64,0,64,富邦-竹東,2024-07-26,9625
00669R,國泰美國道瓊反1,60,0,60,富邦-竹東,2024-07-26,9625
2317,鴻海,76,20,56,富邦-竹東,2024-07-26,9625
3481,群創,242,191,51,富邦-竹東,2024-07-26,9625
2010,春源,50,0,50,富邦-竹東,2024-07-26,9625
2330,台積電,55,10,45,富邦-竹東,2024-07-26,9625
2883B,凱基金乙特,40,0,40,富邦-竹東,2024-07-26,9625
00918,大華優利高填息30,46,8,38,富邦-竹東,2024-07-26,9625
2371,大同,39,1,38,富邦-竹東,2024-07-26,9625
2884,玉山金,36,0,36,富邦-竹東,2024-07-26,9625
2313,華通,35,0,35,富邦-竹東,2024-07-26,9625
00934,中信成長高股息,33,0,33,富邦-竹東,2024-07-26,9625
00936,台新永續高息中小,38,5,33,富邦-竹東,2024-07-26,9625
00933B,國泰10Y+金融債,34,1,33,富邦-竹東,2024-07-26,9625
2303,聯電,55,24,31,富邦-竹東,2024-07-26,9625
00712,復華富時不動產,31,0,31,富邦-竹東,2024-07-26,9625
00725B,國泰投資級公司債,31,4,27,富邦-竹東,2024-07-26,9625
2816,旺旺保,25,0,25,富邦-竹東,2024-07-26,9625
00941,中信上游半導體,25,0,25,富邦-竹東,2024-07-26,9625
3711,日月光投控,27,2,25,富邦-竹東,2024-07-26,9625
4979,華星光,23,0,23,富邦-竹東,2024-07-26,9625
3588,通嘉,22,0,22,富邦-竹東,2024-07-26,9625
8112,至上,23,2,21,富邦-竹東,2024-07-26,9625
00637L,元大滬深300正2,21,0,21,富邦-竹東,2024-07-26,9625
00905,FT臺灣Smart,22,2,20,富邦-竹東,2024-07-26,9625
3024,憶聲,20,0,20,富邦-竹東,2024-07-26,9625
5426,振發,20,0,20,富邦-竹東,2024-07-26,9625
3260,威剛,20,2,18,富邦-竹東,2024-07-26,9625
5531,鄉林,20,2,18,富邦-竹東,2024-07-26,9625
0050,元大台灣50,17,0,17,富邦-竹東,2024-07-26,9625
00935,野村臺灣新科技50,16,0,16,富邦-竹東,2024-07-26,9625
00679B,元大美債20年,28,12,16,富邦-竹東,2024-07-26,9625
00951,台新日本半導體,16,0,16,富邦-竹東,2024-07-26,9625
006208,富邦台50,16,0,16,富邦-竹東,2024-07-26,9625
2838,聯邦銀,15,0,15,富邦-竹東,2024-07-26,9625
00932,兆豐永續高息等權,15,0,15,富邦-竹東,2024-07-26,9625
00881,國泰台灣5G+,19,5,14,富邦-竹東,2024-07-26,9625
00692,富邦公司治理,13,0,13,富邦-竹東,2024-07-26,9625
00922,國泰台灣領袖50,13,0,13,富邦-竹東,2024-07-26,9625
3231,緯創,46,33,13,富邦-竹東,2024-07-26,9625
00937B,群益ESG投等債20,414,22,392,富邦-竹東,2024-07-29,9625
00929,復華台灣科技優息,217,37,180,富邦-竹東,2024-07-29,9625
00687B,國泰20年美債,180,25,155,富邦-竹東,2024-07-29,9625
2105,正新,105,0,105,富邦-竹東,2024-07-29,9625
00882,中信中國高股息,100,5,95,富邦-竹東,2024-07-29,9625
00878,國泰永續高股息,116,22,94,富邦-竹東,2024-07-29,9625
00946,群益科技高息成長,93,3,90,富邦-竹東,2024-07-29,9625
00632R,元大台灣50反1,225,141,84,富邦-竹東,2024-07-29,9625
00713,元大台灣高息低波,83,1,82,富邦-竹東,2024-07-29,9625
1609,大亞,94,18,76,富邦-竹東,2024-07-29,9625
00919,群益台灣精選高息,68,2,66,富邦-竹東,2024-07-29,9625
00942B,台新美A公司債20+,63,0,63,富邦-竹東,2024-07-29,9625
0056,元大高股息,80,23,57,富邦-竹東,2024-07-29,9625
6269,台郡,52,0,52,富邦-竹東,2024-07-29,9625
2867,三商壽,52,0,52,富邦-竹東,2024-07-29,9625
00940,元大台灣價值高息,65,17,48,富邦-竹東,2024-07-29,9625
3229,晟鈦,50,4,46,富邦-竹東,2024-07-29,9625
1316,上曜,42,0,42,富邦-竹東,2024-07-29,9625
9105,泰金寶-DR,35,0,35,富邦-竹東,2024-07-29,9625
6770,力積電,34,1,33,富邦-竹東,2024-07-29,9625
6239,力成,37,6,31,富邦-竹東,2024-07-29,9625
2356,英業達,75,46,29,富邦-竹東,2024-07-29,9625
00934,中信成長高股息,29,0,29,富邦-竹東,2024-07-29,9625
2884,玉山金,29,0,29,富邦-竹東,2024-07-29,9625
2402,毅嘉,28,3,25,富邦-竹東,2024-07-29,9625
3706,神達,26,1,25,富邦-竹東,2024-07-29,9625
5009,榮剛,24,0,24,富邦-竹東,2024-07-29,9625
3535,晶彩科,23,0,23,富邦-竹東,2024-07-29,9625
1514,亞力,51,28,23,富邦-竹東,2024-07-29,9625
00915,凱基優選高股息30,25,5,20,富邦-竹東,2024-07-29,9625
1720,生達,20,0,20,富邦-竹東,2024-07-29,9625
2497,怡利電,19,0,19,富邦-竹東,2024-07-29,9625
2915,潤泰全,20,1,19,富邦-竹東,2024-07-29,9625
9945,潤泰新,59,41,18,富邦-竹東,2024-07-29,9625
2324,仁寶,17,0,17,富邦-竹東,2024-07-29,9625
4960,誠美材,16,0,16,富邦-竹東,2024-07-29,9625
00905,FT臺灣Smart,17,1,16,富邦-竹東,2024-07-29,9625
2405,輔信,15,0,15,富邦-竹東,2024-07-29,9625
8112,至上,15,0,15,富邦-竹東,2024-07-29,9625
2527,宏璟,15,0,15,富邦-竹東,2024-07-29,9625
8105,凌巨,20,5,15,富邦-竹東,2024-07-29,9625
1513,中興電,21,7,14,富邦-竹東,2024-07-29,9625
2313,華通,15,1,14,富邦-竹東,2024-07-29,9625
8234,新漢,17,3,14,富邦-竹東,2024-07-29,9625
3481,群創,26,12,14,富邦-竹東,2024-07-29,9625
3189,景碩,17,4,13,富邦-竹東,2024-07-29,9625
2409,友達,12,0,12,富邦-竹東,2024-07-29,9625
2812,台中銀,12,0,12,富邦-竹東,2024-07-29,9625
4720,德淵,12,0,12,富邦-竹東,2024-07-29,9625
3312,弘憶股,26,15,11,富邦-竹東,2024-07-29,9625
00878,國泰永續高股息,177,6,171,富邦-竹東,2024-07-30,9625
0056,元大高股息,173,31,142,富邦-竹東,2024-07-30,9625
00940,元大台灣價值高息,156,40,116,富邦-竹東,2024-07-30,9625
00715L,期街口布蘭特正2,104,0,104,富邦-竹東,2024-07-30,9625
2349,錸德,108,34,74,富邦-竹東,2024-07-30,9625
00942B,台新美A公司債20+,63,0,63,富邦-竹東,2024-07-30,9625
00929,復華台灣科技優息,202,145,57,富邦-竹東,2024-07-30,9625
00688L,國泰20年美債正2,50,3,47,富邦-竹東,2024-07-30,9625
6005,群益證,45,0,45,富邦-竹東,2024-07-30,9625
00919,群益台灣精選高息,99,60,39,富邦-竹東,2024-07-30,9625
3588,通嘉,27,1,26,富邦-竹東,2024-07-30,9625
00946,群益科技高息成長,25,0,25,富邦-竹東,2024-07-30,9625
2344,華邦電,26,2,24,富邦-竹東,2024-07-30,9625
00934,中信成長高股息,22,1,21,富邦-竹東,2024-07-30,9625
2363,矽統,30,10,20,富邦-竹東,2024-07-30,9625
6015,宏遠證,20,0,20,富邦-竹東,2024-07-30,9625
3297,杭特,20,0,20,富邦-竹東,2024-07-30,9625
6217,中探針,20,0,20,富邦-竹東,2024-07-30,9625
00936,台新永續高息中小,20,0,20,富邦-竹東,2024-07-30,9625
2337,旺宏,35,16,19,富邦-竹東,2024-07-30,9625
00939,統一台灣高息動能,20,2,18,富邦-竹東,2024-07-30,9625
00637L,元大滬深300正2,17,0,17,富邦-竹東,2024-07-30,9625
1815,富喬,123,107,16,富邦-竹東,2024-07-30,9625
3576,聯合再生,15,0,15,富邦-竹東,2024-07-30,9625
5512,力麒,15,0,15,富邦-竹東,2024-07-30,9625
00680L,元大美債20正2,15,0,15,富邦-竹東,2024-07-30,9625
6235,華孚,14,0,14,富邦-竹東,2024-07-30,9625
2883,凱基金,15,3,12,富邦-竹東,2024-07-30,9625
3481,群創,50,38,12,富邦-竹東,2024-07-30,9625
2812,台中銀,12,0,12,富邦-竹東,2024-07-30,9625
00795B,中信美國公債20年,12,0,12,富邦-竹東,2024-07-30,9625
2388,威盛,13,1,12,富邦-竹東,2024-07-30,9625
00772B,中信高評級公司債,11,0,11,富邦-竹東,2024-07-30,9625
2364,倫飛,13,2,11,富邦-竹東,2024-07-30,9625
9945,潤泰新,31,20,11,富邦-竹東,2024-07-30,9625
3580,友威科,20,10,10,富邦-竹東,2024-07-30,9625
1608,華榮,14,4,10,富邦-竹東,2024-07-30,9625
3211,順達,12,2,10,富邦-竹東,2024-07-30,9625
3581,博磊,10,0,10,富邦-竹東,2024-07-30,9625
5484,慧友,10,0,10,富邦-竹東,2024-07-30,9625
1723,中碳,10,0,10,富邦-竹東,2024-07-30,9625
4707,磐亞,10,0,10,富邦-竹東,2024-07-30,9625
6770,力積電,25,15,10,富邦-竹東,2024-07-30,9625
2884,玉山金,10,0,10,富邦-竹東,2024-07-30,9625
00918,大華優利高填息30,20,11,9,富邦-竹東,2024-07-30,9625
1229,聯華,9,0,9,富邦-竹東,2024-07-30,9625
00675L,富邦臺灣加權正2,14,5,9,富邦-竹東,2024-07-30,9625
6239,力成,9,0,9,富邦-竹東,2024-07-30,9625
2356,英業達,50,41,9,富邦-竹東,2024-07-30,9625
00935,野村臺灣新科技50,11,2,9,富邦-竹東,2024-07-30,9625
00632R,元大台灣50反1,834,23,811,富邦-竹東,2024-07-31,9625
00929,復華台灣科技優息,234,68,166,富邦-竹東,2024-07-31,9625
00946,群益科技高息成長,157,8,149,富邦-竹東,2024-07-31,9625
00940,元大台灣價值高息,132,0,132,富邦-竹東,2024-07-31,9625
00715L,期街口布蘭特正2,130,0,130,富邦-竹東,2024-07-31,9625
2312,金寶,121,14,107,富邦-竹東,2024-07-31,9625
2610,華航,105,1,104,富邦-竹東,2024-07-31,9625
00878,國泰永續高股息,93,12,81,富邦-竹東,2024-07-31,9625
00942B,台新美A公司債20+,63,0,63,富邦-竹東,2024-07-31,9625
00919,群益台灣精選高息,74,17,57,富邦-竹東,2024-07-31,9625
2867,三商壽,52,0,52,富邦-竹東,2024-07-31,9625
00934,中信成長高股息,55,4,51,富邦-竹東,2024-07-31,9625
00937B,群益ESG投等債20,51,1,50,富邦-竹東,2024-07-31,9625
00680L,元大美債20正2,50,2,48,富邦-竹東,2024-07-31,9625
8064,東捷,128,96,32,富邦-竹東,2024-07-31,9625
00772B,中信高評級公司債,30,1,29,富邦-竹東,2024-07-31,9625
3047,訊舟,98,70,28,富邦-竹東,2024-07-31,9625
2105,正新,25,0,25,富邦-竹東,2024-07-31,9625
00933B,國泰10Y+金融債,34,10,24,富邦-竹東,2024-07-31,9625
00679B,元大美債20年,24,2,22,富邦-竹東,2024-07-31,9625
3105,穩懋,20,0,20,富邦-竹東,2024-07-31,9625
2427,三商電,20,0,20,富邦-竹東,2024-07-31,9625
3686,達能,22,3,19,富邦-竹東,2024-07-31,9625
6239,力成,18,0,18,富邦-竹東,2024-07-31,9625
2408,南亞科,19,1,18,富邦-竹東,2024-07-31,9625
2406,國碩,22,4,18,富邦-竹東,2024-07-31,9625
6147,頎邦,16,0,16,富邦-竹東,2024-07-31,9625
00939,統一台灣高息動能,16,0,16,富邦-竹東,2024-07-31,9625
2515,中工,21,6,15,富邦-竹東,2024-07-31,9625
3312,弘憶股,20,6,14,富邦-竹東,2024-07-31,9625
6770,力積電,26,12,14,富邦-竹東,2024-07-31,9625
1795,美時,14,0,14,富邦-竹東,2024-07-31,9625
00918,大華優利高填息30,14,0,14,富邦-竹東,2024-07-31,9625
3231,緯創,21,8,13,富邦-竹東,2024-07-31,9625
00891,中信關鍵半導體,21,8,13,富邦-竹東,2024-07-31,9625
00740B,富邦全球投等債,13,0,13,富邦-竹東,2024-07-31,9625
4513,福裕,15,2,13,富邦-竹東,2024-07-31,9625
00949,復華日本龍頭,12,0,12,富邦-竹東,2024-07-31,9625
3588,通嘉,12,0,12,富邦-竹東,2024-07-31,9625
3545,敦泰,12,0,12,富邦-竹東,2024-07-31,9625
2486,一詮,17,6,11,富邦-竹東,2024-07-31,9625
3481,群創,88,77,11,富邦-竹東,2024-07-31,9625
2884,玉山金,12,1,11,富邦-竹東,2024-07-31,9625
1503,士電,13,2,11,富邦-竹東,2024-07-31,9625
006208,富邦台50,11,1,10,富邦-竹東,2024-07-31,9625
1464,得力,10,0,10,富邦-竹東,2024-07-31,9625
00664R,國泰臺灣加權反1,10,0,10,富邦-竹東,2024-07-31,9625
2010,春源,10,0,10,富邦-竹東,2024-07-31,9625
3230,錦明,11,1,10,富邦-竹東,2024-07-31,9625
2845,遠東銀,10,0,10,富邦-竹東,2024-07-31,9625
00933B,國泰10Y+金融債,317,63,254,富邦-竹東,2024-08-01,9625
1802,台玻,200,0,200,富邦-竹東,2024-08-01,9625
00951,台新日本半導體,200,2,198,富邦-竹東,2024-08-01,9625
2610,華航,205,8,197,富邦-竹東,2024-08-01,9625
00878,國泰永續高股息,214,25,189,富邦-竹東,2024-08-01,9625
00680L,元大美債20正2,200,13,187,富邦-竹東,2024-08-01,9625
00937B,群益ESG投等債20,104,28,76,富邦-竹東,2024-08-01,9625
00881,國泰台灣5G+,63,4,59,富邦-竹東,2024-08-01,9625
00637L,元大滬深300正2,45,0,45,富邦-竹東,2024-08-01,9625
00936,台新永續高息中小,43,0,43,富邦-竹東,2024-08-01,9625
2349,錸德,53,13,40,富邦-竹東,2024-08-01,9625
00923,群益台ESG低碳50,40,0,40,富邦-竹東,2024-08-01,9625
8354,冠好,40,0,40,富邦-竹東,2024-08-01,9625
2337,旺宏,76,38,38,富邦-竹東,2024-08-01,9625
00940,元大台灣價值高息,46,14,32,富邦-竹東,2024-08-01,9625
1540,喬福,35,4,31,富邦-竹東,2024-08-01,9625
00720B,元大投資級公司債,30,0,30,富邦-竹東,2024-08-01,9625
3047,訊舟,35,8,27,富邦-竹東,2024-08-01,9625
2884,玉山金,27,0,27,富邦-竹東,2024-08-01,9625
2489,瑞軒,65,38,27,富邦-竹東,2024-08-01,9625
6239,力成,25,1,24,富邦-竹東,2024-08-01,9625
3663,鑫科,63,39,24,富邦-竹東,2024-08-01,9625
00934,中信成長高股息,24,0,24,富邦-竹東,2024-08-01,9625
2353,宏��,30,7,23,富邦-竹東,2024-08-01,9625
2362,藍天,29,6,23,富邦-竹東,2024-08-01,9625
00687B,國泰20年美債,65,44,21,富邦-竹東,2024-08-01,9625
1101,台泥,21,0,21,富邦-竹東,2024-08-01,9625
00664R,國泰臺灣加權反1,20,0,20,富邦-竹東,2024-08-01,9625
3444,利機,19,0,19,富邦-竹東,2024-08-01,9625
00932,兆豐永續高息等權,18,0,18,富邦-竹東,2024-08-01,9625
00679B,元大美債20年,69,51,18,富邦-竹東,2024-08-01,9625
9902,台火,22,5,17,富邦-竹東,2024-08-01,9625
4533,協易機,21,4,17,富邦-竹東,2024-08-01,9625
00949,復華日本龍頭,15,0,15,富邦-竹東,2024-08-01,9625
6125,廣運,21,6,15,富邦-竹東,2024-08-01,9625
2324,仁寶,14,0,14,富邦-竹東,2024-08-01,9625
2105,正新,12,0,12,富邦-竹東,2024-08-01,9625
2062,橋椿,18,6,12,富邦-竹東,2024-08-01,9625
2317,鴻海,57,46,11,富邦-竹東,2024-08-01,9625
3037,欣興,13,2,11,富邦-竹東,2024-08-01,9625
00947,台新臺灣IC設計,11,0,11,富邦-竹東,2024-08-01,9625
8069,元太,12,2,10,富邦-竹東,2024-08-01,9625
5425,台半,10,0,10,富邦-竹東,2024-08-01,9625
00899,FT潔淨能源,10,0,10,富邦-竹東,2024-08-01,9625
00713,元大台灣高息低波,10,0,10,富邦-竹東,2024-08-01,9625
00773B,中信優先金融債,10,0,10,富邦-竹東,2024-08-01,9625
4160,訊聯基因,10,0,10,富邦-竹東,2024-08-01,9625
2890,永豐金,10,0,10,富邦-竹東,2024-08-01,9625
5443,均豪,26,17,9,富邦-竹東,2024-08-01,9625
2344,華邦電,15,6,9,富邦-竹東,2024-08-01,9625
00878,國泰永續高股息,314,62,252,富邦-竹東,2024-08-02,9625
00946,群益科技高息成長,223,0,223,富邦-竹東,2024-08-02,9625
00919,群益台灣精選高息,220,7,213,富邦-竹東,2024-08-02,9625
00929,復華台灣科技優息,449,252,197,富邦-竹東,2024-08-02,9625
2317,鴻海,158,21,137,富邦-竹東,2024-08-02,9625
00940,元大台灣價值高息,135,18,117,富邦-竹東,2024-08-02,9625
00679B,元大美債20年,136,36,100,富邦-竹東,2024-08-02,9625
00900,富邦特選高股息30,81,0,81,富邦-竹東,2024-08-02,9625
2888,新光金,114,35,79,富邦-竹東,2024-08-02,9625
4729,熒茂,65,0,65,富邦-竹東,2024-08-02,9625
2867,三商壽,63,0,63,富邦-竹東,2024-08-02,9625
00881,國泰台灣5G+,65,5,60,富邦-竹東,2024-08-02,9625
00905,FT臺灣Smart,54,0,54,富邦-竹東,2024-08-02,9625
0056,元大高股息,93,44,49,富邦-竹東,2024-08-02,9625
00934,中信成長高股息,159,116,43,富邦-竹東,2024-08-02,9625
2330,台積電,60,19,41,富邦-竹東,2024-08-02,9625
3037,欣興,44,5,39,富邦-竹東,2024-08-02,9625
00932,兆豐永續高息等權,38,0,38,富邦-竹東,2024-08-02,9625
2313,華通,37,1,36,富邦-竹東,2024-08-02,9625
2449,京元電子,37,3,34,富邦-竹東,2024-08-02,9625
2402,毅嘉,40,9,31,富邦-竹東,2024-08-02,9625
2834,臺企銀,35,4,31,富邦-竹東,2024-08-02,9625
00936,台新永續高息中小,41,10,31,富邦-竹東,2024-08-02,9625
00923,群益台ESG低碳50,31,1,30,富邦-竹東,2024-08-02,9625
00690,兆豐藍籌30,30,0,30,富邦-竹東,2024-08-02,9625
2301,光寶科,41,11,30,富邦-竹東,2024-08-02,9625
00948B,中信優息投資級債,29,0,29,富邦-竹東,2024-08-02,9625
00927,群益半導體收益,28,0,28,富邦-竹東,2024-08-02,9625
2886,兆豐金,27,0,27,富邦-竹東,2024-08-02,9625
2610,華航,27,0,27,富邦-竹東,2024-08-02,9625
3206,志豐,25,0,25,富邦-竹東,2024-08-02,9625
00949,復華日本龍頭,27,2,25,富邦-竹東,2024-08-02,9625
4991,環宇-KY,23,0,23,富邦-竹東,2024-08-02,9625
1303,南亞,22,0,22,富邦-竹東,2024-08-02,9625
6005,群益證,22,0,22,富邦-竹東,2024-08-02,9625
4533,協易機,30,10,20,富邦-竹東,2024-08-02,9625
00891,中信關鍵半導體,21,1,20,富邦-竹東,2024-08-02,9625
2915,潤泰全,20,0,20,富邦-竹東,2024-08-02,9625
2344,華邦電,27,7,20,富邦-竹東,2024-08-02,9625
00773B,中信優先金融債,20,0,20,富邦-竹東,2024-08-02,9625
8354,冠好,20,0,20,富邦-竹東,2024-08-02,9625
00922,國泰台灣領袖50,19,0,19,富邦-竹東,2024-08-02,9625
00947,台新臺灣IC設計,19,0,19,富邦-竹東,2024-08-02,9625
9945,潤泰新,30,11,19,富邦-竹東,2024-08-02,9625
4767,誠泰科技,19,1,18,富邦-竹東,2024-08-02,9625
00918,大華優利高填息30,23,6,17,富邦-竹東,2024-08-02,9625
00941,中信上游半導體,17,0,17,富邦-竹東,2024-08-02,9625
2359,所羅門,44,27,17,富邦-竹東,2024-08-02,9625
006208,富邦台50,18,2,16,富邦-竹東,2024-08-02,9625
3211,順達,16,0,16,富邦-竹東,2024-08-02,9625
00680L,元大美債20正2,1127,237,890,富邦-竹東,2024-08-05,9625
00929,復華台灣科技優息,931,331,600,富邦-竹東,2024-08-05,9625
2409,友達,447,0,447,富邦-竹東,2024-08-05,9625
00878,國泰永續高股息,491,131,360,富邦-竹東,2024-08-05,9625
00679B,元大美債20年,315,89,226,富邦-竹東,2024-08-05,9625
3481,群創,279,69,210,富邦-竹東,2024-08-05,9625
00632R,元大台灣50反1,550,349,201,富邦-竹東,2024-08-05,9625
00940,元大台灣價值高息,546,352,194,富邦-竹東,2024-08-05,9625
00650L,復華香港正2,130,3,127,富邦-竹東,2024-08-05,9625
0056,元大高股息,136,23,113,富邦-竹東,2024-08-05,9625
2883,凱基金,144,32,112,富邦-竹東,2024-08-05,9625
2344,華邦電,106,2,104,富邦-竹東,2024-08-05,9625
00937B,群益ESG投等債20,176,85,91,富邦-竹東,2024-08-05,9625
00936,台新永續高息中小,170,80,90,富邦-竹東,2024-08-05,9625
2105,正新,88,0,88,富邦-竹東,2024-08-05,9625
00637L,元大滬深300正2,100,14,86,富邦-竹東,2024-08-05,9625
00712,復華富時不動產,87,12,75,富邦-竹東,2024-08-05,9625
5880,合庫金,72,4,68,富邦-竹東,2024-08-05,9625
1540,喬福,126,60,66,富邦-竹東,2024-08-05,9625
2867,三商壽,72,10,62,富邦-竹東,2024-08-05,9625
00931B,統一美債20年,56,5,51,富邦-竹東,2024-08-05,9625
2365,昆盈,52,6,46,富邦-竹東,2024-08-05,9625
1314,中石化,51,5,46,富邦-竹東,2024-08-05,9625
2317,鴻海,103,59,44,富邦-竹東,2024-08-05,9625
2002,中鋼,47,6,41,富邦-竹東,2024-08-05,9625
1718,中纖,40,0,40,富邦-竹東,2024-08-05,9625
2812,台中銀,39,0,39,富邦-竹東,2024-08-05,9625
2834,臺企銀,88,53,35,富邦-竹東,2024-08-05,9625
00900,富邦特選高股息30,44,10,34,富邦-竹東,2024-08-05,9625
00715L,期街口布蘭特正2,32,0,32,富邦-竹東,2024-08-05,9625
00881,國泰台灣5G+,40,9,31,富邦-竹東,2024-08-05,9625
00687B,國泰20年美債,124,94,30,富邦-竹東,2024-08-05,9625
2883B,凱基金乙特,30,0,30,富邦-竹東,2024-08-05,9625
2515,中工,42,15,27,富邦-竹東,2024-08-05,9625
2027,大成鋼,26,0,26,富邦-竹東,2024-08-05,9625
00941,中信上游半導體,25,0,25,富邦-竹東,2024-08-05,9625
00934,中信成長高股息,139,114,25,富邦-竹東,2024-08-05,9625
3036,文曄,30,6,24,富邦-竹東,2024-08-05,9625
3231,緯創,46,23,23,富邦-竹東,2024-08-05,9625
2887,台新金,37,14,23,富邦-竹東,2024-08-05,9625
2897,王道銀行,22,0,22,富邦-竹東,2024-08-05,9625
9105,泰金寶-DR,22,1,21,富邦-竹東,2024-08-05,9625
5608,四維航,21,0,21,富邦-竹東,2024-08-05,9625
2633,台灣高鐵,21,1,20,富邦-竹東,2024-08-05,9625
2025,千興,20,0,20,富邦-竹東,2024-08-05,9625
3444,利機,20,0,20,富邦-竹東,2024-08-05,9625
1305,華夏,20,0,20,富邦-竹東,2024-08-05,9625
2603,長榮,33,13,20,富邦-竹東,2024-08-05,9625
6257,矽格,22,3,19,富邦-竹東,2024-08-05,9625
2801,彰銀,19,0,19,富邦-竹東,2024-08-05,9625
3264,欣銓,378,0,378,富邦-竹東,2024-08-06,9625
00712,復華富時不動產,364,2,362,富邦-竹東,2024-08-06,9625
00929,復華台灣科技優息,438,140,298,富邦-竹東,2024-08-06,9625
00632R,元大台灣50反1,376,183,193,富邦-竹東,2024-08-06,9625
00878,國泰永續高股息,210,98,112,富邦-竹東,2024-08-06,9625
2610,華航,111,5,106,富邦-竹東,2024-08-06,9625
00642U,期元大S＆P石油,101,0,101,富邦-竹東,2024-08-06,9625
3481,群創,115,17,98,富邦-竹東,2024-08-06,9625
00937B,群益ESG投等債20,122,37,85,富邦-竹東,2024-08-06,9625
00940,元大台灣價值高息,149,69,80,富邦-竹東,2024-08-06,9625
00946,群益科技高息成長,93,23,70,富邦-竹東,2024-08-06,9625
00905,FT臺灣Smart,63,8,55,富邦-竹東,2024-08-06,9625
2317,鴻海,151,98,53,富邦-竹東,2024-08-06,9625
3617,碩天,52,1,51,富邦-竹東,2024-08-06,9625
2409,友達,59,11,48,富邦-竹東,2024-08-06,9625
2883,凱基金,50,5,45,富邦-竹東,2024-08-06,9625
00680L,元大美債20正2,123,87,36,富邦-竹東,2024-08-06,9625
2337,旺宏,61,28,33,富邦-竹東,2024-08-06,9625
00881,國泰台灣5G+,36,8,28,富邦-竹東,2024-08-06,9625
00933B,國泰10Y+金融債,33,6,27,富邦-竹東,2024-08-06,9625
2542,興富發,29,5,24,富邦-竹東,2024-08-06,9625
00637L,元大滬深300正2,24,0,24,富邦-竹東,2024-08-06,9625
3019,亞光,29,6,23,富邦-竹東,2024-08-06,9625
2834,臺企銀,49,27,22,富邦-竹東,2024-08-06,9625
3024,憶聲,20,0,20,富邦-竹東,2024-08-06,9625
4571,鈞興-KY,20,0,20,富邦-竹東,2024-08-06,9625
1785,光洋科,27,7,20,富邦-竹東,2024-08-06,9625
6217,中探針,21,1,20,富邦-竹東,2024-08-06,9625
1809,中釉,21,2,19,富邦-竹東,2024-08-06,9625
2887,台新金,35,16,19,富邦-竹東,2024-08-06,9625
6770,力積電,42,24,18,富邦-竹東,2024-08-06,9625
0050,元大台灣50,29,11,18,富邦-竹東,2024-08-06,9625
6227,茂綸,17,0,17,富邦-竹東,2024-08-06,9625
4767,誠泰科技,15,0,15,富邦-竹東,2024-08-06,9625
2888,新光金,70,56,14,富邦-竹東,2024-08-06,9625
6485,點序,14,0,14,富邦-竹東,2024-08-06,9625
2388,威盛,16,2,14,富邦-竹東,2024-08-06,9625
2801,彰銀,16,2,14,富邦-竹東,2024-08-06,9625
1513,中興電,28,15,13,富邦-竹東,2024-08-06,9625
6215,和椿,19,6,13,富邦-竹東,2024-08-06,9625
006208,富邦台50,18,5,13,富邦-竹東,2024-08-06,9625
3035,智原,21,9,12,富邦-竹東,2024-08-06,9625
2392,正崴,18,6,12,富邦-竹東,2024-08-06,9625
4949,有成精密,12,0,12,富邦-竹東,2024-08-06,9625
8064,東捷,22,10,12,富邦-竹東,2024-08-06,9625
5484,慧友,11,0,11,富邦-竹東,2024-08-06,9625
2867,三商壽,11,0,11,富邦-竹東,2024-08-06,9625
2405,輔信,18,7,11,富邦-竹東,2024-08-06,9625
1314,中石化,21,10,11,富邦-竹東,2024-08-06,9625
8234,新漢,14,3,11,富邦-竹東,2024-08-06,9625
00712,復華富時不動產,305,1,304,富邦-竹東,2024-08-07,9625
00929,復華台灣科技優息,341,95,246,富邦-竹東,2024-08-07,9625
00940,元大台灣價值高息,249,9,240,富邦-竹東,2024-08-07,9625
3264,欣銓,214,0,214,富邦-竹東,2024-08-07,9625
2834,臺企銀,162,19,143,富邦-竹東,2024-08-07,9625
00632R,元大台灣50反1,120,2,118,富邦-竹東,2024-08-07,9625
00933B,國泰10Y+金融債,122,13,109,富邦-竹東,2024-08-07,9625
00935,野村臺灣新科技50,166,62,104,富邦-竹東,2024-08-07,9625
00934,中信成長高股息,89,4,85,富邦-竹東,2024-08-07,9625
00878,國泰永續高股息,104,25,79,富邦-竹東,2024-08-07,9625
2317,鴻海,119,55,64,富邦-竹東,2024-08-07,9625
2409,友達,72,11,61,富邦-竹東,2024-08-07,9625
00679B,元大美債20年,96,35,61,富邦-竹東,2024-08-07,9625
3019,亞光,42,7,35,富邦-竹東,2024-08-07,9625
3673,TPK-KY,32,0,32,富邦-竹東,2024-08-07,9625
1597,直得,41,11,30,富邦-竹東,2024-08-07,9625
2356,英業達,34,7,27,富邦-竹東,2024-08-07,9625
2408,南亞科,31,5,26,富邦-竹東,2024-08-07,9625
3490,單井,25,0,25,富邦-竹東,2024-08-07,9625
3588,通嘉,24,0,24,富邦-竹東,2024-08-07,9625
00951,台新日本半導體,22,0,22,富邦-竹東,2024-08-07,9625
00900,富邦特選高股息30,34,13,21,富邦-竹東,2024-08-07,9625
1309,台達化,20,0,20,富邦-竹東,2024-08-07,9625
00942B,台新美A公司債20+,20,0,20,富邦-竹東,2024-08-07,9625
00947,台新臺灣IC設計,20,0,20,富邦-竹東,2024-08-07,9625
2609,陽明,56,37,19,富邦-竹東,2024-08-07,9625
00881,國泰台灣5G+,23,4,19,富邦-竹東,2024-08-07,9625
2312,金寶,20,2,18,富邦-竹東,2024-08-07,9625
00696B,富邦美債20年,17,0,17,富邦-竹東,2024-08-07,9625
00891,中信關鍵半導體,20,3,17,富邦-竹東,2024-08-07,9625
00715L,期街口布蘭特正2,16,0,16,富邦-竹東,2024-08-07,9625
2606,裕民,20,5,15,富邦-竹東,2024-08-07,9625
2009,第一銅,15,0,15,富邦-竹東,2024-08-07,9625
9945,潤泰新,17,3,14,富邦-竹東,2024-08-07,9625
2354,鴻準,17,4,13,富邦-竹東,2024-08-07,9625
0056,元大高股息,15,3,12,富邦-竹東,2024-08-07,9625
1809,中釉,12,0,12,富邦-竹東,2024-08-07,9625
2362,藍天,12,0,12,富邦-竹東,2024-08-07,9625
3013,晟銘電,24,12,12,富邦-竹東,2024-08-07,9625
2886,兆豐金,15,3,12,富邦-竹東,2024-08-07,9625
0050,元大台灣50,23,11,12,富邦-竹東,2024-08-07,9625
6488,環球晶,12,1,11,富邦-竹東,2024-08-07,9625
1303,南亞,11,0,11,富邦-竹東,2024-08-07,9625
6213,聯茂,25,14,11,富邦-竹東,2024-08-07,9625
00896,中信綠能及電動車,10,0,10,富邦-竹東,2024-08-07,9625
4906,正文,10,0,10,富邦-竹東,2024-08-07,9625
00688L,國泰20年美債正2,12,2,10,富邦-竹東,2024-08-07,9625
9105,泰金寶-DR,11,1,10,富邦-竹東,2024-08-07,9625
3221,台嘉碩,10,0,10,富邦-竹東,2024-08-07,9625
00945B,凱基美國非投等債,10,0,10,富邦-竹東,2024-08-07,9625
3264,欣銓,230,0,230,富邦-竹東,2024-08-08,9625
2317,鴻海,215,39,176,富邦-竹東,2024-08-08,9625
00878,國泰永續高股息,223,86,137,富邦-竹東,2024-08-08,9625
00937B,群益ESG投等債20,222,116,106,富邦-竹東,2024-08-08,9625
00680L,元大美債20正2,84,3,81,富邦-竹東,2024-08-08,9625
00940,元大台灣價值高息,112,31,81,富邦-竹東,2024-08-08,9625
00945B,凱基美國非投等債,74,0,74,富邦-竹東,2024-08-08,9625
6603,富強鑫,69,2,67,富邦-竹東,2024-08-08,9625
2834,臺企銀,61,0,61,富邦-竹東,2024-08-08,9625
4510,高鋒,78,24,54,富邦-竹東,2024-08-08,9625
00932,兆豐永續高息等權,52,0,52,富邦-竹東,2024-08-08,9625
2356,英業達,60,17,43,富邦-竹東,2024-08-08,9625
00687B,國泰20年美債,41,0,41,富邦-竹東,2024-08-08,9625
2489,瑞軒,85,44,41,富邦-竹東,2024-08-08,9625
00679B,元大美債20年,52,13,39,富邦-竹東,2024-08-08,9625
2303,聯電,55,19,36,富邦-竹東,2024-08-08,9625
00919,群益台灣精選高息,36,3,33,富邦-竹東,2024-08-08,9625
6151,晉倫,31,0,31,富邦-竹東,2024-08-08,9625
2892,第一金,29,0,29,富邦-竹東,2024-08-08,9625
3481,群創,34,8,26,富邦-竹東,2024-08-08,9625
2886,兆豐金,28,2,26,富邦-竹東,2024-08-08,9625
00715L,期街口布蘭特正2,24,0,24,富邦-竹東,2024-08-08,9625
1514,亞力,27,5,22,富邦-竹東,2024-08-08,9625
0056,元大高股息,38,17,21,富邦-竹東,2024-08-08,9625
00881,國泰台灣5G+,25,5,20,富邦-竹東,2024-08-08,9625
3663,鑫科,57,37,20,富邦-竹東,2024-08-08,9625
1532,勤美,19,0,19,富邦-竹東,2024-08-08,9625
2618,長榮航,28,10,18,富邦-竹東,2024-08-08,9625
3205,佰研,18,0,18,富邦-竹東,2024-08-08,9625
00900,富邦特選高股息30,18,0,18,富邦-竹東,2024-08-08,9625
00939,統一台灣高息動能,17,0,17,富邦-竹東,2024-08-08,9625
2344,華邦電,18,1,17,富邦-竹東,2024-08-08,9625
3213,茂訊,17,0,17,富邦-竹東,2024-08-08,9625
2349,錸德,17,0,17,富邦-竹東,2024-08-08,9625
1326,台化,16,0,16,富邦-竹東,2024-08-08,9625
2103,台橡,16,0,16,富邦-竹東,2024-08-08,9625
00720B,元大投資級公司債,15,0,15,富邦-竹東,2024-08-08,9625
3231,緯創,34,20,14,富邦-竹東,2024-08-08,9625
2337,旺宏,17,5,12,富邦-竹東,2024-08-08,9625
00946,群益科技高息成長,19,7,12,富邦-竹東,2024-08-08,9625
6269,台郡,12,0,12,富邦-竹東,2024-08-08,9625
2330,台積電,26,15,11,富邦-竹東,2024-08-08,9625
8071,能率網通,13,2,11,富邦-竹東,2024-08-08,9625
6125,廣運,10,0,10,富邦-竹東,2024-08-08,9625
1714,和桐,10,0,10,富邦-竹東,2024-08-08,9625
1312,國喬,10,0,10,富邦-竹東,2024-08-08,9625
2883B,凱基金乙特,10,0,10,富邦-竹東,2024-08-08,9625
2537,聯上發,19,9,10,富邦-竹東,2024-08-08,9625
00934,中信成長高股息,14,5,9,富邦-竹東,2024-08-08,9625
00795B,中信美國公債20年,9,0,9,富邦-竹東,2024-08-08,9625
3264,欣銓,441,1,440,富邦-竹東,2024-08-09,9625
00937B,群益ESG投等債20,350,0,350,富邦-竹東,2024-08-09,9625
00679B,元大美債20年,297,39,258,富邦-竹東,2024-08-09,9625
00632R,元大台灣50反1,238,0,238,富邦-竹東,2024-08-09,9625
00687B,國泰20年美債,78,3,75,富邦-竹東,2024-08-09,9625
3019,亞光,91,23,68,富邦-竹東,2024-08-09,9625
00929,復華台灣科技優息,234,175,59,富邦-竹東,2024-08-09,9625
00936,台新永續高息中小,59,15,44,富邦-竹東,2024-08-09,9625
00945B,凱基美國非投等債,40,0,40,富邦-竹東,2024-08-09,9625
00948B,中信優息投資級債,39,0,39,富邦-竹東,2024-08-09,9625
2356,英業達,87,49,38,富邦-竹東,2024-08-09,9625
2002,中鋼,40,3,37,富邦-竹東,2024-08-09,9625
5880,合庫金,37,2,35,富邦-竹東,2024-08-09,9625
6285,啟��,31,0,31,富邦-竹東,2024-08-09,9625
6462,神盾,32,1,31,富邦-竹東,2024-08-09,9625
3041,揚智,30,0,30,富邦-竹東,2024-08-09,9625
2489,瑞軒,100,72,28,富邦-竹東,2024-08-09,9625
8071,能率網通,28,1,27,富邦-竹東,2024-08-09,9625
2882,國泰金,31,5,26,富邦-竹東,2024-08-09,9625
8089,康全電訊,32,6,26,富邦-竹東,2024-08-09,9625
5608,四維航,31,5,26,富邦-竹東,2024-08-09,9625
00918,大華優利高填息30,25,0,25,富邦-竹東,2024-08-09,9625
2891,中信金,26,1,25,富邦-竹東,2024-08-09,9625
2353,宏��,67,43,24,富邦-竹東,2024-08-09,9625
2365,昆盈,56,34,22,富邦-竹東,2024-08-09,9625
2706,第一店,20,0,20,富邦-竹東,2024-08-09,9625
2468,華經,20,0,20,富邦-竹東,2024-08-09,9625
2409,友達,34,14,20,富邦-竹東,2024-08-09,9625
2421,建準,19,1,18,富邦-竹東,2024-08-09,9625
2354,鴻準,29,11,18,富邦-竹東,2024-08-09,9625
1714,和桐,18,0,18,富邦-竹東,2024-08-09,9625
2405,輔信,17,0,17,富邦-竹東,2024-08-09,9625
5531,鄉林,16,0,16,富邦-竹東,2024-08-09,9625
1905,華紙,15,0,15,富邦-竹東,2024-08-09,9625
8349,�矬�,15,0,15,富邦-竹東,2024-08-09,9625
8210,勤誠,23,8,15,富邦-竹東,2024-08-09,9625
4534,慶騰,14,0,14,富邦-竹東,2024-08-09,9625
2337,旺宏,22,10,12,富邦-竹東,2024-08-09,9625
3081,聯亞,14,3,11,富邦-竹東,2024-08-09,9625
2486,一詮,16,5,11,富邦-竹東,2024-08-09,9625
3715,定穎投控,24,13,11,富邦-竹東,2024-08-09,9625
8064,東捷,14,3,11,富邦-竹東,2024-08-09,9625
2883,凱基金,39,28,11,富邦-竹東,2024-08-09,9625
4907,富宇,12,2,10,富邦-竹東,2024-08-09,9625
1473,台南,10,0,10,富邦-竹東,2024-08-09,9625
00894,中信小資高價30,10,0,10,富邦-竹東,2024-08-09,9625
00893,國泰智能電動車,10,0,10,富邦-竹東,2024-08-09,9625
00720B,元大投資級公司債,10,0,10,富邦-竹東,2024-08-09,9625
3044,健鼎,11,1,10,富邦-竹東,2024-08-09,9625
1314,中石化,25,16,9,富邦-竹東,2024-08-09,9625
00680L,元大美債20正2,414,4,410,富邦-竹東,2024-08-12,9625
3264,欣銓,319,0,319,富邦-竹東,2024-08-12,9625
3481,群創,229,36,193,富邦-竹東,2024-08-12,9625
2882,國泰金,173,8,165,富邦-竹東,2024-08-12,9625
00679B,元大美債20年,165,2,163,富邦-竹東,2024-08-12,9625
2888,新光金,262,146,116,富邦-竹東,2024-08-12,9625
00900,富邦特選高股息30,102,9,93,富邦-竹東,2024-08-12,9625
00932,兆豐永續高息等權,89,0,89,富邦-竹東,2024-08-12,9625
00929,復華台灣科技優息,187,101,86,富邦-竹東,2024-08-12,9625
2880,華南金,73,0,73,富邦-竹東,2024-08-12,9625
3037,欣興,77,19,58,富邦-竹東,2024-08-12,9625
2891,中信金,45,1,44,富邦-竹東,2024-08-12,9625
2883,凱基金,42,1,41,富邦-竹東,2024-08-12,9625
2312,金寶,54,14,40,富邦-竹東,2024-08-12,9625
2353,宏��,40,2,38,富邦-竹東,2024-08-12,9625
2801,彰銀,34,0,34,富邦-竹東,2024-08-12,9625
3024,憶聲,33,0,33,富邦-竹東,2024-08-12,9625
00688L,國泰20年美債正2,30,0,30,富邦-竹東,2024-08-12,9625
3030,德律,32,5,27,富邦-竹東,2024-08-12,9625
00936,台新永續高息中小,27,0,27,富邦-竹東,2024-08-12,9625
1618,合機,25,0,25,富邦-竹東,2024-08-12,9625
3535,晶彩科,28,5,23,富邦-竹東,2024-08-12,9625
00731,復華富時高息低波,23,1,22,富邦-竹東,2024-08-12,9625
3227,原相,26,6,20,富邦-竹東,2024-08-12,9625
00687B,國泰20年美債,20,1,19,富邦-竹東,2024-08-12,9625
00795B,中信美國公債20年,18,0,18,富邦-竹東,2024-08-12,9625
1597,直得,24,6,18,富邦-竹東,2024-08-12,9625
6216,居易,17,0,17,富邦-竹東,2024-08-12,9625
2834,臺企銀,17,0,17,富邦-竹東,2024-08-12,9625
2481,強茂,17,0,17,富邦-竹東,2024-08-12,9625
2610,華航,15,0,15,富邦-竹東,2024-08-12,9625
4153,鈺緯,15,0,15,富邦-竹東,2024-08-12,9625
2409,友達,16,1,15,富邦-竹東,2024-08-12,9625
2062,橋椿,16,2,14,富邦-竹東,2024-08-12,9625
00919,群益台灣精選高息,65,52,13,富邦-竹東,2024-08-12,9625
8011,台通,18,5,13,富邦-竹東,2024-08-12,9625
8105,凌巨,16,4,12,富邦-竹東,2024-08-12,9625
00945B,凱基美國非投等債,12,0,12,富邦-竹東,2024-08-12,9625
00891,中信關鍵半導體,22,10,12,富邦-竹東,2024-08-12,9625
00878,國泰永續高股息,40,28,12,富邦-竹東,2024-08-12,9625
2376,技嘉,13,2,11,富邦-竹東,2024-08-12,9625
3374,精材,22,11,11,富邦-竹東,2024-08-12,9625
2365,昆盈,56,45,11,富邦-竹東,2024-08-12,9625
2603,長榮,22,12,10,富邦-竹東,2024-08-12,9625
1563,巧新,10,0,10,富邦-竹東,2024-08-12,9625
2359,所羅門,35,25,10,富邦-竹東,2024-08-12,9625
2903,遠百,10,0,10,富邦-竹東,2024-08-12,9625
2641,正德,10,0,10,富邦-竹東,2024-08-12,9625
4555,氣立,10,0,10,富邦-竹東,2024-08-12,9625
2101,南港,10,0,10,富邦-竹東,2024-08-12,9625
00673R,期元大S＆P原油反1,302,0,302,富邦-竹東,2024-08-13,9625
00632R,元大台灣50反1,210,18,192,富邦-竹東,2024-08-13,9625
00679B,元大美債20年,106,1,105,富邦-竹東,2024-08-13,9625
00929,復華台灣科技優息,166,90,76,富邦-竹東,2024-08-13,9625
2002,中鋼,104,33,71,富邦-竹東,2024-08-13,9625
2834,臺企銀,65,0,65,富邦-竹東,2024-08-13,9625
2489,瑞軒,58,9,49,富邦-竹東,2024-08-13,9625
00680L,元大美債20正2,51,6,45,富邦-竹東,2024-08-13,9625
2880,華南金,45,0,45,富邦-竹東,2024-08-13,9625
00687B,國泰20年美債,57,16,41,富邦-竹東,2024-08-13,9625
00937B,群益ESG投等債20,39,1,38,富邦-竹東,2024-08-13,9625
1513,中興電,59,21,38,富邦-竹東,2024-08-13,9625
2103,台橡,46,10,36,富邦-竹東,2024-08-13,9625
00948B,中信優息投資級債,32,0,32,富邦-竹東,2024-08-13,9625
2801,彰銀,30,0,30,富邦-竹東,2024-08-13,9625
00878,國泰永續高股息,31,2,29,富邦-竹東,2024-08-13,9625
2884,玉山金,29,1,28,富邦-竹東,2024-08-13,9625
6269,台郡,28,2,26,富邦-竹東,2024-08-13,9625
4566,時碩工業,28,2,26,富邦-竹東,2024-08-13,9625
4720,德淵,28,2,26,富邦-竹東,2024-08-13,9625
9945,潤泰新,27,2,25,富邦-竹東,2024-08-13,9625
1609,大亞,51,27,24,富邦-竹東,2024-08-13,9625
1314,中石化,23,0,23,富邦-竹東,2024-08-13,9625
00907,永豐優息存股,23,0,23,富邦-竹東,2024-08-13,9625
2891,中信金,29,9,20,富邦-竹東,2024-08-13,9625
2615,萬海,28,10,18,富邦-竹東,2024-08-13,9625
00696B,富邦美債20年,18,0,18,富邦-竹東,2024-08-13,9625
00900,富邦特選高股息30,17,0,17,富邦-竹東,2024-08-13,9625
2486,一詮,19,3,16,富邦-竹東,2024-08-13,9625
2362,藍天,17,2,15,富邦-竹東,2024-08-13,9625
2481,強茂,15,0,15,富邦-竹東,2024-08-13,9625
5608,四維航,21,6,15,富邦-竹東,2024-08-13,9625
3312,弘憶股,17,2,15,富邦-竹東,2024-08-13,9625
3037,欣興,16,2,14,富邦-竹東,2024-08-13,9625
3231,緯創,18,5,13,富邦-竹東,2024-08-13,9625
2892,第一金,13,0,13,富邦-竹東,2024-08-13,9625
2353,宏��,12,0,12,富邦-竹東,2024-08-13,9625
5880,合庫金,16,4,12,富邦-竹東,2024-08-13,9625
1514,亞力,29,18,11,富邦-竹東,2024-08-13,9625
2520,冠德,15,4,11,富邦-竹東,2024-08-13,9625
2449,京元電子,26,15,11,富邦-竹東,2024-08-13,9625
2409,友達,10,0,10,富邦-竹東,2024-08-13,9625
2516,新建,10,0,10,富邦-竹東,2024-08-13,9625
4147,中裕,10,0,10,富邦-竹東,2024-08-13,9625
2399,映泰,10,0,10,富邦-竹東,2024-08-13,9625
00945B,凱基美國非投等債,10,0,10,富邦-竹東,2024-08-13,9625
5258,虹堡,10,0,10,富邦-竹東,2024-08-13,9625
6217,中探針,10,0,10,富邦-竹東,2024-08-13,9625
5309,系統電,10,1,9,富邦-竹東,2024-08-13,9625
2881,富邦金,14,5,9,富邦-竹東,2024-08-13,9625
00680L,元大美債20正2,355,3,352,富邦-竹東,2024-08-14,9625
5608,四維航,100,0,100,富邦-竹東,2024-08-14,9625
00878,國泰永續高股息,106,15,91,富邦-竹東,2024-08-14,9625
00918,大華優利高填息30,75,0,75,富邦-竹東,2024-08-14,9625
00687B,國泰20年美債,103,30,73,富邦-竹東,2024-08-14,9625
4566,時碩工業,92,23,69,富邦-竹東,2024-08-14,9625
00900,富邦特選高股息30,61,0,61,富邦-竹東,2024-08-14,9625
8096,擎亞,56,7,49,富邦-竹東,2024-08-14,9625
00881,國泰台灣5G+,61,15,46,富邦-竹東,2024-08-14,9625
1101,台泥,48,2,46,富邦-竹東,2024-08-14,9625
00679B,元大美債20年,46,0,46,富邦-竹東,2024-08-14,9625
00929,復華台灣科技優息,132,90,42,富邦-竹東,2024-08-14,9625
6757,台灣虎航,40,0,40,富邦-竹東,2024-08-14,9625
00932,兆豐永續高息等權,31,0,31,富邦-竹東,2024-08-14,9625
4303,信立,33,2,31,富邦-竹東,2024-08-14,9625
00671R,富邦NASDAQ反1,28,0,28,富邦-竹東,2024-08-14,9625
5452,佶優,30,3,27,富邦-竹東,2024-08-14,9625
2324,仁寶,30,3,27,富邦-竹東,2024-08-14,9625
2880,華南金,26,0,26,富邦-竹東,2024-08-14,9625
1597,直得,31,5,26,富邦-竹東,2024-08-14,9625
2356,英業達,49,24,25,富邦-竹東,2024-08-14,9625
3227,原相,25,1,24,富邦-竹東,2024-08-14,9625
3587,閎康,26,3,23,富邦-竹東,2024-08-14,9625
00632R,元大台灣50反1,23,2,21,富邦-竹東,2024-08-14,9625
4533,協易機,30,13,17,富邦-竹東,2024-08-14,9625
2609,陽明,30,13,17,富邦-竹東,2024-08-14,9625
00937B,群益ESG投等債20,22,5,17,富邦-竹東,2024-08-14,9625
4562,穎漢,123,108,15,富邦-竹東,2024-08-14,9625
00907,永豐優息存股,20,5,15,富邦-竹東,2024-08-14,9625
2607,榮運,20,5,15,富邦-竹東,2024-08-14,9625
2888,新光金,55,42,13,富邦-竹東,2024-08-14,9625
00946,群益科技高息成長,13,0,13,富邦-竹東,2024-08-14,9625
2367,燿華,15,3,12,富邦-竹東,2024-08-14,9625
2365,昆盈,91,79,12,富邦-竹東,2024-08-14,9625
9902,台火,11,0,11,富邦-竹東,2024-08-14,9625
8028,昇陽半導體,37,26,11,富邦-竹東,2024-08-14,9625
00712,復華富時不動產,11,0,11,富邦-竹東,2024-08-14,9625
2467,志聖,11,0,11,富邦-竹東,2024-08-14,9625
2382,廣達,15,5,10,富邦-竹東,2024-08-14,9625
5443,均豪,21,11,10,富邦-竹東,2024-08-14,9625
2070,精湛,12,2,10,富邦-竹東,2024-08-14,9625
00675L,富邦臺灣加權正2,14,4,10,富邦-竹東,2024-08-14,9625
00688L,國泰20年美債正2,11,1,10,富邦-竹東,2024-08-14,9625
2399,映泰,10,0,10,富邦-竹東,2024-08-14,9625
00947,台新臺灣IC設計,10,0,10,富邦-竹東,2024-08-14,9625
8067,志旭,10,0,10,富邦-竹東,2024-08-14,9625
3231,緯創,41,31,10,富邦-竹東,2024-08-14,9625
4534,慶騰,12,2,10,富邦-竹東,2024-08-14,9625
2408,南亞科,18,9,9,富邦-竹東,2024-08-14,9625
1409,新纖,10,1,9,富邦-竹東,2024-08-14,9625
3264,欣銓,551,0,551,富邦-竹東,2024-08-15,9625
00878,國泰永續高股息,526,1,525,富邦-竹東,2024-08-15,9625
00900,富邦特選高股息30,212,0,212,富邦-竹東,2024-08-15,9625
00929,復華台灣科技優息,222,12,210,富邦-竹東,2024-08-15,9625
00687B,國泰20年美債,169,2,167,富邦-竹東,2024-08-15,9625
00679B,元大美債20年,128,23,105,富邦-竹東,2024-08-15,9625
00715L,期街口布蘭特正2,101,0,101,富邦-竹東,2024-08-15,9625
00680L,元大美債20正2,202,117,85,富邦-竹東,2024-08-15,9625
00881,國泰台灣5G+,53,5,48,富邦-竹東,2024-08-15,9625
3715,定穎投控,56,15,41,富邦-竹東,2024-08-15,9625
8096,擎亞,99,60,39,富邦-竹東,2024-08-15,9625
2891,中信金,40,1,39,富邦-竹東,2024-08-15,9625
2201,裕隆,32,0,32,富邦-竹東,2024-08-15,9625
00795B,中信美國公債20年,30,0,30,富邦-竹東,2024-08-15,9625
1101,台泥,29,2,27,富邦-竹東,2024-08-15,9625
2317,鴻海,45,19,26,富邦-竹東,2024-08-15,9625
3037,欣興,27,1,26,富邦-竹東,2024-08-15,9625
2489,瑞軒,154,130,24,富邦-竹東,2024-08-15,9625
3019,亞光,42,19,23,富邦-竹東,2024-08-15,9625
00932,兆豐永續高息等權,21,0,21,富邦-竹東,2024-08-15,9625
00891,中信關鍵半導體,20,0,20,富邦-竹東,2024-08-15,9625
00665L,富邦�琤肭磪囓�2,20,0,20,富邦-竹東,2024-08-15,9625
5202,力新,21,1,20,富邦-竹東,2024-08-15,9625
6649,台生材,18,0,18,富邦-竹東,2024-08-15,9625
4555,氣立,18,0,18,富邦-竹東,2024-08-15,9625
2031,新光鋼,19,1,18,富邦-竹東,2024-08-15,9625
0056,元大高股息,24,7,17,富邦-竹東,2024-08-15,9625
2892,第一金,17,0,17,富邦-竹東,2024-08-15,9625
3663,鑫科,66,49,17,富邦-竹東,2024-08-15,9625
2409,友達,23,6,17,富邦-竹東,2024-08-15,9625
2543,皇昌,19,2,17,富邦-竹東,2024-08-15,9625
2371,大同,22,5,17,富邦-竹東,2024-08-15,9625
3231,緯創,19,2,17,富邦-竹東,2024-08-15,9625
3588,通嘉,16,0,16,富邦-竹東,2024-08-15,9625
2376,技嘉,26,11,15,富邦-竹東,2024-08-15,9625
1709,和益,15,0,15,富邦-竹東,2024-08-15,9625
00724B,群益投資級金融債,15,0,15,富邦-竹東,2024-08-15,9625
4707,磐亞,15,0,15,富邦-竹東,2024-08-15,9625
2905,三商,15,0,15,富邦-竹東,2024-08-15,9625
00936,台新永續高息中小,22,10,12,富邦-竹東,2024-08-15,9625
2312,金寶,89,77,12,富邦-竹東,2024-08-15,9625
5371,中光電,17,5,12,富邦-竹東,2024-08-15,9625
4540,全球傳動,22,10,12,富邦-竹東,2024-08-15,9625
00945B,凱基美國非投等債,12,0,12,富邦-竹東,2024-08-15,9625
6560,欣普羅,12,0,12,富邦-竹東,2024-08-15,9625
6160,欣技,11,0,11,富邦-竹東,2024-08-15,9625
2405,輔信,11,0,11,富邦-竹東,2024-08-15,9625
3312,弘憶股,20,9,11,富邦-竹東,2024-08-15,9625
8049,晶采,10,0,10,富邦-竹東,2024-08-15,9625
8277,商丞,10,0,10,富邦-竹東,2024-08-15,9625
00676R,富邦臺灣加權反1,305,0,305,富邦-竹東,2024-08-16,9625
00712,復華富時不動產,300,16,284,富邦-竹東,2024-08-16,9625
00932,兆豐永續高息等權,200,1,199,富邦-竹東,2024-08-16,9625
00937B,群益ESG投等債20,366,206,160,富邦-竹東,2024-08-16,9625
00632R,元大台灣50反1,283,160,123,富邦-竹東,2024-08-16,9625
2002,中鋼,81,0,81,富邦-竹東,2024-08-16,9625
2543,皇昌,58,6,52,富邦-竹東,2024-08-16,9625
00679B,元大美債20年,152,105,47,富邦-竹東,2024-08-16,9625
00687B,國泰20年美債,197,155,42,富邦-竹東,2024-08-16,9625
00940,元大台灣價值高息,49,7,42,富邦-竹東,2024-08-16,9625
2834,臺企銀,41,5,36,富邦-竹東,2024-08-16,9625
2845,遠東銀,26,0,26,富邦-竹東,2024-08-16,9625
00927,群益半導體收益,28,3,25,富邦-竹東,2024-08-16,9625
00900,富邦特選高股息30,44,20,24,富邦-竹東,2024-08-16,9625
8096,擎亞,45,23,22,富邦-竹東,2024-08-16,9625
3413,京鼎,25,4,21,富邦-竹東,2024-08-16,9625
00752,中信中國50,20,0,20,富邦-竹東,2024-08-16,9625
5905,南仁湖,31,11,20,富邦-竹東,2024-08-16,9625
1714,和桐,19,0,19,富邦-竹東,2024-08-16,9625
2062,橋椿,30,13,17,富邦-竹東,2024-08-16,9625
3715,定穎投控,36,20,16,富邦-竹東,2024-08-16,9625
00878,國泰永續高股息,81,65,16,富邦-竹東,2024-08-16,9625
00947,台新臺灣IC設計,10,0,10,富邦-竹東,2024-08-16,9625
3227,原相,25,15,10,富邦-竹東,2024-08-16,9625
1711,永光,10,0,10,富邦-竹東,2024-08-16,9625
5355,佳總,10,0,10,富邦-竹東,2024-08-16,9625
9934,成霖,10,0,10,富邦-竹東,2024-08-16,9625
5225,東科-KY,11,1,10,富邦-竹東,2024-08-16,9625
6658,聯策,10,0,10,富邦-竹東,2024-08-16,9625
3535,晶彩科,16,7,9,富邦-竹東,2024-08-16,9625
00936,台新永續高息中小,9,0,9,富邦-竹東,2024-08-16,9625
00881,國泰台灣5G+,12,3,9,富邦-竹東,2024-08-16,9625
4549,桓達,10,1,9,富邦-竹東,2024-08-16,9625
006208,富邦台50,10,2,8,富邦-竹東,2024-08-16,9625
2406,國碩,9,1,8,富邦-竹東,2024-08-16,9625
3605,宏致,8,0,8,富邦-竹東,2024-08-16,9625
00918,大華優利高填息30,8,0,8,富邦-竹東,2024-08-16,9625
00923,群益台ESG低碳50,9,1,8,富邦-竹東,2024-08-16,9625
3037,欣興,11,3,8,富邦-竹東,2024-08-16,9625
6785,昱展新藥,10,2,8,富邦-竹東,2024-08-16,9625
3663,鑫科,30,23,7,富邦-竹東,2024-08-16,9625
00731,復華富時高息低波,7,0,7,富邦-竹東,2024-08-16,9625
3030,德律,11,4,7,富邦-竹東,2024-08-16,9625
3712,永崴投控,22,15,7,富邦-竹東,2024-08-16,9625
3576,聯合再生,7,0,7,富邦-竹東,2024-08-16,9625
6695,芯鼎,13,6,7,富邦-竹東,2024-08-16,9625
1301,台塑,6,0,6,富邦-竹東,2024-08-16,9625
1809,中釉,6,0,6,富邦-竹東,2024-08-16,9625
00706L,期元大S＆P日圓正2,6,0,6,富邦-竹東,2024-08-16,9625
4906,正文,12,6,6,富邦-竹東,2024-08-16,9625
00712,復華富時不動產,319,13,306,富邦-竹東,2024-08-19,9625
00929,復華台灣科技優息,332,55,277,富邦-竹東,2024-08-19,9625
00715L,期街口布蘭特正2,157,0,157,富邦-竹東,2024-08-19,9625
2888,新光金,164,45,119,富邦-竹東,2024-08-19,9625
00919,群益台灣精選高息,161,48,113,富邦-竹東,2024-08-19,9625
00687B,國泰20年美債,118,6,112,富邦-竹東,2024-08-19,9625
00679B,元大美債20年,158,70,88,富邦-竹東,2024-08-19,9625
2882,國泰金,87,6,81,富邦-竹東,2024-08-19,9625
2489,瑞軒,143,77,66,富邦-竹東,2024-08-19,9625
00878,國泰永續高股息,69,9,60,富邦-竹東,2024-08-19,9625
5905,南仁湖,45,1,44,富邦-竹東,2024-08-19,9625
2002,中鋼,77,36,41,富邦-竹東,2024-08-19,9625
00937B,群益ESG投等債20,117,80,37,富邦-竹東,2024-08-19,9625
2881,富邦金,40,3,37,富邦-竹東,2024-08-19,9625
4906,正文,33,1,32,富邦-竹東,2024-08-19,9625
8028,昇陽半導體,175,144,31,富邦-竹東,2024-08-19,9625
2354,鴻準,41,11,30,富邦-竹東,2024-08-19,9625
2891,中信金,26,0,26,富邦-竹東,2024-08-19,9625
6609,瀧澤科,28,2,26,富邦-竹東,2024-08-19,9625
1316,上曜,32,9,23,富邦-竹東,2024-08-19,9625
00918,大華優利高填息30,23,0,23,富邦-竹東,2024-08-19,9625
3047,訊舟,64,42,22,富邦-竹東,2024-08-19,9625
2406,國碩,22,0,22,富邦-竹東,2024-08-19,9625
00706L,期元大S＆P日圓正2,20,0,20,富邦-竹東,2024-08-19,9625
8046,南電,19,0,19,富邦-竹東,2024-08-19,9625
00915,凱基優選高股息30,18,0,18,富邦-竹東,2024-08-19,9625
1611,中電,18,0,18,富邦-竹東,2024-08-19,9625
2883,凱基金,25,7,18,富邦-竹東,2024-08-19,9625
1540,喬福,18,2,16,富邦-竹東,2024-08-19,9625
2618,長榮航,35,20,15,富邦-竹東,2024-08-19,9625
00664R,國泰臺灣加權反1,15,0,15,富邦-竹東,2024-08-19,9625
3059,華晶科,14,0,14,富邦-竹東,2024-08-19,9625
3037,欣興,15,1,14,富邦-竹東,2024-08-19,9625
3019,亞光,29,15,14,富邦-竹東,2024-08-19,9625
5484,慧友,14,1,13,富邦-竹東,2024-08-19,9625
5371,中光電,16,3,13,富邦-竹東,2024-08-19,9625
00907,永豐優息存股,23,10,13,富邦-竹東,2024-08-19,9625
00933B,國泰10Y+金融債,13,0,13,富邦-竹東,2024-08-19,9625
00637L,元大滬深300正2,16,3,13,富邦-竹東,2024-08-19,9625
6207,雷科,39,26,13,富邦-竹東,2024-08-19,9625
4566,時碩工業,24,11,13,富邦-竹東,2024-08-19,9625
00948B,中信優息投資級債,13,0,13,富邦-竹東,2024-08-19,9625
8374,羅昇,20,7,13,富邦-竹東,2024-08-19,9625
00725B,國泰投資級公司債,16,4,12,富邦-竹東,2024-08-19,9625
2453,凌群,11,0,11,富邦-竹東,2024-08-19,9625
2106,建大,10,0,10,富邦-竹東,2024-08-19,9625
1301,台塑,10,0,10,富邦-竹東,2024-08-19,9625
4147,中裕,10,0,10,富邦-竹東,2024-08-19,9625
00900,富邦特選高股息30,24,14,10,富邦-竹東,2024-08-19,9625
3581,博磊,11,1,10,富邦-竹東,2024-08-19,9625
2882,國泰金,269,0,269,富邦-竹東,2024-08-20,9625
00795B,中信美國公債20年,210,0,210,富邦-竹東,2024-08-20,9625
00664R,國泰臺灣加權反1,150,10,140,富邦-竹東,2024-08-20,9625
00642U,期元大S＆P石油,102,0,102,富邦-竹東,2024-08-20,9625
00929,復華台灣科技優息,114,24,90,富邦-竹東,2024-08-20,9625
00715L,期街口布蘭特正2,79,0,79,富邦-竹東,2024-08-20,9625
2363,矽統,81,8,73,富邦-竹東,2024-08-20,9625
00665L,富邦�琤肭磪囓�2,66,10,56,富邦-竹東,2024-08-20,9625
00923,群益台ESG低碳50,55,0,55,富邦-竹東,2024-08-20,9625
00632R,元大台灣50反1,55,0,55,富邦-竹東,2024-08-20,9625
00937B,群益ESG投等債20,46,0,46,富邦-竹東,2024-08-20,9625
1785,光洋科,68,25,43,富邦-竹東,2024-08-20,9625
2401,凌陽,42,4,38,富邦-竹東,2024-08-20,9625
00919,群益台灣精選高息,56,21,35,富邦-竹東,2024-08-20,9625
1714,和桐,30,0,30,富邦-竹東,2024-08-20,9625
5347,世界,34,6,28,富邦-竹東,2024-08-20,9625
00940,元大台灣價值高息,69,43,26,富邦-竹東,2024-08-20,9625
2883,凱基金,30,4,26,富邦-竹東,2024-08-20,9625
2317,鴻海,52,29,23,富邦-竹東,2024-08-20,9625
4967,十銓,20,0,20,富邦-竹東,2024-08-20,9625
2441,超豐,20,0,20,富邦-竹東,2024-08-20,9625
00650L,復華香港正2,20,2,18,富邦-竹東,2024-08-20,9625
2881,富邦金,19,2,17,富邦-竹東,2024-08-20,9625
00945B,凱基美國非投等債,17,0,17,富邦-竹東,2024-08-20,9625
2464,盟立,26,9,17,富邦-竹東,2024-08-20,9625
1504,東元,17,1,16,富邦-竹東,2024-08-20,9625
2405,輔信,16,0,16,富邦-竹東,2024-08-20,9625
3312,弘憶股,40,24,16,富邦-竹東,2024-08-20,9625
00878,國泰永續高股息,42,26,16,富邦-竹東,2024-08-20,9625
00687B,國泰20年美債,27,12,15,富邦-竹東,2024-08-20,9625
00688L,國泰20年美債正2,15,0,15,富邦-竹東,2024-08-20,9625
6215,和椿,18,3,15,富邦-竹東,2024-08-20,9625
2834,臺企銀,35,20,15,富邦-竹東,2024-08-20,9625
2323,中環,22,8,14,富邦-竹東,2024-08-20,9625
00713,元大台灣高息低波,13,0,13,富邦-竹東,2024-08-20,9625
8070,長華*,13,0,13,富邦-竹東,2024-08-20,9625
00933B,國泰10Y+金融債,12,0,12,富邦-竹東,2024-08-20,9625
4109,加捷生醫,17,5,12,富邦-竹東,2024-08-20,9625
3707,漢磊,15,3,12,富邦-竹東,2024-08-20,9625
4562,穎漢,16,5,11,富邦-竹東,2024-08-20,9625
2845,遠東銀,12,1,11,富邦-竹東,2024-08-20,9625
3673,TPK-KY,11,0,11,富邦-竹東,2024-08-20,9625
3663,鑫科,31,21,10,富邦-竹東,2024-08-20,9625
00907,永豐優息存股,30,20,10,富邦-竹東,2024-08-20,9625
00725B,國泰投資級公司債,10,0,10,富邦-竹東,2024-08-20,9625
1101,台泥,10,0,10,富邦-竹東,2024-08-20,9625
00948B,中信優息投資級債,10,0,10,富邦-竹東,2024-08-20,9625
3038,全台,10,0,10,富邦-竹東,2024-08-20,9625
2104,國際中橡,10,0,10,富邦-竹東,2024-08-20,9625
3580,友威科,88,78,10,富邦-竹東,2024-08-20,9625
00632R,元大台灣50反1,665,10,655,富邦-竹東,2024-08-21,9625
00680L,元大美債20正2,434,7,427,富邦-竹東,2024-08-21,9625
00664R,國泰臺灣加權反1,220,0,220,富邦-竹東,2024-08-21,9625
2882,國泰金,170,1,169,富邦-竹東,2024-08-21,9625
00929,復華台灣科技優息,153,34,119,富邦-竹東,2024-08-21,9625
2891,中信金,118,0,118,富邦-竹東,2024-08-21,9625
00665L,富邦�琤肭磪囓�2,106,2,104,富邦-竹東,2024-08-21,9625
00919,群益台灣精選高息,120,19,101,富邦-竹東,2024-08-21,9625
00687B,國泰20年美債,138,70,68,富邦-竹東,2024-08-21,9625
6757,台灣虎航,60,0,60,富邦-竹東,2024-08-21,9625
2543,皇昌,60,10,50,富邦-竹東,2024-08-21,9625
2317,鴻海,56,7,49,富邦-竹東,2024-08-21,9625
8210,勤誠,42,1,41,富邦-竹東,2024-08-21,9625
3264,欣銓,50,10,40,富邦-竹東,2024-08-21,9625
00900,富邦特選高股息30,36,0,36,富邦-竹東,2024-08-21,9625
3535,晶彩科,51,22,29,富邦-竹東,2024-08-21,9625
00918,大華優利高填息30,26,0,26,富邦-竹東,2024-08-21,9625
00923,群益台ESG低碳50,25,1,24,富邦-竹東,2024-08-21,9625
1582,信錦,23,0,23,富邦-竹東,2024-08-21,9625
1711,永光,28,5,23,富邦-竹東,2024-08-21,9625
00878,國泰永續高股息,28,5,23,富邦-竹東,2024-08-21,9625
00937B,群益ESG投等債20,36,15,21,富邦-竹東,2024-08-21,9625
00932,兆豐永續高息等權,20,0,20,富邦-竹東,2024-08-21,9625
3712,永崴投控,21,1,20,富邦-竹東,2024-08-21,9625
00679B,元大美債20年,23,5,18,富邦-竹東,2024-08-21,9625
9105,泰金寶-DR,18,1,17,富邦-竹東,2024-08-21,9625
3163,波若威,30,13,17,富邦-竹東,2024-08-21,9625
2886,兆豐金,15,0,15,富邦-竹東,2024-08-21,9625
00715L,期街口布蘭特正2,15,0,15,富邦-竹東,2024-08-21,9625
3059,華晶科,17,2,15,富邦-竹東,2024-08-21,9625
3062,建漢,15,0,15,富邦-竹東,2024-08-21,9625
00946,群益科技高息成長,14,0,14,富邦-竹東,2024-08-21,9625
2440,太空梭,14,0,14,富邦-竹東,2024-08-21,9625
4906,正文,41,28,13,富邦-竹東,2024-08-21,9625
00882,中信中國高股息,12,0,12,富邦-竹東,2024-08-21,9625
2034,允強,12,0,12,富邦-竹東,2024-08-21,9625
0056,元大高股息,12,1,11,富邦-竹東,2024-08-21,9625
5905,南仁湖,34,23,11,富邦-竹東,2024-08-21,9625
2356,英業達,16,5,11,富邦-竹東,2024-08-21,9625
2388,威盛,15,4,11,富邦-竹東,2024-08-21,9625
2618,長榮航,32,21,11,富邦-竹東,2024-08-21,9625
2834,臺企銀,11,0,11,富邦-竹東,2024-08-21,9625
1301,台塑,13,2,11,富邦-竹東,2024-08-21,9625
5009,榮剛,10,0,10,富邦-竹東,2024-08-21,9625
00927,群益半導體收益,10,0,10,富邦-竹東,2024-08-21,9625
1312,國喬,10,0,10,富邦-竹東,2024-08-21,9625
3171,炎洲流通,10,0,10,富邦-竹東,2024-08-21,9625
1409,新纖,10,0,10,富邦-竹東,2024-08-21,9625
1326,台化,11,1,10,富邦-竹東,2024-08-21,9625
00931B,統一美債20年,16,7,9,富邦-竹東,2024-08-21,9625
2882,國泰金,251,0,251,富邦-竹東,2024-08-22,9625
2349,錸德,266,93,173,富邦-竹東,2024-08-22,9625
00919,群益台灣精選高息,165,2,163,富邦-竹東,2024-08-22,9625
3264,欣銓,67,2,65,富邦-竹東,2024-08-22,9625
00650L,復華香港正2,60,0,60,富邦-竹東,2024-08-22,9625
00680L,元大美債20正2,57,4,53,富邦-竹東,2024-08-22,9625
3587,閎康,53,1,52,富邦-竹東,2024-08-22,9625
00637L,元大滬深300正2,50,0,50,富邦-竹東,2024-08-22,9625
2891,中信金,44,2,42,富邦-竹東,2024-08-22,9625
6757,台灣虎航,40,0,40,富邦-竹東,2024-08-22,9625
2385,群光,40,0,40,富邦-竹東,2024-08-22,9625
2890,永豐金,39,0,39,富邦-竹東,2024-08-22,9625
00715L,期街口布蘭特正2,34,0,34,富邦-竹東,2024-08-22,9625
00878,國泰永續高股息,44,16,28,富邦-竹東,2024-08-22,9625
2317,鴻海,45,18,27,富邦-竹東,2024-08-22,9625
00953B,群益優選非投等債,29,2,27,富邦-竹東,2024-08-22,9625
2486,一詮,26,0,26,富邦-竹東,2024-08-22,9625
00934,中信成長高股息,26,1,25,富邦-竹東,2024-08-22,9625
2834,臺企銀,24,0,24,富邦-竹東,2024-08-22,9625
00907,永豐優息存股,22,0,22,富邦-竹東,2024-08-22,9625
00929,復華台灣科技優息,79,57,22,富邦-竹東,2024-08-22,9625
00936,台新永續高息中小,20,0,20,富邦-竹東,2024-08-22,9625
2408,南亞科,20,0,20,富邦-竹東,2024-08-22,9625
1312,國喬,20,0,20,富邦-竹東,2024-08-22,9625
00795B,中信美國公債20年,20,0,20,富邦-竹東,2024-08-22,9625
00882,中信中國高股息,20,0,20,富邦-竹東,2024-08-22,9625
2354,鴻準,23,4,19,富邦-竹東,2024-08-22,9625
3645,達邁,21,3,18,富邦-竹東,2024-08-22,9625
5443,均豪,31,13,18,富邦-竹東,2024-08-22,9625
2062,橋椿,21,4,17,富邦-竹東,2024-08-22,9625
2883,凱基金,20,3,17,富邦-竹東,2024-08-22,9625
3062,建漢,16,0,16,富邦-竹東,2024-08-22,9625
5347,世界,17,2,15,富邦-竹東,2024-08-22,9625
2867,三商壽,14,0,14,富邦-竹東,2024-08-22,9625
2440,太空梭,14,0,14,富邦-竹東,2024-08-22,9625
2365,昆盈,38,25,13,富邦-竹東,2024-08-22,9625
3312,弘憶股,21,8,13,富邦-竹東,2024-08-22,9625
6505,台塑化,18,5,13,富邦-竹東,2024-08-22,9625
2542,興富發,83,71,12,富邦-竹東,2024-08-22,9625
1522,堤維西,13,1,12,富邦-竹東,2024-08-22,9625
2356,英業達,13,2,11,富邦-竹東,2024-08-22,9625
2406,國碩,13,2,11,富邦-竹東,2024-08-22,9625
9941A,裕融甲特,11,0,11,富邦-竹東,2024-08-22,9625
3689,湧德,32,21,11,富邦-竹東,2024-08-22,9625
3374,精材,40,29,11,富邦-竹東,2024-08-22,9625
9955,佳龍,10,0,10,富邦-竹東,2024-08-22,9625
3059,華晶科,16,6,10,富邦-竹東,2024-08-22,9625
1710,東聯,10,0,10,富邦-竹東,2024-08-22,9625
00730,富邦臺灣優質高息,10,0,10,富邦-竹東,2024-08-22,9625
5009,榮剛,10,0,10,富邦-竹東,2024-08-22,9625
00632R,元大台灣50反1,1061,161,900,富邦-竹東,2024-08-23,9625
1314,中石化,94,11,83,富邦-竹東,2024-08-23,9625
00918,大華優利高填息30,104,23,81,富邦-竹東,2024-08-23,9625
2891,中信金,59,12,47,富邦-竹東,2024-08-23,9625
00919,群益台灣精選高息,57,17,40,富邦-竹東,2024-08-23,9625
00937B,群益ESG投等債20,39,0,39,富邦-竹東,2024-08-23,9625
00725B,國泰投資級公司債,31,0,31,富邦-竹東,2024-08-23,9625
00715L,期街口布蘭特正2,34,3,31,富邦-竹東,2024-08-23,9625
2349,錸德,77,49,28,富邦-竹東,2024-08-23,9625
2105,正新,28,0,28,富邦-竹東,2024-08-23,9625
00929,復華台灣科技優息,67,40,27,富邦-竹東,2024-08-23,9625
2312,金寶,30,5,25,富邦-竹東,2024-08-23,9625
1809,中釉,25,0,25,富邦-竹東,2024-08-23,9625
1711,永光,65,41,24,富邦-竹東,2024-08-23,9625
3402,漢科,23,0,23,富邦-竹東,2024-08-23,9625
1326,台化,23,0,23,富邦-竹東,2024-08-23,9625
9105,泰金寶-DR,22,1,21,富邦-竹東,2024-08-23,9625
6505,台塑化,20,0,20,富邦-竹東,2024-08-23,9625
00951,台新日本半導體,20,0,20,富邦-竹東,2024-08-23,9625
2834,臺企銀,49,29,20,富邦-竹東,2024-08-23,9625
6156,松上,20,0,20,富邦-竹東,2024-08-23,9625
2614,東森,20,0,20,富邦-竹東,2024-08-23,9625
00932,兆豐永續高息等權,20,0,20,富邦-竹東,2024-08-23,9625
5009,榮剛,20,0,20,富邦-竹東,2024-08-23,9625
00915,凱基優選高股息30,98,81,17,富邦-竹東,2024-08-23,9625
2356,英業達,21,4,17,富邦-竹東,2024-08-23,9625
00795B,中信美國公債20年,16,0,16,富邦-竹東,2024-08-23,9625
1708,東鹼,21,5,16,富邦-竹東,2024-08-23,9625
2882,國泰金,16,0,16,富邦-竹東,2024-08-23,9625
5309,系統電,24,8,16,富邦-竹東,2024-08-23,9625
3522,御嵿,18,3,15,富邦-竹東,2024-08-23,9625
00764B,群益25年美債,14,0,14,富邦-竹東,2024-08-23,9625
00934,中信成長高股息,19,6,13,富邦-竹東,2024-08-23,9625
2382,廣達,13,1,12,富邦-竹東,2024-08-23,9625
2449,京元電子,18,6,12,富邦-竹東,2024-08-23,9625
6133,金橋,20,8,12,富邦-竹東,2024-08-23,9625
0056,元大高股息,24,12,12,富邦-竹東,2024-08-23,9625
2337,旺宏,13,2,11,富邦-竹東,2024-08-23,9625
4906,正文,16,5,11,富邦-竹東,2024-08-23,9625
5225,東科-KY,11,0,11,富邦-竹東,2024-08-23,9625
6216,居易,11,0,11,富邦-竹東,2024-08-23,9625
3059,華晶科,12,1,11,富邦-竹東,2024-08-23,9625
6649,台生材,11,0,11,富邦-竹東,2024-08-23,9625
00688L,國泰20年美債正2,11,0,11,富邦-竹東,2024-08-23,9625
1609,大亞,23,12,11,富邦-竹東,2024-08-23,9625
00891,中信關鍵半導體,18,8,10,富邦-竹東,2024-08-23,9625
2890,永豐金,10,0,10,富邦-竹東,2024-08-23,9625
00949,復華日本龍頭,10,0,10,富邦-竹東,2024-08-23,9625
00927,群益半導體收益,18,8,10,富邦-竹東,2024-08-23,9625
00646,元大S＆P500,10,0,10,富邦-竹東,2024-08-23,9625
00687B,國泰20年美債,203,11,192,富邦-竹東,2024-08-26,9625
00934,中信成長高股息,140,0,140,富邦-竹東,2024-08-26,9625
2353,宏��,106,27,79,富邦-竹東,2024-08-26,9625
2409,友達,89,31,58,富邦-竹東,2024-08-26,9625
00937B,群益ESG投等債20,56,1,55,富邦-竹東,2024-08-26,9625
1609,大亞,47,5,42,富邦-竹東,2024-08-26,9625
2891,中信金,46,14,32,富邦-竹東,2024-08-26,9625
5512,力麒,30,0,30,富邦-竹東,2024-08-26,9625
2349,錸德,34,10,24,富邦-竹東,2024-08-26,9625
2882,國泰金,41,17,24,富邦-竹東,2024-08-26,9625
6215,和椿,21,0,21,富邦-竹東,2024-08-26,9625
3715,定穎投控,23,2,21,富邦-竹東,2024-08-26,9625
2365,昆盈,23,4,19,富邦-竹東,2024-08-26,9625
2356,英業達,23,6,17,富邦-竹東,2024-08-26,9625
00679B,元大美債20年,22,7,15,富邦-竹東,2024-08-26,9625
00945B,凱基美國非投等債,15,0,15,富邦-竹東,2024-08-26,9625
2881,富邦金,43,28,15,富邦-竹東,2024-08-26,9625
8096,擎亞,18,3,15,富邦-竹東,2024-08-26,9625
2331,精英,26,12,14,富邦-竹東,2024-08-26,9625
00918,大華優利高填息30,14,0,14,富邦-竹東,2024-08-26,9625
2801,彰銀,13,0,13,富邦-竹東,2024-08-26,9625
6806,森崴能源,12,0,12,富邦-竹東,2024-08-26,9625
3615,安可,28,16,12,富邦-竹東,2024-08-26,9625
3047,訊舟,46,34,12,富邦-竹東,2024-08-26,9625
6416,瑞祺電通,12,0,12,富邦-竹東,2024-08-26,9625
6153,嘉聯益,13,2,11,富邦-竹東,2024-08-26,9625
1514,亞力,13,2,11,富邦-竹東,2024-08-26,9625
5452,佶優,14,3,11,富邦-竹東,2024-08-26,9625
3583,辛耘,17,7,10,富邦-竹東,2024-08-26,9625
00696B,富邦美債20年,10,0,10,富邦-竹東,2024-08-26,9625
3264,欣銓,11,1,10,富邦-竹東,2024-08-26,9625
00633L,富邦上証正2,10,0,10,富邦-竹東,2024-08-26,9625
00948B,中信優息投資級債,10,0,10,富邦-竹東,2024-08-26,9625
5484,慧友,12,2,10,富邦-竹東,2024-08-26,9625
1608,華榮,10,0,10,富邦-竹東,2024-08-26,9625
1905,華紙,10,0,10,富邦-竹東,2024-08-26,9625
6606,建德工業,10,0,10,富邦-竹東,2024-08-26,9625
6197,佳必琪,21,11,10,富邦-竹東,2024-08-26,9625
00725B,國泰投資級公司債,10,0,10,富邦-竹東,2024-08-26,9625
3374,精材,14,4,10,富邦-竹東,2024-08-26,9625
00764B,群益25年美債,10,0,10,富邦-竹東,2024-08-26,9625
9933,中鼎,10,0,10,富邦-竹東,2024-08-26,9625
00919,群益台灣精選高息,41,32,9,富邦-竹東,2024-08-26,9625
3019,亞光,31,22,9,富邦-竹東,2024-08-26,9625
8021,尖點,9,0,9,富邦-竹東,2024-08-26,9625
6147,頎邦,9,0,9,富邦-竹東,2024-08-26,9625
1513,中興電,9,0,9,富邦-竹東,2024-08-26,9625
2467,志聖,14,5,9,富邦-竹東,2024-08-26,9625
5443,均豪,45,37,8,富邦-竹東,2024-08-26,9625
4967,十銓,17,9,8,富邦-竹東,2024-08-26,9625
00687B,國泰20年美債,654,13,641,富邦-竹東,2024-08-27,9625
2882,國泰金,281,1,280,富邦-竹東,2024-08-27,9625
00632R,元大台灣50反1,220,10,210,富邦-竹東,2024-08-27,9625
00929,復華台灣科技優息,186,32,154,富邦-竹東,2024-08-27,9625
3481,群創,152,29,123,富邦-竹東,2024-08-27,9625
00919,群益台灣精選高息,152,59,93,富邦-竹東,2024-08-27,9625
00679B,元大美債20年,62,1,61,富邦-竹東,2024-08-27,9625
00918,大華優利高填息30,80,24,56,富邦-竹東,2024-08-27,9625
00878,國泰永續高股息,88,37,51,富邦-竹東,2024-08-27,9625
2515,中工,60,11,49,富邦-竹東,2024-08-27,9625
4510,高鋒,59,14,45,富邦-竹東,2024-08-27,9625
3033,威健,47,10,37,富邦-竹東,2024-08-27,9625
2891,中信金,47,10,37,富邦-竹東,2024-08-27,9625
3576,聯合再生,43,7,36,富邦-竹東,2024-08-27,9625
2883,凱基金,33,0,33,富邦-竹東,2024-08-27,9625
2303,聯電,33,2,31,富邦-竹東,2024-08-27,9625
00940,元大台灣價值高息,25,0,25,富邦-竹東,2024-08-27,9625
1802,台玻,24,0,24,富邦-竹東,2024-08-27,9625
00720B,元大投資級公司債,20,0,20,富邦-竹東,2024-08-27,9625
00795B,中信美國公債20年,20,0,20,富邦-竹東,2024-08-27,9625
2892,第一金,16,0,16,富邦-竹東,2024-08-27,9625
2441,超豐,16,0,16,富邦-竹東,2024-08-27,9625
1301,台塑,15,0,15,富邦-竹東,2024-08-27,9625
6451,訊芯-KY,18,3,15,富邦-竹東,2024-08-27,9625
00945B,凱基美國非投等債,15,0,15,富邦-竹東,2024-08-27,9625
3231,緯創,17,2,15,富邦-竹東,2024-08-27,9625
3689,湧德,15,0,15,富邦-竹東,2024-08-27,9625
2880,華南金,14,0,14,富邦-竹東,2024-08-27,9625
2615,萬海,16,2,14,富邦-竹東,2024-08-27,9625
2349,錸德,13,0,13,富邦-竹東,2024-08-27,9625
1597,直得,18,6,12,富邦-竹東,2024-08-27,9625
2449,京元電子,12,0,12,富邦-竹東,2024-08-27,9625
2388,威盛,12,0,12,富邦-竹東,2024-08-27,9625
0056,元大高股息,20,8,12,富邦-竹東,2024-08-27,9625
3550,聯穎,13,2,11,富邦-竹東,2024-08-27,9625
5225,東科-KY,11,0,11,富邦-竹東,2024-08-27,9625
3673,TPK-KY,22,11,11,富邦-竹東,2024-08-27,9625
1101,台泥,12,1,11,富邦-竹東,2024-08-27,9625
2609,陽明,36,26,10,富邦-竹東,2024-08-27,9625
1314,中石化,10,0,10,富邦-竹東,2024-08-27,9625
4979,華星光,13,3,10,富邦-竹東,2024-08-27,9625
8089,康全電訊,11,1,10,富邦-竹東,2024-08-27,9625
1409,新纖,10,0,10,富邦-竹東,2024-08-27,9625
3372,典範,10,0,10,富邦-竹東,2024-08-27,9625
5009,榮剛,10,0,10,富邦-竹東,2024-08-27,9625
00680L,元大美債20正2,110,100,10,富邦-竹東,2024-08-27,9625
2301,光寶科,10,0,10,富邦-竹東,2024-08-27,9625
3030,德律,10,0,10,富邦-竹東,2024-08-27,9625
2801,彰銀,10,0,10,富邦-竹東,2024-08-27,9625
1809,中釉,10,0,10,富邦-竹東,2024-08-27,9625
00632R,元大台灣50反1,200,9,191,富邦-竹東,2024-08-28,9625
2002,中鋼,113,3,110,富邦-竹東,2024-08-28,9625
8070,長華*,77,1,76,富邦-竹東,2024-08-28,9625
00937B,群益ESG投等債20,74,0,74,富邦-竹東,2024-08-28,9625
00959B,大華投等美債15Y+,55,0,55,富邦-竹東,2024-08-28,9625
00687B,國泰20年美債,54,1,53,富邦-竹東,2024-08-28,9625
2349,錸德,59,13,46,富邦-竹東,2024-08-28,9625
2891,中信金,50,7,43,富邦-竹東,2024-08-28,9625
00930,永豐ESG低碳高息,117,83,34,富邦-竹東,2024-08-28,9625
00946,群益科技高息成長,30,0,30,富邦-竹東,2024-08-28,9625
2888,新光金,78,48,30,富邦-竹東,2024-08-28,9625
4510,高鋒,32,3,29,富邦-竹東,2024-08-28,9625
00664R,國泰臺灣加權反1,25,0,25,富邦-竹東,2024-08-28,9625
2365,昆盈,31,10,21,富邦-竹東,2024-08-28,9625
3715,定穎投控,39,18,21,富邦-竹東,2024-08-28,9625
00725B,國泰投資級公司債,20,0,20,富邦-竹東,2024-08-28,9625
2867,三商壽,20,0,20,富邦-竹東,2024-08-28,9625
5880,合庫金,20,0,20,富邦-竹東,2024-08-28,9625
2425,承啟,21,2,19,富邦-竹東,2024-08-28,9625
6505,台塑化,18,0,18,富邦-竹東,2024-08-28,9625
00900,富邦特選高股息30,17,0,17,富邦-竹東,2024-08-28,9625
2890,永豐金,17,0,17,富邦-竹東,2024-08-28,9625
3591,艾笛森,17,0,17,富邦-竹東,2024-08-28,9625
2330,台積電,20,4,16,富邦-竹東,2024-08-28,9625
5871,中租-KY,17,1,16,富邦-竹東,2024-08-28,9625
00902,中信電池及儲能,15,0,15,富邦-竹東,2024-08-28,9625
6431,光麗-KY,15,0,15,富邦-竹東,2024-08-28,9625
00650L,復華香港正2,17,2,15,富邦-竹東,2024-08-28,9625
00934,中信成長高股息,18,5,13,富邦-竹東,2024-08-28,9625
3535,晶彩科,32,19,13,富邦-竹東,2024-08-28,9625
2603,長榮,16,4,12,富邦-竹東,2024-08-28,9625
3047,訊舟,21,9,12,富邦-竹東,2024-08-28,9625
2382,廣達,16,5,11,富邦-竹東,2024-08-28,9625
1570,力肯,11,0,11,富邦-竹東,2024-08-28,9625
00637L,元大滬深300正2,11,0,11,富邦-竹東,2024-08-28,9625
1609,大亞,16,5,11,富邦-竹東,2024-08-28,9625
6160,欣技,11,0,11,富邦-竹東,2024-08-28,9625
8111,立��,14,4,10,富邦-竹東,2024-08-28,9625
1708,東鹼,16,5,11,富邦-竹東,2024-08-28,9625
00936,台新永續高息中小,10,0,10,富邦-竹東,2024-08-28,9625
5258,虹堡,10,0,10,富邦-竹東,2024-08-28,9625
4540,全球傳動,14,4,10,富邦-竹東,2024-08-28,9625
2618,長榮航,11,1,10,富邦-竹東,2024-08-28,9625
3030,德律,10,0,10,富邦-竹東,2024-08-28,9625
1785,光洋科,10,0,10,富邦-竹東,2024-08-28,9625
8039,台虹,18,8,10,富邦-竹東,2024-08-28,9625
2834,臺企銀,9,0,9,富邦-竹東,2024-08-28,9625
2409,友達,24,15,9,富邦-竹東,2024-08-28,9625
2362,藍天,12,3,9,富邦-竹東,2024-08-28,9625
5443,均豪,87,78,9,富邦-竹東,2024-08-28,9625
4510,高鋒,172,65,107,富邦-竹東,2024-08-29,9625
00937B,群益ESG投等債20,96,0,96,富邦-竹東,2024-08-29,9625
2891,中信金,80,5,75,富邦-竹東,2024-08-29,9625
00687B,國泰20年美債,67,0,67,富邦-竹東,2024-08-29,9625
00918,大華優利高填息30,66,8,58,富邦-竹東,2024-08-29,9625
00919,群益台灣精選高息,80,28,52,富邦-竹東,2024-08-29,9625
6245,立端,50,1,49,富邦-竹東,2024-08-29,9625
3481,群創,50,4,46,富邦-竹東,2024-08-29,9625
1314,中石化,42,0,42,富邦-竹東,2024-08-29,9625
2845,遠東銀,40,0,40,富邦-竹東,2024-08-29,9625
3550,聯穎,39,0,39,富邦-竹東,2024-08-29,9625
1540,喬福,136,102,34,富邦-竹東,2024-08-29,9625
2314,台揚,35,2,33,富邦-竹東,2024-08-29,9625
00679B,元大美債20年,36,8,28,富邦-竹東,2024-08-29,9625
00936,台新永續高息中小,27,0,27,富邦-竹東,2024-08-29,9625
2834,臺企銀,27,0,27,富邦-竹東,2024-08-29,9625
00940,元大台灣價值高息,36,10,26,富邦-竹東,2024-08-29,9625
00722B,群益投資級電信債,25,0,25,富邦-竹東,2024-08-29,9625
5309,系統電,28,3,25,富邦-竹東,2024-08-29,9625
00959B,大華投等美債15Y+,25,0,25,富邦-竹東,2024-08-29,9625
2882,國泰金,23,0,23,富邦-竹東,2024-08-29,9625
2330,台積電,26,3,23,富邦-竹東,2024-08-29,9625
00905,FT臺灣Smart,21,0,21,富邦-竹東,2024-08-29,9625
6505,台塑化,21,0,21,富邦-竹東,2024-08-29,9625
00713,元大台灣高息低波,24,4,20,富邦-竹東,2024-08-29,9625
00904,新光臺灣半導體30,20,0,20,富邦-竹東,2024-08-29,9625
2409,友達,19,0,19,富邦-竹東,2024-08-29,9625
2303,聯電,18,1,17,富邦-竹東,2024-08-29,9625
1609,大亞,21,5,16,富邦-竹東,2024-08-29,9625
0056,元大高股息,34,18,16,富邦-竹東,2024-08-29,9625
2464,盟立,41,25,16,富邦-竹東,2024-08-29,9625
4563,百德,25,10,15,富邦-竹東,2024-08-29,9625
0050,元大台灣50,17,3,14,富邦-竹東,2024-08-29,9625
2367,燿華,40,27,13,富邦-竹東,2024-08-29,9625
2467,志聖,14,2,12,富邦-竹東,2024-08-29,9625
3149,正達,15,3,12,富邦-竹東,2024-08-29,9625
00922,國泰台灣領袖50,13,1,12,富邦-竹東,2024-08-29,9625
8374,羅昇,28,16,12,富邦-竹東,2024-08-29,9625
00927,群益半導體收益,18,7,11,富邦-竹東,2024-08-29,9625
00725B,國泰投資級公司債,11,0,11,富邦-竹東,2024-08-29,9625
5225,東科-KY,11,0,11,富邦-竹東,2024-08-29,9625
2515,中工,11,1,10,富邦-竹東,2024-08-29,9625
1714,和桐,10,0,10,富邦-竹東,2024-08-29,9625
3047,訊舟,18,8,10,富邦-竹東,2024-08-29,9625
5608,四維航,10,0,10,富邦-竹東,2024-08-29,9625
2427,三商電,10,0,10,富邦-竹東,2024-08-29,9625
00664R,國泰臺灣加權反1,20,10,10,富邦-竹東,2024-08-29,9625
3372,典範,10,0,10,富邦-竹東,2024-08-29,9625
00931B,統一美債20年,10,0,10,富邦-竹東,2024-08-29,9625
00795B,中信美國公債20年,10,0,10,富邦-竹東,2024-08-29,9625
2882,國泰金,196,0,196,富邦-竹東,2024-08-30,9625
00632R,元大台灣50反1,200,10,190,富邦-竹東,2024-08-30,9625
2314,台揚,100,0,100,富邦-竹東,2024-08-30,9625
00687B,國泰20年美債,86,0,86,富邦-竹東,2024-08-30,9625
4561,健椿,84,11,73,富邦-竹東,2024-08-30,9625
2367,燿華,102,33,69,富邦-竹東,2024-08-30,9625
3481,群創,86,18,68,富邦-竹東,2024-08-30,9625
00919,群益台灣精選高息,75,20,55,富邦-竹東,2024-08-30,9625
1711,永光,65,17,48,富邦-竹東,2024-08-30,9625
00959B,大華投等美債15Y+,46,0,46,富邦-竹東,2024-08-30,9625
00679B,元大美債20年,45,0,45,富邦-竹東,2024-08-30,9625
6451,訊芯-KY,49,9,40,富邦-竹東,2024-08-30,9625
6177,達麗,40,2,38,富邦-竹東,2024-08-30,9625
00937B,群益ESG投等債20,48,10,38,富邦-竹東,2024-08-30,9625
2464,盟立,47,11,36,富邦-竹東,2024-08-30,9625
2867,三商壽,36,0,36,富邦-竹東,2024-08-30,9625
4510,高鋒,37,4,33,富邦-竹東,2024-08-30,9625
3622,洋華,33,0,33,富邦-竹東,2024-08-30,9625
2537,聯上發,32,1,31,富邦-竹東,2024-08-30,9625
00795B,中信美國公債20年,27,0,27,富邦-竹東,2024-08-30,9625
2615,萬海,57,30,27,富邦-竹東,2024-08-30,9625
2891,中信金,25,0,25,富邦-竹東,2024-08-30,9625
6235,華孚,25,0,25,富邦-竹東,2024-08-30,9625
2834,臺企銀,24,0,24,富邦-竹東,2024-08-30,9625
8107,大億金茂,20,0,20,富邦-竹東,2024-08-30,9625
6603,富強鑫,21,1,20,富邦-竹東,2024-08-30,9625
6190,萬泰科,20,1,19,富邦-竹東,2024-08-30,9625
5905,南仁湖,24,8,16,富邦-竹東,2024-08-30,9625
2365,昆盈,24,8,16,富邦-竹東,2024-08-30,9625
2349,錸德,17,2,15,富邦-竹東,2024-08-30,9625
6443,元晶,15,0,15,富邦-竹東,2024-08-30,9625
3535,晶彩科,24,10,14,富邦-竹東,2024-08-30,9625
3030,德律,14,0,14,富邦-竹東,2024-08-30,9625
00878,國泰永續高股息,19,5,14,富邦-竹東,2024-08-30,9625
1314,中石化,13,0,13,富邦-竹東,2024-08-30,9625
6532,瑞耘,13,0,13,富邦-竹東,2024-08-30,9625
3015,全漢,14,1,13,富邦-竹東,2024-08-30,9625
4729,熒茂,15,3,12,富邦-竹東,2024-08-30,9625
1217,愛之味,12,0,12,富邦-竹東,2024-08-30,9625
6156,松上,16,4,12,富邦-竹東,2024-08-30,9625
2609,陽明,21,9,12,富邦-竹東,2024-08-30,9625
3048,益登,11,0,11,富邦-竹東,2024-08-30,9625
4526,東台,58,48,10,富邦-竹東,2024-08-30,9625
5309,系統電,10,0,10,富邦-竹東,2024-08-30,9625
9933,中鼎,10,0,10,富邦-竹東,2024-08-30,9625
3038,全台,10,0,10,富邦-竹東,2024-08-30,9625
8111,立��,15,5,10,富邦-竹東,2024-08-30,9625
00907,永豐優息存股,16,6,10,富邦-竹東,2024-08-30,9625
3105,穩懋,10,0,10,富邦-竹東,2024-08-30,9625
5498,凱崴,10,0,10,富邦-竹東,2024-08-30,9625
00665L,富邦�琤肭磪囓�2,300,0,300,富邦-竹東,2024-09-02,9625
00715L,期街口布蘭特正2,225,0,225,富邦-竹東,2024-09-02,9625
00919,群益台灣精選高息,114,0,114,富邦-竹東,2024-09-02,9625
00687B,國泰20年美債,102,3,99,富邦-竹東,2024-09-02,9625
00650L,復華香港正2,66,10,56,富邦-竹東,2024-09-02,9625
2002,中鋼,50,0,50,富邦-竹東,2024-09-02,9625
4534,慶騰,52,2,50,富邦-竹東,2024-09-02,9625
00900,富邦特選高股息30,70,28,42,富邦-竹東,2024-09-02,9625
3266,昇陽,40,0,40,富邦-竹東,2024-09-02,9625
00937B,群益ESG投等債20,39,0,39,富邦-竹東,2024-09-02,9625
2426,鼎元,37,0,37,富邦-竹東,2024-09-02,9625
1711,永光,60,26,34,富邦-竹東,2024-09-02,9625
1808,潤隆,35,1,34,富邦-竹東,2024-09-02,9625
6788,華景電,28,0,28,富邦-竹東,2024-09-02,9625
00878,國泰永續高股息,27,0,27,富邦-竹東,2024-09-02,9625
00959B,大華投等美債15Y+,26,0,26,富邦-竹東,2024-09-02,9625
4526,東台,33,7,26,富邦-竹東,2024-09-02,9625
2233,宇隆,27,2,25,富邦-竹東,2024-09-02,9625
2542,興富發,23,0,23,富邦-竹東,2024-09-02,9625
00725B,國泰投資級公司債,22,0,22,富邦-竹東,2024-09-02,9625
00881,國泰台灣5G+,133,111,22,富邦-竹東,2024-09-02,9625
00907,永豐優息存股,30,10,20,富邦-竹東,2024-09-02,9625
5522,遠雄,20,0,20,富邦-竹東,2024-09-02,9625
4714,永捷,23,5,18,富邦-竹東,2024-09-02,9625
00679B,元大美債20年,32,14,18,富邦-竹東,2024-09-02,9625
6505,台塑化,17,0,17,富邦-竹東,2024-09-02,9625
3231,緯創,21,4,17,富邦-竹東,2024-09-02,9625
1301,台塑,17,0,17,富邦-竹東,2024-09-02,9625
00918,大華優利高填息30,15,0,15,富邦-竹東,2024-09-02,9625
2603,長榮,20,6,14,富邦-竹東,2024-09-02,9625
2313,華通,17,4,13,富邦-竹東,2024-09-02,9625
2204,中華,14,1,13,富邦-竹東,2024-09-02,9625
6451,訊芯-KY,14,1,13,富邦-竹東,2024-09-02,9625
5531,鄉林,13,0,13,富邦-竹東,2024-09-02,9625
3059,華晶科,13,0,13,富邦-竹東,2024-09-02,9625
00637L,元大滬深300正2,12,0,12,富邦-竹東,2024-09-02,9625
4420,光明,12,0,12,富邦-竹東,2024-09-02,9625
2368,金像電,12,0,12,富邦-竹東,2024-09-02,9625
00712,復華富時不動產,12,0,12,富邦-竹東,2024-09-02,9625
2376,技嘉,11,0,11,富邦-竹東,2024-09-02,9625
4306,炎洲,12,1,11,富邦-竹東,2024-09-02,9625
2890,永豐金,11,0,11,富邦-竹東,2024-09-02,9625
2352,佳世達,13,2,11,富邦-竹東,2024-09-02,9625
2408,南亞科,13,2,11,富邦-竹東,2024-09-02,9625
006208,富邦台50,20,9,11,富邦-竹東,2024-09-02,9625
4716,大立,10,0,10,富邦-竹東,2024-09-02,9625
3149,正達,16,6,10,富邦-竹東,2024-09-02,9625
1776,展宇,10,0,10,富邦-竹東,2024-09-02,9625
2301,光寶科,12,2,10,富邦-竹東,2024-09-02,9625
1905,華紙,10,0,10,富邦-竹東,2024-09-02,9625
00918,大華優利高填息30,259,0,259,富邦-竹東,2024-09-03,9625
3264,欣銓,242,1,241,富邦-竹東,2024-09-03,9625
00680L,元大美債20正2,231,0,231,富邦-竹東,2024-09-03,9625
00919,群益台灣精選高息,256,56,200,富邦-竹東,2024-09-03,9625
00632R,元大台灣50反1,494,365,129,富邦-竹東,2024-09-03,9625
3481,群創,111,12,99,富邦-竹東,2024-09-03,9625
2409,友達,106,32,74,富邦-竹東,2024-09-03,9625
3105,穩懋,61,0,61,富邦-竹東,2024-09-03,9625
00915,凱基優選高股息30,82,24,58,富邦-竹東,2024-09-03,9625
00900,富邦特選高股息30,66,9,57,富邦-竹東,2024-09-03,9625
00679B,元大美債20年,50,0,50,富邦-竹東,2024-09-03,9625
0056,元大高股息,69,20,49,富邦-竹東,2024-09-03,9625
00931B,統一美債20年,35,0,35,富邦-竹東,2024-09-03,9625
00687B,國泰20年美債,34,2,32,富邦-竹東,2024-09-03,9625
2504,國產,30,0,30,富邦-竹東,2024-09-03,9625
2891,中信金,35,8,27,富邦-竹東,2024-09-03,9625
00930,永豐ESG低碳高息,97,70,27,富邦-竹東,2024-09-03,9625
1616,億泰,26,0,26,富邦-竹東,2024-09-03,9625
2363,矽統,35,9,26,富邦-竹東,2024-09-03,9625
6197,佳必琪,26,1,25,富邦-竹東,2024-09-03,9625
00948B,中信優息投資級債,20,0,20,富邦-竹東,2024-09-03,9625
2344,華邦電,20,0,20,富邦-竹東,2024-09-03,9625
1326,台化,20,0,20,富邦-竹東,2024-09-03,9625
2468,華經,20,0,20,富邦-竹東,2024-09-03,9625
1101,台泥,19,0,19,富邦-竹東,2024-09-03,9625
00713,元大台灣高息低波,20,1,19,富邦-竹東,2024-09-03,9625
1609,大亞,22,3,19,富邦-竹東,2024-09-03,9625
8076,伍豐,19,1,18,富邦-竹東,2024-09-03,9625
1514,亞力,19,1,18,富邦-竹東,2024-09-03,9625
2312,金寶,20,2,18,富邦-竹東,2024-09-03,9625
6869,雲豹能源,19,1,18,富邦-竹東,2024-09-03,9625
00878,國泰永續高股息,68,51,17,富邦-竹東,2024-09-03,9625
2241,艾姆勒,18,2,16,富邦-竹東,2024-09-03,9625
2233,宇隆,16,0,16,富邦-竹東,2024-09-03,9625
00894,中信小資高價30,20,4,16,富邦-竹東,2024-09-03,9625
2892,第一金,14,0,14,富邦-竹東,2024-09-03,9625
5443,均豪,24,10,14,富邦-竹東,2024-09-03,9625
2408,南亞科,18,4,14,富邦-竹東,2024-09-03,9625
00959B,大華投等美債15Y+,13,0,13,富邦-竹東,2024-09-03,9625
2486,一詮,20,7,13,富邦-竹東,2024-09-03,9625
2301,光寶科,13,0,13,富邦-竹東,2024-09-03,9625
2354,鴻準,15,2,13,富邦-竹東,2024-09-03,9625
5880,合庫金,12,0,12,富邦-竹東,2024-09-03,9625
2520,冠德,12,0,12,富邦-竹東,2024-09-03,9625
3015,全漢,12,0,12,富邦-竹東,2024-09-03,9625
4767,誠泰科技,12,0,12,富邦-竹東,2024-09-03,9625
1434,福懋,11,0,11,富邦-竹東,2024-09-03,9625
3047,訊舟,26,15,11,富邦-竹東,2024-09-03,9625
3550,聯穎,11,0,11,富邦-竹東,2024-09-03,9625
9945,潤泰新,11,0,11,富邦-竹東,2024-09-03,9625
00715L,期街口布蘭特正2,452,0,452,富邦-竹東,2024-09-04,9625
00929,復華台灣科技優息,417,179,238,富邦-竹東,2024-09-04,9625
00940,元大台灣價值高息,222,24,198,富邦-竹東,2024-09-04,9625
00919,群益台灣精選高息,238,48,190,富邦-竹東,2024-09-04,9625
3481,群創,175,7,168,富邦-竹東,2024-09-04,9625
00937B,群益ESG投等債20,145,19,126,富邦-竹東,2024-09-04,9625
00679B,元大美債20年,134,14,120,富邦-竹東,2024-09-04,9625
00642U,期元大S＆P石油,103,0,103,富邦-竹東,2024-09-04,9625
0056,元大高股息,115,23,92,富邦-竹東,2024-09-04,9625
2330,台積電,84,14,70,富邦-竹東,2024-09-04,9625
2344,華邦電,67,0,67,富邦-竹東,2024-09-04,9625
2883,凱基金,69,3,66,富邦-竹東,2024-09-04,9625
00878,國泰永續高股息,174,111,63,富邦-竹東,2024-09-04,9625
00632R,元大台灣50反1,200,137,63,富邦-竹東,2024-09-04,9625
2834,臺企銀,59,0,59,富邦-竹東,2024-09-04,9625
2409,友達,58,0,58,富邦-竹東,2024-09-04,9625
00650L,復華香港正2,57,2,55,富邦-竹東,2024-09-04,9625
00915,凱基優選高股息30,60,9,51,富邦-竹東,2024-09-04,9625
3593,力銘,50,0,50,富邦-竹東,2024-09-04,9625
3264,欣銓,50,0,50,富邦-竹東,2024-09-04,9625
00637L,元大滬深300正2,49,3,46,富邦-竹東,2024-09-04,9625
2002,中鋼,45,0,45,富邦-竹東,2024-09-04,9625
00918,大華優利高填息30,56,12,44,富邦-竹東,2024-09-04,9625
5880,合庫金,35,0,35,富邦-竹東,2024-09-04,9625
1326,台化,37,3,34,富邦-竹東,2024-09-04,9625
00945B,凱基美國非投等債,34,2,32,富邦-竹東,2024-09-04,9625
00881,國泰台灣5G+,46,14,32,富邦-竹東,2024-09-04,9625
3037,欣興,38,6,32,富邦-竹東,2024-09-04,9625
00933B,國泰10Y+金融債,32,1,31,富邦-竹東,2024-09-04,9625
1540,喬福,120,89,31,富邦-竹東,2024-09-04,9625
2891,中信金,64,34,30,富邦-竹東,2024-09-04,9625
2364,倫飛,30,0,30,富邦-竹東,2024-09-04,9625
1714,和桐,30,0,30,富邦-竹東,2024-09-04,9625
2405,輔信,33,4,29,富邦-竹東,2024-09-04,9625
1314,中石化,26,0,26,富邦-竹東,2024-09-04,9625
4714,永捷,25,0,25,富邦-竹東,2024-09-04,9625
2882,國泰金,25,0,25,富邦-竹東,2024-09-04,9625
00927,群益半導體收益,27,2,25,富邦-竹東,2024-09-04,9625
4303,信立,26,2,24,富邦-竹東,2024-09-04,9625
00923,群益台ESG低碳50,26,3,23,富邦-竹東,2024-09-04,9625
2606,裕民,24,1,23,富邦-竹東,2024-09-04,9625
2892,第一金,21,0,21,富邦-竹東,2024-09-04,9625
2233,宇隆,20,0,20,富邦-竹東,2024-09-04,9625
00943,兆豐電子高息等權,20,0,20,富邦-竹東,2024-09-04,9625
3231,緯創,31,13,18,富邦-竹東,2024-09-04,9625
5258,虹堡,18,1,17,富邦-竹東,2024-09-04,9625
0050,元大台灣50,28,11,17,富邦-竹東,2024-09-04,9625
006208,富邦台50,23,6,17,富邦-竹東,2024-09-04,9625
2382,廣達,22,5,17,富邦-竹東,2024-09-04,9625
2486,一詮,27,10,17,富邦-竹東,2024-09-04,9625
3264,欣銓,291,1,290,富邦-竹東,2024-09-05,9625
00919,群益台灣精選高息,226,22,204,富邦-竹東,2024-09-05,9625
00929,復華台灣科技優息,186,65,121,富邦-竹東,2024-09-05,9625
00687B,國泰20年美債,130,19,111,富邦-竹東,2024-09-05,9625
00937B,群益ESG投等債20,148,38,110,富邦-竹東,2024-09-05,9625
00715L,期街口布蘭特正2,88,1,87,富邦-竹東,2024-09-05,9625
1303,南亞,57,3,54,富邦-竹東,2024-09-05,9625
00878,國泰永續高股息,59,14,45,富邦-竹東,2024-09-05,9625
00952,凱基台灣AI50,64,20,44,富邦-竹東,2024-09-05,9625
2543,皇昌,43,0,43,富邦-竹東,2024-09-05,9625
00923,群益台ESG低碳50,40,1,39,富邦-竹東,2024-09-05,9625
6285,啟��,41,3,38,富邦-竹東,2024-09-05,9625
00918,大華優利高填息30,38,0,38,富邦-竹東,2024-09-05,9625
2834,臺企銀,38,0,38,富邦-竹東,2024-09-05,9625
2867,三商壽,36,0,36,富邦-竹東,2024-09-05,9625
2882,國泰金,43,8,35,富邦-竹東,2024-09-05,9625
2409,友達,45,13,32,富邦-竹東,2024-09-05,9625
3481,群創,48,17,31,富邦-竹東,2024-09-05,9625
2881A,富邦特,30,0,30,富邦-竹東,2024-09-05,9625
6698,旭暉應材,32,2,30,富邦-竹東,2024-09-05,9625
1444,力麗,30,3,27,富邦-竹東,2024-09-05,9625
2317,鴻海,49,23,26,富邦-竹東,2024-09-05,9625
5258,虹堡,24,0,24,富邦-竹東,2024-09-05,9625
2382,廣達,25,2,23,富邦-竹東,2024-09-05,9625
2344,華邦電,38,15,23,富邦-竹東,2024-09-05,9625
1711,永光,28,7,21,富邦-竹東,2024-09-05,9625
2323,中環,24,3,21,富邦-竹東,2024-09-05,9625
00713,元大台灣高息低波,20,0,20,富邦-竹東,2024-09-05,9625
3016,嘉晶,20,0,20,富邦-竹東,2024-09-05,9625
8021,尖點,25,5,20,富邦-竹東,2024-09-05,9625
2356,英業達,24,6,18,富邦-竹東,2024-09-05,9625
2337,旺宏,18,0,18,富邦-竹東,2024-09-05,9625
1301,台塑,26,9,17,富邦-竹東,2024-09-05,9625
3374,精材,29,12,17,富邦-竹東,2024-09-05,9625
2002,中鋼,18,2,16,富邦-竹東,2024-09-05,9625
2312,金寶,17,2,15,富邦-竹東,2024-09-05,9625
00915,凱基優選高股息30,15,0,15,富邦-竹東,2024-09-05,9625
1609,大亞,21,6,15,富邦-竹東,2024-09-05,9625
3205,佰研,15,0,15,富邦-竹東,2024-09-05,9625
00680L,元大美債20正2,15,0,15,富邦-竹東,2024-09-05,9625
4906,正文,15,0,15,富邦-竹東,2024-09-05,9625
00951,台新日本半導體,13,0,13,富邦-竹東,2024-09-05,9625
3689,湧德,13,0,13,富邦-竹東,2024-09-05,9625
2359,所羅門,21,9,12,富邦-竹東,2024-09-05,9625
2027,大成鋼,12,0,12,富邦-竹東,2024-09-05,9625
0056,元大高股息,11,0,11,富邦-竹東,2024-09-05,9625
00712,復華富時不動產,11,0,11,富邦-竹東,2024-09-05,9625
3339,泰谷,11,0,11,富邦-竹東,2024-09-05,9625
1514,亞力,16,5,11,富邦-竹東,2024-09-05,9625
3030,德律,12,1,11,富邦-竹東,2024-09-05,9625
00632R,元大台灣50反1,350,0,350,富邦-竹東,2024-09-06,9625
3264,欣銓,100,0,100,富邦-竹東,2024-09-06,9625
00929,復華台灣科技優息,136,37,99,富邦-竹東,2024-09-06,9625
2002,中鋼,88,0,88,富邦-竹東,2024-09-06,9625
00937B,群益ESG投等債20,100,17,83,富邦-竹東,2024-09-06,9625
00715L,期街口布蘭特正2,58,0,58,富邦-竹東,2024-09-06,9625
00940,元大台灣價值高息,61,15,46,富邦-竹東,2024-09-06,9625
00918,大華優利高填息30,47,1,46,富邦-竹東,2024-09-06,9625
00664R,國泰臺灣加權反1,40,0,40,富邦-竹東,2024-09-06,9625
2344,華邦電,52,16,36,富邦-竹東,2024-09-06,9625
00933B,國泰10Y+金融債,31,0,31,富邦-竹東,2024-09-06,9625
00882,中信中國高股息,30,0,30,富邦-竹東,2024-09-06,9625
2014,中鴻,30,1,29,富邦-竹東,2024-09-06,9625
2891,中信金,58,30,28,富邦-竹東,2024-09-06,9625
2406,國碩,26,0,26,富邦-竹東,2024-09-06,9625
2349,錸德,33,11,22,富邦-竹東,2024-09-06,9625
00951,台新日本半導體,21,0,21,富邦-竹東,2024-09-06,9625
5905,南仁湖,26,6,20,富邦-竹東,2024-09-06,9625
1815,富喬,21,3,18,富邦-竹東,2024-09-06,9625
00878,國泰永續高股息,28,10,18,富邦-竹東,2024-09-06,9625
2486,一詮,19,4,15,富邦-竹東,2024-09-06,9625
2426,鼎元,42,28,14,富邦-竹東,2024-09-06,9625
2022,聚亨,14,0,14,富邦-竹東,2024-09-06,9625
2317,鴻海,19,6,13,富邦-竹東,2024-09-06,9625
6120,達運,13,0,13,富邦-竹東,2024-09-06,9625
1785,光洋科,24,11,13,富邦-竹東,2024-09-06,9625
2388,威盛,12,0,12,富邦-竹東,2024-09-06,9625
00945B,凱基美國非投等債,12,0,12,富邦-竹東,2024-09-06,9625
00948B,中信優息投資級債,12,0,12,富邦-竹東,2024-09-06,9625
0056,元大高股息,12,1,11,富邦-竹東,2024-09-06,9625
8374,羅昇,15,5,10,富邦-竹東,2024-09-06,9625
00953B,群益優選非投等債,10,0,10,富邦-竹東,2024-09-06,9625
6530,創威,11,1,10,富邦-竹東,2024-09-06,9625
6658,聯策,11,1,10,富邦-竹東,2024-09-06,9625
4576,大銀微系統,15,6,9,富邦-竹東,2024-09-06,9625
6257,矽格,9,0,9,富邦-竹東,2024-09-06,9625
2498,宏達電,9,0,9,富邦-竹東,2024-09-06,9625
3213,茂訊,9,0,9,富邦-竹東,2024-09-06,9625
2618,長榮航,10,1,9,富邦-竹東,2024-09-06,9625
3481,群創,13,4,9,富邦-竹東,2024-09-06,9625
2464,盟立,13,5,8,富邦-竹東,2024-09-06,9625
4540,全球傳動,8,0,8,富邦-竹東,2024-09-06,9625
00915,凱基優選高股息30,10,2,8,富邦-竹東,2024-09-06,9625
00946,群益科技高息成長,8,0,8,富邦-竹東,2024-09-06,9625
1776,展宇,8,0,8,富邦-竹東,2024-09-06,9625
6147,頎邦,8,0,8,富邦-竹東,2024-09-06,9625
2606,裕民,10,2,8,富邦-竹東,2024-09-06,9625
3374,精材,9,2,7,富邦-竹東,2024-09-06,9625
00713,元大台灣高息低波,7,0,7,富邦-竹東,2024-09-06,9625
2365,昆盈,12,5,7,富邦-竹東,2024-09-06,9625
00632R,元大台灣50反1,1100,2,1098,富邦-竹東,2024-09-09,9625
00929,復華台灣科技優息,329,62,267,富邦-竹東,2024-09-09,9625
00919,群益台灣精選高息,217,39,178,富邦-竹東,2024-09-09,9625
00715L,期街口布蘭特正2,123,33,90,富邦-竹東,2024-09-09,9625
00878,國泰永續高股息,56,1,55,富邦-竹東,2024-09-09,9625
00915,凱基優選高股息30,66,14,52,富邦-竹東,2024-09-09,9625
00940,元大台灣價值高息,85,33,52,富邦-竹東,2024-09-09,9625
1714,和桐,50,1,49,富邦-竹東,2024-09-09,9625
2349,錸德,55,7,48,富邦-竹東,2024-09-09,9625
00951,台新日本半導體,46,0,46,富邦-竹東,2024-09-09,9625
0056,元大高股息,42,2,40,富邦-竹東,2024-09-09,9625
00671R,富邦NASDAQ反1,40,0,40,富邦-竹東,2024-09-09,9625
8076,伍豐,43,3,40,富邦-竹東,2024-09-09,9625
2891,中信金,35,2,33,富邦-竹東,2024-09-09,9625
2881,富邦金,34,1,33,富邦-竹東,2024-09-09,9625
00712,復華富時不動產,31,0,31,富邦-竹東,2024-09-09,9625
00937B,群益ESG投等債20,51,22,29,富邦-竹東,2024-09-09,9625
6207,雷科,28,0,28,富邦-竹東,2024-09-09,9625
00740B,富邦全球投等債,25,0,25,富邦-竹東,2024-09-09,9625
3481,群創,34,9,25,富邦-竹東,2024-09-09,9625
3231,緯創,32,9,23,富邦-竹東,2024-09-09,9625
2317,鴻海,40,17,23,富邦-竹東,2024-09-09,9625
2409,友達,23,1,22,富邦-竹東,2024-09-09,9625
2880,華南金,21,0,21,富邦-竹東,2024-09-09,9625
2002,中鋼,21,0,21,富邦-竹東,2024-09-09,9625
3511,矽瑪,32,12,20,富邦-竹東,2024-09-09,9625
2542,興富發,19,0,19,富邦-竹東,2024-09-09,9625
6505,台塑化,18,0,18,富邦-竹東,2024-09-09,9625
00918,大華優利高填息30,34,17,17,富邦-竹東,2024-09-09,9625
6215,和椿,26,10,16,富邦-竹東,2024-09-09,9625
00952,凱基台灣AI50,16,0,16,富邦-竹東,2024-09-09,9625
2883,凱基金,16,1,15,富邦-竹東,2024-09-09,9625
1609,大亞,16,1,15,富邦-竹東,2024-09-09,9625
00881,國泰台灣5G+,16,2,14,富邦-竹東,2024-09-09,9625
2618,長榮航,15,1,14,富邦-竹東,2024-09-09,9625
2303,聯電,15,3,12,富邦-竹東,2024-09-09,9625
2382,廣達,15,3,12,富邦-竹東,2024-09-09,9625
006208,富邦台50,12,0,12,富邦-竹東,2024-09-09,9625
00927,群益半導體收益,12,0,12,富邦-竹東,2024-09-09,9625
3715,定穎投控,22,10,12,富邦-竹東,2024-09-09,9625
00923,群益台ESG低碳50,13,2,11,富邦-竹東,2024-09-09,9625
1229,聯華,10,0,10,富邦-竹東,2024-09-09,9625
00688L,國泰20年美債正2,10,0,10,富邦-竹東,2024-09-09,9625
00941,中信上游半導體,10,0,10,富邦-竹東,2024-09-09,9625
00770,國泰北美科技,10,0,10,富邦-竹東,2024-09-09,9625
1305,華夏,10,0,10,富邦-竹東,2024-09-09,9625
4128,中天,11,1,10,富邦-竹東,2024-09-09,9625
00680L,元大美債20正2,10,0,10,富邦-竹東,2024-09-09,9625
00935,野村臺灣新科技50,10,0,10,富邦-竹東,2024-09-09,9625
1710,東聯,10,0,10,富邦-竹東,2024-09-09,9625
00929,復華台灣科技優息,229,54,175,富邦-竹東,2024-09-10,9625
00919,群益台灣精選高息,217,47,170,富邦-竹東,2024-09-10,9625
00882,中信中國高股息,101,0,101,富邦-竹東,2024-09-10,9625
00671R,富邦NASDAQ反1,100,0,100,富邦-竹東,2024-09-10,9625
00687B,國泰20年美債,150,61,89,富邦-竹東,2024-09-10,9625
0056,元大高股息,57,2,55,富邦-竹東,2024-09-10,9625
2367,燿華,56,3,53,富邦-竹東,2024-09-10,9625
00740B,富邦全球投等債,51,0,51,富邦-竹東,2024-09-10,9625
00940,元大台灣價值高息,41,1,40,富邦-竹東,2024-09-10,9625
1815,富喬,43,10,33,富邦-竹東,2024-09-10,9625
4767,誠泰科技,29,0,29,富邦-竹東,2024-09-10,9625
00715L,期街口布蘭特正2,30,1,29,富邦-竹東,2024-09-10,9625
2317,鴻海,41,12,29,富邦-竹東,2024-09-10,9625
2382,廣達,35,9,26,富邦-竹東,2024-09-10,9625
00946,群益科技高息成長,30,5,25,富邦-竹東,2024-09-10,9625
2337,旺宏,33,8,25,富邦-竹東,2024-09-10,9625
1513,中興電,25,1,24,富邦-竹東,2024-09-10,9625
00918,大華優利高填息30,23,0,23,富邦-竹東,2024-09-10,9625
3231,緯創,26,3,23,富邦-竹東,2024-09-10,9625
2349,錸德,23,0,23,富邦-竹東,2024-09-10,9625
2409,友達,25,2,23,富邦-竹東,2024-09-10,9625
00713,元大台灣高息低波,23,1,22,富邦-竹東,2024-09-10,9625
00934,中信成長高股息,27,5,22,富邦-竹東,2024-09-10,9625
6139,亞翔,22,0,22,富邦-竹東,2024-09-10,9625
3047,訊舟,30,8,22,富邦-竹東,2024-09-10,9625
8028,昇陽半導體,33,13,20,富邦-竹東,2024-09-10,9625
2324,仁寶,20,0,20,富邦-竹東,2024-09-10,9625
4935,茂林-KY,20,0,20,富邦-竹東,2024-09-10,9625
00712,復華富時不動產,20,0,20,富邦-竹東,2024-09-10,9625
6207,雷科,23,3,20,富邦-竹東,2024-09-10,9625
1714,和桐,20,0,20,富邦-竹東,2024-09-10,9625
5347,世界,20,1,19,富邦-竹東,2024-09-10,9625
2356,英業達,23,4,19,富邦-竹東,2024-09-10,9625
2609,陽明,25,7,18,富邦-竹東,2024-09-10,9625
8107,大億金茂,22,4,18,富邦-竹東,2024-09-10,9625
2368,金像電,19,1,18,富邦-竹東,2024-09-10,9625
00878,國泰永續高股息,130,113,17,富邦-竹東,2024-09-10,9625
1711,永光,25,9,16,富邦-竹東,2024-09-10,9625
8112,至上,16,0,16,富邦-竹東,2024-09-10,9625
00679B,元大美債20年,35,20,15,富邦-竹東,2024-09-10,9625
4123,晟德,15,0,15,富邦-竹東,2024-09-10,9625
2002,中鋼,18,4,14,富邦-竹東,2024-09-10,9625
2515,中工,14,0,14,富邦-竹東,2024-09-10,9625
1514,亞力,32,18,14,富邦-竹東,2024-09-10,9625
8070,長華*,15,1,14,富邦-竹東,2024-09-10,9625
2344,華邦電,14,0,14,富邦-竹東,2024-09-10,9625
00951,台新日本半導體,13,0,13,富邦-竹東,2024-09-10,9625
3037,欣興,13,2,11,富邦-竹東,2024-09-10,9625
8011,台通,13,2,11,富邦-竹東,2024-09-10,9625
3078,僑威,11,0,11,富邦-竹東,2024-09-10,9625
00715L,期街口布蘭特正2,145,1,144,富邦-竹東,2024-09-11,9625
00929,復華台灣科技優息,141,13,128,富邦-竹東,2024-09-11,9625
00959B,大華投等美債15Y+,118,0,118,富邦-竹東,2024-09-11,9625
2356,英業達,67,3,64,富邦-竹東,2024-09-11,9625
00948B,中信優息投資級債,60,0,60,富邦-竹東,2024-09-11,9625
00680L,元大美債20正2,77,22,55,富邦-竹東,2024-09-11,9625
2834,臺企銀,59,5,54,富邦-竹東,2024-09-11,9625
6806,森崴能源,52,1,51,富邦-竹東,2024-09-11,9625
2883,凱基金,47,0,47,富邦-竹東,2024-09-11,9625
00940,元大台灣價值高息,41,0,41,富邦-竹東,2024-09-11,9625
00919,群益台灣精選高息,72,33,39,富邦-竹東,2024-09-11,9625
00688L,國泰20年美債正2,35,1,34,富邦-竹東,2024-09-11,9625
00933B,國泰10Y+金融債,35,1,34,富邦-竹東,2024-09-11,9625
00915,凱基優選高股息30,47,14,33,富邦-竹東,2024-09-11,9625
00687B,國泰20年美債,62,30,32,富邦-竹東,2024-09-11,9625
3047,訊舟,76,46,30,富邦-竹東,2024-09-11,9625
2406,國碩,26,0,26,富邦-竹東,2024-09-11,9625
2002,中鋼,53,32,21,富邦-竹東,2024-09-11,9625
00882,中信中國高股息,19,0,19,富邦-竹東,2024-09-11,9625
3581,博磊,19,0,19,富邦-竹東,2024-09-11,9625
3217,優群,20,2,18,富邦-竹東,2024-09-11,9625
2362,藍天,17,0,17,富邦-竹東,2024-09-11,9625
00934,中信成長高股息,16,0,16,富邦-竹東,2024-09-11,9625
2891,中信金,23,7,16,富邦-竹東,2024-09-11,9625
3588,通嘉,15,0,15,富邦-竹東,2024-09-11,9625
2388,威盛,46,31,15,富邦-竹東,2024-09-11,9625
0056,元大高股息,19,5,14,富邦-竹東,2024-09-11,9625
1446,宏和,16,2,14,富邦-竹東,2024-09-11,9625
2371,大同,15,1,14,富邦-竹東,2024-09-11,9625
3707,漢磊,14,0,14,富邦-竹東,2024-09-11,9625
3363,上詮,16,3,13,富邦-竹東,2024-09-11,9625
3171,炎洲流通,13,0,13,富邦-竹東,2024-09-11,9625
3356,奇偶,14,2,12,富邦-竹東,2024-09-11,9625
00957B,兆豐US優選投等債,12,0,12,富邦-竹東,2024-09-11,9625
6133,金橋,20,8,12,富邦-竹東,2024-09-11,9625
00795B,中信美國公債20年,12,0,12,富邦-竹東,2024-09-11,9625
4526,東台,12,0,12,富邦-竹東,2024-09-11,9625
5871,中租-KY,12,0,12,富邦-竹東,2024-09-11,9625
1711,永光,16,5,11,富邦-竹東,2024-09-11,9625
6425,易發,11,0,11,富邦-竹東,2024-09-11,9625
5258,虹堡,12,1,11,富邦-竹東,2024-09-11,9625
8064,東捷,11,0,11,富邦-竹東,2024-09-11,9625
2881,富邦金,11,1,10,富邦-竹東,2024-09-11,9625
3206,志豐,10,0,10,富邦-竹東,2024-09-11,9625
00664R,國泰臺灣加權反1,10,0,10,富邦-竹東,2024-09-11,9625
2515,中工,10,0,10,富邦-竹東,2024-09-11,9625
00952,凱基台灣AI50,10,0,10,富邦-竹東,2024-09-11,9625
6505,台塑化,10,0,10,富邦-竹東,2024-09-11,9625
2337,旺宏,12,2,10,富邦-竹東,2024-09-11,9625
00878,國泰永續高股息,51,41,10,富邦-竹東,2024-09-11,9625
00664R,國泰臺灣加權反1,490,0,490,富邦-竹東,2024-09-12,9625
3264,欣銓,313,5,308,富邦-竹東,2024-09-12,9625
2888,新光金,123,29,94,富邦-竹東,2024-09-12,9625
00940,元大台灣價值高息,87,25,62,富邦-竹東,2024-09-12,9625
1316,上曜,60,0,60,富邦-竹東,2024-09-12,9625
00929,復華台灣科技優息,80,28,52,富邦-竹東,2024-09-12,9625
2002,中鋼,42,0,42,富邦-竹東,2024-09-12,9625
00919,群益台灣精選高息,52,17,35,富邦-竹東,2024-09-12,9625
00915,凱基優選高股息30,46,13,33,富邦-竹東,2024-09-12,9625
6530,創威,107,81,26,富邦-竹東,2024-09-12,9625
6152,百一,36,11,25,富邦-竹東,2024-09-12,9625
00680L,元大美債20正2,28,4,24,富邦-竹東,2024-09-12,9625
00937B,群益ESG投等債20,274,250,24,富邦-竹東,2024-09-12,9625
3016,嘉晶,20,0,20,富邦-竹東,2024-09-12,9625
1584,精剛,27,8,19,富邦-竹東,2024-09-12,9625
00918,大華優利高填息30,17,0,17,富邦-竹東,2024-09-12,9625
2891,中信金,31,15,16,富邦-竹東,2024-09-12,9625
3548,兆利,16,0,16,富邦-竹東,2024-09-12,9625
3481,群創,27,12,15,富邦-竹東,2024-09-12,9625
2618,長榮航,21,8,13,富邦-竹東,2024-09-12,9625
3522,御嵿,14,2,12,富邦-竹東,2024-09-12,9625
4933,友輝,12,0,12,富邦-竹東,2024-09-12,9625
00933B,國泰10Y+金融債,13,2,11,富邦-竹東,2024-09-12,9625
2883,凱基金,20,9,11,富邦-竹東,2024-09-12,9625
00772B,中信高評級公司債,11,0,11,富邦-竹東,2024-09-12,9625
5460,同協,17,6,11,富邦-竹東,2024-09-12,9625
2344,華邦電,13,2,11,富邦-竹東,2024-09-12,9625
2313,華通,16,5,11,富邦-竹東,2024-09-12,9625
2367,燿華,24,13,11,富邦-竹東,2024-09-12,9625
1326,台化,11,0,11,富邦-竹東,2024-09-12,9625
5426,振發,11,0,11,富邦-竹東,2024-09-12,9625
1909,榮成,10,0,10,富邦-竹東,2024-09-12,9625
00720B,元大投資級公司債,10,0,10,富邦-竹東,2024-09-12,9625
3710,連展投控,10,0,10,富邦-竹東,2024-09-12,9625
00719B,元大美債1-3,10,0,10,富邦-竹東,2024-09-12,9625
6285,啟��,10,0,10,富邦-竹東,2024-09-12,9625
3303,岱稜,10,0,10,富邦-竹東,2024-09-12,9625
4174,浩鼎,10,0,10,富邦-竹東,2024-09-12,9625
00945B,凱基美國非投等債,10,0,10,富邦-竹東,2024-09-12,9625
9934,成霖,11,2,9,富邦-竹東,2024-09-12,9625
2332,友訊,8,0,8,富邦-竹東,2024-09-12,9625
8114,振樺電,9,1,8,富邦-竹東,2024-09-12,9625
2301,光寶科,8,0,8,富邦-竹東,2024-09-12,9625
1718,中纖,10,2,8,富邦-竹東,2024-09-12,9625
2329,華泰,12,5,7,富邦-竹東,2024-09-12,9625
2399,映泰,28,21,7,富邦-竹東,2024-09-12,9625
00706L,期元大S＆P日圓正2,7,0,7,富邦-竹東,2024-09-12,9625
2504,國產,6,0,6,富邦-竹東,2024-09-12,9625
6191,精成科,6,0,6,富邦-竹東,2024-09-12,9625
9927,泰銘,6,0,6,富邦-竹東,2024-09-12,9625
00687B,國泰20年美債,208,0,208,富邦-竹東,2024-09-13,9625
3264,欣銓,104,1,103,富邦-竹東,2024-09-13,9625
2353,宏��,100,1,99,富邦-竹東,2024-09-13,9625
00937B,群益ESG投等債20,79,0,79,富邦-竹東,2024-09-13,9625
00929,復華台灣科技優息,92,30,62,富邦-竹東,2024-09-13,9625
00948B,中信優息投資級債,51,0,51,富邦-竹東,2024-09-13,9625
00919,群益台灣精選高息,50,1,49,富邦-竹東,2024-09-13,9625
00918,大華優利高填息30,100,60,40,富邦-竹東,2024-09-13,9625
1513,中興電,42,5,37,富邦-竹東,2024-09-13,9625
2363,矽統,31,0,31,富邦-竹東,2024-09-13,9625
4716,大立,27,0,27,富邦-竹東,2024-09-13,9625
1540,喬福,55,31,24,富邦-竹東,2024-09-13,9625
1314,中石化,25,2,23,富邦-竹東,2024-09-13,9625
3363,上詮,27,5,22,富邦-竹東,2024-09-13,9625
00795B,中信美國公債20年,21,0,21,富邦-竹東,2024-09-13,9625
3230,錦明,20,0,20,富邦-竹東,2024-09-13,9625
2367,燿華,37,17,20,富邦-竹東,2024-09-13,9625
1795,美時,20,0,20,富邦-竹東,2024-09-13,9625
3016,嘉晶,20,0,20,富邦-竹東,2024-09-13,9625
3149,正達,50,32,18,富邦-竹東,2024-09-13,9625
3013,晟銘電,19,5,14,富邦-竹東,2024-09-13,9625
2329,華泰,17,5,12,富邦-竹東,2024-09-13,9625
4949,有成精密,12,0,12,富邦-竹東,2024-09-13,9625
3607,谷崧,12,0,12,富邦-竹東,2024-09-13,9625
8039,台虹,28,17,11,富邦-竹東,2024-09-13,9625
0056,元大高股息,11,0,11,富邦-竹東,2024-09-13,9625
5871,中租-KY,10,0,10,富邦-竹東,2024-09-13,9625
2317,鴻海,11,1,10,富邦-竹東,2024-09-13,9625
00915,凱基優選高股息30,10,0,10,富邦-竹東,2024-09-13,9625
3689,湧德,12,2,10,富邦-竹東,2024-09-13,9625
00715L,期街口布蘭特正2,10,0,10,富邦-竹東,2024-09-13,9625
3707,漢磊,11,1,10,富邦-竹東,2024-09-13,9625
00934,中信成長高股息,10,0,10,富邦-竹東,2024-09-13,9625
00943,兆豐電子高息等權,10,0,10,富邦-竹東,2024-09-13,9625
8033,雷虎,10,0,10,富邦-竹東,2024-09-13,9625
2313,華通,10,0,10,富邦-竹東,2024-09-13,9625
6207,雷科,11,2,9,富邦-竹東,2024-09-13,9625
6215,和椿,14,5,9,富邦-竹東,2024-09-13,9625
8064,東捷,25,16,9,富邦-竹東,2024-09-13,9625
3548,兆利,12,3,9,富邦-竹東,2024-09-13,9625
2103,台橡,8,0,8,富邦-竹東,2024-09-13,9625
3147,大綜,13,5,8,富邦-竹東,2024-09-13,9625
3019,亞光,18,10,8,富邦-竹東,2024-09-13,9625
00713,元大台灣高息低波,11,4,7,富邦-竹東,2024-09-13,9625
2882,國泰金,10,3,7,富邦-竹東,2024-09-13,9625
1519,華城,10,3,7,富邦-竹東,2024-09-13,9625
00933B,國泰10Y+金融債,7,0,7,富邦-竹東,2024-09-13,9625
2881A,富邦特,7,0,7,富邦-竹東,2024-09-13,9625
2449,京元電子,8,1,7,富邦-竹東,2024-09-13,9625
4510,高鋒,16,9,7,富邦-竹東,2024-09-13,9625
00919,群益台灣精選高息,488,13,475,富邦-竹東,2024-09-16,9625
3264,欣銓,129,0,129,富邦-竹東,2024-09-16,9625
00929,復華台灣科技優息,169,41,128,富邦-竹東,2024-09-16,9625
00937B,群益ESG投等債20,97,19,78,富邦-竹東,2024-09-16,9625
9935,慶豐富,60,0,60,富邦-竹東,2024-09-16,9625
00945B,凱基美國非投等債,59,0,59,富邦-竹東,2024-09-16,9625
00921,兆豐龍頭等權重,57,0,57,富邦-竹東,2024-09-16,9625
00687B,國泰20年美債,75,21,54,富邦-竹東,2024-09-16,9625
00948B,中信優息投資級債,52,0,52,富邦-竹東,2024-09-16,9625
00712,復華富時不動產,52,3,49,富邦-竹東,2024-09-16,9625
00918,大華優利高填息30,28,0,28,富邦-竹東,2024-09-16,9625
2883,凱基金,40,13,27,富邦-竹東,2024-09-16,9625
1711,永光,48,21,27,富邦-竹東,2024-09-16,9625
00740B,富邦全球投等債,24,0,24,富邦-竹東,2024-09-16,9625
2891,中信金,25,3,22,富邦-竹東,2024-09-16,9625
6116,彩晶,29,7,22,富邦-竹東,2024-09-16,9625
00713,元大台灣高息低波,21,0,21,富邦-竹東,2024-09-16,9625
00715L,期街口布蘭特正2,19,0,19,富邦-竹東,2024-09-16,9625
2388,威盛,19,1,18,富邦-竹東,2024-09-16,9625
5230,雷笛克光學,21,4,17,富邦-竹東,2024-09-16,9625
00933B,國泰10Y+金融債,16,0,16,富邦-竹東,2024-09-16,9625
8374,羅昇,34,18,16,富邦-竹東,2024-09-16,9625
6263,普萊德,15,0,15,富邦-竹東,2024-09-16,9625
00719B,元大美債1-3,15,0,15,富邦-竹東,2024-09-16,9625
2609,陽明,18,4,14,富邦-竹東,2024-09-16,9625
6405,悅城,17,3,14,富邦-竹東,2024-09-16,9625
2233,宇隆,12,0,12,富邦-竹東,2024-09-16,9625
2542,興富發,12,0,12,富邦-竹東,2024-09-16,9625
4303,信立,12,0,12,富邦-竹東,2024-09-16,9625
6770,力積電,15,3,12,富邦-竹東,2024-09-16,9625
8096,擎亞,14,3,11,富邦-竹東,2024-09-16,9625
1301,台塑,16,5,11,富邦-竹東,2024-09-16,9625
2610,華航,14,3,11,富邦-竹東,2024-09-16,9625
3231,緯創,23,12,11,富邦-竹東,2024-09-16,9625
1310,台苯,11,0,11,富邦-竹東,2024-09-16,9625
00927,群益半導體收益,11,0,11,富邦-竹東,2024-09-16,9625
0056,元大高股息,11,1,10,富邦-竹東,2024-09-16,9625
4432,銘旺實,10,0,10,富邦-竹東,2024-09-16,9625
3550,聯穎,12,2,10,富邦-竹東,2024-09-16,9625
4123,晟德,10,0,10,富邦-竹東,2024-09-16,9625
1312,國喬,10,0,10,富邦-竹東,2024-09-16,9625
4974,亞泰,20,10,10,富邦-竹東,2024-09-16,9625
00891,中信關鍵半導體,10,0,10,富邦-竹東,2024-09-16,9625
1101,台泥,12,2,10,富邦-竹東,2024-09-16,9625
2349,錸德,24,14,10,富邦-竹東,2024-09-16,9625
1806,冠軍,10,1,9,富邦-竹東,2024-09-16,9625
6005,群益證,10,1,9,富邦-竹東,2024-09-16,9625
3518,柏騰,9,0,9,富邦-竹東,2024-09-16,9625
1303,南亞,10,1,9,富邦-竹東,2024-09-16,9625
5302,太欣,8,0,8,富邦-竹東,2024-09-16,9625
00712,復華富時不動產,320,38,282,富邦-竹東,2024-09-18,9625
3264,欣銓,245,2,243,富邦-竹東,2024-09-18,9625
00929,復華台灣科技優息,270,30,240,富邦-竹東,2024-09-18,9625
00632R,元大台灣50反1,200,0,200,富邦-竹東,2024-09-18,9625
00918,大華優利高填息30,193,0,193,富邦-竹東,2024-09-18,9625
6505,台塑化,150,13,137,富邦-竹東,2024-09-18,9625
00915,凱基優選高股息30,111,3,108,富邦-竹東,2024-09-18,9625
3049,精金,112,5,107,富邦-竹東,2024-09-18,9625
2888,新光金,193,92,101,富邦-竹東,2024-09-18,9625
00664R,國泰臺灣加權反1,100,0,100,富邦-竹東,2024-09-18,9625
3481,群創,90,1,89,富邦-竹東,2024-09-18,9625
00878,國泰永續高股息,88,8,80,富邦-竹東,2024-09-18,9625
00919,群益台灣精選高息,118,40,78,富邦-竹東,2024-09-18,9625
2317,鴻海,73,24,49,富邦-竹東,2024-09-18,9625
2426,鼎元,62,16,46,富邦-竹東,2024-09-18,9625
00933B,國泰10Y+金融債,74,30,44,富邦-竹東,2024-09-18,9625
1717,長興,44,2,42,富邦-竹東,2024-09-18,9625
2867,三商壽,40,0,40,富邦-竹東,2024-09-18,9625
00713,元大台灣高息低波,37,0,37,富邦-竹東,2024-09-18,9625
00927,群益半導體收益,36,0,36,富邦-竹東,2024-09-18,9625
6108,競國,30,0,30,富邦-竹東,2024-09-18,9625
0056,元大高股息,28,3,25,富邦-竹東,2024-09-18,9625
5880,合庫金,25,1,24,富邦-竹東,2024-09-18,9625
00687B,國泰20年美債,68,44,24,富邦-竹東,2024-09-18,9625
2891,中信金,58,34,24,富邦-竹東,2024-09-18,9625
2303,聯電,28,4,24,富邦-竹東,2024-09-18,9625
00688L,國泰20年美債正2,27,5,22,富邦-竹東,2024-09-18,9625
00892,富邦台灣半導體,22,0,22,富邦-竹東,2024-09-18,9625
00669R,國泰美國道瓊反1,22,0,22,富邦-竹東,2024-09-18,9625
00937B,群益ESG投等債20,65,43,22,富邦-竹東,2024-09-18,9625
3550,聯穎,33,14,19,富邦-竹東,2024-09-18,9625
1101,台泥,20,1,19,富邦-竹東,2024-09-18,9625
9934,成霖,18,0,18,富邦-竹東,2024-09-18,9625
00795B,中信美國公債20年,21,3,18,富邦-竹東,2024-09-18,9625
00935,野村臺灣新科技50,17,0,17,富邦-竹東,2024-09-18,9625
3016,嘉晶,20,3,17,富邦-竹東,2024-09-18,9625
2390,云辰,19,3,16,富邦-竹東,2024-09-18,9625
5452,佶優,17,1,16,富邦-竹東,2024-09-18,9625
8112,至上,17,2,15,富邦-竹東,2024-09-18,9625
6530,創威,20,5,15,富邦-竹東,2024-09-18,9625
1714,和桐,15,0,15,富邦-竹東,2024-09-18,9625
00941,中信上游半導體,15,0,15,富邦-竹東,2024-09-18,9625
2834,臺企銀,14,0,14,富邦-竹東,2024-09-18,9625
2070,精湛,43,29,14,富邦-竹東,2024-09-18,9625
00891,中信關鍵半導體,13,0,13,富邦-竹東,2024-09-18,9625
00934,中信成長高股息,19,6,13,富邦-竹東,2024-09-18,9625
2408,南亞科,14,1,13,富邦-竹東,2024-09-18,9625
3021,鴻名,13,1,12,富邦-竹東,2024-09-18,9625
2887,台新金,13,2,11,富邦-竹東,2024-09-18,9625
4561,健椿,15,4,11,富邦-竹東,2024-09-18,9625
00712,復華富時不動產,703,28,675,富邦-竹東,2024-09-19,9625
00664R,國泰臺灣加權反1,450,20,430,富邦-竹東,2024-09-19,9625
00919,群益台灣精選高息,329,15,314,富邦-竹東,2024-09-19,9625
00937B,群益ESG投等債20,320,13,307,富邦-竹東,2024-09-19,9625
3049,精金,287,78,209,富邦-竹東,2024-09-19,9625
00679B,元大美債20年,100,4,96,富邦-竹東,2024-09-19,9625
2022,聚亨,63,0,63,富邦-竹東,2024-09-19,9625
00958B,永豐ESG銀行債15,61,0,61,富邦-竹東,2024-09-19,9625
8011,台通,56,0,56,富邦-竹東,2024-09-19,9625
00706L,期元大S＆P日圓正2,55,0,55,富邦-竹東,2024-09-19,9625
00687B,國泰20年美債,84,33,51,富邦-竹東,2024-09-19,9625
00655L,國泰中國A50正2,40,0,40,富邦-竹東,2024-09-19,9625
3264,欣銓,40,0,40,富邦-竹東,2024-09-19,9625
3231,緯創,48,13,35,富邦-竹東,2024-09-19,9625
2243,宏旭-KY,32,0,32,富邦-竹東,2024-09-19,9625
2349,錸德,42,11,31,富邦-竹東,2024-09-19,9625
3588,通嘉,28,0,28,富邦-竹東,2024-09-19,9625
5905,南仁湖,37,11,26,富邦-竹東,2024-09-19,9625
00688L,國泰20年美債正2,40,15,25,富邦-竹東,2024-09-19,9625
00915,凱基優選高股息30,24,0,24,富邦-竹東,2024-09-19,9625
3149,正達,23,0,23,富邦-竹東,2024-09-19,9625
00933B,國泰10Y+金融債,20,0,20,富邦-竹東,2024-09-19,9625
3550,聯穎,28,8,20,富邦-竹東,2024-09-19,9625
0056,元大高股息,22,3,19,富邦-竹東,2024-09-19,9625
2233,宇隆,20,1,19,富邦-竹東,2024-09-19,9625
3021,鴻名,18,1,17,富邦-竹東,2024-09-19,9625
00795B,中信美國公債20年,17,0,17,富邦-竹東,2024-09-19,9625
5426,振發,17,0,17,富邦-竹東,2024-09-19,9625
1721,三晃,20,3,17,富邦-竹東,2024-09-19,9625
00891,中信關鍵半導體,16,0,16,富邦-竹東,2024-09-19,9625
6218,豪勉,20,4,16,富邦-竹東,2024-09-19,9625
2504,國產,19,3,16,富邦-竹東,2024-09-19,9625
3360,尚立,13,0,13,富邦-竹東,2024-09-19,9625
1905,華紙,12,0,12,富邦-竹東,2024-09-19,9625
2313,華通,16,4,12,富邦-竹東,2024-09-19,9625
2883,凱基金,42,30,12,富邦-竹東,2024-09-19,9625
00720B,元大投資級公司債,11,0,11,富邦-竹東,2024-09-19,9625
4974,亞泰,14,3,11,富邦-竹東,2024-09-19,9625
3548,兆利,17,6,11,富邦-竹東,2024-09-19,9625
2449,京元電子,16,5,11,富邦-竹東,2024-09-19,9625
00690,兆豐藍籌30,10,0,10,富邦-竹東,2024-09-19,9625
1727,中華化,13,4,9,富邦-竹東,2024-09-19,9625
2426,鼎元,17,8,9,富邦-竹東,2024-09-19,9625
6530,創威,29,21,8,富邦-竹東,2024-09-19,9625
9934,成霖,8,0,8,富邦-竹東,2024-09-19,9625
3013,晟銘電,22,14,8,富邦-竹東,2024-09-19,9625
3437,榮創,10,2,8,富邦-竹東,2024-09-19,9625
6134,萬旭,7,0,7,富邦-竹東,2024-09-19,9625
00751B,元大AAA至A公司債,7,0,7,富邦-竹東,2024-09-19,9625
6151,晉倫,9,2,7,富邦-竹東,2024-09-19,9625
00919,群益台灣精選高息,144,6,138,富邦-竹東,2024-09-20,9625
00958B,永豐ESG銀行債15,61,0,61,富邦-竹東,2024-09-20,9625
3264,欣銓,61,1,60,富邦-竹東,2024-09-20,9625
2062,橋椿,62,8,54,富邦-竹東,2024-09-20,9625
2406,國碩,50,0,50,富邦-竹東,2024-09-20,9625
00637L,元大滬深300正2,49,5,44,富邦-竹東,2024-09-20,9625
2545,皇翔,48,4,44,富邦-竹東,2024-09-20,9625
00687B,國泰20年美債,66,28,38,富邦-竹東,2024-09-20,9625
00959B,大華投等美債15Y+,37,0,37,富邦-竹東,2024-09-20,9625
2888,新光金,58,22,36,富邦-竹東,2024-09-20,9625
8070,長華*,39,8,31,富邦-竹東,2024-09-20,9625
1785,光洋科,70,42,28,富邦-竹東,2024-09-20,9625
00900,富邦特選高股息30,30,2,28,富邦-竹東,2024-09-20,9625
4714,永捷,24,1,23,富邦-竹東,2024-09-20,9625
1808,潤隆,27,5,22,富邦-竹東,2024-09-20,9625
3354,律勝,23,1,22,富邦-竹東,2024-09-20,9625
3597,映興,22,0,22,富邦-竹東,2024-09-20,9625
2104,國際中橡,20,0,20,富邦-竹東,2024-09-20,9625
00929,復華台灣科技優息,78,58,20,富邦-竹東,2024-09-20,9625
2542,興富發,22,3,19,富邦-竹東,2024-09-20,9625
3231,緯創,34,15,19,富邦-竹東,2024-09-20,9625
4526,東台,29,10,19,富邦-竹東,2024-09-20,9625
4513,福裕,21,2,19,富邦-竹東,2024-09-20,9625
2897,王道銀行,20,1,19,富邦-竹東,2024-09-20,9625
1101,台泥,20,2,18,富邦-竹東,2024-09-20,9625
3019,亞光,22,4,18,富邦-竹東,2024-09-20,9625
4716,大立,109,92,17,富邦-竹東,2024-09-20,9625
6191,精成科,20,4,16,富邦-竹東,2024-09-20,9625
1540,喬福,22,7,15,富邦-竹東,2024-09-20,9625
4903,聯光通,24,9,15,富邦-竹東,2024-09-20,9625
6739,竹陞科技,15,0,15,富邦-竹東,2024-09-20,9625
2867,三商壽,25,11,14,富邦-竹東,2024-09-20,9625
5905,南仁湖,16,2,14,富邦-竹東,2024-09-20,9625
1806,冠軍,14,0,14,富邦-竹東,2024-09-20,9625
6770,力積電,17,3,14,富邦-竹東,2024-09-20,9625
2609,陽明,33,19,14,富邦-竹東,2024-09-20,9625
6517,保勝光學,13,0,13,富邦-竹東,2024-09-20,9625
4979,華星光,16,4,12,富邦-竹東,2024-09-20,9625
8033,雷虎,12,0,12,富邦-竹東,2024-09-20,9625
3673,TPK-KY,28,16,12,富邦-竹東,2024-09-20,9625
3030,德律,10,0,10,富邦-竹東,2024-09-20,9625
2233,宇隆,10,0,10,富邦-竹東,2024-09-20,9625
2486,一詮,13,3,10,富邦-竹東,2024-09-20,9625
00686R,群益臺灣加權反1,10,0,10,富邦-竹東,2024-09-20,9625
2889,國票金,10,0,10,富邦-竹東,2024-09-20,9625
3550,聯穎,15,5,10,富邦-竹東,2024-09-20,9625
6218,豪勉,10,0,10,富邦-竹東,2024-09-20,9625
4432,銘旺實,10,0,10,富邦-竹東,2024-09-20,9625
5432,新門,10,1,9,富邦-竹東,2024-09-20,9625
3062,建漢,51,42,9,富邦-竹東,2024-09-20,9625
00632R,元大台灣50反1,450,0,450,富邦-竹東,2024-09-23,9625
00919,群益台灣精選高息,188,54,134,富邦-竹東,2024-09-23,9625
4956,光鋐,63,0,63,富邦-竹東,2024-09-23,9625
1711,永光,67,10,57,富邦-竹東,2024-09-23,9625
4707,磐亞,59,2,57,富邦-竹東,2024-09-23,9625
4711,永純,51,0,51,富邦-竹東,2024-09-23,9625
9935,慶豐富,50,0,50,富邦-竹東,2024-09-23,9625
00958B,永豐ESG銀行債15,50,0,50,富邦-竹東,2024-09-23,9625
5905,南仁湖,44,0,44,富邦-竹東,2024-09-23,9625
3264,欣銓,40,1,39,富邦-竹東,2024-09-23,9625
2426,鼎元,43,5,38,富邦-竹東,2024-09-23,9625
2312,金寶,43,6,37,富邦-竹東,2024-09-23,9625
00673R,期元大S＆P原油反1,32,0,32,富邦-竹東,2024-09-23,9625
2070,精湛,52,24,28,富邦-竹東,2024-09-23,9625
6207,雷科,25,0,25,富邦-竹東,2024-09-23,9625
2867,三商壽,24,1,23,富邦-竹東,2024-09-23,9625
3481,群創,34,13,21,富邦-竹東,2024-09-23,9625
2464,盟立,37,16,21,富邦-竹東,2024-09-23,9625
3615,安可,31,10,21,富邦-竹東,2024-09-23,9625
5519,隆大,27,6,21,富邦-竹東,2024-09-23,9625
3492,長盛,19,0,19,富邦-竹東,2024-09-23,9625
1815,富喬,16,0,16,富邦-竹東,2024-09-23,9625
6005,群益證,14,0,14,富邦-竹東,2024-09-23,9625
9802,鈺齊-KY,14,0,14,富邦-竹東,2024-09-23,9625
2542,興富發,15,2,13,富邦-竹東,2024-09-23,9625
1806,冠軍,13,0,13,富邦-竹東,2024-09-23,9625
6698,旭暉應材,12,0,12,富邦-竹東,2024-09-23,9625
3049,精金,14,2,12,富邦-竹東,2024-09-23,9625
2449,京元電子,14,3,11,富邦-竹東,2024-09-23,9625
4513,福裕,11,0,11,富邦-竹東,2024-09-23,9625
6603,富強鑫,11,0,11,富邦-竹東,2024-09-23,9625
4526,東台,10,0,10,富邦-竹東,2024-09-23,9625
2495,普安,21,11,10,富邦-竹東,2024-09-23,9625
2344,華邦電,13,3,10,富邦-竹東,2024-09-23,9625
2354,鴻準,13,3,10,富邦-竹東,2024-09-23,9625
2545,皇翔,11,1,10,富邦-竹東,2024-09-23,9625
3518,柏騰,11,2,9,富邦-竹東,2024-09-23,9625
6257,矽格,9,0,9,富邦-竹東,2024-09-23,9625
8374,羅昇,10,1,9,富邦-竹東,2024-09-23,9625
1727,中華化,14,5,9,富邦-竹東,2024-09-23,9625
2892,第一金,10,1,9,富邦-竹東,2024-09-23,9625
3645,達邁,9,0,9,富邦-竹東,2024-09-23,9625
00929,復華台灣科技優息,40,31,9,富邦-竹東,2024-09-23,9625
2425,承啟,11,3,8,富邦-竹東,2024-09-23,9625
00915,凱基優選高股息30,8,0,8,富邦-竹東,2024-09-23,9625
3374,精材,14,7,7,富邦-竹東,2024-09-23,9625
00959B,大華投等美債15Y+,7,0,7,富邦-竹東,2024-09-23,9625
3303,岱稜,7,0,7,富邦-竹東,2024-09-23,9625
0056,元大高股息,10,4,6,富邦-竹東,2024-09-23,9625
3014,聯陽,6,0,6,富邦-竹東,2024-09-23,9625
00687B,國泰20年美債,352,16,336,富邦-竹東,2024-09-24,9625
00664R,國泰臺灣加權反1,450,150,300,富邦-竹東,2024-09-24,9625
2888,新光金,149,5,144,富邦-竹東,2024-09-24,9625
3264,欣銓,101,1,100,富邦-竹東,2024-09-24,9625
00633L,富邦上証正2,60,1,59,富邦-竹東,2024-09-24,9625
3481,群創,75,22,53,富邦-竹東,2024-09-24,9625
00929,復華台灣科技優息,59,18,41,富邦-竹東,2024-09-24,9625
2388,威盛,46,7,39,富邦-竹東,2024-09-24,9625
00946,群益科技高息成長,34,0,34,富邦-竹東,2024-09-24,9625
6136,富爾特,25,0,25,富邦-竹東,2024-09-24,9625
2464,盟立,27,3,24,富邦-竹東,2024-09-24,9625
00679B,元大美債20年,24,0,24,富邦-竹東,2024-09-24,9625
1584,精剛,31,8,23,富邦-竹東,2024-09-24,9625
6530,創威,30,7,23,富邦-竹東,2024-09-24,9625
3605,宏致,23,2,21,富邦-竹東,2024-09-24,9625
00632R,元大台灣50反1,165,145,20,富邦-竹東,2024-09-24,9625
2867,三商壽,40,20,20,富邦-竹東,2024-09-24,9625
2891,中信金,32,14,18,富邦-竹東,2024-09-24,9625
00712,復華富時不動產,18,0,18,富邦-竹東,2024-09-24,9625
2401,凌陽,21,3,18,富邦-竹東,2024-09-24,9625
0056,元大高股息,39,22,17,富邦-竹東,2024-09-24,9625
00720B,元大投資級公司債,17,0,17,富邦-竹東,2024-09-24,9625
2425,承啟,31,14,17,富邦-竹東,2024-09-24,9625
2467,志聖,17,0,17,富邦-竹東,2024-09-24,9625
2444,兆勁,16,0,16,富邦-竹東,2024-09-24,9625
3380,明泰,15,0,15,富邦-竹東,2024-09-24,9625
1727,中華化,15,0,15,富邦-竹東,2024-09-24,9625
3374,精材,21,7,14,富邦-竹東,2024-09-24,9625
2399,映泰,31,17,14,富邦-竹東,2024-09-24,9625
2062,橋椿,14,0,14,富邦-竹東,2024-09-24,9625
8110,華東,14,0,14,富邦-竹東,2024-09-24,9625
2449,京元電子,14,2,12,富邦-竹東,2024-09-24,9625
6506,雙邦,17,5,12,富邦-竹東,2024-09-24,9625
2365,昆盈,16,4,12,富邦-竹東,2024-09-24,9625
2505,國揚,15,4,11,富邦-竹東,2024-09-24,9625
2834,臺企銀,13,2,11,富邦-竹東,2024-09-24,9625
00740B,富邦全球投等債,14,3,11,富邦-竹東,2024-09-24,9625
3712,永崴投控,11,0,11,富邦-竹東,2024-09-24,9625
00937B,群益ESG投等債20,20,10,10,富邦-竹東,2024-09-24,9625
2427,三商電,10,0,10,富邦-竹東,2024-09-24,9625
1905,華紙,10,0,10,富邦-竹東,2024-09-24,9625
2363,矽統,10,0,10,富邦-竹東,2024-09-24,9625
00921,兆豐龍頭等權重,10,0,10,富邦-竹東,2024-09-24,9625
4306,炎洲,10,0,10,富邦-竹東,2024-09-24,9625
2442,新美齊,10,0,10,富邦-竹東,2024-09-24,9625
5009,榮剛,10,0,10,富邦-竹東,2024-09-24,9625
6603,富強鑫,10,0,10,富邦-竹東,2024-09-24,9625
1806,冠軍,10,0,10,富邦-竹東,2024-09-24,9625
00715L,期街口布蘭特正2,10,0,10,富邦-竹東,2024-09-24,9625
6274,台燿,13,4,9,富邦-竹東,2024-09-24,9625
00676R,富邦臺灣加權反1,500,0,500,富邦-竹東,2024-09-25,9625
00687B,國泰20年美債,114,7,107,富邦-竹東,2024-09-25,9625
1101,台泥,113,8,105,富邦-竹東,2024-09-25,9625
3264,欣銓,66,2,64,富邦-竹東,2024-09-25,9625
00937B,群益ESG投等債20,75,15,60,富邦-竹東,2024-09-25,9625
00637L,元大滬深300正2,92,46,46,富邦-竹東,2024-09-25,9625
00679B,元大美債20年,94,50,44,富邦-竹東,2024-09-25,9625
00960,野村全球航運龍頭,38,3,35,富邦-竹東,2024-09-25,9625
00633L,富邦上証正2,38,7,31,富邦-竹東,2024-09-25,9625
1409,新纖,30,0,30,富邦-竹東,2024-09-25,9625
00795B,中信美國公債20年,30,0,30,富邦-竹東,2024-09-25,9625
5392,能率,30,2,28,富邦-竹東,2024-09-25,9625
2401,凌陽,31,5,26,富邦-竹東,2024-09-25,9625
8027,鈦昇,26,2,24,富邦-竹東,2024-09-25,9625
00905,FT臺灣Smart,66,43,23,富邦-竹東,2024-09-25,9625
3550,聯穎,70,47,23,富邦-竹東,2024-09-25,9625
2367,燿華,27,5,22,富邦-竹東,2024-09-25,9625
2399,映泰,21,0,21,富邦-竹東,2024-09-25,9625
1584,精剛,21,0,21,富邦-竹東,2024-09-25,9625
6548,長科*,26,5,21,富邦-竹東,2024-09-25,9625
3652,精聯,23,3,20,富邦-竹東,2024-09-25,9625
00929,復華台灣科技優息,178,159,19,富邦-竹東,2024-09-25,9625
2611,志信,20,1,19,富邦-竹東,2024-09-25,9625
8074,鉅橡,19,0,19,富邦-竹東,2024-09-25,9625
4977,眾達-KY,25,7,18,富邦-竹東,2024-09-25,9625
1721,三晃,18,1,17,富邦-竹東,2024-09-25,9625
1808,潤隆,17,1,16,富邦-竹東,2024-09-25,9625
4303,信立,18,2,16,富邦-竹東,2024-09-25,9625
4909,新復興,28,13,15,富邦-竹東,2024-09-25,9625
2070,精湛,19,5,14,富邦-竹東,2024-09-25,9625
3710,連展投控,13,0,13,富邦-竹東,2024-09-25,9625
2388,威盛,21,8,13,富邦-竹東,2024-09-25,9625
00922,國泰台灣領袖50,13,0,13,富邦-竹東,2024-09-25,9625
2603,長榮,25,13,12,富邦-竹東,2024-09-25,9625
1702,南僑,12,0,12,富邦-竹東,2024-09-25,9625
5608,四維航,11,0,11,富邦-竹東,2024-09-25,9625
2495,普安,12,1,11,富邦-竹東,2024-09-25,9625
3715,定穎投控,52,41,11,富邦-竹東,2024-09-25,9625
6451,訊芯-KY,19,9,10,富邦-竹東,2024-09-25,9625
8111,立��,22,12,10,富邦-竹東,2024-09-25,9625
1905,華紙,10,0,10,富邦-竹東,2024-09-25,9625
00680L,元大美債20正2,10,0,10,富邦-竹東,2024-09-25,9625
2103,台橡,10,0,10,富邦-竹東,2024-09-25,9625
6732,昇佳電子,10,0,10,富邦-竹東,2024-09-25,9625
4716,大立,27,17,10,富邦-竹東,2024-09-25,9625
8033,雷虎,10,0,10,富邦-竹東,2024-09-25,9625
3149,正達,25,16,9,富邦-竹東,2024-09-25,9625
3021,鴻名,9,0,9,富邦-竹東,2024-09-25,9625
3062,建漢,102,93,9,富邦-竹東,2024-09-25,9625
1609,大亞,9,0,9,富邦-竹東,2024-09-25,9625
00715L,期街口布蘭特正2,372,21,351,富邦-竹東,2024-09-26,9625
00959B,大華投等美債15Y+,184,0,184,富邦-竹東,2024-09-26,9625
00753L,中信中國50正2,150,12,138,富邦-竹東,2024-09-26,9625
00960,野村全球航運龍頭,150,19,131,富邦-竹東,2024-09-26,9625
3264,欣銓,124,0,124,富邦-竹東,2024-09-26,9625
00706L,期元大S＆P日圓正2,113,0,113,富邦-竹東,2024-09-26,9625
00664R,國泰臺灣加權反1,101,1,100,富邦-竹東,2024-09-26,9625
00712,復華富時不動產,64,0,64,富邦-竹東,2024-09-26,9625
4767,誠泰科技,56,0,56,富邦-竹東,2024-09-26,9625
00688L,國泰20年美債正2,55,1,54,富邦-竹東,2024-09-26,9625
2891,中信金,42,1,41,富邦-竹東,2024-09-26,9625
1714,和桐,41,0,41,富邦-竹東,2024-09-26,9625
2344,華邦電,44,8,36,富邦-竹東,2024-09-26,9625
00905,FT臺灣Smart,37,2,35,富邦-竹東,2024-09-26,9625
00632R,元大台灣50反1,35,0,35,富邦-竹東,2024-09-26,9625
006206,元大上證50,35,0,35,富邦-竹東,2024-09-26,9625
3673,TPK-KY,61,27,34,富邦-竹東,2024-09-26,9625
00936,台新永續高息中小,27,1,26,富邦-竹東,2024-09-26,9625
00720B,元大投資級公司債,46,20,26,富邦-竹東,2024-09-26,9625
2613,中櫃,37,11,26,富邦-竹東,2024-09-26,9625
6152,百一,27,2,25,富邦-竹東,2024-09-26,9625
2884,玉山金,25,0,25,富邦-竹東,2024-09-26,9625
00680L,元大美債20正2,22,0,22,富邦-竹東,2024-09-26,9625
1808,潤隆,28,6,22,富邦-竹東,2024-09-26,9625
3094,聯傑,22,1,21,富邦-竹東,2024-09-26,9625
3019,亞光,39,18,21,富邦-竹東,2024-09-26,9625
3356,奇偶,20,0,20,富邦-竹東,2024-09-26,9625
3231,緯創,23,3,20,富邦-竹東,2024-09-26,9625
1905,華紙,20,1,19,富邦-竹東,2024-09-26,9625
2367,燿華,23,7,16,富邦-竹東,2024-09-26,9625
00927,群益半導體收益,16,0,16,富邦-竹東,2024-09-26,9625
6224,聚鼎,16,0,16,富邦-竹東,2024-09-26,9625
3715,定穎投控,59,43,16,富邦-竹東,2024-09-26,9625
00725B,國泰投資級公司債,15,0,15,富邦-竹東,2024-09-26,9625
8039,台虹,14,1,13,富邦-竹東,2024-09-26,9625
2362,藍天,34,21,13,富邦-竹東,2024-09-26,9625
3033,威健,17,4,13,富邦-竹東,2024-09-26,9625
4542,科嶠,13,0,13,富邦-竹東,2024-09-26,9625
9105,泰金寶-DR,12,0,12,富邦-竹東,2024-09-26,9625
6207,雷科,14,2,12,富邦-竹東,2024-09-26,9625
5871,中租-KY,11,0,11,富邦-竹東,2024-09-26,9625
8277,商丞,11,0,11,富邦-竹東,2024-09-26,9625
3037,欣興,18,7,11,富邦-竹東,2024-09-26,9625
00751B,元大AAA至A公司債,12,1,11,富邦-竹東,2024-09-26,9625
2464,盟立,18,8,10,富邦-竹東,2024-09-26,9625
00673R,期元大S＆P原油反1,10,0,10,富邦-竹東,2024-09-26,9625
5309,系統電,10,0,10,富邦-竹東,2024-09-26,9625
4174,浩鼎,10,0,10,富邦-竹東,2024-09-26,9625
6275,元山,10,0,10,富邦-竹東,2024-09-26,9625
4432,銘旺實,10,0,10,富邦-竹東,2024-09-26,9625
00715L,期街口布蘭特正2,156,0,156,富邦-竹東,2024-09-27,9625
00937B,群益ESG投等債20,129,48,81,富邦-竹東,2024-09-27,9625
3264,欣銓,80,0,80,富邦-竹東,2024-09-27,9625
6116,彩晶,79,1,78,富邦-竹東,2024-09-27,9625
2891,中信金,83,7,76,富邦-竹東,2024-09-27,9625
00632R,元大台灣50反1,72,0,72,富邦-竹東,2024-09-27,9625
00679B,元大美債20年,61,0,61,富邦-竹東,2024-09-27,9625
00958B,永豐ESG銀行債15,53,0,53,富邦-竹東,2024-09-27,9625
00680L,元大美債20正2,52,0,52,富邦-竹東,2024-09-27,9625
00960,野村全球航運龍頭,52,0,52,富邦-竹東,2024-09-27,9625
1540,喬福,64,14,50,富邦-竹東,2024-09-27,9625
1308,亞聚,50,0,50,富邦-竹東,2024-09-27,9625
0056,元大高股息,65,15,50,富邦-竹東,2024-09-27,9625
00655L,國泰中國A50正2,40,0,40,富邦-竹東,2024-09-27,9625
2399,映泰,50,18,32,富邦-竹東,2024-09-27,9625
2408,南亞科,34,2,32,富邦-竹東,2024-09-27,9625
3363,上詮,37,6,31,富邦-竹東,2024-09-27,9625
00642U,期元大S＆P石油,30,0,30,富邦-竹東,2024-09-27,9625
9919,康那香,30,0,30,富邦-竹東,2024-09-27,9625
8064,東捷,20,0,20,富邦-竹東,2024-09-27,9625
8110,華東,20,0,20,富邦-竹東,2024-09-27,9625
3706,神達,20,0,20,富邦-竹東,2024-09-27,9625
8404,百和興業-KY,20,0,20,富邦-竹東,2024-09-27,9625
00706L,期元大S＆P日圓正2,19,0,19,富邦-竹東,2024-09-27,9625
00712,復華富時不動產,19,1,18,富邦-竹東,2024-09-27,9625
2363,矽統,78,60,18,富邦-竹東,2024-09-27,9625
1905,華紙,20,2,18,富邦-竹東,2024-09-27,9625
2388,威盛,25,8,17,富邦-竹東,2024-09-27,9625
3163,波若威,51,35,16,富邦-竹東,2024-09-27,9625
3588,通嘉,46,31,15,富邦-竹東,2024-09-27,9625
2605,新興,40,25,15,富邦-竹東,2024-09-27,9625
3047,訊舟,17,3,14,富邦-竹東,2024-09-27,9625
1108,幸福,14,0,14,富邦-竹東,2024-09-27,9625
00751B,元大AAA至A公司債,14,0,14,富邦-竹東,2024-09-27,9625
3535,晶彩科,17,4,13,富邦-竹東,2024-09-27,9625
8150,南茂,15,2,13,富邦-竹東,2024-09-27,9625
3041,揚智,19,6,13,富邦-竹東,2024-09-27,9625
2610,華航,20,7,13,富邦-竹東,2024-09-27,9625
1336,台翰,13,1,12,富邦-竹東,2024-09-27,9625
2436,偉詮電,14,3,11,富邦-竹東,2024-09-27,9625
1708,東鹼,15,4,11,富邦-竹東,2024-09-27,9625
3189,景碩,21,10,11,富邦-竹東,2024-09-27,9625
5388,中磊,10,0,10,富邦-竹東,2024-09-27,9625
5355,佳總,10,0,10,富邦-竹東,2024-09-27,9625
4174,浩鼎,10,0,10,富邦-竹東,2024-09-27,9625
6241,易通展,10,0,10,富邦-竹東,2024-09-27,9625
4952,凌通,12,2,10,富邦-竹東,2024-09-27,9625
6166,凌華,10,0,10,富邦-竹東,2024-09-27,9625
3356,奇偶,10,0,10,富邦-竹東,2024-09-27,9625
2495,普安,15,5,10,富邦-竹東,2024-09-27,9625
00632R,元大台灣50反1,1019,222,797,富邦-竹東,2024-09-30,9625
00680L,元大美債20正2,660,156,504,富邦-竹東,2024-09-30,9625
00929,復華台灣科技優息,214,8,206,富邦-竹東,2024-09-30,9625
00919,群益台灣精選高息,217,50,167,富邦-竹東,2024-09-30,9625
00937B,群益ESG投等債20,143,2,141,富邦-竹東,2024-09-30,9625
2344,華邦電,131,4,127,富邦-竹東,2024-09-30,9625
00878,國泰永續高股息,115,3,112,富邦-竹東,2024-09-30,9625
3264,欣銓,70,1,69,富邦-竹東,2024-09-30,9625
00922,國泰台灣領袖50,57,0,57,富邦-竹東,2024-09-30,9625
00960,野村全球航運龍頭,56,0,56,富邦-竹東,2024-09-30,9625
00795B,中信美國公債20年,55,0,55,富邦-竹東,2024-09-30,9625
00688L,國泰20年美債正2,52,0,52,富邦-竹東,2024-09-30,9625
2891,中信金,83,33,50,富邦-竹東,2024-09-30,9625
2371,大同,50,0,50,富邦-竹東,2024-09-30,9625
00679B,元大美債20年,43,0,43,富邦-竹東,2024-09-30,9625
00687B,國泰20年美債,51,11,40,富邦-竹東,2024-09-30,9625
2615,萬海,54,15,39,富邦-竹東,2024-09-30,9625
2313,華通,35,3,32,富邦-竹東,2024-09-30,9625
2609,陽明,55,24,31,富邦-竹東,2024-09-30,9625
00655L,國泰中國A50正2,30,0,30,富邦-竹東,2024-09-30,9625
4123,晟德,28,0,28,富邦-竹東,2024-09-30,9625
3062,建漢,26,0,26,富邦-竹東,2024-09-30,9625
00932,兆豐永續高息等權,25,0,25,富邦-竹東,2024-09-30,9625
00891,中信關鍵半導體,24,0,24,富邦-竹東,2024-09-30,9625
00918,大華優利高填息30,27,5,22,富邦-竹東,2024-09-30,9625
2330,台積電,29,7,22,富邦-竹東,2024-09-30,9625
00915,凱基優選高股息30,57,35,22,富邦-竹東,2024-09-30,9625
4716,大立,22,1,21,富邦-竹東,2024-09-30,9625
00927,群益半導體收益,20,0,20,富邦-竹東,2024-09-30,9625
2489,瑞軒,24,3,21,富邦-竹東,2024-09-30,9625
00933B,國泰10Y+金融債,20,0,20,富邦-竹東,2024-09-30,9625
006208,富邦台50,20,0,20,富邦-竹東,2024-09-30,9625
3231,緯創,26,7,19,富邦-竹東,2024-09-30,9625
2442,新美齊,18,0,18,富邦-竹東,2024-09-30,9625
2449,京元電子,25,8,17,富邦-竹東,2024-09-30,9625
00713,元大台灣高息低波,15,0,15,富邦-竹東,2024-09-30,9625
2603,長榮,36,22,14,富邦-竹東,2024-09-30,9625
2617,台航,14,0,14,富邦-竹東,2024-09-30,9625
5871,中租-KY,29,15,14,富邦-竹東,2024-09-30,9625
0056,元大高股息,30,17,13,富邦-竹東,2024-09-30,9625
2062,橋椿,15,2,13,富邦-竹東,2024-09-30,9625
00633L,富邦上証正2,20,7,13,富邦-竹東,2024-09-30,9625
3013,晟銘電,19,6,13,富邦-竹東,2024-09-30,9625
2007,燁興,16,3,13,富邦-竹東,2024-09-30,9625
5014,建錩,14,1,13,富邦-竹東,2024-09-30,9625
2070,精湛,15,3,12,富邦-竹東,2024-09-30,9625
8436,大江,12,0,12,富邦-竹東,2024-09-30,9625
00935,野村臺灣新科技50,11,0,11,富邦-竹東,2024-09-30,9625
6182,合晶,11,0,11,富邦-竹東,2024-09-30,9625
3548,兆利,11,1,10,富邦-竹東,2024-09-30,9625
00929,復華台灣科技優息,437,2,435,富邦-竹東,2024-10-01,9625
00753L,中信中國50正2,214,15,199,富邦-竹東,2024-10-01,9625
00937B,群益ESG投等債20,147,13,134,富邦-竹東,2024-10-01,9625
0056,元大高股息,131,0,131,富邦-竹東,2024-10-01,9625
00655L,國泰中國A50正2,120,3,117,富邦-竹東,2024-10-01,9625
00637L,元大滬深300正2,128,26,102,富邦-竹東,2024-10-01,9625
00878,國泰永續高股息,82,2,80,富邦-竹東,2024-10-01,9625
00960,野村全球航運龍頭,76,2,74,富邦-竹東,2024-10-01,9625
00687B,國泰20年美債,73,3,70,富邦-竹東,2024-10-01,9625
00919,群益台灣精選高息,69,3,66,富邦-竹東,2024-10-01,9625
3715,定穎投控,41,10,31,富邦-竹東,2024-10-01,9625
00940,元大台灣價值高息,32,2,30,富邦-竹東,2024-10-01,9625
00632R,元大台灣50反1,30,0,30,富邦-竹東,2024-10-01,9625
4979,華星光,56,26,30,富邦-竹東,2024-10-01,9625
9958,世紀鋼,29,2,27,富邦-竹東,2024-10-01,9625
5876,上海商銀,22,0,22,富邦-竹東,2024-10-01,9625
00887,永豐中國科技50大,20,0,20,富邦-竹東,2024-10-01,9625
2426,鼎元,20,0,20,富邦-竹東,2024-10-01,9625
00679B,元大美債20年,23,4,19,富邦-竹東,2024-10-01,9625
00947,台新臺灣IC設計,18,0,18,富邦-竹東,2024-10-01,9625
2601,益航,19,1,18,富邦-竹東,2024-10-01,9625
2455,全新,19,2,17,富邦-竹東,2024-10-01,9625
3264,欣銓,16,0,16,富邦-竹東,2024-10-01,9625
3550,聯穎,23,7,16,富邦-竹東,2024-10-01,9625
006206,元大上證50,15,0,15,富邦-竹東,2024-10-01,9625
1727,中華化,23,9,14,富邦-竹東,2024-10-01,9625
3149,正達,34,20,14,富邦-竹東,2024-10-01,9625
2855,統一證,13,0,13,富邦-竹東,2024-10-01,9625
1301,台塑,14,1,13,富邦-竹東,2024-10-01,9625
2303,聯電,12,0,12,富邦-竹東,2024-10-01,9625
1815,富喬,14,2,12,富邦-竹東,2024-10-01,9625
00959B,大華投等美債15Y+,12,0,12,富邦-竹東,2024-10-01,9625
6770,力積電,20,9,11,富邦-竹東,2024-10-01,9625
2363,矽統,22,11,11,富邦-竹東,2024-10-01,9625
5225,東科-KY,12,1,11,富邦-竹東,2024-10-01,9625
2436,偉詮電,11,0,11,富邦-竹東,2024-10-01,9625
1514,亞力,15,4,11,富邦-竹東,2024-10-01,9625
2385,群光,11,0,11,富邦-竹東,2024-10-01,9625
9802,鈺齊-KY,11,0,11,富邦-竹東,2024-10-01,9625
8070,長華*,11,0,11,富邦-竹東,2024-10-01,9625
2409,友達,10,0,10,富邦-竹東,2024-10-01,9625
2883,凱基金,11,1,10,富邦-竹東,2024-10-01,9625
2049,上銀,10,0,10,富邦-竹東,2024-10-01,9625
3062,建漢,10,0,10,富邦-竹東,2024-10-01,9625
6239,力成,10,0,10,富邦-竹東,2024-10-01,9625
00942B,台新美A公司債20+,10,0,10,富邦-竹東,2024-10-01,9625
00725B,國泰投資級公司債,10,0,10,富邦-竹東,2024-10-01,9625
1540,喬福,12,2,10,富邦-竹東,2024-10-01,9625
6147,頎邦,10,0,10,富邦-竹東,2024-10-01,9625
00713,元大台灣高息低波,10,0,10,富邦-竹東,2024-10-01,9625
00919,群益台灣精選高息,522,91,431,富邦-竹東,2024-10-04,9625
0056,元大高股息,272,3,269,富邦-竹東,2024-10-04,9625
00706L,期元大S＆P日圓正2,200,0,200,富邦-竹東,2024-10-04,9625
00929,復華台灣科技優息,313,128,185,富邦-竹東,2024-10-04,9625
00943,兆豐電子高息等權,101,0,101,富邦-竹東,2024-10-04,9625
00878,國泰永續高股息,119,26,93,富邦-竹東,2024-10-04,9625
2371,大同,91,1,90,富邦-竹東,2024-10-04,9625
2615,萬海,64,10,54,富邦-竹東,2024-10-04,9625
00960,野村全球航運龍頭,49,0,49,富邦-竹東,2024-10-04,9625
00937B,群益ESG投等債20,49,0,49,富邦-竹東,2024-10-04,9625
00712,復華富時不動產,46,0,46,富邦-竹東,2024-10-04,9625
00922,國泰台灣領袖50,48,2,46,富邦-竹東,2024-10-04,9625
2303,聯電,58,14,44,富邦-竹東,2024-10-04,9625
00665L,富邦�琤肭磪囓�2,62,19,43,富邦-竹東,2024-10-04,9625
00940,元大台灣價值高息,57,15,42,富邦-竹東,2024-10-04,9625
4566,時碩工業,42,0,42,富邦-竹東,2024-10-04,9625
00679B,元大美債20年,45,3,42,富邦-竹東,2024-10-04,9625
00753L,中信中國50正2,150,115,35,富邦-竹東,2024-10-04,9625
2464,盟立,37,3,34,富邦-竹東,2024-10-04,9625
3062,建漢,33,0,33,富邦-竹東,2024-10-04,9625
1609,大亞,45,13,32,富邦-竹東,2024-10-04,9625
2609,陽明,52,21,31,富邦-竹東,2024-10-04,9625
00939,統一台灣高息動能,40,10,30,富邦-竹東,2024-10-04,9625
00946,群益科技高息成長,30,0,30,富邦-竹東,2024-10-04,9625
00918,大華優利高填息30,57,29,28,富邦-竹東,2024-10-04,9625
00655L,國泰中國A50正2,27,0,27,富邦-竹東,2024-10-04,9625
2498,宏達電,94,68,26,富邦-竹東,2024-10-04,9625
1437,勤益控,25,0,25,富邦-竹東,2024-10-04,9625
4903,聯光通,67,42,25,富邦-竹東,2024-10-04,9625
00680L,元大美債20正2,24,1,23,富邦-竹東,2024-10-04,9625
2891,中信金,32,11,21,富邦-竹東,2024-10-04,9625
00673R,期元大S＆P原油反1,21,0,21,富邦-竹東,2024-10-04,9625
00713,元大台灣高息低波,21,0,21,富邦-竹東,2024-10-04,9625
3360,尚立,20,0,20,富邦-竹東,2024-10-04,9625
9955,佳龍,20,0,20,富邦-竹東,2024-10-04,9625
2618,長榮航,19,0,19,富邦-竹東,2024-10-04,9625
2897,王道銀行,18,0,18,富邦-竹東,2024-10-04,9625
00687B,國泰20年美債,19,2,17,富邦-竹東,2024-10-04,9625
8249,菱光,17,1,16,富邦-竹東,2024-10-04,9625
2892,第一金,16,0,16,富邦-竹東,2024-10-04,9625
2603,長榮,43,28,15,富邦-竹東,2024-10-04,9625
3715,定穎投控,21,6,15,富邦-竹東,2024-10-04,9625
2408,南亞科,16,1,15,富邦-竹東,2024-10-04,9625
4174,浩鼎,14,0,14,富邦-竹東,2024-10-04,9625
2610,華航,13,0,13,富邦-竹東,2024-10-04,9625
2345,智邦,13,0,13,富邦-竹東,2024-10-04,9625
3438,類比科,13,0,13,富邦-竹東,2024-10-04,9625
5347,世界,13,1,12,富邦-竹東,2024-10-04,9625
2641,正德,12,0,12,富邦-竹東,2024-10-04,9625
4979,華星光,52,40,12,富邦-竹東,2024-10-04,9625
3481,群創,213,2,211,富邦-竹東,2024-10-07,9625
00882,中信中國高股息,235,114,121,富邦-竹東,2024-10-07,9625
00680L,元大美債20正2,105,0,105,富邦-竹東,2024-10-07,9625
0056,元大高股息,128,26,102,富邦-竹東,2024-10-07,9625
00919,群益台灣精選高息,140,48,92,富邦-竹東,2024-10-07,9625
00922,國泰台灣領袖50,85,0,85,富邦-竹東,2024-10-07,9625
3264,欣銓,80,0,80,富邦-竹東,2024-10-07,9625
00943,兆豐電子高息等權,71,0,71,富邦-竹東,2024-10-07,9625
4958,臻鼎-KY,62,0,62,富邦-竹東,2024-10-07,9625
00937B,群益ESG投等債20,67,10,57,富邦-竹東,2024-10-07,9625
00940,元大台灣價值高息,53,4,49,富邦-竹東,2024-10-07,9625
00753L,中信中國50正2,79,31,48,富邦-竹東,2024-10-07,9625
3025,星通,78,36,42,富邦-竹東,2024-10-07,9625
2393,億光,38,0,38,富邦-竹東,2024-10-07,9625
00650L,復華香港正2,43,7,36,富邦-竹東,2024-10-07,9625
2504,國產,36,2,34,富邦-竹東,2024-10-07,9625
00752,中信中國50,37,3,34,富邦-竹東,2024-10-07,9625
00700,富邦�琤肭磪�,31,0,31,富邦-竹東,2024-10-07,9625
00665L,富邦�琤肭磪囓�2,57,28,29,富邦-竹東,2024-10-07,9625
4903,聯光通,58,29,29,富邦-竹東,2024-10-07,9625
1711,永光,29,2,27,富邦-竹東,2024-10-07,9625
8111,立��,41,19,22,富邦-竹東,2024-10-07,9625
2317,鴻海,53,31,22,富邦-竹東,2024-10-07,9625
6118,建達,21,0,21,富邦-竹東,2024-10-07,9625
00934,中信成長高股息,20,0,20,富邦-竹東,2024-10-07,9625
1326,台化,20,1,19,富邦-竹東,2024-10-07,9625
8089,康全電訊,21,3,18,富邦-竹東,2024-10-07,9625
2495,普安,22,4,18,富邦-竹東,2024-10-07,9625
2515,中工,21,4,17,富邦-竹東,2024-10-07,9625
00720B,元大投資級公司債,17,0,17,富邦-竹東,2024-10-07,9625
00725B,國泰投資級公司債,17,0,17,富邦-竹東,2024-10-07,9625
5347,世界,17,1,16,富邦-竹東,2024-10-07,9625
5871,中租-KY,19,3,16,富邦-竹東,2024-10-07,9625
2356,英業達,25,9,16,富邦-竹東,2024-10-07,9625
00688L,國泰20年美債正2,15,0,15,富邦-竹東,2024-10-07,9625
2408,南亞科,16,2,14,富邦-竹東,2024-10-07,9625
2399,映泰,24,10,14,富邦-竹東,2024-10-07,9625
3591,艾笛森,14,1,13,富邦-竹東,2024-10-07,9625
00935,野村臺灣新科技50,17,4,13,富邦-竹東,2024-10-07,9625
2610,華航,13,1,12,富邦-竹東,2024-10-07,9625
00930,永豐ESG低碳高息,11,0,11,富邦-竹東,2024-10-07,9625
6218,豪勉,28,17,11,富邦-竹東,2024-10-07,9625
2337,旺宏,10,0,10,富邦-竹東,2024-10-07,9625
1437,勤益控,10,0,10,富邦-竹東,2024-10-07,9625
00907,永豐優息存股,11,1,10,富邦-竹東,2024-10-07,9625
4510,高鋒,11,1,10,富邦-竹東,2024-10-07,9625
8996,高力,10,1,9,富邦-竹東,2024-10-07,9625
2349,錸德,11,2,9,富邦-竹東,2024-10-07,9625
1101,台泥,22,13,9,富邦-竹東,2024-10-07,9625
2449,京元電子,10,1,9,富邦-竹東,2024-10-07,9625
00673R,期元大S＆P原油反1,314,0,314,富邦-竹東,2024-10-08,9625
00918,大華優利高填息30,143,0,143,富邦-竹東,2024-10-08,9625
00922,國泰台灣領袖50,114,0,114,富邦-竹東,2024-10-08,9625
2399,映泰,209,105,104,富邦-竹東,2024-10-08,9625
00929,復華台灣科技優息,157,55,102,富邦-竹東,2024-10-08,9625
2504,國產,93,0,93,富邦-竹東,2024-10-08,9625
0056,元大高股息,86,5,81,富邦-竹東,2024-10-08,9625
00679B,元大美債20年,79,0,79,富邦-竹東,2024-10-08,9625
00919,群益台灣精選高息,80,1,79,富邦-竹東,2024-10-08,9625
00915,凱基優選高股息30,58,0,58,富邦-竹東,2024-10-08,9625
3715,定穎投控,65,11,54,富邦-竹東,2024-10-08,9625
8070,長華*,50,1,49,富邦-竹東,2024-10-08,9625
00878,國泰永續高股息,50,1,49,富邦-竹東,2024-10-08,9625
2408,南亞科,46,4,42,富邦-竹東,2024-10-08,9625
00725B,國泰投資級公司債,37,0,37,富邦-竹東,2024-10-08,9625
4903,聯光通,62,26,36,富邦-竹東,2024-10-08,9625
00940,元大台灣價值高息,32,0,32,富邦-竹東,2024-10-08,9625
1714,和桐,30,0,30,富邦-竹東,2024-10-08,9625
00948B,中信優息投資級債,30,0,30,富邦-竹東,2024-10-08,9625
00932,兆豐永續高息等權,30,0,30,富邦-竹東,2024-10-08,9625
2897,王道銀行,28,0,28,富邦-竹東,2024-10-08,9625
8111,立��,33,6,27,富邦-竹東,2024-10-08,9625
5880,合庫金,27,0,27,富邦-竹東,2024-10-08,9625
2362,藍天,53,30,23,富邦-竹東,2024-10-08,9625
00639,富邦深100,33,10,23,富邦-竹東,2024-10-08,9625
5225,東科-KY,22,0,22,富邦-竹東,2024-10-08,9625
6005,群益證,21,0,21,富邦-竹東,2024-10-08,9625
00636,國泰中國A50,21,0,21,富邦-竹東,2024-10-08,9625
8034,榮群,20,0,20,富邦-竹東,2024-10-08,9625
9802,鈺齊-KY,20,0,20,富邦-竹東,2024-10-08,9625
2812,台中銀,21,1,20,富邦-竹東,2024-10-08,9625
3078,僑威,20,0,20,富邦-竹東,2024-10-08,9625
1514,亞力,21,1,20,富邦-竹東,2024-10-08,9625
8011,台通,22,2,20,富邦-竹東,2024-10-08,9625
1326,台化,20,0,20,富邦-竹東,2024-10-08,9625
00753L,中信中國50正2,145,126,19,富邦-竹東,2024-10-08,9625
5608,四維航,19,0,19,富邦-竹東,2024-10-08,9625
1340,勝悅-KY,20,1,19,富邦-竹東,2024-10-08,9625
1711,永光,21,2,19,富邦-竹東,2024-10-08,9625
00887,永豐中國科技50大,26,9,17,富邦-竹東,2024-10-08,9625
1809,中釉,17,0,17,富邦-竹東,2024-10-08,9625
2317,鴻海,33,16,17,富邦-竹東,2024-10-08,9625
2356,英業達,20,4,16,富邦-竹東,2024-10-08,9625
6405,悅城,17,1,16,富邦-竹東,2024-10-08,9625
6134,萬旭,34,18,16,富邦-竹東,2024-10-08,9625
8089,康全電訊,18,3,15,富邦-竹東,2024-10-08,9625
2892,第一金,14,0,14,富邦-竹東,2024-10-08,9625
2425,承啟,44,30,14,富邦-竹東,2024-10-08,9625
00706L,期元大S＆P日圓正2,13,0,13,富邦-竹東,2024-10-08,9625
00751B,元大AAA至A公司債,13,0,13,富邦-竹東,2024-10-08,9625
00882,中信中國高股息,293,125,168,富邦-竹東,2024-10-09,9625
00753L,中信中國50正2,140,39,101,富邦-竹東,2024-10-09,9625
00680L,元大美債20正2,90,0,90,富邦-竹東,2024-10-09,9625
00919,群益台灣精選高息,110,32,78,富邦-竹東,2024-10-09,9625
2888,新光金,111,33,78,富邦-竹東,2024-10-09,9625
00922,國泰台灣領袖50,80,5,75,富邦-竹東,2024-10-09,9625
00937B,群益ESG投等債20,69,7,62,富邦-竹東,2024-10-09,9625
00637L,元大滬深300正2,394,332,62,富邦-竹東,2024-10-09,9625
00632R,元大台灣50反1,64,2,62,富邦-竹東,2024-10-09,9625
1714,和桐,81,21,60,富邦-竹東,2024-10-09,9625
2601,益航,54,0,54,富邦-竹東,2024-10-09,9625
2002,中鋼,53,4,49,富邦-竹東,2024-10-09,9625
5864,致和證,42,0,42,富邦-竹東,2024-10-09,9625
2363,矽統,186,145,41,富邦-竹東,2024-10-09,9625
00643,群益深証中小,38,3,35,富邦-竹東,2024-10-09,9625
00679B,元大美債20年,33,0,33,富邦-竹東,2024-10-09,9625
1309,台達化,32,0,32,富邦-竹東,2024-10-09,9625
00687B,國泰20年美債,43,13,30,富邦-竹東,2024-10-09,9625
3049,精金,42,13,29,富邦-竹東,2024-10-09,9625
0056,元大高股息,52,24,28,富邦-竹東,2024-10-09,9625
2316,楠梓電,29,1,28,富邦-竹東,2024-10-09,9625
00915,凱基優選高股息30,28,0,28,富邦-竹東,2024-10-09,9625
1326,台化,27,0,27,富邦-竹東,2024-10-09,9625
3591,艾笛森,25,1,24,富邦-竹東,2024-10-09,9625
2388,威盛,27,4,23,富邦-竹東,2024-10-09,9625
8034,榮群,21,0,21,富邦-竹東,2024-10-09,9625
3617,碩天,21,0,21,富邦-竹東,2024-10-09,9625
2543,皇昌,20,0,20,富邦-竹東,2024-10-09,9625
6207,雷科,37,18,19,富邦-竹東,2024-10-09,9625
2887,台新金,20,2,18,富邦-竹東,2024-10-09,9625
2303,聯電,21,4,17,富邦-竹東,2024-10-09,9625
2486,一詮,33,16,17,富邦-竹東,2024-10-09,9625
00878,國泰永續高股息,29,12,17,富邦-竹東,2024-10-09,9625
2633,台灣高鐵,16,0,16,富邦-竹東,2024-10-09,9625
2436,偉詮電,16,0,16,富邦-竹東,2024-10-09,9625
3550,聯穎,72,57,15,富邦-竹東,2024-10-09,9625
00725B,國泰投資級公司債,15,0,15,富邦-竹東,2024-10-09,9625
4716,大立,17,2,15,富邦-竹東,2024-10-09,9625
2618,長榮航,15,0,15,富邦-竹東,2024-10-09,9625
4157,太景*-KY,15,0,15,富邦-竹東,2024-10-09,9625
3615,安可,28,14,14,富邦-竹東,2024-10-09,9625
00633L,富邦上証正2,14,0,14,富邦-竹東,2024-10-09,9625
5880,合庫金,13,0,13,富邦-竹東,2024-10-09,9625
00720B,元大投資級公司債,13,0,13,富邦-竹東,2024-10-09,9625
6742,澤米,19,6,13,富邦-竹東,2024-10-09,9625
00881,國泰台灣5G+,21,8,13,富邦-竹東,2024-10-09,9625
2606,裕民,13,0,13,富邦-竹東,2024-10-09,9625
00918,大華優利高填息30,24,11,13,富邦-竹東,2024-10-09,9625
2890,永豐金,14,1,13,富邦-竹東,2024-10-09,9625
3209,全科,51,38,13,富邦-竹東,2024-10-09,9625
00655L,國泰中國A50正2,243,0,243,富邦-竹東,2024-10-11,9625
00637L,元大滬深300正2,201,54,147,富邦-竹東,2024-10-11,9625
00688L,國泰20年美債正2,132,6,126,富邦-竹東,2024-10-11,9625
00664R,國泰臺灣加權反1,100,0,100,富邦-竹東,2024-10-11,9625
00632R,元大台灣50反1,92,0,92,富邦-竹東,2024-10-11,9625
0056,元大高股息,101,22,79,富邦-竹東,2024-10-11,9625
8034,榮群,52,1,51,富邦-竹東,2024-10-11,9625
2888,新光金,69,20,49,富邦-竹東,2024-10-11,9625
00680L,元大美債20正2,48,0,48,富邦-竹東,2024-10-11,9625
8070,長華*,60,12,48,富邦-竹東,2024-10-11,9625
4979,華星光,49,4,45,富邦-竹東,2024-10-11,9625
00673R,期元大S＆P原油反1,44,2,42,富邦-竹東,2024-10-11,9625
00922,國泰台灣領袖50,45,5,40,富邦-竹東,2024-10-11,9625
2388,威盛,55,17,38,富邦-竹東,2024-10-11,9625
00937B,群益ESG投等債20,64,28,36,富邦-竹東,2024-10-11,9625
00679B,元大美債20年,77,45,32,富邦-竹東,2024-10-11,9625
00919,群益台灣精選高息,85,57,28,富邦-竹東,2024-10-11,9625
00687B,國泰20年美債,34,11,23,富邦-竹東,2024-10-11,9625
2355,敬鵬,20,0,20,富邦-竹東,2024-10-11,9625
3705,永信,20,0,20,富邦-竹東,2024-10-11,9625
4167,松瑞藥,20,0,20,富邦-竹東,2024-10-11,9625
1714,和桐,20,0,20,富邦-竹東,2024-10-11,9625
6182,合晶,20,0,20,富邦-竹東,2024-10-11,9625
3209,全科,26,6,20,富邦-竹東,2024-10-11,9625
6216,居易,21,1,20,富邦-竹東,2024-10-11,9625
2356,英業達,28,9,19,富邦-竹東,2024-10-11,9625
3591,艾笛森,22,4,18,富邦-竹東,2024-10-11,9625
00795B,中信美國公債20年,17,0,17,富邦-竹東,2024-10-11,9625
8111,立��,61,45,16,富邦-竹東,2024-10-11,9625
00725B,國泰投資級公司債,16,0,16,富邦-竹東,2024-10-11,9625
3019,亞光,18,2,16,富邦-竹東,2024-10-11,9625
2014,中鴻,17,2,15,富邦-竹東,2024-10-11,9625
2303,聯電,30,15,15,富邦-竹東,2024-10-11,9625
3481,群創,17,2,15,富邦-竹東,2024-10-11,9625
2002,中鋼,15,1,14,富邦-竹東,2024-10-11,9625
00936,台新永續高息中小,14,0,14,富邦-竹東,2024-10-11,9625
00753L,中信中國50正2,14,0,14,富邦-竹東,2024-10-11,9625
4956,光鋐,53,40,13,富邦-竹東,2024-10-11,9625
3062,建漢,23,11,12,富邦-竹東,2024-10-11,9625
2344,華邦電,17,5,12,富邦-竹東,2024-10-11,9625
3049,精金,19,7,12,富邦-竹東,2024-10-11,9625
4958,臻鼎-KY,12,0,12,富邦-竹東,2024-10-11,9625
6895,宏碩系統,12,0,12,富邦-竹東,2024-10-11,9625
2887,台新金,12,0,12,富邦-竹東,2024-10-11,9625
3037,欣興,19,8,11,富邦-竹東,2024-10-11,9625
1540,喬福,12,1,11,富邦-竹東,2024-10-11,9625
3024,憶聲,11,0,11,富邦-竹東,2024-10-11,9625
1786,科妍,11,0,11,富邦-竹東,2024-10-11,9625
00882,中信中國高股息,79,68,11,富邦-竹東,2024-10-11,9625
00912,中信臺灣智慧50,11,0,11,富邦-竹東,2024-10-11,9625
00919,群益台灣精選高息,241,65,176,富邦-竹東,2024-10-14,9625
2312,金寶,228,73,155,富邦-竹東,2024-10-14,9625
00922,國泰台灣領袖50,144,7,137,富邦-竹東,2024-10-14,9625
2353,宏��,100,7,93,富邦-竹東,2024-10-14,9625
00687B,國泰20年美債,91,3,88,富邦-竹東,2024-10-14,9625
00887,永豐中國科技50大,76,0,76,富邦-竹東,2024-10-14,9625
0056,元大高股息,69,18,51,富邦-竹東,2024-10-14,9625
5258,虹堡,49,0,49,富邦-竹東,2024-10-14,9625
2426,鼎元,42,2,40,富邦-竹東,2024-10-14,9625
3049,精金,52,13,39,富邦-竹東,2024-10-14,9625
3380,明泰,45,12,33,富邦-竹東,2024-10-14,9625
00712,復華富時不動產,32,0,32,富邦-竹東,2024-10-14,9625
00680L,元大美債20正2,31,0,31,富邦-竹東,2024-10-14,9625
2313,華通,33,2,31,富邦-竹東,2024-10-14,9625
00753L,中信中國50正2,38,10,28,富邦-竹東,2024-10-14,9625
5443,均豪,26,1,25,富邦-竹東,2024-10-14,9625
2399,映泰,75,53,22,富邦-竹東,2024-10-14,9625
00943,兆豐電子高息等權,21,0,21,富邦-竹東,2024-10-14,9625
00715L,期街口布蘭特正2,21,0,21,富邦-竹東,2024-10-14,9625
2611,志信,20,0,20,富邦-竹東,2024-10-14,9625
4956,光鋐,80,63,17,富邦-竹東,2024-10-14,9625
6290,良維,17,1,16,富邦-竹東,2024-10-14,9625
1711,永光,17,2,15,富邦-竹東,2024-10-14,9625
00935,野村臺灣新科技50,15,1,14,富邦-竹東,2024-10-14,9625
5880,合庫金,13,0,13,富邦-竹東,2024-10-14,9625
00632R,元大台灣50反1,13,0,13,富邦-竹東,2024-10-14,9625
3088,艾訊,13,0,13,富邦-竹東,2024-10-14,9625
8074,鉅橡,12,0,12,富邦-竹東,2024-10-14,9625
2834,臺企銀,12,1,11,富邦-竹東,2024-10-14,9625
00679B,元大美債20年,112,101,11,富邦-竹東,2024-10-14,9625
3615,安可,24,13,11,富邦-竹東,2024-10-14,9625
2344,華邦電,15,4,11,富邦-竹東,2024-10-14,9625
8374,羅昇,14,4,10,富邦-竹東,2024-10-14,9625
6642,富致,10,0,10,富邦-竹東,2024-10-14,9625
4979,華星光,22,12,10,富邦-竹東,2024-10-14,9625
00907,永豐優息存股,10,0,10,富邦-竹東,2024-10-14,9625
2337,旺宏,10,1,9,富邦-竹東,2024-10-14,9625
6241,易通展,10,1,9,富邦-竹東,2024-10-14,9625
00939,統一台灣高息動能,10,1,9,富邦-竹東,2024-10-14,9625
6668,中揚光,9,0,9,富邦-竹東,2024-10-14,9625
2363,矽統,14,6,8,富邦-竹東,2024-10-14,9625
2543,皇昌,24,17,7,富邦-竹東,2024-10-14,9625
2206,三陽工業,7,0,7,富邦-竹東,2024-10-14,9625
3163,波若威,12,5,7,富邦-竹東,2024-10-14,9625
2408,南亞科,10,3,7,富邦-竹東,2024-10-14,9625
2542,興富發,7,0,7,富邦-竹東,2024-10-14,9625
2388,威盛,23,16,7,富邦-竹東,2024-10-14,9625
2241,艾姆勒,7,0,7,富邦-竹東,2024-10-14,9625
4903,聯光通,18,11,7,富邦-竹東,2024-10-14,9625
6179,亞通,7,0,7,富邦-竹東,2024-10-14,9625
00632R,元大台灣50反1,585,0,585,富邦-竹東,2024-10-15,9625
00680L,元大美債20正2,314,30,284,富邦-竹東,2024-10-15,9625
00922,國泰台灣領袖50,247,0,247,富邦-竹東,2024-10-15,9625
00887,永豐中國科技50大,135,22,113,富邦-竹東,2024-10-15,9625
00706L,期元大S＆P日圓正2,100,0,100,富邦-竹東,2024-10-15,9625
2349,錸德,77,3,74,富邦-竹東,2024-10-15,9625
0056,元大高股息,89,23,66,富邦-竹東,2024-10-15,9625
00715L,期街口布蘭特正2,64,0,64,富邦-竹東,2024-10-15,9625
3591,艾笛森,57,8,49,富邦-竹東,2024-10-15,9625
00753L,中信中國50正2,78,30,48,富邦-竹東,2024-10-15,9625
00878,國泰永續高股息,94,47,47,富邦-竹東,2024-10-15,9625
8111,立��,59,17,42,富邦-竹東,2024-10-15,9625
4956,光鋐,281,241,40,富邦-竹東,2024-10-15,9625
3498,陽程,56,20,36,富邦-竹東,2024-10-15,9625
00795B,中信美國公債20年,31,0,31,富邦-竹東,2024-10-15,9625
1434,福懋,30,0,30,富邦-竹東,2024-10-15,9625
00945B,凱基美國非投等債,30,0,30,富邦-竹東,2024-10-15,9625
5452,佶優,71,44,27,富邦-竹東,2024-10-15,9625
1714,和桐,26,0,26,富邦-竹東,2024-10-15,9625
00687B,國泰20年美債,25,0,25,富邦-竹東,2024-10-15,9625
2031,新光鋼,24,0,24,富邦-竹東,2024-10-15,9625
6642,富致,23,0,23,富邦-竹東,2024-10-15,9625
6530,創威,54,32,22,富邦-竹東,2024-10-15,9625
2382,廣達,37,15,22,富邦-竹東,2024-10-15,9625
00664R,國泰臺灣加權反1,20,0,20,富邦-竹東,2024-10-15,9625
00665L,富邦�琤肭磪囓�2,18,0,18,富邦-竹東,2024-10-15,9625
2365,昆盈,18,2,16,富邦-竹東,2024-10-15,9625
3710,連展投控,20,5,15,富邦-竹東,2024-10-15,9625
5258,虹堡,15,0,15,富邦-竹東,2024-10-15,9625
9945,潤泰新,20,5,15,富邦-竹東,2024-10-15,9625
8112,至上,17,3,14,富邦-竹東,2024-10-15,9625
5512,力麒,12,0,12,富邦-竹東,2024-10-15,9625
00912,中信臺灣智慧50,12,0,12,富邦-竹東,2024-10-15,9625
00936,台新永續高息中小,12,0,12,富邦-竹東,2024-10-15,9625
5443,均豪,12,0,12,富邦-竹東,2024-10-15,9625
9105,泰金寶-DR,14,2,12,富邦-竹東,2024-10-15,9625
3062,建漢,113,102,11,富邦-竹東,2024-10-15,9625
00960,野村全球航運龍頭,11,0,11,富邦-竹東,2024-10-15,9625
00961,FT臺灣永續高息,11,0,11,富邦-竹東,2024-10-15,9625
3149,正達,67,56,11,富邦-竹東,2024-10-15,9625
1340,勝悅-KY,11,0,11,富邦-竹東,2024-10-15,9625
4563,百德,11,0,11,富邦-竹東,2024-10-15,9625
5432,新門,10,0,10,富邦-竹東,2024-10-15,9625
00655L,國泰中國A50正2,10,0,10,富邦-竹東,2024-10-15,9625
5460,同協,10,0,10,富邦-竹東,2024-10-15,9625
1316,上曜,10,0,10,富邦-竹東,2024-10-15,9625
00637L,元大滬深300正2,35,25,10,富邦-竹東,2024-10-15,9625
6698,旭暉應材,10,0,10,富邦-竹東,2024-10-15,9625
8033,雷虎,10,0,10,富邦-竹東,2024-10-15,9625
2359,所羅門,11,1,10,富邦-竹東,2024-10-15,9625
00632R,元大台灣50反1,765,20,745,富邦-竹東,2024-10-16,9625
0056,元大高股息,169,35,134,富邦-竹東,2024-10-16,9625
1714,和桐,127,0,127,富邦-竹東,2024-10-16,9625
00887,永豐中國科技50大,126,0,126,富邦-竹東,2024-10-16,9625
3049,精金,111,10,101,富邦-竹東,2024-10-16,9625
00680L,元大美債20正2,115,16,99,富邦-竹東,2024-10-16,9625
00878,國泰永續高股息,154,76,78,富邦-竹東,2024-10-16,9625
00637L,元大滬深300正2,139,64,75,富邦-竹東,2024-10-16,9625
00922,國泰台灣領袖50,175,101,74,富邦-竹東,2024-10-16,9625
00919,群益台灣精選高息,100,44,56,富邦-竹東,2024-10-16,9625
00712,復華富時不動產,61,6,55,富邦-竹東,2024-10-16,9625
8032,光菱,57,3,54,富邦-竹東,2024-10-16,9625
3230,錦明,54,1,53,富邦-竹東,2024-10-16,9625
4533,協易機,50,0,50,富邦-竹東,2024-10-16,9625
2313,華通,51,1,50,富邦-竹東,2024-10-16,9625
00687B,國泰20年美債,59,10,49,富邦-竹東,2024-10-16,9625
00915,凱基優選高股息30,43,3,40,富邦-竹東,2024-10-16,9625
00918,大華優利高填息30,36,0,36,富邦-竹東,2024-10-16,9625
2633,台灣高鐵,31,0,31,富邦-竹東,2024-10-16,9625
3268,海德威,32,1,31,富邦-竹東,2024-10-16,9625
00961,FT臺灣永續高息,28,0,28,富邦-竹東,2024-10-16,9625
2367,燿華,28,2,26,富邦-竹東,2024-10-16,9625
6241,易通展,27,2,25,富邦-竹東,2024-10-16,9625
3511,矽瑪,30,7,23,富邦-竹東,2024-10-16,9625
2891,中信金,42,21,21,富邦-竹東,2024-10-16,9625
3686,達能,21,0,21,富邦-竹東,2024-10-16,9625
00740B,富邦全球投等債,20,0,20,富邦-竹東,2024-10-16,9625
5907,大洋-KY,20,0,20,富邦-竹東,2024-10-16,9625
8097,常珵,19,0,19,富邦-竹東,2024-10-16,9625
2317,鴻海,27,10,17,富邦-竹東,2024-10-16,9625
3380,明泰,16,0,16,富邦-竹東,2024-10-16,9625
3450,聯鈞,46,31,15,富邦-竹東,2024-10-16,9625
00725B,國泰投資級公司債,15,0,15,富邦-竹東,2024-10-16,9625
2834,臺企銀,15,0,15,富邦-竹東,2024-10-16,9625
00706L,期元大S＆P日圓正2,15,0,15,富邦-竹東,2024-10-16,9625
6134,萬旭,14,0,14,富邦-竹東,2024-10-16,9625
3576,聯合再生,13,0,13,富邦-竹東,2024-10-16,9625
6143,振曜,13,0,13,富邦-竹東,2024-10-16,9625
00923,群益台ESG低碳50,13,0,13,富邦-竹東,2024-10-16,9625
00960,野村全球航運龍頭,14,2,12,富邦-竹東,2024-10-16,9625
2439,美律,14,2,12,富邦-竹東,2024-10-16,9625
6187,萬潤,14,2,12,富邦-竹東,2024-10-16,9625
006208,富邦台50,15,4,11,富邦-竹東,2024-10-16,9625
9945,潤泰新,11,0,11,富邦-竹東,2024-10-16,9625
2409,友達,12,1,11,富邦-竹東,2024-10-16,9625
00720B,元大投資級公司債,12,1,11,富邦-竹東,2024-10-16,9625
8096,擎亞,16,5,11,富邦-竹東,2024-10-16,9625
8028,昇陽半導體,12,2,10,富邦-竹東,2024-10-16,9625
5864,致和證,10,0,10,富邦-竹東,2024-10-16,9625
1513,中興電,10,0,10,富邦-竹東,2024-10-16,9625
3049,精金,440,4,436,富邦-竹東,2024-10-17,9625
00680L,元大美債20正2,312,0,312,富邦-竹東,2024-10-17,9625
00637L,元大滬深300正2,341,144,197,富邦-竹東,2024-10-17,9625
1528,恩德,205,18,187,富邦-竹東,2024-10-17,9625
00887,永豐中國科技50大,175,15,160,富邦-竹東,2024-10-17,9625
00937B,群益ESG投等債20,125,14,111,富邦-竹東,2024-10-17,9625
00753L,中信中國50正2,74,0,74,富邦-竹東,2024-10-17,9625
4533,協易機,57,1,56,富邦-竹東,2024-10-17,9625
3066,李洲,59,5,54,富邦-竹東,2024-10-17,9625
00687B,國泰20年美債,53,2,51,富邦-竹東,2024-10-17,9625
4956,光鋐,42,5,37,富邦-竹東,2024-10-17,9625
5230,雷笛克光學,48,13,35,富邦-竹東,2024-10-17,9625
4906,正文,33,0,33,富邦-竹東,2024-10-17,9625
00919,群益台灣精選高息,42,10,32,富邦-竹東,2024-10-17,9625
8111,立��,49,20,29,富邦-竹東,2024-10-17,9625
3498,陽程,30,2,28,富邦-竹東,2024-10-17,9625
00941,中信上游半導體,27,0,27,富邦-竹東,2024-10-17,9625
0056,元大高股息,36,11,25,富邦-竹東,2024-10-17,9625
9945,潤泰新,25,2,23,富邦-竹東,2024-10-17,9625
3060,銘異,25,3,22,富邦-竹東,2024-10-17,9625
2303,聯電,22,0,22,富邦-竹東,2024-10-17,9625
00912,中信臺灣智慧50,21,0,21,富邦-竹東,2024-10-17,9625
3588,通嘉,22,1,21,富邦-竹東,2024-10-17,9625
00725B,國泰投資級公司債,20,0,20,富邦-竹東,2024-10-17,9625
8032,光菱,26,7,19,富邦-竹東,2024-10-17,9625
00922,國泰台灣領袖50,52,33,19,富邦-竹東,2024-10-17,9625
2421,建準,26,8,18,富邦-竹東,2024-10-17,9625
6179,亞通,17,0,17,富邦-竹東,2024-10-17,9625
1605,華新,19,2,17,富邦-竹東,2024-10-17,9625
2399,映泰,89,73,16,富邦-竹東,2024-10-17,9625
3062,建漢,23,7,16,富邦-竹東,2024-10-17,9625
3149,正達,39,24,15,富邦-竹東,2024-10-17,9625
8176,智捷,15,0,15,富邦-竹東,2024-10-17,9625
6257,矽格,18,4,14,富邦-竹東,2024-10-17,9625
4114,健喬,20,7,13,富邦-竹東,2024-10-17,9625
1314,中石化,12,0,12,富邦-竹東,2024-10-17,9625
00915,凱基優選高股息30,17,5,12,富邦-竹東,2024-10-17,9625
00633L,富邦上証正2,12,0,12,富邦-竹東,2024-10-17,9625
4157,太景*-KY,11,0,11,富邦-竹東,2024-10-17,9625
2887,台新金,11,0,11,富邦-竹東,2024-10-17,9625
4534,慶騰,11,0,11,富邦-竹東,2024-10-17,9625
3303,岱稜,11,0,11,富邦-竹東,2024-10-17,9625
6937,天虹,13,2,11,富邦-竹東,2024-10-17,9625
6274,台燿,12,2,10,富邦-竹東,2024-10-17,9625
2365,昆盈,27,17,10,富邦-竹東,2024-10-17,9625
00882,中信中國高股息,14,4,10,富邦-竹東,2024-10-17,9625
3325,旭品,10,0,10,富邦-竹東,2024-10-17,9625
3438,類比科,10,0,10,富邦-竹東,2024-10-17,9625
00795B,中信美國公債20年,10,0,10,富邦-竹東,2024-10-17,9625
2884,玉山金,10,0,10,富邦-竹東,2024-10-17,9625
00937B,群益ESG投等債20,281,20,261,富邦-竹東,2024-10-18,9625
00919,群益台灣精選高息,268,88,180,富邦-竹東,2024-10-18,9625
00632R,元大台灣50反1,151,0,151,富邦-竹東,2024-10-18,9625
00887,永豐中國科技50大,126,29,97,富邦-竹東,2024-10-18,9625
2303,聯電,112,24,88,富邦-竹東,2024-10-18,9625
1721,三晃,71,2,69,富邦-竹東,2024-10-18,9625
00637L,元大滬深300正2,109,52,57,富邦-竹東,2024-10-18,9625
2888,新光金,53,0,53,富邦-竹東,2024-10-18,9625
2312,金寶,82,36,46,富邦-竹東,2024-10-18,9625
2449,京元電子,57,12,45,富邦-竹東,2024-10-18,9625
00687B,國泰20年美債,48,11,37,富邦-竹東,2024-10-18,9625
0056,元大高股息,70,34,36,富邦-竹東,2024-10-18,9625
00679B,元大美債20年,47,11,36,富邦-竹東,2024-10-18,9625
00713,元大台灣高息低波,34,0,34,富邦-竹東,2024-10-18,9625
5347,世界,35,4,31,富邦-竹東,2024-10-18,9625
3689,湧德,27,0,27,富邦-竹東,2024-10-18,9625
00948B,中信優息投資級債,26,0,26,富邦-竹東,2024-10-18,9625
2356,英業達,68,44,24,富邦-竹東,2024-10-18,9625
3290,東浦,32,8,24,富邦-竹東,2024-10-18,9625
4903,聯光通,27,3,24,富邦-竹東,2024-10-18,9625
00715L,期街口布蘭特正2,24,0,24,富邦-竹東,2024-10-18,9625
2388,威盛,21,0,21,富邦-竹東,2024-10-18,9625
8064,東捷,25,4,21,富邦-竹東,2024-10-18,9625
6274,台燿,21,1,20,富邦-竹東,2024-10-18,9625
2344,華邦電,22,2,20,富邦-竹東,2024-10-18,9625
2313,華通,24,4,20,富邦-竹東,2024-10-18,9625
00664R,國泰臺灣加權反1,20,0,20,富邦-竹東,2024-10-18,9625
00688L,國泰20年美債正2,19,0,19,富邦-竹東,2024-10-18,9625
4510,高鋒,34,15,19,富邦-竹東,2024-10-18,9625
1437,勤益控,18,0,18,富邦-竹東,2024-10-18,9625
00918,大華優利高填息30,20,2,18,富邦-竹東,2024-10-18,9625
6213,聯茂,17,0,17,富邦-竹東,2024-10-18,9625
4906,正文,28,11,17,富邦-竹東,2024-10-18,9625
00725B,國泰投資級公司債,16,0,16,富邦-竹東,2024-10-18,9625
00933B,國泰10Y+金融債,15,0,15,富邦-竹東,2024-10-18,9625
4933,友輝,15,0,15,富邦-竹東,2024-10-18,9625
00655L,國泰中國A50正2,15,0,15,富邦-竹東,2024-10-18,9625
6143,振曜,16,1,15,富邦-竹東,2024-10-18,9625
00752,中信中國50,27,13,14,富邦-竹東,2024-10-18,9625
6770,力積電,14,0,14,富邦-竹東,2024-10-18,9625
00878,國泰永續高股息,38,25,13,富邦-竹東,2024-10-18,9625
4566,時碩工業,13,0,13,富邦-竹東,2024-10-18,9625
3149,正達,33,20,13,富邦-竹東,2024-10-18,9625
3624,光頡,13,0,13,富邦-竹東,2024-10-18,9625
2368,金像電,16,3,13,富邦-竹東,2024-10-18,9625
00795B,中信美國公債20年,13,0,13,富邦-竹東,2024-10-18,9625
00942B,台新美A公司債20+,12,0,12,富邦-竹東,2024-10-18,9625
4968,立積,16,4,12,富邦-竹東,2024-10-18,9625
6290,良維,11,0,11,富邦-竹東,2024-10-18,9625
4533,協易機,14,3,11,富邦-竹東,2024-10-18,9625
00687B,國泰20年美債,170,11,159,富邦-竹東,2024-10-21,9625
00937B,群益ESG投等債20,135,12,123,富邦-竹東,2024-10-21,9625
00887,永豐中國科技50大,117,2,115,富邦-竹東,2024-10-21,9625
00905,FT臺灣Smart,139,36,103,富邦-竹東,2024-10-21,9625
2312,金寶,113,36,77,富邦-竹東,2024-10-21,9625
2349,錸德,60,1,59,富邦-竹東,2024-10-21,9625
00958B,永豐ESG銀行債15,50,0,50,富邦-竹東,2024-10-21,9625
00655L,國泰中國A50正2,50,0,50,富邦-竹東,2024-10-21,9625
2891,中信金,50,1,49,富邦-竹東,2024-10-21,9625
00900,富邦特選高股息30,42,2,40,富邦-竹東,2024-10-21,9625
2882,國泰金,37,0,37,富邦-竹東,2024-10-21,9625
00918,大華優利高填息30,34,0,34,富邦-竹東,2024-10-21,9625
6234,高僑,38,5,33,富邦-竹東,2024-10-21,9625
00679B,元大美債20年,39,8,31,富邦-竹東,2024-10-21,9625
00715L,期街口布蘭特正2,50,22,28,富邦-竹東,2024-10-21,9625
00878,國泰永續高股息,34,6,28,富邦-竹東,2024-10-21,9625
3481,群創,36,9,27,富邦-竹東,2024-10-21,9625
2303,聯電,41,16,25,富邦-竹東,2024-10-21,9625
00633L,富邦上証正2,23,0,23,富邦-竹東,2024-10-21,9625
4561,健椿,31,11,20,富邦-竹東,2024-10-21,9625
006208,富邦台50,19,0,19,富邦-竹東,2024-10-21,9625
00877,復華中國5G,21,2,19,富邦-竹東,2024-10-21,9625
2884,玉山金,17,0,17,富邦-竹東,2024-10-21,9625
2365,昆盈,17,1,16,富邦-竹東,2024-10-21,9625
4510,高鋒,44,28,16,富邦-竹東,2024-10-21,9625
2317,鴻海,43,27,16,富邦-竹東,2024-10-21,9625
2356,英業達,19,3,16,富邦-竹東,2024-10-21,9625
1785,光洋科,19,6,13,富邦-竹東,2024-10-21,9625
4979,華星光,15,2,13,富邦-竹東,2024-10-21,9625
8069,元太,16,4,12,富邦-竹東,2024-10-21,9625
6890,來億-KY,14,2,12,富邦-竹東,2024-10-21,9625
00945B,凱基美國非投等債,12,0,12,富邦-竹東,2024-10-21,9625
2421,建準,18,6,12,富邦-竹東,2024-10-21,9625
00725B,國泰投資級公司債,12,0,12,富邦-竹東,2024-10-21,9625
00637L,元大滬深300正2,55,44,11,富邦-竹東,2024-10-21,9625
3551,世禾,13,2,11,富邦-竹東,2024-10-21,9625
3450,聯鈞,28,17,11,富邦-竹東,2024-10-21,9625
2109,華豐,10,0,10,富邦-竹東,2024-10-21,9625
4956,光鋐,28,18,10,富邦-竹東,2024-10-21,9625
00941,中信上游半導體,10,0,10,富邦-竹東,2024-10-21,9625
4157,太景*-KY,10,0,10,富邦-竹東,2024-10-21,9625
3710,連展投控,10,0,10,富邦-竹東,2024-10-21,9625
00922,國泰台灣領袖50,10,0,10,富邦-竹東,2024-10-21,9625
00950B,凱基A級公司債,10,0,10,富邦-竹東,2024-10-21,9625
5432,新門,10,0,10,富邦-竹東,2024-10-21,9625
00902,中信電池及儲能,10,0,10,富邦-竹東,2024-10-21,9625
6125,廣運,11,1,10,富邦-竹東,2024-10-21,9625
2351,順德,10,0,10,富邦-竹東,2024-10-21,9625
6667,信紘科,9,0,9,富邦-竹東,2024-10-21,9625
00934,中信成長高股息,10,1,9,富邦-竹東,2024-10-21,9625
00637L,元大滬深300正2,181,8,173,富邦-竹東,2024-10-22,9625
00655L,國泰中國A50正2,105,1,104,富邦-竹東,2024-10-22,9625
00887,永豐中國科技50大,90,10,80,富邦-竹東,2024-10-22,9625
00679B,元大美債20年,177,102,75,富邦-竹東,2024-10-22,9625
00720B,元大投資級公司債,57,0,57,富邦-竹東,2024-10-22,9625
2349,錸德,50,0,50,富邦-竹東,2024-10-22,9625
00958B,永豐ESG銀行債15,50,0,50,富邦-竹東,2024-10-22,9625
00905,FT臺灣Smart,47,0,47,富邦-竹東,2024-10-22,9625
00959B,大華投等美債15Y+,39,0,39,富邦-竹東,2024-10-22,9625
0056,元大高股息,38,0,38,富邦-竹東,2024-10-22,9625
00680L,元大美債20正2,51,15,36,富邦-竹東,2024-10-22,9625
00933B,國泰10Y+金融債,31,0,31,富邦-竹東,2024-10-22,9625
2543,皇昌,32,2,30,富邦-竹東,2024-10-22,9625
00688L,國泰20年美債正2,45,20,25,富邦-竹東,2024-10-22,9625
4566,時碩工業,26,1,25,富邦-竹東,2024-10-22,9625
2313,華通,31,8,23,富邦-竹東,2024-10-22,9625
3049,精金,24,3,21,富邦-竹東,2024-10-22,9625
2609,陽明,31,10,21,富邦-竹東,2024-10-22,9625
1597,直得,28,8,20,富邦-竹東,2024-10-22,9625
00638R,元大滬深300反1,20,0,20,富邦-竹東,2024-10-22,9625
1569,濱川,24,4,20,富邦-竹東,2024-10-22,9625
3189,景碩,49,30,19,富邦-竹東,2024-10-22,9625
5230,雷笛克光學,19,0,19,富邦-竹東,2024-10-22,9625
4729,熒茂,20,2,18,富邦-竹東,2024-10-22,9625
3354,律勝,18,1,17,富邦-竹東,2024-10-22,9625
00696B,富邦美債20年,16,0,16,富邦-竹東,2024-10-22,9625
8089,康全電訊,16,1,15,富邦-竹東,2024-10-22,9625
00753L,中信中國50正2,20,5,15,富邦-竹東,2024-10-22,9625
3498,陽程,20,5,15,富邦-竹東,2024-10-22,9625
2467,志聖,14,0,14,富邦-竹東,2024-10-22,9625
1326,台化,13,0,13,富邦-竹東,2024-10-22,9625
00927,群益半導體收益,19,6,13,富邦-竹東,2024-10-22,9625
00752,中信中國50,14,2,12,富邦-竹東,2024-10-22,9625
2426,鼎元,13,1,12,富邦-竹東,2024-10-22,9625
4979,華星光,16,5,11,富邦-竹東,2024-10-22,9625
5488,松普,13,2,11,富邦-竹東,2024-10-22,9625
2745,五福,10,0,10,富邦-竹東,2024-10-22,9625
3615,安可,64,54,10,富邦-竹東,2024-10-22,9625
00948B,中信優息投資級債,10,0,10,富邦-竹東,2024-10-22,9625
00725B,國泰投資級公司債,10,0,10,富邦-竹東,2024-10-22,9625
4977,眾達-KY,11,1,10,富邦-竹東,2024-10-22,9625
00650L,復華香港正2,10,0,10,富邦-竹東,2024-10-22,9625
00941,中信上游半導體,10,0,10,富邦-竹東,2024-10-22,9625
00751B,元大AAA至A公司債,10,0,10,富邦-竹東,2024-10-22,9625
4114,健喬,10,0,10,富邦-竹東,2024-10-22,9625
2801,彰銀,15,6,9,富邦-竹東,2024-10-22,9625
4967,十銓,10,1,9,富邦-竹東,2024-10-22,9625
3230,錦明,9,0,9,富邦-竹東,2024-10-22,9625
00918,大華優利高填息30,16,7,9,富邦-竹東,2024-10-22,9625
2388,威盛,11,2,9,富邦-竹東,2024-10-22,9625
00940,元大台灣價值高息,348,34,314,富邦-竹東,2024-10-23,9625
2883,凱基金,110,4,106,富邦-竹東,2024-10-23,9625
2329,華泰,112,24,88,富邦-竹東,2024-10-23,9625
00637L,元大滬深300正2,126,41,85,富邦-竹東,2024-10-23,9625
2834,臺企銀,72,1,71,富邦-竹東,2024-10-23,9625
00878,國泰永續高股息,70,0,70,富邦-竹東,2024-10-23,9625
00937B,群益ESG投等債20,117,52,65,富邦-竹東,2024-10-23,9625
00634R,富邦上証反1,53,0,53,富邦-竹東,2024-10-23,9625
00655L,國泰中國A50正2,50,0,50,富邦-竹東,2024-10-23,9625
6770,力積電,53,7,46,富邦-竹東,2024-10-23,9625
00887,永豐中國科技50大,57,15,42,富邦-竹東,2024-10-23,9625
00959B,大華投等美債15Y+,34,0,34,富邦-竹東,2024-10-23,9625
00929,復華台灣科技優息,56,23,33,富邦-竹東,2024-10-23,9625
00907,永豐優息存股,33,0,33,富邦-竹東,2024-10-23,9625
00679B,元大美債20年,33,2,31,富邦-竹東,2024-10-23,9625
8150,南茂,30,1,29,富邦-竹東,2024-10-23,9625
3537,堡達,30,3,27,富邦-竹東,2024-10-23,9625
5880,合庫金,26,0,26,富邦-竹東,2024-10-23,9625
3372,典範,30,5,25,富邦-竹東,2024-10-23,9625
00948B,中信優息投資級債,25,0,25,富邦-竹東,2024-10-23,9625
2355,敬鵬,26,1,25,富邦-竹東,2024-10-23,9625
00680L,元大美債20正2,225,200,25,富邦-竹東,2024-10-23,9625
0056,元大高股息,25,1,24,富邦-竹東,2024-10-23,9625
00900,富邦特選高股息30,24,0,24,富邦-竹東,2024-10-23,9625
8176,智捷,25,1,24,富邦-竹東,2024-10-23,9625
8064,東捷,69,46,23,富邦-竹東,2024-10-23,9625
00923,群益台ESG低碳50,21,0,21,富邦-竹東,2024-10-23,9625
2388,威盛,22,1,21,富邦-竹東,2024-10-23,9625
00922,國泰台灣領袖50,21,0,21,富邦-竹東,2024-10-23,9625
2801,彰銀,20,0,20,富邦-竹東,2024-10-23,9625
00666R,富邦�琤肭磪齯�1,20,0,20,富邦-竹東,2024-10-23,9625
3379,彬台,20,0,20,富邦-竹東,2024-10-23,9625
1605,華新,20,1,19,富邦-竹東,2024-10-23,9625
2515,中工,20,1,19,富邦-竹東,2024-10-23,9625
3149,正達,22,3,19,富邦-竹東,2024-10-23,9625
2312,金寶,23,5,18,富邦-竹東,2024-10-23,9625
2426,鼎元,18,1,17,富邦-竹東,2024-10-23,9625
4526,東台,24,7,17,富邦-竹東,2024-10-23,9625
00712,復華富時不動產,17,0,17,富邦-竹東,2024-10-23,9625
1711,永光,31,15,16,富邦-竹東,2024-10-23,9625
2303,聯電,30,14,16,富邦-竹東,2024-10-23,9625
9945,潤泰新,15,0,15,富邦-竹東,2024-10-23,9625
6241,易通展,17,2,15,富邦-竹東,2024-10-23,9625
2369,菱生,14,0,14,富邦-竹東,2024-10-23,9625
2356,英業達,21,8,13,富邦-竹東,2024-10-23,9625
3550,聯穎,15,2,13,富邦-竹東,2024-10-23,9625
2412,中華電,13,0,13,富邦-竹東,2024-10-23,9625
2606,裕民,12,0,12,富邦-竹東,2024-10-23,9625
3532,台勝科,14,2,12,富邦-竹東,2024-10-23,9625
00933B,國泰10Y+金融債,12,0,12,富邦-竹東,2024-10-23,9625
00753L,中信中國50正2,124,2,122,富邦-竹東,2024-10-24,9625
00919,群益台灣精選高息,111,26,85,富邦-竹東,2024-10-24,9625
2303,聯電,88,6,82,富邦-竹東,2024-10-24,9625
00887,永豐中國科技50大,73,1,72,富邦-竹東,2024-10-24,9625
0056,元大高股息,69,0,69,富邦-竹東,2024-10-24,9625
00929,復華台灣科技優息,148,93,55,富邦-竹東,2024-10-24,9625
1528,恩德,126,73,53,富邦-竹東,2024-10-24,9625
2344,華邦電,58,6,52,富邦-竹東,2024-10-24,9625
2317,鴻海,85,33,52,富邦-竹東,2024-10-24,9625
2388,威盛,88,38,50,富邦-竹東,2024-10-24,9625
2353,宏��,50,0,50,富邦-竹東,2024-10-24,9625
00687B,國泰20年美債,49,6,43,富邦-竹東,2024-10-24,9625
00946,群益科技高息成長,42,0,42,富邦-竹東,2024-10-24,9625
00932,兆豐永續高息等權,45,3,42,富邦-竹東,2024-10-24,9625
2489,瑞軒,57,21,36,富邦-竹東,2024-10-24,9625
2337,旺宏,33,0,33,富邦-竹東,2024-10-24,9625
3481,群創,69,36,33,富邦-竹東,2024-10-24,9625
00922,國泰台灣領袖50,35,5,30,富邦-竹東,2024-10-24,9625
00905,FT臺灣Smart,27,0,27,富邦-竹東,2024-10-24,9625
2399,映泰,56,30,26,富邦-竹東,2024-10-24,9625
6127,九豪,23,0,23,富邦-竹東,2024-10-24,9625
00679B,元大美債20年,24,1,23,富邦-竹東,2024-10-24,9625
006208,富邦台50,23,1,22,富邦-竹東,2024-10-24,9625
1314,中石化,21,0,21,富邦-竹東,2024-10-24,9625
1605,華新,21,0,21,富邦-竹東,2024-10-24,9625
3591,艾笛森,21,0,21,富邦-竹東,2024-10-24,9625
1609,大亞,23,2,21,富邦-竹東,2024-10-24,9625
2426,鼎元,20,0,20,富邦-竹東,2024-10-24,9625
9945,潤泰新,20,0,20,富邦-竹東,2024-10-24,9625
00643,群益深証中小,18,0,18,富邦-竹東,2024-10-24,9625
1301,台塑,18,1,17,富邦-竹東,2024-10-24,9625
2312,金寶,20,3,17,富邦-竹東,2024-10-24,9625
3689,湧德,35,18,17,富邦-竹東,2024-10-24,9625
2367,燿華,20,4,16,富邦-竹東,2024-10-24,9625
00665L,富邦�琤肭磪囓�2,36,20,16,富邦-竹東,2024-10-24,9625
3450,聯鈞,18,3,15,富邦-竹東,2024-10-24,9625
6770,力積電,23,8,15,富邦-竹東,2024-10-24,9625
8105,凌巨,15,0,15,富邦-竹東,2024-10-24,9625
3363,上詮,18,3,15,富邦-竹東,2024-10-24,9625
00945B,凱基美國非投等債,15,0,15,富邦-竹東,2024-10-24,9625
6763,綠界科技*,21,6,15,富邦-竹東,2024-10-24,9625
6241,易通展,23,8,15,富邦-竹東,2024-10-24,9625
6284,佳邦,14,0,14,富邦-竹東,2024-10-24,9625
00725B,國泰投資級公司債,14,0,14,富邦-竹東,2024-10-24,9625
2883,凱基金,12,0,12,富邦-竹東,2024-10-24,9625
4174,浩鼎,12,0,12,富邦-竹東,2024-10-24,9625
00934,中信成長高股息,11,0,11,富邦-竹東,2024-10-24,9625
2486,一詮,19,8,11,富邦-竹東,2024-10-24,9625
2891,中信金,11,0,11,富邦-竹東,2024-10-24,9625
3037,欣興,28,17,11,富邦-竹東,2024-10-24,9625
00680L,元大美債20正2,826,268,558,富邦-竹東,2024-10-25,9625
2646,星宇航空,413,96,317,富邦-竹東,2024-10-25,9625
00937B,群益ESG投等債20,333,47,286,富邦-竹東,2024-10-25,9625
2431,聯昌,110,6,104,富邦-竹東,2024-10-25,9625
1528,恩德,177,118,59,富邦-竹東,2024-10-25,9625
9904,寶成,40,0,40,富邦-竹東,2024-10-25,9625
6770,力積電,40,0,40,富邦-竹東,2024-10-25,9625
1314,中石化,40,1,39,富邦-竹東,2024-10-25,9625
6405,悅城,39,5,34,富邦-竹東,2024-10-25,9625
00679B,元大美債20年,38,4,34,富邦-竹東,2024-10-25,9625
00887,永豐中國科技50大,123,95,28,富邦-竹東,2024-10-25,9625
4931,新盛力,26,0,26,富邦-竹東,2024-10-25,9625
2303,聯電,29,6,23,富邦-竹東,2024-10-25,9625
2890,永豐金,21,0,21,富邦-竹東,2024-10-25,9625
00948B,中信優息投資級債,20,0,20,富邦-竹東,2024-10-25,9625
3402,漢科,23,3,20,富邦-竹東,2024-10-25,9625
1806,冠軍,20,0,20,富邦-竹東,2024-10-25,9625
6246,臺龍,20,1,19,富邦-竹東,2024-10-25,9625
00927,群益半導體收益,20,1,19,富邦-竹東,2024-10-25,9625
3615,安可,20,3,17,富邦-竹東,2024-10-25,9625
1711,永光,17,0,17,富邦-竹東,2024-10-25,9625
2352,佳世達,17,0,17,富邦-竹東,2024-10-25,9625
4906,正文,16,0,16,富邦-竹東,2024-10-25,9625
1569,濱川,16,1,15,富邦-竹東,2024-10-25,9625
6789,采鈺,14,0,14,富邦-竹東,2024-10-25,9625
1437,勤益控,14,0,14,富邦-竹東,2024-10-25,9625
3290,東浦,19,5,14,富邦-竹東,2024-10-25,9625
00938,凱基優選30,13,0,13,富邦-竹東,2024-10-25,9625
5202,力新,37,24,13,富邦-竹東,2024-10-25,9625
2233,宇隆,13,0,13,富邦-竹東,2024-10-25,9625
2374,佳能,14,1,13,富邦-竹東,2024-10-25,9625
8021,尖點,29,18,11,富邦-竹東,2024-10-25,9625
6752,叡揚,11,0,11,富邦-竹東,2024-10-25,9625
5864,致和證,11,0,11,富邦-竹東,2024-10-25,9625
8249,菱光,29,18,11,富邦-竹東,2024-10-25,9625
2369,菱生,13,3,10,富邦-竹東,2024-10-25,9625
8043,蜜望實,30,20,10,富邦-竹東,2024-10-25,9625
00633L,富邦上証正2,10,0,10,富邦-竹東,2024-10-25,9625
6213,聯茂,21,11,10,富邦-竹東,2024-10-25,9625
6151,晉倫,14,4,10,富邦-竹東,2024-10-25,9625
2421,建準,11,1,10,富邦-竹東,2024-10-25,9625
00795B,中信美國公債20年,10,0,10,富邦-竹東,2024-10-25,9625
1338,廣華-KY,10,0,10,富邦-竹東,2024-10-25,9625
3005,神基,10,0,10,富邦-竹東,2024-10-25,9625
00940,元大台灣價值高息,26,16,10,富邦-竹東,2024-10-25,9625
3564,其陽,10,0,10,富邦-竹東,2024-10-25,9625
2420,新巨,10,0,10,富邦-竹東,2024-10-25,9625
00632R,元大台灣50反1,10,0,10,富邦-竹東,2024-10-25,9625
00687B,國泰20年美債,16,6,10,富邦-竹東,2024-10-25,9625
2495,普安,52,43,9,富邦-竹東,2024-10-25,9625
00715L,期街口布蘭特正2,326,0,326,富邦-竹東,2024-10-28,9625
00706L,期元大S＆P日圓正2,100,0,100,富邦-竹東,2024-10-28,9625
00632R,元大台灣50反1,80,0,80,富邦-竹東,2024-10-28,9625
2303,聯電,72,23,49,富邦-竹東,2024-10-28,9625
00679B,元大美債20年,69,22,47,富邦-竹東,2024-10-28,9625
3689,湧德,48,1,47,富邦-竹東,2024-10-28,9625
00887,永豐中國科技50大,46,3,43,富邦-竹東,2024-10-28,9625
2646,星宇航空,116,74,42,富邦-竹東,2024-10-28,9625
2354,鴻準,60,22,38,富邦-竹東,2024-10-28,9625
00687B,國泰20年美債,50,13,37,富邦-竹東,2024-10-28,9625
6770,力積電,53,18,35,富邦-竹東,2024-10-28,9625
3231,緯創,41,8,33,富邦-竹東,2024-10-28,9625
00655L,國泰中國A50正2,31,0,31,富邦-竹東,2024-10-28,9625
00948B,中信優息投資級債,31,0,31,富邦-竹東,2024-10-28,9625
2356,英業達,31,6,25,富邦-竹東,2024-10-28,9625
2399,映泰,53,28,25,富邦-竹東,2024-10-28,9625
00894,中信小資高價30,25,2,23,富邦-竹東,2024-10-28,9625
2883,凱基金,36,15,21,富邦-竹東,2024-10-28,9625
2349,錸德,22,1,21,富邦-竹東,2024-10-28,9625
3498,陽程,21,1,20,富邦-竹東,2024-10-28,9625
00891,中信關鍵半導體,24,6,18,富邦-竹東,2024-10-28,9625
006208,富邦台50,17,0,17,富邦-竹東,2024-10-28,9625
3230,錦明,17,0,17,富邦-竹東,2024-10-28,9625
5225,東科-KY,16,0,16,富邦-竹東,2024-10-28,9625
3363,上詮,20,5,15,富邦-竹東,2024-10-28,9625
2903,遠百,15,0,15,富邦-竹東,2024-10-28,9625
8404,百和興業-KY,15,0,15,富邦-竹東,2024-10-28,9625
2739,寒舍,16,1,15,富邦-竹東,2024-10-28,9625
3447,展達,23,8,15,富邦-竹東,2024-10-28,9625
00932,兆豐永續高息等權,15,0,15,富邦-竹東,2024-10-28,9625
3290,東浦,14,0,14,富邦-竹東,2024-10-28,9625
6742,澤米,14,0,14,富邦-竹東,2024-10-28,9625
3715,定穎投控,21,7,14,富邦-竹東,2024-10-28,9625
2312,金寶,14,1,13,富邦-竹東,2024-10-28,9625
4563,百德,18,6,12,富邦-竹東,2024-10-28,9625
1514,亞力,24,12,12,富邦-竹東,2024-10-28,9625
2477,美隆電,17,5,12,富邦-竹東,2024-10-28,9625
2543,皇昌,21,10,11,富邦-竹東,2024-10-28,9625
6288,聯嘉,27,16,11,富邦-竹東,2024-10-28,9625
2493,揚博,11,0,11,富邦-竹東,2024-10-28,9625
6207,雷科,11,0,11,富邦-竹東,2024-10-28,9625
2887,台新金,11,0,11,富邦-竹東,2024-10-28,9625
6241,易通展,11,0,11,富邦-竹東,2024-10-28,9625
00674R,期元大S＆P黃金反1,10,0,10,富邦-竹東,2024-10-28,9625
2426,鼎元,10,0,10,富邦-竹東,2024-10-28,9625
3016,嘉晶,17,7,10,富邦-竹東,2024-10-28,9625
3055,蔚華科,17,7,10,富邦-竹東,2024-10-28,9625
00656R,國泰中國A50反1,10,0,10,富邦-竹東,2024-10-28,9625
00892,富邦台灣半導體,10,0,10,富邦-竹東,2024-10-28,9625
9945,潤泰新,10,0,10,富邦-竹東,2024-10-28,9625
00680L,元大美債20正2,460,0,460,富邦-竹東,2024-10-29,9625
00929,復華台灣科技優息,323,76,247,富邦-竹東,2024-10-29,9625
00919,群益台灣精選高息,237,26,211,富邦-竹東,2024-10-29,9625
00632R,元大台灣50反1,200,5,195,富邦-竹東,2024-10-29,9625
00715L,期街口布蘭特正2,138,2,136,富邦-竹東,2024-10-29,9625
00878,國泰永續高股息,131,18,113,富邦-竹東,2024-10-29,9625
6770,力積電,94,12,82,富邦-竹東,2024-10-29,9625
2303,聯電,65,1,64,富邦-竹東,2024-10-29,9625
4561,健椿,62,0,62,富邦-竹東,2024-10-29,9625
0056,元大高股息,71,14,57,富邦-竹東,2024-10-29,9625
5225,東科-KY,53,1,52,富邦-竹東,2024-10-29,9625
3552,同致,46,0,46,富邦-竹東,2024-10-29,9625
00922,國泰台灣領袖50,41,0,41,富邦-竹東,2024-10-29,9625
1714,和桐,40,0,40,富邦-竹東,2024-10-29,9625
3037,欣興,49,9,40,富邦-竹東,2024-10-29,9625
3481,群創,56,18,38,富邦-竹東,2024-10-29,9625
1437,勤益控,34,0,34,富邦-竹東,2024-10-29,9625
1802,台玻,34,0,34,富邦-竹東,2024-10-29,9625
00918,大華優利高填息30,41,11,30,富邦-竹東,2024-10-29,9625
00891,中信關鍵半導體,59,30,29,富邦-竹東,2024-10-29,9625
2646,星宇航空,47,18,29,富邦-竹東,2024-10-29,9625
5880,合庫金,29,0,29,富邦-竹東,2024-10-29,9625
00923,群益台ESG低碳50,28,0,28,富邦-竹東,2024-10-29,9625
2888,新光金,30,5,25,富邦-竹東,2024-10-29,9625
8046,南電,24,0,24,富邦-竹東,2024-10-29,9625
00940,元大台灣價值高息,54,31,23,富邦-竹東,2024-10-29,9625
2317,鴻海,66,43,23,富邦-竹東,2024-10-29,9625
3163,波若威,20,0,20,富邦-竹東,2024-10-29,9625
6288,聯嘉,40,20,20,富邦-竹東,2024-10-29,9625
3290,東浦,19,0,19,富邦-竹東,2024-10-29,9625
00941,中信上游半導體,22,3,19,富邦-竹東,2024-10-29,9625
5488,松普,32,13,19,富邦-竹東,2024-10-29,9625
8064,東捷,45,28,17,富邦-竹東,2024-10-29,9625
00932,兆豐永續高息等權,17,0,17,富邦-竹東,2024-10-29,9625
006208,富邦台50,17,0,17,富邦-竹東,2024-10-29,9625
2392,正崴,18,2,16,富邦-竹東,2024-10-29,9625
00907,永豐優息存股,15,0,15,富邦-竹東,2024-10-29,9625
00887,永豐中國科技50大,25,10,15,富邦-竹東,2024-10-29,9625
00881,國泰台灣5G+,21,6,15,富邦-竹東,2024-10-29,9625
1449,佳和,24,9,15,富邦-竹東,2024-10-29,9625
6111,大宇資,16,1,15,富邦-竹東,2024-10-29,9625
9945,潤泰新,15,0,15,富邦-竹東,2024-10-29,9625
2330,台積電,21,7,14,富邦-竹東,2024-10-29,9625
0050,元大台灣50,14,0,14,富邦-竹東,2024-10-29,9625
00905,FT臺灣Smart,14,0,14,富邦-竹東,2024-10-29,9625
3715,定穎投控,17,4,13,富邦-竹東,2024-10-29,9625
3624,光頡,13,0,13,富邦-竹東,2024-10-29,9625
6505,台塑化,15,2,13,富邦-竹東,2024-10-29,9625
6257,矽格,12,0,12,富邦-竹東,2024-10-29,9625
8028,昇陽半導體,21,9,12,富邦-竹東,2024-10-29,9625
00680L,元大美債20正2,322,1,321,富邦-竹東,2024-10-30,9625
00919,群益台灣精選高息,217,33,184,富邦-竹東,2024-10-30,9625
3481,群創,175,1,174,富邦-竹東,2024-10-30,9625
0056,元大高股息,85,4,81,富邦-竹東,2024-10-30,9625
2303,聯電,89,24,65,富邦-竹東,2024-10-30,9625
00715L,期街口布蘭特正2,64,0,64,富邦-竹東,2024-10-30,9625
00637L,元大滬深300正2,58,0,58,富邦-竹東,2024-10-30,9625
00940,元大台灣價值高息,52,0,52,富邦-竹東,2024-10-30,9625
3360,尚立,50,0,50,富邦-竹東,2024-10-30,9625
00929,復華台灣科技優息,54,6,48,富邦-竹東,2024-10-30,9625
1605,華新,48,5,43,富邦-竹東,2024-10-30,9625
1528,恩德,103,61,42,富邦-竹東,2024-10-30,9625
2646,星宇航空,52,12,40,富邦-竹東,2024-10-30,9625
1714,和桐,40,0,40,富邦-竹東,2024-10-30,9625
006208,富邦台50,36,0,36,富邦-竹東,2024-10-30,9625
00687B,國泰20年美債,36,0,36,富邦-竹東,2024-10-30,9625
00915,凱基優選高股息30,27,0,27,富邦-竹東,2024-10-30,9625
00878,國泰永續高股息,52,29,23,富邦-竹東,2024-10-30,9625
5225,東科-KY,23,0,23,富邦-竹東,2024-10-30,9625
2890,永豐金,23,0,23,富邦-竹東,2024-10-30,9625
00650L,復華香港正2,22,0,22,富邦-竹東,2024-10-30,9625
6257,矽格,23,2,21,富邦-竹東,2024-10-30,9625
2409,友達,21,0,21,富邦-竹東,2024-10-30,9625
2630,亞航,20,0,20,富邦-竹東,2024-10-30,9625
1711,永光,28,8,20,富邦-竹東,2024-10-30,9625
8249,菱光,19,3,16,富邦-竹東,2024-10-30,9625
00706L,期元大S＆P日圓正2,15,0,15,富邦-竹東,2024-10-30,9625
5488,松普,16,2,14,富邦-竹東,2024-10-30,9625
2367,燿華,16,3,13,富邦-竹東,2024-10-30,9625
2855,統一證,13,0,13,富邦-竹東,2024-10-30,9625
6770,力積電,17,5,12,富邦-竹東,2024-10-30,9625
2887,台新金,11,0,11,富邦-竹東,2024-10-30,9625
00882,中信中國高股息,13,2,11,富邦-竹東,2024-10-30,9625
2889,國票金,11,0,11,富邦-竹東,2024-10-30,9625
2337,旺宏,12,1,11,富邦-竹東,2024-10-30,9625
2515,中工,10,0,10,富邦-竹東,2024-10-30,9625
5522,遠雄,10,0,10,富邦-竹東,2024-10-30,9625
00887,永豐中國科技50大,15,5,10,富邦-竹東,2024-10-30,9625
3162,精確,10,0,10,富邦-竹東,2024-10-30,9625
6156,松上,11,1,10,富邦-竹東,2024-10-30,9625
1806,冠軍,10,0,10,富邦-竹東,2024-10-30,9625
5230,雷笛克光學,10,0,10,富邦-竹東,2024-10-30,9625
8096,擎亞,10,0,10,富邦-竹東,2024-10-30,9625
00909,國泰數位支付服務,10,0,10,富邦-竹東,2024-10-30,9625
4162,智擎,10,0,10,富邦-竹東,2024-10-30,9625
2816,旺旺保,10,0,10,富邦-竹東,2024-10-30,9625
00934,中信成長高股息,10,0,10,富邦-竹東,2024-10-30,9625
00753L,中信中國50正2,10,0,10,富邦-竹東,2024-10-30,9625
4919,新唐,18,8,10,富邦-竹東,2024-10-30,9625
00712,復華富時不動產,9,0,9,富邦-竹東,2024-10-30,9625
00632R,元大台灣50反1,250,5,245,富邦-竹東,2024-11-01,9625
00680L,元大美債20正2,205,26,179,富邦-竹東,2024-11-01,9625
00712,復華富時不動產,116,0,116,富邦-竹東,2024-11-01,9625
00878,國泰永續高股息,134,23,111,富邦-竹東,2024-11-01,9625
2303,聯電,103,23,80,富邦-竹東,2024-11-01,9625
0056,元大高股息,83,7,76,富邦-竹東,2024-11-01,9625
2354,鴻準,128,55,73,富邦-竹東,2024-11-01,9625
2317,鴻海,66,15,51,富邦-竹東,2024-11-01,9625
00713,元大台灣高息低波,51,1,50,富邦-竹東,2024-11-01,9625
6288,聯嘉,51,3,48,富邦-竹東,2024-11-01,9625
00929,復華台灣科技優息,166,119,47,富邦-竹東,2024-11-01,9625
2834,臺企銀,43,0,43,富邦-竹東,2024-11-01,9625
6156,松上,42,1,41,富邦-竹東,2024-11-01,9625
5864,致和證,40,0,40,富邦-竹東,2024-11-01,9625
2103,台橡,35,9,26,富邦-竹東,2024-11-01,9625
00687B,國泰20年美債,31,5,26,富邦-竹東,2024-11-01,9625
1301,台塑,26,1,25,富邦-竹東,2024-11-01,9625
2405,輔信,25,0,25,富邦-竹東,2024-11-01,9625
5904,寶雅,21,0,21,富邦-竹東,2024-11-01,9625
1806,冠軍,20,0,20,富邦-竹東,2024-11-01,9625
00636,國泰中國A50,20,0,20,富邦-竹東,2024-11-01,9625
00666R,富邦�琤肭磪齯�1,20,0,20,富邦-竹東,2024-11-01,9625
2328,廣宇,32,13,19,富邦-竹東,2024-11-01,9625
00922,國泰台灣領袖50,20,3,17,富邦-竹東,2024-11-01,9625
006208,富邦台50,17,0,17,富邦-竹東,2024-11-01,9625
00915,凱基優選高股息30,17,0,17,富邦-竹東,2024-11-01,9625
00673R,期元大S＆P原油反1,16,0,16,富邦-竹東,2024-11-01,9625
2316,楠梓電,15,0,15,富邦-竹東,2024-11-01,9625
00753L,中信中國50正2,15,0,15,富邦-竹東,2024-11-01,9625
1714,和桐,15,0,15,富邦-竹東,2024-11-01,9625
2353,宏��,14,0,14,富邦-竹東,2024-11-01,9625
6133,金橋,28,15,13,富邦-竹東,2024-11-01,9625
1609,大亞,13,0,13,富邦-竹東,2024-11-01,9625
2884,玉山金,12,0,12,富邦-竹東,2024-11-01,9625
00941,中信上游半導體,12,0,12,富邦-竹東,2024-11-01,9625
2330,台積電,12,1,11,富邦-竹東,2024-11-01,9625
00933B,國泰10Y+金融債,10,0,10,富邦-竹東,2024-11-01,9625
8069,元太,10,0,10,富邦-竹東,2024-11-01,9625
911868,同方友友-DR,10,0,10,富邦-竹東,2024-11-01,9625
3552,同致,10,0,10,富邦-竹東,2024-11-01,9625
4956,光鋐,10,0,10,富邦-竹東,2024-11-01,9625
00638R,元大滬深300反1,10,0,10,富邦-竹東,2024-11-01,9625
3234,光環,10,0,10,富邦-竹東,2024-11-01,9625
00948B,中信優息投資級債,10,0,10,富邦-竹東,2024-11-01,9625
2607,榮運,10,0,10,富邦-竹東,2024-11-01,9625
3498,陽程,12,2,10,富邦-竹東,2024-11-01,9625
2706,第一店,10,0,10,富邦-竹東,2024-11-01,9625
00651R,復華香港反1,10,0,10,富邦-竹東,2024-11-01,9625
6235,華孚,10,0,10,富邦-竹東,2024-11-01,9625
2312,金寶,12,2,10,富邦-竹東,2024-11-01,9625
00636,國泰中國A50,480,0,480,富邦-竹東,2024-11-04,9625
00878,國泰永續高股息,336,70,266,富邦-竹東,2024-11-04,9625
2409,友達,138,0,138,富邦-竹東,2024-11-04,9625
2353,宏��,106,0,106,富邦-竹東,2024-11-04,9625
00943,兆豐電子高息等權,103,0,103,富邦-竹東,2024-11-04,9625
0056,元大高股息,120,30,90,富邦-竹東,2024-11-04,9625
00919,群益台灣精選高息,118,31,87,富邦-竹東,2024-11-04,9625
2615,萬海,124,45,79,富邦-竹東,2024-11-04,9625
00632R,元大台灣50反1,95,20,75,富邦-竹東,2024-11-04,9625
8032,光菱,109,35,74,富邦-竹東,2024-11-04,9625
00713,元大台灣高息低波,70,1,69,富邦-竹東,2024-11-04,9625
00687B,國泰20年美債,71,3,68,富邦-竹東,2024-11-04,9625
00932,兆豐永續高息等權,61,0,61,富邦-竹東,2024-11-04,9625
00937B,群益ESG投等債20,59,14,45,富邦-竹東,2024-11-04,9625
00945B,凱基美國非投等債,35,0,35,富邦-竹東,2024-11-04,9625
2646,星宇航空,42,8,34,富邦-竹東,2024-11-04,9625
00679B,元大美債20年,53,20,33,富邦-竹東,2024-11-04,9625
00712,復華富時不動產,30,0,30,富邦-竹東,2024-11-04,9625
5009,榮剛,29,0,29,富邦-竹東,2024-11-04,9625
2303,聯電,38,10,28,富邦-竹東,2024-11-04,9625
2477,美隆電,23,1,22,富邦-竹東,2024-11-04,9625
1714,和桐,20,0,20,富邦-竹東,2024-11-04,9625
00688L,國泰20年美債正2,20,0,20,富邦-竹東,2024-11-04,9625
1540,喬福,20,0,20,富邦-竹東,2024-11-04,9625
00939,統一台灣高息動能,18,0,18,富邦-竹東,2024-11-04,9625
2609,陽明,28,11,17,富邦-竹東,2024-11-04,9625
00933B,國泰10Y+金融債,17,0,17,富邦-竹東,2024-11-04,9625
00948B,中信優息投資級債,17,0,17,富邦-竹東,2024-11-04,9625
5426,振發,31,14,17,富邦-竹東,2024-11-04,9625
4919,新唐,20,4,16,富邦-竹東,2024-11-04,9625
2431,聯昌,23,7,16,富邦-竹東,2024-11-04,9625
2329,華泰,25,10,15,富邦-竹東,2024-11-04,9625
6257,矽格,14,0,14,富邦-竹東,2024-11-04,9625
1808,潤隆,15,1,14,富邦-竹東,2024-11-04,9625
00953B,群益優選非投等債,14,0,14,富邦-竹東,2024-11-04,9625
2834,臺企銀,14,0,14,富邦-竹東,2024-11-04,9625
2613,中櫃,26,14,12,富邦-竹東,2024-11-04,9625
3402,漢科,12,0,12,富邦-竹東,2024-11-04,9625
3047,訊舟,14,3,11,富邦-竹東,2024-11-04,9625
8111,立��,37,26,11,富邦-竹東,2024-11-04,9625
2337,旺宏,16,6,10,富邦-竹東,2024-11-04,9625
5522,遠雄,10,0,10,富邦-竹東,2024-11-04,9625
1806,冠軍,10,0,10,富邦-竹東,2024-11-04,9625
3492,長盛,10,0,10,富邦-竹東,2024-11-04,9625
6112,邁達特,10,0,10,富邦-竹東,2024-11-04,9625
6191,精成科,9,0,9,富邦-竹東,2024-11-04,9625
3481,群創,9,0,9,富邦-竹東,2024-11-04,9625
00891,中信關鍵半導體,11,2,9,富邦-竹東,2024-11-04,9625
00720B,元大投資級公司債,8,0,8,富邦-竹東,2024-11-04,9625
00946,群益科技高息成長,8,0,8,富邦-竹東,2024-11-04,9625
00680L,元大美債20正2,183,1,182,富邦-竹東,2024-11-05,9625
2312,金寶,108,2,106,富邦-竹東,2024-11-05,9625
00878,國泰永續高股息,114,10,104,富邦-竹東,2024-11-05,9625
1528,恩德,106,31,75,富邦-竹東,2024-11-05,9625
2303,聯電,120,45,75,富邦-竹東,2024-11-05,9625
0056,元大高股息,68,6,62,富邦-竹東,2024-11-05,9625
00919,群益台灣精選高息,88,35,53,富邦-竹東,2024-11-05,9625
00753L,中信中國50正2,46,0,46,富邦-竹東,2024-11-05,9625
00712,復華富時不動產,38,0,38,富邦-竹東,2024-11-05,9625
2328,廣宇,37,1,36,富邦-竹東,2024-11-05,9625
00918,大華優利高填息30,42,6,36,富邦-竹東,2024-11-05,9625
00915,凱基優選高股息30,33,0,33,富邦-竹東,2024-11-05,9625
00937B,群益ESG投等債20,34,3,31,富邦-竹東,2024-11-05,9625
6488,環球晶,29,0,29,富邦-竹東,2024-11-05,9625
00932,兆豐永續高息等權,25,0,25,富邦-竹東,2024-11-05,9625
3707,漢磊,21,0,21,富邦-竹東,2024-11-05,9625
2915,潤泰全,20,0,20,富邦-竹東,2024-11-05,9625
00638R,元大滬深300反1,20,0,20,富邦-竹東,2024-11-05,9625
00655L,國泰中國A50正2,20,0,20,富邦-竹東,2024-11-05,9625
6216,居易,21,1,20,富邦-竹東,2024-11-05,9625
00651R,復華香港反1,20,0,20,富邦-竹東,2024-11-05,9625
2834,臺企銀,27,7,20,富邦-竹東,2024-11-05,9625
3260,威剛,19,0,19,富邦-竹東,2024-11-05,9625
00887,永豐中國科技50大,23,4,19,富邦-竹東,2024-11-05,9625
3710,連展投控,17,0,17,富邦-竹東,2024-11-05,9625
00891,中信關鍵半導體,16,0,16,富邦-竹東,2024-11-05,9625
006208,富邦台50,19,5,14,富邦-竹東,2024-11-05,9625
00673R,期元大S＆P原油反1,13,0,13,富邦-竹東,2024-11-05,9625
00900,富邦特選高股息30,33,20,13,富邦-竹東,2024-11-05,9625
2354,鴻準,97,84,13,富邦-竹東,2024-11-05,9625
00679B,元大美債20年,12,0,12,富邦-竹東,2024-11-05,9625
2880,華南金,11,0,11,富邦-竹東,2024-11-05,9625
6530,創威,34,23,11,富邦-竹東,2024-11-05,9625
00946,群益科技高息成長,11,0,11,富邦-竹東,2024-11-05,9625
8249,菱光,109,98,11,富邦-竹東,2024-11-05,9625
2816,旺旺保,10,0,10,富邦-竹東,2024-11-05,9625
00938,凱基優選30,10,0,10,富邦-竹東,2024-11-05,9625
00656R,國泰中國A50反1,10,0,10,富邦-竹東,2024-11-05,9625
00795B,中信美國公債20年,10,0,10,富邦-竹東,2024-11-05,9625
2441,超豐,10,0,10,富邦-竹東,2024-11-05,9625
2888,新光金,16,6,10,富邦-竹東,2024-11-05,9625
00634R,富邦上証反1,10,0,10,富邦-竹東,2024-11-05,9625
1217,愛之味,10,0,10,富邦-竹東,2024-11-05,9625
2426,鼎元,10,0,10,富邦-竹東,2024-11-05,9625
00666R,富邦�琤肭磪齯�1,10,0,10,富邦-竹東,2024-11-05,9625
3645,達邁,15,5,10,富邦-竹東,2024-11-05,9625
6531,愛普*,11,1,10,富邦-竹東,2024-11-05,9625
00631L,元大台灣50正2,10,1,9,富邦-竹東,2024-11-05,9625
00752,中信中國50,9,0,9,富邦-竹東,2024-11-05,9625
3025,星通,17,8,9,富邦-竹東,2024-11-05,9625
00679B,元大美債20年,124,2,122,富邦-竹東,2024-11-06,9625
2615,萬海,117,5,112,富邦-竹東,2024-11-06,9625
00688L,國泰20年美債正2,132,25,107,富邦-竹東,2024-11-06,9625
00958B,永豐ESG銀行債15,100,0,100,富邦-竹東,2024-11-06,9625
00673R,期元大S＆P原油反1,90,0,90,富邦-竹東,2024-11-06,9625
00878,國泰永續高股息,67,19,48,富邦-竹東,2024-11-06,9625
00915,凱基優選高股息30,44,0,44,富邦-竹東,2024-11-06,9625
2883,凱基金,44,3,41,富邦-竹東,2024-11-06,9625
00632R,元大台灣50反1,40,0,40,富邦-竹東,2024-11-06,9625
2204,中華,32,0,32,富邦-竹東,2024-11-06,9625
1609,大亞,32,0,32,富邦-竹東,2024-11-06,9625
00887,永豐中國科技50大,41,10,31,富邦-竹東,2024-11-06,9625
8150,南茂,30,0,30,富邦-竹東,2024-11-06,9625
00937B,群益ESG投等債20,63,34,29,富邦-竹東,2024-11-06,9625
5258,虹堡,31,2,29,富邦-竹東,2024-11-06,9625
00933B,國泰10Y+金融債,28,1,27,富邦-竹東,2024-11-06,9625
00919,群益台灣精選高息,55,31,24,富邦-竹東,2024-11-06,9625
3705,永信,22,0,22,富邦-竹東,2024-11-06,9625
2025,千興,26,4,22,富邦-竹東,2024-11-06,9625
2303,聯電,44,23,21,富邦-竹東,2024-11-06,9625
00655L,國泰中國A50正2,20,0,20,富邦-竹東,2024-11-06,9625
00942B,台新美A公司債20+,20,0,20,富邦-竹東,2024-11-06,9625
2915,潤泰全,20,1,19,富邦-竹東,2024-11-06,9625
6788,華景電,18,0,18,富邦-竹東,2024-11-06,9625
1605,華新,20,3,17,富邦-竹東,2024-11-06,9625
3701,大眾控,17,1,16,富邦-竹東,2024-11-06,9625
4919,新唐,19,3,16,富邦-竹東,2024-11-06,9625
1514,亞力,17,1,16,富邦-竹東,2024-11-06,9625
2613,中櫃,17,2,15,富邦-竹東,2024-11-06,9625
00713,元大台灣高息低波,14,0,14,富邦-竹東,2024-11-06,9625
5907,大洋-KY,14,0,14,富邦-竹東,2024-11-06,9625
4903,聯光通,22,10,12,富邦-竹東,2024-11-06,9625
00687B,國泰20年美債,187,176,11,富邦-竹東,2024-11-06,9625
00753L,中信中國50正2,11,0,11,富邦-竹東,2024-11-06,9625
8163,達方,10,0,10,富邦-竹東,2024-11-06,9625
1709,和益,10,0,10,富邦-竹東,2024-11-06,9625
3709,鑫聯大投控,10,0,10,富邦-竹東,2024-11-06,9625
2355,敬鵬,10,0,10,富邦-竹東,2024-11-06,9625
1569,濱川,36,26,10,富邦-竹東,2024-11-06,9625
00671R,富邦NASDAQ反1,10,0,10,富邦-竹東,2024-11-06,9625
00643,群益深証中小,10,0,10,富邦-竹東,2024-11-06,9625
8048,德勝,10,0,10,富邦-竹東,2024-11-06,9625
2354,鴻準,114,104,10,富邦-竹東,2024-11-06,9625
00751B,元大AAA至A公司債,9,0,9,富邦-竹東,2024-11-06,9625
2324,仁寶,15,6,9,富邦-竹東,2024-11-06,9625
4991,環宇-KY,21,12,9,富邦-竹東,2024-11-06,9625
2349,錸德,11,3,8,富邦-竹東,2024-11-06,9625
2399,映泰,24,16,8,富邦-竹東,2024-11-06,9625
3581,博磊,13,5,8,富邦-竹東,2024-11-06,9625
3490,單井,10,2,8,富邦-竹東,2024-11-06,9625
2303,聯電,202,47,155,富邦-竹東,2024-11-07,9625
00919,群益台灣精選高息,136,8,128,富邦-竹東,2024-11-07,9625
00688L,國泰20年美債正2,100,0,100,富邦-竹東,2024-11-07,9625
00929,復華台灣科技優息,139,40,99,富邦-竹東,2024-11-07,9625
1528,恩德,62,13,49,富邦-竹東,2024-11-07,9625
4903,聯光通,94,48,46,富邦-竹東,2024-11-07,9625
2328,廣宇,45,7,38,富邦-竹東,2024-11-07,9625
00673R,期元大S＆P原油反1,35,0,35,富邦-竹東,2024-11-07,9625
2646,星宇航空,45,12,33,富邦-竹東,2024-11-07,9625
2382,廣達,55,22,33,富邦-竹東,2024-11-07,9625
00638R,元大滬深300反1,30,0,30,富邦-竹東,2024-11-07,9625
1605,華新,27,0,27,富邦-竹東,2024-11-07,9625
9105,泰金寶-DR,42,17,25,富邦-竹東,2024-11-07,9625
2014,中鴻,23,2,21,富邦-竹東,2024-11-07,9625
1513,中興電,32,12,20,富邦-竹東,2024-11-07,9625
00931B,統一美債20年,20,0,20,富邦-竹東,2024-11-07,9625
3206,志豐,20,0,20,富邦-竹東,2024-11-07,9625
3689,湧德,26,6,20,富邦-竹東,2024-11-07,9625
00878,國泰永續高股息,60,41,19,富邦-竹東,2024-11-07,9625
2353,宏��,17,0,17,富邦-竹東,2024-11-07,9625
2892,第一金,16,0,16,富邦-竹東,2024-11-07,9625
3014,聯陽,17,1,16,富邦-竹東,2024-11-07,9625
2301,光寶科,17,1,16,富邦-竹東,2024-11-07,9625
2399,映泰,50,36,14,富邦-竹東,2024-11-07,9625
3231,緯創,60,46,14,富邦-竹東,2024-11-07,9625
00712,復華富時不動產,14,0,14,富邦-竹東,2024-11-07,9625
4909,新復興,17,3,14,富邦-竹東,2024-11-07,9625
0056,元大高股息,15,1,14,富邦-竹東,2024-11-07,9625
2610,華航,30,17,13,富邦-竹東,2024-11-07,9625
00927,群益半導體收益,13,0,13,富邦-竹東,2024-11-07,9625
6143,振曜,11,0,11,富邦-竹東,2024-11-07,9625
00830,國泰費城半導體,16,5,11,富邦-竹東,2024-11-07,9625
2027,大成鋼,18,8,10,富邦-竹東,2024-11-07,9625
4562,穎漢,24,14,10,富邦-竹東,2024-11-07,9625
4976,佳凌,12,2,10,富邦-竹東,2024-11-07,9625
912000,晨訊科-DR,10,0,10,富邦-竹東,2024-11-07,9625
00656R,國泰中國A50反1,10,0,10,富邦-竹東,2024-11-07,9625
3230,錦明,13,3,10,富邦-竹東,2024-11-07,9625
00651R,復華香港反1,10,0,10,富邦-竹東,2024-11-07,9625
00666R,富邦�琤肭磪齯�1,10,0,10,富邦-竹東,2024-11-07,9625
3552,同致,12,2,10,富邦-竹東,2024-11-07,9625
8201,無敵,10,0,10,富邦-竹東,2024-11-07,9625
8027,鈦昇,12,2,10,富邦-竹東,2024-11-07,9625
00907,永豐優息存股,20,10,10,富邦-竹東,2024-11-07,9625
5608,四維航,10,0,10,富邦-竹東,2024-11-07,9625
00713,元大台灣高息低波,10,0,10,富邦-竹東,2024-11-07,9625
2888,新光金,28,19,9,富邦-竹東,2024-11-07,9625
00941,中信上游半導體,9,0,9,富邦-竹東,2024-11-07,9625
1101,台泥,9,0,9,富邦-竹東,2024-11-07,9625
00935,野村臺灣新科技50,10,1,9,富邦-竹東,2024-11-07,9625
00632R,元大台灣50反1,758,0,758,富邦-竹東,2024-11-08,9625
00712,復華富時不動產,400,25,375,富邦-竹東,2024-11-08,9625
00753L,中信中國50正2,320,18,302,富邦-竹東,2024-11-08,9625
3062,建漢,289,33,256,富邦-竹東,2024-11-08,9625
00946,群益科技高息成長,122,2,120,富邦-竹東,2024-11-08,9625
00688L,國泰20年美債正2,100,0,100,富邦-竹東,2024-11-08,9625
2353,宏��,96,0,96,富邦-竹東,2024-11-08,9625
2303,聯電,99,34,65,富邦-竹東,2024-11-08,9625
2344,華邦電,60,3,57,富邦-竹東,2024-11-08,9625
3552,同致,56,0,56,富邦-竹東,2024-11-08,9625
3264,欣銓,53,1,52,富邦-竹東,2024-11-08,9625
00687B,國泰20年美債,58,14,44,富邦-竹東,2024-11-08,9625
8032,光菱,48,7,41,富邦-竹東,2024-11-08,9625
4903,聯光通,76,41,35,富邦-竹東,2024-11-08,9625
00940,元大台灣價值高息,51,19,32,富邦-竹東,2024-11-08,9625
8112,至上,31,0,31,富邦-竹東,2024-11-08,9625
3149,正達,54,24,30,富邦-竹東,2024-11-08,9625
4909,新復興,38,8,30,富邦-竹東,2024-11-08,9625
00943,兆豐電子高息等權,29,0,29,富邦-竹東,2024-11-08,9625
00878,國泰永續高股息,39,14,25,富邦-竹東,2024-11-08,9625
2731,雄獅,25,1,24,富邦-竹東,2024-11-08,9625
2368,金像電,29,5,24,富邦-竹東,2024-11-08,9625
2392,正崴,48,26,22,富邦-竹東,2024-11-08,9625
2354,鴻準,143,121,22,富邦-竹東,2024-11-08,9625
4967,十銓,22,2,20,富邦-竹東,2024-11-08,9625
2431,聯昌,21,1,20,富邦-竹東,2024-11-08,9625
2426,鼎元,20,0,20,富邦-竹東,2024-11-08,9625
1711,永光,43,23,20,富邦-竹東,2024-11-08,9625
1806,冠軍,20,0,20,富邦-竹東,2024-11-08,9625
1514,亞力,18,1,17,富邦-竹東,2024-11-08,9625
3257,虹冠電,17,0,17,富邦-竹東,2024-11-08,9625
00935,野村臺灣新科技50,16,0,16,富邦-竹東,2024-11-08,9625
3689,湧德,22,6,16,富邦-竹東,2024-11-08,9625
4157,太景*-KY,15,0,15,富邦-竹東,2024-11-08,9625
2363,矽統,56,42,14,富邦-竹東,2024-11-08,9625
1536,和大,16,2,14,富邦-竹東,2024-11-08,9625
6150,撼訊,14,0,14,富邦-竹東,2024-11-08,9625
6213,聯茂,13,0,13,富邦-竹東,2024-11-08,9625
3014,聯陽,13,0,13,富邦-竹東,2024-11-08,9625
1540,喬福,14,1,13,富邦-竹東,2024-11-08,9625
6207,雷科,12,0,12,富邦-竹東,2024-11-08,9625
2439,美律,12,0,12,富邦-竹東,2024-11-08,9625
1301,台塑,11,0,11,富邦-竹東,2024-11-08,9625
2409,友達,12,1,11,富邦-竹東,2024-11-08,9625
6505,台塑化,11,0,11,富邦-竹東,2024-11-08,9625
6451,訊芯-KY,19,8,11,富邦-竹東,2024-11-08,9625
4540,全球傳動,11,0,11,富邦-竹東,2024-11-08,9625
1307,三芳,18,7,11,富邦-竹東,2024-11-08,9625
2313,華通,20,9,11,富邦-竹東,2024-11-08,9625
6212,理銘,11,0,11,富邦-竹東,2024-11-08,9625
00712,復華富時不動產,250,11,239,富邦-竹東,2024-11-11,9625
00878,國泰永續高股息,138,0,138,富邦-竹東,2024-11-11,9625
00753L,中信中國50正2,125,0,125,富邦-竹東,2024-11-11,9625
2409,友達,106,0,106,富邦-竹東,2024-11-11,9625
00929,復華台灣科技優息,94,29,65,富邦-竹東,2024-11-11,9625
00882,中信中國高股息,61,8,53,富邦-竹東,2024-11-11,9625
00650L,復華香港正2,52,0,52,富邦-竹東,2024-11-11,9625
00636,國泰中國A50,51,0,51,富邦-竹東,2024-11-11,9625
3062,建漢,117,72,45,富邦-竹東,2024-11-11,9625
2834,臺企銀,44,2,42,富邦-竹東,2024-11-11,9625
9945,潤泰新,67,26,41,富邦-竹東,2024-11-11,9625
3231,緯創,54,15,39,富邦-竹東,2024-11-11,9625
2354,鴻準,113,75,38,富邦-竹東,2024-11-11,9625
2609,陽明,52,15,37,富邦-竹東,2024-11-11,9625
2515,中工,35,0,35,富邦-竹東,2024-11-11,9625
2915,潤泰全,30,0,30,富邦-竹東,2024-11-11,9625
00919,群益台灣精選高息,33,5,28,富邦-竹東,2024-11-11,9625
8096,擎亞,28,1,27,富邦-竹東,2024-11-11,9625
2303,聯電,41,14,27,富邦-竹東,2024-11-11,9625
2449,京元電子,40,13,27,富邦-竹東,2024-11-11,9625
3290,東浦,26,0,26,富邦-竹東,2024-11-11,9625
2892,第一金,24,0,24,富邦-竹東,2024-11-11,9625
5608,四維航,50,26,24,富邦-竹東,2024-11-11,9625
2506,太設,24,0,24,富邦-竹東,2024-11-11,9625
00887,永豐中國科技50大,24,2,22,富邦-竹東,2024-11-11,9625
2646,星宇航空,32,11,21,富邦-竹東,2024-11-11,9625
2337,旺宏,20,0,20,富邦-竹東,2024-11-11,9625
2393,億光,22,2,20,富邦-竹東,2024-11-11,9625
2615,萬海,32,13,19,富邦-竹東,2024-11-11,9625
3481,群創,20,1,19,富邦-竹東,2024-11-11,9625
6763,綠界科技*,29,11,18,富邦-竹東,2024-11-11,9625
6505,台塑化,17,0,17,富邦-竹東,2024-11-11,9625
1815,富喬,17,1,16,富邦-竹東,2024-11-11,9625
2637,慧洋-KY,21,6,15,富邦-竹東,2024-11-11,9625
00932,兆豐永續高息等權,13,0,13,富邦-竹東,2024-11-11,9625
0056,元大高股息,15,3,12,富邦-竹東,2024-11-11,9625
2486,一詮,21,9,12,富邦-竹東,2024-11-11,9625
00891,中信關鍵半導體,11,0,11,富邦-竹東,2024-11-11,9625
1449,佳和,19,8,11,富邦-竹東,2024-11-11,9625
5905,南仁湖,11,0,11,富邦-竹東,2024-11-11,9625
6890,來億-KY,12,2,10,富邦-竹東,2024-11-11,9625
3094,聯傑,10,0,10,富邦-竹東,2024-11-11,9625
4157,太景*-KY,10,0,10,富邦-竹東,2024-11-11,9625
2349,錸德,10,0,10,富邦-竹東,2024-11-11,9625
3058,立德,10,0,10,富邦-竹東,2024-11-11,9625
3303,岱稜,11,1,10,富邦-竹東,2024-11-11,9625
00931B,統一美債20年,10,0,10,富邦-竹東,2024-11-11,9625
6770,力積電,14,5,9,富邦-竹東,2024-11-11,9625
006208,富邦台50,9,0,9,富邦-竹東,2024-11-11,9625
3710,連展投控,9,0,9,富邦-竹東,2024-11-11,9625
00878,國泰永續高股息,349,62,287,富邦-竹東,2024-11-12,9625
00715L,期街口布蘭特正2,256,0,256,富邦-竹東,2024-11-12,9625
0056,元大高股息,132,2,130,富邦-竹東,2024-11-12,9625
2409,友達,120,0,120,富邦-竹東,2024-11-12,9625
2883,凱基金,114,44,70,富邦-竹東,2024-11-12,9625
2312,金寶,70,3,67,富邦-竹東,2024-11-12,9625
2002,中鋼,62,0,62,富邦-竹東,2024-11-12,9625
2356,英業達,91,32,59,富邦-竹東,2024-11-12,9625
00891,中信關鍵半導體,47,0,47,富邦-竹東,2024-11-12,9625
2605,新興,61,15,46,富邦-竹東,2024-11-12,9625
00753L,中信中國50正2,62,20,42,富邦-竹東,2024-11-12,9625
2880,華南金,41,0,41,富邦-竹東,2024-11-12,9625
00915,凱基優選高股息30,51,10,41,富邦-竹東,2024-11-12,9625
00887,永豐中國科技50大,45,6,39,富邦-竹東,2024-11-12,9625
3062,建漢,104,66,38,富邦-竹東,2024-11-12,9625
00929,復華台灣科技優息,69,32,37,富邦-竹東,2024-11-12,9625
00713,元大台灣高息低波,35,0,35,富邦-竹東,2024-11-12,9625
00919,群益台灣精選高息,55,20,35,富邦-竹東,2024-11-12,9625
2328,廣宇,72,37,35,富邦-竹東,2024-11-12,9625
5871,中租-KY,30,0,30,富邦-竹東,2024-11-12,9625
00953B,群益優選非投等債,30,0,30,富邦-竹東,2024-11-12,9625
3231,緯創,79,49,30,富邦-竹東,2024-11-12,9625
3481,群創,28,0,28,富邦-竹東,2024-11-12,9625
6288,聯嘉,31,3,28,富邦-竹東,2024-11-12,9625
2233,宇隆,28,0,28,富邦-竹東,2024-11-12,9625
2618,長榮航,85,58,27,富邦-竹東,2024-11-12,9625
2330,台積電,36,10,26,富邦-竹東,2024-11-12,9625
00665L,富邦�琤肭磪囓�2,36,10,26,富邦-竹東,2024-11-12,9625
1714,和桐,24,0,24,富邦-竹東,2024-11-12,9625
00934,中信成長高股息,25,1,24,富邦-竹東,2024-11-12,9625
2382,廣達,27,3,24,富邦-竹東,2024-11-12,9625
2892,第一金,32,9,23,富邦-竹東,2024-11-12,9625
00881,國泰台灣5G+,21,0,21,富邦-竹東,2024-11-12,9625
006208,富邦台50,22,1,21,富邦-竹東,2024-11-12,9625
2317,鴻海,28,7,21,富邦-竹東,2024-11-12,9625
1806,冠軍,20,0,20,富邦-竹東,2024-11-12,9625
00932,兆豐永續高息等權,20,0,20,富邦-竹東,2024-11-12,9625
00922,國泰台灣領袖50,29,9,20,富邦-竹東,2024-11-12,9625
2615,萬海,68,49,19,富邦-竹東,2024-11-12,9625
3264,欣銓,18,0,18,富邦-竹東,2024-11-12,9625
5258,虹堡,20,2,18,富邦-竹東,2024-11-12,9625
2349,錸德,21,3,18,富邦-竹東,2024-11-12,9625
1605,華新,17,0,17,富邦-竹東,2024-11-12,9625
1303,南亞,17,0,17,富邦-竹東,2024-11-12,9625
00943,兆豐電子高息等權,16,0,16,富邦-竹東,2024-11-12,9625
2891,中信金,19,3,16,富邦-竹東,2024-11-12,9625
00894,中信小資高價30,16,0,16,富邦-竹東,2024-11-12,9625
2882,國泰金,19,4,15,富邦-竹東,2024-11-12,9625
6505,台塑化,15,0,15,富邦-竹東,2024-11-12,9625
1301,台塑,15,0,15,富邦-竹東,2024-11-12,9625
00878,國泰永續高股息,136,3,133,富邦-竹東,2024-11-13,9625
00887,永豐中國科技50大,93,0,93,富邦-竹東,2024-11-13,9625
2834,臺企銀,73,0,73,富邦-竹東,2024-11-13,9625
00680L,元大美債20正2,59,0,59,富邦-竹東,2024-11-13,9625
4956,光鋐,58,3,55,富邦-竹東,2024-11-13,9625
00958B,永豐ESG銀行債15,50,0,50,富邦-竹東,2024-11-13,9625
00679B,元大美債20年,51,13,38,富邦-竹東,2024-11-13,9625
2354,鴻準,80,45,35,富邦-竹東,2024-11-13,9625
00753L,中信中國50正2,65,30,35,富邦-竹東,2024-11-13,9625
2317,鴻海,42,7,35,富邦-竹東,2024-11-13,9625
3264,欣銓,35,0,35,富邦-竹東,2024-11-13,9625
00687B,國泰20年美債,60,26,34,富邦-竹東,2024-11-13,9625
0056,元大高股息,34,1,33,富邦-竹東,2024-11-13,9625
2330,台積電,37,5,32,富邦-竹東,2024-11-13,9625
2409,友達,32,10,22,富邦-竹東,2024-11-13,9625
00943,兆豐電子高息等權,22,0,22,富邦-竹東,2024-11-13,9625
2609,陽明,45,24,21,富邦-竹東,2024-11-13,9625
00665L,富邦�琤肭磪囓�2,23,2,21,富邦-竹東,2024-11-13,9625
00919,群益台灣精選高息,29,8,21,富邦-竹東,2024-11-13,9625
00655L,國泰中國A50正2,20,0,20,富邦-竹東,2024-11-13,9625
6530,創威,32,12,20,富邦-竹東,2024-11-13,9625
3149,正達,21,1,20,富邦-竹東,2024-11-13,9625
4906,正文,20,0,20,富邦-竹東,2024-11-13,9625
6770,力積電,27,8,19,富邦-竹東,2024-11-13,9625
00915,凱基優選高股息30,19,1,18,富邦-竹東,2024-11-13,9625
1569,濱川,25,7,18,富邦-竹東,2024-11-13,9625
00673R,期元大S＆P原油反1,20,2,18,富邦-竹東,2024-11-13,9625
2324,仁寶,51,33,18,富邦-竹東,2024-11-13,9625
4979,華星光,19,1,18,富邦-竹東,2024-11-13,9625
6505,台塑化,18,1,17,富邦-竹東,2024-11-13,9625
3710,連展投控,17,0,17,富邦-竹東,2024-11-13,9625
2891,中信金,16,0,16,富邦-竹東,2024-11-13,9625
0050,元大台灣50,15,0,15,富邦-竹東,2024-11-13,9625
8039,台虹,15,0,15,富邦-竹東,2024-11-13,9625
2344,華邦電,17,2,15,富邦-竹東,2024-11-13,9625
1303,南亞,17,3,14,富邦-竹東,2024-11-13,9625
8021,尖點,16,2,14,富邦-竹東,2024-11-13,9625
2449,京元電子,16,3,13,富邦-竹東,2024-11-13,9625
00720B,元大投資級公司債,13,0,13,富邦-竹東,2024-11-13,9625
3013,晟銘電,41,29,12,富邦-竹東,2024-11-13,9625
2368,金像電,15,3,12,富邦-竹東,2024-11-13,9625
1540,喬福,12,0,12,富邦-竹東,2024-11-13,9625
5426,振發,38,26,12,富邦-竹東,2024-11-13,9625
4767,誠泰科技,12,0,12,富邦-竹東,2024-11-13,9625
3706,神達,116,104,12,富邦-竹東,2024-11-13,9625
2392,正崴,42,30,12,富邦-竹東,2024-11-13,9625
4958,臻鼎-KY,12,1,11,富邦-竹東,2024-11-13,9625
8089,康全電訊,17,6,11,富邦-竹東,2024-11-13,9625
6763,綠界科技*,19,8,11,富邦-竹東,2024-11-13,9625
006208,富邦台50,10,0,10,富邦-竹東,2024-11-13,9625
00688L,國泰20年美債正2,400,0,400,富邦-竹東,2024-11-14,9625
00878,國泰永續高股息,396,3,393,富邦-竹東,2024-11-14,9625
00887,永豐中國科技50大,330,10,320,富邦-竹東,2024-11-14,9625
00937B,群益ESG投等債20,111,0,111,富邦-竹東,2024-11-14,9625
2303,聯電,76,4,72,富邦-竹東,2024-11-14,9625
00919,群益台灣精選高息,85,19,66,富邦-竹東,2024-11-14,9625
00929,復華台灣科技優息,91,26,65,富邦-竹東,2024-11-14,9625
0056,元大高股息,63,2,61,富邦-竹東,2024-11-14,9625
3264,欣銓,56,0,56,富邦-竹東,2024-11-14,9625
4157,太景*-KY,43,0,43,富邦-竹東,2024-11-14,9625
00948B,中信優息投資級債,41,0,41,富邦-竹東,2024-11-14,9625
1714,和桐,41,0,41,富邦-竹東,2024-11-14,9625
3024,憶聲,40,0,40,富邦-竹東,2024-11-14,9625
3062,建漢,74,34,40,富邦-竹東,2024-11-14,9625
4142,國光生,40,0,40,富邦-竹東,2024-11-14,9625
3481,群創,44,5,39,富邦-竹東,2024-11-14,9625
2002,中鋼,38,1,37,富邦-竹東,2024-11-14,9625
2409,友達,38,2,36,富邦-竹東,2024-11-14,9625
00680L,元大美債20正2,36,0,36,富邦-竹東,2024-11-14,9625
4931,新盛力,179,144,35,富邦-竹東,2024-11-14,9625
00891,中信關鍵半導體,39,5,34,富邦-竹東,2024-11-14,9625
1301,台塑,32,2,30,富邦-竹東,2024-11-14,9625
8401,白紗科,30,0,30,富邦-竹東,2024-11-14,9625
00637L,元大滬深300正2,38,8,30,富邦-竹東,2024-11-14,9625
1528,恩德,30,0,30,富邦-竹東,2024-11-14,9625
6126,信音,40,11,29,富邦-竹東,2024-11-14,9625
2328,廣宇,33,7,26,富邦-竹東,2024-11-14,9625
00687B,國泰20年美債,28,2,26,富邦-竹東,2024-11-14,9625
00930,永豐ESG低碳高息,26,0,26,富邦-竹東,2024-11-14,9625
2883,凱基金,24,0,24,富邦-竹東,2024-11-14,9625
1605,華新,24,0,24,富邦-竹東,2024-11-14,9625
00946,群益科技高息成長,23,0,23,富邦-竹東,2024-11-14,9625
2880,華南金,23,0,23,富邦-竹東,2024-11-14,9625
2317,鴻海,35,13,22,富邦-竹東,2024-11-14,9625
00650L,復華香港正2,40,20,20,富邦-竹東,2024-11-14,9625
3092,鴻碩,20,0,20,富邦-竹東,2024-11-14,9625
9925,新保,20,0,20,富邦-竹東,2024-11-14,9625
6547,高端疫苗,20,0,20,富邦-竹東,2024-11-14,9625
6763,綠界科技*,22,3,19,富邦-竹東,2024-11-14,9625
2344,華邦電,18,0,18,富邦-竹東,2024-11-14,9625
00900,富邦特選高股息30,18,0,18,富邦-竹東,2024-11-14,9625
2449,京元電子,23,6,17,富邦-竹東,2024-11-14,9625
00938,凱基優選30,17,0,17,富邦-竹東,2024-11-14,9625
3711,日月光投控,19,3,16,富邦-竹東,2024-11-14,9625
00932,兆豐永續高息等權,25,9,16,富邦-竹東,2024-11-14,9625
2615,萬海,27,12,15,富邦-竹東,2024-11-14,9625
9945,潤泰新,15,0,15,富邦-竹東,2024-11-14,9625
9934,成霖,15,0,15,富邦-竹東,2024-11-14,9625
2349,錸德,23,8,15,富邦-竹東,2024-11-14,9625
5880,合庫金,14,0,14,富邦-竹東,2024-11-14,9625
00878,國泰永續高股息,827,7,820,富邦-竹東,2024-11-15,9625
00632R,元大台灣50反1,1025,300,725,富邦-竹東,2024-11-15,9625
00953B,群益優選非投等債,115,0,115,富邦-竹東,2024-11-15,9625
2317,鴻海,98,24,74,富邦-竹東,2024-11-15,9625
2609,陽明,109,42,67,富邦-竹東,2024-11-15,9625
2646,星宇航空,79,13,66,富邦-竹東,2024-11-15,9625
00945B,凱基美國非投等債,62,0,62,富邦-竹東,2024-11-15,9625
2883,凱基金,60,6,54,富邦-竹東,2024-11-15,9625
00887,永豐中國科技50大,54,0,54,富邦-竹東,2024-11-15,9625
00958B,永豐ESG銀行債15,50,0,50,富邦-竹東,2024-11-15,9625
2382,廣達,48,7,41,富邦-竹東,2024-11-15,9625
00882,中信中國高股息,51,10,41,富邦-竹東,2024-11-15,9625
3202,樺晟,36,0,36,富邦-竹東,2024-11-15,9625
2324,仁寶,39,6,33,富邦-竹東,2024-11-15,9625
2002,中鋼,32,0,32,富邦-竹東,2024-11-15,9625
00948B,中信優息投資級債,30,0,30,富邦-竹東,2024-11-15,9625
5388,中磊,30,0,30,富邦-竹東,2024-11-15,9625
00637L,元大滬深300正2,139,110,29,富邦-竹東,2024-11-15,9625
3706,神達,88,59,29,富邦-竹東,2024-11-15,9625
3580,友威科,71,43,28,富邦-竹東,2024-11-15,9625
00680L,元大美債20正2,30,6,24,富邦-竹東,2024-11-15,9625
3231,緯創,30,7,23,富邦-竹東,2024-11-15,9625
00937B,群益ESG投等債20,38,17,21,富邦-竹東,2024-11-15,9625
00655L,國泰中國A50正2,20,0,20,富邦-竹東,2024-11-15,9625
3625,西勝,17,0,17,富邦-竹東,2024-11-15,9625
00891,中信關鍵半導體,18,2,16,富邦-竹東,2024-11-15,9625
0056,元大高股息,16,1,15,富邦-竹東,2024-11-15,9625
2449,京元電子,18,3,15,富邦-竹東,2024-11-15,9625
00915,凱基優選高股息30,14,0,14,富邦-竹東,2024-11-15,9625
4979,華星光,17,3,14,富邦-竹東,2024-11-15,9625
00713,元大台灣高息低波,14,1,13,富邦-竹東,2024-11-15,9625
4977,眾達-KY,14,1,13,富邦-竹東,2024-11-15,9625
7708,全家餐飲,14,1,13,富邦-竹東,2024-11-15,9625
9904,寶成,24,11,13,富邦-竹東,2024-11-15,9625
2330,台積電,15,3,12,富邦-竹東,2024-11-15,9625
6505,台塑化,15,3,12,富邦-竹東,2024-11-15,9625
2392,正崴,44,32,12,富邦-竹東,2024-11-15,9625
6405,悅城,13,1,12,富邦-竹東,2024-11-15,9625
00934,中信成長高股息,12,0,12,富邦-竹東,2024-11-15,9625
3045,台灣大,12,1,11,富邦-竹東,2024-11-15,9625
4108,懷特,11,0,11,富邦-竹東,2024-11-15,9625
1587,吉茂,34,23,11,富邦-竹東,2024-11-15,9625
2356,英業達,23,12,11,富邦-竹東,2024-11-15,9625
6821,聯寶,11,0,11,富邦-竹東,2024-11-15,9625
00943,兆豐電子高息等權,59,48,11,富邦-竹東,2024-11-15,9625
1301,台塑,12,1,11,富邦-竹東,2024-11-15,9625
2303,聯電,19,9,10,富邦-竹東,2024-11-15,9625
3450,聯鈞,23,13,10,富邦-竹東,2024-11-15,9625
4562,穎漢,13,3,10,富邦-竹東,2024-11-15,9625
00715L,期街口布蘭特正2,10,0,10,富邦-竹東,2024-11-15,9625
00878,國泰永續高股息,267,26,241,富邦-竹東,2024-11-18,9625
00929,復華台灣科技優息,251,83,168,富邦-竹東,2024-11-18,9625
2883,凱基金,100,0,100,富邦-竹東,2024-11-18,9625
00636,國泰中國A50,100,1,99,富邦-竹東,2024-11-18,9625
2312,金寶,138,73,65,富邦-竹東,2024-11-18,9625
0056,元大高股息,62,1,61,富邦-竹東,2024-11-18,9625
2356,英業達,86,41,45,富邦-竹東,2024-11-18,9625
00887,永豐中國科技50大,43,11,32,富邦-竹東,2024-11-18,9625
2317,鴻海,57,29,28,富邦-竹東,2024-11-18,9625
00680L,元大美債20正2,32,6,26,富邦-竹東,2024-11-18,9625
2204,中華,26,0,26,富邦-竹東,2024-11-18,9625
2344,華邦電,24,0,24,富邦-竹東,2024-11-18,9625
00930,永豐ESG低碳高息,23,0,23,富邦-竹東,2024-11-18,9625
6576,逸達,22,0,22,富邦-竹東,2024-11-18,9625
00943,兆豐電子高息等權,22,0,22,富邦-竹東,2024-11-18,9625
2354,鴻準,177,155,22,富邦-竹東,2024-11-18,9625
3625,西勝,26,5,21,富邦-竹東,2024-11-18,9625
00948B,中信優息投資級債,20,0,20,富邦-竹東,2024-11-18,9625
1514,亞力,20,0,20,富邦-竹東,2024-11-18,9625
9105,泰金寶-DR,41,21,20,富邦-竹東,2024-11-18,9625
00690,兆豐藍籌30,20,0,20,富邦-竹東,2024-11-18,9625
00891,中信關鍵半導體,19,0,19,富邦-竹東,2024-11-18,9625
8028,昇陽半導體,21,3,18,富邦-竹東,2024-11-18,9625
6443,元晶,20,3,17,富邦-竹東,2024-11-18,9625
00918,大華優利高填息30,16,0,16,富邦-竹東,2024-11-18,9625
00715L,期街口布蘭特正2,16,0,16,富邦-竹東,2024-11-18,9625
006208,富邦台50,16,0,16,富邦-竹東,2024-11-18,9625
2881,富邦金,16,1,15,富邦-竹東,2024-11-18,9625
2476,鉅祥,15,0,15,富邦-竹東,2024-11-18,9625
1587,吉茂,15,0,15,富邦-竹東,2024-11-18,9625
00713,元大台灣高息低波,15,0,15,富邦-竹東,2024-11-18,9625
3024,憶聲,13,0,13,富邦-竹東,2024-11-18,9625
1785,光洋科,14,1,13,富邦-竹東,2024-11-18,9625
3374,精材,16,3,13,富邦-竹東,2024-11-18,9625
3711,日月光投控,13,1,12,富邦-竹東,2024-11-18,9625
3689,湧德,15,3,12,富邦-竹東,2024-11-18,9625
4956,光鋐,17,5,12,富邦-竹東,2024-11-18,9625
00915,凱基優選高股息30,12,0,12,富邦-竹東,2024-11-18,9625
00961,FT臺灣永續高息,11,0,11,富邦-竹東,2024-11-18,9625
5530,龍巖,12,1,11,富邦-竹東,2024-11-18,9625
2891,中信金,11,0,11,富邦-竹東,2024-11-18,9625
6505,台塑化,11,0,11,富邦-竹東,2024-11-18,9625
2633,台灣高鐵,10,0,10,富邦-竹東,2024-11-18,9625
00687B,國泰20年美債,10,0,10,富邦-竹東,2024-11-18,9625
6435,大中,10,0,10,富邦-竹東,2024-11-18,9625
5438,東友,10,0,10,富邦-竹東,2024-11-18,9625
1409,新纖,10,0,10,富邦-竹東,2024-11-18,9625
1540,喬福,10,0,10,富邦-竹東,2024-11-18,9625
00937B,群益ESG投等債20,11,1,10,富邦-竹東,2024-11-18,9625
0050,元大台灣50,18,8,10,富邦-竹東,2024-11-18,9625
00953B,群益優選非投等債,230,0,230,富邦-竹東,2024-11-19,9625
00636,國泰中國A50,200,0,200,富邦-竹東,2024-11-19,9625
00878,國泰永續高股息,75,0,75,富邦-竹東,2024-11-19,9625
2317,鴻海,72,4,68,富邦-竹東,2024-11-19,9625
2354,鴻準,215,153,62,富邦-竹東,2024-11-19,9625
00632R,元大台灣50反1,60,0,60,富邦-竹東,2024-11-19,9625
00930,永豐ESG低碳高息,56,0,56,富邦-竹東,2024-11-19,9625
2431,聯昌,64,8,56,富邦-竹東,2024-11-19,9625
00712,復華富時不動產,52,0,52,富邦-竹東,2024-11-19,9625
2883,凱基金,51,0,51,富邦-竹東,2024-11-19,9625
2409,友達,50,7,43,富邦-竹東,2024-11-19,9625
00929,復華台灣科技優息,54,11,43,富邦-竹東,2024-11-19,9625
2027,大成鋼,36,0,36,富邦-竹東,2024-11-19,9625
2344,華邦電,44,9,35,富邦-竹東,2024-11-19,9625
4931,新盛力,31,0,31,富邦-竹東,2024-11-19,9625
5351,鈺創,28,0,28,富邦-竹東,2024-11-19,9625
1301,台塑,27,1,26,富邦-竹東,2024-11-19,9625
00637L,元大滬深300正2,227,205,22,富邦-竹東,2024-11-19,9625
1611,中電,20,0,20,富邦-竹東,2024-11-19,9625
2855,統一證,20,0,20,富邦-竹東,2024-11-19,9625
00655L,國泰中國A50正2,20,0,20,富邦-竹東,2024-11-19,9625
00713,元大台灣高息低波,21,1,20,富邦-竹東,2024-11-19,9625
0056,元大高股息,20,2,18,富邦-竹東,2024-11-19,9625
3032,偉訓,30,12,18,富邦-竹東,2024-11-19,9625
00633L,富邦上証正2,18,0,18,富邦-竹東,2024-11-19,9625
8249,菱光,75,57,18,富邦-竹東,2024-11-19,9625
00679B,元大美債20年,18,1,17,富邦-竹東,2024-11-19,9625
9105,泰金寶-DR,17,0,17,富邦-竹東,2024-11-19,9625
2303,聯電,23,7,16,富邦-竹東,2024-11-19,9625
3043,科風,16,0,16,富邦-竹東,2024-11-19,9625
1721,三晃,16,0,16,富邦-竹東,2024-11-19,9625
00753L,中信中國50正2,15,0,15,富邦-竹東,2024-11-19,9625
3231,緯創,17,4,13,富邦-竹東,2024-11-19,9625
4903,聯光通,16,3,13,富邦-竹東,2024-11-19,9625
8104,錸寶,14,2,12,富邦-竹東,2024-11-19,9625
6116,彩晶,12,0,12,富邦-竹東,2024-11-19,9625
5880,合庫金,12,0,12,富邦-竹東,2024-11-19,9625
00900,富邦特選高股息30,19,7,12,富邦-竹東,2024-11-19,9625
5465,富驊,14,2,12,富邦-竹東,2024-11-19,9625
3481,群創,16,5,11,富邦-竹東,2024-11-19,9625
2382,廣達,24,13,11,富邦-竹東,2024-11-19,9625
00951,台新日本半導體,10,0,10,富邦-竹東,2024-11-19,9625
4807,日成-KY,10,0,10,富邦-竹東,2024-11-19,9625
4113,聯上,10,0,10,富邦-竹東,2024-11-19,9625
1727,中華化,10,0,10,富邦-竹東,2024-11-19,9625
6806,森崴能源,10,0,10,富邦-竹東,2024-11-19,9625
3207,耀勝,10,0,10,富邦-竹東,2024-11-19,9625
00963,中信全球高股息,10,0,10,富邦-竹東,2024-11-19,9625
2103,台橡,10,0,10,富邦-竹東,2024-11-19,9625
8150,南茂,10,0,10,富邦-竹東,2024-11-19,9625
2354,鴻準,464,184,280,富邦-竹東,2024-11-20,9625
2834,臺企銀,160,0,160,富邦-竹東,2024-11-20,9625
00632R,元大台灣50反1,159,10,149,富邦-竹東,2024-11-20,9625
00878,國泰永續高股息,148,5,143,富邦-竹東,2024-11-20,9625
00930,永豐ESG低碳高息,89,0,89,富邦-竹東,2024-11-20,9625
2344,華邦電,108,40,68,富邦-竹東,2024-11-20,9625
00679B,元大美債20年,60,1,59,富邦-竹東,2024-11-20,9625
2349,錸德,134,92,42,富邦-竹東,2024-11-20,9625
00919,群益台灣精選高息,54,14,40,富邦-竹東,2024-11-20,9625
2312,金寶,85,55,30,富邦-竹東,2024-11-20,9625
5871,中租-KY,29,0,29,富邦-竹東,2024-11-20,9625
3088,艾訊,38,9,29,富邦-竹東,2024-11-20,9625
4729,熒茂,27,0,27,富邦-竹東,2024-11-20,9625
3056,富華新,26,0,26,富邦-竹東,2024-11-20,9625
9904,寶成,26,2,24,富邦-竹東,2024-11-20,9625
6770,力積電,38,14,24,富邦-竹東,2024-11-20,9625
2409,友達,23,0,23,富邦-竹東,2024-11-20,9625
00937B,群益ESG投等債20,61,39,22,富邦-竹東,2024-11-20,9625
3231,緯創,30,8,22,富邦-竹東,2024-11-20,9625
2392,正崴,26,5,21,富邦-竹東,2024-11-20,9625
00631L,元大台灣50正2,21,0,21,富邦-竹東,2024-11-20,9625
8034,榮群,20,0,20,富邦-竹東,2024-11-20,9625
8401,白紗科,20,0,20,富邦-竹東,2024-11-20,9625
3019,亞光,30,11,19,富邦-竹東,2024-11-20,9625
00665L,富邦�琤肭磪囓�2,18,0,18,富邦-竹東,2024-11-20,9625
1514,亞力,20,3,17,富邦-竹東,2024-11-20,9625
6166,凌華,20,4,16,富邦-竹東,2024-11-20,9625
3167,大量,33,17,16,富邦-竹東,2024-11-20,9625
3706,神達,135,120,15,富邦-竹東,2024-11-20,9625
6156,松上,15,1,14,富邦-竹東,2024-11-20,9625
2356,英業達,48,34,14,富邦-竹東,2024-11-20,9625
6282,康舒,15,2,13,富邦-竹東,2024-11-20,9625
3552,同致,15,2,13,富邦-竹東,2024-11-20,9625
3450,聯鈞,24,11,13,富邦-竹東,2024-11-20,9625
006208,富邦台50,12,0,12,富邦-竹東,2024-11-20,9625
5530,龍巖,12,0,12,富邦-竹東,2024-11-20,9625
00959B,大華投等美債15Y+,12,0,12,富邦-竹東,2024-11-20,9625
6116,彩晶,12,0,12,富邦-竹東,2024-11-20,9625
3673,TPK-KY,11,0,11,富邦-竹東,2024-11-20,9625
2368,金像電,11,0,11,富邦-竹東,2024-11-20,9625
2641,正德,11,0,11,富邦-竹東,2024-11-20,9625
6191,精成科,10,0,10,富邦-竹東,2024-11-20,9625
9934,成霖,10,0,10,富邦-竹東,2024-11-20,9625
6425,易發,10,0,10,富邦-竹東,2024-11-20,9625
3360,尚立,10,0,10,富邦-竹東,2024-11-20,9625
2201,裕隆,11,1,10,富邦-竹東,2024-11-20,9625
2347,聯強,10,0,10,富邦-竹東,2024-11-20,9625
1734,杏輝,10,0,10,富邦-竹東,2024-11-20,9625
8011,台通,10,0,10,富邦-竹東,2024-11-20,9625
2330,台積電,10,0,10,富邦-竹東,2024-11-20,9625
00632R,元大台灣50反1,494,359,135,富邦-竹東,2024-11-21,9625
00878,國泰永續高股息,96,0,96,富邦-竹東,2024-11-21,9625
00919,群益台灣精選高息,78,0,78,富邦-竹東,2024-11-21,9625
2303,聯電,57,11,46,富邦-竹東,2024-11-21,9625
00943,兆豐電子高息等權,53,8,45,富邦-竹東,2024-11-21,9625
2349,錸德,71,29,42,富邦-竹東,2024-11-21,9625
2363,矽統,40,0,40,富邦-竹東,2024-11-21,9625
3290,東浦,47,11,36,富邦-竹東,2024-11-21,9625
6770,力積電,49,14,35,富邦-竹東,2024-11-21,9625
00665L,富邦�琤肭磪囓�2,50,20,30,富邦-竹東,2024-11-21,9625
5907,大洋-KY,30,0,30,富邦-竹東,2024-11-21,9625
2890,永豐金,29,0,29,富邦-竹東,2024-11-21,9625
00930,永豐ESG低碳高息,43,14,29,富邦-竹東,2024-11-21,9625
00922,國泰台灣領袖50,29,0,29,富邦-竹東,2024-11-21,9625
2457,飛宏,27,0,27,富邦-竹東,2024-11-21,9625
8104,錸寶,49,23,26,富邦-竹東,2024-11-21,9625
1301,台塑,29,5,24,富邦-竹東,2024-11-21,9625
2317,鴻海,29,6,23,富邦-竹東,2024-11-21,9625
2834,臺企銀,19,0,19,富邦-竹東,2024-11-21,9625
0056,元大高股息,28,10,18,富邦-竹東,2024-11-21,9625
2330,台積電,18,1,17,富邦-竹東,2024-11-21,9625
8047,星雲,19,3,16,富邦-竹東,2024-11-21,9625
0050,元大台灣50,15,0,15,富邦-竹東,2024-11-21,9625
00909,國泰數位支付服務,14,1,13,富邦-竹東,2024-11-21,9625
2204,中華,85,73,12,富邦-竹東,2024-11-21,9625
006208,富邦台50,19,7,12,富邦-竹東,2024-11-21,9625
2881,富邦金,12,0,12,富邦-竹東,2024-11-21,9625
3447,展達,11,0,11,富邦-竹東,2024-11-21,9625
3490,單井,11,0,11,富邦-竹東,2024-11-21,9625
3481,群創,11,0,11,富邦-竹東,2024-11-21,9625
00948B,中信優息投資級債,10,0,10,富邦-竹東,2024-11-21,9625
00959B,大華投等美債15Y+,10,0,10,富邦-竹東,2024-11-21,9625
5202,力新,10,0,10,富邦-竹東,2024-11-21,9625
5522,遠雄,10,0,10,富邦-竹東,2024-11-21,9625
3013,晟銘電,11,2,9,富邦-竹東,2024-11-21,9625
00713,元大台灣高息低波,8,0,8,富邦-竹東,2024-11-21,9625
2313,華通,11,3,8,富邦-竹東,2024-11-21,9625
3088,艾訊,8,0,8,富邦-竹東,2024-11-21,9625
1103,嘉泥,8,0,8,富邦-竹東,2024-11-21,9625
2481,強茂,8,0,8,富邦-竹東,2024-11-21,9625
00918,大華優利高填息30,7,0,7,富邦-竹東,2024-11-21,9625
1565,精華,7,0,7,富邦-竹東,2024-11-21,9625
2633,台灣高鐵,7,0,7,富邦-竹東,2024-11-21,9625
2371,大同,11,4,7,富邦-竹東,2024-11-21,9625
00631L,元大台灣50正2,7,0,7,富邦-竹東,2024-11-21,9625
6207,雷科,8,2,6,富邦-竹東,2024-11-21,9625
2347,聯強,6,0,6,富邦-竹東,2024-11-21,9625
2611,志信,6,0,6,富邦-竹東,2024-11-21,9625
5488,松普,6,0,6,富邦-竹東,2024-11-21,9625
6792,詠業,6,0,6,富邦-竹東,2024-11-21,9625
00636,國泰中國A50,100,8,92,富邦-竹東,2024-11-22,9625
00953B,群益優選非投等債,52,0,52,富邦-竹東,2024-11-22,9625
9105,泰金寶-DR,116,65,51,富邦-竹東,2024-11-22,9625
00915,凱基優選高股息30,41,0,41,富邦-竹東,2024-11-22,9625
2324,仁寶,40,0,40,富邦-竹東,2024-11-22,9625
00948B,中信優息投資級債,40,0,40,富邦-竹東,2024-11-22,9625
00688L,國泰20年美債正2,40,0,40,富邦-竹東,2024-11-22,9625
3290,東浦,43,4,39,富邦-竹東,2024-11-22,9625
00637L,元大滬深300正2,63,31,32,富邦-竹東,2024-11-22,9625
00930,永豐ESG低碳高息,32,0,32,富邦-竹東,2024-11-22,9625
2867,三商壽,31,0,31,富邦-竹東,2024-11-22,9625
00712,復華富時不動產,29,0,29,富邦-竹東,2024-11-22,9625
2317,鴻海,35,7,28,富邦-竹東,2024-11-22,9625
8358,金居,44,17,27,富邦-竹東,2024-11-22,9625
2882,國泰金,25,0,25,富邦-竹東,2024-11-22,9625
6143,振曜,30,8,22,富邦-竹東,2024-11-22,9625
1721,三晃,22,0,22,富邦-竹東,2024-11-22,9625
00680L,元大美債20正2,23,1,22,富邦-竹東,2024-11-22,9625
00858,永豐美國500大,21,0,21,富邦-竹東,2024-11-22,9625
6213,聯茂,26,5,21,富邦-竹東,2024-11-22,9625
6288,聯嘉,35,14,21,富邦-竹東,2024-11-22,9625
2547,日勝生,20,0,20,富邦-竹東,2024-11-22,9625
00655L,國泰中國A50正2,20,0,20,富邦-竹東,2024-11-22,9625
2367,燿華,26,8,18,富邦-竹東,2024-11-22,9625
5426,振發,20,2,18,富邦-竹東,2024-11-22,9625
2349,錸德,20,3,17,富邦-竹東,2024-11-22,9625
3088,艾訊,18,2,16,富邦-竹東,2024-11-22,9625
6274,台燿,15,0,15,富邦-竹東,2024-11-22,9625
00633L,富邦上証正2,15,0,15,富邦-竹東,2024-11-22,9625
1513,中興電,16,1,15,富邦-竹東,2024-11-22,9625
2609,陽明,43,29,14,富邦-竹東,2024-11-22,9625
1795,美時,15,1,14,富邦-竹東,2024-11-22,9625
0056,元大高股息,18,5,13,富邦-竹東,2024-11-22,9625
2615,萬海,16,4,12,富邦-竹東,2024-11-22,9625
4729,熒茂,28,16,12,富邦-竹東,2024-11-22,9625
5452,佶優,12,0,12,富邦-竹東,2024-11-22,9625
1524,耿鼎,16,4,12,富邦-竹東,2024-11-22,9625
2486,一詮,15,5,10,富邦-竹東,2024-11-22,9625
5309,系統電,31,21,10,富邦-竹東,2024-11-22,9625
1449,佳和,23,13,10,富邦-竹東,2024-11-22,9625
1310,台苯,10,0,10,富邦-竹東,2024-11-22,9625
6176,瑞儀,10,0,10,富邦-竹東,2024-11-22,9625
00937B,群益ESG投等債20,24,14,10,富邦-竹東,2024-11-22,9625
2104,國際中橡,10,0,10,富邦-竹東,2024-11-22,9625
2457,飛宏,10,0,10,富邦-竹東,2024-11-22,9625
3019,亞光,18,8,10,富邦-竹東,2024-11-22,9625
3047,訊舟,9,0,9,富邦-竹東,2024-11-22,9625
2303,聯電,19,11,8,富邦-竹東,2024-11-22,9625
2471,資通,8,0,8,富邦-竹東,2024-11-22,9625
3694,海華,8,0,8,富邦-竹東,2024-11-22,9625
00919,群益台灣精選高息,110,8,102,富邦-竹東,2024-11-25,9625
00636,國泰中國A50,100,3,97,富邦-竹東,2024-11-25,9625
2618,長榮航,84,4,80,富邦-竹東,2024-11-25,9625
00953B,群益優選非投等債,78,0,78,富邦-竹東,2024-11-25,9625
8070,長華*,69,1,68,富邦-竹東,2024-11-25,9625
9105,泰金寶-DR,93,45,48,富邦-竹東,2024-11-25,9625
1815,富喬,120,75,45,富邦-竹東,2024-11-25,9625
00930,永豐ESG低碳高息,40,2,38,富邦-竹東,2024-11-25,9625
2609,陽明,62,30,32,富邦-竹東,2024-11-25,9625
2303,聯電,56,24,32,富邦-竹東,2024-11-25,9625
2331,精英,31,0,31,富邦-竹東,2024-11-25,9625
2539,櫻花建,30,0,30,富邦-竹東,2024-11-25,9625
1802,台玻,37,8,29,富邦-竹東,2024-11-25,9625
00753L,中信中國50正2,23,0,23,富邦-竹東,2024-11-25,9625
2603,長榮,36,14,22,富邦-竹東,2024-11-25,9625
2646,星宇航空,22,1,21,富邦-竹東,2024-11-25,9625
2442,新美齊,30,10,20,富邦-竹東,2024-11-25,9625
2356,英業達,32,12,20,富邦-竹東,2024-11-25,9625
00878,國泰永續高股息,39,21,18,富邦-竹東,2024-11-25,9625
4931,新盛力,18,1,17,富邦-竹東,2024-11-25,9625
6213,聯茂,25,9,16,富邦-竹東,2024-11-25,9625
2371,大同,33,18,15,富邦-竹東,2024-11-25,9625
1446,宏和,17,2,15,富邦-竹東,2024-11-25,9625
3374,精材,16,1,15,富邦-竹東,2024-11-25,9625
2615,萬海,31,17,14,富邦-竹東,2024-11-25,9625
2105,正新,21,7,14,富邦-竹東,2024-11-25,9625
2834,臺企銀,13,0,13,富邦-竹東,2024-11-25,9625
00637L,元大滬深300正2,75,63,12,富邦-竹東,2024-11-25,9625
2472,立隆電,12,0,12,富邦-竹東,2024-11-25,9625
3114,好德,11,0,11,富邦-竹東,2024-11-25,9625
2354,鴻準,123,112,11,富邦-竹東,2024-11-25,9625
5469,瀚宇博,10,0,10,富邦-竹東,2024-11-25,9625
00940,元大台灣價值高息,14,4,10,富邦-竹東,2024-11-25,9625
1402,遠東新,10,0,10,富邦-竹東,2024-11-25,9625
1584,精剛,10,0,10,富邦-竹東,2024-11-25,9625
6191,精成科,10,0,10,富邦-竹東,2024-11-25,9625
2891,中信金,14,4,10,富邦-竹東,2024-11-25,9625
3062,建漢,10,0,10,富邦-竹東,2024-11-25,9625
8097,常珵,10,0,10,富邦-竹東,2024-11-25,9625
6821,聯寶,10,0,10,富邦-竹東,2024-11-25,9625
00945B,凱基美國非投等債,10,0,10,富邦-竹東,2024-11-25,9625
1723,中碳,10,0,10,富邦-竹東,2024-11-25,9625
1101,台泥,20,11,9,富邦-竹東,2024-11-25,9625
2363,矽統,11,2,9,富邦-竹東,2024-11-25,9625
2915,潤泰全,10,1,9,富邦-竹東,2024-11-25,9625
3234,光環,9,0,9,富邦-竹東,2024-11-25,9625
5531,鄉林,10,2,8,富邦-竹東,2024-11-25,9625
00901,永豐智能車供應鏈,8,0,8,富邦-竹東,2024-11-25,9625
00895,富邦未來車,10,2,8,富邦-竹東,2024-11-25,9625
3013,晟銘電,12,5,7,富邦-竹東,2024-11-25,9625
2317,鴻海,98,7,91,富邦-竹東,2024-11-26,9625
00918,大華優利高填息30,91,2,89,富邦-竹東,2024-11-26,9625
2426,鼎元,89,16,73,富邦-竹東,2024-11-26,9625
2312,金寶,97,36,61,富邦-竹東,2024-11-26,9625
2834,臺企銀,41,0,41,富邦-竹東,2024-11-26,9625
00753L,中信中國50正2,40,0,40,富邦-竹東,2024-11-26,9625
00930,永豐ESG低碳高息,38,0,38,富邦-竹東,2024-11-26,9625
00878,國泰永續高股息,66,34,32,富邦-竹東,2024-11-26,9625
9105,泰金寶-DR,31,0,31,富邦-竹東,2024-11-26,9625
3231,緯創,37,7,30,富邦-竹東,2024-11-26,9625
00940,元大台灣價值高息,30,0,30,富邦-竹東,2024-11-26,9625
2634,漢翔,37,7,30,富邦-竹東,2024-11-26,9625
2615,萬海,24,0,24,富邦-竹東,2024-11-26,9625
00919,群益台灣精選高息,35,13,22,富邦-竹東,2024-11-26,9625
4931,新盛力,28,6,22,富邦-竹東,2024-11-26,9625
1524,耿鼎,44,22,22,富邦-竹東,2024-11-26,9625
2392,正崴,52,31,21,富邦-竹東,2024-11-26,9625
00715L,期街口布蘭特正2,20,1,19,富邦-竹東,2024-11-26,9625
00965,元大航太防衛科技,27,10,17,富邦-竹東,2024-11-26,9625
2330,台積電,18,2,16,富邦-竹東,2024-11-26,9625
4157,太景*-KY,15,0,15,富邦-竹東,2024-11-26,9625
00655L,國泰中國A50正2,15,0,15,富邦-竹東,2024-11-26,9625
2890,永豐金,15,1,14,富邦-竹東,2024-11-26,9625
1101,台泥,23,10,13,富邦-竹東,2024-11-26,9625
00637L,元大滬深300正2,22,9,13,富邦-竹東,2024-11-26,9625
2070,精湛,14,1,13,富邦-竹東,2024-11-26,9625
8171,天宇,18,6,12,富邦-竹東,2024-11-26,9625
6213,聯茂,17,5,12,富邦-竹東,2024-11-26,9625
3363,上詮,42,30,12,富邦-竹東,2024-11-26,9625
3024,憶聲,11,0,11,富邦-竹東,2024-11-26,9625
2365,昆盈,24,13,11,富邦-竹東,2024-11-26,9625
8028,昇陽半導體,16,5,11,富邦-竹東,2024-11-26,9625
3323,加百裕,177,166,11,富邦-竹東,2024-11-26,9625
00675L,富邦臺灣加權正2,10,0,10,富邦-竹東,2024-11-26,9625
3090,日電貿,10,0,10,富邦-竹東,2024-11-26,9625
4956,光鋐,13,3,10,富邦-竹東,2024-11-26,9625
8121,越峰,10,0,10,富邦-竹東,2024-11-26,9625
3005,神基,10,0,10,富邦-竹東,2024-11-26,9625
6405,悅城,11,1,10,富邦-竹東,2024-11-26,9625
3081,聯亞,10,0,10,富邦-竹東,2024-11-26,9625
00951,台新日本半導體,10,0,10,富邦-竹東,2024-11-26,9625
5530,龍巖,10,0,10,富邦-竹東,2024-11-26,9625
2915,潤泰全,10,0,10,富邦-竹東,2024-11-26,9625
2449,京元電子,9,0,9,富邦-竹東,2024-11-26,9625
6830,汎銓,10,1,9,富邦-竹東,2024-11-26,9625
2495,普安,11,2,9,富邦-竹東,2024-11-26,9625
3338,泰碩,12,3,9,富邦-竹東,2024-11-26,9625
4977,眾達-KY,8,0,8,富邦-竹東,2024-11-26,9625
00881,國泰台灣5G+,15,7,8,富邦-竹東,2024-11-26,9625
3088,艾訊,10,2,8,富邦-竹東,2024-11-26,9625
00919,群益台灣精選高息,321,16,305,富邦-竹東,2024-11-27,9625
00878,國泰永續高股息,236,9,227,富邦-竹東,2024-11-27,9625
6770,力積電,190,45,145,富邦-竹東,2024-11-27,9625
00636,國泰中國A50,100,0,100,富邦-竹東,2024-11-27,9625
3231,緯創,81,8,73,富邦-竹東,2024-11-27,9625
00929,復華台灣科技優息,83,19,64,富邦-竹東,2024-11-27,9625
00940,元大台灣價值高息,66,2,64,富邦-竹東,2024-11-27,9625
00918,大華優利高填息30,63,0,63,富邦-竹東,2024-11-27,9625
9105,泰金寶-DR,60,3,57,富邦-竹東,2024-11-27,9625
2317,鴻海,74,19,55,富邦-竹東,2024-11-27,9625
00930,永豐ESG低碳高息,48,4,44,富邦-竹東,2024-11-27,9625
2609,陽明,109,66,43,富邦-竹東,2024-11-27,9625
2615,萬海,58,17,41,富邦-竹東,2024-11-27,9625
2344,華邦電,40,4,36,富邦-竹東,2024-11-27,9625
2605,新興,46,12,34,富邦-竹東,2024-11-27,9625
00950B,凱基A級公司債,30,0,30,富邦-竹東,2024-11-27,9625
2330,台積電,30,1,29,富邦-竹東,2024-11-27,9625
2061,風青,26,0,26,富邦-竹東,2024-11-27,9625
2382,廣達,26,2,24,富邦-竹東,2024-11-27,9625
8032,光菱,25,2,23,富邦-竹東,2024-11-27,9625
006208,富邦台50,24,2,22,富邦-竹東,2024-11-27,9625
2303,聯電,75,53,22,富邦-竹東,2024-11-27,9625
00932,兆豐永續高息等權,22,0,22,富邦-竹東,2024-11-27,9625
2349,錸德,22,1,21,富邦-竹東,2024-11-27,9625
00922,國泰台灣領袖50,26,5,21,富邦-竹東,2024-11-27,9625
8104,錸寶,31,12,19,富邦-竹東,2024-11-27,9625
4931,新盛力,25,6,19,富邦-竹東,2024-11-27,9625
3162,精確,26,7,19,富邦-竹東,2024-11-27,9625
3323,加百裕,31,12,19,富邦-竹東,2024-11-27,9625
8033,雷虎,19,1,18,富邦-竹東,2024-11-27,9625
3363,上詮,35,18,17,富邦-竹東,2024-11-27,9625
6830,汎銓,17,0,17,富邦-竹東,2024-11-27,9625
2371,大同,28,11,17,富邦-竹東,2024-11-27,9625
2637,慧洋-KY,18,1,17,富邦-竹東,2024-11-27,9625
2392,正崴,64,47,17,富邦-竹東,2024-11-27,9625
6405,悅城,16,0,16,富邦-竹東,2024-11-27,9625
2014,中鴻,16,0,16,富邦-竹東,2024-11-27,9625
8070,長華*,38,22,16,富邦-竹東,2024-11-27,9625
00905,FT臺灣Smart,16,0,16,富邦-竹東,2024-11-27,9625
3037,欣興,16,0,16,富邦-竹東,2024-11-27,9625
00881,國泰台灣5G+,15,0,15,富邦-竹東,2024-11-27,9625
3189,景碩,15,0,15,富邦-竹東,2024-11-27,9625
2204,中華,36,21,15,富邦-竹東,2024-11-27,9625
00915,凱基優選高股息30,13,0,13,富邦-竹東,2024-11-27,9625
2426,鼎元,29,16,13,富邦-竹東,2024-11-27,9625
1711,永光,13,0,13,富邦-竹東,2024-11-27,9625
8121,越峰,13,0,13,富邦-竹東,2024-11-27,9625
0050,元大台灣50,13,1,12,富邦-竹東,2024-11-27,9625
6505,台塑化,11,0,11,富邦-竹東,2024-11-27,9625
2301,光寶科,11,0,11,富邦-竹東,2024-11-27,9625
00878,國泰永續高股息,162,27,135,富邦-竹東,2024-11-28,9625
00715L,期街口布蘭特正2,110,0,110,富邦-竹東,2024-11-28,9625
2312,金寶,143,42,101,富邦-竹東,2024-11-28,9625
00929,復華台灣科技優息,157,68,89,富邦-竹東,2024-11-28,9625
00919,群益台灣精選高息,117,44,73,富邦-竹東,2024-11-28,9625
00940,元大台灣價值高息,68,4,64,富邦-竹東,2024-11-28,9625
00946,群益科技高息成長,53,0,53,富邦-竹東,2024-11-28,9625
1714,和桐,40,0,40,富邦-竹東,2024-11-28,9625
9105,泰金寶-DR,39,1,38,富邦-竹東,2024-11-28,9625
0056,元大高股息,48,10,38,富邦-竹東,2024-11-28,9625
00922,國泰台灣領袖50,28,0,28,富邦-竹東,2024-11-28,9625
00891,中信關鍵半導體,27,0,27,富邦-竹東,2024-11-28,9625
00918,大華優利高填息30,25,0,25,富邦-竹東,2024-11-28,9625
2332,友訊,34,9,25,富邦-竹東,2024-11-28,9625
2834,臺企銀,28,4,24,富邦-竹東,2024-11-28,9625
5309,系統電,57,34,23,富邦-竹東,2024-11-28,9625
1605,華新,22,0,22,富邦-竹東,2024-11-28,9625
8401,白紗科,20,0,20,富邦-竹東,2024-11-28,9625
2367,燿華,22,2,20,富邦-竹東,2024-11-28,9625
00935,野村臺灣新科技50,17,0,17,富邦-竹東,2024-11-28,9625
8112,至上,17,0,17,富邦-竹東,2024-11-28,9625
4510,高鋒,104,88,16,富邦-竹東,2024-11-28,9625
1536,和大,22,6,16,富邦-竹東,2024-11-28,9625
6962,ITH-KY,21,5,16,富邦-竹東,2024-11-28,9625
2354,鴻準,52,37,15,富邦-竹東,2024-11-28,9625
00915,凱基優選高股息30,42,28,14,富邦-竹東,2024-11-28,9625
00930,永豐ESG低碳高息,14,0,14,富邦-竹東,2024-11-28,9625
00961,FT臺灣永續高息,14,0,14,富邦-竹東,2024-11-28,9625
006208,富邦台50,14,0,14,富邦-竹東,2024-11-28,9625
1513,中興電,13,0,13,富邦-竹東,2024-11-28,9625
00655L,國泰中國A50正2,13,0,13,富邦-竹東,2024-11-28,9625
3711,日月光投控,12,0,12,富邦-竹東,2024-11-28,9625
2891,中信金,12,0,12,富邦-竹東,2024-11-28,9625
2883,凱基金,67,55,12,富邦-竹東,2024-11-28,9625
8032,光菱,12,0,12,富邦-竹東,2024-11-28,9625
3450,聯鈞,18,6,12,富邦-竹東,2024-11-28,9625
00900,富邦特選高股息30,11,0,11,富邦-竹東,2024-11-28,9625
2882,國泰金,12,1,11,富邦-竹東,2024-11-28,9625
3037,欣興,15,4,11,富邦-竹東,2024-11-28,9625
00631L,元大台灣50正2,12,2,10,富邦-竹東,2024-11-28,9625
00921,兆豐龍頭等權重,10,0,10,富邦-竹東,2024-11-28,9625
1809,中釉,10,0,10,富邦-竹東,2024-11-28,9625
1402,遠東新,10,0,10,富邦-竹東,2024-11-28,9625
5299,杰力,10,0,10,富邦-竹東,2024-11-28,9625
3702,大聯大,10,0,10,富邦-竹東,2024-11-28,9625
4991,環宇-KY,15,5,10,富邦-竹東,2024-11-28,9625
00959B,大華投等美債15Y+,10,0,10,富邦-竹東,2024-11-28,9625
2301,光寶科,13,3,10,富邦-竹東,2024-11-28,9625
3591,艾笛森,16,6,10,富邦-竹東,2024-11-28,9625
6425,易發,10,0,10,富邦-竹東,2024-11-28,9625
00919,群益台灣精選高息,262,8,254,富邦-竹東,2024-11-29,9625
00953B,群益優選非投等債,55,0,55,富邦-竹東,2024-11-29,9625
0056,元大高股息,41,5,36,富邦-竹東,2024-11-29,9625
00950B,凱基A級公司債,35,0,35,富邦-竹東,2024-11-29,9625
9105,泰金寶-DR,57,24,33,富邦-竹東,2024-11-29,9625
2317,鴻海,34,5,29,富邦-竹東,2024-11-29,9625
3706,神達,81,56,25,富邦-竹東,2024-11-29,9625
00922,國泰台灣領袖50,23,1,22,富邦-竹東,2024-11-29,9625
2615,萬海,23,1,22,富邦-竹東,2024-11-29,9625
2354,鴻準,113,96,17,富邦-竹東,2024-11-29,9625
2603,長榮,26,10,16,富邦-竹東,2024-11-29,9625
2002,中鋼,15,0,15,富邦-竹東,2024-11-29,9625
2330,台積電,16,1,15,富邦-竹東,2024-11-29,9625
1301,台塑,25,10,15,富邦-竹東,2024-11-29,9625
00687B,國泰20年美債,20,6,14,富邦-竹東,2024-11-29,9625
1524,耿鼎,15,1,14,富邦-竹東,2024-11-29,9625
2881,富邦金,14,0,14,富邦-竹東,2024-11-29,9625
2548,華固,13,0,13,富邦-竹東,2024-11-29,9625
2356,英業達,19,7,12,富邦-竹東,2024-11-29,9625
2376,技嘉,12,0,12,富邦-竹東,2024-11-29,9625
2637,慧洋-KY,13,1,12,富邦-竹東,2024-11-29,9625
6757,台灣虎航,12,1,11,富邦-竹東,2024-11-29,9625
3576,聯合再生,10,0,10,富邦-竹東,2024-11-29,9625
2408,南亞科,15,5,10,富邦-竹東,2024-11-29,9625
8034,榮群,10,0,10,富邦-竹東,2024-11-29,9625
2939,永邑-KY,10,0,10,富邦-竹東,2024-11-29,9625
6806,森崴能源,10,0,10,富邦-竹東,2024-11-29,9625
2324,仁寶,36,26,10,富邦-竹東,2024-11-29,9625
00887,永豐中國科技50大,10,0,10,富邦-竹東,2024-11-29,9625
3511,矽瑪,10,0,10,富邦-竹東,2024-11-29,9625
2633,台灣高鐵,10,0,10,富邦-竹東,2024-11-29,9625
2884,玉山金,9,0,9,富邦-竹東,2024-11-29,9625
00930,永豐ESG低碳高息,9,0,9,富邦-竹東,2024-11-29,9625
6530,創威,10,1,9,富邦-竹東,2024-11-29,9625
9904,寶成,10,1,9,富邦-竹東,2024-11-29,9625
6288,聯嘉,9,0,9,富邦-竹東,2024-11-29,9625
00722B,群益投資級電信債,9,0,9,富邦-竹東,2024-11-29,9625
2834,臺企銀,8,0,8,富邦-竹東,2024-11-29,9625
3043,科風,9,1,8,富邦-竹東,2024-11-29,9625
2344,華邦電,9,1,8,富邦-竹東,2024-11-29,9625
00915,凱基優選高股息30,8,1,7,富邦-竹東,2024-11-29,9625
6139,亞翔,7,0,7,富邦-竹東,2024-11-29,9625
5351,鈺創,8,1,7,富邦-竹東,2024-11-29,9625
3037,欣興,9,2,7,富邦-竹東,2024-11-29,9625
2883,凱基金,7,1,6,富邦-竹東,2024-11-29,9625
2646,星宇航空,6,0,6,富邦-竹東,2024-11-29,9625
1529,樂事綠能,6,0,6,富邦-竹東,2024-11-29,9625
2545,皇翔,6,0,6,富邦-竹東,2024-11-29,9625
2542,興富發,11,5,6,富邦-竹東,2024-11-29,9625
5880,合庫金,6,0,6,富邦-竹東,2024-11-29,9625
00715L,期街口布蘭特正2,312,1,311,富邦-竹東,2024-12-02,9625
00687B,國泰20年美債,232,8,224,富邦-竹東,2024-12-02,9625
00887,永豐中國科技50大,200,3,197,富邦-竹東,2024-12-02,9625
00712,復華富時不動產,119,4,115,富邦-竹東,2024-12-02,9625
2312,金寶,152,49,103,富邦-竹東,2024-12-02,9625
2303,聯電,191,109,82,富邦-竹東,2024-12-02,9625
00795B,中信美國公債20年,52,0,52,富邦-竹東,2024-12-02,9625
2646,星宇航空,50,0,50,富邦-竹東,2024-12-02,9625
5328,華容,41,1,40,富邦-竹東,2024-12-02,9625
00632R,元大台灣50反1,40,0,40,富邦-竹東,2024-12-02,9625
8429,金麗-KY,40,2,38,富邦-竹東,2024-12-02,9625
8401,白紗科,32,0,32,富邦-竹東,2024-12-02,9625
1815,富喬,53,24,29,富邦-竹東,2024-12-02,9625
0056,元大高股息,29,0,29,富邦-竹東,2024-12-02,9625
00637L,元大滬深300正2,43,15,28,富邦-竹東,2024-12-02,9625
5309,系統電,48,23,25,富邦-竹東,2024-12-02,9625
2317,鴻海,46,25,21,富邦-竹東,2024-12-02,9625
8929,富堡,23,3,20,富邦-竹東,2024-12-02,9625
1795,美時,21,2,19,富邦-竹東,2024-12-02,9625
5351,鈺創,20,1,19,富邦-竹東,2024-12-02,9625
6005,群益證,20,2,18,富邦-竹東,2024-12-02,9625
2392,正崴,26,9,17,富邦-竹東,2024-12-02,9625
00713,元大台灣高息低波,17,0,17,富邦-竹東,2024-12-02,9625
3265,台星科,15,0,15,富邦-竹東,2024-12-02,9625
4123,晟德,15,0,15,富邦-竹東,2024-12-02,9625
5009,榮剛,15,1,14,富邦-竹東,2024-12-02,9625
8033,雷虎,14,1,13,富邦-竹東,2024-12-02,9625
1605,華新,12,0,12,富邦-竹東,2024-12-02,9625
2027,大成鋼,12,0,12,富邦-竹東,2024-12-02,9625
5388,中磊,12,0,12,富邦-竹東,2024-12-02,9625
3450,聯鈞,15,4,11,富邦-竹東,2024-12-02,9625
2354,鴻準,53,42,11,富邦-竹東,2024-12-02,9625
8064,東捷,17,6,11,富邦-竹東,2024-12-02,9625
00909,國泰數位支付服務,11,0,11,富邦-竹東,2024-12-02,9625
00918,大華優利高填息30,19,8,11,富邦-竹東,2024-12-02,9625
3211,順達,38,27,11,富邦-竹東,2024-12-02,9625
00882,中信中國高股息,20,10,10,富邦-竹東,2024-12-02,9625
00664R,國泰臺灣加權反1,10,0,10,富邦-竹東,2024-12-02,9625
00924,復華S＆P500成長,10,0,10,富邦-竹東,2024-12-02,9625
2615,萬海,14,4,10,富邦-竹東,2024-12-02,9625
5907,大洋-KY,13,3,10,富邦-竹東,2024-12-02,9625
00700,富邦�琤肭磪�,10,0,10,富邦-竹東,2024-12-02,9625
3625,西勝,12,2,10,富邦-竹東,2024-12-02,9625
2495,普安,10,1,9,富邦-竹東,2024-12-02,9625
3230,錦明,13,4,9,富邦-竹東,2024-12-02,9625
00878,國泰永續高股息,48,40,8,富邦-竹東,2024-12-02,9625
2882,國泰金,10,2,8,富邦-竹東,2024-12-02,9625
3037,欣興,11,3,8,富邦-竹東,2024-12-02,9625
2444,兆勁,8,0,8,富邦-竹東,2024-12-02,9625
8104,錸寶,9,1,8,富邦-竹東,2024-12-02,9625
00671R,富邦NASDAQ反1,511,0,511,富邦-竹東,2024-12-03,9625
00919,群益台灣精選高息,457,67,390,富邦-竹東,2024-12-03,9625
2801,彰銀,300,34,266,富邦-竹東,2024-12-03,9625
00715L,期街口布蘭特正2,205,0,205,富邦-竹東,2024-12-03,9625
00713,元大台灣高息低波,79,13,66,富邦-竹東,2024-12-03,9625
5353,台林,55,0,55,富邦-竹東,2024-12-03,9625
00918,大華優利高填息30,47,1,46,富邦-竹東,2024-12-03,9625
00632R,元大台灣50反1,45,0,45,富邦-竹東,2024-12-03,9625
4909,新復興,48,18,30,富邦-竹東,2024-12-03,9625
0056,元大高股息,46,16,30,富邦-竹東,2024-12-03,9625
2431,聯昌,30,2,28,富邦-竹東,2024-12-03,9625
2646,星宇航空,37,10,27,富邦-竹東,2024-12-03,9625
3265,台星科,22,1,21,富邦-竹東,2024-12-03,9625
00932,兆豐永續高息等權,20,0,20,富邦-竹東,2024-12-03,9625
2444,兆勁,20,0,20,富邦-竹東,2024-12-03,9625
00909,國泰數位支付服務,20,0,20,富邦-竹東,2024-12-03,9625
2887,台新金,20,0,20,富邦-竹東,2024-12-03,9625
1524,耿鼎,21,6,15,富邦-竹東,2024-12-03,9625
00946,群益科技高息成長,15,0,15,富邦-竹東,2024-12-03,9625
00915,凱基優選高股息30,16,1,15,富邦-竹東,2024-12-03,9625
6695,芯鼎,20,6,14,富邦-竹東,2024-12-03,9625
4991,環宇-KY,16,3,13,富邦-竹東,2024-12-03,9625
1540,喬福,15,3,12,富邦-竹東,2024-12-03,9625
6530,創威,25,14,11,富邦-竹東,2024-12-03,9625
4907,富宇,11,0,11,富邦-竹東,2024-12-03,9625
2615,萬海,17,6,11,富邦-竹東,2024-12-03,9625
2363,矽統,13,2,11,富邦-竹東,2024-12-03,9625
8028,昇陽半導體,46,36,10,富邦-竹東,2024-12-03,9625
3511,矽瑪,10,0,10,富邦-竹東,2024-12-03,9625
3092,鴻碩,10,0,10,富邦-竹東,2024-12-03,9625
2349,錸德,10,0,10,富邦-竹東,2024-12-03,9625
1402,遠東新,10,0,10,富邦-竹東,2024-12-03,9625
00959B,大華投等美債15Y+,10,0,10,富邦-竹東,2024-12-03,9625
4303,信立,23,13,10,富邦-竹東,2024-12-03,9625
3021,鴻名,10,0,10,富邦-竹東,2024-12-03,9625
1815,富喬,75,65,10,富邦-竹東,2024-12-03,9625
3338,泰碩,19,9,10,富邦-竹東,2024-12-03,9625
1464,得力,10,1,9,富邦-竹東,2024-12-03,9625
8289,泰藝,9,0,9,富邦-竹東,2024-12-03,9625
1605,華新,11,2,9,富邦-竹東,2024-12-03,9625
3294,英濟,9,0,9,富邦-竹東,2024-12-03,9625
2204,中華,18,10,8,富邦-竹東,2024-12-03,9625
5244,弘凱,8,0,8,富邦-竹東,2024-12-03,9625
2421,建準,12,4,8,富邦-竹東,2024-12-03,9625
2344,華邦電,11,4,7,富邦-竹東,2024-12-03,9625
6588,東典光電,7,0,7,富邦-竹東,2024-12-03,9625
3043,科風,10,3,7,富邦-竹東,2024-12-03,9625
5443,均豪,7,0,7,富邦-竹東,2024-12-03,9625
3045,台灣大,7,0,7,富邦-竹東,2024-12-03,9625
3044,健鼎,7,0,7,富邦-竹東,2024-12-03,9625
00919,群益台灣精選高息,377,106,271,富邦-竹東,2024-12-04,9625
00940,元大台灣價值高息,205,34,171,富邦-竹東,2024-12-04,9625
00918,大華優利高填息30,70,1,69,富邦-竹東,2024-12-04,9625
00915,凱基優選高股息30,56,0,56,富邦-竹東,2024-12-04,9625
2408,南亞科,54,5,49,富邦-竹東,2024-12-04,9625
00937B,群益ESG投等債20,91,42,49,富邦-竹東,2024-12-04,9625
2618,長榮航,62,22,40,富邦-竹東,2024-12-04,9625
00878,國泰永續高股息,58,20,38,富邦-竹東,2024-12-04,9625
2883,凱基金,39,2,37,富邦-竹東,2024-12-04,9625
2312,金寶,55,19,36,富邦-竹東,2024-12-04,9625
2301,光寶科,36,2,34,富邦-竹東,2024-12-04,9625
00713,元大台灣高息低波,46,13,33,富邦-竹東,2024-12-04,9625
00637L,元大滬深300正2,43,17,26,富邦-竹東,2024-12-04,9625
2488,漢平,25,0,25,富邦-竹東,2024-12-04,9625
6191,精成科,25,0,25,富邦-竹東,2024-12-04,9625
3706,神達,70,45,25,富邦-竹東,2024-12-04,9625
3694,海華,29,5,24,富邦-竹東,2024-12-04,9625
2646,星宇航空,22,1,21,富邦-竹東,2024-12-04,9625
9945,潤泰新,20,0,20,富邦-竹東,2024-12-04,9625
00655L,國泰中國A50正2,20,0,20,富邦-竹東,2024-12-04,9625
00926,凱基全球菁英55,20,0,20,富邦-竹東,2024-12-04,9625
4903,聯光通,93,73,20,富邦-竹東,2024-12-04,9625
1714,和桐,20,0,20,富邦-竹東,2024-12-04,9625
00950B,凱基A級公司債,18,0,18,富邦-竹東,2024-12-04,9625
3049,精金,15,0,15,富邦-竹東,2024-12-04,9625
2606,裕民,16,1,15,富邦-竹東,2024-12-04,9625
2406,國碩,15,0,15,富邦-竹東,2024-12-04,9625
2474,可成,17,2,15,富邦-竹東,2024-12-04,9625
00725B,國泰投資級公司債,14,0,14,富邦-竹東,2024-12-04,9625
00900,富邦特選高股息30,30,16,14,富邦-竹東,2024-12-04,9625
2349,錸德,20,7,13,富邦-竹東,2024-12-04,9625
2486,一詮,163,150,13,富邦-竹東,2024-12-04,9625
1101,台泥,15,2,13,富邦-竹東,2024-12-04,9625
8121,越峰,12,0,12,富邦-竹東,2024-12-04,9625
1802,台玻,14,3,11,富邦-竹東,2024-12-04,9625
3481,群創,16,5,11,富邦-竹東,2024-12-04,9625
1303,南亞,11,0,11,富邦-竹東,2024-12-04,9625
00679B,元大美債20年,45,34,11,富邦-竹東,2024-12-04,9625
2504,國產,11,0,11,富邦-竹東,2024-12-04,9625
2303,聯電,20,10,10,富邦-竹東,2024-12-04,9625
00673R,期元大S＆P原油反1,10,0,10,富邦-竹東,2024-12-04,9625
00687B,國泰20年美債,16,6,10,富邦-竹東,2024-12-04,9625
8163,達方,12,2,10,富邦-竹東,2024-12-04,9625
8011,台通,11,1,10,富邦-竹東,2024-12-04,9625
912000,晨訊科-DR,10,0,10,富邦-竹東,2024-12-04,9625
3040,遠見,10,0,10,富邦-竹東,2024-12-04,9625
6126,信音,10,0,10,富邦-竹東,2024-12-04,9625
6530,創威,45,35,10,富邦-竹東,2024-12-04,9625
2449,京元電子,13,4,9,富邦-竹東,2024-12-04,9625
2344,華邦電,27,18,9,富邦-竹東,2024-12-04,9625
00671R,富邦NASDAQ反1,85,5,80,富邦-竹東,2024-12-05,9625
1815,富喬,150,87,63,富邦-竹東,2024-12-05,9625
00953B,群益優選非投等債,50,0,50,富邦-竹東,2024-12-05,9625
5309,系統電,62,15,47,富邦-竹東,2024-12-05,9625
00918,大華優利高填息30,48,5,43,富邦-竹東,2024-12-05,9625
1326,台化,37,0,37,富邦-竹東,2024-12-05,9625
2317,鴻海,52,19,33,富邦-竹東,2024-12-05,9625
2615,萬海,36,5,31,富邦-竹東,2024-12-05,9625
00665L,富邦�琤肭磪囓�2,26,0,26,富邦-竹東,2024-12-05,9625
3450,聯鈞,47,22,25,富邦-竹東,2024-12-05,9625
8358,金居,27,2,25,富邦-竹東,2024-12-05,9625
6191,精成科,23,0,23,富邦-竹東,2024-12-05,9625
3323,加百裕,73,50,23,富邦-竹東,2024-12-05,9625
3211,順達,49,26,23,富邦-竹東,2024-12-05,9625
3625,西勝,32,11,21,富邦-竹東,2024-12-05,9625
00922,國泰台灣領袖50,20,1,19,富邦-竹東,2024-12-05,9625
3037,欣興,33,14,19,富邦-竹東,2024-12-05,9625
2609,陽明,23,7,16,富邦-竹東,2024-12-05,9625
5465,富驊,33,17,16,富邦-竹東,2024-12-05,9625
00909,國泰數位支付服務,19,3,16,富邦-竹東,2024-12-05,9625
2303,聯電,24,8,16,富邦-竹東,2024-12-05,9625
2545,皇翔,15,0,15,富邦-竹東,2024-12-05,9625
2426,鼎元,15,0,15,富邦-竹東,2024-12-05,9625
6558,興能高,25,10,15,富邦-竹東,2024-12-05,9625
2327,國巨,19,5,14,富邦-竹東,2024-12-05,9625
2436,偉詮電,18,4,14,富邦-竹東,2024-12-05,9625
3376,新日興,18,4,14,富邦-竹東,2024-12-05,9625
2324,仁寶,19,5,14,富邦-竹東,2024-12-05,9625
5328,華容,63,49,14,富邦-竹東,2024-12-05,9625
2888,新光金,20,7,13,富邦-竹東,2024-12-05,9625
2845,遠東銀,13,0,13,富邦-竹東,2024-12-05,9625
6166,凌華,13,0,13,富邦-竹東,2024-12-05,9625
4968,立積,14,1,13,富邦-竹東,2024-12-05,9625
8111,立��,19,6,13,富邦-竹東,2024-12-05,9625
00930,永豐ESG低碳高息,12,0,12,富邦-竹東,2024-12-05,9625
2027,大成鋼,12,0,12,富邦-竹東,2024-12-05,9625
1727,中華化,11,0,11,富邦-竹東,2024-12-05,9625
2929,淘帝-KY,17,7,10,富邦-竹東,2024-12-05,9625
6174,安��,11,1,10,富邦-竹東,2024-12-05,9625
3360,尚立,10,0,10,富邦-竹東,2024-12-05,9625
8011,台通,10,0,10,富邦-竹東,2024-12-05,9625
3702,大聯大,10,0,10,富邦-竹東,2024-12-05,9625
3015,全漢,26,16,10,富邦-竹東,2024-12-05,9625
00700,富邦�琤肭磪�,10,0,10,富邦-竹東,2024-12-05,9625
00676R,富邦臺灣加權反1,10,0,10,富邦-竹東,2024-12-05,9625
00945B,凱基美國非投等債,10,0,10,富邦-竹東,2024-12-05,9625
6282,康舒,10,0,10,富邦-竹東,2024-12-05,9625
6649,台生材,10,0,10,富邦-竹東,2024-12-05,9625
6151,晉倫,10,1,9,富邦-竹東,2024-12-05,9625
5880,合庫金,9,0,9,富邦-竹東,2024-12-05,9625
00712,復華富時不動產,336,0,336,富邦-竹東,2024-12-06,9625
00953B,群益優選非投等債,323,2,321,富邦-竹東,2024-12-06,9625
00715L,期街口布蘭特正2,236,0,236,富邦-竹東,2024-12-06,9625
00918,大華優利高填息30,106,3,103,富邦-竹東,2024-12-06,9625
3706,神達,111,60,51,富邦-竹東,2024-12-06,9625
2801,彰銀,41,0,41,富邦-竹東,2024-12-06,9625
6962,ITH-KY,42,4,38,富邦-竹東,2024-12-06,9625
00753L,中信中國50正2,34,0,34,富邦-竹東,2024-12-06,9625
4931,新盛力,57,26,31,富邦-竹東,2024-12-06,9625
9105,泰金寶-DR,39,8,31,富邦-竹東,2024-12-06,9625
2610,華航,42,13,29,富邦-竹東,2024-12-06,9625
3090,日電貿,32,5,27,富邦-竹東,2024-12-06,9625
4157,太景*-KY,25,0,25,富邦-竹東,2024-12-06,9625
00655L,國泰中國A50正2,20,0,20,富邦-竹東,2024-12-06,9625
2897,王道銀行,20,0,20,富邦-竹東,2024-12-06,9625
2884,玉山金,20,0,20,富邦-竹東,2024-12-06,9625
1714,和桐,20,0,20,富邦-竹東,2024-12-06,9625
6257,矽格,21,1,20,富邦-竹東,2024-12-06,9625
00909,國泰數位支付服務,17,0,17,富邦-竹東,2024-12-06,9625
00915,凱基優選高股息30,18,1,17,富邦-竹東,2024-12-06,9625
5309,系統電,22,6,16,富邦-竹東,2024-12-06,9625
8097,常珵,16,1,15,富邦-竹東,2024-12-06,9625
3289,宜特,14,0,14,富邦-竹東,2024-12-06,9625
2887,台新金,15,1,14,富邦-竹東,2024-12-06,9625
6443,元晶,19,5,14,富邦-竹東,2024-12-06,9625
2312,金寶,23,10,13,富邦-竹東,2024-12-06,9625
00941,中信上游半導體,13,0,13,富邦-竹東,2024-12-06,9625
6806,森崴能源,13,0,13,富邦-竹東,2024-12-06,9625
5371,中光電,16,3,13,富邦-竹東,2024-12-06,9625
2317,鴻海,27,14,13,富邦-竹東,2024-12-06,9625
3317,尼克森,16,4,12,富邦-竹東,2024-12-06,9625
3032,偉訓,40,28,12,富邦-竹東,2024-12-06,9625
5410,國眾,11,0,11,富邦-竹東,2024-12-06,9625
1609,大亞,16,5,11,富邦-竹東,2024-12-06,9625
00713,元大台灣高息低波,20,10,10,富邦-竹東,2024-12-06,9625
00922,國泰台灣領袖50,17,7,10,富邦-竹東,2024-12-06,9625
6505,台塑化,12,2,10,富邦-竹東,2024-12-06,9625
8011,台通,10,0,10,富邦-竹東,2024-12-06,9625
00943,兆豐電子高息等權,21,11,10,富邦-竹東,2024-12-06,9625
3029,零壹,20,10,10,富邦-竹東,2024-12-06,9625
6244,茂迪,10,0,10,富邦-竹東,2024-12-06,9625
6756,威鋒電子,10,0,10,富邦-竹東,2024-12-06,9625
1795,美時,10,0,10,富邦-竹東,2024-12-06,9625
6405,悅城,10,0,10,富邦-竹東,2024-12-06,9625
4526,東台,9,0,9,富邦-竹東,2024-12-06,9625
3521,鴻翊,13,4,9,富邦-竹東,2024-12-06,9625
2426,鼎元,9,0,9,富邦-竹東,2024-12-06,9625
8086,宏捷科,8,0,8,富邦-竹東,2024-12-06,9625
4510,高鋒,19,11,8,富邦-竹東,2024-12-06,9625
2845,遠東銀,8,0,8,富邦-竹東,2024-12-06,9625
00915,凱基優選高股息30,200,14,186,富邦-竹東,2024-12-09,9625
00642U,期元大S＆P石油,109,0,109,富邦-竹東,2024-12-09,9625
5864,致和證,73,1,72,富邦-竹東,2024-12-09,9625
6770,力積電,63,11,52,富邦-竹東,2024-12-09,9625
1714,和桐,40,0,40,富邦-竹東,2024-12-09,9625
8210,勤誠,45,6,39,富邦-竹東,2024-12-09,9625
2317,鴻海,44,10,34,富邦-竹東,2024-12-09,9625
2646,星宇航空,50,20,30,富邦-竹東,2024-12-09,9625
2324,仁寶,48,21,27,富邦-竹東,2024-12-09,9625
9105,泰金寶-DR,31,6,25,富邦-竹東,2024-12-09,9625
5522,遠雄,22,0,22,富邦-竹東,2024-12-09,9625
2449,京元電子,23,1,22,富邦-竹東,2024-12-09,9625
00909,國泰數位支付服務,21,0,21,富邦-竹東,2024-12-09,9625
2332,友訊,20,0,20,富邦-竹東,2024-12-09,9625
4977,眾達-KY,33,13,20,富邦-竹東,2024-12-09,9625
2489,瑞軒,21,2,19,富邦-竹東,2024-12-09,9625
4931,新盛力,24,6,18,富邦-竹東,2024-12-09,9625
00930,永豐ESG低碳高息,18,0,18,富邦-竹東,2024-12-09,9625
00713,元大台灣高息低波,15,0,15,富邦-竹東,2024-12-09,9625
5388,中磊,15,0,15,富邦-竹東,2024-12-09,9625
00878,國泰永續高股息,36,21,15,富邦-竹東,2024-12-09,9625
4919,新唐,18,3,15,富邦-竹東,2024-12-09,9625
2887,台新金,20,5,15,富邦-竹東,2024-12-09,9625
3016,嘉晶,14,0,14,富邦-竹東,2024-12-09,9625
3715,定穎投控,22,8,14,富邦-竹東,2024-12-09,9625
2891,中信金,13,0,13,富邦-竹東,2024-12-09,9625
3605,宏致,13,0,13,富邦-竹東,2024-12-09,9625
2468,華經,22,10,12,富邦-竹東,2024-12-09,9625
2388,威盛,13,1,12,富邦-竹東,2024-12-09,9625
6558,興能高,16,4,12,富邦-竹東,2024-12-09,9625
3706,神達,70,59,11,富邦-竹東,2024-12-09,9625
8011,台通,15,4,11,富邦-竹東,2024-12-09,9625
2884,玉山金,11,0,11,富邦-竹東,2024-12-09,9625
00715L,期街口布蘭特正2,11,0,11,富邦-竹東,2024-12-09,9625
00850,元大臺灣ESG永續,11,0,11,富邦-竹東,2024-12-09,9625
3231,緯創,19,8,11,富邦-竹東,2024-12-09,9625
5328,華容,11,0,11,富邦-竹東,2024-12-09,9625
6962,ITH-KY,28,17,11,富邦-竹東,2024-12-09,9625
6245,立端,10,0,10,富邦-竹東,2024-12-09,9625
2606,裕民,11,1,10,富邦-竹東,2024-12-09,9625
5309,系統電,18,8,10,富邦-竹東,2024-12-09,9625
2834,臺企銀,11,1,10,富邦-竹東,2024-12-09,9625
2408,南亞科,11,2,9,富邦-竹東,2024-12-09,9625
2486,一詮,9,0,9,富邦-竹東,2024-12-09,9625
3060,銘異,9,0,9,富邦-竹東,2024-12-09,9625
00665L,富邦�琤肭磪囓�2,10,1,9,富邦-竹東,2024-12-09,9625
00932,兆豐永續高息等權,9,0,9,富邦-竹東,2024-12-09,9625
00946,群益科技高息成長,8,0,8,富邦-竹東,2024-12-09,9625
2399,映泰,32,24,8,富邦-竹東,2024-12-09,9625
3105,穩懋,8,0,8,富邦-竹東,2024-12-09,9625
00753L,中信中國50正2,94,2,92,富邦-竹東,2024-12-10,9625
00918,大華優利高填息30,74,0,74,富邦-竹東,2024-12-10,9625
2609,陽明,115,57,58,富邦-竹東,2024-12-10,9625
2317,鴻海,55,11,44,富邦-竹東,2024-12-10,9625
5426,振發,36,0,36,富邦-竹東,2024-12-10,9625
5202,力新,39,3,36,富邦-竹東,2024-12-10,9625
2324,仁寶,37,2,35,富邦-竹東,2024-12-10,9625
2618,長榮航,41,6,35,富邦-竹東,2024-12-10,9625
2399,映泰,51,20,31,富邦-竹東,2024-12-10,9625
00930,永豐ESG低碳高息,30,0,30,富邦-竹東,2024-12-10,9625
5864,致和證,30,1,29,富邦-竹東,2024-12-10,9625
1815,富喬,46,20,26,富邦-竹東,2024-12-10,9625
00655L,國泰中國A50正2,42,17,25,富邦-竹東,2024-12-10,9625
00712,復華富時不動產,25,0,25,富邦-竹東,2024-12-10,9625
2547,日勝生,24,0,24,富邦-竹東,2024-12-10,9625
0056,元大高股息,24,0,24,富邦-竹東,2024-12-10,9625
00915,凱基優選高股息30,23,0,23,富邦-竹東,2024-12-10,9625
3706,神達,73,50,23,富邦-竹東,2024-12-10,9625
5880,合庫金,27,5,22,富邦-竹東,2024-12-10,9625
00919,群益台灣精選高息,46,24,22,富邦-竹東,2024-12-10,9625
3231,緯創,29,8,21,富邦-竹東,2024-12-10,9625
1449,佳和,23,2,21,富邦-竹東,2024-12-10,9625
00900,富邦特選高股息30,21,0,21,富邦-竹東,2024-12-10,9625
5871,中租-KY,26,5,21,富邦-竹東,2024-12-10,9625
00969B,元大零息超長美債,20,0,20,富邦-竹東,2024-12-10,9625
1464,得力,20,0,20,富邦-竹東,2024-12-10,9625
1514,亞力,21,2,19,富邦-竹東,2024-12-10,9625
2354,鴻準,62,43,19,富邦-竹東,2024-12-10,9625
2027,大成鋼,17,1,16,富邦-竹東,2024-12-10,9625
4991,環宇-KY,17,2,15,富邦-竹東,2024-12-10,9625
4303,信立,15,2,13,富邦-竹東,2024-12-10,9625
00687B,國泰20年美債,13,0,13,富邦-竹東,2024-12-10,9625
00725B,國泰投資級公司債,13,0,13,富邦-竹東,2024-12-10,9625
4931,新盛力,24,11,13,富邦-竹東,2024-12-10,9625
00950B,凱基A級公司債,11,0,11,富邦-竹東,2024-12-10,9625
3481,群創,14,3,11,富邦-竹東,2024-12-10,9625
3149,正達,11,0,11,富邦-竹東,2024-12-10,9625
4157,太景*-KY,10,0,10,富邦-竹東,2024-12-10,9625
3450,聯鈞,22,12,10,富邦-竹東,2024-12-10,9625
6148,驊宏資,10,0,10,富邦-竹東,2024-12-10,9625
1605,華新,13,3,10,富邦-竹東,2024-12-10,9625
1795,美時,10,0,10,富邦-竹東,2024-12-10,9625
4958,臻鼎-KY,10,0,10,富邦-竹東,2024-12-10,9625
3030,德律,13,3,10,富邦-竹東,2024-12-10,9625
4919,新唐,10,0,10,富邦-竹東,2024-12-10,9625
3019,亞光,15,6,9,富邦-竹東,2024-12-10,9625
8034,榮群,10,1,9,富邦-竹東,2024-12-10,9625
6005,群益證,10,1,9,富邦-竹東,2024-12-10,9625
00715L,期街口布蘭特正2,10,2,8,富邦-竹東,2024-12-10,9625
5531,鄉林,10,2,8,富邦-竹東,2024-12-10,9625
00680L,元大美債20正2,621,0,621,富邦-竹東,2024-12-11,9625
00919,群益台灣精選高息,224,2,222,富邦-竹東,2024-12-11,9625
00918,大華優利高填息30,153,9,144,富邦-竹東,2024-12-11,9625
6770,力積電,110,47,63,富邦-竹東,2024-12-11,9625
00637L,元大滬深300正2,83,21,62,富邦-竹東,2024-12-11,9625
00713,元大台灣高息低波,57,0,57,富邦-竹東,2024-12-11,9625
2609,陽明,72,17,55,富邦-竹東,2024-12-11,9625
00945B,凱基美國非投等債,50,0,50,富邦-竹東,2024-12-11,9625
2317,鴻海,79,32,47,富邦-竹東,2024-12-11,9625
00878,國泰永續高股息,44,5,39,富邦-竹東,2024-12-11,9625
2344,華邦電,45,11,34,富邦-竹東,2024-12-11,9625
00953B,群益優選非投等債,32,0,32,富邦-竹東,2024-12-11,9625
2354,鴻準,118,88,30,富邦-竹東,2024-12-11,9625
00927,群益半導體收益,30,0,30,富邦-竹東,2024-12-11,9625
1101,台泥,30,0,30,富邦-竹東,2024-12-11,9625
2834,臺企銀,30,0,30,富邦-竹東,2024-12-11,9625
0056,元大高股息,32,4,28,富邦-竹東,2024-12-11,9625
3234,光環,30,2,28,富邦-竹東,2024-12-11,9625
00926,凱基全球菁英55,28,0,28,富邦-竹東,2024-12-11,9625
2887,台新金,26,0,26,富邦-竹東,2024-12-11,9625
6239,力成,24,2,22,富邦-竹東,2024-12-11,9625
6547,高端疫苗,22,0,22,富邦-竹東,2024-12-11,9625
6218,豪勉,21,0,21,富邦-竹東,2024-12-11,9625
3379,彬台,20,0,20,富邦-竹東,2024-12-11,9625
1464,得力,20,0,20,富邦-竹東,2024-12-11,9625
1595,川寶,25,5,20,富邦-竹東,2024-12-11,9625
2303,聯電,21,2,19,富邦-竹東,2024-12-11,9625
6139,亞翔,18,0,18,富邦-竹東,2024-12-11,9625
2382,廣達,21,3,18,富邦-竹東,2024-12-11,9625
00632R,元大台灣50反1,40,23,17,富邦-竹東,2024-12-11,9625
2883,凱基金,20,3,17,富邦-竹東,2024-12-11,9625
2367,燿華,26,9,17,富邦-竹東,2024-12-11,9625
2449,京元電子,17,1,16,富邦-竹東,2024-12-11,9625
00712,復華富時不動產,16,0,16,富邦-竹東,2024-12-11,9625
5426,振發,16,0,16,富邦-竹東,2024-12-11,9625
4510,高鋒,18,3,15,富邦-竹東,2024-12-11,9625
6558,興能高,17,2,15,富邦-竹東,2024-12-11,9625
2881,富邦金,17,2,15,富邦-竹東,2024-12-11,9625
3260,威剛,16,2,14,富邦-竹東,2024-12-11,9625
3323,加百裕,22,8,14,富邦-竹東,2024-12-11,9625
2464,盟立,15,2,13,富邦-竹東,2024-12-11,9625
2401,凌陽,18,6,12,富邦-竹東,2024-12-11,9625
6191,精成科,12,0,12,富邦-竹東,2024-12-11,9625
2426,鼎元,12,0,12,富邦-竹東,2024-12-11,9625
2204,中華,13,1,12,富邦-竹東,2024-12-11,9625
5864,致和證,12,0,12,富邦-竹東,2024-12-11,9625
00915,凱基優選高股息30,14,3,11,富邦-竹東,2024-12-11,9625
4931,新盛力,21,10,11,富邦-竹東,2024-12-11,9625
6462,神盾,11,0,11,富邦-竹東,2024-12-11,9625
6216,居易,10,0,10,富邦-竹東,2024-12-11,9625
00918,大華優利高填息30,186,3,183,富邦-竹東,2024-12-12,9625
00926,凱基全球菁英55,177,0,177,富邦-竹東,2024-12-12,9625
00915,凱基優選高股息30,100,0,100,富邦-竹東,2024-12-12,9625
00887,永豐中國科技50大,85,0,85,富邦-竹東,2024-12-12,9625
1815,富喬,108,34,74,富邦-竹東,2024-12-12,9625
2317,鴻海,76,12,64,富邦-竹東,2024-12-12,9625
2354,鴻準,92,30,62,富邦-竹東,2024-12-12,9625
00687B,國泰20年美債,108,55,53,富邦-竹東,2024-12-12,9625
00919,群益台灣精選高息,52,8,44,富邦-竹東,2024-12-12,9625
00934,中信成長高股息,109,70,39,富邦-竹東,2024-12-12,9625
2312,金寶,69,34,35,富邦-竹東,2024-12-12,9625
1714,和桐,35,0,35,富邦-竹東,2024-12-12,9625
2328,廣宇,47,16,31,富邦-竹東,2024-12-12,9625
2464,盟立,34,3,31,富邦-竹東,2024-12-12,9625
5880,合庫金,30,0,30,富邦-竹東,2024-12-12,9625
00664R,國泰臺灣加權反1,30,0,30,富邦-竹東,2024-12-12,9625
2344,華邦電,29,2,27,富邦-竹東,2024-12-12,9625
00680L,元大美債20正2,25,0,25,富邦-竹東,2024-12-12,9625
8111,立��,23,1,22,富邦-竹東,2024-12-12,9625
3380,明泰,20,0,20,富邦-竹東,2024-12-12,9625
2010,春源,20,0,20,富邦-竹東,2024-12-12,9625
6166,凌華,19,0,19,富邦-竹東,2024-12-12,9625
6227,茂綸,22,5,17,富邦-竹東,2024-12-12,9625
00882,中信中國高股息,16,0,16,富邦-竹東,2024-12-12,9625
2615,萬海,15,0,15,富邦-竹東,2024-12-12,9625
2633,台灣高鐵,15,0,15,富邦-竹東,2024-12-12,9625
00712,復華富時不動產,18,3,15,富邦-竹東,2024-12-12,9625
2609,陽明,74,61,13,富邦-竹東,2024-12-12,9625
2545,皇翔,13,0,13,富邦-竹東,2024-12-12,9625
2392,正崴,14,1,13,富邦-竹東,2024-12-12,9625
2365,昆盈,28,16,12,富邦-竹東,2024-12-12,9625
00673R,期元大S＆P原油反1,12,0,12,富邦-竹東,2024-12-12,9625
3037,欣興,20,9,11,富邦-竹東,2024-12-12,9625
00940,元大台灣價值高息,31,20,11,富邦-竹東,2024-12-12,9625
6712,長聖,11,0,11,富邦-竹東,2024-12-12,9625
2888,新光金,20,9,11,富邦-竹東,2024-12-12,9625
3027,盛達,10,0,10,富邦-竹東,2024-12-12,9625
4716,大立,10,0,10,富邦-竹東,2024-12-12,9625
6558,興能高,17,7,10,富邦-竹東,2024-12-12,9625
2404,漢唐,10,0,10,富邦-竹東,2024-12-12,9625
6806,森崴能源,10,0,10,富邦-竹東,2024-12-12,9625
2303,聯電,43,33,10,富邦-竹東,2024-12-12,9625
4909,新復興,12,3,9,富邦-竹東,2024-12-12,9625
4510,高鋒,10,1,9,富邦-竹東,2024-12-12,9625
1809,中釉,9,0,9,富邦-竹東,2024-12-12,9625
1808,潤隆,10,1,9,富邦-竹東,2024-12-12,9625
6163,華電網,12,3,9,富邦-竹東,2024-12-12,9625
1540,喬福,27,18,9,富邦-竹東,2024-12-12,9625
6841,長佳智能,9,0,9,富邦-竹東,2024-12-12,9625
4977,眾達-KY,34,25,9,富邦-竹東,2024-12-12,9625
00671R,富邦NASDAQ反1,565,0,565,富邦-竹東,2024-12-13,9625
00688L,國泰20年美債正2,200,0,200,富邦-竹東,2024-12-13,9625
00919,群益台灣精選高息,136,5,131,富邦-竹東,2024-12-13,9625
00918,大華優利高填息30,137,7,130,富邦-竹東,2024-12-13,9625
9105,泰金寶-DR,129,35,94,富邦-竹東,2024-12-13,9625
2303,聯電,86,9,77,富邦-竹東,2024-12-13,9625
4157,太景*-KY,70,0,70,富邦-竹東,2024-12-13,9625
1714,和桐,65,0,65,富邦-竹東,2024-12-13,9625
2881,富邦金,60,2,58,富邦-竹東,2024-12-13,9625
2317,鴻海,62,8,54,富邦-竹東,2024-12-13,9625
3339,泰谷,40,0,40,富邦-竹東,2024-12-13,9625
00687B,國泰20年美債,42,3,39,富邦-竹東,2024-12-13,9625
00655L,國泰中國A50正2,38,0,38,富邦-竹東,2024-12-13,9625
0056,元大高股息,35,0,35,富邦-竹東,2024-12-13,9625
00680L,元大美債20正2,33,0,33,富邦-竹東,2024-12-13,9625
6505,台塑化,32,0,32,富邦-竹東,2024-12-13,9625
2354,鴻準,62,30,32,富邦-竹東,2024-12-13,9625
00953B,群益優選非投等債,32,0,32,富邦-竹東,2024-12-13,9625
00887,永豐中國科技50大,32,0,32,富邦-竹東,2024-12-13,9625
00915,凱基優選高股息30,29,0,29,富邦-竹東,2024-12-13,9625
00878,國泰永續高股息,35,8,27,富邦-竹東,2024-12-13,9625
2353,宏��,26,0,26,富邦-竹東,2024-12-13,9625
3481,群創,31,6,25,富邦-竹東,2024-12-13,9625
00933B,國泰10Y+金融債,23,0,23,富邦-竹東,2024-12-13,9625
2618,長榮航,29,7,22,富邦-竹東,2024-12-13,9625
5880,合庫金,20,0,20,富邦-竹東,2024-12-13,9625
3380,明泰,20,0,20,富邦-竹東,2024-12-13,9625
4931,新盛力,33,13,20,富邦-竹東,2024-12-13,9625
2371,大同,24,5,19,富邦-竹東,2024-12-13,9625
1101,台泥,22,3,19,富邦-竹東,2024-12-13,9625
00940,元大台灣價值高息,21,2,19,富邦-竹東,2024-12-13,9625
00665L,富邦�琤肭磪囓�2,18,0,18,富邦-竹東,2024-12-13,9625
4906,正文,17,0,17,富邦-竹東,2024-12-13,9625
4576,大銀微系統,16,0,16,富邦-竹東,2024-12-13,9625
6405,悅城,15,0,15,富邦-竹東,2024-12-13,9625
3323,加百裕,32,17,15,富邦-竹東,2024-12-13,9625
1326,台化,15,2,13,富邦-竹東,2024-12-13,9625
4979,華星光,19,6,13,富邦-竹東,2024-12-13,9625
3231,緯創,21,9,12,富邦-竹東,2024-12-13,9625
1464,得力,20,8,12,富邦-竹東,2024-12-13,9625
00932,兆豐永續高息等權,12,0,12,富邦-竹東,2024-12-13,9625
8034,榮群,12,0,12,富邦-竹東,2024-12-13,9625
00937B,群益ESG投等債20,21,9,12,富邦-竹東,2024-12-13,9625
2329,華泰,11,0,11,富邦-竹東,2024-12-13,9625
8210,勤誠,10,0,10,富邦-竹東,2024-12-13,9625
00713,元大台灣高息低波,10,0,10,富邦-竹東,2024-12-13,9625
3379,彬台,10,0,10,富邦-竹東,2024-12-13,9625
2449,京元電子,15,5,10,富邦-竹東,2024-12-13,9625
2641,正德,10,0,10,富邦-竹東,2024-12-13,9625
5009,榮剛,10,0,10,富邦-竹東,2024-12-13,9625
00688L,國泰20年美債正2,601,0,601,富邦-竹東,2024-12-16,9625
00945B,凱基美國非投等債,314,1,313,富邦-竹東,2024-12-16,9625
00918,大華優利高填息30,220,14,206,富邦-竹東,2024-12-16,9625
5880,合庫金,225,20,205,富邦-竹東,2024-12-16,9625
00919,群益台灣精選高息,185,23,162,富邦-竹東,2024-12-16,9625
00687B,國泰20年美債,116,0,116,富邦-竹東,2024-12-16,9625
0056,元大高股息,115,6,109,富邦-竹東,2024-12-16,9625
00878,國泰永續高股息,110,2,108,富邦-竹東,2024-12-16,9625
00915,凱基優選高股息30,76,4,72,富邦-竹東,2024-12-16,9625
1721,三晃,67,0,67,富邦-竹東,2024-12-16,9625
2888,新光金,64,6,58,富邦-竹東,2024-12-16,9625
2363,矽統,42,2,40,富邦-竹東,2024-12-16,9625
3691,碩禾,40,0,40,富邦-竹東,2024-12-16,9625
00713,元大台灣高息低波,36,0,36,富邦-竹東,2024-12-16,9625
2002,中鋼,38,2,36,富邦-竹東,2024-12-16,9625
2367,燿華,37,4,33,富邦-竹東,2024-12-16,9625
2371,大同,37,4,33,富邦-竹東,2024-12-16,9625
2609,陽明,81,49,32,富邦-竹東,2024-12-16,9625
2426,鼎元,27,0,27,富邦-竹東,2024-12-16,9625
3231,緯創,41,14,27,富邦-竹東,2024-12-16,9625
1314,中石化,23,0,23,富邦-竹東,2024-12-16,9625
6191,精成科,22,0,22,富邦-竹東,2024-12-16,9625
2615,萬海,23,2,21,富邦-竹東,2024-12-16,9625
1714,和桐,20,0,20,富邦-竹東,2024-12-16,9625
5864,致和證,20,0,20,富邦-竹東,2024-12-16,9625
3019,亞光,61,41,20,富邦-竹東,2024-12-16,9625
00673R,期元大S＆P原油反1,19,0,19,富邦-竹東,2024-12-16,9625
2618,長榮航,36,18,18,富邦-竹東,2024-12-16,9625
00922,國泰台灣領袖50,18,1,17,富邦-竹東,2024-12-16,9625
6239,力成,20,3,17,富邦-竹東,2024-12-16,9625
2382,廣達,17,1,16,富邦-竹東,2024-12-16,9625
3450,聯鈞,22,7,15,富邦-竹東,2024-12-16,9625
3037,欣興,18,4,14,富邦-竹東,2024-12-16,9625
1815,富喬,26,12,14,富邦-竹東,2024-12-16,9625
9105,泰金寶-DR,30,16,14,富邦-竹東,2024-12-16,9625
3706,神達,43,30,13,富邦-竹東,2024-12-16,9625
1101,台泥,15,2,13,富邦-竹東,2024-12-16,9625
6213,聯茂,14,1,13,富邦-竹東,2024-12-16,9625
6425,易發,13,0,13,富邦-竹東,2024-12-16,9625
2376,技嘉,13,0,13,富邦-竹東,2024-12-16,9625
00772B,中信高評級公司債,12,0,12,富邦-竹東,2024-12-16,9625
2355,敬鵬,13,1,12,富邦-竹東,2024-12-16,9625
3714,富采,11,0,11,富邦-竹東,2024-12-16,9625
2545,皇翔,11,0,11,富邦-竹東,2024-12-16,9625
6643,M31,16,5,11,富邦-竹東,2024-12-16,9625
2313,華通,19,9,10,富邦-竹東,2024-12-16,9625
2409,友達,10,0,10,富邦-竹東,2024-12-16,9625
2476,鉅祥,10,0,10,富邦-竹東,2024-12-16,9625
2498,宏達電,17,7,10,富邦-竹東,2024-12-16,9625
00968B,元大優息投等債,10,0,10,富邦-竹東,2024-12-16,9625
00918,大華優利高填息30,400,5,395,富邦-竹東,2024-12-17,9625
00937B,群益ESG投等債20,157,5,152,富邦-竹東,2024-12-17,9625
0056,元大高股息,106,0,106,富邦-竹東,2024-12-17,9625
2303,聯電,99,22,77,富邦-竹東,2024-12-17,9625
00687B,國泰20年美債,74,0,74,富邦-竹東,2024-12-17,9625
00924,復華S＆P500成長,57,0,57,富邦-竹東,2024-12-17,9625
3702,大聯大,51,0,51,富邦-竹東,2024-12-17,9625
00753L,中信中國50正2,51,0,51,富邦-竹東,2024-12-17,9625
2317,鴻海,54,14,40,富邦-竹東,2024-12-17,9625
00915,凱基優選高股息30,39,0,39,富邦-竹東,2024-12-17,9625
2323,中環,40,1,39,富邦-竹東,2024-12-17,9625
2545,皇翔,33,0,33,富邦-竹東,2024-12-17,9625
00878,國泰永續高股息,45,15,30,富邦-竹東,2024-12-17,9625
4903,聯光通,30,0,30,富邦-竹東,2024-12-17,9625
8047,星雲,32,7,25,富邦-竹東,2024-12-17,9625
00926,凱基全球菁英55,25,0,25,富邦-竹東,2024-12-17,9625
2834,臺企銀,34,9,25,富邦-竹東,2024-12-17,9625
00680L,元大美債20正2,24,0,24,富邦-竹東,2024-12-17,9625
2374,佳能,62,39,23,富邦-竹東,2024-12-17,9625
2027,大成鋼,24,1,23,富邦-竹東,2024-12-17,9625
00679B,元大美債20年,27,5,22,富邦-竹東,2024-12-17,9625
3231,緯創,33,11,22,富邦-竹東,2024-12-17,9625
2886,兆豐金,21,0,21,富邦-竹東,2024-12-17,9625
2010,春源,20,0,20,富邦-竹東,2024-12-17,9625
00664R,國泰臺灣加權反1,20,0,20,富邦-竹東,2024-12-17,9625
1732,毛寶,20,0,20,富邦-竹東,2024-12-17,9625
2408,南亞科,34,14,20,富邦-竹東,2024-12-17,9625
2646,星宇航空,22,3,19,富邦-竹東,2024-12-17,9625
00713,元大台灣高息低波,32,13,19,富邦-竹東,2024-12-17,9625
1722,台肥,18,0,18,富邦-竹東,2024-12-17,9625
2455,全新,26,8,18,富邦-竹東,2024-12-17,9625
5880,合庫金,15,0,15,富邦-竹東,2024-12-17,9625
2637,慧洋-KY,14,0,14,富邦-竹東,2024-12-17,9625
8249,菱光,32,18,14,富邦-竹東,2024-12-17,9625
00933B,國泰10Y+金融債,13,0,13,富邦-竹東,2024-12-17,9625
6695,芯鼎,25,12,13,富邦-竹東,2024-12-17,9625
2014,中鴻,14,2,12,富邦-竹東,2024-12-17,9625
8112,至上,13,1,12,富邦-竹東,2024-12-17,9625
2301,光寶科,13,1,12,富邦-竹東,2024-12-17,9625
1101,台泥,14,2,12,富邦-竹東,2024-12-17,9625
00650L,復華香港正2,12,0,12,富邦-竹東,2024-12-17,9625
8021,尖點,12,0,12,富邦-竹東,2024-12-17,9625
2449,京元電子,21,9,12,富邦-竹東,2024-12-17,9625
2382,廣達,13,2,11,富邦-竹東,2024-12-17,9625
1524,耿鼎,11,0,11,富邦-竹東,2024-12-17,9625
2417,圓剛,13,2,11,富邦-竹東,2024-12-17,9625
2883,凱基金,12,2,10,富邦-竹東,2024-12-17,9625
2881,富邦金,11,1,10,富邦-竹東,2024-12-17,9625
00968B,元大優息投等債,10,0,10,富邦-竹東,2024-12-17,9625
4168,醣聯,10,0,10,富邦-竹東,2024-12-17,9625
00676R,富邦臺灣加權反1,600,0,600,富邦-竹東,2024-12-18,9625
00919,群益台灣精選高息,469,106,363,富邦-竹東,2024-12-18,9625
00887,永豐中國科技50大,200,0,200,富邦-竹東,2024-12-18,9625
00882,中信中國高股息,198,0,198,富邦-竹東,2024-12-18,9625
00918,大華優利高填息30,159,2,157,富邦-竹東,2024-12-18,9625
5880,合庫金,58,0,58,富邦-竹東,2024-12-18,9625
2317,鴻海,38,6,32,富邦-竹東,2024-12-18,9625
8249,菱光,57,31,26,富邦-竹東,2024-12-18,9625
4540,全球傳動,197,174,23,富邦-竹東,2024-12-18,9625
2371,大同,27,5,22,富邦-竹東,2024-12-18,9625
6962,ITH-KY,67,46,21,富邦-竹東,2024-12-18,9625
9945,潤泰新,20,0,20,富邦-竹東,2024-12-18,9625
00950B,凱基A級公司債,20,0,20,富邦-竹東,2024-12-18,9625
2882,國泰金,22,3,19,富邦-竹東,2024-12-18,9625
00712,復華富時不動產,19,0,19,富邦-竹東,2024-12-18,9625
00900,富邦特選高股息30,18,0,18,富邦-竹東,2024-12-18,9625
2891,中信金,19,2,17,富邦-竹東,2024-12-18,9625
3059,華晶科,18,1,17,富邦-竹東,2024-12-18,9625
4979,華星光,22,6,16,富邦-竹東,2024-12-18,9625
8016,矽創,16,1,15,富邦-竹東,2024-12-18,9625
2886,兆豐金,14,0,14,富邦-竹東,2024-12-18,9625
00679B,元大美債20年,16,3,13,富邦-竹東,2024-12-18,9625
2455,全新,14,1,13,富邦-竹東,2024-12-18,9625
2834,臺企銀,13,0,13,富邦-竹東,2024-12-18,9625
2609,陽明,43,30,13,富邦-竹東,2024-12-18,9625
2641,正德,11,0,11,富邦-竹東,2024-12-18,9625
2498,宏達電,11,0,11,富邦-竹東,2024-12-18,9625
9938,百和,11,0,11,富邦-竹東,2024-12-18,9625
006208,富邦台50,11,0,11,富邦-竹東,2024-12-18,9625
2312,金寶,12,2,10,富邦-竹東,2024-12-18,9625
2344,華邦電,18,8,10,富邦-竹東,2024-12-18,9625
00933B,國泰10Y+金融債,10,0,10,富邦-竹東,2024-12-18,9625
2484,希華,10,0,10,富邦-竹東,2024-12-18,9625
2204,中華,9,0,9,富邦-竹東,2024-12-18,9625
1721,三晃,9,0,9,富邦-竹東,2024-12-18,9625
00687B,國泰20年美債,10,1,9,富邦-竹東,2024-12-18,9625
2637,慧洋-KY,11,2,9,富邦-竹東,2024-12-18,9625
1536,和大,14,5,9,富邦-竹東,2024-12-18,9625
6531,愛普*,9,0,9,富邦-竹東,2024-12-18,9625
8097,常珵,8,0,8,富邦-竹東,2024-12-18,9625
00960,野村全球航運龍頭,8,0,8,富邦-竹東,2024-12-18,9625
2359,所羅門,40,32,8,富邦-竹東,2024-12-18,9625
1597,直得,11,4,7,富邦-竹東,2024-12-18,9625
3665,貿聯-KY,9,2,7,富邦-竹東,2024-12-18,9625
00937B,群益ESG投等債20,11,4,7,富邦-竹東,2024-12-18,9625
1522,堤維西,10,3,7,富邦-竹東,2024-12-18,9625
3029,零壹,10,3,7,富邦-竹東,2024-12-18,9625
4930,燦星網,7,0,7,富邦-竹東,2024-12-18,9625
3234,光環,7,0,7,富邦-竹東,2024-12-18,9625
5309,系統電,12,5,7,富邦-竹東,2024-12-18,9625
00712,復華富時不動產,130,0,130,富邦-竹東,2024-12-19,9625
00937B,群益ESG投等債20,107,0,107,富邦-竹東,2024-12-19,9625
00918,大華優利高填息30,90,0,90,富邦-竹東,2024-12-19,9625
00878,國泰永續高股息,101,13,88,富邦-竹東,2024-12-19,9625
2834,臺企銀,90,4,86,富邦-竹東,2024-12-19,9625
00687B,國泰20年美債,71,3,68,富邦-竹東,2024-12-19,9625
00679B,元大美債20年,57,0,57,富邦-竹東,2024-12-19,9625
00688L,國泰20年美債正2,50,0,50,富邦-竹東,2024-12-19,9625
0056,元大高股息,52,4,48,富邦-竹東,2024-12-19,9625
2618,長榮航,47,2,45,富邦-竹東,2024-12-19,9625
00940,元大台灣價值高息,44,0,44,富邦-竹東,2024-12-19,9625
2892,第一金,42,0,42,富邦-竹東,2024-12-19,9625
2349,錸德,40,0,40,富邦-竹東,2024-12-19,9625
5880,合庫金,38,0,38,富邦-竹東,2024-12-19,9625
1101,台泥,43,6,37,富邦-竹東,2024-12-19,9625
2201,裕隆,33,0,33,富邦-竹東,2024-12-19,9625
00922,國泰台灣領袖50,29,0,29,富邦-竹東,2024-12-19,9625
2002,中鋼,29,0,29,富邦-竹東,2024-12-19,9625
00948B,中信優息投資級債,28,0,28,富邦-竹東,2024-12-19,9625
2317,鴻海,31,9,22,富邦-竹東,2024-12-19,9625
00941,中信上游半導體,21,0,21,富邦-竹東,2024-12-19,9625
00915,凱基優選高股息30,20,0,20,富邦-竹東,2024-12-19,9625
1714,和桐,20,0,20,富邦-竹東,2024-12-19,9625
2105,正新,20,0,20,富邦-竹東,2024-12-19,9625
1326,台化,19,0,19,富邦-竹東,2024-12-19,9625
00933B,國泰10Y+金融債,22,3,19,富邦-竹東,2024-12-19,9625
006208,富邦台50,18,0,18,富邦-竹東,2024-12-19,9625
2303,聯電,46,28,18,富邦-竹東,2024-12-19,9625
00953B,群益優選非投等債,17,0,17,富邦-竹東,2024-12-19,9625
2887,台新金,16,1,15,富邦-竹東,2024-12-19,9625
00909,國泰數位支付服務,14,0,14,富邦-竹東,2024-12-19,9625
2609,陽明,56,42,14,富邦-竹東,2024-12-19,9625
00646,元大S＆P500,13,0,13,富邦-竹東,2024-12-19,9625
00713,元大台灣高息低波,16,3,13,富邦-竹東,2024-12-19,9625
2363,矽統,14,1,13,富邦-竹東,2024-12-19,9625
00637L,元大滬深300正2,15,3,12,富邦-竹東,2024-12-19,9625
2880,華南金,12,0,12,富邦-竹東,2024-12-19,9625
8429,金麗-KY,12,0,12,富邦-竹東,2024-12-19,9625
00945B,凱基美國非投等債,12,0,12,富邦-竹東,2024-12-19,9625
2049,上銀,23,11,12,富邦-竹東,2024-12-19,9625
9921,巨大,11,0,11,富邦-竹東,2024-12-19,9625
3059,華晶科,12,1,11,富邦-竹東,2024-12-19,9625
3189,景碩,11,0,11,富邦-竹東,2024-12-19,9625
00959B,大華投等美債15Y+,11,0,11,富邦-竹東,2024-12-19,9625
00680L,元大美債20正2,35,24,11,富邦-竹東,2024-12-19,9625
00795B,中信美國公債20年,11,0,11,富邦-竹東,2024-12-19,9625
2354,鴻準,36,26,10,富邦-竹東,2024-12-19,9625
3550,聯穎,10,0,10,富邦-竹東,2024-12-19,9625
1305,華夏,12,2,10,富邦-竹東,2024-12-19,9625
6112,邁達特,10,0,10,富邦-竹東,2024-12-19,9625
