Ticker,Name,buy,sell,diff,Branch,Date,Branch_Code
6443,元晶,140,12,128,富邦-中壢,2023-01-03,9636
00673R,期元大S＆P原油反1,133,7,126,富邦-中壢,2023-01-03,9636
00637L,元大滬深300正2,78,15,63,富邦-中壢,2023-01-03,9636
00720B,元大投資級公司債,61,0,61,富邦-中壢,2023-01-03,9636
00676R,富邦臺灣加權反1,53,0,53,富邦-中壢,2023-01-03,9636
00725B,國泰投資級公司債,50,0,50,富邦-中壢,2023-01-03,9636
00878,國泰永續高股息,74,29,45,富邦-中壢,2023-01-03,9636
1529,樂事綠能,169,128,41,富邦-中壢,2023-01-03,9636
3508,位速,42,3,39,富邦-中壢,2023-01-03,9636
9904,寶成,34,0,34,富邦-中壢,2023-01-03,9636
1605,華新,75,42,33,富邦-中壢,2023-01-03,9636
2887,台新金,32,0,32,富邦-中壢,2023-01-03,9636
2882,國泰金,42,12,30,富邦-中壢,2023-01-03,9636
00665L,富邦�琤肭磪囓�2,31,1,30,富邦-中壢,2023-01-03,9636
2367,燿華,32,3,29,富邦-中壢,2023-01-03,9636
1504,東元,26,0,26,富邦-中壢,2023-01-03,9636
00633L,富邦上証正2,88,66,22,富邦-中壢,2023-01-03,9636
00679B,元大美債20年,21,0,21,富邦-中壢,2023-01-03,9636
4121,優盛,21,2,19,富邦-中壢,2023-01-03,9636
6425,易發,19,0,19,富邦-中壢,2023-01-03,9636
1752,南光,29,11,18,富邦-中壢,2023-01-03,9636
3479,安勤,34,16,18,富邦-中壢,2023-01-03,9636
0056,元大高股息,43,26,17,富邦-中壢,2023-01-03,9636
3189,景碩,23,7,16,富邦-中壢,2023-01-03,9636
2317,鴻海,58,42,16,富邦-中壢,2023-01-03,9636
4155,訊映,16,0,16,富邦-中壢,2023-01-03,9636
2102,泰豐,15,0,15,富邦-中壢,2023-01-03,9636
2609,陽明,91,76,15,富邦-中壢,2023-01-03,9636
1101,台泥,18,3,15,富邦-中壢,2023-01-03,9636
1102,亞泥,14,0,14,富邦-中壢,2023-01-03,9636
00902,中信電池及儲能,15,1,14,富邦-中壢,2023-01-03,9636
1314,中石化,14,0,14,富邦-中壢,2023-01-03,9636
4130,健亞,16,3,13,富邦-中壢,2023-01-03,9636
00712,復華富時不動產,13,0,13,富邦-中壢,2023-01-03,9636
3051,力特,14,1,13,富邦-中壢,2023-01-03,9636
6285,啟��,13,1,12,富邦-中壢,2023-01-03,9636
2402,毅嘉,12,0,12,富邦-中壢,2023-01-03,9636
8916,光隆,12,0,12,富邦-中壢,2023-01-03,9636
5880,合庫金,11,0,11,富邦-中壢,2023-01-03,9636
2603,長榮,40,29,11,富邦-中壢,2023-01-03,9636
2328,廣宇,12,1,11,富邦-中壢,2023-01-03,9636
4128,中天,11,0,11,富邦-中壢,2023-01-03,9636
00683L,期元大美元指正2,11,0,11,富邦-中壢,2023-01-03,9636
2736,富野,12,1,11,富邦-中壢,2023-01-03,9636
3704,合勤控,22,11,11,富邦-中壢,2023-01-03,9636
1319,東陽,17,6,11,富邦-中壢,2023-01-03,9636
6153,嘉聯益,11,0,11,富邦-中壢,2023-01-03,9636
0050,元大台灣50,22,12,10,富邦-中壢,2023-01-03,9636
9958,世紀鋼,14,4,10,富邦-中壢,2023-01-03,9636
2890,永豐金,10,0,10,富邦-中壢,2023-01-03,9636
1605,華新,416,138,278,富邦-中壢,2023-01-04,9636
2102,泰豐,102,0,102,富邦-中壢,2023-01-04,9636
2884,玉山金,87,12,75,富邦-中壢,2023-01-04,9636
00632R,元大台灣50反1,70,5,65,富邦-中壢,2023-01-04,9636
00770,國泰北美科技,58,0,58,富邦-中壢,2023-01-04,9636
2317,鴻海,157,104,53,富邦-中壢,2023-01-04,9636
00642U,期元大S＆P石油,49,0,49,富邦-中壢,2023-01-04,9636
3037,欣興,60,15,45,富邦-中壢,2023-01-04,9636
0056,元大高股息,45,7,38,富邦-中壢,2023-01-04,9636
2482,連宇,33,2,31,富邦-中壢,2023-01-04,9636
3209,全科,31,2,29,富邦-中壢,2023-01-04,9636
3047,訊舟,31,3,28,富邦-中壢,2023-01-04,9636
2609,陽明,38,12,26,富邦-中壢,2023-01-04,9636
00893,國泰智能電動車,49,24,25,富邦-中壢,2023-01-04,9636
6235,華孚,50,26,24,富邦-中壢,2023-01-04,9636
00715L,期街口布蘭特正2,24,0,24,富邦-中壢,2023-01-04,9636
00902,中信電池及儲能,23,0,23,富邦-中壢,2023-01-04,9636
2390,云辰,23,0,23,富邦-中壢,2023-01-04,9636
5608,四維航,25,2,23,富邦-中壢,2023-01-04,9636
6425,易發,23,0,23,富邦-中壢,2023-01-04,9636
6244,茂迪,25,3,22,富邦-中壢,2023-01-04,9636
00701,國泰股利精選30,25,3,22,富邦-中壢,2023-01-04,9636
3443,創意,27,6,21,富邦-中壢,2023-01-04,9636
2014,中鴻,41,20,21,富邦-中壢,2023-01-04,9636
4162,智擎,35,15,20,富邦-中壢,2023-01-04,9636
4532,瑞智,20,0,20,富邦-中壢,2023-01-04,9636
9103,美德醫療-DR,21,1,20,富邦-中壢,2023-01-04,9636
5009,榮剛,24,6,18,富邦-中壢,2023-01-04,9636
3046,建��,21,3,18,富邦-中壢,2023-01-04,9636
8937,合騏,16,0,16,富邦-中壢,2023-01-04,9636
4130,健亞,20,4,16,富邦-中壢,2023-01-04,9636
2330,台積電,16,0,16,富邦-中壢,2023-01-04,9636
1449,佳和,15,0,15,富邦-中壢,2023-01-04,9636
2401,凌陽,15,0,15,富邦-中壢,2023-01-04,9636
00650L,復華香港正2,28,13,15,富邦-中壢,2023-01-04,9636
3189,景碩,14,1,13,富邦-中壢,2023-01-04,9636
2637,慧洋-KY,15,2,13,富邦-中壢,2023-01-04,9636
2886,兆豐金,13,1,12,富邦-中壢,2023-01-04,9636
2413,環科,12,0,12,富邦-中壢,2023-01-04,9636
00641R,富邦日本反1,12,0,12,富邦-中壢,2023-01-04,9636
3027,盛達,36,24,12,富邦-中壢,2023-01-04,9636
6282,康舒,20,10,10,富邦-中壢,2023-01-04,9636
6541,泰福-KY,10,0,10,富邦-中壢,2023-01-04,9636
1201,味全,10,0,10,富邦-中壢,2023-01-04,9636
00712,復華富時不動產,11,1,10,富邦-中壢,2023-01-04,9636
4566,時碩工業,11,1,10,富邦-中壢,2023-01-04,9636
4956,光鋐,10,0,10,富邦-中壢,2023-01-04,9636
4167,松瑞藥,21,11,10,富邦-中壢,2023-01-04,9636
8076,伍豐,10,0,10,富邦-中壢,2023-01-04,9636
9958,世紀鋼,13,3,10,富邦-中壢,2023-01-04,9636
00715L,期街口布蘭特正2,397,2,395,富邦-中壢,2023-01-05,9636
00632R,元大台灣50反1,142,4,138,富邦-中壢,2023-01-05,9636
3498,陽程,173,39,134,富邦-中壢,2023-01-05,9636
00706L,期元大S＆P日圓正2,65,0,65,富邦-中壢,2023-01-05,9636
00753L,中信中國50正2,65,6,59,富邦-中壢,2023-01-05,9636
2317,鴻海,79,28,51,富邦-中壢,2023-01-05,9636
00881,國泰台灣5G+,50,0,50,富邦-中壢,2023-01-05,9636
2409,友達,52,4,48,富邦-中壢,2023-01-05,9636
2368,金像電,56,13,43,富邦-中壢,2023-01-05,9636
00664R,國泰臺灣加權反1,40,0,40,富邦-中壢,2023-01-05,9636
9945,潤泰新,47,11,36,富邦-中壢,2023-01-05,9636
5353,台林,39,3,36,富邦-中壢,2023-01-05,9636
2610,華航,53,21,32,富邦-中壢,2023-01-05,9636
9904,寶成,32,0,32,富邦-中壢,2023-01-05,9636
5009,榮剛,32,1,31,富邦-中壢,2023-01-05,9636
8069,元太,197,171,26,富邦-中壢,2023-01-05,9636
2419,仲琦,39,14,25,富邦-中壢,2023-01-05,9636
1599,宏佳騰,20,0,20,富邦-中壢,2023-01-05,9636
6233,旺玖,23,3,20,富邦-中壢,2023-01-05,9636
00882,中信中國高股息,28,9,19,富邦-中壢,2023-01-05,9636
4561,健椿,19,0,19,富邦-中壢,2023-01-05,9636
00708L,期元大S＆P黃金正2,19,0,19,富邦-中壢,2023-01-05,9636
9103,美德醫療-DR,18,0,18,富邦-中壢,2023-01-05,9636
2832,台產,17,0,17,富邦-中壢,2023-01-05,9636
2344,華邦電,47,30,17,富邦-中壢,2023-01-05,9636
3380,明泰,18,1,17,富邦-中壢,2023-01-05,9636
2465,麗臺,37,20,17,富邦-中壢,2023-01-05,9636
3712,永崴投控,41,25,16,富邦-中壢,2023-01-05,9636
1909,榮成,25,9,16,富邦-中壢,2023-01-05,9636
1529,樂事綠能,32,17,15,富邦-中壢,2023-01-05,9636
2605,新興,15,0,15,富邦-中壢,2023-01-05,9636
00680L,元大美債20正2,15,0,15,富邦-中壢,2023-01-05,9636
5321,美而快,19,5,14,富邦-中壢,2023-01-05,9636
1513,中興電,35,21,14,富邦-中壢,2023-01-05,9636
3037,欣興,26,13,13,富邦-中壢,2023-01-05,9636
5608,四維航,13,0,13,富邦-中壢,2023-01-05,9636
3443,創意,20,7,13,富邦-中壢,2023-01-05,9636
00665L,富邦�琤肭磪囓�2,130,117,13,富邦-中壢,2023-01-05,9636
00641R,富邦日本反1,13,0,13,富邦-中壢,2023-01-05,9636
4979,華星光,21,8,13,富邦-中壢,2023-01-05,9636
0050,元大台灣50,14,1,13,富邦-中壢,2023-01-05,9636
3017,奇鋐,13,1,12,富邦-中壢,2023-01-05,9636
00720B,元大投資級公司債,12,0,12,富邦-中壢,2023-01-05,9636
3027,盛達,21,9,12,富邦-中壢,2023-01-05,9636
1708,東鹼,12,0,12,富邦-中壢,2023-01-05,9636
8916,光隆,12,0,12,富邦-中壢,2023-01-05,9636
8933,愛地雅,13,1,12,富邦-中壢,2023-01-05,9636
6443,元晶,31,19,12,富邦-中壢,2023-01-05,9636
1342,八貫,25,13,12,富邦-中壢,2023-01-05,9636
3466,德晉,11,0,11,富邦-中壢,2023-01-05,9636
3498,陽程,128,19,109,富邦-中壢,2023-01-06,9636
00720B,元大投資級公司債,97,0,97,富邦-中壢,2023-01-06,9636
3481,群創,155,63,92,富邦-中壢,2023-01-06,9636
00885,富邦越南,57,5,52,富邦-中壢,2023-01-06,9636
00753L,中信中國50正2,108,59,49,富邦-中壢,2023-01-06,9636
3704,合勤控,77,29,48,富邦-中壢,2023-01-06,9636
2409,友達,51,11,40,富邦-中壢,2023-01-06,9636
2884,玉山金,34,3,31,富邦-中壢,2023-01-06,9636
1467,南緯,33,3,30,富邦-中壢,2023-01-06,9636
00665L,富邦�琤肭磪囓�2,30,2,28,富邦-中壢,2023-01-06,9636
8046,南電,39,14,25,富邦-中壢,2023-01-06,9636
8033,雷虎,35,12,23,富邦-中壢,2023-01-06,9636
2637,慧洋-KY,26,5,21,富邦-中壢,2023-01-06,9636
1453,大將,20,0,20,富邦-中壢,2023-01-06,9636
3141,晶宏,39,20,19,富邦-中壢,2023-01-06,9636
4162,智擎,30,12,18,富邦-中壢,2023-01-06,9636
2609,陽明,30,13,17,富邦-中壢,2023-01-06,9636
1752,南光,89,72,17,富邦-中壢,2023-01-06,9636
4114,健喬,55,38,17,富邦-中壢,2023-01-06,9636
2886,兆豐金,17,2,15,富邦-中壢,2023-01-06,9636
6123,上奇,15,0,15,富邦-中壢,2023-01-06,9636
3019,亞光,16,1,15,富邦-中壢,2023-01-06,9636
3022,威強電,15,0,15,富邦-中壢,2023-01-06,9636
00900,富邦特選高股息30,30,15,15,富邦-中壢,2023-01-06,9636
00770,國泰北美科技,14,0,14,富邦-中壢,2023-01-06,9636
4958,臻鼎-KY,13,0,13,富邦-中壢,2023-01-06,9636
00706L,期元大S＆P日圓正2,13,0,13,富邦-中壢,2023-01-06,9636
2506,太設,14,1,13,富邦-中壢,2023-01-06,9636
4804,大略-KY,15,2,13,富邦-中壢,2023-01-06,9636
2323,中環,11,0,11,富邦-中壢,2023-01-06,9636
3092,鴻碩,11,0,11,富邦-中壢,2023-01-06,9636
2308,台達電,11,0,11,富邦-中壢,2023-01-06,9636
3376,新日興,10,0,10,富邦-中壢,2023-01-06,9636
8076,伍豐,10,0,10,富邦-中壢,2023-01-06,9636
2633,台灣高鐵,14,4,10,富邦-中壢,2023-01-06,9636
00689R,國泰20年美債反1,10,0,10,富邦-中壢,2023-01-06,9636
3056,富華新,10,0,10,富邦-中壢,2023-01-06,9636
00642U,期元大S＆P石油,10,0,10,富邦-中壢,2023-01-06,9636
00671R,富邦NASDAQ反1,10,0,10,富邦-中壢,2023-01-06,9636
6127,九豪,10,0,10,富邦-中壢,2023-01-06,9636
00648R,元大S＆P500反1,10,0,10,富邦-中壢,2023-01-06,9636
4171,瑞基,11,1,10,富邦-中壢,2023-01-06,9636
4513,福裕,20,10,10,富邦-中壢,2023-01-06,9636
6799,來頡,10,0,10,富邦-中壢,2023-01-06,9636
6220,岳豐,15,6,9,富邦-中壢,2023-01-06,9636
6770,力積電,22,13,9,富邦-中壢,2023-01-06,9636
1519,華城,53,44,9,富邦-中壢,2023-01-06,9636
1513,中興電,37,29,8,富邦-中壢,2023-01-06,9636
2607,榮運,19,11,8,富邦-中壢,2023-01-06,9636
3645,達邁,10,2,8,富邦-中壢,2023-01-06,9636
1605,華新,328,66,262,富邦-中壢,2023-01-09,9636
00632R,元大台灣50反1,493,374,119,富邦-中壢,2023-01-09,9636
3498,陽程,105,5,100,富邦-中壢,2023-01-09,9636
00885,富邦越南,109,19,90,富邦-中壢,2023-01-09,9636
2317,鴻海,104,18,86,富邦-中壢,2023-01-09,9636
00673R,期元大S＆P原油反1,90,8,82,富邦-中壢,2023-01-09,9636
00715L,期街口布蘭特正2,92,10,82,富邦-中壢,2023-01-09,9636
8033,雷虎,60,5,55,富邦-中壢,2023-01-09,9636
2388,威盛,53,2,51,富邦-中壢,2023-01-09,9636
2328,廣宇,51,9,42,富邦-中壢,2023-01-09,9636
3481,群創,66,27,39,富邦-中壢,2023-01-09,9636
00679B,元大美債20年,44,5,39,富邦-中壢,2023-01-09,9636
5351,鈺創,30,2,28,富邦-中壢,2023-01-09,9636
00650L,復華香港正2,65,37,28,富邦-中壢,2023-01-09,9636
00720B,元大投資級公司債,25,0,25,富邦-中壢,2023-01-09,9636
00676R,富邦臺灣加權反1,23,0,23,富邦-中壢,2023-01-09,9636
1612,宏泰,26,3,23,富邦-中壢,2023-01-09,9636
2115,六暉-KY,22,0,22,富邦-中壢,2023-01-09,9636
6182,合晶,36,14,22,富邦-中壢,2023-01-09,9636
3141,晶宏,36,15,21,富邦-中壢,2023-01-09,9636
3149,正達,21,0,21,富邦-中壢,2023-01-09,9636
6282,康舒,21,0,21,富邦-中壢,2023-01-09,9636
3045,台灣大,30,13,17,富邦-中壢,2023-01-09,9636
8069,元太,87,70,17,富邦-中壢,2023-01-09,9636
6143,振曜,22,6,16,富邦-中壢,2023-01-09,9636
2323,中環,15,0,15,富邦-中壢,2023-01-09,9636
8937,合騏,15,0,15,富邦-中壢,2023-01-09,9636
00664R,國泰臺灣加權反1,15,0,15,富邦-中壢,2023-01-09,9636
2401,凌陽,25,10,15,富邦-中壢,2023-01-09,9636
4426,利勤,14,0,14,富邦-中壢,2023-01-09,9636
2025,千興,14,0,14,富邦-中壢,2023-01-09,9636
2603,長榮,46,32,14,富邦-中壢,2023-01-09,9636
4979,華星光,25,12,13,富邦-中壢,2023-01-09,9636
2338,光罩,33,20,13,富邦-中壢,2023-01-09,9636
00795B,中信美國公債20年,12,0,12,富邦-中壢,2023-01-09,9636
5403,中菲,12,0,12,富邦-中壢,2023-01-09,9636
5475,德宏,13,1,12,富邦-中壢,2023-01-09,9636
3443,創意,21,9,12,富邦-中壢,2023-01-09,9636
4130,健亞,11,0,11,富邦-中壢,2023-01-09,9636
3043,科風,11,0,11,富邦-中壢,2023-01-09,9636
3027,盛達,26,15,11,富邦-中壢,2023-01-09,9636
6245,立端,11,0,11,富邦-中壢,2023-01-09,9636
6550,北極星藥業-KY,14,3,11,富邦-中壢,2023-01-09,9636
1597,直得,10,0,10,富邦-中壢,2023-01-09,9636
2444,兆勁,13,3,10,富邦-中壢,2023-01-09,9636
3432,台端,10,0,10,富邦-中壢,2023-01-09,9636
6733,博晟生醫,10,0,10,富邦-中壢,2023-01-09,9636
6768,志強-KY,10,0,10,富邦-中壢,2023-01-09,9636
1319,東陽,11,1,10,富邦-中壢,2023-01-09,9636
2852,第一保,10,0,10,富邦-中壢,2023-01-09,9636
00632R,元大台灣50反1,671,238,433,富邦-中壢,2023-01-10,9636
2317,鴻海,108,13,95,富邦-中壢,2023-01-10,9636
00715L,期街口布蘭特正2,83,0,83,富邦-中壢,2023-01-10,9636
00679B,元大美債20年,82,0,82,富邦-中壢,2023-01-10,9636
3045,台灣大,94,23,71,富邦-中壢,2023-01-10,9636
00650L,復華香港正2,130,65,65,富邦-中壢,2023-01-10,9636
2851,中再保,66,3,63,富邦-中壢,2023-01-10,9636
9945,潤泰新,46,1,45,富邦-中壢,2023-01-10,9636
00669R,國泰美國道瓊反1,80,35,45,富邦-中壢,2023-01-10,9636
2609,陽明,54,15,39,富邦-中壢,2023-01-10,9636
2388,威盛,46,14,32,富邦-中壢,2023-01-10,9636
2352,佳世達,30,0,30,富邦-中壢,2023-01-10,9636
3498,陽程,47,20,27,富邦-中壢,2023-01-10,9636
00753L,中信中國50正2,36,9,27,富邦-中壢,2023-01-10,9636
1605,華新,188,164,24,富邦-中壢,2023-01-10,9636
00885,富邦越南,39,15,24,富邦-中壢,2023-01-10,9636
4162,智擎,42,19,23,富邦-中壢,2023-01-10,9636
8249,菱光,59,38,21,富邦-中壢,2023-01-10,9636
4114,健喬,31,11,20,富邦-中壢,2023-01-10,9636
4123,晟德,20,0,20,富邦-中壢,2023-01-10,9636
1714,和桐,20,0,20,富邦-中壢,2023-01-10,9636
3037,欣興,23,4,19,富邦-中壢,2023-01-10,9636
2359,所羅門,18,0,18,富邦-中壢,2023-01-10,9636
2201,裕隆,72,54,18,富邦-中壢,2023-01-10,9636
2881,富邦金,23,6,17,富邦-中壢,2023-01-10,9636
4128,中天,18,2,16,富邦-中壢,2023-01-10,9636
5469,瀚宇博,15,0,15,富邦-中壢,2023-01-10,9636
1701,中化,16,1,15,富邦-中壢,2023-01-10,9636
00720B,元大投資級公司債,15,0,15,富邦-中壢,2023-01-10,9636
4930,燦星網,15,0,15,富邦-中壢,2023-01-10,9636
6443,元晶,31,17,14,富邦-中壢,2023-01-10,9636
1444,力麗,25,11,14,富邦-中壢,2023-01-10,9636
4167,松瑞藥,17,4,13,富邦-中壢,2023-01-10,9636
1529,樂事綠能,15,2,13,富邦-中壢,2023-01-10,9636
5009,榮剛,16,3,13,富邦-中壢,2023-01-10,9636
2328,廣宇,15,2,13,富邦-中壢,2023-01-10,9636
5475,德宏,13,1,12,富邦-中壢,2023-01-10,9636
2883,凱基金,15,4,11,富邦-中壢,2023-01-10,9636
2486,一詮,11,0,11,富邦-中壢,2023-01-10,9636
5351,鈺創,15,5,10,富邦-中壢,2023-01-10,9636
3521,鴻翊,10,0,10,富邦-中壢,2023-01-10,9636
1905,華紙,10,0,10,富邦-中壢,2023-01-10,9636
4106,雃博,10,0,10,富邦-中壢,2023-01-10,9636
4157,太景*-KY,10,0,10,富邦-中壢,2023-01-10,9636
1312,國喬,9,0,9,富邦-中壢,2023-01-10,9636
1789,神隆,23,14,9,富邦-中壢,2023-01-10,9636
3707,漢磊,12,3,9,富邦-中壢,2023-01-10,9636
8049,晶采,9,1,8,富邦-中壢,2023-01-10,9636
1903,士紙,8,0,8,富邦-中壢,2023-01-10,9636
2313,華通,8,0,8,富邦-中壢,2023-01-10,9636
2834,臺企銀,123,6,117,富邦-中壢,2023-01-11,9636
2888,新光金,117,10,107,富邦-中壢,2023-01-11,9636
00632R,元大台灣50反1,218,116,102,富邦-中壢,2023-01-11,9636
00669R,國泰美國道瓊反1,100,15,85,富邦-中壢,2023-01-11,9636
2489,瑞軒,80,0,80,富邦-中壢,2023-01-11,9636
2618,長榮航,606,534,72,富邦-中壢,2023-01-11,9636
4979,華星光,131,74,57,富邦-中壢,2023-01-11,9636
3045,台灣大,56,0,56,富邦-中壢,2023-01-11,9636
3704,合勤控,88,36,52,富邦-中壢,2023-01-11,9636
00895,富邦未來車,51,1,50,富邦-中壢,2023-01-11,9636
4943,康控-KY,50,1,49,富邦-中壢,2023-01-11,9636
4916,事欣科,52,5,47,富邦-中壢,2023-01-11,9636
2884,玉山金,38,1,37,富邦-中壢,2023-01-11,9636
1220,台榮,37,0,37,富邦-中壢,2023-01-11,9636
00720B,元大投資級公司債,36,0,36,富邦-中壢,2023-01-11,9636
00713,元大台灣高息低波,33,6,27,富邦-中壢,2023-01-11,9636
1503,士電,23,0,23,富邦-中壢,2023-01-11,9636
2230,泰茂,24,1,23,富邦-中壢,2023-01-11,9636
8050,廣積,29,9,20,富邦-中壢,2023-01-11,9636
8933,愛地雅,33,13,20,富邦-中壢,2023-01-11,9636
00772B,中信高評級公司債,19,0,19,富邦-中壢,2023-01-11,9636
1453,大將,19,0,19,富邦-中壢,2023-01-11,9636
2330,台積電,38,20,18,富邦-中壢,2023-01-11,9636
00900,富邦特選高股息30,21,3,18,富邦-中壢,2023-01-11,9636
2883,凱基金,17,0,17,富邦-中壢,2023-01-11,9636
4747,強生,106,89,17,富邦-中壢,2023-01-11,9636
3027,盛達,24,8,16,富邦-中壢,2023-01-11,9636
9939,宏全,15,0,15,富邦-中壢,2023-01-11,9636
4924,欣厚-KY,27,12,15,富邦-中壢,2023-01-11,9636
00633L,富邦上証正2,21,6,15,富邦-中壢,2023-01-11,9636
1540,喬福,15,0,15,富邦-中壢,2023-01-11,9636
3498,陽程,31,17,14,富邦-中壢,2023-01-11,9636
5251,天鉞電,20,6,14,富邦-中壢,2023-01-11,9636
4561,健椿,14,0,14,富邦-中壢,2023-01-11,9636
6116,彩晶,20,6,14,富邦-中壢,2023-01-11,9636
3047,訊舟,14,0,14,富邦-中壢,2023-01-11,9636
2609,陽明,33,20,13,富邦-中壢,2023-01-11,9636
2892,第一金,15,2,13,富邦-中壢,2023-01-11,9636
4157,太景*-KY,12,0,12,富邦-中壢,2023-01-11,9636
3128,昇銳,13,1,12,富邦-中壢,2023-01-11,9636
00679B,元大美債20年,12,0,12,富邦-中壢,2023-01-11,9636
2359,所羅門,21,10,11,富邦-中壢,2023-01-11,9636
6231,系微,11,0,11,富邦-中壢,2023-01-11,9636
8171,天宇,15,4,11,富邦-中壢,2023-01-11,9636
1215,卜蜂,11,0,11,富邦-中壢,2023-01-11,9636
2405,輔信,10,0,10,富邦-中壢,2023-01-11,9636
8121,越峰,10,0,10,富邦-中壢,2023-01-11,9636
00715L,期街口布蘭特正2,10,0,10,富邦-中壢,2023-01-11,9636
00673R,期元大S＆P原油反1,50,40,10,富邦-中壢,2023-01-11,9636
1714,和桐,10,0,10,富邦-中壢,2023-01-11,9636
00882,中信中國高股息,347,2,345,富邦-中壢,2023-01-12,9636
6443,元晶,327,17,310,富邦-中壢,2023-01-12,9636
00650L,復華香港正2,230,92,138,富邦-中壢,2023-01-12,9636
00885,富邦越南,64,8,56,富邦-中壢,2023-01-12,9636
4128,中天,47,1,46,富邦-中壢,2023-01-12,9636
2610,華航,57,17,40,富邦-中壢,2023-01-12,9636
00878,國泰永續高股息,74,40,34,富邦-中壢,2023-01-12,9636
2892,第一金,34,1,33,富邦-中壢,2023-01-12,9636
2884,玉山金,34,1,33,富邦-中壢,2023-01-12,9636
2609,陽明,38,7,31,富邦-中壢,2023-01-12,9636
2317,鴻海,31,2,29,富邦-中壢,2023-01-12,9636
2324,仁寶,28,0,28,富邦-中壢,2023-01-12,9636
2891,中信金,30,3,27,富邦-中壢,2023-01-12,9636
00900,富邦特選高股息30,28,1,27,富邦-中壢,2023-01-12,9636
4155,訊映,27,0,27,富邦-中壢,2023-01-12,9636
4426,利勤,27,2,25,富邦-中壢,2023-01-12,9636
2038,海光,28,3,25,富邦-中壢,2023-01-12,9636
2201,裕隆,66,41,25,富邦-中壢,2023-01-12,9636
2495,普安,26,3,23,富邦-中壢,2023-01-12,9636
2603,長榮,31,8,23,富邦-中壢,2023-01-12,9636
2880,華南金,21,0,21,富邦-中壢,2023-01-12,9636
5263,智崴,30,9,21,富邦-中壢,2023-01-12,9636
2887,台新金,21,1,20,富邦-中壢,2023-01-12,9636
2230,泰茂,41,21,20,富邦-中壢,2023-01-12,9636
6220,岳豐,20,1,19,富邦-中壢,2023-01-12,9636
2633,台灣高鐵,16,0,16,富邦-中壢,2023-01-12,9636
1314,中石化,15,0,15,富邦-中壢,2023-01-12,9636
1540,喬福,15,0,15,富邦-中壢,2023-01-12,9636
2027,大成鋼,21,7,14,富邦-中壢,2023-01-12,9636
2313,華通,14,0,14,富邦-中壢,2023-01-12,9636
6129,普誠,21,7,14,富邦-中壢,2023-01-12,9636
4114,健喬,19,5,14,富邦-中壢,2023-01-12,9636
2607,榮運,13,0,13,富邦-中壢,2023-01-12,9636
1608,華榮,23,10,13,富邦-中壢,2023-01-12,9636
4743,合一,28,15,13,富邦-中壢,2023-01-12,9636
2615,萬海,29,16,13,富邦-中壢,2023-01-12,9636
2344,華邦電,15,3,12,富邦-中壢,2023-01-12,9636
3317,尼克森,12,0,12,富邦-中壢,2023-01-12,9636
1519,華城,14,3,11,富邦-中壢,2023-01-12,9636
9919,康那香,11,0,11,富邦-中壢,2023-01-12,9636
6245,立端,23,12,11,富邦-中壢,2023-01-12,9636
9941,裕融,11,1,10,富邦-中壢,2023-01-12,9636
2023,燁輝,10,0,10,富邦-中壢,2023-01-12,9636
8261,富鼎,15,5,10,富邦-中壢,2023-01-12,9636
3044,健鼎,10,0,10,富邦-中壢,2023-01-12,9636
2328,廣宇,19,9,10,富邦-中壢,2023-01-12,9636
2852,第一保,10,0,10,富邦-中壢,2023-01-12,9636
6215,和椿,10,0,10,富邦-中壢,2023-01-12,9636
2302,麗正,10,0,10,富邦-中壢,2023-01-12,9636
8069,元太,52,42,10,富邦-中壢,2023-01-12,9636
00632R,元大台灣50反1,367,14,353,富邦-中壢,2023-01-13,9636
00673R,期元大S＆P原油反1,121,1,120,富邦-中壢,2023-01-13,9636
00669R,國泰美國道瓊反1,101,0,101,富邦-中壢,2023-01-13,9636
4155,訊映,70,0,70,富邦-中壢,2023-01-13,9636
3047,訊舟,130,66,64,富邦-中壢,2023-01-13,9636
00701,國泰股利精選30,54,0,54,富邦-中壢,2023-01-13,9636
2838,聯邦銀,61,15,46,富邦-中壢,2023-01-13,9636
3703,欣陸,50,4,46,富邦-中壢,2023-01-13,9636
2317,鴻海,53,14,39,富邦-中壢,2023-01-13,9636
2442,新美齊,72,35,37,富邦-中壢,2023-01-13,9636
1605,華新,105,71,34,富邦-中壢,2023-01-13,9636
00680L,元大美債20正2,31,0,31,富邦-中壢,2023-01-13,9636
1540,喬福,30,0,30,富邦-中壢,2023-01-13,9636
2358,廷鑫,93,65,28,富邦-中壢,2023-01-13,9636
0056,元大高股息,35,7,28,富邦-中壢,2023-01-13,9636
4426,利勤,26,0,26,富邦-中壢,2023-01-13,9636
2371,大同,25,0,25,富邦-中壢,2023-01-13,9636
00905,FT臺灣Smart,24,0,24,富邦-中壢,2023-01-13,9636
00772B,中信高評級公司債,23,1,22,富邦-中壢,2023-01-13,9636
2030,彰源,22,0,22,富邦-中壢,2023-01-13,9636
2102,泰豐,22,0,22,富邦-中壢,2023-01-13,9636
2609,陽明,40,18,22,富邦-中壢,2023-01-13,9636
8215,明基材,20,0,20,富邦-中壢,2023-01-13,9636
6215,和椿,20,0,20,富邦-中壢,2023-01-13,9636
2506,太設,20,0,20,富邦-中壢,2023-01-13,9636
00676R,富邦臺灣加權反1,20,0,20,富邦-中壢,2023-01-13,9636
6770,力積電,36,18,18,富邦-中壢,2023-01-13,9636
2367,燿華,16,0,16,富邦-中壢,2023-01-13,9636
00720B,元大投資級公司債,16,0,16,富邦-中壢,2023-01-13,9636
2812,台中銀,16,1,15,富邦-中壢,2023-01-13,9636
8050,廣積,17,2,15,富邦-中壢,2023-01-13,9636
00753L,中信中國50正2,58,44,14,富邦-中壢,2023-01-13,9636
8049,晶采,14,0,14,富邦-中壢,2023-01-13,9636
2344,華邦電,21,7,14,富邦-中壢,2023-01-13,9636
1608,華榮,13,0,13,富邦-中壢,2023-01-13,9636
3508,位速,15,3,12,富邦-中壢,2023-01-13,9636
2465,麗臺,23,11,12,富邦-中壢,2023-01-13,9636
2454,聯發科,22,11,11,富邦-中壢,2023-01-13,9636
2484,希華,11,0,11,富邦-中壢,2023-01-13,9636
1708,東鹼,12,1,11,富邦-中壢,2023-01-13,9636
8086,宏捷科,13,2,11,富邦-中壢,2023-01-13,9636
5263,智崴,13,2,11,富邦-中壢,2023-01-13,9636
2607,榮運,10,0,10,富邦-中壢,2023-01-13,9636
1464,得力,10,0,10,富邦-中壢,2023-01-13,9636
2408,南亞科,10,0,10,富邦-中壢,2023-01-13,9636
1201,味全,10,0,10,富邦-中壢,2023-01-13,9636
1718,中纖,10,0,10,富邦-中壢,2023-01-13,9636
1611,中電,10,0,10,富邦-中壢,2023-01-13,9636
6220,岳豐,10,0,10,富邦-中壢,2023-01-13,9636
2359,所羅門,10,1,9,富邦-中壢,2023-01-13,9636
00632R,元大台灣50反1,430,35,395,富邦-中壢,2023-01-16,9636
00673R,期元大S＆P原油反1,109,0,109,富邦-中壢,2023-01-16,9636
2610,華航,115,22,93,富邦-中壢,2023-01-16,9636
9939,宏全,81,0,81,富邦-中壢,2023-01-16,9636
6770,力積電,89,12,77,富邦-中壢,2023-01-16,9636
00882,中信中國高股息,78,11,67,富邦-中壢,2023-01-16,9636
2317,鴻海,42,0,42,富邦-中壢,2023-01-16,9636
00720B,元大投資級公司債,51,10,41,富邦-中壢,2023-01-16,9636
1605,華新,72,32,40,富邦-中壢,2023-01-16,9636
2891,中信金,47,11,36,富邦-中壢,2023-01-16,9636
4167,松瑞藥,49,24,25,富邦-中壢,2023-01-16,9636
2482,連宇,83,60,23,富邦-中壢,2023-01-16,9636
5302,太欣,21,0,21,富邦-中壢,2023-01-16,9636
00885,富邦越南,30,10,20,富邦-中壢,2023-01-16,9636
2886,兆豐金,27,8,19,富邦-中壢,2023-01-16,9636
00772B,中信高評級公司債,16,0,16,富邦-中壢,2023-01-16,9636
3704,合勤控,20,4,16,富邦-中壢,2023-01-16,9636
9904,寶成,16,1,15,富邦-中壢,2023-01-16,9636
2034,允強,14,0,14,富邦-中壢,2023-01-16,9636
2342,茂矽,14,0,14,富邦-中壢,2023-01-16,9636
2241,艾姆勒,14,0,14,富邦-中壢,2023-01-16,9636
3013,晟銘電,14,1,13,富邦-中壢,2023-01-16,9636
6215,和椿,13,0,13,富邦-中壢,2023-01-16,9636
2465,麗臺,75,62,13,富邦-中壢,2023-01-16,9636
2637,慧洋-KY,13,0,13,富邦-中壢,2023-01-16,9636
00679B,元大美債20年,14,2,12,富邦-中壢,2023-01-16,9636
00921,兆豐龍頭等權重,12,0,12,富邦-中壢,2023-01-16,9636
00878,國泰永續高股息,91,80,11,富邦-中壢,2023-01-16,9636
3047,訊舟,101,90,11,富邦-中壢,2023-01-16,9636
1762,中化生,10,0,10,富邦-中壢,2023-01-16,9636
1720,生達,10,0,10,富邦-中壢,2023-01-16,9636
00717,富邦美國特別股,10,0,10,富邦-中壢,2023-01-16,9636
00908,富邦入息REITs+,10,0,10,富邦-中壢,2023-01-16,9636
00920,富邦ESG綠色電力,10,0,10,富邦-中壢,2023-01-16,9636
00655L,國泰中國A50正2,11,1,10,富邦-中壢,2023-01-16,9636
6167,久正,10,0,10,富邦-中壢,2023-01-16,9636
2520,冠德,10,0,10,富邦-中壢,2023-01-16,9636
2743,山富,10,0,10,富邦-中壢,2023-01-16,9636
6220,岳豐,10,0,10,富邦-中壢,2023-01-16,9636
6469,大樹,9,0,9,富邦-中壢,2023-01-16,9636
2542,興富發,9,0,9,富邦-中壢,2023-01-16,9636
3289,宜特,10,1,9,富邦-中壢,2023-01-16,9636
2881,富邦金,16,8,8,富邦-中壢,2023-01-16,9636
2609,陽明,31,24,7,富邦-中壢,2023-01-16,9636
2338,光罩,31,24,7,富邦-中壢,2023-01-16,9636
4426,利勤,7,0,7,富邦-中壢,2023-01-16,9636
4931,新盛力,7,0,7,富邦-中壢,2023-01-16,9636
2332,友訊,6,0,6,富邦-中壢,2023-01-16,9636
8916,光隆,14,8,6,富邦-中壢,2023-01-16,9636
2360,致茂,6,0,6,富邦-中壢,2023-01-16,9636
00632R,元大台灣50反1,286,18,268,富邦-中壢,2023-01-17,9636
6282,康舒,102,1,101,富邦-中壢,2023-01-17,9636
00676R,富邦臺灣加權反1,55,0,55,富邦-中壢,2023-01-17,9636
3047,訊舟,102,50,52,富邦-中壢,2023-01-17,9636
00882,中信中國高股息,49,0,49,富邦-中壢,2023-01-17,9636
2317,鴻海,51,2,49,富邦-中壢,2023-01-17,9636
2884,玉山金,37,2,35,富邦-中壢,2023-01-17,9636
00720B,元大投資級公司債,34,0,34,富邦-中壢,2023-01-17,9636
00637L,元大滬深300正2,66,33,33,富邦-中壢,2023-01-17,9636
9103,美德醫療-DR,29,0,29,富邦-中壢,2023-01-17,9636
6111,大宇資,27,0,27,富邦-中壢,2023-01-17,9636
4167,松瑞藥,33,8,25,富邦-中壢,2023-01-17,9636
2886,兆豐金,34,12,22,富邦-中壢,2023-01-17,9636
00772B,中信高評級公司債,20,0,20,富邦-中壢,2023-01-17,9636
2412,中華電,19,0,19,富邦-中壢,2023-01-17,9636
00878,國泰永續高股息,45,27,18,富邦-中壢,2023-01-17,9636
1721,三晃,19,1,18,富邦-中壢,2023-01-17,9636
2241,艾姆勒,18,0,18,富邦-中壢,2023-01-17,9636
3498,陽程,18,0,18,富邦-中壢,2023-01-17,9636
2637,慧洋-KY,17,0,17,富邦-中壢,2023-01-17,9636
2812,台中銀,16,0,16,富邦-中壢,2023-01-17,9636
00725B,國泰投資級公司債,15,0,15,富邦-中壢,2023-01-17,9636
8171,天宇,22,7,15,富邦-中壢,2023-01-17,9636
912000,晨訊科-DR,15,0,15,富邦-中壢,2023-01-17,9636
00770,國泰北美科技,19,4,15,富邦-中壢,2023-01-17,9636
2618,長榮航,22,7,15,富邦-中壢,2023-01-17,9636
6770,力積電,15,1,14,富邦-中壢,2023-01-17,9636
00751B,元大AAA至A公司債,13,0,13,富邦-中壢,2023-01-17,9636
1608,華榮,13,0,13,富邦-中壢,2023-01-17,9636
4950,牧東,13,0,13,富邦-中壢,2023-01-17,9636
9939,宏全,11,0,11,富邦-中壢,2023-01-17,9636
2929,淘帝-KY,11,0,11,富邦-中壢,2023-01-17,9636
6153,嘉聯益,11,0,11,富邦-中壢,2023-01-17,9636
1734,杏輝,11,0,11,富邦-中壢,2023-01-17,9636
1714,和桐,11,0,11,富邦-中壢,2023-01-17,9636
2368,金像電,11,0,11,富邦-中壢,2023-01-17,9636
2542,興富發,12,1,11,富邦-中壢,2023-01-17,9636
1402,遠東新,11,1,10,富邦-中壢,2023-01-17,9636
2102,泰豐,10,0,10,富邦-中壢,2023-01-17,9636
6167,久正,10,0,10,富邦-中壢,2023-01-17,9636
6290,良維,10,0,10,富邦-中壢,2023-01-17,9636
00905,FT臺灣Smart,10,0,10,富邦-中壢,2023-01-17,9636
1529,樂事綠能,25,15,10,富邦-中壢,2023-01-17,9636
4938,和碩,10,1,9,富邦-中壢,2023-01-17,9636
2607,榮運,9,0,9,富邦-中壢,2023-01-17,9636
8289,泰藝,8,0,8,富邦-中壢,2023-01-17,9636
3465,進泰電子,8,0,8,富邦-中壢,2023-01-17,9636
2371,大同,8,0,8,富邦-中壢,2023-01-17,9636
1219,福壽,10,2,8,富邦-中壢,2023-01-17,9636
5263,智崴,11,4,7,富邦-中壢,2023-01-17,9636
00632R,元大台灣50反1,1234,211,1023,富邦-中壢,2023-01-30,9636
00676R,富邦臺灣加權反1,300,0,300,富邦-中壢,2023-01-30,9636
2867,三商壽,203,12,191,富邦-中壢,2023-01-30,9636
2103,台橡,150,0,150,富邦-中壢,2023-01-30,9636
2317,鴻海,142,5,137,富邦-中壢,2023-01-30,9636
8069,元太,135,41,94,富邦-中壢,2023-01-30,9636
3682,亞太電,71,1,70,富邦-中壢,2023-01-30,9636
2349,錸德,54,0,54,富邦-中壢,2023-01-30,9636
00673R,期元大S＆P原油反1,78,25,53,富邦-中壢,2023-01-30,9636
00679B,元大美債20年,51,3,48,富邦-中壢,2023-01-30,9636
4904,遠傳,50,8,42,富邦-中壢,2023-01-30,9636
00753L,中信中國50正2,166,126,40,富邦-中壢,2023-01-30,9636
6116,彩晶,67,28,39,富邦-中壢,2023-01-30,9636
2812,台中銀,34,2,32,富邦-中壢,2023-01-30,9636
00674R,期元大S＆P黃金反1,31,0,31,富邦-中壢,2023-01-30,9636
2482,連宇,76,46,30,富邦-中壢,2023-01-30,9636
3706,神達,30,0,30,富邦-中壢,2023-01-30,9636
2615,萬海,46,17,29,富邦-中壢,2023-01-30,9636
4162,智擎,36,11,25,富邦-中壢,2023-01-30,9636
8996,高力,59,34,25,富邦-中壢,2023-01-30,9636
9105,泰金寶-DR,25,0,25,富邦-中壢,2023-01-30,9636
2889,國票金,31,7,24,富邦-中壢,2023-01-30,9636
1304,台聚,22,0,22,富邦-中壢,2023-01-30,9636
1519,華城,37,16,21,富邦-中壢,2023-01-30,9636
2367,燿華,33,12,21,富邦-中壢,2023-01-30,9636
2102,泰豐,20,0,20,富邦-中壢,2023-01-30,9636
8150,南茂,20,0,20,富邦-中壢,2023-01-30,9636
00751B,元大AAA至A公司債,18,0,18,富邦-中壢,2023-01-30,9636
6806,森崴能源,21,3,18,富邦-中壢,2023-01-30,9636
2609,陽明,41,24,17,富邦-中壢,2023-01-30,9636
9904,寶成,16,0,16,富邦-中壢,2023-01-30,9636
00683L,期元大美元指正2,20,4,16,富邦-中壢,2023-01-30,9636
00717,富邦美國特別股,27,11,16,富邦-中壢,2023-01-30,9636
00712,復華富時不動產,19,4,15,富邦-中壢,2023-01-30,9636
1608,華榮,17,2,15,富邦-中壢,2023-01-30,9636
2368,金像電,18,4,14,富邦-中壢,2023-01-30,9636
2340,台亞,15,2,13,富邦-中壢,2023-01-30,9636
00653L,富邦印度正2,13,0,13,富邦-中壢,2023-01-30,9636
2880,華南金,26,14,12,富邦-中壢,2023-01-30,9636
1513,中興電,32,21,11,富邦-中壢,2023-01-30,9636
6461,益得,11,0,11,富邦-中壢,2023-01-30,9636
6547,高端疫苗,10,0,10,富邦-中壢,2023-01-30,9636
4106,雃博,13,3,10,富邦-中壢,2023-01-30,9636
3576,聯合再生,12,2,10,富邦-中壢,2023-01-30,9636
2354,鴻準,25,15,10,富邦-中壢,2023-01-30,9636
1795,美時,12,3,9,富邦-中壢,2023-01-30,9636
2353,宏��,13,4,9,富邦-中壢,2023-01-30,9636
1560,中砂,20,11,9,富邦-中壢,2023-01-30,9636
6118,建達,9,0,9,富邦-中壢,2023-01-30,9636
6530,創威,9,0,9,富邦-中壢,2023-01-30,9636
00905,FT臺灣Smart,140,0,140,富邦-中壢,2023-01-31,9636
6282,康舒,222,86,136,富邦-中壢,2023-01-31,9636
00632R,元大台灣50反1,135,4,131,富邦-中壢,2023-01-31,9636
2892,第一金,121,2,119,富邦-中壢,2023-01-31,9636
00878,國泰永續高股息,195,92,103,富邦-中壢,2023-01-31,9636
00676R,富邦臺灣加權反1,99,0,99,富邦-中壢,2023-01-31,9636
6285,啟��,102,6,96,富邦-中壢,2023-01-31,9636
5483,中美晶,101,5,96,富邦-中壢,2023-01-31,9636
00893,國泰智能電動車,69,7,62,富邦-中壢,2023-01-31,9636
00679B,元大美債20年,61,0,61,富邦-中壢,2023-01-31,9636
00900,富邦特選高股息30,68,10,58,富邦-中壢,2023-01-31,9636
2880,華南金,54,0,54,富邦-中壢,2023-01-31,9636
3372,典範,51,1,50,富邦-中壢,2023-01-31,9636
00637L,元大滬深300正2,45,2,43,富邦-中壢,2023-01-31,9636
5880,合庫金,40,0,40,富邦-中壢,2023-01-31,9636
2324,仁寶,33,0,33,富邦-中壢,2023-01-31,9636
6226,光鼎,33,0,33,富邦-中壢,2023-01-31,9636
3380,明泰,33,1,32,富邦-中壢,2023-01-31,9636
2330,台積電,52,20,32,富邦-中壢,2023-01-31,9636
00772B,中信高評級公司債,32,3,29,富邦-中壢,2023-01-31,9636
2002,中鋼,66,41,25,富邦-中壢,2023-01-31,9636
2201,裕隆,156,132,24,富邦-中壢,2023-01-31,9636
1608,華榮,38,14,24,富邦-中壢,2023-01-31,9636
00720B,元大投資級公司債,23,0,23,富邦-中壢,2023-01-31,9636
3017,奇鋐,25,2,23,富邦-中壢,2023-01-31,9636
00895,富邦未來車,25,2,23,富邦-中壢,2023-01-31,9636
4927,泰鼎-KY,24,3,21,富邦-中壢,2023-01-31,9636
00686R,群益臺灣加權反1,20,0,20,富邦-中壢,2023-01-31,9636
00728,第一金工業30,23,3,20,富邦-中壢,2023-01-31,9636
2615,萬海,28,9,19,富邦-中壢,2023-01-31,9636
2314,台揚,20,2,18,富邦-中壢,2023-01-31,9636
4931,新盛力,26,8,18,富邦-中壢,2023-01-31,9636
4979,華星光,80,62,18,富邦-中壢,2023-01-31,9636
2344,華邦電,28,12,16,富邦-中壢,2023-01-31,9636
3535,晶彩科,16,0,16,富邦-中壢,2023-01-31,9636
00882,中信中國高股息,26,11,15,富邦-中壢,2023-01-31,9636
3432,台端,15,0,15,富邦-中壢,2023-01-31,9636
5347,世界,19,4,15,富邦-中壢,2023-01-31,9636
3419,譁裕,14,0,14,富邦-中壢,2023-01-31,9636
00712,復華富時不動產,13,0,13,富邦-中壢,2023-01-31,9636
2887,台新金,36,23,13,富邦-中壢,2023-01-31,9636
8050,廣積,12,0,12,富邦-中壢,2023-01-31,9636
1721,三晃,12,0,12,富邦-中壢,2023-01-31,9636
2421,建準,12,0,12,富邦-中壢,2023-01-31,9636
2610,華航,74,62,12,富邦-中壢,2023-01-31,9636
00642U,期元大S＆P石油,12,0,12,富邦-中壢,2023-01-31,9636
00713,元大台灣高息低波,11,0,11,富邦-中壢,2023-01-31,9636
1519,華城,24,13,11,富邦-中壢,2023-01-31,9636
2380,虹光,18,7,11,富邦-中壢,2023-01-31,9636
6153,嘉聯益,15,4,11,富邦-中壢,2023-01-31,9636
00632R,元大台灣50反1,395,28,367,富邦-中壢,2023-02-01,9636
00665L,富邦�琤肭磪囓�2,200,0,200,富邦-中壢,2023-02-01,9636
00905,FT臺灣Smart,118,0,118,富邦-中壢,2023-02-01,9636
9904,寶成,64,0,64,富邦-中壢,2023-02-01,9636
00633L,富邦上証正2,63,0,63,富邦-中壢,2023-02-01,9636
00671R,富邦NASDAQ反1,57,0,57,富邦-中壢,2023-02-01,9636
00893,國泰智能電動車,74,18,56,富邦-中壢,2023-02-01,9636
00637L,元大滬深300正2,67,12,55,富邦-中壢,2023-02-01,9636
3481,群創,64,13,51,富邦-中壢,2023-02-01,9636
5483,中美晶,50,6,44,富邦-中壢,2023-02-01,9636
00900,富邦特選高股息30,47,3,44,富邦-中壢,2023-02-01,9636
2317,鴻海,63,25,38,富邦-中壢,2023-02-01,9636
2891,中信金,42,4,38,富邦-中壢,2023-02-01,9636
1591,駿吉-KY,43,6,37,富邦-中壢,2023-02-01,9636
2884,玉山金,38,3,35,富邦-中壢,2023-02-01,9636
2009,第一銅,79,47,32,富邦-中壢,2023-02-01,9636
3704,合勤控,99,67,32,富邦-中壢,2023-02-01,9636
2834,臺企銀,51,21,30,富邦-中壢,2023-02-01,9636
2324,仁寶,30,2,28,富邦-中壢,2023-02-01,9636
2412,中華電,28,1,27,富邦-中壢,2023-02-01,9636
6244,茂迪,35,8,27,富邦-中壢,2023-02-01,9636
2352,佳世達,25,1,24,富邦-中壢,2023-02-01,9636
8033,雷虎,33,10,23,富邦-中壢,2023-02-01,9636
8222,寶一,80,58,22,富邦-中壢,2023-02-01,9636
00882,中信中國高股息,22,1,21,富邦-中壢,2023-02-01,9636
6118,建達,30,10,20,富邦-中壢,2023-02-01,9636
5425,台半,49,30,19,富邦-中壢,2023-02-01,9636
2888,新光金,18,0,18,富邦-中壢,2023-02-01,9636
1605,華新,179,161,18,富邦-中壢,2023-02-01,9636
2038,海光,20,2,18,富邦-中壢,2023-02-01,9636
4979,華星光,37,19,18,富邦-中壢,2023-02-01,9636
00673R,期元大S＆P原油反1,17,0,17,富邦-中壢,2023-02-01,9636
8105,凌巨,45,29,16,富邦-中壢,2023-02-01,9636
2492,華新科,28,12,16,富邦-中壢,2023-02-01,9636
2812,台中銀,15,0,15,富邦-中壢,2023-02-01,9636
2603,長榮,20,5,15,富邦-中壢,2023-02-01,9636
4128,中天,17,3,14,富邦-中壢,2023-02-01,9636
6719,力智,23,9,14,富邦-中壢,2023-02-01,9636
8996,高力,52,39,13,富邦-中壢,2023-02-01,9636
1752,南光,17,4,13,富邦-中壢,2023-02-01,9636
2409,友達,27,14,13,富邦-中壢,2023-02-01,9636
2892,第一金,14,1,13,富邦-中壢,2023-02-01,9636
2465,麗臺,15,3,12,富邦-中壢,2023-02-01,9636
5284,jpp-KY,12,0,12,富邦-中壢,2023-02-01,9636
8478,東哥遊艇,27,16,11,富邦-中壢,2023-02-01,9636
6217,中探針,11,0,11,富邦-中壢,2023-02-01,9636
00720B,元大投資級公司債,12,1,11,富邦-中壢,2023-02-01,9636
2363,矽統,11,0,11,富邦-中壢,2023-02-01,9636
4102,永日,10,0,10,富邦-中壢,2023-02-01,9636
4155,訊映,10,0,10,富邦-中壢,2023-02-01,9636
00664R,國泰臺灣加權反1,502,14,488,富邦-中壢,2023-02-02,9636
00715L,期街口布蘭特正2,322,0,322,富邦-中壢,2023-02-02,9636
00900,富邦特選高股息30,257,98,159,富邦-中壢,2023-02-02,9636
00885,富邦越南,139,6,133,富邦-中壢,2023-02-02,9636
0056,元大高股息,161,45,116,富邦-中壢,2023-02-02,9636
6443,元晶,161,53,108,富邦-中壢,2023-02-02,9636
2618,長榮航,116,45,71,富邦-中壢,2023-02-02,9636
2201,裕隆,133,64,69,富邦-中壢,2023-02-02,9636
2329,華泰,67,2,65,富邦-中壢,2023-02-02,9636
2337,旺宏,89,26,63,富邦-中壢,2023-02-02,9636
1417,嘉裕,61,0,61,富邦-中壢,2023-02-02,9636
2102,泰豐,60,0,60,富邦-中壢,2023-02-02,9636
2323,中環,60,2,58,富邦-中壢,2023-02-02,9636
00882,中信中國高股息,61,5,56,富邦-中壢,2023-02-02,9636
2317,鴻海,71,15,56,富邦-中壢,2023-02-02,9636
00674R,期元大S＆P黃金反1,50,0,50,富邦-中壢,2023-02-02,9636
00772B,中信高評級公司債,53,12,41,富邦-中壢,2023-02-02,9636
2014,中鴻,40,0,40,富邦-中壢,2023-02-02,9636
2610,華航,150,110,40,富邦-中壢,2023-02-02,9636
2208,台船,50,11,39,富邦-中壢,2023-02-02,9636
9945,潤泰新,47,9,38,富邦-中壢,2023-02-02,9636
2867,三商壽,40,4,36,富邦-中壢,2023-02-02,9636
00637L,元大滬深300正2,41,5,36,富邦-中壢,2023-02-02,9636
2891,中信金,39,4,35,富邦-中壢,2023-02-02,9636
00902,中信電池及儲能,36,3,33,富邦-中壢,2023-02-02,9636
00671R,富邦NASDAQ反1,32,0,32,富邦-中壢,2023-02-02,9636
6129,普誠,79,49,30,富邦-中壢,2023-02-02,9636
3704,合勤控,92,64,28,富邦-中壢,2023-02-02,9636
00676R,富邦臺灣加權反1,25,0,25,富邦-中壢,2023-02-02,9636
2327,國巨,27,3,24,富邦-中壢,2023-02-02,9636
1513,中興電,72,48,24,富邦-中壢,2023-02-02,9636
6441,廣錠,26,3,23,富邦-中壢,2023-02-02,9636
3205,佰研,26,3,23,富邦-中壢,2023-02-02,9636
3712,永崴投控,23,1,22,富邦-中壢,2023-02-02,9636
00679B,元大美債20年,27,5,22,富邦-中壢,2023-02-02,9636
3545,敦泰,42,20,22,富邦-中壢,2023-02-02,9636
5011,久陽,21,0,21,富邦-中壢,2023-02-02,9636
1101,台泥,26,6,20,富邦-中壢,2023-02-02,9636
9958,世紀鋼,24,4,20,富邦-中壢,2023-02-02,9636
1210,大成,20,0,20,富邦-中壢,2023-02-02,9636
4413,飛寶企業,20,0,20,富邦-中壢,2023-02-02,9636
5706,鳳凰,20,0,20,富邦-中壢,2023-02-02,9636
1609,大亞,32,12,20,富邦-中壢,2023-02-02,9636
2912,統一超,19,0,19,富邦-中壢,2023-02-02,9636
9904,寶成,20,1,19,富邦-中壢,2023-02-02,9636
00653L,富邦印度正2,19,0,19,富邦-中壢,2023-02-02,9636
5302,太欣,20,1,19,富邦-中壢,2023-02-02,9636
3041,揚智,19,1,18,富邦-中壢,2023-02-02,9636
4927,泰鼎-KY,20,4,16,富邦-中壢,2023-02-02,9636
2637,慧洋-KY,27,11,16,富邦-中壢,2023-02-02,9636
00650L,復華香港正2,302,0,302,富邦-中壢,2023-02-03,9636
00878,國泰永續高股息,233,34,199,富邦-中壢,2023-02-03,9636
00637L,元大滬深300正2,133,3,130,富邦-中壢,2023-02-03,9636
0056,元大高股息,142,35,107,富邦-中壢,2023-02-03,9636
00715L,期街口布蘭特正2,108,10,98,富邦-中壢,2023-02-03,9636
00633L,富邦上証正2,94,0,94,富邦-中壢,2023-02-03,9636
2014,中鴻,93,3,90,富邦-中壢,2023-02-03,9636
00882,中信中國高股息,87,3,84,富邦-中壢,2023-02-03,9636
2371,大同,81,0,81,富邦-中壢,2023-02-03,9636
00632R,元大台灣50反1,200,120,80,富邦-中壢,2023-02-03,9636
4157,太景*-KY,90,10,80,富邦-中壢,2023-02-03,9636
4167,松瑞藥,81,20,61,富邦-中壢,2023-02-03,9636
2323,中環,52,0,52,富邦-中壢,2023-02-03,9636
6589,台康生技,52,4,48,富邦-中壢,2023-02-03,9636
2834,臺企銀,69,22,47,富邦-中壢,2023-02-03,9636
2888,新光金,47,0,47,富邦-中壢,2023-02-03,9636
3093,港建*,46,1,45,富邦-中壢,2023-02-03,9636
4114,健喬,53,9,44,富邦-中壢,2023-02-03,9636
2610,華航,107,63,44,富邦-中壢,2023-02-03,9636
6269,台郡,41,0,41,富邦-中壢,2023-02-03,9636
00885,富邦越南,54,15,39,富邦-中壢,2023-02-03,9636
2891,中信金,38,1,37,富邦-中壢,2023-02-03,9636
2002,中鋼,37,4,33,富邦-中壢,2023-02-03,9636
00753L,中信中國50正2,32,1,31,富邦-中壢,2023-02-03,9636
00642U,期元大S＆P石油,31,0,31,富邦-中壢,2023-02-03,9636
2897,王道銀行,39,9,30,富邦-中壢,2023-02-03,9636
9945,潤泰新,32,4,28,富邦-中壢,2023-02-03,9636
2317,鴻海,31,5,26,富邦-中壢,2023-02-03,9636
4564,元翎,21,0,21,富邦-中壢,2023-02-03,9636
1591,駿吉-KY,33,12,21,富邦-中壢,2023-02-03,9636
2603,長榮,78,57,21,富邦-中壢,2023-02-03,9636
3037,欣興,27,7,20,富邦-中壢,2023-02-03,9636
2884,玉山金,22,2,20,富邦-中壢,2023-02-03,9636
8450,霹靂,20,0,20,富邦-中壢,2023-02-03,9636
00676R,富邦臺灣加權反1,20,0,20,富邦-中壢,2023-02-03,9636
5258,虹堡,121,101,20,富邦-中壢,2023-02-03,9636
00900,富邦特選高股息30,31,11,20,富邦-中壢,2023-02-03,9636
2882,國泰金,46,26,20,富邦-中壢,2023-02-03,9636
2409,友達,20,1,19,富邦-中壢,2023-02-03,9636
2618,長榮航,25,6,19,富邦-中壢,2023-02-03,9636
3481,群創,25,6,19,富邦-中壢,2023-02-03,9636
4162,智擎,34,15,19,富邦-中壢,2023-02-03,9636
5483,中美晶,20,1,19,富邦-中壢,2023-02-03,9636
5351,鈺創,70,51,19,富邦-中壢,2023-02-03,9636
2881,富邦金,19,1,18,富邦-中壢,2023-02-03,9636
3047,訊舟,16,0,16,富邦-中壢,2023-02-03,9636
00671R,富邦NASDAQ反1,38,22,16,富邦-中壢,2023-02-03,9636
4979,華星光,27,11,16,富邦-中壢,2023-02-03,9636
3508,位速,21,6,15,富邦-中壢,2023-02-03,9636
6531,愛普*,27,13,14,富邦-中壢,2023-02-03,9636
00878,國泰永續高股息,373,20,353,富邦-中壢,2023-02-06,9636
00715L,期街口布蘭特正2,330,16,314,富邦-中壢,2023-02-06,9636
00882,中信中國高股息,189,0,189,富邦-中壢,2023-02-06,9636
9105,泰金寶-DR,171,0,171,富邦-中壢,2023-02-06,9636
2498,宏達電,361,199,162,富邦-中壢,2023-02-06,9636
4555,氣立,100,0,100,富邦-中壢,2023-02-06,9636
00679B,元大美債20年,103,5,98,富邦-中壢,2023-02-06,9636
6188,廣明,96,2,94,富邦-中壢,2023-02-06,9636
00671R,富邦NASDAQ反1,90,0,90,富邦-中壢,2023-02-06,9636
00751B,元大AAA至A公司債,77,0,77,富邦-中壢,2023-02-06,9636
00637L,元大滬深300正2,76,2,74,富邦-中壢,2023-02-06,9636
6282,康舒,122,60,62,富邦-中壢,2023-02-06,9636
2884,玉山金,85,24,61,富邦-中壢,2023-02-06,9636
00650L,復華香港正2,56,1,55,富邦-中壢,2023-02-06,9636
00633L,富邦上証正2,73,20,53,富邦-中壢,2023-02-06,9636
3037,欣興,142,90,52,富邦-中壢,2023-02-06,9636
00900,富邦特選高股息30,60,9,51,富邦-中壢,2023-02-06,9636
2359,所羅門,50,2,48,富邦-中壢,2023-02-06,9636
2609,陽明,65,18,47,富邦-中壢,2023-02-06,9636
2201,裕隆,53,10,43,富邦-中壢,2023-02-06,9636
00664R,國泰臺灣加權反1,50,10,40,富邦-中壢,2023-02-06,9636
00638R,元大滬深300反1,40,0,40,富邦-中壢,2023-02-06,9636
1591,駿吉-KY,40,3,37,富邦-中壢,2023-02-06,9636
2603,長榮,40,3,37,富邦-中壢,2023-02-06,9636
0056,元大高股息,38,4,34,富邦-中壢,2023-02-06,9636
00772B,中信高評級公司債,36,3,33,富邦-中壢,2023-02-06,9636
2330,台積電,43,10,33,富邦-中壢,2023-02-06,9636
00680L,元大美債20正2,32,0,32,富邦-中壢,2023-02-06,9636
2002,中鋼,35,4,31,富邦-中壢,2023-02-06,9636
9945,潤泰新,34,5,29,富邦-中壢,2023-02-06,9636
2867,三商壽,32,3,29,富邦-中壢,2023-02-06,9636
1752,南光,129,102,27,富邦-中壢,2023-02-06,9636
5009,榮剛,26,2,24,富邦-中壢,2023-02-06,9636
2344,華邦電,23,0,23,富邦-中壢,2023-02-06,9636
2890,永豐金,26,3,23,富邦-中壢,2023-02-06,9636
00642U,期元大S＆P石油,23,0,23,富邦-中壢,2023-02-06,9636
2368,金像電,33,11,22,富邦-中壢,2023-02-06,9636
2014,中鴻,21,0,21,富邦-中壢,2023-02-06,9636
3035,智原,31,11,20,富邦-中壢,2023-02-06,9636
2883,凱基金,22,2,20,富邦-中壢,2023-02-06,9636
9941,裕融,20,0,20,富邦-中壢,2023-02-06,9636
00905,FT臺灣Smart,20,0,20,富邦-中壢,2023-02-06,9636
00676R,富邦臺灣加權反1,23,3,20,富邦-中壢,2023-02-06,9636
3162,精確,22,3,19,富邦-中壢,2023-02-06,9636
00665L,富邦�琤肭磪囓�2,19,0,19,富邦-中壢,2023-02-06,9636
6589,台康生技,26,7,19,富邦-中壢,2023-02-06,9636
5880,合庫金,18,0,18,富邦-中壢,2023-02-06,9636
2880,華南金,18,0,18,富邦-中壢,2023-02-06,9636
2812,台中銀,17,0,17,富邦-中壢,2023-02-06,9636
2892,第一金,16,0,16,富邦-中壢,2023-02-06,9636
2867,三商壽,209,1,208,富邦-中壢,2023-02-07,9636
00715L,期街口布蘭特正2,264,64,200,富邦-中壢,2023-02-07,9636
00878,國泰永續高股息,171,4,167,富邦-中壢,2023-02-07,9636
00632R,元大台灣50反1,139,0,139,富邦-中壢,2023-02-07,9636
00665L,富邦�琤肭磪囓�2,106,0,106,富邦-中壢,2023-02-07,9636
0061,元大寶滬深,100,0,100,富邦-中壢,2023-02-07,9636
6235,華孚,109,50,59,富邦-中壢,2023-02-07,9636
2303,聯電,92,37,55,富邦-中壢,2023-02-07,9636
00708L,期元大S＆P黃金正2,50,0,50,富邦-中壢,2023-02-07,9636
3093,港建*,56,6,50,富邦-中壢,2023-02-07,9636
3041,揚智,48,0,48,富邦-中壢,2023-02-07,9636
00893,國泰智能電動車,100,53,47,富邦-中壢,2023-02-07,9636
2884,玉山金,46,0,46,富邦-中壢,2023-02-07,9636
6461,益得,33,0,33,富邦-中壢,2023-02-07,9636
2881,富邦金,36,4,32,富邦-中壢,2023-02-07,9636
2834,臺企銀,68,36,32,富邦-中壢,2023-02-07,9636
2201,裕隆,79,47,32,富邦-中壢,2023-02-07,9636
6111,大宇資,31,0,31,富邦-中壢,2023-02-07,9636
2838,聯邦銀,70,40,30,富邦-中壢,2023-02-07,9636
4536,拓凱,30,0,30,富邦-中壢,2023-02-07,9636
5309,系統電,47,17,30,富邦-中壢,2023-02-07,9636
9105,泰金寶-DR,27,0,27,富邦-中壢,2023-02-07,9636
4114,健喬,96,70,26,富邦-中壢,2023-02-07,9636
4426,利勤,26,0,26,富邦-中壢,2023-02-07,9636
00885,富邦越南,29,3,26,富邦-中壢,2023-02-07,9636
9904,寶成,24,0,24,富邦-中壢,2023-02-07,9636
2368,金像電,24,1,23,富邦-中壢,2023-02-07,9636
2887,台新金,23,0,23,富邦-中壢,2023-02-07,9636
1605,華新,96,74,22,富邦-中壢,2023-02-07,9636
4162,智擎,35,13,22,富邦-中壢,2023-02-07,9636
5483,中美晶,30,8,22,富邦-中壢,2023-02-07,9636
3037,欣興,28,7,21,富邦-中壢,2023-02-07,9636
4167,松瑞藥,49,28,21,富邦-中壢,2023-02-07,9636
6188,廣明,23,3,20,富邦-中壢,2023-02-07,9636
2425,承啟,21,1,20,富邦-中壢,2023-02-07,9636
1591,駿吉-KY,23,3,20,富邦-中壢,2023-02-07,9636
2313,華通,18,1,17,富邦-中壢,2023-02-07,9636
00751B,元大AAA至A公司債,27,10,17,富邦-中壢,2023-02-07,9636
2344,華邦電,16,0,16,富邦-中壢,2023-02-07,9636
4164,承業醫,22,6,16,富邦-中壢,2023-02-07,9636
6770,力積電,21,5,16,富邦-中壢,2023-02-07,9636
2330,台積電,18,2,16,富邦-中壢,2023-02-07,9636
1449,佳和,15,0,15,富邦-中壢,2023-02-07,9636
00669R,國泰美國道瓊反1,25,10,15,富邦-中壢,2023-02-07,9636
2812,台中銀,15,0,15,富邦-中壢,2023-02-07,9636
00706L,期元大S＆P日圓正2,15,0,15,富邦-中壢,2023-02-07,9636
00753L,中信中國50正2,15,0,15,富邦-中壢,2023-02-07,9636
3046,建��,40,25,15,富邦-中壢,2023-02-07,9636
1609,大亞,16,2,14,富邦-中壢,2023-02-07,9636
6282,康舒,102,88,14,富邦-中壢,2023-02-07,9636
00650L,復華香港正2,140,0,140,富邦-中壢,2023-02-08,9636
00665L,富邦�琤肭磪囓�2,105,0,105,富邦-中壢,2023-02-08,9636
00878,國泰永續高股息,96,11,85,富邦-中壢,2023-02-08,9636
00632R,元大台灣50反1,208,137,71,富邦-中壢,2023-02-08,9636
1303,南亞,65,2,63,富邦-中壢,2023-02-08,9636
6570,維田,53,0,53,富邦-中壢,2023-02-08,9636
2328,廣宇,64,11,53,富邦-中壢,2023-02-08,9636
1442,名軒,50,0,50,富邦-中壢,2023-02-08,9636
00885,富邦越南,52,3,49,富邦-中壢,2023-02-08,9636
5483,中美晶,50,2,48,富邦-中壢,2023-02-08,9636
6589,台康生技,76,29,47,富邦-中壢,2023-02-08,9636
1605,華新,82,39,43,富邦-中壢,2023-02-08,9636
4167,松瑞藥,72,31,41,富邦-中壢,2023-02-08,9636
2425,承啟,51,10,41,富邦-中壢,2023-02-08,9636
2472,立隆電,40,0,40,富邦-中壢,2023-02-08,9636
2201,裕隆,87,49,38,富邦-中壢,2023-02-08,9636
00753L,中信中國50正2,38,0,38,富邦-中壢,2023-02-08,9636
2884,玉山金,43,6,37,富邦-中壢,2023-02-08,9636
1513,中興電,44,9,35,富邦-中壢,2023-02-08,9636
00882,中信中國高股息,34,0,34,富邦-中壢,2023-02-08,9636
3710,連展投控,51,18,33,富邦-中壢,2023-02-08,9636
5009,榮剛,35,4,31,富邦-中壢,2023-02-08,9636
6541,泰福-KY,33,3,30,富邦-中壢,2023-02-08,9636
2881,富邦金,29,1,28,富邦-中壢,2023-02-08,9636
2344,華邦電,53,26,27,富邦-中壢,2023-02-08,9636
00720B,元大投資級公司債,27,0,27,富邦-中壢,2023-02-08,9636
00676R,富邦臺灣加權反1,27,0,27,富邦-中壢,2023-02-08,9636
2610,華航,38,11,27,富邦-中壢,2023-02-08,9636
3498,陽程,35,8,27,富邦-中壢,2023-02-08,9636
6461,益得,25,0,25,富邦-中壢,2023-02-08,9636
2401,凌陽,48,24,24,富邦-中壢,2023-02-08,9636
2886,兆豐金,25,3,22,富邦-中壢,2023-02-08,9636
3207,耀勝,23,1,22,富邦-中壢,2023-02-08,9636
6443,元晶,30,9,21,富邦-中壢,2023-02-08,9636
4979,華星光,44,23,21,富邦-中壢,2023-02-08,9636
1611,中電,20,0,20,富邦-中壢,2023-02-08,9636
2801,彰銀,20,0,20,富邦-中壢,2023-02-08,9636
1721,三晃,20,0,20,富邦-中壢,2023-02-08,9636
2897,王道銀行,23,4,19,富邦-中壢,2023-02-08,9636
5388,中磊,23,4,19,富邦-中壢,2023-02-08,9636
2371,大同,26,7,19,富邦-中壢,2023-02-08,9636
00751B,元大AAA至A公司債,18,0,18,富邦-中壢,2023-02-08,9636
3264,欣銓,18,2,16,富邦-中壢,2023-02-08,9636
2883,凱基金,15,0,15,富邦-中壢,2023-02-08,9636
2838,聯邦銀,30,15,15,富邦-中壢,2023-02-08,9636
2317,鴻海,16,2,14,富邦-中壢,2023-02-08,9636
00637L,元大滬深300正2,14,0,14,富邦-中壢,2023-02-08,9636
00652,富邦印度,14,0,14,富邦-中壢,2023-02-08,9636
3594,磐儀,14,0,14,富邦-中壢,2023-02-08,9636
2882,國泰金,16,2,14,富邦-中壢,2023-02-08,9636
00878,國泰永續高股息,147,14,133,富邦-中壢,2023-02-09,9636
00673R,期元大S＆P原油反1,113,0,113,富邦-中壢,2023-02-09,9636
2344,華邦電,146,48,98,富邦-中壢,2023-02-09,9636
3363,上詮,82,0,82,富邦-中壢,2023-02-09,9636
2443,昶虹,78,0,78,富邦-中壢,2023-02-09,9636
5880,合庫金,49,0,49,富邦-中壢,2023-02-09,9636
6570,維田,48,1,47,富邦-中壢,2023-02-09,9636
2618,長榮航,59,16,43,富邦-中壢,2023-02-09,9636
2388,威盛,82,40,42,富邦-中壢,2023-02-09,9636
00676R,富邦臺灣加權反1,42,0,42,富邦-中壢,2023-02-09,9636
3481,群創,68,30,38,富邦-中壢,2023-02-09,9636
2891,中信金,45,9,36,富邦-中壢,2023-02-09,9636
1442,名軒,35,0,35,富邦-中壢,2023-02-09,9636
4128,中天,51,17,34,富邦-中壢,2023-02-09,9636
2483,百容,30,0,30,富邦-中壢,2023-02-09,9636
00753L,中信中國50正2,35,5,30,富邦-中壢,2023-02-09,9636
6531,愛普*,39,10,29,富邦-中壢,2023-02-09,9636
9945,潤泰新,28,0,28,富邦-中壢,2023-02-09,9636
3128,昇銳,63,35,28,富邦-中壢,2023-02-09,9636
00680L,元大美債20正2,28,0,28,富邦-中壢,2023-02-09,9636
6719,力智,49,22,27,富邦-中壢,2023-02-09,9636
00720B,元大投資級公司債,25,0,25,富邦-中壢,2023-02-09,9636
8289,泰藝,31,6,25,富邦-中壢,2023-02-09,9636
2368,金像電,27,4,23,富邦-中壢,2023-02-09,9636
4162,智擎,39,17,22,富邦-中壢,2023-02-09,9636
2327,國巨,28,6,22,富邦-中壢,2023-02-09,9636
6104,創惟,39,18,21,富邦-中壢,2023-02-09,9636
5351,鈺創,30,10,20,富邦-中壢,2023-02-09,9636
2610,華航,30,10,20,富邦-中壢,2023-02-09,9636
6770,力積電,20,1,19,富邦-中壢,2023-02-09,9636
2884,玉山金,25,6,19,富邦-中壢,2023-02-09,9636
2892,第一金,18,0,18,富邦-中壢,2023-02-09,9636
4114,健喬,87,70,17,富邦-中壢,2023-02-09,9636
2834,臺企銀,33,15,18,富邦-中壢,2023-02-09,9636
2354,鴻準,23,6,17,富邦-中壢,2023-02-09,9636
2607,榮運,33,16,17,富邦-中壢,2023-02-09,9636
00632R,元大台灣50反1,16,0,16,富邦-中壢,2023-02-09,9636
8033,雷虎,25,9,16,富邦-中壢,2023-02-09,9636
3027,盛達,19,3,16,富邦-中壢,2023-02-09,9636
6589,台康生技,26,11,15,富邦-中壢,2023-02-09,9636
00679B,元大美債20年,17,2,15,富邦-中壢,2023-02-09,9636
3703,欣陸,16,1,15,富邦-中壢,2023-02-09,9636
6550,北極星藥業-KY,23,8,15,富邦-中壢,2023-02-09,9636
2201,裕隆,39,25,14,富邦-中壢,2023-02-09,9636
1524,耿鼎,15,1,14,富邦-中壢,2023-02-09,9636
6120,達運,13,0,13,富邦-中壢,2023-02-09,9636
1589,永冠-KY,14,1,13,富邦-中壢,2023-02-09,9636
6568,宏觀,13,0,13,富邦-中壢,2023-02-09,9636
8104,錸寶,13,0,13,富邦-中壢,2023-02-09,9636
3545,敦泰,26,13,13,富邦-中壢,2023-02-09,9636
00878,國泰永續高股息,246,24,222,富邦-中壢,2023-02-10,9636
00632R,元大台灣50反1,151,20,131,富邦-中壢,2023-02-10,9636
2867,三商壽,123,0,123,富邦-中壢,2023-02-10,9636
2453,凌群,133,34,99,富邦-中壢,2023-02-10,9636
1609,大亞,98,0,98,富邦-中壢,2023-02-10,9636
00665L,富邦�琤肭磪囓�2,100,4,96,富邦-中壢,2023-02-10,9636
2610,華航,113,22,91,富邦-中壢,2023-02-10,9636
2368,金像電,122,43,79,富邦-中壢,2023-02-10,9636
2897,王道銀行,76,10,66,富邦-中壢,2023-02-10,9636
00885,富邦越南,55,0,55,富邦-中壢,2023-02-10,9636
3162,精確,54,0,54,富邦-中壢,2023-02-10,9636
1605,華新,103,50,53,富邦-中壢,2023-02-10,9636
2527,宏璟,50,0,50,富邦-中壢,2023-02-10,9636
2354,鴻準,54,6,48,富邦-中壢,2023-02-10,9636
4155,訊映,48,3,45,富邦-中壢,2023-02-10,9636
1701,中化,57,14,43,富邦-中壢,2023-02-10,9636
5258,虹堡,43,6,37,富邦-中壢,2023-02-10,9636
1810,和成,151,114,37,富邦-中壢,2023-02-10,9636
2881,富邦金,36,3,33,富邦-中壢,2023-02-10,9636
2028,威致,31,0,31,富邦-中壢,2023-02-10,9636
2609,陽明,50,19,31,富邦-中壢,2023-02-10,9636
00712,復華富時不動產,30,0,30,富邦-中壢,2023-02-10,9636
2442,新美齊,30,0,30,富邦-中壢,2023-02-10,9636
2634,漢翔,299,270,29,富邦-中壢,2023-02-10,9636
00720B,元大投資級公司債,29,0,29,富邦-中壢,2023-02-10,9636
2371,大同,42,13,29,富邦-中壢,2023-02-10,9636
00897,富邦基因免疫生技,27,0,27,富邦-中壢,2023-02-10,9636
00753L,中信中國50正2,26,0,26,富邦-中壢,2023-02-10,9636
9945,潤泰新,36,12,24,富邦-中壢,2023-02-10,9636
2812,台中銀,25,3,22,富邦-中壢,2023-02-10,9636
2401,凌陽,24,2,22,富邦-中壢,2023-02-10,9636
3207,耀勝,27,5,22,富邦-中壢,2023-02-10,9636
00900,富邦特選高股息30,35,13,22,富邦-中壢,2023-02-10,9636
2038,海光,21,0,21,富邦-中壢,2023-02-10,9636
3272,東碩,25,4,21,富邦-中壢,2023-02-10,9636
00679B,元大美債20年,20,0,20,富邦-中壢,2023-02-10,9636
5469,瀚宇博,20,0,20,富邦-中壢,2023-02-10,9636
00683L,期元大美元指正2,20,0,20,富邦-中壢,2023-02-10,9636
6570,維田,20,0,20,富邦-中壢,2023-02-10,9636
00680L,元大美債20正2,20,0,20,富邦-中壢,2023-02-10,9636
3047,訊舟,22,2,20,富邦-中壢,2023-02-10,9636
2838,聯邦銀,120,100,20,富邦-中壢,2023-02-10,9636
5464,霖宏,21,2,19,富邦-中壢,2023-02-10,9636
5608,四維航,38,19,19,富邦-中壢,2023-02-10,9636
00751B,元大AAA至A公司債,18,0,18,富邦-中壢,2023-02-10,9636
2409,友達,23,5,18,富邦-中壢,2023-02-10,9636
6266,泰詠,42,24,18,富邦-中壢,2023-02-10,9636
1733,五鼎,17,0,17,富邦-中壢,2023-02-10,9636
2230,泰茂,17,0,17,富邦-中壢,2023-02-10,9636
00650L,復華香港正2,50,33,17,富邦-中壢,2023-02-10,9636
00878,國泰永續高股息,321,30,291,富邦-中壢,2023-02-13,9636
00673R,期元大S＆P原油反1,302,15,287,富邦-中壢,2023-02-13,9636
3481,群創,177,23,154,富邦-中壢,2023-02-13,9636
6188,廣明,78,5,73,富邦-中壢,2023-02-13,9636
2303,聯電,87,18,69,富邦-中壢,2023-02-13,9636
5608,四維航,69,2,67,富邦-中壢,2023-02-13,9636
00679B,元大美債20年,67,13,54,富邦-中壢,2023-02-13,9636
00885,富邦越南,52,0,52,富邦-中壢,2023-02-13,9636
00671R,富邦NASDAQ反1,77,25,52,富邦-中壢,2023-02-13,9636
00650L,復華香港正2,50,0,50,富邦-中壢,2023-02-13,9636
2838,聯邦銀,95,47,48,富邦-中壢,2023-02-13,9636
8033,雷虎,72,28,44,富邦-中壢,2023-02-13,9636
2405,輔信,106,62,44,富邦-中壢,2023-02-13,9636
00720B,元大投資級公司債,50,10,40,富邦-中壢,2023-02-13,9636
00893,國泰智能電動車,38,4,34,富邦-中壢,2023-02-13,9636
00637L,元大滬深300正2,41,7,34,富邦-中壢,2023-02-13,9636
2812,台中銀,36,3,33,富邦-中壢,2023-02-13,9636
2038,海光,31,0,31,富邦-中壢,2023-02-13,9636
3027,盛達,40,9,31,富邦-中壢,2023-02-13,9636
2618,長榮航,36,6,30,富邦-中壢,2023-02-13,9636
2610,華航,33,4,29,富邦-中壢,2023-02-13,9636
1810,和成,57,31,26,富邦-中壢,2023-02-13,9636
6589,台康生技,33,8,25,富邦-中壢,2023-02-13,9636
3498,陽程,27,2,25,富邦-中壢,2023-02-13,9636
9945,潤泰新,58,35,23,富邦-中壢,2023-02-13,9636
2609,陽明,50,28,22,富邦-中壢,2023-02-13,9636
6282,康舒,43,21,22,富邦-中壢,2023-02-13,9636
4747,強生,48,27,21,富邦-中壢,2023-02-13,9636
2409,友達,24,3,21,富邦-中壢,2023-02-13,9636
00772B,中信高評級公司債,20,0,20,富邦-中壢,2023-02-13,9636
00895,富邦未來車,22,2,20,富邦-中壢,2023-02-13,9636
00651R,復華香港反1,20,0,20,富邦-中壢,2023-02-13,9636
2442,新美齊,20,0,20,富邦-中壢,2023-02-13,9636
6139,亞翔,20,0,20,富邦-中壢,2023-02-13,9636
6233,旺玖,20,0,20,富邦-中壢,2023-02-13,9636
3037,欣興,22,3,19,富邦-中壢,2023-02-13,9636
4128,中天,22,3,19,富邦-中壢,2023-02-13,9636
1584,精剛,22,3,19,富邦-中壢,2023-02-13,9636
4977,眾達-KY,22,3,19,富邦-中壢,2023-02-13,9636
2344,華邦電,21,2,19,富邦-中壢,2023-02-13,9636
3704,合勤控,58,40,18,富邦-中壢,2023-02-13,9636
3289,宜特,25,8,17,富邦-中壢,2023-02-13,9636
9938,百和,20,4,16,富邦-中壢,2023-02-13,9636
4157,太景*-KY,16,0,16,富邦-中壢,2023-02-13,9636
00900,富邦特選高股息30,37,21,16,富邦-中壢,2023-02-13,9636
2201,裕隆,30,15,15,富邦-中壢,2023-02-13,9636
3454,晶睿,22,7,15,富邦-中壢,2023-02-13,9636
2206,三陽工業,28,13,15,富邦-中壢,2023-02-13,9636
1701,中化,49,34,15,富邦-中壢,2023-02-13,9636
00882,中信中國高股息,17,2,15,富邦-中壢,2023-02-13,9636
00632R,元大台灣50反1,160,51,109,富邦-中壢,2023-02-14,9636
6188,廣明,63,7,56,富邦-中壢,2023-02-14,9636
1605,華新,89,34,55,富邦-中壢,2023-02-14,9636
00673R,期元大S＆P原油反1,58,5,53,富邦-中壢,2023-02-14,9636
2884,玉山金,72,19,53,富邦-中壢,2023-02-14,9636
5512,力麒,50,0,50,富邦-中壢,2023-02-14,9636
6541,泰福-KY,41,1,40,富邦-中壢,2023-02-14,9636
2453,凌群,172,135,37,富邦-中壢,2023-02-14,9636
8926,台汽電,37,2,35,富邦-中壢,2023-02-14,9636
00885,富邦越南,31,1,30,富邦-中壢,2023-02-14,9636
6142,友勁,47,17,30,富邦-中壢,2023-02-14,9636
1312,國喬,30,0,30,富邦-中壢,2023-02-14,9636
5608,四維航,30,1,29,富邦-中壢,2023-02-14,9636
2897,王道銀行,31,3,28,富邦-中壢,2023-02-14,9636
3498,陽程,28,1,27,富邦-中壢,2023-02-14,9636
4938,和碩,25,0,25,富邦-中壢,2023-02-14,9636
2618,長榮航,54,29,25,富邦-中壢,2023-02-14,9636
2891,中信金,34,10,24,富邦-中壢,2023-02-14,9636
00720B,元大投資級公司債,23,0,23,富邦-中壢,2023-02-14,9636
2027,大成鋼,23,2,21,富邦-中壢,2023-02-14,9636
00664R,國泰臺灣加權反1,20,0,20,富邦-中壢,2023-02-14,9636
00651R,復華香港反1,20,0,20,富邦-中壢,2023-02-14,9636
1455,集盛,20,1,19,富邦-中壢,2023-02-14,9636
2201,裕隆,26,8,18,富邦-中壢,2023-02-14,9636
2881,富邦金,25,9,16,富邦-中壢,2023-02-14,9636
00882,中信中國高股息,18,2,16,富邦-中壢,2023-02-14,9636
8171,天宇,29,13,16,富邦-中壢,2023-02-14,9636
2324,仁寶,17,1,16,富邦-中壢,2023-02-14,9636
5483,中美晶,16,0,16,富邦-中壢,2023-02-14,9636
3704,合勤控,22,6,16,富邦-中壢,2023-02-14,9636
2409,友達,31,16,15,富邦-中壢,2023-02-14,9636
00637L,元大滬深300正2,20,5,15,富邦-中壢,2023-02-14,9636
8054,安國,15,0,15,富邦-中壢,2023-02-14,9636
2443,昶虹,14,0,14,富邦-中壢,2023-02-14,9636
4934,太極,14,0,14,富邦-中壢,2023-02-14,9636
4931,新盛力,29,15,14,富邦-中壢,2023-02-14,9636
2889,國票金,14,0,14,富邦-中壢,2023-02-14,9636
6282,康舒,17,5,12,富邦-中壢,2023-02-14,9636
4128,中天,12,0,12,富邦-中壢,2023-02-14,9636
6570,維田,12,0,12,富邦-中壢,2023-02-14,9636
4564,元翎,14,2,12,富邦-中壢,2023-02-14,9636
2332,友訊,13,2,11,富邦-中壢,2023-02-14,9636
1795,美時,20,9,11,富邦-中壢,2023-02-14,9636
6558,興能高,12,1,11,富邦-中壢,2023-02-14,9636
3043,科風,11,0,11,富邦-中壢,2023-02-14,9636
00679B,元大美債20年,10,0,10,富邦-中壢,2023-02-14,9636
1720,生達,11,1,10,富邦-中壢,2023-02-14,9636
6517,保勝光學,10,0,10,富邦-中壢,2023-02-14,9636
2331,精英,10,0,10,富邦-中壢,2023-02-14,9636
2388,威盛,19,9,10,富邦-中壢,2023-02-14,9636
00878,國泰永續高股息,563,278,285,富邦-中壢,2023-02-15,9636
00665L,富邦�琤肭磪囓�2,206,0,206,富邦-中壢,2023-02-15,9636
6603,富強鑫,200,13,187,富邦-中壢,2023-02-15,9636
2610,華航,180,31,149,富邦-中壢,2023-02-15,9636
00673R,期元大S＆P原油反1,116,0,116,富邦-中壢,2023-02-15,9636
6282,康舒,129,24,105,富邦-中壢,2023-02-15,9636
00671R,富邦NASDAQ反1,101,0,101,富邦-中壢,2023-02-15,9636
00885,富邦越南,97,4,93,富邦-中壢,2023-02-15,9636
3221,台嘉碩,83,6,77,富邦-中壢,2023-02-15,9636
00679B,元大美債20年,67,3,64,富邦-中壢,2023-02-15,9636
3047,訊舟,60,0,60,富邦-中壢,2023-02-15,9636
00905,FT臺灣Smart,59,0,59,富邦-中壢,2023-02-15,9636
2022,聚亨,50,1,49,富邦-中壢,2023-02-15,9636
1312,國喬,50,1,49,富邦-中壢,2023-02-15,9636
2891,中信金,76,31,45,富邦-中壢,2023-02-15,9636
00882,中信中國高股息,41,1,40,富邦-中壢,2023-02-15,9636
3058,立德,40,0,40,富邦-中壢,2023-02-15,9636
2330,台積電,75,37,38,富邦-中壢,2023-02-15,9636
1529,樂事綠能,51,13,38,富邦-中壢,2023-02-15,9636
00753L,中信中國50正2,38,0,38,富邦-中壢,2023-02-15,9636
2528,皇普,35,0,35,富邦-中壢,2023-02-15,9636
6188,廣明,37,3,34,富邦-中壢,2023-02-15,9636
1783,和康生,33,3,30,富邦-中壢,2023-02-15,9636
00903,富邦元宇宙,31,2,29,富邦-中壢,2023-02-15,9636
2723,美食-KY,43,14,29,富邦-中壢,2023-02-15,9636
2101,南港,26,0,26,富邦-中壢,2023-02-15,9636
8940,新天地,28,2,26,富邦-中壢,2023-02-15,9636
00720B,元大投資級公司債,25,0,25,富邦-中壢,2023-02-15,9636
5353,台林,25,0,25,富邦-中壢,2023-02-15,9636
6531,愛普*,87,63,24,富邦-中壢,2023-02-15,9636
00712,復華富時不動產,24,0,24,富邦-中壢,2023-02-15,9636
0056,元大高股息,27,4,23,富邦-中壢,2023-02-15,9636
00713,元大台灣高息低波,23,0,23,富邦-中壢,2023-02-15,9636
6235,華孚,146,123,23,富邦-中壢,2023-02-15,9636
0050,元大台灣50,22,0,22,富邦-中壢,2023-02-15,9636
4931,新盛力,41,20,21,富邦-中壢,2023-02-15,9636
6116,彩晶,38,17,21,富邦-中壢,2023-02-15,9636
3665,貿聯-KY,24,4,20,富邦-中壢,2023-02-15,9636
00664R,國泰臺灣加權反1,20,0,20,富邦-中壢,2023-02-15,9636
6558,興能高,20,0,20,富邦-中壢,2023-02-15,9636
2314,台揚,20,1,19,富邦-中壢,2023-02-15,9636
6770,力積電,23,4,19,富邦-中壢,2023-02-15,9636
5410,國眾,20,1,19,富邦-中壢,2023-02-15,9636
006208,富邦台50,21,3,18,富邦-中壢,2023-02-15,9636
2882,國泰金,19,3,16,富邦-中壢,2023-02-15,9636
4743,合一,19,3,16,富邦-中壢,2023-02-15,9636
5880,合庫金,16,0,16,富邦-中壢,2023-02-15,9636
2834,臺企銀,578,563,15,富邦-中壢,2023-02-15,9636
1752,南光,17,2,15,富邦-中壢,2023-02-15,9636
00637L,元大滬深300正2,35,20,15,富邦-中壢,2023-02-15,9636
00671R,富邦NASDAQ反1,412,80,332,富邦-中壢,2023-02-16,9636
00878,國泰永續高股息,402,182,220,富邦-中壢,2023-02-16,9636
00669R,國泰美國道瓊反1,100,0,100,富邦-中壢,2023-02-16,9636
2367,燿華,100,5,95,富邦-中壢,2023-02-16,9636
00679B,元大美債20年,91,4,87,富邦-中壢,2023-02-16,9636
8105,凌巨,82,2,80,富邦-中壢,2023-02-16,9636
00900,富邦特選高股息30,73,10,63,富邦-中壢,2023-02-16,9636
6005,群益證,55,0,55,富邦-中壢,2023-02-16,9636
6603,富強鑫,52,0,52,富邦-中壢,2023-02-16,9636
00648R,元大S＆P500反1,50,0,50,富邦-中壢,2023-02-16,9636
2206,三陽工業,45,7,38,富邦-中壢,2023-02-16,9636
00720B,元大投資級公司債,39,2,37,富邦-中壢,2023-02-16,9636
00772B,中信高評級公司債,43,10,33,富邦-中壢,2023-02-16,9636
00673R,期元大S＆P原油反1,42,12,30,富邦-中壢,2023-02-16,9636
9105,泰金寶-DR,29,0,29,富邦-中壢,2023-02-16,9636
3189,景碩,35,7,28,富邦-中壢,2023-02-16,9636
6116,彩晶,68,40,28,富邦-中壢,2023-02-16,9636
5351,鈺創,36,10,26,富邦-中壢,2023-02-16,9636
6142,友勁,27,2,25,富邦-中壢,2023-02-16,9636
00706L,期元大S＆P日圓正2,25,0,25,富邦-中壢,2023-02-16,9636
2884,玉山金,28,3,25,富邦-中壢,2023-02-16,9636
9938,百和,32,10,22,富邦-中壢,2023-02-16,9636
00773B,中信優先金融債,21,0,21,富邦-中壢,2023-02-16,9636
2028,威致,20,0,20,富邦-中壢,2023-02-16,9636
2023,燁輝,20,0,20,富邦-中壢,2023-02-16,9636
00787B,元大10年IG醫療債,20,0,20,富邦-中壢,2023-02-16,9636
00882,中信中國高股息,25,6,19,富邦-中壢,2023-02-16,9636
6589,台康生技,21,2,19,富邦-中壢,2023-02-16,9636
2465,麗臺,57,38,19,富邦-中壢,2023-02-16,9636
5328,華容,18,0,18,富邦-中壢,2023-02-16,9636
1503,士電,27,11,16,富邦-中壢,2023-02-16,9636
2867,三商壽,16,0,16,富邦-中壢,2023-02-16,9636
3710,連展投控,14,0,14,富邦-中壢,2023-02-16,9636
2887,台新金,14,0,14,富邦-中壢,2023-02-16,9636
6180,橘子,17,4,13,富邦-中壢,2023-02-16,9636
6120,達運,30,17,13,富邦-中壢,2023-02-16,9636
8222,寶一,23,10,13,富邦-中壢,2023-02-16,9636
3483,力致,14,2,12,富邦-中壢,2023-02-16,9636
2101,南港,11,0,11,富邦-中壢,2023-02-16,9636
2007,燁興,11,0,11,富邦-中壢,2023-02-16,9636
006208,富邦台50,11,0,11,富邦-中壢,2023-02-16,9636
5905,南仁湖,17,7,10,富邦-中壢,2023-02-16,9636
6558,興能高,10,0,10,富邦-中壢,2023-02-16,9636
8081,致新,12,2,10,富邦-中壢,2023-02-16,9636
3576,聯合再生,11,1,10,富邦-中壢,2023-02-16,9636
8277,商丞,10,0,10,富邦-中壢,2023-02-16,9636
6139,亞翔,10,0,10,富邦-中壢,2023-02-16,9636
3665,貿聯-KY,15,5,10,富邦-中壢,2023-02-16,9636
00653L,富邦印度正2,10,1,9,富邦-中壢,2023-02-16,9636
2369,菱生,14,5,9,富邦-中壢,2023-02-16,9636
2484,希華,380,11,369,富邦-中壢,2023-02-17,9636
00878,國泰永續高股息,275,63,212,富邦-中壢,2023-02-17,9636
2367,燿華,153,0,153,富邦-中壢,2023-02-17,9636
2618,長榮航,174,32,142,富邦-中壢,2023-02-17,9636
00676R,富邦臺灣加權反1,120,0,120,富邦-中壢,2023-02-17,9636
00715L,期街口布蘭特正2,131,11,120,富邦-中壢,2023-02-17,9636
3710,連展投控,105,0,105,富邦-中壢,2023-02-17,9636
00679B,元大美債20年,127,25,102,富邦-中壢,2023-02-17,9636
2610,華航,286,190,96,富邦-中壢,2023-02-17,9636
00664R,國泰臺灣加權反1,90,0,90,富邦-中壢,2023-02-17,9636
2838,聯邦銀,85,0,85,富邦-中壢,2023-02-17,9636
00893,國泰智能電動車,85,4,81,富邦-中壢,2023-02-17,9636
00753L,中信中國50正2,81,1,80,富邦-中壢,2023-02-17,9636
2442,新美齊,58,0,58,富邦-中壢,2023-02-17,9636
8926,台汽電,53,3,50,富邦-中壢,2023-02-17,9636
00720B,元大投資級公司債,41,3,38,富邦-中壢,2023-02-17,9636
8033,雷虎,41,4,37,富邦-中壢,2023-02-17,9636
3290,東浦,36,0,36,富邦-中壢,2023-02-17,9636
00900,富邦特選高股息30,40,4,36,富邦-中壢,2023-02-17,9636
00632R,元大台灣50反1,292,257,35,富邦-中壢,2023-02-17,9636
00637L,元大滬深300正2,59,24,35,富邦-中壢,2023-02-17,9636
00895,富邦未來車,38,7,31,富邦-中壢,2023-02-17,9636
00683L,期元大美元指正2,31,0,31,富邦-中壢,2023-02-17,9636
3049,精金,36,5,31,富邦-中壢,2023-02-17,9636
9904,寶成,27,0,27,富邦-中壢,2023-02-17,9636
00882,中信中國高股息,28,2,26,富邦-中壢,2023-02-17,9636
6712,長聖,26,1,25,富邦-中壢,2023-02-17,9636
1513,中興電,71,46,25,富邦-中壢,2023-02-17,9636
9105,泰金寶-DR,29,5,24,富邦-中壢,2023-02-17,9636
2885,元大金,25,1,24,富邦-中壢,2023-02-17,9636
1591,駿吉-KY,23,0,23,富邦-中壢,2023-02-17,9636
4142,國光生,23,0,23,富邦-中壢,2023-02-17,9636
8183,精星,27,4,23,富邦-中壢,2023-02-17,9636
2891,中信金,25,2,23,富邦-中壢,2023-02-17,9636
00787B,元大10年IG醫療債,20,0,20,富邦-中壢,2023-02-17,9636
2431,聯昌,20,0,20,富邦-中壢,2023-02-17,9636
0050,元大台灣50,22,3,19,富邦-中壢,2023-02-17,9636
6508,惠光,18,0,18,富邦-中壢,2023-02-17,9636
00795B,中信美國公債20年,18,0,18,富邦-中壢,2023-02-17,9636
2498,宏達電,44,27,17,富邦-中壢,2023-02-17,9636
5251,天鉞電,19,2,17,富邦-中壢,2023-02-17,9636
3037,欣興,84,68,16,富邦-中壢,2023-02-17,9636
00772B,中信高評級公司債,27,11,16,富邦-中壢,2023-02-17,9636
2812,台中銀,22,7,15,富邦-中壢,2023-02-17,9636
6109,亞元,15,0,15,富邦-中壢,2023-02-17,9636
8043,蜜望實,24,9,15,富邦-中壢,2023-02-17,9636
2330,台積電,45,30,15,富邦-中壢,2023-02-17,9636
6547,高端疫苗,20,5,15,富邦-中壢,2023-02-17,9636
8069,元太,53,39,14,富邦-中壢,2023-02-17,9636
00773B,中信優先金融債,14,0,14,富邦-中壢,2023-02-17,9636
00679B,元大美債20年,187,13,174,富邦-中壢,2023-02-20,9636
2368,金像電,186,31,155,富邦-中壢,2023-02-20,9636
00637L,元大滬深300正2,159,28,131,富邦-中壢,2023-02-20,9636
2337,旺宏,101,0,101,富邦-中壢,2023-02-20,9636
2610,華航,245,146,99,富邦-中壢,2023-02-20,9636
0056,元大高股息,138,46,92,富邦-中壢,2023-02-20,9636
1524,耿鼎,72,1,71,富邦-中壢,2023-02-20,9636
8050,廣積,62,7,55,富邦-中壢,2023-02-20,9636
2705,六福,56,2,54,富邦-中壢,2023-02-20,9636
1605,華新,116,65,51,富邦-中壢,2023-02-20,9636
2442,新美齊,50,0,50,富邦-中壢,2023-02-20,9636
1503,士電,60,11,49,富邦-中壢,2023-02-20,9636
2367,燿華,60,13,47,富邦-中壢,2023-02-20,9636
8097,常珵,45,0,45,富邦-中壢,2023-02-20,9636
4526,東台,37,1,36,富邦-中壢,2023-02-20,9636
6282,康舒,65,30,35,富邦-中壢,2023-02-20,9636
8940,新天地,39,5,34,富邦-中壢,2023-02-20,9636
2317,鴻海,43,10,33,富邦-中壢,2023-02-20,9636
2867,三商壽,31,0,31,富邦-中壢,2023-02-20,9636
6443,元晶,41,10,31,富邦-中壢,2023-02-20,9636
3581,博磊,31,0,31,富邦-中壢,2023-02-20,9636
2101,南港,30,0,30,富邦-中壢,2023-02-20,9636
00648R,元大S＆P500反1,30,0,30,富邦-中壢,2023-02-20,9636
2897,王道銀行,30,0,30,富邦-中壢,2023-02-20,9636
2881,富邦金,36,7,29,富邦-中壢,2023-02-20,9636
1720,生達,30,3,27,富邦-中壢,2023-02-20,9636
9904,寶成,25,0,25,富邦-中壢,2023-02-20,9636
8222,寶一,66,41,25,富邦-中壢,2023-02-20,9636
3704,合勤控,28,4,24,富邦-中壢,2023-02-20,9636
2890,永豐金,23,0,23,富邦-中壢,2023-02-20,9636
6111,大宇資,22,1,21,富邦-中壢,2023-02-20,9636
00893,國泰智能電動車,21,0,21,富邦-中壢,2023-02-20,9636
2812,台中銀,21,0,21,富邦-中壢,2023-02-20,9636
2633,台灣高鐵,25,4,21,富邦-中壢,2023-02-20,9636
9958,世紀鋼,25,4,21,富邦-中壢,2023-02-20,9636
2887,台新金,26,7,19,富邦-中壢,2023-02-20,9636
2634,漢翔,28,9,19,富邦-中壢,2023-02-20,9636
2743,山富,27,8,19,富邦-中壢,2023-02-20,9636
1108,幸福,21,2,19,富邦-中壢,2023-02-20,9636
2401,凌陽,26,7,19,富邦-中壢,2023-02-20,9636
1783,和康生,43,25,18,富邦-中壢,2023-02-20,9636
5529,鉅陞,18,0,18,富邦-中壢,2023-02-20,9636
2332,友訊,20,2,18,富邦-中壢,2023-02-20,9636
5907,大洋-KY,17,0,17,富邦-中壢,2023-02-20,9636
2891,中信金,31,14,17,富邦-中壢,2023-02-20,9636
2324,仁寶,20,4,16,富邦-中壢,2023-02-20,9636
00772B,中信高評級公司債,26,10,16,富邦-中壢,2023-02-20,9636
1301,台塑,16,0,16,富邦-中壢,2023-02-20,9636
6741,91APP*-KY,18,2,16,富邦-中壢,2023-02-20,9636
5009,榮剛,24,8,16,富邦-中壢,2023-02-20,9636
2102,泰豐,306,102,204,富邦-中壢,2023-02-21,9636
2610,華航,339,175,164,富邦-中壢,2023-02-21,9636
00720B,元大投資級公司債,164,2,162,富邦-中壢,2023-02-21,9636
2880,華南金,121,2,119,富邦-中壢,2023-02-21,9636
2618,長榮航,154,44,110,富邦-中壢,2023-02-21,9636
00632R,元大台灣50反1,94,1,93,富邦-中壢,2023-02-21,9636
00878,國泰永續高股息,132,52,80,富邦-中壢,2023-02-21,9636
5880,合庫金,81,1,80,富邦-中壢,2023-02-21,9636
3594,磐儀,121,48,73,富邦-中壢,2023-02-21,9636
2891,中信金,102,30,72,富邦-中壢,2023-02-21,9636
2884,玉山金,301,240,61,富邦-中壢,2023-02-21,9636
1609,大亞,77,21,56,富邦-中壢,2023-02-21,9636
2867,三商壽,45,0,45,富邦-中壢,2023-02-21,9636
6288,聯嘉,92,48,44,富邦-中壢,2023-02-21,9636
2457,飛宏,165,124,41,富邦-中壢,2023-02-21,9636
00885,富邦越南,62,23,39,富邦-中壢,2023-02-21,9636
1529,樂事綠能,73,34,39,富邦-中壢,2023-02-21,9636
1314,中石化,37,0,37,富邦-中壢,2023-02-21,9636
3088,艾訊,56,19,37,富邦-中壢,2023-02-21,9636
1605,華新,69,36,33,富邦-中壢,2023-02-21,9636
8937,合騏,31,0,31,富邦-中壢,2023-02-21,9636
6116,彩晶,44,14,30,富邦-中壢,2023-02-21,9636
00671R,富邦NASDAQ反1,30,0,30,富邦-中壢,2023-02-21,9636
4960,誠美材,29,0,29,富邦-中壢,2023-02-21,9636
8936,國統,46,17,29,富邦-中壢,2023-02-21,9636
8940,新天地,29,0,29,富邦-中壢,2023-02-21,9636
5876,上海商銀,30,2,28,富邦-中壢,2023-02-21,9636
00725B,國泰投資級公司債,28,0,28,富邦-中壢,2023-02-21,9636
9904,寶成,28,2,26,富邦-中壢,2023-02-21,9636
00893,國泰智能電動車,28,5,23,富邦-中壢,2023-02-21,9636
6843,進典,23,0,23,富邦-中壢,2023-02-21,9636
2368,金像電,41,19,22,富邦-中壢,2023-02-21,9636
2530,華建,22,0,22,富邦-中壢,2023-02-21,9636
2352,佳世達,26,4,22,富邦-中壢,2023-02-21,9636
3704,合勤控,24,2,22,富邦-中壢,2023-02-21,9636
00753L,中信中國50正2,21,0,21,富邦-中壢,2023-02-21,9636
4931,新盛力,36,16,20,富邦-中壢,2023-02-21,9636
00787B,元大10年IG醫療債,20,0,20,富邦-中壢,2023-02-21,9636
2208,台船,75,55,20,富邦-中壢,2023-02-21,9636
4562,穎漢,20,0,20,富邦-中壢,2023-02-21,9636
00688L,國泰20年美債正2,20,0,20,富邦-中壢,2023-02-21,9636
0056,元大高股息,33,14,19,富邦-中壢,2023-02-21,9636
4746,台耀,26,7,19,富邦-中壢,2023-02-21,9636
1417,嘉裕,44,25,19,富邦-中壢,2023-02-21,9636
1781,合世,19,0,19,富邦-中壢,2023-02-21,9636
3027,盛達,42,24,18,富邦-中壢,2023-02-21,9636
8927,北基,18,0,18,富邦-中壢,2023-02-21,9636
9958,世紀鋼,20,3,17,富邦-中壢,2023-02-21,9636
6235,華孚,50,33,17,富邦-中壢,2023-02-21,9636
5701,劍湖山,30,14,16,富邦-中壢,2023-02-21,9636
00878,國泰永續高股息,518,22,496,富邦-中壢,2023-02-22,9636
5880,合庫金,142,0,142,富邦-中壢,2023-02-22,9636
00902,中信電池及儲能,112,3,109,富邦-中壢,2023-02-22,9636
2838,聯邦銀,79,0,79,富邦-中壢,2023-02-22,9636
0056,元大高股息,75,2,73,富邦-中壢,2023-02-22,9636
00893,國泰智能電動車,95,32,63,富邦-中壢,2023-02-22,9636
00753L,中信中國50正2,63,1,62,富邦-中壢,2023-02-22,9636
3035,智原,213,154,59,富邦-中壢,2023-02-22,9636
2736,富野,89,32,57,富邦-中壢,2023-02-22,9636
2303,聯電,61,9,52,富邦-中壢,2023-02-22,9636
2367,燿華,50,2,48,富邦-中壢,2023-02-22,9636
2388,威盛,78,33,45,富邦-中壢,2023-02-22,9636
00671R,富邦NASDAQ反1,70,25,45,富邦-中壢,2023-02-22,9636
2603,長榮,94,50,44,富邦-中壢,2023-02-22,9636
4979,華星光,43,0,43,富邦-中壢,2023-02-22,9636
1312,國喬,52,10,42,富邦-中壢,2023-02-22,9636
2371,大同,43,2,41,富邦-中壢,2023-02-22,9636
00897,富邦基因免疫生技,37,0,37,富邦-中壢,2023-02-22,9636
00712,復華富時不動產,38,1,37,富邦-中壢,2023-02-22,9636
00903,富邦元宇宙,36,0,36,富邦-中壢,2023-02-22,9636
00676R,富邦臺灣加權反1,50,15,35,富邦-中壢,2023-02-22,9636
00680L,元大美債20正2,33,0,33,富邦-中壢,2023-02-22,9636
00715L,期街口布蘭特正2,33,0,33,富邦-中壢,2023-02-22,9636
00720B,元大投資級公司債,32,0,32,富邦-中壢,2023-02-22,9636
00772B,中信高評級公司債,31,0,31,富邦-中壢,2023-02-22,9636
00787B,元大10年IG醫療債,30,0,30,富邦-中壢,2023-02-22,9636
3037,欣興,34,5,29,富邦-中壢,2023-02-22,9636
2527,宏璟,27,0,27,富邦-中壢,2023-02-22,9636
2201,裕隆,30,3,27,富邦-中壢,2023-02-22,9636
2609,陽明,76,50,26,富邦-中壢,2023-02-22,9636
2881,富邦金,27,1,26,富邦-中壢,2023-02-22,9636
00637L,元大滬深300正2,77,52,25,富邦-中壢,2023-02-22,9636
6168,宏齊,24,0,24,富邦-中壢,2023-02-22,9636
9939,宏全,23,0,23,富邦-中壢,2023-02-22,9636
00751B,元大AAA至A公司債,23,0,23,富邦-中壢,2023-02-22,9636
2702,華園,25,3,22,富邦-中壢,2023-02-22,9636
2457,飛宏,53,32,21,富邦-中壢,2023-02-22,9636
4927,泰鼎-KY,21,0,21,富邦-中壢,2023-02-22,9636
2330,台積電,33,13,20,富邦-中壢,2023-02-22,9636
1795,美時,31,12,19,富邦-中壢,2023-02-22,9636
6278,台表科,20,1,19,富邦-中壢,2023-02-22,9636
5905,南仁湖,24,5,19,富邦-中壢,2023-02-22,9636
6235,華孚,168,150,18,富邦-中壢,2023-02-22,9636
9945,潤泰新,25,7,18,富邦-中壢,2023-02-22,9636
006208,富邦台50,19,2,17,富邦-中壢,2023-02-22,9636
00679B,元大美債20年,17,0,17,富邦-中壢,2023-02-22,9636
00713,元大台灣高息低波,24,7,17,富邦-中壢,2023-02-22,9636
00725B,國泰投資級公司債,17,0,17,富邦-中壢,2023-02-22,9636
8069,元太,24,7,17,富邦-中壢,2023-02-22,9636
2344,華邦電,25,8,17,富邦-中壢,2023-02-22,9636
00633L,富邦上証正2,942,264,678,富邦-中壢,2023-02-23,9636
00715L,期街口布蘭特正2,459,1,458,富邦-中壢,2023-02-23,9636
00632R,元大台灣50反1,478,77,401,富邦-中壢,2023-02-23,9636
2601,益航,134,7,127,富邦-中壢,2023-02-23,9636
2610,華航,128,31,97,富邦-中壢,2023-02-23,9636
00885,富邦越南,91,4,87,富邦-中壢,2023-02-23,9636
2883,凱基金,72,0,72,富邦-中壢,2023-02-23,9636
6285,啟��,70,0,70,富邦-中壢,2023-02-23,9636
3481,群創,288,223,65,富邦-中壢,2023-02-23,9636
3380,明泰,58,2,56,富邦-中壢,2023-02-23,9636
2353,宏��,50,2,48,富邦-中壢,2023-02-23,9636
00720B,元大投資級公司債,86,41,45,富邦-中壢,2023-02-23,9636
5483,中美晶,48,4,44,富邦-中壢,2023-02-23,9636
5210,寶碩,45,3,42,富邦-中壢,2023-02-23,9636
00664R,國泰臺灣加權反1,40,0,40,富邦-中壢,2023-02-23,9636
2745,五福,40,0,40,富邦-中壢,2023-02-23,9636
2363,矽統,40,1,39,富邦-中壢,2023-02-23,9636
8171,天宇,40,1,39,富邦-中壢,2023-02-23,9636
00642U,期元大S＆P石油,37,0,37,富邦-中壢,2023-02-23,9636
1708,東鹼,36,0,36,富邦-中壢,2023-02-23,9636
4541,晟田,36,1,35,富邦-中壢,2023-02-23,9636
00637L,元大滬深300正2,34,1,33,富邦-中壢,2023-02-23,9636
00680L,元大美債20正2,32,0,32,富邦-中壢,2023-02-23,9636
5701,劍湖山,32,0,32,富邦-中壢,2023-02-23,9636
2392,正崴,35,3,32,富邦-中壢,2023-02-23,9636
3041,揚智,30,0,30,富邦-中壢,2023-02-23,9636
4927,泰鼎-KY,30,0,30,富邦-中壢,2023-02-23,9636
6570,維田,55,25,30,富邦-中壢,2023-02-23,9636
2748,雲品,43,16,27,富邦-中壢,2023-02-23,9636
3520,華盈,32,7,25,富邦-中壢,2023-02-23,9636
2641,正德,43,18,25,富邦-中壢,2023-02-23,9636
00773B,中信優先金融債,24,0,24,富邦-中壢,2023-02-23,9636
4908,前鼎,26,2,24,富邦-中壢,2023-02-23,9636
4114,健喬,29,6,23,富邦-中壢,2023-02-23,9636
6266,泰詠,23,0,23,富邦-中壢,2023-02-23,9636
00902,中信電池及儲能,23,0,23,富邦-中壢,2023-02-23,9636
00751B,元大AAA至A公司債,21,0,21,富邦-中壢,2023-02-23,9636
4904,遠傳,21,1,20,富邦-中壢,2023-02-23,9636
6233,旺玖,21,1,20,富邦-中壢,2023-02-23,9636
2801,彰銀,20,1,19,富邦-中壢,2023-02-23,9636
2882,國泰金,20,1,19,富邦-中壢,2023-02-23,9636
2701,萬企,17,0,17,富邦-中壢,2023-02-23,9636
6288,聯嘉,22,5,17,富邦-中壢,2023-02-23,9636
2436,偉詮電,22,6,16,富邦-中壢,2023-02-23,9636
6026,福邦證,16,0,16,富邦-中壢,2023-02-23,9636
6156,松上,16,0,16,富邦-中壢,2023-02-23,9636
2812,台中銀,19,4,15,富邦-中壢,2023-02-23,9636
1513,中興電,39,24,15,富邦-中壢,2023-02-23,9636
1342,八貫,23,8,15,富邦-中壢,2023-02-23,9636
1506,正道,15,0,15,富邦-中壢,2023-02-23,9636
00878,國泰永續高股息,263,4,259,富邦-中壢,2023-02-24,9636
3037,欣興,171,14,157,富邦-中壢,2023-02-24,9636
5512,力麒,206,81,125,富邦-中壢,2023-02-24,9636
0056,元大高股息,116,10,106,富邦-中壢,2023-02-24,9636
2618,長榮航,108,22,86,富邦-中壢,2023-02-24,9636
00713,元大台灣高息低波,72,1,71,富邦-中壢,2023-02-24,9636
2368,金像電,137,76,61,富邦-中壢,2023-02-24,9636
00671R,富邦NASDAQ反1,76,16,60,富邦-中壢,2023-02-24,9636
00637L,元大滬深300正2,68,9,59,富邦-中壢,2023-02-24,9636
6142,友勁,69,10,59,富邦-中壢,2023-02-24,9636
00753L,中信中國50正2,88,30,58,富邦-中壢,2023-02-24,9636
00650L,復華香港正2,67,10,57,富邦-中壢,2023-02-24,9636
2498,宏達電,95,41,54,富邦-中壢,2023-02-24,9636
00882,中信中國高股息,50,0,50,富邦-中壢,2023-02-24,9636
00654R,富邦印度反1,50,0,50,富邦-中壢,2023-02-24,9636
4977,眾達-KY,51,1,50,富邦-中壢,2023-02-24,9636
2609,陽明,112,68,44,富邦-中壢,2023-02-24,9636
2834,臺企銀,146,103,43,富邦-中壢,2023-02-24,9636
2484,希華,43,0,43,富邦-中壢,2023-02-24,9636
2104,國際中橡,40,0,40,富邦-中壢,2023-02-24,9636
1336,台翰,40,0,40,富邦-中壢,2023-02-24,9636
00633L,富邦上証正2,35,0,35,富邦-中壢,2023-02-24,9636
6531,愛普*,52,17,35,富邦-中壢,2023-02-24,9636
00900,富邦特選高股息30,44,10,34,富邦-中壢,2023-02-24,9636
6285,啟��,101,69,32,富邦-中壢,2023-02-24,9636
2201,裕隆,99,69,30,富邦-中壢,2023-02-24,9636
2892,第一金,38,9,29,富邦-中壢,2023-02-24,9636
2641,正德,56,27,29,富邦-中壢,2023-02-24,9636
4919,新唐,44,16,28,富邦-中壢,2023-02-24,9636
6116,彩晶,30,3,27,富邦-中壢,2023-02-24,9636
2371,大同,26,1,25,富邦-中壢,2023-02-24,9636
2611,志信,34,10,24,富邦-中壢,2023-02-24,9636
2353,宏��,25,1,24,富邦-中壢,2023-02-24,9636
6799,來頡,30,8,22,富邦-中壢,2023-02-24,9636
2883,凱基金,30,9,21,富邦-中壢,2023-02-24,9636
1708,東鹼,30,9,21,富邦-中壢,2023-02-24,9636
4128,中天,21,1,20,富邦-中壢,2023-02-24,9636
2851,中再保,20,0,20,富邦-中壢,2023-02-24,9636
2359,所羅門,20,0,20,富邦-中壢,2023-02-24,9636
2323,中環,20,0,20,富邦-中壢,2023-02-24,9636
00673R,期元大S＆P原油反1,22,2,20,富邦-中壢,2023-02-24,9636
8450,霹靂,20,0,20,富邦-中壢,2023-02-24,9636
2527,宏璟,20,0,20,富邦-中壢,2023-02-24,9636
3047,訊舟,22,2,20,富邦-中壢,2023-02-24,9636
5905,南仁湖,20,0,20,富邦-中壢,2023-02-24,9636
5880,合庫金,21,2,19,富邦-中壢,2023-02-24,9636
2014,中鴻,27,8,19,富邦-中壢,2023-02-24,9636
2891,中信金,33,14,19,富邦-中壢,2023-02-24,9636
2886,兆豐金,21,2,19,富邦-中壢,2023-02-24,9636
1513,中興電,30,12,18,富邦-中壢,2023-02-24,9636
9945,潤泰新,330,6,324,富邦-中壢,2023-03-01,9636
2838,聯邦銀,321,0,321,富邦-中壢,2023-03-01,9636
1605,華新,240,21,219,富邦-中壢,2023-03-01,9636
3481,群創,294,119,175,富邦-中壢,2023-03-01,9636
2014,中鴻,155,1,154,富邦-中壢,2023-03-01,9636
2102,泰豐,100,0,100,富邦-中壢,2023-03-01,9636
2002,中鋼,107,7,100,富邦-中壢,2023-03-01,9636
2615,萬海,99,2,97,富邦-中壢,2023-03-01,9636
0056,元大高股息,96,2,94,富邦-中壢,2023-03-01,9636
2610,華航,94,5,89,富邦-中壢,2023-03-01,9636
00772B,中信高評級公司債,64,1,63,富邦-中壢,2023-03-01,9636
2484,希華,64,2,62,富邦-中壢,2023-03-01,9636
1101,台泥,77,18,59,富邦-中壢,2023-03-01,9636
00712,復華富時不動產,59,0,59,富邦-中壢,2023-03-01,9636
00885,富邦越南,64,9,55,富邦-中壢,2023-03-01,9636
00665L,富邦�琤肭磪囓�2,54,3,51,富邦-中壢,2023-03-01,9636
4121,優盛,50,0,50,富邦-中壢,2023-03-01,9636
5608,四維航,295,245,50,富邦-中壢,2023-03-01,9636
00713,元大台灣高息低波,49,0,49,富邦-中壢,2023-03-01,9636
2201,裕隆,74,25,49,富邦-中壢,2023-03-01,9636
2368,金像電,77,33,44,富邦-中壢,2023-03-01,9636
3231,緯創,49,7,42,富邦-中壢,2023-03-01,9636
00878,國泰永續高股息,184,142,42,富邦-中壢,2023-03-01,9636
2885,元大金,39,0,39,富邦-中壢,2023-03-01,9636
3264,欣銓,38,1,37,富邦-中壢,2023-03-01,9636
1708,東鹼,36,0,36,富邦-中壢,2023-03-01,9636
2388,威盛,109,78,31,富邦-中壢,2023-03-01,9636
2347,聯強,30,0,30,富邦-中壢,2023-03-01,9636
3047,訊舟,30,0,30,富邦-中壢,2023-03-01,9636
2323,中環,30,0,30,富邦-中壢,2023-03-01,9636
00753L,中信中國50正2,32,5,27,富邦-中壢,2023-03-01,9636
3450,聯鈞,27,0,27,富邦-中壢,2023-03-01,9636
00882,中信中國高股息,26,0,26,富邦-中壢,2023-03-01,9636
2527,宏璟,28,3,25,富邦-中壢,2023-03-01,9636
2115,六暉-KY,24,0,24,富邦-中壢,2023-03-01,9636
2812,台中銀,26,2,24,富邦-中壢,2023-03-01,9636
5483,中美晶,23,0,23,富邦-中壢,2023-03-01,9636
3088,艾訊,22,0,22,富邦-中壢,2023-03-01,9636
00720B,元大投資級公司債,22,0,22,富邦-中壢,2023-03-01,9636
2882,國泰金,21,0,21,富邦-中壢,2023-03-01,9636
00773B,中信優先金融債,21,0,21,富邦-中壢,2023-03-01,9636
00680L,元大美債20正2,21,0,21,富邦-中壢,2023-03-01,9636
9904,寶成,21,0,21,富邦-中壢,2023-03-01,9636
00902,中信電池及儲能,21,1,20,富邦-中壢,2023-03-01,9636
2344,華邦電,34,14,20,富邦-中壢,2023-03-01,9636
3363,上詮,20,0,20,富邦-中壢,2023-03-01,9636
5905,南仁湖,20,0,20,富邦-中壢,2023-03-01,9636
2332,友訊,22,2,20,富邦-中壢,2023-03-01,9636
00654R,富邦印度反1,20,0,20,富邦-中壢,2023-03-01,9636
5512,力麒,44,24,20,富邦-中壢,2023-03-01,9636
00878,國泰永續高股息,355,32,323,富邦-中壢,2023-03-02,9636
3481,群創,923,630,293,富邦-中壢,2023-03-02,9636
00671R,富邦NASDAQ反1,109,4,105,富邦-中壢,2023-03-02,9636
00773B,中信優先金融債,104,0,104,富邦-中壢,2023-03-02,9636
2834,臺企銀,105,12,93,富邦-中壢,2023-03-02,9636
2615,萬海,104,20,84,富邦-中壢,2023-03-02,9636
00713,元大台灣高息低波,82,1,81,富邦-中壢,2023-03-02,9636
00712,復華富時不動產,74,0,74,富邦-中壢,2023-03-02,9636
2891,中信金,68,3,65,富邦-中壢,2023-03-02,9636
2014,中鴻,47,5,42,富邦-中壢,2023-03-02,9636
00893,國泰智能電動車,45,3,42,富邦-中壢,2023-03-02,9636
2352,佳世達,41,0,41,富邦-中壢,2023-03-02,9636
2359,所羅門,47,11,36,富邦-中壢,2023-03-02,9636
2886,兆豐金,37,2,35,富邦-中壢,2023-03-02,9636
8940,新天地,34,0,34,富邦-中壢,2023-03-02,9636
5608,四維航,156,122,34,富邦-中壢,2023-03-02,9636
3058,立德,32,0,32,富邦-中壢,2023-03-02,9636
3027,盛達,46,15,31,富邦-中壢,2023-03-02,9636
00680L,元大美債20正2,30,0,30,富邦-中壢,2023-03-02,9636
8033,雷虎,42,12,30,富邦-中壢,2023-03-02,9636
00772B,中信高評級公司債,29,0,29,富邦-中壢,2023-03-02,9636
1701,中化,30,2,28,富邦-中壢,2023-03-02,9636
2605,新興,67,39,28,富邦-中壢,2023-03-02,9636
2002,中鋼,47,20,27,富邦-中壢,2023-03-02,9636
8112,至上,50,23,27,富邦-中壢,2023-03-02,9636
6282,康舒,61,35,26,富邦-中壢,2023-03-02,9636
2421,建準,26,0,26,富邦-中壢,2023-03-02,9636
2892,第一金,25,0,25,富邦-中壢,2023-03-02,9636
2838,聯邦銀,49,24,25,富邦-中壢,2023-03-02,9636
2641,正德,91,67,24,富邦-中壢,2023-03-02,9636
1402,遠東新,25,2,23,富邦-中壢,2023-03-02,9636
9945,潤泰新,24,2,22,富邦-中壢,2023-03-02,9636
2409,友達,26,5,21,富邦-中壢,2023-03-02,9636
2347,聯強,21,0,21,富邦-中壢,2023-03-02,9636
6589,台康生技,22,2,20,富邦-中壢,2023-03-02,9636
3231,緯創,21,1,20,富邦-中壢,2023-03-02,9636
00720B,元大投資級公司債,19,0,19,富邦-中壢,2023-03-02,9636
3289,宜特,20,1,19,富邦-中壢,2023-03-02,9636
4915,致伸,31,12,19,富邦-中壢,2023-03-02,9636
5452,佶優,37,19,18,富邦-中壢,2023-03-02,9636
00679B,元大美債20年,21,5,16,富邦-中壢,2023-03-02,9636
4541,晟田,36,21,15,富邦-中壢,2023-03-02,9636
5880,合庫金,15,0,15,富邦-中壢,2023-03-02,9636
2883,凱基金,21,7,14,富邦-中壢,2023-03-02,9636
6147,頎邦,16,2,14,富邦-中壢,2023-03-02,9636
6138,茂達,14,0,14,富邦-中壢,2023-03-02,9636
00897,富邦基因免疫生技,14,0,14,富邦-中壢,2023-03-02,9636
2371,大同,14,0,14,富邦-中壢,2023-03-02,9636
3128,昇銳,13,0,13,富邦-中壢,2023-03-02,9636
00902,中信電池及儲能,13,0,13,富邦-中壢,2023-03-02,9636
2834,臺企銀,427,81,346,富邦-中壢,2023-03-03,9636
00632R,元大台灣50反1,233,61,172,富邦-中壢,2023-03-03,9636
9945,潤泰新,164,3,161,富邦-中壢,2023-03-03,9636
2312,金寶,152,10,142,富邦-中壢,2023-03-03,9636
00713,元大台灣高息低波,94,0,94,富邦-中壢,2023-03-03,9636
00712,復華富時不動產,70,0,70,富邦-中壢,2023-03-03,9636
2330,台積電,74,10,64,富邦-中壢,2023-03-03,9636
00900,富邦特選高股息30,74,15,59,富邦-中壢,2023-03-03,9636
6142,友勁,54,0,54,富邦-中壢,2023-03-03,9636
2838,聯邦銀,50,0,50,富邦-中壢,2023-03-03,9636
6116,彩晶,112,62,50,富邦-中壢,2023-03-03,9636
00665L,富邦�琤肭磪囓�2,50,0,50,富邦-中壢,2023-03-03,9636
6605,帝寶,53,4,49,富邦-中壢,2023-03-03,9636
6282,康舒,57,9,48,富邦-中壢,2023-03-03,9636
00772B,中信高評級公司債,44,0,44,富邦-中壢,2023-03-03,9636
2498,宏達電,62,21,41,富邦-中壢,2023-03-03,9636
1605,華新,77,41,36,富邦-中壢,2023-03-03,9636
2845,遠東銀,98,62,36,富邦-中壢,2023-03-03,9636
2615,萬海,38,5,33,富邦-中壢,2023-03-03,9636
2886,兆豐金,35,3,32,富邦-中壢,2023-03-03,9636
3498,陽程,36,5,31,富邦-中壢,2023-03-03,9636
00679B,元大美債20年,31,0,31,富邦-中壢,2023-03-03,9636
00787B,元大10年IG醫療債,30,0,30,富邦-中壢,2023-03-03,9636
6139,亞翔,43,14,29,富邦-中壢,2023-03-03,9636
00885,富邦越南,32,6,26,富邦-中壢,2023-03-03,9636
1101,台泥,37,11,26,富邦-中壢,2023-03-03,9636
1709,和益,25,0,25,富邦-中壢,2023-03-03,9636
2375,凱美,25,1,24,富邦-中壢,2023-03-03,9636
1519,華城,21,0,21,富邦-中壢,2023-03-03,9636
2883,凱基金,20,0,20,富邦-中壢,2023-03-03,9636
2014,中鴻,23,3,20,富邦-中壢,2023-03-03,9636
1905,華紙,20,0,20,富邦-中壢,2023-03-03,9636
2903,遠百,20,0,20,富邦-中壢,2023-03-03,9636
4543,萬在,24,4,20,富邦-中壢,2023-03-03,9636
2471,資通,46,28,18,富邦-中壢,2023-03-03,9636
2892,第一金,20,2,18,富邦-中壢,2023-03-03,9636
1708,東鹼,67,51,16,富邦-中壢,2023-03-03,9636
3162,精確,29,14,15,富邦-中壢,2023-03-03,9636
4113,聯上,15,0,15,富邦-中壢,2023-03-03,9636
6616,特昇-KY,15,0,15,富邦-中壢,2023-03-03,9636
1752,南光,21,6,15,富邦-中壢,2023-03-03,9636
1762,中化生,21,7,14,富邦-中壢,2023-03-03,9636
3707,漢磊,23,9,14,富邦-中壢,2023-03-03,9636
8112,至上,30,17,13,富邦-中壢,2023-03-03,9636
2528,皇普,13,0,13,富邦-中壢,2023-03-03,9636
6180,橘子,21,8,13,富邦-中壢,2023-03-03,9636
3006,晶豪科,28,15,13,富邦-中壢,2023-03-03,9636
4979,華星光,33,21,12,富邦-中壢,2023-03-03,9636
5450,南良,20,8,12,富邦-中壢,2023-03-03,9636
00637L,元大滬深300正2,13,1,12,富邦-中壢,2023-03-03,9636
00673R,期元大S＆P原油反1,338,10,328,富邦-中壢,2023-03-06,9636
00632R,元大台灣50反1,559,236,323,富邦-中壢,2023-03-06,9636
00633L,富邦上証正2,191,17,174,富邦-中壢,2023-03-06,9636
00676R,富邦臺灣加權反1,154,0,154,富邦-中壢,2023-03-06,9636
00713,元大台灣高息低波,117,0,117,富邦-中壢,2023-03-06,9636
00720B,元大投資級公司債,67,0,67,富邦-中壢,2023-03-06,9636
6116,彩晶,195,129,66,富邦-中壢,2023-03-06,9636
3059,華晶科,52,0,52,富邦-中壢,2023-03-06,9636
6282,康舒,150,98,52,富邦-中壢,2023-03-06,9636
1527,鑽全,50,1,49,富邦-中壢,2023-03-06,9636
2609,陽明,135,86,49,富邦-中壢,2023-03-06,9636
00637L,元大滬深300正2,56,7,49,富邦-中壢,2023-03-06,9636
2380,虹光,51,3,48,富邦-中壢,2023-03-06,9636
4440,宜新實業,41,0,41,富邦-中壢,2023-03-06,9636
2495,普安,33,5,28,富邦-中壢,2023-03-06,9636
2344,華邦電,86,58,28,富邦-中壢,2023-03-06,9636
2884,玉山金,38,10,28,富邦-中壢,2023-03-06,9636
2634,漢翔,43,16,27,富邦-中壢,2023-03-06,9636
4977,眾達-KY,34,7,27,富邦-中壢,2023-03-06,9636
1783,和康生,35,8,27,富邦-中壢,2023-03-06,9636
2228,劍麟,25,0,25,富邦-中壢,2023-03-06,9636
2637,慧洋-KY,36,11,25,富邦-中壢,2023-03-06,9636
6142,友勁,37,13,24,富邦-中壢,2023-03-06,9636
2368,金像電,30,7,23,富邦-中壢,2023-03-06,9636
5880,合庫金,26,3,23,富邦-中壢,2023-03-06,9636
2834,臺企銀,26,4,22,富邦-中壢,2023-03-06,9636
2605,新興,44,22,22,富邦-中壢,2023-03-06,9636
2618,長榮航,33,12,21,富邦-中壢,2023-03-06,9636
3372,典範,21,0,21,富邦-中壢,2023-03-06,9636
2610,華航,43,22,21,富邦-中壢,2023-03-06,9636
4306,炎洲,20,0,20,富邦-中壢,2023-03-06,9636
3058,立德,21,1,20,富邦-中壢,2023-03-06,9636
2838,聯邦銀,22,2,20,富邦-中壢,2023-03-06,9636
2330,台積電,35,15,20,富邦-中壢,2023-03-06,9636
5512,力麒,24,5,19,富邦-中壢,2023-03-06,9636
00752,中信中國50,19,0,19,富邦-中壢,2023-03-06,9636
00712,復華富時不動產,21,2,19,富邦-中壢,2023-03-06,9636
2890,永豐金,21,3,18,富邦-中壢,2023-03-06,9636
2312,金寶,18,0,18,富邦-中壢,2023-03-06,9636
8222,寶一,82,64,18,富邦-中壢,2023-03-06,9636
2887,台新金,22,5,17,富邦-中壢,2023-03-06,9636
2897,王道銀行,17,0,17,富邦-中壢,2023-03-06,9636
2337,旺宏,16,0,16,富邦-中壢,2023-03-06,9636
4906,正文,17,1,16,富邦-中壢,2023-03-06,9636
8383,千附,20,4,16,富邦-中壢,2023-03-06,9636
8436,大江,16,0,16,富邦-中壢,2023-03-06,9636
6133,金橋,16,0,16,富邦-中壢,2023-03-06,9636
3093,港建*,17,2,15,富邦-中壢,2023-03-06,9636
3556,禾瑞亞,15,0,15,富邦-中壢,2023-03-06,9636
2367,燿華,18,3,15,富邦-中壢,2023-03-06,9636
00632R,元大台灣50反1,402,80,322,富邦-中壢,2023-03-07,9636
00673R,期元大S＆P原油反1,236,0,236,富邦-中壢,2023-03-07,9636
2352,佳世達,161,7,154,富邦-中壢,2023-03-07,9636
2884,玉山金,157,16,141,富邦-中壢,2023-03-07,9636
9907,統一實,132,3,129,富邦-中壢,2023-03-07,9636
00671R,富邦NASDAQ反1,116,7,109,富邦-中壢,2023-03-07,9636
4953,緯軟,56,3,53,富邦-中壢,2023-03-07,9636
3686,達能,52,0,52,富邦-中壢,2023-03-07,9636
3059,華晶科,50,1,49,富邦-中壢,2023-03-07,9636
00885,富邦越南,53,5,48,富邦-中壢,2023-03-07,9636
3093,港建*,55,7,48,富邦-中壢,2023-03-07,9636
4510,高鋒,41,0,41,富邦-中壢,2023-03-07,9636
2897,王道銀行,39,0,39,富邦-中壢,2023-03-07,9636
6266,泰詠,35,3,32,富邦-中壢,2023-03-07,9636
4440,宜新實業,31,0,31,富邦-中壢,2023-03-07,9636
8213,志超,31,1,30,富邦-中壢,2023-03-07,9636
00916,國泰全球品牌50,30,0,30,富邦-中壢,2023-03-07,9636
2409,友達,43,15,28,富邦-中壢,2023-03-07,9636
6548,長科*,42,15,27,富邦-中壢,2023-03-07,9636
6239,力成,31,4,27,富邦-中壢,2023-03-07,9636
1795,美時,35,9,26,富邦-中壢,2023-03-07,9636
00713,元大台灣高息低波,27,2,25,富邦-中壢,2023-03-07,9636
2388,威盛,83,58,25,富邦-中壢,2023-03-07,9636
2618,長榮航,24,0,24,富邦-中壢,2023-03-07,9636
2367,燿華,25,2,23,富邦-中壢,2023-03-07,9636
3047,訊舟,25,2,23,富邦-中壢,2023-03-07,9636
2486,一詮,57,34,23,富邦-中壢,2023-03-07,9636
8936,國統,33,11,22,富邦-中壢,2023-03-07,9636
6282,康舒,55,34,21,富邦-中壢,2023-03-07,9636
5469,瀚宇博,22,1,21,富邦-中壢,2023-03-07,9636
2457,飛宏,78,57,21,富邦-中壢,2023-03-07,9636
2528,皇普,20,0,20,富邦-中壢,2023-03-07,9636
3673,TPK-KY,26,6,20,富邦-中壢,2023-03-07,9636
1762,中化生,20,1,19,富邦-中壢,2023-03-07,9636
1101,台泥,20,1,19,富邦-中壢,2023-03-07,9636
4105,東洋,18,0,18,富邦-中壢,2023-03-07,9636
1709,和益,40,23,17,富邦-中壢,2023-03-07,9636
5381,合正,18,1,17,富邦-中壢,2023-03-07,9636
6806,森崴能源,24,8,16,富邦-中壢,2023-03-07,9636
2482,連宇,52,37,15,富邦-中壢,2023-03-07,9636
8171,天宇,20,5,15,富邦-中壢,2023-03-07,9636
8049,晶采,25,10,15,富邦-中壢,2023-03-07,9636
2323,中環,20,5,15,富邦-中壢,2023-03-07,9636
3046,建��,20,5,15,富邦-中壢,2023-03-07,9636
2344,華邦電,287,272,15,富邦-中壢,2023-03-07,9636
00893,國泰智能電動車,14,0,14,富邦-中壢,2023-03-07,9636
2890,永豐金,14,0,14,富邦-中壢,2023-03-07,9636
1584,精剛,22,8,14,富邦-中壢,2023-03-07,9636
2702,華園,15,1,14,富邦-中壢,2023-03-07,9636
5258,虹堡,39,25,14,富邦-中壢,2023-03-07,9636
00715L,期街口布蘭特正2,370,17,353,富邦-中壢,2023-03-08,9636
9907,統一實,181,4,177,富邦-中壢,2023-03-08,9636
00878,國泰永續高股息,243,80,163,富邦-中壢,2023-03-08,9636
00637L,元大滬深300正2,139,7,132,富邦-中壢,2023-03-08,9636
00753L,中信中國50正2,141,20,121,富邦-中壢,2023-03-08,9636
00632R,元大台灣50反1,218,112,106,富邦-中壢,2023-03-08,9636
1709,和益,104,2,102,富邦-中壢,2023-03-08,9636
5425,台半,130,35,95,富邦-中壢,2023-03-08,9636
1504,東元,134,45,89,富邦-中壢,2023-03-08,9636
2884,玉山金,93,10,83,富邦-中壢,2023-03-08,9636
2014,中鴻,70,3,67,富邦-中壢,2023-03-08,9636
00738U,期元大道瓊白銀,65,0,65,富邦-中壢,2023-03-08,9636
00633L,富邦上証正2,64,0,64,富邦-中壢,2023-03-08,9636
3093,港建*,102,40,62,富邦-中壢,2023-03-08,9636
2888,新光金,85,25,60,富邦-中壢,2023-03-08,9636
6282,康舒,113,59,54,富邦-中壢,2023-03-08,9636
2401,凌陽,55,3,52,富邦-中壢,2023-03-08,9636
1762,中化生,61,13,48,富邦-中壢,2023-03-08,9636
00679B,元大美債20年,47,0,47,富邦-中壢,2023-03-08,9636
2609,陽明,80,33,47,富邦-中壢,2023-03-08,9636
2634,漢翔,135,88,47,富邦-中壢,2023-03-08,9636
1906,寶隆,45,0,45,富邦-中壢,2023-03-08,9636
00772B,中信高評級公司債,47,3,44,富邦-中壢,2023-03-08,9636
2405,輔信,45,1,44,富邦-中壢,2023-03-08,9636
00752,中信中國50,42,0,42,富邦-中壢,2023-03-08,9636
00923,群益台ESG低碳50,43,2,41,富邦-中壢,2023-03-08,9636
00882,中信中國高股息,44,3,41,富邦-中壢,2023-03-08,9636
6111,大宇資,50,9,41,富邦-中壢,2023-03-08,9636
1102,亞泥,44,4,40,富邦-中壢,2023-03-08,9636
1734,杏輝,40,1,39,富邦-中壢,2023-03-08,9636
00708L,期元大S＆P黃金正2,40,2,38,富邦-中壢,2023-03-08,9636
2890,永豐金,38,3,35,富邦-中壢,2023-03-08,9636
1605,華新,86,51,35,富邦-中壢,2023-03-08,9636
2891,中信金,36,1,35,富邦-中壢,2023-03-08,9636
5381,合正,35,2,33,富邦-中壢,2023-03-08,9636
6182,合晶,41,8,33,富邦-中壢,2023-03-08,9636
5410,國眾,31,0,31,富邦-中壢,2023-03-08,9636
2201,裕隆,77,49,28,富邦-中壢,2023-03-08,9636
5009,榮剛,94,67,27,富邦-中壢,2023-03-08,9636
00712,復華富時不動產,26,0,26,富邦-中壢,2023-03-08,9636
1514,亞力,29,6,23,富邦-中壢,2023-03-08,9636
2204,中華,22,0,22,富邦-中壢,2023-03-08,9636
2371,大同,23,2,21,富邦-中壢,2023-03-08,9636
00665L,富邦�琤肭磪囓�2,26,5,21,富邦-中壢,2023-03-08,9636
8176,智捷,20,0,20,富邦-中壢,2023-03-08,9636
00916,國泰全球品牌50,20,0,20,富邦-中壢,2023-03-08,9636
2344,華邦電,34,14,20,富邦-中壢,2023-03-08,9636
2606,裕民,21,2,19,富邦-中壢,2023-03-08,9636
3211,順達,24,5,19,富邦-中壢,2023-03-08,9636
2376,技嘉,20,2,18,富邦-中壢,2023-03-08,9636
00878,國泰永續高股息,313,2,311,富邦-中壢,2023-03-09,9636
3481,群創,450,169,281,富邦-中壢,2023-03-09,9636
2457,飛宏,299,101,198,富邦-中壢,2023-03-09,9636
2442,新美齊,197,0,197,富邦-中壢,2023-03-09,9636
00715L,期街口布蘭特正2,197,10,187,富邦-中壢,2023-03-09,9636
2618,長榮航,185,26,159,富邦-中壢,2023-03-09,9636
3005,神基,139,8,131,富邦-中壢,2023-03-09,9636
6005,群益證,110,0,110,富邦-中壢,2023-03-09,9636
3047,訊舟,117,30,87,富邦-中壢,2023-03-09,9636
4155,訊映,85,0,85,富邦-中壢,2023-03-09,9636
6443,元晶,89,10,79,富邦-中壢,2023-03-09,9636
3290,東浦,87,14,73,富邦-中壢,2023-03-09,9636
00712,復華富時不動產,71,10,61,富邦-中壢,2023-03-09,9636
8936,國統,87,26,61,富邦-中壢,2023-03-09,9636
00648R,元大S＆P500反1,60,0,60,富邦-中壢,2023-03-09,9636
9103,美德醫療-DR,54,0,54,富邦-中壢,2023-03-09,9636
5483,中美晶,57,4,53,富邦-中壢,2023-03-09,9636
00713,元大台灣高息低波,55,3,52,富邦-中壢,2023-03-09,9636
2897,王道銀行,70,18,52,富邦-中壢,2023-03-09,9636
6213,聯茂,55,3,52,富邦-中壢,2023-03-09,9636
2409,友達,50,2,48,富邦-中壢,2023-03-09,9636
00633L,富邦上証正2,58,11,47,富邦-中壢,2023-03-09,9636
2317,鴻海,49,6,43,富邦-中壢,2023-03-09,9636
9904,寶成,41,0,41,富邦-中壢,2023-03-09,9636
2368,金像電,48,11,37,富邦-中壢,2023-03-09,9636
3051,力特,57,20,37,富邦-中壢,2023-03-09,9636
6841,長佳智能,41,4,37,富邦-中壢,2023-03-09,9636
4440,宜新實業,36,0,36,富邦-中壢,2023-03-09,9636
6142,友勁,38,2,36,富邦-中壢,2023-03-09,9636
2885,元大金,34,0,34,富邦-中壢,2023-03-09,9636
6190,萬泰科,37,4,33,富邦-中壢,2023-03-09,9636
2528,皇普,37,4,33,富邦-中壢,2023-03-09,9636
2367,燿華,34,1,33,富邦-中壢,2023-03-09,9636
3264,欣銓,46,13,33,富邦-中壢,2023-03-09,9636
2884,玉山金,32,0,32,富邦-中壢,2023-03-09,9636
2371,大同,40,8,32,富邦-中壢,2023-03-09,9636
1514,亞力,64,33,31,富邦-中壢,2023-03-09,9636
00752,中信中國50,30,0,30,富邦-中壢,2023-03-09,9636
8940,新天地,30,0,30,富邦-中壢,2023-03-09,9636
5309,系統電,38,10,28,富邦-中壢,2023-03-09,9636
1402,遠東新,28,1,27,富邦-中壢,2023-03-09,9636
2313,華通,29,3,26,富邦-中壢,2023-03-09,9636
3434,哲固,29,3,26,富邦-中壢,2023-03-09,9636
8222,寶一,77,51,26,富邦-中壢,2023-03-09,9636
2880,華南金,26,0,26,富邦-中壢,2023-03-09,9636
00882,中信中國高股息,25,0,25,富邦-中壢,2023-03-09,9636
00772B,中信高評級公司債,26,2,24,富邦-中壢,2023-03-09,9636
2328,廣宇,27,3,24,富邦-中壢,2023-03-09,9636
2489,瑞軒,34,10,24,富邦-中壢,2023-03-09,9636
1513,中興電,45,22,23,富邦-中壢,2023-03-09,9636
00878,國泰永續高股息,547,21,526,富邦-中壢,2023-03-10,9636
00715L,期街口布蘭特正2,424,0,424,富邦-中壢,2023-03-10,9636
2618,長榮航,314,16,298,富邦-中壢,2023-03-10,9636
2610,華航,275,23,252,富邦-中壢,2023-03-10,9636
00713,元大台灣高息低波,187,3,184,富邦-中壢,2023-03-10,9636
5880,合庫金,174,0,174,富邦-中壢,2023-03-10,9636
2884,玉山金,123,23,100,富邦-中壢,2023-03-10,9636
2881,富邦金,104,12,92,富邦-中壢,2023-03-10,9636
2388,威盛,173,84,89,富邦-中壢,2023-03-10,9636
8069,元太,107,23,84,富邦-中壢,2023-03-10,9636
00895,富邦未來車,83,0,83,富邦-中壢,2023-03-10,9636
2882,國泰金,87,4,83,富邦-中壢,2023-03-10,9636
9945,潤泰新,83,2,81,富邦-中壢,2023-03-10,9636
00712,復華富時不動產,78,0,78,富邦-中壢,2023-03-10,9636
2344,華邦電,76,3,73,富邦-中壢,2023-03-10,9636
2891,中信金,81,11,70,富邦-中壢,2023-03-10,9636
3264,欣銓,75,8,67,富邦-中壢,2023-03-10,9636
00882,中信中國高股息,55,0,55,富邦-中壢,2023-03-10,9636
1605,華新,83,28,55,富邦-中壢,2023-03-10,9636
00753L,中信中國50正2,58,5,53,富邦-中壢,2023-03-10,9636
4114,健喬,68,20,48,富邦-中壢,2023-03-10,9636
2527,宏璟,48,0,48,富邦-中壢,2023-03-10,9636
00923,群益台ESG低碳50,44,0,44,富邦-中壢,2023-03-10,9636
2323,中環,94,50,44,富邦-中壢,2023-03-10,9636
1101,台泥,49,6,43,富邦-中壢,2023-03-10,9636
3058,立德,47,4,43,富邦-中壢,2023-03-10,9636
2880,華南金,42,0,42,富邦-中壢,2023-03-10,9636
6116,彩晶,54,12,42,富邦-中壢,2023-03-10,9636
2603,長榮,115,75,40,富邦-中壢,2023-03-10,9636
2633,台灣高鐵,39,1,38,富邦-中壢,2023-03-10,9636
1710,東聯,38,0,38,富邦-中壢,2023-03-10,9636
6841,長佳智能,45,9,36,富邦-中壢,2023-03-10,9636
00893,國泰智能電動車,37,1,36,富邦-中壢,2023-03-10,9636
3037,欣興,67,32,35,富邦-中壢,2023-03-10,9636
2367,燿華,45,10,35,富邦-中壢,2023-03-10,9636
00665L,富邦�琤肭磪囓�2,39,5,34,富邦-中壢,2023-03-10,9636
2867,三商壽,33,0,33,富邦-中壢,2023-03-10,9636
6139,亞翔,33,0,33,富邦-中壢,2023-03-10,9636
00637L,元大滬深300正2,42,10,32,富邦-中壢,2023-03-10,9636
5465,富驊,32,1,31,富邦-中壢,2023-03-10,9636
5905,南仁湖,30,0,30,富邦-中壢,2023-03-10,9636
5706,鳳凰,56,27,29,富邦-中壢,2023-03-10,9636
2313,華通,34,6,28,富邦-中壢,2023-03-10,9636
1524,耿鼎,39,11,28,富邦-中壢,2023-03-10,9636
00881,國泰台灣5G+,28,0,28,富邦-中壢,2023-03-10,9636
2845,遠東銀,28,0,28,富邦-中壢,2023-03-10,9636
4142,國光生,39,11,28,富邦-中壢,2023-03-10,9636
5403,中菲,29,2,27,富邦-中壢,2023-03-10,9636
3013,晟銘電,36,9,27,富邦-中壢,2023-03-10,9636
1504,東元,51,24,27,富邦-中壢,2023-03-10,9636
00878,國泰永續高股息,841,241,600,富邦-中壢,2023-03-13,9636
2014,中鴻,147,0,147,富邦-中壢,2023-03-13,9636
00712,復華富時不動產,103,0,103,富邦-中壢,2023-03-13,9636
00772B,中信高評級公司債,101,7,94,富邦-中壢,2023-03-13,9636
2317,鴻海,90,13,77,富邦-中壢,2023-03-13,9636
00715L,期街口布蘭特正2,130,57,73,富邦-中壢,2023-03-13,9636
2834,臺企銀,169,101,68,富邦-中壢,2023-03-13,9636
5465,富驊,98,34,64,富邦-中壢,2023-03-13,9636
2888,新光金,61,0,61,富邦-中壢,2023-03-13,9636
00637L,元大滬深300正2,67,11,56,富邦-中壢,2023-03-13,9636
00893,國泰智能電動車,77,22,55,富邦-中壢,2023-03-13,9636
00648R,元大S＆P500反1,50,0,50,富邦-中壢,2023-03-13,9636
00713,元大台灣高息低波,56,8,48,富邦-中壢,2023-03-13,9636
2427,三商電,73,30,43,富邦-中壢,2023-03-13,9636
6282,康舒,68,26,42,富邦-中壢,2023-03-13,9636
2527,宏璟,41,0,41,富邦-中壢,2023-03-13,9636
2880,華南金,42,1,41,富邦-中壢,2023-03-13,9636
6163,華電網,45,5,40,富邦-中壢,2023-03-13,9636
2413,環科,127,88,39,富邦-中壢,2023-03-13,9636
6770,力積電,44,5,39,富邦-中壢,2023-03-13,9636
2637,慧洋-KY,44,7,37,富邦-中壢,2023-03-13,9636
2883,凱基金,46,9,37,富邦-中壢,2023-03-13,9636
8440,綠電,36,0,36,富邦-中壢,2023-03-13,9636
1514,亞力,36,3,33,富邦-中壢,2023-03-13,9636
3481,群創,256,223,33,富邦-中壢,2023-03-13,9636
1314,中石化,30,0,30,富邦-中壢,2023-03-13,9636
6235,華孚,112,83,29,富邦-中壢,2023-03-13,9636
2915,潤泰全,28,0,28,富邦-中壢,2023-03-13,9636
2881,富邦金,36,9,27,富邦-中壢,2023-03-13,9636
2609,陽明,144,116,28,富邦-中壢,2023-03-13,9636
2882,國泰金,35,8,27,富邦-中壢,2023-03-13,9636
2887,台新金,37,10,27,富邦-中壢,2023-03-13,9636
3207,耀勝,42,17,25,富邦-中壢,2023-03-13,9636
2884,玉山金,80,56,24,富邦-中壢,2023-03-13,9636
2601,益航,24,0,24,富邦-中壢,2023-03-13,9636
8937,合騏,23,0,23,富邦-中壢,2023-03-13,9636
6160,欣技,25,2,23,富邦-中壢,2023-03-13,9636
2486,一詮,34,14,20,富邦-中壢,2023-03-13,9636
5328,華容,20,0,20,富邦-中壢,2023-03-13,9636
2465,麗臺,21,1,20,富邦-中壢,2023-03-13,9636
1319,東陽,20,0,20,富邦-中壢,2023-03-13,9636
3051,力特,20,0,20,富邦-中壢,2023-03-13,9636
00671R,富邦NASDAQ反1,50,31,19,富邦-中壢,2023-03-13,9636
2444,兆勁,20,1,19,富邦-中壢,2023-03-13,9636
6841,長佳智能,24,6,18,富邦-中壢,2023-03-13,9636
2457,飛宏,108,90,18,富邦-中壢,2023-03-13,9636
00669R,國泰美國道瓊反1,18,0,18,富邦-中壢,2023-03-13,9636
2820,華票,17,0,17,富邦-中壢,2023-03-13,9636
8936,國統,30,13,17,富邦-中壢,2023-03-13,9636
0056,元大高股息,51,34,17,富邦-中壢,2023-03-13,9636
00878,國泰永續高股息,743,64,679,富邦-中壢,2023-03-14,9636
00715L,期街口布蘭特正2,450,2,448,富邦-中壢,2023-03-14,9636
00637L,元大滬深300正2,229,47,182,富邦-中壢,2023-03-14,9636
2891,中信金,184,15,169,富邦-中壢,2023-03-14,9636
2618,長榮航,195,27,168,富邦-中壢,2023-03-14,9636
2838,聯邦銀,146,0,146,富邦-中壢,2023-03-14,9636
2610,華航,194,74,120,富邦-中壢,2023-03-14,9636
4155,訊映,119,0,119,富邦-中壢,2023-03-14,9636
2882,國泰金,118,9,109,富邦-中壢,2023-03-14,9636
00751B,元大AAA至A公司債,109,2,107,富邦-中壢,2023-03-14,9636
00720B,元大投資級公司債,106,0,106,富邦-中壢,2023-03-14,9636
00642U,期元大S＆P石油,101,0,101,富邦-中壢,2023-03-14,9636
2609,陽明,139,38,101,富邦-中壢,2023-03-14,9636
2303,聯電,303,217,86,富邦-中壢,2023-03-14,9636
2027,大成鋼,113,31,82,富邦-中壢,2023-03-14,9636
3481,群創,207,127,80,富邦-中壢,2023-03-14,9636
00712,復華富時不動產,94,14,80,富邦-中壢,2023-03-14,9636
00885,富邦越南,66,1,65,富邦-中壢,2023-03-14,9636
00893,國泰智能電動車,60,0,60,富邦-中壢,2023-03-14,9636
6116,彩晶,64,5,59,富邦-中壢,2023-03-14,9636
2888,新光金,67,8,59,富邦-中壢,2023-03-14,9636
2880,華南金,64,8,56,富邦-中壢,2023-03-14,9636
00753L,中信中國50正2,50,0,50,富邦-中壢,2023-03-14,9636
00713,元大台灣高息低波,58,8,50,富邦-中壢,2023-03-14,9636
1605,華新,50,4,46,富邦-中壢,2023-03-14,9636
2883,凱基金,46,0,46,富邦-中壢,2023-03-14,9636
2881,富邦金,47,7,40,富邦-中壢,2023-03-14,9636
2845,遠東銀,36,0,36,富邦-中壢,2023-03-14,9636
2409,友達,34,1,33,富邦-中壢,2023-03-14,9636
3037,欣興,40,7,33,富邦-中壢,2023-03-14,9636
1609,大亞,40,9,31,富邦-中壢,2023-03-14,9636
2317,鴻海,32,2,30,富邦-中壢,2023-03-14,9636
6233,旺玖,30,0,30,富邦-中壢,2023-03-14,9636
00882,中信中國高股息,29,0,29,富邦-中壢,2023-03-14,9636
3264,欣銓,30,2,28,富邦-中壢,2023-03-14,9636
4958,臻鼎-KY,27,1,26,富邦-中壢,2023-03-14,9636
00902,中信電池及儲能,25,0,25,富邦-中壢,2023-03-14,9636
2887,台新金,43,18,25,富邦-中壢,2023-03-14,9636
5880,合庫金,29,5,24,富邦-中壢,2023-03-14,9636
00633L,富邦上証正2,26,2,24,富邦-中壢,2023-03-14,9636
3017,奇鋐,24,2,22,富邦-中壢,2023-03-14,9636
2388,威盛,45,23,22,富邦-中壢,2023-03-14,9636
3162,精確,60,38,22,富邦-中壢,2023-03-14,9636
00669R,國泰美國道瓊反1,40,18,22,富邦-中壢,2023-03-14,9636
2413,環科,56,34,22,富邦-中壢,2023-03-14,9636
2890,永豐金,22,1,21,富邦-中壢,2023-03-14,9636
6244,茂迪,52,31,21,富邦-中壢,2023-03-14,9636
6182,合晶,24,3,21,富邦-中壢,2023-03-14,9636
3041,揚智,20,0,20,富邦-中壢,2023-03-14,9636
1314,中石化,19,0,19,富邦-中壢,2023-03-14,9636
00878,國泰永續高股息,693,14,679,富邦-中壢,2023-03-15,9636
00715L,期街口布蘭特正2,334,2,332,富邦-中壢,2023-03-15,9636
5483,中美晶,222,13,209,富邦-中壢,2023-03-15,9636
2457,飛宏,243,69,174,富邦-中壢,2023-03-15,9636
2630,亞航,120,3,117,富邦-中壢,2023-03-15,9636
2915,潤泰全,180,73,107,富邦-中壢,2023-03-15,9636
00713,元大台灣高息低波,108,2,106,富邦-中壢,2023-03-15,9636
00679B,元大美債20年,100,2,98,富邦-中壢,2023-03-15,9636
2882,國泰金,96,2,94,富邦-中壢,2023-03-15,9636
2603,長榮,241,148,93,富邦-中壢,2023-03-15,9636
2887,台新金,94,2,92,富邦-中壢,2023-03-15,9636
5608,四維航,99,8,91,富邦-中壢,2023-03-15,9636
2889,國票金,104,15,89,富邦-中壢,2023-03-15,9636
00642U,期元大S＆P石油,80,0,80,富邦-中壢,2023-03-15,9636
2884,玉山金,90,14,76,富邦-中壢,2023-03-15,9636
2609,陽明,174,102,72,富邦-中壢,2023-03-15,9636
2542,興富發,60,3,57,富邦-中壢,2023-03-15,9636
2891,中信金,52,0,52,富邦-中壢,2023-03-15,9636
00712,復華富時不動產,51,0,51,富邦-中壢,2023-03-15,9636
2352,佳世達,49,0,49,富邦-中壢,2023-03-15,9636
3209,全科,65,16,49,富邦-中壢,2023-03-15,9636
6163,華電網,60,13,47,富邦-中壢,2023-03-15,9636
00720B,元大投資級公司債,45,0,45,富邦-中壢,2023-03-15,9636
5880,合庫金,46,1,45,富邦-中壢,2023-03-15,9636
2834,臺企銀,134,90,44,富邦-中壢,2023-03-15,9636
3013,晟銘電,40,2,38,富邦-中壢,2023-03-15,9636
2881,富邦金,35,0,35,富邦-中壢,2023-03-15,9636
2402,毅嘉,89,57,32,富邦-中壢,2023-03-15,9636
2880,華南金,31,0,31,富邦-中壢,2023-03-15,9636
2476,鉅祥,32,5,27,富邦-中壢,2023-03-15,9636
2883,凱基金,31,7,24,富邦-中壢,2023-03-15,9636
4934,太極,34,10,24,富邦-中壢,2023-03-15,9636
2002,中鋼,28,5,23,富邦-中壢,2023-03-15,9636
6282,康舒,49,26,23,富邦-中壢,2023-03-15,9636
4904,遠傳,22,0,22,富邦-中壢,2023-03-15,9636
8358,金居,22,0,22,富邦-中壢,2023-03-15,9636
2888,新光金,43,22,21,富邦-中壢,2023-03-15,9636
00680L,元大美債20正2,20,0,20,富邦-中壢,2023-03-15,9636
1434,福懋,20,0,20,富邦-中壢,2023-03-15,9636
2520,冠德,22,2,20,富邦-中壢,2023-03-15,9636
2409,友達,50,31,19,富邦-中壢,2023-03-15,9636
00772B,中信高評級公司債,19,0,19,富邦-中壢,2023-03-15,9636
1708,東鹼,20,1,19,富邦-中壢,2023-03-15,9636
2618,長榮航,39,20,19,富邦-中壢,2023-03-15,9636
2886,兆豐金,21,3,18,富邦-中壢,2023-03-15,9636
6116,彩晶,56,38,18,富邦-中壢,2023-03-15,9636
3046,建��,24,7,17,富邦-中壢,2023-03-15,9636
6139,亞翔,21,4,17,富邦-中壢,2023-03-15,9636
6138,茂達,17,0,17,富邦-中壢,2023-03-15,9636
1314,中石化,17,1,16,富邦-中壢,2023-03-15,9636
2834,臺企銀,3460,1673,1787,富邦-中壢,2023-03-16,9636
00715L,期街口布蘭特正2,831,120,711,富邦-中壢,2023-03-16,9636
00878,國泰永續高股息,571,39,532,富邦-中壢,2023-03-16,9636
2891,中信金,230,5,225,富邦-中壢,2023-03-16,9636
2618,長榮航,252,72,180,富邦-中壢,2023-03-16,9636
00712,復華富時不動產,182,70,112,富邦-中壢,2023-03-16,9636
2888,新光金,111,10,101,富邦-中壢,2023-03-16,9636
00713,元大台灣高息低波,93,0,93,富邦-中壢,2023-03-16,9636
00642U,期元大S＆P石油,89,4,85,富邦-中壢,2023-03-16,9636
2882,國泰金,89,5,84,富邦-中壢,2023-03-16,9636
2812,台中銀,92,13,79,富邦-中壢,2023-03-16,9636
00637L,元大滬深300正2,89,13,76,富邦-中壢,2023-03-16,9636
2645,長榮航太,78,3,75,富邦-中壢,2023-03-16,9636
2880,華南金,66,2,64,富邦-中壢,2023-03-16,9636
2610,華航,82,23,59,富邦-中壢,2023-03-16,9636
6163,華電網,112,54,58,富邦-中壢,2023-03-16,9636
00900,富邦特選高股息30,89,32,57,富邦-中壢,2023-03-16,9636
9907,統一實,56,0,56,富邦-中壢,2023-03-16,9636
2883,凱基金,84,31,53,富邦-中壢,2023-03-16,9636
5465,富驊,50,0,50,富邦-中壢,2023-03-16,9636
4541,晟田,50,2,48,富邦-中壢,2023-03-16,9636
1611,中電,78,34,44,富邦-中壢,2023-03-16,9636
2402,毅嘉,58,16,42,富邦-中壢,2023-03-16,9636
4306,炎洲,41,0,41,富邦-中壢,2023-03-16,9636
5880,合庫金,41,1,40,富邦-中壢,2023-03-16,9636
1451,年興,40,0,40,富邦-中壢,2023-03-16,9636
3264,欣銓,39,1,38,富邦-中壢,2023-03-16,9636
2313,華通,42,4,38,富邦-中壢,2023-03-16,9636
2603,長榮,183,150,33,富邦-中壢,2023-03-16,9636
0056,元大高股息,86,53,33,富邦-中壢,2023-03-16,9636
2027,大成鋼,40,8,32,富邦-中壢,2023-03-16,9636
2388,威盛,40,11,29,富邦-中壢,2023-03-16,9636
1785,光洋科,31,2,29,富邦-中壢,2023-03-16,9636
4128,中天,28,0,28,富邦-中壢,2023-03-16,9636
2609,陽明,103,76,27,富邦-中壢,2023-03-16,9636
2886,兆豐金,29,3,26,富邦-中壢,2023-03-16,9636
2887,台新金,47,21,26,富邦-中壢,2023-03-16,9636
00633L,富邦上証正2,27,2,25,富邦-中壢,2023-03-16,9636
2545,皇翔,25,0,25,富邦-中壢,2023-03-16,9636
0050,元大台灣50,26,2,24,富邦-中壢,2023-03-16,9636
6288,聯嘉,23,0,23,富邦-中壢,2023-03-16,9636
6116,彩晶,32,10,22,富邦-中壢,2023-03-16,9636
2330,台積電,25,4,21,富邦-中壢,2023-03-16,9636
2892,第一金,27,7,20,富邦-中壢,2023-03-16,9636
2102,泰豐,20,0,20,富邦-中壢,2023-03-16,9636
2528,皇普,20,0,20,富邦-中壢,2023-03-16,9636
2630,亞航,20,1,19,富邦-中壢,2023-03-16,9636
4123,晟德,19,0,19,富邦-中壢,2023-03-16,9636
2542,興富發,39,20,19,富邦-中壢,2023-03-16,9636
1605,華新,23,5,18,富邦-中壢,2023-03-16,9636
00715L,期街口布蘭特正2,519,83,436,富邦-中壢,2023-03-17,9636
0056,元大高股息,422,33,389,富邦-中壢,2023-03-17,9636
00878,國泰永續高股息,390,30,360,富邦-中壢,2023-03-17,9636
1605,華新,217,56,161,富邦-中壢,2023-03-17,9636
2891,中信金,143,3,140,富邦-中壢,2023-03-17,9636
2102,泰豐,100,0,100,富邦-中壢,2023-03-17,9636
2812,台中銀,76,0,76,富邦-中壢,2023-03-17,9636
00712,復華富時不動產,73,0,73,富邦-中壢,2023-03-17,9636
5880,合庫金,67,0,67,富邦-中壢,2023-03-17,9636
5452,佶優,72,7,65,富邦-中壢,2023-03-17,9636
2890,永豐金,59,0,59,富邦-中壢,2023-03-17,9636
00713,元大台灣高息低波,55,1,54,富邦-中壢,2023-03-17,9636
1514,亞力,54,1,53,富邦-中壢,2023-03-17,9636
00676R,富邦臺灣加權反1,52,0,52,富邦-中壢,2023-03-17,9636
5483,中美晶,60,13,47,富邦-中壢,2023-03-17,9636
2884,玉山金,49,4,45,富邦-中壢,2023-03-17,9636
2618,長榮航,57,14,43,富邦-中壢,2023-03-17,9636
6282,康舒,66,28,38,富邦-中壢,2023-03-17,9636
00720B,元大投資級公司債,37,0,37,富邦-中壢,2023-03-17,9636
2014,中鴻,42,8,34,富邦-中壢,2023-03-17,9636
00679B,元大美債20年,36,3,33,富邦-中壢,2023-03-17,9636
2889,國票金,59,26,33,富邦-中壢,2023-03-17,9636
2376,技嘉,34,2,32,富邦-中壢,2023-03-17,9636
00885,富邦越南,32,0,32,富邦-中壢,2023-03-17,9636
6163,華電網,42,10,32,富邦-中壢,2023-03-17,9636
3093,港建*,68,37,31,富邦-中壢,2023-03-17,9636
00772B,中信高評級公司債,30,1,29,富邦-中壢,2023-03-17,9636
4906,正文,25,0,25,富邦-中壢,2023-03-17,9636
2915,潤泰全,25,1,24,富邦-中壢,2023-03-17,9636
2633,台灣高鐵,23,0,23,富邦-中壢,2023-03-17,9636
3576,聯合再生,33,10,23,富邦-中壢,2023-03-17,9636
1609,大亞,25,4,21,富邦-中壢,2023-03-17,9636
00680L,元大美債20正2,21,0,21,富邦-中壢,2023-03-17,9636
00900,富邦特選高股息30,40,19,21,富邦-中壢,2023-03-17,9636
2442,新美齊,20,0,20,富邦-中壢,2023-03-17,9636
00664R,國泰臺灣加權反1,20,0,20,富邦-中壢,2023-03-17,9636
2105,正新,18,0,18,富邦-中壢,2023-03-17,9636
2359,所羅門,20,2,18,富邦-中壢,2023-03-17,9636
2605,新興,18,0,18,富邦-中壢,2023-03-17,9636
2610,華航,45,28,17,富邦-中壢,2023-03-17,9636
5465,富驊,18,1,17,富邦-中壢,2023-03-17,9636
2892,第一金,26,10,16,富邦-中壢,2023-03-17,9636
1504,東元,29,13,16,富邦-中壢,2023-03-17,9636
2883,凱基金,30,14,16,富邦-中壢,2023-03-17,9636
9904,寶成,40,25,15,富邦-中壢,2023-03-17,9636
6477,安集,23,8,15,富邦-中壢,2023-03-17,9636
1513,中興電,20,7,13,富邦-中壢,2023-03-17,9636
3532,台勝科,24,11,13,富邦-中壢,2023-03-17,9636
9955,佳龍,26,14,12,富邦-中壢,2023-03-17,9636
4105,東洋,12,0,12,富邦-中壢,2023-03-17,9636
00715L,期街口布蘭特正2,877,54,823,富邦-中壢,2023-03-20,9636
2889,國票金,300,63,237,富邦-中壢,2023-03-20,9636
2884,玉山金,193,6,187,富邦-中壢,2023-03-20,9636
3481,群創,314,144,170,富邦-中壢,2023-03-20,9636
00637L,元大滬深300正2,166,0,166,富邦-中壢,2023-03-20,9636
4155,訊映,137,1,136,富邦-中壢,2023-03-20,9636
00772B,中信高評級公司債,101,0,101,富邦-中壢,2023-03-20,9636
2882,國泰金,96,4,92,富邦-中壢,2023-03-20,9636
00642U,期元大S＆P石油,76,1,75,富邦-中壢,2023-03-20,9636
2891,中信金,65,5,60,富邦-中壢,2023-03-20,9636
00902,中信電池及儲能,58,0,58,富邦-中壢,2023-03-20,9636
2888,新光金,88,32,56,富邦-中壢,2023-03-20,9636
1467,南緯,60,4,56,富邦-中壢,2023-03-20,9636
00713,元大台灣高息低波,53,2,51,富邦-中壢,2023-03-20,9636
6163,華電網,84,33,51,富邦-中壢,2023-03-20,9636
00671R,富邦NASDAQ反1,56,5,51,富邦-中壢,2023-03-20,9636
2102,泰豐,50,0,50,富邦-中壢,2023-03-20,9636
6443,元晶,151,103,48,富邦-中壢,2023-03-20,9636
00885,富邦越南,51,3,48,富邦-中壢,2023-03-20,9636
00633L,富邦上証正2,46,1,45,富邦-中壢,2023-03-20,9636
3652,精聯,51,8,43,富邦-中壢,2023-03-20,9636
2206,三陽工業,40,1,39,富邦-中壢,2023-03-20,9636
2409,友達,42,5,37,富邦-中壢,2023-03-20,9636
2880,華南金,36,1,35,富邦-中壢,2023-03-20,9636
00712,復華富時不動產,49,17,32,富邦-中壢,2023-03-20,9636
3047,訊舟,32,0,32,富邦-中壢,2023-03-20,9636
2881,富邦金,34,2,32,富邦-中壢,2023-03-20,9636
9945,潤泰新,42,11,31,富邦-中壢,2023-03-20,9636
2330,台積電,33,2,31,富邦-中壢,2023-03-20,9636
00720B,元大投資級公司債,29,0,29,富邦-中壢,2023-03-20,9636
00680L,元大美債20正2,35,7,28,富邦-中壢,2023-03-20,9636
3027,盛達,75,47,28,富邦-中壢,2023-03-20,9636
2014,中鴻,30,4,26,富邦-中壢,2023-03-20,9636
2402,毅嘉,40,14,26,富邦-中壢,2023-03-20,9636
1504,東元,58,34,24,富邦-中壢,2023-03-20,9636
9904,寶成,24,0,24,富邦-中壢,2023-03-20,9636
2892,第一金,27,3,24,富邦-中壢,2023-03-20,9636
2388,威盛,46,23,23,富邦-中壢,2023-03-20,9636
2105,正新,21,0,21,富邦-中壢,2023-03-20,9636
00773B,中信優先金融債,21,0,21,富邦-中壢,2023-03-20,9636
2603,長榮,46,25,21,富邦-中壢,2023-03-20,9636
3272,東碩,19,1,18,富邦-中壢,2023-03-20,9636
6164,華興,18,0,18,富邦-中壢,2023-03-20,9636
00670L,富邦NASDAQ正2,18,0,18,富邦-中壢,2023-03-20,9636
00692,富邦公司治理,19,1,18,富邦-中壢,2023-03-20,9636
6235,華孚,64,47,17,富邦-中壢,2023-03-20,9636
00688L,國泰20年美債正2,17,0,17,富邦-中壢,2023-03-20,9636
4919,新唐,17,1,16,富邦-中壢,2023-03-20,9636
4763,材料-KY,18,2,16,富邦-中壢,2023-03-20,9636
2002,中鋼,22,6,16,富邦-中壢,2023-03-20,9636
00885,富邦越南,115,4,111,富邦-中壢,2023-03-21,9636
2882,國泰金,133,24,109,富邦-中壢,2023-03-21,9636
00679B,元大美債20年,109,2,107,富邦-中壢,2023-03-21,9636
3058,立德,78,6,72,富邦-中壢,2023-03-21,9636
2906,高林,69,0,69,富邦-中壢,2023-03-21,9636
2834,臺企銀,164,95,69,富邦-中壢,2023-03-21,9636
00772B,中信高評級公司債,64,3,61,富邦-中壢,2023-03-21,9636
6122,擎邦,56,1,55,富邦-中壢,2023-03-21,9636
00903,富邦元宇宙,50,0,50,富邦-中壢,2023-03-21,9636
0056,元大高股息,61,12,49,富邦-中壢,2023-03-21,9636
2453,凌群,84,39,45,富邦-中壢,2023-03-21,9636
8933,愛地雅,44,0,44,富邦-中壢,2023-03-21,9636
4155,訊映,47,4,43,富邦-中壢,2023-03-21,9636
2891,中信金,40,4,36,富邦-中壢,2023-03-21,9636
2610,華航,58,23,35,富邦-中壢,2023-03-21,9636
00669R,國泰美國道瓊反1,30,0,30,富邦-中壢,2023-03-21,9636
2102,泰豐,30,0,30,富邦-中壢,2023-03-21,9636
2303,聯電,56,27,29,富邦-中壢,2023-03-21,9636
2528,皇普,31,2,29,富邦-中壢,2023-03-21,9636
1101,台泥,34,5,29,富邦-中壢,2023-03-21,9636
8926,台汽電,46,18,28,富邦-中壢,2023-03-21,9636
2027,大成鋼,31,5,26,富邦-中壢,2023-03-21,9636
9945,潤泰新,42,17,25,富邦-中壢,2023-03-21,9636
00916,國泰全球品牌50,25,1,24,富邦-中壢,2023-03-21,9636
00882,中信中國高股息,22,0,22,富邦-中壢,2023-03-21,9636
2867,三商壽,25,3,22,富邦-中壢,2023-03-21,9636
3419,譁裕,23,2,21,富邦-中壢,2023-03-21,9636
6244,茂迪,318,299,19,富邦-中壢,2023-03-21,9636
00720B,元大投資級公司債,22,3,19,富邦-中壢,2023-03-21,9636
2402,毅嘉,97,78,19,富邦-中壢,2023-03-21,9636
1609,大亞,32,13,19,富邦-中壢,2023-03-21,9636
9802,鈺齊-KY,17,0,17,富邦-中壢,2023-03-21,9636
6180,橘子,17,0,17,富邦-中壢,2023-03-21,9636
6589,台康生技,19,2,17,富邦-中壢,2023-03-21,9636
9105,泰金寶-DR,16,0,16,富邦-中壢,2023-03-21,9636
2419,仲琦,16,0,16,富邦-中壢,2023-03-21,9636
2883,凱基金,15,0,15,富邦-中壢,2023-03-21,9636
2243,宏旭-KY,17,2,15,富邦-中壢,2023-03-21,9636
2206,三陽工業,19,4,15,富邦-中壢,2023-03-21,9636
5210,寶碩,15,0,15,富邦-中壢,2023-03-21,9636
6257,矽格,16,1,15,富邦-中壢,2023-03-21,9636
00712,復華富時不動產,24,9,15,富邦-中壢,2023-03-21,9636
4770,上品,15,1,14,富邦-中壢,2023-03-21,9636
00642U,期元大S＆P石油,21,8,13,富邦-中壢,2023-03-21,9636
2471,資通,63,50,13,富邦-中壢,2023-03-21,9636
6182,合晶,20,7,13,富邦-中壢,2023-03-21,9636
6531,愛普*,67,54,13,富邦-中壢,2023-03-21,9636
2890,永豐金,26,13,13,富邦-中壢,2023-03-21,9636
2609,陽明,35,22,13,富邦-中壢,2023-03-21,9636
3029,零壹,55,43,12,富邦-中壢,2023-03-21,9636
00632R,元大台灣50反1,391,39,352,富邦-中壢,2023-03-22,9636
2457,飛宏,326,86,240,富邦-中壢,2023-03-22,9636
6167,久正,102,0,102,富邦-中壢,2023-03-22,9636
2102,泰豐,102,0,102,富邦-中壢,2023-03-22,9636
2312,金寶,101,6,95,富邦-中壢,2023-03-22,9636
00665L,富邦�琤肭磪囓�2,103,13,90,富邦-中壢,2023-03-22,9636
6005,群益證,100,14,86,富邦-中壢,2023-03-22,9636
2388,威盛,129,52,77,富邦-中壢,2023-03-22,9636
2890,永豐金,106,35,71,富邦-中壢,2023-03-22,9636
1524,耿鼎,93,31,62,富邦-中壢,2023-03-22,9636
2493,揚博,56,0,56,富邦-中壢,2023-03-22,9636
00679B,元大美債20年,62,12,50,富邦-中壢,2023-03-22,9636
00676R,富邦臺灣加權反1,50,0,50,富邦-中壢,2023-03-22,9636
2344,華邦電,58,10,48,富邦-中壢,2023-03-22,9636
2812,台中銀,40,1,39,富邦-中壢,2023-03-22,9636
2618,長榮航,52,14,38,富邦-中壢,2023-03-22,9636
6182,合晶,42,6,36,富邦-中壢,2023-03-22,9636
2302,麗正,53,20,33,富邦-中壢,2023-03-22,9636
5009,榮剛,36,3,33,富邦-中壢,2023-03-22,9636
2881,富邦金,37,5,32,富邦-中壢,2023-03-22,9636
9945,潤泰新,39,8,31,富邦-中壢,2023-03-22,9636
00900,富邦特選高股息30,54,23,31,富邦-中壢,2023-03-22,9636
6129,普誠,32,2,30,富邦-中壢,2023-03-22,9636
6152,百一,30,1,29,富邦-中壢,2023-03-22,9636
5381,合正,30,1,29,富邦-中壢,2023-03-22,9636
3013,晟銘電,102,76,26,富邦-中壢,2023-03-22,9636
3005,神基,29,3,26,富邦-中壢,2023-03-22,9636
6282,康舒,40,15,25,富邦-中壢,2023-03-22,9636
1605,華新,49,24,25,富邦-中壢,2023-03-22,9636
3048,益登,25,0,25,富邦-中壢,2023-03-22,9636
5608,四維航,35,11,24,富邦-中壢,2023-03-22,9636
00885,富邦越南,25,2,23,富邦-中壢,2023-03-22,9636
5483,中美晶,27,4,23,富邦-中壢,2023-03-22,9636
2101,南港,27,4,23,富邦-中壢,2023-03-22,9636
5464,霖宏,23,0,23,富邦-中壢,2023-03-22,9636
1815,富喬,22,0,22,富邦-中壢,2023-03-22,9636
3714,富采,32,10,22,富邦-中壢,2023-03-22,9636
2495,普安,21,0,21,富邦-中壢,2023-03-22,9636
8112,至上,23,2,21,富邦-中壢,2023-03-22,9636
00772B,中信高評級公司債,20,0,20,富邦-中壢,2023-03-22,9636
2031,新光鋼,20,0,20,富邦-中壢,2023-03-22,9636
2486,一詮,97,77,20,富邦-中壢,2023-03-22,9636
4440,宜新實業,20,0,20,富邦-中壢,2023-03-22,9636
6148,驊宏資,20,0,20,富邦-中壢,2023-03-22,9636
00882,中信中國高股息,21,2,19,富邦-中壢,2023-03-22,9636
00905,FT臺灣Smart,20,2,18,富邦-中壢,2023-03-22,9636
2886,兆豐金,21,5,16,富邦-中壢,2023-03-22,9636
1584,精剛,18,2,16,富邦-中壢,2023-03-22,9636
6279,胡連,16,0,16,富邦-中壢,2023-03-22,9636
00673R,期元大S＆P原油反1,20,4,16,富邦-中壢,2023-03-22,9636
2880,華南金,147,1,146,富邦-中壢,2023-03-23,9636
3481,群創,692,547,145,富邦-中壢,2023-03-23,9636
00676R,富邦臺灣加權反1,105,0,105,富邦-中壢,2023-03-23,9636
6806,森崴能源,90,0,90,富邦-中壢,2023-03-23,9636
2882,國泰金,131,59,72,富邦-中壢,2023-03-23,9636
00673R,期元大S＆P原油反1,70,0,70,富邦-中壢,2023-03-23,9636
2409,友達,112,49,63,富邦-中壢,2023-03-23,9636
2618,長榮航,72,9,63,富邦-中壢,2023-03-23,9636
4102,永日,63,1,62,富邦-中壢,2023-03-23,9636
2427,三商電,67,6,61,富邦-中壢,2023-03-23,9636
2368,金像電,78,18,60,富邦-中壢,2023-03-23,9636
00878,國泰永續高股息,112,53,59,富邦-中壢,2023-03-23,9636
4173,久裕,54,0,54,富邦-中壢,2023-03-23,9636
6109,亞元,68,15,53,富邦-中壢,2023-03-23,9636
2303,聯電,71,18,53,富邦-中壢,2023-03-23,9636
0056,元大高股息,64,12,52,富邦-中壢,2023-03-23,9636
2884,玉山金,53,10,43,富邦-中壢,2023-03-23,9636
3322,建舜電,73,30,43,富邦-中壢,2023-03-23,9636
00665L,富邦�琤肭磪囓�2,42,3,39,富邦-中壢,2023-03-23,9636
00679B,元大美債20年,48,10,38,富邦-中壢,2023-03-23,9636
00642U,期元大S＆P石油,39,3,36,富邦-中壢,2023-03-23,9636
00714,群益道瓊美國地產,35,0,35,富邦-中壢,2023-03-23,9636
5371,中光電,31,0,31,富邦-中壢,2023-03-23,9636
2885,元大金,31,0,31,富邦-中壢,2023-03-23,9636
4503,金雨,30,0,30,富邦-中壢,2023-03-23,9636
00885,富邦越南,29,1,28,富邦-中壢,2023-03-23,9636
2388,威盛,93,65,28,富邦-中壢,2023-03-23,9636
2528,皇普,30,2,28,富邦-中壢,2023-03-23,9636
6005,群益證,30,2,28,富邦-中壢,2023-03-23,9636
6282,康舒,52,25,27,富邦-中壢,2023-03-23,9636
3576,聯合再生,27,1,26,富邦-中壢,2023-03-23,9636
00720B,元大投資級公司債,26,0,26,富邦-中壢,2023-03-23,9636
6182,合晶,41,16,25,富邦-中壢,2023-03-23,9636
3048,益登,25,0,25,富邦-中壢,2023-03-23,9636
00753L,中信中國50正2,25,0,25,富邦-中壢,2023-03-23,9636
1319,東陽,35,10,25,富邦-中壢,2023-03-23,9636
3016,嘉晶,24,0,24,富邦-中壢,2023-03-23,9636
2605,新興,34,11,23,富邦-中壢,2023-03-23,9636
2637,慧洋-KY,23,1,22,富邦-中壢,2023-03-23,9636
2645,長榮航太,23,1,22,富邦-中壢,2023-03-23,9636
3419,譁裕,26,5,21,富邦-中壢,2023-03-23,9636
00712,復華富時不動產,25,5,20,富邦-中壢,2023-03-23,9636
4306,炎洲,22,2,20,富邦-中壢,2023-03-23,9636
3714,富采,21,2,19,富邦-中壢,2023-03-23,9636
2338,光罩,22,3,19,富邦-中壢,2023-03-23,9636
5534,長虹,20,1,19,富邦-中壢,2023-03-23,9636
3715,定穎投控,30,11,19,富邦-中壢,2023-03-23,9636
5608,四維航,20,1,19,富邦-中壢,2023-03-23,9636
2610,華航,30,12,18,富邦-中壢,2023-03-23,9636
5425,台半,85,67,18,富邦-中壢,2023-03-23,9636
00878,國泰永續高股息,697,140,557,富邦-中壢,2023-03-24,9636
00632R,元大台灣50反1,1048,593,455,富邦-中壢,2023-03-24,9636
00671R,富邦NASDAQ反1,400,20,380,富邦-中壢,2023-03-24,9636
2102,泰豐,301,1,300,富邦-中壢,2023-03-24,9636
00676R,富邦臺灣加權反1,172,0,172,富邦-中壢,2023-03-24,9636
5014,建錩,102,3,99,富邦-中壢,2023-03-24,9636
2883B,凱基金乙特,75,0,75,富邦-中壢,2023-03-24,9636
3059,華晶科,76,1,75,富邦-中壢,2023-03-24,9636
6005,群益證,70,0,70,富邦-中壢,2023-03-24,9636
00712,復華富時不動產,63,3,60,富邦-中壢,2023-03-24,9636
2891,中信金,59,12,47,富邦-中壢,2023-03-24,9636
1504,東元,133,87,46,富邦-中壢,2023-03-24,9636
2812,台中銀,48,3,45,富邦-中壢,2023-03-24,9636
6209,今國光,55,15,40,富邦-中壢,2023-03-24,9636
6226,光鼎,39,3,36,富邦-中壢,2023-03-24,9636
2402,毅嘉,110,75,35,富邦-中壢,2023-03-24,9636
6142,友勁,50,16,34,富邦-中壢,2023-03-24,9636
00633L,富邦上証正2,34,0,34,富邦-中壢,2023-03-24,9636
6733,博晟生醫,39,7,32,富邦-中壢,2023-03-24,9636
00720B,元大投資級公司債,32,0,32,富邦-中壢,2023-03-24,9636
3189,景碩,40,9,31,富邦-中壢,2023-03-24,9636
4536,拓凱,31,1,30,富邦-中壢,2023-03-24,9636
3047,訊舟,52,22,30,富邦-中壢,2023-03-24,9636
5475,德宏,35,5,30,富邦-中壢,2023-03-24,9636
2427,三商電,36,10,26,富邦-中壢,2023-03-24,9636
2723,美食-KY,33,7,26,富邦-中壢,2023-03-24,9636
00916,國泰全球品牌50,25,0,25,富邦-中壢,2023-03-24,9636
2002,中鋼,25,1,24,富邦-中壢,2023-03-24,9636
9904,寶成,24,0,24,富邦-中壢,2023-03-24,9636
1314,中石化,25,3,22,富邦-中壢,2023-03-24,9636
6863,永道-KY,22,1,21,富邦-中壢,2023-03-24,9636
00675L,富邦臺灣加權正2,20,0,20,富邦-中壢,2023-03-24,9636
2014,中鴻,36,16,20,富邦-中壢,2023-03-24,9636
00885,富邦越南,26,6,20,富邦-中壢,2023-03-24,9636
8924,大田,20,0,20,富邦-中壢,2023-03-24,9636
00673R,期元大S＆P原油反1,20,0,20,富邦-中壢,2023-03-24,9636
00635U,期元大S＆P黃金,20,0,20,富邦-中壢,2023-03-24,9636
00679B,元大美債20年,21,1,20,富邦-中壢,2023-03-24,9636
6806,森崴能源,22,3,19,富邦-中壢,2023-03-24,9636
00637L,元大滬深300正2,25,6,19,富邦-中壢,2023-03-24,9636
00772B,中信高評級公司債,16,0,16,富邦-中壢,2023-03-24,9636
4979,華星光,38,22,16,富邦-中壢,2023-03-24,9636
5222,全訊,23,7,16,富邦-中壢,2023-03-24,9636
9939,宏全,18,2,16,富邦-中壢,2023-03-24,9636
6182,合晶,29,13,16,富邦-中壢,2023-03-24,9636
2303,聯電,61,46,15,富邦-中壢,2023-03-24,9636
2618,長榮航,18,3,15,富邦-中壢,2023-03-24,9636
6148,驊宏資,25,10,15,富邦-中壢,2023-03-24,9636
3432,台端,34,19,15,富邦-中壢,2023-03-24,9636
00692,富邦公司治理,19,4,15,富邦-中壢,2023-03-24,9636
00665L,富邦�琤肭磪囓�2,114,4,110,富邦-中壢,2023-03-27,9636
2102,泰豐,100,1,99,富邦-中壢,2023-03-27,9636
3059,華晶科,92,2,90,富邦-中壢,2023-03-27,9636
00676R,富邦臺灣加權反1,80,0,80,富邦-中壢,2023-03-27,9636
3481,群創,175,102,73,富邦-中壢,2023-03-27,9636
2317,鴻海,84,15,69,富邦-中壢,2023-03-27,9636
00882,中信中國高股息,67,5,62,富邦-中壢,2023-03-27,9636
1314,中石化,66,9,57,富邦-中壢,2023-03-27,9636
00632R,元大台灣50反1,63,16,47,富邦-中壢,2023-03-27,9636
00679B,元大美債20年,48,2,46,富邦-中壢,2023-03-27,9636
1609,大亞,99,54,45,富邦-中壢,2023-03-27,9636
6288,聯嘉,78,33,45,富邦-中壢,2023-03-27,9636
2610,華航,50,6,44,富邦-中壢,2023-03-27,9636
00637L,元大滬深300正2,40,0,40,富邦-中壢,2023-03-27,9636
8121,越峰,40,8,32,富邦-中壢,2023-03-27,9636
2409,友達,40,9,31,富邦-中壢,2023-03-27,9636
2329,華泰,45,14,31,富邦-中壢,2023-03-27,9636
6203,海韻電,30,0,30,富邦-中壢,2023-03-27,9636
6603,富強鑫,30,0,30,富邦-中壢,2023-03-27,9636
3264,欣銓,34,4,30,富邦-中壢,2023-03-27,9636
3380,明泰,30,1,29,富邦-中壢,2023-03-27,9636
6143,振曜,35,8,27,富邦-中壢,2023-03-27,9636
00922,國泰台灣領袖50,48,22,26,富邦-中壢,2023-03-27,9636
2002,中鋼,27,1,26,富邦-中壢,2023-03-27,9636
2105,正新,27,1,26,富邦-中壢,2023-03-27,9636
2630,亞航,22,0,22,富邦-中壢,2023-03-27,9636
6182,合晶,29,7,22,富邦-中壢,2023-03-27,9636
3715,定穎投控,55,34,21,富邦-中壢,2023-03-27,9636
3056,富華新,32,12,20,富邦-中壢,2023-03-27,9636
2338,光罩,22,2,20,富邦-中壢,2023-03-27,9636
00650L,復華香港正2,30,10,20,富邦-中壢,2023-03-27,9636
00686R,群益臺灣加權反1,20,0,20,富邦-中壢,2023-03-27,9636
2201,裕隆,29,9,20,富邦-中壢,2023-03-27,9636
00674R,期元大S＆P黃金反1,20,0,20,富邦-中壢,2023-03-27,9636
2634,漢翔,67,48,19,富邦-中壢,2023-03-27,9636
00713,元大台灣高息低波,29,10,19,富邦-中壢,2023-03-27,9636
2413,環科,27,8,19,富邦-中壢,2023-03-27,9636
00633L,富邦上証正2,19,0,19,富邦-中壢,2023-03-27,9636
2302,麗正,21,3,18,富邦-中壢,2023-03-27,9636
5351,鈺創,34,16,18,富邦-中壢,2023-03-27,9636
6235,華孚,40,23,17,富邦-中壢,2023-03-27,9636
1522,堤維西,17,0,17,富邦-中壢,2023-03-27,9636
6279,胡連,16,0,16,富邦-中壢,2023-03-27,9636
1708,東鹼,22,6,16,富邦-中壢,2023-03-27,9636
2883B,凱基金乙特,16,0,16,富邦-中壢,2023-03-27,9636
3483,力致,17,1,16,富邦-中壢,2023-03-27,9636
8403,盛弘,15,0,15,富邦-中壢,2023-03-27,9636
00782B,國泰A級公用債,15,0,15,富邦-中壢,2023-03-27,9636
3552,同致,18,3,15,富邦-中壢,2023-03-27,9636
4743,合一,14,0,14,富邦-中壢,2023-03-27,9636
00679B,元大美債20年,283,0,283,富邦-中壢,2023-03-28,9636
2889,國票金,225,5,220,富邦-中壢,2023-03-28,9636
00720B,元大投資級公司債,136,0,136,富邦-中壢,2023-03-28,9636
2102,泰豐,99,2,97,富邦-中壢,2023-03-28,9636
6005,群益證,100,4,96,富邦-中壢,2023-03-28,9636
00632R,元大台灣50反1,153,85,68,富邦-中壢,2023-03-28,9636
6161,捷波,66,0,66,富邦-中壢,2023-03-28,9636
00680L,元大美債20正2,62,0,62,富邦-中壢,2023-03-28,9636
2388,威盛,136,74,62,富邦-中壢,2023-03-28,9636
3030,德律,60,0,60,富邦-中壢,2023-03-28,9636
1605,華新,86,26,60,富邦-中壢,2023-03-28,9636
00772B,中信高評級公司債,59,0,59,富邦-中壢,2023-03-28,9636
3051,力特,57,0,57,富邦-中壢,2023-03-28,9636
6167,久正,55,1,54,富邦-中壢,2023-03-28,9636
00713,元大台灣高息低波,55,3,52,富邦-中壢,2023-03-28,9636
5011,久陽,56,6,50,富邦-中壢,2023-03-28,9636
2906,高林,50,0,50,富邦-中壢,2023-03-28,9636
5014,建錩,52,3,49,富邦-中壢,2023-03-28,9636
00882,中信中國高股息,47,0,47,富邦-中壢,2023-03-28,9636
2610,華航,118,72,46,富邦-中壢,2023-03-28,9636
1701,中化,45,1,44,富邦-中壢,2023-03-28,9636
6142,友勁,33,0,33,富邦-中壢,2023-03-28,9636
1504,東元,60,27,33,富邦-中壢,2023-03-28,9636
3272,東碩,46,14,32,富邦-中壢,2023-03-28,9636
8213,志超,32,0,32,富邦-中壢,2023-03-28,9636
6753,龍德造船,42,10,32,富邦-中壢,2023-03-28,9636
4532,瑞智,32,0,32,富邦-中壢,2023-03-28,9636
2634,漢翔,59,27,32,富邦-中壢,2023-03-28,9636
2633,台灣高鐵,30,0,30,富邦-中壢,2023-03-28,9636
4128,中天,31,1,30,富邦-中壢,2023-03-28,9636
1584,精剛,46,17,29,富邦-中壢,2023-03-28,9636
00751B,元大AAA至A公司債,29,0,29,富邦-中壢,2023-03-28,9636
2884,玉山金,40,11,29,富邦-中壢,2023-03-28,9636
00922,國泰台灣領袖50,31,3,28,富邦-中壢,2023-03-28,9636
6770,力積電,36,8,28,富邦-中壢,2023-03-28,9636
3035,智原,110,86,24,富邦-中壢,2023-03-28,9636
6226,光鼎,50,26,24,富邦-中壢,2023-03-28,9636
3047,訊舟,65,41,24,富邦-中壢,2023-03-28,9636
2498,宏達電,42,18,24,富邦-中壢,2023-03-28,9636
00712,復華富時不動產,23,0,23,富邦-中壢,2023-03-28,9636
2340,台亞,32,9,23,富邦-中壢,2023-03-28,9636
2344,華邦電,35,12,23,富邦-中壢,2023-03-28,9636
3037,欣興,76,53,23,富邦-中壢,2023-03-28,9636
2645,長榮航太,28,6,22,富邦-中壢,2023-03-28,9636
6152,百一,46,24,22,富邦-中壢,2023-03-28,9636
2352,佳世達,22,0,22,富邦-中壢,2023-03-28,9636
2303,聯電,20,0,20,富邦-中壢,2023-03-28,9636
3264,欣銓,34,14,20,富邦-中壢,2023-03-28,9636
3438,類比科,21,1,20,富邦-中壢,2023-03-28,9636
2359,所羅門,19,2,17,富邦-中壢,2023-03-28,9636
2915,潤泰全,246,4,242,富邦-中壢,2023-03-29,9636
00632R,元大台灣50反1,223,40,183,富邦-中壢,2023-03-29,9636
2105,正新,110,9,101,富邦-中壢,2023-03-29,9636
00673R,期元大S＆P原油反1,70,0,70,富邦-中壢,2023-03-29,9636
1504,東元,211,145,66,富邦-中壢,2023-03-29,9636
2371,大同,82,20,62,富邦-中壢,2023-03-29,9636
2645,長榮航太,76,18,58,富邦-中壢,2023-03-29,9636
1591,駿吉-KY,56,0,56,富邦-中壢,2023-03-29,9636
00720B,元大投資級公司債,56,0,56,富邦-中壢,2023-03-29,9636
5014,建錩,53,0,53,富邦-中壢,2023-03-29,9636
00679B,元大美債20年,56,3,53,富邦-中壢,2023-03-29,9636
2906,高林,50,0,50,富邦-中壢,2023-03-29,9636
2102,泰豐,50,0,50,富邦-中壢,2023-03-29,9636
2609,陽明,51,8,43,富邦-中壢,2023-03-29,9636
2476,鉅祥,47,4,43,富邦-中壢,2023-03-29,9636
3686,達能,40,1,39,富邦-中壢,2023-03-29,9636
3013,晟銘電,41,2,39,富邦-中壢,2023-03-29,9636
6753,龍德造船,61,24,37,富邦-中壢,2023-03-29,9636
3035,智原,82,46,36,富邦-中壢,2023-03-29,9636
2344,華邦電,43,7,36,富邦-中壢,2023-03-29,9636
8926,台汽電,38,6,32,富邦-中壢,2023-03-29,9636
5425,台半,46,17,29,富邦-中壢,2023-03-29,9636
00680L,元大美債20正2,29,0,29,富邦-中壢,2023-03-29,9636
3024,憶聲,28,0,28,富邦-中壢,2023-03-29,9636
00922,國泰台灣領袖50,30,4,26,富邦-中壢,2023-03-29,9636
3576,聯合再生,26,1,25,富邦-中壢,2023-03-29,9636
2472,立隆電,26,1,25,富邦-中壢,2023-03-29,9636
6698,旭暉應材,28,4,24,富邦-中壢,2023-03-29,9636
6235,華孚,37,14,23,富邦-中壢,2023-03-29,9636
3272,東碩,49,27,22,富邦-中壢,2023-03-29,9636
6122,擎邦,58,36,22,富邦-中壢,2023-03-29,9636
1708,東鹼,36,14,22,富邦-中壢,2023-03-29,9636
5483,中美晶,19,0,19,富邦-中壢,2023-03-29,9636
2368,金像電,43,26,17,富邦-中壢,2023-03-29,9636
4919,新唐,22,6,16,富邦-中壢,2023-03-29,9636
6770,力積電,21,5,16,富邦-中壢,2023-03-29,9636
3041,揚智,15,0,15,富邦-中壢,2023-03-29,9636
4950,牧東,15,0,15,富邦-中壢,2023-03-29,9636
2327,國巨,14,0,14,富邦-中壢,2023-03-29,9636
00772B,中信高評級公司債,14,0,14,富邦-中壢,2023-03-29,9636
6223,旺矽,13,0,13,富邦-中壢,2023-03-29,9636
2355,敬鵬,16,3,13,富邦-中壢,2023-03-29,9636
6220,岳豐,18,5,13,富邦-中壢,2023-03-29,9636
3257,虹冠電,12,0,12,富邦-中壢,2023-03-29,9636
2723,美食-KY,35,23,12,富邦-中壢,2023-03-29,9636
8936,國統,12,0,12,富邦-中壢,2023-03-29,9636
3046,建��,19,7,12,富邦-中壢,2023-03-29,9636
8213,志超,12,1,11,富邦-中壢,2023-03-29,9636
2329,華泰,17,6,11,富邦-中壢,2023-03-29,9636
2331,精英,11,0,11,富邦-中壢,2023-03-29,9636
2610,華航,126,19,107,富邦-中壢,2023-03-30,9636
00665L,富邦�琤肭磪囓�2,96,16,80,富邦-中壢,2023-03-30,9636
2002,中鋼,81,6,75,富邦-中壢,2023-03-30,9636
00673R,期元大S＆P原油反1,68,0,68,富邦-中壢,2023-03-30,9636
2371,大同,62,2,60,富邦-中壢,2023-03-30,9636
00676R,富邦臺灣加權反1,60,0,60,富邦-中壢,2023-03-30,9636
2102,泰豐,50,0,50,富邦-中壢,2023-03-30,9636
5880,合庫金,56,6,50,富邦-中壢,2023-03-30,9636
3715,定穎投控,53,11,42,富邦-中壢,2023-03-30,9636
6122,擎邦,66,25,41,富邦-中壢,2023-03-30,9636
3481,群創,59,19,40,富邦-中壢,2023-03-30,9636
1605,華新,44,4,40,富邦-中壢,2023-03-30,9636
2834,臺企銀,39,0,39,富邦-中壢,2023-03-30,9636
6142,友勁,37,1,36,富邦-中壢,2023-03-30,9636
1752,南光,41,10,31,富邦-中壢,2023-03-30,9636
2476,鉅祥,65,34,31,富邦-中壢,2023-03-30,9636
2887,台新金,40,11,29,富邦-中壢,2023-03-30,9636
00882,中信中國高股息,29,0,29,富邦-中壢,2023-03-30,9636
3682,亞太電,27,0,27,富邦-中壢,2023-03-30,9636
1529,樂事綠能,32,6,26,富邦-中壢,2023-03-30,9636
4950,牧東,46,20,26,富邦-中壢,2023-03-30,9636
2645,長榮航太,30,5,25,富邦-中壢,2023-03-30,9636
00680L,元大美債20正2,25,0,25,富邦-中壢,2023-03-30,9636
2359,所羅門,40,15,25,富邦-中壢,2023-03-30,9636
3011,今皓,25,0,25,富邦-中壢,2023-03-30,9636
00679B,元大美債20年,24,0,24,富邦-中壢,2023-03-30,9636
6770,力積電,37,13,24,富邦-中壢,2023-03-30,9636
4306,炎洲,24,0,24,富邦-中壢,2023-03-30,9636
00878,國泰永續高股息,115,92,23,富邦-中壢,2023-03-30,9636
5243,乙盛-KY,26,3,23,富邦-中壢,2023-03-30,9636
2211,長榮鋼,22,0,22,富邦-中壢,2023-03-30,9636
2618,長榮航,30,9,21,富邦-中壢,2023-03-30,9636
1762,中化生,29,8,21,富邦-中壢,2023-03-30,9636
6443,元晶,24,4,20,富邦-中壢,2023-03-30,9636
2349,錸德,20,0,20,富邦-中壢,2023-03-30,9636
6125,廣運,22,2,20,富邦-中壢,2023-03-30,9636
3483,力致,30,11,19,富邦-中壢,2023-03-30,9636
2883,凱基金,24,5,19,富邦-中壢,2023-03-30,9636
1504,東元,69,51,18,富邦-中壢,2023-03-30,9636
2105,正新,22,5,17,富邦-中壢,2023-03-30,9636
6109,亞元,19,2,17,富邦-中壢,2023-03-30,9636
2753,八方雲集,15,0,15,富邦-中壢,2023-03-30,9636
6152,百一,20,5,15,富邦-中壢,2023-03-30,9636
6128,上福,15,1,14,富邦-中壢,2023-03-30,9636
00720B,元大投資級公司債,14,0,14,富邦-中壢,2023-03-30,9636
3272,東碩,38,25,13,富邦-中壢,2023-03-30,9636
8937,合騏,28,15,13,富邦-中壢,2023-03-30,9636
00885,富邦越南,22,10,12,富邦-中壢,2023-03-30,9636
3714,富采,12,0,12,富邦-中壢,2023-03-30,9636
8016,矽創,14,2,12,富邦-中壢,2023-03-30,9636
00632R,元大台灣50反1,434,18,416,富邦-中壢,2023-03-31,9636
2889,國票金,135,5,130,富邦-中壢,2023-03-31,9636
2102,泰豐,100,0,100,富邦-中壢,2023-03-31,9636
2002,中鋼,63,7,56,富邦-中壢,2023-03-31,9636
6239,力成,54,1,53,富邦-中壢,2023-03-31,9636
5880,合庫金,55,4,51,富邦-中壢,2023-03-31,9636
00772B,中信高評級公司債,49,0,49,富邦-中壢,2023-03-31,9636
4971,IET-KY,46,0,46,富邦-中壢,2023-03-31,9636
00712,復華富時不動產,51,9,42,富邦-中壢,2023-03-31,9636
2201,裕隆,38,1,37,富邦-中壢,2023-03-31,9636
00922,國泰台灣領袖50,45,8,37,富邦-中壢,2023-03-31,9636
3231,緯創,261,226,35,富邦-中壢,2023-03-31,9636
2476,鉅祥,40,5,35,富邦-中壢,2023-03-31,9636
2906,高林,33,0,33,富邦-中壢,2023-03-31,9636
00679B,元大美債20年,33,1,32,富邦-中壢,2023-03-31,9636
6753,龍德造船,36,4,32,富邦-中壢,2023-03-31,9636
2867,三商壽,32,0,32,富邦-中壢,2023-03-31,9636
5263,智崴,30,0,30,富邦-中壢,2023-03-31,9636
2890,永豐金,27,0,27,富邦-中壢,2023-03-31,9636
9945,潤泰新,32,6,26,富邦-中壢,2023-03-31,9636
9934,成霖,23,0,23,富邦-中壢,2023-03-31,9636
6770,力積電,25,2,23,富邦-中壢,2023-03-31,9636
2812,台中銀,22,0,22,富邦-中壢,2023-03-31,9636
7402,邑錡,59,37,22,富邦-中壢,2023-03-31,9636
00673R,期元大S＆P原油反1,20,0,20,富邦-中壢,2023-03-31,9636
00706L,期元大S＆P日圓正2,20,0,20,富邦-中壢,2023-03-31,9636
3576,聯合再生,20,0,20,富邦-中壢,2023-03-31,9636
4128,中天,20,0,20,富邦-中壢,2023-03-31,9636
020012,富邦行動通訊N,20,0,20,富邦-中壢,2023-03-31,9636
2634,漢翔,22,3,19,富邦-中壢,2023-03-31,9636
2498,宏達電,31,13,18,富邦-中壢,2023-03-31,9636
2393,億光,18,0,18,富邦-中壢,2023-03-31,9636
1504,東元,60,42,18,富邦-中壢,2023-03-31,9636
3088,艾訊,16,0,16,富邦-中壢,2023-03-31,9636
2353,宏��,21,5,16,富邦-中壢,2023-03-31,9636
8936,國統,26,10,16,富邦-中壢,2023-03-31,9636
1611,中電,19,3,16,富邦-中壢,2023-03-31,9636
2324,仁寶,41,25,16,富邦-中壢,2023-03-31,9636
6558,興能高,15,0,15,富邦-中壢,2023-03-31,9636
8050,廣積,30,16,14,富邦-中壢,2023-03-31,9636
00713,元大台灣高息低波,18,4,14,富邦-中壢,2023-03-31,9636
3017,奇鋐,14,1,13,富邦-中壢,2023-03-31,9636
5284,jpp-KY,23,10,13,富邦-中壢,2023-03-31,9636
8088,品安,14,2,12,富邦-中壢,2023-03-31,9636
6456,GIS-KY,12,0,12,富邦-中壢,2023-03-31,9636
4915,致伸,13,1,12,富邦-中壢,2023-03-31,9636
00680L,元大美債20正2,12,0,12,富邦-中壢,2023-03-31,9636
4919,新唐,21,9,12,富邦-中壢,2023-03-31,9636
5351,鈺創,48,37,11,富邦-中壢,2023-03-31,9636
8070,長華*,17,6,11,富邦-中壢,2023-03-31,9636
00673R,期元大S＆P原油反1,570,0,570,富邦-中壢,2023-04-06,9636
6163,華電網,252,24,228,富邦-中壢,2023-04-06,9636
4931,新盛力,162,5,157,富邦-中壢,2023-04-06,9636
2344,華邦電,141,37,104,富邦-中壢,2023-04-06,9636
2891,中信金,85,3,82,富邦-中壢,2023-04-06,9636
2884,玉山金,105,28,77,富邦-中壢,2023-04-06,9636
00893,國泰智能電動車,79,5,74,富邦-中壢,2023-04-06,9636
6589,台康生技,80,13,67,富邦-中壢,2023-04-06,9636
00902,中信電池及儲能,68,4,64,富邦-中壢,2023-04-06,9636
9934,成霖,59,3,56,富邦-中壢,2023-04-06,9636
00664R,國泰臺灣加權反1,53,0,53,富邦-中壢,2023-04-06,9636
5014,建錩,51,0,51,富邦-中壢,2023-04-06,9636
00922,國泰台灣領袖50,51,1,50,富邦-中壢,2023-04-06,9636
2303,聯電,50,9,41,富邦-中壢,2023-04-06,9636
3522,御嵿,40,0,40,富邦-中壢,2023-04-06,9636
8213,志超,45,5,40,富邦-中壢,2023-04-06,9636
8996,高力,40,0,40,富邦-中壢,2023-04-06,9636
2337,旺宏,42,2,40,富邦-中壢,2023-04-06,9636
8069,元太,49,11,38,富邦-中壢,2023-04-06,9636
00633L,富邦上証正2,35,0,35,富邦-中壢,2023-04-06,9636
2530,華建,35,0,35,富邦-中壢,2023-04-06,9636
6770,力積電,35,5,30,富邦-中壢,2023-04-06,9636
3380,明泰,33,3,30,富邦-中壢,2023-04-06,9636
6548,長科*,99,71,28,富邦-中壢,2023-04-06,9636
2609,陽明,43,16,27,富邦-中壢,2023-04-06,9636
2889,國票金,28,1,27,富邦-中壢,2023-04-06,9636
3576,聯合再生,30,3,27,富邦-中壢,2023-04-06,9636
5483,中美晶,25,0,25,富邦-中壢,2023-04-06,9636
00900,富邦特選高股息30,28,4,24,富邦-中壢,2023-04-06,9636
00713,元大台灣高息低波,26,3,23,富邦-中壢,2023-04-06,9636
2302,麗正,25,2,23,富邦-中壢,2023-04-06,9636
1611,中電,32,10,22,富邦-中壢,2023-04-06,9636
5309,系統電,30,9,21,富邦-中壢,2023-04-06,9636
1434,福懋,21,0,21,富邦-中壢,2023-04-06,9636
1314,中石化,22,1,21,富邦-中壢,2023-04-06,9636
2104,國際中橡,31,10,21,富邦-中壢,2023-04-06,9636
2610,華航,33,12,21,富邦-中壢,2023-04-06,9636
2476,鉅祥,21,1,20,富邦-中壢,2023-04-06,9636
6233,旺玖,20,0,20,富邦-中壢,2023-04-06,9636
3041,揚智,20,0,20,富邦-中壢,2023-04-06,9636
1591,駿吉-KY,20,1,19,富邦-中壢,2023-04-06,9636
00878,國泰永續高股息,63,44,19,富邦-中壢,2023-04-06,9636
2454,聯發科,18,0,18,富邦-中壢,2023-04-06,9636
5328,華容,20,3,17,富邦-中壢,2023-04-06,9636
1785,光洋科,18,1,17,富邦-中壢,2023-04-06,9636
2457,飛宏,28,12,16,富邦-中壢,2023-04-06,9636
2637,慧洋-KY,16,0,16,富邦-中壢,2023-04-06,9636
8076,伍豐,16,0,16,富邦-中壢,2023-04-06,9636
00882,中信中國高股息,15,0,15,富邦-中壢,2023-04-06,9636
6235,華孚,65,50,15,富邦-中壢,2023-04-06,9636
2867,三商壽,249,41,208,富邦-中壢,2023-04-07,9636
00637L,元大滬深300正2,140,2,138,富邦-中壢,2023-04-07,9636
2603,長榮,161,31,130,富邦-中壢,2023-04-07,9636
00673R,期元大S＆P原油反1,96,3,93,富邦-中壢,2023-04-07,9636
00720B,元大投資級公司債,66,3,63,富邦-中壢,2023-04-07,9636
00713,元大台灣高息低波,64,2,62,富邦-中壢,2023-04-07,9636
5014,建錩,55,0,55,富邦-中壢,2023-04-07,9636
00885,富邦越南,55,1,54,富邦-中壢,2023-04-07,9636
8213,志超,50,1,49,富邦-中壢,2023-04-07,9636
00679B,元大美債20年,42,2,40,富邦-中壢,2023-04-07,9636
6163,華電網,42,7,35,富邦-中壢,2023-04-07,9636
1218,泰山,37,3,34,富邦-中壢,2023-04-07,9636
2884,玉山金,35,4,31,富邦-中壢,2023-04-07,9636
1524,耿鼎,36,5,31,富邦-中壢,2023-04-07,9636
00751B,元大AAA至A公司債,30,0,30,富邦-中壢,2023-04-07,9636
6197,佳必琪,44,17,27,富邦-中壢,2023-04-07,9636
4934,太極,26,0,26,富邦-中壢,2023-04-07,9636
1314,中石化,27,1,26,富邦-中壢,2023-04-07,9636
00650L,復華香港正2,25,0,25,富邦-中壢,2023-04-07,9636
00674R,期元大S＆P黃金反1,25,0,25,富邦-中壢,2023-04-07,9636
6770,力積電,27,2,25,富邦-中壢,2023-04-07,9636
00712,復華富時不動產,36,11,25,富邦-中壢,2023-04-07,9636
2897,王道銀行,24,0,24,富邦-中壢,2023-04-07,9636
1609,大亞,49,25,24,富邦-中壢,2023-04-07,9636
3231,緯創,49,25,24,富邦-中壢,2023-04-07,9636
00882,中信中國高股息,23,0,23,富邦-中壢,2023-04-07,9636
3479,安勤,41,19,22,富邦-中壢,2023-04-07,9636
8069,元太,44,23,21,富邦-中壢,2023-04-07,9636
1810,和成,25,4,21,富邦-中壢,2023-04-07,9636
2645,長榮航太,26,6,20,富邦-中壢,2023-04-07,9636
4943,康控-KY,20,0,20,富邦-中壢,2023-04-07,9636
2889,國票金,19,0,19,富邦-中壢,2023-04-07,9636
2376,技嘉,21,2,19,富邦-中壢,2023-04-07,9636
1519,華城,65,47,18,富邦-中壢,2023-04-07,9636
2891,中信金,20,2,18,富邦-中壢,2023-04-07,9636
8933,愛地雅,17,0,17,富邦-中壢,2023-04-07,9636
3236,千如,19,2,17,富邦-中壢,2023-04-07,9636
2641,正德,17,0,17,富邦-中壢,2023-04-07,9636
2888,新光金,20,3,17,富邦-中壢,2023-04-07,9636
3596,智易,16,0,16,富邦-中壢,2023-04-07,9636
6139,亞翔,18,2,16,富邦-中壢,2023-04-07,9636
2208,台船,26,11,15,富邦-中壢,2023-04-07,9636
7402,邑錡,52,37,15,富邦-中壢,2023-04-07,9636
3027,盛達,20,5,15,富邦-中壢,2023-04-07,9636
3016,嘉晶,15,0,15,富邦-中壢,2023-04-07,9636
6156,松上,89,74,15,富邦-中壢,2023-04-07,9636
5309,系統電,15,1,14,富邦-中壢,2023-04-07,9636
4971,IET-KY,20,7,13,富邦-中壢,2023-04-07,9636
4147,中裕,13,0,13,富邦-中壢,2023-04-07,9636
5347,世界,12,0,12,富邦-中壢,2023-04-07,9636
2344,華邦電,155,16,139,富邦-中壢,2023-04-10,9636
00632R,元大台灣50反1,122,0,122,富邦-中壢,2023-04-10,9636
00720B,元大投資級公司債,105,0,105,富邦-中壢,2023-04-10,9636
2102,泰豐,100,1,99,富邦-中壢,2023-04-10,9636
00676R,富邦臺灣加權反1,79,5,74,富邦-中壢,2023-04-10,9636
2891,中信金,67,0,67,富邦-中壢,2023-04-10,9636
00673R,期元大S＆P原油反1,74,10,64,富邦-中壢,2023-04-10,9636
6770,力積電,63,1,62,富邦-中壢,2023-04-10,9636
00900,富邦特選高股息30,67,10,57,富邦-中壢,2023-04-10,9636
00679B,元大美債20年,57,2,55,富邦-中壢,2023-04-10,9636
1312,國喬,51,0,51,富邦-中壢,2023-04-10,9636
4128,中天,61,11,50,富邦-中壢,2023-04-10,9636
00637L,元大滬深300正2,47,3,44,富邦-中壢,2023-04-10,9636
6167,久正,53,9,44,富邦-中壢,2023-04-10,9636
1609,大亞,87,44,43,富邦-中壢,2023-04-10,9636
00882,中信中國高股息,43,0,43,富邦-中壢,2023-04-10,9636
2457,飛宏,98,59,39,富邦-中壢,2023-04-10,9636
6182,合晶,44,8,36,富邦-中壢,2023-04-10,9636
8415,大國鋼,33,0,33,富邦-中壢,2023-04-10,9636
2634,漢翔,52,20,32,富邦-中壢,2023-04-10,9636
2002,中鋼,36,5,31,富邦-中壢,2023-04-10,9636
00888,永豐台灣ESG,26,0,26,富邦-中壢,2023-04-10,9636
3715,定穎投控,48,24,24,富邦-中壢,2023-04-10,9636
6288,聯嘉,47,23,24,富邦-中壢,2023-04-10,9636
6589,台康生技,32,9,23,富邦-中壢,2023-04-10,9636
1605,華新,34,12,22,富邦-中壢,2023-04-10,9636
2442,新美齊,21,0,21,富邦-中壢,2023-04-10,9636
00751B,元大AAA至A公司債,21,0,21,富邦-中壢,2023-04-10,9636
4930,燦星網,20,0,20,富邦-中壢,2023-04-10,9636
4560,強信-KY,20,0,20,富邦-中壢,2023-04-10,9636
2506,太設,20,0,20,富邦-中壢,2023-04-10,9636
1909,榮成,20,0,20,富邦-中壢,2023-04-10,9636
5608,四維航,20,0,20,富邦-中壢,2023-04-10,9636
00772B,中信高評級公司債,17,0,17,富邦-中壢,2023-04-10,9636
6125,廣運,19,2,17,富邦-中壢,2023-04-10,9636
2454,聯發科,17,0,17,富邦-中壢,2023-04-10,9636
4114,健喬,18,2,16,富邦-中壢,2023-04-10,9636
5353,台林,15,0,15,富邦-中壢,2023-04-10,9636
2101,南港,15,0,15,富邦-中壢,2023-04-10,9636
3479,安勤,17,2,15,富邦-中壢,2023-04-10,9636
4426,利勤,15,0,15,富邦-中壢,2023-04-10,9636
2427,三商電,15,0,15,富邦-中壢,2023-04-10,9636
2009,第一銅,15,0,15,富邦-中壢,2023-04-10,9636
1713,國化,15,0,15,富邦-中壢,2023-04-10,9636
1515,力山,15,0,15,富邦-中壢,2023-04-10,9636
2303,聯電,18,4,14,富邦-中壢,2023-04-10,9636
3413,京鼎,14,0,14,富邦-中壢,2023-04-10,9636
3624,光頡,18,4,14,富邦-中壢,2023-04-10,9636
6461,益得,17,3,14,富邦-中壢,2023-04-10,9636
2104,國際中橡,14,0,14,富邦-中壢,2023-04-10,9636
1609,大亞,159,43,116,富邦-中壢,2023-04-11,9636
2102,泰豐,100,0,100,富邦-中壢,2023-04-11,9636
00676R,富邦臺灣加權反1,92,0,92,富邦-中壢,2023-04-11,9636
00673R,期元大S＆P原油反1,82,0,82,富邦-中壢,2023-04-11,9636
8936,國統,63,13,50,富邦-中壢,2023-04-11,9636
00650L,復華香港正2,95,49,46,富邦-中壢,2023-04-11,9636
1909,榮成,46,1,45,富邦-中壢,2023-04-11,9636
00633L,富邦上証正2,44,0,44,富邦-中壢,2023-04-11,9636
00679B,元大美債20年,41,0,41,富邦-中壢,2023-04-11,9636
2867,三商壽,41,0,41,富邦-中壢,2023-04-11,9636
2443,昶虹,39,0,39,富邦-中壢,2023-04-11,9636
1618,合機,50,15,35,富邦-中壢,2023-04-11,9636
2845,遠東銀,35,1,34,富邦-中壢,2023-04-11,9636
5465,富驊,37,5,32,富邦-中壢,2023-04-11,9636
2913,農林,31,0,31,富邦-中壢,2023-04-11,9636
2634,漢翔,74,44,30,富邦-中壢,2023-04-11,9636
1504,東元,140,112,28,富邦-中壢,2023-04-11,9636
00902,中信電池及儲能,32,4,28,富邦-中壢,2023-04-11,9636
00882,中信中國高股息,27,0,27,富邦-中壢,2023-04-11,9636
2413,環科,39,12,27,富邦-中壢,2023-04-11,9636
2915,潤泰全,26,1,25,富邦-中壢,2023-04-11,9636
1785,光洋科,28,4,24,富邦-中壢,2023-04-11,9636
3027,盛達,28,4,24,富邦-中壢,2023-04-11,9636
1529,樂事綠能,33,10,23,富邦-中壢,2023-04-11,9636
4440,宜新實業,23,0,23,富邦-中壢,2023-04-11,9636
0056,元大高股息,86,64,22,富邦-中壢,2023-04-11,9636
3402,漢科,22,0,22,富邦-中壢,2023-04-11,9636
3701,大眾控,29,8,21,富邦-中壢,2023-04-11,9636
6245,立端,22,1,21,富邦-中壢,2023-04-11,9636
00713,元大台灣高息低波,23,3,20,富邦-中壢,2023-04-11,9636
2317,鴻海,23,3,20,富邦-中壢,2023-04-11,9636
2208,台船,29,10,19,富邦-中壢,2023-04-11,9636
6152,百一,30,11,19,富邦-中壢,2023-04-11,9636
3051,力特,20,1,19,富邦-中壢,2023-04-11,9636
6138,茂達,24,6,18,富邦-中壢,2023-04-11,9636
8050,廣積,19,2,17,富邦-中壢,2023-04-11,9636
00751B,元大AAA至A公司債,17,0,17,富邦-中壢,2023-04-11,9636
2545,皇翔,20,3,17,富邦-中壢,2023-04-11,9636
4426,利勤,17,0,17,富邦-中壢,2023-04-11,9636
1708,東鹼,18,1,17,富邦-中壢,2023-04-11,9636
8261,富鼎,24,8,16,富邦-中壢,2023-04-11,9636
00665L,富邦�琤肭磪囓�2,16,0,16,富邦-中壢,2023-04-11,9636
8110,華東,25,9,16,富邦-中壢,2023-04-11,9636
5284,jpp-KY,22,6,16,富邦-中壢,2023-04-11,9636
8028,昇陽半導體,17,2,15,富邦-中壢,2023-04-11,9636
6603,富強鑫,15,0,15,富邦-中壢,2023-04-11,9636
3035,智原,24,9,15,富邦-中壢,2023-04-11,9636
1605,華新,55,41,14,富邦-中壢,2023-04-11,9636
3019,亞光,14,0,14,富邦-中壢,2023-04-11,9636
3005,神基,21,7,14,富邦-中壢,2023-04-11,9636
1609,大亞,609,141,468,富邦-中壢,2023-04-12,9636
00878,國泰永續高股息,335,194,141,富邦-中壢,2023-04-12,9636
8936,國統,102,2,100,富邦-中壢,2023-04-12,9636
3059,華晶科,104,17,87,富邦-中壢,2023-04-12,9636
00673R,期元大S＆P原油反1,74,0,74,富邦-中壢,2023-04-12,9636
2504,國產,62,0,62,富邦-中壢,2023-04-12,9636
00637L,元大滬深300正2,53,0,53,富邦-中壢,2023-04-12,9636
1312,國喬,51,0,51,富邦-中壢,2023-04-12,9636
2102,泰豐,50,0,50,富邦-中壢,2023-04-12,9636
00676R,富邦臺灣加權反1,50,0,50,富邦-中壢,2023-04-12,9636
2886,兆豐金,54,5,49,富邦-中壢,2023-04-12,9636
00671R,富邦NASDAQ反1,60,12,48,富邦-中壢,2023-04-12,9636
9945,潤泰新,49,4,45,富邦-中壢,2023-04-12,9636
2515,中工,123,80,43,富邦-中壢,2023-04-12,9636
2427,三商電,51,8,43,富邦-中壢,2023-04-12,9636
6576,逸達,49,7,42,富邦-中壢,2023-04-12,9636
2867,三商壽,60,20,40,富邦-中壢,2023-04-12,9636
00633L,富邦上証正2,40,0,40,富邦-中壢,2023-04-12,9636
3545,敦泰,66,26,40,富邦-中壢,2023-04-12,9636
2344,華邦電,52,14,38,富邦-中壢,2023-04-12,9636
3701,大眾控,43,6,37,富邦-中壢,2023-04-12,9636
5608,四維航,36,1,35,富邦-中壢,2023-04-12,9636
6753,龍德造船,64,29,35,富邦-中壢,2023-04-12,9636
2313,華通,36,3,33,富邦-中壢,2023-04-12,9636
2302,麗正,32,0,32,富邦-中壢,2023-04-12,9636
2618,長榮航,34,2,32,富邦-中壢,2023-04-12,9636
00772B,中信高評級公司債,30,0,30,富邦-中壢,2023-04-12,9636
00712,復華富時不動產,28,0,28,富邦-中壢,2023-04-12,9636
1532,勤美,32,5,27,富邦-中壢,2023-04-12,9636
2637,慧洋-KY,35,10,25,富邦-中壢,2023-04-12,9636
3081,聯亞,31,7,24,富邦-中壢,2023-04-12,9636
00773B,中信優先金融債,24,0,24,富邦-中壢,2023-04-12,9636
1447,力鵬,23,0,23,富邦-中壢,2023-04-12,9636
2356,英業達,32,9,23,富邦-中壢,2023-04-12,9636
3046,建��,25,4,21,富邦-中壢,2023-04-12,9636
4930,燦星網,20,0,20,富邦-中壢,2023-04-12,9636
6244,茂迪,46,26,20,富邦-中壢,2023-04-12,9636
6182,合晶,28,8,20,富邦-中壢,2023-04-12,9636
6670,復盛應用,20,0,20,富邦-中壢,2023-04-12,9636
2027,大成鋼,25,6,19,富邦-中壢,2023-04-12,9636
6235,華孚,34,16,18,富邦-中壢,2023-04-12,9636
00664R,國泰臺灣加權反1,20,2,18,富邦-中壢,2023-04-12,9636
00679B,元大美債20年,28,11,17,富邦-中壢,2023-04-12,9636
3706,神達,22,5,17,富邦-中壢,2023-04-12,9636
8183,精星,33,16,17,富邦-中壢,2023-04-12,9636
3049,精金,20,3,17,富邦-中壢,2023-04-12,9636
2392,正崴,20,3,17,富邦-中壢,2023-04-12,9636
5309,系統電,37,20,17,富邦-中壢,2023-04-12,9636
006208,富邦台50,17,0,17,富邦-中壢,2023-04-12,9636
6733,博晟生醫,16,0,16,富邦-中壢,2023-04-12,9636
00673R,期元大S＆P原油反1,181,0,181,富邦-中壢,2023-04-13,9636
1101,台泥,131,21,110,富邦-中壢,2023-04-13,9636
2102,泰豐,100,0,100,富邦-中壢,2023-04-13,9636
2317,鴻海,107,8,99,富邦-中壢,2023-04-13,9636
00712,復華富時不動產,99,3,96,富邦-中壢,2023-04-13,9636
8101,華冠,96,1,95,富邦-中壢,2023-04-13,9636
1810,和成,125,40,85,富邦-中壢,2023-04-13,9636
2303,聯電,103,24,79,富邦-中壢,2023-04-13,9636
00679B,元大美債20年,82,3,79,富邦-中壢,2023-04-13,9636
5512,力麒,80,1,79,富邦-中壢,2023-04-13,9636
2206,三陽工業,95,22,73,富邦-中壢,2023-04-13,9636
3231,緯創,92,21,71,富邦-中壢,2023-04-13,9636
3711,日月光投控,59,1,58,富邦-中壢,2023-04-13,9636
1503,士電,95,39,56,富邦-中壢,2023-04-13,9636
00671R,富邦NASDAQ反1,50,0,50,富邦-中壢,2023-04-13,9636
2115,六暉-KY,50,0,50,富邦-中壢,2023-04-13,9636
00772B,中信高評級公司債,47,0,47,富邦-中壢,2023-04-13,9636
3494,誠研,50,5,45,富邦-中壢,2023-04-13,9636
5009,榮剛,79,37,42,富邦-中壢,2023-04-13,9636
2313,華通,43,3,40,富邦-中壢,2023-04-13,9636
6125,廣運,67,30,37,富邦-中壢,2023-04-13,9636
5388,中磊,37,1,36,富邦-中壢,2023-04-13,9636
1605,華新,45,10,35,富邦-中壢,2023-04-13,9636
00922,國泰台灣領袖50,34,0,34,富邦-中壢,2023-04-13,9636
2515,中工,191,157,34,富邦-中壢,2023-04-13,9636
6576,逸達,34,0,34,富邦-中壢,2023-04-13,9636
00753L,中信中國50正2,36,2,34,富邦-中壢,2023-04-13,9636
2376,技嘉,35,2,33,富邦-中壢,2023-04-13,9636
2328,廣宇,36,5,31,富邦-中壢,2023-04-13,9636
2427,三商電,31,2,29,富邦-中壢,2023-04-13,9636
0050,元大台灣50,29,0,29,富邦-中壢,2023-04-13,9636
2438,翔耀,31,3,28,富邦-中壢,2023-04-13,9636
9945,潤泰新,26,0,26,富邦-中壢,2023-04-13,9636
5222,全訊,116,90,26,富邦-中壢,2023-04-13,9636
2442,新美齊,25,0,25,富邦-中壢,2023-04-13,9636
6179,亞通,25,0,25,富邦-中壢,2023-04-13,9636
2327,國巨,28,3,25,富邦-中壢,2023-04-13,9636
00893,國泰智能電動車,31,7,24,富邦-中壢,2023-04-13,9636
3051,力特,24,1,23,富邦-中壢,2023-04-13,9636
2367,燿華,23,0,23,富邦-中壢,2023-04-13,9636
6182,合晶,32,11,21,富邦-中壢,2023-04-13,9636
1447,力鵬,20,0,20,富邦-中壢,2023-04-13,9636
6122,擎邦,48,28,20,富邦-中壢,2023-04-13,9636
00904,新光臺灣半導體30,20,1,19,富邦-中壢,2023-04-13,9636
00720B,元大投資級公司債,25,6,19,富邦-中壢,2023-04-13,9636
2027,大成鋼,20,1,19,富邦-中壢,2023-04-13,9636
8033,雷虎,25,6,19,富邦-中壢,2023-04-13,9636
6244,茂迪,28,9,19,富邦-中壢,2023-04-13,9636
9904,寶成,18,0,18,富邦-中壢,2023-04-13,9636
3264,欣銓,19,1,18,富邦-中壢,2023-04-13,9636
00632R,元大台灣50反1,526,33,493,富邦-中壢,2023-04-14,9636
6547,高端疫苗,216,15,201,富邦-中壢,2023-04-14,9636
2208,台船,303,132,171,富邦-中壢,2023-04-14,9636
5009,榮剛,193,22,171,富邦-中壢,2023-04-14,9636
00679B,元大美債20年,118,7,111,富邦-中壢,2023-04-14,9636
2409,友達,142,35,107,富邦-中壢,2023-04-14,9636
00676R,富邦臺灣加權反1,100,0,100,富邦-中壢,2023-04-14,9636
6167,久正,111,17,94,富邦-中壢,2023-04-14,9636
2634,漢翔,327,237,90,富邦-中壢,2023-04-14,9636
00720B,元大投資級公司債,96,10,86,富邦-中壢,2023-04-14,9636
2323,中環,85,0,85,富邦-中壢,2023-04-14,9636
2442,新美齊,66,0,66,富邦-中壢,2023-04-14,9636
2618,長榮航,66,4,62,富邦-中壢,2023-04-14,9636
3481,群創,243,181,62,富邦-中壢,2023-04-14,9636
3535,晶彩科,60,0,60,富邦-中壢,2023-04-14,9636
00712,復華富時不動產,70,11,59,富邦-中壢,2023-04-14,9636
2303,聯電,72,18,54,富邦-中壢,2023-04-14,9636
1504,東元,120,69,51,富邦-中壢,2023-04-14,9636
4128,中天,49,3,46,富邦-中壢,2023-04-14,9636
6152,百一,52,6,46,富邦-中壢,2023-04-14,9636
00773B,中信優先金融債,43,0,43,富邦-中壢,2023-04-14,9636
00772B,中信高評級公司債,41,1,40,富邦-中壢,2023-04-14,9636
2382,廣達,45,6,39,富邦-中壢,2023-04-14,9636
00751B,元大AAA至A公司債,38,0,38,富邦-中壢,2023-04-14,9636
1514,亞力,86,49,37,富邦-中壢,2023-04-14,9636
6225,天瀚,37,0,37,富邦-中壢,2023-04-14,9636
3715,定穎投控,46,10,36,富邦-中壢,2023-04-14,9636
2344,華邦電,41,6,35,富邦-中壢,2023-04-14,9636
3231,緯創,53,18,35,富邦-中壢,2023-04-14,9636
3673,TPK-KY,50,17,33,富邦-中壢,2023-04-14,9636
5211,蒙恬,42,10,32,富邦-中壢,2023-04-14,9636
3037,欣興,30,0,30,富邦-中壢,2023-04-14,9636
4979,華星光,51,21,30,富邦-中壢,2023-04-14,9636
2838,聯邦銀,30,0,30,富邦-中壢,2023-04-14,9636
6235,華孚,130,101,29,富邦-中壢,2023-04-14,9636
6163,華電網,41,12,29,富邦-中壢,2023-04-14,9636
2630,亞航,33,6,27,富邦-中壢,2023-04-14,9636
2324,仁寶,33,6,27,富邦-中壢,2023-04-14,9636
6176,瑞儀,39,12,27,富邦-中壢,2023-04-14,9636
2358,廷鑫,25,0,25,富邦-中壢,2023-04-14,9636
1529,樂事綠能,118,93,25,富邦-中壢,2023-04-14,9636
1584,精剛,80,55,25,富邦-中壢,2023-04-14,9636
2402,毅嘉,87,63,24,富邦-中壢,2023-04-14,9636
6125,廣運,24,0,24,富邦-中壢,2023-04-14,9636
6205,詮欣,24,0,24,富邦-中壢,2023-04-14,9636
2002,中鋼,35,12,23,富邦-中壢,2023-04-14,9636
2211,長榮鋼,25,2,23,富邦-中壢,2023-04-14,9636
4953,緯軟,23,0,23,富邦-中壢,2023-04-14,9636
6234,高僑,31,8,23,富邦-中壢,2023-04-14,9636
7402,邑錡,48,26,22,富邦-中壢,2023-04-14,9636
3481,群創,265,67,198,富邦-中壢,2023-04-17,9636
2457,飛宏,270,74,196,富邦-中壢,2023-04-17,9636
3013,晟銘電,180,12,168,富邦-中壢,2023-04-17,9636
2002,中鋼,164,1,163,富邦-中壢,2023-04-17,9636
00712,復華富時不動產,116,5,111,富邦-中壢,2023-04-17,9636
2634,漢翔,252,155,97,富邦-中壢,2023-04-17,9636
2409,友達,115,18,97,富邦-中壢,2023-04-17,9636
1101,台泥,120,24,96,富邦-中壢,2023-04-17,9636
00679B,元大美債20年,75,5,70,富邦-中壢,2023-04-17,9636
00665L,富邦�琤肭磪囓�2,77,13,64,富邦-中壢,2023-04-17,9636
1444,力麗,62,6,56,富邦-中壢,2023-04-17,9636
2323,中環,56,0,56,富邦-中壢,2023-04-17,9636
2610,華航,72,19,53,富邦-中壢,2023-04-17,9636
2618,長榮航,59,6,53,富邦-中壢,2023-04-17,9636
00676R,富邦臺灣加權反1,50,0,50,富邦-中壢,2023-04-17,9636
6282,康舒,82,33,49,富邦-中壢,2023-04-17,9636
4207,環泰,49,2,47,富邦-中壢,2023-04-17,9636
00680L,元大美債20正2,39,0,39,富邦-中壢,2023-04-17,9636
5608,四維航,52,15,37,富邦-中壢,2023-04-17,9636
6160,欣技,158,122,36,富邦-中壢,2023-04-17,9636
00773B,中信優先金融債,36,0,36,富邦-中壢,2023-04-17,9636
2365,昆盈,34,0,34,富邦-中壢,2023-04-17,9636
2482,連宇,36,2,34,富邦-中壢,2023-04-17,9636
4541,晟田,43,9,34,富邦-中壢,2023-04-17,9636
00885,富邦越南,31,0,31,富邦-中壢,2023-04-17,9636
00673R,期元大S＆P原油反1,31,0,31,富邦-中壢,2023-04-17,9636
2367,燿華,31,0,31,富邦-中壢,2023-04-17,9636
3037,欣興,38,8,30,富邦-中壢,2023-04-17,9636
4916,事欣科,53,23,30,富邦-中壢,2023-04-17,9636
2442,新美齊,31,1,30,富邦-中壢,2023-04-17,9636
6235,華孚,89,59,30,富邦-中壢,2023-04-17,9636
3027,盛達,33,7,26,富邦-中壢,2023-04-17,9636
2324,仁寶,27,1,26,富邦-中壢,2023-04-17,9636
00751B,元大AAA至A公司債,27,1,26,富邦-中壢,2023-04-17,9636
00772B,中信高評級公司債,38,12,26,富邦-中壢,2023-04-17,9636
2630,亞航,47,22,25,富邦-中壢,2023-04-17,9636
5475,德宏,32,8,24,富邦-中壢,2023-04-17,9636
1708,東鹼,23,0,23,富邦-中壢,2023-04-17,9636
1519,華城,52,29,23,富邦-中壢,2023-04-17,9636
4433,興采,33,11,22,富邦-中壢,2023-04-17,9636
9958,世紀鋼,36,14,22,富邦-中壢,2023-04-17,9636
8926,台汽電,47,26,21,富邦-中壢,2023-04-17,9636
3049,精金,21,0,21,富邦-中壢,2023-04-17,9636
00720B,元大投資級公司債,21,0,21,富邦-中壢,2023-04-17,9636
3207,耀勝,26,5,21,富邦-中壢,2023-04-17,9636
2734,易飛網,33,13,20,富邦-中壢,2023-04-17,9636
2327,國巨,22,2,20,富邦-中壢,2023-04-17,9636
3712,永崴投控,64,44,20,富邦-中壢,2023-04-17,9636
2506,太設,20,0,20,富邦-中壢,2023-04-17,9636
6770,力積電,22,2,20,富邦-中壢,2023-04-17,9636
00632R,元大台灣50反1,1011,10,1001,富邦-中壢,2023-04-18,9636
00637L,元大滬深300正2,270,64,206,富邦-中壢,2023-04-18,9636
00679B,元大美債20年,139,0,139,富邦-中壢,2023-04-18,9636
5009,榮剛,134,6,128,富邦-中壢,2023-04-18,9636
00720B,元大投資級公司債,100,0,100,富邦-中壢,2023-04-18,9636
3481,群創,95,6,89,富邦-中壢,2023-04-18,9636
00680L,元大美債20正2,84,5,79,富邦-中壢,2023-04-18,9636
9945,潤泰新,78,5,73,富邦-中壢,2023-04-18,9636
2634,漢翔,183,116,67,富邦-中壢,2023-04-18,9636
00751B,元大AAA至A公司債,57,0,57,富邦-中壢,2023-04-18,9636
0056,元大高股息,60,9,51,富邦-中壢,2023-04-18,9636
3231,緯創,67,16,51,富邦-中壢,2023-04-18,9636
00878,國泰永續高股息,95,47,48,富邦-中壢,2023-04-18,9636
2371,大同,57,11,46,富邦-中壢,2023-04-18,9636
00671R,富邦NASDAQ反1,50,5,45,富邦-中壢,2023-04-18,9636
2457,飛宏,144,100,44,富邦-中壢,2023-04-18,9636
00773B,中信優先金融債,44,1,43,富邦-中壢,2023-04-18,9636
1618,合機,48,7,41,富邦-中壢,2023-04-18,9636
6789,采鈺,41,1,40,富邦-中壢,2023-04-18,9636
3017,奇鋐,41,5,36,富邦-中壢,2023-04-18,9636
1519,華城,75,39,36,富邦-中壢,2023-04-18,9636
2609,陽明,93,57,36,富邦-中壢,2023-04-18,9636
8033,雷虎,119,84,35,富邦-中壢,2023-04-18,9636
2601,益航,35,3,32,富邦-中壢,2023-04-18,9636
3037,欣興,37,5,32,富邦-中壢,2023-04-18,9636
4188,安克,31,0,31,富邦-中壢,2023-04-18,9636
8926,台汽電,58,27,31,富邦-中壢,2023-04-18,9636
3701,大眾控,32,2,30,富邦-中壢,2023-04-18,9636
6122,擎邦,29,0,29,富邦-中壢,2023-04-18,9636
2402,毅嘉,29,1,28,富邦-中壢,2023-04-18,9636
2454,聯發科,31,4,27,富邦-中壢,2023-04-18,9636
2409,友達,35,8,27,富邦-中壢,2023-04-18,9636
00888,永豐台灣ESG,26,0,26,富邦-中壢,2023-04-18,9636
6282,康舒,87,63,24,富邦-中壢,2023-04-18,9636
6163,華電網,127,103,24,富邦-中壢,2023-04-18,9636
1504,東元,44,21,23,富邦-中壢,2023-04-18,9636
5388,中磊,25,2,23,富邦-中壢,2023-04-18,9636
6443,元晶,50,27,23,富邦-中壢,2023-04-18,9636
2313,華通,46,24,22,富邦-中壢,2023-04-18,9636
00706L,期元大S＆P日圓正2,22,0,22,富邦-中壢,2023-04-18,9636
5371,中光電,37,15,22,富邦-中壢,2023-04-18,9636
1101,台泥,25,4,21,富邦-中壢,2023-04-18,9636
8927,北基,20,0,20,富邦-中壢,2023-04-18,9636
2388,威盛,33,13,20,富邦-中壢,2023-04-18,9636
00676R,富邦臺灣加權反1,20,0,20,富邦-中壢,2023-04-18,9636
1612,宏泰,20,0,20,富邦-中壢,2023-04-18,9636
2545,皇翔,20,0,20,富邦-中壢,2023-04-18,9636
8176,智捷,20,0,20,富邦-中壢,2023-04-18,9636
2506,太設,20,0,20,富邦-中壢,2023-04-18,9636
9934,成霖,20,0,20,富邦-中壢,2023-04-18,9636
3363,上詮,190,35,155,富邦-中壢,2023-04-19,9636
00679B,元大美債20年,150,1,149,富邦-中壢,2023-04-19,9636
4714,永捷,108,2,106,富邦-中壢,2023-04-19,9636
1444,力麗,102,5,97,富邦-中壢,2023-04-19,9636
2303,聯電,98,4,94,富邦-中壢,2023-04-19,9636
3481,群創,195,115,80,富邦-中壢,2023-04-19,9636
6753,龍德造船,87,8,79,富邦-中壢,2023-04-19,9636
9945,潤泰新,67,1,66,富邦-中壢,2023-04-19,9636
00888,永豐台灣ESG,65,0,65,富邦-中壢,2023-04-19,9636
00633L,富邦上証正2,66,1,65,富邦-中壢,2023-04-19,9636
2457,飛宏,252,192,60,富邦-中壢,2023-04-19,9636
00720B,元大投資級公司債,59,0,59,富邦-中壢,2023-04-19,9636
3682,亞太電,60,2,58,富邦-中壢,2023-04-19,9636
2313,華通,51,4,47,富邦-中壢,2023-04-19,9636
6770,力積電,80,34,46,富邦-中壢,2023-04-19,9636
2388,威盛,76,31,45,富邦-中壢,2023-04-19,9636
1810,和成,96,53,43,富邦-中壢,2023-04-19,9636
2884,玉山金,58,17,41,富邦-中壢,2023-04-19,9636
6789,采鈺,40,0,40,富邦-中壢,2023-04-19,9636
6140,訊達,40,0,40,富邦-中壢,2023-04-19,9636
3050,鈺德,53,15,38,富邦-中壢,2023-04-19,9636
2002,中鋼,42,4,38,富邦-中壢,2023-04-19,9636
6026,福邦證,43,6,37,富邦-中壢,2023-04-19,9636
00923,群益台ESG低碳50,37,0,37,富邦-中壢,2023-04-19,9636
00637L,元大滬深300正2,36,0,36,富邦-中壢,2023-04-19,9636
2498,宏達電,66,33,33,富邦-中壢,2023-04-19,9636
2495,普安,46,14,32,富邦-中壢,2023-04-19,9636
3037,欣興,46,15,31,富邦-中壢,2023-04-19,9636
00676R,富邦臺灣加權反1,30,0,30,富邦-中壢,2023-04-19,9636
2330,台積電,29,0,29,富邦-中壢,2023-04-19,9636
00885,富邦越南,32,5,27,富邦-中壢,2023-04-19,9636
8933,愛地雅,28,2,26,富邦-中壢,2023-04-19,9636
00671R,富邦NASDAQ反1,26,0,26,富邦-中壢,2023-04-19,9636
00712,復華富時不動產,46,20,26,富邦-中壢,2023-04-19,9636
0056,元大高股息,33,7,26,富邦-中壢,2023-04-19,9636
00773B,中信優先金融債,25,0,25,富邦-中壢,2023-04-19,9636
3038,全台,27,2,25,富邦-中壢,2023-04-19,9636
4979,華星光,127,103,24,富邦-中壢,2023-04-19,9636
0050,元大台灣50,31,7,24,富邦-中壢,2023-04-19,9636
6443,元晶,116,93,23,富邦-中壢,2023-04-19,9636
00772B,中信高評級公司債,23,0,23,富邦-中壢,2023-04-19,9636
2867,三商壽,25,2,23,富邦-中壢,2023-04-19,9636
00751B,元大AAA至A公司債,22,0,22,富邦-中壢,2023-04-19,9636
5211,蒙恬,69,47,22,富邦-中壢,2023-04-19,9636
3006,晶豪科,23,1,22,富邦-中壢,2023-04-19,9636
8927,北基,21,0,21,富邦-中壢,2023-04-19,9636
00655L,國泰中國A50正2,20,0,20,富邦-中壢,2023-04-19,9636
2022,聚亨,20,0,20,富邦-中壢,2023-04-19,9636
2371,大同,19,0,19,富邦-中壢,2023-04-19,9636
8105,凌巨,21,2,19,富邦-中壢,2023-04-19,9636
2328,廣宇,128,0,128,富邦-中壢,2023-04-20,9636
9945,潤泰新,110,0,110,富邦-中壢,2023-04-20,9636
00633L,富邦上証正2,100,0,100,富邦-中壢,2023-04-20,9636
00637L,元大滬深300正2,123,24,99,富邦-中壢,2023-04-20,9636
6282,康舒,236,144,92,富邦-中壢,2023-04-20,9636
6244,茂迪,191,104,87,富邦-中壢,2023-04-20,9636
1101,台泥,113,33,80,富邦-中壢,2023-04-20,9636
2601,益航,61,0,61,富邦-中壢,2023-04-20,9636
00720B,元大投資級公司債,53,0,53,富邦-中壢,2023-04-20,9636
3264,欣銓,63,12,51,富邦-中壢,2023-04-20,9636
2038,海光,50,0,50,富邦-中壢,2023-04-20,9636
2313,華通,49,0,49,富邦-中壢,2023-04-20,9636
2515,中工,55,8,47,富邦-中壢,2023-04-20,9636
2344,華邦電,56,10,46,富邦-中壢,2023-04-20,9636
2323,中環,46,0,46,富邦-中壢,2023-04-20,9636
8069,元太,70,25,45,富邦-中壢,2023-04-20,9636
6770,力積電,60,16,44,富邦-中壢,2023-04-20,9636
2618,長榮航,50,7,43,富邦-中壢,2023-04-20,9636
4167,松瑞藥,45,4,41,富邦-中壢,2023-04-20,9636
4128,中天,48,8,40,富邦-中壢,2023-04-20,9636
4105,東洋,40,0,40,富邦-中壢,2023-04-20,9636
6122,擎邦,43,6,37,富邦-中壢,2023-04-20,9636
4979,華星光,105,69,36,富邦-中壢,2023-04-20,9636
8033,雷虎,47,12,35,富邦-中壢,2023-04-20,9636
5227,立凱-KY,39,4,35,富邦-中壢,2023-04-20,9636
1409,新纖,35,2,33,富邦-中壢,2023-04-20,9636
00888,永豐台灣ESG,32,0,32,富邦-中壢,2023-04-20,9636
6753,龍德造船,33,3,30,富邦-中壢,2023-04-20,9636
2409,友達,36,6,30,富邦-中壢,2023-04-20,9636
1402,遠東新,30,0,30,富邦-中壢,2023-04-20,9636
00655L,國泰中國A50正2,30,0,30,富邦-中壢,2023-04-20,9636
2444,兆勁,31,1,30,富邦-中壢,2023-04-20,9636
3027,盛達,48,18,30,富邦-中壢,2023-04-20,9636
3481,群創,53,24,29,富邦-中壢,2023-04-20,9636
3576,聯合再生,36,7,29,富邦-中壢,2023-04-20,9636
5475,德宏,31,2,29,富邦-中壢,2023-04-20,9636
6589,台康生技,29,1,28,富邦-中壢,2023-04-20,9636
00679B,元大美債20年,28,0,28,富邦-中壢,2023-04-20,9636
2610,華航,31,4,27,富邦-中壢,2023-04-20,9636
3038,全台,30,3,27,富邦-中壢,2023-04-20,9636
3701,大眾控,31,5,26,富邦-中壢,2023-04-20,9636
9904,寶成,26,0,26,富邦-中壢,2023-04-20,9636
00671R,富邦NASDAQ反1,24,0,24,富邦-中壢,2023-04-20,9636
2353,宏��,24,0,24,富邦-中壢,2023-04-20,9636
2812,台中銀,26,3,23,富邦-中壢,2023-04-20,9636
2427,三商電,23,0,23,富邦-中壢,2023-04-20,9636
00878,國泰永續高股息,91,68,23,富邦-中壢,2023-04-20,9636
3704,合勤控,51,29,22,富邦-中壢,2023-04-20,9636
2542,興富發,28,6,22,富邦-中壢,2023-04-20,9636
2645,長榮航太,32,11,21,富邦-中壢,2023-04-20,9636
2913,農林,309,43,266,富邦-中壢,2023-04-21,9636
1904,正隆,129,24,105,富邦-中壢,2023-04-21,9636
0056,元大高股息,99,7,92,富邦-中壢,2023-04-21,9636
00720B,元大投資級公司債,80,0,80,富邦-中壢,2023-04-21,9636
1907,永豐餘,97,21,76,富邦-中壢,2023-04-21,9636
00633L,富邦上証正2,68,0,68,富邦-中壢,2023-04-21,9636
00637L,元大滬深300正2,89,25,64,富邦-中壢,2023-04-21,9636
4105,東洋,54,1,53,富邦-中壢,2023-04-21,9636
2328,廣宇,48,0,48,富邦-中壢,2023-04-21,9636
2344,華邦電,53,9,44,富邦-中壢,2023-04-21,9636
2495,普安,79,37,42,富邦-中壢,2023-04-21,9636
1711,永光,50,8,42,富邦-中壢,2023-04-21,9636
1701,中化,41,0,41,富邦-中壢,2023-04-21,9636
1314,中石化,39,0,39,富邦-中壢,2023-04-21,9636
3051,力特,39,0,39,富邦-中壢,2023-04-21,9636
5469,瀚宇博,56,18,38,富邦-中壢,2023-04-21,9636
4128,中天,38,0,38,富邦-中壢,2023-04-21,9636
00893,國泰智能電動車,38,2,36,富邦-中壢,2023-04-21,9636
9945,潤泰新,37,2,35,富邦-中壢,2023-04-21,9636
5009,榮剛,38,7,31,富邦-中壢,2023-04-21,9636
3576,聯合再生,32,2,30,富邦-中壢,2023-04-21,9636
6770,力積電,51,23,28,富邦-中壢,2023-04-21,9636
8049,晶采,33,6,27,富邦-中壢,2023-04-21,9636
8038,長園科,31,4,27,富邦-中壢,2023-04-21,9636
00642U,期元大S＆P石油,26,0,26,富邦-中壢,2023-04-21,9636
6271,同欣電,28,2,26,富邦-中壢,2023-04-21,9636
8440,綠電,33,7,26,富邦-中壢,2023-04-21,9636
3704,合勤控,68,43,25,富邦-中壢,2023-04-21,9636
00753L,中信中國50正2,25,0,25,富邦-中壢,2023-04-21,9636
3025,星通,25,0,25,富邦-中壢,2023-04-21,9636
6163,華電網,117,92,25,富邦-中壢,2023-04-21,9636
2313,華通,30,6,24,富邦-中壢,2023-04-21,9636
2371,大同,25,1,24,富邦-中壢,2023-04-21,9636
6140,訊達,23,0,23,富邦-中壢,2023-04-21,9636
1710,東聯,36,14,22,富邦-中壢,2023-04-21,9636
00888,永豐台灣ESG,22,0,22,富邦-中壢,2023-04-21,9636
6125,廣運,29,7,22,富邦-中壢,2023-04-21,9636
6547,高端疫苗,22,1,21,富邦-中壢,2023-04-21,9636
5608,四維航,23,2,21,富邦-中壢,2023-04-21,9636
2427,三商電,21,0,21,富邦-中壢,2023-04-21,9636
4906,正文,25,4,21,富邦-中壢,2023-04-21,9636
1312,國喬,22,1,21,富邦-中壢,2023-04-21,9636
2506,太設,20,0,20,富邦-中壢,2023-04-21,9636
1342,八貫,19,0,19,富邦-中壢,2023-04-21,9636
3701,大眾控,20,1,19,富邦-中壢,2023-04-21,9636
00713,元大台灣高息低波,49,30,19,富邦-中壢,2023-04-21,9636
2615,萬海,24,5,19,富邦-中壢,2023-04-21,9636
8933,愛地雅,39,21,18,富邦-中壢,2023-04-21,9636
2201,裕隆,38,20,18,富邦-中壢,2023-04-21,9636
4564,元翎,18,0,18,富邦-中壢,2023-04-21,9636
00902,中信電池及儲能,223,12,211,富邦-中壢,2023-04-24,9636
00753L,中信中國50正2,189,0,189,富邦-中壢,2023-04-24,9636
2610,華航,120,22,98,富邦-中壢,2023-04-24,9636
5519,隆大,65,0,65,富邦-中壢,2023-04-24,9636
2867,三商壽,84,20,64,富邦-中壢,2023-04-24,9636
5009,榮剛,82,19,63,富邦-中壢,2023-04-24,9636
00853B,統一美債10年Aa-,63,0,63,富邦-中壢,2023-04-24,9636
00712,復華富時不動產,64,10,54,富邦-中壢,2023-04-24,9636
2324,仁寶,57,11,46,富邦-中壢,2023-04-24,9636
2834,臺企銀,40,0,40,富邦-中壢,2023-04-24,9636
2913,農林,63,24,39,富邦-中壢,2023-04-24,9636
2313,華通,46,8,38,富邦-中壢,2023-04-24,9636
2330,台積電,39,1,38,富邦-中壢,2023-04-24,9636
00895,富邦未來車,40,5,35,富邦-中壢,2023-04-24,9636
00713,元大台灣高息低波,32,0,32,富邦-中壢,2023-04-24,9636
1605,華新,43,12,31,富邦-中壢,2023-04-24,9636
2102,泰豐,30,0,30,富邦-中壢,2023-04-24,9636
00642U,期元大S＆P石油,30,0,30,富邦-中壢,2023-04-24,9636
3481,群創,40,13,27,富邦-中壢,2023-04-24,9636
2634,漢翔,227,201,26,富邦-中壢,2023-04-24,9636
9907,統一實,35,10,25,富邦-中壢,2023-04-24,9636
4979,華星光,44,19,25,富邦-中壢,2023-04-24,9636
2206,三陽工業,29,5,24,富邦-中壢,2023-04-24,9636
1752,南光,66,43,23,富邦-中壢,2023-04-24,9636
4960,誠美材,22,0,22,富邦-中壢,2023-04-24,9636
1710,東聯,64,43,21,富邦-中壢,2023-04-24,9636
1108,幸福,72,52,20,富邦-中壢,2023-04-24,9636
1711,永光,60,40,20,富邦-中壢,2023-04-24,9636
2838,聯邦銀,20,0,20,富邦-中壢,2023-04-24,9636
2002,中鋼,21,2,19,富邦-中壢,2023-04-24,9636
1810,和成,19,1,18,富邦-中壢,2023-04-24,9636
1907,永豐餘,72,55,17,富邦-中壢,2023-04-24,9636
00679B,元大美債20年,16,0,16,富邦-中壢,2023-04-24,9636
8222,寶一,77,62,15,富邦-中壢,2023-04-24,9636
6116,彩晶,15,0,15,富邦-中壢,2023-04-24,9636
1612,宏泰,15,0,15,富邦-中壢,2023-04-24,9636
00633L,富邦上証正2,37,22,15,富邦-中壢,2023-04-24,9636
00664R,國泰臺灣加權反1,15,0,15,富邦-中壢,2023-04-24,9636
006208,富邦台50,19,4,15,富邦-中壢,2023-04-24,9636
2515,中工,14,0,14,富邦-中壢,2023-04-24,9636
4931,新盛力,37,23,14,富邦-中壢,2023-04-24,9636
6244,茂迪,32,18,14,富邦-中壢,2023-04-24,9636
2453,凌群,65,52,13,富邦-中壢,2023-04-24,9636
1701,中化,40,27,13,富邦-中壢,2023-04-24,9636
1727,中華化,18,5,13,富邦-中壢,2023-04-24,9636
5388,中磊,13,0,13,富邦-中壢,2023-04-24,9636
00773B,中信優先金融債,12,0,12,富邦-中壢,2023-04-24,9636
1519,華城,73,61,12,富邦-中壢,2023-04-24,9636
1904,正隆,39,27,12,富邦-中壢,2023-04-24,9636
2031,新光鋼,16,4,12,富邦-中壢,2023-04-24,9636
2610,華航,316,27,289,富邦-中壢,2023-04-25,9636
9945,潤泰新,342,66,276,富邦-中壢,2023-04-25,9636
00902,中信電池及儲能,245,0,245,富邦-中壢,2023-04-25,9636
6122,擎邦,155,19,136,富邦-中壢,2023-04-25,9636
1710,東聯,155,24,131,富邦-中壢,2023-04-25,9636
2303,聯電,143,16,127,富邦-中壢,2023-04-25,9636
00923,群益台ESG低碳50,126,3,123,富邦-中壢,2023-04-25,9636
2634,漢翔,231,108,123,富邦-中壢,2023-04-25,9636
6282,康舒,180,64,116,富邦-中壢,2023-04-25,9636
00637L,元大滬深300正2,129,30,99,富邦-中壢,2023-04-25,9636
0056,元大高股息,180,93,87,富邦-中壢,2023-04-25,9636
4306,炎洲,105,20,85,富邦-中壢,2023-04-25,9636
2913,農林,99,23,76,富邦-中壢,2023-04-25,9636
3231,緯創,116,44,72,富邦-中壢,2023-04-25,9636
00753L,中信中國50正2,70,0,70,富邦-中壢,2023-04-25,9636
00676R,富邦臺灣加權反1,80,10,70,富邦-中壢,2023-04-25,9636
0050,元大台灣50,71,5,66,富邦-中壢,2023-04-25,9636
00878,國泰永續高股息,236,170,66,富邦-中壢,2023-04-25,9636
1904,正隆,89,34,55,富邦-中壢,2023-04-25,9636
1905,華紙,115,61,54,富邦-中壢,2023-04-25,9636
1701,中化,55,1,54,富邦-中壢,2023-04-25,9636
8926,台汽電,59,8,51,富邦-中壢,2023-04-25,9636
00922,國泰台灣領袖50,48,0,48,富邦-中壢,2023-04-25,9636
00888,永豐台灣ESG,47,0,47,富邦-中壢,2023-04-25,9636
2489,瑞軒,58,12,46,富邦-中壢,2023-04-25,9636
00900,富邦特選高股息30,75,31,44,富邦-中壢,2023-04-25,9636
00671R,富邦NASDAQ反1,42,0,42,富邦-中壢,2023-04-25,9636
3265,台星科,40,0,40,富邦-中壢,2023-04-25,9636
8933,愛地雅,45,5,40,富邦-中壢,2023-04-25,9636
1310,台苯,104,65,39,富邦-中壢,2023-04-25,9636
2330,台積電,46,8,38,富邦-中壢,2023-04-25,9636
6163,華電網,59,22,37,富邦-中壢,2023-04-25,9636
2002,中鋼,38,2,36,富邦-中壢,2023-04-25,9636
006208,富邦台50,45,14,31,富邦-中壢,2023-04-25,9636
1605,華新,41,13,28,富邦-中壢,2023-04-25,9636
6129,普誠,30,2,28,富邦-中壢,2023-04-25,9636
4121,優盛,39,12,27,富邦-中壢,2023-04-25,9636
00885,富邦越南,27,0,27,富邦-中壢,2023-04-25,9636
2498,宏達電,30,4,26,富邦-中壢,2023-04-25,9636
00772B,中信高評級公司債,28,2,26,富邦-中壢,2023-04-25,9636
2484,希華,26,0,26,富邦-中壢,2023-04-25,9636
6770,力積電,31,5,26,富邦-中壢,2023-04-25,9636
3481,群創,40,15,25,富邦-中壢,2023-04-25,9636
2838,聯邦銀,25,0,25,富邦-中壢,2023-04-25,9636
5284,jpp-KY,28,3,25,富邦-中壢,2023-04-25,9636
00881,國泰台灣5G+,30,6,24,富邦-中壢,2023-04-25,9636
2409,友達,33,10,23,富邦-中壢,2023-04-25,9636
3290,東浦,24,1,23,富邦-中壢,2023-04-25,9636
6026,福邦證,24,2,22,富邦-中壢,2023-04-25,9636
00692,富邦公司治理,21,0,21,富邦-中壢,2023-04-25,9636
5014,建錩,101,0,101,富邦-中壢,2023-04-26,9636
00715L,期街口布蘭特正2,95,8,87,富邦-中壢,2023-04-26,9636
00772B,中信高評級公司債,87,5,82,富邦-中壢,2023-04-26,9636
00720B,元大投資級公司債,83,1,82,富邦-中壢,2023-04-26,9636
2610,華航,85,11,74,富邦-中壢,2023-04-26,9636
1904,正隆,82,13,69,富邦-中壢,2023-04-26,9636
6179,亞通,72,6,66,富邦-中壢,2023-04-26,9636
00712,復華富時不動產,96,31,65,富邦-中壢,2023-04-26,9636
2002,中鋼,62,2,60,富邦-中壢,2023-04-26,9636
2303,聯電,69,14,55,富邦-中壢,2023-04-26,9636
2022,聚亨,53,8,45,富邦-中壢,2023-04-26,9636
2609,陽明,198,153,45,富邦-中壢,2023-04-26,9636
8403,盛弘,44,0,44,富邦-中壢,2023-04-26,9636
00922,國泰台灣領袖50,44,0,44,富邦-中壢,2023-04-26,9636
00878,國泰永續高股息,124,80,44,富邦-中壢,2023-04-26,9636
2484,希華,52,10,42,富邦-中壢,2023-04-26,9636
0050,元大台灣50,53,11,42,富邦-中壢,2023-04-26,9636
006208,富邦台50,47,6,41,富邦-中壢,2023-04-26,9636
2913,農林,51,12,39,富邦-中壢,2023-04-26,9636
00885,富邦越南,41,3,38,富邦-中壢,2023-04-26,9636
0056,元大高股息,50,17,33,富邦-中壢,2023-04-26,9636
5425,台半,35,4,31,富邦-中壢,2023-04-26,9636
2206,三陽工業,110,79,31,富邦-中壢,2023-04-26,9636
3013,晟銘電,29,0,29,富邦-中壢,2023-04-26,9636
1710,東聯,69,42,27,富邦-中壢,2023-04-26,9636
5880,合庫金,30,4,26,富邦-中壢,2023-04-26,9636
2211,長榮鋼,23,0,23,富邦-中壢,2023-04-26,9636
00664R,國泰臺灣加權反1,23,0,23,富邦-中壢,2023-04-26,9636
00679B,元大美債20年,28,6,22,富邦-中壢,2023-04-26,9636
2885,元大金,24,2,22,富邦-中壢,2023-04-26,9636
00923,群益台ESG低碳50,21,0,21,富邦-中壢,2023-04-26,9636
00753L,中信中國50正2,21,0,21,富邦-中壢,2023-04-26,9636
3624,光頡,26,5,21,富邦-中壢,2023-04-26,9636
00902,中信電池及儲能,20,0,20,富邦-中壢,2023-04-26,9636
9904,寶成,20,0,20,富邦-中壢,2023-04-26,9636
3047,訊舟,20,0,20,富邦-中壢,2023-04-26,9636
4111,濟生,22,2,20,富邦-中壢,2023-04-26,9636
2313,華通,23,4,19,富邦-中壢,2023-04-26,9636
9919,康那香,19,0,19,富邦-中壢,2023-04-26,9636
1101,台泥,53,35,18,富邦-中壢,2023-04-26,9636
00893,國泰智能電動車,18,0,18,富邦-中壢,2023-04-26,9636
1711,永光,44,26,18,富邦-中壢,2023-04-26,9636
4123,晟德,22,5,17,富邦-中壢,2023-04-26,9636
2442,新美齊,17,0,17,富邦-中壢,2023-04-26,9636
3294,英濟,18,1,17,富邦-中壢,2023-04-26,9636
8046,南電,36,19,17,富邦-中壢,2023-04-26,9636
1727,中華化,36,19,17,富邦-中壢,2023-04-26,9636
3035,智原,100,84,16,富邦-中壢,2023-04-26,9636
2603,長榮,47,31,16,富邦-中壢,2023-04-26,9636
4741,泓瀚,22,6,16,富邦-中壢,2023-04-26,9636
00632R,元大台灣50反1,1101,277,824,富邦-中壢,2023-04-27,9636
00715L,期街口布蘭特正2,843,25,818,富邦-中壢,2023-04-27,9636
2303,聯電,221,24,197,富邦-中壢,2023-04-27,9636
00712,復華富時不動產,108,2,106,富邦-中壢,2023-04-27,9636
00753L,中信中國50正2,79,0,79,富邦-中壢,2023-04-27,9636
2344,華邦電,112,34,78,富邦-中壢,2023-04-27,9636
2884,玉山金,58,2,56,富邦-中壢,2023-04-27,9636
2427,三商電,54,0,54,富邦-中壢,2023-04-27,9636
00642U,期元大S＆P石油,47,0,47,富邦-中壢,2023-04-27,9636
2002,中鋼,45,1,44,富邦-中壢,2023-04-27,9636
00720B,元大投資級公司債,39,1,38,富邦-中壢,2023-04-27,9636
2609,陽明,47,10,37,富邦-中壢,2023-04-27,9636
00772B,中信高評級公司債,36,0,36,富邦-中壢,2023-04-27,9636
00679B,元大美債20年,42,7,35,富邦-中壢,2023-04-27,9636
4979,華星光,53,22,31,富邦-中壢,2023-04-27,9636
1711,永光,221,190,31,富邦-中壢,2023-04-27,9636
3481,群創,36,6,30,富邦-中壢,2023-04-27,9636
00853B,統一美債10年Aa-,30,0,30,富邦-中壢,2023-04-27,9636
0050,元大台灣50,30,1,29,富邦-中壢,2023-04-27,9636
00680L,元大美債20正2,28,0,28,富邦-中壢,2023-04-27,9636
2022,聚亨,38,10,28,富邦-中壢,2023-04-27,9636
00892,富邦台灣半導體,30,5,25,富邦-中壢,2023-04-27,9636
2317,鴻海,25,2,23,富邦-中壢,2023-04-27,9636
3081,聯亞,23,0,23,富邦-中壢,2023-04-27,9636
6160,欣技,22,0,22,富邦-中壢,2023-04-27,9636
00885,富邦越南,30,9,21,富邦-中壢,2023-04-27,9636
1810,和成,22,2,20,富邦-中壢,2023-04-27,9636
2885,元大金,20,0,20,富邦-中壢,2023-04-27,9636
2530,華建,21,2,19,富邦-中壢,2023-04-27,9636
2834,臺企銀,21,3,18,富邦-中壢,2023-04-27,9636
1907,永豐餘,18,1,17,富邦-中壢,2023-04-27,9636
1721,三晃,178,161,17,富邦-中壢,2023-04-27,9636
2603,長榮,35,18,17,富邦-中壢,2023-04-27,9636
2330,台積電,18,1,17,富邦-中壢,2023-04-27,9636
2890,永豐金,23,7,16,富邦-中壢,2023-04-27,9636
00900,富邦特選高股息30,16,0,16,富邦-中壢,2023-04-27,9636
3038,全台,16,0,16,富邦-中壢,2023-04-27,9636
3037,欣興,34,19,15,富邦-中壢,2023-04-27,9636
6116,彩晶,15,0,15,富邦-中壢,2023-04-27,9636
2371,大同,16,1,15,富邦-中壢,2023-04-27,9636
3162,精確,14,0,14,富邦-中壢,2023-04-27,9636
2449,京元電子,13,0,13,富邦-中壢,2023-04-27,9636
00893,國泰智能電動車,16,3,13,富邦-中壢,2023-04-27,9636
2409,友達,13,0,13,富邦-中壢,2023-04-27,9636
5009,榮剛,32,20,12,富邦-中壢,2023-04-27,9636
006208,富邦台50,17,5,12,富邦-中壢,2023-04-27,9636
8046,南電,21,9,12,富邦-中壢,2023-04-27,9636
1609,大亞,13,1,12,富邦-中壢,2023-04-27,9636
00773B,中信優先金融債,12,0,12,富邦-中壢,2023-04-27,9636
1909,榮成,12,0,12,富邦-中壢,2023-04-27,9636
00715L,期街口布蘭特正2,641,20,621,富邦-中壢,2023-04-28,9636
2409,友達,826,521,305,富邦-中壢,2023-04-28,9636
5009,榮剛,298,38,260,富邦-中壢,2023-04-28,9636
3481,群創,266,68,198,富邦-中壢,2023-04-28,9636
00878,國泰永續高股息,167,41,126,富邦-中壢,2023-04-28,9636
2610,華航,134,30,104,富邦-中壢,2023-04-28,9636
2022,聚亨,81,16,65,富邦-中壢,2023-04-28,9636
00671R,富邦NASDAQ反1,67,7,60,富邦-中壢,2023-04-28,9636
1717,長興,45,0,45,富邦-中壢,2023-04-28,9636
4108,懷特,49,5,44,富邦-中壢,2023-04-28,9636
1809,中釉,48,7,41,富邦-中壢,2023-04-28,9636
2880,華南金,135,95,40,富邦-中壢,2023-04-28,9636
1727,中華化,62,29,33,富邦-中壢,2023-04-28,9636
2609,陽明,36,6,30,富邦-中壢,2023-04-28,9636
8933,愛地雅,30,0,30,富邦-中壢,2023-04-28,9636
2892,第一金,30,0,30,富邦-中壢,2023-04-28,9636
9919,康那香,32,4,28,富邦-中壢,2023-04-28,9636
00772B,中信高評級公司債,26,0,26,富邦-中壢,2023-04-28,9636
00679B,元大美債20年,31,6,25,富邦-中壢,2023-04-28,9636
3576,聯合再生,25,0,25,富邦-中壢,2023-04-28,9636
00680L,元大美債20正2,27,3,24,富邦-中壢,2023-04-28,9636
1789,神隆,32,8,24,富邦-中壢,2023-04-28,9636
6134,萬旭,23,0,23,富邦-中壢,2023-04-28,9636
4566,時碩工業,133,112,21,富邦-中壢,2023-04-28,9636
5880,合庫金,33,12,21,富邦-中壢,2023-04-28,9636
6147,頎邦,22,1,21,富邦-中壢,2023-04-28,9636
6179,亞通,21,0,21,富邦-中壢,2023-04-28,9636
6163,華電網,94,73,21,富邦-中壢,2023-04-28,9636
00853B,統一美債10年Aa-,20,0,20,富邦-中壢,2023-04-28,9636
2388,威盛,42,22,20,富邦-中壢,2023-04-28,9636
6288,聯嘉,34,14,20,富邦-中壢,2023-04-28,9636
00687B,國泰20年美債,20,0,20,富邦-中壢,2023-04-28,9636
1609,大亞,25,6,19,富邦-中壢,2023-04-28,9636
4714,永捷,21,2,19,富邦-中壢,2023-04-28,9636
8112,至上,19,0,19,富邦-中壢,2023-04-28,9636
2412,中華電,21,2,19,富邦-中壢,2023-04-28,9636
3032,偉訓,25,7,18,富邦-中壢,2023-04-28,9636
1905,華紙,50,32,18,富邦-中壢,2023-04-28,9636
1101,台泥,23,5,18,富邦-中壢,2023-04-28,9636
2314,台揚,24,7,17,富邦-中壢,2023-04-28,9636
2493,揚博,18,1,17,富邦-中壢,2023-04-28,9636
4121,優盛,34,17,17,富邦-中壢,2023-04-28,9636
5465,富驊,25,8,17,富邦-中壢,2023-04-28,9636
2002,中鋼,31,15,16,富邦-中壢,2023-04-28,9636
2342,茂矽,17,1,16,富邦-中壢,2023-04-28,9636
3484,崧騰,19,3,16,富邦-中壢,2023-04-28,9636
00686R,群益臺灣加權反1,16,0,16,富邦-中壢,2023-04-28,9636
4123,晟德,25,9,16,富邦-中壢,2023-04-28,9636
8222,寶一,50,35,15,富邦-中壢,2023-04-28,9636
2816,旺旺保,15,0,15,富邦-中壢,2023-04-28,9636
5009,榮剛,239,31,208,富邦-中壢,2023-05-02,9636
00665L,富邦�琤肭磪囓�2,203,3,200,富邦-中壢,2023-05-02,9636
1905,華紙,277,93,184,富邦-中壢,2023-05-02,9636
6806,森崴能源,201,33,168,富邦-中壢,2023-05-02,9636
5381,合正,100,0,100,富邦-中壢,2023-05-02,9636
00680L,元大美債20正2,85,0,85,富邦-中壢,2023-05-02,9636
00751B,元大AAA至A公司債,85,0,85,富邦-中壢,2023-05-02,9636
00632R,元大台灣50反1,106,28,78,富邦-中壢,2023-05-02,9636
2409,友達,83,13,70,富邦-中壢,2023-05-02,9636
2495,普安,70,5,65,富邦-中壢,2023-05-02,9636
1714,和桐,64,0,64,富邦-中壢,2023-05-02,9636
9945,潤泰新,64,1,63,富邦-中壢,2023-05-02,9636
00900,富邦特選高股息30,66,8,58,富邦-中壢,2023-05-02,9636
00679B,元大美債20年,54,2,52,富邦-中壢,2023-05-02,9636
00715L,期街口布蘭特正2,147,96,51,富邦-中壢,2023-05-02,9636
2344,華邦電,73,27,46,富邦-中壢,2023-05-02,9636
2603,長榮,101,55,46,富邦-中壢,2023-05-02,9636
2609,陽明,48,5,43,富邦-中壢,2023-05-02,9636
2449,京元電子,43,1,42,富邦-中壢,2023-05-02,9636
5498,凱崴,40,0,40,富邦-中壢,2023-05-02,9636
00885,富邦越南,57,20,37,富邦-中壢,2023-05-02,9636
00720B,元大投資級公司債,36,0,36,富邦-中壢,2023-05-02,9636
6163,華電網,40,6,34,富邦-中壢,2023-05-02,9636
2634,漢翔,87,53,34,富邦-中壢,2023-05-02,9636
00919,群益台灣精選高息,32,0,32,富邦-中壢,2023-05-02,9636
00633L,富邦上証正2,30,0,30,富邦-中壢,2023-05-02,9636
1409,新纖,30,0,30,富邦-中壢,2023-05-02,9636
2884,玉山金,30,1,29,富邦-中壢,2023-05-02,9636
2413,環科,29,0,29,富邦-中壢,2023-05-02,9636
6753,龍德造船,31,4,27,富邦-中壢,2023-05-02,9636
5465,富驊,31,5,26,富邦-中壢,2023-05-02,9636
1710,東聯,25,1,24,富邦-中壢,2023-05-02,9636
6220,岳豐,26,2,24,富邦-中壢,2023-05-02,9636
3363,上詮,43,20,23,富邦-中壢,2023-05-02,9636
1783,和康生,32,9,23,富邦-中壢,2023-05-02,9636
3032,偉訓,26,5,21,富邦-中壢,2023-05-02,9636
3321,同泰,20,0,20,富邦-中壢,2023-05-02,9636
00687B,國泰20年美債,21,1,20,富邦-中壢,2023-05-02,9636
00882,中信中國高股息,21,2,19,富邦-中壢,2023-05-02,9636
1810,和成,19,0,19,富邦-中壢,2023-05-02,9636
00830,國泰費城半導體,20,2,18,富邦-中壢,2023-05-02,9636
00637L,元大滬深300正2,40,22,18,富邦-中壢,2023-05-02,9636
1442,名軒,18,0,18,富邦-中壢,2023-05-02,9636
6282,康舒,25,8,17,富邦-中壢,2023-05-02,9636
6142,友勁,33,16,17,富邦-中壢,2023-05-02,9636
00712,復華富時不動產,16,0,16,富邦-中壢,2023-05-02,9636
2471,資通,51,35,16,富邦-中壢,2023-05-02,9636
00922,國泰台灣領袖50,23,8,15,富邦-中壢,2023-05-02,9636
2801,彰銀,17,2,15,富邦-中壢,2023-05-02,9636
9904,寶成,40,25,15,富邦-中壢,2023-05-02,9636
00715L,期街口布蘭特正2,844,0,844,富邦-中壢,2023-05-03,9636
00712,復華富時不動產,297,4,293,富邦-中壢,2023-05-03,9636
00878,國泰永續高股息,311,95,216,富邦-中壢,2023-05-03,9636
3481,群創,144,13,131,富邦-中壢,2023-05-03,9636
1101,台泥,132,38,94,富邦-中壢,2023-05-03,9636
00665L,富邦�琤肭磪囓�2,77,0,77,富邦-中壢,2023-05-03,9636
2609,陽明,80,10,70,富邦-中壢,2023-05-03,9636
1514,亞力,92,27,65,富邦-中壢,2023-05-03,9636
1905,華紙,181,122,59,富邦-中壢,2023-05-03,9636
00888,永豐台灣ESG,56,0,56,富邦-中壢,2023-05-03,9636
2906,高林,56,0,56,富邦-中壢,2023-05-03,9636
3703,欣陸,53,2,51,富邦-中壢,2023-05-03,9636
5014,建錩,50,0,50,富邦-中壢,2023-05-03,9636
2371,大同,51,3,48,富邦-中壢,2023-05-03,9636
00753L,中信中國50正2,48,0,48,富邦-中壢,2023-05-03,9636
00633L,富邦上証正2,45,0,45,富邦-中壢,2023-05-03,9636
2603,長榮,74,38,36,富邦-中壢,2023-05-03,9636
5381,合正,35,0,35,富邦-中壢,2023-05-03,9636
6282,康舒,47,12,35,富邦-中壢,2023-05-03,9636
00637L,元大滬深300正2,36,2,34,富邦-中壢,2023-05-03,9636
00919,群益台灣精選高息,33,0,33,富邦-中壢,2023-05-03,9636
2201,裕隆,33,1,32,富邦-中壢,2023-05-03,9636
00642U,期元大S＆P石油,32,0,32,富邦-中壢,2023-05-03,9636
3032,偉訓,65,34,31,富邦-中壢,2023-05-03,9636
2022,聚亨,38,7,31,富邦-中壢,2023-05-03,9636
2634,漢翔,151,121,30,富邦-中壢,2023-05-03,9636
00893,國泰智能電動車,30,0,30,富邦-中壢,2023-05-03,9636
8222,寶一,126,98,28,富邦-中壢,2023-05-03,9636
4707,磐亞,29,4,25,富邦-中壢,2023-05-03,9636
2002,中鋼,24,0,24,富邦-中壢,2023-05-03,9636
00690,兆豐藍籌30,23,0,23,富邦-中壢,2023-05-03,9636
2344,華邦電,23,1,22,富邦-中壢,2023-05-03,9636
1529,樂事綠能,31,9,22,富邦-中壢,2023-05-03,9636
1219,福壽,21,0,21,富邦-中壢,2023-05-03,9636
1708,東鹼,21,0,21,富邦-中壢,2023-05-03,9636
2615,萬海,25,5,20,富邦-中壢,2023-05-03,9636
2353,宏��,21,1,20,富邦-中壢,2023-05-03,9636
4173,久裕,22,3,19,富邦-中壢,2023-05-03,9636
1519,華城,27,9,18,富邦-中壢,2023-05-03,9636
3006,晶豪科,19,2,17,富邦-中壢,2023-05-03,9636
0050,元大台灣50,17,1,16,富邦-中壢,2023-05-03,9636
4746,台耀,45,29,16,富邦-中壢,2023-05-03,9636
2607,榮運,16,0,16,富邦-中壢,2023-05-03,9636
1711,永光,21,5,16,富邦-中壢,2023-05-03,9636
3081,聯亞,17,2,15,富邦-中壢,2023-05-03,9636
2476,鉅祥,15,0,15,富邦-中壢,2023-05-03,9636
2915,潤泰全,16,1,15,富邦-中壢,2023-05-03,9636
5469,瀚宇博,15,0,15,富邦-中壢,2023-05-03,9636
2211,長榮鋼,15,1,14,富邦-中壢,2023-05-03,9636
6234,高僑,68,54,14,富邦-中壢,2023-05-03,9636
00715L,期街口布蘭特正2,1023,9,1014,富邦-中壢,2023-05-04,9636
00878,國泰永續高股息,363,144,219,富邦-中壢,2023-05-04,9636
2882,國泰金,380,218,162,富邦-中壢,2023-05-04,9636
6111,大宇資,269,108,161,富邦-中壢,2023-05-04,9636
8926,台汽電,139,2,137,富邦-中壢,2023-05-04,9636
2867,三商壽,111,0,111,富邦-中壢,2023-05-04,9636
5880,合庫金,100,9,91,富邦-中壢,2023-05-04,9636
00712,復華富時不動產,81,8,73,富邦-中壢,2023-05-04,9636
2913,農林,75,14,61,富邦-中壢,2023-05-04,9636
2889,國票金,52,1,51,富邦-中壢,2023-05-04,9636
00642U,期元大S＆P石油,51,0,51,富邦-中壢,2023-05-04,9636
2206,三陽工業,92,51,41,富邦-中壢,2023-05-04,9636
2489,瑞軒,41,1,40,富邦-中壢,2023-05-04,9636
3356,奇偶,41,2,39,富邦-中壢,2023-05-04,9636
00679B,元大美債20年,49,11,38,富邦-中壢,2023-05-04,9636
2603,長榮,49,16,33,富邦-中壢,2023-05-04,9636
6116,彩晶,31,0,31,富邦-中壢,2023-05-04,9636
3712,永崴投控,48,18,30,富邦-中壢,2023-05-04,9636
8085,福華,32,6,26,富邦-中壢,2023-05-04,9636
4173,久裕,25,0,25,富邦-中壢,2023-05-04,9636
1789,神隆,25,0,25,富邦-中壢,2023-05-04,9636
3715,定穎投控,36,11,25,富邦-中壢,2023-05-04,9636
3005,神基,35,10,25,富邦-中壢,2023-05-04,9636
00720B,元大投資級公司債,24,0,24,富邦-中壢,2023-05-04,9636
2303,聯電,31,7,24,富邦-中壢,2023-05-04,9636
2471,資通,56,33,23,富邦-中壢,2023-05-04,9636
4541,晟田,42,20,22,富邦-中壢,2023-05-04,9636
5014,建錩,20,0,20,富邦-中壢,2023-05-04,9636
2911,麗嬰房,21,3,18,富邦-中壢,2023-05-04,9636
5355,佳總,18,0,18,富邦-中壢,2023-05-04,9636
6167,久正,19,1,18,富邦-中壢,2023-05-04,9636
8121,越峰,17,0,17,富邦-中壢,2023-05-04,9636
4744,皇將,38,22,16,富邦-中壢,2023-05-04,9636
3006,晶豪科,18,3,15,富邦-中壢,2023-05-04,9636
1342,八貫,15,0,15,富邦-中壢,2023-05-04,9636
4909,新復興,16,1,15,富邦-中壢,2023-05-04,9636
3490,單井,15,0,15,富邦-中壢,2023-05-04,9636
8403,盛弘,28,13,15,富邦-中壢,2023-05-04,9636
2634,漢翔,58,43,15,富邦-中壢,2023-05-04,9636
3419,譁裕,27,13,14,富邦-中壢,2023-05-04,9636
2609,陽明,23,9,14,富邦-中壢,2023-05-04,9636
2409,友達,15,2,13,富邦-中壢,2023-05-04,9636
00893,國泰智能電動車,13,0,13,富邦-中壢,2023-05-04,9636
2413,環科,19,6,13,富邦-中壢,2023-05-04,9636
4977,眾達-KY,18,5,13,富邦-中壢,2023-05-04,9636
00885,富邦越南,19,6,13,富邦-中壢,2023-05-04,9636
1442,名軒,12,0,12,富邦-中壢,2023-05-04,9636
1314,中石化,12,0,12,富邦-中壢,2023-05-04,9636
3501,維熹,12,0,12,富邦-中壢,2023-05-04,9636
4968,立積,14,3,11,富邦-中壢,2023-05-04,9636
00715L,期街口布蘭特正2,598,58,540,富邦-中壢,2023-05-05,9636
00632R,元大台灣50反1,238,13,225,富邦-中壢,2023-05-05,9636
00878,國泰永續高股息,203,17,186,富邦-中壢,2023-05-05,9636
1907,永豐餘,106,0,106,富邦-中壢,2023-05-05,9636
2610,華航,109,13,96,富邦-中壢,2023-05-05,9636
5469,瀚宇博,82,0,82,富邦-中壢,2023-05-05,9636
2102,泰豐,110,28,82,富邦-中壢,2023-05-05,9636
2458,義隆,90,10,80,富邦-中壢,2023-05-05,9636
00720B,元大投資級公司債,67,0,67,富邦-中壢,2023-05-05,9636
1905,華紙,90,25,65,富邦-中壢,2023-05-05,9636
3522,御嵿,60,0,60,富邦-中壢,2023-05-05,9636
00712,復華富時不動產,62,2,60,富邦-中壢,2023-05-05,9636
00679B,元大美債20年,60,6,54,富邦-中壢,2023-05-05,9636
3591,艾笛森,57,3,54,富邦-中壢,2023-05-05,9636
2353,宏��,57,5,52,富邦-中壢,2023-05-05,9636
1789,神隆,54,7,47,富邦-中壢,2023-05-05,9636
1810,和成,47,2,45,富邦-中壢,2023-05-05,9636
00900,富邦特選高股息30,52,8,44,富邦-中壢,2023-05-05,9636
6111,大宇資,159,118,41,富邦-中壢,2023-05-05,9636
8926,台汽電,38,1,37,富邦-中壢,2023-05-05,9636
2206,三陽工業,91,55,36,富邦-中壢,2023-05-05,9636
5009,榮剛,76,44,32,富邦-中壢,2023-05-05,9636
6244,茂迪,62,30,32,富邦-中壢,2023-05-05,9636
3703,欣陸,32,1,31,富邦-中壢,2023-05-05,9636
3338,泰碩,50,21,29,富邦-中壢,2023-05-05,9636
4564,元翎,27,0,27,富邦-中壢,2023-05-05,9636
6226,光鼎,32,6,26,富邦-中壢,2023-05-05,9636
3305,昇貿,32,6,26,富邦-中壢,2023-05-05,9636
2442,新美齊,25,0,25,富邦-中壢,2023-05-05,9636
8936,國統,25,2,23,富邦-中壢,2023-05-05,9636
6127,九豪,27,5,22,富邦-中壢,2023-05-05,9636
3036,文曄,21,0,21,富邦-中壢,2023-05-05,9636
5381,合正,21,0,21,富邦-中壢,2023-05-05,9636
2449,京元電子,23,2,21,富邦-中壢,2023-05-05,9636
1783,和康生,25,5,20,富邦-中壢,2023-05-05,9636
4979,華星光,39,19,20,富邦-中壢,2023-05-05,9636
9945,潤泰新,18,0,18,富邦-中壢,2023-05-05,9636
6129,普誠,18,0,18,富邦-中壢,2023-05-05,9636
1733,五鼎,20,2,18,富邦-中壢,2023-05-05,9636
2609,陽明,26,9,17,富邦-中壢,2023-05-05,9636
2371,大同,17,0,17,富邦-中壢,2023-05-05,9636
5309,系統電,18,1,17,富邦-中壢,2023-05-05,9636
00751B,元大AAA至A公司債,16,0,16,富邦-中壢,2023-05-05,9636
6125,廣運,27,11,16,富邦-中壢,2023-05-05,9636
2002,中鋼,20,4,16,富邦-中壢,2023-05-05,9636
8033,雷虎,18,3,15,富邦-中壢,2023-05-05,9636
00924,復華S＆P500成長,15,0,15,富邦-中壢,2023-05-05,9636
4173,久裕,19,4,15,富邦-中壢,2023-05-05,9636
8201,無敵,15,0,15,富邦-中壢,2023-05-05,9636
6531,愛普*,24,9,15,富邦-中壢,2023-05-05,9636
00878,國泰永續高股息,230,34,196,富邦-中壢,2023-05-08,9636
3703,欣陸,194,0,194,富邦-中壢,2023-05-08,9636
0056,元大高股息,89,9,80,富邦-中壢,2023-05-08,9636
1605,華新,111,51,60,富邦-中壢,2023-05-08,9636
1101,台泥,65,11,54,富邦-中壢,2023-05-08,9636
8926,台汽電,82,30,52,富邦-中壢,2023-05-08,9636
00632R,元大台灣50反1,73,22,51,富邦-中壢,2023-05-08,9636
1529,樂事綠能,61,11,50,富邦-中壢,2023-05-08,9636
8068,全達,50,0,50,富邦-中壢,2023-05-08,9636
3051,力特,48,2,46,富邦-中壢,2023-05-08,9636
00853B,統一美債10年Aa-,40,0,40,富邦-中壢,2023-05-08,9636
6111,大宇資,62,23,39,富邦-中壢,2023-05-08,9636
00715L,期街口布蘭特正2,307,270,37,富邦-中壢,2023-05-08,9636
00890B,凱基ESG BBB債,36,0,36,富邦-中壢,2023-05-08,9636
5381,合正,40,5,35,富邦-中壢,2023-05-08,9636
00665L,富邦�琤肭磪囓�2,32,0,32,富邦-中壢,2023-05-08,9636
3481,群創,136,109,27,富邦-中壢,2023-05-08,9636
2603,長榮,45,18,27,富邦-中壢,2023-05-08,9636
2609,陽明,38,13,25,富邦-中壢,2023-05-08,9636
1611,中電,26,3,23,富邦-中壢,2023-05-08,9636
2457,飛宏,62,40,22,富邦-中壢,2023-05-08,9636
8215,明基材,24,2,22,富邦-中壢,2023-05-08,9636
6806,森崴能源,42,21,21,富邦-中壢,2023-05-08,9636
4173,久裕,27,6,21,富邦-中壢,2023-05-08,9636
8069,元太,21,0,21,富邦-中壢,2023-05-08,9636
8403,盛弘,30,11,19,富邦-中壢,2023-05-08,9636
2206,三陽工業,40,21,19,富邦-中壢,2023-05-08,9636
00679B,元大美債20年,62,44,18,富邦-中壢,2023-05-08,9636
1710,東聯,21,3,18,富邦-中壢,2023-05-08,9636
2634,漢翔,99,81,18,富邦-中壢,2023-05-08,9636
2449,京元電子,20,3,17,富邦-中壢,2023-05-08,9636
6142,友勁,17,0,17,富邦-中壢,2023-05-08,9636
3005,神基,33,16,17,富邦-中壢,2023-05-08,9636
00772B,中信高評級公司債,16,0,16,富邦-中壢,2023-05-08,9636
6127,九豪,18,2,16,富邦-中壢,2023-05-08,9636
00720B,元大投資級公司債,21,5,16,富邦-中壢,2023-05-08,9636
00751B,元大AAA至A公司債,18,3,15,富邦-中壢,2023-05-08,9636
6173,信昌電,27,13,14,富邦-中壢,2023-05-08,9636
00686R,群益臺灣加權反1,12,0,12,富邦-中壢,2023-05-08,9636
00669R,國泰美國道瓊反1,12,0,12,富邦-中壢,2023-05-08,9636
4967,十銓,36,24,12,富邦-中壢,2023-05-08,9636
1731,美吾華,12,0,12,富邦-中壢,2023-05-08,9636
6532,瑞耘,13,1,12,富邦-中壢,2023-05-08,9636
1319,東陽,13,2,11,富邦-中壢,2023-05-08,9636
9958,世紀鋼,16,5,11,富邦-中壢,2023-05-08,9636
00696B,富邦美債20年,13,2,11,富邦-中壢,2023-05-08,9636
00725B,國泰投資級公司債,11,0,11,富邦-中壢,2023-05-08,9636
3419,譁裕,17,6,11,富邦-中壢,2023-05-08,9636
3712,永崴投控,12,1,11,富邦-中壢,2023-05-08,9636
3545,敦泰,15,5,10,富邦-中壢,2023-05-08,9636
00902,中信電池及儲能,211,0,211,富邦-中壢,2023-05-09,9636
1905,華紙,353,162,191,富邦-中壢,2023-05-09,9636
00679B,元大美債20年,120,7,113,富邦-中壢,2023-05-09,9636
00782B,國泰A級公用債,100,0,100,富邦-中壢,2023-05-09,9636
6443,元晶,101,2,99,富邦-中壢,2023-05-09,9636
00720B,元大投資級公司債,94,0,94,富邦-中壢,2023-05-09,9636
00751B,元大AAA至A公司債,92,0,92,富邦-中壢,2023-05-09,9636
1504,東元,123,40,83,富邦-中壢,2023-05-09,9636
1609,大亞,133,52,81,富邦-中壢,2023-05-09,9636
00853B,統一美債10年Aa-,73,0,73,富邦-中壢,2023-05-09,9636
00882,中信中國高股息,123,52,71,富邦-中壢,2023-05-09,9636
2887,台新金,123,62,61,富邦-中壢,2023-05-09,9636
6275,元山,61,2,59,富邦-中壢,2023-05-09,9636
2906,高林,55,0,55,富邦-中壢,2023-05-09,9636
5014,建錩,53,0,53,富邦-中壢,2023-05-09,9636
3715,定穎投控,99,47,52,富邦-中壢,2023-05-09,9636
2834,臺企銀,51,1,50,富邦-中壢,2023-05-09,9636
3051,力特,50,0,50,富邦-中壢,2023-05-09,9636
6122,擎邦,56,6,50,富邦-中壢,2023-05-09,9636
00890B,凱基ESG BBB債,48,0,48,富邦-中壢,2023-05-09,9636
3484,崧騰,62,18,44,富邦-中壢,2023-05-09,9636
1513,中興電,69,27,42,富邦-中壢,2023-05-09,9636
1503,士電,63,23,40,富邦-中壢,2023-05-09,9636
00680L,元大美債20正2,49,10,39,富邦-中壢,2023-05-09,9636
8403,盛弘,46,7,39,富邦-中壢,2023-05-09,9636
6112,邁達特,206,167,39,富邦-中壢,2023-05-09,9636
5469,瀚宇博,36,2,34,富邦-中壢,2023-05-09,9636
00773B,中信優先金融債,34,0,34,富邦-中壢,2023-05-09,9636
2476,鉅祥,32,1,31,富邦-中壢,2023-05-09,9636
2886,兆豐金,39,9,30,富邦-中壢,2023-05-09,9636
4564,元翎,30,0,30,富邦-中壢,2023-05-09,9636
2206,三陽工業,51,22,29,富邦-中壢,2023-05-09,9636
3202,樺晟,71,42,29,富邦-中壢,2023-05-09,9636
1618,合機,58,30,28,富邦-中壢,2023-05-09,9636
4105,東洋,25,0,25,富邦-中壢,2023-05-09,9636
00696B,富邦美債20年,25,0,25,富邦-中壢,2023-05-09,9636
00772B,中信高評級公司債,25,0,25,富邦-中壢,2023-05-09,9636
00900,富邦特選高股息30,31,7,24,富邦-中壢,2023-05-09,9636
1314,中石化,24,0,24,富邦-中壢,2023-05-09,9636
2421,建準,113,90,23,富邦-中壢,2023-05-09,9636
1514,亞力,34,12,22,富邦-中壢,2023-05-09,9636
3576,聯合再生,27,5,22,富邦-中壢,2023-05-09,9636
3071,協禧,53,31,22,富邦-中壢,2023-05-09,9636
4979,華星光,45,24,21,富邦-中壢,2023-05-09,9636
9907,統一實,20,0,20,富邦-中壢,2023-05-09,9636
00713,元大台灣高息低波,20,0,20,富邦-中壢,2023-05-09,9636
9105,泰金寶-DR,20,0,20,富邦-中壢,2023-05-09,9636
1708,東鹼,46,26,20,富邦-中壢,2023-05-09,9636
3027,盛達,34,15,19,富邦-中壢,2023-05-09,9636
2838,聯邦銀,19,0,19,富邦-中壢,2023-05-09,9636
2882,國泰金,307,0,307,富邦-中壢,2023-05-10,9636
00878,國泰永續高股息,280,12,268,富邦-中壢,2023-05-10,9636
00751B,元大AAA至A公司債,237,0,237,富邦-中壢,2023-05-10,9636
6191,精成科,237,11,226,富邦-中壢,2023-05-10,9636
6282,康舒,151,36,115,富邦-中壢,2023-05-10,9636
00633L,富邦上証正2,108,0,108,富邦-中壢,2023-05-10,9636
00637L,元大滬深300正2,89,6,83,富邦-中壢,2023-05-10,9636
00686R,群益臺灣加權反1,80,10,70,富邦-中壢,2023-05-10,9636
00720B,元大投資級公司債,69,0,69,富邦-中壢,2023-05-10,9636
3231,緯創,161,101,60,富邦-中壢,2023-05-10,9636
00713,元大台灣高息低波,57,0,57,富邦-中壢,2023-05-10,9636
00753L,中信中國50正2,83,29,54,富邦-中壢,2023-05-10,9636
00882,中信中國高股息,52,0,52,富邦-中壢,2023-05-10,9636
2442,新美齊,50,0,50,富邦-中壢,2023-05-10,9636
00885,富邦越南,57,7,50,富邦-中壢,2023-05-10,9636
00687B,國泰20年美債,46,0,46,富邦-中壢,2023-05-10,9636
2022,聚亨,60,14,46,富邦-中壢,2023-05-10,9636
3013,晟銘電,47,5,42,富邦-中壢,2023-05-10,9636
00712,復華富時不動產,53,13,40,富邦-中壢,2023-05-10,9636
1473,台南,38,0,38,富邦-中壢,2023-05-10,9636
00772B,中信高評級公司債,38,1,37,富邦-中壢,2023-05-10,9636
00680L,元大美債20正2,47,10,37,富邦-中壢,2023-05-10,9636
1605,華新,42,7,35,富邦-中壢,2023-05-10,9636
2723,美食-KY,33,1,32,富邦-中壢,2023-05-10,9636
4979,華星光,36,5,31,富邦-中壢,2023-05-10,9636
2851,中再保,34,3,31,富邦-中壢,2023-05-10,9636
2387,精元,32,1,31,富邦-中壢,2023-05-10,9636
4155,訊映,30,0,30,富邦-中壢,2023-05-10,9636
00665L,富邦�琤肭磪囓�2,36,6,30,富邦-中壢,2023-05-10,9636
2645,長榮航太,30,1,29,富邦-中壢,2023-05-10,9636
1717,長興,32,3,29,富邦-中壢,2023-05-10,9636
6274,台燿,32,5,27,富邦-中壢,2023-05-10,9636
0056,元大高股息,33,7,26,富邦-中壢,2023-05-10,9636
6148,驊宏資,30,4,26,富邦-中壢,2023-05-10,9636
6116,彩晶,28,2,26,富邦-中壢,2023-05-10,9636
00679B,元大美債20年,36,11,25,富邦-中壢,2023-05-10,9636
1584,精剛,45,21,24,富邦-中壢,2023-05-10,9636
6185,幃翔,26,3,23,富邦-中壢,2023-05-10,9636
2516,新建,23,0,23,富邦-中壢,2023-05-10,9636
2618,長榮航,427,405,22,富邦-中壢,2023-05-10,9636
00853B,統一美債10年Aa-,21,0,21,富邦-中壢,2023-05-10,9636
1519,華城,100,80,20,富邦-中壢,2023-05-10,9636
2352,佳世達,48,28,20,富邦-中壢,2023-05-10,9636
3481,群創,72,53,19,富邦-中壢,2023-05-10,9636
3209,全科,22,3,19,富邦-中壢,2023-05-10,9636
00888,永豐台灣ESG,19,0,19,富邦-中壢,2023-05-10,9636
3046,建��,80,62,18,富邦-中壢,2023-05-10,9636
3346,麗清,19,1,18,富邦-中壢,2023-05-10,9636
6160,欣技,42,24,18,富邦-中壢,2023-05-10,9636
5258,虹堡,38,20,18,富邦-中壢,2023-05-10,9636
9945,潤泰新,284,34,250,富邦-中壢,2023-05-11,9636
00633L,富邦上証正2,150,2,148,富邦-中壢,2023-05-11,9636
6126,信音,118,3,115,富邦-中壢,2023-05-11,9636
2610,華航,131,28,103,富邦-中壢,2023-05-11,9636
2442,新美齊,101,0,101,富邦-中壢,2023-05-11,9636
5381,合正,100,0,100,富邦-中壢,2023-05-11,9636
2906,高林,82,0,82,富邦-中壢,2023-05-11,9636
2838,聯邦銀,80,10,70,富邦-中壢,2023-05-11,9636
2883,凱基金,71,3,68,富邦-中壢,2023-05-11,9636
3481,群創,69,5,64,富邦-中壢,2023-05-11,9636
00671R,富邦NASDAQ反1,89,27,62,富邦-中壢,2023-05-11,9636
9907,統一實,91,31,60,富邦-中壢,2023-05-11,9636
00878,國泰永續高股息,87,30,57,富邦-中壢,2023-05-11,9636
4114,健喬,75,19,56,富邦-中壢,2023-05-11,9636
2022,聚亨,56,0,56,富邦-中壢,2023-05-11,9636
6285,啟��,62,6,56,富邦-中壢,2023-05-11,9636
2206,三陽工業,77,25,52,富邦-中壢,2023-05-11,9636
1314,中石化,64,13,51,富邦-中壢,2023-05-11,9636
00676R,富邦臺灣加權反1,50,0,50,富邦-中壢,2023-05-11,9636
3037,欣興,79,32,47,富邦-中壢,2023-05-11,9636
1447,力鵬,47,2,45,富邦-中壢,2023-05-11,9636
3047,訊舟,43,0,43,富邦-中壢,2023-05-11,9636
00751B,元大AAA至A公司債,42,0,42,富邦-中壢,2023-05-11,9636
2618,長榮航,94,53,41,富邦-中壢,2023-05-11,9636
1905,華紙,100,60,40,富邦-中壢,2023-05-11,9636
8933,愛地雅,40,1,39,富邦-中壢,2023-05-11,9636
00715L,期街口布蘭特正2,56,22,34,富邦-中壢,2023-05-11,9636
3703,欣陸,34,0,34,富邦-中壢,2023-05-11,9636
2388,威盛,107,74,33,富邦-中壢,2023-05-11,9636
1609,大亞,57,24,33,富邦-中壢,2023-05-11,9636
2201,裕隆,67,35,32,富邦-中壢,2023-05-11,9636
1701,中化,32,0,32,富邦-中壢,2023-05-11,9636
3325,旭品,34,4,30,富邦-中壢,2023-05-11,9636
2609,陽明,41,12,29,富邦-中壢,2023-05-11,9636
0056,元大高股息,43,14,29,富邦-中壢,2023-05-11,9636
1589,永冠-KY,30,2,28,富邦-中壢,2023-05-11,9636
00720B,元大投資級公司債,27,0,27,富邦-中壢,2023-05-11,9636
00687B,國泰20年美債,26,0,26,富邦-中壢,2023-05-11,9636
6733,博晟生醫,25,0,25,富邦-中壢,2023-05-11,9636
1504,東元,41,17,24,富邦-中壢,2023-05-11,9636
00772B,中信高評級公司債,24,1,23,富邦-中壢,2023-05-11,9636
00679B,元大美債20年,24,3,21,富邦-中壢,2023-05-11,9636
00885,富邦越南,41,20,21,富邦-中壢,2023-05-11,9636
4743,合一,20,0,20,富邦-中壢,2023-05-11,9636
2340,台亞,20,0,20,富邦-中壢,2023-05-11,9636
8403,盛弘,20,0,20,富邦-中壢,2023-05-11,9636
1101,台泥,30,11,19,富邦-中壢,2023-05-11,9636
00900,富邦特選高股息30,18,0,18,富邦-中壢,2023-05-11,9636
2915,潤泰全,18,0,18,富邦-中壢,2023-05-11,9636
6274,台燿,19,2,17,富邦-中壢,2023-05-11,9636
2206,三陽工業,224,45,179,富邦-中壢,2023-05-12,9636
2882,國泰金,169,3,166,富邦-中壢,2023-05-12,9636
00632R,元大台灣50反1,305,148,157,富邦-中壢,2023-05-12,9636
2888,新光金,152,15,137,富邦-中壢,2023-05-12,9636
00878,國泰永續高股息,186,51,135,富邦-中壢,2023-05-12,9636
00633L,富邦上証正2,106,0,106,富邦-中壢,2023-05-12,9636
2891,中信金,98,12,86,富邦-中壢,2023-05-12,9636
2838,聯邦銀,80,0,80,富邦-中壢,2023-05-12,9636
2317,鴻海,114,36,78,富邦-中壢,2023-05-12,9636
2867,三商壽,64,0,64,富邦-中壢,2023-05-12,9636
2887,台新金,103,41,62,富邦-中壢,2023-05-12,9636
2515,中工,81,21,60,富邦-中壢,2023-05-12,9636
00715L,期街口布蘭特正2,205,145,60,富邦-中壢,2023-05-12,9636
1314,中石化,58,0,58,富邦-中壢,2023-05-12,9636
00637L,元大滬深300正2,56,1,55,富邦-中壢,2023-05-12,9636
00763U,期街口道瓊銅,52,0,52,富邦-中壢,2023-05-12,9636
6126,信音,46,4,42,富邦-中壢,2023-05-12,9636
2511,太子,41,0,41,富邦-中壢,2023-05-12,9636
6191,精成科,59,23,36,富邦-中壢,2023-05-12,9636
3479,安勤,50,15,35,富邦-中壢,2023-05-12,9636
2352,佳世達,32,1,31,富邦-中壢,2023-05-12,9636
3202,樺晟,36,6,30,富邦-中壢,2023-05-12,9636
8403,盛弘,32,2,30,富邦-中壢,2023-05-12,9636
9945,潤泰新,34,5,29,富邦-中壢,2023-05-12,9636
00795B,中信美國公債20年,29,3,26,富邦-中壢,2023-05-12,9636
3149,正達,26,0,26,富邦-中壢,2023-05-12,9636
4128,中天,27,2,25,富邦-中壢,2023-05-12,9636
2303,聯電,28,4,24,富邦-中壢,2023-05-12,9636
2002,中鋼,24,0,24,富邦-中壢,2023-05-12,9636
1101,台泥,47,23,24,富邦-中壢,2023-05-12,9636
00882,中信中國高股息,23,0,23,富邦-中壢,2023-05-12,9636
4564,元翎,23,0,23,富邦-中壢,2023-05-12,9636
2832,台產,23,0,23,富邦-中壢,2023-05-12,9636
1905,華紙,59,37,22,富邦-中壢,2023-05-12,9636
00712,復華富時不動產,23,2,21,富邦-中壢,2023-05-12,9636
8410,森田,33,12,21,富邦-中壢,2023-05-12,9636
3037,欣興,47,26,21,富邦-中壢,2023-05-12,9636
2542,興富發,33,13,20,富邦-中壢,2023-05-12,9636
1529,樂事綠能,75,55,20,富邦-中壢,2023-05-12,9636
3163,波若威,21,2,19,富邦-中壢,2023-05-12,9636
2022,聚亨,19,0,19,富邦-中壢,2023-05-12,9636
1609,大亞,31,13,18,富邦-中壢,2023-05-12,9636
3058,立德,29,11,18,富邦-中壢,2023-05-12,9636
1789,神隆,20,2,18,富邦-中壢,2023-05-12,9636
00772B,中信高評級公司債,27,10,17,富邦-中壢,2023-05-12,9636
00888,永豐台灣ESG,16,0,16,富邦-中壢,2023-05-12,9636
6244,茂迪,20,4,16,富邦-中壢,2023-05-12,9636
6138,茂達,16,1,15,富邦-中壢,2023-05-12,9636
2630,亞航,24,9,15,富邦-中壢,2023-05-12,9636
1409,新纖,15,0,15,富邦-中壢,2023-05-12,9636
00715L,期街口布蘭特正2,209,0,209,富邦-中壢,2023-05-15,9636
00632R,元大台灣50反1,200,28,172,富邦-中壢,2023-05-15,9636
00878,國泰永續高股息,298,126,172,富邦-中壢,2023-05-15,9636
2888,新光金,257,121,136,富邦-中壢,2023-05-15,9636
2542,興富發,88,12,76,富邦-中壢,2023-05-15,9636
00751B,元大AAA至A公司債,69,1,68,富邦-中壢,2023-05-15,9636
2906,高林,62,0,62,富邦-中壢,2023-05-15,9636
3043,科風,62,1,61,富邦-中壢,2023-05-15,9636
00772B,中信高評級公司債,60,0,60,富邦-中壢,2023-05-15,9636
2736,富野,118,62,56,富邦-中壢,2023-05-15,9636
00753L,中信中國50正2,71,18,53,富邦-中壢,2023-05-15,9636
2442,新美齊,50,0,50,富邦-中壢,2023-05-15,9636
2489,瑞軒,51,3,48,富邦-中壢,2023-05-15,9636
2838,聯邦銀,47,0,47,富邦-中壢,2023-05-15,9636
2610,華航,48,6,42,富邦-中壢,2023-05-15,9636
2331,精英,45,4,41,富邦-中壢,2023-05-15,9636
2812,台中銀,41,2,39,富邦-中壢,2023-05-15,9636
4533,協易機,39,0,39,富邦-中壢,2023-05-15,9636
3231,緯創,96,57,39,富邦-中壢,2023-05-15,9636
2387,精元,37,0,37,富邦-中壢,2023-05-15,9636
8403,盛弘,36,0,36,富邦-中壢,2023-05-15,9636
8358,金居,39,3,36,富邦-中壢,2023-05-15,9636
3024,憶聲,36,0,36,富邦-中壢,2023-05-15,9636
1101,台泥,37,5,32,富邦-中壢,2023-05-15,9636
2834,臺企銀,54,23,31,富邦-中壢,2023-05-15,9636
6126,信音,35,4,31,富邦-中壢,2023-05-15,9636
2115,六暉-KY,32,1,31,富邦-中壢,2023-05-15,9636
2915,潤泰全,29,1,28,富邦-中壢,2023-05-15,9636
2402,毅嘉,50,23,27,富邦-中壢,2023-05-15,9636
00795B,中信美國公債20年,26,0,26,富邦-中壢,2023-05-15,9636
8101,華冠,26,0,26,富邦-中壢,2023-05-15,9636
00637L,元大滬深300正2,33,8,25,富邦-中壢,2023-05-15,9636
6142,友勁,25,0,25,富邦-中壢,2023-05-15,9636
0056,元大高股息,25,1,24,富邦-中壢,2023-05-15,9636
1609,大亞,98,75,23,富邦-中壢,2023-05-15,9636
00679B,元大美債20年,24,2,22,富邦-中壢,2023-05-15,9636
1514,亞力,24,2,22,富邦-中壢,2023-05-15,9636
5284,jpp-KY,82,60,22,富邦-中壢,2023-05-15,9636
3594,磐儀,27,5,22,富邦-中壢,2023-05-15,9636
9945,潤泰新,26,4,22,富邦-中壢,2023-05-15,9636
2886,兆豐金,31,10,21,富邦-中壢,2023-05-15,9636
00890B,凱基ESG BBB債,21,0,21,富邦-中壢,2023-05-15,9636
6282,康舒,30,11,19,富邦-中壢,2023-05-15,9636
5258,虹堡,31,12,19,富邦-中壢,2023-05-15,9636
4123,晟德,29,10,19,富邦-中壢,2023-05-15,9636
2317,鴻海,42,24,18,富邦-中壢,2023-05-15,9636
2356,英業達,19,3,16,富邦-中壢,2023-05-15,9636
00725B,國泰投資級公司債,16,0,16,富邦-中壢,2023-05-15,9636
00712,復華富時不動產,17,2,15,富邦-中壢,2023-05-15,9636
3058,立德,17,2,15,富邦-中壢,2023-05-15,9636
00632R,元大台灣50反1,201,5,196,富邦-中壢,2023-05-16,9636
2834,臺企銀,121,22,99,富邦-中壢,2023-05-16,9636
00751B,元大AAA至A公司債,97,0,97,富邦-中壢,2023-05-16,9636
2427,三商電,117,27,90,富邦-中壢,2023-05-16,9636
2323,中環,97,15,82,富邦-中壢,2023-05-16,9636
00720B,元大投資級公司債,81,0,81,富邦-中壢,2023-05-16,9636
00882,中信中國高股息,85,7,78,富邦-中壢,2023-05-16,9636
1905,華紙,155,81,74,富邦-中壢,2023-05-16,9636
00680L,元大美債20正2,78,5,73,富邦-中壢,2023-05-16,9636
00676R,富邦臺灣加權反1,70,0,70,富邦-中壢,2023-05-16,9636
4155,訊映,63,1,62,富邦-中壢,2023-05-16,9636
6191,精成科,42,1,41,富邦-中壢,2023-05-16,9636
1789,神隆,40,2,38,富邦-中壢,2023-05-16,9636
2888,新光金,82,47,35,富邦-中壢,2023-05-16,9636
00679B,元大美債20年,46,12,34,富邦-中壢,2023-05-16,9636
1314,中石化,31,0,31,富邦-中壢,2023-05-16,9636
00772B,中信高評級公司債,41,10,31,富邦-中壢,2023-05-16,9636
1504,東元,131,100,31,富邦-中壢,2023-05-16,9636
6770,力積電,40,10,30,富邦-中壢,2023-05-16,9636
3504,揚明光,30,0,30,富邦-中壢,2023-05-16,9636
6806,森崴能源,86,57,29,富邦-中壢,2023-05-16,9636
1101,台泥,30,2,28,富邦-中壢,2023-05-16,9636
3013,晟銘電,27,0,27,富邦-中壢,2023-05-16,9636
1218,泰山,27,0,27,富邦-中壢,2023-05-16,9636
1608,華榮,33,9,24,富邦-中壢,2023-05-16,9636
3006,晶豪科,34,10,24,富邦-中壢,2023-05-16,9636
2303,聯電,33,11,22,富邦-中壢,2023-05-16,9636
00890B,凱基ESG BBB債,22,0,22,富邦-中壢,2023-05-16,9636
00712,復華富時不動產,22,0,22,富邦-中壢,2023-05-16,9636
2034,允強,20,0,20,富邦-中壢,2023-05-16,9636
8933,愛地雅,20,0,20,富邦-中壢,2023-05-16,9636
2317,鴻海,43,24,19,富邦-中壢,2023-05-16,9636
00687B,國泰20年美債,19,0,19,富邦-中壢,2023-05-16,9636
5258,虹堡,37,19,18,富邦-中壢,2023-05-16,9636
2022,聚亨,18,0,18,富邦-中壢,2023-05-16,9636
3540,曜越,30,13,17,富邦-中壢,2023-05-16,9636
6288,聯嘉,25,8,17,富邦-中壢,2023-05-16,9636
4967,十銓,20,4,16,富邦-中壢,2023-05-16,9636
2492,華新科,22,6,16,富邦-中壢,2023-05-16,9636
2603,長榮,17,2,15,富邦-中壢,2023-05-16,9636
3289,宜特,14,1,13,富邦-中壢,2023-05-16,9636
6218,豪勉,25,12,13,富邦-中壢,2023-05-16,9636
1104,環泥,12,0,12,富邦-中壢,2023-05-16,9636
4906,正文,12,0,12,富邦-中壢,2023-05-16,9636
8222,寶一,16,4,12,富邦-中壢,2023-05-16,9636
2468,華經,12,0,12,富邦-中壢,2023-05-16,9636
00686R,群益臺灣加權反1,12,0,12,富邦-中壢,2023-05-16,9636
6185,幃翔,12,0,12,富邦-中壢,2023-05-16,9636
6285,啟��,15,4,11,富邦-中壢,2023-05-16,9636
3046,建��,23,12,11,富邦-中壢,2023-05-16,9636
00632R,元大台灣50反1,1425,66,1359,富邦-中壢,2023-05-17,9636
00664R,國泰臺灣加權反1,1200,6,1194,富邦-中壢,2023-05-17,9636
2889,國票金,350,31,319,富邦-中壢,2023-05-17,9636
00676R,富邦臺灣加權反1,167,0,167,富邦-中壢,2023-05-17,9636
3715,定穎投控,126,20,106,富邦-中壢,2023-05-17,9636
2867,三商壽,100,0,100,富邦-中壢,2023-05-17,9636
5009,榮剛,94,2,92,富邦-中壢,2023-05-17,9636
00772B,中信高評級公司債,89,0,89,富邦-中壢,2023-05-17,9636
00680L,元大美債20正2,90,5,85,富邦-中壢,2023-05-17,9636
3058,立德,61,1,60,富邦-中壢,2023-05-17,9636
3231,緯創,132,74,58,富邦-中壢,2023-05-17,9636
2882,國泰金,53,4,49,富邦-中壢,2023-05-17,9636
00679B,元大美債20年,56,11,45,富邦-中壢,2023-05-17,9636
1905,華紙,61,17,44,富邦-中壢,2023-05-17,9636
00720B,元大投資級公司債,44,0,44,富邦-中壢,2023-05-17,9636
5351,鈺創,51,8,43,富邦-中壢,2023-05-17,9636
2634,漢翔,79,37,42,富邦-中壢,2023-05-17,9636
00687B,國泰20年美債,39,0,39,富邦-中壢,2023-05-17,9636
2453,凌群,44,5,39,富邦-中壢,2023-05-17,9636
2630,亞航,53,15,38,富邦-中壢,2023-05-17,9636
00633L,富邦上証正2,37,0,37,富邦-中壢,2023-05-17,9636
3504,揚明光,34,0,34,富邦-中壢,2023-05-17,9636
00686R,群益臺灣加權反1,32,0,32,富邦-中壢,2023-05-17,9636
2903,遠百,32,1,31,富邦-中壢,2023-05-17,9636
2603,長榮,32,2,30,富邦-中壢,2023-05-17,9636
3046,建��,90,62,28,富邦-中壢,2023-05-17,9636
6285,啟��,33,6,27,富邦-中壢,2023-05-17,9636
2723,美食-KY,30,3,27,富邦-中壢,2023-05-17,9636
00878,國泰永續高股息,376,349,27,富邦-中壢,2023-05-17,9636
00891,中信關鍵半導體,27,1,26,富邦-中壢,2023-05-17,9636
2402,毅嘉,81,55,26,富邦-中壢,2023-05-17,9636
1568,倉佑,25,0,25,富邦-中壢,2023-05-17,9636
3694,海華,32,7,25,富邦-中壢,2023-05-17,9636
6234,高僑,96,72,24,富邦-中壢,2023-05-17,9636
00890B,凱基ESG BBB債,23,0,23,富邦-中壢,2023-05-17,9636
2427,三商電,36,13,23,富邦-中壢,2023-05-17,9636
00712,復華富時不動產,21,0,21,富邦-中壢,2023-05-17,9636
00753L,中信中國50正2,24,3,21,富邦-中壢,2023-05-17,9636
00771,元大US高息特別股,20,0,20,富邦-中壢,2023-05-17,9636
9928,中視,21,2,19,富邦-中壢,2023-05-17,9636
4173,久裕,20,1,19,富邦-中壢,2023-05-17,9636
1104,環泥,19,1,18,富邦-中壢,2023-05-17,9636
6550,北極星藥業-KY,26,9,17,富邦-中壢,2023-05-17,9636
6167,久正,20,3,17,富邦-中壢,2023-05-17,9636
00690,兆豐藍籌30,16,0,16,富邦-中壢,2023-05-17,9636
3363,上詮,63,47,16,富邦-中壢,2023-05-17,9636
2495,普安,31,15,16,富邦-中壢,2023-05-17,9636
8926,台汽電,19,3,16,富邦-中壢,2023-05-17,9636
00637L,元大滬深300正2,16,1,15,富邦-中壢,2023-05-17,9636
6138,茂達,15,0,15,富邦-中壢,2023-05-17,9636
00632R,元大台灣50反1,483,152,331,富邦-中壢,2023-05-18,9636
00676R,富邦臺灣加權反1,300,0,300,富邦-中壢,2023-05-18,9636
2834,臺企銀,204,42,162,富邦-中壢,2023-05-18,9636
00680L,元大美債20正2,120,10,110,富邦-中壢,2023-05-18,9636
00664R,國泰臺灣加權反1,103,0,103,富邦-中壢,2023-05-18,9636
2889,國票金,100,5,95,富邦-中壢,2023-05-18,9636
00673R,期元大S＆P原油反1,87,0,87,富邦-中壢,2023-05-18,9636
00687B,國泰20年美債,82,0,82,富邦-中壢,2023-05-18,9636
00686R,群益臺灣加權反1,80,0,80,富邦-中壢,2023-05-18,9636
5328,華容,63,0,63,富邦-中壢,2023-05-18,9636
2493,揚博,60,0,60,富邦-中壢,2023-05-18,9636
2102,泰豐,50,0,50,富邦-中壢,2023-05-18,9636
2906,高林,46,0,46,富邦-中壢,2023-05-18,9636
8046,南電,59,15,44,富邦-中壢,2023-05-18,9636
1711,永光,51,8,43,富邦-中壢,2023-05-18,9636
00751B,元大AAA至A公司債,39,0,39,富邦-中壢,2023-05-18,9636
1905,華紙,49,12,37,富邦-中壢,2023-05-18,9636
00712,復華富時不動產,77,40,37,富邦-中壢,2023-05-18,9636
00674R,期元大S＆P黃金反1,39,2,37,富邦-中壢,2023-05-18,9636
00679B,元大美債20年,76,40,36,富邦-中壢,2023-05-18,9636
00690,兆豐藍籌30,34,0,34,富邦-中壢,2023-05-18,9636
4979,華星光,46,13,33,富邦-中壢,2023-05-18,9636
00773B,中信優先金融債,32,0,32,富邦-中壢,2023-05-18,9636
00720B,元大投資級公司債,34,2,32,富邦-中壢,2023-05-18,9636
3322,建舜電,31,0,31,富邦-中壢,2023-05-18,9636
2402,毅嘉,57,26,31,富邦-中壢,2023-05-18,9636
5284,jpp-KY,33,3,30,富邦-中壢,2023-05-18,9636
00637L,元大滬深300正2,41,11,30,富邦-中壢,2023-05-18,9636
9904,寶成,30,0,30,富邦-中壢,2023-05-18,9636
6167,久正,32,3,29,富邦-中壢,2023-05-18,9636
5315,光聯,28,0,28,富邦-中壢,2023-05-18,9636
3704,合勤控,55,29,26,富邦-中壢,2023-05-18,9636
2832,台產,25,0,25,富邦-中壢,2023-05-18,9636
2014,中鴻,23,0,23,富邦-中壢,2023-05-18,9636
2913,農林,30,8,22,富邦-中壢,2023-05-18,9636
2734,易飛網,31,10,21,富邦-中壢,2023-05-18,9636
00706L,期元大S＆P日圓正2,20,0,20,富邦-中壢,2023-05-18,9636
5464,霖宏,20,0,20,富邦-中壢,2023-05-18,9636
1456,怡華,20,0,20,富邦-中壢,2023-05-18,9636
9933,中鼎,20,0,20,富邦-中壢,2023-05-18,9636
1708,東鹼,20,0,20,富邦-中壢,2023-05-18,9636
6285,啟��,25,7,18,富邦-中壢,2023-05-18,9636
2606,裕民,17,0,17,富邦-中壢,2023-05-18,9636
4712,福格創新,16,0,16,富邦-中壢,2023-05-18,9636
2105,正新,20,5,15,富邦-中壢,2023-05-18,9636
00772B,中信高評級公司債,16,2,14,富邦-中壢,2023-05-18,9636
6191,精成科,17,4,13,富邦-中壢,2023-05-18,9636
00671R,富邦NASDAQ反1,13,0,13,富邦-中壢,2023-05-18,9636
8011,台通,36,23,13,富邦-中壢,2023-05-18,9636
3162,精確,14,1,13,富邦-中壢,2023-05-18,9636
00632R,元大台灣50反1,754,37,717,富邦-中壢,2023-05-19,9636
00679B,元大美債20年,138,25,113,富邦-中壢,2023-05-19,9636
5512,力麒,100,0,100,富邦-中壢,2023-05-19,9636
5009,榮剛,126,33,93,富邦-中壢,2023-05-19,9636
00633L,富邦上証正2,101,32,69,富邦-中壢,2023-05-19,9636
00680L,元大美債20正2,92,30,62,富邦-中壢,2023-05-19,9636
00687B,國泰20年美債,63,1,62,富邦-中壢,2023-05-19,9636
1101,台泥,66,5,61,富邦-中壢,2023-05-19,9636
00637L,元大滬深300正2,70,10,60,富邦-中壢,2023-05-19,9636
1789,神隆,59,1,58,富邦-中壢,2023-05-19,9636
00852L,國泰美國道瓊正2,58,0,58,富邦-中壢,2023-05-19,9636
2317,鴻海,59,3,56,富邦-中壢,2023-05-19,9636
00671R,富邦NASDAQ反1,52,0,52,富邦-中壢,2023-05-19,9636
00885,富邦越南,72,20,52,富邦-中壢,2023-05-19,9636
00751B,元大AAA至A公司債,51,0,51,富邦-中壢,2023-05-19,9636
00720B,元大投資級公司債,70,20,50,富邦-中壢,2023-05-19,9636
2468,華經,49,3,46,富邦-中壢,2023-05-19,9636
3363,上詮,111,68,43,富邦-中壢,2023-05-19,9636
2371,大同,88,48,40,富邦-中壢,2023-05-19,9636
00853B,統一美債10年Aa-,39,0,39,富邦-中壢,2023-05-19,9636
2303,聯電,45,6,39,富邦-中壢,2023-05-19,9636
3078,僑威,62,25,37,富邦-中壢,2023-05-19,9636
00773B,中信優先金融債,34,0,34,富邦-中壢,2023-05-19,9636
6288,聯嘉,38,4,34,富邦-中壢,2023-05-19,9636
2337,旺宏,35,2,33,富邦-中壢,2023-05-19,9636
2736,富野,87,55,32,富邦-中壢,2023-05-19,9636
4114,健喬,32,0,32,富邦-中壢,2023-05-19,9636
8105,凌巨,30,0,30,富邦-中壢,2023-05-19,9636
1104,環泥,30,0,30,富邦-中壢,2023-05-19,9636
3029,零壹,60,32,28,富邦-中壢,2023-05-19,9636
1529,樂事綠能,48,20,28,富邦-中壢,2023-05-19,9636
2438,翔耀,27,0,27,富邦-中壢,2023-05-19,9636
2323,中環,79,53,26,富邦-中壢,2023-05-19,9636
00882,中信中國高股息,32,6,26,富邦-中壢,2023-05-19,9636
3005,神基,29,6,23,富邦-中壢,2023-05-19,9636
1514,亞力,37,14,23,富邦-中壢,2023-05-19,9636
8927,北基,25,2,23,富邦-中壢,2023-05-19,9636
6167,久正,25,3,22,富邦-中壢,2023-05-19,9636
00640L,富邦日本正2,23,1,22,富邦-中壢,2023-05-19,9636
6547,高端疫苗,22,1,21,富邦-中壢,2023-05-19,9636
6266,泰詠,29,8,21,富邦-中壢,2023-05-19,9636
5607,遠雄港,20,0,20,富邦-中壢,2023-05-19,9636
912000,晨訊科-DR,20,0,20,富邦-中壢,2023-05-19,9636
1456,怡華,20,0,20,富邦-中壢,2023-05-19,9636
1584,精剛,22,2,20,富邦-中壢,2023-05-19,9636
3051,力特,20,0,20,富邦-中壢,2023-05-19,9636
2388,威盛,26,7,19,富邦-中壢,2023-05-19,9636
1721,三晃,95,77,18,富邦-中壢,2023-05-19,9636
2603,長榮,19,2,17,富邦-中壢,2023-05-19,9636
3202,樺晟,23,6,17,富邦-中壢,2023-05-19,9636
2303,聯電,290,4,286,富邦-中壢,2023-05-22,9636
00632R,元大台灣50反1,353,139,214,富邦-中壢,2023-05-22,9636
00715L,期街口布蘭特正2,211,18,193,富邦-中壢,2023-05-22,9636
2834,臺企銀,201,15,186,富邦-中壢,2023-05-22,9636
2618,長榮航,467,302,165,富邦-中壢,2023-05-22,9636
1451,年興,96,0,96,富邦-中壢,2023-05-22,9636
3231,緯創,134,46,88,富邦-中壢,2023-05-22,9636
00679B,元大美債20年,88,2,86,富邦-中壢,2023-05-22,9636
2356,英業達,86,8,78,富邦-中壢,2023-05-22,9636
00751B,元大AAA至A公司債,65,0,65,富邦-中壢,2023-05-22,9636
1504,東元,157,95,62,富邦-中壢,2023-05-22,9636
00680L,元大美債20正2,65,5,60,富邦-中壢,2023-05-22,9636
5324,士開,50,0,50,富邦-中壢,2023-05-22,9636
2453,凌群,48,4,44,富邦-中壢,2023-05-22,9636
6188,廣明,51,8,43,富邦-中壢,2023-05-22,9636
1532,勤美,52,10,42,富邦-中壢,2023-05-22,9636
00795B,中信美國公債20年,40,0,40,富邦-中壢,2023-05-22,9636
3706,神達,44,7,37,富邦-中壢,2023-05-22,9636
5905,南仁湖,35,0,35,富邦-中壢,2023-05-22,9636
6233,旺玖,90,57,33,富邦-中壢,2023-05-22,9636
8105,凌巨,31,0,31,富邦-中壢,2023-05-22,9636
4543,萬在,31,0,31,富邦-中壢,2023-05-22,9636
00687B,國泰20年美債,30,0,30,富邦-中壢,2023-05-22,9636
1711,永光,30,0,30,富邦-中壢,2023-05-22,9636
2352,佳世達,31,3,28,富邦-中壢,2023-05-22,9636
00720B,元大投資級公司債,28,0,28,富邦-中壢,2023-05-22,9636
5483,中美晶,31,5,26,富邦-中壢,2023-05-22,9636
5328,華容,30,5,25,富邦-中壢,2023-05-22,9636
2427,三商電,154,130,24,富邦-中壢,2023-05-22,9636
3308,聯德,22,0,22,富邦-中壢,2023-05-22,9636
00853B,統一美債10年Aa-,22,0,22,富邦-中壢,2023-05-22,9636
2610,華航,193,171,22,富邦-中壢,2023-05-22,9636
8933,愛地雅,20,0,20,富邦-中壢,2023-05-22,9636
00683L,期元大美元指正2,20,0,20,富邦-中壢,2023-05-22,9636
1514,亞力,86,67,19,富邦-中壢,2023-05-22,9636
3594,磐儀,19,0,19,富邦-中壢,2023-05-22,9636
6167,久正,39,20,19,富邦-中壢,2023-05-22,9636
8046,南電,22,4,18,富邦-中壢,2023-05-22,9636
5511,德昌,18,0,18,富邦-中壢,2023-05-22,9636
1810,和成,28,11,17,富邦-中壢,2023-05-22,9636
3081,聯亞,19,2,17,富邦-中壢,2023-05-22,9636
2801,彰銀,18,1,17,富邦-中壢,2023-05-22,9636
8064,東捷,20,4,16,富邦-中壢,2023-05-22,9636
6531,愛普*,19,4,15,富邦-中壢,2023-05-22,9636
6234,高僑,86,71,15,富邦-中壢,2023-05-22,9636
9927,泰銘,15,1,14,富邦-中壢,2023-05-22,9636
2913,農林,20,7,13,富邦-中壢,2023-05-22,9636
6142,友勁,13,0,13,富邦-中壢,2023-05-22,9636
6112,邁達特,26,14,12,富邦-中壢,2023-05-22,9636
2031,新光鋼,22,10,12,富邦-中壢,2023-05-22,9636
00632R,元大台灣50反1,377,213,164,富邦-中壢,2023-05-23,9636
00633L,富邦上証正2,112,0,112,富邦-中壢,2023-05-23,9636
9904,寶成,114,6,108,富邦-中壢,2023-05-23,9636
8222,寶一,109,11,98,富邦-中壢,2023-05-23,9636
2105,正新,97,21,76,富邦-中壢,2023-05-23,9636
00673R,期元大S＆P原油反1,72,0,72,富邦-中壢,2023-05-23,9636
4543,萬在,78,7,71,富邦-中壢,2023-05-23,9636
00680L,元大美債20正2,79,10,69,富邦-中壢,2023-05-23,9636
3003,健和興,70,1,69,富邦-中壢,2023-05-23,9636
3704,合勤控,107,39,68,富邦-中壢,2023-05-23,9636
00637L,元大滬深300正2,66,10,56,富邦-中壢,2023-05-23,9636
2317,鴻海,55,3,52,富邦-中壢,2023-05-23,9636
2104,國際中橡,50,0,50,富邦-中壢,2023-05-23,9636
2102,泰豐,50,2,48,富邦-中壢,2023-05-23,9636
2371,大同,67,21,46,富邦-中壢,2023-05-23,9636
1708,東鹼,46,0,46,富邦-中壢,2023-05-23,9636
00679B,元大美債20年,71,30,41,富邦-中壢,2023-05-23,9636
2913,農林,46,6,40,富邦-中壢,2023-05-23,9636
3481,群創,64,25,39,富邦-中壢,2023-05-23,9636
4533,協易機,38,0,38,富邦-中壢,2023-05-23,9636
1513,中興電,172,135,37,富邦-中壢,2023-05-23,9636
6753,龍德造船,42,5,37,富邦-中壢,2023-05-23,9636
1605,華新,42,6,36,富邦-中壢,2023-05-23,9636
2368,金像電,95,62,33,富邦-中壢,2023-05-23,9636
00687B,國泰20年美債,34,2,32,富邦-中壢,2023-05-23,9636
2867,三商壽,32,0,32,富邦-中壢,2023-05-23,9636
1522,堤維西,31,0,31,富邦-中壢,2023-05-23,9636
1618,合機,30,0,30,富邦-中壢,2023-05-23,9636
1101,台泥,31,2,29,富邦-中壢,2023-05-23,9636
1451,年興,28,0,28,富邦-中壢,2023-05-23,9636
6167,久正,44,16,28,富邦-中壢,2023-05-23,9636
2705,六福,35,7,28,富邦-中壢,2023-05-23,9636
2409,友達,86,59,27,富邦-中壢,2023-05-23,9636
4541,晟田,123,98,25,富邦-中壢,2023-05-23,9636
4121,優盛,29,4,25,富邦-中壢,2023-05-23,9636
1514,亞力,39,15,24,富邦-中壢,2023-05-23,9636
2206,三陽工業,48,24,24,富邦-中壢,2023-05-23,9636
5469,瀚宇博,24,0,24,富邦-中壢,2023-05-23,9636
6243,迅杰,26,2,24,富邦-中壢,2023-05-23,9636
00772B,中信高評級公司債,28,4,24,富邦-中壢,2023-05-23,9636
2382,廣達,34,10,24,富邦-中壢,2023-05-23,9636
3454,晶睿,28,5,23,富邦-中壢,2023-05-23,9636
4173,久裕,30,7,23,富邦-中壢,2023-05-23,9636
2882,國泰金,51,29,22,富邦-中壢,2023-05-23,9636
2332,友訊,32,10,22,富邦-中壢,2023-05-23,9636
1718,中纖,22,0,22,富邦-中壢,2023-05-23,9636
2801,彰銀,24,2,22,富邦-中壢,2023-05-23,9636
2884,玉山金,49,28,21,富邦-中壢,2023-05-23,9636
5531,鄉林,36,15,21,富邦-中壢,2023-05-23,9636
2442,新美齊,35,14,21,富邦-中壢,2023-05-23,9636
00637L,元大滬深300正2,101,2,99,富邦-中壢,2023-05-24,9636
00882,中信中國高股息,106,20,86,富邦-中壢,2023-05-24,9636
00687B,國泰20年美債,76,1,75,富邦-中壢,2023-05-24,9636
2888,新光金,76,1,75,富邦-中壢,2023-05-24,9636
00633L,富邦上証正2,74,0,74,富邦-中壢,2023-05-24,9636
00753L,中信中國50正2,89,22,67,富邦-中壢,2023-05-24,9636
00680L,元大美債20正2,73,11,62,富邦-中壢,2023-05-24,9636
2352,佳世達,62,10,52,富邦-中壢,2023-05-24,9636
2867,三商壽,50,2,48,富邦-中壢,2023-05-24,9636
2371,大同,120,76,44,富邦-中壢,2023-05-24,9636
00772B,中信高評級公司債,43,0,43,富邦-中壢,2023-05-24,9636
2303,聯電,49,6,43,富邦-中壢,2023-05-24,9636
2442,新美齊,53,11,42,富邦-中壢,2023-05-24,9636
00679B,元大美債20年,127,87,40,富邦-中壢,2023-05-24,9636
0056,元大高股息,65,26,39,富邦-中壢,2023-05-24,9636
4155,訊映,37,0,37,富邦-中壢,2023-05-24,9636
2323,中環,72,36,36,富邦-中壢,2023-05-24,9636
6558,興能高,35,0,35,富邦-中壢,2023-05-24,9636
3003,健和興,33,0,33,富邦-中壢,2023-05-24,9636
2206,三陽工業,54,24,30,富邦-中壢,2023-05-24,9636
00676R,富邦臺灣加權反1,30,0,30,富邦-中壢,2023-05-24,9636
3221,台嘉碩,30,0,30,富邦-中壢,2023-05-24,9636
3363,上詮,32,3,29,富邦-中壢,2023-05-24,9636
3041,揚智,42,15,27,富邦-中壢,2023-05-24,9636
3701,大眾控,33,7,26,富邦-中壢,2023-05-24,9636
00665L,富邦�琤肭磪囓�2,25,0,25,富邦-中壢,2023-05-24,9636
1101,台泥,26,1,25,富邦-中壢,2023-05-24,9636
00720B,元大投資級公司債,23,0,23,富邦-中壢,2023-05-24,9636
00751B,元大AAA至A公司債,23,0,23,富邦-中壢,2023-05-24,9636
6470,宇智,22,0,22,富邦-中壢,2023-05-24,9636
2734,易飛網,26,4,22,富邦-中壢,2023-05-24,9636
00885,富邦越南,32,10,22,富邦-中壢,2023-05-24,9636
2105,正新,31,10,21,富邦-中壢,2023-05-24,9636
2630,亞航,53,32,21,富邦-中壢,2023-05-24,9636
2886,兆豐金,21,1,20,富邦-中壢,2023-05-24,9636
3373,熱映,20,0,20,富邦-中壢,2023-05-24,9636
6234,高僑,21,2,19,富邦-中壢,2023-05-24,9636
2882,國泰金,41,23,18,富邦-中壢,2023-05-24,9636
1785,光洋科,27,10,17,富邦-中壢,2023-05-24,9636
2454,聯發科,17,1,16,富邦-中壢,2023-05-24,9636
5511,德昌,17,1,16,富邦-中壢,2023-05-24,9636
2349,錸德,16,0,16,富邦-中壢,2023-05-24,9636
5009,榮剛,23,7,16,富邦-中壢,2023-05-24,9636
1513,中興電,139,124,15,富邦-中壢,2023-05-24,9636
3037,欣興,31,16,15,富邦-中壢,2023-05-24,9636
6279,胡連,15,1,14,富邦-中壢,2023-05-24,9636
3043,科風,14,0,14,富邦-中壢,2023-05-24,9636
6278,台表科,14,0,14,富邦-中壢,2023-05-24,9636
2739,寒舍,15,2,13,富邦-中壢,2023-05-24,9636
8222,寶一,54,41,13,富邦-中壢,2023-05-24,9636
9945,潤泰新,210,0,210,富邦-中壢,2023-05-25,9636
2409,友達,217,11,206,富邦-中壢,2023-05-25,9636
00882,中信中國高股息,152,0,152,富邦-中壢,2023-05-25,9636
00665L,富邦�琤肭磪囓�2,113,0,113,富邦-中壢,2023-05-25,9636
1589,永冠-KY,109,0,109,富邦-中壢,2023-05-25,9636
2882,國泰金,114,7,107,富邦-中壢,2023-05-25,9636
3682,亞太電,100,0,100,富邦-中壢,2023-05-25,9636
00753L,中信中國50正2,106,10,96,富邦-中壢,2023-05-25,9636
00637L,元大滬深300正2,93,10,83,富邦-中壢,2023-05-25,9636
00679B,元大美債20年,134,56,78,富邦-中壢,2023-05-25,9636
00712,復華富時不動產,98,27,71,富邦-中壢,2023-05-25,9636
1905,華紙,174,106,68,富邦-中壢,2023-05-25,9636
1605,華新,75,8,67,富邦-中壢,2023-05-25,9636
2867,三商壽,60,0,60,富邦-中壢,2023-05-25,9636
00687B,國泰20年美債,54,0,54,富邦-中壢,2023-05-25,9636
9904,寶成,59,8,51,富邦-中壢,2023-05-25,9636
00632R,元大台灣50反1,152,102,50,富邦-中壢,2023-05-25,9636
2888,新光金,49,0,49,富邦-中壢,2023-05-25,9636
00680L,元大美債20正2,63,15,48,富邦-中壢,2023-05-25,9636
3071,協禧,62,18,44,富邦-中壢,2023-05-25,9636
6179,亞通,49,5,44,富邦-中壢,2023-05-25,9636
2834,臺企銀,43,0,43,富邦-中壢,2023-05-25,9636
2332,友訊,45,2,43,富邦-中壢,2023-05-25,9636
2344,華邦電,65,23,42,富邦-中壢,2023-05-25,9636
2349,錸德,53,15,38,富邦-中壢,2023-05-25,9636
00772B,中信高評級公司債,34,0,34,富邦-中壢,2023-05-25,9636
2881,富邦金,35,3,32,富邦-中壢,2023-05-25,9636
2611,志信,37,6,31,富邦-中壢,2023-05-25,9636
2206,三陽工業,40,9,31,富邦-中壢,2023-05-25,9636
5014,建錩,31,0,31,富邦-中壢,2023-05-25,9636
8940,新天地,38,7,31,富邦-中壢,2023-05-25,9636
1416,廣豐,30,0,30,富邦-中壢,2023-05-25,9636
2702,華園,30,0,30,富邦-中壢,2023-05-25,9636
2838,聯邦銀,30,0,30,富邦-中壢,2023-05-25,9636
2317,鴻海,33,5,28,富邦-中壢,2023-05-25,9636
6285,啟��,31,4,27,富邦-中壢,2023-05-25,9636
2458,義隆,32,6,26,富邦-中壢,2023-05-25,9636
00720B,元大投資級公司債,26,0,26,富邦-中壢,2023-05-25,9636
4155,訊映,25,0,25,富邦-中壢,2023-05-25,9636
3221,台嘉碩,25,0,25,富邦-中壢,2023-05-25,9636
2913,農林,25,0,25,富邦-中壢,2023-05-25,9636
8105,凌巨,26,2,24,富邦-中壢,2023-05-25,9636
3003,健和興,27,3,24,富邦-中壢,2023-05-25,9636
6558,興能高,22,0,22,富邦-中壢,2023-05-25,9636
5608,四維航,25,3,22,富邦-中壢,2023-05-25,9636
3481,群創,40,19,21,富邦-中壢,2023-05-25,9636
2883,凱基金,31,11,20,富邦-中壢,2023-05-25,9636
00725B,國泰投資級公司債,20,0,20,富邦-中壢,2023-05-25,9636
00633L,富邦上証正2,20,0,20,富邦-中壢,2023-05-25,9636
00751B,元大AAA至A公司債,20,0,20,富邦-中壢,2023-05-25,9636
3231,緯創,2423,495,1928,富邦-中壢,2023-05-26,9636
00664R,國泰臺灣加權反1,652,0,652,富邦-中壢,2023-05-26,9636
00715L,期街口布蘭特正2,198,49,149,富邦-中壢,2023-05-26,9636
2323,中環,243,102,141,富邦-中壢,2023-05-26,9636
00712,復華富時不動產,147,12,135,富邦-中壢,2023-05-26,9636
2610,華航,286,163,123,富邦-中壢,2023-05-26,9636
00882,中信中國高股息,111,0,111,富邦-中壢,2023-05-26,9636
3481,群創,118,13,105,富邦-中壢,2023-05-26,9636
00679B,元大美債20年,100,1,99,富邦-中壢,2023-05-26,9636
2882,國泰金,101,3,98,富邦-中壢,2023-05-26,9636
6689,伊雲谷,100,27,73,富邦-中壢,2023-05-26,9636
9945,潤泰新,75,4,71,富邦-中壢,2023-05-26,9636
2888,新光金,87,22,65,富邦-中壢,2023-05-26,9636
6179,亞通,80,15,65,富邦-中壢,2023-05-26,9636
5014,建錩,56,0,56,富邦-中壢,2023-05-26,9636
2892,第一金,64,11,53,富邦-中壢,2023-05-26,9636
1789,神隆,53,0,53,富邦-中壢,2023-05-26,9636
1589,永冠-KY,57,6,51,富邦-中壢,2023-05-26,9636
2906,高林,51,0,51,富邦-中壢,2023-05-26,9636
8021,尖點,50,0,50,富邦-中壢,2023-05-26,9636
4702,中美實,45,0,45,富邦-中壢,2023-05-26,9636
2317,鴻海,45,0,45,富邦-中壢,2023-05-26,9636
2206,三陽工業,89,46,43,富邦-中壢,2023-05-26,9636
5469,瀚宇博,46,3,43,富邦-中壢,2023-05-26,9636
2421,建準,92,51,41,富邦-中壢,2023-05-26,9636
00885,富邦越南,43,3,40,富邦-中壢,2023-05-26,9636
4155,訊映,40,0,40,富邦-中壢,2023-05-26,9636
1605,華新,81,45,36,富邦-中壢,2023-05-26,9636
00632R,元大台灣50反1,471,437,34,富邦-中壢,2023-05-26,9636
6282,康舒,61,27,34,富邦-中壢,2023-05-26,9636
2356,英業達,57,26,31,富邦-中壢,2023-05-26,9636
00772B,中信高評級公司債,44,13,31,富邦-中壢,2023-05-26,9636
00637L,元大滬深300正2,60,31,29,富邦-中壢,2023-05-26,9636
1598,岱宇,30,1,29,富邦-中壢,2023-05-26,9636
6124,業強,31,2,29,富邦-中壢,2023-05-26,9636
6558,興能高,28,0,28,富邦-中壢,2023-05-26,9636
2388,威盛,33,7,26,富邦-中壢,2023-05-26,9636
8033,雷虎,31,7,24,富邦-中壢,2023-05-26,9636
2382,廣達,67,43,24,富邦-中壢,2023-05-26,9636
2409,友達,26,2,24,富邦-中壢,2023-05-26,9636
2887,台新金,27,3,24,富邦-中壢,2023-05-26,9636
00773B,中信優先金融債,23,0,23,富邦-中壢,2023-05-26,9636
2495,普安,35,13,22,富邦-中壢,2023-05-26,9636
00688L,國泰20年美債正2,22,0,22,富邦-中壢,2023-05-26,9636
2349,錸德,30,8,22,富邦-中壢,2023-05-26,9636
8933,愛地雅,21,0,21,富邦-中壢,2023-05-26,9636
4743,合一,21,0,21,富邦-中壢,2023-05-26,9636
2402,毅嘉,26,5,21,富邦-中壢,2023-05-26,9636
1710,東聯,21,0,21,富邦-中壢,2023-05-26,9636
3704,合勤控,24,3,21,富邦-中壢,2023-05-26,9636
3231,緯創,794,265,529,富邦-中壢,2023-05-29,9636
2618,長榮航,459,123,336,富邦-中壢,2023-05-29,9636
00713,元大台灣高息低波,276,37,239,富邦-中壢,2023-05-29,9636
00882,中信中國高股息,159,15,144,富邦-中壢,2023-05-29,9636
2002,中鋼,129,4,125,富邦-中壢,2023-05-29,9636
5498,凱崴,121,20,101,富邦-中壢,2023-05-29,9636
2102,泰豐,100,0,100,富邦-中壢,2023-05-29,9636
0056,元大高股息,144,58,86,富邦-中壢,2023-05-29,9636
2425,承啟,106,32,74,富邦-中壢,2023-05-29,9636
00680L,元大美債20正2,65,0,65,富邦-中壢,2023-05-29,9636
1314,中石化,70,12,58,富邦-中壢,2023-05-29,9636
4114,健喬,62,11,51,富邦-中壢,2023-05-29,9636
2906,高林,37,0,37,富邦-中壢,2023-05-29,9636
2913,農林,35,0,35,富邦-中壢,2023-05-29,9636
1532,勤美,32,0,32,富邦-中壢,2023-05-29,9636
00720B,元大投資級公司債,57,26,31,富邦-中壢,2023-05-29,9636
3010,華立,31,0,31,富邦-中壢,2023-05-29,9636
2324,仁寶,55,25,30,富邦-中壢,2023-05-29,9636
2431,聯昌,35,5,30,富邦-中壢,2023-05-29,9636
6120,達運,34,4,30,富邦-中壢,2023-05-29,9636
2884,玉山金,41,13,28,富邦-中壢,2023-05-29,9636
2887,台新金,29,1,28,富邦-中壢,2023-05-29,9636
2449,京元電子,111,84,27,富邦-中壢,2023-05-29,9636
00902,中信電池及儲能,25,3,22,富邦-中壢,2023-05-29,9636
8021,尖點,22,0,22,富邦-中壢,2023-05-29,9636
00687B,國泰20年美債,22,1,21,富邦-中壢,2023-05-29,9636
00706L,期元大S＆P日圓正2,21,0,21,富邦-中壢,2023-05-29,9636
1441,大東,21,0,21,富邦-中壢,2023-05-29,9636
2489,瑞軒,21,0,21,富邦-中壢,2023-05-29,9636
00773B,中信優先金融債,20,0,20,富邦-中壢,2023-05-29,9636
9924,福興,20,0,20,富邦-中壢,2023-05-29,9636
5483,中美晶,21,1,20,富邦-中壢,2023-05-29,9636
2883,凱基金,22,3,19,富邦-中壢,2023-05-29,9636
1584,精剛,21,2,19,富邦-中壢,2023-05-29,9636
00679B,元大美債20年,48,29,19,富邦-中壢,2023-05-29,9636
4564,元翎,82,64,18,富邦-中壢,2023-05-29,9636
00857B,永豐20年美公債,18,0,18,富邦-中壢,2023-05-29,9636
2736,富野,112,94,18,富邦-中壢,2023-05-29,9636
2542,興富發,17,0,17,富邦-中壢,2023-05-29,9636
2834,臺企銀,17,0,17,富邦-中壢,2023-05-29,9636
3481,群創,116,100,16,富邦-中壢,2023-05-29,9636
9927,泰銘,15,0,15,富邦-中壢,2023-05-29,9636
8937,合騏,15,0,15,富邦-中壢,2023-05-29,9636
1104,環泥,15,0,15,富邦-中壢,2023-05-29,9636
00795B,中信美國公債20年,14,0,14,富邦-中壢,2023-05-29,9636
00637L,元大滬深300正2,14,0,14,富邦-中壢,2023-05-29,9636
8222,寶一,68,54,14,富邦-中壢,2023-05-29,9636
00772B,中信高評級公司債,13,0,13,富邦-中壢,2023-05-29,9636
2412,中華電,12,0,12,富邦-中壢,2023-05-29,9636
8043,蜜望實,12,0,12,富邦-中壢,2023-05-29,9636
2889,國票金,258,7,251,富邦-中壢,2023-05-30,9636
2405,輔信,131,0,131,富邦-中壢,2023-05-30,9636
00878,國泰永續高股息,175,47,128,富邦-中壢,2023-05-30,9636
00715L,期街口布蘭特正2,124,0,124,富邦-中壢,2023-05-30,9636
00637L,元大滬深300正2,156,37,119,富邦-中壢,2023-05-30,9636
00687B,國泰20年美債,108,0,108,富邦-中壢,2023-05-30,9636
2618,長榮航,337,245,92,富邦-中壢,2023-05-30,9636
2356,英業達,221,148,73,富邦-中壢,2023-05-30,9636
3037,欣興,74,10,64,富邦-中壢,2023-05-30,9636
0056,元大高股息,115,53,62,富邦-中壢,2023-05-30,9636
00882,中信中國高股息,61,1,60,富邦-中壢,2023-05-30,9636
00751B,元大AAA至A公司債,57,0,57,富邦-中壢,2023-05-30,9636
2002,中鋼,59,2,57,富邦-中壢,2023-05-30,9636
00753L,中信中國50正2,56,1,55,富邦-中壢,2023-05-30,9636
2888,新光金,52,0,52,富邦-中壢,2023-05-30,9636
6756,威鋒電子,53,4,49,富邦-中壢,2023-05-30,9636
2883,凱基金,59,13,46,富邦-中壢,2023-05-30,9636
1101,台泥,53,10,43,富邦-中壢,2023-05-30,9636
3406,玉晶光,47,5,42,富邦-中壢,2023-05-30,9636
00725B,國泰投資級公司債,41,0,41,富邦-中壢,2023-05-30,9636
00713,元大台灣高息低波,45,6,39,富邦-中壢,2023-05-30,9636
00720B,元大投資級公司債,38,0,38,富邦-中壢,2023-05-30,9636
2382,廣達,163,126,37,富邦-中壢,2023-05-30,9636
2201,裕隆,122,89,33,富邦-中壢,2023-05-30,9636
2834,臺企銀,39,6,33,富邦-中壢,2023-05-30,9636
8367,建新國際,31,0,31,富邦-中壢,2023-05-30,9636
1789,神隆,30,0,30,富邦-中壢,2023-05-30,9636
3284,太普高,30,0,30,富邦-中壢,2023-05-30,9636
2457,飛宏,67,39,28,富邦-中壢,2023-05-30,9636
1618,合機,28,0,28,富邦-中壢,2023-05-30,9636
5386,青雲,30,3,27,富邦-中壢,2023-05-30,9636
6218,豪勉,28,2,26,富邦-中壢,2023-05-30,9636
3704,合勤控,44,19,25,富邦-中壢,2023-05-30,9636
4916,事欣科,25,0,25,富邦-中壢,2023-05-30,9636
8926,台汽電,25,0,25,富邦-中壢,2023-05-30,9636
3624,光頡,26,2,24,富邦-中壢,2023-05-30,9636
4938,和碩,25,2,23,富邦-中壢,2023-05-30,9636
3231,緯創,173,149,24,富邦-中壢,2023-05-30,9636
3645,達邁,28,5,23,富邦-中壢,2023-05-30,9636
6689,伊雲谷,22,0,22,富邦-中壢,2023-05-30,9636
3265,台星科,25,3,22,富邦-中壢,2023-05-30,9636
00902,中信電池及儲能,23,1,22,富邦-中壢,2023-05-30,9636
1532,勤美,22,1,21,富邦-中壢,2023-05-30,9636
3025,星通,50,29,21,富邦-中壢,2023-05-30,9636
00683L,期元大美元指正2,20,0,20,富邦-中壢,2023-05-30,9636
2399,映泰,36,16,20,富邦-中壢,2023-05-30,9636
4155,訊映,20,0,20,富邦-中壢,2023-05-30,9636
6156,松上,20,0,20,富邦-中壢,2023-05-30,9636
3035,智原,22,3,19,富邦-中壢,2023-05-30,9636
3032,偉訓,36,18,18,富邦-中壢,2023-05-30,9636
2610,華航,1692,530,1162,富邦-中壢,2023-05-31,9636
00715L,期街口布蘭特正2,739,45,694,富邦-中壢,2023-05-31,9636
2889,國票金,256,0,256,富邦-中壢,2023-05-31,9636
00902,中信電池及儲能,199,5,194,富邦-中壢,2023-05-31,9636
3682,亞太電,100,0,100,富邦-中壢,2023-05-31,9636
00882,中信中國高股息,97,0,97,富邦-中壢,2023-05-31,9636
3231,緯創,195,117,78,富邦-中壢,2023-05-31,9636
3003,健和興,71,2,69,富邦-中壢,2023-05-31,9636
6124,業強,96,30,66,富邦-中壢,2023-05-31,9636
3363,上詮,70,5,65,富邦-中壢,2023-05-31,9636
00642U,期元大S＆P石油,64,1,63,富邦-中壢,2023-05-31,9636
0056,元大高股息,63,17,46,富邦-中壢,2023-05-31,9636
2002,中鋼,46,1,45,富邦-中壢,2023-05-31,9636
8147,正淩,45,5,40,富邦-中壢,2023-05-31,9636
00878,國泰永續高股息,142,104,38,富邦-中壢,2023-05-31,9636
00753L,中信中國50正2,38,0,38,富邦-中壢,2023-05-31,9636
00713,元大台灣高息低波,54,17,37,富邦-中壢,2023-05-31,9636
2618,長榮航,130,94,36,富邦-中壢,2023-05-31,9636
2887,台新金,36,1,35,富邦-中壢,2023-05-31,9636
4155,訊映,32,0,32,富邦-中壢,2023-05-31,9636
2201,裕隆,91,63,28,富邦-中壢,2023-05-31,9636
2888,新光金,57,30,27,富邦-中壢,2023-05-31,9636
2457,飛宏,141,115,26,富邦-中壢,2023-05-31,9636
2356,英業達,93,70,23,富邦-中壢,2023-05-31,9636
6234,高僑,26,4,22,富邦-中壢,2023-05-31,9636
8933,愛地雅,20,0,20,富邦-中壢,2023-05-31,9636
2884,玉山金,21,2,19,富邦-中壢,2023-05-31,9636
2890,永豐金,21,1,20,富邦-中壢,2023-05-31,9636
2421,建準,39,20,19,富邦-中壢,2023-05-31,9636
2409,友達,25,7,18,富邦-中壢,2023-05-31,9636
5351,鈺創,39,21,18,富邦-中壢,2023-05-31,9636
6114,久威,23,5,18,富邦-中壢,2023-05-31,9636
8040,九暘,18,0,18,富邦-中壢,2023-05-31,9636
00665L,富邦�琤肭磪囓�2,17,0,17,富邦-中壢,2023-05-31,9636
00903,富邦元宇宙,17,0,17,富邦-中壢,2023-05-31,9636
2405,輔信,17,0,17,富邦-中壢,2023-05-31,9636
2301,光寶科,21,4,17,富邦-中壢,2023-05-31,9636
3025,星通,26,10,16,富邦-中壢,2023-05-31,9636
2633,台灣高鐵,16,0,16,富邦-中壢,2023-05-31,9636
4967,十銓,50,34,16,富邦-中壢,2023-05-31,9636
00650L,復華香港正2,15,0,15,富邦-中壢,2023-05-31,9636
3305,昇貿,17,2,15,富邦-中壢,2023-05-31,9636
2349,錸德,22,7,15,富邦-中壢,2023-05-31,9636
2883,凱基金,17,3,14,富邦-中壢,2023-05-31,9636
2493,揚博,15,1,14,富邦-中壢,2023-05-31,9636
3178,公準,14,0,14,富邦-中壢,2023-05-31,9636
6756,威鋒電子,18,4,14,富邦-中壢,2023-05-31,9636
3406,玉晶光,15,2,13,富邦-中壢,2023-05-31,9636
8940,新天地,15,2,13,富邦-中壢,2023-05-31,9636
6821,聯寶,16,3,13,富邦-中壢,2023-05-31,9636
00715L,期街口布蘭特正2,337,7,330,富邦-中壢,2023-06-01,9636
2888,新光金,303,46,257,富邦-中壢,2023-06-01,9636
6770,力積電,251,0,251,富邦-中壢,2023-06-01,9636
3706,神達,391,162,229,富邦-中壢,2023-06-01,9636
2882,國泰金,127,4,123,富邦-中壢,2023-06-01,9636
3704,合勤控,121,1,120,富邦-中壢,2023-06-01,9636
3260,威剛,98,5,93,富邦-中壢,2023-06-01,9636
00919,群益台灣精選高息,88,0,88,富邦-中壢,2023-06-01,9636
2323,中環,177,92,85,富邦-中壢,2023-06-01,9636
2002,中鋼,75,2,73,富邦-中壢,2023-06-01,9636
00882,中信中國高股息,56,1,55,富邦-中壢,2023-06-01,9636
2614,東森,51,0,51,富邦-中壢,2023-06-01,9636
3058,立德,50,0,50,富邦-中壢,2023-06-01,9636
3003,健和興,50,2,48,富邦-中壢,2023-06-01,9636
2371,大同,80,32,48,富邦-中壢,2023-06-01,9636
8926,台汽電,46,1,45,富邦-中壢,2023-06-01,9636
00878,國泰永續高股息,90,46,44,富邦-中壢,2023-06-01,9636
2409,友達,46,2,44,富邦-中壢,2023-06-01,9636
6205,詮欣,43,0,43,富邦-中壢,2023-06-01,9636
2884,玉山金,40,0,40,富邦-中壢,2023-06-01,9636
8088,品安,45,10,35,富邦-中壢,2023-06-01,9636
2405,輔信,36,2,34,富邦-中壢,2023-06-01,9636
2498,宏達電,44,13,31,富邦-中壢,2023-06-01,9636
2892,第一金,31,0,31,富邦-中壢,2023-06-01,9636
00642U,期元大S＆P石油,34,4,30,富邦-中壢,2023-06-01,9636
2889,國票金,30,0,30,富邦-中壢,2023-06-01,9636
2206,三陽工業,66,36,30,富邦-中壢,2023-06-01,9636
2356,英業達,55,26,29,富邦-中壢,2023-06-01,9636
2838,聯邦銀,30,1,29,富邦-中壢,2023-06-01,9636
4207,環泰,28,0,28,富邦-中壢,2023-06-01,9636
1618,合機,56,29,27,富邦-中壢,2023-06-01,9636
2913,農林,53,27,26,富邦-中壢,2023-06-01,9636
3406,玉晶光,25,0,25,富邦-中壢,2023-06-01,9636
5301,寶得利,24,0,24,富邦-中壢,2023-06-01,9636
6180,橘子,46,22,24,富邦-中壢,2023-06-01,9636
2427,三商電,30,6,24,富邦-中壢,2023-06-01,9636
2431,聯昌,21,0,21,富邦-中壢,2023-06-01,9636
2881,富邦金,25,5,20,富邦-中壢,2023-06-01,9636
2458,義隆,20,0,20,富邦-中壢,2023-06-01,9636
5302,太欣,20,0,20,富邦-中壢,2023-06-01,9636
5386,青雲,20,0,20,富邦-中壢,2023-06-01,9636
2609,陽明,36,17,19,富邦-中壢,2023-06-01,9636
3498,陽程,20,1,19,富邦-中壢,2023-06-01,9636
2303,聯電,241,223,18,富邦-中壢,2023-06-01,9636
4564,元翎,73,56,17,富邦-中壢,2023-06-01,9636
2706,第一店,38,22,16,富邦-中壢,2023-06-01,9636
1727,中華化,38,22,16,富邦-中壢,2023-06-01,9636
3013,晟銘電,69,54,15,富邦-中壢,2023-06-01,9636
2330,台積電,23,8,15,富邦-中壢,2023-06-01,9636
2887,台新金,15,0,15,富邦-中壢,2023-06-01,9636
1905,華紙,673,163,510,富邦-中壢,2023-06-02,9636
2618,長榮航,1118,718,400,富邦-中壢,2023-06-02,9636
2834,臺企銀,363,15,348,富邦-中壢,2023-06-02,9636
2889,國票金,277,0,277,富邦-中壢,2023-06-02,9636
2867,三商壽,203,0,203,富邦-中壢,2023-06-02,9636
00878,國泰永續高股息,332,179,153,富邦-中壢,2023-06-02,9636
2892,第一金,133,1,132,富邦-中壢,2023-06-02,9636
00637L,元大滬深300正2,135,6,129,富邦-中壢,2023-06-02,9636
00919,群益台灣精選高息,125,4,121,富邦-中壢,2023-06-02,9636
2890,永豐金,120,7,113,富邦-中壢,2023-06-02,9636
1532,勤美,93,0,93,富邦-中壢,2023-06-02,9636
2610,華航,287,210,77,富邦-中壢,2023-06-02,9636
00713,元大台灣高息低波,75,9,66,富邦-中壢,2023-06-02,9636
2367,燿華,65,5,60,富邦-中壢,2023-06-02,9636
1802,台玻,60,0,60,富邦-中壢,2023-06-02,9636
00671R,富邦NASDAQ反1,56,0,56,富邦-中壢,2023-06-02,9636
00882,中信中國高股息,53,0,53,富邦-中壢,2023-06-02,9636
8088,品安,52,0,52,富邦-中壢,2023-06-02,9636
3305,昇貿,67,17,50,富邦-中壢,2023-06-02,9636
4979,華星光,118,71,47,富邦-中壢,2023-06-02,9636
2881,富邦金,44,0,44,富邦-中壢,2023-06-02,9636
2493,揚博,46,3,43,富邦-中壢,2023-06-02,9636
5328,華容,71,30,41,富邦-中壢,2023-06-02,9636
3432,台端,40,0,40,富邦-中壢,2023-06-02,9636
00679B,元大美債20年,39,0,39,富邦-中壢,2023-06-02,9636
00683L,期元大美元指正2,39,1,38,富邦-中壢,2023-06-02,9636
00773B,中信優先金融債,40,3,37,富邦-中壢,2023-06-02,9636
9904,寶成,37,0,37,富邦-中壢,2023-06-02,9636
6161,捷波,37,1,36,富邦-中壢,2023-06-02,9636
4564,元翎,49,13,36,富邦-中壢,2023-06-02,9636
3047,訊舟,53,20,33,富邦-中壢,2023-06-02,9636
2489,瑞軒,69,36,33,富邦-中壢,2023-06-02,9636
2329,華泰,38,8,30,富邦-中壢,2023-06-02,9636
2317,鴻海,57,27,30,富邦-中壢,2023-06-02,9636
2458,義隆,30,1,29,富邦-中壢,2023-06-02,9636
3707,漢磊,29,1,28,富邦-中壢,2023-06-02,9636
2427,三商電,47,20,27,富邦-中壢,2023-06-02,9636
2328,廣宇,38,13,25,富邦-中壢,2023-06-02,9636
5302,太欣,25,0,25,富邦-中壢,2023-06-02,9636
00900,富邦特選高股息30,105,80,25,富邦-中壢,2023-06-02,9636
6233,旺玖,25,0,25,富邦-中壢,2023-06-02,9636
3094,聯傑,24,1,23,富邦-中壢,2023-06-02,9636
5258,虹堡,36,13,23,富邦-中壢,2023-06-02,9636
1513,中興電,119,97,22,富邦-中壢,2023-06-02,9636
2371,大同,50,28,22,富邦-中壢,2023-06-02,9636
00751B,元大AAA至A公司債,22,0,22,富邦-中壢,2023-06-02,9636
2302,麗正,24,2,22,富邦-中壢,2023-06-02,9636
2323,中環,154,132,22,富邦-中壢,2023-06-02,9636
3037,欣興,33,12,21,富邦-中壢,2023-06-02,9636
2337,旺宏,23,3,20,富邦-中壢,2023-06-02,9636
2834,臺企銀,606,4,602,富邦-中壢,2023-06-05,9636
2890,永豐金,306,44,262,富邦-中壢,2023-06-05,9636
00885,富邦越南,196,6,190,富邦-中壢,2023-06-05,9636
2812,台中銀,200,10,190,富邦-中壢,2023-06-05,9636
2537,聯上發,134,5,129,富邦-中壢,2023-06-05,9636
1460,宏遠,116,1,115,富邦-中壢,2023-06-05,9636
1532,勤美,101,2,99,富邦-中壢,2023-06-05,9636
1409,新纖,101,2,99,富邦-中壢,2023-06-05,9636
00679B,元大美債20年,99,0,99,富邦-中壢,2023-06-05,9636
1504,東元,137,45,92,富邦-中壢,2023-06-05,9636
00712,復華富時不動產,102,14,88,富邦-中壢,2023-06-05,9636
00893,國泰智能電動車,103,19,84,富邦-中壢,2023-06-05,9636
1513,中興電,168,90,78,富邦-中壢,2023-06-05,9636
2618,長榮航,215,139,76,富邦-中壢,2023-06-05,9636
00919,群益台灣精選高息,86,20,66,富邦-中壢,2023-06-05,9636
00673R,期元大S＆P原油反1,60,0,60,富邦-中壢,2023-06-05,9636
00650L,復華香港正2,60,0,60,富邦-中壢,2023-06-05,9636
1529,樂事綠能,83,27,56,富邦-中壢,2023-06-05,9636
1514,亞力,176,122,54,富邦-中壢,2023-06-05,9636
2206,三陽工業,94,43,51,富邦-中壢,2023-06-05,9636
2038,海光,51,0,51,富邦-中壢,2023-06-05,9636
2353,宏��,96,48,48,富邦-中壢,2023-06-05,9636
3231,緯創,251,209,42,富邦-中壢,2023-06-05,9636
2317,鴻海,53,11,42,富邦-中壢,2023-06-05,9636
2340,台亞,50,11,39,富邦-中壢,2023-06-05,9636
4938,和碩,47,12,35,富邦-中壢,2023-06-05,9636
3454,晶睿,34,0,34,富邦-中壢,2023-06-05,9636
1612,宏泰,65,33,32,富邦-中壢,2023-06-05,9636
3432,台端,30,0,30,富邦-中壢,2023-06-05,9636
00680L,元大美債20正2,39,10,29,富邦-中壢,2023-06-05,9636
00882,中信中國高股息,64,35,29,富邦-中壢,2023-06-05,9636
00696B,富邦美債20年,28,0,28,富邦-中壢,2023-06-05,9636
1608,華榮,93,65,28,富邦-中壢,2023-06-05,9636
8222,寶一,69,42,27,富邦-中壢,2023-06-05,9636
5301,寶得利,27,0,27,富邦-中壢,2023-06-05,9636
4566,時碩工業,27,0,27,富邦-中壢,2023-06-05,9636
2614,東森,23,0,23,富邦-中壢,2023-06-05,9636
00720B,元大投資級公司債,23,1,22,富邦-中壢,2023-06-05,9636
1734,杏輝,25,4,21,富邦-中壢,2023-06-05,9636
6214,精誠,36,16,20,富邦-中壢,2023-06-05,9636
3580,友威科,20,0,20,富邦-中壢,2023-06-05,9636
911608,明輝-DR,20,0,20,富邦-中壢,2023-06-05,9636
2367,燿華,20,0,20,富邦-中壢,2023-06-05,9636
00633L,富邦上証正2,120,101,19,富邦-中壢,2023-06-05,9636
5511,德昌,19,0,19,富邦-中壢,2023-06-05,9636
1515,力山,23,4,19,富邦-中壢,2023-06-05,9636
2007,燁興,20,2,18,富邦-中壢,2023-06-05,9636
8112,至上,25,7,18,富邦-中壢,2023-06-05,9636
3624,光頡,18,0,18,富邦-中壢,2023-06-05,9636
3312,弘憶股,20,3,17,富邦-中壢,2023-06-05,9636
2834,臺企銀,732,9,723,富邦-中壢,2023-06-06,9636
4533,協易機,210,8,202,富邦-中壢,2023-06-06,9636
00878,國泰永續高股息,212,72,140,富邦-中壢,2023-06-06,9636
2427,三商電,238,105,133,富邦-中壢,2023-06-06,9636
00632R,元大台灣50反1,153,31,122,富邦-中壢,2023-06-06,9636
1532,勤美,120,0,120,富邦-中壢,2023-06-06,9636
00679B,元大美債20年,115,10,105,富邦-中壢,2023-06-06,9636
1711,永光,96,1,95,富邦-中壢,2023-06-06,9636
1734,杏輝,92,0,92,富邦-中壢,2023-06-06,9636
00673R,期元大S＆P原油反1,96,7,89,富邦-中壢,2023-06-06,9636
2402,毅嘉,118,30,88,富邦-中壢,2023-06-06,9636
1609,大亞,308,221,87,富邦-中壢,2023-06-06,9636
3363,上詮,101,19,82,富邦-中壢,2023-06-06,9636
2537,聯上發,81,0,81,富邦-中壢,2023-06-06,9636
5512,力麒,76,3,73,富邦-中壢,2023-06-06,9636
5876,上海商銀,68,1,67,富邦-中壢,2023-06-06,9636
3025,星通,79,13,66,富邦-中壢,2023-06-06,9636
00712,復華富時不動產,66,2,64,富邦-中壢,2023-06-06,9636
6215,和椿,70,10,60,富邦-中壢,2023-06-06,9636
2371,大同,80,20,60,富邦-中壢,2023-06-06,9636
3003,健和興,60,1,59,富邦-中壢,2023-06-06,9636
00692,富邦公司治理,65,6,59,富邦-中壢,2023-06-06,9636
6125,廣運,109,51,58,富邦-中壢,2023-06-06,9636
8069,元太,63,5,58,富邦-中壢,2023-06-06,9636
2323,中環,83,29,54,富邦-中壢,2023-06-06,9636
8011,台通,52,0,52,富邦-中壢,2023-06-06,9636
00927,群益半導體收益,51,0,51,富邦-中壢,2023-06-06,9636
4123,晟德,47,3,44,富邦-中壢,2023-06-06,9636
00713,元大台灣高息低波,59,15,44,富邦-中壢,2023-06-06,9636
2888,新光金,100,62,38,富邦-中壢,2023-06-06,9636
6233,旺玖,39,4,35,富邦-中壢,2023-06-06,9636
2413,環科,35,0,35,富邦-中壢,2023-06-06,9636
3231,緯創,175,142,33,富邦-中壢,2023-06-06,9636
2399,映泰,59,26,33,富邦-中壢,2023-06-06,9636
8076,伍豐,46,15,31,富邦-中壢,2023-06-06,9636
00919,群益台灣精選高息,44,14,30,富邦-中壢,2023-06-06,9636
6015,宏遠證,30,1,29,富邦-中壢,2023-06-06,9636
00720B,元大投資級公司債,29,1,28,富邦-中壢,2023-06-06,9636
2014,中鴻,29,2,27,富邦-中壢,2023-06-06,9636
2609,陽明,33,6,27,富邦-中壢,2023-06-06,9636
2471,資通,31,4,27,富邦-中壢,2023-06-06,9636
1722,台肥,26,1,25,富邦-中壢,2023-06-06,9636
2530,華建,26,1,25,富邦-中壢,2023-06-06,9636
4931,新盛力,68,44,24,富邦-中壢,2023-06-06,9636
6290,良維,25,1,24,富邦-中壢,2023-06-06,9636
3046,建��,23,1,22,富邦-中壢,2023-06-06,9636
2301,光寶科,60,38,22,富邦-中壢,2023-06-06,9636
2303,聯電,30,8,22,富邦-中壢,2023-06-06,9636
8234,新漢,28,6,22,富邦-中壢,2023-06-06,9636
00752,中信中國50,21,0,21,富邦-中壢,2023-06-06,9636
00632R,元大台灣50反1,612,54,558,富邦-中壢,2023-06-07,9636
1815,富喬,150,10,140,富邦-中壢,2023-06-07,9636
00916,國泰全球品牌50,122,0,122,富邦-中壢,2023-06-07,9636
00926,凱基全球菁英55,121,0,121,富邦-中壢,2023-06-07,9636
2323,中環,228,109,119,富邦-中壢,2023-06-07,9636
3481,群創,203,85,118,富邦-中壢,2023-06-07,9636
00633L,富邦上証正2,115,1,114,富邦-中壢,2023-06-07,9636
6116,彩晶,121,12,109,富邦-中壢,2023-06-07,9636
00676R,富邦臺灣加權反1,126,45,81,富邦-中壢,2023-06-07,9636
2482,連宇,89,11,78,富邦-中壢,2023-06-07,9636
3003,健和興,73,5,68,富邦-中壢,2023-06-07,9636
1514,亞力,70,9,61,富邦-中壢,2023-06-07,9636
2402,毅嘉,71,17,54,富邦-中壢,2023-06-07,9636
3252,海灣,54,5,49,富邦-中壢,2023-06-07,9636
4906,正文,59,11,48,富邦-中壢,2023-06-07,9636
1905,華紙,110,63,47,富邦-中壢,2023-06-07,9636
6733,博晟生醫,50,3,47,富邦-中壢,2023-06-07,9636
6282,康舒,154,113,41,富邦-中壢,2023-06-07,9636
8916,光隆,40,0,40,富邦-中壢,2023-06-07,9636
00919,群益台灣精選高息,45,6,39,富邦-中壢,2023-06-07,9636
00882,中信中國高股息,50,11,39,富邦-中壢,2023-06-07,9636
00679B,元大美債20年,39,1,38,富邦-中壢,2023-06-07,9636
6125,廣運,102,64,38,富邦-中壢,2023-06-07,9636
5009,榮剛,50,13,37,富邦-中壢,2023-06-07,9636
2409,友達,38,2,36,富邦-中壢,2023-06-07,9636
3094,聯傑,36,0,36,富邦-中壢,2023-06-07,9636
9904,寶成,36,0,36,富邦-中壢,2023-06-07,9636
5301,寶得利,38,3,35,富邦-中壢,2023-06-07,9636
8261,富鼎,34,1,33,富邦-中壢,2023-06-07,9636
00637L,元大滬深300正2,48,15,33,富邦-中壢,2023-06-07,9636
3047,訊舟,47,16,31,富邦-中壢,2023-06-07,9636
3011,今皓,31,0,31,富邦-中壢,2023-06-07,9636
2701,萬企,34,4,30,富邦-中壢,2023-06-07,9636
2515,中工,43,13,30,富邦-中壢,2023-06-07,9636
6188,廣明,44,15,29,富邦-中壢,2023-06-07,9636
2603,長榮,28,0,28,富邦-中壢,2023-06-07,9636
00692,富邦公司治理,41,14,27,富邦-中壢,2023-06-07,9636
2543,皇昌,26,0,26,富邦-中壢,2023-06-07,9636
2537,聯上發,25,0,25,富邦-中壢,2023-06-07,9636
00712,復華富時不動產,36,12,24,富邦-中壢,2023-06-07,9636
00715L,期街口布蘭特正2,51,29,22,富邦-中壢,2023-06-07,9636
2399,映泰,32,11,21,富邦-中壢,2023-06-07,9636
8403,盛弘,22,1,21,富邦-中壢,2023-06-07,9636
2208,台船,20,0,20,富邦-中壢,2023-06-07,9636
00927,群益半導體收益,20,0,20,富邦-中壢,2023-06-07,9636
3312,弘憶股,20,0,20,富邦-中壢,2023-06-07,9636
2317,鴻海,27,8,19,富邦-中壢,2023-06-07,9636
1529,樂事綠能,34,16,18,富邦-中壢,2023-06-07,9636
3027,盛達,35,18,17,富邦-中壢,2023-06-07,9636
2347,聯強,21,5,16,富邦-中壢,2023-06-07,9636
00919,群益台灣精選高息,864,13,851,富邦-中壢,2023-06-08,9636
00679B,元大美債20年,160,0,160,富邦-中壢,2023-06-08,9636
00687B,國泰20年美債,157,1,156,富邦-中壢,2023-06-08,9636
2359,所羅門,170,18,152,富邦-中壢,2023-06-08,9636
2344,華邦電,184,32,152,富邦-中壢,2023-06-08,9636
1609,大亞,458,309,149,富邦-中壢,2023-06-08,9636
2206,三陽工業,149,50,99,富邦-中壢,2023-06-08,9636
00712,復華富時不動產,102,20,82,富邦-中壢,2023-06-08,9636
00680L,元大美債20正2,77,0,77,富邦-中壢,2023-06-08,9636
00720B,元大投資級公司債,67,0,67,富邦-中壢,2023-06-08,9636
6116,彩晶,59,3,56,富邦-中壢,2023-06-08,9636
3037,欣興,81,29,52,富邦-中壢,2023-06-08,9636
00751B,元大AAA至A公司債,49,0,49,富邦-中壢,2023-06-08,9636
6689,伊雲谷,51,3,48,富邦-中壢,2023-06-08,9636
00772B,中信高評級公司債,48,1,47,富邦-中壢,2023-06-08,9636
4958,臻鼎-KY,46,0,46,富邦-中壢,2023-06-08,9636
8940,新天地,65,20,45,富邦-中壢,2023-06-08,9636
00673R,期元大S＆P原油反1,42,0,42,富邦-中壢,2023-06-08,9636
1605,華新,165,123,42,富邦-中壢,2023-06-08,9636
2881,富邦金,41,0,41,富邦-中壢,2023-06-08,9636
2323,中環,70,30,40,富邦-中壢,2023-06-08,9636
5301,寶得利,38,1,37,富邦-中壢,2023-06-08,9636
4960,誠美材,37,0,37,富邦-中壢,2023-06-08,9636
2609,陽明,72,37,35,富邦-中壢,2023-06-08,9636
4114,健喬,36,1,35,富邦-中壢,2023-06-08,9636
2030,彰源,40,6,34,富邦-中壢,2023-06-08,9636
1815,富喬,51,20,31,富邦-中壢,2023-06-08,9636
6282,康舒,123,93,30,富邦-中壢,2023-06-08,9636
6187,萬潤,40,11,29,富邦-中壢,2023-06-08,9636
4533,協易機,28,0,28,富邦-中壢,2023-06-08,9636
5426,振發,28,0,28,富邦-中壢,2023-06-08,9636
1612,宏泰,70,43,27,富邦-中壢,2023-06-08,9636
2201,裕隆,31,5,26,富邦-中壢,2023-06-08,9636
2427,三商電,38,12,26,富邦-中壢,2023-06-08,9636
3374,精材,67,41,26,富邦-中壢,2023-06-08,9636
00692,富邦公司治理,30,5,25,富邦-中壢,2023-06-08,9636
2329,華泰,33,8,25,富邦-中壢,2023-06-08,9636
2352,佳世達,37,12,25,富邦-中壢,2023-06-08,9636
1524,耿鼎,28,5,23,富邦-中壢,2023-06-08,9636
2382,廣達,47,24,23,富邦-中壢,2023-06-08,9636
00773B,中信優先金融債,22,0,22,富邦-中壢,2023-06-08,9636
3664,安瑞-KY,22,0,22,富邦-中壢,2023-06-08,9636
6167,久正,26,4,22,富邦-中壢,2023-06-08,9636
2371,大同,97,75,22,富邦-中壢,2023-06-08,9636
5511,德昌,23,1,22,富邦-中壢,2023-06-08,9636
1608,華榮,28,7,21,富邦-中壢,2023-06-08,9636
2457,飛宏,41,20,21,富邦-中壢,2023-06-08,9636
1460,宏遠,21,0,21,富邦-中壢,2023-06-08,9636
1504,東元,39,18,21,富邦-中壢,2023-06-08,9636
5284,jpp-KY,32,13,19,富邦-中壢,2023-06-08,9636
2834,臺企銀,726,33,693,富邦-中壢,2023-06-09,9636
2890,永豐金,314,27,287,富邦-中壢,2023-06-09,9636
2888,新光金,389,117,272,富邦-中壢,2023-06-09,9636
00919,群益台灣精選高息,267,8,259,富邦-中壢,2023-06-09,9636
00632R,元大台灣50反1,339,89,250,富邦-中壢,2023-06-09,9636
1532,勤美,208,2,206,富邦-中壢,2023-06-09,9636
1310,台苯,172,1,171,富邦-中壢,2023-06-09,9636
00715L,期街口布蘭特正2,159,32,127,富邦-中壢,2023-06-09,9636
3025,星通,126,17,109,富邦-中壢,2023-06-09,9636
2882,國泰金,95,2,93,富邦-中壢,2023-06-09,9636
2352,佳世達,112,33,79,富邦-中壢,2023-06-09,9636
6148,驊宏資,76,5,71,富邦-中壢,2023-06-09,9636
5426,振發,72,2,70,富邦-中壢,2023-06-09,9636
1504,東元,103,42,61,富邦-中壢,2023-06-09,9636
6116,彩晶,100,41,59,富邦-中壢,2023-06-09,9636
00885,富邦越南,82,35,47,富邦-中壢,2023-06-09,9636
4155,訊映,47,0,47,富邦-中壢,2023-06-09,9636
4958,臻鼎-KY,46,0,46,富邦-中壢,2023-06-09,9636
6187,萬潤,46,1,45,富邦-中壢,2023-06-09,9636
0056,元大高股息,86,44,42,富邦-中壢,2023-06-09,9636
6266,泰詠,49,8,41,富邦-中壢,2023-06-09,9636
9110,越南控-DR,49,9,40,富邦-中壢,2023-06-09,9636
2630,亞航,77,37,40,富邦-中壢,2023-06-09,9636
00751B,元大AAA至A公司債,37,2,35,富邦-中壢,2023-06-09,9636
2329,華泰,66,32,34,富邦-中壢,2023-06-09,9636
1524,耿鼎,51,17,34,富邦-中壢,2023-06-09,9636
6243,迅杰,39,11,28,富邦-中壢,2023-06-09,9636
2401,凌陽,26,0,26,富邦-中壢,2023-06-09,9636
4930,燦星網,26,0,26,富邦-中壢,2023-06-09,9636
2482,連宇,73,47,26,富邦-中壢,2023-06-09,9636
3265,台星科,31,6,25,富邦-中壢,2023-06-09,9636
2537,聯上發,30,5,25,富邦-中壢,2023-06-09,9636
3673,TPK-KY,25,2,23,富邦-中壢,2023-06-09,9636
3481,群創,42,20,22,富邦-中壢,2023-06-09,9636
00852L,國泰美國道瓊正2,22,0,22,富邦-中壢,2023-06-09,9636
3479,安勤,21,0,21,富邦-中壢,2023-06-09,9636
9904,寶成,21,0,21,富邦-中壢,2023-06-09,9636
6163,華電網,25,4,21,富邦-中壢,2023-06-09,9636
5511,德昌,20,0,20,富邦-中壢,2023-06-09,9636
911608,明輝-DR,20,0,20,富邦-中壢,2023-06-09,9636
00642U,期元大S＆P石油,20,0,20,富邦-中壢,2023-06-09,9636
1608,華榮,21,2,19,富邦-中壢,2023-06-09,9636
5469,瀚宇博,65,46,19,富邦-中壢,2023-06-09,9636
6244,茂迪,19,0,19,富邦-中壢,2023-06-09,9636
6188,廣明,34,16,18,富邦-中壢,2023-06-09,9636
2359,所羅門,20,2,18,富邦-中壢,2023-06-09,9636
1612,宏泰,25,7,18,富邦-中壢,2023-06-09,9636
2409,友達,25,7,18,富邦-中壢,2023-06-09,9636
6789,采鈺,38,21,17,富邦-中壢,2023-06-09,9636
1605,華新,25,8,17,富邦-中壢,2023-06-09,9636
2618,長榮航,907,307,600,富邦-中壢,2023-06-12,9636
00715L,期街口布蘭特正2,318,38,280,富邦-中壢,2023-06-12,9636
00929,復華台灣科技優息,324,60,264,富邦-中壢,2023-06-12,9636
2206,三陽工業,286,34,252,富邦-中壢,2023-06-12,9636
00632R,元大台灣50反1,210,54,156,富邦-中壢,2023-06-12,9636
00919,群益台灣精選高息,153,0,153,富邦-中壢,2023-06-12,9636
3231,緯創,269,134,135,富邦-中壢,2023-06-12,9636
2888,新光金,347,251,96,富邦-中壢,2023-06-12,9636
00712,復華富時不動產,80,0,80,富邦-中壢,2023-06-12,9636
9945,潤泰新,80,4,76,富邦-中壢,2023-06-12,9636
6664,群翊,67,0,67,富邦-中壢,2023-06-12,9636
5469,瀚宇博,64,1,63,富邦-中壢,2023-06-12,9636
5426,振發,60,0,60,富邦-中壢,2023-06-12,9636
1314,中石化,52,0,52,富邦-中壢,2023-06-12,9636
5701,劍湖山,50,0,50,富邦-中壢,2023-06-12,9636
1312,國喬,50,0,50,富邦-中壢,2023-06-12,9636
1605,華新,79,30,49,富邦-中壢,2023-06-12,9636
2352,佳世達,64,16,48,富邦-中壢,2023-06-12,9636
1409,新纖,50,2,48,富邦-中壢,2023-06-12,9636
00642U,期元大S＆P石油,46,0,46,富邦-中壢,2023-06-12,9636
2038,海光,46,0,46,富邦-中壢,2023-06-12,9636
5511,德昌,44,1,43,富邦-中壢,2023-06-12,9636
6139,亞翔,43,0,43,富邦-中壢,2023-06-12,9636
00713,元大台灣高息低波,44,1,43,富邦-中壢,2023-06-12,9636
2882,國泰金,51,9,42,富邦-中壢,2023-06-12,9636
3024,憶聲,45,5,40,富邦-中壢,2023-06-12,9636
3481,群創,190,151,39,富邦-中壢,2023-06-12,9636
3162,精確,42,5,37,富邦-中壢,2023-06-12,9636
5465,富驊,56,20,36,富邦-中壢,2023-06-12,9636
3664,安瑞-KY,35,0,35,富邦-中壢,2023-06-12,9636
1905,華紙,56,22,34,富邦-中壢,2023-06-12,9636
2388,威盛,40,9,31,富邦-中壢,2023-06-12,9636
1451,年興,31,0,31,富邦-中壢,2023-06-12,9636
2399,映泰,63,33,30,富邦-中壢,2023-06-12,9636
00878,國泰永續高股息,129,99,30,富邦-中壢,2023-06-12,9636
00679B,元大美債20年,35,6,29,富邦-中壢,2023-06-12,9636
1442,名軒,27,0,27,富邦-中壢,2023-06-12,9636
2328,廣宇,44,19,25,富邦-中壢,2023-06-12,9636
2633,台灣高鐵,26,2,24,富邦-中壢,2023-06-12,9636
00885,富邦越南,32,8,24,富邦-中壢,2023-06-12,9636
5439,高技,28,5,23,富邦-中壢,2023-06-12,9636
2368,金像電,36,14,22,富邦-中壢,2023-06-12,9636
4930,燦星網,26,4,22,富邦-中壢,2023-06-12,9636
5301,寶得利,22,0,22,富邦-中壢,2023-06-12,9636
8049,晶采,22,0,22,富邦-中壢,2023-06-12,9636
6244,茂迪,22,0,22,富邦-中壢,2023-06-12,9636
2376,技嘉,76,54,22,富邦-中壢,2023-06-12,9636
6188,廣明,22,1,21,富邦-中壢,2023-06-12,9636
4958,臻鼎-KY,21,0,21,富邦-中壢,2023-06-12,9636
3540,曜越,20,0,20,富邦-中壢,2023-06-12,9636
00715L,期街口布蘭特正2,1081,0,1081,富邦-中壢,2023-06-13,9636
00664R,國泰臺灣加權反1,1033,32,1001,富邦-中壢,2023-06-13,9636
00919,群益台灣精選高息,250,4,246,富邦-中壢,2023-06-13,9636
2107,厚生,226,0,226,富邦-中壢,2023-06-13,9636
5426,振發,215,53,162,富邦-中壢,2023-06-13,9636
00632R,元大台灣50反1,651,525,126,富邦-中壢,2023-06-13,9636
00712,復華富時不動產,134,25,109,富邦-中壢,2023-06-13,9636
5014,建錩,102,0,102,富邦-中壢,2023-06-13,9636
00885,富邦越南,124,32,92,富邦-中壢,2023-06-13,9636
1451,年興,89,0,89,富邦-中壢,2023-06-13,9636
00665L,富邦�琤肭磪囓�2,105,26,79,富邦-中壢,2023-06-13,9636
2892,第一金,90,16,74,富邦-中壢,2023-06-13,9636
2883,凱基金,72,1,71,富邦-中壢,2023-06-13,9636
6753,龍德造船,73,4,69,富邦-中壢,2023-06-13,9636
00642U,期元大S＆P石油,84,16,68,富邦-中壢,2023-06-13,9636
2482,連宇,72,13,59,富邦-中壢,2023-06-13,9636
1104,環泥,60,4,56,富邦-中壢,2023-06-13,9636
00720B,元大投資級公司債,58,2,56,富邦-中壢,2023-06-13,9636
1806,冠軍,71,19,52,富邦-中壢,2023-06-13,9636
2352,佳世達,69,17,52,富邦-中壢,2023-06-13,9636
2882,國泰金,89,40,49,富邦-中壢,2023-06-13,9636
1524,耿鼎,57,12,45,富邦-中壢,2023-06-13,9636
1568,倉佑,42,0,42,富邦-中壢,2023-06-13,9636
2323,中環,50,9,41,富邦-中壢,2023-06-13,9636
2356,英業達,166,128,38,富邦-中壢,2023-06-13,9636
1522,堤維西,64,27,37,富邦-中壢,2023-06-13,9636
1529,樂事綠能,54,19,35,富邦-中壢,2023-06-13,9636
5511,德昌,34,0,34,富邦-中壢,2023-06-13,9636
2515,中工,37,4,33,富邦-中壢,2023-06-13,9636
2030,彰源,31,0,31,富邦-中壢,2023-06-13,9636
00787B,元大10年IG醫療債,30,0,30,富邦-中壢,2023-06-13,9636
2489,瑞軒,31,3,28,富邦-中壢,2023-06-13,9636
6139,亞翔,45,18,27,富邦-中壢,2023-06-13,9636
2727,王品,29,3,26,富邦-中壢,2023-06-13,9636
6245,立端,32,7,25,富邦-中壢,2023-06-13,9636
3078,僑威,84,59,25,富邦-中壢,2023-06-13,9636
3664,安瑞-KY,26,1,25,富邦-中壢,2023-06-13,9636
2504,國產,25,0,25,富邦-中壢,2023-06-13,9636
00882,中信中國高股息,41,16,25,富邦-中壢,2023-06-13,9636
00679B,元大美債20年,30,7,23,富邦-中壢,2023-06-13,9636
4114,健喬,23,1,22,富邦-中壢,2023-06-13,9636
4533,協易機,40,18,22,富邦-中壢,2023-06-13,9636
2609,陽明,33,11,22,富邦-中壢,2023-06-13,9636
2102,泰豐,20,0,20,富邦-中壢,2023-06-13,9636
4155,訊映,20,0,20,富邦-中壢,2023-06-13,9636
6194,育富,20,0,20,富邦-中壢,2023-06-13,9636
3207,耀勝,21,1,20,富邦-中壢,2023-06-13,9636
6288,聯嘉,37,17,20,富邦-中壢,2023-06-13,9636
2633,台灣高鐵,21,1,20,富邦-中壢,2023-06-13,9636
2542,興富發,26,7,19,富邦-中壢,2023-06-13,9636
00712,復華富時不動產,187,8,179,富邦-中壢,2023-06-14,9636
2356,英業達,373,257,116,富邦-中壢,2023-06-14,9636
2382,廣達,134,22,112,富邦-中壢,2023-06-14,9636
00687B,國泰20年美債,106,0,106,富邦-中壢,2023-06-14,9636
2633,台灣高鐵,98,1,97,富邦-中壢,2023-06-14,9636
4906,正文,92,9,83,富邦-中壢,2023-06-14,9636
9945,潤泰新,82,2,80,富邦-中壢,2023-06-14,9636
5511,德昌,68,3,65,富邦-中壢,2023-06-14,9636
6213,聯茂,65,0,65,富邦-中壢,2023-06-14,9636
2887,台新金,94,39,55,富邦-中壢,2023-06-14,9636
2353,宏��,55,3,52,富邦-中壢,2023-06-14,9636
00885,富邦越南,79,31,48,富邦-中壢,2023-06-14,9636
00929,復華台灣科技優息,48,3,45,富邦-中壢,2023-06-14,9636
2812,台中銀,51,10,41,富邦-中壢,2023-06-14,9636
2486,一詮,48,10,38,富邦-中壢,2023-06-14,9636
3481,群創,56,19,37,富邦-中壢,2023-06-14,9636
6197,佳必琪,37,0,37,富邦-中壢,2023-06-14,9636
2888,新光金,48,11,37,富邦-中壢,2023-06-14,9636
6753,龍德造船,50,14,36,富邦-中壢,2023-06-14,9636
8150,南茂,36,0,36,富邦-中壢,2023-06-14,9636
2880,華南金,31,0,31,富邦-中壢,2023-06-14,9636
00679B,元大美債20年,35,5,30,富邦-中壢,2023-06-14,9636
3029,零壹,29,0,29,富邦-中壢,2023-06-14,9636
6182,合晶,39,11,28,富邦-中壢,2023-06-14,9636
00673R,期元大S＆P原油反1,28,0,28,富邦-中壢,2023-06-14,9636
00919,群益台灣精選高息,91,63,28,富邦-中壢,2023-06-14,9636
2457,飛宏,43,16,27,富邦-中壢,2023-06-14,9636
6116,彩晶,42,16,26,富邦-中壢,2023-06-14,9636
1609,大亞,71,46,25,富邦-中壢,2023-06-14,9636
2886,兆豐金,27,4,23,富邦-中壢,2023-06-14,9636
3558,神準,23,0,23,富邦-中壢,2023-06-14,9636
4114,健喬,23,0,23,富邦-中壢,2023-06-14,9636
00921,兆豐龍頭等權重,22,0,22,富邦-中壢,2023-06-14,9636
00706L,期元大S＆P日圓正2,22,0,22,富邦-中壢,2023-06-14,9636
5258,虹堡,59,38,21,富邦-中壢,2023-06-14,9636
6789,采鈺,23,2,21,富邦-中壢,2023-06-14,9636
00671R,富邦NASDAQ反1,20,0,20,富邦-中壢,2023-06-14,9636
00890B,凱基ESG BBB債,20,0,20,富邦-中壢,2023-06-14,9636
2405,輔信,26,6,20,富邦-中壢,2023-06-14,9636
4155,訊映,20,1,19,富邦-中壢,2023-06-14,9636
2352,佳世達,25,6,19,富邦-中壢,2023-06-14,9636
4979,華星光,35,16,19,富邦-中壢,2023-06-14,9636
3652,精聯,30,12,18,富邦-中壢,2023-06-14,9636
1560,中砂,21,3,18,富邦-中壢,2023-06-14,9636
4736,泰博,18,0,18,富邦-中壢,2023-06-14,9636
8222,寶一,18,1,17,富邦-中壢,2023-06-14,9636
5351,鈺創,27,10,17,富邦-中壢,2023-06-14,9636
4919,新唐,26,9,17,富邦-中壢,2023-06-14,9636
00927,群益半導體收益,17,0,17,富邦-中壢,2023-06-14,9636
9951,皇田,18,1,17,富邦-中壢,2023-06-14,9636
00715L,期街口布蘭特正2,490,46,444,富邦-中壢,2023-06-15,9636
00712,復華富時不動產,291,23,268,富邦-中壢,2023-06-15,9636
00919,群益台灣精選高息,299,46,253,富邦-中壢,2023-06-15,9636
00713,元大台灣高息低波,172,4,168,富邦-中壢,2023-06-15,9636
2618,長榮航,542,423,119,富邦-中壢,2023-06-15,9636
2105,正新,135,35,100,富邦-中壢,2023-06-15,9636
2363,矽統,100,1,99,富邦-中壢,2023-06-15,9636
1451,年興,95,0,95,富邦-中壢,2023-06-15,9636
00665L,富邦�琤肭磪囓�2,110,16,94,富邦-中壢,2023-06-15,9636
00878,國泰永續高股息,234,143,91,富邦-中壢,2023-06-15,9636
00885,富邦越南,91,4,87,富邦-中壢,2023-06-15,9636
2537,聯上發,100,20,80,富邦-中壢,2023-06-15,9636
6148,驊宏資,86,7,79,富邦-中壢,2023-06-15,9636
2344,華邦電,111,36,75,富邦-中壢,2023-06-15,9636
2107,厚生,73,0,73,富邦-中壢,2023-06-15,9636
2356,英業達,368,296,72,富邦-中壢,2023-06-15,9636
5607,遠雄港,72,0,72,富邦-中壢,2023-06-15,9636
2888,新光金,122,53,69,富邦-中壢,2023-06-15,9636
5009,榮剛,80,20,60,富邦-中壢,2023-06-15,9636
3059,華晶科,52,3,49,富邦-中壢,2023-06-15,9636
9904,寶成,47,0,47,富邦-中壢,2023-06-15,9636
00751B,元大AAA至A公司債,44,0,44,富邦-中壢,2023-06-15,9636
1611,中電,58,16,42,富邦-中壢,2023-06-15,9636
00882,中信中國高股息,55,16,39,富邦-中壢,2023-06-15,9636
1612,宏泰,42,3,39,富邦-中壢,2023-06-15,9636
4938,和碩,57,21,36,富邦-中壢,2023-06-15,9636
00679B,元大美債20年,55,20,35,富邦-中壢,2023-06-15,9636
3374,精材,62,28,34,富邦-中壢,2023-06-15,9636
1522,堤維西,67,34,33,富邦-中壢,2023-06-15,9636
1717,長興,32,0,32,富邦-中壢,2023-06-15,9636
2329,華泰,51,20,31,富邦-中壢,2023-06-15,9636
2102,泰豐,30,0,30,富邦-中壢,2023-06-15,9636
00674R,期元大S＆P黃金反1,30,0,30,富邦-中壢,2023-06-15,9636
3576,聯合再生,43,19,24,富邦-中壢,2023-06-15,9636
2453,凌群,54,31,23,富邦-中壢,2023-06-15,9636
4114,健喬,25,2,23,富邦-中壢,2023-06-15,9636
2317,鴻海,61,38,23,富邦-中壢,2023-06-15,9636
2883,凱基金,26,3,23,富邦-中壢,2023-06-15,9636
00687B,國泰20年美債,22,0,22,富邦-中壢,2023-06-15,9636
5880,合庫金,22,0,22,富邦-中壢,2023-06-15,9636
2471,資通,105,83,22,富邦-中壢,2023-06-15,9636
6282,康舒,96,74,22,富邦-中壢,2023-06-15,9636
2633,台灣高鐵,24,3,21,富邦-中壢,2023-06-15,9636
00772B,中信高評級公司債,31,10,21,富邦-中壢,2023-06-15,9636
1806,冠軍,28,7,21,富邦-中壢,2023-06-15,9636
8150,南茂,23,2,21,富邦-中壢,2023-06-15,9636
2867,三商壽,22,2,20,富邦-中壢,2023-06-15,9636
00671R,富邦NASDAQ反1,20,0,20,富邦-中壢,2023-06-15,9636
8933,愛地雅,21,1,20,富邦-中壢,2023-06-15,9636
00720B,元大投資級公司債,20,0,20,富邦-中壢,2023-06-15,9636
2610,華航,1067,681,386,富邦-中壢,2023-06-16,9636
2883,凱基金,332,1,331,富邦-中壢,2023-06-16,9636
00712,復華富時不動產,360,53,307,富邦-中壢,2023-06-16,9636
2618,長榮航,453,276,177,富邦-中壢,2023-06-16,9636
9945,潤泰新,130,13,117,富邦-中壢,2023-06-16,9636
00919,群益台灣精選高息,154,41,113,富邦-中壢,2023-06-16,9636
3078,僑威,136,27,109,富邦-中壢,2023-06-16,9636
6265,方土昶,107,0,107,富邦-中壢,2023-06-16,9636
1402,遠東新,100,4,96,富邦-中壢,2023-06-16,9636
2103,台橡,86,0,86,富邦-中壢,2023-06-16,9636
00713,元大台灣高息低波,85,3,82,富邦-中壢,2023-06-16,9636
3706,神達,213,140,73,富邦-中壢,2023-06-16,9636
1609,大亞,160,93,67,富邦-中壢,2023-06-16,9636
2892,第一金,67,0,67,富邦-中壢,2023-06-16,9636
2371,大同,257,193,64,富邦-中壢,2023-06-16,9636
2834,臺企銀,70,8,62,富邦-中壢,2023-06-16,9636
5009,榮剛,64,2,62,富邦-中壢,2023-06-16,9636
2855,統一證,55,0,55,富邦-中壢,2023-06-16,9636
4564,元翎,64,13,51,富邦-中壢,2023-06-16,9636
4938,和碩,84,36,48,富邦-中壢,2023-06-16,9636
2882,國泰金,50,2,48,富邦-中壢,2023-06-16,9636
6276,安鈦克,74,27,47,富邦-中壢,2023-06-16,9636
1307,三芳,92,49,43,富邦-中壢,2023-06-16,9636
3024,憶聲,94,53,41,富邦-中壢,2023-06-16,9636
2886,兆豐金,35,3,32,富邦-中壢,2023-06-16,9636
2105,正新,59,27,32,富邦-中壢,2023-06-16,9636
6205,詮欣,41,10,31,富邦-中壢,2023-06-16,9636
2401,凌陽,98,67,31,富邦-中壢,2023-06-16,9636
1802,台玻,82,52,30,富邦-中壢,2023-06-16,9636
6770,力積電,33,5,28,富邦-中壢,2023-06-16,9636
00674R,期元大S＆P黃金反1,26,0,26,富邦-中壢,2023-06-16,9636
2887,台新金,27,2,25,富邦-中壢,2023-06-16,9636
2867,三商壽,31,6,25,富邦-中壢,2023-06-16,9636
00751B,元大AAA至A公司債,25,0,25,富邦-中壢,2023-06-16,9636
2736,富野,100,75,25,富邦-中壢,2023-06-16,9636
3685,元創精密,24,1,23,富邦-中壢,2023-06-16,9636
2331,精英,29,7,22,富邦-中壢,2023-06-16,9636
3044,健鼎,22,0,22,富邦-中壢,2023-06-16,9636
1301,台塑,22,0,22,富邦-中壢,2023-06-16,9636
2308,台達電,33,12,21,富邦-中壢,2023-06-16,9636
2382,廣達,115,95,20,富邦-中壢,2023-06-16,9636
00921,兆豐龍頭等權重,19,0,19,富邦-中壢,2023-06-16,9636
2206,三陽工業,33,14,19,富邦-中壢,2023-06-16,9636
4906,正文,22,4,18,富邦-中壢,2023-06-16,9636
8088,品安,36,18,18,富邦-中壢,2023-06-16,9636
3032,偉訓,22,4,18,富邦-中壢,2023-06-16,9636
2228,劍麟,37,19,18,富邦-中壢,2023-06-16,9636
1514,亞力,72,55,17,富邦-中壢,2023-06-16,9636
1611,中電,32,15,17,富邦-中壢,2023-06-16,9636
1727,中華化,28,11,17,富邦-中壢,2023-06-16,9636
2610,華航,840,685,155,富邦-中壢,2023-06-19,9636
00673R,期元大S＆P原油反1,112,1,111,富邦-中壢,2023-06-19,9636
00632R,元大台灣50反1,181,77,104,富邦-中壢,2023-06-19,9636
00712,復華富時不動產,228,125,103,富邦-中壢,2023-06-19,9636
00637L,元大滬深300正2,107,13,94,富邦-中壢,2023-06-19,9636
2104,國際中橡,158,69,89,富邦-中壢,2023-06-19,9636
2353,宏��,95,8,87,富邦-中壢,2023-06-19,9636
5607,遠雄港,80,0,80,富邦-中壢,2023-06-19,9636
2888,新光金,83,9,74,富邦-中壢,2023-06-19,9636
6116,彩晶,156,91,65,富邦-中壢,2023-06-19,9636
1314,中石化,63,0,63,富邦-中壢,2023-06-19,9636
2834,臺企銀,93,37,56,富邦-中壢,2023-06-19,9636
2362,藍天,53,0,53,富邦-中壢,2023-06-19,9636
2385,群光,51,0,51,富邦-中壢,2023-06-19,9636
2371,大同,107,56,51,富邦-中壢,2023-06-19,9636
6190,萬泰科,51,0,51,富邦-中壢,2023-06-19,9636
1513,中興電,216,174,42,富邦-中壢,2023-06-19,9636
2736,富野,104,63,41,富邦-中壢,2023-06-19,9636
1529,樂事綠能,47,6,41,富邦-中壢,2023-06-19,9636
5531,鄉林,40,0,40,富邦-中壢,2023-06-19,9636
2421,建準,47,10,37,富邦-中壢,2023-06-19,9636
1618,合機,35,0,35,富邦-中壢,2023-06-19,9636
1609,大亞,76,41,35,富邦-中壢,2023-06-19,9636
3260,威剛,38,3,35,富邦-中壢,2023-06-19,9636
2886,兆豐金,37,5,32,富邦-中壢,2023-06-19,9636
2881,富邦金,38,6,32,富邦-中壢,2023-06-19,9636
2484,希華,30,0,30,富邦-中壢,2023-06-19,9636
2883,凱基金,36,6,30,富邦-中壢,2023-06-19,9636
00929,復華台灣科技優息,45,15,30,富邦-中壢,2023-06-19,9636
2344,華邦電,92,63,29,富邦-中壢,2023-06-19,9636
2419,仲琦,29,0,29,富邦-中壢,2023-06-19,9636
1785,光洋科,30,1,29,富邦-中壢,2023-06-19,9636
5222,全訊,33,5,28,富邦-中壢,2023-06-19,9636
00919,群益台灣精選高息,39,11,28,富邦-中壢,2023-06-19,9636
2705,六福,41,14,27,富邦-中壢,2023-06-19,9636
3024,憶聲,28,1,27,富邦-中壢,2023-06-19,9636
00706L,期元大S＆P日圓正2,26,0,26,富邦-中壢,2023-06-19,9636
6282,康舒,58,32,26,富邦-中壢,2023-06-19,9636
4977,眾達-KY,29,4,25,富邦-中壢,2023-06-19,9636
2501,國建,25,0,25,富邦-中壢,2023-06-19,9636
00679B,元大美債20年,26,1,25,富邦-中壢,2023-06-19,9636
1905,華紙,40,15,25,富邦-中壢,2023-06-19,9636
2356,英業達,113,89,24,富邦-中壢,2023-06-19,9636
00633L,富邦上証正2,26,3,23,富邦-中壢,2023-06-19,9636
6111,大宇資,25,2,23,富邦-中壢,2023-06-19,9636
00671R,富邦NASDAQ反1,22,0,22,富邦-中壢,2023-06-19,9636
4543,萬在,24,2,22,富邦-中壢,2023-06-19,9636
00882,中信中國高股息,26,5,21,富邦-中壢,2023-06-19,9636
1589,永冠-KY,21,0,21,富邦-中壢,2023-06-19,9636
5284,jpp-KY,25,4,21,富邦-中壢,2023-06-19,9636
00712,復華富時不動產,371,31,340,富邦-中壢,2023-06-20,9636
3481,群創,977,674,303,富邦-中壢,2023-06-20,9636
2405,輔信,192,25,167,富邦-中壢,2023-06-20,9636
4967,十銓,215,49,166,富邦-中壢,2023-06-20,9636
2610,華航,323,182,141,富邦-中壢,2023-06-20,9636
2845,遠東銀,100,21,79,富邦-中壢,2023-06-20,9636
6244,茂迪,107,36,71,富邦-中壢,2023-06-20,9636
2337,旺宏,73,11,62,富邦-中壢,2023-06-20,9636
2454,聯發科,71,11,60,富邦-中壢,2023-06-20,9636
2618,長榮航,207,148,59,富邦-中壢,2023-06-20,9636
5512,力麒,56,4,52,富邦-中壢,2023-06-20,9636
4155,訊映,49,0,49,富邦-中壢,2023-06-20,9636
5009,榮剛,57,10,47,富邦-中壢,2023-06-20,9636
3071,協禧,52,8,44,富邦-中壢,2023-06-20,9636
1605,華新,72,29,43,富邦-中壢,2023-06-20,9636
00921,兆豐龍頭等權重,44,2,42,富邦-中壢,2023-06-20,9636
9945,潤泰新,41,0,41,富邦-中壢,2023-06-20,9636
2409,友達,81,43,38,富邦-中壢,2023-06-20,9636
4114,健喬,37,0,37,富邦-中壢,2023-06-20,9636
00753L,中信中國50正2,37,0,37,富邦-中壢,2023-06-20,9636
2356,英業達,92,55,37,富邦-中壢,2023-06-20,9636
2702,華園,53,17,36,富邦-中壢,2023-06-20,9636
6770,力積電,34,0,34,富邦-中壢,2023-06-20,9636
3024,憶聲,32,1,31,富邦-中壢,2023-06-20,9636
00633L,富邦上証正2,31,0,31,富邦-中壢,2023-06-20,9636
2645,長榮航太,32,2,30,富邦-中壢,2023-06-20,9636
1528,恩德,53,25,28,富邦-中壢,2023-06-20,9636
8070,長華*,28,0,28,富邦-中壢,2023-06-20,9636
3576,聯合再生,33,9,24,富邦-中壢,2023-06-20,9636
00900,富邦特選高股息30,23,1,22,富邦-中壢,2023-06-20,9636
5905,南仁湖,30,8,22,富邦-中壢,2023-06-20,9636
00929,復華台灣科技優息,34,13,21,富邦-中壢,2023-06-20,9636
00919,群益台灣精選高息,33,12,21,富邦-中壢,2023-06-20,9636
00890B,凱基ESG BBB債,20,0,20,富邦-中壢,2023-06-20,9636
00772B,中信高評級公司債,21,1,20,富邦-中壢,2023-06-20,9636
00687B,國泰20年美債,22,2,20,富邦-中壢,2023-06-20,9636
3055,蔚華科,21,1,20,富邦-中壢,2023-06-20,9636
2739,寒舍,24,5,19,富邦-中壢,2023-06-20,9636
00720B,元大投資級公司債,19,0,19,富邦-中壢,2023-06-20,9636
3029,零壹,21,2,19,富邦-中壢,2023-06-20,9636
3652,精聯,22,3,19,富邦-中壢,2023-06-20,9636
1584,精剛,21,2,19,富邦-中壢,2023-06-20,9636
2888,新光金,46,27,19,富邦-中壢,2023-06-20,9636
2201,裕隆,23,4,19,富邦-中壢,2023-06-20,9636
6217,中探針,34,16,18,富邦-中壢,2023-06-20,9636
3583,辛耘,22,4,18,富邦-中壢,2023-06-20,9636
3260,威剛,18,1,17,富邦-中壢,2023-06-20,9636
4979,華星光,34,17,17,富邦-中壢,2023-06-20,9636
1717,長興,17,0,17,富邦-中壢,2023-06-20,9636
2748,雲品,142,125,17,富邦-中壢,2023-06-20,9636
00919,群益台灣精選高息,593,6,587,富邦-中壢,2023-06-21,9636
2102,泰豐,220,0,220,富邦-中壢,2023-06-21,9636
2352,佳世達,205,33,172,富邦-中壢,2023-06-21,9636
2867,三商壽,169,5,164,富邦-中壢,2023-06-21,9636
3055,蔚華科,147,33,114,富邦-中壢,2023-06-21,9636
2618,長榮航,199,86,113,富邦-中壢,2023-06-21,9636
2405,輔信,106,6,100,富邦-中壢,2023-06-21,9636
00753L,中信中國50正2,103,10,93,富邦-中壢,2023-06-21,9636
6120,達運,137,62,75,富邦-中壢,2023-06-21,9636
1907,永豐餘,84,16,68,富邦-中壢,2023-06-21,9636
2356,英業達,198,133,65,富邦-中壢,2023-06-21,9636
2706,第一店,73,12,61,富邦-中壢,2023-06-21,9636
3013,晟銘電,82,34,48,富邦-中壢,2023-06-21,9636
4114,健喬,47,0,47,富邦-中壢,2023-06-21,9636
00671R,富邦NASDAQ反1,47,0,47,富邦-中壢,2023-06-21,9636
4747,強生,48,1,47,富邦-中壢,2023-06-21,9636
5608,四維航,49,3,46,富邦-中壢,2023-06-21,9636
4904,遠傳,44,0,44,富邦-中壢,2023-06-21,9636
2382,廣達,188,147,41,富邦-中壢,2023-06-21,9636
2427,三商電,80,39,41,富邦-中壢,2023-06-21,9636
00751B,元大AAA至A公司債,51,10,41,富邦-中壢,2023-06-21,9636
1514,亞力,87,49,38,富邦-中壢,2023-06-21,9636
8210,勤誠,89,61,28,富邦-中壢,2023-06-21,9636
00921,兆豐龍頭等權重,28,0,28,富邦-中壢,2023-06-21,9636
2303,聯電,52,25,27,富邦-中壢,2023-06-21,9636
8069,元太,31,5,26,富邦-中壢,2023-06-21,9636
00665L,富邦�琤肭磪囓�2,25,0,25,富邦-中壢,2023-06-21,9636
3715,定穎投控,48,24,24,富邦-中壢,2023-06-21,9636
00882,中信中國高股息,27,3,24,富邦-中壢,2023-06-21,9636
3515,華擎,34,12,22,富邦-中壢,2023-06-21,9636
2603,長榮,41,20,21,富邦-中壢,2023-06-21,9636
2634,漢翔,166,146,20,富邦-中壢,2023-06-21,9636
2344,華邦電,29,9,20,富邦-中壢,2023-06-21,9636
4930,燦星網,20,0,20,富邦-中壢,2023-06-21,9636
00650L,復華香港正2,20,0,20,富邦-中壢,2023-06-21,9636
4106,雃博,20,0,20,富邦-中壢,2023-06-21,9636
5905,南仁湖,23,3,20,富邦-中壢,2023-06-21,9636
4916,事欣科,106,86,20,富邦-中壢,2023-06-21,9636
2312,金寶,33,14,19,富邦-中壢,2023-06-21,9636
2915,潤泰全,19,0,19,富邦-中壢,2023-06-21,9636
3264,欣銓,24,6,18,富邦-中壢,2023-06-21,9636
2030,彰源,20,2,18,富邦-中壢,2023-06-21,9636
6290,良維,22,5,17,富邦-中壢,2023-06-21,9636
2104,國際中橡,34,17,17,富邦-中壢,2023-06-21,9636
9945,潤泰新,16,0,16,富邦-中壢,2023-06-21,9636
2387,精元,16,0,16,富邦-中壢,2023-06-21,9636
1701,中化,16,0,16,富邦-中壢,2023-06-21,9636
6112,邁達特,20,4,16,富邦-中壢,2023-06-21,9636
5443,均豪,16,0,16,富邦-中壢,2023-06-21,9636
00680L,元大美債20正2,20,5,15,富邦-中壢,2023-06-21,9636
4414,如興,642,0,642,富邦-中壢,2023-06-26,9636
00715L,期街口布蘭特正2,234,6,228,富邦-中壢,2023-06-26,9636
2610,華航,266,85,181,富邦-中壢,2023-06-26,9636
3231,緯創,311,143,168,富邦-中壢,2023-06-26,9636
2303,聯電,197,35,162,富邦-中壢,2023-06-26,9636
00633L,富邦上証正2,131,0,131,富邦-中壢,2023-06-26,9636
2412,中華電,124,0,124,富邦-中壢,2023-06-26,9636
2371,大同,157,65,92,富邦-中壢,2023-06-26,9636
00712,復華富時不動產,74,6,68,富邦-中壢,2023-06-26,9636
00632R,元大台灣50反1,232,167,65,富邦-中壢,2023-06-26,9636
2340,台亞,163,98,65,富邦-中壢,2023-06-26,9636
2409,友達,187,125,62,富邦-中壢,2023-06-26,9636
6116,彩晶,68,7,61,富邦-中壢,2023-06-26,9636
3481,群創,247,186,61,富邦-中壢,2023-06-26,9636
5009,榮剛,65,11,54,富邦-中壢,2023-06-26,9636
00885,富邦越南,121,67,54,富邦-中壢,2023-06-26,9636
8046,南電,53,1,52,富邦-中壢,2023-06-26,9636
4155,訊映,50,0,50,富邦-中壢,2023-06-26,9636
00657,國泰日經225,50,0,50,富邦-中壢,2023-06-26,9636
2882,國泰金,49,0,49,富邦-中壢,2023-06-26,9636
6197,佳必琪,52,3,49,富邦-中壢,2023-06-26,9636
00687B,國泰20年美債,52,4,48,富邦-中壢,2023-06-26,9636
00893,國泰智能電動車,65,17,48,富邦-中壢,2023-06-26,9636
2349,錸德,49,3,46,富邦-中壢,2023-06-26,9636
2883,凱基金,43,1,42,富邦-中壢,2023-06-26,9636
6125,廣運,168,127,41,富邦-中壢,2023-06-26,9636
2353,宏��,44,5,39,富邦-中壢,2023-06-26,9636
2352,佳世達,50,13,37,富邦-中壢,2023-06-26,9636
4916,事欣科,50,12,38,富邦-中壢,2023-06-26,9636
00878,國泰永續高股息,135,100,35,富邦-中壢,2023-06-26,9636
2344,華邦電,48,13,35,富邦-中壢,2023-06-26,9636
00637L,元大滬深300正2,85,52,33,富邦-中壢,2023-06-26,9636
1528,恩德,41,8,33,富邦-中壢,2023-06-26,9636
4541,晟田,33,1,32,富邦-中壢,2023-06-26,9636
2489,瑞軒,31,0,31,富邦-中壢,2023-06-26,9636
8358,金居,40,10,30,富邦-中壢,2023-06-26,9636
00882,中信中國高股息,37,8,29,富邦-中壢,2023-06-26,9636
00679B,元大美債20年,31,2,29,富邦-中壢,2023-06-26,9636
3454,晶睿,38,9,29,富邦-中壢,2023-06-26,9636
0056,元大高股息,43,14,29,富邦-中壢,2023-06-26,9636
2023,燁輝,27,0,27,富邦-中壢,2023-06-26,9636
3056,富華新,31,4,27,富邦-中壢,2023-06-26,9636
2888,新光金,67,42,25,富邦-中壢,2023-06-26,9636
00753L,中信中國50正2,36,11,25,富邦-中壢,2023-06-26,9636
1904,正隆,47,22,25,富邦-中壢,2023-06-26,9636
00919,群益台灣精選高息,49,25,24,富邦-中壢,2023-06-26,9636
5410,國眾,30,6,24,富邦-中壢,2023-06-26,9636
1605,華新,73,49,24,富邦-中壢,2023-06-26,9636
00713,元大台灣高息低波,34,11,23,富邦-中壢,2023-06-26,9636
6148,驊宏資,77,54,23,富邦-中壢,2023-06-26,9636
2610,華航,339,177,162,富邦-中壢,2023-06-27,9636
00878,國泰永續高股息,278,117,161,富邦-中壢,2023-06-27,9636
2102,泰豐,157,0,157,富邦-中壢,2023-06-27,9636
2618,長榮航,399,243,156,富邦-中壢,2023-06-27,9636
2303,聯電,180,32,148,富邦-中壢,2023-06-27,9636
3202,樺晟,182,40,142,富邦-中壢,2023-06-27,9636
3231,緯創,288,183,105,富邦-中壢,2023-06-27,9636
0056,元大高股息,141,39,102,富邦-中壢,2023-06-27,9636
2344,華邦電,93,12,81,富邦-中壢,2023-06-27,9636
1513,中興電,178,107,71,富邦-中壢,2023-06-27,9636
00679B,元大美債20年,66,1,65,富邦-中壢,2023-06-27,9636
3038,全台,96,32,64,富邦-中壢,2023-06-27,9636
1609,大亞,65,15,50,富邦-中壢,2023-06-27,9636
1905,華紙,64,16,48,富邦-中壢,2023-06-27,9636
6197,佳必琪,55,7,48,富邦-中壢,2023-06-27,9636
2881,富邦金,51,4,47,富邦-中壢,2023-06-27,9636
00720B,元大投資級公司債,47,1,46,富邦-中壢,2023-06-27,9636
1907,永豐餘,59,14,45,富邦-中壢,2023-06-27,9636
1608,華榮,46,1,45,富邦-中壢,2023-06-27,9636
3372,典範,63,20,43,富邦-中壢,2023-06-27,9636
2834,臺企銀,42,0,42,富邦-中壢,2023-06-27,9636
1471,首利,49,8,41,富邦-中壢,2023-06-27,9636
5876,上海商銀,42,1,41,富邦-中壢,2023-06-27,9636
2883,凱基金,48,10,38,富邦-中壢,2023-06-27,9636
2323,中環,192,155,37,富邦-中壢,2023-06-27,9636
00713,元大台灣高息低波,53,17,36,富邦-中壢,2023-06-27,9636
4994,傳奇,39,4,35,富邦-中壢,2023-06-27,9636
2201,裕隆,42,7,35,富邦-中壢,2023-06-27,9636
1618,合機,35,0,35,富邦-中壢,2023-06-27,9636
00919,群益台灣精選高息,48,14,34,富邦-中壢,2023-06-27,9636
1605,華新,79,46,33,富邦-中壢,2023-06-27,9636
2882,國泰金,40,7,33,富邦-中壢,2023-06-27,9636
6190,萬泰科,34,3,31,富邦-中壢,2023-06-27,9636
3454,晶睿,33,2,31,富邦-中壢,2023-06-27,9636
2356,英業達,136,105,31,富邦-中壢,2023-06-27,9636
1313,聯成,31,0,31,富邦-中壢,2023-06-27,9636
8358,金居,39,9,30,富邦-中壢,2023-06-27,9636
2206,三陽工業,41,12,29,富邦-中壢,2023-06-27,9636
2353,宏��,46,17,29,富邦-中壢,2023-06-27,9636
2328,廣宇,28,1,27,富邦-中壢,2023-06-27,9636
3374,精材,39,14,25,富邦-中壢,2023-06-27,9636
2371,大同,84,59,25,富邦-中壢,2023-06-27,9636
2352,佳世達,55,31,24,富邦-中壢,2023-06-27,9636
6282,康舒,54,30,24,富邦-中壢,2023-06-27,9636
3122,笙泉,42,19,23,富邦-中壢,2023-06-27,9636
1802,台玻,72,49,23,富邦-中壢,2023-06-27,9636
4167,松瑞藥,29,6,23,富邦-中壢,2023-06-27,9636
1301,台塑,23,1,22,富邦-中壢,2023-06-27,9636
3029,零壹,22,0,22,富邦-中壢,2023-06-27,9636
4157,太景*-KY,21,0,21,富邦-中壢,2023-06-27,9636
00715L,期街口布蘭特正2,890,3,887,富邦-中壢,2023-06-28,9636
0056,元大高股息,591,58,533,富邦-中壢,2023-06-28,9636
1605,華新,171,61,110,富邦-中壢,2023-06-28,9636
00632R,元大台灣50反1,160,59,101,富邦-中壢,2023-06-28,9636
3202,樺晟,100,3,97,富邦-中壢,2023-06-28,9636
3558,神準,94,8,86,富邦-中壢,2023-06-28,9636
2845,遠東銀,51,0,51,富邦-中壢,2023-06-28,9636
1337,再生-KY,50,0,50,富邦-中壢,2023-06-28,9636
1529,樂事綠能,54,6,48,富邦-中壢,2023-06-28,9636
00919,群益台灣精選高息,54,6,48,富邦-中壢,2023-06-28,9636
6188,廣明,71,25,46,富邦-中壢,2023-06-28,9636
2303,聯電,52,11,41,富邦-中壢,2023-06-28,9636
00720B,元大投資級公司債,43,2,41,富邦-中壢,2023-06-28,9636
6111,大宇資,71,30,41,富邦-中壢,2023-06-28,9636
3481,群創,133,93,40,富邦-中壢,2023-06-28,9636
5876,上海商銀,41,1,40,富邦-中壢,2023-06-28,9636
2888,新光金,47,10,37,富邦-中壢,2023-06-28,9636
00642U,期元大S＆P石油,35,0,35,富邦-中壢,2023-06-28,9636
00650L,復華香港正2,50,15,35,富邦-中壢,2023-06-28,9636
3038,全台,76,42,34,富邦-中壢,2023-06-28,9636
2887,台新金,40,8,32,富邦-中壢,2023-06-28,9636
5608,四維航,31,1,30,富邦-中壢,2023-06-28,9636
2409,友達,32,3,29,富邦-中壢,2023-06-28,9636
2736,富野,56,27,29,富邦-中壢,2023-06-28,9636
1504,東元,46,19,27,富邦-中壢,2023-06-28,9636
2880,華南金,26,0,26,富邦-中壢,2023-06-28,9636
8072,陞泰,30,4,26,富邦-中壢,2023-06-28,9636
2014,中鴻,25,1,24,富邦-中壢,2023-06-28,9636
6197,佳必琪,35,11,24,富邦-中壢,2023-06-28,9636
3362,先進光,22,0,22,富邦-中壢,2023-06-28,9636
2634,漢翔,32,11,21,富邦-中壢,2023-06-28,9636
3025,星通,60,39,21,富邦-中壢,2023-06-28,9636
8070,長華*,22,1,21,富邦-中壢,2023-06-28,9636
1301,台塑,21,0,21,富邦-中壢,2023-06-28,9636
3011,今皓,28,8,20,富邦-中壢,2023-06-28,9636
6120,達運,22,2,20,富邦-中壢,2023-06-28,9636
8933,愛地雅,20,0,20,富邦-中壢,2023-06-28,9636
2009,第一銅,20,1,19,富邦-中壢,2023-06-28,9636
5439,高技,19,0,19,富邦-中壢,2023-06-28,9636
4746,台耀,86,67,19,富邦-中壢,2023-06-28,9636
2515,中工,18,0,18,富邦-中壢,2023-06-28,9636
2467,志聖,19,1,18,富邦-中壢,2023-06-28,9636
00877,復華中國5G,18,0,18,富邦-中壢,2023-06-28,9636
6770,力積電,20,3,17,富邦-中壢,2023-06-28,9636
3706,神達,36,19,17,富邦-中壢,2023-06-28,9636
2882,國泰金,73,57,16,富邦-中壢,2023-06-28,9636
2369,菱生,16,0,16,富邦-中壢,2023-06-28,9636
8147,正淩,17,1,16,富邦-中壢,2023-06-28,9636
2913,農林,19,3,16,富邦-中壢,2023-06-28,9636
1477,聚陽,22,6,16,富邦-中壢,2023-06-28,9636
2867,三商壽,207,6,201,富邦-中壢,2023-06-29,9636
2303,聯電,167,32,135,富邦-中壢,2023-06-29,9636
2618,長榮航,243,111,132,富邦-中壢,2023-06-29,9636
2442,新美齊,100,0,100,富邦-中壢,2023-06-29,9636
1605,華新,155,60,95,富邦-中壢,2023-06-29,9636
4121,優盛,84,5,79,富邦-中壢,2023-06-29,9636
00919,群益台灣精選高息,77,4,73,富邦-中壢,2023-06-29,9636
2102,泰豐,50,0,50,富邦-中壢,2023-06-29,9636
2317,鴻海,51,6,45,富邦-中壢,2023-06-29,9636
2609,陽明,64,21,43,富邦-中壢,2023-06-29,9636
3481,群創,114,72,42,富邦-中壢,2023-06-29,9636
2603,長榮,90,54,36,富邦-中壢,2023-06-29,9636
2610,華航,89,54,35,富邦-中壢,2023-06-29,9636
2702,華園,35,0,35,富邦-中壢,2023-06-29,9636
3005,神基,44,13,31,富邦-中壢,2023-06-29,9636
00633L,富邦上証正2,81,50,31,富邦-中壢,2023-06-29,9636
2412,中華電,31,0,31,富邦-中壢,2023-06-29,9636
9904,寶成,30,0,30,富邦-中壢,2023-06-29,9636
2409,友達,43,16,27,富邦-中壢,2023-06-29,9636
2347,聯強,27,0,27,富邦-中壢,2023-06-29,9636
5009,榮剛,29,3,26,富邦-中壢,2023-06-29,9636
00712,復華富時不動產,327,301,26,富邦-中壢,2023-06-29,9636
911608,明輝-DR,25,0,25,富邦-中壢,2023-06-29,9636
3447,展達,38,13,25,富邦-中壢,2023-06-29,9636
4562,穎漢,25,0,25,富邦-中壢,2023-06-29,9636
2353,宏��,27,2,25,富邦-中壢,2023-06-29,9636
2352,佳世達,34,11,23,富邦-中壢,2023-06-29,9636
2885,元大金,22,0,22,富邦-中壢,2023-06-29,9636
2313,華通,32,10,22,富邦-中壢,2023-06-29,9636
4155,訊映,27,6,21,富邦-中壢,2023-06-29,9636
8215,明基材,23,3,20,富邦-中壢,2023-06-29,9636
2328,廣宇,20,0,20,富邦-中壢,2023-06-29,9636
2323,中環,88,69,19,富邦-中壢,2023-06-29,9636
3013,晟銘電,55,36,19,富邦-中壢,2023-06-29,9636
2882,國泰金,95,76,19,富邦-中壢,2023-06-29,9636
3558,神準,19,0,19,富邦-中壢,2023-06-29,9636
2030,彰源,20,1,19,富邦-中壢,2023-06-29,9636
00720B,元大投資級公司債,22,3,19,富邦-中壢,2023-06-29,9636
2880,華南金,18,0,18,富邦-中壢,2023-06-29,9636
1303,南亞,18,1,17,富邦-中壢,2023-06-29,9636
2892,第一金,17,0,17,富邦-中壢,2023-06-29,9636
2883,凱基金,30,13,17,富邦-中壢,2023-06-29,9636
00650L,復華香港正2,16,0,16,富邦-中壢,2023-06-29,9636
00882,中信中國高股息,16,1,15,富邦-中壢,2023-06-29,9636
2413,環科,17,2,15,富邦-中壢,2023-06-29,9636
2449,京元電子,17,3,14,富邦-中壢,2023-06-29,9636
8112,至上,14,0,14,富邦-中壢,2023-06-29,9636
2105,正新,18,4,14,富邦-中壢,2023-06-29,9636
2401,凌陽,15,1,14,富邦-中壢,2023-06-29,9636
0056,元大高股息,43,29,14,富邦-中壢,2023-06-29,9636
2834,臺企銀,411,12,399,富邦-中壢,2023-06-30,9636
00715L,期街口布蘭特正2,499,351,148,富邦-中壢,2023-06-30,9636
2427,三商電,159,18,141,富邦-中壢,2023-06-30,9636
2344,華邦電,137,1,136,富邦-中壢,2023-06-30,9636
2603,長榮,188,60,128,富邦-中壢,2023-06-30,9636
1101,台泥,114,2,112,富邦-中壢,2023-06-30,9636
2010,春源,110,0,110,富邦-中壢,2023-06-30,9636
2515,中工,115,5,110,富邦-中壢,2023-06-30,9636
2867,三商壽,112,6,106,富邦-中壢,2023-06-30,9636
5426,振發,102,3,99,富邦-中壢,2023-06-30,9636
5381,合正,84,0,84,富邦-中壢,2023-06-30,9636
2506,太設,80,0,80,富邦-中壢,2023-06-30,9636
3481,群創,165,85,80,富邦-中壢,2023-06-30,9636
2882,國泰金,82,7,75,富邦-中壢,2023-06-30,9636
2615,萬海,83,8,75,富邦-中壢,2023-06-30,9636
2102,泰豐,100,30,70,富邦-中壢,2023-06-30,9636
2618,長榮航,101,40,61,富邦-中壢,2023-06-30,9636
00885,富邦越南,58,0,58,富邦-中壢,2023-06-30,9636
1605,華新,88,35,53,富邦-中壢,2023-06-30,9636
1711,永光,55,2,53,富邦-中壢,2023-06-30,9636
00665L,富邦�琤肭磪囓�2,51,0,51,富邦-中壢,2023-06-30,9636
5876,上海商銀,50,0,50,富邦-中壢,2023-06-30,9636
00919,群益台灣精選高息,50,2,48,富邦-中壢,2023-06-30,9636
3011,今皓,44,1,43,富邦-中壢,2023-06-30,9636
2609,陽明,242,200,42,富邦-中壢,2023-06-30,9636
5009,榮剛,51,14,37,富邦-中壢,2023-06-30,9636
00712,復華富時不動產,64,27,37,富邦-中壢,2023-06-30,9636
3703,欣陸,37,0,37,富邦-中壢,2023-06-30,9636
00680L,元大美債20正2,32,0,32,富邦-中壢,2023-06-30,9636
2468,華經,33,1,32,富邦-中壢,2023-06-30,9636
00679B,元大美債20年,46,15,31,富邦-中壢,2023-06-30,9636
2887,台新金,38,7,31,富邦-中壢,2023-06-30,9636
00899,FT潔淨能源,30,0,30,富邦-中壢,2023-06-30,9636
2913,農林,32,2,30,富邦-中壢,2023-06-30,9636
1612,宏泰,30,2,28,富邦-中壢,2023-06-30,9636
0050,元大台灣50,36,8,28,富邦-中壢,2023-06-30,9636
1905,華紙,69,42,27,富邦-中壢,2023-06-30,9636
3078,僑威,45,20,25,富邦-中壢,2023-06-30,9636
3042,晶技,24,0,24,富邦-中壢,2023-06-30,9636
2412,中華電,24,1,23,富邦-中壢,2023-06-30,9636
3034,聯詠,22,0,22,富邦-中壢,2023-06-30,9636
2884,玉山金,29,7,22,富邦-中壢,2023-06-30,9636
00888,永豐台灣ESG,21,0,21,富邦-中壢,2023-06-30,9636
6188,廣明,61,40,21,富邦-中壢,2023-06-30,9636
6461,益得,21,0,21,富邦-中壢,2023-06-30,9636
9904,寶成,21,0,21,富邦-中壢,2023-06-30,9636
00673R,期元大S＆P原油反1,21,0,21,富邦-中壢,2023-06-30,9636
6112,邁達特,26,5,21,富邦-中壢,2023-06-30,9636
2206,三陽工業,32,12,20,富邦-中壢,2023-06-30,9636
2472,立隆電,20,0,20,富邦-中壢,2023-06-30,9636
4155,訊映,163,22,141,富邦-中壢,2023-07-03,9636
3498,陽程,149,16,133,富邦-中壢,2023-07-03,9636
1217,愛之味,105,3,102,富邦-中壢,2023-07-03,9636
2303,聯電,155,60,95,富邦-中壢,2023-07-03,9636
3231,緯創,364,281,83,富邦-中壢,2023-07-03,9636
2603,長榮,165,86,79,富邦-中壢,2023-07-03,9636
2206,三陽工業,82,4,78,富邦-中壢,2023-07-03,9636
3481,群創,158,88,70,富邦-中壢,2023-07-03,9636
2615,萬海,140,72,68,富邦-中壢,2023-07-03,9636
1532,勤美,68,0,68,富邦-中壢,2023-07-03,9636
00673R,期元大S＆P原油反1,56,0,56,富邦-中壢,2023-07-03,9636
2427,三商電,72,16,56,富邦-中壢,2023-07-03,9636
2102,泰豐,50,0,50,富邦-中壢,2023-07-03,9636
2031,新光鋼,52,2,50,富邦-中壢,2023-07-03,9636
1609,大亞,105,55,50,富邦-中壢,2023-07-03,9636
4543,萬在,51,2,49,富邦-中壢,2023-07-03,9636
1711,永光,46,3,43,富邦-中壢,2023-07-03,9636
00772B,中信高評級公司債,51,9,42,富邦-中壢,2023-07-03,9636
2356,英業達,110,72,38,富邦-中壢,2023-07-03,9636
00720B,元大投資級公司債,56,20,36,富邦-中壢,2023-07-03,9636
2201,裕隆,35,1,34,富邦-中壢,2023-07-03,9636
4908,前鼎,34,0,34,富邦-中壢,2023-07-03,9636
2382,廣達,107,76,31,富邦-中壢,2023-07-03,9636
2633,台灣高鐵,32,4,28,富邦-中壢,2023-07-03,9636
2887,台新金,38,10,28,富邦-中壢,2023-07-03,9636
3078,僑威,54,27,27,富邦-中壢,2023-07-03,9636
4906,正文,83,56,27,富邦-中壢,2023-07-03,9636
3652,精聯,98,72,26,富邦-中壢,2023-07-03,9636
4414,如興,26,0,26,富邦-中壢,2023-07-03,9636
6127,九豪,30,4,26,富邦-中壢,2023-07-03,9636
2412,中華電,25,0,25,富邦-中壢,2023-07-03,9636
6160,欣技,24,0,24,富邦-中壢,2023-07-03,9636
2317,鴻海,89,65,24,富邦-中壢,2023-07-03,9636
1795,美時,51,30,21,富邦-中壢,2023-07-03,9636
3207,耀勝,25,6,19,富邦-中壢,2023-07-03,9636
5302,太欣,19,0,19,富邦-中壢,2023-07-03,9636
3264,欣銓,26,7,19,富邦-中壢,2023-07-03,9636
8112,至上,19,1,18,富邦-中壢,2023-07-03,9636
2485,兆赫,27,9,18,富邦-中壢,2023-07-03,9636
2897,王道銀行,18,0,18,富邦-中壢,2023-07-03,9636
0056,元大高股息,85,68,17,富邦-中壢,2023-07-03,9636
2104,國際中橡,21,4,17,富邦-中壢,2023-07-03,9636
2357,華碩,17,1,16,富邦-中壢,2023-07-03,9636
8092,建暐,16,0,16,富邦-中壢,2023-07-03,9636
00764B,群益25年美債,16,1,15,富邦-中壢,2023-07-03,9636
3013,晟銘電,15,0,15,富邦-中壢,2023-07-03,9636
2611,志信,15,0,15,富邦-中壢,2023-07-03,9636
6271,同欣電,16,1,15,富邦-中壢,2023-07-03,9636
2344,華邦電,20,6,14,富邦-中壢,2023-07-03,9636
6197,佳必琪,15,1,14,富邦-中壢,2023-07-03,9636
2603,長榮,1261,324,937,富邦-中壢,2023-07-04,9636
2884,玉山金,160,6,154,富邦-中壢,2023-07-04,9636
3706,神達,280,160,120,富邦-中壢,2023-07-04,9636
4414,如興,107,10,97,富邦-中壢,2023-07-04,9636
00665L,富邦�琤肭磪囓�2,100,13,87,富邦-中壢,2023-07-04,9636
00900,富邦特選高股息30,122,42,80,富邦-中壢,2023-07-04,9636
0056,元大高股息,202,126,76,富邦-中壢,2023-07-04,9636
00893,國泰智能電動車,104,31,73,富邦-中壢,2023-07-04,9636
2010,春源,70,3,67,富邦-中壢,2023-07-04,9636
5511,德昌,61,0,61,富邦-中壢,2023-07-04,9636
6142,友勁,70,10,60,富邦-中壢,2023-07-04,9636
2323,中環,134,78,56,富邦-中壢,2023-07-04,9636
00733,富邦臺灣中小,50,0,50,富邦-中壢,2023-07-04,9636
4938,和碩,51,2,49,富邦-中壢,2023-07-04,9636
1532,勤美,47,0,47,富邦-中壢,2023-07-04,9636
2887,台新金,65,18,47,富邦-中壢,2023-07-04,9636
2888,新光金,55,10,45,富邦-中壢,2023-07-04,9636
4979,華星光,107,63,44,富邦-中壢,2023-07-04,9636
2413,環科,53,9,44,富邦-中壢,2023-07-04,9636
3025,星通,72,28,44,富邦-中壢,2023-07-04,9636
1609,大亞,73,32,41,富邦-中壢,2023-07-04,9636
00673R,期元大S＆P原油反1,41,0,41,富邦-中壢,2023-07-04,9636
1314,中石化,52,11,41,富邦-中壢,2023-07-04,9636
2317,鴻海,86,46,40,富邦-中壢,2023-07-04,9636
1513,中興電,75,34,41,富邦-中壢,2023-07-04,9636
6112,邁達特,66,27,39,富邦-中壢,2023-07-04,9636
2332,友訊,52,13,39,富邦-中壢,2023-07-04,9636
5876,上海商銀,37,0,37,富邦-中壢,2023-07-04,9636
1504,東元,39,2,37,富邦-中壢,2023-07-04,9636
2609,陽明,221,185,36,富邦-中壢,2023-07-04,9636
3055,蔚華科,52,19,33,富邦-中壢,2023-07-04,9636
00712,復華富時不動產,33,0,33,富邦-中壢,2023-07-04,9636
00895,富邦未來車,52,20,32,富邦-中壢,2023-07-04,9636
00929,復華台灣科技優息,44,13,31,富邦-中壢,2023-07-04,9636
8215,明基材,53,22,31,富邦-中壢,2023-07-04,9636
2883,凱基金,122,91,31,富邦-中壢,2023-07-04,9636
3563,牧德,35,5,30,富邦-中壢,2023-07-04,9636
2615,萬海,97,67,30,富邦-中壢,2023-07-04,9636
1217,愛之味,29,1,28,富邦-中壢,2023-07-04,9636
2633,台灣高鐵,27,0,27,富邦-中壢,2023-07-04,9636
00882,中信中國高股息,33,6,27,富邦-中壢,2023-07-04,9636
1303,南亞,27,0,27,富邦-中壢,2023-07-04,9636
2329,華泰,80,54,26,富邦-中壢,2023-07-04,9636
6188,廣明,75,49,26,富邦-中壢,2023-07-04,9636
2201,裕隆,22,0,22,富邦-中壢,2023-07-04,9636
5469,瀚宇博,28,6,22,富邦-中壢,2023-07-04,9636
2328,廣宇,22,0,22,富邦-中壢,2023-07-04,9636
3704,合勤控,121,100,21,富邦-中壢,2023-07-04,9636
2438,翔耀,20,0,20,富邦-中壢,2023-07-04,9636
6152,百一,20,0,20,富邦-中壢,2023-07-04,9636
00632R,元大台灣50反1,580,76,504,富邦-中壢,2023-07-05,9636
2618,長榮航,787,496,291,富邦-中壢,2023-07-05,9636
2332,友訊,201,6,195,富邦-中壢,2023-07-05,9636
2609,陽明,470,324,146,富邦-中壢,2023-07-05,9636
3481,群創,181,60,121,富邦-中壢,2023-07-05,9636
2610,華航,173,83,90,富邦-中壢,2023-07-05,9636
00633L,富邦上証正2,86,0,86,富邦-中壢,2023-07-05,9636
00673R,期元大S＆P原油反1,85,0,85,富邦-中壢,2023-07-05,9636
3231,緯創,208,139,69,富邦-中壢,2023-07-05,9636
0056,元大高股息,98,39,59,富邦-中壢,2023-07-05,9636
2317,鴻海,79,21,58,富邦-中壢,2023-07-05,9636
2312,金寶,88,38,50,富邦-中壢,2023-07-05,9636
2340,台亞,57,11,46,富邦-中壢,2023-07-05,9636
4938,和碩,54,11,43,富邦-中壢,2023-07-05,9636
00927,群益半導體收益,43,0,43,富邦-中壢,2023-07-05,9636
3025,星通,58,18,40,富邦-中壢,2023-07-05,9636
1513,中興電,114,75,39,富邦-中壢,2023-07-05,9636
2328,廣宇,60,25,35,富邦-中壢,2023-07-05,9636
9907,統一實,39,5,34,富邦-中壢,2023-07-05,9636
2102,泰豐,32,0,32,富邦-中壢,2023-07-05,9636
3260,威剛,59,28,31,富邦-中壢,2023-07-05,9636
4746,台耀,38,7,31,富邦-中壢,2023-07-05,9636
2409,友達,31,4,27,富邦-中壢,2023-07-05,9636
8415,大國鋼,27,0,27,富邦-中壢,2023-07-05,9636
3380,明泰,35,8,27,富邦-中壢,2023-07-05,9636
3006,晶豪科,26,0,26,富邦-中壢,2023-07-05,9636
2303,聯電,33,7,26,富邦-中壢,2023-07-05,9636
4532,瑞智,31,5,26,富邦-中壢,2023-07-05,9636
3078,僑威,66,40,26,富邦-中壢,2023-07-05,9636
2889,國票金,25,0,25,富邦-中壢,2023-07-05,9636
3374,精材,70,45,25,富邦-中壢,2023-07-05,9636
2206,三陽工業,29,6,23,富邦-中壢,2023-07-05,9636
00637L,元大滬深300正2,23,0,23,富邦-中壢,2023-07-05,9636
3090,日電貿,23,1,22,富邦-中壢,2023-07-05,9636
6188,廣明,32,11,21,富邦-中壢,2023-07-05,9636
2413,環科,33,12,21,富邦-中壢,2023-07-05,9636
00665L,富邦�琤肭磪囓�2,21,0,21,富邦-中壢,2023-07-05,9636
2897,王道銀行,25,5,20,富邦-中壢,2023-07-05,9636
3017,奇鋐,22,2,20,富邦-中壢,2023-07-05,9636
2617,台航,21,1,20,富邦-中壢,2023-07-05,9636
6120,達運,22,2,20,富邦-中壢,2023-07-05,9636
2481,強茂,22,2,20,富邦-中壢,2023-07-05,9636
2880,華南金,22,3,19,富邦-中壢,2023-07-05,9636
1752,南光,20,1,19,富邦-中壢,2023-07-05,9636
2301,光寶科,34,15,19,富邦-中壢,2023-07-05,9636
6191,精成科,21,2,19,富邦-中壢,2023-07-05,9636
0052,富邦科技,20,2,18,富邦-中壢,2023-07-05,9636
3372,典範,25,7,18,富邦-中壢,2023-07-05,9636
3265,台星科,23,5,18,富邦-中壢,2023-07-05,9636
2342,茂矽,18,0,18,富邦-中壢,2023-07-05,9636
00673R,期元大S＆P原油反1,263,0,263,富邦-中壢,2023-07-06,9636
0056,元大高股息,241,52,189,富邦-中壢,2023-07-06,9636
00929,復華台灣科技優息,123,3,120,富邦-中壢,2023-07-06,9636
2883,凱基金,165,59,106,富邦-中壢,2023-07-06,9636
00633L,富邦上証正2,104,2,102,富邦-中壢,2023-07-06,9636
00687B,國泰20年美債,98,0,98,富邦-中壢,2023-07-06,9636
2329,華泰,254,159,95,富邦-中壢,2023-07-06,9636
2002,中鋼,102,10,92,富邦-中壢,2023-07-06,9636
5880,合庫金,92,0,92,富邦-中壢,2023-07-06,9636
2887,台新金,95,7,88,富邦-中壢,2023-07-06,9636
00676R,富邦臺灣加權反1,80,0,80,富邦-中壢,2023-07-06,9636
2891,中信金,84,8,76,富邦-中壢,2023-07-06,9636
3037,欣興,80,7,73,富邦-中壢,2023-07-06,9636
2317,鴻海,91,20,71,富邦-中壢,2023-07-06,9636
5009,榮剛,84,14,70,富邦-中壢,2023-07-06,9636
2356,英業達,145,77,68,富邦-中壢,2023-07-06,9636
6111,大宇資,126,59,67,富邦-中壢,2023-07-06,9636
1905,華紙,93,28,65,富邦-中壢,2023-07-06,9636
2881,富邦金,68,5,63,富邦-中壢,2023-07-06,9636
4919,新唐,71,9,62,富邦-中壢,2023-07-06,9636
00753L,中信中國50正2,63,1,62,富邦-中壢,2023-07-06,9636
2330,台積電,59,1,58,富邦-中壢,2023-07-06,9636
4114,健喬,55,1,54,富邦-中壢,2023-07-06,9636
2880,華南金,55,2,53,富邦-中壢,2023-07-06,9636
2328,廣宇,53,2,51,富邦-中壢,2023-07-06,9636
3706,神達,82,32,50,富邦-中壢,2023-07-06,9636
4563,百德,50,1,49,富邦-中壢,2023-07-06,9636
00665L,富邦�琤肭磪囓�2,49,0,49,富邦-中壢,2023-07-06,9636
1471,首利,74,25,49,富邦-中壢,2023-07-06,9636
2382,廣達,206,158,48,富邦-中壢,2023-07-06,9636
2442,新美齊,50,2,48,富邦-中壢,2023-07-06,9636
3202,樺晟,50,3,47,富邦-中壢,2023-07-06,9636
2344,華邦電,60,14,46,富邦-中壢,2023-07-06,9636
00878,國泰永續高股息,145,101,44,富邦-中壢,2023-07-06,9636
00680L,元大美債20正2,54,11,43,富邦-中壢,2023-07-06,9636
1460,宏遠,45,2,43,富邦-中壢,2023-07-06,9636
6217,中探針,50,8,42,富邦-中壢,2023-07-06,9636
8215,明基材,76,34,42,富邦-中壢,2023-07-06,9636
2409,友達,47,6,41,富邦-中壢,2023-07-06,9636
8096,擎亞,41,0,41,富邦-中壢,2023-07-06,9636
2419,仲琦,63,23,40,富邦-中壢,2023-07-06,9636
1584,精剛,56,18,38,富邦-中壢,2023-07-06,9636
2882,國泰金,42,5,37,富邦-中壢,2023-07-06,9636
1402,遠東新,35,0,35,富邦-中壢,2023-07-06,9636
00772B,中信高評級公司債,34,0,34,富邦-中壢,2023-07-06,9636
2468,華經,34,0,34,富邦-中壢,2023-07-06,9636
00713,元大台灣高息低波,34,1,33,富邦-中壢,2023-07-06,9636
2105,正新,32,0,32,富邦-中壢,2023-07-06,9636
1611,中電,49,17,32,富邦-中壢,2023-07-06,9636
3017,奇鋐,36,5,31,富邦-中壢,2023-07-06,9636
4155,訊映,149,2,147,富邦-中壢,2023-07-07,9636
3481,群創,169,44,125,富邦-中壢,2023-07-07,9636
00679B,元大美債20年,123,0,123,富邦-中壢,2023-07-07,9636
00929,復華台灣科技優息,183,75,108,富邦-中壢,2023-07-07,9636
00882,中信中國高股息,108,2,106,富邦-中壢,2023-07-07,9636
1471,首利,111,11,100,富邦-中壢,2023-07-07,9636
00878,國泰永續高股息,285,190,95,富邦-中壢,2023-07-07,9636
0056,元大高股息,185,102,83,富邦-中壢,2023-07-07,9636
3231,緯創,370,287,83,富邦-中壢,2023-07-07,9636
2344,華邦電,75,0,75,富邦-中壢,2023-07-07,9636
00712,復華富時不動產,79,10,69,富邦-中壢,2023-07-07,9636
3025,星通,145,82,63,富邦-中壢,2023-07-07,9636
00751B,元大AAA至A公司債,62,1,61,富邦-中壢,2023-07-07,9636
3071,協禧,70,11,59,富邦-中壢,2023-07-07,9636
2888,新光金,73,17,56,富邦-中壢,2023-07-07,9636
00680L,元大美債20正2,75,20,55,富邦-中壢,2023-07-07,9636
3163,波若威,80,27,53,富邦-中壢,2023-07-07,9636
3202,樺晟,51,0,51,富邦-中壢,2023-07-07,9636
00686R,群益臺灣加權反1,50,0,50,富邦-中壢,2023-07-07,9636
2834,臺企銀,60,13,47,富邦-中壢,2023-07-07,9636
1314,中石化,55,8,47,富邦-中壢,2023-07-07,9636
5880,合庫金,68,22,46,富邦-中壢,2023-07-07,9636
00772B,中信高評級公司債,46,0,46,富邦-中壢,2023-07-07,9636
3521,鴻翊,45,0,45,富邦-中壢,2023-07-07,9636
2409,友達,53,9,44,富邦-中壢,2023-07-07,9636
2002,中鋼,51,7,44,富邦-中壢,2023-07-07,9636
1301,台塑,44,0,44,富邦-中壢,2023-07-07,9636
2881,富邦金,45,1,44,富邦-中壢,2023-07-07,9636
2618,長榮航,91,52,39,富邦-中壢,2023-07-07,9636
00637L,元大滬深300正2,39,1,38,富邦-中壢,2023-07-07,9636
2380,虹光,72,36,36,富邦-中壢,2023-07-07,9636
00692,富邦公司治理,44,9,35,富邦-中壢,2023-07-07,9636
6282,康舒,156,122,34,富邦-中壢,2023-07-07,9636
2371,大同,68,36,32,富邦-中壢,2023-07-07,9636
1591,駿吉-KY,30,1,29,富邦-中壢,2023-07-07,9636
8358,金居,33,5,28,富邦-中壢,2023-07-07,9636
00696B,富邦美債20年,28,0,28,富邦-中壢,2023-07-07,9636
5905,南仁湖,28,0,28,富邦-中壢,2023-07-07,9636
1303,南亞,27,0,27,富邦-中壢,2023-07-07,9636
2498,宏達電,35,8,27,富邦-中壢,2023-07-07,9636
2882,國泰金,34,7,27,富邦-中壢,2023-07-07,9636
00713,元大台灣高息低波,45,19,26,富邦-中壢,2023-07-07,9636
2317,鴻海,33,7,26,富邦-中壢,2023-07-07,9636
00753L,中信中國50正2,34,9,25,富邦-中壢,2023-07-07,9636
4105,東洋,25,0,25,富邦-中壢,2023-07-07,9636
8096,擎亞,24,0,24,富邦-中壢,2023-07-07,9636
00720B,元大投資級公司債,34,11,23,富邦-中壢,2023-07-07,9636
3037,欣興,26,4,22,富邦-中壢,2023-07-07,9636
4967,十銓,24,3,21,富邦-中壢,2023-07-07,9636
00885,富邦越南,46,25,21,富邦-中壢,2023-07-07,9636
2633,台灣高鐵,510,4,506,富邦-中壢,2023-07-10,9636
00673R,期元大S＆P原油反1,351,31,320,富邦-中壢,2023-07-10,9636
00679B,元大美債20年,162,5,157,富邦-中壢,2023-07-10,9636
00687B,國泰20年美債,132,1,131,富邦-中壢,2023-07-10,9636
2371,大同,165,38,127,富邦-中壢,2023-07-10,9636
2317,鴻海,126,7,119,富邦-中壢,2023-07-10,9636
2915,潤泰全,112,0,112,富邦-中壢,2023-07-10,9636
3025,星通,185,98,87,富邦-中壢,2023-07-10,9636
5880,合庫金,82,4,78,富邦-中壢,2023-07-10,9636
2303,聯電,74,8,66,富邦-中壢,2023-07-10,9636
2883,凱基金,149,84,65,富邦-中壢,2023-07-10,9636
4533,協易機,81,22,59,富邦-中壢,2023-07-10,9636
3481,群創,170,114,56,富邦-中壢,2023-07-10,9636
6235,華孚,61,7,54,富邦-中壢,2023-07-10,9636
2603,長榮,146,92,54,富邦-中壢,2023-07-10,9636
4532,瑞智,269,217,52,富邦-中壢,2023-07-10,9636
2442,新美齊,50,0,50,富邦-中壢,2023-07-10,9636
2486,一詮,110,63,47,富邦-中壢,2023-07-10,9636
2520,冠德,45,0,45,富邦-中壢,2023-07-10,9636
2356,英業達,75,31,44,富邦-中壢,2023-07-10,9636
6282,康舒,109,68,41,富邦-中壢,2023-07-10,9636
0056,元大高股息,66,25,41,富邦-中壢,2023-07-10,9636
2886,兆豐金,41,1,40,富邦-中壢,2023-07-10,9636
1612,宏泰,41,3,38,富邦-中壢,2023-07-10,9636
3362,先進光,62,24,38,富邦-中壢,2023-07-10,9636
1471,首利,40,4,36,富邦-中壢,2023-07-10,9636
2201,裕隆,42,7,35,富邦-中壢,2023-07-10,9636
3346,麗清,53,18,35,富邦-中壢,2023-07-10,9636
2891,中信金,38,4,34,富邦-中壢,2023-07-10,9636
00764B,群益25年美債,36,4,32,富邦-中壢,2023-07-10,9636
3163,波若威,34,2,32,富邦-中壢,2023-07-10,9636
2618,長榮航,122,91,31,富邦-中壢,2023-07-10,9636
1101,台泥,41,11,30,富邦-中壢,2023-07-10,9636
2884,玉山金,47,17,30,富邦-中壢,2023-07-10,9636
00722B,群益投資級電信債,29,0,29,富邦-中壢,2023-07-10,9636
2436,偉詮電,68,39,29,富邦-中壢,2023-07-10,9636
00882,中信中國高股息,60,31,29,富邦-中壢,2023-07-10,9636
2337,旺宏,34,6,28,富邦-中壢,2023-07-10,9636
2419,仲琦,91,65,26,富邦-中壢,2023-07-10,9636
2609,陽明,148,123,25,富邦-中壢,2023-07-10,9636
00688L,國泰20年美債正2,25,0,25,富邦-中壢,2023-07-10,9636
2880,華南金,24,0,24,富邦-中壢,2023-07-10,9636
6179,亞通,29,5,24,富邦-中壢,2023-07-10,9636
1605,華新,32,9,23,富邦-中壢,2023-07-10,9636
00712,復華富時不動產,27,4,23,富邦-中壢,2023-07-10,9636
0050,元大台灣50,23,0,23,富邦-中壢,2023-07-10,9636
2617,台航,21,0,21,富邦-中壢,2023-07-10,9636
3363,上詮,35,14,21,富邦-中壢,2023-07-10,9636
6026,福邦證,20,0,20,富邦-中壢,2023-07-10,9636
00927,群益半導體收益,23,3,20,富邦-中壢,2023-07-10,9636
00751B,元大AAA至A公司債,404,0,404,富邦-中壢,2023-07-11,9636
2352,佳世達,105,11,94,富邦-中壢,2023-07-11,9636
2340,台亞,147,62,85,富邦-中壢,2023-07-11,9636
4747,強生,84,2,82,富邦-中壢,2023-07-11,9636
5534,長虹,76,0,76,富邦-中壢,2023-07-11,9636
2915,潤泰全,72,0,72,富邦-中壢,2023-07-11,9636
2618,長榮航,171,107,64,富邦-中壢,2023-07-11,9636
4967,十銓,62,1,61,富邦-中壢,2023-07-11,9636
3321,同泰,60,1,59,富邦-中壢,2023-07-11,9636
00929,復華台灣科技優息,98,45,53,富邦-中壢,2023-07-11,9636
6122,擎邦,57,5,52,富邦-中壢,2023-07-11,9636
2317,鴻海,60,9,51,富邦-中壢,2023-07-11,9636
6120,達運,160,112,48,富邦-中壢,2023-07-11,9636
4934,太極,117,71,46,富邦-中壢,2023-07-11,9636
2371,大同,119,73,46,富邦-中壢,2023-07-11,9636
3313,斐成,44,0,44,富邦-中壢,2023-07-11,9636
4534,慶騰,41,0,41,富邦-中壢,2023-07-11,9636
2442,新美齊,40,0,40,富邦-中壢,2023-07-11,9636
8215,明基材,56,16,40,富邦-中壢,2023-07-11,9636
4510,高鋒,53,15,38,富邦-中壢,2023-07-11,9636
4532,瑞智,86,48,38,富邦-中壢,2023-07-11,9636
2413,環科,37,1,36,富邦-中壢,2023-07-11,9636
00632R,元大台灣50反1,190,155,35,富邦-中壢,2023-07-11,9636
4414,如興,35,0,35,富邦-中壢,2023-07-11,9636
1314,中石化,35,0,35,富邦-中壢,2023-07-11,9636
1101,台泥,35,0,35,富邦-中壢,2023-07-11,9636
2331,精英,36,2,34,富邦-中壢,2023-07-11,9636
8936,國統,52,19,33,富邦-中壢,2023-07-11,9636
1609,大亞,109,76,33,富邦-中壢,2023-07-11,9636
8926,台汽電,33,1,32,富邦-中壢,2023-07-11,9636
00722B,群益投資級電信債,31,0,31,富邦-中壢,2023-07-11,9636
1301,台塑,31,0,31,富邦-中壢,2023-07-11,9636
2376,技嘉,72,41,31,富邦-中壢,2023-07-11,9636
3047,訊舟,33,3,30,富邦-中壢,2023-07-11,9636
2887,台新金,31,1,30,富邦-中壢,2023-07-11,9636
3707,漢磊,73,47,26,富邦-中壢,2023-07-11,9636
2329,華泰,131,105,26,富邦-中壢,2023-07-11,9636
2356,英業達,215,189,26,富邦-中壢,2023-07-11,9636
2897,王道銀行,25,0,25,富邦-中壢,2023-07-11,9636
4960,誠美材,30,5,25,富邦-中壢,2023-07-11,9636
2312,金寶,73,49,24,富邦-中壢,2023-07-11,9636
3178,公準,24,1,23,富邦-中壢,2023-07-11,9636
00927,群益半導體收益,23,0,23,富邦-中壢,2023-07-11,9636
4105,東洋,23,0,23,富邦-中壢,2023-07-11,9636
4916,事欣科,29,7,22,富邦-中壢,2023-07-11,9636
3027,盛達,23,1,22,富邦-中壢,2023-07-11,9636
9929,秋雨,22,0,22,富邦-中壢,2023-07-11,9636
00692,富邦公司治理,25,3,22,富邦-中壢,2023-07-11,9636
2845,遠東銀,20,0,20,富邦-中壢,2023-07-11,9636
3164,景岳,20,0,20,富邦-中壢,2023-07-11,9636
00673R,期元大S＆P原油反1,231,0,231,富邦-中壢,2023-07-12,9636
00751B,元大AAA至A公司債,170,0,170,富邦-中壢,2023-07-12,9636
2356,英業達,420,267,153,富邦-中壢,2023-07-12,9636
00929,復華台灣科技優息,178,34,144,富邦-中壢,2023-07-12,9636
00905,FT臺灣Smart,134,0,134,富邦-中壢,2023-07-12,9636
5534,長虹,82,0,82,富邦-中壢,2023-07-12,9636
00712,復華富時不動產,93,23,70,富邦-中壢,2023-07-12,9636
3231,緯創,377,310,67,富邦-中壢,2023-07-12,9636
4934,太極,100,35,65,富邦-中壢,2023-07-12,9636
3025,星通,68,7,61,富邦-中壢,2023-07-12,9636
2409,友達,75,25,50,富邦-中壢,2023-07-12,9636
2442,新美齊,50,0,50,富邦-中壢,2023-07-12,9636
6152,百一,50,0,50,富邦-中壢,2023-07-12,9636
00680L,元大美債20正2,49,0,49,富邦-中壢,2023-07-12,9636
6285,啟��,59,12,47,富邦-中壢,2023-07-12,9636
2481,強茂,126,79,47,富邦-中壢,2023-07-12,9636
5483,中美晶,68,22,46,富邦-中壢,2023-07-12,9636
1229,聯華,43,0,43,富邦-中壢,2023-07-12,9636
3715,定穎投控,60,18,42,富邦-中壢,2023-07-12,9636
5381,合正,63,22,41,富邦-中壢,2023-07-12,9636
6218,豪勉,82,42,40,富邦-中壢,2023-07-12,9636
00764B,群益25年美債,38,0,38,富邦-中壢,2023-07-12,9636
1471,首利,54,18,36,富邦-中壢,2023-07-12,9636
2367,燿華,36,0,36,富邦-中壢,2023-07-12,9636
6188,廣明,99,64,35,富邦-中壢,2023-07-12,9636
2888,新光金,53,20,33,富邦-中壢,2023-07-12,9636
2883,凱基金,63,31,32,富邦-中壢,2023-07-12,9636
6235,華孚,40,10,30,富邦-中壢,2023-07-12,9636
2419,仲琦,51,21,30,富邦-中壢,2023-07-12,9636
6116,彩晶,30,0,30,富邦-中壢,2023-07-12,9636
2603,長榮,63,34,29,富邦-中壢,2023-07-12,9636
3481,群創,151,122,29,富邦-中壢,2023-07-12,9636
3540,曜越,30,1,29,富邦-中壢,2023-07-12,9636
3605,宏致,29,0,29,富邦-中壢,2023-07-12,9636
2303,聯電,113,86,27,富邦-中壢,2023-07-12,9636
2399,映泰,43,17,26,富邦-中壢,2023-07-12,9636
2633,台灣高鐵,27,3,24,富邦-中壢,2023-07-12,9636
2328,廣宇,90,67,23,富邦-中壢,2023-07-12,9636
3045,台灣大,23,0,23,富邦-中壢,2023-07-12,9636
00795B,中信美國公債20年,23,0,23,富邦-中壢,2023-07-12,9636
8936,國統,26,3,23,富邦-中壢,2023-07-12,9636
1701,中化,22,0,22,富邦-中壢,2023-07-12,9636
3289,宜特,33,11,22,富邦-中壢,2023-07-12,9636
1301,台塑,22,0,22,富邦-中壢,2023-07-12,9636
2382,廣達,129,107,22,富邦-中壢,2023-07-12,9636
2363,矽統,21,0,21,富邦-中壢,2023-07-12,9636
6005,群益證,22,1,21,富邦-中壢,2023-07-12,9636
6248,沛波,20,0,20,富邦-中壢,2023-07-12,9636
5475,德宏,20,0,20,富邦-中壢,2023-07-12,9636
4919,新唐,25,5,20,富邦-中壢,2023-07-12,9636
00664R,國泰臺灣加權反1,1000,0,1000,富邦-中壢,2023-07-13,9636
2618,長榮航,349,126,223,富邦-中壢,2023-07-13,9636
2324,仁寶,437,216,221,富邦-中壢,2023-07-13,9636
00930,永豐ESG低碳高息,211,60,151,富邦-中壢,2023-07-13,9636
00673R,期元大S＆P原油反1,127,10,117,富邦-中壢,2023-07-13,9636
2442,新美齊,100,0,100,富邦-中壢,2023-07-13,9636
2610,華航,184,86,98,富邦-中壢,2023-07-13,9636
3706,神達,133,47,86,富邦-中壢,2023-07-13,9636
00772B,中信高評級公司債,88,3,85,富邦-中壢,2023-07-13,9636
3362,先進光,107,37,70,富邦-中壢,2023-07-13,9636
00929,復華台灣科技優息,84,20,64,富邦-中壢,2023-07-13,9636
2303,聯電,81,23,58,富邦-中壢,2023-07-13,9636
3325,旭品,62,5,57,富邦-中壢,2023-07-13,9636
1618,合機,58,1,57,富邦-中壢,2023-07-13,9636
3055,蔚華科,56,1,55,富邦-中壢,2023-07-13,9636
1514,亞力,59,6,53,富邦-中壢,2023-07-13,9636
6282,康舒,112,62,50,富邦-中壢,2023-07-13,9636
5534,長虹,45,0,45,富邦-中壢,2023-07-13,9636
3018,隆銘綠能,41,0,41,富邦-中壢,2023-07-13,9636
2633,台灣高鐵,48,10,38,富邦-中壢,2023-07-13,9636
0056,元大高股息,205,172,33,富邦-中壢,2023-07-13,9636
4533,協易機,95,62,33,富邦-中壢,2023-07-13,9636
2353,宏��,111,79,32,富邦-中壢,2023-07-13,9636
4402,郡都開發,31,0,31,富邦-中壢,2023-07-13,9636
3682,亞太電,30,0,30,富邦-中壢,2023-07-13,9636
1609,大亞,124,95,29,富邦-中壢,2023-07-13,9636
3005,神基,30,2,28,富邦-中壢,2023-07-13,9636
6443,元晶,32,6,26,富邦-中壢,2023-07-13,9636
00679B,元大美債20年,25,0,25,富邦-中壢,2023-07-13,9636
5381,合正,33,8,25,富邦-中壢,2023-07-13,9636
2883,凱基金,34,9,25,富邦-中壢,2023-07-13,9636
2486,一詮,73,50,23,富邦-中壢,2023-07-13,9636
8936,國統,34,11,23,富邦-中壢,2023-07-13,9636
6245,立端,30,8,22,富邦-中壢,2023-07-13,9636
6190,萬泰科,25,3,22,富邦-中壢,2023-07-13,9636
3308,聯德,22,0,22,富邦-中壢,2023-07-13,9636
2412,中華電,23,2,21,富邦-中壢,2023-07-13,9636
2368,金像電,70,49,21,富邦-中壢,2023-07-13,9636
4128,中天,23,2,21,富邦-中壢,2023-07-13,9636
2313,華通,39,18,21,富邦-中壢,2023-07-13,9636
2884,玉山金,32,11,21,富邦-中壢,2023-07-13,9636
4414,如興,25,5,20,富邦-中壢,2023-07-13,9636
2105,正新,23,3,20,富邦-中壢,2023-07-13,9636
3234,光環,27,7,20,富邦-中壢,2023-07-13,9636
2520,冠德,20,0,20,富邦-中壢,2023-07-13,9636
3558,神準,44,25,19,富邦-中壢,2023-07-13,9636
00927,群益半導體收益,19,1,18,富邦-中壢,2023-07-13,9636
1584,精剛,20,2,18,富邦-中壢,2023-07-13,9636
6274,台燿,46,29,17,富邦-中壢,2023-07-13,9636
6592,和潤企業,26,10,16,富邦-中壢,2023-07-13,9636
2618,長榮航,460,118,342,富邦-中壢,2023-07-14,9636
2610,華航,502,229,273,富邦-中壢,2023-07-14,9636
2352,佳世達,299,69,230,富邦-中壢,2023-07-14,9636
00673R,期元大S＆P原油反1,232,5,227,富邦-中壢,2023-07-14,9636
00679B,元大美債20年,172,10,162,富邦-中壢,2023-07-14,9636
6288,聯嘉,127,3,124,富邦-中壢,2023-07-14,9636
2520,冠德,110,0,110,富邦-中壢,2023-07-14,9636
4533,協易機,209,100,109,富邦-中壢,2023-07-14,9636
00632R,元大台灣50反1,540,431,109,富邦-中壢,2023-07-14,9636
00882,中信中國高股息,106,1,105,富邦-中壢,2023-07-14,9636
00692,富邦公司治理,99,8,91,富邦-中壢,2023-07-14,9636
00929,復華台灣科技優息,106,25,81,富邦-中壢,2023-07-14,9636
2419,仲琦,181,123,58,富邦-中壢,2023-07-14,9636
2399,映泰,57,2,55,富邦-中壢,2023-07-14,9636
3060,銘異,142,89,53,富邦-中壢,2023-07-14,9636
3162,精確,55,3,52,富邦-中壢,2023-07-14,9636
2486,一詮,73,22,51,富邦-中壢,2023-07-14,9636
6122,擎邦,61,11,50,富邦-中壢,2023-07-14,9636
2609,陽明,309,260,49,富邦-中壢,2023-07-14,9636
3715,定穎投控,97,57,40,富邦-中壢,2023-07-14,9636
2312,金寶,68,30,38,富邦-中壢,2023-07-14,9636
3055,蔚華科,38,2,36,富邦-中壢,2023-07-14,9636
3046,建��,39,5,34,富邦-中壢,2023-07-14,9636
1471,首利,39,6,33,富邦-中壢,2023-07-14,9636
00930,永豐ESG低碳高息,35,3,32,富邦-中壢,2023-07-14,9636
6550,北極星藥業-KY,51,19,32,富邦-中壢,2023-07-14,9636
3032,偉訓,43,11,32,富邦-中壢,2023-07-14,9636
2329,華泰,152,120,32,富邦-中壢,2023-07-14,9636
5534,長虹,30,0,30,富邦-中壢,2023-07-14,9636
9802,鈺齊-KY,30,0,30,富邦-中壢,2023-07-14,9636
6282,康舒,56,26,30,富邦-中壢,2023-07-14,9636
2371,大同,149,121,28,富邦-中壢,2023-07-14,9636
4566,時碩工業,27,0,27,富邦-中壢,2023-07-14,9636
8093,保銳,26,0,26,富邦-中壢,2023-07-14,9636
5465,富驊,47,21,26,富邦-中壢,2023-07-14,9636
2324,仁寶,91,66,25,富邦-中壢,2023-07-14,9636
2481,強茂,44,19,25,富邦-中壢,2023-07-14,9636
2356,英業達,349,324,25,富邦-中壢,2023-07-14,9636
6257,矽格,25,0,25,富邦-中壢,2023-07-14,9636
6235,華孚,139,118,21,富邦-中壢,2023-07-14,9636
00680L,元大美債20正2,21,0,21,富邦-中壢,2023-07-14,9636
00633L,富邦上証正2,36,15,21,富邦-中壢,2023-07-14,9636
6124,業強,52,31,21,富邦-中壢,2023-07-14,9636
00722B,群益投資級電信債,19,0,19,富邦-中壢,2023-07-14,9636
1618,合機,32,14,18,富邦-中壢,2023-07-14,9636
1905,華紙,32,14,18,富邦-中壢,2023-07-14,9636
2382,廣達,218,200,18,富邦-中壢,2023-07-14,9636
1722,台肥,31,14,17,富邦-中壢,2023-07-14,9636
2603,長榮,46,29,17,富邦-中壢,2023-07-14,9636
1762,中化生,18,2,16,富邦-中壢,2023-07-14,9636
00632R,元大台灣50反1,585,120,465,富邦-中壢,2023-07-17,9636
00929,復華台灣科技優息,351,24,327,富邦-中壢,2023-07-17,9636
00692,富邦公司治理,166,3,163,富邦-中壢,2023-07-17,9636
00633L,富邦上証正2,154,2,152,富邦-中壢,2023-07-17,9636
2352,佳世達,191,47,144,富邦-中壢,2023-07-17,9636
2449,京元電子,180,51,129,富邦-中壢,2023-07-17,9636
2520,冠德,111,0,111,富邦-中壢,2023-07-17,9636
2442,新美齊,102,0,102,富邦-中壢,2023-07-17,9636
2102,泰豐,100,2,98,富邦-中壢,2023-07-17,9636
3706,神達,110,13,97,富邦-中壢,2023-07-17,9636
2328,廣宇,104,22,82,富邦-中壢,2023-07-17,9636
00687B,國泰20年美債,73,4,69,富邦-中壢,2023-07-17,9636
6806,森崴能源,70,4,66,富邦-中壢,2023-07-17,9636
6179,亞通,81,17,64,富邦-中壢,2023-07-17,9636
1504,東元,142,78,64,富邦-中壢,2023-07-17,9636
6218,豪勉,78,16,62,富邦-中壢,2023-07-17,9636
2427,三商電,77,18,59,富邦-中壢,2023-07-17,9636
1907,永豐餘,66,8,58,富邦-中壢,2023-07-17,9636
2436,偉詮電,66,12,54,富邦-中壢,2023-07-17,9636
2356,英業達,157,103,54,富邦-中壢,2023-07-17,9636
00930,永豐ESG低碳高息,52,0,52,富邦-中壢,2023-07-17,9636
00751B,元大AAA至A公司債,48,0,48,富邦-中壢,2023-07-17,9636
6122,擎邦,50,4,46,富邦-中壢,2023-07-17,9636
00680L,元大美債20正2,45,0,45,富邦-中壢,2023-07-17,9636
2812,台中銀,49,5,44,富邦-中壢,2023-07-17,9636
2382,廣達,138,95,43,富邦-中壢,2023-07-17,9636
8936,國統,66,23,43,富邦-中壢,2023-07-17,9636
2409,友達,74,32,42,富邦-中壢,2023-07-17,9636
1402,遠東新,40,0,40,富邦-中壢,2023-07-17,9636
3017,奇鋐,47,10,37,富邦-中壢,2023-07-17,9636
3055,蔚華科,35,0,35,富邦-中壢,2023-07-17,9636
3540,曜越,46,12,34,富邦-中壢,2023-07-17,9636
00753L,中信中國50正2,39,7,32,富邦-中壢,2023-07-17,9636
2301,光寶科,102,71,31,富邦-中壢,2023-07-17,9636
1101,台泥,46,16,30,富邦-中壢,2023-07-17,9636
8103,瀚荃,34,4,30,富邦-中壢,2023-07-17,9636
6548,長科*,33,4,29,富邦-中壢,2023-07-17,9636
2486,一詮,74,46,28,富邦-中壢,2023-07-17,9636
2362,藍天,30,4,26,富邦-中壢,2023-07-17,9636
2609,陽明,57,32,25,富邦-中壢,2023-07-17,9636
5351,鈺創,28,3,25,富邦-中壢,2023-07-17,9636
6446,藥華藥,26,1,25,富邦-中壢,2023-07-17,9636
00722B,群益投資級電信債,25,0,25,富邦-中壢,2023-07-17,9636
2204,中華,27,3,24,富邦-中壢,2023-07-17,9636
6235,華孚,38,15,23,富邦-中壢,2023-07-17,9636
2331,精英,36,13,23,富邦-中壢,2023-07-17,9636
00764B,群益25年美債,23,0,23,富邦-中壢,2023-07-17,9636
2542,興富發,23,1,22,富邦-中壢,2023-07-17,9636
2634,漢翔,32,10,22,富邦-中壢,2023-07-17,9636
4979,華星光,23,2,21,富邦-中壢,2023-07-17,9636
2312,金寶,489,176,313,富邦-中壢,2023-07-18,9636
00929,復華台灣科技優息,340,56,284,富邦-中壢,2023-07-18,9636
2324,仁寶,445,190,255,富邦-中壢,2023-07-18,9636
3706,神達,571,367,204,富邦-中壢,2023-07-18,9636
2356,英業達,723,534,189,富邦-中壢,2023-07-18,9636
6122,擎邦,169,3,166,富邦-中壢,2023-07-18,9636
2520,冠德,155,0,155,富邦-中壢,2023-07-18,9636
00882,中信中國高股息,149,0,149,富邦-中壢,2023-07-18,9636
2442,新美齊,142,0,142,富邦-中壢,2023-07-18,9636
00679B,元大美債20年,136,1,135,富邦-中壢,2023-07-18,9636
1605,華新,131,16,115,富邦-中壢,2023-07-18,9636
00687B,國泰20年美債,119,8,111,富邦-中壢,2023-07-18,9636
3059,華晶科,101,1,100,富邦-中壢,2023-07-18,9636
6124,業強,142,46,96,富邦-中壢,2023-07-18,9636
5469,瀚宇博,98,8,90,富邦-中壢,2023-07-18,9636
6282,康舒,324,238,86,富邦-中壢,2023-07-18,9636
3481,群創,240,158,82,富邦-中壢,2023-07-18,9636
2329,華泰,240,169,71,富邦-中壢,2023-07-18,9636
2382,廣達,235,168,67,富邦-中壢,2023-07-18,9636
00795B,中信美國公債20年,66,0,66,富邦-中壢,2023-07-18,9636
00665L,富邦�琤肭磪囓�2,67,2,65,富邦-中壢,2023-07-18,9636
00720B,元大投資級公司債,103,41,62,富邦-中壢,2023-07-18,9636
00712,復華富時不動產,73,11,62,富邦-中壢,2023-07-18,9636
3051,力特,66,8,58,富邦-中壢,2023-07-18,9636
6142,友勁,60,5,55,富邦-中壢,2023-07-18,9636
1560,中砂,63,12,51,富邦-中壢,2023-07-18,9636
2903,遠百,50,0,50,富邦-中壢,2023-07-18,9636
00930,永豐ESG低碳高息,49,0,49,富邦-中壢,2023-07-18,9636
9105,泰金寶-DR,80,33,47,富邦-中壢,2023-07-18,9636
8936,國統,51,7,44,富邦-中壢,2023-07-18,9636
2331,精英,116,73,43,富邦-中壢,2023-07-18,9636
2419,仲琦,151,109,42,富邦-中壢,2023-07-18,9636
3338,泰碩,78,36,42,富邦-中壢,2023-07-18,9636
5410,國眾,40,0,40,富邦-中壢,2023-07-18,9636
3202,樺晟,40,0,40,富邦-中壢,2023-07-18,9636
2838,聯邦銀,40,0,40,富邦-中壢,2023-07-18,9636
2812,台中銀,57,19,38,富邦-中壢,2023-07-18,9636
1609,大亞,186,149,37,富邦-中壢,2023-07-18,9636
3071,協禧,104,66,38,富邦-中壢,2023-07-18,9636
2206,三陽工業,44,9,35,富邦-中壢,2023-07-18,9636
2409,友達,61,26,35,富邦-中壢,2023-07-18,9636
3078,僑威,108,75,33,富邦-中壢,2023-07-18,9636
3363,上詮,67,37,30,富邦-中壢,2023-07-18,9636
1471,首利,37,8,29,富邦-中壢,2023-07-18,9636
1313,聯成,66,37,29,富邦-中壢,2023-07-18,9636
3380,明泰,43,14,29,富邦-中壢,2023-07-18,9636
9904,寶成,40,12,28,富邦-中壢,2023-07-18,9636
1402,遠東新,26,0,26,富邦-中壢,2023-07-18,9636
3013,晟銘電,36,10,26,富邦-中壢,2023-07-18,9636
1711,永光,79,53,26,富邦-中壢,2023-07-18,9636
3706,神達,554,336,218,富邦-中壢,2023-07-19,9636
3481,群創,333,126,207,富邦-中壢,2023-07-19,9636
2353,宏��,266,83,183,富邦-中壢,2023-07-19,9636
2520,冠德,170,0,170,富邦-中壢,2023-07-19,9636
00751B,元大AAA至A公司債,207,40,167,富邦-中壢,2023-07-19,9636
00929,復華台灣科技優息,190,24,166,富邦-中壢,2023-07-19,9636
2633,台灣高鐵,152,0,152,富邦-中壢,2023-07-19,9636
2324,仁寶,269,136,133,富邦-中壢,2023-07-19,9636
4931,新盛力,130,3,127,富邦-中壢,2023-07-19,9636
2867,三商壽,107,0,107,富邦-中壢,2023-07-19,9636
4938,和碩,205,101,104,富邦-中壢,2023-07-19,9636
00687B,國泰20年美債,98,2,96,富邦-中壢,2023-07-19,9636
00679B,元大美債20年,109,13,96,富邦-中壢,2023-07-19,9636
2356,英業達,556,463,93,富邦-中壢,2023-07-19,9636
2882,國泰金,94,3,91,富邦-中壢,2023-07-19,9636
5534,長虹,90,0,90,富邦-中壢,2023-07-19,9636
2515,中工,92,3,89,富邦-中壢,2023-07-19,9636
2303,聯電,90,2,88,富邦-中壢,2023-07-19,9636
00633L,富邦上証正2,102,20,82,富邦-中壢,2023-07-19,9636
2881,富邦金,90,16,74,富邦-中壢,2023-07-19,9636
2331,精英,109,41,68,富邦-中壢,2023-07-19,9636
00795B,中信美國公債20年,67,5,62,富邦-中壢,2023-07-19,9636
6274,台燿,83,23,60,富邦-中壢,2023-07-19,9636
3284,太普高,60,0,60,富邦-中壢,2023-07-19,9636
00882,中信中國高股息,74,16,58,富邦-中壢,2023-07-19,9636
3037,欣興,138,83,55,富邦-中壢,2023-07-19,9636
00648R,元大S＆P500反1,50,0,50,富邦-中壢,2023-07-19,9636
4155,訊映,50,0,50,富邦-中壢,2023-07-19,9636
2883,凱基金,51,5,46,富邦-中壢,2023-07-19,9636
00900,富邦特選高股息30,58,14,44,富邦-中壢,2023-07-19,9636
6282,康舒,129,88,41,富邦-中壢,2023-07-19,9636
2329,華泰,166,127,39,富邦-中壢,2023-07-19,9636
2442,新美齊,39,0,39,富邦-中壢,2023-07-19,9636
3205,佰研,40,1,39,富邦-中壢,2023-07-19,9636
00665L,富邦�琤肭磪囓�2,38,0,38,富邦-中壢,2023-07-19,9636
3013,晟銘電,52,14,38,富邦-中壢,2023-07-19,9636
4526,東台,38,0,38,富邦-中壢,2023-07-19,9636
6142,友勁,37,0,37,富邦-中壢,2023-07-19,9636
2610,華航,133,98,35,富邦-中壢,2023-07-19,9636
2884,玉山金,45,10,35,富邦-中壢,2023-07-19,9636
6530,創威,32,0,32,富邦-中壢,2023-07-19,9636
00888,永豐台灣ESG,31,0,31,富邦-中壢,2023-07-19,9636
2838,聯邦銀,31,0,31,富邦-中壢,2023-07-19,9636
1618,合機,33,3,30,富邦-中壢,2023-07-19,9636
2323,中環,65,36,29,富邦-中壢,2023-07-19,9636
4916,事欣科,29,0,29,富邦-中壢,2023-07-19,9636
8234,新漢,29,1,28,富邦-中壢,2023-07-19,9636
2312,金寶,190,163,27,富邦-中壢,2023-07-19,9636
1402,遠東新,27,0,27,富邦-中壢,2023-07-19,9636
00692,富邦公司治理,42,16,26,富邦-中壢,2023-07-19,9636
2303,聯電,253,30,223,富邦-中壢,2023-07-20,9636
1337,再生-KY,113,3,110,富邦-中壢,2023-07-20,9636
00929,復華台灣科技優息,120,14,106,富邦-中壢,2023-07-20,9636
2102,泰豐,100,0,100,富邦-中壢,2023-07-20,9636
2316,楠梓電,129,41,88,富邦-中壢,2023-07-20,9636
1102,亞泥,88,2,86,富邦-中壢,2023-07-20,9636
2352,佳世達,109,32,77,富邦-中壢,2023-07-20,9636
4916,事欣科,88,11,77,富邦-中壢,2023-07-20,9636
00882,中信中國高股息,84,17,67,富邦-中壢,2023-07-20,9636
2402,毅嘉,79,21,58,富邦-中壢,2023-07-20,9636
3221,台嘉碩,54,0,54,富邦-中壢,2023-07-20,9636
00764B,群益25年美債,53,0,53,富邦-中壢,2023-07-20,9636
4938,和碩,64,14,50,富邦-中壢,2023-07-20,9636
1210,大成,69,21,48,富邦-中壢,2023-07-20,9636
00679B,元大美債20年,46,2,44,富邦-中壢,2023-07-20,9636
6841,長佳智能,67,25,42,富邦-中壢,2023-07-20,9636
8926,台汽電,43,1,42,富邦-中壢,2023-07-20,9636
4153,鈺緯,42,1,41,富邦-中壢,2023-07-20,9636
3037,欣興,99,60,39,富邦-中壢,2023-07-20,9636
3289,宜特,61,25,36,富邦-中壢,2023-07-20,9636
2317,鴻海,145,109,36,富邦-中壢,2023-07-20,9636
2838,聯邦銀,35,0,35,富邦-中壢,2023-07-20,9636
00712,復華富時不動產,40,6,34,富邦-中壢,2023-07-20,9636
6158,禾昌,41,8,33,富邦-中壢,2023-07-20,9636
00795B,中信美國公債20年,31,0,31,富邦-中壢,2023-07-20,9636
3260,威剛,33,3,30,富邦-中壢,2023-07-20,9636
2206,三陽工業,62,35,27,富邦-中壢,2023-07-20,9636
8050,廣積,34,8,26,富邦-中壢,2023-07-20,9636
2881,富邦金,25,2,23,富邦-中壢,2023-07-20,9636
4123,晟德,95,73,22,富邦-中壢,2023-07-20,9636
2419,仲琦,33,11,22,富邦-中壢,2023-07-20,9636
00687B,國泰20年美債,32,10,22,富邦-中壢,2023-07-20,9636
2705,六福,28,6,22,富邦-中壢,2023-07-20,9636
3055,蔚華科,24,2,22,富邦-中壢,2023-07-20,9636
00877,復華中國5G,22,0,22,富邦-中壢,2023-07-20,9636
1229,聯華,20,0,20,富邦-中壢,2023-07-20,9636
2337,旺宏,32,12,20,富邦-中壢,2023-07-20,9636
2897,王道銀行,20,0,20,富邦-中壢,2023-07-20,9636
4154,樂威科-KY,20,0,20,富邦-中壢,2023-07-20,9636
1409,新纖,20,1,19,富邦-中壢,2023-07-20,9636
5351,鈺創,22,4,18,富邦-中壢,2023-07-20,9636
8227,巨有科技,20,2,18,富邦-中壢,2023-07-20,9636
8033,雷虎,22,5,17,富邦-中壢,2023-07-20,9636
00683L,期元大美元指正2,20,3,17,富邦-中壢,2023-07-20,9636
6550,北極星藥業-KY,18,2,16,富邦-中壢,2023-07-20,9636
5284,jpp-KY,16,0,16,富邦-中壢,2023-07-20,9636
2506,太設,15,0,15,富邦-中壢,2023-07-20,9636
3032,偉訓,39,24,15,富邦-中壢,2023-07-20,9636
1795,美時,24,10,14,富邦-中壢,2023-07-20,9636
2801,彰銀,14,0,14,富邦-中壢,2023-07-20,9636
00929,復華台灣科技優息,253,53,200,富邦-中壢,2023-07-21,9636
2889,國票金,202,11,191,富邦-中壢,2023-07-21,9636
1513,中興電,304,148,156,富邦-中壢,2023-07-21,9636
6188,廣明,177,41,136,富邦-中壢,2023-07-21,9636
00893,國泰智能電動車,171,39,132,富邦-中壢,2023-07-21,9636
1810,和成,102,0,102,富邦-中壢,2023-07-21,9636
00882,中信中國高股息,118,18,100,富邦-中壢,2023-07-21,9636
4916,事欣科,123,33,90,富邦-中壢,2023-07-21,9636
2303,聯電,99,18,81,富邦-中壢,2023-07-21,9636
2352,佳世達,74,12,62,富邦-中壢,2023-07-21,9636
00919,群益台灣精選高息,75,16,59,富邦-中壢,2023-07-21,9636
00679B,元大美債20年,62,6,56,富邦-中壢,2023-07-21,9636
2882,國泰金,64,8,56,富邦-中壢,2023-07-21,9636
1101,台泥,60,5,55,富邦-中壢,2023-07-21,9636
2330,台積電,65,11,54,富邦-中壢,2023-07-21,9636
4747,強生,58,5,53,富邦-中壢,2023-07-21,9636
4155,訊映,50,0,50,富邦-中壢,2023-07-21,9636
2838,聯邦銀,50,0,50,富邦-中壢,2023-07-21,9636
2329,華泰,199,149,50,富邦-中壢,2023-07-21,9636
1102,亞泥,50,1,49,富邦-中壢,2023-07-21,9636
6282,康舒,125,76,49,富邦-中壢,2023-07-21,9636
2206,三陽工業,62,15,47,富邦-中壢,2023-07-21,9636
3532,台勝科,49,2,47,富邦-中壢,2023-07-21,9636
00665L,富邦�琤肭磪囓�2,95,50,45,富邦-中壢,2023-07-21,9636
2887,台新金,91,47,44,富邦-中壢,2023-07-21,9636
2609,陽明,79,37,42,富邦-中壢,2023-07-21,9636
2520,冠德,41,0,41,富邦-中壢,2023-07-21,9636
1337,再生-KY,40,0,40,富邦-中壢,2023-07-21,9636
0050,元大台灣50,41,1,40,富邦-中壢,2023-07-21,9636
2344,華邦電,51,14,37,富邦-中壢,2023-07-21,9636
5340,建榮,42,9,33,富邦-中壢,2023-07-21,9636
00712,復華富時不動產,35,4,31,富邦-中壢,2023-07-21,9636
4934,太極,39,9,30,富邦-中壢,2023-07-21,9636
006208,富邦台50,31,1,30,富邦-中壢,2023-07-21,9636
5876,上海商銀,32,3,29,富邦-中壢,2023-07-21,9636
3706,神達,70,42,28,富邦-中壢,2023-07-21,9636
3588,通嘉,31,3,28,富邦-中壢,2023-07-21,9636
2201,裕隆,46,18,28,富邦-中壢,2023-07-21,9636
3037,欣興,43,17,26,富邦-中壢,2023-07-21,9636
6217,中探針,38,13,25,富邦-中壢,2023-07-21,9636
2897,王道銀行,30,5,25,富邦-中壢,2023-07-21,9636
00692,富邦公司治理,27,2,25,富邦-中壢,2023-07-21,9636
00687B,國泰20年美債,25,1,24,富邦-中壢,2023-07-21,9636
2454,聯發科,30,6,24,富邦-中壢,2023-07-21,9636
00673R,期元大S＆P原油反1,39,15,24,富邦-中壢,2023-07-21,9636
1402,遠東新,24,1,23,富邦-中壢,2023-07-21,9636
3712,永崴投控,23,0,23,富邦-中壢,2023-07-21,9636
5607,遠雄港,22,0,22,富邦-中壢,2023-07-21,9636
3032,偉訓,33,11,22,富邦-中壢,2023-07-21,9636
6548,長科*,23,1,22,富邦-中壢,2023-07-21,9636
00924,復華S＆P500成長,261,0,261,富邦-中壢,2023-07-24,9636
2889,國票金,205,1,204,富邦-中壢,2023-07-24,9636
2303,聯電,199,23,176,富邦-中壢,2023-07-24,9636
2353,宏��,254,116,138,富邦-中壢,2023-07-24,9636
00929,復華台灣科技優息,286,161,125,富邦-中壢,2023-07-24,9636
00673R,期元大S＆P原油反1,132,10,122,富邦-中壢,2023-07-24,9636
6116,彩晶,137,28,109,富邦-中壢,2023-07-24,9636
3059,華晶科,103,0,103,富邦-中壢,2023-07-24,9636
4155,訊映,102,0,102,富邦-中壢,2023-07-24,9636
3013,晟銘電,250,154,96,富邦-中壢,2023-07-24,9636
2884,玉山金,91,4,87,富邦-中壢,2023-07-24,9636
3682,亞太電,94,8,86,富邦-中壢,2023-07-24,9636
6285,啟��,89,10,79,富邦-中壢,2023-07-24,9636
2887,台新金,100,23,77,富邦-中壢,2023-07-24,9636
3481,群創,208,140,68,富邦-中壢,2023-07-24,9636
6188,廣明,352,285,67,富邦-中壢,2023-07-24,9636
2891,中信金,65,1,64,富邦-中壢,2023-07-24,9636
2461,光群雷,97,35,62,富邦-中壢,2023-07-24,9636
1102,亞泥,69,10,59,富邦-中壢,2023-07-24,9636
00633L,富邦上証正2,85,31,54,富邦-中壢,2023-07-24,9636
3706,神達,76,26,50,富邦-中壢,2023-07-24,9636
1514,亞力,70,21,49,富邦-中壢,2023-07-24,9636
00751B,元大AAA至A公司債,57,9,48,富邦-中壢,2023-07-24,9636
2409,友達,71,24,47,富邦-中壢,2023-07-24,9636
00919,群益台灣精選高息,63,17,46,富邦-中壢,2023-07-24,9636
3284,太普高,46,0,46,富邦-中壢,2023-07-24,9636
6770,力積電,42,2,40,富邦-中壢,2023-07-24,9636
4916,事欣科,42,2,40,富邦-中壢,2023-07-24,9636
2405,輔信,45,5,40,富邦-中壢,2023-07-24,9636
3264,欣銓,46,7,39,富邦-中壢,2023-07-24,9636
3162,精確,39,0,39,富邦-中壢,2023-07-24,9636
2603,長榮,189,153,36,富邦-中壢,2023-07-24,9636
6217,中探針,44,8,36,富邦-中壢,2023-07-24,9636
3338,泰碩,60,24,36,富邦-中壢,2023-07-24,9636
00923,群益台ESG低碳50,34,0,34,富邦-中壢,2023-07-24,9636
1609,大亞,178,145,33,富邦-中壢,2023-07-24,9636
2547,日勝生,32,0,32,富邦-中壢,2023-07-24,9636
6158,禾昌,32,0,32,富邦-中壢,2023-07-24,9636
1784,訊聯,29,0,29,富邦-中壢,2023-07-24,9636
9802,鈺齊-KY,28,0,28,富邦-中壢,2023-07-24,9636
2301,光寶科,107,80,27,富邦-中壢,2023-07-24,9636
1503,士電,29,3,26,富邦-中壢,2023-07-24,9636
2201,裕隆,35,10,25,富邦-中壢,2023-07-24,9636
2609,陽明,153,128,25,富邦-中壢,2023-07-24,9636
1337,再生-KY,25,0,25,富邦-中壢,2023-07-24,9636
00720B,元大投資級公司債,36,11,25,富邦-中壢,2023-07-24,9636
00927,群益半導體收益,26,1,25,富邦-中壢,2023-07-24,9636
4746,台耀,36,11,25,富邦-中壢,2023-07-24,9636
5534,長虹,24,0,24,富邦-中壢,2023-07-24,9636
4923,力士,24,0,24,富邦-中壢,2023-07-24,9636
00632R,元大台灣50反1,1111,193,918,富邦-中壢,2023-07-25,9636
00673R,期元大S＆P原油反1,634,0,634,富邦-中壢,2023-07-25,9636
2376,技嘉,417,89,328,富邦-中壢,2023-07-25,9636
2520,冠德,155,0,155,富邦-中壢,2023-07-25,9636
00929,復華台灣科技優息,132,37,95,富邦-中壢,2023-07-25,9636
3037,欣興,213,121,92,富邦-中壢,2023-07-25,9636
1454,台富,88,0,88,富邦-中壢,2023-07-25,9636
1905,華紙,119,46,73,富邦-中壢,2023-07-25,9636
2352,佳世達,100,40,60,富邦-中壢,2023-07-25,9636
00712,復華富時不動產,65,5,60,富邦-中壢,2023-07-25,9636
2382,廣達,360,303,57,富邦-中壢,2023-07-25,9636
6120,達運,66,12,54,富邦-中壢,2023-07-25,9636
2887,台新金,67,14,53,富邦-中壢,2023-07-25,9636
00720B,元大投資級公司債,59,6,53,富邦-中壢,2023-07-25,9636
00679B,元大美債20年,78,26,52,富邦-中壢,2023-07-25,9636
2867,三商壽,50,0,50,富邦-中壢,2023-07-25,9636
2102,泰豐,50,0,50,富邦-中壢,2023-07-25,9636
2419,仲琦,101,54,47,富邦-中壢,2023-07-25,9636
3702,大聯大,45,0,45,富邦-中壢,2023-07-25,9636
00885,富邦越南,52,9,43,富邦-中壢,2023-07-25,9636
3013,晟銘電,134,95,39,富邦-中壢,2023-07-25,9636
00655L,國泰中國A50正2,40,2,38,富邦-中壢,2023-07-25,9636
00902,中信電池及儲能,52,15,37,富邦-中壢,2023-07-25,9636
2838,聯邦銀,37,0,37,富邦-中壢,2023-07-25,9636
2312,金寶,127,92,35,富邦-中壢,2023-07-25,9636
2356,英業達,115,79,36,富邦-中壢,2023-07-25,9636
2392,正崴,35,0,35,富邦-中壢,2023-07-25,9636
00795B,中信美國公債20年,36,1,35,富邦-中壢,2023-07-25,9636
1612,宏泰,42,9,33,富邦-中壢,2023-07-25,9636
00919,群益台灣精選高息,41,9,32,富邦-中壢,2023-07-25,9636
00665L,富邦�琤肭磪囓�2,111,79,32,富邦-中壢,2023-07-25,9636
1584,精剛,33,2,31,富邦-中壢,2023-07-25,9636
3706,神達,74,44,30,富邦-中壢,2023-07-25,9636
3227,原相,44,15,29,富邦-中壢,2023-07-25,9636
2355,敬鵬,29,0,29,富邦-中壢,2023-07-25,9636
6125,廣運,76,48,28,富邦-中壢,2023-07-25,9636
3071,協禧,76,49,27,富邦-中壢,2023-07-25,9636
2645,長榮航太,25,0,25,富邦-中壢,2023-07-25,9636
00751B,元大AAA至A公司債,23,0,23,富邦-中壢,2023-07-25,9636
00722B,群益投資級電信債,22,0,22,富邦-中壢,2023-07-25,9636
2337,旺宏,26,5,21,富邦-中壢,2023-07-25,9636
2421,建準,52,31,21,富邦-中壢,2023-07-25,9636
2303,聯電,37,17,20,富邦-中壢,2023-07-25,9636
2316,楠梓電,35,14,21,富邦-中壢,2023-07-25,9636
6197,佳必琪,22,2,20,富邦-中壢,2023-07-25,9636
5534,長虹,20,0,20,富邦-中壢,2023-07-25,9636
00634R,富邦上証反1,20,0,20,富邦-中壢,2023-07-25,9636
4714,永捷,20,0,20,富邦-中壢,2023-07-25,9636
9938,百和,19,0,19,富邦-中壢,2023-07-25,9636
5457,宣德,20,1,19,富邦-中壢,2023-07-25,9636
00929,復華台灣科技優息,234,9,225,富邦-中壢,2023-07-26,9636
1504,東元,302,164,138,富邦-中壢,2023-07-26,9636
4533,協易機,204,75,129,富邦-中壢,2023-07-26,9636
2010,春源,115,4,111,富邦-中壢,2023-07-26,9636
2329,華泰,435,352,83,富邦-中壢,2023-07-26,9636
2887,台新金,101,28,73,富邦-中壢,2023-07-26,9636
00713,元大台灣高息低波,75,5,70,富邦-中壢,2023-07-26,9636
00673R,期元大S＆P原油反1,66,10,56,富邦-中壢,2023-07-26,9636
2382,廣達,236,181,55,富邦-中壢,2023-07-26,9636
00902,中信電池及儲能,63,10,53,富邦-中壢,2023-07-26,9636
2371,大同,50,5,45,富邦-中壢,2023-07-26,9636
3162,精確,44,0,44,富邦-中壢,2023-07-26,9636
4989,榮科,50,8,42,富邦-中壢,2023-07-26,9636
6188,廣明,129,87,42,富邦-中壢,2023-07-26,9636
3682,亞太電,40,0,40,富邦-中壢,2023-07-26,9636
6112,邁達特,84,46,38,富邦-中壢,2023-07-26,9636
3380,明泰,49,11,38,富邦-中壢,2023-07-26,9636
1301,台塑,39,1,38,富邦-中壢,2023-07-26,9636
6125,廣運,116,78,38,富邦-中壢,2023-07-26,9636
1514,亞力,40,3,37,富邦-中壢,2023-07-26,9636
8358,金居,161,124,37,富邦-中壢,2023-07-26,9636
6197,佳必琪,41,4,37,富邦-中壢,2023-07-26,9636
2303,聯電,41,6,35,富邦-中壢,2023-07-26,9636
2354,鴻準,49,13,36,富邦-中壢,2023-07-26,9636
2014,中鴻,40,7,33,富邦-中壢,2023-07-26,9636
00882,中信中國高股息,44,12,32,富邦-中壢,2023-07-26,9636
1609,大亞,47,15,32,富邦-中壢,2023-07-26,9636
2002,中鋼,48,17,31,富邦-中壢,2023-07-26,9636
4123,晟德,37,7,30,富邦-中壢,2023-07-26,9636
1529,樂事綠能,41,11,30,富邦-中壢,2023-07-26,9636
2102,泰豐,29,0,29,富邦-中壢,2023-07-26,9636
9938,百和,29,0,29,富邦-中壢,2023-07-26,9636
2340,台亞,56,27,29,富邦-中壢,2023-07-26,9636
3583,辛耘,67,38,29,富邦-中壢,2023-07-26,9636
4414,如興,36,8,28,富邦-中壢,2023-07-26,9636
6841,長佳智能,43,16,27,富邦-中壢,2023-07-26,9636
00927,群益半導體收益,27,0,27,富邦-中壢,2023-07-26,9636
8926,台汽電,30,3,27,富邦-中壢,2023-07-26,9636
00720B,元大投資級公司債,34,8,26,富邦-中壢,2023-07-26,9636
1513,中興電,43,18,25,富邦-中壢,2023-07-26,9636
3706,神達,33,9,24,富邦-中壢,2023-07-26,9636
2206,三陽工業,27,4,23,富邦-中壢,2023-07-26,9636
3017,奇鋐,36,13,23,富邦-中壢,2023-07-26,9636
5009,榮剛,25,3,22,富邦-中壢,2023-07-26,9636
2520,冠德,22,0,22,富邦-中壢,2023-07-26,9636
8050,廣積,28,6,22,富邦-中壢,2023-07-26,9636
5443,均豪,30,9,21,富邦-中壢,2023-07-26,9636
00772B,中信高評級公司債,26,5,21,富邦-中壢,2023-07-26,9636
3711,日月光投控,23,2,21,富邦-中壢,2023-07-26,9636
00637L,元大滬深300正2,30,9,21,富邦-中壢,2023-07-26,9636
00665L,富邦�琤肭磪囓�2,623,184,439,富邦-中壢,2023-07-27,9636
2889,國票金,405,1,404,富邦-中壢,2023-07-27,9636
00751B,元大AAA至A公司債,305,6,299,富邦-中壢,2023-07-27,9636
2323,中環,103,5,98,富邦-中壢,2023-07-27,9636
6282,康舒,178,93,85,富邦-中壢,2023-07-27,9636
4916,事欣科,80,10,70,富邦-中壢,2023-07-27,9636
2884,玉山金,71,3,68,富邦-中壢,2023-07-27,9636
3037,欣興,93,26,67,富邦-中壢,2023-07-27,9636
6125,廣運,116,53,63,富邦-中壢,2023-07-27,9636
1587,吉茂,66,7,59,富邦-中壢,2023-07-27,9636
5534,長虹,59,0,59,富邦-中壢,2023-07-27,9636
00673R,期元大S＆P原油反1,135,76,59,富邦-中壢,2023-07-27,9636
2887,台新金,60,4,56,富邦-中壢,2023-07-27,9636
8358,金居,112,59,53,富邦-中壢,2023-07-27,9636
00902,中信電池及儲能,70,18,52,富邦-中壢,2023-07-27,9636
1522,堤維西,74,22,52,富邦-中壢,2023-07-27,9636
00687B,國泰20年美債,50,0,50,富邦-中壢,2023-07-27,9636
00688L,國泰20年美債正2,50,0,50,富邦-中壢,2023-07-27,9636
4533,協易機,185,136,49,富邦-中壢,2023-07-27,9636
2427,三商電,109,60,49,富邦-中壢,2023-07-27,9636
00679B,元大美債20年,56,11,45,富邦-中壢,2023-07-27,9636
2892,第一金,43,6,37,富邦-中壢,2023-07-27,9636
1514,亞力,36,1,35,富邦-中壢,2023-07-27,9636
1618,合機,38,5,33,富邦-中壢,2023-07-27,9636
2002,中鋼,41,8,33,富邦-中壢,2023-07-27,9636
2880,華南金,31,1,30,富邦-中壢,2023-07-27,9636
2337,旺宏,32,2,30,富邦-中壢,2023-07-27,9636
00885,富邦越南,39,10,29,富邦-中壢,2023-07-27,9636
00720B,元大投資級公司債,31,2,29,富邦-中壢,2023-07-27,9636
2371,大同,61,34,27,富邦-中壢,2023-07-27,9636
1815,富喬,41,17,24,富邦-中壢,2023-07-27,9636
2368,金像電,45,22,23,富邦-中壢,2023-07-27,9636
1301,台塑,25,2,23,富邦-中壢,2023-07-27,9636
2609,陽明,39,17,22,富邦-中壢,2023-07-27,9636
6188,廣明,184,163,21,富邦-中壢,2023-07-27,9636
3071,協禧,49,28,21,富邦-中壢,2023-07-27,9636
4532,瑞智,24,3,21,富邦-中壢,2023-07-27,9636
2102,泰豐,21,0,21,富邦-中壢,2023-07-27,9636
2471,資通,93,72,21,富邦-中壢,2023-07-27,9636
5392,能率,20,0,20,富邦-中壢,2023-07-27,9636
5452,佶優,45,25,20,富邦-中壢,2023-07-27,9636
6233,旺玖,20,0,20,富邦-中壢,2023-07-27,9636
6861,睿生光電,21,1,20,富邦-中壢,2023-07-27,9636
3715,定穎投控,27,7,20,富邦-中壢,2023-07-27,9636
6257,矽格,22,3,19,富邦-中壢,2023-07-27,9636
6197,佳必琪,21,2,19,富邦-中壢,2023-07-27,9636
00773B,中信優先金融債,19,0,19,富邦-中壢,2023-07-27,9636
1711,永光,41,22,19,富邦-中壢,2023-07-27,9636
3062,建漢,19,1,18,富邦-中壢,2023-07-27,9636
4564,元翎,20,2,18,富邦-中壢,2023-07-27,9636
00680L,元大美債20正2,496,0,496,富邦-中壢,2023-07-28,9636
00679B,元大美債20年,189,6,183,富邦-中壢,2023-07-28,9636
3231,緯創,295,128,167,富邦-中壢,2023-07-28,9636
2891,中信金,166,3,163,富邦-中壢,2023-07-28,9636
1217,愛之味,122,1,121,富邦-中壢,2023-07-28,9636
00720B,元大投資級公司債,114,0,114,富邦-中壢,2023-07-28,9636
2102,泰豐,100,0,100,富邦-中壢,2023-07-28,9636
2031,新光鋼,92,2,90,富邦-中壢,2023-07-28,9636
00632R,元大台灣50反1,124,34,90,富邦-中壢,2023-07-28,9636
00687B,國泰20年美債,82,0,82,富邦-中壢,2023-07-28,9636
00751B,元大AAA至A公司債,81,1,80,富邦-中壢,2023-07-28,9636
6116,彩晶,80,0,80,富邦-中壢,2023-07-28,9636
2303,聯電,99,30,69,富邦-中壢,2023-07-28,9636
2017,官田鋼,69,0,69,富邦-中壢,2023-07-28,9636
00772B,中信高評級公司債,67,1,66,富邦-中壢,2023-07-28,9636
00929,復華台灣科技優息,129,65,64,富邦-中壢,2023-07-28,9636
1905,華紙,372,315,57,富邦-中壢,2023-07-28,9636
1587,吉茂,57,1,56,富邦-中壢,2023-07-28,9636
00795B,中信美國公債20年,51,0,51,富邦-中壢,2023-07-28,9636
6285,啟��,57,7,50,富邦-中壢,2023-07-28,9636
00712,復華富時不動產,56,7,49,富邦-中壢,2023-07-28,9636
2301,光寶科,143,96,47,富邦-中壢,2023-07-28,9636
00919,群益台灣精選高息,58,11,47,富邦-中壢,2023-07-28,9636
2329,華泰,347,301,46,富邦-中壢,2023-07-28,9636
1815,富喬,129,86,43,富邦-中壢,2023-07-28,9636
2002,中鋼,58,17,41,富邦-中壢,2023-07-28,9636
00669R,國泰美國道瓊反1,40,0,40,富邦-中壢,2023-07-28,9636
2610,華航,53,14,39,富邦-中壢,2023-07-28,9636
1618,合機,37,1,36,富邦-中壢,2023-07-28,9636
5009,榮剛,42,6,36,富邦-中壢,2023-07-28,9636
00706L,期元大S＆P日圓正2,33,0,33,富邦-中壢,2023-07-28,9636
2027,大成鋼,51,18,33,富邦-中壢,2023-07-28,9636
2834,臺企銀,38,5,33,富邦-中壢,2023-07-28,9636
1907,永豐餘,37,5,32,富邦-中壢,2023-07-28,9636
2897,王道銀行,30,0,30,富邦-中壢,2023-07-28,9636
00713,元大台灣高息低波,30,2,28,富邦-中壢,2023-07-28,9636
6548,長科*,29,1,28,富邦-中壢,2023-07-28,9636
2369,菱生,49,21,28,富邦-中壢,2023-07-28,9636
00902,中信電池及儲能,27,0,27,富邦-中壢,2023-07-28,9636
2312,金寶,59,32,27,富邦-中壢,2023-07-28,9636
8234,新漢,28,1,27,富邦-中壢,2023-07-28,9636
00688L,國泰20年美債正2,25,0,25,富邦-中壢,2023-07-28,9636
2887,台新金,31,7,24,富邦-中壢,2023-07-28,9636
8926,台汽電,26,2,24,富邦-中壢,2023-07-28,9636
2201,裕隆,24,1,23,富邦-中壢,2023-07-28,9636
2913,農林,120,98,22,富邦-中壢,2023-07-28,9636
2882,國泰金,25,3,22,富邦-中壢,2023-07-28,9636
00890B,凱基ESG BBB債,21,0,21,富邦-中壢,2023-07-28,9636
2399,映泰,24,3,21,富邦-中壢,2023-07-28,9636
2206,三陽工業,25,5,20,富邦-中壢,2023-07-28,9636
3481,群創,488,251,237,富邦-中壢,2023-07-31,9636
4916,事欣科,194,18,176,富邦-中壢,2023-07-31,9636
00679B,元大美債20年,166,2,164,富邦-中壢,2023-07-31,9636
00929,復華台灣科技優息,233,77,156,富邦-中壢,2023-07-31,9636
00878,國泰永續高股息,409,274,135,富邦-中壢,2023-07-31,9636
2618,長榮航,123,11,112,富邦-中壢,2023-07-31,9636
00720B,元大投資級公司債,105,1,104,富邦-中壢,2023-07-31,9636
2382,廣達,223,123,100,富邦-中壢,2023-07-31,9636
00669R,國泰美國道瓊反1,100,0,100,富邦-中壢,2023-07-31,9636
2329,華泰,371,282,89,富邦-中壢,2023-07-31,9636
00676R,富邦臺灣加權反1,80,0,80,富邦-中壢,2023-07-31,9636
1409,新纖,80,0,80,富邦-中壢,2023-07-31,9636
3231,緯創,242,163,79,富邦-中壢,2023-07-31,9636
2002,中鋼,82,16,66,富邦-中壢,2023-07-31,9636
00664R,國泰臺灣加權反1,60,0,60,富邦-中壢,2023-07-31,9636
2352,佳世達,80,23,57,富邦-中壢,2023-07-31,9636
6789,采鈺,54,0,54,富邦-中壢,2023-07-31,9636
2603,長榮,68,14,54,富邦-中壢,2023-07-31,9636
00722B,群益投資級電信債,53,0,53,富邦-中壢,2023-07-31,9636
2610,華航,83,32,51,富邦-中壢,2023-07-31,9636
1907,永豐餘,69,18,51,富邦-中壢,2023-07-31,9636
3264,欣銓,72,21,51,富邦-中壢,2023-07-31,9636
2419,仲琦,165,115,50,富邦-中壢,2023-07-31,9636
2356,英業達,85,39,46,富邦-中壢,2023-07-31,9636
2027,大成鋼,49,7,42,富邦-中壢,2023-07-31,9636
2609,陽明,78,36,42,富邦-中壢,2023-07-31,9636
3013,晟銘電,78,36,42,富邦-中壢,2023-07-31,9636
00673R,期元大S＆P原油反1,41,0,41,富邦-中壢,2023-07-31,9636
3017,奇鋐,61,22,39,富邦-中壢,2023-07-31,9636
2301,光寶科,395,356,39,富邦-中壢,2023-07-31,9636
1560,中砂,41,3,38,富邦-中壢,2023-07-31,9636
8358,金居,91,54,37,富邦-中壢,2023-07-31,9636
2891,中信金,44,7,37,富邦-中壢,2023-07-31,9636
00687B,國泰20年美債,37,1,36,富邦-中壢,2023-07-31,9636
6116,彩晶,44,10,34,富邦-中壢,2023-07-31,9636
2542,興富發,33,0,33,富邦-中壢,2023-07-31,9636
00706L,期元大S＆P日圓正2,33,0,33,富邦-中壢,2023-07-31,9636
00680L,元大美債20正2,34,4,30,富邦-中壢,2023-07-31,9636
2303,聯電,37,10,27,富邦-中壢,2023-07-31,9636
4989,榮科,76,52,24,富邦-中壢,2023-07-31,9636
00885,富邦越南,53,29,24,富邦-中壢,2023-07-31,9636
5880,合庫金,34,10,24,富邦-中壢,2023-07-31,9636
1609,大亞,32,8,24,富邦-中壢,2023-07-31,9636
3037,欣興,72,49,23,富邦-中壢,2023-07-31,9636
6285,啟��,131,108,23,富邦-中壢,2023-07-31,9636
3209,全科,22,0,22,富邦-中壢,2023-07-31,9636
2892,第一金,25,3,22,富邦-中壢,2023-07-31,9636
4979,華星光,92,71,21,富邦-中壢,2023-07-31,9636
00688L,國泰20年美債正2,20,0,20,富邦-中壢,2023-07-31,9636
6190,萬泰科,38,18,20,富邦-中壢,2023-07-31,9636
0056,元大高股息,620,165,455,富邦-中壢,2023-08-01,9636
00673R,期元大S＆P原油反1,438,10,428,富邦-中壢,2023-08-01,9636
00929,復華台灣科技優息,236,2,234,富邦-中壢,2023-08-01,9636
00753L,中信中國50正2,224,20,204,富邦-中壢,2023-08-01,9636
2913,農林,205,126,79,富邦-中壢,2023-08-01,9636
00679B,元大美債20年,68,4,64,富邦-中壢,2023-08-01,9636
2891,中信金,68,6,62,富邦-中壢,2023-08-01,9636
2542,興富發,61,3,58,富邦-中壢,2023-08-01,9636
6282,康舒,173,117,56,富邦-中壢,2023-08-01,9636
2206,三陽工業,70,18,52,富邦-中壢,2023-08-01,9636
1409,新纖,50,0,50,富邦-中壢,2023-08-01,9636
1905,華紙,81,31,50,富邦-中壢,2023-08-01,9636
2344,華邦電,77,29,48,富邦-中壢,2023-08-01,9636
2890,永豐金,49,2,47,富邦-中壢,2023-08-01,9636
2312,金寶,71,24,47,富邦-中壢,2023-08-01,9636
1802,台玻,176,129,47,富邦-中壢,2023-08-01,9636
00923,群益台ESG低碳50,46,0,46,富邦-中壢,2023-08-01,9636
3078,僑威,50,6,44,富邦-中壢,2023-08-01,9636
4916,事欣科,46,3,43,富邦-中壢,2023-08-01,9636
6188,廣明,99,57,42,富邦-中壢,2023-08-01,9636
3105,穩懋,44,4,40,富邦-中壢,2023-08-01,9636
6753,龍德造船,45,6,39,富邦-中壢,2023-08-01,9636
4747,強生,45,7,38,富邦-中壢,2023-08-01,9636
2485,兆赫,46,11,35,富邦-中壢,2023-08-01,9636
3264,欣銓,43,8,35,富邦-中壢,2023-08-01,9636
00885,富邦越南,68,34,34,富邦-中壢,2023-08-01,9636
1503,士電,35,2,33,富邦-中壢,2023-08-01,9636
6789,采鈺,35,3,32,富邦-中壢,2023-08-01,9636
8358,金居,44,13,31,富邦-中壢,2023-08-01,9636
00676R,富邦臺灣加權反1,30,0,30,富邦-中壢,2023-08-01,9636
2313,華通,28,0,28,富邦-中壢,2023-08-01,9636
5880,合庫金,55,28,27,富邦-中壢,2023-08-01,9636
1513,中興電,51,24,27,富邦-中壢,2023-08-01,9636
4414,如興,29,3,26,富邦-中壢,2023-08-01,9636
2323,中環,30,5,25,富邦-中壢,2023-08-01,9636
00633L,富邦上証正2,126,102,24,富邦-中壢,2023-08-01,9636
3162,精確,24,0,24,富邦-中壢,2023-08-01,9636
3706,神達,42,19,23,富邦-中壢,2023-08-01,9636
5469,瀚宇博,34,11,23,富邦-中壢,2023-08-01,9636
3013,晟銘電,36,14,22,富邦-中壢,2023-08-01,9636
6218,豪勉,33,11,22,富邦-中壢,2023-08-01,9636
3049,精金,21,0,21,富邦-中壢,2023-08-01,9636
00696B,富邦美債20年,21,0,21,富邦-中壢,2023-08-01,9636
00921,兆豐龍頭等權重,21,0,21,富邦-中壢,2023-08-01,9636
2449,京元電子,40,19,21,富邦-中壢,2023-08-01,9636
3033,威健,23,3,20,富邦-中壢,2023-08-01,9636
5388,中磊,45,25,20,富邦-中壢,2023-08-01,9636
6026,福邦證,20,0,20,富邦-中壢,2023-08-01,9636
2367,燿華,20,0,20,富邦-中壢,2023-08-01,9636
2102,泰豐,20,0,20,富邦-中壢,2023-08-01,9636
00878,國泰永續高股息,895,298,597,富邦-中壢,2023-08-02,9636
00900,富邦特選高股息30,432,47,385,富邦-中壢,2023-08-02,9636
00929,復華台灣科技優息,295,62,233,富邦-中壢,2023-08-02,9636
3481,群創,338,125,213,富邦-中壢,2023-08-02,9636
00923,群益台ESG低碳50,192,8,184,富邦-中壢,2023-08-02,9636
2610,華航,189,18,171,富邦-中壢,2023-08-02,9636
3231,緯創,277,111,166,富邦-中壢,2023-08-02,9636
00751B,元大AAA至A公司債,164,0,164,富邦-中壢,2023-08-02,9636
00688L,國泰20年美債正2,160,0,160,富邦-中壢,2023-08-02,9636
00633L,富邦上証正2,220,69,151,富邦-中壢,2023-08-02,9636
00679B,元大美債20年,149,8,141,富邦-中壢,2023-08-02,9636
00680L,元大美債20正2,116,0,116,富邦-中壢,2023-08-02,9636
2618,長榮航,151,37,114,富邦-中壢,2023-08-02,9636
2301,光寶科,156,51,105,富邦-中壢,2023-08-02,9636
00720B,元大投資級公司債,105,5,100,富邦-中壢,2023-08-02,9636
00664R,國泰臺灣加權反1,100,3,97,富邦-中壢,2023-08-02,9636
00673R,期元大S＆P原油反1,81,0,81,富邦-中壢,2023-08-02,9636
2382,廣達,293,214,79,富邦-中壢,2023-08-02,9636
2882,國泰金,103,27,76,富邦-中壢,2023-08-02,9636
4747,強生,73,1,72,富邦-中壢,2023-08-02,9636
00687B,國泰20年美債,74,3,71,富邦-中壢,2023-08-02,9636
00712,復華富時不動產,94,23,71,富邦-中壢,2023-08-02,9636
2881,富邦金,77,9,68,富邦-中壢,2023-08-02,9636
1314,中石化,85,17,68,富邦-中壢,2023-08-02,9636
9904,寶成,64,0,64,富邦-中壢,2023-08-02,9636
00722B,群益投資級電信債,61,0,61,富邦-中壢,2023-08-02,9636
3037,欣興,139,78,61,富邦-中壢,2023-08-02,9636
6282,康舒,186,127,59,富邦-中壢,2023-08-02,9636
00753L,中信中國50正2,76,20,56,富邦-中壢,2023-08-02,9636
2890,永豐金,52,1,51,富邦-中壢,2023-08-02,9636
1785,光洋科,86,34,52,富邦-中壢,2023-08-02,9636
2102,泰豐,50,0,50,富邦-中壢,2023-08-02,9636
2317,鴻海,55,6,49,富邦-中壢,2023-08-02,9636
2883,凱基金,49,1,48,富邦-中壢,2023-08-02,9636
2312,金寶,78,30,48,富邦-中壢,2023-08-02,9636
2344,華邦電,47,1,46,富邦-中壢,2023-08-02,9636
00696B,富邦美債20年,45,0,45,富邦-中壢,2023-08-02,9636
2371,大同,51,6,45,富邦-中壢,2023-08-02,9636
9802,鈺齊-KY,44,0,44,富邦-中壢,2023-08-02,9636
5469,瀚宇博,48,6,42,富邦-中壢,2023-08-02,9636
2464,盟立,42,0,42,富邦-中壢,2023-08-02,9636
2002,中鋼,54,14,40,富邦-中壢,2023-08-02,9636
3706,神達,96,56,40,富邦-中壢,2023-08-02,9636
3558,神準,44,4,40,富邦-中壢,2023-08-02,9636
2888,新光金,65,27,38,富邦-中壢,2023-08-02,9636
4563,百德,39,2,37,富邦-中壢,2023-08-02,9636
00919,群益台灣精選高息,56,20,36,富邦-中壢,2023-08-02,9636
00665L,富邦�琤肭磪囓�2,45,10,35,富邦-中壢,2023-08-02,9636
00891,中信關鍵半導體,35,1,34,富邦-中壢,2023-08-02,9636
3576,聯合再生,34,0,34,富邦-中壢,2023-08-02,9636
00720B,元大投資級公司債,248,0,248,富邦-中壢,2023-08-04,9636
00687B,國泰20年美債,229,1,228,富邦-中壢,2023-08-04,9636
2352,佳世達,337,116,221,富邦-中壢,2023-08-04,9636
2344,華邦電,279,67,212,富邦-中壢,2023-08-04,9636
00679B,元大美債20年,205,3,202,富邦-中壢,2023-08-04,9636
1605,華新,244,67,177,富邦-中壢,2023-08-04,9636
00680L,元大美債20正2,178,17,161,富邦-中壢,2023-08-04,9636
00751B,元大AAA至A公司債,159,0,159,富邦-中壢,2023-08-04,9636
00929,復華台灣科技優息,183,38,145,富邦-中壢,2023-08-04,9636
2206,三陽工業,149,25,124,富邦-中壢,2023-08-04,9636
00795B,中信美國公債20年,111,0,111,富邦-中壢,2023-08-04,9636
00665L,富邦�琤肭磪囓�2,125,15,110,富邦-中壢,2023-08-04,9636
00688L,國泰20年美債正2,104,0,104,富邦-中壢,2023-08-04,9636
00900,富邦特選高股息30,102,0,102,富邦-中壢,2023-08-04,9636
00772B,中信高評級公司債,94,19,75,富邦-中壢,2023-08-04,9636
00722B,群益投資級電信債,69,0,69,富邦-中壢,2023-08-04,9636
1609,大亞,97,29,68,富邦-中壢,2023-08-04,9636
1216,統一,68,1,67,富邦-中壢,2023-08-04,9636
00923,群益台ESG低碳50,65,4,61,富邦-中壢,2023-08-04,9636
6188,廣明,87,28,59,富邦-中壢,2023-08-04,9636
2892,第一金,61,5,56,富邦-中壢,2023-08-04,9636
2610,華航,68,15,53,富邦-中壢,2023-08-04,9636
3056,富華新,54,3,51,富邦-中壢,2023-08-04,9636
00673R,期元大S＆P原油反1,45,1,44,富邦-中壢,2023-08-04,9636
00857B,永豐20年美公債,36,0,36,富邦-中壢,2023-08-04,9636
3689,湧德,39,5,34,富邦-中壢,2023-08-04,9636
3013,晟銘電,50,17,33,富邦-中壢,2023-08-04,9636
00890B,凱基ESG BBB債,32,0,32,富邦-中壢,2023-08-04,9636
2330,台積電,37,6,31,富邦-中壢,2023-08-04,9636
4746,台耀,43,13,30,富邦-中壢,2023-08-04,9636
00719B,元大美債1-3,30,0,30,富邦-中壢,2023-08-04,9636
1319,東陽,29,0,29,富邦-中壢,2023-08-04,9636
1789,神隆,29,3,26,富邦-中壢,2023-08-04,9636
1608,華榮,32,6,26,富邦-中壢,2023-08-04,9636
00773B,中信優先金融債,31,5,26,富邦-中壢,2023-08-04,9636
2401,凌陽,55,31,24,富邦-中壢,2023-08-04,9636
3037,欣興,32,8,24,富邦-中壢,2023-08-04,9636
00696B,富邦美債20年,24,0,24,富邦-中壢,2023-08-04,9636
8936,國統,23,0,23,富邦-中壢,2023-08-04,9636
8215,明基材,37,15,22,富邦-中壢,2023-08-04,9636
1432,大魯閣,22,0,22,富邦-中壢,2023-08-04,9636
2107,厚生,20,0,20,富邦-中壢,2023-08-04,9636
8933,愛地雅,20,0,20,富邦-中壢,2023-08-04,9636
1451,年興,20,0,20,富邦-中壢,2023-08-04,9636
2382,廣達,163,143,20,富邦-中壢,2023-08-04,9636
2009,第一銅,20,0,20,富邦-中壢,2023-08-04,9636
00764B,群益25年美債,19,0,19,富邦-中壢,2023-08-04,9636
3558,神準,30,11,19,富邦-中壢,2023-08-04,9636
2913,農林,322,304,18,富邦-中壢,2023-08-04,9636
6592,和潤企業,21,3,18,富邦-中壢,2023-08-04,9636
00929,復華台灣科技優息,348,22,326,富邦-中壢,2023-08-07,9636
2440,太空梭,300,5,295,富邦-中壢,2023-08-07,9636
00632R,元大台灣50反1,347,110,237,富邦-中壢,2023-08-07,9636
6188,廣明,264,54,210,富邦-中壢,2023-08-07,9636
00633L,富邦上証正2,211,2,209,富邦-中壢,2023-08-07,9636
00931B,統一美債20年,183,0,183,富邦-中壢,2023-08-07,9636
00673R,期元大S＆P原油反1,169,0,169,富邦-中壢,2023-08-07,9636
00720B,元大投資級公司債,109,0,109,富邦-中壢,2023-08-07,9636
2618,長榮航,415,323,92,富邦-中壢,2023-08-07,9636
00891,中信關鍵半導體,89,0,89,富邦-中壢,2023-08-07,9636
1532,勤美,85,0,85,富邦-中壢,2023-08-07,9636
2382,廣達,321,254,67,富邦-中壢,2023-08-07,9636
2610,華航,97,33,64,富邦-中壢,2023-08-07,9636
00679B,元大美債20年,68,7,61,富邦-中壢,2023-08-07,9636
2913,農林,182,121,61,富邦-中壢,2023-08-07,9636
3715,定穎投控,69,10,59,富邦-中壢,2023-08-07,9636
6274,台燿,112,53,59,富邦-中壢,2023-08-07,9636
2316,楠梓電,61,3,58,富邦-中壢,2023-08-07,9636
2356,英業達,350,293,57,富邦-中壢,2023-08-07,9636
5213,亞昕,56,0,56,富邦-中壢,2023-08-07,9636
00637L,元大滬深300正2,84,30,54,富邦-中壢,2023-08-07,9636
00923,群益台ESG低碳50,51,0,51,富邦-中壢,2023-08-07,9636
2409,友達,64,16,48,富邦-中壢,2023-08-07,9636
2890,永豐金,46,3,43,富邦-中壢,2023-08-07,9636
00696B,富邦美債20年,43,0,43,富邦-中壢,2023-08-07,9636
2317,鴻海,64,25,39,富邦-中壢,2023-08-07,9636
3481,群創,81,45,36,富邦-中壢,2023-08-07,9636
2601,益航,40,5,35,富邦-中壢,2023-08-07,9636
00751B,元大AAA至A公司債,33,0,33,富邦-中壢,2023-08-07,9636
2812,台中銀,33,0,33,富邦-中壢,2023-08-07,9636
3046,建��,60,29,31,富邦-中壢,2023-08-07,9636
4747,強生,31,1,30,富邦-中壢,2023-08-07,9636
2464,盟立,49,19,30,富邦-中壢,2023-08-07,9636
2324,仁寶,46,16,30,富邦-中壢,2023-08-07,9636
00722B,群益投資級電信債,30,0,30,富邦-中壢,2023-08-07,9636
6770,力積電,30,1,29,富邦-中壢,2023-08-07,9636
2301,光寶科,182,153,29,富邦-中壢,2023-08-07,9636
2603,長榮,39,11,28,富邦-中壢,2023-08-07,9636
5880,合庫金,29,2,27,富邦-中壢,2023-08-07,9636
1605,華新,50,24,26,富邦-中壢,2023-08-07,9636
2303,聯電,44,18,26,富邦-中壢,2023-08-07,9636
00885,富邦越南,75,51,24,富邦-中壢,2023-08-07,9636
4167,松瑞藥,30,7,23,富邦-中壢,2023-08-07,9636
00907,永豐優息存股,21,0,21,富邦-中壢,2023-08-07,9636
5871,中租-KY,22,2,20,富邦-中壢,2023-08-07,9636
4128,中天,21,1,20,富邦-中壢,2023-08-07,9636
2388,威盛,49,30,19,富邦-中壢,2023-08-07,9636
1216,統一,19,0,19,富邦-中壢,2023-08-07,9636
00753L,中信中國50正2,19,0,19,富邦-中壢,2023-08-07,9636
3044,健鼎,30,11,19,富邦-中壢,2023-08-07,9636
00929,復華台灣科技優息,492,12,480,富邦-中壢,2023-08-08,9636
00676R,富邦臺灣加權反1,300,0,300,富邦-中壢,2023-08-08,9636
00900,富邦特選高股息30,287,17,270,富邦-中壢,2023-08-08,9636
3231,緯創,567,417,150,富邦-中壢,2023-08-08,9636
4173,久裕,158,15,143,富邦-中壢,2023-08-08,9636
00720B,元大投資級公司債,86,0,86,富邦-中壢,2023-08-08,9636
2801,彰銀,75,0,75,富邦-中壢,2023-08-08,9636
2330,台積電,75,1,74,富邦-中壢,2023-08-08,9636
00931B,統一美債20年,73,0,73,富邦-中壢,2023-08-08,9636
2301,光寶科,189,118,71,富邦-中壢,2023-08-08,9636
00751B,元大AAA至A公司債,67,0,67,富邦-中壢,2023-08-08,9636
2618,長榮航,149,83,66,富邦-中壢,2023-08-08,9636
4916,事欣科,66,2,64,富邦-中壢,2023-08-08,9636
4533,協易機,66,3,63,富邦-中壢,2023-08-08,9636
1802,台玻,81,19,62,富邦-中壢,2023-08-08,9636
1532,勤美,60,0,60,富邦-中壢,2023-08-08,9636
2382,廣達,257,197,60,富邦-中壢,2023-08-08,9636
2352,佳世達,146,88,58,富邦-中壢,2023-08-08,9636
1409,新纖,53,0,53,富邦-中壢,2023-08-08,9636
3163,波若威,128,75,53,富邦-中壢,2023-08-08,9636
2388,威盛,71,19,52,富邦-中壢,2023-08-08,9636
2476,鉅祥,52,0,52,富邦-中壢,2023-08-08,9636
00665L,富邦�琤肭磪囓�2,44,0,44,富邦-中壢,2023-08-08,9636
2303,聯電,50,8,42,富邦-中壢,2023-08-08,9636
2890,永豐金,55,15,40,富邦-中壢,2023-08-08,9636
1609,大亞,85,46,39,富邦-中壢,2023-08-08,9636
2009,第一銅,36,1,35,富邦-中壢,2023-08-08,9636
9904,寶成,33,0,33,富邦-中壢,2023-08-08,9636
5880,合庫金,34,2,32,富邦-中壢,2023-08-08,9636
3682,亞太電,33,1,32,富邦-中壢,2023-08-08,9636
2603,長榮,45,13,32,富邦-中壢,2023-08-08,9636
3260,威剛,31,0,31,富邦-中壢,2023-08-08,9636
3162,精確,30,0,30,富邦-中壢,2023-08-08,9636
2102,泰豐,30,0,30,富邦-中壢,2023-08-08,9636
00878,國泰永續高股息,155,126,29,富邦-中壢,2023-08-08,9636
2367,燿華,31,2,29,富邦-中壢,2023-08-08,9636
2881,富邦金,43,14,29,富邦-中壢,2023-08-08,9636
00923,群益台ESG低碳50,31,2,29,富邦-中壢,2023-08-08,9636
0050,元大台灣50,29,0,29,富邦-中壢,2023-08-08,9636
00892,富邦台灣半導體,26,0,26,富邦-中壢,2023-08-08,9636
8027,鈦昇,41,15,26,富邦-中壢,2023-08-08,9636
3443,創意,29,3,26,富邦-中壢,2023-08-08,9636
00673R,期元大S＆P原油反1,25,0,25,富邦-中壢,2023-08-08,9636
5009,榮剛,35,10,25,富邦-中壢,2023-08-08,9636
00891,中信關鍵半導體,25,1,24,富邦-中壢,2023-08-08,9636
00907,永豐優息存股,24,0,24,富邦-中壢,2023-08-08,9636
3706,神達,120,97,23,富邦-中壢,2023-08-08,9636
4934,太極,47,24,23,富邦-中壢,2023-08-08,9636
1905,華紙,43,20,23,富邦-中壢,2023-08-08,9636
3038,全台,28,5,23,富邦-中壢,2023-08-08,9636
00929,復華台灣科技優息,314,0,314,富邦-中壢,2023-08-09,9636
00900,富邦特選高股息30,222,10,212,富邦-中壢,2023-08-09,9636
1605,華新,156,2,154,富邦-中壢,2023-08-09,9636
1532,勤美,109,0,109,富邦-中壢,2023-08-09,9636
00680L,元大美債20正2,107,0,107,富邦-中壢,2023-08-09,9636
00676R,富邦臺灣加權反1,100,0,100,富邦-中壢,2023-08-09,9636
00673R,期元大S＆P原油反1,97,0,97,富邦-中壢,2023-08-09,9636
2867,三商壽,94,1,93,富邦-中壢,2023-08-09,9636
1216,統一,84,0,84,富邦-中壢,2023-08-09,9636
2882,國泰金,104,31,73,富邦-中壢,2023-08-09,9636
00633L,富邦上証正2,161,101,60,富邦-中壢,2023-08-09,9636
00878,國泰永續高股息,79,21,58,富邦-中壢,2023-08-09,9636
2201,裕隆,66,9,57,富邦-中壢,2023-08-09,9636
2520,冠德,53,0,53,富邦-中壢,2023-08-09,9636
1409,新纖,51,0,51,富邦-中壢,2023-08-09,9636
6477,安集,50,0,50,富邦-中壢,2023-08-09,9636
3231,緯創,337,289,48,富邦-中壢,2023-08-09,9636
4533,協易機,47,2,45,富邦-中壢,2023-08-09,9636
00923,群益台ESG低碳50,42,0,42,富邦-中壢,2023-08-09,9636
2344,華邦電,39,1,38,富邦-中壢,2023-08-09,9636
2440,太空梭,41,3,38,富邦-中壢,2023-08-09,9636
2031,新光鋼,37,0,37,富邦-中壢,2023-08-09,9636
4906,正文,137,103,34,富邦-中壢,2023-08-09,9636
2102,泰豐,33,0,33,富邦-中壢,2023-08-09,9636
00795B,中信美國公債20年,33,2,31,富邦-中壢,2023-08-09,9636
3047,訊舟,30,1,29,富邦-中壢,2023-08-09,9636
9945,潤泰新,30,1,29,富邦-中壢,2023-08-09,9636
6147,頎邦,33,4,29,富邦-中壢,2023-08-09,9636
00665L,富邦�琤肭磪囓�2,60,31,29,富邦-中壢,2023-08-09,9636
2891,中信金,63,35,28,富邦-中壢,2023-08-09,9636
2329,華泰,43,15,28,富邦-中壢,2023-08-09,9636
00712,復華富時不動產,29,1,28,富邦-中壢,2023-08-09,9636
00751B,元大AAA至A公司債,27,0,27,富邦-中壢,2023-08-09,9636
2376,技嘉,65,38,27,富邦-中壢,2023-08-09,9636
2371,大同,40,14,26,富邦-中壢,2023-08-09,9636
00919,群益台灣精選高息,27,0,27,富邦-中壢,2023-08-09,9636
4114,健喬,27,1,26,富邦-中壢,2023-08-09,9636
4977,眾達-KY,25,0,25,富邦-中壢,2023-08-09,9636
3704,合勤控,35,11,24,富邦-中壢,2023-08-09,9636
0056,元大高股息,45,24,21,富邦-中壢,2023-08-09,9636
4904,遠傳,21,0,21,富邦-中壢,2023-08-09,9636
00688L,國泰20年美債正2,21,0,21,富邦-中壢,2023-08-09,9636
00907,永豐優息存股,20,0,20,富邦-中壢,2023-08-09,9636
00882,中信中國高股息,37,17,20,富邦-中壢,2023-08-09,9636
1210,大成,28,8,20,富邦-中壢,2023-08-09,9636
8049,晶采,22,3,19,富邦-中壢,2023-08-09,9636
3034,聯詠,20,1,19,富邦-中壢,2023-08-09,9636
3264,欣銓,17,0,17,富邦-中壢,2023-08-09,9636
6125,廣運,35,18,17,富邦-中壢,2023-08-09,9636
00885,富邦越南,65,48,17,富邦-中壢,2023-08-09,9636
00673R,期元大S＆P原油反1,735,0,735,富邦-中壢,2023-08-10,9636
00878,國泰永續高股息,454,87,367,富邦-中壢,2023-08-10,9636
00929,復華台灣科技優息,399,41,358,富邦-中壢,2023-08-10,9636
00633L,富邦上証正2,601,295,306,富邦-中壢,2023-08-10,9636
3051,力特,295,3,292,富邦-中壢,2023-08-10,9636
00900,富邦特選高股息30,218,53,165,富邦-中壢,2023-08-10,9636
00679B,元大美債20年,137,0,137,富邦-中壢,2023-08-10,9636
6282,康舒,227,112,115,富邦-中壢,2023-08-10,9636
2610,華航,151,40,111,富邦-中壢,2023-08-10,9636
00706L,期元大S＆P日圓正2,105,0,105,富邦-中壢,2023-08-10,9636
3032,偉訓,103,1,102,富邦-中壢,2023-08-10,9636
3162,精確,98,0,98,富邦-中壢,2023-08-10,9636
00931B,統一美債20年,105,10,95,富邦-中壢,2023-08-10,9636
2409,友達,153,62,91,富邦-中壢,2023-08-10,9636
3481,群創,260,184,76,富邦-中壢,2023-08-10,9636
2382,廣達,219,144,75,富邦-中壢,2023-08-10,9636
00680L,元大美債20正2,73,0,73,富邦-中壢,2023-08-10,9636
0056,元大高股息,153,82,71,富邦-中壢,2023-08-10,9636
2363,矽統,178,108,70,富邦-中壢,2023-08-10,9636
00665L,富邦�琤肭磪囓�2,63,0,63,富邦-中壢,2023-08-10,9636
0050,元大台灣50,58,3,55,富邦-中壢,2023-08-10,9636
2344,華邦電,66,11,55,富邦-中壢,2023-08-10,9636
00715L,期街口布蘭特正2,53,0,53,富邦-中壢,2023-08-10,9636
00650L,復華香港正2,51,0,51,富邦-中壢,2023-08-10,9636
00782B,國泰A級公用債,51,0,51,富邦-中壢,2023-08-10,9636
00913,兆豐台灣晶圓製造,50,0,50,富邦-中壢,2023-08-10,9636
00923,群益台ESG低碳50,50,2,48,富邦-中壢,2023-08-10,9636
3017,奇鋐,55,7,48,富邦-中壢,2023-08-10,9636
3362,先進光,52,10,42,富邦-中壢,2023-08-10,9636
00919,群益台灣精選高息,63,21,42,富邦-中壢,2023-08-10,9636
3024,憶聲,47,5,42,富邦-中壢,2023-08-10,9636
2801,彰銀,59,19,40,富邦-中壢,2023-08-10,9636
4938,和碩,53,14,39,富邦-中壢,2023-08-10,9636
3231,緯創,410,372,38,富邦-中壢,2023-08-10,9636
2002,中鋼,42,5,37,富邦-中壢,2023-08-10,9636
1609,大亞,43,9,34,富邦-中壢,2023-08-10,9636
2324,仁寶,45,13,32,富邦-中壢,2023-08-10,9636
8996,高力,50,18,32,富邦-中壢,2023-08-10,9636
2371,大同,43,11,32,富邦-中壢,2023-08-10,9636
1312,國喬,31,0,31,富邦-中壢,2023-08-10,9636
2376,技嘉,63,33,30,富邦-中壢,2023-08-10,9636
00753L,中信中國50正2,72,43,29,富邦-中壢,2023-08-10,9636
8155,博智,38,10,28,富邦-中壢,2023-08-10,9636
2367,燿華,27,0,27,富邦-中壢,2023-08-10,9636
3715,定穎投控,33,6,27,富邦-中壢,2023-08-10,9636
3443,創意,29,2,27,富邦-中壢,2023-08-10,9636
1605,華新,47,21,26,富邦-中壢,2023-08-10,9636
3264,欣銓,30,4,26,富邦-中壢,2023-08-10,9636
1513,中興電,49,23,26,富邦-中壢,2023-08-10,9636
00893,國泰智能電動車,76,51,25,富邦-中壢,2023-08-10,9636
00929,復華台灣科技優息,544,31,513,富邦-中壢,2023-08-11,9636
2520,冠德,168,0,168,富邦-中壢,2023-08-11,9636
00632R,元大台灣50反1,159,8,151,富邦-中壢,2023-08-11,9636
00633L,富邦上証正2,451,300,151,富邦-中壢,2023-08-11,9636
00878,國泰永續高股息,253,115,138,富邦-中壢,2023-08-11,9636
1529,樂事綠能,130,5,125,富邦-中壢,2023-08-11,9636
00772B,中信高評級公司債,118,10,108,富邦-中壢,2023-08-11,9636
3024,憶聲,105,0,105,富邦-中壢,2023-08-11,9636
00664R,國泰臺灣加權反1,100,0,100,富邦-中壢,2023-08-11,9636
6188,廣明,210,118,92,富邦-中壢,2023-08-11,9636
2892,第一金,87,2,85,富邦-中壢,2023-08-11,9636
00931B,統一美債20年,93,10,83,富邦-中壢,2023-08-11,9636
5880,合庫金,102,24,78,富邦-中壢,2023-08-11,9636
2618,長榮航,123,51,72,富邦-中壢,2023-08-11,9636
00751B,元大AAA至A公司債,66,0,66,富邦-中壢,2023-08-11,9636
2890,永豐金,69,5,64,富邦-中壢,2023-08-11,9636
0050,元大台灣50,64,0,64,富邦-中壢,2023-08-11,9636
00720B,元大投資級公司債,60,0,60,富邦-中壢,2023-08-11,9636
4916,事欣科,60,2,58,富邦-中壢,2023-08-11,9636
00892,富邦台灣半導體,52,0,52,富邦-中壢,2023-08-11,9636
2838,聯邦銀,50,0,50,富邦-中壢,2023-08-11,9636
2420,新巨,50,0,50,富邦-中壢,2023-08-11,9636
1609,大亞,97,49,48,富邦-中壢,2023-08-11,9636
1532,勤美,47,0,47,富邦-中壢,2023-08-11,9636
00881,國泰台灣5G+,50,5,45,富邦-中壢,2023-08-11,9636
00923,群益台ESG低碳50,44,0,44,富邦-中壢,2023-08-11,9636
00753L,中信中國50正2,69,26,43,富邦-中壢,2023-08-11,9636
4904,遠傳,52,10,42,富邦-中壢,2023-08-11,9636
2882,國泰金,43,3,40,富邦-中壢,2023-08-11,9636
00715L,期街口布蘭特正2,52,14,38,富邦-中壢,2023-08-11,9636
2206,三陽工業,39,2,37,富邦-中壢,2023-08-11,9636
00687B,國泰20年美債,36,0,36,富邦-中壢,2023-08-11,9636
00706L,期元大S＆P日圓正2,34,0,34,富邦-中壢,2023-08-11,9636
3231,緯創,240,206,34,富邦-中壢,2023-08-11,9636
3706,神達,57,24,33,富邦-中壢,2023-08-11,9636
2885,元大金,35,3,32,富邦-中壢,2023-08-11,9636
2607,榮運,32,1,31,富邦-中壢,2023-08-11,9636
2883,凱基金,57,26,31,富邦-中壢,2023-08-11,9636
00680L,元大美債20正2,30,0,30,富邦-中壢,2023-08-11,9636
6016,康和證,29,0,29,富邦-中壢,2023-08-11,9636
00673R,期元大S＆P原油反1,53,24,29,富邦-中壢,2023-08-11,9636
2409,友達,37,8,29,富邦-中壢,2023-08-11,9636
00850,元大臺灣ESG永續,28,0,28,富邦-中壢,2023-08-11,9636
00679B,元大美債20年,78,51,27,富邦-中壢,2023-08-11,9636
2317,鴻海,28,2,26,富邦-中壢,2023-08-11,9636
5608,四維航,36,10,26,富邦-中壢,2023-08-11,9636
00795B,中信美國公債20年,25,0,25,富邦-中壢,2023-08-11,9636
5439,高技,31,6,25,富邦-中壢,2023-08-11,9636
1909,榮成,22,0,22,富邦-中壢,2023-08-11,9636
5309,系統電,22,0,22,富邦-中壢,2023-08-11,9636
00929,復華台灣科技優息,790,53,737,富邦-中壢,2023-08-14,9636
00900,富邦特選高股息30,346,63,283,富邦-中壢,2023-08-14,9636
3024,憶聲,266,0,266,富邦-中壢,2023-08-14,9636
2883,凱基金,1273,1013,260,富邦-中壢,2023-08-14,9636
00878,國泰永續高股息,348,98,250,富邦-中壢,2023-08-14,9636
00633L,富邦上証正2,266,42,224,富邦-中壢,2023-08-14,9636
2607,榮運,166,0,166,富邦-中壢,2023-08-14,9636
00923,群益台ESG低碳50,153,1,152,富邦-中壢,2023-08-14,9636
2344,華邦電,139,5,134,富邦-中壢,2023-08-14,9636
6005,群益證,135,13,122,富邦-中壢,2023-08-14,9636
00931B,統一美債20年,100,0,100,富邦-中壢,2023-08-14,9636
2891,中信金,112,26,86,富邦-中壢,2023-08-14,9636
0050,元大台灣50,87,2,85,富邦-中壢,2023-08-14,9636
00712,復華富時不動產,81,0,81,富邦-中壢,2023-08-14,9636
2882,國泰金,109,37,72,富邦-中壢,2023-08-14,9636
00907,永豐優息存股,70,0,70,富邦-中壢,2023-08-14,9636
00720B,元大投資級公司債,68,1,67,富邦-中壢,2023-08-14,9636
2352,佳世達,103,38,65,富邦-中壢,2023-08-14,9636
00686R,群益臺灣加權反1,60,0,60,富邦-中壢,2023-08-14,9636
3052,夆典,55,0,55,富邦-中壢,2023-08-14,9636
006208,富邦台50,55,4,51,富邦-中壢,2023-08-14,9636
2442,新美齊,50,1,49,富邦-中壢,2023-08-14,9636
2834,臺企銀,54,7,47,富邦-中壢,2023-08-14,9636
3051,力特,63,18,45,富邦-中壢,2023-08-14,9636
3481,群創,97,52,45,富邦-中壢,2023-08-14,9636
1540,喬福,44,0,44,富邦-中壢,2023-08-14,9636
2371,大同,61,24,37,富邦-中壢,2023-08-14,9636
00706L,期元大S＆P日圓正2,40,4,36,富邦-中壢,2023-08-14,9636
00753L,中信中國50正2,102,67,35,富邦-中壢,2023-08-14,9636
2838,聯邦銀,35,0,35,富邦-中壢,2023-08-14,9636
2812,台中銀,34,1,33,富邦-中壢,2023-08-14,9636
2356,英業達,180,147,33,富邦-中壢,2023-08-14,9636
3682,亞太電,33,0,33,富邦-中壢,2023-08-14,9636
2603,長榮,46,14,32,富邦-中壢,2023-08-14,9636
2211,長榮鋼,33,1,32,富邦-中壢,2023-08-14,9636
8367,建新國際,32,0,32,富邦-中壢,2023-08-14,9636
2867,三商壽,31,0,31,富邦-中壢,2023-08-14,9636
00882,中信中國高股息,51,22,29,富邦-中壢,2023-08-14,9636
2027,大成鋼,30,1,29,富邦-中壢,2023-08-14,9636
2605,新興,34,5,29,富邦-中壢,2023-08-14,9636
1217,愛之味,41,12,29,富邦-中壢,2023-08-14,9636
00673R,期元大S＆P原油反1,28,0,28,富邦-中壢,2023-08-14,9636
00637L,元大滬深300正2,46,20,26,富邦-中壢,2023-08-14,9636
2313,華通,32,7,25,富邦-中壢,2023-08-14,9636
6129,普誠,26,1,25,富邦-中壢,2023-08-14,9636
2515,中工,25,0,25,富邦-中壢,2023-08-14,9636
2002,中鋼,42,17,25,富邦-中壢,2023-08-14,9636
2892,第一金,26,3,23,富邦-中壢,2023-08-14,9636
1409,新纖,23,0,23,富邦-中壢,2023-08-14,9636
3028,增你強,22,0,22,富邦-中壢,2023-08-14,9636
00900,富邦特選高股息30,1078,39,1039,富邦-中壢,2023-08-15,9636
00923,群益台ESG低碳50,346,0,346,富邦-中壢,2023-08-15,9636
4414,如興,320,0,320,富邦-中壢,2023-08-15,9636
00929,復華台灣科技優息,319,6,313,富邦-中壢,2023-08-15,9636
2889,國票金,300,0,300,富邦-中壢,2023-08-15,9636
3024,憶聲,304,5,299,富邦-中壢,2023-08-15,9636
2618,長榮航,174,23,151,富邦-中壢,2023-08-15,9636
3051,力特,150,2,148,富邦-中壢,2023-08-15,9636
2867,三商壽,100,0,100,富邦-中壢,2023-08-15,9636
2317,鴻海,97,18,79,富邦-中壢,2023-08-15,9636
2883,凱基金,87,8,79,富邦-中壢,2023-08-15,9636
00720B,元大投資級公司債,75,3,72,富邦-中壢,2023-08-15,9636
00679B,元大美債20年,68,0,68,富邦-中壢,2023-08-15,9636
2891,中信金,84,18,66,富邦-中壢,2023-08-15,9636
00751B,元大AAA至A公司債,65,1,64,富邦-中壢,2023-08-15,9636
2884,玉山金,70,6,64,富邦-中壢,2023-08-15,9636
4950,牧東,68,4,64,富邦-中壢,2023-08-15,9636
3362,先進光,77,15,62,富邦-中壢,2023-08-15,9636
00712,復華富時不動產,78,19,59,富邦-中壢,2023-08-15,9636
00633L,富邦上証正2,64,10,54,富邦-中壢,2023-08-15,9636
00931B,統一美債20年,54,0,54,富邦-中壢,2023-08-15,9636
2102,泰豐,50,0,50,富邦-中壢,2023-08-15,9636
00926,凱基全球菁英55,50,0,50,富邦-中壢,2023-08-15,9636
2520,冠德,50,0,50,富邦-中壢,2023-08-15,9636
2002,中鋼,52,3,49,富邦-中壢,2023-08-15,9636
3013,晟銘電,80,35,45,富邦-中壢,2023-08-15,9636
3682,亞太電,41,0,41,富邦-中壢,2023-08-15,9636
2881,富邦金,51,11,40,富邦-中壢,2023-08-15,9636
1409,新纖,38,0,38,富邦-中壢,2023-08-15,9636
2887,台新金,33,1,32,富邦-中壢,2023-08-15,9636
1471,首利,33,1,32,富邦-中壢,2023-08-15,9636
2892,第一金,37,10,27,富邦-中壢,2023-08-15,9636
3481,群創,89,63,26,富邦-中壢,2023-08-15,9636
00680L,元大美債20正2,26,0,26,富邦-中壢,2023-08-15,9636
00907,永豐優息存股,26,0,26,富邦-中壢,2023-08-15,9636
3715,定穎投控,41,15,26,富邦-中壢,2023-08-15,9636
2880,華南金,25,0,25,富邦-中壢,2023-08-15,9636
2834,臺企銀,37,13,24,富邦-中壢,2023-08-15,9636
00795B,中信美國公債20年,24,0,24,富邦-中壢,2023-08-15,9636
3306,鼎天,27,4,23,富邦-中壢,2023-08-15,9636
2890,永豐金,23,0,23,富邦-中壢,2023-08-15,9636
6609,瀧澤科,22,0,22,富邦-中壢,2023-08-15,9636
2634,漢翔,23,3,20,富邦-中壢,2023-08-15,9636
9935,慶豐富,20,0,20,富邦-中壢,2023-08-15,9636
2915,潤泰全,20,1,19,富邦-中壢,2023-08-15,9636
9945,潤泰新,22,4,18,富邦-中壢,2023-08-15,9636
6142,友勁,20,2,18,富邦-中壢,2023-08-15,9636
2538,基泰,25,8,17,富邦-中壢,2023-08-15,9636
2303,聯電,20,4,16,富邦-中壢,2023-08-15,9636
2329,華泰,22,6,16,富邦-中壢,2023-08-15,9636
00929,復華台灣科技優息,492,112,380,富邦-中壢,2023-08-16,9636
00923,群益台ESG低碳50,274,1,273,富邦-中壢,2023-08-16,9636
2303,聯電,161,8,153,富邦-中壢,2023-08-16,9636
00665L,富邦�琤肭磪囓�2,136,0,136,富邦-中壢,2023-08-16,9636
2618,長榮航,157,35,122,富邦-中壢,2023-08-16,9636
00900,富邦特選高股息30,120,13,107,富邦-中壢,2023-08-16,9636
00931B,統一美債20年,113,7,106,富邦-中壢,2023-08-16,9636
00751B,元大AAA至A公司債,106,1,105,富邦-中壢,2023-08-16,9636
00715L,期街口布蘭特正2,107,5,102,富邦-中壢,2023-08-16,9636
2382,廣達,336,255,81,富邦-中壢,2023-08-16,9636
2323,中環,89,9,80,富邦-中壢,2023-08-16,9636
2409,友達,91,14,77,富邦-中壢,2023-08-16,9636
00712,復華富時不動產,83,7,76,富邦-中壢,2023-08-16,9636
2317,鴻海,87,13,74,富邦-中壢,2023-08-16,9636
2883,凱基金,150,81,69,富邦-中壢,2023-08-16,9636
3024,憶聲,65,0,65,富邦-中壢,2023-08-16,9636
2610,華航,113,51,62,富邦-中壢,2023-08-16,9636
00772B,中信高評級公司債,62,0,62,富邦-中壢,2023-08-16,9636
3231,緯創,479,425,54,富邦-中壢,2023-08-16,9636
00795B,中信美國公債20年,52,1,51,富邦-中壢,2023-08-16,9636
5534,長虹,51,0,51,富邦-中壢,2023-08-16,9636
3481,群創,61,10,51,富邦-中壢,2023-08-16,9636
2340,台亞,59,18,41,富邦-中壢,2023-08-16,9636
2204,中華,40,0,40,富邦-中壢,2023-08-16,9636
1303,南亞,38,1,37,富邦-中壢,2023-08-16,9636
2886,兆豐金,40,4,36,富邦-中壢,2023-08-16,9636
00753L,中信中國50正2,61,25,36,富邦-中壢,2023-08-16,9636
2891,中信金,94,59,35,富邦-中壢,2023-08-16,9636
1609,大亞,58,23,35,富邦-中壢,2023-08-16,9636
2884,玉山金,44,9,35,富邦-中壢,2023-08-16,9636
0050,元大台灣50,41,7,34,富邦-中壢,2023-08-16,9636
1101,台泥,35,1,34,富邦-中壢,2023-08-16,9636
2332,友訊,55,21,34,富邦-中壢,2023-08-16,9636
00687B,國泰20年美債,35,2,33,富邦-中壢,2023-08-16,9636
2419,仲琦,33,0,33,富邦-中壢,2023-08-16,9636
00720B,元大投資級公司債,32,0,32,富邦-中壢,2023-08-16,9636
2002,中鋼,42,10,32,富邦-中壢,2023-08-16,9636
5426,振發,31,1,30,富邦-中壢,2023-08-16,9636
00857B,永豐20年美公債,29,0,29,富邦-中壢,2023-08-16,9636
2867,三商壽,29,0,29,富邦-中壢,2023-08-16,9636
2834,臺企銀,52,25,27,富邦-中壢,2023-08-16,9636
1301,台塑,30,4,26,富邦-中壢,2023-08-16,9636
1326,台化,26,0,26,富邦-中壢,2023-08-16,9636
00706L,期元大S＆P日圓正2,26,0,26,富邦-中壢,2023-08-16,9636
2344,華邦電,24,0,24,富邦-中壢,2023-08-16,9636
1402,遠東新,34,10,24,富邦-中壢,2023-08-16,9636
2609,陽明,40,17,23,富邦-中壢,2023-08-16,9636
2520,冠德,23,0,23,富邦-中壢,2023-08-16,9636
2316,楠梓電,25,3,22,富邦-中壢,2023-08-16,9636
1102,亞泥,23,1,22,富邦-中壢,2023-08-16,9636
00931B,統一美債20年,223,7,216,富邦-中壢,2023-08-17,9636
00929,復華台灣科技優息,289,103,186,富邦-中壢,2023-08-17,9636
3231,緯創,575,458,117,富邦-中壢,2023-08-17,9636
1802,台玻,132,17,115,富邦-中壢,2023-08-17,9636
00715L,期街口布蘭特正2,116,11,105,富邦-中壢,2023-08-17,9636
2889,國票金,102,0,102,富邦-中壢,2023-08-17,9636
00686R,群益臺灣加權反1,100,0,100,富邦-中壢,2023-08-17,9636
00676R,富邦臺灣加權反1,100,0,100,富邦-中壢,2023-08-17,9636
00664R,國泰臺灣加權反1,100,0,100,富邦-中壢,2023-08-17,9636
00751B,元大AAA至A公司債,82,0,82,富邦-中壢,2023-08-17,9636
00753L,中信中國50正2,106,31,75,富邦-中壢,2023-08-17,9636
00679B,元大美債20年,72,0,72,富邦-中壢,2023-08-17,9636
2883,凱基金,80,11,69,富邦-中壢,2023-08-17,9636
00900,富邦特選高股息30,94,25,69,富邦-中壢,2023-08-17,9636
2887,台新金,67,3,64,富邦-中壢,2023-08-17,9636
1314,中石化,63,0,63,富邦-中壢,2023-08-17,9636
00665L,富邦�琤肭磪囓�2,124,63,61,富邦-中壢,2023-08-17,9636
00772B,中信高評級公司債,59,0,59,富邦-中壢,2023-08-17,9636
2891,中信金,102,43,59,富邦-中壢,2023-08-17,9636
2324,仁寶,334,281,53,富邦-中壢,2023-08-17,9636
2303,聯電,60,10,50,富邦-中壢,2023-08-17,9636
2402,毅嘉,53,10,43,富邦-中壢,2023-08-17,9636
2002,中鋼,60,18,42,富邦-中壢,2023-08-17,9636
2880,華南金,44,1,43,富邦-中壢,2023-08-17,9636
5534,長虹,35,0,35,富邦-中壢,2023-08-17,9636
2890,永豐金,37,3,34,富邦-中壢,2023-08-17,9636
2801,彰銀,32,0,32,富邦-中壢,2023-08-17,9636
5880,合庫金,31,0,31,富邦-中壢,2023-08-17,9636
00923,群益台ESG低碳50,39,8,31,富邦-中壢,2023-08-17,9636
6182,合晶,43,12,31,富邦-中壢,2023-08-17,9636
2605,新興,33,2,31,富邦-中壢,2023-08-17,9636
00919,群益台灣精選高息,41,11,30,富邦-中壢,2023-08-17,9636
00722B,群益投資級電信債,29,0,29,富邦-中壢,2023-08-17,9636
00712,復華富時不動產,40,12,28,富邦-中壢,2023-08-17,9636
00688L,國泰20年美債正2,33,6,27,富邦-中壢,2023-08-17,9636
0050,元大台灣50,27,0,27,富邦-中壢,2023-08-17,9636
3051,力特,57,31,26,富邦-中壢,2023-08-17,9636
4414,如興,46,20,26,富邦-中壢,2023-08-17,9636
1301,台塑,26,1,25,富邦-中壢,2023-08-17,9636
00637L,元大滬深300正2,24,0,24,富邦-中壢,2023-08-17,9636
2884,玉山金,34,10,24,富邦-中壢,2023-08-17,9636
3689,湧德,77,55,22,富邦-中壢,2023-08-17,9636
6770,力積電,27,5,22,富邦-中壢,2023-08-17,9636
00696B,富邦美債20年,29,7,22,富邦-中壢,2023-08-17,9636
4967,十銓,28,6,22,富邦-中壢,2023-08-17,9636
2449,京元電子,26,4,22,富邦-中壢,2023-08-17,9636
2892,第一金,23,3,20,富邦-中壢,2023-08-17,9636
6188,廣明,85,65,20,富邦-中壢,2023-08-17,9636
2308,台達電,21,1,20,富邦-中壢,2023-08-17,9636
1455,集盛,20,0,20,富邦-中壢,2023-08-17,9636
00929,復華台灣科技優息,549,100,449,富邦-中壢,2023-08-18,9636
3231,緯創,674,441,233,富邦-中壢,2023-08-18,9636
2889,國票金,206,0,206,富邦-中壢,2023-08-18,9636
00878,國泰永續高股息,243,64,179,富邦-中壢,2023-08-18,9636
2363,矽統,341,172,169,富邦-中壢,2023-08-18,9636
00673R,期元大S＆P原油反1,253,101,152,富邦-中壢,2023-08-18,9636
2867,三商壽,108,0,108,富邦-中壢,2023-08-18,9636
00633L,富邦上証正2,100,0,100,富邦-中壢,2023-08-18,9636
2356,英業達,168,79,89,富邦-中壢,2023-08-18,9636
00632R,元大台灣50反1,161,72,89,富邦-中壢,2023-08-18,9636
00885,富邦越南,114,36,78,富邦-中壢,2023-08-18,9636
2324,仁寶,193,126,67,富邦-中壢,2023-08-18,9636
2312,金寶,63,0,63,富邦-中壢,2023-08-18,9636
00720B,元大投資級公司債,74,15,59,富邦-中壢,2023-08-18,9636
00919,群益台灣精選高息,56,0,56,富邦-中壢,2023-08-18,9636
3024,憶聲,53,0,53,富邦-中壢,2023-08-18,9636
2884,玉山金,53,1,52,富邦-中壢,2023-08-18,9636
2371,大同,58,13,45,富邦-中壢,2023-08-18,9636
2323,中環,163,120,43,富邦-中壢,2023-08-18,9636
1815,富喬,41,0,41,富邦-中壢,2023-08-18,9636
1101,台泥,40,1,39,富邦-中壢,2023-08-18,9636
00900,富邦特選高股息30,61,23,38,富邦-中壢,2023-08-18,9636
1789,神隆,35,0,35,富邦-中壢,2023-08-18,9636
2520,冠德,48,15,33,富邦-中壢,2023-08-18,9636
2880,華南金,33,1,32,富邦-中壢,2023-08-18,9636
0056,元大高股息,68,36,32,富邦-中壢,2023-08-18,9636
3704,合勤控,35,4,31,富邦-中壢,2023-08-18,9636
2886,兆豐金,33,2,31,富邦-中壢,2023-08-18,9636
6163,華電網,71,41,30,富邦-中壢,2023-08-18,9636
2409,友達,36,7,29,富邦-中壢,2023-08-18,9636
5340,建榮,31,2,29,富邦-中壢,2023-08-18,9636
2313,華通,42,16,26,富邦-中壢,2023-08-18,9636
00913,兆豐台灣晶圓製造,26,0,26,富邦-中壢,2023-08-18,9636
00751B,元大AAA至A公司債,32,6,26,富邦-中壢,2023-08-18,9636
3056,富華新,35,10,25,富邦-中壢,2023-08-18,9636
00902,中信電池及儲能,24,0,24,富邦-中壢,2023-08-18,9636
2308,台達電,23,0,23,富邦-中壢,2023-08-18,9636
2204,中華,22,0,22,富邦-中壢,2023-08-18,9636
3163,波若威,89,67,22,富邦-中壢,2023-08-18,9636
2382,廣達,193,172,21,富邦-中壢,2023-08-18,9636
2883,凱基金,22,1,21,富邦-中壢,2023-08-18,9636
5534,長虹,20,0,20,富邦-中壢,2023-08-18,9636
1455,集盛,20,0,20,富邦-中壢,2023-08-18,9636
2801,彰銀,20,1,19,富邦-中壢,2023-08-18,9636
4967,十銓,21,2,19,富邦-中壢,2023-08-18,9636
0050,元大台灣50,19,0,19,富邦-中壢,2023-08-18,9636
3689,湧德,36,18,18,富邦-中壢,2023-08-18,9636
6274,台燿,41,23,18,富邦-中壢,2023-08-18,9636
3051,力特,47,29,18,富邦-中壢,2023-08-18,9636
00888,永豐台灣ESG,21,4,17,富邦-中壢,2023-08-18,9636
6269,台郡,150,0,150,富邦-中壢,2023-08-21,9636
2382,廣達,216,76,140,富邦-中壢,2023-08-21,9636
00650L,復華香港正2,119,0,119,富邦-中壢,2023-08-21,9636
00665L,富邦�琤肭磪囓�2,268,150,118,富邦-中壢,2023-08-21,9636
6139,亞翔,120,21,99,富邦-中壢,2023-08-21,9636
00878,國泰永續高股息,151,58,93,富邦-中壢,2023-08-21,9636
2605,新興,94,3,91,富邦-中壢,2023-08-21,9636
6108,競國,87,3,84,富邦-中壢,2023-08-21,9636
00929,復華台灣科技優息,176,98,78,富邦-中壢,2023-08-21,9636
00895,富邦未來車,70,3,67,富邦-中壢,2023-08-21,9636
3024,憶聲,75,8,67,富邦-中壢,2023-08-21,9636
1409,新纖,60,0,60,富邦-中壢,2023-08-21,9636
00919,群益台灣精選高息,55,5,50,富邦-中壢,2023-08-21,9636
00753L,中信中國50正2,79,30,49,富邦-中壢,2023-08-21,9636
2332,友訊,85,38,47,富邦-中壢,2023-08-21,9636
8011,台通,44,0,44,富邦-中壢,2023-08-21,9636
00679B,元大美債20年,49,5,44,富邦-中壢,2023-08-21,9636
2324,仁寶,142,99,43,富邦-中壢,2023-08-21,9636
00712,復華富時不動產,44,2,42,富邦-中壢,2023-08-21,9636
00772B,中信高評級公司債,57,20,37,富邦-中壢,2023-08-21,9636
3306,鼎天,65,28,37,富邦-中壢,2023-08-21,9636
2538,基泰,37,0,37,富邦-中壢,2023-08-21,9636
2401,凌陽,63,27,36,富邦-中壢,2023-08-21,9636
1504,東元,40,4,36,富邦-中壢,2023-08-21,9636
2883,凱基金,60,27,33,富邦-中壢,2023-08-21,9636
2520,冠德,33,1,32,富邦-中壢,2023-08-21,9636
0050,元大台灣50,32,1,31,富邦-中壢,2023-08-21,9636
3056,富華新,33,2,31,富邦-中壢,2023-08-21,9636
2641,正德,32,4,28,富邦-中壢,2023-08-21,9636
5608,四維航,60,35,25,富邦-中壢,2023-08-21,9636
2892,第一金,29,4,25,富邦-中壢,2023-08-21,9636
2886,兆豐金,25,1,24,富邦-中壢,2023-08-21,9636
00633L,富邦上証正2,63,39,24,富邦-中壢,2023-08-21,9636
2329,華泰,81,59,22,富邦-中壢,2023-08-21,9636
2617,台航,26,4,22,富邦-中壢,2023-08-21,9636
00687B,國泰20年美債,22,0,22,富邦-中壢,2023-08-21,9636
5534,長虹,21,0,21,富邦-中壢,2023-08-21,9636
4916,事欣科,21,0,21,富邦-中壢,2023-08-21,9636
2610,華航,42,21,21,富邦-中壢,2023-08-21,9636
3682,亞太電,20,0,20,富邦-中壢,2023-08-21,9636
2450,神腦,20,0,20,富邦-中壢,2023-08-21,9636
2102,泰豐,20,0,20,富邦-中壢,2023-08-21,9636
6613,朋億*,20,0,20,富邦-中壢,2023-08-21,9636
6461,益得,20,0,20,富邦-中壢,2023-08-21,9636
3308,聯德,30,11,19,富邦-中壢,2023-08-21,9636
2913,農林,19,1,18,富邦-中壢,2023-08-21,9636
2330,台積電,18,0,18,富邦-中壢,2023-08-21,9636
5410,國眾,18,0,18,富邦-中壢,2023-08-21,9636
2887,台新金,42,25,17,富邦-中壢,2023-08-21,9636
1314,中石化,17,0,17,富邦-中壢,2023-08-21,9636
00929,復華台灣科技優息,360,24,336,富邦-中壢,2023-08-22,9636
00632R,元大台灣50反1,250,20,230,富邦-中壢,2023-08-22,9636
2363,矽統,408,195,213,富邦-中壢,2023-08-22,9636
00878,國泰永續高股息,226,91,135,富邦-中壢,2023-08-22,9636
2883,凱基金,126,3,123,富邦-中壢,2023-08-22,9636
3682,亞太電,120,0,120,富邦-中壢,2023-08-22,9636
2371,大同,106,5,101,富邦-中壢,2023-08-22,9636
2891,中信金,107,6,101,富邦-中壢,2023-08-22,9636
00637L,元大滬深300正2,88,3,85,富邦-中壢,2023-08-22,9636
2618,長榮航,123,40,83,富邦-中壢,2023-08-22,9636
00895,富邦未來車,100,20,80,富邦-中壢,2023-08-22,9636
3051,力特,159,80,79,富邦-中壢,2023-08-22,9636
00633L,富邦上証正2,78,2,76,富邦-中壢,2023-08-22,9636
00679B,元大美債20年,82,18,64,富邦-中壢,2023-08-22,9636
1529,樂事綠能,60,0,60,富邦-中壢,2023-08-22,9636
00888,永豐台灣ESG,52,0,52,富邦-中壢,2023-08-22,9636
3071,協禧,70,23,47,富邦-中壢,2023-08-22,9636
6116,彩晶,49,2,47,富邦-中壢,2023-08-22,9636
2897,王道銀行,49,3,46,富邦-中壢,2023-08-22,9636
1305,華夏,44,0,44,富邦-中壢,2023-08-22,9636
2002,中鋼,48,6,42,富邦-中壢,2023-08-22,9636
6125,廣運,115,76,39,富邦-中壢,2023-08-22,9636
5014,建錩,42,3,39,富邦-中壢,2023-08-22,9636
3024,憶聲,38,0,38,富邦-中壢,2023-08-22,9636
00720B,元大投資級公司債,37,0,37,富邦-中壢,2023-08-22,9636
1409,新纖,36,0,36,富邦-中壢,2023-08-22,9636
2520,冠德,34,0,34,富邦-中壢,2023-08-22,9636
00885,富邦越南,51,18,33,富邦-中壢,2023-08-22,9636
2332,友訊,89,56,33,富邦-中壢,2023-08-22,9636
2421,建準,50,20,30,富邦-中壢,2023-08-22,9636
3032,偉訓,35,5,30,富邦-中壢,2023-08-22,9636
2102,泰豐,30,0,30,富邦-中壢,2023-08-22,9636
2887,台新金,32,4,28,富邦-中壢,2023-08-22,9636
00712,復華富時不動產,27,0,27,富邦-中壢,2023-08-22,9636
3338,泰碩,35,10,25,富邦-中壢,2023-08-22,9636
1513,中興電,34,9,25,富邦-中壢,2023-08-22,9636
6016,康和證,24,0,24,富邦-中壢,2023-08-22,9636
6269,台郡,24,0,24,富邦-中壢,2023-08-22,9636
3231,緯創,370,346,24,富邦-中壢,2023-08-22,9636
2409,友達,41,18,23,富邦-中壢,2023-08-22,9636
5452,佶優,27,4,23,富邦-中壢,2023-08-22,9636
2542,興富發,27,5,22,富邦-中壢,2023-08-22,9636
5534,長虹,21,0,21,富邦-中壢,2023-08-22,9636
1471,首利,43,23,20,富邦-中壢,2023-08-22,9636
2892,第一金,20,0,20,富邦-中壢,2023-08-22,9636
2884,玉山金,24,6,18,富邦-中壢,2023-08-22,9636
6770,力積電,19,2,17,富邦-中壢,2023-08-22,9636
4979,華星光,50,34,16,富邦-中壢,2023-08-22,9636
2031,新光鋼,21,6,15,富邦-中壢,2023-08-22,9636
2880,華南金,15,0,15,富邦-中壢,2023-08-22,9636
2618,長榮航,210,39,171,富邦-中壢,2023-08-23,9636
2002,中鋼,134,4,130,富邦-中壢,2023-08-23,9636
3682,亞太電,100,0,100,富邦-中壢,2023-08-23,9636
2301,光寶科,94,26,68,富邦-中壢,2023-08-23,9636
6282,康舒,122,55,67,富邦-中壢,2023-08-23,9636
3051,力特,162,95,67,富邦-中壢,2023-08-23,9636
4916,事欣科,78,14,64,富邦-中壢,2023-08-23,9636
00878,國泰永續高股息,147,87,60,富邦-中壢,2023-08-23,9636
00751B,元大AAA至A公司債,56,0,56,富邦-中壢,2023-08-23,9636
2887,台新金,46,1,45,富邦-中壢,2023-08-23,9636
3071,協禧,140,96,44,富邦-中壢,2023-08-23,9636
2102,泰豐,50,10,40,富邦-中壢,2023-08-23,9636
3498,陽程,64,28,36,富邦-中壢,2023-08-23,9636
8086,宏捷科,38,3,35,富邦-中壢,2023-08-23,9636
3689,湧德,68,34,34,富邦-中壢,2023-08-23,9636
1434,福懋,33,0,33,富邦-中壢,2023-08-23,9636
3163,波若威,54,21,33,富邦-中壢,2023-08-23,9636
2882,國泰金,35,3,32,富邦-中壢,2023-08-23,9636
00916,國泰全球品牌50,27,0,27,富邦-中壢,2023-08-23,9636
6269,台郡,26,0,26,富邦-中壢,2023-08-23,9636
2886,兆豐金,26,0,26,富邦-中壢,2023-08-23,9636
2610,華航,64,38,26,富邦-中壢,2023-08-23,9636
9945,潤泰新,22,0,22,富邦-中壢,2023-08-23,9636
2520,冠德,21,0,21,富邦-中壢,2023-08-23,9636
5534,長虹,21,0,21,富邦-中壢,2023-08-23,9636
2609,陽明,29,8,21,富邦-中壢,2023-08-23,9636
2329,華泰,88,68,20,富邦-中壢,2023-08-23,9636
4977,眾達-KY,21,2,19,富邦-中壢,2023-08-23,9636
1301,台塑,20,1,19,富邦-中壢,2023-08-23,9636
00712,復華富時不動產,19,0,19,富邦-中壢,2023-08-23,9636
00893,國泰智能電動車,25,7,18,富邦-中壢,2023-08-23,9636
2409,友達,21,4,17,富邦-中壢,2023-08-23,9636
2884,玉山金,21,4,17,富邦-中壢,2023-08-23,9636
3567,逸昌,64,48,16,富邦-中壢,2023-08-23,9636
3078,僑威,18,3,15,富邦-中壢,2023-08-23,9636
00902,中信電池及儲能,15,0,15,富邦-中壢,2023-08-23,9636
2376,技嘉,34,19,15,富邦-中壢,2023-08-23,9636
2603,長榮,15,1,14,富邦-中壢,2023-08-23,9636
00679B,元大美債20年,14,1,13,富邦-中壢,2023-08-23,9636
00722B,群益投資級電信債,13,0,13,富邦-中壢,2023-08-23,9636
6216,居易,13,0,13,富邦-中壢,2023-08-23,9636
6116,彩晶,13,0,13,富邦-中壢,2023-08-23,9636
1101,台泥,14,2,12,富邦-中壢,2023-08-23,9636
2880,華南金,13,0,13,富邦-中壢,2023-08-23,9636
00642U,期元大S＆P石油,12,0,12,富邦-中壢,2023-08-23,9636
00772B,中信高評級公司債,13,1,12,富邦-中壢,2023-08-23,9636
2605,新興,55,43,12,富邦-中壢,2023-08-23,9636
00919,群益台灣精選高息,13,1,12,富邦-中壢,2023-08-23,9636
9919,康那香,15,4,11,富邦-中壢,2023-08-23,9636
6244,茂迪,11,0,11,富邦-中壢,2023-08-23,9636
4916,事欣科,305,46,259,富邦-中壢,2023-08-24,9636
00929,復華台灣科技優息,296,107,189,富邦-中壢,2023-08-24,9636
3231,緯創,815,628,187,富邦-中壢,2023-08-24,9636
00919,群益台灣精選高息,101,15,86,富邦-中壢,2023-08-24,9636
2883,凱基金,101,24,77,富邦-中壢,2023-08-24,9636
2363,矽統,555,478,77,富邦-中壢,2023-08-24,9636
2884,玉山金,75,4,71,富邦-中壢,2023-08-24,9636
00715L,期街口布蘭特正2,68,2,66,富邦-中壢,2023-08-24,9636
2329,華泰,159,102,57,富邦-中壢,2023-08-24,9636
1409,新纖,53,0,53,富邦-中壢,2023-08-24,9636
00926,凱基全球菁英55,51,0,51,富邦-中壢,2023-08-24,9636
6269,台郡,50,0,50,富邦-中壢,2023-08-24,9636
00632R,元大台灣50反1,47,3,44,富邦-中壢,2023-08-24,9636
00893,國泰智能電動車,67,26,41,富邦-中壢,2023-08-24,9636
00683L,期元大美元指正2,40,0,40,富邦-中壢,2023-08-24,9636
2324,仁寶,164,127,37,富邦-中壢,2023-08-24,9636
2002,中鋼,42,5,37,富邦-中壢,2023-08-24,9636
5534,長虹,38,1,37,富邦-中壢,2023-08-24,9636
2607,榮運,37,0,37,富邦-中壢,2023-08-24,9636
3206,志豐,35,1,34,富邦-中壢,2023-08-24,9636
00665L,富邦�琤肭磪囓�2,32,4,28,富邦-中壢,2023-08-24,9636
2382,廣達,395,367,28,富邦-中壢,2023-08-24,9636
00713,元大台灣高息低波,25,1,24,富邦-中壢,2023-08-24,9636
3682,亞太電,25,1,24,富邦-中壢,2023-08-24,9636
00852L,國泰美國道瓊正2,23,0,23,富邦-中壢,2023-08-24,9636
6282,康舒,58,35,23,富邦-中壢,2023-08-24,9636
00642U,期元大S＆P石油,24,2,22,富邦-中壢,2023-08-24,9636
2882,國泰金,24,3,21,富邦-中壢,2023-08-24,9636
00922,國泰台灣領袖50,20,0,20,富邦-中壢,2023-08-24,9636
2605,新興,31,11,20,富邦-中壢,2023-08-24,9636
3164,景岳,20,0,20,富邦-中壢,2023-08-24,9636
4207,環泰,21,1,20,富邦-中壢,2023-08-24,9636
6222,上揚,20,0,20,富邦-中壢,2023-08-24,9636
3686,達能,20,0,20,富邦-中壢,2023-08-24,9636
8261,富鼎,19,0,19,富邦-中壢,2023-08-24,9636
2352,佳世達,41,23,18,富邦-中壢,2023-08-24,9636
2323,中環,24,6,18,富邦-中壢,2023-08-24,9636
00687B,國泰20年美債,19,1,18,富邦-中壢,2023-08-24,9636
2312,金寶,21,4,17,富邦-中壢,2023-08-24,9636
3035,智原,49,33,16,富邦-中壢,2023-08-24,9636
2539,櫻花建,16,0,16,富邦-中壢,2023-08-24,9636
2419,仲琦,62,46,16,富邦-中壢,2023-08-24,9636
4543,萬在,24,9,15,富邦-中壢,2023-08-24,9636
2867,三商壽,15,0,15,富邦-中壢,2023-08-24,9636
2724,藝舍-KY,15,0,15,富邦-中壢,2023-08-24,9636
2881,富邦金,20,5,15,富邦-中壢,2023-08-24,9636
3715,定穎投控,141,127,14,富邦-中壢,2023-08-24,9636
4906,正文,73,59,14,富邦-中壢,2023-08-24,9636
4747,強生,19,5,14,富邦-中壢,2023-08-24,9636
3515,華擎,16,2,14,富邦-中壢,2023-08-24,9636
00878,國泰永續高股息,576,17,559,富邦-中壢,2023-08-25,9636
3231,緯創,585,211,374,富邦-中壢,2023-08-25,9636
2890,永豐金,314,0,314,富邦-中壢,2023-08-25,9636
00929,復華台灣科技優息,308,53,255,富邦-中壢,2023-08-25,9636
00919,群益台灣精選高息,188,2,186,富邦-中壢,2023-08-25,9636
2359,所羅門,70,6,64,富邦-中壢,2023-08-25,9636
2382,廣達,168,113,55,富邦-中壢,2023-08-25,9636
2485,兆赫,163,109,54,富邦-中壢,2023-08-25,9636
3024,憶聲,54,0,54,富邦-中壢,2023-08-25,9636
2634,漢翔,184,131,53,富邦-中壢,2023-08-25,9636
1471,首利,61,9,52,富邦-中壢,2023-08-25,9636
00900,富邦特選高股息30,54,2,52,富邦-中壢,2023-08-25,9636
0056,元大高股息,52,5,47,富邦-中壢,2023-08-25,9636
2891,中信金,53,6,47,富邦-中壢,2023-08-25,9636
2303,聯電,46,2,44,富邦-中壢,2023-08-25,9636
2356,英業達,108,64,44,富邦-中壢,2023-08-25,9636
00633L,富邦上証正2,82,40,42,富邦-中壢,2023-08-25,9636
2328,廣宇,41,0,41,富邦-中壢,2023-08-25,9636
3041,揚智,40,2,38,富邦-中壢,2023-08-25,9636
2002,中鋼,47,10,37,富邦-中壢,2023-08-25,9636
2317,鴻海,38,1,37,富邦-中壢,2023-08-25,9636
00893,國泰智能電動車,42,6,36,富邦-中壢,2023-08-25,9636
2630,亞航,48,13,35,富邦-中壢,2023-08-25,9636
00895,富邦未來車,34,1,33,富邦-中壢,2023-08-25,9636
00632R,元大台灣50反1,114,85,29,富邦-中壢,2023-08-25,9636
2206,三陽工業,40,12,28,富邦-中壢,2023-08-25,9636
00921,兆豐龍頭等權重,28,0,28,富邦-中壢,2023-08-25,9636
3037,欣興,88,60,28,富邦-中壢,2023-08-25,9636
2353,宏��,40,13,27,富邦-中壢,2023-08-25,9636
5905,南仁湖,26,0,26,富邦-中壢,2023-08-25,9636
00713,元大台灣高息低波,44,18,26,富邦-中壢,2023-08-25,9636
5880,合庫金,26,0,26,富邦-中壢,2023-08-25,9636
3682,亞太電,25,0,25,富邦-中壢,2023-08-25,9636
00891,中信關鍵半導體,25,0,25,富邦-中壢,2023-08-25,9636
2330,台積電,34,10,24,富邦-中壢,2023-08-25,9636
2376,技嘉,61,38,23,富邦-中壢,2023-08-25,9636
2462,良得電,23,0,23,富邦-中壢,2023-08-25,9636
00830,國泰費城半導體,22,0,22,富邦-中壢,2023-08-25,9636
2618,長榮航,122,100,22,富邦-中壢,2023-08-25,9636
2201,裕隆,23,2,21,富邦-中壢,2023-08-25,9636
5381,合正,101,80,21,富邦-中壢,2023-08-25,9636
00877,復華中國5G,21,0,21,富邦-中壢,2023-08-25,9636
2884,玉山金,21,0,21,富邦-中壢,2023-08-25,9636
2801,彰銀,20,0,20,富邦-中壢,2023-08-25,9636
2887,台新金,37,17,20,富邦-中壢,2023-08-25,9636
2344,華邦電,21,1,20,富邦-中壢,2023-08-25,9636
4747,強生,19,0,19,富邦-中壢,2023-08-25,9636
2367,燿華,18,0,18,富邦-中壢,2023-08-25,9636
6285,啟��,40,23,17,富邦-中壢,2023-08-25,9636
9941,裕融,18,1,17,富邦-中壢,2023-08-25,9636
00929,復華台灣科技優息,249,62,187,富邦-中壢,2023-08-28,9636
2618,長榮航,214,29,185,富邦-中壢,2023-08-28,9636
00919,群益台灣精選高息,120,0,120,富邦-中壢,2023-08-28,9636
2485,兆赫,163,45,118,富邦-中壢,2023-08-28,9636
2889,國票金,100,1,99,富邦-中壢,2023-08-28,9636
2610,華航,94,8,86,富邦-中壢,2023-08-28,9636
2520,冠德,81,0,81,富邦-中壢,2023-08-28,9636
3481,群創,158,91,67,富邦-中壢,2023-08-28,9636
4916,事欣科,75,11,64,富邦-中壢,2023-08-28,9636
2884,玉山金,64,5,59,富邦-中壢,2023-08-28,9636
2388,威盛,79,22,57,富邦-中壢,2023-08-28,9636
6269,台郡,50,0,50,富邦-中壢,2023-08-28,9636
00923,群益台ESG低碳50,45,8,37,富邦-中壢,2023-08-28,9636
2323,中環,67,30,37,富邦-中壢,2023-08-28,9636
00882,中信中國高股息,39,3,36,富邦-中壢,2023-08-28,9636
5371,中光電,44,12,32,富邦-中壢,2023-08-28,9636
5381,合正,122,94,28,富邦-中壢,2023-08-28,9636
00650L,復華香港正2,27,0,27,富邦-中壢,2023-08-28,9636
2409,友達,29,3,26,富邦-中壢,2023-08-28,9636
2356,英業達,53,27,26,富邦-中壢,2023-08-28,9636
6168,宏齊,42,17,25,富邦-中壢,2023-08-28,9636
6282,康舒,56,32,24,富邦-中壢,2023-08-28,9636
00900,富邦特選高股息30,31,9,22,富邦-中壢,2023-08-28,9636
6257,矽格,31,9,22,富邦-中壢,2023-08-28,9636
2436,偉詮電,24,4,20,富邦-中壢,2023-08-28,9636
2851,中再保,20,0,20,富邦-中壢,2023-08-28,9636
4906,正文,211,192,19,富邦-中壢,2023-08-28,9636
3094,聯傑,49,30,19,富邦-中壢,2023-08-28,9636
4904,遠傳,19,0,19,富邦-中壢,2023-08-28,9636
2331,精英,170,152,18,富邦-中壢,2023-08-28,9636
1454,台富,22,4,18,富邦-中壢,2023-08-28,9636
3021,鴻名,18,0,18,富邦-中壢,2023-08-28,9636
8050,廣積,20,3,17,富邦-中壢,2023-08-28,9636
2883,凱基金,25,8,17,富邦-中壢,2023-08-28,9636
3308,聯德,38,22,16,富邦-中壢,2023-08-28,9636
1216,統一,16,0,16,富邦-中壢,2023-08-28,9636
00751B,元大AAA至A公司債,19,3,16,富邦-中壢,2023-08-28,9636
6222,上揚,16,0,16,富邦-中壢,2023-08-28,9636
4432,銘旺實,15,0,15,富邦-中壢,2023-08-28,9636
2371,大同,17,2,15,富邦-中壢,2023-08-28,9636
2450,神腦,15,0,15,富邦-中壢,2023-08-28,9636
2402,毅嘉,38,23,15,富邦-中壢,2023-08-28,9636
8926,台汽電,15,0,15,富邦-中壢,2023-08-28,9636
00673R,期元大S＆P原油反1,20,6,14,富邦-中壢,2023-08-28,9636
3264,欣銓,18,4,14,富邦-中壢,2023-08-28,9636
1737,臺鹽,59,46,13,富邦-中壢,2023-08-28,9636
2352,佳世達,14,1,13,富邦-中壢,2023-08-28,9636
3005,神基,13,0,13,富邦-中壢,2023-08-28,9636
2206,三陽工業,15,2,13,富邦-中壢,2023-08-28,9636
2363,矽統,550,538,12,富邦-中壢,2023-08-28,9636
00929,復華台灣科技優息,335,25,310,富邦-中壢,2023-08-29,9636
2890,永豐金,278,0,278,富邦-中壢,2023-08-29,9636
5880,合庫金,115,0,115,富邦-中壢,2023-08-29,9636
1529,樂事綠能,113,7,106,富邦-中壢,2023-08-29,9636
2851,中再保,76,0,76,富邦-中壢,2023-08-29,9636
00706L,期元大S＆P日圓正2,71,0,71,富邦-中壢,2023-08-29,9636
3231,緯創,259,190,69,富邦-中壢,2023-08-29,9636
2002,中鋼,57,7,50,富邦-中壢,2023-08-29,9636
2317,鴻海,77,29,48,富邦-中壢,2023-08-29,9636
2329,華泰,105,59,46,富邦-中壢,2023-08-29,9636
1612,宏泰,46,1,45,富邦-中壢,2023-08-29,9636
3481,群創,70,27,43,富邦-中壢,2023-08-29,9636
00878,國泰永續高股息,62,21,41,富邦-中壢,2023-08-29,9636
6443,元晶,45,10,35,富邦-中壢,2023-08-29,9636
4906,正文,53,22,31,富邦-中壢,2023-08-29,9636
1471,首利,39,12,27,富邦-中壢,2023-08-29,9636
1786,科妍,24,0,24,富邦-中壢,2023-08-29,9636
00679B,元大美債20年,27,4,23,富邦-中壢,2023-08-29,9636
00633L,富邦上証正2,67,44,23,富邦-中壢,2023-08-29,9636
2634,漢翔,78,56,22,富邦-中壢,2023-08-29,9636
3017,奇鋐,29,8,21,富邦-中壢,2023-08-29,9636
2356,英業達,53,33,20,富邦-中壢,2023-08-29,9636
1710,東聯,20,0,20,富邦-中壢,2023-08-29,9636
6191,精成科,30,11,19,富邦-中壢,2023-08-29,9636
2340,台亞,24,6,18,富邦-中壢,2023-08-29,9636
4916,事欣科,24,6,18,富邦-中壢,2023-08-29,9636
6213,聯茂,36,19,17,富邦-中壢,2023-08-29,9636
4961,天鈺,18,2,16,富邦-中壢,2023-08-29,9636
1810,和成,21,6,15,富邦-中壢,2023-08-29,9636
00885,富邦越南,22,8,14,富邦-中壢,2023-08-29,9636
3013,晟銘電,14,1,13,富邦-中壢,2023-08-29,9636
6139,亞翔,14,1,13,富邦-中壢,2023-08-29,9636
00687B,國泰20年美債,13,0,13,富邦-中壢,2023-08-29,9636
2368,金像電,59,47,12,富邦-中壢,2023-08-29,9636
2897,王道銀行,12,0,12,富邦-中壢,2023-08-29,9636
3162,精確,13,1,12,富邦-中壢,2023-08-29,9636
006208,富邦台50,12,0,12,富邦-中壢,2023-08-29,9636
6770,力積電,12,1,11,富邦-中壢,2023-08-29,9636
1229,聯華,11,0,11,富邦-中壢,2023-08-29,9636
8222,寶一,31,20,11,富邦-中壢,2023-08-29,9636
00923,群益台ESG低碳50,14,3,11,富邦-中壢,2023-08-29,9636
1709,和益,10,0,10,富邦-中壢,2023-08-29,9636
00719B,元大美債1-3,10,0,10,富邦-中壢,2023-08-29,9636
2014,中鴻,10,1,9,富邦-中壢,2023-08-29,9636
3094,聯傑,34,25,9,富邦-中壢,2023-08-29,9636
3374,精材,10,1,9,富邦-中壢,2023-08-29,9636
5443,均豪,9,0,9,富邦-中壢,2023-08-29,9636
3702,大聯大,9,1,8,富邦-中壢,2023-08-29,9636
2017,官田鋼,10,2,8,富邦-中壢,2023-08-29,9636
2484,希華,8,0,8,富邦-中壢,2023-08-29,9636
00919,群益台灣精選高息,326,12,314,富邦-中壢,2023-08-30,9636
00929,復華台灣科技優息,167,35,132,富邦-中壢,2023-08-30,9636
2618,長榮航,146,32,114,富邦-中壢,2023-08-30,9636
00633L,富邦上証正2,101,0,101,富邦-中壢,2023-08-30,9636
2002,中鋼,86,15,71,富邦-中壢,2023-08-30,9636
2610,華航,111,46,65,富邦-中壢,2023-08-30,9636
00632R,元大台灣50反1,72,8,64,富邦-中壢,2023-08-30,9636
0056,元大高股息,73,15,58,富邦-中壢,2023-08-30,9636
2102,泰豐,50,0,50,富邦-中壢,2023-08-30,9636
00676R,富邦臺灣加權反1,50,0,50,富邦-中壢,2023-08-30,9636
00673R,期元大S＆P原油反1,58,10,48,富邦-中壢,2023-08-30,9636
00878,國泰永續高股息,81,36,45,富邦-中壢,2023-08-30,9636
9945,潤泰新,69,25,44,富邦-中壢,2023-08-30,9636
00885,富邦越南,44,8,36,富邦-中壢,2023-08-30,9636
3481,群創,123,87,36,富邦-中壢,2023-08-30,9636
00664R,國泰臺灣加權反1,50,15,35,富邦-中壢,2023-08-30,9636
4916,事欣科,41,6,35,富邦-中壢,2023-08-30,9636
00665L,富邦�琤肭磪囓�2,55,21,34,富邦-中壢,2023-08-30,9636
9958,世紀鋼,36,4,32,富邦-中壢,2023-08-30,9636
2401,凌陽,63,33,30,富邦-中壢,2023-08-30,9636
2485,兆赫,94,64,30,富邦-中壢,2023-08-30,9636
00683L,期元大美元指正2,28,0,28,富邦-中壢,2023-08-30,9636
00637L,元大滬深300正2,26,0,26,富邦-中壢,2023-08-30,9636
5371,中光電,30,7,23,富邦-中壢,2023-08-30,9636
2331,精英,89,67,22,富邦-中壢,2023-08-30,9636
3583,辛耘,21,1,20,富邦-中壢,2023-08-30,9636
8933,愛地雅,20,0,20,富邦-中壢,2023-08-30,9636
6116,彩晶,20,1,19,富邦-中壢,2023-08-30,9636
2495,普安,26,7,19,富邦-中壢,2023-08-30,9636
00720B,元大投資級公司債,34,16,18,富邦-中壢,2023-08-30,9636
3094,聯傑,26,8,18,富邦-中壢,2023-08-30,9636
1612,宏泰,34,16,18,富邦-中壢,2023-08-30,9636
2356,英業達,48,30,18,富邦-中壢,2023-08-30,9636
2324,仁寶,38,21,17,富邦-中壢,2023-08-30,9636
3017,奇鋐,30,14,16,富邦-中壢,2023-08-30,9636
6156,松上,15,0,15,富邦-中壢,2023-08-30,9636
2891,中信金,14,0,14,富邦-中壢,2023-08-30,9636
9914,美利達,24,10,14,富邦-中壢,2023-08-30,9636
2344,華邦電,27,13,14,富邦-中壢,2023-08-30,9636
3308,聯德,40,26,14,富邦-中壢,2023-08-30,9636
1218,泰山,13,0,13,富邦-中壢,2023-08-30,9636
4909,新復興,13,0,13,富邦-中壢,2023-08-30,9636
2630,亞航,23,10,13,富邦-中壢,2023-08-30,9636
1737,臺鹽,15,3,12,富邦-中壢,2023-08-30,9636
00907,永豐優息存股,12,0,12,富邦-中壢,2023-08-30,9636
2371,大同,18,6,12,富邦-中壢,2023-08-30,9636
2880,華南金,13,1,12,富邦-中壢,2023-08-30,9636
2834,臺企銀,14,2,12,富邦-中壢,2023-08-30,9636
00713,元大台灣高息低波,14,4,10,富邦-中壢,2023-08-30,9636
1304,台聚,10,0,10,富邦-中壢,2023-08-30,9636
2890,永豐金,955,1,954,富邦-中壢,2023-08-31,9636
00929,復華台灣科技優息,176,19,157,富邦-中壢,2023-08-31,9636
00922,國泰台灣領袖50,162,10,152,富邦-中壢,2023-08-31,9636
2834,臺企銀,116,0,116,富邦-中壢,2023-08-31,9636
3715,定穎投控,122,45,77,富邦-中壢,2023-08-31,9636
2881,富邦金,72,6,66,富邦-中壢,2023-08-31,9636
00679B,元大美債20年,68,5,63,富邦-中壢,2023-08-31,9636
00706L,期元大S＆P日圓正2,60,0,60,富邦-中壢,2023-08-31,9636
1802,台玻,64,5,59,富邦-中壢,2023-08-31,9636
00673R,期元大S＆P原油反1,49,0,49,富邦-中壢,2023-08-31,9636
2520,冠德,43,1,42,富邦-中壢,2023-08-31,9636
00919,群益台灣精選高息,43,2,41,富邦-中壢,2023-08-31,9636
2884,玉山金,42,2,40,富邦-中壢,2023-08-31,9636
2887,台新金,38,0,38,富邦-中壢,2023-08-31,9636
2883,凱基金,39,2,37,富邦-中壢,2023-08-31,9636
2891,中信金,37,0,37,富邦-中壢,2023-08-31,9636
8222,寶一,59,24,35,富邦-中壢,2023-08-31,9636
00633L,富邦上証正2,35,0,35,富邦-中壢,2023-08-31,9636
00751B,元大AAA至A公司債,30,0,30,富邦-中壢,2023-08-31,9636
6213,聯茂,94,65,29,富邦-中壢,2023-08-31,9636
2882,國泰金,29,0,29,富邦-中壢,2023-08-31,9636
2399,映泰,31,3,28,富邦-中壢,2023-08-31,9636
2204,中華,30,2,28,富邦-中壢,2023-08-31,9636
3260,威剛,103,75,28,富邦-中壢,2023-08-31,9636
00931B,統一美債20年,27,0,27,富邦-中壢,2023-08-31,9636
00772B,中信高評級公司債,35,10,25,富邦-中壢,2023-08-31,9636
6257,矽格,30,5,25,富邦-中壢,2023-08-31,9636
1522,堤維西,41,16,25,富邦-中壢,2023-08-31,9636
2449,京元電子,44,20,24,富邦-中壢,2023-08-31,9636
00632R,元大台灣50反1,35,11,24,富邦-中壢,2023-08-31,9636
00900,富邦特選高股息30,28,4,24,富邦-中壢,2023-08-31,9636
00637L,元大滬深300正2,28,5,23,富邦-中壢,2023-08-31,9636
2618,長榮航,99,77,22,富邦-中壢,2023-08-31,9636
00683L,期元大美元指正2,22,0,22,富邦-中壢,2023-08-31,9636
2880,華南金,23,1,22,富邦-中壢,2023-08-31,9636
2376,技嘉,51,30,21,富邦-中壢,2023-08-31,9636
3017,奇鋐,24,4,20,富邦-中壢,2023-08-31,9636
6547,高端疫苗,52,32,20,富邦-中壢,2023-08-31,9636
4128,中天,22,2,20,富邦-中壢,2023-08-31,9636
6133,金橋,20,0,20,富邦-中壢,2023-08-31,9636
2886,兆豐金,20,0,20,富邦-中壢,2023-08-31,9636
3363,上詮,20,1,19,富邦-中壢,2023-08-31,9636
5880,合庫金,18,0,18,富邦-中壢,2023-08-31,9636
6282,康舒,30,12,18,富邦-中壢,2023-08-31,9636
1101,台泥,19,1,18,富邦-中壢,2023-08-31,9636
2609,陽明,25,8,17,富邦-中壢,2023-08-31,9636
6168,宏齊,18,1,17,富邦-中壢,2023-08-31,9636
00753L,中信中國50正2,18,1,17,富邦-中壢,2023-08-31,9636
2892,第一金,17,0,17,富邦-中壢,2023-08-31,9636
3059,華晶科,22,6,16,富邦-中壢,2023-08-31,9636
00929,復華台灣科技優息,413,27,386,富邦-中壢,2023-09-01,9636
00932,兆豐永續高息等權,349,0,349,富邦-中壢,2023-09-01,9636
2520,冠德,260,31,229,富邦-中壢,2023-09-01,9636
3231,緯創,405,179,226,富邦-中壢,2023-09-01,9636
00632R,元大台灣50反1,220,0,220,富邦-中壢,2023-09-01,9636
00919,群益台灣精選高息,193,0,193,富邦-中壢,2023-09-01,9636
00673R,期元大S＆P原油反1,166,10,156,富邦-中壢,2023-09-01,9636
2891,中信金,78,0,78,富邦-中壢,2023-09-01,9636
2402,毅嘉,209,133,76,富邦-中壢,2023-09-01,9636
00878,國泰永續高股息,118,55,63,富邦-中壢,2023-09-01,9636
2485,兆赫,219,160,59,富邦-中壢,2023-09-01,9636
2329,華泰,82,24,58,富邦-中壢,2023-09-01,9636
2618,長榮航,80,44,36,富邦-中壢,2023-09-01,9636
00665L,富邦�琤肭磪囓�2,40,5,35,富邦-中壢,2023-09-01,9636
1305,華夏,35,0,35,富邦-中壢,2023-09-01,9636
2369,菱生,52,21,31,富邦-中壢,2023-09-01,9636
2340,台亞,53,24,29,富邦-中壢,2023-09-01,9636
2382,廣達,75,48,27,富邦-中壢,2023-09-01,9636
2409,友達,29,2,27,富邦-中壢,2023-09-01,9636
2368,金像電,42,16,26,富邦-中壢,2023-09-01,9636
2312,金寶,35,9,26,富邦-中壢,2023-09-01,9636
6282,康舒,55,31,24,富邦-中壢,2023-09-01,9636
2615,萬海,26,1,25,富邦-中壢,2023-09-01,9636
3078,僑威,63,40,23,富邦-中壢,2023-09-01,9636
00713,元大台灣高息低波,24,1,23,富邦-中壢,2023-09-01,9636
2838,聯邦銀,21,0,21,富邦-中壢,2023-09-01,9636
2301,光寶科,30,9,21,富邦-中壢,2023-09-01,9636
00679B,元大美債20年,20,0,20,富邦-中壢,2023-09-01,9636
8210,勤誠,56,36,20,富邦-中壢,2023-09-01,9636
2367,燿華,46,26,20,富邦-中壢,2023-09-01,9636
2206,三陽工業,66,47,19,富邦-中壢,2023-09-01,9636
2457,飛宏,29,10,19,富邦-中壢,2023-09-01,9636
4916,事欣科,20,1,19,富邦-中壢,2023-09-01,9636
8933,愛地雅,19,0,19,富邦-中壢,2023-09-01,9636
3622,洋華,30,11,19,富邦-中壢,2023-09-01,9636
6235,華孚,32,14,18,富邦-中壢,2023-09-01,9636
6122,擎邦,64,46,18,富邦-中壢,2023-09-01,9636
2031,新光鋼,21,3,18,富邦-中壢,2023-09-01,9636
1815,富喬,19,1,18,富邦-中壢,2023-09-01,9636
2516,新建,20,2,18,富邦-中壢,2023-09-01,9636
5483,中美晶,21,3,18,富邦-中壢,2023-09-01,9636
2014,中鴻,29,12,17,富邦-中壢,2023-09-01,9636
2449,京元電子,23,6,17,富邦-中壢,2023-09-01,9636
3037,欣興,32,17,15,富邦-中壢,2023-09-01,9636
1513,中興電,34,19,15,富邦-中壢,2023-09-01,9636
2603,長榮,17,3,14,富邦-中壢,2023-09-01,9636
1471,首利,26,12,14,富邦-中壢,2023-09-01,9636
5457,宣德,17,3,14,富邦-中壢,2023-09-01,9636
3026,禾伸堂,18,4,14,富邦-中壢,2023-09-01,9636
2337,旺宏,39,25,14,富邦-中壢,2023-09-01,9636
00929,復華台灣科技優息,882,67,815,富邦-中壢,2023-09-04,9636
2520,冠德,362,1,361,富邦-中壢,2023-09-04,9636
00919,群益台灣精選高息,336,3,333,富邦-中壢,2023-09-04,9636
2371,大同,175,12,163,富邦-中壢,2023-09-04,9636
00673R,期元大S＆P原油反1,144,0,144,富邦-中壢,2023-09-04,9636
00931B,統一美債20年,130,0,130,富邦-中壢,2023-09-04,9636
2888,新光金,124,1,123,富邦-中壢,2023-09-04,9636
1802,台玻,229,146,83,富邦-中壢,2023-09-04,9636
2331,精英,102,20,82,富邦-中壢,2023-09-04,9636
00922,國泰台灣領袖50,66,0,66,富邦-中壢,2023-09-04,9636
00915,凱基優選高股息30,62,0,62,富邦-中壢,2023-09-04,9636
00687B,國泰20年美債,53,0,53,富邦-中壢,2023-09-04,9636
5905,南仁湖,50,0,50,富邦-中壢,2023-09-04,9636
6116,彩晶,46,0,46,富邦-中壢,2023-09-04,9636
3071,協禧,51,10,41,富邦-中壢,2023-09-04,9636
2102,泰豐,50,10,40,富邦-中壢,2023-09-04,9636
00679B,元大美債20年,48,10,38,富邦-中壢,2023-09-04,9636
5009,榮剛,55,17,38,富邦-中壢,2023-09-04,9636
00753L,中信中國50正2,50,13,37,富邦-中壢,2023-09-04,9636
00772B,中信高評級公司債,36,0,36,富邦-中壢,2023-09-04,9636
00857B,永豐20年美公債,36,0,36,富邦-中壢,2023-09-04,9636
6547,高端疫苗,36,6,30,富邦-中壢,2023-09-04,9636
2618,長榮航,56,28,28,富邦-中壢,2023-09-04,9636
1522,堤維西,33,8,25,富邦-中壢,2023-09-04,9636
1471,首利,24,0,24,富邦-中壢,2023-09-04,9636
00921,兆豐龍頭等權重,24,0,24,富邦-中壢,2023-09-04,9636
1216,統一,23,0,23,富邦-中壢,2023-09-04,9636
3338,泰碩,37,15,22,富邦-中壢,2023-09-04,9636
3046,建��,21,0,21,富邦-中壢,2023-09-04,9636
3094,聯傑,23,3,20,富邦-中壢,2023-09-04,9636
2390,云辰,34,14,20,富邦-中壢,2023-09-04,9636
00751B,元大AAA至A公司債,19,0,19,富邦-中壢,2023-09-04,9636
00923,群益台ESG低碳50,22,3,19,富邦-中壢,2023-09-04,9636
6016,康和證,20,1,19,富邦-中壢,2023-09-04,9636
2881,富邦金,48,29,19,富邦-中壢,2023-09-04,9636
5381,合正,72,53,19,富邦-中壢,2023-09-04,9636
2488,漢平,20,2,18,富邦-中壢,2023-09-04,9636
3481,群創,30,12,18,富邦-中壢,2023-09-04,9636
6432,今展科,18,0,18,富邦-中壢,2023-09-04,9636
4108,懷特,18,0,18,富邦-中壢,2023-09-04,9636
3257,虹冠電,37,19,18,富邦-中壢,2023-09-04,9636
00900,富邦特選高股息30,23,5,18,富邦-中壢,2023-09-04,9636
2897,王道銀行,20,3,17,富邦-中壢,2023-09-04,9636
2913,農林,16,0,16,富邦-中壢,2023-09-04,9636
3588,通嘉,43,27,16,富邦-中壢,2023-09-04,9636
00720B,元大投資級公司債,15,0,15,富邦-中壢,2023-09-04,9636
2368,金像電,42,27,15,富邦-中壢,2023-09-04,9636
6122,擎邦,31,17,14,富邦-中壢,2023-09-04,9636
2851,中再保,14,0,14,富邦-中壢,2023-09-04,9636
6190,萬泰科,14,0,14,富邦-中壢,2023-09-04,9636
00929,復華台灣科技優息,785,187,598,富邦-中壢,2023-09-05,9636
00919,群益台灣精選高息,385,39,346,富邦-中壢,2023-09-05,9636
1305,華夏,100,1,99,富邦-中壢,2023-09-05,9636
2618,長榮航,104,17,87,富邦-中壢,2023-09-05,9636
00878,國泰永續高股息,123,37,86,富邦-中壢,2023-09-05,9636
3051,力特,145,63,82,富邦-中壢,2023-09-05,9636
00633L,富邦上証正2,63,0,63,富邦-中壢,2023-09-05,9636
1434,福懋,60,1,59,富邦-中壢,2023-09-05,9636
3481,群創,68,11,57,富邦-中壢,2023-09-05,9636
00687B,國泰20年美債,55,1,54,富邦-中壢,2023-09-05,9636
00665L,富邦�琤肭磪囓�2,109,56,53,富邦-中壢,2023-09-05,9636
00715L,期街口布蘭特正2,52,0,52,富邦-中壢,2023-09-05,9636
00902,中信電池及儲能,51,0,51,富邦-中壢,2023-09-05,9636
5603,陸海,49,0,49,富邦-中壢,2023-09-05,9636
00918,大華優利高填息30,46,0,46,富邦-中壢,2023-09-05,9636
3545,敦泰,70,26,44,富邦-中壢,2023-09-05,9636
2881,富邦金,45,3,42,富邦-中壢,2023-09-05,9636
00679B,元大美債20年,42,1,41,富邦-中壢,2023-09-05,9636
5534,長虹,40,0,40,富邦-中壢,2023-09-05,9636
2402,毅嘉,101,62,39,富邦-中壢,2023-09-05,9636
2344,華邦電,47,10,37,富邦-中壢,2023-09-05,9636
2906,高林,56,19,37,富邦-中壢,2023-09-05,9636
2884,玉山金,39,2,37,富邦-中壢,2023-09-05,9636
8358,金居,106,74,32,富邦-中壢,2023-09-05,9636
2405,輔信,33,2,31,富邦-中壢,2023-09-05,9636
00650L,復華香港正2,30,0,30,富邦-中壢,2023-09-05,9636
2359,所羅門,30,3,27,富邦-中壢,2023-09-05,9636
6282,康舒,94,68,26,富邦-中壢,2023-09-05,9636
00683L,期元大美元指正2,24,0,24,富邦-中壢,2023-09-05,9636
1101,台泥,22,0,22,富邦-中壢,2023-09-05,9636
00931B,統一美債20年,21,0,21,富邦-中壢,2023-09-05,9636
6531,愛普*,51,30,21,富邦-中壢,2023-09-05,9636
00916,國泰全球品牌50,20,0,20,富邦-中壢,2023-09-05,9636
6160,欣技,21,1,20,富邦-中壢,2023-09-05,9636
00907,永豐優息存股,19,0,19,富邦-中壢,2023-09-05,9636
2610,華航,38,19,19,富邦-中壢,2023-09-05,9636
2886,兆豐金,20,1,19,富邦-中壢,2023-09-05,9636
2324,仁寶,27,9,18,富邦-中壢,2023-09-05,9636
3231,緯創,156,138,18,富邦-中壢,2023-09-05,9636
2482,連宇,17,0,17,富邦-中壢,2023-09-05,9636
4945,陞達科技,17,0,17,富邦-中壢,2023-09-05,9636
4743,合一,17,1,16,富邦-中壢,2023-09-05,9636
00632R,元大台灣50反1,16,0,16,富邦-中壢,2023-09-05,9636
2634,漢翔,38,23,15,富邦-中壢,2023-09-05,9636
00720B,元大投資級公司債,15,0,15,富邦-中壢,2023-09-05,9636
2241,艾姆勒,15,0,15,富邦-中壢,2023-09-05,9636
2436,偉詮電,120,105,15,富邦-中壢,2023-09-05,9636
3715,定穎投控,62,48,14,富邦-中壢,2023-09-05,9636
3588,通嘉,33,19,14,富邦-中壢,2023-09-05,9636
5457,宣德,32,18,14,富邦-中壢,2023-09-05,9636
00929,復華台灣科技優息,678,156,522,富邦-中壢,2023-09-06,9636
4414,如興,356,0,356,富邦-中壢,2023-09-06,9636
00919,群益台灣精選高息,338,14,324,富邦-中壢,2023-09-06,9636
2520,冠德,225,0,225,富邦-中壢,2023-09-06,9636
3481,群創,176,12,164,富邦-中壢,2023-09-06,9636
2409,友達,185,28,157,富邦-中壢,2023-09-06,9636
2359,所羅門,115,0,115,富邦-中壢,2023-09-06,9636
00915,凱基優選高股息30,96,0,96,富邦-中壢,2023-09-06,9636
2312,金寶,90,5,85,富邦-中壢,2023-09-06,9636
00665L,富邦�琤肭磪囓�2,75,0,75,富邦-中壢,2023-09-06,9636
2891,中信金,65,0,65,富邦-中壢,2023-09-06,9636
2504,國產,57,0,57,富邦-中壢,2023-09-06,9636
00918,大華優利高填息30,56,0,56,富邦-中壢,2023-09-06,9636
00921,兆豐龍頭等權重,54,1,53,富邦-中壢,2023-09-06,9636
00679B,元大美債20年,56,7,49,富邦-中壢,2023-09-06,9636
1101,台泥,51,5,46,富邦-中壢,2023-09-06,9636
00882,中信中國高股息,54,10,44,富邦-中壢,2023-09-06,9636
1402,遠東新,44,0,44,富邦-中壢,2023-09-06,9636
00931B,統一美債20年,46,3,43,富邦-中壢,2023-09-06,9636
5381,合正,194,152,42,富邦-中壢,2023-09-06,9636
3051,力特,94,54,40,富邦-中壢,2023-09-06,9636
3625,西勝,44,5,39,富邦-中壢,2023-09-06,9636
2884,玉山金,50,12,38,富邦-中壢,2023-09-06,9636
2358,廷鑫,35,2,33,富邦-中壢,2023-09-06,9636
2890,永豐金,54,23,31,富邦-中壢,2023-09-06,9636
6282,康舒,47,16,31,富邦-中壢,2023-09-06,9636
00706L,期元大S＆P日圓正2,33,2,31,富邦-中壢,2023-09-06,9636
2881,富邦金,31,1,30,富邦-中壢,2023-09-06,9636
00632R,元大台灣50反1,30,0,30,富邦-中壢,2023-09-06,9636
00633L,富邦上証正2,30,0,30,富邦-中壢,2023-09-06,9636
2328,廣宇,29,0,29,富邦-中壢,2023-09-06,9636
2317,鴻海,30,1,29,富邦-中壢,2023-09-06,9636
2337,旺宏,32,3,29,富邦-中壢,2023-09-06,9636
00687B,國泰20年美債,28,0,28,富邦-中壢,2023-09-06,9636
00923,群益台ESG低碳50,29,1,28,富邦-中壢,2023-09-06,9636
4906,正文,41,13,28,富邦-中壢,2023-09-06,9636
2363,矽統,320,293,27,富邦-中壢,2023-09-06,9636
00720B,元大投資級公司債,27,0,27,富邦-中壢,2023-09-06,9636
3163,波若威,70,43,27,富邦-中壢,2023-09-06,9636
2301,光寶科,36,11,25,富邦-中壢,2023-09-06,9636
2867,三商壽,24,0,24,富邦-中壢,2023-09-06,9636
6470,宇智,24,0,24,富邦-中壢,2023-09-06,9636
2886,兆豐金,20,0,20,富邦-中壢,2023-09-06,9636
2436,偉詮電,132,113,19,富邦-中壢,2023-09-06,9636
3024,憶聲,19,0,19,富邦-中壢,2023-09-06,9636
00907,永豐優息存股,18,0,18,富邦-中壢,2023-09-06,9636
2002,中鋼,18,0,18,富邦-中壢,2023-09-06,9636
3231,緯創,65,49,16,富邦-中壢,2023-09-06,9636
2880,華南金,16,0,16,富邦-中壢,2023-09-06,9636
2401,凌陽,100,84,16,富邦-中壢,2023-09-06,9636
00929,復華台灣科技優息,783,90,693,富邦-中壢,2023-09-07,9636
00919,群益台灣精選高息,437,205,232,富邦-中壢,2023-09-07,9636
00633L,富邦上証正2,214,7,207,富邦-中壢,2023-09-07,9636
4414,如興,190,0,190,富邦-中壢,2023-09-07,9636
2884,玉山金,101,0,101,富邦-中壢,2023-09-07,9636
2485,兆赫,256,165,91,富邦-中壢,2023-09-07,9636
2358,廷鑫,141,67,74,富邦-中壢,2023-09-07,9636
00915,凱基優選高股息30,82,10,72,富邦-中壢,2023-09-07,9636
00673R,期元大S＆P原油反1,92,24,68,富邦-中壢,2023-09-07,9636
3481,群創,87,31,56,富邦-中壢,2023-09-07,9636
00720B,元大投資級公司債,54,0,54,富邦-中壢,2023-09-07,9636
2536,宏普,50,0,50,富邦-中壢,2023-09-07,9636
4915,致伸,62,16,46,富邦-中壢,2023-09-07,9636
2610,華航,83,38,45,富邦-中壢,2023-09-07,9636
2359,所羅門,45,0,45,富邦-中壢,2023-09-07,9636
2618,長榮航,51,8,43,富邦-中壢,2023-09-07,9636
2324,仁寶,44,2,42,富邦-中壢,2023-09-07,9636
2303,聯電,71,31,40,富邦-中壢,2023-09-07,9636
00902,中信電池及儲能,36,0,36,富邦-中壢,2023-09-07,9636
00900,富邦特選高股息30,46,11,35,富邦-中壢,2023-09-07,9636
2002,中鋼,35,0,35,富邦-中壢,2023-09-07,9636
2356,英業達,82,48,34,富邦-中壢,2023-09-07,9636
00878,國泰永續高股息,66,32,34,富邦-中壢,2023-09-07,9636
2891,中信金,34,1,33,富邦-中壢,2023-09-07,9636
3046,建��,43,10,33,富邦-中壢,2023-09-07,9636
2887,台新金,43,11,32,富邦-中壢,2023-09-07,9636
8110,華東,30,0,30,富邦-中壢,2023-09-07,9636
2330,台積電,28,0,28,富邦-中壢,2023-09-07,9636
2313,華通,136,110,26,富邦-中壢,2023-09-07,9636
2368,金像電,39,13,26,富邦-中壢,2023-09-07,9636
2614,東森,40,14,26,富邦-中壢,2023-09-07,9636
00923,群益台ESG低碳50,27,3,24,富邦-中壢,2023-09-07,9636
2528,皇普,23,0,23,富邦-中壢,2023-09-07,9636
2031,新光鋼,24,2,22,富邦-中壢,2023-09-07,9636
2492,華新科,23,1,22,富邦-中壢,2023-09-07,9636
8088,品安,22,0,22,富邦-中壢,2023-09-07,9636
6209,今國光,22,0,22,富邦-中壢,2023-09-07,9636
0050,元大台灣50,20,0,20,富邦-中壢,2023-09-07,9636
6116,彩晶,21,1,20,富邦-中壢,2023-09-07,9636
4432,銘旺實,20,0,20,富邦-中壢,2023-09-07,9636
00751B,元大AAA至A公司債,22,2,20,富邦-中壢,2023-09-07,9636
2497,怡利電,21,1,20,富邦-中壢,2023-09-07,9636
2605,新興,22,2,20,富邦-中壢,2023-09-07,9636
3231,緯創,113,93,20,富邦-中壢,2023-09-07,9636
2890,永豐金,24,5,19,富邦-中壢,2023-09-07,9636
6285,啟��,52,36,16,富邦-中壢,2023-09-07,9636
1802,台玻,16,0,16,富邦-中壢,2023-09-07,9636
2409,友達,46,30,16,富邦-中壢,2023-09-07,9636
8261,富鼎,20,4,16,富邦-中壢,2023-09-07,9636
2401,凌陽,56,40,16,富邦-中壢,2023-09-07,9636
00919,群益台灣精選高息,442,55,387,富邦-中壢,2023-09-08,9636
00929,復華台灣科技優息,496,209,287,富邦-中壢,2023-09-08,9636
00902,中信電池及儲能,209,0,209,富邦-中壢,2023-09-08,9636
4414,如興,175,0,175,富邦-中壢,2023-09-08,9636
3231,緯創,281,157,124,富邦-中壢,2023-09-08,9636
2329,華泰,119,7,112,富邦-中壢,2023-09-08,9636
00633L,富邦上証正2,103,15,88,富邦-中壢,2023-09-08,9636
00918,大華優利高填息30,83,0,83,富邦-中壢,2023-09-08,9636
1305,華夏,70,14,56,富邦-中壢,2023-09-08,9636
2884,玉山金,63,15,48,富邦-中壢,2023-09-08,9636
00915,凱基優選高股息30,44,1,43,富邦-中壢,2023-09-08,9636
2630,亞航,121,80,41,富邦-中壢,2023-09-08,9636
00753L,中信中國50正2,34,0,34,富邦-中壢,2023-09-08,9636
2634,漢翔,60,28,32,富邦-中壢,2023-09-08,9636
00932,兆豐永續高息等權,32,0,32,富邦-中壢,2023-09-08,9636
00637L,元大滬深300正2,61,30,31,富邦-中壢,2023-09-08,9636
2520,冠德,30,0,30,富邦-中壢,2023-09-08,9636
4916,事欣科,35,5,30,富邦-中壢,2023-09-08,9636
5206,坤悅,30,0,30,富邦-中壢,2023-09-08,9636
2618,長榮航,35,8,27,富邦-中壢,2023-09-08,9636
6770,力積電,27,0,27,富邦-中壢,2023-09-08,9636
00720B,元大投資級公司債,25,0,25,富邦-中壢,2023-09-08,9636
2486,一詮,50,26,24,富邦-中壢,2023-09-08,9636
2330,台積電,24,1,23,富邦-中壢,2023-09-08,9636
00712,復華富時不動產,23,0,23,富邦-中壢,2023-09-08,9636
2528,皇普,22,0,22,富邦-中壢,2023-09-08,9636
2485,兆赫,56,34,22,富邦-中壢,2023-09-08,9636
00922,國泰台灣領袖50,21,0,21,富邦-中壢,2023-09-08,9636
2363,矽統,269,248,21,富邦-中壢,2023-09-08,9636
3704,合勤控,30,10,20,富邦-中壢,2023-09-08,9636
2340,台亞,21,1,20,富邦-中壢,2023-09-08,9636
3017,奇鋐,34,15,19,富邦-中壢,2023-09-08,9636
3363,上詮,135,116,19,富邦-中壢,2023-09-08,9636
2633,台灣高鐵,19,0,19,富邦-中壢,2023-09-08,9636
4953,緯軟,25,8,17,富邦-中壢,2023-09-08,9636
2317,鴻海,21,5,16,富邦-中壢,2023-09-08,9636
6282,康舒,32,16,16,富邦-中壢,2023-09-08,9636
5381,合正,40,25,15,富邦-中壢,2023-09-08,9636
2436,偉詮電,74,59,15,富邦-中壢,2023-09-08,9636
3483,力致,48,33,15,富邦-中壢,2023-09-08,9636
3078,僑威,22,7,15,富邦-中壢,2023-09-08,9636
3021,鴻名,15,0,15,富邦-中壢,2023-09-08,9636
6275,元山,16,2,14,富邦-中壢,2023-09-08,9636
0056,元大高股息,19,5,14,富邦-中壢,2023-09-08,9636
3548,兆利,14,1,13,富邦-中壢,2023-09-08,9636
8261,富鼎,13,0,13,富邦-中壢,2023-09-08,9636
3011,今皓,13,0,13,富邦-中壢,2023-09-08,9636
9105,泰金寶-DR,68,56,12,富邦-中壢,2023-09-08,9636
2376,技嘉,87,75,12,富邦-中壢,2023-09-08,9636
8271,宇瞻,12,0,12,富邦-中壢,2023-09-08,9636
00919,群益台灣精選高息,711,73,638,富邦-中壢,2023-09-11,9636
00878,國泰永續高股息,589,131,458,富邦-中壢,2023-09-11,9636
00929,復華台灣科技優息,640,349,291,富邦-中壢,2023-09-11,9636
2363,矽統,323,218,105,富邦-中壢,2023-09-11,9636
3596,智易,102,10,92,富邦-中壢,2023-09-11,9636
00931B,統一美債20年,72,1,71,富邦-中壢,2023-09-11,9636
00673R,期元大S＆P原油反1,64,0,64,富邦-中壢,2023-09-11,9636
00918,大華優利高填息30,64,0,64,富邦-中壢,2023-09-11,9636
3481,群創,69,15,54,富邦-中壢,2023-09-11,9636
6285,啟��,69,15,54,富邦-中壢,2023-09-11,9636
00932,兆豐永續高息等權,49,4,45,富邦-中壢,2023-09-11,9636
00915,凱基優選高股息30,54,11,43,富邦-中壢,2023-09-11,9636
2312,金寶,62,20,42,富邦-中壢,2023-09-11,9636
2888,新光金,45,3,42,富邦-中壢,2023-09-11,9636
00720B,元大投資級公司債,43,2,41,富邦-中壢,2023-09-11,9636
2409,友達,65,25,40,富邦-中壢,2023-09-11,9636
1504,東元,39,0,39,富邦-中壢,2023-09-11,9636
00679B,元大美債20年,39,0,39,富邦-中壢,2023-09-11,9636
00713,元大台灣高息低波,41,3,38,富邦-中壢,2023-09-11,9636
1618,合機,50,12,38,富邦-中壢,2023-09-11,9636
00665L,富邦�琤肭磪囓�2,137,100,37,富邦-中壢,2023-09-11,9636
2630,亞航,115,79,36,富邦-中壢,2023-09-11,9636
6274,台燿,71,34,37,富邦-中壢,2023-09-11,9636
3017,奇鋐,46,10,36,富邦-中壢,2023-09-11,9636
0056,元大高股息,123,88,35,富邦-中壢,2023-09-11,9636
3685,元創精密,35,0,35,富邦-中壢,2023-09-11,9636
00891,中信關鍵半導體,35,2,33,富邦-中壢,2023-09-11,9636
2884,玉山金,46,13,33,富邦-中壢,2023-09-11,9636
2388,威盛,38,5,33,富邦-中壢,2023-09-11,9636
2382,廣達,275,243,32,富邦-中壢,2023-09-11,9636
2368,金像電,42,12,30,富邦-中壢,2023-09-11,9636
8222,寶一,85,55,30,富邦-中壢,2023-09-11,9636
2504,國產,30,0,30,富邦-中壢,2023-09-11,9636
2371,大同,30,1,29,富邦-中壢,2023-09-11,9636
1605,華新,57,29,28,富邦-中壢,2023-09-11,9636
2201,裕隆,28,0,28,富邦-中壢,2023-09-11,9636
2352,佳世達,63,35,28,富邦-中壢,2023-09-11,9636
2618,長榮航,63,36,27,富邦-中壢,2023-09-11,9636
1101,台泥,27,0,27,富邦-中壢,2023-09-11,9636
6125,廣運,37,12,25,富邦-中壢,2023-09-11,9636
2330,台積電,26,2,24,富邦-中壢,2023-09-11,9636
2891,中信金,40,16,24,富邦-中壢,2023-09-11,9636
00692,富邦公司治理,30,6,24,富邦-中壢,2023-09-11,9636
6609,瀧澤科,23,0,23,富邦-中壢,2023-09-11,9636
1305,華夏,22,0,22,富邦-中壢,2023-09-11,9636
2328,廣宇,25,4,21,富邦-中壢,2023-09-11,9636
5269,祥碩,22,1,21,富邦-中壢,2023-09-11,9636
00696B,富邦美債20年,21,0,21,富邦-中壢,2023-09-11,9636
4173,久裕,20,0,20,富邦-中壢,2023-09-11,9636
00905,FT臺灣Smart,20,0,20,富邦-中壢,2023-09-11,9636
00632R,元大台灣50反1,499,0,499,富邦-中壢,2023-09-12,9636
00919,群益台灣精選高息,427,13,414,富邦-中壢,2023-09-12,9636
00929,復華台灣科技優息,408,97,311,富邦-中壢,2023-09-12,9636
2002,中鋼,130,0,130,富邦-中壢,2023-09-12,9636
2363,矽統,359,234,125,富邦-中壢,2023-09-12,9636
6120,達運,156,65,91,富邦-中壢,2023-09-12,9636
3481,群創,83,3,80,富邦-中壢,2023-09-12,9636
3276,宇環,62,2,60,富邦-中壢,2023-09-12,9636
5529,鉅陞,60,0,60,富邦-中壢,2023-09-12,9636
00931B,統一美債20年,55,0,55,富邦-中壢,2023-09-12,9636
2102,泰豐,50,0,50,富邦-中壢,2023-09-12,9636
00633L,富邦上証正2,50,0,50,富邦-中壢,2023-09-12,9636
2538,基泰,80,33,47,富邦-中壢,2023-09-12,9636
00907,永豐優息存股,56,10,46,富邦-中壢,2023-09-12,9636
2356,英業達,75,33,42,富邦-中壢,2023-09-12,9636
3715,定穎投控,43,5,38,富邦-中壢,2023-09-12,9636
1522,堤維西,90,56,34,富邦-中壢,2023-09-12,9636
8069,元太,37,3,34,富邦-中壢,2023-09-12,9636
00915,凱基優選高股息30,31,0,31,富邦-中壢,2023-09-12,9636
3094,聯傑,30,0,30,富邦-中壢,2023-09-12,9636
00679B,元大美債20年,38,11,27,富邦-中壢,2023-09-12,9636
00713,元大台灣高息低波,48,24,24,富邦-中壢,2023-09-12,9636
3078,僑威,48,24,24,富邦-中壢,2023-09-12,9636
2528,皇普,22,0,22,富邦-中壢,2023-09-12,9636
0056,元大高股息,35,13,22,富邦-中壢,2023-09-12,9636
00673R,期元大S＆P原油反1,23,2,21,富邦-中壢,2023-09-12,9636
4904,遠傳,26,5,21,富邦-中壢,2023-09-12,9636
6233,旺玖,20,0,20,富邦-中壢,2023-09-12,9636
2536,宏普,20,0,20,富邦-中壢,2023-09-12,9636
2645,長榮航太,28,9,19,富邦-中壢,2023-09-12,9636
3017,奇鋐,23,4,19,富邦-中壢,2023-09-12,9636
8076,伍豐,20,1,19,富邦-中壢,2023-09-12,9636
2884,玉山金,19,0,19,富邦-中壢,2023-09-12,9636
00932,兆豐永續高息等權,18,0,18,富邦-中壢,2023-09-12,9636
2425,承啟,18,0,18,富邦-中壢,2023-09-12,9636
2382,廣達,76,59,17,富邦-中壢,2023-09-12,9636
6125,廣運,53,35,18,富邦-中壢,2023-09-12,9636
6163,華電網,17,0,17,富邦-中壢,2023-09-12,9636
2634,漢翔,31,14,17,富邦-中壢,2023-09-12,9636
00720B,元大投資級公司債,26,10,16,富邦-中壢,2023-09-12,9636
6282,康舒,100,84,16,富邦-中壢,2023-09-12,9636
3576,聯合再生,17,2,15,富邦-中壢,2023-09-12,9636
00918,大華優利高填息30,15,0,15,富邦-中壢,2023-09-12,9636
1101,台泥,20,5,15,富邦-中壢,2023-09-12,9636
2206,三陽工業,15,1,14,富邦-中壢,2023-09-12,9636
2834,臺企銀,18,5,13,富邦-中壢,2023-09-12,9636
2707,晶華,13,0,13,富邦-中壢,2023-09-12,9636
00772B,中信高評級公司債,12,0,12,富邦-中壢,2023-09-12,9636
3545,敦泰,29,17,12,富邦-中壢,2023-09-12,9636
6274,台燿,22,10,12,富邦-中壢,2023-09-12,9636
00632R,元大台灣50反1,515,1,514,富邦-中壢,2023-09-13,9636
2883,凱基金,513,10,503,富邦-中壢,2023-09-13,9636
00929,復華台灣科技優息,540,46,494,富邦-中壢,2023-09-13,9636
00919,群益台灣精選高息,304,22,282,富邦-中壢,2023-09-13,9636
00671R,富邦NASDAQ反1,150,0,150,富邦-中壢,2023-09-13,9636
00673R,期元大S＆P原油反1,123,0,123,富邦-中壢,2023-09-13,9636
00878,國泰永續高股息,141,36,105,富邦-中壢,2023-09-13,9636
2867,三商壽,100,0,100,富邦-中壢,2023-09-13,9636
5529,鉅陞,100,0,100,富邦-中壢,2023-09-13,9636
00923,群益台ESG低碳50,91,0,91,富邦-中壢,2023-09-13,9636
6005,群益證,64,1,63,富邦-中壢,2023-09-13,9636
2313,華通,112,57,55,富邦-中壢,2023-09-13,9636
2340,台亞,52,3,49,富邦-中壢,2023-09-13,9636
1524,耿鼎,153,109,44,富邦-中壢,2023-09-13,9636
00633L,富邦上証正2,92,50,42,富邦-中壢,2023-09-13,9636
1314,中石化,43,2,41,富邦-中壢,2023-09-13,9636
00902,中信電池及儲能,44,10,34,富邦-中壢,2023-09-13,9636
00712,復華富時不動產,46,17,29,富邦-中壢,2023-09-13,9636
00679B,元大美債20年,29,0,29,富邦-中壢,2023-09-13,9636
2025,千興,31,5,26,富邦-中壢,2023-09-13,9636
1806,冠軍,25,0,25,富邦-中壢,2023-09-13,9636
6792,詠業,27,3,24,富邦-中壢,2023-09-13,9636
2634,漢翔,43,19,24,富邦-中壢,2023-09-13,9636
00715L,期街口布蘭特正2,47,25,22,富邦-中壢,2023-09-13,9636
00900,富邦特選高股息30,32,10,22,富邦-中壢,2023-09-13,9636
4919,新唐,26,5,21,富邦-中壢,2023-09-13,9636
8433,弘帆,21,0,21,富邦-中壢,2023-09-13,9636
3043,科風,25,5,20,富邦-中壢,2023-09-13,9636
00722B,群益投資級電信債,20,0,20,富邦-中壢,2023-09-13,9636
00753L,中信中國50正2,20,0,20,富邦-中壢,2023-09-13,9636
2031,新光鋼,20,1,19,富邦-中壢,2023-09-13,9636
2890,永豐金,20,1,19,富邦-中壢,2023-09-13,9636
2382,廣達,95,78,17,富邦-中壢,2023-09-13,9636
5469,瀚宇博,22,5,17,富邦-中壢,2023-09-13,9636
1515,力山,34,18,16,富邦-中壢,2023-09-13,9636
1609,大亞,20,4,16,富邦-中壢,2023-09-13,9636
3576,聯合再生,16,0,16,富邦-中壢,2023-09-13,9636
2352,佳世達,33,18,15,富邦-中壢,2023-09-13,9636
3162,精確,20,5,15,富邦-中壢,2023-09-13,9636
00751B,元大AAA至A公司債,15,0,15,富邦-中壢,2023-09-13,9636
00922,國泰台灣領袖50,15,0,15,富邦-中壢,2023-09-13,9636
2387,精元,22,7,15,富邦-中壢,2023-09-13,9636
6285,啟��,30,15,15,富邦-中壢,2023-09-13,9636
3260,威剛,31,16,15,富邦-中壢,2023-09-13,9636
2308,台達電,16,2,14,富邦-中壢,2023-09-13,9636
9919,康那香,14,0,14,富邦-中壢,2023-09-13,9636
2353,宏��,20,6,14,富邦-中壢,2023-09-13,9636
00665L,富邦�琤肭磪囓�2,15,2,13,富邦-中壢,2023-09-13,9636
2009,第一銅,52,39,13,富邦-中壢,2023-09-13,9636
00713,元大台灣高息低波,15,3,12,富邦-中壢,2023-09-13,9636
00929,復華台灣科技優息,681,107,574,富邦-中壢,2023-09-14,9636
00919,群益台灣精選高息,524,85,439,富邦-中壢,2023-09-14,9636
00632R,元大台灣50反1,411,0,411,富邦-中壢,2023-09-14,9636
00671R,富邦NASDAQ反1,120,0,120,富邦-中壢,2023-09-14,9636
00918,大華優利高填息30,67,5,62,富邦-中壢,2023-09-14,9636
2618,長榮航,60,6,54,富邦-中壢,2023-09-14,9636
2102,泰豐,50,0,50,富邦-中壢,2023-09-14,9636
2017,官田鋼,50,0,50,富邦-中壢,2023-09-14,9636
2025,千興,55,16,39,富邦-中壢,2023-09-14,9636
3694,海華,54,16,38,富邦-中壢,2023-09-14,9636
3322,建舜電,46,14,32,富邦-中壢,2023-09-14,9636
2382,廣達,70,41,29,富邦-中壢,2023-09-14,9636
6274,台燿,42,16,26,富邦-中壢,2023-09-14,9636
2401,凌陽,32,7,25,富邦-中壢,2023-09-14,9636
2356,英業達,69,45,24,富邦-中壢,2023-09-14,9636
1314,中石化,50,26,24,富邦-中壢,2023-09-14,9636
00720B,元大投資級公司債,21,1,20,富邦-中壢,2023-09-14,9636
3576,聯合再生,21,1,20,富邦-中壢,2023-09-14,9636
4529,淳紳,20,0,20,富邦-中壢,2023-09-14,9636
3323,加百裕,20,0,20,富邦-中壢,2023-09-14,9636
6218,豪勉,21,3,18,富邦-中壢,2023-09-14,9636
00882,中信中國高股息,18,0,18,富邦-中壢,2023-09-14,9636
3051,力特,21,5,16,富邦-中壢,2023-09-14,9636
00902,中信電池及儲能,16,0,16,富邦-中壢,2023-09-14,9636
6182,合晶,20,4,16,富邦-中壢,2023-09-14,9636
2897,王道銀行,16,0,16,富邦-中壢,2023-09-14,9636
00915,凱基優選高股息30,17,1,16,富邦-中壢,2023-09-14,9636
2355,敬鵬,23,8,15,富邦-中壢,2023-09-14,9636
4944,兆遠,15,0,15,富邦-中壢,2023-09-14,9636
5009,榮剛,20,5,15,富邦-中壢,2023-09-14,9636
1471,首利,20,7,13,富邦-中壢,2023-09-14,9636
1101,台泥,19,7,12,富邦-中壢,2023-09-14,9636
2834,臺企銀,25,13,12,富邦-中壢,2023-09-14,9636
1504,東元,17,5,12,富邦-中壢,2023-09-14,9636
6222,上揚,12,0,12,富邦-中壢,2023-09-14,9636
3624,光頡,12,0,12,富邦-中壢,2023-09-14,9636
1591,駿吉-KY,11,0,11,富邦-中壢,2023-09-14,9636
2228,劍麟,27,16,11,富邦-中壢,2023-09-14,9636
5469,瀚宇博,13,2,11,富邦-中壢,2023-09-14,9636
00715L,期街口布蘭特正2,12,1,11,富邦-中壢,2023-09-14,9636
5289,宜鼎,11,0,11,富邦-中壢,2023-09-14,9636
3209,全科,16,5,11,富邦-中壢,2023-09-14,9636
8996,高力,17,7,10,富邦-中壢,2023-09-14,9636
00931B,統一美債20年,11,1,10,富邦-中壢,2023-09-14,9636
8050,廣積,11,1,10,富邦-中壢,2023-09-14,9636
1210,大成,11,1,10,富邦-中壢,2023-09-14,9636
00665L,富邦�琤肭磪囓�2,22,12,10,富邦-中壢,2023-09-14,9636
3064,泰偉,10,0,10,富邦-中壢,2023-09-14,9636
2312,金寶,10,0,10,富邦-中壢,2023-09-14,9636
1310,台苯,10,0,10,富邦-中壢,2023-09-14,9636
00929,復華台灣科技優息,734,51,683,富邦-中壢,2023-09-15,9636
00919,群益台灣精選高息,430,190,240,富邦-中壢,2023-09-15,9636
00637L,元大滬深300正2,180,46,134,富邦-中壢,2023-09-15,9636
2891,中信金,109,6,103,富邦-中壢,2023-09-15,9636
00931B,統一美債20年,94,0,94,富邦-中壢,2023-09-15,9636
2486,一詮,164,77,87,富邦-中壢,2023-09-15,9636
00632R,元大台灣50反1,105,20,85,富邦-中壢,2023-09-15,9636
3481,群創,63,5,58,富邦-中壢,2023-09-15,9636
2427,三商電,66,8,58,富邦-中壢,2023-09-15,9636
00918,大華優利高填息30,78,24,54,富邦-中壢,2023-09-15,9636
00679B,元大美債20年,50,0,50,富邦-中壢,2023-09-15,9636
2610,華航,67,18,49,富邦-中壢,2023-09-15,9636
2618,長榮航,68,22,46,富邦-中壢,2023-09-15,9636
2884,玉山金,46,5,41,富邦-中壢,2023-09-15,9636
1101,台泥,58,17,41,富邦-中壢,2023-09-15,9636
3363,上詮,203,164,39,富邦-中壢,2023-09-15,9636
2352,佳世達,44,10,34,富邦-中壢,2023-09-15,9636
4944,兆遠,32,0,32,富邦-中壢,2023-09-15,9636
2002,中鋼,34,3,31,富邦-中壢,2023-09-15,9636
2637,慧洋-KY,55,25,30,富邦-中壢,2023-09-15,9636
00674R,期元大S＆P黃金反1,30,0,30,富邦-中壢,2023-09-15,9636
00722B,群益投資級電信債,30,1,29,富邦-中壢,2023-09-15,9636
00713,元大台灣高息低波,32,4,28,富邦-中壢,2023-09-15,9636
00751B,元大AAA至A公司債,27,0,27,富邦-中壢,2023-09-15,9636
00932,兆豐永續高息等權,30,5,25,富邦-中壢,2023-09-15,9636
8034,榮群,27,3,24,富邦-中壢,2023-09-15,9636
5371,中光電,34,11,23,富邦-中壢,2023-09-15,9636
2892,第一金,41,19,22,富邦-中壢,2023-09-15,9636
00633L,富邦上証正2,181,160,21,富邦-中壢,2023-09-15,9636
2401,凌陽,23,2,21,富邦-中壢,2023-09-15,9636
2641,正德,35,15,20,富邦-中壢,2023-09-15,9636
1618,合機,40,20,20,富邦-中壢,2023-09-15,9636
2520,冠德,20,0,20,富邦-中壢,2023-09-15,9636
00772B,中信高評級公司債,19,0,19,富邦-中壢,2023-09-15,9636
00907,永豐優息存股,19,0,19,富邦-中壢,2023-09-15,9636
8068,全達,52,33,19,富邦-中壢,2023-09-15,9636
8433,弘帆,19,0,19,富邦-中壢,2023-09-15,9636
9935,慶豐富,18,0,18,富邦-中壢,2023-09-15,9636
00905,FT臺灣Smart,20,2,18,富邦-中壢,2023-09-15,9636
2402,毅嘉,48,31,17,富邦-中壢,2023-09-15,9636
2886,兆豐金,24,8,16,富邦-中壢,2023-09-15,9636
2204,中華,21,5,16,富邦-中壢,2023-09-15,9636
3252,海灣,16,0,16,富邦-中壢,2023-09-15,9636
2317,鴻海,17,1,16,富邦-中壢,2023-09-15,9636
4979,華星光,15,0,15,富邦-中壢,2023-09-15,9636
3257,虹冠電,15,1,14,富邦-中壢,2023-09-15,9636
4909,新復興,17,3,14,富邦-中壢,2023-09-15,9636
2332,友訊,20,6,14,富邦-中壢,2023-09-15,9636
00687B,國泰20年美債,14,0,14,富邦-中壢,2023-09-15,9636
3231,緯創,53,40,13,富邦-中壢,2023-09-15,9636
00919,群益台灣精選高息,649,52,597,富邦-中壢,2023-09-18,9636
00929,復華台灣科技優息,632,148,484,富邦-中壢,2023-09-18,9636
2363,矽統,262,88,174,富邦-中壢,2023-09-18,9636
00878,國泰永續高股息,171,33,138,富邦-中壢,2023-09-18,9636
00679B,元大美債20年,128,2,126,富邦-中壢,2023-09-18,9636
00671R,富邦NASDAQ反1,100,0,100,富邦-中壢,2023-09-18,9636
3231,緯創,109,27,82,富邦-中壢,2023-09-18,9636
00720B,元大投資級公司債,80,0,80,富邦-中壢,2023-09-18,9636
00918,大華優利高填息30,77,3,74,富邦-中壢,2023-09-18,9636
2330,台積電,74,2,72,富邦-中壢,2023-09-18,9636
1605,華新,71,5,66,富邦-中壢,2023-09-18,9636
00931B,統一美債20年,108,45,63,富邦-中壢,2023-09-18,9636
00751B,元大AAA至A公司債,62,0,62,富邦-中壢,2023-09-18,9636
00665L,富邦�琤肭磪囓�2,52,0,52,富邦-中壢,2023-09-18,9636
2382,廣達,87,35,52,富邦-中壢,2023-09-18,9636
2355,敬鵬,111,60,51,富邦-中壢,2023-09-18,9636
2884,玉山金,64,14,50,富邦-中壢,2023-09-18,9636
2344,華邦電,66,16,50,富邦-中壢,2023-09-18,9636
2356,英業達,86,46,40,富邦-中壢,2023-09-18,9636
00713,元大台灣高息低波,43,4,39,富邦-中壢,2023-09-18,9636
00753L,中信中國50正2,38,0,38,富邦-中壢,2023-09-18,9636
0056,元大高股息,47,10,37,富邦-中壢,2023-09-18,9636
3037,欣興,44,7,37,富邦-中壢,2023-09-18,9636
2402,毅嘉,50,13,37,富邦-中壢,2023-09-18,9636
2368,金像電,34,3,31,富邦-中壢,2023-09-18,9636
2605,新興,70,39,31,富邦-中壢,2023-09-18,9636
00687B,國泰20年美債,30,0,30,富邦-中壢,2023-09-18,9636
00915,凱基優選高股息30,28,0,28,富邦-中壢,2023-09-18,9636
2031,新光鋼,33,5,28,富邦-中壢,2023-09-18,9636
2329,華泰,28,1,27,富邦-中壢,2023-09-18,9636
8054,安國,50,23,27,富邦-中壢,2023-09-18,9636
00882,中信中國高股息,26,0,26,富邦-中壢,2023-09-18,9636
6182,合晶,27,1,26,富邦-中壢,2023-09-18,9636
00932,兆豐永續高息等權,28,2,26,富邦-中壢,2023-09-18,9636
1909,榮成,25,0,25,富邦-中壢,2023-09-18,9636
9904,寶成,24,0,24,富邦-中壢,2023-09-18,9636
00673R,期元大S＆P原油反1,24,0,24,富邦-中壢,2023-09-18,9636
4934,太極,23,0,23,富邦-中壢,2023-09-18,9636
3363,上詮,60,37,23,富邦-中壢,2023-09-18,9636
3481,群創,27,5,22,富邦-中壢,2023-09-18,9636
00857B,永豐20年美公債,22,0,22,富邦-中壢,2023-09-18,9636
00696B,富邦美債20年,21,0,21,富邦-中壢,2023-09-18,9636
00637L,元大滬深300正2,32,11,21,富邦-中壢,2023-09-18,9636
00830,國泰費城半導體,20,0,20,富邦-中壢,2023-09-18,9636
2634,漢翔,36,16,20,富邦-中壢,2023-09-18,9636
2388,威盛,67,47,20,富邦-中壢,2023-09-18,9636
00795B,中信美國公債20年,19,0,19,富邦-中壢,2023-09-18,9636
00772B,中信高評級公司債,18,0,18,富邦-中壢,2023-09-18,9636
2399,映泰,20,2,18,富邦-中壢,2023-09-18,9636
2301,光寶科,24,8,16,富邦-中壢,2023-09-18,9636
00929,復華台灣科技優息,433,46,387,富邦-中壢,2023-09-19,9636
00919,群益台灣精選高息,236,50,186,富邦-中壢,2023-09-19,9636
00878,國泰永續高股息,203,43,160,富邦-中壢,2023-09-19,9636
2330,台積電,60,1,59,富邦-中壢,2023-09-19,9636
00665L,富邦�琤肭磪囓�2,51,0,51,富邦-中壢,2023-09-19,9636
6901,鑽石投資,59,13,46,富邦-中壢,2023-09-19,9636
2388,威盛,92,46,46,富邦-中壢,2023-09-19,9636
00753L,中信中國50正2,65,20,45,富邦-中壢,2023-09-19,9636
00921,兆豐龍頭等權重,44,0,44,富邦-中壢,2023-09-19,9636
00932,兆豐永續高息等權,39,0,39,富邦-中壢,2023-09-19,9636
00923,群益台ESG低碳50,41,6,35,富邦-中壢,2023-09-19,9636
3036,文曄,63,29,34,富邦-中壢,2023-09-19,9636
3231,緯創,170,137,33,富邦-中壢,2023-09-19,9636
2316,楠梓電,31,0,31,富邦-中壢,2023-09-19,9636
3035,智原,42,11,31,富邦-中壢,2023-09-19,9636
1515,力山,35,5,30,富邦-中壢,2023-09-19,9636
2405,輔信,34,4,30,富邦-中壢,2023-09-19,9636
1310,台苯,30,0,30,富邦-中壢,2023-09-19,9636
3481,群創,44,16,28,富邦-中壢,2023-09-19,9636
00679B,元大美債20年,27,0,27,富邦-中壢,2023-09-19,9636
5607,遠雄港,27,1,26,富邦-中壢,2023-09-19,9636
8112,至上,53,28,25,富邦-中壢,2023-09-19,9636
0056,元大高股息,28,4,24,富邦-中壢,2023-09-19,9636
2610,華航,30,6,24,富邦-中壢,2023-09-19,9636
00888,永豐台灣ESG,24,0,24,富邦-中壢,2023-09-19,9636
2313,華通,221,198,23,富邦-中壢,2023-09-19,9636
2603,長榮,29,8,21,富邦-中壢,2023-09-19,9636
4919,新唐,30,9,21,富邦-中壢,2023-09-19,9636
5880,合庫金,20,0,20,富邦-中壢,2023-09-19,9636
00722B,群益投資級電信債,20,0,20,富邦-中壢,2023-09-19,9636
6244,茂迪,20,0,20,富邦-中壢,2023-09-19,9636
5381,合正,48,30,18,富邦-中壢,2023-09-19,9636
2344,華邦電,26,8,18,富邦-中壢,2023-09-19,9636
2481,強茂,17,0,17,富邦-中壢,2023-09-19,9636
6182,合晶,21,5,16,富邦-中壢,2023-09-19,9636
2633,台灣高鐵,20,5,15,富邦-中壢,2023-09-19,9636
00675L,富邦臺灣加權正2,15,0,15,富邦-中壢,2023-09-19,9636
2233,宇隆,16,1,15,富邦-中壢,2023-09-19,9636
2801,彰銀,15,0,15,富邦-中壢,2023-09-19,9636
00902,中信電池及儲能,14,0,14,富邦-中壢,2023-09-19,9636
00893,國泰智能電動車,14,0,14,富邦-中壢,2023-09-19,9636
2606,裕民,21,7,14,富邦-中壢,2023-09-19,9636
2601,益航,14,0,14,富邦-中壢,2023-09-19,9636
8996,高力,19,5,14,富邦-中壢,2023-09-19,9636
4979,華星光,55,42,13,富邦-中壢,2023-09-19,9636
8213,志超,13,0,13,富邦-中壢,2023-09-19,9636
00715L,期街口布蘭特正2,15,2,13,富邦-中壢,2023-09-19,9636
1101,台泥,15,3,12,富邦-中壢,2023-09-19,9636
2425,承啟,20,8,12,富邦-中壢,2023-09-19,9636
3049,精金,12,0,12,富邦-中壢,2023-09-19,9636
00929,復華台灣科技優息,1088,691,397,富邦-中壢,2023-09-20,9636
00919,群益台灣精選高息,299,24,275,富邦-中壢,2023-09-20,9636
00673R,期元大S＆P原油反1,210,0,210,富邦-中壢,2023-09-20,9636
2367,燿華,260,107,153,富邦-中壢,2023-09-20,9636
2449,京元電子,111,31,80,富邦-中壢,2023-09-20,9636
2313,華通,170,92,78,富邦-中壢,2023-09-20,9636
2344,華邦電,89,13,76,富邦-中壢,2023-09-20,9636
00878,國泰永續高股息,152,84,68,富邦-中壢,2023-09-20,9636
2605,新興,91,31,60,富邦-中壢,2023-09-20,9636
2603,長榮,74,14,60,富邦-中壢,2023-09-20,9636
2371,大同,61,3,58,富邦-中壢,2023-09-20,9636
2201,裕隆,68,18,50,富邦-中壢,2023-09-20,9636
2328,廣宇,50,1,49,富邦-中壢,2023-09-20,9636
00932,兆豐永續高息等權,45,1,44,富邦-中壢,2023-09-20,9636
00921,兆豐龍頭等權重,47,4,43,富邦-中壢,2023-09-20,9636
2637,慧洋-KY,50,7,43,富邦-中壢,2023-09-20,9636
2885,元大金,41,2,39,富邦-中壢,2023-09-20,9636
3481,群創,53,15,38,富邦-中壢,2023-09-20,9636
6585,鼎基,37,1,36,富邦-中壢,2023-09-20,9636
6901,鑽石投資,43,8,35,富邦-中壢,2023-09-20,9636
2329,華泰,38,6,32,富邦-中壢,2023-09-20,9636
00923,群益台ESG低碳50,38,6,32,富邦-中壢,2023-09-20,9636
00931B,統一美債20年,32,0,32,富邦-中壢,2023-09-20,9636
2330,台積電,38,6,32,富邦-中壢,2023-09-20,9636
00885,富邦越南,33,3,30,富邦-中壢,2023-09-20,9636
1605,華新,65,36,29,富邦-中壢,2023-09-20,9636
1101,台泥,30,1,29,富邦-中壢,2023-09-20,9636
2302,麗正,28,0,28,富邦-中壢,2023-09-20,9636
2883,凱基金,28,0,28,富邦-中壢,2023-09-20,9636
2641,正德,91,64,27,富邦-中壢,2023-09-20,9636
2382,廣達,87,61,26,富邦-中壢,2023-09-20,9636
2354,鴻準,33,7,26,富邦-中壢,2023-09-20,9636
1802,台玻,42,17,25,富邦-中壢,2023-09-20,9636
3276,宇環,40,16,24,富邦-中壢,2023-09-20,9636
2538,基泰,35,11,24,富邦-中壢,2023-09-20,9636
3037,欣興,52,29,23,富邦-中壢,2023-09-20,9636
3715,定穎投控,115,93,22,富邦-中壢,2023-09-20,9636
2913,農林,32,10,22,富邦-中壢,2023-09-20,9636
6282,康舒,44,22,22,富邦-中壢,2023-09-20,9636
2834,臺企銀,20,0,20,富邦-中壢,2023-09-20,9636
2618,長榮航,43,24,19,富邦-中壢,2023-09-20,9636
6182,合晶,25,6,19,富邦-中壢,2023-09-20,9636
00679B,元大美債20年,18,0,18,富邦-中壢,2023-09-20,9636
2388,威盛,33,17,16,富邦-中壢,2023-09-20,9636
2891,中信金,28,12,16,富邦-中壢,2023-09-20,9636
00915,凱基優選高股息30,17,1,16,富邦-中壢,2023-09-20,9636
00753L,中信中國50正2,27,11,16,富邦-中壢,2023-09-20,9636
8054,安國,38,22,16,富邦-中壢,2023-09-20,9636
3231,緯創,211,196,15,富邦-中壢,2023-09-20,9636
3006,晶豪科,19,4,15,富邦-中壢,2023-09-20,9636
00878,國泰永續高股息,854,79,775,富邦-中壢,2023-09-21,9636
00712,復華富時不動產,314,0,314,富邦-中壢,2023-09-21,9636
00919,群益台灣精選高息,270,37,233,富邦-中壢,2023-09-21,9636
3706,神達,186,13,173,富邦-中壢,2023-09-21,9636
00753L,中信中國50正2,129,0,129,富邦-中壢,2023-09-21,9636
2883,凱基金,151,25,126,富邦-中壢,2023-09-21,9636
2618,長榮航,113,8,105,富邦-中壢,2023-09-21,9636
2882,國泰金,106,11,95,富邦-中壢,2023-09-21,9636
2601,益航,90,0,90,富邦-中壢,2023-09-21,9636
00932,兆豐永續高息等權,85,1,84,富邦-中壢,2023-09-21,9636
2891,中信金,170,95,75,富邦-中壢,2023-09-21,9636
2884,玉山金,102,28,74,富邦-中壢,2023-09-21,9636
0050,元大台灣50,75,9,66,富邦-中壢,2023-09-21,9636
00679B,元大美債20年,72,6,66,富邦-中壢,2023-09-21,9636
2834,臺企銀,68,2,66,富邦-中壢,2023-09-21,9636
1101,台泥,68,4,64,富邦-中壢,2023-09-21,9636
5880,合庫金,65,1,64,富邦-中壢,2023-09-21,9636
3481,群創,92,33,59,富邦-中壢,2023-09-21,9636
0056,元大高股息,69,15,54,富邦-中壢,2023-09-21,9636
00665L,富邦�琤肭磪囓�2,54,0,54,富邦-中壢,2023-09-21,9636
2002,中鋼,52,0,52,富邦-中壢,2023-09-21,9636
00929,復華台灣科技優息,881,831,50,富邦-中壢,2023-09-21,9636
00922,國泰台灣領袖50,47,0,47,富邦-中壢,2023-09-21,9636
00921,兆豐龍頭等權重,42,0,42,富邦-中壢,2023-09-21,9636
2363,矽統,74,33,41,富邦-中壢,2023-09-21,9636
00888,永豐台灣ESG,39,0,39,富邦-中壢,2023-09-21,9636
6901,鑽石投資,51,13,38,富邦-中壢,2023-09-21,9636
1102,亞泥,39,2,37,富邦-中壢,2023-09-21,9636
00633L,富邦上証正2,37,0,37,富邦-中壢,2023-09-21,9636
1504,東元,38,2,36,富邦-中壢,2023-09-21,9636
3207,耀勝,37,1,36,富邦-中壢,2023-09-21,9636
6220,岳豐,35,0,35,富邦-中壢,2023-09-21,9636
6005,群益證,34,0,34,富邦-中壢,2023-09-21,9636
2887,台新金,46,13,33,富邦-中壢,2023-09-21,9636
2371,大同,61,32,29,富邦-中壢,2023-09-21,9636
2328,廣宇,28,0,28,富邦-中壢,2023-09-21,9636
3024,憶聲,49,21,28,富邦-中壢,2023-09-21,9636
2890,永豐金,28,0,28,富邦-中壢,2023-09-21,9636
006208,富邦台50,29,2,27,富邦-中壢,2023-09-21,9636
00900,富邦特選高股息30,45,18,27,富邦-中壢,2023-09-21,9636
6274,台燿,48,22,26,富邦-中壢,2023-09-21,9636
4934,太極,30,4,26,富邦-中壢,2023-09-21,9636
8069,元太,27,2,25,富邦-中壢,2023-09-21,9636
2312,金寶,44,20,24,富邦-中壢,2023-09-21,9636
2014,中鴻,30,6,24,富邦-中壢,2023-09-21,9636
4402,郡都開發,26,3,23,富邦-中壢,2023-09-21,9636
5469,瀚宇博,26,3,23,富邦-中壢,2023-09-21,9636
00692,富邦公司治理,23,1,22,富邦-中壢,2023-09-21,9636
2344,華邦電,28,6,22,富邦-中壢,2023-09-21,9636
00923,群益台ESG低碳50,27,5,22,富邦-中壢,2023-09-21,9636
2883,凱基金,305,0,305,富邦-中壢,2023-09-22,9636
00712,復華富時不動產,242,2,240,富邦-中壢,2023-09-22,9636
00679B,元大美債20年,190,1,189,富邦-中壢,2023-09-22,9636
00751B,元大AAA至A公司債,166,0,166,富邦-中壢,2023-09-22,9636
2891,中信金,142,5,137,富邦-中壢,2023-09-22,9636
00919,群益台灣精選高息,140,12,128,富邦-中壢,2023-09-22,9636
00929,復華台灣科技優息,454,340,114,富邦-中壢,2023-09-22,9636
00885,富邦越南,99,6,93,富邦-中壢,2023-09-22,9636
3450,聯鈞,131,44,87,富邦-中壢,2023-09-22,9636
00720B,元大投資級公司債,83,1,82,富邦-中壢,2023-09-22,9636
00931B,統一美債20年,81,0,81,富邦-中壢,2023-09-22,9636
00687B,國泰20年美債,69,0,69,富邦-中壢,2023-09-22,9636
1101,台泥,51,5,46,富邦-中壢,2023-09-22,9636
2542,興富發,47,3,44,富邦-中壢,2023-09-22,9636
3706,神達,87,48,39,富邦-中壢,2023-09-22,9636
2328,廣宇,37,0,37,富邦-中壢,2023-09-22,9636
2022,聚亨,37,0,37,富邦-中壢,2023-09-22,9636
00772B,中信高評級公司債,52,16,36,富邦-中壢,2023-09-22,9636
00715L,期街口布蘭特正2,35,1,34,富邦-中壢,2023-09-22,9636
2915,潤泰全,32,0,32,富邦-中壢,2023-09-22,9636
3707,漢磊,35,3,32,富邦-中壢,2023-09-22,9636
4944,兆遠,32,0,32,富邦-中壢,2023-09-22,9636
00680L,元大美債20正2,46,15,31,富邦-中壢,2023-09-22,9636
6901,鑽石投資,36,6,30,富邦-中壢,2023-09-22,9636
2609,陽明,33,7,26,富邦-中壢,2023-09-22,9636
6220,岳豐,27,1,26,富邦-中壢,2023-09-22,9636
00795B,中信美國公債20年,26,0,26,富邦-中壢,2023-09-22,9636
2881,富邦金,26,1,25,富邦-中壢,2023-09-22,9636
0056,元大高股息,41,16,25,富邦-中壢,2023-09-22,9636
00923,群益台ESG低碳50,25,0,25,富邦-中壢,2023-09-22,9636
3231,緯創,68,44,24,富邦-中壢,2023-09-22,9636
00932,兆豐永續高息等權,29,5,24,富邦-中壢,2023-09-22,9636
00688L,國泰20年美債正2,24,0,24,富邦-中壢,2023-09-22,9636
2354,鴻準,25,2,23,富邦-中壢,2023-09-22,9636
2882,國泰金,22,0,22,富邦-中壢,2023-09-22,9636
2845,遠東銀,21,0,21,富邦-中壢,2023-09-22,9636
00773B,中信優先金融債,20,0,20,富邦-中壢,2023-09-22,9636
2316,楠梓電,44,26,18,富邦-中壢,2023-09-22,9636
2633,台灣高鐵,18,0,18,富邦-中壢,2023-09-22,9636
3207,耀勝,20,2,18,富邦-中壢,2023-09-22,9636
00637L,元大滬深300正2,40,23,17,富邦-中壢,2023-09-22,9636
00753L,中信中國50正2,31,15,16,富邦-中壢,2023-09-22,9636
9962,有益,16,0,16,富邦-中壢,2023-09-22,9636
1513,中興電,28,12,16,富邦-中壢,2023-09-22,9636
1216,統一,17,2,15,富邦-中壢,2023-09-22,9636
00888,永豐台灣ESG,15,0,15,富邦-中壢,2023-09-22,9636
2634,漢翔,15,1,14,富邦-中壢,2023-09-22,9636
0050,元大台灣50,22,8,14,富邦-中壢,2023-09-22,9636
6122,擎邦,13,0,13,富邦-中壢,2023-09-22,9636
00857B,永豐20年美公債,13,0,13,富邦-中壢,2023-09-22,9636
00632R,元大台灣50反1,200,22,178,富邦-中壢,2023-09-25,9636
00878,國泰永續高股息,202,39,163,富邦-中壢,2023-09-25,9636
5880,合庫金,111,4,107,富邦-中壢,2023-09-25,9636
00929,復華台灣科技優息,254,147,107,富邦-中壢,2023-09-25,9636
00751B,元大AAA至A公司債,93,0,93,富邦-中壢,2023-09-25,9636
1451,年興,66,0,66,富邦-中壢,2023-09-25,9636
2542,興富發,63,2,61,富邦-中壢,2023-09-25,9636
00679B,元大美債20年,57,0,57,富邦-中壢,2023-09-25,9636
1101,台泥,59,2,57,富邦-中壢,2023-09-25,9636
2867,三商壽,54,2,52,富邦-中壢,2023-09-25,9636
2371,大同,47,0,47,富邦-中壢,2023-09-25,9636
3094,聯傑,44,1,43,富邦-中壢,2023-09-25,9636
2363,矽統,126,88,38,富邦-中壢,2023-09-25,9636
00919,群益台灣精選高息,71,36,35,富邦-中壢,2023-09-25,9636
2883,凱基金,34,1,33,富邦-中壢,2023-09-25,9636
2641,正德,34,1,33,富邦-中壢,2023-09-25,9636
3036,文曄,56,27,29,富邦-中壢,2023-09-25,9636
2303,聯電,39,12,27,富邦-中壢,2023-09-25,9636
00673R,期元大S＆P原油反1,25,0,25,富邦-中壢,2023-09-25,9636
3615,安可,35,10,25,富邦-中壢,2023-09-25,9636
00712,復華富時不動產,25,1,24,富邦-中壢,2023-09-25,9636
6120,達運,28,5,23,富邦-中壢,2023-09-25,9636
2834,臺企銀,22,0,22,富邦-中壢,2023-09-25,9636
2022,聚亨,21,0,21,富邦-中壢,2023-09-25,9636
2812,台中銀,21,0,21,富邦-中壢,2023-09-25,9636
00665L,富邦�琤肭磪囓�2,29,8,21,富邦-中壢,2023-09-25,9636
6182,合晶,21,0,21,富邦-中壢,2023-09-25,9636
6870,騰雲,21,0,21,富邦-中壢,2023-09-25,9636
2402,毅嘉,35,17,18,富邦-中壢,2023-09-25,9636
2344,華邦電,19,1,18,富邦-中壢,2023-09-25,9636
2317,鴻海,20,4,16,富邦-中壢,2023-09-25,9636
6470,宇智,16,0,16,富邦-中壢,2023-09-25,9636
3322,建舜電,32,17,15,富邦-中壢,2023-09-25,9636
00715L,期街口布蘭特正2,14,0,14,富邦-中壢,2023-09-25,9636
0056,元大高股息,24,11,13,富邦-中壢,2023-09-25,9636
3583,辛耘,14,1,13,富邦-中壢,2023-09-25,9636
2436,偉詮電,15,2,13,富邦-中壢,2023-09-25,9636
00882,中信中國高股息,13,1,12,富邦-中壢,2023-09-25,9636
4306,炎洲,12,0,12,富邦-中壢,2023-09-25,9636
2313,華通,45,33,12,富邦-中壢,2023-09-25,9636
2887,台新金,14,2,12,富邦-中壢,2023-09-25,9636
2915,潤泰全,12,1,11,富邦-中壢,2023-09-25,9636
2208,台船,11,0,11,富邦-中壢,2023-09-25,9636
00687B,國泰20年美債,11,0,11,富邦-中壢,2023-09-25,9636
6288,聯嘉,13,2,11,富邦-中壢,2023-09-25,9636
1722,台肥,10,0,10,富邦-中壢,2023-09-25,9636
9962,有益,10,0,10,富邦-中壢,2023-09-25,9636
6125,廣運,14,4,10,富邦-中壢,2023-09-25,9636
2897,王道銀行,10,0,10,富邦-中壢,2023-09-25,9636
1522,堤維西,19,9,10,富邦-中壢,2023-09-25,9636
00929,復華台灣科技優息,405,134,271,富邦-中壢,2023-09-26,9636
00878,國泰永續高股息,256,34,222,富邦-中壢,2023-09-26,9636
00633L,富邦上証正2,106,0,106,富邦-中壢,2023-09-26,9636
00671R,富邦NASDAQ反1,100,0,100,富邦-中壢,2023-09-26,9636
00751B,元大AAA至A公司債,102,4,98,富邦-中壢,2023-09-26,9636
2891,中信金,109,13,96,富邦-中壢,2023-09-26,9636
00919,群益台灣精選高息,141,46,95,富邦-中壢,2023-09-26,9636
00712,復華富時不動產,82,0,82,富邦-中壢,2023-09-26,9636
6418,詠昇,80,1,79,富邦-中壢,2023-09-26,9636
00679B,元大美債20年,92,21,71,富邦-中壢,2023-09-26,9636
2645,長榮航太,72,1,71,富邦-中壢,2023-09-26,9636
2884,玉山金,68,11,57,富邦-中壢,2023-09-26,9636
5009,榮剛,59,3,56,富邦-中壢,2023-09-26,9636
00931B,統一美債20年,55,3,52,富邦-中壢,2023-09-26,9636
00885,富邦越南,61,15,46,富邦-中壢,2023-09-26,9636
2344,華邦電,48,3,45,富邦-中壢,2023-09-26,9636
2002,中鋼,50,6,44,富邦-中壢,2023-09-26,9636
3481,群創,61,17,44,富邦-中壢,2023-09-26,9636
00720B,元大投資級公司債,44,0,44,富邦-中壢,2023-09-26,9636
0056,元大高股息,43,1,42,富邦-中壢,2023-09-26,9636
2330,台積電,40,0,40,富邦-中壢,2023-09-26,9636
2303,聯電,47,7,40,富邦-中壢,2023-09-26,9636
00888,永豐台灣ESG,34,0,34,富邦-中壢,2023-09-26,9636
2881,富邦金,35,0,35,富邦-中壢,2023-09-26,9636
00665L,富邦�琤肭磪囓�2,34,0,34,富邦-中壢,2023-09-26,9636
9945,潤泰新,52,20,32,富邦-中壢,2023-09-26,9636
00772B,中信高評級公司債,32,0,32,富邦-中壢,2023-09-26,9636
3711,日月光投控,32,2,30,富邦-中壢,2023-09-26,9636
2801,彰銀,28,0,28,富邦-中壢,2023-09-26,9636
00922,國泰台灣領袖50,27,0,27,富邦-中壢,2023-09-26,9636
2317,鴻海,27,0,27,富邦-中壢,2023-09-26,9636
6274,台燿,61,35,26,富邦-中壢,2023-09-26,9636
2888,新光金,26,0,26,富邦-中壢,2023-09-26,9636
4414,如興,25,0,25,富邦-中壢,2023-09-26,9636
2882,國泰金,26,2,24,富邦-中壢,2023-09-26,9636
00687B,國泰20年美債,29,5,24,富邦-中壢,2023-09-26,9636
3715,定穎投控,101,78,23,富邦-中壢,2023-09-26,9636
00923,群益台ESG低碳50,22,0,22,富邦-中壢,2023-09-26,9636
2313,華通,48,26,22,富邦-中壢,2023-09-26,9636
3162,精確,22,0,22,富邦-中壢,2023-09-26,9636
8064,東捷,21,0,21,富邦-中壢,2023-09-26,9636
00713,元大台灣高息低波,38,17,21,富邦-中壢,2023-09-26,9636
1560,中砂,23,2,21,富邦-中壢,2023-09-26,9636
6770,力積電,32,12,20,富邦-中壢,2023-09-26,9636
2421,建準,39,19,20,富邦-中壢,2023-09-26,9636
0050,元大台灣50,20,0,20,富邦-中壢,2023-09-26,9636
3037,欣興,20,1,19,富邦-中壢,2023-09-26,9636
1101,台泥,32,13,19,富邦-中壢,2023-09-26,9636
2206,三陽工業,53,35,18,富邦-中壢,2023-09-26,9636
2634,漢翔,22,4,18,富邦-中壢,2023-09-26,9636
00929,復華台灣科技優息,425,148,277,富邦-中壢,2023-09-27,9636
00712,復華富時不動產,244,0,244,富邦-中壢,2023-09-27,9636
00919,群益台灣精選高息,167,5,162,富邦-中壢,2023-09-27,9636
2002,中鋼,102,36,66,富邦-中壢,2023-09-27,9636
2891,中信金,63,0,63,富邦-中壢,2023-09-27,9636
3481,群創,72,12,60,富邦-中壢,2023-09-27,9636
00706L,期元大S＆P日圓正2,60,0,60,富邦-中壢,2023-09-27,9636
8420,明揚,67,8,59,富邦-中壢,2023-09-27,9636
00679B,元大美債20年,54,1,53,富邦-中壢,2023-09-27,9636
00751B,元大AAA至A公司債,50,0,50,富邦-中壢,2023-09-27,9636
1504,東元,55,12,43,富邦-中壢,2023-09-27,9636
2515,中工,63,22,41,富邦-中壢,2023-09-27,9636
2371,大同,36,0,36,富邦-中壢,2023-09-27,9636
2303,聯電,35,5,30,富邦-中壢,2023-09-27,9636
1815,富喬,145,116,29,富邦-中壢,2023-09-27,9636
2344,華邦電,32,4,28,富邦-中壢,2023-09-27,9636
9904,寶成,28,0,28,富邦-中壢,2023-09-27,9636
2542,興富發,30,2,28,富邦-中壢,2023-09-27,9636
00885,富邦越南,27,0,27,富邦-中壢,2023-09-27,9636
2618,長榮航,36,12,24,富邦-中壢,2023-09-27,9636
8358,金居,26,2,24,富邦-中壢,2023-09-27,9636
1326,台化,23,0,23,富邦-中壢,2023-09-27,9636
00932,兆豐永續高息等權,23,0,23,富邦-中壢,2023-09-27,9636
4113,聯上,23,0,23,富邦-中壢,2023-09-27,9636
00637L,元大滬深300正2,26,4,22,富邦-中壢,2023-09-27,9636
2468,華經,34,14,20,富邦-中壢,2023-09-27,9636
00708L,期元大S＆P黃金正2,20,0,20,富邦-中壢,2023-09-27,9636
00633L,富邦上証正2,121,101,20,富邦-中壢,2023-09-27,9636
2883,凱基金,27,7,20,富邦-中壢,2023-09-27,9636
00720B,元大投資級公司債,19,0,19,富邦-中壢,2023-09-27,9636
3037,欣興,33,15,18,富邦-中壢,2023-09-27,9636
2812,台中銀,23,5,18,富邦-中壢,2023-09-27,9636
00882,中信中國高股息,18,0,18,富邦-中壢,2023-09-27,9636
1301,台塑,17,0,17,富邦-中壢,2023-09-27,9636
1612,宏泰,22,6,16,富邦-中壢,2023-09-27,9636
2014,中鴻,18,3,15,富邦-中壢,2023-09-27,9636
1710,東聯,15,0,15,富邦-中壢,2023-09-27,9636
2031,新光鋼,14,0,14,富邦-中壢,2023-09-27,9636
3025,星通,15,1,14,富邦-中壢,2023-09-27,9636
6122,擎邦,15,2,13,富邦-中壢,2023-09-27,9636
2355,敬鵬,13,0,13,富邦-中壢,2023-09-27,9636
00830,國泰費城半導體,13,0,13,富邦-中壢,2023-09-27,9636
8068,全達,14,1,13,富邦-中壢,2023-09-27,9636
5340,建榮,14,1,13,富邦-中壢,2023-09-27,9636
2308,台達電,13,0,13,富邦-中壢,2023-09-27,9636
2317,鴻海,14,2,12,富邦-中壢,2023-09-27,9636
3013,晟銘電,18,6,12,富邦-中壢,2023-09-27,9636
1101,台泥,15,3,12,富邦-中壢,2023-09-27,9636
2637,慧洋-KY,18,7,11,富邦-中壢,2023-09-27,9636
6182,合晶,14,3,11,富邦-中壢,2023-09-27,9636
3706,神達,385,31,354,富邦-中壢,2023-09-28,9636
2002,中鋼,312,22,290,富邦-中壢,2023-09-28,9636
00712,復華富時不動產,240,0,240,富邦-中壢,2023-09-28,9636
00929,復華台灣科技優息,262,67,195,富邦-中壢,2023-09-28,9636
00673R,期元大S＆P原油反1,164,9,155,富邦-中壢,2023-09-28,9636
00679B,元大美債20年,126,2,124,富邦-中壢,2023-09-28,9636
00720B,元大投資級公司債,102,1,101,富邦-中壢,2023-09-28,9636
00919,群益台灣精選高息,82,2,80,富邦-中壢,2023-09-28,9636
2344,華邦電,73,0,73,富邦-中壢,2023-09-28,9636
00751B,元大AAA至A公司債,72,0,72,富邦-中壢,2023-09-28,9636
3231,緯創,172,104,68,富邦-中壢,2023-09-28,9636
3374,精材,68,2,66,富邦-中壢,2023-09-28,9636
00772B,中信高評級公司債,56,1,55,富邦-中壢,2023-09-28,9636
2881,富邦金,56,1,55,富邦-中壢,2023-09-28,9636
2382,廣達,192,143,49,富邦-中壢,2023-09-28,9636
00931B,統一美債20年,40,1,39,富邦-中壢,2023-09-28,9636
2812,台中銀,37,0,37,富邦-中壢,2023-09-28,9636
00633L,富邦上証正2,37,0,37,富邦-中壢,2023-09-28,9636
2352,佳世達,55,19,36,富邦-中壢,2023-09-28,9636
2618,長榮航,48,12,36,富邦-中壢,2023-09-28,9636
00680L,元大美債20正2,35,0,35,富邦-中壢,2023-09-28,9636
2363,矽統,91,57,34,富邦-中壢,2023-09-28,9636
4906,正文,43,11,32,富邦-中壢,2023-09-28,9636
2317,鴻海,33,2,31,富邦-中壢,2023-09-28,9636
2313,華通,42,14,28,富邦-中壢,2023-09-28,9636
2883,凱基金,35,10,25,富邦-中壢,2023-09-28,9636
1301,台塑,23,0,23,富邦-中壢,2023-09-28,9636
00687B,國泰20年美債,23,0,23,富邦-中壢,2023-09-28,9636
1905,華紙,25,3,22,富邦-中壢,2023-09-28,9636
00753L,中信中國50正2,23,2,21,富邦-中壢,2023-09-28,9636
2017,官田鋼,27,7,20,富邦-中壢,2023-09-28,9636
9945,潤泰新,20,0,20,富邦-中壢,2023-09-28,9636
4953,緯軟,20,0,20,富邦-中壢,2023-09-28,9636
2468,華經,82,62,20,富邦-中壢,2023-09-28,9636
3006,晶豪科,19,1,18,富邦-中壢,2023-09-28,9636
6153,嘉聯益,18,0,18,富邦-中壢,2023-09-28,9636
2892,第一金,18,0,18,富邦-中壢,2023-09-28,9636
1101,台泥,17,0,17,富邦-中壢,2023-09-28,9636
00637L,元大滬深300正2,16,0,16,富邦-中壢,2023-09-28,9636
2324,仁寶,17,1,16,富邦-中壢,2023-09-28,9636
2376,技嘉,41,25,16,富邦-中壢,2023-09-28,9636
3122,笙泉,29,13,16,富邦-中壢,2023-09-28,9636
00915,凱基優選高股息30,16,0,16,富邦-中壢,2023-09-28,9636
3346,麗清,17,2,15,富邦-中壢,2023-09-28,9636
5452,佶優,19,4,15,富邦-中壢,2023-09-28,9636
6288,聯嘉,14,0,14,富邦-中壢,2023-09-28,9636
6120,達運,23,9,14,富邦-中壢,2023-09-28,9636
2356,英業達,37,23,14,富邦-中壢,2023-09-28,9636
1409,新纖,13,0,13,富邦-中壢,2023-09-28,9636
8933,愛地雅,13,0,13,富邦-中壢,2023-09-28,9636
2356,英業達,256,89,167,富邦-中壢,2023-10-02,9636
00713,元大台灣高息低波,146,1,145,富邦-中壢,2023-10-02,9636
2618,長榮航,152,29,123,富邦-中壢,2023-10-02,9636
00720B,元大投資級公司債,126,4,122,富邦-中壢,2023-10-02,9636
2363,矽統,171,59,112,富邦-中壢,2023-10-02,9636
3450,聯鈞,138,42,96,富邦-中壢,2023-10-02,9636
2888,新光金,92,1,91,富邦-中壢,2023-10-02,9636
00632R,元大台灣50反1,115,39,76,富邦-中壢,2023-10-02,9636
00921,兆豐龍頭等權重,75,0,75,富邦-中壢,2023-10-02,9636
00751B,元大AAA至A公司債,71,0,71,富邦-中壢,2023-10-02,9636
00715L,期街口布蘭特正2,55,0,55,富邦-中壢,2023-10-02,9636
4414,如興,54,0,54,富邦-中壢,2023-10-02,9636
2457,飛宏,54,1,53,富邦-中壢,2023-10-02,9636
2303,聯電,68,16,52,富邦-中壢,2023-10-02,9636
3322,建舜電,77,26,51,富邦-中壢,2023-10-02,9636
00712,復華富時不動產,53,2,51,富邦-中壢,2023-10-02,9636
3374,精材,51,5,46,富邦-中壢,2023-10-02,9636
6418,詠昇,42,0,42,富邦-中壢,2023-10-02,9636
3481,群創,112,74,38,富邦-中壢,2023-10-02,9636
2201,裕隆,45,16,29,富邦-中壢,2023-10-02,9636
00674R,期元大S＆P黃金反1,25,0,25,富邦-中壢,2023-10-02,9636
00679B,元大美債20年,39,15,24,富邦-中壢,2023-10-02,9636
6285,啟��,30,8,22,富邦-中壢,2023-10-02,9636
2002,中鋼,55,33,22,富邦-中壢,2023-10-02,9636
00708L,期元大S＆P黃金正2,26,5,21,富邦-中壢,2023-10-02,9636
3715,定穎投控,147,127,20,富邦-中壢,2023-10-02,9636
2884,玉山金,26,6,20,富邦-中壢,2023-10-02,9636
3217,優群,21,1,20,富邦-中壢,2023-10-02,9636
1514,亞力,26,6,20,富邦-中壢,2023-10-02,9636
00931B,統一美債20年,25,7,18,富邦-中壢,2023-10-02,9636
00772B,中信高評級公司債,23,5,18,富邦-中壢,2023-10-02,9636
2515,中工,21,3,18,富邦-中壢,2023-10-02,9636
1471,首利,21,3,18,富邦-中壢,2023-10-02,9636
2412,中華電,18,1,17,富邦-中壢,2023-10-02,9636
6104,創惟,18,1,17,富邦-中壢,2023-10-02,9636
8227,巨有科技,25,8,17,富邦-中壢,2023-10-02,9636
00885,富邦越南,17,1,16,富邦-中壢,2023-10-02,9636
5009,榮剛,17,2,15,富邦-中壢,2023-10-02,9636
3105,穩懋,20,5,15,富邦-中壢,2023-10-02,9636
5014,建錩,15,0,15,富邦-中壢,2023-10-02,9636
6161,捷波,15,0,15,富邦-中壢,2023-10-02,9636
1609,大亞,38,23,15,富邦-中壢,2023-10-02,9636
00687B,國泰20年美債,15,0,15,富邦-中壢,2023-10-02,9636
2641,正德,14,0,14,富邦-中壢,2023-10-02,9636
1102,亞泥,14,0,14,富邦-中壢,2023-10-02,9636
6139,亞翔,31,17,14,富邦-中壢,2023-10-02,9636
2542,興富發,17,3,14,富邦-中壢,2023-10-02,9636
2313,華通,28,15,13,富邦-中壢,2023-10-02,9636
6116,彩晶,15,2,13,富邦-中壢,2023-10-02,9636
2301,光寶科,41,29,12,富邦-中壢,2023-10-02,9636
0056,元大高股息,330,14,316,富邦-中壢,2023-10-03,9636
00712,復華富時不動產,248,10,238,富邦-中壢,2023-10-03,9636
00753L,中信中國50正2,245,16,229,富邦-中壢,2023-10-03,9636
00929,復華台灣科技優息,383,190,193,富邦-中壢,2023-10-03,9636
00633L,富邦上証正2,135,0,135,富邦-中壢,2023-10-03,9636
2883,凱基金,117,2,115,富邦-中壢,2023-10-03,9636
2409,友達,154,46,108,富邦-中壢,2023-10-03,9636
2891,中信金,98,0,98,富邦-中壢,2023-10-03,9636
00922,國泰台灣領袖50,96,0,96,富邦-中壢,2023-10-03,9636
2618,長榮航,100,12,88,富邦-中壢,2023-10-03,9636
00715L,期街口布蘭特正2,89,14,75,富邦-中壢,2023-10-03,9636
00720B,元大投資級公司債,91,20,71,富邦-中壢,2023-10-03,9636
00751B,元大AAA至A公司債,69,0,69,富邦-中壢,2023-10-03,9636
1815,富喬,192,127,65,富邦-中壢,2023-10-03,9636
00919,群益台灣精選高息,87,23,64,富邦-中壢,2023-10-03,9636
3207,耀勝,57,0,57,富邦-中壢,2023-10-03,9636
00637L,元大滬深300正2,57,0,57,富邦-中壢,2023-10-03,9636
2313,華通,91,36,55,富邦-中壢,2023-10-03,9636
4414,如興,55,0,55,富邦-中壢,2023-10-03,9636
3481,群創,60,8,52,富邦-中壢,2023-10-03,9636
9955,佳龍,51,0,51,富邦-中壢,2023-10-03,9636
00671R,富邦NASDAQ反1,50,0,50,富邦-中壢,2023-10-03,9636
00882,中信中國高股息,65,17,48,富邦-中壢,2023-10-03,9636
2356,英業達,70,26,44,富邦-中壢,2023-10-03,9636
00772B,中信高評級公司債,43,0,43,富邦-中壢,2023-10-03,9636
1605,華新,45,2,43,富邦-中壢,2023-10-03,9636
00679B,元大美債20年,48,10,38,富邦-中壢,2023-10-03,9636
4906,正文,63,25,38,富邦-中壢,2023-10-03,9636
1471,首利,41,8,33,富邦-中壢,2023-10-03,9636
2354,鴻準,37,5,32,富邦-中壢,2023-10-03,9636
2884,玉山金,38,7,31,富邦-中壢,2023-10-03,9636
2834,臺企銀,32,1,31,富邦-中壢,2023-10-03,9636
2317,鴻海,30,0,30,富邦-中壢,2023-10-03,9636
2002,中鋼,42,12,30,富邦-中壢,2023-10-03,9636
8131,福懋科,30,0,30,富邦-中壢,2023-10-03,9636
9105,泰金寶-DR,30,0,30,富邦-中壢,2023-10-03,9636
3231,緯創,168,141,27,富邦-中壢,2023-10-03,9636
00708L,期元大S＆P黃金正2,25,0,25,富邦-中壢,2023-10-03,9636
3325,旭品,184,159,25,富邦-中壢,2023-10-03,9636
3338,泰碩,28,3,25,富邦-中壢,2023-10-03,9636
00885,富邦越南,25,0,25,富邦-中壢,2023-10-03,9636
2417,圓剛,64,40,24,富邦-中壢,2023-10-03,9636
2201,裕隆,30,7,23,富邦-中壢,2023-10-03,9636
2355,敬鵬,23,0,23,富邦-中壢,2023-10-03,9636
6282,康舒,40,18,22,富邦-中壢,2023-10-03,9636
2206,三陽工業,35,13,22,富邦-中壢,2023-10-03,9636
2882,國泰金,21,1,20,富邦-中壢,2023-10-03,9636
4164,承業醫,19,0,19,富邦-中壢,2023-10-03,9636
2327,國巨,19,0,19,富邦-中壢,2023-10-03,9636
2371,大同,20,2,18,富邦-中壢,2023-10-03,9636
00929,復華台灣科技優息,482,45,437,富邦-中壢,2023-10-04,9636
00878,國泰永續高股息,260,6,254,富邦-中壢,2023-10-04,9636
3481,群創,216,44,172,富邦-中壢,2023-10-04,9636
00720B,元大投資級公司債,200,31,169,富邦-中壢,2023-10-04,9636
00712,復華富時不動產,177,12,165,富邦-中壢,2023-10-04,9636
2884,玉山金,150,10,140,富邦-中壢,2023-10-04,9636
2891,中信金,150,13,137,富邦-中壢,2023-10-04,9636
2382,廣達,215,80,135,富邦-中壢,2023-10-04,9636
00922,國泰台灣領袖50,126,0,126,富邦-中壢,2023-10-04,9636
2883,凱基金,135,12,123,富邦-中壢,2023-10-04,9636
2880,華南金,113,0,113,富邦-中壢,2023-10-04,9636
00751B,元大AAA至A公司債,106,23,83,富邦-中壢,2023-10-04,9636
2002,中鋼,104,28,76,富邦-中壢,2023-10-04,9636
00772B,中信高評級公司債,78,3,75,富邦-中壢,2023-10-04,9636
00919,群益台灣精選高息,66,0,66,富邦-中壢,2023-10-04,9636
1303,南亞,61,0,61,富邦-中壢,2023-10-04,9636
00669R,國泰美國道瓊反1,60,0,60,富邦-中壢,2023-10-04,9636
00650L,復華香港正2,59,0,59,富邦-中壢,2023-10-04,9636
0056,元大高股息,73,16,57,富邦-中壢,2023-10-04,9636
2317,鴻海,51,1,50,富邦-中壢,2023-10-04,9636
00664R,國泰臺灣加權反1,50,0,50,富邦-中壢,2023-10-04,9636
00637L,元大滬深300正2,49,0,49,富邦-中壢,2023-10-04,9636
3260,威剛,62,13,49,富邦-中壢,2023-10-04,9636
2367,燿華,51,7,44,富邦-中壢,2023-10-04,9636
2886,兆豐金,46,3,43,富邦-中壢,2023-10-04,9636
2330,台積電,43,0,43,富邦-中壢,2023-10-04,9636
2412,中華電,41,1,40,富邦-中壢,2023-10-04,9636
2022,聚亨,40,0,40,富邦-中壢,2023-10-04,9636
1532,勤美,40,0,40,富邦-中壢,2023-10-04,9636
3231,緯創,209,170,39,富邦-中壢,2023-10-04,9636
1605,華新,61,23,38,富邦-中壢,2023-10-04,9636
00888,永豐台灣ESG,38,0,38,富邦-中壢,2023-10-04,9636
2834,臺企銀,38,1,37,富邦-中壢,2023-10-04,9636
2520,冠德,40,3,37,富邦-中壢,2023-10-04,9636
1718,中纖,37,0,37,富邦-中壢,2023-10-04,9636
2352,佳世達,40,4,36,富邦-中壢,2023-10-04,9636
2201,裕隆,38,2,36,富邦-中壢,2023-10-04,9636
3234,光環,41,5,36,富邦-中壢,2023-10-04,9636
2344,華邦電,36,1,35,富邦-中壢,2023-10-04,9636
2204,中華,35,0,35,富邦-中壢,2023-10-04,9636
2353,宏��,39,5,34,富邦-中壢,2023-10-04,9636
00633L,富邦上証正2,33,0,33,富邦-中壢,2023-10-04,9636
2892,第一金,32,2,30,富邦-中壢,2023-10-04,9636
2528,皇普,29,0,29,富邦-中壢,2023-10-04,9636
1216,統一,30,2,28,富邦-中壢,2023-10-04,9636
0050,元大台灣50,30,3,27,富邦-中壢,2023-10-04,9636
2206,三陽工業,35,8,27,富邦-中壢,2023-10-04,9636
00679B,元大美債20年,164,138,26,富邦-中壢,2023-10-04,9636
2356,英業達,52,27,25,富邦-中壢,2023-10-04,9636
1210,大成,25,0,25,富邦-中壢,2023-10-04,9636
2867,三商壽,200,0,200,富邦-中壢,2023-10-05,9636
00712,復華富時不動產,158,0,158,富邦-中壢,2023-10-05,9636
00929,復華台灣科技優息,161,36,125,富邦-中壢,2023-10-05,9636
00633L,富邦上証正2,100,0,100,富邦-中壢,2023-10-05,9636
00715L,期街口布蘭特正2,87,10,77,富邦-中壢,2023-10-05,9636
00720B,元大投資級公司債,58,3,55,富邦-中壢,2023-10-05,9636
6418,詠昇,55,1,54,富邦-中壢,2023-10-05,9636
00688L,國泰20年美債正2,50,0,50,富邦-中壢,2023-10-05,9636
2538,基泰,117,67,50,富邦-中壢,2023-10-05,9636
3596,智易,48,3,45,富邦-中壢,2023-10-05,9636
3032,偉訓,64,20,44,富邦-中壢,2023-10-05,9636
2409,友達,48,5,43,富邦-中壢,2023-10-05,9636
2889,國票金,40,0,40,富邦-中壢,2023-10-05,9636
5512,力麒,40,1,39,富邦-中壢,2023-10-05,9636
00679B,元大美債20年,39,5,34,富邦-中壢,2023-10-05,9636
3230,錦明,30,0,30,富邦-中壢,2023-10-05,9636
2515,中工,68,40,28,富邦-中壢,2023-10-05,9636
00637L,元大滬深300正2,26,0,26,富邦-中壢,2023-10-05,9636
2884,玉山金,33,8,25,富邦-中壢,2023-10-05,9636
00922,國泰台灣領袖50,31,6,25,富邦-中壢,2023-10-05,9636
3051,力特,38,13,25,富邦-中壢,2023-10-05,9636
2313,華通,85,61,24,富邦-中壢,2023-10-05,9636
00915,凱基優選高股息30,38,15,23,富邦-中壢,2023-10-05,9636
2002,中鋼,30,7,23,富邦-中壢,2023-10-05,9636
2812,台中銀,21,0,21,富邦-中壢,2023-10-05,9636
00717,富邦美國特別股,20,0,20,富邦-中壢,2023-10-05,9636
6125,廣運,21,1,20,富邦-中壢,2023-10-05,9636
1409,新纖,20,0,20,富邦-中壢,2023-10-05,9636
2316,楠梓電,31,11,20,富邦-中壢,2023-10-05,9636
2891,中信金,20,0,20,富邦-中壢,2023-10-05,9636
00642U,期元大S＆P石油,19,0,19,富邦-中壢,2023-10-05,9636
00931B,統一美債20年,18,0,18,富邦-中壢,2023-10-05,9636
6207,雷科,18,0,18,富邦-中壢,2023-10-05,9636
6274,台燿,40,23,17,富邦-中壢,2023-10-05,9636
5284,jpp-KY,19,2,17,富邦-中壢,2023-10-05,9636
6129,普誠,17,0,17,富邦-中壢,2023-10-05,9636
0056,元大高股息,31,15,16,富邦-中壢,2023-10-05,9636
2801,彰銀,19,3,16,富邦-中壢,2023-10-05,9636
9904,寶成,15,0,15,富邦-中壢,2023-10-05,9636
2880,華南金,17,2,15,富邦-中壢,2023-10-05,9636
2417,圓剛,58,44,14,富邦-中壢,2023-10-05,9636
3715,定穎投控,152,138,14,富邦-中壢,2023-10-05,9636
00645,富邦日本,14,0,14,富邦-中壢,2023-10-05,9636
9938,百和,16,2,14,富邦-中壢,2023-10-05,9636
1101,台泥,17,3,14,富邦-中壢,2023-10-05,9636
3017,奇鋐,23,9,14,富邦-中壢,2023-10-05,9636
1603,華電,15,2,13,富邦-中壢,2023-10-05,9636
1560,中砂,16,3,13,富邦-中壢,2023-10-05,9636
2634,漢翔,13,0,13,富邦-中壢,2023-10-05,9636
2358,廷鑫,13,0,13,富邦-中壢,2023-10-05,9636
00929,復華台灣科技優息,294,32,262,富邦-中壢,2023-10-06,9636
2371,大同,176,3,173,富邦-中壢,2023-10-06,9636
00712,復華富時不動產,266,100,166,富邦-中壢,2023-10-06,9636
9105,泰金寶-DR,150,5,145,富邦-中壢,2023-10-06,9636
00715L,期街口布蘭特正2,142,0,142,富邦-中壢,2023-10-06,9636
00720B,元大投資級公司債,87,0,87,富邦-中壢,2023-10-06,9636
6451,訊芯-KY,75,11,64,富邦-中壢,2023-10-06,9636
00888,永豐台灣ESG,61,10,51,富邦-中壢,2023-10-06,9636
2515,中工,50,0,50,富邦-中壢,2023-10-06,9636
2101,南港,50,0,50,富邦-中壢,2023-10-06,9636
00915,凱基優選高股息30,48,0,48,富邦-中壢,2023-10-06,9636
2442,新美齊,62,17,45,富邦-中壢,2023-10-06,9636
2363,矽統,108,67,41,富邦-中壢,2023-10-06,9636
2618,長榮航,39,3,36,富邦-中壢,2023-10-06,9636
00751B,元大AAA至A公司債,35,1,34,富邦-中壢,2023-10-06,9636
0056,元大高股息,45,11,34,富邦-中壢,2023-10-06,9636
3231,緯創,132,100,32,富邦-中壢,2023-10-06,9636
2409,友達,33,2,31,富邦-中壢,2023-10-06,9636
9950,萬國通,77,46,31,富邦-中壢,2023-10-06,9636
3037,欣興,38,10,28,富邦-中壢,2023-10-06,9636
1301,台塑,25,0,25,富邦-中壢,2023-10-06,9636
2329,華泰,50,25,25,富邦-中壢,2023-10-06,9636
6505,台塑化,23,0,23,富邦-中壢,2023-10-06,9636
00878,國泰永續高股息,48,25,23,富邦-中壢,2023-10-06,9636
6274,台燿,45,22,23,富邦-中壢,2023-10-06,9636
3481,群創,27,5,22,富邦-中壢,2023-10-06,9636
1515,力山,22,0,22,富邦-中壢,2023-10-06,9636
6570,維田,25,3,22,富邦-中壢,2023-10-06,9636
2427,三商電,34,13,21,富邦-中壢,2023-10-06,9636
2486,一詮,57,36,21,富邦-中壢,2023-10-06,9636
00679B,元大美債20年,33,12,21,富邦-中壢,2023-10-06,9636
00763U,期街口道瓊銅,20,0,20,富邦-中壢,2023-10-06,9636
2530,華建,20,0,20,富邦-中壢,2023-10-06,9636
3062,建漢,30,10,20,富邦-中壢,2023-10-06,9636
2888,新光金,22,2,20,富邦-中壢,2023-10-06,9636
2881,富邦金,23,4,19,富邦-中壢,2023-10-06,9636
5469,瀚宇博,22,3,19,富邦-中壢,2023-10-06,9636
2520,冠德,20,1,19,富邦-中壢,2023-10-06,9636
2493,揚博,19,0,19,富邦-中壢,2023-10-06,9636
3078,僑威,21,3,18,富邦-中壢,2023-10-06,9636
2354,鴻準,20,3,17,富邦-中壢,2023-10-06,9636
3276,宇環,39,23,16,富邦-中壢,2023-10-06,9636
2498,宏達電,21,5,16,富邦-中壢,2023-10-06,9636
2230,泰茂,16,0,16,富邦-中壢,2023-10-06,9636
2468,華經,77,61,16,富邦-中壢,2023-10-06,9636
2002,中鋼,17,2,15,富邦-中壢,2023-10-06,9636
00642U,期元大S＆P石油,15,0,15,富邦-中壢,2023-10-06,9636
2399,映泰,23,9,14,富邦-中壢,2023-10-06,9636
2374,佳能,15,1,14,富邦-中壢,2023-10-06,9636
00919,群益台灣精選高息,24,10,14,富邦-中壢,2023-10-06,9636
3231,緯創,321,121,200,富邦-中壢,2023-10-11,9636
00720B,元大投資級公司債,112,0,112,富邦-中壢,2023-10-11,9636
2002,中鋼,109,7,102,富邦-中壢,2023-10-11,9636
00915,凱基優選高股息30,81,0,81,富邦-中壢,2023-10-11,9636
3346,麗清,87,19,68,富邦-中壢,2023-10-11,9636
2356,英業達,83,18,65,富邦-中壢,2023-10-11,9636
00919,群益台灣精選高息,86,26,60,富邦-中壢,2023-10-11,9636
00929,復華台灣科技優息,166,113,53,富邦-中壢,2023-10-11,9636
2618,長榮航,63,12,51,富邦-中壢,2023-10-11,9636
2331,精英,43,1,42,富邦-中壢,2023-10-11,9636
2610,華航,59,17,42,富邦-中壢,2023-10-11,9636
8933,愛地雅,40,0,40,富邦-中壢,2023-10-11,9636
2605,新興,61,23,38,富邦-中壢,2023-10-11,9636
2206,三陽工業,53,15,38,富邦-中壢,2023-10-11,9636
00751B,元大AAA至A公司債,38,0,38,富邦-中壢,2023-10-11,9636
00632R,元大台灣50反1,165,127,38,富邦-中壢,2023-10-11,9636
0056,元大高股息,68,36,32,富邦-中壢,2023-10-11,9636
2630,亞航,139,108,31,富邦-中壢,2023-10-11,9636
2382,廣達,193,163,30,富邦-中壢,2023-10-11,9636
4950,牧東,30,0,30,富邦-中壢,2023-10-11,9636
6147,頎邦,28,0,28,富邦-中壢,2023-10-11,9636
3037,欣興,44,17,27,富邦-中壢,2023-10-11,9636
2401,凌陽,40,13,27,富邦-中壢,2023-10-11,9636
3217,優群,27,1,26,富邦-中壢,2023-10-11,9636
6148,驊宏資,26,1,25,富邦-中壢,2023-10-11,9636
2353,宏��,32,7,25,富邦-中壢,2023-10-11,9636
2376,技嘉,65,41,24,富邦-中壢,2023-10-11,9636
00687B,國泰20年美債,24,1,23,富邦-中壢,2023-10-11,9636
1612,宏泰,23,0,23,富邦-中壢,2023-10-11,9636
2634,漢翔,46,23,23,富邦-中壢,2023-10-11,9636
00679B,元大美債20年,39,16,23,富邦-中壢,2023-10-11,9636
8213,志超,23,1,22,富邦-中壢,2023-10-11,9636
00633L,富邦上証正2,22,0,22,富邦-中壢,2023-10-11,9636
4542,科嶠,23,2,21,富邦-中壢,2023-10-11,9636
00642U,期元大S＆P石油,27,6,21,富邦-中壢,2023-10-11,9636
6207,雷科,21,0,21,富邦-中壢,2023-10-11,9636
1904,正隆,22,2,20,富邦-中壢,2023-10-11,9636
2536,宏普,20,0,20,富邦-中壢,2023-10-11,9636
6197,佳必琪,21,2,19,富邦-中壢,2023-10-11,9636
2367,燿華,27,9,18,富邦-中壢,2023-10-11,9636
2329,華泰,59,41,18,富邦-中壢,2023-10-11,9636
6530,創威,19,1,18,富邦-中壢,2023-10-11,9636
3567,逸昌,19,1,18,富邦-中壢,2023-10-11,9636
5469,瀚宇博,22,5,17,富邦-中壢,2023-10-11,9636
2399,映泰,24,7,17,富邦-中壢,2023-10-11,9636
00932,兆豐永續高息等權,17,0,17,富邦-中壢,2023-10-11,9636
5488,松普,16,0,16,富邦-中壢,2023-10-11,9636
00885,富邦越南,18,2,16,富邦-中壢,2023-10-11,9636
2892,第一金,23,7,16,富邦-中壢,2023-10-11,9636
00680L,元大美債20正2,15,0,15,富邦-中壢,2023-10-11,9636
00929,復華台灣科技優息,203,72,131,富邦-中壢,2023-10-12,9636
00712,復華富時不動產,112,1,111,富邦-中壢,2023-10-12,9636
4414,如興,84,0,84,富邦-中壢,2023-10-12,9636
6770,力積電,88,23,65,富邦-中壢,2023-10-12,9636
00679B,元大美債20年,69,6,63,富邦-中壢,2023-10-12,9636
00680L,元大美債20正2,57,0,57,富邦-中壢,2023-10-12,9636
00773B,中信優先金融債,53,0,53,富邦-中壢,2023-10-12,9636
00922,國泰台灣領袖50,58,6,52,富邦-中壢,2023-10-12,9636
1815,富喬,64,12,52,富邦-中壢,2023-10-12,9636
6197,佳必琪,53,12,41,富邦-中壢,2023-10-12,9636
3013,晟銘電,83,44,39,富邦-中壢,2023-10-12,9636
00715L,期街口布蘭特正2,63,25,38,富邦-中壢,2023-10-12,9636
00720B,元大投資級公司債,35,2,33,富邦-中壢,2023-10-12,9636
6282,康舒,56,25,31,富邦-中壢,2023-10-12,9636
8068,全達,31,1,30,富邦-中壢,2023-10-12,9636
2356,英業達,49,19,30,富邦-中壢,2023-10-12,9636
00915,凱基優選高股息30,29,0,29,富邦-中壢,2023-10-12,9636
9904,寶成,27,0,27,富邦-中壢,2023-10-12,9636
3043,科風,24,0,24,富邦-中壢,2023-10-12,9636
2485,兆赫,25,1,24,富邦-中壢,2023-10-12,9636
6870,騰雲,23,0,23,富邦-中壢,2023-10-12,9636
00642U,期元大S＆P石油,22,0,22,富邦-中壢,2023-10-12,9636
00687B,國泰20年美債,21,0,21,富邦-中壢,2023-10-12,9636
3450,聯鈞,45,25,20,富邦-中壢,2023-10-12,9636
3313,斐成,20,0,20,富邦-中壢,2023-10-12,9636
2542,興富發,20,1,19,富邦-中壢,2023-10-12,9636
2352,佳世達,26,7,19,富邦-中壢,2023-10-12,9636
2465,麗臺,34,16,18,富邦-中壢,2023-10-12,9636
3706,神達,48,31,17,富邦-中壢,2023-10-12,9636
2025,千興,16,0,16,富邦-中壢,2023-10-12,9636
0056,元大高股息,35,19,16,富邦-中壢,2023-10-12,9636
00751B,元大AAA至A公司債,18,2,16,富邦-中壢,2023-10-12,9636
00756B,群益投等新興公債,15,0,15,富邦-中壢,2023-10-12,9636
1584,精剛,18,3,15,富邦-中壢,2023-10-12,9636
00931B,統一美債20年,16,3,13,富邦-中壢,2023-10-12,9636
3234,光環,16,4,12,富邦-中壢,2023-10-12,9636
2603,長榮,14,2,12,富邦-中壢,2023-10-12,9636
3163,波若威,36,25,11,富邦-中壢,2023-10-12,9636
2903,遠百,11,0,11,富邦-中壢,2023-10-12,9636
6117,迎廣,14,3,11,富邦-中壢,2023-10-12,9636
00857B,永豐20年美公債,11,0,11,富邦-中壢,2023-10-12,9636
3122,笙泉,22,11,11,富邦-中壢,2023-10-12,9636
00764B,群益25年美債,11,0,11,富邦-中壢,2023-10-12,9636
5258,虹堡,35,25,10,富邦-中壢,2023-10-12,9636
1304,台聚,10,0,10,富邦-中壢,2023-10-12,9636
00772B,中信高評級公司債,12,2,10,富邦-中壢,2023-10-12,9636
00795B,中信美國公債20年,11,1,10,富邦-中壢,2023-10-12,9636
5272,笙科,10,0,10,富邦-中壢,2023-10-12,9636
6548,長科*,10,0,10,富邦-中壢,2023-10-12,9636
2520,冠德,10,0,10,富邦-中壢,2023-10-12,9636
00919,群益台灣精選高息,263,10,253,富邦-中壢,2023-10-13,9636
00929,復華台灣科技優息,195,26,169,富邦-中壢,2023-10-13,9636
2889,國票金,150,0,150,富邦-中壢,2023-10-13,9636
00878,國泰永續高股息,154,5,149,富邦-中壢,2023-10-13,9636
6290,良維,152,6,146,富邦-中壢,2023-10-13,9636
3231,緯創,177,50,127,富邦-中壢,2023-10-13,9636
00632R,元大台灣50反1,108,0,108,富邦-中壢,2023-10-13,9636
0056,元大高股息,110,5,105,富邦-中壢,2023-10-13,9636
3706,神達,199,101,98,富邦-中壢,2023-10-13,9636
00720B,元大投資級公司債,80,0,80,富邦-中壢,2023-10-13,9636
00633L,富邦上証正2,80,0,80,富邦-中壢,2023-10-13,9636
00679B,元大美債20年,70,0,70,富邦-中壢,2023-10-13,9636
00680L,元大美債20正2,79,13,66,富邦-中壢,2023-10-13,9636
3450,聯鈞,89,24,65,富邦-中壢,2023-10-13,9636
00751B,元大AAA至A公司債,62,1,61,富邦-中壢,2023-10-13,9636
2618,長榮航,59,2,57,富邦-中壢,2023-10-13,9636
5519,隆大,52,0,52,富邦-中壢,2023-10-13,9636
00665L,富邦�琤肭磪囓�2,44,0,44,富邦-中壢,2023-10-13,9636
6197,佳必琪,44,1,43,富邦-中壢,2023-10-13,9636
2610,華航,64,23,41,富邦-中壢,2023-10-13,9636
00637L,元大滬深300正2,50,9,41,富邦-中壢,2023-10-13,9636
00931B,統一美債20年,40,0,40,富邦-中壢,2023-10-13,9636
00922,國泰台灣領袖50,40,2,38,富邦-中壢,2023-10-13,9636
4414,如興,34,0,34,富邦-中壢,2023-10-13,9636
2401,凌陽,50,19,31,富邦-中壢,2023-10-13,9636
5410,國眾,30,0,30,富邦-中壢,2023-10-13,9636
3276,宇環,44,14,30,富邦-中壢,2023-10-13,9636
6120,達運,30,0,30,富邦-中壢,2023-10-13,9636
3037,欣興,58,28,30,富邦-中壢,2023-10-13,9636
6451,訊芯-KY,29,1,28,富邦-中壢,2023-10-13,9636
00795B,中信美國公債20年,27,0,27,富邦-中壢,2023-10-13,9636
00712,復華富時不動產,27,0,27,富邦-中壢,2023-10-13,9636
2486,一詮,35,9,26,富邦-中壢,2023-10-13,9636
2371,大同,26,0,26,富邦-中壢,2023-10-13,9636
1752,南光,25,0,25,富邦-中壢,2023-10-13,9636
8996,高力,25,0,25,富邦-中壢,2023-10-13,9636
9105,泰金寶-DR,23,0,23,富邦-中壢,2023-10-13,9636
2888,新光金,39,16,23,富邦-中壢,2023-10-13,9636
2883,凱基金,35,13,22,富邦-中壢,2023-10-13,9636
3025,星通,68,47,21,富邦-中壢,2023-10-13,9636
00722B,群益投資級電信債,21,0,21,富邦-中壢,2023-10-13,9636
00696B,富邦美債20年,21,1,20,富邦-中壢,2023-10-13,9636
3346,麗清,45,25,20,富邦-中壢,2023-10-13,9636
2305,全友,20,0,20,富邦-中壢,2023-10-13,9636
8940,新天地,20,0,20,富邦-中壢,2023-10-13,9636
9904,寶成,20,0,20,富邦-中壢,2023-10-13,9636
2392,正崴,20,1,19,富邦-中壢,2023-10-13,9636
4105,東洋,48,30,18,富邦-中壢,2023-10-13,9636
2880,華南金,17,0,17,富邦-中壢,2023-10-13,9636
2376,技嘉,36,19,17,富邦-中壢,2023-10-13,9636
00929,復華台灣科技優息,321,37,284,富邦-中壢,2023-10-16,9636
2344,華邦電,276,7,269,富邦-中壢,2023-10-16,9636
00720B,元大投資級公司債,203,8,195,富邦-中壢,2023-10-16,9636
0056,元大高股息,170,25,145,富邦-中壢,2023-10-16,9636
3715,定穎投控,228,102,126,富邦-中壢,2023-10-16,9636
00673R,期元大S＆P原油反1,102,0,102,富邦-中壢,2023-10-16,9636
2634,漢翔,102,3,99,富邦-中壢,2023-10-16,9636
3706,神達,117,19,98,富邦-中壢,2023-10-16,9636
00905,FT臺灣Smart,94,0,94,富邦-中壢,2023-10-16,9636
00712,復華富時不動產,93,0,93,富邦-中壢,2023-10-16,9636
2201,裕隆,206,114,92,富邦-中壢,2023-10-16,9636
00919,群益台灣精選高息,127,34,93,富邦-中壢,2023-10-16,9636
00671R,富邦NASDAQ反1,100,13,87,富邦-中壢,2023-10-16,9636
5521,工信,72,0,72,富邦-中壢,2023-10-16,9636
00679B,元大美債20年,76,7,69,富邦-中壢,2023-10-16,9636
1605,華新,76,17,59,富邦-中壢,2023-10-16,9636
00637L,元大滬深300正2,75,18,57,富邦-中壢,2023-10-16,9636
8054,安國,90,34,56,富邦-中壢,2023-10-16,9636
2867,三商壽,60,5,55,富邦-中壢,2023-10-16,9636
6005,群益證,53,0,53,富邦-中壢,2023-10-16,9636
3450,聯鈞,58,7,51,富邦-中壢,2023-10-16,9636
3207,耀勝,45,0,45,富邦-中壢,2023-10-16,9636
4503,金雨,61,17,44,富邦-中壢,2023-10-16,9636
1905,華紙,82,40,42,富邦-中壢,2023-10-16,9636
6290,良維,55,14,41,富邦-中壢,2023-10-16,9636
2329,華泰,47,8,39,富邦-中壢,2023-10-16,9636
00922,國泰台灣領袖50,71,32,39,富邦-中壢,2023-10-16,9636
00878,國泰永續高股息,78,41,37,富邦-中壢,2023-10-16,9636
00633L,富邦上証正2,97,62,35,富邦-中壢,2023-10-16,9636
2382,廣達,87,53,34,富邦-中壢,2023-10-16,9636
2515,中工,103,69,34,富邦-中壢,2023-10-16,9636
2002,中鋼,55,22,33,富邦-中壢,2023-10-16,9636
2108,南帝,33,0,33,富邦-中壢,2023-10-16,9636
3481,群創,34,3,31,富邦-中壢,2023-10-16,9636
5009,榮剛,32,1,31,富邦-中壢,2023-10-16,9636
2897,王道銀行,30,0,30,富邦-中壢,2023-10-16,9636
5519,隆大,31,1,30,富邦-中壢,2023-10-16,9636
9911,櫻花,30,0,30,富邦-中壢,2023-10-16,9636
9105,泰金寶-DR,29,0,29,富邦-中壢,2023-10-16,9636
2516,新建,34,5,29,富邦-中壢,2023-10-16,9636
2641,正德,28,0,28,富邦-中壢,2023-10-16,9636
2425,承啟,37,12,25,富邦-中壢,2023-10-16,9636
2206,三陽工業,26,2,24,富邦-中壢,2023-10-16,9636
3006,晶豪科,35,11,24,富邦-中壢,2023-10-16,9636
00722B,群益投資級電信債,24,0,24,富邦-中壢,2023-10-16,9636
2528,皇普,23,0,23,富邦-中壢,2023-10-16,9636
1319,東陽,27,4,23,富邦-中壢,2023-10-16,9636
1616,億泰,22,0,22,富邦-中壢,2023-10-16,9636
8933,愛地雅,20,0,20,富邦-中壢,2023-10-16,9636
2465,麗臺,25,6,19,富邦-中壢,2023-10-16,9636
00687B,國泰20年美債,215,1,214,富邦-中壢,2023-10-17,9636
0056,元大高股息,235,34,201,富邦-中壢,2023-10-17,9636
00878,國泰永續高股息,168,26,142,富邦-中壢,2023-10-17,9636
00929,復華台灣科技優息,174,40,134,富邦-中壢,2023-10-17,9636
00720B,元大投資級公司債,141,20,121,富邦-中壢,2023-10-17,9636
00751B,元大AAA至A公司債,117,0,117,富邦-中壢,2023-10-17,9636
2618,長榮航,284,169,115,富邦-中壢,2023-10-17,9636
00632R,元大台灣50反1,112,10,102,富邦-中壢,2023-10-17,9636
00919,群益台灣精選高息,103,2,101,富邦-中壢,2023-10-17,9636
2388,威盛,140,74,66,富邦-中壢,2023-10-17,9636
00922,國泰台灣領袖50,69,10,59,富邦-中壢,2023-10-17,9636
00680L,元大美債20正2,56,1,55,富邦-中壢,2023-10-17,9636
1815,富喬,97,49,48,富邦-中壢,2023-10-17,9636
00931B,統一美債20年,57,10,47,富邦-中壢,2023-10-17,9636
3481,群創,53,8,45,富邦-中壢,2023-10-17,9636
2883,凱基金,47,7,40,富邦-中壢,2023-10-17,9636
00679B,元大美債20年,39,2,37,富邦-中壢,2023-10-17,9636
00665L,富邦�琤肭磪囓�2,34,0,34,富邦-中壢,2023-10-17,9636
2601,益航,33,0,33,富邦-中壢,2023-10-17,9636
3049,精金,32,0,32,富邦-中壢,2023-10-17,9636
6282,康舒,39,7,32,富邦-中壢,2023-10-17,9636
00671R,富邦NASDAQ反1,30,0,30,富邦-中壢,2023-10-17,9636
2206,三陽工業,36,7,29,富邦-中壢,2023-10-17,9636
2607,榮運,35,6,29,富邦-中壢,2023-10-17,9636
1609,大亞,39,12,27,富邦-中壢,2023-10-17,9636
3515,華擎,27,0,27,富邦-中壢,2023-10-17,9636
2417,圓剛,48,22,26,富邦-中壢,2023-10-17,9636
00730,富邦臺灣優質高息,28,5,23,富邦-中壢,2023-10-17,9636
3526,凡甲,23,0,23,富邦-中壢,2023-10-17,9636
3231,緯創,330,307,23,富邦-中壢,2023-10-17,9636
1471,首利,31,9,22,富邦-中壢,2023-10-17,9636
3207,耀勝,23,2,21,富邦-中壢,2023-10-17,9636
8040,九暘,26,5,21,富邦-中壢,2023-10-17,9636
00712,復華富時不動產,21,1,20,富邦-中壢,2023-10-17,9636
00772B,中信高評級公司債,21,0,21,富邦-中壢,2023-10-17,9636
00637L,元大滬深300正2,52,32,20,富邦-中壢,2023-10-17,9636
6274,台燿,35,15,20,富邦-中壢,2023-10-17,9636
1319,東陽,26,7,19,富邦-中壢,2023-10-17,9636
2538,基泰,19,0,19,富邦-中壢,2023-10-17,9636
2313,華通,81,63,18,富邦-中壢,2023-10-17,9636
00708L,期元大S＆P黃金正2,22,4,18,富邦-中壢,2023-10-17,9636
2355,敬鵬,20,2,18,富邦-中壢,2023-10-17,9636
2441,超豐,18,0,18,富邦-中壢,2023-10-17,9636
3032,偉訓,20,2,18,富邦-中壢,2023-10-17,9636
4114,健喬,17,0,17,富邦-中壢,2023-10-17,9636
2002,中鋼,24,7,17,富邦-中壢,2023-10-17,9636
5210,寶碩,16,0,16,富邦-中壢,2023-10-17,9636
2867,三商壽,16,0,16,富邦-中壢,2023-10-17,9636
5324,士開,16,0,16,富邦-中壢,2023-10-17,9636
8048,德勝,27,12,15,富邦-中壢,2023-10-17,9636
00878,國泰永續高股息,1256,72,1184,富邦-中壢,2023-10-18,9636
00929,復華台灣科技優息,495,63,432,富邦-中壢,2023-10-18,9636
0056,元大高股息,423,17,406,富邦-中壢,2023-10-18,9636
00919,群益台灣精選高息,210,3,207,富邦-中壢,2023-10-18,9636
00922,國泰台灣領袖50,217,12,205,富邦-中壢,2023-10-18,9636
00673R,期元大S＆P原油反1,133,0,133,富邦-中壢,2023-10-18,9636
1815,富喬,125,19,106,富邦-中壢,2023-10-18,9636
00688L,國泰20年美債正2,100,0,100,富邦-中壢,2023-10-18,9636
00679B,元大美債20年,96,3,93,富邦-中壢,2023-10-18,9636
00720B,元大投資級公司債,90,0,90,富邦-中壢,2023-10-18,9636
1101,台泥,89,1,88,富邦-中壢,2023-10-18,9636
2002,中鋼,93,11,82,富邦-中壢,2023-10-18,9636
00687B,國泰20年美債,81,1,80,富邦-中壢,2023-10-18,9636
2344,華邦電,71,7,64,富邦-中壢,2023-10-18,9636
1102,亞泥,64,0,64,富邦-中壢,2023-10-18,9636
00932,兆豐永續高息等權,62,0,62,富邦-中壢,2023-10-18,9636
00751B,元大AAA至A公司債,62,1,61,富邦-中壢,2023-10-18,9636
1314,中石化,65,8,57,富邦-中壢,2023-10-18,9636
4533,協易機,55,0,55,富邦-中壢,2023-10-18,9636
00885,富邦越南,54,1,53,富邦-中壢,2023-10-18,9636
3346,麗清,68,16,52,富邦-中壢,2023-10-18,9636
2903,遠百,103,55,48,富邦-中壢,2023-10-18,9636
00715L,期街口布蘭特正2,90,49,41,富邦-中壢,2023-10-18,9636
00900,富邦特選高股息30,65,25,40,富邦-中壢,2023-10-18,9636
3706,神達,48,10,38,富邦-中壢,2023-10-18,9636
00905,FT臺灣Smart,38,0,38,富邦-中壢,2023-10-18,9636
2388,威盛,261,223,38,富邦-中壢,2023-10-18,9636
4919,新唐,42,4,38,富邦-中壢,2023-10-18,9636
2883,凱基金,38,1,37,富邦-中壢,2023-10-18,9636
00713,元大台灣高息低波,35,0,35,富邦-中壢,2023-10-18,9636
00680L,元大美債20正2,31,0,31,富邦-中壢,2023-10-18,9636
1709,和益,31,0,31,富邦-中壢,2023-10-18,9636
3078,僑威,43,12,31,富邦-中壢,2023-10-18,9636
00671R,富邦NASDAQ反1,30,0,30,富邦-中壢,2023-10-18,9636
6274,台燿,51,22,29,富邦-中壢,2023-10-18,9636
2884,玉山金,29,1,28,富邦-中壢,2023-10-18,9636
6770,力積電,32,4,28,富邦-中壢,2023-10-18,9636
2610,華航,52,26,26,富邦-中壢,2023-10-18,9636
2834,臺企銀,27,2,25,富邦-中壢,2023-10-18,9636
3017,奇鋐,27,2,25,富邦-中壢,2023-10-18,9636
2417,圓剛,33,9,24,富邦-中壢,2023-10-18,9636
3363,上詮,38,14,24,富邦-中壢,2023-10-18,9636
3037,欣興,73,50,23,富邦-中壢,2023-10-18,9636
2330,台積電,24,1,23,富邦-中壢,2023-10-18,9636
2201,裕隆,123,102,21,富邦-中壢,2023-10-18,9636
1444,力麗,21,0,21,富邦-中壢,2023-10-18,9636
5272,笙科,21,0,21,富邦-中壢,2023-10-18,9636
6207,雷科,21,0,21,富邦-中壢,2023-10-18,9636
6290,良維,22,1,21,富邦-中壢,2023-10-18,9636
2363,矽統,112,91,21,富邦-中壢,2023-10-18,9636
2610,華航,575,8,567,富邦-中壢,2023-10-19,9636
00878,國泰永續高股息,333,15,318,富邦-中壢,2023-10-19,9636
00637L,元大滬深300正2,222,18,204,富邦-中壢,2023-10-19,9636
00720B,元大投資級公司債,184,2,182,富邦-中壢,2023-10-19,9636
00633L,富邦上証正2,180,0,180,富邦-中壢,2023-10-19,9636
00933B,國泰10Y+金融債,251,79,172,富邦-中壢,2023-10-19,9636
00751B,元大AAA至A公司債,153,1,152,富邦-中壢,2023-10-19,9636
0056,元大高股息,310,167,143,富邦-中壢,2023-10-19,9636
1101,台泥,165,26,139,富邦-中壢,2023-10-19,9636
00679B,元大美債20年,114,1,113,富邦-中壢,2023-10-19,9636
00922,國泰台灣領袖50,100,0,100,富邦-中壢,2023-10-19,9636
00687B,國泰20年美債,252,156,96,富邦-中壢,2023-10-19,9636
00885,富邦越南,79,0,79,富邦-中壢,2023-10-19,9636
4908,前鼎,186,113,73,富邦-中壢,2023-10-19,9636
00712,復華富時不動產,69,0,69,富邦-中壢,2023-10-19,9636
00929,復華台灣科技優息,169,108,61,富邦-中壢,2023-10-19,9636
00753L,中信中國50正2,111,51,60,富邦-中壢,2023-10-19,9636
00772B,中信高評級公司債,58,2,56,富邦-中壢,2023-10-19,9636
2317,鴻海,65,10,55,富邦-中壢,2023-10-19,9636
5519,隆大,50,0,50,富邦-中壢,2023-10-19,9636
00915,凱基優選高股息30,48,0,48,富邦-中壢,2023-10-19,9636
1618,合機,62,15,47,富邦-中壢,2023-10-19,9636
2002,中鋼,54,10,44,富邦-中壢,2023-10-19,9636
2618,長榮航,67,25,42,富邦-中壢,2023-10-19,9636
2883,凱基金,41,0,41,富邦-中壢,2023-10-19,9636
00919,群益台灣精選高息,63,23,40,富邦-中壢,2023-10-19,9636
3706,神達,44,5,39,富邦-中壢,2023-10-19,9636
00680L,元大美債20正2,53,15,38,富邦-中壢,2023-10-19,9636
00696B,富邦美債20年,34,0,34,富邦-中壢,2023-10-19,9636
00688L,國泰20年美債正2,34,0,34,富邦-中壢,2023-10-19,9636
6290,良維,31,0,31,富邦-中壢,2023-10-19,9636
1795,美時,38,9,29,富邦-中壢,2023-10-19,9636
00900,富邦特選高股息30,27,0,27,富邦-中壢,2023-10-19,9636
2328,廣宇,27,1,26,富邦-中壢,2023-10-19,9636
8040,九暘,38,12,26,富邦-中壢,2023-10-19,9636
1305,華夏,36,10,26,富邦-中壢,2023-10-19,9636
2363,矽統,51,26,25,富邦-中壢,2023-10-19,9636
2417,圓剛,23,0,23,富邦-中壢,2023-10-19,9636
6113,亞矽,31,9,22,富邦-中壢,2023-10-19,9636
3176,基亞,29,8,21,富邦-中壢,2023-10-19,9636
6129,普誠,21,1,20,富邦-中壢,2023-10-19,9636
6187,萬潤,26,6,20,富邦-中壢,2023-10-19,9636
1711,永光,21,1,20,富邦-中壢,2023-10-19,9636
00795B,中信美國公債20年,20,0,20,富邦-中壢,2023-10-19,9636
2892,第一金,20,2,18,富邦-中壢,2023-10-19,9636
2538,基泰,18,0,18,富邦-中壢,2023-10-19,9636
9105,泰金寶-DR,18,0,18,富邦-中壢,2023-10-19,9636
2880,華南金,20,3,17,富邦-中壢,2023-10-19,9636
1303,南亞,17,0,17,富邦-中壢,2023-10-19,9636
2388,威盛,66,50,16,富邦-中壢,2023-10-19,9636
00878,國泰永續高股息,508,63,445,富邦-中壢,2023-10-20,9636
00712,復華富時不動產,278,1,277,富邦-中壢,2023-10-20,9636
00929,復華台灣科技優息,274,26,248,富邦-中壢,2023-10-20,9636
1560,中砂,193,15,178,富邦-中壢,2023-10-20,9636
2002,中鋼,195,17,178,富邦-中壢,2023-10-20,9636
00673R,期元大S＆P原油反1,167,0,167,富邦-中壢,2023-10-20,9636
1101,台泥,163,6,157,富邦-中壢,2023-10-20,9636
0056,元大高股息,145,31,114,富邦-中壢,2023-10-20,9636
00720B,元大投資級公司債,104,0,104,富邦-中壢,2023-10-20,9636
00919,群益台灣精選高息,106,2,104,富邦-中壢,2023-10-20,9636
2883,凱基金,104,6,98,富邦-中壢,2023-10-20,9636
2303,聯電,170,87,83,富邦-中壢,2023-10-20,9636
00671R,富邦NASDAQ反1,100,26,74,富邦-中壢,2023-10-20,9636
00933B,國泰10Y+金融債,77,7,70,富邦-中壢,2023-10-20,9636
00922,國泰台灣領袖50,63,1,62,富邦-中壢,2023-10-20,9636
00751B,元大AAA至A公司債,60,0,60,富邦-中壢,2023-10-20,9636
00679B,元大美債20年,57,4,53,富邦-中壢,2023-10-20,9636
6290,良維,58,5,53,富邦-中壢,2023-10-20,9636
6770,力積電,70,22,48,富邦-中壢,2023-10-20,9636
1303,南亞,47,0,47,富邦-中壢,2023-10-20,9636
2201,裕隆,61,16,45,富邦-中壢,2023-10-20,9636
2834,臺企銀,47,2,45,富邦-中壢,2023-10-20,9636
2618,長榮航,56,13,43,富邦-中壢,2023-10-20,9636
9105,泰金寶-DR,42,0,42,富邦-中壢,2023-10-20,9636
2536,宏普,41,0,41,富邦-中壢,2023-10-20,9636
1305,華夏,41,0,41,富邦-中壢,2023-10-20,9636
2882,國泰金,47,6,41,富邦-中壢,2023-10-20,9636
2881,富邦金,42,3,39,富邦-中壢,2023-10-20,9636
00885,富邦越南,50,10,40,富邦-中壢,2023-10-20,9636
2344,華邦電,38,1,37,富邦-中壢,2023-10-20,9636
2204,中華,36,2,34,富邦-中壢,2023-10-20,9636
5880,合庫金,41,9,32,富邦-中壢,2023-10-20,9636
4960,誠美材,34,3,31,富邦-中壢,2023-10-20,9636
2102,泰豐,30,0,30,富邦-中壢,2023-10-20,9636
1529,樂事綠能,30,0,30,富邦-中壢,2023-10-20,9636
2605,新興,35,5,30,富邦-中壢,2023-10-20,9636
2891,中信金,32,3,29,富邦-中壢,2023-10-20,9636
00724B,群益投資級金融債,26,0,26,富邦-中壢,2023-10-20,9636
00665L,富邦�琤肭磪囓�2,26,0,26,富邦-中壢,2023-10-20,9636
6684,安格,46,21,25,富邦-中壢,2023-10-20,9636
1216,統一,25,0,25,富邦-中壢,2023-10-20,9636
3005,神基,26,1,25,富邦-中壢,2023-10-20,9636
4714,永捷,25,0,25,富邦-中壢,2023-10-20,9636
2886,兆豐金,27,3,24,富邦-中壢,2023-10-20,9636
2368,金像電,33,9,24,富邦-中壢,2023-10-20,9636
4931,新盛力,26,2,24,富邦-中壢,2023-10-20,9636
3715,定穎投控,103,79,24,富邦-中壢,2023-10-20,9636
6530,創威,75,53,22,富邦-中壢,2023-10-20,9636
2897,王道銀行,22,0,22,富邦-中壢,2023-10-20,9636
00713,元大台灣高息低波,36,15,21,富邦-中壢,2023-10-20,9636
00929,復華台灣科技優息,650,16,634,富邦-中壢,2023-10-23,9636
00712,復華富時不動產,287,5,282,富邦-中壢,2023-10-23,9636
2317,鴻海,196,44,152,富邦-中壢,2023-10-23,9636
00919,群益台灣精選高息,136,12,124,富邦-中壢,2023-10-23,9636
00922,國泰台灣領袖50,109,0,109,富邦-中壢,2023-10-23,9636
00715L,期街口布蘭特正2,104,5,99,富邦-中壢,2023-10-23,9636
2883,凱基金,81,0,81,富邦-中壢,2023-10-23,9636
3051,力特,135,56,79,富邦-中壢,2023-10-23,9636
00933B,國泰10Y+金融債,83,14,69,富邦-中壢,2023-10-23,9636
00669R,國泰美國道瓊反1,64,0,64,富邦-中壢,2023-10-23,9636
00900,富邦特選高股息30,140,78,62,富邦-中壢,2023-10-23,9636
0056,元大高股息,119,56,63,富邦-中壢,2023-10-23,9636
00720B,元大投資級公司債,62,0,62,富邦-中壢,2023-10-23,9636
2363,矽統,106,44,62,富邦-中壢,2023-10-23,9636
00679B,元大美債20年,63,1,62,富邦-中壢,2023-10-23,9636
3481,群創,81,22,59,富邦-中壢,2023-10-23,9636
2409,友達,61,7,54,富邦-中壢,2023-10-23,9636
00687B,國泰20年美債,54,1,53,富邦-中壢,2023-10-23,9636
2891,中信金,63,12,51,富邦-中壢,2023-10-23,9636
1560,中砂,59,8,51,富邦-中壢,2023-10-23,9636
2888,新光金,56,5,51,富邦-中壢,2023-10-23,9636
00751B,元大AAA至A公司債,50,0,50,富邦-中壢,2023-10-23,9636
2442,新美齊,50,0,50,富邦-中壢,2023-10-23,9636
2002,中鋼,59,14,45,富邦-中壢,2023-10-23,9636
00680L,元大美債20正2,47,4,43,富邦-中壢,2023-10-23,9636
00696B,富邦美債20年,38,0,38,富邦-中壢,2023-10-23,9636
00753L,中信中國50正2,56,20,36,富邦-中壢,2023-10-23,9636
3715,定穎投控,115,81,34,富邦-中壢,2023-10-23,9636
00878,國泰永續高股息,212,180,32,富邦-中壢,2023-10-23,9636
2882,國泰金,31,0,31,富邦-中壢,2023-10-23,9636
3583,辛耘,33,2,31,富邦-中壢,2023-10-23,9636
2201,裕隆,35,8,27,富邦-中壢,2023-10-23,9636
1605,華新,29,3,26,富邦-中壢,2023-10-23,9636
1711,永光,50,24,26,富邦-中壢,2023-10-23,9636
00772B,中信高評級公司債,40,15,25,富邦-中壢,2023-10-23,9636
2881,富邦金,35,9,26,富邦-中壢,2023-10-23,9636
1305,華夏,25,0,25,富邦-中壢,2023-10-23,9636
2305,全友,30,6,24,富邦-中壢,2023-10-23,9636
1303,南亞,24,1,23,富邦-中壢,2023-10-23,9636
2633,台灣高鐵,26,3,23,富邦-中壢,2023-10-23,9636
2344,華邦電,25,5,20,富邦-中壢,2023-10-23,9636
2102,泰豐,20,0,20,富邦-中壢,2023-10-23,9636
8054,安國,26,6,20,富邦-中壢,2023-10-23,9636
6187,萬潤,31,12,19,富邦-中壢,2023-10-23,9636
2887,台新金,123,104,19,富邦-中壢,2023-10-23,9636
00877,復華中國5G,17,0,17,富邦-中壢,2023-10-23,9636
4915,致伸,17,0,17,富邦-中壢,2023-10-23,9636
3081,聯亞,17,0,17,富邦-中壢,2023-10-23,9636
2301,光寶科,18,2,16,富邦-中壢,2023-10-23,9636
2734,易飛網,16,0,16,富邦-中壢,2023-10-23,9636
2317,鴻海,336,143,193,富邦-中壢,2023-10-24,9636
00712,復華富時不動產,158,1,157,富邦-中壢,2023-10-24,9636
00929,復華台灣科技優息,283,128,155,富邦-中壢,2023-10-24,9636
2405,輔信,166,31,135,富邦-中壢,2023-10-24,9636
00637L,元大滬深300正2,188,62,126,富邦-中壢,2023-10-24,9636
00902,中信電池及儲能,109,5,104,富邦-中壢,2023-10-24,9636
00878,國泰永續高股息,114,24,90,富邦-中壢,2023-10-24,9636
0056,元大高股息,107,18,89,富邦-中壢,2023-10-24,9636
2363,矽統,114,37,77,富邦-中壢,2023-10-24,9636
4102,永日,71,0,71,富邦-中壢,2023-10-24,9636
00665L,富邦�琤肭磪囓�2,70,5,65,富邦-中壢,2023-10-24,9636
00687B,國泰20年美債,65,8,57,富邦-中壢,2023-10-24,9636
6197,佳必琪,64,10,54,富邦-中壢,2023-10-24,9636
2369,菱生,149,99,50,富邦-中壢,2023-10-24,9636
00688L,國泰20年美債正2,50,0,50,富邦-中壢,2023-10-24,9636
00919,群益台灣精選高息,55,5,50,富邦-中壢,2023-10-24,9636
2883,凱基金,50,1,49,富邦-中壢,2023-10-24,9636
3450,聯鈞,53,4,49,富邦-中壢,2023-10-24,9636
2337,旺宏,47,0,47,富邦-中壢,2023-10-24,9636
2002,中鋼,47,6,41,富邦-中壢,2023-10-24,9636
3037,欣興,79,38,41,富邦-中壢,2023-10-24,9636
00753L,中信中國50正2,40,0,40,富邦-中壢,2023-10-24,9636
2888,新光金,39,1,38,富邦-中壢,2023-10-24,9636
4162,智擎,89,51,38,富邦-中壢,2023-10-24,9636
1101,台泥,39,4,35,富邦-中壢,2023-10-24,9636
3715,定穎投控,125,91,34,富邦-中壢,2023-10-24,9636
00720B,元大投資級公司債,34,0,34,富邦-中壢,2023-10-24,9636
3372,典範,34,2,32,富邦-中壢,2023-10-24,9636
3443,創意,36,5,31,富邦-中壢,2023-10-24,9636
2201,裕隆,33,3,30,富邦-中壢,2023-10-24,9636
00673R,期元大S＆P原油反1,30,0,30,富邦-中壢,2023-10-24,9636
2102,泰豐,30,0,30,富邦-中壢,2023-10-24,9636
2371,大同,48,20,28,富邦-中壢,2023-10-24,9636
9105,泰金寶-DR,28,0,28,富邦-中壢,2023-10-24,9636
4960,誠美材,56,29,27,富邦-中壢,2023-10-24,9636
2834,臺企銀,30,4,26,富邦-中壢,2023-10-24,9636
3122,笙泉,74,51,23,富邦-中壢,2023-10-24,9636
2890,永豐金,22,0,22,富邦-中壢,2023-10-24,9636
0050,元大台灣50,27,5,22,富邦-中壢,2023-10-24,9636
4128,中天,25,4,21,富邦-中壢,2023-10-24,9636
2887,台新金,38,17,21,富邦-中壢,2023-10-24,9636
1524,耿鼎,64,44,20,富邦-中壢,2023-10-24,9636
1324,地球,32,13,19,富邦-中壢,2023-10-24,9636
00675L,富邦臺灣加權正2,19,0,19,富邦-中壢,2023-10-24,9636
006208,富邦台50,21,2,19,富邦-中壢,2023-10-24,9636
2303,聯電,60,43,17,富邦-中壢,2023-10-24,9636
2630,亞航,18,1,17,富邦-中壢,2023-10-24,9636
2401,凌陽,42,26,16,富邦-中壢,2023-10-24,9636
1522,堤維西,19,3,16,富邦-中壢,2023-10-24,9636
3024,憶聲,15,0,15,富邦-中壢,2023-10-24,9636
00929,復華台灣科技優息,235,105,130,富邦-中壢,2023-10-25,9636
00687B,國泰20年美債,142,13,129,富邦-中壢,2023-10-25,9636
6290,良維,131,12,119,富邦-中壢,2023-10-25,9636
00712,復華富時不動產,126,21,105,富邦-中壢,2023-10-25,9636
3041,揚智,257,170,87,富邦-中壢,2023-10-25,9636
00878,國泰永續高股息,90,5,85,富邦-中壢,2023-10-25,9636
2883,凱基金,85,6,79,富邦-中壢,2023-10-25,9636
2367,燿華,100,30,70,富邦-中壢,2023-10-25,9636
2317,鴻海,80,14,66,富邦-中壢,2023-10-25,9636
2102,泰豐,60,0,60,富邦-中壢,2023-10-25,9636
0056,元大高股息,94,37,57,富邦-中壢,2023-10-25,9636
2905,三商,64,12,52,富邦-中壢,2023-10-25,9636
3443,創意,58,9,49,富邦-中壢,2023-10-25,9636
2337,旺宏,49,7,42,富邦-中壢,2023-10-25,9636
00919,群益台灣精選高息,78,36,42,富邦-中壢,2023-10-25,9636
2382,廣達,72,31,41,富邦-中壢,2023-10-25,9636
2834,臺企銀,40,1,39,富邦-中壢,2023-10-25,9636
1434,福懋,40,4,36,富邦-中壢,2023-10-25,9636
00671R,富邦NASDAQ反1,36,0,36,富邦-中壢,2023-10-25,9636
2344,華邦電,41,7,34,富邦-中壢,2023-10-25,9636
2417,圓剛,34,1,33,富邦-中壢,2023-10-25,9636
2882,國泰金,31,3,28,富邦-中壢,2023-10-25,9636
2449,京元電子,30,2,28,富邦-中壢,2023-10-25,9636
00715L,期街口布蘭特正2,120,93,27,富邦-中壢,2023-10-25,9636
4542,科嶠,51,25,26,富邦-中壢,2023-10-25,9636
2313,華通,32,7,25,富邦-中壢,2023-10-25,9636
2329,華泰,35,12,23,富邦-中壢,2023-10-25,9636
2332,友訊,21,0,21,富邦-中壢,2023-10-25,9636
3689,湧德,21,0,21,富邦-中壢,2023-10-25,9636
6197,佳必琪,42,21,21,富邦-中壢,2023-10-25,9636
3025,星通,64,43,21,富邦-中壢,2023-10-25,9636
3078,僑威,32,12,20,富邦-中壢,2023-10-25,9636
3402,漢科,20,0,20,富邦-中壢,2023-10-25,9636
6282,康舒,24,4,20,富邦-中壢,2023-10-25,9636
00688L,國泰20年美債正2,20,0,20,富邦-中壢,2023-10-25,9636
1101,台泥,23,3,20,富邦-中壢,2023-10-25,9636
00642U,期元大S＆P石油,19,0,19,富邦-中壢,2023-10-25,9636
1727,中華化,30,11,19,富邦-中壢,2023-10-25,9636
3035,智原,42,24,18,富邦-中壢,2023-10-25,9636
6552,易華電,18,0,18,富邦-中壢,2023-10-25,9636
6276,安鈦克,25,7,18,富邦-中壢,2023-10-25,9636
2355,敬鵬,19,1,18,富邦-中壢,2023-10-25,9636
9958,世紀鋼,17,0,17,富邦-中壢,2023-10-25,9636
4944,兆遠,20,3,17,富邦-中壢,2023-10-25,9636
00933B,國泰10Y+金融債,18,1,17,富邦-中壢,2023-10-25,9636
4102,永日,16,0,16,富邦-中壢,2023-10-25,9636
3189,景碩,21,6,15,富邦-中壢,2023-10-25,9636
2892,第一金,17,2,15,富邦-中壢,2023-10-25,9636
00720B,元大投資級公司債,35,20,15,富邦-中壢,2023-10-25,9636
6593,台灣銘板,15,0,15,富邦-中壢,2023-10-25,9636
00929,復華台灣科技優息,737,89,648,富邦-中壢,2023-10-26,9636
2812,台中銀,296,7,289,富邦-中壢,2023-10-26,9636
00687B,國泰20年美債,222,0,222,富邦-中壢,2023-10-26,9636
00878,國泰永續高股息,221,5,216,富邦-中壢,2023-10-26,9636
00919,群益台灣精選高息,212,2,210,富邦-中壢,2023-10-26,9636
2390,云辰,209,0,209,富邦-中壢,2023-10-26,9636
00922,國泰台灣領袖50,206,0,206,富邦-中壢,2023-10-26,9636
00712,復華富時不動產,167,1,166,富邦-中壢,2023-10-26,9636
0056,元大高股息,171,12,159,富邦-中壢,2023-10-26,9636
2344,華邦電,162,37,125,富邦-中壢,2023-10-26,9636
2317,鴻海,123,29,94,富邦-中壢,2023-10-26,9636
2884,玉山金,84,1,83,富邦-中壢,2023-10-26,9636
2880,華南金,67,0,67,富邦-中壢,2023-10-26,9636
3037,欣興,93,29,64,富邦-中壢,2023-10-26,9636
3056,富華新,74,11,63,富邦-中壢,2023-10-26,9636
00679B,元大美債20年,63,18,45,富邦-中壢,2023-10-26,9636
006208,富邦台50,45,2,43,富邦-中壢,2023-10-26,9636
2883,凱基金,53,10,43,富邦-中壢,2023-10-26,9636
0050,元大台灣50,43,2,41,富邦-中壢,2023-10-26,9636
2368,金像電,48,7,41,富邦-中壢,2023-10-26,9636
1721,三晃,74,33,41,富邦-中壢,2023-10-26,9636
2356,英業達,48,8,40,富邦-中壢,2023-10-26,9636
2485,兆赫,41,3,38,富邦-中壢,2023-10-26,9636
2303,聯電,169,133,36,富邦-中壢,2023-10-26,9636
2330,台積電,45,9,36,富邦-中壢,2023-10-26,9636
2618,長榮航,51,15,36,富邦-中壢,2023-10-26,9636
00680L,元大美債20正2,35,1,34,富邦-中壢,2023-10-26,9636
00720B,元大投資級公司債,44,10,34,富邦-中壢,2023-10-26,9636
2889,國票金,32,0,32,富邦-中壢,2023-10-26,9636
00753L,中信中國50正2,133,102,31,富邦-中壢,2023-10-26,9636
3481,群創,31,1,30,富邦-中壢,2023-10-26,9636
00933B,國泰10Y+金融債,29,0,29,富邦-中壢,2023-10-26,9636
00885,富邦越南,39,10,29,富邦-中壢,2023-10-26,9636
00931B,統一美債20年,28,0,28,富邦-中壢,2023-10-26,9636
3715,定穎投控,69,41,28,富邦-中壢,2023-10-26,9636
8110,華東,33,6,27,富邦-中壢,2023-10-26,9636
3049,精金,27,0,27,富邦-中壢,2023-10-26,9636
2388,威盛,41,16,25,富邦-中壢,2023-10-26,9636
2408,南亞科,24,0,24,富邦-中壢,2023-10-26,9636
2371,大同,36,12,24,富邦-中壢,2023-10-26,9636
2436,偉詮電,35,11,24,富邦-中壢,2023-10-26,9636
2367,燿華,79,56,23,富邦-中壢,2023-10-26,9636
2337,旺宏,28,5,23,富邦-中壢,2023-10-26,9636
2834,臺企銀,24,1,23,富邦-中壢,2023-10-26,9636
5880,合庫金,24,2,22,富邦-中壢,2023-10-26,9636
2002,中鋼,23,1,22,富邦-中壢,2023-10-26,9636
3013,晟銘電,27,5,22,富邦-中壢,2023-10-26,9636
2014,中鴻,23,1,22,富邦-中壢,2023-10-26,9636
8358,金居,21,0,21,富邦-中壢,2023-10-26,9636
2891,中信金,21,0,21,富邦-中壢,2023-10-26,9636
00929,復華台灣科技優息,447,27,420,富邦-中壢,2023-10-27,9636
00632R,元大台灣50反1,226,35,191,富邦-中壢,2023-10-27,9636
2317,鴻海,119,7,112,富邦-中壢,2023-10-27,9636
00885,富邦越南,116,12,104,富邦-中壢,2023-10-27,9636
00712,復華富時不動產,77,5,72,富邦-中壢,2023-10-27,9636
6290,良維,61,8,53,富邦-中壢,2023-10-27,9636
00919,群益台灣精選高息,73,21,52,富邦-中壢,2023-10-27,9636
5519,隆大,50,0,50,富邦-中壢,2023-10-27,9636
1303,南亞,50,2,48,富邦-中壢,2023-10-27,9636
00715L,期街口布蘭特正2,75,28,47,富邦-中壢,2023-10-27,9636
2363,矽統,67,30,37,富邦-中壢,2023-10-27,9636
2401,凌陽,57,25,32,富邦-中壢,2023-10-27,9636
2027,大成鋼,31,0,31,富邦-中壢,2023-10-27,9636
2390,云辰,239,209,30,富邦-中壢,2023-10-27,9636
3025,星通,54,25,29,富邦-中壢,2023-10-27,9636
3162,精確,27,0,27,富邦-中壢,2023-10-27,9636
1815,富喬,39,13,26,富邦-中壢,2023-10-27,9636
3264,欣銓,115,90,25,富邦-中壢,2023-10-27,9636
2303,聯電,30,6,24,富邦-中壢,2023-10-27,9636
6276,安鈦克,29,5,24,富邦-中壢,2023-10-27,9636
2388,威盛,40,17,23,富邦-中壢,2023-10-27,9636
5469,瀚宇博,41,20,21,富邦-中壢,2023-10-27,9636
2883,凱基金,41,20,21,富邦-中壢,2023-10-27,9636
2528,皇普,20,0,20,富邦-中壢,2023-10-27,9636
1101,台泥,20,2,18,富邦-中壢,2023-10-27,9636
2408,南亞科,17,0,17,富邦-中壢,2023-10-27,9636
2344,華邦電,31,14,17,富邦-中壢,2023-10-27,9636
4542,科嶠,19,3,16,富邦-中壢,2023-10-27,9636
2382,廣達,49,33,16,富邦-中壢,2023-10-27,9636
2329,華泰,29,14,15,富邦-中壢,2023-10-27,9636
6237,驊訊,58,43,15,富邦-中壢,2023-10-27,9636
6269,台郡,15,0,15,富邦-中壢,2023-10-27,9636
6147,頎邦,20,5,15,富邦-中壢,2023-10-27,9636
2845,遠東銀,16,1,15,富邦-中壢,2023-10-27,9636
2337,旺宏,15,1,14,富邦-中壢,2023-10-27,9636
2892,第一金,14,0,14,富邦-中壢,2023-10-27,9636
3706,神達,21,7,14,富邦-中壢,2023-10-27,9636
00932,兆豐永續高息等權,13,0,13,富邦-中壢,2023-10-27,9636
3481,群創,15,2,13,富邦-中壢,2023-10-27,9636
4908,前鼎,60,48,12,富邦-中壢,2023-10-27,9636
2402,毅嘉,24,12,12,富邦-中壢,2023-10-27,9636
4804,大略-KY,12,0,12,富邦-中壢,2023-10-27,9636
1604,聲寶,12,0,12,富邦-中壢,2023-10-27,9636
2206,三陽工業,15,4,11,富邦-中壢,2023-10-27,9636
00679B,元大美債20年,29,18,11,富邦-中壢,2023-10-27,9636
5880,合庫金,11,1,10,富邦-中壢,2023-10-27,9636
8926,台汽電,10,0,10,富邦-中壢,2023-10-27,9636
3081,聯亞,15,5,10,富邦-中壢,2023-10-27,9636
6139,亞翔,32,22,10,富邦-中壢,2023-10-27,9636
5381,合正,10,0,10,富邦-中壢,2023-10-27,9636
2317,鴻海,447,187,260,富邦-中壢,2023-10-30,9636
2884,玉山金,257,1,256,富邦-中壢,2023-10-30,9636
2618,長榮航,250,9,241,富邦-中壢,2023-10-30,9636
00712,復華富時不動產,159,1,158,富邦-中壢,2023-10-30,9636
2390,云辰,277,152,125,富邦-中壢,2023-10-30,9636
00720B,元大投資級公司債,121,12,109,富邦-中壢,2023-10-30,9636
6418,詠昇,80,6,74,富邦-中壢,2023-10-30,9636
00680L,元大美債20正2,66,0,66,富邦-中壢,2023-10-30,9636
00878,國泰永續高股息,98,37,61,富邦-中壢,2023-10-30,9636
6443,元晶,62,6,56,富邦-中壢,2023-10-30,9636
3576,聯合再生,80,29,51,富邦-中壢,2023-10-30,9636
6117,迎廣,131,85,46,富邦-中壢,2023-10-30,9636
2887,台新金,69,23,46,富邦-中壢,2023-10-30,9636
2891,中信金,54,11,43,富邦-中壢,2023-10-30,9636
3051,力特,51,10,41,富邦-中壢,2023-10-30,9636
5880,合庫金,41,0,41,富邦-中壢,2023-10-30,9636
1618,合機,40,0,40,富邦-中壢,2023-10-30,9636
00919,群益台灣精選高息,48,17,31,富邦-中壢,2023-10-30,9636
2401,凌陽,41,12,29,富邦-中壢,2023-10-30,9636
4960,誠美材,48,21,27,富邦-中壢,2023-10-30,9636
2331,精英,25,0,25,富邦-中壢,2023-10-30,9636
00751B,元大AAA至A公司債,24,0,24,富邦-中壢,2023-10-30,9636
8227,巨有科技,23,1,22,富邦-中壢,2023-10-30,9636
0056,元大高股息,65,43,22,富邦-中壢,2023-10-30,9636
1785,光洋科,31,10,21,富邦-中壢,2023-10-30,9636
2328,廣宇,20,0,20,富邦-中壢,2023-10-30,9636
1310,台苯,20,0,20,富邦-中壢,2023-10-30,9636
2105,正新,20,0,20,富邦-中壢,2023-10-30,9636
2883,凱基金,19,0,19,富邦-中壢,2023-10-30,9636
2485,兆赫,99,81,18,富邦-中壢,2023-10-30,9636
00933B,國泰10Y+金融債,19,2,17,富邦-中壢,2023-10-30,9636
3711,日月光投控,22,5,17,富邦-中壢,2023-10-30,9636
2369,菱生,45,28,17,富邦-中壢,2023-10-30,9636
00888,永豐台灣ESG,18,1,17,富邦-中壢,2023-10-30,9636
2888,新光金,19,3,16,富邦-中壢,2023-10-30,9636
2337,旺宏,19,3,16,富邦-中壢,2023-10-30,9636
4167,松瑞藥,25,9,16,富邦-中壢,2023-10-30,9636
00679B,元大美債20年,16,0,16,富邦-中壢,2023-10-30,9636
2303,聯電,19,3,16,富邦-中壢,2023-10-30,9636
2363,矽統,37,22,15,富邦-中壢,2023-10-30,9636
2520,冠德,20,5,15,富邦-中壢,2023-10-30,9636
3032,偉訓,43,28,15,富邦-中壢,2023-10-30,9636
8028,昇陽半導體,16,1,15,富邦-中壢,2023-10-30,9636
2890,永豐金,15,0,15,富邦-中壢,2023-10-30,9636
3322,建舜電,15,1,14,富邦-中壢,2023-10-30,9636
2206,三陽工業,16,3,13,富邦-中壢,2023-10-30,9636
2515,中工,55,42,13,富邦-中壢,2023-10-30,9636
6182,合晶,13,0,13,富邦-中壢,2023-10-30,9636
2885,元大金,13,1,12,富邦-中壢,2023-10-30,9636
4123,晟德,14,2,12,富邦-中壢,2023-10-30,9636
00878,國泰永續高股息,274,28,246,富邦-中壢,2023-10-31,9636
00929,復華台灣科技優息,402,170,232,富邦-中壢,2023-10-31,9636
00715L,期街口布蘭特正2,237,17,220,富邦-中壢,2023-10-31,9636
00753L,中信中國50正2,314,100,214,富邦-中壢,2023-10-31,9636
00919,群益台灣精選高息,173,14,159,富邦-中壢,2023-10-31,9636
00922,國泰台灣領袖50,143,4,139,富邦-中壢,2023-10-31,9636
2344,華邦電,209,80,129,富邦-中壢,2023-10-31,9636
0056,元大高股息,175,58,117,富邦-中壢,2023-10-31,9636
2102,泰豐,100,0,100,富邦-中壢,2023-10-31,9636
00712,復華富時不動產,79,1,78,富邦-中壢,2023-10-31,9636
2363,矽統,89,10,79,富邦-中壢,2023-10-31,9636
9105,泰金寶-DR,77,0,77,富邦-中壢,2023-10-31,9636
1802,台玻,65,0,65,富邦-中壢,2023-10-31,9636
00671R,富邦NASDAQ反1,64,0,64,富邦-中壢,2023-10-31,9636
2313,華通,160,103,57,富邦-中壢,2023-10-31,9636
1618,合機,53,1,52,富邦-中壢,2023-10-31,9636
3162,精確,50,0,50,富邦-中壢,2023-10-31,9636
00885,富邦越南,42,2,40,富邦-中壢,2023-10-31,9636
4164,承業醫,40,3,37,富邦-中壢,2023-10-31,9636
3715,定穎投控,154,117,37,富邦-中壢,2023-10-31,9636
00713,元大台灣高息低波,35,0,35,富邦-中壢,2023-10-31,9636
2329,華泰,56,21,35,富邦-中壢,2023-10-31,9636
00633L,富邦上証正2,35,0,35,富邦-中壢,2023-10-31,9636
6770,力積電,35,1,34,富邦-中壢,2023-10-31,9636
00679B,元大美債20年,33,0,33,富邦-中壢,2023-10-31,9636
2888,新光金,32,0,32,富邦-中壢,2023-10-31,9636
0050,元大台灣50,32,1,31,富邦-中壢,2023-10-31,9636
2390,云辰,192,162,30,富邦-中壢,2023-10-31,9636
3051,力特,37,8,29,富邦-中壢,2023-10-31,9636
00720B,元大投資級公司債,29,0,29,富邦-中壢,2023-10-31,9636
006208,富邦台50,28,0,28,富邦-中壢,2023-10-31,9636
00665L,富邦�琤肭磪囓�2,73,50,23,富邦-中壢,2023-10-31,9636
4960,誠美材,72,49,23,富邦-中壢,2023-10-31,9636
6274,台燿,36,14,22,富邦-中壢,2023-10-31,9636
2367,燿華,135,115,20,富邦-中壢,2023-10-31,9636
00687B,國泰20年美債,20,0,20,富邦-中壢,2023-10-31,9636
00933B,國泰10Y+金融債,21,1,20,富邦-中壢,2023-10-31,9636
3673,TPK-KY,20,0,20,富邦-中壢,2023-10-31,9636
2305,全友,20,0,20,富邦-中壢,2023-10-31,9636
00642U,期元大S＆P石油,20,0,20,富邦-中壢,2023-10-31,9636
2301,光寶科,44,25,19,富邦-中壢,2023-10-31,9636
00932,兆豐永續高息等權,19,0,19,富邦-中壢,2023-10-31,9636
2449,京元電子,22,3,19,富邦-中壢,2023-10-31,9636
2201,裕隆,47,29,18,富邦-中壢,2023-10-31,9636
2609,陽明,25,7,18,富邦-中壢,2023-10-31,9636
6182,合晶,18,0,18,富邦-中壢,2023-10-31,9636
00893,國泰智能電動車,22,4,18,富邦-中壢,2023-10-31,9636
3094,聯傑,74,57,17,富邦-中壢,2023-10-31,9636
2538,基泰,28,11,17,富邦-中壢,2023-10-31,9636
9945,潤泰新,17,0,17,富邦-中壢,2023-10-31,9636
00929,復華台灣科技優息,298,22,276,富邦-中壢,2023-11-01,9636
00934,中信成長高股息,429,237,192,富邦-中壢,2023-11-01,9636
2618,長榮航,217,52,165,富邦-中壢,2023-11-01,9636
00878,國泰永續高股息,191,91,100,富邦-中壢,2023-11-01,9636
00753L,中信中國50正2,100,10,90,富邦-中壢,2023-11-01,9636
00715L,期街口布蘭特正2,85,9,76,富邦-中壢,2023-11-01,9636
00687B,國泰20年美債,73,0,73,富邦-中壢,2023-11-01,9636
00885,富邦越南,72,5,67,富邦-中壢,2023-11-01,9636
2417,圓剛,112,46,66,富邦-中壢,2023-11-01,9636
00680L,元大美債20正2,65,3,62,富邦-中壢,2023-11-01,9636
2317,鴻海,67,14,53,富邦-中壢,2023-11-01,9636
1789,神隆,50,0,50,富邦-中壢,2023-11-01,9636
2543,皇昌,57,17,40,富邦-中壢,2023-11-01,9636
4543,萬在,39,0,39,富邦-中壢,2023-11-01,9636
6117,迎廣,40,1,39,富邦-中壢,2023-11-01,9636
2409,友達,40,3,37,富邦-中壢,2023-11-01,9636
00679B,元大美債20年,38,2,36,富邦-中壢,2023-11-01,9636
6770,力積電,48,12,36,富邦-中壢,2023-11-01,9636
00720B,元大投資級公司債,36,0,36,富邦-中壢,2023-11-01,9636
0056,元大高股息,40,7,33,富邦-中壢,2023-11-01,9636
1618,合機,38,5,33,富邦-中壢,2023-11-01,9636
2609,陽明,33,2,31,富邦-中壢,2023-11-01,9636
6191,精成科,105,74,31,富邦-中壢,2023-11-01,9636
00712,復華富時不動產,41,13,28,富邦-中壢,2023-11-01,9636
4915,致伸,32,6,26,富邦-中壢,2023-11-01,9636
4102,永日,26,0,26,富邦-中壢,2023-11-01,9636
5483,中美晶,43,18,25,富邦-中壢,2023-11-01,9636
3673,TPK-KY,24,0,24,富邦-中壢,2023-11-01,9636
8054,安國,72,49,23,富邦-中壢,2023-11-01,9636
2468,華經,23,0,23,富邦-中壢,2023-11-01,9636
6901,鑽石投資,24,3,21,富邦-中壢,2023-11-01,9636
2528,皇普,21,0,21,富邦-中壢,2023-11-01,9636
2353,宏��,24,3,21,富邦-中壢,2023-11-01,9636
00890B,凱基ESG BBB債,20,0,20,富邦-中壢,2023-11-01,9636
006208,富邦台50,19,0,19,富邦-中壢,2023-11-01,9636
3078,僑威,23,6,17,富邦-中壢,2023-11-01,9636
2382,廣達,47,30,17,富邦-中壢,2023-11-01,9636
00751B,元大AAA至A公司債,16,0,16,富邦-中壢,2023-11-01,9636
2607,榮運,20,4,16,富邦-中壢,2023-11-01,9636
2388,威盛,39,23,16,富邦-中壢,2023-11-01,9636
4933,友輝,16,0,16,富邦-中壢,2023-11-01,9636
00642U,期元大S＆P石油,26,11,15,富邦-中壢,2023-11-01,9636
2886,兆豐金,23,8,15,富邦-中壢,2023-11-01,9636
2369,菱生,41,26,15,富邦-中壢,2023-11-01,9636
2344,華邦電,31,16,15,富邦-中壢,2023-11-01,9636
2887,台新金,19,4,15,富邦-中壢,2023-11-01,9636
3231,緯創,96,81,15,富邦-中壢,2023-11-01,9636
3035,智原,52,38,14,富邦-中壢,2023-11-01,9636
2201,裕隆,16,2,14,富邦-中壢,2023-11-01,9636
2308,台達電,21,7,14,富邦-中壢,2023-11-01,9636
00934,中信成長高股息,415,146,269,富邦-中壢,2023-11-02,9636
00935,野村臺灣新科技50,322,84,238,富邦-中壢,2023-11-02,9636
00632R,元大台灣50反1,180,8,172,富邦-中壢,2023-11-02,9636
9105,泰金寶-DR,140,0,140,富邦-中壢,2023-11-02,9636
2867,三商壽,106,0,106,富邦-中壢,2023-11-02,9636
00687B,國泰20年美債,98,2,96,富邦-中壢,2023-11-02,9636
00688L,國泰20年美債正2,100,5,95,富邦-中壢,2023-11-02,9636
2889,國票金,101,14,87,富邦-中壢,2023-11-02,9636
8110,華東,167,81,86,富邦-中壢,2023-11-02,9636
2409,友達,107,46,61,富邦-中壢,2023-11-02,9636
00715L,期街口布蘭特正2,64,5,59,富邦-中壢,2023-11-02,9636
00712,復華富時不動產,83,26,57,富邦-中壢,2023-11-02,9636
2801,彰銀,50,0,50,富邦-中壢,2023-11-02,9636
2630,亞航,50,1,49,富邦-中壢,2023-11-02,9636
6117,迎廣,65,18,47,富邦-中壢,2023-11-02,9636
6770,力積電,45,10,35,富邦-中壢,2023-11-02,9636
1301,台塑,33,0,33,富邦-中壢,2023-11-02,9636
2538,基泰,33,0,33,富邦-中壢,2023-11-02,9636
1721,三晃,39,8,31,富邦-中壢,2023-11-02,9636
3715,定穎投控,161,132,29,富邦-中壢,2023-11-02,9636
2312,金寶,35,9,26,富邦-中壢,2023-11-02,9636
1303,南亞,33,11,22,富邦-中壢,2023-11-02,9636
00931B,統一美債20年,35,13,22,富邦-中壢,2023-11-02,9636
00671R,富邦NASDAQ反1,22,0,22,富邦-中壢,2023-11-02,9636
4543,萬在,22,0,22,富邦-中壢,2023-11-02,9636
00850,元大臺灣ESG永續,22,0,22,富邦-中壢,2023-11-02,9636
00878,國泰永續高股息,89,67,22,富邦-中壢,2023-11-02,9636
00919,群益台灣精選高息,69,48,21,富邦-中壢,2023-11-02,9636
9939,宏全,20,0,20,富邦-中壢,2023-11-02,9636
2444,兆勁,21,1,20,富邦-中壢,2023-11-02,9636
2369,菱生,50,31,19,富邦-中壢,2023-11-02,9636
5880,合庫金,20,2,18,富邦-中壢,2023-11-02,9636
2376,技嘉,41,25,16,富邦-中壢,2023-11-02,9636
1795,美時,31,18,13,富邦-中壢,2023-11-02,9636
00631L,元大台灣50正2,14,1,13,富邦-中壢,2023-11-02,9636
6173,信昌電,18,5,13,富邦-中壢,2023-11-02,9636
00679B,元大美債20年,13,0,13,富邦-中壢,2023-11-02,9636
9919,康那香,12,0,12,富邦-中壢,2023-11-02,9636
6216,居易,15,3,12,富邦-中壢,2023-11-02,9636
2364,倫飛,25,13,12,富邦-中壢,2023-11-02,9636
5258,虹堡,46,35,11,富邦-中壢,2023-11-02,9636
4119,旭富,11,0,11,富邦-中壢,2023-11-02,9636
00642U,期元大S＆P石油,11,0,11,富邦-中壢,2023-11-02,9636
3043,科風,11,0,11,富邦-中壢,2023-11-02,9636
6550,北極星藥業-KY,12,1,11,富邦-中壢,2023-11-02,9636
1609,大亞,12,1,11,富邦-中壢,2023-11-02,9636
3705,永信,10,0,10,富邦-中壢,2023-11-02,9636
3432,台端,10,0,10,富邦-中壢,2023-11-02,9636
4529,淳紳,10,0,10,富邦-中壢,2023-11-02,9636
9924,福興,10,0,10,富邦-中壢,2023-11-02,9636
00929,復華台灣科技優息,390,71,319,富邦-中壢,2023-11-03,9636
00935,野村臺灣新科技50,146,3,143,富邦-中壢,2023-11-03,9636
0056,元大高股息,158,16,142,富邦-中壢,2023-11-03,9636
2363,矽統,766,631,135,富邦-中壢,2023-11-03,9636
00671R,富邦NASDAQ反1,132,0,132,富邦-中壢,2023-11-03,9636
5519,隆大,100,0,100,富邦-中壢,2023-11-03,9636
00712,復華富時不動產,122,43,79,富邦-中壢,2023-11-03,9636
00885,富邦越南,91,20,71,富邦-中壢,2023-11-03,9636
00919,群益台灣精選高息,81,11,70,富邦-中壢,2023-11-03,9636
2382,廣達,94,26,68,富邦-中壢,2023-11-03,9636
8150,南茂,65,5,60,富邦-中壢,2023-11-03,9636
8089,康全電訊,56,0,56,富邦-中壢,2023-11-03,9636
00687B,國泰20年美債,63,12,51,富邦-中壢,2023-11-03,9636
4542,科嶠,70,20,50,富邦-中壢,2023-11-03,9636
2520,冠德,50,0,50,富邦-中壢,2023-11-03,9636
6117,迎廣,68,19,49,富邦-中壢,2023-11-03,9636
2344,華邦電,45,2,43,富邦-中壢,2023-11-03,9636
00679B,元大美債20年,48,6,42,富邦-中壢,2023-11-03,9636
2427,三商電,47,6,41,富邦-中壢,2023-11-03,9636
2905,三商,43,3,40,富邦-中壢,2023-11-03,9636
2498,宏達電,69,29,40,富邦-中壢,2023-11-03,9636
1560,中砂,66,34,32,富邦-中壢,2023-11-03,9636
3231,緯創,128,99,29,富邦-中壢,2023-11-03,9636
2538,基泰,26,1,25,富邦-中壢,2023-11-03,9636
2301,光寶科,34,9,25,富邦-中壢,2023-11-03,9636
00706L,期元大S＆P日圓正2,20,0,20,富邦-中壢,2023-11-03,9636
3362,先進光,22,2,20,富邦-中壢,2023-11-03,9636
6016,康和證,20,1,19,富邦-中壢,2023-11-03,9636
6276,安鈦克,23,4,19,富邦-中壢,2023-11-03,9636
5469,瀚宇博,27,8,19,富邦-中壢,2023-11-03,9636
2313,華通,54,36,18,富邦-中壢,2023-11-03,9636
2486,一詮,26,8,18,富邦-中壢,2023-11-03,9636
2388,威盛,506,488,18,富邦-中壢,2023-11-03,9636
8227,巨有科技,36,19,17,富邦-中壢,2023-11-03,9636
1314,中石化,21,4,17,富邦-中壢,2023-11-03,9636
6593,台灣銘板,18,1,17,富邦-中壢,2023-11-03,9636
00921,兆豐龍頭等權重,20,3,17,富邦-中壢,2023-11-03,9636
2317,鴻海,213,197,16,富邦-中壢,2023-11-03,9636
00878,國泰永續高股息,66,51,15,富邦-中壢,2023-11-03,9636
4128,中天,15,0,15,富邦-中壢,2023-11-03,9636
2353,宏��,21,7,14,富邦-中壢,2023-11-03,9636
6191,精成科,24,11,13,富邦-中壢,2023-11-03,9636
00795B,中信美國公債20年,13,1,12,富邦-中壢,2023-11-03,9636
2867,三商壽,18,6,12,富邦-中壢,2023-11-03,9636
6658,聯策,15,3,12,富邦-中壢,2023-11-03,9636
2308,台達電,17,6,11,富邦-中壢,2023-11-03,9636
2462,良得電,17,6,11,富邦-中壢,2023-11-03,9636
3014,聯陽,16,5,11,富邦-中壢,2023-11-03,9636
6233,旺玖,11,0,11,富邦-中壢,2023-11-03,9636
1752,南光,11,0,11,富邦-中壢,2023-11-03,9636
00934,中信成長高股息,243,50,193,富邦-中壢,2023-11-06,9636
00712,復華富時不動產,211,32,179,富邦-中壢,2023-11-06,9636
2838,聯邦銀,200,27,173,富邦-中壢,2023-11-06,9636
00632R,元大台灣50反1,143,10,133,富邦-中壢,2023-11-06,9636
00715L,期街口布蘭特正2,131,0,131,富邦-中壢,2023-11-06,9636
2883,凱基金,123,14,109,富邦-中壢,2023-11-06,9636
2102,泰豐,100,0,100,富邦-中壢,2023-11-06,9636
00679B,元大美債20年,77,4,73,富邦-中壢,2023-11-06,9636
1815,富喬,279,210,69,富邦-中壢,2023-11-06,9636
6117,迎廣,163,95,68,富邦-中壢,2023-11-06,9636
2618,長榮航,105,42,63,富邦-中壢,2023-11-06,9636
3041,揚智,63,6,57,富邦-中壢,2023-11-06,9636
00935,野村臺灣新科技50,79,24,55,富邦-中壢,2023-11-06,9636
00680L,元大美債20正2,89,37,52,富邦-中壢,2023-11-06,9636
00919,群益台灣精選高息,58,7,51,富邦-中壢,2023-11-06,9636
6177,達麗,50,1,49,富邦-中壢,2023-11-06,9636
3051,力特,58,9,49,富邦-中壢,2023-11-06,9636
006208,富邦台50,61,13,48,富邦-中壢,2023-11-06,9636
00688L,國泰20年美債正2,47,3,44,富邦-中壢,2023-11-06,9636
2845,遠東銀,40,1,39,富邦-中壢,2023-11-06,9636
2388,威盛,265,227,38,富邦-中壢,2023-11-06,9636
2329,華泰,62,24,38,富邦-中壢,2023-11-06,9636
6285,啟��,46,12,34,富邦-中壢,2023-11-06,9636
8110,華東,32,0,32,富邦-中壢,2023-11-06,9636
8089,康全電訊,31,0,31,富邦-中壢,2023-11-06,9636
2527,宏璟,30,0,30,富邦-中壢,2023-11-06,9636
00671R,富邦NASDAQ反1,30,0,30,富邦-中壢,2023-11-06,9636
3202,樺晟,30,0,30,富邦-中壢,2023-11-06,9636
2002,中鋼,56,28,28,富邦-中壢,2023-11-06,9636
1101,台泥,28,0,28,富邦-中壢,2023-11-06,9636
2354,鴻準,27,1,26,富邦-中壢,2023-11-06,9636
2408,南亞科,32,9,23,富邦-中壢,2023-11-06,9636
3056,富華新,25,2,23,富邦-中壢,2023-11-06,9636
00642U,期元大S＆P石油,23,0,23,富邦-中壢,2023-11-06,9636
2363,矽統,266,243,23,富邦-中壢,2023-11-06,9636
4167,松瑞藥,30,8,22,富邦-中壢,2023-11-06,9636
6182,合晶,20,0,20,富邦-中壢,2023-11-06,9636
3706,神達,29,9,20,富邦-中壢,2023-11-06,9636
3535,晶彩科,20,2,18,富邦-中壢,2023-11-06,9636
2374,佳能,18,0,18,富邦-中壢,2023-11-06,9636
2376,技嘉,48,31,17,富邦-中壢,2023-11-06,9636
3038,全台,17,0,17,富邦-中壢,2023-11-06,9636
6139,亞翔,61,44,17,富邦-中壢,2023-11-06,9636
5351,鈺創,20,4,16,富邦-中壢,2023-11-06,9636
3014,聯陽,16,0,16,富邦-中壢,2023-11-06,9636
9950,萬國通,17,2,15,富邦-中壢,2023-11-06,9636
2014,中鴻,14,0,14,富邦-中壢,2023-11-06,9636
8150,南茂,18,4,14,富邦-中壢,2023-11-06,9636
3094,聯傑,31,17,14,富邦-中壢,2023-11-06,9636
2317,鴻海,45,31,14,富邦-中壢,2023-11-06,9636
00753L,中信中國50正2,302,2,300,富邦-中壢,2023-11-07,9636
2610,華航,206,9,197,富邦-中壢,2023-11-07,9636
00878,國泰永續高股息,201,16,185,富邦-中壢,2023-11-07,9636
00929,復華台灣科技優息,152,78,74,富邦-中壢,2023-11-07,9636
00882,中信中國高股息,76,2,74,富邦-中壢,2023-11-07,9636
00712,復華富時不動產,81,8,73,富邦-中壢,2023-11-07,9636
5351,鈺創,66,10,56,富邦-中壢,2023-11-07,9636
2002,中鋼,58,4,54,富邦-中壢,2023-11-07,9636
2317,鴻海,57,3,54,富邦-中壢,2023-11-07,9636
8110,華東,75,21,54,富邦-中壢,2023-11-07,9636
2323,中環,50,0,50,富邦-中壢,2023-11-07,9636
2388,威盛,73,26,47,富邦-中壢,2023-11-07,9636
9945,潤泰新,43,1,42,富邦-中壢,2023-11-07,9636
0056,元大高股息,65,25,40,富邦-中壢,2023-11-07,9636
4714,永捷,40,0,40,富邦-中壢,2023-11-07,9636
4960,誠美材,51,11,40,富邦-中壢,2023-11-07,9636
00934,中信成長高股息,38,0,38,富邦-中壢,2023-11-07,9636
2363,矽統,174,137,37,富邦-中壢,2023-11-07,9636
6237,驊訊,36,2,34,富邦-中壢,2023-11-07,9636
00919,群益台灣精選高息,36,2,34,富邦-中壢,2023-11-07,9636
3094,聯傑,34,1,33,富邦-中壢,2023-11-07,9636
1815,富喬,108,77,31,富邦-中壢,2023-11-07,9636
00715L,期街口布蘭特正2,40,10,30,富邦-中壢,2023-11-07,9636
2722,夏都,33,4,29,富邦-中壢,2023-11-07,9636
4953,緯軟,27,0,27,富邦-中壢,2023-11-07,9636
2402,毅嘉,30,3,27,富邦-中壢,2023-11-07,9636
1560,中砂,41,14,27,富邦-中壢,2023-11-07,9636
2739,寒舍,30,4,26,富邦-中壢,2023-11-07,9636
2409,友達,27,2,25,富邦-中壢,2023-11-07,9636
9105,泰金寶-DR,25,0,25,富邦-中壢,2023-11-07,9636
00665L,富邦�琤肭磪囓�2,25,0,25,富邦-中壢,2023-11-07,9636
00671R,富邦NASDAQ反1,24,0,24,富邦-中壢,2023-11-07,9636
1789,神隆,24,1,23,富邦-中壢,2023-11-07,9636
2731,雄獅,29,7,22,富邦-中壢,2023-11-07,9636
2634,漢翔,23,3,20,富邦-中壢,2023-11-07,9636
2344,華邦電,29,9,20,富邦-中壢,2023-11-07,9636
2401,凌陽,110,90,20,富邦-中壢,2023-11-07,9636
1519,華城,48,29,19,富邦-中壢,2023-11-07,9636
2537,聯上發,22,3,19,富邦-中壢,2023-11-07,9636
2324,仁寶,18,0,18,富邦-中壢,2023-11-07,9636
00679B,元大美債20年,29,11,18,富邦-中壢,2023-11-07,9636
5381,合正,18,0,18,富邦-中壢,2023-11-07,9636
1618,合機,18,0,18,富邦-中壢,2023-11-07,9636
1731,美吾華,23,6,17,富邦-中壢,2023-11-07,9636
00724B,群益投資級金融債,17,0,17,富邦-中壢,2023-11-07,9636
8150,南茂,16,1,15,富邦-中壢,2023-11-07,9636
3037,欣興,72,57,15,富邦-中壢,2023-11-07,9636
00885,富邦越南,15,0,15,富邦-中壢,2023-11-07,9636
00633L,富邦上証正2,31,16,15,富邦-中壢,2023-11-07,9636
00935,野村臺灣新科技50,17,2,15,富邦-中壢,2023-11-07,9636
00715L,期街口布蘭特正2,1204,8,1196,富邦-中壢,2023-11-08,9636
00632R,元大台灣50反1,361,14,347,富邦-中壢,2023-11-08,9636
00936,台新永續高息中小,287,0,287,富邦-中壢,2023-11-08,9636
1815,富喬,371,151,220,富邦-中壢,2023-11-08,9636
00885,富邦越南,110,4,106,富邦-中壢,2023-11-08,9636
2610,華航,121,16,105,富邦-中壢,2023-11-08,9636
00930,永豐ESG低碳高息,104,0,104,富邦-中壢,2023-11-08,9636
00680L,元大美債20正2,126,27,99,富邦-中壢,2023-11-08,9636
3276,宇環,81,5,76,富邦-中壢,2023-11-08,9636
00642U,期元大S＆P石油,80,6,74,富邦-中壢,2023-11-08,9636
3041,揚智,63,0,63,富邦-中壢,2023-11-08,9636
2618,長榮航,241,179,62,富邦-中壢,2023-11-08,9636
6901,鑽石投資,121,60,61,富邦-中壢,2023-11-08,9636
2388,威盛,85,41,44,富邦-中壢,2023-11-08,9636
2356,英業達,123,84,39,富邦-中壢,2023-11-08,9636
3545,敦泰,52,15,37,富邦-中壢,2023-11-08,9636
4167,松瑞藥,76,42,34,富邦-中壢,2023-11-08,9636
2376,技嘉,67,38,29,富邦-中壢,2023-11-08,9636
2488,漢平,30,3,27,富邦-中壢,2023-11-08,9636
5519,隆大,27,3,24,富邦-中壢,2023-11-08,9636
1609,大亞,45,21,24,富邦-中壢,2023-11-08,9636
1795,美時,34,10,24,富邦-中壢,2023-11-08,9636
2002,中鋼,25,1,24,富邦-中壢,2023-11-08,9636
5439,高技,29,7,22,富邦-中壢,2023-11-08,9636
5213,亞昕,22,1,21,富邦-中壢,2023-11-08,9636
00665L,富邦�琤肭磪囓�2,20,0,20,富邦-中壢,2023-11-08,9636
2364,倫飛,21,1,20,富邦-中壢,2023-11-08,9636
5347,世界,21,3,18,富邦-中壢,2023-11-08,9636
2369,菱生,65,47,18,富邦-中壢,2023-11-08,9636
2489,瑞軒,18,0,18,富邦-中壢,2023-11-08,9636
3706,神達,27,9,18,富邦-中壢,2023-11-08,9636
2313,華通,49,31,18,富邦-中壢,2023-11-08,9636
6122,擎邦,21,4,17,富邦-中壢,2023-11-08,9636
3221,台嘉碩,24,7,17,富邦-中壢,2023-11-08,9636
4967,十銓,32,16,16,富邦-中壢,2023-11-08,9636
1568,倉佑,28,12,16,富邦-中壢,2023-11-08,9636
3715,定穎投控,19,3,16,富邦-中壢,2023-11-08,9636
2722,夏都,19,4,15,富邦-中壢,2023-11-08,9636
3450,聯鈞,17,2,15,富邦-中壢,2023-11-08,9636
6202,盛群,15,0,15,富邦-中壢,2023-11-08,9636
2739,寒舍,17,3,14,富邦-中壢,2023-11-08,9636
2303,聯電,81,68,13,富邦-中壢,2023-11-08,9636
1319,東陽,15,2,13,富邦-中壢,2023-11-08,9636
00712,復華富時不動產,15,2,13,富邦-中壢,2023-11-08,9636
3217,優群,25,12,13,富邦-中壢,2023-11-08,9636
6153,嘉聯益,13,0,13,富邦-中壢,2023-11-08,9636
8070,長華*,14,1,13,富邦-中壢,2023-11-08,9636
3034,聯詠,16,3,13,富邦-中壢,2023-11-08,9636
3325,旭品,14,2,12,富邦-中壢,2023-11-08,9636
1504,東元,13,2,11,富邦-中壢,2023-11-08,9636
9105,泰金寶-DR,500,50,450,富邦-中壢,2023-11-09,9636
00715L,期街口布蘭特正2,410,27,383,富邦-中壢,2023-11-09,9636
00936,台新永續高息中小,191,3,188,富邦-中壢,2023-11-09,9636
2390,云辰,260,102,158,富邦-中壢,2023-11-09,9636
2329,華泰,206,57,149,富邦-中壢,2023-11-09,9636
00712,復華富時不動產,144,2,142,富邦-中壢,2023-11-09,9636
2610,華航,151,21,130,富邦-中壢,2023-11-09,9636
3231,緯創,298,184,114,富邦-中壢,2023-11-09,9636
00878,國泰永續高股息,133,35,98,富邦-中壢,2023-11-09,9636
00642U,期元大S＆P石油,92,6,86,富邦-中壢,2023-11-09,9636
2851,中再保,80,0,80,富邦-中壢,2023-11-09,9636
4533,協易機,107,27,80,富邦-中壢,2023-11-09,9636
00933B,國泰10Y+金融債,85,13,72,富邦-中壢,2023-11-09,9636
8110,華東,70,0,70,富邦-中壢,2023-11-09,9636
2331,精英,73,10,63,富邦-中壢,2023-11-09,9636
2382,廣達,113,50,63,富邦-中壢,2023-11-09,9636
6117,迎廣,99,37,62,富邦-中壢,2023-11-09,9636
2360,致茂,60,0,60,富邦-中壢,2023-11-09,9636
2102,泰豐,50,0,50,富邦-中壢,2023-11-09,9636
00687B,國泰20年美債,69,21,48,富邦-中壢,2023-11-09,9636
6127,九豪,47,0,47,富邦-中壢,2023-11-09,9636
5519,隆大,44,1,43,富邦-中壢,2023-11-09,9636
00632R,元大台灣50反1,36,0,36,富邦-中壢,2023-11-09,9636
2618,長榮航,65,31,34,富邦-中壢,2023-11-09,9636
1314,中石化,35,1,34,富邦-中壢,2023-11-09,9636
1513,中興電,33,0,33,富邦-中壢,2023-11-09,9636
2305,全友,32,0,32,富邦-中壢,2023-11-09,9636
00679B,元大美債20年,36,5,31,富邦-中壢,2023-11-09,9636
3372,典範,30,0,30,富邦-中壢,2023-11-09,9636
00713,元大台灣高息低波,31,2,29,富邦-中壢,2023-11-09,9636
1815,富喬,61,34,27,富邦-中壢,2023-11-09,9636
3014,聯陽,37,10,27,富邦-中壢,2023-11-09,9636
5206,坤悅,31,5,26,富邦-中壢,2023-11-09,9636
00665L,富邦�琤肭磪囓�2,25,0,25,富邦-中壢,2023-11-09,9636
6116,彩晶,44,20,24,富邦-中壢,2023-11-09,9636
3689,湧德,30,6,24,富邦-中壢,2023-11-09,9636
6770,力積電,33,10,23,富邦-中壢,2023-11-09,9636
1324,地球,23,0,23,富邦-中壢,2023-11-09,9636
00882,中信中國高股息,22,0,22,富邦-中壢,2023-11-09,9636
2449,京元電子,23,1,22,富邦-中壢,2023-11-09,9636
2607,榮運,26,4,22,富邦-中壢,2023-11-09,9636
6807,峰源-KY,22,0,22,富邦-中壢,2023-11-09,9636
3607,谷崧,22,0,22,富邦-中壢,2023-11-09,9636
3013,晟銘電,27,6,21,富邦-中壢,2023-11-09,9636
2338,光罩,21,0,21,富邦-中壢,2023-11-09,9636
4950,牧東,21,0,21,富邦-中壢,2023-11-09,9636
2498,宏達電,23,2,21,富邦-中壢,2023-11-09,9636
5347,世界,34,13,21,富邦-中壢,2023-11-09,9636
8433,弘帆,20,0,20,富邦-中壢,2023-11-09,9636
6163,華電網,20,0,20,富邦-中壢,2023-11-09,9636
00753L,中信中國50正2,206,102,104,富邦-中壢,2023-11-10,9636
00919,群益台灣精選高息,101,2,99,富邦-中壢,2023-11-10,9636
00632R,元大台灣50反1,94,0,94,富邦-中壢,2023-11-10,9636
1618,合機,74,0,74,富邦-中壢,2023-11-10,9636
6117,迎廣,140,72,68,富邦-中壢,2023-11-10,9636
00680L,元大美債20正2,101,34,67,富邦-中壢,2023-11-10,9636
2367,燿華,65,2,63,富邦-中壢,2023-11-10,9636
2352,佳世達,63,6,57,富邦-中壢,2023-11-10,9636
2417,圓剛,59,2,57,富邦-中壢,2023-11-10,9636
2363,矽統,411,359,52,富邦-中壢,2023-11-10,9636
3162,精確,51,0,51,富邦-中壢,2023-11-10,9636
9105,泰金寶-DR,50,0,50,富邦-中壢,2023-11-10,9636
00679B,元大美債20年,52,3,49,富邦-中壢,2023-11-10,9636
00633L,富邦上証正2,45,0,45,富邦-中壢,2023-11-10,9636
3231,緯創,145,102,43,富邦-中壢,2023-11-10,9636
00878,國泰永續高股息,132,90,42,富邦-中壢,2023-11-10,9636
8089,康全電訊,41,1,40,富邦-中壢,2023-11-10,9636
2609,陽明,44,6,38,富邦-中壢,2023-11-10,9636
2618,長榮航,82,45,37,富邦-中壢,2023-11-10,9636
4909,新復興,34,0,34,富邦-中壢,2023-11-10,9636
2387,精元,51,17,34,富邦-中壢,2023-11-10,9636
2610,華航,59,25,34,富邦-中壢,2023-11-10,9636
00665L,富邦�琤肭磪囓�2,33,0,33,富邦-中壢,2023-11-10,9636
00936,台新永續高息中小,92,60,32,富邦-中壢,2023-11-10,9636
4977,眾達-KY,32,0,32,富邦-中壢,2023-11-10,9636
2382,廣達,70,40,30,富邦-中壢,2023-11-10,9636
4542,科嶠,27,0,27,富邦-中壢,2023-11-10,9636
2816,旺旺保,28,1,27,富邦-中壢,2023-11-10,9636
2102,泰豐,25,0,25,富邦-中壢,2023-11-10,9636
00706L,期元大S＆P日圓正2,24,0,24,富邦-中壢,2023-11-10,9636
1504,東元,26,3,23,富邦-中壢,2023-11-10,9636
00715L,期街口布蘭特正2,28,5,23,富邦-中壢,2023-11-10,9636
3704,合勤控,39,16,23,富邦-中壢,2023-11-10,9636
1815,富喬,76,53,23,富邦-中壢,2023-11-10,9636
00882,中信中國高股息,24,1,23,富邦-中壢,2023-11-10,9636
0056,元大高股息,29,7,22,富邦-中壢,2023-11-10,9636
6807,峰源-KY,22,0,22,富邦-中壢,2023-11-10,9636
2405,輔信,22,0,22,富邦-中壢,2023-11-10,9636
00642U,期元大S＆P石油,21,0,21,富邦-中壢,2023-11-10,9636
2025,千興,23,2,21,富邦-中壢,2023-11-10,9636
2360,致茂,20,0,20,富邦-中壢,2023-11-10,9636
6411,晶焱,20,0,20,富邦-中壢,2023-11-10,9636
4107,邦特,19,0,19,富邦-中壢,2023-11-10,9636
8034,榮群,49,31,18,富邦-中壢,2023-11-10,9636
2538,基泰,18,0,18,富邦-中壢,2023-11-10,9636
4108,懷特,17,0,17,富邦-中壢,2023-11-10,9636
00935,野村臺灣新科技50,17,0,17,富邦-中壢,2023-11-10,9636
2388,威盛,58,41,17,富邦-中壢,2023-11-10,9636
4743,合一,63,47,16,富邦-中壢,2023-11-10,9636
2607,榮運,25,9,16,富邦-中壢,2023-11-10,9636
00878,國泰永續高股息,288,40,248,富邦-中壢,2023-11-13,9636
1560,中砂,286,40,246,富邦-中壢,2023-11-13,9636
00632R,元大台灣50反1,234,3,231,富邦-中壢,2023-11-13,9636
2618,長榮航,213,41,172,富邦-中壢,2023-11-13,9636
00715L,期街口布蘭特正2,275,110,165,富邦-中壢,2023-11-13,9636
00753L,中信中國50正2,160,2,158,富邦-中壢,2023-11-13,9636
00680L,元大美債20正2,94,0,94,富邦-中壢,2023-11-13,9636
00929,復華台灣科技優息,269,185,84,富邦-中壢,2023-11-13,9636
2382,廣達,125,56,69,富邦-中壢,2023-11-13,9636
3443,創意,64,8,56,富邦-中壢,2023-11-13,9636
00712,復華富時不動產,58,2,56,富邦-中壢,2023-11-13,9636
2390,云辰,70,15,55,富邦-中壢,2023-11-13,9636
00751B,元大AAA至A公司債,54,0,54,富邦-中壢,2023-11-13,9636
00679B,元大美債20年,53,0,53,富邦-中壢,2023-11-13,9636
3276,宇環,58,8,50,富邦-中壢,2023-11-13,9636
2387,精元,54,8,46,富邦-中壢,2023-11-13,9636
2851,中再保,43,0,43,富邦-中壢,2023-11-13,9636
2888,新光金,41,0,41,富邦-中壢,2023-11-13,9636
6770,力積電,43,3,40,富邦-中壢,2023-11-13,9636
3036,文曄,46,7,39,富邦-中壢,2023-11-13,9636
00919,群益台灣精選高息,71,33,38,富邦-中壢,2023-11-13,9636
1528,恩德,35,0,35,富邦-中壢,2023-11-13,9636
8048,德勝,34,0,34,富邦-中壢,2023-11-13,9636
6213,聯茂,41,7,34,富邦-中壢,2023-11-13,9636
8089,康全電訊,33,1,32,富邦-中壢,2023-11-13,9636
2891,中信金,40,10,30,富邦-中壢,2023-11-13,9636
00756B,群益投等新興公債,30,0,30,富邦-中壢,2023-11-13,9636
6901,鑽石投資,49,19,30,富邦-中壢,2023-11-13,9636
2881,富邦金,33,4,29,富邦-中壢,2023-11-13,9636
2610,華航,31,2,29,富邦-中壢,2023-11-13,9636
2376,技嘉,46,21,25,富邦-中壢,2023-11-13,9636
2369,菱生,57,33,24,富邦-中壢,2023-11-13,9636
2352,佳世達,33,9,24,富邦-中壢,2023-11-13,9636
1815,富喬,62,38,24,富邦-中壢,2023-11-13,9636
6133,金橋,23,0,23,富邦-中壢,2023-11-13,9636
3162,精確,23,0,23,富邦-中壢,2023-11-13,9636
2485,兆赫,24,1,23,富邦-中壢,2023-11-13,9636
6290,良維,44,21,23,富邦-中壢,2023-11-13,9636
2353,宏��,28,6,22,富邦-中壢,2023-11-13,9636
2486,一詮,34,13,21,富邦-中壢,2023-11-13,9636
9904,寶成,21,0,21,富邦-中壢,2023-11-13,9636
2002,中鋼,20,0,20,富邦-中壢,2023-11-13,9636
8076,伍豐,20,0,20,富邦-中壢,2023-11-13,9636
00665L,富邦�琤肭磪囓�2,20,0,20,富邦-中壢,2023-11-13,9636
4414,如興,20,0,20,富邦-中壢,2023-11-13,9636
2017,官田鋼,20,0,20,富邦-中壢,2023-11-13,9636
2425,承啟,23,3,20,富邦-中壢,2023-11-13,9636
4950,牧東,20,0,20,富邦-中壢,2023-11-13,9636
2329,華泰,89,69,20,富邦-中壢,2023-11-13,9636
6235,華孚,25,6,19,富邦-中壢,2023-11-13,9636
2390,云辰,116,25,91,富邦-中壢,2023-11-14,9636
8034,榮群,75,0,75,富邦-中壢,2023-11-14,9636
00929,復華台灣科技優息,244,177,67,富邦-中壢,2023-11-14,9636
00692,富邦公司治理,68,8,60,富邦-中壢,2023-11-14,9636
2801,彰銀,62,10,52,富邦-中壢,2023-11-14,9636
00773B,中信優先金融債,51,0,51,富邦-中壢,2023-11-14,9636
2330,台積電,81,35,46,富邦-中壢,2023-11-14,9636
00679B,元大美債20年,51,6,45,富邦-中壢,2023-11-14,9636
4128,中天,44,1,43,富邦-中壢,2023-11-14,9636
2303,聯電,56,14,42,富邦-中壢,2023-11-14,9636
2313,華通,130,89,41,富邦-中壢,2023-11-14,9636
3037,欣興,82,42,40,富邦-中壢,2023-11-14,9636
2618,長榮航,90,53,37,富邦-中壢,2023-11-14,9636
1504,東元,52,15,37,富邦-中壢,2023-11-14,9636
6117,迎廣,53,16,37,富邦-中壢,2023-11-14,9636
1815,富喬,43,6,37,富邦-中壢,2023-11-14,9636
00632R,元大台灣50反1,44,8,36,富邦-中壢,2023-11-14,9636
9105,泰金寶-DR,40,4,36,富邦-中壢,2023-11-14,9636
00919,群益台灣精選高息,96,60,36,富邦-中壢,2023-11-14,9636
6276,安鈦克,33,1,32,富邦-中壢,2023-11-14,9636
3128,昇銳,61,30,31,富邦-中壢,2023-11-14,9636
1721,三晃,37,6,31,富邦-中壢,2023-11-14,9636
9945,潤泰新,32,2,30,富邦-中壢,2023-11-14,9636
2736,富野,30,0,30,富邦-中壢,2023-11-14,9636
2892,第一金,41,13,28,富邦-中壢,2023-11-14,9636
6901,鑽石投資,33,6,27,富邦-中壢,2023-11-14,9636
3231,緯創,108,81,27,富邦-中壢,2023-11-14,9636
9904,寶成,25,0,25,富邦-中壢,2023-11-14,9636
5880,合庫金,38,15,23,富邦-中壢,2023-11-14,9636
1522,堤維西,27,4,23,富邦-中壢,2023-11-14,9636
2609,陽明,37,16,21,富邦-中壢,2023-11-14,9636
2834,臺企銀,21,0,21,富邦-中壢,2023-11-14,9636
2337,旺宏,24,5,19,富邦-中壢,2023-11-14,9636
2449,京元電子,32,13,19,富邦-中壢,2023-11-14,9636
2402,毅嘉,107,89,18,富邦-中壢,2023-11-14,9636
1216,統一,20,2,18,富邦-中壢,2023-11-14,9636
8089,康全電訊,18,0,18,富邦-中壢,2023-11-14,9636
3706,神達,35,17,18,富邦-中壢,2023-11-14,9636
3006,晶豪科,27,10,17,富邦-中壢,2023-11-14,9636
1584,精剛,25,8,17,富邦-中壢,2023-11-14,9636
2356,英業達,29,13,16,富邦-中壢,2023-11-14,9636
3308,聯德,17,2,15,富邦-中壢,2023-11-14,9636
2374,佳能,15,0,15,富邦-中壢,2023-11-14,9636
6274,台燿,20,5,15,富邦-中壢,2023-11-14,9636
2888,新光金,15,0,15,富邦-中壢,2023-11-14,9636
6282,康舒,27,12,15,富邦-中壢,2023-11-14,9636
2382,廣達,45,30,15,富邦-中壢,2023-11-14,9636
00713,元大台灣高息低波,15,1,14,富邦-中壢,2023-11-14,9636
9941,裕融,15,1,14,富邦-中壢,2023-11-14,9636
00687B,國泰20年美債,13,0,13,富邦-中壢,2023-11-14,9636
6274,台燿,349,56,293,富邦-中壢,2023-11-15,9636
00632R,元大台灣50反1,272,73,199,富邦-中壢,2023-11-15,9636
00929,復華台灣科技優息,273,126,147,富邦-中壢,2023-11-15,9636
00688L,國泰20年美債正2,140,6,134,富邦-中壢,2023-11-15,9636
2363,矽統,280,151,129,富邦-中壢,2023-11-15,9636
00687B,國泰20年美債,97,6,91,富邦-中壢,2023-11-15,9636
2417,圓剛,231,144,87,富邦-中壢,2023-11-15,9636
2408,南亞科,76,2,74,富邦-中壢,2023-11-15,9636
2369,菱生,133,59,74,富邦-中壢,2023-11-15,9636
6117,迎廣,104,48,56,富邦-中壢,2023-11-15,9636
5880,合庫金,101,47,54,富邦-中壢,2023-11-15,9636
2102,泰豐,50,0,50,富邦-中壢,2023-11-15,9636
2886,兆豐金,53,6,47,富邦-中壢,2023-11-15,9636
1815,富喬,79,32,47,富邦-中壢,2023-11-15,9636
3019,亞光,46,0,46,富邦-中壢,2023-11-15,9636
3128,昇銳,45,0,45,富邦-中壢,2023-11-15,9636
00637L,元大滬深300正2,58,15,43,富邦-中壢,2023-11-15,9636
2449,京元電子,72,33,39,富邦-中壢,2023-11-15,9636
3450,聯鈞,36,4,32,富邦-中壢,2023-11-15,9636
2353,宏��,45,14,31,富邦-中壢,2023-11-15,9636
3094,聯傑,32,2,30,富邦-中壢,2023-11-15,9636
6404,通訊-KY,30,0,30,富邦-中壢,2023-11-15,9636
6456,GIS-KY,31,2,29,富邦-中壢,2023-11-15,9636
3041,揚智,116,89,27,富邦-中壢,2023-11-15,9636
00692,富邦公司治理,63,38,25,富邦-中壢,2023-11-15,9636
5206,坤悅,25,0,25,富邦-中壢,2023-11-15,9636
2402,毅嘉,44,19,25,富邦-中壢,2023-11-15,9636
2356,英業達,46,21,25,富邦-中壢,2023-11-15,9636
00935,野村臺灣新科技50,24,0,24,富邦-中壢,2023-11-15,9636
3443,創意,29,5,24,富邦-中壢,2023-11-15,9636
4702,中美實,20,0,20,富邦-中壢,2023-11-15,9636
5452,佶優,23,3,20,富邦-中壢,2023-11-15,9636
1721,三晃,21,2,19,富邦-中壢,2023-11-15,9636
3390,旭軟,19,0,19,富邦-中壢,2023-11-15,9636
00680L,元大美債20正2,35,16,19,富邦-中壢,2023-11-15,9636
2453,凌群,24,6,18,富邦-中壢,2023-11-15,9636
00715L,期街口布蘭特正2,53,35,18,富邦-中壢,2023-11-15,9636
00679B,元大美債20年,38,21,17,富邦-中壢,2023-11-15,9636
3689,湧德,21,4,17,富邦-中壢,2023-11-15,9636
3548,兆利,21,6,15,富邦-中壢,2023-11-15,9636
3049,精金,14,0,14,富邦-中壢,2023-11-15,9636
3062,建漢,14,0,14,富邦-中壢,2023-11-15,9636
00850,元大臺灣ESG永續,13,0,13,富邦-中壢,2023-11-15,9636
2303,聯電,60,47,13,富邦-中壢,2023-11-15,9636
3704,合勤控,13,0,13,富邦-中壢,2023-11-15,9636
9950,萬國通,13,0,13,富邦-中壢,2023-11-15,9636
2323,中環,61,49,12,富邦-中壢,2023-11-15,9636
2745,五福,14,2,12,富邦-中壢,2023-11-15,9636
4402,郡都開發,12,0,12,富邦-中壢,2023-11-15,9636
2368,金像電,15,3,12,富邦-中壢,2023-11-15,9636
5880,合庫金,151,7,144,富邦-中壢,2023-11-16,9636
00680L,元大美債20正2,116,0,116,富邦-中壢,2023-11-16,9636
00929,復華台灣科技優息,221,107,114,富邦-中壢,2023-11-16,9636
00679B,元大美債20年,109,0,109,富邦-中壢,2023-11-16,9636
2417,圓剛,176,100,76,富邦-中壢,2023-11-16,9636
2329,華泰,270,197,73,富邦-中壢,2023-11-16,9636
00878,國泰永續高股息,238,175,63,富邦-中壢,2023-11-16,9636
00688L,國泰20年美債正2,60,0,60,富邦-中壢,2023-11-16,9636
00633L,富邦上証正2,59,0,59,富邦-中壢,2023-11-16,9636
00687B,國泰20年美債,58,1,57,富邦-中壢,2023-11-16,9636
5521,工信,62,8,54,富邦-中壢,2023-11-16,9636
00665L,富邦�琤肭磪囓�2,122,70,52,富邦-中壢,2023-11-16,9636
00637L,元大滬深300正2,51,1,50,富邦-中壢,2023-11-16,9636
00676R,富邦臺灣加權反1,50,0,50,富邦-中壢,2023-11-16,9636
00715L,期街口布蘭特正2,75,28,47,富邦-中壢,2023-11-16,9636
6770,力積電,56,16,40,富邦-中壢,2023-11-16,9636
00892,富邦台灣半導體,40,0,40,富邦-中壢,2023-11-16,9636
2352,佳世達,44,10,34,富邦-中壢,2023-11-16,9636
2390,云辰,51,18,33,富邦-中壢,2023-11-16,9636
2344,華邦電,148,117,31,富邦-中壢,2023-11-16,9636
4128,中天,31,2,29,富邦-中壢,2023-11-16,9636
00751B,元大AAA至A公司債,27,0,27,富邦-中壢,2023-11-16,9636
2516,新建,27,0,27,富邦-中壢,2023-11-16,9636
00885,富邦越南,33,7,26,富邦-中壢,2023-11-16,9636
00642U,期元大S＆P石油,26,0,26,富邦-中壢,2023-11-16,9636
2356,英業達,49,25,24,富邦-中壢,2023-11-16,9636
1305,華夏,28,4,24,富邦-中壢,2023-11-16,9636
00772B,中信高評級公司債,24,0,24,富邦-中壢,2023-11-16,9636
2630,亞航,30,7,23,富邦-中壢,2023-11-16,9636
1504,東元,31,9,22,富邦-中壢,2023-11-16,9636
3128,昇銳,21,0,21,富邦-中壢,2023-11-16,9636
6719,力智,29,9,20,富邦-中壢,2023-11-16,9636
2331,精英,30,10,20,富邦-中壢,2023-11-16,9636
2453,凌群,26,7,19,富邦-中壢,2023-11-16,9636
6290,良維,18,0,18,富邦-中壢,2023-11-16,9636
6161,捷波,20,4,16,富邦-中壢,2023-11-16,9636
00935,野村臺灣新科技50,16,1,15,富邦-中壢,2023-11-16,9636
3450,聯鈞,23,8,15,富邦-中壢,2023-11-16,9636
4950,牧東,20,5,15,富邦-中壢,2023-11-16,9636
3540,曜越,15,0,15,富邦-中壢,2023-11-16,9636
2312,金寶,16,1,15,富邦-中壢,2023-11-16,9636
8089,康全電訊,15,0,15,富邦-中壢,2023-11-16,9636
6026,福邦證,15,0,15,富邦-中壢,2023-11-16,9636
0056,元大高股息,56,41,15,富邦-中壢,2023-11-16,9636
3078,僑威,14,0,14,富邦-中壢,2023-11-16,9636
6188,廣明,16,2,14,富邦-中壢,2023-11-16,9636
3390,旭軟,14,0,14,富邦-中壢,2023-11-16,9636
00934,中信成長高股息,13,0,13,富邦-中壢,2023-11-16,9636
3356,奇偶,24,11,13,富邦-中壢,2023-11-16,9636
2380,虹光,12,0,12,富邦-中壢,2023-11-16,9636
3706,神達,919,90,829,富邦-中壢,2023-11-17,9636
00715L,期街口布蘭特正2,703,38,665,富邦-中壢,2023-11-17,9636
00919,群益台灣精選高息,550,8,542,富邦-中壢,2023-11-17,9636
00929,復華台灣科技優息,498,64,434,富邦-中壢,2023-11-17,9636
2388,威盛,308,200,108,富邦-中壢,2023-11-17,9636
1815,富喬,153,49,104,富邦-中壢,2023-11-17,9636
2610,華航,144,45,99,富邦-中壢,2023-11-17,9636
00665L,富邦�琤肭磪囓�2,86,0,86,富邦-中壢,2023-11-17,9636
00679B,元大美債20年,86,0,86,富邦-中壢,2023-11-17,9636
00633L,富邦上証正2,81,0,81,富邦-中壢,2023-11-17,9636
00885,富邦越南,75,1,74,富邦-中壢,2023-11-17,9636
2618,長榮航,228,165,63,富邦-中壢,2023-11-17,9636
2417,圓剛,91,28,63,富邦-中壢,2023-11-17,9636
00687B,國泰20年美債,62,0,62,富邦-中壢,2023-11-17,9636
2363,矽統,255,194,61,富邦-中壢,2023-11-17,9636
00632R,元大台灣50反1,103,50,53,富邦-中壢,2023-11-17,9636
2405,輔信,53,3,50,富邦-中壢,2023-11-17,9636
00882,中信中國高股息,48,1,47,富邦-中壢,2023-11-17,9636
00642U,期元大S＆P石油,48,1,47,富邦-中壢,2023-11-17,9636
2344,華邦電,60,19,41,富邦-中壢,2023-11-17,9636
2516,新建,36,2,34,富邦-中壢,2023-11-17,9636
2312,金寶,43,10,33,富邦-中壢,2023-11-17,9636
6158,禾昌,30,0,30,富邦-中壢,2023-11-17,9636
2102,泰豐,30,0,30,富邦-中壢,2023-11-17,9636
0056,元大高股息,47,19,28,富邦-中壢,2023-11-17,9636
6901,鑽石投資,30,2,28,富邦-中壢,2023-11-17,9636
6114,久威,28,0,28,富邦-中壢,2023-11-17,9636
2360,致茂,27,0,27,富邦-中壢,2023-11-17,9636
2402,毅嘉,104,78,26,富邦-中壢,2023-11-17,9636
2897,王道銀行,25,0,25,富邦-中壢,2023-11-17,9636
00637L,元大滬深300正2,31,6,25,富邦-中壢,2023-11-17,9636
00720B,元大投資級公司債,27,3,24,富邦-中壢,2023-11-17,9636
9950,萬國通,43,19,24,富邦-中壢,2023-11-17,9636
2903,遠百,25,1,24,富邦-中壢,2023-11-17,9636
2353,宏��,28,5,23,富邦-中壢,2023-11-17,9636
6276,安鈦克,41,18,23,富邦-中壢,2023-11-17,9636
3260,威剛,35,13,22,富邦-中壢,2023-11-17,9636
3078,僑威,31,9,22,富邦-中壢,2023-11-17,9636
00751B,元大AAA至A公司債,27,6,21,富邦-中壢,2023-11-17,9636
3322,建舜電,24,3,21,富邦-中壢,2023-11-17,9636
6275,元山,21,1,20,富邦-中壢,2023-11-17,9636
9105,泰金寶-DR,20,0,20,富邦-中壢,2023-11-17,9636
3162,精確,20,0,20,富邦-中壢,2023-11-17,9636
00933B,國泰10Y+金融債,20,0,20,富邦-中壢,2023-11-17,9636
6284,佳邦,23,3,20,富邦-中壢,2023-11-17,9636
3715,定穎投控,94,74,20,富邦-中壢,2023-11-17,9636
2607,榮運,21,1,20,富邦-中壢,2023-11-17,9636
6111,大宇資,21,2,19,富邦-中壢,2023-11-17,9636
2457,飛宏,28,9,19,富邦-中壢,2023-11-17,9636
2606,裕民,20,1,19,富邦-中壢,2023-11-17,9636
2363,矽統,240,117,123,富邦-中壢,2023-11-20,9636
2443,昶虹,107,0,107,富邦-中壢,2023-11-20,9636
00929,復華台灣科技優息,241,135,106,富邦-中壢,2023-11-20,9636
2390,云辰,101,17,84,富邦-中壢,2023-11-20,9636
1314,中石化,82,0,82,富邦-中壢,2023-11-20,9636
2882,國泰金,101,22,79,富邦-中壢,2023-11-20,9636
6695,芯鼎,87,15,72,富邦-中壢,2023-11-20,9636
4714,永捷,70,0,70,富邦-中壢,2023-11-20,9636
3266,昇陽,70,0,70,富邦-中壢,2023-11-20,9636
2618,長榮航,170,101,69,富邦-中壢,2023-11-20,9636
3047,訊舟,100,36,64,富邦-中壢,2023-11-20,9636
00885,富邦越南,62,3,59,富邦-中壢,2023-11-20,9636
00679B,元大美債20年,66,12,54,富邦-中壢,2023-11-20,9636
2409,友達,77,23,54,富邦-中壢,2023-11-20,9636
00919,群益台灣精選高息,88,36,52,富邦-中壢,2023-11-20,9636
00907,永豐優息存股,52,0,52,富邦-中壢,2023-11-20,9636
3708,上緯投控,53,1,52,富邦-中壢,2023-11-20,9636
2102,泰豐,51,0,51,富邦-中壢,2023-11-20,9636
2365,昆盈,50,0,50,富邦-中壢,2023-11-20,9636
3057,喬鼎,50,0,50,富邦-中壢,2023-11-20,9636
2739,寒舍,52,4,48,富邦-中壢,2023-11-20,9636
9904,寶成,47,4,43,富邦-中壢,2023-11-20,9636
2440,太空梭,40,0,40,富邦-中壢,2023-11-20,9636
1528,恩德,40,0,40,富邦-中壢,2023-11-20,9636
2610,華航,148,109,39,富邦-中壢,2023-11-20,9636
2356,英業達,63,26,37,富邦-中壢,2023-11-20,9636
5347,世界,104,67,37,富邦-中壢,2023-11-20,9636
9945,潤泰新,37,1,36,富邦-中壢,2023-11-20,9636
3041,揚智,63,28,35,富邦-中壢,2023-11-20,9636
2535,達欣工,38,3,35,富邦-中壢,2023-11-20,9636
00687B,國泰20年美債,34,0,34,富邦-中壢,2023-11-20,9636
3035,智原,84,51,33,富邦-中壢,2023-11-20,9636
00632R,元大台灣50反1,82,50,32,富邦-中壢,2023-11-20,9636
00751B,元大AAA至A公司債,32,0,32,富邦-中壢,2023-11-20,9636
2352,佳世達,48,16,32,富邦-中壢,2023-11-20,9636
5206,坤悅,37,8,29,富邦-中壢,2023-11-20,9636
2543,皇昌,65,36,29,富邦-中壢,2023-11-20,9636
2258,鴻華先進-創,28,0,28,富邦-中壢,2023-11-20,9636
6111,大宇資,27,0,27,富邦-中壢,2023-11-20,9636
6901,鑽石投資,25,1,24,富邦-中壢,2023-11-20,9636
1802,台玻,24,1,23,富邦-中壢,2023-11-20,9636
6282,康舒,35,12,23,富邦-中壢,2023-11-20,9636
6114,久威,22,0,22,富邦-中壢,2023-11-20,9636
00931B,統一美債20年,22,0,22,富邦-中壢,2023-11-20,9636
00673R,期元大S＆P原油反1,22,0,22,富邦-中壢,2023-11-20,9636
6116,彩晶,22,1,21,富邦-中壢,2023-11-20,9636
6290,良維,22,2,20,富邦-中壢,2023-11-20,9636
4720,德淵,20,0,20,富邦-中壢,2023-11-20,9636
00676R,富邦臺灣加權反1,20,0,20,富邦-中壢,2023-11-20,9636
2637,慧洋-KY,20,0,20,富邦-中壢,2023-11-20,9636
2443,昶虹,273,0,273,富邦-中壢,2023-11-21,9636
00673R,期元大S＆P原油反1,169,0,169,富邦-中壢,2023-11-21,9636
2537,聯上發,124,1,123,富邦-中壢,2023-11-21,9636
6120,達運,100,2,98,富邦-中壢,2023-11-21,9636
2344,華邦電,118,21,97,富邦-中壢,2023-11-21,9636
8089,康全電訊,81,0,81,富邦-中壢,2023-11-21,9636
2380,虹光,88,12,76,富邦-中壢,2023-11-21,9636
00919,群益台灣精選高息,115,40,75,富邦-中壢,2023-11-21,9636
00892,富邦台灣半導體,104,39,65,富邦-中壢,2023-11-21,9636
00632R,元大台灣50反1,137,76,61,富邦-中壢,2023-11-21,9636
8054,安國,104,49,55,富邦-中壢,2023-11-21,9636
00712,復華富時不動產,53,0,53,富邦-中壢,2023-11-21,9636
5469,瀚宇博,54,2,52,富邦-中壢,2023-11-21,9636
00891,中信關鍵半導體,103,53,50,富邦-中壢,2023-11-21,9636
2102,泰豐,50,0,50,富邦-中壢,2023-11-21,9636
2301,光寶科,54,7,47,富邦-中壢,2023-11-21,9636
3094,聯傑,46,0,46,富邦-中壢,2023-11-21,9636
00679B,元大美債20年,51,8,43,富邦-中壢,2023-11-21,9636
1815,富喬,94,54,40,富邦-中壢,2023-11-21,9636
1802,台玻,44,6,38,富邦-中壢,2023-11-21,9636
6168,宏齊,41,3,38,富邦-中壢,2023-11-21,9636
6695,芯鼎,66,29,37,富邦-中壢,2023-11-21,9636
6125,廣運,87,51,36,富邦-中壢,2023-11-21,9636
00642U,期元大S＆P石油,41,6,35,富邦-中壢,2023-11-21,9636
2462,良得電,43,10,33,富邦-中壢,2023-11-21,9636
3006,晶豪科,52,20,32,富邦-中壢,2023-11-21,9636
2363,矽統,183,153,30,富邦-中壢,2023-11-21,9636
2352,佳世達,31,2,29,富邦-中壢,2023-11-21,9636
6191,精成科,40,11,29,富邦-中壢,2023-11-21,9636
3715,定穎投控,70,42,28,富邦-中壢,2023-11-21,9636
3149,正達,28,1,27,富邦-中壢,2023-11-21,9636
00720B,元大投資級公司債,27,1,26,富邦-中壢,2023-11-21,9636
00933B,國泰10Y+金融債,47,21,26,富邦-中壢,2023-11-21,9636
00931B,統一美債20年,25,0,25,富邦-中壢,2023-11-21,9636
2402,毅嘉,50,26,24,富邦-中壢,2023-11-21,9636
2425,承啟,30,7,23,富邦-中壢,2023-11-21,9636
3437,榮創,23,0,23,富邦-中壢,2023-11-21,9636
2889,國票金,25,3,22,富邦-中壢,2023-11-21,9636
5871,中租-KY,21,1,20,富邦-中壢,2023-11-21,9636
1308,亞聚,20,0,20,富邦-中壢,2023-11-21,9636
2440,太空梭,20,0,20,富邦-中壢,2023-11-21,9636
6603,富強鑫,20,0,20,富邦-中壢,2023-11-21,9636
6290,良維,33,13,20,富邦-中壢,2023-11-21,9636
3390,旭軟,20,0,20,富邦-中壢,2023-11-21,9636
2376,技嘉,73,53,20,富邦-中壢,2023-11-21,9636
8936,國統,21,4,17,富邦-中壢,2023-11-21,9636
2030,彰源,20,3,17,富邦-中壢,2023-11-21,9636
6188,廣明,17,0,17,富邦-中壢,2023-11-21,9636
00934,中信成長高股息,44,27,17,富邦-中壢,2023-11-21,9636
1785,光洋科,16,0,16,富邦-中壢,2023-11-21,9636
00905,FT臺灣Smart,317,0,317,富邦-中壢,2023-11-22,9636
00892,富邦台灣半導體,203,2,201,富邦-中壢,2023-11-22,9636
8089,康全電訊,147,0,147,富邦-中壢,2023-11-22,9636
2356,英業達,135,16,119,富邦-中壢,2023-11-22,9636
00904,新光臺灣半導體30,110,2,108,富邦-中壢,2023-11-22,9636
00679B,元大美債20年,104,0,104,富邦-中壢,2023-11-22,9636
3231,緯創,337,248,89,富邦-中壢,2023-11-22,9636
2883,凱基金,100,17,83,富邦-中壢,2023-11-22,9636
2516,新建,82,3,79,富邦-中壢,2023-11-22,9636
00891,中信關鍵半導體,102,24,78,富邦-中壢,2023-11-22,9636
00878,國泰永續高股息,101,26,75,富邦-中壢,2023-11-22,9636
2382,廣達,93,19,74,富邦-中壢,2023-11-22,9636
0056,元大高股息,78,10,68,富邦-中壢,2023-11-22,9636
00632R,元大台灣50反1,70,10,60,富邦-中壢,2023-11-22,9636
1432,大魯閣,68,9,59,富邦-中壢,2023-11-22,9636
2443,昶虹,56,0,56,富邦-中壢,2023-11-22,9636
00919,群益台灣精選高息,89,34,55,富邦-中壢,2023-11-22,9636
5206,坤悅,50,0,50,富邦-中壢,2023-11-22,9636
00633L,富邦上証正2,48,0,48,富邦-中壢,2023-11-22,9636
3706,神達,72,24,48,富邦-中壢,2023-11-22,9636
2102,泰豐,50,4,46,富邦-中壢,2023-11-22,9636
00934,中信成長高股息,45,3,42,富邦-中壢,2023-11-22,9636
00929,復華台灣科技優息,224,182,42,富邦-中壢,2023-11-22,9636
2201,裕隆,61,20,41,富邦-中壢,2023-11-22,9636
00665L,富邦�琤肭磪囓�2,59,20,39,富邦-中壢,2023-11-22,9636
00687B,國泰20年美債,38,0,38,富邦-中壢,2023-11-22,9636
8076,伍豐,32,0,32,富邦-中壢,2023-11-22,9636
2353,宏��,40,9,31,富邦-中壢,2023-11-22,9636
6274,台燿,42,13,29,富邦-中壢,2023-11-22,9636
2344,華邦電,32,6,26,富邦-中壢,2023-11-22,9636
00637L,元大滬深300正2,26,0,26,富邦-中壢,2023-11-22,9636
2301,光寶科,77,51,26,富邦-中壢,2023-11-22,9636
3035,智原,53,28,25,富邦-中壢,2023-11-22,9636
2453,凌群,29,4,25,富邦-中壢,2023-11-22,9636
00680L,元大美債20正2,24,0,24,富邦-中壢,2023-11-22,9636
2367,燿華,61,38,23,富邦-中壢,2023-11-22,9636
2417,圓剛,28,5,23,富邦-中壢,2023-11-22,9636
2801,彰銀,23,0,23,富邦-中壢,2023-11-22,9636
3234,光環,22,0,22,富邦-中壢,2023-11-22,9636
2388,威盛,165,144,21,富邦-中壢,2023-11-22,9636
6005,群益證,23,3,20,富邦-中壢,2023-11-22,9636
1504,東元,21,2,19,富邦-中壢,2023-11-22,9636
6770,力積電,23,5,18,富邦-中壢,2023-11-22,9636
1471,首利,24,7,17,富邦-中壢,2023-11-22,9636
2330,台積電,21,5,16,富邦-中壢,2023-11-22,9636
2308,台達電,16,0,16,富邦-中壢,2023-11-22,9636
5263,智崴,17,1,16,富邦-中壢,2023-11-22,9636
00882,中信中國高股息,15,0,15,富邦-中壢,2023-11-22,9636
2409,友達,20,5,15,富邦-中壢,2023-11-22,9636
00933B,國泰10Y+金融債,19,4,15,富邦-中壢,2023-11-22,9636
00751B,元大AAA至A公司債,628,2,626,富邦-中壢,2023-11-23,9636
2363,矽統,470,149,321,富邦-中壢,2023-11-23,9636
2443,昶虹,299,0,299,富邦-中壢,2023-11-23,9636
00919,群益台灣精選高息,189,9,180,富邦-中壢,2023-11-23,9636
2891,中信金,160,23,137,富邦-中壢,2023-11-23,9636
9105,泰金寶-DR,123,0,123,富邦-中壢,2023-11-23,9636
00715L,期街口布蘭特正2,150,34,116,富邦-中壢,2023-11-23,9636
00632R,元大台灣50反1,138,25,113,富邦-中壢,2023-11-23,9636
00929,復華台灣科技優息,185,95,90,富邦-中壢,2023-11-23,9636
00665L,富邦�琤肭磪囓�2,111,30,81,富邦-中壢,2023-11-23,9636
6282,康舒,231,151,80,富邦-中壢,2023-11-23,9636
1815,富喬,113,34,79,富邦-中壢,2023-11-23,9636
2002,中鋼,81,14,67,富邦-中壢,2023-11-23,9636
00637L,元大滬深300正2,61,2,59,富邦-中壢,2023-11-23,9636
00878,國泰永續高股息,109,52,57,富邦-中壢,2023-11-23,9636
2332,友訊,51,1,50,富邦-中壢,2023-11-23,9636
5302,太欣,50,1,49,富邦-中壢,2023-11-23,9636
2102,泰豐,49,0,49,富邦-中壢,2023-11-23,9636
3047,訊舟,107,62,45,富邦-中壢,2023-11-23,9636
3078,僑威,71,27,44,富邦-中壢,2023-11-23,9636
2476,鉅祥,68,25,43,富邦-中壢,2023-11-23,9636
0056,元大高股息,59,17,42,富邦-中壢,2023-11-23,9636
2390,云辰,213,171,42,富邦-中壢,2023-11-23,9636
6168,宏齊,45,6,39,富邦-中壢,2023-11-23,9636
2313,華通,95,58,37,富邦-中壢,2023-11-23,9636
2356,英業達,64,27,37,富邦-中壢,2023-11-23,9636
3715,定穎投控,183,146,37,富邦-中壢,2023-11-23,9636
6517,保勝光學,40,5,35,富邦-中壢,2023-11-23,9636
2387,精元,39,5,34,富邦-中壢,2023-11-23,9636
2457,飛宏,94,60,34,富邦-中壢,2023-11-23,9636
00679B,元大美債20年,32,0,32,富邦-中壢,2023-11-23,9636
8089,康全電訊,43,11,32,富邦-中壢,2023-11-23,9636
00712,復華富時不動產,40,9,31,富邦-中壢,2023-11-23,9636
3035,智原,87,56,31,富邦-中壢,2023-11-23,9636
1717,長興,43,14,29,富邦-中壢,2023-11-23,9636
6284,佳邦,38,10,28,富邦-中壢,2023-11-23,9636
8163,達方,32,5,27,富邦-中壢,2023-11-23,9636
1795,美時,42,15,27,富邦-中壢,2023-11-23,9636
4960,誠美材,27,0,27,富邦-中壢,2023-11-23,9636
6243,迅杰,44,18,26,富邦-中壢,2023-11-23,9636
6163,華電網,23,0,23,富邦-中壢,2023-11-23,9636
9945,潤泰新,23,0,23,富邦-中壢,2023-11-23,9636
8937,合騏,21,0,21,富邦-中壢,2023-11-23,9636
2440,太空梭,20,0,20,富邦-中壢,2023-11-23,9636
2439,美律,29,9,20,富邦-中壢,2023-11-23,9636
3323,加百裕,21,1,20,富邦-中壢,2023-11-23,9636
00923,群益台ESG低碳50,20,0,20,富邦-中壢,2023-11-23,9636
2913,農林,20,1,19,富邦-中壢,2023-11-23,9636
6546,正基,21,2,19,富邦-中壢,2023-11-23,9636
3276,宇環,27,9,18,富邦-中壢,2023-11-23,9636
2618,長榮航,241,64,177,富邦-中壢,2023-11-24,9636
00680L,元大美債20正2,112,0,112,富邦-中壢,2023-11-24,9636
4714,永捷,122,12,110,富邦-中壢,2023-11-24,9636
00933B,國泰10Y+金融債,88,2,86,富邦-中壢,2023-11-24,9636
2610,華航,295,210,85,富邦-中壢,2023-11-24,9636
00687B,國泰20年美債,89,20,69,富邦-中壢,2023-11-24,9636
00934,中信成長高股息,75,16,59,富邦-中壢,2023-11-24,9636
4956,光鋐,75,17,58,富邦-中壢,2023-11-24,9636
2891,中信金,61,6,55,富邦-中壢,2023-11-24,9636
00878,國泰永續高股息,59,8,51,富邦-中壢,2023-11-24,9636
2363,矽統,108,63,45,富邦-中壢,2023-11-24,9636
2516,新建,50,8,42,富邦-中壢,2023-11-24,9636
5351,鈺創,103,61,42,富邦-中壢,2023-11-24,9636
00885,富邦越南,41,0,41,富邦-中壢,2023-11-24,9636
6274,台燿,43,3,40,富邦-中壢,2023-11-24,9636
3051,力特,66,29,37,富邦-中壢,2023-11-24,9636
3006,晶豪科,48,12,36,富邦-中壢,2023-11-24,9636
6117,迎廣,55,21,34,富邦-中壢,2023-11-24,9636
2382,廣達,57,28,29,富邦-中壢,2023-11-24,9636
3260,威剛,30,3,27,富邦-中壢,2023-11-24,9636
00679B,元大美債20年,39,12,27,富邦-中壢,2023-11-24,9636
4904,遠傳,25,1,24,富邦-中壢,2023-11-24,9636
2417,圓剛,112,88,24,富邦-中壢,2023-11-24,9636
2337,旺宏,24,1,23,富邦-中壢,2023-11-24,9636
00931B,統一美債20年,21,0,21,富邦-中壢,2023-11-24,9636
2356,英業達,27,6,21,富邦-中壢,2023-11-24,9636
3701,大眾控,36,16,20,富邦-中壢,2023-11-24,9636
00857B,永豐20年美公債,20,0,20,富邦-中壢,2023-11-24,9636
4164,承業醫,20,0,20,富邦-中壢,2023-11-24,9636
6457,紘康,19,0,19,富邦-中壢,2023-11-24,9636
1471,首利,32,14,18,富邦-中壢,2023-11-24,9636
6546,正基,19,1,18,富邦-中壢,2023-11-24,9636
3059,華晶科,42,24,18,富邦-中壢,2023-11-24,9636
00919,群益台灣精選高息,22,4,18,富邦-中壢,2023-11-24,9636
3276,宇環,17,0,17,富邦-中壢,2023-11-24,9636
6901,鑽石投資,27,10,17,富邦-中壢,2023-11-24,9636
6235,華孚,37,21,16,富邦-中壢,2023-11-24,9636
3303,岱稜,16,0,16,富邦-中壢,2023-11-24,9636
2352,佳世達,66,51,15,富邦-中壢,2023-11-24,9636
2736,富野,16,1,15,富邦-中壢,2023-11-24,9636
2641,正德,15,0,15,富邦-中壢,2023-11-24,9636
2102,泰豐,21,7,14,富邦-中壢,2023-11-24,9636
8418,捷必勝-KY,14,0,14,富邦-中壢,2023-11-24,9636
6456,GIS-KY,13,1,12,富邦-中壢,2023-11-24,9636
2729,瓦城,12,0,12,富邦-中壢,2023-11-24,9636
3236,千如,13,1,12,富邦-中壢,2023-11-24,9636
2547,日勝生,12,0,12,富邦-中壢,2023-11-24,9636
6443,元晶,12,0,12,富邦-中壢,2023-11-24,9636
2530,華建,12,0,12,富邦-中壢,2023-11-24,9636
6278,台表科,19,7,12,富邦-中壢,2023-11-24,9636
00751B,元大AAA至A公司債,546,0,546,富邦-中壢,2023-11-27,9636
00637L,元大滬深300正2,207,2,205,富邦-中壢,2023-11-27,9636
00919,群益台灣精選高息,211,19,192,富邦-中壢,2023-11-27,9636
00934,中信成長高股息,149,1,148,富邦-中壢,2023-11-27,9636
2913,農林,150,2,148,富邦-中壢,2023-11-27,9636
2883,凱基金,706,567,139,富邦-中壢,2023-11-27,9636
00753L,中信中國50正2,113,0,113,富邦-中壢,2023-11-27,9636
6245,立端,125,17,108,富邦-中壢,2023-11-27,9636
2618,長榮航,116,16,100,富邦-中壢,2023-11-27,9636
00929,復華台灣科技優息,200,124,76,富邦-中壢,2023-11-27,9636
00878,國泰永續高股息,114,40,74,富邦-中壢,2023-11-27,9636
2303,聯電,185,111,74,富邦-中壢,2023-11-27,9636
2344,華邦電,76,3,73,富邦-中壢,2023-11-27,9636
00665L,富邦�琤肭磪囓�2,112,41,71,富邦-中壢,2023-11-27,9636
00715L,期街口布蘭特正2,79,10,69,富邦-中壢,2023-11-27,9636
00712,復華富時不動產,124,60,64,富邦-中壢,2023-11-27,9636
00633L,富邦上証正2,61,1,60,富邦-中壢,2023-11-27,9636
2390,云辰,78,21,57,富邦-中壢,2023-11-27,9636
6282,康舒,81,27,54,富邦-中壢,2023-11-27,9636
2317,鴻海,54,4,50,富邦-中壢,2023-11-27,9636
00923,群益台ESG低碳50,73,29,44,富邦-中壢,2023-11-27,9636
1514,亞力,127,83,44,富邦-中壢,2023-11-27,9636
2536,宏普,40,0,40,富邦-中壢,2023-11-27,9636
00632R,元大台灣50反1,50,11,39,富邦-中壢,2023-11-27,9636
00687B,國泰20年美債,67,28,39,富邦-中壢,2023-11-27,9636
00680L,元大美債20正2,40,2,38,富邦-中壢,2023-11-27,9636
2104,國際中橡,40,2,38,富邦-中壢,2023-11-27,9636
5347,世界,57,23,34,富邦-中壢,2023-11-27,9636
4931,新盛力,32,0,32,富邦-中壢,2023-11-27,9636
2882,國泰金,32,3,29,富邦-中壢,2023-11-27,9636
2356,英業達,39,11,28,富邦-中壢,2023-11-27,9636
3231,緯創,87,58,29,富邦-中壢,2023-11-27,9636
2365,昆盈,28,0,28,富邦-中壢,2023-11-27,9636
2401,凌陽,68,40,28,富邦-中壢,2023-11-27,9636
6284,佳邦,28,2,26,富邦-中壢,2023-11-27,9636
3041,揚智,75,49,26,富邦-中壢,2023-11-27,9636
2457,飛宏,90,64,26,富邦-中壢,2023-11-27,9636
1101,台泥,42,17,25,富邦-中壢,2023-11-27,9636
1503,士電,28,3,25,富邦-中壢,2023-11-27,9636
00915,凱基優選高股息30,25,0,25,富邦-中壢,2023-11-27,9636
3373,熱映,26,2,24,富邦-中壢,2023-11-27,9636
0056,元大高股息,60,37,23,富邦-中壢,2023-11-27,9636
00679B,元大美債20年,65,41,24,富邦-中壢,2023-11-27,9636
2610,華航,31,9,22,富邦-中壢,2023-11-27,9636
2382,廣達,112,91,21,富邦-中壢,2023-11-27,9636
3006,晶豪科,38,17,21,富邦-中壢,2023-11-27,9636
00642U,期元大S＆P石油,22,1,21,富邦-中壢,2023-11-27,9636
6279,胡連,21,0,21,富邦-中壢,2023-11-27,9636
1785,光洋科,21,0,21,富邦-中壢,2023-11-27,9636
3105,穩懋,32,12,20,富邦-中壢,2023-11-27,9636
2867,三商壽,222,6,216,富邦-中壢,2023-11-28,9636
00632R,元大台灣50反1,148,6,142,富邦-中壢,2023-11-28,9636
00919,群益台灣精選高息,193,67,126,富邦-中壢,2023-11-28,9636
6187,萬潤,100,4,96,富邦-中壢,2023-11-28,9636
2355,敬鵬,106,16,90,富邦-中壢,2023-11-28,9636
00637L,元大滬深300正2,70,1,69,富邦-中壢,2023-11-28,9636
2303,聯電,79,10,69,富邦-中壢,2023-11-28,9636
1449,佳和,74,6,68,富邦-中壢,2023-11-28,9636
2388,威盛,175,110,65,富邦-中壢,2023-11-28,9636
00679B,元大美債20年,55,5,50,富邦-中壢,2023-11-28,9636
00933B,國泰10Y+金融債,46,0,46,富邦-中壢,2023-11-28,9636
4114,健喬,161,116,45,富邦-中壢,2023-11-28,9636
1101,台泥,91,49,42,富邦-中壢,2023-11-28,9636
2382,廣達,65,27,38,富邦-中壢,2023-11-28,9636
00915,凱基優選高股息30,36,0,36,富邦-中壢,2023-11-28,9636
4744,皇將,35,0,35,富邦-中壢,2023-11-28,9636
1314,中石化,38,3,35,富邦-中壢,2023-11-28,9636
00882,中信中國高股息,52,18,34,富邦-中壢,2023-11-28,9636
6558,興能高,34,0,34,富邦-中壢,2023-11-28,9636
5347,世界,37,3,34,富邦-中壢,2023-11-28,9636
00885,富邦越南,41,10,31,富邦-中壢,2023-11-28,9636
00934,中信成長高股息,39,12,27,富邦-中壢,2023-11-28,9636
00772B,中信高評級公司債,26,1,25,富邦-中壢,2023-11-28,9636
3051,力特,100,75,25,富邦-中壢,2023-11-28,9636
8936,國統,32,7,25,富邦-中壢,2023-11-28,9636
2605,新興,85,61,24,富邦-中壢,2023-11-28,9636
3231,緯創,52,28,24,富邦-中壢,2023-11-28,9636
3041,揚智,81,58,23,富邦-中壢,2023-11-28,9636
1603,華電,23,1,22,富邦-中壢,2023-11-28,9636
2383,台光電,24,2,22,富邦-中壢,2023-11-28,9636
6168,宏齊,22,0,22,富邦-中壢,2023-11-28,9636
6243,迅杰,46,25,21,富邦-中壢,2023-11-28,9636
4931,新盛力,24,3,21,富邦-中壢,2023-11-28,9636
00715L,期街口布蘭特正2,21,1,20,富邦-中壢,2023-11-28,9636
00907,永豐優息存股,20,0,20,富邦-中壢,2023-11-28,9636
5283,禾聯碩,19,0,19,富邦-中壢,2023-11-28,9636
4157,太景*-KY,21,3,18,富邦-中壢,2023-11-28,9636
00753L,中信中國50正2,18,0,18,富邦-中壢,2023-11-28,9636
5301,寶得利,18,0,18,富邦-中壢,2023-11-28,9636
2399,映泰,21,4,17,富邦-中壢,2023-11-28,9636
3437,榮創,30,13,17,富邦-中壢,2023-11-28,9636
2002,中鋼,39,23,16,富邦-中壢,2023-11-28,9636
4167,松瑞藥,37,21,16,富邦-中壢,2023-11-28,9636
00633L,富邦上証正2,36,20,16,富邦-中壢,2023-11-28,9636
1325,恆大,18,3,15,富邦-中壢,2023-11-28,9636
2401,凌陽,142,127,15,富邦-中壢,2023-11-28,9636
5351,鈺創,73,59,14,富邦-中壢,2023-11-28,9636
2603,長榮,18,4,14,富邦-中壢,2023-11-28,9636
2538,基泰,52,38,14,富邦-中壢,2023-11-28,9636
6213,聯茂,19,6,13,富邦-中壢,2023-11-28,9636
00687B,國泰20年美債,349,3,346,富邦-中壢,2023-11-29,9636
3178,公準,244,12,232,富邦-中壢,2023-11-29,9636
00632R,元大台灣50反1,321,114,207,富邦-中壢,2023-11-29,9636
00882,中信中國高股息,182,2,180,富邦-中壢,2023-11-29,9636
00919,群益台灣精選高息,209,38,171,富邦-中壢,2023-11-29,9636
00665L,富邦�琤肭磪囓�2,130,0,130,富邦-中壢,2023-11-29,9636
5347,世界,161,42,119,富邦-中壢,2023-11-29,9636
1529,樂事綠能,121,3,118,富邦-中壢,2023-11-29,9636
00637L,元大滬深300正2,120,7,113,富邦-中壢,2023-11-29,9636
2405,輔信,107,30,77,富邦-中壢,2023-11-29,9636
3481,群創,124,50,74,富邦-中壢,2023-11-29,9636
00712,復華富時不動產,79,16,63,富邦-中壢,2023-11-29,9636
5351,鈺創,79,17,62,富邦-中壢,2023-11-29,9636
2618,長榮航,77,25,52,富邦-中壢,2023-11-29,9636
00935,野村臺灣新科技50,51,0,51,富邦-中壢,2023-11-29,9636
4526,東台,50,0,50,富邦-中壢,2023-11-29,9636
2883,凱基金,114,64,50,富邦-中壢,2023-11-29,9636
2891,中信金,58,10,48,富邦-中壢,2023-11-29,9636
2388,威盛,76,31,45,富邦-中壢,2023-11-29,9636
2390,云辰,46,1,45,富邦-中壢,2023-11-29,9636
00923,群益台ESG低碳50,51,9,42,富邦-中壢,2023-11-29,9636
1449,佳和,47,8,39,富邦-中壢,2023-11-29,9636
2303,聯電,41,5,36,富邦-中壢,2023-11-29,9636
3231,緯創,81,47,34,富邦-中壢,2023-11-29,9636
00753L,中信中國50正2,36,4,32,富邦-中壢,2023-11-29,9636
00752,中信中國50,30,0,30,富邦-中壢,2023-11-29,9636
00650L,復華香港正2,30,0,30,富邦-中壢,2023-11-29,9636
00933B,國泰10Y+金融債,47,18,29,富邦-中壢,2023-11-29,9636
00679B,元大美債20年,29,1,28,富邦-中壢,2023-11-29,9636
6116,彩晶,31,4,27,富邦-中壢,2023-11-29,9636
2409,友達,33,7,26,富邦-中壢,2023-11-29,9636
8054,安國,121,95,26,富邦-中壢,2023-11-29,9636
6282,康舒,32,8,24,富邦-中壢,2023-11-29,9636
00633L,富邦上証正2,29,6,23,富邦-中壢,2023-11-29,9636
1568,倉佑,24,1,23,富邦-中壢,2023-11-29,9636
2383,台光電,27,5,22,富邦-中壢,2023-11-29,9636
1815,富喬,39,17,22,富邦-中壢,2023-11-29,9636
4906,正文,22,0,22,富邦-中壢,2023-11-29,9636
00720B,元大投資級公司債,22,0,22,富邦-中壢,2023-11-29,9636
00680L,元大美債20正2,21,0,21,富邦-中壢,2023-11-29,9636
3694,海華,32,11,21,富邦-中壢,2023-11-29,9636
6187,萬潤,21,0,21,富邦-中壢,2023-11-29,9636
1101,台泥,27,6,21,富邦-中壢,2023-11-29,9636
3373,熱映,45,25,20,富邦-中壢,2023-11-29,9636
8182,加高,20,0,20,富邦-中壢,2023-11-29,9636
5475,德宏,20,0,20,富邦-中壢,2023-11-29,9636
6112,邁達特,20,1,19,富邦-中壢,2023-11-29,9636
2449,京元電子,21,2,19,富邦-中壢,2023-11-29,9636
4162,智擎,23,4,19,富邦-中壢,2023-11-29,9636
2838,聯邦銀,19,0,19,富邦-中壢,2023-11-29,9636
00665L,富邦�琤肭磪囓�2,277,30,247,富邦-中壢,2023-11-30,9636
00929,復華台灣科技優息,286,105,181,富邦-中壢,2023-11-30,9636
00933B,國泰10Y+金融債,142,17,125,富邦-中壢,2023-11-30,9636
2201,裕隆,108,0,108,富邦-中壢,2023-11-30,9636
3231,緯創,134,32,102,富邦-中壢,2023-11-30,9636
0056,元大高股息,111,10,101,富邦-中壢,2023-11-30,9636
2388,威盛,115,25,90,富邦-中壢,2023-11-30,9636
00919,群益台灣精選高息,106,21,85,富邦-中壢,2023-11-30,9636
2313,華通,155,73,82,富邦-中壢,2023-11-30,9636
3276,宇環,80,0,80,富邦-中壢,2023-11-30,9636
2329,華泰,344,281,63,富邦-中壢,2023-11-30,9636
3051,力特,65,2,63,富邦-中壢,2023-11-30,9636
00930,永豐ESG低碳高息,74,13,61,富邦-中壢,2023-11-30,9636
2344,華邦電,188,128,60,富邦-中壢,2023-11-30,9636
2409,友達,55,2,53,富邦-中壢,2023-11-30,9636
2390,云辰,63,12,51,富邦-中壢,2023-11-30,9636
00882,中信中國高股息,78,29,49,富邦-中壢,2023-11-30,9636
0050,元大台灣50,50,2,48,富邦-中壢,2023-11-30,9636
00679B,元大美債20年,52,9,43,富邦-中壢,2023-11-30,9636
6187,萬潤,47,8,39,富邦-中壢,2023-11-30,9636
2353,宏��,40,3,37,富邦-中壢,2023-11-30,9636
8926,台汽電,37,0,37,富邦-中壢,2023-11-30,9636
3094,聯傑,43,7,36,富邦-中壢,2023-11-30,9636
00934,中信成長高股息,55,20,35,富邦-中壢,2023-11-30,9636
1802,台玻,51,19,32,富邦-中壢,2023-11-30,9636
2618,長榮航,56,25,31,富邦-中壢,2023-11-30,9636
8068,全達,35,5,30,富邦-中壢,2023-11-30,9636
6127,九豪,45,15,30,富邦-中壢,2023-11-30,9636
2323,中環,30,1,29,富邦-中壢,2023-11-30,9636
2485,兆赫,36,7,29,富邦-中壢,2023-11-30,9636
4167,松瑞藥,81,53,28,富邦-中壢,2023-11-30,9636
00720B,元大投資級公司債,34,6,28,富邦-中壢,2023-11-30,9636
00680L,元大美債20正2,37,9,28,富邦-中壢,2023-11-30,9636
9907,統一實,25,0,25,富邦-中壢,2023-11-30,9636
4114,健喬,39,15,24,富邦-中壢,2023-11-30,9636
4961,天鈺,39,16,23,富邦-中壢,2023-11-30,9636
00751B,元大AAA至A公司債,26,4,22,富邦-中壢,2023-11-30,9636
2317,鴻海,34,13,21,富邦-中壢,2023-11-30,9636
3402,漢科,24,3,21,富邦-中壢,2023-11-30,9636
1449,佳和,23,2,21,富邦-中壢,2023-11-30,9636
5439,高技,35,14,21,富邦-中壢,2023-11-30,9636
2838,聯邦銀,20,0,20,富邦-中壢,2023-11-30,9636
4764,雙鍵,20,0,20,富邦-中壢,2023-11-30,9636
00932,兆豐永續高息等權,20,0,20,富邦-中壢,2023-11-30,9636
8906,花王,20,0,20,富邦-中壢,2023-11-30,9636
2355,敬鵬,22,3,19,富邦-中壢,2023-11-30,9636
00918,大華優利高填息30,18,0,18,富邦-中壢,2023-11-30,9636
4908,前鼎,28,10,18,富邦-中壢,2023-11-30,9636
00752,中信中國50,18,0,18,富邦-中壢,2023-11-30,9636
3013,晟銘電,51,33,18,富邦-中壢,2023-11-30,9636
00919,群益台灣精選高息,459,39,420,富邦-中壢,2023-12-01,9636
2883,凱基金,275,10,265,富邦-中壢,2023-12-01,9636
00929,復華台灣科技優息,295,99,196,富邦-中壢,2023-12-01,9636
00632R,元大台灣50反1,226,61,165,富邦-中壢,2023-12-01,9636
00679B,元大美債20年,113,1,112,富邦-中壢,2023-12-01,9636
00935,野村臺灣新科技50,111,0,111,富邦-中壢,2023-12-01,9636
2355,敬鵬,137,27,110,富邦-中壢,2023-12-01,9636
00878,國泰永續高股息,124,30,94,富邦-中壢,2023-12-01,9636
2104,國際中橡,101,10,91,富邦-中壢,2023-12-01,9636
5328,華容,162,78,84,富邦-中壢,2023-12-01,9636
00712,復華富時不動產,90,17,73,富邦-中壢,2023-12-01,9636
2884,玉山金,79,7,72,富邦-中壢,2023-12-01,9636
2317,鴻海,78,9,69,富邦-中壢,2023-12-01,9636
3231,緯創,152,83,69,富邦-中壢,2023-12-01,9636
3051,力特,77,12,65,富邦-中壢,2023-12-01,9636
00637L,元大滬深300正2,66,2,64,富邦-中壢,2023-12-01,9636
2888,新光金,60,1,59,富邦-中壢,2023-12-01,9636
0056,元大高股息,79,21,58,富邦-中壢,2023-12-01,9636
00687B,國泰20年美債,57,0,57,富邦-中壢,2023-12-01,9636
00633L,富邦上証正2,53,0,53,富邦-中壢,2023-12-01,9636
2881,富邦金,51,2,49,富邦-中壢,2023-12-01,9636
2882,國泰金,49,0,49,富邦-中壢,2023-12-01,9636
5351,鈺創,78,29,49,富邦-中壢,2023-12-01,9636
3704,合勤控,59,11,48,富邦-中壢,2023-12-01,9636
2405,輔信,58,11,47,富邦-中壢,2023-12-01,9636
2409,友達,53,8,45,富邦-中壢,2023-12-01,9636
2332,友訊,46,1,45,富邦-中壢,2023-12-01,9636
00882,中信中國高股息,47,2,45,富邦-中壢,2023-12-01,9636
2617,台航,53,10,43,富邦-中壢,2023-12-01,9636
1605,華新,45,5,40,富邦-中壢,2023-12-01,9636
2353,宏��,42,2,40,富邦-中壢,2023-12-01,9636
3450,聯鈞,108,69,39,富邦-中壢,2023-12-01,9636
2390,云辰,36,0,36,富邦-中壢,2023-12-01,9636
2891,中信金,75,41,34,富邦-中壢,2023-12-01,9636
00642U,期元大S＆P石油,34,0,34,富邦-中壢,2023-12-01,9636
8064,東捷,34,0,34,富邦-中壢,2023-12-01,9636
00680L,元大美債20正2,33,0,33,富邦-中壢,2023-12-01,9636
5475,德宏,31,0,31,富邦-中壢,2023-12-01,9636
00671R,富邦NASDAQ反1,30,0,30,富邦-中壢,2023-12-01,9636
5347,世界,42,14,28,富邦-中壢,2023-12-01,9636
6116,彩晶,28,0,28,富邦-中壢,2023-12-01,9636
3162,精確,28,2,26,富邦-中壢,2023-12-01,9636
2371,大同,40,16,24,富邦-中壢,2023-12-01,9636
00915,凱基優選高股息30,26,2,24,富邦-中壢,2023-12-01,9636
00665L,富邦�琤肭磪囓�2,43,20,23,富邦-中壢,2023-12-01,9636
4420,光明,27,4,23,富邦-中壢,2023-12-01,9636
2002,中鋼,39,16,23,富邦-中壢,2023-12-01,9636
3041,揚智,212,191,21,富邦-中壢,2023-12-01,9636
00753L,中信中國50正2,24,3,21,富邦-中壢,2023-12-01,9636
8358,金居,25,5,20,富邦-中壢,2023-12-01,9636
00919,群益台灣精選高息,548,122,426,富邦-中壢,2023-12-04,9636
00715L,期街口布蘭特正2,414,44,370,富邦-中壢,2023-12-04,9636
00712,復華富時不動產,371,32,339,富邦-中壢,2023-12-04,9636
00918,大華優利高填息30,165,0,165,富邦-中壢,2023-12-04,9636
00882,中信中國高股息,210,74,136,富邦-中壢,2023-12-04,9636
2323,中環,117,0,117,富邦-中壢,2023-12-04,9636
00929,復華台灣科技優息,322,209,113,富邦-中壢,2023-12-04,9636
2913,農林,101,0,101,富邦-中壢,2023-12-04,9636
00892,富邦台灣半導體,101,2,99,富邦-中壢,2023-12-04,9636
00915,凱基優選高股息30,72,0,72,富邦-中壢,2023-12-04,9636
00680L,元大美債20正2,71,0,71,富邦-中壢,2023-12-04,9636
00642U,期元大S＆P石油,71,3,68,富邦-中壢,2023-12-04,9636
1504,東元,73,7,66,富邦-中壢,2023-12-04,9636
00687B,國泰20年美債,93,27,66,富邦-中壢,2023-12-04,9636
2891,中信金,73,8,65,富邦-中壢,2023-12-04,9636
00632R,元大台灣50反1,131,67,64,富邦-中壢,2023-12-04,9636
2883,凱基金,98,34,64,富邦-中壢,2023-12-04,9636
00679B,元大美債20年,74,15,59,富邦-中壢,2023-12-04,9636
9919,康那香,110,61,49,富邦-中壢,2023-12-04,9636
1605,華新,81,32,49,富邦-中壢,2023-12-04,9636
3715,定穎投控,110,62,48,富邦-中壢,2023-12-04,9636
00933B,國泰10Y+金融債,54,12,42,富邦-中壢,2023-12-04,9636
8215,明基材,45,3,42,富邦-中壢,2023-12-04,9636
3122,笙泉,41,0,41,富邦-中壢,2023-12-04,9636
00753L,中信中國50正2,66,25,41,富邦-中壢,2023-12-04,9636
2538,基泰,76,36,40,富邦-中壢,2023-12-04,9636
3051,力特,64,25,39,富邦-中壢,2023-12-04,9636
0056,元大高股息,84,46,38,富邦-中壢,2023-12-04,9636
2313,華通,121,82,39,富邦-中壢,2023-12-04,9636
8088,品安,52,14,38,富邦-中壢,2023-12-04,9636
2201,裕隆,35,0,35,富邦-中壢,2023-12-04,9636
1101,台泥,38,3,35,富邦-中壢,2023-12-04,9636
3171,炎洲流通,31,0,31,富邦-中壢,2023-12-04,9636
00907,永豐優息存股,30,1,29,富邦-中壢,2023-12-04,9636
2402,毅嘉,64,35,29,富邦-中壢,2023-12-04,9636
3450,聯鈞,30,5,25,富邦-中壢,2023-12-04,9636
2329,華泰,198,175,23,富邦-中壢,2023-12-04,9636
1809,中釉,25,2,23,富邦-中壢,2023-12-04,9636
1524,耿鼎,27,4,23,富邦-中壢,2023-12-04,9636
2405,輔信,32,10,22,富邦-中壢,2023-12-04,9636
8163,達方,24,3,21,富邦-中壢,2023-12-04,9636
8034,榮群,20,0,20,富邦-中壢,2023-12-04,9636
3178,公準,30,11,19,富邦-中壢,2023-12-04,9636
1540,喬福,20,1,19,富邦-中壢,2023-12-04,9636
2388,威盛,48,29,19,富邦-中壢,2023-12-04,9636
2330,台積電,20,1,19,富邦-中壢,2023-12-04,9636
5465,富驊,21,3,18,富邦-中壢,2023-12-04,9636
5603,陸海,30,12,18,富邦-中壢,2023-12-04,9636
2031,新光鋼,21,3,18,富邦-中壢,2023-12-04,9636
2607,榮運,22,5,17,富邦-中壢,2023-12-04,9636
00919,群益台灣精選高息,500,53,447,富邦-中壢,2023-12-05,9636
00937B,群益ESG投等債20,810,464,346,富邦-中壢,2023-12-05,9636
00929,復華台灣科技優息,538,289,249,富邦-中壢,2023-12-05,9636
00715L,期街口布蘭特正2,209,0,209,富邦-中壢,2023-12-05,9636
00882,中信中國高股息,224,20,204,富邦-中壢,2023-12-05,9636
00687B,國泰20年美債,170,1,169,富邦-中壢,2023-12-05,9636
00751B,元大AAA至A公司債,166,8,158,富邦-中壢,2023-12-05,9636
2601,益航,203,80,123,富邦-中壢,2023-12-05,9636
00753L,中信中國50正2,117,12,105,富邦-中壢,2023-12-05,9636
3374,精材,104,2,102,富邦-中壢,2023-12-05,9636
2618,長榮航,95,10,85,富邦-中壢,2023-12-05,9636
2409,友達,111,28,83,富邦-中壢,2023-12-05,9636
2104,國際中橡,80,1,79,富邦-中壢,2023-12-05,9636
2883,凱基金,78,9,69,富邦-中壢,2023-12-05,9636
3231,緯創,114,45,69,富邦-中壢,2023-12-05,9636
2303,聯電,75,8,67,富邦-中壢,2023-12-05,9636
00679B,元大美債20年,73,6,67,富邦-中壢,2023-12-05,9636
9105,泰金寶-DR,66,0,66,富邦-中壢,2023-12-05,9636
2388,威盛,93,30,63,富邦-中壢,2023-12-05,9636
2606,裕民,312,249,63,富邦-中壢,2023-12-05,9636
1605,華新,101,40,61,富邦-中壢,2023-12-05,9636
2344,華邦電,57,1,56,富邦-中壢,2023-12-05,9636
2641,正德,382,326,56,富邦-中壢,2023-12-05,9636
2913,農林,62,10,52,富邦-中壢,2023-12-05,9636
2882,國泰金,51,0,51,富邦-中壢,2023-12-05,9636
00892,富邦台灣半導體,51,0,51,富邦-中壢,2023-12-05,9636
00713,元大台灣高息低波,53,2,51,富邦-中壢,2023-12-05,9636
2891,中信金,66,21,45,富邦-中壢,2023-12-05,9636
3050,鈺德,92,47,45,富邦-中壢,2023-12-05,9636
00665L,富邦�琤肭磪囓�2,102,58,44,富邦-中壢,2023-12-05,9636
00934,中信成長高股息,47,3,44,富邦-中壢,2023-12-05,9636
2405,輔信,43,5,38,富邦-中壢,2023-12-05,9636
00680L,元大美債20正2,69,32,37,富邦-中壢,2023-12-05,9636
3051,力特,50,14,36,富邦-中壢,2023-12-05,9636
2888,新光金,55,20,35,富邦-中壢,2023-12-05,9636
00930,永豐ESG低碳高息,35,0,35,富邦-中壢,2023-12-05,9636
2355,敬鵬,77,42,35,富邦-中壢,2023-12-05,9636
2489,瑞軒,39,5,34,富邦-中壢,2023-12-05,9636
3715,定穎投控,87,54,33,富邦-中壢,2023-12-05,9636
1513,中興電,178,145,33,富邦-中壢,2023-12-05,9636
6194,育富,47,15,32,富邦-中壢,2023-12-05,9636
00918,大華優利高填息30,43,11,32,富邦-中壢,2023-12-05,9636
5519,隆大,32,0,32,富邦-中壢,2023-12-05,9636
2850,新產,32,1,31,富邦-中壢,2023-12-05,9636
00637L,元大滬深300正2,71,42,29,富邦-中壢,2023-12-05,9636
00850,元大臺灣ESG永續,29,0,29,富邦-中壢,2023-12-05,9636
2460,建通,32,3,29,富邦-中壢,2023-12-05,9636
4526,東台,29,0,29,富邦-中壢,2023-12-05,9636
5347,世界,33,5,28,富邦-中壢,2023-12-05,9636
2441,超豐,25,0,25,富邦-中壢,2023-12-05,9636
00919,群益台灣精選高息,575,13,562,富邦-中壢,2023-12-06,9636
00937B,群益ESG投等債20,496,90,406,富邦-中壢,2023-12-06,9636
00688L,國泰20年美債正2,222,0,222,富邦-中壢,2023-12-06,9636
1815,富喬,215,36,179,富邦-中壢,2023-12-06,9636
00680L,元大美債20正2,198,37,161,富邦-中壢,2023-12-06,9636
00930,永豐ESG低碳高息,147,2,145,富邦-中壢,2023-12-06,9636
2102,泰豐,128,6,122,富邦-中壢,2023-12-06,9636
3013,晟銘電,196,89,107,富邦-中壢,2023-12-06,9636
3481,群創,137,33,104,富邦-中壢,2023-12-06,9636
00712,復華富時不動產,113,21,92,富邦-中壢,2023-12-06,9636
2371,大同,86,6,80,富邦-中壢,2023-12-06,9636
00933B,國泰10Y+金融債,77,9,68,富邦-中壢,2023-12-06,9636
00687B,國泰20年美債,200,137,63,富邦-中壢,2023-12-06,9636
00637L,元大滬深300正2,121,58,63,富邦-中壢,2023-12-06,9636
00715L,期街口布蘭特正2,106,43,63,富邦-中壢,2023-12-06,9636
6117,迎廣,162,100,62,富邦-中壢,2023-12-06,9636
00915,凱基優選高股息30,78,17,61,富邦-中壢,2023-12-06,9636
00679B,元大美債20年,81,21,60,富邦-中壢,2023-12-06,9636
00931B,統一美債20年,69,10,59,富邦-中壢,2023-12-06,9636
2419,仲琦,109,53,56,富邦-中壢,2023-12-06,9636
00918,大華優利高填息30,77,22,55,富邦-中壢,2023-12-06,9636
2303,聯電,55,6,49,富邦-中壢,2023-12-06,9636
2353,宏��,70,24,46,富邦-中壢,2023-12-06,9636
2543,皇昌,47,1,46,富邦-中壢,2023-12-06,9636
1529,樂事綠能,109,64,45,富邦-中壢,2023-12-06,9636
1514,亞力,129,84,45,富邦-中壢,2023-12-06,9636
2610,華航,223,182,41,富邦-中壢,2023-12-06,9636
00642U,期元大S＆P石油,36,0,36,富邦-中壢,2023-12-06,9636
2515,中工,49,15,34,富邦-中壢,2023-12-06,9636
00722B,群益投資級電信債,33,0,33,富邦-中壢,2023-12-06,9636
6770,力積電,37,5,32,富邦-中壢,2023-12-06,9636
1522,堤維西,55,24,31,富邦-中壢,2023-12-06,9636
9105,泰金寶-DR,30,1,29,富邦-中壢,2023-12-06,9636
2354,鴻準,37,8,29,富邦-中壢,2023-12-06,9636
2409,友達,35,7,28,富邦-中壢,2023-12-06,9636
2913,農林,26,0,26,富邦-中壢,2023-12-06,9636
1101,台泥,30,4,26,富邦-中壢,2023-12-06,9636
00882,中信中國高股息,29,5,24,富邦-中壢,2023-12-06,9636
6235,華孚,23,0,23,富邦-中壢,2023-12-06,9636
2329,華泰,75,52,23,富邦-中壢,2023-12-06,9636
2027,大成鋼,26,4,22,富邦-中壢,2023-12-06,9636
2313,華通,103,82,21,富邦-中壢,2023-12-06,9636
3128,昇銳,21,0,21,富邦-中壢,2023-12-06,9636
5347,世界,21,1,20,富邦-中壢,2023-12-06,9636
2105,正新,20,0,20,富邦-中壢,2023-12-06,9636
2542,興富發,24,4,20,富邦-中壢,2023-12-06,9636
3041,揚智,75,56,19,富邦-中壢,2023-12-06,9636
3122,笙泉,83,64,19,富邦-中壢,2023-12-06,9636
1616,億泰,26,7,19,富邦-中壢,2023-12-06,9636
2344,華邦電,32,14,18,富邦-中壢,2023-12-06,9636
00715L,期街口布蘭特正2,459,17,442,富邦-中壢,2023-12-07,9636
00919,群益台灣精選高息,449,18,431,富邦-中壢,2023-12-07,9636
00937B,群益ESG投等債20,749,372,377,富邦-中壢,2023-12-07,9636
00929,復華台灣科技優息,291,73,218,富邦-中壢,2023-12-07,9636
00687B,國泰20年美債,202,51,151,富邦-中壢,2023-12-07,9636
2883,凱基金,172,28,144,富邦-中壢,2023-12-07,9636
4414,如興,128,5,123,富邦-中壢,2023-12-07,9636
2102,泰豐,144,33,111,富邦-中壢,2023-12-07,9636
00679B,元大美債20年,169,59,110,富邦-中壢,2023-12-07,9636
00632R,元大台灣50反1,125,16,109,富邦-中壢,2023-12-07,9636
2889,國票金,108,0,108,富邦-中壢,2023-12-07,9636
2881,富邦金,93,1,92,富邦-中壢,2023-12-07,9636
00680L,元大美債20正2,197,106,91,富邦-中壢,2023-12-07,9636
2388,威盛,139,55,84,富邦-中壢,2023-12-07,9636
00712,復華富時不動產,106,23,83,富邦-中壢,2023-12-07,9636
00918,大華優利高填息30,75,0,75,富邦-中壢,2023-12-07,9636
1314,中石化,71,0,71,富邦-中壢,2023-12-07,9636
5381,合正,92,22,70,富邦-中壢,2023-12-07,9636
6112,邁達特,74,4,70,富邦-中壢,2023-12-07,9636
4533,協易機,95,28,67,富邦-中壢,2023-12-07,9636
3715,定穎投控,93,27,66,富邦-中壢,2023-12-07,9636
00933B,國泰10Y+金融債,99,34,65,富邦-中壢,2023-12-07,9636
00931B,統一美債20年,68,3,65,富邦-中壢,2023-12-07,9636
00915,凱基優選高股息30,66,1,65,富邦-中壢,2023-12-07,9636
3479,安勤,76,18,58,富邦-中壢,2023-12-07,9636
1522,堤維西,103,48,55,富邦-中壢,2023-12-07,9636
2303,聯電,84,31,53,富邦-中壢,2023-12-07,9636
00637L,元大滬深300正2,312,263,49,富邦-中壢,2023-12-07,9636
6233,旺玖,82,33,49,富邦-中壢,2023-12-07,9636
4967,十銓,68,20,48,富邦-中壢,2023-12-07,9636
00688L,國泰20年美債正2,66,18,48,富邦-中壢,2023-12-07,9636
00642U,期元大S＆P石油,56,10,46,富邦-中壢,2023-12-07,9636
00665L,富邦�琤肭磪囓�2,45,0,45,富邦-中壢,2023-12-07,9636
2601,益航,56,17,39,富邦-中壢,2023-12-07,9636
2436,偉詮電,39,1,38,富邦-中壢,2023-12-07,9636
9105,泰金寶-DR,38,0,38,富邦-中壢,2023-12-07,9636
1524,耿鼎,50,13,37,富邦-中壢,2023-12-07,9636
00753L,中信中國50正2,67,31,36,富邦-中壢,2023-12-07,9636
00921,兆豐龍頭等權重,34,2,32,富邦-中壢,2023-12-07,9636
2399,映泰,224,192,32,富邦-中壢,2023-12-07,9636
00764B,群益25年美債,36,5,31,富邦-中壢,2023-12-07,9636
6684,安格,33,2,31,富邦-中壢,2023-12-07,9636
1609,大亞,99,69,30,富邦-中壢,2023-12-07,9636
8054,安國,120,90,30,富邦-中壢,2023-12-07,9636
2031,新光鋼,30,2,28,富邦-中壢,2023-12-07,9636
4164,承業醫,26,0,26,富邦-中壢,2023-12-07,9636
1802,台玻,26,0,26,富邦-中壢,2023-12-07,9636
2425,承啟,39,14,25,富邦-中壢,2023-12-07,9636
5471,松翰,30,5,25,富邦-中壢,2023-12-07,9636
1616,億泰,30,5,25,富邦-中壢,2023-12-07,9636
00937B,群益ESG投等債20,240,61,179,富邦-中壢,2023-12-08,9636
00919,群益台灣精選高息,240,68,172,富邦-中壢,2023-12-08,9636
00712,復華富時不動產,157,6,151,富邦-中壢,2023-12-08,9636
3287,廣寰科,165,17,148,富邦-中壢,2023-12-08,9636
00933B,國泰10Y+金融債,145,0,145,富邦-中壢,2023-12-08,9636
00680L,元大美債20正2,132,0,132,富邦-中壢,2023-12-08,9636
2889,國票金,106,0,106,富邦-中壢,2023-12-08,9636
3231,緯創,215,132,83,富邦-中壢,2023-12-08,9636
2882,國泰金,81,0,81,富邦-中壢,2023-12-08,9636
8034,榮群,84,4,80,富邦-中壢,2023-12-08,9636
00679B,元大美債20年,84,15,69,富邦-中壢,2023-12-08,9636
2344,華邦電,100,36,64,富邦-中壢,2023-12-08,9636
2881,富邦金,86,26,60,富邦-中壢,2023-12-08,9636
1609,大亞,84,29,55,富邦-中壢,2023-12-08,9636
2630,亞航,50,0,50,富邦-中壢,2023-12-08,9636
00907,永豐優息存股,50,0,50,富邦-中壢,2023-12-08,9636
00715L,期街口布蘭特正2,53,6,47,富邦-中壢,2023-12-08,9636
00753L,中信中國50正2,46,0,46,富邦-中壢,2023-12-08,9636
4414,如興,49,3,46,富邦-中壢,2023-12-08,9636
2102,泰豐,51,5,46,富邦-中壢,2023-12-08,9636
5471,松翰,47,6,41,富邦-中壢,2023-12-08,9636
00687B,國泰20年美債,142,102,40,富邦-中壢,2023-12-08,9636
00706L,期元大S＆P日圓正2,40,1,39,富邦-中壢,2023-12-08,9636
6558,興能高,56,21,35,富邦-中壢,2023-12-08,9636
2888,新光金,37,2,35,富邦-中壢,2023-12-08,9636
1514,亞力,119,85,34,富邦-中壢,2023-12-08,9636
5351,鈺創,88,56,32,富邦-中壢,2023-12-08,9636
3047,訊舟,32,0,32,富邦-中壢,2023-12-08,9636
2637,慧洋-KY,36,4,32,富邦-中壢,2023-12-08,9636
00931B,統一美債20年,40,8,32,富邦-中壢,2023-12-08,9636
2201,裕隆,31,1,30,富邦-中壢,2023-12-08,9636
1504,東元,42,12,30,富邦-中壢,2023-12-08,9636
3138,耀登,30,0,30,富邦-中壢,2023-12-08,9636
3026,禾伸堂,30,2,28,富邦-中壢,2023-12-08,9636
00882,中信中國高股息,70,43,27,富邦-中壢,2023-12-08,9636
6770,力積電,32,5,27,富邦-中壢,2023-12-08,9636
00720B,元大投資級公司債,37,11,26,富邦-中壢,2023-12-08,9636
2329,華泰,72,47,25,富邦-中壢,2023-12-08,9636
2367,燿華,30,6,24,富邦-中壢,2023-12-08,9636
6243,迅杰,32,8,24,富邦-中壢,2023-12-08,9636
8349,�矬�,22,0,22,富邦-中壢,2023-12-08,9636
2363,矽統,42,22,20,富邦-中壢,2023-12-08,9636
2913,農林,20,0,20,富邦-中壢,2023-12-08,9636
2390,云辰,20,0,20,富邦-中壢,2023-12-08,9636
00751B,元大AAA至A公司債,29,11,18,富邦-中壢,2023-12-08,9636
2634,漢翔,18,0,18,富邦-中壢,2023-12-08,9636
2405,輔信,39,22,17,富邦-中壢,2023-12-08,9636
2449,京元電子,19,3,16,富邦-中壢,2023-12-08,9636
2441,超豐,17,1,16,富邦-中壢,2023-12-08,9636
1605,華新,19,4,15,富邦-中壢,2023-12-08,9636
2388,威盛,609,58,551,富邦-中壢,2023-12-11,9636
00919,群益台灣精選高息,530,136,394,富邦-中壢,2023-12-11,9636
00882,中信中國高股息,235,43,192,富邦-中壢,2023-12-11,9636
00687B,國泰20年美債,178,9,169,富邦-中壢,2023-12-11,9636
00753L,中信中國50正2,144,0,144,富邦-中壢,2023-12-11,9636
00937B,群益ESG投等債20,289,152,137,富邦-中壢,2023-12-11,9636
3374,精材,119,10,109,富邦-中壢,2023-12-11,9636
2102,泰豐,100,0,100,富邦-中壢,2023-12-11,9636
00918,大華優利高填息30,123,24,99,富邦-中壢,2023-12-11,9636
3047,訊舟,93,3,90,富邦-中壢,2023-12-11,9636
2882,國泰金,121,31,90,富邦-中壢,2023-12-11,9636
2314,台揚,102,30,72,富邦-中壢,2023-12-11,9636
00680L,元大美債20正2,62,0,62,富邦-中壢,2023-12-11,9636
2913,農林,67,7,60,富邦-中壢,2023-12-11,9636
8182,加高,52,0,52,富邦-中壢,2023-12-11,9636
00751B,元大AAA至A公司債,51,0,51,富邦-中壢,2023-12-11,9636
3051,力特,53,5,48,富邦-中壢,2023-12-11,9636
00637L,元大滬深300正2,52,5,47,富邦-中壢,2023-12-11,9636
00934,中信成長高股息,54,8,46,富邦-中壢,2023-12-11,9636
2002,中鋼,62,18,44,富邦-中壢,2023-12-11,9636
3390,旭軟,49,6,43,富邦-中壢,2023-12-11,9636
00712,復華富時不動產,81,40,41,富邦-中壢,2023-12-11,9636
8201,無敵,40,0,40,富邦-中壢,2023-12-11,9636
8089,康全電訊,45,8,37,富邦-中壢,2023-12-11,9636
2897,王道銀行,62,28,34,富邦-中壢,2023-12-11,9636
1815,富喬,55,21,34,富邦-中壢,2023-12-11,9636
6231,系微,38,5,33,富邦-中壢,2023-12-11,9636
2402,毅嘉,78,46,32,富邦-中壢,2023-12-11,9636
3438,類比科,37,5,32,富邦-中壢,2023-12-11,9636
2352,佳世達,32,1,31,富邦-中壢,2023-12-11,9636
2354,鴻準,33,3,30,富邦-中壢,2023-12-11,9636
3041,揚智,64,35,29,富邦-中壢,2023-12-11,9636
2465,麗臺,38,9,29,富邦-中壢,2023-12-11,9636
3276,宇環,28,0,28,富邦-中壢,2023-12-11,9636
3481,群創,44,17,27,富邦-中壢,2023-12-11,9636
2443,昶虹,30,3,27,富邦-中壢,2023-12-11,9636
1524,耿鼎,317,291,26,富邦-中壢,2023-12-11,9636
2543,皇昌,85,59,26,富邦-中壢,2023-12-11,9636
2615,萬海,37,12,25,富邦-中壢,2023-12-11,9636
1609,大亞,125,100,25,富邦-中壢,2023-12-11,9636
6290,良維,31,8,23,富邦-中壢,2023-12-11,9636
1605,華新,27,4,23,富邦-中壢,2023-12-11,9636
00633L,富邦上証正2,34,12,22,富邦-中壢,2023-12-11,9636
2606,裕民,30,8,22,富邦-中壢,2023-12-11,9636
2891,中信金,24,2,22,富邦-中壢,2023-12-11,9636
1802,台玻,21,0,21,富邦-中壢,2023-12-11,9636
00706L,期元大S＆P日圓正2,21,0,21,富邦-中壢,2023-12-11,9636
2376,技嘉,48,27,21,富邦-中壢,2023-12-11,9636
2313,華通,85,65,20,富邦-中壢,2023-12-11,9636
1324,地球,22,2,20,富邦-中壢,2023-12-11,9636
00918,大華優利高填息30,424,17,407,富邦-中壢,2023-12-12,9636
00919,群益台灣精選高息,590,282,308,富邦-中壢,2023-12-12,9636
2376,技嘉,211,16,195,富邦-中壢,2023-12-12,9636
00712,復華富時不動產,195,30,165,富邦-中壢,2023-12-12,9636
3481,群創,796,649,147,富邦-中壢,2023-12-12,9636
00687B,國泰20年美債,150,4,146,富邦-中壢,2023-12-12,9636
8936,國統,99,18,81,富邦-中壢,2023-12-12,9636
2882,國泰金,75,4,71,富邦-中壢,2023-12-12,9636
00720B,元大投資級公司債,70,1,69,富邦-中壢,2023-12-12,9636
00679B,元大美債20年,72,8,64,富邦-中壢,2023-12-12,9636
2867,三商壽,55,2,53,富邦-中壢,2023-12-12,9636
4908,前鼎,62,14,48,富邦-中壢,2023-12-12,9636
2102,泰豐,50,3,47,富邦-中壢,2023-12-12,9636
2409,友達,79,35,44,富邦-中壢,2023-12-12,9636
3041,揚智,94,50,44,富邦-中壢,2023-12-12,9636
00708L,期元大S＆P黃金正2,44,0,44,富邦-中壢,2023-12-12,9636
6191,精成科,43,0,43,富邦-中壢,2023-12-12,9636
00688L,國泰20年美債正2,46,5,41,富邦-中壢,2023-12-12,9636
3234,光環,42,1,41,富邦-中壢,2023-12-12,9636
1618,合機,204,164,40,富邦-中壢,2023-12-12,9636
00680L,元大美債20正2,39,0,39,富邦-中壢,2023-12-12,9636
00751B,元大AAA至A公司債,50,11,39,富邦-中壢,2023-12-12,9636
3029,零壹,32,0,32,富邦-中壢,2023-12-12,9636
1516,川飛,32,0,32,富邦-中壢,2023-12-12,9636
4142,國光生,31,0,31,富邦-中壢,2023-12-12,9636
00923,群益台ESG低碳50,28,0,28,富邦-中壢,2023-12-12,9636
1785,光洋科,28,0,28,富邦-中壢,2023-12-12,9636
6282,康舒,47,21,26,富邦-中壢,2023-12-12,9636
9945,潤泰新,27,1,26,富邦-中壢,2023-12-12,9636
3710,連展投控,25,0,25,富邦-中壢,2023-12-12,9636
3363,上詮,27,3,24,富邦-中壢,2023-12-12,9636
2401,凌陽,49,25,24,富邦-中壢,2023-12-12,9636
8096,擎亞,69,45,24,富邦-中壢,2023-12-12,9636
00882,中信中國高股息,26,3,23,富邦-中壢,2023-12-12,9636
00857B,永豐20年美公債,23,0,23,富邦-中壢,2023-12-12,9636
2493,揚博,23,0,23,富邦-中壢,2023-12-12,9636
2610,華航,28,6,22,富邦-中壢,2023-12-12,9636
6122,擎邦,38,16,22,富邦-中壢,2023-12-12,9636
00724B,群益投資級金融債,21,0,21,富邦-中壢,2023-12-12,9636
3078,僑威,25,4,21,富邦-中壢,2023-12-12,9636
1609,大亞,46,26,20,富邦-中壢,2023-12-12,9636
2883B,凱基金乙特,20,0,20,富邦-中壢,2023-12-12,9636
2402,毅嘉,108,90,18,富邦-中壢,2023-12-12,9636
2889,國票金,20,2,18,富邦-中壢,2023-12-12,9636
2360,致茂,19,2,17,富邦-中壢,2023-12-12,9636
6125,廣運,26,9,17,富邦-中壢,2023-12-12,9636
3380,明泰,34,17,17,富邦-中壢,2023-12-12,9636
00937B,群益ESG投等債20,203,186,17,富邦-中壢,2023-12-12,9636
5011,久陽,27,10,17,富邦-中壢,2023-12-12,9636
2427,三商電,122,105,17,富邦-中壢,2023-12-12,9636
00715L,期街口布蘭特正2,558,68,490,富邦-中壢,2023-12-13,9636
00919,群益台灣精選高息,365,43,322,富邦-中壢,2023-12-13,9636
00680L,元大美債20正2,230,10,220,富邦-中壢,2023-12-13,9636
00687B,國泰20年美債,183,0,183,富邦-中壢,2023-12-13,9636
00934,中信成長高股息,179,0,179,富邦-中壢,2023-12-13,9636
2102,泰豐,125,0,125,富邦-中壢,2023-12-13,9636
00918,大華優利高填息30,135,10,125,富邦-中壢,2023-12-13,9636
2371,大同,117,11,106,富邦-中壢,2023-12-13,9636
2913,農林,90,2,88,富邦-中壢,2023-12-13,9636
00882,中信中國高股息,90,7,83,富邦-中壢,2023-12-13,9636
00937B,群益ESG投等債20,149,68,81,富邦-中壢,2023-12-13,9636
3287,廣寰科,123,44,79,富邦-中壢,2023-12-13,9636
00712,復華富時不動產,91,13,78,富邦-中壢,2023-12-13,9636
00632R,元大台灣50反1,93,15,78,富邦-中壢,2023-12-13,9636
2002,中鋼,75,1,74,富邦-中壢,2023-12-13,9636
2201,裕隆,76,16,60,富邦-中壢,2023-12-13,9636
4114,健喬,58,0,58,富邦-中壢,2023-12-13,9636
6127,九豪,59,2,57,富邦-中壢,2023-12-13,9636
00679B,元大美債20年,65,13,52,富邦-中壢,2023-12-13,9636
2881,富邦金,54,3,51,富邦-中壢,2023-12-13,9636
6182,合晶,73,24,49,富邦-中壢,2023-12-13,9636
00642U,期元大S＆P石油,57,10,47,富邦-中壢,2023-12-13,9636
00633L,富邦上証正2,46,0,46,富邦-中壢,2023-12-13,9636
3051,力特,72,27,45,富邦-中壢,2023-12-13,9636
3028,增你強,56,12,44,富邦-中壢,2023-12-13,9636
3706,神達,135,93,42,富邦-中壢,2023-12-13,9636
00720B,元大投資級公司債,76,34,42,富邦-中壢,2023-12-13,9636
2882,國泰金,39,0,39,富邦-中壢,2023-12-13,9636
00772B,中信高評級公司債,38,0,38,富邦-中壢,2023-12-13,9636
8011,台通,113,77,36,富邦-中壢,2023-12-13,9636
00637L,元大滬深300正2,41,5,36,富邦-中壢,2023-12-13,9636
8429,金麗-KY,33,0,33,富邦-中壢,2023-12-13,9636
00916,國泰全球品牌50,32,0,32,富邦-中壢,2023-12-13,9636
2618,長榮航,55,24,31,富邦-中壢,2023-12-13,9636
8034,榮群,75,48,27,富邦-中壢,2023-12-13,9636
5351,鈺創,30,3,27,富邦-中壢,2023-12-13,9636
2812,台中銀,27,1,26,富邦-中壢,2023-12-13,9636
1584,精剛,46,20,26,富邦-中壢,2023-12-13,9636
4906,正文,63,37,26,富邦-中壢,2023-12-13,9636
2376,技嘉,51,26,25,富邦-中壢,2023-12-13,9636
2419,仲琦,158,133,25,富邦-中壢,2023-12-13,9636
3704,合勤控,30,6,24,富邦-中壢,2023-12-13,9636
00751B,元大AAA至A公司債,27,3,24,富邦-中壢,2023-12-13,9636
2485,兆赫,28,4,24,富邦-中壢,2023-12-13,9636
00930,永豐ESG低碳高息,23,0,23,富邦-中壢,2023-12-13,9636
00724B,群益投資級金融債,23,0,23,富邦-中壢,2023-12-13,9636
1516,川飛,23,0,23,富邦-中壢,2023-12-13,9636
2402,毅嘉,51,29,22,富邦-中壢,2023-12-13,9636
2355,敬鵬,37,16,21,富邦-中壢,2023-12-13,9636
1605,華新,24,3,21,富邦-中壢,2023-12-13,9636
00919,群益台灣精選高息,784,251,533,富邦-中壢,2023-12-14,9636
00687B,國泰20年美債,348,15,333,富邦-中壢,2023-12-14,9636
00680L,元大美債20正2,507,278,229,富邦-中壢,2023-12-14,9636
5521,工信,209,19,190,富邦-中壢,2023-12-14,9636
00918,大華優利高填息30,197,11,186,富邦-中壢,2023-12-14,9636
00915,凱基優選高股息30,182,2,180,富邦-中壢,2023-12-14,9636
00931B,統一美債20年,158,20,138,富邦-中壢,2023-12-14,9636
00712,復華富時不動產,274,138,136,富邦-中壢,2023-12-14,9636
2102,泰豐,100,0,100,富邦-中壢,2023-12-14,9636
00688L,國泰20年美債正2,106,13,93,富邦-中壢,2023-12-14,9636
9105,泰金寶-DR,92,0,92,富邦-中壢,2023-12-14,9636
3231,緯創,283,194,89,富邦-中壢,2023-12-14,9636
2634,漢翔,85,2,83,富邦-中壢,2023-12-14,9636
00637L,元大滬深300正2,87,13,74,富邦-中壢,2023-12-14,9636
00885,富邦越南,73,0,73,富邦-中壢,2023-12-14,9636
00632R,元大台灣50反1,219,150,69,富邦-中壢,2023-12-14,9636
00715L,期街口布蘭特正2,133,70,63,富邦-中壢,2023-12-14,9636
2387,精元,72,12,60,富邦-中壢,2023-12-14,9636
00772B,中信高評級公司債,57,1,56,富邦-中壢,2023-12-14,9636
2329,華泰,93,37,56,富邦-中壢,2023-12-14,9636
6290,良維,95,40,55,富邦-中壢,2023-12-14,9636
2538,基泰,54,0,54,富邦-中壢,2023-12-14,9636
2313,華通,234,183,51,富邦-中壢,2023-12-14,9636
2104,國際中橡,50,0,50,富邦-中壢,2023-12-14,9636
8068,全達,90,44,46,富邦-中壢,2023-12-14,9636
00753L,中信中國50正2,48,2,46,富邦-中壢,2023-12-14,9636
2636,台驊控股,46,1,45,富邦-中壢,2023-12-14,9636
5344,立衛,46,1,45,富邦-中壢,2023-12-14,9636
00934,中信成長高股息,51,9,42,富邦-中壢,2023-12-14,9636
3703,欣陸,41,0,41,富邦-中壢,2023-12-14,9636
5351,鈺創,71,32,39,富邦-中壢,2023-12-14,9636
00936,台新永續高息中小,38,0,38,富邦-中壢,2023-12-14,9636
3390,旭軟,99,66,33,富邦-中壢,2023-12-14,9636
2301,光寶科,45,12,33,富邦-中壢,2023-12-14,9636
2641,正德,34,4,30,富邦-中壢,2023-12-14,9636
3005,神基,48,19,29,富邦-中壢,2023-12-14,9636
6153,嘉聯益,35,6,29,富邦-中壢,2023-12-14,9636
00882,中信中國高股息,47,19,28,富邦-中壢,2023-12-14,9636
00720B,元大投資級公司債,77,49,28,富邦-中壢,2023-12-14,9636
2530,華建,31,4,27,富邦-中壢,2023-12-14,9636
5471,松翰,26,0,26,富邦-中壢,2023-12-14,9636
5426,振發,237,211,26,富邦-中壢,2023-12-14,9636
8936,國統,33,9,24,富邦-中壢,2023-12-14,9636
3437,榮創,24,1,23,富邦-中壢,2023-12-14,9636
2390,云辰,22,0,22,富邦-中壢,2023-12-14,9636
3715,定穎投控,100,78,22,富邦-中壢,2023-12-14,9636
5515,建國,62,41,21,富邦-中壢,2023-12-14,9636
00633L,富邦上証正2,23,2,21,富邦-中壢,2023-12-14,9636
3094,聯傑,23,2,21,富邦-中壢,2023-12-14,9636
4414,如興,23,3,20,富邦-中壢,2023-12-14,9636
00929,復華台灣科技優息,834,259,575,富邦-中壢,2023-12-15,9636
00919,群益台灣精選高息,724,280,444,富邦-中壢,2023-12-15,9636
2356,英業達,864,545,319,富邦-中壢,2023-12-15,9636
00918,大華優利高填息30,315,16,299,富邦-中壢,2023-12-15,9636
00680L,元大美債20正2,339,70,269,富邦-中壢,2023-12-15,9636
00687B,國泰20年美債,307,49,258,富邦-中壢,2023-12-15,9636
00933B,國泰10Y+金融債,199,4,195,富邦-中壢,2023-12-15,9636
00679B,元大美債20年,208,39,169,富邦-中壢,2023-12-15,9636
2363,矽統,841,718,123,富邦-中壢,2023-12-15,9636
00688L,國泰20年美債正2,117,15,102,富邦-中壢,2023-12-15,9636
00897,富邦基因免疫生技,150,55,95,富邦-中壢,2023-12-15,9636
00637L,元大滬深300正2,98,6,92,富邦-中壢,2023-12-15,9636
2201,裕隆,84,0,84,富邦-中壢,2023-12-15,9636
2883B,凱基金乙特,80,0,80,富邦-中壢,2023-12-15,9636
1308,亞聚,80,0,80,富邦-中壢,2023-12-15,9636
00934,中信成長高股息,69,1,68,富邦-中壢,2023-12-15,9636
3390,旭軟,76,9,67,富邦-中壢,2023-12-15,9636
00751B,元大AAA至A公司債,84,20,64,富邦-中壢,2023-12-15,9636
2618,長榮航,111,52,59,富邦-中壢,2023-12-15,9636
6443,元晶,75,17,58,富邦-中壢,2023-12-15,9636
00937B,群益ESG投等債20,205,150,55,富邦-中壢,2023-12-15,9636
1584,精剛,153,105,48,富邦-中壢,2023-12-15,9636
8201,無敵,47,0,47,富邦-中壢,2023-12-15,9636
00712,復華富時不動產,263,219,44,富邦-中壢,2023-12-15,9636
00632R,元大台灣50反1,66,25,41,富邦-中壢,2023-12-15,9636
00931B,統一美債20年,56,15,41,富邦-中壢,2023-12-15,9636
2390,云辰,46,6,40,富邦-中壢,2023-12-15,9636
2017,官田鋼,55,18,37,富邦-中壢,2023-12-15,9636
0050,元大台灣50,59,23,36,富邦-中壢,2023-12-15,9636
8011,台通,56,21,35,富邦-中壢,2023-12-15,9636
1711,永光,32,0,32,富邦-中壢,2023-12-15,9636
3231,緯創,118,86,32,富邦-中壢,2023-12-15,9636
2314,台揚,32,1,31,富邦-中壢,2023-12-15,9636
2913,農林,33,2,31,富邦-中壢,2023-12-15,9636
2371,大同,32,1,31,富邦-中壢,2023-12-15,9636
5344,立衛,32,1,31,富邦-中壢,2023-12-15,9636
5471,松翰,29,0,29,富邦-中壢,2023-12-15,9636
2399,映泰,32,3,29,富邦-中壢,2023-12-15,9636
2412,中華電,29,0,29,富邦-中壢,2023-12-15,9636
2313,華通,153,124,29,富邦-中壢,2023-12-15,9636
2891,中信金,37,10,27,富邦-中壢,2023-12-15,9636
1802,台玻,63,36,27,富邦-中壢,2023-12-15,9636
00671R,富邦NASDAQ反1,30,3,27,富邦-中壢,2023-12-15,9636
6122,擎邦,32,5,27,富邦-中壢,2023-12-15,9636
3623,富晶通,31,5,26,富邦-中壢,2023-12-15,9636
2481,強茂,124,98,26,富邦-中壢,2023-12-15,9636
00932,兆豐永續高息等權,31,5,26,富邦-中壢,2023-12-15,9636
3026,禾伸堂,25,0,25,富邦-中壢,2023-12-15,9636
1815,富喬,28,3,25,富邦-中壢,2023-12-15,9636
2340,台亞,24,0,24,富邦-中壢,2023-12-15,9636
00687B,國泰20年美債,812,245,567,富邦-中壢,2023-12-18,9636
00929,復華台灣科技優息,826,282,544,富邦-中壢,2023-12-18,9636
00680L,元大美債20正2,691,201,490,富邦-中壢,2023-12-18,9636
00919,群益台灣精選高息,560,132,428,富邦-中壢,2023-12-18,9636
00679B,元大美債20年,321,66,255,富邦-中壢,2023-12-18,9636
00751B,元大AAA至A公司債,301,47,254,富邦-中壢,2023-12-18,9636
2618,長榮航,253,43,210,富邦-中壢,2023-12-18,9636
00882,中信中國高股息,229,48,181,富邦-中壢,2023-12-18,9636
2913,農林,213,42,171,富邦-中壢,2023-12-18,9636
2891,中信金,181,41,140,富邦-中壢,2023-12-18,9636
9105,泰金寶-DR,194,65,129,富邦-中壢,2023-12-18,9636
2356,英業達,171,58,113,富邦-中壢,2023-12-18,9636
00933B,國泰10Y+金融債,90,10,80,富邦-中壢,2023-12-18,9636
3481,群創,117,39,78,富邦-中壢,2023-12-18,9636
00937B,群益ESG投等債20,403,326,77,富邦-中壢,2023-12-18,9636
1517,利奇,79,2,77,富邦-中壢,2023-12-18,9636
1308,亞聚,70,0,70,富邦-中壢,2023-12-18,9636
00931B,統一美債20年,73,3,70,富邦-中壢,2023-12-18,9636
00632R,元大台灣50反1,78,10,68,富邦-中壢,2023-12-18,9636
2014,中鴻,242,180,62,富邦-中壢,2023-12-18,9636
00637L,元大滬深300正2,78,17,61,富邦-中壢,2023-12-18,9636
00753L,中信中國50正2,111,53,58,富邦-中壢,2023-12-18,9636
6770,力積電,59,2,57,富邦-中壢,2023-12-18,9636
1605,華新,97,40,57,富邦-中壢,2023-12-18,9636
5009,榮剛,63,7,56,富邦-中壢,2023-12-18,9636
00665L,富邦�琤肭磪囓�2,62,10,52,富邦-中壢,2023-12-18,9636
2102,泰豐,50,0,50,富邦-中壢,2023-12-18,9636
00676R,富邦臺灣加權反1,50,0,50,富邦-中壢,2023-12-18,9636
2887,台新金,49,0,49,富邦-中壢,2023-12-18,9636
2610,華航,69,22,47,富邦-中壢,2023-12-18,9636
8011,台通,46,1,45,富邦-中壢,2023-12-18,9636
2313,華通,61,16,45,富邦-中壢,2023-12-18,9636
6901,鑽石投資,45,1,44,富邦-中壢,2023-12-18,9636
3092,鴻碩,44,0,44,富邦-中壢,2023-12-18,9636
4743,合一,40,2,38,富邦-中壢,2023-12-18,9636
3712,永崴投控,37,1,36,富邦-中壢,2023-12-18,9636
2303,聯電,52,18,34,富邦-中壢,2023-12-18,9636
2332,友訊,40,6,34,富邦-中壢,2023-12-18,9636
2605,新興,57,23,34,富邦-中壢,2023-12-18,9636
6806,森崴能源,36,2,34,富邦-中壢,2023-12-18,9636
00722B,群益投資級電信債,32,0,32,富邦-中壢,2023-12-18,9636
1727,中華化,34,2,32,富邦-中壢,2023-12-18,9636
2363,矽統,330,300,30,富邦-中壢,2023-12-18,9636
00674R,期元大S＆P黃金反1,30,0,30,富邦-中壢,2023-12-18,9636
3138,耀登,30,1,29,富邦-中壢,2023-12-18,9636
1723,中碳,29,0,29,富邦-中壢,2023-12-18,9636
6443,元晶,51,23,28,富邦-中壢,2023-12-18,9636
9945,潤泰新,33,6,27,富邦-中壢,2023-12-18,9636
2025,千興,31,4,27,富邦-中壢,2023-12-18,9636
1907,永豐餘,27,2,25,富邦-中壢,2023-12-18,9636
00937B,群益ESG投等債20,342,83,259,富邦-中壢,2023-12-19,9636
00919,群益台灣精選高息,433,251,182,富邦-中壢,2023-12-19,9636
2344,華邦電,204,35,169,富邦-中壢,2023-12-19,9636
9105,泰金寶-DR,171,10,161,富邦-中壢,2023-12-19,9636
00688L,國泰20年美債正2,174,24,150,富邦-中壢,2023-12-19,9636
1815,富喬,122,14,108,富邦-中壢,2023-12-19,9636
4167,松瑞藥,139,56,83,富邦-中壢,2023-12-19,9636
2356,英業達,153,77,76,富邦-中壢,2023-12-19,9636
00878,國泰永續高股息,112,38,74,富邦-中壢,2023-12-19,9636
2618,長榮航,171,101,70,富邦-中壢,2023-12-19,9636
2884,玉山金,87,23,64,富邦-中壢,2023-12-19,9636
00934,中信成長高股息,97,33,64,富邦-中壢,2023-12-19,9636
2371,大同,62,1,61,富邦-中壢,2023-12-19,9636
2913,農林,123,62,61,富邦-中壢,2023-12-19,9636
5351,鈺創,62,5,57,富邦-中壢,2023-12-19,9636
2888,新光金,66,10,56,富邦-中壢,2023-12-19,9636
2882,國泰金,59,6,53,富邦-中壢,2023-12-19,9636
2023,燁輝,67,15,52,富邦-中壢,2023-12-19,9636
2634,漢翔,45,1,44,富邦-中壢,2023-12-19,9636
2465,麗臺,45,2,43,富邦-中壢,2023-12-19,9636
2388,威盛,54,12,42,富邦-中壢,2023-12-19,9636
2812,台中銀,53,11,42,富邦-中壢,2023-12-19,9636
8011,台通,70,29,41,富邦-中壢,2023-12-19,9636
2303,聯電,45,5,40,富邦-中壢,2023-12-19,9636
3373,熱映,42,2,40,富邦-中壢,2023-12-19,9636
6182,合晶,77,38,39,富邦-中壢,2023-12-19,9636
2887,台新金,37,1,36,富邦-中壢,2023-12-19,9636
00632R,元大台灣50反1,42,6,36,富邦-中壢,2023-12-19,9636
2482,連宇,58,23,35,富邦-中壢,2023-12-19,9636
6231,系微,36,5,31,富邦-中壢,2023-12-19,9636
00665L,富邦�琤肭磪囓�2,51,20,31,富邦-中壢,2023-12-19,9636
2515,中工,94,63,31,富邦-中壢,2023-12-19,9636
00679B,元大美債20年,81,51,30,富邦-中壢,2023-12-19,9636
00900,富邦特選高股息30,43,14,29,富邦-中壢,2023-12-19,9636
2201,裕隆,28,1,27,富邦-中壢,2023-12-19,9636
00933B,國泰10Y+金融債,60,33,27,富邦-中壢,2023-12-19,9636
2102,泰豐,27,0,27,富邦-中壢,2023-12-19,9636
00687B,國泰20年美債,192,166,26,富邦-中壢,2023-12-19,9636
3060,銘異,34,9,25,富邦-中壢,2023-12-19,9636
2891,中信金,32,7,25,富邦-中壢,2023-12-19,9636
00671R,富邦NASDAQ反1,25,0,25,富邦-中壢,2023-12-19,9636
1514,亞力,50,25,25,富邦-中壢,2023-12-19,9636
2352,佳世達,45,21,24,富邦-中壢,2023-12-19,9636
2610,華航,40,16,24,富邦-中壢,2023-12-19,9636
3390,旭軟,51,27,24,富邦-中壢,2023-12-19,9636
1102,亞泥,25,1,24,富邦-中壢,2023-12-19,9636
0056,元大高股息,45,22,23,富邦-中壢,2023-12-19,9636
00633L,富邦上証正2,25,2,23,富邦-中壢,2023-12-19,9636
00915,凱基優選高股息30,27,5,22,富邦-中壢,2023-12-19,9636
8936,國統,28,6,22,富邦-中壢,2023-12-19,9636
6245,立端,574,14,560,富邦-中壢,2023-12-20,9636
00919,群益台灣精選高息,268,21,247,富邦-中壢,2023-12-20,9636
00632R,元大台灣50反1,226,0,226,富邦-中壢,2023-12-20,9636
2102,泰豐,166,0,166,富邦-中壢,2023-12-20,9636
00937B,群益ESG投等債20,170,20,150,富邦-中壢,2023-12-20,9636
00688L,國泰20年美債正2,130,0,130,富邦-中壢,2023-12-20,9636
2515,中工,301,179,122,富邦-中壢,2023-12-20,9636
3051,力特,105,1,104,富邦-中壢,2023-12-20,9636
2891,中信金,104,3,101,富邦-中壢,2023-12-20,9636
3450,聯鈞,82,1,81,富邦-中壢,2023-12-20,9636
2482,連宇,80,4,76,富邦-中壢,2023-12-20,9636
00936,台新永續高息中小,74,5,69,富邦-中壢,2023-12-20,9636
00881,國泰台灣5G+,117,53,64,富邦-中壢,2023-12-20,9636
00934,中信成長高股息,59,0,59,富邦-中壢,2023-12-20,9636
00687B,國泰20年美債,126,69,57,富邦-中壢,2023-12-20,9636
00929,復華台灣科技優息,126,74,52,富邦-中壢,2023-12-20,9636
8064,東捷,50,0,50,富邦-中壢,2023-12-20,9636
1589,永冠-KY,50,1,49,富邦-中壢,2023-12-20,9636
2007,燁興,59,12,47,富邦-中壢,2023-12-20,9636
00933B,國泰10Y+金融債,44,2,42,富邦-中壢,2023-12-20,9636
00931B,統一美債20年,49,8,41,富邦-中壢,2023-12-20,9636
2882,國泰金,40,0,40,富邦-中壢,2023-12-20,9636
2892,第一金,40,1,39,富邦-中壢,2023-12-20,9636
00680L,元大美債20正2,35,1,34,富邦-中壢,2023-12-20,9636
1732,毛寶,38,7,31,富邦-中壢,2023-12-20,9636
1612,宏泰,29,0,29,富邦-中壢,2023-12-20,9636
2356,英業達,276,249,27,富邦-中壢,2023-12-20,9636
2365,昆盈,37,10,27,富邦-中壢,2023-12-20,9636
2903,遠百,30,3,27,富邦-中壢,2023-12-20,9636
2023,燁輝,40,14,26,富邦-中壢,2023-12-20,9636
00706L,期元大S＆P日圓正2,26,0,26,富邦-中壢,2023-12-20,9636
2881,富邦金,32,7,25,富邦-中壢,2023-12-20,9636
2408,南亞科,37,12,25,富邦-中壢,2023-12-20,9636
00921,兆豐龍頭等權重,26,1,25,富邦-中壢,2023-12-20,9636
2387,精元,145,121,24,富邦-中壢,2023-12-20,9636
8046,南電,24,0,24,富邦-中壢,2023-12-20,9636
6147,頎邦,23,0,23,富邦-中壢,2023-12-20,9636
6182,合晶,23,0,23,富邦-中壢,2023-12-20,9636
1504,東元,24,2,22,富邦-中壢,2023-12-20,9636
2412,中華電,22,1,21,富邦-中壢,2023-12-20,9636
2505,國揚,41,20,21,富邦-中壢,2023-12-20,9636
1616,億泰,21,0,21,富邦-中壢,2023-12-20,9636
3362,先進光,23,3,20,富邦-中壢,2023-12-20,9636
8201,無敵,21,1,20,富邦-中壢,2023-12-20,9636
8011,台通,26,6,20,富邦-中壢,2023-12-20,9636
5521,工信,83,63,20,富邦-中壢,2023-12-20,9636
911868,同方友友-DR,20,0,20,富邦-中壢,2023-12-20,9636
1905,華紙,29,10,19,富邦-中壢,2023-12-20,9636
6770,力積電,19,0,19,富邦-中壢,2023-12-20,9636
6244,茂迪,24,5,19,富邦-中壢,2023-12-20,9636
00919,群益台灣精選高息,576,37,539,富邦-中壢,2023-12-21,9636
9105,泰金寶-DR,816,496,320,富邦-中壢,2023-12-21,9636
00929,復華台灣科技優息,405,133,272,富邦-中壢,2023-12-21,9636
1325,恆大,176,35,141,富邦-中壢,2023-12-21,9636
2010,春源,110,1,109,富邦-中壢,2023-12-21,9636
2201,裕隆,100,4,96,富邦-中壢,2023-12-21,9636
00878,國泰永續高股息,99,13,86,富邦-中壢,2023-12-21,9636
2371,大同,82,2,80,富邦-中壢,2023-12-21,9636
00687B,國泰20年美債,172,95,77,富邦-中壢,2023-12-21,9636
00671R,富邦NASDAQ反1,60,0,60,富邦-中壢,2023-12-21,9636
2615,萬海,162,104,58,富邦-中壢,2023-12-21,9636
00934,中信成長高股息,53,0,53,富邦-中壢,2023-12-21,9636
2314,台揚,52,1,51,富邦-中壢,2023-12-21,9636
00669R,國泰美國道瓊反1,50,0,50,富邦-中壢,2023-12-21,9636
2505,國揚,81,31,50,富邦-中壢,2023-12-21,9636
00915,凱基優選高股息30,61,11,50,富邦-中壢,2023-12-21,9636
2102,泰豐,50,0,50,富邦-中壢,2023-12-21,9636
1529,樂事綠能,51,1,50,富邦-中壢,2023-12-21,9636
00888,永豐台灣ESG,50,1,49,富邦-中壢,2023-12-21,9636
2007,燁興,53,5,48,富邦-中壢,2023-12-21,9636
00688L,國泰20年美債正2,53,8,45,富邦-中壢,2023-12-21,9636
0056,元大高股息,60,15,45,富邦-中壢,2023-12-21,9636
2323,中環,63,20,43,富邦-中壢,2023-12-21,9636
3041,揚智,46,4,42,富邦-中壢,2023-12-21,9636
3231,緯創,257,215,42,富邦-中壢,2023-12-21,9636
8011,台通,43,2,41,富邦-中壢,2023-12-21,9636
2303,聯電,47,7,40,富邦-中壢,2023-12-21,9636
00720B,元大投資級公司債,43,3,40,富邦-中壢,2023-12-21,9636
00676R,富邦臺灣加權反1,40,0,40,富邦-中壢,2023-12-21,9636
2101,南港,40,2,38,富邦-中壢,2023-12-21,9636
9904,寶成,37,0,37,富邦-中壢,2023-12-21,9636
2363,矽統,47,10,37,富邦-中壢,2023-12-21,9636
8054,安國,130,94,36,富邦-中壢,2023-12-21,9636
00937B,群益ESG投等債20,212,179,33,富邦-中壢,2023-12-21,9636
2882,國泰金,32,0,32,富邦-中壢,2023-12-21,9636
6770,力積電,32,1,31,富邦-中壢,2023-12-21,9636
4931,新盛力,30,1,29,富邦-中壢,2023-12-21,9636
3390,旭軟,32,4,28,富邦-中壢,2023-12-21,9636
00895,富邦未來車,30,3,27,富邦-中壢,2023-12-21,9636
2324,仁寶,123,96,27,富邦-中壢,2023-12-21,9636
5269,祥碩,26,0,26,富邦-中壢,2023-12-21,9636
1809,中釉,25,0,25,富邦-中壢,2023-12-21,9636
3059,華晶科,26,2,24,富邦-中壢,2023-12-21,9636
2630,亞航,56,33,23,富邦-中壢,2023-12-21,9636
8936,國統,23,1,22,富邦-中壢,2023-12-21,9636
8028,昇陽半導體,21,0,21,富邦-中壢,2023-12-21,9636
6164,華興,22,1,21,富邦-中壢,2023-12-21,9636
2520,冠德,21,0,21,富邦-中壢,2023-12-21,9636
2606,裕民,31,10,21,富邦-中壢,2023-12-21,9636
00679B,元大美債20年,32,12,20,富邦-中壢,2023-12-21,9636
00753L,中信中國50正2,393,102,291,富邦-中壢,2023-12-22,9636
00937B,群益ESG投等債20,260,76,184,富邦-中壢,2023-12-22,9636
00919,群益台灣精選高息,225,94,131,富邦-中壢,2023-12-22,9636
00687B,國泰20年美債,176,48,128,富邦-中壢,2023-12-22,9636
00665L,富邦�琤肭磪囓�2,121,3,118,富邦-中壢,2023-12-22,9636
2344,華邦電,269,169,100,富邦-中壢,2023-12-22,9636
00680L,元大美債20正2,103,13,90,富邦-中壢,2023-12-22,9636
00929,復華台灣科技優息,199,124,75,富邦-中壢,2023-12-22,9636
2515,中工,147,77,70,富邦-中壢,2023-12-22,9636
00933B,國泰10Y+金融債,79,11,68,富邦-中壢,2023-12-22,9636
00931B,統一美債20年,87,19,68,富邦-中壢,2023-12-22,9636
2801,彰銀,62,0,62,富邦-中壢,2023-12-22,9636
2356,英業達,210,156,54,富邦-中壢,2023-12-22,9636
00679B,元大美債20年,68,18,50,富邦-中壢,2023-12-22,9636
00882,中信中國高股息,58,8,50,富邦-中壢,2023-12-22,9636
5009,榮剛,63,16,47,富邦-中壢,2023-12-22,9636
2888,新光金,48,1,47,富邦-中壢,2023-12-22,9636
2314,台揚,44,0,44,富邦-中壢,2023-12-22,9636
00632R,元大台灣50反1,49,5,44,富邦-中壢,2023-12-22,9636
6182,合晶,47,3,44,富邦-中壢,2023-12-22,9636
4167,松瑞藥,61,20,41,富邦-中壢,2023-12-22,9636
2313,華通,96,58,38,富邦-中壢,2023-12-22,9636
4915,致伸,38,1,37,富邦-中壢,2023-12-22,9636
00752,中信中國50,37,0,37,富邦-中壢,2023-12-22,9636
1314,中石化,42,6,36,富邦-中壢,2023-12-22,9636
2363,矽統,91,55,36,富邦-中壢,2023-12-22,9636
2387,精元,38,3,35,富邦-中壢,2023-12-22,9636
3051,力特,43,10,33,富邦-中壢,2023-12-22,9636
00719B,元大美債1-3,33,0,33,富邦-中壢,2023-12-22,9636
2449,京元電子,31,2,29,富邦-中壢,2023-12-22,9636
2027,大成鋼,31,3,28,富邦-中壢,2023-12-22,9636
4931,新盛力,59,31,28,富邦-中壢,2023-12-22,9636
6461,益得,35,8,27,富邦-中壢,2023-12-22,9636
00773B,中信優先金融債,26,0,26,富邦-中壢,2023-12-22,9636
00688L,國泰20年美債正2,25,0,25,富邦-中壢,2023-12-22,9636
2014,中鴻,47,22,25,富邦-中壢,2023-12-22,9636
2882,國泰金,27,3,24,富邦-中壢,2023-12-22,9636
4938,和碩,26,2,24,富邦-中壢,2023-12-22,9636
2892,第一金,23,2,21,富邦-中壢,2023-12-22,9636
2367,燿華,41,20,21,富邦-中壢,2023-12-22,9636
2025,千興,20,0,20,富邦-中壢,2023-12-22,9636
2323,中環,24,5,19,富邦-中壢,2023-12-22,9636
1905,華紙,22,3,19,富邦-中壢,2023-12-22,9636
4402,郡都開發,20,1,19,富邦-中壢,2023-12-22,9636
2201,裕隆,59,41,18,富邦-中壢,2023-12-22,9636
2637,慧洋-KY,24,7,17,富邦-中壢,2023-12-22,9636
1506,正道,17,0,17,富邦-中壢,2023-12-22,9636
2376,技嘉,23,6,17,富邦-中壢,2023-12-22,9636
00720B,元大投資級公司債,50,34,16,富邦-中壢,2023-12-22,9636
2355,敬鵬,33,17,16,富邦-中壢,2023-12-22,9636
00919,群益台灣精選高息,520,53,467,富邦-中壢,2023-12-25,9636
2609,陽明,541,324,217,富邦-中壢,2023-12-25,9636
6550,北極星藥業-KY,155,19,136,富邦-中壢,2023-12-25,9636
00687B,國泰20年美債,133,14,119,富邦-中壢,2023-12-25,9636
00632R,元大台灣50反1,91,0,91,富邦-中壢,2023-12-25,9636
9105,泰金寶-DR,97,12,85,富邦-中壢,2023-12-25,9636
2324,仁寶,225,148,77,富邦-中壢,2023-12-25,9636
00715L,期街口布蘭特正2,74,0,74,富邦-中壢,2023-12-25,9636
00937B,群益ESG投等債20,154,82,72,富邦-中壢,2023-12-25,9636
6191,精成科,67,3,64,富邦-中壢,2023-12-25,9636
2421,建準,134,70,64,富邦-中壢,2023-12-25,9636
2301,光寶科,65,8,57,富邦-中壢,2023-12-25,9636
00918,大華優利高填息30,58,2,56,富邦-中壢,2023-12-25,9636
2402,毅嘉,67,13,54,富邦-中壢,2023-12-25,9636
2443,昶虹,52,4,48,富邦-中壢,2023-12-25,9636
9904,寶成,48,1,47,富邦-中壢,2023-12-25,9636
2505,國揚,62,17,45,富邦-中壢,2023-12-25,9636
2405,輔信,48,3,45,富邦-中壢,2023-12-25,9636
00712,復華富時不動產,48,5,43,富邦-中壢,2023-12-25,9636
00679B,元大美債20年,68,31,37,富邦-中壢,2023-12-25,9636
1314,中石化,34,0,34,富邦-中壢,2023-12-25,9636
1514,亞力,39,8,31,富邦-中壢,2023-12-25,9636
2607,榮運,33,3,30,富邦-中壢,2023-12-25,9636
00933B,國泰10Y+金融債,41,12,29,富邦-中壢,2023-12-25,9636
6139,亞翔,37,10,27,富邦-中壢,2023-12-25,9636
8021,尖點,26,0,26,富邦-中壢,2023-12-25,9636
00772B,中信高評級公司債,35,10,25,富邦-中壢,2023-12-25,9636
2025,千興,24,0,24,富邦-中壢,2023-12-25,9636
2637,慧洋-KY,29,5,24,富邦-中壢,2023-12-25,9636
1612,宏泰,25,1,24,富邦-中壢,2023-12-25,9636
2032,新鋼,31,8,23,富邦-中壢,2023-12-25,9636
00713,元大台灣高息低波,27,5,22,富邦-中壢,2023-12-25,9636
00633L,富邦上証正2,27,5,22,富邦-中壢,2023-12-25,9636
1517,利奇,22,0,22,富邦-中壢,2023-12-25,9636
4931,新盛力,21,0,21,富邦-中壢,2023-12-25,9636
2363,矽統,48,28,20,富邦-中壢,2023-12-25,9636
2449,京元電子,20,1,19,富邦-中壢,2023-12-25,9636
2606,裕民,46,27,19,富邦-中壢,2023-12-25,9636
3029,零壹,20,1,19,富邦-中壢,2023-12-25,9636
8933,愛地雅,19,0,19,富邦-中壢,2023-12-25,9636
1609,大亞,24,6,18,富邦-中壢,2023-12-25,9636
1524,耿鼎,19,1,18,富邦-中壢,2023-12-25,9636
2603,長榮,99,82,17,富邦-中壢,2023-12-25,9636
2401,凌陽,17,0,17,富邦-中壢,2023-12-25,9636
006205,富邦上証,16,0,16,富邦-中壢,2023-12-25,9636
2601,益航,20,4,16,富邦-中壢,2023-12-25,9636
2007,燁興,18,2,16,富邦-中壢,2023-12-25,9636
2031,新光鋼,28,12,16,富邦-中壢,2023-12-25,9636
2801,彰銀,15,0,15,富邦-中壢,2023-12-25,9636
3712,永崴投控,15,0,15,富邦-中壢,2023-12-25,9636
00919,群益台灣精選高息,556,59,497,富邦-中壢,2023-12-26,9636
3006,晶豪科,263,39,224,富邦-中壢,2023-12-26,9636
2610,華航,658,486,172,富邦-中壢,2023-12-26,9636
00632R,元大台灣50反1,214,100,114,富邦-中壢,2023-12-26,9636
00687B,國泰20年美債,110,8,102,富邦-中壢,2023-12-26,9636
1584,精剛,116,14,102,富邦-中壢,2023-12-26,9636
00720B,元大投資級公司債,106,33,73,富邦-中壢,2023-12-26,9636
2443,昶虹,56,2,54,富邦-中壢,2023-12-26,9636
8064,東捷,50,0,50,富邦-中壢,2023-12-26,9636
1519,華城,83,34,49,富邦-中壢,2023-12-26,9636
00933B,國泰10Y+金融債,78,29,49,富邦-中壢,2023-12-26,9636
2516,新建,44,0,44,富邦-中壢,2023-12-26,9636
2388,威盛,58,16,42,富邦-中壢,2023-12-26,9636
6770,力積電,41,0,41,富邦-中壢,2023-12-26,9636
00915,凱基優選高股息30,42,2,40,富邦-中壢,2023-12-26,9636
00937B,群益ESG投等債20,89,49,40,富邦-中壢,2023-12-26,9636
2371,大同,52,12,40,富邦-中壢,2023-12-26,9636
3346,麗清,70,30,40,富邦-中壢,2023-12-26,9636
00680L,元大美債20正2,83,45,38,富邦-中壢,2023-12-26,9636
00633L,富邦上証正2,37,0,37,富邦-中壢,2023-12-26,9636
3041,揚智,59,23,36,富邦-中壢,2023-12-26,9636
2331,精英,43,9,34,富邦-中壢,2023-12-26,9636
6668,中揚光,64,30,34,富邦-中壢,2023-12-26,9636
2618,長榮航,53,21,32,富邦-中壢,2023-12-26,9636
3231,緯創,252,223,29,富邦-中壢,2023-12-26,9636
006205,富邦上証,29,0,29,富邦-中壢,2023-12-26,9636
1314,中石化,36,9,27,富邦-中壢,2023-12-26,9636
9904,寶成,30,4,26,富邦-中壢,2023-12-26,9636
00882,中信中國高股息,26,2,24,富邦-中壢,2023-12-26,9636
5009,榮剛,57,33,24,富邦-中壢,2023-12-26,9636
2913,農林,21,0,21,富邦-中壢,2023-12-26,9636
5469,瀚宇博,21,0,21,富邦-中壢,2023-12-26,9636
00877,復華中國5G,20,0,20,富邦-中壢,2023-12-26,9636
2402,毅嘉,53,33,20,富邦-中壢,2023-12-26,9636
1605,華新,37,17,20,富邦-中壢,2023-12-26,9636
2405,輔信,153,134,19,富邦-中壢,2023-12-26,9636
6237,驊訊,67,49,18,富邦-中壢,2023-12-26,9636
00931B,統一美債20年,16,0,16,富邦-中壢,2023-12-26,9636
5398,慕康生醫,24,8,16,富邦-中壢,2023-12-26,9636
2329,華泰,17,1,16,富邦-中壢,2023-12-26,9636
2515,中工,28,12,16,富邦-中壢,2023-12-26,9636
2367,燿華,49,35,14,富邦-中壢,2023-12-26,9636
00751B,元大AAA至A公司債,27,13,14,富邦-中壢,2023-12-26,9636
2356,英業達,106,93,13,富邦-中壢,2023-12-26,9636
3545,敦泰,15,2,13,富邦-中壢,2023-12-26,9636
1514,亞力,15,3,12,富邦-中壢,2023-12-26,9636
8936,國統,24,12,12,富邦-中壢,2023-12-26,9636
2369,菱生,12,0,12,富邦-中壢,2023-12-26,9636
2204,中華,16,4,12,富邦-中壢,2023-12-26,9636
00679B,元大美債20年,35,24,11,富邦-中壢,2023-12-26,9636
00937B,群益ESG投等債20,717,27,690,富邦-中壢,2023-12-27,9636
00919,群益台灣精選高息,360,36,324,富邦-中壢,2023-12-27,9636
00632R,元大台灣50反1,403,121,282,富邦-中壢,2023-12-27,9636
2101,南港,258,6,252,富邦-中壢,2023-12-27,9636
2324,仁寶,316,156,160,富邦-中壢,2023-12-27,9636
00687B,國泰20年美債,113,17,96,富邦-中壢,2023-12-27,9636
2331,精英,91,13,78,富邦-中壢,2023-12-27,9636
4533,協易機,69,0,69,富邦-中壢,2023-12-27,9636
6191,精成科,64,1,63,富邦-中壢,2023-12-27,9636
00918,大華優利高填息30,75,12,63,富邦-中壢,2023-12-27,9636
00882,中信中國高股息,59,1,58,富邦-中壢,2023-12-27,9636
2515,中工,70,13,57,富邦-中壢,2023-12-27,9636
00934,中信成長高股息,71,15,56,富邦-中壢,2023-12-27,9636
00673R,期元大S＆P原油反1,66,10,56,富邦-中壢,2023-12-27,9636
3006,晶豪科,110,65,45,富邦-中壢,2023-12-27,9636
3094,聯傑,59,15,44,富邦-中壢,2023-12-27,9636
2323,中環,42,0,42,富邦-中壢,2023-12-27,9636
00929,復華台灣科技優息,210,169,41,富邦-中壢,2023-12-27,9636
3346,麗清,61,25,36,富邦-中壢,2023-12-27,9636
2618,長榮航,77,42,35,富邦-中壢,2023-12-27,9636
3051,力特,38,4,34,富邦-中壢,2023-12-27,9636
8936,國統,46,12,34,富邦-中壢,2023-12-27,9636
3029,零壹,33,0,33,富邦-中壢,2023-12-27,9636
00927,群益半導體收益,32,0,32,富邦-中壢,2023-12-27,9636
6231,系微,48,17,31,富邦-中壢,2023-12-27,9636
00720B,元大投資級公司債,40,9,31,富邦-中壢,2023-12-27,9636
2913,農林,30,0,30,富邦-中壢,2023-12-27,9636
2505,國揚,30,1,29,富邦-中壢,2023-12-27,9636
2014,中鴻,42,16,26,富邦-中壢,2023-12-27,9636
4155,訊映,27,1,26,富邦-中壢,2023-12-27,9636
3437,榮創,36,11,25,富邦-中壢,2023-12-27,9636
2337,旺宏,73,48,25,富邦-中壢,2023-12-27,9636
2027,大成鋼,31,8,23,富邦-中壢,2023-12-27,9636
1312,國喬,23,0,23,富邦-中壢,2023-12-27,9636
3390,旭軟,76,54,22,富邦-中壢,2023-12-27,9636
8477,創業家,22,1,21,富邦-中壢,2023-12-27,9636
6129,普誠,35,15,20,富邦-中壢,2023-12-27,9636
2340,台亞,20,0,20,富邦-中壢,2023-12-27,9636
2467,志聖,20,0,20,富邦-中壢,2023-12-27,9636
00676R,富邦臺灣加權反1,20,0,20,富邦-中壢,2023-12-27,9636
5512,力麒,20,0,20,富邦-中壢,2023-12-27,9636
2102,泰豐,20,0,20,富邦-中壢,2023-12-27,9636
00915,凱基優選高股息30,19,0,19,富邦-中壢,2023-12-27,9636
4402,郡都開發,30,11,19,富邦-中壢,2023-12-27,9636
2374,佳能,18,0,18,富邦-中壢,2023-12-27,9636
6233,旺玖,92,74,18,富邦-中壢,2023-12-27,9636
2329,華泰,31,14,17,富邦-中壢,2023-12-27,9636
2492,華新科,23,6,17,富邦-中壢,2023-12-27,9636
8039,台虹,36,20,16,富邦-中壢,2023-12-27,9636
4979,華星光,25,9,16,富邦-中壢,2023-12-27,9636
00937B,群益ESG投等債20,445,20,425,富邦-中壢,2023-12-28,9636
00919,群益台灣精選高息,389,41,348,富邦-中壢,2023-12-28,9636
2312,金寶,104,0,104,富邦-中壢,2023-12-28,9636
00637L,元大滬深300正2,227,127,100,富邦-中壢,2023-12-28,9636
00687B,國泰20年美債,101,22,79,富邦-中壢,2023-12-28,9636
1514,亞力,176,106,70,富邦-中壢,2023-12-28,9636
00632R,元大台灣50反1,68,0,68,富邦-中壢,2023-12-28,9636
2365,昆盈,107,40,67,富邦-中壢,2023-12-28,9636
00715L,期街口布蘭特正2,68,9,59,富邦-中壢,2023-12-28,9636
3006,晶豪科,97,41,56,富邦-中壢,2023-12-28,9636
6152,百一,55,2,53,富邦-中壢,2023-12-28,9636
00706L,期元大S＆P日圓正2,56,6,50,富邦-中壢,2023-12-28,9636
0056,元大高股息,88,38,50,富邦-中壢,2023-12-28,9636
00712,復華富時不動產,72,24,48,富邦-中壢,2023-12-28,9636
3481,群創,96,52,44,富邦-中壢,2023-12-28,9636
3346,麗清,60,16,44,富邦-中壢,2023-12-28,9636
2610,華航,66,23,43,富邦-中壢,2023-12-28,9636
3041,揚智,41,1,40,富邦-中壢,2023-12-28,9636
2405,輔信,61,22,39,富邦-中壢,2023-12-28,9636
3338,泰碩,103,65,38,富邦-中壢,2023-12-28,9636
2609,陽明,160,123,37,富邦-中壢,2023-12-28,9636
00915,凱基優選高股息30,39,3,36,富邦-中壢,2023-12-28,9636
00679B,元大美債20年,38,2,36,富邦-中壢,2023-12-28,9636
00934,中信成長高股息,46,11,35,富邦-中壢,2023-12-28,9636
8011,台通,66,33,33,富邦-中壢,2023-12-28,9636
6120,達運,38,6,32,富邦-中壢,2023-12-28,9636
8096,擎亞,114,84,30,富邦-中壢,2023-12-28,9636
1809,中釉,30,0,30,富邦-中壢,2023-12-28,9636
4904,遠傳,29,0,29,富邦-中壢,2023-12-28,9636
8936,國統,50,22,28,富邦-中壢,2023-12-28,9636
00665L,富邦�琤肭磪囓�2,30,2,28,富邦-中壢,2023-12-28,9636
2603,長榮,65,38,27,富邦-中壢,2023-12-28,9636
2408,南亞科,40,13,27,富邦-中壢,2023-12-28,9636
2888,新光金,31,5,26,富邦-中壢,2023-12-28,9636
6233,旺玖,46,21,25,富邦-中壢,2023-12-28,9636
4533,協易機,23,0,23,富邦-中壢,2023-12-28,9636
1504,東元,31,9,22,富邦-中壢,2023-12-28,9636
5351,鈺創,57,35,22,富邦-中壢,2023-12-28,9636
6901,鑽石投資,23,1,22,富邦-中壢,2023-12-28,9636
00751B,元大AAA至A公司債,37,16,21,富邦-中壢,2023-12-28,9636
2201,裕隆,31,10,21,富邦-中壢,2023-12-28,9636
00733,富邦臺灣中小,20,0,20,富邦-中壢,2023-12-28,9636
2485,兆赫,20,0,20,富邦-中壢,2023-12-28,9636
5512,力麒,20,0,20,富邦-中壢,2023-12-28,9636
00929,復華台灣科技優息,174,154,20,富邦-中壢,2023-12-28,9636
00642U,期元大S＆P石油,18,0,18,富邦-中壢,2023-12-28,9636
1616,億泰,24,7,17,富邦-中壢,2023-12-28,9636
2605,新興,28,11,17,富邦-中壢,2023-12-28,9636
00935,野村臺灣新科技50,17,0,17,富邦-中壢,2023-12-28,9636
6550,北極星藥業-KY,17,0,17,富邦-中壢,2023-12-28,9636
00937B,群益ESG投等債20,638,30,608,富邦-中壢,2023-12-29,9636
00919,群益台灣精選高息,233,41,192,富邦-中壢,2023-12-29,9636
00715L,期街口布蘭特正2,186,33,153,富邦-中壢,2023-12-29,9636
00687B,國泰20年美債,152,11,141,富邦-中壢,2023-12-29,9636
00688L,國泰20年美債正2,116,0,116,富邦-中壢,2023-12-29,9636
2331,精英,193,85,108,富邦-中壢,2023-12-29,9636
3706,神達,187,91,96,富邦-中壢,2023-12-29,9636
2371,大同,79,2,77,富邦-中壢,2023-12-29,9636
2102,泰豐,80,4,76,富邦-中壢,2023-12-29,9636
00934,中信成長高股息,63,0,63,富邦-中壢,2023-12-29,9636
3006,晶豪科,139,79,60,富邦-中壢,2023-12-29,9636
00720B,元大投資級公司債,68,9,59,富邦-中壢,2023-12-29,9636
00751B,元大AAA至A公司債,58,1,57,富邦-中壢,2023-12-29,9636
5009,榮剛,65,10,55,富邦-中壢,2023-12-29,9636
2609,陽明,84,31,53,富邦-中壢,2023-12-29,9636
00679B,元大美債20年,55,4,51,富邦-中壢,2023-12-29,9636
2353,宏��,141,99,42,富邦-中壢,2023-12-29,9636
6695,芯鼎,71,31,40,富邦-中壢,2023-12-29,9636
2883B,凱基金乙特,40,0,40,富邦-中壢,2023-12-29,9636
00706L,期元大S＆P日圓正2,37,0,37,富邦-中壢,2023-12-29,9636
2101,南港,39,2,37,富邦-中壢,2023-12-29,9636
2610,華航,54,19,35,富邦-中壢,2023-12-29,9636
8011,台通,54,22,32,富邦-中壢,2023-12-29,9636
9105,泰金寶-DR,30,0,30,富邦-中壢,2023-12-29,9636
00931B,統一美債20年,36,6,30,富邦-中壢,2023-12-29,9636
2515,中工,55,26,29,富邦-中壢,2023-12-29,9636
00637L,元大滬深300正2,137,109,28,富邦-中壢,2023-12-29,9636
2486,一詮,140,112,28,富邦-中壢,2023-12-29,9636
1519,華城,69,42,27,富邦-中壢,2023-12-29,9636
00918,大華優利高填息30,26,0,26,富邦-中壢,2023-12-29,9636
3041,揚智,30,5,25,富邦-中壢,2023-12-29,9636
00773B,中信優先金融債,26,1,25,富邦-中壢,2023-12-29,9636
6233,旺玖,29,4,25,富邦-中壢,2023-12-29,9636
2913,農林,24,0,24,富邦-中壢,2023-12-29,9636
2337,旺宏,35,12,23,富邦-中壢,2023-12-29,9636
00857B,永豐20年美公債,23,0,23,富邦-中壢,2023-12-29,9636
2493,揚博,22,0,22,富邦-中壢,2023-12-29,9636
1618,合機,29,7,22,富邦-中壢,2023-12-29,9636
2399,映泰,21,0,21,富邦-中壢,2023-12-29,9636
00933B,國泰10Y+金融債,38,17,21,富邦-中壢,2023-12-29,9636
1513,中興電,27,6,21,富邦-中壢,2023-12-29,9636
4720,德淵,20,0,20,富邦-中壢,2023-12-29,9636
2301,光寶科,24,4,20,富邦-中壢,2023-12-29,9636
9945,潤泰新,20,1,19,富邦-中壢,2023-12-29,9636
6593,台灣銘板,20,2,18,富邦-中壢,2023-12-29,9636
3296,勝德,19,1,18,富邦-中壢,2023-12-29,9636
4904,遠傳,17,0,17,富邦-中壢,2023-12-29,9636
2603,長榮,74,57,17,富邦-中壢,2023-12-29,9636
3438,類比科,34,18,16,富邦-中壢,2023-12-29,9636
8088,品安,27,11,16,富邦-中壢,2023-12-29,9636
00937B,群益ESG投等債20,605,3,602,富邦-中壢,2024-01-02,9636
00929,復華台灣科技優息,546,196,350,富邦-中壢,2024-01-02,9636
00688L,國泰20年美債正2,168,0,168,富邦-中壢,2024-01-02,9636
00878,國泰永續高股息,215,53,162,富邦-中壢,2024-01-02,9636
00919,群益台灣精選高息,345,183,162,富邦-中壢,2024-01-02,9636
00687B,國泰20年美債,203,58,145,富邦-中壢,2024-01-02,9636
9105,泰金寶-DR,160,19,141,富邦-中壢,2024-01-02,9636
3231,緯創,247,145,102,富邦-中壢,2024-01-02,9636
2891,中信金,105,9,96,富邦-中壢,2024-01-02,9636
00720B,元大投資級公司債,98,6,92,富邦-中壢,2024-01-02,9636
00665L,富邦�琤肭磪囓�2,95,10,85,富邦-中壢,2024-01-02,9636
00751B,元大AAA至A公司債,90,8,82,富邦-中壢,2024-01-02,9636
2609,陽明,671,591,80,富邦-中壢,2024-01-02,9636
00637L,元大滬深300正2,209,130,79,富邦-中壢,2024-01-02,9636
00633L,富邦上証正2,67,5,62,富邦-中壢,2024-01-02,9636
00931B,統一美債20年,57,0,57,富邦-中壢,2024-01-02,9636
2449,京元電子,55,1,54,富邦-中壢,2024-01-02,9636
2615,萬海,66,15,51,富邦-中壢,2024-01-02,9636
4113,聯上,50,0,50,富邦-中壢,2024-01-02,9636
00753L,中信中國50正2,53,3,50,富邦-中壢,2024-01-02,9636
00935,野村臺灣新科技50,49,0,49,富邦-中壢,2024-01-02,9636
0056,元大高股息,80,31,49,富邦-中壢,2024-01-02,9636
2352,佳世達,151,103,48,富邦-中壢,2024-01-02,9636
2515,中工,79,32,47,富邦-中壢,2024-01-02,9636
8011,台通,76,30,46,富邦-中壢,2024-01-02,9636
00915,凱基優選高股息30,43,1,42,富邦-中壢,2024-01-02,9636
1584,精剛,50,9,41,富邦-中壢,2024-01-02,9636
2323,中環,45,5,40,富邦-中壢,2024-01-02,9636
8089,康全電訊,50,10,40,富邦-中壢,2024-01-02,9636
00712,復華富時不動產,70,33,37,富邦-中壢,2024-01-02,9636
00669R,國泰美國道瓊反1,36,0,36,富邦-中壢,2024-01-02,9636
00679B,元大美債20年,77,42,35,富邦-中壢,2024-01-02,9636
00706L,期元大S＆P日圓正2,35,0,35,富邦-中壢,2024-01-02,9636
2102,泰豐,35,0,35,富邦-中壢,2024-01-02,9636
1717,長興,34,0,34,富邦-中壢,2024-01-02,9636
00795B,中信美國公債20年,34,1,33,富邦-中壢,2024-01-02,9636
00722B,群益投資級電信債,32,0,32,富邦-中壢,2024-01-02,9636
00680L,元大美債20正2,90,59,31,富邦-中壢,2024-01-02,9636
2356,英業達,97,66,31,富邦-中壢,2024-01-02,9636
8105,凌巨,30,0,30,富邦-中壢,2024-01-02,9636
00733,富邦臺灣中小,30,1,29,富邦-中壢,2024-01-02,9636
3037,欣興,34,4,30,富邦-中壢,2024-01-02,9636
6113,亞矽,75,46,29,富邦-中壢,2024-01-02,9636
6290,良維,35,7,28,富邦-中壢,2024-01-02,9636
00922,國泰台灣領袖50,26,0,26,富邦-中壢,2024-01-02,9636
2303,聯電,53,28,25,富邦-中壢,2024-01-02,9636
5452,佶優,44,21,23,富邦-中壢,2024-01-02,9636
00902,中信電池及儲能,21,0,21,富邦-中壢,2024-01-02,9636
00934,中信成長高股息,42,21,21,富邦-中壢,2024-01-02,9636
00921,兆豐龍頭等權重,20,0,20,富邦-中壢,2024-01-02,9636
2609,陽明,1149,163,986,富邦-中壢,2024-01-03,9636
00929,復華台灣科技優息,930,139,791,富邦-中壢,2024-01-03,9636
00715L,期街口布蘭特正2,345,0,345,富邦-中壢,2024-01-03,9636
00919,群益台灣精選高息,450,137,313,富邦-中壢,2024-01-03,9636
2610,華航,303,15,288,富邦-中壢,2024-01-03,9636
8086,宏捷科,270,3,267,富邦-中壢,2024-01-03,9636
00937B,群益ESG投等債20,222,3,219,富邦-中壢,2024-01-03,9636
00878,國泰永續高股息,283,105,178,富邦-中壢,2024-01-03,9636
0056,元大高股息,235,86,149,富邦-中壢,2024-01-03,9636
00688L,國泰20年美債正2,138,0,138,富邦-中壢,2024-01-03,9636
00680L,元大美債20正2,133,0,133,富邦-中壢,2024-01-03,9636
00915,凱基優選高股息30,115,0,115,富邦-中壢,2024-01-03,9636
2618,長榮航,294,188,106,富邦-中壢,2024-01-03,9636
00934,中信成長高股息,114,13,101,富邦-中壢,2024-01-03,9636
00935,野村臺灣新科技50,97,6,91,富邦-中壢,2024-01-03,9636
00687B,國泰20年美債,92,5,87,富邦-中壢,2024-01-03,9636
5521,工信,201,118,83,富邦-中壢,2024-01-03,9636
2371,大同,154,73,81,富邦-中壢,2024-01-03,9636
9105,泰金寶-DR,134,62,72,富邦-中壢,2024-01-03,9636
00650L,復華香港正2,71,0,71,富邦-中壢,2024-01-03,9636
2303,聯電,95,25,70,富邦-中壢,2024-01-03,9636
2352,佳世達,85,22,63,富邦-中壢,2024-01-03,9636
1618,合機,62,1,61,富邦-中壢,2024-01-03,9636
2344,華邦電,82,21,61,富邦-中壢,2024-01-03,9636
3481,群創,86,25,61,富邦-中壢,2024-01-03,9636
00922,國泰台灣領袖50,72,15,57,富邦-中壢,2024-01-03,9636
2330,台積電,60,3,57,富邦-中壢,2024-01-03,9636
00918,大華優利高填息30,65,17,48,富邦-中壢,2024-01-03,9636
00770,國泰北美科技,47,0,47,富邦-中壢,2024-01-03,9636
3260,威剛,67,22,45,富邦-中壢,2024-01-03,9636
2356,英業達,66,22,44,富邦-中壢,2024-01-03,9636
3221,台嘉碩,42,0,42,富邦-中壢,2024-01-03,9636
2353,宏��,136,100,36,富邦-中壢,2024-01-03,9636
6668,中揚光,58,22,36,富邦-中壢,2024-01-03,9636
00923,群益台ESG低碳50,39,3,36,富邦-中壢,2024-01-03,9636
00888,永豐台灣ESG,37,2,35,富邦-中壢,2024-01-03,9636
1905,華紙,37,2,35,富邦-中壢,2024-01-03,9636
2102,泰豐,35,0,35,富邦-中壢,2024-01-03,9636
2882,國泰金,47,13,34,富邦-中壢,2024-01-03,9636
2408,南亞科,40,8,32,富邦-中壢,2024-01-03,9636
00720B,元大投資級公司債,36,5,31,富邦-中壢,2024-01-03,9636
2362,藍天,186,155,31,富邦-中壢,2024-01-03,9636
00665L,富邦�琤肭磪囓�2,61,30,31,富邦-中壢,2024-01-03,9636
2498,宏達電,40,9,31,富邦-中壢,2024-01-03,9636
5426,振發,51,20,31,富邦-中壢,2024-01-03,9636
1815,富喬,33,3,30,富邦-中壢,2024-01-03,9636
00881,國泰台灣5G+,36,6,30,富邦-中壢,2024-01-03,9636
2634,漢翔,31,2,29,富邦-中壢,2024-01-03,9636
2405,輔信,60,32,28,富邦-中壢,2024-01-03,9636
9945,潤泰新,36,8,28,富邦-中壢,2024-01-03,9636
00929,復華台灣科技優息,844,106,738,富邦-中壢,2024-01-04,9636
00937B,群益ESG投等債20,357,29,328,富邦-中壢,2024-01-04,9636
00927,群益半導體收益,340,12,328,富邦-中壢,2024-01-04,9636
2331,精英,254,89,165,富邦-中壢,2024-01-04,9636
2641,正德,160,29,131,富邦-中壢,2024-01-04,9636
9105,泰金寶-DR,130,5,125,富邦-中壢,2024-01-04,9636
00712,復華富時不動產,124,10,114,富邦-中壢,2024-01-04,9636
3312,弘憶股,108,0,108,富邦-中壢,2024-01-04,9636
6122,擎邦,104,4,100,富邦-中壢,2024-01-04,9636
6265,方土昶,123,26,97,富邦-中壢,2024-01-04,9636
00882,中信中國高股息,106,20,86,富邦-中壢,2024-01-04,9636
00632R,元大台灣50反1,103,17,86,富邦-中壢,2024-01-04,9636
2615,萬海,142,65,77,富邦-中壢,2024-01-04,9636
00673R,期元大S＆P原油反1,74,0,74,富邦-中壢,2024-01-04,9636
3037,欣興,73,3,70,富邦-中壢,2024-01-04,9636
00637L,元大滬深300正2,110,45,65,富邦-中壢,2024-01-04,9636
2303,聯電,97,39,58,富邦-中壢,2024-01-04,9636
6120,達運,62,6,56,富邦-中壢,2024-01-04,9636
00664R,國泰臺灣加權反1,59,8,51,富邦-中壢,2024-01-04,9636
6695,芯鼎,83,34,49,富邦-中壢,2024-01-04,9636
00706L,期元大S＆P日圓正2,48,0,48,富邦-中壢,2024-01-04,9636
2206,三陽工業,53,9,44,富邦-中壢,2024-01-04,9636
2882,國泰金,44,1,43,富邦-中壢,2024-01-04,9636
00720B,元大投資級公司債,43,0,43,富邦-中壢,2024-01-04,9636
00687B,國泰20年美債,51,12,39,富邦-中壢,2024-01-04,9636
3706,神達,64,25,39,富邦-中壢,2024-01-04,9636
2027,大成鋼,45,7,38,富邦-中壢,2024-01-04,9636
2324,仁寶,78,41,37,富邦-中壢,2024-01-04,9636
00922,國泰台灣領袖50,37,1,36,富邦-中壢,2024-01-04,9636
00934,中信成長高股息,48,13,35,富邦-中壢,2024-01-04,9636
00650L,復華香港正2,35,1,34,富邦-中壢,2024-01-04,9636
00933B,國泰10Y+金融債,32,0,32,富邦-中壢,2024-01-04,9636
0056,元大高股息,71,42,29,富邦-中壢,2024-01-04,9636
3163,波若威,28,0,28,富邦-中壢,2024-01-04,9636
00923,群益台ESG低碳50,29,1,28,富邦-中壢,2024-01-04,9636
5608,四維航,45,17,28,富邦-中壢,2024-01-04,9636
00633L,富邦上証正2,27,1,26,富邦-中壢,2024-01-04,9636
8086,宏捷科,39,14,25,富邦-中壢,2024-01-04,9636
1815,富喬,30,7,23,富邦-中壢,2024-01-04,9636
6547,高端疫苗,23,0,23,富邦-中壢,2024-01-04,9636
2014,中鴻,35,12,23,富邦-中壢,2024-01-04,9636
2611,志信,41,18,23,富邦-中壢,2024-01-04,9636
8011,台通,26,5,21,富邦-中壢,2024-01-04,9636
2520,冠德,29,8,21,富邦-中壢,2024-01-04,9636
00770,國泰北美科技,21,0,21,富邦-中壢,2024-01-04,9636
2392,正崴,27,6,21,富邦-中壢,2024-01-04,9636
6130,上亞科技,20,0,20,富邦-中壢,2024-01-04,9636
8110,華東,20,0,20,富邦-中壢,2024-01-04,9636
9941,裕融,19,0,19,富邦-中壢,2024-01-04,9636
00891,中信關鍵半導體,22,3,19,富邦-中壢,2024-01-04,9636
00929,復華台灣科技優息,855,14,841,富邦-中壢,2024-01-05,9636
00937B,群益ESG投等債20,271,46,225,富邦-中壢,2024-01-05,9636
2609,陽明,507,353,154,富邦-中壢,2024-01-05,9636
00688L,國泰20年美債正2,155,4,151,富邦-中壢,2024-01-05,9636
00919,群益台灣精選高息,193,50,143,富邦-中壢,2024-01-05,9636
2356,英業達,193,52,141,富邦-中壢,2024-01-05,9636
2314,台揚,110,0,110,富邦-中壢,2024-01-05,9636
00687B,國泰20年美債,138,40,98,富邦-中壢,2024-01-05,9636
6695,芯鼎,245,166,79,富邦-中壢,2024-01-05,9636
9105,泰金寶-DR,112,35,77,富邦-中壢,2024-01-05,9636
00679B,元大美債20年,125,53,72,富邦-中壢,2024-01-05,9636
2610,華航,99,32,67,富邦-中壢,2024-01-05,9636
00881,國泰台灣5G+,67,0,67,富邦-中壢,2024-01-05,9636
00933B,國泰10Y+金融債,69,8,61,富邦-中壢,2024-01-05,9636
2102,泰豐,60,0,60,富邦-中壢,2024-01-05,9636
3231,緯創,97,39,58,富邦-中壢,2024-01-05,9636
2618,長榮航,153,96,57,富邦-中壢,2024-01-05,9636
8011,台通,72,16,56,富邦-中壢,2024-01-05,9636
0056,元大高股息,67,17,50,富邦-中壢,2024-01-05,9636
2331,精英,53,4,49,富邦-中壢,2024-01-05,9636
00927,群益半導體收益,57,12,45,富邦-中壢,2024-01-05,9636
8096,擎亞,125,85,40,富邦-中壢,2024-01-05,9636
9103,美德醫療-DR,78,40,38,富邦-中壢,2024-01-05,9636
2636,台驊控股,44,6,38,富邦-中壢,2024-01-05,9636
00878,國泰永續高股息,69,32,37,富邦-中壢,2024-01-05,9636
3037,欣興,41,4,37,富邦-中壢,2024-01-05,9636
6443,元晶,34,1,33,富邦-中壢,2024-01-05,9636
00882,中信中國高股息,53,20,33,富邦-中壢,2024-01-05,9636
00915,凱基優選高股息30,33,1,32,富邦-中壢,2024-01-05,9636
9945,潤泰新,33,1,32,富邦-中壢,2024-01-05,9636
2630,亞航,43,13,30,富邦-中壢,2024-01-05,9636
2104,國際中橡,30,0,30,富邦-中壢,2024-01-05,9636
9934,成霖,39,11,28,富邦-中壢,2024-01-05,9636
2368,金像電,27,2,25,富邦-中壢,2024-01-05,9636
2887,台新金,25,0,25,富邦-中壢,2024-01-05,9636
00918,大華優利高填息30,36,13,23,富邦-中壢,2024-01-05,9636
1325,恆大,38,15,23,富邦-中壢,2024-01-05,9636
2032,新鋼,23,0,23,富邦-中壢,2024-01-05,9636
2329,華泰,30,8,22,富邦-中壢,2024-01-05,9636
5328,華容,24,2,22,富邦-中壢,2024-01-05,9636
2324,仁寶,37,17,20,富邦-中壢,2024-01-05,9636
00885,富邦越南,21,1,20,富邦-中壢,2024-01-05,9636
3078,僑威,20,0,20,富邦-中壢,2024-01-05,9636
2486,一詮,27,7,20,富邦-中壢,2024-01-05,9636
2363,矽統,25,5,20,富邦-中壢,2024-01-05,9636
1308,亞聚,20,1,19,富邦-中壢,2024-01-05,9636
2455,全新,20,1,19,富邦-中壢,2024-01-05,9636
4938,和碩,34,15,19,富邦-中壢,2024-01-05,9636
00770,國泰北美科技,20,2,18,富邦-中壢,2024-01-05,9636
2313,華通,38,20,18,富邦-中壢,2024-01-05,9636
00929,復華台灣科技優息,907,306,601,富邦-中壢,2024-01-08,9636
00919,群益台灣精選高息,370,16,354,富邦-中壢,2024-01-08,9636
00937B,群益ESG投等債20,556,296,260,富邦-中壢,2024-01-08,9636
00632R,元大台灣50反1,273,55,218,富邦-中壢,2024-01-08,9636
00706L,期元大S＆P日圓正2,205,5,200,富邦-中壢,2024-01-08,9636
00753L,中信中國50正2,215,43,172,富邦-中壢,2024-01-08,9636
00637L,元大滬深300正2,176,8,168,富邦-中壢,2024-01-08,9636
00687B,國泰20年美債,193,39,154,富邦-中壢,2024-01-08,9636
2388,威盛,219,100,119,富邦-中壢,2024-01-08,9636
6770,力積電,157,48,109,富邦-中壢,2024-01-08,9636
00665L,富邦�琤肭磪囓�2,136,36,100,富邦-中壢,2024-01-08,9636
6219,富旺,101,2,99,富邦-中壢,2024-01-08,9636
00633L,富邦上証正2,97,2,95,富邦-中壢,2024-01-08,9636
9105,泰金寶-DR,105,20,85,富邦-中壢,2024-01-08,9636
2303,聯電,94,10,84,富邦-中壢,2024-01-08,9636
3312,弘憶股,80,5,75,富邦-中壢,2024-01-08,9636
2515,中工,84,10,74,富邦-中壢,2024-01-08,9636
00679B,元大美債20年,109,35,74,富邦-中壢,2024-01-08,9636
00720B,元大投資級公司債,82,15,67,富邦-中壢,2024-01-08,9636
6443,元晶,60,4,56,富邦-中壢,2024-01-08,9636
3231,緯創,75,25,50,富邦-中壢,2024-01-08,9636
00877,復華中國5G,47,0,47,富邦-中壢,2024-01-08,9636
3588,通嘉,113,68,45,富邦-中壢,2024-01-08,9636
2610,華航,50,8,42,富邦-中壢,2024-01-08,9636
1815,富喬,42,0,42,富邦-中壢,2024-01-08,9636
00915,凱基優選高股息30,37,2,35,富邦-中壢,2024-01-08,9636
00931B,統一美債20年,43,8,35,富邦-中壢,2024-01-08,9636
00770,國泰北美科技,34,1,33,富邦-中壢,2024-01-08,9636
2889,國票金,33,0,33,富邦-中壢,2024-01-08,9636
00927,群益半導體收益,32,0,32,富邦-中壢,2024-01-08,9636
6695,芯鼎,84,52,32,富邦-中壢,2024-01-08,9636
00715L,期街口布蘭特正2,40,8,32,富邦-中壢,2024-01-08,9636
00795B,中信美國公債20年,34,3,31,富邦-中壢,2024-01-08,9636
4909,新復興,57,26,31,富邦-中壢,2024-01-08,9636
2489,瑞軒,33,5,28,富邦-中壢,2024-01-08,9636
00752,中信中國50,28,0,28,富邦-中壢,2024-01-08,9636
2486,一詮,40,12,28,富邦-中壢,2024-01-08,9636
00650L,復華香港正2,27,0,27,富邦-中壢,2024-01-08,9636
2436,偉詮電,28,1,27,富邦-中壢,2024-01-08,9636
00918,大華優利高填息30,24,1,23,富邦-中壢,2024-01-08,9636
3162,精確,21,0,21,富邦-中壢,2024-01-08,9636
2353,宏��,153,132,21,富邦-中壢,2024-01-08,9636
2317,鴻海,36,15,21,富邦-中壢,2024-01-08,9636
8089,康全電訊,29,9,20,富邦-中壢,2024-01-08,9636
8105,凌巨,20,0,20,富邦-中壢,2024-01-08,9636
8059,凱碩,20,0,20,富邦-中壢,2024-01-08,9636
00882,中信中國高股息,111,91,20,富邦-中壢,2024-01-08,9636
2607,榮運,29,9,20,富邦-中壢,2024-01-08,9636
00936,台新永續高息中小,17,0,17,富邦-中壢,2024-01-08,9636
00857B,永豐20年美公債,17,0,17,富邦-中壢,2024-01-08,9636
00919,群益台灣精選高息,631,106,525,富邦-中壢,2024-01-09,9636
2609,陽明,469,133,336,富邦-中壢,2024-01-09,9636
00715L,期街口布蘭特正2,275,10,265,富邦-中壢,2024-01-09,9636
00706L,期元大S＆P日圓正2,200,1,199,富邦-中壢,2024-01-09,9636
00632R,元大台灣50反1,203,10,193,富邦-中壢,2024-01-09,9636
00927,群益半導體收益,158,1,157,富邦-中壢,2024-01-09,9636
00929,復華台灣科技優息,320,184,136,富邦-中壢,2024-01-09,9636
3481,群創,396,286,110,富邦-中壢,2024-01-09,9636
2515,中工,113,5,108,富邦-中壢,2024-01-09,9636
2891,中信金,120,17,103,富邦-中壢,2024-01-09,9636
00916,國泰全球品牌50,100,0,100,富邦-中壢,2024-01-09,9636
2102,泰豐,100,0,100,富邦-中壢,2024-01-09,9636
6443,元晶,69,0,69,富邦-中壢,2024-01-09,9636
5426,振發,106,38,68,富邦-中壢,2024-01-09,9636
3346,麗清,86,21,65,富邦-中壢,2024-01-09,9636
2603,長榮,192,132,60,富邦-中壢,2024-01-09,9636
2427,三商電,62,2,60,富邦-中壢,2024-01-09,9636
00770,國泰北美科技,59,2,57,富邦-中壢,2024-01-09,9636
2637,慧洋-KY,51,3,48,富邦-中壢,2024-01-09,9636
3287,廣寰科,52,5,47,富邦-中壢,2024-01-09,9636
6120,達運,94,47,47,富邦-中壢,2024-01-09,9636
0056,元大高股息,64,20,44,富邦-中壢,2024-01-09,9636
2324,仁寶,97,53,44,富邦-中壢,2024-01-09,9636
00918,大華優利高填息30,53,10,43,富邦-中壢,2024-01-09,9636
2308,台達電,43,0,43,富邦-中壢,2024-01-09,9636
00937B,群益ESG投等債20,93,52,41,富邦-中壢,2024-01-09,9636
2317,鴻海,47,7,40,富邦-中壢,2024-01-09,9636
2363,矽統,146,109,37,富邦-中壢,2024-01-09,9636
2329,華泰,76,41,35,富邦-中壢,2024-01-09,9636
3078,僑威,51,18,33,富邦-中壢,2024-01-09,9636
00725B,國泰投資級公司債,31,0,31,富邦-中壢,2024-01-09,9636
8418,捷必勝-KY,30,0,30,富邦-中壢,2024-01-09,9636
2520,冠德,33,3,30,富邦-中壢,2024-01-09,9636
3051,力特,65,35,30,富邦-中壢,2024-01-09,9636
2230,泰茂,30,1,29,富邦-中壢,2024-01-09,9636
5347,世界,30,1,29,富邦-中壢,2024-01-09,9636
9105,泰金寶-DR,30,1,29,富邦-中壢,2024-01-09,9636
2610,華航,35,8,27,富邦-中壢,2024-01-09,9636
6695,芯鼎,55,28,27,富邦-中壢,2024-01-09,9636
2634,漢翔,55,31,24,富邦-中壢,2024-01-09,9636
9945,潤泰新,57,34,23,富邦-中壢,2024-01-09,9636
2368,金像電,29,6,23,富邦-中壢,2024-01-09,9636
00688L,國泰20年美債正2,53,30,23,富邦-中壢,2024-01-09,9636
2615,萬海,41,18,23,富邦-中壢,2024-01-09,9636
2313,華通,68,46,22,富邦-中壢,2024-01-09,9636
3312,弘憶股,22,0,22,富邦-中壢,2024-01-09,9636
1605,華新,23,2,21,富邦-中壢,2024-01-09,9636
8105,凌巨,22,1,21,富邦-中壢,2024-01-09,9636
5351,鈺創,41,21,20,富邦-中壢,2024-01-09,9636
3128,昇銳,20,0,20,富邦-中壢,2024-01-09,9636
00929,復華台灣科技優息,422,61,361,富邦-中壢,2024-01-10,9636
0056,元大高股息,126,21,105,富邦-中壢,2024-01-10,9636
5525,順天,100,0,100,富邦-中壢,2024-01-10,9636
2344,華邦電,113,27,86,富邦-中壢,2024-01-10,9636
2101,南港,86,2,84,富邦-中壢,2024-01-10,9636
00720B,元大投資級公司債,82,4,78,富邦-中壢,2024-01-10,9636
00937B,群益ESG投等債20,135,58,77,富邦-中壢,2024-01-10,9636
2301,光寶科,89,19,70,富邦-中壢,2024-01-10,9636
3481,群創,936,868,68,富邦-中壢,2024-01-10,9636
00882,中信中國高股息,68,1,67,富邦-中壢,2024-01-10,9636
0050,元大台灣50,66,0,66,富邦-中壢,2024-01-10,9636
3066,李洲,52,2,50,富邦-中壢,2024-01-10,9636
00770,國泰北美科技,62,13,49,富邦-中壢,2024-01-10,9636
2356,英業達,108,59,49,富邦-中壢,2024-01-10,9636
6122,擎邦,50,2,48,富邦-中壢,2024-01-10,9636
00680L,元大美債20正2,45,0,45,富邦-中壢,2024-01-10,9636
2353,宏��,93,49,44,富邦-中壢,2024-01-10,9636
2498,宏達電,66,24,42,富邦-中壢,2024-01-10,9636
6219,富旺,40,3,37,富邦-中壢,2024-01-10,9636
2201,裕隆,42,6,36,富邦-中壢,2024-01-10,9636
5426,振發,176,140,36,富邦-中壢,2024-01-10,9636
3499,環天科,41,6,35,富邦-中壢,2024-01-10,9636
00918,大華優利高填息30,35,1,34,富邦-中壢,2024-01-10,9636
2885,元大金,33,1,32,富邦-中壢,2024-01-10,9636
8105,凌巨,32,0,32,富邦-中壢,2024-01-10,9636
1605,華新,37,6,31,富邦-中壢,2024-01-10,9636
2362,藍天,68,37,31,富邦-中壢,2024-01-10,9636
00753L,中信中國50正2,32,1,31,富邦-中壢,2024-01-10,9636
00673R,期元大S＆P原油反1,28,0,28,富邦-中壢,2024-01-10,9636
3706,神達,124,97,27,富邦-中壢,2024-01-10,9636
00877,復華中國5G,26,0,26,富邦-中壢,2024-01-10,9636
00927,群益半導體收益,26,2,24,富邦-中壢,2024-01-10,9636
2313,華通,54,29,25,富邦-中壢,2024-01-10,9636
6163,華電網,35,14,21,富邦-中壢,2024-01-10,9636
00922,國泰台灣領袖50,21,0,21,富邦-中壢,2024-01-10,9636
2331,精英,36,15,21,富邦-中壢,2024-01-10,9636
00679B,元大美債20年,20,0,20,富邦-中壢,2024-01-10,9636
2204,中華,21,1,20,富邦-中壢,2024-01-10,9636
4909,新復興,40,20,20,富邦-中壢,2024-01-10,9636
2360,致茂,20,0,20,富邦-中壢,2024-01-10,9636
00633L,富邦上証正2,35,16,19,富邦-中壢,2024-01-10,9636
6901,鑽石投資,21,2,19,富邦-中壢,2024-01-10,9636
00907,永豐優息存股,23,5,18,富邦-中壢,2024-01-10,9636
1903,士紙,18,0,18,富邦-中壢,2024-01-10,9636
00637L,元大滬深300正2,38,20,18,富邦-中壢,2024-01-10,9636
2892,第一金,18,1,17,富邦-中壢,2024-01-10,9636
00919,群益台灣精選高息,214,197,17,富邦-中壢,2024-01-10,9636
1909,榮成,17,0,17,富邦-中壢,2024-01-10,9636
2014,中鴻,18,2,16,富邦-中壢,2024-01-10,9636
1314,中石化,16,0,16,富邦-中壢,2024-01-10,9636
00929,復華台灣科技優息,571,28,543,富邦-中壢,2024-01-11,9636
6116,彩晶,472,2,470,富邦-中壢,2024-01-11,9636
00919,群益台灣精選高息,231,43,188,富邦-中壢,2024-01-11,9636
00722B,群益投資級電信債,175,0,175,富邦-中壢,2024-01-11,9636
6274,台燿,151,1,150,富邦-中壢,2024-01-11,9636
00687B,國泰20年美債,136,1,135,富邦-中壢,2024-01-11,9636
00753L,中信中國50正2,142,21,121,富邦-中壢,2024-01-11,9636
2344,華邦電,106,5,101,富邦-中壢,2024-01-11,9636
6695,芯鼎,174,92,82,富邦-中壢,2024-01-11,9636
2382,廣達,152,77,75,富邦-中壢,2024-01-11,9636
2102,泰豐,70,0,70,富邦-中壢,2024-01-11,9636
00900,富邦特選高股息30,72,4,68,富邦-中壢,2024-01-11,9636
00715L,期街口布蘭特正2,68,2,66,富邦-中壢,2024-01-11,9636
00927,群益半導體收益,63,0,63,富邦-中壢,2024-01-11,9636
2353,宏��,109,50,59,富邦-中壢,2024-01-11,9636
2409,友達,75,16,59,富邦-中壢,2024-01-11,9636
2101,南港,56,0,56,富邦-中壢,2024-01-11,9636
2641,正德,52,0,52,富邦-中壢,2024-01-11,9636
0056,元大高股息,62,11,51,富邦-中壢,2024-01-11,9636
6120,達運,199,151,48,富邦-中壢,2024-01-11,9636
00770,國泰北美科技,61,15,46,富邦-中壢,2024-01-11,9636
1303,南亞,52,7,45,富邦-中壢,2024-01-11,9636
00632R,元大台灣50反1,73,29,44,富邦-中壢,2024-01-11,9636
2618,長榮航,87,43,44,富邦-中壢,2024-01-11,9636
2609,陽明,103,60,43,富邦-中壢,2024-01-11,9636
2882,國泰金,40,0,40,富邦-中壢,2024-01-11,9636
00933B,國泰10Y+金融債,38,1,37,富邦-中壢,2024-01-11,9636
2913,農林,37,0,37,富邦-中壢,2024-01-11,9636
2440,太空梭,35,0,35,富邦-中壢,2024-01-11,9636
3390,旭軟,35,0,35,富邦-中壢,2024-01-11,9636
0050,元大台灣50,35,1,34,富邦-中壢,2024-01-11,9636
2329,華泰,304,271,33,富邦-中壢,2024-01-11,9636
2888,新光金,39,7,32,富邦-中壢,2024-01-11,9636
2388,威盛,51,19,32,富邦-中壢,2024-01-11,9636
3024,憶聲,31,1,30,富邦-中壢,2024-01-11,9636
00918,大華優利高填息30,31,1,30,富邦-中壢,2024-01-11,9636
2331,精英,44,15,29,富邦-中壢,2024-01-11,9636
00937B,群益ESG投等債20,103,75,28,富邦-中壢,2024-01-11,9636
2520,冠德,31,3,28,富邦-中壢,2024-01-11,9636
6219,富旺,30,3,27,富邦-中壢,2024-01-11,9636
2002,中鋼,34,9,25,富邦-中壢,2024-01-11,9636
8418,捷必勝-KY,25,0,25,富邦-中壢,2024-01-11,9636
1301,台塑,30,5,25,富邦-中壢,2024-01-11,9636
2884,玉山金,29,6,23,富邦-中壢,2024-01-11,9636
2405,輔信,28,6,22,富邦-中壢,2024-01-11,9636
2636,台驊控股,21,0,21,富邦-中壢,2024-01-11,9636
00930,永豐ESG低碳高息,21,0,21,富邦-中壢,2024-01-11,9636
1524,耿鼎,21,0,21,富邦-中壢,2024-01-11,9636
00646,元大S＆P500,20,0,20,富邦-中壢,2024-01-11,9636
3588,通嘉,26,6,20,富邦-中壢,2024-01-11,9636
00929,復華台灣科技優息,483,160,323,富邦-中壢,2024-01-12,9636
00937B,群益ESG投等債20,218,10,208,富邦-中壢,2024-01-12,9636
2891,中信金,205,6,199,富邦-中壢,2024-01-12,9636
00927,群益半導體收益,235,52,183,富邦-中壢,2024-01-12,9636
00919,群益台灣精選高息,141,32,109,富邦-中壢,2024-01-12,9636
2371,大同,240,138,102,富邦-中壢,2024-01-12,9636
6122,擎邦,101,1,100,富邦-中壢,2024-01-12,9636
0056,元大高股息,107,14,93,富邦-中壢,2024-01-12,9636
00676R,富邦臺灣加權反1,80,4,76,富邦-中壢,2024-01-12,9636
2344,華邦電,78,11,67,富邦-中壢,2024-01-12,9636
2618,長榮航,111,45,66,富邦-中壢,2024-01-12,9636
2101,南港,62,0,62,富邦-中壢,2024-01-12,9636
00637L,元大滬深300正2,62,11,51,富邦-中壢,2024-01-12,9636
2887,台新金,50,0,50,富邦-中壢,2024-01-12,9636
6005,群益證,50,0,50,富邦-中壢,2024-01-12,9636
9105,泰金寶-DR,48,0,48,富邦-中壢,2024-01-12,9636
00687B,國泰20年美債,46,1,45,富邦-中壢,2024-01-12,9636
8176,智捷,45,0,45,富邦-中壢,2024-01-12,9636
00885,富邦越南,43,0,43,富邦-中壢,2024-01-12,9636
00933B,國泰10Y+金融債,39,0,39,富邦-中壢,2024-01-12,9636
00632R,元大台灣50反1,90,52,38,富邦-中壢,2024-01-12,9636
2884,玉山金,36,3,33,富邦-中壢,2024-01-12,9636
0050,元大台灣50,35,1,34,富邦-中壢,2024-01-12,9636
00720B,元大投資級公司債,40,8,32,富邦-中壢,2024-01-12,9636
3481,群創,119,88,31,富邦-中壢,2024-01-12,9636
2913,農林,30,1,29,富邦-中壢,2024-01-12,9636
2324,仁寶,33,4,29,富邦-中壢,2024-01-12,9636
2303,聯電,48,19,29,富邦-中壢,2024-01-12,9636
00934,中信成長高股息,33,7,26,富邦-中壢,2024-01-12,9636
00931B,統一美債20年,26,0,26,富邦-中壢,2024-01-12,9636
2425,承啟,27,2,25,富邦-中壢,2024-01-12,9636
00877,復華中國5G,25,0,25,富邦-中壢,2024-01-12,9636
00904,新光臺灣半導體30,24,0,24,富邦-中壢,2024-01-12,9636
2323,中環,36,12,24,富邦-中壢,2024-01-12,9636
5347,世界,23,1,22,富邦-中壢,2024-01-12,9636
2208,台船,34,12,22,富邦-中壢,2024-01-12,9636
2031,新光鋼,27,6,21,富邦-中壢,2024-01-12,9636
2258,鴻華先進-創,21,0,21,富邦-中壢,2024-01-12,9636
9919,康那香,21,0,21,富邦-中壢,2024-01-12,9636
2492,華新科,22,2,20,富邦-中壢,2024-01-12,9636
4956,光鋐,131,111,20,富邦-中壢,2024-01-12,9636
00930,永豐ESG低碳高息,18,0,18,富邦-中壢,2024-01-12,9636
00918,大華優利高填息30,18,0,18,富邦-中壢,2024-01-12,9636
2363,矽統,18,1,17,富邦-中壢,2024-01-12,9636
2409,友達,20,3,17,富邦-中壢,2024-01-12,9636
6164,華興,19,2,17,富邦-中壢,2024-01-12,9636
00706L,期元大S＆P日圓正2,16,0,16,富邦-中壢,2024-01-12,9636
8227,巨有科技,57,41,16,富邦-中壢,2024-01-12,9636
1514,亞力,40,24,16,富邦-中壢,2024-01-12,9636
4532,瑞智,15,0,15,富邦-中壢,2024-01-12,9636
00929,復華台灣科技優息,722,97,625,富邦-中壢,2024-01-15,9636
2356,英業達,350,20,330,富邦-中壢,2024-01-15,9636
3006,晶豪科,314,22,292,富邦-中壢,2024-01-15,9636
00927,群益半導體收益,266,0,266,富邦-中壢,2024-01-15,9636
0056,元大高股息,171,16,155,富邦-中壢,2024-01-15,9636
00919,群益台灣精選高息,268,119,149,富邦-中壢,2024-01-15,9636
00937B,群益ESG投等債20,159,13,146,富邦-中壢,2024-01-15,9636
3231,緯創,214,94,120,富邦-中壢,2024-01-15,9636
00715L,期街口布蘭特正2,169,57,112,富邦-中壢,2024-01-15,9636
9105,泰金寶-DR,100,5,95,富邦-中壢,2024-01-15,9636
00679B,元大美債20年,103,16,87,富邦-中壢,2024-01-15,9636
2888,新光金,115,28,87,富邦-中壢,2024-01-15,9636
2618,長榮航,153,78,75,富邦-中壢,2024-01-15,9636
2509,全坤建,71,0,71,富邦-中壢,2024-01-15,9636
2610,華航,81,14,67,富邦-中壢,2024-01-15,9636
00928,中信上櫃ESG30,55,0,55,富邦-中壢,2024-01-15,9636
00687B,國泰20年美債,56,9,47,富邦-中壢,2024-01-15,9636
3499,環天科,46,0,46,富邦-中壢,2024-01-15,9636
00751B,元大AAA至A公司債,45,0,45,富邦-中壢,2024-01-15,9636
00933B,國泰10Y+金融債,49,6,43,富邦-中壢,2024-01-15,9636
2887,台新金,48,5,43,富邦-中壢,2024-01-15,9636
00632R,元大台灣50反1,102,60,42,富邦-中壢,2024-01-15,9636
5328,華容,41,0,41,富邦-中壢,2024-01-15,9636
00665L,富邦�琤肭磪囓�2,210,169,41,富邦-中壢,2024-01-15,9636
1560,中砂,59,23,36,富邦-中壢,2024-01-15,9636
2609,陽明,171,138,33,富邦-中壢,2024-01-15,9636
1905,華紙,34,2,32,富邦-中壢,2024-01-15,9636
00680L,元大美債20正2,29,0,29,富邦-中壢,2024-01-15,9636
6530,創威,47,19,28,富邦-中壢,2024-01-15,9636
00720B,元大投資級公司債,51,23,28,富邦-中壢,2024-01-15,9636
2353,宏��,69,41,28,富邦-中壢,2024-01-15,9636
6770,力積電,33,6,27,富邦-中壢,2024-01-15,9636
6219,富旺,31,4,27,富邦-中壢,2024-01-15,9636
2344,華邦電,72,45,27,富邦-中壢,2024-01-15,9636
2520,冠德,30,4,26,富邦-中壢,2024-01-15,9636
1432,大魯閣,25,0,25,富邦-中壢,2024-01-15,9636
00878,國泰永續高股息,110,86,24,富邦-中壢,2024-01-15,9636
00931B,統一美債20年,29,5,24,富邦-中壢,2024-01-15,9636
8222,寶一,38,14,24,富邦-中壢,2024-01-15,9636
00935,野村臺灣新科技50,25,2,23,富邦-中壢,2024-01-15,9636
2406,國碩,33,12,21,富邦-中壢,2024-01-15,9636
2634,漢翔,43,22,21,富邦-中壢,2024-01-15,9636
3041,揚智,72,51,21,富邦-中壢,2024-01-15,9636
3232,昱捷,51,30,21,富邦-中壢,2024-01-15,9636
2317,鴻海,29,10,19,富邦-中壢,2024-01-15,9636
2208,台船,76,57,19,富邦-中壢,2024-01-15,9636
00688L,國泰20年美債正2,19,0,19,富邦-中壢,2024-01-15,9636
2258,鴻華先進-創,20,1,19,富邦-中壢,2024-01-15,9636
3664,安瑞-KY,22,5,17,富邦-中壢,2024-01-15,9636
3043,科風,19,2,17,富邦-中壢,2024-01-15,9636
00929,復華台灣科技優息,525,117,408,富邦-中壢,2024-01-16,9636
00632R,元大台灣50反1,483,206,277,富邦-中壢,2024-01-16,9636
0056,元大高股息,300,25,275,富邦-中壢,2024-01-16,9636
00919,群益台灣精選高息,289,33,256,富邦-中壢,2024-01-16,9636
00687B,國泰20年美債,227,18,209,富邦-中壢,2024-01-16,9636
2888,新光金,191,14,177,富邦-中壢,2024-01-16,9636
2883,凱基金,154,6,148,富邦-中壢,2024-01-16,9636
2344,華邦電,227,80,147,富邦-中壢,2024-01-16,9636
00751B,元大AAA至A公司債,143,2,141,富邦-中壢,2024-01-16,9636
2371,大同,129,9,120,富邦-中壢,2024-01-16,9636
9105,泰金寶-DR,120,0,120,富邦-中壢,2024-01-16,9636
5351,鈺創,139,38,101,富邦-中壢,2024-01-16,9636
5488,松普,225,125,100,富邦-中壢,2024-01-16,9636
2884,玉山金,110,19,91,富邦-中壢,2024-01-16,9636
0050,元大台灣50,95,8,87,富邦-中壢,2024-01-16,9636
00665L,富邦�琤肭磪囓�2,150,67,83,富邦-中壢,2024-01-16,9636
6233,旺玖,91,8,83,富邦-中壢,2024-01-16,9636
2882,國泰金,85,3,82,富邦-中壢,2024-01-16,9636
00650L,復華香港正2,101,20,81,富邦-中壢,2024-01-16,9636
00688L,國泰20年美債正2,80,0,80,富邦-中壢,2024-01-16,9636
00878,國泰永續高股息,130,52,78,富邦-中壢,2024-01-16,9636
00937B,群益ESG投等債20,102,25,77,富邦-中壢,2024-01-16,9636
00753L,中信中國50正2,79,3,76,富邦-中壢,2024-01-16,9636
8096,擎亞,134,59,75,富邦-中壢,2024-01-16,9636
1609,大亞,73,4,69,富邦-中壢,2024-01-16,9636
1303,南亞,75,6,69,富邦-中壢,2024-01-16,9636
2486,一詮,86,19,67,富邦-中壢,2024-01-16,9636
00881,國泰台灣5G+,66,0,66,富邦-中壢,2024-01-16,9636
2801,彰銀,65,0,65,富邦-中壢,2024-01-16,9636
2887,台新金,68,7,61,富邦-中壢,2024-01-16,9636
2002,中鋼,62,1,61,富邦-中壢,2024-01-16,9636
00720B,元大投資級公司債,56,0,56,富邦-中壢,2024-01-16,9636
00633L,富邦上証正2,175,120,55,富邦-中壢,2024-01-16,9636
8064,東捷,50,0,50,富邦-中壢,2024-01-16,9636
00923,群益台ESG低碳50,47,0,47,富邦-中壢,2024-01-16,9636
2324,仁寶,105,58,47,富邦-中壢,2024-01-16,9636
00882,中信中國高股息,68,22,46,富邦-中壢,2024-01-16,9636
00935,野村臺灣新科技50,45,1,44,富邦-中壢,2024-01-16,9636
6505,台塑化,43,1,42,富邦-中壢,2024-01-16,9636
3499,環天科,50,8,42,富邦-中壢,2024-01-16,9636
00931B,統一美債20年,41,0,41,富邦-中壢,2024-01-16,9636
00664R,國泰臺灣加權反1,40,0,40,富邦-中壢,2024-01-16,9636
2892,第一金,41,1,40,富邦-中壢,2024-01-16,9636
6219,富旺,41,2,39,富邦-中壢,2024-01-16,9636
1301,台塑,44,5,39,富邦-中壢,2024-01-16,9636
2885,元大金,40,2,38,富邦-中壢,2024-01-16,9636
00858,永豐美國500大,37,0,37,富邦-中壢,2024-01-16,9636
3043,科風,38,1,37,富邦-中壢,2024-01-16,9636
5880,合庫金,36,1,35,富邦-中壢,2024-01-16,9636
9945,潤泰新,41,8,33,富邦-中壢,2024-01-16,9636
00929,復華台灣科技優息,1413,142,1271,富邦-中壢,2024-01-17,9636
00919,群益台灣精選高息,950,86,864,富邦-中壢,2024-01-17,9636
00878,國泰永續高股息,469,107,362,富邦-中壢,2024-01-17,9636
00882,中信中國高股息,344,28,316,富邦-中壢,2024-01-17,9636
00753L,中信中國50正2,249,3,246,富邦-中壢,2024-01-17,9636
00937B,群益ESG投等債20,240,27,213,富邦-中壢,2024-01-17,9636
0056,元大高股息,422,217,205,富邦-中壢,2024-01-17,9636
2344,華邦電,193,4,189,富邦-中壢,2024-01-17,9636
2610,華航,156,3,153,富邦-中壢,2024-01-17,9636
2303,聯電,182,33,149,富邦-中壢,2024-01-17,9636
00687B,國泰20年美債,181,45,136,富邦-中壢,2024-01-17,9636
6140,訊達,272,155,117,富邦-中壢,2024-01-17,9636
00633L,富邦上証正2,122,6,116,富邦-中壢,2024-01-17,9636
00679B,元大美債20年,117,2,115,富邦-中壢,2024-01-17,9636
2002,中鋼,96,2,94,富邦-中壢,2024-01-17,9636
0050,元大台灣50,85,3,82,富邦-中壢,2024-01-17,9636
2317,鴻海,115,35,80,富邦-中壢,2024-01-17,9636
00720B,元大投資級公司債,95,19,76,富邦-中壢,2024-01-17,9636
2887,台新金,83,8,75,富邦-中壢,2024-01-17,9636
00715L,期街口布蘭特正2,80,9,71,富邦-中壢,2024-01-17,9636
2609,陽明,319,251,68,富邦-中壢,2024-01-17,9636
00688L,國泰20年美債正2,65,0,65,富邦-中壢,2024-01-17,9636
00712,復華富時不動產,76,11,65,富邦-中壢,2024-01-17,9636
1101,台泥,70,7,63,富邦-中壢,2024-01-17,9636
3704,合勤控,59,0,59,富邦-中壢,2024-01-17,9636
2812,台中銀,68,11,57,富邦-中壢,2024-01-17,9636
3450,聯鈞,62,7,55,富邦-中壢,2024-01-17,9636
2201,裕隆,60,6,54,富邦-中壢,2024-01-17,9636
2892,第一金,66,13,53,富邦-中壢,2024-01-17,9636
2881,富邦金,53,2,51,富邦-中壢,2024-01-17,9636
2371,大同,60,10,50,富邦-中壢,2024-01-17,9636
2883,凱基金,107,58,49,富邦-中壢,2024-01-17,9636
6695,芯鼎,83,35,48,富邦-中壢,2024-01-17,9636
2886,兆豐金,46,0,46,富邦-中壢,2024-01-17,9636
00935,野村臺灣新科技50,47,2,45,富邦-中壢,2024-01-17,9636
3615,安可,49,4,45,富邦-中壢,2024-01-17,9636
2449,京元電子,67,22,45,富邦-中壢,2024-01-17,9636
2882,國泰金,53,9,44,富邦-中壢,2024-01-17,9636
2329,華泰,275,232,43,富邦-中壢,2024-01-17,9636
3038,全台,44,1,43,富邦-中壢,2024-01-17,9636
00907,永豐優息存股,43,0,43,富邦-中壢,2024-01-17,9636
2356,英業達,68,25,43,富邦-中壢,2024-01-17,9636
00922,國泰台灣領袖50,45,3,42,富邦-中壢,2024-01-17,9636
1314,中石化,54,12,42,富邦-中壢,2024-01-17,9636
3057,喬鼎,43,3,40,富邦-中壢,2024-01-17,9636
5880,合庫金,40,0,40,富邦-中壢,2024-01-17,9636
2801,彰銀,39,0,39,富邦-中壢,2024-01-17,9636
2618,長榮航,60,21,39,富邦-中壢,2024-01-17,9636
2308,台達電,40,1,39,富邦-中壢,2024-01-17,9636
00706L,期元大S＆P日圓正2,38,0,38,富邦-中壢,2024-01-17,9636
2409,友達,1083,90,993,富邦-中壢,2024-01-18,9636
00929,復華台灣科技優息,665,70,595,富邦-中壢,2024-01-18,9636
2888,新光金,266,46,220,富邦-中壢,2024-01-18,9636
00882,中信中國高股息,219,11,208,富邦-中壢,2024-01-18,9636
00633L,富邦上証正2,166,1,165,富邦-中壢,2024-01-18,9636
00878,國泰永續高股息,222,60,162,富邦-中壢,2024-01-18,9636
00937B,群益ESG投等債20,207,78,129,富邦-中壢,2024-01-18,9636
2317,鴻海,115,12,103,富邦-中壢,2024-01-18,9636
00687B,國泰20年美債,100,7,93,富邦-中壢,2024-01-18,9636
0056,元大高股息,114,22,92,富邦-中壢,2024-01-18,9636
2324,仁寶,112,44,68,富邦-中壢,2024-01-18,9636
2887,台新金,78,11,67,富邦-中壢,2024-01-18,9636
00919,群益台灣精選高息,234,170,64,富邦-中壢,2024-01-18,9636
4960,誠美材,65,1,64,富邦-中壢,2024-01-18,9636
2363,矽統,67,5,62,富邦-中壢,2024-01-18,9636
00926,凱基全球菁英55,55,0,55,富邦-中壢,2024-01-18,9636
6120,達運,128,76,52,富邦-中壢,2024-01-18,9636
8011,台通,52,0,52,富邦-中壢,2024-01-18,9636
00679B,元大美債20年,80,30,50,富邦-中壢,2024-01-18,9636
1314,中石化,55,5,50,富邦-中壢,2024-01-18,9636
3548,兆利,71,24,47,富邦-中壢,2024-01-18,9636
2882,國泰金,51,5,46,富邦-中壢,2024-01-18,9636
2002,中鋼,57,11,46,富邦-中壢,2024-01-18,9636
2303,聯電,102,56,46,富邦-中壢,2024-01-18,9636
2516,新建,46,5,41,富邦-中壢,2024-01-18,9636
3622,洋華,94,57,37,富邦-中壢,2024-01-18,9636
1303,南亞,35,0,35,富邦-中壢,2024-01-18,9636
6155,鈞寶,50,17,33,富邦-中壢,2024-01-18,9636
9105,泰金寶-DR,50,17,33,富邦-中壢,2024-01-18,9636
1101,台泥,46,13,33,富邦-中壢,2024-01-18,9636
9945,潤泰新,32,0,32,富邦-中壢,2024-01-18,9636
2344,華邦電,69,37,32,富邦-中壢,2024-01-18,9636
6233,旺玖,51,19,32,富邦-中壢,2024-01-18,9636
6770,力積電,32,0,32,富邦-中壢,2024-01-18,9636
6443,元晶,32,1,31,富邦-中壢,2024-01-18,9636
4956,光鋐,185,155,30,富邦-中壢,2024-01-18,9636
2881,富邦金,31,2,29,富邦-中壢,2024-01-18,9636
2884,玉山金,29,1,28,富邦-中壢,2024-01-18,9636
3017,奇鋐,60,32,28,富邦-中壢,2024-01-18,9636
6547,高端疫苗,27,0,27,富邦-中壢,2024-01-18,9636
00918,大華優利高填息30,26,0,26,富邦-中壢,2024-01-18,9636
8096,擎亞,169,144,25,富邦-中壢,2024-01-18,9636
00927,群益半導體收益,25,1,24,富邦-中壢,2024-01-18,9636
2610,華航,35,11,24,富邦-中壢,2024-01-18,9636
2313,華通,45,23,22,富邦-中壢,2024-01-18,9636
5009,榮剛,25,3,22,富邦-中壢,2024-01-18,9636
6191,精成科,21,0,21,富邦-中壢,2024-01-18,9636
2440,太空梭,20,0,20,富邦-中壢,2024-01-18,9636
6216,居易,22,2,20,富邦-中壢,2024-01-18,9636
00676R,富邦臺灣加權反1,20,0,20,富邦-中壢,2024-01-18,9636
00937B,群益ESG投等債20,565,104,461,富邦-中壢,2024-01-19,9636
00929,復華台灣科技優息,311,71,240,富邦-中壢,2024-01-19,9636
00679B,元大美債20年,242,21,221,富邦-中壢,2024-01-19,9636
2409,友達,270,62,208,富邦-中壢,2024-01-19,9636
9105,泰金寶-DR,170,0,170,富邦-中壢,2024-01-19,9636
8040,九暘,175,35,140,富邦-中壢,2024-01-19,9636
00882,中信中國高股息,135,0,135,富邦-中壢,2024-01-19,9636
2883,凱基金,134,1,133,富邦-中壢,2024-01-19,9636
00687B,國泰20年美債,299,193,106,富邦-中壢,2024-01-19,9636
00753L,中信中國50正2,213,120,93,富邦-中壢,2024-01-19,9636
00931B,統一美債20年,89,1,88,富邦-中壢,2024-01-19,9636
00904,新光臺灣半導體30,81,0,81,富邦-中壢,2024-01-19,9636
0056,元大高股息,92,13,79,富邦-中壢,2024-01-19,9636
00712,復華富時不動產,79,0,79,富邦-中壢,2024-01-19,9636
00919,群益台灣精選高息,106,31,75,富邦-中壢,2024-01-19,9636
00632R,元大台灣50反1,398,326,72,富邦-中壢,2024-01-19,9636
2882,國泰金,71,1,70,富邦-中壢,2024-01-19,9636
3354,律勝,66,3,63,富邦-中壢,2024-01-19,9636
6233,旺玖,103,40,63,富邦-中壢,2024-01-19,9636
2303,聯電,80,18,62,富邦-中壢,2024-01-19,9636
00720B,元大投資級公司債,62,0,62,富邦-中壢,2024-01-19,9636
2888,新光金,91,36,55,富邦-中壢,2024-01-19,9636
2618,長榮航,76,23,53,富邦-中壢,2024-01-19,9636
00933B,國泰10Y+金融債,56,7,49,富邦-中壢,2024-01-19,9636
2313,華通,81,35,46,富邦-中壢,2024-01-19,9636
6770,力積電,42,4,38,富邦-中壢,2024-01-19,9636
00673R,期元大S＆P原油反1,35,0,35,富邦-中壢,2024-01-19,9636
9945,潤泰新,35,1,34,富邦-中壢,2024-01-19,9636
00795B,中信美國公債20年,35,1,34,富邦-中壢,2024-01-19,9636
2486,一詮,138,105,33,富邦-中壢,2024-01-19,9636
6152,百一,31,0,31,富邦-中壢,2024-01-19,9636
2331,精英,34,4,30,富邦-中壢,2024-01-19,9636
4162,智擎,31,1,30,富邦-中壢,2024-01-19,9636
2002,中鋼,33,4,29,富邦-中壢,2024-01-19,9636
2105,正新,28,0,28,富邦-中壢,2024-01-19,9636
4960,誠美材,43,15,28,富邦-中壢,2024-01-19,9636
00696B,富邦美債20年,26,0,26,富邦-中壢,2024-01-19,9636
8096,擎亞,72,47,25,富邦-中壢,2024-01-19,9636
1609,大亞,25,0,25,富邦-中壢,2024-01-19,9636
00751B,元大AAA至A公司債,25,1,24,富邦-中壢,2024-01-19,9636
00934,中信成長高股息,36,12,24,富邦-中壢,2024-01-19,9636
2367,燿華,25,1,24,富邦-中壢,2024-01-19,9636
2429,銘旺科,23,0,23,富邦-中壢,2024-01-19,9636
00915,凱基優選高股息30,26,3,23,富邦-中壢,2024-01-19,9636
2891,中信金,22,0,22,富邦-中壢,2024-01-19,9636
6285,啟��,40,18,22,富邦-中壢,2024-01-19,9636
00911,兆豐洲際半導體,22,0,22,富邦-中壢,2024-01-19,9636
2887,台新金,49,29,20,富邦-中壢,2024-01-19,9636
2030,彰源,20,0,20,富邦-中壢,2024-01-19,9636
5410,國眾,20,0,20,富邦-中壢,2024-01-19,9636
00929,復華台灣科技優息,347,50,297,富邦-中壢,2024-01-22,9636
00882,中信中國高股息,304,24,280,富邦-中壢,2024-01-22,9636
2353,宏��,252,71,181,富邦-中壢,2024-01-22,9636
00919,群益台灣精選高息,235,64,171,富邦-中壢,2024-01-22,9636
2313,華通,198,29,169,富邦-中壢,2024-01-22,9636
00937B,群益ESG投等債20,178,39,139,富邦-中壢,2024-01-22,9636
2618,長榮航,156,53,103,富邦-中壢,2024-01-22,9636
2323,中環,100,2,98,富邦-中壢,2024-01-22,9636
2409,友達,148,52,96,富邦-中壢,2024-01-22,9636
00679B,元大美債20年,96,2,94,富邦-中壢,2024-01-22,9636
2527,宏璟,100,6,94,富邦-中壢,2024-01-22,9636
3257,虹冠電,60,0,60,富邦-中壢,2024-01-22,9636
6188,廣明,63,4,59,富邦-中壢,2024-01-22,9636
00712,復華富時不動產,57,0,57,富邦-中壢,2024-01-22,9636
00878,國泰永續高股息,140,84,56,富邦-中壢,2024-01-22,9636
2324,仁寶,159,108,51,富邦-中壢,2024-01-22,9636
2609,陽明,100,49,51,富邦-中壢,2024-01-22,9636
00752,中信中國50,50,0,50,富邦-中壢,2024-01-22,9636
5351,鈺創,52,3,49,富邦-中壢,2024-01-22,9636
9105,泰金寶-DR,84,35,49,富邦-中壢,2024-01-22,9636
2316,楠梓電,53,7,46,富邦-中壢,2024-01-22,9636
3450,聯鈞,54,8,46,富邦-中壢,2024-01-22,9636
00715L,期街口布蘭特正2,49,4,45,富邦-中壢,2024-01-22,9636
00665L,富邦�琤肭磪囓�2,233,190,43,富邦-中壢,2024-01-22,9636
2887,台新金,53,11,42,富邦-中壢,2024-01-22,9636
3312,弘憶股,40,3,37,富邦-中壢,2024-01-22,9636
6155,鈞寶,42,6,36,富邦-中壢,2024-01-22,9636
6770,力積電,49,13,36,富邦-中壢,2024-01-22,9636
1101,台泥,36,0,36,富邦-中壢,2024-01-22,9636
8096,擎亞,40,6,34,富邦-中壢,2024-01-22,9636
2881,富邦金,34,1,33,富邦-中壢,2024-01-22,9636
2610,華航,38,6,32,富邦-中壢,2024-01-22,9636
3362,先進光,34,2,32,富邦-中壢,2024-01-22,9636
00687B,國泰20年美債,34,3,31,富邦-中壢,2024-01-22,9636
00885,富邦越南,35,4,31,富邦-中壢,2024-01-22,9636
00770,國泰北美科技,33,3,30,富邦-中壢,2024-01-22,9636
2880,華南金,32,3,29,富邦-中壢,2024-01-22,9636
2884,玉山金,28,0,28,富邦-中壢,2024-01-22,9636
00680L,元大美債20正2,27,0,27,富邦-中壢,2024-01-22,9636
5269,祥碩,27,1,26,富邦-中壢,2024-01-22,9636
2888,新光金,28,3,25,富邦-中壢,2024-01-22,9636
2882,國泰金,34,10,24,富邦-中壢,2024-01-22,9636
2633,台灣高鐵,24,0,24,富邦-中壢,2024-01-22,9636
00934,中信成長高股息,26,2,24,富邦-中壢,2024-01-22,9636
3066,李洲,23,0,23,富邦-中壢,2024-01-22,9636
6550,北極星藥業-KY,22,0,22,富邦-中壢,2024-01-22,9636
6863,永道-KY,23,1,22,富邦-中壢,2024-01-22,9636
2851,中再保,21,0,21,富邦-中壢,2024-01-22,9636
2423,固緯,21,0,21,富邦-中壢,2024-01-22,9636
6509,聚和,24,3,21,富邦-中壢,2024-01-22,9636
00632R,元大台灣50反1,322,0,322,富邦-中壢,2024-01-23,9636
00633L,富邦上証正2,249,54,195,富邦-中壢,2024-01-23,9636
6116,彩晶,207,51,156,富邦-中壢,2024-01-23,9636
2331,精英,170,15,155,富邦-中壢,2024-01-23,9636
00937B,群益ESG投等債20,127,3,124,富邦-中壢,2024-01-23,9636
00688L,國泰20年美債正2,122,20,102,富邦-中壢,2024-01-23,9636
00637L,元大滬深300正2,257,156,101,富邦-中壢,2024-01-23,9636
00687B,國泰20年美債,91,11,80,富邦-中壢,2024-01-23,9636
4939,亞電,80,6,74,富邦-中壢,2024-01-23,9636
1514,亞力,111,38,73,富邦-中壢,2024-01-23,9636
00929,復華台灣科技優息,222,154,68,富邦-中壢,2024-01-23,9636
00679B,元大美債20年,90,37,53,富邦-中壢,2024-01-23,9636
6695,芯鼎,95,43,52,富邦-中壢,2024-01-23,9636
1528,恩德,54,3,51,富邦-中壢,2024-01-23,9636
1722,台肥,50,0,50,富邦-中壢,2024-01-23,9636
2369,菱生,100,50,50,富邦-中壢,2024-01-23,9636
00673R,期元大S＆P原油反1,46,0,46,富邦-中壢,2024-01-23,9636
8054,安國,99,54,45,富邦-中壢,2024-01-23,9636
2609,陽明,84,42,42,富邦-中壢,2024-01-23,9636
2884,玉山金,54,14,40,富邦-中壢,2024-01-23,9636
9105,泰金寶-DR,50,10,40,富邦-中壢,2024-01-23,9636
8936,國統,66,28,38,富邦-中壢,2024-01-23,9636
2618,長榮航,115,79,36,富邦-中壢,2024-01-23,9636
6290,良維,40,5,35,富邦-中壢,2024-01-23,9636
00751B,元大AAA至A公司債,35,1,34,富邦-中壢,2024-01-23,9636
6282,康舒,35,7,28,富邦-中壢,2024-01-23,9636
00680L,元大美債20正2,27,0,27,富邦-中壢,2024-01-23,9636
2329,華泰,107,83,24,富邦-中壢,2024-01-23,9636
8096,擎亞,65,41,24,富邦-中壢,2024-01-23,9636
2324,仁寶,81,57,24,富邦-中壢,2024-01-23,9636
8996,高力,36,13,23,富邦-中壢,2024-01-23,9636
2610,華航,36,14,22,富邦-中壢,2024-01-23,9636
1598,岱宇,21,0,21,富邦-中壢,2024-01-23,9636
2890,永豐金,21,1,20,富邦-中壢,2024-01-23,9636
1785,光洋科,30,10,20,富邦-中壢,2024-01-23,9636
8933,愛地雅,20,0,20,富邦-中壢,2024-01-23,9636
4106,雃博,20,0,20,富邦-中壢,2024-01-23,9636
00885,富邦越南,20,1,19,富邦-中壢,2024-01-23,9636
2332,友訊,20,1,19,富邦-中壢,2024-01-23,9636
2515,中工,19,0,19,富邦-中壢,2024-01-23,9636
2002,中鋼,24,5,19,富邦-中壢,2024-01-23,9636
2465,麗臺,67,49,18,富邦-中壢,2024-01-23,9636
5426,振發,47,31,16,富邦-中壢,2024-01-23,9636
3354,律勝,19,3,16,富邦-中壢,2024-01-23,9636
3029,零壹,18,3,15,富邦-中壢,2024-01-23,9636
6155,鈞寶,15,0,15,富邦-中壢,2024-01-23,9636
4956,光鋐,26,11,15,富邦-中壢,2024-01-23,9636
2014,中鴻,17,2,15,富邦-中壢,2024-01-23,9636
00722B,群益投資級電信債,15,0,15,富邦-中壢,2024-01-23,9636
2408,南亞科,34,19,15,富邦-中壢,2024-01-23,9636
00882,中信中國高股息,269,1,268,富邦-中壢,2024-01-24,9636
00937B,群益ESG投等債20,220,22,198,富邦-中壢,2024-01-24,9636
00687B,國泰20年美債,183,4,179,富邦-中壢,2024-01-24,9636
00632R,元大台灣50反1,180,8,172,富邦-中壢,2024-01-24,9636
00688L,國泰20年美債正2,166,0,166,富邦-中壢,2024-01-24,9636
00637L,元大滬深300正2,276,121,155,富邦-中壢,2024-01-24,9636
00929,復華台灣科技優息,220,94,126,富邦-中壢,2024-01-24,9636
00679B,元大美債20年,123,2,121,富邦-中壢,2024-01-24,9636
00633L,富邦上証正2,126,44,82,富邦-中壢,2024-01-24,9636
2353,宏��,140,64,76,富邦-中壢,2024-01-24,9636
3050,鈺德,73,0,73,富邦-中壢,2024-01-24,9636
00680L,元大美債20正2,63,0,63,富邦-中壢,2024-01-24,9636
3520,華盈,66,6,60,富邦-中壢,2024-01-24,9636
2002,中鋼,63,5,58,富邦-中壢,2024-01-24,9636
00720B,元大投資級公司債,54,0,54,富邦-中壢,2024-01-24,9636
2308,台達電,59,7,52,富邦-中壢,2024-01-24,9636
1905,華紙,52,2,50,富邦-中壢,2024-01-24,9636
2515,中工,51,4,47,富邦-中壢,2024-01-24,9636
2344,華邦電,103,60,43,富邦-中壢,2024-01-24,9636
2891,中信金,40,1,39,富邦-中壢,2024-01-24,9636
00902,中信電池及儲能,38,0,38,富邦-中壢,2024-01-24,9636
00877,復華中國5G,35,0,35,富邦-中壢,2024-01-24,9636
2607,榮運,61,27,34,富邦-中壢,2024-01-24,9636
8089,康全電訊,71,37,34,富邦-中壢,2024-01-24,9636
3231,緯創,207,174,33,富邦-中壢,2024-01-24,9636
6113,亞矽,76,43,33,富邦-中壢,2024-01-24,9636
00753L,中信中國50正2,78,45,33,富邦-中壢,2024-01-24,9636
2465,麗臺,42,10,32,富邦-中壢,2024-01-24,9636
3041,揚智,32,1,31,富邦-中壢,2024-01-24,9636
3593,力銘,30,0,30,富邦-中壢,2024-01-24,9636
00795B,中信美國公債20年,26,0,26,富邦-中壢,2024-01-24,9636
00918,大華優利高填息30,25,0,25,富邦-中壢,2024-01-24,9636
2884,玉山金,24,0,24,富邦-中壢,2024-01-24,9636
3287,廣寰科,62,38,24,富邦-中壢,2024-01-24,9636
00933B,國泰10Y+金融債,24,1,23,富邦-中壢,2024-01-24,9636
00927,群益半導體收益,31,8,23,富邦-中壢,2024-01-24,9636
6290,良維,21,0,21,富邦-中壢,2024-01-24,9636
6155,鈞寶,21,0,21,富邦-中壢,2024-01-24,9636
2486,一詮,45,24,21,富邦-中壢,2024-01-24,9636
3499,環天科,22,2,20,富邦-中壢,2024-01-24,9636
6742,澤米,20,0,20,富邦-中壢,2024-01-24,9636
2101,南港,20,0,20,富邦-中壢,2024-01-24,9636
2374,佳能,22,2,20,富邦-中壢,2024-01-24,9636
6246,臺龍,22,2,20,富邦-中壢,2024-01-24,9636
1616,億泰,22,2,20,富邦-中壢,2024-01-24,9636
3706,神達,33,13,20,富邦-中壢,2024-01-24,9636
8050,廣積,43,23,20,富邦-中壢,2024-01-24,9636
3312,弘憶股,20,1,19,富邦-中壢,2024-01-24,9636
00931B,統一美債20年,18,0,18,富邦-中壢,2024-01-24,9636
2368,金像電,22,4,18,富邦-中壢,2024-01-24,9636
00687B,國泰20年美債,313,13,300,富邦-中壢,2024-01-25,9636
00679B,元大美債20年,287,6,281,富邦-中壢,2024-01-25,9636
00937B,群益ESG投等債20,259,83,176,富邦-中壢,2024-01-25,9636
00632R,元大台灣50反1,141,2,139,富邦-中壢,2024-01-25,9636
00934,中信成長高股息,146,35,111,富邦-中壢,2024-01-25,9636
3231,緯創,591,496,95,富邦-中壢,2024-01-25,9636
00688L,國泰20年美債正2,99,6,93,富邦-中壢,2024-01-25,9636
00882,中信中國高股息,256,165,91,富邦-中壢,2024-01-25,9636
2365,昆盈,98,31,67,富邦-中壢,2024-01-25,9636
2515,中工,61,3,58,富邦-中壢,2024-01-25,9636
00720B,元大投資級公司債,58,0,58,富邦-中壢,2024-01-25,9636
2356,英業達,170,119,51,富邦-中壢,2024-01-25,9636
2460,建通,41,0,41,富邦-中壢,2024-01-25,9636
00673R,期元大S＆P原油反1,40,0,40,富邦-中壢,2024-01-25,9636
5211,蒙恬,45,6,39,富邦-中壢,2024-01-25,9636
00933B,國泰10Y+金融債,38,0,38,富邦-中壢,2024-01-25,9636
2636,台驊控股,37,1,36,富邦-中壢,2024-01-25,9636
00857B,永豐20年美公債,34,2,32,富邦-中壢,2024-01-25,9636
4939,亞電,30,0,30,富邦-中壢,2024-01-25,9636
6152,百一,30,0,30,富邦-中壢,2024-01-25,9636
2615,萬海,30,2,28,富邦-中壢,2024-01-25,9636
3605,宏致,66,40,26,富邦-中壢,2024-01-25,9636
00931B,統一美債20年,25,0,25,富邦-中壢,2024-01-25,9636
00680L,元大美債20正2,28,6,22,富邦-中壢,2024-01-25,9636
6695,芯鼎,41,19,22,富邦-中壢,2024-01-25,9636
3380,明泰,22,1,21,富邦-中壢,2024-01-25,9636
00907,永豐優息存股,21,0,21,富邦-中壢,2024-01-25,9636
4909,新復興,107,87,20,富邦-中壢,2024-01-25,9636
6113,亞矽,72,52,20,富邦-中壢,2024-01-25,9636
2527,宏璟,20,0,20,富邦-中壢,2024-01-25,9636
6245,立端,26,7,19,富邦-中壢,2024-01-25,9636
6155,鈞寶,20,1,19,富邦-中壢,2024-01-25,9636
2457,飛宏,21,2,19,富邦-中壢,2024-01-25,9636
00772B,中信高評級公司債,20,1,19,富邦-中壢,2024-01-25,9636
5478,智冠,28,10,18,富邦-中壢,2024-01-25,9636
2851,中再保,17,0,17,富邦-中壢,2024-01-25,9636
8034,榮群,31,14,17,富邦-中壢,2024-01-25,9636
00650L,復華香港正2,36,20,16,富邦-中壢,2024-01-25,9636
2633,台灣高鐵,16,0,16,富邦-中壢,2024-01-25,9636
6274,台燿,19,4,15,富邦-中壢,2024-01-25,9636
3390,旭軟,32,17,15,富邦-中壢,2024-01-25,9636
2431,聯昌,19,4,15,富邦-中壢,2024-01-25,9636
5488,松普,25,10,15,富邦-中壢,2024-01-25,9636
2002,中鋼,16,1,15,富邦-中壢,2024-01-25,9636
2360,致茂,15,0,15,富邦-中壢,2024-01-25,9636
2493,揚博,15,0,15,富邦-中壢,2024-01-25,9636
3443,創意,17,3,14,富邦-中壢,2024-01-25,9636
2308,台達電,15,1,14,富邦-中壢,2024-01-25,9636
8936,國統,40,26,14,富邦-中壢,2024-01-25,9636
00751B,元大AAA至A公司債,16,3,13,富邦-中壢,2024-01-25,9636
00632R,元大台灣50反1,1319,10,1309,富邦-中壢,2024-01-26,9636
2889,國票金,814,20,794,富邦-中壢,2024-01-26,9636
2303,聯電,353,59,294,富邦-中壢,2024-01-26,9636
00673R,期元大S＆P原油反1,259,0,259,富邦-中壢,2024-01-26,9636
00937B,群益ESG投等債20,239,4,235,富邦-中壢,2024-01-26,9636
00878,國泰永續高股息,245,13,232,富邦-中壢,2024-01-26,9636
00687B,國泰20年美債,175,10,165,富邦-中壢,2024-01-26,9636
2324,仁寶,151,11,140,富邦-中壢,2024-01-26,9636
00919,群益台灣精選高息,138,23,115,富邦-中壢,2024-01-26,9636
00679B,元大美債20年,98,3,95,富邦-中壢,2024-01-26,9636
2356,英業達,138,69,69,富邦-中壢,2024-01-26,9636
00688L,國泰20年美債正2,68,0,68,富邦-中壢,2024-01-26,9636
00929,復華台灣科技優息,171,108,63,富邦-中壢,2024-01-26,9636
3694,海華,194,133,61,富邦-中壢,2024-01-26,9636
3479,安勤,73,12,61,富邦-中壢,2024-01-26,9636
00918,大華優利高填息30,53,0,53,富邦-中壢,2024-01-26,9636
00753L,中信中國50正2,79,38,41,富邦-中壢,2024-01-26,9636
00933B,國泰10Y+金融債,45,4,41,富邦-中壢,2024-01-26,9636
6120,達運,63,24,39,富邦-中壢,2024-01-26,9636
6140,訊達,68,31,37,富邦-中壢,2024-01-26,9636
2515,中工,37,3,34,富邦-中壢,2024-01-26,9636
2313,華通,43,10,33,富邦-中壢,2024-01-26,9636
00931B,統一美債20年,33,0,33,富邦-中壢,2024-01-26,9636
6643,M31,29,1,28,富邦-中壢,2024-01-26,9636
8096,擎亞,89,64,25,富邦-中壢,2024-01-26,9636
00936,台新永續高息中小,22,0,22,富邦-中壢,2024-01-26,9636
4939,亞電,37,15,22,富邦-中壢,2024-01-26,9636
3276,宇環,28,6,22,富邦-中壢,2024-01-26,9636
2516,新建,21,0,21,富邦-中壢,2024-01-26,9636
00830,國泰費城半導體,22,1,21,富邦-中壢,2024-01-26,9636
2509,全坤建,20,0,20,富邦-中壢,2024-01-26,9636
8936,國統,28,8,20,富邦-中壢,2024-01-26,9636
2382,廣達,38,18,20,富邦-中壢,2024-01-26,9636
2329,華泰,155,136,19,富邦-中壢,2024-01-26,9636
2486,一詮,37,18,19,富邦-中壢,2024-01-26,9636
2476,鉅祥,22,3,19,富邦-中壢,2024-01-26,9636
6155,鈞寶,19,1,18,富邦-中壢,2024-01-26,9636
2609,陽明,28,11,17,富邦-中壢,2024-01-26,9636
2031,新光鋼,17,0,17,富邦-中壢,2024-01-26,9636
1301,台塑,18,1,17,富邦-中壢,2024-01-26,9636
6668,中揚光,16,0,16,富邦-中壢,2024-01-26,9636
3032,偉訓,16,0,16,富邦-中壢,2024-01-26,9636
2344,華邦電,104,88,16,富邦-中壢,2024-01-26,9636
5488,松普,20,5,15,富邦-中壢,2024-01-26,9636
3416,融程電,15,1,14,富邦-中壢,2024-01-26,9636
00720B,元大投資級公司債,14,0,14,富邦-中壢,2024-01-26,9636
00927,群益半導體收益,20,7,13,富邦-中壢,2024-01-26,9636
3043,科風,14,1,13,富邦-中壢,2024-01-26,9636
2201,裕隆,13,0,13,富邦-中壢,2024-01-26,9636
2520,冠德,75,62,13,富邦-中壢,2024-01-26,9636
00937B,群益ESG投等債20,350,0,350,富邦-中壢,2024-01-29,9636
3481,群創,499,182,317,富邦-中壢,2024-01-29,9636
00679B,元大美債20年,222,0,222,富邦-中壢,2024-01-29,9636
00687B,國泰20年美債,202,11,191,富邦-中壢,2024-01-29,9636
00632R,元大台灣50反1,222,49,173,富邦-中壢,2024-01-29,9636
00680L,元大美債20正2,160,6,154,富邦-中壢,2024-01-29,9636
3231,緯創,400,292,108,富邦-中壢,2024-01-29,9636
00877,復華中國5G,105,0,105,富邦-中壢,2024-01-29,9636
00673R,期元大S＆P原油反1,70,0,70,富邦-中壢,2024-01-29,9636
9105,泰金寶-DR,78,10,68,富邦-中壢,2024-01-29,9636
0056,元大高股息,102,39,63,富邦-中壢,2024-01-29,9636
00712,復華富時不動產,65,3,62,富邦-中壢,2024-01-29,9636
2527,宏璟,60,2,58,富邦-中壢,2024-01-29,9636
2303,聯電,67,13,54,富邦-中壢,2024-01-29,9636
00878,國泰永續高股息,122,72,50,富邦-中壢,2024-01-29,9636
6546,正基,52,6,46,富邦-中壢,2024-01-29,9636
00795B,中信美國公債20年,38,0,38,富邦-中壢,2024-01-29,9636
00688L,國泰20年美債正2,36,0,36,富邦-中壢,2024-01-29,9636
00650L,復華香港正2,40,6,34,富邦-中壢,2024-01-29,9636
00633L,富邦上証正2,82,48,34,富邦-中壢,2024-01-29,9636
00905,FT臺灣Smart,31,0,31,富邦-中壢,2024-01-29,9636
00753L,中信中國50正2,48,20,28,富邦-中壢,2024-01-29,9636
4968,立積,46,18,28,富邦-中壢,2024-01-29,9636
3356,奇偶,34,8,26,富邦-中壢,2024-01-29,9636
00725B,國泰投資級公司債,26,0,26,富邦-中壢,2024-01-29,9636
3257,虹冠電,35,10,25,富邦-中壢,2024-01-29,9636
6120,達運,92,67,25,富邦-中壢,2024-01-29,9636
5469,瀚宇博,31,7,24,富邦-中壢,2024-01-29,9636
6442,光聖,58,34,24,富邦-中壢,2024-01-29,9636
1616,億泰,30,7,23,富邦-中壢,2024-01-29,9636
00720B,元大投資級公司債,23,0,23,富邦-中壢,2024-01-29,9636
8064,東捷,27,5,22,富邦-中壢,2024-01-29,9636
2337,旺宏,21,0,21,富邦-中壢,2024-01-29,9636
3051,力特,22,1,21,富邦-中壢,2024-01-29,9636
00719B,元大美債1-3,21,0,21,富邦-中壢,2024-01-29,9636
00751B,元大AAA至A公司債,21,1,20,富邦-中壢,2024-01-29,9636
00641R,富邦日本反1,20,0,20,富邦-中壢,2024-01-29,9636
1101,台泥,19,0,19,富邦-中壢,2024-01-29,9636
6770,力積電,20,2,18,富邦-中壢,2024-01-29,9636
2344,華邦電,41,23,18,富邦-中壢,2024-01-29,9636
2515,中工,20,2,18,富邦-中壢,2024-01-29,9636
2634,漢翔,18,0,18,富邦-中壢,2024-01-29,9636
8059,凱碩,21,5,16,富邦-中壢,2024-01-29,9636
1434,福懋,23,9,14,富邦-中壢,2024-01-29,9636
3047,訊舟,19,6,13,富邦-中壢,2024-01-29,9636
00764B,群益25年美債,13,0,13,富邦-中壢,2024-01-29,9636
4588,玖鼎電力,13,0,13,富邦-中壢,2024-01-29,9636
9934,成霖,13,0,13,富邦-中壢,2024-01-29,9636
2607,榮運,12,0,12,富邦-中壢,2024-01-29,9636
1722,台肥,24,12,12,富邦-中壢,2024-01-29,9636
00680L,元大美債20正2,553,0,553,富邦-中壢,2024-01-30,9636
3481,群創,263,62,201,富邦-中壢,2024-01-30,9636
00753L,中信中國50正2,208,8,200,富邦-中壢,2024-01-30,9636
00665L,富邦�琤肭磪囓�2,223,34,189,富邦-中壢,2024-01-30,9636
2610,華航,134,4,130,富邦-中壢,2024-01-30,9636
2356,英業達,177,65,112,富邦-中壢,2024-01-30,9636
00937B,群益ESG投等債20,123,12,111,富邦-中壢,2024-01-30,9636
1316,上曜,106,8,98,富邦-中壢,2024-01-30,9636
00637L,元大滬深300正2,89,6,83,富邦-中壢,2024-01-30,9636
00633L,富邦上証正2,86,3,83,富邦-中壢,2024-01-30,9636
00712,復華富時不動產,76,4,72,富邦-中壢,2024-01-30,9636
00687B,國泰20年美債,71,6,65,富邦-中壢,2024-01-30,9636
2337,旺宏,65,1,64,富邦-中壢,2024-01-30,9636
00679B,元大美債20年,60,6,54,富邦-中壢,2024-01-30,9636
00924,復華S＆P500成長,52,0,52,富邦-中壢,2024-01-30,9636
2344,華邦電,54,4,50,富邦-中壢,2024-01-30,9636
00632R,元大台灣50反1,170,121,49,富邦-中壢,2024-01-30,9636
00927,群益半導體收益,62,14,48,富邦-中壢,2024-01-30,9636
2405,輔信,51,6,45,富邦-中壢,2024-01-30,9636
2812,台中銀,41,0,41,富邦-中壢,2024-01-30,9636
6592,和潤企業,40,0,40,富邦-中壢,2024-01-30,9636
3231,緯創,232,192,40,富邦-中壢,2024-01-30,9636
2636,台驊控股,36,0,36,富邦-中壢,2024-01-30,9636
00878,國泰永續高股息,97,61,36,富邦-中壢,2024-01-30,9636
00877,復華中國5G,34,0,34,富邦-中壢,2024-01-30,9636
4532,瑞智,47,14,33,富邦-中壢,2024-01-30,9636
1101,台泥,39,8,31,富邦-中壢,2024-01-30,9636
2303,聯電,36,5,31,富邦-中壢,2024-01-30,9636
6237,驊訊,30,4,26,富邦-中壢,2024-01-30,9636
2834,臺企銀,26,0,26,富邦-中壢,2024-01-30,9636
00650L,復華香港正2,30,5,25,富邦-中壢,2024-01-30,9636
00857B,永豐20年美公債,25,0,25,富邦-中壢,2024-01-30,9636
00688L,國泰20年美債正2,25,0,25,富邦-中壢,2024-01-30,9636
1514,亞力,37,12,25,富邦-中壢,2024-01-30,9636
6695,芯鼎,42,18,24,富邦-中壢,2024-01-30,9636
3189,景碩,61,37,24,富邦-中壢,2024-01-30,9636
2618,長榮航,56,33,23,富邦-中壢,2024-01-30,9636
2887,台新金,23,1,22,富邦-中壢,2024-01-30,9636
2031,新光鋼,22,0,22,富邦-中壢,2024-01-30,9636
2402,毅嘉,22,0,22,富邦-中壢,2024-01-30,9636
5347,世界,21,0,21,富邦-中壢,2024-01-30,9636
2365,昆盈,39,18,21,富邦-中壢,2024-01-30,9636
00887,永豐中國科技50大,20,0,20,富邦-中壢,2024-01-30,9636
3535,晶彩科,90,70,20,富邦-中壢,2024-01-30,9636
2883,凱基金,20,1,19,富邦-中壢,2024-01-30,9636
9945,潤泰新,23,3,20,富邦-中壢,2024-01-30,9636
3450,聯鈞,23,4,19,富邦-中壢,2024-01-30,9636
6462,神盾,97,79,18,富邦-中壢,2024-01-30,9636
3363,上詮,31,13,18,富邦-中壢,2024-01-30,9636
00885,富邦越南,35,17,18,富邦-中壢,2024-01-30,9636
00680L,元大美債20正2,418,25,393,富邦-中壢,2024-01-31,9636
00937B,群益ESG投等債20,204,15,189,富邦-中壢,2024-01-31,9636
00933B,國泰10Y+金融債,132,2,130,富邦-中壢,2024-01-31,9636
3481,群創,245,122,123,富邦-中壢,2024-01-31,9636
00919,群益台灣精選高息,116,2,114,富邦-中壢,2024-01-31,9636
00687B,國泰20年美債,142,37,105,富邦-中壢,2024-01-31,9636
2303,聯電,117,18,99,富邦-中壢,2024-01-31,9636
2352,佳世達,105,17,88,富邦-中壢,2024-01-31,9636
00688L,國泰20年美債正2,169,90,79,富邦-中壢,2024-01-31,9636
3231,緯創,183,109,74,富邦-中壢,2024-01-31,9636
00637L,元大滬深300正2,86,13,73,富邦-中壢,2024-01-31,9636
8059,凱碩,140,69,71,富邦-中壢,2024-01-31,9636
00665L,富邦�琤肭磪囓�2,133,67,66,富邦-中壢,2024-01-31,9636
00713,元大台灣高息低波,65,0,65,富邦-中壢,2024-01-31,9636
8096,擎亞,89,26,63,富邦-中壢,2024-01-31,9636
2888,新光金,60,0,60,富邦-中壢,2024-01-31,9636
00679B,元大美債20年,66,6,60,富邦-中壢,2024-01-31,9636
00877,復華中國5G,56,0,56,富邦-中壢,2024-01-31,9636
00753L,中信中國50正2,103,48,55,富邦-中壢,2024-01-31,9636
3297,杭特,85,31,54,富邦-中壢,2024-01-31,9636
2356,英業達,184,137,47,富邦-中壢,2024-01-31,9636
00923,群益台ESG低碳50,45,1,44,富邦-中壢,2024-01-31,9636
2610,華航,51,8,43,富邦-中壢,2024-01-31,9636
6113,亞矽,92,52,40,富邦-中壢,2024-01-31,9636
6290,良維,41,2,39,富邦-中壢,2024-01-31,9636
6592,和潤企業,38,0,38,富邦-中壢,2024-01-31,9636
2883,凱基金,44,13,31,富邦-中壢,2024-01-31,9636
2330,台積電,43,13,30,富邦-中壢,2024-01-31,9636
2891,中信金,40,11,29,富邦-中壢,2024-01-31,9636
00878,國泰永續高股息,71,44,27,富邦-中壢,2024-01-31,9636
3055,蔚華科,84,57,27,富邦-中壢,2024-01-31,9636
2308,台達電,28,1,27,富邦-中壢,2024-01-31,9636
6198,瑞築,31,4,27,富邦-中壢,2024-01-31,9636
0056,元大高股息,40,14,26,富邦-中壢,2024-01-31,9636
2457,飛宏,32,6,26,富邦-中壢,2024-01-31,9636
3706,神達,32,6,26,富邦-中壢,2024-01-31,9636
6229,研通,66,41,25,富邦-中壢,2024-01-31,9636
2344,華邦電,42,18,24,富邦-中壢,2024-01-31,9636
8404,百和興業-KY,24,0,24,富邦-中壢,2024-01-31,9636
3041,揚智,29,5,24,富邦-中壢,2024-01-31,9636
4979,華星光,30,7,23,富邦-中壢,2024-01-31,9636
3038,全台,25,3,22,富邦-中壢,2024-01-31,9636
00915,凱基優選高股息30,22,0,22,富邦-中壢,2024-01-31,9636
6108,競國,21,0,21,富邦-中壢,2024-01-31,9636
00931B,統一美債20年,22,1,21,富邦-中壢,2024-01-31,9636
2382,廣達,33,12,21,富邦-中壢,2024-01-31,9636
6116,彩晶,20,0,20,富邦-中壢,2024-01-31,9636
6770,力積電,23,3,20,富邦-中壢,2024-01-31,9636
6462,神盾,119,100,19,富邦-中壢,2024-01-31,9636
3339,泰谷,19,0,19,富邦-中壢,2024-01-31,9636
00918,大華優利高填息30,247,0,247,富邦-中壢,2024-02-01,9636
3437,榮創,203,20,183,富邦-中壢,2024-02-01,9636
00665L,富邦�琤肭磪囓�2,531,363,168,富邦-中壢,2024-02-01,9636
00687B,國泰20年美債,200,46,154,富邦-中壢,2024-02-01,9636
2409,友達,191,46,145,富邦-中壢,2024-02-01,9636
2812,台中銀,272,143,129,富邦-中壢,2024-02-01,9636
00720B,元大投資級公司債,121,4,117,富邦-中壢,2024-02-01,9636
00753L,中信中國50正2,159,95,64,富邦-中壢,2024-02-01,9636
2204,中華,50,2,48,富邦-中壢,2024-02-01,9636
6290,良維,50,2,48,富邦-中壢,2024-02-01,9636
3036,文曄,69,21,48,富邦-中壢,2024-02-01,9636
2303,聯電,66,19,47,富邦-中壢,2024-02-01,9636
8096,擎亞,96,50,46,富邦-中壢,2024-02-01,9636
5426,振發,51,9,42,富邦-中壢,2024-02-01,9636
3231,緯創,218,177,41,富邦-中壢,2024-02-01,9636
6695,芯鼎,166,127,39,富邦-中壢,2024-02-01,9636
2405,輔信,42,4,38,富邦-中壢,2024-02-01,9636
00933B,國泰10Y+金融債,40,3,37,富邦-中壢,2024-02-01,9636
00915,凱基優選高股息30,36,0,36,富邦-中壢,2024-02-01,9636
2369,菱生,48,12,36,富邦-中壢,2024-02-01,9636
00891,中信關鍵半導體,32,0,32,富邦-中壢,2024-02-01,9636
3051,力特,44,13,31,富邦-中壢,2024-02-01,9636
00900,富邦特選高股息30,32,3,29,富邦-中壢,2024-02-01,9636
00712,復華富時不動產,96,69,27,富邦-中壢,2024-02-01,9636
00877,復華中國5G,27,0,27,富邦-中壢,2024-02-01,9636
6219,富旺,27,0,27,富邦-中壢,2024-02-01,9636
3032,偉訓,60,35,25,富邦-中壢,2024-02-01,9636
9105,泰金寶-DR,25,0,25,富邦-中壢,2024-02-01,9636
00923,群益台ESG低碳50,30,6,24,富邦-中壢,2024-02-01,9636
1605,華新,28,5,23,富邦-中壢,2024-02-01,9636
6592,和潤企業,23,1,22,富邦-中壢,2024-02-01,9636
00679B,元大美債20年,49,27,22,富邦-中壢,2024-02-01,9636
2382,廣達,36,15,21,富邦-中壢,2024-02-01,9636
6215,和椿,20,0,20,富邦-中壢,2024-02-01,9636
2330,台積電,27,8,19,富邦-中壢,2024-02-01,9636
00882,中信中國高股息,29,10,19,富邦-中壢,2024-02-01,9636
2101,南港,18,0,18,富邦-中壢,2024-02-01,9636
3530,晶相光,45,27,18,富邦-中壢,2024-02-01,9636
5512,力麒,23,6,17,富邦-中壢,2024-02-01,9636
1325,恆大,23,7,16,富邦-中壢,2024-02-01,9636
00885,富邦越南,21,7,14,富邦-中壢,2024-02-01,9636
3312,弘憶股,24,10,14,富邦-中壢,2024-02-01,9636
3548,兆利,52,39,13,富邦-中壢,2024-02-01,9636
6265,方土昶,88,76,12,富邦-中壢,2024-02-01,9636
1560,中砂,15,3,12,富邦-中壢,2024-02-01,9636
3059,華晶科,12,0,12,富邦-中壢,2024-02-01,9636
9934,成霖,12,0,12,富邦-中壢,2024-02-01,9636
3374,精材,14,2,12,富邦-中壢,2024-02-01,9636
00770,國泰北美科技,11,0,11,富邦-中壢,2024-02-01,9636
6465,威潤,11,0,11,富邦-中壢,2024-02-01,9636
00919,群益台灣精選高息,257,18,239,富邦-中壢,2024-02-02,9636
00937B,群益ESG投等債20,312,107,205,富邦-中壢,2024-02-02,9636
00715L,期街口布蘭特正2,184,3,181,富邦-中壢,2024-02-02,9636
2891,中信金,134,3,131,富邦-中壢,2024-02-02,9636
00712,復華富時不動產,106,1,105,富邦-中壢,2024-02-02,9636
2888,新光金,107,5,102,富邦-中壢,2024-02-02,9636
3437,榮創,105,3,102,富邦-中壢,2024-02-02,9636
00918,大華優利高填息30,99,0,99,富邦-中壢,2024-02-02,9636
3481,群創,243,150,93,富邦-中壢,2024-02-02,9636
00753L,中信中國50正2,95,7,88,富邦-中壢,2024-02-02,9636
00665L,富邦�琤肭磪囓�2,393,305,88,富邦-中壢,2024-02-02,9636
2303,聯電,292,208,84,富邦-中壢,2024-02-02,9636
8936,國統,100,18,82,富邦-中壢,2024-02-02,9636
00929,復華台灣科技優息,382,307,75,富邦-中壢,2024-02-02,9636
00679B,元大美債20年,82,15,67,富邦-中壢,2024-02-02,9636
00633L,富邦上証正2,97,37,60,富邦-中壢,2024-02-02,9636
2344,華邦電,59,6,53,富邦-中壢,2024-02-02,9636
8064,東捷,65,12,53,富邦-中壢,2024-02-02,9636
6152,百一,52,0,52,富邦-中壢,2024-02-02,9636
2313,華通,84,33,51,富邦-中壢,2024-02-02,9636
2884,玉山金,70,20,50,富邦-中壢,2024-02-02,9636
00687B,國泰20年美債,117,68,49,富邦-中壢,2024-02-02,9636
2405,輔信,51,4,47,富邦-中壢,2024-02-02,9636
00795B,中信美國公債20年,73,28,45,富邦-中壢,2024-02-02,9636
3313,斐成,69,25,44,富邦-中壢,2024-02-02,9636
6282,康舒,83,39,44,富邦-中壢,2024-02-02,9636
00713,元大台灣高息低波,44,1,43,富邦-中壢,2024-02-02,9636
00933B,國泰10Y+金融債,193,156,37,富邦-中壢,2024-02-02,9636
1605,華新,51,14,37,富邦-中壢,2024-02-02,9636
6290,良維,51,14,37,富邦-中壢,2024-02-02,9636
2312,金寶,64,30,34,富邦-中壢,2024-02-02,9636
3450,聯鈞,42,10,32,富邦-中壢,2024-02-02,9636
6219,富旺,31,0,31,富邦-中壢,2024-02-02,9636
00751B,元大AAA至A公司債,41,10,31,富邦-中壢,2024-02-02,9636
00902,中信電池及儲能,30,0,30,富邦-中壢,2024-02-02,9636
5234,達興材料,29,1,28,富邦-中壢,2024-02-02,9636
00688L,國泰20年美債正2,43,15,28,富邦-中壢,2024-02-02,9636
6770,力積電,28,0,28,富邦-中壢,2024-02-02,9636
6742,澤米,28,1,27,富邦-中壢,2024-02-02,9636
3363,上詮,62,35,27,富邦-中壢,2024-02-02,9636
00686R,群益臺灣加權反1,27,0,27,富邦-中壢,2024-02-02,9636
00882,中信中國高股息,42,16,26,富邦-中壢,2024-02-02,9636
8040,九暘,80,54,26,富邦-中壢,2024-02-02,9636
3002,歐格,26,0,26,富邦-中壢,2024-02-02,9636
2353,宏��,88,64,24,富邦-中壢,2024-02-02,9636
4906,正文,35,11,24,富邦-中壢,2024-02-02,9636
2603,長榮,33,10,23,富邦-中壢,2024-02-02,9636
00885,富邦越南,26,3,23,富邦-中壢,2024-02-02,9636
1336,台翰,23,0,23,富邦-中壢,2024-02-02,9636
2889,國票金,27,5,22,富邦-中壢,2024-02-02,9636
00937B,群益ESG投等債20,489,36,453,富邦-中壢,2024-02-05,9636
00715L,期街口布蘭特正2,476,35,441,富邦-中壢,2024-02-05,9636
00929,復華台灣科技優息,293,68,225,富邦-中壢,2024-02-05,9636
00933B,國泰10Y+金融債,229,20,209,富邦-中壢,2024-02-05,9636
00680L,元大美債20正2,204,5,199,富邦-中壢,2024-02-05,9636
00687B,國泰20年美債,134,5,129,富邦-中壢,2024-02-05,9636
00688L,國泰20年美債正2,111,0,111,富邦-中壢,2024-02-05,9636
00919,群益台灣精選高息,164,54,110,富邦-中壢,2024-02-05,9636
00918,大華優利高填息30,101,0,101,富邦-中壢,2024-02-05,9636
00679B,元大美債20年,79,7,72,富邦-中壢,2024-02-05,9636
00712,復華富時不動產,111,47,64,富邦-中壢,2024-02-05,9636
2882,國泰金,65,5,60,富邦-中壢,2024-02-05,9636
3437,榮創,55,0,55,富邦-中壢,2024-02-05,9636
9105,泰金寶-DR,53,0,53,富邦-中壢,2024-02-05,9636
00795B,中信美國公債20年,48,0,48,富邦-中壢,2024-02-05,9636
00642U,期元大S＆P石油,49,1,48,富邦-中壢,2024-02-05,9636
2303,聯電,61,17,44,富邦-中壢,2024-02-05,9636
00877,復華中國5G,46,3,43,富邦-中壢,2024-02-05,9636
2344,華邦電,58,17,41,富邦-中壢,2024-02-05,9636
00706L,期元大S＆P日圓正2,41,0,41,富邦-中壢,2024-02-05,9636
00882,中信中國高股息,67,26,41,富邦-中壢,2024-02-05,9636
2888,新光金,59,20,39,富邦-中壢,2024-02-05,9636
8085,福華,39,1,38,富邦-中壢,2024-02-05,9636
2421,建準,82,47,35,富邦-中壢,2024-02-05,9636
2609,陽明,41,7,34,富邦-中壢,2024-02-05,9636
6288,聯嘉,33,0,33,富邦-中壢,2024-02-05,9636
00650L,復華香港正2,30,0,30,富邦-中壢,2024-02-05,9636
3450,聯鈞,33,4,29,富邦-中壢,2024-02-05,9636
2208,台船,29,1,28,富邦-中壢,2024-02-05,9636
0052,富邦科技,28,0,28,富邦-中壢,2024-02-05,9636
2884,玉山金,57,31,26,富邦-中壢,2024-02-05,9636
2356,英業達,107,82,25,富邦-中壢,2024-02-05,9636
2329,華泰,57,32,25,富邦-中壢,2024-02-05,9636
2886,兆豐金,27,2,25,富邦-中壢,2024-02-05,9636
2388,威盛,43,18,25,富邦-中壢,2024-02-05,9636
2355,敬鵬,31,6,25,富邦-中壢,2024-02-05,9636
00900,富邦特選高股息30,70,45,25,富邦-中壢,2024-02-05,9636
9904,寶成,25,0,25,富邦-中壢,2024-02-05,9636
1301,台塑,24,0,24,富邦-中壢,2024-02-05,9636
2363,矽統,27,4,23,富邦-中壢,2024-02-05,9636
8086,宏捷科,32,9,23,富邦-中壢,2024-02-05,9636
8936,國統,32,10,22,富邦-中壢,2024-02-05,9636
3036,文曄,36,14,22,富邦-中壢,2024-02-05,9636
2331,精英,21,0,21,富邦-中壢,2024-02-05,9636
2401,凌陽,21,0,21,富邦-中壢,2024-02-05,9636
2606,裕民,24,3,21,富邦-中壢,2024-02-05,9636
2851,中再保,20,0,20,富邦-中壢,2024-02-05,9636
8147,正淩,21,1,20,富邦-中壢,2024-02-05,9636
2460,建通,20,0,20,富邦-中壢,2024-02-05,9636
2358,廷鑫,20,0,20,富邦-中壢,2024-02-05,9636
00632R,元大台灣50反1,653,64,589,富邦-中壢,2024-02-15,9636
00937B,群益ESG投等債20,680,99,581,富邦-中壢,2024-02-15,9636
00687B,國泰20年美債,709,136,573,富邦-中壢,2024-02-15,9636
00664R,國泰臺灣加權反1,523,0,523,富邦-中壢,2024-02-15,9636
00688L,國泰20年美債正2,486,0,486,富邦-中壢,2024-02-15,9636
00679B,元大美債20年,430,10,420,富邦-中壢,2024-02-15,9636
00680L,元大美債20正2,436,80,356,富邦-中壢,2024-02-15,9636
00933B,國泰10Y+金融債,336,10,326,富邦-中壢,2024-02-15,9636
3481,群創,358,51,307,富邦-中壢,2024-02-15,9636
00712,復華富時不動產,261,2,259,富邦-中壢,2024-02-15,9636
2610,華航,257,19,238,富邦-中壢,2024-02-15,9636
2344,華邦電,244,7,237,富邦-中壢,2024-02-15,9636
00673R,期元大S＆P原油反1,207,0,207,富邦-中壢,2024-02-15,9636
00720B,元大投資級公司債,164,2,162,富邦-中壢,2024-02-15,9636
00706L,期元大S＆P日圓正2,157,0,157,富邦-中壢,2024-02-15,9636
2812,台中銀,157,5,152,富邦-中壢,2024-02-15,9636
2618,長榮航,127,15,112,富邦-中壢,2024-02-15,9636
00905,FT臺灣Smart,103,2,101,富邦-中壢,2024-02-15,9636
2353,宏��,101,13,88,富邦-中壢,2024-02-15,9636
00751B,元大AAA至A公司債,86,0,86,富邦-中壢,2024-02-15,9636
00795B,中信美國公債20年,81,0,81,富邦-中壢,2024-02-15,9636
2356,英業達,279,206,73,富邦-中壢,2024-02-15,9636
2888,新光金,92,23,69,富邦-中壢,2024-02-15,9636
00764B,群益25年美債,64,0,64,富邦-中壢,2024-02-15,9636
2365,昆盈,138,78,60,富邦-中壢,2024-02-15,9636
1101,台泥,86,31,55,富邦-中壢,2024-02-15,9636
1582,信錦,57,8,49,富邦-中壢,2024-02-15,9636
2308,台達電,50,3,47,富邦-中壢,2024-02-15,9636
2408,南亞科,48,4,44,富邦-中壢,2024-02-15,9636
00882,中信中國高股息,101,59,42,富邦-中壢,2024-02-15,9636
5284,jpp-KY,58,16,42,富邦-中壢,2024-02-15,9636
3312,弘憶股,98,57,41,富邦-中壢,2024-02-15,9636
2515,中工,41,2,39,富邦-中壢,2024-02-15,9636
6116,彩晶,50,14,36,富邦-中壢,2024-02-15,9636
2301,光寶科,43,8,35,富邦-中壢,2024-02-15,9636
3715,定穎投控,50,15,35,富邦-中壢,2024-02-15,9636
00637L,元大滬深300正2,282,248,34,富邦-中壢,2024-02-15,9636
3548,兆利,48,15,33,富邦-中壢,2024-02-15,9636
6698,旭暉應材,34,2,32,富邦-中壢,2024-02-15,9636
2409,友達,62,30,32,富邦-中壢,2024-02-15,9636
2317,鴻海,31,0,31,富邦-中壢,2024-02-15,9636
8068,全達,31,1,30,富邦-中壢,2024-02-15,9636
1514,亞力,42,14,28,富邦-中壢,2024-02-15,9636
3055,蔚華科,60,33,27,富邦-中壢,2024-02-15,9636
00722B,群益投資級電信債,26,0,26,富邦-中壢,2024-02-15,9636
2892,第一金,27,1,26,富邦-中壢,2024-02-15,9636
6245,立端,26,0,26,富邦-中壢,2024-02-15,9636
2883,凱基金,55,29,26,富邦-中壢,2024-02-15,9636
1513,中興電,37,12,25,富邦-中壢,2024-02-15,9636
00772B,中信高評級公司債,25,0,25,富邦-中壢,2024-02-15,9636
00687B,國泰20年美債,503,25,478,富邦-中壢,2024-02-16,9636
00712,復華富時不動產,320,10,310,富邦-中壢,2024-02-16,9636
00937B,群益ESG投等債20,304,16,288,富邦-中壢,2024-02-16,9636
00688L,國泰20年美債正2,234,0,234,富邦-中壢,2024-02-16,9636
00679B,元大美債20年,189,7,182,富邦-中壢,2024-02-16,9636
00673R,期元大S＆P原油反1,137,7,130,富邦-中壢,2024-02-16,9636
2371,大同,110,7,103,富邦-中壢,2024-02-16,9636
00919,群益台灣精選高息,215,116,99,富邦-中壢,2024-02-16,9636
00753L,中信中國50正2,112,19,93,富邦-中壢,2024-02-16,9636
2891,中信金,141,65,76,富邦-中壢,2024-02-16,9636
2017,官田鋼,70,0,70,富邦-中壢,2024-02-16,9636
00680L,元大美債20正2,117,50,67,富邦-中壢,2024-02-16,9636
00933B,國泰10Y+金融債,70,5,65,富邦-中壢,2024-02-16,9636
00795B,中信美國公債20年,65,0,65,富邦-中壢,2024-02-16,9636
2405,輔信,68,5,63,富邦-中壢,2024-02-16,9636
2888,新光金,64,5,59,富邦-中壢,2024-02-16,9636
00706L,期元大S＆P日圓正2,60,2,58,富邦-中壢,2024-02-16,9636
2102,泰豐,53,0,53,富邦-中壢,2024-02-16,9636
2382,廣達,144,95,49,富邦-中壢,2024-02-16,9636
00696B,富邦美債20年,44,0,44,富邦-中壢,2024-02-16,9636
3450,聯鈞,75,33,42,富邦-中壢,2024-02-16,9636
00632R,元大台灣50反1,44,2,42,富邦-中壢,2024-02-16,9636
2363,矽統,80,39,41,富邦-中壢,2024-02-16,9636
00931B,統一美債20年,46,6,40,富邦-中壢,2024-02-16,9636
2331,精英,39,0,39,富邦-中壢,2024-02-16,9636
3035,智原,55,17,38,富邦-中壢,2024-02-16,9636
1560,中砂,42,4,38,富邦-中壢,2024-02-16,9636
2812,台中銀,38,1,37,富邦-中壢,2024-02-16,9636
2303,聯電,38,6,32,富邦-中壢,2024-02-16,9636
00720B,元大投資級公司債,36,5,31,富邦-中壢,2024-02-16,9636
8034,榮群,30,1,29,富邦-中壢,2024-02-16,9636
3033,威健,32,3,29,富邦-中壢,2024-02-16,9636
2301,光寶科,40,13,27,富邦-中壢,2024-02-16,9636
3038,全台,34,9,25,富邦-中壢,2024-02-16,9636
5531,鄉林,25,0,25,富邦-中壢,2024-02-16,9636
1447,力鵬,47,22,25,富邦-中壢,2024-02-16,9636
1316,上曜,40,16,24,富邦-中壢,2024-02-16,9636
00877,復華中國5G,24,0,24,富邦-中壢,2024-02-16,9636
6139,亞翔,29,6,23,富邦-中壢,2024-02-16,9636
3615,安可,23,1,22,富邦-中壢,2024-02-16,9636
6530,創威,35,13,22,富邦-中壢,2024-02-16,9636
1101,台泥,46,24,22,富邦-中壢,2024-02-16,9636
2317,鴻海,44,22,22,富邦-中壢,2024-02-16,9636
5521,工信,25,4,21,富邦-中壢,2024-02-16,9636
00935,野村臺灣新科技50,27,6,21,富邦-中壢,2024-02-16,9636
3372,典範,36,15,21,富邦-中壢,2024-02-16,9636
00676R,富邦臺灣加權反1,20,0,20,富邦-中壢,2024-02-16,9636
2493,揚博,20,0,20,富邦-中壢,2024-02-16,9636
2816,旺旺保,20,0,20,富邦-中壢,2024-02-16,9636
9105,泰金寶-DR,27,7,20,富邦-中壢,2024-02-16,9636
00665L,富邦�琤肭磪囓�2,925,71,854,富邦-中壢,2024-02-19,9636
00937B,群益ESG投等債20,623,5,618,富邦-中壢,2024-02-19,9636
00919,群益台灣精選高息,323,43,280,富邦-中壢,2024-02-19,9636
00929,復華台灣科技優息,388,116,272,富邦-中壢,2024-02-19,9636
00878,國泰永續高股息,310,68,242,富邦-中壢,2024-02-19,9636
00933B,國泰10Y+金融債,231,0,231,富邦-中壢,2024-02-19,9636
00687B,國泰20年美債,222,58,164,富邦-中壢,2024-02-19,9636
00753L,中信中國50正2,194,41,153,富邦-中壢,2024-02-19,9636
5531,鄉林,135,0,135,富邦-中壢,2024-02-19,9636
5355,佳總,130,0,130,富邦-中壢,2024-02-19,9636
2353,宏��,160,53,107,富邦-中壢,2024-02-19,9636
2102,泰豐,105,5,100,富邦-中壢,2024-02-19,9636
2431,聯昌,180,96,84,富邦-中壢,2024-02-19,9636
6719,力智,78,5,73,富邦-中壢,2024-02-19,9636
00679B,元大美債20年,90,20,70,富邦-中壢,2024-02-19,9636
4960,誠美材,64,2,62,富邦-中壢,2024-02-19,9636
6288,聯嘉,58,4,54,富邦-中壢,2024-02-19,9636
2515,中工,105,53,52,富邦-中壢,2024-02-19,9636
6127,九豪,52,1,51,富邦-中壢,2024-02-19,9636
2476,鉅祥,58,7,51,富邦-中壢,2024-02-19,9636
2543,皇昌,58,8,50,富邦-中壢,2024-02-19,9636
2890,永豐金,67,18,49,富邦-中壢,2024-02-19,9636
2355,敬鵬,96,49,47,富邦-中壢,2024-02-19,9636
00712,復華富時不動產,54,7,47,富邦-中壢,2024-02-19,9636
2382,廣達,66,21,45,富邦-中壢,2024-02-19,9636
4961,天鈺,45,1,44,富邦-中壢,2024-02-19,9636
3035,智原,61,17,44,富邦-中壢,2024-02-19,9636
6274,台燿,94,51,43,富邦-中壢,2024-02-19,9636
00720B,元大投資級公司債,47,5,42,富邦-中壢,2024-02-19,9636
2356,英業達,91,50,41,富邦-中壢,2024-02-19,9636
00650L,復華香港正2,40,0,40,富邦-中壢,2024-02-19,9636
00673R,期元大S＆P原油反1,38,0,38,富邦-中壢,2024-02-19,9636
3025,星通,52,16,36,富邦-中壢,2024-02-19,9636
2365,昆盈,113,77,36,富邦-中壢,2024-02-19,9636
2329,華泰,287,253,34,富邦-中壢,2024-02-19,9636
3390,旭軟,45,12,33,富邦-中壢,2024-02-19,9636
2330,台積電,41,10,31,富邦-中壢,2024-02-19,9636
2208,台船,32,1,31,富邦-中壢,2024-02-19,9636
1806,冠軍,37,6,31,富邦-中壢,2024-02-19,9636
3055,蔚華科,48,17,31,富邦-中壢,2024-02-19,9636
1785,光洋科,29,0,29,富邦-中壢,2024-02-19,9636
5457,宣德,31,4,27,富邦-中壢,2024-02-19,9636
2457,飛宏,71,45,26,富邦-中壢,2024-02-19,9636
00857B,永豐20年美公債,26,0,26,富邦-中壢,2024-02-19,9636
1528,恩德,37,11,26,富邦-中壢,2024-02-19,9636
3706,神達,35,9,26,富邦-中壢,2024-02-19,9636
1504,東元,62,37,25,富邦-中壢,2024-02-19,9636
00633L,富邦上証正2,44,20,24,富邦-中壢,2024-02-19,9636
6216,居易,24,1,23,富邦-中壢,2024-02-19,9636
5443,均豪,72,49,23,富邦-中壢,2024-02-19,9636
00632R,元大台灣50反1,395,109,286,富邦-中壢,2024-02-20,9636
00919,群益台灣精選高息,458,206,252,富邦-中壢,2024-02-20,9636
00933B,國泰10Y+金融債,253,2,251,富邦-中壢,2024-02-20,9636
00937B,群益ESG投等債20,302,67,235,富邦-中壢,2024-02-20,9636
00688L,國泰20年美債正2,175,0,175,富邦-中壢,2024-02-20,9636
00687B,國泰20年美債,198,45,153,富邦-中壢,2024-02-20,9636
00712,復華富時不動產,138,0,138,富邦-中壢,2024-02-20,9636
5531,鄉林,133,0,133,富邦-中壢,2024-02-20,9636
00679B,元大美債20年,118,1,117,富邦-中壢,2024-02-20,9636
3481,群創,234,121,113,富邦-中壢,2024-02-20,9636
2371,大同,108,5,103,富邦-中壢,2024-02-20,9636
00929,復華台灣科技優息,431,333,98,富邦-中壢,2024-02-20,9636
00673R,期元大S＆P原油反1,77,0,77,富邦-中壢,2024-02-20,9636
6120,達運,116,41,75,富邦-中壢,2024-02-20,9636
00878,國泰永續高股息,145,80,65,富邦-中壢,2024-02-20,9636
2382,廣達,77,13,64,富邦-中壢,2024-02-20,9636
5258,虹堡,103,42,61,富邦-中壢,2024-02-20,9636
2102,泰豐,60,0,60,富邦-中壢,2024-02-20,9636
6282,康舒,135,77,58,富邦-中壢,2024-02-20,9636
2890,永豐金,55,0,55,富邦-中壢,2024-02-20,9636
9105,泰金寶-DR,72,18,54,富邦-中壢,2024-02-20,9636
2329,華泰,150,99,51,富邦-中壢,2024-02-20,9636
8096,擎亞,77,28,49,富邦-中壢,2024-02-20,9636
00680L,元大美債20正2,47,1,46,富邦-中壢,2024-02-20,9636
3035,智原,60,19,41,富邦-中壢,2024-02-20,9636
6695,芯鼎,63,23,40,富邦-中壢,2024-02-20,9636
00641R,富邦日本反1,40,0,40,富邦-中壢,2024-02-20,9636
5490,同亨,35,1,34,富邦-中壢,2024-02-20,9636
6719,力智,33,2,31,富邦-中壢,2024-02-20,9636
4720,德淵,30,0,30,富邦-中壢,2024-02-20,9636
4714,永捷,182,153,29,富邦-中壢,2024-02-20,9636
1503,士電,74,45,29,富邦-中壢,2024-02-20,9636
3706,神達,33,4,29,富邦-中壢,2024-02-20,9636
1806,冠軍,29,0,29,富邦-中壢,2024-02-20,9636
2618,長榮航,54,28,26,富邦-中壢,2024-02-20,9636
2031,新光鋼,26,0,26,富邦-中壢,2024-02-20,9636
2489,瑞軒,53,28,25,富邦-中壢,2024-02-20,9636
00857B,永豐20年美公債,25,0,25,富邦-中壢,2024-02-20,9636
00795B,中信美國公債20年,25,0,25,富邦-中壢,2024-02-20,9636
2301,光寶科,25,0,25,富邦-中壢,2024-02-20,9636
2498,宏達電,29,5,24,富邦-中壢,2024-02-20,9636
1785,光洋科,87,65,22,富邦-中壢,2024-02-20,9636
4961,天鈺,49,27,22,富邦-中壢,2024-02-20,9636
2356,英業達,70,48,22,富邦-中壢,2024-02-20,9636
1513,中興電,54,33,21,富邦-中壢,2024-02-20,9636
00753L,中信中國50正2,211,190,21,富邦-中壢,2024-02-20,9636
1609,大亞,35,14,21,富邦-中壢,2024-02-20,9636
3234,光環,25,5,20,富邦-中壢,2024-02-20,9636
2812,台中銀,20,0,20,富邦-中壢,2024-02-20,9636
1455,集盛,21,1,20,富邦-中壢,2024-02-20,9636
00937B,群益ESG投等債20,333,0,333,富邦-中壢,2024-02-21,9636
00878,國泰永續高股息,371,58,313,富邦-中壢,2024-02-21,9636
00712,復華富時不動產,286,2,284,富邦-中壢,2024-02-21,9636
00929,復華台灣科技優息,356,94,262,富邦-中壢,2024-02-21,9636
00933B,國泰10Y+金融債,166,19,147,富邦-中壢,2024-02-21,9636
9105,泰金寶-DR,298,158,140,富邦-中壢,2024-02-21,9636
3481,群創,224,91,133,富邦-中壢,2024-02-21,9636
2609,陽明,187,64,123,富邦-中壢,2024-02-21,9636
3047,訊舟,145,31,114,富邦-中壢,2024-02-21,9636
00751B,元大AAA至A公司債,110,0,110,富邦-中壢,2024-02-21,9636
00679B,元大美債20年,108,1,107,富邦-中壢,2024-02-21,9636
00891,中信關鍵半導體,100,1,99,富邦-中壢,2024-02-21,9636
2303,聯電,109,22,87,富邦-中壢,2024-02-21,9636
00687B,國泰20年美債,85,0,85,富邦-中壢,2024-02-21,9636
5457,宣德,87,4,83,富邦-中壢,2024-02-21,9636
6282,康舒,124,46,78,富邦-中壢,2024-02-21,9636
2405,輔信,89,20,69,富邦-中壢,2024-02-21,9636
00680L,元大美債20正2,67,0,67,富邦-中壢,2024-02-21,9636
2355,敬鵬,71,8,63,富邦-中壢,2024-02-21,9636
3516,亞帝歐,62,1,61,富邦-中壢,2024-02-21,9636
1455,集盛,66,7,59,富邦-中壢,2024-02-21,9636
3450,聯鈞,92,34,58,富邦-中壢,2024-02-21,9636
1582,信錦,50,3,47,富邦-中壢,2024-02-21,9636
5443,均豪,102,56,46,富邦-中壢,2024-02-21,9636
2484,希華,47,3,44,富邦-中壢,2024-02-21,9636
1609,大亞,49,5,44,富邦-中壢,2024-02-21,9636
3035,智原,70,26,44,富邦-中壢,2024-02-21,9636
8096,擎亞,59,16,43,富邦-中壢,2024-02-21,9636
8011,台通,66,25,41,富邦-中壢,2024-02-21,9636
00715L,期街口布蘭特正2,42,2,40,富邦-中壢,2024-02-21,9636
2025,千興,55,16,39,富邦-中壢,2024-02-21,9636
00905,FT臺灣Smart,38,0,38,富邦-中壢,2024-02-21,9636
5284,jpp-KY,63,27,36,富邦-中壢,2024-02-21,9636
2515,中工,45,10,35,富邦-中壢,2024-02-21,9636
1815,富喬,49,16,33,富邦-中壢,2024-02-21,9636
2409,友達,653,620,33,富邦-中壢,2024-02-21,9636
00706L,期元大S＆P日圓正2,33,0,33,富邦-中壢,2024-02-21,9636
2885,元大金,33,0,33,富邦-中壢,2024-02-21,9636
2376,技嘉,129,99,30,富邦-中壢,2024-02-21,9636
6126,信音,44,13,31,富邦-中壢,2024-02-21,9636
6133,金橋,30,0,30,富邦-中壢,2024-02-21,9636
2382,廣達,51,22,29,富邦-中壢,2024-02-21,9636
2884,玉山金,53,24,29,富邦-中壢,2024-02-21,9636
8110,華東,33,4,29,富邦-中壢,2024-02-21,9636
1528,恩德,44,16,28,富邦-中壢,2024-02-21,9636
5880,合庫金,27,0,27,富邦-中壢,2024-02-21,9636
3712,永崴投控,31,6,25,富邦-中壢,2024-02-21,9636
6229,研通,26,3,23,富邦-中壢,2024-02-21,9636
6233,旺玖,50,27,23,富邦-中壢,2024-02-21,9636
6530,創威,78,55,23,富邦-中壢,2024-02-21,9636
00937B,群益ESG投等債20,442,17,425,富邦-中壢,2024-02-22,9636
00926,凱基全球菁英55,350,0,350,富邦-中壢,2024-02-22,9636
2610,華航,345,8,337,富邦-中壢,2024-02-22,9636
2102,泰豐,252,5,247,富邦-中壢,2024-02-22,9636
3231,緯創,364,173,191,富邦-中壢,2024-02-22,9636
00665L,富邦�琤肭磪囓�2,246,65,181,富邦-中壢,2024-02-22,9636
9105,泰金寶-DR,172,24,148,富邦-中壢,2024-02-22,9636
00688L,國泰20年美債正2,140,0,140,富邦-中壢,2024-02-22,9636
00687B,國泰20年美債,150,18,132,富邦-中壢,2024-02-22,9636
00753L,中信中國50正2,178,50,128,富邦-中壢,2024-02-22,9636
00679B,元大美債20年,129,1,128,富邦-中壢,2024-02-22,9636
00933B,國泰10Y+金融債,137,26,111,富邦-中壢,2024-02-22,9636
00632R,元大台灣50反1,133,30,103,富邦-中壢,2024-02-22,9636
2104,國際中橡,102,0,102,富邦-中壢,2024-02-22,9636
00680L,元大美債20正2,101,3,98,富邦-中壢,2024-02-22,9636
2356,英業達,154,59,95,富邦-中壢,2024-02-22,9636
00712,復華富時不動產,95,2,93,富邦-中壢,2024-02-22,9636
3045,台灣大,87,6,81,富邦-中壢,2024-02-22,9636
00673R,期元大S＆P原油反1,80,0,80,富邦-中壢,2024-02-22,9636
2329,華泰,230,158,72,富邦-中壢,2024-02-22,9636
2489,瑞軒,152,86,66,富邦-中壢,2024-02-22,9636
2405,輔信,76,12,64,富邦-中壢,2024-02-22,9636
2303,聯電,68,8,60,富邦-中壢,2024-02-22,9636
1524,耿鼎,79,20,59,富邦-中壢,2024-02-22,9636
00795B,中信美國公債20年,51,0,51,富邦-中壢,2024-02-22,9636
3712,永崴投控,64,18,46,富邦-中壢,2024-02-22,9636
2888,新光金,57,11,46,富邦-中壢,2024-02-22,9636
5457,宣德,50,9,41,富邦-中壢,2024-02-22,9636
1316,上曜,61,22,39,富邦-中壢,2024-02-22,9636
2543,皇昌,57,19,38,富邦-中壢,2024-02-22,9636
00891,中信關鍵半導體,72,36,36,富邦-中壢,2024-02-22,9636
6126,信音,68,33,35,富邦-中壢,2024-02-22,9636
00878,國泰永續高股息,103,68,35,富邦-中壢,2024-02-22,9636
00650L,復華香港正2,36,2,34,富邦-中壢,2024-02-22,9636
1503,士電,163,129,34,富邦-中壢,2024-02-22,9636
2618,長榮航,37,7,30,富邦-中壢,2024-02-22,9636
8092,建暐,31,1,30,富邦-中壢,2024-02-22,9636
3047,訊舟,91,64,27,富邦-中壢,2024-02-22,9636
8931,大汽電,37,12,25,富邦-中壢,2024-02-22,9636
8289,泰藝,33,8,25,富邦-中壢,2024-02-22,9636
8930,青鋼,31,6,25,富邦-中壢,2024-02-22,9636
2367,燿華,51,28,23,富邦-中壢,2024-02-22,9636
4909,新復興,62,39,23,富邦-中壢,2024-02-22,9636
3583,辛耘,41,20,21,富邦-中壢,2024-02-22,9636
2388,威盛,51,30,21,富邦-中壢,2024-02-22,9636
2409,友達,22,1,21,富邦-中壢,2024-02-22,9636
6550,北極星藥業-KY,21,0,21,富邦-中壢,2024-02-22,9636
8926,台汽電,27,7,20,富邦-中壢,2024-02-22,9636
1514,亞力,52,33,19,富邦-中壢,2024-02-22,9636
3481,群創,92,74,18,富邦-中壢,2024-02-22,9636
3231,緯創,431,152,279,富邦-中壢,2024-02-23,9636
00632R,元大台灣50反1,374,101,273,富邦-中壢,2024-02-23,9636
00687B,國泰20年美債,236,2,234,富邦-中壢,2024-02-23,9636
00937B,群益ESG投等債20,315,113,202,富邦-中壢,2024-02-23,9636
00673R,期元大S＆P原油反1,204,22,182,富邦-中壢,2024-02-23,9636
2882,國泰金,176,4,172,富邦-中壢,2024-02-23,9636
1514,亞力,296,134,162,富邦-中壢,2024-02-23,9636
00882,中信中國高股息,202,47,155,富邦-中壢,2024-02-23,9636
00919,群益台灣精選高息,349,196,153,富邦-中壢,2024-02-23,9636
00679B,元大美債20年,138,3,135,富邦-中壢,2024-02-23,9636
00933B,國泰10Y+金融債,135,3,132,富邦-中壢,2024-02-23,9636
00878,國泰永續高股息,247,148,99,富邦-中壢,2024-02-23,9636
2405,輔信,156,73,83,富邦-中壢,2024-02-23,9636
2379,瑞昱,92,14,78,富邦-中壢,2024-02-23,9636
2801,彰銀,70,1,69,富邦-中壢,2024-02-23,9636
2888,新光金,73,5,68,富邦-中壢,2024-02-23,9636
3450,聯鈞,112,45,67,富邦-中壢,2024-02-23,9636
9105,泰金寶-DR,91,28,63,富邦-中壢,2024-02-23,9636
00650L,復華香港正2,60,0,60,富邦-中壢,2024-02-23,9636
2353,宏��,85,26,59,富邦-中壢,2024-02-23,9636
1303,南亞,59,0,59,富邦-中壢,2024-02-23,9636
6207,雷科,89,33,56,富邦-中壢,2024-02-23,9636
00751B,元大AAA至A公司債,72,20,52,富邦-中壢,2024-02-23,9636
2527,宏璟,51,1,50,富邦-中壢,2024-02-23,9636
2102,泰豐,50,0,50,富邦-中壢,2024-02-23,9636
3045,台灣大,51,2,49,富邦-中壢,2024-02-23,9636
00907,永豐優息存股,49,1,48,富邦-中壢,2024-02-23,9636
3712,永崴投控,51,4,47,富邦-中壢,2024-02-23,9636
6288,聯嘉,78,32,46,富邦-中壢,2024-02-23,9636
2884,玉山金,83,38,45,富邦-中壢,2024-02-23,9636
2547,日勝生,45,0,45,富邦-中壢,2024-02-23,9636
2464,盟立,46,1,45,富邦-中壢,2024-02-23,9636
00927,群益半導體收益,52,8,44,富邦-中壢,2024-02-23,9636
2303,聯電,65,21,44,富邦-中壢,2024-02-23,9636
00918,大華優利高填息30,54,11,43,富邦-中壢,2024-02-23,9636
5457,宣德,48,6,42,富邦-中壢,2024-02-23,9636
9945,潤泰新,42,0,42,富邦-中壢,2024-02-23,9636
3051,力特,45,4,41,富邦-中壢,2024-02-23,9636
8936,國統,49,10,39,富邦-中壢,2024-02-23,9636
6282,康舒,75,39,36,富邦-中壢,2024-02-23,9636
8064,東捷,130,94,36,富邦-中壢,2024-02-23,9636
6167,久正,132,96,36,富邦-中壢,2024-02-23,9636
4714,永捷,50,15,35,富邦-中壢,2024-02-23,9636
5315,光聯,38,4,34,富邦-中壢,2024-02-23,9636
00633L,富邦上証正2,88,57,31,富邦-中壢,2024-02-23,9636
5410,國眾,30,0,30,富邦-中壢,2024-02-23,9636
5355,佳總,40,13,27,富邦-中壢,2024-02-23,9636
6285,啟��,61,35,26,富邦-中壢,2024-02-23,9636
2883B,凱基金乙特,25,0,25,富邦-中壢,2024-02-23,9636
8213,志超,25,1,24,富邦-中壢,2024-02-23,9636
00919,群益台灣精選高息,750,110,640,富邦-中壢,2024-02-26,9636
00751B,元大AAA至A公司債,419,7,412,富邦-中壢,2024-02-26,9636
00937B,群益ESG投等債20,331,65,266,富邦-中壢,2024-02-26,9636
00687B,國泰20年美債,204,37,167,富邦-中壢,2024-02-26,9636
00933B,國泰10Y+金融債,162,11,151,富邦-中壢,2024-02-26,9636
2329,華泰,181,52,129,富邦-中壢,2024-02-26,9636
00633L,富邦上証正2,125,2,123,富邦-中壢,2024-02-26,9636
00929,復華台灣科技優息,348,232,116,富邦-中壢,2024-02-26,9636
00878,國泰永續高股息,747,641,106,富邦-中壢,2024-02-26,9636
00637L,元大滬深300正2,101,7,94,富邦-中壢,2024-02-26,9636
00679B,元大美債20年,129,35,94,富邦-中壢,2024-02-26,9636
00715L,期街口布蘭特正2,94,5,89,富邦-中壢,2024-02-26,9636
2405,輔信,163,76,87,富邦-中壢,2024-02-26,9636
2371,大同,155,77,78,富邦-中壢,2024-02-26,9636
00671R,富邦NASDAQ反1,73,0,73,富邦-中壢,2024-02-26,9636
2449,京元電子,97,29,68,富邦-中壢,2024-02-26,9636
00665L,富邦�琤肭磪囓�2,167,100,67,富邦-中壢,2024-02-26,9636
2303,聯電,87,24,63,富邦-中壢,2024-02-26,9636
00764B,群益25年美債,63,0,63,富邦-中壢,2024-02-26,9636
5315,光聯,57,0,57,富邦-中壢,2024-02-26,9636
3025,星通,68,13,55,富邦-中壢,2024-02-26,9636
00725B,國泰投資級公司債,52,1,51,富邦-中壢,2024-02-26,9636
00650L,復華香港正2,51,0,51,富邦-中壢,2024-02-26,9636
2369,菱生,59,10,49,富邦-中壢,2024-02-26,9636
2884,玉山金,74,26,48,富邦-中壢,2024-02-26,9636
2882,國泰金,47,0,47,富邦-中壢,2024-02-26,9636
2353,宏��,48,2,46,富邦-中壢,2024-02-26,9636
1503,士電,120,76,44,富邦-中壢,2024-02-26,9636
4961,天鈺,43,1,42,富邦-中壢,2024-02-26,9636
00795B,中信美國公債20年,43,1,42,富邦-中壢,2024-02-26,9636
6732,昇佳電子,41,0,41,富邦-中壢,2024-02-26,9636
5351,鈺創,56,16,40,富邦-中壢,2024-02-26,9636
5452,佶優,53,13,40,富邦-中壢,2024-02-26,9636
00632R,元大台灣50反1,138,100,38,富邦-中壢,2024-02-26,9636
3231,緯創,212,176,36,富邦-中壢,2024-02-26,9636
2610,華航,33,2,31,富邦-中壢,2024-02-26,9636
00680L,元大美債20正2,103,72,31,富邦-中壢,2024-02-26,9636
1785,光洋科,45,15,30,富邦-中壢,2024-02-26,9636
6806,森崴能源,65,35,30,富邦-中壢,2024-02-26,9636
4526,東台,47,18,29,富邦-中壢,2024-02-26,9636
00753L,中信中國50正2,169,140,29,富邦-中壢,2024-02-26,9636
8936,國統,77,49,28,富邦-中壢,2024-02-26,9636
3520,華盈,30,3,27,富邦-中壢,2024-02-26,9636
6229,研通,32,5,27,富邦-中壢,2024-02-26,9636
6530,創威,148,122,26,富邦-中壢,2024-02-26,9636
2633,台灣高鐵,26,0,26,富邦-中壢,2024-02-26,9636
2892,第一金,28,2,26,富邦-中壢,2024-02-26,9636
2002,中鋼,26,1,25,富邦-中壢,2024-02-26,9636
3022,威強電,25,0,25,富邦-中壢,2024-02-26,9636
3260,威剛,28,4,24,富邦-中壢,2024-02-26,9636
2889,國票金,900,0,900,富邦-中壢,2024-02-27,9636
00919,群益台灣精選高息,1065,357,708,富邦-中壢,2024-02-27,9636
00937B,群益ESG投等債20,725,57,668,富邦-中壢,2024-02-27,9636
00878,國泰永續高股息,715,188,527,富邦-中壢,2024-02-27,9636
00687B,國泰20年美債,199,24,175,富邦-中壢,2024-02-27,9636
00933B,國泰10Y+金融債,152,1,151,富邦-中壢,2024-02-27,9636
3037,欣興,146,12,134,富邦-中壢,2024-02-27,9636
8070,長華*,125,2,123,富邦-中壢,2024-02-27,9636
2887,台新金,114,3,111,富邦-中壢,2024-02-27,9636
2888,新光金,132,29,103,富邦-中壢,2024-02-27,9636
6770,力積電,111,13,98,富邦-中壢,2024-02-27,9636
00751B,元大AAA至A公司債,92,2,90,富邦-中壢,2024-02-27,9636
2891,中信金,87,2,85,富邦-中壢,2024-02-27,9636
3045,台灣大,75,0,75,富邦-中壢,2024-02-27,9636
2331,精英,86,11,75,富邦-中壢,2024-02-27,9636
6167,久正,132,64,68,富邦-中壢,2024-02-27,9636
2363,矽統,971,907,64,富邦-中壢,2024-02-27,9636
3231,緯創,237,175,62,富邦-中壢,2024-02-27,9636
3163,波若威,91,31,60,富邦-中壢,2024-02-27,9636
3481,群創,106,46,60,富邦-中壢,2024-02-27,9636
2329,華泰,94,35,59,富邦-中壢,2024-02-27,9636
3520,華盈,55,1,54,富邦-中壢,2024-02-27,9636
6126,信音,96,45,51,富邦-中壢,2024-02-27,9636
00679B,元大美債20年,106,55,51,富邦-中壢,2024-02-27,9636
00929,復華台灣科技優息,627,576,51,富邦-中壢,2024-02-27,9636
2838,聯邦銀,50,2,48,富邦-中壢,2024-02-27,9636
2405,輔信,133,87,46,富邦-中壢,2024-02-27,9636
9945,潤泰新,44,0,44,富邦-中壢,2024-02-27,9636
00891,中信關鍵半導體,44,3,41,富邦-中壢,2024-02-27,9636
2002,中鋼,42,3,39,富邦-中壢,2024-02-27,9636
8085,福華,45,6,39,富邦-中壢,2024-02-27,9636
00934,中信成長高股息,55,17,38,富邦-中壢,2024-02-27,9636
2498,宏達電,68,30,38,富邦-中壢,2024-02-27,9636
4939,亞電,42,4,38,富邦-中壢,2024-02-27,9636
6237,驊訊,55,17,38,富邦-中壢,2024-02-27,9636
2369,菱生,96,59,37,富邦-中壢,2024-02-27,9636
2515,中工,45,9,36,富邦-中壢,2024-02-27,9636
6125,廣運,146,110,36,富邦-中壢,2024-02-27,9636
1513,中興電,173,137,36,富邦-中壢,2024-02-27,9636
8088,品安,72,37,35,富邦-中壢,2024-02-27,9636
2883,凱基金,44,9,35,富邦-中壢,2024-02-27,9636
6186,新潤,35,1,34,富邦-中壢,2024-02-27,9636
00690,兆豐藍籌30,32,0,32,富邦-中壢,2024-02-27,9636
6113,亞矽,55,23,32,富邦-中壢,2024-02-27,9636
4167,松瑞藥,42,10,32,富邦-中壢,2024-02-27,9636
0056,元大高股息,53,22,31,富邦-中壢,2024-02-27,9636
8059,凱碩,32,1,31,富邦-中壢,2024-02-27,9636
1514,亞力,82,52,30,富邦-中壢,2024-02-27,9636
1316,上曜,65,37,28,富邦-中壢,2024-02-27,9636
1303,南亞,28,1,27,富邦-中壢,2024-02-27,9636
00937B,群益ESG投等債20,700,30,670,富邦-中壢,2024-02-29,9636
00929,復華台灣科技優息,347,136,211,富邦-中壢,2024-02-29,9636
00687B,國泰20年美債,270,71,199,富邦-中壢,2024-02-29,9636
3231,緯創,358,228,130,富邦-中壢,2024-02-29,9636
00933B,國泰10Y+金融債,128,6,122,富邦-中壢,2024-02-29,9636
00665L,富邦�琤肭磪囓�2,321,200,121,富邦-中壢,2024-02-29,9636
2610,華航,132,12,120,富邦-中壢,2024-02-29,9636
00919,群益台灣精選高息,255,138,117,富邦-中壢,2024-02-29,9636
8064,東捷,95,5,90,富邦-中壢,2024-02-29,9636
2025,千興,93,7,86,富邦-中壢,2024-02-29,9636
2329,華泰,134,61,73,富邦-中壢,2024-02-29,9636
5452,佶優,166,94,72,富邦-中壢,2024-02-29,9636
5328,華容,69,0,69,富邦-中壢,2024-02-29,9636
8070,長華*,66,0,66,富邦-中壢,2024-02-29,9636
2102,泰豐,60,2,58,富邦-中壢,2024-02-29,9636
2605,新興,75,17,58,富邦-中壢,2024-02-29,9636
00679B,元大美債20年,61,3,58,富邦-中壢,2024-02-29,9636
00673R,期元大S＆P原油反1,52,0,52,富邦-中壢,2024-02-29,9636
1101,台泥,105,57,48,富邦-中壢,2024-02-29,9636
3360,尚立,125,80,45,富邦-中壢,2024-02-29,9636
6126,信音,50,5,45,富邦-中壢,2024-02-29,9636
00891,中信關鍵半導體,54,10,44,富邦-中壢,2024-02-29,9636
1522,堤維西,102,58,44,富邦-中壢,2024-02-29,9636
6668,中揚光,93,51,42,富邦-中壢,2024-02-29,9636
1316,上曜,113,74,39,富邦-中壢,2024-02-29,9636
5426,振發,38,0,38,富邦-中壢,2024-02-29,9636
2472,立隆電,35,0,35,富邦-中壢,2024-02-29,9636
2348,海悅,34,0,34,富邦-中壢,2024-02-29,9636
2313,華通,57,25,32,富邦-中壢,2024-02-29,9636
2607,榮運,32,0,32,富邦-中壢,2024-02-29,9636
00712,復華富時不動產,41,10,31,富邦-中壢,2024-02-29,9636
2002,中鋼,31,2,29,富邦-中壢,2024-02-29,9636
6770,力積電,37,7,30,富邦-中壢,2024-02-29,9636
00720B,元大投資級公司債,29,1,28,富邦-中壢,2024-02-29,9636
2365,昆盈,35,7,28,富邦-中壢,2024-02-29,9636
2014,中鴻,28,0,28,富邦-中壢,2024-02-29,9636
00878,國泰永續高股息,165,138,27,富邦-中壢,2024-02-29,9636
3363,上詮,100,73,27,富邦-中壢,2024-02-29,9636
2382,廣達,33,6,27,富邦-中壢,2024-02-29,9636
6548,長科*,25,1,24,富邦-中壢,2024-02-29,9636
00680L,元大美債20正2,24,0,24,富邦-中壢,2024-02-29,9636
2301,光寶科,31,7,24,富邦-中壢,2024-02-29,9636
1314,中石化,24,0,24,富邦-中壢,2024-02-29,9636
2409,友達,38,15,23,富邦-中壢,2024-02-29,9636
8936,國統,46,24,22,富邦-中壢,2024-02-29,9636
4526,東台,22,0,22,富邦-中壢,2024-02-29,9636
3287,廣寰科,20,0,20,富邦-中壢,2024-02-29,9636
6127,九豪,27,7,20,富邦-中壢,2024-02-29,9636
8277,商丞,20,0,20,富邦-中壢,2024-02-29,9636
2892,第一金,25,6,19,富邦-中壢,2024-02-29,9636
00919,群益台灣精選高息,1121,359,762,富邦-中壢,2024-03-01,9636
00937B,群益ESG投等債20,398,24,374,富邦-中壢,2024-03-01,9636
2610,華航,378,9,369,富邦-中壢,2024-03-01,9636
00918,大華優利高填息30,366,15,351,富邦-中壢,2024-03-01,9636
1603,華電,259,4,255,富邦-中壢,2024-03-01,9636
00753L,中信中國50正2,419,172,247,富邦-中壢,2024-03-01,9636
3047,訊舟,232,20,212,富邦-中壢,2024-03-01,9636
00688L,國泰20年美債正2,208,2,206,富邦-中壢,2024-03-01,9636
00933B,國泰10Y+金融債,191,35,156,富邦-中壢,2024-03-01,9636
5452,佶優,124,8,116,富邦-中壢,2024-03-01,9636
00687B,國泰20年美債,121,12,109,富邦-中壢,2024-03-01,9636
2344,華邦電,109,15,94,富邦-中壢,2024-03-01,9636
2409,友達,110,27,83,富邦-中壢,2024-03-01,9636
00690,兆豐藍籌30,78,1,77,富邦-中壢,2024-03-01,9636
8070,長華*,79,2,77,富邦-中壢,2024-03-01,9636
00929,復華台灣科技優息,268,193,75,富邦-中壢,2024-03-01,9636
5603,陸海,75,0,75,富邦-中壢,2024-03-01,9636
6125,廣運,220,147,73,富邦-中壢,2024-03-01,9636
1513,中興電,208,136,72,富邦-中壢,2024-03-01,9636
2618,長榮航,59,4,55,富邦-中壢,2024-03-01,9636
2313,華通,91,38,53,富邦-中壢,2024-03-01,9636
2329,華泰,113,60,53,富邦-中壢,2024-03-01,9636
2888,新光金,63,10,53,富邦-中壢,2024-03-01,9636
6126,信音,61,10,51,富邦-中壢,2024-03-01,9636
6112,邁達特,70,21,49,富邦-中壢,2024-03-01,9636
3312,弘憶股,69,24,45,富邦-中壢,2024-03-01,9636
2891,中信金,46,4,42,富邦-中壢,2024-03-01,9636
00671R,富邦NASDAQ反1,50,8,42,富邦-中壢,2024-03-01,9636
2303,聯電,51,9,42,富邦-中壢,2024-03-01,9636
2002,中鋼,67,25,42,富邦-中壢,2024-03-01,9636
5251,天鉞電,92,51,41,富邦-中壢,2024-03-01,9636
00927,群益半導體收益,51,11,40,富邦-中壢,2024-03-01,9636
2402,毅嘉,58,18,40,富邦-中壢,2024-03-01,9636
3041,揚智,43,7,36,富邦-中壢,2024-03-01,9636
00922,國泰台灣領袖50,42,7,35,富邦-中壢,2024-03-01,9636
8033,雷虎,35,1,34,富邦-中壢,2024-03-01,9636
3038,全台,35,2,33,富邦-中壢,2024-03-01,9636
6265,方土昶,36,3,33,富邦-中壢,2024-03-01,9636
6229,研通,45,14,31,富邦-中壢,2024-03-01,9636
3390,旭軟,51,20,31,富邦-中壢,2024-03-01,9636
2885,元大金,32,1,31,富邦-中壢,2024-03-01,9636
00706L,期元大S＆P日圓正2,30,0,30,富邦-中壢,2024-03-01,9636
2352,佳世達,34,4,30,富邦-中壢,2024-03-01,9636
2363,矽統,459,430,29,富邦-中壢,2024-03-01,9636
8105,凌巨,45,17,28,富邦-中壢,2024-03-01,9636
3071,協禧,38,11,27,富邦-中壢,2024-03-01,9636
2399,映泰,48,22,26,富邦-中壢,2024-03-01,9636
3588,通嘉,40,15,25,富邦-中壢,2024-03-01,9636
3149,正達,25,0,25,富邦-中壢,2024-03-01,9636
2371,大同,103,80,23,富邦-中壢,2024-03-01,9636
00919,群益台灣精選高息,951,296,655,富邦-中壢,2024-03-04,9636
00664R,國泰臺灣加權反1,603,92,511,富邦-中壢,2024-03-04,9636
00632R,元大台灣50反1,620,172,448,富邦-中壢,2024-03-04,9636
00937B,群益ESG投等債20,388,105,283,富邦-中壢,2024-03-04,9636
00918,大華優利高填息30,241,8,233,富邦-中壢,2024-03-04,9636
9105,泰金寶-DR,187,3,184,富邦-中壢,2024-03-04,9636
6125,廣運,202,57,145,富邦-中壢,2024-03-04,9636
00665L,富邦�琤肭磪囓�2,129,0,129,富邦-中壢,2024-03-04,9636
3712,永崴投控,119,3,116,富邦-中壢,2024-03-04,9636
00673R,期元大S＆P原油反1,115,6,109,富邦-中壢,2024-03-04,9636
2610,華航,121,22,99,富邦-中壢,2024-03-04,9636
6016,康和證,113,25,88,富邦-中壢,2024-03-04,9636
1513,中興電,154,70,84,富邦-中壢,2024-03-04,9636
2888,新光金,100,18,82,富邦-中壢,2024-03-04,9636
2382,廣達,82,11,71,富邦-中壢,2024-03-04,9636
2337,旺宏,74,3,71,富邦-中壢,2024-03-04,9636
2356,英業達,152,86,66,富邦-中壢,2024-03-04,9636
00753L,中信中國50正2,141,85,56,富邦-中壢,2024-03-04,9636
3363,上詮,87,34,53,富邦-中壢,2024-03-04,9636
6163,華電網,74,27,47,富邦-中壢,2024-03-04,9636
1609,大亞,61,15,46,富邦-中壢,2024-03-04,9636
2355,敬鵬,53,8,45,富邦-中壢,2024-03-04,9636
1101,台泥,65,22,43,富邦-中壢,2024-03-04,9636
9945,潤泰新,45,2,43,富邦-中壢,2024-03-04,9636
00650L,復華香港正2,41,2,39,富邦-中壢,2024-03-04,9636
3437,榮創,55,17,38,富邦-中壢,2024-03-04,9636
00706L,期元大S＆P日圓正2,35,0,35,富邦-中壢,2024-03-04,9636
1711,永光,67,32,35,富邦-中壢,2024-03-04,9636
8064,東捷,56,23,33,富邦-中壢,2024-03-04,9636
3044,健鼎,34,2,32,富邦-中壢,2024-03-04,9636
00633L,富邦上証正2,49,18,31,富邦-中壢,2024-03-04,9636
2421,建準,37,7,30,富邦-中壢,2024-03-04,9636
00687B,國泰20年美債,106,76,30,富邦-中壢,2024-03-04,9636
2905,三商,30,0,30,富邦-中壢,2024-03-04,9636
2882,國泰金,34,5,29,富邦-中壢,2024-03-04,9636
3047,訊舟,57,29,28,富邦-中壢,2024-03-04,9636
00671R,富邦NASDAQ反1,28,0,28,富邦-中壢,2024-03-04,9636
1785,光洋科,63,36,27,富邦-中壢,2024-03-04,9636
3005,神基,42,17,25,富邦-中壢,2024-03-04,9636
3339,泰谷,61,36,25,富邦-中壢,2024-03-04,9636
00882,中信中國高股息,32,7,25,富邦-中壢,2024-03-04,9636
1727,中華化,30,7,23,富邦-中壢,2024-03-04,9636
00915,凱基優選高股息30,38,16,22,富邦-中壢,2024-03-04,9636
2367,燿華,188,167,21,富邦-中壢,2024-03-04,9636
1301,台塑,25,4,21,富邦-中壢,2024-03-04,9636
2618,長榮航,31,10,21,富邦-中壢,2024-03-04,9636
1409,新纖,76,56,20,富邦-中壢,2024-03-04,9636
6668,中揚光,45,25,20,富邦-中壢,2024-03-04,9636
3202,樺晟,20,0,20,富邦-中壢,2024-03-04,9636
3615,安可,20,0,20,富邦-中壢,2024-03-04,9636
00919,群益台灣精選高息,675,130,545,富邦-中壢,2024-03-05,9636
00937B,群益ESG投等債20,380,112,268,富邦-中壢,2024-03-05,9636
3481,群創,312,151,161,富邦-中壢,2024-03-05,9636
3047,訊舟,142,1,141,富邦-中壢,2024-03-05,9636
00918,大華優利高填息30,148,8,140,富邦-中壢,2024-03-05,9636
00712,復華富時不動產,136,3,133,富邦-中壢,2024-03-05,9636
2867,三商壽,121,1,120,富邦-中壢,2024-03-05,9636
2324,仁寶,147,29,118,富邦-中壢,2024-03-05,9636
9105,泰金寶-DR,115,0,115,富邦-中壢,2024-03-05,9636
00753L,中信中國50正2,384,271,113,富邦-中壢,2024-03-05,9636
00680L,元大美債20正2,106,0,106,富邦-中壢,2024-03-05,9636
00687B,國泰20年美債,113,20,93,富邦-中壢,2024-03-05,9636
5498,凱崴,105,13,92,富邦-中壢,2024-03-05,9636
4526,東台,75,0,75,富邦-中壢,2024-03-05,9636
6125,廣運,90,23,67,富邦-中壢,2024-03-05,9636
3122,笙泉,69,3,66,富邦-中壢,2024-03-05,9636
00915,凱基優選高股息30,96,33,63,富邦-中壢,2024-03-05,9636
1503,士電,94,34,60,富邦-中壢,2024-03-05,9636
4906,正文,250,193,57,富邦-中壢,2024-03-05,9636
2303,聯電,65,10,55,富邦-中壢,2024-03-05,9636
8926,台汽電,72,17,55,富邦-中壢,2024-03-05,9636
00922,國泰台灣領袖50,54,3,51,富邦-中壢,2024-03-05,9636
2102,泰豐,51,0,51,富邦-中壢,2024-03-05,9636
2605,新興,67,16,51,富邦-中壢,2024-03-05,9636
2888,新光金,85,37,48,富邦-中壢,2024-03-05,9636
2618,長榮航,69,21,48,富邦-中壢,2024-03-05,9636
4538,大詠城,53,10,43,富邦-中壢,2024-03-05,9636
6806,森崴能源,76,36,40,富邦-中壢,2024-03-05,9636
2316,楠梓電,63,23,40,富邦-中壢,2024-03-05,9636
1905,華紙,38,0,38,富邦-中壢,2024-03-05,9636
3088,艾訊,44,7,37,富邦-中壢,2024-03-05,9636
1303,南亞,38,1,37,富邦-中壢,2024-03-05,9636
00715L,期街口布蘭特正2,36,0,36,富邦-中壢,2024-03-05,9636
3052,夆典,35,0,35,富邦-中壢,2024-03-05,9636
00706L,期元大S＆P日圓正2,35,1,34,富邦-中壢,2024-03-05,9636
2344,華邦電,48,15,33,富邦-中壢,2024-03-05,9636
3044,健鼎,38,5,33,富邦-中壢,2024-03-05,9636
5488,松普,54,24,30,富邦-中壢,2024-03-05,9636
00927,群益半導體收益,32,2,30,富邦-中壢,2024-03-05,9636
2409,友達,34,4,30,富邦-中壢,2024-03-05,9636
8054,安國,54,25,29,富邦-中壢,2024-03-05,9636
2882,國泰金,54,27,27,富邦-中壢,2024-03-05,9636
2641,正德,27,0,27,富邦-中壢,2024-03-05,9636
2353,宏��,33,7,26,富邦-中壢,2024-03-05,9636
5426,振發,85,59,26,富邦-中壢,2024-03-05,9636
1316,上曜,80,55,25,富邦-中壢,2024-03-05,9636
2365,昆盈,49,24,25,富邦-中壢,2024-03-05,9636
2838,聯邦銀,25,0,25,富邦-中壢,2024-03-05,9636
5347,世界,28,4,24,富邦-中壢,2024-03-05,9636
3372,典範,216,192,24,富邦-中壢,2024-03-05,9636
2897,王道銀行,1005,3,1002,富邦-中壢,2024-03-06,9636
00919,群益台灣精選高息,629,339,290,富邦-中壢,2024-03-06,9636
2845,遠東銀,224,44,180,富邦-中壢,2024-03-06,9636
9105,泰金寶-DR,168,11,157,富邦-中壢,2024-03-06,9636
00918,大華優利高填息30,159,2,157,富邦-中壢,2024-03-06,9636
00636,國泰中國A50,151,0,151,富邦-中壢,2024-03-06,9636
3231,緯創,327,183,144,富邦-中壢,2024-03-06,9636
00664R,國泰臺灣加權反1,120,0,120,富邦-中壢,2024-03-06,9636
00937B,群益ESG投等債20,142,28,114,富邦-中壢,2024-03-06,9636
00676R,富邦臺灣加權反1,105,0,105,富邦-中壢,2024-03-06,9636
3047,訊舟,96,0,96,富邦-中壢,2024-03-06,9636
00712,復華富時不動產,90,2,88,富邦-中壢,2024-03-06,9636
00715L,期街口布蘭特正2,77,0,77,富邦-中壢,2024-03-06,9636
3325,旭品,199,122,77,富邦-中壢,2024-03-06,9636
6591,動力-KY,117,41,76,富邦-中壢,2024-03-06,9636
2367,燿華,272,201,71,富邦-中壢,2024-03-06,9636
8011,台通,147,87,60,富邦-中壢,2024-03-06,9636
00904,新光臺灣半導體30,53,2,51,富邦-中壢,2024-03-06,9636
1527,鑽全,51,0,51,富邦-中壢,2024-03-06,9636
2344,華邦電,56,5,51,富邦-中壢,2024-03-06,9636
2102,泰豐,50,0,50,富邦-中壢,2024-03-06,9636
00915,凱基優選高股息30,79,30,49,富邦-中壢,2024-03-06,9636
8110,華東,73,28,45,富邦-中壢,2024-03-06,9636
2609,陽明,50,8,42,富邦-中壢,2024-03-06,9636
3481,群創,148,110,38,富邦-中壢,2024-03-06,9636
2884,玉山金,64,27,37,富邦-中壢,2024-03-06,9636
6117,迎廣,251,214,37,富邦-中壢,2024-03-06,9636
2408,南亞科,34,0,34,富邦-中壢,2024-03-06,9636
3706,神達,45,12,33,富邦-中壢,2024-03-06,9636
6668,中揚光,40,8,32,富邦-中壢,2024-03-06,9636
1409,新纖,41,11,30,富邦-中壢,2024-03-06,9636
2431,聯昌,30,0,30,富邦-中壢,2024-03-06,9636
9904,寶成,29,0,29,富邦-中壢,2024-03-06,9636
2104,國際中橡,29,0,29,富邦-中壢,2024-03-06,9636
4916,事欣科,39,10,29,富邦-中壢,2024-03-06,9636
2542,興富發,29,0,29,富邦-中壢,2024-03-06,9636
1101,台泥,49,21,28,富邦-中壢,2024-03-06,9636
3041,揚智,42,14,28,富邦-中壢,2024-03-06,9636
6116,彩晶,36,9,27,富邦-中壢,2024-03-06,9636
6127,九豪,52,25,27,富邦-中壢,2024-03-06,9636
3044,健鼎,38,12,26,富邦-中壢,2024-03-06,9636
5388,中磊,26,0,26,富邦-中壢,2024-03-06,9636
2002,中鋼,31,6,25,富邦-中壢,2024-03-06,9636
6125,廣運,157,131,26,富邦-中壢,2024-03-06,9636
2324,仁寶,41,16,25,富邦-中壢,2024-03-06,9636
6163,華電網,90,65,25,富邦-中壢,2024-03-06,9636
2610,華航,28,3,25,富邦-中壢,2024-03-06,9636
2633,台灣高鐵,29,4,25,富邦-中壢,2024-03-06,9636
5355,佳總,25,0,25,富邦-中壢,2024-03-06,9636
00751B,元大AAA至A公司債,33,8,25,富邦-中壢,2024-03-06,9636
00937B,群益ESG投等債20,502,87,415,富邦-中壢,2024-03-07,9636
00706L,期元大S＆P日圓正2,311,0,311,富邦-中壢,2024-03-07,9636
00919,群益台灣精選高息,698,417,281,富邦-中壢,2024-03-07,9636
9105,泰金寶-DR,255,25,230,富邦-中壢,2024-03-07,9636
00687B,國泰20年美債,313,96,217,富邦-中壢,2024-03-07,9636
00679B,元大美債20年,258,63,195,富邦-中壢,2024-03-07,9636
00933B,國泰10Y+金融債,201,15,186,富邦-中壢,2024-03-07,9636
3231,緯創,377,206,171,富邦-中壢,2024-03-07,9636
5521,工信,306,155,151,富邦-中壢,2024-03-07,9636
00926,凱基全球菁英55,150,0,150,富邦-中壢,2024-03-07,9636
00753L,中信中國50正2,218,74,144,富邦-中壢,2024-03-07,9636
2367,燿華,357,215,142,富邦-中壢,2024-03-07,9636
1815,富喬,521,389,132,富邦-中壢,2024-03-07,9636
00633L,富邦上証正2,131,0,131,富邦-中壢,2024-03-07,9636
00665L,富邦�琤肭磪囓�2,178,50,128,富邦-中壢,2024-03-07,9636
3481,群創,153,35,118,富邦-中壢,2024-03-07,9636
8070,長華*,115,0,115,富邦-中壢,2024-03-07,9636
00929,復華台灣科技優息,331,219,112,富邦-中壢,2024-03-07,9636
6125,廣運,225,121,104,富邦-中壢,2024-03-07,9636
2417,圓剛,159,66,93,富邦-中壢,2024-03-07,9636
2368,金像電,112,20,92,富邦-中壢,2024-03-07,9636
2610,華航,92,15,77,富邦-中壢,2024-03-07,9636
2356,英業達,102,32,70,富邦-中壢,2024-03-07,9636
1316,上曜,187,118,69,富邦-中壢,2024-03-07,9636
1609,大亞,77,15,62,富邦-中壢,2024-03-07,9636
00671R,富邦NASDAQ反1,60,0,60,富邦-中壢,2024-03-07,9636
2371,大同,67,12,55,富邦-中壢,2024-03-07,9636
2618,長榮航,73,19,54,富邦-中壢,2024-03-07,9636
2313,華通,160,107,53,富邦-中壢,2024-03-07,9636
2324,仁寶,62,13,49,富邦-中壢,2024-03-07,9636
2409,友達,54,6,48,富邦-中壢,2024-03-07,9636
2402,毅嘉,53,6,47,富邦-中壢,2024-03-07,9636
00637L,元大滬深300正2,77,33,44,富邦-中壢,2024-03-07,9636
9945,潤泰新,41,0,41,富邦-中壢,2024-03-07,9636
2014,中鴻,43,3,40,富邦-中壢,2024-03-07,9636
2337,旺宏,45,5,40,富邦-中壢,2024-03-07,9636
1785,光洋科,131,92,39,富邦-中壢,2024-03-07,9636
2002,中鋼,53,14,39,富邦-中壢,2024-03-07,9636
8089,康全電訊,50,14,36,富邦-中壢,2024-03-07,9636
2601,益航,35,0,35,富邦-中壢,2024-03-07,9636
2201,裕隆,50,16,34,富邦-中壢,2024-03-07,9636
2353,宏��,44,10,34,富邦-中壢,2024-03-07,9636
6127,九豪,36,3,33,富邦-中壢,2024-03-07,9636
3522,御嵿,33,0,33,富邦-中壢,2024-03-07,9636
5469,瀚宇博,32,0,32,富邦-中壢,2024-03-07,9636
3047,訊舟,52,20,32,富邦-中壢,2024-03-07,9636
1308,亞聚,34,3,31,富邦-中壢,2024-03-07,9636
6189,豐藝,34,4,30,富邦-中壢,2024-03-07,9636
5381,合正,31,1,30,富邦-中壢,2024-03-07,9636
1416,廣豐,31,2,29,富邦-中壢,2024-03-07,9636
00632R,元大台灣50反1,1760,194,1566,富邦-中壢,2024-03-08,9636
00937B,群益ESG投等債20,429,76,353,富邦-中壢,2024-03-08,9636
00687B,國泰20年美債,358,62,296,富邦-中壢,2024-03-08,9636
00915,凱基優選高股息30,283,53,230,富邦-中壢,2024-03-08,9636
00918,大華優利高填息30,306,104,202,富邦-中壢,2024-03-08,9636
00712,復華富時不動產,128,25,103,富邦-中壢,2024-03-08,9636
00676R,富邦臺灣加權反1,95,0,95,富邦-中壢,2024-03-08,9636
3714,富采,95,0,95,富邦-中壢,2024-03-08,9636
2845,遠東銀,90,1,89,富邦-中壢,2024-03-08,9636
5498,凱崴,150,70,80,富邦-中壢,2024-03-08,9636
2104,國際中橡,82,7,75,富邦-中壢,2024-03-08,9636
00922,國泰台灣領袖50,68,6,62,富邦-中壢,2024-03-08,9636
6125,廣運,140,81,59,富邦-中壢,2024-03-08,9636
2201,裕隆,67,11,56,富邦-中壢,2024-03-08,9636
2025,千興,68,13,55,富邦-中壢,2024-03-08,9636
3481,群創,132,78,54,富邦-中壢,2024-03-08,9636
6274,台燿,83,29,54,富邦-中壢,2024-03-08,9636
1589,永冠-KY,66,13,53,富邦-中壢,2024-03-08,9636
00679B,元大美債20年,134,83,51,富邦-中壢,2024-03-08,9636
2609,陽明,90,46,44,富邦-中壢,2024-03-08,9636
3163,波若威,92,49,43,富邦-中壢,2024-03-08,9636
00631L,元大台灣50正2,44,2,42,富邦-中壢,2024-03-08,9636
2353,宏��,54,12,42,富邦-中壢,2024-03-08,9636
6127,九豪,50,8,42,富邦-中壢,2024-03-08,9636
2371,大同,49,11,38,富邦-中壢,2024-03-08,9636
1313,聯成,36,0,36,富邦-中壢,2024-03-08,9636
6223,旺矽,37,2,35,富邦-中壢,2024-03-08,9636
9962,有益,35,0,35,富邦-中壢,2024-03-08,9636
2449,京元電子,161,127,34,富邦-中壢,2024-03-08,9636
6285,啟��,45,11,34,富邦-中壢,2024-03-08,9636
3006,晶豪科,51,18,33,富邦-中壢,2024-03-08,9636
3005,神基,47,14,33,富邦-中壢,2024-03-08,9636
8096,擎亞,52,20,32,富邦-中壢,2024-03-08,9636
3338,泰碩,113,81,32,富邦-中壢,2024-03-08,9636
00904,新光臺灣半導體30,34,2,32,富邦-中壢,2024-03-08,9636
2313,華通,83,51,32,富邦-中壢,2024-03-08,9636
6182,合晶,55,24,31,富邦-中壢,2024-03-08,9636
4960,誠美材,50,20,30,富邦-中壢,2024-03-08,9636
5381,合正,29,0,29,富邦-中壢,2024-03-08,9636
3390,旭軟,57,28,29,富邦-中壢,2024-03-08,9636
9941,裕融,49,21,28,富邦-中壢,2024-03-08,9636
00713,元大台灣高息低波,48,22,26,富邦-中壢,2024-03-08,9636
6197,佳必琪,48,22,26,富邦-中壢,2024-03-08,9636
2409,友達,44,19,25,富邦-中壢,2024-03-08,9636
2705,六福,26,1,25,富邦-中壢,2024-03-08,9636
2356,英業達,173,149,24,富邦-中壢,2024-03-08,9636
2476,鉅祥,33,9,24,富邦-中壢,2024-03-08,9636
2451,創見,24,0,24,富邦-中壢,2024-03-08,9636
2344,華邦電,142,118,24,富邦-中壢,2024-03-08,9636
2897,王道銀行,23,0,23,富邦-中壢,2024-03-08,9636
00937B,群益ESG投等債20,359,16,343,富邦-中壢,2024-03-11,9636
3231,緯創,718,489,229,富邦-中壢,2024-03-11,9636
00929,復華台灣科技優息,524,296,228,富邦-中壢,2024-03-11,9636
00687B,國泰20年美債,258,32,226,富邦-中壢,2024-03-11,9636
00915,凱基優選高股息30,195,51,144,富邦-中壢,2024-03-11,9636
00715L,期街口布蘭特正2,146,29,117,富邦-中壢,2024-03-11,9636
2610,華航,133,17,116,富邦-中壢,2024-03-11,9636
00632R,元大台灣50反1,349,250,99,富邦-中壢,2024-03-11,9636
00857B,永豐20年美公債,74,2,72,富邦-中壢,2024-03-11,9636
00878,國泰永續高股息,130,59,71,富邦-中壢,2024-03-11,9636
2104,國際中橡,70,0,70,富邦-中壢,2024-03-11,9636
00772B,中信高評級公司債,57,1,56,富邦-中壢,2024-03-11,9636
6116,彩晶,65,10,55,富邦-中壢,2024-03-11,9636
00679B,元大美債20年,72,18,54,富邦-中壢,2024-03-11,9636
00933B,國泰10Y+金融債,84,33,51,富邦-中壢,2024-03-11,9636
00706L,期元大S＆P日圓正2,121,71,50,富邦-中壢,2024-03-11,9636
2330,台積電,57,9,48,富邦-中壢,2024-03-11,9636
2344,華邦電,62,14,48,富邦-中壢,2024-03-11,9636
3703,欣陸,57,9,48,富邦-中壢,2024-03-11,9636
2888,新光金,60,15,45,富邦-中壢,2024-03-11,9636
3047,訊舟,64,20,44,富邦-中壢,2024-03-11,9636
3437,榮創,44,0,44,富邦-中壢,2024-03-11,9636
3264,欣銓,47,4,43,富邦-中壢,2024-03-11,9636
5426,振發,44,1,43,富邦-中壢,2024-03-11,9636
5880,合庫金,43,1,42,富邦-中壢,2024-03-11,9636
9105,泰金寶-DR,40,0,40,富邦-中壢,2024-03-11,9636
9902,台火,44,4,40,富邦-中壢,2024-03-11,9636
3707,漢磊,76,38,38,富邦-中壢,2024-03-11,9636
6125,廣運,155,119,36,富邦-中壢,2024-03-11,9636
2409,友達,84,48,36,富邦-中壢,2024-03-11,9636
8092,建暐,38,3,35,富邦-中壢,2024-03-11,9636
1514,亞力,72,37,35,富邦-中壢,2024-03-11,9636
00712,復華富時不動產,78,45,33,富邦-中壢,2024-03-11,9636
6190,萬泰科,37,6,31,富邦-中壢,2024-03-11,9636
3416,融程電,30,0,30,富邦-中壢,2024-03-11,9636
6616,特昇-KY,30,0,30,富邦-中壢,2024-03-11,9636
5519,隆大,33,3,30,富邦-中壢,2024-03-11,9636
2358,廷鑫,30,0,30,富邦-中壢,2024-03-11,9636
2371,大同,63,33,30,富邦-中壢,2024-03-11,9636
3686,達能,28,0,28,富邦-中壢,2024-03-11,9636
6180,橘子,33,5,28,富邦-中壢,2024-03-11,9636
2449,京元電子,37,10,27,富邦-中壢,2024-03-11,9636
00935,野村臺灣新科技50,35,10,25,富邦-中壢,2024-03-11,9636
2440,太空梭,25,0,25,富邦-中壢,2024-03-11,9636
3711,日月光投控,30,5,25,富邦-中壢,2024-03-11,9636
2419,仲琦,24,0,24,富邦-中壢,2024-03-11,9636
5347,世界,28,4,24,富邦-中壢,2024-03-11,9636
2365,昆盈,27,4,23,富邦-中壢,2024-03-11,9636
2329,華泰,62,39,23,富邦-中壢,2024-03-11,9636
8054,安國,52,31,21,富邦-中壢,2024-03-11,9636
00919,群益台灣精選高息,2071,654,1417,富邦-中壢,2024-03-12,9636
00918,大華優利高填息30,1223,47,1176,富邦-中壢,2024-03-12,9636
2883,凱基金,569,216,353,富邦-中壢,2024-03-12,9636
00687B,國泰20年美債,364,96,268,富邦-中壢,2024-03-12,9636
00937B,群益ESG投等債20,308,48,260,富邦-中壢,2024-03-12,9636
00679B,元大美債20年,231,15,216,富邦-中壢,2024-03-12,9636
00929,復華台灣科技優息,345,144,201,富邦-中壢,2024-03-12,9636
2365,昆盈,104,16,88,富邦-中壢,2024-03-12,9636
3481,群創,188,107,81,富邦-中壢,2024-03-12,9636
3708,上緯投控,74,14,60,富邦-中壢,2024-03-12,9636
2371,大同,78,25,53,富邦-中壢,2024-03-12,9636
9105,泰金寶-DR,59,10,49,富邦-中壢,2024-03-12,9636
8926,台汽電,90,42,48,富邦-中壢,2024-03-12,9636
2367,燿華,229,183,46,富邦-中壢,2024-03-12,9636
2102,泰豐,50,4,46,富邦-中壢,2024-03-12,9636
2329,華泰,59,14,45,富邦-中壢,2024-03-12,9636
2867,三商壽,55,12,43,富邦-中壢,2024-03-12,9636
8096,擎亞,199,156,43,富邦-中壢,2024-03-12,9636
8092,建暐,42,0,42,富邦-中壢,2024-03-12,9636
2323,中環,110,69,41,富邦-中壢,2024-03-12,9636
3673,TPK-KY,41,0,41,富邦-中壢,2024-03-12,9636
2368,金像電,49,10,39,富邦-中壢,2024-03-12,9636
2834,臺企銀,112,74,38,富邦-中壢,2024-03-12,9636
5880,合庫金,51,16,35,富邦-中壢,2024-03-12,9636
2025,千興,44,9,35,富邦-中壢,2024-03-12,9636
3038,全台,36,1,35,富邦-中壢,2024-03-12,9636
2330,台積電,105,70,35,富邦-中壢,2024-03-12,9636
1514,亞力,83,52,31,富邦-中壢,2024-03-12,9636
8112,至上,64,33,31,富邦-中壢,2024-03-12,9636
2489,瑞軒,31,1,30,富邦-中壢,2024-03-12,9636
00933B,國泰10Y+金融債,181,151,30,富邦-中壢,2024-03-12,9636
2812,台中銀,34,6,28,富邦-中壢,2024-03-12,9636
2383,台光電,33,7,26,富邦-中壢,2024-03-12,9636
3189,景碩,28,3,25,富邦-中壢,2024-03-12,9636
1522,堤維西,33,8,25,富邦-中壢,2024-03-12,9636
8182,加高,25,0,25,富邦-中壢,2024-03-12,9636
2376,技嘉,35,11,24,富邦-中壢,2024-03-12,9636
6140,訊達,26,2,24,富邦-中壢,2024-03-12,9636
3207,耀勝,28,4,24,富邦-中壢,2024-03-12,9636
5498,凱崴,61,38,23,富邦-中壢,2024-03-12,9636
2301,光寶科,30,7,23,富邦-中壢,2024-03-12,9636
00857B,永豐20年美公債,22,0,22,富邦-中壢,2024-03-12,9636
2355,敬鵬,24,3,21,富邦-中壢,2024-03-12,9636
2891,中信金,30,10,20,富邦-中壢,2024-03-12,9636
2408,南亞科,24,4,20,富邦-中壢,2024-03-12,9636
3260,威剛,25,5,20,富邦-中壢,2024-03-12,9636
9902,台火,31,11,20,富邦-中壢,2024-03-12,9636
2443,昶虹,20,0,20,富邦-中壢,2024-03-12,9636
00641R,富邦日本反1,20,0,20,富邦-中壢,2024-03-12,9636
2851,中再保,36,16,20,富邦-中壢,2024-03-12,9636
00919,群益台灣精選高息,1008,429,579,富邦-中壢,2024-03-13,9636
00937B,群益ESG投等債20,531,259,272,富邦-中壢,2024-03-13,9636
00918,大華優利高填息30,297,43,254,富邦-中壢,2024-03-13,9636
00933B,國泰10Y+金融債,227,71,156,富邦-中壢,2024-03-13,9636
00857B,永豐20年美公債,149,0,149,富邦-中壢,2024-03-13,9636
00687B,國泰20年美債,276,134,142,富邦-中壢,2024-03-13,9636
8011,台通,255,122,133,富邦-中壢,2024-03-13,9636
00679B,元大美債20年,133,11,122,富邦-中壢,2024-03-13,9636
00881,國泰台灣5G+,131,9,122,富邦-中壢,2024-03-13,9636
6226,光鼎,96,1,95,富邦-中壢,2024-03-13,9636
2371,大同,116,22,94,富邦-中壢,2024-03-13,9636
00929,復華台灣科技優息,407,314,93,富邦-中壢,2024-03-13,9636
00927,群益半導體收益,106,32,74,富邦-中壢,2024-03-13,9636
2408,南亞科,81,9,72,富邦-中壢,2024-03-13,9636
2344,華邦電,78,7,71,富邦-中壢,2024-03-13,9636
2002,中鋼,95,24,71,富邦-中壢,2024-03-13,9636
9105,泰金寶-DR,56,0,56,富邦-中壢,2024-03-13,9636
2405,輔信,56,1,55,富邦-中壢,2024-03-13,9636
3207,耀勝,55,3,52,富邦-中壢,2024-03-13,9636
5381,合正,50,1,49,富邦-中壢,2024-03-13,9636
2376,技嘉,87,38,49,富邦-中壢,2024-03-13,9636
2603,長榮,72,25,47,富邦-中壢,2024-03-13,9636
1802,台玻,75,30,45,富邦-中壢,2024-03-13,9636
3231,緯創,446,405,41,富邦-中壢,2024-03-13,9636
1440,南紡,50,10,40,富邦-中壢,2024-03-13,9636
8926,台汽電,90,50,40,富邦-中壢,2024-03-13,9636
1457,宜進,40,1,39,富邦-中壢,2024-03-13,9636
1416,廣豐,39,0,39,富邦-中壢,2024-03-13,9636
00637L,元大滬深300正2,54,17,37,富邦-中壢,2024-03-13,9636
2838,聯邦銀,57,20,37,富邦-中壢,2024-03-13,9636
5347,世界,108,72,36,富邦-中壢,2024-03-13,9636
2486,一詮,89,53,36,富邦-中壢,2024-03-13,9636
2353,宏��,83,47,36,富邦-中壢,2024-03-13,9636
5529,鉅陞,50,15,35,富邦-中壢,2024-03-13,9636
4532,瑞智,34,0,34,富邦-中壢,2024-03-13,9636
00633L,富邦上証正2,34,2,32,富邦-中壢,2024-03-13,9636
6116,彩晶,42,10,32,富邦-中壢,2024-03-13,9636
2383,台光電,42,11,31,富邦-中壢,2024-03-13,9636
00923,群益台ESG低碳50,47,17,30,富邦-中壢,2024-03-13,9636
6275,元山,123,93,30,富邦-中壢,2024-03-13,9636
00686R,群益臺灣加權反1,30,0,30,富邦-中壢,2024-03-13,9636
3105,穩懋,34,5,29,富邦-中壢,2024-03-13,9636
2368,金像電,39,10,29,富邦-中壢,2024-03-13,9636
3715,定穎投控,36,9,27,富邦-中壢,2024-03-13,9636
6770,力積電,32,5,27,富邦-中壢,2024-03-13,9636
3041,揚智,36,9,27,富邦-中壢,2024-03-13,9636
00706L,期元大S＆P日圓正2,25,0,25,富邦-中壢,2024-03-13,9636
1589,永冠-KY,33,10,23,富邦-中壢,2024-03-13,9636
4909,新復興,61,38,23,富邦-中壢,2024-03-13,9636
2313,華通,84,61,23,富邦-中壢,2024-03-13,9636
00919,群益台灣精選高息,1814,462,1352,富邦-中壢,2024-03-14,9636
00665L,富邦�琤肭磪囓�2,659,50,609,富邦-中壢,2024-03-14,9636
00937B,群益ESG投等債20,709,157,552,富邦-中壢,2024-03-14,9636
3231,緯創,443,162,281,富邦-中壢,2024-03-14,9636
00918,大華優利高填息30,283,33,250,富邦-中壢,2024-03-14,9636
00915,凱基優選高股息30,275,60,215,富邦-中壢,2024-03-14,9636
2867,三商壽,201,1,200,富邦-中壢,2024-03-14,9636
9105,泰金寶-DR,162,2,160,富邦-中壢,2024-03-14,9636
6016,康和證,140,9,131,富邦-中壢,2024-03-14,9636
00673R,期元大S＆P原油反1,114,0,114,富邦-中壢,2024-03-14,9636
00687B,國泰20年美債,116,6,110,富邦-中壢,2024-03-14,9636
00632R,元大台灣50反1,139,30,109,富邦-中壢,2024-03-14,9636
00857B,永豐20年美公債,96,0,96,富邦-中壢,2024-03-14,9636
2836,高雄銀,105,13,92,富邦-中壢,2024-03-14,9636
2603,長榮,172,96,76,富邦-中壢,2024-03-14,9636
2002,中鋼,87,21,66,富邦-中壢,2024-03-14,9636
8996,高力,71,9,62,富邦-中壢,2024-03-14,9636
1316,上曜,203,144,59,富邦-中壢,2024-03-14,9636
2888,新光金,116,58,58,富邦-中壢,2024-03-14,9636
2897,王道銀行,67,11,56,富邦-中壢,2024-03-14,9636
2618,長榮航,300,244,56,富邦-中壢,2024-03-14,9636
00679B,元大美債20年,144,89,55,富邦-中壢,2024-03-14,9636
1513,中興電,156,103,53,富邦-中壢,2024-03-14,9636
00891,中信關鍵半導體,82,29,53,富邦-中壢,2024-03-14,9636
6127,九豪,53,2,51,富邦-中壢,2024-03-14,9636
2102,泰豐,50,0,50,富邦-中壢,2024-03-14,9636
2313,華通,87,39,48,富邦-中壢,2024-03-14,9636
00882,中信中國高股息,87,39,48,富邦-中壢,2024-03-14,9636
00927,群益半導體收益,55,8,47,富邦-中壢,2024-03-14,9636
1802,台玻,70,25,45,富邦-中壢,2024-03-14,9636
1815,富喬,52,11,41,富邦-中壢,2024-03-14,9636
6275,元山,64,24,40,富邦-中壢,2024-03-14,9636
2890,永豐金,59,22,37,富邦-中壢,2024-03-14,9636
00680L,元大美債20正2,93,57,36,富邦-中壢,2024-03-14,9636
2356,英業達,98,63,35,富邦-中壢,2024-03-14,9636
2915,潤泰全,34,0,34,富邦-中壢,2024-03-14,9636
6168,宏齊,34,0,34,富邦-中壢,2024-03-14,9636
3005,神基,59,28,31,富邦-中壢,2024-03-14,9636
00753L,中信中國50正2,61,30,31,富邦-中壢,2024-03-14,9636
2820,華票,30,0,30,富邦-中壢,2024-03-14,9636
3702,大聯大,34,6,28,富邦-中壢,2024-03-14,9636
9945,潤泰新,27,0,27,富邦-中壢,2024-03-14,9636
00722B,群益投資級電信債,30,3,27,富邦-中壢,2024-03-14,9636
2515,中工,37,11,26,富邦-中壢,2024-03-14,9636
3017,奇鋐,35,10,25,富邦-中壢,2024-03-14,9636
2354,鴻準,71,46,25,富邦-中壢,2024-03-14,9636
1319,東陽,41,16,25,富邦-中壢,2024-03-14,9636
3207,耀勝,55,30,25,富邦-中壢,2024-03-14,9636
00633L,富邦上証正2,25,0,25,富邦-中壢,2024-03-14,9636
3712,永崴投控,23,0,23,富邦-中壢,2024-03-14,9636
00937B,群益ESG投等債20,819,62,757,富邦-中壢,2024-03-15,9636
00688L,國泰20年美債正2,754,20,734,富邦-中壢,2024-03-15,9636
00919,群益台灣精選高息,1335,747,588,富邦-中壢,2024-03-15,9636
00941,中信上游半導體,743,383,360,富邦-中壢,2024-03-15,9636
00680L,元大美債20正2,285,11,274,富邦-中壢,2024-03-15,9636
00687B,國泰20年美債,278,5,273,富邦-中壢,2024-03-15,9636
00915,凱基優選高股息30,245,16,229,富邦-中壢,2024-03-15,9636
00918,大華優利高填息30,272,57,215,富邦-中壢,2024-03-15,9636
00665L,富邦�琤肭磪囓�2,216,15,201,富邦-中壢,2024-03-15,9636
00933B,國泰10Y+金融債,206,40,166,富邦-中壢,2024-03-15,9636
2618,長榮航,167,52,115,富邦-中壢,2024-03-15,9636
3312,弘憶股,118,6,112,富邦-中壢,2024-03-15,9636
00673R,期元大S＆P原油反1,106,0,106,富邦-中壢,2024-03-15,9636
2405,輔信,102,9,93,富邦-中壢,2024-03-15,9636
2603,長榮,197,107,90,富邦-中壢,2024-03-15,9636
2882,國泰金,174,88,86,富邦-中壢,2024-03-15,9636
2356,英業達,92,9,83,富邦-中壢,2024-03-15,9636
2371,大同,74,8,66,富邦-中壢,2024-03-15,9636
8011,台通,62,0,62,富邦-中壢,2024-03-15,9636
2323,中環,87,25,62,富邦-中壢,2024-03-15,9636
1616,億泰,65,3,62,富邦-中壢,2024-03-15,9636
2352,佳世達,70,10,60,富邦-中壢,2024-03-15,9636
00679B,元大美債20年,105,46,59,富邦-中壢,2024-03-15,9636
00857B,永豐20年美公債,54,0,54,富邦-中壢,2024-03-15,9636
4714,永捷,242,189,53,富邦-中壢,2024-03-15,9636
00706L,期元大S＆P日圓正2,52,0,52,富邦-中壢,2024-03-15,9636
2367,燿華,130,82,48,富邦-中壢,2024-03-15,9636
3576,聯合再生,56,9,47,富邦-中壢,2024-03-15,9636
2330,台積電,53,6,47,富邦-中壢,2024-03-15,9636
5243,乙盛-KY,55,9,46,富邦-中壢,2024-03-15,9636
2881,富邦金,61,16,45,富邦-中壢,2024-03-15,9636
00633L,富邦上証正2,45,0,45,富邦-中壢,2024-03-15,9636
00753L,中信中國50正2,45,2,43,富邦-中壢,2024-03-15,9636
2610,華航,80,38,42,富邦-中壢,2024-03-15,9636
6126,信音,40,1,39,富邦-中壢,2024-03-15,9636
00772B,中信高評級公司債,39,0,39,富邦-中壢,2024-03-15,9636
1513,中興電,79,43,36,富邦-中壢,2024-03-15,9636
2353,宏��,46,11,35,富邦-中壢,2024-03-15,9636
3189,景碩,40,5,35,富邦-中壢,2024-03-15,9636
00795B,中信美國公債20年,35,0,35,富邦-中壢,2024-03-15,9636
2609,陽明,73,38,35,富邦-中壢,2024-03-15,9636
2313,華通,61,29,32,富邦-中壢,2024-03-15,9636
1109,信大,53,21,32,富邦-中壢,2024-03-15,9636
2611,志信,62,30,32,富邦-中壢,2024-03-15,9636
1711,永光,32,0,32,富邦-中壢,2024-03-15,9636
5225,東科-KY,30,0,30,富邦-中壢,2024-03-15,9636
8215,明基材,30,0,30,富邦-中壢,2024-03-15,9636
5608,四維航,30,0,30,富邦-中壢,2024-03-15,9636
4958,臻鼎-KY,29,2,27,富邦-中壢,2024-03-15,9636
6127,九豪,28,2,26,富邦-中壢,2024-03-15,9636
00919,群益台灣精選高息,851,213,638,富邦-中壢,2024-03-18,9636
00941,中信上游半導體,341,46,295,富邦-中壢,2024-03-18,9636
00937B,群益ESG投等債20,275,41,234,富邦-中壢,2024-03-18,9636
00687B,國泰20年美債,166,17,149,富邦-中壢,2024-03-18,9636
00679B,元大美債20年,152,14,138,富邦-中壢,2024-03-18,9636
2618,長榮航,122,0,122,富邦-中壢,2024-03-18,9636
00933B,國泰10Y+金融債,126,5,121,富邦-中壢,2024-03-18,9636
00857B,永豐20年美公債,117,1,116,富邦-中壢,2024-03-18,9636
2889,國票金,112,1,111,富邦-中壢,2024-03-18,9636
2834,臺企銀,270,162,108,富邦-中壢,2024-03-18,9636
2002,中鋼,107,18,89,富邦-中壢,2024-03-18,9636
3481,群創,114,33,81,富邦-中壢,2024-03-18,9636
2330,台積電,82,5,77,富邦-中壢,2024-03-18,9636
3312,弘憶股,69,7,62,富邦-中壢,2024-03-18,9636
1722,台肥,56,0,56,富邦-中壢,2024-03-18,9636
00753L,中信中國50正2,76,26,50,富邦-中壢,2024-03-18,9636
00688L,國泰20年美債正2,43,0,43,富邦-中壢,2024-03-18,9636
2352,佳世達,49,6,43,富邦-中壢,2024-03-18,9636
6411,晶焱,47,5,42,富邦-中壢,2024-03-18,9636
00751B,元大AAA至A公司債,42,0,42,富邦-中壢,2024-03-18,9636
00931B,統一美債20年,45,3,42,富邦-中壢,2024-03-18,9636
2801,彰銀,41,1,40,富邦-中壢,2024-03-18,9636
2344,華邦電,60,20,40,富邦-中壢,2024-03-18,9636
00706L,期元大S＆P日圓正2,40,0,40,富邦-中壢,2024-03-18,9636
1514,亞力,79,41,38,富邦-中壢,2024-03-18,9636
8089,康全電訊,80,45,35,富邦-中壢,2024-03-18,9636
2303,聯電,64,30,34,富邦-中壢,2024-03-18,9636
00882,中信中國高股息,178,144,34,富邦-中壢,2024-03-18,9636
2607,榮運,37,5,32,富邦-中壢,2024-03-18,9636
6285,啟��,34,5,29,富邦-中壢,2024-03-18,9636
1529,樂事綠能,30,1,29,富邦-中壢,2024-03-18,9636
6016,康和證,35,6,29,富邦-中壢,2024-03-18,9636
2609,陽明,41,14,27,富邦-中壢,2024-03-18,9636
2323,中環,123,96,27,富邦-中壢,2024-03-18,9636
1905,華紙,27,0,27,富邦-中壢,2024-03-18,9636
00795B,中信美國公債20年,28,1,27,富邦-中壢,2024-03-18,9636
00915,凱基優選高股息30,58,32,26,富邦-中壢,2024-03-18,9636
3622,洋華,40,13,27,富邦-中壢,2024-03-18,9636
2915,潤泰全,26,0,26,富邦-中壢,2024-03-18,9636
2409,友達,26,2,24,富邦-中壢,2024-03-18,9636
00922,國泰台灣領袖50,24,0,24,富邦-中壢,2024-03-18,9636
4906,正文,24,2,22,富邦-中壢,2024-03-18,9636
2353,宏��,41,20,21,富邦-中壢,2024-03-18,9636
6190,萬泰科,30,9,21,富邦-中壢,2024-03-18,9636
2449,京元電子,43,22,21,富邦-中壢,2024-03-18,9636
5529,鉅陞,20,0,20,富邦-中壢,2024-03-18,9636
6177,達麗,21,1,20,富邦-中壢,2024-03-18,9636
2417,圓剛,20,2,18,富邦-中壢,2024-03-18,9636
2408,南亞科,18,1,17,富邦-中壢,2024-03-18,9636
1582,信錦,29,12,17,富邦-中壢,2024-03-18,9636
00673R,期元大S＆P原油反1,679,0,679,富邦-中壢,2024-03-19,9636
2834,臺企銀,473,45,428,富邦-中壢,2024-03-19,9636
00706L,期元大S＆P日圓正2,348,2,346,富邦-中壢,2024-03-19,9636
00665L,富邦�琤肭磪囓�2,302,0,302,富邦-中壢,2024-03-19,9636
00687B,國泰20年美債,285,55,230,富邦-中壢,2024-03-19,9636
00688L,國泰20年美債正2,183,0,183,富邦-中壢,2024-03-19,9636
00941,中信上游半導體,196,29,167,富邦-中壢,2024-03-19,9636
2359,所羅門,293,135,158,富邦-中壢,2024-03-19,9636
2618,長榮航,153,7,146,富邦-中壢,2024-03-19,9636
00632R,元大台灣50反1,166,25,141,富邦-中壢,2024-03-19,9636
00927,群益半導體收益,149,11,138,富邦-中壢,2024-03-19,9636
00679B,元大美債20年,120,0,120,富邦-中壢,2024-03-19,9636
2610,華航,124,6,118,富邦-中壢,2024-03-19,9636
1815,富喬,105,8,97,富邦-中壢,2024-03-19,9636
2888,新光金,112,20,92,富邦-中壢,2024-03-19,9636
2845,遠東銀,91,0,91,富邦-中壢,2024-03-19,9636
00751B,元大AAA至A公司債,91,1,90,富邦-中壢,2024-03-19,9636
00680L,元大美債20正2,89,0,89,富邦-中壢,2024-03-19,9636
00937B,群益ESG投等債20,187,104,83,富邦-中壢,2024-03-19,9636
00882,中信中國高股息,82,2,80,富邦-中壢,2024-03-19,9636
2344,華邦電,71,1,70,富邦-中壢,2024-03-19,9636
3481,群創,115,46,69,富邦-中壢,2024-03-19,9636
1802,台玻,69,0,69,富邦-中壢,2024-03-19,9636
6127,九豪,67,2,65,富邦-中壢,2024-03-19,9636
2515,中工,108,46,62,富邦-中壢,2024-03-19,9636
00923,群益台ESG低碳50,79,17,62,富邦-中壢,2024-03-19,9636
3005,神基,110,49,61,富邦-中壢,2024-03-19,9636
4714,永捷,86,31,55,富邦-中壢,2024-03-19,9636
5529,鉅陞,53,3,50,富邦-中壢,2024-03-19,9636
6128,上福,50,1,49,富邦-中壢,2024-03-19,9636
2367,燿華,79,30,49,富邦-中壢,2024-03-19,9636
3708,上緯投控,51,3,48,富邦-中壢,2024-03-19,9636
2353,宏��,58,11,47,富邦-中壢,2024-03-19,9636
2329,華泰,80,38,42,富邦-中壢,2024-03-19,9636
6116,彩晶,43,3,40,富邦-中壢,2024-03-19,9636
2887,台新金,38,0,38,富邦-中壢,2024-03-19,9636
1102,亞泥,37,0,37,富邦-中壢,2024-03-19,9636
00712,復華富時不動產,36,0,36,富邦-中壢,2024-03-19,9636
9945,潤泰新,40,4,36,富邦-中壢,2024-03-19,9636
2355,敬鵬,50,14,36,富邦-中壢,2024-03-19,9636
4909,新復興,37,2,35,富邦-中壢,2024-03-19,9636
8011,台通,90,56,34,富邦-中壢,2024-03-19,9636
2812,台中銀,32,0,32,富邦-中壢,2024-03-19,9636
2354,鴻準,65,38,27,富邦-中壢,2024-03-19,9636
1609,大亞,42,14,28,富邦-中壢,2024-03-19,9636
6235,華孚,28,2,26,富邦-中壢,2024-03-19,9636
3035,智原,28,2,26,富邦-中壢,2024-03-19,9636
1725,元禎,25,0,25,富邦-中壢,2024-03-19,9636
00795B,中信美國公債20年,26,1,25,富邦-中壢,2024-03-19,9636
6462,神盾,72,48,24,富邦-中壢,2024-03-19,9636
00939,統一台灣高息動能,3024,721,2303,富邦-中壢,2024-03-20,9636
00919,群益台灣精選高息,1599,966,633,富邦-中壢,2024-03-20,9636
2889,國票金,413,2,411,富邦-中壢,2024-03-20,9636
00857B,永豐20年美公債,309,1,308,富邦-中壢,2024-03-20,9636
00632R,元大台灣50反1,200,10,190,富邦-中壢,2024-03-20,9636
00665L,富邦�琤肭磪囓�2,206,30,176,富邦-中壢,2024-03-20,9636
2888,新光金,165,41,124,富邦-中壢,2024-03-20,9636
6414,樺漢,133,12,121,富邦-中壢,2024-03-20,9636
2812,台中銀,111,0,111,富邦-中壢,2024-03-20,9636
2618,長榮航,164,56,108,富邦-中壢,2024-03-20,9636
1101,台泥,165,64,101,富邦-中壢,2024-03-20,9636
00937B,群益ESG投等債20,221,124,97,富邦-中壢,2024-03-20,9636
2356,英業達,121,26,95,富邦-中壢,2024-03-20,9636
6016,康和證,100,11,89,富邦-中壢,2024-03-20,9636
4938,和碩,184,99,85,富邦-中壢,2024-03-20,9636
3207,耀勝,108,25,83,富邦-中壢,2024-03-20,9636
2845,遠東銀,102,20,82,富邦-中壢,2024-03-20,9636
00706L,期元大S＆P日圓正2,118,40,78,富邦-中壢,2024-03-20,9636
1802,台玻,76,0,76,富邦-中壢,2024-03-20,9636
3306,鼎天,73,3,70,富邦-中壢,2024-03-20,9636
8933,愛地雅,70,1,69,富邦-中壢,2024-03-20,9636
2834,臺企銀,120,60,60,富邦-中壢,2024-03-20,9636
2354,鴻準,199,140,59,富邦-中壢,2024-03-20,9636
00929,復華台灣科技優息,375,318,57,富邦-中壢,2024-03-20,9636
00878,國泰永續高股息,129,75,54,富邦-中壢,2024-03-20,9636
2201,裕隆,70,17,53,富邦-中壢,2024-03-20,9636
2883,凱基金,131,80,51,富邦-中壢,2024-03-20,9636
8443,阿瘦,50,0,50,富邦-中壢,2024-03-20,9636
3231,緯創,271,222,49,富邦-中壢,2024-03-20,9636
00679B,元大美債20年,60,12,48,富邦-中壢,2024-03-20,9636
1609,大亞,59,13,46,富邦-中壢,2024-03-20,9636
2405,輔信,144,99,45,富邦-中壢,2024-03-20,9636
2371,大同,81,38,43,富邦-中壢,2024-03-20,9636
1815,富喬,65,24,41,富邦-中壢,2024-03-20,9636
2382,廣達,119,79,40,富邦-中壢,2024-03-20,9636
6535,順藥,39,0,39,富邦-中壢,2024-03-20,9636
00891,中信關鍵半導體,50,12,38,富邦-中壢,2024-03-20,9636
2313,華通,118,80,38,富邦-中壢,2024-03-20,9636
2208,台船,37,0,37,富邦-中壢,2024-03-20,9636
3481,群創,81,45,36,富邦-中壢,2024-03-20,9636
2442,新美齊,36,0,36,富邦-中壢,2024-03-20,9636
2603,長榮,150,114,36,富邦-中壢,2024-03-20,9636
2362,藍天,43,8,35,富邦-中壢,2024-03-20,9636
2376,技嘉,46,12,34,富邦-中壢,2024-03-20,9636
00673R,期元大S＆P原油反1,34,0,34,富邦-中壢,2024-03-20,9636
3029,零壹,39,6,33,富邦-中壢,2024-03-20,9636
00762,元大全球AI,30,0,30,富邦-中壢,2024-03-20,9636
2301,光寶科,84,55,29,富邦-中壢,2024-03-20,9636
00923,群益台ESG低碳50,33,5,28,富邦-中壢,2024-03-20,9636
2323,中環,69,41,28,富邦-中壢,2024-03-20,9636
00632R,元大台灣50反1,1479,205,1274,富邦-中壢,2024-03-21,9636
00939,統一台灣高息動能,1104,277,827,富邦-中壢,2024-03-21,9636
00664R,國泰臺灣加權反1,500,10,490,富邦-中壢,2024-03-21,9636
00919,群益台灣精選高息,890,436,454,富邦-中壢,2024-03-21,9636
2353,宏��,423,71,352,富邦-中壢,2024-03-21,9636
2889,國票金,309,2,307,富邦-中壢,2024-03-21,9636
00687B,國泰20年美債,265,11,254,富邦-中壢,2024-03-21,9636
00937B,群益ESG投等債20,339,196,143,富邦-中壢,2024-03-21,9636
2838,聯邦銀,130,0,130,富邦-中壢,2024-03-21,9636
00679B,元大美債20年,132,5,127,富邦-中壢,2024-03-21,9636
3052,夆典,100,0,100,富邦-中壢,2024-03-21,9636
6209,今國光,101,1,100,富邦-中壢,2024-03-21,9636
00795B,中信美國公債20年,93,0,93,富邦-中壢,2024-03-21,9636
3006,晶豪科,97,13,84,富邦-中壢,2024-03-21,9636
2834,臺企銀,100,30,70,富邦-中壢,2024-03-21,9636
00688L,國泰20年美債正2,56,0,56,富邦-中壢,2024-03-21,9636
2369,菱生,78,24,54,富邦-中壢,2024-03-21,9636
00929,復華台灣科技優息,152,99,53,富邦-中壢,2024-03-21,9636
00891,中信關鍵半導體,60,9,51,富邦-中壢,2024-03-21,9636
2405,輔信,169,118,51,富邦-中壢,2024-03-21,9636
00857B,永豐20年美公債,48,0,48,富邦-中壢,2024-03-21,9636
3306,鼎天,45,1,44,富邦-中壢,2024-03-21,9636
2888,新光金,66,28,38,富邦-中壢,2024-03-21,9636
3033,威健,47,9,38,富邦-中壢,2024-03-21,9636
00680L,元大美債20正2,60,23,37,富邦-中壢,2024-03-21,9636
1524,耿鼎,38,3,35,富邦-中壢,2024-03-21,9636
6188,廣明,117,82,35,富邦-中壢,2024-03-21,9636
2618,長榮航,46,12,34,富邦-中壢,2024-03-21,9636
6457,紘康,36,3,33,富邦-中壢,2024-03-21,9636
2603,長榮,70,37,33,富邦-中壢,2024-03-21,9636
00931B,統一美債20年,32,0,32,富邦-中壢,2024-03-21,9636
3041,揚智,83,52,31,富邦-中壢,2024-03-21,9636
1308,亞聚,31,0,31,富邦-中壢,2024-03-21,9636
3322,建舜電,64,34,30,富邦-中壢,2024-03-21,9636
6438,迅得,40,11,29,富邦-中壢,2024-03-21,9636
2301,光寶科,75,47,28,富邦-中壢,2024-03-21,9636
4938,和碩,65,38,27,富邦-中壢,2024-03-21,9636
1785,光洋科,52,25,27,富邦-中壢,2024-03-21,9636
6167,久正,26,0,26,富邦-中壢,2024-03-21,9636
3005,神基,81,56,25,富邦-中壢,2024-03-21,9636
00720B,元大投資級公司債,24,1,23,富邦-中壢,2024-03-21,9636
00930,永豐ESG低碳高息,28,5,23,富邦-中壢,2024-03-21,9636
8234,新漢,27,4,23,富邦-中壢,2024-03-21,9636
2201,裕隆,22,0,22,富邦-中壢,2024-03-21,9636
3704,合勤控,41,19,22,富邦-中壢,2024-03-21,9636
6186,新潤,20,0,20,富邦-中壢,2024-03-21,9636
2376,技嘉,38,18,20,富邦-中壢,2024-03-21,9636
1603,華電,20,1,19,富邦-中壢,2024-03-21,9636
2442,新美齊,18,0,18,富邦-中壢,2024-03-21,9636
00772B,中信高評級公司債,22,4,18,富邦-中壢,2024-03-21,9636
00937B,群益ESG投等債20,555,34,521,富邦-中壢,2024-03-22,9636
6189,豐藝,361,38,323,富邦-中壢,2024-03-22,9636
00753L,中信中國50正2,343,52,291,富邦-中壢,2024-03-22,9636
00939,統一台灣高息動能,705,451,254,富邦-中壢,2024-03-22,9636
2834,臺企銀,276,49,227,富邦-中壢,2024-03-22,9636
2353,宏��,390,171,219,富邦-中壢,2024-03-22,9636
00919,群益台灣精選高息,1039,827,212,富邦-中壢,2024-03-22,9636
1314,中石化,200,1,199,富邦-中壢,2024-03-22,9636
00680L,元大美債20正2,192,12,180,富邦-中壢,2024-03-22,9636
00941,中信上游半導體,202,71,131,富邦-中壢,2024-03-22,9636
2883,凱基金,131,24,107,富邦-中壢,2024-03-22,9636
00633L,富邦上証正2,103,0,103,富邦-中壢,2024-03-22,9636
00927,群益半導體收益,106,12,94,富邦-中壢,2024-03-22,9636
6016,康和證,100,6,94,富邦-中壢,2024-03-22,9636
2371,大同,137,45,92,富邦-中壢,2024-03-22,9636
00665L,富邦�琤肭磪囓�2,301,214,87,富邦-中壢,2024-03-22,9636
2618,長榮航,108,24,84,富邦-中壢,2024-03-22,9636
2838,聯邦銀,82,0,82,富邦-中壢,2024-03-22,9636
2603,長榮,88,19,69,富邦-中壢,2024-03-22,9636
2313,華通,97,29,68,富邦-中壢,2024-03-22,9636
2376,技嘉,122,56,66,富邦-中壢,2024-03-22,9636
00679B,元大美債20年,80,14,66,富邦-中壢,2024-03-22,9636
6505,台塑化,65,1,64,富邦-中壢,2024-03-22,9636
6197,佳必琪,72,10,62,富邦-中壢,2024-03-22,9636
9904,寶成,75,14,61,富邦-中壢,2024-03-22,9636
1513,中興電,109,48,61,富邦-中壢,2024-03-22,9636
00687B,國泰20年美債,106,53,53,富邦-中壢,2024-03-22,9636
2303,聯電,79,28,51,富邦-中壢,2024-03-22,9636
0056,元大高股息,115,68,47,富邦-中壢,2024-03-22,9636
6198,瑞築,45,0,45,富邦-中壢,2024-03-22,9636
00891,中信關鍵半導體,45,0,45,富邦-中壢,2024-03-22,9636
1529,樂事綠能,50,8,42,富邦-中壢,2024-03-22,9636
1101,台泥,55,14,41,富邦-中壢,2024-03-22,9636
2867,三商壽,40,0,40,富邦-中壢,2024-03-22,9636
2609,陽明,43,5,38,富邦-中壢,2024-03-22,9636
4114,健喬,46,10,36,富邦-中壢,2024-03-22,9636
3706,神達,228,195,33,富邦-中壢,2024-03-22,9636
1785,光洋科,35,2,33,富邦-中壢,2024-03-22,9636
3322,建舜電,51,20,31,富邦-中壢,2024-03-22,9636
2887,台新金,39,10,29,富邦-中壢,2024-03-22,9636
2881,富邦金,42,14,28,富邦-中壢,2024-03-22,9636
1612,宏泰,98,71,27,富邦-中壢,2024-03-22,9636
00930,永豐ESG低碳高息,27,0,27,富邦-中壢,2024-03-22,9636
910322,康師傅-DR,26,0,26,富邦-中壢,2024-03-22,9636
1503,士電,114,88,26,富邦-中壢,2024-03-22,9636
2406,國碩,35,10,25,富邦-中壢,2024-03-22,9636
2009,第一銅,27,2,25,富邦-中壢,2024-03-22,9636
3006,晶豪科,65,40,25,富邦-中壢,2024-03-22,9636
00934,中信成長高股息,24,0,24,富邦-中壢,2024-03-22,9636
1721,三晃,25,1,24,富邦-中壢,2024-03-22,9636
00937B,群益ESG投等債20,541,119,422,富邦-中壢,2024-03-25,9636
1314,中石化,312,11,301,富邦-中壢,2024-03-25,9636
00919,群益台灣精選高息,505,227,278,富邦-中壢,2024-03-25,9636
00939,統一台灣高息動能,450,180,270,富邦-中壢,2024-03-25,9636
00679B,元大美債20年,259,20,239,富邦-中壢,2024-03-25,9636
3231,緯創,257,61,196,富邦-中壢,2024-03-25,9636
6189,豐藝,221,37,184,富邦-中壢,2024-03-25,9636
00632R,元大台灣50反1,171,5,166,富邦-中壢,2024-03-25,9636
00688L,國泰20年美債正2,144,12,132,富邦-中壢,2024-03-25,9636
00941,中信上游半導體,517,387,130,富邦-中壢,2024-03-25,9636
00933B,國泰10Y+金融債,122,14,108,富邦-中壢,2024-03-25,9636
2645,長榮航太,113,7,106,富邦-中壢,2024-03-25,9636
2344,華邦電,136,36,100,富邦-中壢,2024-03-25,9636
8103,瀚荃,100,1,99,富邦-中壢,2024-03-25,9636
2303,聯電,109,10,99,富邦-中壢,2024-03-25,9636
3306,鼎天,76,4,72,富邦-中壢,2024-03-25,9636
2881,富邦金,72,9,63,富邦-中壢,2024-03-25,9636
2611,志信,62,0,62,富邦-中壢,2024-03-25,9636
1609,大亞,283,221,62,富邦-中壢,2024-03-25,9636
5529,鉅陞,56,0,56,富邦-中壢,2024-03-25,9636
3058,立德,66,12,54,富邦-中壢,2024-03-25,9636
00753L,中信中國50正2,98,45,53,富邦-中壢,2024-03-25,9636
1101,台泥,72,23,49,富邦-中壢,2024-03-25,9636
3708,上緯投控,79,32,47,富邦-中壢,2024-03-25,9636
6120,達運,75,29,46,富邦-中壢,2024-03-25,9636
00852L,國泰美國道瓊正2,45,0,45,富邦-中壢,2024-03-25,9636
2367,燿華,174,130,44,富邦-中壢,2024-03-25,9636
1524,耿鼎,53,11,42,富邦-中壢,2024-03-25,9636
2515,中工,61,20,41,富邦-中壢,2024-03-25,9636
2867,三商壽,40,0,40,富邦-中壢,2024-03-25,9636
2359,所羅門,53,14,39,富邦-中壢,2024-03-25,9636
00927,群益半導體收益,37,1,36,富邦-中壢,2024-03-25,9636
00885,富邦越南,52,17,35,富邦-中壢,2024-03-25,9636
3047,訊舟,37,2,35,富邦-中壢,2024-03-25,9636
6806,森崴能源,57,22,35,富邦-中壢,2024-03-25,9636
00931B,統一美債20年,34,0,34,富邦-中壢,2024-03-25,9636
5469,瀚宇博,107,75,32,富邦-中壢,2024-03-25,9636
2882,國泰金,39,8,31,富邦-中壢,2024-03-25,9636
00720B,元大投資級公司債,45,14,31,富邦-中壢,2024-03-25,9636
6191,精成科,30,1,29,富邦-中壢,2024-03-25,9636
4109,加捷生醫,29,0,29,富邦-中壢,2024-03-25,9636
00896,中信綠能及電動車,30,2,28,富邦-中壢,2024-03-25,9636
2352,佳世達,28,1,27,富邦-中壢,2024-03-25,9636
2889,國票金,26,0,26,富邦-中壢,2024-03-25,9636
3294,英濟,62,36,26,富邦-中壢,2024-03-25,9636
1504,東元,44,19,25,富邦-中壢,2024-03-25,9636
00795B,中信美國公債20年,22,0,22,富邦-中壢,2024-03-25,9636
2892,第一金,22,0,22,富邦-中壢,2024-03-25,9636
2637,慧洋-KY,22,0,22,富邦-中壢,2024-03-25,9636
3481,群創,95,73,22,富邦-中壢,2024-03-25,9636
2801,彰銀,468,1,467,富邦-中壢,2024-03-26,9636
00937B,群益ESG投等債20,301,7,294,富邦-中壢,2024-03-26,9636
3231,緯創,336,119,217,富邦-中壢,2024-03-26,9636
00939,統一台灣高息動能,1138,949,189,富邦-中壢,2024-03-26,9636
1722,台肥,156,1,155,富邦-中壢,2024-03-26,9636
2421,建準,204,63,141,富邦-中壢,2024-03-26,9636
2610,華航,142,2,140,富邦-中壢,2024-03-26,9636
2303,聯電,180,73,107,富邦-中壢,2024-03-26,9636
1514,亞力,171,65,106,富邦-中壢,2024-03-26,9636
00919,群益台灣精選高息,1717,1615,102,富邦-中壢,2024-03-26,9636
8070,長華*,99,0,99,富邦-中壢,2024-03-26,9636
00941,中信上游半導體,319,220,99,富邦-中壢,2024-03-26,9636
3708,上緯投控,132,34,98,富邦-中壢,2024-03-26,9636
0056,元大高股息,142,45,97,富邦-中壢,2024-03-26,9636
2388,威盛,116,27,89,富邦-中壢,2024-03-26,9636
9105,泰金寶-DR,103,16,87,富邦-中壢,2024-03-26,9636
6005,群益證,82,3,79,富邦-中壢,2024-03-26,9636
2618,長榮航,147,69,78,富邦-中壢,2024-03-26,9636
00673R,期元大S＆P原油反1,78,0,78,富邦-中壢,2024-03-26,9636
00679B,元大美債20年,91,19,72,富邦-中壢,2024-03-26,9636
2365,昆盈,141,73,68,富邦-中壢,2024-03-26,9636
2356,英業達,177,114,63,富邦-中壢,2024-03-26,9636
1513,中興電,230,167,63,富邦-中壢,2024-03-26,9636
00687B,國泰20年美債,114,52,62,富邦-中壢,2024-03-26,9636
00720B,元大投資級公司債,64,3,61,富邦-中壢,2024-03-26,9636
2409,友達,72,13,59,富邦-中壢,2024-03-26,9636
6125,廣運,135,75,60,富邦-中壢,2024-03-26,9636
2609,陽明,69,11,58,富邦-中壢,2024-03-26,9636
2344,華邦電,110,55,55,富邦-中壢,2024-03-26,9636
3498,陽程,61,6,55,富邦-中壢,2024-03-26,9636
00751B,元大AAA至A公司債,54,0,54,富邦-中壢,2024-03-26,9636
2417,圓剛,104,52,52,富邦-中壢,2024-03-26,9636
1612,宏泰,106,56,50,富邦-中壢,2024-03-26,9636
00882,中信中國高股息,47,1,46,富邦-中壢,2024-03-26,9636
6770,力積電,78,32,46,富邦-中壢,2024-03-26,9636
5534,長虹,55,10,45,富邦-中壢,2024-03-26,9636
3712,永崴投控,105,60,45,富邦-中壢,2024-03-26,9636
1504,東元,87,43,44,富邦-中壢,2024-03-26,9636
2867,三商壽,52,8,44,富邦-中壢,2024-03-26,9636
00632R,元大台灣50反1,167,123,44,富邦-中壢,2024-03-26,9636
4127,天良,43,1,42,富邦-中壢,2024-03-26,9636
2313,華通,54,13,41,富邦-中壢,2024-03-26,9636
9945,潤泰新,43,3,40,富邦-中壢,2024-03-26,9636
4979,華星光,55,15,40,富邦-中壢,2024-03-26,9636
2515,中工,66,27,39,富邦-中壢,2024-03-26,9636
5880,合庫金,53,15,38,富邦-中壢,2024-03-26,9636
3481,群創,74,39,35,富邦-中壢,2024-03-26,9636
2390,云辰,35,0,35,富邦-中壢,2024-03-26,9636
2486,一詮,96,64,32,富邦-中壢,2024-03-26,9636
00706L,期元大S＆P日圓正2,33,1,32,富邦-中壢,2024-03-26,9636
00929,復華台灣科技優息,506,113,393,富邦-中壢,2024-03-27,9636
2049,上銀,185,17,168,富邦-中壢,2024-03-27,9636
1513,中興電,223,79,144,富邦-中壢,2024-03-27,9636
00665L,富邦�琤肭磪囓�2,112,3,109,富邦-中壢,2024-03-27,9636
2371,大同,296,189,107,富邦-中壢,2024-03-27,9636
2834,臺企銀,190,84,106,富邦-中壢,2024-03-27,9636
9105,泰金寶-DR,110,19,91,富邦-中壢,2024-03-27,9636
9904,寶成,109,33,76,富邦-中壢,2024-03-27,9636
2301,光寶科,97,27,70,富邦-中壢,2024-03-27,9636
3122,笙泉,70,0,70,富邦-中壢,2024-03-27,9636
2367,燿華,110,41,69,富邦-中壢,2024-03-27,9636
00706L,期元大S＆P日圓正2,62,0,62,富邦-中壢,2024-03-27,9636
2344,華邦電,70,12,58,富邦-中壢,2024-03-27,9636
00937B,群益ESG投等債20,299,251,48,富邦-中壢,2024-03-27,9636
2308,台達電,62,16,46,富邦-中壢,2024-03-27,9636
00680L,元大美債20正2,46,0,46,富邦-中壢,2024-03-27,9636
1608,華榮,193,148,45,富邦-中壢,2024-03-27,9636
1101,台泥,64,20,44,富邦-中壢,2024-03-27,9636
3231,緯創,72,29,43,富邦-中壢,2024-03-27,9636
1808,潤隆,90,49,41,富邦-中壢,2024-03-27,9636
2331,精英,43,2,41,富邦-中壢,2024-03-27,9636
8071,能率網通,41,0,41,富邦-中壢,2024-03-27,9636
3234,光環,46,6,40,富邦-中壢,2024-03-27,9636
1609,大亞,138,98,40,富邦-中壢,2024-03-27,9636
2303,聯電,51,11,40,富邦-中壢,2024-03-27,9636
00882,中信中國高股息,41,5,36,富邦-中壢,2024-03-27,9636
3706,神達,192,156,36,富邦-中壢,2024-03-27,9636
6443,元晶,34,3,31,富邦-中壢,2024-03-27,9636
2104,國際中橡,30,0,30,富邦-中壢,2024-03-27,9636
2457,飛宏,31,1,30,富邦-中壢,2024-03-27,9636
2353,宏��,55,28,27,富邦-中壢,2024-03-27,9636
6182,合晶,46,20,26,富邦-中壢,2024-03-27,9636
6189,豐藝,31,6,25,富邦-中壢,2024-03-27,9636
1618,合機,64,40,24,富邦-中壢,2024-03-27,9636
2630,亞航,72,49,23,富邦-中壢,2024-03-27,9636
00751B,元大AAA至A公司債,32,9,23,富邦-中壢,2024-03-27,9636
3306,鼎天,24,2,22,富邦-中壢,2024-03-27,9636
5371,中光電,29,7,22,富邦-中壢,2024-03-27,9636
1616,億泰,38,16,22,富邦-中壢,2024-03-27,9636
4420,光明,25,4,21,富邦-中壢,2024-03-27,9636
8092,建暐,27,6,21,富邦-中壢,2024-03-27,9636
00715L,期街口布蘭特正2,24,3,21,富邦-中壢,2024-03-27,9636
2352,佳世達,27,7,20,富邦-中壢,2024-03-27,9636
4919,新唐,21,1,20,富邦-中壢,2024-03-27,9636
3027,盛達,31,11,20,富邦-中壢,2024-03-27,9636
4714,永捷,85,65,20,富邦-中壢,2024-03-27,9636
3512,皇龍,20,0,20,富邦-中壢,2024-03-27,9636
2887,台新金,27,7,20,富邦-中壢,2024-03-27,9636
6274,台燿,71,52,19,富邦-中壢,2024-03-27,9636
00687B,國泰20年美債,35,16,19,富邦-中壢,2024-03-27,9636
2883,凱基金,400,100,300,富邦-中壢,2024-03-28,9636
00919,群益台灣精選高息,338,75,263,富邦-中壢,2024-03-28,9636
2888,新光金,230,5,225,富邦-中壢,2024-03-28,9636
3231,緯創,156,39,117,富邦-中壢,2024-03-28,9636
9105,泰金寶-DR,100,1,99,富邦-中壢,2024-03-28,9636
00632R,元大台灣50反1,86,0,86,富邦-中壢,2024-03-28,9636
1609,大亞,121,39,82,富邦-中壢,2024-03-28,9636
2354,鴻準,356,276,80,富邦-中壢,2024-03-28,9636
00687B,國泰20年美債,142,62,80,富邦-中壢,2024-03-28,9636
1608,華榮,156,80,76,富邦-中壢,2024-03-28,9636
00679B,元大美債20年,77,5,72,富邦-中壢,2024-03-28,9636
00941,中信上游半導體,121,56,65,富邦-中壢,2024-03-28,9636
00937B,群益ESG投等債20,205,142,63,富邦-中壢,2024-03-28,9636
00882,中信中國高股息,64,4,60,富邦-中壢,2024-03-28,9636
2618,長榮航,93,35,58,富邦-中壢,2024-03-28,9636
2881,富邦金,59,1,58,富邦-中壢,2024-03-28,9636
3706,神達,272,217,55,富邦-中壢,2024-03-28,9636
5309,系統電,69,16,53,富邦-中壢,2024-03-28,9636
2102,泰豐,50,0,50,富邦-中壢,2024-03-28,9636
1722,台肥,50,0,50,富邦-中壢,2024-03-28,9636
5608,四維航,47,0,47,富邦-中壢,2024-03-28,9636
1434,福懋,43,0,43,富邦-中壢,2024-03-28,9636
2367,燿華,139,99,40,富邦-中壢,2024-03-28,9636
6016,康和證,50,10,40,富邦-中壢,2024-03-28,9636
2301,光寶科,54,14,40,富邦-中壢,2024-03-28,9636
2363,矽統,42,5,37,富邦-中壢,2024-03-28,9636
6257,矽格,41,7,34,富邦-中壢,2024-03-28,9636
9945,潤泰新,49,15,34,富邦-中壢,2024-03-28,9636
2356,英業達,66,32,34,富邦-中壢,2024-03-28,9636
2392,正崴,38,8,30,富邦-中壢,2024-03-28,9636
4420,光明,30,1,29,富邦-中壢,2024-03-28,9636
8011,台通,59,31,28,富邦-中壢,2024-03-28,9636
2880,華南金,29,1,28,富邦-中壢,2024-03-28,9636
1714,和桐,27,0,27,富邦-中壢,2024-03-28,9636
00706L,期元大S＆P日圓正2,27,0,27,富邦-中壢,2024-03-28,9636
2890,永豐金,28,1,27,富邦-中壢,2024-03-28,9636
2383,台光電,28,2,26,富邦-中壢,2024-03-28,9636
2641,正德,26,0,26,富邦-中壢,2024-03-28,9636
00719B,元大美債1-3,26,0,26,富邦-中壢,2024-03-28,9636
2314,台揚,28,3,25,富邦-中壢,2024-03-28,9636
3005,神基,87,62,25,富邦-中壢,2024-03-28,9636
5880,合庫金,24,0,24,富邦-中壢,2024-03-28,9636
5284,jpp-KY,31,7,24,富邦-中壢,2024-03-28,9636
4909,新復興,31,10,21,富邦-中壢,2024-03-28,9636
6176,瑞儀,32,11,21,富邦-中壢,2024-03-28,9636
1612,宏泰,45,24,21,富邦-中壢,2024-03-28,9636
00650L,復華香港正2,20,0,20,富邦-中壢,2024-03-28,9636
4999,鑫禾,20,0,20,富邦-中壢,2024-03-28,9636
2427,三商電,20,0,20,富邦-中壢,2024-03-28,9636
1516,川飛,20,0,20,富邦-中壢,2024-03-28,9636
9105,泰金寶-DR,238,20,218,富邦-中壢,2024-03-29,9636
2317,鴻海,296,132,164,富邦-中壢,2024-03-29,9636
00939,統一台灣高息動能,202,45,157,富邦-中壢,2024-03-29,9636
00919,群益台灣精選高息,226,118,108,富邦-中壢,2024-03-29,9636
6005,群益證,101,0,101,富邦-中壢,2024-03-29,9636
2102,泰豐,100,0,100,富邦-中壢,2024-03-29,9636
2324,仁寶,118,18,100,富邦-中壢,2024-03-29,9636
00857B,永豐20年美公債,74,0,74,富邦-中壢,2024-03-29,9636
00665L,富邦�琤肭磪囓�2,77,5,72,富邦-中壢,2024-03-29,9636
00706L,期元大S＆P日圓正2,55,0,55,富邦-中壢,2024-03-29,9636
8930,青鋼,51,0,51,富邦-中壢,2024-03-29,9636
3013,晟銘電,348,297,51,富邦-中壢,2024-03-29,9636
5309,系統電,61,11,50,富邦-中壢,2024-03-29,9636
2535,達欣工,46,0,46,富邦-中壢,2024-03-29,9636
1305,華夏,45,1,44,富邦-中壢,2024-03-29,9636
2354,鴻準,98,55,43,富邦-中壢,2024-03-29,9636
00725B,國泰投資級公司債,51,10,41,富邦-中壢,2024-03-29,9636
2610,華航,46,8,38,富邦-中壢,2024-03-29,9636
00753L,中信中國50正2,36,0,36,富邦-中壢,2024-03-29,9636
2328,廣宇,51,17,34,富邦-中壢,2024-03-29,9636
00915,凱基優選高股息30,36,3,33,富邦-中壢,2024-03-29,9636
8092,建暐,32,0,32,富邦-中壢,2024-03-29,9636
00673R,期元大S＆P原油反1,31,0,31,富邦-中壢,2024-03-29,9636
3707,漢磊,36,5,31,富邦-中壢,2024-03-29,9636
6443,元晶,36,5,31,富邦-中壢,2024-03-29,9636
2392,正崴,47,17,30,富邦-中壢,2024-03-29,9636
5355,佳總,30,0,30,富邦-中壢,2024-03-29,9636
2302,麗正,30,0,30,富邦-中壢,2024-03-29,9636
00887,永豐中國科技50大,28,0,28,富邦-中壢,2024-03-29,9636
4543,萬在,28,1,27,富邦-中壢,2024-03-29,9636
00909,國泰數位支付服務,26,0,26,富邦-中壢,2024-03-29,9636
3498,陽程,44,18,26,富邦-中壢,2024-03-29,9636
00795B,中信美國公債20年,41,15,26,富邦-中壢,2024-03-29,9636
6414,樺漢,74,49,25,富邦-中壢,2024-03-29,9636
00927,群益半導體收益,26,1,25,富邦-中壢,2024-03-29,9636
4105,東洋,25,0,25,富邦-中壢,2024-03-29,9636
00676R,富邦臺灣加權反1,24,0,24,富邦-中壢,2024-03-29,9636
6126,信音,51,28,23,富邦-中壢,2024-03-29,9636
00929,復華台灣科技優息,152,129,23,富邦-中壢,2024-03-29,9636
1789,神隆,22,0,22,富邦-中壢,2024-03-29,9636
6120,達運,34,12,22,富邦-中壢,2024-03-29,9636
2359,所羅門,24,3,21,富邦-中壢,2024-03-29,9636
5515,建國,22,1,21,富邦-中壢,2024-03-29,9636
00679B,元大美債20年,51,30,21,富邦-中壢,2024-03-29,9636
00882,中信中國高股息,19,0,19,富邦-中壢,2024-03-29,9636
1316,上曜,26,7,19,富邦-中壢,2024-03-29,9636
1314,中石化,21,2,19,富邦-中壢,2024-03-29,9636
6191,精成科,24,6,18,富邦-中壢,2024-03-29,9636
1504,東元,74,56,18,富邦-中壢,2024-03-29,9636
6125,廣運,51,34,17,富邦-中壢,2024-03-29,9636
00940,元大台灣價值高息,4710,489,4221,富邦-中壢,2024-04-01,9636
00939,統一台灣高息動能,303,62,241,富邦-中壢,2024-04-01,9636
2834,臺企銀,278,54,224,富邦-中壢,2024-04-01,9636
00937B,群益ESG投等債20,263,42,221,富邦-中壢,2024-04-01,9636
00919,群益台灣精選高息,335,120,215,富邦-中壢,2024-04-01,9636
3231,緯創,353,169,184,富邦-中壢,2024-04-01,9636
5469,瀚宇博,117,3,114,富邦-中壢,2024-04-01,9636
00941,中信上游半導體,79,4,75,富邦-中壢,2024-04-01,9636
00708L,期元大S＆P黃金正2,70,0,70,富邦-中壢,2024-04-01,9636
00687B,國泰20年美債,84,16,68,富邦-中壢,2024-04-01,9636
2891,中信金,102,45,57,富邦-中壢,2024-04-01,9636
2603,長榮,81,26,55,富邦-中壢,2024-04-01,9636
2356,英業達,96,42,54,富邦-中壢,2024-04-01,9636
3035,智原,54,2,52,富邦-中壢,2024-04-01,9636
1504,東元,59,9,50,富邦-中壢,2024-04-01,9636
2352,佳世達,48,0,48,富邦-中壢,2024-04-01,9636
2888,新光金,65,18,47,富邦-中壢,2024-04-01,9636
00679B,元大美債20年,77,34,43,富邦-中壢,2024-04-01,9636
00688L,國泰20年美債正2,44,2,42,富邦-中壢,2024-04-01,9636
2442,新美齊,40,0,40,富邦-中壢,2024-04-01,9636
2882,國泰金,54,14,40,富邦-中壢,2024-04-01,9636
00673R,期元大S＆P原油反1,38,0,38,富邦-中壢,2024-04-01,9636
3711,日月光投控,39,1,38,富邦-中壢,2024-04-01,9636
6219,富旺,50,13,37,富邦-中壢,2024-04-01,9636
3062,建漢,38,4,34,富邦-中壢,2024-04-01,9636
0056,元大高股息,49,16,33,富邦-中壢,2024-04-01,9636
00751B,元大AAA至A公司債,32,0,32,富邦-中壢,2024-04-01,9636
8103,瀚荃,31,0,31,富邦-中壢,2024-04-01,9636
4513,福裕,32,1,31,富邦-中壢,2024-04-01,9636
00936,台新永續高息中小,30,0,30,富邦-中壢,2024-04-01,9636
00915,凱基優選高股息30,33,4,29,富邦-中壢,2024-04-01,9636
00918,大華優利高填息30,33,7,26,富邦-中壢,2024-04-01,9636
6126,信音,48,23,25,富邦-中壢,2024-04-01,9636
2501,國建,28,3,25,富邦-中壢,2024-04-01,9636
6127,九豪,25,0,25,富邦-中壢,2024-04-01,9636
2353,宏��,43,18,25,富邦-中壢,2024-04-01,9636
2449,京元電子,44,20,24,富邦-中壢,2024-04-01,9636
4938,和碩,57,34,23,富邦-中壢,2024-04-01,9636
1582,信錦,25,2,23,富邦-中壢,2024-04-01,9636
00921,兆豐龍頭等權重,23,0,23,富邦-中壢,2024-04-01,9636
1587,吉茂,63,40,23,富邦-中壢,2024-04-01,9636
2301,光寶科,28,5,23,富邦-中壢,2024-04-01,9636
3498,陽程,28,7,21,富邦-中壢,2024-04-01,9636
00706L,期元大S＆P日圓正2,31,10,21,富邦-中壢,2024-04-01,9636
3481,群創,48,28,20,富邦-中壢,2024-04-01,9636
5876,上海商銀,22,2,20,富邦-中壢,2024-04-01,9636
1513,中興電,45,25,20,富邦-中壢,2024-04-01,9636
8070,長華*,21,1,20,富邦-中壢,2024-04-01,9636
5009,榮剛,20,1,19,富邦-中壢,2024-04-01,9636
3024,憶聲,22,3,19,富邦-中壢,2024-04-01,9636
00940,元大台灣價值高息,1491,85,1406,富邦-中壢,2024-04-02,9636
00929,復華台灣科技優息,680,188,492,富邦-中壢,2024-04-02,9636
00937B,群益ESG投等債20,437,35,402,富邦-中壢,2024-04-02,9636
00632R,元大台灣50反1,314,51,263,富邦-中壢,2024-04-02,9636
00688L,國泰20年美債正2,252,0,252,富邦-中壢,2024-04-02,9636
2371,大同,421,170,251,富邦-中壢,2024-04-02,9636
00687B,國泰20年美債,217,12,205,富邦-中壢,2024-04-02,9636
00680L,元大美債20正2,225,40,185,富邦-中壢,2024-04-02,9636
00679B,元大美債20年,179,0,179,富邦-中壢,2024-04-02,9636
00933B,國泰10Y+金融債,174,0,174,富邦-中壢,2024-04-02,9636
00720B,元大投資級公司債,146,0,146,富邦-中壢,2024-04-02,9636
3062,建漢,148,6,142,富邦-中壢,2024-04-02,9636
2834,臺企銀,179,75,104,富邦-中壢,2024-04-02,9636
2610,華航,112,14,98,富邦-中壢,2024-04-02,9636
00637L,元大滬深300正2,148,53,95,富邦-中壢,2024-04-02,9636
6189,豐藝,121,39,82,富邦-中壢,2024-04-02,9636
00772B,中信高評級公司債,89,15,74,富邦-中壢,2024-04-02,9636
2368,金像電,87,13,74,富邦-中壢,2024-04-02,9636
00751B,元大AAA至A公司債,68,0,68,富邦-中壢,2024-04-02,9636
00673R,期元大S＆P原油反1,62,0,62,富邦-中壢,2024-04-02,9636
1815,富喬,79,18,61,富邦-中壢,2024-04-02,9636
2327,國巨,66,7,59,富邦-中壢,2024-04-02,9636
00882,中信中國高股息,61,3,58,富邦-中壢,2024-04-02,9636
00733,富邦臺灣中小,78,22,56,富邦-中壢,2024-04-02,9636
2344,華邦電,163,110,53,富邦-中壢,2024-04-02,9636
9945,潤泰新,56,5,51,富邦-中壢,2024-04-02,9636
8092,建暐,60,11,49,富邦-中壢,2024-04-02,9636
4513,福裕,55,7,48,富邦-中壢,2024-04-02,9636
00939,統一台灣高息動能,91,44,47,富邦-中壢,2024-04-02,9636
3576,聯合再生,45,1,44,富邦-中壢,2024-04-02,9636
2442,新美齊,40,0,40,富邦-中壢,2024-04-02,9636
2324,仁寶,43,6,37,富邦-中壢,2024-04-02,9636
1725,元禎,41,8,33,富邦-中壢,2024-04-02,9636
2354,鴻準,104,71,33,富邦-中壢,2024-04-02,9636
1609,大亞,62,30,32,富邦-中壢,2024-04-02,9636
2301,光寶科,45,13,32,富邦-中壢,2024-04-02,9636
00633L,富邦上証正2,70,40,30,富邦-中壢,2024-04-02,9636
2104,國際中橡,30,0,30,富邦-中壢,2024-04-02,9636
5525,順天,27,0,27,富邦-中壢,2024-04-02,9636
2348,海悅,27,0,27,富邦-中壢,2024-04-02,9636
2367,燿華,84,58,26,富邦-中壢,2024-04-02,9636
2603,長榮,58,33,25,富邦-中壢,2024-04-02,9636
1808,潤隆,26,1,25,富邦-中壢,2024-04-02,9636
5392,能率,26,1,25,富邦-中壢,2024-04-02,9636
1560,中砂,53,29,24,富邦-中壢,2024-04-02,9636
8064,東捷,45,22,23,富邦-中壢,2024-04-02,9636
3024,憶聲,25,3,22,富邦-中壢,2024-04-02,9636
1313,聯成,51,30,21,富邦-中壢,2024-04-02,9636
8926,台汽電,29,8,21,富邦-中壢,2024-04-02,9636
6770,力積電,25,5,20,富邦-中壢,2024-04-02,9636
00940,元大台灣價值高息,1771,528,1243,富邦-中壢,2024-04-03,9636
00937B,群益ESG投等債20,744,30,714,富邦-中壢,2024-04-03,9636
00929,復華台灣科技優息,407,33,374,富邦-中壢,2024-04-03,9636
00688L,國泰20年美債正2,327,10,317,富邦-中壢,2024-04-03,9636
2834,臺企銀,308,3,305,富邦-中壢,2024-04-03,9636
00687B,國泰20年美債,287,74,213,富邦-中壢,2024-04-03,9636
00927,群益半導體收益,183,10,173,富邦-中壢,2024-04-03,9636
00680L,元大美債20正2,177,10,167,富邦-中壢,2024-04-03,9636
00679B,元大美債20年,173,19,154,富邦-中壢,2024-04-03,9636
6016,康和證,151,0,151,富邦-中壢,2024-04-03,9636
00720B,元大投資級公司債,138,7,131,富邦-中壢,2024-04-03,9636
5309,系統電,125,0,125,富邦-中壢,2024-04-03,9636
00632R,元大台灣50反1,220,115,105,富邦-中壢,2024-04-03,9636
00941,中信上游半導體,115,13,102,富邦-中壢,2024-04-03,9636
2812,台中銀,101,1,100,富邦-中壢,2024-04-03,9636
2102,泰豐,100,0,100,富邦-中壢,2024-04-03,9636
9904,寶成,118,19,99,富邦-中壢,2024-04-03,9636
9105,泰金寶-DR,100,7,93,富邦-中壢,2024-04-03,9636
2371,大同,113,24,89,富邦-中壢,2024-04-03,9636
00919,群益台灣精選高息,412,327,85,富邦-中壢,2024-04-03,9636
00665L,富邦�琤肭磪囓�2,82,0,82,富邦-中壢,2024-04-03,9636
0056,元大高股息,93,14,79,富邦-中壢,2024-04-03,9636
6414,樺漢,84,10,74,富邦-中壢,2024-04-03,9636
2881,富邦金,73,5,68,富邦-中壢,2024-04-03,9636
2002,中鋼,105,39,66,富邦-中壢,2024-04-03,9636
5443,均豪,167,105,62,富邦-中壢,2024-04-03,9636
2882,國泰金,75,18,57,富邦-中壢,2024-04-03,9636
1605,華新,89,33,56,富邦-中壢,2024-04-03,9636
2409,友達,66,12,54,富邦-中壢,2024-04-03,9636
2353,宏��,60,6,54,富邦-中壢,2024-04-03,9636
2317,鴻海,106,55,51,富邦-中壢,2024-04-03,9636
00878,國泰永續高股息,91,41,50,富邦-中壢,2024-04-03,9636
8096,擎亞,84,35,49,富邦-中壢,2024-04-03,9636
00882,中信中國高股息,82,34,48,富邦-中壢,2024-04-03,9636
00724B,群益投資級金融債,53,5,48,富邦-中壢,2024-04-03,9636
00795B,中信美國公債20年,45,0,45,富邦-中壢,2024-04-03,9636
2884,玉山金,61,19,42,富邦-中壢,2024-04-03,9636
6806,森崴能源,44,3,41,富邦-中壢,2024-04-03,9636
00918,大華優利高填息30,47,7,40,富邦-中壢,2024-04-03,9636
2301,光寶科,60,21,39,富邦-中壢,2024-04-03,9636
9945,潤泰新,41,2,39,富邦-中壢,2024-04-03,9636
3481,群創,192,154,38,富邦-中壢,2024-04-03,9636
1711,永光,41,3,38,富邦-中壢,2024-04-03,9636
2442,新美齊,38,0,38,富邦-中壢,2024-04-03,9636
8064,東捷,107,70,37,富邦-中壢,2024-04-03,9636
00900,富邦特選高股息30,40,6,34,富邦-中壢,2024-04-03,9636
1101,台泥,85,53,32,富邦-中壢,2024-04-03,9636
2354,鴻準,57,26,31,富邦-中壢,2024-04-03,9636
00857B,永豐20年美公債,30,0,30,富邦-中壢,2024-04-03,9636
6182,合晶,31,1,30,富邦-中壢,2024-04-03,9636
00940,元大台灣價值高息,964,148,816,富邦-中壢,2024-04-08,9636
00937B,群益ESG投等債20,443,19,424,富邦-中壢,2024-04-08,9636
00929,復華台灣科技優息,407,2,405,富邦-中壢,2024-04-08,9636
00679B,元大美債20年,323,60,263,富邦-中壢,2024-04-08,9636
00688L,國泰20年美債正2,230,0,230,富邦-中壢,2024-04-08,9636
6120,達運,380,201,179,富邦-中壢,2024-04-08,9636
00712,復華富時不動產,268,116,152,富邦-中壢,2024-04-08,9636
00680L,元大美債20正2,170,30,140,富邦-中壢,2024-04-08,9636
00927,群益半導體收益,110,5,105,富邦-中壢,2024-04-08,9636
00933B,國泰10Y+金融債,110,7,103,富邦-中壢,2024-04-08,9636
00939,統一台灣高息動能,178,79,99,富邦-中壢,2024-04-08,9636
5309,系統電,96,0,96,富邦-中壢,2024-04-08,9636
2618,長榮航,101,12,89,富邦-中壢,2024-04-08,9636
00673R,期元大S＆P原油反1,86,0,86,富邦-中壢,2024-04-08,9636
4533,協易機,103,17,86,富邦-中壢,2024-04-08,9636
2356,英業達,92,13,79,富邦-中壢,2024-04-08,9636
00941,中信上游半導體,94,15,79,富邦-中壢,2024-04-08,9636
2376,技嘉,136,57,79,富邦-中壢,2024-04-08,9636
00795B,中信美國公債20年,96,20,76,富邦-中壢,2024-04-08,9636
3036,文曄,80,6,74,富邦-中壢,2024-04-08,9636
6016,康和證,142,70,72,富邦-中壢,2024-04-08,9636
00720B,元大投資級公司債,74,4,70,富邦-中壢,2024-04-08,9636
2317,鴻海,98,32,66,富邦-中壢,2024-04-08,9636
00882,中信中國高股息,79,15,64,富邦-中壢,2024-04-08,9636
6127,九豪,73,17,56,富邦-中壢,2024-04-08,9636
00665L,富邦�琤肭磪囓�2,163,112,51,富邦-中壢,2024-04-08,9636
00633L,富邦上証正2,50,0,50,富邦-中壢,2024-04-08,9636
00753L,中信中國50正2,89,39,50,富邦-中壢,2024-04-08,9636
00632R,元大台灣50反1,75,27,48,富邦-中壢,2024-04-08,9636
00751B,元大AAA至A公司債,48,0,48,富邦-中壢,2024-04-08,9636
1603,華電,53,7,46,富邦-中壢,2024-04-08,9636
6609,瀧澤科,41,0,41,富邦-中壢,2024-04-08,9636
3706,神達,45,6,39,富邦-中壢,2024-04-08,9636
4716,大立,52,14,38,富邦-中壢,2024-04-08,9636
2382,廣達,69,31,38,富邦-中壢,2024-04-08,9636
00733,富邦臺灣中小,37,0,37,富邦-中壢,2024-04-08,9636
2371,大同,137,101,36,富邦-中壢,2024-04-08,9636
00909,國泰數位支付服務,36,0,36,富邦-中壢,2024-04-08,9636
8092,建暐,59,25,34,富邦-中壢,2024-04-08,9636
6219,富旺,32,0,32,富邦-中壢,2024-04-08,9636
2537,聯上發,36,6,30,富邦-中壢,2024-04-08,9636
2504,國產,44,15,29,富邦-中壢,2024-04-08,9636
2838,聯邦銀,28,1,27,富邦-中壢,2024-04-08,9636
9105,泰金寶-DR,32,5,27,富邦-中壢,2024-04-08,9636
6190,萬泰科,31,6,25,富邦-中壢,2024-04-08,9636
2374,佳能,82,59,23,富邦-中壢,2024-04-08,9636
00706L,期元大S＆P日圓正2,23,0,23,富邦-中壢,2024-04-08,9636
2801,彰銀,31,9,22,富邦-中壢,2024-04-08,9636
00763U,期街口道瓊銅,22,0,22,富邦-中壢,2024-04-08,9636
8103,瀚荃,22,0,22,富邦-中壢,2024-04-08,9636
00937B,群益ESG投等債20,736,57,679,富邦-中壢,2024-04-09,9636
00632R,元大台灣50反1,617,91,526,富邦-中壢,2024-04-09,9636
00929,復華台灣科技優息,231,46,185,富邦-中壢,2024-04-09,9636
3231,緯創,319,162,157,富邦-中壢,2024-04-09,9636
8112,至上,165,48,117,富邦-中壢,2024-04-09,9636
1316,上曜,129,26,103,富邦-中壢,2024-04-09,9636
00753L,中信中國50正2,106,21,85,富邦-中壢,2024-04-09,9636
00939,統一台灣高息動能,131,48,83,富邦-中壢,2024-04-09,9636
00919,群益台灣精選高息,138,65,73,富邦-中壢,2024-04-09,9636
00679B,元大美債20年,110,42,68,富邦-中壢,2024-04-09,9636
6548,長科*,66,3,63,富邦-中壢,2024-04-09,9636
00673R,期元大S＆P原油反1,60,0,60,富邦-中壢,2024-04-09,9636
1326,台化,60,5,55,富邦-中壢,2024-04-09,9636
3481,群創,150,95,55,富邦-中壢,2024-04-09,9636
00676R,富邦臺灣加權反1,52,0,52,富邦-中壢,2024-04-09,9636
4513,福裕,53,2,51,富邦-中壢,2024-04-09,9636
2501,國建,61,10,51,富邦-中壢,2024-04-09,9636
00688L,國泰20年美債正2,50,0,50,富邦-中壢,2024-04-09,9636
2867,三商壽,50,1,49,富邦-中壢,2024-04-09,9636
2365,昆盈,98,52,46,富邦-中壢,2024-04-09,9636
00712,復華富時不動產,58,14,44,富邦-中壢,2024-04-09,9636
2486,一詮,350,308,42,富邦-中壢,2024-04-09,9636
2834,臺企銀,120,79,41,富邦-中壢,2024-04-09,9636
3294,英濟,158,118,40,富邦-中壢,2024-04-09,9636
4716,大立,71,32,39,富邦-中壢,2024-04-09,9636
4958,臻鼎-KY,42,4,38,富邦-中壢,2024-04-09,9636
912000,晨訊科-DR,46,10,36,富邦-中壢,2024-04-09,9636
2402,毅嘉,70,36,34,富邦-中壢,2024-04-09,9636
00664R,國泰臺灣加權反1,32,0,32,富邦-中壢,2024-04-09,9636
4532,瑞智,38,6,32,富邦-中壢,2024-04-09,9636
00637L,元大滬深300正2,52,20,32,富邦-中壢,2024-04-09,9636
4714,永捷,36,4,32,富邦-中壢,2024-04-09,9636
2515,中工,132,101,31,富邦-中壢,2024-04-09,9636
00733,富邦臺灣中小,31,0,31,富邦-中壢,2024-04-09,9636
2356,英業達,65,35,30,富邦-中壢,2024-04-09,9636
3207,耀勝,30,0,30,富邦-中壢,2024-04-09,9636
5469,瀚宇博,29,0,29,富邦-中壢,2024-04-09,9636
3260,威剛,90,62,28,富邦-中壢,2024-04-09,9636
6015,宏遠證,41,14,27,富邦-中壢,2024-04-09,9636
2303,聯電,114,87,27,富邦-中壢,2024-04-09,9636
6163,華電網,28,2,26,富邦-中壢,2024-04-09,9636
6188,廣明,148,122,26,富邦-中壢,2024-04-09,9636
1785,光洋科,40,15,25,富邦-中壢,2024-04-09,9636
6126,信音,28,3,25,富邦-中壢,2024-04-09,9636
6189,豐藝,57,33,24,富邦-中壢,2024-04-09,9636
2313,華通,51,28,23,富邦-中壢,2024-04-09,9636
2329,華泰,43,21,22,富邦-中壢,2024-04-09,9636
3163,波若威,34,12,22,富邦-中壢,2024-04-09,9636
6668,中揚光,32,10,22,富邦-中壢,2024-04-09,9636
00941,中信上游半導體,24,3,21,富邦-中壢,2024-04-09,9636
00937B,群益ESG投等債20,640,30,610,富邦-中壢,2024-04-10,9636
6016,康和證,292,2,290,富邦-中壢,2024-04-10,9636
0055,元大MSCI金融,278,0,278,富邦-中壢,2024-04-10,9636
00940,元大台灣價值高息,366,132,234,富邦-中壢,2024-04-10,9636
00929,復華台灣科技優息,283,55,228,富邦-中壢,2024-04-10,9636
2371,大同,221,76,145,富邦-中壢,2024-04-10,9636
4533,協易機,196,55,141,富邦-中壢,2024-04-10,9636
2515,中工,227,88,139,富邦-中壢,2024-04-10,9636
6538,倉和,132,2,130,富邦-中壢,2024-04-10,9636
6120,達運,135,6,129,富邦-中壢,2024-04-10,9636
3231,緯創,210,94,116,富邦-中壢,2024-04-10,9636
2867,三商壽,115,0,115,富邦-中壢,2024-04-10,9636
00941,中信上游半導體,185,82,103,富邦-中壢,2024-04-10,9636
4716,大立,102,0,102,富邦-中壢,2024-04-10,9636
8933,愛地雅,100,0,100,富邦-中壢,2024-04-10,9636
2102,泰豐,94,0,94,富邦-中壢,2024-04-10,9636
2891,中信金,137,64,73,富邦-中壢,2024-04-10,9636
2374,佳能,84,16,68,富邦-中壢,2024-04-10,9636
1513,中興電,174,106,68,富邦-中壢,2024-04-10,9636
6026,福邦證,70,4,66,富邦-中壢,2024-04-10,9636
3481,群創,254,188,66,富邦-中壢,2024-04-10,9636
2464,盟立,200,138,62,富邦-中壢,2024-04-10,9636
3060,銘異,61,3,58,富邦-中壢,2024-04-10,9636
00919,群益台灣精選高息,99,46,53,富邦-中壢,2024-04-10,9636
6177,達麗,51,1,50,富邦-中壢,2024-04-10,9636
8411,福貞-KY,50,0,50,富邦-中壢,2024-04-10,9636
00933B,國泰10Y+金融債,52,5,47,富邦-中壢,2024-04-10,9636
4967,十銓,67,21,46,富邦-中壢,2024-04-10,9636
2883,凱基金,58,15,43,富邦-中壢,2024-04-10,9636
1608,華榮,159,117,42,富邦-中壢,2024-04-10,9636
00877,復華中國5G,38,0,38,富邦-中壢,2024-04-10,9636
2834,臺企銀,67,32,35,富邦-中壢,2024-04-10,9636
00679B,元大美債20年,67,33,34,富邦-中壢,2024-04-10,9636
6116,彩晶,50,16,34,富邦-中壢,2024-04-10,9636
2511,太子,51,19,32,富邦-中壢,2024-04-10,9636
1516,川飛,30,0,30,富邦-中壢,2024-04-10,9636
2449,京元電子,57,27,30,富邦-中壢,2024-04-10,9636
00888,永豐台灣ESG,30,1,29,富邦-中壢,2024-04-10,9636
2838,聯邦銀,28,0,28,富邦-中壢,2024-04-10,9636
8096,擎亞,130,102,28,富邦-中壢,2024-04-10,9636
00715L,期街口布蘭特正2,32,5,27,富邦-中壢,2024-04-10,9636
5521,工信,31,4,27,富邦-中壢,2024-04-10,9636
4513,福裕,27,0,27,富邦-中壢,2024-04-10,9636
8105,凌巨,26,0,26,富邦-中壢,2024-04-10,9636
2316,楠梓電,30,5,25,富邦-中壢,2024-04-10,9636
4958,臻鼎-KY,30,5,25,富邦-中壢,2024-04-10,9636
9933,中鼎,28,3,25,富邦-中壢,2024-04-10,9636
9904,寶成,25,1,24,富邦-中壢,2024-04-10,9636
6113,亞矽,44,20,24,富邦-中壢,2024-04-10,9636
3014,聯陽,23,0,23,富邦-中壢,2024-04-10,9636
00937B,群益ESG投等債20,983,78,905,富邦-中壢,2024-04-11,9636
00688L,國泰20年美債正2,603,9,594,富邦-中壢,2024-04-11,9636
3481,群創,474,91,383,富邦-中壢,2024-04-11,9636
00940,元大台灣價值高息,596,216,380,富邦-中壢,2024-04-11,9636
00929,復華台灣科技優息,342,32,310,富邦-中壢,2024-04-11,9636
00679B,元大美債20年,422,127,295,富邦-中壢,2024-04-11,9636
00687B,國泰20年美債,356,72,284,富邦-中壢,2024-04-11,9636
3059,華晶科,243,9,234,富邦-中壢,2024-04-11,9636
00680L,元大美債20正2,227,27,200,富邦-中壢,2024-04-11,9636
2883,凱基金,224,40,184,富邦-中壢,2024-04-11,9636
00933B,國泰10Y+金融債,213,35,178,富邦-中壢,2024-04-11,9636
00751B,元大AAA至A公司債,182,7,175,富邦-中壢,2024-04-11,9636
9105,泰金寶-DR,170,10,160,富邦-中壢,2024-04-11,9636
00720B,元大投資級公司債,172,36,136,富邦-中壢,2024-04-11,9636
2867,三商壽,115,0,115,富邦-中壢,2024-04-11,9636
6288,聯嘉,113,1,112,富邦-中壢,2024-04-11,9636
00881,國泰台灣5G+,109,9,100,富邦-中壢,2024-04-11,9636
00919,群益台灣精選高息,139,49,90,富邦-中壢,2024-04-11,9636
2881,富邦金,82,1,81,富邦-中壢,2024-04-11,9636
2317,鴻海,542,466,76,富邦-中壢,2024-04-11,9636
3260,威剛,100,26,74,富邦-中壢,2024-04-11,9636
00633L,富邦上証正2,76,10,66,富邦-中壢,2024-04-11,9636
3372,典範,81,16,65,富邦-中壢,2024-04-11,9636
2892,第一金,63,0,63,富邦-中壢,2024-04-11,9636
2409,友達,73,10,63,富邦-中壢,2024-04-11,9636
2387,精元,62,0,62,富邦-中壢,2024-04-11,9636
4533,協易機,163,102,61,富邦-中壢,2024-04-11,9636
2537,聯上發,173,113,60,富邦-中壢,2024-04-11,9636
2303,聯電,80,20,60,富邦-中壢,2024-04-11,9636
9945,潤泰新,50,1,49,富邦-中壢,2024-04-11,9636
2419,仲琦,49,0,49,富邦-中壢,2024-04-11,9636
00931B,統一美債20年,48,0,48,富邦-中壢,2024-04-11,9636
00665L,富邦�琤肭磪囓�2,131,83,48,富邦-中壢,2024-04-11,9636
0056,元大高股息,66,20,46,富邦-中壢,2024-04-11,9636
1308,亞聚,45,0,45,富邦-中壢,2024-04-11,9636
2025,千興,48,3,45,富邦-中壢,2024-04-11,9636
2354,鴻準,66,23,43,富邦-中壢,2024-04-11,9636
5410,國眾,42,0,42,富邦-中壢,2024-04-11,9636
2330,台積電,59,18,41,富邦-中壢,2024-04-11,9636
00857B,永豐20年美公債,39,0,39,富邦-中壢,2024-04-11,9636
6215,和椿,49,10,39,富邦-中壢,2024-04-11,9636
1809,中釉,42,3,39,富邦-中壢,2024-04-11,9636
00673R,期元大S＆P原油反1,39,0,39,富邦-中壢,2024-04-11,9636
00706L,期元大S＆P日圓正2,38,0,38,富邦-中壢,2024-04-11,9636
5706,鳳凰,64,26,38,富邦-中壢,2024-04-11,9636
6116,彩晶,46,11,35,富邦-中壢,2024-04-11,9636
0052,富邦科技,35,0,35,富邦-中壢,2024-04-11,9636
1514,亞力,202,167,35,富邦-中壢,2024-04-11,9636
00909,國泰數位支付服務,36,2,34,富邦-中壢,2024-04-11,9636
3576,聯合再生,45,11,34,富邦-中壢,2024-04-11,9636
2344,華邦電,637,25,612,富邦-中壢,2024-04-12,9636
00929,復華台灣科技優息,387,59,328,富邦-中壢,2024-04-12,9636
00687B,國泰20年美債,300,14,286,富邦-中壢,2024-04-12,9636
00937B,群益ESG投等債20,259,56,203,富邦-中壢,2024-04-12,9636
00933B,國泰10Y+金融債,215,13,202,富邦-中壢,2024-04-12,9636
00688L,國泰20年美債正2,185,0,185,富邦-中壢,2024-04-12,9636
2353,宏��,269,89,180,富邦-中壢,2024-04-12,9636
2610,華航,215,48,167,富邦-中壢,2024-04-12,9636
00633L,富邦上証正2,152,0,152,富邦-中壢,2024-04-12,9636
3481,群創,177,47,130,富邦-中壢,2024-04-12,9636
2382,廣達,144,15,129,富邦-中壢,2024-04-12,9636
00679B,元大美債20年,150,30,120,富邦-中壢,2024-04-12,9636
00665L,富邦�琤肭磪囓�2,101,1,100,富邦-中壢,2024-04-12,9636
2363,矽統,846,764,82,富邦-中壢,2024-04-12,9636
00753L,中信中國50正2,116,40,76,富邦-中壢,2024-04-12,9636
4960,誠美材,71,0,71,富邦-中壢,2024-04-12,9636
8096,擎亞,153,86,67,富邦-中壢,2024-04-12,9636
2618,長榮航,101,35,66,富邦-中壢,2024-04-12,9636
00680L,元大美債20正2,124,59,65,富邦-中壢,2024-04-12,9636
2409,友達,58,2,56,富邦-中壢,2024-04-12,9636
2882,國泰金,54,1,53,富邦-中壢,2024-04-12,9636
0056,元大高股息,61,9,52,富邦-中壢,2024-04-12,9636
2359,所羅門,56,4,52,富邦-中壢,2024-04-12,9636
3207,耀勝,52,4,48,富邦-中壢,2024-04-12,9636
00751B,元大AAA至A公司債,48,0,48,富邦-中壢,2024-04-12,9636
3060,銘異,143,96,47,富邦-中壢,2024-04-12,9636
3666,光耀,69,26,43,富邦-中壢,2024-04-12,9636
5880,合庫金,41,0,41,富邦-中壢,2024-04-12,9636
1301,台塑,41,0,41,富邦-中壢,2024-04-12,9636
8064,東捷,78,39,39,富邦-中壢,2024-04-12,9636
2881,富邦金,39,2,37,富邦-中壢,2024-04-12,9636
2887,台新金,38,0,38,富邦-中壢,2024-04-12,9636
00878,國泰永續高股息,104,67,37,富邦-中壢,2024-04-12,9636
00720B,元大投資級公司債,41,5,36,富邦-中壢,2024-04-12,9636
00795B,中信美國公債20年,34,0,34,富邦-中壢,2024-04-12,9636
2340,台亞,45,13,32,富邦-中壢,2024-04-12,9636
2892,第一金,30,0,30,富邦-中壢,2024-04-12,9636
3264,欣銓,28,0,28,富邦-中壢,2024-04-12,9636
00857B,永豐20年美公債,28,0,28,富邦-中壢,2024-04-12,9636
2301,光寶科,28,1,27,富邦-中壢,2024-04-12,9636
2356,英業達,42,15,27,富邦-中壢,2024-04-12,9636
2337,旺宏,28,1,27,富邦-中壢,2024-04-12,9636
2303,聯電,59,32,27,富邦-中壢,2024-04-12,9636
2838,聯邦銀,26,0,26,富邦-中壢,2024-04-12,9636
6120,達運,43,18,25,富邦-中壢,2024-04-12,9636
00891,中信關鍵半導體,25,0,25,富邦-中壢,2024-04-12,9636
5443,均豪,30,6,24,富邦-中壢,2024-04-12,9636
00931B,統一美債20年,36,12,24,富邦-中壢,2024-04-12,9636
3707,漢磊,38,15,23,富邦-中壢,2024-04-12,9636
2330,台積電,51,28,23,富邦-中壢,2024-04-12,9636
00929,復華台灣科技優息,852,39,813,富邦-中壢,2024-04-15,9636
00940,元大台灣價值高息,720,127,593,富邦-中壢,2024-04-15,9636
00937B,群益ESG投等債20,598,267,331,富邦-中壢,2024-04-15,9636
2883,凱基金,265,35,230,富邦-中壢,2024-04-15,9636
2371,大同,439,259,180,富邦-中壢,2024-04-15,9636
2388,威盛,244,68,176,富邦-中壢,2024-04-15,9636
2331,精英,160,3,157,富邦-中壢,2024-04-15,9636
0056,元大高股息,174,26,148,富邦-中壢,2024-04-15,9636
00715L,期街口布蘭特正2,152,17,135,富邦-中壢,2024-04-15,9636
00878,國泰永續高股息,163,36,127,富邦-中壢,2024-04-15,9636
00664R,國泰臺灣加權反1,121,0,121,富邦-中壢,2024-04-15,9636
00671R,富邦NASDAQ反1,120,0,120,富邦-中壢,2024-04-15,9636
2344,華邦電,134,28,106,富邦-中壢,2024-04-15,9636
2105,正新,103,2,101,富邦-中壢,2024-04-15,9636
1504,東元,194,93,101,富邦-中壢,2024-04-15,9636
00669R,國泰美國道瓊反1,100,0,100,富邦-中壢,2024-04-15,9636
3481,群創,200,100,100,富邦-中壢,2024-04-15,9636
2610,華航,122,26,96,富邦-中壢,2024-04-15,9636
00753L,中信中國50正2,164,70,94,富邦-中壢,2024-04-15,9636
2501,國建,96,3,93,富邦-中壢,2024-04-15,9636
1513,中興電,315,224,91,富邦-中壢,2024-04-15,9636
2317,鴻海,129,39,90,富邦-中壢,2024-04-15,9636
1605,華新,196,108,88,富邦-中壢,2024-04-15,9636
00939,統一台灣高息動能,234,151,83,富邦-中壢,2024-04-15,9636
00688L,國泰20年美債正2,83,0,83,富邦-中壢,2024-04-15,9636
2009,第一銅,135,57,78,富邦-中壢,2024-04-15,9636
2303,聯電,624,546,78,富邦-中壢,2024-04-15,9636
2867,三商壽,311,236,75,富邦-中壢,2024-04-15,9636
1314,中石化,76,5,71,富邦-中壢,2024-04-15,9636
2367,燿華,147,78,69,富邦-中壢,2024-04-15,9636
1608,華榮,138,71,67,富邦-中壢,2024-04-15,9636
00679B,元大美債20年,93,30,63,富邦-中壢,2024-04-15,9636
2618,長榮航,88,26,62,富邦-中壢,2024-04-15,9636
00919,群益台灣精選高息,153,94,59,富邦-中壢,2024-04-15,9636
00857B,永豐20年美公債,62,4,58,富邦-中壢,2024-04-15,9636
00927,群益半導體收益,101,45,56,富邦-中壢,2024-04-15,9636
00909,國泰數位支付服務,57,1,56,富邦-中壢,2024-04-15,9636
3059,華晶科,81,25,56,富邦-中壢,2024-04-15,9636
00733,富邦臺灣中小,56,1,55,富邦-中壢,2024-04-15,9636
3710,連展投控,50,1,49,富邦-中壢,2024-04-15,9636
3231,緯創,98,50,48,富邦-中壢,2024-04-15,9636
2836,高雄銀,47,0,47,富邦-中壢,2024-04-15,9636
8092,建暐,45,0,45,富邦-中壢,2024-04-15,9636
3037,欣興,56,11,45,富邦-中壢,2024-04-15,9636
2368,金像電,49,5,44,富邦-中壢,2024-04-15,9636
00795B,中信美國公債20年,41,0,41,富邦-中壢,2024-04-15,9636
00720B,元大投資級公司債,43,3,40,富邦-中壢,2024-04-15,9636
2537,聯上發,42,3,39,富邦-中壢,2024-04-15,9636
00772B,中信高評級公司債,38,0,38,富邦-中壢,2024-04-15,9636
00632R,元大台灣50反1,61,25,36,富邦-中壢,2024-04-15,9636
00940,元大台灣價值高息,2116,358,1758,富邦-中壢,2024-04-16,9636
00937B,群益ESG投等債20,1253,193,1060,富邦-中壢,2024-04-16,9636
00929,復華台灣科技優息,1203,229,974,富邦-中壢,2024-04-16,9636
00918,大華優利高填息30,489,35,454,富邦-中壢,2024-04-16,9636
00939,統一台灣高息動能,396,42,354,富邦-中壢,2024-04-16,9636
2888,新光金,280,25,255,富邦-中壢,2024-04-16,9636
00878,國泰永續高股息,504,274,230,富邦-中壢,2024-04-16,9636
1609,大亞,438,268,170,富邦-中壢,2024-04-16,9636
2884,玉山金,223,56,167,富邦-中壢,2024-04-16,9636
0056,元大高股息,320,161,159,富邦-中壢,2024-04-16,9636
00919,群益台灣精選高息,806,653,153,富邦-中壢,2024-04-16,9636
2371,大同,365,225,140,富邦-中壢,2024-04-16,9636
2610,華航,171,35,136,富邦-中壢,2024-04-16,9636
2344,華邦電,187,52,135,富邦-中壢,2024-04-16,9636
5434,崇越,137,6,131,富邦-中壢,2024-04-16,9636
2303,聯電,146,18,128,富邦-中壢,2024-04-16,9636
2834,臺企銀,166,39,127,富邦-中壢,2024-04-16,9636
3013,晟銘電,152,27,125,富邦-中壢,2024-04-16,9636
2867,三商壽,363,240,123,富邦-中壢,2024-04-16,9636
00641R,富邦日本反1,120,0,120,富邦-中壢,2024-04-16,9636
2405,輔信,112,1,111,富邦-中壢,2024-04-16,9636
5880,合庫金,117,6,111,富邦-中壢,2024-04-16,9636
2442,新美齊,110,2,108,富邦-中壢,2024-04-16,9636
9945,潤泰新,94,1,93,富邦-中壢,2024-04-16,9636
00720B,元大投資級公司債,132,42,90,富邦-中壢,2024-04-16,9636
2881,富邦金,88,7,81,富邦-中壢,2024-04-16,9636
3481,群創,212,131,81,富邦-中壢,2024-04-16,9636
2367,燿華,155,75,80,富邦-中壢,2024-04-16,9636
00927,群益半導體收益,77,0,77,富邦-中壢,2024-04-16,9636
00712,復華富時不動產,88,12,76,富邦-中壢,2024-04-16,9636
2812,台中銀,83,9,74,富邦-中壢,2024-04-16,9636
2356,英業達,127,56,71,富邦-中壢,2024-04-16,9636
9904,寶成,89,19,70,富邦-中壢,2024-04-16,9636
00687B,國泰20年美債,169,99,70,富邦-中壢,2024-04-16,9636
00715L,期街口布蘭特正2,96,30,66,富邦-中壢,2024-04-16,9636
00751B,元大AAA至A公司債,67,1,66,富邦-中壢,2024-04-16,9636
00733,富邦臺灣中小,80,14,66,富邦-中壢,2024-04-16,9636
2330,台積電,97,39,58,富邦-中壢,2024-04-16,9636
00941,中信上游半導體,197,139,58,富邦-中壢,2024-04-16,9636
00923,群益台ESG低碳50,61,3,58,富邦-中壢,2024-04-16,9636
2201,裕隆,62,8,54,富邦-中壢,2024-04-16,9636
1617,榮星,71,18,53,富邦-中壢,2024-04-16,9636
2308,台達電,56,4,52,富邦-中壢,2024-04-16,9636
2891,中信金,95,44,51,富邦-中壢,2024-04-16,9636
3705,永信,51,0,51,富邦-中壢,2024-04-16,9636
1605,華新,118,67,51,富邦-中壢,2024-04-16,9636
2882,國泰金,77,27,50,富邦-中壢,2024-04-16,9636
2002,中鋼,70,23,47,富邦-中壢,2024-04-16,9636
00909,國泰數位支付服務,49,2,47,富邦-中壢,2024-04-16,9636
2007,燁興,46,1,45,富邦-中壢,2024-04-16,9636
00929,復華台灣科技優息,745,82,663,富邦-中壢,2024-04-17,9636
00632R,元大台灣50反1,533,16,517,富邦-中壢,2024-04-17,9636
00940,元大台灣價值高息,674,277,397,富邦-中壢,2024-04-17,9636
00937B,群益ESG投等債20,955,600,355,富邦-中壢,2024-04-17,9636
0056,元大高股息,337,12,325,富邦-中壢,2024-04-17,9636
00665L,富邦�琤肭磪囓�2,226,16,210,富邦-中壢,2024-04-17,9636
00712,復華富時不動產,198,0,198,富邦-中壢,2024-04-17,9636
00878,國泰永續高股息,215,53,162,富邦-中壢,2024-04-17,9636
3231,緯創,294,142,152,富邦-中壢,2024-04-17,9636
00918,大華優利高填息30,133,4,129,富邦-中壢,2024-04-17,9636
2618,長榮航,139,12,127,富邦-中壢,2024-04-17,9636
2834,臺企銀,142,19,123,富邦-中壢,2024-04-17,9636
00687B,國泰20年美債,161,41,120,富邦-中壢,2024-04-17,9636
00637L,元大滬深300正2,118,0,118,富邦-中壢,2024-04-17,9636
00679B,元大美債20年,179,62,117,富邦-中壢,2024-04-17,9636
00753L,中信中國50正2,143,40,103,富邦-中壢,2024-04-17,9636
00857B,永豐20年美公債,103,0,103,富邦-中壢,2024-04-17,9636
6770,力積電,129,29,100,富邦-中壢,2024-04-17,9636
2353,宏��,89,15,74,富邦-中壢,2024-04-17,9636
00720B,元大投資級公司債,107,35,72,富邦-中壢,2024-04-17,9636
2408,南亞科,73,1,72,富邦-中壢,2024-04-17,9636
00680L,元大美債20正2,68,2,66,富邦-中壢,2024-04-17,9636
00933B,國泰10Y+金融債,104,43,61,富邦-中壢,2024-04-17,9636
3481,群創,98,38,60,富邦-中壢,2024-04-17,9636
6138,茂達,59,0,59,富邦-中壢,2024-04-17,9636
2852,第一保,58,0,58,富邦-中壢,2024-04-17,9636
1616,億泰,63,8,55,富邦-中壢,2024-04-17,9636
2801,彰銀,54,0,54,富邦-中壢,2024-04-17,9636
00650L,復華香港正2,60,6,54,富邦-中壢,2024-04-17,9636
2303,聯電,85,34,51,富邦-中壢,2024-04-17,9636
00905,FT臺灣Smart,52,2,50,富邦-中壢,2024-04-17,9636
00939,統一台灣高息動能,67,17,50,富邦-中壢,2024-04-17,9636
1617,榮星,123,75,48,富邦-中壢,2024-04-17,9636
6274,台燿,58,12,46,富邦-中壢,2024-04-17,9636
00772B,中信高評級公司債,51,5,46,富邦-中壢,2024-04-17,9636
2882,國泰金,44,1,43,富邦-中壢,2024-04-17,9636
8092,建暐,44,1,43,富邦-中壢,2024-04-17,9636
8358,金居,47,4,43,富邦-中壢,2024-04-17,9636
00751B,元大AAA至A公司債,43,0,43,富邦-中壢,2024-04-17,9636
00919,群益台灣精選高息,136,94,42,富邦-中壢,2024-04-17,9636
00688L,國泰20年美債正2,40,0,40,富邦-中壢,2024-04-17,9636
00715L,期街口布蘭特正2,39,0,39,富邦-中壢,2024-04-17,9636
2344,華邦電,60,21,39,富邦-中壢,2024-04-17,9636
1802,台玻,44,6,38,富邦-中壢,2024-04-17,9636
2002,中鋼,37,0,37,富邦-中壢,2024-04-17,9636
00733,富邦臺灣中小,38,2,36,富邦-中壢,2024-04-17,9636
6873,泓德能源,38,5,33,富邦-中壢,2024-04-17,9636
3260,威剛,37,4,33,富邦-中壢,2024-04-17,9636
2845,遠東銀,31,0,31,富邦-中壢,2024-04-17,9636
00763U,期街口道瓊銅,30,0,30,富邦-中壢,2024-04-17,9636
00940,元大台灣價值高息,417,31,386,富邦-中壢,2024-04-18,9636
2371,大同,639,406,233,富邦-中壢,2024-04-18,9636
00929,復華台灣科技優息,214,18,196,富邦-中壢,2024-04-18,9636
00751B,元大AAA至A公司債,194,1,193,富邦-中壢,2024-04-18,9636
00937B,群益ESG投等債20,174,10,164,富邦-中壢,2024-04-18,9636
0056,元大高股息,161,16,145,富邦-中壢,2024-04-18,9636
00632R,元大台灣50反1,179,41,138,富邦-中壢,2024-04-18,9636
8926,台汽電,115,16,99,富邦-中壢,2024-04-18,9636
2883,凱基金,105,21,84,富邦-中壢,2024-04-18,9636
5525,順天,83,1,82,富邦-中壢,2024-04-18,9636
00919,群益台灣精選高息,149,74,75,富邦-中壢,2024-04-18,9636
2002,中鋼,87,19,68,富邦-中壢,2024-04-18,9636
00733,富邦臺灣中小,62,1,61,富邦-中壢,2024-04-18,9636
00637L,元大滬深300正2,195,139,56,富邦-中壢,2024-04-18,9636
2329,華泰,96,42,54,富邦-中壢,2024-04-18,9636
2501,國建,113,60,53,富邦-中壢,2024-04-18,9636
1513,中興電,240,188,52,富邦-中壢,2024-04-18,9636
3016,嘉晶,66,15,51,富邦-中壢,2024-04-18,9636
00885,富邦越南,73,23,50,富邦-中壢,2024-04-18,9636
2867,三商壽,148,98,50,富邦-中壢,2024-04-18,9636
1314,中石化,81,32,49,富邦-中壢,2024-04-18,9636
2516,新建,48,1,47,富邦-中壢,2024-04-18,9636
00680L,元大美債20正2,44,0,44,富邦-中壢,2024-04-18,9636
00715L,期街口布蘭特正2,58,15,43,富邦-中壢,2024-04-18,9636
2204,中華,41,2,39,富邦-中壢,2024-04-18,9636
00878,國泰永續高股息,59,21,38,富邦-中壢,2024-04-18,9636
3707,漢磊,73,35,38,富邦-中壢,2024-04-18,9636
9933,中鼎,60,22,38,富邦-中壢,2024-04-18,9636
1301,台塑,35,0,35,富邦-中壢,2024-04-18,9636
3339,泰谷,50,15,35,富邦-中壢,2024-04-18,9636
6120,達運,41,6,35,富邦-中壢,2024-04-18,9636
6873,泓德能源,31,0,31,富邦-中壢,2024-04-18,9636
2241,艾姆勒,54,23,31,富邦-中壢,2024-04-18,9636
00712,復華富時不動產,31,1,30,富邦-中壢,2024-04-18,9636
00941,中信上游半導體,253,224,29,富邦-中壢,2024-04-18,9636
6197,佳必琪,29,0,29,富邦-中壢,2024-04-18,9636
5425,台半,29,1,28,富邦-中壢,2024-04-18,9636
1785,光洋科,27,0,27,富邦-中壢,2024-04-18,9636
4142,國光生,36,10,26,富邦-中壢,2024-04-18,9636
2618,長榮航,46,23,23,富邦-中壢,2024-04-18,9636
5009,榮剛,39,18,21,富邦-中壢,2024-04-18,9636
9946,三發地產,21,0,21,富邦-中壢,2024-04-18,9636
00909,國泰數位支付服務,24,4,20,富邦-中壢,2024-04-18,9636
3052,夆典,22,2,20,富邦-中壢,2024-04-18,9636
8011,台通,26,7,19,富邦-中壢,2024-04-18,9636
5381,合正,28,10,18,富邦-中壢,2024-04-18,9636
2382,廣達,31,13,18,富邦-中壢,2024-04-18,9636
2889,國票金,19,1,18,富邦-中壢,2024-04-18,9636
2344,華邦電,30,13,17,富邦-中壢,2024-04-18,9636
2891,中信金,18,1,17,富邦-中壢,2024-04-18,9636
00929,復華台灣科技優息,1698,250,1448,富邦-中壢,2024-04-19,9636
00878,國泰永續高股息,1020,228,792,富邦-中壢,2024-04-19,9636
00940,元大台灣價值高息,1325,732,593,富邦-中壢,2024-04-19,9636
2883,凱基金,441,21,420,富邦-中壢,2024-04-19,9636
00919,群益台灣精選高息,629,237,392,富邦-中壢,2024-04-19,9636
3576,聯合再生,387,1,386,富邦-中壢,2024-04-19,9636
1609,大亞,896,625,271,富邦-中壢,2024-04-19,9636
00939,統一台灣高息動能,340,96,244,富邦-中壢,2024-04-19,9636
00633L,富邦上証正2,231,3,228,富邦-中壢,2024-04-19,9636
00673R,期元大S＆P原油反1,306,89,217,富邦-中壢,2024-04-19,9636
2330,台積電,285,72,213,富邦-中壢,2024-04-19,9636
2838,聯邦銀,210,1,209,富邦-中壢,2024-04-19,9636
2303,聯電,236,35,201,富邦-中壢,2024-04-19,9636
3481,群創,314,142,172,富邦-中壢,2024-04-19,9636
3013,晟銘電,198,37,161,富邦-中壢,2024-04-19,9636
00941,中信上游半導體,301,140,161,富邦-中壢,2024-04-19,9636
2515,中工,417,268,149,富邦-中壢,2024-04-19,9636
2317,鴻海,235,92,143,富邦-中壢,2024-04-19,9636
5512,力麒,240,114,126,富邦-中壢,2024-04-19,9636
00935,野村臺灣新科技50,119,3,116,富邦-中壢,2024-04-19,9636
00688L,國泰20年美債正2,120,7,113,富邦-中壢,2024-04-19,9636
00665L,富邦�琤肭磪囓�2,191,80,111,富邦-中壢,2024-04-19,9636
2881,富邦金,119,16,103,富邦-中壢,2024-04-19,9636
1612,宏泰,173,72,101,富邦-中壢,2024-04-19,9636
1608,華榮,434,338,96,富邦-中壢,2024-04-19,9636
0056,元大高股息,431,346,85,富邦-中壢,2024-04-19,9636
2520,冠德,121,42,79,富邦-中壢,2024-04-19,9636
2356,英業達,132,60,72,富邦-中壢,2024-04-19,9636
00706L,期元大S＆P日圓正2,70,0,70,富邦-中壢,2024-04-19,9636
2834,臺企銀,125,57,68,富邦-中壢,2024-04-19,9636
3105,穩懋,77,11,66,富邦-中壢,2024-04-19,9636
2888,新光金,88,23,65,富邦-中壢,2024-04-19,9636
006208,富邦台50,92,30,62,富邦-中壢,2024-04-19,9636
2845,遠東銀,60,2,58,富邦-中壢,2024-04-19,9636
3014,聯陽,60,3,57,富邦-中壢,2024-04-19,9636
0050,元大台灣50,74,19,55,富邦-中壢,2024-04-19,9636
2359,所羅門,54,1,53,富邦-中壢,2024-04-19,9636
1101,台泥,58,6,52,富邦-中壢,2024-04-19,9636
00751B,元大AAA至A公司債,73,22,51,富邦-中壢,2024-04-19,9636
2812,台中銀,52,1,51,富邦-中壢,2024-04-19,9636
2102,泰豐,50,0,50,富邦-中壢,2024-04-19,9636
2002,中鋼,58,8,50,富邦-中壢,2024-04-19,9636
4157,太景*-KY,77,29,48,富邦-中壢,2024-04-19,9636
00892,富邦台灣半導體,49,2,47,富邦-中壢,2024-04-19,9636
1603,華電,127,80,47,富邦-中壢,2024-04-19,9636
00733,富邦臺灣中小,51,5,46,富邦-中壢,2024-04-19,9636
00923,群益台ESG低碳50,72,28,44,富邦-中壢,2024-04-19,9636
00891,中信關鍵半導體,62,18,44,富邦-中壢,2024-04-19,9636
2887,台新金,52,9,43,富邦-中壢,2024-04-19,9636
2891,中信金,74,31,43,富邦-中壢,2024-04-19,9636
00929,復華台灣科技優息,1060,393,667,富邦-中壢,2024-04-22,9636
00632R,元大台灣50反1,523,16,507,富邦-中壢,2024-04-22,9636
00751B,元大AAA至A公司債,508,3,505,富邦-中壢,2024-04-22,9636
00940,元大台灣價值高息,642,197,445,富邦-中壢,2024-04-22,9636
00919,群益台灣精選高息,477,198,279,富邦-中壢,2024-04-22,9636
2371,大同,766,513,253,富邦-中壢,2024-04-22,9636
00939,統一台灣高息動能,250,70,180,富邦-中壢,2024-04-22,9636
3231,緯創,389,219,170,富邦-中壢,2024-04-22,9636
2501,國建,198,44,154,富邦-中壢,2024-04-22,9636
00878,國泰永續高股息,187,58,129,富邦-中壢,2024-04-22,9636
00687B,國泰20年美債,147,25,122,富邦-中壢,2024-04-22,9636
00937B,群益ESG投等債20,244,124,120,富邦-中壢,2024-04-22,9636
2303,聯電,144,37,107,富邦-中壢,2024-04-22,9636
00857B,永豐20年美公債,102,0,102,富邦-中壢,2024-04-22,9636
2888,新光金,201,107,94,富邦-中壢,2024-04-22,9636
00715L,期街口布蘭特正2,80,0,80,富邦-中壢,2024-04-22,9636
2515,中工,353,274,79,富邦-中壢,2024-04-22,9636
2359,所羅門,77,3,74,富邦-中壢,2024-04-22,9636
4513,福裕,72,2,70,富邦-中壢,2024-04-22,9636
2331,精英,71,4,67,富邦-中壢,2024-04-22,9636
3481,群創,169,102,67,富邦-中壢,2024-04-22,9636
1609,大亞,279,219,60,富邦-中壢,2024-04-22,9636
2344,華邦電,59,1,58,富邦-中壢,2024-04-22,9636
1618,合機,94,39,55,富邦-中壢,2024-04-22,9636
2314,台揚,50,0,50,富邦-中壢,2024-04-22,9636
1608,華榮,300,251,49,富邦-中壢,2024-04-22,9636
5512,力麒,166,120,46,富邦-中壢,2024-04-22,9636
00941,中信上游半導體,79,33,46,富邦-中壢,2024-04-22,9636
0056,元大高股息,86,41,45,富邦-中壢,2024-04-22,9636
1314,中石化,186,144,42,富邦-中壢,2024-04-22,9636
4157,太景*-KY,68,26,42,富邦-中壢,2024-04-22,9636
5521,工信,106,67,39,富邦-中壢,2024-04-22,9636
2605,新興,76,37,39,富邦-中壢,2024-04-22,9636
2883,凱基金,100,61,39,富邦-中壢,2024-04-22,9636
00885,富邦越南,47,9,38,富邦-中壢,2024-04-22,9636
2442,新美齊,38,0,38,富邦-中壢,2024-04-22,9636
2330,台積電,66,29,37,富邦-中壢,2024-04-22,9636
2609,陽明,113,76,37,富邦-中壢,2024-04-22,9636
2542,興富發,121,86,35,富邦-中壢,2024-04-22,9636
8936,國統,95,60,35,富邦-中壢,2024-04-22,9636
00633L,富邦上証正2,95,61,34,富邦-中壢,2024-04-22,9636
00922,國泰台灣領袖50,32,0,32,富邦-中壢,2024-04-22,9636
5009,榮剛,55,23,32,富邦-中壢,2024-04-22,9636
2382,廣達,60,28,32,富邦-中壢,2024-04-22,9636
1605,華新,80,50,30,富邦-中壢,2024-04-22,9636
00679B,元大美債20年,51,22,29,富邦-中壢,2024-04-22,9636
8089,康全電訊,42,14,28,富邦-中壢,2024-04-22,9636
8069,元太,27,0,27,富邦-中壢,2024-04-22,9636
6443,元晶,47,20,27,富邦-中壢,2024-04-22,9636
3264,欣銓,26,0,26,富邦-中壢,2024-04-22,9636
3686,達能,621,18,603,富邦-中壢,2024-04-23,9636
00751B,元大AAA至A公司債,405,3,402,富邦-中壢,2024-04-23,9636
00665L,富邦�琤肭磪囓�2,341,52,289,富邦-中壢,2024-04-23,9636
00929,復華台灣科技優息,449,183,266,富邦-中壢,2024-04-23,9636
2442,新美齊,277,12,265,富邦-中壢,2024-04-23,9636
00940,元大台灣價值高息,221,66,155,富邦-中壢,2024-04-23,9636
00919,群益台灣精選高息,202,59,143,富邦-中壢,2024-04-23,9636
2509,全坤建,105,0,105,富邦-中壢,2024-04-23,9636
00939,統一台灣高息動能,94,12,82,富邦-中壢,2024-04-23,9636
2303,聯電,78,15,63,富邦-中壢,2024-04-23,9636
00673R,期元大S＆P原油反1,58,0,58,富邦-中壢,2024-04-23,9636
1101,台泥,71,16,55,富邦-中壢,2024-04-23,9636
00632R,元大台灣50反1,157,105,52,富邦-中壢,2024-04-23,9636
6026,福邦證,50,0,50,富邦-中壢,2024-04-23,9636
2102,泰豐,50,1,49,富邦-中壢,2024-04-23,9636
1440,南紡,112,66,46,富邦-中壢,2024-04-23,9636
2731,雄獅,63,17,46,富邦-中壢,2024-04-23,9636
3715,定穎投控,68,23,45,富邦-中壢,2024-04-23,9636
2547,日勝生,84,42,42,富邦-中壢,2024-04-23,9636
6120,達運,46,5,41,富邦-中壢,2024-04-23,9636
5452,佶優,41,0,41,富邦-中壢,2024-04-23,9636
2108,南帝,40,0,40,富邦-中壢,2024-04-23,9636
2376,技嘉,42,4,38,富邦-中壢,2024-04-23,9636
0056,元大高股息,41,10,31,富邦-中壢,2024-04-23,9636
1337,再生-KY,31,0,31,富邦-中壢,2024-04-23,9636
2515,中工,334,304,30,富邦-中壢,2024-04-23,9636
00690,兆豐藍籌30,30,0,30,富邦-中壢,2024-04-23,9636
00941,中信上游半導體,31,1,30,富邦-中壢,2024-04-23,9636
5531,鄉林,30,1,29,富邦-中壢,2024-04-23,9636
8213,志超,35,7,28,富邦-中壢,2024-04-23,9636
2317,鴻海,57,31,26,富邦-中壢,2024-04-23,9636
6841,長佳智能,30,4,26,富邦-中壢,2024-04-23,9636
5522,遠雄,27,2,25,富邦-中壢,2024-04-23,9636
1504,東元,34,10,24,富邦-中壢,2024-04-23,9636
2009,第一銅,40,17,23,富邦-中壢,2024-04-23,9636
2511,太子,34,11,23,富邦-中壢,2024-04-23,9636
1570,力肯,25,2,23,富邦-中壢,2024-04-23,9636
5251,天鉞電,36,13,23,富邦-中壢,2024-04-23,9636
2354,鴻準,52,30,22,富邦-中壢,2024-04-23,9636
3014,聯陽,22,0,22,富邦-中壢,2024-04-23,9636
4931,新盛力,22,1,21,富邦-中壢,2024-04-23,9636
2492,華新科,21,0,21,富邦-中壢,2024-04-23,9636
3231,緯創,142,122,20,富邦-中壢,2024-04-23,9636
6285,啟��,22,2,20,富邦-中壢,2024-04-23,9636
5533,皇鼎,20,0,20,富邦-中壢,2024-04-23,9636
1324,地球,20,0,20,富邦-中壢,2024-04-23,9636
2363,矽統,31,11,20,富邦-中壢,2024-04-23,9636
00637L,元大滬深300正2,34,15,19,富邦-中壢,2024-04-23,9636
00937B,群益ESG投等債20,49,31,18,富邦-中壢,2024-04-23,9636
2374,佳能,121,104,17,富邦-中壢,2024-04-23,9636
00632R,元大台灣50反1,767,428,339,富邦-中壢,2024-04-24,9636
00929,復華台灣科技優息,365,102,263,富邦-中壢,2024-04-24,9636
3686,達能,271,43,228,富邦-中壢,2024-04-24,9636
00937B,群益ESG投等債20,137,3,134,富邦-中壢,2024-04-24,9636
2101,南港,119,12,107,富邦-中壢,2024-04-24,9636
00713,元大台灣高息低波,111,4,107,富邦-中壢,2024-04-24,9636
00940,元大台灣價值高息,338,234,104,富邦-中壢,2024-04-24,9636
6770,力積電,103,4,99,富邦-中壢,2024-04-24,9636
00921,兆豐龍頭等權重,80,0,80,富邦-中壢,2024-04-24,9636
00688L,國泰20年美債正2,68,0,68,富邦-中壢,2024-04-24,9636
00679B,元大美債20年,64,0,64,富邦-中壢,2024-04-24,9636
2886,兆豐金,65,5,60,富邦-中壢,2024-04-24,9636
00687B,國泰20年美債,68,12,56,富邦-中壢,2024-04-24,9636
2442,新美齊,59,3,56,富邦-中壢,2024-04-24,9636
3481,群創,141,87,54,富邦-中壢,2024-04-24,9636
00637L,元大滬深300正2,64,11,53,富邦-中壢,2024-04-24,9636
2345,智邦,48,3,45,富邦-中壢,2024-04-24,9636
2367,燿華,82,37,45,富邦-中壢,2024-04-24,9636
3207,耀勝,45,2,43,富邦-中壢,2024-04-24,9636
4906,正文,43,0,43,富邦-中壢,2024-04-24,9636
00885,富邦越南,51,8,43,富邦-中壢,2024-04-24,9636
2891,中信金,64,23,41,富邦-中壢,2024-04-24,9636
00941,中信上游半導體,41,1,40,富邦-中壢,2024-04-24,9636
4533,協易機,42,4,38,富邦-中壢,2024-04-24,9636
1611,中電,38,0,38,富邦-中壢,2024-04-24,9636
00927,群益半導體收益,40,3,37,富邦-中壢,2024-04-24,9636
2636,台驊控股,38,2,36,富邦-中壢,2024-04-24,9636
2596,綠意,35,0,35,富邦-中壢,2024-04-24,9636
1605,華新,59,26,33,富邦-中壢,2024-04-24,9636
6116,彩晶,43,10,33,富邦-中壢,2024-04-24,9636
1612,宏泰,42,10,32,富邦-中壢,2024-04-24,9636
00633L,富邦上証正2,112,81,31,富邦-中壢,2024-04-24,9636
00891,中信關鍵半導體,30,0,30,富邦-中壢,2024-04-24,9636
2353,宏��,45,16,29,富邦-中壢,2024-04-24,9636
00857B,永豐20年美公債,27,0,27,富邦-中壢,2024-04-24,9636
8182,加高,27,0,27,富邦-中壢,2024-04-24,9636
3231,緯創,164,137,27,富邦-中壢,2024-04-24,9636
2486,一詮,95,69,26,富邦-中壢,2024-04-24,9636
4532,瑞智,47,21,26,富邦-中壢,2024-04-24,9636
4909,新復興,30,5,25,富邦-中壢,2024-04-24,9636
00795B,中信美國公債20年,25,0,25,富邦-中壢,2024-04-24,9636
2536,宏普,28,3,25,富邦-中壢,2024-04-24,9636
00933B,國泰10Y+金融債,24,0,24,富邦-中壢,2024-04-24,9636
1316,上曜,61,37,24,富邦-中壢,2024-04-24,9636
2887,台新金,23,0,23,富邦-中壢,2024-04-24,9636
2102,泰豐,23,0,23,富邦-中壢,2024-04-24,9636
2344,華邦電,40,18,22,富邦-中壢,2024-04-24,9636
4726,永昕,24,2,22,富邦-中壢,2024-04-24,9636
6213,聯茂,49,27,22,富邦-中壢,2024-04-24,9636
3035,智原,49,28,21,富邦-中壢,2024-04-24,9636
00753L,中信中國50正2,389,136,253,富邦-中壢,2024-04-25,9636
00937B,群益ESG投等債20,235,4,231,富邦-中壢,2024-04-25,9636
00919,群益台灣精選高息,197,42,155,富邦-中壢,2024-04-25,9636
00940,元大台灣價值高息,187,31,156,富邦-中壢,2024-04-25,9636
3686,達能,170,19,151,富邦-中壢,2024-04-25,9636
6125,廣運,219,74,145,富邦-中壢,2024-04-25,9636
00929,復華台灣科技優息,267,137,130,富邦-中壢,2024-04-25,9636
00720B,元大投資級公司債,123,2,121,富邦-中壢,2024-04-25,9636
00878,國泰永續高股息,119,3,116,富邦-中壢,2024-04-25,9636
2891,中信金,114,0,114,富邦-中壢,2024-04-25,9636
6177,達麗,115,6,109,富邦-中壢,2024-04-25,9636
2838,聯邦銀,100,0,100,富邦-中壢,2024-04-25,9636
2534,宏盛,100,1,99,富邦-中壢,2024-04-25,9636
4716,大立,119,21,98,富邦-中壢,2024-04-25,9636
00687B,國泰20年美債,105,11,94,富邦-中壢,2024-04-25,9636
3231,緯創,126,35,91,富邦-中壢,2024-04-25,9636
2845,遠東銀,91,0,91,富邦-中壢,2024-04-25,9636
2501,國建,196,106,90,富邦-中壢,2024-04-25,9636
3207,耀勝,86,13,73,富邦-中壢,2024-04-25,9636
2442,新美齊,72,2,70,富邦-中壢,2024-04-25,9636
2317,鴻海,144,78,66,富邦-中壢,2024-04-25,9636
1605,華新,65,13,52,富邦-中壢,2024-04-25,9636
2102,泰豐,50,0,50,富邦-中壢,2024-04-25,9636
2888,新光金,54,7,47,富邦-中壢,2024-04-25,9636
4533,協易機,55,8,47,富邦-中壢,2024-04-25,9636
1725,元禎,121,77,44,富邦-中壢,2024-04-25,9636
2303,聯電,95,51,44,富邦-中壢,2024-04-25,9636
3703,欣陸,108,65,43,富邦-中壢,2024-04-25,9636
6188,廣明,87,47,40,富邦-中壢,2024-04-25,9636
3380,明泰,40,0,40,富邦-中壢,2024-04-25,9636
5521,工信,39,2,37,富邦-中壢,2024-04-25,9636
6770,力積電,61,25,36,富邦-中壢,2024-04-25,9636
4909,新復興,46,10,36,富邦-中壢,2024-04-25,9636
00688L,國泰20年美債正2,36,0,36,富邦-中壢,2024-04-25,9636
2731,雄獅,72,37,35,富邦-中壢,2024-04-25,9636
2537,聯上發,37,2,35,富邦-中壢,2024-04-25,9636
5511,德昌,37,2,35,富邦-中壢,2024-04-25,9636
00939,統一台灣高息動能,59,29,30,富邦-中壢,2024-04-25,9636
00795B,中信美國公債20年,30,0,30,富邦-中壢,2024-04-25,9636
2886,兆豐金,34,4,30,富邦-中壢,2024-04-25,9636
2892,第一金,29,1,28,富邦-中壢,2024-04-25,9636
6548,長科*,53,27,26,富邦-中壢,2024-04-25,9636
2409,友達,53,28,25,富邦-中壢,2024-04-25,9636
00891,中信關鍵半導體,26,3,23,富邦-中壢,2024-04-25,9636
6143,振曜,29,6,23,富邦-中壢,2024-04-25,9636
0056,元大高股息,34,12,22,富邦-中壢,2024-04-25,9636
9904,寶成,22,0,22,富邦-中壢,2024-04-25,9636
8069,元太,26,4,22,富邦-中壢,2024-04-25,9636
2330,台積電,30,8,22,富邦-中壢,2024-04-25,9636
2486,一詮,50,30,20,富邦-中壢,2024-04-25,9636
00929,復華台灣科技優息,936,169,767,富邦-中壢,2024-04-26,9636
00937B,群益ESG投等債20,376,12,364,富邦-中壢,2024-04-26,9636
2371,大同,419,281,138,富邦-中壢,2024-04-26,9636
00679B,元大美債20年,148,15,133,富邦-中壢,2024-04-26,9636
6125,廣運,216,108,108,富邦-中壢,2024-04-26,9636
00720B,元大投資級公司債,79,10,69,富邦-中壢,2024-04-26,9636
00907,永豐優息存股,60,0,60,富邦-中壢,2024-04-26,9636
2611,志信,71,13,58,富邦-中壢,2024-04-26,9636
2888,新光金,81,23,58,富邦-中壢,2024-04-26,9636
2867,三商壽,67,10,57,富邦-中壢,2024-04-26,9636
00688L,國泰20年美債正2,54,0,54,富邦-中壢,2024-04-26,9636
2442,新美齊,54,2,52,富邦-中壢,2024-04-26,9636
2382,廣達,148,96,52,富邦-中壢,2024-04-26,9636
4909,新復興,67,17,50,富邦-中壢,2024-04-26,9636
4114,健喬,50,0,50,富邦-中壢,2024-04-26,9636
3686,達能,48,1,47,富邦-中壢,2024-04-26,9636
3481,群創,248,203,45,富邦-中壢,2024-04-26,9636
00664R,國泰臺灣加權反1,45,0,45,富邦-中壢,2024-04-26,9636
00687B,國泰20年美債,69,25,44,富邦-中壢,2024-04-26,9636
00939,統一台灣高息動能,61,17,44,富邦-中壢,2024-04-26,9636
5230,雷笛克光學,49,8,41,富邦-中壢,2024-04-26,9636
4927,泰鼎-KY,40,0,40,富邦-中壢,2024-04-26,9636
1612,宏泰,43,6,37,富邦-中壢,2024-04-26,9636
3231,緯創,63,27,36,富邦-中壢,2024-04-26,9636
2359,所羅門,316,281,35,富邦-中壢,2024-04-26,9636
00933B,國泰10Y+金融債,58,24,34,富邦-中壢,2024-04-26,9636
2367,燿華,44,11,33,富邦-中壢,2024-04-26,9636
4533,協易機,39,8,31,富邦-中壢,2024-04-26,9636
2363,矽統,76,45,31,富邦-中壢,2024-04-26,9636
1528,恩德,30,0,30,富邦-中壢,2024-04-26,9636
00795B,中信美國公債20年,30,0,30,富邦-中壢,2024-04-26,9636
00706L,期元大S＆P日圓正2,142,114,28,富邦-中壢,2024-04-26,9636
6264,富裔,27,0,27,富邦-中壢,2024-04-26,9636
2376,技嘉,37,11,26,富邦-中壢,2024-04-26,9636
1459,聯發,26,0,26,富邦-中壢,2024-04-26,9636
2349,錸德,25,1,24,富邦-中壢,2024-04-26,9636
6219,富旺,24,0,24,富邦-中壢,2024-04-26,9636
00942B,台新美A公司債20+,22,0,22,富邦-中壢,2024-04-26,9636
2344,華邦電,26,5,21,富邦-中壢,2024-04-26,9636
6026,福邦證,28,7,21,富邦-中壢,2024-04-26,9636
8234,新漢,44,24,20,富邦-中壢,2024-04-26,9636
1467,南緯,20,0,20,富邦-中壢,2024-04-26,9636
00763U,期街口道瓊銅,20,0,20,富邦-中壢,2024-04-26,9636
8271,宇瞻,20,0,20,富邦-中壢,2024-04-26,9636
3207,耀勝,25,5,20,富邦-中壢,2024-04-26,9636
1618,合機,132,113,19,富邦-中壢,2024-04-26,9636
5251,天鉞電,33,14,19,富邦-中壢,2024-04-26,9636
00931B,統一美債20年,19,0,19,富邦-中壢,2024-04-26,9636
5880,合庫金,21,2,19,富邦-中壢,2024-04-26,9636
2374,佳能,31,13,18,富邦-中壢,2024-04-26,9636
2515,中工,807,193,614,富邦-中壢,2024-04-29,9636
00878,國泰永續高股息,404,58,346,富邦-中壢,2024-04-29,9636
00632R,元大台灣50反1,310,2,308,富邦-中壢,2024-04-29,9636
00665L,富邦�琤肭磪囓�2,441,180,261,富邦-中壢,2024-04-29,9636
2618,長榮航,445,235,210,富邦-中壢,2024-04-29,9636
5009,榮剛,230,32,198,富邦-中壢,2024-04-29,9636
2323,中環,227,61,166,富邦-中壢,2024-04-29,9636
4716,大立,206,68,138,富邦-中壢,2024-04-29,9636
2363,矽統,384,254,130,富邦-中壢,2024-04-29,9636
00940,元大台灣價值高息,290,175,115,富邦-中壢,2024-04-29,9636
3013,晟銘電,175,64,111,富邦-中壢,2024-04-29,9636
2102,泰豐,104,2,102,富邦-中壢,2024-04-29,9636
9105,泰金寶-DR,100,0,100,富邦-中壢,2024-04-29,9636
2834,臺企銀,232,143,89,富邦-中壢,2024-04-29,9636
00650L,復華香港正2,81,0,81,富邦-中壢,2024-04-29,9636
2511,太子,154,73,81,富邦-中壢,2024-04-29,9636
3264,欣銓,75,5,70,富邦-中壢,2024-04-29,9636
6125,廣運,81,20,61,富邦-中壢,2024-04-29,9636
2883,凱基金,190,131,59,富邦-中壢,2024-04-29,9636
2359,所羅門,131,73,58,富邦-中壢,2024-04-29,9636
2449,京元電子,82,26,56,富邦-中壢,2024-04-29,9636
5533,皇鼎,60,8,52,富邦-中壢,2024-04-29,9636
4440,宜新實業,53,1,52,富邦-中壢,2024-04-29,9636
2605,新興,71,20,51,富邦-中壢,2024-04-29,9636
3686,達能,52,3,49,富邦-中壢,2024-04-29,9636
00679B,元大美債20年,60,11,49,富邦-中壢,2024-04-29,9636
00939,統一台灣高息動能,84,37,47,富邦-中壢,2024-04-29,9636
1609,大亞,162,118,44,富邦-中壢,2024-04-29,9636
1453,大將,45,2,43,富邦-中壢,2024-04-29,9636
2845,遠東銀,70,29,41,富邦-中壢,2024-04-29,9636
3234,光環,70,34,36,富邦-中壢,2024-04-29,9636
6177,達麗,51,16,35,富邦-中壢,2024-04-29,9636
2313,華通,42,10,32,富邦-中壢,2024-04-29,9636
4533,協易機,35,3,32,富邦-中壢,2024-04-29,9636
4909,新復興,35,3,32,富邦-中壢,2024-04-29,9636
2867,三商壽,31,0,31,富邦-中壢,2024-04-29,9636
9925,新保,31,0,31,富邦-中壢,2024-04-29,9636
1789,神隆,35,4,31,富邦-中壢,2024-04-29,9636
6288,聯嘉,31,1,30,富邦-中壢,2024-04-29,9636
6120,達運,35,5,30,富邦-中壢,2024-04-29,9636
1815,富喬,37,10,27,富邦-中壢,2024-04-29,9636
5309,系統電,27,0,27,富邦-中壢,2024-04-29,9636
2367,燿華,33,8,25,富邦-中壢,2024-04-29,9636
1516,川飛,25,2,23,富邦-中壢,2024-04-29,9636
00915,凱基優選高股息30,48,26,22,富邦-中壢,2024-04-29,9636
2520,冠德,63,41,22,富邦-中壢,2024-04-29,9636
2601,益航,21,0,21,富邦-中壢,2024-04-29,9636
6770,力積電,49,29,20,富邦-中壢,2024-04-29,9636
2457,飛宏,20,0,20,富邦-中壢,2024-04-29,9636
2374,佳能,73,54,19,富邦-中壢,2024-04-29,9636
2834,臺企銀,205,12,193,富邦-中壢,2024-04-30,9636
2511,太子,153,16,137,富邦-中壢,2024-04-30,9636
1314,中石化,459,322,137,富邦-中壢,2024-04-30,9636
2883,凱基金,272,154,118,富邦-中壢,2024-04-30,9636
2501,國建,258,141,117,富邦-中壢,2024-04-30,9636
2515,中工,202,106,96,富邦-中壢,2024-04-30,9636
2845,遠東銀,111,18,93,富邦-中壢,2024-04-30,9636
00940,元大台灣價值高息,145,54,91,富邦-中壢,2024-04-30,9636
00919,群益台灣精選高息,129,40,89,富邦-中壢,2024-04-30,9636
00632R,元大台灣50反1,79,0,79,富邦-中壢,2024-04-30,9636
6125,廣運,253,183,70,富邦-中壢,2024-04-30,9636
1446,宏和,65,0,65,富邦-中壢,2024-04-30,9636
5324,士開,67,5,62,富邦-中壢,2024-04-30,9636
00929,復華台灣科技優息,163,108,55,富邦-中壢,2024-04-30,9636
00878,國泰永續高股息,56,3,53,富邦-中壢,2024-04-30,9636
2102,泰豐,51,0,51,富邦-中壢,2024-04-30,9636
2855,統一證,50,0,50,富邦-中壢,2024-04-30,9636
3051,力特,45,0,45,富邦-中壢,2024-04-30,9636
00679B,元大美債20年,47,2,45,富邦-中壢,2024-04-30,9636
00915,凱基優選高股息30,52,8,44,富邦-中壢,2024-04-30,9636
5309,系統電,42,0,42,富邦-中壢,2024-04-30,9636
5531,鄉林,132,90,42,富邦-中壢,2024-04-30,9636
00882,中信中國高股息,58,16,42,富邦-中壢,2024-04-30,9636
9105,泰金寶-DR,40,0,40,富邦-中壢,2024-04-30,9636
8096,擎亞,161,121,40,富邦-中壢,2024-04-30,9636
6190,萬泰科,54,16,38,富邦-中壢,2024-04-30,9636
2537,聯上發,44,7,37,富邦-中壢,2024-04-30,9636
9945,潤泰新,74,38,36,富邦-中壢,2024-04-30,9636
1605,華新,44,8,36,富邦-中壢,2024-04-30,9636
5607,遠雄港,36,0,36,富邦-中壢,2024-04-30,9636
2374,佳能,53,18,35,富邦-中壢,2024-04-30,9636
2317,鴻海,85,52,33,富邦-中壢,2024-04-30,9636
2520,冠德,46,14,32,富邦-中壢,2024-04-30,9636
5706,鳳凰,31,0,31,富邦-中壢,2024-04-30,9636
2705,六福,32,1,31,富邦-中壢,2024-04-30,9636
4927,泰鼎-KY,29,0,29,富邦-中壢,2024-04-30,9636
2888,新光金,133,106,27,富邦-中壢,2024-04-30,9636
4533,協易機,39,13,26,富邦-中壢,2024-04-30,9636
00666R,富邦�琤肭磪齯�1,25,0,25,富邦-中壢,2024-04-30,9636
3033,威健,63,39,24,富邦-中壢,2024-04-30,9636
6215,和椿,27,7,20,富邦-中壢,2024-04-30,9636
8105,凌巨,20,0,20,富邦-中壢,2024-04-30,9636
6456,GIS-KY,24,4,20,富邦-中壢,2024-04-30,9636
2464,盟立,22,3,19,富邦-中壢,2024-04-30,9636
6290,良維,18,0,18,富邦-中壢,2024-04-30,9636
00937B,群益ESG投等債20,54,36,18,富邦-中壢,2024-04-30,9636
3060,銘異,32,15,17,富邦-中壢,2024-04-30,9636
00751B,元大AAA至A公司債,18,1,17,富邦-中壢,2024-04-30,9636
3576,聯合再生,27,10,17,富邦-中壢,2024-04-30,9636
1616,億泰,19,3,16,富邦-中壢,2024-04-30,9636
00665L,富邦�琤肭磪囓�2,810,202,608,富邦-中壢,2024-05-02,9636
00878,國泰永續高股息,541,10,531,富邦-中壢,2024-05-02,9636
00715L,期街口布蘭特正2,336,3,333,富邦-中壢,2024-05-02,9636
3481,群創,267,70,197,富邦-中壢,2024-05-02,9636
00929,復華台灣科技優息,222,68,154,富邦-中壢,2024-05-02,9636
5521,工信,211,62,149,富邦-中壢,2024-05-02,9636
2102,泰豐,102,1,101,富邦-中壢,2024-05-02,9636
00937B,群益ESG投等債20,139,40,99,富邦-中壢,2024-05-02,9636
2537,聯上發,147,65,82,富邦-中壢,2024-05-02,9636
4533,協易機,228,152,76,富邦-中壢,2024-05-02,9636
00919,群益台灣精選高息,136,61,75,富邦-中壢,2024-05-02,9636
2363,矽統,300,226,74,富邦-中壢,2024-05-02,9636
2323,中環,76,3,73,富邦-中壢,2024-05-02,9636
2897,王道銀行,69,0,69,富邦-中壢,2024-05-02,9636
2501,國建,253,185,68,富邦-中壢,2024-05-02,9636
2371,大同,229,166,63,富邦-中壢,2024-05-02,9636
2515,中工,176,114,62,富邦-中壢,2024-05-02,9636
3483,力致,68,7,61,富邦-中壢,2024-05-02,9636
00637L,元大滬深300正2,105,50,55,富邦-中壢,2024-05-02,9636
2317,鴻海,77,23,54,富邦-中壢,2024-05-02,9636
1516,川飛,62,9,53,富邦-中壢,2024-05-02,9636
4440,宜新實業,50,0,50,富邦-中壢,2024-05-02,9636
00633L,富邦上証正2,85,35,50,富邦-中壢,2024-05-02,9636
2915,潤泰全,66,19,47,富邦-中壢,2024-05-02,9636
2330,台積電,55,9,46,富邦-中壢,2024-05-02,9636
00753L,中信中國50正2,83,41,42,富邦-中壢,2024-05-02,9636
3060,銘異,47,7,40,富邦-中壢,2024-05-02,9636
2536,宏普,53,14,39,富邦-中壢,2024-05-02,9636
3234,光環,44,9,35,富邦-中壢,2024-05-02,9636
4109,加捷生醫,33,0,33,富邦-中壢,2024-05-02,9636
2881,富邦金,43,10,33,富邦-中壢,2024-05-02,9636
2409,友達,49,17,32,富邦-中壢,2024-05-02,9636
00915,凱基優選高股息30,36,4,32,富邦-中壢,2024-05-02,9636
6552,易華電,62,30,32,富邦-中壢,2024-05-02,9636
1609,大亞,110,78,32,富邦-中壢,2024-05-02,9636
2611,志信,53,22,31,富邦-中壢,2024-05-02,9636
00687B,國泰20年美債,35,3,32,富邦-中壢,2024-05-02,9636
2542,興富發,79,48,31,富邦-中壢,2024-05-02,9636
2888,新光金,58,27,31,富邦-中壢,2024-05-02,9636
6265,方土昶,31,1,30,富邦-中壢,2024-05-02,9636
00763U,期街口道瓊銅,30,0,30,富邦-中壢,2024-05-02,9636
00830,國泰費城半導體,30,1,29,富邦-中壢,2024-05-02,9636
2609,陽明,93,64,29,富邦-中壢,2024-05-02,9636
2615,萬海,78,49,29,富邦-中壢,2024-05-02,9636
4513,福裕,30,3,27,富邦-中壢,2024-05-02,9636
2605,新興,33,6,27,富邦-中壢,2024-05-02,9636
2834,臺企銀,54,27,27,富邦-中壢,2024-05-02,9636
00892,富邦台灣半導體,26,0,26,富邦-中壢,2024-05-02,9636
2891,中信金,44,18,26,富邦-中壢,2024-05-02,9636
2464,盟立,31,6,25,富邦-中壢,2024-05-02,9636
00937B,群益ESG投等債20,332,21,311,富邦-中壢,2024-05-03,9636
2501,國建,574,272,302,富邦-中壢,2024-05-03,9636
2371,大同,346,91,255,富邦-中壢,2024-05-03,9636
00915,凱基優選高股息30,168,29,139,富邦-中壢,2024-05-03,9636
00679B,元大美債20年,132,11,121,富邦-中壢,2024-05-03,9636
4714,永捷,208,90,118,富邦-中壢,2024-05-03,9636
4533,協易機,351,245,106,富邦-中壢,2024-05-03,9636
00687B,國泰20年美債,97,5,92,富邦-中壢,2024-05-03,9636
1304,台聚,91,0,91,富邦-中壢,2024-05-03,9636
2883,凱基金,118,28,90,富邦-中壢,2024-05-03,9636
6207,雷科,100,21,79,富邦-中壢,2024-05-03,9636
3231,緯創,212,137,75,富邦-中壢,2024-05-03,9636
6120,達運,196,122,74,富邦-中壢,2024-05-03,9636
00878,國泰永續高股息,95,24,71,富邦-中壢,2024-05-03,9636
2492,華新科,107,37,70,富邦-中壢,2024-05-03,9636
00665L,富邦�琤肭磪囓�2,86,18,68,富邦-中壢,2024-05-03,9636
8011,台通,53,0,53,富邦-中壢,2024-05-03,9636
2534,宏盛,56,3,53,富邦-中壢,2024-05-03,9636
2637,慧洋-KY,63,10,53,富邦-中壢,2024-05-03,9636
2891,中信金,131,79,52,富邦-中壢,2024-05-03,9636
2834,臺企銀,73,21,52,富邦-中壢,2024-05-03,9636
2009,第一銅,58,10,48,富邦-中壢,2024-05-03,9636
3260,威剛,55,9,46,富邦-中壢,2024-05-03,9636
9958,世紀鋼,48,2,46,富邦-中壢,2024-05-03,9636
00795B,中信美國公債20年,47,1,46,富邦-中壢,2024-05-03,9636
2542,興富發,99,55,44,富邦-中壢,2024-05-03,9636
3715,定穎投控,52,9,43,富邦-中壢,2024-05-03,9636
1815,富喬,53,10,43,富邦-中壢,2024-05-03,9636
8089,康全電訊,42,1,41,富邦-中壢,2024-05-03,9636
1609,大亞,112,72,40,富邦-中壢,2024-05-03,9636
5864,致和證,40,0,40,富邦-中壢,2024-05-03,9636
6770,力積電,200,161,39,富邦-中壢,2024-05-03,9636
00857B,永豐20年美公債,48,10,38,富邦-中壢,2024-05-03,9636
2344,華邦電,41,5,36,富邦-中壢,2024-05-03,9636
5531,鄉林,193,157,36,富邦-中壢,2024-05-03,9636
8234,新漢,51,17,34,富邦-中壢,2024-05-03,9636
3221,台嘉碩,30,0,30,富邦-中壢,2024-05-03,9636
00706L,期元大S＆P日圓正2,31,2,29,富邦-中壢,2024-05-03,9636
4534,慶騰,28,0,28,富邦-中壢,2024-05-03,9636
3051,力特,28,0,28,富邦-中壢,2024-05-03,9636
2888,新光金,90,63,27,富邦-中壢,2024-05-03,9636
00751B,元大AAA至A公司債,26,0,26,富邦-中壢,2024-05-03,9636
3056,富華新,29,3,26,富邦-中壢,2024-05-03,9636
2506,太設,47,22,25,富邦-中壢,2024-05-03,9636
9945,潤泰新,138,113,25,富邦-中壢,2024-05-03,9636
5398,慕康生醫,25,0,25,富邦-中壢,2024-05-03,9636
00919,群益台灣精選高息,87,62,25,富邦-中壢,2024-05-03,9636
3512,皇龍,25,1,24,富邦-中壢,2024-05-03,9636
00936,台新永續高息中小,24,0,24,富邦-中壢,2024-05-03,9636
8936,國統,32,9,23,富邦-中壢,2024-05-03,9636
00632R,元大台灣50反1,311,13,298,富邦-中壢,2024-05-06,9636
00665L,富邦�琤肭磪囓�2,326,103,223,富邦-中壢,2024-05-06,9636
00937B,群益ESG投等債20,304,101,203,富邦-中壢,2024-05-06,9636
2618,長榮航,294,92,202,富邦-中壢,2024-05-06,9636
2337,旺宏,203,5,198,富邦-中壢,2024-05-06,9636
00929,復華台灣科技優息,223,63,160,富邦-中壢,2024-05-06,9636
2538,基泰,214,99,115,富邦-中壢,2024-05-06,9636
00753L,中信中國50正2,125,16,109,富邦-中壢,2024-05-06,9636
9945,潤泰新,220,121,99,富邦-中壢,2024-05-06,9636
1101,台泥,167,81,86,富邦-中壢,2024-05-06,9636
00679B,元大美債20年,78,0,78,富邦-中壢,2024-05-06,9636
00633L,富邦上証正2,276,200,76,富邦-中壢,2024-05-06,9636
00688L,國泰20年美債正2,100,25,75,富邦-中壢,2024-05-06,9636
2323,中環,85,18,67,富邦-中壢,2024-05-06,9636
00878,國泰永續高股息,93,34,59,富邦-中壢,2024-05-06,9636
5512,力麒,71,13,58,富邦-中壢,2024-05-06,9636
6265,方土昶,67,11,56,富邦-中壢,2024-05-06,9636
00932,兆豐永續高息等權,53,1,52,富邦-中壢,2024-05-06,9636
4956,光鋐,52,0,52,富邦-中壢,2024-05-06,9636
8011,台通,52,2,50,富邦-中壢,2024-05-06,9636
9940,信義,50,0,50,富邦-中壢,2024-05-06,9636
1314,中石化,189,141,48,富邦-中壢,2024-05-06,9636
2834,臺企銀,92,45,47,富邦-中壢,2024-05-06,9636
2867,三商壽,50,4,46,富邦-中壢,2024-05-06,9636
5498,凱崴,49,3,46,富邦-中壢,2024-05-06,9636
6548,長科*,45,1,44,富邦-中壢,2024-05-06,9636
2356,英業達,56,12,44,富邦-中壢,2024-05-06,9636
2449,京元電子,85,42,43,富邦-中壢,2024-05-06,9636
2537,聯上發,76,34,42,富邦-中壢,2024-05-06,9636
4114,健喬,42,2,40,富邦-中壢,2024-05-06,9636
2457,飛宏,42,2,40,富邦-中壢,2024-05-06,9636
00915,凱基優選高股息30,63,23,40,富邦-中壢,2024-05-06,9636
2801,彰銀,50,12,38,富邦-中壢,2024-05-06,9636
5324,士開,36,0,36,富邦-中壢,2024-05-06,9636
1316,上曜,125,91,34,富邦-中壢,2024-05-06,9636
00891,中信關鍵半導體,32,1,31,富邦-中壢,2024-05-06,9636
9933,中鼎,49,18,31,富邦-中壢,2024-05-06,9636
2511,太子,41,11,30,富邦-中壢,2024-05-06,9636
1714,和桐,30,0,30,富邦-中壢,2024-05-06,9636
00751B,元大AAA至A公司債,33,4,29,富邦-中壢,2024-05-06,9636
4967,十銓,57,28,29,富邦-中壢,2024-05-06,9636
6770,力積電,53,26,27,富邦-中壢,2024-05-06,9636
6173,信昌電,46,21,25,富邦-中壢,2024-05-06,9636
2010,春源,24,0,24,富邦-中壢,2024-05-06,9636
3051,力特,25,2,23,富邦-中壢,2024-05-06,9636
3236,千如,30,7,23,富邦-中壢,2024-05-06,9636
6278,台表科,22,0,22,富邦-中壢,2024-05-06,9636
2617,台航,22,0,22,富邦-中壢,2024-05-06,9636
1605,華新,30,9,21,富邦-中壢,2024-05-06,9636
1445,大宇,20,0,20,富邦-中壢,2024-05-06,9636
00915,凱基優選高股息30,671,14,657,富邦-中壢,2024-05-07,9636
00664R,國泰臺灣加權反1,500,0,500,富邦-中壢,2024-05-07,9636
2338,光罩,407,18,389,富邦-中壢,2024-05-07,9636
00878,國泰永續高股息,387,24,363,富邦-中壢,2024-05-07,9636
00882,中信中國高股息,163,38,125,富邦-中壢,2024-05-07,9636
00665L,富邦�琤肭磪囓�2,180,70,110,富邦-中壢,2024-05-07,9636
00940,元大台灣價值高息,146,37,109,富邦-中壢,2024-05-07,9636
6548,長科*,100,1,99,富邦-中壢,2024-05-07,9636
2515,中工,263,164,99,富邦-中壢,2024-05-07,9636
9945,潤泰新,173,84,89,富邦-中壢,2024-05-07,9636
1314,中石化,116,32,84,富邦-中壢,2024-05-07,9636
8011,台通,84,1,83,富邦-中壢,2024-05-07,9636
2330,台積電,104,33,71,富邦-中壢,2024-05-07,9636
9933,中鼎,86,17,69,富邦-中壢,2024-05-07,9636
1609,大亞,283,216,67,富邦-中壢,2024-05-07,9636
00929,復華台灣科技優息,142,83,59,富邦-中壢,2024-05-07,9636
2913,農林,62,3,59,富邦-中壢,2024-05-07,9636
2536,宏普,59,0,59,富邦-中壢,2024-05-07,9636
00679B,元大美債20年,74,19,55,富邦-中壢,2024-05-07,9636
6005,群益證,72,20,52,富邦-中壢,2024-05-07,9636
00753L,中信中國50正2,213,161,52,富邦-中壢,2024-05-07,9636
3056,富華新,66,16,50,富邦-中壢,2024-05-07,9636
00937B,群益ESG投等債20,145,95,50,富邦-中壢,2024-05-07,9636
00885,富邦越南,52,3,49,富邦-中壢,2024-05-07,9636
1714,和桐,42,0,42,富邦-中壢,2024-05-07,9636
3013,晟銘電,185,144,41,富邦-中壢,2024-05-07,9636
5519,隆大,43,3,40,富邦-中壢,2024-05-07,9636
4543,萬在,56,16,40,富邦-中壢,2024-05-07,9636
2834,臺企銀,43,5,38,富邦-中壢,2024-05-07,9636
00795B,中信美國公債20年,39,1,38,富邦-中壢,2024-05-07,9636
1618,合機,124,87,37,富邦-中壢,2024-05-07,9636
1617,榮星,50,14,36,富邦-中壢,2024-05-07,9636
2838,聯邦銀,35,0,35,富邦-中壢,2024-05-07,9636
6269,台郡,49,14,35,富邦-中壢,2024-05-07,9636
00650L,復華香港正2,34,0,34,富邦-中壢,2024-05-07,9636
1616,億泰,60,27,33,富邦-中壢,2024-05-07,9636
00939,統一台灣高息動能,56,24,32,富邦-中壢,2024-05-07,9636
5009,榮剛,52,22,30,富邦-中壢,2024-05-07,9636
2367,燿華,85,55,30,富邦-中壢,2024-05-07,9636
6219,富旺,33,3,30,富邦-中壢,2024-05-07,9636
6187,萬潤,44,15,29,富邦-中壢,2024-05-07,9636
8096,擎亞,232,204,28,富邦-中壢,2024-05-07,9636
00680L,元大美債20正2,31,3,28,富邦-中壢,2024-05-07,9636
1605,華新,45,19,26,富邦-中壢,2024-05-07,9636
4306,炎洲,26,0,26,富邦-中壢,2024-05-07,9636
6207,雷科,39,14,25,富邦-中壢,2024-05-07,9636
1905,華紙,25,0,25,富邦-中壢,2024-05-07,9636
2527,宏璟,25,0,25,富邦-中壢,2024-05-07,9636
3051,力特,24,0,24,富邦-中壢,2024-05-07,9636
2392,正崴,47,23,24,富邦-中壢,2024-05-07,9636
00632R,元大台灣50反1,279,29,250,富邦-中壢,2024-05-08,9636
6005,群益證,215,23,192,富邦-中壢,2024-05-08,9636
00937B,群益ESG投等債20,226,34,192,富邦-中壢,2024-05-08,9636
8906,花王,174,1,173,富邦-中壢,2024-05-08,9636
00633L,富邦上証正2,152,6,146,富邦-中壢,2024-05-08,9636
00940,元大台灣價值高息,167,21,146,富邦-中壢,2024-05-08,9636
00929,復華台灣科技優息,154,22,132,富邦-中壢,2024-05-08,9636
2338,光罩,149,37,112,富邦-中壢,2024-05-08,9636
2409,友達,107,0,107,富邦-中壢,2024-05-08,9636
5871,中租-KY,98,20,78,富邦-中壢,2024-05-08,9636
9945,潤泰新,110,33,77,富邦-中壢,2024-05-08,9636
00878,國泰永續高股息,167,90,77,富邦-中壢,2024-05-08,9636
2611,志信,124,48,76,富邦-中壢,2024-05-08,9636
2603,長榮,102,29,73,富邦-中壢,2024-05-08,9636
00687B,國泰20年美債,79,12,67,富邦-中壢,2024-05-08,9636
2014,中鴻,61,0,61,富邦-中壢,2024-05-08,9636
3036,文曄,59,1,58,富邦-中壢,2024-05-08,9636
2543,皇昌,56,2,54,富邦-中壢,2024-05-08,9636
00720B,元大投資級公司債,55,5,50,富邦-中壢,2024-05-08,9636
00650L,復華香港正2,52,2,50,富邦-中壢,2024-05-08,9636
3207,耀勝,50,1,49,富邦-中壢,2024-05-08,9636
3481,群創,114,66,48,富邦-中壢,2024-05-08,9636
8096,擎亞,131,86,45,富邦-中壢,2024-05-08,9636
8059,凱碩,46,2,44,富邦-中壢,2024-05-08,9636
00932,兆豐永續高息等權,58,18,40,富邦-中壢,2024-05-08,9636
3450,聯鈞,53,14,39,富邦-中壢,2024-05-08,9636
00688L,國泰20年美債正2,38,0,38,富邦-中壢,2024-05-08,9636
1513,中興電,78,41,37,富邦-中壢,2024-05-08,9636
1529,樂事綠能,40,5,35,富邦-中壢,2024-05-08,9636
2365,昆盈,106,71,35,富邦-中壢,2024-05-08,9636
00942B,台新美A公司債20+,33,0,33,富邦-中壢,2024-05-08,9636
00795B,中信美國公債20年,34,3,31,富邦-中壢,2024-05-08,9636
1618,合機,169,139,30,富邦-中壢,2024-05-08,9636
2002,中鋼,37,10,27,富邦-中壢,2024-05-08,9636
00637L,元大滬深300正2,32,5,27,富邦-中壢,2024-05-08,9636
2906,高林,30,3,27,富邦-中壢,2024-05-08,9636
2317,鴻海,130,103,27,富邦-中壢,2024-05-08,9636
00642U,期元大S＆P石油,27,1,26,富邦-中壢,2024-05-08,9636
00679B,元大美債20年,60,35,25,富邦-中壢,2024-05-08,9636
1440,南紡,64,39,25,富邦-中壢,2024-05-08,9636
2356,英業達,171,146,25,富邦-中壢,2024-05-08,9636
3056,富華新,29,4,25,富邦-中壢,2024-05-08,9636
2204,中華,29,4,25,富邦-中壢,2024-05-08,9636
00939,統一台灣高息動能,37,14,23,富邦-中壢,2024-05-08,9636
1612,宏泰,55,32,23,富邦-中壢,2024-05-08,9636
4513,福裕,23,0,23,富邦-中壢,2024-05-08,9636
5347,世界,28,5,23,富邦-中壢,2024-05-08,9636
00915,凱基優選高股息30,32,10,22,富邦-中壢,2024-05-08,9636
4564,元翎,23,1,22,富邦-中壢,2024-05-08,9636
00887,永豐中國科技50大,22,0,22,富邦-中壢,2024-05-08,9636
00665L,富邦�琤肭磪囓�2,519,51,468,富邦-中壢,2024-05-09,9636
00929,復華台灣科技優息,327,31,296,富邦-中壢,2024-05-09,9636
00905,FT臺灣Smart,178,1,177,富邦-中壢,2024-05-09,9636
00878,國泰永續高股息,220,76,144,富邦-中壢,2024-05-09,9636
2371,大同,332,190,142,富邦-中壢,2024-05-09,9636
8114,振樺電,120,0,120,富邦-中壢,2024-05-09,9636
00946,群益科技高息成長,317,202,115,富邦-中壢,2024-05-09,9636
2611,志信,112,0,112,富邦-中壢,2024-05-09,9636
2367,燿華,379,271,108,富邦-中壢,2024-05-09,9636
1815,富喬,133,42,91,富邦-中壢,2024-05-09,9636
00936,台新永續高息中小,79,0,79,富邦-中壢,2024-05-09,9636
00944,野村趨勢動能高息,138,59,79,富邦-中壢,2024-05-09,9636
00679B,元大美債20年,110,31,79,富邦-中壢,2024-05-09,9636
00915,凱基優選高股息30,165,91,74,富邦-中壢,2024-05-09,9636
2906,高林,70,1,69,富邦-中壢,2024-05-09,9636
2363,矽統,113,51,62,富邦-中壢,2024-05-09,9636
2838,聯邦銀,60,0,60,富邦-中壢,2024-05-09,9636
6770,力積電,62,5,57,富邦-中壢,2024-05-09,9636
4916,事欣科,56,0,56,富邦-中壢,2024-05-09,9636
3036,文曄,77,22,55,富邦-中壢,2024-05-09,9636
00720B,元大投資級公司債,57,5,52,富邦-中壢,2024-05-09,9636
1314,中石化,124,74,50,富邦-中壢,2024-05-09,9636
5871,中租-KY,65,16,49,富邦-中壢,2024-05-09,9636
6005,群益證,50,6,44,富邦-中壢,2024-05-09,9636
3260,威剛,61,18,43,富邦-中壢,2024-05-09,9636
5608,四維航,54,11,43,富邦-中壢,2024-05-09,9636
4967,十銓,72,29,43,富邦-中壢,2024-05-09,9636
2897,王道銀行,42,0,42,富邦-中壢,2024-05-09,9636
2534,宏盛,41,0,41,富邦-中壢,2024-05-09,9636
2515,中工,157,116,41,富邦-中壢,2024-05-09,9636
2317,鴻海,276,237,39,富邦-中壢,2024-05-09,9636
00932,兆豐永續高息等權,41,2,39,富邦-中壢,2024-05-09,9636
2618,長榮航,198,162,36,富邦-中壢,2024-05-09,9636
4167,松瑞藥,35,0,35,富邦-中壢,2024-05-09,9636
2636,台驊控股,36,2,34,富邦-中壢,2024-05-09,9636
2542,興富發,70,36,34,富邦-中壢,2024-05-09,9636
6189,豐藝,33,0,33,富邦-中壢,2024-05-09,9636
00632R,元大台灣50反1,31,0,31,富邦-中壢,2024-05-09,9636
00639,富邦深100,31,0,31,富邦-中壢,2024-05-09,9636
9945,潤泰新,32,4,28,富邦-中壢,2024-05-09,9636
2449,京元電子,32,4,28,富邦-中壢,2024-05-09,9636
3661,世芯-KY,33,5,28,富邦-中壢,2024-05-09,9636
4542,科嶠,92,66,26,富邦-中壢,2024-05-09,9636
2501,國建,36,10,26,富邦-中壢,2024-05-09,9636
8112,至上,49,24,25,富邦-中壢,2024-05-09,9636
2014,中鴻,46,22,24,富邦-中壢,2024-05-09,9636
2344,華邦電,27,3,24,富邦-中壢,2024-05-09,9636
006205,富邦上証,24,1,23,富邦-中壢,2024-05-09,9636
3563,牧德,25,2,23,富邦-中壢,2024-05-09,9636
2855,統一證,37,15,22,富邦-中壢,2024-05-09,9636
00929,復華台灣科技優息,968,14,954,富邦-中壢,2024-05-10,9636
00664R,國泰臺灣加權反1,500,0,500,富邦-中壢,2024-05-10,9636
00946,群益科技高息成長,224,5,219,富邦-中壢,2024-05-10,9636
2501,國建,241,41,200,富邦-中壢,2024-05-10,9636
00632R,元大台灣50反1,253,63,190,富邦-中壢,2024-05-10,9636
00944,野村趨勢動能高息,114,0,114,富邦-中壢,2024-05-10,9636
00679B,元大美債20年,134,37,97,富邦-中壢,2024-05-10,9636
2313,華通,173,77,96,富邦-中壢,2024-05-10,9636
2515,中工,129,36,93,富邦-中壢,2024-05-10,9636
00919,群益台灣精選高息,110,18,92,富邦-中壢,2024-05-10,9636
9105,泰金寶-DR,101,10,91,富邦-中壢,2024-05-10,9636
00937B,群益ESG投等債20,91,6,85,富邦-中壢,2024-05-10,9636
00905,FT臺灣Smart,80,0,80,富邦-中壢,2024-05-10,9636
2388,威盛,85,6,79,富邦-中壢,2024-05-10,9636
8103,瀚荃,71,0,71,富邦-中壢,2024-05-10,9636
2367,燿華,312,242,70,富邦-中壢,2024-05-10,9636
2104,國際中橡,50,0,50,富邦-中壢,2024-05-10,9636
8926,台汽電,63,17,46,富邦-中壢,2024-05-10,9636
1589,永冠-KY,47,1,46,富邦-中壢,2024-05-10,9636
4958,臻鼎-KY,63,20,43,富邦-中壢,2024-05-10,9636
3033,威健,51,8,43,富邦-中壢,2024-05-10,9636
2371,大同,199,157,42,富邦-中壢,2024-05-10,9636
2405,輔信,44,2,42,富邦-中壢,2024-05-10,9636
3013,晟銘電,150,110,40,富邦-中壢,2024-05-10,9636
2025,千興,50,11,39,富邦-中壢,2024-05-10,9636
00637L,元大滬深300正2,61,24,37,富邦-中壢,2024-05-10,9636
3207,耀勝,36,1,35,富邦-中壢,2024-05-10,9636
2634,漢翔,39,5,34,富邦-中壢,2024-05-10,9636
1608,華榮,52,19,33,富邦-中壢,2024-05-10,9636
2109,華豐,91,60,31,富邦-中壢,2024-05-10,9636
3339,泰谷,38,7,31,富邦-中壢,2024-05-10,9636
5864,致和證,30,1,29,富邦-中壢,2024-05-10,9636
2382,廣達,38,9,29,富邦-中壢,2024-05-10,9636
3481,群創,128,100,28,富邦-中壢,2024-05-10,9636
1440,南紡,30,2,28,富邦-中壢,2024-05-10,9636
3706,神達,107,80,27,富邦-中壢,2024-05-10,9636
2542,興富發,35,8,27,富邦-中壢,2024-05-10,9636
2486,一詮,69,43,26,富邦-中壢,2024-05-10,9636
1609,大亞,85,60,25,富邦-中壢,2024-05-10,9636
2409,友達,29,5,24,富邦-中壢,2024-05-10,9636
6770,力積電,28,4,24,富邦-中壢,2024-05-10,9636
6285,啟��,29,6,23,富邦-中壢,2024-05-10,9636
6215,和椿,32,10,22,富邦-中壢,2024-05-10,9636
00669R,國泰美國道瓊反1,22,0,22,富邦-中壢,2024-05-10,9636
6278,台表科,21,0,21,富邦-中壢,2024-05-10,9636
00639,富邦深100,21,0,21,富邦-中壢,2024-05-10,9636
2851,中再保,20,0,20,富邦-中壢,2024-05-10,9636
1308,亞聚,20,0,20,富邦-中壢,2024-05-10,9636
00665L,富邦�琤肭磪囓�2,186,166,20,富邦-中壢,2024-05-10,9636
5521,工信,40,20,20,富邦-中壢,2024-05-10,9636
00650L,復華香港正2,848,40,808,富邦-中壢,2024-05-13,9636
00937B,群益ESG投等債20,596,33,563,富邦-中壢,2024-05-13,9636
00632R,元大台灣50反1,514,120,394,富邦-中壢,2024-05-13,9636
00929,復華台灣科技優息,647,291,356,富邦-中壢,2024-05-13,9636
00633L,富邦上証正2,328,84,244,富邦-中壢,2024-05-13,9636
2611,志信,265,28,237,富邦-中壢,2024-05-13,9636
00664R,國泰臺灣加權反1,206,0,206,富邦-中壢,2024-05-13,9636
2618,長榮航,305,112,193,富邦-中壢,2024-05-13,9636
9105,泰金寶-DR,205,19,186,富邦-中壢,2024-05-13,9636
2637,慧洋-KY,175,50,125,富邦-中壢,2024-05-13,9636
1714,和桐,120,3,117,富邦-中壢,2024-05-13,9636
00878,國泰永續高股息,155,62,93,富邦-中壢,2024-05-13,9636
2606,裕民,218,125,93,富邦-中壢,2024-05-13,9636
2891,中信金,94,7,87,富邦-中壢,2024-05-13,9636
3231,緯創,85,5,80,富邦-中壢,2024-05-13,9636
00946,群益科技高息成長,83,4,79,富邦-中壢,2024-05-13,9636
00715L,期街口布蘭特正2,82,3,79,富邦-中壢,2024-05-13,9636
2486,一詮,168,90,78,富邦-中壢,2024-05-13,9636
1589,永冠-KY,76,0,76,富邦-中壢,2024-05-13,9636
6125,廣運,118,49,69,富邦-中壢,2024-05-13,9636
00939,統一台灣高息動能,73,13,60,富邦-中壢,2024-05-13,9636
6026,福邦證,60,2,58,富邦-中壢,2024-05-13,9636
00720B,元大投資級公司債,63,6,57,富邦-中壢,2024-05-13,9636
2882,國泰金,95,38,57,富邦-中壢,2024-05-13,9636
2317,鴻海,104,48,56,富邦-中壢,2024-05-13,9636
3141,晶宏,59,3,56,富邦-中壢,2024-05-13,9636
00753L,中信中國50正2,65,10,55,富邦-中壢,2024-05-13,9636
4562,穎漢,99,46,53,富邦-中壢,2024-05-13,9636
2353,宏��,59,9,50,富邦-中壢,2024-05-13,9636
6213,聯茂,51,3,48,富邦-中壢,2024-05-13,9636
3481,群創,90,42,48,富邦-中壢,2024-05-13,9636
00944,野村趨勢動能高息,62,20,42,富邦-中壢,2024-05-13,9636
3303,岱稜,62,21,41,富邦-中壢,2024-05-13,9636
00932,兆豐永續高息等權,39,0,39,富邦-中壢,2024-05-13,9636
6506,雙邦,38,0,38,富邦-中壢,2024-05-13,9636
2344,華邦電,56,19,37,富邦-中壢,2024-05-13,9636
6548,長科*,38,2,36,富邦-中壢,2024-05-13,9636
00730,富邦臺灣優質高息,35,1,34,富邦-中壢,2024-05-13,9636
4513,福裕,34,0,34,富邦-中壢,2024-05-13,9636
2371,大同,144,113,31,富邦-中壢,2024-05-13,9636
2906,高林,30,0,30,富邦-中壢,2024-05-13,9636
5381,合正,60,31,29,富邦-中壢,2024-05-13,9636
5475,德宏,40,12,28,富邦-中壢,2024-05-13,9636
00680L,元大美債20正2,30,2,28,富邦-中壢,2024-05-13,9636
2888,新光金,45,17,28,富邦-中壢,2024-05-13,9636
8089,康全電訊,47,21,26,富邦-中壢,2024-05-13,9636
2855,統一證,25,0,25,富邦-中壢,2024-05-13,9636
3013,晟銘電,46,21,25,富邦-中壢,2024-05-13,9636
8070,長華*,43,20,23,富邦-中壢,2024-05-13,9636
1314,中石化,175,153,22,富邦-中壢,2024-05-13,9636
00632R,元大台灣50反1,373,6,367,富邦-中壢,2024-05-14,9636
2615,萬海,882,646,236,富邦-中壢,2024-05-14,9636
00665L,富邦�琤肭磪囓�2,219,1,218,富邦-中壢,2024-05-14,9636
2867,三商壽,152,1,151,富邦-中壢,2024-05-14,9636
9945,潤泰新,154,34,120,富邦-中壢,2024-05-14,9636
00937B,群益ESG投等債20,121,26,95,富邦-中壢,2024-05-14,9636
2371,大同,314,220,94,富邦-中壢,2024-05-14,9636
00633L,富邦上証正2,86,2,84,富邦-中壢,2024-05-14,9636
2610,華航,1336,1257,79,富邦-中壢,2024-05-14,9636
00932,兆豐永續高息等權,78,4,74,富邦-中壢,2024-05-14,9636
2317,鴻海,146,75,71,富邦-中壢,2024-05-14,9636
1522,堤維西,231,169,62,富邦-中壢,2024-05-14,9636
00753L,中信中國50正2,78,20,58,富邦-中壢,2024-05-14,9636
00882,中信中國高股息,91,35,56,富邦-中壢,2024-05-14,9636
00679B,元大美債20年,58,5,53,富邦-中壢,2024-05-14,9636
00650L,復華香港正2,49,0,49,富邦-中壢,2024-05-14,9636
2611,志信,63,21,42,富邦-中壢,2024-05-14,9636
2506,太設,41,0,41,富邦-中壢,2024-05-14,9636
1589,永冠-KY,40,0,40,富邦-中壢,2024-05-14,9636
2838,聯邦銀,35,0,35,富邦-中壢,2024-05-14,9636
6177,達麗,43,9,34,富邦-中壢,2024-05-14,9636
6269,台郡,35,5,30,富邦-中壢,2024-05-14,9636
2352,佳世達,31,1,30,富邦-中壢,2024-05-14,9636
1309,台達化,30,0,30,富邦-中壢,2024-05-14,9636
2313,華通,31,6,25,富邦-中壢,2024-05-14,9636
5475,德宏,25,0,25,富邦-中壢,2024-05-14,9636
2501,國建,110,85,25,富邦-中壢,2024-05-14,9636
00878,國泰永續高股息,96,71,25,富邦-中壢,2024-05-14,9636
2374,佳能,93,69,24,富邦-中壢,2024-05-14,9636
00720B,元大投資級公司債,25,1,24,富邦-中壢,2024-05-14,9636
2482,連宇,48,25,23,富邦-中壢,2024-05-14,9636
4716,大立,69,46,23,富邦-中壢,2024-05-14,9636
1513,中興電,42,20,22,富邦-中壢,2024-05-14,9636
2301,光寶科,23,1,22,富邦-中壢,2024-05-14,9636
5864,致和證,21,0,21,富邦-中壢,2024-05-14,9636
2855,統一證,21,0,21,富邦-中壢,2024-05-14,9636
1905,華紙,21,0,21,富邦-中壢,2024-05-14,9636
5608,四維航,58,37,21,富邦-中壢,2024-05-14,9636
3052,夆典,20,0,20,富邦-中壢,2024-05-14,9636
00944,野村趨勢動能高息,34,15,19,富邦-中壢,2024-05-14,9636
00850,元大臺灣ESG永續,20,1,19,富邦-中壢,2024-05-14,9636
2534,宏盛,19,0,19,富邦-中壢,2024-05-14,9636
8096,擎亞,88,69,19,富邦-中壢,2024-05-14,9636
2442,新美齊,19,0,19,富邦-中壢,2024-05-14,9636
1326,台化,20,1,19,富邦-中壢,2024-05-14,9636
5871,中租-KY,22,3,19,富邦-中壢,2024-05-14,9636
8107,大億金茂,18,0,18,富邦-中壢,2024-05-14,9636
00933B,國泰10Y+金融債,25,8,17,富邦-中壢,2024-05-14,9636
00941,中信上游半導體,36,20,16,富邦-中壢,2024-05-14,9636
1605,華新,24,8,16,富邦-中壢,2024-05-14,9636
00937B,群益ESG投等債20,870,40,830,富邦-中壢,2024-05-15,9636
00929,復華台灣科技優息,507,147,360,富邦-中壢,2024-05-15,9636
00940,元大台灣價值高息,389,35,354,富邦-中壢,2024-05-15,9636
00919,群益台灣精選高息,295,19,276,富邦-中壢,2024-05-15,9636
00665L,富邦�琤肭磪囓�2,253,40,213,富邦-中壢,2024-05-15,9636
2405,輔信,250,71,179,富邦-中壢,2024-05-15,9636
00944,野村趨勢動能高息,209,50,159,富邦-中壢,2024-05-15,9636
2356,英業達,289,132,157,富邦-中壢,2024-05-15,9636
4533,協易機,217,62,155,富邦-中壢,2024-05-15,9636
00878,國泰永續高股息,256,103,153,富邦-中壢,2024-05-15,9636
4414,如興,116,0,116,富邦-中壢,2024-05-15,9636
9105,泰金寶-DR,101,0,101,富邦-中壢,2024-05-15,9636
00633L,富邦上証正2,79,4,75,富邦-中壢,2024-05-15,9636
2352,佳世達,73,0,73,富邦-中壢,2024-05-15,9636
2363,矽統,171,99,72,富邦-中壢,2024-05-15,9636
00932,兆豐永續高息等權,58,0,58,富邦-中壢,2024-05-15,9636
00941,中信上游半導體,60,3,57,富邦-中壢,2024-05-15,9636
1589,永冠-KY,57,0,57,富邦-中壢,2024-05-15,9636
2313,華通,55,5,50,富邦-中壢,2024-05-15,9636
2618,長榮航,93,45,48,富邦-中壢,2024-05-15,9636
8110,華東,61,15,46,富邦-中壢,2024-05-15,9636
2476,鉅祥,99,57,42,富邦-中壢,2024-05-15,9636
2489,瑞軒,55,15,40,富邦-中壢,2024-05-15,9636
5608,四維航,55,15,40,富邦-中壢,2024-05-15,9636
8234,新漢,54,15,39,富邦-中壢,2024-05-15,9636
2323,中環,52,16,36,富邦-中壢,2024-05-15,9636
2534,宏盛,32,0,32,富邦-中壢,2024-05-15,9636
4716,大立,38,7,31,富邦-中壢,2024-05-15,9636
4440,宜新實業,30,0,30,富邦-中壢,2024-05-15,9636
3207,耀勝,30,0,30,富邦-中壢,2024-05-15,9636
2449,京元電子,37,8,29,富邦-中壢,2024-05-15,9636
6156,松上,28,0,28,富邦-中壢,2024-05-15,9636
8070,長華*,63,35,28,富邦-中壢,2024-05-15,9636
2406,國碩,69,42,27,富邦-中壢,2024-05-15,9636
6770,力積電,50,23,27,富邦-中壢,2024-05-15,9636
2613,中櫃,45,19,26,富邦-中壢,2024-05-15,9636
1605,華新,38,13,25,富邦-中壢,2024-05-15,9636
00945B,凱基美國非投等債,24,0,24,富邦-中壢,2024-05-15,9636
2542,興富發,24,1,23,富邦-中壢,2024-05-15,9636
5531,鄉林,32,9,23,富邦-中壢,2024-05-15,9636
8103,瀚荃,22,0,22,富邦-中壢,2024-05-15,9636
2371,大同,194,174,20,富邦-中壢,2024-05-15,9636
00664R,國泰臺灣加權反1,20,0,20,富邦-中壢,2024-05-15,9636
4542,科嶠,58,38,20,富邦-中壢,2024-05-15,9636
4927,泰鼎-KY,20,0,20,富邦-中壢,2024-05-15,9636
6177,達麗,37,17,20,富邦-中壢,2024-05-15,9636
3354,律勝,21,1,20,富邦-中壢,2024-05-15,9636
2006,東和鋼鐵,20,0,20,富邦-中壢,2024-05-15,9636
2637,慧洋-KY,26,7,19,富邦-中壢,2024-05-15,9636
6188,廣明,72,53,19,富邦-中壢,2024-05-15,9636
2409,友達,400,81,319,富邦-中壢,2024-05-16,9636
3231,緯創,213,44,169,富邦-中壢,2024-05-16,9636
2356,英業達,208,43,165,富邦-中壢,2024-05-16,9636
00679B,元大美債20年,178,19,159,富邦-中壢,2024-05-16,9636
00632R,元大台灣50反1,572,423,149,富邦-中壢,2024-05-16,9636
2609,陽明,630,515,115,富邦-中壢,2024-05-16,9636
2382,廣達,193,100,93,富邦-中壢,2024-05-16,9636
8071,能率網通,97,5,92,富邦-中壢,2024-05-16,9636
1718,中纖,92,3,89,富邦-中壢,2024-05-16,9636
00680L,元大美債20正2,114,52,62,富邦-中壢,2024-05-16,9636
00878,國泰永續高股息,237,177,60,富邦-中壢,2024-05-16,9636
6215,和椿,73,18,55,富邦-中壢,2024-05-16,9636
2317,鴻海,201,147,54,富邦-中壢,2024-05-16,9636
8114,振樺電,50,1,49,富邦-中壢,2024-05-16,9636
2405,輔信,88,40,48,富邦-中壢,2024-05-16,9636
9105,泰金寶-DR,107,60,47,富邦-中壢,2024-05-16,9636
5469,瀚宇博,50,5,45,富邦-中壢,2024-05-16,9636
2353,宏��,71,26,45,富邦-中壢,2024-05-16,9636
00929,復華台灣科技優息,189,147,42,富邦-中壢,2024-05-16,9636
00637L,元大滬深300正2,76,35,41,富邦-中壢,2024-05-16,9636
1308,亞聚,41,0,41,富邦-中壢,2024-05-16,9636
2104,國際中橡,50,10,40,富邦-中壢,2024-05-16,9636
00944,野村趨勢動能高息,39,0,39,富邦-中壢,2024-05-16,9636
00719B,元大美債1-3,37,1,36,富邦-中壢,2024-05-16,9636
6227,茂綸,45,10,35,富邦-中壢,2024-05-16,9636
2362,藍天,257,223,34,富邦-中壢,2024-05-16,9636
3535,晶彩科,57,23,34,富邦-中壢,2024-05-16,9636
9945,潤泰新,139,106,33,富邦-中壢,2024-05-16,9636
4533,協易機,324,292,32,富邦-中壢,2024-05-16,9636
6579,研揚,32,0,32,富邦-中壢,2024-05-16,9636
5443,均豪,39,8,31,富邦-中壢,2024-05-16,9636
6207,雷科,46,16,30,富邦-中壢,2024-05-16,9636
2301,光寶科,30,0,30,富邦-中壢,2024-05-16,9636
00945B,凱基美國非投等債,30,0,30,富邦-中壢,2024-05-16,9636
4927,泰鼎-KY,30,0,30,富邦-中壢,2024-05-16,9636
3444,利機,30,0,30,富邦-中壢,2024-05-16,9636
2520,冠德,48,20,28,富邦-中壢,2024-05-16,9636
5351,鈺創,45,17,28,富邦-中壢,2024-05-16,9636
912000,晨訊科-DR,27,0,27,富邦-中壢,2024-05-16,9636
00937B,群益ESG投等債20,107,83,24,富邦-中壢,2024-05-16,9636
3044,健鼎,24,1,23,富邦-中壢,2024-05-16,9636
6016,康和證,29,7,22,富邦-中壢,2024-05-16,9636
2365,昆盈,122,100,22,富邦-中壢,2024-05-16,9636
3038,全台,25,3,22,富邦-中壢,2024-05-16,9636
3363,上詮,135,113,22,富邦-中壢,2024-05-16,9636
00693U,期街口S＆P黃豆,33,13,20,富邦-中壢,2024-05-16,9636
3379,彬台,20,0,20,富邦-中壢,2024-05-16,9636
3492,長盛,20,0,20,富邦-中壢,2024-05-16,9636
00688L,國泰20年美債正2,51,32,19,富邦-中壢,2024-05-16,9636
2834,臺企銀,51,33,18,富邦-中壢,2024-05-16,9636
00929,復華台灣科技優息,487,71,416,富邦-中壢,2024-05-17,9636
00632R,元大台灣50反1,348,125,223,富邦-中壢,2024-05-17,9636
2489,瑞軒,382,186,196,富邦-中壢,2024-05-17,9636
00940,元大台灣價值高息,288,158,130,富邦-中壢,2024-05-17,9636
2371,大同,317,217,100,富邦-中壢,2024-05-17,9636
2317,鴻海,369,273,96,富邦-中壢,2024-05-17,9636
3376,新日興,102,18,84,富邦-中壢,2024-05-17,9636
9105,泰金寶-DR,121,43,78,富邦-中壢,2024-05-17,9636
6257,矽格,76,3,73,富邦-中壢,2024-05-17,9636
9904,寶成,85,16,69,富邦-中壢,2024-05-17,9636
2101,南港,69,2,67,富邦-中壢,2024-05-17,9636
0056,元大高股息,72,11,61,富邦-中壢,2024-05-17,9636
1312,國喬,60,0,60,富邦-中壢,2024-05-17,9636
2405,輔信,60,4,56,富邦-中壢,2024-05-17,9636
3481,群創,81,26,55,富邦-中壢,2024-05-17,9636
2834,臺企銀,62,7,55,富邦-中壢,2024-05-17,9636
00665L,富邦�琤肭磪囓�2,139,84,55,富邦-中壢,2024-05-17,9636
5392,能率,125,70,55,富邦-中壢,2024-05-17,9636
00919,群益台灣精選高息,93,39,54,富邦-中壢,2024-05-17,9636
2356,英業達,93,41,52,富邦-中壢,2024-05-17,9636
2241,艾姆勒,97,45,52,富邦-中壢,2024-05-17,9636
8088,品安,51,0,51,富邦-中壢,2024-05-17,9636
2506,太設,51,0,51,富邦-中壢,2024-05-17,9636
1304,台聚,50,0,50,富邦-中壢,2024-05-17,9636
9945,潤泰新,69,20,49,富邦-中壢,2024-05-17,9636
2417,圓剛,70,24,46,富邦-中壢,2024-05-17,9636
00915,凱基優選高股息30,50,4,46,富邦-中壢,2024-05-17,9636
00795B,中信美國公債20年,49,4,45,富邦-中壢,2024-05-17,9636
6609,瀧澤科,45,0,45,富邦-中壢,2024-05-17,9636
1314,中石化,47,2,45,富邦-中壢,2024-05-17,9636
3059,華晶科,113,69,44,富邦-中壢,2024-05-17,9636
2331,精英,53,10,43,富邦-中壢,2024-05-17,9636
9933,中鼎,42,3,39,富邦-中壢,2024-05-17,9636
00751B,元大AAA至A公司債,39,1,38,富邦-中壢,2024-05-17,9636
00680L,元大美債20正2,38,0,38,富邦-中壢,2024-05-17,9636
2408,南亞科,38,1,37,富邦-中壢,2024-05-17,9636
5469,瀚宇博,36,0,36,富邦-中壢,2024-05-17,9636
2609,陽明,111,75,36,富邦-中壢,2024-05-17,9636
8033,雷虎,46,12,34,富邦-中壢,2024-05-17,9636
2606,裕民,44,13,31,富邦-中壢,2024-05-17,9636
3576,聯合再生,149,118,31,富邦-中壢,2024-05-17,9636
3231,緯創,120,90,30,富邦-中壢,2024-05-17,9636
2374,佳能,270,240,30,富邦-中壢,2024-05-17,9636
1305,華夏,40,10,30,富邦-中壢,2024-05-17,9636
2352,佳世達,39,12,27,富邦-中壢,2024-05-17,9636
2887,台新金,38,11,27,富邦-中壢,2024-05-17,9636
6143,振曜,29,2,27,富邦-中壢,2024-05-17,9636
00679B,元大美債20年,47,21,26,富邦-中壢,2024-05-17,9636
2605,新興,48,23,25,富邦-中壢,2024-05-17,9636
6116,彩晶,32,7,25,富邦-中壢,2024-05-17,9636
00929,復華台灣科技優息,3851,159,3692,富邦-中壢,2024-05-20,9636
00665L,富邦�琤肭磪囓�2,243,53,190,富邦-中壢,2024-05-20,9636
00650L,復華香港正2,201,26,175,富邦-中壢,2024-05-20,9636
00940,元大台灣價值高息,262,87,175,富邦-中壢,2024-05-20,9636
00680L,元大美債20正2,174,0,174,富邦-中壢,2024-05-20,9636
2618,長榮航,350,177,173,富邦-中壢,2024-05-20,9636
00937B,群益ESG投等債20,201,55,146,富邦-中壢,2024-05-20,9636
00664R,國泰臺灣加權反1,143,0,143,富邦-中壢,2024-05-20,9636
2812,台中銀,140,10,130,富邦-中壢,2024-05-20,9636
2867,三商壽,217,91,126,富邦-中壢,2024-05-20,9636
3376,新日興,154,38,116,富邦-中壢,2024-05-20,9636
00915,凱基優選高股息30,90,2,88,富邦-中壢,2024-05-20,9636
8071,能率網通,96,23,73,富邦-中壢,2024-05-20,9636
8096,擎亞,156,88,68,富邦-中壢,2024-05-20,9636
6770,力積電,64,7,57,富邦-中壢,2024-05-20,9636
2329,華泰,132,77,55,富邦-中壢,2024-05-20,9636
00632R,元大台灣50反1,260,205,55,富邦-中壢,2024-05-20,9636
00679B,元大美債20年,113,60,53,富邦-中壢,2024-05-20,9636
3360,尚立,58,6,52,富邦-中壢,2024-05-20,9636
2317,鴻海,221,171,50,富邦-中壢,2024-05-20,9636
3489,森寶,50,0,50,富邦-中壢,2024-05-20,9636
9105,泰金寶-DR,80,30,50,富邦-中壢,2024-05-20,9636
2412,中華電,60,12,48,富邦-中壢,2024-05-20,9636
4513,福裕,52,5,47,富邦-中壢,2024-05-20,9636
3231,緯創,97,51,46,富邦-中壢,2024-05-20,9636
3305,昇貿,57,13,44,富邦-中壢,2024-05-20,9636
3686,達能,50,7,43,富邦-中壢,2024-05-20,9636
00919,群益台灣精選高息,177,135,42,富邦-中壢,2024-05-20,9636
3043,科風,42,0,42,富邦-中壢,2024-05-20,9636
5009,榮剛,63,23,40,富邦-中壢,2024-05-20,9636
00753L,中信中國50正2,69,30,39,富邦-中壢,2024-05-20,9636
00687B,國泰20年美債,55,17,38,富邦-中壢,2024-05-20,9636
00720B,元大投資級公司債,39,1,38,富邦-中壢,2024-05-20,9636
2534,宏盛,35,0,35,富邦-中壢,2024-05-20,9636
4906,正文,42,9,33,富邦-中壢,2024-05-20,9636
3024,憶聲,51,19,32,富邦-中壢,2024-05-20,9636
3234,光環,31,0,31,富邦-中壢,2024-05-20,9636
2327,國巨,31,0,31,富邦-中壢,2024-05-20,9636
2881,富邦金,34,4,30,富邦-中壢,2024-05-20,9636
00878,國泰永續高股息,123,92,31,富邦-中壢,2024-05-20,9636
4716,大立,30,0,30,富邦-中壢,2024-05-20,9636
5258,虹堡,31,2,29,富邦-中壢,2024-05-20,9636
00932,兆豐永續高息等權,28,0,28,富邦-中壢,2024-05-20,9636
2486,一詮,195,167,28,富邦-中壢,2024-05-20,9636
2354,鴻準,49,21,28,富邦-中壢,2024-05-20,9636
2610,華航,1469,1443,26,富邦-中壢,2024-05-20,9636
3051,力特,33,8,25,富邦-中壢,2024-05-20,9636
2104,國際中橡,25,1,24,富邦-中壢,2024-05-20,9636
1720,生達,32,10,22,富邦-中壢,2024-05-20,9636
2467,志聖,32,10,22,富邦-中壢,2024-05-20,9636
2888,新光金,453,5,448,富邦-中壢,2024-05-21,9636
00929,復華台灣科技優息,409,22,387,富邦-中壢,2024-05-21,9636
6125,廣運,534,150,384,富邦-中壢,2024-05-21,9636
00632R,元大台灣50反1,524,210,314,富邦-中壢,2024-05-21,9636
2915,潤泰全,153,1,152,富邦-中壢,2024-05-21,9636
00633L,富邦上証正2,150,0,150,富邦-中壢,2024-05-21,9636
2618,長榮航,176,49,127,富邦-中壢,2024-05-21,9636
00665L,富邦�琤肭磪囓�2,169,44,125,富邦-中壢,2024-05-21,9636
1314,中石化,116,7,109,富邦-中壢,2024-05-21,9636
00753L,中信中國50正2,174,72,102,富邦-中壢,2024-05-21,9636
00688L,國泰20年美債正2,100,0,100,富邦-中壢,2024-05-21,9636
2731,雄獅,91,5,86,富邦-中壢,2024-05-21,9636
2890,永豐金,79,2,77,富邦-中壢,2024-05-21,9636
00671R,富邦NASDAQ反1,73,0,73,富邦-中壢,2024-05-21,9636
3033,威健,124,59,65,富邦-中壢,2024-05-21,9636
00693U,期街口S＆P黃豆,60,0,60,富邦-中壢,2024-05-21,9636
2317,鴻海,110,51,59,富邦-中壢,2024-05-21,9636
2323,中環,56,0,56,富邦-中壢,2024-05-21,9636
2241,艾姆勒,104,53,51,富邦-中壢,2024-05-21,9636
3376,新日興,63,13,50,富邦-中壢,2024-05-21,9636
1905,華紙,49,0,49,富邦-中壢,2024-05-21,9636
912000,晨訊科-DR,49,0,49,富邦-中壢,2024-05-21,9636
5371,中光電,56,8,48,富邦-中壢,2024-05-21,9636
1608,華榮,115,68,47,富邦-中壢,2024-05-21,9636
5302,太欣,49,2,47,富邦-中壢,2024-05-21,9636
3164,景岳,45,0,45,富邦-中壢,2024-05-21,9636
2025,千興,45,0,45,富邦-中壢,2024-05-21,9636
00915,凱基優選高股息30,45,1,44,富邦-中壢,2024-05-21,9636
3360,尚立,45,3,42,富邦-中壢,2024-05-21,9636
1303,南亞,42,0,42,富邦-中壢,2024-05-21,9636
00919,群益台灣精選高息,77,37,40,富邦-中壢,2024-05-21,9636
00882,中信中國高股息,99,59,40,富邦-中壢,2024-05-21,9636
2324,仁寶,45,6,39,富邦-中壢,2024-05-21,9636
3051,力特,39,0,39,富邦-中壢,2024-05-21,9636
9945,潤泰新,78,39,39,富邦-中壢,2024-05-21,9636
00878,國泰永續高股息,118,82,36,富邦-中壢,2024-05-21,9636
2489,瑞軒,126,92,34,富邦-中壢,2024-05-21,9636
2363,矽統,60,27,33,富邦-中壢,2024-05-21,9636
2515,中工,62,30,32,富邦-中壢,2024-05-21,9636
3576,聯合再生,38,6,32,富邦-中壢,2024-05-21,9636
2845,遠東銀,34,2,32,富邦-中壢,2024-05-21,9636
2331,精英,32,1,31,富邦-中壢,2024-05-21,9636
2534,宏盛,30,0,30,富邦-中壢,2024-05-21,9636
00930,永豐ESG低碳高息,30,0,30,富邦-中壢,2024-05-21,9636
2027,大成鋼,60,31,29,富邦-中壢,2024-05-21,9636
00942B,台新美A公司債20+,30,1,29,富邦-中壢,2024-05-21,9636
8064,東捷,42,14,28,富邦-中壢,2024-05-21,9636
3390,旭軟,39,11,28,富邦-中壢,2024-05-21,9636
2109,華豐,28,0,28,富邦-中壢,2024-05-21,9636
2855,統一證,30,2,28,富邦-中壢,2024-05-21,9636
00918,大華優利高填息30,347,36,311,富邦-中壢,2024-05-22,9636
00632R,元大台灣50反1,819,582,237,富邦-中壢,2024-05-22,9636
2888,新光金,207,12,195,富邦-中壢,2024-05-22,9636
00665L,富邦�琤肭磪囓�2,204,68,136,富邦-中壢,2024-05-22,9636
2409,友達,464,330,134,富邦-中壢,2024-05-22,9636
2354,鴻準,144,28,116,富邦-中壢,2024-05-22,9636
00937B,群益ESG投等債20,159,60,99,富邦-中壢,2024-05-22,9636
6125,廣運,607,509,98,富邦-中壢,2024-05-22,9636
8933,愛地雅,96,0,96,富邦-中壢,2024-05-22,9636
2367,燿華,407,318,89,富邦-中壢,2024-05-22,9636
2002,中鋼,91,2,89,富邦-中壢,2024-05-22,9636
3481,群創,285,198,87,富邦-中壢,2024-05-22,9636
3013,晟銘電,240,155,85,富邦-中壢,2024-05-22,9636
2883,凱基金,111,31,80,富邦-中壢,2024-05-22,9636
2884,玉山金,90,12,78,富邦-中壢,2024-05-22,9636
00715L,期街口布蘭特正2,72,0,72,富邦-中壢,2024-05-22,9636
1303,南亞,72,0,72,富邦-中壢,2024-05-22,9636
5009,榮剛,75,8,67,富邦-中壢,2024-05-22,9636
2867,三商壽,70,5,65,富邦-中壢,2024-05-22,9636
1409,新纖,66,2,64,富邦-中壢,2024-05-22,9636
2504,國產,69,6,63,富邦-中壢,2024-05-22,9636
00940,元大台灣價值高息,158,95,63,富邦-中壢,2024-05-22,9636
8096,擎亞,134,81,53,富邦-中壢,2024-05-22,9636
912000,晨訊科-DR,50,0,50,富邦-中壢,2024-05-22,9636
5302,太欣,49,0,49,富邦-中壢,2024-05-22,9636
3060,銘異,94,47,47,富邦-中壢,2024-05-22,9636
2489,瑞軒,93,46,47,富邦-中壢,2024-05-22,9636
00795B,中信美國公債20年,45,0,45,富邦-中壢,2024-05-22,9636
1605,華新,90,46,44,富邦-中壢,2024-05-22,9636
3141,晶宏,42,0,42,富邦-中壢,2024-05-22,9636
2101,南港,52,11,41,富邦-中壢,2024-05-22,9636
1711,永光,47,7,40,富邦-中壢,2024-05-22,9636
2890,永豐金,39,0,39,富邦-中壢,2024-05-22,9636
00933B,國泰10Y+金融債,51,12,39,富邦-中壢,2024-05-22,9636
8110,華東,79,43,36,富邦-中壢,2024-05-22,9636
4533,協易機,148,116,32,富邦-中壢,2024-05-22,9636
6207,雷科,48,17,31,富邦-中壢,2024-05-22,9636
4543,萬在,104,73,31,富邦-中壢,2024-05-22,9636
3312,弘憶股,88,58,30,富邦-中壢,2024-05-22,9636
00924,復華S＆P500成長,30,0,30,富邦-中壢,2024-05-22,9636
1504,東元,161,132,29,富邦-中壢,2024-05-22,9636
6161,捷波,32,3,29,富邦-中壢,2024-05-22,9636
2449,京元電子,38,9,29,富邦-中壢,2024-05-22,9636
9103,美德醫療-DR,28,0,28,富邦-中壢,2024-05-22,9636
1102,亞泥,26,0,26,富邦-中壢,2024-05-22,9636
2206,三陽工業,31,5,26,富邦-中壢,2024-05-22,9636
4303,信立,30,4,26,富邦-中壢,2024-05-22,9636
4720,德淵,25,0,25,富邦-中壢,2024-05-22,9636
6609,瀧澤科,26,2,24,富邦-中壢,2024-05-22,9636
2610,華航,1626,1602,24,富邦-中壢,2024-05-22,9636
00632R,元大台灣50反1,541,200,341,富邦-中壢,2024-05-23,9636
00937B,群益ESG投等債20,390,76,314,富邦-中壢,2024-05-23,9636
00665L,富邦�琤肭磪囓�2,449,182,267,富邦-中壢,2024-05-23,9636
00633L,富邦上証正2,247,10,237,富邦-中壢,2024-05-23,9636
00753L,中信中國50正2,302,65,237,富邦-中壢,2024-05-23,9636
2520,冠德,199,6,193,富邦-中壢,2024-05-23,9636
5452,佶優,202,17,185,富邦-中壢,2024-05-23,9636
1314,中石化,164,14,150,富邦-中壢,2024-05-23,9636
2405,輔信,186,38,148,富邦-中壢,2024-05-23,9636
3481,群創,270,129,141,富邦-中壢,2024-05-23,9636
00916,國泰全球品牌50,111,0,111,富邦-中壢,2024-05-23,9636
4533,協易機,216,108,108,富邦-中壢,2024-05-23,9636
5371,中光電,143,36,107,富邦-中壢,2024-05-23,9636
2356,英業達,137,32,105,富邦-中壢,2024-05-23,9636
1217,愛之味,100,1,99,富邦-中壢,2024-05-23,9636
00943,兆豐電子高息等權,90,0,90,富邦-中壢,2024-05-23,9636
1810,和成,110,30,80,富邦-中壢,2024-05-23,9636
6147,頎邦,78,1,77,富邦-中壢,2024-05-23,9636
6120,達運,80,4,76,富邦-中壢,2024-05-23,9636
2324,仁寶,132,57,75,富邦-中壢,2024-05-23,9636
00715L,期街口布蘭特正2,75,1,74,富邦-中壢,2024-05-23,9636
00882,中信中國高股息,134,62,72,富邦-中壢,2024-05-23,9636
8070,長華*,80,12,68,富邦-中壢,2024-05-23,9636
1608,華榮,104,37,67,富邦-中壢,2024-05-23,9636
2009,第一銅,101,35,66,富邦-中壢,2024-05-23,9636
2838,聯邦銀,64,0,64,富邦-中壢,2024-05-23,9636
4909,新復興,71,9,62,富邦-中壢,2024-05-23,9636
8936,國統,106,44,62,富邦-中壢,2024-05-23,9636
1735,日勝化,60,0,60,富邦-中壢,2024-05-23,9636
1531,高林股,59,0,59,富邦-中壢,2024-05-23,9636
6142,友勁,59,1,58,富邦-中壢,2024-05-23,9636
2020,美亞,59,2,57,富邦-中壢,2024-05-23,9636
8028,昇陽半導體,63,7,56,富邦-中壢,2024-05-23,9636
2867,三商壽,78,24,54,富邦-中壢,2024-05-23,9636
2483,百容,111,57,54,富邦-中壢,2024-05-23,9636
00919,群益台灣精選高息,92,38,54,富邦-中壢,2024-05-23,9636
2891,中信金,77,23,54,富邦-中壢,2024-05-23,9636
00946,群益科技高息成長,75,23,52,富邦-中壢,2024-05-23,9636
00924,復華S＆P500成長,48,0,48,富邦-中壢,2024-05-23,9636
2353,宏��,479,432,47,富邦-中壢,2024-05-23,9636
1815,富喬,484,440,44,富邦-中壢,2024-05-23,9636
2542,興富發,44,3,41,富邦-中壢,2024-05-23,9636
5871,中租-KY,42,1,41,富邦-中壢,2024-05-23,9636
2420,新巨,55,15,40,富邦-中壢,2024-05-23,9636
4513,福裕,42,3,39,富邦-中壢,2024-05-23,9636
2363,矽統,83,44,39,富邦-中壢,2024-05-23,9636
9904,寶成,54,15,39,富邦-中壢,2024-05-23,9636
00944,野村趨勢動能高息,40,3,37,富邦-中壢,2024-05-23,9636
3312,弘憶股,73,36,37,富邦-中壢,2024-05-23,9636
2449,京元電子,61,25,36,富邦-中壢,2024-05-23,9636
00937B,群益ESG投等債20,535,24,511,富邦-中壢,2024-05-24,9636
9105,泰金寶-DR,560,174,386,富邦-中壢,2024-05-24,9636
2613,中櫃,263,32,231,富邦-中壢,2024-05-24,9636
2897,王道銀行,203,0,203,富邦-中壢,2024-05-24,9636
4414,如興,188,4,184,富邦-中壢,2024-05-24,9636
00632R,元大台灣50反1,170,0,170,富邦-中壢,2024-05-24,9636
2002,中鋼,144,3,141,富邦-中壢,2024-05-24,9636
00753L,中信中國50正2,144,8,136,富邦-中壢,2024-05-24,9636
00712,復華富時不動產,133,0,133,富邦-中壢,2024-05-24,9636
1220,台榮,120,0,120,富邦-中壢,2024-05-24,9636
00919,群益台灣精選高息,156,38,118,富邦-中壢,2024-05-24,9636
00665L,富邦�琤肭磪囓�2,181,72,109,富邦-中壢,2024-05-24,9636
00687B,國泰20年美債,137,28,109,富邦-中壢,2024-05-24,9636
00720B,元大投資級公司債,103,2,101,富邦-中壢,2024-05-24,9636
2392,正崴,225,135,90,富邦-中壢,2024-05-24,9636
00946,群益科技高息成長,89,0,89,富邦-中壢,2024-05-24,9636
6770,力積電,98,17,81,富邦-中壢,2024-05-24,9636
6234,高僑,78,4,74,富邦-中壢,2024-05-24,9636
2486,一詮,186,113,73,富邦-中壢,2024-05-24,9636
00633L,富邦上証正2,87,15,72,富邦-中壢,2024-05-24,9636
2891,中信金,64,9,55,富邦-中壢,2024-05-24,9636
2542,興富發,66,16,50,富邦-中壢,2024-05-24,9636
2834,臺企銀,45,1,44,富邦-中壢,2024-05-24,9636
9904,寶成,45,1,44,富邦-中壢,2024-05-24,9636
3060,銘異,83,39,44,富邦-中壢,2024-05-24,9636
6147,頎邦,42,1,41,富邦-中壢,2024-05-24,9636
00772B,中信高評級公司債,41,0,41,富邦-中壢,2024-05-24,9636
6117,迎廣,88,50,38,富邦-中壢,2024-05-24,9636
3706,神達,143,106,37,富邦-中壢,2024-05-24,9636
00679B,元大美債20年,39,3,36,富邦-中壢,2024-05-24,9636
00878,國泰永續高股息,63,28,35,富邦-中壢,2024-05-24,9636
2892,第一金,37,4,33,富邦-中壢,2024-05-24,9636
2303,聯電,115,82,33,富邦-中壢,2024-05-24,9636
2365,昆盈,279,247,32,富邦-中壢,2024-05-24,9636
6177,達麗,35,2,33,富邦-中壢,2024-05-24,9636
2324,仁寶,77,45,32,富邦-中壢,2024-05-24,9636
6190,萬泰科,99,69,30,富邦-中壢,2024-05-24,9636
3062,建漢,47,17,30,富邦-中壢,2024-05-24,9636
00857B,永豐20年美公債,27,0,27,富邦-中壢,2024-05-24,9636
2354,鴻準,33,6,27,富邦-中壢,2024-05-24,9636
1735,日勝化,23,0,23,富邦-中壢,2024-05-24,9636
1314,中石化,25,3,22,富邦-中壢,2024-05-24,9636
00751B,元大AAA至A公司債,21,0,21,富邦-中壢,2024-05-24,9636
6278,台表科,21,0,21,富邦-中壢,2024-05-24,9636
5371,中光電,29,8,21,富邦-中壢,2024-05-24,9636
2615,萬海,53,33,20,富邦-中壢,2024-05-24,9636
8089,康全電訊,22,2,20,富邦-中壢,2024-05-24,9636
6125,廣運,200,181,19,富邦-中壢,2024-05-24,9636
2887,台新金,32,13,19,富邦-中壢,2024-05-24,9636
00904,新光臺灣半導體30,20,2,18,富邦-中壢,2024-05-24,9636
00946,群益科技高息成長,242,6,236,富邦-中壢,2024-05-27,9636
1815,富喬,337,172,165,富邦-中壢,2024-05-27,9636
2353,宏��,388,233,155,富邦-中壢,2024-05-27,9636
2882,國泰金,162,20,142,富邦-中壢,2024-05-27,9636
2002,中鋼,149,30,119,富邦-中壢,2024-05-27,9636
3481,群創,240,122,118,富邦-中壢,2024-05-27,9636
00936,台新永續高息中小,115,0,115,富邦-中壢,2024-05-27,9636
2834,臺企銀,109,6,103,富邦-中壢,2024-05-27,9636
2883,凱基金,113,16,97,富邦-中壢,2024-05-27,9636
4414,如興,93,0,93,富邦-中壢,2024-05-27,9636
00665L,富邦�琤肭磪囓�2,74,3,71,富邦-中壢,2024-05-27,9636
3047,訊舟,305,236,69,富邦-中壢,2024-05-27,9636
2888,新光金,68,1,67,富邦-中壢,2024-05-27,9636
2489,瑞軒,266,201,65,富邦-中壢,2024-05-27,9636
2618,長榮航,86,22,64,富邦-中壢,2024-05-27,9636
2610,華航,102,38,64,富邦-中壢,2024-05-27,9636
6005,群益證,65,2,63,富邦-中壢,2024-05-27,9636
6414,樺漢,63,6,57,富邦-中壢,2024-05-27,9636
2340,台亞,55,0,55,富邦-中壢,2024-05-27,9636
00679B,元大美債20年,57,7,50,富邦-中壢,2024-05-27,9636
3338,泰碩,91,52,39,富邦-中壢,2024-05-27,9636
912000,晨訊科-DR,80,43,37,富邦-中壢,2024-05-27,9636
2465,麗臺,40,5,35,富邦-中壢,2024-05-27,9636
00637L,元大滬深300正2,68,33,35,富邦-中壢,2024-05-27,9636
1220,台榮,33,0,33,富邦-中壢,2024-05-27,9636
9945,潤泰新,46,15,31,富邦-中壢,2024-05-27,9636
2520,冠德,33,2,31,富邦-中壢,2024-05-27,9636
00933B,國泰10Y+金融債,31,0,31,富邦-中壢,2024-05-27,9636
6147,頎邦,32,2,30,富邦-中壢,2024-05-27,9636
5302,太欣,40,10,30,富邦-中壢,2024-05-27,9636
8028,昇陽半導體,95,66,29,富邦-中壢,2024-05-27,9636
2867,三商壽,62,34,28,富邦-中壢,2024-05-27,9636
2613,中櫃,28,0,28,富邦-中壢,2024-05-27,9636
2633,台灣高鐵,27,0,27,富邦-中壢,2024-05-27,9636
2460,建通,30,5,25,富邦-中壢,2024-05-27,9636
00882,中信中國高股息,33,9,24,富邦-中壢,2024-05-27,9636
00712,復華富時不動產,57,32,25,富邦-中壢,2024-05-27,9636
4714,永捷,27,3,24,富邦-中壢,2024-05-27,9636
2324,仁寶,108,84,24,富邦-中壢,2024-05-27,9636
3483,力致,40,17,23,富邦-中壢,2024-05-27,9636
2401,凌陽,74,52,22,富邦-中壢,2024-05-27,9636
2330,台積電,24,2,22,富邦-中壢,2024-05-27,9636
2236,百達-KY,22,1,21,富邦-中壢,2024-05-27,9636
2881,富邦金,31,11,20,富邦-中壢,2024-05-27,9636
1527,鑽全,21,1,20,富邦-中壢,2024-05-27,9636
8114,振樺電,20,0,20,富邦-中壢,2024-05-27,9636
00719B,元大美債1-3,20,0,20,富邦-中壢,2024-05-27,9636
2838,聯邦銀,30,10,20,富邦-中壢,2024-05-27,9636
2506,太設,20,0,20,富邦-中壢,2024-05-27,9636
1725,元禎,20,1,19,富邦-中壢,2024-05-27,9636
00919,群益台灣精選高息,1298,12,1286,富邦-中壢,2024-05-28,9636
00937B,群益ESG投等債20,755,144,611,富邦-中壢,2024-05-28,9636
00665L,富邦�琤肭磪囓�2,398,147,251,富邦-中壢,2024-05-28,9636
00753L,中信中國50正2,272,35,237,富邦-中壢,2024-05-28,9636
2363,矽統,488,312,176,富邦-中壢,2024-05-28,9636
2891,中信金,160,5,155,富邦-中壢,2024-05-28,9636
9105,泰金寶-DR,386,253,133,富邦-中壢,2024-05-28,9636
1323,永裕,88,0,88,富邦-中壢,2024-05-28,9636
2369,菱生,95,12,83,富邦-中壢,2024-05-28,9636
1569,濱川,80,1,79,富邦-中壢,2024-05-28,9636
2609,陽明,144,67,77,富邦-中壢,2024-05-28,9636
00712,復華富時不動產,75,0,75,富邦-中壢,2024-05-28,9636
2605,新興,118,49,69,富邦-中壢,2024-05-28,9636
6188,廣明,145,77,68,富邦-中壢,2024-05-28,9636
00946,群益科技高息成長,68,2,66,富邦-中壢,2024-05-28,9636
6005,群益證,67,1,66,富邦-中壢,2024-05-28,9636
2353,宏��,176,113,63,富邦-中壢,2024-05-28,9636
00935,野村臺灣新科技50,73,15,58,富邦-中壢,2024-05-28,9636
00929,復華台灣科技優息,158,103,55,富邦-中壢,2024-05-28,9636
5498,凱崴,114,61,53,富邦-中壢,2024-05-28,9636
2542,興富發,124,71,53,富邦-中壢,2024-05-28,9636
2009,第一銅,59,8,51,富邦-中壢,2024-05-28,9636
6265,方土昶,52,2,50,富邦-中壢,2024-05-28,9636
4526,東台,65,16,49,富邦-中壢,2024-05-28,9636
3481,群創,65,17,48,富邦-中壢,2024-05-28,9636
2405,輔信,118,69,49,富邦-中壢,2024-05-28,9636
6125,廣運,98,50,48,富邦-中壢,2024-05-28,9636
2603,長榮,96,50,46,富邦-中壢,2024-05-28,9636
2515,中工,87,42,45,富邦-中壢,2024-05-28,9636
2324,仁寶,53,8,45,富邦-中壢,2024-05-28,9636
2641,正德,175,131,44,富邦-中壢,2024-05-28,9636
4714,永捷,68,26,42,富邦-中壢,2024-05-28,9636
00915,凱基優選高股息30,43,2,41,富邦-中壢,2024-05-28,9636
1522,堤維西,90,50,40,富邦-中壢,2024-05-28,9636
3164,景岳,37,0,37,富邦-中壢,2024-05-28,9636
2313,華通,38,3,35,富邦-中壢,2024-05-28,9636
4543,萬在,103,70,33,富邦-中壢,2024-05-28,9636
00857B,永豐20年美公債,33,0,33,富邦-中壢,2024-05-28,9636
2615,萬海,82,49,33,富邦-中壢,2024-05-28,9636
2486,一詮,92,60,32,富邦-中壢,2024-05-28,9636
00888,永豐台灣ESG,30,0,30,富邦-中壢,2024-05-28,9636
3005,神基,58,29,29,富邦-中壢,2024-05-28,9636
2611,志信,39,10,29,富邦-中壢,2024-05-28,9636
2025,千興,30,1,29,富邦-中壢,2024-05-28,9636
6187,萬潤,35,6,29,富邦-中壢,2024-05-28,9636
5443,均豪,56,27,29,富邦-中壢,2024-05-28,9636
00679B,元大美債20年,72,44,28,富邦-中壢,2024-05-28,9636
3498,陽程,38,10,28,富邦-中壢,2024-05-28,9636
5371,中光電,59,31,28,富邦-中壢,2024-05-28,9636
00918,大華優利高填息30,32,5,27,富邦-中壢,2024-05-28,9636
00937B,群益ESG投等債20,1473,115,1358,富邦-中壢,2024-05-29,9636
2312,金寶,450,41,409,富邦-中壢,2024-05-29,9636
00679B,元大美債20年,265,43,222,富邦-中壢,2024-05-29,9636
4533,協易機,294,90,204,富邦-中壢,2024-05-29,9636
4414,如興,177,0,177,富邦-中壢,2024-05-29,9636
00687B,國泰20年美債,196,23,173,富邦-中壢,2024-05-29,9636
2406,國碩,175,4,171,富邦-中壢,2024-05-29,9636
2489,瑞軒,343,195,148,富邦-中壢,2024-05-29,9636
00878,國泰永續高股息,165,25,140,富邦-中壢,2024-05-29,9636
2891,中信金,183,54,129,富邦-中壢,2024-05-29,9636
6237,驊訊,140,20,120,富邦-中壢,2024-05-29,9636
00946,群益科技高息成長,122,4,118,富邦-中壢,2024-05-29,9636
2610,華航,1699,1584,115,富邦-中壢,2024-05-29,9636
2409,友達,142,29,113,富邦-中壢,2024-05-29,9636
00753L,中信中國50正2,120,7,113,富邦-中壢,2024-05-29,9636
2886,兆豐金,123,14,109,富邦-中壢,2024-05-29,9636
2867,三商壽,190,91,99,富邦-中壢,2024-05-29,9636
00688L,國泰20年美債正2,142,50,92,富邦-中壢,2024-05-29,9636
5452,佶優,101,11,90,富邦-中壢,2024-05-29,9636
6189,豐藝,128,40,88,富邦-中壢,2024-05-29,9636
2353,宏��,253,167,86,富邦-中壢,2024-05-29,9636
2317,鴻海,257,172,85,富邦-中壢,2024-05-29,9636
2401,凌陽,361,284,77,富邦-中壢,2024-05-29,9636
3481,群創,153,76,77,富邦-中壢,2024-05-29,9636
00632R,元大台灣50反1,76,0,76,富邦-中壢,2024-05-29,9636
2002,中鋼,82,10,72,富邦-中壢,2024-05-29,9636
3047,訊舟,268,198,70,富邦-中壢,2024-05-29,9636
00929,復華台灣科技優息,252,193,59,富邦-中壢,2024-05-29,9636
2905,三商,61,2,59,富邦-中壢,2024-05-29,9636
2344,華邦電,60,3,57,富邦-中壢,2024-05-29,9636
1785,光洋科,114,59,55,富邦-中壢,2024-05-29,9636
5608,四維航,92,39,53,富邦-中壢,2024-05-29,9636
3450,聯鈞,94,41,53,富邦-中壢,2024-05-29,9636
9904,寶成,53,2,51,富邦-中壢,2024-05-29,9636
8374,羅昇,56,6,50,富邦-中壢,2024-05-29,9636
2883,凱基金,58,8,50,富邦-中壢,2024-05-29,9636
9945,潤泰新,61,14,47,富邦-中壢,2024-05-29,9636
2884,玉山金,53,7,46,富邦-中壢,2024-05-29,9636
5880,合庫金,45,0,45,富邦-中壢,2024-05-29,9636
6140,訊達,76,31,45,富邦-中壢,2024-05-29,9636
3062,建漢,56,12,44,富邦-中壢,2024-05-29,9636
00751B,元大AAA至A公司債,43,0,43,富邦-中壢,2024-05-29,9636
4952,凌通,79,37,42,富邦-中壢,2024-05-29,9636
6209,今國光,103,61,42,富邦-中壢,2024-05-29,9636
4909,新復興,65,23,42,富邦-中壢,2024-05-29,9636
2618,長榮航,121,80,41,富邦-中壢,2024-05-29,9636
3380,明泰,87,46,41,富邦-中壢,2024-05-29,9636
00795B,中信美國公債20年,51,10,41,富邦-中壢,2024-05-29,9636
00915,凱基優選高股息30,55,14,41,富邦-中壢,2024-05-29,9636
6719,力智,45,6,39,富邦-中壢,2024-05-29,9636
00937B,群益ESG投等債20,563,37,526,富邦-中壢,2024-05-30,9636
2312,金寶,420,20,400,富邦-中壢,2024-05-30,9636
00919,群益台灣精選高息,454,77,377,富邦-中壢,2024-05-30,9636
00929,復華台灣科技優息,473,244,229,富邦-中壢,2024-05-30,9636
00679B,元大美債20年,230,3,227,富邦-中壢,2024-05-30,9636
00688L,國泰20年美債正2,226,0,226,富邦-中壢,2024-05-30,9636
2883,凱基金,214,10,204,富邦-中壢,2024-05-30,9636
2405,輔信,348,194,154,富邦-中壢,2024-05-30,9636
9105,泰金寶-DR,156,10,146,富邦-中壢,2024-05-30,9636
2891,中信金,140,15,125,富邦-中壢,2024-05-30,9636
00633L,富邦上証正2,126,15,111,富邦-中壢,2024-05-30,9636
00940,元大台灣價值高息,186,75,111,富邦-中壢,2024-05-30,9636
00878,國泰永續高股息,143,42,101,富邦-中壢,2024-05-30,9636
5469,瀚宇博,130,30,100,富邦-中壢,2024-05-30,9636
6609,瀧澤科,100,1,99,富邦-中壢,2024-05-30,9636
2371,大同,109,14,95,富邦-中壢,2024-05-30,9636
2605,新興,498,407,91,富邦-中壢,2024-05-30,9636
2886,兆豐金,90,3,87,富邦-中壢,2024-05-30,9636
2353,宏��,156,71,85,富邦-中壢,2024-05-30,9636
2356,英業達,108,30,78,富邦-中壢,2024-05-30,9636
1522,堤維西,81,6,75,富邦-中壢,2024-05-30,9636
2344,華邦電,71,2,69,富邦-中壢,2024-05-30,9636
00665L,富邦�琤肭磪囓�2,114,45,69,富邦-中壢,2024-05-30,9636
00753L,中信中國50正2,81,12,69,富邦-中壢,2024-05-30,9636
1303,南亞,71,2,69,富邦-中壢,2024-05-30,9636
8105,凌巨,98,30,68,富邦-中壢,2024-05-30,9636
2002,中鋼,69,1,68,富邦-中壢,2024-05-30,9636
2506,太設,66,0,66,富邦-中壢,2024-05-30,9636
00795B,中信美國公債20年,66,0,66,富邦-中壢,2024-05-30,9636
2538,基泰,104,41,63,富邦-中壢,2024-05-30,9636
4716,大立,63,0,63,富邦-中壢,2024-05-30,9636
2618,長榮航,142,80,62,富邦-中壢,2024-05-30,9636
2834,臺企銀,77,16,61,富邦-中壢,2024-05-30,9636
2905,三商,60,1,59,富邦-中壢,2024-05-30,9636
00680L,元大美債20正2,63,7,56,富邦-中壢,2024-05-30,9636
2330,台積電,98,43,55,富邦-中壢,2024-05-30,9636
00946,群益科技高息成長,56,2,54,富邦-中壢,2024-05-30,9636
4909,新復興,55,1,54,富邦-中壢,2024-05-30,9636
2313,華通,67,15,52,富邦-中壢,2024-05-30,9636
6719,力智,53,2,51,富邦-中壢,2024-05-30,9636
4414,如興,51,0,51,富邦-中壢,2024-05-30,9636
2354,鴻準,137,86,51,富邦-中壢,2024-05-30,9636
6265,方土昶,50,0,50,富邦-中壢,2024-05-30,9636
3498,陽程,48,2,46,富邦-中壢,2024-05-30,9636
3321,同泰,52,6,46,富邦-中壢,2024-05-30,9636
2610,華航,1865,1822,43,富邦-中壢,2024-05-30,9636
2301,光寶科,82,40,42,富邦-中壢,2024-05-30,9636
1304,台聚,41,0,41,富邦-中壢,2024-05-30,9636
2888,新光金,62,21,41,富邦-中壢,2024-05-30,9636
2892,第一金,36,0,36,富邦-中壢,2024-05-30,9636
2609,陽明,929,304,625,富邦-中壢,2024-05-31,9636
00919,群益台灣精選高息,649,117,532,富邦-中壢,2024-05-31,9636
00688L,國泰20年美債正2,249,0,249,富邦-中壢,2024-05-31,9636
00946,群益科技高息成長,241,2,239,富邦-中壢,2024-05-31,9636
3047,訊舟,289,87,202,富邦-中壢,2024-05-31,9636
00712,復華富時不動產,191,11,180,富邦-中壢,2024-05-31,9636
3231,緯創,411,236,175,富邦-中壢,2024-05-31,9636
00929,復華台灣科技優息,473,331,142,富邦-中壢,2024-05-31,9636
2317,鴻海,223,94,129,富邦-中壢,2024-05-31,9636
2897,王道銀行,100,0,100,富邦-中壢,2024-05-31,9636
00878,國泰永續高股息,132,35,97,富邦-中壢,2024-05-31,9636
1815,富喬,351,255,96,富邦-中壢,2024-05-31,9636
00715L,期街口布蘭特正2,91,0,91,富邦-中壢,2024-05-31,9636
2002,中鋼,100,9,91,富邦-中壢,2024-05-31,9636
2883,凱基金,102,11,91,富邦-中壢,2024-05-31,9636
4533,協易機,179,97,82,富邦-中壢,2024-05-31,9636
9105,泰金寶-DR,450,370,80,富邦-中壢,2024-05-31,9636
2369,菱生,103,28,75,富邦-中壢,2024-05-31,9636
1326,台化,83,15,68,富邦-中壢,2024-05-31,9636
2409,友達,86,23,63,富邦-中壢,2024-05-31,9636
2382,廣達,75,15,60,富邦-中壢,2024-05-31,9636
2442,新美齊,55,1,54,富邦-中壢,2024-05-31,9636
00751B,元大AAA至A公司債,50,0,50,富邦-中壢,2024-05-31,9636
5302,太欣,56,6,50,富邦-中壢,2024-05-31,9636
2344,華邦電,55,5,50,富邦-中壢,2024-05-31,9636
2363,矽統,82,32,50,富邦-中壢,2024-05-31,9636
6658,聯策,60,11,49,富邦-中壢,2024-05-31,9636
2527,宏璟,51,7,44,富邦-中壢,2024-05-31,9636
00940,元大台灣價值高息,171,128,43,富邦-中壢,2024-05-31,9636
2367,燿華,165,122,43,富邦-中壢,2024-05-31,9636
2328,廣宇,89,50,39,富邦-中壢,2024-05-31,9636
00679B,元大美債20年,45,6,39,富邦-中壢,2024-05-31,9636
00939,統一台灣高息動能,51,12,39,富邦-中壢,2024-05-31,9636
1714,和桐,38,0,38,富邦-中壢,2024-05-31,9636
3025,星通,37,0,37,富邦-中壢,2024-05-31,9636
2603,長榮,68,33,35,富邦-中壢,2024-05-31,9636
1718,中纖,40,5,35,富邦-中壢,2024-05-31,9636
00918,大華優利高填息30,68,33,35,富邦-中壢,2024-05-31,9636
00935,野村臺灣新科技50,40,5,35,富邦-中壢,2024-05-31,9636
2330,台積電,39,6,33,富邦-中壢,2024-05-31,9636
3687,歐買尬,96,64,32,富邦-中壢,2024-05-31,9636
2353,宏��,55,24,31,富邦-中壢,2024-05-31,9636
3308,聯德,33,2,31,富邦-中壢,2024-05-31,9636
3033,威健,77,46,31,富邦-中壢,2024-05-31,9636
5880,合庫金,32,2,30,富邦-中壢,2024-05-31,9636
2356,英業達,43,14,29,富邦-中壢,2024-05-31,9636
00933B,國泰10Y+金融債,35,8,27,富邦-中壢,2024-05-31,9636
00632R,元大台灣50反1,51,24,27,富邦-中壢,2024-05-31,9636
1464,得力,27,0,27,富邦-中壢,2024-05-31,9636
2101,南港,81,54,27,富邦-中壢,2024-05-31,9636
2891,中信金,828,95,733,富邦-中壢,2024-06-03,9636
2605,新興,432,34,398,富邦-中壢,2024-06-03,9636
00712,復華富時不動產,402,47,355,富邦-中壢,2024-06-03,9636
00929,復華台灣科技優息,369,47,322,富邦-中壢,2024-06-03,9636
00915,凱基優選高股息30,281,13,268,富邦-中壢,2024-06-03,9636
2883,凱基金,205,12,193,富邦-中壢,2024-06-03,9636
2353,宏��,245,82,163,富邦-中壢,2024-06-03,9636
4566,時碩工業,166,15,151,富邦-中壢,2024-06-03,9636
00633L,富邦上証正2,155,45,110,富邦-中壢,2024-06-03,9636
2609,陽明,737,630,107,富邦-中壢,2024-06-03,9636
00632R,元大台灣50反1,204,98,106,富邦-中壢,2024-06-03,9636
00715L,期街口布蘭特正2,126,20,106,富邦-中壢,2024-06-03,9636
2354,鴻準,188,84,104,富邦-中壢,2024-06-03,9636
1802,台玻,146,44,102,富邦-中壢,2024-06-03,9636
00919,群益台灣精選高息,399,297,102,富邦-中壢,2024-06-03,9636
00918,大華優利高填息30,126,24,102,富邦-中壢,2024-06-03,9636
6219,富旺,101,0,101,富邦-中壢,2024-06-03,9636
2867,三商壽,163,72,91,富邦-中壢,2024-06-03,9636
6658,聯策,101,10,91,富邦-中壢,2024-06-03,9636
2618,長榮航,134,45,89,富邦-中壢,2024-06-03,9636
9105,泰金寶-DR,85,9,76,富邦-中壢,2024-06-03,9636
2834,臺企銀,86,13,73,富邦-中壢,2024-06-03,9636
2324,仁寶,101,29,72,富邦-中壢,2024-06-03,9636
2356,英業達,120,50,70,富邦-中壢,2024-06-03,9636
4414,如興,70,0,70,富邦-中壢,2024-06-03,9636
5469,瀚宇博,91,22,69,富邦-中壢,2024-06-03,9636
2880,華南金,70,5,65,富邦-中壢,2024-06-03,9636
00687B,國泰20年美債,64,2,62,富邦-中壢,2024-06-03,9636
5426,振發,99,38,61,富邦-中壢,2024-06-03,9636
2367,燿華,151,93,58,富邦-中壢,2024-06-03,9636
2317,鴻海,98,40,58,富邦-中壢,2024-06-03,9636
6117,迎廣,152,97,55,富邦-中壢,2024-06-03,9636
00927,群益半導體收益,57,2,55,富邦-中壢,2024-06-03,9636
6113,亞矽,69,17,52,富邦-中壢,2024-06-03,9636
3705,永信,50,0,50,富邦-中壢,2024-06-03,9636
5302,太欣,86,36,50,富邦-中壢,2024-06-03,9636
00945B,凱基美國非投等債,59,10,49,富邦-中壢,2024-06-03,9636
2002,中鋼,75,28,47,富邦-中壢,2024-06-03,9636
3481,群創,103,57,46,富邦-中壢,2024-06-03,9636
2610,華航,78,33,45,富邦-中壢,2024-06-03,9636
00680L,元大美債20正2,45,1,44,富邦-中壢,2024-06-03,9636
4543,萬在,47,4,43,富邦-中壢,2024-06-03,9636
3047,訊舟,175,132,43,富邦-中壢,2024-06-03,9636
8070,長華*,42,1,41,富邦-中壢,2024-06-03,9636
2515,中工,129,89,40,富邦-中壢,2024-06-03,9636
00664R,國泰臺灣加權反1,37,0,37,富邦-中壢,2024-06-03,9636
8096,擎亞,264,228,36,富邦-中壢,2024-06-03,9636
2509,全坤建,41,5,36,富邦-中壢,2024-06-03,9636
2427,三商電,57,23,34,富邦-中壢,2024-06-03,9636
6609,瀧澤科,44,10,34,富邦-中壢,2024-06-03,9636
2891,中信金,529,83,446,富邦-中壢,2024-06-04,9636
00715L,期街口布蘭特正2,430,20,410,富邦-中壢,2024-06-04,9636
00929,復華台灣科技優息,589,196,393,富邦-中壢,2024-06-04,9636
00919,群益台灣精選高息,332,22,310,富邦-中壢,2024-06-04,9636
00946,群益科技高息成長,310,5,305,富邦-中壢,2024-06-04,9636
2101,南港,228,74,154,富邦-中壢,2024-06-04,9636
3047,訊舟,335,187,148,富邦-中壢,2024-06-04,9636
2367,燿華,206,68,138,富邦-中壢,2024-06-04,9636
00878,國泰永續高股息,145,11,134,富邦-中壢,2024-06-04,9636
2331,精英,269,136,133,富邦-中壢,2024-06-04,9636
00918,大華優利高填息30,131,8,123,富邦-中壢,2024-06-04,9636
2317,鴻海,168,54,114,富邦-中壢,2024-06-04,9636
2312,金寶,196,87,109,富邦-中壢,2024-06-04,9636
2344,華邦電,119,10,109,富邦-中壢,2024-06-04,9636
00936,台新永續高息中小,168,68,100,富邦-中壢,2024-06-04,9636
2442,新美齊,80,3,77,富邦-中壢,2024-06-04,9636
1802,台玻,120,43,77,富邦-中壢,2024-06-04,9636
3149,正達,77,1,76,富邦-中壢,2024-06-04,9636
3013,晟銘電,125,49,76,富邦-中壢,2024-06-04,9636
3030,德律,77,2,75,富邦-中壢,2024-06-04,9636
2356,英業達,79,8,71,富邦-中壢,2024-06-04,9636
2324,仁寶,138,68,70,富邦-中壢,2024-06-04,9636
3231,緯創,82,13,69,富邦-中壢,2024-06-04,9636
00632R,元大台灣50反1,180,111,69,富邦-中壢,2024-06-04,9636
2353,宏��,92,24,68,富邦-中壢,2024-06-04,9636
9945,潤泰新,84,19,65,富邦-中壢,2024-06-04,9636
2888,新光金,198,134,64,富邦-中壢,2024-06-04,9636
00687B,國泰20年美債,115,62,53,富邦-中壢,2024-06-04,9636
3025,星通,56,5,51,富邦-中壢,2024-06-04,9636
1101,台泥,52,2,50,富邦-中壢,2024-06-04,9636
2409,友達,44,0,44,富邦-中壢,2024-06-04,9636
6609,瀧澤科,43,0,43,富邦-中壢,2024-06-04,9636
00642U,期元大S＆P石油,48,5,43,富邦-中壢,2024-06-04,9636
2542,興富發,45,4,41,富邦-中壢,2024-06-04,9636
8070,長華*,54,14,40,富邦-中壢,2024-06-04,9636
1102,亞泥,40,2,38,富邦-中壢,2024-06-04,9636
5426,振發,53,15,38,富邦-中壢,2024-06-04,9636
2880,華南金,37,0,37,富邦-中壢,2024-06-04,9636
3059,華晶科,44,7,37,富邦-中壢,2024-06-04,9636
2313,華通,42,6,36,富邦-中壢,2024-06-04,9636
3312,弘憶股,38,3,35,富邦-中壢,2024-06-04,9636
00713,元大台灣高息低波,38,3,35,富邦-中壢,2024-06-04,9636
1301,台塑,48,14,34,富邦-中壢,2024-06-04,9636
2834,臺企銀,44,10,34,富邦-中壢,2024-06-04,9636
2547,日勝生,41,7,34,富邦-中壢,2024-06-04,9636
00923,群益台ESG低碳50,34,1,33,富邦-中壢,2024-06-04,9636
2303,聯電,59,27,32,富邦-中壢,2024-06-04,9636
1531,高林股,32,0,32,富邦-中壢,2024-06-04,9636
6005,群益證,36,5,31,富邦-中壢,2024-06-04,9636
6120,達運,38,7,31,富邦-中壢,2024-06-04,9636
00936,台新永續高息中小,898,67,831,富邦-中壢,2024-06-05,9636
00878,國泰永續高股息,347,130,217,富邦-中壢,2024-06-05,9636
00715L,期街口布蘭特正2,204,13,191,富邦-中壢,2024-06-05,9636
00937B,群益ESG投等債20,280,104,176,富邦-中壢,2024-06-05,9636
4513,福裕,121,5,116,富邦-中壢,2024-06-05,9636
00664R,國泰臺灣加權反1,100,0,100,富邦-中壢,2024-06-05,9636
00918,大華優利高填息30,117,22,95,富邦-中壢,2024-06-05,9636
2605,新興,104,12,92,富邦-中壢,2024-06-05,9636
5469,瀚宇博,85,1,84,富邦-中壢,2024-06-05,9636
00919,群益台灣精選高息,136,63,73,富邦-中壢,2024-06-05,9636
2344,華邦電,75,2,73,富邦-中壢,2024-06-05,9636
2609,陽明,568,499,69,富邦-中壢,2024-06-05,9636
2891,中信金,111,53,58,富邦-中壢,2024-06-05,9636
00933B,國泰10Y+金融債,70,15,55,富邦-中壢,2024-06-05,9636
00637L,元大滬深300正2,51,0,51,富邦-中壢,2024-06-05,9636
9105,泰金寶-DR,50,0,50,富邦-中壢,2024-06-05,9636
5392,能率,67,18,49,富邦-中壢,2024-06-05,9636
3231,緯創,58,9,49,富邦-中壢,2024-06-05,9636
6290,良維,53,6,47,富邦-中壢,2024-06-05,9636
2371,大同,134,87,47,富邦-中壢,2024-06-05,9636
1220,台榮,47,0,47,富邦-中壢,2024-06-05,9636
2867,三商壽,60,15,45,富邦-中壢,2024-06-05,9636
6219,富旺,42,0,42,富邦-中壢,2024-06-05,9636
00653L,富邦印度正2,41,0,41,富邦-中壢,2024-06-05,9636
2002,中鋼,61,20,41,富邦-中壢,2024-06-05,9636
3048,益登,98,58,40,富邦-中壢,2024-06-05,9636
1324,地球,40,0,40,富邦-中壢,2024-06-05,9636
1795,美時,46,7,39,富邦-中壢,2024-06-05,9636
2495,普安,65,26,39,富邦-中壢,2024-06-05,9636
2317,鴻海,234,196,38,富邦-中壢,2024-06-05,9636
3047,訊舟,131,93,38,富邦-中壢,2024-06-05,9636
1605,華新,67,29,38,富邦-中壢,2024-06-05,9636
2356,英業達,111,74,37,富邦-中壢,2024-06-05,9636
2009,第一銅,43,7,36,富邦-中壢,2024-06-05,9636
2105,正新,46,11,35,富邦-中壢,2024-06-05,9636
2353,宏��,75,41,34,富邦-中壢,2024-06-05,9636
8234,新漢,39,6,33,富邦-中壢,2024-06-05,9636
00712,復華富時不動產,43,10,33,富邦-中壢,2024-06-05,9636
2303,聯電,99,68,31,富邦-中壢,2024-06-05,9636
2409,友達,42,11,31,富邦-中壢,2024-06-05,9636
4562,穎漢,118,88,30,富邦-中壢,2024-06-05,9636
00942B,台新美A公司債20+,30,0,30,富邦-中壢,2024-06-05,9636
2324,仁寶,41,12,29,富邦-中壢,2024-06-05,9636
2331,精英,43,15,28,富邦-中壢,2024-06-05,9636
2834,臺企銀,32,5,27,富邦-中壢,2024-06-05,9636
4128,中天,25,0,25,富邦-中壢,2024-06-05,9636
4716,大立,25,0,25,富邦-中壢,2024-06-05,9636
5443,均豪,29,5,24,富邦-中壢,2024-06-05,9636
2352,佳世達,28,4,24,富邦-中壢,2024-06-05,9636
6505,台塑化,24,0,24,富邦-中壢,2024-06-05,9636
00632R,元大台灣50反1,776,73,703,富邦-中壢,2024-06-06,9636
00664R,國泰臺灣加權反1,640,0,640,富邦-中壢,2024-06-06,9636
6125,廣運,563,71,492,富邦-中壢,2024-06-06,9636
00918,大華優利高填息30,266,1,265,富邦-中壢,2024-06-06,9636
00936,台新永續高息中小,206,16,190,富邦-中壢,2024-06-06,9636
00929,復華台灣科技優息,227,50,177,富邦-中壢,2024-06-06,9636
3024,憶聲,139,29,110,富邦-中壢,2024-06-06,9636
2002,中鋼,89,3,86,富邦-中壢,2024-06-06,9636
5488,松普,105,20,85,富邦-中壢,2024-06-06,9636
2330,台積電,213,129,84,富邦-中壢,2024-06-06,9636
2354,鴻準,109,26,83,富邦-中壢,2024-06-06,9636
2615,萬海,382,301,81,富邦-中壢,2024-06-06,9636
3558,神準,80,7,73,富邦-中壢,2024-06-06,9636
9904,寶成,72,0,72,富邦-中壢,2024-06-06,9636
5608,四維航,171,100,71,富邦-中壢,2024-06-06,9636
00946,群益科技高息成長,64,5,59,富邦-中壢,2024-06-06,9636
3047,訊舟,184,126,58,富邦-中壢,2024-06-06,9636
1909,榮成,57,0,57,富邦-中壢,2024-06-06,9636
1815,富喬,225,168,57,富邦-中壢,2024-06-06,9636
6177,達麗,56,2,54,富邦-中壢,2024-06-06,9636
3705,永信,52,0,52,富邦-中壢,2024-06-06,9636
6163,華電網,61,9,52,富邦-中壢,2024-06-06,9636
00857B,永豐20年美公債,50,0,50,富邦-中壢,2024-06-06,9636
9945,潤泰新,60,13,47,富邦-中壢,2024-06-06,9636
6770,力積電,53,6,47,富邦-中壢,2024-06-06,9636
5443,均豪,86,46,40,富邦-中壢,2024-06-06,9636
9958,世紀鋼,55,17,38,富邦-中壢,2024-06-06,9636
2538,基泰,37,1,36,富邦-中壢,2024-06-06,9636
3011,今皓,36,0,36,富邦-中壢,2024-06-06,9636
8096,擎亞,49,15,34,富邦-中壢,2024-06-06,9636
6202,盛群,38,6,32,富邦-中壢,2024-06-06,9636
2816,旺旺保,30,0,30,富邦-中壢,2024-06-06,9636
00931B,統一美債20年,30,0,30,富邦-中壢,2024-06-06,9636
8277,商丞,33,3,30,富邦-中壢,2024-06-06,9636
2427,三商電,81,51,30,富邦-中壢,2024-06-06,9636
4952,凌通,35,6,29,富邦-中壢,2024-06-06,9636
6609,瀧澤科,31,2,29,富邦-中壢,2024-06-06,9636
4167,松瑞藥,30,2,28,富邦-中壢,2024-06-06,9636
2636,台驊控股,28,0,28,富邦-中壢,2024-06-06,9636
4961,天鈺,27,2,25,富邦-中壢,2024-06-06,9636
2417,圓剛,157,132,25,富邦-中壢,2024-06-06,9636
3059,華晶科,26,1,25,富邦-中壢,2024-06-06,9636
6742,澤米,26,1,25,富邦-中壢,2024-06-06,9636
4526,東台,45,20,25,富邦-中壢,2024-06-06,9636
8121,越峰,27,3,24,富邦-中壢,2024-06-06,9636
4958,臻鼎-KY,30,7,23,富邦-中壢,2024-06-06,9636
4128,中天,25,2,23,富邦-中壢,2024-06-06,9636
00665L,富邦�琤肭磪囓�2,50,27,23,富邦-中壢,2024-06-06,9636
4979,華星光,28,5,23,富邦-中壢,2024-06-06,9636
6290,良維,91,69,22,富邦-中壢,2024-06-06,9636
2897,王道銀行,1000,0,1000,富邦-中壢,2024-06-07,9636
00929,復華台灣科技優息,374,16,358,富邦-中壢,2024-06-07,9636
2312,金寶,455,105,350,富邦-中壢,2024-06-07,9636
00936,台新永續高息中小,437,121,316,富邦-中壢,2024-06-07,9636
2371,大同,233,22,211,富邦-中壢,2024-06-07,9636
00918,大華優利高填息30,153,0,153,富邦-中壢,2024-06-07,9636
00632R,元大台灣50反1,302,181,121,富邦-中壢,2024-06-07,9636
3231,緯創,147,38,109,富邦-中壢,2024-06-07,9636
6290,良維,105,7,98,富邦-中壢,2024-06-07,9636
00687B,國泰20年美債,111,19,92,富邦-中壢,2024-06-07,9636
00633L,富邦上証正2,88,1,87,富邦-中壢,2024-06-07,9636
2356,英業達,129,63,66,富邦-中壢,2024-06-07,9636
4513,福裕,62,9,53,富邦-中壢,2024-06-07,9636
5426,振發,51,0,51,富邦-中壢,2024-06-07,9636
2855,統一證,57,6,51,富邦-中壢,2024-06-07,9636
4909,新復興,53,3,50,富邦-中壢,2024-06-07,9636
1809,中釉,50,0,50,富邦-中壢,2024-06-07,9636
9105,泰金寶-DR,113,66,47,富邦-中壢,2024-06-07,9636
6125,廣運,72,25,47,富邦-中壢,2024-06-07,9636
2020,美亞,40,0,40,富邦-中壢,2024-06-07,9636
2002,中鋼,43,4,39,富邦-中壢,2024-06-07,9636
00915,凱基優選高股息30,44,5,39,富邦-中壢,2024-06-07,9636
8064,東捷,53,15,38,富邦-中壢,2024-06-07,9636
00933B,國泰10Y+金融債,44,7,37,富邦-中壢,2024-06-07,9636
2613,中櫃,91,54,37,富邦-中壢,2024-06-07,9636
8291,尚茂,36,0,36,富邦-中壢,2024-06-07,9636
3558,神準,37,2,35,富邦-中壢,2024-06-07,9636
2367,燿華,197,163,34,富邦-中壢,2024-06-07,9636
2313,華通,80,46,34,富邦-中壢,2024-06-07,9636
2489,瑞軒,92,60,32,富邦-中壢,2024-06-07,9636
4534,慶騰,43,12,31,富邦-中壢,2024-06-07,9636
912000,晨訊科-DR,31,0,31,富邦-中壢,2024-06-07,9636
2352,佳世達,30,0,30,富邦-中壢,2024-06-07,9636
6005,群益證,31,1,30,富邦-中壢,2024-06-07,9636
2545,皇翔,30,1,29,富邦-中壢,2024-06-07,9636
3088,艾訊,38,10,28,富邦-中壢,2024-06-07,9636
2399,映泰,60,33,27,富邦-中壢,2024-06-07,9636
2464,盟立,28,2,26,富邦-中壢,2024-06-07,9636
00679B,元大美債20年,156,131,25,富邦-中壢,2024-06-07,9636
6609,瀧澤科,26,1,25,富邦-中壢,2024-06-07,9636
00923,群益台ESG低碳50,39,15,24,富邦-中壢,2024-06-07,9636
6143,振曜,29,5,24,富邦-中壢,2024-06-07,9636
3284,太普高,25,1,24,富邦-中壢,2024-06-07,9636
00713,元大台灣高息低波,24,1,23,富邦-中壢,2024-06-07,9636
00924,復華S＆P500成長,23,0,23,富邦-中壢,2024-06-07,9636
00946,群益科技高息成長,22,0,22,富邦-中壢,2024-06-07,9636
2330,台積電,29,7,22,富邦-中壢,2024-06-07,9636
00881,國泰台灣5G+,22,0,22,富邦-中壢,2024-06-07,9636
1717,長興,21,0,21,富邦-中壢,2024-06-07,9636
3037,欣興,23,3,20,富邦-中壢,2024-06-07,9636
00929,復華台灣科技優息,1550,39,1511,富邦-中壢,2024-06-11,9636
2486,一詮,451,69,382,富邦-中壢,2024-06-11,9636
00688L,國泰20年美債正2,342,3,339,富邦-中壢,2024-06-11,9636
00936,台新永續高息中小,339,3,336,富邦-中壢,2024-06-11,9636
00679B,元大美債20年,304,3,301,富邦-中壢,2024-06-11,9636
00687B,國泰20年美債,478,193,285,富邦-中壢,2024-06-11,9636
00918,大華優利高填息30,269,8,261,富邦-中壢,2024-06-11,9636
2609,陽明,805,598,207,富邦-中壢,2024-06-11,9636
00937B,群益ESG投等債20,346,146,200,富邦-中壢,2024-06-11,9636
00919,群益台灣精選高息,252,80,172,富邦-中壢,2024-06-11,9636
2002,中鋼,152,4,148,富邦-中壢,2024-06-11,9636
00882,中信中國高股息,165,22,143,富邦-中壢,2024-06-11,9636
2331,精英,138,4,134,富邦-中壢,2024-06-11,9636
9945,潤泰新,173,40,133,富邦-中壢,2024-06-11,9636
2615,萬海,361,249,112,富邦-中壢,2024-06-11,9636
00878,國泰永續高股息,158,50,108,富邦-中壢,2024-06-11,9636
00680L,元大美債20正2,108,12,96,富邦-中壢,2024-06-11,9636
00673R,期元大S＆P原油反1,88,0,88,富邦-中壢,2024-06-11,9636
2344,華邦電,110,23,87,富邦-中壢,2024-06-11,9636
2603,長榮,218,134,84,富邦-中壢,2024-06-11,9636
3481,群創,127,45,82,富邦-中壢,2024-06-11,9636
1514,亞力,131,58,73,富邦-中壢,2024-06-11,9636
00712,復華富時不動產,73,5,68,富邦-中壢,2024-06-11,9636
00632R,元大台灣50反1,201,133,68,富邦-中壢,2024-06-11,9636
1802,台玻,69,2,67,富邦-中壢,2024-06-11,9636
1815,富喬,178,112,66,富邦-中壢,2024-06-11,9636
3122,笙泉,88,22,66,富邦-中壢,2024-06-11,9636
00753L,中信中國50正2,122,60,62,富邦-中壢,2024-06-11,9636
2515,中工,102,41,61,富邦-中壢,2024-06-11,9636
2101,南港,63,3,60,富邦-中壢,2024-06-11,9636
5302,太欣,60,1,59,富邦-中壢,2024-06-11,9636
2891,中信金,58,6,52,富邦-中壢,2024-06-11,9636
00933B,國泰10Y+金融債,58,7,51,富邦-中壢,2024-06-11,9636
00751B,元大AAA至A公司債,51,0,51,富邦-中壢,2024-06-11,9636
00927,群益半導體收益,48,1,47,富邦-中壢,2024-06-11,9636
2371,大同,195,149,46,富邦-中壢,2024-06-11,9636
00633L,富邦上証正2,48,2,46,富邦-中壢,2024-06-11,9636
2367,燿華,130,84,46,富邦-中壢,2024-06-11,9636
00939,統一台灣高息動能,49,4,45,富邦-中壢,2024-06-11,9636
6219,富旺,55,13,42,富邦-中壢,2024-06-11,9636
2449,京元電子,46,7,39,富邦-中壢,2024-06-11,9636
2009,第一銅,46,8,38,富邦-中壢,2024-06-11,9636
9105,泰金寶-DR,41,4,37,富邦-中壢,2024-06-11,9636
2356,英業達,104,68,36,富邦-中壢,2024-06-11,9636
00942B,台新美A公司債20+,36,0,36,富邦-中壢,2024-06-11,9636
2547,日勝生,35,0,35,富邦-中壢,2024-06-11,9636
2607,榮運,33,0,33,富邦-中壢,2024-06-11,9636
2501,國建,48,16,32,富邦-中壢,2024-06-11,9636
3231,緯創,88,55,33,富邦-中壢,2024-06-11,9636
9904,寶成,32,0,32,富邦-中壢,2024-06-11,9636
00929,復華台灣科技優息,2105,183,1922,富邦-中壢,2024-06-12,9636
00948B,中信優息投資級債,456,0,456,富邦-中壢,2024-06-12,9636
00937B,群益ESG投等債20,349,116,233,富邦-中壢,2024-06-12,9636
00687B,國泰20年美債,241,25,216,富邦-中壢,2024-06-12,9636
00936,台新永續高息中小,226,36,190,富邦-中壢,2024-06-12,9636
00632R,元大台灣50反1,312,156,156,富邦-中壢,2024-06-12,9636
2883,凱基金,211,91,120,富邦-中壢,2024-06-12,9636
00712,復華富時不動產,122,2,120,富邦-中壢,2024-06-12,9636
00918,大華優利高填息30,119,0,119,富邦-中壢,2024-06-12,9636
00933B,國泰10Y+金融債,126,11,115,富邦-中壢,2024-06-12,9636
00919,群益台灣精選高息,171,56,115,富邦-中壢,2024-06-12,9636
3481,群創,79,2,77,富邦-中壢,2024-06-12,9636
2515,中工,83,6,77,富邦-中壢,2024-06-12,9636
00947,台新臺灣IC設計,74,2,72,富邦-中壢,2024-06-12,9636
2615,萬海,249,177,72,富邦-中壢,2024-06-12,9636
3231,緯創,235,170,65,富邦-中壢,2024-06-12,9636
2344,華邦電,93,32,61,富邦-中壢,2024-06-12,9636
1815,富喬,182,127,55,富邦-中壢,2024-06-12,9636
2501,國建,52,0,52,富邦-中壢,2024-06-12,9636
9945,潤泰新,69,18,51,富邦-中壢,2024-06-12,9636
3047,訊舟,144,93,51,富邦-中壢,2024-06-12,9636
2356,英業達,132,84,48,富邦-中壢,2024-06-12,9636
2609,陽明,404,357,47,富邦-中壢,2024-06-12,9636
4534,慶騰,50,3,47,富邦-中壢,2024-06-12,9636
2352,佳世達,49,4,45,富邦-中壢,2024-06-12,9636
2606,裕民,48,4,44,富邦-中壢,2024-06-12,9636
3450,聯鈞,72,29,43,富邦-中壢,2024-06-12,9636
2374,佳能,59,16,43,富邦-中壢,2024-06-12,9636
00915,凱基優選高股息30,75,34,41,富邦-中壢,2024-06-12,9636
1802,台玻,55,15,40,富邦-中壢,2024-06-12,9636
2603,長榮,121,82,39,富邦-中壢,2024-06-12,9636
00882,中信中國高股息,54,16,38,富邦-中壢,2024-06-12,9636
2538,基泰,38,0,38,富邦-中壢,2024-06-12,9636
00679B,元大美債20年,81,45,36,富邦-中壢,2024-06-12,9636
9904,寶成,36,0,36,富邦-中壢,2024-06-12,9636
00713,元大台灣高息低波,36,2,34,富邦-中壢,2024-06-12,9636
3060,銘異,39,6,33,富邦-中壢,2024-06-12,9636
5426,振發,33,0,33,富邦-中壢,2024-06-12,9636
2002,中鋼,42,10,32,富邦-中壢,2024-06-12,9636
2607,榮運,32,0,32,富邦-中壢,2024-06-12,9636
6770,力積電,41,10,31,富邦-中壢,2024-06-12,9636
5302,太欣,94,63,31,富邦-中壢,2024-06-12,9636
1522,堤維西,93,63,30,富邦-中壢,2024-06-12,9636
2442,新美齊,30,0,30,富邦-中壢,2024-06-12,9636
6177,達麗,32,2,30,富邦-中壢,2024-06-12,9636
2542,興富發,102,72,30,富邦-中壢,2024-06-12,9636
00671R,富邦NASDAQ反1,30,0,30,富邦-中壢,2024-06-12,9636
2633,台灣高鐵,29,0,29,富邦-中壢,2024-06-12,9636
5608,四維航,32,5,27,富邦-中壢,2024-06-12,9636
00665L,富邦�琤肭磪囓�2,134,108,26,富邦-中壢,2024-06-12,9636
00948B,中信優息投資級債,357,0,357,富邦-中壢,2024-06-13,9636
1316,上曜,221,27,194,富邦-中壢,2024-06-13,9636
00687B,國泰20年美債,210,32,178,富邦-中壢,2024-06-13,9636
00936,台新永續高息中小,340,174,166,富邦-中壢,2024-06-13,9636
00679B,元大美債20年,199,40,159,富邦-中壢,2024-06-13,9636
00706L,期元大S＆P日圓正2,70,0,70,富邦-中壢,2024-06-13,9636
2317,鴻海,358,297,61,富邦-中壢,2024-06-13,9636
2605,新興,70,13,57,富邦-中壢,2024-06-13,9636
2365,昆盈,75,29,46,富邦-中壢,2024-06-13,9636
00947,台新臺灣IC設計,45,0,45,富邦-中壢,2024-06-13,9636
2002,中鋼,72,33,39,富邦-中壢,2024-06-13,9636
8096,擎亞,73,35,38,富邦-中壢,2024-06-13,9636
1529,樂事綠能,39,1,38,富邦-中壢,2024-06-13,9636
6548,長科*,38,0,38,富邦-中壢,2024-06-13,9636
3060,銘異,40,4,36,富邦-中壢,2024-06-13,9636
00891,中信關鍵半導體,60,28,32,富邦-中壢,2024-06-13,9636
2606,裕民,31,3,28,富邦-中壢,2024-06-13,9636
2603,長榮,45,17,28,富邦-中壢,2024-06-13,9636
00919,群益台灣精選高息,109,80,29,富邦-中壢,2024-06-13,9636
2374,佳能,106,78,28,富邦-中壢,2024-06-13,9636
2101,南港,30,2,28,富邦-中壢,2024-06-13,9636
2359,所羅門,300,273,27,富邦-中壢,2024-06-13,9636
8277,商丞,33,7,26,富邦-中壢,2024-06-13,9636
2352,佳世達,26,0,26,富邦-中壢,2024-06-13,9636
2610,華航,320,295,25,富邦-中壢,2024-06-13,9636
6152,百一,27,2,25,富邦-中壢,2024-06-13,9636
2915,潤泰全,23,0,23,富邦-中壢,2024-06-13,9636
2615,萬海,146,123,23,富邦-中壢,2024-06-13,9636
2883,凱基金,112,89,23,富邦-中壢,2024-06-13,9636
1809,中釉,22,1,21,富邦-中壢,2024-06-13,9636
6890,來億-KY,24,3,21,富邦-中壢,2024-06-13,9636
2368,金像電,26,5,21,富邦-中壢,2024-06-13,9636
3605,宏致,20,0,20,富邦-中壢,2024-06-13,9636
2420,新巨,22,4,18,富邦-中壢,2024-06-13,9636
6207,雷科,40,22,18,富邦-中壢,2024-06-13,9636
00757,統一FANG+,20,2,18,富邦-中壢,2024-06-13,9636
3481,群創,59,42,17,富邦-中壢,2024-06-13,9636
3059,華晶科,17,0,17,富邦-中壢,2024-06-13,9636
2501,國建,23,6,17,富邦-中壢,2024-06-13,9636
2881,富邦金,19,3,16,富邦-中壢,2024-06-13,9636
2618,長榮航,75,58,17,富邦-中壢,2024-06-13,9636
2891,中信金,28,12,16,富邦-中壢,2024-06-13,9636
3706,神達,19,3,16,富邦-中壢,2024-06-13,9636
8110,華東,58,42,16,富邦-中壢,2024-06-13,9636
2886,兆豐金,17,1,16,富邦-中壢,2024-06-13,9636
2337,旺宏,19,3,16,富邦-中壢,2024-06-13,9636
3013,晟銘電,65,50,15,富邦-中壢,2024-06-13,9636
4414,如興,15,0,15,富邦-中壢,2024-06-13,9636
2509,全坤建,20,5,15,富邦-中壢,2024-06-13,9636
4716,大立,15,0,15,富邦-中壢,2024-06-13,9636
00929,復華台灣科技優息,576,167,409,富邦-中壢,2024-06-14,9636
912000,晨訊科-DR,360,0,360,富邦-中壢,2024-06-14,9636
00632R,元大台灣50反1,406,50,356,富邦-中壢,2024-06-14,9636
00936,台新永續高息中小,273,29,244,富邦-中壢,2024-06-14,9636
00948B,中信優息投資級債,219,0,219,富邦-中壢,2024-06-14,9636
2371,大同,414,206,208,富邦-中壢,2024-06-14,9636
00918,大華優利高填息30,157,13,144,富邦-中壢,2024-06-14,9636
00919,群益台灣精選高息,272,133,139,富邦-中壢,2024-06-14,9636
8103,瀚荃,114,9,105,富邦-中壢,2024-06-14,9636
2542,興富發,191,100,91,富邦-中壢,2024-06-14,9636
00946,群益科技高息成長,90,1,89,富邦-中壢,2024-06-14,9636
2002,中鋼,82,7,75,富邦-中壢,2024-06-14,9636
00937B,群益ESG投等債20,213,138,75,富邦-中壢,2024-06-14,9636
2033,佳大,71,0,71,富邦-中壢,2024-06-14,9636
2609,陽明,222,156,66,富邦-中壢,2024-06-14,9636
1609,大亞,208,147,61,富邦-中壢,2024-06-14,9636
00633L,富邦上証正2,101,50,51,富邦-中壢,2024-06-14,9636
2867,三商壽,52,2,50,富邦-中壢,2024-06-14,9636
00921,兆豐龍頭等權重,51,1,50,富邦-中壢,2024-06-14,9636
5347,世界,54,14,40,富邦-中壢,2024-06-14,9636
00712,復華富時不動產,78,38,40,富邦-中壢,2024-06-14,9636
1905,華紙,39,0,39,富邦-中壢,2024-06-14,9636
2618,長榮航,106,67,39,富邦-中壢,2024-06-14,9636
2367,燿華,134,102,32,富邦-中壢,2024-06-14,9636
2913,農林,46,16,30,富邦-中壢,2024-06-14,9636
911608,明輝-DR,30,0,30,富邦-中壢,2024-06-14,9636
2329,華泰,45,15,30,富邦-中壢,2024-06-14,9636
2374,佳能,62,33,29,富邦-中壢,2024-06-14,9636
3048,益登,302,273,29,富邦-中壢,2024-06-14,9636
6548,長科*,30,1,29,富邦-中壢,2024-06-14,9636
1560,中砂,36,7,29,富邦-中壢,2024-06-14,9636
00933B,國泰10Y+金融債,46,18,28,富邦-中壢,2024-06-14,9636
00947,台新臺灣IC設計,37,10,27,富邦-中壢,2024-06-14,9636
3710,連展投控,33,6,27,富邦-中壢,2024-06-14,9636
1815,富喬,89,62,27,富邦-中壢,2024-06-14,9636
00944,野村趨勢動能高息,27,1,26,富邦-中壢,2024-06-14,9636
1785,光洋科,63,38,25,富邦-中壢,2024-06-14,9636
00713,元大台灣高息低波,45,20,25,富邦-中壢,2024-06-14,9636
2353,宏��,47,23,24,富邦-中壢,2024-06-14,9636
2324,仁寶,21,0,21,富邦-中壢,2024-06-14,9636
2486,一詮,42,21,21,富邦-中壢,2024-06-14,9636
3060,銘異,21,0,21,富邦-中壢,2024-06-14,9636
00942B,台新美A公司債20+,21,0,21,富邦-中壢,2024-06-14,9636
1809,中釉,20,0,20,富邦-中壢,2024-06-14,9636
00894,中信小資高價30,20,0,20,富邦-中壢,2024-06-14,9636
2834,臺企銀,25,5,20,富邦-中壢,2024-06-14,9636
2427,三商電,39,20,19,富邦-中壢,2024-06-14,9636
00891,中信關鍵半導體,33,14,19,富邦-中壢,2024-06-14,9636
00904,新光臺灣半導體30,20,1,19,富邦-中壢,2024-06-14,9636
5508,永信建,22,4,18,富邦-中壢,2024-06-14,9636
00632R,元大台灣50反1,295,4,291,富邦-中壢,2024-06-17,9636
00929,復華台灣科技優息,491,205,286,富邦-中壢,2024-06-17,9636
00937B,群益ESG投等債20,574,301,273,富邦-中壢,2024-06-17,9636
00687B,國泰20年美債,347,90,257,富邦-中壢,2024-06-17,9636
00936,台新永續高息中小,303,96,207,富邦-中壢,2024-06-17,9636
2888,新光金,186,1,185,富邦-中壢,2024-06-17,9636
00665L,富邦�琤肭磪囓�2,300,154,146,富邦-中壢,2024-06-17,9636
2609,陽明,227,90,137,富邦-中壢,2024-06-17,9636
00946,群益科技高息成長,136,0,136,富邦-中壢,2024-06-17,9636
00688L,國泰20年美債正2,200,70,130,富邦-中壢,2024-06-17,9636
2615,萬海,328,199,129,富邦-中壢,2024-06-17,9636
00918,大華優利高填息30,150,30,120,富邦-中壢,2024-06-17,9636
2515,中工,131,11,120,富邦-中壢,2024-06-17,9636
00753L,中信中國50正2,125,15,110,富邦-中壢,2024-06-17,9636
9904,寶成,102,7,95,富邦-中壢,2024-06-17,9636
00921,兆豐龍頭等權重,90,0,90,富邦-中壢,2024-06-17,9636
00895,富邦未來車,89,0,89,富邦-中壢,2024-06-17,9636
00942B,台新美A公司債20+,87,0,87,富邦-中壢,2024-06-17,9636
1802,台玻,202,115,87,富邦-中壢,2024-06-17,9636
4726,永昕,96,10,86,富邦-中壢,2024-06-17,9636
2882,國泰金,98,14,84,富邦-中壢,2024-06-17,9636
00885,富邦越南,81,0,81,富邦-中壢,2024-06-17,9636
2610,華航,85,12,73,富邦-中壢,2024-06-17,9636
1503,士電,117,50,67,富邦-中壢,2024-06-17,9636
2356,英業達,86,28,58,富邦-中壢,2024-06-17,9636
9105,泰金寶-DR,60,12,48,富邦-中壢,2024-06-17,9636
8112,至上,52,6,46,富邦-中壢,2024-06-17,9636
9945,潤泰新,60,14,46,富邦-中壢,2024-06-17,9636
1618,合機,163,121,42,富邦-中壢,2024-06-17,9636
00934,中信成長高股息,41,2,39,富邦-中壢,2024-06-17,9636
3047,訊舟,42,5,37,富邦-中壢,2024-06-17,9636
2365,昆盈,63,26,37,富邦-中壢,2024-06-17,9636
3231,緯創,62,25,37,富邦-中壢,2024-06-17,9636
00720B,元大投資級公司債,37,1,36,富邦-中壢,2024-06-17,9636
00713,元大台灣高息低波,35,0,35,富邦-中壢,2024-06-17,9636
2031,新光鋼,48,14,34,富邦-中壢,2024-06-17,9636
2867,三商壽,52,20,32,富邦-中壢,2024-06-17,9636
1616,億泰,35,4,31,富邦-中壢,2024-06-17,9636
2881,富邦金,31,2,29,富邦-中壢,2024-06-17,9636
2367,燿華,39,11,28,富邦-中壢,2024-06-17,9636
6609,瀧澤科,30,3,27,富邦-中壢,2024-06-17,9636
2501,國建,28,3,25,富邦-中壢,2024-06-17,9636
5871,中租-KY,37,14,23,富邦-中壢,2024-06-17,9636
4127,天良,23,0,23,富邦-中壢,2024-06-17,9636
3027,盛達,38,15,23,富邦-中壢,2024-06-17,9636
2376,技嘉,32,10,22,富邦-中壢,2024-06-17,9636
3030,德律,28,6,22,富邦-中壢,2024-06-17,9636
3306,鼎天,22,0,22,富邦-中壢,2024-06-17,9636
00857B,永豐20年美公債,22,0,22,富邦-中壢,2024-06-17,9636
2442,新美齊,22,0,22,富邦-中壢,2024-06-17,9636
00673R,期元大S＆P原油反1,333,0,333,富邦-中壢,2024-06-18,9636
00937B,群益ESG投等債20,428,108,320,富邦-中壢,2024-06-18,9636
9105,泰金寶-DR,238,28,210,富邦-中壢,2024-06-18,9636
00921,兆豐龍頭等權重,246,43,203,富邦-中壢,2024-06-18,9636
1802,台玻,412,235,177,富邦-中壢,2024-06-18,9636
00929,復華台灣科技優息,345,175,170,富邦-中壢,2024-06-18,9636
3481,群創,184,28,156,富邦-中壢,2024-06-18,9636
00918,大華優利高填息30,217,70,147,富邦-中壢,2024-06-18,9636
00936,台新永續高息中小,274,146,128,富邦-中壢,2024-06-18,9636
2888,新光金,252,128,124,富邦-中壢,2024-06-18,9636
8906,花王,96,2,94,富邦-中壢,2024-06-18,9636
2515,中工,91,5,86,富邦-中壢,2024-06-18,9636
2538,基泰,72,0,72,富邦-中壢,2024-06-18,9636
8277,商丞,89,18,71,富邦-中壢,2024-06-18,9636
00664R,國泰臺灣加權反1,65,0,65,富邦-中壢,2024-06-18,9636
2371,大同,338,279,59,富邦-中壢,2024-06-18,9636
00942B,台新美A公司債20+,57,0,57,富邦-中壢,2024-06-18,9636
00687B,國泰20年美債,104,47,57,富邦-中壢,2024-06-18,9636
00720B,元大投資級公司債,109,53,56,富邦-中壢,2024-06-18,9636
00692,富邦公司治理,62,7,55,富邦-中壢,2024-06-18,9636
4562,穎漢,245,191,54,富邦-中壢,2024-06-18,9636
2353,宏��,62,9,53,富邦-中壢,2024-06-18,9636
1785,光洋科,86,34,52,富邦-中壢,2024-06-18,9636
1503,士電,79,29,50,富邦-中壢,2024-06-18,9636
00946,群益科技高息成長,69,20,49,富邦-中壢,2024-06-18,9636
2449,京元電子,119,71,48,富邦-中壢,2024-06-18,9636
911868,同方友友-DR,50,2,48,富邦-中壢,2024-06-18,9636
00713,元大台灣高息低波,56,11,45,富邦-中壢,2024-06-18,9636
1522,堤維西,68,24,44,富邦-中壢,2024-06-18,9636
00665L,富邦�琤肭磪囓�2,51,10,41,富邦-中壢,2024-06-18,9636
1504,東元,42,6,36,富邦-中壢,2024-06-18,9636
4306,炎洲,35,2,33,富邦-中壢,2024-06-18,9636
2025,千興,39,8,31,富邦-中壢,2024-06-18,9636
3163,波若威,115,88,27,富邦-中壢,2024-06-18,9636
2009,第一銅,29,2,27,富邦-中壢,2024-06-18,9636
00904,新光臺灣半導體30,30,3,27,富邦-中壢,2024-06-18,9636
6282,康舒,60,33,27,富邦-中壢,2024-06-18,9636
4909,新復興,45,19,26,富邦-中壢,2024-06-18,9636
9103,美德醫療-DR,59,33,26,富邦-中壢,2024-06-18,9636
006208,富邦台50,29,5,24,富邦-中壢,2024-06-18,9636
1326,台化,27,3,24,富邦-中壢,2024-06-18,9636
2388,威盛,35,12,23,富邦-中壢,2024-06-18,9636
6951,青新-創,23,0,23,富邦-中壢,2024-06-18,9636
00947,台新臺灣IC設計,23,0,23,富邦-中壢,2024-06-18,9636
2363,矽統,46,23,23,富邦-中壢,2024-06-18,9636
8064,東捷,105,84,21,富邦-中壢,2024-06-18,9636
3260,威剛,27,7,20,富邦-中壢,2024-06-18,9636
1516,川飛,20,0,20,富邦-中壢,2024-06-18,9636
1809,中釉,20,0,20,富邦-中壢,2024-06-18,9636
4167,松瑞藥,23,4,19,富邦-中壢,2024-06-18,9636
00632R,元大台灣50反1,1434,269,1165,富邦-中壢,2024-06-19,9636
00929,復華台灣科技優息,1450,308,1142,富邦-中壢,2024-06-19,9636
00936,台新永續高息中小,443,33,410,富邦-中壢,2024-06-19,9636
00673R,期元大S＆P原油反1,352,0,352,富邦-中壢,2024-06-19,9636
00937B,群益ESG投等債20,455,125,330,富邦-中壢,2024-06-19,9636
3231,緯創,328,109,219,富邦-中壢,2024-06-19,9636
00940,元大台灣價值高息,420,213,207,富邦-中壢,2024-06-19,9636
2365,昆盈,304,121,183,富邦-中壢,2024-06-19,9636
00946,群益科技高息成長,180,7,173,富邦-中壢,2024-06-19,9636
2867,三商壽,125,14,111,富邦-中壢,2024-06-19,9636
00713,元大台灣高息低波,110,5,105,富邦-中壢,2024-06-19,9636
8277,商丞,89,3,86,富邦-中壢,2024-06-19,9636
2371,大同,492,408,84,富邦-中壢,2024-06-19,9636
4167,松瑞藥,82,2,80,富邦-中壢,2024-06-19,9636
00692,富邦公司治理,112,38,74,富邦-中壢,2024-06-19,9636
6177,達麗,68,2,66,富邦-中壢,2024-06-19,9636
3622,洋華,96,32,64,富邦-中壢,2024-06-19,9636
8473,山林水,65,1,64,富邦-中壢,2024-06-19,9636
2408,南亞科,103,40,63,富邦-中壢,2024-06-19,9636
00933B,國泰10Y+金融債,73,11,62,富邦-中壢,2024-06-19,9636
4440,宜新實業,60,0,60,富邦-中壢,2024-06-19,9636
911608,明輝-DR,56,0,56,富邦-中壢,2024-06-19,9636
3062,建漢,190,137,53,富邦-中壢,2024-06-19,9636
00934,中信成長高股息,70,18,52,富邦-中壢,2024-06-19,9636
2442,新美齊,52,0,52,富邦-中壢,2024-06-19,9636
5302,太欣,50,0,50,富邦-中壢,2024-06-19,9636
1522,堤維西,180,131,49,富邦-中壢,2024-06-19,9636
6116,彩晶,48,1,47,富邦-中壢,2024-06-19,9636
00948B,中信優息投資級債,47,0,47,富邦-中壢,2024-06-19,9636
2515,中工,53,10,43,富邦-中壢,2024-06-19,9636
2359,所羅門,95,54,41,富邦-中壢,2024-06-19,9636
9945,潤泰新,51,10,41,富邦-中壢,2024-06-19,9636
00712,復華富時不動產,114,75,39,富邦-中壢,2024-06-19,9636
6770,力積電,71,32,39,富邦-中壢,2024-06-19,9636
1815,富喬,166,130,36,富邦-中壢,2024-06-19,9636
5871,中租-KY,39,6,33,富邦-中壢,2024-06-19,9636
2472,立隆電,31,0,31,富邦-中壢,2024-06-19,9636
2342,茂矽,31,2,29,富邦-中壢,2024-06-19,9636
4562,穎漢,49,21,28,富邦-中壢,2024-06-19,9636
00923,群益台ESG低碳50,31,4,27,富邦-中壢,2024-06-19,9636
5443,均豪,191,164,27,富邦-中壢,2024-06-19,9636
6190,萬泰科,57,29,28,富邦-中壢,2024-06-19,9636
3059,華晶科,29,2,27,富邦-中壢,2024-06-19,9636
2606,裕民,28,1,27,富邦-中壢,2024-06-19,9636
00675L,富邦臺灣加權正2,27,0,27,富邦-中壢,2024-06-19,9636
4967,十銓,95,68,27,富邦-中壢,2024-06-19,9636
00679B,元大美債20年,91,65,26,富邦-中壢,2024-06-19,9636
2353,宏��,40,14,26,富邦-中壢,2024-06-19,9636
2476,鉅祥,44,19,25,富邦-中壢,2024-06-19,9636
00720B,元大投資級公司債,28,3,25,富邦-中壢,2024-06-19,9636
00929,復華台灣科技優息,1244,295,949,富邦-中壢,2024-06-20,9636
00673R,期元大S＆P原油反1,390,0,390,富邦-中壢,2024-06-20,9636
00687B,國泰20年美債,410,68,342,富邦-中壢,2024-06-20,9636
00940,元大台灣價值高息,787,478,309,富邦-中壢,2024-06-20,9636
00936,台新永續高息中小,351,49,302,富邦-中壢,2024-06-20,9636
00937B,群益ESG投等債20,325,46,279,富邦-中壢,2024-06-20,9636
00946,群益科技高息成長,224,37,187,富邦-中壢,2024-06-20,9636
3481,群創,245,107,138,富邦-中壢,2024-06-20,9636
00933B,國泰10Y+金融債,129,2,127,富邦-中壢,2024-06-20,9636
2353,宏��,125,24,101,富邦-中壢,2024-06-20,9636
00632R,元大台灣50反1,413,314,99,富邦-中壢,2024-06-20,9636
00948B,中信優息投資級債,84,0,84,富邦-中壢,2024-06-20,9636
1309,台達化,73,1,72,富邦-中壢,2024-06-20,9636
6177,達麗,88,17,71,富邦-中壢,2024-06-20,9636
00696B,富邦美債20年,71,0,71,富邦-中壢,2024-06-20,9636
00881,國泰台灣5G+,78,9,69,富邦-中壢,2024-06-20,9636
2812,台中銀,59,0,59,富邦-中壢,2024-06-20,9636
2888,新光金,90,36,54,富邦-中壢,2024-06-20,9636
00947,台新臺灣IC設計,49,0,49,富邦-中壢,2024-06-20,9636
4167,松瑞藥,50,2,48,富邦-中壢,2024-06-20,9636
2330,台積電,53,6,47,富邦-中壢,2024-06-20,9636
1802,台玻,82,39,43,富邦-中壢,2024-06-20,9636
00650L,復華香港正2,43,2,41,富邦-中壢,2024-06-20,9636
2442,新美齊,41,0,41,富邦-中壢,2024-06-20,9636
4440,宜新實業,40,0,40,富邦-中壢,2024-06-20,9636
8105,凌巨,123,86,37,富邦-中壢,2024-06-20,9636
1785,光洋科,176,140,36,富邦-中壢,2024-06-20,9636
4566,時碩工業,120,85,35,富邦-中壢,2024-06-20,9636
8064,東捷,105,70,35,富邦-中壢,2024-06-20,9636
1605,華新,37,3,34,富邦-中壢,2024-06-20,9636
6187,萬潤,42,9,33,富邦-中壢,2024-06-20,9636
00935,野村臺灣新科技50,36,3,33,富邦-中壢,2024-06-20,9636
00857B,永豐20年美公債,32,0,32,富邦-中壢,2024-06-20,9636
00942B,台新美A公司債20+,31,0,31,富邦-中壢,2024-06-20,9636
2409,友達,40,9,31,富邦-中壢,2024-06-20,9636
5302,太欣,64,34,30,富邦-中壢,2024-06-20,9636
3380,明泰,46,16,30,富邦-中壢,2024-06-20,9636
00915,凱基優選高股息30,41,12,29,富邦-中壢,2024-06-20,9636
00713,元大台灣高息低波,48,20,28,富邦-中壢,2024-06-20,9636
00751B,元大AAA至A公司債,39,11,28,富邦-中壢,2024-06-20,9636
00664R,國泰臺灣加權反1,158,132,26,富邦-中壢,2024-06-20,9636
00888,永豐台灣ESG,25,1,24,富邦-中壢,2024-06-20,9636
2610,華航,61,39,22,富邦-中壢,2024-06-20,9636
00907,永豐優息存股,23,2,21,富邦-中壢,2024-06-20,9636
2867,三商壽,58,37,21,富邦-中壢,2024-06-20,9636
1301,台塑,34,14,20,富邦-中壢,2024-06-20,9636
6841,長佳智能,32,12,20,富邦-中壢,2024-06-20,9636
1532,勤美,23,4,19,富邦-中壢,2024-06-20,9636
4306,炎洲,22,3,19,富邦-中壢,2024-06-20,9636
1503,士電,63,44,19,富邦-中壢,2024-06-20,9636
00937B,群益ESG投等債20,852,45,807,富邦-中壢,2024-06-21,9636
912000,晨訊科-DR,359,6,353,富邦-中壢,2024-06-21,9636
00673R,期元大S＆P原油反1,336,0,336,富邦-中壢,2024-06-21,9636
00679B,元大美債20年,225,8,217,富邦-中壢,2024-06-21,9636
2317,鴻海,309,120,189,富邦-中壢,2024-06-21,9636
00940,元大台灣價值高息,337,157,180,富邦-中壢,2024-06-21,9636
00665L,富邦�琤肭磪囓�2,168,13,155,富邦-中壢,2024-06-21,9636
00633L,富邦上証正2,145,1,144,富邦-中壢,2024-06-21,9636
00923,群益台ESG低碳50,139,5,134,富邦-中壢,2024-06-21,9636
00936,台新永續高息中小,149,25,124,富邦-中壢,2024-06-21,9636
00933B,國泰10Y+金融債,106,0,106,富邦-中壢,2024-06-21,9636
00753L,中信中國50正2,108,4,104,富邦-中壢,2024-06-21,9636
00942B,台新美A公司債20+,98,0,98,富邦-中壢,2024-06-21,9636
00919,群益台灣精選高息,584,490,94,富邦-中壢,2024-06-21,9636
00687B,國泰20年美債,123,33,90,富邦-中壢,2024-06-21,9636
00895,富邦未來車,91,10,81,富邦-中壢,2024-06-21,9636
1301,台塑,81,0,81,富邦-中壢,2024-06-21,9636
00946,群益科技高息成長,89,10,79,富邦-中壢,2024-06-21,9636
2354,鴻準,93,17,76,富邦-中壢,2024-06-21,9636
6177,達麗,72,0,72,富邦-中壢,2024-06-21,9636
00713,元大台灣高息低波,71,6,65,富邦-中壢,2024-06-21,9636
2609,陽明,314,249,65,富邦-中壢,2024-06-21,9636
1522,堤維西,73,13,60,富邦-中壢,2024-06-21,9636
00706L,期元大S＆P日圓正2,54,0,54,富邦-中壢,2024-06-21,9636
2331,精英,52,0,52,富邦-中壢,2024-06-21,9636
1815,富喬,98,47,51,富邦-中壢,2024-06-21,9636
2615,萬海,304,258,46,富邦-中壢,2024-06-21,9636
9945,潤泰新,50,6,44,富邦-中壢,2024-06-21,9636
2330,台積電,48,6,42,富邦-中壢,2024-06-21,9636
3305,昇貿,94,53,41,富邦-中壢,2024-06-21,9636
2515,中工,53,12,41,富邦-中壢,2024-06-21,9636
9933,中鼎,45,5,40,富邦-中壢,2024-06-21,9636
00918,大華優利高填息30,105,66,39,富邦-中壢,2024-06-21,9636
2313,華通,186,147,39,富邦-中壢,2024-06-21,9636
2376,技嘉,53,15,38,富邦-中壢,2024-06-21,9636
00948B,中信優息投資級債,48,10,38,富邦-中壢,2024-06-21,9636
2442,新美齊,40,2,38,富邦-中壢,2024-06-21,9636
00915,凱基優選高股息30,58,22,36,富邦-中壢,2024-06-21,9636
00637L,元大滬深300正2,56,22,34,富邦-中壢,2024-06-21,9636
2382,廣達,89,55,34,富邦-中壢,2024-06-21,9636
00881,國泰台灣5G+,60,27,33,富邦-中壢,2024-06-21,9636
5469,瀚宇博,32,0,32,富邦-中壢,2024-06-21,9636
3163,波若威,51,20,31,富邦-中壢,2024-06-21,9636
4167,松瑞藥,30,0,30,富邦-中壢,2024-06-21,9636
3540,曜越,32,4,28,富邦-中壢,2024-06-21,9636
3715,定穎投控,44,16,28,富邦-中壢,2024-06-21,9636
00751B,元大AAA至A公司債,38,11,27,富邦-中壢,2024-06-21,9636
4909,新復興,99,72,27,富邦-中壢,2024-06-21,9636
2356,英業達,43,18,25,富邦-中壢,2024-06-21,9636
1717,長興,25,0,25,富邦-中壢,2024-06-21,9636
00929,復華台灣科技優息,763,236,527,富邦-中壢,2024-06-24,9636
2409,友達,465,17,448,富邦-中壢,2024-06-24,9636
00919,群益台灣精選高息,676,252,424,富邦-中壢,2024-06-24,9636
3481,群創,1617,1265,352,富邦-中壢,2024-06-24,9636
00936,台新永續高息中小,252,3,249,富邦-中壢,2024-06-24,9636
00687B,國泰20年美債,221,22,199,富邦-中壢,2024-06-24,9636
00679B,元大美債20年,171,15,156,富邦-中壢,2024-06-24,9636
2317,鴻海,217,91,126,富邦-中壢,2024-06-24,9636
2615,萬海,225,101,124,富邦-中壢,2024-06-24,9636
1815,富喬,180,62,118,富邦-中壢,2024-06-24,9636
00933B,國泰10Y+金融債,98,10,88,富邦-中壢,2024-06-24,9636
00940,元大台灣價值高息,231,144,87,富邦-中壢,2024-06-24,9636
2867,三商壽,76,0,76,富邦-中壢,2024-06-24,9636
00918,大華優利高填息30,111,39,72,富邦-中壢,2024-06-24,9636
2371,大同,146,75,71,富邦-中壢,2024-06-24,9636
2330,台積電,108,38,70,富邦-中壢,2024-06-24,9636
00713,元大台灣高息低波,75,8,67,富邦-中壢,2024-06-24,9636
00946,群益科技高息成長,105,38,67,富邦-中壢,2024-06-24,9636
1301,台塑,70,5,65,富邦-中壢,2024-06-24,9636
00935,野村臺灣新科技50,66,2,64,富邦-中壢,2024-06-24,9636
8110,華東,118,54,64,富邦-中壢,2024-06-24,9636
00881,國泰台灣5G+,69,6,63,富邦-中壢,2024-06-24,9636
1785,光洋科,252,193,59,富邦-中壢,2024-06-24,9636
2347,聯強,59,0,59,富邦-中壢,2024-06-24,9636
00937B,群益ESG投等債20,313,256,57,富邦-中壢,2024-06-24,9636
3047,訊舟,151,95,56,富邦-中壢,2024-06-24,9636
5443,均豪,113,59,54,富邦-中壢,2024-06-24,9636
0050,元大台灣50,60,7,53,富邦-中壢,2024-06-24,9636
00939,統一台灣高息動能,71,20,51,富邦-中壢,2024-06-24,9636
2353,宏��,60,9,51,富邦-中壢,2024-06-24,9636
8163,達方,50,0,50,富邦-中壢,2024-06-24,9636
3062,建漢,534,487,47,富邦-中壢,2024-06-24,9636
1303,南亞,47,1,46,富邦-中壢,2024-06-24,9636
1319,東陽,45,0,45,富邦-中壢,2024-06-24,9636
5488,松普,44,0,44,富邦-中壢,2024-06-24,9636
1522,堤維西,52,8,44,富邦-中壢,2024-06-24,9636
00947,台新臺灣IC設計,42,0,42,富邦-中壢,2024-06-24,9636
5512,力麒,95,53,42,富邦-中壢,2024-06-24,9636
00948B,中信優息投資級債,41,0,41,富邦-中壢,2024-06-24,9636
6770,力積電,44,4,40,富邦-中壢,2024-06-24,9636
00692,富邦公司治理,49,9,40,富邦-中壢,2024-06-24,9636
2002,中鋼,47,7,40,富邦-中壢,2024-06-24,9636
3576,聯合再生,52,13,39,富邦-中壢,2024-06-24,9636
4967,十銓,69,31,38,富邦-中壢,2024-06-24,9636
2382,廣達,82,45,37,富邦-中壢,2024-06-24,9636
4526,東台,192,160,32,富邦-中壢,2024-06-24,9636
00923,群益台ESG低碳50,34,2,32,富邦-中壢,2024-06-24,9636
2607,榮運,32,0,32,富邦-中壢,2024-06-24,9636
2464,盟立,122,90,32,富邦-中壢,2024-06-24,9636
2609,陽明,120,90,30,富邦-中壢,2024-06-24,9636
3481,群創,2376,1754,622,富邦-中壢,2024-06-25,9636
00929,復華台灣科技優息,592,78,514,富邦-中壢,2024-06-25,9636
00673R,期元大S＆P原油反1,198,5,193,富邦-中壢,2024-06-25,9636
912000,晨訊科-DR,160,5,155,富邦-中壢,2024-06-25,9636
2409,友達,158,13,145,富邦-中壢,2024-06-25,9636
00942B,台新美A公司債20+,109,0,109,富邦-中壢,2024-06-25,9636
0056,元大高股息,146,38,108,富邦-中壢,2024-06-25,9636
00936,台新永續高息中小,107,9,98,富邦-中壢,2024-06-25,9636
00687B,國泰20年美債,115,19,96,富邦-中壢,2024-06-25,9636
2888,新光金,128,38,90,富邦-中壢,2024-06-25,9636
00919,群益台灣精選高息,258,187,71,富邦-中壢,2024-06-25,9636
4440,宜新實業,70,0,70,富邦-中壢,2024-06-25,9636
00946,群益科技高息成長,90,23,67,富邦-中壢,2024-06-25,9636
2892,第一金,76,12,64,富邦-中壢,2024-06-25,9636
2542,興富發,63,1,62,富邦-中壢,2024-06-25,9636
00692,富邦公司治理,61,4,57,富邦-中壢,2024-06-25,9636
3037,欣興,56,0,56,富邦-中壢,2024-06-25,9636
2615,萬海,148,93,55,富邦-中壢,2024-06-25,9636
6177,達麗,52,0,52,富邦-中壢,2024-06-25,9636
2102,泰豐,50,0,50,富邦-中壢,2024-06-25,9636
2855,統一證,51,3,48,富邦-中壢,2024-06-25,9636
00830,國泰費城半導體,48,0,48,富邦-中壢,2024-06-25,9636
3663,鑫科,84,41,43,富邦-中壢,2024-06-25,9636
2352,佳世達,76,36,40,富邦-中壢,2024-06-25,9636
00947,台新臺灣IC設計,40,0,40,富邦-中壢,2024-06-25,9636
2834,臺企銀,46,7,39,富邦-中壢,2024-06-25,9636
9945,潤泰新,40,6,34,富邦-中壢,2024-06-25,9636
2365,昆盈,53,20,33,富邦-中壢,2024-06-25,9636
00878,國泰永續高股息,93,61,32,富邦-中壢,2024-06-25,9636
2867,三商壽,42,10,32,富邦-中壢,2024-06-25,9636
2442,新美齊,31,0,31,富邦-中壢,2024-06-25,9636
6219,富旺,30,0,30,富邦-中壢,2024-06-25,9636
00877,復華中國5G,33,3,30,富邦-中壢,2024-06-25,9636
2464,盟立,71,41,30,富邦-中壢,2024-06-25,9636
6770,力積電,30,1,29,富邦-中壢,2024-06-25,9636
3596,智易,30,1,29,富邦-中壢,2024-06-25,9636
911608,明輝-DR,29,0,29,富邦-中壢,2024-06-25,9636
00927,群益半導體收益,31,2,29,富邦-中壢,2024-06-25,9636
2303,聯電,49,20,29,富邦-中壢,2024-06-25,9636
6477,安集,41,13,28,富邦-中壢,2024-06-25,9636
9103,美德醫療-DR,27,0,27,富邦-中壢,2024-06-25,9636
8110,華東,82,56,26,富邦-中壢,2024-06-25,9636
1802,台玻,29,3,26,富邦-中壢,2024-06-25,9636
4561,健椿,26,0,26,富邦-中壢,2024-06-25,9636
6176,瑞儀,25,1,24,富邦-中壢,2024-06-25,9636
3122,笙泉,28,4,24,富邦-中壢,2024-06-25,9636
6173,信昌電,39,15,24,富邦-中壢,2024-06-25,9636
2509,全坤建,24,0,24,富邦-中壢,2024-06-25,9636
8234,新漢,25,1,24,富邦-中壢,2024-06-25,9636
2903,遠百,26,2,24,富邦-中壢,2024-06-25,9636
00688L,國泰20年美債正2,520,10,510,富邦-中壢,2024-06-26,9636
00929,復華台灣科技優息,511,82,429,富邦-中壢,2024-06-26,9636
2633,台灣高鐵,332,0,332,富邦-中壢,2024-06-26,9636
3481,群創,985,718,267,富邦-中壢,2024-06-26,9636
00665L,富邦�琤肭磪囓�2,335,110,225,富邦-中壢,2024-06-26,9636
00679B,元大美債20年,202,28,174,富邦-中壢,2024-06-26,9636
00936,台新永續高息中小,209,36,173,富邦-中壢,2024-06-26,9636
2883,凱基金,161,4,157,富邦-中壢,2024-06-26,9636
00919,群益台灣精選高息,219,76,143,富邦-中壢,2024-06-26,9636
2409,友達,135,5,130,富邦-中壢,2024-06-26,9636
2888,新光金,125,10,115,富邦-中壢,2024-06-26,9636
2610,華航,131,23,108,富邦-中壢,2024-06-26,9636
9904,寶成,105,4,101,富邦-中壢,2024-06-26,9636
2344,華邦電,104,5,99,富邦-中壢,2024-06-26,9636
00720B,元大投資級公司債,108,11,97,富邦-中壢,2024-06-26,9636
3652,精聯,100,11,89,富邦-中壢,2024-06-26,9636
2371,大同,230,141,89,富邦-中壢,2024-06-26,9636
00940,元大台灣價值高息,176,98,78,富邦-中壢,2024-06-26,9636
00937B,群益ESG投等債20,127,55,72,富邦-中壢,2024-06-26,9636
00687B,國泰20年美債,151,92,59,富邦-中壢,2024-06-26,9636
5302,太欣,81,23,58,富邦-中壢,2024-06-26,9636
00633L,富邦上証正2,56,1,55,富邦-中壢,2024-06-26,9636
2515,中工,59,5,54,富邦-中壢,2024-06-26,9636
2855,統一證,53,0,53,富邦-中壢,2024-06-26,9636
2353,宏��,65,13,52,富邦-中壢,2024-06-26,9636
2442,新美齊,51,0,51,富邦-中壢,2024-06-26,9636
2102,泰豐,50,0,50,富邦-中壢,2024-06-26,9636
2317,鴻海,125,76,49,富邦-中壢,2024-06-26,9636
4123,晟德,57,9,48,富邦-中壢,2024-06-26,9636
00942B,台新美A公司債20+,48,0,48,富邦-中壢,2024-06-26,9636
00946,群益科技高息成長,62,17,45,富邦-中壢,2024-06-26,9636
00713,元大台灣高息低波,45,1,44,富邦-中壢,2024-06-26,9636
2401,凌陽,71,30,41,富邦-中壢,2024-06-26,9636
5452,佶優,78,37,41,富邦-中壢,2024-06-26,9636
3535,晶彩科,44,6,38,富邦-中壢,2024-06-26,9636
3062,建漢,95,60,35,富邦-中壢,2024-06-26,9636
1815,富喬,89,54,35,富邦-中壢,2024-06-26,9636
2609,陽明,128,94,34,富邦-中壢,2024-06-26,9636
5328,華容,38,5,33,富邦-中壢,2024-06-26,9636
4526,東台,83,50,33,富邦-中壢,2024-06-26,9636
2201,裕隆,35,2,33,富邦-中壢,2024-06-26,9636
3260,威剛,38,6,32,富邦-中壢,2024-06-26,9636
6116,彩晶,45,14,31,富邦-中壢,2024-06-26,9636
9103,美德醫療-DR,40,10,30,富邦-中壢,2024-06-26,9636
3508,位速,30,0,30,富邦-中壢,2024-06-26,9636
00637L,元大滬深300正2,30,1,29,富邦-中壢,2024-06-26,9636
911608,明輝-DR,29,0,29,富邦-中壢,2024-06-26,9636
00881,國泰台灣5G+,29,2,27,富邦-中壢,2024-06-26,9636
5009,榮剛,27,2,25,富邦-中壢,2024-06-26,9636
00882,中信中國高股息,26,1,25,富邦-中壢,2024-06-26,9636
00929,復華台灣科技優息,594,155,439,富邦-中壢,2024-06-27,9636
00665L,富邦�琤肭磪囓�2,414,8,406,富邦-中壢,2024-06-27,9636
00937B,群益ESG投等債20,427,33,394,富邦-中壢,2024-06-27,9636
00679B,元大美債20年,238,22,216,富邦-中壢,2024-06-27,9636
2633,台灣高鐵,215,2,213,富邦-中壢,2024-06-27,9636
00687B,國泰20年美債,218,22,196,富邦-中壢,2024-06-27,9636
3481,群創,333,141,192,富邦-中壢,2024-06-27,9636
00936,台新永續高息中小,189,16,173,富邦-中壢,2024-06-27,9636
00688L,國泰20年美債正2,131,0,131,富邦-中壢,2024-06-27,9636
2888,新光金,128,2,126,富邦-中壢,2024-06-27,9636
00948B,中信優息投資級債,125,0,125,富邦-中壢,2024-06-27,9636
2883,凱基金,131,14,117,富邦-中壢,2024-06-27,9636
00946,群益科技高息成長,98,1,97,富邦-中壢,2024-06-27,9636
3047,訊舟,367,275,92,富邦-中壢,2024-06-27,9636
2885,元大金,94,7,87,富邦-中壢,2024-06-27,9636
00878,國泰永續高股息,101,15,86,富邦-中壢,2024-06-27,9636
00680L,元大美債20正2,86,4,82,富邦-中壢,2024-06-27,9636
6120,達運,105,25,80,富邦-中壢,2024-06-27,9636
00919,群益台灣精選高息,136,56,80,富邦-中壢,2024-06-27,9636
3035,智原,103,23,80,富邦-中壢,2024-06-27,9636
00753L,中信中國50正2,126,50,76,富邦-中壢,2024-06-27,9636
00939,統一台灣高息動能,114,40,74,富邦-中壢,2024-06-27,9636
2442,新美齊,70,0,70,富邦-中壢,2024-06-27,9636
1709,和益,122,53,69,富邦-中壢,2024-06-27,9636
4938,和碩,72,5,67,富邦-中壢,2024-06-27,9636
4114,健喬,70,5,65,富邦-中壢,2024-06-27,9636
0056,元大高股息,78,20,58,富邦-中壢,2024-06-27,9636
2515,中工,53,0,53,富邦-中壢,2024-06-27,9636
00942B,台新美A公司債20+,53,0,53,富邦-中壢,2024-06-27,9636
8104,錸寶,61,10,51,富邦-中壢,2024-06-27,9636
9904,寶成,53,3,50,富邦-中壢,2024-06-27,9636
8064,東捷,84,35,49,富邦-中壢,2024-06-27,9636
3615,安可,149,101,48,富邦-中壢,2024-06-27,9636
00947,台新臺灣IC設計,47,0,47,富邦-中壢,2024-06-27,9636
2409,友達,54,7,47,富邦-中壢,2024-06-27,9636
3231,緯創,56,11,45,富邦-中壢,2024-06-27,9636
00713,元大台灣高息低波,51,6,45,富邦-中壢,2024-06-27,9636
1905,華紙,45,0,45,富邦-中壢,2024-06-27,9636
3260,威剛,48,11,37,富邦-中壢,2024-06-27,9636
8110,華東,45,8,37,富邦-中壢,2024-06-27,9636
2371,大同,195,159,36,富邦-中壢,2024-06-27,9636
4167,松瑞藥,85,49,36,富邦-中壢,2024-06-27,9636
1909,榮成,50,15,35,富邦-中壢,2024-06-27,9636
1319,東陽,43,9,34,富邦-中壢,2024-06-27,9636
8358,金居,35,3,32,富邦-中壢,2024-06-27,9636
00650L,復華香港正2,31,0,31,富邦-中壢,2024-06-27,9636
6869,雲豹能源,87,58,29,富邦-中壢,2024-06-27,9636
9945,潤泰新,33,4,29,富邦-中壢,2024-06-27,9636
2367,燿華,54,25,29,富邦-中壢,2024-06-27,9636
00918,大華優利高填息30,38,10,28,富邦-中壢,2024-06-27,9636
00936,台新永續高息中小,377,19,358,富邦-中壢,2024-06-28,9636
00929,復華台灣科技優息,391,72,319,富邦-中壢,2024-06-28,9636
3481,群創,451,173,278,富邦-中壢,2024-06-28,9636
912000,晨訊科-DR,590,360,230,富邦-中壢,2024-06-28,9636
00688L,國泰20年美債正2,260,38,222,富邦-中壢,2024-06-28,9636
2883,凱基金,229,19,210,富邦-中壢,2024-06-28,9636
00753L,中信中國50正2,176,10,166,富邦-中壢,2024-06-28,9636
9105,泰金寶-DR,122,5,117,富邦-中壢,2024-06-28,9636
00931B,統一美債20年,104,0,104,富邦-中壢,2024-06-28,9636
2317,鴻海,163,61,102,富邦-中壢,2024-06-28,9636
3576,聯合再生,234,136,98,富邦-中壢,2024-06-28,9636
00687B,國泰20年美債,96,1,95,富邦-中壢,2024-06-28,9636
2406,國碩,225,134,91,富邦-中壢,2024-06-28,9636
00632R,元大台灣50反1,147,58,89,富邦-中壢,2024-06-28,9636
00679B,元大美債20年,95,22,73,富邦-中壢,2024-06-28,9636
2303,聯電,79,8,71,富邦-中壢,2024-06-28,9636
2349,錸德,73,11,62,富邦-中壢,2024-06-28,9636
6477,安集,72,10,62,富邦-中壢,2024-06-28,9636
2838,聯邦銀,100,50,50,富邦-中壢,2024-06-28,9636
1718,中纖,50,0,50,富邦-中壢,2024-06-28,9636
2618,長榮航,83,33,50,富邦-中壢,2024-06-28,9636
1611,中電,57,8,49,富邦-中壢,2024-06-28,9636
8104,錸寶,52,4,48,富邦-中壢,2024-06-28,9636
2371,大同,216,170,46,富邦-中壢,2024-06-28,9636
00712,復華富時不動產,55,12,43,富邦-中壢,2024-06-28,9636
2442,新美齊,56,15,41,富邦-中壢,2024-06-28,9636
8473,山林水,41,0,41,富邦-中壢,2024-06-28,9636
3652,精聯,62,22,40,富邦-中壢,2024-06-28,9636
2542,興富發,60,21,39,富邦-中壢,2024-06-28,9636
2002,中鋼,46,9,37,富邦-中壢,2024-06-28,9636
00937B,群益ESG投等債20,116,80,36,富邦-中壢,2024-06-28,9636
2610,華航,1096,1061,35,富邦-中壢,2024-06-28,9636
2405,輔信,50,16,34,富邦-中壢,2024-06-28,9636
2301,光寶科,52,20,32,富邦-中壢,2024-06-28,9636
00764B,群益25年美債,32,0,32,富邦-中壢,2024-06-28,9636
2515,中工,45,13,32,富邦-中壢,2024-06-28,9636
6443,元晶,106,76,30,富邦-中壢,2024-06-28,9636
6182,合晶,38,10,28,富邦-中壢,2024-06-28,9636
6806,森崴能源,46,20,26,富邦-中壢,2024-06-28,9636
00948B,中信優息投資級債,26,0,26,富邦-中壢,2024-06-28,9636
3083,網龍,48,23,25,富邦-中壢,2024-06-28,9636
00751B,元大AAA至A公司債,26,1,25,富邦-中壢,2024-06-28,9636
2489,瑞軒,93,69,24,富邦-中壢,2024-06-28,9636
9958,世紀鋼,62,38,24,富邦-中壢,2024-06-28,9636
1609,大亞,108,84,24,富邦-中壢,2024-06-28,9636
8103,瀚荃,36,13,23,富邦-中壢,2024-06-28,9636
5403,中菲,23,0,23,富邦-中壢,2024-06-28,9636
00830,國泰費城半導體,22,0,22,富邦-中壢,2024-06-28,9636
8092,建暐,37,15,22,富邦-中壢,2024-06-28,9636
3372,典範,24,3,21,富邦-中壢,2024-06-28,9636
00937B,群益ESG投等債20,695,11,684,富邦-中壢,2024-07-01,9636
00929,復華台灣科技優息,600,78,522,富邦-中壢,2024-07-01,9636
00687B,國泰20年美債,360,6,354,富邦-中壢,2024-07-01,9636
00679B,元大美債20年,357,22,335,富邦-中壢,2024-07-01,9636
00680L,元大美債20正2,258,0,258,富邦-中壢,2024-07-01,9636
2882,國泰金,406,189,217,富邦-中壢,2024-07-01,9636
00948B,中信優息投資級債,190,0,190,富邦-中壢,2024-07-01,9636
00931B,統一美債20年,188,0,188,富邦-中壢,2024-07-01,9636
3576,聯合再生,242,56,186,富邦-中壢,2024-07-01,9636
00942B,台新美A公司債20+,187,10,177,富邦-中壢,2024-07-01,9636
00688L,國泰20年美債正2,167,0,167,富邦-中壢,2024-07-01,9636
0056,元大高股息,141,21,120,富邦-中壢,2024-07-01,9636
00936,台新永續高息中小,151,36,115,富邦-中壢,2024-07-01,9636
2208,台船,112,0,112,富邦-中壢,2024-07-01,9636
2883,凱基金,136,37,99,富邦-中壢,2024-07-01,9636
2344,華邦電,91,8,83,富邦-中壢,2024-07-01,9636
00751B,元大AAA至A公司債,81,0,81,富邦-中壢,2024-07-01,9636
2313,華通,200,120,80,富邦-中壢,2024-07-01,9636
2352,佳世達,119,44,75,富邦-中壢,2024-07-01,9636
9904,寶成,73,5,68,富邦-中壢,2024-07-01,9636
3481,群創,179,114,65,富邦-中壢,2024-07-01,9636
2607,榮運,62,1,61,富邦-中壢,2024-07-01,9636
3060,銘異,64,8,56,富邦-中壢,2024-07-01,9636
00933B,國泰10Y+金融債,65,12,53,富邦-中壢,2024-07-01,9636
00795B,中信美國公債20年,47,0,47,富邦-中壢,2024-07-01,9636
1718,中纖,43,0,43,富邦-中壢,2024-07-01,9636
00633L,富邦上証正2,43,0,43,富邦-中壢,2024-07-01,9636
6188,廣明,157,119,38,富邦-中壢,2024-07-01,9636
2349,錸德,83,45,38,富邦-中壢,2024-07-01,9636
3663,鑫科,60,24,36,富邦-中壢,2024-07-01,9636
2324,仁寶,39,4,35,富邦-中壢,2024-07-01,9636
00720B,元大投資級公司債,36,0,36,富邦-中壢,2024-07-01,9636
2409,友達,47,15,32,富邦-中壢,2024-07-01,9636
00915,凱基優選高股息30,52,21,31,富邦-中壢,2024-07-01,9636
3605,宏致,30,0,30,富邦-中壢,2024-07-01,9636
2359,所羅門,66,37,29,富邦-中壢,2024-07-01,9636
6215,和椿,80,51,29,富邦-中壢,2024-07-01,9636
3338,泰碩,83,55,28,富邦-中壢,2024-07-01,9636
2331,精英,34,6,28,富邦-中壢,2024-07-01,9636
2002,中鋼,35,8,27,富邦-中壢,2024-07-01,9636
4714,永捷,27,0,27,富邦-中壢,2024-07-01,9636
2363,矽統,35,8,27,富邦-中壢,2024-07-01,9636
3050,鈺德,34,8,26,富邦-中壢,2024-07-01,9636
2371,大同,106,80,26,富邦-中壢,2024-07-01,9636
5498,凱崴,47,22,25,富邦-中壢,2024-07-01,9636
3105,穩懋,110,86,24,富邦-中壢,2024-07-01,9636
6282,康舒,36,12,24,富邦-中壢,2024-07-01,9636
6770,力積電,49,25,24,富邦-中壢,2024-07-01,9636
5398,慕康生醫,24,0,24,富邦-中壢,2024-07-01,9636
1815,富喬,85,62,23,富邦-中壢,2024-07-01,9636
00929,復華台灣科技優息,781,288,493,富邦-中壢,2024-07-02,9636
00934,中信成長高股息,622,154,468,富邦-中壢,2024-07-02,9636
2303,聯電,338,18,320,富邦-中壢,2024-07-02,9636
00937B,群益ESG投等債20,422,103,319,富邦-中壢,2024-07-02,9636
00680L,元大美債20正2,304,2,302,富邦-中壢,2024-07-02,9636
00687B,國泰20年美債,276,32,244,富邦-中壢,2024-07-02,9636
00679B,元大美債20年,252,18,234,富邦-中壢,2024-07-02,9636
2317,鴻海,271,51,220,富邦-中壢,2024-07-02,9636
00688L,國泰20年美債正2,220,0,220,富邦-中壢,2024-07-02,9636
00948B,中信優息投資級債,219,0,219,富邦-中壢,2024-07-02,9636
2349,錸德,258,81,177,富邦-中壢,2024-07-02,9636
00936,台新永續高息中小,324,149,175,富邦-中壢,2024-07-02,9636
00632R,元大台灣50反1,178,17,161,富邦-中壢,2024-07-02,9636
0056,元大高股息,166,7,159,富邦-中壢,2024-07-02,9636
2002,中鋼,125,10,115,富邦-中壢,2024-07-02,9636
00673R,期元大S＆P原油反1,111,0,111,富邦-中壢,2024-07-02,9636
2888,新光金,198,97,101,富邦-中壢,2024-07-02,9636
2365,昆盈,266,166,100,富邦-中壢,2024-07-02,9636
00918,大華優利高填息30,147,48,99,富邦-中壢,2024-07-02,9636
8112,至上,86,1,85,富邦-中壢,2024-07-02,9636
1784,訊聯,88,9,79,富邦-中壢,2024-07-02,9636
5880,合庫金,80,1,79,富邦-中壢,2024-07-02,9636
1309,台達化,78,0,78,富邦-中壢,2024-07-02,9636
6026,福邦證,70,5,65,富邦-中壢,2024-07-02,9636
00712,復華富時不動產,62,0,62,富邦-中壢,2024-07-02,9636
6285,啟��,65,5,60,富邦-中壢,2024-07-02,9636
5452,佶優,86,28,58,富邦-中壢,2024-07-02,9636
2913,農林,54,2,52,富邦-中壢,2024-07-02,9636
6126,信音,60,9,51,富邦-中壢,2024-07-02,9636
2405,輔信,89,38,51,富邦-中壢,2024-07-02,9636
8064,東捷,152,102,50,富邦-中壢,2024-07-02,9636
2615,萬海,87,41,46,富邦-中壢,2024-07-02,9636
6163,華電網,50,5,45,富邦-中壢,2024-07-02,9636
3481,群創,153,108,45,富邦-中壢,2024-07-02,9636
2834,臺企銀,44,1,43,富邦-中壢,2024-07-02,9636
5512,力麒,43,2,41,富邦-中壢,2024-07-02,9636
2409,友達,45,5,40,富邦-中壢,2024-07-02,9636
2027,大成鋼,40,0,40,富邦-中壢,2024-07-02,9636
1301,台塑,42,2,40,富邦-中壢,2024-07-02,9636
00927,群益半導體收益,41,2,39,富邦-中壢,2024-07-02,9636
4562,穎漢,86,49,37,富邦-中壢,2024-07-02,9636
1815,富喬,52,17,35,富邦-中壢,2024-07-02,9636
3703,欣陸,49,15,34,富邦-中壢,2024-07-02,9636
4534,慶騰,39,6,33,富邦-中壢,2024-07-02,9636
00795B,中信美國公債20年,42,10,32,富邦-中壢,2024-07-02,9636
3702,大聯大,31,0,31,富邦-中壢,2024-07-02,9636
1609,大亞,36,5,31,富邦-中壢,2024-07-02,9636
00942B,台新美A公司債20+,31,0,31,富邦-中壢,2024-07-02,9636
00720B,元大投資級公司債,45,15,30,富邦-中壢,2024-07-02,9636
5347,世界,56,26,30,富邦-中壢,2024-07-02,9636
00934,中信成長高股息,544,26,518,富邦-中壢,2024-07-03,9636
5009,榮剛,247,4,243,富邦-中壢,2024-07-03,9636
00680L,元大美債20正2,265,51,214,富邦-中壢,2024-07-03,9636
00929,復華台灣科技優息,404,204,200,富邦-中壢,2024-07-03,9636
0056,元大高股息,189,25,164,富邦-中壢,2024-07-03,9636
00687B,國泰20年美債,173,14,159,富邦-中壢,2024-07-03,9636
00632R,元大台灣50反1,287,132,155,富邦-中壢,2024-07-03,9636
00688L,國泰20年美債正2,137,0,137,富邦-中壢,2024-07-03,9636
3576,聯合再生,332,216,116,富邦-中壢,2024-07-03,9636
00692,富邦公司治理,128,13,115,富邦-中壢,2024-07-03,9636
2317,鴻海,154,44,110,富邦-中壢,2024-07-03,9636
6443,元晶,188,80,108,富邦-中壢,2024-07-03,9636
00936,台新永續高息中小,186,90,96,富邦-中壢,2024-07-03,9636
00706L,期元大S＆P日圓正2,91,0,91,富邦-中壢,2024-07-03,9636
6244,茂迪,143,52,91,富邦-中壢,2024-07-03,9636
6538,倉和,101,12,89,富邦-中壢,2024-07-03,9636
2891,中信金,105,17,88,富邦-中壢,2024-07-03,9636
9105,泰金寶-DR,154,74,80,富邦-中壢,2024-07-03,9636
00937B,群益ESG投等債20,199,119,80,富邦-中壢,2024-07-03,9636
8071,能率網通,78,3,75,富邦-中壢,2024-07-03,9636
6548,長科*,70,0,70,富邦-中壢,2024-07-03,9636
00935,野村臺灣新科技50,69,0,69,富邦-中壢,2024-07-03,9636
2402,毅嘉,116,47,69,富邦-中壢,2024-07-03,9636
2406,國碩,133,68,65,富邦-中壢,2024-07-03,9636
8277,商丞,74,10,64,富邦-中壢,2024-07-03,9636
1905,華紙,62,0,62,富邦-中壢,2024-07-03,9636
00679B,元大美債20年,62,1,61,富邦-中壢,2024-07-03,9636
4906,正文,252,194,58,富邦-中壢,2024-07-03,9636
2324,仁寶,65,8,57,富邦-中壢,2024-07-03,9636
3360,尚立,55,1,54,富邦-中壢,2024-07-03,9636
6127,九豪,115,61,54,富邦-中壢,2024-07-03,9636
1810,和成,40,0,40,富邦-中壢,2024-07-03,9636
4533,協易機,41,2,39,富邦-中壢,2024-07-03,9636
8096,擎亞,40,2,38,富邦-中壢,2024-07-03,9636
5347,世界,54,16,38,富邦-中壢,2024-07-03,9636
1529,樂事綠能,54,17,37,富邦-中壢,2024-07-03,9636
00915,凱基優選高股息30,33,1,32,富邦-中壢,2024-07-03,9636
00881,國泰台灣5G+,35,3,32,富邦-中壢,2024-07-03,9636
3005,神基,44,13,31,富邦-中壢,2024-07-03,9636
5355,佳總,29,0,29,富邦-中壢,2024-07-03,9636
2892,第一金,50,22,28,富邦-中壢,2024-07-03,9636
5443,均豪,111,83,28,富邦-中壢,2024-07-03,9636
1815,富喬,66,39,27,富邦-中壢,2024-07-03,9636
1802,台玻,26,0,26,富邦-中壢,2024-07-03,9636
2374,佳能,41,16,25,富邦-中壢,2024-07-03,9636
5388,中磊,32,7,25,富邦-中壢,2024-07-03,9636
3031,佰鴻,35,10,25,富邦-中壢,2024-07-03,9636
00751B,元大AAA至A公司債,26,1,25,富邦-中壢,2024-07-03,9636
3062,建漢,45,21,24,富邦-中壢,2024-07-03,9636
2427,三商電,26,2,24,富邦-中壢,2024-07-03,9636
00934,中信成長高股息,876,10,866,富邦-中壢,2024-07-04,9636
00632R,元大台灣50反1,667,36,631,富邦-中壢,2024-07-04,9636
1815,富喬,291,77,214,富邦-中壢,2024-07-04,9636
5009,榮剛,260,60,200,富邦-中壢,2024-07-04,9636
2412,中華電,195,0,195,富邦-中壢,2024-07-04,9636
2618,長榮航,271,111,160,富邦-中壢,2024-07-04,9636
00679B,元大美債20年,174,22,152,富邦-中壢,2024-07-04,9636
2609,陽明,149,17,132,富邦-中壢,2024-07-04,9636
00687B,國泰20年美債,206,77,129,富邦-中壢,2024-07-04,9636
9105,泰金寶-DR,153,37,116,富邦-中壢,2024-07-04,9636
911868,同方友友-DR,116,0,116,富邦-中壢,2024-07-04,9636
6698,旭暉應材,130,29,101,富邦-中壢,2024-07-04,9636
00936,台新永續高息中小,129,32,97,富邦-中壢,2024-07-04,9636
6127,九豪,156,74,82,富邦-中壢,2024-07-04,9636
5355,佳總,77,0,77,富邦-中壢,2024-07-04,9636
6179,亞通,110,33,77,富邦-中壢,2024-07-04,9636
3663,鑫科,157,83,74,富邦-中壢,2024-07-04,9636
2881,富邦金,105,32,73,富邦-中壢,2024-07-04,9636
2324,仁寶,76,5,71,富邦-中壢,2024-07-04,9636
3049,精金,72,3,69,富邦-中壢,2024-07-04,9636
2867,三商壽,110,41,69,富邦-中壢,2024-07-04,9636
3031,佰鴻,63,1,62,富邦-中壢,2024-07-04,9636
6244,茂迪,211,156,55,富邦-中壢,2024-07-04,9636
00949,復華日本龍頭,56,2,54,富邦-中壢,2024-07-04,9636
3060,銘異,60,8,52,富邦-中壢,2024-07-04,9636
5347,世界,54,4,50,富邦-中壢,2024-07-04,9636
2033,佳大,51,2,49,富邦-中壢,2024-07-04,9636
2641,正德,51,5,46,富邦-中壢,2024-07-04,9636
00680L,元大美債20正2,76,33,43,富邦-中壢,2024-07-04,9636
9904,寶成,70,28,42,富邦-中壢,2024-07-04,9636
3313,斐成,44,2,42,富邦-中壢,2024-07-04,9636
2882,國泰金,50,9,41,富邦-中壢,2024-07-04,9636
3576,聯合再生,207,166,41,富邦-中壢,2024-07-04,9636
00945B,凱基美國非投等債,41,0,41,富邦-中壢,2024-07-04,9636
3047,訊舟,387,347,40,富邦-中壢,2024-07-04,9636
00706L,期元大S＆P日圓正2,40,0,40,富邦-中壢,2024-07-04,9636
2349,錸德,59,22,37,富邦-中壢,2024-07-04,9636
3189,景碩,50,15,35,富邦-中壢,2024-07-04,9636
3037,欣興,50,15,35,富邦-中壢,2024-07-04,9636
1409,新纖,91,56,35,富邦-中壢,2024-07-04,9636
2353,宏��,38,5,33,富邦-中壢,2024-07-04,9636
2855,統一證,35,3,32,富邦-中壢,2024-07-04,9636
00673R,期元大S＆P原油反1,32,0,32,富邦-中壢,2024-07-04,9636
2367,燿華,80,48,32,富邦-中壢,2024-07-04,9636
2603,長榮,50,19,31,富邦-中壢,2024-07-04,9636
5243,乙盛-KY,36,6,30,富邦-中壢,2024-07-04,9636
6126,信音,30,0,30,富邦-中壢,2024-07-04,9636
3550,聯穎,30,0,30,富邦-中壢,2024-07-04,9636
2482,連宇,85,56,29,富邦-中壢,2024-07-04,9636
3050,鈺德,32,3,29,富邦-中壢,2024-07-04,9636
00946,群益科技高息成長,527,0,527,富邦-中壢,2024-07-05,9636
00632R,元大台灣50反1,412,125,287,富邦-中壢,2024-07-05,9636
2312,金寶,216,11,205,富邦-中壢,2024-07-05,9636
00934,中信成長高股息,149,0,149,富邦-中壢,2024-07-05,9636
00633L,富邦上証正2,148,0,148,富邦-中壢,2024-07-05,9636
00937B,群益ESG投等債20,201,70,131,富邦-中壢,2024-07-05,9636
2609,陽明,221,106,115,富邦-中壢,2024-07-05,9636
4967,十銓,165,54,111,富邦-中壢,2024-07-05,9636
00905,FT臺灣Smart,104,0,104,富邦-中壢,2024-07-05,9636
4714,永捷,104,2,102,富邦-中壢,2024-07-05,9636
00679B,元大美債20年,108,18,90,富邦-中壢,2024-07-05,9636
1304,台聚,99,12,87,富邦-中壢,2024-07-05,9636
00753L,中信中國50正2,83,0,83,富邦-中壢,2024-07-05,9636
3576,聯合再生,311,240,71,富邦-中壢,2024-07-05,9636
2881,富邦金,109,39,70,富邦-中壢,2024-07-05,9636
00936,台新永續高息中小,92,23,69,富邦-中壢,2024-07-05,9636
2610,華航,1034,966,68,富邦-中壢,2024-07-05,9636
3548,兆利,65,0,65,富邦-中壢,2024-07-05,9636
2888,新光金,176,111,65,富邦-中壢,2024-07-05,9636
00949,復華日本龍頭,75,11,64,富邦-中壢,2024-07-05,9636
00673R,期元大S＆P原油反1,63,0,63,富邦-中壢,2024-07-05,9636
1609,大亞,74,16,58,富邦-中壢,2024-07-05,9636
2603,長榮,72,14,58,富邦-中壢,2024-07-05,9636
00909,國泰數位支付服務,57,1,56,富邦-中壢,2024-07-05,9636
5484,慧友,73,20,53,富邦-中壢,2024-07-05,9636
3037,欣興,54,1,53,富邦-中壢,2024-07-05,9636
2356,英業達,157,105,52,富邦-中壢,2024-07-05,9636
6127,九豪,182,131,51,富邦-中壢,2024-07-05,9636
8234,新漢,136,87,49,富邦-中壢,2024-07-05,9636
6153,嘉聯益,56,9,47,富邦-中壢,2024-07-05,9636
00945B,凱基美國非投等債,46,0,46,富邦-中壢,2024-07-05,9636
4909,新復興,50,6,44,富邦-中壢,2024-07-05,9636
8215,明基材,46,3,43,富邦-中壢,2024-07-05,9636
2834,臺企銀,64,21,43,富邦-中壢,2024-07-05,9636
4949,有成精密,40,0,40,富邦-中壢,2024-07-05,9636
9904,寶成,43,4,39,富邦-中壢,2024-07-05,9636
0056,元大高股息,58,20,38,富邦-中壢,2024-07-05,9636
00915,凱基優選高股息30,38,1,37,富邦-中壢,2024-07-05,9636
5309,系統電,45,10,35,富邦-中壢,2024-07-05,9636
6425,易發,41,8,33,富邦-中壢,2024-07-05,9636
2371,大同,231,198,33,富邦-中壢,2024-07-05,9636
2303,聯電,53,20,33,富邦-中壢,2024-07-05,9636
2324,仁寶,43,11,32,富邦-中壢,2024-07-05,9636
3050,鈺德,145,113,32,富邦-中壢,2024-07-05,9636
6270,倍微,32,1,31,富邦-中壢,2024-07-05,9636
1434,福懋,30,0,30,富邦-中壢,2024-07-05,9636
3285,微端,31,1,30,富邦-中壢,2024-07-05,9636
3596,智易,30,0,30,富邦-中壢,2024-07-05,9636
3048,益登,58,30,28,富邦-中壢,2024-07-05,9636
2301,光寶科,40,12,28,富邦-中壢,2024-07-05,9636
00632R,元大台灣50反1,596,61,535,富邦-中壢,2024-07-08,9636
00929,復華台灣科技優息,473,219,254,富邦-中壢,2024-07-08,9636
00934,中信成長高股息,232,2,230,富邦-中壢,2024-07-08,9636
3481,群創,645,440,205,富邦-中壢,2024-07-08,9636
1785,光洋科,232,122,110,富邦-中壢,2024-07-08,9636
2371,大同,160,59,101,富邦-中壢,2024-07-08,9636
1536,和大,143,46,97,富邦-中壢,2024-07-08,9636
3062,建漢,185,95,90,富邦-中壢,2024-07-08,9636
2401,凌陽,102,17,85,富邦-中壢,2024-07-08,9636
2417,圓剛,121,53,68,富邦-中壢,2024-07-08,9636
2605,新興,76,11,65,富邦-中壢,2024-07-08,9636
00927,群益半導體收益,65,0,65,富邦-中壢,2024-07-08,9636
2464,盟立,155,93,62,富邦-中壢,2024-07-08,9636
2509,全坤建,60,0,60,富邦-中壢,2024-07-08,9636
1568,倉佑,79,21,58,富邦-中壢,2024-07-08,9636
2453,凌群,67,10,57,富邦-中壢,2024-07-08,9636
2331,精英,71,14,57,富邦-中壢,2024-07-08,9636
00945B,凱基美國非投等債,80,25,55,富邦-中壢,2024-07-08,9636
2882,國泰金,75,21,54,富邦-中壢,2024-07-08,9636
00905,FT臺灣Smart,65,11,54,富邦-中壢,2024-07-08,9636
2427,三商電,78,31,47,富邦-中壢,2024-07-08,9636
4304,勝昱,50,5,45,富邦-中壢,2024-07-08,9636
9904,寶成,45,0,45,富邦-中壢,2024-07-08,9636
6213,聯茂,44,3,41,富邦-中壢,2024-07-08,9636
5452,佶優,117,78,39,富邦-中壢,2024-07-08,9636
2376,技嘉,56,17,39,富邦-中壢,2024-07-08,9636
1802,台玻,61,22,39,富邦-中壢,2024-07-08,9636
00665L,富邦�琤肭磪囓�2,91,52,39,富邦-中壢,2024-07-08,9636
00939,統一台灣高息動能,51,13,38,富邦-中壢,2024-07-08,9636
2359,所羅門,48,10,38,富邦-中壢,2024-07-08,9636
4976,佳凌,53,16,37,富邦-中壢,2024-07-08,9636
1301,台塑,48,12,36,富邦-中壢,2024-07-08,9636
2892,第一金,37,1,36,富邦-中壢,2024-07-08,9636
8064,東捷,159,123,36,富邦-中壢,2024-07-08,9636
2607,榮運,36,1,35,富邦-中壢,2024-07-08,9636
2344,華邦電,41,6,35,富邦-中壢,2024-07-08,9636
00919,群益台灣精選高息,132,97,35,富邦-中壢,2024-07-08,9636
1815,富喬,114,79,35,富邦-中壢,2024-07-08,9636
5443,均豪,107,72,35,富邦-中壢,2024-07-08,9636
6189,豐藝,45,11,34,富邦-中壢,2024-07-08,9636
2412,中華電,42,7,35,富邦-中壢,2024-07-08,9636
2374,佳能,126,92,34,富邦-中壢,2024-07-08,9636
9945,潤泰新,39,7,32,富邦-中壢,2024-07-08,9636
6443,元晶,63,31,32,富邦-中壢,2024-07-08,9636
0056,元大高股息,40,8,32,富邦-中壢,2024-07-08,9636
4533,協易機,44,13,31,富邦-中壢,2024-07-08,9636
1605,華新,79,48,31,富邦-中壢,2024-07-08,9636
1522,堤維西,34,3,31,富邦-中壢,2024-07-08,9636
3045,台灣大,33,2,31,富邦-中壢,2024-07-08,9636
6177,達麗,31,1,30,富邦-中壢,2024-07-08,9636
3047,訊舟,691,337,354,富邦-中壢,2024-07-09,9636
00937B,群益ESG投等債20,421,157,264,富邦-中壢,2024-07-09,9636
00632R,元大台灣50反1,348,86,262,富邦-中壢,2024-07-09,9636
00936,台新永續高息中小,220,44,176,富邦-中壢,2024-07-09,9636
00934,中信成長高股息,178,4,174,富邦-中壢,2024-07-09,9636
00933B,國泰10Y+金融債,180,8,172,富邦-中壢,2024-07-09,9636
3062,建漢,224,57,167,富邦-中壢,2024-07-09,9636
3673,TPK-KY,212,58,154,富邦-中壢,2024-07-09,9636
2349,錸德,216,69,147,富邦-中壢,2024-07-09,9636
2353,宏��,157,11,146,富邦-中壢,2024-07-09,9636
2317,鴻海,251,113,138,富邦-中壢,2024-07-09,9636
2618,長榮航,185,51,134,富邦-中壢,2024-07-09,9636
00929,復華台灣科技優息,245,126,119,富邦-中壢,2024-07-09,9636
00878,國泰永續高股息,129,28,101,富邦-中壢,2024-07-09,9636
2834,臺企銀,190,90,100,富邦-中壢,2024-07-09,9636
00687B,國泰20年美債,107,11,96,富邦-中壢,2024-07-09,9636
2405,輔信,210,125,85,富邦-中壢,2024-07-09,9636
2344,華邦電,94,13,81,富邦-中壢,2024-07-09,9636
6127,九豪,137,63,74,富邦-中壢,2024-07-09,9636
3231,緯創,117,45,72,富邦-中壢,2024-07-09,9636
1802,台玻,75,3,72,富邦-中壢,2024-07-09,9636
00706L,期元大S＆P日圓正2,70,0,70,富邦-中壢,2024-07-09,9636
1785,光洋科,208,139,69,富邦-中壢,2024-07-09,9636
3498,陽程,76,10,66,富邦-中壢,2024-07-09,9636
2855,統一證,62,0,62,富邦-中壢,2024-07-09,9636
00945B,凱基美國非投等債,60,0,60,富邦-中壢,2024-07-09,9636
4714,永捷,61,3,58,富邦-中壢,2024-07-09,9636
6026,福邦證,62,5,57,富邦-中壢,2024-07-09,9636
6182,合晶,62,6,56,富邦-中壢,2024-07-09,9636
3050,鈺德,79,23,56,富邦-中壢,2024-07-09,9636
1809,中釉,61,6,55,富邦-中壢,2024-07-09,9636
1568,倉佑,63,9,54,富邦-中壢,2024-07-09,9636
006208,富邦台50,61,7,54,富邦-中壢,2024-07-09,9636
3060,銘異,76,24,52,富邦-中壢,2024-07-09,9636
3313,斐成,64,13,51,富邦-中壢,2024-07-09,9636
2610,華航,80,30,50,富邦-中壢,2024-07-09,9636
5529,鉅陞,50,0,50,富邦-中壢,2024-07-09,9636
3149,正達,51,1,50,富邦-中壢,2024-07-09,9636
8176,智捷,44,0,44,富邦-中壢,2024-07-09,9636
2615,萬海,132,88,44,富邦-中壢,2024-07-09,9636
2609,陽明,132,89,43,富邦-中壢,2024-07-09,9636
2367,燿華,448,406,42,富邦-中壢,2024-07-09,9636
3710,連展投控,57,15,42,富邦-中壢,2024-07-09,9636
00740B,富邦全球投等債,42,1,41,富邦-中壢,2024-07-09,9636
8105,凌巨,162,122,40,富邦-中壢,2024-07-09,9636
2352,佳世達,50,13,37,富邦-中壢,2024-07-09,9636
0050,元大台灣50,41,5,36,富邦-中壢,2024-07-09,9636
2323,中環,78,42,36,富邦-中壢,2024-07-09,9636
2363,矽統,89,53,36,富邦-中壢,2024-07-09,9636
2002,中鋼,39,4,35,富邦-中壢,2024-07-09,9636
2888,新光金,2088,596,1492,富邦-中壢,2024-07-10,9636
00936,台新永續高息中小,335,3,332,富邦-中壢,2024-07-10,9636
00934,中信成長高股息,327,100,227,富邦-中壢,2024-07-10,9636
00929,復華台灣科技優息,283,82,201,富邦-中壢,2024-07-10,9636
9105,泰金寶-DR,284,117,167,富邦-中壢,2024-07-10,9636
2353,宏��,201,46,155,富邦-中壢,2024-07-10,9636
00725B,國泰投資級公司債,133,0,133,富邦-中壢,2024-07-10,9636
2367,燿華,186,57,129,富邦-中壢,2024-07-10,9636
8064,東捷,169,43,126,富邦-中壢,2024-07-10,9636
2317,鴻海,159,34,125,富邦-中壢,2024-07-10,9636
00881,國泰台灣5G+,98,12,86,富邦-中壢,2024-07-10,9636
2392,正崴,147,73,74,富邦-中壢,2024-07-10,9636
00937B,群益ESG投等債20,122,52,70,富邦-中壢,2024-07-10,9636
3706,神達,87,17,70,富邦-中壢,2024-07-10,9636
4714,永捷,63,1,62,富邦-中壢,2024-07-10,9636
00712,復華富時不動產,55,2,53,富邦-中壢,2024-07-10,9636
1608,華榮,62,9,53,富邦-中壢,2024-07-10,9636
00882,中信中國高股息,72,21,51,富邦-中壢,2024-07-10,9636
2344,華邦電,61,10,51,富邦-中壢,2024-07-10,9636
00679B,元大美債20年,64,15,49,富邦-中壢,2024-07-10,9636
5880,合庫金,49,2,47,富邦-中壢,2024-07-10,9636
00933B,國泰10Y+金融債,41,0,41,富邦-中壢,2024-07-10,9636
6443,元晶,85,45,40,富邦-中壢,2024-07-10,9636
3037,欣興,41,2,39,富邦-中壢,2024-07-10,9636
2855,統一證,38,1,37,富邦-中壢,2024-07-10,9636
2405,輔信,84,48,36,富邦-中壢,2024-07-10,9636
2489,瑞軒,106,71,35,富邦-中壢,2024-07-10,9636
4533,協易機,38,4,34,富邦-中壢,2024-07-10,9636
00945B,凱基美國非投等債,34,0,34,富邦-中壢,2024-07-10,9636
6285,啟��,33,0,33,富邦-中壢,2024-07-10,9636
00673R,期元大S＆P原油反1,40,7,33,富邦-中壢,2024-07-10,9636
2515,中工,36,3,33,富邦-中壢,2024-07-10,9636
00713,元大台灣高息低波,33,2,31,富邦-中壢,2024-07-10,9636
2618,長榮航,78,48,30,富邦-中壢,2024-07-10,9636
2371,大同,161,132,29,富邦-中壢,2024-07-10,9636
00946,群益科技高息成長,31,2,29,富邦-中壢,2024-07-10,9636
6207,雷科,30,1,29,富邦-中壢,2024-07-10,9636
5475,德宏,32,3,29,富邦-中壢,2024-07-10,9636
2365,昆盈,138,109,29,富邦-中壢,2024-07-10,9636
2606,裕民,29,1,28,富邦-中壢,2024-07-10,9636
00676R,富邦臺灣加權反1,27,0,27,富邦-中壢,2024-07-10,9636
4510,高鋒,50,23,27,富邦-中壢,2024-07-10,9636
1529,樂事綠能,40,14,26,富邦-中壢,2024-07-10,9636
2101,南港,29,4,25,富邦-中壢,2024-07-10,9636
4109,加捷生醫,31,6,25,富邦-中壢,2024-07-10,9636
2607,榮運,27,3,24,富邦-中壢,2024-07-10,9636
6127,九豪,57,34,23,富邦-中壢,2024-07-10,9636
00905,FT臺灣Smart,30,8,22,富邦-中壢,2024-07-10,9636
2481,強茂,28,6,22,富邦-中壢,2024-07-10,9636
2845,遠東銀,23,1,22,富邦-中壢,2024-07-10,9636
2888,新光金,523,233,290,富邦-中壢,2024-07-11,9636
00934,中信成長高股息,213,49,164,富邦-中壢,2024-07-11,9636
1785,光洋科,253,108,145,富邦-中壢,2024-07-11,9636
8064,東捷,238,112,126,富邦-中壢,2024-07-11,9636
5521,工信,170,50,120,富邦-中壢,2024-07-11,9636
00929,復華台灣科技優息,244,127,117,富邦-中壢,2024-07-11,9636
00905,FT臺灣Smart,197,89,108,富邦-中壢,2024-07-11,9636
2886,兆豐金,117,12,105,富邦-中壢,2024-07-11,9636
00945B,凱基美國非投等債,93,0,93,富邦-中壢,2024-07-11,9636
9105,泰金寶-DR,228,135,93,富邦-中壢,2024-07-11,9636
2801,彰銀,90,7,83,富邦-中壢,2024-07-11,9636
2303,聯電,112,32,80,富邦-中壢,2024-07-11,9636
00665L,富邦�琤肭磪囓�2,120,43,77,富邦-中壢,2024-07-11,9636
00919,群益台灣精選高息,152,80,72,富邦-中壢,2024-07-11,9636
1309,台達化,74,3,71,富邦-中壢,2024-07-11,9636
2363,矽統,177,106,71,富邦-中壢,2024-07-11,9636
2313,華通,154,83,71,富邦-中壢,2024-07-11,9636
1305,華夏,82,12,70,富邦-中壢,2024-07-11,9636
8131,福懋科,67,0,67,富邦-中壢,2024-07-11,9636
2002,中鋼,79,21,58,富邦-中壢,2024-07-11,9636
2618,長榮航,71,17,54,富邦-中壢,2024-07-11,9636
6126,信音,79,28,51,富邦-中壢,2024-07-11,9636
3024,憶聲,66,15,51,富邦-中壢,2024-07-11,9636
2610,華航,1051,1001,50,富邦-中壢,2024-07-11,9636
1312,國喬,50,0,50,富邦-中壢,2024-07-11,9636
3163,波若威,117,69,48,富邦-中壢,2024-07-11,9636
00725B,國泰投資級公司債,48,0,48,富邦-中壢,2024-07-11,9636
00632R,元大台灣50反1,563,517,46,富邦-中壢,2024-07-11,9636
2317,鴻海,192,146,46,富邦-中壢,2024-07-11,9636
1569,濱川,76,31,45,富邦-中壢,2024-07-11,9636
00927,群益半導體收益,52,8,44,富邦-中壢,2024-07-11,9636
2362,藍天,73,31,42,富邦-中壢,2024-07-11,9636
2347,聯強,41,0,41,富邦-中壢,2024-07-11,9636
912000,晨訊科-DR,41,0,41,富邦-中壢,2024-07-11,9636
2371,大同,115,75,40,富邦-中壢,2024-07-11,9636
2605,新興,40,0,40,富邦-中壢,2024-07-11,9636
2897,王道銀行,41,4,37,富邦-中壢,2024-07-11,9636
3312,弘憶股,98,61,37,富邦-中壢,2024-07-11,9636
2464,盟立,116,81,35,富邦-中壢,2024-07-11,9636
8358,金居,105,70,35,富邦-中壢,2024-07-11,9636
8028,昇陽半導體,63,30,33,富邦-中壢,2024-07-11,9636
2501,國建,35,3,32,富邦-中壢,2024-07-11,9636
6282,康舒,86,54,32,富邦-中壢,2024-07-11,9636
3048,益登,47,17,30,富邦-中壢,2024-07-11,9636
0056,元大高股息,36,7,29,富邦-中壢,2024-07-11,9636
2312,金寶,311,282,29,富邦-中壢,2024-07-11,9636
6127,九豪,81,52,29,富邦-中壢,2024-07-11,9636
9955,佳龍,32,3,29,富邦-中壢,2024-07-11,9636
2449,京元電子,44,16,28,富邦-中壢,2024-07-11,9636
1504,東元,32,4,28,富邦-中壢,2024-07-11,9636
00929,復華台灣科技優息,862,173,689,富邦-中壢,2024-07-12,9636
00934,中信成長高股息,489,49,440,富邦-中壢,2024-07-12,9636
2349,錸德,376,38,338,富邦-中壢,2024-07-12,9636
00919,群益台灣精選高息,422,84,338,富邦-中壢,2024-07-12,9636
00679B,元大美債20年,416,122,294,富邦-中壢,2024-07-12,9636
2317,鴻海,361,81,280,富邦-中壢,2024-07-12,9636
00927,群益半導體收益,271,3,268,富邦-中壢,2024-07-12,9636
00680L,元大美債20正2,288,49,239,富邦-中壢,2024-07-12,9636
00935,野村臺灣新科技50,195,25,170,富邦-中壢,2024-07-12,9636
00881,國泰台灣5G+,171,19,152,富邦-中壢,2024-07-12,9636
00688L,國泰20年美債正2,147,0,147,富邦-中壢,2024-07-12,9636
3481,群創,660,529,131,富邦-中壢,2024-07-12,9636
9105,泰金寶-DR,148,18,130,富邦-中壢,2024-07-12,9636
2303,聯電,161,38,123,富邦-中壢,2024-07-12,9636
0056,元大高股息,158,38,120,富邦-中壢,2024-07-12,9636
1409,新纖,107,4,103,富邦-中壢,2024-07-12,9636
00712,復華富時不動產,440,339,101,富邦-中壢,2024-07-12,9636
8131,福懋科,105,5,100,富邦-中壢,2024-07-12,9636
2515,中工,113,24,89,富邦-中壢,2024-07-12,9636
1316,上曜,145,67,78,富邦-中壢,2024-07-12,9636
00687B,國泰20年美債,161,89,72,富邦-中壢,2024-07-12,9636
3374,精材,86,16,70,富邦-中壢,2024-07-12,9636
2330,台積電,88,18,70,富邦-中壢,2024-07-12,9636
3706,神達,87,19,68,富邦-中壢,2024-07-12,9636
00946,群益科技高息成長,94,28,66,富邦-中壢,2024-07-12,9636
3013,晟銘電,110,47,63,富邦-中壢,2024-07-12,9636
3576,聯合再生,82,23,59,富邦-中壢,2024-07-12,9636
2801,彰銀,63,5,58,富邦-中壢,2024-07-12,9636
00923,群益台ESG低碳50,62,10,52,富邦-中壢,2024-07-12,9636
1304,台聚,96,44,52,富邦-中壢,2024-07-12,9636
2313,華通,142,90,52,富邦-中壢,2024-07-12,9636
3047,訊舟,59,7,52,富邦-中壢,2024-07-12,9636
2506,太設,50,0,50,富邦-中壢,2024-07-12,9636
1711,永光,56,8,48,富邦-中壢,2024-07-12,9636
2610,華航,1009,962,47,富邦-中壢,2024-07-12,9636
00905,FT臺灣Smart,64,18,46,富邦-中壢,2024-07-12,9636
00706L,期元大S＆P日圓正2,45,1,44,富邦-中壢,2024-07-12,9636
2892,第一金,52,9,43,富邦-中壢,2024-07-12,9636
2367,燿華,63,21,42,富邦-中壢,2024-07-12,9636
3363,上詮,61,22,39,富邦-中壢,2024-07-12,9636
4566,時碩工業,94,57,37,富邦-中壢,2024-07-12,9636
00882,中信中國高股息,88,51,37,富邦-中壢,2024-07-12,9636
1305,華夏,39,3,36,富邦-中壢,2024-07-12,9636
2855,統一證,36,0,36,富邦-中壢,2024-07-12,9636
00891,中信關鍵半導體,44,11,33,富邦-中壢,2024-07-12,9636
4533,協易機,86,54,32,富邦-中壢,2024-07-12,9636
00945B,凱基美國非投等債,44,12,32,富邦-中壢,2024-07-12,9636
3711,日月光投控,40,8,32,富邦-中壢,2024-07-12,9636
006208,富邦台50,54,23,31,富邦-中壢,2024-07-12,9636
3594,磐儀,44,14,30,富邦-中壢,2024-07-12,9636
2349,錸德,522,9,513,富邦-中壢,2024-07-15,9636
00937B,群益ESG投等債20,414,48,366,富邦-中壢,2024-07-15,9636
00934,中信成長高股息,355,37,318,富邦-中壢,2024-07-15,9636
2888,新光金,402,129,273,富邦-中壢,2024-07-15,9636
00929,復華台灣科技優息,336,83,253,富邦-中壢,2024-07-15,9636
2891,中信金,263,32,231,富邦-中壢,2024-07-15,9636
2489,瑞軒,472,243,229,富邦-中壢,2024-07-15,9636
00665L,富邦�琤肭磪囓�2,213,40,173,富邦-中壢,2024-07-15,9636
1727,中華化,186,31,155,富邦-中壢,2024-07-15,9636
00725B,國泰投資級公司債,132,5,127,富邦-中壢,2024-07-15,9636
2356,英業達,292,179,113,富邦-中壢,2024-07-15,9636
00945B,凱基美國非投等債,105,0,105,富邦-中壢,2024-07-15,9636
00893,國泰智能電動車,101,3,98,富邦-中壢,2024-07-15,9636
6127,九豪,95,0,95,富邦-中壢,2024-07-15,9636
2618,長榮航,134,42,92,富邦-中壢,2024-07-15,9636
2344,華邦電,98,7,91,富邦-中壢,2024-07-15,9636
0056,元大高股息,108,23,85,富邦-中壢,2024-07-15,9636
00919,群益台灣精選高息,118,33,85,富邦-中壢,2024-07-15,9636
9945,潤泰新,130,47,83,富邦-中壢,2024-07-15,9636
2409,友達,128,47,81,富邦-中壢,2024-07-15,9636
00680L,元大美債20正2,100,20,80,富邦-中壢,2024-07-15,9636
6285,啟��,82,2,80,富邦-中壢,2024-07-15,9636
2353,宏��,80,3,77,富邦-中壢,2024-07-15,9636
00679B,元大美債20年,99,23,76,富邦-中壢,2024-07-15,9636
2515,中工,81,6,75,富邦-中壢,2024-07-15,9636
2312,金寶,398,331,67,富邦-中壢,2024-07-15,9636
3596,智易,60,0,60,富邦-中壢,2024-07-15,9636
4927,泰鼎-KY,62,3,59,富邦-中壢,2024-07-15,9636
8105,凌巨,145,87,58,富邦-中壢,2024-07-15,9636
6116,彩晶,57,0,57,富邦-中壢,2024-07-15,9636
2481,強茂,71,15,56,富邦-中壢,2024-07-15,9636
6770,力積電,61,5,56,富邦-中壢,2024-07-15,9636
2838,聯邦銀,54,0,54,富邦-中壢,2024-07-15,9636
2834,臺企銀,70,17,53,富邦-中壢,2024-07-15,9636
3062,建漢,58,6,52,富邦-中壢,2024-07-15,9636
3360,尚立,58,7,51,富邦-中壢,2024-07-15,9636
6548,長科*,57,6,51,富邦-中壢,2024-07-15,9636
00899,FT潔淨能源,50,0,50,富邦-中壢,2024-07-15,9636
5469,瀚宇博,61,11,50,富邦-中壢,2024-07-15,9636
3056,富華新,51,2,49,富邦-中壢,2024-07-15,9636
2883,凱基金,65,20,45,富邦-中壢,2024-07-15,9636
00931B,統一美債20年,50,6,44,富邦-中壢,2024-07-15,9636
1304,台聚,126,84,42,富邦-中壢,2024-07-15,9636
9904,寶成,43,1,42,富邦-中壢,2024-07-15,9636
2886,兆豐金,41,0,41,富邦-中壢,2024-07-15,9636
00936,台新永續高息中小,44,4,40,富邦-中壢,2024-07-15,9636
2889,國票金,36,2,34,富邦-中壢,2024-07-15,9636
1608,華榮,97,64,33,富邦-中壢,2024-07-15,9636
1721,三晃,47,14,33,富邦-中壢,2024-07-15,9636
6005,群益證,45,13,32,富邦-中壢,2024-07-15,9636
00937B,群益ESG投等債20,489,77,412,富邦-中壢,2024-07-16,9636
00929,復華台灣科技優息,553,215,338,富邦-中壢,2024-07-16,9636
00919,群益台灣精選高息,322,51,271,富邦-中壢,2024-07-16,9636
00949,復華日本龍頭,206,0,206,富邦-中壢,2024-07-16,9636
00632R,元大台灣50反1,331,165,166,富邦-中壢,2024-07-16,9636
00934,中信成長高股息,173,9,164,富邦-中壢,2024-07-16,9636
9105,泰金寶-DR,168,14,154,富邦-中壢,2024-07-16,9636
00905,FT臺灣Smart,137,0,137,富邦-中壢,2024-07-16,9636
1540,喬福,201,69,132,富邦-中壢,2024-07-16,9636
0056,元大高股息,219,109,110,富邦-中壢,2024-07-16,9636
2891,中信金,170,62,108,富邦-中壢,2024-07-16,9636
2888,新光金,986,879,107,富邦-中壢,2024-07-16,9636
2915,潤泰全,128,38,90,富邦-中壢,2024-07-16,9636
2317,鴻海,228,144,84,富邦-中壢,2024-07-16,9636
00712,復華富時不動產,143,63,80,富邦-中壢,2024-07-16,9636
3207,耀勝,108,38,70,富邦-中壢,2024-07-16,9636
4526,東台,79,11,68,富邦-中壢,2024-07-16,9636
00927,群益半導體收益,68,2,66,富邦-中壢,2024-07-16,9636
2489,瑞軒,259,194,65,富邦-中壢,2024-07-16,9636
00882,中信中國高股息,66,1,65,富邦-中壢,2024-07-16,9636
00715L,期街口布蘭特正2,66,3,63,富邦-中壢,2024-07-16,9636
00892,富邦台灣半導體,63,7,56,富邦-中壢,2024-07-16,9636
6548,長科*,61,6,55,富邦-中壢,2024-07-16,9636
1532,勤美,54,3,51,富邦-中壢,2024-07-16,9636
1721,三晃,54,3,51,富邦-中壢,2024-07-16,9636
2633,台灣高鐵,59,9,50,富邦-中壢,2024-07-16,9636
00725B,國泰投資級公司債,49,0,49,富邦-中壢,2024-07-16,9636
1446,宏和,50,2,48,富邦-中壢,2024-07-16,9636
2834,臺企銀,49,2,47,富邦-中壢,2024-07-16,9636
1727,中華化,55,8,47,富邦-中壢,2024-07-16,9636
2363,矽統,270,224,46,富邦-中壢,2024-07-16,9636
2356,英業達,107,61,46,富邦-中壢,2024-07-16,9636
2312,金寶,409,364,45,富邦-中壢,2024-07-16,9636
3708,上緯投控,67,22,45,富邦-中壢,2024-07-16,9636
8021,尖點,46,3,43,富邦-中壢,2024-07-16,9636
3437,榮創,45,4,41,富邦-中壢,2024-07-16,9636
00936,台新永續高息中小,66,26,40,富邦-中壢,2024-07-16,9636
00878,國泰永續高股息,94,55,39,富邦-中壢,2024-07-16,9636
6244,茂迪,54,17,37,富邦-中壢,2024-07-16,9636
2887,台新金,48,11,37,富邦-中壢,2024-07-16,9636
00933B,國泰10Y+金融債,58,22,36,富邦-中壢,2024-07-16,9636
2313,華通,45,11,34,富邦-中壢,2024-07-16,9636
00665L,富邦�琤肭磪囓�2,124,90,34,富邦-中壢,2024-07-16,9636
6806,森崴能源,56,23,33,富邦-中壢,2024-07-16,9636
8938,明安,34,1,33,富邦-中壢,2024-07-16,9636
3597,映興,32,0,32,富邦-中壢,2024-07-16,9636
00795B,中信美國公債20年,31,0,31,富邦-中壢,2024-07-16,9636
00706L,期元大S＆P日圓正2,31,0,31,富邦-中壢,2024-07-16,9636
00676R,富邦臺灣加權反1,30,0,30,富邦-中壢,2024-07-16,9636
2609,陽明,38,8,30,富邦-中壢,2024-07-16,9636
00937B,群益ESG投等債20,611,28,583,富邦-中壢,2024-07-17,9636
00929,復華台灣科技優息,932,353,579,富邦-中壢,2024-07-17,9636
00919,群益台灣精選高息,379,32,347,富邦-中壢,2024-07-17,9636
4414,如興,318,10,308,富邦-中壢,2024-07-17,9636
00687B,國泰20年美債,311,69,242,富邦-中壢,2024-07-17,9636
1540,喬福,178,15,163,富邦-中壢,2024-07-17,9636
00715L,期街口布蘭特正2,155,0,155,富邦-中壢,2024-07-17,9636
2888,新光金,272,130,142,富邦-中壢,2024-07-17,9636
00918,大華優利高填息30,145,10,135,富邦-中壢,2024-07-17,9636
00665L,富邦�琤肭磪囓�2,135,14,121,富邦-中壢,2024-07-17,9636
2891,中信金,150,32,118,富邦-中壢,2024-07-17,9636
00927,群益半導體收益,118,3,115,富邦-中壢,2024-07-17,9636
00679B,元大美債20年,198,86,112,富邦-中壢,2024-07-17,9636
00878,國泰永續高股息,138,26,112,富邦-中壢,2024-07-17,9636
0056,元大高股息,143,40,103,富邦-中壢,2024-07-17,9636
2501,國建,119,26,93,富邦-中壢,2024-07-17,9636
2344,華邦電,107,16,91,富邦-中壢,2024-07-17,9636
00946,群益科技高息成長,88,0,88,富邦-中壢,2024-07-17,9636
00725B,國泰投資級公司債,87,0,87,富邦-中壢,2024-07-17,9636
2330,台積電,86,1,85,富邦-中壢,2024-07-17,9636
3231,緯創,157,73,84,富邦-中壢,2024-07-17,9636
6770,力積電,90,15,75,富邦-中壢,2024-07-17,9636
6139,亞翔,78,12,66,富邦-中壢,2024-07-17,9636
2538,基泰,87,22,65,富邦-中壢,2024-07-17,9636
00688L,國泰20年美債正2,86,21,65,富邦-中壢,2024-07-17,9636
00905,FT臺灣Smart,63,0,63,富邦-中壢,2024-07-17,9636
2618,長榮航,85,23,62,富邦-中壢,2024-07-17,9636
2915,潤泰全,63,2,61,富邦-中壢,2024-07-17,9636
006208,富邦台50,64,3,61,富邦-中壢,2024-07-17,9636
4906,正文,77,19,58,富邦-中壢,2024-07-17,9636
5222,全訊,60,3,57,富邦-中壢,2024-07-17,9636
6219,富旺,57,0,57,富邦-中壢,2024-07-17,9636
2534,宏盛,60,3,57,富邦-中壢,2024-07-17,9636
2449,京元電子,71,14,57,富邦-中壢,2024-07-17,9636
2376,技嘉,71,19,52,富邦-中壢,2024-07-17,9636
1522,堤維西,53,1,52,富邦-中壢,2024-07-17,9636
912000,晨訊科-DR,49,0,49,富邦-中壢,2024-07-17,9636
00713,元大台灣高息低波,46,0,46,富邦-中壢,2024-07-17,9636
1809,中釉,45,1,44,富邦-中壢,2024-07-17,9636
8096,擎亞,78,35,43,富邦-中壢,2024-07-17,9636
2353,宏��,45,3,42,富邦-中壢,2024-07-17,9636
8064,東捷,43,2,41,富邦-中壢,2024-07-17,9636
2838,聯邦銀,40,0,40,富邦-中壢,2024-07-17,9636
3594,磐儀,43,4,39,富邦-中壢,2024-07-17,9636
9945,潤泰新,127,88,39,富邦-中壢,2024-07-17,9636
00940,元大台灣價值高息,112,74,38,富邦-中壢,2024-07-17,9636
6163,華電網,76,39,37,富邦-中壢,2024-07-17,9636
1609,大亞,302,266,36,富邦-中壢,2024-07-17,9636
3605,宏致,59,24,35,富邦-中壢,2024-07-17,9636
3380,明泰,47,12,35,富邦-中壢,2024-07-17,9636
3481,群創,942,377,565,富邦-中壢,2024-07-18,9636
00929,復華台灣科技優息,920,411,509,富邦-中壢,2024-07-18,9636
00937B,群益ESG投等債20,453,145,308,富邦-中壢,2024-07-18,9636
00919,群益台灣精選高息,355,76,279,富邦-中壢,2024-07-18,9636
2891,中信金,306,41,265,富邦-中壢,2024-07-18,9636
00940,元大台灣價值高息,491,267,224,富邦-中壢,2024-07-18,9636
00878,國泰永續高股息,277,89,188,富邦-中壢,2024-07-18,9636
00946,群益科技高息成長,212,27,185,富邦-中壢,2024-07-18,9636
2317,鴻海,257,86,171,富邦-中壢,2024-07-18,9636
00927,群益半導體收益,188,23,165,富邦-中壢,2024-07-18,9636
00852L,國泰美國道瓊正2,150,3,147,富邦-中壢,2024-07-18,9636
0056,元大高股息,192,45,147,富邦-中壢,2024-07-18,9636
2888,新光金,188,46,142,富邦-中壢,2024-07-18,9636
1540,喬福,154,37,117,富邦-中壢,2024-07-18,9636
1402,遠東新,112,2,110,富邦-中壢,2024-07-18,9636
2102,泰豐,100,3,97,富邦-中壢,2024-07-18,9636
9105,泰金寶-DR,139,49,90,富邦-中壢,2024-07-18,9636
2365,昆盈,329,240,89,富邦-中壢,2024-07-18,9636
2330,台積電,105,18,87,富邦-中壢,2024-07-18,9636
00706L,期元大S＆P日圓正2,110,26,84,富邦-中壢,2024-07-18,9636
1434,福懋,95,12,83,富邦-中壢,2024-07-18,9636
2382,廣達,138,58,80,富邦-中壢,2024-07-18,9636
00725B,國泰投資級公司債,73,0,73,富邦-中壢,2024-07-18,9636
00934,中信成長高股息,102,29,73,富邦-中壢,2024-07-18,9636
2353,宏��,80,11,69,富邦-中壢,2024-07-18,9636
00947,台新臺灣IC設計,67,0,67,富邦-中壢,2024-07-18,9636
2362,藍天,153,88,65,富邦-中壢,2024-07-18,9636
00936,台新永續高息中小,88,26,62,富邦-中壢,2024-07-18,9636
4128,中天,63,1,62,富邦-中壢,2024-07-18,9636
1612,宏泰,62,0,62,富邦-中壢,2024-07-18,9636
2618,長榮航,78,18,60,富邦-中壢,2024-07-18,9636
2897,王道銀行,70,10,60,富邦-中壢,2024-07-18,9636
00881,國泰台灣5G+,71,11,60,富邦-中壢,2024-07-18,9636
00941,中信上游半導體,75,16,59,富邦-中壢,2024-07-18,9636
5469,瀚宇博,63,5,58,富邦-中壢,2024-07-18,9636
3037,欣興,142,84,58,富邦-中壢,2024-07-18,9636
2610,華航,990,933,57,富邦-中壢,2024-07-18,9636
2367,燿華,73,18,55,富邦-中壢,2024-07-18,9636
1522,堤維西,59,4,55,富邦-中壢,2024-07-18,9636
2515,中工,70,16,54,富邦-中壢,2024-07-18,9636
2537,聯上發,83,30,53,富邦-中壢,2024-07-18,9636
00945B,凱基美國非投等債,52,0,52,富邦-中壢,2024-07-18,9636
2867,三商壽,99,49,50,富邦-中壢,2024-07-18,9636
6770,力積電,75,28,47,富邦-中壢,2024-07-18,9636
00922,國泰台灣領袖50,48,2,46,富邦-中壢,2024-07-18,9636
6443,元晶,57,11,46,富邦-中壢,2024-07-18,9636
2344,華邦電,68,24,44,富邦-中壢,2024-07-18,9636
006208,富邦台50,59,17,42,富邦-中壢,2024-07-18,9636
00935,野村臺灣新科技50,41,0,41,富邦-中壢,2024-07-18,9636
6548,長科*,42,1,41,富邦-中壢,2024-07-18,9636
3481,群創,881,304,577,富邦-中壢,2024-07-19,9636
00929,復華台灣科技優息,666,218,448,富邦-中壢,2024-07-19,9636
00919,群益台灣精選高息,436,165,271,富邦-中壢,2024-07-19,9636
00937B,群益ESG投等債20,358,95,263,富邦-中壢,2024-07-19,9636
2610,華航,1179,919,260,富邦-中壢,2024-07-19,9636
00878,國泰永續高股息,325,66,259,富邦-中壢,2024-07-19,9636
00936,台新永續高息中小,275,64,211,富邦-中壢,2024-07-19,9636
9105,泰金寶-DR,235,27,208,富邦-中壢,2024-07-19,9636
00772B,中信高評級公司債,247,41,206,富邦-中壢,2024-07-19,9636
2891,中信金,194,24,170,富邦-中壢,2024-07-19,9636
00933B,國泰10Y+金融債,215,50,165,富邦-中壢,2024-07-19,9636
00934,中信成長高股息,191,27,164,富邦-中壢,2024-07-19,9636
0056,元大高股息,178,39,139,富邦-中壢,2024-07-19,9636
2330,台積電,199,63,136,富邦-中壢,2024-07-19,9636
00940,元大台灣價值高息,499,365,134,富邦-中壢,2024-07-19,9636
00725B,國泰投資級公司債,122,0,122,富邦-中壢,2024-07-19,9636
2344,華邦電,133,12,121,富邦-中壢,2024-07-19,9636
9904,寶成,114,2,112,富邦-中壢,2024-07-19,9636
2618,長榮航,165,55,110,富邦-中壢,2024-07-19,9636
3062,建漢,108,5,103,富邦-中壢,2024-07-19,9636
2867,三商壽,132,33,99,富邦-中壢,2024-07-19,9636
00665L,富邦�琤肭磪囓�2,224,130,94,富邦-中壢,2024-07-19,9636
00669R,國泰美國道瓊反1,100,12,88,富邦-中壢,2024-07-19,9636
2882,國泰金,104,26,78,富邦-中壢,2024-07-19,9636
9945,潤泰新,179,108,71,富邦-中壢,2024-07-19,9636
00918,大華優利高填息30,94,25,69,富邦-中壢,2024-07-19,9636
1612,宏泰,70,1,69,富邦-中壢,2024-07-19,9636
1314,中石化,81,13,68,富邦-中壢,2024-07-19,9636
2002,中鋼,73,6,67,富邦-中壢,2024-07-19,9636
1802,台玻,68,6,62,富邦-中壢,2024-07-19,9636
3576,聯合再生,180,120,60,富邦-中壢,2024-07-19,9636
6120,達運,62,3,59,富邦-中壢,2024-07-19,9636
3037,欣興,95,36,59,富邦-中壢,2024-07-19,9636
2881,富邦金,78,20,58,富邦-中壢,2024-07-19,9636
2834,臺企銀,60,4,56,富邦-中壢,2024-07-19,9636
2887,台新金,66,11,55,富邦-中壢,2024-07-19,9636
2399,映泰,56,1,55,富邦-中壢,2024-07-19,9636
00753L,中信中國50正2,56,2,54,富邦-中壢,2024-07-19,9636
6770,力積電,55,2,53,富邦-中壢,2024-07-19,9636
00713,元大台灣高息低波,71,18,53,富邦-中壢,2024-07-19,9636
1316,上曜,78,26,52,富邦-中壢,2024-07-19,9636
2356,英業達,79,28,51,富邦-中壢,2024-07-19,9636
00949,復華日本龍頭,55,5,50,富邦-中壢,2024-07-19,9636
2408,南亞科,62,14,48,富邦-中壢,2024-07-19,9636
00927,群益半導體收益,58,11,47,富邦-中壢,2024-07-19,9636
2369,菱生,51,4,47,富邦-中壢,2024-07-19,9636
1304,台聚,56,11,45,富邦-中壢,2024-07-19,9636
2409,友達,147,103,44,富邦-中壢,2024-07-19,9636
3163,波若威,145,102,43,富邦-中壢,2024-07-19,9636
00905,FT臺灣Smart,43,0,43,富邦-中壢,2024-07-19,9636
00929,復華台灣科技優息,1374,625,749,富邦-中壢,2024-07-22,9636
00940,元大台灣價值高息,840,138,702,富邦-中壢,2024-07-22,9636
00632R,元大台灣50反1,1442,803,639,富邦-中壢,2024-07-22,9636
3481,群創,820,277,543,富邦-中壢,2024-07-22,9636
00715L,期街口布蘭特正2,310,10,300,富邦-中壢,2024-07-22,9636
00919,群益台灣精選高息,529,321,208,富邦-中壢,2024-07-22,9636
00934,中信成長高股息,218,23,195,富邦-中壢,2024-07-22,9636
0056,元大高股息,214,84,130,富邦-中壢,2024-07-22,9636
00939,統一台灣高息動能,138,21,117,富邦-中壢,2024-07-22,9636
2610,華航,1015,906,109,富邦-中壢,2024-07-22,9636
9105,泰金寶-DR,117,15,102,富邦-中壢,2024-07-22,9636
3062,建漢,102,3,99,富邦-中壢,2024-07-22,9636
8064,東捷,173,74,99,富邦-中壢,2024-07-22,9636
2369,菱生,97,1,96,富邦-中壢,2024-07-22,9636
00946,群益科技高息成長,159,93,66,富邦-中壢,2024-07-22,9636
2408,南亞科,74,12,62,富邦-中壢,2024-07-22,9636
1609,大亞,96,40,56,富邦-中壢,2024-07-22,9636
2317,鴻海,350,295,55,富邦-中壢,2024-07-22,9636
00927,群益半導體收益,88,32,56,富邦-中壢,2024-07-22,9636
2349,錸德,71,20,51,富邦-中壢,2024-07-22,9636
2489,瑞軒,67,16,51,富邦-中壢,2024-07-22,9636
1727,中華化,52,2,50,富邦-中壢,2024-07-22,9636
00905,FT臺灣Smart,48,0,48,富邦-中壢,2024-07-22,9636
5443,均豪,101,60,41,富邦-中壢,2024-07-22,9636
2409,友達,74,34,40,富邦-中壢,2024-07-22,9636
00944,野村趨勢動能高息,43,3,40,富邦-中壢,2024-07-22,9636
4566,時碩工業,57,17,40,富邦-中壢,2024-07-22,9636
1446,宏和,40,1,39,富邦-中壢,2024-07-22,9636
006208,富邦台50,136,97,39,富邦-中壢,2024-07-22,9636
00918,大華優利高填息30,84,45,39,富邦-中壢,2024-07-22,9636
2867,三商壽,132,95,37,富邦-中壢,2024-07-22,9636
1785,光洋科,74,39,35,富邦-中壢,2024-07-22,9636
1434,福懋,35,0,35,富邦-中壢,2024-07-22,9636
6127,九豪,35,1,34,富邦-中壢,2024-07-22,9636
1802,台玻,41,7,34,富邦-中壢,2024-07-22,9636
1529,樂事綠能,84,50,34,富邦-中壢,2024-07-22,9636
2444,兆勁,33,1,32,富邦-中壢,2024-07-22,9636
00633L,富邦上証正2,30,0,30,富邦-中壢,2024-07-22,9636
6120,達運,123,94,29,富邦-中壢,2024-07-22,9636
6742,澤米,28,0,28,富邦-中壢,2024-07-22,9636
6570,維田,28,0,28,富邦-中壢,2024-07-22,9636
3189,景碩,64,37,27,富邦-中壢,2024-07-22,9636
8473,山林水,131,104,27,富邦-中壢,2024-07-22,9636
2314,台揚,28,1,27,富邦-中壢,2024-07-22,9636
00751B,元大AAA至A公司債,30,4,26,富邦-中壢,2024-07-22,9636
1709,和益,34,7,27,富邦-中壢,2024-07-22,9636
5469,瀚宇博,27,1,26,富邦-中壢,2024-07-22,9636
2618,長榮航,84,58,26,富邦-中壢,2024-07-22,9636
00830,國泰費城半導體,29,3,26,富邦-中壢,2024-07-22,9636
3037,欣興,77,52,25,富邦-中壢,2024-07-22,9636
00937B,群益ESG投等債20,455,143,312,富邦-中壢,2024-07-23,9636
00632R,元大台灣50反1,274,23,251,富邦-中壢,2024-07-23,9636
2891,中信金,182,22,160,富邦-中壢,2024-07-23,9636
2409,友達,136,3,133,富邦-中壢,2024-07-23,9636
00948B,中信優息投資級債,133,2,131,富邦-中壢,2024-07-23,9636
00919,群益台灣精選高息,188,77,111,富邦-中壢,2024-07-23,9636
00715L,期街口布蘭特正2,106,0,106,富邦-中壢,2024-07-23,9636
00679B,元大美債20年,138,33,105,富邦-中壢,2024-07-23,9636
2408,南亞科,112,8,104,富邦-中壢,2024-07-23,9636
00934,中信成長高股息,134,36,98,富邦-中壢,2024-07-23,9636
2838,聯邦銀,100,2,98,富邦-中壢,2024-07-23,9636
2881,富邦金,118,23,95,富邦-中壢,2024-07-23,9636
00878,國泰永續高股息,202,109,93,富邦-中壢,2024-07-23,9636
2888,新光金,198,123,75,富邦-中壢,2024-07-23,9636
5309,系統電,88,13,75,富邦-中壢,2024-07-23,9636
1309,台達化,129,62,67,富邦-中壢,2024-07-23,9636
00680L,元大美債20正2,105,41,64,富邦-中壢,2024-07-23,9636
3290,東浦,59,0,59,富邦-中壢,2024-07-23,9636
3481,群創,481,423,58,富邦-中壢,2024-07-23,9636
2867,三商壽,55,2,53,富邦-中壢,2024-07-23,9636
00687B,國泰20年美債,72,22,50,富邦-中壢,2024-07-23,9636
2489,瑞軒,93,45,48,富邦-中壢,2024-07-23,9636
6116,彩晶,49,1,48,富邦-中壢,2024-07-23,9636
2534,宏盛,50,2,48,富邦-中壢,2024-07-23,9636
1727,中華化,94,49,45,富邦-中壢,2024-07-23,9636
6219,富旺,44,0,44,富邦-中壢,2024-07-23,9636
3231,緯創,77,35,42,富邦-中壢,2024-07-23,9636
1785,光洋科,58,18,40,富邦-中壢,2024-07-23,9636
00881,國泰台灣5G+,55,15,40,富邦-中壢,2024-07-23,9636
1301,台塑,45,5,40,富邦-中壢,2024-07-23,9636
00720B,元大投資級公司債,109,70,39,富邦-中壢,2024-07-23,9636
2419,仲琦,39,1,38,富邦-中壢,2024-07-23,9636
00935,野村臺灣新科技50,39,1,38,富邦-中壢,2024-07-23,9636
00933B,國泰10Y+金融債,37,0,37,富邦-中壢,2024-07-23,9636
2405,輔信,55,19,36,富邦-中壢,2024-07-23,9636
9105,泰金寶-DR,129,94,35,富邦-中壢,2024-07-23,9636
6127,九豪,37,4,33,富邦-中壢,2024-07-23,9636
2312,金寶,56,24,32,富邦-中壢,2024-07-23,9636
0056,元大高股息,70,40,30,富邦-中壢,2024-07-23,9636
00676R,富邦臺灣加權反1,30,0,30,富邦-中壢,2024-07-23,9636
00633L,富邦上証正2,30,0,30,富邦-中壢,2024-07-23,9636
00857B,永豐20年美公債,30,0,30,富邦-中壢,2024-07-23,9636
6579,研揚,30,0,30,富邦-中壢,2024-07-23,9636
1529,樂事綠能,50,21,29,富邦-中壢,2024-07-23,9636
2354,鴻準,33,4,29,富邦-中壢,2024-07-23,9636
6770,力積電,46,17,29,富邦-中壢,2024-07-23,9636
4533,協易機,40,11,29,富邦-中壢,2024-07-23,9636
3663,鑫科,105,76,29,富邦-中壢,2024-07-23,9636
00751B,元大AAA至A公司債,26,3,23,富邦-中壢,2024-07-23,9636
00918,大華優利高填息30,25,2,23,富邦-中壢,2024-07-23,9636
00929,復華台灣科技優息,866,201,665,富邦-中壢,2024-07-26,9636
00940,元大台灣價值高息,446,48,398,富邦-中壢,2024-07-26,9636
00919,群益台灣精選高息,393,106,287,富邦-中壢,2024-07-26,9636
00937B,群益ESG投等債20,667,393,274,富邦-中壢,2024-07-26,9636
00946,群益科技高息成長,253,2,251,富邦-中壢,2024-07-26,9636
00950B,凱基A級公司債,207,0,207,富邦-中壢,2024-07-26,9636
00878,國泰永續高股息,394,215,179,富邦-中壢,2024-07-26,9636
00951,台新日本半導體,156,1,155,富邦-中壢,2024-07-26,9636
2330,台積電,199,47,152,富邦-中壢,2024-07-26,9636
00948B,中信優息投資級債,144,0,144,富邦-中壢,2024-07-26,9636
2349,錸德,257,123,134,富邦-中壢,2024-07-26,9636
00680L,元大美債20正2,130,0,130,富邦-中壢,2024-07-26,9636
00633L,富邦上証正2,127,0,127,富邦-中壢,2024-07-26,9636
2317,鴻海,185,70,115,富邦-中壢,2024-07-26,9636
00676R,富邦臺灣加權反1,125,20,105,富邦-中壢,2024-07-26,9636
00934,中信成長高股息,102,1,101,富邦-中壢,2024-07-26,9636
2891,中信金,100,2,98,富邦-中壢,2024-07-26,9636
2356,英業達,116,23,93,富邦-中壢,2024-07-26,9636
2884,玉山金,111,21,90,富邦-中壢,2024-07-26,9636
00687B,國泰20年美債,142,58,84,富邦-中壢,2024-07-26,9636
00795B,中信美國公債20年,89,5,84,富邦-中壢,2024-07-26,9636
00941,中信上游半導體,84,5,79,富邦-中壢,2024-07-26,9636
00706L,期元大S＆P日圓正2,82,6,76,富邦-中壢,2024-07-26,9636
00637L,元大滬深300正2,83,7,76,富邦-中壢,2024-07-26,9636
00753L,中信中國50正2,78,4,74,富邦-中壢,2024-07-26,9636
2408,南亞科,86,13,73,富邦-中壢,2024-07-26,9636
00720B,元大投資級公司債,77,5,72,富邦-中壢,2024-07-26,9636
2834,臺企銀,74,3,71,富邦-中壢,2024-07-26,9636
2382,廣達,78,7,71,富邦-中壢,2024-07-26,9636
2303,聯電,92,23,69,富邦-中壢,2024-07-26,9636
00945B,凱基美國非投等債,68,0,68,富邦-中壢,2024-07-26,9636
5309,系統電,72,7,65,富邦-中壢,2024-07-26,9636
00881,國泰台灣5G+,101,37,64,富邦-中壢,2024-07-26,9636
006208,富邦台50,80,17,63,富邦-中壢,2024-07-26,9636
00918,大華優利高填息30,86,25,61,富邦-中壢,2024-07-26,9636
00679B,元大美債20年,105,48,57,富邦-中壢,2024-07-26,9636
9105,泰金寶-DR,113,58,55,富邦-中壢,2024-07-26,9636
0050,元大台灣50,64,10,54,富邦-中壢,2024-07-26,9636
1540,喬福,146,93,53,富邦-中壢,2024-07-26,9636
00935,野村臺灣新科技50,54,2,52,富邦-中壢,2024-07-26,9636
3711,日月光投控,54,2,52,富邦-中壢,2024-07-26,9636
00830,國泰費城半導體,47,4,43,富邦-中壢,2024-07-26,9636
2603,長榮,44,3,41,富邦-中壢,2024-07-26,9636
00882,中信中國高股息,59,18,41,富邦-中壢,2024-07-26,9636
3056,富華新,50,9,41,富邦-中壢,2024-07-26,9636
00944,野村趨勢動能高息,41,0,41,富邦-中壢,2024-07-26,9636
1532,勤美,41,0,41,富邦-中壢,2024-07-26,9636
2352,佳世達,42,2,40,富邦-中壢,2024-07-26,9636
2885,元大金,47,8,39,富邦-中壢,2024-07-26,9636
00713,元大台灣高息低波,62,24,38,富邦-中壢,2024-07-26,9636
00929,復華台灣科技優息,640,91,549,富邦-中壢,2024-07-29,9636
00937B,群益ESG投等債20,327,13,314,富邦-中壢,2024-07-29,9636
00878,國泰永續高股息,319,15,304,富邦-中壢,2024-07-29,9636
2891,中信金,270,19,251,富邦-中壢,2024-07-29,9636
6770,力積電,261,21,240,富邦-中壢,2024-07-29,9636
3481,群創,530,312,218,富邦-中壢,2024-07-29,9636
00940,元大台灣價值高息,272,90,182,富邦-中壢,2024-07-29,9636
00919,群益台灣精選高息,210,51,159,富邦-中壢,2024-07-29,9636
0056,元大高股息,168,47,121,富邦-中壢,2024-07-29,9636
00715L,期街口布蘭特正2,115,0,115,富邦-中壢,2024-07-29,9636
2515,中工,183,79,104,富邦-中壢,2024-07-29,9636
2881,富邦金,117,14,103,富邦-中壢,2024-07-29,9636
2102,泰豐,100,0,100,富邦-中壢,2024-07-29,9636
00633L,富邦上証正2,100,0,100,富邦-中壢,2024-07-29,9636
2867,三商壽,118,23,95,富邦-中壢,2024-07-29,9636
00934,中信成長高股息,97,3,94,富邦-中壢,2024-07-29,9636
2884,玉山金,108,14,94,富邦-中壢,2024-07-29,9636
2356,英業達,108,29,79,富邦-中壢,2024-07-29,9636
2002,中鋼,82,6,76,富邦-中壢,2024-07-29,9636
00680L,元大美債20正2,75,3,72,富邦-中壢,2024-07-29,9636
4804,大略-KY,62,0,62,富邦-中壢,2024-07-29,9636
8033,雷虎,58,0,58,富邦-中壢,2024-07-29,9636
1314,中石化,57,3,54,富邦-中壢,2024-07-29,9636
2408,南亞科,57,3,54,富邦-中壢,2024-07-29,9636
2537,聯上發,61,8,53,富邦-中壢,2024-07-29,9636
00679B,元大美債20年,101,49,52,富邦-中壢,2024-07-29,9636
00936,台新永續高息中小,55,3,52,富邦-中壢,2024-07-29,9636
00918,大華優利高填息30,56,6,50,富邦-中壢,2024-07-29,9636
9105,泰金寶-DR,120,70,50,富邦-中壢,2024-07-29,9636
3037,欣興,58,10,48,富邦-中壢,2024-07-29,9636
9945,潤泰新,116,69,47,富邦-中壢,2024-07-29,9636
3711,日月光投控,60,13,47,富邦-中壢,2024-07-29,9636
00946,群益科技高息成長,87,41,46,富邦-中壢,2024-07-29,9636
3518,柏騰,77,33,44,富邦-中壢,2024-07-29,9636
00713,元大台灣高息低波,63,20,43,富邦-中壢,2024-07-29,9636
3576,聯合再生,44,3,41,富邦-中壢,2024-07-29,9636
5443,均豪,107,67,40,富邦-中壢,2024-07-29,9636
6139,亞翔,51,15,36,富邦-中壢,2024-07-29,9636
3712,永崴投控,38,2,36,富邦-中壢,2024-07-29,9636
2009,第一銅,36,2,34,富邦-中壢,2024-07-29,9636
3013,晟銘電,38,5,33,富邦-中壢,2024-07-29,9636
2328,廣宇,32,0,32,富邦-中壢,2024-07-29,9636
4510,高鋒,31,0,31,富邦-中壢,2024-07-29,9636
3035,智原,40,9,31,富邦-中壢,2024-07-29,9636
2849,安泰銀,30,0,30,富邦-中壢,2024-07-29,9636
2611,志信,32,2,30,富邦-中壢,2024-07-29,9636
2838,聯邦銀,30,0,30,富邦-中壢,2024-07-29,9636
8028,昇陽半導體,92,62,30,富邦-中壢,2024-07-29,9636
3450,聯鈞,56,27,29,富邦-中壢,2024-07-29,9636
3047,訊舟,46,17,29,富邦-中壢,2024-07-29,9636
00929,復華台灣科技優息,779,349,430,富邦-中壢,2024-07-30,9636
00940,元大台灣價值高息,396,54,342,富邦-中壢,2024-07-30,9636
00715L,期街口布蘭特正2,333,0,333,富邦-中壢,2024-07-30,9636
00937B,群益ESG投等債20,387,64,323,富邦-中壢,2024-07-30,9636
00878,國泰永續高股息,357,113,244,富邦-中壢,2024-07-30,9636
00676R,富邦臺灣加權反1,200,0,200,富邦-中壢,2024-07-30,9636
2891,中信金,170,8,162,富邦-中壢,2024-07-30,9636
00919,群益台灣精選高息,230,95,135,富邦-中壢,2024-07-30,9636
8069,元太,127,1,126,富邦-中壢,2024-07-30,9636
00679B,元大美債20年,150,24,126,富邦-中壢,2024-07-30,9636
00936,台新永續高息中小,123,0,123,富邦-中壢,2024-07-30,9636
00633L,富邦上証正2,126,20,106,富邦-中壢,2024-07-30,9636
0056,元大高股息,172,67,105,富邦-中壢,2024-07-30,9636
00946,群益科技高息成長,91,5,86,富邦-中壢,2024-07-30,9636
2356,英業達,83,4,79,富邦-中壢,2024-07-30,9636
3047,訊舟,280,208,72,富邦-中壢,2024-07-30,9636
00934,中信成長高股息,83,12,71,富邦-中壢,2024-07-30,9636
2363,矽統,82,21,61,富邦-中壢,2024-07-30,9636
00905,FT臺灣Smart,62,1,61,富邦-中壢,2024-07-30,9636
2409,友達,88,28,60,富邦-中壢,2024-07-30,9636
2838,聯邦銀,56,1,55,富邦-中壢,2024-07-30,9636
2365,昆盈,150,95,55,富邦-中壢,2024-07-30,9636
00939,統一台灣高息動能,57,2,55,富邦-中壢,2024-07-30,9636
3189,景碩,78,26,52,富邦-中壢,2024-07-30,9636
2884,玉山金,68,16,52,富邦-中壢,2024-07-30,9636
00941,中信上游半導體,56,5,51,富邦-中壢,2024-07-30,9636
2408,南亞科,53,4,49,富邦-中壢,2024-07-30,9636
5302,太欣,48,0,48,富邦-中壢,2024-07-30,9636
00706L,期元大S＆P日圓正2,40,0,40,富邦-中壢,2024-07-30,9636
9105,泰金寶-DR,79,40,39,富邦-中壢,2024-07-30,9636
4510,高鋒,43,5,38,富邦-中壢,2024-07-30,9636
00945B,凱基美國非投等債,35,0,35,富邦-中壢,2024-07-30,9636
8101,華冠,35,0,35,富邦-中壢,2024-07-30,9636
00713,元大台灣高息低波,51,17,34,富邦-中壢,2024-07-30,9636
6177,達麗,44,12,32,富邦-中壢,2024-07-30,9636
2353,宏��,47,15,32,富邦-中壢,2024-07-30,9636
5309,系統電,35,5,30,富邦-中壢,2024-07-30,9636
6026,福邦證,30,0,30,富邦-中壢,2024-07-30,9636
2867,三商壽,43,13,30,富邦-中壢,2024-07-30,9636
2312,金寶,48,19,29,富邦-中壢,2024-07-30,9636
2883,凱基金,43,15,28,富邦-中壢,2024-07-30,9636
00907,永豐優息存股,26,1,25,富邦-中壢,2024-07-30,9636
2427,三商電,23,0,23,富邦-中壢,2024-07-30,9636
00675L,富邦臺灣加權正2,25,2,23,富邦-中壢,2024-07-30,9636
1815,富喬,27,4,23,富邦-中壢,2024-07-30,9636
00795B,中信美國公債20年,22,0,22,富邦-中壢,2024-07-30,9636
006208,富邦台50,42,20,22,富邦-中壢,2024-07-30,9636
3673,TPK-KY,24,3,21,富邦-中壢,2024-07-30,9636
3702,大聯大,21,0,21,富邦-中壢,2024-07-30,9636
00893,國泰智能電動車,23,2,21,富邦-中壢,2024-07-30,9636
00937B,群益ESG投等債20,640,124,516,富邦-中壢,2024-07-31,9636
3481,群創,564,251,313,富邦-中壢,2024-07-31,9636
00679B,元大美債20年,221,10,211,富邦-中壢,2024-07-31,9636
00688L,國泰20年美債正2,163,0,163,富邦-中壢,2024-07-31,9636
00715L,期街口布蘭特正2,123,1,122,富邦-中壢,2024-07-31,9636
00632R,元大台灣50反1,163,50,113,富邦-中壢,2024-07-31,9636
2349,錸德,292,184,108,富邦-中壢,2024-07-31,9636
2102,泰豐,100,0,100,富邦-中壢,2024-07-31,9636
0056,元大高股息,106,6,100,富邦-中壢,2024-07-31,9636
00680L,元大美債20正2,97,0,97,富邦-中壢,2024-07-31,9636
2442,新美齊,94,7,87,富邦-中壢,2024-07-31,9636
00940,元大台灣價值高息,106,21,85,富邦-中壢,2024-07-31,9636
00946,群益科技高息成長,75,3,72,富邦-中壢,2024-07-31,9636
2527,宏璟,83,12,71,富邦-中壢,2024-07-31,9636
00919,群益台灣精選高息,94,30,64,富邦-中壢,2024-07-31,9636
6257,矽格,68,9,59,富邦-中壢,2024-07-31,9636
00878,國泰永續高股息,99,45,54,富邦-中壢,2024-07-31,9636
4720,德淵,70,21,49,富邦-中壢,2024-07-31,9636
2365,昆盈,134,89,45,富邦-中壢,2024-07-31,9636
3105,穩懋,44,3,41,富邦-中壢,2024-07-31,9636
00934,中信成長高股息,37,0,37,富邦-中壢,2024-07-31,9636
8028,昇陽半導體,85,48,37,富邦-中壢,2024-07-31,9636
2867,三商壽,37,0,37,富邦-中壢,2024-07-31,9636
00751B,元大AAA至A公司債,35,0,35,富邦-中壢,2024-07-31,9636
4909,新復興,43,8,35,富邦-中壢,2024-07-31,9636
00706L,期元大S＆P日圓正2,40,6,34,富邦-中壢,2024-07-31,9636
00945B,凱基美國非投等債,34,0,34,富邦-中壢,2024-07-31,9636
2344,華邦電,57,25,32,富邦-中壢,2024-07-31,9636
3711,日月光投控,36,5,31,富邦-中壢,2024-07-31,9636
2362,藍天,43,13,30,富邦-中壢,2024-07-31,9636
3037,欣興,76,48,28,富邦-中壢,2024-07-31,9636
00881,國泰台灣5G+,31,4,27,富邦-中壢,2024-07-31,9636
8374,羅昇,28,3,25,富邦-中壢,2024-07-31,9636
00939,統一台灣高息動能,26,1,25,富邦-中壢,2024-07-31,9636
2330,台積電,29,5,24,富邦-中壢,2024-07-31,9636
2009,第一銅,22,0,22,富邦-中壢,2024-07-31,9636
6223,旺矽,25,3,22,富邦-中壢,2024-07-31,9636
8085,福華,22,0,22,富邦-中壢,2024-07-31,9636
1301,台塑,23,1,22,富邦-中壢,2024-07-31,9636
2062,橋椿,32,11,21,富邦-中壢,2024-07-31,9636
00713,元大台灣高息低波,21,0,21,富邦-中壢,2024-07-31,9636
00654R,富邦印度反1,20,0,20,富邦-中壢,2024-07-31,9636
6214,精誠,20,0,20,富邦-中壢,2024-07-31,9636
2884,玉山金,26,7,19,富邦-中壢,2024-07-31,9636
00918,大華優利高填息30,17,0,17,富邦-中壢,2024-07-31,9636
2542,興富發,29,12,17,富邦-中壢,2024-07-31,9636
00927,群益半導體收益,18,2,16,富邦-中壢,2024-07-31,9636
1609,大亞,22,6,16,富邦-中壢,2024-07-31,9636
6116,彩晶,27,11,16,富邦-中壢,2024-07-31,9636
2489,瑞軒,20,4,16,富邦-中壢,2024-07-31,9636
2891,中信金,463,13,450,富邦-中壢,2024-08-01,9636
00680L,元大美債20正2,315,3,312,富邦-中壢,2024-08-01,9636
00679B,元大美債20年,311,47,264,富邦-中壢,2024-08-01,9636
00937B,群益ESG投等債20,336,80,256,富邦-中壢,2024-08-01,9636
00878,國泰永續高股息,335,82,253,富邦-中壢,2024-08-01,9636
2107,厚生,260,20,240,富邦-中壢,2024-08-01,9636
00919,群益台灣精選高息,194,49,145,富邦-中壢,2024-08-01,9636
5512,力麒,140,7,133,富邦-中壢,2024-08-01,9636
2515,中工,284,151,133,富邦-中壢,2024-08-01,9636
00945B,凱基美國非投等債,125,0,125,富邦-中壢,2024-08-01,9636
2489,瑞軒,231,148,83,富邦-中壢,2024-08-01,9636
00673R,期元大S＆P原油反1,86,5,81,富邦-中壢,2024-08-01,9636
2363,矽統,186,112,74,富邦-中壢,2024-08-01,9636
1522,堤維西,142,69,73,富邦-中壢,2024-08-01,9636
2337,旺宏,305,233,72,富邦-中壢,2024-08-01,9636
00918,大華優利高填息30,65,4,61,富邦-中壢,2024-08-01,9636
00934,中信成長高股息,57,0,57,富邦-中壢,2024-08-01,9636
00633L,富邦上証正2,55,0,55,富邦-中壢,2024-08-01,9636
00932,兆豐永續高息等權,62,10,52,富邦-中壢,2024-08-01,9636
00637L,元大滬深300正2,51,0,51,富邦-中壢,2024-08-01,9636
2102,泰豐,50,0,50,富邦-中壢,2024-08-01,9636
6257,矽格,75,26,49,富邦-中壢,2024-08-01,9636
2405,輔信,68,22,46,富邦-中壢,2024-08-01,9636
2349,錸德,187,141,46,富邦-中壢,2024-08-01,9636
1101,台泥,58,13,45,富邦-中壢,2024-08-01,9636
00725B,國泰投資級公司債,56,13,43,富邦-中壢,2024-08-01,9636
2340,台亞,42,0,42,富邦-中壢,2024-08-01,9636
2316,楠梓電,42,1,41,富邦-中壢,2024-08-01,9636
2017,官田鋼,40,0,40,富邦-中壢,2024-08-01,9636
00757,統一FANG+,39,3,36,富邦-中壢,2024-08-01,9636
00753L,中信中國50正2,36,0,36,富邦-中壢,2024-08-01,9636
00881,國泰台灣5G+,49,15,34,富邦-中壢,2024-08-01,9636
4906,正文,50,16,34,富邦-中壢,2024-08-01,9636
3535,晶彩科,133,100,33,富邦-中壢,2024-08-01,9636
2313,華通,46,15,31,富邦-中壢,2024-08-01,9636
2883,凱基金,34,4,30,富邦-中壢,2024-08-01,9636
2884,玉山金,51,23,28,富邦-中壢,2024-08-01,9636
3663,鑫科,182,156,26,富邦-中壢,2024-08-01,9636
2834,臺企銀,34,8,26,富邦-中壢,2024-08-01,9636
3707,漢磊,26,0,26,富邦-中壢,2024-08-01,9636
00933B,國泰10Y+金融債,37,12,25,富邦-中壢,2024-08-01,9636
00949,復華日本龍頭,41,17,24,富邦-中壢,2024-08-01,9636
00923,群益台ESG低碳50,29,5,24,富邦-中壢,2024-08-01,9636
5309,系統電,34,11,23,富邦-中壢,2024-08-01,9636
1560,中砂,29,7,22,富邦-中壢,2024-08-01,9636
2888,新光金,67,45,22,富邦-中壢,2024-08-01,9636
2845,遠東銀,22,0,22,富邦-中壢,2024-08-01,9636
8064,東捷,158,137,21,富邦-中壢,2024-08-01,9636
1216,統一,22,1,21,富邦-中壢,2024-08-01,9636
00929,復華台灣科技優息,261,241,20,富邦-中壢,2024-08-01,9636
00929,復華台灣科技優息,898,114,784,富邦-中壢,2024-08-02,9636
00878,國泰永續高股息,697,30,667,富邦-中壢,2024-08-02,9636
00680L,元大美債20正2,606,58,548,富邦-中壢,2024-08-02,9636
00937B,群益ESG投等債20,644,141,503,富邦-中壢,2024-08-02,9636
00940,元大台灣價值高息,549,49,500,富邦-中壢,2024-08-02,9636
2838,聯邦銀,401,4,397,富邦-中壢,2024-08-02,9636
2317,鴻海,404,49,355,富邦-中壢,2024-08-02,9636
00679B,元大美債20年,466,128,338,富邦-中壢,2024-08-02,9636
00919,群益台灣精選高息,359,60,299,富邦-中壢,2024-08-02,9636
00687B,國泰20年美債,434,141,293,富邦-中壢,2024-08-02,9636
00715L,期街口布蘭特正2,243,1,242,富邦-中壢,2024-08-02,9636
00946,群益科技高息成長,236,1,235,富邦-中壢,2024-08-02,9636
00676R,富邦臺灣加權反1,500,270,230,富邦-中壢,2024-08-02,9636
2538,基泰,200,0,200,富邦-中壢,2024-08-02,9636
0056,元大高股息,209,29,180,富邦-中壢,2024-08-02,9636
00941,中信上游半導體,162,0,162,富邦-中壢,2024-08-02,9636
3037,欣興,163,13,150,富邦-中壢,2024-08-02,9636
2891,中信金,152,8,144,富邦-中壢,2024-08-02,9636
2330,台積電,183,49,134,富邦-中壢,2024-08-02,9636
6548,長科*,128,1,127,富邦-中壢,2024-08-02,9636
00944,野村趨勢動能高息,119,1,118,富邦-中壢,2024-08-02,9636
3062,建漢,125,16,109,富邦-中壢,2024-08-02,9636
00900,富邦特選高股息30,155,47,108,富邦-中壢,2024-08-02,9636
00665L,富邦�琤肭磪囓�2,151,45,106,富邦-中壢,2024-08-02,9636
2442,新美齊,114,9,105,富邦-中壢,2024-08-02,9636
5512,力麒,254,153,101,富邦-中壢,2024-08-02,9636
00931B,統一美債20年,102,2,100,富邦-中壢,2024-08-02,9636
00951,台新日本半導體,93,0,93,富邦-中壢,2024-08-02,9636
00688L,國泰20年美債正2,211,119,92,富邦-中壢,2024-08-02,9636
2834,臺企銀,89,1,88,富邦-中壢,2024-08-02,9636
006208,富邦台50,97,9,88,富邦-中壢,2024-08-02,9636
9945,潤泰新,143,57,86,富邦-中壢,2024-08-02,9636
2382,廣達,102,19,83,富邦-中壢,2024-08-02,9636
00918,大華優利高填息30,89,7,82,富邦-中壢,2024-08-02,9636
2509,全坤建,80,2,78,富邦-中壢,2024-08-02,9636
00948B,中信優息投資級債,78,1,77,富邦-中壢,2024-08-02,9636
0050,元大台灣50,80,4,76,富邦-中壢,2024-08-02,9636
00881,國泰台灣5G+,138,63,75,富邦-中壢,2024-08-02,9636
00675L,富邦臺灣加權正2,75,2,73,富邦-中壢,2024-08-02,9636
00947,台新臺灣IC設計,72,1,71,富邦-中壢,2024-08-02,9636
2618,長榮航,92,22,70,富邦-中壢,2024-08-02,9636
00927,群益半導體收益,69,0,69,富邦-中壢,2024-08-02,9636
2408,南亞科,69,1,68,富邦-中壢,2024-08-02,9636
00891,中信關鍵半導體,72,4,68,富邦-中壢,2024-08-02,9636
6219,富旺,64,1,63,富邦-中壢,2024-08-02,9636
2610,華航,992,929,63,富邦-中壢,2024-08-02,9636
1802,台玻,64,2,62,富邦-中壢,2024-08-02,9636
00720B,元大投資級公司債,103,44,59,富邦-中壢,2024-08-02,9636
2402,毅嘉,59,2,57,富邦-中壢,2024-08-02,9636
2867,三商壽,63,6,57,富邦-中壢,2024-08-02,9636
00715L,期街口布蘭特正2,1590,1,1589,富邦-中壢,2024-08-05,9636
00679B,元大美債20年,2002,420,1582,富邦-中壢,2024-08-05,9636
00929,復華台灣科技優息,1884,706,1178,富邦-中壢,2024-08-05,9636
00940,元大台灣價值高息,1420,270,1150,富邦-中壢,2024-08-05,9636
00878,國泰永續高股息,1126,288,838,富邦-中壢,2024-08-05,9636
2838,聯邦銀,516,3,513,富邦-中壢,2024-08-05,9636
00712,復華富時不動產,570,134,436,富邦-中壢,2024-08-05,9636
2349,錸德,529,115,414,富邦-中壢,2024-08-05,9636
0056,元大高股息,476,103,373,富邦-中壢,2024-08-05,9636
00680L,元大美債20正2,585,223,362,富邦-中壢,2024-08-05,9636
00919,群益台灣精選高息,649,372,277,富邦-中壢,2024-08-05,9636
00934,中信成長高股息,290,36,254,富邦-中壢,2024-08-05,9636
2834,臺企銀,270,25,245,富邦-中壢,2024-08-05,9636
2317,鴻海,333,112,221,富邦-中壢,2024-08-05,9636
00946,群益科技高息成長,245,38,207,富邦-中壢,2024-08-05,9636
3481,群創,373,201,172,富邦-中壢,2024-08-05,9636
2330,台積電,235,65,170,富邦-中壢,2024-08-05,9636
2409,友達,214,48,166,富邦-中壢,2024-08-05,9636
00687B,國泰20年美債,821,666,155,富邦-中壢,2024-08-05,9636
00936,台新永續高息中小,245,108,137,富邦-中壢,2024-08-05,9636
006208,富邦台50,183,47,136,富邦-中壢,2024-08-05,9636
00688L,國泰20年美債正2,475,354,121,富邦-中壢,2024-08-05,9636
00671R,富邦NASDAQ反1,120,0,120,富邦-中壢,2024-08-05,9636
0050,元大台灣50,138,26,112,富邦-中壢,2024-08-05,9636
2891,中信金,151,41,110,富邦-中壢,2024-08-05,9636
00641R,富邦日本反1,100,0,100,富邦-中壢,2024-08-05,9636
00722B,群益投資級電信債,101,1,100,富邦-中壢,2024-08-05,9636
00881,國泰台灣5G+,186,87,99,富邦-中壢,2024-08-05,9636
2002,中鋼,147,50,97,富邦-中壢,2024-08-05,9636
2618,長榮航,124,27,97,富邦-中壢,2024-08-05,9636
00830,國泰費城半導體,129,34,95,富邦-中壢,2024-08-05,9636
5880,合庫金,123,38,85,富邦-中壢,2024-08-05,9636
2365,昆盈,179,102,77,富邦-中壢,2024-08-05,9636
2884,玉山金,106,30,76,富邦-中壢,2024-08-05,9636
3037,欣興,82,6,76,富邦-中壢,2024-08-05,9636
2369,菱生,78,3,75,富邦-中壢,2024-08-05,9636
00922,國泰台灣領袖50,77,2,75,富邦-中壢,2024-08-05,9636
2363,矽統,91,19,72,富邦-中壢,2024-08-05,9636
6177,達麗,82,10,72,富邦-中壢,2024-08-05,9636
2344,華邦電,136,67,69,富邦-中壢,2024-08-05,9636
2812,台中銀,76,7,69,富邦-中壢,2024-08-05,9636
8374,羅昇,90,29,61,富邦-中壢,2024-08-05,9636
00675L,富邦臺灣加權正2,134,74,60,富邦-中壢,2024-08-05,9636
00941,中信上游半導體,137,79,58,富邦-中壢,2024-08-05,9636
00918,大華優利高填息30,126,70,56,富邦-中壢,2024-08-05,9636
00642U,期元大S＆P石油,55,0,55,富邦-中壢,2024-08-05,9636
2308,台達電,79,24,55,富邦-中壢,2024-08-05,9636
2102,泰豐,53,0,53,富邦-中壢,2024-08-05,9636
5457,宣德,53,0,53,富邦-中壢,2024-08-05,9636
2913,農林,53,0,53,富邦-中壢,2024-08-05,9636
00676R,富邦臺灣加權反1,1434,0,1434,富邦-中壢,2024-08-06,9636
2888,新光金,1061,32,1029,富邦-中壢,2024-08-06,9636
00929,復華台灣科技優息,728,446,282,富邦-中壢,2024-08-06,9636
9105,泰金寶-DR,247,14,233,富邦-中壢,2024-08-06,9636
00878,國泰永續高股息,427,209,218,富邦-中壢,2024-08-06,9636
3047,訊舟,197,62,135,富邦-中壢,2024-08-06,9636
2834,臺企銀,168,37,131,富邦-中壢,2024-08-06,9636
00632R,元大台灣50反1,2265,2140,125,富邦-中壢,2024-08-06,9636
1309,台達化,121,1,120,富邦-中壢,2024-08-06,9636
00940,元大台灣價值高息,602,483,119,富邦-中壢,2024-08-06,9636
00931B,統一美債20年,110,1,109,富邦-中壢,2024-08-06,9636
2317,鴻海,422,324,98,富邦-中壢,2024-08-06,9636
8069,元太,99,5,94,富邦-中壢,2024-08-06,9636
3663,鑫科,149,59,90,富邦-中壢,2024-08-06,9636
00637L,元大滬深300正2,90,4,86,富邦-中壢,2024-08-06,9636
3481,群創,252,177,75,富邦-中壢,2024-08-06,9636
2618,長榮航,113,38,75,富邦-中壢,2024-08-06,9636
6177,達麗,76,6,70,富邦-中壢,2024-08-06,9636
00665L,富邦�琤肭磪囓�2,116,51,65,富邦-中壢,2024-08-06,9636
00948B,中信優息投資級債,74,11,63,富邦-中壢,2024-08-06,9636
1540,喬福,334,273,61,富邦-中壢,2024-08-06,9636
3037,欣興,119,66,53,富邦-中壢,2024-08-06,9636
9906,欣巴巴,64,11,53,富邦-中壢,2024-08-06,9636
4714,永捷,59,6,53,富邦-中壢,2024-08-06,9636
00715L,期街口布蘭特正2,94,41,53,富邦-中壢,2024-08-06,9636
6770,力積電,68,17,51,富邦-中壢,2024-08-06,9636
00936,台新永續高息中小,105,54,51,富邦-中壢,2024-08-06,9636
00881,國泰台灣5G+,91,41,50,富邦-中壢,2024-08-06,9636
00892,富邦台灣半導體,54,4,50,富邦-中壢,2024-08-06,9636
3708,上緯投控,52,2,50,富邦-中壢,2024-08-06,9636
3024,憶聲,51,3,48,富邦-中壢,2024-08-06,9636
3163,波若威,77,29,48,富邦-中壢,2024-08-06,9636
0056,元大高股息,184,136,48,富邦-中壢,2024-08-06,9636
2881,富邦金,150,103,47,富邦-中壢,2024-08-06,9636
2365,昆盈,171,127,44,富邦-中壢,2024-08-06,9636
0050,元大台灣50,103,62,41,富邦-中壢,2024-08-06,9636
00720B,元大投資級公司債,48,8,40,富邦-中壢,2024-08-06,9636
1785,光洋科,129,89,40,富邦-中壢,2024-08-06,9636
2542,興富發,79,42,37,富邦-中壢,2024-08-06,9636
2002,中鋼,77,41,36,富邦-中壢,2024-08-06,9636
2031,新光鋼,36,0,36,富邦-中壢,2024-08-06,9636
00900,富邦特選高股息30,42,6,36,富邦-中壢,2024-08-06,9636
00951,台新日本半導體,36,0,36,富邦-中壢,2024-08-06,9636
2442,新美齊,51,15,36,富邦-中壢,2024-08-06,9636
00680L,元大美債20正2,365,329,36,富邦-中壢,2024-08-06,9636
5457,宣德,35,2,33,富邦-中壢,2024-08-06,9636
2851,中再保,32,0,32,富邦-中壢,2024-08-06,9636
5521,工信,35,4,31,富邦-中壢,2024-08-06,9636
2883,凱基金,74,43,31,富邦-中壢,2024-08-06,9636
00891,中信關鍵半導體,41,11,30,富邦-中壢,2024-08-06,9636
00929,復華台灣科技優息,1252,286,966,富邦-中壢,2024-08-07,9636
00632R,元大台灣50反1,1955,1094,861,富邦-中壢,2024-08-07,9636
00715L,期街口布蘭特正2,415,26,389,富邦-中壢,2024-08-07,9636
00679B,元大美債20年,471,162,309,富邦-中壢,2024-08-07,9636
00946,群益科技高息成長,259,71,188,富邦-中壢,2024-08-07,9636
00878,國泰永續高股息,237,69,168,富邦-中壢,2024-08-07,9636
2834,臺企銀,200,43,157,富邦-中壢,2024-08-07,9636
2409,友達,180,62,118,富邦-中壢,2024-08-07,9636
2812,台中銀,108,8,100,富邦-中壢,2024-08-07,9636
2102,泰豐,103,19,84,富邦-中壢,2024-08-07,9636
00945B,凱基美國非投等債,72,0,72,富邦-中壢,2024-08-07,9636
2408,南亞科,67,1,66,富邦-中壢,2024-08-07,9636
00935,野村臺灣新科技50,74,8,66,富邦-中壢,2024-08-07,9636
6770,力積電,75,15,60,富邦-中壢,2024-08-07,9636
2317,鴻海,156,100,56,富邦-中壢,2024-08-07,9636
00881,國泰台灣5G+,84,31,53,富邦-中壢,2024-08-07,9636
2884,玉山金,59,12,47,富邦-中壢,2024-08-07,9636
00940,元大台灣價值高息,243,197,46,富邦-中壢,2024-08-07,9636
9105,泰金寶-DR,110,68,42,富邦-中壢,2024-08-07,9636
1101,台泥,56,14,42,富邦-中壢,2024-08-07,9636
2324,仁寶,44,4,40,富邦-中壢,2024-08-07,9636
2382,廣達,90,52,38,富邦-中壢,2024-08-07,9636
2515,中工,69,32,37,富邦-中壢,2024-08-07,9636
00933B,國泰10Y+金融債,38,3,35,富邦-中壢,2024-08-07,9636
2881,富邦金,81,46,35,富邦-中壢,2024-08-07,9636
2402,毅嘉,38,5,33,富邦-中壢,2024-08-07,9636
00931B,統一美債20年,37,5,32,富邦-中壢,2024-08-07,9636
2312,金寶,114,82,32,富邦-中壢,2024-08-07,9636
00720B,元大投資級公司債,46,16,30,富邦-中壢,2024-08-07,9636
3037,欣興,112,83,29,富邦-中壢,2024-08-07,9636
6213,聯茂,45,15,30,富邦-中壢,2024-08-07,9636
00713,元大台灣高息低波,38,9,29,富邦-中壢,2024-08-07,9636
3490,單井,37,8,29,富邦-中壢,2024-08-07,9636
2615,萬海,198,170,28,富邦-中壢,2024-08-07,9636
9945,潤泰新,37,9,28,富邦-中壢,2024-08-07,9636
00795B,中信美國公債20年,32,5,27,富邦-中壢,2024-08-07,9636
3576,聯合再生,61,35,26,富邦-中壢,2024-08-07,9636
5531,鄉林,32,6,26,富邦-中壢,2024-08-07,9636
2887,台新金,68,42,26,富邦-中壢,2024-08-07,9636
2356,英業達,52,26,26,富邦-中壢,2024-08-07,9636
8059,凱碩,25,0,25,富邦-中壢,2024-08-07,9636
2002,中鋼,38,14,24,富邦-中壢,2024-08-07,9636
00948B,中信優息投資級債,24,0,24,富邦-中壢,2024-08-07,9636
00830,國泰費城半導體,29,5,24,富邦-中壢,2024-08-07,9636
1514,亞力,60,37,23,富邦-中壢,2024-08-07,9636
00949,復華日本龍頭,22,0,22,富邦-中壢,2024-08-07,9636
1717,長興,24,2,22,富邦-中壢,2024-08-07,9636
2542,興富發,43,22,21,富邦-中壢,2024-08-07,9636
00915,凱基優選高股息30,72,52,20,富邦-中壢,2024-08-07,9636
00918,大華優利高填息30,91,71,20,富邦-中壢,2024-08-07,9636
00937B,群益ESG投等債20,723,100,623,富邦-中壢,2024-08-08,9636
00929,復華台灣科技優息,383,36,347,富邦-中壢,2024-08-08,9636
2834,臺企銀,323,0,323,富邦-中壢,2024-08-08,9636
00679B,元大美債20年,361,100,261,富邦-中壢,2024-08-08,9636
00687B,國泰20年美債,322,101,221,富邦-中壢,2024-08-08,9636
00948B,中信優息投資級債,199,0,199,富邦-中壢,2024-08-08,9636
00878,國泰永續高股息,255,80,175,富邦-中壢,2024-08-08,9636
2886,兆豐金,161,6,155,富邦-中壢,2024-08-08,9636
00688L,國泰20年美債正2,251,115,136,富邦-中壢,2024-08-08,9636
2409,友達,199,68,131,富邦-中壢,2024-08-08,9636
4714,永捷,120,4,116,富邦-中壢,2024-08-08,9636
00950B,凱基A級公司債,111,0,111,富邦-中壢,2024-08-08,9636
2609,陽明,126,21,105,富邦-中壢,2024-08-08,9636
2538,基泰,107,3,104,富邦-中壢,2024-08-08,9636
2892,第一金,103,4,99,富邦-中壢,2024-08-08,9636
00919,群益台灣精選高息,120,30,90,富邦-中壢,2024-08-08,9636
00795B,中信美國公債20年,75,5,70,富邦-中壢,2024-08-08,9636
1313,聯成,67,0,67,富邦-中壢,2024-08-08,9636
2323,中環,67,0,67,富邦-中壢,2024-08-08,9636
2344,華邦電,74,11,63,富邦-中壢,2024-08-08,9636
00720B,元大投資級公司債,68,6,62,富邦-中壢,2024-08-08,9636
6151,晉倫,57,2,55,富邦-中壢,2024-08-08,9636
00940,元大台灣價值高息,102,48,54,富邦-中壢,2024-08-08,9636
3481,群創,83,29,54,富邦-中壢,2024-08-08,9636
2615,萬海,93,43,50,富邦-中壢,2024-08-08,9636
2317,鴻海,272,224,48,富邦-中壢,2024-08-08,9636
00881,國泰台灣5G+,52,7,45,富邦-中壢,2024-08-08,9636
6125,廣運,156,113,43,富邦-中壢,2024-08-08,9636
2382,廣達,75,32,43,富邦-中壢,2024-08-08,9636
3376,新日興,46,7,39,富邦-中壢,2024-08-08,9636
3231,緯創,78,40,38,富邦-中壢,2024-08-08,9636
00931B,統一美債20年,74,36,38,富邦-中壢,2024-08-08,9636
00830,國泰費城半導體,37,0,37,富邦-中壢,2024-08-08,9636
2356,英業達,52,19,33,富邦-中壢,2024-08-08,9636
5443,均豪,53,23,30,富邦-中壢,2024-08-08,9636
00946,群益科技高息成長,41,10,31,富邦-中壢,2024-08-08,9636
5315,光聯,30,0,30,富邦-中壢,2024-08-08,9636
4533,協易機,53,23,30,富邦-中壢,2024-08-08,9636
1536,和大,42,14,28,富邦-中壢,2024-08-08,9636
00933B,國泰10Y+金融債,29,2,27,富邦-中壢,2024-08-08,9636
2313,華通,33,6,27,富邦-中壢,2024-08-08,9636
2891,中信金,45,19,26,富邦-中壢,2024-08-08,9636
2603,長榮,41,15,26,富邦-中壢,2024-08-08,9636
2006,東和鋼鐵,28,3,25,富邦-中壢,2024-08-08,9636
2371,大同,38,13,25,富邦-中壢,2024-08-08,9636
1301,台塑,46,22,24,富邦-中壢,2024-08-08,9636
00936,台新永續高息中小,23,0,23,富邦-中壢,2024-08-08,9636
2359,所羅門,134,111,23,富邦-中壢,2024-08-08,9636
3711,日月光投控,33,11,22,富邦-中壢,2024-08-08,9636
0056,元大高股息,39,18,21,富邦-中壢,2024-08-08,9636
00664R,國泰臺灣加權反1,1036,5,1031,富邦-中壢,2024-08-09,9636
00937B,群益ESG投等債20,889,101,788,富邦-中壢,2024-08-09,9636
00688L,國泰20年美債正2,717,308,409,富邦-中壢,2024-08-09,9636
00679B,元大美債20年,421,125,296,富邦-中壢,2024-08-09,9636
00948B,中信優息投資級債,218,0,218,富邦-中壢,2024-08-09,9636
00878,國泰永續高股息,211,75,136,富邦-中壢,2024-08-09,9636
2609,陽明,199,85,114,富邦-中壢,2024-08-09,9636
2834,臺企銀,119,10,109,富邦-中壢,2024-08-09,9636
00950B,凱基A級公司債,104,0,104,富邦-中壢,2024-08-09,9636
00929,復華台灣科技優息,304,207,97,富邦-中壢,2024-08-09,9636
00632R,元大台灣50反1,676,584,92,富邦-中壢,2024-08-09,9636
2489,瑞軒,179,93,86,富邦-中壢,2024-08-09,9636
3450,聯鈞,127,49,78,富邦-中壢,2024-08-09,9636
2603,長榮,103,26,77,富邦-中壢,2024-08-09,9636
00936,台新永續高息中小,77,4,73,富邦-中壢,2024-08-09,9636
2062,橋椿,94,29,65,富邦-中壢,2024-08-09,9636
00882,中信中國高股息,72,9,63,富邦-中壢,2024-08-09,9636
00933B,國泰10Y+金融債,63,3,60,富邦-中壢,2024-08-09,9636
00680L,元大美債20正2,150,93,57,富邦-中壢,2024-08-09,9636
9105,泰金寶-DR,214,157,57,富邦-中壢,2024-08-09,9636
1727,中華化,55,0,55,富邦-中壢,2024-08-09,9636
00931B,統一美債20年,64,10,54,富邦-中壢,2024-08-09,9636
2102,泰豐,53,0,53,富邦-中壢,2024-08-09,9636
6116,彩晶,52,0,52,富邦-中壢,2024-08-09,9636
3492,長盛,50,1,49,富邦-中壢,2024-08-09,9636
00900,富邦特選高股息30,71,22,49,富邦-中壢,2024-08-09,9636
3231,緯創,93,52,41,富邦-中壢,2024-08-09,9636
6126,信音,41,1,40,富邦-中壢,2024-08-09,9636
00751B,元大AAA至A公司債,79,41,38,富邦-中壢,2024-08-09,9636
4533,協易機,77,41,36,富邦-中壢,2024-08-09,9636
00795B,中信美國公債20年,38,3,35,富邦-中壢,2024-08-09,9636
2618,長榮航,52,19,33,富邦-中壢,2024-08-09,9636
2337,旺宏,41,9,32,富邦-中壢,2024-08-09,9636
2851,中再保,33,1,32,富邦-中壢,2024-08-09,9636
00946,群益科技高息成長,34,2,32,富邦-中壢,2024-08-09,9636
2349,錸德,63,32,31,富邦-中壢,2024-08-09,9636
00725B,國泰投資級公司債,29,0,29,富邦-中壢,2024-08-09,9636
00951,台新日本半導體,29,0,29,富邦-中壢,2024-08-09,9636
4909,新復興,67,39,28,富邦-中壢,2024-08-09,9636
8367,建新國際,28,0,28,富邦-中壢,2024-08-09,9636
00945B,凱基美國非投等債,25,0,25,富邦-中壢,2024-08-09,9636
3044,健鼎,28,3,25,富邦-中壢,2024-08-09,9636
2243,宏旭-KY,63,39,24,富邦-中壢,2024-08-09,9636
6451,訊芯-KY,26,2,24,富邦-中壢,2024-08-09,9636
0056,元大高股息,59,36,23,富邦-中壢,2024-08-09,9636
1536,和大,59,36,23,富邦-中壢,2024-08-09,9636
3037,欣興,67,45,22,富邦-中壢,2024-08-09,9636
00919,群益台灣精選高息,80,58,22,富邦-中壢,2024-08-09,9636
4942,嘉彰,24,3,21,富邦-中壢,2024-08-09,9636
3010,華立,20,0,20,富邦-中壢,2024-08-09,9636
2409,友達,451,80,371,富邦-中壢,2024-08-12,9636
00929,復華台灣科技優息,439,134,305,富邦-中壢,2024-08-12,9636
00878,國泰永續高股息,270,54,216,富邦-中壢,2024-08-12,9636
00632R,元大台灣50反1,802,588,214,富邦-中壢,2024-08-12,9636
00933B,國泰10Y+金融債,170,5,165,富邦-中壢,2024-08-12,9636
00679B,元大美債20年,155,22,133,富邦-中壢,2024-08-12,9636
00706L,期元大S＆P日圓正2,121,0,121,富邦-中壢,2024-08-12,9636
2834,臺企銀,105,8,97,富邦-中壢,2024-08-12,9636
2851,中再保,90,1,89,富邦-中壢,2024-08-12,9636
2891,中信金,127,44,83,富邦-中壢,2024-08-12,9636
00936,台新永續高息中小,73,0,73,富邦-中壢,2024-08-12,9636
00932,兆豐永續高息等權,70,0,70,富邦-中壢,2024-08-12,9636
3663,鑫科,185,116,69,富邦-中壢,2024-08-12,9636
2312,金寶,280,218,62,富邦-中壢,2024-08-12,9636
00937B,群益ESG投等債20,222,161,61,富邦-中壢,2024-08-12,9636
00900,富邦特選高股息30,69,11,58,富邦-中壢,2024-08-12,9636
00650L,復華香港正2,58,0,58,富邦-中壢,2024-08-12,9636
2359,所羅門,104,48,56,富邦-中壢,2024-08-12,9636
3047,訊舟,139,85,54,富邦-中壢,2024-08-12,9636
00946,群益科技高息成長,63,10,53,富邦-中壢,2024-08-12,9636
2102,泰豐,52,1,51,富邦-中壢,2024-08-12,9636
00940,元大台灣價值高息,142,92,50,富邦-中壢,2024-08-12,9636
2897,王道銀行,49,0,49,富邦-中壢,2024-08-12,9636
2349,錸德,102,58,44,富邦-中壢,2024-08-12,9636
1513,中興電,86,44,42,富邦-中壢,2024-08-12,9636
2880,華南金,76,34,42,富邦-中壢,2024-08-12,9636
00931B,統一美債20年,43,3,40,富邦-中壢,2024-08-12,9636
00673R,期元大S＆P原油反1,40,0,40,富邦-中壢,2024-08-12,9636
2812,台中銀,43,5,38,富邦-中壢,2024-08-12,9636
4533,協易機,57,22,35,富邦-中壢,2024-08-12,9636
2515,中工,56,25,31,富邦-中壢,2024-08-12,9636
6116,彩晶,30,0,30,富邦-中壢,2024-08-12,9636
3522,御嵿,41,11,30,富邦-中壢,2024-08-12,9636
2537,聯上發,73,43,30,富邦-中壢,2024-08-12,9636
5309,系統電,54,25,29,富邦-中壢,2024-08-12,9636
3005,神基,30,2,28,富邦-中壢,2024-08-12,9636
1522,堤維西,82,55,27,富邦-中壢,2024-08-12,9636
00830,國泰費城半導體,26,0,26,富邦-中壢,2024-08-12,9636
2892,第一金,36,12,24,富邦-中壢,2024-08-12,9636
1597,直得,70,46,24,富邦-中壢,2024-08-12,9636
2371,大同,38,14,24,富邦-中壢,2024-08-12,9636
1101,台泥,32,9,23,富邦-中壢,2024-08-12,9636
00919,群益台灣精選高息,68,45,23,富邦-中壢,2024-08-12,9636
00945B,凱基美國非投等債,22,0,22,富邦-中壢,2024-08-12,9636
3535,晶彩科,28,7,21,富邦-中壢,2024-08-12,9636
5880,合庫金,42,21,21,富邦-中壢,2024-08-12,9636
5531,鄉林,20,0,20,富邦-中壢,2024-08-12,9636
1447,力鵬,18,0,18,富邦-中壢,2024-08-12,9636
2492,華新科,20,2,18,富邦-中壢,2024-08-12,9636
2610,華航,781,763,18,富邦-中壢,2024-08-12,9636
00632R,元大台灣50反1,945,93,852,富邦-中壢,2024-08-13,9636
00936,台新永續高息中小,469,0,469,富邦-中壢,2024-08-13,9636
00929,復華台灣科技優息,565,175,390,富邦-中壢,2024-08-13,9636
00688L,國泰20年美債正2,380,12,368,富邦-中壢,2024-08-13,9636
00937B,群益ESG投等債20,390,115,275,富邦-中壢,2024-08-13,9636
00948B,中信優息投資級債,182,2,180,富邦-中壢,2024-08-13,9636
00687B,國泰20年美債,185,24,161,富邦-中壢,2024-08-13,9636
00878,國泰永續高股息,202,69,133,富邦-中壢,2024-08-13,9636
00673R,期元大S＆P原油反1,118,0,118,富邦-中壢,2024-08-13,9636
2883,凱基金,130,17,113,富邦-中壢,2024-08-13,9636
2880,華南金,113,5,108,富邦-中壢,2024-08-13,9636
00945B,凱基美國非投等債,100,0,100,富邦-中壢,2024-08-13,9636
00676R,富邦臺灣加權反1,100,0,100,富邦-中壢,2024-08-13,9636
6215,和椿,181,91,90,富邦-中壢,2024-08-13,9636
00931B,統一美債20年,72,0,72,富邦-中壢,2024-08-13,9636
2609,陽明,134,65,69,富邦-中壢,2024-08-13,9636
1513,中興電,110,41,69,富邦-中壢,2024-08-13,9636
2374,佳能,85,20,65,富邦-中壢,2024-08-13,9636
9945,潤泰新,83,23,60,富邦-中壢,2024-08-13,9636
00795B,中信美國公債20年,56,1,55,富邦-中壢,2024-08-13,9636
2615,萬海,118,65,53,富邦-中壢,2024-08-13,9636
4513,福裕,64,11,53,富邦-中壢,2024-08-13,9636
2208,台船,84,33,51,富邦-中壢,2024-08-13,9636
00919,群益台灣精選高息,70,22,48,富邦-中壢,2024-08-13,9636
2834,臺企銀,46,0,46,富邦-中壢,2024-08-13,9636
6505,台塑化,46,0,46,富邦-中壢,2024-08-13,9636
00720B,元大投資級公司債,44,1,43,富邦-中壢,2024-08-13,9636
00751B,元大AAA至A公司債,43,0,43,富邦-中壢,2024-08-13,9636
4526,東台,74,33,41,富邦-中壢,2024-08-13,9636
00686R,群益臺灣加權反1,40,0,40,富邦-中壢,2024-08-13,9636
00665L,富邦�琤肭磪囓�2,50,10,40,富邦-中壢,2024-08-13,9636
00933B,國泰10Y+金融債,35,0,35,富邦-中壢,2024-08-13,9636
8064,東捷,39,4,35,富邦-中壢,2024-08-13,9636
1540,喬福,41,8,33,富邦-中壢,2024-08-13,9636
2464,盟立,68,38,30,富邦-中壢,2024-08-13,9636
2338,光罩,31,2,29,富邦-中壢,2024-08-13,9636
6213,聯茂,40,12,28,富邦-中壢,2024-08-13,9636
4540,全球傳動,36,8,28,富邦-中壢,2024-08-13,9636
00900,富邦特選高股息30,42,14,28,富邦-中壢,2024-08-13,9636
2891,中信金,85,58,27,富邦-中壢,2024-08-13,9636
00637L,元大滬深300正2,28,1,27,富邦-中壢,2024-08-13,9636
00934,中信成長高股息,35,8,27,富邦-中壢,2024-08-13,9636
4566,時碩工業,59,32,27,富邦-中壢,2024-08-13,9636
00907,永豐優息存股,26,0,26,富邦-中壢,2024-08-13,9636
2886,兆豐金,34,9,25,富邦-中壢,2024-08-13,9636
2855,統一證,23,1,22,富邦-中壢,2024-08-13,9636
3037,欣興,47,25,22,富邦-中壢,2024-08-13,9636
2801,彰銀,22,0,22,富邦-中壢,2024-08-13,9636
2610,華航,66,45,21,富邦-中壢,2024-08-13,9636
6265,方土昶,23,2,21,富邦-中壢,2024-08-13,9636
00878,國泰永續高股息,601,52,549,富邦-中壢,2024-08-14,9636
3289,宜特,308,9,299,富邦-中壢,2024-08-14,9636
00929,復華台灣科技優息,276,77,199,富邦-中壢,2024-08-14,9636
00948B,中信優息投資級債,193,1,192,富邦-中壢,2024-08-14,9636
00937B,群益ESG投等債20,248,73,175,富邦-中壢,2024-08-14,9636
00632R,元大台灣50反1,628,462,166,富邦-中壢,2024-08-14,9636
4513,福裕,176,45,131,富邦-中壢,2024-08-14,9636
9105,泰金寶-DR,124,9,115,富邦-中壢,2024-08-14,9636
00715L,期街口布蘭特正2,118,10,108,富邦-中壢,2024-08-14,9636
2102,泰豐,100,0,100,富邦-中壢,2024-08-14,9636
00688L,國泰20年美債正2,199,102,97,富邦-中壢,2024-08-14,9636
2834,臺企銀,106,21,85,富邦-中壢,2024-08-14,9636
1101,台泥,93,14,79,富邦-中壢,2024-08-14,9636
4534,慶騰,56,2,54,富邦-中壢,2024-08-14,9636
3003,健和興,50,0,50,富邦-中壢,2024-08-14,9636
5880,合庫金,113,64,49,富邦-中壢,2024-08-14,9636
5905,南仁湖,52,3,49,富邦-中壢,2024-08-14,9636
00951,台新日本半導體,99,51,48,富邦-中壢,2024-08-14,9636
4958,臻鼎-KY,61,13,48,富邦-中壢,2024-08-14,9636
2002,中鋼,84,38,46,富邦-中壢,2024-08-14,9636
2356,英業達,71,27,44,富邦-中壢,2024-08-14,9636
4561,健椿,55,13,42,富邦-中壢,2024-08-14,9636
00795B,中信美國公債20年,44,2,42,富邦-中壢,2024-08-14,9636
2349,錸德,66,27,39,富邦-中壢,2024-08-14,9636
2337,旺宏,51,14,37,富邦-中壢,2024-08-14,9636
00676R,富邦臺灣加權反1,37,0,37,富邦-中壢,2024-08-14,9636
4167,松瑞藥,38,2,36,富邦-中壢,2024-08-14,9636
00664R,國泰臺灣加權反1,35,0,35,富邦-中壢,2024-08-14,9636
2069,運錩,38,5,33,富邦-中壢,2024-08-14,9636
3522,御嵿,33,1,32,富邦-中壢,2024-08-14,9636
00857B,永豐20年美公債,31,0,31,富邦-中壢,2024-08-14,9636
2836,高雄銀,30,0,30,富邦-中壢,2024-08-14,9636
00917,中信特選金融,30,0,30,富邦-中壢,2024-08-14,9636
4562,穎漢,117,89,28,富邦-中壢,2024-08-14,9636
3047,訊舟,60,34,26,富邦-中壢,2024-08-14,9636
3663,鑫科,73,47,26,富邦-中壢,2024-08-14,9636
2820,華票,25,0,25,富邦-中壢,2024-08-14,9636
2615,萬海,52,28,24,富邦-中壢,2024-08-14,9636
00882,中信中國高股息,24,1,23,富邦-中壢,2024-08-14,9636
00900,富邦特選高股息30,46,23,23,富邦-中壢,2024-08-14,9636
2371,大同,51,30,21,富邦-中壢,2024-08-14,9636
2515,中工,27,6,21,富邦-中壢,2024-08-14,9636
6443,元晶,26,5,21,富邦-中壢,2024-08-14,9636
2880,華南金,23,2,21,富邦-中壢,2024-08-14,9636
5484,慧友,20,0,20,富邦-中壢,2024-08-14,9636
8093,保銳,20,0,20,富邦-中壢,2024-08-14,9636
3260,威剛,28,8,20,富邦-中壢,2024-08-14,9636
2610,華航,24,5,19,富邦-中壢,2024-08-14,9636
6658,聯策,33,15,18,富邦-中壢,2024-08-14,9636
2634,漢翔,17,0,17,富邦-中壢,2024-08-14,9636
00687B,國泰20年美債,591,13,578,富邦-中壢,2024-08-15,9636
00679B,元大美債20年,512,35,477,富邦-中壢,2024-08-15,9636
00878,國泰永續高股息,460,101,359,富邦-中壢,2024-08-15,9636
00937B,群益ESG投等債20,459,114,345,富邦-中壢,2024-08-15,9636
00946,群益科技高息成長,333,0,333,富邦-中壢,2024-08-15,9636
00948B,中信優息投資級債,298,2,296,富邦-中壢,2024-08-15,9636
00632R,元大台灣50反1,329,46,283,富邦-中壢,2024-08-15,9636
00900,富邦特選高股息30,326,64,262,富邦-中壢,2024-08-15,9636
3581,博磊,217,23,194,富邦-中壢,2024-08-15,9636
2323,中環,408,220,188,富邦-中壢,2024-08-15,9636
2867,三商壽,289,121,168,富邦-中壢,2024-08-15,9636
00715L,期街口布蘭特正2,203,54,149,富邦-中壢,2024-08-15,9636
00929,復華台灣科技優息,347,212,135,富邦-中壢,2024-08-15,9636
2002,中鋼,126,6,120,富邦-中壢,2024-08-15,9636
2892,第一金,79,0,79,富邦-中壢,2024-08-15,9636
00676R,富邦臺灣加權反1,79,0,79,富邦-中壢,2024-08-15,9636
2344,華邦電,81,7,74,富邦-中壢,2024-08-15,9636
00931B,統一美債20年,70,0,70,富邦-中壢,2024-08-15,9636
3663,鑫科,145,81,64,富邦-中壢,2024-08-15,9636
00907,永豐優息存股,60,0,60,富邦-中壢,2024-08-15,9636
4958,臻鼎-KY,118,64,54,富邦-中壢,2024-08-15,9636
00933B,國泰10Y+金融債,53,1,52,富邦-中壢,2024-08-15,9636
00688L,國泰20年美債正2,118,66,52,富邦-中壢,2024-08-15,9636
00882,中信中國高股息,69,21,48,富邦-中壢,2024-08-15,9636
1514,亞力,54,6,48,富邦-中壢,2024-08-15,9636
00795B,中信美國公債20年,61,18,43,富邦-中壢,2024-08-15,9636
3645,達邁,54,12,42,富邦-中壢,2024-08-15,9636
8064,東捷,43,3,40,富邦-中壢,2024-08-15,9636
2597,潤弘,41,1,40,富邦-中壢,2024-08-15,9636
2890,永豐金,64,27,37,富邦-中壢,2024-08-15,9636
00919,群益台灣精選高息,70,33,37,富邦-中壢,2024-08-15,9636
4555,氣立,44,9,35,富邦-中壢,2024-08-15,9636
2317,鴻海,130,96,34,富邦-中壢,2024-08-15,9636
9904,寶成,36,3,33,富邦-中壢,2024-08-15,9636
2886,兆豐金,33,1,32,富邦-中壢,2024-08-15,9636
2312,金寶,73,41,32,富邦-中壢,2024-08-15,9636
2618,長榮航,49,20,29,富邦-中壢,2024-08-15,9636
00680L,元大美債20正2,378,350,28,富邦-中壢,2024-08-15,9636
6706,惠特,53,25,28,富邦-中壢,2024-08-15,9636
5011,久陽,31,4,27,富邦-中壢,2024-08-15,9636
00923,群益台ESG低碳50,29,3,26,富邦-中壢,2024-08-15,9636
6770,力積電,26,2,24,富邦-中壢,2024-08-15,9636
2905,三商,23,0,23,富邦-中壢,2024-08-15,9636
4513,福裕,36,14,22,富邦-中壢,2024-08-15,9636
2834,臺企銀,21,0,21,富邦-中壢,2024-08-15,9636
00684R,期元大美元指反1,20,0,20,富邦-中壢,2024-08-15,9636
6835,圓裕,20,0,20,富邦-中壢,2024-08-15,9636
00945B,凱基美國非投等債,31,11,20,富邦-中壢,2024-08-15,9636
00740B,富邦全球投等債,18,0,18,富邦-中壢,2024-08-15,9636
2801,彰銀,31,13,18,富邦-中壢,2024-08-15,9636
00632R,元大台灣50反1,1141,198,943,富邦-中壢,2024-08-16,9636
3289,宜特,604,17,587,富邦-中壢,2024-08-16,9636
2888,新光金,445,29,416,富邦-中壢,2024-08-16,9636
00687B,國泰20年美債,403,74,329,富邦-中壢,2024-08-16,9636
00937B,群益ESG投等債20,387,61,326,富邦-中壢,2024-08-16,9636
8101,華冠,262,0,262,富邦-中壢,2024-08-16,9636
00929,復華台灣科技優息,478,228,250,富邦-中壢,2024-08-16,9636
00679B,元大美債20年,293,67,226,富邦-中壢,2024-08-16,9636
00671R,富邦NASDAQ反1,223,0,223,富邦-中壢,2024-08-16,9636
2834,臺企銀,178,14,164,富邦-中壢,2024-08-16,9636
2634,漢翔,106,0,106,富邦-中壢,2024-08-16,9636
2102,泰豐,100,0,100,富邦-中壢,2024-08-16,9636
3535,晶彩科,140,44,96,富邦-中壢,2024-08-16,9636
00795B,中信美國公債20年,92,0,92,富邦-中壢,2024-08-16,9636
00900,富邦特選高股息30,125,35,90,富邦-中壢,2024-08-16,9636
2489,瑞軒,99,21,78,富邦-中壢,2024-08-16,9636
00881,國泰台灣5G+,77,9,68,富邦-中壢,2024-08-16,9636
2609,陽明,161,95,66,富邦-中壢,2024-08-16,9636
00907,永豐優息存股,76,11,65,富邦-中壢,2024-08-16,9636
8096,擎亞,178,123,55,富邦-中壢,2024-08-16,9636
00931B,統一美債20年,50,0,50,富邦-中壢,2024-08-16,9636
2363,矽統,403,356,47,富邦-中壢,2024-08-16,9636
00680L,元大美債20正2,143,97,46,富邦-中壢,2024-08-16,9636
00949,復華日本龍頭,45,0,45,富邦-中壢,2024-08-16,9636
2002,中鋼,67,23,44,富邦-中壢,2024-08-16,9636
2367,燿華,81,38,43,富邦-中壢,2024-08-16,9636
00892,富邦台灣半導體,50,9,41,富邦-中壢,2024-08-16,9636
00945B,凱基美國非投等債,39,0,39,富邦-中壢,2024-08-16,9636
3024,憶聲,40,1,39,富邦-中壢,2024-08-16,9636
6026,福邦證,39,2,37,富邦-中壢,2024-08-16,9636
00915,凱基優選高股息30,48,13,35,富邦-中壢,2024-08-16,9636
2062,橋椿,109,77,32,富邦-中壢,2024-08-16,9636
2867,三商壽,75,43,32,富邦-中壢,2024-08-16,9636
5488,松普,30,0,30,富邦-中壢,2024-08-16,9636
1609,大亞,37,8,29,富邦-中壢,2024-08-16,9636
1785,光洋科,57,29,28,富邦-中壢,2024-08-16,9636
00664R,國泰臺灣加權反1,35,8,27,富邦-中壢,2024-08-16,9636
00905,FT臺灣Smart,39,12,27,富邦-中壢,2024-08-16,9636
2845,遠東銀,38,13,25,富邦-中壢,2024-08-16,9636
00951,台新日本半導體,41,17,24,富邦-中壢,2024-08-16,9636
00688L,國泰20年美債正2,32,10,22,富邦-中壢,2024-08-16,9636
4903,聯光通,22,0,22,富邦-中壢,2024-08-16,9636
3048,益登,62,40,22,富邦-中壢,2024-08-16,9636
2464,盟立,70,48,22,富邦-中壢,2024-08-16,9636
3580,友威科,70,49,21,富邦-中壢,2024-08-16,9636
6197,佳必琪,27,6,21,富邦-中壢,2024-08-16,9636
5531,鄉林,20,0,20,富邦-中壢,2024-08-16,9636
00921,兆豐龍頭等權重,20,0,20,富邦-中壢,2024-08-16,9636
8107,大億金茂,23,3,20,富邦-中壢,2024-08-16,9636
00878,國泰永續高股息,155,136,19,富邦-中壢,2024-08-16,9636
00687B,國泰20年美債,526,52,474,富邦-中壢,2024-08-19,9636
00715L,期街口布蘭特正2,312,0,312,富邦-中壢,2024-08-19,9636
00918,大華優利高填息30,270,29,241,富邦-中壢,2024-08-19,9636
2365,昆盈,277,150,127,富邦-中壢,2024-08-19,9636
2405,輔信,147,21,126,富邦-中壢,2024-08-19,9636
00688L,國泰20年美債正2,114,2,112,富邦-中壢,2024-08-19,9636
3581,博磊,173,74,99,富邦-中壢,2024-08-19,9636
8028,昇陽半導體,150,57,93,富邦-中壢,2024-08-19,9636
00929,復華台灣科技優息,301,211,90,富邦-中壢,2024-08-19,9636
00679B,元大美債20年,158,79,79,富邦-中壢,2024-08-19,9636
2354,鴻準,92,16,76,富邦-中壢,2024-08-19,9636
3518,柏騰,161,88,73,富邦-中壢,2024-08-19,9636
1609,大亞,88,16,72,富邦-中壢,2024-08-19,9636
3013,晟銘電,138,72,66,富邦-中壢,2024-08-19,9636
00919,群益台灣精選高息,101,38,63,富邦-中壢,2024-08-19,9636
9904,寶成,59,0,59,富邦-中壢,2024-08-19,9636
00795B,中信美國公債20年,57,0,57,富邦-中壢,2024-08-19,9636
3047,訊舟,161,106,55,富邦-中壢,2024-08-19,9636
8096,擎亞,80,28,52,富邦-中壢,2024-08-19,9636
0056,元大高股息,80,29,51,富邦-中壢,2024-08-19,9636
8101,華冠,45,0,45,富邦-中壢,2024-08-19,9636
3374,精材,79,35,44,富邦-中壢,2024-08-19,9636
5519,隆大,52,8,44,富邦-中壢,2024-08-19,9636
2323,中環,64,20,44,富邦-中壢,2024-08-19,9636
00676R,富邦臺灣加權反1,43,0,43,富邦-中壢,2024-08-19,9636
2062,橋椿,77,36,41,富邦-中壢,2024-08-19,9636
00933B,國泰10Y+金融債,60,21,39,富邦-中壢,2024-08-19,9636
3645,達邁,116,79,37,富邦-中壢,2024-08-19,9636
2374,佳能,83,46,37,富邦-中壢,2024-08-19,9636
5452,佶優,58,22,36,富邦-中壢,2024-08-19,9636
00902,中信電池及儲能,36,0,36,富邦-中壢,2024-08-19,9636
00948B,中信優息投資級債,36,1,35,富邦-中壢,2024-08-19,9636
00915,凱基優選高股息30,37,5,32,富邦-中壢,2024-08-19,9636
3535,晶彩科,52,22,30,富邦-中壢,2024-08-19,9636
3379,彬台,70,41,29,富邦-中壢,2024-08-19,9636
4113,聯上,29,0,29,富邦-中壢,2024-08-19,9636
00684R,期元大美元指反1,27,0,27,富邦-中壢,2024-08-19,9636
2356,英業達,35,8,27,富邦-中壢,2024-08-19,9636
00720B,元大投資級公司債,26,0,26,富邦-中壢,2024-08-19,9636
2812,台中銀,25,0,25,富邦-中壢,2024-08-19,9636
9945,潤泰新,46,22,24,富邦-中壢,2024-08-19,9636
6770,力積電,29,5,24,富邦-中壢,2024-08-19,9636
2355,敬鵬,25,2,23,富邦-中壢,2024-08-19,9636
3163,波若威,37,14,23,富邦-中壢,2024-08-19,9636
3363,上詮,38,16,22,富邦-中壢,2024-08-19,9636
2359,所羅門,122,100,22,富邦-中壢,2024-08-19,9636
00942B,台新美A公司債20+,21,0,21,富邦-中壢,2024-08-19,9636
5534,長虹,22,1,21,富邦-中壢,2024-08-19,9636
00773B,中信優先金融債,20,0,20,富邦-中壢,2024-08-19,9636
2634,漢翔,21,2,19,富邦-中壢,2024-08-19,9636
00715L,期街口布蘭特正2,471,37,434,富邦-中壢,2024-08-20,9636
00632R,元大台灣50反1,547,215,332,富邦-中壢,2024-08-20,9636
00907,永豐優息存股,248,0,248,富邦-中壢,2024-08-20,9636
00687B,國泰20年美債,372,131,241,富邦-中壢,2024-08-20,9636
1802,台玻,203,5,198,富邦-中壢,2024-08-20,9636
00679B,元大美債20年,268,102,166,富邦-中壢,2024-08-20,9636
00680L,元大美債20正2,149,1,148,富邦-中壢,2024-08-20,9636
00688L,國泰20年美債正2,242,100,142,富邦-中壢,2024-08-20,9636
00919,群益台灣精選高息,156,30,126,富邦-中壢,2024-08-20,9636
00937B,群益ESG投等債20,212,90,122,富邦-中壢,2024-08-20,9636
3059,華晶科,125,5,120,富邦-中壢,2024-08-20,9636
1785,光洋科,189,71,118,富邦-中壢,2024-08-20,9636
9105,泰金寶-DR,134,27,107,富邦-中壢,2024-08-20,9636
00720B,元大投資級公司債,102,10,92,富邦-中壢,2024-08-20,9636
2356,英業達,97,9,88,富邦-中壢,2024-08-20,9636
2374,佳能,159,78,81,富邦-中壢,2024-08-20,9636
2409,友達,85,11,74,富邦-中壢,2024-08-20,9636
00706L,期元大S＆P日圓正2,71,0,71,富邦-中壢,2024-08-20,9636
00948B,中信優息投資級債,71,0,71,富邦-中壢,2024-08-20,9636
00642U,期元大S＆P石油,71,0,71,富邦-中壢,2024-08-20,9636
2609,陽明,185,122,63,富邦-中壢,2024-08-20,9636
2881,富邦金,63,5,58,富邦-中壢,2024-08-20,9636
00637L,元大滬深300正2,78,20,58,富邦-中壢,2024-08-20,9636
00665L,富邦�琤肭磪囓�2,90,40,50,富邦-中壢,2024-08-20,9636
00684R,期元大美元指反1,50,0,50,富邦-中壢,2024-08-20,9636
00795B,中信美國公債20年,50,3,47,富邦-中壢,2024-08-20,9636
3548,兆利,47,3,44,富邦-中壢,2024-08-20,9636
5392,能率,47,5,42,富邦-中壢,2024-08-20,9636
00923,群益台ESG低碳50,85,44,41,富邦-中壢,2024-08-20,9636
8070,長華*,48,7,41,富邦-中壢,2024-08-20,9636
3580,友威科,77,38,39,富邦-中壢,2024-08-20,9636
2317,鴻海,203,164,39,富邦-中壢,2024-08-20,9636
2489,瑞軒,149,116,33,富邦-中壢,2024-08-20,9636
5519,隆大,39,6,33,富邦-中壢,2024-08-20,9636
3581,博磊,46,13,33,富邦-中壢,2024-08-20,9636
5534,長虹,33,1,32,富邦-中壢,2024-08-20,9636
2542,興富發,37,7,30,富邦-中壢,2024-08-20,9636
2543,皇昌,52,23,29,富邦-中壢,2024-08-20,9636
4174,浩鼎,55,28,27,富邦-中壢,2024-08-20,9636
0056,元大高股息,49,23,26,富邦-中壢,2024-08-20,9636
1584,精剛,63,37,26,富邦-中壢,2024-08-20,9636
2353,宏��,30,5,25,富邦-中壢,2024-08-20,9636
2417,圓剛,55,32,23,富邦-中壢,2024-08-20,9636
00753L,中信中國50正2,38,15,23,富邦-中壢,2024-08-20,9636
4561,健椿,30,8,22,富邦-中壢,2024-08-20,9636
2891,中信金,24,2,22,富邦-中壢,2024-08-20,9636
3019,亞光,55,34,21,富邦-中壢,2024-08-20,9636
00900,富邦特選高股息30,66,46,20,富邦-中壢,2024-08-20,9636
6505,台塑化,19,0,19,富邦-中壢,2024-08-20,9636
6492,生華科,19,0,19,富邦-中壢,2024-08-20,9636
00953B,群益優選非投等債,544,79,465,富邦-中壢,2024-08-21,9636
2891,中信金,461,4,457,富邦-中壢,2024-08-21,9636
00632R,元大台灣50反1,372,100,272,富邦-中壢,2024-08-21,9636
00688L,國泰20年美債正2,230,27,203,富邦-中壢,2024-08-21,9636
00687B,國泰20年美債,190,29,161,富邦-中壢,2024-08-21,9636
00679B,元大美債20年,158,18,140,富邦-中壢,2024-08-21,9636
00715L,期街口布蘭特正2,150,11,139,富邦-中壢,2024-08-21,9636
2317,鴻海,144,33,111,富邦-中壢,2024-08-21,9636
9105,泰金寶-DR,221,115,106,富邦-中壢,2024-08-21,9636
00680L,元大美債20正2,152,48,104,富邦-中壢,2024-08-21,9636
2812,台中銀,105,1,104,富邦-中壢,2024-08-21,9636
00907,永豐優息存股,101,6,95,富邦-中壢,2024-08-21,9636
1609,大亞,176,84,92,富邦-中壢,2024-08-21,9636
00919,群益台灣精選高息,103,13,90,富邦-中壢,2024-08-21,9636
2887,台新金,93,4,89,富邦-中壢,2024-08-21,9636
5905,南仁湖,189,102,87,富邦-中壢,2024-08-21,9636
00878,國泰永續高股息,98,21,77,富邦-中壢,2024-08-21,9636
00923,群益台ESG低碳50,69,2,67,富邦-中壢,2024-08-21,9636
00665L,富邦�琤肭磪囓�2,120,60,60,富邦-中壢,2024-08-21,9636
00706L,期元大S＆P日圓正2,46,1,45,富邦-中壢,2024-08-21,9636
3581,博磊,70,29,41,富邦-中壢,2024-08-21,9636
2313,華通,46,5,41,富邦-中壢,2024-08-21,9636
1785,光洋科,64,27,37,富邦-中壢,2024-08-21,9636
00918,大華優利高填息30,37,3,34,富邦-中壢,2024-08-21,9636
2881,富邦金,41,8,33,富邦-中壢,2024-08-21,9636
2409,友達,41,11,30,富邦-中壢,2024-08-21,9636
8054,安國,37,8,29,富邦-中壢,2024-08-21,9636
3580,友威科,55,27,28,富邦-中壢,2024-08-21,9636
4174,浩鼎,38,11,27,富邦-中壢,2024-08-21,9636
912000,晨訊科-DR,36,10,26,富邦-中壢,2024-08-21,9636
3535,晶彩科,161,135,26,富邦-中壢,2024-08-21,9636
2455,全新,26,2,24,富邦-中壢,2024-08-21,9636
2367,燿華,52,28,24,富邦-中壢,2024-08-21,9636
4561,健椿,27,3,24,富邦-中壢,2024-08-21,9636
5371,中光電,22,0,22,富邦-中壢,2024-08-21,9636
2609,陽明,59,37,22,富邦-中壢,2024-08-21,9636
2382,廣達,32,10,22,富邦-中壢,2024-08-21,9636
1513,中興電,53,33,20,富邦-中壢,2024-08-21,9636
8421,旭源,22,2,20,富邦-中壢,2024-08-21,9636
2542,興富發,27,7,20,富邦-中壢,2024-08-21,9636
4720,德淵,20,0,20,富邦-中壢,2024-08-21,9636
6207,雷科,37,17,20,富邦-中壢,2024-08-21,9636
1721,三晃,20,1,19,富邦-中壢,2024-08-21,9636
00939,統一台灣高息動能,48,29,19,富邦-中壢,2024-08-21,9636
2454,聯發科,23,5,18,富邦-中壢,2024-08-21,9636
2610,華航,21,3,18,富邦-中壢,2024-08-21,9636
2401,凌陽,65,47,18,富邦-中壢,2024-08-21,9636
2330,台積電,23,5,18,富邦-中壢,2024-08-21,9636
6462,神盾,19,2,17,富邦-中壢,2024-08-21,9636
3339,泰谷,17,1,16,富邦-中壢,2024-08-21,9636
00715L,期街口布蘭特正2,451,26,425,富邦-中壢,2024-08-22,9636
00687B,國泰20年美債,443,71,372,富邦-中壢,2024-08-22,9636
2891,中信金,442,100,342,富邦-中壢,2024-08-22,9636
00929,復華台灣科技優息,209,42,167,富邦-中壢,2024-08-22,9636
1810,和成,150,0,150,富邦-中壢,2024-08-22,9636
2317,鴻海,253,133,120,富邦-中壢,2024-08-22,9636
00878,國泰永續高股息,191,75,116,富邦-中壢,2024-08-22,9636
2312,金寶,159,61,98,富邦-中壢,2024-08-22,9636
00706L,期元大S＆P日圓正2,80,0,80,富邦-中壢,2024-08-22,9636
1721,三晃,100,25,75,富邦-中壢,2024-08-22,9636
00940,元大台灣價值高息,101,32,69,富邦-中壢,2024-08-22,9636
00680L,元大美債20正2,99,35,64,富邦-中壢,2024-08-22,9636
00795B,中信美國公債20年,61,0,61,富邦-中壢,2024-08-22,9636
2845,遠東銀,60,5,55,富邦-中壢,2024-08-22,9636
00907,永豐優息存股,54,0,54,富邦-中壢,2024-08-22,9636
3376,新日興,58,4,54,富邦-中壢,2024-08-22,9636
00953B,群益優選非投等債,81,29,52,富邦-中壢,2024-08-22,9636
6005,群益證,52,0,52,富邦-中壢,2024-08-22,9636
2102,泰豐,51,1,50,富邦-中壢,2024-08-22,9636
00919,群益台灣精選高息,69,23,46,富邦-中壢,2024-08-22,9636
2812,台中銀,61,18,43,富邦-中壢,2024-08-22,9636
00679B,元大美債20年,54,12,42,富邦-中壢,2024-08-22,9636
2890,永豐金,52,11,41,富邦-中壢,2024-08-22,9636
3047,訊舟,132,94,38,富邦-中壢,2024-08-22,9636
00915,凱基優選高股息30,38,2,36,富邦-中壢,2024-08-22,9636
00642U,期元大S＆P石油,38,2,36,富邦-中壢,2024-08-22,9636
00665L,富邦�琤肭磪囓�2,80,45,35,富邦-中壢,2024-08-22,9636
6219,富旺,34,0,34,富邦-中壢,2024-08-22,9636
8367,建新國際,34,0,34,富邦-中壢,2024-08-22,9636
0056,元大高股息,36,3,33,富邦-中壢,2024-08-22,9636
2834,臺企銀,52,20,32,富邦-中壢,2024-08-22,9636
6505,台塑化,31,0,31,富邦-中壢,2024-08-22,9636
5905,南仁湖,87,57,30,富邦-中壢,2024-08-22,9636
1513,中興電,81,51,30,富邦-中壢,2024-08-22,9636
2402,毅嘉,39,10,29,富邦-中壢,2024-08-22,9636
3013,晟銘電,45,16,29,富邦-中壢,2024-08-22,9636
2476,鉅祥,38,9,29,富邦-中壢,2024-08-22,9636
9105,泰金寶-DR,45,17,28,富邦-中壢,2024-08-22,9636
00948B,中信優息投資級債,28,0,28,富邦-中壢,2024-08-22,9636
3490,單井,26,0,26,富邦-中壢,2024-08-22,9636
3645,達邁,37,11,26,富邦-中壢,2024-08-22,9636
4533,協易機,37,12,25,富邦-中壢,2024-08-22,9636
2062,橋椿,96,72,24,富邦-中壢,2024-08-22,9636
3489,森寶,23,0,23,富邦-中壢,2024-08-22,9636
2204,中華,27,4,23,富邦-中壢,2024-08-22,9636
2883,凱基金,27,5,22,富邦-中壢,2024-08-22,9636
6147,頎邦,22,0,22,富邦-中壢,2024-08-22,9636
6179,亞通,21,0,21,富邦-中壢,2024-08-22,9636
5443,均豪,54,33,21,富邦-中壢,2024-08-22,9636
9906,欣巴巴,25,5,20,富邦-中壢,2024-08-22,9636
00687B,國泰20年美債,368,27,341,富邦-中壢,2024-08-23,9636
00679B,元大美債20年,265,23,242,富邦-中壢,2024-08-23,9636
00706L,期元大S＆P日圓正2,230,0,230,富邦-中壢,2024-08-23,9636
00680L,元大美債20正2,216,0,216,富邦-中壢,2024-08-23,9636
2891,中信金,199,40,159,富邦-中壢,2024-08-23,9636
2834,臺企銀,139,2,137,富邦-中壢,2024-08-23,9636
00951,台新日本半導體,109,0,109,富邦-中壢,2024-08-23,9636
00632R,元大台灣50反1,330,246,84,富邦-中壢,2024-08-23,9636
1409,新纖,79,1,78,富邦-中壢,2024-08-23,9636
1314,中石化,97,21,76,富邦-中壢,2024-08-23,9636
00688L,國泰20年美債正2,69,0,69,富邦-中壢,2024-08-23,9636
8069,元太,81,15,66,富邦-中壢,2024-08-23,9636
2208,台船,75,9,66,富邦-中壢,2024-08-23,9636
00919,群益台灣精選高息,126,65,61,富邦-中壢,2024-08-23,9636
6177,達麗,65,8,57,富邦-中壢,2024-08-23,9636
3047,訊舟,132,76,56,富邦-中壢,2024-08-23,9636
00929,復華台灣科技優息,143,87,56,富邦-中壢,2024-08-23,9636
00878,國泰永續高股息,90,35,55,富邦-中壢,2024-08-23,9636
6505,台塑化,52,1,51,富邦-中壢,2024-08-23,9636
2420,新巨,50,0,50,富邦-中壢,2024-08-23,9636
2102,泰豐,50,0,50,富邦-中壢,2024-08-23,9636
2344,華邦電,58,15,43,富邦-中壢,2024-08-23,9636
1727,中華化,76,36,40,富邦-中壢,2024-08-23,9636
00936,台新永續高息中小,58,21,37,富邦-中壢,2024-08-23,9636
5452,佶優,44,10,34,富邦-中壢,2024-08-23,9636
2890,永豐金,33,1,32,富邦-中壢,2024-08-23,9636
2317,鴻海,62,30,32,富邦-中壢,2024-08-23,9636
00915,凱基優選高股息30,44,13,31,富邦-中壢,2024-08-23,9636
6548,長科*,33,3,30,富邦-中壢,2024-08-23,9636
4729,熒茂,81,53,28,富邦-中壢,2024-08-23,9636
4906,正文,42,15,27,富邦-中壢,2024-08-23,9636
4720,德淵,30,3,27,富邦-中壢,2024-08-23,9636
3376,新日興,44,18,26,富邦-中壢,2024-08-23,9636
00933B,國泰10Y+金融債,25,0,25,富邦-中壢,2024-08-23,9636
6405,悅城,30,6,24,富邦-中壢,2024-08-23,9636
2062,橋椿,49,27,22,富邦-中壢,2024-08-23,9636
00753L,中信中國50正2,52,30,22,富邦-中壢,2024-08-23,9636
3663,鑫科,33,12,21,富邦-中壢,2024-08-23,9636
2812,台中銀,22,1,21,富邦-中壢,2024-08-23,9636
2312,金寶,31,10,21,富邦-中壢,2024-08-23,9636
1809,中釉,21,0,21,富邦-中壢,2024-08-23,9636
00795B,中信美國公債20年,20,0,20,富邦-中壢,2024-08-23,9636
6180,橘子,20,0,20,富邦-中壢,2024-08-23,9636
1711,永光,332,313,19,富邦-中壢,2024-08-23,9636
9955,佳龍,22,3,19,富邦-中壢,2024-08-23,9636
6147,頎邦,20,1,19,富邦-中壢,2024-08-23,9636
8121,越峰,31,12,19,富邦-中壢,2024-08-23,9636
2609,陽明,46,27,19,富邦-中壢,2024-08-23,9636
6560,欣普羅,19,2,17,富邦-中壢,2024-08-23,9636
3535,晶彩科,41,24,17,富邦-中壢,2024-08-23,9636
2888,新光金,3721,1833,1888,富邦-中壢,2024-08-26,9636
2891,中信金,382,42,340,富邦-中壢,2024-08-26,9636
00687B,國泰20年美債,275,11,264,富邦-中壢,2024-08-26,9636
00937B,群益ESG投等債20,166,32,134,富邦-中壢,2024-08-26,9636
3481,群創,254,123,131,富邦-中壢,2024-08-26,9636
00706L,期元大S＆P日圓正2,171,51,120,富邦-中壢,2024-08-26,9636
2102,泰豐,100,0,100,富邦-中壢,2024-08-26,9636
00637L,元大滬深300正2,97,0,97,富邦-中壢,2024-08-26,9636
00953B,群益優選非投等債,109,15,94,富邦-中壢,2024-08-26,9636
00673R,期元大S＆P原油反1,86,0,86,富邦-中壢,2024-08-26,9636
3003,健和興,80,3,77,富邦-中壢,2024-08-26,9636
2331,精英,96,21,75,富邦-中壢,2024-08-26,9636
1711,永光,95,27,68,富邦-中壢,2024-08-26,9636
2409,友達,277,211,66,富邦-中壢,2024-08-26,9636
00679B,元大美債20年,114,54,60,富邦-中壢,2024-08-26,9636
2376,技嘉,90,31,59,富邦-中壢,2024-08-26,9636
3673,TPK-KY,73,17,56,富邦-中壢,2024-08-26,9636
00919,群益台灣精選高息,113,59,54,富邦-中壢,2024-08-26,9636
9906,欣巴巴,55,2,53,富邦-中壢,2024-08-26,9636
00929,復華台灣科技優息,132,83,49,富邦-中壢,2024-08-26,9636
1609,大亞,61,13,48,富邦-中壢,2024-08-26,9636
2204,中華,51,3,48,富邦-中壢,2024-08-26,9636
3518,柏騰,48,1,47,富邦-中壢,2024-08-26,9636
00665L,富邦�琤肭磪囓�2,97,50,47,富邦-中壢,2024-08-26,9636
2402,毅嘉,148,102,46,富邦-中壢,2024-08-26,9636
2542,興富發,42,1,41,富邦-中壢,2024-08-26,9636
2365,昆盈,61,21,40,富邦-中壢,2024-08-26,9636
00933B,國泰10Y+金融債,43,3,40,富邦-中壢,2024-08-26,9636
3645,達邁,44,9,35,富邦-中壢,2024-08-26,9636
3580,友威科,51,16,35,富邦-中壢,2024-08-26,9636
5309,系統電,36,2,34,富邦-中壢,2024-08-26,9636
3019,亞光,36,3,33,富邦-中壢,2024-08-26,9636
00633L,富邦上証正2,31,0,31,富邦-中壢,2024-08-26,9636
8028,昇陽半導體,132,101,31,富邦-中壢,2024-08-26,9636
5443,均豪,137,107,30,富邦-中壢,2024-08-26,9636
1708,東鹼,58,29,29,富邦-中壢,2024-08-26,9636
3163,波若威,38,11,27,富邦-中壢,2024-08-26,9636
1785,光洋科,85,60,25,富邦-中壢,2024-08-26,9636
00935,野村臺灣新科技50,26,1,25,富邦-中壢,2024-08-26,9636
1727,中華化,29,4,25,富邦-中壢,2024-08-26,9636
2890,永豐金,27,2,25,富邦-中壢,2024-08-26,9636
2330,台積電,30,5,25,富邦-中壢,2024-08-26,9636
4510,高鋒,34,9,25,富邦-中壢,2024-08-26,9636
8072,陞泰,22,0,22,富邦-中壢,2024-08-26,9636
4526,東台,73,52,21,富邦-中壢,2024-08-26,9636
1310,台苯,21,0,21,富邦-中壢,2024-08-26,9636
2495,普安,24,4,20,富邦-中壢,2024-08-26,9636
6757,台灣虎航,20,0,20,富邦-中壢,2024-08-26,9636
4729,熒茂,20,0,20,富邦-中壢,2024-08-26,9636
2313,華通,45,26,19,富邦-中壢,2024-08-26,9636
2891,中信金,422,12,410,富邦-中壢,2024-08-27,9636
3481,群創,510,107,403,富邦-中壢,2024-08-27,9636
00687B,國泰20年美債,278,4,274,富邦-中壢,2024-08-27,9636
00929,復華台灣科技優息,242,59,183,富邦-中壢,2024-08-27,9636
00632R,元大台灣50反1,231,115,116,富邦-中壢,2024-08-27,9636
00679B,元大美債20年,130,27,103,富邦-中壢,2024-08-27,9636
00673R,期元大S＆P原油反1,90,0,90,富邦-中壢,2024-08-27,9636
00878,國泰永續高股息,105,25,80,富邦-中壢,2024-08-27,9636
2399,映泰,298,221,77,富邦-中壢,2024-08-27,9636
00937B,群益ESG投等債20,135,60,75,富邦-中壢,2024-08-27,9636
2881,富邦金,105,37,68,富邦-中壢,2024-08-27,9636
2887,台新金,82,14,68,富邦-中壢,2024-08-27,9636
00940,元大台灣價值高息,149,82,67,富邦-中壢,2024-08-27,9636
6244,茂迪,329,267,62,富邦-中壢,2024-08-27,9636
2303,聯電,73,12,61,富邦-中壢,2024-08-27,9636
8027,鈦昇,100,54,46,富邦-中壢,2024-08-27,9636
1708,東鹼,51,5,46,富邦-中壢,2024-08-27,9636
2353,宏��,43,0,43,富邦-中壢,2024-08-27,9636
3033,威健,67,25,42,富邦-中壢,2024-08-27,9636
2867,三商壽,55,14,41,富邦-中壢,2024-08-27,9636
6026,福邦證,42,1,41,富邦-中壢,2024-08-27,9636
00795B,中信美國公債20年,40,0,40,富邦-中壢,2024-08-27,9636
00676R,富邦臺灣加權反1,40,0,40,富邦-中壢,2024-08-27,9636
5488,松普,41,1,40,富邦-中壢,2024-08-27,9636
8354,冠好,37,3,34,富邦-中壢,2024-08-27,9636
00934,中信成長高股息,44,12,32,富邦-中壢,2024-08-27,9636
3605,宏致,63,32,31,富邦-中壢,2024-08-27,9636
8028,昇陽半導體,138,107,31,富邦-中壢,2024-08-27,9636
00753L,中信中國50正2,60,30,30,富邦-中壢,2024-08-27,9636
6603,富強鑫,32,2,30,富邦-中壢,2024-08-27,9636
3047,訊舟,66,37,29,富邦-中壢,2024-08-27,9636
2382,廣達,35,6,29,富邦-中壢,2024-08-27,9636
2228,劍麟,30,2,28,富邦-中壢,2024-08-27,9636
2603,長榮,69,44,25,富邦-中壢,2024-08-27,9636
2515,中工,30,6,24,富邦-中壢,2024-08-27,9636
1727,中華化,44,21,23,富邦-中壢,2024-08-27,9636
00900,富邦特選高股息30,29,6,23,富邦-中壢,2024-08-27,9636
4967,十銓,54,31,23,富邦-中壢,2024-08-27,9636
00918,大華優利高填息30,22,0,22,富邦-中壢,2024-08-27,9636
3673,TPK-KY,26,4,22,富邦-中壢,2024-08-27,9636
2892,第一金,23,1,22,富邦-中壢,2024-08-27,9636
2454,聯發科,21,0,21,富邦-中壢,2024-08-27,9636
00933B,國泰10Y+金融債,26,5,21,富邦-中壢,2024-08-27,9636
00706L,期元大S＆P日圓正2,21,0,21,富邦-中壢,2024-08-27,9636
2882,國泰金,24,3,21,富邦-中壢,2024-08-27,9636
2845,遠東銀,36,16,20,富邦-中壢,2024-08-27,9636
00664R,國泰臺灣加權反1,20,0,20,富邦-中壢,2024-08-27,9636
3665,貿聯-KY,29,9,20,富邦-中壢,2024-08-27,9636
2377,微星,24,5,19,富邦-中壢,2024-08-27,9636
2883,凱基金,40,21,19,富邦-中壢,2024-08-27,9636
00946,群益科技高息成長,610,0,610,富邦-中壢,2024-08-28,9636
00680L,元大美債20正2,454,0,454,富邦-中壢,2024-08-28,9636
00937B,群益ESG投等債20,225,8,217,富邦-中壢,2024-08-28,9636
2542,興富發,180,3,177,富邦-中壢,2024-08-28,9636
00959B,大華投等美債15Y+,157,0,157,富邦-中壢,2024-08-28,9636
2891,中信金,162,23,139,富邦-中壢,2024-08-28,9636
00679B,元大美債20年,148,21,127,富邦-中壢,2024-08-28,9636
2834,臺企銀,116,6,110,富邦-中壢,2024-08-28,9636
00687B,國泰20年美債,98,11,87,富邦-中壢,2024-08-28,9636
00637L,元大滬深300正2,83,3,80,富邦-中壢,2024-08-28,9636
00948B,中信優息投資級債,75,0,75,富邦-中壢,2024-08-28,9636
00665L,富邦�琤肭磪囓�2,127,60,67,富邦-中壢,2024-08-28,9636
8069,元太,67,1,66,富邦-中壢,2024-08-28,9636
00715L,期街口布蘭特正2,129,67,62,富邦-中壢,2024-08-28,9636
00878,國泰永續高股息,65,6,59,富邦-中壢,2024-08-28,9636
1409,新纖,60,1,59,富邦-中壢,2024-08-28,9636
1708,東鹼,143,90,53,富邦-中壢,2024-08-28,9636
3481,群創,430,382,48,富邦-中壢,2024-08-28,9636
3581,博磊,66,18,48,富邦-中壢,2024-08-28,9636
3708,上緯投控,46,1,45,富邦-中壢,2024-08-28,9636
3289,宜特,53,10,43,富邦-中壢,2024-08-28,9636
4707,磐亞,39,0,39,富邦-中壢,2024-08-28,9636
8011,台通,89,51,38,富邦-中壢,2024-08-28,9636
4555,氣立,78,41,37,富邦-中壢,2024-08-28,9636
8354,冠好,36,0,36,富邦-中壢,2024-08-28,9636
00753L,中信中國50正2,47,12,35,富邦-中壢,2024-08-28,9636
5443,均豪,127,93,34,富邦-中壢,2024-08-28,9636
2365,昆盈,46,13,33,富邦-中壢,2024-08-28,9636
4540,全球傳動,122,90,32,富邦-中壢,2024-08-28,9636
00688L,國泰20年美債正2,34,2,32,富邦-中壢,2024-08-28,9636
00795B,中信美國公債20年,32,0,32,富邦-中壢,2024-08-28,9636
8039,台虹,69,37,32,富邦-中壢,2024-08-28,9636
1737,臺鹽,31,0,31,富邦-中壢,2024-08-28,9636
2102,泰豐,31,0,31,富邦-中壢,2024-08-28,9636
00919,群益台灣精選高息,41,11,30,富邦-中壢,2024-08-28,9636
00751B,元大AAA至A公司債,30,1,29,富邦-中壢,2024-08-28,9636
2543,皇昌,55,28,27,富邦-中壢,2024-08-28,9636
3051,力特,25,0,25,富邦-中壢,2024-08-28,9636
9906,欣巴巴,27,2,25,富邦-中壢,2024-08-28,9636
2812,台中銀,26,1,25,富邦-中壢,2024-08-28,9636
2409,友達,116,92,24,富邦-中壢,2024-08-28,9636
9958,世紀鋼,74,50,24,富邦-中壢,2024-08-28,9636
3059,華晶科,24,1,23,富邦-中壢,2024-08-28,9636
5452,佶優,40,17,23,富邦-中壢,2024-08-28,9636
3019,亞光,59,36,23,富邦-中壢,2024-08-28,9636
2356,英業達,35,12,23,富邦-中壢,2024-08-28,9636
00940,元大台灣價值高息,46,24,22,富邦-中壢,2024-08-28,9636
00931B,統一美債20年,25,3,22,富邦-中壢,2024-08-28,9636
3522,御嵿,26,4,22,富邦-中壢,2024-08-28,9636
00857B,永豐20年美公債,21,0,21,富邦-中壢,2024-08-28,9636
00934,中信成長高股息,308,13,295,富邦-中壢,2024-08-29,9636
00679B,元大美債20年,288,9,279,富邦-中壢,2024-08-29,9636
00687B,國泰20年美債,255,49,206,富邦-中壢,2024-08-29,9636
00688L,國泰20年美債正2,232,39,193,富邦-中壢,2024-08-29,9636
00715L,期街口布蘭特正2,162,1,161,富邦-中壢,2024-08-29,9636
00937B,群益ESG投等債20,169,28,141,富邦-中壢,2024-08-29,9636
00795B,中信美國公債20年,141,0,141,富邦-中壢,2024-08-29,9636
00878,國泰永續高股息,187,48,139,富邦-中壢,2024-08-29,9636
00632R,元大台灣50反1,241,119,122,富邦-中壢,2024-08-29,9636
2891,中信金,195,77,118,富邦-中壢,2024-08-29,9636
00959B,大華投等美債15Y+,102,0,102,富邦-中壢,2024-08-29,9636
8069,元太,99,5,94,富邦-中壢,2024-08-29,9636
00665L,富邦�琤肭磪囓�2,334,241,93,富邦-中壢,2024-08-29,9636
00929,復華台灣科技優息,186,105,81,富邦-中壢,2024-08-29,9636
1314,中石化,86,6,80,富邦-中壢,2024-08-29,9636
00919,群益台灣精選高息,104,45,59,富邦-中壢,2024-08-29,9636
1540,喬福,210,152,58,富邦-中壢,2024-08-29,9636
3550,聯穎,178,122,56,富邦-中壢,2024-08-29,9636
00680L,元大美債20正2,100,47,53,富邦-中壢,2024-08-29,9636
1708,東鹼,72,21,51,富邦-中壢,2024-08-29,9636
00669R,國泰美國道瓊反1,50,0,50,富邦-中壢,2024-08-29,9636
3003,健和興,52,4,48,富邦-中壢,2024-08-29,9636
00933B,國泰10Y+金融債,48,3,45,富邦-中壢,2024-08-29,9636
2330,台積電,50,9,41,富邦-中壢,2024-08-29,9636
3047,訊舟,114,74,40,富邦-中壢,2024-08-29,9636
2515,中工,98,60,38,富邦-中壢,2024-08-29,9636
00753L,中信中國50正2,57,21,36,富邦-中壢,2024-08-29,9636
00830,國泰費城半導體,35,0,35,富邦-中壢,2024-08-29,9636
3437,榮創,40,6,34,富邦-中壢,2024-08-29,9636
2603,長榮,35,3,32,富邦-中壢,2024-08-29,9636
2426,鼎元,60,29,31,富邦-中壢,2024-08-29,9636
2353,宏��,31,0,31,富邦-中壢,2024-08-29,9636
3522,御嵿,36,5,31,富邦-中壢,2024-08-29,9636
00725B,國泰投資級公司債,32,1,31,富邦-中壢,2024-08-29,9636
2845,遠東銀,30,0,30,富邦-中壢,2024-08-29,9636
00948B,中信優息投資級債,29,0,29,富邦-中壢,2024-08-29,9636
3450,聯鈞,106,77,29,富邦-中壢,2024-08-29,9636
4510,高鋒,211,183,28,富邦-中壢,2024-08-29,9636
8096,擎亞,64,35,29,富邦-中壢,2024-08-29,9636
2887,台新金,42,14,28,富邦-中壢,2024-08-29,9636
3581,博磊,32,5,27,富邦-中壢,2024-08-29,9636
00936,台新永續高息中小,31,4,27,富邦-中壢,2024-08-29,9636
4904,遠傳,30,5,25,富邦-中壢,2024-08-29,9636
2812,台中銀,28,3,25,富邦-中壢,2024-08-29,9636
00752,中信中國50,33,10,23,富邦-中壢,2024-08-29,9636
00857B,永豐20年美公債,22,0,22,富邦-中壢,2024-08-29,9636
2362,藍天,26,5,21,富邦-中壢,2024-08-29,9636
8064,東捷,75,54,21,富邦-中壢,2024-08-29,9636
2880,華南金,20,0,20,富邦-中壢,2024-08-29,9636
5443,均豪,167,147,20,富邦-中壢,2024-08-29,9636
2888,新光金,408,56,352,富邦-中壢,2024-08-30,9636
00687B,國泰20年美債,337,147,190,富邦-中壢,2024-08-30,9636
2891,中信金,198,18,180,富邦-中壢,2024-08-30,9636
00795B,中信美國公債20年,172,0,172,富邦-中壢,2024-08-30,9636
00632R,元大台灣50反1,539,373,166,富邦-中壢,2024-08-30,9636
00688L,國泰20年美債正2,133,0,133,富邦-中壢,2024-08-30,9636
2834,臺企銀,123,0,123,富邦-中壢,2024-08-30,9636
1711,永光,242,121,121,富邦-中壢,2024-08-30,9636
00706L,期元大S＆P日圓正2,105,0,105,富邦-中壢,2024-08-30,9636
00937B,群益ESG投等債20,132,28,104,富邦-中壢,2024-08-30,9636
00679B,元大美債20年,179,100,79,富邦-中壢,2024-08-30,9636
6278,台表科,79,5,74,富邦-中壢,2024-08-30,9636
4526,東台,281,209,72,富邦-中壢,2024-08-30,9636
00857B,永豐20年美公債,63,0,63,富邦-中壢,2024-08-30,9636
00680L,元大美債20正2,185,125,60,富邦-中壢,2024-08-30,9636
5498,凱崴,85,26,59,富邦-中壢,2024-08-30,9636
8150,南茂,58,6,52,富邦-中壢,2024-08-30,9636
3645,達邁,57,7,50,富邦-中壢,2024-08-30,9636
00959B,大華投等美債15Y+,58,10,48,富邦-中壢,2024-08-30,9636
2313,華通,122,75,47,富邦-中壢,2024-08-30,9636
00933B,國泰10Y+金融債,49,4,45,富邦-中壢,2024-08-30,9636
2409,友達,72,28,44,富邦-中壢,2024-08-30,9636
3189,景碩,91,47,44,富邦-中壢,2024-08-30,9636
00941,中信上游半導體,43,0,43,富邦-中壢,2024-08-30,9636
2881,富邦金,52,11,41,富邦-中壢,2024-08-30,9636
00918,大華優利高填息30,40,2,38,富邦-中壢,2024-08-30,9636
3037,欣興,55,18,37,富邦-中壢,2024-08-30,9636
1314,中石化,46,9,37,富邦-中壢,2024-08-30,9636
2405,輔信,67,31,36,富邦-中壢,2024-08-30,9636
00915,凱基優選高股息30,111,75,36,富邦-中壢,2024-08-30,9636
2464,盟立,46,11,35,富邦-中壢,2024-08-30,9636
3019,亞光,49,14,35,富邦-中壢,2024-08-30,9636
6244,茂迪,44,11,33,富邦-中壢,2024-08-30,9636
3066,李洲,56,24,32,富邦-中壢,2024-08-30,9636
2401,凌陽,33,1,32,富邦-中壢,2024-08-30,9636
00945B,凱基美國非投等債,32,0,32,富邦-中壢,2024-08-30,9636
5443,均豪,134,102,32,富邦-中壢,2024-08-30,9636
00919,群益台灣精選高息,84,53,31,富邦-中壢,2024-08-30,9636
2367,燿華,187,157,30,富邦-中壢,2024-08-30,9636
00931B,統一美債20年,29,0,29,富邦-中壢,2024-08-30,9636
2610,華航,37,9,28,富邦-中壢,2024-08-30,9636
3062,建漢,137,110,27,富邦-中壢,2024-08-30,9636
1708,東鹼,43,16,27,富邦-中壢,2024-08-30,9636
3047,訊舟,55,29,26,富邦-中壢,2024-08-30,9636
2349,錸德,59,33,26,富邦-中壢,2024-08-30,9636
3481,群創,236,211,25,富邦-中壢,2024-08-30,9636
2425,承啟,74,49,25,富邦-中壢,2024-08-30,9636
2542,興富發,67,43,24,富邦-中壢,2024-08-30,9636
2392,正崴,47,23,24,富邦-中壢,2024-08-30,9636
4303,信立,52,29,23,富邦-中壢,2024-08-30,9636
00715L,期街口布蘭特正2,482,0,482,富邦-中壢,2024-09-02,9636
00680L,元大美債20正2,319,33,286,富邦-中壢,2024-09-02,9636
00665L,富邦�琤肭磪囓�2,275,1,274,富邦-中壢,2024-09-02,9636
00688L,國泰20年美債正2,196,50,146,富邦-中壢,2024-09-02,9636
00679B,元大美債20年,207,69,138,富邦-中壢,2024-09-02,9636
2313,華通,169,42,127,富邦-中壢,2024-09-02,9636
2891,中信金,333,214,119,富邦-中壢,2024-09-02,9636
00937B,群益ESG投等債20,129,15,114,富邦-中壢,2024-09-02,9636
00915,凱基優選高股息30,122,30,92,富邦-中壢,2024-09-02,9636
2408,南亞科,83,0,83,富邦-中壢,2024-09-02,9636
00753L,中信中國50正2,82,0,82,富邦-中壢,2024-09-02,9636
00687B,國泰20年美債,285,204,81,富邦-中壢,2024-09-02,9636
2542,興富發,79,12,67,富邦-中壢,2024-09-02,9636
2867,三商壽,66,0,66,富邦-中壢,2024-09-02,9636
00918,大華優利高填息30,67,3,64,富邦-中壢,2024-09-02,9636
00642U,期元大S＆P石油,64,0,64,富邦-中壢,2024-09-02,9636
8473,山林水,65,2,63,富邦-中壢,2024-09-02,9636
00713,元大台灣高息低波,63,6,57,富邦-中壢,2024-09-02,9636
00919,群益台灣精選高息,127,71,56,富邦-中壢,2024-09-02,9636
00655L,國泰中國A50正2,51,0,51,富邦-中壢,2024-09-02,9636
2367,燿華,101,52,49,富邦-中壢,2024-09-02,9636
4906,正文,75,26,49,富邦-中壢,2024-09-02,9636
00948B,中信優息投資級債,47,0,47,富邦-中壢,2024-09-02,9636
3322,建舜電,57,16,41,富邦-中壢,2024-09-02,9636
3581,博磊,41,0,41,富邦-中壢,2024-09-02,9636
00725B,國泰投資級公司債,40,1,39,富邦-中壢,2024-09-02,9636
2409,友達,50,12,38,富邦-中壢,2024-09-02,9636
3189,景碩,56,20,36,富邦-中壢,2024-09-02,9636
2537,聯上發,44,9,35,富邦-中壢,2024-09-02,9636
2317,鴻海,58,24,34,富邦-中壢,2024-09-02,9636
6177,達麗,38,4,34,富邦-中壢,2024-09-02,9636
1314,中石化,38,4,34,富邦-中壢,2024-09-02,9636
2618,長榮航,44,11,33,富邦-中壢,2024-09-02,9636
1326,台化,31,0,31,富邦-中壢,2024-09-02,9636
00931B,統一美債20年,39,9,30,富邦-中壢,2024-09-02,9636
5443,均豪,73,43,30,富邦-中壢,2024-09-02,9636
1303,南亞,31,2,29,富邦-中壢,2024-09-02,9636
2356,英業達,30,3,27,富邦-中壢,2024-09-02,9636
00633L,富邦上証正2,27,0,27,富邦-中壢,2024-09-02,9636
3594,磐儀,27,0,27,富邦-中壢,2024-09-02,9636
3522,御嵿,26,0,26,富邦-中壢,2024-09-02,9636
3437,榮創,44,18,26,富邦-中壢,2024-09-02,9636
00936,台新永續高息中小,38,13,25,富邦-中壢,2024-09-02,9636
2374,佳能,31,6,25,富邦-中壢,2024-09-02,9636
3264,欣銓,29,5,24,富邦-中壢,2024-09-02,9636
00857B,永豐20年美公債,24,0,24,富邦-中壢,2024-09-02,9636
1785,光洋科,174,151,23,富邦-中壢,2024-09-02,9636
1217,愛之味,23,0,23,富邦-中壢,2024-09-02,9636
00637L,元大滬深300正2,82,60,22,富邦-中壢,2024-09-02,9636
2834,臺企銀,25,3,22,富邦-中壢,2024-09-02,9636
00919,群益台灣精選高息,1109,32,1077,富邦-中壢,2024-09-03,9636
00632R,元大台灣50反1,458,39,419,富邦-中壢,2024-09-03,9636
00918,大華優利高填息30,285,10,275,富邦-中壢,2024-09-03,9636
00687B,國泰20年美債,197,22,175,富邦-中壢,2024-09-03,9636
2867,三商壽,151,13,138,富邦-中壢,2024-09-03,9636
00921,兆豐龍頭等權重,135,0,135,富邦-中壢,2024-09-03,9636
00680L,元大美債20正2,149,25,124,富邦-中壢,2024-09-03,9636
2812,台中銀,111,0,111,富邦-中壢,2024-09-03,9636
00937B,群益ESG投等債20,121,16,105,富邦-中壢,2024-09-03,9636
00915,凱基優選高股息30,120,17,103,富邦-中壢,2024-09-03,9636
00878,國泰永續高股息,121,42,79,富邦-中壢,2024-09-03,9636
1815,富喬,79,12,67,富邦-中壢,2024-09-03,9636
00633L,富邦上証正2,66,0,66,富邦-中壢,2024-09-03,9636
1314,中石化,60,1,59,富邦-中壢,2024-09-03,9636
4566,時碩工業,106,49,57,富邦-中壢,2024-09-03,9636
2408,南亞科,59,5,54,富邦-中壢,2024-09-03,9636
2344,華邦電,53,1,52,富邦-中壢,2024-09-03,9636
1301,台塑,70,20,50,富邦-中壢,2024-09-03,9636
2887,台新金,55,7,48,富邦-中壢,2024-09-03,9636
3390,旭軟,53,10,43,富邦-中壢,2024-09-03,9636
00637L,元大滬深300正2,44,2,42,富邦-中壢,2024-09-03,9636
2528,皇普,50,10,40,富邦-中壢,2024-09-03,9636
00933B,國泰10Y+金融債,41,1,40,富邦-中壢,2024-09-03,9636
00706L,期元大S＆P日圓正2,39,0,39,富邦-中壢,2024-09-03,9636
3207,耀勝,39,1,38,富邦-中壢,2024-09-03,9636
9105,泰金寶-DR,47,10,37,富邦-中壢,2024-09-03,9636
2515,中工,47,10,37,富邦-中壢,2024-09-03,9636
00679B,元大美債20年,57,23,34,富邦-中壢,2024-09-03,9636
00951,台新日本半導體,34,0,34,富邦-中壢,2024-09-03,9636
3037,欣興,43,10,33,富邦-中壢,2024-09-03,9636
6285,啟��,34,1,33,富邦-中壢,2024-09-03,9636
5531,鄉林,32,0,32,富邦-中壢,2024-09-03,9636
2301,光寶科,34,2,32,富邦-中壢,2024-09-03,9636
9945,潤泰新,37,6,31,富邦-中壢,2024-09-03,9636
3092,鴻碩,31,0,31,富邦-中壢,2024-09-03,9636
9927,泰銘,30,0,30,富邦-中壢,2024-09-03,9636
00665L,富邦�琤肭磪囓�2,80,50,30,富邦-中壢,2024-09-03,9636
00713,元大台灣高息低波,36,8,28,富邦-中壢,2024-09-03,9636
1513,中興電,31,3,28,富邦-中壢,2024-09-03,9636
1303,南亞,33,7,26,富邦-中壢,2024-09-03,9636
3264,欣銓,26,0,26,富邦-中壢,2024-09-03,9636
8927,北基,26,0,26,富邦-中壢,2024-09-03,9636
3522,御嵿,26,0,26,富邦-中壢,2024-09-03,9636
3062,建漢,123,98,25,富邦-中壢,2024-09-03,9636
2312,金寶,47,22,25,富邦-中壢,2024-09-03,9636
1101,台泥,41,17,24,富邦-中壢,2024-09-03,9636
1711,永光,121,98,23,富邦-中壢,2024-09-03,9636
3010,華立,23,0,23,富邦-中壢,2024-09-03,9636
00948B,中信優息投資級債,22,0,22,富邦-中壢,2024-09-03,9636
00940,元大台灣價值高息,214,192,22,富邦-中壢,2024-09-03,9636
00715L,期街口布蘭特正2,1033,8,1025,富邦-中壢,2024-09-04,9636
00680L,元大美債20正2,844,301,543,富邦-中壢,2024-09-04,9636
00919,群益台灣精選高息,636,124,512,富邦-中壢,2024-09-04,9636
00940,元大台灣價值高息,659,159,500,富邦-中壢,2024-09-04,9636
1314,中石化,478,4,474,富邦-中壢,2024-09-04,9636
00918,大華優利高填息30,466,22,444,富邦-中壢,2024-09-04,9636
00878,國泰永續高股息,502,91,411,富邦-中壢,2024-09-04,9636
2349,錸德,310,13,297,富邦-中壢,2024-09-04,9636
00915,凱基優選高股息30,285,15,270,富邦-中壢,2024-09-04,9636
2891,中信金,262,29,233,富邦-中壢,2024-09-04,9636
0056,元大高股息,223,13,210,富邦-中壢,2024-09-04,9636
2834,臺企銀,189,4,185,富邦-中壢,2024-09-04,9636
2330,台積電,202,22,180,富邦-中壢,2024-09-04,9636
2344,華邦電,153,14,139,富邦-中壢,2024-09-04,9636
006208,富邦台50,135,11,124,富邦-中壢,2024-09-04,9636
3037,欣興,132,9,123,富邦-中壢,2024-09-04,9636
00830,國泰費城半導體,120,0,120,富邦-中壢,2024-09-04,9636
2002,中鋼,116,1,115,富邦-中壢,2024-09-04,9636
00930,永豐ESG低碳高息,114,0,114,富邦-中壢,2024-09-04,9636
00929,復華台灣科技優息,809,698,111,富邦-中壢,2024-09-04,9636
2409,友達,115,9,106,富邦-中壢,2024-09-04,9636
2371,大同,125,19,106,富邦-中壢,2024-09-04,9636
00881,國泰台灣5G+,111,12,99,富邦-中壢,2024-09-04,9636
00900,富邦特選高股息30,93,1,92,富邦-中壢,2024-09-04,9636
00665L,富邦�琤肭磪囓�2,147,57,90,富邦-中壢,2024-09-04,9636
2610,華航,86,2,84,富邦-中壢,2024-09-04,9636
2883,凱基金,93,11,82,富邦-中壢,2024-09-04,9636
2367,燿華,99,19,80,富邦-中壢,2024-09-04,9636
2382,廣達,91,18,73,富邦-中壢,2024-09-04,9636
0050,元大台灣50,100,31,69,富邦-中壢,2024-09-04,9636
2313,華通,104,36,68,富邦-中壢,2024-09-04,9636
9955,佳龍,87,20,67,富邦-中壢,2024-09-04,9636
1326,台化,71,5,66,富邦-中壢,2024-09-04,9636
00941,中信上游半導體,65,0,65,富邦-中壢,2024-09-04,9636
00946,群益科技高息成長,74,10,64,富邦-中壢,2024-09-04,9636
2881,富邦金,69,10,59,富邦-中壢,2024-09-04,9636
3164,景岳,57,0,57,富邦-中壢,2024-09-04,9636
00642U,期元大S＆P石油,56,0,56,富邦-中壢,2024-09-04,9636
00951,台新日本半導體,54,0,54,富邦-中壢,2024-09-04,9636
1301,台塑,55,2,53,富邦-中壢,2024-09-04,9636
2408,南亞科,68,15,53,富邦-中壢,2024-09-04,9636
4510,高鋒,207,156,51,富邦-中壢,2024-09-04,9636
2454,聯發科,53,4,49,富邦-中壢,2024-09-04,9636
00923,群益台ESG低碳50,50,2,48,富邦-中壢,2024-09-04,9636
00753L,中信中國50正2,46,0,46,富邦-中壢,2024-09-04,9636
2356,英業達,49,3,46,富邦-中壢,2024-09-04,9636
4714,永捷,50,5,45,富邦-中壢,2024-09-04,9636
00935,野村臺灣新科技50,46,1,45,富邦-中壢,2024-09-04,9636
1785,光洋科,68,23,45,富邦-中壢,2024-09-04,9636
1303,南亞,57,14,43,富邦-中壢,2024-09-04,9636
00715L,期街口布蘭特正2,588,10,578,富邦-中壢,2024-09-05,9636
00664R,國泰臺灣加權反1,305,10,295,富邦-中壢,2024-09-05,9636
00919,群益台灣精選高息,362,83,279,富邦-中壢,2024-09-05,9636
00915,凱基優選高股息30,307,68,239,富邦-中壢,2024-09-05,9636
1314,中石化,242,3,239,富邦-中壢,2024-09-05,9636
00940,元大台灣價值高息,175,6,169,富邦-中壢,2024-09-05,9636
00946,群益科技高息成長,167,10,157,富邦-中壢,2024-09-05,9636
00795B,中信美國公債20年,154,0,154,富邦-中壢,2024-09-05,9636
00952,凱基台灣AI50,159,11,148,富邦-中壢,2024-09-05,9636
2409,友達,141,12,129,富邦-中壢,2024-09-05,9636
2317,鴻海,168,48,120,富邦-中壢,2024-09-05,9636
00878,國泰永續高股息,134,15,119,富邦-中壢,2024-09-05,9636
2408,南亞科,118,4,114,富邦-中壢,2024-09-05,9636
2349,錸德,124,18,106,富邦-中壢,2024-09-05,9636
00665L,富邦�琤肭磪囓�2,153,50,103,富邦-中壢,2024-09-05,9636
00687B,國泰20年美債,340,237,103,富邦-中壢,2024-09-05,9636
00719B,元大美債1-3,101,0,101,富邦-中壢,2024-09-05,9636
00918,大華優利高填息30,103,3,100,富邦-中壢,2024-09-05,9636
2891,中信金,119,42,77,富邦-中壢,2024-09-05,9636
2442,新美齊,75,0,75,富邦-中壢,2024-09-05,9636
00937B,群益ESG投等債20,156,82,74,富邦-中壢,2024-09-05,9636
2002,中鋼,82,9,73,富邦-中壢,2024-09-05,9636
6757,台灣虎航,66,0,66,富邦-中壢,2024-09-05,9636
0056,元大高股息,82,16,66,富邦-中壢,2024-09-05,9636
00935,野村臺灣新科技50,65,0,65,富邦-中壢,2024-09-05,9636
00712,復華富時不動產,68,5,63,富邦-中壢,2024-09-05,9636
4513,福裕,60,2,58,富邦-中壢,2024-09-05,9636
2367,燿華,87,30,57,富邦-中壢,2024-09-05,9636
8069,元太,58,2,56,富邦-中壢,2024-09-05,9636
2344,華邦電,108,52,56,富邦-中壢,2024-09-05,9636
2542,興富發,54,2,52,富邦-中壢,2024-09-05,9636
00948B,中信優息投資級債,41,0,41,富邦-中壢,2024-09-05,9636
2313,華通,52,12,40,富邦-中壢,2024-09-05,9636
6830,汎銓,43,7,36,富邦-中壢,2024-09-05,9636
00753L,中信中國50正2,34,0,34,富邦-中壢,2024-09-05,9636
1540,喬福,238,205,33,富邦-中壢,2024-09-05,9636
2454,聯發科,37,4,33,富邦-中壢,2024-09-05,9636
5443,均豪,79,47,32,富邦-中壢,2024-09-05,9636
00642U,期元大S＆P石油,35,5,30,富邦-中壢,2024-09-05,9636
3167,大量,33,3,30,富邦-中壢,2024-09-05,9636
00929,復華台灣科技優息,385,356,29,富邦-中壢,2024-09-05,9636
2609,陽明,41,12,29,富邦-中壢,2024-09-05,9636
1513,中興電,51,22,29,富邦-中壢,2024-09-05,9636
3037,欣興,40,12,28,富邦-中壢,2024-09-05,9636
3003,健和興,32,5,27,富邦-中壢,2024-09-05,9636
2887,台新金,30,2,28,富邦-中壢,2024-09-05,9636
6443,元晶,30,3,27,富邦-中壢,2024-09-05,9636
2371,大同,27,1,26,富邦-中壢,2024-09-05,9636
4906,正文,33,7,26,富邦-中壢,2024-09-05,9636
2886,兆豐金,26,2,24,富邦-中壢,2024-09-05,9636
00687B,國泰20年美債,484,138,346,富邦-中壢,2024-09-06,9636
00715L,期街口布蘭特正2,350,38,312,富邦-中壢,2024-09-06,9636
00632R,元大台灣50反1,393,89,304,富邦-中壢,2024-09-06,9636
00937B,群益ESG投等債20,353,144,209,富邦-中壢,2024-09-06,9636
00919,群益台灣精選高息,273,72,201,富邦-中壢,2024-09-06,9636
6213,聯茂,159,15,144,富邦-中壢,2024-09-06,9636
2888,新光金,148,28,120,富邦-中壢,2024-09-06,9636
00948B,中信優息投資級債,126,10,116,富邦-中壢,2024-09-06,9636
00915,凱基優選高股息30,300,185,115,富邦-中壢,2024-09-06,9636
2891,中信金,189,77,112,富邦-中壢,2024-09-06,9636
00882,中信中國高股息,112,3,109,富邦-中壢,2024-09-06,9636
00665L,富邦�琤肭磪囓�2,104,0,104,富邦-中壢,2024-09-06,9636
00719B,元大美債1-3,104,8,96,富邦-中壢,2024-09-06,9636
00929,復華台灣科技優息,177,86,91,富邦-中壢,2024-09-06,9636
2313,華通,125,46,79,富邦-中壢,2024-09-06,9636
00795B,中信美國公債20年,105,29,76,富邦-中壢,2024-09-06,9636
00941,中信上游半導體,77,2,75,富邦-中壢,2024-09-06,9636
4566,時碩工業,84,16,68,富邦-中壢,2024-09-06,9636
00713,元大台灣高息低波,67,1,66,富邦-中壢,2024-09-06,9636
00952,凱基台灣AI50,69,3,66,富邦-中壢,2024-09-06,9636
2317,鴻海,90,24,66,富邦-中壢,2024-09-06,9636
2344,華邦電,58,7,51,富邦-中壢,2024-09-06,9636
4958,臻鼎-KY,55,4,51,富邦-中壢,2024-09-06,9636
00642U,期元大S＆P石油,48,0,48,富邦-中壢,2024-09-06,9636
00935,野村臺灣新科技50,57,10,47,富邦-中壢,2024-09-06,9636
1314,中石化,60,17,43,富邦-中壢,2024-09-06,9636
5905,南仁湖,67,24,43,富邦-中壢,2024-09-06,9636
2464,盟立,74,31,43,富邦-中壢,2024-09-06,9636
2610,華航,48,5,43,富邦-中壢,2024-09-06,9636
6770,力積電,46,4,42,富邦-中壢,2024-09-06,9636
6757,台灣虎航,47,8,39,富邦-中壢,2024-09-06,9636
6026,福邦證,38,0,38,富邦-中壢,2024-09-06,9636
5460,同協,58,20,38,富邦-中壢,2024-09-06,9636
00945B,凱基美國非投等債,30,0,30,富邦-中壢,2024-09-06,9636
00953B,群益優選非投等債,29,0,29,富邦-中壢,2024-09-06,9636
2495,普安,45,16,29,富邦-中壢,2024-09-06,9636
00946,群益科技高息成長,29,1,28,富邦-中壢,2024-09-06,9636
6194,育富,25,0,25,富邦-中壢,2024-09-06,9636
3437,榮創,33,9,24,富邦-中壢,2024-09-06,9636
00949,復華日本龍頭,23,0,23,富邦-中壢,2024-09-06,9636
9906,欣巴巴,24,1,23,富邦-中壢,2024-09-06,9636
1711,永光,115,93,22,富邦-中壢,2024-09-06,9636
2354,鴻準,22,0,22,富邦-中壢,2024-09-06,9636
9904,寶成,34,12,22,富邦-中壢,2024-09-06,9636
2883,凱基金,47,26,21,富邦-中壢,2024-09-06,9636
2497,怡利電,63,42,21,富邦-中壢,2024-09-06,9636
2002,中鋼,48,28,20,富邦-中壢,2024-09-06,9636
2528,皇普,20,0,20,富邦-中壢,2024-09-06,9636
2402,毅嘉,40,20,20,富邦-中壢,2024-09-06,9636
3038,全台,20,0,20,富邦-中壢,2024-09-06,9636
00937B,群益ESG投等債20,550,25,525,富邦-中壢,2024-09-09,9636
00919,群益台灣精選高息,524,18,506,富邦-中壢,2024-09-09,9636
00680L,元大美債20正2,256,7,249,富邦-中壢,2024-09-09,9636
00878,國泰永續高股息,223,33,190,富邦-中壢,2024-09-09,9636
00918,大華優利高填息30,207,21,186,富邦-中壢,2024-09-09,9636
00715L,期街口布蘭特正2,188,15,173,富邦-中壢,2024-09-09,9636
00929,復華台灣科技優息,337,165,172,富邦-中壢,2024-09-09,9636
00940,元大台灣價值高息,203,82,121,富邦-中壢,2024-09-09,9636
2881,富邦金,115,4,111,富邦-中壢,2024-09-09,9636
00915,凱基優選高股息30,292,194,98,富邦-中壢,2024-09-09,9636
00935,野村臺灣新科技50,95,0,95,富邦-中壢,2024-09-09,9636
2317,鴻海,92,7,85,富邦-中壢,2024-09-09,9636
0056,元大高股息,83,5,78,富邦-中壢,2024-09-09,9636
2615,萬海,91,16,75,富邦-中壢,2024-09-09,9636
00664R,國泰臺灣加權反1,350,280,70,富邦-中壢,2024-09-09,9636
2330,台積電,69,11,58,富邦-中壢,2024-09-09,9636
4956,光鋐,205,149,56,富邦-中壢,2024-09-09,9636
00881,國泰台灣5G+,55,0,55,富邦-中壢,2024-09-09,9636
2308,台達電,56,1,55,富邦-中壢,2024-09-09,9636
2070,精湛,50,0,50,富邦-中壢,2024-09-09,9636
006208,富邦台50,70,23,47,富邦-中壢,2024-09-09,9636
3264,欣銓,50,5,45,富邦-中壢,2024-09-09,9636
2002,中鋼,46,1,45,富邦-中壢,2024-09-09,9636
00952,凱基台灣AI50,43,1,42,富邦-中壢,2024-09-09,9636
2382,廣達,51,11,40,富邦-中壢,2024-09-09,9636
00882,中信中國高股息,53,14,39,富邦-中壢,2024-09-09,9636
00933B,國泰10Y+金融債,74,35,39,富邦-中壢,2024-09-09,9636
2891,中信金,119,81,38,富邦-中壢,2024-09-09,9636
2542,興富發,42,4,38,富邦-中壢,2024-09-09,9636
00753L,中信中國50正2,68,31,37,富邦-中壢,2024-09-09,9636
00946,群益科技高息成長,36,0,36,富邦-中壢,2024-09-09,9636
1301,台塑,42,5,37,富邦-中壢,2024-09-09,9636
6609,瀧澤科,40,5,35,富邦-中壢,2024-09-09,9636
00830,國泰費城半導體,35,0,35,富邦-中壢,2024-09-09,9636
00665L,富邦�琤肭磪囓�2,35,0,35,富邦-中壢,2024-09-09,9636
0050,元大台灣50,39,5,34,富邦-中壢,2024-09-09,9636
8374,羅昇,47,13,34,富邦-中壢,2024-09-09,9636
00713,元大台灣高息低波,37,5,32,富邦-中壢,2024-09-09,9636
00642U,期元大S＆P石油,30,0,30,富邦-中壢,2024-09-09,9636
2313,華通,45,15,30,富邦-中壢,2024-09-09,9636
00675L,富邦臺灣加權正2,32,2,30,富邦-中壢,2024-09-09,9636
3550,聯穎,28,0,28,富邦-中壢,2024-09-09,9636
2547,日勝生,28,0,28,富邦-中壢,2024-09-09,9636
2882,國泰金,40,12,28,富邦-中壢,2024-09-09,9636
2609,陽明,45,18,27,富邦-中壢,2024-09-09,9636
2885,元大金,25,0,25,富邦-中壢,2024-09-09,9636
1711,永光,32,8,24,富邦-中壢,2024-09-09,9636
2454,聯發科,27,3,24,富邦-中壢,2024-09-09,9636
1513,中興電,43,19,24,富邦-中壢,2024-09-09,9636
3605,宏致,23,0,23,富邦-中壢,2024-09-09,9636
2845,遠東銀,801,1,800,富邦-中壢,2024-09-10,9636
00919,群益台灣精選高息,453,18,435,富邦-中壢,2024-09-10,9636
00929,復華台灣科技優息,430,44,386,富邦-中壢,2024-09-10,9636
1314,中石化,321,0,321,富邦-中壢,2024-09-10,9636
00915,凱基優選高股息30,236,5,231,富邦-中壢,2024-09-10,9636
00664R,國泰臺灣加權反1,360,150,210,富邦-中壢,2024-09-10,9636
2313,華通,167,29,138,富邦-中壢,2024-09-10,9636
0056,元大高股息,132,5,127,富邦-中壢,2024-09-10,9636
00945B,凱基美國非投等債,109,0,109,富邦-中壢,2024-09-10,9636
2349,錸德,121,15,106,富邦-中壢,2024-09-10,9636
00918,大華優利高填息30,121,17,104,富邦-中壢,2024-09-10,9636
3379,彬台,120,16,104,富邦-中壢,2024-09-10,9636
00687B,國泰20年美債,243,143,100,富邦-中壢,2024-09-10,9636
00878,國泰永續高股息,148,51,97,富邦-中壢,2024-09-10,9636
2317,鴻海,225,132,93,富邦-中壢,2024-09-10,9636
2382,廣達,101,15,86,富邦-中壢,2024-09-10,9636
00632R,元大台灣50反1,254,168,86,富邦-中壢,2024-09-10,9636
3481,群創,139,66,73,富邦-中壢,2024-09-10,9636
4153,鈺緯,73,2,71,富邦-中壢,2024-09-10,9636
2801,彰銀,71,0,71,富邦-中壢,2024-09-10,9636
2891,中信金,97,33,64,富邦-中壢,2024-09-10,9636
6109,亞元,63,0,63,富邦-中壢,2024-09-10,9636
4956,光鋐,120,63,57,富邦-中壢,2024-09-10,9636
4979,華星光,113,62,51,富邦-中壢,2024-09-10,9636
6125,廣運,54,8,46,富邦-中壢,2024-09-10,9636
00940,元大台灣價值高息,119,74,45,富邦-中壢,2024-09-10,9636
2344,華邦電,43,1,42,富邦-中壢,2024-09-10,9636
00952,凱基台灣AI50,43,5,38,富邦-中壢,2024-09-10,9636
3037,欣興,46,9,37,富邦-中壢,2024-09-10,9636
2337,旺宏,38,2,36,富邦-中壢,2024-09-10,9636
3264,欣銓,36,0,36,富邦-中壢,2024-09-10,9636
2356,英業達,38,3,35,富邦-中壢,2024-09-10,9636
2497,怡利電,145,111,34,富邦-中壢,2024-09-10,9636
4958,臻鼎-KY,47,13,34,富邦-中壢,2024-09-10,9636
2442,新美齊,34,0,34,富邦-中壢,2024-09-10,9636
3047,訊舟,76,44,32,富邦-中壢,2024-09-10,9636
2528,皇普,31,0,31,富邦-中壢,2024-09-10,9636
1530,亞崴,31,0,31,富邦-中壢,2024-09-10,9636
5531,鄉林,30,0,30,富邦-中壢,2024-09-10,9636
4707,磐亞,30,0,30,富邦-中壢,2024-09-10,9636
2002,中鋼,57,27,30,富邦-中壢,2024-09-10,9636
2312,金寶,29,0,29,富邦-中壢,2024-09-10,9636
3303,岱稜,46,18,28,富邦-中壢,2024-09-10,9636
9906,欣巴巴,29,1,28,富邦-中壢,2024-09-10,9636
6763,綠界科技*,28,1,27,富邦-中壢,2024-09-10,9636
9945,潤泰新,37,10,27,富邦-中壢,2024-09-10,9636
1301,台塑,34,8,26,富邦-中壢,2024-09-10,9636
00934,中信成長高股息,29,4,25,富邦-中壢,2024-09-10,9636
8249,菱光,190,166,24,富邦-中壢,2024-09-10,9636
2618,長榮航,38,15,23,富邦-中壢,2024-09-10,9636
00715L,期街口布蘭特正2,826,62,764,富邦-中壢,2024-09-11,9636
00882,中信中國高股息,244,1,243,富邦-中壢,2024-09-11,9636
2349,錸德,230,10,220,富邦-中壢,2024-09-11,9636
00680L,元大美債20正2,266,117,149,富邦-中壢,2024-09-11,9636
00719B,元大美債1-3,122,0,122,富邦-中壢,2024-09-11,9636
2881,富邦金,118,2,116,富邦-中壢,2024-09-11,9636
00919,群益台灣精選高息,168,54,114,富邦-中壢,2024-09-11,9636
00878,國泰永續高股息,123,16,107,富邦-中壢,2024-09-11,9636
00918,大華優利高填息30,107,4,103,富邦-中壢,2024-09-11,9636
00915,凱基優選高股息30,79,2,77,富邦-中壢,2024-09-11,9636
1101,台泥,80,2,78,富邦-中壢,2024-09-11,9636
00650L,復華香港正2,82,5,77,富邦-中壢,2024-09-11,9636
3047,訊舟,261,187,74,富邦-中壢,2024-09-11,9636
00940,元大台灣價值高息,75,6,69,富邦-中壢,2024-09-11,9636
2891,中信金,90,25,65,富邦-中壢,2024-09-11,9636
00753L,中信中國50正2,96,31,65,富邦-中壢,2024-09-11,9636
00664R,國泰臺灣加權反1,61,0,61,富邦-中壢,2024-09-11,9636
2851,中再保,59,0,59,富邦-中壢,2024-09-11,9636
00929,復華台灣科技優息,202,145,57,富邦-中壢,2024-09-11,9636
0056,元大高股息,58,4,54,富邦-中壢,2024-09-11,9636
2834,臺企銀,51,1,50,富邦-中壢,2024-09-11,9636
00945B,凱基美國非投等債,46,0,46,富邦-中壢,2024-09-11,9636
4950,牧東,45,0,45,富邦-中壢,2024-09-11,9636
00937B,群益ESG投等債20,145,102,43,富邦-中壢,2024-09-11,9636
6109,亞元,40,0,40,富邦-中壢,2024-09-11,9636
3707,漢磊,88,49,39,富邦-中壢,2024-09-11,9636
4510,高鋒,98,61,37,富邦-中壢,2024-09-11,9636
1722,台肥,36,0,36,富邦-中壢,2024-09-11,9636
00931B,統一美債20年,38,2,36,富邦-中壢,2024-09-11,9636
2883,凱基金,40,6,34,富邦-中壢,2024-09-11,9636
00900,富邦特選高股息30,36,2,34,富邦-中壢,2024-09-11,9636
00642U,期元大S＆P石油,53,20,33,富邦-中壢,2024-09-11,9636
1522,堤維西,49,17,32,富邦-中壢,2024-09-11,9636
5876,上海商銀,31,0,31,富邦-中壢,2024-09-11,9636
2542,興富發,36,6,30,富邦-中壢,2024-09-11,9636
2485,兆赫,50,20,30,富邦-中壢,2024-09-11,9636
00959B,大華投等美債15Y+,30,0,30,富邦-中壢,2024-09-11,9636
00948B,中信優息投資級債,33,5,28,富邦-中壢,2024-09-11,9636
2002,中鋼,31,3,28,富邦-中壢,2024-09-11,9636
2801,彰銀,31,5,26,富邦-中壢,2024-09-11,9636
00712,復華富時不動產,27,1,26,富邦-中壢,2024-09-11,9636
3715,定穎投控,31,7,24,富邦-中壢,2024-09-11,9636
00907,永豐優息存股,23,0,23,富邦-中壢,2024-09-11,9636
00881,國泰台灣5G+,34,11,23,富邦-中壢,2024-09-11,9636
8383,千附,22,1,21,富邦-中壢,2024-09-11,9636
2104,國際中橡,20,0,20,富邦-中壢,2024-09-11,9636
00902,中信電池及儲能,20,0,20,富邦-中壢,2024-09-11,9636
5263,智崴,20,0,20,富邦-中壢,2024-09-11,9636
8933,愛地雅,20,0,20,富邦-中壢,2024-09-11,9636
00633L,富邦上証正2,20,0,20,富邦-中壢,2024-09-11,9636
00919,群益台灣精選高息,571,40,531,富邦-中壢,2024-09-12,9636
00632R,元大台灣50反1,571,105,466,富邦-中壢,2024-09-12,9636
00712,復華富時不動產,413,11,402,富邦-中壢,2024-09-12,9636
00688L,國泰20年美債正2,197,18,179,富邦-中壢,2024-09-12,9636
00719B,元大美債1-3,180,6,174,富邦-中壢,2024-09-12,9636
2915,潤泰全,158,10,148,富邦-中壢,2024-09-12,9636
2891,中信金,145,26,119,富邦-中壢,2024-09-12,9636
00929,復華台灣科技優息,176,63,113,富邦-中壢,2024-09-12,9636
1304,台聚,74,13,61,富邦-中壢,2024-09-12,9636
00916,國泰全球品牌50,60,0,60,富邦-中壢,2024-09-12,9636
8367,建新國際,48,1,47,富邦-中壢,2024-09-12,9636
6116,彩晶,44,4,40,富邦-中壢,2024-09-12,9636
00637L,元大滬深300正2,40,0,40,富邦-中壢,2024-09-12,9636
2851,中再保,36,0,36,富邦-中壢,2024-09-12,9636
2881,富邦金,38,2,36,富邦-中壢,2024-09-12,9636
5438,東友,53,18,35,富邦-中壢,2024-09-12,9636
6152,百一,41,8,33,富邦-中壢,2024-09-12,9636
6548,長科*,33,1,32,富邦-中壢,2024-09-12,9636
2313,華通,95,64,31,富邦-中壢,2024-09-12,9636
00917,中信特選金融,30,0,30,富邦-中壢,2024-09-12,9636
00926,凱基全球菁英55,30,0,30,富邦-中壢,2024-09-12,9636
2344,華邦電,46,16,30,富邦-中壢,2024-09-12,9636
00924,復華S＆P500成長,30,0,30,富邦-中壢,2024-09-12,9636
6770,力積電,31,3,28,富邦-中壢,2024-09-12,9636
00948B,中信優息投資級債,27,5,22,富邦-中壢,2024-09-12,9636
5347,世界,32,11,21,富邦-中壢,2024-09-12,9636
2542,興富發,20,1,19,富邦-中壢,2024-09-12,9636
0056,元大高股息,27,9,18,富邦-中壢,2024-09-12,9636
1522,堤維西,20,2,18,富邦-中壢,2024-09-12,9636
5905,南仁湖,18,0,18,富邦-中壢,2024-09-12,9636
2349,錸德,57,40,17,富邦-中壢,2024-09-12,9636
8374,羅昇,47,31,16,富邦-中壢,2024-09-12,9636
2540,愛山林,23,7,16,富邦-中壢,2024-09-12,9636
00931B,統一美債20年,30,15,15,富邦-中壢,2024-09-12,9636
4561,健椿,18,3,15,富邦-中壢,2024-09-12,9636
00857B,永豐20年美公債,16,1,15,富邦-中壢,2024-09-12,9636
00959B,大華投等美債15Y+,15,0,15,富邦-中壢,2024-09-12,9636
2301,光寶科,16,1,15,富邦-中壢,2024-09-12,9636
00686R,群益臺灣加權反1,15,0,15,富邦-中壢,2024-09-12,9636
6530,創威,184,170,14,富邦-中壢,2024-09-12,9636
2884,玉山金,14,0,14,富邦-中壢,2024-09-12,9636
6426,統新,20,6,14,富邦-中壢,2024-09-12,9636
8112,至上,18,4,14,富邦-中壢,2024-09-12,9636
00933B,國泰10Y+金融債,14,1,13,富邦-中壢,2024-09-12,9636
2363,矽統,58,45,13,富邦-中壢,2024-09-12,9636
5876,上海商銀,12,0,12,富邦-中壢,2024-09-12,9636
4563,百德,48,36,12,富邦-中壢,2024-09-12,9636
3264,欣銓,18,6,12,富邦-中壢,2024-09-12,9636
3498,陽程,41,29,12,富邦-中壢,2024-09-12,9636
00713,元大台灣高息低波,19,8,11,富邦-中壢,2024-09-12,9636
00919,群益台灣精選高息,294,18,276,富邦-中壢,2024-09-13,9636
00688L,國泰20年美債正2,258,38,220,富邦-中壢,2024-09-13,9636
00915,凱基優選高股息30,220,2,218,富邦-中壢,2024-09-13,9636
00929,復華台灣科技優息,188,33,155,富邦-中壢,2024-09-13,9636
00687B,國泰20年美債,152,18,134,富邦-中壢,2024-09-13,9636
00948B,中信優息投資級債,125,0,125,富邦-中壢,2024-09-13,9636
0056,元大高股息,118,11,107,富邦-中壢,2024-09-13,9636
1806,冠軍,100,7,93,富邦-中壢,2024-09-13,9636
6757,台灣虎航,88,2,86,富邦-中壢,2024-09-13,9636
4510,高鋒,187,113,74,富邦-中壢,2024-09-13,9636
6148,驊宏資,70,2,68,富邦-中壢,2024-09-13,9636
6257,矽格,67,0,67,富邦-中壢,2024-09-13,9636
1308,亞聚,57,0,57,富邦-中壢,2024-09-13,9636
00713,元大台灣高息低波,55,0,55,富邦-中壢,2024-09-13,9636
00918,大華優利高填息30,49,4,45,富邦-中壢,2024-09-13,9636
00715L,期街口布蘭特正2,186,143,43,富邦-中壢,2024-09-13,9636
00937B,群益ESG投等債20,63,24,39,富邦-中壢,2024-09-13,9636
00712,復華富時不動產,100,62,38,富邦-中壢,2024-09-13,9636
00950B,凱基A級公司債,35,0,35,富邦-中壢,2024-09-13,9636
3379,彬台,56,23,33,富邦-中壢,2024-09-13,9636
00857B,永豐20年美公債,33,1,32,富邦-中壢,2024-09-13,9636
2408,南亞科,30,0,30,富邦-中壢,2024-09-13,9636
3581,博磊,27,0,27,富邦-中壢,2024-09-13,9636
1612,宏泰,25,1,24,富邦-中壢,2024-09-13,9636
6152,百一,28,5,23,富邦-中壢,2024-09-13,9636
8039,台虹,64,41,23,富邦-中壢,2024-09-13,9636
00957B,兆豐US優選投等債,23,0,23,富邦-中壢,2024-09-13,9636
1326,台化,27,5,22,富邦-中壢,2024-09-13,9636
3706,神達,49,28,21,富邦-中壢,2024-09-13,9636
2014,中鴻,21,0,21,富邦-中壢,2024-09-13,9636
1216,統一,21,0,21,富邦-中壢,2024-09-13,9636
00924,復華S＆P500成長,21,0,21,富邦-中壢,2024-09-13,9636
3605,宏致,32,11,21,富邦-中壢,2024-09-13,9636
2002,中鋼,49,29,20,富邦-中壢,2024-09-13,9636
2329,華泰,23,3,20,富邦-中壢,2024-09-13,9636
00926,凱基全球菁英55,20,0,20,富邦-中壢,2024-09-13,9636
3013,晟銘電,26,7,19,富邦-中壢,2024-09-13,9636
8111,立��,34,15,19,富邦-中壢,2024-09-13,9636
9105,泰金寶-DR,22,3,19,富邦-中壢,2024-09-13,9636
00941,中信上游半導體,22,3,19,富邦-中壢,2024-09-13,9636
6763,綠界科技*,18,1,17,富邦-中壢,2024-09-13,9636
00933B,國泰10Y+金融債,19,2,17,富邦-中壢,2024-09-13,9636
6548,長科*,20,4,16,富邦-中壢,2024-09-13,9636
2314,台揚,18,3,15,富邦-中壢,2024-09-13,9636
8070,長華*,29,15,14,富邦-中壢,2024-09-13,9636
00637L,元大滬深300正2,28,14,14,富邦-中壢,2024-09-13,9636
1309,台達化,16,2,14,富邦-中壢,2024-09-13,9636
1314,中石化,24,10,14,富邦-中壢,2024-09-13,9636
4566,時碩工業,29,16,13,富邦-中壢,2024-09-13,9636
6104,創惟,52,39,13,富邦-中壢,2024-09-13,9636
00687B,國泰20年美債,781,53,728,富邦-中壢,2024-09-16,9636
00712,復華富時不動產,581,30,551,富邦-中壢,2024-09-16,9636
00915,凱基優選高股息30,215,37,178,富邦-中壢,2024-09-16,9636
00713,元大台灣高息低波,180,16,164,富邦-中壢,2024-09-16,9636
00679B,元大美債20年,250,105,145,富邦-中壢,2024-09-16,9636
00948B,中信優息投資級債,110,0,110,富邦-中壢,2024-09-16,9636
00878,國泰永續高股息,122,15,107,富邦-中壢,2024-09-16,9636
00715L,期街口布蘭特正2,128,23,105,富邦-中壢,2024-09-16,9636
1301,台塑,117,28,89,富邦-中壢,2024-09-16,9636
2431,聯昌,285,206,79,富邦-中壢,2024-09-16,9636
3607,谷崧,90,27,63,富邦-中壢,2024-09-16,9636
00933B,國泰10Y+金融債,64,2,62,富邦-中壢,2024-09-16,9636
00918,大華優利高填息30,82,25,57,富邦-中壢,2024-09-16,9636
00953B,群益優選非投等債,51,0,51,富邦-中壢,2024-09-16,9636
8112,至上,50,1,49,富邦-中壢,2024-09-16,9636
00934,中信成長高股息,48,0,48,富邦-中壢,2024-09-16,9636
2349,錸德,170,135,35,富邦-中壢,2024-09-16,9636
00706L,期元大S＆P日圓正2,70,35,35,富邦-中壢,2024-09-16,9636
2845,遠東銀,38,4,34,富邦-中壢,2024-09-16,9636
4908,前鼎,43,10,33,富邦-中壢,2024-09-16,9636
8110,華東,36,6,30,富邦-中壢,2024-09-16,9636
4417,金洲,30,0,30,富邦-中壢,2024-09-16,9636
00751B,元大AAA至A公司債,35,5,30,富邦-中壢,2024-09-16,9636
00665L,富邦�琤肭磪囓�2,39,10,29,富邦-中壢,2024-09-16,9636
3003,健和興,31,2,29,富邦-中壢,2024-09-16,9636
2515,中工,32,6,26,富邦-中壢,2024-09-16,9636
00921,兆豐龍頭等權重,25,0,25,富邦-中壢,2024-09-16,9636
00857B,永豐20年美公債,34,10,24,富邦-中壢,2024-09-16,9636
3702,大聯大,23,0,23,富邦-中壢,2024-09-16,9636
00741B,富邦全球非投等債,23,0,23,富邦-中壢,2024-09-16,9636
3047,訊舟,28,5,23,富邦-中壢,2024-09-16,9636
2312,金寶,27,5,22,富邦-中壢,2024-09-16,9636
2454,聯發科,21,0,21,富邦-中壢,2024-09-16,9636
2891,中信金,46,25,21,富邦-中壢,2024-09-16,9636
9958,世紀鋼,32,12,20,富邦-中壢,2024-09-16,9636
1304,台聚,27,7,20,富邦-中壢,2024-09-16,9636
6133,金橋,45,25,20,富邦-中壢,2024-09-16,9636
2329,華泰,33,14,19,富邦-中壢,2024-09-16,9636
1464,得力,21,2,19,富邦-中壢,2024-09-16,9636
2344,華邦電,20,1,19,富邦-中壢,2024-09-16,9636
00919,群益台灣精選高息,204,185,19,富邦-中壢,2024-09-16,9636
00931B,統一美債20年,34,16,18,富邦-中壢,2024-09-16,9636
1319,東陽,19,1,18,富邦-中壢,2024-09-16,9636
6873,泓德能源,17,0,17,富邦-中壢,2024-09-16,9636
6854,錼創科技-KY創,17,0,17,富邦-中壢,2024-09-16,9636
3057,喬鼎,17,0,17,富邦-中壢,2024-09-16,9636
1815,富喬,19,2,17,富邦-中壢,2024-09-16,9636
3715,定穎投控,23,7,16,富邦-中壢,2024-09-16,9636
3596,智易,15,0,15,富邦-中壢,2024-09-16,9636
6005,群益證,15,0,15,富邦-中壢,2024-09-16,9636
00687B,國泰20年美債,527,72,455,富邦-中壢,2024-09-18,9636
00929,復華台灣科技優息,522,120,402,富邦-中壢,2024-09-18,9636
00918,大華優利高填息30,387,5,382,富邦-中壢,2024-09-18,9636
00915,凱基優選高股息30,564,257,307,富邦-中壢,2024-09-18,9636
00919,群益台灣精選高息,320,17,303,富邦-中壢,2024-09-18,9636
2888,新光金,1679,1380,299,富邦-中壢,2024-09-18,9636
2102,泰豐,200,0,200,富邦-中壢,2024-09-18,9636
0056,元大高股息,189,9,180,富邦-中壢,2024-09-18,9636
00688L,國泰20年美債正2,243,68,175,富邦-中壢,2024-09-18,9636
3550,聯穎,241,91,150,富邦-中壢,2024-09-18,9636
00632R,元大台灣50反1,240,100,140,富邦-中壢,2024-09-18,9636
2317,鴻海,160,21,139,富邦-中壢,2024-09-18,9636
3481,群創,375,250,125,富邦-中壢,2024-09-18,9636
00878,國泰永續高股息,117,7,110,富邦-中壢,2024-09-18,9636
2313,華通,111,9,102,富邦-中壢,2024-09-18,9636
00713,元大台灣高息低波,82,0,82,富邦-中壢,2024-09-18,9636
3062,建漢,108,30,78,富邦-中壢,2024-09-18,9636
00679B,元大美債20年,85,16,69,富邦-中壢,2024-09-18,9636
00935,野村臺灣新科技50,67,0,67,富邦-中壢,2024-09-18,9636
6116,彩晶,62,2,60,富邦-中壢,2024-09-18,9636
1434,福懋,50,0,50,富邦-中壢,2024-09-18,9636
2409,友達,68,19,49,富邦-中壢,2024-09-18,9636
00891,中信關鍵半導體,48,0,48,富邦-中壢,2024-09-18,9636
3498,陽程,88,43,45,富邦-中壢,2024-09-18,9636
6698,旭暉應材,58,15,43,富邦-中壢,2024-09-18,9636
2482,連宇,40,0,40,富邦-中壢,2024-09-18,9636
6151,晉倫,85,45,40,富邦-中壢,2024-09-18,9636
2851,中再保,39,0,39,富邦-中壢,2024-09-18,9636
2303,聯電,41,3,38,富邦-中壢,2024-09-18,9636
2425,承啟,40,3,37,富邦-中壢,2024-09-18,9636
00953B,群益優選非投等債,57,20,37,富邦-中壢,2024-09-18,9636
3673,TPK-KY,40,3,37,富邦-中壢,2024-09-18,9636
5608,四維航,36,0,36,富邦-中壢,2024-09-18,9636
2033,佳大,45,10,35,富邦-中壢,2024-09-18,9636
00900,富邦特選高股息30,53,18,35,富邦-中壢,2024-09-18,9636
5905,南仁湖,67,35,32,富邦-中壢,2024-09-18,9636
6216,居易,31,1,30,富邦-中壢,2024-09-18,9636
6416,瑞祺電通,31,2,29,富邦-中壢,2024-09-18,9636
00949,復華日本龍頭,29,0,29,富邦-中壢,2024-09-18,9636
6770,力積電,35,7,28,富邦-中壢,2024-09-18,9636
00952,凱基台灣AI50,32,5,27,富邦-中壢,2024-09-18,9636
00881,國泰台灣5G+,30,4,26,富邦-中壢,2024-09-18,9636
2641,正德,28,2,26,富邦-中壢,2024-09-18,9636
8039,台虹,79,53,26,富邦-中壢,2024-09-18,9636
00795B,中信美國公債20年,25,0,25,富邦-中壢,2024-09-18,9636
2312,金寶,35,10,25,富邦-中壢,2024-09-18,9636
00937B,群益ESG投等債20,158,133,25,富邦-中壢,2024-09-18,9636
4903,聯光通,64,41,23,富邦-中壢,2024-09-18,9636
2356,英業達,23,1,22,富邦-中壢,2024-09-18,9636
2442,新美齊,22,0,22,富邦-中壢,2024-09-18,9636
00919,群益台灣精選高息,415,38,377,富邦-中壢,2024-09-19,9636
00687B,國泰20年美債,569,262,307,富邦-中壢,2024-09-19,9636
3289,宜特,291,5,286,富邦-中壢,2024-09-19,9636
00929,復華台灣科技優息,316,63,253,富邦-中壢,2024-09-19,9636
00632R,元大台灣50反1,418,253,165,富邦-中壢,2024-09-19,9636
00958B,永豐ESG銀行債15,153,0,153,富邦-中壢,2024-09-19,9636
00688L,國泰20年美債正2,276,144,132,富邦-中壢,2024-09-19,9636
00937B,群益ESG投等債20,148,17,131,富邦-中壢,2024-09-19,9636
00679B,元大美債20年,155,37,118,富邦-中壢,2024-09-19,9636
00857B,永豐20年美公債,114,0,114,富邦-中壢,2024-09-19,9636
2891,中信金,136,48,88,富邦-中壢,2024-09-19,9636
4153,鈺緯,85,0,85,富邦-中壢,2024-09-19,9636
00706L,期元大S＆P日圓正2,175,110,65,富邦-中壢,2024-09-19,9636
00680L,元大美債20正2,462,398,64,富邦-中壢,2024-09-19,9636
00915,凱基優選高股息30,84,28,56,富邦-中壢,2024-09-19,9636
1308,亞聚,56,1,55,富邦-中壢,2024-09-19,9636
2515,中工,48,1,47,富邦-中壢,2024-09-19,9636
6288,聯嘉,68,24,44,富邦-中壢,2024-09-19,9636
2344,華邦電,58,15,43,富邦-中壢,2024-09-19,9636
1727,中華化,60,20,40,富邦-中壢,2024-09-19,9636
5438,東友,40,0,40,富邦-中壢,2024-09-19,9636
8050,廣積,39,0,39,富邦-中壢,2024-09-19,9636
4908,前鼎,39,1,38,富邦-中壢,2024-09-19,9636
2313,華通,47,16,31,富邦-中壢,2024-09-19,9636
5392,能率,42,16,26,富邦-中壢,2024-09-19,9636
00751B,元大AAA至A公司債,25,0,25,富邦-中壢,2024-09-19,9636
00713,元大台灣高息低波,27,5,22,富邦-中壢,2024-09-19,9636
4716,大立,107,85,22,富邦-中壢,2024-09-19,9636
2609,陽明,39,17,22,富邦-中壢,2024-09-19,9636
6509,聚和,21,0,21,富邦-中壢,2024-09-19,9636
00918,大華優利高填息30,37,17,20,富邦-中壢,2024-09-19,9636
5488,松普,20,0,20,富邦-中壢,2024-09-19,9636
6142,友勁,20,0,20,富邦-中壢,2024-09-19,9636
6215,和椿,33,13,20,富邦-中壢,2024-09-19,9636
2317,鴻海,47,28,19,富邦-中壢,2024-09-19,9636
3645,達邁,24,5,19,富邦-中壢,2024-09-19,9636
8473,山林水,20,1,19,富邦-中壢,2024-09-19,9636
1210,大成,35,17,18,富邦-中壢,2024-09-19,9636
8374,羅昇,25,7,18,富邦-中壢,2024-09-19,9636
00795B,中信美國公債20年,39,21,18,富邦-中壢,2024-09-19,9636
4571,鈞興-KY,18,2,16,富邦-中壢,2024-09-19,9636
2365,昆盈,26,10,16,富邦-中壢,2024-09-19,9636
4906,正文,19,3,16,富邦-中壢,2024-09-19,9636
1582,信錦,23,7,16,富邦-中壢,2024-09-19,9636
8111,立��,28,12,16,富邦-中壢,2024-09-19,9636
4576,大銀微系統,41,26,15,富邦-中壢,2024-09-19,9636
00719B,元大美債1-3,15,0,15,富邦-中壢,2024-09-19,9636
1810,和成,32,17,15,富邦-中壢,2024-09-19,9636
3714,富采,14,0,14,富邦-中壢,2024-09-19,9636
5371,中光電,15,1,14,富邦-中壢,2024-09-19,9636
00919,群益台灣精選高息,614,113,501,富邦-中壢,2024-09-20,9636
00665L,富邦�琤肭磪囓�2,250,89,161,富邦-中壢,2024-09-20,9636
1710,東聯,130,20,110,富邦-中壢,2024-09-20,9636
00953B,群益優選非投等債,206,105,101,富邦-中壢,2024-09-20,9636
00637L,元大滬深300正2,131,31,100,富邦-中壢,2024-09-20,9636
2399,映泰,404,310,94,富邦-中壢,2024-09-20,9636
2542,興富發,112,23,89,富邦-中壢,2024-09-20,9636
3003,健和興,91,2,89,富邦-中壢,2024-09-20,9636
00764B,群益25年美債,81,0,81,富邦-中壢,2024-09-20,9636
00958B,永豐ESG銀行債15,80,0,80,富邦-中壢,2024-09-20,9636
00679B,元大美債20年,129,53,76,富邦-中壢,2024-09-20,9636
3581,博磊,134,58,76,富邦-中壢,2024-09-20,9636
00680L,元大美債20正2,223,150,73,富邦-中壢,2024-09-20,9636
00929,復華台灣科技優息,171,104,67,富邦-中壢,2024-09-20,9636
00915,凱基優選高股息30,92,27,65,富邦-中壢,2024-09-20,9636
2482,連宇,60,0,60,富邦-中壢,2024-09-20,9636
2887,台新金,66,6,60,富邦-中壢,2024-09-20,9636
00753L,中信中國50正2,115,61,54,富邦-中壢,2024-09-20,9636
6143,振曜,57,8,49,富邦-中壢,2024-09-20,9636
2442,新美齊,45,0,45,富邦-中壢,2024-09-20,9636
2464,盟立,232,188,44,富邦-中壢,2024-09-20,9636
1735,日勝化,54,15,39,富邦-中壢,2024-09-20,9636
00687B,國泰20年美債,283,247,36,富邦-中壢,2024-09-20,9636
00655L,國泰中國A50正2,36,0,36,富邦-中壢,2024-09-20,9636
6104,創惟,151,116,35,富邦-中壢,2024-09-20,9636
00940,元大台灣價值高息,85,53,32,富邦-中壢,2024-09-20,9636
3062,建漢,155,123,32,富邦-中壢,2024-09-20,9636
4707,磐亞,32,1,31,富邦-中壢,2024-09-20,9636
6109,亞元,30,0,30,富邦-中壢,2024-09-20,9636
3209,全科,29,0,29,富邦-中壢,2024-09-20,9636
00878,國泰永續高股息,50,21,29,富邦-中壢,2024-09-20,9636
00948B,中信優息投資級債,38,10,28,富邦-中壢,2024-09-20,9636
2520,冠德,34,7,27,富邦-中壢,2024-09-20,9636
4939,亞電,31,6,25,富邦-中壢,2024-09-20,9636
3390,旭軟,45,20,25,富邦-中壢,2024-09-20,9636
2356,英業達,38,14,24,富邦-中壢,2024-09-20,9636
3149,正達,60,36,24,富邦-中壢,2024-09-20,9636
1808,潤隆,29,5,24,富邦-中壢,2024-09-20,9636
2515,中工,76,53,23,富邦-中壢,2024-09-20,9636
4306,炎洲,29,6,23,富邦-中壢,2024-09-20,9636
1304,台聚,88,67,21,富邦-中壢,2024-09-20,9636
0056,元大高股息,35,14,21,富邦-中壢,2024-09-20,9636
00757,統一FANG+,25,4,21,富邦-中壢,2024-09-20,9636
3704,合勤控,30,10,20,富邦-中壢,2024-09-20,9636
4950,牧東,20,0,20,富邦-中壢,2024-09-20,9636
00738U,期元大道瓊白銀,20,0,20,富邦-中壢,2024-09-20,9636
2033,佳大,31,11,20,富邦-中壢,2024-09-20,9636
00930,永豐ESG低碳高息,20,0,20,富邦-中壢,2024-09-20,9636
1308,亞聚,79,60,19,富邦-中壢,2024-09-20,9636
2547,日勝生,26,7,19,富邦-中壢,2024-09-20,9636
00919,群益台灣精選高息,358,36,322,富邦-中壢,2024-09-23,9636
2888,新光金,938,695,243,富邦-中壢,2024-09-23,9636
1711,永光,368,208,160,富邦-中壢,2024-09-23,9636
00929,復華台灣科技優息,211,57,154,富邦-中壢,2024-09-23,9636
00679B,元大美債20年,183,38,145,富邦-中壢,2024-09-23,9636
1721,三晃,277,174,103,富邦-中壢,2024-09-23,9636
1524,耿鼎,119,31,88,富邦-中壢,2024-09-23,9636
4716,大立,111,34,77,富邦-中壢,2024-09-23,9636
00688L,國泰20年美債正2,65,4,61,富邦-中壢,2024-09-23,9636
2353,宏��,60,2,58,富邦-中壢,2024-09-23,9636
00958B,永豐ESG銀行債15,54,0,54,富邦-中壢,2024-09-23,9636
2495,普安,69,19,50,富邦-中壢,2024-09-23,9636
5515,建國,50,0,50,富邦-中壢,2024-09-23,9636
8114,振樺電,50,0,50,富邦-中壢,2024-09-23,9636
2425,承啟,72,25,47,富邦-中壢,2024-09-23,9636
2887,台新金,54,10,44,富邦-中壢,2024-09-23,9636
8064,東捷,61,19,42,富邦-中壢,2024-09-23,9636
00738U,期元大道瓊白銀,40,0,40,富邦-中壢,2024-09-23,9636
4743,合一,36,0,36,富邦-中壢,2024-09-23,9636
2547,日勝生,36,0,36,富邦-中壢,2024-09-23,9636
3066,李洲,46,14,32,富邦-中壢,2024-09-23,9636
1314,中石化,64,32,32,富邦-中壢,2024-09-23,9636
00753L,中信中國50正2,63,32,31,富邦-中壢,2024-09-23,9636
1727,中華化,157,127,30,富邦-中壢,2024-09-23,9636
2851,中再保,30,0,30,富邦-中壢,2024-09-23,9636
6005,群益證,35,5,30,富邦-中壢,2024-09-23,9636
2027,大成鋼,35,5,30,富邦-中壢,2024-09-23,9636
00706L,期元大S＆P日圓正2,30,0,30,富邦-中壢,2024-09-23,9636
2618,長榮航,82,53,29,富邦-中壢,2024-09-23,9636
6177,達麗,40,12,28,富邦-中壢,2024-09-23,9636
3481,群創,141,114,27,富邦-中壢,2024-09-23,9636
2442,新美齊,26,0,26,富邦-中壢,2024-09-23,9636
00937B,群益ESG投等債20,116,90,26,富邦-中壢,2024-09-23,9636
2062,橋椿,47,22,25,富邦-中壢,2024-09-23,9636
00751B,元大AAA至A公司債,25,0,25,富邦-中壢,2024-09-23,9636
00632R,元大台灣50反1,33,8,25,富邦-中壢,2024-09-23,9636
2867,三商壽,26,1,25,富邦-中壢,2024-09-23,9636
3149,正達,53,29,24,富邦-中壢,2024-09-23,9636
9105,泰金寶-DR,30,7,23,富邦-中壢,2024-09-23,9636
3374,精材,37,14,23,富邦-中壢,2024-09-23,9636
3715,定穎投控,122,100,22,富邦-中壢,2024-09-23,9636
2530,華建,31,10,21,富邦-中壢,2024-09-23,9636
6435,大中,21,0,21,富邦-中壢,2024-09-23,9636
6188,廣明,22,2,20,富邦-中壢,2024-09-23,9636
00902,中信電池及儲能,20,0,20,富邦-中壢,2024-09-23,9636
00943,兆豐電子高息等權,20,0,20,富邦-中壢,2024-09-23,9636
5324,士開,20,0,20,富邦-中壢,2024-09-23,9636
2482,連宇,20,0,20,富邦-中壢,2024-09-23,9636
0056,元大高股息,36,17,19,富邦-中壢,2024-09-23,9636
3062,建漢,47,28,19,富邦-中壢,2024-09-23,9636
00922,國泰台灣領袖50,666,0,666,富邦-中壢,2024-09-24,9636
00687B,國泰20年美債,349,17,332,富邦-中壢,2024-09-24,9636
00680L,元大美債20正2,286,76,210,富邦-中壢,2024-09-24,9636
00688L,國泰20年美債正2,190,1,189,富邦-中壢,2024-09-24,9636
00929,復華台灣科技優息,218,45,173,富邦-中壢,2024-09-24,9636
00637L,元大滬深300正2,229,95,134,富邦-中壢,2024-09-24,9636
3481,群創,181,50,131,富邦-中壢,2024-09-24,9636
00664R,國泰臺灣加權反1,100,0,100,富邦-中壢,2024-09-24,9636
00671R,富邦NASDAQ反1,100,0,100,富邦-中壢,2024-09-24,9636
00753L,中信中國50正2,287,200,87,富邦-中壢,2024-09-24,9636
00666R,富邦�琤肭磪齯�1,92,10,82,富邦-中壢,2024-09-24,9636
00940,元大台灣價值高息,110,29,81,富邦-中壢,2024-09-24,9636
6770,力積電,105,24,81,富邦-中壢,2024-09-24,9636
2891,中信金,195,115,80,富邦-中壢,2024-09-24,9636
00878,國泰永續高股息,119,40,79,富邦-中壢,2024-09-24,9636
2881,富邦金,116,44,72,富邦-中壢,2024-09-24,9636
00632R,元大台灣50反1,112,44,68,富邦-中壢,2024-09-24,9636
6125,廣運,68,1,67,富邦-中壢,2024-09-24,9636
2344,華邦電,75,10,65,富邦-中壢,2024-09-24,9636
2399,映泰,205,145,60,富邦-中壢,2024-09-24,9636
3044,健鼎,55,1,54,富邦-中壢,2024-09-24,9636
00948B,中信優息投資級債,52,0,52,富邦-中壢,2024-09-24,9636
00937B,群益ESG投等債20,89,37,52,富邦-中壢,2024-09-24,9636
3149,正達,225,176,49,富邦-中壢,2024-09-24,9636
2313,華通,54,10,44,富邦-中壢,2024-09-24,9636
3003,健和興,42,1,41,富邦-中壢,2024-09-24,9636
6109,亞元,51,12,39,富邦-中壢,2024-09-24,9636
00650L,復華香港正2,39,0,39,富邦-中壢,2024-09-24,9636
00795B,中信美國公債20年,36,2,34,富邦-中壢,2024-09-24,9636
3605,宏致,52,19,33,富邦-中壢,2024-09-24,9636
00946,群益科技高息成長,35,2,33,富邦-中壢,2024-09-24,9636
00960,野村全球航運龍頭,59,27,32,富邦-中壢,2024-09-24,9636
2812,台中銀,32,0,32,富邦-中壢,2024-09-24,9636
2436,偉詮電,41,12,29,富邦-中壢,2024-09-24,9636
2890,永豐金,27,0,27,富邦-中壢,2024-09-24,9636
4919,新唐,24,0,24,富邦-中壢,2024-09-24,9636
2542,興富發,36,12,24,富邦-中壢,2024-09-24,9636
6405,悅城,31,8,23,富邦-中壢,2024-09-24,9636
00947,台新臺灣IC設計,27,5,22,富邦-中壢,2024-09-24,9636
2883,凱基金,28,6,22,富邦-中壢,2024-09-24,9636
00927,群益半導體收益,22,1,21,富邦-中壢,2024-09-24,9636
4530,宏易,21,0,21,富邦-中壢,2024-09-24,9636
3615,安可,43,22,21,富邦-中壢,2024-09-24,9636
6177,達麗,24,3,21,富邦-中壢,2024-09-24,9636
2731,雄獅,20,0,20,富邦-中壢,2024-09-24,9636
2332,友訊,25,5,20,富邦-中壢,2024-09-24,9636
3450,聯鈞,90,70,20,富邦-中壢,2024-09-24,9636
6698,旭暉應材,48,29,19,富邦-中壢,2024-09-24,9636
3013,晟銘電,76,57,19,富邦-中壢,2024-09-24,9636
1524,耿鼎,37,18,19,富邦-中壢,2024-09-24,9636
00687B,國泰20年美債,241,79,162,富邦-中壢,2024-09-25,9636
00960,野村全球航運龍頭,351,190,161,富邦-中壢,2024-09-25,9636
2106,建大,160,0,160,富邦-中壢,2024-09-25,9636
6177,達麗,133,16,117,富邦-中壢,2024-09-25,9636
00953B,群益優選非投等債,130,25,105,富邦-中壢,2024-09-25,9636
1711,永光,234,130,104,富邦-中壢,2024-09-25,9636
00679B,元大美債20年,276,172,104,富邦-中壢,2024-09-25,9636
00719B,元大美債1-3,100,0,100,富邦-中壢,2024-09-25,9636
00673R,期元大S＆P原油反1,117,18,99,富邦-中壢,2024-09-25,9636
00933B,國泰10Y+金融債,132,33,99,富邦-中壢,2024-09-25,9636
2495,普安,111,27,84,富邦-中壢,2024-09-25,9636
3581,博磊,103,30,73,富邦-中壢,2024-09-25,9636
3481,群創,180,112,68,富邦-中壢,2024-09-25,9636
3049,精金,69,4,65,富邦-中壢,2024-09-25,9636
2891,中信金,102,39,63,富邦-中壢,2024-09-25,9636
00715L,期街口布蘭特正2,115,57,58,富邦-中壢,2024-09-25,9636
2610,華航,68,17,51,富邦-中壢,2024-09-25,9636
1584,精剛,68,21,47,富邦-中壢,2024-09-25,9636
3550,聯穎,245,200,45,富邦-中壢,2024-09-25,9636
2867,三商壽,52,10,42,富邦-中壢,2024-09-25,9636
3044,健鼎,50,9,41,富邦-中壢,2024-09-25,9636
6109,亞元,40,0,40,富邦-中壢,2024-09-25,9636
00633L,富邦上証正2,211,172,39,富邦-中壢,2024-09-25,9636
00738U,期元大道瓊白銀,37,0,37,富邦-中壢,2024-09-25,9636
00937B,群益ESG投等債20,74,39,35,富邦-中壢,2024-09-25,9636
3062,建漢,68,34,34,富邦-中壢,2024-09-25,9636
5880,合庫金,41,7,34,富邦-中壢,2024-09-25,9636
1815,富喬,35,4,31,富邦-中壢,2024-09-25,9636
1808,潤隆,32,1,31,富邦-中壢,2024-09-25,9636
8064,東捷,31,3,28,富邦-中壢,2024-09-25,9636
8070,長華*,66,38,28,富邦-中壢,2024-09-25,9636
4977,眾達-KY,34,7,27,富邦-中壢,2024-09-25,9636
5243,乙盛-KY,31,4,27,富邦-中壢,2024-09-25,9636
2890,永豐金,27,2,25,富邦-中壢,2024-09-25,9636
4563,百德,28,4,24,富邦-中壢,2024-09-25,9636
00713,元大台灣高息低波,28,5,23,富邦-中壢,2024-09-25,9636
5452,佶優,33,10,23,富邦-中壢,2024-09-25,9636
00948B,中信優息投資級債,22,0,22,富邦-中壢,2024-09-25,9636
2208,台船,24,2,22,富邦-中壢,2024-09-25,9636
3149,正達,103,81,22,富邦-中壢,2024-09-25,9636
8114,振樺電,22,1,21,富邦-中壢,2024-09-25,9636
2402,毅嘉,68,47,21,富邦-中壢,2024-09-25,9636
6757,台灣虎航,20,0,20,富邦-中壢,2024-09-25,9636
1217,愛之味,20,0,20,富邦-中壢,2024-09-25,9636
2520,冠德,21,2,19,富邦-中壢,2024-09-25,9636
00708L,期元大S＆P黃金正2,19,0,19,富邦-中壢,2024-09-25,9636
1323,永裕,18,0,18,富邦-中壢,2024-09-25,9636
3702,大聯大,17,0,17,富邦-中壢,2024-09-25,9636
3066,李洲,17,0,17,富邦-中壢,2024-09-25,9636
2486,一詮,20,3,17,富邦-中壢,2024-09-25,9636
00632R,元大台灣50反1,316,34,282,富邦-中壢,2024-09-26,9636
00687B,國泰20年美債,374,94,280,富邦-中壢,2024-09-26,9636
00937B,群益ESG投等債20,450,197,253,富邦-中壢,2024-09-26,9636
00679B,元大美債20年,273,36,237,富邦-中壢,2024-09-26,9636
00688L,國泰20年美債正2,279,62,217,富邦-中壢,2024-09-26,9636
00715L,期街口布蘭特正2,223,28,195,富邦-中壢,2024-09-26,9636
00665L,富邦�琤肭磪囓�2,377,268,109,富邦-中壢,2024-09-26,9636
00946,群益科技高息成長,113,5,108,富邦-中壢,2024-09-26,9636
1314,中石化,111,8,103,富邦-中壢,2024-09-26,9636
00706L,期元大S＆P日圓正2,83,0,83,富邦-中壢,2024-09-26,9636
2408,南亞科,90,8,82,富邦-中壢,2024-09-26,9636
00960,野村全球航運龍頭,296,236,60,富邦-中壢,2024-09-26,9636
2323,中環,61,2,59,富邦-中壢,2024-09-26,9636
3019,亞光,91,33,58,富邦-中壢,2024-09-26,9636
4542,科嶠,55,0,55,富邦-中壢,2024-09-26,9636
3044,健鼎,54,0,54,富邦-中壢,2024-09-26,9636
2353,宏��,56,5,51,富邦-中壢,2024-09-26,9636
00712,復華富時不動產,53,4,49,富邦-中壢,2024-09-26,9636
1808,潤隆,54,6,48,富邦-中壢,2024-09-26,9636
6188,廣明,60,14,46,富邦-中壢,2024-09-26,9636
1540,喬福,106,60,46,富邦-中壢,2024-09-26,9636
2495,普安,49,4,45,富邦-中壢,2024-09-26,9636
00751B,元大AAA至A公司債,44,1,43,富邦-中壢,2024-09-26,9636
3673,TPK-KY,78,35,43,富邦-中壢,2024-09-26,9636
4716,大立,162,121,41,富邦-中壢,2024-09-26,9636
2542,興富發,51,11,40,富邦-中壢,2024-09-26,9636
4950,牧東,38,0,38,富邦-中壢,2024-09-26,9636
2401,凌陽,68,30,38,富邦-中壢,2024-09-26,9636
00957B,兆豐US優選投等債,37,0,37,富邦-中壢,2024-09-26,9636
0056,元大高股息,57,21,36,富邦-中壢,2024-09-26,9636
3003,健和興,36,1,35,富邦-中壢,2024-09-26,9636
00958B,永豐ESG銀行債15,35,0,35,富邦-中壢,2024-09-26,9636
2337,旺宏,43,12,31,富邦-中壢,2024-09-26,9636
6104,創惟,63,34,29,富邦-中壢,2024-09-26,9636
00918,大華優利高填息30,53,24,29,富邦-中壢,2024-09-26,9636
00720B,元大投資級公司債,24,0,24,富邦-中壢,2024-09-26,9636
6405,悅城,75,51,24,富邦-中壢,2024-09-26,9636
1815,富喬,30,6,24,富邦-中壢,2024-09-26,9636
2365,昆盈,45,21,24,富邦-中壢,2024-09-26,9636
00795B,中信美國公債20年,29,6,23,富邦-中壢,2024-09-26,9636
2442,新美齊,23,0,23,富邦-中壢,2024-09-26,9636
4566,時碩工業,99,76,23,富邦-中壢,2024-09-26,9636
6770,力積電,29,6,23,富邦-中壢,2024-09-26,9636
4545,銘鈺,25,3,22,富邦-中壢,2024-09-26,9636
8114,振樺電,22,0,22,富邦-中壢,2024-09-26,9636
5907,大洋-KY,25,3,22,富邦-中壢,2024-09-26,9636
6901,鑽石投資,22,0,22,富邦-中壢,2024-09-26,9636
2812,台中銀,21,0,21,富邦-中壢,2024-09-26,9636
00642U,期元大S＆P石油,22,2,20,富邦-中壢,2024-09-26,9636
2314,台揚,20,0,20,富邦-中壢,2024-09-26,9636
00952,凱基台灣AI50,596,30,566,富邦-中壢,2024-09-27,9636
00687B,國泰20年美債,528,93,435,富邦-中壢,2024-09-27,9636
00715L,期街口布蘭特正2,396,74,322,富邦-中壢,2024-09-27,9636
00960,野村全球航運龍頭,288,54,234,富邦-中壢,2024-09-27,9636
00632R,元大台灣50反1,667,454,213,富邦-中壢,2024-09-27,9636
00929,復華台灣科技優息,260,95,165,富邦-中壢,2024-09-27,9636
00679B,元大美債20年,290,135,155,富邦-中壢,2024-09-27,9636
00706L,期元大S＆P日圓正2,220,68,152,富邦-中壢,2024-09-27,9636
00937B,群益ESG投等債20,210,67,143,富邦-中壢,2024-09-27,9636
00753L,中信中國50正2,352,213,139,富邦-中壢,2024-09-27,9636
00665L,富邦�琤肭磪囓�2,405,292,113,富邦-中壢,2024-09-27,9636
2399,映泰,120,14,106,富邦-中壢,2024-09-27,9636
4106,雃博,98,5,93,富邦-中壢,2024-09-27,9636
2891,中信金,156,64,92,富邦-中壢,2024-09-27,9636
00948B,中信優息投資級債,78,0,78,富邦-中壢,2024-09-27,9636
00751B,元大AAA至A公司債,63,0,63,富邦-中壢,2024-09-27,9636
2888,新光金,142,82,60,富邦-中壢,2024-09-27,9636
6609,瀧澤科,66,7,59,富邦-中壢,2024-09-27,9636
00712,復華富時不動產,61,2,59,富邦-中壢,2024-09-27,9636
00700,富邦�琤肭磪�,60,5,55,富邦-中壢,2024-09-27,9636
2032,新鋼,57,2,55,富邦-中壢,2024-09-27,9636
6770,力積電,103,49,54,富邦-中壢,2024-09-27,9636
00958B,永豐ESG銀行債15,53,0,53,富邦-中壢,2024-09-27,9636
3062,建漢,55,5,50,富邦-中壢,2024-09-27,9636
00680L,元大美債20正2,54,6,48,富邦-中壢,2024-09-27,9636
00927,群益半導體收益,45,0,45,富邦-中壢,2024-09-27,9636
8114,振樺電,43,0,43,富邦-中壢,2024-09-27,9636
2605,新興,162,119,43,富邦-中壢,2024-09-27,9636
00933B,國泰10Y+金融債,81,39,42,富邦-中壢,2024-09-27,9636
00953B,群益優選非投等債,42,0,42,富邦-中壢,2024-09-27,9636
00720B,元大投資級公司債,71,30,41,富邦-中壢,2024-09-27,9636
2349,錸德,46,9,37,富邦-中壢,2024-09-27,9636
2439,美律,40,4,36,富邦-中壢,2024-09-27,9636
6548,長科*,35,0,35,富邦-中壢,2024-09-27,9636
00957B,兆豐US優選投等債,35,0,35,富邦-中壢,2024-09-27,9636
2363,矽統,285,250,35,富邦-中壢,2024-09-27,9636
8011,台通,36,2,34,富邦-中壢,2024-09-27,9636
2031,新光鋼,36,2,34,富邦-中壢,2024-09-27,9636
00945B,凱基美國非投等債,33,0,33,富邦-中壢,2024-09-27,9636
3605,宏致,37,6,31,富邦-中壢,2024-09-27,9636
3450,聯鈞,54,23,31,富邦-中壢,2024-09-27,9636
2408,南亞科,40,10,30,富邦-中壢,2024-09-27,9636
00664R,國泰臺灣加權反1,250,220,30,富邦-中壢,2024-09-27,9636
2883,凱基金,42,13,29,富邦-中壢,2024-09-27,9636
6143,振曜,29,0,29,富邦-中壢,2024-09-27,9636
3708,上緯投控,46,17,29,富邦-中壢,2024-09-27,9636
2388,威盛,54,25,29,富邦-中壢,2024-09-27,9636
3041,揚智,27,0,27,富邦-中壢,2024-09-27,9636
2009,第一銅,50,24,26,富邦-中壢,2024-09-27,9636
2023,燁輝,45,21,24,富邦-中壢,2024-09-27,9636
00687B,國泰20年美債,444,21,423,富邦-中壢,2024-09-30,9636
00937B,群益ESG投等債20,426,53,373,富邦-中壢,2024-09-30,9636
00680L,元大美債20正2,383,14,369,富邦-中壢,2024-09-30,9636
1301,台塑,332,108,224,富邦-中壢,2024-09-30,9636
00954,中信日本半導體,206,0,206,富邦-中壢,2024-09-30,9636
00929,復華台灣科技優息,554,359,195,富邦-中壢,2024-09-30,9636
00891,中信關鍵半導體,117,0,117,富邦-中壢,2024-09-30,9636
00915,凱基優選高股息30,237,134,103,富邦-中壢,2024-09-30,9636
00679B,元大美債20年,136,34,102,富邦-中壢,2024-09-30,9636
2605,新興,128,29,99,富邦-中壢,2024-09-30,9636
00960,野村全球航運龍頭,181,83,98,富邦-中壢,2024-09-30,9636
2313,華通,95,9,86,富邦-中壢,2024-09-30,9636
2891,中信金,104,22,82,富邦-中壢,2024-09-30,9636
00948B,中信優息投資級債,81,0,81,富邦-中壢,2024-09-30,9636
2888,新光金,157,78,79,富邦-中壢,2024-09-30,9636
8114,振樺電,78,1,77,富邦-中壢,2024-09-30,9636
1313,聯成,77,2,75,富邦-中壢,2024-09-30,9636
00878,國泰永續高股息,294,220,74,富邦-中壢,2024-09-30,9636
00940,元大台灣價值高息,150,79,71,富邦-中壢,2024-09-30,9636
2330,台積電,67,3,64,富邦-中壢,2024-09-30,9636
2014,中鴻,340,281,59,富邦-中壢,2024-09-30,9636
00927,群益半導體收益,63,5,58,富邦-中壢,2024-09-30,9636
00918,大華優利高填息30,128,81,47,富邦-中壢,2024-09-30,9636
3037,欣興,49,6,43,富邦-中壢,2024-09-30,9636
00922,國泰台灣領袖50,42,1,41,富邦-中壢,2024-09-30,9636
00706L,期元大S＆P日圓正2,106,67,39,富邦-中壢,2024-09-30,9636
00650L,復華香港正2,64,26,38,富邦-中壢,2024-09-30,9636
2615,萬海,127,89,38,富邦-中壢,2024-09-30,9636
00952,凱基台灣AI50,45,8,37,富邦-中壢,2024-09-30,9636
00830,國泰費城半導體,36,0,36,富邦-中壢,2024-09-30,9636
00881,國泰台灣5G+,35,1,34,富邦-中壢,2024-09-30,9636
2609,陽明,135,101,34,富邦-中壢,2024-09-30,9636
2331,精英,31,0,31,富邦-中壢,2024-09-30,9636
006208,富邦台50,41,11,30,富邦-中壢,2024-09-30,9636
1808,潤隆,27,0,27,富邦-中壢,2024-09-30,9636
00935,野村臺灣新科技50,40,13,27,富邦-中壢,2024-09-30,9636
00953B,群益優選非投等債,27,0,27,富邦-中壢,2024-09-30,9636
3167,大量,28,2,26,富邦-中壢,2024-09-30,9636
1722,台肥,26,0,26,富邦-中壢,2024-09-30,9636
2038,海光,40,15,25,富邦-中壢,2024-09-30,9636
2356,英業達,32,7,25,富邦-中壢,2024-09-30,9636
00934,中信成長高股息,30,5,25,富邦-中壢,2024-09-30,9636
00639,富邦深100,35,11,24,富邦-中壢,2024-09-30,9636
1904,正隆,25,1,24,富邦-中壢,2024-09-30,9636
00946,群益科技高息成長,103,80,23,富邦-中壢,2024-09-30,9636
2449,京元電子,27,4,23,富邦-中壢,2024-09-30,9636
2454,聯發科,25,2,23,富邦-中壢,2024-09-30,9636
2382,廣達,40,19,21,富邦-中壢,2024-09-30,9636
00725B,國泰投資級公司債,21,0,21,富邦-中壢,2024-09-30,9636
3711,日月光投控,24,3,21,富邦-中壢,2024-09-30,9636
00929,復華台灣科技優息,501,33,468,富邦-中壢,2024-10-01,9636
0056,元大高股息,188,2,186,富邦-中壢,2024-10-01,9636
3481,群創,233,73,160,富邦-中壢,2024-10-01,9636
00878,國泰永續高股息,159,7,152,富邦-中壢,2024-10-01,9636
00919,群益台灣精選高息,152,10,142,富邦-中壢,2024-10-01,9636
00937B,群益ESG投等債20,150,14,136,富邦-中壢,2024-10-01,9636
3576,聯合再生,128,10,118,富邦-中壢,2024-10-01,9636
00922,國泰台灣領袖50,96,1,95,富邦-中壢,2024-10-01,9636
2316,楠梓電,92,8,84,富邦-中壢,2024-10-01,9636
2388,威盛,85,6,79,富邦-中壢,2024-10-01,9636
00753L,中信中國50正2,298,228,70,富邦-中壢,2024-10-01,9636
00671R,富邦NASDAQ反1,67,4,63,富邦-中壢,2024-10-01,9636
00706L,期元大S＆P日圓正2,62,0,62,富邦-中壢,2024-10-01,9636
2420,新巨,65,3,62,富邦-中壢,2024-10-01,9636
2867,三商壽,60,1,59,富邦-中壢,2024-10-01,9636
00960,野村全球航運龍頭,61,14,47,富邦-中壢,2024-10-01,9636
00915,凱基優選高股息30,89,42,47,富邦-中壢,2024-10-01,9636
3715,定穎投控,61,17,44,富邦-中壢,2024-10-01,9636
8114,振樺電,43,0,43,富邦-中壢,2024-10-01,9636
00687B,國泰20年美債,129,87,42,富邦-中壢,2024-10-01,9636
8105,凌巨,41,0,41,富邦-中壢,2024-10-01,9636
2605,新興,66,27,39,富邦-中壢,2024-10-01,9636
2520,冠德,38,0,38,富邦-中壢,2024-10-01,9636
6109,亞元,40,2,38,富邦-中壢,2024-10-01,9636
00720B,元大投資級公司債,38,0,38,富邦-中壢,2024-10-01,9636
3498,陽程,60,23,37,富邦-中壢,2024-10-01,9636
6770,力積電,50,15,35,富邦-中壢,2024-10-01,9636
00712,復華富時不動產,35,0,35,富邦-中壢,2024-10-01,9636
2913,農林,36,1,35,富邦-中壢,2024-10-01,9636
2344,華邦電,35,0,35,富邦-中壢,2024-10-01,9636
6530,創威,90,57,33,富邦-中壢,2024-10-01,9636
9945,潤泰新,34,2,32,富邦-中壢,2024-10-01,9636
2399,映泰,118,87,31,富邦-中壢,2024-10-01,9636
1313,聯成,30,1,29,富邦-中壢,2024-10-01,9636
2313,華通,29,0,29,富邦-中壢,2024-10-01,9636
4958,臻鼎-KY,31,2,29,富邦-中壢,2024-10-01,9636
4908,前鼎,33,5,28,富邦-中壢,2024-10-01,9636
4903,聯光通,48,20,28,富邦-中壢,2024-10-01,9636
2449,京元電子,32,5,27,富邦-中壢,2024-10-01,9636
6742,澤米,27,0,27,富邦-中壢,2024-10-01,9636
2892,第一金,32,6,26,富邦-中壢,2024-10-01,9636
6287,元隆,26,0,26,富邦-中壢,2024-10-01,9636
6005,群益證,25,0,25,富邦-中壢,2024-10-01,9636
3062,建漢,37,13,24,富邦-中壢,2024-10-01,9636
00751B,元大AAA至A公司債,26,3,23,富邦-中壢,2024-10-01,9636
00679B,元大美債20年,45,22,23,富邦-中壢,2024-10-01,9636
2929,淘帝-KY,24,2,22,富邦-中壢,2024-10-01,9636
2367,燿華,23,1,22,富邦-中壢,2024-10-01,9636
00713,元大台灣高息低波,39,17,22,富邦-中壢,2024-10-01,9636
8070,長華*,30,9,21,富邦-中壢,2024-10-01,9636
00753L,中信中國50正2,1134,632,502,富邦-中壢,2024-10-04,9636
00919,群益台灣精選高息,606,112,494,富邦-中壢,2024-10-04,9636
00665L,富邦�琤肭磪囓�2,618,192,426,富邦-中壢,2024-10-04,9636
00929,復華台灣科技優息,628,314,314,富邦-中壢,2024-10-04,9636
00673R,期元大S＆P原油反1,348,54,294,富邦-中壢,2024-10-04,9636
0056,元大高股息,295,17,278,富邦-中壢,2024-10-04,9636
00878,國泰永續高股息,253,9,244,富邦-中壢,2024-10-04,9636
00948B,中信優息投資級債,250,24,226,富邦-中壢,2024-10-04,9636
00712,復華富時不動產,235,42,193,富邦-中壢,2024-10-04,9636
00687B,國泰20年美債,269,88,181,富邦-中壢,2024-10-04,9636
00940,元大台灣價值高息,232,77,155,富邦-中壢,2024-10-04,9636
2618,長榮航,201,48,153,富邦-中壢,2024-10-04,9636
00688L,國泰20年美債正2,183,30,153,富邦-中壢,2024-10-04,9636
2605,新興,196,66,130,富邦-中壢,2024-10-04,9636
2834,臺企銀,133,6,127,富邦-中壢,2024-10-04,9636
2610,華航,117,0,117,富邦-中壢,2024-10-04,9636
00918,大華優利高填息30,121,8,113,富邦-中壢,2024-10-04,9636
2883,凱基金,126,13,113,富邦-中壢,2024-10-04,9636
2615,萬海,136,31,105,富邦-中壢,2024-10-04,9636
00655L,國泰中國A50正2,125,22,103,富邦-中壢,2024-10-04,9636
2102,泰豐,100,0,100,富邦-中壢,2024-10-04,9636
00679B,元大美債20年,181,95,86,富邦-中壢,2024-10-04,9636
5309,系統電,84,0,84,富邦-中壢,2024-10-04,9636
2303,聯電,102,20,82,富邦-中壢,2024-10-04,9636
2353,宏��,91,14,77,富邦-中壢,2024-10-04,9636
2498,宏達電,173,97,76,富邦-中壢,2024-10-04,9636
00680L,元大美債20正2,472,398,74,富邦-中壢,2024-10-04,9636
00706L,期元大S＆P日圓正2,102,30,72,富邦-中壢,2024-10-04,9636
00922,國泰台灣領袖50,71,2,69,富邦-中壢,2024-10-04,9636
00937B,群益ESG投等債20,89,21,68,富邦-中壢,2024-10-04,9636
2344,華邦電,72,5,67,富邦-中壢,2024-10-04,9636
2891,中信金,75,11,64,富邦-中壢,2024-10-04,9636
8011,台通,62,0,62,富邦-中壢,2024-10-04,9636
8105,凌巨,83,23,60,富邦-中壢,2024-10-04,9636
00639,富邦深100,105,46,59,富邦-中壢,2024-10-04,9636
8039,台虹,106,54,52,富邦-中壢,2024-10-04,9636
2308,台達電,54,3,51,富邦-中壢,2024-10-04,9636
00713,元大台灣高息低波,44,0,44,富邦-中壢,2024-10-04,9636
00725B,國泰投資級公司債,42,0,42,富邦-中壢,2024-10-04,9636
00700,富邦�琤肭磪�,44,5,39,富邦-中壢,2024-10-04,9636
2382,廣達,42,4,38,富邦-中壢,2024-10-04,9636
00636,國泰中國A50,36,1,35,富邦-中壢,2024-10-04,9636
2851,中再保,34,0,34,富邦-中壢,2024-10-04,9636
2313,華通,47,15,32,富邦-中壢,2024-10-04,9636
00927,群益半導體收益,35,3,32,富邦-中壢,2024-10-04,9636
2388,威盛,47,16,31,富邦-中壢,2024-10-04,9636
2609,陽明,158,128,30,富邦-中壢,2024-10-04,9636
6873,泓德能源,63,33,30,富邦-中壢,2024-10-04,9636
3289,宜特,30,0,30,富邦-中壢,2024-10-04,9636
2367,燿華,31,2,29,富邦-中壢,2024-10-04,9636
00882,中信中國高股息,3157,552,2605,富邦-中壢,2024-10-07,9636
1314,中石化,959,37,922,富邦-中壢,2024-10-07,9636
2845,遠東銀,600,11,589,富邦-中壢,2024-10-07,9636
00680L,元大美債20正2,477,154,323,富邦-中壢,2024-10-07,9636
0056,元大高股息,321,11,310,富邦-中壢,2024-10-07,9636
00753L,中信中國50正2,623,315,308,富邦-中壢,2024-10-07,9636
00946,群益科技高息成長,289,0,289,富邦-中壢,2024-10-07,9636
00688L,國泰20年美債正2,310,111,199,富邦-中壢,2024-10-07,9636
00912,中信臺灣智慧50,184,0,184,富邦-中壢,2024-10-07,9636
00752,中信中國50,200,23,177,富邦-中壢,2024-10-07,9636
1301,台塑,162,11,151,富邦-中壢,2024-10-07,9636
00637L,元大滬深300正2,500,356,144,富邦-中壢,2024-10-07,9636
00960,野村全球航運龍頭,162,22,140,富邦-中壢,2024-10-07,9636
00943,兆豐電子高息等權,113,0,113,富邦-中壢,2024-10-07,9636
00712,復華富時不動產,159,51,108,富邦-中壢,2024-10-07,9636
00900,富邦特選高股息30,102,3,99,富邦-中壢,2024-10-07,9636
00940,元大台灣價值高息,166,67,99,富邦-中壢,2024-10-07,9636
2834,臺企銀,122,26,96,富邦-中壢,2024-10-07,9636
2313,華通,111,23,88,富邦-中壢,2024-10-07,9636
00927,群益半導體收益,94,6,88,富邦-中壢,2024-10-07,9636
00706L,期元大S＆P日圓正2,77,0,77,富邦-中壢,2024-10-07,9636
00919,群益台灣精選高息,185,118,67,富邦-中壢,2024-10-07,9636
1702,南僑,90,24,66,富邦-中壢,2024-10-07,9636
1595,川寶,81,21,60,富邦-中壢,2024-10-07,9636
00632R,元大台灣50反1,115,56,59,富邦-中壢,2024-10-07,9636
00929,復華台灣科技優息,308,254,54,富邦-中壢,2024-10-07,9636
3481,群創,77,27,50,富邦-中壢,2024-10-07,9636
2547,日勝生,50,0,50,富邦-中壢,2024-10-07,9636
00648R,元大S＆P500反1,50,0,50,富邦-中壢,2024-10-07,9636
00655L,國泰中國A50正2,70,22,48,富邦-中壢,2024-10-07,9636
3037,欣興,49,2,47,富邦-中壢,2024-10-07,9636
00887,永豐中國科技50大,300,254,46,富邦-中壢,2024-10-07,9636
2317,鴻海,199,153,46,富邦-中壢,2024-10-07,9636
3025,星通,120,76,44,富邦-中壢,2024-10-07,9636
6133,金橋,55,12,43,富邦-中壢,2024-10-07,9636
00922,國泰台灣領袖50,42,2,40,富邦-中壢,2024-10-07,9636
00676R,富邦臺灣加權反1,40,0,40,富邦-中壢,2024-10-07,9636
8404,百和興業-KY,89,51,38,富邦-中壢,2024-10-07,9636
2497,怡利電,51,13,38,富邦-中壢,2024-10-07,9636
2603,長榮,46,10,36,富邦-中壢,2024-10-07,9636
3591,艾笛森,45,9,36,富邦-中壢,2024-10-07,9636
2303,聯電,39,6,33,富邦-中壢,2024-10-07,9636
9958,世紀鋼,47,15,32,富邦-中壢,2024-10-07,9636
00643,群益深証中小,30,0,30,富邦-中壢,2024-10-07,9636
1201,味全,30,0,30,富邦-中壢,2024-10-07,9636
2426,鼎元,37,7,30,富邦-中壢,2024-10-07,9636
1785,光洋科,105,77,28,富邦-中壢,2024-10-07,9636
3167,大量,32,4,28,富邦-中壢,2024-10-07,9636
2038,海光,30,2,28,富邦-中壢,2024-10-07,9636
2515,中工,51,25,26,富邦-中壢,2024-10-07,9636
00673R,期元大S＆P原油反1,544,10,534,富邦-中壢,2024-10-08,9636
00680L,元大美債20正2,390,8,382,富邦-中壢,2024-10-08,9636
00679B,元大美債20年,372,52,320,富邦-中壢,2024-10-08,9636
00922,國泰台灣領袖50,254,1,253,富邦-中壢,2024-10-08,9636
00753L,中信中國50正2,536,317,219,富邦-中壢,2024-10-08,9636
00929,復華台灣科技優息,372,176,196,富邦-中壢,2024-10-08,9636
2883,凱基金,200,10,190,富邦-中壢,2024-10-08,9636
00878,國泰永續高股息,187,25,162,富邦-中壢,2024-10-08,9636
0056,元大高股息,149,3,146,富邦-中壢,2024-10-08,9636
00919,群益台灣精選高息,253,110,143,富邦-中壢,2024-10-08,9636
2887,台新金,129,4,125,富邦-中壢,2024-10-08,9636
2367,燿華,124,8,116,富邦-中壢,2024-10-08,9636
1314,中石化,147,41,106,富邦-中壢,2024-10-08,9636
00688L,國泰20年美債正2,173,73,100,富邦-中壢,2024-10-08,9636
00634R,富邦上証反1,100,1,99,富邦-中壢,2024-10-08,9636
00752,中信中國50,147,50,97,富邦-中壢,2024-10-08,9636
3062,建漢,110,16,94,富邦-中壢,2024-10-08,9636
00712,復華富時不動產,97,3,94,富邦-中壢,2024-10-08,9636
3714,富采,100,10,90,富邦-中壢,2024-10-08,9636
3498,陽程,116,33,83,富邦-中壢,2024-10-08,9636
1717,長興,73,0,73,富邦-中壢,2024-10-08,9636
00946,群益科技高息成長,72,0,72,富邦-中壢,2024-10-08,9636
00706L,期元大S＆P日圓正2,92,20,72,富邦-中壢,2024-10-08,9636
1301,台塑,73,2,71,富邦-中壢,2024-10-08,9636
2851,中再保,70,0,70,富邦-中壢,2024-10-08,9636
1815,富喬,77,9,68,富邦-中壢,2024-10-08,9636
3481,群創,100,34,66,富邦-中壢,2024-10-08,9636
00940,元大台灣價值高息,102,37,65,富邦-中壢,2024-10-08,9636
1711,永光,111,49,62,富邦-中壢,2024-10-08,9636
00915,凱基優選高股息30,68,7,61,富邦-中壢,2024-10-08,9636
2344,華邦電,65,5,60,富邦-中壢,2024-10-08,9636
3209,全科,71,12,59,富邦-中壢,2024-10-08,9636
00633L,富邦上証正2,182,126,56,富邦-中壢,2024-10-08,9636
3149,正達,155,100,55,富邦-中壢,2024-10-08,9636
00720B,元大投資級公司債,53,0,53,富邦-中壢,2024-10-08,9636
00932,兆豐永續高息等權,52,0,52,富邦-中壢,2024-10-08,9636
00632R,元大台灣50反1,104,52,52,富邦-中壢,2024-10-08,9636
4162,智擎,50,0,50,富邦-中壢,2024-10-08,9636
3049,精金,137,89,48,富邦-中壢,2024-10-08,9636
00948B,中信優息投資級債,77,30,47,富邦-中壢,2024-10-08,9636
3037,欣興,50,4,46,富邦-中壢,2024-10-08,9636
00918,大華優利高填息30,78,32,46,富邦-中壢,2024-10-08,9636
9904,寶成,50,5,45,富邦-中壢,2024-10-08,9636
00725B,國泰投資級公司債,46,10,36,富邦-中壢,2024-10-08,9636
4979,華星光,51,16,35,富邦-中壢,2024-10-08,9636
00887,永豐中國科技50大,279,246,33,富邦-中壢,2024-10-08,9636
2362,藍天,63,31,32,富邦-中壢,2024-10-08,9636
2520,冠德,33,1,32,富邦-中壢,2024-10-08,9636
00934,中信成長高股息,34,2,32,富邦-中壢,2024-10-08,9636
00939,統一台灣高息動能,30,0,30,富邦-中壢,2024-10-08,9636
1314,中石化,479,41,438,富邦-中壢,2024-10-09,9636
00715L,期街口布蘭特正2,472,86,386,富邦-中壢,2024-10-09,9636
00679B,元大美債20年,391,10,381,富邦-中壢,2024-10-09,9636
00687B,國泰20年美債,464,115,349,富邦-中壢,2024-10-09,9636
00882,中信中國高股息,518,231,287,富邦-中壢,2024-10-09,9636
00948B,中信優息投資級債,275,0,275,富邦-中壢,2024-10-09,9636
00937B,群益ESG投等債20,325,78,247,富邦-中壢,2024-10-09,9636
2399,映泰,385,164,221,富邦-中壢,2024-10-09,9636
00753L,中信中國50正2,355,150,205,富邦-中壢,2024-10-09,9636
00712,復華富時不動產,171,0,171,富邦-中壢,2024-10-09,9636
2888,新光金,163,35,128,富邦-中壢,2024-10-09,9636
00637L,元大滬深300正2,998,872,126,富邦-中壢,2024-10-09,9636
4533,協易機,91,1,90,富邦-中壢,2024-10-09,9636
0056,元大高股息,92,8,84,富邦-中壢,2024-10-09,9636
00633L,富邦上証正2,137,57,80,富邦-中壢,2024-10-09,9636
00929,復華台灣科技優息,122,50,72,富邦-中壢,2024-10-09,9636
1304,台聚,71,0,71,富邦-中壢,2024-10-09,9636
00945B,凱基美國非投等債,56,0,56,富邦-中壢,2024-10-09,9636
00958B,永豐ESG銀行債15,54,0,54,富邦-中壢,2024-10-09,9636
00795B,中信美國公債20年,53,0,53,富邦-中壢,2024-10-09,9636
2845,遠東銀,51,1,50,富邦-中壢,2024-10-09,9636
00680L,元大美債20正2,103,54,49,富邦-中壢,2024-10-09,9636
2609,陽明,88,40,48,富邦-中壢,2024-10-09,9636
1905,華紙,47,0,47,富邦-中壢,2024-10-09,9636
2547,日勝生,50,3,47,富邦-中壢,2024-10-09,9636
00915,凱基優選高股息30,63,18,45,富邦-中壢,2024-10-09,9636
3049,精金,161,116,45,富邦-中壢,2024-10-09,9636
2371,大同,44,1,43,富邦-中壢,2024-10-09,9636
2363,矽統,290,247,43,富邦-中壢,2024-10-09,9636
2486,一詮,77,35,42,富邦-中壢,2024-10-09,9636
3498,陽程,55,14,41,富邦-中壢,2024-10-09,9636
00713,元大台灣高息低波,41,2,39,富邦-中壢,2024-10-09,9636
2610,華航,47,8,39,富邦-中壢,2024-10-09,9636
00706L,期元大S＆P日圓正2,39,0,39,富邦-中壢,2024-10-09,9636
2002,中鋼,53,14,39,富邦-中壢,2024-10-09,9636
2408,南亞科,51,13,38,富邦-中壢,2024-10-09,9636
2891,中信金,50,14,36,富邦-中壢,2024-10-09,9636
6134,萬旭,46,10,36,富邦-中壢,2024-10-09,9636
2851,中再保,36,0,36,富邦-中壢,2024-10-09,9636
3265,台星科,36,0,36,富邦-中壢,2024-10-09,9636
8930,青鋼,35,0,35,富邦-中壢,2024-10-09,9636
2603,長榮,51,17,34,富邦-中壢,2024-10-09,9636
3234,光環,63,29,34,富邦-中壢,2024-10-09,9636
2520,冠德,39,5,34,富邦-中壢,2024-10-09,9636
3605,宏致,45,11,34,富邦-中壢,2024-10-09,9636
5443,均豪,69,36,33,富邦-中壢,2024-10-09,9636
6530,創威,108,75,33,富邦-中壢,2024-10-09,9636
2354,鴻準,49,17,32,富邦-中壢,2024-10-09,9636
00933B,國泰10Y+金融債,45,13,32,富邦-中壢,2024-10-09,9636
2312,金寶,70,39,31,富邦-中壢,2024-10-09,9636
00632R,元大台灣50反1,292,11,281,富邦-中壢,2024-10-11,9636
00637L,元大滬深300正2,544,270,274,富邦-中壢,2024-10-11,9636
00680L,元大美債20正2,329,81,248,富邦-中壢,2024-10-11,9636
00688L,國泰20年美債正2,317,78,239,富邦-中壢,2024-10-11,9636
00937B,群益ESG投等債20,242,31,211,富邦-中壢,2024-10-11,9636
00753L,中信中國50正2,181,15,166,富邦-中壢,2024-10-11,9636
2887,台新金,165,28,137,富邦-中壢,2024-10-11,9636
00665L,富邦�琤肭磪囓�2,198,81,117,富邦-中壢,2024-10-11,9636
00948B,中信優息投資級債,93,0,93,富邦-中壢,2024-10-11,9636
00679B,元大美債20年,225,144,81,富邦-中壢,2024-10-11,9636
00882,中信中國高股息,153,74,79,富邦-中壢,2024-10-11,9636
3209,全科,113,40,73,富邦-中壢,2024-10-11,9636
3591,艾笛森,91,19,72,富邦-中壢,2024-10-11,9636
9105,泰金寶-DR,70,2,68,富邦-中壢,2024-10-11,9636
2399,映泰,265,199,66,富邦-中壢,2024-10-11,9636
2888,新光金,65,6,59,富邦-中壢,2024-10-11,9636
00933B,國泰10Y+金融債,62,4,58,富邦-中壢,2024-10-11,9636
0056,元大高股息,86,31,55,富邦-中壢,2024-10-11,9636
2344,華邦電,67,13,54,富邦-中壢,2024-10-11,9636
00878,國泰永續高股息,111,60,51,富邦-中壢,2024-10-11,9636
6220,岳豐,50,1,49,富邦-中壢,2024-10-11,9636
9904,寶成,47,0,47,富邦-中壢,2024-10-11,9636
1605,華新,53,7,46,富邦-中壢,2024-10-11,9636
00919,群益台灣精選高息,103,57,46,富邦-中壢,2024-10-11,9636
3450,聯鈞,124,82,42,富邦-中壢,2024-10-11,9636
00639,富邦深100,42,1,41,富邦-中壢,2024-10-11,9636
3481,群創,143,104,39,富邦-中壢,2024-10-11,9636
2388,威盛,67,29,38,富邦-中壢,2024-10-11,9636
2363,矽統,103,67,36,富邦-中壢,2024-10-11,9636
6152,百一,34,1,33,富邦-中壢,2024-10-11,9636
4956,光鋐,90,58,32,富邦-中壢,2024-10-11,9636
00918,大華優利高填息30,40,9,31,富邦-中壢,2024-10-11,9636
3162,精確,36,5,31,富邦-中壢,2024-10-11,9636
9945,潤泰新,35,6,29,富邦-中壢,2024-10-11,9636
3508,位速,33,4,29,富邦-中壢,2024-10-11,9636
3189,景碩,37,8,29,富邦-中壢,2024-10-11,9636
1808,潤隆,27,0,27,富邦-中壢,2024-10-11,9636
2354,鴻準,43,17,26,富邦-中壢,2024-10-11,9636
00912,中信臺灣智慧50,25,0,25,富邦-中壢,2024-10-11,9636
2498,宏達電,28,3,25,富邦-中壢,2024-10-11,9636
00712,復華富時不動產,33,8,25,富邦-中壢,2024-10-11,9636
2610,華航,30,6,24,富邦-中壢,2024-10-11,9636
4908,前鼎,33,9,24,富邦-中壢,2024-10-11,9636
3710,連展投控,51,28,23,富邦-中壢,2024-10-11,9636
3550,聯穎,29,7,22,富邦-中壢,2024-10-11,9636
00706L,期元大S＆P日圓正2,102,80,22,富邦-中壢,2024-10-11,9636
2449,京元電子,92,70,22,富邦-中壢,2024-10-11,9636
3615,安可,33,11,22,富邦-中壢,2024-10-11,9636
00687B,國泰20年美債,245,224,21,富邦-中壢,2024-10-11,9636
6838,台新藥,21,0,21,富邦-中壢,2024-10-11,9636
00887,永豐中國科技50大,485,8,477,富邦-中壢,2024-10-14,9636
2313,華通,458,29,429,富邦-中壢,2024-10-14,9636
00680L,元大美債20正2,359,6,353,富邦-中壢,2024-10-14,9636
00676R,富邦臺灣加權反1,301,0,301,富邦-中壢,2024-10-14,9636
00937B,群益ESG投等債20,356,153,203,富邦-中壢,2024-10-14,9636
00715L,期街口布蘭特正2,213,49,164,富邦-中壢,2024-10-14,9636
00922,國泰台灣領袖50,166,10,156,富邦-中壢,2024-10-14,9636
00688L,國泰20年美債正2,137,9,128,富邦-中壢,2024-10-14,9636
2344,華邦電,114,5,109,富邦-中壢,2024-10-14,9636
2888,新光金,139,40,99,富邦-中壢,2024-10-14,9636
2887,台新金,110,23,87,富邦-中壢,2024-10-14,9636
00679B,元大美債20年,249,164,85,富邦-中壢,2024-10-14,9636
00687B,國泰20年美債,252,171,81,富邦-中壢,2024-10-14,9636
9105,泰金寶-DR,162,89,73,富邦-中壢,2024-10-14,9636
3710,連展投控,88,19,69,富邦-中壢,2024-10-14,9636
9958,世紀鋼,69,12,57,富邦-中壢,2024-10-14,9636
1314,中石化,58,7,51,富邦-中壢,2024-10-14,9636
2425,承啟,57,6,51,富邦-中壢,2024-10-14,9636
2834,臺企銀,53,9,44,富邦-中壢,2024-10-14,9636
8111,立��,128,85,43,富邦-中壢,2024-10-14,9636
2520,冠德,42,1,41,富邦-中壢,2024-10-14,9636
0056,元大高股息,152,114,38,富邦-中壢,2024-10-14,9636
00637L,元大滬深300正2,380,342,38,富邦-中壢,2024-10-14,9636
00706L,期元大S＆P日圓正2,33,0,33,富邦-中壢,2024-10-14,9636
00795B,中信美國公債20年,38,7,31,富邦-中壢,2024-10-14,9636
00943,兆豐電子高息等權,30,0,30,富邦-中壢,2024-10-14,9636
6873,泓德能源,30,1,29,富邦-中壢,2024-10-14,9636
2002,中鋼,32,5,27,富邦-中壢,2024-10-14,9636
2534,宏盛,26,0,26,富邦-中壢,2024-10-14,9636
00915,凱基優選高股息30,36,13,23,富邦-中壢,2024-10-14,9636
3615,安可,33,10,23,富邦-中壢,2024-10-14,9636
3499,環天科,24,1,23,富邦-中壢,2024-10-14,9636
5213,亞昕,21,0,21,富邦-中壢,2024-10-14,9636
2460,建通,21,0,21,富邦-中壢,2024-10-14,9636
00725B,國泰投資級公司債,21,0,21,富邦-中壢,2024-10-14,9636
2542,興富發,28,8,20,富邦-中壢,2024-10-14,9636
2421,建準,32,13,19,富邦-中壢,2024-10-14,9636
6152,百一,20,1,19,富邦-中壢,2024-10-14,9636
6134,萬旭,20,2,18,富邦-中壢,2024-10-14,9636
00919,群益台灣精選高息,99,81,18,富邦-中壢,2024-10-14,9636
00934,中信成長高股息,18,0,18,富邦-中壢,2024-10-14,9636
2362,藍天,21,3,18,富邦-中壢,2024-10-14,9636
00639,富邦深100,17,0,17,富邦-中壢,2024-10-14,9636
2363,矽統,42,25,17,富邦-中壢,2024-10-14,9636
5905,南仁湖,27,10,17,富邦-中壢,2024-10-14,9636
4563,百德,33,16,17,富邦-中壢,2024-10-14,9636
2409,友達,33,17,16,富邦-中壢,2024-10-14,9636
2354,鴻準,21,5,16,富邦-中壢,2024-10-14,9636
00912,中信臺灣智慧50,31,15,16,富邦-中壢,2024-10-14,9636
00751B,元大AAA至A公司債,17,2,15,富邦-中壢,2024-10-14,9636
00715L,期街口布蘭特正2,840,30,810,富邦-中壢,2024-10-15,9636
00650L,復華香港正2,290,0,290,富邦-中壢,2024-10-15,9636
2888,新光金,266,78,188,富邦-中壢,2024-10-15,9636
00937B,群益ESG投等債20,193,6,187,富邦-中壢,2024-10-15,9636
00680L,元大美債20正2,194,8,186,富邦-中壢,2024-10-15,9636
00687B,國泰20年美債,222,38,184,富邦-中壢,2024-10-15,9636
00633L,富邦上証正2,164,11,153,富邦-中壢,2024-10-15,9636
00637L,元大滬深300正2,184,46,138,富邦-中壢,2024-10-15,9636
00934,中信成長高股息,244,107,137,富邦-中壢,2024-10-15,9636
00679B,元大美債20年,160,26,134,富邦-中壢,2024-10-15,9636
00961,FT臺灣永續高息,231,106,125,富邦-中壢,2024-10-15,9636
8111,立��,191,74,117,富邦-中壢,2024-10-15,9636
9105,泰金寶-DR,683,576,107,富邦-中壢,2024-10-15,9636
00943,兆豐電子高息等權,102,0,102,富邦-中壢,2024-10-15,9636
2399,映泰,270,171,99,富邦-中壢,2024-10-15,9636
00753L,中信中國50正2,143,48,95,富邦-中壢,2024-10-15,9636
3710,連展投控,130,36,94,富邦-中壢,2024-10-15,9636
00919,群益台灣精選高息,144,53,91,富邦-中壢,2024-10-15,9636
00632R,元大台灣50反1,200,130,70,富邦-中壢,2024-10-15,9636
00665L,富邦�琤肭磪囓�2,128,59,69,富邦-中壢,2024-10-15,9636
2887,台新金,86,24,62,富邦-中壢,2024-10-15,9636
3591,艾笛森,86,26,60,富邦-中壢,2024-10-15,9636
00922,國泰台灣領袖50,91,32,59,富邦-中壢,2024-10-15,9636
3149,正達,227,169,58,富邦-中壢,2024-10-15,9636
00642U,期元大S＆P石油,53,0,53,富邦-中壢,2024-10-15,9636
00927,群益半導體收益,52,0,52,富邦-中壢,2024-10-15,9636
00712,復華富時不動產,47,0,47,富邦-中壢,2024-10-15,9636
6257,矽格,44,2,42,富邦-中壢,2024-10-15,9636
00688L,國泰20年美債正2,40,0,40,富邦-中壢,2024-10-15,9636
2371,大同,40,1,39,富邦-中壢,2024-10-15,9636
4961,天鈺,41,3,38,富邦-中壢,2024-10-15,9636
2312,金寶,171,133,38,富邦-中壢,2024-10-15,9636
2534,宏盛,35,0,35,富邦-中壢,2024-10-15,9636
1301,台塑,38,5,33,富邦-中壢,2024-10-15,9636
00960,野村全球航運龍頭,40,7,33,富邦-中壢,2024-10-15,9636
2426,鼎元,68,37,31,富邦-中壢,2024-10-15,9636
1721,三晃,34,4,30,富邦-中壢,2024-10-15,9636
00720B,元大投資級公司債,30,2,28,富邦-中壢,2024-10-15,9636
2105,正新,27,0,27,富邦-中壢,2024-10-15,9636
4909,新復興,36,9,27,富邦-中壢,2024-10-15,9636
2303,聯電,31,4,27,富邦-中壢,2024-10-15,9636
00719B,元大美債1-3,27,1,26,富邦-中壢,2024-10-15,9636
2425,承啟,30,4,26,富邦-中壢,2024-10-15,9636
4510,高鋒,54,28,26,富邦-中壢,2024-10-15,9636
2543,皇昌,31,5,26,富邦-中壢,2024-10-15,9636
8069,元太,28,3,25,富邦-中壢,2024-10-15,9636
3209,全科,35,10,25,富邦-中壢,2024-10-15,9636
00639,富邦深100,27,2,25,富邦-中壢,2024-10-15,9636
3062,建漢,108,84,24,富邦-中壢,2024-10-15,9636
4526,東台,30,7,23,富邦-中壢,2024-10-15,9636
0056,元大高股息,455,29,426,富邦-中壢,2024-10-16,9636
2344,華邦電,330,9,321,富邦-中壢,2024-10-16,9636
00687B,國泰20年美債,331,40,291,富邦-中壢,2024-10-16,9636
00680L,元大美債20正2,261,8,253,富邦-中壢,2024-10-16,9636
00887,永豐中國科技50大,269,48,221,富邦-中壢,2024-10-16,9636
1314,中石化,242,21,221,富邦-中壢,2024-10-16,9636
9105,泰金寶-DR,253,54,199,富邦-中壢,2024-10-16,9636
00954,中信日本半導體,160,0,160,富邦-中壢,2024-10-16,9636
1304,台聚,144,5,139,富邦-中壢,2024-10-16,9636
00922,國泰台灣領袖50,170,36,134,富邦-中壢,2024-10-16,9636
2313,華通,138,14,124,富邦-中壢,2024-10-16,9636
00948B,中信優息投資級債,124,0,124,富邦-中壢,2024-10-16,9636
00637L,元大滬深300正2,270,157,113,富邦-中壢,2024-10-16,9636
2002,中鋼,108,5,103,富邦-中壢,2024-10-16,9636
3710,連展投控,123,20,103,富邦-中壢,2024-10-16,9636
00650L,復華香港正2,100,0,100,富邦-中壢,2024-10-16,9636
00715L,期街口布蘭特正2,84,0,84,富邦-中壢,2024-10-16,9636
2883,凱基金,92,14,78,富邦-中壢,2024-10-16,9636
00706L,期元大S＆P日圓正2,75,0,75,富邦-中壢,2024-10-16,9636
00679B,元大美債20年,124,52,72,富邦-中壢,2024-10-16,9636
00907,永豐優息存股,90,19,71,富邦-中壢,2024-10-16,9636
00878,國泰永續高股息,116,48,68,富邦-中壢,2024-10-16,9636
3149,正達,304,239,65,富邦-中壢,2024-10-16,9636
00830,國泰費城半導體,66,3,63,富邦-中壢,2024-10-16,9636
2303,聯電,64,2,62,富邦-中壢,2024-10-16,9636
4908,前鼎,78,24,54,富邦-中壢,2024-10-16,9636
5452,佶優,112,59,53,富邦-中壢,2024-10-16,9636
00665L,富邦�琤肭磪囓�2,154,103,51,富邦-中壢,2024-10-16,9636
00919,群益台灣精選高息,86,37,49,富邦-中壢,2024-10-16,9636
3447,展達,52,3,49,富邦-中壢,2024-10-16,9636
2887,台新金,64,19,45,富邦-中壢,2024-10-16,9636
00934,中信成長高股息,46,1,45,富邦-中壢,2024-10-16,9636
2365,昆盈,102,59,43,富邦-中壢,2024-10-16,9636
8097,常珵,66,24,42,富邦-中壢,2024-10-16,9636
6530,創威,86,46,40,富邦-中壢,2024-10-16,9636
1308,亞聚,40,0,40,富邦-中壢,2024-10-16,9636
00929,復華台灣科技優息,91,51,40,富邦-中壢,2024-10-16,9636
00857B,永豐20年美公債,39,0,39,富邦-中壢,2024-10-16,9636
4716,大立,50,12,38,富邦-中壢,2024-10-16,9636
00713,元大台灣高息低波,35,0,35,富邦-中壢,2024-10-16,9636
2308,台達電,37,3,34,富邦-中壢,2024-10-16,9636
2371,大同,44,10,34,富邦-中壢,2024-10-16,9636
00881,國泰台灣5G+,42,12,30,富邦-中壢,2024-10-16,9636
00912,中信臺灣智慧50,30,1,29,富邦-中壢,2024-10-16,9636
2881,富邦金,35,7,28,富邦-中壢,2024-10-16,9636
1326,台化,29,1,28,富邦-中壢,2024-10-16,9636
3714,富采,32,4,28,富邦-中壢,2024-10-16,9636
1608,華榮,28,0,28,富邦-中壢,2024-10-16,9636
2913,農林,29,2,27,富邦-中壢,2024-10-16,9636
00915,凱基優選高股息30,36,10,26,富邦-中壢,2024-10-16,9636
00905,FT臺灣Smart,1019,4,1015,富邦-中壢,2024-10-17,9636
00637L,元大滬深300正2,282,77,205,富邦-中壢,2024-10-17,9636
0056,元大高股息,250,58,192,富邦-中壢,2024-10-17,9636
6127,九豪,177,17,160,富邦-中壢,2024-10-17,9636
00887,永豐中國科技50大,175,31,144,富邦-中壢,2024-10-17,9636
9105,泰金寶-DR,483,377,106,富邦-中壢,2024-10-17,9636
3209,全科,183,89,94,富邦-中壢,2024-10-17,9636
1309,台達化,95,1,94,富邦-中壢,2024-10-17,9636
00632R,元大台灣50反1,101,11,90,富邦-中壢,2024-10-17,9636
00665L,富邦�琤肭磪囓�2,140,59,81,富邦-中壢,2024-10-17,9636
00915,凱基優選高股息30,80,7,73,富邦-中壢,2024-10-17,9636
00941,中信上游半導體,83,11,72,富邦-中壢,2024-10-17,9636
00680L,元大美債20正2,70,4,66,富邦-中壢,2024-10-17,9636
00912,中信臺灣智慧50,53,0,53,富邦-中壢,2024-10-17,9636
2845,遠東銀,51,0,51,富邦-中壢,2024-10-17,9636
00937B,群益ESG投等債20,97,47,50,富邦-中壢,2024-10-17,9636
00929,復華台灣科技優息,185,136,49,富邦-中壢,2024-10-17,9636
00948B,中信優息投資級債,47,0,47,富邦-中壢,2024-10-17,9636
8111,立��,75,30,45,富邦-中壢,2024-10-17,9636
00715L,期街口布蘭特正2,46,7,39,富邦-中壢,2024-10-17,9636
00878,國泰永續高股息,115,77,38,富邦-中壢,2024-10-17,9636
2421,建準,56,20,36,富邦-中壢,2024-10-17,9636
00725B,國泰投資級公司債,36,2,34,富邦-中壢,2024-10-17,9636
4510,高鋒,61,29,32,富邦-中壢,2024-10-17,9636
4729,熒茂,37,6,31,富邦-中壢,2024-10-17,9636
00713,元大台灣高息低波,38,8,30,富邦-中壢,2024-10-17,9636
6658,聯策,84,54,30,富邦-中壢,2024-10-17,9636
4961,天鈺,30,0,30,富邦-中壢,2024-10-17,9636
00961,FT臺灣永續高息,30,1,29,富邦-中壢,2024-10-17,9636
4960,誠美材,30,1,29,富邦-中壢,2024-10-17,9636
3447,展達,29,0,29,富邦-中壢,2024-10-17,9636
4956,光鋐,31,3,28,富邦-中壢,2024-10-17,9636
00679B,元大美債20年,38,10,28,富邦-中壢,2024-10-17,9636
00907,永豐優息存股,30,3,27,富邦-中壢,2024-10-17,9636
2330,台積電,43,16,27,富邦-中壢,2024-10-17,9636
2464,盟立,87,60,27,富邦-中壢,2024-10-17,9636
2388,威盛,28,3,25,富邦-中壢,2024-10-17,9636
6207,雷科,29,5,24,富邦-中壢,2024-10-17,9636
00943,兆豐電子高息等權,23,0,23,富邦-中壢,2024-10-17,9636
6142,友勁,25,2,23,富邦-中壢,2024-10-17,9636
3060,銘異,28,6,22,富邦-中壢,2024-10-17,9636
00687B,國泰20年美債,71,50,21,富邦-中壢,2024-10-17,9636
00633L,富邦上証正2,35,14,21,富邦-中壢,2024-10-17,9636
00706L,期元大S＆P日圓正2,20,0,20,富邦-中壢,2024-10-17,9636
00902,中信電池及儲能,20,0,20,富邦-中壢,2024-10-17,9636
1808,潤隆,20,0,20,富邦-中壢,2024-10-17,9636
2367,燿華,23,4,19,富邦-中壢,2024-10-17,9636
3675,德微,21,2,19,富邦-中壢,2024-10-17,9636
5452,佶優,68,50,18,富邦-中壢,2024-10-17,9636
006208,富邦台50,18,1,17,富邦-中壢,2024-10-17,9636
00632R,元大台灣50反1,1275,101,1174,富邦-中壢,2024-10-18,9636
00679B,元大美債20年,404,14,390,富邦-中壢,2024-10-18,9636
00948B,中信優息投資級債,376,0,376,富邦-中壢,2024-10-18,9636
1314,中石化,389,16,373,富邦-中壢,2024-10-18,9636
9105,泰金寶-DR,348,45,303,富邦-中壢,2024-10-18,9636
00687B,國泰20年美債,285,45,240,富邦-中壢,2024-10-18,9636
00905,FT臺灣Smart,226,62,164,富邦-中壢,2024-10-18,9636
00937B,群益ESG投等債20,172,47,125,富邦-中壢,2024-10-18,9636
2317,鴻海,176,68,108,富邦-中壢,2024-10-18,9636
2887,台新金,210,105,105,富邦-中壢,2024-10-18,9636
2303,聯電,154,49,105,富邦-中壢,2024-10-18,9636
00720B,元大投資級公司債,99,0,99,富邦-中壢,2024-10-18,9636
3615,安可,181,86,95,富邦-中壢,2024-10-18,9636
8064,東捷,144,52,92,富邦-中壢,2024-10-18,9636
00941,中信上游半導體,94,3,91,富邦-中壢,2024-10-18,9636
00887,永豐中國科技50大,105,42,63,富邦-中壢,2024-10-18,9636
3374,精材,75,16,59,富邦-中壢,2024-10-18,9636
3013,晟銘電,151,96,55,富邦-中壢,2024-10-18,9636
6127,九豪,61,7,54,富邦-中壢,2024-10-18,9636
2313,華通,66,14,52,富邦-中壢,2024-10-18,9636
3450,聯鈞,124,72,52,富邦-中壢,2024-10-18,9636
2845,遠東銀,51,0,51,富邦-中壢,2024-10-18,9636
0056,元大高股息,195,144,51,富邦-中壢,2024-10-18,9636
3060,銘異,46,0,46,富邦-中壢,2024-10-18,9636
6213,聯茂,48,3,45,富邦-中壢,2024-10-18,9636
00725B,國泰投資級公司債,45,2,43,富邦-中壢,2024-10-18,9636
00943,兆豐電子高息等權,40,0,40,富邦-中壢,2024-10-18,9636
8111,立��,51,15,36,富邦-中壢,2024-10-18,9636
00915,凱基優選高股息30,65,31,34,富邦-中壢,2024-10-18,9636
2312,金寶,150,116,34,富邦-中壢,2024-10-18,9636
1785,光洋科,72,39,33,富邦-中壢,2024-10-18,9636
3025,星通,62,30,32,富邦-中壢,2024-10-18,9636
2867,三商壽,45,13,32,富邦-中壢,2024-10-18,9636
3710,連展投控,40,9,31,富邦-中壢,2024-10-18,9636
5438,東友,60,30,30,富邦-中壢,2024-10-18,9636
00665L,富邦�琤肭磪囓�2,92,62,30,富邦-中壢,2024-10-18,9636
2356,英業達,54,24,30,富邦-中壢,2024-10-18,9636
2449,京元電子,69,40,29,富邦-中壢,2024-10-18,9636
3447,展達,26,0,26,富邦-中壢,2024-10-18,9636
00639,富邦深100,29,4,25,富邦-中壢,2024-10-18,9636
00912,中信臺灣智慧50,26,1,25,富邦-中壢,2024-10-18,9636
00715L,期街口布蘭特正2,37,13,24,富邦-中壢,2024-10-18,9636
00882,中信中國高股息,38,15,23,富邦-中壢,2024-10-18,9636
2812,台中銀,27,4,23,富邦-中壢,2024-10-18,9636
4909,新復興,57,34,23,富邦-中壢,2024-10-18,9636
00957B,兆豐US優選投等債,22,0,22,富邦-中壢,2024-10-18,9636
4938,和碩,22,0,22,富邦-中壢,2024-10-18,9636
1536,和大,35,14,21,富邦-中壢,2024-10-18,9636
2615,萬海,49,28,21,富邦-中壢,2024-10-18,9636
00696B,富邦美債20年,20,0,20,富邦-中壢,2024-10-18,9636
00937B,群益ESG投等債20,685,28,657,富邦-中壢,2024-10-21,9636
00715L,期街口布蘭特正2,495,50,445,富邦-中壢,2024-10-21,9636
1314,中石化,420,67,353,富邦-中壢,2024-10-21,9636
00637L,元大滬深300正2,644,319,325,富邦-中壢,2024-10-21,9636
2883,凱基金,508,262,246,富邦-中壢,2024-10-21,9636
00687B,國泰20年美債,212,31,181,富邦-中壢,2024-10-21,9636
00948B,中信優息投資級債,163,0,163,富邦-中壢,2024-10-21,9636
00679B,元大美債20年,189,28,161,富邦-中壢,2024-10-21,9636
00753L,中信中國50正2,211,55,156,富邦-中壢,2024-10-21,9636
00958B,永豐ESG銀行債15,117,0,117,富邦-中壢,2024-10-21,9636
00907,永豐優息存股,112,6,106,富邦-中壢,2024-10-21,9636
00940,元大台灣價值高息,196,90,106,富邦-中壢,2024-10-21,9636
00905,FT臺灣Smart,119,16,103,富邦-中壢,2024-10-21,9636
00887,永豐中國科技50大,149,54,95,富邦-中壢,2024-10-21,9636
2303,聯電,162,71,91,富邦-中壢,2024-10-21,9636
1301,台塑,77,0,77,富邦-中壢,2024-10-21,9636
2409,友達,81,6,75,富邦-中壢,2024-10-21,9636
00953B,群益優選非投等債,100,25,75,富邦-中壢,2024-10-21,9636
3209,全科,100,31,69,富邦-中壢,2024-10-21,9636
2313,華通,124,60,64,富邦-中壢,2024-10-21,9636
00706L,期元大S＆P日圓正2,61,0,61,富邦-中壢,2024-10-21,9636
00922,國泰台灣領袖50,102,42,60,富邦-中壢,2024-10-21,9636
00720B,元大投資級公司債,59,0,59,富邦-中壢,2024-10-21,9636
2312,金寶,147,90,57,富邦-中壢,2024-10-21,9636
2356,英業達,67,10,57,富邦-中壢,2024-10-21,9636
00725B,國泰投資級公司債,52,0,52,富邦-中壢,2024-10-21,9636
2884,玉山金,60,8,52,富邦-中壢,2024-10-21,9636
00960,野村全球航運龍頭,58,14,44,富邦-中壢,2024-10-21,9636
2882,國泰金,43,0,43,富邦-中壢,2024-10-21,9636
1432,大魯閣,40,0,40,富邦-中壢,2024-10-21,9636
2534,宏盛,40,0,40,富邦-中壢,2024-10-21,9636
00927,群益半導體收益,42,3,39,富邦-中壢,2024-10-21,9636
00751B,元大AAA至A公司債,39,1,38,富邦-中壢,2024-10-21,9636
2425,承啟,43,6,37,富邦-中壢,2024-10-21,9636
2887,台新金,36,0,36,富邦-中壢,2024-10-21,9636
3581,博磊,55,19,36,富邦-中壢,2024-10-21,9636
00955,中信日本商社,31,0,31,富邦-中壢,2024-10-21,9636
2891,中信金,132,102,30,富邦-中壢,2024-10-21,9636
2881,富邦金,36,7,29,富邦-中壢,2024-10-21,9636
00945B,凱基美國非投等債,39,10,29,富邦-中壢,2024-10-21,9636
4566,時碩工業,43,14,29,富邦-中壢,2024-10-21,9636
00696B,富邦美債20年,41,13,28,富邦-中壢,2024-10-21,9636
00642U,期元大S＆P石油,25,0,25,富邦-中壢,2024-10-21,9636
1785,光洋科,28,4,24,富邦-中壢,2024-10-21,9636
4562,穎漢,40,16,24,富邦-中壢,2024-10-21,9636
00882,中信中國高股息,35,11,24,富邦-中壢,2024-10-21,9636
3013,晟銘電,72,48,24,富邦-中壢,2024-10-21,9636
3447,展達,62,39,23,富邦-中壢,2024-10-21,9636
0056,元大高股息,53,30,23,富邦-中壢,2024-10-21,9636
2062,橋椿,27,6,21,富邦-中壢,2024-10-21,9636
00937B,群益ESG投等債20,892,173,719,富邦-中壢,2024-10-22,9636
00679B,元大美債20年,555,145,410,富邦-中壢,2024-10-22,9636
00680L,元大美債20正2,457,126,331,富邦-中壢,2024-10-22,9636
00687B,國泰20年美債,531,211,320,富邦-中壢,2024-10-22,9636
00688L,國泰20年美債正2,284,48,236,富邦-中壢,2024-10-22,9636
00954,中信日本半導體,151,0,151,富邦-中壢,2024-10-22,9636
2105,正新,124,1,123,富邦-中壢,2024-10-22,9636
00720B,元大投資級公司債,127,6,121,富邦-中壢,2024-10-22,9636
00887,永豐中國科技50大,150,39,111,富邦-中壢,2024-10-22,9636
3011,今皓,117,13,104,富邦-中壢,2024-10-22,9636
00725B,國泰投資級公司債,91,2,89,富邦-中壢,2024-10-22,9636
00905,FT臺灣Smart,81,1,80,富邦-中壢,2024-10-22,9636
00948B,中信優息投資級債,189,110,79,富邦-中壢,2024-10-22,9636
2363,矽統,239,165,74,富邦-中壢,2024-10-22,9636
00712,復華富時不動產,68,0,68,富邦-中壢,2024-10-22,9636
3581,博磊,71,8,63,富邦-中壢,2024-10-22,9636
00932,兆豐永續高息等權,55,0,55,富邦-中壢,2024-10-22,9636
00958B,永豐ESG銀行債15,53,0,53,富邦-中壢,2024-10-22,9636
2547,日勝生,50,0,50,富邦-中壢,2024-10-22,9636
2883,凱基金,62,14,48,富邦-中壢,2024-10-22,9636
00751B,元大AAA至A公司債,58,15,43,富邦-中壢,2024-10-22,9636
4540,全球傳動,104,61,43,富邦-中壢,2024-10-22,9636
00933B,國泰10Y+金融債,43,0,43,富邦-中壢,2024-10-22,9636
6763,綠界科技*,51,9,42,富邦-中壢,2024-10-22,9636
00945B,凱基美國非投等債,41,0,41,富邦-中壢,2024-10-22,9636
3290,東浦,43,5,38,富邦-中壢,2024-10-22,9636
00941,中信上游半導體,39,2,37,富邦-中壢,2024-10-22,9636
00922,國泰台灣領袖50,80,46,34,富邦-中壢,2024-10-22,9636
00637L,元大滬深300正2,82,49,33,富邦-中壢,2024-10-22,9636
5315,光聯,59,27,32,富邦-中壢,2024-10-22,9636
00753L,中信中國50正2,85,54,31,富邦-中壢,2024-10-22,9636
6742,澤米,55,24,31,富邦-中壢,2024-10-22,9636
2543,皇昌,35,5,30,富邦-中壢,2024-10-22,9636
2303,聯電,37,7,30,富邦-中壢,2024-10-22,9636
3551,世禾,31,1,30,富邦-中壢,2024-10-22,9636
8021,尖點,47,19,28,富邦-中壢,2024-10-22,9636
00942B,台新美A公司債20+,28,0,28,富邦-中壢,2024-10-22,9636
00931B,統一美債20年,30,3,27,富邦-中壢,2024-10-22,9636
5347,世界,42,15,27,富邦-中壢,2024-10-22,9636
4533,協易機,46,20,26,富邦-中壢,2024-10-22,9636
1301,台塑,28,2,26,富邦-中壢,2024-10-22,9636
00885,富邦越南,25,0,25,富邦-中壢,2024-10-22,9636
1528,恩德,40,15,25,富邦-中壢,2024-10-22,9636
2405,輔信,32,7,25,富邦-中壢,2024-10-22,9636
2002,中鋼,24,0,24,富邦-中壢,2024-10-22,9636
1605,華新,33,9,24,富邦-中壢,2024-10-22,9636
2330,台積電,28,5,23,富邦-中壢,2024-10-22,9636
6706,惠特,35,12,23,富邦-中壢,2024-10-22,9636
2312,金寶,44,21,23,富邦-中壢,2024-10-22,9636
8466,美吉吉-KY,22,0,22,富邦-中壢,2024-10-22,9636
2845,遠東銀,353,5,348,富邦-中壢,2024-10-23,9636
00679B,元大美債20年,313,1,312,富邦-中壢,2024-10-23,9636
00940,元大台灣價值高息,245,27,218,富邦-中壢,2024-10-23,9636
00937B,群益ESG投等債20,368,166,202,富邦-中壢,2024-10-23,9636
00665L,富邦�琤肭磪囓�2,291,105,186,富邦-中壢,2024-10-23,9636
3289,宜特,180,3,177,富邦-中壢,2024-10-23,9636
00725B,國泰投資級公司債,96,1,95,富邦-中壢,2024-10-23,9636
2431,聯昌,239,146,93,富邦-中壢,2024-10-23,9636
00887,永豐中國科技50大,87,0,87,富邦-中壢,2024-10-23,9636
00929,復華台灣科技優息,149,62,87,富邦-中壢,2024-10-23,9636
00712,復華富時不動產,87,5,82,富邦-中壢,2024-10-23,9636
6770,力積電,74,3,71,富邦-中壢,2024-10-23,9636
00950B,凱基A級公司債,68,0,68,富邦-中壢,2024-10-23,9636
0056,元大高股息,75,13,62,富邦-中壢,2024-10-23,9636
2834,臺企銀,60,0,60,富邦-中壢,2024-10-23,9636
00673R,期元大S＆P原油反1,59,0,59,富邦-中壢,2024-10-23,9636
00930,永豐ESG低碳高息,58,0,58,富邦-中壢,2024-10-23,9636
3303,岱稜,59,3,56,富邦-中壢,2024-10-23,9636
00680L,元大美債20正2,92,39,53,富邦-中壢,2024-10-23,9636
2542,興富發,77,27,50,富邦-中壢,2024-10-23,9636
3060,銘異,50,0,50,富邦-中壢,2024-10-23,9636
2102,泰豐,50,0,50,富邦-中壢,2024-10-23,9636
1810,和成,50,0,50,富邦-中壢,2024-10-23,9636
1309,台達化,54,4,50,富邦-中壢,2024-10-23,9636
00655L,國泰中國A50正2,50,0,50,富邦-中壢,2024-10-23,9636
4729,熒茂,53,4,49,富邦-中壢,2024-10-23,9636
2891,中信金,87,38,49,富邦-中壢,2024-10-23,9636
3049,精金,52,4,48,富邦-中壢,2024-10-23,9636
6530,創威,77,30,47,富邦-中壢,2024-10-23,9636
00706L,期元大S＆P日圓正2,87,40,47,富邦-中壢,2024-10-23,9636
8429,金麗-KY,44,0,44,富邦-中壢,2024-10-23,9636
00927,群益半導體收益,44,0,44,富邦-中壢,2024-10-23,9636
00949,復華日本龍頭,40,0,40,富邦-中壢,2024-10-23,9636
00953B,群益優選非投等債,36,0,36,富邦-中壢,2024-10-23,9636
00919,群益台灣精選高息,85,49,36,富邦-中壢,2024-10-23,9636
00915,凱基優選高股息30,50,15,35,富邦-中壢,2024-10-23,9636
00933B,國泰10Y+金融債,54,20,34,富邦-中壢,2024-10-23,9636
00632R,元大台灣50反1,38,4,34,富邦-中壢,2024-10-23,9636
00938,凱基優選30,34,0,34,富邦-中壢,2024-10-23,9636
00945B,凱基美國非投等債,34,0,34,富邦-中壢,2024-10-23,9636
3498,陽程,61,27,34,富邦-中壢,2024-10-23,9636
00905,FT臺灣Smart,36,3,33,富邦-中壢,2024-10-23,9636
2369,菱生,92,59,33,富邦-中壢,2024-10-23,9636
00959B,大華投等美債15Y+,33,0,33,富邦-中壢,2024-10-23,9636
2601,益航,47,17,30,富邦-中壢,2024-10-23,9636
00720B,元大投資級公司債,30,0,30,富邦-中壢,2024-10-23,9636
2303,聯電,51,21,30,富邦-中壢,2024-10-23,9636
2329,華泰,89,60,29,富邦-中壢,2024-10-23,9636
00900,富邦特選高股息30,36,7,29,富邦-中壢,2024-10-23,9636
00751B,元大AAA至A公司債,30,2,28,富邦-中壢,2024-10-23,9636
00650L,復華香港正2,403,1,402,富邦-中壢,2024-10-24,9636
00918,大華優利高填息30,274,10,264,富邦-中壢,2024-10-24,9636
00687B,國泰20年美債,257,31,226,富邦-中壢,2024-10-24,9636
2489,瑞軒,212,35,177,富邦-中壢,2024-10-24,9636
0056,元大高股息,186,27,159,富邦-中壢,2024-10-24,9636
00715L,期街口布蘭特正2,172,17,155,富邦-中壢,2024-10-24,9636
00919,群益台灣精選高息,171,24,147,富邦-中壢,2024-10-24,9636
00637L,元大滬深300正2,360,215,145,富邦-中壢,2024-10-24,9636
00929,復華台灣科技優息,244,101,143,富邦-中壢,2024-10-24,9636
2303,聯電,167,26,141,富邦-中壢,2024-10-24,9636
00937B,群益ESG投等債20,134,20,114,富邦-中壢,2024-10-24,9636
1314,中石化,103,0,103,富邦-中壢,2024-10-24,9636
00680L,元大美債20正2,122,20,102,富邦-中壢,2024-10-24,9636
00679B,元大美債20年,103,10,93,富邦-中壢,2024-10-24,9636
2329,華泰,130,37,93,富邦-中壢,2024-10-24,9636
4716,大立,125,32,93,富邦-中壢,2024-10-24,9636
00878,國泰永續高股息,91,13,78,富邦-中壢,2024-10-24,9636
1721,三晃,178,104,74,富邦-中壢,2024-10-24,9636
00960,野村全球航運龍頭,71,1,70,富邦-中壢,2024-10-24,9636
8021,尖點,76,9,67,富邦-中壢,2024-10-24,9636
00632R,元大台灣50反1,73,6,67,富邦-中壢,2024-10-24,9636
00948B,中信優息投資級債,66,0,66,富邦-中壢,2024-10-24,9636
00905,FT臺灣Smart,64,0,64,富邦-中壢,2024-10-24,9636
00725B,國泰投資級公司債,64,0,64,富邦-中壢,2024-10-24,9636
2388,威盛,89,28,61,富邦-中壢,2024-10-24,9636
00706L,期元大S＆P日圓正2,60,0,60,富邦-中壢,2024-10-24,9636
2317,鴻海,150,92,58,富邦-中壢,2024-10-24,9636
00665L,富邦�琤肭磪囓�2,150,93,57,富邦-中壢,2024-10-24,9636
3450,聯鈞,114,57,57,富邦-中壢,2024-10-24,9636
00753L,中信中國50正2,104,51,53,富邦-中壢,2024-10-24,9636
00674R,期元大S＆P黃金反1,50,0,50,富邦-中壢,2024-10-24,9636
1528,恩德,312,264,48,富邦-中壢,2024-10-24,9636
2887,台新金,47,1,46,富邦-中壢,2024-10-24,9636
2382,廣達,71,27,44,富邦-中壢,2024-10-24,9636
2399,映泰,142,99,43,富邦-中壢,2024-10-24,9636
3290,東浦,46,6,40,富邦-中壢,2024-10-24,9636
6770,力積電,63,24,39,富邦-中壢,2024-10-24,9636
2206,三陽工業,41,3,38,富邦-中壢,2024-10-24,9636
00887,永豐中國科技50大,47,10,37,富邦-中壢,2024-10-24,9636
2883,凱基金,38,1,37,富邦-中壢,2024-10-24,9636
00938,凱基優選30,42,6,36,富邦-中壢,2024-10-24,9636
00950B,凱基A級公司債,36,0,36,富邦-中壢,2024-10-24,9636
3715,定穎投控,72,37,35,富邦-中壢,2024-10-24,9636
1711,永光,69,35,34,富邦-中壢,2024-10-24,9636
1514,亞力,36,3,33,富邦-中壢,2024-10-24,9636
00633L,富邦上証正2,35,2,33,富邦-中壢,2024-10-24,9636
2363,矽統,44,12,32,富邦-中壢,2024-10-24,9636
2431,聯昌,232,200,32,富邦-中壢,2024-10-24,9636
2313,華通,41,10,31,富邦-中壢,2024-10-24,9636
00961,FT臺灣永續高息,30,0,30,富邦-中壢,2024-10-24,9636
2646,星宇航空,1213,319,894,富邦-中壢,2024-10-25,9636
00715L,期街口布蘭特正2,336,24,312,富邦-中壢,2024-10-25,9636
00937B,群益ESG投等債20,365,53,312,富邦-中壢,2024-10-25,9636
2845,遠東銀,300,0,300,富邦-中壢,2024-10-25,9636
00679B,元大美債20年,307,21,286,富邦-中壢,2024-10-25,9636
2495,普安,410,262,148,富邦-中壢,2024-10-25,9636
1314,中石化,221,106,115,富邦-中壢,2024-10-25,9636
2344,華邦電,101,4,97,富邦-中壢,2024-10-25,9636
4952,凌通,110,31,79,富邦-中壢,2024-10-25,9636
00932,兆豐永續高息等權,76,0,76,富邦-中壢,2024-10-25,9636
9105,泰金寶-DR,90,15,75,富邦-中壢,2024-10-25,9636
2303,聯電,78,5,73,富邦-中壢,2024-10-25,9636
00887,永豐中國科技50大,156,85,71,富邦-中壢,2024-10-25,9636
00688L,國泰20年美債正2,67,2,65,富邦-中壢,2024-10-25,9636
2374,佳能,73,12,61,富邦-中壢,2024-10-25,9636
00927,群益半導體收益,55,0,55,富邦-中壢,2024-10-25,9636
6288,聯嘉,89,38,51,富邦-中壢,2024-10-25,9636
00919,群益台灣精選高息,79,28,51,富邦-中壢,2024-10-25,9636
1524,耿鼎,76,27,49,富邦-中壢,2024-10-25,9636
2409,友達,48,4,44,富邦-中壢,2024-10-25,9636
8249,菱光,158,118,40,富邦-中壢,2024-10-25,9636
6283,淳安,63,30,33,富邦-中壢,2024-10-25,9636
4919,新唐,90,57,33,富邦-中壢,2024-10-25,9636
3047,訊舟,71,39,32,富邦-中壢,2024-10-25,9636
00712,復華富時不動產,34,3,31,富邦-中壢,2024-10-25,9636
00687B,國泰20年美債,55,24,31,富邦-中壢,2024-10-25,9636
00959B,大華投等美債15Y+,30,0,30,富邦-中壢,2024-10-25,9636
3710,連展投控,50,20,30,富邦-中壢,2024-10-25,9636
2399,映泰,60,32,28,富邦-中壢,2024-10-25,9636
00953B,群益優選非投等債,26,0,26,富邦-中壢,2024-10-25,9636
2867,三商壽,34,8,26,富邦-中壢,2024-10-25,9636
2106,建大,25,0,25,富邦-中壢,2024-10-25,9636
0056,元大高股息,43,18,25,富邦-中壢,2024-10-25,9636
00948B,中信優息投資級債,33,9,24,富邦-中壢,2024-10-25,9636
00915,凱基優選高股息30,33,9,24,富邦-中壢,2024-10-25,9636
2884,玉山金,26,3,23,富邦-中壢,2024-10-25,9636
6116,彩晶,22,0,22,富邦-中壢,2024-10-25,9636
2369,菱生,27,6,21,富邦-中壢,2024-10-25,9636
1536,和大,39,19,20,富邦-中壢,2024-10-25,9636
8171,天宇,20,0,20,富邦-中壢,2024-10-25,9636
00674R,期元大S＆P黃金反1,20,0,20,富邦-中壢,2024-10-25,9636
1319,東陽,25,5,20,富邦-中壢,2024-10-25,9636
00713,元大台灣高息低波,23,3,20,富邦-中壢,2024-10-25,9636
00795B,中信美國公債20年,19,0,19,富邦-中壢,2024-10-25,9636
3029,零壹,64,45,19,富邦-中壢,2024-10-25,9636
00949,復華日本龍頭,17,0,17,富邦-中壢,2024-10-25,9636
2890,永豐金,17,0,17,富邦-中壢,2024-10-25,9636
5488,松普,20,3,17,富邦-中壢,2024-10-25,9636
006208,富邦台50,23,6,17,富邦-中壢,2024-10-25,9636
6509,聚和,37,21,16,富邦-中壢,2024-10-25,9636
00680L,元大美債20正2,1030,106,924,富邦-中壢,2024-10-28,9636
00650L,復華香港正2,715,0,715,富邦-中壢,2024-10-28,9636
00715L,期街口布蘭特正2,574,17,557,富邦-中壢,2024-10-28,9636
00937B,群益ESG投等債20,491,101,390,富邦-中壢,2024-10-28,9636
00948B,中信優息投資級債,244,0,244,富邦-中壢,2024-10-28,9636
00943,兆豐電子高息等權,238,1,237,富邦-中壢,2024-10-28,9636
00938,凱基優選30,153,0,153,富邦-中壢,2024-10-28,9636
9105,泰金寶-DR,195,46,149,富邦-中壢,2024-10-28,9636
00687B,國泰20年美債,219,71,148,富邦-中壢,2024-10-28,9636
00633L,富邦上証正2,121,10,111,富邦-中壢,2024-10-28,9636
6770,力積電,125,26,99,富邦-中壢,2024-10-28,9636
2014,中鴻,100,2,98,富邦-中壢,2024-10-28,9636
00950B,凱基A級公司債,81,0,81,富邦-中壢,2024-10-28,9636
1314,中石化,203,128,75,富邦-中壢,2024-10-28,9636
1528,恩德,104,38,66,富邦-中壢,2024-10-28,9636
3013,晟銘電,96,31,65,富邦-中壢,2024-10-28,9636
2303,聯電,86,26,60,富邦-中壢,2024-10-28,9636
3581,博磊,66,6,60,富邦-中壢,2024-10-28,9636
2477,美隆電,136,79,57,富邦-中壢,2024-10-28,9636
3481,群創,87,30,57,富邦-中壢,2024-10-28,9636
00720B,元大投資級公司債,60,4,56,富邦-中壢,2024-10-28,9636
1301,台塑,87,36,51,富邦-中壢,2024-10-28,9636
4577,達航科技,50,0,50,富邦-中壢,2024-10-28,9636
4167,松瑞藥,61,12,49,富邦-中壢,2024-10-28,9636
6290,良維,47,0,47,富邦-中壢,2024-10-28,9636
2646,星宇航空,324,283,41,富邦-中壢,2024-10-28,9636
3105,穩懋,51,11,40,富邦-中壢,2024-10-28,9636
6742,澤米,41,1,40,富邦-中壢,2024-10-28,9636
00712,復華富時不動產,65,25,40,富邦-中壢,2024-10-28,9636
2888,新光金,38,0,38,富邦-中壢,2024-10-28,9636
2399,映泰,107,69,38,富邦-中壢,2024-10-28,9636
2317,鴻海,201,170,31,富邦-中壢,2024-10-28,9636
00642U,期元大S＆P石油,30,0,30,富邦-中壢,2024-10-28,9636
5202,力新,92,63,29,富邦-中壢,2024-10-28,9636
3363,上詮,30,2,28,富邦-中壢,2024-10-28,9636
3372,典範,30,2,28,富邦-中壢,2024-10-28,9636
2883,凱基金,33,5,28,富邦-中壢,2024-10-28,9636
00960,野村全球航運龍頭,27,1,26,富邦-中壢,2024-10-28,9636
00887,永豐中國科技50大,36,10,26,富邦-中壢,2024-10-28,9636
2603,長榮,41,17,24,富邦-中壢,2024-10-28,9636
00725B,國泰投資級公司債,24,0,24,富邦-中壢,2024-10-28,9636
2867,三商壽,34,10,24,富邦-中壢,2024-10-28,9636
00919,群益台灣精選高息,92,68,24,富邦-中壢,2024-10-28,9636
00795B,中信美國公債20年,23,0,23,富邦-中壢,2024-10-28,9636
6530,創威,39,16,23,富邦-中壢,2024-10-28,9636
3231,緯創,51,29,22,富邦-中壢,2024-10-28,9636
6143,振曜,22,1,21,富邦-中壢,2024-10-28,9636
3051,力特,29,9,20,富邦-中壢,2024-10-28,9636
2344,華邦電,32,12,20,富邦-中壢,2024-10-28,9636
1595,川寶,32,12,20,富邦-中壢,2024-10-28,9636
00929,復華台灣科技優息,658,172,486,富邦-中壢,2024-10-29,9636
00940,元大台灣價值高息,499,173,326,富邦-中壢,2024-10-29,9636
00919,群益台灣精選高息,397,89,308,富邦-中壢,2024-10-29,9636
00715L,期街口布蘭特正2,365,63,302,富邦-中壢,2024-10-29,9636
00878,國泰永續高股息,315,35,280,富邦-中壢,2024-10-29,9636
00712,復華富時不動產,301,35,266,富邦-中壢,2024-10-29,9636
2887,台新金,267,3,264,富邦-中壢,2024-10-29,9636
0056,元大高股息,254,11,243,富邦-中壢,2024-10-29,9636
3047,訊舟,238,32,206,富邦-中壢,2024-10-29,9636
00918,大華優利高填息30,174,0,174,富邦-中壢,2024-10-29,9636
9105,泰金寶-DR,112,0,112,富邦-中壢,2024-10-29,9636
2834,臺企銀,114,5,109,富邦-中壢,2024-10-29,9636
3062,建漢,115,8,107,富邦-中壢,2024-10-29,9636
2801,彰銀,101,1,100,富邦-中壢,2024-10-29,9636
006208,富邦台50,109,13,96,富邦-中壢,2024-10-29,9636
00891,中信關鍵半導體,130,39,91,富邦-中壢,2024-10-29,9636
2303,聯電,149,65,84,富邦-中壢,2024-10-29,9636
3308,聯德,104,22,82,富邦-中壢,2024-10-29,9636
00922,國泰台灣領袖50,69,5,64,富邦-中壢,2024-10-29,9636
00946,群益科技高息成長,65,1,64,富邦-中壢,2024-10-29,9636
00935,野村臺灣新科技50,60,0,60,富邦-中壢,2024-10-29,9636
2344,華邦電,65,10,55,富邦-中壢,2024-10-29,9636
00934,中信成長高股息,57,4,53,富邦-中壢,2024-10-29,9636
2614,東森,52,0,52,富邦-中壢,2024-10-29,9636
4577,達航科技,50,0,50,富邦-中壢,2024-10-29,9636
00881,國泰台灣5G+,67,18,49,富邦-中壢,2024-10-29,9636
2317,鴻海,235,188,47,富邦-中壢,2024-10-29,9636
2363,矽統,58,12,46,富邦-中壢,2024-10-29,9636
00930,永豐ESG低碳高息,45,0,45,富邦-中壢,2024-10-29,9636
2431,聯昌,107,66,41,富邦-中壢,2024-10-29,9636
6152,百一,41,0,41,富邦-中壢,2024-10-29,9636
00927,群益半導體收益,43,2,41,富邦-中壢,2024-10-29,9636
8044,網家,52,12,40,富邦-中壢,2024-10-29,9636
5227,立凱-KY,40,0,40,富邦-中壢,2024-10-29,9636
9945,潤泰新,40,3,37,富邦-中壢,2024-10-29,9636
00900,富邦特選高股息30,49,12,37,富邦-中壢,2024-10-29,9636
2880,華南金,36,0,36,富邦-中壢,2024-10-29,9636
2884,玉山金,35,0,35,富邦-中壢,2024-10-29,9636
00642U,期元大S＆P石油,34,0,34,富邦-中壢,2024-10-29,9636
6239,力成,36,3,33,富邦-中壢,2024-10-29,9636
00639,富邦深100,38,5,33,富邦-中壢,2024-10-29,9636
6164,華興,33,0,33,富邦-中壢,2024-10-29,9636
1808,潤隆,32,0,32,富邦-中壢,2024-10-29,9636
6142,友勁,43,11,32,富邦-中壢,2024-10-29,9636
2867,三商壽,36,4,32,富邦-中壢,2024-10-29,9636
3025,星通,41,9,32,富邦-中壢,2024-10-29,9636
2390,云辰,33,1,32,富邦-中壢,2024-10-29,9636
6133,金橋,96,65,31,富邦-中壢,2024-10-29,9636
2615,萬海,94,63,31,富邦-中壢,2024-10-29,9636
3481,群創,153,123,30,富邦-中壢,2024-10-29,9636
00633L,富邦上証正2,292,0,292,富邦-中壢,2024-10-30,9636
00650L,復華香港正2,291,4,287,富邦-中壢,2024-10-30,9636
2303,聯電,185,24,161,富邦-中壢,2024-10-30,9636
00637L,元大滬深300正2,417,257,160,富邦-中壢,2024-10-30,9636
00712,復華富時不動產,158,4,154,富邦-中壢,2024-10-30,9636
00688L,國泰20年美債正2,140,9,131,富邦-中壢,2024-10-30,9636
9105,泰金寶-DR,108,6,102,富邦-中壢,2024-10-30,9636
00715L,期街口布蘭特正2,105,10,95,富邦-中壢,2024-10-30,9636
2313,華通,130,36,94,富邦-中壢,2024-10-30,9636
00706L,期元大S＆P日圓正2,90,0,90,富邦-中壢,2024-10-30,9636
00878,國泰永續高股息,158,75,83,富邦-中壢,2024-10-30,9636
3162,精確,79,0,79,富邦-中壢,2024-10-30,9636
00959B,大華投等美債15Y+,78,0,78,富邦-中壢,2024-10-30,9636
00919,群益台灣精選高息,207,131,76,富邦-中壢,2024-10-30,9636
3481,群創,141,66,75,富邦-中壢,2024-10-30,9636
3047,訊舟,107,32,75,富邦-中壢,2024-10-30,9636
2477,美隆電,217,144,73,富邦-中壢,2024-10-30,9636
6770,力積電,83,13,70,富邦-中壢,2024-10-30,9636
00665L,富邦�琤肭磪囓�2,180,113,67,富邦-中壢,2024-10-30,9636
5438,東友,68,1,67,富邦-中壢,2024-10-30,9636
00882,中信中國高股息,99,41,58,富邦-中壢,2024-10-30,9636
00680L,元大美債20正2,66,13,53,富邦-中壢,2024-10-30,9636
2337,旺宏,63,12,51,富邦-中壢,2024-10-30,9636
00915,凱基優選高股息30,69,20,49,富邦-中壢,2024-10-30,9636
5603,陸海,49,0,49,富邦-中壢,2024-10-30,9636
2646,星宇航空,87,40,47,富邦-中壢,2024-10-30,9636
00953B,群益優選非投等債,56,10,46,富邦-中壢,2024-10-30,9636
0056,元大高股息,81,38,43,富邦-中壢,2024-10-30,9636
2344,華邦電,45,3,42,富邦-中壢,2024-10-30,9636
00932,兆豐永續高息等權,41,0,41,富邦-中壢,2024-10-30,9636
00948B,中信優息投資級債,40,0,40,富邦-中壢,2024-10-30,9636
4919,新唐,107,68,39,富邦-中壢,2024-10-30,9636
9945,潤泰新,42,3,39,富邦-中壢,2024-10-30,9636
00927,群益半導體收益,52,14,38,富邦-中壢,2024-10-30,9636
00753L,中信中國50正2,60,25,35,富邦-中壢,2024-10-30,9636
6257,矽格,40,5,35,富邦-中壢,2024-10-30,9636
00918,大華優利高填息30,50,16,34,富邦-中壢,2024-10-30,9636
2891,中信金,38,4,34,富邦-中壢,2024-10-30,9636
2399,映泰,130,96,34,富邦-中壢,2024-10-30,9636
00741B,富邦全球非投等債,32,0,32,富邦-中壢,2024-10-30,9636
00740B,富邦全球投等債,32,0,32,富邦-中壢,2024-10-30,9636
3031,佰鴻,31,0,31,富邦-中壢,2024-10-30,9636
00885,富邦越南,33,3,30,富邦-中壢,2024-10-30,9636
9904,寶成,32,2,30,富邦-中壢,2024-10-30,9636
00946,群益科技高息成長,37,9,28,富邦-中壢,2024-10-30,9636
00937B,群益ESG投等債20,118,91,27,富邦-中壢,2024-10-30,9636
00713,元大台灣高息低波,24,1,23,富邦-中壢,2024-10-30,9636
00720B,元大投資級公司債,24,1,23,富邦-中壢,2024-10-30,9636
2388,威盛,32,9,23,富邦-中壢,2024-10-30,9636
00639,富邦深100,22,0,22,富邦-中壢,2024-10-30,9636
00953B,群益優選非投等債,301,0,301,富邦-中壢,2024-11-01,9636
00878,國泰永續高股息,271,30,241,富邦-中壢,2024-11-01,9636
2303,聯電,219,17,202,富邦-中壢,2024-11-01,9636
0056,元大高股息,181,5,176,富邦-中壢,2024-11-01,9636
00929,復華台灣科技優息,297,123,174,富邦-中壢,2024-11-01,9636
00688L,國泰20年美債正2,185,18,167,富邦-中壢,2024-11-01,9636
00919,群益台灣精選高息,256,107,149,富邦-中壢,2024-11-01,9636
00830,國泰費城半導體,104,0,104,富邦-中壢,2024-11-01,9636
2354,鴻準,394,292,102,富邦-中壢,2024-11-01,9636
00954,中信日本半導體,102,0,102,富邦-中壢,2024-11-01,9636
00712,復華富時不動產,97,8,89,富邦-中壢,2024-11-01,9636
00941,中信上游半導體,85,0,85,富邦-中壢,2024-11-01,9636
2317,鴻海,120,42,78,富邦-中壢,2024-11-01,9636
00881,國泰台灣5G+,76,2,74,富邦-中壢,2024-11-01,9636
00633L,富邦上証正2,98,25,73,富邦-中壢,2024-11-01,9636
9105,泰金寶-DR,73,2,71,富邦-中壢,2024-11-01,9636
2646,星宇航空,78,17,61,富邦-中壢,2024-11-01,9636
2884,玉山金,68,7,61,富邦-中壢,2024-11-01,9636
2891,中信金,71,17,54,富邦-中壢,2024-11-01,9636
2845,遠東銀,53,0,53,富邦-中壢,2024-11-01,9636
2409,友達,60,9,51,富邦-中壢,2024-11-01,9636
00948B,中信優息投資級債,51,0,51,富邦-中壢,2024-11-01,9636
1326,台化,50,0,50,富邦-中壢,2024-11-01,9636
00922,國泰台灣領袖50,50,1,49,富邦-中壢,2024-11-01,9636
2344,華邦電,58,9,49,富邦-中壢,2024-11-01,9636
006208,富邦台50,50,4,46,富邦-中壢,2024-11-01,9636
00671R,富邦NASDAQ反1,48,5,43,富邦-中壢,2024-11-01,9636
00933B,國泰10Y+金融債,51,9,42,富邦-中壢,2024-11-01,9636
00960,野村全球航運龍頭,42,0,42,富邦-中壢,2024-11-01,9636
00687B,國泰20年美債,86,46,40,富邦-中壢,2024-11-01,9636
00673R,期元大S＆P原油反1,40,0,40,富邦-中壢,2024-11-01,9636
00713,元大台灣高息低波,40,0,40,富邦-中壢,2024-11-01,9636
00945B,凱基美國非投等債,38,0,38,富邦-中壢,2024-11-01,9636
00939,統一台灣高息動能,38,0,38,富邦-中壢,2024-11-01,9636
2834,臺企銀,38,0,38,富邦-中壢,2024-11-01,9636
00937B,群益ESG投等債20,74,37,37,富邦-中壢,2024-11-01,9636
00915,凱基優選高股息30,81,44,37,富邦-中壢,2024-11-01,9636
2887,台新金,38,1,37,富邦-中壢,2024-11-01,9636
00905,FT臺灣Smart,32,0,32,富邦-中壢,2024-11-01,9636
2892,第一金,32,0,32,富邦-中壢,2024-11-01,9636
00927,群益半導體收益,32,0,32,富邦-中壢,2024-11-01,9636
00850,元大臺灣ESG永續,31,0,31,富邦-中壢,2024-11-01,9636
2330,台積電,35,4,31,富邦-中壢,2024-11-01,9636
5603,陸海,30,0,30,富邦-中壢,2024-11-01,9636
00725B,國泰投資級公司債,33,3,30,富邦-中壢,2024-11-01,9636
2883,凱基金,27,0,27,富邦-中壢,2024-11-01,9636
00946,群益科技高息成長,27,0,27,富邦-中壢,2024-11-01,9636
00949,復華日本龍頭,26,0,26,富邦-中壢,2024-11-01,9636
2890,永豐金,25,0,25,富邦-中壢,2024-11-01,9636
00662,富邦NASDAQ,25,0,25,富邦-中壢,2024-11-01,9636
2889,國票金,597,2,595,富邦-中壢,2024-11-04,9636
00688L,國泰20年美債正2,373,0,373,富邦-中壢,2024-11-04,9636
2883,凱基金,411,42,369,富邦-中壢,2024-11-04,9636
00878,國泰永續高股息,354,29,325,富邦-中壢,2024-11-04,9636
00650L,復華香港正2,311,0,311,富邦-中壢,2024-11-04,9636
00937B,群益ESG投等債20,311,17,294,富邦-中壢,2024-11-04,9636
00919,群益台灣精選高息,207,48,159,富邦-中壢,2024-11-04,9636
00948B,中信優息投資級債,136,0,136,富邦-中壢,2024-11-04,9636
00712,復華富時不動產,134,0,134,富邦-中壢,2024-11-04,9636
00930,永豐ESG低碳高息,133,0,133,富邦-中壢,2024-11-04,9636
2303,聯電,129,4,125,富邦-中壢,2024-11-04,9636
00943,兆豐電子高息等權,110,0,110,富邦-中壢,2024-11-04,9636
00687B,國泰20年美債,148,38,110,富邦-中壢,2024-11-04,9636
2615,萬海,397,300,97,富邦-中壢,2024-11-04,9636
00679B,元大美債20年,141,52,89,富邦-中壢,2024-11-04,9636
3047,訊舟,92,6,86,富邦-中壢,2024-11-04,9636
5443,均豪,91,10,81,富邦-中壢,2024-11-04,9636
2609,陽明,144,71,73,富邦-中壢,2024-11-04,9636
00939,統一台灣高息動能,71,0,71,富邦-中壢,2024-11-04,9636
2408,南亞科,69,4,65,富邦-中壢,2024-11-04,9636
2801,彰銀,65,1,64,富邦-中壢,2024-11-04,9636
0056,元大高股息,106,46,60,富邦-中壢,2024-11-04,9636
00725B,國泰投資級公司債,56,0,56,富邦-中壢,2024-11-04,9636
1528,恩德,74,20,54,富邦-中壢,2024-11-04,9636
2431,聯昌,214,161,53,富邦-中壢,2024-11-04,9636
00720B,元大投資級公司債,53,1,52,富邦-中壢,2024-11-04,9636
3481,群創,101,53,48,富邦-中壢,2024-11-04,9636
2329,華泰,67,21,46,富邦-中壢,2024-11-04,9636
3207,耀勝,46,1,45,富邦-中壢,2024-11-04,9636
3581,博磊,41,1,40,富邦-中壢,2024-11-04,9636
3105,穩懋,45,6,39,富邦-中壢,2024-11-04,9636
00932,兆豐永續高息等權,40,1,39,富邦-中壢,2024-11-04,9636
00953B,群益優選非投等債,83,44,39,富邦-中壢,2024-11-04,9636
00933B,國泰10Y+金融債,53,16,37,富邦-中壢,2024-11-04,9636
00946,群益科技高息成長,91,55,36,富邦-中壢,2024-11-04,9636
9105,泰金寶-DR,180,144,36,富邦-中壢,2024-11-04,9636
00950B,凱基A級公司債,35,0,35,富邦-中壢,2024-11-04,9636
1815,富喬,34,1,33,富邦-中壢,2024-11-04,9636
2102,泰豐,30,0,30,富邦-中壢,2024-11-04,9636
00713,元大台灣高息低波,32,2,30,富邦-中壢,2024-11-04,9636
3162,精確,38,10,28,富邦-中壢,2024-11-04,9636
2495,普安,35,7,28,富邦-中壢,2024-11-04,9636
3189,景碩,31,5,26,富邦-中壢,2024-11-04,9636
1608,華榮,26,0,26,富邦-中壢,2024-11-04,9636
00945B,凱基美國非投等債,26,0,26,富邦-中壢,2024-11-04,9636
3019,亞光,62,36,26,富邦-中壢,2024-11-04,9636
2520,冠德,29,5,24,富邦-中壢,2024-11-04,9636
8011,台通,34,10,24,富邦-中壢,2024-11-04,9636
1416,廣豐,26,2,24,富邦-中壢,2024-11-04,9636
5347,世界,48,24,24,富邦-中壢,2024-11-04,9636
2888,新光金,336,37,299,富邦-中壢,2024-11-05,9636
00919,群益台灣精選高息,236,49,187,富邦-中壢,2024-11-05,9636
00712,復華富時不動產,158,0,158,富邦-中壢,2024-11-05,9636
2354,鴻準,447,292,155,富邦-中壢,2024-11-05,9636
00878,國泰永續高股息,182,32,150,富邦-中壢,2024-11-05,9636
00940,元大台灣價值高息,164,16,148,富邦-中壢,2024-11-05,9636
00637L,元大滬深300正2,304,188,116,富邦-中壢,2024-11-05,9636
2812,台中銀,103,0,103,富邦-中壢,2024-11-05,9636
4956,光鋐,142,39,103,富邦-中壢,2024-11-05,9636
9105,泰金寶-DR,106,20,86,富邦-中壢,2024-11-05,9636
00673R,期元大S＆P原油反1,75,0,75,富邦-中壢,2024-11-05,9636
3047,訊舟,53,0,53,富邦-中壢,2024-11-05,9636
00930,永豐ESG低碳高息,53,0,53,富邦-中壢,2024-11-05,9636
2317,鴻海,87,35,52,富邦-中壢,2024-11-05,9636
00937B,群益ESG投等債20,174,122,52,富邦-中壢,2024-11-05,9636
5603,陸海,46,0,46,富邦-中壢,2024-11-05,9636
00680L,元大美債20正2,62,26,36,富邦-中壢,2024-11-05,9636
8163,達方,35,0,35,富邦-中壢,2024-11-05,9636
00891,中信關鍵半導體,40,5,35,富邦-中壢,2024-11-05,9636
3062,建漢,59,25,34,富邦-中壢,2024-11-05,9636
6284,佳邦,34,0,34,富邦-中壢,2024-11-05,9636
0056,元大高股息,69,37,32,富邦-中壢,2024-11-05,9636
2365,昆盈,54,22,32,富邦-中壢,2024-11-05,9636
00948B,中信優息投資級債,34,3,31,富邦-中壢,2024-11-05,9636
3162,精確,30,0,30,富邦-中壢,2024-11-05,9636
2801,彰銀,30,2,28,富邦-中壢,2024-11-05,9636
00960,野村全球航運龍頭,26,0,26,富邦-中壢,2024-11-05,9636
00946,群益科技高息成長,25,0,25,富邦-中壢,2024-11-05,9636
6530,創威,96,72,24,富邦-中壢,2024-11-05,9636
8249,菱光,149,127,22,富邦-中壢,2024-11-05,9636
00752,中信中國50,21,1,20,富邦-中壢,2024-11-05,9636
5439,高技,20,0,20,富邦-中壢,2024-11-05,9636
2633,台灣高鐵,20,0,20,富邦-中壢,2024-11-05,9636
00830,國泰費城半導體,21,1,20,富邦-中壢,2024-11-05,9636
3013,晟銘電,36,17,19,富邦-中壢,2024-11-05,9636
2537,聯上發,20,1,19,富邦-中壢,2024-11-05,9636
2312,金寶,169,150,19,富邦-中壢,2024-11-05,9636
3711,日月光投控,22,4,18,富邦-中壢,2024-11-05,9636
6176,瑞儀,18,0,18,富邦-中壢,2024-11-05,9636
2329,華泰,25,8,17,富邦-中壢,2024-11-05,9636
00708L,期元大S＆P黃金正2,16,0,16,富邦-中壢,2024-11-05,9636
00795B,中信美國公債20年,15,0,15,富邦-中壢,2024-11-05,9636
5469,瀚宇博,15,0,15,富邦-中壢,2024-11-05,9636
2614,東森,15,0,15,富邦-中壢,2024-11-05,9636
2363,矽統,102,88,14,富邦-中壢,2024-11-05,9636
6191,精成科,15,1,14,富邦-中壢,2024-11-05,9636
6405,悅城,28,14,14,富邦-中壢,2024-11-05,9636
4903,聯光通,71,57,14,富邦-中壢,2024-11-05,9636
3189,景碩,16,3,13,富邦-中壢,2024-11-05,9636
2834,臺企銀,15,2,13,富邦-中壢,2024-11-05,9636
00650L,復華香港正2,951,22,929,富邦-中壢,2024-11-06,9636
00688L,國泰20年美債正2,536,17,519,富邦-中壢,2024-11-06,9636
00687B,國泰20年美債,487,73,414,富邦-中壢,2024-11-06,9636
00680L,元大美債20正2,842,460,382,富邦-中壢,2024-11-06,9636
00679B,元大美債20年,342,65,277,富邦-中壢,2024-11-06,9636
2303,聯電,331,60,271,富邦-中壢,2024-11-06,9636
00878,國泰永續高股息,276,61,215,富邦-中壢,2024-11-06,9636
00943,兆豐電子高息等權,199,0,199,富邦-中壢,2024-11-06,9636
00900,富邦特選高股息30,194,17,177,富邦-中壢,2024-11-06,9636
00948B,中信優息投資級債,151,0,151,富邦-中壢,2024-11-06,9636
00665L,富邦�琤肭磪囓�2,142,10,132,富邦-中壢,2024-11-06,9636
00753L,中信中國50正2,249,126,123,富邦-中壢,2024-11-06,9636
1449,佳和,155,50,105,富邦-中壢,2024-11-06,9636
00633L,富邦上証正2,130,39,91,富邦-中壢,2024-11-06,9636
00795B,中信美國公債20年,84,2,82,富邦-中壢,2024-11-06,9636
2431,聯昌,163,91,72,富邦-中壢,2024-11-06,9636
1307,三芳,74,6,68,富邦-中壢,2024-11-06,9636
3260,威剛,73,6,67,富邦-中壢,2024-11-06,9636
00713,元大台灣高息低波,72,7,65,富邦-中壢,2024-11-06,9636
3481,群創,163,97,66,富邦-中壢,2024-11-06,9636
8064,東捷,70,6,64,富邦-中壢,2024-11-06,9636
00915,凱基優選高股息30,74,16,58,富邦-中壢,2024-11-06,9636
00772B,中信高評級公司債,51,0,51,富邦-中壢,2024-11-06,9636
00648R,元大S＆P500反1,50,0,50,富邦-中壢,2024-11-06,9636
1528,恩德,97,48,49,富邦-中壢,2024-11-06,9636
00919,群益台灣精選高息,101,53,48,富邦-中壢,2024-11-06,9636
00932,兆豐永續高息等權,48,2,46,富邦-中壢,2024-11-06,9636
00938,凱基優選30,41,0,41,富邦-中壢,2024-11-06,9636
3162,精確,41,0,41,富邦-中壢,2024-11-06,9636
00676R,富邦臺灣加權反1,40,0,40,富邦-中壢,2024-11-06,9636
2609,陽明,84,45,39,富邦-中壢,2024-11-06,9636
2399,映泰,64,25,39,富邦-中壢,2024-11-06,9636
8249,菱光,113,75,38,富邦-中壢,2024-11-06,9636
00894,中信小資高價30,38,0,38,富邦-中壢,2024-11-06,9636
1303,南亞,47,10,37,富邦-中壢,2024-11-06,9636
4510,高鋒,56,20,36,富邦-中壢,2024-11-06,9636
2419,仲琦,66,34,32,富邦-中壢,2024-11-06,9636
00959B,大華投等美債15Y+,32,0,32,富邦-中壢,2024-11-06,9636
00934,中信成長高股息,33,4,29,富邦-中壢,2024-11-06,9636
00637L,元大滬深300正2,139,111,28,富邦-中壢,2024-11-06,9636
6152,百一,26,1,25,富邦-中壢,2024-11-06,9636
00877,復華中國5G,29,5,24,富邦-中壢,2024-11-06,9636
00950B,凱基A級公司債,23,0,23,富邦-中壢,2024-11-06,9636
2402,毅嘉,36,14,22,富邦-中壢,2024-11-06,9636
2385,群光,22,0,22,富邦-中壢,2024-11-06,9636
5347,世界,38,17,21,富邦-中壢,2024-11-06,9636
4956,光鋐,70,49,21,富邦-中壢,2024-11-06,9636
8047,星雲,22,1,21,富邦-中壢,2024-11-06,9636
4562,穎漢,30,10,20,富邦-中壢,2024-11-06,9636
9945,潤泰新,20,0,20,富邦-中壢,2024-11-06,9636
00932,兆豐永續高息等權,219,1,218,富邦-中壢,2024-11-07,9636
9105,泰金寶-DR,331,115,216,富邦-中壢,2024-11-07,9636
00706L,期元大S＆P日圓正2,150,0,150,富邦-中壢,2024-11-07,9636
00632R,元大台灣50反1,136,0,136,富邦-中壢,2024-11-07,9636
00688L,國泰20年美債正2,143,13,130,富邦-中壢,2024-11-07,9636
1815,富喬,230,112,118,富邦-中壢,2024-11-07,9636
2892,第一金,116,0,116,富邦-中壢,2024-11-07,9636
2303,聯電,212,99,113,富邦-中壢,2024-11-07,9636
00646,元大S＆P500,105,0,105,富邦-中壢,2024-11-07,9636
00878,國泰永續高股息,153,59,94,富邦-中壢,2024-11-07,9636
00951,台新日本半導體,96,2,94,富邦-中壢,2024-11-07,9636
3515,華擎,91,2,89,富邦-中壢,2024-11-07,9636
2314,台揚,143,56,87,富邦-中壢,2024-11-07,9636
2646,星宇航空,97,26,71,富邦-中壢,2024-11-07,9636
2851,中再保,64,0,64,富邦-中壢,2024-11-07,9636
00680L,元大美債20正2,313,255,58,富邦-中壢,2024-11-07,9636
1101,台泥,53,0,53,富邦-中壢,2024-11-07,9636
2376,技嘉,70,17,53,富邦-中壢,2024-11-07,9636
00639,富邦深100,58,7,51,富邦-中壢,2024-11-07,9636
1605,華新,53,7,46,富邦-中壢,2024-11-07,9636
00915,凱基優選高股息30,68,24,44,富邦-中壢,2024-11-07,9636
00712,復華富時不動產,46,3,43,富邦-中壢,2024-11-07,9636
00919,群益台灣精選高息,95,53,42,富邦-中壢,2024-11-07,9636
2615,萬海,68,27,41,富邦-中壢,2024-11-07,9636
2486,一詮,45,5,40,富邦-中壢,2024-11-07,9636
3708,上緯投控,40,0,40,富邦-中壢,2024-11-07,9636
2027,大成鋼,63,23,40,富邦-中壢,2024-11-07,9636
00795B,中信美國公債20年,41,1,40,富邦-中壢,2024-11-07,9636
00948B,中信優息投資級債,40,3,37,富邦-中壢,2024-11-07,9636
00953B,群益優選非投等債,37,0,37,富邦-中壢,2024-11-07,9636
3013,晟銘電,89,55,34,富邦-中壢,2024-11-07,9636
00637L,元大滬深300正2,178,144,34,富邦-中壢,2024-11-07,9636
00905,FT臺灣Smart,47,13,34,富邦-中壢,2024-11-07,9636
2497,怡利電,36,3,33,富邦-中壢,2024-11-07,9636
1536,和大,101,68,33,富邦-中壢,2024-11-07,9636
8111,立��,38,10,28,富邦-中壢,2024-11-07,9636
2880,華南金,32,5,27,富邦-中壢,2024-11-07,9636
5488,松普,33,6,27,富邦-中壢,2024-11-07,9636
2477,美隆電,33,7,26,富邦-中壢,2024-11-07,9636
2014,中鴻,104,79,25,富邦-中壢,2024-11-07,9636
4577,達航科技,25,0,25,富邦-中壢,2024-11-07,9636
1449,佳和,86,63,23,富邦-中壢,2024-11-07,9636
4979,華星光,41,19,22,富邦-中壢,2024-11-07,9636
00909,國泰數位支付服務,27,6,21,富邦-中壢,2024-11-07,9636
00921,兆豐龍頭等權重,20,0,20,富邦-中壢,2024-11-07,9636
8171,天宇,20,0,20,富邦-中壢,2024-11-07,9636
8176,智捷,20,0,20,富邦-中壢,2024-11-07,9636
3019,亞光,33,13,20,富邦-中壢,2024-11-07,9636
5438,東友,36,17,19,富邦-中壢,2024-11-07,9636
2489,瑞軒,25,8,17,富邦-中壢,2024-11-07,9636
00632R,元大台灣50反1,343,0,343,富邦-中壢,2024-11-08,9636
00650L,復華香港正2,321,33,288,富邦-中壢,2024-11-08,9636
2031,新光鋼,261,0,261,富邦-中壢,2024-11-08,9636
3481,群創,275,40,235,富邦-中壢,2024-11-08,9636
00878,國泰永續高股息,259,45,214,富邦-中壢,2024-11-08,9636
00676R,富邦臺灣加權反1,205,0,205,富邦-中壢,2024-11-08,9636
2883,凱基金,223,35,188,富邦-中壢,2024-11-08,9636
9105,泰金寶-DR,228,47,181,富邦-中壢,2024-11-08,9636
00930,永豐ESG低碳高息,117,0,117,富邦-中壢,2024-11-08,9636
3062,建漢,404,288,116,富邦-中壢,2024-11-08,9636
2354,鴻準,378,266,112,富邦-中壢,2024-11-08,9636
2812,台中銀,101,5,96,富邦-中壢,2024-11-08,9636
2409,友達,78,2,76,富邦-中壢,2024-11-08,9636
00919,群益台灣精選高息,78,4,74,富邦-中壢,2024-11-08,9636
2105,正新,72,0,72,富邦-中壢,2024-11-08,9636
2314,台揚,83,19,64,富邦-中壢,2024-11-08,9636
2913,農林,63,0,63,富邦-中壢,2024-11-08,9636
2388,威盛,67,11,56,富邦-中壢,2024-11-08,9636
2313,華通,68,18,50,富邦-中壢,2024-11-08,9636
00929,復華台灣科技優息,201,152,49,富邦-中壢,2024-11-08,9636
2888,新光金,100,53,47,富邦-中壢,2024-11-08,9636
2363,矽統,102,55,47,富邦-中壢,2024-11-08,9636
00943,兆豐電子高息等權,47,0,47,富邦-中壢,2024-11-08,9636
00706L,期元大S＆P日圓正2,45,0,45,富邦-中壢,2024-11-08,9636
2353,宏��,47,2,45,富邦-中壢,2024-11-08,9636
3162,精確,53,9,44,富邦-中壢,2024-11-08,9636
00948B,中信優息投資級債,83,39,44,富邦-中壢,2024-11-08,9636
00933B,國泰10Y+金融債,59,18,41,富邦-中壢,2024-11-08,9636
3581,博磊,40,1,39,富邦-中壢,2024-11-08,9636
1528,恩德,84,46,38,富邦-中壢,2024-11-08,9636
3037,欣興,77,39,38,富邦-中壢,2024-11-08,9636
00713,元大台灣高息低波,42,5,37,富邦-中壢,2024-11-08,9636
00915,凱基優選高股息30,57,20,37,富邦-中壢,2024-11-08,9636
6170,統振,37,0,37,富邦-中壢,2024-11-08,9636
6505,台塑化,35,0,35,富邦-中壢,2024-11-08,9636
2731,雄獅,43,9,34,富邦-中壢,2024-11-08,9636
6288,聯嘉,34,2,32,富邦-中壢,2024-11-08,9636
2618,長榮航,66,36,30,富邦-中壢,2024-11-08,9636
3189,景碩,38,9,29,富邦-中壢,2024-11-08,9636
3591,艾笛森,29,0,29,富邦-中壢,2024-11-08,9636
2344,華邦電,38,10,28,富邦-中壢,2024-11-08,9636
1722,台肥,27,0,27,富邦-中壢,2024-11-08,9636
2392,正崴,112,86,26,富邦-中壢,2024-11-08,9636
2646,星宇航空,44,18,26,富邦-中壢,2024-11-08,9636
8096,擎亞,82,57,25,富邦-中壢,2024-11-08,9636
2368,金像電,32,7,25,富邦-中壢,2024-11-08,9636
3450,聯鈞,97,72,25,富邦-中壢,2024-11-08,9636
3227,原相,27,3,24,富邦-中壢,2024-11-08,9636
00665L,富邦�琤肭磪囓�2,145,122,23,富邦-中壢,2024-11-08,9636
00893,國泰智能電動車,21,0,21,富邦-中壢,2024-11-08,9636
00919,群益台灣精選高息,1278,94,1184,富邦-中壢,2024-11-11,9636
00650L,復華香港正2,412,4,408,富邦-中壢,2024-11-11,9636
2834,臺企銀,318,10,308,富邦-中壢,2024-11-11,9636
00959B,大華投等美債15Y+,300,0,300,富邦-中壢,2024-11-11,9636
2812,台中銀,208,0,208,富邦-中壢,2024-11-11,9636
00715L,期街口布蘭特正2,233,38,195,富邦-中壢,2024-11-11,9636
00878,國泰永續高股息,250,89,161,富邦-中壢,2024-11-11,9636
00665L,富邦�琤肭磪囓�2,408,253,155,富邦-中壢,2024-11-11,9636
00671R,富邦NASDAQ反1,176,27,149,富邦-中壢,2024-11-11,9636
9105,泰金寶-DR,125,11,114,富邦-中壢,2024-11-11,9636
2486,一詮,119,14,105,富邦-中壢,2024-11-11,9636
00753L,中信中國50正2,213,114,99,富邦-中壢,2024-11-11,9636
2031,新光鋼,100,2,98,富邦-中壢,2024-11-11,9636
00945B,凱基美國非投等債,101,6,95,富邦-中壢,2024-11-11,9636
00713,元大台灣高息低波,87,1,86,富邦-中壢,2024-11-11,9636
3062,建漢,95,33,62,富邦-中壢,2024-11-11,9636
00633L,富邦上証正2,162,100,62,富邦-中壢,2024-11-11,9636
2337,旺宏,57,3,54,富邦-中壢,2024-11-11,9636
006208,富邦台50,56,3,53,富邦-中壢,2024-11-11,9636
00915,凱基優選高股息30,86,36,50,富邦-中壢,2024-11-11,9636
00648R,元大S＆P500反1,50,0,50,富邦-中壢,2024-11-11,9636
2376,技嘉,56,7,49,富邦-中壢,2024-11-11,9636
2354,鴻準,197,149,48,富邦-中壢,2024-11-11,9636
2409,友達,56,7,49,富邦-中壢,2024-11-11,9636
3303,岱稜,68,22,46,富邦-中壢,2024-11-11,9636
1605,華新,45,1,44,富邦-中壢,2024-11-11,9636
00668,國泰美國道瓊,44,0,44,富邦-中壢,2024-11-11,9636
6180,橘子,46,2,44,富邦-中壢,2024-11-11,9636
3231,緯創,87,48,39,富邦-中壢,2024-11-11,9636
2646,星宇航空,53,14,39,富邦-中壢,2024-11-11,9636
6152,百一,41,3,38,富邦-中壢,2024-11-11,9636
8436,大江,37,0,37,富邦-中壢,2024-11-11,9636
00664R,國泰臺灣加權反1,35,0,35,富邦-中壢,2024-11-11,9636
2312,金寶,47,12,35,富邦-中壢,2024-11-11,9636
00882,中信中國高股息,40,6,34,富邦-中壢,2024-11-11,9636
00948B,中信優息投資級債,98,64,34,富邦-中壢,2024-11-11,9636
00637L,元大滬深300正2,87,54,33,富邦-中壢,2024-11-11,9636
3481,群創,62,30,32,富邦-中壢,2024-11-11,9636
00924,復華S＆P500成長,32,0,32,富邦-中壢,2024-11-11,9636
0056,元大高股息,80,50,30,富邦-中壢,2024-11-11,9636
6128,上福,30,0,30,富邦-中壢,2024-11-11,9636
020039,元大加權N,30,0,30,富邦-中壢,2024-11-11,9636
2449,京元電子,80,52,28,富邦-中壢,2024-11-11,9636
2211,長榮鋼,27,0,27,富邦-中壢,2024-11-11,9636
00714,群益道瓊美國地產,27,0,27,富邦-中壢,2024-11-11,9636
4716,大立,31,4,27,富邦-中壢,2024-11-11,9636
00960,野村全球航運龍頭,27,0,27,富邦-中壢,2024-11-11,9636
1326,台化,26,0,26,富邦-中壢,2024-11-11,9636
2882,國泰金,26,1,25,富邦-中壢,2024-11-11,9636
2881,富邦金,26,1,25,富邦-中壢,2024-11-11,9636
00878,國泰永續高股息,792,26,766,富邦-中壢,2024-11-12,9636
00715L,期街口布蘭特正2,585,30,555,富邦-中壢,2024-11-12,9636
00680L,元大美債20正2,364,22,342,富邦-中壢,2024-11-12,9636
0056,元大高股息,275,9,266,富邦-中壢,2024-11-12,9636
006208,富邦台50,167,10,157,富邦-中壢,2024-11-12,9636
00919,群益台灣精選高息,163,27,136,富邦-中壢,2024-11-12,9636
00930,永豐ESG低碳高息,122,2,120,富邦-中壢,2024-11-12,9636
2883,凱基金,116,7,109,富邦-中壢,2024-11-12,9636
2812,台中銀,109,0,109,富邦-中壢,2024-11-12,9636
5871,中租-KY,119,11,108,富邦-中壢,2024-11-12,9636
00713,元大台灣高息低波,105,2,103,富邦-中壢,2024-11-12,9636
2356,英業達,171,77,94,富邦-中壢,2024-11-12,9636
3062,建漢,154,63,91,富邦-中壢,2024-11-12,9636
00753L,中信中國50正2,210,120,90,富邦-中壢,2024-11-12,9636
00650L,復華香港正2,88,0,88,富邦-中壢,2024-11-12,9636
00665L,富邦�琤肭磪囓�2,232,148,84,富邦-中壢,2024-11-12,9636
2002,中鋼,88,6,82,富邦-中壢,2024-11-12,9636
2317,鴻海,187,112,75,富邦-中壢,2024-11-12,9636
00882,中信中國高股息,75,5,70,富邦-中壢,2024-11-12,9636
2303,聯電,100,31,69,富邦-中壢,2024-11-12,9636
00915,凱基優選高股息30,132,66,66,富邦-中壢,2024-11-12,9636
2605,新興,80,15,65,富邦-中壢,2024-11-12,9636
3581,博磊,79,15,64,富邦-中壢,2024-11-12,9636
2409,友達,66,2,64,富邦-中壢,2024-11-12,9636
00943,兆豐電子高息等權,58,0,58,富邦-中壢,2024-11-12,9636
00953B,群益優選非投等債,60,3,57,富邦-中壢,2024-11-12,9636
2613,中櫃,73,18,55,富邦-中壢,2024-11-12,9636
2888,新光金,105,50,55,富邦-中壢,2024-11-12,9636
2892,第一金,56,2,54,富邦-中壢,2024-11-12,9636
00918,大華優利高填息30,56,2,54,富邦-中壢,2024-11-12,9636
2887,台新金,55,2,53,富邦-中壢,2024-11-12,9636
00941,中信上游半導體,54,6,48,富邦-中壢,2024-11-12,9636
2913,農林,48,1,47,富邦-中壢,2024-11-12,9636
2834,臺企銀,49,2,47,富邦-中壢,2024-11-12,9636
00891,中信關鍵半導體,46,0,46,富邦-中壢,2024-11-12,9636
00934,中信成長高股息,45,0,45,富邦-中壢,2024-11-12,9636
2615,萬海,104,59,45,富邦-中壢,2024-11-12,9636
00921,兆豐龍頭等權重,41,1,40,富邦-中壢,2024-11-12,9636
5243,乙盛-KY,138,100,38,富邦-中壢,2024-11-12,9636
00929,復華台灣科技優息,187,150,37,富邦-中壢,2024-11-12,9636
00922,國泰台灣領袖50,43,6,37,富邦-中壢,2024-11-12,9636
6116,彩晶,35,0,35,富邦-中壢,2024-11-12,9636
3481,群創,62,28,34,富邦-中壢,2024-11-12,9636
00885,富邦越南,36,2,34,富邦-中壢,2024-11-12,9636
2330,台積電,52,18,34,富邦-中壢,2024-11-12,9636
00639,富邦深100,40,7,33,富邦-中壢,2024-11-12,9636
00932,兆豐永續高息等權,33,0,33,富邦-中壢,2024-11-12,9636
00664R,國泰臺灣加權反1,35,2,33,富邦-中壢,2024-11-12,9636
1301,台塑,45,12,33,富邦-中壢,2024-11-12,9636
2882,國泰金,42,11,31,富邦-中壢,2024-11-12,9636
00878,國泰永續高股息,557,38,519,富邦-中壢,2024-11-13,9636
2834,臺企銀,206,10,196,富邦-中壢,2024-11-13,9636
00953B,群益優選非投等債,145,0,145,富邦-中壢,2024-11-13,9636
9105,泰金寶-DR,823,679,144,富邦-中壢,2024-11-13,9636
2887,台新金,144,11,133,富邦-中壢,2024-11-13,9636
00679B,元大美債20年,119,7,112,富邦-中壢,2024-11-13,9636
00937B,群益ESG投等債20,217,108,109,富邦-中壢,2024-11-13,9636
2323,中環,111,12,99,富邦-中壢,2024-11-13,9636
2891,中信金,132,33,99,富邦-中壢,2024-11-13,9636
2888,新光金,101,12,89,富邦-中壢,2024-11-13,9636
2883,凱基金,89,2,87,富邦-中壢,2024-11-13,9636
00706L,期元大S＆P日圓正2,85,0,85,富邦-中壢,2024-11-13,9636
3481,群創,100,17,83,富邦-中壢,2024-11-13,9636
00753L,中信中國50正2,218,137,81,富邦-中壢,2024-11-13,9636
0056,元大高股息,87,11,76,富邦-中壢,2024-11-13,9636
2801,彰銀,72,0,72,富邦-中壢,2024-11-13,9636
006208,富邦台50,88,25,63,富邦-中壢,2024-11-13,9636
00881,國泰台灣5G+,62,3,59,富邦-中壢,2024-11-13,9636
2329,華泰,61,6,55,富邦-中壢,2024-11-13,9636
2520,冠德,58,4,54,富邦-中壢,2024-11-13,9636
2408,南亞科,72,27,45,富邦-中壢,2024-11-13,9636
2646,星宇航空,56,11,45,富邦-中壢,2024-11-13,9636
2609,陽明,89,47,42,富邦-中壢,2024-11-13,9636
00882,中信中國高股息,56,15,41,富邦-中壢,2024-11-13,9636
1799,易威,48,7,41,富邦-中壢,2024-11-13,9636
2344,華邦電,55,14,41,富邦-中壢,2024-11-13,9636
00687B,國泰20年美債,87,51,36,富邦-中壢,2024-11-13,9636
2641,正德,37,1,36,富邦-中壢,2024-11-13,9636
2615,萬海,60,24,36,富邦-中壢,2024-11-13,9636
2392,正崴,121,86,35,富邦-中壢,2024-11-13,9636
2330,台積電,41,6,35,富邦-中壢,2024-11-13,9636
2349,錸德,248,214,34,富邦-中壢,2024-11-13,9636
2317,鴻海,69,38,31,富邦-中壢,2024-11-13,9636
00941,中信上游半導體,34,3,31,富邦-中壢,2024-11-13,9636
00665L,富邦�琤肭磪囓�2,168,137,31,富邦-中壢,2024-11-13,9636
00713,元大台灣高息低波,33,2,31,富邦-中壢,2024-11-13,9636
1513,中興電,34,4,30,富邦-中壢,2024-11-13,9636
00948B,中信優息投資級債,44,14,30,富邦-中壢,2024-11-13,9636
2303,聯電,52,23,29,富邦-中壢,2024-11-13,9636
0050,元大台灣50,39,10,29,富邦-中壢,2024-11-13,9636
8404,百和興業-KY,28,0,28,富邦-中壢,2024-11-13,9636
00720B,元大投資級公司債,43,16,27,富邦-中壢,2024-11-13,9636
00688L,國泰20年美債正2,29,2,27,富邦-中壢,2024-11-13,9636
00943,兆豐電子高息等權,27,0,27,富邦-中壢,2024-11-13,9636
3419,譁裕,33,6,27,富邦-中壢,2024-11-13,9636
2002,中鋼,27,1,26,富邦-中壢,2024-11-13,9636
3189,景碩,41,16,25,富邦-中壢,2024-11-13,9636
00795B,中信美國公債20年,25,0,25,富邦-中壢,2024-11-13,9636
00927,群益半導體收益,24,0,24,富邦-中壢,2024-11-13,9636
8089,康全電訊,43,19,24,富邦-中壢,2024-11-13,9636
00878,國泰永續高股息,1265,68,1197,富邦-中壢,2024-11-14,9636
2303,聯電,278,29,249,富邦-中壢,2024-11-14,9636
00954,中信日本半導體,203,0,203,富邦-中壢,2024-11-14,9636
0056,元大高股息,215,37,178,富邦-中壢,2024-11-14,9636
2887,台新金,157,0,157,富邦-中壢,2024-11-14,9636
00919,群益台灣精選高息,228,102,126,富邦-中壢,2024-11-14,9636
5880,合庫金,125,0,125,富邦-中壢,2024-11-14,9636
00679B,元大美債20年,134,20,114,富邦-中壢,2024-11-14,9636
00918,大華優利高填息30,117,13,104,富邦-中壢,2024-11-14,9636
00937B,群益ESG投等債20,136,34,102,富邦-中壢,2024-11-14,9636
00932,兆豐永續高息等權,88,0,88,富邦-中壢,2024-11-14,9636
6215,和椿,75,0,75,富邦-中壢,2024-11-14,9636
00948B,中信優息投資級債,73,0,73,富邦-中壢,2024-11-14,9636
00940,元大台灣價值高息,89,22,67,富邦-中壢,2024-11-14,9636
4931,新盛力,219,153,66,富邦-中壢,2024-11-14,9636
00945B,凱基美國非投等債,63,0,63,富邦-中壢,2024-11-14,9636
2408,南亞科,65,3,62,富邦-中壢,2024-11-14,9636
2851,中再保,68,6,62,富邦-中壢,2024-11-14,9636
00941,中信上游半導體,59,1,58,富邦-中壢,2024-11-14,9636
3481,群創,83,27,56,富邦-中壢,2024-11-14,9636
1301,台塑,56,2,54,富邦-中壢,2024-11-14,9636
2884,玉山金,62,11,51,富邦-中壢,2024-11-14,9636
1314,中石化,53,3,50,富邦-中壢,2024-11-14,9636
00713,元大台灣高息低波,68,23,45,富邦-中壢,2024-11-14,9636
006208,富邦台50,54,9,45,富邦-中壢,2024-11-14,9636
2892,第一金,47,3,44,富邦-中壢,2024-11-14,9636
00905,FT臺灣Smart,43,0,43,富邦-中壢,2024-11-14,9636
00953B,群益優選非投等債,45,5,40,富邦-中壢,2024-11-14,9636
4807,日成-KY,42,2,40,富邦-中壢,2024-11-14,9636
00943,兆豐電子高息等權,38,0,38,富邦-中壢,2024-11-14,9636
2027,大成鋼,40,3,37,富邦-中壢,2024-11-14,9636
2314,台揚,46,9,37,富邦-中壢,2024-11-14,9636
2449,京元電子,41,4,37,富邦-中壢,2024-11-14,9636
2002,中鋼,43,9,34,富邦-中壢,2024-11-14,9636
2515,中工,39,5,34,富邦-中壢,2024-11-14,9636
3021,鴻名,32,0,32,富邦-中壢,2024-11-14,9636
5263,智崴,34,3,31,富邦-中壢,2024-11-14,9636
8404,百和興業-KY,47,16,31,富邦-中壢,2024-11-14,9636
9945,潤泰新,40,9,31,富邦-中壢,2024-11-14,9636
2344,華邦電,63,33,30,富邦-中壢,2024-11-14,9636
00858,永豐美國500大,30,0,30,富邦-中壢,2024-11-14,9636
2376,技嘉,41,12,29,富邦-中壢,2024-11-14,9636
2337,旺宏,29,0,29,富邦-中壢,2024-11-14,9636
6770,力積電,37,9,28,富邦-中壢,2024-11-14,9636
2646,星宇航空,35,7,28,富邦-中壢,2024-11-14,9636
00891,中信關鍵半導體,27,0,27,富邦-中壢,2024-11-14,9636
2409,友達,53,26,27,富邦-中壢,2024-11-14,9636
2330,台積電,29,3,26,富邦-中壢,2024-11-14,9636
6282,康舒,51,26,25,富邦-中壢,2024-11-14,9636
2354,鴻準,199,174,25,富邦-中壢,2024-11-14,9636
00878,國泰永續高股息,1072,20,1052,富邦-中壢,2024-11-15,9636
00676R,富邦臺灣加權反1,300,0,300,富邦-中壢,2024-11-15,9636
3706,神達,388,237,151,富邦-中壢,2024-11-15,9636
00633L,富邦上証正2,172,21,151,富邦-中壢,2024-11-15,9636
2317,鴻海,187,49,138,富邦-中壢,2024-11-15,9636
00637L,元大滬深300正2,309,223,86,富邦-中壢,2024-11-15,9636
2382,廣達,149,75,74,富邦-中壢,2024-11-15,9636
6177,達麗,76,5,71,富邦-中壢,2024-11-15,9636
5014,建錩,59,0,59,富邦-中壢,2024-11-15,9636
00891,中信關鍵半導體,61,3,58,富邦-中壢,2024-11-15,9636
3231,緯創,81,33,48,富邦-中壢,2024-11-15,9636
2388,威盛,64,20,44,富邦-中壢,2024-11-15,9636
6405,悅城,77,37,40,富邦-中壢,2024-11-15,9636
1504,東元,50,11,39,富邦-中壢,2024-11-15,9636
00918,大華優利高填息30,40,3,37,富邦-中壢,2024-11-15,9636
5871,中租-KY,39,2,37,富邦-中壢,2024-11-15,9636
2002,中鋼,47,11,36,富邦-中壢,2024-11-15,9636
3013,晟銘電,89,56,33,富邦-中壢,2024-11-15,9636
2542,興富發,39,9,30,富邦-中壢,2024-11-15,9636
3021,鴻名,30,0,30,富邦-中壢,2024-11-15,9636
00930,永豐ESG低碳高息,33,5,28,富邦-中壢,2024-11-15,9636
006208,富邦台50,39,12,27,富邦-中壢,2024-11-15,9636
4956,光鋐,38,13,25,富邦-中壢,2024-11-15,9636
3260,威剛,23,0,23,富邦-中壢,2024-11-15,9636
8064,東捷,25,2,23,富邦-中壢,2024-11-15,9636
6179,亞通,22,0,22,富邦-中壢,2024-11-15,9636
5452,佶優,21,0,21,富邦-中壢,2024-11-15,9636
4977,眾達-KY,30,9,21,富邦-中壢,2024-11-15,9636
2489,瑞軒,26,5,21,富邦-中壢,2024-11-15,9636
3090,日電貿,51,31,20,富邦-中壢,2024-11-15,9636
2906,高林,20,0,20,富邦-中壢,2024-11-15,9636
2345,智邦,21,1,20,富邦-中壢,2024-11-15,9636
2303,聯電,49,29,20,富邦-中壢,2024-11-15,9636
5309,系統電,49,30,19,富邦-中壢,2024-11-15,9636
4950,牧東,18,0,18,富邦-中壢,2024-11-15,9636
00922,國泰台灣領袖50,18,1,17,富邦-中壢,2024-11-15,9636
2330,台積電,19,2,17,富邦-中壢,2024-11-15,9636
5534,長虹,16,0,16,富邦-中壢,2024-11-15,9636
00631L,元大台灣50正2,18,3,15,富邦-中壢,2024-11-15,9636
00713,元大台灣高息低波,16,2,14,富邦-中壢,2024-11-15,9636
00931B,統一美債20年,25,11,14,富邦-中壢,2024-11-15,9636
5227,立凱-KY,16,3,13,富邦-中壢,2024-11-15,9636
2301,光寶科,14,1,13,富邦-中壢,2024-11-15,9636
2324,仁寶,26,13,13,富邦-中壢,2024-11-15,9636
00932,兆豐永續高息等權,13,0,13,富邦-中壢,2024-11-15,9636
3390,旭軟,20,7,13,富邦-中壢,2024-11-15,9636
3017,奇鋐,39,27,12,富邦-中壢,2024-11-15,9636
4113,聯上,12,0,12,富邦-中壢,2024-11-15,9636
4714,永捷,12,0,12,富邦-中壢,2024-11-15,9636
8043,蜜望實,13,1,12,富邦-中壢,2024-11-15,9636
00878,國泰永續高股息,887,51,836,富邦-中壢,2024-11-18,9636
00715L,期街口布蘭特正2,263,42,221,富邦-中壢,2024-11-18,9636
2101,南港,200,4,196,富邦-中壢,2024-11-18,9636
3062,建漢,178,13,165,富邦-中壢,2024-11-18,9636
0056,元大高股息,147,30,117,富邦-中壢,2024-11-18,9636
00929,復華台灣科技優息,337,240,97,富邦-中壢,2024-11-18,9636
2312,金寶,299,207,92,富邦-中壢,2024-11-18,9636
006208,富邦台50,86,0,86,富邦-中壢,2024-11-18,9636
2354,鴻準,357,274,83,富邦-中壢,2024-11-18,9636
00943,兆豐電子高息等權,82,0,82,富邦-中壢,2024-11-18,9636
00706L,期元大S＆P日圓正2,80,0,80,富邦-中壢,2024-11-18,9636
00713,元大台灣高息低波,54,2,52,富邦-中壢,2024-11-18,9636
3374,精材,56,10,46,富邦-中壢,2024-11-18,9636
00924,復華S＆P500成長,45,0,45,富邦-中壢,2024-11-18,9636
8929,富堡,41,1,40,富邦-中壢,2024-11-18,9636
00753L,中信中國50正2,105,66,39,富邦-中壢,2024-11-18,9636
1326,台化,45,7,38,富邦-中壢,2024-11-18,9636
00930,永豐ESG低碳高息,37,0,37,富邦-中壢,2024-11-18,9636
2891,中信金,45,9,36,富邦-中壢,2024-11-18,9636
2881,富邦金,41,7,34,富邦-中壢,2024-11-18,9636
1442,名軒,52,20,32,富邦-中壢,2024-11-18,9636
3605,宏致,31,0,31,富邦-中壢,2024-11-18,9636
4729,熒茂,32,3,29,富邦-中壢,2024-11-18,9636
00919,群益台灣精選高息,85,57,28,富邦-中壢,2024-11-18,9636
00915,凱基優選高股息30,30,4,26,富邦-中壢,2024-11-18,9636
00885,富邦越南,26,0,26,富邦-中壢,2024-11-18,9636
00877,復華中國5G,27,1,26,富邦-中壢,2024-11-18,9636
00948B,中信優息投資級債,30,4,26,富邦-中壢,2024-11-18,9636
00830,國泰費城半導體,25,0,25,富邦-中壢,2024-11-18,9636
2603,長榮,30,5,25,富邦-中壢,2024-11-18,9636
3706,神達,178,153,25,富邦-中壢,2024-11-18,9636
2890,永豐金,31,8,23,富邦-中壢,2024-11-18,9636
2330,台積電,24,1,23,富邦-中壢,2024-11-18,9636
00631L,元大台灣50正2,25,3,22,富邦-中壢,2024-11-18,9636
00692,富邦公司治理,21,0,21,富邦-中壢,2024-11-18,9636
3024,憶聲,21,0,21,富邦-中壢,2024-11-18,9636
3711,日月光投控,25,4,21,富邦-中壢,2024-11-18,9636
2884,玉山金,40,20,20,富邦-中壢,2024-11-18,9636
6285,啟��,28,8,20,富邦-中壢,2024-11-18,9636
3037,欣興,38,18,20,富邦-中壢,2024-11-18,9636
1524,耿鼎,27,7,20,富邦-中壢,2024-11-18,9636
2897,王道銀行,20,0,20,富邦-中壢,2024-11-18,9636
1217,愛之味,22,2,20,富邦-中壢,2024-11-18,9636
0050,元大台灣50,20,0,20,富邦-中壢,2024-11-18,9636
00922,國泰台灣領袖50,38,18,20,富邦-中壢,2024-11-18,9636
00642U,期元大S＆P石油,19,0,19,富邦-中壢,2024-11-18,9636
2476,鉅祥,20,1,19,富邦-中壢,2024-11-18,9636
6176,瑞儀,19,0,19,富邦-中壢,2024-11-18,9636
00680L,元大美債20正2,25,6,19,富邦-中壢,2024-11-18,9636
1815,富喬,62,44,18,富邦-中壢,2024-11-18,9636
00676R,富邦臺灣加權反1,450,0,450,富邦-中壢,2024-11-19,9636
00633L,富邦上証正2,402,2,400,富邦-中壢,2024-11-19,9636
00878,國泰永續高股息,212,31,181,富邦-中壢,2024-11-19,9636
00637L,元大滬深300正2,338,168,170,富邦-中壢,2024-11-19,9636
2543,皇昌,118,7,111,富邦-中壢,2024-11-19,9636
2317,鴻海,106,27,79,富邦-中壢,2024-11-19,9636
2349,錸德,278,201,77,富邦-中壢,2024-11-19,9636
00953B,群益優選非投等債,60,0,60,富邦-中壢,2024-11-19,9636
2891,中信金,63,10,53,富邦-中壢,2024-11-19,9636
2031,新光鋼,50,0,50,富邦-中壢,2024-11-19,9636
4105,東洋,49,0,49,富邦-中壢,2024-11-19,9636
5388,中磊,48,0,48,富邦-中壢,2024-11-19,9636
00918,大華優利高填息30,47,1,46,富邦-中壢,2024-11-19,9636
00632R,元大台灣50反1,122,80,42,富邦-中壢,2024-11-19,9636
0056,元大高股息,71,32,39,富邦-中壢,2024-11-19,9636
2618,長榮航,55,18,37,富邦-中壢,2024-11-19,9636
2382,廣達,48,11,37,富邦-中壢,2024-11-19,9636
4931,新盛力,38,4,34,富邦-中壢,2024-11-19,9636
2884,玉山金,73,39,34,富邦-中壢,2024-11-19,9636
9105,泰金寶-DR,174,141,33,富邦-中壢,2024-11-19,9636
3231,緯創,60,28,32,富邦-中壢,2024-11-19,9636
00887,永豐中國科技50大,42,10,32,富邦-中壢,2024-11-19,9636
006208,富邦台50,38,7,31,富邦-中壢,2024-11-19,9636
00713,元大台灣高息低波,33,2,31,富邦-中壢,2024-11-19,9636
3481,群創,83,52,31,富邦-中壢,2024-11-19,9636
3032,偉訓,102,71,31,富邦-中壢,2024-11-19,9636
00930,永豐ESG低碳高息,32,2,30,富邦-中壢,2024-11-19,9636
8111,立��,41,11,30,富邦-中壢,2024-11-19,9636
00673R,期元大S＆P原油反1,28,0,28,富邦-中壢,2024-11-19,9636
1301,台塑,33,5,28,富邦-中壢,2024-11-19,9636
2890,永豐金,27,0,27,富邦-中壢,2024-11-19,9636
3164,景岳,26,0,26,富邦-中壢,2024-11-19,9636
3013,晟銘電,40,16,24,富邦-中壢,2024-11-19,9636
3062,建漢,57,35,22,富邦-中壢,2024-11-19,9636
00919,群益台灣精選高息,38,17,21,富邦-中壢,2024-11-19,9636
6151,晉倫,31,10,21,富邦-中壢,2024-11-19,9636
2495,普安,39,19,20,富邦-中壢,2024-11-19,9636
6175,立敦,20,0,20,富邦-中壢,2024-11-19,9636
00664R,國泰臺灣加權反1,20,0,20,富邦-中壢,2024-11-19,9636
2488,漢平,20,0,20,富邦-中壢,2024-11-19,9636
3090,日電貿,23,4,19,富邦-中壢,2024-11-19,9636
00915,凱基優選高股息30,50,31,19,富邦-中壢,2024-11-19,9636
6163,華電網,20,2,18,富邦-中壢,2024-11-19,9636
2637,慧洋-KY,18,0,18,富邦-中壢,2024-11-19,9636
00631L,元大台灣50正2,22,6,16,富邦-中壢,2024-11-19,9636
4927,泰鼎-KY,16,0,16,富邦-中壢,2024-11-19,9636
3209,全科,15,0,15,富邦-中壢,2024-11-19,9636
5871,中租-KY,21,7,14,富邦-中壢,2024-11-19,9636
00922,國泰台灣領袖50,15,2,13,富邦-中壢,2024-11-19,9636
2367,燿華,14,1,13,富邦-中壢,2024-11-19,9636
2890,永豐金,504,0,504,富邦-中壢,2024-11-20,9636
2354,鴻準,521,205,316,富邦-中壢,2024-11-20,9636
2356,英業達,246,100,146,富邦-中壢,2024-11-20,9636
00878,國泰永續高股息,131,17,114,富邦-中壢,2024-11-20,9636
1314,中石化,100,1,99,富邦-中壢,2024-11-20,9636
00940,元大台灣價值高息,141,44,97,富邦-中壢,2024-11-20,9636
00929,復華台灣科技優息,153,89,64,富邦-中壢,2024-11-20,9636
2543,皇昌,67,4,63,富邦-中壢,2024-11-20,9636
2002,中鋼,71,9,62,富邦-中壢,2024-11-20,9636
1808,潤隆,60,5,55,富邦-中壢,2024-11-20,9636
2329,華泰,66,14,52,富邦-中壢,2024-11-20,9636
6153,嘉聯益,50,0,50,富邦-中壢,2024-11-20,9636
006208,富邦台50,51,3,48,富邦-中壢,2024-11-20,9636
2330,台積電,51,5,46,富邦-中壢,2024-11-20,9636
2313,華通,47,2,45,富邦-中壢,2024-11-20,9636
3323,加百裕,102,60,42,富邦-中壢,2024-11-20,9636
00930,永豐ESG低碳高息,38,0,38,富邦-中壢,2024-11-20,9636
2312,金寶,149,114,35,富邦-中壢,2024-11-20,9636
0056,元大高股息,59,24,35,富邦-中壢,2024-11-20,9636
3231,緯創,47,15,32,富邦-中壢,2024-11-20,9636
6742,澤米,30,0,30,富邦-中壢,2024-11-20,9636
2889,國票金,28,0,28,富邦-中壢,2024-11-20,9636
3189,景碩,42,14,28,富邦-中壢,2024-11-20,9636
3447,展達,35,8,27,富邦-中壢,2024-11-20,9636
2408,南亞科,39,12,27,富邦-中壢,2024-11-20,9636
6187,萬潤,38,12,26,富邦-中壢,2024-11-20,9636
4729,熒茂,50,24,26,富邦-中壢,2024-11-20,9636
00922,國泰台灣領袖50,25,0,25,富邦-中壢,2024-11-20,9636
1303,南亞,24,0,24,富邦-中壢,2024-11-20,9636
8261,富鼎,30,6,24,富邦-中壢,2024-11-20,9636
1802,台玻,24,0,24,富邦-中壢,2024-11-20,9636
2495,普安,45,21,24,富邦-中壢,2024-11-20,9636
1301,台塑,26,3,23,富邦-中壢,2024-11-20,9636
3450,聯鈞,142,119,23,富邦-中壢,2024-11-20,9636
2332,友訊,57,34,23,富邦-中壢,2024-11-20,9636
2317,鴻海,62,40,22,富邦-中壢,2024-11-20,9636
2881,富邦金,29,7,22,富邦-中壢,2024-11-20,9636
2351,順德,22,0,22,富邦-中壢,2024-11-20,9636
1570,力肯,22,0,22,富邦-中壢,2024-11-20,9636
6873,泓德能源,21,0,21,富邦-中壢,2024-11-20,9636
4956,光鋐,110,90,20,富邦-中壢,2024-11-20,9636
00687B,國泰20年美債,21,1,20,富邦-中壢,2024-11-20,9636
00946,群益科技高息成長,21,2,19,富邦-中壢,2024-11-20,9636
00934,中信成長高股息,18,0,18,富邦-中壢,2024-11-20,9636
3167,大量,23,5,18,富邦-中壢,2024-11-20,9636
2303,聯電,29,12,17,富邦-中壢,2024-11-20,9636
5243,乙盛-KY,22,6,16,富邦-中壢,2024-11-20,9636
5498,凱崴,16,0,16,富邦-中壢,2024-11-20,9636
2887,台新金,43,28,15,富邦-中壢,2024-11-20,9636
00907,永豐優息存股,16,1,15,富邦-中壢,2024-11-20,9636
2890,永豐金,363,0,363,富邦-中壢,2024-11-21,9636
00878,國泰永續高股息,315,39,276,富邦-中壢,2024-11-21,9636
3062,建漢,209,5,204,富邦-中壢,2024-11-21,9636
00930,永豐ESG低碳高息,104,0,104,富邦-中壢,2024-11-21,9636
00953B,群益優選非投等債,105,2,103,富邦-中壢,2024-11-21,9636
2442,新美齊,100,1,99,富邦-中壢,2024-11-21,9636
2356,英業達,138,53,85,富邦-中壢,2024-11-21,9636
00937B,群益ESG投等債20,135,55,80,富邦-中壢,2024-11-21,9636
006208,富邦台50,88,8,80,富邦-中壢,2024-11-21,9636
3581,博磊,76,2,74,富邦-中壢,2024-11-21,9636
2317,鴻海,87,18,69,富邦-中壢,2024-11-21,9636
2444,兆勁,68,1,67,富邦-中壢,2024-11-21,9636
0056,元大高股息,84,18,66,富邦-中壢,2024-11-21,9636
2881,富邦金,63,2,61,富邦-中壢,2024-11-21,9636
2303,聯電,89,30,59,富邦-中壢,2024-11-21,9636
2449,京元電子,65,9,56,富邦-中壢,2024-11-21,9636
1471,首利,53,1,52,富邦-中壢,2024-11-21,9636
00712,復華富時不動產,50,0,50,富邦-中壢,2024-11-21,9636
2204,中華,134,93,41,富邦-中壢,2024-11-21,9636
2330,台積電,42,3,39,富邦-中壢,2024-11-21,9636
00922,國泰台灣領袖50,33,0,33,富邦-中壢,2024-11-21,9636
8104,錸寶,133,100,33,富邦-中壢,2024-11-21,9636
00919,群益台灣精選高息,98,67,31,富邦-中壢,2024-11-21,9636
00940,元大台灣價值高息,92,61,31,富邦-中壢,2024-11-21,9636
2349,錸德,355,325,30,富邦-中壢,2024-11-21,9636
00881,國泰台灣5G+,32,2,30,富邦-中壢,2024-11-21,9636
1446,宏和,33,4,29,富邦-中壢,2024-11-21,9636
6282,康舒,55,28,27,富邦-中壢,2024-11-21,9636
1301,台塑,27,1,26,富邦-中壢,2024-11-21,9636
4807,日成-KY,25,0,25,富邦-中壢,2024-11-21,9636
00830,國泰費城半導體,25,0,25,富邦-中壢,2024-11-21,9636
5871,中租-KY,22,1,21,富邦-中壢,2024-11-21,9636
2534,宏盛,20,0,20,富邦-中壢,2024-11-21,9636
1569,濱川,71,51,20,富邦-中壢,2024-11-21,9636
0050,元大台灣50,19,0,19,富邦-中壢,2024-11-21,9636
3702A,大聯大甲特,19,0,19,富邦-中壢,2024-11-21,9636
4956,光鋐,22,3,19,富邦-中壢,2024-11-21,9636
00909,國泰數位支付服務,28,10,18,富邦-中壢,2024-11-21,9636
3005,神基,19,1,18,富邦-中壢,2024-11-21,9636
2882,國泰金,37,20,17,富邦-中壢,2024-11-21,9636
1786,科妍,17,0,17,富邦-中壢,2024-11-21,9636
6156,松上,20,3,17,富邦-中壢,2024-11-21,9636
3006,晶豪科,18,1,17,富邦-中壢,2024-11-21,9636
2884,玉山金,48,32,16,富邦-中壢,2024-11-21,9636
0052,富邦科技,16,0,16,富邦-中壢,2024-11-21,9636
2409,友達,17,2,15,富邦-中壢,2024-11-21,9636
2399,映泰,51,36,15,富邦-中壢,2024-11-21,9636
3013,晟銘電,30,15,15,富邦-中壢,2024-11-21,9636
6821,聯寶,22,7,15,富邦-中壢,2024-11-21,9636
3447,展達,28,14,14,富邦-中壢,2024-11-21,9636
00633L,富邦上証正2,387,30,357,富邦-中壢,2024-11-22,9636
9105,泰金寶-DR,512,341,171,富邦-中壢,2024-11-22,9636
2834,臺企銀,101,3,98,富邦-中壢,2024-11-22,9636
2449,京元電子,94,18,76,富邦-中壢,2024-11-22,9636
2867,三商壽,79,10,69,富邦-中壢,2024-11-22,9636
00665L,富邦�琤肭磪囓�2,579,517,62,富邦-中壢,2024-11-22,9636
3593,力銘,54,0,54,富邦-中壢,2024-11-22,9636
00706L,期元大S＆P日圓正2,51,0,51,富邦-中壢,2024-11-22,9636
3447,展達,90,39,51,富邦-中壢,2024-11-22,9636
2609,陽明,106,56,50,富邦-中壢,2024-11-22,9636
3450,聯鈞,67,17,50,富邦-中壢,2024-11-22,9636
2615,萬海,119,70,49,富邦-中壢,2024-11-22,9636
2303,聯電,73,25,48,富邦-中壢,2024-11-22,9636
00673R,期元大S＆P原油反1,47,0,47,富邦-中壢,2024-11-22,9636
00915,凱基優選高股息30,53,7,46,富邦-中壢,2024-11-22,9636
00632R,元大台灣50反1,45,0,45,富邦-中壢,2024-11-22,9636
00878,國泰永續高股息,80,36,44,富邦-中壢,2024-11-22,9636
00753L,中信中國50正2,242,202,40,富邦-中壢,2024-11-22,9636
00882,中信中國高股息,33,0,33,富邦-中壢,2024-11-22,9636
00948B,中信優息投資級債,32,0,32,富邦-中壢,2024-11-22,9636
8114,振樺電,35,3,32,富邦-中壢,2024-11-22,9636
2356,英業達,85,54,31,富邦-中壢,2024-11-22,9636
2355,敬鵬,30,1,29,富邦-中壢,2024-11-22,9636
6271,同欣電,31,3,28,富邦-中壢,2024-11-22,9636
00909,國泰數位支付服務,35,7,28,富邦-中壢,2024-11-22,9636
4931,新盛力,29,2,27,富邦-中壢,2024-11-22,9636
2317,鴻海,42,17,25,富邦-中壢,2024-11-22,9636
3511,矽瑪,275,251,24,富邦-中壢,2024-11-22,9636
2353,宏��,25,2,23,富邦-中壢,2024-11-22,9636
8163,達方,92,69,23,富邦-中壢,2024-11-22,9636
8096,擎亞,23,1,22,富邦-中壢,2024-11-22,9636
3290,東浦,27,5,22,富邦-中壢,2024-11-22,9636
2204,中華,91,69,22,富邦-中壢,2024-11-22,9636
1216,統一,21,0,21,富邦-中壢,2024-11-22,9636
2881,富邦金,29,9,20,富邦-中壢,2024-11-22,9636
6151,晉倫,25,5,20,富邦-中壢,2024-11-22,9636
4903,聯光通,23,3,20,富邦-中壢,2024-11-22,9636
4513,福裕,39,20,19,富邦-中壢,2024-11-22,9636
5009,榮剛,20,1,19,富邦-中壢,2024-11-22,9636
00724B,群益投資級金融債,18,0,18,富邦-中壢,2024-11-22,9636
8261,富鼎,24,6,18,富邦-中壢,2024-11-22,9636
3323,加百裕,262,244,18,富邦-中壢,2024-11-22,9636
00960,野村全球航運龍頭,37,20,17,富邦-中壢,2024-11-22,9636
2354,鴻準,107,90,17,富邦-中壢,2024-11-22,9636
8044,網家,30,14,16,富邦-中壢,2024-11-22,9636
3702,大聯大,15,0,15,富邦-中壢,2024-11-22,9636
1587,吉茂,16,1,15,富邦-中壢,2024-11-22,9636
2891,中信金,32,17,15,富邦-中壢,2024-11-22,9636
2515,中工,25,10,15,富邦-中壢,2024-11-22,9636
6155,鈞寶,15,0,15,富邦-中壢,2024-11-22,9636
00633L,富邦上証正2,264,12,252,富邦-中壢,2024-11-25,9636
2312,金寶,469,325,144,富邦-中壢,2024-11-25,9636
00665L,富邦�琤肭磪囓�2,599,464,135,富邦-中壢,2024-11-25,9636
00632R,元大台灣50反1,126,0,126,富邦-中壢,2024-11-25,9636
2303,聯電,122,7,115,富邦-中壢,2024-11-25,9636
00919,群益台灣精選高息,156,47,109,富邦-中壢,2024-11-25,9636
00882,中信中國高股息,112,20,92,富邦-中壢,2024-11-25,9636
2331,精英,92,1,91,富邦-中壢,2024-11-25,9636
00930,永豐ESG低碳高息,85,1,84,富邦-中壢,2024-11-25,9636
2371,大同,94,13,81,富邦-中壢,2024-11-25,9636
00740B,富邦全球投等債,81,0,81,富邦-中壢,2024-11-25,9636
2542,興富發,88,10,78,富邦-中壢,2024-11-25,9636
5871,中租-KY,81,2,79,富邦-中壢,2024-11-25,9636
6271,同欣電,60,1,59,富邦-中壢,2024-11-25,9636
9105,泰金寶-DR,219,165,54,富邦-中壢,2024-11-25,9636
00909,國泰數位支付服務,52,0,52,富邦-中壢,2024-11-25,9636
5426,振發,73,24,49,富邦-中壢,2024-11-25,9636
6005,群益證,44,0,44,富邦-中壢,2024-11-25,9636
3380,明泰,60,19,41,富邦-中壢,2024-11-25,9636
2534,宏盛,40,0,40,富邦-中壢,2024-11-25,9636
1301,台塑,47,11,36,富邦-中壢,2024-11-25,9636
00673R,期元大S＆P原油反1,36,0,36,富邦-中壢,2024-11-25,9636
3710,連展投控,36,3,33,富邦-中壢,2024-11-25,9636
2603,長榮,44,12,32,富邦-中壢,2024-11-25,9636
8044,網家,118,87,31,富邦-中壢,2024-11-25,9636
00679B,元大美債20年,39,9,30,富邦-中壢,2024-11-25,9636
3037,欣興,33,8,25,富邦-中壢,2024-11-25,9636
00953B,群益優選非投等債,24,0,24,富邦-中壢,2024-11-25,9636
3712,永崴投控,98,75,23,富邦-中壢,2024-11-25,9636
2449,京元電子,31,8,23,富邦-中壢,2024-11-25,9636
2618,長榮航,77,54,23,富邦-中壢,2024-11-25,9636
2615,萬海,93,70,23,富邦-中壢,2024-11-25,9636
00934,中信成長高股息,27,4,23,富邦-中壢,2024-11-25,9636
1587,吉茂,28,6,22,富邦-中壢,2024-11-25,9636
5880,合庫金,22,0,22,富邦-中壢,2024-11-25,9636
00891,中信關鍵半導體,22,1,21,富邦-中壢,2024-11-25,9636
2027,大成鋼,31,11,20,富邦-中壢,2024-11-25,9636
2355,敬鵬,20,0,20,富邦-中壢,2024-11-25,9636
2354,鴻準,130,111,19,富邦-中壢,2024-11-25,9636
3051,力特,18,0,18,富邦-中壢,2024-11-25,9636
5213,亞昕,20,2,18,富邦-中壢,2024-11-25,9636
2520,冠德,21,3,18,富邦-中壢,2024-11-25,9636
2382,廣達,31,13,18,富邦-中壢,2024-11-25,9636
2367,燿華,69,52,17,富邦-中壢,2024-11-25,9636
2501,國建,25,8,17,富邦-中壢,2024-11-25,9636
3027,盛達,19,2,17,富邦-中壢,2024-11-25,9636
006208,富邦台50,21,4,17,富邦-中壢,2024-11-25,9636
4931,新盛力,17,1,16,富邦-中壢,2024-11-25,9636
6231,系微,17,1,16,富邦-中壢,2024-11-25,9636
3622,洋華,19,3,16,富邦-中壢,2024-11-25,9636
1101,台泥,587,17,570,富邦-中壢,2024-11-26,9636
00715L,期街口布蘭特正2,447,20,427,富邦-中壢,2024-11-26,9636
2317,鴻海,332,82,250,富邦-中壢,2024-11-26,9636
3231,緯創,165,27,138,富邦-中壢,2024-11-26,9636
2887,台新金,135,12,123,富邦-中壢,2024-11-26,9636
00878,國泰永續高股息,145,32,113,富邦-中壢,2024-11-26,9636
00680L,元大美債20正2,107,27,80,富邦-中壢,2024-11-26,9636
006208,富邦台50,72,0,72,富邦-中壢,2024-11-26,9636
9904,寶成,81,11,70,富邦-中壢,2024-11-26,9636
2371,大同,69,3,66,富邦-中壢,2024-11-26,9636
6558,興能高,101,40,61,富邦-中壢,2024-11-26,9636
4576,大銀微系統,59,2,57,富邦-中壢,2024-11-26,9636
2534,宏盛,50,1,49,富邦-中壢,2024-11-26,9636
00930,永豐ESG低碳高息,100,51,49,富邦-中壢,2024-11-26,9636
3706,神達,109,60,49,富邦-中壢,2024-11-26,9636
00919,群益台灣精選高息,72,29,43,富邦-中壢,2024-11-26,9636
5309,系統電,228,186,42,富邦-中壢,2024-11-26,9636
9105,泰金寶-DR,168,126,42,富邦-中壢,2024-11-26,9636
1810,和成,42,4,38,富邦-中壢,2024-11-26,9636
2330,台積電,38,3,35,富邦-中壢,2024-11-26,9636
6134,萬旭,59,25,34,富邦-中壢,2024-11-26,9636
2312,金寶,274,240,34,富邦-中壢,2024-11-26,9636
2344,華邦電,39,7,32,富邦-中壢,2024-11-26,9636
2314,台揚,33,2,31,富邦-中壢,2024-11-26,9636
8163,達方,31,1,30,富邦-中壢,2024-11-26,9636
00881,國泰台灣5G+,31,1,30,富邦-中壢,2024-11-26,9636
00965,元大航太防衛科技,117,88,29,富邦-中壢,2024-11-26,9636
1516,川飛,30,1,29,富邦-中壢,2024-11-26,9636
00937B,群益ESG投等債20,80,51,29,富邦-中壢,2024-11-26,9636
2609,陽明,65,37,28,富邦-中壢,2024-11-26,9636
1808,潤隆,28,0,28,富邦-中壢,2024-11-26,9636
1326,台化,29,2,27,富邦-中壢,2024-11-26,9636
0056,元大高股息,43,17,26,富邦-中壢,2024-11-26,9636
00633L,富邦上証正2,46,21,25,富邦-中壢,2024-11-26,9636
3419,譁裕,23,1,22,富邦-中壢,2024-11-26,9636
00713,元大台灣高息低波,22,1,21,富邦-中壢,2024-11-26,9636
2426,鼎元,34,13,21,富邦-中壢,2024-11-26,9636
3593,力銘,20,0,20,富邦-中壢,2024-11-26,9636
00905,FT臺灣Smart,20,0,20,富邦-中壢,2024-11-26,9636
020039,元大加權N,20,0,20,富邦-中壢,2024-11-26,9636
2419,仲琦,113,94,19,富邦-中壢,2024-11-26,9636
00922,國泰台灣領袖50,19,1,18,富邦-中壢,2024-11-26,9636
6443,元晶,19,2,17,富邦-中壢,2024-11-26,9636
1809,中釉,20,3,17,富邦-中壢,2024-11-26,9636
00772B,中信高評級公司債,17,0,17,富邦-中壢,2024-11-26,9636
6288,聯嘉,55,38,17,富邦-中壢,2024-11-26,9636
2615,萬海,104,87,17,富邦-中壢,2024-11-26,9636
3481,群創,52,36,16,富邦-中壢,2024-11-26,9636
3380,明泰,28,12,16,富邦-中壢,2024-11-26,9636
2812,台中銀,16,0,16,富邦-中壢,2024-11-26,9636
00878,國泰永續高股息,588,19,569,富邦-中壢,2024-11-27,9636
00919,群益台灣精選高息,386,20,366,富邦-中壢,2024-11-27,9636
0056,元大高股息,346,49,297,富邦-中壢,2024-11-27,9636
00706L,期元大S＆P日圓正2,245,0,245,富邦-中壢,2024-11-27,9636
1303,南亞,185,1,184,富邦-中壢,2024-11-27,9636
2890,永豐金,200,22,178,富邦-中壢,2024-11-27,9636
00940,元大台灣價值高息,231,74,157,富邦-中壢,2024-11-27,9636
2303,聯電,190,34,156,富邦-中壢,2024-11-27,9636
3231,緯創,466,315,151,富邦-中壢,2024-11-27,9636
2812,台中銀,158,9,149,富邦-中壢,2024-11-27,9636
2317,鴻海,222,117,105,富邦-中壢,2024-11-27,9636
00930,永豐ESG低碳高息,106,14,92,富邦-中壢,2024-11-27,9636
2201,裕隆,83,0,83,富邦-中壢,2024-11-27,9636
2002,中鋼,86,9,77,富邦-中壢,2024-11-27,9636
006208,富邦台50,85,15,70,富邦-中壢,2024-11-27,9636
9105,泰金寶-DR,186,118,68,富邦-中壢,2024-11-27,9636
00960,野村全球航運龍頭,69,2,67,富邦-中壢,2024-11-27,9636
00715L,期街口布蘭特正2,65,0,65,富邦-中壢,2024-11-27,9636
1808,潤隆,62,1,61,富邦-中壢,2024-11-27,9636
00922,國泰台灣領袖50,70,10,60,富邦-中壢,2024-11-27,9636
3622,洋華,54,1,53,富邦-中壢,2024-11-27,9636
3380,明泰,82,30,52,富邦-中壢,2024-11-27,9636
00881,國泰台灣5G+,63,12,51,富邦-中壢,2024-11-27,9636
6770,力積電,55,4,51,富邦-中壢,2024-11-27,9636
2330,台積電,59,8,51,富邦-中壢,2024-11-27,9636
9945,潤泰新,94,45,49,富邦-中壢,2024-11-27,9636
2881,富邦金,60,12,48,富邦-中壢,2024-11-27,9636
6962,ITH-KY,46,3,43,富邦-中壢,2024-11-27,9636
4562,穎漢,100,57,43,富邦-中壢,2024-11-27,9636
2543,皇昌,58,16,42,富邦-中壢,2024-11-27,9636
2344,華邦電,91,49,42,富邦-中壢,2024-11-27,9636
2537,聯上發,42,0,42,富邦-中壢,2024-11-27,9636
00946,群益科技高息成長,41,0,41,富邦-中壢,2024-11-27,9636
2867,三商壽,44,3,41,富邦-中壢,2024-11-27,9636
1536,和大,131,91,40,富邦-中壢,2024-11-27,9636
2204,中華,60,20,40,富邦-中壢,2024-11-27,9636
6505,台塑化,39,1,38,富邦-中壢,2024-11-27,9636
2884,玉山金,68,31,37,富邦-中壢,2024-11-27,9636
2409,友達,35,0,35,富邦-中壢,2024-11-27,9636
2408,南亞科,38,4,34,富邦-中壢,2024-11-27,9636
3090,日電貿,61,27,34,富邦-中壢,2024-11-27,9636
00891,中信關鍵半導體,33,0,33,富邦-中壢,2024-11-27,9636
00915,凱基優選高股息30,51,19,32,富邦-中壢,2024-11-27,9636
00923,群益台ESG低碳50,38,6,32,富邦-中壢,2024-11-27,9636
3037,欣興,36,6,30,富邦-中壢,2024-11-27,9636
1605,華新,34,6,28,富邦-中壢,2024-11-27,9636
2392,正崴,112,84,28,富邦-中壢,2024-11-27,9636
5309,系統電,250,224,26,富邦-中壢,2024-11-27,9636
00934,中信成長高股息,33,7,26,富邦-中壢,2024-11-27,9636
00885,富邦越南,32,6,26,富邦-中壢,2024-11-27,9636
00878,國泰永續高股息,555,19,536,富邦-中壢,2024-11-28,9636
00919,群益台灣精選高息,339,39,300,富邦-中壢,2024-11-28,9636
2312,金寶,384,119,265,富邦-中壢,2024-11-28,9636
0056,元大高股息,260,22,238,富邦-中壢,2024-11-28,9636
00942B,台新美A公司債20+,200,12,188,富邦-中壢,2024-11-28,9636
2002,中鋼,177,1,176,富邦-中壢,2024-11-28,9636
9105,泰金寶-DR,238,63,175,富邦-中壢,2024-11-28,9636
00712,復華富時不動產,272,123,149,富邦-中壢,2024-11-28,9636
00891,中信關鍵半導體,101,0,101,富邦-中壢,2024-11-28,9636
3162,精確,105,6,99,富邦-中壢,2024-11-28,9636
00633L,富邦上証正2,138,41,97,富邦-中壢,2024-11-28,9636
2867,三商壽,85,5,80,富邦-中壢,2024-11-28,9636
00915,凱基優選高股息30,72,6,66,富邦-中壢,2024-11-28,9636
3591,艾笛森,77,12,65,富邦-中壢,2024-11-28,9636
4927,泰鼎-KY,75,14,61,富邦-中壢,2024-11-28,9636
00940,元大台灣價值高息,206,146,60,富邦-中壢,2024-11-28,9636
2313,華通,64,8,56,富邦-中壢,2024-11-28,9636
00933B,國泰10Y+金融債,67,11,56,富邦-中壢,2024-11-28,9636
2303,聯電,148,95,53,富邦-中壢,2024-11-28,9636
2371,大同,65,13,52,富邦-中壢,2024-11-28,9636
00680L,元大美債20正2,85,41,44,富邦-中壢,2024-11-28,9636
5880,合庫金,43,0,43,富邦-中壢,2024-11-28,9636
2369,菱生,54,11,43,富邦-中壢,2024-11-28,9636
2887,台新金,66,25,41,富邦-中壢,2024-11-28,9636
006208,富邦台50,54,14,40,富邦-中壢,2024-11-28,9636
3447,展達,49,14,35,富邦-中壢,2024-11-28,9636
00930,永豐ESG低碳高息,36,2,34,富邦-中壢,2024-11-28,9636
00905,FT臺灣Smart,34,1,33,富邦-中壢,2024-11-28,9636
00950B,凱基A級公司債,33,0,33,富邦-中壢,2024-11-28,9636
9904,寶成,32,0,32,富邦-中壢,2024-11-28,9636
3711,日月光投控,34,2,32,富邦-中壢,2024-11-28,9636
2317,鴻海,100,68,32,富邦-中壢,2024-11-28,9636
00946,群益科技高息成長,30,0,30,富邦-中壢,2024-11-28,9636
00637L,元大滬深300正2,57,27,30,富邦-中壢,2024-11-28,9636
00715L,期街口布蘭特正2,72,42,30,富邦-中壢,2024-11-28,9636
00665L,富邦�琤肭磪囓�2,415,387,28,富邦-中壢,2024-11-28,9636
00922,國泰台灣領袖50,29,1,28,富邦-中壢,2024-11-28,9636
2615,萬海,80,52,28,富邦-中壢,2024-11-28,9636
5309,系統電,159,133,26,富邦-中壢,2024-11-28,9636
00948B,中信優息投資級債,55,30,25,富邦-中壢,2024-11-28,9636
3419,譁裕,32,7,25,富邦-中壢,2024-11-28,9636
1605,華新,27,2,25,富邦-中壢,2024-11-28,9636
2419,仲琦,59,35,24,富邦-中壢,2024-11-28,9636
2801,彰銀,23,1,22,富邦-中壢,2024-11-28,9636
2405,輔信,23,1,22,富邦-中壢,2024-11-28,9636
2330,台積電,28,6,22,富邦-中壢,2024-11-28,9636
5871,中租-KY,21,0,21,富邦-中壢,2024-11-28,9636
8038,長園科,22,1,21,富邦-中壢,2024-11-28,9636
3202,樺晟,20,0,20,富邦-中壢,2024-11-28,9636
2891,中信金,29,9,20,富邦-中壢,2024-11-28,9636
00712,復華富時不動產,353,31,322,富邦-中壢,2024-11-29,9636
00919,群益台灣精選高息,184,38,146,富邦-中壢,2024-11-29,9636
0056,元大高股息,149,21,128,富邦-中壢,2024-11-29,9636
00878,國泰永續高股息,214,86,128,富邦-中壢,2024-11-29,9636
3447,展達,85,5,80,富邦-中壢,2024-11-29,9636
5388,中磊,66,0,66,富邦-中壢,2024-11-29,9636
00915,凱基優選高股息30,57,5,52,富邦-中壢,2024-11-29,9636
2534,宏盛,51,0,51,富邦-中壢,2024-11-29,9636
2891,中信金,95,45,50,富邦-中壢,2024-11-29,9636
2543,皇昌,54,4,50,富邦-中壢,2024-11-29,9636
2886,兆豐金,53,5,48,富邦-中壢,2024-11-29,9636
2887,台新金,67,20,47,富邦-中壢,2024-11-29,9636
1301,台塑,51,5,46,富邦-中壢,2024-11-29,9636
2303,聯電,70,24,46,富邦-中壢,2024-11-29,9636
2881,富邦金,49,3,46,富邦-中壢,2024-11-29,9636
2603,長榮,56,10,46,富邦-中壢,2024-11-29,9636
3162,精確,45,10,35,富邦-中壢,2024-11-29,9636
1524,耿鼎,35,3,32,富邦-中壢,2024-11-29,9636
00929,復華台灣科技優息,58,26,32,富邦-中壢,2024-11-29,9636
2330,台積電,41,10,31,富邦-中壢,2024-11-29,9636
2884,玉山金,70,40,30,富邦-中壢,2024-11-29,9636
006208,富邦台50,31,2,29,富邦-中壢,2024-11-29,9636
4743,合一,34,6,28,富邦-中壢,2024-11-29,9636
3056,富華新,27,0,27,富邦-中壢,2024-11-29,9636
00713,元大台灣高息低波,32,6,26,富邦-中壢,2024-11-29,9636
2880,華南金,31,5,26,富邦-中壢,2024-11-29,9636
8111,立��,30,4,26,富邦-中壢,2024-11-29,9636
3202,樺晟,30,4,26,富邦-中壢,2024-11-29,9636
2408,南亞科,27,2,25,富邦-中壢,2024-11-29,9636
2442,新美齊,25,0,25,富邦-中壢,2024-11-29,9636
3622,洋華,25,0,25,富邦-中壢,2024-11-29,9636
3037,欣興,36,11,25,富邦-中壢,2024-11-29,9636
2317,鴻海,158,134,24,富邦-中壢,2024-11-29,9636
2892,第一金,34,10,24,富邦-中壢,2024-11-29,9636
3706,神達,623,600,23,富邦-中壢,2024-11-29,9636
6770,力積電,29,5,24,富邦-中壢,2024-11-29,9636
2002,中鋼,67,43,24,富邦-中壢,2024-11-29,9636
00687B,國泰20年美債,83,60,23,富邦-中壢,2024-11-29,9636
6152,百一,21,0,21,富邦-中壢,2024-11-29,9636
00930,永豐ESG低碳高息,22,2,20,富邦-中壢,2024-11-29,9636
00921,兆豐龍頭等權重,20,0,20,富邦-中壢,2024-11-29,9636
3090,日電貿,41,21,20,富邦-中壢,2024-11-29,9636
3290,東浦,21,1,20,富邦-中壢,2024-11-29,9636
2472,立隆電,20,0,20,富邦-中壢,2024-11-29,9636
6830,汎銓,21,2,19,富邦-中壢,2024-11-29,9636
3231,緯創,62,44,18,富邦-中壢,2024-11-29,9636
00922,國泰台灣領袖50,21,4,17,富邦-中壢,2024-11-29,9636
6127,九豪,42,25,17,富邦-中壢,2024-11-29,9636
6505,台塑化,19,3,16,富邦-中壢,2024-11-29,9636
00948B,中信優息投資級債,52,36,16,富邦-中壢,2024-11-29,9636
00712,復華富時不動產,407,1,406,富邦-中壢,2024-12-02,9636
00715L,期街口布蘭特正2,181,21,160,富邦-中壢,2024-12-02,9636
1528,恩德,128,27,101,富邦-中壢,2024-12-02,9636
00632R,元大台灣50反1,175,80,95,富邦-中壢,2024-12-02,9636
00918,大華優利高填息30,92,9,83,富邦-中壢,2024-12-02,9636
2317,鴻海,93,20,73,富邦-中壢,2024-12-02,9636
3162,精確,84,11,73,富邦-中壢,2024-12-02,9636
00953B,群益優選非投等債,68,0,68,富邦-中壢,2024-12-02,9636
5388,中磊,77,17,60,富邦-中壢,2024-12-02,9636
00665L,富邦�琤肭磪囓�2,443,393,50,富邦-中壢,2024-12-02,9636
00648R,元大S＆P500反1,50,0,50,富邦-中壢,2024-12-02,9636
3323,加百裕,195,148,47,富邦-中壢,2024-12-02,9636
1301,台塑,62,16,46,富邦-中壢,2024-12-02,9636
3231,緯創,52,10,42,富邦-中壢,2024-12-02,9636
6558,興能高,95,55,40,富邦-中壢,2024-12-02,9636
4510,高鋒,108,70,38,富邦-中壢,2024-12-02,9636
2344,華邦電,40,5,35,富邦-中壢,2024-12-02,9636
8171,天宇,118,84,34,富邦-中壢,2024-12-02,9636
00878,國泰永續高股息,85,53,32,富邦-中壢,2024-12-02,9636
00652,富邦印度,31,0,31,富邦-中壢,2024-12-02,9636
3013,晟銘電,34,5,29,富邦-中壢,2024-12-02,9636
00950B,凱基A級公司債,29,0,29,富邦-中壢,2024-12-02,9636
2002,中鋼,29,1,28,富邦-中壢,2024-12-02,9636
2302,麗正,41,14,27,富邦-中壢,2024-12-02,9636
00915,凱基優選高股息30,42,17,25,富邦-中壢,2024-12-02,9636
1815,富喬,181,156,25,富邦-中壢,2024-12-02,9636
3056,富華新,25,0,25,富邦-中壢,2024-12-02,9636
00675L,富邦臺灣加權正2,33,9,24,富邦-中壢,2024-12-02,9636
1802,台玻,26,3,23,富邦-中壢,2024-12-02,9636
00637L,元大滬深300正2,62,40,22,富邦-中壢,2024-12-02,9636
6282,康舒,59,38,21,富邦-中壢,2024-12-02,9636
1605,華新,26,5,21,富邦-中壢,2024-12-02,9636
5457,宣德,20,0,20,富邦-中壢,2024-12-02,9636
2820,華票,20,0,20,富邦-中壢,2024-12-02,9636
2537,聯上發,21,1,20,富邦-中壢,2024-12-02,9636
00909,國泰數位支付服務,28,8,20,富邦-中壢,2024-12-02,9636
8111,立��,43,23,20,富邦-中壢,2024-12-02,9636
1536,和大,94,74,20,富邦-中壢,2024-12-02,9636
2408,南亞科,23,4,19,富邦-中壢,2024-12-02,9636
3706,神達,332,313,19,富邦-中壢,2024-12-02,9636
5328,華容,114,97,17,富邦-中壢,2024-12-02,9636
2392,正崴,42,26,16,富邦-中壢,2024-12-02,9636
6173,信昌電,17,1,16,富邦-中壢,2024-12-02,9636
2413,環科,16,0,16,富邦-中壢,2024-12-02,9636
6127,九豪,58,42,16,富邦-中壢,2024-12-02,9636
2646,星宇航空,20,4,16,富邦-中壢,2024-12-02,9636
3450,聯鈞,38,23,15,富邦-中壢,2024-12-02,9636
3037,欣興,22,7,15,富邦-中壢,2024-12-02,9636
4526,東台,18,3,15,富邦-中壢,2024-12-02,9636
2603,長榮,25,10,15,富邦-中壢,2024-12-02,9636
00919,群益台灣精選高息,929,350,579,富邦-中壢,2024-12-03,9636
00918,大華優利高填息30,312,23,289,富邦-中壢,2024-12-03,9636
00915,凱基優選高股息30,218,0,218,富邦-中壢,2024-12-03,9636
00932,兆豐永續高息等權,204,0,204,富邦-中壢,2024-12-03,9636
00632R,元大台灣50反1,176,62,114,富邦-中壢,2024-12-03,9636
00878,國泰永續高股息,227,122,105,富邦-中壢,2024-12-03,9636
00715L,期街口布蘭特正2,120,17,103,富邦-中壢,2024-12-03,9636
00953B,群益優選非投等債,100,0,100,富邦-中壢,2024-12-03,9636
5309,系統電,170,74,96,富邦-中壢,2024-12-03,9636
9904,寶成,101,6,95,富邦-中壢,2024-12-03,9636
5457,宣德,90,0,90,富邦-中壢,2024-12-03,9636
0056,元大高股息,129,43,86,富邦-中壢,2024-12-03,9636
00712,復華富時不動產,82,2,80,富邦-中壢,2024-12-03,9636
6186,新潤,70,0,70,富邦-中壢,2024-12-03,9636
00930,永豐ESG低碳高息,80,12,68,富邦-中壢,2024-12-03,9636
2834,臺企銀,66,1,65,富邦-中壢,2024-12-03,9636
2317,鴻海,88,26,62,富邦-中壢,2024-12-03,9636
00905,FT臺灣Smart,91,30,61,富邦-中壢,2024-12-03,9636
00713,元大台灣高息低波,69,9,60,富邦-中壢,2024-12-03,9636
4977,眾達-KY,71,21,50,富邦-中壢,2024-12-03,9636
4303,信立,210,168,42,富邦-中壢,2024-12-03,9636
1504,東元,46,7,39,富邦-中壢,2024-12-03,9636
8111,立��,57,19,38,富邦-中壢,2024-12-03,9636
2312,金寶,123,89,34,富邦-中壢,2024-12-03,9636
1815,富喬,139,105,34,富邦-中壢,2024-12-03,9636
1808,潤隆,32,0,32,富邦-中壢,2024-12-03,9636
00945B,凱基美國非投等債,30,0,30,富邦-中壢,2024-12-03,9636
2104,國際中橡,30,0,30,富邦-中壢,2024-12-03,9636
8112,至上,34,5,29,富邦-中壢,2024-12-03,9636
3037,欣興,35,9,26,富邦-中壢,2024-12-03,9636
3005,神基,44,18,26,富邦-中壢,2024-12-03,9636
3149,正達,31,5,26,富邦-中壢,2024-12-03,9636
4743,合一,26,1,25,富邦-中壢,2024-12-03,9636
00850,元大臺灣ESG永續,23,0,23,富邦-中壢,2024-12-03,9636
6509,聚和,23,0,23,富邦-中壢,2024-12-03,9636
2204,中華,28,6,22,富邦-中壢,2024-12-03,9636
00830,國泰費城半導體,40,18,22,富邦-中壢,2024-12-03,9636
00752,中信中國50,21,0,21,富邦-中壢,2024-12-03,9636
2884,玉山金,46,26,20,富邦-中壢,2024-12-03,9636
2423,固緯,20,0,20,富邦-中壢,2024-12-03,9636
3710,連展投控,20,0,20,富邦-中壢,2024-12-03,9636
4960,誠美材,20,0,20,富邦-中壢,2024-12-03,9636
3003,健和興,26,7,19,富邦-中壢,2024-12-03,9636
2344,華邦電,49,30,19,富邦-中壢,2024-12-03,9636
00948B,中信優息投資級債,34,18,16,富邦-中壢,2024-12-03,9636
8996,高力,21,5,16,富邦-中壢,2024-12-03,9636
3323,加百裕,86,70,16,富邦-中壢,2024-12-03,9636
2382,廣達,38,23,15,富邦-中壢,2024-12-03,9636
2542,興富發,17,2,15,富邦-中壢,2024-12-03,9636
3234,光環,35,21,14,富邦-中壢,2024-12-03,9636
00953B,群益優選非投等債,353,20,333,富邦-中壢,2024-12-04,9636
00919,群益台灣精選高息,395,127,268,富邦-中壢,2024-12-04,9636
00918,大華優利高填息30,244,3,241,富邦-中壢,2024-12-04,9636
3380,明泰,190,16,174,富邦-中壢,2024-12-04,9636
5457,宣德,142,3,139,富邦-中壢,2024-12-04,9636
00915,凱基優選高股息30,127,12,115,富邦-中壢,2024-12-04,9636
00673R,期元大S＆P原油反1,91,0,91,富邦-中壢,2024-12-04,9636
2014,中鴻,107,20,87,富邦-中壢,2024-12-04,9636
2062,橋椿,85,6,79,富邦-中壢,2024-12-04,9636
0056,元大高股息,104,26,78,富邦-中壢,2024-12-04,9636
3706,神達,433,372,61,富邦-中壢,2024-12-04,9636
00959B,大華投等美債15Y+,60,0,60,富邦-中壢,2024-12-04,9636
00945B,凱基美國非投等債,57,0,57,富邦-中壢,2024-12-04,9636
2887,台新金,81,26,55,富邦-中壢,2024-12-04,9636
00676R,富邦臺灣加權反1,53,0,53,富邦-中壢,2024-12-04,9636
2891,中信金,50,6,44,富邦-中壢,2024-12-04,9636
1303,南亞,43,0,43,富邦-中壢,2024-12-04,9636
6525,捷敏-KY,41,0,41,富邦-中壢,2024-12-04,9636
00878,國泰永續高股息,122,83,39,富邦-中壢,2024-12-04,9636
2312,金寶,135,102,33,富邦-中壢,2024-12-04,9636
2303,聯電,85,52,33,富邦-中壢,2024-12-04,9636
00926,凱基全球菁英55,31,0,31,富邦-中壢,2024-12-04,9636
3162,精確,30,1,29,富邦-中壢,2024-12-04,9636
1449,佳和,43,16,27,富邦-中壢,2024-12-04,9636
00713,元大台灣高息低波,38,13,25,富邦-中壢,2024-12-04,9636
3622,洋華,20,0,20,富邦-中壢,2024-12-04,9636
3710,連展投控,20,0,20,富邦-中壢,2024-12-04,9636
1711,永光,19,0,19,富邦-中壢,2024-12-04,9636
1301,台塑,25,6,19,富邦-中壢,2024-12-04,9636
00900,富邦特選高股息30,24,6,18,富邦-中壢,2024-12-04,9636
1519,華城,19,2,17,富邦-中壢,2024-12-04,9636
3025,星通,54,37,17,富邦-中壢,2024-12-04,9636
3032,偉訓,52,36,16,富邦-中壢,2024-12-04,9636
2884,玉山金,35,19,16,富邦-中壢,2024-12-04,9636
00751B,元大AAA至A公司債,15,0,15,富邦-中壢,2024-12-04,9636
2457,飛宏,16,1,15,富邦-中壢,2024-12-04,9636
6530,創威,48,34,14,富邦-中壢,2024-12-04,9636
6505,台塑化,16,3,13,富邦-中壢,2024-12-04,9636
3051,力特,14,1,13,富邦-中壢,2024-12-04,9636
2344,華邦電,26,13,13,富邦-中壢,2024-12-04,9636
3149,正達,14,1,13,富邦-中壢,2024-12-04,9636
1102,亞泥,12,0,12,富邦-中壢,2024-12-04,9636
00887,永豐中國科技50大,12,0,12,富邦-中壢,2024-12-04,9636
1709,和益,12,0,12,富邦-中壢,2024-12-04,9636
3231,緯創,27,16,11,富邦-中壢,2024-12-04,9636
2354,鴻準,54,43,11,富邦-中壢,2024-12-04,9636
5484,慧友,12,1,11,富邦-中壢,2024-12-04,9636
2543,皇昌,14,3,11,富邦-中壢,2024-12-04,9636
2606,裕民,14,4,10,富邦-中壢,2024-12-04,9636
8074,鉅橡,10,0,10,富邦-中壢,2024-12-04,9636
00953B,群益優選非投等債,1410,0,1410,富邦-中壢,2024-12-05,9636
2388,威盛,409,7,402,富邦-中壢,2024-12-05,9636
00715L,期街口布蘭特正2,385,0,385,富邦-中壢,2024-12-05,9636
00676R,富邦臺灣加權反1,351,0,351,富邦-中壢,2024-12-05,9636
00665L,富邦�琤肭磪囓�2,557,301,256,富邦-中壢,2024-12-05,9636
5457,宣德,252,7,245,富邦-中壢,2024-12-05,9636
00919,群益台灣精選高息,289,96,193,富邦-中壢,2024-12-05,9636
2303,聯電,169,51,118,富邦-中壢,2024-12-05,9636
1815,富喬,394,310,84,富邦-中壢,2024-12-05,9636
3481,群創,125,56,69,富邦-中壢,2024-12-05,9636
3380,明泰,72,4,68,富邦-中壢,2024-12-05,9636
6505,台塑化,54,2,52,富邦-中壢,2024-12-05,9636
00959B,大華投等美債15Y+,51,0,51,富邦-中壢,2024-12-05,9636
2031,新光鋼,50,0,50,富邦-中壢,2024-12-05,9636
00633L,富邦上証正2,50,0,50,富邦-中壢,2024-12-05,9636
2349,錸德,61,15,46,富邦-中壢,2024-12-05,9636
2312,金寶,142,96,46,富邦-中壢,2024-12-05,9636
8111,立��,77,32,45,富邦-中壢,2024-12-05,9636
3450,聯鈞,116,72,44,富邦-中壢,2024-12-05,9636
2442,新美齊,40,0,40,富邦-中壢,2024-12-05,9636
1303,南亞,44,6,38,富邦-中壢,2024-12-05,9636
3323,加百裕,122,84,38,富邦-中壢,2024-12-05,9636
00712,復華富時不動產,38,1,37,富邦-中壢,2024-12-05,9636
00753L,中信中國50正2,37,2,35,富邦-中壢,2024-12-05,9636
2204,中華,41,6,35,富邦-中壢,2024-12-05,9636
00918,大華優利高填息30,95,60,35,富邦-中壢,2024-12-05,9636
2002,中鋼,68,33,35,富邦-中壢,2024-12-05,9636
1301,台塑,37,4,33,富邦-中壢,2024-12-05,9636
00637L,元大滬深300正2,45,12,33,富邦-中壢,2024-12-05,9636
00922,國泰台灣領袖50,39,7,32,富邦-中壢,2024-12-05,9636
3051,力特,32,0,32,富邦-中壢,2024-12-05,9636
3090,日電貿,66,35,31,富邦-中壢,2024-12-05,9636
2801,彰銀,30,0,30,富邦-中壢,2024-12-05,9636
3447,展達,49,19,30,富邦-中壢,2024-12-05,9636
2317,鴻海,51,22,29,富邦-中壢,2024-12-05,9636
8070,長華*,47,18,29,富邦-中壢,2024-12-05,9636
00943,兆豐電子高息等權,55,26,29,富邦-中壢,2024-12-05,9636
9904,寶成,30,1,29,富邦-中壢,2024-12-05,9636
1326,台化,28,0,28,富邦-中壢,2024-12-05,9636
6525,捷敏-KY,29,1,28,富邦-中壢,2024-12-05,9636
3211,順達,66,40,26,富邦-中壢,2024-12-05,9636
5309,系統電,71,46,25,富邦-中壢,2024-12-05,9636
2537,聯上發,24,0,24,富邦-中壢,2024-12-05,9636
6186,新潤,23,0,23,富邦-中壢,2024-12-05,9636
2542,興富發,42,20,22,富邦-中壢,2024-12-05,9636
00915,凱基優選高股息30,44,22,22,富邦-中壢,2024-12-05,9636
1595,川寶,53,31,22,富邦-中壢,2024-12-05,9636
1504,東元,26,4,22,富邦-中壢,2024-12-05,9636
8089,康全電訊,21,0,21,富邦-中壢,2024-12-05,9636
2867,三商壽,27,6,21,富邦-中壢,2024-12-05,9636
00953B,群益優選非投等債,1216,0,1216,富邦-中壢,2024-12-06,9636
00715L,期街口布蘭特正2,237,5,232,富邦-中壢,2024-12-06,9636
5457,宣德,213,15,198,富邦-中壢,2024-12-06,9636
5309,系統電,201,12,189,富邦-中壢,2024-12-06,9636
00919,群益台灣精選高息,200,59,141,富邦-中壢,2024-12-06,9636
00918,大華優利高填息30,158,24,134,富邦-中壢,2024-12-06,9636
2354,鴻準,373,252,121,富邦-中壢,2024-12-06,9636
4919,新唐,116,23,93,富邦-中壢,2024-12-06,9636
8069,元太,96,3,93,富邦-中壢,2024-12-06,9636
00945B,凱基美國非投等債,75,0,75,富邦-中壢,2024-12-06,9636
2867,三商壽,60,0,60,富邦-中壢,2024-12-06,9636
2371,大同,60,7,53,富邦-中壢,2024-12-06,9636
2801,彰銀,52,0,52,富邦-中壢,2024-12-06,9636
2888,新光金,61,9,52,富邦-中壢,2024-12-06,9636
8111,立��,138,87,51,富邦-中壢,2024-12-06,9636
2405,輔信,88,39,49,富邦-中壢,2024-12-06,9636
2303,聯電,65,22,43,富邦-中壢,2024-12-06,9636
00941,中信上游半導體,57,15,42,富邦-中壢,2024-12-06,9636
2897,王道銀行,40,0,40,富邦-中壢,2024-12-06,9636
00909,國泰數位支付服務,43,6,37,富邦-中壢,2024-12-06,9636
1815,富喬,134,99,35,富邦-中壢,2024-12-06,9636
1303,南亞,34,1,33,富邦-中壢,2024-12-06,9636
2534,宏盛,37,5,32,富邦-中壢,2024-12-06,9636
3323,加百裕,88,57,31,富邦-中壢,2024-12-06,9636
2610,華航,63,35,28,富邦-中壢,2024-12-06,9636
0056,元大高股息,48,22,26,富邦-中壢,2024-12-06,9636
8028,昇陽半導體,34,9,25,富邦-中壢,2024-12-06,9636
1802,台玻,37,13,24,富邦-中壢,2024-12-06,9636
3024,憶聲,28,4,24,富邦-中壢,2024-12-06,9636
00634R,富邦上証反1,23,0,23,富邦-中壢,2024-12-06,9636
3003,健和興,25,2,23,富邦-中壢,2024-12-06,9636
00905,FT臺灣Smart,24,2,22,富邦-中壢,2024-12-06,9636
3013,晟銘電,28,8,20,富邦-中壢,2024-12-06,9636
2312,金寶,83,63,20,富邦-中壢,2024-12-06,9636
00666R,富邦�琤肭磪齯�1,20,0,20,富邦-中壢,2024-12-06,9636
00638R,元大滬深300反1,20,0,20,富邦-中壢,2024-12-06,9636
00932,兆豐永續高息等權,20,1,19,富邦-中壢,2024-12-06,9636
8039,台虹,19,0,19,富邦-中壢,2024-12-06,9636
1605,華新,34,16,18,富邦-中壢,2024-12-06,9636
3040,遠見,20,2,18,富邦-中壢,2024-12-06,9636
3591,艾笛森,47,29,18,富邦-中壢,2024-12-06,9636
8042,金山電,33,15,18,富邦-中壢,2024-12-06,9636
2201,裕隆,17,0,17,富邦-中壢,2024-12-06,9636
2537,聯上發,21,4,17,富邦-中壢,2024-12-06,9636
5244,弘凱,26,9,17,富邦-中壢,2024-12-06,9636
1301,台塑,20,3,17,富邦-中壢,2024-12-06,9636
3051,力特,24,8,16,富邦-中壢,2024-12-06,9636
00712,復華富時不動產,15,0,15,富邦-中壢,2024-12-06,9636
6151,晉倫,26,11,15,富邦-中壢,2024-12-06,9636
6141,柏承,15,1,14,富邦-中壢,2024-12-06,9636
00919,群益台灣精選高息,354,80,274,富邦-中壢,2024-12-09,9636
00715L,期街口布蘭特正2,241,66,175,富邦-中壢,2024-12-09,9636
2337,旺宏,158,2,156,富邦-中壢,2024-12-09,9636
00918,大華優利高填息30,157,22,135,富邦-中壢,2024-12-09,9636
00915,凱基優選高股息30,146,38,108,富邦-中壢,2024-12-09,9636
6139,亞翔,107,8,99,富邦-中壢,2024-12-09,9636
0056,元大高股息,115,31,84,富邦-中壢,2024-12-09,9636
00634R,富邦上証反1,67,0,67,富邦-中壢,2024-12-09,9636
2317,鴻海,100,34,66,富邦-中壢,2024-12-09,9636
00706L,期元大S＆P日圓正2,60,0,60,富邦-中壢,2024-12-09,9636
2449,京元電子,53,0,53,富邦-中壢,2024-12-09,9636
2646,星宇航空,100,48,52,富邦-中壢,2024-12-09,9636
2027,大成鋼,53,2,51,富邦-中壢,2024-12-09,9636
5457,宣德,51,0,51,富邦-中壢,2024-12-09,9636
00656R,國泰中國A50反1,50,0,50,富邦-中壢,2024-12-09,9636
2025,千興,45,0,45,富邦-中壢,2024-12-09,9636
8104,錸寶,45,0,45,富邦-中壢,2024-12-09,9636
00633L,富邦上証正2,55,15,40,富邦-中壢,2024-12-09,9636
5880,合庫金,40,0,40,富邦-中壢,2024-12-09,9636
3706,神達,215,175,40,富邦-中壢,2024-12-09,9636
1815,富喬,138,101,37,富邦-中壢,2024-12-09,9636
00637L,元大滬深300正2,53,18,35,富邦-中壢,2024-12-09,9636
2605,新興,34,2,32,富邦-中壢,2024-12-09,9636
1605,華新,47,16,31,富邦-中壢,2024-12-09,9636
5309,系統電,63,33,30,富邦-中壢,2024-12-09,9636
8039,台虹,31,1,30,富邦-中壢,2024-12-09,9636
00965,元大航太防衛科技,31,2,29,富邦-中壢,2024-12-09,9636
3484,崧騰,34,5,29,富邦-中壢,2024-12-09,9636
2354,鴻準,108,80,28,富邦-中壢,2024-12-09,9636
4919,新唐,28,1,27,富邦-中壢,2024-12-09,9636
8028,昇陽半導體,30,4,26,富邦-中壢,2024-12-09,9636
3481,群創,53,26,27,富邦-中壢,2024-12-09,9636
3062,建漢,26,0,26,富邦-中壢,2024-12-09,9636
2801,彰銀,48,23,25,富邦-中壢,2024-12-09,9636
4931,新盛力,35,10,25,富邦-中壢,2024-12-09,9636
00907,永豐優息存股,29,5,24,富邦-中壢,2024-12-09,9636
3231,緯創,39,15,24,富邦-中壢,2024-12-09,9636
1802,台玻,27,4,23,富邦-中壢,2024-12-09,9636
3622,洋華,24,1,23,富邦-中壢,2024-12-09,9636
2915,潤泰全,23,1,22,富邦-中壢,2024-12-09,9636
00909,國泰數位支付服務,26,5,21,富邦-中壢,2024-12-09,9636
2537,聯上發,22,1,21,富邦-中壢,2024-12-09,9636
2884,玉山金,34,14,20,富邦-中壢,2024-12-09,9636
00712,復華富時不動產,24,5,19,富邦-中壢,2024-12-09,9636
6415,矽力*-KY,20,2,18,富邦-中壢,2024-12-09,9636
00642U,期元大S＆P石油,18,0,18,富邦-中壢,2024-12-09,9636
3043,科風,33,15,18,富邦-中壢,2024-12-09,9636
00932,兆豐永續高息等權,20,2,18,富邦-中壢,2024-12-09,9636
2615,萬海,160,143,17,富邦-中壢,2024-12-09,9636
3211,順達,32,14,18,富邦-中壢,2024-12-09,9636
00918,大華優利高填息30,398,0,398,富邦-中壢,2024-12-10,9636
2025,千興,220,0,220,富邦-中壢,2024-12-10,9636
00937B,群益ESG投等債20,139,36,103,富邦-中壢,2024-12-10,9636
2883,凱基金,111,11,100,富邦-中壢,2024-12-10,9636
1714,和桐,100,0,100,富邦-中壢,2024-12-10,9636
3706,神達,358,275,83,富邦-中壢,2024-12-10,9636
0056,元大高股息,114,32,82,富邦-中壢,2024-12-10,9636
9904,寶成,81,0,81,富邦-中壢,2024-12-10,9636
2317,鴻海,118,39,79,富邦-中壢,2024-12-10,9636
2618,長榮航,93,20,73,富邦-中壢,2024-12-10,9636
2402,毅嘉,71,1,70,富邦-中壢,2024-12-10,9636
3162,精確,90,22,68,富邦-中壢,2024-12-10,9636
2303,聯電,96,29,67,富邦-中壢,2024-12-10,9636
00919,群益台灣精選高息,123,57,66,富邦-中壢,2024-12-10,9636
00878,國泰永續高股息,69,4,65,富邦-中壢,2024-12-10,9636
2354,鴻準,141,77,64,富邦-中壢,2024-12-10,9636
2466,冠西電,61,0,61,富邦-中壢,2024-12-10,9636
2388,威盛,74,15,59,富邦-中壢,2024-12-10,9636
3625,西勝,61,3,58,富邦-中壢,2024-12-10,9636
00940,元大台灣價值高息,165,121,44,富邦-中壢,2024-12-10,9636
3056,富華新,54,9,45,富邦-中壢,2024-12-10,9636
6127,九豪,44,0,44,富邦-中壢,2024-12-10,9636
1785,光洋科,72,29,43,富邦-中壢,2024-12-10,9636
00679B,元大美債20年,47,5,42,富邦-中壢,2024-12-10,9636
2351,順德,43,2,41,富邦-中壢,2024-12-10,9636
2609,陽明,146,106,40,富邦-中壢,2024-12-10,9636
00885,富邦越南,45,7,38,富邦-中壢,2024-12-10,9636
2887,台新金,55,19,36,富邦-中壢,2024-12-10,9636
2399,映泰,154,122,32,富邦-中壢,2024-12-10,9636
2610,華航,48,17,31,富邦-中壢,2024-12-10,9636
00922,國泰台灣領袖50,45,14,31,富邦-中壢,2024-12-10,9636
1309,台達化,30,1,29,富邦-中壢,2024-12-10,9636
00915,凱基優選高股息30,65,38,27,富邦-中壢,2024-12-10,9636
6438,迅得,29,3,26,富邦-中壢,2024-12-10,9636
00953B,群益優選非投等債,38,13,25,富邦-中壢,2024-12-10,9636
4533,協易機,28,3,25,富邦-中壢,2024-12-10,9636
6695,芯鼎,44,20,24,富邦-中壢,2024-12-10,9636
2605,新興,28,5,23,富邦-中壢,2024-12-10,9636
2312,金寶,29,7,22,富邦-中壢,2024-12-10,9636
6139,亞翔,23,2,21,富邦-中壢,2024-12-10,9636
1815,富喬,134,113,21,富邦-中壢,2024-12-10,9636
2615,萬海,85,65,20,富邦-中壢,2024-12-10,9636
00638R,元大滬深300反1,20,0,20,富邦-中壢,2024-12-10,9636
00666R,富邦�琤肭磪齯�1,60,40,20,富邦-中壢,2024-12-10,9636
1802,台玻,53,33,20,富邦-中壢,2024-12-10,9636
4534,慶騰,20,0,20,富邦-中壢,2024-12-10,9636
5457,宣德,20,0,20,富邦-中壢,2024-12-10,9636
1605,華新,38,18,20,富邦-中壢,2024-12-10,9636
00687B,國泰20年美債,46,27,19,富邦-中壢,2024-12-10,9636
2606,裕民,19,0,19,富邦-中壢,2024-12-10,9636
00918,大華優利高填息30,335,4,331,富邦-中壢,2024-12-11,9636
00919,群益台灣精選高息,297,14,283,富邦-中壢,2024-12-11,9636
2618,長榮航,279,14,265,富邦-中壢,2024-12-11,9636
2883,凱基金,204,11,193,富邦-中壢,2024-12-11,9636
0056,元大高股息,176,18,158,富邦-中壢,2024-12-11,9636
00900,富邦特選高股息30,161,15,146,富邦-中壢,2024-12-11,9636
00633L,富邦上証正2,145,11,134,富邦-中壢,2024-12-11,9636
00940,元大台灣價值高息,158,31,127,富邦-中壢,2024-12-11,9636
3706,神達,211,107,104,富邦-中壢,2024-12-11,9636
5871,中租-KY,88,1,87,富邦-中壢,2024-12-11,9636
6127,九豪,100,19,81,富邦-中壢,2024-12-11,9636
00878,國泰永續高股息,100,21,79,富邦-中壢,2024-12-11,9636
00937B,群益ESG投等債20,138,62,76,富邦-中壢,2024-12-11,9636
9105,泰金寶-DR,113,39,74,富邦-中壢,2024-12-11,9636
00915,凱基優選高股息30,90,18,72,富邦-中壢,2024-12-11,9636
6770,力積電,78,13,65,富邦-中壢,2024-12-11,9636
2002,中鋼,93,29,64,富邦-中壢,2024-12-11,9636
2609,陽明,108,50,58,富邦-中壢,2024-12-11,9636
2888,新光金,58,6,52,富邦-中壢,2024-12-11,9636
4743,合一,51,1,50,富邦-中壢,2024-12-11,9636
2303,聯電,105,56,49,富邦-中壢,2024-12-11,9636
2337,旺宏,51,4,47,富邦-中壢,2024-12-11,9636
2891,中信金,53,7,46,富邦-中壢,2024-12-11,9636
2382,廣達,49,4,45,富邦-中壢,2024-12-11,9636
3231,緯創,115,70,45,富邦-中壢,2024-12-11,9636
2201,裕隆,46,1,45,富邦-中壢,2024-12-11,9636
00922,國泰台灣領袖50,52,10,42,富邦-中壢,2024-12-11,9636
00713,元大台灣高息低波,43,2,41,富邦-中壢,2024-12-11,9636
6443,元晶,42,1,41,富邦-中壢,2024-12-11,9636
00679B,元大美債20年,52,12,40,富邦-中壢,2024-12-11,9636
9904,寶成,46,6,40,富邦-中壢,2024-12-11,9636
2897,王道銀行,40,0,40,富邦-中壢,2024-12-11,9636
1528,恩德,40,3,37,富邦-中壢,2024-12-11,9636
006208,富邦台50,44,9,35,富邦-中壢,2024-12-11,9636
00680L,元大美債20正2,33,0,33,富邦-中壢,2024-12-11,9636
5880,合庫金,31,0,31,富邦-中壢,2024-12-11,9636
6603,富強鑫,30,0,30,富邦-中壢,2024-12-11,9636
2363,矽統,42,13,29,富邦-中壢,2024-12-11,9636
2374,佳能,40,12,28,富邦-中壢,2024-12-11,9636
1519,華城,29,1,28,富邦-中壢,2024-12-11,9636
00934,中信成長高股息,43,17,26,富邦-中壢,2024-12-11,9636
1301,台塑,37,11,26,富邦-中壢,2024-12-11,9636
6139,亞翔,29,3,26,富邦-中壢,2024-12-11,9636
00941,中信上游半導體,25,0,25,富邦-中壢,2024-12-11,9636
1308,亞聚,24,0,24,富邦-中壢,2024-12-11,9636
2401,凌陽,47,24,23,富邦-中壢,2024-12-11,9636
8101,華冠,23,0,23,富邦-中壢,2024-12-11,9636
2412,中華電,22,0,22,富邦-中壢,2024-12-11,9636
2423,固緯,21,0,21,富邦-中壢,2024-12-11,9636
2330,台積電,23,2,21,富邦-中壢,2024-12-11,9636
00918,大華優利高填息30,294,32,262,富邦-中壢,2024-12-12,9636
8011,台通,250,0,250,富邦-中壢,2024-12-12,9636
00915,凱基優選高股息30,209,50,159,富邦-中壢,2024-12-12,9636
1101,台泥,152,4,148,富邦-中壢,2024-12-12,9636
00937B,群益ESG投等債20,149,24,125,富邦-中壢,2024-12-12,9636
2002,中鋼,114,26,88,富邦-中壢,2024-12-12,9636
00687B,國泰20年美債,93,9,84,富邦-中壢,2024-12-12,9636
1522,堤維西,88,7,81,富邦-中壢,2024-12-12,9636
00712,復華富時不動產,81,2,79,富邦-中壢,2024-12-12,9636
00919,群益台灣精選高息,134,63,71,富邦-中壢,2024-12-12,9636
1301,台塑,77,8,69,富邦-中壢,2024-12-12,9636
1802,台玻,103,36,67,富邦-中壢,2024-12-12,9636
6426,統新,67,2,65,富邦-中壢,2024-12-12,9636
6127,九豪,65,1,64,富邦-中壢,2024-12-12,9636
3019,亞光,91,29,62,富邦-中壢,2024-12-12,9636
00679B,元大美債20年,84,22,62,富邦-中壢,2024-12-12,9636
00673R,期元大S＆P原油反1,93,32,61,富邦-中壢,2024-12-12,9636
5457,宣德,60,1,59,富邦-中壢,2024-12-12,9636
2317,鴻海,69,15,54,富邦-中壢,2024-12-12,9636
2025,千興,50,0,50,富邦-中壢,2024-12-12,9636
5907,大洋-KY,50,0,50,富邦-中壢,2024-12-12,9636
00959B,大華投等美債15Y+,50,0,50,富邦-中壢,2024-12-12,9636
2466,冠西電,64,14,50,富邦-中壢,2024-12-12,9636
9105,泰金寶-DR,120,71,49,富邦-中壢,2024-12-12,9636
3029,零壹,74,28,46,富邦-中壢,2024-12-12,9636
00751B,元大AAA至A公司債,44,0,44,富邦-中壢,2024-12-12,9636
3231,緯創,50,7,43,富邦-中壢,2024-12-12,9636
00945B,凱基美國非投等債,53,10,43,富邦-中壢,2024-12-12,9636
2498,宏達電,42,1,41,富邦-中壢,2024-12-12,9636
3380,明泰,40,0,40,富邦-中壢,2024-12-12,9636
1815,富喬,86,46,40,富邦-中壢,2024-12-12,9636
2371,大同,53,14,39,富邦-中壢,2024-12-12,9636
0056,元大高股息,48,9,39,富邦-中壢,2024-12-12,9636
00680L,元大美債20正2,41,3,38,富邦-中壢,2024-12-12,9636
3189,景碩,40,4,36,富邦-中壢,2024-12-12,9636
2618,長榮航,62,27,35,富邦-中壢,2024-12-12,9636
2520,冠德,43,9,34,富邦-中壢,2024-12-12,9636
2609,陽明,218,185,33,富邦-中壢,2024-12-12,9636
3447,展達,41,10,31,富邦-中壢,2024-12-12,9636
3498,陽程,80,49,31,富邦-中壢,2024-12-12,9636
00688L,國泰20年美債正2,47,18,29,富邦-中壢,2024-12-12,9636
2324,仁寶,30,2,28,富邦-中壢,2024-12-12,9636
1808,潤隆,26,0,26,富邦-中壢,2024-12-12,9636
00950B,凱基A級公司債,25,0,25,富邦-中壢,2024-12-12,9636
00706L,期元大S＆P日圓正2,25,0,25,富邦-中壢,2024-12-12,9636
00637L,元大滬深300正2,48,23,25,富邦-中壢,2024-12-12,9636
4908,前鼎,39,14,25,富邦-中壢,2024-12-12,9636
2328,廣宇,34,12,22,富邦-中壢,2024-12-12,9636
1303,南亞,39,18,21,富邦-中壢,2024-12-12,9636
00713,元大台灣高息低波,22,1,21,富邦-中壢,2024-12-12,9636
00918,大華優利高填息30,282,27,255,富邦-中壢,2024-12-13,9636
00919,群益台灣精選高息,243,38,205,富邦-中壢,2024-12-13,9636
00878,國泰永續高股息,174,20,154,富邦-中壢,2024-12-13,9636
00688L,國泰20年美債正2,149,20,129,富邦-中壢,2024-12-13,9636
00915,凱基優選高股息30,131,20,111,富邦-中壢,2024-12-13,9636
00687B,國泰20年美債,141,32,109,富邦-中壢,2024-12-13,9636
2317,鴻海,126,28,98,富邦-中壢,2024-12-13,9636
2313,華通,115,26,89,富邦-中壢,2024-12-13,9636
00680L,元大美債20正2,85,0,85,富邦-中壢,2024-12-13,9636
0056,元大高股息,100,20,80,富邦-中壢,2024-12-13,9636
2002,中鋼,94,15,79,富邦-中壢,2024-12-13,9636
2371,大同,92,18,74,富邦-中壢,2024-12-13,9636
2303,聯電,172,100,72,富邦-中壢,2024-12-13,9636
00887,永豐中國科技50大,73,1,72,富邦-中壢,2024-12-13,9636
00753L,中信中國50正2,236,165,71,富邦-中壢,2024-12-13,9636
3231,緯創,97,35,62,富邦-中壢,2024-12-13,9636
00948B,中信優息投資級債,56,0,56,富邦-中壢,2024-12-13,9636
3037,欣興,59,3,56,富邦-中壢,2024-12-13,9636
2369,菱生,60,4,56,富邦-中壢,2024-12-13,9636
2618,長榮航,59,8,51,富邦-中壢,2024-12-13,9636
2353,宏��,56,6,50,富邦-中壢,2024-12-13,9636
2820,華票,50,0,50,富邦-中壢,2024-12-13,9636
5278,尚凡*,48,1,47,富邦-中壢,2024-12-13,9636
00937B,群益ESG投等債20,167,121,46,富邦-中壢,2024-12-13,9636
00679B,元大美債20年,69,23,46,富邦-中壢,2024-12-13,9636
6674,鋐寶科技,45,0,45,富邦-中壢,2024-12-13,9636
2374,佳能,49,5,44,富邦-中壢,2024-12-13,9636
2312,金寶,70,29,41,富邦-中壢,2024-12-13,9636
00633L,富邦上証正2,92,51,41,富邦-中壢,2024-12-13,9636
8011,台通,41,0,41,富邦-中壢,2024-12-13,9636
3481,群創,131,91,40,富邦-中壢,2024-12-13,9636
00664R,國泰臺灣加權反1,39,0,39,富邦-中壢,2024-12-13,9636
00665L,富邦�琤肭磪囓�2,319,281,38,富邦-中壢,2024-12-13,9636
00706L,期元大S＆P日圓正2,38,0,38,富邦-中壢,2024-12-13,9636
3605,宏致,46,9,37,富邦-中壢,2024-12-13,9636
3380,明泰,57,20,37,富邦-中壢,2024-12-13,9636
2354,鴻準,66,30,36,富邦-中壢,2024-12-13,9636
00637L,元大滬深300正2,57,22,35,富邦-中壢,2024-12-13,9636
6127,九豪,47,12,35,富邦-中壢,2024-12-13,9636
9904,寶成,35,0,35,富邦-中壢,2024-12-13,9636
00751B,元大AAA至A公司債,34,0,34,富邦-中壢,2024-12-13,9636
4933,友輝,35,1,34,富邦-中壢,2024-12-13,9636
5871,中租-KY,35,3,32,富邦-中壢,2024-12-13,9636
2025,千興,32,0,32,富邦-中壢,2024-12-13,9636
2442,新美齊,32,0,32,富邦-中壢,2024-12-13,9636
2356,英業達,85,53,32,富邦-中壢,2024-12-13,9636
2883,凱基金,48,17,31,富邦-中壢,2024-12-13,9636
00632R,元大台灣50反1,32,2,30,富邦-中壢,2024-12-13,9636
00909,國泰數位支付服務,29,0,29,富邦-中壢,2024-12-13,9636
6770,力積電,50,22,28,富邦-中壢,2024-12-13,9636
00937B,群益ESG投等債20,492,41,451,富邦-中壢,2024-12-16,9636
00919,群益台灣精選高息,373,37,336,富邦-中壢,2024-12-16,9636
00918,大華優利高填息30,423,117,306,富邦-中壢,2024-12-16,9636
00915,凱基優選高股息30,242,1,241,富邦-中壢,2024-12-16,9636
00633L,富邦上証正2,160,10,150,富邦-中壢,2024-12-16,9636
3231,緯創,171,29,142,富邦-中壢,2024-12-16,9636
00680L,元大美債20正2,188,55,133,富邦-中壢,2024-12-16,9636
00688L,國泰20年美債正2,125,0,125,富邦-中壢,2024-12-16,9636
0056,元大高股息,126,16,110,富邦-中壢,2024-12-16,9636
8069,元太,111,5,106,富邦-中壢,2024-12-16,9636
9105,泰金寶-DR,110,6,104,富邦-中壢,2024-12-16,9636
2317,鴻海,248,149,99,富邦-中壢,2024-12-16,9636
2609,陽明,166,69,97,富邦-中壢,2024-12-16,9636
00719B,元大美債1-3,95,1,94,富邦-中壢,2024-12-16,9636
00878,國泰永續高股息,122,40,82,富邦-中壢,2024-12-16,9636
2002,中鋼,85,17,68,富邦-中壢,2024-12-16,9636
3706,神達,314,246,68,富邦-中壢,2024-12-16,9636
00940,元大台灣價值高息,121,55,66,富邦-中壢,2024-12-16,9636
3450,聯鈞,102,41,61,富邦-中壢,2024-12-16,9636
2382,廣達,74,13,61,富邦-中壢,2024-12-16,9636
00713,元大台灣高息低波,61,3,58,富邦-中壢,2024-12-16,9636
2369,菱生,50,0,50,富邦-中壢,2024-12-16,9636
1326,台化,49,6,43,富邦-中壢,2024-12-16,9636
2062,橋椿,51,10,41,富邦-中壢,2024-12-16,9636
6505,台塑化,43,5,38,富邦-中壢,2024-12-16,9636
6558,興能高,42,5,37,富邦-中壢,2024-12-16,9636
00948B,中信優息投資級債,46,10,36,富邦-中壢,2024-12-16,9636
00665L,富邦�琤肭磪囓�2,444,408,36,富邦-中壢,2024-12-16,9636
3017,奇鋐,47,12,35,富邦-中壢,2024-12-16,9636
00965,元大航太防衛科技,50,17,33,富邦-中壢,2024-12-16,9636
00673R,期元大S＆P原油反1,32,0,32,富邦-中壢,2024-12-16,9636
2449,京元電子,47,15,32,富邦-中壢,2024-12-16,9636
2303,聯電,80,49,31,富邦-中壢,2024-12-16,9636
2486,一詮,35,4,31,富邦-中壢,2024-12-16,9636
2887,台新金,52,21,31,富邦-中壢,2024-12-16,9636
3037,欣興,54,23,31,富邦-中壢,2024-12-16,9636
00751B,元大AAA至A公司債,29,0,29,富邦-中壢,2024-12-16,9636
00687B,國泰20年美債,106,77,29,富邦-中壢,2024-12-16,9636
00720B,元大投資級公司債,33,5,28,富邦-中壢,2024-12-16,9636
00637L,元大滬深300正2,50,22,28,富邦-中壢,2024-12-16,9636
00952,凱基台灣AI50,28,0,28,富邦-中壢,2024-12-16,9636
4119,旭富,28,0,28,富邦-中壢,2024-12-16,9636
2363,矽統,38,11,27,富邦-中壢,2024-12-16,9636
8096,擎亞,27,0,27,富邦-中壢,2024-12-16,9636
00933B,國泰10Y+金融債,27,1,26,富邦-中壢,2024-12-16,9636
00679B,元大美債20年,75,49,26,富邦-中壢,2024-12-16,9636
3162,精確,26,1,25,富邦-中壢,2024-12-16,9636
4931,新盛力,54,29,25,富邦-中壢,2024-12-16,9636
2376,技嘉,29,5,24,富邦-中壢,2024-12-16,9636
00945B,凱基美國非投等債,23,0,23,富邦-中壢,2024-12-16,9636
00915,凱基優選高股息30,335,74,261,富邦-中壢,2024-12-17,9636
00918,大華優利高填息30,314,83,231,富邦-中壢,2024-12-17,9636
9105,泰金寶-DR,530,303,227,富邦-中壢,2024-12-17,9636
00937B,群益ESG投等債20,356,137,219,富邦-中壢,2024-12-17,9636
2834,臺企銀,161,2,159,富邦-中壢,2024-12-17,9636
00687B,國泰20年美債,158,4,154,富邦-中壢,2024-12-17,9636
00970B,新光BBB投等債20,151,21,130,富邦-中壢,2024-12-17,9636
8070,長華*,123,7,116,富邦-中壢,2024-12-17,9636
2883,凱基金,114,2,112,富邦-中壢,2024-12-17,9636
0056,元大高股息,122,11,111,富邦-中壢,2024-12-17,9636
00713,元大台灣高息低波,106,0,106,富邦-中壢,2024-12-17,9636
00948B,中信優息投資級債,96,0,96,富邦-中壢,2024-12-17,9636
3481,群創,130,37,93,富邦-中壢,2024-12-17,9636
1314,中石化,76,0,76,富邦-中壢,2024-12-17,9636
2887,台新金,73,11,62,富邦-中壢,2024-12-17,9636
2537,聯上發,62,0,62,富邦-中壢,2024-12-17,9636
2388,威盛,59,1,58,富邦-中壢,2024-12-17,9636
00950B,凱基A級公司債,56,0,56,富邦-中壢,2024-12-17,9636
2520,冠德,54,2,52,富邦-中壢,2024-12-17,9636
2543,皇昌,52,1,51,富邦-中壢,2024-12-17,9636
2025,千興,50,0,50,富邦-中壢,2024-12-17,9636
2002,中鋼,50,2,48,富邦-中壢,2024-12-17,9636
2405,輔信,50,2,48,富邦-中壢,2024-12-17,9636
6140,訊達,48,0,48,富邦-中壢,2024-12-17,9636
9945,潤泰新,51,8,43,富邦-中壢,2024-12-17,9636
00679B,元大美債20年,44,3,41,富邦-中壢,2024-12-17,9636
2449,京元電子,74,34,40,富邦-中壢,2024-12-17,9636
2317,鴻海,60,21,39,富邦-中壢,2024-12-17,9636
8047,星雲,46,7,39,富邦-中壢,2024-12-17,9636
2303,聯電,167,129,38,富邦-中壢,2024-12-17,9636
00671R,富邦NASDAQ反1,38,0,38,富邦-中壢,2024-12-17,9636
2353,宏��,37,1,36,富邦-中壢,2024-12-17,9636
1464,得力,35,1,34,富邦-中壢,2024-12-17,9636
2618,長榮航,70,37,33,富邦-中壢,2024-12-17,9636
2354,鴻準,54,21,33,富邦-中壢,2024-12-17,9636
00930,永豐ESG低碳高息,29,0,29,富邦-中壢,2024-12-17,9636
3231,緯創,40,11,29,富邦-中壢,2024-12-17,9636
6770,力積電,31,3,28,富邦-中壢,2024-12-17,9636
2409,友達,27,2,25,富邦-中壢,2024-12-17,9636
5309,系統電,30,5,25,富邦-中壢,2024-12-17,9636
3189,景碩,24,0,24,富邦-中壢,2024-12-17,9636
2455,全新,50,26,24,富邦-中壢,2024-12-17,9636
2801,彰銀,27,3,24,富邦-中壢,2024-12-17,9636
3706,神達,115,91,24,富邦-中壢,2024-12-17,9636
8249,菱光,156,132,24,富邦-中壢,2024-12-17,9636
4927,泰鼎-KY,23,0,23,富邦-中壢,2024-12-17,9636
4903,聯光通,23,0,23,富邦-中壢,2024-12-17,9636
00795B,中信美國公債20年,22,0,22,富邦-中壢,2024-12-17,9636
00688L,國泰20年美債正2,22,0,22,富邦-中壢,2024-12-17,9636
3363,上詮,24,3,21,富邦-中壢,2024-12-17,9636
00918,大華優利高填息30,340,73,267,富邦-中壢,2024-12-18,9636
00712,復華富時不動產,218,0,218,富邦-中壢,2024-12-18,9636
00715L,期街口布蘭特正2,197,1,196,富邦-中壢,2024-12-18,9636
00687B,國泰20年美債,150,37,113,富邦-中壢,2024-12-18,9636
2466,冠西電,87,1,86,富邦-中壢,2024-12-18,9636
00688L,國泰20年美債正2,78,3,75,富邦-中壢,2024-12-18,9636
2409,友達,86,26,60,富邦-中壢,2024-12-18,9636
4540,全球傳動,238,180,58,富邦-中壢,2024-12-18,9636
2543,皇昌,59,1,58,富邦-中壢,2024-12-18,9636
2303,聯電,89,33,56,富邦-中壢,2024-12-18,9636
1303,南亞,61,8,53,富邦-中壢,2024-12-18,9636
0056,元大高股息,71,22,49,富邦-中壢,2024-12-18,9636
2014,中鴻,40,1,39,富邦-中壢,2024-12-18,9636
00970B,新光BBB投等債20,41,2,39,富邦-中壢,2024-12-18,9636
4533,協易機,45,7,38,富邦-中壢,2024-12-18,9636
2891,中信金,54,18,36,富邦-中壢,2024-12-18,9636
2367,燿華,46,10,36,富邦-中壢,2024-12-18,9636
00713,元大台灣高息低波,35,2,33,富邦-中壢,2024-12-18,9636
6209,今國光,31,0,31,富邦-中壢,2024-12-18,9636
1308,亞聚,30,0,30,富邦-中壢,2024-12-18,9636
1305,華夏,30,0,30,富邦-中壢,2024-12-18,9636
2537,聯上發,30,0,30,富邦-中壢,2024-12-18,9636
00696B,富邦美債20年,30,0,30,富邦-中壢,2024-12-18,9636
00852L,國泰美國道瓊正2,30,0,30,富邦-中壢,2024-12-18,9636
2646,星宇航空,39,10,29,富邦-中壢,2024-12-18,9636
3706,神達,272,245,27,富邦-中壢,2024-12-18,9636
2812,台中銀,29,2,27,富邦-中壢,2024-12-18,9636
2002,中鋼,43,18,25,富邦-中壢,2024-12-18,9636
2888,新光金,100,76,24,富邦-中壢,2024-12-18,9636
2317,鴻海,107,84,23,富邦-中壢,2024-12-18,9636
00926,凱基全球菁英55,24,3,21,富邦-中壢,2024-12-18,9636
1229,聯華,21,0,21,富邦-中壢,2024-12-18,9636
00933B,國泰10Y+金融債,26,5,21,富邦-中壢,2024-12-18,9636
00706L,期元大S＆P日圓正2,21,0,21,富邦-中壢,2024-12-18,9636
3380,明泰,22,2,20,富邦-中壢,2024-12-18,9636
3230,錦明,21,1,20,富邦-中壢,2024-12-18,9636
1513,中興電,28,8,20,富邦-中壢,2024-12-18,9636
6177,達麗,20,1,19,富邦-中壢,2024-12-18,9636
2801,彰銀,19,0,19,富邦-中壢,2024-12-18,9636
3545,敦泰,24,6,18,富邦-中壢,2024-12-18,9636
00637L,元大滬深300正2,44,26,18,富邦-中壢,2024-12-18,9636
2884,玉山金,51,33,18,富邦-中壢,2024-12-18,9636
8111,立��,44,26,18,富邦-中壢,2024-12-18,9636
2887,台新金,26,9,17,富邦-中壢,2024-12-18,9636
3162,精確,17,0,17,富邦-中壢,2024-12-18,9636
2365,昆盈,17,0,17,富邦-中壢,2024-12-18,9636
3231,緯創,27,10,17,富邦-中壢,2024-12-18,9636
2883,凱基金,35,19,16,富邦-中壢,2024-12-18,9636
00953B,群益優選非投等債,16,0,16,富邦-中壢,2024-12-18,9636
2886,兆豐金,16,1,15,富邦-中壢,2024-12-18,9636
00688L,國泰20年美債正2,1098,132,966,富邦-中壢,2024-12-19,9636
00937B,群益ESG投等債20,555,58,497,富邦-中壢,2024-12-19,9636
00918,大華優利高填息30,332,5,327,富邦-中壢,2024-12-19,9636
00692,富邦公司治理,184,2,182,富邦-中壢,2024-12-19,9636
00878,國泰永續高股息,195,23,172,富邦-中壢,2024-12-19,9636
00680L,元大美債20正2,185,56,129,富邦-中壢,2024-12-19,9636
2883,凱基金,117,3,114,富邦-中壢,2024-12-19,9636
00687B,國泰20年美債,211,99,112,富邦-中壢,2024-12-19,9636
0056,元大高股息,120,12,108,富邦-中壢,2024-12-19,9636
00933B,國泰10Y+金融債,105,1,104,富邦-中壢,2024-12-19,9636
00950B,凱基A級公司債,103,0,103,富邦-中壢,2024-12-19,9636
00909,國泰數位支付服務,104,5,99,富邦-中壢,2024-12-19,9636
2449,京元電子,106,14,92,富邦-中壢,2024-12-19,9636
2609,陽明,122,35,87,富邦-中壢,2024-12-19,9636
5328,華容,94,12,82,富邦-中壢,2024-12-19,9636
00953B,群益優選非投等債,81,0,81,富邦-中壢,2024-12-19,9636
2884,玉山金,105,24,81,富邦-中壢,2024-12-19,9636
2317,鴻海,101,22,79,富邦-中壢,2024-12-19,9636
00948B,中信優息投資級債,77,0,77,富邦-中壢,2024-12-19,9636
2834,臺企銀,76,0,76,富邦-中壢,2024-12-19,9636
00679B,元大美債20年,138,65,73,富邦-中壢,2024-12-19,9636
2408,南亞科,90,18,72,富邦-中壢,2024-12-19,9636
2880,華南金,72,0,72,富邦-中壢,2024-12-19,9636
00907,永豐優息存股,77,10,67,富邦-中壢,2024-12-19,9636
2330,台積電,70,6,64,富邦-中壢,2024-12-19,9636
00915,凱基優選高股息30,87,26,61,富邦-中壢,2024-12-19,9636
2845,遠東銀,59,0,59,富邦-中壢,2024-12-19,9636
2881,富邦金,70,10,60,富邦-中壢,2024-12-19,9636
2882,國泰金,65,9,56,富邦-中壢,2024-12-19,9636
00881,國泰台灣5G+,55,0,55,富邦-中壢,2024-12-19,9636
00715L,期街口布蘭特正2,54,2,52,富邦-中壢,2024-12-19,9636
1815,富喬,105,54,51,富邦-中壢,2024-12-19,9636
2002,中鋼,51,2,49,富邦-中壢,2024-12-19,9636
2409,友達,78,30,48,富邦-中壢,2024-12-19,9636
2371,大同,50,3,47,富邦-中壢,2024-12-19,9636
006208,富邦台50,62,15,47,富邦-中壢,2024-12-19,9636
6426,統新,44,1,43,富邦-中壢,2024-12-19,9636
00941,中信上游半導體,41,1,40,富邦-中壢,2024-12-19,9636
00922,國泰台灣領袖50,39,0,39,富邦-中壢,2024-12-19,9636
00664R,國泰臺灣加權反1,39,0,39,富邦-中壢,2024-12-19,9636
3481,群創,106,67,39,富邦-中壢,2024-12-19,9636
2062,橋椿,59,21,38,富邦-中壢,2024-12-19,9636
00713,元大台灣高息低波,36,3,33,富邦-中壢,2024-12-19,9636
1326,台化,34,3,31,富邦-中壢,2024-12-19,9636
2323,中環,31,0,31,富邦-中壢,2024-12-19,9636
00926,凱基全球菁英55,31,0,31,富邦-中壢,2024-12-19,9636
6177,達麗,30,0,30,富邦-中壢,2024-12-19,9636
00751B,元大AAA至A公司債,40,10,30,富邦-中壢,2024-12-19,9636
00830,國泰費城半導體,33,3,30,富邦-中壢,2024-12-19,9636
6140,訊達,30,0,30,富邦-中壢,2024-12-19,9636
