Ticker,Name,buy,sell,diff,Branch,Date,Branch_Code
2884,玉山金,141,4,137,富邦-苗栗,2023-01-03,9657
00878,國泰永續高股息,77,2,75,富邦-苗栗,2023-01-03,9657
2363,矽統,68,0,68,富邦-苗栗,2023-01-03,9657
00632R,元大台灣50反1,32,0,32,富邦-苗栗,2023-01-03,9657
1762,中化生,30,0,30,富邦-苗栗,2023-01-03,9657
1605,華新,33,4,29,富邦-苗栗,2023-01-03,9657
2906,高林,28,0,28,富邦-苗栗,2023-01-03,9657
2618,長榮航,38,13,25,富邦-苗栗,2023-01-03,9657
2890,永豐金,25,1,24,富邦-苗栗,2023-01-03,9657
2317,鴻海,28,4,24,富邦-苗栗,2023-01-03,9657
2605,新興,30,7,23,富邦-苗栗,2023-01-03,9657
3682,亞太電,21,0,21,富邦-苗栗,2023-01-03,9657
9958,世紀鋼,19,0,19,富邦-苗栗,2023-01-03,9657
2617,台航,17,0,17,富邦-苗栗,2023-01-03,9657
2495,普安,20,6,14,富邦-苗栗,2023-01-03,9657
4114,健喬,18,4,14,富邦-苗栗,2023-01-03,9657
3508,位速,14,1,13,富邦-苗栗,2023-01-03,9657
00679B,元大美債20年,12,0,12,富邦-苗栗,2023-01-03,9657
9802,鈺齊-KY,12,0,12,富邦-苗栗,2023-01-03,9657
00772B,中信高評級公司債,11,0,11,富邦-苗栗,2023-01-03,9657
1701,中化,10,1,9,富邦-苗栗,2023-01-03,9657
6153,嘉聯益,8,0,8,富邦-苗栗,2023-01-03,9657
6223,旺矽,7,0,7,富邦-苗栗,2023-01-03,9657
2889,國票金,7,0,7,富邦-苗栗,2023-01-03,9657
3481,群創,7,0,7,富邦-苗栗,2023-01-03,9657
8222,寶一,7,0,7,富邦-苗栗,2023-01-03,9657
00631L,元大台灣50正2,8,1,7,富邦-苗栗,2023-01-03,9657
2382,廣達,6,0,6,富邦-苗栗,2023-01-03,9657
2615,萬海,13,7,6,富邦-苗栗,2023-01-03,9657
9907,統一實,6,0,6,富邦-苗栗,2023-01-03,9657
2609,陽明,10,5,5,富邦-苗栗,2023-01-03,9657
1512,瑞利,5,0,5,富邦-苗栗,2023-01-03,9657
1909,榮成,5,0,5,富邦-苗栗,2023-01-03,9657
4174,浩鼎,5,0,5,富邦-苗栗,2023-01-03,9657
9919,康那香,5,0,5,富邦-苗栗,2023-01-03,9657
2812,台中銀,5,0,5,富邦-苗栗,2023-01-03,9657
00902,中信電池及儲能,14,10,4,富邦-苗栗,2023-01-03,9657
1417,嘉裕,6,2,4,富邦-苗栗,2023-01-03,9657
2102,泰豐,4,0,4,富邦-苗栗,2023-01-03,9657
2887,台新金,4,0,4,富邦-苗栗,2023-01-03,9657
5227,立凱-KY,4,0,4,富邦-苗栗,2023-01-03,9657
2880,華南金,24,20,4,富邦-苗栗,2023-01-03,9657
1409,新纖,3,0,3,富邦-苗栗,2023-01-03,9657
1304,台聚,3,0,3,富邦-苗栗,2023-01-03,9657
1527,鑽全,3,0,3,富邦-苗栗,2023-01-03,9657
1609,大亞,4,1,3,富邦-苗栗,2023-01-03,9657
1611,中電,3,0,3,富邦-苗栗,2023-01-03,9657
1720,生達,3,0,3,富邦-苗栗,2023-01-03,9657
2440,太空梭,3,0,3,富邦-苗栗,2023-01-03,9657
2451,創見,3,0,3,富邦-苗栗,2023-01-03,9657
00878,國泰永續高股息,57,2,55,富邦-苗栗,2023-01-04,9657
9958,世紀鋼,54,1,53,富邦-苗栗,2023-01-04,9657
2637,慧洋-KY,30,0,30,富邦-苗栗,2023-01-04,9657
2880,華南金,20,0,20,富邦-苗栗,2023-01-04,9657
1514,亞力,30,10,20,富邦-苗栗,2023-01-04,9657
2605,新興,20,0,20,富邦-苗栗,2023-01-04,9657
2617,台航,20,0,20,富邦-苗栗,2023-01-04,9657
6461,益得,20,0,20,富邦-苗栗,2023-01-04,9657
2884,玉山金,22,5,17,富邦-苗栗,2023-01-04,9657
00632R,元大台灣50反1,21,5,16,富邦-苗栗,2023-01-04,9657
6244,茂迪,15,0,15,富邦-苗栗,2023-01-04,9657
6438,迅得,15,1,14,富邦-苗栗,2023-01-04,9657
00895,富邦未來車,11,0,11,富邦-苗栗,2023-01-04,9657
3037,欣興,10,0,10,富邦-苗栗,2023-01-04,9657
1314,中石化,10,0,10,富邦-苗栗,2023-01-04,9657
2374,佳能,10,0,10,富邦-苗栗,2023-01-04,9657
2610,華航,13,3,10,富邦-苗栗,2023-01-04,9657
3535,晶彩科,10,0,10,富邦-苗栗,2023-01-04,9657
6535,順藥,10,0,10,富邦-苗栗,2023-01-04,9657
00900,富邦特選高股息30,10,0,10,富邦-苗栗,2023-01-04,9657
1217,愛之味,10,2,8,富邦-苗栗,2023-01-04,9657
2906,高林,8,0,8,富邦-苗栗,2023-01-04,9657
4153,鈺緯,8,0,8,富邦-苗栗,2023-01-04,9657
1701,中化,14,7,7,富邦-苗栗,2023-01-04,9657
1101,台泥,7,0,7,富邦-苗栗,2023-01-04,9657
2014,中鴻,7,0,7,富邦-苗栗,2023-01-04,9657
4726,永昕,7,0,7,富邦-苗栗,2023-01-04,9657
8155,博智,7,0,7,富邦-苗栗,2023-01-04,9657
9103,美德醫療-DR,9,2,7,富邦-苗栗,2023-01-04,9657
6274,台燿,7,0,7,富邦-苗栗,2023-01-04,9657
3047,訊舟,6,0,6,富邦-苗栗,2023-01-04,9657
6235,華孚,8,2,6,富邦-苗栗,2023-01-04,9657
3587,閎康,6,1,5,富邦-苗栗,2023-01-04,9657
2317,鴻海,21,16,5,富邦-苗栗,2023-01-04,9657
00888,永豐台灣ESG,5,0,5,富邦-苗栗,2023-01-04,9657
1612,宏泰,6,1,5,富邦-苗栗,2023-01-04,9657
2601,益航,5,0,5,富邦-苗栗,2023-01-04,9657
3031,佰鴻,5,0,5,富邦-苗栗,2023-01-04,9657
4133,亞諾法,4,0,4,富邦-苗栗,2023-01-04,9657
2408,南亞科,4,0,4,富邦-苗栗,2023-01-04,9657
5227,立凱-KY,4,0,4,富邦-苗栗,2023-01-04,9657
6741,91APP*-KY,7,3,4,富邦-苗栗,2023-01-04,9657
2201,裕隆,8,4,4,富邦-苗栗,2023-01-04,9657
5351,鈺創,6,2,4,富邦-苗栗,2023-01-04,9657
6472,保瑞,3,0,3,富邦-苗栗,2023-01-04,9657
6231,系微,3,0,3,富邦-苗栗,2023-01-04,9657
00670L,富邦NASDAQ正2,3,0,3,富邦-苗栗,2023-01-04,9657
00642U,期元大S＆P石油,3,0,3,富邦-苗栗,2023-01-04,9657
1526,日馳,3,0,3,富邦-苗栗,2023-01-04,9657
1795,美時,6,3,3,富邦-苗栗,2023-01-04,9657
00715L,期街口布蘭特正2,71,0,71,富邦-苗栗,2023-01-05,9657
1603,華電,52,0,52,富邦-苗栗,2023-01-05,9657
00893,國泰智能電動車,50,5,45,富邦-苗栗,2023-01-05,9657
2617,台航,40,0,40,富邦-苗栗,2023-01-05,9657
2880,華南金,40,0,40,富邦-苗栗,2023-01-05,9657
6153,嘉聯益,36,0,36,富邦-苗栗,2023-01-05,9657
2313,華通,27,0,27,富邦-苗栗,2023-01-05,9657
1810,和成,32,5,27,富邦-苗栗,2023-01-05,9657
2615,萬海,25,4,21,富邦-苗栗,2023-01-05,9657
2303,聯電,21,2,19,富邦-苗栗,2023-01-05,9657
1504,東元,16,0,16,富邦-苗栗,2023-01-05,9657
2412,中華電,16,1,15,富邦-苗栗,2023-01-05,9657
1529,樂事綠能,15,1,14,富邦-苗栗,2023-01-05,9657
5351,鈺創,16,2,14,富邦-苗栗,2023-01-05,9657
5905,南仁湖,14,1,13,富邦-苗栗,2023-01-05,9657
2337,旺宏,12,0,12,富邦-苗栗,2023-01-05,9657
1785,光洋科,10,0,10,富邦-苗栗,2023-01-05,9657
2399,映泰,10,0,10,富邦-苗栗,2023-01-05,9657
1460,宏遠,9,0,9,富邦-苗栗,2023-01-05,9657
3491,昇達科,10,1,9,富邦-苗栗,2023-01-05,9657
3686,達能,10,1,9,富邦-苗栗,2023-01-05,9657
3027,盛達,9,1,8,富邦-苗栗,2023-01-05,9657
9105,泰金寶-DR,8,0,8,富邦-苗栗,2023-01-05,9657
2317,鴻海,15,8,7,富邦-苗栗,2023-01-05,9657
3037,欣興,10,4,6,富邦-苗栗,2023-01-05,9657
6438,迅得,9,3,6,富邦-苗栗,2023-01-05,9657
8069,元太,8,3,5,富邦-苗栗,2023-01-05,9657
00900,富邦特選高股息30,5,0,5,富邦-苗栗,2023-01-05,9657
00701,國泰股利精選30,5,0,5,富邦-苗栗,2023-01-05,9657
1584,精剛,10,5,5,富邦-苗栗,2023-01-05,9657
1605,華新,13,8,5,富邦-苗栗,2023-01-05,9657
1701,中化,5,0,5,富邦-苗栗,2023-01-05,9657
2485,兆赫,5,0,5,富邦-苗栗,2023-01-05,9657
2601,益航,5,0,5,富邦-苗栗,2023-01-05,9657
2885,元大金,5,0,5,富邦-苗栗,2023-01-05,9657
3031,佰鴻,5,0,5,富邦-苗栗,2023-01-05,9657
5014,建錩,5,0,5,富邦-苗栗,2023-01-05,9657
6217,中探針,5,0,5,富邦-苗栗,2023-01-05,9657
8104,錸寶,5,0,5,富邦-苗栗,2023-01-05,9657
00631L,元大台灣50正2,5,0,5,富邦-苗栗,2023-01-05,9657
2498,宏達電,74,69,5,富邦-苗栗,2023-01-05,9657
1444,力麗,4,0,4,富邦-苗栗,2023-01-05,9657
1736,喬山,4,0,4,富邦-苗栗,2023-01-05,9657
2634,漢翔,4,0,4,富邦-苗栗,2023-01-05,9657
4961,天鈺,8,4,4,富邦-苗栗,2023-01-05,9657
0056,元大高股息,4,1,3,富邦-苗栗,2023-01-05,9657
00713,元大台灣高息低波,4,1,3,富邦-苗栗,2023-01-05,9657
6118,建達,4,1,3,富邦-苗栗,2023-01-05,9657
1417,嘉裕,6,3,3,富邦-苗栗,2023-01-05,9657
1522,堤維西,3,0,3,富邦-苗栗,2023-01-05,9657
2313,華通,41,1,40,富邦-苗栗,2023-01-06,9657
2354,鴻準,31,0,31,富邦-苗栗,2023-01-06,9657
00632R,元大台灣50反1,30,0,30,富邦-苗栗,2023-01-06,9657
3432,台端,30,0,30,富邦-苗栗,2023-01-06,9657
6182,合晶,20,0,20,富邦-苗栗,2023-01-06,9657
4114,健喬,47,28,19,富邦-苗栗,2023-01-06,9657
2885,元大金,13,0,13,富邦-苗栗,2023-01-06,9657
4974,亞泰,13,0,13,富邦-苗栗,2023-01-06,9657
2390,云辰,10,0,10,富邦-苗栗,2023-01-06,9657
2419,仲琦,10,0,10,富邦-苗栗,2023-01-06,9657
2609,陽明,13,3,10,富邦-苗栗,2023-01-06,9657
3419,譁裕,10,0,10,富邦-苗栗,2023-01-06,9657
00900,富邦特選高股息30,11,2,9,富邦-苗栗,2023-01-06,9657
00637L,元大滬深300正2,9,0,9,富邦-苗栗,2023-01-06,9657
2617,台航,10,1,9,富邦-苗栗,2023-01-06,9657
6488,環球晶,9,0,9,富邦-苗栗,2023-01-06,9657
1519,華城,15,7,8,富邦-苗栗,2023-01-06,9657
2317,鴻海,7,0,7,富邦-苗栗,2023-01-06,9657
2812,台中銀,26,20,6,富邦-苗栗,2023-01-06,9657
00720B,元大投資級公司債,6,0,6,富邦-苗栗,2023-01-06,9657
1514,亞力,5,0,5,富邦-苗栗,2023-01-06,9657
1529,樂事綠能,11,6,5,富邦-苗栗,2023-01-06,9657
1714,和桐,5,0,5,富邦-苗栗,2023-01-06,9657
2401,凌陽,5,0,5,富邦-苗栗,2023-01-06,9657
3059,華晶科,5,0,5,富邦-苗栗,2023-01-06,9657
4746,台耀,5,0,5,富邦-苗栗,2023-01-06,9657
5443,均豪,5,0,5,富邦-苗栗,2023-01-06,9657
6118,建達,6,1,5,富邦-苗栗,2023-01-06,9657
6229,研通,5,0,5,富邦-苗栗,2023-01-06,9657
00878,國泰永續高股息,16,11,5,富邦-苗栗,2023-01-06,9657
00714,群益道瓊美國地產,4,0,4,富邦-苗栗,2023-01-06,9657
1101,台泥,6,2,4,富邦-苗栗,2023-01-06,9657
8105,凌巨,5,1,4,富邦-苗栗,2023-01-06,9657
1513,中興電,8,4,4,富邦-苗栗,2023-01-06,9657
3141,晶宏,8,5,3,富邦-苗栗,2023-01-06,9657
6176,瑞儀,3,0,3,富邦-苗栗,2023-01-06,9657
00725B,國泰投資級公司債,3,0,3,富邦-苗栗,2023-01-06,9657
00762,元大全球AI,3,0,3,富邦-苗栗,2023-01-06,9657
1737,臺鹽,3,0,3,富邦-苗栗,2023-01-06,9657
2375,凱美,3,0,3,富邦-苗栗,2023-01-06,9657
2440,太空梭,3,0,3,富邦-苗栗,2023-01-06,9657
3094,聯傑,5,2,3,富邦-苗栗,2023-01-06,9657
3530,晶相光,3,0,3,富邦-苗栗,2023-01-06,9657
4133,亞諾法,3,0,3,富邦-苗栗,2023-01-06,9657
4968,立積,5,2,3,富邦-苗栗,2023-01-06,9657
8996,高力,9,7,2,富邦-苗栗,2023-01-06,9657
00772B,中信高評級公司債,2,0,2,富邦-苗栗,2023-01-06,9657
3034,聯詠,6,4,2,富邦-苗栗,2023-01-06,9657
0056,元大高股息,4,2,2,富邦-苗栗,2023-01-06,9657
6589,台康生技,4,2,2,富邦-苗栗,2023-01-06,9657
00632R,元大台灣50反1,253,24,229,富邦-苗栗,2023-01-09,9657
2880,華南金,94,11,83,富邦-苗栗,2023-01-09,9657
6109,亞元,74,0,74,富邦-苗栗,2023-01-09,9657
2495,普安,50,0,50,富邦-苗栗,2023-01-09,9657
1467,南緯,35,0,35,富邦-苗栗,2023-01-09,9657
2313,華通,28,3,25,富邦-苗栗,2023-01-09,9657
6153,嘉聯益,24,0,24,富邦-苗栗,2023-01-09,9657
00715L,期街口布蘭特正2,20,0,20,富邦-苗栗,2023-01-09,9657
00891,中信關鍵半導體,19,1,18,富邦-苗栗,2023-01-09,9657
5351,鈺創,17,3,14,富邦-苗栗,2023-01-09,9657
2618,長榮航,17,4,13,富邦-苗栗,2023-01-09,9657
3508,位速,12,0,12,富邦-苗栗,2023-01-09,9657
8150,南茂,12,0,12,富邦-苗栗,2023-01-09,9657
00664R,國泰臺灣加權反1,11,0,11,富邦-苗栗,2023-01-09,9657
00720B,元大投資級公司債,10,0,10,富邦-苗栗,2023-01-09,9657
2103,台橡,10,0,10,富邦-苗栗,2023-01-09,9657
2105,正新,10,0,10,富邦-苗栗,2023-01-09,9657
2399,映泰,10,0,10,富邦-苗栗,2023-01-09,9657
2610,華航,11,1,10,富邦-苗栗,2023-01-09,9657
4960,誠美材,10,0,10,富邦-苗栗,2023-01-09,9657
8016,矽創,10,0,10,富邦-苗栗,2023-01-09,9657
1417,嘉裕,11,2,9,富邦-苗栗,2023-01-09,9657
2892,第一金,11,2,9,富邦-苗栗,2023-01-09,9657
3037,欣興,121,113,8,富邦-苗栗,2023-01-09,9657
2542,興富發,7,0,7,富邦-苗栗,2023-01-09,9657
3432,台端,8,1,7,富邦-苗栗,2023-01-09,9657
1319,東陽,6,0,6,富邦-苗栗,2023-01-09,9657
8155,博智,6,0,6,富邦-苗栗,2023-01-09,9657
5371,中光電,6,0,6,富邦-苗栗,2023-01-09,9657
8046,南電,8,3,5,富邦-苗栗,2023-01-09,9657
00753L,中信中國50正2,6,1,5,富邦-苗栗,2023-01-09,9657
00676R,富邦臺灣加權反1,5,0,5,富邦-苗栗,2023-01-09,9657
1584,精剛,8,3,5,富邦-苗栗,2023-01-09,9657
2323,中環,5,0,5,富邦-苗栗,2023-01-09,9657
8069,元太,10,5,5,富邦-苗栗,2023-01-09,9657
8255,朋程,5,0,5,富邦-苗栗,2023-01-09,9657
3479,安勤,7,2,5,富邦-苗栗,2023-01-09,9657
6719,力智,5,1,4,富邦-苗栗,2023-01-09,9657
2603,長榮,16,12,4,富邦-苗栗,2023-01-09,9657
1909,榮成,7,3,4,富邦-苗栗,2023-01-09,9657
2025,千興,4,0,4,富邦-苗栗,2023-01-09,9657
2312,金寶,5,1,4,富邦-苗栗,2023-01-09,9657
2338,光罩,7,3,4,富邦-苗栗,2023-01-09,9657
2441,超豐,5,1,4,富邦-苗栗,2023-01-09,9657
2617,台航,8,4,4,富邦-苗栗,2023-01-09,9657
3207,耀勝,4,0,4,富邦-苗栗,2023-01-09,9657
3592,瑞鼎,4,0,4,富邦-苗栗,2023-01-09,9657
4720,德淵,4,0,4,富邦-苗栗,2023-01-09,9657
6271,同欣電,4,0,4,富邦-苗栗,2023-01-09,9657
2317,鴻海,4,0,4,富邦-苗栗,2023-01-09,9657
8105,凌巨,65,0,65,富邦-苗栗,2023-01-10,9657
00676R,富邦臺灣加權反1,110,50,60,富邦-苗栗,2023-01-10,9657
2028,威致,30,0,30,富邦-苗栗,2023-01-10,9657
0056,元大高股息,28,0,28,富邦-苗栗,2023-01-10,9657
00715L,期街口布蘭特正2,29,1,28,富邦-苗栗,2023-01-10,9657
1605,華新,28,12,16,富邦-苗栗,2023-01-10,9657
6182,合晶,15,0,15,富邦-苗栗,2023-01-10,9657
8931,大汽電,14,0,14,富邦-苗栗,2023-01-10,9657
6276,安鈦克,13,0,13,富邦-苗栗,2023-01-10,9657
00631L,元大台灣50正2,11,0,11,富邦-苗栗,2023-01-10,9657
00664R,國泰臺灣加權反1,10,0,10,富邦-苗栗,2023-01-10,9657
2332,友訊,10,0,10,富邦-苗栗,2023-01-10,9657
3322,建舜電,10,0,10,富邦-苗栗,2023-01-10,9657
8924,大田,10,1,9,富邦-苗栗,2023-01-10,9657
2338,光罩,9,0,9,富邦-苗栗,2023-01-10,9657
6443,元晶,10,2,8,富邦-苗栗,2023-01-10,9657
2929,淘帝-KY,9,1,8,富邦-苗栗,2023-01-10,9657
1467,南緯,10,3,7,富邦-苗栗,2023-01-10,9657
3289,宜特,7,0,7,富邦-苗栗,2023-01-10,9657
3013,晟銘電,6,0,6,富邦-苗栗,2023-01-10,9657
6605,帝寶,6,0,6,富邦-苗栗,2023-01-10,9657
8996,高力,14,8,6,富邦-苗栗,2023-01-10,9657
00753L,中信中國50正2,5,0,5,富邦-苗栗,2023-01-10,9657
1603,華電,5,0,5,富邦-苗栗,2023-01-10,9657
1802,台玻,5,0,5,富邦-苗栗,2023-01-10,9657
1907,永豐餘,5,0,5,富邦-苗栗,2023-01-10,9657
2399,映泰,5,0,5,富邦-苗栗,2023-01-10,9657
2618,長榮航,18,13,5,富邦-苗栗,2023-01-10,9657
3450,聯鈞,5,0,5,富邦-苗栗,2023-01-10,9657
6116,彩晶,5,0,5,富邦-苗栗,2023-01-10,9657
6215,和椿,5,0,5,富邦-苗栗,2023-01-10,9657
6244,茂迪,5,0,5,富邦-苗栗,2023-01-10,9657
3059,華晶科,4,0,4,富邦-苗栗,2023-01-10,9657
2615,萬海,7,3,4,富邦-苗栗,2023-01-10,9657
00679B,元大美債20年,4,0,4,富邦-苗栗,2023-01-10,9657
4114,健喬,6,2,4,富邦-苗栗,2023-01-10,9657
1584,精剛,4,0,4,富邦-苗栗,2023-01-10,9657
6139,亞翔,4,0,4,富邦-苗栗,2023-01-10,9657
8040,九暘,4,0,4,富邦-苗栗,2023-01-10,9657
00878,國泰永續高股息,9,5,4,富邦-苗栗,2023-01-10,9657
3682,亞太電,3,0,3,富邦-苗栗,2023-01-10,9657
3714,富采,10,7,3,富邦-苗栗,2023-01-10,9657
2881,富邦金,3,0,3,富邦-苗栗,2023-01-10,9657
1308,亞聚,3,0,3,富邦-苗栗,2023-01-10,9657
00773B,中信優先金融債,3,0,3,富邦-苗栗,2023-01-10,9657
1762,中化生,3,0,3,富邦-苗栗,2023-01-10,9657
2906,高林,3,0,3,富邦-苗栗,2023-01-10,9657
3035,智原,6,3,3,富邦-苗栗,2023-01-10,9657
4720,德淵,3,0,3,富邦-苗栗,2023-01-10,9657
4726,永昕,3,0,3,富邦-苗栗,2023-01-10,9657
5009,榮剛,102,10,92,富邦-苗栗,2023-01-11,9657
2028,威致,48,3,45,富邦-苗栗,2023-01-11,9657
00852L,國泰美國道瓊正2,35,0,35,富邦-苗栗,2023-01-11,9657
2313,華通,26,0,26,富邦-苗栗,2023-01-11,9657
1560,中砂,40,18,22,富邦-苗栗,2023-01-11,9657
9907,統一實,15,1,14,富邦-苗栗,2023-01-11,9657
00878,國泰永續高股息,15,1,14,富邦-苗栗,2023-01-11,9657
6160,欣技,13,0,13,富邦-苗栗,2023-01-11,9657
4979,華星光,63,52,11,富邦-苗栗,2023-01-11,9657
1326,台化,10,0,10,富邦-苗栗,2023-01-11,9657
1810,和成,10,0,10,富邦-苗栗,2023-01-11,9657
2605,新興,10,0,10,富邦-苗栗,2023-01-11,9657
2633,台灣高鐵,10,0,10,富邦-苗栗,2023-01-11,9657
2363,矽統,9,0,9,富邦-苗栗,2023-01-11,9657
2897,王道銀行,9,0,9,富邦-苗栗,2023-01-11,9657
3419,譁裕,9,0,9,富邦-苗栗,2023-01-11,9657
4114,健喬,14,5,9,富邦-苗栗,2023-01-11,9657
6488,環球晶,9,0,9,富邦-苗栗,2023-01-11,9657
5880,合庫金,9,0,9,富邦-苗栗,2023-01-11,9657
2929,淘帝-KY,7,0,7,富邦-苗栗,2023-01-11,9657
8121,越峰,7,0,7,富邦-苗栗,2023-01-11,9657
0056,元大高股息,11,5,6,富邦-苗栗,2023-01-11,9657
3704,合勤控,9,3,6,富邦-苗栗,2023-01-11,9657
2357,華碩,6,0,6,富邦-苗栗,2023-01-11,9657
2603,長榮,8,2,6,富邦-苗栗,2023-01-11,9657
6288,聯嘉,6,0,6,富邦-苗栗,2023-01-11,9657
2615,萬海,11,6,5,富邦-苗栗,2023-01-11,9657
1603,華電,5,0,5,富邦-苗栗,2023-01-11,9657
2014,中鴻,7,2,5,富邦-苗栗,2023-01-11,9657
2436,偉詮電,7,2,5,富邦-苗栗,2023-01-11,9657
2601,益航,5,0,5,富邦-苗栗,2023-01-11,9657
3013,晟銘電,5,0,5,富邦-苗栗,2023-01-11,9657
4157,太景*-KY,5,0,5,富邦-苗栗,2023-01-11,9657
6806,森崴能源,5,0,5,富邦-苗栗,2023-01-11,9657
2890,永豐金,5,0,5,富邦-苗栗,2023-01-11,9657
1304,台聚,5,0,5,富邦-苗栗,2023-01-11,9657
1308,亞聚,4,0,4,富邦-苗栗,2023-01-11,9657
00919,群益台灣精選高息,4,0,4,富邦-苗栗,2023-01-11,9657
1516,川飛,4,0,4,富邦-苗栗,2023-01-11,9657
2379,瑞昱,6,2,4,富邦-苗栗,2023-01-11,9657
3682,亞太電,5,1,4,富邦-苗栗,2023-01-11,9657
4190,佐登-KY,4,0,4,富邦-苗栗,2023-01-11,9657
6117,迎廣,4,0,4,富邦-苗栗,2023-01-11,9657
6124,業強,4,0,4,富邦-苗栗,2023-01-11,9657
8155,博智,4,0,4,富邦-苗栗,2023-01-11,9657
9941,裕融,4,0,4,富邦-苗栗,2023-01-11,9657
2812,台中銀,3,0,3,富邦-苗栗,2023-01-11,9657
00679B,元大美債20年,5,2,3,富邦-苗栗,2023-01-11,9657
2886,兆豐金,3,0,3,富邦-苗栗,2023-01-11,9657
2236,百達-KY,3,0,3,富邦-苗栗,2023-01-11,9657
00671R,富邦NASDAQ反1,84,0,84,富邦-苗栗,2023-01-12,9657
2495,普安,62,0,62,富邦-苗栗,2023-01-12,9657
2303,聯電,64,8,56,富邦-苗栗,2023-01-12,9657
2615,萬海,58,6,52,富邦-苗栗,2023-01-12,9657
00852L,國泰美國道瓊正2,35,0,35,富邦-苗栗,2023-01-12,9657
00673R,期元大S＆P原油反1,30,0,30,富邦-苗栗,2023-01-12,9657
00885,富邦越南,30,2,28,富邦-苗栗,2023-01-12,9657
00878,國泰永續高股息,27,0,27,富邦-苗栗,2023-01-12,9657
4974,亞泰,25,0,25,富邦-苗栗,2023-01-12,9657
2884,玉山金,25,0,25,富邦-苗栗,2023-01-12,9657
00753L,中信中國50正2,22,0,22,富邦-苗栗,2023-01-12,9657
2344,華邦電,23,1,22,富邦-苗栗,2023-01-12,9657
00632R,元大台灣50反1,21,0,21,富邦-苗栗,2023-01-12,9657
4128,中天,19,8,11,富邦-苗栗,2023-01-12,9657
1560,中砂,14,3,11,富邦-苗栗,2023-01-12,9657
2617,台航,11,0,11,富邦-苗栗,2023-01-12,9657
2023,燁輝,12,1,11,富邦-苗栗,2023-01-12,9657
2357,華碩,11,0,11,富邦-苗栗,2023-01-12,9657
2609,陽明,12,2,10,富邦-苗栗,2023-01-12,9657
00664R,國泰臺灣加權反1,10,0,10,富邦-苗栗,2023-01-12,9657
2419,仲琦,10,0,10,富邦-苗栗,2023-01-12,9657
3536,誠創,10,0,10,富邦-苗栗,2023-01-12,9657
2897,王道銀行,10,1,9,富邦-苗栗,2023-01-12,9657
2363,矽統,9,0,9,富邦-苗栗,2023-01-12,9657
6770,力積電,12,4,8,富邦-苗栗,2023-01-12,9657
2354,鴻準,7,0,7,富邦-苗栗,2023-01-12,9657
2358,廷鑫,18,11,7,富邦-苗栗,2023-01-12,9657
2618,長榮航,10,3,7,富邦-苗栗,2023-01-12,9657
3297,杭特,7,0,7,富邦-苗栗,2023-01-12,9657
2891,中信金,6,0,6,富邦-苗栗,2023-01-12,9657
4743,合一,8,2,6,富邦-苗栗,2023-01-12,9657
2399,映泰,6,0,6,富邦-苗栗,2023-01-12,9657
3624,光頡,9,3,6,富邦-苗栗,2023-01-12,9657
4979,華星光,7,1,6,富邦-苗栗,2023-01-12,9657
1795,美時,9,4,5,富邦-苗栗,2023-01-12,9657
1603,華電,5,0,5,富邦-苗栗,2023-01-12,9657
2014,中鴻,8,3,5,富邦-苗栗,2023-01-12,9657
4943,康控-KY,5,0,5,富邦-苗栗,2023-01-12,9657
6215,和椿,5,0,5,富邦-苗栗,2023-01-12,9657
6226,光鼎,5,0,5,富邦-苗栗,2023-01-12,9657
00631L,元大台灣50正2,5,0,5,富邦-苗栗,2023-01-12,9657
6182,合晶,5,0,5,富邦-苗栗,2023-01-12,9657
2603,長榮,8,3,5,富邦-苗栗,2023-01-12,9657
1304,台聚,4,0,4,富邦-苗栗,2023-01-12,9657
1443,立益物流,4,0,4,富邦-苗栗,2023-01-12,9657
4747,強生,7,3,4,富邦-苗栗,2023-01-12,9657
6689,伊雲谷,3,0,3,富邦-苗栗,2023-01-12,9657
8420,明揚,3,0,3,富邦-苗栗,2023-01-12,9657
00676R,富邦臺灣加權反1,3,0,3,富邦-苗栗,2023-01-12,9657
00900,富邦特選高股息30,3,0,3,富邦-苗栗,2023-01-12,9657
00632R,元大台灣50反1,245,10,235,富邦-苗栗,2023-01-13,9657
00673R,期元大S＆P原油反1,60,5,55,富邦-苗栗,2023-01-13,9657
2884,玉山金,50,1,49,富邦-苗栗,2023-01-13,9657
2845,遠東銀,22,0,22,富邦-苗栗,2023-01-13,9657
3013,晟銘電,22,0,22,富邦-苗栗,2023-01-13,9657
0056,元大高股息,22,1,21,富邦-苗栗,2023-01-13,9657
00671R,富邦NASDAQ反1,20,0,20,富邦-苗栗,2023-01-13,9657
2028,威致,19,5,14,富邦-苗栗,2023-01-13,9657
1720,生達,12,0,12,富邦-苗栗,2023-01-13,9657
2468,華經,13,1,12,富邦-苗栗,2023-01-13,9657
2887,台新金,11,0,11,富邦-苗栗,2023-01-13,9657
2929,淘帝-KY,11,0,11,富邦-苗栗,2023-01-13,9657
00921,兆豐龍頭等權重,10,0,10,富邦-苗栗,2023-01-13,9657
1752,南光,25,15,10,富邦-苗栗,2023-01-13,9657
00664R,國泰臺灣加權反1,10,0,10,富邦-苗栗,2023-01-13,9657
1608,華榮,17,7,10,富邦-苗栗,2023-01-13,9657
1802,台玻,10,0,10,富邦-苗栗,2023-01-13,9657
2363,矽統,10,0,10,富邦-苗栗,2023-01-13,9657
2641,正德,10,0,10,富邦-苗栗,2023-01-13,9657
6245,立端,12,4,8,富邦-苗栗,2023-01-13,9657
4919,新唐,14,6,8,富邦-苗栗,2023-01-13,9657
2609,陽明,10,3,7,富邦-苗栗,2023-01-13,9657
3494,誠研,7,0,7,富邦-苗栗,2023-01-13,9657
2030,彰源,6,0,6,富邦-苗栗,2023-01-13,9657
2359,所羅門,6,0,6,富邦-苗栗,2023-01-13,9657
2412,中華電,7,1,6,富邦-苗栗,2023-01-13,9657
6152,百一,6,0,6,富邦-苗栗,2023-01-13,9657
6443,元晶,7,1,6,富邦-苗栗,2023-01-13,9657
2323,中環,5,0,5,富邦-苗栗,2023-01-13,9657
1714,和桐,5,0,5,富邦-苗栗,2023-01-13,9657
2329,華泰,5,0,5,富邦-苗栗,2023-01-13,9657
2367,燿華,7,2,5,富邦-苗栗,2023-01-13,9657
2498,宏達電,60,55,5,富邦-苗栗,2023-01-13,9657
00631L,元大台灣50正2,5,0,5,富邦-苗栗,2023-01-13,9657
00878,國泰永續高股息,9,4,5,富邦-苗栗,2023-01-13,9657
2317,鴻海,4,0,4,富邦-苗栗,2023-01-13,9657
8299,群聯,4,0,4,富邦-苗栗,2023-01-13,9657
1513,中興電,4,0,4,富邦-苗栗,2023-01-13,9657
5347,世界,7,3,4,富邦-苗栗,2023-01-13,9657
00773B,中信優先金融債,4,0,4,富邦-苗栗,2023-01-13,9657
00676R,富邦臺灣加權反1,113,109,4,富邦-苗栗,2023-01-13,9657
2358,廷鑫,6,2,4,富邦-苗栗,2023-01-13,9657
2441,超豐,4,0,4,富邦-苗栗,2023-01-13,9657
3443,創意,4,0,4,富邦-苗栗,2023-01-13,9657
5608,四維航,6,2,4,富邦-苗栗,2023-01-13,9657
1229,聯華,3,0,3,富邦-苗栗,2023-01-13,9657
00679B,元大美債20年,3,0,3,富邦-苗栗,2023-01-13,9657
00720B,元大投資級公司債,3,0,3,富邦-苗栗,2023-01-13,9657
1417,嘉裕,3,0,3,富邦-苗栗,2023-01-13,9657
2601,益航,3,0,3,富邦-苗栗,2023-01-13,9657
00893,國泰智能電動車,150,1,149,富邦-苗栗,2023-01-16,9657
00673R,期元大S＆P原油反1,71,0,71,富邦-苗栗,2023-01-16,9657
2363,矽統,54,0,54,富邦-苗栗,2023-01-16,9657
2027,大成鋼,41,2,39,富邦-苗栗,2023-01-16,9657
6182,合晶,31,2,29,富邦-苗栗,2023-01-16,9657
2028,威致,37,12,25,富邦-苗栗,2023-01-16,9657
2812,台中銀,22,0,22,富邦-苗栗,2023-01-16,9657
00885,富邦越南,20,0,20,富邦-苗栗,2023-01-16,9657
1608,華榮,20,0,20,富邦-苗栗,2023-01-16,9657
00753L,中信中國50正2,21,3,18,富邦-苗栗,2023-01-16,9657
2412,中華電,19,1,18,富邦-苗栗,2023-01-16,9657
2354,鴻準,17,0,17,富邦-苗栗,2023-01-16,9657
6443,元晶,17,1,16,富邦-苗栗,2023-01-16,9657
2317,鴻海,16,2,14,富邦-苗栗,2023-01-16,9657
6770,力積電,12,0,12,富邦-苗栗,2023-01-16,9657
6245,立端,17,5,12,富邦-苗栗,2023-01-16,9657
6438,迅得,12,0,12,富邦-苗栗,2023-01-16,9657
00665L,富邦�琤肭磪囓�2,10,0,10,富邦-苗栗,2023-01-16,9657
2498,宏達電,21,11,10,富邦-苗栗,2023-01-16,9657
2915,潤泰全,10,0,10,富邦-苗栗,2023-01-16,9657
4105,東洋,10,0,10,富邦-苗栗,2023-01-16,9657
4960,誠美材,10,0,10,富邦-苗栗,2023-01-16,9657
3481,群創,12,3,9,富邦-苗栗,2023-01-16,9657
2338,光罩,124,116,8,富邦-苗栗,2023-01-16,9657
4726,永昕,8,0,8,富邦-苗栗,2023-01-16,9657
00772B,中信高評級公司債,7,0,7,富邦-苗栗,2023-01-16,9657
1802,台玻,12,5,7,富邦-苗栗,2023-01-16,9657
2881,富邦金,12,5,7,富邦-苗栗,2023-01-16,9657
2906,高林,7,0,7,富邦-苗栗,2023-01-16,9657
2882,國泰金,7,0,7,富邦-苗栗,2023-01-16,9657
00916,國泰全球品牌50,6,0,6,富邦-苗栗,2023-01-16,9657
00773B,中信優先金融債,5,0,5,富邦-苗栗,2023-01-16,9657
1603,華電,5,0,5,富邦-苗栗,2023-01-16,9657
1714,和桐,5,0,5,富邦-苗栗,2023-01-16,9657
2030,彰源,5,0,5,富邦-苗栗,2023-01-16,9657
2323,中環,5,0,5,富邦-苗栗,2023-01-16,9657
2406,國碩,5,0,5,富邦-苗栗,2023-01-16,9657
5353,台林,5,0,5,富邦-苗栗,2023-01-16,9657
6120,達運,5,0,5,富邦-苗栗,2023-01-16,9657
1301,台塑,5,0,5,富邦-苗栗,2023-01-16,9657
2230,泰茂,4,0,4,富邦-苗栗,2023-01-16,9657
5251,天鉞電,4,0,4,富邦-苗栗,2023-01-16,9657
6152,百一,4,0,4,富邦-苗栗,2023-01-16,9657
6609,瀧澤科,4,0,4,富邦-苗栗,2023-01-16,9657
8358,金居,11,7,4,富邦-苗栗,2023-01-16,9657
2379,瑞昱,4,1,3,富邦-苗栗,2023-01-16,9657
00900,富邦特選高股息30,5,2,3,富邦-苗栗,2023-01-16,9657
00680L,元大美債20正2,3,0,3,富邦-苗栗,2023-01-16,9657
00720B,元大投資級公司債,3,0,3,富邦-苗栗,2023-01-16,9657
1471,首利,3,0,3,富邦-苗栗,2023-01-16,9657
1519,華城,99,1,98,富邦-苗栗,2023-01-17,9657
8046,南電,43,0,43,富邦-苗栗,2023-01-17,9657
2412,中華電,37,0,37,富邦-苗栗,2023-01-17,9657
2884,玉山金,38,3,35,富邦-苗栗,2023-01-17,9657
9958,世紀鋼,27,2,25,富邦-苗栗,2023-01-17,9657
00753L,中信中國50正2,21,0,21,富邦-苗栗,2023-01-17,9657
00632R,元大台灣50反1,21,0,21,富邦-苗栗,2023-01-17,9657
2388,威盛,20,0,20,富邦-苗栗,2023-01-17,9657
4960,誠美材,20,0,20,富邦-苗栗,2023-01-17,9657
2002,中鋼,20,1,19,富邦-苗栗,2023-01-17,9657
2614,東森,17,0,17,富邦-苗栗,2023-01-17,9657
4532,瑞智,15,0,15,富邦-苗栗,2023-01-17,9657
3037,欣興,14,0,14,富邦-苗栗,2023-01-17,9657
4979,華星光,18,4,14,富邦-苗栗,2023-01-17,9657
6770,力積電,14,1,13,富邦-苗栗,2023-01-17,9657
8420,明揚,12,0,12,富邦-苗栗,2023-01-17,9657
2354,鴻準,11,0,11,富邦-苗栗,2023-01-17,9657
00665L,富邦�琤肭磪囓�2,10,0,10,富邦-苗栗,2023-01-17,9657
00655L,國泰中國A50正2,10,0,10,富邦-苗栗,2023-01-17,9657
2374,佳能,10,0,10,富邦-苗栗,2023-01-17,9657
2390,云辰,10,0,10,富邦-苗栗,2023-01-17,9657
2611,志信,10,0,10,富邦-苗栗,2023-01-17,9657
1752,南光,10,0,10,富邦-苗栗,2023-01-17,9657
00772B,中信高評級公司債,7,0,7,富邦-苗栗,2023-01-17,9657
2444,兆勁,7,0,7,富邦-苗栗,2023-01-17,9657
2542,興富發,10,3,7,富邦-苗栗,2023-01-17,9657
9103,美德醫療-DR,22,15,7,富邦-苗栗,2023-01-17,9657
00882,中信中國高股息,6,0,6,富邦-苗栗,2023-01-17,9657
2009,第一銅,6,0,6,富邦-苗栗,2023-01-17,9657
3625,西勝,6,0,6,富邦-苗栗,2023-01-17,9657
00878,國泰永續高股息,13,8,5,富邦-苗栗,2023-01-17,9657
00885,富邦越南,6,1,5,富邦-苗栗,2023-01-17,9657
8050,廣積,5,0,5,富邦-苗栗,2023-01-17,9657
1304,台聚,5,0,5,富邦-苗栗,2023-01-17,9657
1907,永豐餘,5,0,5,富邦-苗栗,2023-01-17,9657
2015,豐興,5,0,5,富邦-苗栗,2023-01-17,9657
3444,利機,5,0,5,富邦-苗栗,2023-01-17,9657
5251,天鉞電,8,3,5,富邦-苗栗,2023-01-17,9657
5905,南仁湖,5,0,5,富邦-苗栗,2023-01-17,9657
6120,達運,5,0,5,富邦-苗栗,2023-01-17,9657
6488,環球晶,5,0,5,富邦-苗栗,2023-01-17,9657
0056,元大高股息,6,1,5,富邦-苗栗,2023-01-17,9657
1215,卜蜂,4,0,4,富邦-苗栗,2023-01-17,9657
1219,福壽,5,1,4,富邦-苗栗,2023-01-17,9657
3454,晶睿,5,1,4,富邦-苗栗,2023-01-17,9657
4128,中天,6,2,4,富邦-苗栗,2023-01-17,9657
4157,太景*-KY,4,0,4,富邦-苗栗,2023-01-17,9657
2812,台中銀,4,0,4,富邦-苗栗,2023-01-17,9657
6180,橘子,3,0,3,富邦-苗栗,2023-01-17,9657
2615,萬海,4,1,3,富邦-苗栗,2023-01-17,9657
00632R,元大台灣50反1,251,80,171,富邦-苗栗,2023-01-30,9657
00676R,富邦臺灣加權反1,107,20,87,富邦-苗栗,2023-01-30,9657
00679B,元大美債20年,69,4,65,富邦-苗栗,2023-01-30,9657
00664R,國泰臺灣加權反1,60,0,60,富邦-苗栗,2023-01-30,9657
1815,富喬,38,0,38,富邦-苗栗,2023-01-30,9657
8110,華東,34,0,34,富邦-苗栗,2023-01-30,9657
2317,鴻海,34,2,32,富邦-苗栗,2023-01-30,9657
2884,玉山金,48,16,32,富邦-苗栗,2023-01-30,9657
4105,東洋,27,0,27,富邦-苗栗,2023-01-30,9657
2609,陽明,29,3,26,富邦-苗栗,2023-01-30,9657
3682,亞太電,31,6,25,富邦-苗栗,2023-01-30,9657
3050,鈺德,20,0,20,富邦-苗栗,2023-01-30,9657
00637L,元大滬深300正2,20,1,19,富邦-苗栗,2023-01-30,9657
3228,金麗科,18,0,18,富邦-苗栗,2023-01-30,9657
6535,順藥,20,2,18,富邦-苗栗,2023-01-30,9657
6245,立端,19,2,17,富邦-苗栗,2023-01-30,9657
2454,聯發科,21,5,16,富邦-苗栗,2023-01-30,9657
0056,元大高股息,23,8,15,富邦-苗栗,2023-01-30,9657
1802,台玻,11,0,11,富邦-苗栗,2023-01-30,9657
9802,鈺齊-KY,11,0,11,富邦-苗栗,2023-01-30,9657
2390,云辰,10,0,10,富邦-苗栗,2023-01-30,9657
2913,農林,10,0,10,富邦-苗栗,2023-01-30,9657
3587,閎康,10,0,10,富邦-苗栗,2023-01-30,9657
5905,南仁湖,10,0,10,富邦-苗栗,2023-01-30,9657
6121,新普,10,0,10,富邦-苗栗,2023-01-30,9657
6605,帝寶,10,0,10,富邦-苗栗,2023-01-30,9657
8222,寶一,10,0,10,富邦-苗栗,2023-01-30,9657
8996,高力,21,11,10,富邦-苗栗,2023-01-30,9657
9958,世紀鋼,10,0,10,富邦-苗栗,2023-01-30,9657
2867,三商壽,9,0,9,富邦-苗栗,2023-01-30,9657
4726,永昕,9,0,9,富邦-苗栗,2023-01-30,9657
5009,榮剛,10,1,9,富邦-苗栗,2023-01-30,9657
2332,友訊,10,2,8,富邦-苗栗,2023-01-30,9657
5425,台半,12,4,8,富邦-苗栗,2023-01-30,9657
3346,麗清,7,0,7,富邦-苗栗,2023-01-30,9657
2891,中信金,7,1,6,富邦-苗栗,2023-01-30,9657
3163,波若威,6,0,6,富邦-苗栗,2023-01-30,9657
6789,采鈺,8,2,6,富邦-苗栗,2023-01-30,9657
6138,茂達,6,1,5,富邦-苗栗,2023-01-30,9657
1504,東元,5,0,5,富邦-苗栗,2023-01-30,9657
1536,和大,5,0,5,富邦-苗栗,2023-01-30,9657
3293,鈊象,5,0,5,富邦-苗栗,2023-01-30,9657
4720,德淵,5,0,5,富邦-苗栗,2023-01-30,9657
5443,均豪,5,0,5,富邦-苗栗,2023-01-30,9657
6443,元晶,5,0,5,富邦-苗栗,2023-01-30,9657
1514,亞力,4,0,4,富邦-苗栗,2023-01-30,9657
2379,瑞昱,6,2,4,富邦-苗栗,2023-01-30,9657
8046,南電,5,1,4,富邦-苗栗,2023-01-30,9657
1795,美時,6,2,4,富邦-苗栗,2023-01-30,9657
2603,長榮,4,0,4,富邦-苗栗,2023-01-30,9657
00905,FT臺灣Smart,71,1,70,富邦-苗栗,2023-01-31,9657
2887,台新金,56,1,55,富邦-苗栗,2023-01-31,9657
2884,玉山金,54,2,52,富邦-苗栗,2023-01-31,9657
5315,光聯,32,0,32,富邦-苗栗,2023-01-31,9657
4105,東洋,30,0,30,富邦-苗栗,2023-01-31,9657
8429,金麗-KY,30,0,30,富邦-苗栗,2023-01-31,9657
00679B,元大美債20年,19,1,18,富邦-苗栗,2023-01-31,9657
1605,華新,44,26,18,富邦-苗栗,2023-01-31,9657
6245,立端,19,3,16,富邦-苗栗,2023-01-31,9657
00670L,富邦NASDAQ正2,15,0,15,富邦-苗栗,2023-01-31,9657
2399,映泰,15,0,15,富邦-苗栗,2023-01-31,9657
00715L,期街口布蘭特正2,14,0,14,富邦-苗栗,2023-01-31,9657
2353,宏��,20,6,14,富邦-苗栗,2023-01-31,9657
2324,仁寶,12,0,12,富邦-苗栗,2023-01-31,9657
2344,華邦電,12,0,12,富邦-苗栗,2023-01-31,9657
2354,鴻準,15,4,11,富邦-苗栗,2023-01-31,9657
3682,亞太電,11,0,11,富邦-苗栗,2023-01-31,9657
4157,太景*-KY,11,0,11,富邦-苗栗,2023-01-31,9657
2891,中信金,10,0,10,富邦-苗栗,2023-01-31,9657
00650L,復華香港正2,10,0,10,富邦-苗栗,2023-01-31,9657
00673R,期元大S＆P原油反1,10,0,10,富邦-苗栗,2023-01-31,9657
2033,佳大,10,0,10,富邦-苗栗,2023-01-31,9657
2338,光罩,10,0,10,富邦-苗栗,2023-01-31,9657
2485,兆赫,10,0,10,富邦-苗栗,2023-01-31,9657
5907,大洋-KY,10,0,10,富邦-苗栗,2023-01-31,9657
6550,北極星藥業-KY,12,2,10,富邦-苗栗,2023-01-31,9657
3081,聯亞,9,0,9,富邦-苗栗,2023-01-31,9657
9907,統一實,9,0,9,富邦-苗栗,2023-01-31,9657
2317,鴻海,22,13,9,富邦-苗栗,2023-01-31,9657
00773B,中信優先金融債,8,0,8,富邦-苗栗,2023-01-31,9657
2892,第一金,8,0,8,富邦-苗栗,2023-01-31,9657
6180,橘子,8,0,8,富邦-苗栗,2023-01-31,9657
2405,輔信,8,0,8,富邦-苗栗,2023-01-31,9657
2888,新光金,8,0,8,富邦-苗栗,2023-01-31,9657
3479,安勤,8,0,8,富邦-苗栗,2023-01-31,9657
1529,樂事綠能,8,0,8,富邦-苗栗,2023-01-31,9657
00720B,元大投資級公司債,7,0,7,富邦-苗栗,2023-01-31,9657
00633L,富邦上証正2,7,0,7,富邦-苗栗,2023-01-31,9657
4167,松瑞藥,8,1,7,富邦-苗栗,2023-01-31,9657
2330,台積電,10,3,7,富邦-苗栗,2023-01-31,9657
00900,富邦特選高股息30,7,1,6,富邦-苗栗,2023-01-31,9657
00632R,元大台灣50反1,6,0,6,富邦-苗栗,2023-01-31,9657
1732,毛寶,6,0,6,富邦-苗栗,2023-01-31,9657
2329,華泰,6,0,6,富邦-苗栗,2023-01-31,9657
2641,正德,6,0,6,富邦-苗栗,2023-01-31,9657
4142,國光生,15,9,6,富邦-苗栗,2023-01-31,9657
4979,華星光,15,9,6,富邦-苗栗,2023-01-31,9657
00712,復華富時不動產,5,0,5,富邦-苗栗,2023-01-31,9657
00903,富邦元宇宙,5,0,5,富邦-苗栗,2023-01-31,9657
00753L,中信中國50正2,5,0,5,富邦-苗栗,2023-01-31,9657
8105,凌巨,124,0,124,富邦-苗栗,2023-02-01,9657
2884,玉山金,78,1,77,富邦-苗栗,2023-02-01,9657
6443,元晶,82,27,55,富邦-苗栗,2023-02-01,9657
2323,中環,56,5,51,富邦-苗栗,2023-02-01,9657
4114,健喬,50,2,48,富邦-苗栗,2023-02-01,9657
1514,亞力,46,1,45,富邦-苗栗,2023-02-01,9657
2028,威致,33,3,30,富邦-苗栗,2023-02-01,9657
00878,國泰永續高股息,33,5,28,富邦-苗栗,2023-02-01,9657
00670L,富邦NASDAQ正2,40,16,24,富邦-苗栗,2023-02-01,9657
00632R,元大台灣50反1,90,70,20,富邦-苗栗,2023-02-01,9657
1701,中化,20,0,20,富邦-苗栗,2023-02-01,9657
3682,亞太電,20,0,20,富邦-苗栗,2023-02-01,9657
3481,群創,20,2,18,富邦-苗栗,2023-02-01,9657
6282,康舒,21,4,17,富邦-苗栗,2023-02-01,9657
0056,元大高股息,17,0,17,富邦-苗栗,2023-02-01,9657
3027,盛達,27,11,16,富邦-苗栗,2023-02-01,9657
5371,中光電,14,0,14,富邦-苗栗,2023-02-01,9657
2929,淘帝-KY,12,0,12,富邦-苗栗,2023-02-01,9657
1810,和成,21,9,12,富邦-苗栗,2023-02-01,9657
6874,倍力,12,0,12,富邦-苗栗,2023-02-01,9657
8054,安國,12,0,12,富邦-苗栗,2023-02-01,9657
5351,鈺創,14,2,12,富邦-苗栗,2023-02-01,9657
2887,台新金,10,0,10,富邦-苗栗,2023-02-01,9657
1218,泰山,10,0,10,富邦-苗栗,2023-02-01,9657
00919,群益台灣精選高息,10,0,10,富邦-苗栗,2023-02-01,9657
2033,佳大,10,0,10,富邦-苗栗,2023-02-01,9657
2332,友訊,10,0,10,富邦-苗栗,2023-02-01,9657
2401,凌陽,10,0,10,富邦-苗栗,2023-02-01,9657
2481,強茂,11,1,10,富邦-苗栗,2023-02-01,9657
4726,永昕,10,0,10,富邦-苗栗,2023-02-01,9657
00905,FT臺灣Smart,9,0,9,富邦-苗栗,2023-02-01,9657
00676R,富邦臺灣加權反1,9,0,9,富邦-苗栗,2023-02-01,9657
5009,榮剛,19,10,9,富邦-苗栗,2023-02-01,9657
8121,越峰,11,2,9,富邦-苗栗,2023-02-01,9657
1443,立益物流,10,1,9,富邦-苗栗,2023-02-01,9657
2891,中信金,8,0,8,富邦-苗栗,2023-02-01,9657
00891,中信關鍵半導體,10,2,8,富邦-苗栗,2023-02-01,9657
5469,瀚宇博,8,0,8,富邦-苗栗,2023-02-01,9657
6789,采鈺,8,0,8,富邦-苗栗,2023-02-01,9657
8210,勤誠,8,0,8,富邦-苗栗,2023-02-01,9657
1503,士電,7,0,7,富邦-苗栗,2023-02-01,9657
1539,巨庭,7,0,7,富邦-苗栗,2023-02-01,9657
6605,帝寶,7,0,7,富邦-苗栗,2023-02-01,9657
2201,裕隆,16,9,7,富邦-苗栗,2023-02-01,9657
3035,智原,62,56,6,富邦-苗栗,2023-02-01,9657
5263,智崴,10,4,6,富邦-苗栗,2023-02-01,9657
2881,富邦金,6,0,6,富邦-苗栗,2023-02-01,9657
00713,元大台灣高息低波,5,0,5,富邦-苗栗,2023-02-01,9657
5347,世界,5,0,5,富邦-苗栗,2023-02-01,9657
00655L,國泰中國A50正2,5,0,5,富邦-苗栗,2023-02-01,9657
00671R,富邦NASDAQ反1,164,0,164,富邦-苗栗,2023-02-02,9657
00893,國泰智能電動車,200,77,123,富邦-苗栗,2023-02-02,9657
00632R,元大台灣50反1,100,15,85,富邦-苗栗,2023-02-02,9657
00715L,期街口布蘭特正2,57,0,57,富邦-苗栗,2023-02-02,9657
2618,長榮航,70,16,54,富邦-苗栗,2023-02-02,9657
00878,國泰永續高股息,51,4,47,富邦-苗栗,2023-02-02,9657
00905,FT臺灣Smart,42,0,42,富邦-苗栗,2023-02-02,9657
2884,玉山金,40,0,40,富邦-苗栗,2023-02-02,9657
2880,華南金,30,0,30,富邦-苗栗,2023-02-02,9657
4106,雃博,30,0,30,富邦-苗栗,2023-02-02,9657
8105,凌巨,22,0,22,富邦-苗栗,2023-02-02,9657
2412,中華電,22,0,22,富邦-苗栗,2023-02-02,9657
2356,英業達,20,0,20,富邦-苗栗,2023-02-02,9657
2883,凱基金,22,1,21,富邦-苗栗,2023-02-02,9657
2028,威致,20,0,20,富邦-苗栗,2023-02-02,9657
2929,淘帝-KY,19,1,18,富邦-苗栗,2023-02-02,9657
1802,台玻,18,0,18,富邦-苗栗,2023-02-02,9657
6109,亞元,18,0,18,富邦-苗栗,2023-02-02,9657
00676R,富邦臺灣加權反1,21,6,15,富邦-苗栗,2023-02-02,9657
3682,亞太電,15,0,15,富邦-苗栗,2023-02-02,9657
2409,友達,14,0,14,富邦-苗栗,2023-02-02,9657
00882,中信中國高股息,14,1,13,富邦-苗栗,2023-02-02,9657
2201,裕隆,22,9,13,富邦-苗栗,2023-02-02,9657
1810,和成,14,1,13,富邦-苗栗,2023-02-02,9657
4114,健喬,16,3,13,富邦-苗栗,2023-02-02,9657
8033,雷虎,17,4,13,富邦-苗栗,2023-02-02,9657
3227,原相,17,5,12,富邦-苗栗,2023-02-02,9657
6121,新普,12,0,12,富邦-苗栗,2023-02-02,9657
00679B,元大美債20年,10,0,10,富邦-苗栗,2023-02-02,9657
1539,巨庭,10,0,10,富邦-苗栗,2023-02-02,9657
1584,精剛,10,0,10,富邦-苗栗,2023-02-02,9657
2369,菱生,12,2,10,富邦-苗栗,2023-02-02,9657
2465,麗臺,10,0,10,富邦-苗栗,2023-02-02,9657
3011,今皓,10,0,10,富邦-苗栗,2023-02-02,9657
3576,聯合再生,10,0,10,富邦-苗栗,2023-02-02,9657
4943,康控-KY,10,0,10,富邦-苗栗,2023-02-02,9657
6126,信音,10,0,10,富邦-苗栗,2023-02-02,9657
00712,復華富時不動產,10,1,9,富邦-苗栗,2023-02-02,9657
2891,中信金,10,1,9,富邦-苗栗,2023-02-02,9657
1305,華夏,9,0,9,富邦-苗栗,2023-02-02,9657
3141,晶宏,24,15,9,富邦-苗栗,2023-02-02,9657
4142,國光生,23,14,9,富邦-苗栗,2023-02-02,9657
6695,芯鼎,9,0,9,富邦-苗栗,2023-02-02,9657
00713,元大台灣高息低波,9,1,8,富邦-苗栗,2023-02-02,9657
6223,旺矽,8,0,8,富邦-苗栗,2023-02-02,9657
1513,中興電,14,6,8,富邦-苗栗,2023-02-02,9657
3702,大聯大,7,0,7,富邦-苗栗,2023-02-02,9657
3504,揚明光,12,5,7,富邦-苗栗,2023-02-02,9657
2317,鴻海,9,3,6,富邦-苗栗,2023-02-02,9657
1529,樂事綠能,8,2,6,富邦-苗栗,2023-02-02,9657
9105,泰金寶-DR,1470,0,1470,富邦-苗栗,2023-02-03,9657
00632R,元大台灣50反1,190,0,190,富邦-苗栗,2023-02-03,9657
00878,國泰永續高股息,220,74,146,富邦-苗栗,2023-02-03,9657
2449,京元電子,101,0,101,富邦-苗栗,2023-02-03,9657
00753L,中信中國50正2,83,0,83,富邦-苗栗,2023-02-03,9657
1609,大亞,82,0,82,富邦-苗栗,2023-02-03,9657
6112,邁達特,70,0,70,富邦-苗栗,2023-02-03,9657
1417,嘉裕,67,1,66,富邦-苗栗,2023-02-03,9657
2028,威致,50,0,50,富邦-苗栗,2023-02-03,9657
6418,詠昇,34,0,34,富邦-苗栗,2023-02-03,9657
00715L,期街口布蘭特正2,33,0,33,富邦-苗栗,2023-02-03,9657
1312,國喬,31,1,30,富邦-苗栗,2023-02-03,9657
4564,元翎,29,2,27,富邦-苗栗,2023-02-03,9657
00882,中信中國高股息,23,1,22,富邦-苗栗,2023-02-03,9657
3322,建舜電,21,0,21,富邦-苗栗,2023-02-03,9657
3062,建漢,20,0,20,富邦-苗栗,2023-02-03,9657
00918,大華優利高填息30,20,1,19,富邦-苗栗,2023-02-03,9657
3481,群創,19,0,19,富邦-苗栗,2023-02-03,9657
00679B,元大美債20年,55,37,18,富邦-苗栗,2023-02-03,9657
5351,鈺創,48,30,18,富邦-苗栗,2023-02-03,9657
2515,中工,16,0,16,富邦-苗栗,2023-02-03,9657
9103,美德醫療-DR,16,0,16,富邦-苗栗,2023-02-03,9657
2388,威盛,24,9,15,富邦-苗栗,2023-02-03,9657
1304,台聚,15,0,15,富邦-苗栗,2023-02-03,9657
4114,健喬,22,8,14,富邦-苗栗,2023-02-03,9657
2891,中信金,14,1,13,富邦-苗栗,2023-02-03,9657
00637L,元大滬深300正2,16,3,13,富邦-苗栗,2023-02-03,9657
00670L,富邦NASDAQ正2,13,0,13,富邦-苗栗,2023-02-03,9657
1319,東陽,13,0,13,富邦-苗栗,2023-02-03,9657
2002,中鋼,12,0,12,富邦-苗栗,2023-02-03,9657
3702,大聯大,11,0,11,富邦-苗栗,2023-02-03,9657
2618,長榮航,16,6,10,富邦-苗栗,2023-02-03,9657
00712,復華富時不動產,20,10,10,富邦-苗栗,2023-02-03,9657
00650L,復華香港正2,10,0,10,富邦-苗栗,2023-02-03,9657
2102,泰豐,10,0,10,富邦-苗栗,2023-02-03,9657
2401,凌陽,10,0,10,富邦-苗栗,2023-02-03,9657
2897,王道銀行,10,0,10,富邦-苗栗,2023-02-03,9657
3002,歐格,10,0,10,富邦-苗栗,2023-02-03,9657
3013,晟銘電,12,2,10,富邦-苗栗,2023-02-03,9657
3024,憶聲,10,0,10,富邦-苗栗,2023-02-03,9657
9928,中視,10,0,10,富邦-苗栗,2023-02-03,9657
2454,聯發科,10,0,10,富邦-苗栗,2023-02-03,9657
00633L,富邦上証正2,9,0,9,富邦-苗栗,2023-02-03,9657
1785,光洋科,16,7,9,富邦-苗栗,2023-02-03,9657
2444,兆勁,9,0,9,富邦-苗栗,2023-02-03,9657
2906,高林,9,0,9,富邦-苗栗,2023-02-03,9657
3011,今皓,9,0,9,富邦-苗栗,2023-02-03,9657
6005,群益證,11,2,9,富邦-苗栗,2023-02-03,9657
2606,裕民,10,2,8,富邦-苗栗,2023-02-03,9657
3508,位速,11,3,8,富邦-苗栗,2023-02-03,9657
2344,華邦電,151,0,151,富邦-苗栗,2023-02-06,9657
00878,國泰永續高股息,112,3,109,富邦-苗栗,2023-02-06,9657
00715L,期街口布蘭特正2,118,22,96,富邦-苗栗,2023-02-06,9657
2615,萬海,75,5,70,富邦-苗栗,2023-02-06,9657
3682,亞太電,69,1,68,富邦-苗栗,2023-02-06,9657
00679B,元大美債20年,58,0,58,富邦-苗栗,2023-02-06,9657
2363,矽統,46,0,46,富邦-苗栗,2023-02-06,9657
00633L,富邦上証正2,38,0,38,富邦-苗栗,2023-02-06,9657
2201,裕隆,44,7,37,富邦-苗栗,2023-02-06,9657
00900,富邦特選高股息30,30,0,30,富邦-苗栗,2023-02-06,9657
2897,王道銀行,30,0,30,富邦-苗栗,2023-02-06,9657
4564,元翎,30,0,30,富邦-苗栗,2023-02-06,9657
00903,富邦元宇宙,30,2,28,富邦-苗栗,2023-02-06,9657
0056,元大高股息,22,4,18,富邦-苗栗,2023-02-06,9657
8110,華東,17,0,17,富邦-苗栗,2023-02-06,9657
6245,立端,15,1,14,富邦-苗栗,2023-02-06,9657
6770,力積電,14,1,13,富邦-苗栗,2023-02-06,9657
2915,潤泰全,15,2,13,富邦-苗栗,2023-02-06,9657
2031,新光鋼,11,0,11,富邦-苗栗,2023-02-06,9657
8069,元太,16,5,11,富邦-苗栗,2023-02-06,9657
00655L,國泰中國A50正2,10,0,10,富邦-苗栗,2023-02-06,9657
00671R,富邦NASDAQ反1,10,0,10,富邦-苗栗,2023-02-06,9657
00919,群益台灣精選高息,10,0,10,富邦-苗栗,2023-02-06,9657
1314,中石化,10,0,10,富邦-苗栗,2023-02-06,9657
1336,台翰,11,1,10,富邦-苗栗,2023-02-06,9657
1467,南緯,10,0,10,富邦-苗栗,2023-02-06,9657
1605,華新,15,5,10,富邦-苗栗,2023-02-06,9657
2025,千興,10,0,10,富邦-苗栗,2023-02-06,9657
3645,達邁,10,0,10,富邦-苗栗,2023-02-06,9657
1752,南光,17,7,10,富邦-苗栗,2023-02-06,9657
00885,富邦越南,10,1,9,富邦-苗栗,2023-02-06,9657
2609,陽明,18,9,9,富邦-苗栗,2023-02-06,9657
2330,台積電,10,1,9,富邦-苗栗,2023-02-06,9657
00753L,中信中國50正2,8,0,8,富邦-苗栗,2023-02-06,9657
00639,富邦深100,8,0,8,富邦-苗栗,2023-02-06,9657
00670L,富邦NASDAQ正2,8,0,8,富邦-苗栗,2023-02-06,9657
1584,精剛,8,0,8,富邦-苗栗,2023-02-06,9657
4747,強生,11,3,8,富邦-苗栗,2023-02-06,9657
2317,鴻海,27,19,8,富邦-苗栗,2023-02-06,9657
8050,廣積,10,3,7,富邦-苗栗,2023-02-06,9657
2884,玉山金,8,1,7,富邦-苗栗,2023-02-06,9657
00891,中信關鍵半導體,9,2,7,富邦-苗栗,2023-02-06,9657
00665L,富邦�琤肭磪囓�2,7,0,7,富邦-苗栗,2023-02-06,9657
2515,中工,7,0,7,富邦-苗栗,2023-02-06,9657
00881,國泰台灣5G+,6,0,6,富邦-苗栗,2023-02-06,9657
2303,聯電,15,9,6,富邦-苗栗,2023-02-06,9657
2617,台航,6,0,6,富邦-苗栗,2023-02-06,9657
1802,台玻,7,1,6,富邦-苗栗,2023-02-06,9657
2014,中鴻,7,1,6,富邦-苗栗,2023-02-06,9657
2887,台新金,6,0,6,富邦-苗栗,2023-02-06,9657
00715L,期街口布蘭特正2,113,31,82,富邦-苗栗,2023-02-07,9657
00878,國泰永續高股息,61,1,60,富邦-苗栗,2023-02-07,9657
00679B,元大美債20年,37,2,35,富邦-苗栗,2023-02-07,9657
0056,元大高股息,36,12,24,富邦-苗栗,2023-02-07,9657
1605,華新,32,9,23,富邦-苗栗,2023-02-07,9657
2834,臺企銀,22,0,22,富邦-苗栗,2023-02-07,9657
6282,康舒,18,0,18,富邦-苗栗,2023-02-07,9657
00907,永豐優息存股,16,0,16,富邦-苗栗,2023-02-07,9657
6109,亞元,16,1,15,富邦-苗栗,2023-02-07,9657
2317,鴻海,19,6,13,富邦-苗栗,2023-02-07,9657
1783,和康生,18,5,13,富邦-苗栗,2023-02-07,9657
2105,正新,13,0,13,富邦-苗栗,2023-02-07,9657
2443,昶虹,13,0,13,富邦-苗栗,2023-02-07,9657
8936,國統,13,0,13,富邦-苗栗,2023-02-07,9657
3162,精確,11,0,11,富邦-苗栗,2023-02-07,9657
4114,健喬,16,5,11,富邦-苗栗,2023-02-07,9657
2617,台航,10,0,10,富邦-苗栗,2023-02-07,9657
1219,福壽,10,0,10,富邦-苗栗,2023-02-07,9657
00664R,國泰臺灣加權反1,10,0,10,富邦-苗栗,2023-02-07,9657
1603,華電,10,0,10,富邦-苗栗,2023-02-07,9657
2025,千興,10,0,10,富邦-苗栗,2023-02-07,9657
3011,今皓,10,0,10,富邦-苗栗,2023-02-07,9657
4726,永昕,11,1,10,富邦-苗栗,2023-02-07,9657
00885,富邦越南,8,0,8,富邦-苗栗,2023-02-07,9657
2884,玉山金,9,1,8,富邦-苗栗,2023-02-07,9657
8299,群聯,8,0,8,富邦-苗栗,2023-02-07,9657
2812,台中銀,8,0,8,富邦-苗栗,2023-02-07,9657
2883,凱基金,18,10,8,富邦-苗栗,2023-02-07,9657
1313,聯成,9,1,8,富邦-苗栗,2023-02-07,9657
2634,漢翔,8,0,8,富邦-苗栗,2023-02-07,9657
3264,欣銓,8,0,8,富邦-苗栗,2023-02-07,9657
5347,世界,7,0,7,富邦-苗栗,2023-02-07,9657
2313,華通,9,3,6,富邦-苗栗,2023-02-07,9657
2610,華航,9,3,6,富邦-苗栗,2023-02-07,9657
1304,台聚,6,0,6,富邦-苗栗,2023-02-07,9657
2002,中鋼,13,7,6,富邦-苗栗,2023-02-07,9657
2354,鴻準,6,0,6,富邦-苗栗,2023-02-07,9657
2369,菱生,8,2,6,富邦-苗栗,2023-02-07,9657
2401,凌陽,6,0,6,富邦-苗栗,2023-02-07,9657
2915,潤泰全,6,0,6,富邦-苗栗,2023-02-07,9657
6202,盛群,7,1,6,富邦-苗栗,2023-02-07,9657
00772B,中信高評級公司債,5,0,5,富邦-苗栗,2023-02-07,9657
00882,中信中國高股息,5,0,5,富邦-苗栗,2023-02-07,9657
00780B,國泰A級金融債,5,0,5,富邦-苗栗,2023-02-07,9657
1432,大魯閣,5,0,5,富邦-苗栗,2023-02-07,9657
2331,精英,5,0,5,富邦-苗栗,2023-02-07,9657
3265,台星科,5,0,5,富邦-苗栗,2023-02-07,9657
3290,東浦,5,0,5,富邦-苗栗,2023-02-07,9657
4746,台耀,8,3,5,富邦-苗栗,2023-02-07,9657
5483,中美晶,6,1,5,富邦-苗栗,2023-02-07,9657
2881,富邦金,100,0,100,富邦-苗栗,2023-02-08,9657
00632R,元大台灣50反1,58,0,58,富邦-苗栗,2023-02-08,9657
00679B,元大美債20年,40,0,40,富邦-苗栗,2023-02-08,9657
00885,富邦越南,33,1,32,富邦-苗栗,2023-02-08,9657
00671R,富邦NASDAQ反1,30,0,30,富邦-苗栗,2023-02-08,9657
2014,中鴻,28,1,27,富邦-苗栗,2023-02-08,9657
1531,高林股,24,0,24,富邦-苗栗,2023-02-08,9657
2201,裕隆,31,9,22,富邦-苗栗,2023-02-08,9657
00878,國泰永續高股息,34,12,22,富邦-苗栗,2023-02-08,9657
5299,杰力,21,0,21,富邦-苗栗,2023-02-08,9657
2302,麗正,20,0,20,富邦-苗栗,2023-02-08,9657
00882,中信中國高股息,15,0,15,富邦-苗栗,2023-02-08,9657
3289,宜特,12,0,12,富邦-苗栗,2023-02-08,9657
4142,國光生,35,24,11,富邦-苗栗,2023-02-08,9657
00664R,國泰臺灣加權反1,10,0,10,富邦-苗栗,2023-02-08,9657
2028,威致,10,0,10,富邦-苗栗,2023-02-08,9657
2929,淘帝-KY,10,0,10,富邦-苗栗,2023-02-08,9657
6443,元晶,10,0,10,富邦-苗栗,2023-02-08,9657
00680L,元大美債20正2,9,0,9,富邦-苗栗,2023-02-08,9657
3046,建��,16,7,9,富邦-苗栗,2023-02-08,9657
4155,訊映,10,1,9,富邦-苗栗,2023-02-08,9657
2891,中信金,8,0,8,富邦-苗栗,2023-02-08,9657
6226,光鼎,8,0,8,富邦-苗栗,2023-02-08,9657
8155,博智,8,0,8,富邦-苗栗,2023-02-08,9657
2887,台新金,7,0,7,富邦-苗栗,2023-02-08,9657
3128,昇銳,10,3,7,富邦-苗栗,2023-02-08,9657
2884,玉山金,8,1,7,富邦-苗栗,2023-02-08,9657
2401,凌陽,8,1,7,富邦-苗栗,2023-02-08,9657
3094,聯傑,7,0,7,富邦-苗栗,2023-02-08,9657
2002,中鋼,10,4,6,富邦-苗栗,2023-02-08,9657
2354,鴻準,6,0,6,富邦-苗栗,2023-02-08,9657
00780B,國泰A級金融債,6,0,6,富邦-苗栗,2023-02-08,9657
00665L,富邦�琤肭磪囓�2,6,0,6,富邦-苗栗,2023-02-08,9657
2009,第一銅,16,10,6,富邦-苗栗,2023-02-08,9657
2338,光罩,11,5,6,富邦-苗栗,2023-02-08,9657
8261,富鼎,8,2,6,富邦-苗栗,2023-02-08,9657
1560,中砂,6,0,6,富邦-苗栗,2023-02-08,9657
2376,技嘉,12,7,5,富邦-苗栗,2023-02-08,9657
00772B,中信高評級公司債,5,0,5,富邦-苗栗,2023-02-08,9657
00753L,中信中國50正2,5,0,5,富邦-苗栗,2023-02-08,9657
1795,美時,13,8,5,富邦-苗栗,2023-02-08,9657
2601,益航,5,0,5,富邦-苗栗,2023-02-08,9657
3022,威強電,10,5,5,富邦-苗栗,2023-02-08,9657
3163,波若威,5,0,5,富邦-苗栗,2023-02-08,9657
3646,艾恩特,7,2,5,富邦-苗栗,2023-02-08,9657
4564,元翎,5,0,5,富邦-苗栗,2023-02-08,9657
6462,神盾,6,1,5,富邦-苗栗,2023-02-08,9657
2329,華泰,5,0,5,富邦-苗栗,2023-02-08,9657
8069,元太,8,4,4,富邦-苗栗,2023-02-08,9657
00795B,中信美國公債20年,4,0,4,富邦-苗栗,2023-02-08,9657
2344,華邦電,107,11,96,富邦-苗栗,2023-02-09,9657
2607,榮運,64,3,61,富邦-苗栗,2023-02-09,9657
00885,富邦越南,58,1,57,富邦-苗栗,2023-02-09,9657
6770,力積電,46,0,46,富邦-苗栗,2023-02-09,9657
00878,國泰永續高股息,44,0,44,富邦-苗栗,2023-02-09,9657
6603,富強鑫,38,0,38,富邦-苗栗,2023-02-09,9657
1584,精剛,56,30,26,富邦-苗栗,2023-02-09,9657
2354,鴻準,25,0,25,富邦-苗栗,2023-02-09,9657
6438,迅得,24,1,23,富邦-苗栗,2023-02-09,9657
2363,矽統,21,1,20,富邦-苗栗,2023-02-09,9657
4722,國精化,20,0,20,富邦-苗栗,2023-02-09,9657
2107,厚生,19,0,19,富邦-苗栗,2023-02-09,9657
2367,燿華,20,1,19,富邦-苗栗,2023-02-09,9657
9103,美德醫療-DR,19,1,18,富邦-苗栗,2023-02-09,9657
1609,大亞,16,0,16,富邦-苗栗,2023-02-09,9657
2444,兆勁,13,0,13,富邦-苗栗,2023-02-09,9657
2883,凱基金,10,0,10,富邦-苗栗,2023-02-09,9657
00632R,元大台灣50反1,10,0,10,富邦-苗栗,2023-02-09,9657
1467,南緯,10,0,10,富邦-苗栗,2023-02-09,9657
1603,華電,10,0,10,富邦-苗栗,2023-02-09,9657
5015,華祺,10,0,10,富邦-苗栗,2023-02-09,9657
8222,寶一,13,3,10,富邦-苗栗,2023-02-09,9657
1443,立益物流,10,0,10,富邦-苗栗,2023-02-09,9657
2027,大成鋼,10,1,9,富邦-苗栗,2023-02-09,9657
3323,加百裕,10,1,9,富邦-苗栗,2023-02-09,9657
2368,金像電,10,1,9,富邦-苗栗,2023-02-09,9657
4747,強生,14,6,8,富邦-苗栗,2023-02-09,9657
6129,普誠,14,6,8,富邦-苗栗,2023-02-09,9657
6509,聚和,8,0,8,富邦-苗栗,2023-02-09,9657
00679B,元大美債20年,7,0,7,富邦-苗栗,2023-02-09,9657
3297,杭特,7,0,7,富邦-苗栗,2023-02-09,9657
6541,泰福-KY,8,1,7,富邦-苗栗,2023-02-09,9657
8289,泰藝,7,0,7,富邦-苗栗,2023-02-09,9657
2049,上銀,7,0,7,富邦-苗栗,2023-02-09,9657
00882,中信中國高股息,6,0,6,富邦-苗栗,2023-02-09,9657
2834,臺企銀,6,0,6,富邦-苗栗,2023-02-09,9657
00670L,富邦NASDAQ正2,6,0,6,富邦-苗栗,2023-02-09,9657
3712,永崴投控,6,0,6,富邦-苗栗,2023-02-09,9657
2409,友達,6,0,6,富邦-苗栗,2023-02-09,9657
6589,台康生技,12,7,5,富邦-苗栗,2023-02-09,9657
2892,第一金,5,0,5,富邦-苗栗,2023-02-09,9657
00753L,中信中國50正2,5,0,5,富邦-苗栗,2023-02-09,9657
00650L,復華香港正2,5,0,5,富邦-苗栗,2023-02-09,9657
1409,新纖,5,0,5,富邦-苗栗,2023-02-09,9657
1752,南光,50,45,5,富邦-苗栗,2023-02-09,9657
2009,第一銅,6,1,5,富邦-苗栗,2023-02-09,9657
3011,今皓,5,0,5,富邦-苗栗,2023-02-09,9657
3055,蔚華科,5,0,5,富邦-苗栗,2023-02-09,9657
3374,精材,6,1,5,富邦-苗栗,2023-02-09,9657
3483,力致,5,0,5,富邦-苗栗,2023-02-09,9657
1762,中化生,62,1,61,富邦-苗栗,2023-02-10,9657
2344,華邦電,42,1,41,富邦-苗栗,2023-02-10,9657
4977,眾達-KY,44,3,41,富邦-苗栗,2023-02-10,9657
00902,中信電池及儲能,32,0,32,富邦-苗栗,2023-02-10,9657
1605,華新,45,14,31,富邦-苗栗,2023-02-10,9657
00715L,期街口布蘭特正2,30,0,30,富邦-苗栗,2023-02-10,9657
00676R,富邦臺灣加權反1,125,100,25,富邦-苗栗,2023-02-10,9657
4960,誠美材,25,0,25,富邦-苗栗,2023-02-10,9657
6196,帆宣,23,0,23,富邦-苗栗,2023-02-10,9657
00882,中信中國高股息,18,0,18,富邦-苗栗,2023-02-10,9657
1109,信大,15,0,15,富邦-苗栗,2023-02-10,9657
6605,帝寶,15,0,15,富邦-苗栗,2023-02-10,9657
4931,新盛力,46,31,15,富邦-苗栗,2023-02-10,9657
1101,台泥,19,4,15,富邦-苗栗,2023-02-10,9657
2615,萬海,15,1,14,富邦-苗栗,2023-02-10,9657
6770,力積電,15,1,14,富邦-苗栗,2023-02-10,9657
2409,友達,15,1,14,富邦-苗栗,2023-02-10,9657
2605,新興,15,1,14,富邦-苗栗,2023-02-10,9657
2609,陽明,19,6,13,富邦-苗栗,2023-02-10,9657
1701,中化,13,0,13,富邦-苗栗,2023-02-10,9657
5483,中美晶,12,0,12,富邦-苗栗,2023-02-10,9657
6695,芯鼎,12,0,12,富邦-苗栗,2023-02-10,9657
0056,元大高股息,16,4,12,富邦-苗栗,2023-02-10,9657
2610,華航,13,1,12,富邦-苗栗,2023-02-10,9657
2388,威盛,28,17,11,富邦-苗栗,2023-02-10,9657
00753L,中信中國50正2,11,0,11,富邦-苗栗,2023-02-10,9657
5009,榮剛,13,2,11,富邦-苗栗,2023-02-10,9657
6282,康舒,16,6,10,富邦-苗栗,2023-02-10,9657
00679B,元大美債20年,9,0,9,富邦-苗栗,2023-02-10,9657
00885,富邦越南,8,0,8,富邦-苗栗,2023-02-10,9657
2034,允強,8,0,8,富邦-苗栗,2023-02-10,9657
5608,四維航,8,1,7,富邦-苗栗,2023-02-10,9657
8182,加高,7,0,7,富邦-苗栗,2023-02-10,9657
2929,淘帝-KY,6,0,6,富邦-苗栗,2023-02-10,9657
3128,昇銳,10,4,6,富邦-苗栗,2023-02-10,9657
1524,耿鼎,6,0,6,富邦-苗栗,2023-02-10,9657
3062,建漢,6,0,6,富邦-苗栗,2023-02-10,9657
1453,大將,11,5,6,富邦-苗栗,2023-02-10,9657
2468,華經,9,3,6,富邦-苗栗,2023-02-10,9657
2484,希華,6,0,6,富邦-苗栗,2023-02-10,9657
3027,盛達,6,0,6,富邦-苗栗,2023-02-10,9657
3035,智原,10,4,6,富邦-苗栗,2023-02-10,9657
4720,德淵,18,12,6,富邦-苗栗,2023-02-10,9657
2498,宏達電,79,74,5,富邦-苗栗,2023-02-10,9657
3481,群創,9,4,5,富邦-苗栗,2023-02-10,9657
2607,榮運,5,0,5,富邦-苗栗,2023-02-10,9657
1102,亞泥,5,0,5,富邦-苗栗,2023-02-10,9657
00637L,元大滬深300正2,5,0,5,富邦-苗栗,2023-02-10,9657
00671R,富邦NASDAQ反1,5,0,5,富邦-苗栗,2023-02-10,9657
1513,中興電,9,4,5,富邦-苗栗,2023-02-10,9657
00673R,期元大S＆P原油反1,150,0,150,富邦-苗栗,2023-02-13,9657
00878,國泰永續高股息,211,144,67,富邦-苗栗,2023-02-13,9657
00905,FT臺灣Smart,40,0,40,富邦-苗栗,2023-02-13,9657
2427,三商電,40,0,40,富邦-苗栗,2023-02-13,9657
5478,智冠,20,0,20,富邦-苗栗,2023-02-13,9657
6770,力積電,20,0,20,富邦-苗栗,2023-02-13,9657
4960,誠美材,34,15,19,富邦-苗栗,2023-02-13,9657
911868,同方友友-DR,19,0,19,富邦-苗栗,2023-02-13,9657
00772B,中信高評級公司債,18,0,18,富邦-苗栗,2023-02-13,9657
4564,元翎,18,0,18,富邦-苗栗,2023-02-13,9657
1101,台泥,18,2,16,富邦-苗栗,2023-02-13,9657
1810,和成,31,15,16,富邦-苗栗,2023-02-13,9657
2891,中信金,26,11,15,富邦-苗栗,2023-02-13,9657
00679B,元大美債20年,15,0,15,富邦-苗栗,2023-02-13,9657
00720B,元大投資級公司債,14,0,14,富邦-苗栗,2023-02-13,9657
3481,群創,15,1,14,富邦-苗栗,2023-02-13,9657
2610,華航,12,0,12,富邦-苗栗,2023-02-13,9657
3027,盛達,13,1,12,富邦-苗栗,2023-02-13,9657
8033,雷虎,17,5,12,富邦-苗栗,2023-02-13,9657
00680L,元大美債20正2,11,0,11,富邦-苗栗,2023-02-13,9657
1102,亞泥,10,0,10,富邦-苗栗,2023-02-13,9657
1326,台化,10,0,10,富邦-苗栗,2023-02-13,9657
1721,三晃,10,0,10,富邦-苗栗,2023-02-13,9657
2405,輔信,10,0,10,富邦-苗栗,2023-02-13,9657
2611,志信,10,0,10,富邦-苗栗,2023-02-13,9657
4188,安克,10,0,10,富邦-苗栗,2023-02-13,9657
2498,宏達電,46,36,10,富邦-苗栗,2023-02-13,9657
2883,凱基金,9,0,9,富邦-苗栗,2023-02-13,9657
1529,樂事綠能,9,0,9,富邦-苗栗,2023-02-13,9657
2388,威盛,20,11,9,富邦-苗栗,2023-02-13,9657
5608,四維航,9,0,9,富邦-苗栗,2023-02-13,9657
1605,華新,16,7,9,富邦-苗栗,2023-02-13,9657
2888,新光金,15,7,8,富邦-苗栗,2023-02-13,9657
1342,八貫,16,8,8,富邦-苗栗,2023-02-13,9657
6443,元晶,10,3,7,富邦-苗栗,2023-02-13,9657
4130,健亞,8,1,7,富邦-苗栗,2023-02-13,9657
6288,聯嘉,7,0,7,富邦-苗栗,2023-02-13,9657
6282,康舒,9,2,7,富邦-苗栗,2023-02-13,9657
2609,陽明,14,7,7,富邦-苗栗,2023-02-13,9657
2101,南港,7,0,7,富邦-苗栗,2023-02-13,9657
1504,東元,6,0,6,富邦-苗栗,2023-02-13,9657
3490,單井,6,0,6,富邦-苗栗,2023-02-13,9657
6509,聚和,7,1,6,富邦-苗栗,2023-02-13,9657
2409,友達,5,0,5,富邦-苗栗,2023-02-13,9657
00892,富邦台灣半導體,5,0,5,富邦-苗栗,2023-02-13,9657
2402,毅嘉,7,2,5,富邦-苗栗,2023-02-13,9657
00635U,期元大S＆P黃金,5,0,5,富邦-苗栗,2023-02-13,9657
1609,大亞,5,0,5,富邦-苗栗,2023-02-13,9657
2314,台揚,8,3,5,富邦-苗栗,2023-02-13,9657
2399,映泰,5,0,5,富邦-苗栗,2023-02-13,9657
00882,中信中國高股息,61,0,61,富邦-苗栗,2023-02-14,9657
00878,國泰永續高股息,56,12,44,富邦-苗栗,2023-02-14,9657
1540,喬福,40,0,40,富邦-苗栗,2023-02-14,9657
00676R,富邦臺灣加權反1,30,0,30,富邦-苗栗,2023-02-14,9657
2610,華航,33,8,25,富邦-苗栗,2023-02-14,9657
2344,華邦電,23,0,23,富邦-苗栗,2023-02-14,9657
3038,全台,22,0,22,富邦-苗栗,2023-02-14,9657
00632R,元大台灣50反1,22,0,22,富邦-苗栗,2023-02-14,9657
3594,磐儀,22,3,19,富邦-苗栗,2023-02-14,9657
2834,臺企銀,26,8,18,富邦-苗栗,2023-02-14,9657
6245,立端,17,0,17,富邦-苗栗,2023-02-14,9657
8222,寶一,26,9,17,富邦-苗栗,2023-02-14,9657
4564,元翎,16,0,16,富邦-苗栗,2023-02-14,9657
4142,國光生,14,1,13,富邦-苗栗,2023-02-14,9657
00772B,中信高評級公司債,12,0,12,富邦-苗栗,2023-02-14,9657
1802,台玻,13,1,12,富邦-苗栗,2023-02-14,9657
2884,玉山金,15,4,11,富邦-苗栗,2023-02-14,9657
1310,台苯,10,0,10,富邦-苗栗,2023-02-14,9657
1305,華夏,10,0,10,富邦-苗栗,2023-02-14,9657
2485,兆赫,10,0,10,富邦-苗栗,2023-02-14,9657
2883,凱基金,10,0,10,富邦-苗栗,2023-02-14,9657
2908,特力,10,0,10,富邦-苗栗,2023-02-14,9657
6142,友勁,10,0,10,富邦-苗栗,2023-02-14,9657
1584,精剛,27,18,9,富邦-苗栗,2023-02-14,9657
2201,裕隆,9,0,9,富邦-苗栗,2023-02-14,9657
2453,凌群,36,27,9,富邦-苗栗,2023-02-14,9657
2482,連宇,10,1,9,富邦-苗栗,2023-02-14,9657
3037,欣興,15,6,9,富邦-苗栗,2023-02-14,9657
6517,保勝光學,8,0,8,富邦-苗栗,2023-02-14,9657
00890B,凱基ESG BBB債,6,0,6,富邦-苗栗,2023-02-14,9657
1762,中化生,12,6,6,富邦-苗栗,2023-02-14,9657
8215,明基材,6,0,6,富邦-苗栗,2023-02-14,9657
6550,北極星藥業-KY,6,1,5,富邦-苗栗,2023-02-14,9657
00773B,中信優先金融債,5,0,5,富邦-苗栗,2023-02-14,9657
00655L,國泰中國A50正2,5,0,5,富邦-苗栗,2023-02-14,9657
1312,國喬,5,0,5,富邦-苗栗,2023-02-14,9657
2359,所羅門,5,0,5,富邦-苗栗,2023-02-14,9657
2368,金像電,5,0,5,富邦-苗栗,2023-02-14,9657
3338,泰碩,5,0,5,富邦-苗栗,2023-02-14,9657
4130,健亞,6,1,5,富邦-苗栗,2023-02-14,9657
4746,台耀,6,1,5,富邦-苗栗,2023-02-14,9657
6285,啟��,12,7,5,富邦-苗栗,2023-02-14,9657
6695,芯鼎,5,0,5,富邦-苗栗,2023-02-14,9657
6796,晉弘,6,1,5,富邦-苗栗,2023-02-14,9657
8046,南電,4,0,4,富邦-苗栗,2023-02-14,9657
3704,合勤控,5,1,4,富邦-苗栗,2023-02-14,9657
1903,士紙,4,0,4,富邦-苗栗,2023-02-14,9657
2009,第一銅,64,60,4,富邦-苗栗,2023-02-14,9657
2102,泰豐,4,0,4,富邦-苗栗,2023-02-14,9657
2105,正新,5,1,4,富邦-苗栗,2023-02-14,9657
00878,國泰永續高股息,145,7,138,富邦-苗栗,2023-02-15,9657
00882,中信中國高股息,65,0,65,富邦-苗栗,2023-02-15,9657
1218,泰山,43,0,43,富邦-苗栗,2023-02-15,9657
2915,潤泰全,40,0,40,富邦-苗栗,2023-02-15,9657
00673R,期元大S＆P原油反1,30,0,30,富邦-苗栗,2023-02-15,9657
1451,年興,22,0,22,富邦-苗栗,2023-02-15,9657
1219,福壽,21,0,21,富邦-苗栗,2023-02-15,9657
4105,東洋,20,0,20,富邦-苗栗,2023-02-15,9657
2883,凱基金,20,0,20,富邦-苗栗,2023-02-15,9657
2427,三商電,19,0,19,富邦-苗栗,2023-02-15,9657
00885,富邦越南,18,0,18,富邦-苗栗,2023-02-15,9657
1810,和成,19,1,18,富邦-苗栗,2023-02-15,9657
5258,虹堡,18,1,17,富邦-苗栗,2023-02-15,9657
5347,世界,15,0,15,富邦-苗栗,2023-02-15,9657
00715L,期街口布蘭特正2,30,15,15,富邦-苗栗,2023-02-15,9657
2882,國泰金,15,1,14,富邦-苗栗,2023-02-15,9657
3645,達邁,13,0,13,富邦-苗栗,2023-02-15,9657
3710,連展投控,20,7,13,富邦-苗栗,2023-02-15,9657
2618,長榮航,16,4,12,富邦-苗栗,2023-02-15,9657
3006,晶豪科,10,0,10,富邦-苗栗,2023-02-15,9657
4142,國光生,10,0,10,富邦-苗栗,2023-02-15,9657
6152,百一,10,0,10,富邦-苗栗,2023-02-15,9657
6160,欣技,10,0,10,富邦-苗栗,2023-02-15,9657
8938,明安,10,0,10,富邦-苗栗,2023-02-15,9657
00701,國泰股利精選30,10,1,9,富邦-苗栗,2023-02-15,9657
2884,玉山金,13,4,9,富邦-苗栗,2023-02-15,9657
2412,中華電,11,2,9,富邦-苗栗,2023-02-15,9657
2605,新興,10,1,9,富邦-苗栗,2023-02-15,9657
4739,康普,11,2,9,富邦-苗栗,2023-02-15,9657
6279,胡連,9,0,9,富邦-苗栗,2023-02-15,9657
9939,宏全,9,0,9,富邦-苗栗,2023-02-15,9657
0056,元大高股息,11,2,9,富邦-苗栗,2023-02-15,9657
00692,富邦公司治理,10,2,8,富邦-苗栗,2023-02-15,9657
2702,華園,8,0,8,富邦-苗栗,2023-02-15,9657
3682,亞太電,7,0,7,富邦-苗栗,2023-02-15,9657
5469,瀚宇博,8,1,7,富邦-苗栗,2023-02-15,9657
2002,中鋼,7,0,7,富邦-苗栗,2023-02-15,9657
2330,台積電,18,12,6,富邦-苗栗,2023-02-15,9657
8354,冠好,6,0,6,富邦-苗栗,2023-02-15,9657
00907,永豐優息存股,6,0,6,富邦-苗栗,2023-02-15,9657
00679B,元大美債20年,7,1,6,富邦-苗栗,2023-02-15,9657
1584,精剛,6,0,6,富邦-苗栗,2023-02-15,9657
2344,華邦電,6,0,6,富邦-苗栗,2023-02-15,9657
3444,利機,6,0,6,富邦-苗栗,2023-02-15,9657
6270,倍微,6,0,6,富邦-苗栗,2023-02-15,9657
00713,元大台灣高息低波,5,0,5,富邦-苗栗,2023-02-15,9657
00888,永豐台灣ESG,5,0,5,富邦-苗栗,2023-02-15,9657
3037,欣興,10,5,5,富邦-苗栗,2023-02-15,9657
00680L,元大美債20正2,5,0,5,富邦-苗栗,2023-02-15,9657
1727,中華化,5,0,5,富邦-苗栗,2023-02-15,9657
00878,國泰永續高股息,127,11,116,富邦-苗栗,2023-02-16,9657
00885,富邦越南,73,0,73,富邦-苗栗,2023-02-16,9657
2369,菱生,51,0,51,富邦-苗栗,2023-02-16,9657
00882,中信中國高股息,48,0,48,富邦-苗栗,2023-02-16,9657
00679B,元大美債20年,48,0,48,富邦-苗栗,2023-02-16,9657
00772B,中信高評級公司債,28,0,28,富邦-苗栗,2023-02-16,9657
6142,友勁,27,0,27,富邦-苗栗,2023-02-16,9657
2427,三商電,26,0,26,富邦-苗栗,2023-02-16,9657
2453,凌群,24,0,24,富邦-苗栗,2023-02-16,9657
0056,元大高股息,26,4,22,富邦-苗栗,2023-02-16,9657
1784,訊聯,21,0,21,富邦-苗栗,2023-02-16,9657
6517,保勝光學,22,1,21,富邦-苗栗,2023-02-16,9657
1451,年興,20,0,20,富邦-苗栗,2023-02-16,9657
3037,欣興,22,4,18,富邦-苗栗,2023-02-16,9657
1101,台泥,17,2,15,富邦-苗栗,2023-02-16,9657
00632R,元大台灣50反1,12,0,12,富邦-苗栗,2023-02-16,9657
2607,榮運,11,0,11,富邦-苗栗,2023-02-16,9657
3059,華晶科,10,0,10,富邦-苗栗,2023-02-16,9657
00671R,富邦NASDAQ反1,10,0,10,富邦-苗栗,2023-02-16,9657
2009,第一銅,10,0,10,富邦-苗栗,2023-02-16,9657
2405,輔信,10,0,10,富邦-苗栗,2023-02-16,9657
2851,中再保,10,0,10,富邦-苗栗,2023-02-16,9657
2915,潤泰全,10,0,10,富邦-苗栗,2023-02-16,9657
4114,健喬,10,0,10,富邦-苗栗,2023-02-16,9657
5328,華容,10,0,10,富邦-苗栗,2023-02-16,9657
5351,鈺創,18,8,10,富邦-苗栗,2023-02-16,9657
6124,業強,10,0,10,富邦-苗栗,2023-02-16,9657
8054,安國,10,1,9,富邦-苗栗,2023-02-16,9657
3438,類比科,12,4,8,富邦-苗栗,2023-02-16,9657
4564,元翎,8,0,8,富邦-苗栗,2023-02-16,9657
1503,士電,13,6,7,富邦-苗栗,2023-02-16,9657
2302,麗正,7,0,7,富邦-苗栗,2023-02-16,9657
2484,希華,8,1,7,富邦-苗栗,2023-02-16,9657
3062,建漢,7,0,7,富邦-苗栗,2023-02-16,9657
6213,聯茂,7,0,7,富邦-苗栗,2023-02-16,9657
00773B,中信優先金融債,6,0,6,富邦-苗栗,2023-02-16,9657
00890B,凱基ESG BBB債,6,0,6,富邦-苗栗,2023-02-16,9657
1584,精剛,7,1,6,富邦-苗栗,2023-02-16,9657
1762,中化生,6,0,6,富邦-苗栗,2023-02-16,9657
2314,台揚,6,0,6,富邦-苗栗,2023-02-16,9657
6279,胡連,7,1,6,富邦-苗栗,2023-02-16,9657
00900,富邦特選高股息30,5,0,5,富邦-苗栗,2023-02-16,9657
6712,長聖,6,1,5,富邦-苗栗,2023-02-16,9657
00650L,復華香港正2,5,0,5,富邦-苗栗,2023-02-16,9657
00789B,復華公司債A3,5,0,5,富邦-苗栗,2023-02-16,9657
1409,新纖,5,0,5,富邦-苗栗,2023-02-16,9657
1504,東元,5,0,5,富邦-苗栗,2023-02-16,9657
1611,中電,6,1,5,富邦-苗栗,2023-02-16,9657
1727,中華化,5,0,5,富邦-苗栗,2023-02-16,9657
2705,六福,5,0,5,富邦-苗栗,2023-02-16,9657
1417,嘉裕,60,0,60,富邦-苗栗,2023-02-17,9657
2302,麗正,53,0,53,富邦-苗栗,2023-02-17,9657
2845,遠東銀,50,0,50,富邦-苗栗,2023-02-17,9657
00878,國泰永續高股息,51,8,43,富邦-苗栗,2023-02-17,9657
00679B,元大美債20年,37,0,37,富邦-苗栗,2023-02-17,9657
00633L,富邦上証正2,45,9,36,富邦-苗栗,2023-02-17,9657
2609,陽明,31,0,31,富邦-苗栗,2023-02-17,9657
2610,華航,94,65,29,富邦-苗栗,2023-02-17,9657
3645,達邁,24,0,24,富邦-苗栗,2023-02-17,9657
00772B,中信高評級公司債,24,0,24,富邦-苗栗,2023-02-17,9657
2618,長榮航,36,16,20,富邦-苗栗,2023-02-17,9657
2201,裕隆,20,0,20,富邦-苗栗,2023-02-17,9657
2453,凌群,31,11,20,富邦-苗栗,2023-02-17,9657
3494,誠研,20,0,20,富邦-苗栗,2023-02-17,9657
00900,富邦特選高股息30,18,0,18,富邦-苗栗,2023-02-17,9657
00882,中信中國高股息,17,0,17,富邦-苗栗,2023-02-17,9657
2702,華園,18,1,17,富邦-苗栗,2023-02-17,9657
2354,鴻準,16,0,16,富邦-苗栗,2023-02-17,9657
00773B,中信優先金融債,15,0,15,富邦-苗栗,2023-02-17,9657
2344,華邦電,23,8,15,富邦-苗栗,2023-02-17,9657
2885,元大金,15,0,15,富邦-苗栗,2023-02-17,9657
8054,安國,15,0,15,富邦-苗栗,2023-02-17,9657
9939,宏全,15,1,14,富邦-苗栗,2023-02-17,9657
2882,國泰金,20,7,13,富邦-苗栗,2023-02-17,9657
1514,亞力,12,0,12,富邦-苗栗,2023-02-17,9657
2886,兆豐金,12,0,12,富邦-苗栗,2023-02-17,9657
00893,國泰智能電動車,14,3,11,富邦-苗栗,2023-02-17,9657
6695,芯鼎,11,0,11,富邦-苗栗,2023-02-17,9657
2884,玉山金,12,1,11,富邦-苗栗,2023-02-17,9657
8409,商之器,11,0,11,富邦-苗栗,2023-02-17,9657
00712,復華富時不動產,10,0,10,富邦-苗栗,2023-02-17,9657
3162,精確,10,0,10,富邦-苗栗,2023-02-17,9657
8383,千附,15,5,10,富邦-苗栗,2023-02-17,9657
1218,泰山,11,2,9,富邦-苗栗,2023-02-17,9657
2409,友達,30,21,9,富邦-苗栗,2023-02-17,9657
8043,蜜望實,11,2,9,富邦-苗栗,2023-02-17,9657
00760B,復華新興企業債,8,0,8,富邦-苗栗,2023-02-17,9657
0056,元大高股息,8,0,8,富邦-苗栗,2023-02-17,9657
1451,年興,8,0,8,富邦-苗栗,2023-02-17,9657
4163,鐿鈦,8,0,8,富邦-苗栗,2023-02-17,9657
9902,台火,8,0,8,富邦-苗栗,2023-02-17,9657
2330,台積電,9,2,7,富邦-苗栗,2023-02-17,9657
00670L,富邦NASDAQ正2,7,0,7,富邦-苗栗,2023-02-17,9657
00680L,元大美債20正2,7,0,7,富邦-苗栗,2023-02-17,9657
4961,天鈺,32,25,7,富邦-苗栗,2023-02-17,9657
00902,中信電池及儲能,6,0,6,富邦-苗栗,2023-02-17,9657
9904,寶成,6,0,6,富邦-苗栗,2023-02-17,9657
1762,中化生,6,0,6,富邦-苗栗,2023-02-17,9657
2915,潤泰全,6,0,6,富邦-苗栗,2023-02-17,9657
2368,金像電,9,3,6,富邦-苗栗,2023-02-17,9657
2834,臺企銀,75,5,70,富邦-苗栗,2023-02-20,9657
00632R,元大台灣50反1,61,1,60,富邦-苗栗,2023-02-20,9657
3049,精金,40,1,39,富邦-苗栗,2023-02-20,9657
1451,年興,38,0,38,富邦-苗栗,2023-02-20,9657
6548,長科*,33,0,33,富邦-苗栗,2023-02-20,9657
3481,群創,63,32,31,富邦-苗栗,2023-02-20,9657
2887,台新金,31,1,30,富邦-苗栗,2023-02-20,9657
1540,喬福,29,0,29,富邦-苗栗,2023-02-20,9657
2886,兆豐金,25,0,25,富邦-苗栗,2023-02-20,9657
1218,泰山,22,0,22,富邦-苗栗,2023-02-20,9657
2301,光寶科,20,0,20,富邦-苗栗,2023-02-20,9657
3141,晶宏,21,1,20,富邦-苗栗,2023-02-20,9657
6142,友勁,20,0,20,富邦-苗栗,2023-02-20,9657
2884,玉山金,22,4,18,富邦-苗栗,2023-02-20,9657
5351,鈺創,26,11,15,富邦-苗栗,2023-02-20,9657
5706,鳳凰,18,3,15,富邦-苗栗,2023-02-20,9657
8383,千附,14,0,14,富邦-苗栗,2023-02-20,9657
6245,立端,24,11,13,富邦-苗栗,2023-02-20,9657
2332,友訊,13,0,13,富邦-苗栗,2023-02-20,9657
00720B,元大投資級公司債,12,0,12,富邦-苗栗,2023-02-20,9657
2889,國票金,12,0,12,富邦-苗栗,2023-02-20,9657
6215,和椿,12,0,12,富邦-苗栗,2023-02-20,9657
2812,台中銀,12,0,12,富邦-苗栗,2023-02-20,9657
6284,佳邦,11,0,11,富邦-苗栗,2023-02-20,9657
6508,惠光,11,0,11,富邦-苗栗,2023-02-20,9657
9933,中鼎,11,0,11,富邦-苗栗,2023-02-20,9657
1503,士電,10,0,10,富邦-苗栗,2023-02-20,9657
00715L,期街口布蘭特正2,15,5,10,富邦-苗栗,2023-02-20,9657
1714,和桐,10,0,10,富邦-苗栗,2023-02-20,9657
2504,國產,10,0,10,富邦-苗栗,2023-02-20,9657
2913,農林,10,0,10,富邦-苗栗,2023-02-20,9657
4804,大略-KY,10,0,10,富邦-苗栗,2023-02-20,9657
6237,驊訊,10,0,10,富邦-苗栗,2023-02-20,9657
6264,富裔,10,0,10,富邦-苗栗,2023-02-20,9657
6741,91APP*-KY,11,1,10,富邦-苗栗,2023-02-20,9657
8446,華研,10,0,10,富邦-苗栗,2023-02-20,9657
00679B,元大美債20年,10,0,10,富邦-苗栗,2023-02-20,9657
2609,陽明,14,4,10,富邦-苗栗,2023-02-20,9657
00680L,元大美債20正2,10,1,9,富邦-苗栗,2023-02-20,9657
00713,元大台灣高息低波,9,0,9,富邦-苗栗,2023-02-20,9657
3665,貿聯-KY,10,1,9,富邦-苗栗,2023-02-20,9657
4128,中天,31,22,9,富邦-苗栗,2023-02-20,9657
5222,全訊,10,1,9,富邦-苗栗,2023-02-20,9657
1795,美時,9,1,8,富邦-苗栗,2023-02-20,9657
8086,宏捷科,9,1,8,富邦-苗栗,2023-02-20,9657
2353,宏��,7,0,7,富邦-苗栗,2023-02-20,9657
2328,廣宇,7,0,7,富邦-苗栗,2023-02-20,9657
2412,中華電,7,0,7,富邦-苗栗,2023-02-20,9657
3035,智原,59,52,7,富邦-苗栗,2023-02-20,9657
4919,新唐,9,2,7,富邦-苗栗,2023-02-20,9657
00882,中信中國高股息,80,0,80,富邦-苗栗,2023-02-21,9657
2884,玉山金,119,56,63,富邦-苗栗,2023-02-21,9657
1103,嘉泥,51,0,51,富邦-苗栗,2023-02-21,9657
2618,長榮航,49,2,47,富邦-苗栗,2023-02-21,9657
3227,原相,40,0,40,富邦-苗栗,2023-02-21,9657
2906,高林,40,5,35,富邦-苗栗,2023-02-21,9657
00725B,國泰投資級公司債,33,0,33,富邦-苗栗,2023-02-21,9657
2634,漢翔,31,6,25,富邦-苗栗,2023-02-21,9657
2457,飛宏,49,25,24,富邦-苗栗,2023-02-21,9657
6264,富裔,22,0,22,富邦-苗栗,2023-02-21,9657
3149,正達,21,0,21,富邦-苗栗,2023-02-21,9657
3481,群創,64,45,19,富邦-苗栗,2023-02-21,9657
6148,驊宏資,18,0,18,富邦-苗栗,2023-02-21,9657
6517,保勝光學,20,2,18,富邦-苗栗,2023-02-21,9657
2610,華航,67,51,16,富邦-苗栗,2023-02-21,9657
4931,新盛力,31,15,16,富邦-苗栗,2023-02-21,9657
5258,虹堡,22,6,16,富邦-苗栗,2023-02-21,9657
1304,台聚,30,15,15,富邦-苗栗,2023-02-21,9657
1810,和成,16,1,15,富邦-苗栗,2023-02-21,9657
2337,旺宏,17,2,15,富邦-苗栗,2023-02-21,9657
3710,連展投控,16,1,15,富邦-苗栗,2023-02-21,9657
9939,宏全,14,0,14,富邦-苗栗,2023-02-21,9657
3011,今皓,15,3,12,富邦-苗栗,2023-02-21,9657
6695,芯鼎,12,0,12,富邦-苗栗,2023-02-21,9657
1609,大亞,14,3,11,富邦-苗栗,2023-02-21,9657
2885,元大金,11,0,11,富邦-苗栗,2023-02-21,9657
3594,磐儀,13,2,11,富邦-苗栗,2023-02-21,9657
5210,寶碩,11,0,11,富邦-苗栗,2023-02-21,9657
1453,大將,10,0,10,富邦-苗栗,2023-02-21,9657
1524,耿鼎,11,1,10,富邦-苗栗,2023-02-21,9657
2104,國際中橡,10,0,10,富邦-苗栗,2023-02-21,9657
2601,益航,10,0,10,富邦-苗栗,2023-02-21,9657
2607,榮運,10,0,10,富邦-苗栗,2023-02-21,9657
4915,致伸,10,0,10,富邦-苗栗,2023-02-21,9657
4943,康控-KY,10,0,10,富邦-苗栗,2023-02-21,9657
5452,佶優,10,0,10,富邦-苗栗,2023-02-21,9657
5701,劍湖山,20,10,10,富邦-苗栗,2023-02-21,9657
6120,達運,10,0,10,富邦-苗栗,2023-02-21,9657
6208,日揚,10,0,10,富邦-苗栗,2023-02-21,9657
6288,聯嘉,14,4,10,富邦-苗栗,2023-02-21,9657
4960,誠美材,10,1,9,富邦-苗栗,2023-02-21,9657
5351,鈺創,14,5,9,富邦-苗栗,2023-02-21,9657
00878,國泰永續高股息,18,10,8,富邦-苗栗,2023-02-21,9657
2208,台船,30,22,8,富邦-苗栗,2023-02-21,9657
4564,元翎,10,2,8,富邦-苗栗,2023-02-21,9657
6285,啟��,11,3,8,富邦-苗栗,2023-02-21,9657
4977,眾達-KY,10,3,7,富邦-苗栗,2023-02-21,9657
8358,金居,9,2,7,富邦-苗栗,2023-02-21,9657
2371,大同,6,0,6,富邦-苗栗,2023-02-21,9657
2534,宏盛,6,0,6,富邦-苗栗,2023-02-21,9657
00878,國泰永續高股息,75,12,63,富邦-苗栗,2023-02-22,9657
5512,力麒,50,0,50,富邦-苗栗,2023-02-22,9657
2603,長榮,48,7,41,富邦-苗栗,2023-02-22,9657
00885,富邦越南,52,14,38,富邦-苗栗,2023-02-22,9657
5452,佶優,33,0,33,富邦-苗栗,2023-02-22,9657
00679B,元大美債20年,30,0,30,富邦-苗栗,2023-02-22,9657
8936,國統,38,8,30,富邦-苗栗,2023-02-22,9657
1101,台泥,29,2,27,富邦-苗栗,2023-02-22,9657
1519,華城,48,26,22,富邦-苗栗,2023-02-22,9657
2303,聯電,21,0,21,富邦-苗栗,2023-02-22,9657
2014,中鴻,21,0,21,富邦-苗栗,2023-02-22,9657
2201,裕隆,23,3,20,富邦-苗栗,2023-02-22,9657
2608,嘉里大榮,20,0,20,富邦-苗栗,2023-02-22,9657
6695,芯鼎,18,0,18,富邦-苗栗,2023-02-22,9657
00751B,元大AAA至A公司債,16,0,16,富邦-苗栗,2023-02-22,9657
4977,眾達-KY,18,2,16,富邦-苗栗,2023-02-22,9657
1605,華新,31,15,16,富邦-苗栗,2023-02-22,9657
2610,華航,15,0,15,富邦-苗栗,2023-02-22,9657
2641,正德,17,2,15,富邦-苗栗,2023-02-22,9657
8358,金居,15,0,15,富邦-苗栗,2023-02-22,9657
00720B,元大投資級公司債,14,0,14,富邦-苗栗,2023-02-22,9657
3276,宇環,15,1,14,富邦-苗栗,2023-02-22,9657
8069,元太,15,1,14,富邦-苗栗,2023-02-22,9657
1513,中興電,24,10,14,富邦-苗栗,2023-02-22,9657
3035,智原,55,41,14,富邦-苗栗,2023-02-22,9657
00900,富邦特選高股息30,14,1,13,富邦-苗栗,2023-02-22,9657
2337,旺宏,13,0,13,富邦-苗栗,2023-02-22,9657
2618,長榮航,13,1,12,富邦-苗栗,2023-02-22,9657
6245,立端,19,7,12,富邦-苗栗,2023-02-22,9657
00632R,元大台灣50反1,15,3,12,富邦-苗栗,2023-02-22,9657
2498,宏達電,16,5,11,富邦-苗栗,2023-02-22,9657
3164,景岳,11,0,11,富邦-苗栗,2023-02-22,9657
5703,亞都,11,0,11,富邦-苗栗,2023-02-22,9657
00740B,富邦全球投等債,10,0,10,富邦-苗栗,2023-02-22,9657
00671R,富邦NASDAQ反1,10,0,10,富邦-苗栗,2023-02-22,9657
2706,第一店,12,2,10,富邦-苗栗,2023-02-22,9657
3024,憶聲,10,0,10,富邦-苗栗,2023-02-22,9657
5222,全訊,10,0,10,富邦-苗栗,2023-02-22,9657
2892,第一金,10,1,9,富邦-苗栗,2023-02-22,9657
3665,貿聯-KY,8,0,8,富邦-苗栗,2023-02-22,9657
3545,敦泰,10,2,8,富邦-苗栗,2023-02-22,9657
3264,欣銓,8,0,8,富邦-苗栗,2023-02-22,9657
6282,康舒,12,4,8,富邦-苗栗,2023-02-22,9657
4979,華星光,9,1,8,富邦-苗栗,2023-02-22,9657
5009,榮剛,10,3,7,富邦-苗栗,2023-02-22,9657
3661,世芯-KY,7,0,7,富邦-苗栗,2023-02-22,9657
00893,國泰智能電動車,9,2,7,富邦-苗栗,2023-02-22,9657
2702,華園,9,2,7,富邦-苗栗,2023-02-22,9657
6160,欣技,7,0,7,富邦-苗栗,2023-02-22,9657
00896,中信綠能及電動車,6,0,6,富邦-苗栗,2023-02-22,9657
00632R,元大台灣50反1,118,0,118,富邦-苗栗,2023-02-23,9657
5512,力麒,96,23,73,富邦-苗栗,2023-02-23,9657
3481,群創,92,20,72,富邦-苗栗,2023-02-23,9657
00715L,期街口布蘭特正2,60,1,59,富邦-苗栗,2023-02-23,9657
2603,長榮,65,7,58,富邦-苗栗,2023-02-23,9657
00642U,期元大S＆P石油,57,0,57,富邦-苗栗,2023-02-23,9657
00676R,富邦臺灣加權反1,50,5,45,富邦-苗栗,2023-02-23,9657
3058,立德,36,1,35,富邦-苗栗,2023-02-23,9657
8936,國統,55,22,33,富邦-苗栗,2023-02-23,9657
00670L,富邦NASDAQ正2,35,7,28,富邦-苗栗,2023-02-23,9657
3024,憶聲,27,0,27,富邦-苗栗,2023-02-23,9657
2887,台新金,26,0,26,富邦-苗栗,2023-02-23,9657
00664R,國泰臺灣加權反1,24,0,24,富邦-苗栗,2023-02-23,9657
4303,信立,25,1,24,富邦-苗栗,2023-02-23,9657
3535,晶彩科,23,0,23,富邦-苗栗,2023-02-23,9657
1444,力麗,22,0,22,富邦-苗栗,2023-02-23,9657
3011,今皓,22,0,22,富邦-苗栗,2023-02-23,9657
00773B,中信優先金融債,21,0,21,富邦-苗栗,2023-02-23,9657
2049,上銀,21,0,21,富邦-苗栗,2023-02-23,9657
2104,國際中橡,20,0,20,富邦-苗栗,2023-02-23,9657
1103,嘉泥,20,1,19,富邦-苗栗,2023-02-23,9657
3037,欣興,21,2,19,富邦-苗栗,2023-02-23,9657
00772B,中信高評級公司債,17,0,17,富邦-苗栗,2023-02-23,9657
2208,台船,19,3,16,富邦-苗栗,2023-02-23,9657
2313,華通,20,4,16,富邦-苗栗,2023-02-23,9657
2618,長榮航,28,12,16,富邦-苗栗,2023-02-23,9657
3276,宇環,15,0,15,富邦-苗栗,2023-02-23,9657
1514,亞力,27,13,14,富邦-苗栗,2023-02-23,9657
6109,亞元,14,0,14,富邦-苗栗,2023-02-23,9657
8069,元太,16,3,13,富邦-苗栗,2023-02-23,9657
6282,康舒,12,0,12,富邦-苗栗,2023-02-23,9657
9955,佳龍,12,0,12,富邦-苗栗,2023-02-23,9657
2409,友達,11,0,11,富邦-苗栗,2023-02-23,9657
2610,華航,11,0,11,富邦-苗栗,2023-02-23,9657
00878,國泰永續高股息,23,13,10,富邦-苗栗,2023-02-23,9657
00650L,復華香港正2,10,0,10,富邦-苗栗,2023-02-23,9657
00753L,中信中國50正2,10,0,10,富邦-苗栗,2023-02-23,9657
1467,南緯,10,0,10,富邦-苗栗,2023-02-23,9657
2301,光寶科,10,0,10,富邦-苗栗,2023-02-23,9657
4157,太景*-KY,10,0,10,富邦-苗栗,2023-02-23,9657
4402,郡都開發,10,0,10,富邦-苗栗,2023-02-23,9657
4943,康控-KY,10,0,10,富邦-苗栗,2023-02-23,9657
5701,劍湖山,10,0,10,富邦-苗栗,2023-02-23,9657
6517,保勝光學,11,1,10,富邦-苗栗,2023-02-23,9657
00919,群益台灣精選高息,10,0,10,富邦-苗栗,2023-02-23,9657
4526,東台,10,1,9,富邦-苗栗,2023-02-23,9657
6264,富裔,9,0,9,富邦-苗栗,2023-02-23,9657
8358,金居,12,3,9,富邦-苗栗,2023-02-23,9657
1513,中興電,19,11,8,富邦-苗栗,2023-02-23,9657
3710,連展投控,8,0,8,富邦-苗栗,2023-02-23,9657
00893,國泰智能電動車,100,6,94,富邦-苗栗,2023-02-24,9657
2601,益航,109,37,72,富邦-苗栗,2023-02-24,9657
2884,玉山金,77,33,44,富邦-苗栗,2023-02-24,9657
00878,國泰永續高股息,43,4,39,富邦-苗栗,2023-02-24,9657
00633L,富邦上証正2,32,0,32,富邦-苗栗,2023-02-24,9657
2610,華航,23,0,23,富邦-苗栗,2023-02-24,9657
2498,宏達電,100,77,23,富邦-苗栗,2023-02-24,9657
1605,華新,30,8,22,富邦-苗栗,2023-02-24,9657
5222,全訊,20,0,20,富邦-苗栗,2023-02-24,9657
6160,欣技,30,10,20,富邦-苗栗,2023-02-24,9657
0056,元大高股息,20,1,19,富邦-苗栗,2023-02-24,9657
5009,榮剛,18,0,18,富邦-苗栗,2023-02-24,9657
2317,鴻海,18,1,17,富邦-苗栗,2023-02-24,9657
2615,萬海,19,2,17,富邦-苗栗,2023-02-24,9657
2887,台新金,21,4,17,富邦-苗栗,2023-02-24,9657
6245,立端,18,2,16,富邦-苗栗,2023-02-24,9657
6264,富裔,16,0,16,富邦-苗栗,2023-02-24,9657
3625,西勝,15,0,15,富邦-苗栗,2023-02-24,9657
2419,仲琦,14,0,14,富邦-苗栗,2023-02-24,9657
3682,亞太電,14,0,14,富邦-苗栗,2023-02-24,9657
2618,長榮航,34,21,13,富邦-苗栗,2023-02-24,9657
00665L,富邦�琤肭磪囓�2,13,0,13,富邦-苗栗,2023-02-24,9657
4303,信立,13,0,13,富邦-苗栗,2023-02-24,9657
2892,第一金,22,10,12,富邦-苗栗,2023-02-24,9657
4142,國光生,28,16,12,富邦-苗栗,2023-02-24,9657
00670L,富邦NASDAQ正2,10,0,10,富邦-苗栗,2023-02-24,9657
00655L,國泰中國A50正2,10,0,10,富邦-苗栗,2023-02-24,9657
2106,建大,10,0,10,富邦-苗栗,2023-02-24,9657
2641,正德,28,18,10,富邦-苗栗,2023-02-24,9657
2890,永豐金,11,1,10,富邦-苗栗,2023-02-24,9657
8069,元太,13,3,10,富邦-苗栗,2023-02-24,9657
9928,中視,10,0,10,富邦-苗栗,2023-02-24,9657
8050,廣積,10,0,10,富邦-苗栗,2023-02-24,9657
00639,富邦深100,9,0,9,富邦-苗栗,2023-02-24,9657
2332,友訊,19,10,9,富邦-苗栗,2023-02-24,9657
2388,威盛,36,28,8,富邦-苗栗,2023-02-24,9657
00888,永豐台灣ESG,8,0,8,富邦-苗栗,2023-02-24,9657
2888,新光金,20,12,8,富邦-苗栗,2023-02-24,9657
3710,連展投控,8,0,8,富邦-苗栗,2023-02-24,9657
6523,達爾膚,8,0,8,富邦-苗栗,2023-02-24,9657
4967,十銓,7,0,7,富邦-苗栗,2023-02-24,9657
00720B,元大投資級公司債,7,0,7,富邦-苗栗,2023-02-24,9657
2886,兆豐金,7,0,7,富邦-苗栗,2023-02-24,9657
00903,富邦元宇宙,7,0,7,富邦-苗栗,2023-02-24,9657
00919,群益台灣精選高息,7,0,7,富邦-苗栗,2023-02-24,9657
6670,復盛應用,7,0,7,富邦-苗栗,2023-02-24,9657
6695,芯鼎,7,0,7,富邦-苗栗,2023-02-24,9657
2481,強茂,8,2,6,富邦-苗栗,2023-02-24,9657
6469,大樹,5,0,5,富邦-苗栗,2023-02-24,9657
3037,欣興,16,11,5,富邦-苗栗,2023-02-24,9657
2504,國產,100,0,100,富邦-苗栗,2023-03-01,9657
00878,國泰永續高股息,100,2,98,富邦-苗栗,2023-03-01,9657
1722,台肥,56,0,56,富邦-苗栗,2023-03-01,9657
2002,中鋼,58,6,52,富邦-苗栗,2023-03-01,9657
00882,中信中國高股息,49,0,49,富邦-苗栗,2023-03-01,9657
1451,年興,48,0,48,富邦-苗栗,2023-03-01,9657
2885,元大金,41,0,41,富邦-苗栗,2023-03-01,9657
2605,新興,63,27,36,富邦-苗栗,2023-03-01,9657
6160,欣技,30,0,30,富邦-苗栗,2023-03-01,9657
3481,群創,41,12,29,富邦-苗栗,2023-03-01,9657
2208,台船,30,1,29,富邦-苗栗,2023-03-01,9657
2884,玉山金,28,1,27,富邦-苗栗,2023-03-01,9657
3059,華晶科,25,0,25,富邦-苗栗,2023-03-01,9657
00676R,富邦臺灣加權反1,50,25,25,富邦-苗栗,2023-03-01,9657
1584,精剛,32,7,25,富邦-苗栗,2023-03-01,9657
2477,美隆電,24,0,24,富邦-苗栗,2023-03-01,9657
6770,力積電,21,0,21,富邦-苗栗,2023-03-01,9657
2354,鴻準,21,0,21,富邦-苗栗,2023-03-01,9657
2891,中信金,20,6,14,富邦-苗栗,2023-03-01,9657
3682,亞太電,14,0,14,富邦-苗栗,2023-03-01,9657
9945,潤泰新,14,0,14,富邦-苗栗,2023-03-01,9657
1101,台泥,14,1,13,富邦-苗栗,2023-03-01,9657
2344,華邦電,13,0,13,富邦-苗栗,2023-03-01,9657
1219,福壽,13,0,13,富邦-苗栗,2023-03-01,9657
1605,華新,52,40,12,富邦-苗栗,2023-03-01,9657
5905,南仁湖,12,0,12,富邦-苗栗,2023-03-01,9657
00713,元大台灣高息低波,12,0,12,富邦-苗栗,2023-03-01,9657
3714,富采,12,0,12,富邦-苗栗,2023-03-01,9657
00679B,元大美債20年,10,0,10,富邦-苗栗,2023-03-01,9657
2301,光寶科,10,0,10,富邦-苗栗,2023-03-01,9657
6443,元晶,12,2,10,富邦-苗栗,2023-03-01,9657
2880,華南金,10,1,9,富邦-苗栗,2023-03-01,9657
00893,國泰智能電動車,10,1,9,富邦-苗栗,2023-03-01,9657
00632R,元大台灣50反1,10,1,9,富邦-苗栗,2023-03-01,9657
2606,裕民,11,3,8,富邦-苗栗,2023-03-01,9657
5880,合庫金,9,1,8,富邦-苗栗,2023-03-01,9657
00687B,國泰20年美債,8,0,8,富邦-苗栗,2023-03-01,9657
00715L,期街口布蘭特正2,10,2,8,富邦-苗栗,2023-03-01,9657
2611,志信,10,2,8,富邦-苗栗,2023-03-01,9657
5464,霖宏,12,4,8,富邦-苗栗,2023-03-01,9657
6859,伯特光,8,0,8,富邦-苗栗,2023-03-01,9657
8222,寶一,8,0,8,富邦-苗栗,2023-03-01,9657
5608,四維航,31,23,8,富邦-苗栗,2023-03-01,9657
2201,裕隆,17,10,7,富邦-苗栗,2023-03-01,9657
2441,超豐,7,0,7,富邦-苗栗,2023-03-01,9657
4303,信立,7,0,7,富邦-苗栗,2023-03-01,9657
00773B,中信優先金融債,7,0,7,富邦-苗栗,2023-03-01,9657
2892,第一金,13,6,7,富邦-苗栗,2023-03-01,9657
1904,正隆,6,0,6,富邦-苗栗,2023-03-01,9657
2614,東森,6,0,6,富邦-苗栗,2023-03-01,9657
00878,國泰永續高股息,143,7,136,富邦-苗栗,2023-03-02,9657
2449,京元電子,75,0,75,富邦-苗栗,2023-03-02,9657
2834,臺企銀,97,28,69,富邦-苗栗,2023-03-02,9657
2913,農林,70,1,69,富邦-苗栗,2023-03-02,9657
5498,凱崴,66,0,66,富邦-苗栗,2023-03-02,9657
2313,華通,71,6,65,富邦-苗栗,2023-03-02,9657
00713,元大台灣高息低波,46,0,46,富邦-苗栗,2023-03-02,9657
1220,台榮,44,0,44,富邦-苗栗,2023-03-02,9657
3059,華晶科,40,0,40,富邦-苗栗,2023-03-02,9657
4207,環泰,30,0,30,富邦-苗栗,2023-03-02,9657
2605,新興,70,45,25,富邦-苗栗,2023-03-02,9657
3094,聯傑,20,1,19,富邦-苗栗,2023-03-02,9657
2303,聯電,23,4,19,富邦-苗栗,2023-03-02,9657
00903,富邦元宇宙,18,0,18,富邦-苗栗,2023-03-02,9657
2884,玉山金,14,2,12,富邦-苗栗,2023-03-02,9657
00687B,國泰20年美債,12,0,12,富邦-苗栗,2023-03-02,9657
6733,博晟生醫,12,0,12,富邦-苗栗,2023-03-02,9657
2002,中鋼,13,2,11,富邦-苗栗,2023-03-02,9657
00772B,中信高評級公司債,23,12,11,富邦-苗栗,2023-03-02,9657
2886,兆豐金,11,0,11,富邦-苗栗,2023-03-02,9657
00895,富邦未來車,11,0,11,富邦-苗栗,2023-03-02,9657
2302,麗正,11,0,11,富邦-苗栗,2023-03-02,9657
2492,華新科,11,0,11,富邦-苗栗,2023-03-02,9657
2885,元大金,11,1,10,富邦-苗栗,2023-03-02,9657
2701,萬企,11,1,10,富邦-苗栗,2023-03-02,9657
2498,宏達電,38,28,10,富邦-苗栗,2023-03-02,9657
3494,誠研,10,0,10,富邦-苗栗,2023-03-02,9657
3673,TPK-KY,10,0,10,富邦-苗栗,2023-03-02,9657
4167,松瑞藥,10,0,10,富邦-苗栗,2023-03-02,9657
4977,眾達-KY,10,0,10,富邦-苗栗,2023-03-02,9657
5299,杰力,10,0,10,富邦-苗栗,2023-03-02,9657
5905,南仁湖,10,0,10,富邦-苗栗,2023-03-02,9657
2006,東和鋼鐵,10,0,10,富邦-苗栗,2023-03-02,9657
3029,零壹,10,1,9,富邦-苗栗,2023-03-02,9657
0056,元大高股息,11,3,8,富邦-苗栗,2023-03-02,9657
2610,華航,20,12,8,富邦-苗栗,2023-03-02,9657
3545,敦泰,9,1,8,富邦-苗栗,2023-03-02,9657
4915,致伸,9,2,7,富邦-苗栗,2023-03-02,9657
00679B,元大美債20年,7,0,7,富邦-苗栗,2023-03-02,9657
1605,華新,19,12,7,富邦-苗栗,2023-03-02,9657
2891,中信金,7,0,7,富邦-苗栗,2023-03-02,9657
8046,南電,8,2,6,富邦-苗栗,2023-03-02,9657
00670L,富邦NASDAQ正2,6,0,6,富邦-苗栗,2023-03-02,9657
00720B,元大投資級公司債,6,0,6,富邦-苗栗,2023-03-02,9657
4564,元翎,6,0,6,富邦-苗栗,2023-03-02,9657
1101,台泥,8,2,6,富邦-苗栗,2023-03-02,9657
2892,第一金,10,5,5,富邦-苗栗,2023-03-02,9657
1514,亞力,5,0,5,富邦-苗栗,2023-03-02,9657
2388,威盛,12,7,5,富邦-苗栗,2023-03-02,9657
2436,偉詮電,5,0,5,富邦-苗栗,2023-03-02,9657
1210,大成,89,0,89,富邦-苗栗,2023-03-03,9657
00676R,富邦臺灣加權反1,82,0,82,富邦-苗栗,2023-03-03,9657
00632R,元大台灣50反1,62,0,62,富邦-苗栗,2023-03-03,9657
2495,普安,55,0,55,富邦-苗栗,2023-03-03,9657
2313,華通,55,2,53,富邦-苗栗,2023-03-03,9657
2399,映泰,44,0,44,富邦-苗栗,2023-03-03,9657
00900,富邦特選高股息30,41,0,41,富邦-苗栗,2023-03-03,9657
2388,威盛,52,15,37,富邦-苗栗,2023-03-03,9657
8112,至上,39,5,34,富邦-苗栗,2023-03-03,9657
00878,國泰永續高股息,38,5,33,富邦-苗栗,2023-03-03,9657
2913,農林,30,0,30,富邦-苗栗,2023-03-03,9657
5512,力麒,67,39,28,富邦-苗栗,2023-03-03,9657
1907,永豐餘,24,0,24,富邦-苗栗,2023-03-03,9657
2609,陽明,59,36,23,富邦-苗栗,2023-03-03,9657
8111,立��,23,0,23,富邦-苗栗,2023-03-03,9657
3059,華晶科,21,0,21,富邦-苗栗,2023-03-03,9657
2601,益航,26,6,20,富邦-苗栗,2023-03-03,9657
8072,陞泰,20,0,20,富邦-苗栗,2023-03-03,9657
3380,明泰,19,0,19,富邦-苗栗,2023-03-03,9657
1513,中興電,24,6,18,富邦-苗栗,2023-03-03,9657
6288,聯嘉,19,2,17,富邦-苗栗,2023-03-03,9657
00712,復華富時不動產,17,0,17,富邦-苗栗,2023-03-03,9657
2201,裕隆,18,2,16,富邦-苗栗,2023-03-03,9657
1708,東鹼,16,0,16,富邦-苗栗,2023-03-03,9657
6142,友勁,16,0,16,富邦-苗栗,2023-03-03,9657
2365,昆盈,15,0,15,富邦-苗栗,2023-03-03,9657
6581,鋼聯,15,0,15,富邦-苗栗,2023-03-03,9657
2886,兆豐金,16,2,14,富邦-苗栗,2023-03-03,9657
6264,富裔,14,0,14,富邦-苗栗,2023-03-03,9657
1215,卜蜂,13,0,13,富邦-苗栗,2023-03-03,9657
5009,榮剛,17,5,12,富邦-苗栗,2023-03-03,9657
8033,雷虎,14,2,12,富邦-苗栗,2023-03-03,9657
2809,京城銀,11,0,11,富邦-苗栗,2023-03-03,9657
1605,華新,31,21,10,富邦-苗栗,2023-03-03,9657
00664R,國泰臺灣加權反1,10,0,10,富邦-苗栗,2023-03-03,9657
00671R,富邦NASDAQ反1,10,0,10,富邦-苗栗,2023-03-03,9657
2701,萬企,10,0,10,富邦-苗栗,2023-03-03,9657
3710,連展投控,10,0,10,富邦-苗栗,2023-03-03,9657
4105,東洋,10,0,10,富邦-苗栗,2023-03-03,9657
00885,富邦越南,9,0,9,富邦-苗栗,2023-03-03,9657
2049,上銀,10,1,9,富邦-苗栗,2023-03-03,9657
2338,光罩,10,1,9,富邦-苗栗,2023-03-03,9657
3714,富采,10,1,9,富邦-苗栗,2023-03-03,9657
4142,國光生,20,11,9,富邦-苗栗,2023-03-03,9657
2884,玉山金,21,12,9,富邦-苗栗,2023-03-03,9657
2641,正德,19,11,8,富邦-苗栗,2023-03-03,9657
2359,所羅門,10,3,7,富邦-苗栗,2023-03-03,9657
4541,晟田,11,4,7,富邦-苗栗,2023-03-03,9657
6182,合晶,7,0,7,富邦-苗栗,2023-03-03,9657
00679B,元大美債20年,6,0,6,富邦-苗栗,2023-03-03,9657
00632R,元大台灣50反1,619,148,471,富邦-苗栗,2023-03-06,9657
00676R,富邦臺灣加權反1,73,0,73,富邦-苗栗,2023-03-06,9657
2706,第一店,64,0,64,富邦-苗栗,2023-03-06,9657
00713,元大台灣高息低波,42,0,42,富邦-苗栗,2023-03-06,9657
2611,志信,39,0,39,富邦-苗栗,2023-03-06,9657
2313,華通,43,8,35,富邦-苗栗,2023-03-06,9657
2834,臺企銀,36,2,34,富邦-苗栗,2023-03-06,9657
6695,芯鼎,24,0,24,富邦-苗栗,2023-03-06,9657
8076,伍豐,24,0,24,富邦-苗栗,2023-03-06,9657
2412,中華電,33,10,23,富邦-苗栗,2023-03-06,9657
3481,群創,91,69,22,富邦-苗栗,2023-03-06,9657
00712,復華富時不動產,30,10,20,富邦-苗栗,2023-03-06,9657
00673R,期元大S＆P原油反1,20,0,20,富邦-苗栗,2023-03-06,9657
6264,富裔,20,0,20,富邦-苗栗,2023-03-06,9657
1605,華新,20,5,15,富邦-苗栗,2023-03-06,9657
2314,台揚,14,0,14,富邦-苗栗,2023-03-06,9657
1220,台榮,18,5,13,富邦-苗栗,2023-03-06,9657
8938,明安,12,0,12,富邦-苗栗,2023-03-06,9657
1217,愛之味,12,0,12,富邦-苗栗,2023-03-06,9657
2338,光罩,13,1,12,富邦-苗栗,2023-03-06,9657
1752,南光,11,0,11,富邦-苗栗,2023-03-06,9657
8433,弘帆,11,0,11,富邦-苗栗,2023-03-06,9657
4114,健喬,13,3,10,富邦-苗栗,2023-03-06,9657
1471,首利,10,0,10,富邦-苗栗,2023-03-06,9657
2610,華航,16,6,10,富邦-苗栗,2023-03-06,9657
2913,農林,10,0,10,富邦-苗栗,2023-03-06,9657
2929,淘帝-KY,10,0,10,富邦-苗栗,2023-03-06,9657
3494,誠研,10,0,10,富邦-苗栗,2023-03-06,9657
6282,康舒,29,19,10,富邦-苗栗,2023-03-06,9657
6443,元晶,16,6,10,富邦-苗栗,2023-03-06,9657
8110,華東,12,2,10,富邦-苗栗,2023-03-06,9657
9955,佳龍,10,0,10,富邦-苗栗,2023-03-06,9657
0056,元大高股息,29,20,9,富邦-苗栗,2023-03-06,9657
2462,良得電,10,1,9,富邦-苗栗,2023-03-06,9657
2637,慧洋-KY,9,0,9,富邦-苗栗,2023-03-06,9657
2609,陽明,23,14,9,富邦-苗栗,2023-03-06,9657
2344,華邦電,24,15,9,富邦-苗栗,2023-03-06,9657
2605,新興,12,4,8,富邦-苗栗,2023-03-06,9657
5608,四維航,24,16,8,富邦-苗栗,2023-03-06,9657
2430,燦坤,7,0,7,富邦-苗栗,2023-03-06,9657
2431,聯昌,7,0,7,富邦-苗栗,2023-03-06,9657
5210,寶碩,8,1,7,富邦-苗栗,2023-03-06,9657
5351,鈺創,6,0,6,富邦-苗栗,2023-03-06,9657
3673,TPK-KY,15,9,6,富邦-苗栗,2023-03-06,9657
3707,漢磊,7,1,6,富邦-苗栗,2023-03-06,9657
3006,晶豪科,6,0,6,富邦-苗栗,2023-03-06,9657
3504,揚明光,11,6,5,富邦-苗栗,2023-03-06,9657
1101,台泥,5,0,5,富邦-苗栗,2023-03-06,9657
00655L,國泰中國A50正2,5,0,5,富邦-苗栗,2023-03-06,9657
1305,華夏,5,0,5,富邦-苗栗,2023-03-06,9657
00676R,富邦臺灣加權反1,111,50,61,富邦-苗栗,2023-03-07,9657
00673R,期元大S＆P原油反1,54,0,54,富邦-苗栗,2023-03-07,9657
00632R,元大台灣50反1,49,0,49,富邦-苗栗,2023-03-07,9657
3481,群創,61,28,33,富邦-苗栗,2023-03-07,9657
2611,志信,24,0,24,富邦-苗栗,2023-03-07,9657
5450,南良,34,10,24,富邦-苗栗,2023-03-07,9657
1449,佳和,23,0,23,富邦-苗栗,2023-03-07,9657
6257,矽格,21,2,19,富邦-苗栗,2023-03-07,9657
1434,福懋,15,0,15,富邦-苗栗,2023-03-07,9657
2498,宏達電,38,23,15,富邦-苗栗,2023-03-07,9657
4977,眾達-KY,17,4,13,富邦-苗栗,2023-03-07,9657
2303,聯電,14,1,13,富邦-苗栗,2023-03-07,9657
8112,至上,12,0,12,富邦-苗栗,2023-03-07,9657
3013,晟銘電,18,7,11,富邦-苗栗,2023-03-07,9657
4923,力士,11,0,11,富邦-苗栗,2023-03-07,9657
00679B,元大美債20年,10,0,10,富邦-苗栗,2023-03-07,9657
4974,亞泰,10,0,10,富邦-苗栗,2023-03-07,9657
2371,大同,10,0,10,富邦-苗栗,2023-03-07,9657
00877,復華中國5G,10,0,10,富邦-苗栗,2023-03-07,9657
1709,和益,10,0,10,富邦-苗栗,2023-03-07,9657
2380,虹光,10,0,10,富邦-苗栗,2023-03-07,9657
3372,典範,10,0,10,富邦-苗栗,2023-03-07,9657
4402,郡都開發,10,0,10,富邦-苗栗,2023-03-07,9657
6156,松上,10,0,10,富邦-苗栗,2023-03-07,9657
6605,帝寶,10,0,10,富邦-苗栗,2023-03-07,9657
8409,商之器,10,0,10,富邦-苗栗,2023-03-07,9657
1314,中石化,10,1,9,富邦-苗栗,2023-03-07,9657
1319,東陽,10,1,9,富邦-苗栗,2023-03-07,9657
00713,元大台灣高息低波,11,2,9,富邦-苗栗,2023-03-07,9657
2009,第一銅,8,0,8,富邦-苗栗,2023-03-07,9657
2201,裕隆,16,8,8,富邦-苗栗,2023-03-07,9657
2302,麗正,11,3,8,富邦-苗栗,2023-03-07,9657
2431,聯昌,8,0,8,富邦-苗栗,2023-03-07,9657
3029,零壹,19,11,8,富邦-苗栗,2023-03-07,9657
3665,貿聯-KY,8,0,8,富邦-苗栗,2023-03-07,9657
4953,緯軟,8,0,8,富邦-苗栗,2023-03-07,9657
2482,連宇,15,7,8,富邦-苗栗,2023-03-07,9657
1795,美時,10,3,7,富邦-苗栗,2023-03-07,9657
4126,太醫,8,1,7,富邦-苗栗,2023-03-07,9657
2882,國泰金,7,0,7,富邦-苗栗,2023-03-07,9657
3479,安勤,9,3,6,富邦-苗栗,2023-03-07,9657
2890,永豐金,6,0,6,富邦-苗栗,2023-03-07,9657
2388,威盛,13,7,6,富邦-苗栗,2023-03-07,9657
00885,富邦越南,11,5,6,富邦-苗栗,2023-03-07,9657
1609,大亞,19,13,6,富邦-苗栗,2023-03-07,9657
3036,文曄,6,0,6,富邦-苗栗,2023-03-07,9657
6438,迅得,6,0,6,富邦-苗栗,2023-03-07,9657
6548,長科*,11,5,6,富邦-苗栗,2023-03-07,9657
6695,芯鼎,6,0,6,富邦-苗栗,2023-03-07,9657
6550,北極星藥業-KY,6,1,5,富邦-苗栗,2023-03-07,9657
00715L,期街口布蘭特正2,107,23,84,富邦-苗栗,2023-03-08,9657
1762,中化生,53,5,48,富邦-苗栗,2023-03-08,9657
2495,普安,40,0,40,富邦-苗栗,2023-03-08,9657
00882,中信中國高股息,31,0,31,富邦-苗栗,2023-03-08,9657
00885,富邦越南,30,0,30,富邦-苗栗,2023-03-08,9657
2354,鴻準,28,2,26,富邦-苗栗,2023-03-08,9657
1605,華新,39,13,26,富邦-苗栗,2023-03-08,9657
1584,精剛,26,3,23,富邦-苗栗,2023-03-08,9657
00713,元大台灣高息低波,23,0,23,富邦-苗栗,2023-03-08,9657
2442,新美齊,22,0,22,富邦-苗栗,2023-03-08,9657
00633L,富邦上証正2,21,0,21,富邦-苗栗,2023-03-08,9657
00900,富邦特選高股息30,27,8,19,富邦-苗栗,2023-03-08,9657
00878,國泰永續高股息,25,7,18,富邦-苗栗,2023-03-08,9657
00753L,中信中國50正2,15,0,15,富邦-苗栗,2023-03-08,9657
1513,中興電,19,4,15,富邦-苗栗,2023-03-08,9657
2328,廣宇,16,1,15,富邦-苗栗,2023-03-08,9657
2329,華泰,16,1,15,富邦-苗栗,2023-03-08,9657
00896,中信綠能及電動車,16,2,14,富邦-苗栗,2023-03-08,9657
3673,TPK-KY,13,0,13,富邦-苗栗,2023-03-08,9657
00752,中信中國50,12,0,12,富邦-苗栗,2023-03-08,9657
1504,東元,15,3,12,富邦-苗栗,2023-03-08,9657
2313,華通,12,0,12,富邦-苗栗,2023-03-08,9657
2615,萬海,13,1,12,富邦-苗栗,2023-03-08,9657
3147,大綜,12,0,12,富邦-苗栗,2023-03-08,9657
4142,國光生,13,1,12,富邦-苗栗,2023-03-08,9657
2317,鴻海,16,4,12,富邦-苗栗,2023-03-08,9657
00665L,富邦�琤肭磪囓�2,11,0,11,富邦-苗栗,2023-03-08,9657
2885,元大金,11,0,11,富邦-苗栗,2023-03-08,9657
00712,復華富時不動產,10,0,10,富邦-苗栗,2023-03-08,9657
2401,凌陽,10,0,10,富邦-苗栗,2023-03-08,9657
00664R,國泰臺灣加權反1,10,0,10,富邦-苗栗,2023-03-08,9657
00650L,復華香港正2,10,0,10,富邦-苗栗,2023-03-08,9657
00639,富邦深100,10,0,10,富邦-苗栗,2023-03-08,9657
1612,宏泰,10,0,10,富邦-苗栗,2023-03-08,9657
1710,東聯,10,0,10,富邦-苗栗,2023-03-08,9657
2107,厚生,10,0,10,富邦-苗栗,2023-03-08,9657
2390,云辰,10,0,10,富邦-苗栗,2023-03-08,9657
2497,怡利電,10,0,10,富邦-苗栗,2023-03-08,9657
3037,欣興,12,2,10,富邦-苗栗,2023-03-08,9657
3059,華晶科,10,0,10,富邦-苗栗,2023-03-08,9657
3518,柏騰,10,0,10,富邦-苗栗,2023-03-08,9657
4105,東洋,10,0,10,富邦-苗栗,2023-03-08,9657
4440,宜新實業,10,0,10,富邦-苗栗,2023-03-08,9657
5457,宣德,10,0,10,富邦-苗栗,2023-03-08,9657
8931,大汽電,13,3,10,富邦-苗栗,2023-03-08,9657
9934,成霖,10,0,10,富邦-苗栗,2023-03-08,9657
2606,裕民,11,2,9,富邦-苗栗,2023-03-08,9657
2201,裕隆,9,0,9,富邦-苗栗,2023-03-08,9657
3686,達能,9,0,9,富邦-苗栗,2023-03-08,9657
5425,台半,18,9,9,富邦-苗栗,2023-03-08,9657
6109,亞元,77,1,76,富邦-苗栗,2023-03-09,9657
2637,慧洋-KY,74,0,74,富邦-苗栗,2023-03-09,9657
3481,群創,84,22,62,富邦-苗栗,2023-03-09,9657
2313,華通,53,0,53,富邦-苗栗,2023-03-09,9657
00885,富邦越南,52,0,52,富邦-苗栗,2023-03-09,9657
2867,三商壽,51,0,51,富邦-苗栗,2023-03-09,9657
00878,國泰永續高股息,41,2,39,富邦-苗栗,2023-03-09,9657
2618,長榮航,41,7,34,富邦-苗栗,2023-03-09,9657
2002,中鋼,31,0,31,富邦-苗栗,2023-03-09,9657
2354,鴻準,32,1,31,富邦-苗栗,2023-03-09,9657
2368,金像電,34,4,30,富邦-苗栗,2023-03-09,9657
2317,鴻海,30,1,29,富邦-苗栗,2023-03-09,9657
2913,農林,28,0,28,富邦-苗栗,2023-03-09,9657
00715L,期街口布蘭特正2,31,5,26,富邦-苗栗,2023-03-09,9657
1718,中纖,24,0,24,富邦-苗栗,2023-03-09,9657
2409,友達,45,21,24,富邦-苗栗,2023-03-09,9657
2495,普安,23,0,23,富邦-苗栗,2023-03-09,9657
5009,榮剛,29,8,21,富邦-苗栗,2023-03-09,9657
2890,永豐金,20,0,20,富邦-苗栗,2023-03-09,9657
2344,華邦電,31,11,20,富邦-苗栗,2023-03-09,9657
1218,泰山,20,0,20,富邦-苗栗,2023-03-09,9657
1762,中化生,20,0,20,富邦-苗栗,2023-03-09,9657
2634,漢翔,22,3,19,富邦-苗栗,2023-03-09,9657
00900,富邦特選高股息30,18,0,18,富邦-苗栗,2023-03-09,9657
2347,聯強,22,5,17,富邦-苗栗,2023-03-09,9657
3209,全科,17,0,17,富邦-苗栗,2023-03-09,9657
3290,東浦,15,0,15,富邦-苗栗,2023-03-09,9657
00773B,中信優先金融債,15,0,15,富邦-苗栗,2023-03-09,9657
00632R,元大台灣50反1,15,0,15,富邦-苗栗,2023-03-09,9657
2301,光寶科,17,2,15,富邦-苗栗,2023-03-09,9657
3694,海華,15,0,15,富邦-苗栗,2023-03-09,9657
2609,陽明,41,27,14,富邦-苗栗,2023-03-09,9657
2929,淘帝-KY,14,0,14,富邦-苗栗,2023-03-09,9657
3037,欣興,44,30,14,富邦-苗栗,2023-03-09,9657
00712,復華富時不動產,13,0,13,富邦-苗栗,2023-03-09,9657
4533,協易機,13,0,13,富邦-苗栗,2023-03-09,9657
8069,元太,25,12,13,富邦-苗栗,2023-03-09,9657
1451,年興,12,0,12,富邦-苗栗,2023-03-09,9657
00772B,中信高評級公司債,11,0,11,富邦-苗栗,2023-03-09,9657
00679B,元大美債20年,11,0,11,富邦-苗栗,2023-03-09,9657
3231,緯創,11,0,11,富邦-苗栗,2023-03-09,9657
3289,宜特,16,5,11,富邦-苗栗,2023-03-09,9657
5457,宣德,11,0,11,富邦-苗栗,2023-03-09,9657
3665,貿聯-KY,11,0,11,富邦-苗栗,2023-03-09,9657
0056,元大高股息,15,4,11,富邦-苗栗,2023-03-09,9657
1513,中興電,23,13,10,富邦-苗栗,2023-03-09,9657
1722,台肥,10,0,10,富邦-苗栗,2023-03-09,9657
2486,一詮,24,14,10,富邦-苗栗,2023-03-09,9657
2705,六福,10,0,10,富邦-苗栗,2023-03-09,9657
2820,華票,10,0,10,富邦-苗栗,2023-03-09,9657
00715L,期街口布蘭特正2,112,24,88,富邦-苗栗,2023-03-10,9657
00713,元大台灣高息低波,56,0,56,富邦-苗栗,2023-03-10,9657
00923,群益台ESG低碳50,49,0,49,富邦-苗栗,2023-03-10,9657
3059,華晶科,45,0,45,富邦-苗栗,2023-03-10,9657
2344,華邦電,40,0,40,富邦-苗栗,2023-03-10,9657
2618,長榮航,82,44,38,富邦-苗栗,2023-03-10,9657
1218,泰山,33,0,33,富邦-苗栗,2023-03-10,9657
2834,臺企銀,90,60,30,富邦-苗栗,2023-03-10,9657
00665L,富邦�琤肭磪囓�2,28,0,28,富邦-苗栗,2023-03-10,9657
8105,凌巨,27,0,27,富邦-苗栗,2023-03-10,9657
6753,龍德造船,28,2,26,富邦-苗栗,2023-03-10,9657
00712,復華富時不動產,28,2,26,富邦-苗栗,2023-03-10,9657
2610,華航,47,22,25,富邦-苗栗,2023-03-10,9657
8409,商之器,25,0,25,富邦-苗栗,2023-03-10,9657
4977,眾達-KY,25,1,24,富邦-苗栗,2023-03-10,9657
3290,東浦,22,0,22,富邦-苗栗,2023-03-10,9657
2888,新光金,21,0,21,富邦-苗栗,2023-03-10,9657
1584,精剛,23,2,21,富邦-苗栗,2023-03-10,9657
1762,中化生,20,0,20,富邦-苗栗,2023-03-10,9657
2313,華通,22,3,19,富邦-苗栗,2023-03-10,9657
5258,虹堡,27,8,19,富邦-苗栗,2023-03-10,9657
8069,元太,19,1,18,富邦-苗栗,2023-03-10,9657
2891,中信金,17,0,17,富邦-苗栗,2023-03-10,9657
1504,東元,18,1,17,富邦-苗栗,2023-03-10,9657
2388,威盛,62,46,16,富邦-苗栗,2023-03-10,9657
00642U,期元大S＆P石油,16,0,16,富邦-苗栗,2023-03-10,9657
2409,友達,15,0,15,富邦-苗栗,2023-03-10,9657
2601,益航,26,11,15,富邦-苗栗,2023-03-10,9657
5457,宣德,15,0,15,富邦-苗栗,2023-03-10,9657
2486,一詮,14,0,14,富邦-苗栗,2023-03-10,9657
2929,淘帝-KY,14,0,14,富邦-苗栗,2023-03-10,9657
00882,中信中國高股息,13,0,13,富邦-苗栗,2023-03-10,9657
1712,興農,13,0,13,富邦-苗栗,2023-03-10,9657
2337,旺宏,13,0,13,富邦-苗栗,2023-03-10,9657
3058,立德,13,0,13,富邦-苗栗,2023-03-10,9657
2453,凌群,54,41,13,富邦-苗栗,2023-03-10,9657
2607,榮運,30,18,12,富邦-苗栗,2023-03-10,9657
2330,台積電,13,2,11,富邦-苗栗,2023-03-10,9657
00687B,國泰20年美債,20,9,11,富邦-苗栗,2023-03-10,9657
8931,大汽電,17,6,11,富邦-苗栗,2023-03-10,9657
6213,聯茂,12,1,11,富邦-苗栗,2023-03-10,9657
00881,國泰台灣5G+,12,1,11,富邦-苗栗,2023-03-10,9657
2609,陽明,103,93,10,富邦-苗栗,2023-03-10,9657
00896,中信綠能及電動車,10,0,10,富邦-苗栗,2023-03-10,9657
1326,台化,10,0,10,富邦-苗栗,2023-03-10,9657
1108,幸福,10,0,10,富邦-苗栗,2023-03-10,9657
1513,中興電,14,4,10,富邦-苗栗,2023-03-10,9657
2332,友訊,10,0,10,富邦-苗栗,2023-03-10,9657
2511,太子,10,0,10,富邦-苗栗,2023-03-10,9657
2722,夏都,10,0,10,富邦-苗栗,2023-03-10,9657
00878,國泰永續高股息,221,11,210,富邦-苗栗,2023-03-13,9657
0056,元大高股息,203,3,200,富邦-苗栗,2023-03-13,9657
2888,新光金,151,0,151,富邦-苗栗,2023-03-13,9657
2303,聯電,91,15,76,富邦-苗栗,2023-03-13,9657
2609,陽明,64,11,53,富邦-苗栗,2023-03-13,9657
2442,新美齊,50,0,50,富邦-苗栗,2023-03-13,9657
5388,中磊,36,0,36,富邦-苗栗,2023-03-13,9657
2413,環科,33,3,30,富邦-苗栗,2023-03-13,9657
2891,中信金,25,0,25,富邦-苗栗,2023-03-13,9657
2883,凱基金,25,0,25,富邦-苗栗,2023-03-13,9657
1504,東元,22,0,22,富邦-苗栗,2023-03-13,9657
2031,新光鋼,22,0,22,富邦-苗栗,2023-03-13,9657
00713,元大台灣高息低波,19,2,17,富邦-苗栗,2023-03-13,9657
00679B,元大美債20年,17,0,17,富邦-苗栗,2023-03-13,9657
00895,富邦未來車,15,0,15,富邦-苗栗,2023-03-13,9657
2610,華航,17,3,14,富邦-苗栗,2023-03-13,9657
2812,台中銀,16,2,14,富邦-苗栗,2023-03-13,9657
3481,群創,23,10,13,富邦-苗栗,2023-03-13,9657
00632R,元大台灣50反1,23,10,13,富邦-苗栗,2023-03-13,9657
00712,復華富時不動產,13,0,13,富邦-苗栗,2023-03-13,9657
00923,群益台ESG低碳50,12,0,12,富邦-苗栗,2023-03-13,9657
00882,中信中國高股息,11,0,11,富邦-苗栗,2023-03-13,9657
1733,五鼎,11,0,11,富邦-苗栗,2023-03-13,9657
2402,毅嘉,11,0,11,富邦-苗栗,2023-03-13,9657
6245,立端,15,4,11,富邦-苗栗,2023-03-13,9657
9802,鈺齊-KY,11,0,11,富邦-苗栗,2023-03-13,9657
2892,第一金,10,0,10,富邦-苗栗,2023-03-13,9657
2354,鴻準,10,0,10,富邦-苗栗,2023-03-13,9657
00714,群益道瓊美國地產,10,0,10,富邦-苗栗,2023-03-13,9657
2017,官田鋼,11,1,10,富邦-苗栗,2023-03-13,9657
2208,台船,10,0,10,富邦-苗栗,2023-03-13,9657
2376,技嘉,10,0,10,富邦-苗栗,2023-03-13,9657
4974,亞泰,10,0,10,富邦-苗栗,2023-03-13,9657
5488,松普,10,0,10,富邦-苗栗,2023-03-13,9657
6548,長科*,11,1,10,富邦-苗栗,2023-03-13,9657
6841,長佳智能,10,1,9,富邦-苗栗,2023-03-13,9657
1513,中興電,15,6,9,富邦-苗栗,2023-03-13,9657
4906,正文,8,0,8,富邦-苗栗,2023-03-13,9657
8033,雷虎,8,0,8,富邦-苗栗,2023-03-13,9657
3037,欣興,11,3,8,富邦-苗栗,2023-03-13,9657
2482,連宇,12,5,7,富邦-苗栗,2023-03-13,9657
4126,太醫,9,2,7,富邦-苗栗,2023-03-13,9657
2497,怡利電,9,3,6,富邦-苗栗,2023-03-13,9657
2880,華南金,7,1,6,富邦-苗栗,2023-03-13,9657
00637L,元大滬深300正2,6,0,6,富邦-苗栗,2023-03-13,9657
00900,富邦特選高股息30,6,0,6,富邦-苗栗,2023-03-13,9657
2457,飛宏,19,13,6,富邦-苗栗,2023-03-13,9657
3205,佰研,6,0,6,富邦-苗栗,2023-03-13,9657
4976,佳凌,7,1,6,富邦-苗栗,2023-03-13,9657
6695,芯鼎,6,0,6,富邦-苗栗,2023-03-13,9657
2888,新光金,266,0,266,富邦-苗栗,2023-03-14,9657
00878,國泰永續高股息,166,23,143,富邦-苗栗,2023-03-14,9657
00715L,期街口布蘭特正2,102,3,99,富邦-苗栗,2023-03-14,9657
2883,凱基金,45,2,43,富邦-苗栗,2023-03-14,9657
2618,長榮航,67,29,38,富邦-苗栗,2023-03-14,9657
2891,中信金,37,0,37,富邦-苗栗,2023-03-14,9657
00713,元大台灣高息低波,34,2,32,富邦-苗栗,2023-03-14,9657
2812,台中銀,32,0,32,富邦-苗栗,2023-03-14,9657
2208,台船,30,1,29,富邦-苗栗,2023-03-14,9657
00712,復華富時不動產,53,25,28,富邦-苗栗,2023-03-14,9657
2303,聯電,33,6,27,富邦-苗栗,2023-03-14,9657
2539,櫻花建,26,0,26,富邦-苗栗,2023-03-14,9657
00893,國泰智能電動車,22,0,22,富邦-苗栗,2023-03-14,9657
1733,五鼎,20,0,20,富邦-苗栗,2023-03-14,9657
2313,華通,20,0,20,富邦-苗栗,2023-03-14,9657
2027,大成鋼,46,26,20,富邦-苗栗,2023-03-14,9657
3673,TPK-KY,19,1,18,富邦-苗栗,2023-03-14,9657
8390,金益鼎,20,2,18,富邦-苗栗,2023-03-14,9657
00633L,富邦上証正2,17,0,17,富邦-苗栗,2023-03-14,9657
3481,群創,30,13,17,富邦-苗栗,2023-03-14,9657
2885,元大金,16,0,16,富邦-苗栗,2023-03-14,9657
2344,華邦電,54,38,16,富邦-苗栗,2023-03-14,9657
2453,凌群,16,1,15,富邦-苗栗,2023-03-14,9657
2615,萬海,18,4,14,富邦-苗栗,2023-03-14,9657
2834,臺企銀,40,26,14,富邦-苗栗,2023-03-14,9657
2359,所羅門,16,2,14,富邦-苗栗,2023-03-14,9657
00882,中信中國高股息,23,10,13,富邦-苗栗,2023-03-14,9657
1802,台玻,13,0,13,富邦-苗栗,2023-03-14,9657
6235,華孚,25,12,13,富邦-苗栗,2023-03-14,9657
00881,國泰台灣5G+,13,0,13,富邦-苗栗,2023-03-14,9657
1605,華新,11,0,11,富邦-苗栗,2023-03-14,9657
00773B,中信優先金融債,16,5,11,富邦-苗栗,2023-03-14,9657
00642U,期元大S＆P石油,11,0,11,富邦-苗栗,2023-03-14,9657
0056,元大高股息,60,49,11,富邦-苗栗,2023-03-14,9657
2031,新光鋼,12,2,10,富邦-苗栗,2023-03-14,9657
2337,旺宏,19,9,10,富邦-苗栗,2023-03-14,9657
2511,太子,10,0,10,富邦-苗栗,2023-03-14,9657
2633,台灣高鐵,10,0,10,富邦-苗栗,2023-03-14,9657
3149,正達,10,0,10,富邦-苗栗,2023-03-14,9657
4126,太醫,10,0,10,富邦-苗栗,2023-03-14,9657
6609,瀧澤科,10,0,10,富邦-苗栗,2023-03-14,9657
0050,元大台灣50,11,1,10,富邦-苗栗,2023-03-14,9657
5880,合庫金,9,0,9,富邦-苗栗,2023-03-14,9657
3128,昇銳,11,2,9,富邦-苗栗,2023-03-14,9657
2601,益航,9,0,9,富邦-苗栗,2023-03-14,9657
2482,連宇,15,7,8,富邦-苗栗,2023-03-14,9657
8222,寶一,15,7,8,富邦-苗栗,2023-03-14,9657
2886,兆豐金,8,1,7,富邦-苗栗,2023-03-14,9657
00670L,富邦NASDAQ正2,7,0,7,富邦-苗栗,2023-03-14,9657
2427,三商電,11,4,7,富邦-苗栗,2023-03-14,9657
2888,新光金,608,0,608,富邦-苗栗,2023-03-15,9657
00676R,富邦臺灣加權反1,200,5,195,富邦-苗栗,2023-03-15,9657
00715L,期街口布蘭特正2,84,0,84,富邦-苗栗,2023-03-15,9657
00878,國泰永續高股息,83,1,82,富邦-苗栗,2023-03-15,9657
2603,長榮,97,39,58,富邦-苗栗,2023-03-15,9657
2031,新光鋼,56,0,56,富邦-苗栗,2023-03-15,9657
2889,國票金,56,0,56,富邦-苗栗,2023-03-15,9657
6282,康舒,51,2,49,富邦-苗栗,2023-03-15,9657
2427,三商電,36,0,36,富邦-苗栗,2023-03-15,9657
6229,研通,30,0,30,富邦-苗栗,2023-03-15,9657
2027,大成鋼,40,12,28,富邦-苗栗,2023-03-15,9657
0056,元大高股息,24,0,24,富邦-苗栗,2023-03-15,9657
00712,復華富時不動產,22,0,22,富邦-苗栗,2023-03-15,9657
2891,中信金,22,0,22,富邦-苗栗,2023-03-15,9657
2614,東森,21,3,18,富邦-苗栗,2023-03-15,9657
2834,臺企銀,17,0,17,富邦-苗栗,2023-03-15,9657
2495,普安,16,0,16,富邦-苗栗,2023-03-15,9657
1101,台泥,14,0,14,富邦-苗栗,2023-03-15,9657
2892,第一金,12,0,12,富邦-苗栗,2023-03-15,9657
4541,晟田,12,0,12,富邦-苗栗,2023-03-15,9657
6125,廣運,18,6,12,富邦-苗栗,2023-03-15,9657
2884,玉山金,16,4,12,富邦-苗栗,2023-03-15,9657
2412,中華電,11,0,11,富邦-苗栗,2023-03-15,9657
3594,磐儀,11,0,11,富邦-苗栗,2023-03-15,9657
2457,飛宏,27,16,11,富邦-苗栗,2023-03-15,9657
00720B,元大投資級公司債,11,0,11,富邦-苗栗,2023-03-15,9657
4164,承業醫,15,4,11,富邦-苗栗,2023-03-15,9657
3481,群創,26,15,11,富邦-苗栗,2023-03-15,9657
00648R,元大S＆P500反1,10,0,10,富邦-苗栗,2023-03-15,9657
2313,華通,20,10,10,富邦-苗栗,2023-03-15,9657
2511,太子,10,0,10,富邦-苗栗,2023-03-15,9657
4114,健喬,10,0,10,富邦-苗栗,2023-03-15,9657
6139,亞翔,10,0,10,富邦-苗栗,2023-03-15,9657
5880,合庫金,20,10,10,富邦-苗栗,2023-03-15,9657
2881,富邦金,9,0,9,富邦-苗栗,2023-03-15,9657
00679B,元大美債20年,9,0,9,富邦-苗栗,2023-03-15,9657
2482,連宇,13,4,9,富邦-苗栗,2023-03-15,9657
00713,元大台灣高息低波,9,0,9,富邦-苗栗,2023-03-15,9657
2359,所羅門,18,10,8,富邦-苗栗,2023-03-15,9657
1326,台化,8,0,8,富邦-苗栗,2023-03-15,9657
1712,興農,9,1,8,富邦-苗栗,2023-03-15,9657
2880,華南金,7,0,7,富邦-苗栗,2023-03-15,9657
5425,台半,11,4,7,富邦-苗栗,2023-03-15,9657
3231,緯創,9,2,7,富邦-苗栗,2023-03-15,9657
2615,萬海,11,4,7,富邦-苗栗,2023-03-15,9657
2890,永豐金,6,0,6,富邦-苗栗,2023-03-15,9657
2886,兆豐金,6,0,6,富邦-苗栗,2023-03-15,9657
00772B,中信高評級公司債,6,0,6,富邦-苗栗,2023-03-15,9657
2017,官田鋼,6,0,6,富邦-苗栗,2023-03-15,9657
2399,映泰,6,0,6,富邦-苗栗,2023-03-15,9657
2888,新光金,304,3,301,富邦-苗栗,2023-03-16,9657
00715L,期街口布蘭特正2,163,6,157,富邦-苗栗,2023-03-16,9657
6005,群益證,120,0,120,富邦-苗栗,2023-03-16,9657
2027,大成鋼,113,4,109,富邦-苗栗,2023-03-16,9657
00878,國泰永續高股息,176,68,108,富邦-苗栗,2023-03-16,9657
0056,元大高股息,74,10,64,富邦-苗栗,2023-03-16,9657
2031,新光鋼,64,0,64,富邦-苗栗,2023-03-16,9657
2891,中信金,54,0,54,富邦-苗栗,2023-03-16,9657
2834,臺企銀,85,44,41,富邦-苗栗,2023-03-16,9657
2881,富邦金,32,0,32,富邦-苗栗,2023-03-16,9657
2880,華南金,30,0,30,富邦-苗栗,2023-03-16,9657
00713,元大台灣高息低波,34,8,26,富邦-苗栗,2023-03-16,9657
2884,玉山金,25,0,25,富邦-苗栗,2023-03-16,9657
2603,長榮,70,50,20,富邦-苗栗,2023-03-16,9657
3056,富華新,28,10,18,富邦-苗栗,2023-03-16,9657
2610,華航,27,9,18,富邦-苗栗,2023-03-16,9657
3027,盛達,22,7,15,富邦-苗栗,2023-03-16,9657
4155,訊映,15,0,15,富邦-苗栗,2023-03-16,9657
8390,金益鼎,16,1,15,富邦-苗栗,2023-03-16,9657
6235,華孚,25,12,13,富邦-苗栗,2023-03-16,9657
1611,中電,25,12,13,富邦-苗栗,2023-03-16,9657
5608,四維航,13,0,13,富邦-苗栗,2023-03-16,9657
2009,第一銅,12,0,12,富邦-苗栗,2023-03-16,9657
2431,聯昌,12,0,12,富邦-苗栗,2023-03-16,9657
8358,金居,12,0,12,富邦-苗栗,2023-03-16,9657
2618,長榮航,13,2,11,富邦-苗栗,2023-03-16,9657
00642U,期元大S＆P石油,11,0,11,富邦-苗栗,2023-03-16,9657
4934,太極,14,3,11,富邦-苗栗,2023-03-16,9657
2313,華通,12,2,10,富邦-苗栗,2023-03-16,9657
00671R,富邦NASDAQ反1,10,0,10,富邦-苗栗,2023-03-16,9657
2243,宏旭-KY,11,1,10,富邦-苗栗,2023-03-16,9657
2332,友訊,10,0,10,富邦-苗栗,2023-03-16,9657
3128,昇銳,10,0,10,富邦-苗栗,2023-03-16,9657
5452,佶優,13,3,10,富邦-苗栗,2023-03-16,9657
6220,岳豐,10,0,10,富邦-苗栗,2023-03-16,9657
8418,捷必勝-KY,10,0,10,富邦-苗栗,2023-03-16,9657
00712,復華富時不動產,10,0,10,富邦-苗栗,2023-03-16,9657
2457,飛宏,19,10,9,富邦-苗栗,2023-03-16,9657
00907,永豐優息存股,8,0,8,富邦-苗栗,2023-03-16,9657
2539,櫻花建,8,0,8,富邦-苗栗,2023-03-16,9657
5425,台半,12,4,8,富邦-苗栗,2023-03-16,9657
4977,眾達-KY,10,2,8,富邦-苗栗,2023-03-16,9657
2892,第一金,14,6,8,富邦-苗栗,2023-03-16,9657
2885,元大金,8,1,7,富邦-苗栗,2023-03-16,9657
2886,兆豐金,7,0,7,富邦-苗栗,2023-03-16,9657
1762,中化生,16,9,7,富邦-苗栗,2023-03-16,9657
2201,裕隆,10,3,7,富邦-苗栗,2023-03-16,9657
9958,世紀鋼,7,0,7,富邦-苗栗,2023-03-16,9657
1101,台泥,8,2,6,富邦-苗栗,2023-03-16,9657
2337,旺宏,7,1,6,富邦-苗栗,2023-03-16,9657
00676R,富邦臺灣加權反1,200,0,200,富邦-苗栗,2023-03-17,9657
00715L,期街口布蘭特正2,45,4,41,富邦-苗栗,2023-03-17,9657
00650L,復華香港正2,40,0,40,富邦-苗栗,2023-03-17,9657
2834,臺企銀,49,11,38,富邦-苗栗,2023-03-17,9657
9904,寶成,35,0,35,富邦-苗栗,2023-03-17,9657
00713,元大台灣高息低波,31,0,31,富邦-苗栗,2023-03-17,9657
00878,國泰永續高股息,42,12,30,富邦-苗栗,2023-03-17,9657
2883,凱基金,28,0,28,富邦-苗栗,2023-03-17,9657
4979,華星光,24,0,24,富邦-苗栗,2023-03-17,9657
4960,誠美材,23,0,23,富邦-苗栗,2023-03-17,9657
1540,喬福,22,0,22,富邦-苗栗,2023-03-17,9657
00720B,元大投資級公司債,20,0,20,富邦-苗栗,2023-03-17,9657
1762,中化生,20,0,20,富邦-苗栗,2023-03-17,9657
2455,全新,20,0,20,富邦-苗栗,2023-03-17,9657
2484,希華,20,0,20,富邦-苗栗,2023-03-17,9657
1504,東元,18,0,18,富邦-苗栗,2023-03-17,9657
2027,大成鋼,20,3,17,富邦-苗栗,2023-03-17,9657
00679B,元大美債20年,17,0,17,富邦-苗栗,2023-03-17,9657
2359,所羅門,16,0,16,富邦-苗栗,2023-03-17,9657
00687B,國泰20年美債,15,0,15,富邦-苗栗,2023-03-17,9657
3231,緯創,16,2,14,富邦-苗栗,2023-03-17,9657
3624,光頡,19,5,14,富邦-苗栗,2023-03-17,9657
2615,萬海,13,0,13,富邦-苗栗,2023-03-17,9657
3576,聯合再生,15,2,13,富邦-苗栗,2023-03-17,9657
1314,中石化,12,0,12,富邦-苗栗,2023-03-17,9657
2431,聯昌,12,0,12,富邦-苗栗,2023-03-17,9657
2610,華航,13,1,12,富邦-苗栗,2023-03-17,9657
2618,長榮航,21,10,11,富邦-苗栗,2023-03-17,9657
00686R,群益臺灣加權反1,10,0,10,富邦-苗栗,2023-03-17,9657
1457,宜進,10,0,10,富邦-苗栗,2023-03-17,9657
1609,大亞,10,0,10,富邦-苗栗,2023-03-17,9657
3317,尼克森,10,0,10,富邦-苗栗,2023-03-17,9657
6179,亞通,10,0,10,富邦-苗栗,2023-03-17,9657
3532,台勝科,11,2,9,富邦-苗栗,2023-03-17,9657
00882,中信中國高股息,8,0,8,富邦-苗栗,2023-03-17,9657
2453,凌群,17,9,8,富邦-苗栗,2023-03-17,9657
00902,中信電池及儲能,7,0,7,富邦-苗栗,2023-03-17,9657
2539,櫻花建,7,0,7,富邦-苗栗,2023-03-17,9657
6244,茂迪,33,26,7,富邦-苗栗,2023-03-17,9657
5880,合庫金,7,0,7,富邦-苗栗,2023-03-17,9657
2881,富邦金,6,0,6,富邦-苗栗,2023-03-17,9657
1514,亞力,6,0,6,富邦-苗栗,2023-03-17,9657
2105,正新,6,0,6,富邦-苗栗,2023-03-17,9657
2388,威盛,19,13,6,富邦-苗栗,2023-03-17,9657
2402,毅嘉,6,0,6,富邦-苗栗,2023-03-17,9657
2471,資通,7,1,6,富邦-苗栗,2023-03-17,9657
2888,新光金,16,10,6,富邦-苗栗,2023-03-17,9657
3088,艾訊,6,0,6,富邦-苗栗,2023-03-17,9657
3673,TPK-KY,6,0,6,富邦-苗栗,2023-03-17,9657
6109,亞元,8,2,6,富邦-苗栗,2023-03-17,9657
00885,富邦越南,160,0,160,富邦-苗栗,2023-03-20,9657
2031,新光鋼,57,0,57,富邦-苗栗,2023-03-20,9657
00878,國泰永續高股息,46,5,41,富邦-苗栗,2023-03-20,9657
00650L,復華香港正2,40,0,40,富邦-苗栗,2023-03-20,9657
3058,立德,38,0,38,富邦-苗栗,2023-03-20,9657
2302,麗正,34,0,34,富邦-苗栗,2023-03-20,9657
9945,潤泰新,30,0,30,富邦-苗栗,2023-03-20,9657
2882,國泰金,28,1,27,富邦-苗栗,2023-03-20,9657
2883,凱基金,31,8,23,富邦-苗栗,2023-03-20,9657
1104,環泥,23,0,23,富邦-苗栗,2023-03-20,9657
4977,眾達-KY,25,3,22,富邦-苗栗,2023-03-20,9657
00903,富邦元宇宙,20,0,20,富邦-苗栗,2023-03-20,9657
6733,博晟生醫,21,1,20,富邦-苗栗,2023-03-20,9657
9103,美德醫療-DR,20,0,20,富邦-苗栗,2023-03-20,9657
2880,華南金,19,0,19,富邦-苗栗,2023-03-20,9657
3576,聯合再生,24,6,18,富邦-苗栗,2023-03-20,9657
6443,元晶,31,14,17,富邦-苗栗,2023-03-20,9657
3264,欣銓,17,0,17,富邦-苗栗,2023-03-20,9657
2884,玉山金,20,3,17,富邦-苗栗,2023-03-20,9657
2317,鴻海,15,2,13,富邦-苗栗,2023-03-20,9657
00772B,中信高評級公司債,12,0,12,富邦-苗栗,2023-03-20,9657
2485,兆赫,36,25,11,富邦-苗栗,2023-03-20,9657
2888,新光金,13,2,11,富邦-苗栗,2023-03-20,9657
00671R,富邦NASDAQ反1,10,0,10,富邦-苗栗,2023-03-20,9657
1709,和益,10,0,10,富邦-苗栗,2023-03-20,9657
2406,國碩,11,1,10,富邦-苗栗,2023-03-20,9657
3088,艾訊,10,0,10,富邦-苗栗,2023-03-20,9657
8069,元太,10,0,10,富邦-苗栗,2023-03-20,9657
3438,類比科,11,1,10,富邦-苗栗,2023-03-20,9657
2867,三商壽,10,1,9,富邦-苗栗,2023-03-20,9657
2303,聯電,9,1,8,富邦-苗栗,2023-03-20,9657
2881,富邦金,7,0,7,富邦-苗栗,2023-03-20,9657
3035,智原,11,4,7,富邦-苗栗,2023-03-20,9657
1605,華新,13,6,7,富邦-苗栗,2023-03-20,9657
1504,東元,10,3,7,富邦-苗栗,2023-03-20,9657
6126,信音,7,0,7,富邦-苗栗,2023-03-20,9657
6266,泰詠,10,3,7,富邦-苗栗,2023-03-20,9657
8215,明基材,7,0,7,富邦-苗栗,2023-03-20,9657
9802,鈺齊-KY,7,0,7,富邦-苗栗,2023-03-20,9657
2891,中信金,9,3,6,富邦-苗栗,2023-03-20,9657
00713,元大台灣高息低波,6,0,6,富邦-苗栗,2023-03-20,9657
6244,茂迪,36,30,6,富邦-苗栗,2023-03-20,9657
00665L,富邦�琤肭磪囓�2,6,0,6,富邦-苗栗,2023-03-20,9657
3481,群創,17,11,6,富邦-苗栗,2023-03-20,9657
5469,瀚宇博,6,0,6,富邦-苗栗,2023-03-20,9657
00655L,國泰中國A50正2,5,0,5,富邦-苗栗,2023-03-20,9657
8016,矽創,5,0,5,富邦-苗栗,2023-03-20,9657
00895,富邦未來車,5,0,5,富邦-苗栗,2023-03-20,9657
00670L,富邦NASDAQ正2,5,0,5,富邦-苗栗,2023-03-20,9657
00642U,期元大S＆P石油,5,0,5,富邦-苗栗,2023-03-20,9657
00885,富邦越南,131,0,131,富邦-苗栗,2023-03-21,9657
5512,力麒,58,0,58,富邦-苗栗,2023-03-21,9657
6191,精成科,49,1,48,富邦-苗栗,2023-03-21,9657
1316,上曜,38,0,38,富邦-苗栗,2023-03-21,9657
00882,中信中國高股息,32,1,31,富邦-苗栗,2023-03-21,9657
00903,富邦元宇宙,30,0,30,富邦-苗栗,2023-03-21,9657
6244,茂迪,85,55,30,富邦-苗栗,2023-03-21,9657
8105,凌巨,30,1,29,富邦-苗栗,2023-03-21,9657
2634,漢翔,25,2,23,富邦-苗栗,2023-03-21,9657
00878,國泰永續高股息,21,1,20,富邦-苗栗,2023-03-21,9657
8358,金居,21,1,20,富邦-苗栗,2023-03-21,9657
2884,玉山金,21,1,20,富邦-苗栗,2023-03-21,9657
2609,陽明,24,5,19,富邦-苗栗,2023-03-21,9657
2329,華泰,18,0,18,富邦-苗栗,2023-03-21,9657
2427,三商電,19,1,18,富邦-苗栗,2023-03-21,9657
6443,元晶,26,8,18,富邦-苗栗,2023-03-21,9657
2891,中信金,18,1,17,富邦-苗栗,2023-03-21,9657
4977,眾達-KY,17,0,17,富邦-苗栗,2023-03-21,9657
4726,永昕,15,0,15,富邦-苗栗,2023-03-21,9657
2338,光罩,18,3,15,富邦-苗栗,2023-03-21,9657
3545,敦泰,38,25,13,富邦-苗栗,2023-03-21,9657
00900,富邦特選高股息30,13,0,13,富邦-苗栗,2023-03-21,9657
00632R,元大台灣50反1,11,0,11,富邦-苗栗,2023-03-21,9657
1605,華新,13,2,11,富邦-苗栗,2023-03-21,9657
6666,羅麗芬-KY,11,0,11,富邦-苗栗,2023-03-21,9657
00683L,期元大美元指正2,10,0,10,富邦-苗栗,2023-03-21,9657
2913,農林,10,0,10,富邦-苗栗,2023-03-21,9657
5474,聰泰,10,0,10,富邦-苗栗,2023-03-21,9657
2603,長榮,10,1,9,富邦-苗栗,2023-03-21,9657
1513,中興電,13,4,9,富邦-苗栗,2023-03-21,9657
4943,康控-KY,9,0,9,富邦-苗栗,2023-03-21,9657
6282,康舒,10,1,9,富邦-苗栗,2023-03-21,9657
8050,廣積,10,1,9,富邦-苗栗,2023-03-21,9657
9802,鈺齊-KY,11,2,9,富邦-苗栗,2023-03-21,9657
3290,東浦,9,0,9,富邦-苗栗,2023-03-21,9657
2409,友達,18,10,8,富邦-苗栗,2023-03-21,9657
00902,中信電池及儲能,8,0,8,富邦-苗栗,2023-03-21,9657
4934,太極,14,6,8,富邦-苗栗,2023-03-21,9657
9945,潤泰新,12,5,7,富邦-苗栗,2023-03-21,9657
2883,凱基金,15,8,7,富邦-苗栗,2023-03-21,9657
4190,佐登-KY,8,1,7,富邦-苗栗,2023-03-21,9657
6733,博晟生醫,7,0,7,富邦-苗栗,2023-03-21,9657
6231,系微,6,0,6,富邦-苗栗,2023-03-21,9657
00665L,富邦�琤肭磪囓�2,6,0,6,富邦-苗栗,2023-03-21,9657
00712,復華富時不動產,6,0,6,富邦-苗栗,2023-03-21,9657
1584,精剛,16,10,6,富邦-苗栗,2023-03-21,9657
2618,長榮航,7,1,6,富邦-苗栗,2023-03-21,9657
2855,統一證,6,0,6,富邦-苗栗,2023-03-21,9657
3027,盛達,10,4,6,富邦-苗栗,2023-03-21,9657
5469,瀚宇博,11,5,6,富邦-苗栗,2023-03-21,9657
00632R,元大台灣50反1,440,0,440,富邦-苗栗,2023-03-22,9657
00676R,富邦臺灣加權反1,315,90,225,富邦-苗栗,2023-03-22,9657
2834,臺企銀,181,2,179,富邦-苗栗,2023-03-22,9657
3481,群創,129,18,111,富邦-苗栗,2023-03-22,9657
2442,新美齊,63,0,63,富邦-苗栗,2023-03-22,9657
6733,博晟生醫,55,1,54,富邦-苗栗,2023-03-22,9657
2913,農林,41,0,41,富邦-苗栗,2023-03-22,9657
8261,富鼎,40,0,40,富邦-苗栗,2023-03-22,9657
1108,幸福,35,0,35,富邦-苗栗,2023-03-22,9657
8016,矽創,30,1,29,富邦-苗栗,2023-03-22,9657
2457,飛宏,30,5,25,富邦-苗栗,2023-03-22,9657
4960,誠美材,27,4,23,富邦-苗栗,2023-03-22,9657
3516,亞帝歐,20,0,20,富邦-苗栗,2023-03-22,9657
4979,華星光,20,0,20,富邦-苗栗,2023-03-22,9657
1529,樂事綠能,25,7,18,富邦-苗栗,2023-03-22,9657
1304,台聚,18,1,17,富邦-苗栗,2023-03-22,9657
1603,華電,17,0,17,富邦-苗栗,2023-03-22,9657
4906,正文,17,0,17,富邦-苗栗,2023-03-22,9657
2486,一詮,18,2,16,富邦-苗栗,2023-03-22,9657
4155,訊映,16,0,16,富邦-苗栗,2023-03-22,9657
5211,蒙恬,20,4,16,富邦-苗栗,2023-03-22,9657
2883,凱基金,21,6,15,富邦-苗栗,2023-03-22,9657
00679B,元大美債20年,14,0,14,富邦-苗栗,2023-03-22,9657
2302,麗正,18,4,14,富邦-苗栗,2023-03-22,9657
9914,美利達,13,0,13,富邦-苗栗,2023-03-22,9657
3715,定穎投控,12,0,12,富邦-苗栗,2023-03-22,9657
2453,凌群,18,7,11,富邦-苗栗,2023-03-22,9657
4953,緯軟,10,0,10,富邦-苗栗,2023-03-22,9657
00882,中信中國高股息,10,0,10,富邦-苗栗,2023-03-22,9657
3011,今皓,10,0,10,富邦-苗栗,2023-03-22,9657
4114,健喬,12,2,10,富邦-苗栗,2023-03-22,9657
4927,泰鼎-KY,10,0,10,富邦-苗栗,2023-03-22,9657
1605,華新,17,8,9,富邦-苗栗,2023-03-22,9657
2337,旺宏,9,0,9,富邦-苗栗,2023-03-22,9657
2409,友達,13,4,9,富邦-苗栗,2023-03-22,9657
5706,鳳凰,10,1,9,富邦-苗栗,2023-03-22,9657
2357,華碩,9,0,9,富邦-苗栗,2023-03-22,9657
2436,偉詮電,10,2,8,富邦-苗栗,2023-03-22,9657
6129,普誠,10,2,8,富邦-苗栗,2023-03-22,9657
8105,凌巨,8,0,8,富邦-苗栗,2023-03-22,9657
8938,明安,8,0,8,富邦-苗栗,2023-03-22,9657
00683L,期元大美元指正2,7,0,7,富邦-苗栗,2023-03-22,9657
2031,新光鋼,24,17,7,富邦-苗栗,2023-03-22,9657
3038,全台,7,0,7,富邦-苗栗,2023-03-22,9657
3047,訊舟,7,0,7,富邦-苗栗,2023-03-22,9657
3545,敦泰,9,2,7,富邦-苗栗,2023-03-22,9657
2881,富邦金,11,4,7,富邦-苗栗,2023-03-22,9657
2890,永豐金,8,1,7,富邦-苗栗,2023-03-22,9657
2605,新興,17,11,6,富邦-苗栗,2023-03-22,9657
4746,台耀,6,0,6,富邦-苗栗,2023-03-22,9657
00715L,期街口布蘭特正2,150,40,110,富邦-苗栗,2023-03-23,9657
1603,華電,93,8,85,富邦-苗栗,2023-03-23,9657
2027,大成鋼,80,1,79,富邦-苗栗,2023-03-23,9657
3050,鈺德,43,0,43,富邦-苗栗,2023-03-23,9657
00907,永豐優息存股,30,0,30,富邦-苗栗,2023-03-23,9657
0056,元大高股息,26,0,26,富邦-苗栗,2023-03-23,9657
5488,松普,34,10,24,富邦-苗栗,2023-03-23,9657
00676R,富邦臺灣加權反1,122,100,22,富邦-苗栗,2023-03-23,9657
2881,富邦金,21,0,21,富邦-苗栗,2023-03-23,9657
6241,易通展,21,0,21,富邦-苗栗,2023-03-23,9657
3419,譁裕,45,25,20,富邦-苗栗,2023-03-23,9657
1409,新纖,15,0,15,富邦-苗栗,2023-03-23,9657
2610,華航,19,5,14,富邦-苗栗,2023-03-23,9657
6148,驊宏資,16,2,14,富邦-苗栗,2023-03-23,9657
3483,力致,13,0,13,富邦-苗栗,2023-03-23,9657
2609,陽明,18,6,12,富邦-苗栗,2023-03-23,9657
00683L,期元大美元指正2,12,0,12,富邦-苗栗,2023-03-23,9657
00882,中信中國高股息,11,0,11,富邦-苗栗,2023-03-23,9657
00642U,期元大S＆P石油,11,0,11,富邦-苗栗,2023-03-23,9657
3081,聯亞,12,1,11,富邦-苗栗,2023-03-23,9657
3481,群創,23,13,10,富邦-苗栗,2023-03-23,9657
00673R,期元大S＆P原油反1,10,0,10,富邦-苗栗,2023-03-23,9657
00637L,元大滬深300正2,10,0,10,富邦-苗栗,2023-03-23,9657
00725B,國泰投資級公司債,10,0,10,富邦-苗栗,2023-03-23,9657
2915,潤泰全,10,0,10,富邦-苗栗,2023-03-23,9657
8215,明基材,10,0,10,富邦-苗栗,2023-03-23,9657
00679B,元大美債20年,10,1,9,富邦-苗栗,2023-03-23,9657
3035,智原,15,6,9,富邦-苗栗,2023-03-23,9657
5425,台半,14,6,8,富邦-苗栗,2023-03-23,9657
00772B,中信高評級公司債,8,0,8,富邦-苗栗,2023-03-23,9657
1762,中化生,9,1,8,富邦-苗栗,2023-03-23,9657
2603,長榮,9,2,7,富邦-苗栗,2023-03-23,9657
2303,聯電,11,4,7,富邦-苗栗,2023-03-23,9657
8289,泰藝,9,2,7,富邦-苗栗,2023-03-23,9657
6443,元晶,10,4,6,富邦-苗栗,2023-03-23,9657
1402,遠東新,6,0,6,富邦-苗栗,2023-03-23,9657
00923,群益台ESG低碳50,5,0,5,富邦-苗栗,2023-03-23,9657
00632R,元大台灣50反1,60,55,5,富邦-苗栗,2023-03-23,9657
1217,愛之味,5,0,5,富邦-苗栗,2023-03-23,9657
1612,宏泰,5,0,5,富邦-苗栗,2023-03-23,9657
2206,三陽工業,5,0,5,富邦-苗栗,2023-03-23,9657
2606,裕民,8,3,5,富邦-苗栗,2023-03-23,9657
3047,訊舟,5,0,5,富邦-苗栗,2023-03-23,9657
3048,益登,5,0,5,富邦-苗栗,2023-03-23,9657
3162,精確,6,1,5,富邦-苗栗,2023-03-23,9657
3231,緯創,27,22,5,富邦-苗栗,2023-03-23,9657
3516,亞帝歐,5,0,5,富邦-苗栗,2023-03-23,9657
4747,強生,5,0,5,富邦-苗栗,2023-03-23,9657
5009,榮剛,11,6,5,富邦-苗栗,2023-03-23,9657
6266,泰詠,10,5,5,富邦-苗栗,2023-03-23,9657
00907,永豐優息存股,120,0,120,富邦-苗栗,2023-03-24,9657
2392,正崴,36,0,36,富邦-苗栗,2023-03-24,9657
4726,永昕,35,1,34,富邦-苗栗,2023-03-24,9657
6443,元晶,36,2,34,富邦-苗栗,2023-03-24,9657
00715L,期街口布蘭特正2,30,0,30,富邦-苗栗,2023-03-24,9657
6142,友勁,35,5,30,富邦-苗栗,2023-03-24,9657
3025,星通,30,2,28,富邦-苗栗,2023-03-24,9657
1304,台聚,24,0,24,富邦-苗栗,2023-03-24,9657
6191,精成科,23,0,23,富邦-苗栗,2023-03-24,9657
3058,立德,22,0,22,富邦-苗栗,2023-03-24,9657
2027,大成鋼,21,0,21,富邦-苗栗,2023-03-24,9657
00637L,元大滬深300正2,20,0,20,富邦-苗栗,2023-03-24,9657
1402,遠東新,21,1,20,富邦-苗栗,2023-03-24,9657
6668,中揚光,21,2,19,富邦-苗栗,2023-03-24,9657
2365,昆盈,15,0,15,富邦-苗栗,2023-03-24,9657
4114,健喬,14,0,14,富邦-苗栗,2023-03-24,9657
5211,蒙恬,13,0,13,富邦-苗栗,2023-03-24,9657
1504,東元,51,39,12,富邦-苗栗,2023-03-24,9657
2201,裕隆,17,5,12,富邦-苗栗,2023-03-24,9657
2891,中信金,12,1,11,富邦-苗栗,2023-03-24,9657
2609,陽明,16,5,11,富邦-苗栗,2023-03-24,9657
3027,盛達,11,0,11,富邦-苗栗,2023-03-24,9657
2006,東和鋼鐵,10,0,10,富邦-苗栗,2023-03-24,9657
00902,中信電池及儲能,10,0,10,富邦-苗栗,2023-03-24,9657
1709,和益,10,0,10,富邦-苗栗,2023-03-24,9657
1905,華紙,10,0,10,富邦-苗栗,2023-03-24,9657
3455,由田,10,0,10,富邦-苗栗,2023-03-24,9657
5381,合正,10,0,10,富邦-苗栗,2023-03-24,9657
8049,晶采,10,0,10,富邦-苗栗,2023-03-24,9657
2610,華航,17,8,9,富邦-苗栗,2023-03-24,9657
3045,台灣大,9,0,9,富邦-苗栗,2023-03-24,9657
8271,宇瞻,9,0,9,富邦-苗栗,2023-03-24,9657
2388,威盛,12,5,7,富邦-苗栗,2023-03-24,9657
2002,中鋼,8,1,7,富邦-苗栗,2023-03-24,9657
2890,永豐金,7,0,7,富邦-苗栗,2023-03-24,9657
3294,英濟,8,2,6,富邦-苗栗,2023-03-24,9657
6531,愛普*,17,11,6,富邦-苗栗,2023-03-24,9657
8024,佑華,15,9,6,富邦-苗栗,2023-03-24,9657
8234,新漢,6,0,6,富邦-苗栗,2023-03-24,9657
6274,台燿,6,0,6,富邦-苗栗,2023-03-24,9657
00717,富邦美國特別股,5,0,5,富邦-苗栗,2023-03-24,9657
1309,台達化,5,0,5,富邦-苗栗,2023-03-24,9657
2431,聯昌,5,0,5,富邦-苗栗,2023-03-24,9657
9802,鈺齊-KY,8,3,5,富邦-苗栗,2023-03-24,9657
00712,復華富時不動產,5,0,5,富邦-苗栗,2023-03-24,9657
9939,宏全,5,0,5,富邦-苗栗,2023-03-24,9657
1605,華新,29,25,4,富邦-苗栗,2023-03-24,9657
0050,元大台灣50,8,4,4,富邦-苗栗,2023-03-24,9657
8222,寶一,8,4,4,富邦-苗栗,2023-03-24,9657
1513,中興電,8,4,4,富邦-苗栗,2023-03-24,9657
2344,華邦電,262,1,261,富邦-苗栗,2023-03-27,9657
00632R,元大台灣50反1,240,4,236,富邦-苗栗,2023-03-27,9657
2427,三商電,114,0,114,富邦-苗栗,2023-03-27,9657
1603,華電,80,0,80,富邦-苗栗,2023-03-27,9657
1416,廣豐,65,0,65,富邦-苗栗,2023-03-27,9657
00922,國泰台灣領袖50,36,0,36,富邦-苗栗,2023-03-27,9657
3058,立德,34,0,34,富邦-苗栗,2023-03-27,9657
2228,劍麟,30,0,30,富邦-苗栗,2023-03-27,9657
1605,華新,24,1,23,富邦-苗栗,2023-03-27,9657
00882,中信中國高股息,28,5,23,富邦-苗栗,2023-03-27,9657
4157,太景*-KY,20,0,20,富邦-苗栗,2023-03-27,9657
8121,越峰,22,2,20,富邦-苗栗,2023-03-27,9657
3059,華晶科,20,0,20,富邦-苗栗,2023-03-27,9657
1504,東元,33,14,19,富邦-苗栗,2023-03-27,9657
00878,國泰永續高股息,24,6,18,富邦-苗栗,2023-03-27,9657
0056,元大高股息,16,0,16,富邦-苗栗,2023-03-27,9657
3047,訊舟,22,6,16,富邦-苗栗,2023-03-27,9657
2317,鴻海,16,2,14,富邦-苗栗,2023-03-27,9657
2453,凌群,27,13,14,富邦-苗栗,2023-03-27,9657
2603,長榮,18,5,13,富邦-苗栗,2023-03-27,9657
2354,鴻準,13,0,13,富邦-苗栗,2023-03-27,9657
2340,台亞,15,3,12,富邦-苗栗,2023-03-27,9657
5388,中磊,20,8,12,富邦-苗栗,2023-03-27,9657
6244,茂迪,29,17,12,富邦-苗栗,2023-03-27,9657
6191,精成科,12,1,11,富邦-苗栗,2023-03-27,9657
00713,元大台灣高息低波,14,3,11,富邦-苗栗,2023-03-27,9657
2353,宏��,11,0,11,富邦-苗栗,2023-03-27,9657
00923,群益台ESG低碳50,11,0,11,富邦-苗栗,2023-03-27,9657
2014,中鴻,11,0,11,富邦-苗栗,2023-03-27,9657
3552,同致,12,1,11,富邦-苗栗,2023-03-27,9657
3006,晶豪科,11,1,10,富邦-苗栗,2023-03-27,9657
00902,中信電池及儲能,10,0,10,富邦-苗栗,2023-03-27,9657
2302,麗正,10,0,10,富邦-苗栗,2023-03-27,9657
3483,力致,10,0,10,富邦-苗栗,2023-03-27,9657
3686,達能,10,0,10,富邦-苗栗,2023-03-27,9657
2376,技嘉,10,1,9,富邦-苗栗,2023-03-27,9657
2402,毅嘉,10,1,9,富邦-苗栗,2023-03-27,9657
6443,元晶,11,2,9,富邦-苗栗,2023-03-27,9657
2006,東和鋼鐵,8,0,8,富邦-苗栗,2023-03-27,9657
2455,全新,10,2,8,富邦-苗栗,2023-03-27,9657
3466,德晉,8,0,8,富邦-苗栗,2023-03-27,9657
2609,陽明,9,2,7,富邦-苗栗,2023-03-27,9657
2457,飛宏,16,9,7,富邦-苗栗,2023-03-27,9657
4927,泰鼎-KY,7,0,7,富邦-苗栗,2023-03-27,9657
5425,台半,9,2,7,富邦-苗栗,2023-03-27,9657
6290,良維,19,12,7,富邦-苗栗,2023-03-27,9657
2449,京元電子,9,2,7,富邦-苗栗,2023-03-27,9657
00665L,富邦�琤肭磪囓�2,6,0,6,富邦-苗栗,2023-03-27,9657
2392,正崴,6,0,6,富邦-苗栗,2023-03-27,9657
2461,光群雷,6,0,6,富邦-苗栗,2023-03-27,9657
3047,訊舟,94,7,87,富邦-苗栗,2023-03-28,9657
6142,友勁,85,0,85,富邦-苗栗,2023-03-28,9657
2405,輔信,66,2,64,富邦-苗栗,2023-03-28,9657
0056,元大高股息,62,7,55,富邦-苗栗,2023-03-28,9657
2486,一詮,50,5,45,富邦-苗栗,2023-03-28,9657
00679B,元大美債20年,32,0,32,富邦-苗栗,2023-03-28,9657
6128,上福,33,2,31,富邦-苗栗,2023-03-28,9657
00671R,富邦NASDAQ反1,30,0,30,富邦-苗栗,2023-03-28,9657
1603,華電,30,0,30,富邦-苗栗,2023-03-28,9657
2605,新興,31,1,30,富邦-苗栗,2023-03-28,9657
9105,泰金寶-DR,30,0,30,富邦-苗栗,2023-03-28,9657
6733,博晟生醫,26,0,26,富邦-苗栗,2023-03-28,9657
3059,華晶科,20,0,20,富邦-苗栗,2023-03-28,9657
00632R,元大台灣50反1,15,1,14,富邦-苗栗,2023-03-28,9657
5353,台林,19,5,14,富邦-苗栗,2023-03-28,9657
00712,復華富時不動產,13,0,13,富邦-苗栗,2023-03-28,9657
00882,中信中國高股息,13,0,13,富邦-苗栗,2023-03-28,9657
3037,欣興,19,6,13,富邦-苗栗,2023-03-28,9657
00772B,中信高評級公司債,13,0,13,富邦-苗栗,2023-03-28,9657
2340,台亞,15,2,13,富邦-苗栗,2023-03-28,9657
00713,元大台灣高息低波,13,0,13,富邦-苗栗,2023-03-28,9657
2498,宏達電,39,28,11,富邦-苗栗,2023-03-28,9657
2634,漢翔,15,4,11,富邦-苗栗,2023-03-28,9657
3035,智原,65,54,11,富邦-苗栗,2023-03-28,9657
4977,眾達-KY,15,4,11,富邦-苗栗,2023-03-28,9657
00680L,元大美債20正2,10,0,10,富邦-苗栗,2023-03-28,9657
2228,劍麟,10,0,10,富邦-苗栗,2023-03-28,9657
3027,盛達,11,1,10,富邦-苗栗,2023-03-28,9657
4564,元翎,10,0,10,富邦-苗栗,2023-03-28,9657
3169,亞信,10,1,9,富邦-苗栗,2023-03-28,9657
2915,潤泰全,9,0,9,富邦-苗栗,2023-03-28,9657
4934,太極,9,0,9,富邦-苗栗,2023-03-28,9657
5251,天鉞電,9,0,9,富邦-苗栗,2023-03-28,9657
6226,光鼎,13,4,9,富邦-苗栗,2023-03-28,9657
2409,友達,10,2,8,富邦-苗栗,2023-03-28,9657
2337,旺宏,10,2,8,富邦-苗栗,2023-03-28,9657
6116,彩晶,8,0,8,富邦-苗栗,2023-03-28,9657
6129,普誠,8,0,8,富邦-苗栗,2023-03-28,9657
2453,凌群,18,11,7,富邦-苗栗,2023-03-28,9657
6695,芯鼎,7,0,7,富邦-苗栗,2023-03-28,9657
2609,陽明,8,2,6,富邦-苗栗,2023-03-28,9657
5225,東科-KY,6,0,6,富邦-苗栗,2023-03-28,9657
3466,德晉,6,0,6,富邦-苗栗,2023-03-28,9657
5425,台半,11,5,6,富邦-苗栗,2023-03-28,9657
6168,宏齊,13,7,6,富邦-苗栗,2023-03-28,9657
6266,泰詠,6,0,6,富邦-苗栗,2023-03-28,9657
6285,啟��,13,7,6,富邦-苗栗,2023-03-28,9657
6288,聯嘉,6,0,6,富邦-苗栗,2023-03-28,9657
6606,建德工業,7,1,6,富邦-苗栗,2023-03-28,9657
2603,長榮,7,2,5,富邦-苗栗,2023-03-28,9657
00632R,元大台灣50反1,243,25,218,富邦-苗栗,2023-03-29,9657
2027,大成鋼,61,0,61,富邦-苗栗,2023-03-29,9657
3499,環天科,45,0,45,富邦-苗栗,2023-03-29,9657
00650L,復華香港正2,40,0,40,富邦-苗栗,2023-03-29,9657
00679B,元大美債20年,32,1,31,富邦-苗栗,2023-03-29,9657
00688L,國泰20年美債正2,30,0,30,富邦-苗栗,2023-03-29,9657
3645,達邁,30,0,30,富邦-苗栗,2023-03-29,9657
8121,越峰,32,2,30,富邦-苗栗,2023-03-29,9657
6220,岳豐,20,0,20,富邦-苗栗,2023-03-29,9657
6274,台燿,18,0,18,富邦-苗栗,2023-03-29,9657
8261,富鼎,16,0,16,富邦-苗栗,2023-03-29,9657
2108,南帝,15,0,15,富邦-苗栗,2023-03-29,9657
2462,良得電,15,0,15,富邦-苗栗,2023-03-29,9657
00882,中信中國高股息,14,0,14,富邦-苗栗,2023-03-29,9657
1609,大亞,16,3,13,富邦-苗栗,2023-03-29,9657
00673R,期元大S＆P原油反1,12,0,12,富邦-苗栗,2023-03-29,9657
4967,十銓,16,4,12,富邦-苗栗,2023-03-29,9657
6152,百一,12,0,12,富邦-苗栗,2023-03-29,9657
00713,元大台灣高息低波,11,0,11,富邦-苗栗,2023-03-29,9657
1802,台玻,11,0,11,富邦-苗栗,2023-03-29,9657
4906,正文,11,0,11,富邦-苗栗,2023-03-29,9657
00894,中信小資高價30,10,0,10,富邦-苗栗,2023-03-29,9657
1467,南緯,10,0,10,富邦-苗栗,2023-03-29,9657
2023,燁輝,10,0,10,富邦-苗栗,2023-03-29,9657
2427,三商電,10,0,10,富邦-苗栗,2023-03-29,9657
3105,穩懋,12,2,10,富邦-苗栗,2023-03-29,9657
6126,信音,10,0,10,富邦-苗栗,2023-03-29,9657
8024,佑華,10,0,10,富邦-苗栗,2023-03-29,9657
2388,威盛,13,4,9,富邦-苗栗,2023-03-29,9657
00680L,元大美債20正2,9,0,9,富邦-苗栗,2023-03-29,9657
1504,東元,22,13,9,富邦-苗栗,2023-03-29,9657
5243,乙盛-KY,16,7,9,富邦-苗栗,2023-03-29,9657
5425,台半,15,6,9,富邦-苗栗,2023-03-29,9657
2609,陽明,9,1,8,富邦-苗栗,2023-03-29,9657
2498,宏達電,10,2,8,富邦-苗栗,2023-03-29,9657
3481,群創,11,3,8,富邦-苗栗,2023-03-29,9657
8938,明安,8,0,8,富邦-苗栗,2023-03-29,9657
00720B,元大投資級公司債,8,0,8,富邦-苗栗,2023-03-29,9657
1708,東鹼,7,0,7,富邦-苗栗,2023-03-29,9657
3661,世芯-KY,8,1,7,富邦-苗栗,2023-03-29,9657
8289,泰藝,7,0,7,富邦-苗栗,2023-03-29,9657
00772B,中信高評級公司債,8,2,6,富邦-苗栗,2023-03-29,9657
5263,智崴,6,0,6,富邦-苗栗,2023-03-29,9657
2408,南亞科,6,0,6,富邦-苗栗,2023-03-29,9657
2812,台中銀,6,0,6,富邦-苗栗,2023-03-29,9657
4919,新唐,7,1,6,富邦-苗栗,2023-03-29,9657
4943,康控-KY,6,0,6,富邦-苗栗,2023-03-29,9657
2482,連宇,5,0,5,富邦-苗栗,2023-03-29,9657
2484,希華,5,0,5,富邦-苗栗,2023-03-29,9657
6142,友勁,5,0,5,富邦-苗栗,2023-03-29,9657
6134,萬旭,58,12,46,富邦-苗栗,2023-03-30,9657
1603,華電,40,12,28,富邦-苗栗,2023-03-30,9657
6109,亞元,28,0,28,富邦-苗栗,2023-03-30,9657
1762,中化生,29,5,24,富邦-苗栗,2023-03-30,9657
6840,東研信超,20,0,20,富邦-苗栗,2023-03-30,9657
2027,大成鋼,17,0,17,富邦-苗栗,2023-03-30,9657
5211,蒙恬,19,3,16,富邦-苗栗,2023-03-30,9657
1109,信大,15,0,15,富邦-苗栗,2023-03-30,9657
2006,東和鋼鐵,21,7,14,富邦-苗栗,2023-03-30,9657
1504,東元,21,7,14,富邦-苗栗,2023-03-30,9657
2889,國票金,13,0,13,富邦-苗栗,2023-03-30,9657
00712,復華富時不動產,13,0,13,富邦-苗栗,2023-03-30,9657
6244,茂迪,22,9,13,富邦-苗栗,2023-03-30,9657
1609,大亞,16,5,11,富邦-苗栗,2023-03-30,9657
4977,眾達-KY,29,18,11,富邦-苗栗,2023-03-30,9657
8931,大汽電,18,7,11,富邦-苗栗,2023-03-30,9657
1304,台聚,10,0,10,富邦-苗栗,2023-03-30,9657
00898,國泰基因免疫革命,10,0,10,富邦-苗栗,2023-03-30,9657
00905,FT臺灣Smart,10,0,10,富邦-苗栗,2023-03-30,9657
00673R,期元大S＆P原油反1,20,10,10,富邦-苗栗,2023-03-30,9657
00671R,富邦NASDAQ反1,10,0,10,富邦-苗栗,2023-03-30,9657
3499,環天科,10,0,10,富邦-苗栗,2023-03-30,9657
6753,龍德造船,10,0,10,富邦-苗栗,2023-03-30,9657
1531,高林股,9,0,9,富邦-苗栗,2023-03-30,9657
00679B,元大美債20年,12,3,9,富邦-苗栗,2023-03-30,9657
2376,技嘉,11,3,8,富邦-苗栗,2023-03-30,9657
3035,智原,23,15,8,富邦-苗栗,2023-03-30,9657
6126,信音,8,0,8,富邦-苗栗,2023-03-30,9657
8088,品安,10,2,8,富邦-苗栗,2023-03-30,9657
1464,得力,7,0,7,富邦-苗栗,2023-03-30,9657
2302,麗正,8,1,7,富邦-苗栗,2023-03-30,9657
2332,友訊,7,0,7,富邦-苗栗,2023-03-30,9657
6770,力積電,7,0,7,富邦-苗栗,2023-03-30,9657
2645,長榮航太,7,0,7,富邦-苗栗,2023-03-30,9657
00882,中信中國高股息,6,0,6,富邦-苗栗,2023-03-30,9657
2610,華航,8,2,6,富邦-苗栗,2023-03-30,9657
2534,宏盛,6,0,6,富邦-苗栗,2023-03-30,9657
6438,迅得,6,0,6,富邦-苗栗,2023-03-30,9657
2748,雲品,5,0,5,富邦-苗栗,2023-03-30,9657
00637L,元大滬深300正2,5,0,5,富邦-苗栗,2023-03-30,9657
00888,永豐台灣ESG,5,0,5,富邦-苗栗,2023-03-30,9657
1560,中砂,5,0,5,富邦-苗栗,2023-03-30,9657
3481,群創,6,1,5,富邦-苗栗,2023-03-30,9657
3715,定穎投控,7,2,5,富邦-苗栗,2023-03-30,9657
6207,雷科,5,0,5,富邦-苗栗,2023-03-30,9657
2359,所羅門,15,11,4,富邦-苗栗,2023-03-30,9657
2618,長榮航,4,0,4,富邦-苗栗,2023-03-30,9657
1324,地球,4,0,4,富邦-苗栗,2023-03-30,9657
2453,凌群,6,2,4,富邦-苗栗,2023-03-30,9657
2634,漢翔,5,1,4,富邦-苗栗,2023-03-30,9657
00632R,元大台灣50反1,244,2,242,富邦-苗栗,2023-03-31,9657
00882,中信中國高股息,56,0,56,富邦-苗栗,2023-03-31,9657
8088,品安,59,3,56,富邦-苗栗,2023-03-31,9657
00637L,元大滬深300正2,37,1,36,富邦-苗栗,2023-03-31,9657
00673R,期元大S＆P原油反1,35,0,35,富邦-苗栗,2023-03-31,9657
2427,三商電,32,0,32,富邦-苗栗,2023-03-31,9657
1304,台聚,30,1,29,富邦-苗栗,2023-03-31,9657
2399,映泰,25,0,25,富邦-苗栗,2023-03-31,9657
6753,龍德造船,26,4,22,富邦-苗栗,2023-03-31,9657
1733,五鼎,20,0,20,富邦-苗栗,2023-03-31,9657
1762,中化生,20,0,20,富邦-苗栗,2023-03-31,9657
6488,環球晶,20,0,20,富邦-苗栗,2023-03-31,9657
00720B,元大投資級公司債,15,0,15,富邦-苗栗,2023-03-31,9657
1710,東聯,15,0,15,富邦-苗栗,2023-03-31,9657
1609,大亞,13,0,13,富邦-苗栗,2023-03-31,9657
1708,東鹼,14,1,13,富邦-苗栗,2023-03-31,9657
5222,全訊,12,0,12,富邦-苗栗,2023-03-31,9657
00923,群益台ESG低碳50,10,0,10,富邦-苗栗,2023-03-31,9657
1603,華電,10,0,10,富邦-苗栗,2023-03-31,9657
2915,潤泰全,11,1,10,富邦-苗栗,2023-03-31,9657
6441,廣錠,10,0,10,富邦-苗栗,2023-03-31,9657
2889,國票金,9,0,9,富邦-苗栗,2023-03-31,9657
1513,中興電,10,1,9,富邦-苗栗,2023-03-31,9657
2906,高林,9,0,9,富邦-苗栗,2023-03-31,9657
8050,廣積,9,1,8,富邦-苗栗,2023-03-31,9657
5388,中磊,9,1,8,富邦-苗栗,2023-03-31,9657
6770,力積電,8,0,8,富邦-苗栗,2023-03-31,9657
3006,晶豪科,21,13,8,富邦-苗栗,2023-03-31,9657
00712,復華富時不動產,7,0,7,富邦-苗栗,2023-03-31,9657
2105,正新,7,0,7,富邦-苗栗,2023-03-31,9657
2392,正崴,6,0,6,富邦-苗栗,2023-03-31,9657
2354,鴻準,6,0,6,富邦-苗栗,2023-03-31,9657
2603,長榮,8,2,6,富邦-苗栗,2023-03-31,9657
6163,華電網,9,3,6,富邦-苗栗,2023-03-31,9657
6279,胡連,7,1,6,富邦-苗栗,2023-03-31,9657
6285,啟��,7,1,6,富邦-苗栗,2023-03-31,9657
8046,南電,7,1,6,富邦-苗栗,2023-03-31,9657
4743,合一,5,0,5,富邦-苗栗,2023-03-31,9657
2317,鴻海,6,1,5,富邦-苗栗,2023-03-31,9657
00715L,期街口布蘭特正2,16,11,5,富邦-苗栗,2023-03-31,9657
00877,復華中國5G,5,0,5,富邦-苗栗,2023-03-31,9657
00671R,富邦NASDAQ反1,5,0,5,富邦-苗栗,2023-03-31,9657
1432,大魯閣,5,0,5,富邦-苗栗,2023-03-31,9657
1795,美時,7,2,5,富邦-苗栗,2023-03-31,9657
2465,麗臺,5,0,5,富邦-苗栗,2023-03-31,9657
3025,星通,5,0,5,富邦-苗栗,2023-03-31,9657
3071,協禧,5,0,5,富邦-苗栗,2023-03-31,9657
3338,泰碩,5,0,5,富邦-苗栗,2023-03-31,9657
6024,群益期,5,0,5,富邦-苗栗,2023-03-31,9657
6138,茂達,5,0,5,富邦-苗栗,2023-03-31,9657
00679B,元大美債20年,101,13,88,富邦-苗栗,2023-04-06,9657
4906,正文,80,9,71,富邦-苗栗,2023-04-06,9657
6235,華孚,83,12,71,富邦-苗栗,2023-04-06,9657
2303,聯電,66,0,66,富邦-苗栗,2023-04-06,9657
1314,中石化,52,0,52,富邦-苗栗,2023-04-06,9657
00673R,期元大S＆P原油反1,63,13,50,富邦-苗栗,2023-04-06,9657
6163,華電網,39,7,32,富邦-苗栗,2023-04-06,9657
6770,力積電,29,2,27,富邦-苗栗,2023-04-06,9657
00922,國泰台灣領袖50,25,0,25,富邦-苗栗,2023-04-06,9657
3178,公準,25,0,25,富邦-苗栗,2023-04-06,9657
2344,華邦電,28,5,23,富邦-苗栗,2023-04-06,9657
2338,光罩,21,1,20,富邦-苗栗,2023-04-06,9657
00902,中信電池及儲能,18,0,18,富邦-苗栗,2023-04-06,9657
6274,台燿,18,0,18,富邦-苗栗,2023-04-06,9657
2618,長榮航,16,0,16,富邦-苗栗,2023-04-06,9657
6109,亞元,16,0,16,富邦-苗栗,2023-04-06,9657
2313,華通,15,0,15,富邦-苗栗,2023-04-06,9657
8069,元太,19,6,13,富邦-苗栗,2023-04-06,9657
00882,中信中國高股息,13,0,13,富邦-苗栗,2023-04-06,9657
1714,和桐,13,0,13,富邦-苗栗,2023-04-06,9657
00900,富邦特選高股息30,12,0,12,富邦-苗栗,2023-04-06,9657
00642U,期元大S＆P石油,22,10,12,富邦-苗栗,2023-04-06,9657
00888,永豐台灣ESG,12,0,12,富邦-苗栗,2023-04-06,9657
6139,亞翔,13,1,12,富邦-苗栗,2023-04-06,9657
00830,國泰費城半導體,11,0,11,富邦-苗栗,2023-04-06,9657
3056,富華新,16,5,11,富邦-苗栗,2023-04-06,9657
2609,陽明,25,15,10,富邦-苗栗,2023-04-06,9657
1612,宏泰,10,0,10,富邦-苗栗,2023-04-06,9657
2228,劍麟,10,0,10,富邦-苗栗,2023-04-06,9657
2402,毅嘉,11,1,10,富邦-苗栗,2023-04-06,9657
2641,正德,10,0,10,富邦-苗栗,2023-04-06,9657
2886,兆豐金,10,0,10,富邦-苗栗,2023-04-06,9657
3312,弘憶股,10,0,10,富邦-苗栗,2023-04-06,9657
6167,久正,10,0,10,富邦-苗栗,2023-04-06,9657
6257,矽格,10,0,10,富邦-苗栗,2023-04-06,9657
2634,漢翔,15,5,10,富邦-苗栗,2023-04-06,9657
2317,鴻海,14,4,10,富邦-苗栗,2023-04-06,9657
2891,中信金,9,0,9,富邦-苗栗,2023-04-06,9657
3264,欣銓,9,0,9,富邦-苗栗,2023-04-06,9657
2482,連宇,12,4,8,富邦-苗栗,2023-04-06,9657
2484,希華,20,12,8,富邦-苗栗,2023-04-06,9657
3532,台勝科,8,0,8,富邦-苗栗,2023-04-06,9657
5309,系統電,9,1,8,富邦-苗栗,2023-04-06,9657
8111,立��,8,0,8,富邦-苗栗,2023-04-06,9657
9955,佳龍,12,4,8,富邦-苗栗,2023-04-06,9657
2610,華航,12,5,7,富邦-苗栗,2023-04-06,9657
00712,復華富時不動產,13,6,7,富邦-苗栗,2023-04-06,9657
2201,裕隆,7,0,7,富邦-苗栗,2023-04-06,9657
2614,東森,7,0,7,富邦-苗栗,2023-04-06,9657
2027,大成鋼,7,0,7,富邦-苗栗,2023-04-06,9657
00679B,元大美債20年,44,5,39,富邦-苗栗,2023-04-07,9657
00882,中信中國高股息,36,0,36,富邦-苗栗,2023-04-07,9657
00885,富邦越南,25,0,25,富邦-苗栗,2023-04-07,9657
3025,星通,25,2,23,富邦-苗栗,2023-04-07,9657
5388,中磊,21,0,21,富邦-苗栗,2023-04-07,9657
2399,映泰,20,0,20,富邦-苗栗,2023-04-07,9657
3178,公準,20,1,19,富邦-苗栗,2023-04-07,9657
2867,三商壽,16,0,16,富邦-苗栗,2023-04-07,9657
8420,明揚,15,0,15,富邦-苗栗,2023-04-07,9657
6244,茂迪,23,9,14,富邦-苗栗,2023-04-07,9657
00673R,期元大S＆P原油反1,11,0,11,富邦-苗栗,2023-04-07,9657
5469,瀚宇博,59,48,11,富邦-苗栗,2023-04-07,9657
00671R,富邦NASDAQ反1,10,0,10,富邦-苗栗,2023-04-07,9657
3038,全台,10,0,10,富邦-苗栗,2023-04-07,9657
6516,勤崴國際,10,0,10,富邦-苗栗,2023-04-07,9657
6237,驊訊,9,0,9,富邦-苗栗,2023-04-07,9657
2376,技嘉,9,1,8,富邦-苗栗,2023-04-07,9657
3078,僑威,10,2,8,富邦-苗栗,2023-04-07,9657
4934,太極,8,0,8,富邦-苗栗,2023-04-07,9657
5452,佶優,10,2,8,富邦-苗栗,2023-04-07,9657
8069,元太,9,1,8,富邦-苗栗,2023-04-07,9657
2887,台新金,10,3,7,富邦-苗栗,2023-04-07,9657
00637L,元大滬深300正2,7,0,7,富邦-苗栗,2023-04-07,9657
1504,東元,20,13,7,富邦-苗栗,2023-04-07,9657
00712,復華富時不動產,7,0,7,富邦-苗栗,2023-04-07,9657
2498,宏達電,21,15,6,富邦-苗栗,2023-04-07,9657
00772B,中信高評級公司債,7,1,6,富邦-苗栗,2023-04-07,9657
1529,樂事綠能,10,4,6,富邦-苗栗,2023-04-07,9657
2027,大成鋼,7,1,6,富邦-苗栗,2023-04-07,9657
2453,凌群,21,15,6,富邦-苗栗,2023-04-07,9657
2481,強茂,6,0,6,富邦-苗栗,2023-04-07,9657
4946,辣椒,6,0,6,富邦-苗栗,2023-04-07,9657
2884,玉山金,10,4,6,富邦-苗栗,2023-04-07,9657
6235,華孚,11,6,5,富邦-苗栗,2023-04-07,9657
00664R,國泰臺灣加權反1,5,0,5,富邦-苗栗,2023-04-07,9657
1513,中興電,15,10,5,富邦-苗栗,2023-04-07,9657
1524,耿鼎,6,1,5,富邦-苗栗,2023-04-07,9657
1609,大亞,17,12,5,富邦-苗栗,2023-04-07,9657
1727,中華化,5,0,5,富邦-苗栗,2023-04-07,9657
2371,大同,5,0,5,富邦-苗栗,2023-04-07,9657
2906,高林,5,0,5,富邦-苗栗,2023-04-07,9657
3447,展達,5,0,5,富邦-苗栗,2023-04-07,9657
6664,群翊,5,0,5,富邦-苗栗,2023-04-07,9657
2645,長榮航太,4,0,4,富邦-苗栗,2023-04-07,9657
2356,英業達,7,3,4,富邦-苗栗,2023-04-07,9657
2539,櫻花建,4,0,4,富邦-苗栗,2023-04-07,9657
4927,泰鼎-KY,5,1,4,富邦-苗栗,2023-04-07,9657
6288,聯嘉,6,2,4,富邦-苗栗,2023-04-07,9657
2342,茂矽,5,2,3,富邦-苗栗,2023-04-07,9657
00632R,元大台灣50反1,10,7,3,富邦-苗栗,2023-04-07,9657
00676R,富邦臺灣加權反1,250,50,200,富邦-苗栗,2023-04-10,9657
2329,華泰,100,0,100,富邦-苗栗,2023-04-10,9657
6120,達運,86,0,86,富邦-苗栗,2023-04-10,9657
2867,三商壽,57,0,57,富邦-苗栗,2023-04-10,9657
00882,中信中國高股息,56,0,56,富邦-苗栗,2023-04-10,9657
00885,富邦越南,50,0,50,富邦-苗栗,2023-04-10,9657
2002,中鋼,42,0,42,富邦-苗栗,2023-04-10,9657
6109,亞元,38,0,38,富邦-苗栗,2023-04-10,9657
1304,台聚,35,0,35,富邦-苗栗,2023-04-10,9657
00679B,元大美債20年,31,0,31,富邦-苗栗,2023-04-10,9657
00673R,期元大S＆P原油反1,26,0,26,富邦-苗栗,2023-04-10,9657
1609,大亞,26,1,25,富邦-苗栗,2023-04-10,9657
2609,陽明,33,10,23,富邦-苗栗,2023-04-10,9657
5469,瀚宇博,24,4,20,富邦-苗栗,2023-04-10,9657
4906,正文,30,10,20,富邦-苗栗,2023-04-10,9657
5531,鄉林,20,0,20,富邦-苗栗,2023-04-10,9657
6770,力積電,20,0,20,富邦-苗栗,2023-04-10,9657
3363,上詮,20,1,19,富邦-苗栗,2023-04-10,9657
6477,安集,18,0,18,富邦-苗栗,2023-04-10,9657
2482,連宇,21,3,18,富邦-苗栗,2023-04-10,9657
8222,寶一,24,8,16,富邦-苗栗,2023-04-10,9657
2338,光罩,15,0,15,富邦-苗栗,2023-04-10,9657
6605,帝寶,15,0,15,富邦-苗栗,2023-04-10,9657
1307,三芳,14,0,14,富邦-苗栗,2023-04-10,9657
6548,長科*,17,3,14,富邦-苗栗,2023-04-10,9657
2375,凱美,13,0,13,富邦-苗栗,2023-04-10,9657
8936,國統,13,0,13,富邦-苗栗,2023-04-10,9657
00713,元大台灣高息低波,12,0,12,富邦-苗栗,2023-04-10,9657
6285,啟��,18,6,12,富邦-苗栗,2023-04-10,9657
9962,有益,11,0,11,富邦-苗栗,2023-04-10,9657
3317,尼克森,11,0,11,富邦-苗栗,2023-04-10,9657
6547,高端疫苗,10,0,10,富邦-苗栗,2023-04-10,9657
00780B,國泰A級金融債,10,0,10,富邦-苗栗,2023-04-10,9657
1722,台肥,10,0,10,富邦-苗栗,2023-04-10,9657
3163,波若威,10,0,10,富邦-苗栗,2023-04-10,9657
4207,環泰,10,0,10,富邦-苗栗,2023-04-10,9657
5701,劍湖山,10,0,10,富邦-苗栗,2023-04-10,9657
3041,揚智,10,0,10,富邦-苗栗,2023-04-10,9657
2618,長榮航,10,1,9,富邦-苗栗,2023-04-10,9657
6125,廣運,9,0,9,富邦-苗栗,2023-04-10,9657
2356,英業達,11,3,8,富邦-苗栗,2023-04-10,9657
2615,萬海,8,0,8,富邦-苗栗,2023-04-10,9657
00720B,元大投資級公司債,7,0,7,富邦-苗栗,2023-04-10,9657
1319,東陽,7,0,7,富邦-苗栗,2023-04-10,9657
2547,日勝生,7,0,7,富邦-苗栗,2023-04-10,9657
2889,國票金,7,0,7,富邦-苗栗,2023-04-10,9657
4128,中天,9,2,7,富邦-苗栗,2023-04-10,9657
6163,華電網,12,5,7,富邦-苗栗,2023-04-10,9657
2884,玉山金,6,0,6,富邦-苗栗,2023-04-10,9657
1605,華新,11,5,6,富邦-苗栗,2023-04-10,9657
3059,華晶科,140,0,140,富邦-苗栗,2023-04-11,9657
9904,寶成,60,0,60,富邦-苗栗,2023-04-11,9657
3354,律勝,47,0,47,富邦-苗栗,2023-04-11,9657
00882,中信中國高股息,40,0,40,富邦-苗栗,2023-04-11,9657
6285,啟��,35,1,34,富邦-苗栗,2023-04-11,9657
00881,國泰台灣5G+,30,0,30,富邦-苗栗,2023-04-11,9657
8420,明揚,30,0,30,富邦-苗栗,2023-04-11,9657
2338,光罩,26,1,25,富邦-苗栗,2023-04-11,9657
00715L,期街口布蘭特正2,42,20,22,富邦-苗栗,2023-04-11,9657
2349,錸德,22,0,22,富邦-苗栗,2023-04-11,9657
1308,亞聚,23,2,21,富邦-苗栗,2023-04-11,9657
1504,東元,29,9,20,富邦-苗栗,2023-04-11,9657
6209,今國光,20,0,20,富邦-苗栗,2023-04-11,9657
2388,威盛,33,14,19,富邦-苗栗,2023-04-11,9657
6179,亞通,17,0,17,富邦-苗栗,2023-04-11,9657
00712,復華富時不動產,17,0,17,富邦-苗栗,2023-04-11,9657
4943,康控-KY,16,0,16,富邦-苗栗,2023-04-11,9657
2498,宏達電,29,16,13,富邦-苗栗,2023-04-11,9657
3481,群創,29,17,12,富邦-苗栗,2023-04-11,9657
2484,希華,12,0,12,富邦-苗栗,2023-04-11,9657
2457,飛宏,18,6,12,富邦-苗栗,2023-04-11,9657
00919,群益台灣精選高息,12,1,11,富邦-苗栗,2023-04-11,9657
00680L,元大美債20正2,11,0,11,富邦-苗栗,2023-04-11,9657
00637L,元大滬深300正2,10,0,10,富邦-苗栗,2023-04-11,9657
00714,群益道瓊美國地產,10,0,10,富邦-苗栗,2023-04-11,9657
2301,光寶科,10,0,10,富邦-苗栗,2023-04-11,9657
4105,東洋,10,0,10,富邦-苗栗,2023-04-11,9657
2542,興富發,10,1,9,富邦-苗栗,2023-04-11,9657
00679B,元大美債20年,10,1,9,富邦-苗栗,2023-04-11,9657
1514,亞力,14,5,9,富邦-苗栗,2023-04-11,9657
6548,長科*,9,0,9,富邦-苗栗,2023-04-11,9657
00720B,元大投資級公司債,8,0,8,富邦-苗栗,2023-04-11,9657
2401,凌陽,8,0,8,富邦-苗栗,2023-04-11,9657
2867,三商壽,37,29,8,富邦-苗栗,2023-04-11,9657
3484,崧騰,8,0,8,富邦-苗栗,2023-04-11,9657
5328,華容,8,0,8,富邦-苗栗,2023-04-11,9657
3035,智原,13,6,7,富邦-苗栗,2023-04-11,9657
3178,公準,7,0,7,富邦-苗栗,2023-04-11,9657
6122,擎邦,7,0,7,富邦-苗栗,2023-04-11,9657
4919,新唐,9,2,7,富邦-苗栗,2023-04-11,9657
00772B,中信高評級公司債,7,0,7,富邦-苗栗,2023-04-11,9657
6547,高端疫苗,6,0,6,富邦-苗栗,2023-04-11,9657
00751B,元大AAA至A公司債,6,0,6,富邦-苗栗,2023-04-11,9657
2031,新光鋼,6,0,6,富邦-苗栗,2023-04-11,9657
5211,蒙恬,6,0,6,富邦-苗栗,2023-04-11,9657
6163,華電網,6,0,6,富邦-苗栗,2023-04-11,9657
8183,精星,7,1,6,富邦-苗栗,2023-04-11,9657
6592,和潤企業,5,0,5,富邦-苗栗,2023-04-11,9657
6245,立端,6,1,5,富邦-苗栗,2023-04-11,9657
00900,富邦特選高股息30,5,0,5,富邦-苗栗,2023-04-11,9657
9904,寶成,91,2,89,富邦-苗栗,2023-04-12,9657
0056,元大高股息,72,9,63,富邦-苗栗,2023-04-12,9657
6109,亞元,60,0,60,富邦-苗栗,2023-04-12,9657
2427,三商電,55,0,55,富邦-苗栗,2023-04-12,9657
00712,復華富時不動產,43,0,43,富邦-苗栗,2023-04-12,9657
1605,華新,50,8,42,富邦-苗栗,2023-04-12,9657
2317,鴻海,42,3,39,富邦-苗栗,2023-04-12,9657
00679B,元大美債20年,39,0,39,富邦-苗栗,2023-04-12,9657
00919,群益台灣精選高息,31,0,31,富邦-苗栗,2023-04-12,9657
5488,松普,22,0,22,富邦-苗栗,2023-04-12,9657
00676R,富邦臺灣加權反1,20,0,20,富邦-苗栗,2023-04-12,9657
2313,華通,20,0,20,富邦-苗栗,2023-04-12,9657
6770,力積電,22,3,19,富邦-苗栗,2023-04-12,9657
6126,信音,20,1,19,富邦-苗栗,2023-04-12,9657
5309,系統電,20,3,17,富邦-苗栗,2023-04-12,9657
00922,國泰台灣領袖50,16,0,16,富邦-苗栗,2023-04-12,9657
00720B,元大投資級公司債,15,0,15,富邦-苗栗,2023-04-12,9657
2455,全新,15,0,15,富邦-苗栗,2023-04-12,9657
2344,華邦電,20,6,14,富邦-苗栗,2023-04-12,9657
3558,神準,14,0,14,富邦-苗栗,2023-04-12,9657
00680L,元大美債20正2,13,0,13,富邦-苗栗,2023-04-12,9657
00725B,國泰投資級公司債,13,1,12,富邦-苗栗,2023-04-12,9657
2601,益航,12,0,12,富邦-苗栗,2023-04-12,9657
3706,神達,11,0,11,富邦-苗栗,2023-04-12,9657
6266,泰詠,15,4,11,富邦-苗栗,2023-04-12,9657
8038,長園科,12,1,11,富邦-苗栗,2023-04-12,9657
00772B,中信高評級公司債,10,0,10,富邦-苗栗,2023-04-12,9657
00751B,元大AAA至A公司債,10,0,10,富邦-苗栗,2023-04-12,9657
00665L,富邦�琤肭磪囓�2,10,0,10,富邦-苗栗,2023-04-12,9657
1325,恆大,10,0,10,富邦-苗栗,2023-04-12,9657
3011,今皓,10,0,10,富邦-苗栗,2023-04-12,9657
6264,富裔,10,0,10,富邦-苗栗,2023-04-12,9657
3545,敦泰,10,1,9,富邦-苗栗,2023-04-12,9657
3035,智原,14,5,9,富邦-苗栗,2023-04-12,9657
2211,長榮鋼,8,0,8,富邦-苗栗,2023-04-12,9657
6276,安鈦克,8,0,8,富邦-苗栗,2023-04-12,9657
2457,飛宏,24,16,8,富邦-苗栗,2023-04-12,9657
3056,富華新,8,0,8,富邦-苗栗,2023-04-12,9657
2492,華新科,11,3,8,富邦-苗栗,2023-04-12,9657
2886,兆豐金,13,6,7,富邦-苗栗,2023-04-12,9657
6223,旺矽,9,2,7,富邦-苗栗,2023-04-12,9657
6290,良維,10,3,7,富邦-苗栗,2023-04-12,9657
2609,陽明,36,30,6,富邦-苗栗,2023-04-12,9657
8926,台汽電,7,1,6,富邦-苗栗,2023-04-12,9657
1514,亞力,42,36,6,富邦-苗栗,2023-04-12,9657
1802,台玻,6,0,6,富邦-苗栗,2023-04-12,9657
2337,旺宏,6,0,6,富邦-苗栗,2023-04-12,9657
2369,菱生,10,4,6,富邦-苗栗,2023-04-12,9657
4126,太醫,6,0,6,富邦-苗栗,2023-04-12,9657
6861,睿生光電,6,0,6,富邦-苗栗,2023-04-12,9657
00673R,期元大S＆P原油反1,186,0,186,富邦-苗栗,2023-04-13,9657
00720B,元大投資級公司債,81,0,81,富邦-苗栗,2023-04-13,9657
6179,亞通,50,0,50,富邦-苗栗,2023-04-13,9657
2342,茂矽,47,0,47,富邦-苗栗,2023-04-13,9657
6209,今國光,40,0,40,富邦-苗栗,2023-04-13,9657
3058,立德,37,0,37,富邦-苗栗,2023-04-13,9657
3059,華晶科,40,3,37,富邦-苗栗,2023-04-13,9657
6220,岳豐,30,0,30,富邦-苗栗,2023-04-13,9657
6126,信音,28,0,28,富邦-苗栗,2023-04-13,9657
00878,國泰永續高股息,41,14,27,富邦-苗栗,2023-04-13,9657
00712,復華富時不動產,27,0,27,富邦-苗栗,2023-04-13,9657
1609,大亞,141,118,23,富邦-苗栗,2023-04-13,9657
3027,盛達,32,9,23,富邦-苗栗,2023-04-13,9657
2344,華邦電,25,2,23,富邦-苗栗,2023-04-13,9657
00885,富邦越南,22,0,22,富邦-苗栗,2023-04-13,9657
2208,台船,36,14,22,富邦-苗栗,2023-04-13,9657
3323,加百裕,22,0,22,富邦-苗栗,2023-04-13,9657
6285,啟��,26,4,22,富邦-苗栗,2023-04-13,9657
4541,晟田,27,6,21,富邦-苗栗,2023-04-13,9657
00894,中信小資高價30,20,0,20,富邦-苗栗,2023-04-13,9657
3687,歐買尬,20,0,20,富邦-苗栗,2023-04-13,9657
5531,鄉林,20,0,20,富邦-苗栗,2023-04-13,9657
5009,榮剛,37,18,19,富邦-苗栗,2023-04-13,9657
2845,遠東銀,18,0,18,富邦-苗栗,2023-04-13,9657
3231,緯創,20,2,18,富邦-苗栗,2023-04-13,9657
6128,上福,20,2,18,富邦-苗栗,2023-04-13,9657
3346,麗清,17,0,17,富邦-苗栗,2023-04-13,9657
6163,華電網,40,23,17,富邦-苗栗,2023-04-13,9657
00922,國泰台灣領袖50,16,0,16,富邦-苗栗,2023-04-13,9657
6229,研通,18,3,15,富邦-苗栗,2023-04-13,9657
1605,華新,31,16,15,富邦-苗栗,2023-04-13,9657
3037,欣興,17,3,14,富邦-苗栗,2023-04-13,9657
00679B,元大美債20年,14,0,14,富邦-苗栗,2023-04-13,9657
1513,中興電,22,8,14,富邦-苗栗,2023-04-13,9657
2409,友達,32,18,14,富邦-苗栗,2023-04-13,9657
2329,華泰,14,1,13,富邦-苗栗,2023-04-13,9657
4927,泰鼎-KY,13,0,13,富邦-苗栗,2023-04-13,9657
5309,系統電,13,0,13,富邦-苗栗,2023-04-13,9657
2330,台積電,13,1,12,富邦-苗栗,2023-04-13,9657
1310,台苯,12,0,12,富邦-苗栗,2023-04-13,9657
6276,安鈦克,12,0,12,富邦-苗栗,2023-04-13,9657
8110,華東,12,0,12,富邦-苗栗,2023-04-13,9657
0056,元大高股息,12,1,11,富邦-苗栗,2023-04-13,9657
6470,宇智,11,0,11,富邦-苗栗,2023-04-13,9657
8033,雷虎,11,1,10,富邦-苗栗,2023-04-13,9657
00655L,國泰中國A50正2,10,0,10,富邦-苗栗,2023-04-13,9657
6264,富裔,10,0,10,富邦-苗栗,2023-04-13,9657
3576,聯合再生,13,3,10,富邦-苗栗,2023-04-13,9657
3545,敦泰,12,3,9,富邦-苗栗,2023-04-13,9657
6753,龍德造船,11,2,9,富邦-苗栗,2023-04-13,9657
00632R,元大台灣50反1,283,1,282,富邦-苗栗,2023-04-14,9657
00679B,元大美債20年,61,0,61,富邦-苗栗,2023-04-14,9657
00715L,期街口布蘭特正2,57,10,47,富邦-苗栗,2023-04-14,9657
8383,千附,44,0,44,富邦-苗栗,2023-04-14,9657
00713,元大台灣高息低波,44,3,41,富邦-苗栗,2023-04-14,9657
3354,律勝,36,0,36,富邦-苗栗,2023-04-14,9657
00720B,元大投資級公司債,30,0,30,富邦-苗栗,2023-04-14,9657
2610,華航,38,8,30,富邦-苗栗,2023-04-14,9657
2634,漢翔,66,40,26,富邦-苗栗,2023-04-14,9657
00712,復華富時不動產,24,0,24,富邦-苗栗,2023-04-14,9657
5009,榮剛,27,3,24,富邦-苗栗,2023-04-14,9657
2609,陽明,28,5,23,富邦-苗栗,2023-04-14,9657
00878,國泰永續高股息,23,1,22,富邦-苗栗,2023-04-14,9657
0056,元大高股息,23,2,21,富邦-苗栗,2023-04-14,9657
3231,緯創,30,9,21,富邦-苗栗,2023-04-14,9657
5488,松普,20,0,20,富邦-苗栗,2023-04-14,9657
5531,鄉林,20,0,20,富邦-苗栗,2023-04-14,9657
8046,南電,22,2,20,富邦-苗栗,2023-04-14,9657
4526,東台,20,0,20,富邦-苗栗,2023-04-14,9657
8261,富鼎,17,0,17,富邦-苗栗,2023-04-14,9657
00680L,元大美債20正2,16,0,16,富邦-苗栗,2023-04-14,9657
6770,力積電,15,0,15,富邦-苗栗,2023-04-14,9657
00676R,富邦臺灣加權反1,15,0,15,富邦-苗栗,2023-04-14,9657
6266,泰詠,15,0,15,富邦-苗栗,2023-04-14,9657
6741,91APP*-KY,15,0,15,富邦-苗栗,2023-04-14,9657
00772B,中信高評級公司債,14,0,14,富邦-苗栗,2023-04-14,9657
2392,正崴,12,0,12,富邦-苗栗,2023-04-14,9657
2303,聯電,11,0,11,富邦-苗栗,2023-04-14,9657
1905,華紙,11,0,11,富邦-苗栗,2023-04-14,9657
6182,合晶,10,0,10,富邦-苗栗,2023-04-14,9657
00882,中信中國高股息,10,0,10,富邦-苗栗,2023-04-14,9657
00671R,富邦NASDAQ反1,10,0,10,富邦-苗栗,2023-04-14,9657
1104,環泥,10,0,10,富邦-苗栗,2023-04-14,9657
1909,榮成,10,0,10,富邦-苗栗,2023-04-14,9657
2495,普安,13,3,10,富邦-苗栗,2023-04-14,9657
2498,宏達電,20,10,10,富邦-苗栗,2023-04-14,9657
6196,帆宣,10,0,10,富邦-苗栗,2023-04-14,9657
2002,中鋼,10,1,9,富邦-苗栗,2023-04-14,9657
3011,今皓,9,0,9,富邦-苗栗,2023-04-14,9657
5452,佶優,9,0,9,富邦-苗栗,2023-04-14,9657
1314,中石化,11,3,8,富邦-苗栗,2023-04-14,9657
1217,愛之味,10,2,8,富邦-苗栗,2023-04-14,9657
4916,事欣科,8,0,8,富邦-苗栗,2023-04-14,9657
2882,國泰金,10,3,7,富邦-苗栗,2023-04-14,9657
1342,八貫,8,1,7,富邦-苗栗,2023-04-14,9657
3374,精材,7,0,7,富邦-苗栗,2023-04-14,9657
6126,信音,7,0,7,富邦-苗栗,2023-04-14,9657
8070,長華*,7,0,7,富邦-苗栗,2023-04-14,9657
8071,能率網通,7,0,7,富邦-苗栗,2023-04-14,9657
3037,欣興,8,2,6,富邦-苗栗,2023-04-14,9657
3059,華晶科,95,0,95,富邦-苗栗,2023-04-17,9657
00679B,元大美債20年,70,0,70,富邦-苗栗,2023-04-17,9657
1717,長興,59,1,58,富邦-苗栗,2023-04-17,9657
6282,康舒,68,18,50,富邦-苗栗,2023-04-17,9657
2031,新光鋼,83,43,40,富邦-苗栗,2023-04-17,9657
8033,雷虎,41,6,35,富邦-苗栗,2023-04-17,9657
00712,復華富時不動產,32,0,32,富邦-苗栗,2023-04-17,9657
6182,合晶,31,0,31,富邦-苗栗,2023-04-17,9657
8071,能率網通,31,0,31,富邦-苗栗,2023-04-17,9657
8121,越峰,31,0,31,富邦-苗栗,2023-04-17,9657
2630,亞航,35,6,29,富邦-苗栗,2023-04-17,9657
6152,百一,38,12,26,富邦-苗栗,2023-04-17,9657
00680L,元大美債20正2,25,0,25,富邦-苗栗,2023-04-17,9657
6285,啟��,33,8,25,富邦-苗栗,2023-04-17,9657
3029,零壹,25,1,24,富邦-苗栗,2023-04-17,9657
3049,精金,22,0,22,富邦-苗栗,2023-04-17,9657
8171,天宇,22,0,22,富邦-苗栗,2023-04-17,9657
1605,華新,46,27,19,富邦-苗栗,2023-04-17,9657
2312,金寶,21,2,19,富邦-苗栗,2023-04-17,9657
2845,遠東銀,19,0,19,富邦-苗栗,2023-04-17,9657
6548,長科*,19,1,18,富邦-苗栗,2023-04-17,9657
00720B,元大投資級公司債,17,0,17,富邦-苗栗,2023-04-17,9657
2486,一詮,46,29,17,富邦-苗栗,2023-04-17,9657
6235,華孚,46,29,17,富邦-苗栗,2023-04-17,9657
2610,華航,17,1,16,富邦-苗栗,2023-04-17,9657
3011,今皓,20,4,16,富邦-苗栗,2023-04-17,9657
5309,系統電,16,0,16,富邦-苗栗,2023-04-17,9657
00900,富邦特選高股息30,16,0,16,富邦-苗栗,2023-04-17,9657
2002,中鋼,19,4,15,富邦-苗栗,2023-04-17,9657
2359,所羅門,17,3,14,富邦-苗栗,2023-04-17,9657
6672,騰輝電子-KY,14,0,14,富邦-苗栗,2023-04-17,9657
2453,凌群,23,9,14,富邦-苗栗,2023-04-17,9657
2344,華邦電,12,0,12,富邦-苗栗,2023-04-17,9657
6190,萬泰科,12,0,12,富邦-苗栗,2023-04-17,9657
1612,宏泰,11,0,11,富邦-苗栗,2023-04-17,9657
2431,聯昌,12,1,11,富邦-苗栗,2023-04-17,9657
2460,建通,12,1,11,富邦-苗栗,2023-04-17,9657
2734,易飛網,11,0,11,富邦-苗栗,2023-04-17,9657
4129,聯合,15,4,11,富邦-苗栗,2023-04-17,9657
00692,富邦公司治理,10,0,10,富邦-苗栗,2023-04-17,9657
00923,群益台ESG低碳50,10,0,10,富邦-苗栗,2023-04-17,9657
00671R,富邦NASDAQ反1,10,0,10,富邦-苗栗,2023-04-17,9657
00714,群益道瓊美國地產,10,0,10,富邦-苗栗,2023-04-17,9657
2388,威盛,10,0,10,富邦-苗栗,2023-04-17,9657
2401,凌陽,10,0,10,富邦-苗栗,2023-04-17,9657
3207,耀勝,15,5,10,富邦-苗栗,2023-04-17,9657
3617,碩天,10,0,10,富邦-苗栗,2023-04-17,9657
4934,太極,10,0,10,富邦-苗栗,2023-04-17,9657
6509,聚和,10,0,10,富邦-苗栗,2023-04-17,9657
5351,鈺創,11,1,10,富邦-苗栗,2023-04-17,9657
2409,友達,61,5,56,富邦-苗栗,2023-04-18,9657
00679B,元大美債20年,46,2,44,富邦-苗栗,2023-04-18,9657
00882,中信中國高股息,44,2,42,富邦-苗栗,2023-04-18,9657
6282,康舒,74,40,34,富邦-苗栗,2023-04-18,9657
1444,力麗,30,1,29,富邦-苗栗,2023-04-18,9657
00680L,元大美債20正2,28,0,28,富邦-苗栗,2023-04-18,9657
2634,漢翔,61,34,27,富邦-苗栗,2023-04-18,9657
4167,松瑞藥,25,0,25,富邦-苗栗,2023-04-18,9657
6234,高僑,25,1,24,富邦-苗栗,2023-04-18,9657
00720B,元大投資級公司債,24,0,24,富邦-苗栗,2023-04-18,9657
1810,和成,25,1,24,富邦-苗栗,2023-04-18,9657
2359,所羅門,27,5,22,富邦-苗栗,2023-04-18,9657
00878,國泰永續高股息,23,1,22,富邦-苗栗,2023-04-18,9657
2342,茂矽,20,0,20,富邦-苗栗,2023-04-18,9657
3305,昇貿,22,2,20,富邦-苗栗,2023-04-18,9657
8071,能率網通,20,0,20,富邦-苗栗,2023-04-18,9657
6288,聯嘉,24,5,19,富邦-苗栗,2023-04-18,9657
00712,復華富時不動產,15,0,15,富邦-苗栗,2023-04-18,9657
1529,樂事綠能,27,12,15,富邦-苗栗,2023-04-18,9657
1905,華紙,15,0,15,富邦-苗栗,2023-04-18,9657
2402,毅嘉,15,0,15,富邦-苗栗,2023-04-18,9657
3481,群創,34,20,14,富邦-苗栗,2023-04-18,9657
0056,元大高股息,13,0,13,富邦-苗栗,2023-04-18,9657
00687B,國泰20年美債,12,0,12,富邦-苗栗,2023-04-18,9657
00922,國泰台灣領袖50,11,0,11,富邦-苗栗,2023-04-18,9657
2329,華泰,11,0,11,富邦-苗栗,2023-04-18,9657
3682,亞太電,11,0,11,富邦-苗栗,2023-04-18,9657
6244,茂迪,21,11,10,富邦-苗栗,2023-04-18,9657
00773B,中信優先金融債,10,0,10,富邦-苗栗,2023-04-18,9657
00772B,中信高評級公司債,10,0,10,富邦-苗栗,2023-04-18,9657
00894,中信小資高價30,10,0,10,富邦-苗栗,2023-04-18,9657
00923,群益台ESG低碳50,10,0,10,富邦-苗栗,2023-04-18,9657
2701,萬企,10,0,10,富邦-苗栗,2023-04-18,9657
3002,歐格,10,0,10,富邦-苗栗,2023-04-18,9657
3209,全科,10,0,10,富邦-苗栗,2023-04-18,9657
6265,方土昶,10,0,10,富邦-苗栗,2023-04-18,9657
6285,啟��,19,9,10,富邦-苗栗,2023-04-18,9657
6191,精成科,10,1,9,富邦-苗栗,2023-04-18,9657
2472,立隆電,9,0,9,富邦-苗栗,2023-04-18,9657
2453,凌群,18,9,9,富邦-苗栗,2023-04-18,9657
8033,雷虎,34,25,9,富邦-苗栗,2023-04-18,9657
2002,中鋼,9,0,9,富邦-苗栗,2023-04-18,9657
3037,欣興,8,0,8,富邦-苗栗,2023-04-18,9657
00900,富邦特選高股息30,10,2,8,富邦-苗栗,2023-04-18,9657
2419,仲琦,10,2,8,富邦-苗栗,2023-04-18,9657
3594,磐儀,8,0,8,富邦-苗栗,2023-04-18,9657
6163,華電網,10,2,8,富邦-苗栗,2023-04-18,9657
6290,良維,10,3,7,富邦-苗栗,2023-04-18,9657
6666,羅麗芬-KY,7,0,7,富邦-苗栗,2023-04-18,9657
1609,大亞,12,6,6,富邦-苗栗,2023-04-18,9657
2409,友達,59,2,57,富邦-苗栗,2023-04-19,9657
00720B,元大投資級公司債,49,2,47,富邦-苗栗,2023-04-19,9657
1810,和成,65,20,45,富邦-苗栗,2023-04-19,9657
00881,國泰台灣5G+,40,2,38,富邦-苗栗,2023-04-19,9657
00923,群益台ESG低碳50,34,0,34,富邦-苗栗,2023-04-19,9657
6770,力積電,45,21,24,富邦-苗栗,2023-04-19,9657
00679B,元大美債20年,22,0,22,富邦-苗栗,2023-04-19,9657
3576,聯合再生,31,9,22,富邦-苗栗,2023-04-19,9657
0056,元大高股息,23,2,21,富邦-苗栗,2023-04-19,9657
00712,復華富時不動產,20,0,20,富邦-苗栗,2023-04-19,9657
2337,旺宏,20,0,20,富邦-苗栗,2023-04-19,9657
2867,三商壽,20,0,20,富邦-苗栗,2023-04-19,9657
8034,榮群,20,0,20,富邦-苗栗,2023-04-19,9657
2886,兆豐金,20,1,19,富邦-苗栗,2023-04-19,9657
00878,國泰永續高股息,40,21,19,富邦-苗栗,2023-04-19,9657
6531,愛普*,18,0,18,富邦-苗栗,2023-04-19,9657
00919,群益台灣精選高息,17,0,17,富邦-苗栗,2023-04-19,9657
00922,國泰台灣領袖50,17,0,17,富邦-苗栗,2023-04-19,9657
2498,宏達電,21,4,17,富邦-苗栗,2023-04-19,9657
00715L,期街口布蘭特正2,20,4,16,富邦-苗栗,2023-04-19,9657
1460,宏遠,16,0,16,富邦-苗栗,2023-04-19,9657
6666,羅麗芬-KY,14,0,14,富邦-苗栗,2023-04-19,9657
00687B,國泰20年美債,13,0,13,富邦-苗栗,2023-04-19,9657
1611,中電,16,3,13,富邦-苗栗,2023-04-19,9657
2486,一詮,11,0,11,富邦-苗栗,2023-04-19,9657
2605,新興,12,1,11,富邦-苗栗,2023-04-19,9657
3056,富華新,11,0,11,富邦-苗栗,2023-04-19,9657
00894,中信小資高價30,10,0,10,富邦-苗栗,2023-04-19,9657
2390,云辰,10,0,10,富邦-苗栗,2023-04-19,9657
2443,昶虹,10,0,10,富邦-苗栗,2023-04-19,9657
2701,萬企,10,0,10,富邦-苗栗,2023-04-19,9657
2850,新產,10,0,10,富邦-苗栗,2023-04-19,9657
5371,中光電,11,1,10,富邦-苗栗,2023-04-19,9657
5531,鄉林,10,0,10,富邦-苗栗,2023-04-19,9657
6182,合晶,11,1,10,富邦-苗栗,2023-04-19,9657
00665L,富邦�琤肭磪囓�2,9,0,9,富邦-苗栗,2023-04-19,9657
1762,中化生,12,3,9,富邦-苗栗,2023-04-19,9657
2457,飛宏,71,62,9,富邦-苗栗,2023-04-19,9657
00882,中信中國高股息,9,1,8,富邦-苗栗,2023-04-19,9657
00632R,元大台灣50反1,10,2,8,富邦-苗栗,2023-04-19,9657
5211,蒙恬,27,19,8,富邦-苗栗,2023-04-19,9657
2634,漢翔,27,19,8,富邦-苗栗,2023-04-19,9657
3588,通嘉,7,0,7,富邦-苗栗,2023-04-19,9657
3189,景碩,8,1,7,富邦-苗栗,2023-04-19,9657
6446,藥華藥,7,0,7,富邦-苗栗,2023-04-19,9657
2504,國產,7,0,7,富邦-苗栗,2023-04-19,9657
3038,全台,8,1,7,富邦-苗栗,2023-04-19,9657
3305,昇貿,7,0,7,富邦-苗栗,2023-04-19,9657
3558,神準,12,5,7,富邦-苗栗,2023-04-19,9657
5512,力麒,6,0,6,富邦-苗栗,2023-04-19,9657
6235,華孚,79,15,64,富邦-苗栗,2023-04-20,9657
6244,茂迪,98,40,58,富邦-苗栗,2023-04-20,9657
8354,冠好,50,0,50,富邦-苗栗,2023-04-20,9657
3059,華晶科,45,0,45,富邦-苗栗,2023-04-20,9657
1101,台泥,46,6,40,富邦-苗栗,2023-04-20,9657
4934,太極,47,9,38,富邦-苗栗,2023-04-20,9657
00713,元大台灣高息低波,40,2,38,富邦-苗栗,2023-04-20,9657
1314,中石化,36,1,35,富邦-苗栗,2023-04-20,9657
2634,漢翔,33,2,31,富邦-苗栗,2023-04-20,9657
00888,永豐台灣ESG,30,0,30,富邦-苗栗,2023-04-20,9657
00679B,元大美債20年,30,0,30,富邦-苗栗,2023-04-20,9657
00882,中信中國高股息,30,0,30,富邦-苗栗,2023-04-20,9657
3346,麗清,29,0,29,富邦-苗栗,2023-04-20,9657
3481,群創,42,14,28,富邦-苗栗,2023-04-20,9657
00878,國泰永續高股息,37,12,25,富邦-苗栗,2023-04-20,9657
3029,零壹,23,1,22,富邦-苗栗,2023-04-20,9657
6770,力積電,27,5,22,富邦-苗栗,2023-04-20,9657
2603,長榮,27,7,20,富邦-苗栗,2023-04-20,9657
3071,協禧,21,1,20,富邦-苗栗,2023-04-20,9657
2457,飛宏,33,14,19,富邦-苗栗,2023-04-20,9657
2484,希華,22,3,19,富邦-苗栗,2023-04-20,9657
6285,啟��,19,0,19,富邦-苗栗,2023-04-20,9657
4564,元翎,19,0,19,富邦-苗栗,2023-04-20,9657
1513,中興電,22,4,18,富邦-苗栗,2023-04-20,9657
1783,和康生,26,9,17,富邦-苗栗,2023-04-20,9657
2317,鴻海,20,5,15,富邦-苗栗,2023-04-20,9657
00894,中信小資高價30,15,0,15,富邦-苗栗,2023-04-20,9657
3128,昇銳,15,0,15,富邦-苗栗,2023-04-20,9657
1708,東鹼,17,3,14,富邦-苗栗,2023-04-20,9657
6666,羅麗芬-KY,15,1,14,富邦-苗栗,2023-04-20,9657
2498,宏達電,20,6,14,富邦-苗栗,2023-04-20,9657
2314,台揚,15,2,13,富邦-苗栗,2023-04-20,9657
4114,健喬,14,1,13,富邦-苗栗,2023-04-20,9657
8358,金居,13,0,13,富邦-苗栗,2023-04-20,9657
1524,耿鼎,12,0,12,富邦-苗栗,2023-04-20,9657
1605,華新,13,1,12,富邦-苗栗,2023-04-20,9657
1460,宏遠,11,0,11,富邦-苗栗,2023-04-20,9657
2834,臺企銀,11,0,11,富邦-苗栗,2023-04-20,9657
2888,新光金,20,9,11,富邦-苗栗,2023-04-20,9657
6191,精成科,10,0,10,富邦-苗栗,2023-04-20,9657
2324,仁寶,10,0,10,富邦-苗栗,2023-04-20,9657
2855,統一證,10,0,10,富邦-苗栗,2023-04-20,9657
6220,岳豐,10,0,10,富邦-苗栗,2023-04-20,9657
6288,聯嘉,11,1,10,富邦-苗栗,2023-04-20,9657
9927,泰銘,10,0,10,富邦-苗栗,2023-04-20,9657
1584,精剛,11,1,10,富邦-苗栗,2023-04-20,9657
6282,康舒,71,61,10,富邦-苗栗,2023-04-20,9657
3037,欣興,13,4,9,富邦-苗栗,2023-04-20,9657
6477,安集,16,7,9,富邦-苗栗,2023-04-20,9657
00773B,中信優先金融債,9,0,9,富邦-苗栗,2023-04-20,9657
4123,晟德,73,5,68,富邦-苗栗,2023-04-21,9657
2913,農林,78,11,67,富邦-苗栗,2023-04-21,9657
2031,新光鋼,67,3,64,富邦-苗栗,2023-04-21,9657
4510,高鋒,34,3,31,富邦-苗栗,2023-04-21,9657
8171,天宇,31,0,31,富邦-苗栗,2023-04-21,9657
00632R,元大台灣50反1,50,21,29,富邦-苗栗,2023-04-21,9657
2461,光群雷,26,0,26,富邦-苗栗,2023-04-21,9657
00881,國泰台灣5G+,25,0,25,富邦-苗栗,2023-04-21,9657
3059,華晶科,24,0,24,富邦-苗栗,2023-04-21,9657
00715L,期街口布蘭特正2,22,0,22,富邦-苗栗,2023-04-21,9657
6606,建德工業,21,0,21,富邦-苗栗,2023-04-21,9657
00673R,期元大S＆P原油反1,19,0,19,富邦-苗栗,2023-04-21,9657
00888,永豐台灣ESG,18,0,18,富邦-苗栗,2023-04-21,9657
2845,遠東銀,18,0,18,富邦-苗栗,2023-04-21,9657
3284,太普高,18,0,18,富邦-苗栗,2023-04-21,9657
00679B,元大美債20年,17,0,17,富邦-苗栗,2023-04-21,9657
00688L,國泰20年美債正2,19,2,17,富邦-苗栗,2023-04-21,9657
2337,旺宏,16,0,16,富邦-苗栗,2023-04-21,9657
6477,安集,16,0,16,富邦-苗栗,2023-04-21,9657
0056,元大高股息,14,0,14,富邦-苗栗,2023-04-21,9657
00900,富邦特選高股息30,14,0,14,富邦-苗栗,2023-04-21,9657
6770,力積電,15,1,14,富邦-苗栗,2023-04-21,9657
00923,群益台ESG低碳50,14,0,14,富邦-苗栗,2023-04-21,9657
2324,仁寶,14,0,14,富邦-苗栗,2023-04-21,9657
2344,華邦電,16,2,14,富邦-苗栗,2023-04-21,9657
8933,愛地雅,19,5,14,富邦-苗栗,2023-04-21,9657
1711,永光,16,3,13,富邦-苗栗,2023-04-21,9657
00720B,元大投資級公司債,12,0,12,富邦-苗栗,2023-04-21,9657
2027,大成鋼,12,0,12,富邦-苗栗,2023-04-21,9657
3231,緯創,22,10,12,富邦-苗栗,2023-04-21,9657
6182,合晶,12,1,11,富邦-苗栗,2023-04-21,9657
00712,復華富時不動產,11,0,11,富邦-苗栗,2023-04-21,9657
6829,千附精密,18,7,11,富邦-苗栗,2023-04-21,9657
1460,宏遠,11,0,11,富邦-苗栗,2023-04-21,9657
3048,益登,11,0,11,富邦-苗栗,2023-04-21,9657
3682,亞太電,14,3,11,富邦-苗栗,2023-04-21,9657
6160,欣技,11,0,11,富邦-苗栗,2023-04-21,9657
8213,志超,12,1,11,富邦-苗栗,2023-04-21,9657
2303,聯電,12,1,11,富邦-苗栗,2023-04-21,9657
00639,富邦深100,10,0,10,富邦-苗栗,2023-04-21,9657
00894,中信小資高價30,10,0,10,富邦-苗栗,2023-04-21,9657
1710,東聯,11,1,10,富邦-苗栗,2023-04-21,9657
2428,興勤,10,0,10,富邦-苗栗,2023-04-21,9657
3056,富華新,10,0,10,富邦-苗栗,2023-04-21,9657
5223,安力-KY,10,0,10,富邦-苗栗,2023-04-21,9657
6264,富裔,10,0,10,富邦-苗栗,2023-04-21,9657
3038,全台,13,3,10,富邦-苗栗,2023-04-21,9657
3149,正達,11,1,10,富邦-苗栗,2023-04-21,9657
2515,中工,15,5,10,富邦-苗栗,2023-04-21,9657
3715,定穎投控,10,1,9,富邦-苗栗,2023-04-21,9657
00712,復華富時不動產,103,10,93,富邦-苗栗,2023-04-24,9657
2610,華航,61,4,57,富邦-苗栗,2023-04-24,9657
2324,仁寶,187,131,56,富邦-苗栗,2023-04-24,9657
2101,南港,117,65,52,富邦-苗栗,2023-04-24,9657
8028,昇陽半導體,50,0,50,富邦-苗栗,2023-04-24,9657
3481,群創,53,4,49,富邦-苗栗,2023-04-24,9657
4960,誠美材,47,0,47,富邦-苗栗,2023-04-24,9657
1734,杏輝,30,1,29,富邦-苗栗,2023-04-24,9657
8150,南茂,29,0,29,富邦-苗栗,2023-04-24,9657
00676R,富邦臺灣加權反1,26,0,26,富邦-苗栗,2023-04-24,9657
1312,國喬,23,0,23,富邦-苗栗,2023-04-24,9657
2634,漢翔,41,18,23,富邦-苗栗,2023-04-24,9657
1533,車王電,20,0,20,富邦-苗栗,2023-04-24,9657
3305,昇貿,21,1,20,富邦-苗栗,2023-04-24,9657
6282,康舒,64,47,17,富邦-苗栗,2023-04-24,9657
00720B,元大投資級公司債,17,0,17,富邦-苗栗,2023-04-24,9657
00900,富邦特選高股息30,18,2,16,富邦-苗栗,2023-04-24,9657
00902,中信電池及儲能,15,0,15,富邦-苗栗,2023-04-24,9657
00665L,富邦�琤肭磪囓�2,15,0,15,富邦-苗栗,2023-04-24,9657
00655L,國泰中國A50正2,15,0,15,富邦-苗栗,2023-04-24,9657
2409,友達,14,1,13,富邦-苗栗,2023-04-24,9657
2890,永豐金,13,0,13,富邦-苗栗,2023-04-24,9657
2031,新光鋼,14,2,12,富邦-苗栗,2023-04-24,9657
006208,富邦台50,11,0,11,富邦-苗栗,2023-04-24,9657
2431,聯昌,11,0,11,富邦-苗栗,2023-04-24,9657
3682,亞太電,11,0,11,富邦-苗栗,2023-04-24,9657
4541,晟田,13,2,11,富邦-苗栗,2023-04-24,9657
3715,定穎投控,11,0,11,富邦-苗栗,2023-04-24,9657
00680L,元大美債20正2,10,0,10,富邦-苗栗,2023-04-24,9657
6182,合晶,10,0,10,富邦-苗栗,2023-04-24,9657
00903,富邦元宇宙,10,0,10,富邦-苗栗,2023-04-24,9657
00922,國泰台灣領袖50,10,0,10,富邦-苗栗,2023-04-24,9657
2390,云辰,10,0,10,富邦-苗栗,2023-04-24,9657
4711,永純,10,0,10,富邦-苗栗,2023-04-24,9657
2633,台灣高鐵,10,1,9,富邦-苗栗,2023-04-24,9657
00679B,元大美債20年,9,0,9,富邦-苗栗,2023-04-24,9657
1609,大亞,9,0,9,富邦-苗栗,2023-04-24,9657
1752,南光,11,3,8,富邦-苗栗,2023-04-24,9657
2482,連宇,8,0,8,富邦-苗栗,2023-04-24,9657
4510,高鋒,19,11,8,富邦-苗栗,2023-04-24,9657
6695,芯鼎,9,1,8,富邦-苗栗,2023-04-24,9657
2330,台積電,10,2,8,富邦-苗栗,2023-04-24,9657
0056,元大高股息,10,2,8,富邦-苗栗,2023-04-24,9657
00633L,富邦上証正2,7,0,7,富邦-苗栗,2023-04-24,9657
2371,大同,11,4,7,富邦-苗栗,2023-04-24,9657
2867,三商壽,12,5,7,富邦-苗栗,2023-04-24,9657
3035,智原,8,1,7,富邦-苗栗,2023-04-24,9657
00773B,中信優先金融債,6,0,6,富邦-苗栗,2023-04-24,9657
4142,國光生,16,10,6,富邦-苗栗,2023-04-24,9657
5243,乙盛-KY,7,1,6,富邦-苗栗,2023-04-24,9657
00632R,元大台灣50反1,530,7,523,富邦-苗栗,2023-04-25,9657
4979,華星光,155,2,153,富邦-苗栗,2023-04-25,9657
0056,元大高股息,80,0,80,富邦-苗栗,2023-04-25,9657
9907,統一實,80,0,80,富邦-苗栗,2023-04-25,9657
6245,立端,80,1,79,富邦-苗栗,2023-04-25,9657
2913,農林,92,16,76,富邦-苗栗,2023-04-25,9657
00878,國泰永續高股息,106,31,75,富邦-苗栗,2023-04-25,9657
2461,光群雷,56,5,51,富邦-苗栗,2023-04-25,9657
2610,華航,48,3,45,富邦-苗栗,2023-04-25,9657
6282,康舒,47,10,37,富邦-苗栗,2023-04-25,9657
3294,英濟,33,0,33,富邦-苗栗,2023-04-25,9657
6770,力積電,34,1,33,富邦-苗栗,2023-04-25,9657
3284,太普高,28,0,28,富邦-苗栗,2023-04-25,9657
4123,晟德,30,2,28,富邦-苗栗,2023-04-25,9657
2303,聯電,29,3,26,富邦-苗栗,2023-04-25,9657
2002,中鋼,27,1,26,富邦-苗栗,2023-04-25,9657
2337,旺宏,25,0,25,富邦-苗栗,2023-04-25,9657
2031,新光鋼,25,1,24,富邦-苗栗,2023-04-25,9657
1533,車王電,20,0,20,富邦-苗栗,2023-04-25,9657
3706,神達,30,10,20,富邦-苗栗,2023-04-25,9657
8354,冠好,20,0,20,富邦-苗栗,2023-04-25,9657
9945,潤泰新,20,0,20,富邦-苗栗,2023-04-25,9657
3231,緯創,39,21,18,富邦-苗栗,2023-04-25,9657
00712,復華富時不動產,16,0,16,富邦-苗栗,2023-04-25,9657
1905,華紙,67,51,16,富邦-苗栗,2023-04-25,9657
2884,玉山金,15,0,15,富邦-苗栗,2023-04-25,9657
2030,彰源,15,0,15,富邦-苗栗,2023-04-25,9657
00902,中信電池及儲能,14,0,14,富邦-苗栗,2023-04-25,9657
00923,群益台ESG低碳50,13,0,13,富邦-苗栗,2023-04-25,9657
2409,友達,12,0,12,富邦-苗栗,2023-04-25,9657
1220,台榮,12,0,12,富邦-苗栗,2023-04-25,9657
1513,中興電,14,2,12,富邦-苗栗,2023-04-25,9657
2367,燿華,12,0,12,富邦-苗栗,2023-04-25,9657
2498,宏達電,14,2,12,富邦-苗栗,2023-04-25,9657
8028,昇陽半導體,12,0,12,富邦-苗栗,2023-04-25,9657
00895,富邦未來車,11,0,11,富邦-苗栗,2023-04-25,9657
2605,新興,14,3,11,富邦-苗栗,2023-04-25,9657
3520,華盈,11,0,11,富邦-苗栗,2023-04-25,9657
2317,鴻海,12,2,10,富邦-苗栗,2023-04-25,9657
2376,技嘉,10,0,10,富邦-苗栗,2023-04-25,9657
00665L,富邦�琤肭磪囓�2,10,0,10,富邦-苗栗,2023-04-25,9657
1611,中電,10,0,10,富邦-苗栗,2023-04-25,9657
8088,品安,10,0,10,富邦-苗栗,2023-04-25,9657
4536,拓凱,9,0,9,富邦-苗栗,2023-04-25,9657
2324,仁寶,9,0,9,富邦-苗栗,2023-04-25,9657
3581,博磊,9,0,9,富邦-苗栗,2023-04-25,9657
5222,全訊,10,1,9,富邦-苗栗,2023-04-25,9657
2330,台積電,12,3,9,富邦-苗栗,2023-04-25,9657
1519,華城,24,16,8,富邦-苗栗,2023-04-25,9657
5351,鈺創,10,2,8,富邦-苗栗,2023-04-25,9657
00632R,元大台灣50反1,270,25,245,富邦-苗栗,2023-04-26,9657
0056,元大高股息,57,0,57,富邦-苗栗,2023-04-26,9657
1101,台泥,50,3,47,富邦-苗栗,2023-04-26,9657
2337,旺宏,49,6,43,富邦-苗栗,2023-04-26,9657
2610,華航,44,2,42,富邦-苗栗,2023-04-26,9657
6461,益得,33,0,33,富邦-苗栗,2023-04-26,9657
00772B,中信高評級公司債,31,0,31,富邦-苗栗,2023-04-26,9657
6179,亞通,30,0,30,富邦-苗栗,2023-04-26,9657
4510,高鋒,25,0,25,富邦-苗栗,2023-04-26,9657
2609,陽明,24,0,24,富邦-苗栗,2023-04-26,9657
2314,台揚,24,0,24,富邦-苗栗,2023-04-26,9657
5211,蒙恬,21,0,21,富邦-苗栗,2023-04-26,9657
1528,恩德,23,2,21,富邦-苗栗,2023-04-26,9657
00773B,中信優先金融債,16,0,16,富邦-苗栗,2023-04-26,9657
5223,安力-KY,15,0,15,富邦-苗栗,2023-04-26,9657
00715L,期街口布蘭特正2,15,1,14,富邦-苗栗,2023-04-26,9657
3284,太普高,12,0,12,富邦-苗栗,2023-04-26,9657
2890,永豐金,11,1,10,富邦-苗栗,2023-04-26,9657
2614,東森,10,0,10,富邦-苗栗,2023-04-26,9657
3035,智原,13,3,10,富邦-苗栗,2023-04-26,9657
00673R,期元大S＆P原油反1,10,0,10,富邦-苗栗,2023-04-26,9657
1714,和桐,10,0,10,富邦-苗栗,2023-04-26,9657
2344,華邦電,23,13,10,富邦-苗栗,2023-04-26,9657
2881,富邦金,10,0,10,富邦-苗栗,2023-04-26,9657
2913,農林,10,0,10,富邦-苗栗,2023-04-26,9657
8097,常珵,10,0,10,富邦-苗栗,2023-04-26,9657
2002,中鋼,9,0,9,富邦-苗栗,2023-04-26,9657
2453,凌群,9,0,9,富邦-苗栗,2023-04-26,9657
4102,永日,10,1,9,富邦-苗栗,2023-04-26,9657
4979,華星光,12,3,9,富邦-苗栗,2023-04-26,9657
6443,元晶,9,0,9,富邦-苗栗,2023-04-26,9657
2330,台積電,10,2,8,富邦-苗栗,2023-04-26,9657
1721,三晃,20,13,7,富邦-苗栗,2023-04-26,9657
6770,力積電,7,0,7,富邦-苗栗,2023-04-26,9657
00923,群益台ESG低碳50,7,0,7,富邦-苗栗,2023-04-26,9657
6264,富裔,7,0,7,富邦-苗栗,2023-04-26,9657
6282,康舒,68,61,7,富邦-苗栗,2023-04-26,9657
8227,巨有科技,10,3,7,富邦-苗栗,2023-04-26,9657
0050,元大台灣50,7,0,7,富邦-苗栗,2023-04-26,9657
2313,華通,6,0,6,富邦-苗栗,2023-04-26,9657
2882,國泰金,8,2,6,富邦-苗栗,2023-04-26,9657
2303,聯電,7,1,6,富邦-苗栗,2023-04-26,9657
1605,華新,8,3,5,富邦-苗栗,2023-04-26,9657
00664R,國泰臺灣加權反1,5,0,5,富邦-苗栗,2023-04-26,9657
00881,國泰台灣5G+,5,0,5,富邦-苗栗,2023-04-26,9657
1762,中化生,5,0,5,富邦-苗栗,2023-04-26,9657
2027,大成鋼,5,0,5,富邦-苗栗,2023-04-26,9657
3062,建漢,5,0,5,富邦-苗栗,2023-04-26,9657
3706,神達,5,0,5,富邦-苗栗,2023-04-26,9657
5309,系統電,5,0,5,富邦-苗栗,2023-04-26,9657
00715L,期街口布蘭特正2,152,1,151,富邦-苗栗,2023-04-27,9657
4123,晟德,47,3,44,富邦-苗栗,2023-04-27,9657
2206,三陽工業,34,0,34,富邦-苗栗,2023-04-27,9657
00720B,元大投資級公司債,24,0,24,富邦-苗栗,2023-04-27,9657
5469,瀚宇博,18,0,18,富邦-苗栗,2023-04-27,9657
4121,優盛,23,6,17,富邦-苗栗,2023-04-27,9657
1734,杏輝,15,0,15,富邦-苗栗,2023-04-27,9657
6234,高僑,15,0,15,富邦-苗栗,2023-04-27,9657
2645,長榮航太,14,1,13,富邦-苗栗,2023-04-27,9657
2002,中鋼,13,2,11,富邦-苗栗,2023-04-27,9657
2630,亞航,13,2,11,富邦-苗栗,2023-04-27,9657
00902,中信電池及儲能,10,0,10,富邦-苗栗,2023-04-27,9657
1710,東聯,10,0,10,富邦-苗栗,2023-04-27,9657
2201,裕隆,13,3,10,富邦-苗栗,2023-04-27,9657
2515,中工,10,0,10,富邦-苗栗,2023-04-27,9657
2409,友達,9,0,9,富邦-苗栗,2023-04-27,9657
1101,台泥,10,2,8,富邦-苗栗,2023-04-27,9657
3032,偉訓,8,0,8,富邦-苗栗,2023-04-27,9657
00712,復華富時不動產,8,0,8,富邦-苗栗,2023-04-27,9657
2603,長榮,8,0,8,富邦-苗栗,2023-04-27,9657
2303,聯電,7,0,7,富邦-苗栗,2023-04-27,9657
9902,台火,7,0,7,富邦-苗栗,2023-04-27,9657
00878,國泰永續高股息,7,1,6,富邦-苗栗,2023-04-27,9657
2330,台積電,7,0,7,富邦-苗栗,2023-04-27,9657
2884,玉山金,6,0,6,富邦-苗栗,2023-04-27,9657
2880,華南金,6,0,6,富邦-苗栗,2023-04-27,9657
00905,FT臺灣Smart,6,0,6,富邦-苗栗,2023-04-27,9657
2429,銘旺科,6,0,6,富邦-苗栗,2023-04-27,9657
3027,盛達,6,0,6,富邦-苗栗,2023-04-27,9657
3706,神達,6,0,6,富邦-苗栗,2023-04-27,9657
6116,彩晶,6,0,6,富邦-苗栗,2023-04-27,9657
6829,千附精密,9,3,6,富邦-苗栗,2023-04-27,9657
00772B,中信高評級公司債,5,0,5,富邦-苗栗,2023-04-27,9657
2243,宏旭-KY,5,0,5,富邦-苗栗,2023-04-27,9657
2462,良得電,5,0,5,富邦-苗栗,2023-04-27,9657
2498,宏達電,13,8,5,富邦-苗栗,2023-04-27,9657
4175,杏一,5,0,5,富邦-苗栗,2023-04-27,9657
5457,宣德,5,0,5,富邦-苗栗,2023-04-27,9657
7402,邑錡,7,2,5,富邦-苗栗,2023-04-27,9657
00753L,中信中國50正2,5,1,4,富邦-苗栗,2023-04-27,9657
00665L,富邦�琤肭磪囓�2,5,1,4,富邦-苗栗,2023-04-27,9657
1611,中電,4,0,4,富邦-苗栗,2023-04-27,9657
1708,東鹼,4,0,4,富邦-苗栗,2023-04-27,9657
1809,中釉,4,0,4,富邦-苗栗,2023-04-27,9657
2501,國建,4,0,4,富邦-苗栗,2023-04-27,9657
2618,長榮航,12,8,4,富邦-苗栗,2023-04-27,9657
6592,和潤企業,4,0,4,富邦-苗栗,2023-04-27,9657
1721,三晃,69,65,4,富邦-苗栗,2023-04-27,9657
2324,仁寶,4,0,4,富邦-苗栗,2023-04-27,9657
0056,元大高股息,3,0,3,富邦-苗栗,2023-04-27,9657
00632R,元大台灣50反1,152,11,141,富邦-苗栗,2023-04-28,9657
2880,華南金,82,6,76,富邦-苗栗,2023-04-28,9657
2409,友達,62,1,61,富邦-苗栗,2023-04-28,9657
00715L,期街口布蘭特正2,60,5,55,富邦-苗栗,2023-04-28,9657
1513,中興電,70,21,49,富邦-苗栗,2023-04-28,9657
1533,車王電,51,2,49,富邦-苗栗,2023-04-28,9657
1701,中化,41,4,37,富邦-苗栗,2023-04-28,9657
4711,永純,55,25,30,富邦-苗栗,2023-04-28,9657
4714,永捷,30,2,28,富邦-苗栗,2023-04-28,9657
2344,華邦電,77,51,26,富邦-苗栗,2023-04-28,9657
3706,神達,26,0,26,富邦-苗栗,2023-04-28,9657
4720,德淵,26,0,26,富邦-苗栗,2023-04-28,9657
2867,三商壽,30,5,25,富邦-苗栗,2023-04-28,9657
1711,永光,24,0,24,富邦-苗栗,2023-04-28,9657
6733,博晟生醫,25,1,24,富邦-苗栗,2023-04-28,9657
2913,農林,22,0,22,富邦-苗栗,2023-04-28,9657
6670,復盛應用,22,0,22,富邦-苗栗,2023-04-28,9657
8222,寶一,39,18,21,富邦-苗栗,2023-04-28,9657
00671R,富邦NASDAQ反1,20,0,20,富邦-苗栗,2023-04-28,9657
3006,晶豪科,20,0,20,富邦-苗栗,2023-04-28,9657
4123,晟德,30,10,20,富邦-苗栗,2023-04-28,9657
3481,群創,22,3,19,富邦-苗栗,2023-04-28,9657
6274,台燿,36,18,18,富邦-苗栗,2023-04-28,9657
5211,蒙恬,17,2,15,富邦-苗栗,2023-04-28,9657
6282,康舒,89,75,14,富邦-苗栗,2023-04-28,9657
2634,漢翔,43,29,14,富邦-苗栗,2023-04-28,9657
6548,長科*,13,0,13,富邦-苗栗,2023-04-28,9657
2601,益航,12,0,12,富邦-苗栗,2023-04-28,9657
00885,富邦越南,11,0,11,富邦-苗栗,2023-04-28,9657
00687B,國泰20年美債,11,0,11,富邦-苗栗,2023-04-28,9657
0056,元大高股息,11,1,10,富邦-苗栗,2023-04-28,9657
2208,台船,10,0,10,富邦-苗栗,2023-04-28,9657
2301,光寶科,9,0,9,富邦-苗栗,2023-04-28,9657
1708,東鹼,12,4,8,富邦-苗栗,2023-04-28,9657
4919,新唐,9,1,8,富邦-苗栗,2023-04-28,9657
006208,富邦台50,7,0,7,富邦-苗栗,2023-04-28,9657
6443,元晶,8,1,7,富邦-苗栗,2023-04-28,9657
00902,中信電池及儲能,7,0,7,富邦-苗栗,2023-04-28,9657
2352,佳世達,8,1,7,富邦-苗栗,2023-04-28,9657
00720B,元大投資級公司債,6,0,6,富邦-苗栗,2023-04-28,9657
8046,南電,6,0,6,富邦-苗栗,2023-04-28,9657
4128,中天,11,5,6,富邦-苗栗,2023-04-28,9657
3035,智原,11,5,6,富邦-苗栗,2023-04-28,9657
00773B,中信優先金融債,6,0,6,富邦-苗栗,2023-04-28,9657
1809,中釉,10,4,6,富邦-苗栗,2023-04-28,9657
2884,玉山金,6,0,6,富邦-苗栗,2023-04-28,9657
4566,時碩工業,8,2,6,富邦-苗栗,2023-04-28,9657
2890,永豐金,6,0,6,富邦-苗栗,2023-04-28,9657
00679B,元大美債20年,5,0,5,富邦-苗栗,2023-04-28,9657
00751B,元大AAA至A公司債,5,0,5,富邦-苗栗,2023-04-28,9657
00632R,元大台灣50反1,150,21,129,富邦-苗栗,2023-05-02,9657
00900,富邦特選高股息30,80,0,80,富邦-苗栗,2023-05-02,9657
8011,台通,71,0,71,富邦-苗栗,2023-05-02,9657
5243,乙盛-KY,50,1,49,富邦-苗栗,2023-05-02,9657
2371,大同,38,0,38,富邦-苗栗,2023-05-02,9657
1533,車王電,35,0,35,富邦-苗栗,2023-05-02,9657
2211,長榮鋼,31,0,31,富邦-苗栗,2023-05-02,9657
00878,國泰永續高股息,50,23,27,富邦-苗栗,2023-05-02,9657
00772B,中信高評級公司債,23,0,23,富邦-苗栗,2023-05-02,9657
2603,長榮,26,4,22,富邦-苗栗,2023-05-02,9657
2630,亞航,24,2,22,富邦-苗栗,2023-05-02,9657
1101,台泥,38,17,21,富邦-苗栗,2023-05-02,9657
00680L,元大美債20正2,20,0,20,富邦-苗栗,2023-05-02,9657
00761B,國泰A級公司債,20,0,20,富邦-苗栗,2023-05-02,9657
1471,首利,22,2,20,富邦-苗栗,2023-05-02,9657
2609,陽明,22,4,18,富邦-苗栗,2023-05-02,9657
2344,華邦電,18,3,15,富邦-苗栗,2023-05-02,9657
3058,立德,16,1,15,富邦-苗栗,2023-05-02,9657
3059,華晶科,15,0,15,富邦-苗栗,2023-05-02,9657
3481,群創,19,4,15,富邦-苗栗,2023-05-02,9657
5287,數字,15,0,15,富邦-苗栗,2023-05-02,9657
00712,復華富時不動產,14,0,14,富邦-苗栗,2023-05-02,9657
2402,毅嘉,12,0,12,富邦-苗栗,2023-05-02,9657
2834,臺企銀,12,0,12,富邦-苗栗,2023-05-02,9657
4121,優盛,12,0,12,富邦-苗栗,2023-05-02,9657
3682,亞太電,32,21,11,富邦-苗栗,2023-05-02,9657
6770,力積電,28,17,11,富邦-苗栗,2023-05-02,9657
00773B,中信優先金融債,10,0,10,富邦-苗栗,2023-05-02,9657
1310,台苯,10,0,10,富邦-苗栗,2023-05-02,9657
6188,廣明,10,0,10,富邦-苗栗,2023-05-02,9657
8033,雷虎,15,5,10,富邦-苗栗,2023-05-02,9657
2022,聚亨,10,1,9,富邦-苗栗,2023-05-02,9657
5371,中光電,10,1,9,富邦-苗栗,2023-05-02,9657
6288,聯嘉,9,0,9,富邦-苗栗,2023-05-02,9657
6695,芯鼎,8,0,8,富邦-苗栗,2023-05-02,9657
9902,台火,8,0,8,富邦-苗栗,2023-05-02,9657
00725B,國泰投資級公司債,7,0,7,富邦-苗栗,2023-05-02,9657
3029,零壹,14,7,7,富邦-苗栗,2023-05-02,9657
1612,宏泰,7,0,7,富邦-苗栗,2023-05-02,9657
2471,資通,9,2,7,富邦-苗栗,2023-05-02,9657
5009,榮剛,12,5,7,富邦-苗栗,2023-05-02,9657
3038,全台,7,1,6,富邦-苗栗,2023-05-02,9657
1460,宏遠,6,0,6,富邦-苗栗,2023-05-02,9657
2408,南亞科,6,0,6,富邦-苗栗,2023-05-02,9657
4536,拓凱,6,0,6,富邦-苗栗,2023-05-02,9657
8038,長園科,7,1,6,富邦-苗栗,2023-05-02,9657
00679B,元大美債20年,5,0,5,富邦-苗栗,2023-05-02,9657
00641R,富邦日本反1,5,0,5,富邦-苗栗,2023-05-02,9657
2015,豐興,5,0,5,富邦-苗栗,2023-05-02,9657
2482,連宇,5,0,5,富邦-苗栗,2023-05-02,9657
00632R,元大台灣50反1,392,1,391,富邦-苗栗,2023-05-03,9657
00878,國泰永續高股息,226,5,221,富邦-苗栗,2023-05-03,9657
00715L,期街口布蘭特正2,170,0,170,富邦-苗栗,2023-05-03,9657
2801,彰銀,100,0,100,富邦-苗栗,2023-05-03,9657
4157,太景*-KY,70,0,70,富邦-苗栗,2023-05-03,9657
00712,復華富時不動產,70,3,67,富邦-苗栗,2023-05-03,9657
00642U,期元大S＆P石油,61,0,61,富邦-苗栗,2023-05-03,9657
2201,裕隆,60,4,56,富邦-苗栗,2023-05-03,9657
8033,雷虎,43,1,42,富邦-苗栗,2023-05-03,9657
2913,農林,54,18,36,富邦-苗栗,2023-05-03,9657
00690,兆豐藍籌30,33,0,33,富邦-苗栗,2023-05-03,9657
2603,長榮,33,2,31,富邦-苗栗,2023-05-03,9657
3715,定穎投控,29,0,29,富邦-苗栗,2023-05-03,9657
1609,大亞,26,0,26,富邦-苗栗,2023-05-03,9657
00713,元大台灣高息低波,25,0,25,富邦-苗栗,2023-05-03,9657
1589,永冠-KY,20,0,20,富邦-苗栗,2023-05-03,9657
2867,三商壽,20,0,20,富邦-苗栗,2023-05-03,9657
1514,亞力,22,5,17,富邦-苗栗,2023-05-03,9657
3038,全台,17,1,16,富邦-苗栗,2023-05-03,9657
4968,立積,18,4,14,富邦-苗栗,2023-05-03,9657
1101,台泥,20,6,14,富邦-苗栗,2023-05-03,9657
00753L,中信中國50正2,13,0,13,富邦-苗栗,2023-05-03,9657
2342,茂矽,13,0,13,富邦-苗栗,2023-05-03,9657
3419,譁裕,22,9,13,富邦-苗栗,2023-05-03,9657
2324,仁寶,13,1,12,富邦-苗栗,2023-05-03,9657
3284,太普高,12,0,12,富邦-苗栗,2023-05-03,9657
5222,全訊,19,8,11,富邦-苗栗,2023-05-03,9657
6282,康舒,15,5,10,富邦-苗栗,2023-05-03,9657
3711,日月光投控,10,0,10,富邦-苗栗,2023-05-03,9657
4541,晟田,26,16,10,富邦-苗栗,2023-05-03,9657
6264,富裔,10,0,10,富邦-苗栗,2023-05-03,9657
6568,宏觀,10,0,10,富邦-苗栗,2023-05-03,9657
8011,台通,10,0,10,富邦-苗栗,2023-05-03,9657
8403,盛弘,11,1,10,富邦-苗栗,2023-05-03,9657
2812,台中銀,11,2,9,富邦-苗栗,2023-05-03,9657
00665L,富邦�琤肭磪囓�2,9,0,9,富邦-苗栗,2023-05-03,9657
2371,大同,11,2,9,富邦-苗栗,2023-05-03,9657
2887,台新金,8,0,8,富邦-苗栗,2023-05-03,9657
5009,榮剛,14,6,8,富邦-苗栗,2023-05-03,9657
2890,永豐金,10,2,8,富邦-苗栗,2023-05-03,9657
2409,友達,7,0,7,富邦-苗栗,2023-05-03,9657
00679B,元大美債20年,11,4,7,富邦-苗栗,2023-05-03,9657
00772B,中信高評級公司債,7,0,7,富邦-苗栗,2023-05-03,9657
3548,兆利,7,0,7,富邦-苗栗,2023-05-03,9657
2615,萬海,8,2,6,富邦-苗栗,2023-05-03,9657
00882,中信中國高股息,6,0,6,富邦-苗栗,2023-05-03,9657
2230,泰茂,6,0,6,富邦-苗栗,2023-05-03,9657
3228,金麗科,6,0,6,富邦-苗栗,2023-05-03,9657
6160,欣技,6,0,6,富邦-苗栗,2023-05-03,9657
6179,亞通,6,0,6,富邦-苗栗,2023-05-03,9657
00715L,期街口布蘭特正2,148,0,148,富邦-苗栗,2023-05-04,9657
4157,太景*-KY,80,0,80,富邦-苗栗,2023-05-04,9657
2368,金像電,62,0,62,富邦-苗栗,2023-05-04,9657
4566,時碩工業,62,2,60,富邦-苗栗,2023-05-04,9657
00878,國泰永續高股息,51,11,40,富邦-苗栗,2023-05-04,9657
6245,立端,46,7,39,富邦-苗栗,2023-05-04,9657
8033,雷虎,37,0,37,富邦-苗栗,2023-05-04,9657
00881,國泰台灣5G+,30,0,30,富邦-苗栗,2023-05-04,9657
2867,三商壽,30,0,30,富邦-苗栗,2023-05-04,9657
2371,大同,20,1,19,富邦-苗栗,2023-05-04,9657
2913,農林,24,5,19,富邦-苗栗,2023-05-04,9657
2845,遠東銀,18,0,18,富邦-苗栗,2023-05-04,9657
5009,榮剛,39,23,16,富邦-苗栗,2023-05-04,9657
5222,全訊,18,2,16,富邦-苗栗,2023-05-04,9657
1802,台玻,15,0,15,富邦-苗栗,2023-05-04,9657
6234,高僑,16,2,14,富邦-苗栗,2023-05-04,9657
2409,友達,13,0,13,富邦-苗栗,2023-05-04,9657
3005,神基,15,2,13,富邦-苗栗,2023-05-04,9657
3481,群創,55,42,13,富邦-苗栗,2023-05-04,9657
2609,陽明,14,2,12,富邦-苗栗,2023-05-04,9657
3029,零壹,24,12,12,富邦-苗栗,2023-05-04,9657
2002,中鋼,12,0,12,富邦-苗栗,2023-05-04,9657
1905,華紙,46,35,11,富邦-苗栗,2023-05-04,9657
00642U,期元大S＆P石油,10,0,10,富邦-苗栗,2023-05-04,9657
00639,富邦深100,10,0,10,富邦-苗栗,2023-05-04,9657
2201,裕隆,16,6,10,富邦-苗栗,2023-05-04,9657
2324,仁寶,10,0,10,富邦-苗栗,2023-05-04,9657
2460,建通,10,0,10,富邦-苗栗,2023-05-04,9657
3711,日月光投控,10,1,9,富邦-苗栗,2023-05-04,9657
5469,瀚宇博,19,10,9,富邦-苗栗,2023-05-04,9657
2890,永豐金,8,0,8,富邦-苗栗,2023-05-04,9657
2611,志信,10,2,8,富邦-苗栗,2023-05-04,9657
3006,晶豪科,8,0,8,富邦-苗栗,2023-05-04,9657
3419,譁裕,10,2,8,富邦-苗栗,2023-05-04,9657
3576,聯合再生,8,0,8,富邦-苗栗,2023-05-04,9657
5211,蒙恬,12,4,8,富邦-苗栗,2023-05-04,9657
1514,亞力,10,3,7,富邦-苗栗,2023-05-04,9657
3548,兆利,7,0,7,富邦-苗栗,2023-05-04,9657
6163,華電網,10,3,7,富邦-苗栗,2023-05-04,9657
00720B,元大投資級公司債,10,3,7,富邦-苗栗,2023-05-04,9657
4114,健喬,7,1,6,富邦-苗栗,2023-05-04,9657
1504,東元,8,2,6,富邦-苗栗,2023-05-04,9657
1308,亞聚,6,0,6,富邦-苗栗,2023-05-04,9657
1319,東陽,6,0,6,富邦-苗栗,2023-05-04,9657
3228,金麗科,6,0,6,富邦-苗栗,2023-05-04,9657
8072,陞泰,6,0,6,富邦-苗栗,2023-05-04,9657
2897,王道銀行,5,0,5,富邦-苗栗,2023-05-04,9657
00664R,國泰臺灣加權反1,5,0,5,富邦-苗栗,2023-05-04,9657
1711,永光,5,0,5,富邦-苗栗,2023-05-04,9657
2344,華邦電,5,0,5,富邦-苗栗,2023-05-04,9657
2614,東森,93,1,92,富邦-苗栗,2023-05-05,9657
4157,太景*-KY,82,0,82,富邦-苗栗,2023-05-05,9657
1609,大亞,74,10,64,富邦-苗栗,2023-05-05,9657
2913,農林,66,23,43,富邦-苗栗,2023-05-05,9657
00712,復華富時不動產,39,1,38,富邦-苗栗,2023-05-05,9657
00715L,期街口布蘭特正2,59,23,36,富邦-苗栗,2023-05-05,9657
4123,晟德,36,0,36,富邦-苗栗,2023-05-05,9657
00639,富邦深100,31,0,31,富邦-苗栗,2023-05-05,9657
00878,國泰永續高股息,31,4,27,富邦-苗栗,2023-05-05,9657
4510,高鋒,23,0,23,富邦-苗栗,2023-05-05,9657
4114,健喬,23,2,21,富邦-苗栗,2023-05-05,9657
2353,宏��,22,2,20,富邦-苗栗,2023-05-05,9657
00720B,元大投資級公司債,18,0,18,富邦-苗栗,2023-05-05,9657
4744,皇將,23,7,16,富邦-苗栗,2023-05-05,9657
1905,華紙,17,2,15,富邦-苗栗,2023-05-05,9657
2392,正崴,15,0,15,富邦-苗栗,2023-05-05,9657
1605,華新,14,0,14,富邦-苗栗,2023-05-05,9657
1439,雋揚,14,0,14,富邦-苗栗,2023-05-05,9657
2609,陽明,18,4,14,富邦-苗栗,2023-05-05,9657
1712,興農,13,0,13,富邦-苗栗,2023-05-05,9657
4916,事欣科,13,0,13,富邦-苗栗,2023-05-05,9657
2603,長榮,14,2,12,富邦-苗栗,2023-05-05,9657
2495,普安,11,0,11,富邦-苗栗,2023-05-05,9657
1785,光洋科,14,3,11,富邦-苗栗,2023-05-05,9657
4142,國光生,11,0,11,富邦-苗栗,2023-05-05,9657
2049,上銀,10,0,10,富邦-苗栗,2023-05-05,9657
4130,健亞,10,0,10,富邦-苗栗,2023-05-05,9657
6152,百一,10,0,10,富邦-苗栗,2023-05-05,9657
1909,榮成,10,0,10,富邦-苗栗,2023-05-05,9657
00923,群益台ESG低碳50,10,0,10,富邦-苗栗,2023-05-05,9657
00679B,元大美債20年,16,7,9,富邦-苗栗,2023-05-05,9657
3025,星通,10,1,9,富邦-苗栗,2023-05-05,9657
3548,兆利,9,0,9,富邦-苗栗,2023-05-05,9657
1514,亞力,12,3,9,富邦-苗栗,2023-05-05,9657
2408,南亞科,8,0,8,富邦-苗栗,2023-05-05,9657
6499,益安,8,1,7,富邦-苗栗,2023-05-05,9657
1513,中興電,9,2,7,富邦-苗栗,2023-05-05,9657
1784,訊聯,10,3,7,富邦-苗栗,2023-05-05,9657
6129,普誠,7,0,7,富邦-苗栗,2023-05-05,9657
00642U,期元大S＆P石油,6,0,6,富邦-苗栗,2023-05-05,9657
1529,樂事綠能,10,4,6,富邦-苗栗,2023-05-05,9657
2610,華航,6,0,6,富邦-苗栗,2023-05-05,9657
2630,亞航,11,5,6,富邦-苗栗,2023-05-05,9657
2915,潤泰全,6,0,6,富邦-苗栗,2023-05-05,9657
3228,金麗科,6,0,6,富邦-苗栗,2023-05-05,9657
4919,新唐,6,1,5,富邦-苗栗,2023-05-05,9657
1802,台玻,5,0,5,富邦-苗栗,2023-05-05,9657
2342,茂矽,5,0,5,富邦-苗栗,2023-05-05,9657
2354,鴻準,5,0,5,富邦-苗栗,2023-05-05,9657
3147,大綜,5,0,5,富邦-苗栗,2023-05-05,9657
4157,太景*-KY,58,0,58,富邦-苗栗,2023-05-08,9657
00632R,元大台灣50反1,50,0,50,富邦-苗栗,2023-05-08,9657
1605,華新,43,3,40,富邦-苗栗,2023-05-08,9657
2913,農林,32,0,32,富邦-苗栗,2023-05-08,9657
00679B,元大美債20年,31,0,31,富邦-苗栗,2023-05-08,9657
00671R,富邦NASDAQ反1,30,0,30,富邦-苗栗,2023-05-08,9657
4121,優盛,29,1,28,富邦-苗栗,2023-05-08,9657
9955,佳龍,26,2,24,富邦-苗栗,2023-05-08,9657
2419,仲琦,23,0,23,富邦-苗栗,2023-05-08,9657
2409,友達,25,3,22,富邦-苗栗,2023-05-08,9657
6241,易通展,22,0,22,富邦-苗栗,2023-05-08,9657
3715,定穎投控,44,23,21,富邦-苗栗,2023-05-08,9657
2845,遠東銀,18,0,18,富邦-苗栗,2023-05-08,9657
00773B,中信優先金融債,17,0,17,富邦-苗栗,2023-05-08,9657
00712,復華富時不動產,18,1,17,富邦-苗栗,2023-05-08,9657
2359,所羅門,22,6,16,富邦-苗栗,2023-05-08,9657
2883,凱基金,34,20,14,富邦-苗栗,2023-05-08,9657
1439,雋揚,16,3,13,富邦-苗栗,2023-05-08,9657
1810,和成,10,0,10,富邦-苗栗,2023-05-08,9657
6191,精成科,10,0,10,富邦-苗栗,2023-05-08,9657
6270,倍微,10,0,10,富邦-苗栗,2023-05-08,9657
8049,晶采,10,0,10,富邦-苗栗,2023-05-08,9657
2455,全新,13,3,10,富邦-苗栗,2023-05-08,9657
00720B,元大投資級公司債,9,0,9,富邦-苗栗,2023-05-08,9657
4173,久裕,12,3,9,富邦-苗栗,2023-05-08,9657
2421,建準,16,7,9,富邦-苗栗,2023-05-08,9657
3481,群創,21,13,8,富邦-苗栗,2023-05-08,9657
1513,中興電,30,22,8,富邦-苗栗,2023-05-08,9657
00902,中信電池及儲能,7,0,7,富邦-苗栗,2023-05-08,9657
3664,安瑞-KY,7,0,7,富邦-苗栗,2023-05-08,9657
6163,華電網,7,0,7,富邦-苗栗,2023-05-08,9657
8215,明基材,7,0,7,富邦-苗栗,2023-05-08,9657
2614,東森,7,0,7,富邦-苗栗,2023-05-08,9657
2211,長榮鋼,7,1,6,富邦-苗栗,2023-05-08,9657
2408,南亞科,11,5,6,富邦-苗栗,2023-05-08,9657
3338,泰碩,7,1,6,富邦-苗栗,2023-05-08,9657
5227,立凱-KY,6,0,6,富邦-苗栗,2023-05-08,9657
5608,四維航,6,0,6,富邦-苗栗,2023-05-08,9657
8086,宏捷科,6,0,6,富邦-苗栗,2023-05-08,9657
2471,資通,13,7,6,富邦-苗栗,2023-05-08,9657
3005,神基,5,0,5,富邦-苗栗,2023-05-08,9657
6173,信昌電,5,0,5,富邦-苗栗,2023-05-08,9657
2609,陽明,15,10,5,富邦-苗栗,2023-05-08,9657
1210,大成,5,0,5,富邦-苗栗,2023-05-08,9657
00881,國泰台灣5G+,7,2,5,富邦-苗栗,2023-05-08,9657
1586,和勤,5,0,5,富邦-苗栗,2023-05-08,9657
2049,上銀,5,0,5,富邦-苗栗,2023-05-08,9657
2342,茂矽,5,0,5,富邦-苗栗,2023-05-08,9657
2460,建通,5,0,5,富邦-苗栗,2023-05-08,9657
2610,華航,5,0,5,富邦-苗栗,2023-05-08,9657
00712,復華富時不動產,98,0,98,富邦-苗栗,2023-05-09,9657
00687B,國泰20年美債,52,0,52,富邦-苗栗,2023-05-09,9657
00679B,元大美債20年,51,1,50,富邦-苗栗,2023-05-09,9657
6248,沛波,50,0,50,富邦-苗栗,2023-05-09,9657
5531,鄉林,48,0,48,富邦-苗栗,2023-05-09,9657
8033,雷虎,50,6,44,富邦-苗栗,2023-05-09,9657
2913,農林,66,24,42,富邦-苗栗,2023-05-09,9657
2834,臺企銀,46,11,35,富邦-苗栗,2023-05-09,9657
00878,國泰永續高股息,26,5,21,富邦-苗栗,2023-05-09,9657
00900,富邦特選高股息30,50,32,18,富邦-苗栗,2023-05-09,9657
1905,華紙,60,42,18,富邦-苗栗,2023-05-09,9657
3715,定穎投控,26,8,18,富邦-苗栗,2023-05-09,9657
4121,優盛,19,2,17,富邦-苗栗,2023-05-09,9657
3483,力致,16,0,16,富邦-苗栗,2023-05-09,9657
3088,艾訊,15,0,15,富邦-苗栗,2023-05-09,9657
1215,卜蜂,16,1,15,富邦-苗栗,2023-05-09,9657
1513,中興電,22,7,15,富邦-苗栗,2023-05-09,9657
00772B,中信高評級公司債,14,0,14,富邦-苗栗,2023-05-09,9657
2314,台揚,14,0,14,富邦-苗栗,2023-05-09,9657
2208,台船,13,0,13,富邦-苗栗,2023-05-09,9657
2352,佳世達,17,5,12,富邦-苗栗,2023-05-09,9657
8097,常珵,12,0,12,富邦-苗栗,2023-05-09,9657
3576,聯合再生,11,0,11,富邦-苗栗,2023-05-09,9657
1605,華新,14,3,11,富邦-苗栗,2023-05-09,9657
6218,豪勉,12,1,11,富邦-苗栗,2023-05-09,9657
4114,健喬,11,1,10,富邦-苗栗,2023-05-09,9657
00632R,元大台灣50反1,10,0,10,富邦-苗栗,2023-05-09,9657
3338,泰碩,10,0,10,富邦-苗栗,2023-05-09,9657
6245,立端,10,0,10,富邦-苗栗,2023-05-09,9657
6789,采鈺,10,0,10,富邦-苗栗,2023-05-09,9657
2484,希華,15,6,9,富邦-苗栗,2023-05-09,9657
3038,全台,11,2,9,富邦-苗栗,2023-05-09,9657
6226,光鼎,9,0,9,富邦-苗栗,2023-05-09,9657
00720B,元大投資級公司債,8,0,8,富邦-苗栗,2023-05-09,9657
6666,羅麗芬-KY,8,0,8,富邦-苗栗,2023-05-09,9657
2634,漢翔,16,9,7,富邦-苗栗,2023-05-09,9657
2462,良得電,7,0,7,富邦-苗栗,2023-05-09,9657
3163,波若威,7,0,7,富邦-苗栗,2023-05-09,9657
2387,精元,8,1,7,富邦-苗栗,2023-05-09,9657
00680L,元大美債20正2,6,0,6,富邦-苗栗,2023-05-09,9657
2369,菱生,6,0,6,富邦-苗栗,2023-05-09,9657
3058,立德,8,2,6,富邦-苗栗,2023-05-09,9657
8049,晶采,6,0,6,富邦-苗栗,2023-05-09,9657
8213,志超,6,0,6,富邦-苗栗,2023-05-09,9657
8420,明揚,7,1,6,富邦-苗栗,2023-05-09,9657
8255,朋程,7,2,5,富邦-苗栗,2023-05-09,9657
2201,裕隆,5,0,5,富邦-苗栗,2023-05-09,9657
00713,元大台灣高息低波,5,0,5,富邦-苗栗,2023-05-09,9657
1217,愛之味,5,0,5,富邦-苗栗,2023-05-09,9657
1784,訊聯,7,2,5,富邦-苗栗,2023-05-09,9657
00878,國泰永續高股息,73,2,71,富邦-苗栗,2023-05-10,9657
3202,樺晟,36,0,36,富邦-苗栗,2023-05-10,9657
2337,旺宏,30,0,30,富邦-苗栗,2023-05-10,9657
2913,農林,33,6,27,富邦-苗栗,2023-05-10,9657
5009,榮剛,27,5,22,富邦-苗栗,2023-05-10,9657
3231,緯創,24,3,21,富邦-苗栗,2023-05-10,9657
4157,太景*-KY,20,0,20,富邦-苗栗,2023-05-10,9657
00712,復華富時不動產,19,0,19,富邦-苗栗,2023-05-10,9657
2891,中信金,20,3,17,富邦-苗栗,2023-05-10,9657
6185,幃翔,38,21,17,富邦-苗栗,2023-05-10,9657
00680L,元大美債20正2,16,0,16,富邦-苗栗,2023-05-10,9657
3011,今皓,15,0,15,富邦-苗栗,2023-05-10,9657
6285,啟��,15,0,15,富邦-苗栗,2023-05-10,9657
1584,精剛,14,0,14,富邦-苗栗,2023-05-10,9657
00639,富邦深100,13,0,13,富邦-苗栗,2023-05-10,9657
5469,瀚宇博,19,6,13,富邦-苗栗,2023-05-10,9657
00713,元大台灣高息低波,12,1,11,富邦-苗栗,2023-05-10,9657
4939,亞電,14,3,11,富邦-苗栗,2023-05-10,9657
8446,華研,11,0,11,富邦-苗栗,2023-05-10,9657
1905,華紙,12,2,10,富邦-苗栗,2023-05-10,9657
2888,新光金,10,0,10,富邦-苗栗,2023-05-10,9657
3094,聯傑,10,0,10,富邦-苗栗,2023-05-10,9657
2317,鴻海,13,4,9,富邦-苗栗,2023-05-10,9657
1701,中化,9,0,9,富邦-苗栗,2023-05-10,9657
3715,定穎投控,12,3,9,富邦-苗栗,2023-05-10,9657
1605,華新,12,4,8,富邦-苗栗,2023-05-10,9657
6163,華電網,12,4,8,富邦-苗栗,2023-05-10,9657
00751B,元大AAA至A公司債,7,0,7,富邦-苗栗,2023-05-10,9657
2618,長榮航,22,15,7,富邦-苗栗,2023-05-10,9657
00655L,國泰中國A50正2,7,0,7,富邦-苗栗,2023-05-10,9657
2495,普安,28,21,7,富邦-苗栗,2023-05-10,9657
3209,全科,7,0,7,富邦-苗栗,2023-05-10,9657
6116,彩晶,10,3,7,富邦-苗栗,2023-05-10,9657
1471,首利,6,0,6,富邦-苗栗,2023-05-10,9657
2457,飛宏,20,14,6,富邦-苗栗,2023-05-10,9657
2498,宏達電,11,5,6,富邦-苗栗,2023-05-10,9657
6523,達爾膚,6,0,6,富邦-苗栗,2023-05-10,9657
6213,聯茂,5,0,5,富邦-苗栗,2023-05-10,9657
00853B,統一美債10年Aa-,5,0,5,富邦-苗栗,2023-05-10,9657
00896,中信綠能及電動車,5,0,5,富邦-苗栗,2023-05-10,9657
2352,佳世達,6,1,5,富邦-苗栗,2023-05-10,9657
2413,環科,5,0,5,富邦-苗栗,2023-05-10,9657
3013,晟銘電,6,1,5,富邦-苗栗,2023-05-10,9657
6160,欣技,5,0,5,富邦-苗栗,2023-05-10,9657
6799,來頡,5,0,5,富邦-苗栗,2023-05-10,9657
2330,台積電,5,0,5,富邦-苗栗,2023-05-10,9657
3017,奇鋐,5,1,4,富邦-苗栗,2023-05-10,9657
020020,元大台股領航N,4,0,4,富邦-苗栗,2023-05-10,9657
00753L,中信中國50正2,4,0,4,富邦-苗栗,2023-05-10,9657
1529,樂事綠能,6,2,4,富邦-苗栗,2023-05-10,9657
4979,華星光,108,3,105,富邦-苗栗,2023-05-11,9657
2358,廷鑫,80,0,80,富邦-苗栗,2023-05-11,9657
4123,晟德,74,0,74,富邦-苗栗,2023-05-11,9657
5009,榮剛,67,4,63,富邦-苗栗,2023-05-11,9657
4726,永昕,61,0,61,富邦-苗栗,2023-05-11,9657
1460,宏遠,47,0,47,富邦-苗栗,2023-05-11,9657
2913,農林,63,17,46,富邦-苗栗,2023-05-11,9657
2201,裕隆,39,0,39,富邦-苗栗,2023-05-11,9657
1609,大亞,41,3,38,富邦-苗栗,2023-05-11,9657
6235,華孚,70,40,30,富邦-苗栗,2023-05-11,9657
6733,博晟生醫,30,0,30,富邦-苗栗,2023-05-11,9657
8072,陞泰,30,0,30,富邦-苗栗,2023-05-11,9657
2409,友達,28,2,26,富邦-苗栗,2023-05-11,9657
1513,中興電,26,2,24,富邦-苗栗,2023-05-11,9657
3038,全台,23,0,23,富邦-苗栗,2023-05-11,9657
3033,威健,22,0,22,富邦-苗栗,2023-05-11,9657
3481,群創,21,0,21,富邦-苗栗,2023-05-11,9657
3224,三顧,20,0,20,富邦-苗栗,2023-05-11,9657
5484,慧友,18,0,18,富邦-苗栗,2023-05-11,9657
4503,金雨,26,9,17,富邦-苗栗,2023-05-11,9657
2609,陽明,17,1,16,富邦-苗栗,2023-05-11,9657
2915,潤泰全,16,0,16,富邦-苗栗,2023-05-11,9657
2834,臺企銀,16,0,16,富邦-苗栗,2023-05-11,9657
3083,網龍,16,0,16,富邦-苗栗,2023-05-11,9657
4939,亞電,17,1,16,富邦-苗栗,2023-05-11,9657
00633L,富邦上証正2,13,0,13,富邦-苗栗,2023-05-11,9657
4426,利勤,13,0,13,富邦-苗栗,2023-05-11,9657
3062,建漢,12,0,12,富邦-苗栗,2023-05-11,9657
6285,啟��,11,0,11,富邦-苗栗,2023-05-11,9657
8905,裕國,11,0,11,富邦-苗栗,2023-05-11,9657
1784,訊聯,11,1,10,富邦-苗栗,2023-05-11,9657
2022,聚亨,10,0,10,富邦-苗栗,2023-05-11,9657
2605,新興,10,0,10,富邦-苗栗,2023-05-11,9657
5328,華容,10,0,10,富邦-苗栗,2023-05-11,9657
6161,捷波,10,0,10,富邦-苗栗,2023-05-11,9657
6202,盛群,10,0,10,富邦-苗栗,2023-05-11,9657
6541,泰福-KY,10,0,10,富邦-苗栗,2023-05-11,9657
6789,采鈺,10,0,10,富邦-苗栗,2023-05-11,9657
3088,艾訊,9,0,9,富邦-苗栗,2023-05-11,9657
9907,統一實,20,11,9,富邦-苗栗,2023-05-11,9657
2392,正崴,9,0,9,富邦-苗栗,2023-05-11,9657
8038,長園科,14,5,9,富邦-苗栗,2023-05-11,9657
5015,華祺,8,0,8,富邦-苗栗,2023-05-11,9657
1810,和成,11,3,8,富邦-苗栗,2023-05-11,9657
2312,金寶,8,0,8,富邦-苗栗,2023-05-11,9657
6024,群益期,8,0,8,富邦-苗栗,2023-05-11,9657
1905,華紙,19,11,8,富邦-苗栗,2023-05-11,9657
00712,復華富時不動產,7,0,7,富邦-苗栗,2023-05-11,9657
4130,健亞,7,0,7,富邦-苗栗,2023-05-11,9657
00715L,期街口布蘭特正2,8,1,7,富邦-苗栗,2023-05-11,9657
2888,新光金,143,0,143,富邦-苗栗,2023-05-12,9657
00878,國泰永續高股息,114,40,74,富邦-苗栗,2023-05-12,9657
00715L,期街口布蘭特正2,114,52,62,富邦-苗栗,2023-05-12,9657
5498,凱崴,42,0,42,富邦-苗栗,2023-05-12,9657
4726,永昕,40,0,40,富邦-苗栗,2023-05-12,9657
0056,元大高股息,28,0,28,富邦-苗栗,2023-05-12,9657
3576,聯合再生,25,0,25,富邦-苗栗,2023-05-12,9657
6508,惠光,22,0,22,富邦-苗栗,2023-05-12,9657
3094,聯傑,20,0,20,富邦-苗栗,2023-05-12,9657
4979,華星光,22,4,18,富邦-苗栗,2023-05-12,9657
2412,中華電,12,0,12,富邦-苗栗,2023-05-12,9657
3264,欣銓,12,0,12,富邦-苗栗,2023-05-12,9657
1101,台泥,15,3,12,富邦-苗栗,2023-05-12,9657
6285,啟��,11,1,10,富邦-苗栗,2023-05-12,9657
8429,金麗-KY,10,0,10,富邦-苗栗,2023-05-12,9657
3006,晶豪科,12,2,10,富邦-苗栗,2023-05-12,9657
3481,群創,9,0,9,富邦-苗栗,2023-05-12,9657
1727,中華化,8,0,8,富邦-苗栗,2023-05-12,9657
2495,普安,8,0,8,富邦-苗栗,2023-05-12,9657
2618,長榮航,10,2,8,富邦-苗栗,2023-05-12,9657
6138,茂達,16,8,8,富邦-苗栗,2023-05-12,9657
00720B,元大投資級公司債,7,0,7,富邦-苗栗,2023-05-12,9657
2883,凱基金,7,0,7,富邦-苗栗,2023-05-12,9657
3141,晶宏,7,0,7,富邦-苗栗,2023-05-12,9657
8076,伍豐,10,3,7,富邦-苗栗,2023-05-12,9657
8937,合騏,7,0,7,富邦-苗栗,2023-05-12,9657
6469,大樹,8,2,6,富邦-苗栗,2023-05-12,9657
2324,仁寶,7,1,6,富邦-苗栗,2023-05-12,9657
0050,元大台灣50,6,0,6,富邦-苗栗,2023-05-12,9657
00687B,國泰20年美債,6,0,6,富邦-苗栗,2023-05-12,9657
3231,緯創,42,36,6,富邦-苗栗,2023-05-12,9657
2330,台積電,7,1,6,富邦-苗栗,2023-05-12,9657
2609,陽明,6,1,5,富邦-苗栗,2023-05-12,9657
6191,精成科,13,8,5,富邦-苗栗,2023-05-12,9657
00655L,國泰中國A50正2,5,0,5,富邦-苗栗,2023-05-12,9657
00751B,元大AAA至A公司債,5,0,5,富邦-苗栗,2023-05-12,9657
00853B,統一美債10年Aa-,5,0,5,富邦-苗栗,2023-05-12,9657
2405,輔信,5,0,5,富邦-苗栗,2023-05-12,9657
4939,亞電,5,0,5,富邦-苗栗,2023-05-12,9657
2002,中鋼,5,1,4,富邦-苗栗,2023-05-12,9657
2882,國泰金,10,6,4,富邦-苗栗,2023-05-12,9657
1605,華新,6,2,4,富邦-苗栗,2023-05-12,9657
2409,友達,4,0,4,富邦-苗栗,2023-05-12,9657
8033,雷虎,9,5,4,富邦-苗栗,2023-05-12,9657
2834,臺企銀,4,1,3,富邦-苗栗,2023-05-12,9657
1314,中石化,3,0,3,富邦-苗栗,2023-05-12,9657
1514,亞力,5,2,3,富邦-苗栗,2023-05-12,9657
2892,第一金,3,0,3,富邦-苗栗,2023-05-12,9657
2890,永豐金,3,0,3,富邦-苗栗,2023-05-12,9657
2603,長榮,4,1,3,富邦-苗栗,2023-05-12,9657
3038,全台,56,0,56,富邦-苗栗,2023-05-15,9657
00878,國泰永續高股息,65,19,46,富邦-苗栗,2023-05-15,9657
2915,潤泰全,46,5,41,富邦-苗栗,2023-05-15,9657
00632R,元大台灣50反1,40,0,40,富邦-苗栗,2023-05-15,9657
2303,聯電,37,0,37,富邦-苗栗,2023-05-15,9657
1218,泰山,32,2,30,富邦-苗栗,2023-05-15,9657
4123,晟德,65,35,30,富邦-苗栗,2023-05-15,9657
8183,精星,30,0,30,富邦-苗栗,2023-05-15,9657
2489,瑞軒,29,0,29,富邦-苗栗,2023-05-15,9657
00715L,期街口布蘭特正2,44,15,29,富邦-苗栗,2023-05-15,9657
3231,緯創,31,4,27,富邦-苗栗,2023-05-15,9657
0056,元大高股息,24,1,23,富邦-苗栗,2023-05-15,9657
00637L,元大滬深300正2,20,0,20,富邦-苗栗,2023-05-15,9657
00650L,復華香港正2,20,0,20,富邦-苗栗,2023-05-15,9657
2358,廷鑫,19,0,19,富邦-苗栗,2023-05-15,9657
2002,中鋼,18,2,16,富邦-苗栗,2023-05-15,9657
6152,百一,15,0,15,富邦-苗栗,2023-05-15,9657
3504,揚明光,15,0,15,富邦-苗栗,2023-05-15,9657
2201,裕隆,22,7,15,富邦-苗栗,2023-05-15,9657
00679B,元大美債20年,14,0,14,富邦-苗栗,2023-05-15,9657
00720B,元大投資級公司債,13,0,13,富邦-苗栗,2023-05-15,9657
6770,力積電,14,1,13,富邦-苗栗,2023-05-15,9657
2317,鴻海,14,2,12,富邦-苗栗,2023-05-15,9657
2634,漢翔,12,1,11,富邦-苗栗,2023-05-15,9657
5484,慧友,11,0,11,富邦-苗栗,2023-05-15,9657
1504,東元,38,27,11,富邦-苗栗,2023-05-15,9657
6129,普誠,10,0,10,富邦-苗栗,2023-05-15,9657
2838,聯邦銀,10,0,10,富邦-苗栗,2023-05-15,9657
5498,凱崴,10,0,10,富邦-苗栗,2023-05-15,9657
6161,捷波,10,0,10,富邦-苗栗,2023-05-15,9657
1101,台泥,14,4,10,富邦-苗栗,2023-05-15,9657
3704,合勤控,9,0,9,富邦-苗栗,2023-05-15,9657
4133,亞諾法,9,0,9,富邦-苗栗,2023-05-15,9657
6138,茂達,9,1,8,富邦-苗栗,2023-05-15,9657
1784,訊聯,9,1,8,富邦-苗栗,2023-05-15,9657
00888,永豐台灣ESG,8,0,8,富邦-苗栗,2023-05-15,9657
2331,精英,8,0,8,富邦-苗栗,2023-05-15,9657
2618,長榮航,11,3,8,富邦-苗栗,2023-05-15,9657
4726,永昕,8,0,8,富邦-苗栗,2023-05-15,9657
6122,擎邦,9,2,7,富邦-苗栗,2023-05-15,9657
2913,農林,10,3,7,富邦-苗栗,2023-05-15,9657
1314,中石化,7,0,7,富邦-苗栗,2023-05-15,9657
2603,長榮,27,21,6,富邦-苗栗,2023-05-15,9657
00633L,富邦上証正2,6,0,6,富邦-苗栗,2023-05-15,9657
8222,寶一,8,2,6,富邦-苗栗,2023-05-15,9657
9907,統一實,6,0,6,富邦-苗栗,2023-05-15,9657
4121,優盛,7,2,5,富邦-苗栗,2023-05-15,9657
3540,曜越,6,1,5,富邦-苗栗,2023-05-15,9657
00923,群益台ESG低碳50,5,0,5,富邦-苗栗,2023-05-15,9657
00639,富邦深100,5,0,5,富邦-苗栗,2023-05-15,9657
00632R,元大台灣50反1,499,0,499,富邦-苗栗,2023-05-16,9657
2323,中環,192,2,190,富邦-苗栗,2023-05-16,9657
4157,太景*-KY,87,0,87,富邦-苗栗,2023-05-16,9657
3062,建漢,70,0,70,富邦-苗栗,2023-05-16,9657
00878,國泰永續高股息,65,8,57,富邦-苗栗,2023-05-16,9657
5498,凱崴,53,2,51,富邦-苗栗,2023-05-16,9657
3038,全台,30,0,30,富邦-苗栗,2023-05-16,9657
4120,友華,26,0,26,富邦-苗栗,2023-05-16,9657
2489,瑞軒,21,0,21,富邦-苗栗,2023-05-16,9657
2618,長榮航,23,6,17,富邦-苗栗,2023-05-16,9657
3231,緯創,19,3,16,富邦-苗栗,2023-05-16,9657
00751B,元大AAA至A公司債,15,0,15,富邦-苗栗,2023-05-16,9657
4967,十銓,33,20,13,富邦-苗栗,2023-05-16,9657
2022,聚亨,13,1,12,富邦-苗栗,2023-05-16,9657
9943,好樂迪,15,3,12,富邦-苗栗,2023-05-16,9657
00687B,國泰20年美債,11,0,11,富邦-苗栗,2023-05-16,9657
8076,伍豐,25,15,10,富邦-苗栗,2023-05-16,9657
3287,廣寰科,10,0,10,富邦-苗栗,2023-05-16,9657
6248,沛波,10,0,10,富邦-苗栗,2023-05-16,9657
3035,智原,9,0,9,富邦-苗栗,2023-05-16,9657
2006,東和鋼鐵,10,1,9,富邦-苗栗,2023-05-16,9657
00772B,中信高評級公司債,9,0,9,富邦-苗栗,2023-05-16,9657
6147,頎邦,9,0,9,富邦-苗栗,2023-05-16,9657
8059,凱碩,10,1,9,富邦-苗栗,2023-05-16,9657
00720B,元大投資級公司債,7,0,7,富邦-苗栗,2023-05-16,9657
6167,久正,8,1,7,富邦-苗栗,2023-05-16,9657
1609,大亞,17,10,7,富邦-苗栗,2023-05-16,9657
6191,精成科,7,0,7,富邦-苗栗,2023-05-16,9657
2317,鴻海,6,0,6,富邦-苗栗,2023-05-16,9657
8222,寶一,8,2,6,富邦-苗栗,2023-05-16,9657
2002,中鋼,6,0,6,富邦-苗栗,2023-05-16,9657
2344,華邦電,6,0,6,富邦-苗栗,2023-05-16,9657
2845,遠東銀,6,0,6,富邦-苗栗,2023-05-16,9657
1504,東元,23,18,5,富邦-苗栗,2023-05-16,9657
6118,建達,5,0,5,富邦-苗栗,2023-05-16,9657
00897,富邦基因免疫生技,5,0,5,富邦-苗栗,2023-05-16,9657
1710,東聯,5,0,5,富邦-苗栗,2023-05-16,9657
2461,光群雷,5,0,5,富邦-苗栗,2023-05-16,9657
2486,一詮,5,0,5,富邦-苗栗,2023-05-16,9657
2495,普安,6,1,5,富邦-苗栗,2023-05-16,9657
2601,益航,5,0,5,富邦-苗栗,2023-05-16,9657
3260,威剛,5,0,5,富邦-苗栗,2023-05-16,9657
4572,駐龍,5,0,5,富邦-苗栗,2023-05-16,9657
4581,光隆精密-KY,6,1,5,富邦-苗栗,2023-05-16,9657
5211,蒙恬,5,0,5,富邦-苗栗,2023-05-16,9657
5227,立凱-KY,7,2,5,富邦-苗栗,2023-05-16,9657
5483,中美晶,5,0,5,富邦-苗栗,2023-05-16,9657
6220,岳豐,5,0,5,富邦-苗栗,2023-05-16,9657
6470,宇智,5,0,5,富邦-苗栗,2023-05-16,9657
9955,佳龍,5,0,5,富邦-苗栗,2023-05-16,9657
00632R,元大台灣50反1,816,1,815,富邦-苗栗,2023-05-17,9657
00676R,富邦臺灣加權反1,91,0,91,富邦-苗栗,2023-05-17,9657
5498,凱崴,78,2,76,富邦-苗栗,2023-05-17,9657
00878,國泰永續高股息,69,10,59,富邦-苗栗,2023-05-17,9657
3062,建漢,56,4,52,富邦-苗栗,2023-05-17,9657
2618,長榮航,37,0,37,富邦-苗栗,2023-05-17,9657
00637L,元大滬深300正2,30,0,30,富邦-苗栗,2023-05-17,9657
2402,毅嘉,39,12,27,富邦-苗栗,2023-05-17,9657
2867,三商壽,30,5,25,富邦-苗栗,2023-05-17,9657
2838,聯邦銀,25,2,23,富邦-苗栗,2023-05-17,9657
2915,潤泰全,22,0,22,富邦-苗栗,2023-05-17,9657
2887E,台新戊特,21,0,21,富邦-苗栗,2023-05-17,9657
3038,全台,21,0,21,富邦-苗栗,2023-05-17,9657
00686R,群益臺灣加權反1,20,0,20,富邦-苗栗,2023-05-17,9657
5381,合正,20,0,20,富邦-苗栗,2023-05-17,9657
00772B,中信高評級公司債,19,0,19,富邦-苗栗,2023-05-17,9657
2457,飛宏,21,3,18,富邦-苗栗,2023-05-17,9657
2313,華通,15,0,15,富邦-苗栗,2023-05-17,9657
6191,精成科,17,3,14,富邦-苗栗,2023-05-17,9657
00687B,國泰20年美債,14,0,14,富邦-苗栗,2023-05-17,9657
2884,玉山金,20,8,12,富邦-苗栗,2023-05-17,9657
1513,中興電,11,0,11,富邦-苗栗,2023-05-17,9657
00712,復華富時不動產,10,0,10,富邦-苗栗,2023-05-17,9657
4123,晟德,18,8,10,富邦-苗栗,2023-05-17,9657
00664R,國泰臺灣加權反1,10,0,10,富邦-苗栗,2023-05-17,9657
1710,東聯,10,0,10,富邦-苗栗,2023-05-17,9657
2851,中再保,10,0,10,富邦-苗栗,2023-05-17,9657
3715,定穎投控,13,3,10,富邦-苗栗,2023-05-17,9657
6190,萬泰科,10,0,10,富邦-苗栗,2023-05-17,9657
8210,勤誠,10,0,10,富邦-苗栗,2023-05-17,9657
3438,類比科,9,0,9,富邦-苗栗,2023-05-17,9657
8936,國統,9,0,9,富邦-苗栗,2023-05-17,9657
2352,佳世達,12,4,8,富邦-苗栗,2023-05-17,9657
2449,京元電子,8,0,8,富邦-苗栗,2023-05-17,9657
3287,廣寰科,8,0,8,富邦-苗栗,2023-05-17,9657
6558,興能高,8,0,8,富邦-苗栗,2023-05-17,9657
1519,華城,13,5,8,富邦-苗栗,2023-05-17,9657
00680L,元大美債20正2,7,0,7,富邦-苗栗,2023-05-17,9657
3046,建��,13,6,7,富邦-苗栗,2023-05-17,9657
3704,合勤控,13,6,7,富邦-苗栗,2023-05-17,9657
00720B,元大投資級公司債,7,0,7,富邦-苗栗,2023-05-17,9657
1609,大亞,12,6,6,富邦-苗栗,2023-05-17,9657
2495,普安,6,0,6,富邦-苗栗,2023-05-17,9657
3490,單井,6,0,6,富邦-苗栗,2023-05-17,9657
6789,采鈺,6,0,6,富邦-苗栗,2023-05-17,9657
8046,南電,6,0,6,富邦-苗栗,2023-05-17,9657
00882,中信中國高股息,5,0,5,富邦-苗栗,2023-05-17,9657
2421,建準,6,1,5,富邦-苗栗,2023-05-17,9657
5258,虹堡,5,0,5,富邦-苗栗,2023-05-17,9657
00897,富邦基因免疫生技,5,0,5,富邦-苗栗,2023-05-17,9657
00632R,元大台灣50反1,399,33,366,富邦-苗栗,2023-05-18,9657
00712,復華富時不動產,57,1,56,富邦-苗栗,2023-05-18,9657
2362,藍天,25,1,24,富邦-苗栗,2023-05-18,9657
2630,亞航,27,3,24,富邦-苗栗,2023-05-18,9657
6026,福邦證,23,0,23,富邦-苗栗,2023-05-18,9657
2887E,台新戊特,20,0,20,富邦-苗栗,2023-05-18,9657
3059,華晶科,20,0,20,富邦-苗栗,2023-05-18,9657
3715,定穎投控,23,7,16,富邦-苗栗,2023-05-18,9657
6112,邁達特,27,11,16,富邦-苗栗,2023-05-18,9657
00679B,元大美債20年,16,0,16,富邦-苗栗,2023-05-18,9657
4747,強生,15,0,15,富邦-苗栗,2023-05-18,9657
4726,永昕,14,0,14,富邦-苗栗,2023-05-18,9657
1460,宏遠,12,0,12,富邦-苗栗,2023-05-18,9657
9921,巨大,12,1,11,富邦-苗栗,2023-05-18,9657
00690,兆豐藍籌30,10,0,10,富邦-苗栗,2023-05-18,9657
00637L,元大滬深300正2,10,0,10,富邦-苗栗,2023-05-18,9657
00645,富邦日本,10,0,10,富邦-苗栗,2023-05-18,9657
00664R,國泰臺灣加權反1,10,0,10,富邦-苗栗,2023-05-18,9657
2609,陽明,11,1,10,富邦-苗栗,2023-05-18,9657
3708,上緯投控,10,0,10,富邦-苗栗,2023-05-18,9657
6245,立端,12,2,10,富邦-苗栗,2023-05-18,9657
6690,安�硌穈T,10,0,10,富邦-苗栗,2023-05-18,9657
2402,毅嘉,9,0,9,富邦-苗栗,2023-05-18,9657
4906,正文,9,0,9,富邦-苗栗,2023-05-18,9657
4123,晟德,10,1,9,富邦-苗栗,2023-05-18,9657
1909,榮成,8,0,8,富邦-苗栗,2023-05-18,9657
2754,亞洲藏壽司,8,0,8,富邦-苗栗,2023-05-18,9657
6789,采鈺,7,0,7,富邦-苗栗,2023-05-18,9657
3035,智原,7,0,7,富邦-苗栗,2023-05-18,9657
00687B,國泰20年美債,7,0,7,富邦-苗栗,2023-05-18,9657
00665L,富邦�琤肭磪囓�2,12,5,7,富邦-苗栗,2023-05-18,9657
1584,精剛,7,0,7,富邦-苗栗,2023-05-18,9657
2382,廣達,11,4,7,富邦-苗栗,2023-05-18,9657
6443,元晶,7,0,7,富邦-苗栗,2023-05-18,9657
8069,元太,12,5,7,富邦-苗栗,2023-05-18,9657
3038,全台,10,4,6,富邦-苗栗,2023-05-18,9657
3043,科風,6,0,6,富邦-苗栗,2023-05-18,9657
5284,jpp-KY,6,0,6,富邦-苗栗,2023-05-18,9657
6152,百一,6,0,6,富邦-苗栗,2023-05-18,9657
6535,順藥,6,0,6,富邦-苗栗,2023-05-18,9657
8076,伍豐,14,8,6,富邦-苗栗,2023-05-18,9657
2915,潤泰全,5,0,5,富邦-苗栗,2023-05-18,9657
00680L,元大美債20正2,5,0,5,富邦-苗栗,2023-05-18,9657
1708,東鹼,5,0,5,富邦-苗栗,2023-05-18,9657
1714,和桐,5,0,5,富邦-苗栗,2023-05-18,9657
2243,宏旭-KY,5,0,5,富邦-苗栗,2023-05-18,9657
2838,聯邦銀,5,0,5,富邦-苗栗,2023-05-18,9657
5452,佶優,5,0,5,富邦-苗栗,2023-05-18,9657
6220,岳豐,5,0,5,富邦-苗栗,2023-05-18,9657
6264,富裔,5,0,5,富邦-苗栗,2023-05-18,9657
5531,鄉林,56,0,56,富邦-苗栗,2023-05-19,9657
4123,晟德,50,0,50,富邦-苗栗,2023-05-19,9657
00878,國泰永續高股息,139,91,48,富邦-苗栗,2023-05-19,9657
1711,永光,31,0,31,富邦-苗栗,2023-05-19,9657
2371,大同,27,2,25,富邦-苗栗,2023-05-19,9657
3029,零壹,24,0,24,富邦-苗栗,2023-05-19,9657
2468,華經,32,11,21,富邦-苗栗,2023-05-19,9657
2504,國產,21,0,21,富邦-苗栗,2023-05-19,9657
00676R,富邦臺灣加權反1,20,0,20,富邦-苗栗,2023-05-19,9657
00751B,元大AAA至A公司債,19,0,19,富邦-苗栗,2023-05-19,9657
1584,精剛,28,12,16,富邦-苗栗,2023-05-19,9657
00687B,國泰20年美債,15,0,15,富邦-苗栗,2023-05-19,9657
00665L,富邦�琤肭磪囓�2,15,0,15,富邦-苗栗,2023-05-19,9657
00753L,中信中國50正2,20,5,15,富邦-苗栗,2023-05-19,9657
2362,藍天,15,0,15,富邦-苗栗,2023-05-19,9657
3011,今皓,14,0,14,富邦-苗栗,2023-05-19,9657
3058,立德,17,3,14,富邦-苗栗,2023-05-19,9657
5351,鈺創,16,3,13,富邦-苗栗,2023-05-19,9657
00679B,元大美債20年,13,1,12,富邦-苗栗,2023-05-19,9657
6125,廣運,12,1,11,富邦-苗栗,2023-05-19,9657
6789,采鈺,10,0,10,富邦-苗栗,2023-05-19,9657
00637L,元大滬深300正2,10,0,10,富邦-苗栗,2023-05-19,9657
00664R,國泰臺灣加權反1,10,0,10,富邦-苗栗,2023-05-19,9657
1733,五鼎,10,0,10,富邦-苗栗,2023-05-19,9657
2390,云辰,10,0,10,富邦-苗栗,2023-05-19,9657
2401,凌陽,10,0,10,富邦-苗栗,2023-05-19,9657
3147,大綜,10,0,10,富邦-苗栗,2023-05-19,9657
3646,艾恩特,10,0,10,富邦-苗栗,2023-05-19,9657
4102,永日,10,0,10,富邦-苗栗,2023-05-19,9657
4167,松瑞藥,10,0,10,富邦-苗栗,2023-05-19,9657
4726,永昕,10,0,10,富邦-苗栗,2023-05-19,9657
4744,皇將,10,0,10,富邦-苗栗,2023-05-19,9657
6461,益得,11,1,10,富邦-苗栗,2023-05-19,9657
3704,合勤控,10,1,9,富邦-苗栗,2023-05-19,9657
2352,佳世達,11,2,9,富邦-苗栗,2023-05-19,9657
3189,景碩,9,0,9,富邦-苗栗,2023-05-19,9657
4931,新盛力,12,3,9,富邦-苗栗,2023-05-19,9657
00882,中信中國高股息,8,0,8,富邦-苗栗,2023-05-19,9657
00919,群益台灣精選高息,8,0,8,富邦-苗栗,2023-05-19,9657
00680L,元大美債20正2,8,0,8,富邦-苗栗,2023-05-19,9657
1522,堤維西,8,0,8,富邦-苗栗,2023-05-19,9657
2482,連宇,10,2,8,富邦-苗栗,2023-05-19,9657
6112,邁達特,12,4,8,富邦-苗栗,2023-05-19,9657
6235,華孚,18,10,8,富邦-苗栗,2023-05-19,9657
00633L,富邦上証正2,7,0,7,富邦-苗栗,2023-05-19,9657
6111,大宇資,7,0,7,富邦-苗栗,2023-05-19,9657
6244,茂迪,10,3,7,富邦-苗栗,2023-05-19,9657
8038,長園科,10,3,7,富邦-苗栗,2023-05-19,9657
1513,中興電,17,10,7,富邦-苗栗,2023-05-19,9657
2421,建準,12,5,7,富邦-苗栗,2023-05-19,9657
2891,中信金,204,9,195,富邦-苗栗,2023-05-22,9657
1440,南紡,100,1,99,富邦-苗栗,2023-05-22,9657
4306,炎洲,100,5,95,富邦-苗栗,2023-05-22,9657
1402,遠東新,80,0,80,富邦-苗栗,2023-05-22,9657
5243,乙盛-KY,74,15,59,富邦-苗栗,2023-05-22,9657
4533,協易機,58,0,58,富邦-苗栗,2023-05-22,9657
1909,榮成,50,0,50,富邦-苗栗,2023-05-22,9657
3038,全台,32,1,31,富邦-苗栗,2023-05-22,9657
0056,元大高股息,30,0,30,富邦-苗栗,2023-05-22,9657
2303,聯電,28,1,27,富邦-苗栗,2023-05-22,9657
3071,協禧,25,0,25,富邦-苗栗,2023-05-22,9657
00882,中信中國高股息,21,0,21,富邦-苗栗,2023-05-22,9657
2489,瑞軒,21,0,21,富邦-苗栗,2023-05-22,9657
5328,華容,22,1,21,富邦-苗栗,2023-05-22,9657
6197,佳必琪,21,1,20,富邦-苗栗,2023-05-22,9657
1325,恆大,18,0,18,富邦-苗栗,2023-05-22,9657
1609,大亞,37,21,16,富邦-苗栗,2023-05-22,9657
1589,永冠-KY,15,1,14,富邦-苗栗,2023-05-22,9657
00687B,國泰20年美債,14,0,14,富邦-苗栗,2023-05-22,9657
3228,金麗科,13,0,13,富邦-苗栗,2023-05-22,9657
1612,宏泰,12,0,12,富邦-苗栗,2023-05-22,9657
6191,精成科,16,4,12,富邦-苗栗,2023-05-22,9657
00712,復華富時不動產,11,0,11,富邦-苗栗,2023-05-22,9657
1605,華新,11,1,10,富邦-苗栗,2023-05-22,9657
2009,第一銅,10,0,10,富邦-苗栗,2023-05-22,9657
2371,大同,10,0,10,富邦-苗栗,2023-05-22,9657
2491,吉祥全,10,0,10,富邦-苗栗,2023-05-22,9657
3715,定穎投控,27,17,10,富邦-苗栗,2023-05-22,9657
6167,久正,13,3,10,富邦-苗栗,2023-05-22,9657
9944,新麗,10,0,10,富邦-苗栗,2023-05-22,9657
00680L,元大美債20正2,9,0,9,富邦-苗栗,2023-05-22,9657
2362,藍天,8,1,7,富邦-苗栗,2023-05-22,9657
3706,神達,7,0,7,富邦-苗栗,2023-05-22,9657
4916,事欣科,7,0,7,富邦-苗栗,2023-05-22,9657
6223,旺矽,8,2,6,富邦-苗栗,2023-05-22,9657
00885,富邦越南,6,0,6,富邦-苗栗,2023-05-22,9657
3231,緯創,8,2,6,富邦-苗栗,2023-05-22,9657
1310,台苯,16,10,6,富邦-苗栗,2023-05-22,9657
2421,建準,8,2,6,富邦-苗栗,2023-05-22,9657
2486,一詮,6,0,6,富邦-苗栗,2023-05-22,9657
3360,尚立,6,0,6,富邦-苗栗,2023-05-22,9657
6235,華孚,9,3,6,富邦-苗栗,2023-05-22,9657
2382,廣達,10,4,6,富邦-苗栗,2023-05-22,9657
8358,金居,9,3,6,富邦-苗栗,2023-05-22,9657
8046,南電,7,2,5,富邦-苗栗,2023-05-22,9657
1308,亞聚,5,0,5,富邦-苗栗,2023-05-22,9657
1809,中釉,6,1,5,富邦-苗栗,2023-05-22,9657
2442,新美齊,5,0,5,富邦-苗栗,2023-05-22,9657
3011,今皓,5,0,5,富邦-苗栗,2023-05-22,9657
4173,久裕,5,0,5,富邦-苗栗,2023-05-22,9657
2891,中信金,100,0,100,富邦-苗栗,2023-05-23,9657
4157,太景*-KY,100,0,100,富邦-苗栗,2023-05-23,9657
2362,藍天,67,0,67,富邦-苗栗,2023-05-23,9657
00882,中信中國高股息,41,0,41,富邦-苗栗,2023-05-23,9657
2491,吉祥全,39,0,39,富邦-苗栗,2023-05-23,9657
1907,永豐餘,42,18,24,富邦-苗栗,2023-05-23,9657
2371,大同,27,6,21,富邦-苗栗,2023-05-23,9657
00687B,國泰20年美債,20,0,20,富邦-苗栗,2023-05-23,9657
1701,中化,20,0,20,富邦-苗栗,2023-05-23,9657
00680L,元大美債20正2,18,0,18,富邦-苗栗,2023-05-23,9657
2201,裕隆,23,5,18,富邦-苗栗,2023-05-23,9657
4541,晟田,25,8,17,富邦-苗栗,2023-05-23,9657
2867,三商壽,15,0,15,富邦-苗栗,2023-05-23,9657
5299,杰力,15,0,15,富邦-苗栗,2023-05-23,9657
5864,致和證,13,0,13,富邦-苗栗,2023-05-23,9657
2323,中環,13,1,12,富邦-苗栗,2023-05-23,9657
1904,正隆,13,1,12,富邦-苗栗,2023-05-23,9657
4129,聯合,12,0,12,富邦-苗栗,2023-05-23,9657
00637L,元大滬深300正2,11,0,11,富邦-苗栗,2023-05-23,9657
6829,千附精密,11,0,11,富邦-苗栗,2023-05-23,9657
6446,藥華藥,16,5,11,富邦-苗栗,2023-05-23,9657
1217,愛之味,10,0,10,富邦-苗栗,2023-05-23,9657
2022,聚亨,10,0,10,富邦-苗栗,2023-05-23,9657
2332,友訊,16,6,10,富邦-苗栗,2023-05-23,9657
2504,國產,10,0,10,富邦-苗栗,2023-05-23,9657
2605,新興,10,0,10,富邦-苗栗,2023-05-23,9657
3059,華晶科,10,0,10,富邦-苗栗,2023-05-23,9657
3078,僑威,17,7,10,富邦-苗栗,2023-05-23,9657
3710,連展投控,10,0,10,富邦-苗栗,2023-05-23,9657
6180,橘子,10,0,10,富邦-苗栗,2023-05-23,9657
6197,佳必琪,11,1,10,富邦-苗栗,2023-05-23,9657
2603,長榮,17,8,9,富邦-苗栗,2023-05-23,9657
00632R,元大台灣50反1,30,21,9,富邦-苗栗,2023-05-23,9657
1513,中興電,33,24,9,富邦-苗栗,2023-05-23,9657
1460,宏遠,10,3,7,富邦-苗栗,2023-05-23,9657
2634,漢翔,10,3,7,富邦-苗栗,2023-05-23,9657
6689,伊雲谷,9,2,7,富邦-苗栗,2023-05-23,9657
3540,曜越,9,2,7,富邦-苗栗,2023-05-23,9657
2303,聯電,7,1,6,富邦-苗栗,2023-05-23,9657
1529,樂事綠能,6,0,6,富邦-苗栗,2023-05-23,9657
1519,華城,19,13,6,富邦-苗栗,2023-05-23,9657
00712,復華富時不動產,5,0,5,富邦-苗栗,2023-05-23,9657
2481,強茂,5,0,5,富邦-苗栗,2023-05-23,9657
00751B,元大AAA至A公司債,5,0,5,富邦-苗栗,2023-05-23,9657
9904,寶成,5,0,5,富邦-苗栗,2023-05-23,9657
6789,采鈺,5,0,5,富邦-苗栗,2023-05-23,9657
00676R,富邦臺灣加權反1,15,10,5,富邦-苗栗,2023-05-23,9657
1605,華新,12,7,5,富邦-苗栗,2023-05-23,9657
2382,廣達,9,4,5,富邦-苗栗,2023-05-23,9657
2399,映泰,6,1,5,富邦-苗栗,2023-05-23,9657
00878,國泰永續高股息,116,9,107,富邦-苗栗,2023-05-24,9657
00882,中信中國高股息,85,0,85,富邦-苗栗,2023-05-24,9657
1312,國喬,50,0,50,富邦-苗栗,2023-05-24,9657
2103,台橡,40,0,40,富邦-苗栗,2023-05-24,9657
4157,太景*-KY,40,0,40,富邦-苗栗,2023-05-24,9657
3044,健鼎,39,0,39,富邦-苗栗,2023-05-24,9657
2609,陽明,44,6,38,富邦-苗栗,2023-05-24,9657
8059,凱碩,35,0,35,富邦-苗栗,2023-05-24,9657
3038,全台,22,0,22,富邦-苗栗,2023-05-24,9657
2486,一詮,21,1,20,富邦-苗栗,2023-05-24,9657
3498,陽程,24,4,20,富邦-苗栗,2023-05-24,9657
00633L,富邦上証正2,23,6,17,富邦-苗栗,2023-05-24,9657
00664R,國泰臺灣加權反1,15,0,15,富邦-苗栗,2023-05-24,9657
1905,華紙,25,10,15,富邦-苗栗,2023-05-24,9657
6182,合晶,15,0,15,富邦-苗栗,2023-05-24,9657
2457,飛宏,45,31,14,富邦-苗栗,2023-05-24,9657
00753L,中信中國50正2,14,0,14,富邦-苗栗,2023-05-24,9657
00679B,元大美債20年,21,10,11,富邦-苗栗,2023-05-24,9657
3481,群創,11,0,11,富邦-苗栗,2023-05-24,9657
1711,永光,10,0,10,富邦-苗栗,2023-05-24,9657
3325,旭品,10,0,10,富邦-苗栗,2023-05-24,9657
3708,上緯投控,10,0,10,富邦-苗栗,2023-05-24,9657
3710,連展投控,10,0,10,富邦-苗栗,2023-05-24,9657
00655L,國泰中國A50正2,9,0,9,富邦-苗栗,2023-05-24,9657
00639,富邦深100,9,0,9,富邦-苗栗,2023-05-24,9657
2371,大同,10,1,9,富邦-苗栗,2023-05-24,9657
00632R,元大台灣50反1,8,0,8,富邦-苗栗,2023-05-24,9657
1810,和成,8,0,8,富邦-苗栗,2023-05-24,9657
5469,瀚宇博,12,4,8,富邦-苗栗,2023-05-24,9657
6535,順藥,9,1,8,富邦-苗栗,2023-05-24,9657
00772B,中信高評級公司債,8,0,8,富邦-苗栗,2023-05-24,9657
1101,台泥,8,1,7,富邦-苗栗,2023-05-24,9657
1308,亞聚,7,0,7,富邦-苗栗,2023-05-24,9657
1709,和益,10,3,7,富邦-苗栗,2023-05-24,9657
2491,吉祥全,7,0,7,富邦-苗栗,2023-05-24,9657
4426,利勤,8,1,7,富邦-苗栗,2023-05-24,9657
6235,華孚,14,7,7,富邦-苗栗,2023-05-24,9657
6282,康舒,24,17,7,富邦-苗栗,2023-05-24,9657
00665L,富邦�琤肭磪囓�2,6,0,6,富邦-苗栗,2023-05-24,9657
00720B,元大投資級公司債,6,0,6,富邦-苗栗,2023-05-24,9657
6202,盛群,6,0,6,富邦-苗栗,2023-05-24,9657
2892,第一金,5,0,5,富邦-苗栗,2023-05-24,9657
00687B,國泰20年美債,5,0,5,富邦-苗栗,2023-05-24,9657
2362,藍天,5,0,5,富邦-苗栗,2023-05-24,9657
2613,中櫃,5,0,5,富邦-苗栗,2023-05-24,9657
2630,亞航,37,32,5,富邦-苗栗,2023-05-24,9657
2705,六福,5,0,5,富邦-苗栗,2023-05-24,9657
5281,大峽谷-KY,5,0,5,富邦-苗栗,2023-05-24,9657
6606,建德工業,5,0,5,富邦-苗栗,2023-05-24,9657
9939,宏全,5,0,5,富邦-苗栗,2023-05-24,9657
00632R,元大台灣50反1,323,1,322,富邦-苗栗,2023-05-25,9657
00725B,國泰投資級公司債,101,0,101,富邦-苗栗,2023-05-25,9657
1528,恩德,91,0,91,富邦-苗栗,2023-05-25,9657
00882,中信中國高股息,70,1,69,富邦-苗栗,2023-05-25,9657
1447,力鵬,62,0,62,富邦-苗栗,2023-05-25,9657
1714,和桐,42,1,41,富邦-苗栗,2023-05-25,9657
00633L,富邦上証正2,33,0,33,富邦-苗栗,2023-05-25,9657
2201,裕隆,35,4,31,富邦-苗栗,2023-05-25,9657
2382,廣達,73,42,31,富邦-苗栗,2023-05-25,9657
00878,國泰永續高股息,105,75,30,富邦-苗栗,2023-05-25,9657
00753L,中信中國50正2,30,0,30,富邦-苗栗,2023-05-25,9657
2402,毅嘉,31,1,30,富邦-苗栗,2023-05-25,9657
3511,矽瑪,33,3,30,富邦-苗栗,2023-05-25,9657
2353,宏��,26,0,26,富邦-苗栗,2023-05-25,9657
1504,東元,32,7,25,富邦-苗栗,2023-05-25,9657
00712,復華富時不動產,25,0,25,富邦-苗栗,2023-05-25,9657
2885,元大金,22,0,22,富邦-苗栗,2023-05-25,9657
2883,凱基金,21,0,21,富邦-苗栗,2023-05-25,9657
4157,太景*-KY,20,0,20,富邦-苗栗,2023-05-25,9657
5703,亞都,20,0,20,富邦-苗栗,2023-05-25,9657
8935,邦泰,21,1,20,富邦-苗栗,2023-05-25,9657
00687B,國泰20年美債,19,0,19,富邦-苗栗,2023-05-25,9657
2356,英業達,21,3,18,富邦-苗栗,2023-05-25,9657
3046,建��,18,1,17,富邦-苗栗,2023-05-25,9657
00751B,元大AAA至A公司債,16,0,16,富邦-苗栗,2023-05-25,9657
1312,國喬,15,0,15,富邦-苗栗,2023-05-25,9657
8099,大世科,15,2,13,富邦-苗栗,2023-05-25,9657
1101,台泥,14,2,12,富邦-苗栗,2023-05-25,9657
4123,晟德,12,0,12,富邦-苗栗,2023-05-25,9657
1310,台苯,16,4,12,富邦-苗栗,2023-05-25,9657
2002,中鋼,32,20,12,富邦-苗栗,2023-05-25,9657
4915,致伸,16,4,12,富邦-苗栗,2023-05-25,9657
00720B,元大投資級公司債,11,0,11,富邦-苗栗,2023-05-25,9657
1109,信大,11,0,11,富邦-苗栗,2023-05-25,9657
3128,昇銳,11,0,11,富邦-苗栗,2023-05-25,9657
1513,中興電,23,12,11,富邦-苗栗,2023-05-25,9657
4129,聯合,10,0,10,富邦-苗栗,2023-05-25,9657
6770,力積電,12,2,10,富邦-苗栗,2023-05-25,9657
00639,富邦深100,10,0,10,富邦-苗栗,2023-05-25,9657
00664R,國泰臺灣加權反1,10,0,10,富邦-苗栗,2023-05-25,9657
00722B,群益投資級電信債,10,0,10,富邦-苗栗,2023-05-25,9657
1605,華新,10,0,10,富邦-苗栗,2023-05-25,9657
2338,光罩,10,0,10,富邦-苗栗,2023-05-25,9657
2349,錸德,10,0,10,富邦-苗栗,2023-05-25,9657
2362,藍天,10,0,10,富邦-苗栗,2023-05-25,9657
2887E,台新戊特,10,0,10,富邦-苗栗,2023-05-25,9657
3059,華晶科,10,0,10,富邦-苗栗,2023-05-25,9657
3176,基亞,10,0,10,富邦-苗栗,2023-05-25,9657
3498,陽程,10,0,10,富邦-苗栗,2023-05-25,9657
3646,艾恩特,12,2,10,富邦-苗栗,2023-05-25,9657
2342,茂矽,101,0,101,富邦-苗栗,2023-05-26,9657
5531,鄉林,100,0,100,富邦-苗栗,2023-05-26,9657
00882,中信中國高股息,75,0,75,富邦-苗栗,2023-05-26,9657
2442,新美齊,74,0,74,富邦-苗栗,2023-05-26,9657
2103,台橡,71,0,71,富邦-苗栗,2023-05-26,9657
00712,復華富時不動產,62,0,62,富邦-苗栗,2023-05-26,9657
2323,中環,71,15,56,富邦-苗栗,2023-05-26,9657
00715L,期街口布蘭特正2,50,0,50,富邦-苗栗,2023-05-26,9657
4157,太景*-KY,50,0,50,富邦-苗栗,2023-05-26,9657
00687B,國泰20年美債,49,0,49,富邦-苗栗,2023-05-26,9657
00632R,元大台灣50反1,142,93,49,富邦-苗栗,2023-05-26,9657
1605,華新,54,6,48,富邦-苗栗,2023-05-26,9657
3481,群創,48,0,48,富邦-苗栗,2023-05-26,9657
00676R,富邦臺灣加權反1,66,20,46,富邦-苗栗,2023-05-26,9657
1714,和桐,41,0,41,富邦-苗栗,2023-05-26,9657
6164,華興,38,0,38,富邦-苗栗,2023-05-26,9657
6191,精成科,35,0,35,富邦-苗栗,2023-05-26,9657
3231,緯創,84,51,33,富邦-苗栗,2023-05-26,9657
2913,農林,33,0,33,富邦-苗栗,2023-05-26,9657
2883,凱基金,31,1,30,富邦-苗栗,2023-05-26,9657
00679B,元大美債20年,40,10,30,富邦-苗栗,2023-05-26,9657
2812,台中銀,27,0,27,富邦-苗栗,2023-05-26,9657
3202,樺晟,26,0,26,富邦-苗栗,2023-05-26,9657
3094,聯傑,20,0,20,富邦-苗栗,2023-05-26,9657
6706,惠特,18,0,18,富邦-苗栗,2023-05-26,9657
6197,佳必琪,18,1,17,富邦-苗栗,2023-05-26,9657
2484,希華,15,0,15,富邦-苗栗,2023-05-26,9657
3508,位速,15,0,15,富邦-苗栗,2023-05-26,9657
1218,泰山,15,1,14,富邦-苗栗,2023-05-26,9657
00878,國泰永續高股息,31,17,14,富邦-苗栗,2023-05-26,9657
2382,廣達,19,6,13,富邦-苗栗,2023-05-26,9657
5347,世界,15,2,13,富邦-苗栗,2023-05-26,9657
6282,康舒,61,48,13,富邦-苗栗,2023-05-26,9657
00919,群益台灣精選高息,12,0,12,富邦-苗栗,2023-05-26,9657
1325,恆大,12,0,12,富邦-苗栗,2023-05-26,9657
3060,銘異,11,0,11,富邦-苗栗,2023-05-26,9657
00639,富邦深100,10,0,10,富邦-苗栗,2023-05-26,9657
00664R,國泰臺灣加權反1,10,0,10,富邦-苗栗,2023-05-26,9657
3207,耀勝,10,0,10,富邦-苗栗,2023-05-26,9657
4746,台耀,11,1,10,富邦-苗栗,2023-05-26,9657
4804,大略-KY,10,0,10,富邦-苗栗,2023-05-26,9657
5301,寶得利,10,0,10,富邦-苗栗,2023-05-26,9657
5443,均豪,10,0,10,富邦-苗栗,2023-05-26,9657
8155,博智,11,1,10,富邦-苗栗,2023-05-26,9657
1608,華榮,9,0,9,富邦-苗栗,2023-05-26,9657
2108,南帝,9,0,9,富邦-苗栗,2023-05-26,9657
4564,元翎,15,6,9,富邦-苗栗,2023-05-26,9657
5469,瀚宇博,81,72,9,富邦-苗栗,2023-05-26,9657
1514,亞力,10,1,9,富邦-苗栗,2023-05-26,9657
2449,京元電子,23,14,9,富邦-苗栗,2023-05-26,9657
0056,元大高股息,156,39,117,富邦-苗栗,2023-05-29,9657
00882,中信中國高股息,101,0,101,富邦-苗栗,2023-05-29,9657
2342,茂矽,80,0,80,富邦-苗栗,2023-05-29,9657
2303,聯電,73,5,68,富邦-苗栗,2023-05-29,9657
6164,華興,58,0,58,富邦-苗栗,2023-05-29,9657
1714,和桐,46,0,46,富邦-苗栗,2023-05-29,9657
2317,鴻海,47,10,37,富邦-苗栗,2023-05-29,9657
2610,華航,50,25,25,富邦-苗栗,2023-05-29,9657
00795B,中信美國公債20年,20,0,20,富邦-苗栗,2023-05-29,9657
4157,太景*-KY,20,0,20,富邦-苗栗,2023-05-29,9657
6026,福邦證,26,6,20,富邦-苗栗,2023-05-29,9657
2884,玉山金,24,4,20,富邦-苗栗,2023-05-29,9657
2881,富邦金,21,3,18,富邦-苗栗,2023-05-29,9657
3706,神達,25,7,18,富邦-苗栗,2023-05-29,9657
00637L,元大滬深300正2,17,0,17,富邦-苗栗,2023-05-29,9657
00679B,元大美債20年,22,7,15,富邦-苗栗,2023-05-29,9657
00687B,國泰20年美債,14,0,14,富邦-苗栗,2023-05-29,9657
2349,錸德,13,0,13,富邦-苗栗,2023-05-29,9657
2836,高雄銀,12,0,12,富邦-苗栗,2023-05-29,9657
2637,慧洋-KY,11,0,11,富邦-苗栗,2023-05-29,9657
00680L,元大美債20正2,11,0,11,富邦-苗栗,2023-05-29,9657
2630,亞航,19,8,11,富邦-苗栗,2023-05-29,9657
1609,大亞,13,3,10,富邦-苗栗,2023-05-29,9657
00923,群益台ESG低碳50,10,0,10,富邦-苗栗,2023-05-29,9657
00764B,群益25年美債,10,0,10,富邦-苗栗,2023-05-29,9657
00713,元大台灣高息低波,10,0,10,富邦-苗栗,2023-05-29,9657
2425,承啟,12,3,9,富邦-苗栗,2023-05-29,9657
6180,橘子,10,1,9,富邦-苗栗,2023-05-29,9657
3078,僑威,15,6,9,富邦-苗栗,2023-05-29,9657
3037,欣興,19,11,8,富邦-苗栗,2023-05-29,9657
00675L,富邦臺灣加權正2,8,0,8,富邦-苗栗,2023-05-29,9657
2883,凱基金,8,0,8,富邦-苗栗,2023-05-29,9657
3232,昱捷,8,0,8,富邦-苗栗,2023-05-29,9657
5465,富驊,8,0,8,富邦-苗栗,2023-05-29,9657
8930,青鋼,8,0,8,富邦-苗栗,2023-05-29,9657
2002,中鋼,8,0,8,富邦-苗栗,2023-05-29,9657
3231,緯創,51,44,7,富邦-苗栗,2023-05-29,9657
3038,全台,9,2,7,富邦-苗栗,2023-05-29,9657
3499,環天科,7,0,7,富邦-苗栗,2023-05-29,9657
3508,位速,7,0,7,富邦-苗栗,2023-05-29,9657
9921,巨大,8,1,7,富邦-苗栗,2023-05-29,9657
2382,廣達,31,25,6,富邦-苗栗,2023-05-29,9657
4543,萬在,12,6,6,富邦-苗栗,2023-05-29,9657
3189,景碩,10,4,6,富邦-苗栗,2023-05-29,9657
4961,天鈺,6,0,6,富邦-苗栗,2023-05-29,9657
2449,京元電子,12,6,6,富邦-苗栗,2023-05-29,9657
3265,台星科,6,1,5,富邦-苗栗,2023-05-29,9657
2324,仁寶,15,10,5,富邦-苗栗,2023-05-29,9657
4919,新唐,5,0,5,富邦-苗栗,2023-05-29,9657
00640L,富邦日本正2,5,0,5,富邦-苗栗,2023-05-29,9657
0056,元大高股息,76,18,58,富邦-苗栗,2023-05-30,9657
00712,復華富時不動產,54,0,54,富邦-苗栗,2023-05-30,9657
00882,中信中國高股息,44,0,44,富邦-苗栗,2023-05-30,9657
2491,吉祥全,41,1,40,富邦-苗栗,2023-05-30,9657
2812,台中銀,35,0,35,富邦-苗栗,2023-05-30,9657
00679B,元大美債20年,35,1,34,富邦-苗栗,2023-05-30,9657
1447,力鵬,29,0,29,富邦-苗栗,2023-05-30,9657
6770,力積電,30,3,27,富邦-苗栗,2023-05-30,9657
2201,裕隆,56,32,24,富邦-苗栗,2023-05-30,9657
2515,中工,25,2,23,富邦-苗栗,2023-05-30,9657
00885,富邦越南,22,0,22,富邦-苗栗,2023-05-30,9657
00715L,期街口布蘭特正2,20,0,20,富邦-苗栗,2023-05-30,9657
4157,太景*-KY,20,0,20,富邦-苗栗,2023-05-30,9657
3029,零壹,20,1,19,富邦-苗栗,2023-05-30,9657
2880,華南金,22,4,18,富邦-苗栗,2023-05-30,9657
2412,中華電,19,1,18,富邦-苗栗,2023-05-30,9657
5498,凱崴,30,12,18,富邦-苗栗,2023-05-30,9657
00753L,中信中國50正2,17,0,17,富邦-苗栗,2023-05-30,9657
2002,中鋼,17,1,16,富邦-苗栗,2023-05-30,9657
6282,康舒,17,1,16,富邦-苗栗,2023-05-30,9657
2376,技嘉,28,13,15,富邦-苗栗,2023-05-30,9657
2504,國產,15,0,15,富邦-苗栗,2023-05-30,9657
2883,凱基金,15,0,15,富邦-苗栗,2023-05-30,9657
3011,今皓,15,0,15,富邦-苗栗,2023-05-30,9657
2457,飛宏,17,3,14,富邦-苗栗,2023-05-30,9657
1605,華新,19,5,14,富邦-苗栗,2023-05-30,9657
2606,裕民,15,1,14,富邦-苗栗,2023-05-30,9657
5328,華容,14,0,14,富邦-苗栗,2023-05-30,9657
3228,金麗科,14,1,13,富邦-苗栗,2023-05-30,9657
2382,廣達,21,8,13,富邦-苗栗,2023-05-30,9657
2409,友達,12,0,12,富邦-苗栗,2023-05-30,9657
3032,偉訓,19,8,11,富邦-苗栗,2023-05-30,9657
3306,鼎天,11,0,11,富邦-苗栗,2023-05-30,9657
4934,太極,11,0,11,富邦-苗栗,2023-05-30,9657
5243,乙盛-KY,13,2,11,富邦-苗栗,2023-05-30,9657
2356,英業達,32,21,11,富邦-苗栗,2023-05-30,9657
1310,台苯,10,0,10,富邦-苗栗,2023-05-30,9657
3338,泰碩,10,0,10,富邦-苗栗,2023-05-30,9657
6248,沛波,10,0,10,富邦-苗栗,2023-05-30,9657
8403,盛弘,10,0,10,富邦-苗栗,2023-05-30,9657
4564,元翎,10,1,9,富邦-苗栗,2023-05-30,9657
2705,六福,9,0,9,富邦-苗栗,2023-05-30,9657
4726,永昕,8,0,8,富邦-苗栗,2023-05-30,9657
8038,長園科,8,0,8,富邦-苗栗,2023-05-30,9657
3013,晟銘電,19,11,8,富邦-苗栗,2023-05-30,9657
3363,上詮,9,2,7,富邦-苗栗,2023-05-30,9657
00687B,國泰20年美債,7,0,7,富邦-苗栗,2023-05-30,9657
2605,新興,10,3,7,富邦-苗栗,2023-05-30,9657
2892,第一金,10,3,7,富邦-苗栗,2023-05-30,9657
00730,富邦臺灣優質高息,7,0,7,富邦-苗栗,2023-05-30,9657
2892,第一金,243,1,242,富邦-苗栗,2023-05-31,9657
00715L,期街口布蘭特正2,157,0,157,富邦-苗栗,2023-05-31,9657
0056,元大高股息,78,13,65,富邦-苗栗,2023-05-31,9657
00687B,國泰20年美債,61,0,61,富邦-苗栗,2023-05-31,9657
3706,神達,70,10,60,富邦-苗栗,2023-05-31,9657
2358,廷鑫,60,0,60,富邦-苗栗,2023-05-31,9657
00712,復華富時不動產,56,10,46,富邦-苗栗,2023-05-31,9657
3715,定穎投控,38,2,36,富邦-苗栗,2023-05-31,9657
6161,捷波,36,3,33,富邦-苗栗,2023-05-31,9657
00665L,富邦�琤肭磪囓�2,30,1,29,富邦-苗栗,2023-05-31,9657
2362,藍天,28,0,28,富邦-苗栗,2023-05-31,9657
2201,裕隆,30,5,25,富邦-苗栗,2023-05-31,9657
2491,吉祥全,24,0,24,富邦-苗栗,2023-05-31,9657
00633L,富邦上証正2,22,0,22,富邦-苗栗,2023-05-31,9657
00882,中信中國高股息,20,0,20,富邦-苗栗,2023-05-31,9657
00753L,中信中國50正2,20,0,20,富邦-苗栗,2023-05-31,9657
5328,華容,21,2,19,富邦-苗栗,2023-05-31,9657
2845,遠東銀,18,0,18,富邦-苗栗,2023-05-31,9657
00679B,元大美債20年,19,2,17,富邦-苗栗,2023-05-31,9657
00725B,國泰投資級公司債,16,0,16,富邦-苗栗,2023-05-31,9657
2468,華經,16,0,16,富邦-苗栗,2023-05-31,9657
8147,正淩,17,2,15,富邦-苗栗,2023-05-31,9657
1584,精剛,15,0,15,富邦-苗栗,2023-05-31,9657
4977,眾達-KY,14,0,14,富邦-苗栗,2023-05-31,9657
6461,益得,15,1,14,富邦-苗栗,2023-05-31,9657
00637L,元大滬深300正2,13,0,13,富邦-苗栗,2023-05-31,9657
2330,台積電,14,2,12,富邦-苗栗,2023-05-31,9657
3231,緯創,42,32,10,富邦-苗栗,2023-05-31,9657
2890,永豐金,12,2,10,富邦-苗栗,2023-05-31,9657
2356,英業達,16,6,10,富邦-苗栗,2023-05-31,9657
1326,台化,10,0,10,富邦-苗栗,2023-05-31,9657
2701,萬企,10,0,10,富邦-苗栗,2023-05-31,9657
6269,台郡,10,0,10,富邦-苗栗,2023-05-31,9657
8403,盛弘,10,0,10,富邦-苗栗,2023-05-31,9657
2915,潤泰全,10,0,10,富邦-苗栗,2023-05-31,9657
2352,佳世達,10,0,10,富邦-苗栗,2023-05-31,9657
1589,永冠-KY,14,5,9,富邦-苗栗,2023-05-31,9657
2371,大同,23,14,9,富邦-苗栗,2023-05-31,9657
2006,東和鋼鐵,8,0,8,富邦-苗栗,2023-05-31,9657
00893,國泰智能電動車,10,2,8,富邦-苗栗,2023-05-31,9657
2451,創見,9,1,8,富邦-苗栗,2023-05-31,9657
2454,聯發科,9,2,7,富邦-苗栗,2023-05-31,9657
00642U,期元大S＆P石油,6,0,6,富邦-苗栗,2023-05-31,9657
00923,群益台ESG低碳50,6,0,6,富邦-苗栗,2023-05-31,9657
1313,聯成,6,0,6,富邦-苗栗,2023-05-31,9657
8011,台通,6,0,6,富邦-苗栗,2023-05-31,9657
8086,宏捷科,6,0,6,富邦-苗栗,2023-05-31,9657
8905,裕國,6,0,6,富邦-苗栗,2023-05-31,9657
3037,欣興,12,6,6,富邦-苗栗,2023-05-31,9657
5243,乙盛-KY,29,24,5,富邦-苗栗,2023-05-31,9657
00632R,元大台灣50反1,290,0,290,富邦-苗栗,2023-06-01,9657
2892,第一金,162,0,162,富邦-苗栗,2023-06-01,9657
3062,建漢,131,0,131,富邦-苗栗,2023-06-01,9657
2883,凱基金,110,2,108,富邦-苗栗,2023-06-01,9657
2358,廷鑫,100,0,100,富邦-苗栗,2023-06-01,9657
9907,統一實,92,0,92,富邦-苗栗,2023-06-01,9657
2329,華泰,80,0,80,富邦-苗栗,2023-06-01,9657
00715L,期街口布蘭特正2,73,0,73,富邦-苗栗,2023-06-01,9657
4564,元翎,61,3,58,富邦-苗栗,2023-06-01,9657
2365,昆盈,51,0,51,富邦-苗栗,2023-06-01,9657
2491,吉祥全,51,0,51,富邦-苗栗,2023-06-01,9657
00713,元大台灣高息低波,45,1,44,富邦-苗栗,2023-06-01,9657
6182,合晶,42,0,42,富邦-苗栗,2023-06-01,9657
3038,全台,39,0,39,富邦-苗栗,2023-06-01,9657
1907,永豐餘,37,3,34,富邦-苗栗,2023-06-01,9657
5351,鈺創,32,0,32,富邦-苗栗,2023-06-01,9657
2486,一詮,41,10,31,富邦-苗栗,2023-06-01,9657
00928,中信上櫃ESG30,30,0,30,富邦-苗栗,2023-06-01,9657
4157,太景*-KY,30,0,30,富邦-苗栗,2023-06-01,9657
00712,復華富時不動產,26,0,26,富邦-苗栗,2023-06-01,9657
6117,迎廣,26,0,26,富邦-苗栗,2023-06-01,9657
3481,群創,24,0,24,富邦-苗栗,2023-06-01,9657
3260,威剛,26,5,21,富邦-苗栗,2023-06-01,9657
2545,皇翔,20,0,20,富邦-苗栗,2023-06-01,9657
8403,盛弘,20,0,20,富邦-苗栗,2023-06-01,9657
00882,中信中國高股息,19,0,19,富邦-苗栗,2023-06-01,9657
3338,泰碩,20,2,18,富邦-苗栗,2023-06-01,9657
2328,廣宇,34,17,17,富邦-苗栗,2023-06-01,9657
00687B,國泰20年美債,15,0,15,富邦-苗栗,2023-06-01,9657
1605,華新,15,0,15,富邦-苗栗,2023-06-01,9657
1218,泰山,16,1,15,富邦-苗栗,2023-06-01,9657
2371,大同,26,12,14,富邦-苗栗,2023-06-01,9657
2603,長榮,14,0,14,富邦-苗栗,2023-06-01,9657
2303,聯電,24,11,13,富邦-苗栗,2023-06-01,9657
1528,恩德,12,0,12,富邦-苗栗,2023-06-01,9657
00642U,期元大S＆P石油,11,0,11,富邦-苗栗,2023-06-01,9657
5425,台半,12,1,11,富邦-苗栗,2023-06-01,9657
6282,康舒,34,23,11,富邦-苗栗,2023-06-01,9657
00664R,國泰臺灣加權反1,10,0,10,富邦-苗栗,2023-06-01,9657
1310,台苯,10,0,10,富邦-苗栗,2023-06-01,9657
4977,眾達-KY,10,0,10,富邦-苗栗,2023-06-01,9657
6244,茂迪,12,2,10,富邦-苗栗,2023-06-01,9657
00679B,元大美債20年,9,0,9,富邦-苗栗,2023-06-01,9657
00680L,元大美債20正2,9,0,9,富邦-苗栗,2023-06-01,9657
00919,群益台灣精選高息,10,1,9,富邦-苗栗,2023-06-01,9657
4974,亞泰,10,1,9,富邦-苗栗,2023-06-01,9657
8059,凱碩,40,31,9,富邦-苗栗,2023-06-01,9657
4129,聯合,14,5,9,富邦-苗栗,2023-06-01,9657
00706L,期元大S＆P日圓正2,8,0,8,富邦-苗栗,2023-06-01,9657
1326,台化,8,0,8,富邦-苗栗,2023-06-01,9657
00712,復華富時不動產,416,55,361,富邦-苗栗,2023-06-02,9657
00919,群益台灣精選高息,120,0,120,富邦-苗栗,2023-06-02,9657
2501,國建,100,0,100,富邦-苗栗,2023-06-02,9657
00882,中信中國高股息,98,1,97,富邦-苗栗,2023-06-02,9657
8183,精星,70,0,70,富邦-苗栗,2023-06-02,9657
2609,陽明,45,2,43,富邦-苗栗,2023-06-02,9657
2358,廷鑫,40,0,40,富邦-苗栗,2023-06-02,9657
2618,長榮航,60,22,38,富邦-苗栗,2023-06-02,9657
2610,華航,123,86,37,富邦-苗栗,2023-06-02,9657
4979,華星光,40,9,31,富邦-苗栗,2023-06-02,9657
2371,大同,90,59,31,富邦-苗栗,2023-06-02,9657
2103,台橡,30,0,30,富邦-苗栗,2023-06-02,9657
1584,精剛,25,0,25,富邦-苗栗,2023-06-02,9657
2484,希華,25,1,24,富邦-苗栗,2023-06-02,9657
6015,宏遠證,24,0,24,富邦-苗栗,2023-06-02,9657
1905,華紙,84,63,21,富邦-苗栗,2023-06-02,9657
00885,富邦越南,23,2,21,富邦-苗栗,2023-06-02,9657
2302,麗正,21,0,21,富邦-苗栗,2023-06-02,9657
2892,第一金,20,0,20,富邦-苗栗,2023-06-02,9657
4157,太景*-KY,20,0,20,富邦-苗栗,2023-06-02,9657
00632R,元大台灣50反1,18,0,18,富邦-苗栗,2023-06-02,9657
2313,華通,19,2,17,富邦-苗栗,2023-06-02,9657
2603,長榮,24,7,17,富邦-苗栗,2023-06-02,9657
00720B,元大投資級公司債,16,0,16,富邦-苗栗,2023-06-02,9657
1734,杏輝,15,0,15,富邦-苗栗,2023-06-02,9657
5301,寶得利,14,0,14,富邦-苗栗,2023-06-02,9657
1762,中化生,14,1,13,富邦-苗栗,2023-06-02,9657
6470,宇智,16,3,13,富邦-苗栗,2023-06-02,9657
2387,精元,12,0,12,富邦-苗栗,2023-06-02,9657
2356,英業達,26,15,11,富邦-苗栗,2023-06-02,9657
00751B,元大AAA至A公司債,11,0,11,富邦-苗栗,2023-06-02,9657
00645,富邦日本,10,0,10,富邦-苗栗,2023-06-02,9657
1439,雋揚,10,0,10,富邦-苗栗,2023-06-02,9657
1802,台玻,10,0,10,富邦-苗栗,2023-06-02,9657
4931,新盛力,10,0,10,富邦-苗栗,2023-06-02,9657
6122,擎邦,13,3,10,富邦-苗栗,2023-06-02,9657
6869,雲豹能源,10,0,10,富邦-苗栗,2023-06-02,9657
8171,天宇,10,0,10,富邦-苗栗,2023-06-02,9657
8403,盛弘,10,0,10,富邦-苗栗,2023-06-02,9657
9105,泰金寶-DR,10,0,10,富邦-苗栗,2023-06-02,9657
006205,富邦上証,10,1,9,富邦-苗栗,2023-06-02,9657
1522,堤維西,9,0,9,富邦-苗栗,2023-06-02,9657
2495,普安,9,0,9,富邦-苗栗,2023-06-02,9657
2701,萬企,9,0,9,富邦-苗栗,2023-06-02,9657
3047,訊舟,9,0,9,富邦-苗栗,2023-06-02,9657
6026,福邦證,10,1,9,富邦-苗栗,2023-06-02,9657
6584,南俊國際,10,1,9,富邦-苗栗,2023-06-02,9657
1504,東元,28,19,9,富邦-苗栗,2023-06-02,9657
2338,光罩,10,2,8,富邦-苗栗,2023-06-02,9657
3046,建��,8,0,8,富邦-苗栗,2023-06-02,9657
3706,神達,123,3,120,富邦-苗栗,2023-06-05,9657
00753L,中信中國50正2,111,0,111,富邦-苗栗,2023-06-05,9657
2610,華航,73,9,64,富邦-苗栗,2023-06-05,9657
4510,高鋒,50,0,50,富邦-苗栗,2023-06-05,9657
3231,緯創,68,30,38,富邦-苗栗,2023-06-05,9657
00679B,元大美債20年,38,0,38,富邦-苗栗,2023-06-05,9657
2302,麗正,35,0,35,富邦-苗栗,2023-06-05,9657
1608,華榮,33,2,31,富邦-苗栗,2023-06-05,9657
2915,潤泰全,31,0,31,富邦-苗栗,2023-06-05,9657
2618,長榮航,39,11,28,富邦-苗栗,2023-06-05,9657
00712,復華富時不動產,38,11,27,富邦-苗栗,2023-06-05,9657
2887,台新金,26,0,26,富邦-苗栗,2023-06-05,9657
2515,中工,25,0,25,富邦-苗栗,2023-06-05,9657
2605,新興,22,0,22,富邦-苗栗,2023-06-05,9657
00878,國泰永續高股息,32,11,21,富邦-苗栗,2023-06-05,9657
2913,農林,21,0,21,富邦-苗栗,2023-06-05,9657
2331,精英,23,4,19,富邦-苗栗,2023-06-05,9657
2611,志信,18,0,18,富邦-苗栗,2023-06-05,9657
3059,華晶科,20,2,18,富邦-苗栗,2023-06-05,9657
2014,中鴻,21,4,17,富邦-苗栗,2023-06-05,9657
2023,燁輝,16,1,15,富邦-苗栗,2023-06-05,9657
8038,長園科,17,2,15,富邦-苗栗,2023-06-05,9657
2332,友訊,15,0,15,富邦-苗栗,2023-06-05,9657
00713,元大台灣高息低波,15,0,15,富邦-苗栗,2023-06-05,9657
2362,藍天,14,0,14,富邦-苗栗,2023-06-05,9657
8171,天宇,13,0,13,富邦-苗栗,2023-06-05,9657
2489,瑞軒,15,2,13,富邦-苗栗,2023-06-05,9657
00882,中信中國高股息,14,2,12,富邦-苗栗,2023-06-05,9657
8403,盛弘,12,0,12,富邦-苗栗,2023-06-05,9657
2353,宏��,13,1,12,富邦-苗栗,2023-06-05,9657
1905,華紙,19,8,11,富邦-苗栗,2023-06-05,9657
1529,樂事綠能,15,4,11,富邦-苗栗,2023-06-05,9657
6282,康舒,62,51,11,富邦-苗栗,2023-06-05,9657
00680L,元大美債20正2,11,0,11,富邦-苗栗,2023-06-05,9657
00673R,期元大S＆P原油反1,11,0,11,富邦-苗栗,2023-06-05,9657
2330,台積電,11,0,11,富邦-苗栗,2023-06-05,9657
1101,台泥,24,14,10,富邦-苗栗,2023-06-05,9657
1519,華城,22,12,10,富邦-苗栗,2023-06-05,9657
00786B,元大10年IG銀行債,10,0,10,富邦-苗栗,2023-06-05,9657
00688L,國泰20年美債正2,10,0,10,富邦-苗栗,2023-06-05,9657
00645,富邦日本,10,0,10,富邦-苗栗,2023-06-05,9657
00665L,富邦�琤肭磪囓�2,10,0,10,富邦-苗栗,2023-06-05,9657
00639,富邦深100,10,0,10,富邦-苗栗,2023-06-05,9657
00852L,國泰美國道瓊正2,10,0,10,富邦-苗栗,2023-06-05,9657
00902,中信電池及儲能,16,6,10,富邦-苗栗,2023-06-05,9657
1513,中興電,20,10,10,富邦-苗栗,2023-06-05,9657
1714,和桐,10,0,10,富邦-苗栗,2023-06-05,9657
2025,千興,10,0,10,富邦-苗栗,2023-06-05,9657
2338,光罩,10,0,10,富邦-苗栗,2023-06-05,9657
2516,新建,10,0,10,富邦-苗栗,2023-06-05,9657
00878,國泰永續高股息,146,35,111,富邦-苗栗,2023-06-06,9657
00665L,富邦�琤肭磪囓�2,100,2,98,富邦-苗栗,2023-06-06,9657
1104,環泥,92,0,92,富邦-苗栗,2023-06-06,9657
00679B,元大美債20年,62,0,62,富邦-苗栗,2023-06-06,9657
8059,凱碩,62,0,62,富邦-苗栗,2023-06-06,9657
1609,大亞,65,36,29,富邦-苗栗,2023-06-06,9657
9945,潤泰新,23,0,23,富邦-苗栗,2023-06-06,9657
0056,元大高股息,38,16,22,富邦-苗栗,2023-06-06,9657
00687B,國泰20年美債,22,0,22,富邦-苗栗,2023-06-06,9657
00897,富邦基因免疫生技,20,0,20,富邦-苗栗,2023-06-06,9657
00927,群益半導體收益,20,0,20,富邦-苗栗,2023-06-06,9657
2461,光群雷,22,2,20,富邦-苗栗,2023-06-06,9657
4157,太景*-KY,20,0,20,富邦-苗栗,2023-06-06,9657
6152,百一,20,0,20,富邦-苗栗,2023-06-06,9657
00712,復華富時不動產,22,2,20,富邦-苗栗,2023-06-06,9657
2913,農林,28,9,19,富邦-苗栗,2023-06-06,9657
5347,世界,18,0,18,富邦-苗栗,2023-06-06,9657
00752,中信中國50,22,5,17,富邦-苗栗,2023-06-06,9657
3231,緯創,24,9,15,富邦-苗栗,2023-06-06,9657
6167,久正,15,0,15,富邦-苗栗,2023-06-06,9657
2402,毅嘉,18,5,13,富邦-苗栗,2023-06-06,9657
00713,元大台灣高息低波,13,0,13,富邦-苗栗,2023-06-06,9657
3715,定穎投控,20,7,13,富邦-苗栗,2023-06-06,9657
2498,宏達電,19,6,13,富邦-苗栗,2023-06-06,9657
4129,聯合,12,0,12,富邦-苗栗,2023-06-06,9657
00919,群益台灣精選高息,11,0,11,富邦-苗栗,2023-06-06,9657
3025,星通,11,0,11,富邦-苗栗,2023-06-06,9657
2324,仁寶,10,0,10,富邦-苗栗,2023-06-06,9657
00664R,國泰臺灣加權反1,10,0,10,富邦-苗栗,2023-06-06,9657
3266,昇陽,10,0,10,富邦-苗栗,2023-06-06,9657
4426,利勤,11,1,10,富邦-苗栗,2023-06-06,9657
6271,同欣電,15,5,10,富邦-苗栗,2023-06-06,9657
8096,擎亞,10,0,10,富邦-苗栗,2023-06-06,9657
00891,中信關鍵半導體,10,0,10,富邦-苗栗,2023-06-06,9657
00900,富邦特選高股息30,9,0,9,富邦-苗栗,2023-06-06,9657
2891,中信金,10,1,9,富邦-苗栗,2023-06-06,9657
4977,眾達-KY,9,0,9,富邦-苗栗,2023-06-06,9657
2915,潤泰全,9,0,9,富邦-苗栗,2023-06-06,9657
00706L,期元大S＆P日圓正2,8,0,8,富邦-苗栗,2023-06-06,9657
2601,益航,8,0,8,富邦-苗栗,2023-06-06,9657
3038,全台,10,2,8,富邦-苗栗,2023-06-06,9657
8038,長園科,10,2,8,富邦-苗栗,2023-06-06,9657
8183,精星,8,0,8,富邦-苗栗,2023-06-06,9657
1618,合機,7,0,7,富邦-苗栗,2023-06-06,9657
6485,點序,7,0,7,富邦-苗栗,2023-06-06,9657
4915,致伸,6,0,6,富邦-苗栗,2023-06-06,9657
00673R,期元大S＆P原油反1,6,0,6,富邦-苗栗,2023-06-06,9657
1711,永光,6,0,6,富邦-苗栗,2023-06-06,9657
4746,台耀,6,0,6,富邦-苗栗,2023-06-06,9657
6185,幃翔,6,0,6,富邦-苗栗,2023-06-06,9657
3062,建漢,101,0,101,富邦-苗栗,2023-06-07,9657
2501,國建,100,0,100,富邦-苗栗,2023-06-07,9657
2888,新光金,132,36,96,富邦-苗栗,2023-06-07,9657
2913,農林,71,0,71,富邦-苗栗,2023-06-07,9657
3094,聯傑,70,0,70,富邦-苗栗,2023-06-07,9657
2323,中環,71,4,67,富邦-苗栗,2023-06-07,9657
4157,太景*-KY,60,0,60,富邦-苗栗,2023-06-07,9657
2489,瑞軒,56,4,52,富邦-苗栗,2023-06-07,9657
6282,康舒,49,5,44,富邦-苗栗,2023-06-07,9657
00715L,期街口布蘭特正2,41,0,41,富邦-苗栗,2023-06-07,9657
1905,華紙,28,3,25,富邦-苗栗,2023-06-07,9657
2349,錸德,26,1,25,富邦-苗栗,2023-06-07,9657
2610,華航,28,3,25,富邦-苗栗,2023-06-07,9657
2618,長榮航,35,12,23,富邦-苗栗,2023-06-07,9657
00637L,元大滬深300正2,20,0,20,富邦-苗栗,2023-06-07,9657
00852L,國泰美國道瓊正2,20,0,20,富邦-苗栗,2023-06-07,9657
3306,鼎天,19,0,19,富邦-苗栗,2023-06-07,9657
00882,中信中國高股息,19,0,19,富邦-苗栗,2023-06-07,9657
1711,永光,20,2,18,富邦-苗栗,2023-06-07,9657
00632R,元大台灣50反1,17,0,17,富邦-苗栗,2023-06-07,9657
1218,泰山,18,1,17,富邦-苗栗,2023-06-07,9657
2468,華經,17,0,17,富邦-苗栗,2023-06-07,9657
6270,倍微,17,0,17,富邦-苗栗,2023-06-07,9657
00885,富邦越南,17,1,16,富邦-苗栗,2023-06-07,9657
0056,元大高股息,27,12,15,富邦-苗栗,2023-06-07,9657
1802,台玻,15,0,15,富邦-苗栗,2023-06-07,9657
2353,宏��,20,5,15,富邦-苗栗,2023-06-07,9657
3711,日月光投控,15,1,14,富邦-苗栗,2023-06-07,9657
00919,群益台灣精選高息,21,7,14,富邦-苗栗,2023-06-07,9657
2344,華邦電,16,3,13,富邦-苗栗,2023-06-07,9657
2337,旺宏,15,2,13,富邦-苗栗,2023-06-07,9657
4426,利勤,13,0,13,富邦-苗栗,2023-06-07,9657
3374,精材,20,8,12,富邦-苗栗,2023-06-07,9657
2457,飛宏,22,10,12,富邦-苗栗,2023-06-07,9657
3481,群創,88,76,12,富邦-苗栗,2023-06-07,9657
00687B,國泰20年美債,11,0,11,富邦-苗栗,2023-06-07,9657
3630,新鉅科,17,6,11,富邦-苗栗,2023-06-07,9657
6125,廣運,36,25,11,富邦-苗栗,2023-06-07,9657
00713,元大台灣高息低波,13,3,10,富邦-苗栗,2023-06-07,9657
2812,台中銀,10,0,10,富邦-苗栗,2023-06-07,9657
3037,欣興,14,4,10,富邦-苗栗,2023-06-07,9657
00664R,國泰臺灣加權反1,10,0,10,富邦-苗栗,2023-06-07,9657
00645,富邦日本,10,0,10,富邦-苗栗,2023-06-07,9657
1810,和成,11,1,10,富邦-苗栗,2023-06-07,9657
2851,中再保,20,10,10,富邦-苗栗,2023-06-07,9657
5475,德宏,10,0,10,富邦-苗栗,2023-06-07,9657
6548,長科*,10,0,10,富邦-苗栗,2023-06-07,9657
2338,光罩,15,6,9,富邦-苗栗,2023-06-07,9657
8011,台通,9,0,9,富邦-苗栗,2023-06-07,9657
3005,神基,14,6,8,富邦-苗栗,2023-06-07,9657
00919,群益台灣精選高息,219,0,219,富邦-苗栗,2023-06-08,9657
00676R,富邦臺灣加權反1,100,0,100,富邦-苗栗,2023-06-08,9657
2358,廷鑫,101,1,100,富邦-苗栗,2023-06-08,9657
1528,恩德,99,0,99,富邦-苗栗,2023-06-08,9657
00878,國泰永續高股息,94,10,84,富邦-苗栗,2023-06-08,9657
00706L,期元大S＆P日圓正2,78,0,78,富邦-苗栗,2023-06-08,9657
0056,元大高股息,64,6,58,富邦-苗栗,2023-06-08,9657
2888,新光金,71,33,38,富邦-苗栗,2023-06-08,9657
2362,藍天,35,0,35,富邦-苗栗,2023-06-08,9657
00679B,元大美債20年,35,0,35,富邦-苗栗,2023-06-08,9657
2337,旺宏,32,0,32,富邦-苗栗,2023-06-08,9657
1319,東陽,30,0,30,富邦-苗栗,2023-06-08,9657
3062,建漢,29,0,29,富邦-苗栗,2023-06-08,9657
1609,大亞,108,79,29,富邦-苗栗,2023-06-08,9657
2603,長榮,36,8,28,富邦-苗栗,2023-06-08,9657
3037,欣興,32,4,28,富邦-苗栗,2023-06-08,9657
3055,蔚華科,28,1,27,富邦-苗栗,2023-06-08,9657
3715,定穎投控,26,0,26,富邦-苗栗,2023-06-08,9657
00687B,國泰20年美債,33,9,24,富邦-苗栗,2023-06-08,9657
6271,同欣電,21,0,21,富邦-苗栗,2023-06-08,9657
2884,玉山金,20,0,20,富邦-苗栗,2023-06-08,9657
2344,華邦電,19,1,18,富邦-苗栗,2023-06-08,9657
2611,志信,21,3,18,富邦-苗栗,2023-06-08,9657
3711,日月光投控,17,1,16,富邦-苗栗,2023-06-08,9657
8076,伍豐,17,1,16,富邦-苗栗,2023-06-08,9657
2027,大成鋼,26,11,15,富邦-苗栗,2023-06-08,9657
3481,群創,22,9,13,富邦-苗栗,2023-06-08,9657
00927,群益半導體收益,15,2,13,富邦-苗栗,2023-06-08,9657
1605,華新,18,5,13,富邦-苗栗,2023-06-08,9657
5512,力麒,16,3,13,富邦-苗栗,2023-06-08,9657
6233,旺玖,13,0,13,富邦-苗栗,2023-06-08,9657
00713,元大台灣高息低波,11,0,11,富邦-苗栗,2023-06-08,9657
3038,全台,14,3,11,富邦-苗栗,2023-06-08,9657
8011,台通,12,1,11,富邦-苗栗,2023-06-08,9657
2498,宏達電,25,14,11,富邦-苗栗,2023-06-08,9657
1504,東元,23,13,10,富邦-苗栗,2023-06-08,9657
2457,飛宏,19,9,10,富邦-苗栗,2023-06-08,9657
1301,台塑,10,0,10,富邦-苗栗,2023-06-08,9657
1525,江申,10,0,10,富邦-苗栗,2023-06-08,9657
1584,精剛,10,0,10,富邦-苗栗,2023-06-08,9657
3044,健鼎,10,0,10,富邦-苗栗,2023-06-08,9657
3059,華晶科,10,0,10,富邦-苗栗,2023-06-08,9657
3252,海灣,10,0,10,富邦-苗栗,2023-06-08,9657
6558,興能高,10,0,10,富邦-苗栗,2023-06-08,9657
1310,台苯,9,0,9,富邦-苗栗,2023-06-08,9657
4915,致伸,10,1,9,富邦-苗栗,2023-06-08,9657
5347,世界,9,0,9,富邦-苗栗,2023-06-08,9657
6188,廣明,10,1,9,富邦-苗栗,2023-06-08,9657
00772B,中信高評級公司債,9,0,9,富邦-苗栗,2023-06-08,9657
00795B,中信美國公債20年,8,0,8,富邦-苗栗,2023-06-08,9657
00712,復華富時不動產,66,4,62,富邦-苗栗,2023-06-09,9657
00929,復華台灣科技優息,75,15,60,富邦-苗栗,2023-06-09,9657
2358,廷鑫,50,0,50,富邦-苗栗,2023-06-09,9657
00715L,期街口布蘭特正2,70,25,45,富邦-苗栗,2023-06-09,9657
00919,群益台灣精選高息,44,4,40,富邦-苗栗,2023-06-09,9657
00878,國泰永續高股息,42,12,30,富邦-苗栗,2023-06-09,9657
5905,南仁湖,30,0,30,富邦-苗栗,2023-06-09,9657
2913,農林,36,7,29,富邦-苗栗,2023-06-09,9657
00706L,期元大S＆P日圓正2,23,0,23,富邦-苗栗,2023-06-09,9657
00885,富邦越南,29,7,22,富邦-苗栗,2023-06-09,9657
3013,晟銘電,21,0,21,富邦-苗栗,2023-06-09,9657
4960,誠美材,20,0,20,富邦-苗栗,2023-06-09,9657
1504,東元,30,13,17,富邦-苗栗,2023-06-09,9657
1605,華新,17,0,17,富邦-苗栗,2023-06-09,9657
1907,永豐餘,18,2,16,富邦-苗栗,2023-06-09,9657
2449,京元電子,20,4,16,富邦-苗栗,2023-06-09,9657
5301,寶得利,16,0,16,富邦-苗栗,2023-06-09,9657
1531,高林股,15,0,15,富邦-苗栗,2023-06-09,9657
2421,建準,22,7,15,富邦-苗栗,2023-06-09,9657
1312,國喬,14,0,14,富邦-苗栗,2023-06-09,9657
1802,台玻,14,0,14,富邦-苗栗,2023-06-09,9657
2489,瑞軒,13,0,13,富邦-苗栗,2023-06-09,9657
4157,太景*-KY,63,50,13,富邦-苗栗,2023-06-09,9657
1727,中華化,12,0,12,富邦-苗栗,2023-06-09,9657
8215,明基材,12,0,12,富邦-苗栗,2023-06-09,9657
00882,中信中國高股息,12,1,11,富邦-苗栗,2023-06-09,9657
2356,英業達,79,69,10,富邦-苗栗,2023-06-09,9657
2352,佳世達,10,0,10,富邦-苗栗,2023-06-09,9657
00664R,國泰臺灣加權反1,10,0,10,富邦-苗栗,2023-06-09,9657
1229,聯華,10,0,10,富邦-苗栗,2023-06-09,9657
1525,江申,20,10,10,富邦-苗栗,2023-06-09,9657
2030,彰源,10,0,10,富邦-苗栗,2023-06-09,9657
3047,訊舟,10,0,10,富邦-苗栗,2023-06-09,9657
3048,益登,10,0,10,富邦-苗栗,2023-06-09,9657
3592,瑞鼎,10,0,10,富邦-苗栗,2023-06-09,9657
8936,國統,10,0,10,富邦-苗栗,2023-06-09,9657
2618,長榮航,34,24,10,富邦-苗栗,2023-06-09,9657
3362,先進光,16,6,10,富邦-苗栗,2023-06-09,9657
1519,華城,12,3,9,富邦-苗栗,2023-06-09,9657
1612,宏泰,9,0,9,富邦-苗栗,2023-06-09,9657
2515,中工,8,0,8,富邦-苗栗,2023-06-09,9657
2610,華航,26,18,8,富邦-苗栗,2023-06-09,9657
6160,欣技,8,0,8,富邦-苗栗,2023-06-09,9657
8926,台汽電,16,8,8,富邦-苗栗,2023-06-09,9657
00683L,期元大美元指正2,7,0,7,富邦-苗栗,2023-06-09,9657
1528,恩德,7,0,7,富邦-苗栗,2023-06-09,9657
2484,希華,7,0,7,富邦-苗栗,2023-06-09,9657
3630,新鉅科,9,2,7,富邦-苗栗,2023-06-09,9657
8046,南電,7,0,7,富邦-苗栗,2023-06-09,9657
6223,旺矽,8,2,6,富邦-苗栗,2023-06-09,9657
3062,建漢,142,0,142,富邦-苗栗,2023-06-12,9657
6153,嘉聯益,120,0,120,富邦-苗栗,2023-06-12,9657
00715L,期街口布蘭特正2,113,0,113,富邦-苗栗,2023-06-12,9657
00712,復華富時不動產,92,4,88,富邦-苗栗,2023-06-12,9657
2888,新光金,147,65,82,富邦-苗栗,2023-06-12,9657
2358,廷鑫,80,0,80,富邦-苗栗,2023-06-12,9657
00919,群益台灣精選高息,73,1,72,富邦-苗栗,2023-06-12,9657
00929,復華台灣科技優息,69,0,69,富邦-苗栗,2023-06-12,9657
0056,元大高股息,75,11,64,富邦-苗栗,2023-06-12,9657
3232,昱捷,50,3,47,富邦-苗栗,2023-06-12,9657
2331,精英,50,10,40,富邦-苗栗,2023-06-12,9657
2356,英業達,42,8,34,富邦-苗栗,2023-06-12,9657
2495,普安,40,11,29,富邦-苗栗,2023-06-12,9657
1762,中化生,24,0,24,富邦-苗栗,2023-06-12,9657
3093,港建*,21,1,20,富邦-苗栗,2023-06-12,9657
00706L,期元大S＆P日圓正2,20,0,20,富邦-苗栗,2023-06-12,9657
2913,農林,20,0,20,富邦-苗栗,2023-06-12,9657
3712,永崴投控,20,0,20,富邦-苗栗,2023-06-12,9657
00882,中信中國高股息,28,9,19,富邦-苗栗,2023-06-12,9657
2352,佳世達,25,7,18,富邦-苗栗,2023-06-12,9657
2618,長榮航,40,22,18,富邦-苗栗,2023-06-12,9657
00642U,期元大S＆P石油,16,0,16,富邦-苗栗,2023-06-12,9657
1711,永光,20,5,15,富邦-苗栗,2023-06-12,9657
2606,裕民,15,0,15,富邦-苗栗,2023-06-12,9657
8420,明揚,15,0,15,富邦-苗栗,2023-06-12,9657
2301,光寶科,13,0,13,富邦-苗栗,2023-06-12,9657
2457,飛宏,26,13,13,富邦-苗栗,2023-06-12,9657
3059,華晶科,28,15,13,富邦-苗栗,2023-06-12,9657
3380,明泰,13,0,13,富邦-苗栗,2023-06-12,9657
2377,微星,13,1,12,富邦-苗栗,2023-06-12,9657
2324,仁寶,12,0,12,富邦-苗栗,2023-06-12,9657
8271,宇瞻,12,0,12,富邦-苗栗,2023-06-12,9657
5425,台半,16,4,12,富邦-苗栗,2023-06-12,9657
00713,元大台灣高息低波,11,0,11,富邦-苗栗,2023-06-12,9657
4979,華星光,31,20,11,富邦-苗栗,2023-06-12,9657
00795B,中信美國公債20年,13,2,11,富邦-苗栗,2023-06-12,9657
00676R,富邦臺灣加權反1,61,50,11,富邦-苗栗,2023-06-12,9657
4114,健喬,11,0,11,富邦-苗栗,2023-06-12,9657
3231,緯創,63,53,10,富邦-苗栗,2023-06-12,9657
5701,劍湖山,10,0,10,富邦-苗栗,2023-06-12,9657
00632R,元大台灣50反1,10,0,10,富邦-苗栗,2023-06-12,9657
2312,金寶,23,13,10,富邦-苗栗,2023-06-12,9657
2419,仲琦,10,0,10,富邦-苗栗,2023-06-12,9657
3011,今皓,10,0,10,富邦-苗栗,2023-06-12,9657
3027,盛達,16,6,10,富邦-苗栗,2023-06-12,9657
3691,碩禾,10,0,10,富邦-苗栗,2023-06-12,9657
2610,華航,15,6,9,富邦-苗栗,2023-06-12,9657
6139,亞翔,9,0,9,富邦-苗栗,2023-06-12,9657
6443,元晶,9,0,9,富邦-苗栗,2023-06-12,9657
00751B,元大AAA至A公司債,9,0,9,富邦-苗栗,2023-06-12,9657
2501,國建,200,0,200,富邦-苗栗,2023-06-13,9657
00715L,期街口布蘭特正2,176,5,171,富邦-苗栗,2023-06-13,9657
4726,永昕,85,0,85,富邦-苗栗,2023-06-13,9657
4123,晟德,60,0,60,富邦-苗栗,2023-06-13,9657
2888,新光金,58,4,54,富邦-苗栗,2023-06-13,9657
2884,玉山金,79,26,53,富邦-苗栗,2023-06-13,9657
3232,昱捷,53,1,52,富邦-苗栗,2023-06-13,9657
6167,久正,48,0,48,富邦-苗栗,2023-06-13,9657
00706L,期元大S＆P日圓正2,33,0,33,富邦-苗栗,2023-06-13,9657
4157,太景*-KY,41,15,26,富邦-苗栗,2023-06-13,9657
4533,協易機,33,9,24,富邦-苗栗,2023-06-13,9657
00676R,富邦臺灣加權反1,171,150,21,富邦-苗栗,2023-06-13,9657
2913,農林,20,0,20,富邦-苗栗,2023-06-13,9657
5324,士開,20,0,20,富邦-苗栗,2023-06-13,9657
1609,大亞,37,18,19,富邦-苗栗,2023-06-13,9657
3055,蔚華科,20,2,18,富邦-苗栗,2023-06-13,9657
5351,鈺創,21,4,17,富邦-苗栗,2023-06-13,9657
00905,FT臺灣Smart,16,0,16,富邦-苗栗,2023-06-13,9657
5009,榮剛,15,1,14,富邦-苗栗,2023-06-13,9657
00882,中信中國高股息,13,0,13,富邦-苗栗,2023-06-13,9657
00642U,期元大S＆P石油,13,0,13,富邦-苗栗,2023-06-13,9657
2006,東和鋼鐵,12,0,12,富邦-苗栗,2023-06-13,9657
2317,鴻海,28,17,11,富邦-苗栗,2023-06-13,9657
2352,佳世達,12,1,11,富邦-苗栗,2023-06-13,9657
2812,台中銀,10,0,10,富邦-苗栗,2023-06-13,9657
1734,杏輝,15,5,10,富邦-苗栗,2023-06-13,9657
2103,台橡,10,0,10,富邦-苗栗,2023-06-13,9657
2537,聯上發,10,0,10,富邦-苗栗,2023-06-13,9657
2601,益航,10,0,10,富邦-苗栗,2023-06-13,9657
4207,環泰,10,0,10,富邦-苗栗,2023-06-13,9657
8937,合騏,10,0,10,富邦-苗栗,2023-06-13,9657
6153,嘉聯益,16,7,9,富邦-苗栗,2023-06-13,9657
3078,僑威,26,17,9,富邦-苗栗,2023-06-13,9657
00712,復華富時不動產,12,4,8,富邦-苗栗,2023-06-13,9657
2323,中環,11,3,8,富邦-苗栗,2023-06-13,9657
4532,瑞智,8,0,8,富邦-苗栗,2023-06-13,9657
5512,力麒,11,3,8,富邦-苗栗,2023-06-13,9657
6274,台燿,8,0,8,富邦-苗栗,2023-06-13,9657
3019,亞光,7,0,7,富邦-苗栗,2023-06-13,9657
3169,亞信,7,0,7,富邦-苗栗,2023-06-13,9657
6122,擎邦,14,7,7,富邦-苗栗,2023-06-13,9657
6863,永道-KY,8,1,7,富邦-苗栗,2023-06-13,9657
1504,東元,6,0,6,富邦-苗栗,2023-06-13,9657
2449,京元電子,12,6,6,富邦-苗栗,2023-06-13,9657
1732,毛寶,6,0,6,富邦-苗栗,2023-06-13,9657
2331,精英,6,0,6,富邦-苗栗,2023-06-13,9657
6770,力積電,6,0,6,富邦-苗栗,2023-06-13,9657
00885,富邦越南,5,0,5,富邦-苗栗,2023-06-13,9657
6271,同欣電,5,0,5,富邦-苗栗,2023-06-13,9657
006205,富邦上証,5,0,5,富邦-苗栗,2023-06-13,9657
2888,新光金,180,1,179,富邦-苗栗,2023-06-14,9657
2409,友達,173,5,168,富邦-苗栗,2023-06-14,9657
00892,富邦台灣半導體,106,0,106,富邦-苗栗,2023-06-14,9657
00712,復華富時不動產,100,0,100,富邦-苗栗,2023-06-14,9657
00900,富邦特選高股息30,100,2,98,富邦-苗栗,2023-06-14,9657
00919,群益台灣精選高息,55,0,55,富邦-苗栗,2023-06-14,9657
5426,振發,30,0,30,富邦-苗栗,2023-06-14,9657
1815,富喬,30,1,29,富邦-苗栗,2023-06-14,9657
00679B,元大美債20年,26,1,25,富邦-苗栗,2023-06-14,9657
2323,中環,33,8,25,富邦-苗栗,2023-06-14,9657
2515,中工,27,2,25,富邦-苗栗,2023-06-14,9657
00706L,期元大S＆P日圓正2,23,0,23,富邦-苗栗,2023-06-14,9657
2886,兆豐金,22,0,22,富邦-苗栗,2023-06-14,9657
00929,復華台灣科技優息,21,1,20,富邦-苗栗,2023-06-14,9657
1584,精剛,20,0,20,富邦-苗栗,2023-06-14,9657
2338,光罩,20,0,20,富邦-苗栗,2023-06-14,9657
3232,昱捷,20,0,20,富邦-苗栗,2023-06-14,9657
4747,強生,20,1,19,富邦-苗栗,2023-06-14,9657
8926,台汽電,38,19,19,富邦-苗栗,2023-06-14,9657
00772B,中信高評級公司債,16,0,16,富邦-苗栗,2023-06-14,9657
2630,亞航,32,16,16,富邦-苗栗,2023-06-14,9657
4157,太景*-KY,21,5,16,富邦-苗栗,2023-06-14,9657
00687B,國泰20年美債,17,1,16,富邦-苗栗,2023-06-14,9657
2356,英業達,64,49,15,富邦-苗栗,2023-06-14,9657
2388,威盛,15,3,12,富邦-苗栗,2023-06-14,9657
2482,連宇,16,4,12,富邦-苗栗,2023-06-14,9657
2705,六福,13,2,11,富邦-苗栗,2023-06-14,9657
2883,凱基金,11,0,11,富邦-苗栗,2023-06-14,9657
3032,偉訓,11,0,11,富邦-苗栗,2023-06-14,9657
4123,晟德,16,5,11,富邦-苗栗,2023-06-14,9657
5302,太欣,11,0,11,富邦-苗栗,2023-06-14,9657
0056,元大高股息,63,53,10,富邦-苗栗,2023-06-14,9657
00751B,元大AAA至A公司債,10,0,10,富邦-苗栗,2023-06-14,9657
5258,虹堡,23,13,10,富邦-苗栗,2023-06-14,9657
1471,首利,10,0,10,富邦-苗栗,2023-06-14,9657
1709,和益,10,0,10,富邦-苗栗,2023-06-14,9657
2023,燁輝,10,0,10,富邦-苗栗,2023-06-14,9657
3712,永崴投控,10,0,10,富邦-苗栗,2023-06-14,9657
6167,久正,10,0,10,富邦-苗栗,2023-06-14,9657
8155,博智,10,0,10,富邦-苗栗,2023-06-14,9657
8936,國統,10,0,10,富邦-苗栗,2023-06-14,9657
1802,台玻,10,0,10,富邦-苗栗,2023-06-14,9657
2330,台積電,12,2,10,富邦-苗栗,2023-06-14,9657
2385,群光,10,1,9,富邦-苗栗,2023-06-14,9657
1522,堤維西,39,30,9,富邦-苗栗,2023-06-14,9657
4532,瑞智,9,0,9,富邦-苗栗,2023-06-14,9657
2102,泰豐,8,0,8,富邦-苗栗,2023-06-14,9657
4726,永昕,24,16,8,富邦-苗栗,2023-06-14,9657
5315,光聯,8,0,8,富邦-苗栗,2023-06-14,9657
6182,合晶,15,8,7,富邦-苗栗,2023-06-14,9657
00679B,元大美債20年,86,0,86,富邦-苗栗,2023-06-15,9657
00919,群益台灣精選高息,73,0,73,富邦-苗栗,2023-06-15,9657
00715L,期街口布蘭特正2,76,18,58,富邦-苗栗,2023-06-15,9657
2405,輔信,57,0,57,富邦-苗栗,2023-06-15,9657
6282,康舒,56,3,53,富邦-苗栗,2023-06-15,9657
1522,堤維西,81,29,52,富邦-苗栗,2023-06-15,9657
2618,長榮航,181,130,51,富邦-苗栗,2023-06-15,9657
2358,廷鑫,48,0,48,富邦-苗栗,2023-06-15,9657
2356,英業達,123,78,45,富邦-苗栗,2023-06-15,9657
1806,冠軍,45,11,34,富邦-苗栗,2023-06-15,9657
00882,中信中國高股息,32,1,31,富邦-苗栗,2023-06-15,9657
2329,華泰,29,0,29,富邦-苗栗,2023-06-15,9657
6770,力積電,29,2,27,富邦-苗栗,2023-06-15,9657
00712,復華富時不動產,48,25,23,富邦-苗栗,2023-06-15,9657
3252,海灣,22,0,22,富邦-苗栗,2023-06-15,9657
00753L,中信中國50正2,21,0,21,富邦-苗栗,2023-06-15,9657
1524,耿鼎,21,1,20,富邦-苗栗,2023-06-15,9657
2332,友訊,35,15,20,富邦-苗栗,2023-06-15,9657
3231,緯創,102,82,20,富邦-苗栗,2023-06-15,9657
3019,亞光,21,3,18,富邦-苗栗,2023-06-15,9657
2609,陽明,23,6,17,富邦-苗栗,2023-06-15,9657
4726,永昕,22,6,16,富邦-苗栗,2023-06-15,9657
2338,光罩,13,0,13,富邦-苗栗,2023-06-15,9657
1309,台達化,12,0,12,富邦-苗栗,2023-06-15,9657
2891,中信金,12,0,12,富邦-苗栗,2023-06-15,9657
5301,寶得利,12,0,12,富邦-苗栗,2023-06-15,9657
6117,迎廣,11,0,11,富邦-苗栗,2023-06-15,9657
1609,大亞,34,24,10,富邦-苗栗,2023-06-15,9657
3055,蔚華科,13,3,10,富邦-苗栗,2023-06-15,9657
1467,南緯,10,0,10,富邦-苗栗,2023-06-15,9657
2007,燁興,10,0,10,富邦-苗栗,2023-06-15,9657
2450,神腦,10,0,10,富邦-苗栗,2023-06-15,9657
3088,艾訊,10,0,10,富邦-苗栗,2023-06-15,9657
6485,點序,11,1,10,富邦-苗栗,2023-06-15,9657
00632R,元大台灣50反1,11,2,9,富邦-苗栗,2023-06-15,9657
2002,中鋼,11,2,9,富邦-苗栗,2023-06-15,9657
3058,立德,10,1,9,富邦-苗栗,2023-06-15,9657
3707,漢磊,9,0,9,富邦-苗栗,2023-06-15,9657
8033,雷虎,12,3,9,富邦-苗栗,2023-06-15,9657
00642U,期元大S＆P石油,8,0,8,富邦-苗栗,2023-06-15,9657
2421,建準,10,2,8,富邦-苗栗,2023-06-15,9657
4123,晟德,8,0,8,富邦-苗栗,2023-06-15,9657
6535,順藥,10,2,8,富邦-苗栗,2023-06-15,9657
2630,亞航,35,28,7,富邦-苗栗,2023-06-15,9657
4510,高鋒,10,3,7,富邦-苗栗,2023-06-15,9657
6187,萬潤,8,1,7,富邦-苗栗,2023-06-15,9657
2606,裕民,7,0,7,富邦-苗栗,2023-06-15,9657
3162,精確,6,0,6,富邦-苗栗,2023-06-15,9657
3022,威強電,8,2,6,富邦-苗栗,2023-06-15,9657
2881,富邦金,6,0,6,富邦-苗栗,2023-06-15,9657
2610,華航,366,80,286,富邦-苗栗,2023-06-16,9657
00885,富邦越南,102,0,102,富邦-苗栗,2023-06-16,9657
2371,大同,135,36,99,富邦-苗栗,2023-06-16,9657
2888,新光金,99,21,78,富邦-苗栗,2023-06-16,9657
6282,康舒,90,13,77,富邦-苗栗,2023-06-16,9657
2303,聯電,100,29,71,富邦-苗栗,2023-06-16,9657
2883,凱基金,64,7,57,富邦-苗栗,2023-06-16,9657
00919,群益台灣精選高息,60,4,56,富邦-苗栗,2023-06-16,9657
2812,台中銀,65,11,54,富邦-苗栗,2023-06-16,9657
2358,廷鑫,43,0,43,富邦-苗栗,2023-06-16,9657
6167,久正,43,0,43,富邦-苗栗,2023-06-16,9657
4533,協易機,46,5,41,富邦-苗栗,2023-06-16,9657
00878,國泰永續高股息,102,62,40,富邦-苗栗,2023-06-16,9657
00929,復華台灣科技優息,38,0,38,富邦-苗栗,2023-06-16,9657
00895,富邦未來車,35,1,34,富邦-苗栗,2023-06-16,9657
3706,神達,45,11,34,富邦-苗栗,2023-06-16,9657
2884,玉山金,35,3,32,富邦-苗栗,2023-06-16,9657
00712,復華富時不動產,94,70,24,富邦-苗栗,2023-06-16,9657
1217,愛之味,20,0,20,富邦-苗栗,2023-06-16,9657
2409,友達,23,3,20,富邦-苗栗,2023-06-16,9657
3528,安馳,20,0,20,富邦-苗栗,2023-06-16,9657
8147,正淩,20,0,20,富邦-苗栗,2023-06-16,9657
8936,國統,20,0,20,富邦-苗栗,2023-06-16,9657
6271,同欣電,20,1,19,富邦-苗栗,2023-06-16,9657
00753L,中信中國50正2,20,1,19,富邦-苗栗,2023-06-16,9657
4977,眾達-KY,20,1,19,富邦-苗栗,2023-06-16,9657
6152,百一,20,2,18,富邦-苗栗,2023-06-16,9657
8050,廣積,18,0,18,富邦-苗栗,2023-06-16,9657
00903,富邦元宇宙,18,1,17,富邦-苗栗,2023-06-16,9657
1609,大亞,30,14,16,富邦-苗栗,2023-06-16,9657
4916,事欣科,15,1,14,富邦-苗栗,2023-06-16,9657
2201,裕隆,35,21,14,富邦-苗栗,2023-06-16,9657
0056,元大高股息,75,61,14,富邦-苗栗,2023-06-16,9657
3711,日月光投控,13,0,13,富邦-苗栗,2023-06-16,9657
6414,樺漢,13,0,13,富邦-苗栗,2023-06-16,9657
2353,宏��,22,11,11,富邦-苗栗,2023-06-16,9657
2890,永豐金,10,0,10,富邦-苗栗,2023-06-16,9657
3059,華晶科,10,0,10,富邦-苗栗,2023-06-16,9657
8926,台汽電,10,0,10,富邦-苗栗,2023-06-16,9657
00639,富邦深100,10,0,10,富邦-苗栗,2023-06-16,9657
00673R,期元大S＆P原油反1,10,0,10,富邦-苗栗,2023-06-16,9657
00921,兆豐龍頭等權重,10,0,10,富邦-苗栗,2023-06-16,9657
1709,和益,10,0,10,富邦-苗栗,2023-06-16,9657
1905,華紙,19,9,10,富邦-苗栗,2023-06-16,9657
2887E,台新戊特,10,0,10,富邦-苗栗,2023-06-16,9657
3027,盛達,11,1,10,富邦-苗栗,2023-06-16,9657
3264,欣銓,10,1,9,富邦-苗栗,2023-06-16,9657
1529,樂事綠能,19,10,9,富邦-苗栗,2023-06-16,9657
1611,中電,10,1,9,富邦-苗栗,2023-06-16,9657
2030,彰源,10,1,9,富邦-苗栗,2023-06-16,9657
2913,農林,116,2,114,富邦-苗栗,2023-06-19,9657
1806,冠軍,106,0,106,富邦-苗栗,2023-06-19,9657
00712,復華富時不動產,127,30,97,富邦-苗栗,2023-06-19,9657
1815,富喬,56,1,55,富邦-苗栗,2023-06-19,9657
00882,中信中國高股息,49,5,44,富邦-苗栗,2023-06-19,9657
00878,國泰永續高股息,56,12,44,富邦-苗栗,2023-06-19,9657
6116,彩晶,57,15,42,富邦-苗栗,2023-06-19,9657
8201,無敵,39,1,38,富邦-苗栗,2023-06-19,9657
2337,旺宏,46,10,36,富邦-苗栗,2023-06-19,9657
6282,康舒,34,2,32,富邦-苗栗,2023-06-19,9657
2888,新光金,32,1,31,富邦-苗栗,2023-06-19,9657
3252,海灣,29,0,29,富邦-苗栗,2023-06-19,9657
1611,中電,25,0,25,富邦-苗栗,2023-06-19,9657
2393,億光,25,0,25,富邦-苗栗,2023-06-19,9657
3706,神達,35,13,22,富邦-苗栗,2023-06-19,9657
3231,緯創,66,45,21,富邦-苗栗,2023-06-19,9657
00632R,元大台灣50反1,20,0,20,富邦-苗栗,2023-06-19,9657
2314,台揚,20,0,20,富邦-苗栗,2023-06-19,9657
6790,永豐實,20,0,20,富邦-苗栗,2023-06-19,9657
2883,凱基金,19,0,19,富邦-苗栗,2023-06-19,9657
6120,達運,22,4,18,富邦-苗栗,2023-06-19,9657
00679B,元大美債20年,19,1,18,富邦-苗栗,2023-06-19,9657
3059,華晶科,18,0,18,富邦-苗栗,2023-06-19,9657
2324,仁寶,37,20,17,富邦-苗栗,2023-06-19,9657
00671R,富邦NASDAQ反1,16,0,16,富邦-苗栗,2023-06-19,9657
2356,英業達,39,23,16,富邦-苗栗,2023-06-19,9657
2468,華經,22,7,15,富邦-苗栗,2023-06-19,9657
8081,致新,15,0,15,富邦-苗栗,2023-06-19,9657
00830,國泰費城半導體,13,0,13,富邦-苗栗,2023-06-19,9657
3494,誠研,13,0,13,富邦-苗栗,2023-06-19,9657
2402,毅嘉,13,1,12,富邦-苗栗,2023-06-19,9657
1513,中興電,28,17,11,富邦-苗栗,2023-06-19,9657
2609,陽明,17,6,11,富邦-苗栗,2023-06-19,9657
1605,華新,12,1,11,富邦-苗栗,2023-06-19,9657
00638R,元大滬深300反1,11,0,11,富邦-苗栗,2023-06-19,9657
3438,類比科,11,0,11,富邦-苗栗,2023-06-19,9657
3006,晶豪科,11,0,11,富邦-苗栗,2023-06-19,9657
2884,玉山金,11,0,11,富邦-苗栗,2023-06-19,9657
6829,千附精密,10,0,10,富邦-苗栗,2023-06-19,9657
00669R,國泰美國道瓊反1,10,0,10,富邦-苗栗,2023-06-19,9657
1319,東陽,10,0,10,富邦-苗栗,2023-06-19,9657
1453,大將,10,0,10,富邦-苗栗,2023-06-19,9657
2545,皇翔,10,0,10,富邦-苗栗,2023-06-19,9657
4113,聯上,10,0,10,富邦-苗栗,2023-06-19,9657
8936,國統,10,0,10,富邦-苗栗,2023-06-19,9657
00753L,中信中國50正2,9,0,9,富邦-苗栗,2023-06-19,9657
2547,日勝生,9,0,9,富邦-苗栗,2023-06-19,9657
3548,兆利,10,1,9,富邦-苗栗,2023-06-19,9657
3710,連展投控,9,0,9,富邦-苗栗,2023-06-19,9657
00690,兆豐藍籌30,8,0,8,富邦-苗栗,2023-06-19,9657
6443,元晶,96,11,85,富邦-苗栗,2023-06-20,9657
00712,復華富時不動產,65,2,63,富邦-苗栗,2023-06-20,9657
4960,誠美材,50,0,50,富邦-苗栗,2023-06-20,9657
2888,新光金,50,1,49,富邦-苗栗,2023-06-20,9657
1815,富喬,47,0,47,富邦-苗栗,2023-06-20,9657
1471,首利,50,5,45,富邦-苗栗,2023-06-20,9657
00878,國泰永續高股息,101,58,43,富邦-苗栗,2023-06-20,9657
00882,中信中國高股息,33,0,33,富邦-苗栗,2023-06-20,9657
5426,振發,32,0,32,富邦-苗栗,2023-06-20,9657
2537,聯上發,30,0,30,富邦-苗栗,2023-06-20,9657
2634,漢翔,43,13,30,富邦-苗栗,2023-06-20,9657
2913,農林,23,1,22,富邦-苗栗,2023-06-20,9657
00706L,期元大S＆P日圓正2,21,0,21,富邦-苗栗,2023-06-20,9657
8076,伍豐,42,21,21,富邦-苗栗,2023-06-20,9657
3062,建漢,20,0,20,富邦-苗栗,2023-06-20,9657
1457,宜進,20,0,20,富邦-苗栗,2023-06-20,9657
3685,元創精密,20,0,20,富邦-苗栗,2023-06-20,9657
4726,永昕,20,0,20,富邦-苗栗,2023-06-20,9657
6751,智聯服務,19,0,19,富邦-苗栗,2023-06-20,9657
2883,凱基金,17,0,17,富邦-苗栗,2023-06-20,9657
1605,華新,22,6,16,富邦-苗栗,2023-06-20,9657
2606,裕民,16,0,16,富邦-苗栗,2023-06-20,9657
2104,國際中橡,16,1,15,富邦-苗栗,2023-06-20,9657
00638R,元大滬深300反1,15,0,15,富邦-苗栗,2023-06-20,9657
1528,恩德,18,3,15,富邦-苗栗,2023-06-20,9657
1609,大亞,19,4,15,富邦-苗栗,2023-06-20,9657
6485,點序,16,2,14,富邦-苗栗,2023-06-20,9657
5465,富驊,16,3,13,富邦-苗栗,2023-06-20,9657
1612,宏泰,14,2,12,富邦-苗栗,2023-06-20,9657
2103,台橡,12,0,12,富邦-苗栗,2023-06-20,9657
1218,泰山,12,1,11,富邦-苗栗,2023-06-20,9657
2401,凌陽,13,2,11,富邦-苗栗,2023-06-20,9657
2609,陽明,16,5,11,富邦-苗栗,2023-06-20,9657
00664R,國泰臺灣加權反1,10,0,10,富邦-苗栗,2023-06-20,9657
00687B,國泰20年美債,10,0,10,富邦-苗栗,2023-06-20,9657
2453,凌群,18,8,10,富邦-苗栗,2023-06-20,9657
2545,皇翔,10,0,10,富邦-苗栗,2023-06-20,9657
5284,jpp-KY,11,1,10,富邦-苗栗,2023-06-20,9657
6584,南俊國際,10,0,10,富邦-苗栗,2023-06-20,9657
6603,富強鑫,10,0,10,富邦-苗栗,2023-06-20,9657
6690,安�硌穈T,10,0,10,富邦-苗栗,2023-06-20,9657
8081,致新,10,0,10,富邦-苗栗,2023-06-20,9657
8933,愛地雅,10,0,10,富邦-苗栗,2023-06-20,9657
8940,新天地,11,1,10,富邦-苗栗,2023-06-20,9657
5015,華祺,10,0,10,富邦-苗栗,2023-06-20,9657
1802,台玻,9,0,9,富邦-苗栗,2023-06-20,9657
2329,華泰,9,0,9,富邦-苗栗,2023-06-20,9657
00929,復華台灣科技優息,25,16,9,富邦-苗栗,2023-06-20,9657
00720B,元大投資級公司債,10,2,8,富邦-苗栗,2023-06-20,9657
3264,欣銓,11,3,8,富邦-苗栗,2023-06-20,9657
2312,金寶,88,6,82,富邦-苗栗,2023-06-21,9657
2913,農林,80,3,77,富邦-苗栗,2023-06-21,9657
2705,六福,72,15,57,富邦-苗栗,2023-06-21,9657
2537,聯上發,30,0,30,富邦-苗栗,2023-06-21,9657
5223,安力-KY,30,0,30,富邦-苗栗,2023-06-21,9657
2634,漢翔,38,8,30,富邦-苗栗,2023-06-21,9657
2002,中鋼,26,0,26,富邦-苗栗,2023-06-21,9657
3706,神達,52,30,22,富邦-苗栗,2023-06-21,9657
1584,精剛,51,30,21,富邦-苗栗,2023-06-21,9657
2409,友達,25,5,20,富邦-苗栗,2023-06-21,9657
3232,昱捷,20,0,20,富邦-苗栗,2023-06-21,9657
4426,利勤,18,0,18,富邦-苗栗,2023-06-21,9657
1609,大亞,19,2,17,富邦-苗栗,2023-06-21,9657
4157,太景*-KY,20,3,17,富邦-苗栗,2023-06-21,9657
6877,鏵友益,17,0,17,富邦-苗栗,2023-06-21,9657
1605,華新,20,3,17,富邦-苗栗,2023-06-21,9657
2323,中環,24,8,16,富邦-苗栗,2023-06-21,9657
3002,歐格,16,0,16,富邦-苗栗,2023-06-21,9657
6116,彩晶,17,1,16,富邦-苗栗,2023-06-21,9657
2883,凱基金,15,0,15,富邦-苗栗,2023-06-21,9657
4916,事欣科,23,9,14,富邦-苗栗,2023-06-21,9657
8201,無敵,14,0,14,富邦-苗栗,2023-06-21,9657
00929,復華台灣科技優息,13,0,13,富邦-苗栗,2023-06-21,9657
5258,虹堡,22,10,12,富邦-苗栗,2023-06-21,9657
1710,東聯,12,0,12,富邦-苗栗,2023-06-21,9657
2303,聯電,17,6,11,富邦-苗栗,2023-06-21,9657
4114,健喬,11,0,11,富邦-苗栗,2023-06-21,9657
2489,瑞軒,11,0,11,富邦-苗栗,2023-06-21,9657
2701,萬企,11,1,10,富邦-苗栗,2023-06-21,9657
2344,華邦電,10,1,9,富邦-苗栗,2023-06-21,9657
2498,宏達電,11,2,9,富邦-苗栗,2023-06-21,9657
3374,精材,9,0,9,富邦-苗栗,2023-06-21,9657
00919,群益台灣精選高息,9,1,8,富邦-苗栗,2023-06-21,9657
3356,奇偶,9,1,8,富邦-苗栗,2023-06-21,9657
1217,愛之味,7,0,7,富邦-苗栗,2023-06-21,9657
00753L,中信中國50正2,7,0,7,富邦-苗栗,2023-06-21,9657
1301,台塑,10,3,7,富邦-苗栗,2023-06-21,9657
2615,萬海,7,0,7,富邦-苗栗,2023-06-21,9657
3685,元創精密,15,8,7,富邦-苗栗,2023-06-21,9657
6584,南俊國際,7,0,7,富邦-苗栗,2023-06-21,9657
2603,長榮,17,10,7,富邦-苗栗,2023-06-21,9657
2337,旺宏,6,0,6,富邦-苗栗,2023-06-21,9657
3380,明泰,7,1,6,富邦-苗栗,2023-06-21,9657
2468,華經,7,1,6,富邦-苗栗,2023-06-21,9657
4550,長佳,6,0,6,富邦-苗栗,2023-06-21,9657
4726,永昕,7,1,6,富邦-苗栗,2023-06-21,9657
5469,瀚宇博,29,23,6,富邦-苗栗,2023-06-21,9657
6264,富裔,6,0,6,富邦-苗栗,2023-06-21,9657
6417,韋僑,6,0,6,富邦-苗栗,2023-06-21,9657
00673R,期元大S＆P原油反1,5,0,5,富邦-苗栗,2023-06-21,9657
00715L,期街口布蘭特正2,168,0,168,富邦-苗栗,2023-06-26,9657
2405,輔信,112,3,109,富邦-苗栗,2023-06-26,9657
3706,神達,156,55,101,富邦-苗栗,2023-06-26,9657
1528,恩德,73,1,72,富邦-苗栗,2023-06-26,9657
2303,聯電,76,7,69,富邦-苗栗,2023-06-26,9657
3685,元創精密,70,2,68,富邦-苗栗,2023-06-26,9657
6282,康舒,58,14,44,富邦-苗栗,2023-06-26,9657
00882,中信中國高股息,43,0,43,富邦-苗栗,2023-06-26,9657
6125,廣運,69,29,40,富邦-苗栗,2023-06-26,9657
2312,金寶,33,0,33,富邦-苗栗,2023-06-26,9657
2002,中鋼,41,10,31,富邦-苗栗,2023-06-26,9657
3481,群創,54,29,25,富邦-苗栗,2023-06-26,9657
2610,華航,53,29,24,富邦-苗栗,2023-06-26,9657
2344,華邦電,26,3,23,富邦-苗栗,2023-06-26,9657
6116,彩晶,23,0,23,富邦-苗栗,2023-06-26,9657
2409,友達,29,8,21,富邦-苗栗,2023-06-26,9657
1909,榮成,21,0,21,富邦-苗栗,2023-06-26,9657
3715,定穎投控,20,0,20,富邦-苗栗,2023-06-26,9657
4743,合一,17,0,17,富邦-苗栗,2023-06-26,9657
0056,元大高股息,20,5,15,富邦-苗栗,2023-06-26,9657
2453,凌群,15,0,15,富邦-苗栗,2023-06-26,9657
3027,盛達,15,0,15,富邦-苗栗,2023-06-26,9657
2329,華泰,14,0,14,富邦-苗栗,2023-06-26,9657
00878,國泰永續高股息,29,15,14,富邦-苗栗,2023-06-26,9657
2017,官田鋼,13,0,13,富邦-苗栗,2023-06-26,9657
2601,益航,15,2,13,富邦-苗栗,2023-06-26,9657
00893,國泰智能電動車,13,1,12,富邦-苗栗,2023-06-26,9657
1446,宏和,12,0,12,富邦-苗栗,2023-06-26,9657
1762,中化生,12,0,12,富邦-苗栗,2023-06-26,9657
1802,台玻,17,5,12,富邦-苗栗,2023-06-26,9657
2892,第一金,11,0,11,富邦-苗栗,2023-06-26,9657
2427,三商電,16,5,11,富邦-苗栗,2023-06-26,9657
4543,萬在,19,8,11,富邦-苗栗,2023-06-26,9657
1513,中興電,19,8,11,富邦-苗栗,2023-06-26,9657
00639,富邦深100,10,0,10,富邦-苗栗,2023-06-26,9657
2031,新光鋼,10,0,10,富邦-苗栗,2023-06-26,9657
2324,仁寶,18,8,10,富邦-苗栗,2023-06-26,9657
2726,雅茗-KY,10,0,10,富邦-苗栗,2023-06-26,9657
3287,廣寰科,11,1,10,富邦-苗栗,2023-06-26,9657
4510,高鋒,10,0,10,富邦-苗栗,2023-06-26,9657
5223,安力-KY,10,0,10,富邦-苗栗,2023-06-26,9657
8201,無敵,10,0,10,富邦-苗栗,2023-06-26,9657
2885,元大金,10,0,10,富邦-苗栗,2023-06-26,9657
2495,普安,15,6,9,富邦-苗栗,2023-06-26,9657
00713,元大台灣高息低波,9,0,9,富邦-苗栗,2023-06-26,9657
1605,華新,9,1,8,富邦-苗栗,2023-06-26,9657
2206,三陽工業,8,0,8,富邦-苗栗,2023-06-26,9657
00642U,期元大S＆P石油,8,0,8,富邦-苗栗,2023-06-26,9657
1471,首利,8,0,8,富邦-苗栗,2023-06-26,9657
2342,茂矽,8,0,8,富邦-苗栗,2023-06-26,9657
3706,神達,130,32,98,富邦-苗栗,2023-06-27,9657
2303,聯電,108,26,82,富邦-苗栗,2023-06-27,9657
3094,聯傑,72,0,72,富邦-苗栗,2023-06-27,9657
00923,群益台ESG低碳50,69,0,69,富邦-苗栗,2023-06-27,9657
00679B,元大美債20年,60,6,54,富邦-苗栗,2023-06-27,9657
2897A,王道銀甲特,51,0,51,富邦-苗栗,2023-06-27,9657
00882,中信中國高股息,40,0,40,富邦-苗栗,2023-06-27,9657
3685,元創精密,40,0,40,富邦-苗栗,2023-06-27,9657
4157,太景*-KY,40,4,36,富邦-苗栗,2023-06-27,9657
6282,康舒,47,15,32,富邦-苗栗,2023-06-27,9657
2485,兆赫,30,0,30,富邦-苗栗,2023-06-27,9657
4106,雃博,34,6,28,富邦-苗栗,2023-06-27,9657
8213,志超,27,0,27,富邦-苗栗,2023-06-27,9657
3033,威健,26,0,26,富邦-苗栗,2023-06-27,9657
1605,華新,25,0,25,富邦-苗栗,2023-06-27,9657
3059,華晶科,24,0,24,富邦-苗栗,2023-06-27,9657
00900,富邦特選高股息30,21,0,21,富邦-苗栗,2023-06-27,9657
3231,緯創,44,23,21,富邦-苗栗,2023-06-27,9657
2206,三陽工業,25,5,20,富邦-苗栗,2023-06-27,9657
00639,富邦深100,20,0,20,富邦-苗栗,2023-06-27,9657
1909,榮成,20,0,20,富邦-苗栗,2023-06-27,9657
8354,冠好,20,0,20,富邦-苗栗,2023-06-27,9657
1301,台塑,18,0,18,富邦-苗栗,2023-06-27,9657
1313,聯成,19,1,18,富邦-苗栗,2023-06-27,9657
5223,安力-KY,18,0,18,富邦-苗栗,2023-06-27,9657
2498,宏達電,17,1,16,富邦-苗栗,2023-06-27,9657
5228,鈺鎧,15,1,14,富邦-苗栗,2023-06-27,9657
2368,金像電,18,5,13,富邦-苗栗,2023-06-27,9657
00712,復華富時不動產,13,0,13,富邦-苗栗,2023-06-27,9657
6116,彩晶,32,19,13,富邦-苗栗,2023-06-27,9657
2891,中信金,12,0,12,富邦-苗栗,2023-06-27,9657
00929,復華台灣科技優息,15,3,12,富邦-苗栗,2023-06-27,9657
2356,英業達,15,4,11,富邦-苗栗,2023-06-27,9657
2883,凱基金,11,0,11,富邦-苗栗,2023-06-27,9657
2427,三商電,15,4,11,富邦-苗栗,2023-06-27,9657
2014,中鴻,13,2,11,富邦-苗栗,2023-06-27,9657
2329,華泰,11,0,11,富邦-苗栗,2023-06-27,9657
2845,遠東銀,12,1,11,富邦-苗栗,2023-06-27,9657
2885,元大金,11,1,10,富邦-苗栗,2023-06-27,9657
1810,和成,10,0,10,富邦-苗栗,2023-06-27,9657
2103,台橡,10,0,10,富邦-苗栗,2023-06-27,9657
2515,中工,10,0,10,富邦-苗栗,2023-06-27,9657
3708,上緯投控,10,0,10,富邦-苗栗,2023-06-27,9657
3712,永崴投控,10,0,10,富邦-苗栗,2023-06-27,9657
4726,永昕,10,0,10,富邦-苗栗,2023-06-27,9657
8064,東捷,10,0,10,富邦-苗栗,2023-06-27,9657
6188,廣明,10,1,9,富邦-苗栗,2023-06-27,9657
4526,東台,9,0,9,富邦-苗栗,2023-06-27,9657
2323,中環,16,7,9,富邦-苗栗,2023-06-27,9657
3049,精金,11,2,9,富邦-苗栗,2023-06-27,9657
00715L,期街口布蘭特正2,172,0,172,富邦-苗栗,2023-06-28,9657
3049,精金,126,6,120,富邦-苗栗,2023-06-28,9657
4123,晟德,80,0,80,富邦-苗栗,2023-06-28,9657
1605,華新,60,9,51,富邦-苗栗,2023-06-28,9657
2883,凱基金,40,0,40,富邦-苗栗,2023-06-28,9657
2913,農林,25,0,25,富邦-苗栗,2023-06-28,9657
1718,中纖,20,0,20,富邦-苗栗,2023-06-28,9657
3094,聯傑,20,0,20,富邦-苗栗,2023-06-28,9657
2609,陽明,20,0,20,富邦-苗栗,2023-06-28,9657
4906,正文,17,0,17,富邦-苗栗,2023-06-28,9657
2603,長榮,39,23,16,富邦-苗栗,2023-06-28,9657
00639,富邦深100,15,0,15,富邦-苗栗,2023-06-28,9657
5469,瀚宇博,43,28,15,富邦-苗栗,2023-06-28,9657
00706L,期元大S＆P日圓正2,14,0,14,富邦-苗栗,2023-06-28,9657
3711,日月光投控,18,4,14,富邦-苗栗,2023-06-28,9657
5228,鈺鎧,14,0,14,富邦-苗栗,2023-06-28,9657
00919,群益台灣精選高息,14,0,14,富邦-苗栗,2023-06-28,9657
0056,元大高股息,18,5,13,富邦-苗栗,2023-06-28,9657
00923,群益台ESG低碳50,13,1,12,富邦-苗栗,2023-06-28,9657
2888,新光金,12,0,12,富邦-苗栗,2023-06-28,9657
8046,南電,11,0,11,富邦-苗栗,2023-06-28,9657
00882,中信中國高股息,11,0,11,富邦-苗栗,2023-06-28,9657
4167,松瑞藥,11,0,11,富邦-苗栗,2023-06-28,9657
00878,國泰永續高股息,25,15,10,富邦-苗栗,2023-06-28,9657
2409,友達,10,0,10,富邦-苗栗,2023-06-28,9657
2412,中華電,11,1,10,富邦-苗栗,2023-06-28,9657
1217,愛之味,10,0,10,富邦-苗栗,2023-06-28,9657
3685,元創精密,10,0,10,富邦-苗栗,2023-06-28,9657
4121,優盛,11,1,10,富邦-苗栗,2023-06-28,9657
4720,德淵,10,0,10,富邦-苗栗,2023-06-28,9657
5223,安力-KY,10,0,10,富邦-苗栗,2023-06-28,9657
6166,凌華,10,0,10,富邦-苗栗,2023-06-28,9657
8409,商之器,10,0,10,富邦-苗栗,2023-06-28,9657
6191,精成科,20,10,10,富邦-苗栗,2023-06-28,9657
2489,瑞軒,10,0,10,富邦-苗栗,2023-06-28,9657
3481,群創,22,13,9,富邦-苗栗,2023-06-28,9657
5519,隆大,9,0,9,富邦-苗栗,2023-06-28,9657
2884,玉山金,10,2,8,富邦-苗栗,2023-06-28,9657
3592,瑞鼎,10,2,8,富邦-苗栗,2023-06-28,9657
5703,亞都,8,0,8,富邦-苗栗,2023-06-28,9657
8234,新漢,8,0,8,富邦-苗栗,2023-06-28,9657
3231,緯創,32,24,8,富邦-苗栗,2023-06-28,9657
2880,華南金,7,0,7,富邦-苗栗,2023-06-28,9657
00772B,中信高評級公司債,7,0,7,富邦-苗栗,2023-06-28,9657
2617,台航,7,0,7,富邦-苗栗,2023-06-28,9657
3038,全台,10,4,6,富邦-苗栗,2023-06-28,9657
3028,增你強,6,0,6,富邦-苗栗,2023-06-28,9657
1326,台化,6,0,6,富邦-苗栗,2023-06-28,9657
1444,力麗,6,0,6,富邦-苗栗,2023-06-28,9657
2324,仁寶,6,0,6,富邦-苗栗,2023-06-28,9657
4414,如興,72,1,71,富邦-苗栗,2023-06-29,9657
2305,全友,60,0,60,富邦-苗栗,2023-06-29,9657
3232,昱捷,55,0,55,富邦-苗栗,2023-06-29,9657
4994,傳奇,38,0,38,富邦-苗栗,2023-06-29,9657
00885,富邦越南,34,0,34,富邦-苗栗,2023-06-29,9657
2641,正德,30,0,30,富邦-苗栗,2023-06-29,9657
8277,商丞,24,0,24,富邦-苗栗,2023-06-29,9657
2609,陽明,23,0,23,富邦-苗栗,2023-06-29,9657
9912,偉聯,23,0,23,富邦-苗栗,2023-06-29,9657
1101,台泥,21,0,21,富邦-苗栗,2023-06-29,9657
4533,協易機,21,0,21,富邦-苗栗,2023-06-29,9657
6153,嘉聯益,26,5,21,富邦-苗栗,2023-06-29,9657
2610,華航,24,4,20,富邦-苗栗,2023-06-29,9657
5009,榮剛,22,3,19,富邦-苗栗,2023-06-29,9657
3005,神基,19,1,18,富邦-苗栗,2023-06-29,9657
2888,新光金,21,6,15,富邦-苗栗,2023-06-29,9657
2303,聯電,22,8,14,富邦-苗栗,2023-06-29,9657
1605,華新,23,9,14,富邦-苗栗,2023-06-29,9657
2885,元大金,14,0,14,富邦-苗栗,2023-06-29,9657
00882,中信中國高股息,21,7,14,富邦-苗栗,2023-06-29,9657
2022,聚亨,13,0,13,富邦-苗栗,2023-06-29,9657
2867,三商壽,13,0,13,富邦-苗栗,2023-06-29,9657
4915,致伸,13,0,13,富邦-苗栗,2023-06-29,9657
2337,旺宏,12,0,12,富邦-苗栗,2023-06-29,9657
00679B,元大美債20年,12,0,12,富邦-苗栗,2023-06-29,9657
6188,廣明,12,0,12,富邦-苗栗,2023-06-29,9657
1711,永光,12,0,12,富邦-苗栗,2023-06-29,9657
3037,欣興,18,6,12,富邦-苗栗,2023-06-29,9657
3711,日月光投控,13,1,12,富邦-苗栗,2023-06-29,9657
2412,中華電,16,5,11,富邦-苗栗,2023-06-29,9657
6197,佳必琪,12,1,11,富邦-苗栗,2023-06-29,9657
2027,大成鋼,10,0,10,富邦-苗栗,2023-06-29,9657
3013,晟銘電,12,2,10,富邦-苗栗,2023-06-29,9657
3592,瑞鼎,10,0,10,富邦-苗栗,2023-06-29,9657
6101,寬魚國際,10,0,10,富邦-苗栗,2023-06-29,9657
8110,華東,10,0,10,富邦-苗栗,2023-06-29,9657
00919,群益台灣精選高息,9,0,9,富邦-苗栗,2023-06-29,9657
4167,松瑞藥,10,1,9,富邦-苗栗,2023-06-29,9657
2353,宏��,41,32,9,富邦-苗栗,2023-06-29,9657
2498,宏達電,12,3,9,富邦-苗栗,2023-06-29,9657
5880,合庫金,10,2,8,富邦-苗栗,2023-06-29,9657
2383,台光電,8,0,8,富邦-苗栗,2023-06-29,9657
2634,漢翔,10,2,8,富邦-苗栗,2023-06-29,9657
2913,農林,8,0,8,富邦-苗栗,2023-06-29,9657
1528,恩德,12,5,7,富邦-苗栗,2023-06-29,9657
2883,凱基金,7,0,7,富邦-苗栗,2023-06-29,9657
4746,台耀,9,2,7,富邦-苗栗,2023-06-29,9657
1313,聯成,7,0,7,富邦-苗栗,2023-06-29,9657
00891,中信關鍵半導體,7,0,7,富邦-苗栗,2023-06-29,9657
1504,東元,8,1,7,富邦-苗栗,2023-06-29,9657
6142,友勁,92,5,87,富邦-苗栗,2023-06-30,9657
8105,凌巨,69,0,69,富邦-苗栗,2023-06-30,9657
2603,長榮,110,50,60,富邦-苗栗,2023-06-30,9657
00679B,元大美債20年,56,0,56,富邦-苗栗,2023-06-30,9657
3232,昱捷,45,1,44,富邦-苗栗,2023-06-30,9657
3481,群創,45,1,44,富邦-苗栗,2023-06-30,9657
1326,台化,31,0,31,富邦-苗栗,2023-06-30,9657
2913,農林,28,0,28,富邦-苗栗,2023-06-30,9657
4726,永昕,35,12,23,富邦-苗栗,2023-06-30,9657
8050,廣積,37,15,22,富邦-苗栗,2023-06-30,9657
2305,全友,22,0,22,富邦-苗栗,2023-06-30,9657
4958,臻鼎-KY,22,0,22,富邦-苗栗,2023-06-30,9657
0056,元大高股息,27,6,21,富邦-苗栗,2023-06-30,9657
1467,南緯,20,0,20,富邦-苗栗,2023-06-30,9657
3685,元創精密,32,12,20,富邦-苗栗,2023-06-30,9657
4157,太景*-KY,36,18,18,富邦-苗栗,2023-06-30,9657
00706L,期元大S＆P日圓正2,18,0,18,富邦-苗栗,2023-06-30,9657
2618,長榮航,36,18,18,富邦-苗栗,2023-06-30,9657
2812,台中銀,18,2,16,富邦-苗栗,2023-06-30,9657
2888,新光金,16,0,16,富邦-苗栗,2023-06-30,9657
00929,復華台灣科技優息,15,0,15,富邦-苗栗,2023-06-30,9657
2344,華邦電,15,0,15,富邦-苗栗,2023-06-30,9657
2609,陽明,52,39,13,富邦-苗栗,2023-06-30,9657
3045,台灣大,12,0,12,富邦-苗栗,2023-06-30,9657
00878,國泰永續高股息,18,7,11,富邦-苗栗,2023-06-30,9657
8076,伍豐,11,0,11,富邦-苗栗,2023-06-30,9657
00673R,期元大S＆P原油反1,11,0,11,富邦-苗栗,2023-06-30,9657
3706,神達,13,2,11,富邦-苗栗,2023-06-30,9657
9958,世紀鋼,43,32,11,富邦-苗栗,2023-06-30,9657
00687B,國泰20年美債,11,0,11,富邦-苗栗,2023-06-30,9657
2303,聯電,10,0,10,富邦-苗栗,2023-06-30,9657
3028,增你強,10,0,10,富邦-苗栗,2023-06-30,9657
00885,富邦越南,12,2,10,富邦-苗栗,2023-06-30,9657
00688L,國泰20年美債正2,10,0,10,富邦-苗栗,2023-06-30,9657
00927,群益半導體收益,10,0,10,富邦-苗栗,2023-06-30,9657
1789,神隆,10,0,10,富邦-苗栗,2023-06-30,9657
3317,尼克森,10,0,10,富邦-苗栗,2023-06-30,9657
4303,信立,10,0,10,富邦-苗栗,2023-06-30,9657
00923,群益台ESG低碳50,10,1,9,富邦-苗栗,2023-06-30,9657
1447,力鵬,9,0,9,富邦-苗栗,2023-06-30,9657
1471,首利,9,0,9,富邦-苗栗,2023-06-30,9657
1605,華新,10,1,9,富邦-苗栗,2023-06-30,9657
2356,英業達,15,6,9,富邦-苗栗,2023-06-30,9657
3025,星通,57,48,9,富邦-苗栗,2023-06-30,9657
2009,第一銅,8,0,8,富邦-苗栗,2023-06-30,9657
3260,威剛,8,0,8,富邦-苗栗,2023-06-30,9657
3548,兆利,8,0,8,富邦-苗栗,2023-06-30,9657
00722B,群益投資級電信債,8,0,8,富邦-苗栗,2023-06-30,9657
2317,鴻海,12,5,7,富邦-苗栗,2023-06-30,9657
2883,凱基金,7,0,7,富邦-苗栗,2023-06-30,9657
00676R,富邦臺灣加權反1,161,0,161,富邦-苗栗,2023-07-03,9657
2486,一詮,133,3,130,富邦-苗栗,2023-07-03,9657
2323,中環,123,1,122,富邦-苗栗,2023-07-03,9657
00632R,元大台灣50反1,102,5,97,富邦-苗栗,2023-07-03,9657
2812,台中銀,75,1,74,富邦-苗栗,2023-07-03,9657
6153,嘉聯益,70,1,69,富邦-苗栗,2023-07-03,9657
6274,台燿,66,2,64,富邦-苗栗,2023-07-03,9657
2906,高林,61,0,61,富邦-苗栗,2023-07-03,9657
4526,東台,56,0,56,富邦-苗栗,2023-07-03,9657
3481,群創,56,4,52,富邦-苗栗,2023-07-03,9657
1109,信大,41,0,41,富邦-苗栗,2023-07-03,9657
1531,高林股,33,0,33,富邦-苗栗,2023-07-03,9657
5468,凱鈺,30,0,30,富邦-苗栗,2023-07-03,9657
2845,遠東銀,30,1,29,富邦-苗栗,2023-07-03,9657
2603,長榮,42,14,28,富邦-苗栗,2023-07-03,9657
2303,聯電,44,20,24,富邦-苗栗,2023-07-03,9657
2349,錸德,23,0,23,富邦-苗栗,2023-07-03,9657
3231,緯創,36,15,21,富邦-苗栗,2023-07-03,9657
8147,正淩,20,1,19,富邦-苗栗,2023-07-03,9657
2344,華邦電,23,5,18,富邦-苗栗,2023-07-03,9657
4538,大詠城,21,3,18,富邦-苗栗,2023-07-03,9657
2382,廣達,27,9,18,富邦-苗栗,2023-07-03,9657
4906,正文,40,23,17,富邦-苗栗,2023-07-03,9657
9958,世紀鋼,31,14,17,富邦-苗栗,2023-07-03,9657
00878,國泰永續高股息,38,22,16,富邦-苗栗,2023-07-03,9657
2753,八方雲集,15,0,15,富邦-苗栗,2023-07-03,9657
2606,裕民,15,0,15,富邦-苗栗,2023-07-03,9657
00673R,期元大S＆P原油反1,14,0,14,富邦-苗栗,2023-07-03,9657
3033,威健,13,0,13,富邦-苗栗,2023-07-03,9657
1795,美時,17,4,13,富邦-苗栗,2023-07-03,9657
3710,連展投控,13,0,13,富邦-苗栗,2023-07-03,9657
00919,群益台灣精選高息,12,0,12,富邦-苗栗,2023-07-03,9657
3049,精金,13,1,12,富邦-苗栗,2023-07-03,9657
3207,耀勝,13,1,12,富邦-苗栗,2023-07-03,9657
2356,英業達,21,9,12,富邦-苗栗,2023-07-03,9657
2883,凱基金,11,0,11,富邦-苗栗,2023-07-03,9657
1603,華電,12,1,11,富邦-苗栗,2023-07-03,9657
6190,萬泰科,11,0,11,富邦-苗栗,2023-07-03,9657
00916,國泰全球品牌50,10,0,10,富邦-苗栗,2023-07-03,9657
3122,笙泉,10,0,10,富邦-苗栗,2023-07-03,9657
3576,聯合再生,12,2,10,富邦-苗栗,2023-07-03,9657
5452,佶優,12,2,10,富邦-苗栗,2023-07-03,9657
3711,日月光投控,11,2,9,富邦-苗栗,2023-07-03,9657
2383,台光電,10,1,9,富邦-苗栗,2023-07-03,9657
1201,味全,8,0,8,富邦-苗栗,2023-07-03,9657
3325,旭品,8,0,8,富邦-苗栗,2023-07-03,9657
6791,虎門科技,7,0,7,富邦-苗栗,2023-07-03,9657
2409,友達,6,0,6,富邦-苗栗,2023-07-03,9657
2610,華航,20,14,6,富邦-苗栗,2023-07-03,9657
2368,金像電,8,2,6,富邦-苗栗,2023-07-03,9657
2486,一詮,121,1,120,富邦-苗栗,2023-07-04,9657
00665L,富邦�琤肭磪囓�2,100,1,99,富邦-苗栗,2023-07-04,9657
00929,復華台灣科技優息,85,6,79,富邦-苗栗,2023-07-04,9657
0056,元大高股息,93,35,58,富邦-苗栗,2023-07-04,9657
5426,振發,52,0,52,富邦-苗栗,2023-07-04,9657
2883,凱基金,53,3,50,富邦-苗栗,2023-07-04,9657
2609,陽明,89,45,44,富邦-苗栗,2023-07-04,9657
2603,長榮,102,63,39,富邦-苗栗,2023-07-04,9657
2637,慧洋-KY,33,1,32,富邦-苗栗,2023-07-04,9657
2913,農林,28,2,26,富邦-苗栗,2023-07-04,9657
2305,全友,25,0,25,富邦-苗栗,2023-07-04,9657
2888,新光金,27,3,24,富邦-苗栗,2023-07-04,9657
3592,瑞鼎,24,1,23,富邦-苗栗,2023-07-04,9657
6125,廣運,25,3,22,富邦-苗栗,2023-07-04,9657
2912,統一超,21,0,21,富邦-苗栗,2023-07-04,9657
00882,中信中國高股息,20,0,20,富邦-苗栗,2023-07-04,9657
3450,聯鈞,20,0,20,富邦-苗栗,2023-07-04,9657
2884,玉山金,20,1,19,富邦-苗栗,2023-07-04,9657
1603,華電,20,1,19,富邦-苗栗,2023-07-04,9657
2412,中華電,19,0,19,富邦-苗栗,2023-07-04,9657
2413,環科,27,9,18,富邦-苗栗,2023-07-04,9657
00885,富邦越南,16,0,16,富邦-苗栗,2023-07-04,9657
1909,榮成,15,0,15,富邦-苗栗,2023-07-04,9657
3232,昱捷,24,10,14,富邦-苗栗,2023-07-04,9657
2365,昆盈,13,0,13,富邦-苗栗,2023-07-04,9657
2484,希華,13,0,13,富邦-苗栗,2023-07-04,9657
4915,致伸,12,0,12,富邦-苗栗,2023-07-04,9657
00715L,期街口布蘭特正2,19,7,12,富邦-苗栗,2023-07-04,9657
1305,華夏,12,0,12,富邦-苗栗,2023-07-04,9657
6168,宏齊,12,0,12,富邦-苗栗,2023-07-04,9657
1301,台塑,12,0,12,富邦-苗栗,2023-07-04,9657
2449,京元電子,11,0,11,富邦-苗栗,2023-07-04,9657
2882,國泰金,11,0,11,富邦-苗栗,2023-07-04,9657
6470,宇智,19,8,11,富邦-苗栗,2023-07-04,9657
00720B,元大投資級公司債,11,0,11,富邦-苗栗,2023-07-04,9657
1513,中興電,22,12,10,富邦-苗栗,2023-07-04,9657
00712,復華富時不動產,12,2,10,富邦-苗栗,2023-07-04,9657
00673R,期元大S＆P原油反1,10,0,10,富邦-苗栗,2023-07-04,9657
2495,普安,10,0,10,富邦-苗栗,2023-07-04,9657
4414,如興,10,0,10,富邦-苗栗,2023-07-04,9657
2382,廣達,31,21,10,富邦-苗栗,2023-07-04,9657
6153,嘉聯益,13,3,10,富邦-苗栗,2023-07-04,9657
2421,建準,50,40,10,富邦-苗栗,2023-07-04,9657
1326,台化,9,0,9,富邦-苗栗,2023-07-04,9657
1471,首利,11,2,9,富邦-苗栗,2023-07-04,9657
2313,華通,20,11,9,富邦-苗栗,2023-07-04,9657
3583,辛耘,12,3,9,富邦-苗栗,2023-07-04,9657
6290,良維,9,0,9,富邦-苗栗,2023-07-04,9657
1504,東元,8,0,8,富邦-苗栗,2023-07-04,9657
2906,高林,8,0,8,富邦-苗栗,2023-07-04,9657
00929,復華台灣科技優息,104,1,103,富邦-苗栗,2023-07-05,9657
0056,元大高股息,95,13,82,富邦-苗栗,2023-07-05,9657
2618,長榮航,128,67,61,富邦-苗栗,2023-07-05,9657
6142,友勁,60,0,60,富邦-苗栗,2023-07-05,9657
3706,神達,55,3,52,富邦-苗栗,2023-07-05,9657
2812,台中銀,48,0,48,富邦-苗栗,2023-07-05,9657
2317,鴻海,54,9,45,富邦-苗栗,2023-07-05,9657
5388,中磊,46,4,42,富邦-苗栗,2023-07-05,9657
3231,緯創,59,28,31,富邦-苗栗,2023-07-05,9657
2610,華航,83,54,29,富邦-苗栗,2023-07-05,9657
00673R,期元大S＆P原油反1,25,0,25,富邦-苗栗,2023-07-05,9657
2883,凱基金,26,2,24,富邦-苗栗,2023-07-05,9657
1722,台肥,22,0,22,富邦-苗栗,2023-07-05,9657
2338,光罩,22,0,22,富邦-苗栗,2023-07-05,9657
4414,如興,22,0,22,富邦-苗栗,2023-07-05,9657
00882,中信中國高股息,23,1,22,富邦-苗栗,2023-07-05,9657
2305,全友,21,0,21,富邦-苗栗,2023-07-05,9657
00679B,元大美債20年,21,1,20,富邦-苗栗,2023-07-05,9657
00671R,富邦NASDAQ反1,20,0,20,富邦-苗栗,2023-07-05,9657
2913,農林,20,0,20,富邦-苗栗,2023-07-05,9657
5328,華容,20,0,20,富邦-苗栗,2023-07-05,9657
8024,佑華,20,0,20,富邦-苗栗,2023-07-05,9657
2607,榮運,20,1,19,富邦-苗栗,2023-07-05,9657
2634,漢翔,21,3,18,富邦-苗栗,2023-07-05,9657
6153,嘉聯益,24,6,18,富邦-苗栗,2023-07-05,9657
2356,英業達,36,19,17,富邦-苗栗,2023-07-05,9657
2486,一詮,20,4,16,富邦-苗栗,2023-07-05,9657
00720B,元大投資級公司債,16,1,15,富邦-苗栗,2023-07-05,9657
2402,毅嘉,32,17,15,富邦-苗栗,2023-07-05,9657
2845,遠東銀,14,0,14,富邦-苗栗,2023-07-05,9657
3687,歐買尬,14,0,14,富邦-苗栗,2023-07-05,9657
3163,波若威,24,10,14,富邦-苗栗,2023-07-05,9657
4564,元翎,14,1,13,富邦-苗栗,2023-07-05,9657
1608,華榮,12,0,12,富邦-苗栗,2023-07-05,9657
2419,仲琦,13,1,12,富邦-苗栗,2023-07-05,9657
2383,台光電,13,1,12,富邦-苗栗,2023-07-05,9657
2801,彰銀,12,1,11,富邦-苗栗,2023-07-05,9657
2347,聯強,10,0,10,富邦-苗栗,2023-07-05,9657
006208,富邦台50,11,1,10,富邦-苗栗,2023-07-05,9657
6462,神盾,12,2,10,富邦-苗栗,2023-07-05,9657
1109,信大,10,0,10,富邦-苗栗,2023-07-05,9657
1304,台聚,10,0,10,富邦-苗栗,2023-07-05,9657
2515,中工,10,0,10,富邦-苗栗,2023-07-05,9657
2726,雅茗-KY,10,0,10,富邦-苗栗,2023-07-05,9657
6129,普誠,10,0,10,富邦-苗栗,2023-07-05,9657
6229,研通,10,0,10,富邦-苗栗,2023-07-05,9657
6732,昇佳電子,10,0,10,富邦-苗栗,2023-07-05,9657
3363,上詮,16,6,10,富邦-苗栗,2023-07-05,9657
2882,國泰金,9,0,9,富邦-苗栗,2023-07-05,9657
2241,艾姆勒,25,16,9,富邦-苗栗,2023-07-05,9657
9907,統一實,260,2,258,富邦-苗栗,2023-07-06,9657
00632R,元大台灣50反1,160,1,159,富邦-苗栗,2023-07-06,9657
00673R,期元大S＆P原油反1,79,0,79,富邦-苗栗,2023-07-06,9657
2392,正崴,72,2,70,富邦-苗栗,2023-07-06,9657
00665L,富邦�琤肭磪囓�2,65,0,65,富邦-苗栗,2023-07-06,9657
00679B,元大美債20年,63,0,63,富邦-苗栗,2023-07-06,9657
2317,鴻海,64,4,60,富邦-苗栗,2023-07-06,9657
2010,春源,50,0,50,富邦-苗栗,2023-07-06,9657
00919,群益台灣精選高息,45,0,45,富邦-苗栗,2023-07-06,9657
6153,嘉聯益,42,0,42,富邦-苗栗,2023-07-06,9657
2883,凱基金,38,0,38,富邦-苗栗,2023-07-06,9657
8059,凱碩,37,0,37,富邦-苗栗,2023-07-06,9657
8215,明基材,55,24,31,富邦-苗栗,2023-07-06,9657
00929,復華台灣科技優息,32,1,31,富邦-苗栗,2023-07-06,9657
00878,國泰永續高股息,56,25,31,富邦-苗栗,2023-07-06,9657
3232,昱捷,39,11,28,富邦-苗栗,2023-07-06,9657
3325,旭品,30,2,28,富邦-苗栗,2023-07-06,9657
00740B,富邦全球投等債,25,0,25,富邦-苗栗,2023-07-06,9657
1304,台聚,25,0,25,富邦-苗栗,2023-07-06,9657
2002,中鋼,29,4,25,富邦-苗栗,2023-07-06,9657
00882,中信中國高股息,25,1,24,富邦-苗栗,2023-07-06,9657
2337,旺宏,22,0,22,富邦-苗栗,2023-07-06,9657
2618,長榮航,33,12,21,富邦-苗栗,2023-07-06,9657
4510,高鋒,21,0,21,富邦-苗栗,2023-07-06,9657
5426,振發,23,2,21,富邦-苗栗,2023-07-06,9657
8093,保銳,20,0,20,富邦-苗栗,2023-07-06,9657
2338,光罩,20,1,19,富邦-苗栗,2023-07-06,9657
2330,台積電,18,0,18,富邦-苗栗,2023-07-06,9657
00893,國泰智能電動車,20,2,18,富邦-苗栗,2023-07-06,9657
4527,方土霖,22,4,18,富邦-苗栗,2023-07-06,9657
5388,中磊,19,1,18,富邦-苗栗,2023-07-06,9657
2880,華南金,17,0,17,富邦-苗栗,2023-07-06,9657
2606,裕民,16,0,16,富邦-苗栗,2023-07-06,9657
2607,榮運,16,0,16,富邦-苗栗,2023-07-06,9657
2888,新光金,22,6,16,富邦-苗栗,2023-07-06,9657
3715,定穎投控,18,2,16,富邦-苗栗,2023-07-06,9657
00927,群益半導體收益,15,0,15,富邦-苗栗,2023-07-06,9657
1471,首利,20,6,14,富邦-苗栗,2023-07-06,9657
2312,金寶,16,2,14,富邦-苗栗,2023-07-06,9657
3706,神達,22,8,14,富邦-苗栗,2023-07-06,9657
2885,元大金,26,12,14,富邦-苗栗,2023-07-06,9657
6285,啟��,15,2,13,富邦-苗栗,2023-07-06,9657
2485,兆赫,13,0,13,富邦-苗栗,2023-07-06,9657
2891,中信金,13,0,13,富邦-苗栗,2023-07-06,9657
3013,晟銘電,31,18,13,富邦-苗栗,2023-07-06,9657
3711,日月光投控,14,1,13,富邦-苗栗,2023-07-06,9657
4919,新唐,19,6,13,富邦-苗栗,2023-07-06,9657
2409,友達,16,4,12,富邦-苗栗,2023-07-06,9657
1301,台塑,12,0,12,富邦-苗栗,2023-07-06,9657
2886,兆豐金,12,0,12,富邦-苗栗,2023-07-06,9657
2303,聯電,172,4,168,富邦-苗栗,2023-07-07,9657
2884,玉山金,104,0,104,富邦-苗栗,2023-07-07,9657
2312,金寶,68,4,64,富邦-苗栗,2023-07-07,9657
00687B,國泰20年美債,50,0,50,富邦-苗栗,2023-07-07,9657
00878,國泰永續高股息,60,14,46,富邦-苗栗,2023-07-07,9657
9907,統一實,41,0,41,富邦-苗栗,2023-07-07,9657
00673R,期元大S＆P原油反1,32,0,32,富邦-苗栗,2023-07-07,9657
2002,中鋼,30,0,30,富邦-苗栗,2023-07-07,9657
4979,華星光,37,9,28,富邦-苗栗,2023-07-07,9657
2885,元大金,28,1,27,富邦-苗栗,2023-07-07,9657
00712,復華富時不動產,27,0,27,富邦-苗栗,2023-07-07,9657
3025,星通,56,31,25,富邦-苗栗,2023-07-07,9657
2883,凱基金,25,0,25,富邦-苗栗,2023-07-07,9657
2356,英業達,38,13,25,富邦-苗栗,2023-07-07,9657
2888,新光金,40,20,20,富邦-苗栗,2023-07-07,9657
3019,亞光,20,0,20,富邦-苗栗,2023-07-07,9657
00929,復華台灣科技優息,20,0,20,富邦-苗栗,2023-07-07,9657
6125,廣運,18,1,17,富邦-苗栗,2023-07-07,9657
2485,兆赫,17,0,17,富邦-苗栗,2023-07-07,9657
1101,台泥,15,0,15,富邦-苗栗,2023-07-07,9657
2344,華邦電,15,0,15,富邦-苗栗,2023-07-07,9657
2409,友達,15,0,15,富邦-苗栗,2023-07-07,9657
3232,昱捷,31,16,15,富邦-苗栗,2023-07-07,9657
3607,谷崧,15,0,15,富邦-苗栗,2023-07-07,9657
3685,元創精密,21,6,15,富邦-苗栗,2023-07-07,9657
00919,群益台灣精選高息,14,0,14,富邦-苗栗,2023-07-07,9657
6153,嘉聯益,25,12,13,富邦-苗栗,2023-07-07,9657
1471,首利,22,10,12,富邦-苗栗,2023-07-07,9657
3689,湧德,12,0,12,富邦-苗栗,2023-07-07,9657
4532,瑞智,22,10,12,富邦-苗栗,2023-07-07,9657
2609,陽明,17,5,12,富邦-苗栗,2023-07-07,9657
3701,大眾控,11,0,11,富邦-苗栗,2023-07-07,9657
00725B,國泰投資級公司債,11,0,11,富邦-苗栗,2023-07-07,9657
00922,國泰台灣領袖50,11,0,11,富邦-苗栗,2023-07-07,9657
2340,台亞,35,24,11,富邦-苗栗,2023-07-07,9657
6244,茂迪,12,1,11,富邦-苗栗,2023-07-07,9657
6531,愛普*,12,1,11,富邦-苗栗,2023-07-07,9657
00679B,元大美債20年,11,1,10,富邦-苗栗,2023-07-07,9657
2892,第一金,10,0,10,富邦-苗栗,2023-07-07,9657
00688L,國泰20年美債正2,10,0,10,富邦-苗栗,2023-07-07,9657
1308,亞聚,10,0,10,富邦-苗栗,2023-07-07,9657
1319,東陽,10,0,10,富邦-苗栗,2023-07-07,9657
2305,全友,26,16,10,富邦-苗栗,2023-07-07,9657
3028,增你強,10,0,10,富邦-苗栗,2023-07-07,9657
6197,佳必琪,10,0,10,富邦-苗栗,2023-07-07,9657
6558,興能高,10,0,10,富邦-苗栗,2023-07-07,9657
00882,中信中國高股息,9,0,9,富邦-苗栗,2023-07-07,9657
2457,飛宏,21,12,9,富邦-苗栗,2023-07-07,9657
1314,中石化,11,2,9,富邦-苗栗,2023-07-07,9657
3483,力致,10,1,9,富邦-苗栗,2023-07-07,9657
00673R,期元大S＆P原油反1,85,0,85,富邦-苗栗,2023-07-10,9657
3685,元創精密,80,1,79,富邦-苗栗,2023-07-10,9657
00929,復華台灣科技優息,72,7,65,富邦-苗栗,2023-07-10,9657
4726,永昕,44,0,44,富邦-苗栗,2023-07-10,9657
00679B,元大美債20年,37,0,37,富邦-苗栗,2023-07-10,9657
00882,中信中國高股息,33,0,33,富邦-苗栗,2023-07-10,9657
6288,聯嘉,31,3,28,富邦-苗栗,2023-07-10,9657
2883,凱基金,38,11,27,富邦-苗栗,2023-07-10,9657
00680L,元大美債20正2,25,0,25,富邦-苗栗,2023-07-10,9657
4743,合一,25,1,24,富邦-苗栗,2023-07-10,9657
0056,元大高股息,42,19,23,富邦-苗栗,2023-07-10,9657
2317,鴻海,23,0,23,富邦-苗栗,2023-07-10,9657
2313,華通,23,0,23,富邦-苗栗,2023-07-10,9657
3305,昇貿,24,1,23,富邦-苗栗,2023-07-10,9657
00878,國泰永續高股息,34,11,23,富邦-苗栗,2023-07-10,9657
2610,華航,21,0,21,富邦-苗栗,2023-07-10,9657
2388,威盛,29,8,21,富邦-苗栗,2023-07-10,9657
3042,晶技,21,0,21,富邦-苗栗,2023-07-10,9657
3715,定穎投控,20,0,20,富邦-苗栗,2023-07-10,9657
6120,達運,20,1,19,富邦-苗栗,2023-07-10,9657
4533,協易機,20,2,18,富邦-苗栗,2023-07-10,9657
2323,中環,19,2,17,富邦-苗栗,2023-07-10,9657
4532,瑞智,70,53,17,富邦-苗栗,2023-07-10,9657
2329,華泰,58,42,16,富邦-苗栗,2023-07-10,9657
3027,盛達,16,0,16,富邦-苗栗,2023-07-10,9657
4123,晟德,19,3,16,富邦-苗栗,2023-07-10,9657
1101,台泥,19,4,15,富邦-苗栗,2023-07-10,9657
5243,乙盛-KY,15,1,14,富邦-苗栗,2023-07-10,9657
2303,聯電,24,10,14,富邦-苗栗,2023-07-10,9657
9958,世紀鋼,14,1,13,富邦-苗栗,2023-07-10,9657
2356,英業達,16,3,13,富邦-苗栗,2023-07-10,9657
3521,鴻翊,13,0,13,富邦-苗栗,2023-07-10,9657
00637L,元大滬深300正2,12,0,12,富邦-苗栗,2023-07-10,9657
1528,恩德,15,3,12,富邦-苗栗,2023-07-10,9657
8171,天宇,22,11,11,富邦-苗栗,2023-07-10,9657
1802,台玻,12,1,11,富邦-苗栗,2023-07-10,9657
3346,麗清,13,3,10,富邦-苗栗,2023-07-10,9657
2615,萬海,12,2,10,富邦-苗栗,2023-07-10,9657
00853B,統一美債10年Aa-,10,0,10,富邦-苗栗,2023-07-10,9657
00665L,富邦�琤肭磪囓�2,10,0,10,富邦-苗栗,2023-07-10,9657
1809,中釉,11,1,10,富邦-苗栗,2023-07-10,9657
2387,精元,10,0,10,富邦-苗栗,2023-07-10,9657
2701,萬企,10,0,10,富邦-苗栗,2023-07-10,9657
2867,三商壽,10,0,10,富邦-苗栗,2023-07-10,9657
2891,中信金,10,0,10,富邦-苗栗,2023-07-10,9657
3622,洋華,10,0,10,富邦-苗栗,2023-07-10,9657
1324,地球,9,0,9,富邦-苗栗,2023-07-10,9657
1905,華紙,9,0,9,富邦-苗栗,2023-07-10,9657
2201,裕隆,10,1,9,富邦-苗栗,2023-07-10,9657
1504,東元,8,0,8,富邦-苗栗,2023-07-10,9657
1447,力鵬,273,0,273,富邦-苗栗,2023-07-11,9657
00679B,元大美債20年,112,0,112,富邦-苗栗,2023-07-11,9657
1514,亞力,61,1,60,富邦-苗栗,2023-07-11,9657
2867,三商壽,60,0,60,富邦-苗栗,2023-07-11,9657
4526,東台,75,16,59,富邦-苗栗,2023-07-11,9657
00929,復華台灣科技優息,51,1,50,富邦-苗栗,2023-07-11,9657
2888,新光金,51,6,45,富邦-苗栗,2023-07-11,9657
2609,陽明,36,6,30,富邦-苗栗,2023-07-11,9657
00925,新光標普電動車,30,0,30,富邦-苗栗,2023-07-11,9657
6550,北極星藥業-KY,30,0,30,富邦-苗栗,2023-07-11,9657
3402,漢科,23,0,23,富邦-苗栗,2023-07-11,9657
3379,彬台,20,0,20,富邦-苗栗,2023-07-11,9657
9958,世紀鋼,21,1,20,富邦-苗栗,2023-07-11,9657
00673R,期元大S＆P原油反1,18,0,18,富邦-苗栗,2023-07-11,9657
2834,臺企銀,19,1,18,富邦-苗栗,2023-07-11,9657
020033,統一�琤肮黕篾,16,0,16,富邦-苗栗,2023-07-11,9657
1762,中化生,16,0,16,富邦-苗栗,2023-07-11,9657
2457,飛宏,22,6,16,富邦-苗栗,2023-07-11,9657
2312,金寶,17,2,15,富邦-苗栗,2023-07-11,9657
4123,晟德,15,0,15,富邦-苗栗,2023-07-11,9657
1104,環泥,14,0,14,富邦-苗栗,2023-07-11,9657
2023,燁輝,14,0,14,富邦-苗栗,2023-07-11,9657
2317,鴻海,14,0,14,富邦-苗栗,2023-07-11,9657
1324,地球,13,0,13,富邦-苗栗,2023-07-11,9657
3094,聯傑,12,0,12,富邦-苗栗,2023-07-11,9657
4108,懷特,12,0,12,富邦-苗栗,2023-07-11,9657
1605,華新,11,0,11,富邦-苗栗,2023-07-11,9657
2484,希華,11,0,11,富邦-苗栗,2023-07-11,9657
2547,日勝生,11,0,11,富邦-苗栗,2023-07-11,9657
1101,台泥,10,0,10,富邦-苗栗,2023-07-11,9657
8050,廣積,11,1,10,富邦-苗栗,2023-07-11,9657
1720,生達,10,0,10,富邦-苗栗,2023-07-11,9657
3047,訊舟,10,0,10,富邦-苗栗,2023-07-11,9657
3232,昱捷,22,12,10,富邦-苗栗,2023-07-11,9657
3710,連展投控,10,0,10,富邦-苗栗,2023-07-11,9657
4908,前鼎,10,0,10,富邦-苗栗,2023-07-11,9657
6197,佳必琪,14,4,10,富邦-苗栗,2023-07-11,9657
8234,新漢,10,0,10,富邦-苗栗,2023-07-11,9657
3016,嘉晶,26,17,9,富邦-苗栗,2023-07-11,9657
1217,愛之味,9,0,9,富邦-苗栗,2023-07-11,9657
2390,云辰,10,1,9,富邦-苗栗,2023-07-11,9657
3257,虹冠電,10,1,9,富邦-苗栗,2023-07-11,9657
4743,合一,9,1,8,富邦-苗栗,2023-07-11,9657
6443,元晶,10,2,8,富邦-苗栗,2023-07-11,9657
4160,訊聯基因,8,0,8,富邦-苗栗,2023-07-11,9657
3701,大眾控,7,0,7,富邦-苗栗,2023-07-11,9657
4155,訊映,8,1,7,富邦-苗栗,2023-07-11,9657
4934,太極,20,14,6,富邦-苗栗,2023-07-11,9657
1810,和成,6,0,6,富邦-苗栗,2023-07-11,9657
2328,廣宇,6,0,6,富邦-苗栗,2023-07-11,9657
00905,FT臺灣Smart,97,0,97,富邦-苗栗,2023-07-12,9657
1447,力鵬,70,0,70,富邦-苗栗,2023-07-12,9657
00673R,期元大S＆P原油反1,66,0,66,富邦-苗栗,2023-07-12,9657
1514,亞力,58,5,53,富邦-苗栗,2023-07-12,9657
2303,聯電,32,2,30,富邦-苗栗,2023-07-12,9657
8358,金居,28,1,27,富邦-苗栗,2023-07-12,9657
2359,所羅門,28,2,26,富邦-苗栗,2023-07-12,9657
4533,協易機,27,4,23,富邦-苗栗,2023-07-12,9657
00929,復華台灣科技優息,21,0,21,富邦-苗栗,2023-07-12,9657
4908,前鼎,20,0,20,富邦-苗栗,2023-07-12,9657
2609,陽明,33,14,19,富邦-苗栗,2023-07-12,9657
2457,飛宏,26,9,17,富邦-苗栗,2023-07-12,9657
2356,英業達,69,52,17,富邦-苗栗,2023-07-12,9657
1308,亞聚,16,0,16,富邦-苗栗,2023-07-12,9657
1217,愛之味,15,0,15,富邦-苗栗,2023-07-12,9657
4726,永昕,27,12,15,富邦-苗栗,2023-07-12,9657
00679B,元大美債20年,13,0,13,富邦-苗栗,2023-07-12,9657
3704,合勤控,13,0,13,富邦-苗栗,2023-07-12,9657
2023,燁輝,12,0,12,富邦-苗栗,2023-07-12,9657
2547,日勝生,12,0,12,富邦-苗栗,2023-07-12,9657
3221,台嘉碩,12,0,12,富邦-苗栗,2023-07-12,9657
3587,閎康,12,0,12,富邦-苗栗,2023-07-12,9657
6117,迎廣,12,0,12,富邦-苗栗,2023-07-12,9657
9907,統一實,13,1,12,富邦-苗栗,2023-07-12,9657
2880,華南金,14,3,11,富邦-苗栗,2023-07-12,9657
3037,欣興,12,1,11,富邦-苗栗,2023-07-12,9657
3508,位速,11,0,11,富邦-苗栗,2023-07-12,9657
6770,力積電,10,0,10,富邦-苗栗,2023-07-12,9657
1589,永冠-KY,10,0,10,富邦-苗栗,2023-07-12,9657
1802,台玻,10,0,10,富邦-苗栗,2023-07-12,9657
3025,星通,22,12,10,富邦-苗栗,2023-07-12,9657
3094,聯傑,10,0,10,富邦-苗栗,2023-07-12,9657
6182,合晶,16,6,10,富邦-苗栗,2023-07-12,9657
1513,中興電,27,18,9,富邦-苗栗,2023-07-12,9657
00885,富邦越南,9,0,9,富邦-苗栗,2023-07-12,9657
1810,和成,10,1,9,富邦-苗栗,2023-07-12,9657
2406,國碩,10,1,9,富邦-苗栗,2023-07-12,9657
2884,玉山金,9,0,9,富邦-苗栗,2023-07-12,9657
6548,長科*,9,0,9,富邦-苗栗,2023-07-12,9657
2481,強茂,24,16,8,富邦-苗栗,2023-07-12,9657
2888,新光金,10,2,8,富邦-苗栗,2023-07-12,9657
5309,系統電,8,0,8,富邦-苗栗,2023-07-12,9657
6282,康舒,14,6,8,富邦-苗栗,2023-07-12,9657
00712,復華富時不動產,13,5,8,富邦-苗栗,2023-07-12,9657
3059,華晶科,7,0,7,富邦-苗栗,2023-07-12,9657
4967,十銓,12,5,7,富邦-苗栗,2023-07-12,9657
8201,無敵,7,0,7,富邦-苗栗,2023-07-12,9657
1101,台泥,6,0,6,富邦-苗栗,2023-07-12,9657
2399,映泰,17,11,6,富邦-苗栗,2023-07-12,9657
2425,承啟,6,0,6,富邦-苗栗,2023-07-12,9657
00929,復華台灣科技優息,138,29,109,富邦-苗栗,2023-07-13,9657
2610,華航,113,26,87,富邦-苗栗,2023-07-13,9657
00673R,期元大S＆P原油反1,65,0,65,富邦-苗栗,2023-07-13,9657
6790,永豐實,57,0,57,富邦-苗栗,2023-07-13,9657
00882,中信中國高股息,56,0,56,富邦-苗栗,2023-07-13,9657
1514,亞力,53,2,51,富邦-苗栗,2023-07-13,9657
8096,擎亞,50,0,50,富邦-苗栗,2023-07-13,9657
6120,達運,98,49,49,富邦-苗栗,2023-07-13,9657
00930,永豐ESG低碳高息,35,0,35,富邦-苗栗,2023-07-13,9657
4533,協易機,35,1,34,富邦-苗栗,2023-07-13,9657
1447,力鵬,34,0,34,富邦-苗栗,2023-07-13,9657
2618,長榮航,72,38,34,富邦-苗栗,2023-07-13,9657
3232,昱捷,33,0,33,富邦-苗栗,2023-07-13,9657
2352,佳世達,36,6,30,富邦-苗栗,2023-07-13,9657
6182,合晶,51,21,30,富邦-苗栗,2023-07-13,9657
3094,聯傑,30,1,29,富邦-苗栗,2023-07-13,9657
3379,彬台,27,0,27,富邦-苗栗,2023-07-13,9657
8215,明基材,66,40,26,富邦-苗栗,2023-07-13,9657
2812,台中銀,50,25,25,富邦-苗栗,2023-07-13,9657
4414,如興,22,0,22,富邦-苗栗,2023-07-13,9657
00900,富邦特選高股息30,39,17,22,富邦-苗栗,2023-07-13,9657
2356,英業達,77,58,19,富邦-苗栗,2023-07-13,9657
2834,臺企銀,22,3,19,富邦-苗栗,2023-07-13,9657
4510,高鋒,20,2,18,富邦-苗栗,2023-07-13,9657
2312,金寶,54,37,17,富邦-苗栗,2023-07-13,9657
3231,緯創,73,58,15,富邦-苗栗,2023-07-13,9657
00679B,元大美債20年,15,0,15,富邦-苗栗,2023-07-13,9657
00858,永豐美國500大,15,0,15,富邦-苗栗,2023-07-13,9657
3027,盛達,13,0,13,富邦-苗栗,2023-07-13,9657
1513,中興電,23,10,13,富邦-苗栗,2023-07-13,9657
00755B,群益投資級公用債,12,0,12,富邦-苗栗,2023-07-13,9657
1217,愛之味,12,0,12,富邦-苗栗,2023-07-13,9657
2481,強茂,16,4,12,富邦-苗栗,2023-07-13,9657
2883,凱基金,62,50,12,富邦-苗栗,2023-07-13,9657
3704,合勤控,23,13,10,富邦-苗栗,2023-07-13,9657
00757,統一FANG+,10,0,10,富邦-苗栗,2023-07-13,9657
2399,映泰,20,10,10,富邦-苗栗,2023-07-13,9657
3011,今皓,11,1,10,富邦-苗栗,2023-07-13,9657
3163,波若威,26,16,10,富邦-苗栗,2023-07-13,9657
4904,遠傳,10,0,10,富邦-苗栗,2023-07-13,9657
6156,松上,10,0,10,富邦-苗栗,2023-07-13,9657
6220,岳豐,10,0,10,富邦-苗栗,2023-07-13,9657
6245,立端,10,0,10,富邦-苗栗,2023-07-13,9657
1503,士電,16,6,10,富邦-苗栗,2023-07-13,9657
00720B,元大投資級公司債,10,0,10,富邦-苗栗,2023-07-13,9657
1603,華電,20,11,9,富邦-苗栗,2023-07-13,9657
2882,國泰金,9,0,9,富邦-苗栗,2023-07-13,9657
4526,東台,12,3,9,富邦-苗栗,2023-07-13,9657
9958,世紀鋼,18,9,9,富邦-苗栗,2023-07-13,9657
8046,南電,20,12,8,富邦-苗栗,2023-07-13,9657
5328,華容,120,0,120,富邦-苗栗,2023-07-14,9657
00679B,元大美債20年,100,0,100,富邦-苗栗,2023-07-14,9657
00712,復華富時不動產,92,1,91,富邦-苗栗,2023-07-14,9657
2883,凱基金,76,6,70,富邦-苗栗,2023-07-14,9657
00882,中信中國高股息,67,0,67,富邦-苗栗,2023-07-14,9657
00753L,中信中國50正2,60,0,60,富邦-苗栗,2023-07-14,9657
2383,台光電,51,0,51,富邦-苗栗,2023-07-14,9657
2610,華航,114,67,47,富邦-苗栗,2023-07-14,9657
00905,FT臺灣Smart,40,0,40,富邦-苗栗,2023-07-14,9657
2486,一詮,41,2,39,富邦-苗栗,2023-07-14,9657
00673R,期元大S＆P原油反1,67,31,36,富邦-苗栗,2023-07-14,9657
2324,仁寶,73,37,36,富邦-苗栗,2023-07-14,9657
3715,定穎投控,50,14,36,富邦-苗栗,2023-07-14,9657
3191,雲嘉南,30,0,30,富邦-苗栗,2023-07-14,9657
3207,耀勝,27,1,26,富邦-苗栗,2023-07-14,9657
00929,復華台灣科技優息,32,7,25,富邦-苗栗,2023-07-14,9657
2344,華邦電,24,0,24,富邦-苗栗,2023-07-14,9657
00632R,元大台灣50反1,21,0,21,富邦-苗栗,2023-07-14,9657
2618,長榮航,89,68,21,富邦-苗栗,2023-07-14,9657
2103,台橡,20,0,20,富邦-苗栗,2023-07-14,9657
2352,佳世達,42,22,20,富邦-苗栗,2023-07-14,9657
2359,所羅門,22,4,18,富邦-苗栗,2023-07-14,9657
2547,日勝生,17,0,17,富邦-苗栗,2023-07-14,9657
1584,精剛,16,0,16,富邦-苗栗,2023-07-14,9657
4973,廣穎,17,1,16,富邦-苗栗,2023-07-14,9657
3032,偉訓,15,1,14,富邦-苗栗,2023-07-14,9657
00720B,元大投資級公司債,14,0,14,富邦-苗栗,2023-07-14,9657
00918,大華優利高填息30,14,0,14,富邦-苗栗,2023-07-14,9657
5425,台半,16,2,14,富邦-苗栗,2023-07-14,9657
2323,中環,13,0,13,富邦-苗栗,2023-07-14,9657
1210,大成,13,1,12,富邦-苗栗,2023-07-14,9657
00680L,元大美債20正2,12,0,12,富邦-苗栗,2023-07-14,9657
2371,大同,27,16,11,富邦-苗栗,2023-07-14,9657
6235,華孚,24,13,11,富邦-苗栗,2023-07-14,9657
00908,富邦入息REITs+,10,0,10,富邦-苗栗,2023-07-14,9657
1708,東鹼,10,0,10,富邦-苗栗,2023-07-14,9657
2108,南帝,10,0,10,富邦-苗栗,2023-07-14,9657
3062,建漢,11,1,10,富邦-苗栗,2023-07-14,9657
00733,富邦臺灣中小,12,2,10,富邦-苗栗,2023-07-14,9657
00900,富邦特選高股息30,39,30,9,富邦-苗栗,2023-07-14,9657
2412,中華電,10,1,9,富邦-苗栗,2023-07-14,9657
2382,廣達,35,26,9,富邦-苗栗,2023-07-14,9657
4533,協易機,40,32,8,富邦-苗栗,2023-07-14,9657
1447,力鵬,8,0,8,富邦-苗栗,2023-07-14,9657
1217,愛之味,8,0,8,富邦-苗栗,2023-07-14,9657
2851,中再保,10,2,8,富邦-苗栗,2023-07-14,9657
00885,富邦越南,12,5,7,富邦-苗栗,2023-07-14,9657
2609,陽明,19,12,7,富邦-苗栗,2023-07-14,9657
2419,仲琦,41,34,7,富邦-苗栗,2023-07-14,9657
1905,華紙,9,2,7,富邦-苗栗,2023-07-14,9657
2444,兆勁,120,0,120,富邦-苗栗,2023-07-17,9657
00882,中信中國高股息,110,0,110,富邦-苗栗,2023-07-17,9657
00687B,國泰20年美債,101,0,101,富邦-苗栗,2023-07-17,9657
00725B,國泰投資級公司債,101,0,101,富邦-苗栗,2023-07-17,9657
00929,復華台灣科技優息,65,13,52,富邦-苗栗,2023-07-17,9657
2812,台中銀,44,0,44,富邦-苗栗,2023-07-17,9657
3038,全台,39,4,35,富邦-苗栗,2023-07-17,9657
00894,中信小資高價30,30,0,30,富邦-苗栗,2023-07-17,9657
2356,英業達,55,28,27,富邦-苗栗,2023-07-17,9657
00930,永豐ESG低碳高息,25,0,25,富邦-苗栗,2023-07-17,9657
1525,江申,24,0,24,富邦-苗栗,2023-07-17,9657
5425,台半,23,0,23,富邦-苗栗,2023-07-17,9657
00858,永豐美國500大,22,0,22,富邦-苗栗,2023-07-17,9657
00715L,期街口布蘭特正2,114,92,22,富邦-苗栗,2023-07-17,9657
1905,華紙,22,1,21,富邦-苗栗,2023-07-17,9657
2353,宏��,55,34,21,富邦-苗栗,2023-07-17,9657
2883,凱基金,32,12,20,富邦-苗栗,2023-07-17,9657
2329,華泰,66,50,16,富邦-苗栗,2023-07-17,9657
3363,上詮,16,0,16,富邦-苗栗,2023-07-17,9657
2352,佳世達,23,7,16,富邦-苗栗,2023-07-17,9657
2481,強茂,18,3,15,富邦-苗栗,2023-07-17,9657
6191,精成科,19,4,15,富邦-苗栗,2023-07-17,9657
00905,FT臺灣Smart,15,0,15,富邦-苗栗,2023-07-17,9657
6290,良維,15,0,15,富邦-苗栗,2023-07-17,9657
3540,曜越,16,2,14,富邦-苗栗,2023-07-17,9657
00927,群益半導體收益,14,0,14,富邦-苗栗,2023-07-17,9657
3306,鼎天,15,1,14,富邦-苗栗,2023-07-17,9657
8050,廣積,27,13,14,富邦-苗栗,2023-07-17,9657
6117,迎廣,13,0,13,富邦-苗栗,2023-07-17,9657
1101,台泥,12,0,12,富邦-苗栗,2023-07-17,9657
2303,聯電,16,4,12,富邦-苗栗,2023-07-17,9657
4939,亞電,11,0,11,富邦-苗栗,2023-07-17,9657
4973,廣穎,11,0,11,富邦-苗栗,2023-07-17,9657
8011,台通,12,1,11,富邦-苗栗,2023-07-17,9657
8103,瀚荃,12,1,11,富邦-苗栗,2023-07-17,9657
1909,榮成,10,0,10,富邦-苗栗,2023-07-17,9657
2363,矽統,10,0,10,富邦-苗栗,2023-07-17,9657
2520,冠德,10,0,10,富邦-苗栗,2023-07-17,9657
2801,彰銀,10,0,10,富邦-苗栗,2023-07-17,9657
2890,永豐金,12,2,10,富邦-苗栗,2023-07-17,9657
3682,亞太電,10,0,10,富邦-苗栗,2023-07-17,9657
4510,高鋒,10,0,10,富邦-苗栗,2023-07-17,9657
6163,華電網,10,0,10,富邦-苗栗,2023-07-17,9657
00919,群益台灣精選高息,13,4,9,富邦-苗栗,2023-07-17,9657
3234,光環,10,1,9,富邦-苗栗,2023-07-17,9657
1785,光洋科,9,0,9,富邦-苗栗,2023-07-17,9657
3048,益登,9,0,9,富邦-苗栗,2023-07-17,9657
3548,兆利,9,0,9,富邦-苗栗,2023-07-17,9657
4114,健喬,10,1,9,富邦-苗栗,2023-07-17,9657
2547,日勝生,8,0,8,富邦-苗栗,2023-07-17,9657
00929,復華台灣科技優息,245,39,206,富邦-苗栗,2023-07-18,9657
6116,彩晶,123,3,120,富邦-苗栗,2023-07-18,9657
00882,中信中國高股息,111,0,111,富邦-苗栗,2023-07-18,9657
00687B,國泰20年美債,107,0,107,富邦-苗栗,2023-07-18,9657
2324,仁寶,139,32,107,富邦-苗栗,2023-07-18,9657
6197,佳必琪,111,12,99,富邦-苗栗,2023-07-18,9657
0056,元大高股息,86,32,54,富邦-苗栗,2023-07-18,9657
6282,康舒,83,30,53,富邦-苗栗,2023-07-18,9657
3232,昱捷,66,13,53,富邦-苗栗,2023-07-18,9657
3045,台灣大,42,0,42,富邦-苗栗,2023-07-18,9657
2356,英業達,150,114,36,富邦-苗栗,2023-07-18,9657
00930,永豐ESG低碳高息,34,0,34,富邦-苗栗,2023-07-18,9657
3706,神達,126,93,33,富邦-苗栗,2023-07-18,9657
2312,金寶,128,97,31,富邦-苗栗,2023-07-18,9657
3081,聯亞,31,0,31,富邦-苗栗,2023-07-18,9657
2637,慧洋-KY,30,0,30,富邦-苗栗,2023-07-18,9657
00905,FT臺灣Smart,29,0,29,富邦-苗栗,2023-07-18,9657
5432,新門,30,1,29,富邦-苗栗,2023-07-18,9657
2427,三商電,32,7,25,富邦-苗栗,2023-07-18,9657
1618,合機,25,1,24,富邦-苗栗,2023-07-18,9657
4938,和碩,44,21,23,富邦-苗栗,2023-07-18,9657
2332,友訊,23,0,23,富邦-苗栗,2023-07-18,9657
5607,遠雄港,24,2,22,富邦-苗栗,2023-07-18,9657
1785,光洋科,23,2,21,富邦-苗栗,2023-07-18,9657
3094,聯傑,21,0,21,富邦-苗栗,2023-07-18,9657
5469,瀚宇博,59,39,20,富邦-苗栗,2023-07-18,9657
3287,廣寰科,20,0,20,富邦-苗栗,2023-07-18,9657
3704,合勤控,22,2,20,富邦-苗栗,2023-07-18,9657
00900,富邦特選高股息30,55,36,19,富邦-苗栗,2023-07-18,9657
2455,全新,20,2,18,富邦-苗栗,2023-07-18,9657
2547,日勝生,18,0,18,富邦-苗栗,2023-07-18,9657
1447,力鵬,17,0,17,富邦-苗栗,2023-07-18,9657
2484,希華,17,0,17,富邦-苗栗,2023-07-18,9657
9958,世紀鋼,18,1,17,富邦-苗栗,2023-07-18,9657
2883,凱基金,18,2,16,富邦-苗栗,2023-07-18,9657
3481,群創,17,1,16,富邦-苗栗,2023-07-18,9657
2618,長榮航,35,19,16,富邦-苗栗,2023-07-18,9657
3078,僑威,42,27,15,富邦-苗栗,2023-07-18,9657
1402,遠東新,15,0,15,富邦-苗栗,2023-07-18,9657
2419,仲琦,35,20,15,富邦-苗栗,2023-07-18,9657
8112,至上,24,11,13,富邦-苗栗,2023-07-18,9657
6531,愛普*,13,1,12,富邦-苗栗,2023-07-18,9657
1784,訊聯,12,0,12,富邦-苗栗,2023-07-18,9657
2201,裕隆,14,3,11,富邦-苗栗,2023-07-18,9657
1731,美吾華,11,0,11,富邦-苗栗,2023-07-18,9657
2329,華泰,54,43,11,富邦-苗栗,2023-07-18,9657
2374,佳能,13,2,11,富邦-苗栗,2023-07-18,9657
8215,明基材,12,1,11,富邦-苗栗,2023-07-18,9657
3227,原相,10,0,10,富邦-苗栗,2023-07-18,9657
2633,台灣高鐵,10,0,10,富邦-苗栗,2023-07-18,9657
00905,FT臺灣Smart,160,0,160,富邦-苗栗,2023-07-19,9657
00882,中信中國高股息,150,22,128,富邦-苗栗,2023-07-19,9657
2353,宏��,94,7,87,富邦-苗栗,2023-07-19,9657
00676R,富邦臺灣加權反1,75,0,75,富邦-苗栗,2023-07-19,9657
2329,華泰,106,37,69,富邦-苗栗,2023-07-19,9657
00752,中信中國50,66,0,66,富邦-苗栗,2023-07-19,9657
3481,群創,66,3,63,富邦-苗栗,2023-07-19,9657
3033,威健,62,2,60,富邦-苗栗,2023-07-19,9657
00929,復華台灣科技優息,109,58,51,富邦-苗栗,2023-07-19,9657
3094,聯傑,50,0,50,富邦-苗栗,2023-07-19,9657
00712,復華富時不動產,70,26,44,富邦-苗栗,2023-07-19,9657
2891,中信金,50,8,42,富邦-苗栗,2023-07-19,9657
2610,華航,48,8,40,富邦-苗栗,2023-07-19,9657
3706,神達,106,71,35,富邦-苗栗,2023-07-19,9657
9105,泰金寶-DR,33,0,33,富邦-苗栗,2023-07-19,9657
2481,強茂,43,12,31,富邦-苗栗,2023-07-19,9657
2303,聯電,23,0,23,富邦-苗栗,2023-07-19,9657
00922,國泰台灣領袖50,22,0,22,富邦-苗栗,2023-07-19,9657
3013,晟銘電,26,5,21,富邦-苗栗,2023-07-19,9657
8070,長華*,21,0,21,富邦-苗栗,2023-07-19,9657
1447,力鵬,20,1,19,富邦-苗栗,2023-07-19,9657
2312,金寶,29,10,19,富邦-苗栗,2023-07-19,9657
2399,映泰,24,5,19,富邦-苗栗,2023-07-19,9657
6188,廣明,18,0,18,富邦-苗栗,2023-07-19,9657
2605,新興,28,10,18,富邦-苗栗,2023-07-19,9657
3189,景碩,21,4,17,富邦-苗栗,2023-07-19,9657
2313,華通,26,10,16,富邦-苗栗,2023-07-19,9657
00930,永豐ESG低碳高息,15,0,15,富邦-苗栗,2023-07-19,9657
00706L,期元大S＆P日圓正2,15,0,15,富邦-苗栗,2023-07-19,9657
6470,宇智,16,1,15,富邦-苗栗,2023-07-19,9657
8403,盛弘,16,1,15,富邦-苗栗,2023-07-19,9657
5484,慧友,15,0,15,富邦-苗栗,2023-07-19,9657
00893,國泰智能電動車,15,1,14,富邦-苗栗,2023-07-19,9657
3232,昱捷,24,10,14,富邦-苗栗,2023-07-19,9657
00919,群益台灣精選高息,13,0,13,富邦-苗栗,2023-07-19,9657
3163,波若威,16,3,13,富邦-苗栗,2023-07-19,9657
5483,中美晶,14,1,13,富邦-苗栗,2023-07-19,9657
2812,台中銀,12,0,12,富邦-苗栗,2023-07-19,9657
2618,長榮航,29,17,12,富邦-苗栗,2023-07-19,9657
2104,國際中橡,12,0,12,富邦-苗栗,2023-07-19,9657
1909,榮成,12,0,12,富邦-苗栗,2023-07-19,9657
2498,宏達電,21,9,12,富邦-苗栗,2023-07-19,9657
6218,豪勉,19,7,12,富邦-苗栗,2023-07-19,9657
00757,統一FANG+,11,0,11,富邦-苗栗,2023-07-19,9657
2461,光群雷,11,0,11,富邦-苗栗,2023-07-19,9657
6485,點序,11,0,11,富邦-苗栗,2023-07-19,9657
8201,無敵,12,1,11,富邦-苗栗,2023-07-19,9657
2317,鴻海,12,2,10,富邦-苗栗,2023-07-19,9657
2867,三商壽,10,0,10,富邦-苗栗,2023-07-19,9657
8046,南電,11,1,10,富邦-苗栗,2023-07-19,9657
00882,中信中國高股息,191,90,101,富邦-苗栗,2023-07-20,9657
00929,復華台灣科技優息,83,0,83,富邦-苗栗,2023-07-20,9657
1802,台玻,51,0,51,富邦-苗栗,2023-07-20,9657
6128,上福,51,0,51,富邦-苗栗,2023-07-20,9657
3481,群創,50,10,40,富邦-苗栗,2023-07-20,9657
4123,晟德,58,25,33,富邦-苗栗,2023-07-20,9657
3057,喬鼎,32,2,30,富邦-苗栗,2023-07-20,9657
4566,時碩工業,30,0,30,富邦-苗栗,2023-07-20,9657
2303,聯電,50,21,29,富邦-苗栗,2023-07-20,9657
4726,永昕,33,7,26,富邦-苗栗,2023-07-20,9657
00712,復華富時不動產,24,0,24,富邦-苗栗,2023-07-20,9657
2356,英業達,45,24,21,富邦-苗栗,2023-07-20,9657
00930,永豐ESG低碳高息,21,0,21,富邦-苗栗,2023-07-20,9657
2314,台揚,23,2,21,富邦-苗栗,2023-07-20,9657
2610,華航,50,30,20,富邦-苗栗,2023-07-20,9657
1611,中電,20,0,20,富邦-苗栗,2023-07-20,9657
3706,神達,44,24,20,富邦-苗栗,2023-07-20,9657
3710,連展投控,20,1,19,富邦-苗栗,2023-07-20,9657
3289,宜特,25,7,18,富邦-苗栗,2023-07-20,9657
2419,仲琦,55,39,16,富邦-苗栗,2023-07-20,9657
00679B,元大美債20年,15,1,14,富邦-苗栗,2023-07-20,9657
6505,台塑化,14,0,14,富邦-苗栗,2023-07-20,9657
2312,金寶,23,10,13,富邦-苗栗,2023-07-20,9657
6150,撼訊,11,0,11,富邦-苗栗,2023-07-20,9657
4746,台耀,18,7,11,富邦-苗栗,2023-07-20,9657
3037,欣興,32,21,11,富邦-苗栗,2023-07-20,9657
2103,台橡,10,0,10,富邦-苗栗,2023-07-20,9657
2852,第一保,10,0,10,富邦-苗栗,2023-07-20,9657
3025,星通,10,0,10,富邦-苗栗,2023-07-20,9657
5460,同協,10,0,10,富邦-苗栗,2023-07-20,9657
5608,四維航,10,0,10,富邦-苗栗,2023-07-20,9657
6142,友勁,10,0,10,富邦-苗栗,2023-07-20,9657
8070,長華*,10,0,10,富邦-苗栗,2023-07-20,9657
2301,光寶科,13,3,10,富邦-苗栗,2023-07-20,9657
6187,萬潤,15,6,9,富邦-苗栗,2023-07-20,9657
1513,中興電,10,2,8,富邦-苗栗,2023-07-20,9657
00885,富邦越南,8,0,8,富邦-苗栗,2023-07-20,9657
1789,神隆,8,0,8,富邦-苗栗,2023-07-20,9657
8033,雷虎,14,6,8,富邦-苗栗,2023-07-20,9657
2317,鴻海,8,0,8,富邦-苗栗,2023-07-20,9657
6770,力積電,8,1,7,富邦-苗栗,2023-07-20,9657
4919,新唐,23,16,7,富邦-苗栗,2023-07-20,9657
2330,台積電,7,0,7,富邦-苗栗,2023-07-20,9657
00725B,國泰投資級公司債,10,3,7,富邦-苗栗,2023-07-20,9657
2399,映泰,7,0,7,富邦-苗栗,2023-07-20,9657
2630,亞航,10,3,7,富邦-苗栗,2023-07-20,9657
8201,無敵,7,0,7,富邦-苗栗,2023-07-20,9657
1529,樂事綠能,20,13,7,富邦-苗栗,2023-07-20,9657
2618,長榮航,34,27,7,富邦-苗栗,2023-07-20,9657
00671R,富邦NASDAQ反1,6,0,6,富邦-苗栗,2023-07-20,9657
00929,復華台灣科技優息,162,2,160,富邦-苗栗,2023-07-21,9657
4533,協易機,50,2,48,富邦-苗栗,2023-07-21,9657
4714,永捷,36,0,36,富邦-苗栗,2023-07-21,9657
2609,陽明,34,2,32,富邦-苗栗,2023-07-21,9657
2303,聯電,41,10,31,富邦-苗栗,2023-07-21,9657
00673R,期元大S＆P原油反1,25,1,24,富邦-苗栗,2023-07-21,9657
2328,廣宇,23,0,23,富邦-苗栗,2023-07-21,9657
2880,華南金,22,2,20,富邦-苗栗,2023-07-21,9657
00905,FT臺灣Smart,20,0,20,富邦-苗栗,2023-07-21,9657
3059,華晶科,20,0,20,富邦-苗栗,2023-07-21,9657
2330,台積電,24,5,19,富邦-苗栗,2023-07-21,9657
00679B,元大美債20年,19,0,19,富邦-苗栗,2023-07-21,9657
3706,神達,26,7,19,富邦-苗栗,2023-07-21,9657
8059,凱碩,18,0,18,富邦-苗栗,2023-07-21,9657
2356,英業達,44,27,17,富邦-苗栗,2023-07-21,9657
3052,夆典,17,0,17,富邦-苗栗,2023-07-21,9657
00712,復華富時不動產,19,3,16,富邦-苗栗,2023-07-21,9657
6770,力積電,18,2,16,富邦-苗栗,2023-07-21,9657
00882,中信中國高股息,40,24,16,富邦-苗栗,2023-07-21,9657
6016,康和證,19,3,16,富邦-苗栗,2023-07-21,9657
2382,廣達,49,34,15,富邦-苗栗,2023-07-21,9657
8215,明基材,15,0,15,富邦-苗栗,2023-07-21,9657
1514,亞力,15,1,14,富邦-苗栗,2023-07-21,9657
2606,裕民,15,1,14,富邦-苗栗,2023-07-21,9657
5228,鈺鎧,14,0,14,富邦-苗栗,2023-07-21,9657
9105,泰金寶-DR,14,0,14,富邦-苗栗,2023-07-21,9657
2312,金寶,16,3,13,富邦-苗栗,2023-07-21,9657
00885,富邦越南,16,4,12,富邦-苗栗,2023-07-21,9657
2547,日勝生,12,0,12,富邦-苗栗,2023-07-21,9657
1560,中砂,12,1,11,富邦-苗栗,2023-07-21,9657
4908,前鼎,11,0,11,富邦-苗栗,2023-07-21,9657
1605,華新,11,0,11,富邦-苗栗,2023-07-21,9657
1101,台泥,10,0,10,富邦-苗栗,2023-07-21,9657
2352,佳世達,14,4,10,富邦-苗栗,2023-07-21,9657
1611,中電,10,0,10,富邦-苗栗,2023-07-21,9657
1618,合機,11,1,10,富邦-苗栗,2023-07-21,9657
1802,台玻,10,0,10,富邦-苗栗,2023-07-21,9657
2436,偉詮電,10,0,10,富邦-苗栗,2023-07-21,9657
5340,建榮,11,1,10,富邦-苗栗,2023-07-21,9657
2603,長榮,15,6,9,富邦-苗栗,2023-07-21,9657
2337,旺宏,9,0,9,富邦-苗栗,2023-07-21,9657
6516,勤崴國際,9,0,9,富邦-苗栗,2023-07-21,9657
00664R,國泰臺灣加權反1,8,0,8,富邦-苗栗,2023-07-21,9657
00930,永豐ESG低碳高息,8,0,8,富邦-苗栗,2023-07-21,9657
2498,宏達電,16,8,8,富邦-苗栗,2023-07-21,9657
2605,新興,8,0,8,富邦-苗栗,2023-07-21,9657
3714,富采,8,0,8,富邦-苗栗,2023-07-21,9657
5483,中美晶,9,1,8,富邦-苗栗,2023-07-21,9657
6578,達邦蛋白,8,0,8,富邦-苗栗,2023-07-21,9657
1102,亞泥,7,0,7,富邦-苗栗,2023-07-21,9657
1447,力鵬,50,0,50,富邦-苗栗,2023-07-24,9657
3033,威健,50,1,49,富邦-苗栗,2023-07-24,9657
1609,大亞,108,64,44,富邦-苗栗,2023-07-24,9657
2481,強茂,41,0,41,富邦-苗栗,2023-07-24,9657
2883,凱基金,46,5,41,富邦-苗栗,2023-07-24,9657
00929,復華台灣科技優息,91,63,28,富邦-苗栗,2023-07-24,9657
2461,光群雷,32,4,28,富邦-苗栗,2023-07-24,9657
00673R,期元大S＆P原油反1,27,0,27,富邦-苗栗,2023-07-24,9657
3013,晟銘電,64,41,23,富邦-苗栗,2023-07-24,9657
2455,全新,27,6,21,富邦-苗栗,2023-07-24,9657
00720B,元大投資級公司債,20,0,20,富邦-苗栗,2023-07-24,9657
2383,台光電,24,4,20,富邦-苗栗,2023-07-24,9657
3094,聯傑,20,1,19,富邦-苗栗,2023-07-24,9657
3548,兆利,16,0,16,富邦-苗栗,2023-07-24,9657
3712,永崴投控,16,0,16,富邦-苗栗,2023-07-24,9657
2316,楠梓電,19,4,15,富邦-苗栗,2023-07-24,9657
8403,盛弘,20,5,15,富邦-苗栗,2023-07-24,9657
3035,智原,33,18,15,富邦-苗栗,2023-07-24,9657
8070,長華*,15,0,15,富邦-苗栗,2023-07-24,9657
00712,復華富時不動產,14,0,14,富邦-苗栗,2023-07-24,9657
2201,裕隆,15,1,14,富邦-苗栗,2023-07-24,9657
3051,力特,15,1,14,富邦-苗栗,2023-07-24,9657
5340,建榮,17,3,14,富邦-苗栗,2023-07-24,9657
2352,佳世達,18,4,14,富邦-苗栗,2023-07-24,9657
1513,中興電,43,29,14,富邦-苗栗,2023-07-24,9657
6125,廣運,23,9,14,富邦-苗栗,2023-07-24,9657
2464,盟立,13,0,13,富邦-苗栗,2023-07-24,9657
6112,邁達特,17,4,13,富邦-苗栗,2023-07-24,9657
8213,志超,20,7,13,富邦-苗栗,2023-07-24,9657
2834,臺企銀,13,1,12,富邦-苗栗,2023-07-24,9657
1504,東元,21,9,12,富邦-苗栗,2023-07-24,9657
2388,威盛,14,2,12,富邦-苗栗,2023-07-24,9657
4938,和碩,16,4,12,富邦-苗栗,2023-07-24,9657
2104,國際中橡,14,3,11,富邦-苗栗,2023-07-24,9657
1402,遠東新,11,0,11,富邦-苗栗,2023-07-24,9657
00891,中信關鍵半導體,11,0,11,富邦-苗栗,2023-07-24,9657
1529,樂事綠能,12,1,11,富邦-苗栗,2023-07-24,9657
2405,輔信,14,3,11,富邦-苗栗,2023-07-24,9657
3481,群創,12,2,10,富邦-苗栗,2023-07-24,9657
1339,昭輝,10,0,10,富邦-苗栗,2023-07-24,9657
00923,群益台ESG低碳50,10,0,10,富邦-苗栗,2023-07-24,9657
2338,光罩,10,0,10,富邦-苗栗,2023-07-24,9657
3581,博磊,11,1,10,富邦-苗栗,2023-07-24,9657
5469,瀚宇博,12,2,10,富邦-苗栗,2023-07-24,9657
6589,台康生技,11,1,10,富邦-苗栗,2023-07-24,9657
6274,台燿,27,17,10,富邦-苗栗,2023-07-24,9657
00680L,元大美債20正2,10,0,10,富邦-苗栗,2023-07-24,9657
1102,亞泥,9,0,9,富邦-苗栗,2023-07-24,9657
6217,中探針,10,1,9,富邦-苗栗,2023-07-24,9657
4746,台耀,9,0,9,富邦-苗栗,2023-07-24,9657
00712,復華富時不動產,135,1,134,富邦-苗栗,2023-07-25,9657
5426,振發,45,0,45,富邦-苗栗,2023-07-25,9657
1815,富喬,38,0,38,富邦-苗栗,2023-07-25,9657
2913,農林,36,2,34,富邦-苗栗,2023-07-25,9657
6285,啟��,36,3,33,富邦-苗栗,2023-07-25,9657
00929,復華台灣科技優息,51,18,33,富邦-苗栗,2023-07-25,9657
00919,群益台灣精選高息,39,9,30,富邦-苗栗,2023-07-25,9657
1217,愛之味,38,8,30,富邦-苗栗,2023-07-25,9657
2353,宏��,30,3,27,富邦-苗栗,2023-07-25,9657
2834,臺企銀,37,10,27,富邦-苗栗,2023-07-25,9657
2382,廣達,70,46,24,富邦-苗栗,2023-07-25,9657
2498,宏達電,37,13,24,富邦-苗栗,2023-07-25,9657
6016,康和證,30,6,24,富邦-苗栗,2023-07-25,9657
5469,瀚宇博,34,11,23,富邦-苗栗,2023-07-25,9657
00720B,元大投資級公司債,24,1,23,富邦-苗栗,2023-07-25,9657
3227,原相,25,2,23,富邦-苗栗,2023-07-25,9657
9958,世紀鋼,35,12,23,富邦-苗栗,2023-07-25,9657
2887,台新金,20,0,20,富邦-苗栗,2023-07-25,9657
2383,台光電,21,2,19,富邦-苗栗,2023-07-25,9657
00679B,元大美債20年,18,0,18,富邦-苗栗,2023-07-25,9657
4543,萬在,28,10,18,富邦-苗栗,2023-07-25,9657
6125,廣運,27,11,16,富邦-苗栗,2023-07-25,9657
2368,金像電,18,3,15,富邦-苗栗,2023-07-25,9657
00680L,元大美債20正2,15,0,15,富邦-苗栗,2023-07-25,9657
2461,光群雷,15,0,15,富邦-苗栗,2023-07-25,9657
00664R,國泰臺灣加權反1,14,0,14,富邦-苗栗,2023-07-25,9657
3231,緯創,18,4,14,富邦-苗栗,2023-07-25,9657
2355,敬鵬,20,7,13,富邦-苗栗,2023-07-25,9657
2419,仲琦,23,10,13,富邦-苗栗,2023-07-25,9657
4953,緯軟,15,2,13,富邦-苗栗,2023-07-25,9657
3702,大聯大,12,0,12,富邦-苗栗,2023-07-25,9657
2356,英業達,30,18,12,富邦-苗栗,2023-07-25,9657
1301,台塑,10,0,10,富邦-苗栗,2023-07-25,9657
2014,中鴻,10,0,10,富邦-苗栗,2023-07-25,9657
2022,聚亨,10,0,10,富邦-苗栗,2023-07-25,9657
2395,研華,10,0,10,富邦-苗栗,2023-07-25,9657
2881,富邦金,10,0,10,富邦-苗栗,2023-07-25,9657
5452,佶優,12,3,9,富邦-苗栗,2023-07-25,9657
6182,合晶,9,0,9,富邦-苗栗,2023-07-25,9657
1102,亞泥,8,0,8,富邦-苗栗,2023-07-25,9657
2316,楠梓電,8,0,8,富邦-苗栗,2023-07-25,9657
3508,位速,8,0,8,富邦-苗栗,2023-07-25,9657
5443,均豪,8,0,8,富邦-苗栗,2023-07-25,9657
6235,華孚,16,8,8,富邦-苗栗,2023-07-25,9657
1514,亞力,13,5,8,富邦-苗栗,2023-07-25,9657
2357,華碩,9,1,8,富邦-苗栗,2023-07-25,9657
8155,博智,9,2,7,富邦-苗栗,2023-07-25,9657
00891,中信關鍵半導體,8,1,7,富邦-苗栗,2023-07-25,9657
1529,樂事綠能,10,3,7,富邦-苗栗,2023-07-25,9657
2464,盟立,12,5,7,富邦-苗栗,2023-07-25,9657
00725B,國泰投資級公司債,200,0,200,富邦-苗栗,2023-07-26,9657
2359,所羅門,90,20,70,富邦-苗栗,2023-07-26,9657
4726,永昕,66,0,66,富邦-苗栗,2023-07-26,9657
3051,力特,43,1,42,富邦-苗栗,2023-07-26,9657
2329,華泰,152,110,42,富邦-苗栗,2023-07-26,9657
1504,東元,50,9,41,富邦-苗栗,2023-07-26,9657
2352,佳世達,57,20,37,富邦-苗栗,2023-07-26,9657
6770,力積電,35,1,34,富邦-苗栗,2023-07-26,9657
2913,農林,27,0,27,富邦-苗栗,2023-07-26,9657
2546,根基,26,0,26,富邦-苗栗,2023-07-26,9657
00712,復華富時不動產,33,12,21,富邦-苗栗,2023-07-26,9657
6125,廣運,31,11,20,富邦-苗栗,2023-07-26,9657
00927,群益半導體收益,21,3,18,富邦-苗栗,2023-07-26,9657
2344,華邦電,18,0,18,富邦-苗栗,2023-07-26,9657
5483,中美晶,17,1,16,富邦-苗栗,2023-07-26,9657
8358,金居,59,43,16,富邦-苗栗,2023-07-26,9657
2313,華通,20,5,15,富邦-苗栗,2023-07-26,9657
2414,精技,15,0,15,富邦-苗栗,2023-07-26,9657
9958,世紀鋼,18,3,15,富邦-苗栗,2023-07-26,9657
6214,精誠,15,1,14,富邦-苗栗,2023-07-26,9657
2371,大同,25,12,13,富邦-苗栗,2023-07-26,9657
2392,正崴,13,0,13,富邦-苗栗,2023-07-26,9657
3094,聯傑,13,0,13,富邦-苗栗,2023-07-26,9657
3689,湧德,23,10,13,富邦-苗栗,2023-07-26,9657
4123,晟德,13,0,13,富邦-苗栗,2023-07-26,9657
6117,迎廣,16,4,12,富邦-苗栗,2023-07-26,9657
3013,晟銘電,12,0,12,富邦-苗栗,2023-07-26,9657
00885,富邦越南,12,1,11,富邦-苗栗,2023-07-26,9657
2399,映泰,11,0,11,富邦-苗栗,2023-07-26,9657
2701,萬企,11,0,11,富邦-苗栗,2023-07-26,9657
5880,合庫金,11,0,11,富邦-苗栗,2023-07-26,9657
6841,長佳智能,11,0,11,富邦-苗栗,2023-07-26,9657
00720B,元大投資級公司債,10,0,10,富邦-苗栗,2023-07-26,9657
2618,長榮航,12,2,10,富邦-苗栗,2023-07-26,9657
00673R,期元大S＆P原油反1,10,0,10,富邦-苗栗,2023-07-26,9657
1611,中電,10,0,10,富邦-苗栗,2023-07-26,9657
2023,燁輝,10,0,10,富邦-苗栗,2023-07-26,9657
2801,彰銀,10,0,10,富邦-苗栗,2023-07-26,9657
5452,佶優,10,0,10,富邦-苗栗,2023-07-26,9657
8050,廣積,12,2,10,富邦-苗栗,2023-07-26,9657
3711,日月光投控,10,1,9,富邦-苗栗,2023-07-26,9657
6188,廣明,63,54,9,富邦-苗栗,2023-07-26,9657
3029,零壹,12,3,9,富邦-苗栗,2023-07-26,9657
6271,同欣電,10,1,9,富邦-苗栗,2023-07-26,9657
3088,艾訊,9,1,8,富邦-苗栗,2023-07-26,9657
2357,華碩,10,2,8,富邦-苗栗,2023-07-26,9657
1301,台塑,8,0,8,富邦-苗栗,2023-07-26,9657
1589,永冠-KY,8,0,8,富邦-苗栗,2023-07-26,9657
2453,凌群,15,7,8,富邦-苗栗,2023-07-26,9657
5258,虹堡,11,3,8,富邦-苗栗,2023-07-26,9657
2913,農林,154,29,125,富邦-苗栗,2023-07-27,9657
2359,所羅門,98,23,75,富邦-苗栗,2023-07-27,9657
1471,首利,79,7,72,富邦-苗栗,2023-07-27,9657
00712,復華富時不動產,69,5,64,富邦-苗栗,2023-07-27,9657
2342,茂矽,63,0,63,富邦-苗栗,2023-07-27,9657
1718,中纖,60,0,60,富邦-苗栗,2023-07-27,9657
00929,復華台灣科技優息,67,27,40,富邦-苗栗,2023-07-27,9657
00688L,國泰20年美債正2,40,0,40,富邦-苗栗,2023-07-27,9657
3163,波若威,53,13,40,富邦-苗栗,2023-07-27,9657
3049,精金,39,4,35,富邦-苗栗,2023-07-27,9657
2353,宏��,44,12,32,富邦-苗栗,2023-07-27,9657
2801,彰銀,20,0,20,富邦-苗栗,2023-07-27,9657
2489,瑞軒,19,0,19,富邦-苗栗,2023-07-27,9657
2382,廣達,46,28,18,富邦-苗栗,2023-07-27,9657
8358,金居,24,8,16,富邦-苗栗,2023-07-27,9657
3037,欣興,20,5,15,富邦-苗栗,2023-07-27,9657
2812,台中銀,17,2,15,富邦-苗栗,2023-07-27,9657
00673R,期元大S＆P原油反1,15,0,15,富邦-苗栗,2023-07-27,9657
00706L,期元大S＆P日圓正2,15,0,15,富邦-苗栗,2023-07-27,9657
3260,威剛,15,0,15,富邦-苗栗,2023-07-27,9657
3715,定穎投控,15,0,15,富邦-苗栗,2023-07-27,9657
6116,彩晶,23,8,15,富邦-苗栗,2023-07-27,9657
6548,長科*,15,0,15,富邦-苗栗,2023-07-27,9657
2484,希華,14,0,14,富邦-苗栗,2023-07-27,9657
00720B,元大投資級公司債,14,1,13,富邦-苗栗,2023-07-27,9657
00679B,元大美債20年,14,1,13,富邦-苗栗,2023-07-27,9657
1504,東元,17,5,12,富邦-苗栗,2023-07-27,9657
3706,神達,15,3,12,富邦-苗栗,2023-07-27,9657
1513,中興電,27,16,11,富邦-苗栗,2023-07-27,9657
3231,緯創,12,2,10,富邦-苗栗,2023-07-27,9657
00632R,元大台灣50反1,10,0,10,富邦-苗栗,2023-07-27,9657
3005,神基,10,0,10,富邦-苗栗,2023-07-27,9657
3710,連展投控,10,0,10,富邦-苗栗,2023-07-27,9657
3711,日月光投控,10,0,10,富邦-苗栗,2023-07-27,9657
6167,久正,10,0,10,富邦-苗栗,2023-07-27,9657
2892,第一金,11,1,10,富邦-苗栗,2023-07-27,9657
2887,台新金,9,0,9,富邦-苗栗,2023-07-27,9657
6657,華安,9,0,9,富邦-苗栗,2023-07-27,9657
00878,國泰永續高股息,43,34,9,富邦-苗栗,2023-07-27,9657
1618,合機,14,5,9,富邦-苗栗,2023-07-27,9657
00919,群益台灣精選高息,20,12,8,富邦-苗栗,2023-07-27,9657
8234,新漢,14,6,8,富邦-苗栗,2023-07-27,9657
2356,英業達,19,11,8,富邦-苗栗,2023-07-27,9657
4726,永昕,19,12,7,富邦-苗栗,2023-07-27,9657
2731,雄獅,8,1,7,富邦-苗栗,2023-07-27,9657
4973,廣穎,7,0,7,富邦-苗栗,2023-07-27,9657
1229,聯華,6,0,6,富邦-苗栗,2023-07-27,9657
5347,世界,6,0,6,富邦-苗栗,2023-07-27,9657
1102,亞泥,7,1,6,富邦-苗栗,2023-07-27,9657
2412,中華電,10,4,6,富邦-苗栗,2023-07-27,9657
1460,宏遠,94,0,94,富邦-苗栗,2023-07-28,9657
2884,玉山金,58,2,56,富邦-苗栗,2023-07-28,9657
2027,大成鋼,47,0,47,富邦-苗栗,2023-07-28,9657
00919,群益台灣精選高息,47,0,47,富邦-苗栗,2023-07-28,9657
4934,太極,48,2,46,富邦-苗栗,2023-07-28,9657
00679B,元大美債20年,48,2,46,富邦-苗栗,2023-07-28,9657
2888,新光金,93,56,37,富邦-苗栗,2023-07-28,9657
2303,聯電,46,9,37,富邦-苗栗,2023-07-28,9657
00712,復華富時不動產,40,5,35,富邦-苗栗,2023-07-28,9657
6182,合晶,31,0,31,富邦-苗栗,2023-07-28,9657
2405,輔信,88,64,24,富邦-苗栗,2023-07-28,9657
00857B,永豐20年美公債,21,0,21,富邦-苗栗,2023-07-28,9657
1447,力鵬,20,0,20,富邦-苗栗,2023-07-28,9657
2371,大同,22,3,19,富邦-苗栗,2023-07-28,9657
3059,華晶科,20,1,19,富邦-苗栗,2023-07-28,9657
2812,台中銀,18,0,18,富邦-苗栗,2023-07-28,9657
00772B,中信高評級公司債,17,0,17,富邦-苗栗,2023-07-28,9657
00720B,元大投資級公司債,17,0,17,富邦-苗栗,2023-07-28,9657
00673R,期元大S＆P原油反1,16,0,16,富邦-苗栗,2023-07-28,9657
00687B,國泰20年美債,15,0,15,富邦-苗栗,2023-07-28,9657
2882,國泰金,15,0,15,富邦-苗栗,2023-07-28,9657
4726,永昕,14,0,14,富邦-苗栗,2023-07-28,9657
4123,晟德,14,0,14,富邦-苗栗,2023-07-28,9657
4746,台耀,15,1,14,富邦-苗栗,2023-07-28,9657
6535,順藥,18,6,12,富邦-苗栗,2023-07-28,9657
9943,好樂迪,12,0,12,富邦-苗栗,2023-07-28,9657
00688L,國泰20年美債正2,11,0,11,富邦-苗栗,2023-07-28,9657
1815,富喬,55,44,11,富邦-苗栗,2023-07-28,9657
6015,宏遠證,11,0,11,富邦-苗栗,2023-07-28,9657
3013,晟銘電,12,1,11,富邦-苗栗,2023-07-28,9657
3037,欣興,16,6,10,富邦-苗栗,2023-07-28,9657
00680L,元大美債20正2,20,10,10,富邦-苗栗,2023-07-28,9657
00706L,期元大S＆P日圓正2,10,0,10,富邦-苗栗,2023-07-28,9657
1314,中石化,10,0,10,富邦-苗栗,2023-07-28,9657
3092,鴻碩,13,3,10,富邦-苗栗,2023-07-28,9657
3710,連展投控,10,0,10,富邦-苗栗,2023-07-28,9657
4533,協易機,20,10,10,富邦-苗栗,2023-07-28,9657
8070,長華*,10,0,10,富邦-苗栗,2023-07-28,9657
00929,復華台灣科技優息,29,19,10,富邦-苗栗,2023-07-28,9657
3306,鼎天,11,2,9,富邦-苗栗,2023-07-28,9657
3047,訊舟,9,0,9,富邦-苗栗,2023-07-28,9657
3055,蔚華科,10,1,9,富邦-苗栗,2023-07-28,9657
2887,台新金,9,0,9,富邦-苗栗,2023-07-28,9657
1904,正隆,8,0,8,富邦-苗栗,2023-07-28,9657
3094,聯傑,8,0,8,富邦-苗栗,2023-07-28,9657
3289,宜特,12,4,8,富邦-苗栗,2023-07-28,9657
6180,橘子,8,0,8,富邦-苗栗,2023-07-28,9657
2002,中鋼,7,0,7,富邦-苗栗,2023-07-28,9657
00751B,元大AAA至A公司債,7,0,7,富邦-苗栗,2023-07-28,9657
6117,迎廣,7,0,7,富邦-苗栗,2023-07-28,9657
3049,精金,180,0,180,富邦-苗栗,2023-07-31,9657
1447,力鵬,80,0,80,富邦-苗栗,2023-07-31,9657
2426,鼎元,73,3,70,富邦-苗栗,2023-07-31,9657
00929,復華台灣科技優息,196,139,57,富邦-苗栗,2023-07-31,9657
2303,聯電,64,10,54,富邦-苗栗,2023-07-31,9657
1319,東陽,82,33,49,富邦-苗栗,2023-07-31,9657
00706L,期元大S＆P日圓正2,46,0,46,富邦-苗栗,2023-07-31,9657
3339,泰谷,53,8,45,富邦-苗栗,2023-07-31,9657
1815,富喬,55,11,44,富邦-苗栗,2023-07-31,9657
2420,新巨,41,0,41,富邦-苗栗,2023-07-31,9657
2002,中鋼,40,0,40,富邦-苗栗,2023-07-31,9657
2342,茂矽,40,0,40,富邦-苗栗,2023-07-31,9657
00712,復華富時不動產,32,0,32,富邦-苗栗,2023-07-31,9657
3231,緯創,73,43,30,富邦-苗栗,2023-07-31,9657
3059,華晶科,40,11,29,富邦-苗栗,2023-07-31,9657
3025,星通,33,6,27,富邦-苗栗,2023-07-31,9657
2323,中環,35,8,27,富邦-苗栗,2023-07-31,9657
3706,神達,29,3,26,富邦-苗栗,2023-07-31,9657
3481,群創,90,64,26,富邦-苗栗,2023-07-31,9657
6155,鈞寶,25,0,25,富邦-苗栗,2023-07-31,9657
8213,志超,21,0,21,富邦-苗栗,2023-07-31,9657
00679B,元大美債20年,21,0,21,富邦-苗栗,2023-07-31,9657
2329,華泰,88,68,20,富邦-苗栗,2023-07-31,9657
2359,所羅門,21,1,20,富邦-苗栗,2023-07-31,9657
2409,友達,33,14,19,富邦-苗栗,2023-07-31,9657
2368,金像電,21,3,18,富邦-苗栗,2023-07-31,9657
1304,台聚,18,0,18,富邦-苗栗,2023-07-31,9657
4721,美琪瑪,18,0,18,富邦-苗栗,2023-07-31,9657
2301,光寶科,75,58,17,富邦-苗栗,2023-07-31,9657
6770,力積電,22,5,17,富邦-苗栗,2023-07-31,9657
1722,台肥,17,0,17,富邦-苗栗,2023-07-31,9657
2618,長榮航,19,3,16,富邦-苗栗,2023-07-31,9657
8201,無敵,16,0,16,富邦-苗栗,2023-07-31,9657
3037,欣興,18,3,15,富邦-苗栗,2023-07-31,9657
2634,漢翔,18,4,14,富邦-苗栗,2023-07-31,9657
00878,國泰永續高股息,164,150,14,富邦-苗栗,2023-07-31,9657
1471,首利,16,2,14,富邦-苗栗,2023-07-31,9657
2888,新光金,64,50,14,富邦-苗栗,2023-07-31,9657
3710,連展投控,15,1,14,富邦-苗栗,2023-07-31,9657
2412,中華電,12,0,12,富邦-苗栗,2023-07-31,9657
2431,聯昌,12,0,12,富邦-苗栗,2023-07-31,9657
3055,蔚華科,12,0,12,富邦-苗栗,2023-07-31,9657
6274,台燿,29,17,12,富邦-苗栗,2023-07-31,9657
2382,廣達,44,33,11,富邦-苗栗,2023-07-31,9657
2027,大成鋼,21,10,11,富邦-苗栗,2023-07-31,9657
1210,大成,11,0,11,富邦-苗栗,2023-07-31,9657
3071,協禧,12,1,11,富邦-苗栗,2023-07-31,9657
5457,宣德,12,1,11,富邦-苗栗,2023-07-31,9657
00795B,中信美國公債20年,10,0,10,富邦-苗栗,2023-07-31,9657
00751B,元大AAA至A公司債,10,0,10,富邦-苗栗,2023-07-31,9657
00929,復華台灣科技優息,184,3,181,富邦-苗栗,2023-08-01,9657
8390,金益鼎,95,3,92,富邦-苗栗,2023-08-01,9657
3059,華晶科,90,0,90,富邦-苗栗,2023-08-01,9657
2420,新巨,69,0,69,富邦-苗栗,2023-08-01,9657
3033,威健,60,5,55,富邦-苗栗,2023-08-01,9657
1522,堤維西,50,0,50,富邦-苗栗,2023-08-01,9657
2408,南亞科,51,1,50,富邦-苗栗,2023-08-01,9657
6207,雷科,51,1,50,富邦-苗栗,2023-08-01,9657
3711,日月光投控,45,5,40,富邦-苗栗,2023-08-01,9657
6016,康和證,30,0,30,富邦-苗栗,2023-08-01,9657
2329,華泰,36,10,26,富邦-苗栗,2023-08-01,9657
5498,凱崴,22,0,22,富邦-苗栗,2023-08-01,9657
6282,康舒,91,70,21,富邦-苗栗,2023-08-01,9657
3049,精金,20,0,20,富邦-苗栗,2023-08-01,9657
9958,世紀鋼,20,0,20,富邦-苗栗,2023-08-01,9657
3029,零壹,20,2,18,富邦-苗栗,2023-08-01,9657
1815,富喬,23,6,17,富邦-苗栗,2023-08-01,9657
00673R,期元大S＆P原油反1,17,2,15,富邦-苗栗,2023-08-01,9657
3591,艾笛森,15,0,15,富邦-苗栗,2023-08-01,9657
2201,裕隆,17,4,13,富邦-苗栗,2023-08-01,9657
00640L,富邦日本正2,13,0,13,富邦-苗栗,2023-08-01,9657
2028,威致,13,0,13,富邦-苗栗,2023-08-01,9657
3710,連展投控,13,0,13,富邦-苗栗,2023-08-01,9657
00679B,元大美債20年,12,0,12,富邦-苗栗,2023-08-01,9657
2344,華邦電,16,4,12,富邦-苗栗,2023-08-01,9657
2388,威盛,15,4,11,富邦-苗栗,2023-08-01,9657
2301,光寶科,39,28,11,富邦-苗栗,2023-08-01,9657
00923,群益台ESG低碳50,11,0,11,富邦-苗栗,2023-08-01,9657
00715L,期街口布蘭特正2,12,1,11,富邦-苗栗,2023-08-01,9657
2353,宏��,10,0,10,富邦-苗栗,2023-08-01,9657
00706L,期元大S＆P日圓正2,10,0,10,富邦-苗栗,2023-08-01,9657
1314,中石化,10,0,10,富邦-苗栗,2023-08-01,9657
3011,今皓,10,0,10,富邦-苗栗,2023-08-01,9657
3149,正達,10,0,10,富邦-苗栗,2023-08-01,9657
3169,亞信,10,0,10,富邦-苗栗,2023-08-01,9657
4426,利勤,10,0,10,富邦-苗栗,2023-08-01,9657
6190,萬泰科,10,0,10,富邦-苗栗,2023-08-01,9657
00919,群益台灣精選高息,16,7,9,富邦-苗栗,2023-08-01,9657
1608,華榮,10,1,9,富邦-苗栗,2023-08-01,9657
2014,中鴻,10,1,9,富邦-苗栗,2023-08-01,9657
3078,僑威,11,2,9,富邦-苗栗,2023-08-01,9657
2801,彰銀,8,0,8,富邦-苗栗,2023-08-01,9657
2303,聯電,10,2,8,富邦-苗栗,2023-08-01,9657
1605,華新,9,1,8,富邦-苗栗,2023-08-01,9657
2409,友達,59,51,8,富邦-苗栗,2023-08-01,9657
4919,新唐,17,10,7,富邦-苗栗,2023-08-01,9657
1319,東陽,8,1,7,富邦-苗栗,2023-08-01,9657
3057,喬鼎,7,0,7,富邦-苗栗,2023-08-01,9657
8068,全達,7,0,7,富邦-苗栗,2023-08-01,9657
3056,富華新,10,3,7,富邦-苗栗,2023-08-01,9657
00900,富邦特選高股息30,454,16,438,富邦-苗栗,2023-08-02,9657
00878,國泰永續高股息,442,182,260,富邦-苗栗,2023-08-02,9657
00905,FT臺灣Smart,167,0,167,富邦-苗栗,2023-08-02,9657
3059,華晶科,147,1,146,富邦-苗栗,2023-08-02,9657
00929,復華台灣科技優息,146,20,126,富邦-苗栗,2023-08-02,9657
00923,群益台ESG低碳50,67,0,67,富邦-苗栗,2023-08-02,9657
00669R,國泰美國道瓊反1,60,0,60,富邦-苗栗,2023-08-02,9657
00712,復華富時不動產,59,0,59,富邦-苗栗,2023-08-02,9657
3481,群創,133,76,57,富邦-苗栗,2023-08-02,9657
00680L,元大美債20正2,43,0,43,富邦-苗栗,2023-08-02,9657
1605,華新,71,37,34,富邦-苗栗,2023-08-02,9657
3231,緯創,74,47,27,富邦-苗栗,2023-08-02,9657
4743,合一,27,1,26,富邦-苗栗,2023-08-02,9657
2498,宏達電,32,6,26,富邦-苗栗,2023-08-02,9657
2884,玉山金,25,0,25,富邦-苗栗,2023-08-02,9657
6282,康舒,50,26,24,富邦-苗栗,2023-08-02,9657
00679B,元大美債20年,23,0,23,富邦-苗栗,2023-08-02,9657
2409,友達,35,13,22,富邦-苗栗,2023-08-02,9657
1815,富喬,31,10,21,富邦-苗栗,2023-08-02,9657
2363,矽統,26,5,21,富邦-苗栗,2023-08-02,9657
00885,富邦越南,28,8,20,富邦-苗栗,2023-08-02,9657
00687B,國泰20年美債,20,0,20,富邦-苗栗,2023-08-02,9657
1504,東元,21,1,20,富邦-苗栗,2023-08-02,9657
2486,一詮,20,0,20,富邦-苗栗,2023-08-02,9657
6207,雷科,20,1,19,富邦-苗栗,2023-08-02,9657
00882,中信中國高股息,19,1,18,富邦-苗栗,2023-08-02,9657
2014,中鴻,23,5,18,富邦-苗栗,2023-08-02,9657
3711,日月光投控,18,1,17,富邦-苗栗,2023-08-02,9657
5880,合庫金,20,3,17,富邦-苗栗,2023-08-02,9657
00751B,元大AAA至A公司債,16,0,16,富邦-苗栗,2023-08-02,9657
00673R,期元大S＆P原油反1,16,0,16,富邦-苗栗,2023-08-02,9657
3037,欣興,25,10,15,富邦-苗栗,2023-08-02,9657
2002,中鋼,15,0,15,富邦-苗栗,2023-08-02,9657
2383,台光電,22,7,15,富邦-苗栗,2023-08-02,9657
2637,慧洋-KY,15,0,15,富邦-苗栗,2023-08-02,9657
6488,環球晶,15,1,14,富邦-苗栗,2023-08-02,9657
4726,永昕,22,8,14,富邦-苗栗,2023-08-02,9657
00919,群益台灣精選高息,19,5,14,富邦-苗栗,2023-08-02,9657
3163,波若威,33,20,13,富邦-苗栗,2023-08-02,9657
2402,毅嘉,31,18,13,富邦-苗栗,2023-08-02,9657
2801,彰銀,12,0,12,富邦-苗栗,2023-08-02,9657
2420,新巨,13,1,12,富邦-苗栗,2023-08-02,9657
00881,國泰台灣5G+,11,0,11,富邦-苗栗,2023-08-02,9657
2610,華航,35,24,11,富邦-苗栗,2023-08-02,9657
3056,富華新,11,0,11,富邦-苗栗,2023-08-02,9657
2201,裕隆,15,4,11,富邦-苗栗,2023-08-02,9657
00632R,元大台灣50反1,20,9,11,富邦-苗栗,2023-08-02,9657
2344,華邦電,14,3,11,富邦-苗栗,2023-08-02,9657
3071,協禧,11,0,11,富邦-苗栗,2023-08-02,9657
6770,力積電,12,1,11,富邦-苗栗,2023-08-02,9657
00929,復華台灣科技優息,268,1,267,富邦-苗栗,2023-08-04,9657
00878,國泰永續高股息,311,87,224,富邦-苗栗,2023-08-04,9657
00687B,國泰20年美債,172,16,156,富邦-苗栗,2023-08-04,9657
00725B,國泰投資級公司債,105,0,105,富邦-苗栗,2023-08-04,9657
00679B,元大美債20年,80,0,80,富邦-苗栗,2023-08-04,9657
2103,台橡,66,0,66,富邦-苗栗,2023-08-04,9657
00900,富邦特選高股息30,62,1,61,富邦-苗栗,2023-08-04,9657
00923,群益台ESG低碳50,53,0,53,富邦-苗栗,2023-08-04,9657
00715L,期街口布蘭特正2,50,0,50,富邦-苗栗,2023-08-04,9657
00680L,元大美債20正2,62,20,42,富邦-苗栗,2023-08-04,9657
00795B,中信美國公債20年,42,0,42,富邦-苗栗,2023-08-04,9657
6126,信音,42,0,42,富邦-苗栗,2023-08-04,9657
1605,華新,46,7,39,富邦-苗栗,2023-08-04,9657
2891,中信金,38,3,35,富邦-苗栗,2023-08-04,9657
1455,集盛,32,0,32,富邦-苗栗,2023-08-04,9657
1609,大亞,33,1,32,富邦-苗栗,2023-08-04,9657
00772B,中信高評級公司債,31,0,31,富邦-苗栗,2023-08-04,9657
5880,合庫金,30,0,30,富邦-苗栗,2023-08-04,9657
2344,華邦電,41,15,26,富邦-苗栗,2023-08-04,9657
3231,緯創,91,66,25,富邦-苗栗,2023-08-04,9657
1909,榮成,23,0,23,富邦-苗栗,2023-08-04,9657
2009,第一銅,22,0,22,富邦-苗栗,2023-08-04,9657
4906,正文,24,2,22,富邦-苗栗,2023-08-04,9657
1210,大成,22,1,21,富邦-苗栗,2023-08-04,9657
3024,憶聲,20,0,20,富邦-苗栗,2023-08-04,9657
3049,精金,20,0,20,富邦-苗栗,2023-08-04,9657
8440,綠電,20,0,20,富邦-苗栗,2023-08-04,9657
2420,新巨,32,13,19,富邦-苗栗,2023-08-04,9657
4746,台耀,20,3,17,富邦-苗栗,2023-08-04,9657
1727,中華化,16,0,16,富邦-苗栗,2023-08-04,9657
2440,太空梭,15,0,15,富邦-苗栗,2023-08-04,9657
00712,復華富時不動產,19,5,14,富邦-苗栗,2023-08-04,9657
5203,訊連,14,0,14,富邦-苗栗,2023-08-04,9657
00919,群益台灣精選高息,13,0,13,富邦-苗栗,2023-08-04,9657
2356,英業達,57,45,12,富邦-苗栗,2023-08-04,9657
2481,強茂,17,5,12,富邦-苗栗,2023-08-04,9657
00720B,元大投資級公司債,18,7,11,富邦-苗栗,2023-08-04,9657
00751B,元大AAA至A公司債,11,0,11,富邦-苗栗,2023-08-04,9657
00907,永豐優息存股,11,0,11,富邦-苗栗,2023-08-04,9657
6488,環球晶,11,0,11,富邦-苗栗,2023-08-04,9657
2329,華泰,28,18,10,富邦-苗栗,2023-08-04,9657
2633,台灣高鐵,10,0,10,富邦-苗栗,2023-08-04,9657
2201,裕隆,20,10,10,富邦-苗栗,2023-08-04,9657
00915,凱基優選高股息30,10,0,10,富邦-苗栗,2023-08-04,9657
00764B,群益25年美債,9,0,9,富邦-苗栗,2023-08-04,9657
1314,中石化,9,0,9,富邦-苗栗,2023-08-04,9657
1785,光洋科,11,2,9,富邦-苗栗,2023-08-04,9657
6547,高端疫苗,10,1,9,富邦-苗栗,2023-08-04,9657
2312,金寶,22,13,9,富邦-苗栗,2023-08-04,9657
2382,廣達,36,29,7,富邦-苗栗,2023-08-04,9657
00679B,元大美債20年,185,5,180,富邦-苗栗,2023-08-07,9657
2867,三商壽,135,0,135,富邦-苗栗,2023-08-07,9657
2913,農林,116,4,112,富邦-苗栗,2023-08-07,9657
00931B,統一美債20年,82,1,81,富邦-苗栗,2023-08-07,9657
00923,群益台ESG低碳50,94,13,81,富邦-苗栗,2023-08-07,9657
2888,新光金,72,0,72,富邦-苗栗,2023-08-07,9657
2409,友達,46,10,36,富邦-苗栗,2023-08-07,9657
00900,富邦特選高股息30,46,12,34,富邦-苗栗,2023-08-07,9657
00712,復華富時不動產,29,0,29,富邦-苗栗,2023-08-07,9657
4906,正文,34,7,27,富邦-苗栗,2023-08-07,9657
2103,台橡,24,0,24,富邦-苗栗,2023-08-07,9657
2891,中信金,22,0,22,富邦-苗栗,2023-08-07,9657
1303,南亞,20,0,20,富邦-苗栗,2023-08-07,9657
3021,鴻名,22,2,20,富邦-苗栗,2023-08-07,9657
9907,統一實,20,0,20,富邦-苗栗,2023-08-07,9657
00673R,期元大S＆P原油反1,19,0,19,富邦-苗栗,2023-08-07,9657
00878,國泰永續高股息,67,48,19,富邦-苗栗,2023-08-07,9657
2027,大成鋼,17,0,17,富邦-苗栗,2023-08-07,9657
1609,大亞,17,1,16,富邦-苗栗,2023-08-07,9657
02001B,統一美國政府債N,16,0,16,富邦-苗栗,2023-08-07,9657
2388,威盛,40,24,16,富邦-苗栗,2023-08-07,9657
5009,榮剛,18,4,14,富邦-苗栗,2023-08-07,9657
2352,佳世達,17,4,13,富邦-苗栗,2023-08-07,9657
2301,光寶科,41,28,13,富邦-苗栗,2023-08-07,9657
1907,永豐餘,12,0,12,富邦-苗栗,2023-08-07,9657
8070,長華*,11,0,11,富邦-苗栗,2023-08-07,9657
00680L,元大美債20正2,10,0,10,富邦-苗栗,2023-08-07,9657
2363,矽統,10,0,10,富邦-苗栗,2023-08-07,9657
3228,金麗科,10,0,10,富邦-苗栗,2023-08-07,9657
4533,協易機,11,1,10,富邦-苗栗,2023-08-07,9657
5203,訊連,10,0,10,富邦-苗栗,2023-08-07,9657
6152,百一,10,0,10,富邦-苗栗,2023-08-07,9657
2303,聯電,11,2,9,富邦-苗栗,2023-08-07,9657
00857B,永豐20年美公債,10,2,8,富邦-苗栗,2023-08-07,9657
00924,復華S＆P500成長,8,0,8,富邦-苗栗,2023-08-07,9657
9941A,裕融甲特,8,0,8,富邦-苗栗,2023-08-07,9657
2312,金寶,45,38,7,富邦-苗栗,2023-08-07,9657
00926,凱基全球菁英55,7,0,7,富邦-苗栗,2023-08-07,9657
2462,良得電,8,1,7,富邦-苗栗,2023-08-07,9657
6015,宏遠證,7,0,7,富邦-苗栗,2023-08-07,9657
2356,英業達,33,26,7,富邦-苗栗,2023-08-07,9657
2449,京元電子,9,3,6,富邦-苗栗,2023-08-07,9657
2006,東和鋼鐵,8,2,6,富邦-苗栗,2023-08-07,9657
2428,興勤,7,1,6,富邦-苗栗,2023-08-07,9657
6116,彩晶,7,1,6,富邦-苗栗,2023-08-07,9657
1815,富喬,16,10,6,富邦-苗栗,2023-08-07,9657
3044,健鼎,8,2,6,富邦-苗栗,2023-08-07,9657
6274,台燿,11,5,6,富邦-苗栗,2023-08-07,9657
2308,台達電,10,5,5,富邦-苗栗,2023-08-07,9657
3037,欣興,7,2,5,富邦-苗栗,2023-08-07,9657
00929,復華台灣科技優息,343,10,333,富邦-苗栗,2023-08-08,9657
2867,三商壽,135,0,135,富邦-苗栗,2023-08-08,9657
00900,富邦特選高股息30,87,9,78,富邦-苗栗,2023-08-08,9657
2356,英業達,125,54,71,富邦-苗栗,2023-08-08,9657
2913,農林,96,46,50,富邦-苗栗,2023-08-08,9657
3706,神達,77,30,47,富邦-苗栗,2023-08-08,9657
3231,緯創,153,114,39,富邦-苗栗,2023-08-08,9657
5880,合庫金,37,3,34,富邦-苗栗,2023-08-08,9657
2888,新光金,33,2,31,富邦-苗栗,2023-08-08,9657
00878,國泰永續高股息,55,26,29,富邦-苗栗,2023-08-08,9657
00706L,期元大S＆P日圓正2,22,0,22,富邦-苗栗,2023-08-08,9657
2329,華泰,48,27,21,富邦-苗栗,2023-08-08,9657
6188,廣明,42,22,20,富邦-苗栗,2023-08-08,9657
00632R,元大台灣50反1,20,0,20,富邦-苗栗,2023-08-08,9657
4114,健喬,20,0,20,富邦-苗栗,2023-08-08,9657
6558,興能高,20,0,20,富邦-苗栗,2023-08-08,9657
6770,力積電,19,0,19,富邦-苗栗,2023-08-08,9657
2836,高雄銀,17,0,17,富邦-苗栗,2023-08-08,9657
2440,太空梭,20,4,16,富邦-苗栗,2023-08-08,9657
3163,波若威,40,25,15,富邦-苗栗,2023-08-08,9657
00923,群益台ESG低碳50,15,0,15,富邦-苗栗,2023-08-08,9657
00919,群益台灣精選高息,14,0,14,富邦-苗栗,2023-08-08,9657
2014,中鴻,16,3,13,富邦-苗栗,2023-08-08,9657
2486,一詮,13,0,13,富邦-苗栗,2023-08-08,9657
3228,金麗科,12,0,12,富邦-苗栗,2023-08-08,9657
00679B,元大美債20年,11,0,11,富邦-苗栗,2023-08-08,9657
2887,台新金,11,0,11,富邦-苗栗,2023-08-08,9657
2330,台積電,11,0,11,富邦-苗栗,2023-08-08,9657
00720B,元大投資級公司債,11,0,11,富邦-苗栗,2023-08-08,9657
00687B,國泰20年美債,10,0,10,富邦-苗栗,2023-08-08,9657
00930,永豐ESG低碳高息,10,0,10,富邦-苗栗,2023-08-08,9657
1314,中石化,10,0,10,富邦-苗栗,2023-08-08,9657
3673,TPK-KY,10,0,10,富邦-苗栗,2023-08-08,9657
5483,中美晶,10,1,9,富邦-苗栗,2023-08-08,9657
1471,首利,20,11,9,富邦-苗栗,2023-08-08,9657
3037,欣興,16,7,9,富邦-苗栗,2023-08-08,9657
5371,中光電,11,2,9,富邦-苗栗,2023-08-08,9657
6274,台燿,28,19,9,富邦-苗栗,2023-08-08,9657
6196,帆宣,9,0,9,富邦-苗栗,2023-08-08,9657
2376,技嘉,19,11,8,富邦-苗栗,2023-08-08,9657
00905,FT臺灣Smart,8,0,8,富邦-苗栗,2023-08-08,9657
1460,宏遠,8,0,8,富邦-苗栗,2023-08-08,9657
2337,旺宏,8,0,8,富邦-苗栗,2023-08-08,9657
8255,朋程,9,1,8,富邦-苗栗,2023-08-08,9657
9927,泰銘,8,0,8,富邦-苗栗,2023-08-08,9657
6191,精成科,10,2,8,富邦-苗栗,2023-08-08,9657
2303,聯電,18,10,8,富邦-苗栗,2023-08-08,9657
1101,台泥,7,0,7,富邦-苗栗,2023-08-08,9657
00665L,富邦�琤肭磪囓�2,47,40,7,富邦-苗栗,2023-08-08,9657
1905,華紙,8,1,7,富邦-苗栗,2023-08-08,9657
00929,復華台灣科技優息,214,1,213,富邦-苗栗,2023-08-09,9657
1616,億泰,75,0,75,富邦-苗栗,2023-08-09,9657
00931B,統一美債20年,61,0,61,富邦-苗栗,2023-08-09,9657
00900,富邦特選高股息30,57,0,57,富邦-苗栗,2023-08-09,9657
3711,日月光投控,34,0,34,富邦-苗栗,2023-08-09,9657
00878,國泰永續高股息,40,7,33,富邦-苗栗,2023-08-09,9657
2618,長榮航,36,9,27,富邦-苗栗,2023-08-09,9657
3094,聯傑,27,0,27,富邦-苗栗,2023-08-09,9657
1210,大成,23,0,23,富邦-苗栗,2023-08-09,9657
9907,統一實,24,4,20,富邦-苗栗,2023-08-09,9657
2323,中環,20,1,19,富邦-苗栗,2023-08-09,9657
3191,雲嘉南,17,0,17,富邦-苗栗,2023-08-09,9657
2027,大成鋼,16,0,16,富邦-苗栗,2023-08-09,9657
1587,吉茂,15,0,15,富邦-苗栗,2023-08-09,9657
2484,希華,15,0,15,富邦-苗栗,2023-08-09,9657
2409,友達,17,2,15,富邦-苗栗,2023-08-09,9657
3706,神達,21,7,14,富邦-苗栗,2023-08-09,9657
2356,英業達,26,12,14,富邦-苗栗,2023-08-09,9657
6223,旺矽,15,2,13,富邦-苗栗,2023-08-09,9657
6274,台燿,26,14,12,富邦-苗栗,2023-08-09,9657
3306,鼎天,13,1,12,富邦-苗栗,2023-08-09,9657
2313,華通,12,0,12,富邦-苗栗,2023-08-09,9657
2836,高雄銀,12,0,12,富邦-苗栗,2023-08-09,9657
6282,康舒,14,2,12,富邦-苗栗,2023-08-09,9657
2913,農林,23,12,11,富邦-苗栗,2023-08-09,9657
00751B,元大AAA至A公司債,11,0,11,富邦-苗栗,2023-08-09,9657
2337,旺宏,11,0,11,富邦-苗栗,2023-08-09,9657
2303,聯電,12,2,10,富邦-苗栗,2023-08-09,9657
1815,富喬,10,0,10,富邦-苗栗,2023-08-09,9657
2440,太空梭,10,0,10,富邦-苗栗,2023-08-09,9657
2801,彰銀,10,0,10,富邦-苗栗,2023-08-09,9657
3228,金麗科,10,0,10,富邦-苗栗,2023-08-09,9657
3346,麗清,14,4,10,富邦-苗栗,2023-08-09,9657
6126,信音,10,0,10,富邦-苗栗,2023-08-09,9657
00753L,中信中國50正2,9,0,9,富邦-苗栗,2023-08-09,9657
3356,奇偶,23,14,9,富邦-苗栗,2023-08-09,9657
3532,台勝科,9,0,9,富邦-苗栗,2023-08-09,9657
8076,伍豐,9,0,9,富邦-苗栗,2023-08-09,9657
9958,世紀鋼,10,1,9,富邦-苗栗,2023-08-09,9657
1605,華新,8,0,8,富邦-苗栗,2023-08-09,9657
1784,訊聯,8,0,8,富邦-苗栗,2023-08-09,9657
2497,怡利電,8,0,8,富邦-苗栗,2023-08-09,9657
6276,安鈦克,8,0,8,富邦-苗栗,2023-08-09,9657
8930,青鋼,8,0,8,富邦-苗栗,2023-08-09,9657
2002,中鋼,7,0,7,富邦-苗栗,2023-08-09,9657
2886,兆豐金,8,2,6,富邦-苗栗,2023-08-09,9657
3465,進泰電子,6,0,6,富邦-苗栗,2023-08-09,9657
6147,頎邦,6,0,6,富邦-苗栗,2023-08-09,9657
4533,協易機,6,1,5,富邦-苗栗,2023-08-09,9657
3038,全台,5,0,5,富邦-苗栗,2023-08-09,9657
2888,新光金,335,124,211,富邦-苗栗,2023-08-10,9657
00900,富邦特選高股息30,191,9,182,富邦-苗栗,2023-08-10,9657
00878,國泰永續高股息,156,30,126,富邦-苗栗,2023-08-10,9657
00929,復華台灣科技優息,186,61,125,富邦-苗栗,2023-08-10,9657
2409,友達,55,9,46,富邦-苗栗,2023-08-10,9657
1609,大亞,66,23,43,富邦-苗栗,2023-08-10,9657
6125,廣運,69,29,40,富邦-苗栗,2023-08-10,9657
3094,聯傑,40,0,40,富邦-苗栗,2023-08-10,9657
8937,合騏,35,0,35,富邦-苗栗,2023-08-10,9657
00713,元大台灣高息低波,31,0,31,富邦-苗栗,2023-08-10,9657
2382,廣達,31,7,24,富邦-苗栗,2023-08-10,9657
6282,康舒,39,14,25,富邦-苗栗,2023-08-10,9657
1605,華新,34,11,23,富邦-苗栗,2023-08-10,9657
3231,緯創,77,55,22,富邦-苗栗,2023-08-10,9657
00706L,期元大S＆P日圓正2,21,0,21,富邦-苗栗,2023-08-10,9657
6191,精成科,20,0,20,富邦-苗栗,2023-08-10,9657
3037,欣興,25,6,19,富邦-苗栗,2023-08-10,9657
2337,旺宏,18,0,18,富邦-苗栗,2023-08-10,9657
00919,群益台灣精選高息,38,20,18,富邦-苗栗,2023-08-10,9657
1815,富喬,17,0,17,富邦-苗栗,2023-08-10,9657
3625,西勝,16,0,16,富邦-苗栗,2023-08-10,9657
9941A,裕融甲特,15,0,15,富邦-苗栗,2023-08-10,9657
2027,大成鋼,14,0,14,富邦-苗栗,2023-08-10,9657
0056,元大高股息,38,25,13,富邦-苗栗,2023-08-10,9657
00882,中信中國高股息,13,0,13,富邦-苗栗,2023-08-10,9657
2497,怡利電,12,0,12,富邦-苗栗,2023-08-10,9657
4123,晟德,18,6,12,富邦-苗栗,2023-08-10,9657
2030,彰源,11,0,11,富邦-苗栗,2023-08-10,9657
3062,建漢,11,0,11,富邦-苗栗,2023-08-10,9657
3617,碩天,14,3,11,富邦-苗栗,2023-08-10,9657
2368,金像電,12,1,11,富邦-苗栗,2023-08-10,9657
2353,宏��,11,0,11,富邦-苗栗,2023-08-10,9657
00656R,國泰中國A50反1,10,0,10,富邦-苗栗,2023-08-10,9657
2515,中工,10,0,10,富邦-苗栗,2023-08-10,9657
2516,新建,10,0,10,富邦-苗栗,2023-08-10,9657
3673,TPK-KY,10,0,10,富邦-苗栗,2023-08-10,9657
4958,臻鼎-KY,10,0,10,富邦-苗栗,2023-08-10,9657
6202,盛群,10,0,10,富邦-苗栗,2023-08-10,9657
8076,伍豐,10,0,10,富邦-苗栗,2023-08-10,9657
8234,新漢,10,0,10,富邦-苗栗,2023-08-10,9657
1905,華紙,10,0,10,富邦-苗栗,2023-08-10,9657
2887,台新金,9,0,9,富邦-苗栗,2023-08-10,9657
2303,聯電,12,3,9,富邦-苗栗,2023-08-10,9657
4746,台耀,16,7,9,富邦-苗栗,2023-08-10,9657
6101,寬魚國際,10,1,9,富邦-苗栗,2023-08-10,9657
2913,農林,112,103,9,富邦-苗栗,2023-08-10,9657
2376,技嘉,10,2,8,富邦-苗栗,2023-08-10,9657
2609,陽明,12,4,8,富邦-苗栗,2023-08-10,9657
00773B,中信優先金融債,8,0,8,富邦-苗栗,2023-08-10,9657
1439,雋揚,8,0,8,富邦-苗栗,2023-08-10,9657
00687B,國泰20年美債,221,0,221,富邦-苗栗,2023-08-11,9657
2913,農林,129,2,127,富邦-苗栗,2023-08-11,9657
2323,中環,99,10,89,富邦-苗栗,2023-08-11,9657
2883,凱基金,51,1,50,富邦-苗栗,2023-08-11,9657
00931B,統一美債20年,37,0,37,富邦-苗栗,2023-08-11,9657
00929,復華台灣科技優息,37,0,37,富邦-苗栗,2023-08-11,9657
1722,台肥,31,0,31,富邦-苗栗,2023-08-11,9657
2497,怡利電,30,0,30,富邦-苗栗,2023-08-11,9657
4162,智擎,30,0,30,富邦-苗栗,2023-08-11,9657
00900,富邦特選高股息30,33,6,27,富邦-苗栗,2023-08-11,9657
2888,新光金,27,2,25,富邦-苗栗,2023-08-11,9657
2409,友達,27,3,24,富邦-苗栗,2023-08-11,9657
2329,華泰,26,2,24,富邦-苗栗,2023-08-11,9657
00923,群益台ESG低碳50,22,0,22,富邦-苗栗,2023-08-11,9657
3191,雲嘉南,22,0,22,富邦-苗栗,2023-08-11,9657
2027,大成鋼,27,6,21,富邦-苗栗,2023-08-11,9657
1460,宏遠,21,0,21,富邦-苗栗,2023-08-11,9657
00751B,元大AAA至A公司債,18,0,18,富邦-苗栗,2023-08-11,9657
2312,金寶,15,0,15,富邦-苗栗,2023-08-11,9657
1217,愛之味,14,0,14,富邦-苗栗,2023-08-11,9657
3231,緯創,62,49,13,富邦-苗栗,2023-08-11,9657
00706L,期元大S＆P日圓正2,13,0,13,富邦-苗栗,2023-08-11,9657
00632R,元大台灣50反1,15,2,13,富邦-苗栗,2023-08-11,9657
4726,永昕,21,8,13,富邦-苗栗,2023-08-11,9657
4746,台耀,13,0,13,富邦-苗栗,2023-08-11,9657
00907,永豐優息存股,12,0,12,富邦-苗栗,2023-08-11,9657
3481,群創,39,26,13,富邦-苗栗,2023-08-11,9657
00795B,中信美國公債20年,11,0,11,富邦-苗栗,2023-08-11,9657
2303,聯電,14,3,11,富邦-苗栗,2023-08-11,9657
5608,四維航,11,0,11,富邦-苗栗,2023-08-11,9657
2603,長榮,16,5,11,富邦-苗栗,2023-08-11,9657
00713,元大台灣高息低波,11,1,10,富邦-苗栗,2023-08-11,9657
00857B,永豐20年美公債,10,0,10,富邦-苗栗,2023-08-11,9657
00772B,中信高評級公司債,11,1,10,富邦-苗栗,2023-08-11,9657
3583,辛耘,16,7,9,富邦-苗栗,2023-08-11,9657
1795,美時,9,1,8,富邦-苗栗,2023-08-11,9657
3118,進階,8,0,8,富邦-苗栗,2023-08-11,9657
2104,國際中橡,8,1,7,富邦-苗栗,2023-08-11,9657
1109,信大,7,0,7,富邦-苗栗,2023-08-11,9657
3011,今皓,7,0,7,富邦-苗栗,2023-08-11,9657
3338,泰碩,8,1,7,富邦-苗栗,2023-08-11,9657
3483,力致,8,1,7,富邦-苗栗,2023-08-11,9657
3673,TPK-KY,7,0,7,富邦-苗栗,2023-08-11,9657
6122,擎邦,7,0,7,富邦-苗栗,2023-08-11,9657
8289,泰藝,7,0,7,富邦-苗栗,2023-08-11,9657
8926,台汽電,6,0,6,富邦-苗栗,2023-08-11,9657
3037,欣興,7,1,6,富邦-苗栗,2023-08-11,9657
00905,FT臺灣Smart,6,0,6,富邦-苗栗,2023-08-11,9657
2330,台積電,9,3,6,富邦-苗栗,2023-08-11,9657
6443,元晶,6,0,6,富邦-苗栗,2023-08-11,9657
00929,復華台灣科技優息,186,1,185,富邦-苗栗,2023-08-14,9657
00900,富邦特選高股息30,121,7,114,富邦-苗栗,2023-08-14,9657
00878,國泰永續高股息,108,22,86,富邦-苗栗,2023-08-14,9657
00673R,期元大S＆P原油反1,50,1,49,富邦-苗栗,2023-08-14,9657
0056,元大高股息,72,26,46,富邦-苗栗,2023-08-14,9657
2834,臺企銀,36,0,36,富邦-苗栗,2023-08-14,9657
2610,華航,53,21,32,富邦-苗栗,2023-08-14,9657
00882,中信中國高股息,30,1,29,富邦-苗栗,2023-08-14,9657
2891,中信金,30,5,25,富邦-苗栗,2023-08-14,9657
1722,台肥,25,0,25,富邦-苗栗,2023-08-14,9657
2344,華邦電,25,3,22,富邦-苗栗,2023-08-14,9657
00892,富邦台灣半導體,22,0,22,富邦-苗栗,2023-08-14,9657
2880,華南金,22,0,22,富邦-苗栗,2023-08-14,9657
1312,國喬,20,0,20,富邦-苗栗,2023-08-14,9657
3231,緯創,66,47,19,富邦-苗栗,2023-08-14,9657
4743,合一,19,1,18,富邦-苗栗,2023-08-14,9657
8930,青鋼,19,1,18,富邦-苗栗,2023-08-14,9657
4426,利勤,17,0,17,富邦-苗栗,2023-08-14,9657
1616,億泰,17,0,17,富邦-苗栗,2023-08-14,9657
00751B,元大AAA至A公司債,16,0,16,富邦-苗栗,2023-08-14,9657
2104,國際中橡,15,0,15,富邦-苗栗,2023-08-14,9657
2605,新興,15,0,15,富邦-苗栗,2023-08-14,9657
00923,群益台ESG低碳50,14,0,14,富邦-苗栗,2023-08-14,9657
3029,零壹,15,2,13,富邦-苗栗,2023-08-14,9657
3078,僑威,13,0,13,富邦-苗栗,2023-08-14,9657
2027,大成鋼,21,8,13,富邦-苗栗,2023-08-14,9657
2515,中工,13,0,13,富邦-苗栗,2023-08-14,9657
2002,中鋼,13,0,13,富邦-苗栗,2023-08-14,9657
1217,愛之味,15,3,12,富邦-苗栗,2023-08-14,9657
6446,藥華藥,11,0,11,富邦-苗栗,2023-08-14,9657
1815,富喬,12,1,11,富邦-苗栗,2023-08-14,9657
2913,農林,16,5,11,富邦-苗栗,2023-08-14,9657
8086,宏捷科,11,0,11,富邦-苗栗,2023-08-14,9657
2887,台新金,10,0,10,富邦-苗栗,2023-08-14,9657
1101,台泥,15,5,10,富邦-苗栗,2023-08-14,9657
00634R,富邦上証反1,10,0,10,富邦-苗栗,2023-08-14,9657
00922,國泰台灣領袖50,10,0,10,富邦-苗栗,2023-08-14,9657
2329,華泰,14,4,10,富邦-苗栗,2023-08-14,9657
3062,建漢,10,0,10,富邦-苗栗,2023-08-14,9657
3711,日月光投控,10,0,10,富邦-苗栗,2023-08-14,9657
3715,定穎投控,10,0,10,富邦-苗栗,2023-08-14,9657
6282,康舒,20,10,10,富邦-苗栗,2023-08-14,9657
2886,兆豐金,9,0,9,富邦-苗栗,2023-08-14,9657
00665L,富邦�琤肭磪囓�2,9,0,9,富邦-苗栗,2023-08-14,9657
2609,陽明,14,6,8,富邦-苗栗,2023-08-14,9657
8112,至上,9,1,8,富邦-苗栗,2023-08-14,9657
1402,遠東新,8,0,8,富邦-苗栗,2023-08-14,9657
1618,合機,9,1,8,富邦-苗栗,2023-08-14,9657
4746,台耀,9,1,8,富邦-苗栗,2023-08-14,9657
2881,富邦金,7,0,7,富邦-苗栗,2023-08-14,9657
00929,復華台灣科技優息,526,3,523,富邦-苗栗,2023-08-15,9657
00900,富邦特選高股息30,93,1,92,富邦-苗栗,2023-08-15,9657
2543,皇昌,90,0,90,富邦-苗栗,2023-08-15,9657
2883,凱基金,66,0,66,富邦-苗栗,2023-08-15,9657
1722,台肥,60,0,60,富邦-苗栗,2023-08-15,9657
00712,復華富時不動產,61,5,56,富邦-苗栗,2023-08-15,9657
5426,振發,50,0,50,富邦-苗栗,2023-08-15,9657
00923,群益台ESG低碳50,43,5,38,富邦-苗栗,2023-08-15,9657
00878,國泰永續高股息,48,17,31,富邦-苗栗,2023-08-15,9657
00632R,元大台灣50反1,29,0,29,富邦-苗栗,2023-08-15,9657
2834,臺企銀,26,1,25,富邦-苗栗,2023-08-15,9657
00907,永豐優息存股,24,0,24,富邦-苗栗,2023-08-15,9657
2317,鴻海,24,4,20,富邦-苗栗,2023-08-15,9657
4960,誠美材,20,0,20,富邦-苗栗,2023-08-15,9657
5425,台半,17,0,17,富邦-苗栗,2023-08-15,9657
2884,玉山金,16,1,15,富邦-苗栗,2023-08-15,9657
00673R,期元大S＆P原油反1,15,0,15,富邦-苗栗,2023-08-15,9657
1455,集盛,15,0,15,富邦-苗栗,2023-08-15,9657
4707,磐亞,13,0,13,富邦-苗栗,2023-08-15,9657
2882,國泰金,12,0,12,富邦-苗栗,2023-08-15,9657
2888,新光金,18,7,11,富邦-苗栗,2023-08-15,9657
2356,英業達,36,26,10,富邦-苗栗,2023-08-15,9657
00795B,中信美國公債20年,10,0,10,富邦-苗栗,2023-08-15,9657
00882,中信中國高股息,9,0,9,富邦-苗栗,2023-08-15,9657
00931B,統一美債20年,13,4,9,富邦-苗栗,2023-08-15,9657
2610,華航,39,30,9,富邦-苗栗,2023-08-15,9657
6153,嘉聯益,10,1,9,富邦-苗栗,2023-08-15,9657
8086,宏捷科,10,1,9,富邦-苗栗,2023-08-15,9657
2891,中信金,8,0,8,富邦-苗栗,2023-08-15,9657
2002,中鋼,8,1,7,富邦-苗栗,2023-08-15,9657
00751B,元大AAA至A公司債,7,0,7,富邦-苗栗,2023-08-15,9657
00679B,元大美債20年,7,0,7,富邦-苗栗,2023-08-15,9657
00926,凱基全球菁英55,7,0,7,富邦-苗栗,2023-08-15,9657
2440,太空梭,7,0,7,富邦-苗栗,2023-08-15,9657
2618,長榮航,22,15,7,富邦-苗栗,2023-08-15,9657
2880,華南金,20,13,7,富邦-苗栗,2023-08-15,9657
2609,陽明,13,7,6,富邦-苗栗,2023-08-15,9657
3532,台勝科,6,0,6,富邦-苗栗,2023-08-15,9657
3567,逸昌,7,1,6,富邦-苗栗,2023-08-15,9657
5009,榮剛,6,0,6,富邦-苗栗,2023-08-15,9657
8215,明基材,6,0,6,富邦-苗栗,2023-08-15,9657
2890,永豐金,6,1,5,富邦-苗栗,2023-08-15,9657
1513,中興電,12,7,5,富邦-苗栗,2023-08-15,9657
00772B,中信高評級公司債,5,0,5,富邦-苗栗,2023-08-15,9657
1342,八貫,5,0,5,富邦-苗栗,2023-08-15,9657
2457,飛宏,6,1,5,富邦-苗栗,2023-08-15,9657
2497,怡利電,10,5,5,富邦-苗栗,2023-08-15,9657
3024,憶聲,5,0,5,富邦-苗栗,2023-08-15,9657
3046,建��,5,0,5,富邦-苗栗,2023-08-15,9657
4533,協易機,25,20,5,富邦-苗栗,2023-08-15,9657
00632R,元大台灣50反1,200,0,200,富邦-苗栗,2023-08-16,9657
2867,三商壽,183,0,183,富邦-苗栗,2023-08-16,9657
00929,復華台灣科技優息,108,0,108,富邦-苗栗,2023-08-16,9657
00641R,富邦日本反1,100,0,100,富邦-苗栗,2023-08-16,9657
2913,農林,87,6,81,富邦-苗栗,2023-08-16,9657
4726,永昕,60,0,60,富邦-苗栗,2023-08-16,9657
2332,友訊,154,97,57,富邦-苗栗,2023-08-16,9657
3481,群創,58,6,52,富邦-苗栗,2023-08-16,9657
4123,晟德,52,0,52,富邦-苗栗,2023-08-16,9657
2027,大成鋼,51,2,49,富邦-苗栗,2023-08-16,9657
2363,矽統,47,5,42,富邦-苗栗,2023-08-16,9657
2002,中鋼,40,0,40,富邦-苗栗,2023-08-16,9657
00923,群益台ESG低碳50,34,0,34,富邦-苗栗,2023-08-16,9657
00900,富邦特選高股息30,40,7,33,富邦-苗栗,2023-08-16,9657
2834,臺企銀,32,0,32,富邦-苗栗,2023-08-16,9657
00882,中信中國高股息,32,1,31,富邦-苗栗,2023-08-16,9657
00878,國泰永續高股息,41,10,31,富邦-苗栗,2023-08-16,9657
2303,聯電,27,1,26,富邦-苗栗,2023-08-16,9657
2891,中信金,29,5,24,富邦-苗栗,2023-08-16,9657
2317,鴻海,31,7,24,富邦-苗栗,2023-08-16,9657
2883,凱基金,23,0,23,富邦-苗栗,2023-08-16,9657
00931B,統一美債20年,23,0,23,富邦-苗栗,2023-08-16,9657
2344,華邦電,20,1,19,富邦-苗栗,2023-08-16,9657
2884,玉山金,18,0,18,富邦-苗栗,2023-08-16,9657
2886,兆豐金,18,0,18,富邦-苗栗,2023-08-16,9657
00687B,國泰20年美債,15,0,15,富邦-苗栗,2023-08-16,9657
2497,怡利電,18,3,15,富邦-苗栗,2023-08-16,9657
4414,如興,15,0,15,富邦-苗栗,2023-08-16,9657
1301,台塑,14,0,14,富邦-苗栗,2023-08-16,9657
00679B,元大美債20年,13,0,13,富邦-苗栗,2023-08-16,9657
2892,第一金,14,1,13,富邦-苗栗,2023-08-16,9657
1101,台泥,12,0,12,富邦-苗栗,2023-08-16,9657
2440,太空梭,12,0,12,富邦-苗栗,2023-08-16,9657
1326,台化,12,0,12,富邦-苗栗,2023-08-16,9657
00680L,元大美債20正2,11,0,11,富邦-苗栗,2023-08-16,9657
3149,正達,11,0,11,富邦-苗栗,2023-08-16,9657
00673R,期元大S＆P原油反1,11,1,10,富邦-苗栗,2023-08-16,9657
00670L,富邦NASDAQ正2,10,0,10,富邦-苗栗,2023-08-16,9657
00715L,期街口布蘭特正2,10,0,10,富邦-苗栗,2023-08-16,9657
00830,國泰費城半導體,10,0,10,富邦-苗栗,2023-08-16,9657
4426,利勤,10,0,10,富邦-苗栗,2023-08-16,9657
2890,永豐金,9,0,9,富邦-苗栗,2023-08-16,9657
6116,彩晶,11,2,9,富邦-苗栗,2023-08-16,9657
2104,國際中橡,8,0,8,富邦-苗栗,2023-08-16,9657
3339,泰谷,10,2,8,富邦-苗栗,2023-08-16,9657
00772B,中信高評級公司債,8,0,8,富邦-苗栗,2023-08-16,9657
00751B,元大AAA至A公司債,7,0,7,富邦-苗栗,2023-08-16,9657
00893,國泰智能電動車,7,0,7,富邦-苗栗,2023-08-16,9657
6108,競國,7,0,7,富邦-苗栗,2023-08-16,9657
00907,永豐優息存股,7,0,7,富邦-苗栗,2023-08-16,9657
00641R,富邦日本反1,200,0,200,富邦-苗栗,2023-08-17,9657
00929,復華台灣科技優息,138,0,138,富邦-苗栗,2023-08-17,9657
00725B,國泰投資級公司債,80,0,80,富邦-苗栗,2023-08-17,9657
00671R,富邦NASDAQ反1,70,0,70,富邦-苗栗,2023-08-17,9657
2884,玉山金,60,0,60,富邦-苗栗,2023-08-17,9657
00687B,國泰20年美債,52,0,52,富邦-苗栗,2023-08-17,9657
2324,仁寶,93,50,43,富邦-苗栗,2023-08-17,9657
3231,緯創,100,60,40,富邦-苗栗,2023-08-17,9657
2812,台中銀,36,0,36,富邦-苗栗,2023-08-17,9657
00751B,元大AAA至A公司債,31,0,31,富邦-苗栗,2023-08-17,9657
2891,中信金,34,4,30,富邦-苗栗,2023-08-17,9657
00882,中信中國高股息,29,0,29,富邦-苗栗,2023-08-17,9657
1609,大亞,32,3,29,富邦-苗栗,2023-08-17,9657
2329,華泰,56,30,26,富邦-苗栗,2023-08-17,9657
4908,前鼎,24,0,24,富邦-苗栗,2023-08-17,9657
5880,合庫金,28,5,23,富邦-苗栗,2023-08-17,9657
00712,復華富時不動產,23,0,23,富邦-苗栗,2023-08-17,9657
00720B,元大投資級公司債,22,0,22,富邦-苗栗,2023-08-17,9657
9934,成霖,22,0,22,富邦-苗栗,2023-08-17,9657
2880,華南金,20,0,20,富邦-苗栗,2023-08-17,9657
2913,農林,25,5,20,富邦-苗栗,2023-08-17,9657
4167,松瑞藥,20,0,20,富邦-苗栗,2023-08-17,9657
00931B,統一美債20年,31,12,19,富邦-苗栗,2023-08-17,9657
4162,智擎,19,0,19,富邦-苗栗,2023-08-17,9657
00772B,中信高評級公司債,18,0,18,富邦-苗栗,2023-08-17,9657
3056,富華新,18,1,17,富邦-苗栗,2023-08-17,9657
1301,台塑,16,0,16,富邦-苗栗,2023-08-17,9657
00722B,群益投資級電信債,16,0,16,富邦-苗栗,2023-08-17,9657
00679B,元大美債20年,23,7,16,富邦-苗栗,2023-08-17,9657
3706,神達,66,51,15,富邦-苗栗,2023-08-17,9657
2303,聯電,21,7,14,富邦-苗栗,2023-08-17,9657
1584,精剛,14,0,14,富邦-苗栗,2023-08-17,9657
00680L,元大美債20正2,14,0,14,富邦-苗栗,2023-08-17,9657
6125,廣運,17,3,14,富邦-苗栗,2023-08-17,9657
2834,臺企銀,13,1,12,富邦-苗栗,2023-08-17,9657
2344,華邦電,13,1,12,富邦-苗栗,2023-08-17,9657
00706L,期元大S＆P日圓正2,11,0,11,富邦-苗栗,2023-08-17,9657
00923,群益台ESG低碳50,11,0,11,富邦-苗栗,2023-08-17,9657
1303,南亞,10,0,10,富邦-苗栗,2023-08-17,9657
6026,福邦證,10,0,10,富邦-苗栗,2023-08-17,9657
2317,鴻海,10,0,10,富邦-苗栗,2023-08-17,9657
00888,永豐台灣ESG,10,1,9,富邦-苗栗,2023-08-17,9657
1460,宏遠,9,0,9,富邦-苗栗,2023-08-17,9657
4934,太極,9,0,9,富邦-苗栗,2023-08-17,9657
1101,台泥,10,2,8,富邦-苗栗,2023-08-17,9657
2382,廣達,48,40,8,富邦-苗栗,2023-08-17,9657
2401,凌陽,13,5,8,富邦-苗栗,2023-08-17,9657
2104,國際中橡,8,0,8,富邦-苗栗,2023-08-17,9657
3339,泰谷,10,2,8,富邦-苗栗,2023-08-17,9657
8069,元太,9,2,7,富邦-苗栗,2023-08-17,9657
00632R,元大台灣50反1,200,0,200,富邦-苗栗,2023-08-18,9657
00882,中信中國高股息,173,8,165,富邦-苗栗,2023-08-18,9657
00929,復華台灣科技優息,130,15,115,富邦-苗栗,2023-08-18,9657
3231,緯創,142,74,68,富邦-苗栗,2023-08-18,9657
2324,仁寶,94,34,60,富邦-苗栗,2023-08-18,9657
1783,和康生,48,0,48,富邦-苗栗,2023-08-18,9657
6290,良維,45,0,45,富邦-苗栗,2023-08-18,9657
00919,群益台灣精選高息,39,1,38,富邦-苗栗,2023-08-18,9657
1101,台泥,36,3,33,富邦-苗栗,2023-08-18,9657
4726,永昕,21,0,21,富邦-苗栗,2023-08-18,9657
3711,日月光投控,20,0,20,富邦-苗栗,2023-08-18,9657
3078,僑威,23,5,18,富邦-苗栗,2023-08-18,9657
2610,華航,21,5,16,富邦-苗栗,2023-08-18,9657
00907,永豐優息存股,16,0,16,富邦-苗栗,2023-08-18,9657
2329,華泰,71,56,15,富邦-苗栗,2023-08-18,9657
2889,國票金,15,0,15,富邦-苗栗,2023-08-18,9657
5452,佶優,15,0,15,富邦-苗栗,2023-08-18,9657
2356,英業達,34,20,14,富邦-苗栗,2023-08-18,9657
00679B,元大美債20年,17,3,14,富邦-苗栗,2023-08-18,9657
1519,華城,22,8,14,富邦-苗栗,2023-08-18,9657
3715,定穎投控,16,2,14,富邦-苗栗,2023-08-18,9657
6282,康舒,18,4,14,富邦-苗栗,2023-08-18,9657
3048,益登,13,0,13,富邦-苗栗,2023-08-18,9657
3325,旭品,48,35,13,富邦-苗栗,2023-08-18,9657
00892,富邦台灣半導體,12,0,12,富邦-苗栗,2023-08-18,9657
2883,凱基金,22,10,12,富邦-苗栗,2023-08-18,9657
8050,廣積,12,0,12,富邦-苗栗,2023-08-18,9657
00665L,富邦�琤肭磪囓�2,11,0,11,富邦-苗栗,2023-08-18,9657
00717,富邦美國特別股,10,0,10,富邦-苗栗,2023-08-18,9657
00673R,期元大S＆P原油反1,10,0,10,富邦-苗栗,2023-08-18,9657
00680L,元大美債20正2,10,0,10,富邦-苗栗,2023-08-18,9657
2337,旺宏,10,0,10,富邦-苗栗,2023-08-18,9657
2344,華邦電,16,6,10,富邦-苗栗,2023-08-18,9657
2515,中工,10,0,10,富邦-苗栗,2023-08-18,9657
3356,奇偶,10,0,10,富邦-苗栗,2023-08-18,9657
3704,合勤控,14,4,10,富邦-苗栗,2023-08-18,9657
2308,台達電,10,0,10,富邦-苗栗,2023-08-18,9657
1609,大亞,31,22,9,富邦-苗栗,2023-08-18,9657
2425,承啟,9,0,9,富邦-苗栗,2023-08-18,9657
2352,佳世達,9,0,9,富邦-苗栗,2023-08-18,9657
00687B,國泰20年美債,8,0,8,富邦-苗栗,2023-08-18,9657
00923,群益台ESG低碳50,10,2,8,富邦-苗栗,2023-08-18,9657
6182,合晶,20,12,8,富邦-苗栗,2023-08-18,9657
2382,廣達,48,40,8,富邦-苗栗,2023-08-18,9657
3051,力特,11,4,7,富邦-苗栗,2023-08-18,9657
00931B,統一美債20年,7,0,7,富邦-苗栗,2023-08-18,9657
2402,毅嘉,9,2,7,富邦-苗栗,2023-08-18,9657
2618,長榮航,8,1,7,富邦-苗栗,2023-08-18,9657
6874,倍力,7,0,7,富邦-苗栗,2023-08-18,9657
1905,華紙,7,0,7,富邦-苗栗,2023-08-18,9657
00878,國泰永續高股息,136,34,102,富邦-苗栗,2023-08-21,9657
00900,富邦特選高股息30,104,4,100,富邦-苗栗,2023-08-21,9657
2359,所羅門,101,4,97,富邦-苗栗,2023-08-21,9657
00885,富邦越南,105,9,96,富邦-苗栗,2023-08-21,9657
2027,大成鋼,58,0,58,富邦-苗栗,2023-08-21,9657
2612,中航,61,11,50,富邦-苗栗,2023-08-21,9657
3706,神達,74,32,42,富邦-苗栗,2023-08-21,9657
00929,復華台灣科技優息,37,4,33,富邦-苗栗,2023-08-21,9657
8109,博大,31,0,31,富邦-苗栗,2023-08-21,9657
6167,久正,30,0,30,富邦-苗栗,2023-08-21,9657
2892,第一金,31,1,30,富邦-苗栗,2023-08-21,9657
00687B,國泰20年美債,25,0,25,富邦-苗栗,2023-08-21,9657
2515,中工,30,5,25,富邦-苗栗,2023-08-21,9657
2606,裕民,29,8,21,富邦-苗栗,2023-08-21,9657
2801,彰銀,20,0,20,富邦-苗栗,2023-08-21,9657
2611,志信,20,0,20,富邦-苗栗,2023-08-21,9657
00679B,元大美債20年,18,0,18,富邦-苗栗,2023-08-21,9657
00632R,元大台灣50反1,16,0,16,富邦-苗栗,2023-08-21,9657
3017,奇鋐,24,9,15,富邦-苗栗,2023-08-21,9657
2609,陽明,15,0,15,富邦-苗栗,2023-08-21,9657
00751B,元大AAA至A公司債,13,0,13,富邦-苗栗,2023-08-21,9657
2888,新光金,13,0,13,富邦-苗栗,2023-08-21,9657
00931B,統一美債20年,16,4,12,富邦-苗栗,2023-08-21,9657
1460,宏遠,12,0,12,富邦-苗栗,2023-08-21,9657
2457,飛宏,33,21,12,富邦-苗栗,2023-08-21,9657
2883,凱基金,11,0,11,富邦-苗栗,2023-08-21,9657
2324,仁寶,45,35,10,富邦-苗栗,2023-08-21,9657
1584,精剛,10,0,10,富邦-苗栗,2023-08-21,9657
1815,富喬,10,0,10,富邦-苗栗,2023-08-21,9657
1909,榮成,10,0,10,富邦-苗栗,2023-08-21,9657
2402,毅嘉,10,0,10,富邦-苗栗,2023-08-21,9657
3416,融程電,10,0,10,富邦-苗栗,2023-08-21,9657
4533,協易機,10,0,10,富邦-苗栗,2023-08-21,9657
6190,萬泰科,10,0,10,富邦-苗栗,2023-08-21,9657
9904,寶成,10,0,10,富邦-苗栗,2023-08-21,9657
1471,首利,9,0,9,富邦-苗栗,2023-08-21,9657
00665L,富邦�琤肭磪囓�2,8,0,8,富邦-苗栗,2023-08-21,9657
3163,波若威,30,22,8,富邦-苗栗,2023-08-21,9657
00633L,富邦上証正2,18,11,7,富邦-苗栗,2023-08-21,9657
2332,友訊,18,11,7,富邦-苗栗,2023-08-21,9657
2497,怡利電,7,0,7,富邦-苗栗,2023-08-21,9657
2634,漢翔,7,0,7,富邦-苗栗,2023-08-21,9657
3092,鴻碩,7,0,7,富邦-苗栗,2023-08-21,9657
3191,雲嘉南,7,0,7,富邦-苗栗,2023-08-21,9657
00919,群益台灣精選高息,7,0,7,富邦-苗栗,2023-08-21,9657
3056,富華新,7,0,7,富邦-苗栗,2023-08-21,9657
2014,中鴻,6,0,6,富邦-苗栗,2023-08-21,9657
2208,台船,6,0,6,富邦-苗栗,2023-08-21,9657
5371,中光電,6,0,6,富邦-苗栗,2023-08-21,9657
5880,合庫金,6,0,6,富邦-苗栗,2023-08-21,9657
2363,矽統,123,69,54,富邦-苗栗,2023-08-22,9657
2358,廷鑫,53,0,53,富邦-苗栗,2023-08-22,9657
2329,華泰,76,25,51,富邦-苗栗,2023-08-22,9657
2324,仁寶,49,12,37,富邦-苗栗,2023-08-22,9657
6125,廣運,54,19,35,富邦-苗栗,2023-08-22,9657
2344,華邦電,31,1,30,富邦-苗栗,2023-08-22,9657
1444,力麗,26,0,26,富邦-苗栗,2023-08-22,9657
2892,第一金,24,0,24,富邦-苗栗,2023-08-22,9657
00923,群益台ESG低碳50,23,0,23,富邦-苗栗,2023-08-22,9657
2002,中鋼,22,0,22,富邦-苗栗,2023-08-22,9657
00772B,中信高評級公司債,21,0,21,富邦-苗栗,2023-08-22,9657
6108,競國,21,0,21,富邦-苗栗,2023-08-22,9657
6167,久正,21,0,21,富邦-苗栗,2023-08-22,9657
00885,富邦越南,19,0,19,富邦-苗栗,2023-08-22,9657
00929,復華台灣科技優息,32,14,18,富邦-苗栗,2023-08-22,9657
2382,廣達,46,29,17,富邦-苗栗,2023-08-22,9657
2884,玉山金,18,2,16,富邦-苗栗,2023-08-22,9657
5880,合庫金,16,0,16,富邦-苗栗,2023-08-22,9657
00919,群益台灣精選高息,15,0,15,富邦-苗栗,2023-08-22,9657
3092,鴻碩,13,0,13,富邦-苗栗,2023-08-22,9657
2834,臺企銀,15,3,12,富邦-苗栗,2023-08-22,9657
00882,中信中國高股息,12,0,12,富邦-苗栗,2023-08-22,9657
1513,中興電,30,18,12,富邦-苗栗,2023-08-22,9657
2401,凌陽,73,61,12,富邦-苗栗,2023-08-22,9657
1460,宏遠,11,0,11,富邦-苗栗,2023-08-22,9657
1584,精剛,11,0,11,富邦-苗栗,2023-08-22,9657
4743,合一,10,0,10,富邦-苗栗,2023-08-22,9657
00927,群益半導體收益,10,0,10,富邦-苗栗,2023-08-22,9657
2515,中工,20,10,10,富邦-苗栗,2023-08-22,9657
3673,TPK-KY,10,0,10,富邦-苗栗,2023-08-22,9657
4906,正文,12,2,10,富邦-苗栗,2023-08-22,9657
1101,台泥,10,0,10,富邦-苗栗,2023-08-22,9657
2027,大成鋼,45,36,9,富邦-苗栗,2023-08-22,9657
3088,艾訊,9,0,9,富邦-苗栗,2023-08-22,9657
5469,瀚宇博,18,9,9,富邦-苗栗,2023-08-22,9657
3583,辛耘,23,14,9,富邦-苗栗,2023-08-22,9657
2356,英業達,16,7,9,富邦-苗栗,2023-08-22,9657
00907,永豐優息存股,8,0,8,富邦-苗栗,2023-08-22,9657
3118,進階,8,0,8,富邦-苗栗,2023-08-22,9657
2913,農林,9,1,8,富邦-苗栗,2023-08-22,9657
00712,復華富時不動產,17,10,7,富邦-苗栗,2023-08-22,9657
4979,華星光,8,1,7,富邦-苗栗,2023-08-22,9657
1605,華新,7,0,7,富邦-苗栗,2023-08-22,9657
1471,首利,18,11,7,富邦-苗栗,2023-08-22,9657
3308,聯德,14,8,6,富邦-苗栗,2023-08-22,9657
1312,國喬,6,0,6,富邦-苗栗,2023-08-22,9657
3380,明泰,9,3,6,富邦-苗栗,2023-08-22,9657
6198,瑞築,6,0,6,富邦-苗栗,2023-08-22,9657
8210,勤誠,11,5,6,富邦-苗栗,2023-08-22,9657
6275,元山,5,0,5,富邦-苗栗,2023-08-22,9657
00929,復華台灣科技優息,63,2,61,富邦-苗栗,2023-08-23,9657
2630,亞航,56,3,53,富邦-苗栗,2023-08-23,9657
00882,中信中國高股息,51,0,51,富邦-苗栗,2023-08-23,9657
2913,農林,51,4,47,富邦-苗栗,2023-08-23,9657
2323,中環,33,0,33,富邦-苗栗,2023-08-23,9657
00712,復華富時不動產,32,0,32,富邦-苗栗,2023-08-23,9657
3689,湧德,34,4,30,富邦-苗栗,2023-08-23,9657
2427,三商電,38,8,30,富邦-苗栗,2023-08-23,9657
2618,長榮航,42,19,23,富邦-苗栗,2023-08-23,9657
6108,競國,22,0,22,富邦-苗栗,2023-08-23,9657
2883,凱基金,21,0,21,富邦-苗栗,2023-08-23,9657
2002,中鋼,18,0,18,富邦-苗栗,2023-08-23,9657
6841,長佳智能,17,0,17,富邦-苗栗,2023-08-23,9657
00919,群益台灣精選高息,15,0,15,富邦-苗栗,2023-08-23,9657
6488,環球晶,15,0,15,富邦-苗栗,2023-08-23,9657
2612,中航,12,0,12,富邦-苗栗,2023-08-23,9657
3078,僑威,13,1,12,富邦-苗栗,2023-08-23,9657
2312,金寶,21,10,11,富邦-苗栗,2023-08-23,9657
00888,永豐台灣ESG,10,0,10,富邦-苗栗,2023-08-23,9657
1451,年興,10,0,10,富邦-苗栗,2023-08-23,9657
4906,正文,17,7,10,富邦-苗栗,2023-08-23,9657
1519,華城,25,16,9,富邦-苗栗,2023-08-23,9657
2515,中工,10,1,9,富邦-苗栗,2023-08-23,9657
3058,立德,10,1,9,富邦-苗栗,2023-08-23,9657
4533,協易機,10,1,9,富邦-苗栗,2023-08-23,9657
2316,楠梓電,18,10,8,富邦-苗栗,2023-08-23,9657
6264,富裔,8,0,8,富邦-苗栗,2023-08-23,9657
2421,建準,26,18,8,富邦-苗栗,2023-08-23,9657
3043,科風,7,0,7,富邦-苗栗,2023-08-23,9657
3483,力致,14,7,7,富邦-苗栗,2023-08-23,9657
1402,遠東新,6,0,6,富邦-苗栗,2023-08-23,9657
00650L,復華香港正2,6,0,6,富邦-苗栗,2023-08-23,9657
1709,和益,9,3,6,富邦-苗栗,2023-08-23,9657
2313,華通,7,1,6,富邦-苗栗,2023-08-23,9657
2425,承啟,6,0,6,富邦-苗栗,2023-08-23,9657
4123,晟德,5,0,5,富邦-苗栗,2023-08-23,9657
5388,中磊,7,2,5,富邦-苗栗,2023-08-23,9657
00931B,統一美債20年,5,0,5,富邦-苗栗,2023-08-23,9657
1312,國喬,5,0,5,富邦-苗栗,2023-08-23,9657
2014,中鴻,5,0,5,富邦-苗栗,2023-08-23,9657
2609,陽明,9,4,5,富邦-苗栗,2023-08-23,9657
2886,兆豐金,5,0,5,富邦-苗栗,2023-08-23,9657
2906,高林,5,0,5,富邦-苗栗,2023-08-23,9657
5488,松普,5,0,5,富邦-苗栗,2023-08-23,9657
8076,伍豐,5,0,5,富邦-苗栗,2023-08-23,9657
6274,台燿,13,8,5,富邦-苗栗,2023-08-23,9657
3163,波若威,22,18,4,富邦-苗栗,2023-08-23,9657
1529,樂事綠能,4,0,4,富邦-苗栗,2023-08-23,9657
1444,力麗,4,0,4,富邦-苗栗,2023-08-23,9657
00900,富邦特選高股息30,4,0,4,富邦-苗栗,2023-08-23,9657
00632R,元大台灣50反1,431,200,231,富邦-苗栗,2023-08-24,9657
00753L,中信中國50正2,130,0,130,富邦-苗栗,2023-08-24,9657
2329,華泰,182,68,114,富邦-苗栗,2023-08-24,9657
00650L,復華香港正2,100,0,100,富邦-苗栗,2023-08-24,9657
3231,緯創,145,90,55,富邦-苗栗,2023-08-24,9657
00715L,期街口布蘭特正2,55,10,45,富邦-苗栗,2023-08-24,9657
00878,國泰永續高股息,48,3,45,富邦-苗栗,2023-08-24,9657
2883,凱基金,38,2,36,富邦-苗栗,2023-08-24,9657
00919,群益台灣精選高息,32,1,31,富邦-苗栗,2023-08-24,9657
2027,大成鋼,31,0,31,富邦-苗栗,2023-08-24,9657
3706,神達,48,17,31,富邦-苗栗,2023-08-24,9657
2363,矽統,147,118,29,富邦-苗栗,2023-08-24,9657
00923,群益台ESG低碳50,37,11,26,富邦-苗栗,2023-08-24,9657
2323,中環,26,2,24,富邦-苗栗,2023-08-24,9657
2002,中鋼,33,10,23,富邦-苗栗,2023-08-24,9657
2884,玉山金,20,0,20,富邦-苗栗,2023-08-24,9657
2609,陽明,22,6,16,富邦-苗栗,2023-08-24,9657
3051,力特,16,1,15,富邦-苗栗,2023-08-24,9657
2352,佳世達,14,0,14,富邦-苗栗,2023-08-24,9657
2382,廣達,48,34,14,富邦-苗栗,2023-08-24,9657
2618,長榮航,22,8,14,富邦-苗栗,2023-08-24,9657
5452,佶優,14,0,14,富邦-苗栗,2023-08-24,9657
2332,友訊,17,4,13,富邦-苗栗,2023-08-24,9657
2419,仲琦,20,7,13,富邦-苗栗,2023-08-24,9657
2484,希華,13,0,13,富邦-苗栗,2023-08-24,9657
3511,矽瑪,12,0,12,富邦-苗栗,2023-08-24,9657
4906,正文,18,6,12,富邦-苗栗,2023-08-24,9657
2601,益航,11,0,11,富邦-苗栗,2023-08-24,9657
3715,定穎投控,24,13,11,富邦-苗栗,2023-08-24,9657
3035,智原,17,7,10,富邦-苗栗,2023-08-24,9657
2342,茂矽,10,0,10,富邦-苗栗,2023-08-24,9657
3710,連展投控,10,0,10,富邦-苗栗,2023-08-24,9657
1609,大亞,10,1,9,富邦-苗栗,2023-08-24,9657
2401,凌陽,10,1,9,富邦-苗栗,2023-08-24,9657
2539,櫻花建,9,0,9,富邦-苗栗,2023-08-24,9657
2882,國泰金,9,0,9,富邦-苗栗,2023-08-24,9657
4123,晟德,10,1,9,富邦-苗栗,2023-08-24,9657
9933,中鼎,9,0,9,富邦-苗栗,2023-08-24,9657
8050,廣積,8,0,8,富邦-苗栗,2023-08-24,9657
00900,富邦特選高股息30,12,4,8,富邦-苗栗,2023-08-24,9657
00881,國泰台灣5G+,10,3,7,富邦-苗栗,2023-08-24,9657
1815,富喬,20,13,7,富邦-苗栗,2023-08-24,9657
8027,鈦昇,8,1,7,富邦-苗栗,2023-08-24,9657
2634,漢翔,32,25,7,富邦-苗栗,2023-08-24,9657
1504,東元,8,2,6,富邦-苗栗,2023-08-24,9657
00706L,期元大S＆P日圓正2,6,0,6,富邦-苗栗,2023-08-24,9657
00733,富邦臺灣中小,6,0,6,富邦-苗栗,2023-08-24,9657
00688L,國泰20年美債正2,6,0,6,富邦-苗栗,2023-08-24,9657
3338,泰碩,6,0,6,富邦-苗栗,2023-08-24,9657
3483,力致,16,10,6,富邦-苗栗,2023-08-24,9657
00671R,富邦NASDAQ反1,400,0,400,富邦-苗栗,2023-08-25,9657
00878,國泰永續高股息,142,16,126,富邦-苗栗,2023-08-25,9657
00919,群益台灣精選高息,77,7,70,富邦-苗栗,2023-08-25,9657
3231,緯創,97,45,52,富邦-苗栗,2023-08-25,9657
2349,錸德,38,0,38,富邦-苗栗,2023-08-25,9657
0056,元大高股息,43,11,32,富邦-苗栗,2023-08-25,9657
2836,高雄銀,30,0,30,富邦-苗栗,2023-08-25,9657
2618,長榮航,43,16,27,富邦-苗栗,2023-08-25,9657
00929,復華台灣科技優息,46,19,27,富邦-苗栗,2023-08-25,9657
2382,廣達,46,21,25,富邦-苗栗,2023-08-25,9657
2027,大成鋼,26,1,25,富邦-苗栗,2023-08-25,9657
2324,仁寶,30,5,25,富邦-苗栗,2023-08-25,9657
2886,兆豐金,21,0,21,富邦-苗栗,2023-08-25,9657
3037,欣興,22,2,20,富邦-苗栗,2023-08-25,9657
1584,精剛,32,12,20,富邦-苗栗,2023-08-25,9657
2409,友達,21,1,20,富邦-苗栗,2023-08-25,9657
2303,聯電,21,4,17,富邦-苗栗,2023-08-25,9657
2330,台積電,17,0,17,富邦-苗栗,2023-08-25,9657
2356,英業達,28,12,16,富邦-苗栗,2023-08-25,9657
2634,漢翔,46,30,16,富邦-苗栗,2023-08-25,9657
5608,四維航,15,0,15,富邦-苗栗,2023-08-25,9657
2449,京元電子,35,21,14,富邦-苗栗,2023-08-25,9657
5880,合庫金,30,17,13,富邦-苗栗,2023-08-25,9657
2880,華南金,13,0,13,富邦-苗栗,2023-08-25,9657
6116,彩晶,11,0,11,富邦-苗栗,2023-08-25,9657
00903,富邦元宇宙,10,0,10,富邦-苗栗,2023-08-25,9657
00673R,期元大S＆P原油反1,10,0,10,富邦-苗栗,2023-08-25,9657
2497,怡利電,10,0,10,富邦-苗栗,2023-08-25,9657
2888,新光金,11,1,10,富邦-苗栗,2023-08-25,9657
4541,晟田,10,0,10,富邦-苗栗,2023-08-25,9657
6789,采鈺,10,0,10,富邦-苗栗,2023-08-25,9657
00713,元大台灣高息低波,10,0,10,富邦-苗栗,2023-08-25,9657
00900,富邦特選高股息30,13,4,9,富邦-苗栗,2023-08-25,9657
4167,松瑞藥,9,0,9,富邦-苗栗,2023-08-25,9657
2002,中鋼,9,0,9,富邦-苗栗,2023-08-25,9657
2301,光寶科,9,1,8,富邦-苗栗,2023-08-25,9657
2317,鴻海,12,4,8,富邦-苗栗,2023-08-25,9657
1810,和成,8,0,8,富邦-苗栗,2023-08-25,9657
4162,智擎,8,0,8,富邦-苗栗,2023-08-25,9657
00882,中信中國高股息,8,0,8,富邦-苗栗,2023-08-25,9657
00907,永豐優息存股,8,0,8,富邦-苗栗,2023-08-25,9657
00679B,元大美債20年,7,0,7,富邦-苗栗,2023-08-25,9657
2891,中信金,7,0,7,富邦-苗栗,2023-08-25,9657
3092,鴻碩,7,0,7,富邦-苗栗,2023-08-25,9657
2353,宏��,6,0,6,富邦-苗栗,2023-08-25,9657
020028,元大特選電動車N,6,0,6,富邦-苗栗,2023-08-25,9657
00858,永豐美國500大,6,0,6,富邦-苗栗,2023-08-25,9657
1409,新纖,6,0,6,富邦-苗栗,2023-08-25,9657
2323,中環,6,0,6,富邦-苗栗,2023-08-25,9657
2337,旺宏,11,5,6,富邦-苗栗,2023-08-25,9657
00665L,富邦�琤肭磪囓�2,250,0,250,富邦-苗栗,2023-08-28,9657
2349,錸德,104,0,104,富邦-苗栗,2023-08-28,9657
00929,復華台灣科技優息,111,8,103,富邦-苗栗,2023-08-28,9657
00919,群益台灣精選高息,64,7,57,富邦-苗栗,2023-08-28,9657
1522,堤維西,50,0,50,富邦-苗栗,2023-08-28,9657
2027,大成鋼,40,0,40,富邦-苗栗,2023-08-28,9657
5009,榮剛,30,0,30,富邦-苗栗,2023-08-28,9657
2388,威盛,37,16,21,富邦-苗栗,2023-08-28,9657
2405,輔信,21,0,21,富邦-苗栗,2023-08-28,9657
6789,采鈺,20,0,20,富邦-苗栗,2023-08-28,9657
2211,長榮鋼,18,0,18,富邦-苗栗,2023-08-28,9657
6168,宏齊,17,0,17,富邦-苗栗,2023-08-28,9657
1460,宏遠,16,0,16,富邦-苗栗,2023-08-28,9657
00882,中信中國高股息,15,0,15,富邦-苗栗,2023-08-28,9657
4162,智擎,14,0,14,富邦-苗栗,2023-08-28,9657
2618,長榮航,19,7,12,富邦-苗栗,2023-08-28,9657
3051,力特,14,2,12,富邦-苗栗,2023-08-28,9657
2609,陽明,12,2,10,富邦-苗栗,2023-08-28,9657
4960,誠美材,10,0,10,富邦-苗栗,2023-08-28,9657
2382,廣達,28,18,10,富邦-苗栗,2023-08-28,9657
00706L,期元大S＆P日圓正2,10,0,10,富邦-苗栗,2023-08-28,9657
3673,TPK-KY,10,0,10,富邦-苗栗,2023-08-28,9657
8076,伍豐,10,0,10,富邦-苗栗,2023-08-28,9657
5608,四維航,9,0,9,富邦-苗栗,2023-08-28,9657
2409,友達,11,2,9,富邦-苗栗,2023-08-28,9657
00900,富邦特選高股息30,12,4,8,富邦-苗栗,2023-08-28,9657
2812,台中銀,8,0,8,富邦-苗栗,2023-08-28,9657
5225,東科-KY,8,0,8,富邦-苗栗,2023-08-28,9657
3715,定穎投控,13,6,7,富邦-苗栗,2023-08-28,9657
2323,中環,7,0,7,富邦-苗栗,2023-08-28,9657
2329,華泰,8,1,7,富邦-苗栗,2023-08-28,9657
2359,所羅門,7,0,7,富邦-苗栗,2023-08-28,9657
2903,遠百,7,0,7,富邦-苗栗,2023-08-28,9657
3021,鴻名,7,0,7,富邦-苗栗,2023-08-28,9657
2488,漢平,6,0,6,富邦-苗栗,2023-08-28,9657
3465,進泰電子,6,0,6,富邦-苗栗,2023-08-28,9657
4123,晟德,6,0,6,富邦-苗栗,2023-08-28,9657
00696B,富邦美債20年,5,0,5,富邦-苗栗,2023-08-28,9657
3037,欣興,7,2,5,富邦-苗栗,2023-08-28,9657
2449,京元電子,16,11,5,富邦-苗栗,2023-08-28,9657
1402,遠東新,5,0,5,富邦-苗栗,2023-08-28,9657
00679B,元大美債20年,5,0,5,富邦-苗栗,2023-08-28,9657
2497,怡利電,5,0,5,富邦-苗栗,2023-08-28,9657
4739,康普,5,0,5,富邦-苗栗,2023-08-28,9657
8255,朋程,6,1,5,富邦-苗栗,2023-08-28,9657
6170,統振,5,0,5,富邦-苗栗,2023-08-28,9657
2882,國泰金,5,0,5,富邦-苗栗,2023-08-28,9657
00930,永豐ESG低碳高息,5,0,5,富邦-苗栗,2023-08-28,9657
3665,貿聯-KY,4,0,4,富邦-苗栗,2023-08-28,9657
1580,新麥,4,0,4,富邦-苗栗,2023-08-28,9657
00929,復華台灣科技優息,208,9,199,富邦-苗栗,2023-08-29,9657
2027,大成鋼,52,0,52,富邦-苗栗,2023-08-29,9657
2890,永豐金,37,0,37,富邦-苗栗,2023-08-29,9657
2317,鴻海,43,15,28,富邦-苗栗,2023-08-29,9657
5880,合庫金,28,0,28,富邦-苗栗,2023-08-29,9657
00753L,中信中國50正2,25,2,23,富邦-苗栗,2023-08-29,9657
3706,神達,26,5,21,富邦-苗栗,2023-08-29,9657
2303,聯電,24,6,18,富邦-苗栗,2023-08-29,9657
2002,中鋼,14,0,14,富邦-苗栗,2023-08-29,9657
2329,華泰,25,11,14,富邦-苗栗,2023-08-29,9657
4906,正文,21,7,14,富邦-苗栗,2023-08-29,9657
8222,寶一,21,7,14,富邦-苗栗,2023-08-29,9657
1471,首利,22,9,13,富邦-苗栗,2023-08-29,9657
2887,台新金,12,0,12,富邦-苗栗,2023-08-29,9657
4960,誠美材,10,0,10,富邦-苗栗,2023-08-29,9657
2484,希華,10,0,10,富邦-苗栗,2023-08-29,9657
2630,亞航,15,5,10,富邦-苗栗,2023-08-29,9657
3231,緯創,49,39,10,富邦-苗栗,2023-08-29,9657
00878,國泰永續高股息,9,0,9,富邦-苗栗,2023-08-29,9657
3481,群創,11,4,7,富邦-苗栗,2023-08-29,9657
3051,力特,12,5,7,富邦-苗栗,2023-08-29,9657
5009,榮剛,37,30,7,富邦-苗栗,2023-08-29,9657
9945,潤泰新,13,6,7,富邦-苗栗,2023-08-29,9657
2402,毅嘉,10,5,5,富邦-苗栗,2023-08-29,9657
2888,新光金,7,2,5,富邦-苗栗,2023-08-29,9657
3528,安馳,5,0,5,富邦-苗栗,2023-08-29,9657
6142,友勁,5,0,5,富邦-苗栗,2023-08-29,9657
6446,藥華藥,6,1,5,富邦-苗栗,2023-08-29,9657
6548,長科*,5,0,5,富邦-苗栗,2023-08-29,9657
6443,元晶,10,5,5,富邦-苗栗,2023-08-29,9657
6770,力積電,5,1,4,富邦-苗栗,2023-08-29,9657
2301,光寶科,4,0,4,富邦-苗栗,2023-08-29,9657
1810,和成,5,1,4,富邦-苗栗,2023-08-29,9657
2421,建準,6,2,4,富邦-苗栗,2023-08-29,9657
00885,富邦越南,4,0,4,富邦-苗栗,2023-08-29,9657
00724B,群益投資級金融債,4,0,4,富邦-苗栗,2023-08-29,9657
2312,金寶,4,0,4,富邦-苗栗,2023-08-29,9657
3704,合勤控,4,0,4,富邦-苗栗,2023-08-29,9657
5340,建榮,4,0,4,富邦-苗栗,2023-08-29,9657
2332,友訊,17,13,4,富邦-苗栗,2023-08-29,9657
2409,友達,4,0,4,富邦-苗栗,2023-08-29,9657
00720B,元大投資級公司債,3,0,3,富邦-苗栗,2023-08-29,9657
8033,雷虎,3,0,3,富邦-苗栗,2023-08-29,9657
3583,辛耘,4,1,3,富邦-苗栗,2023-08-29,9657
2615,萬海,3,0,3,富邦-苗栗,2023-08-29,9657
3548,兆利,3,0,3,富邦-苗栗,2023-08-29,9657
1612,宏泰,4,1,3,富邦-苗栗,2023-08-29,9657
1905,華紙,14,11,3,富邦-苗栗,2023-08-29,9657
2609,陽明,7,4,3,富邦-苗栗,2023-08-29,9657
4510,高鋒,3,0,3,富邦-苗栗,2023-08-29,9657
00665L,富邦�琤肭磪囓�2,230,0,230,富邦-苗栗,2023-08-30,9657
00637L,元大滬深300正2,140,0,140,富邦-苗栗,2023-08-30,9657
2359,所羅門,90,1,89,富邦-苗栗,2023-08-30,9657
2485,兆赫,55,8,47,富邦-苗栗,2023-08-30,9657
2610,華航,40,7,33,富邦-苗栗,2023-08-30,9657
2892,第一金,29,0,29,富邦-苗栗,2023-08-30,9657
00753L,中信中國50正2,27,0,27,富邦-苗栗,2023-08-30,9657
2352,佳世達,26,0,26,富邦-苗栗,2023-08-30,9657
00919,群益台灣精選高息,27,2,25,富邦-苗栗,2023-08-30,9657
3051,力特,24,3,21,富邦-苗栗,2023-08-30,9657
00722B,群益投資級電信債,20,0,20,富邦-苗栗,2023-08-30,9657
2890,永豐金,20,0,20,富邦-苗栗,2023-08-30,9657
6117,迎廣,22,2,20,富邦-苗栗,2023-08-30,9657
3481,群創,23,4,19,富邦-苗栗,2023-08-30,9657
00830,國泰費城半導體,27,9,18,富邦-苗栗,2023-08-30,9657
4162,智擎,26,9,17,富邦-苗栗,2023-08-30,9657
4207,環泰,14,0,14,富邦-苗栗,2023-08-30,9657
4726,永昕,21,7,14,富邦-苗栗,2023-08-30,9657
2344,華邦電,38,25,13,富邦-苗栗,2023-08-30,9657
2618,長榮航,25,14,11,富邦-苗栗,2023-08-30,9657
4142,國光生,13,2,11,富邦-苗栗,2023-08-30,9657
6116,彩晶,11,0,11,富邦-苗栗,2023-08-30,9657
1217,愛之味,12,2,10,富邦-苗栗,2023-08-30,9657
1456,怡華,10,0,10,富邦-苗栗,2023-08-30,9657
00882,中信中國高股息,10,1,9,富邦-苗栗,2023-08-30,9657
2888,新光金,11,2,9,富邦-苗栗,2023-08-30,9657
6282,康舒,8,0,8,富邦-苗栗,2023-08-30,9657
2634,漢翔,20,12,8,富邦-苗栗,2023-08-30,9657
2027,大成鋼,8,0,8,富邦-苗栗,2023-08-30,9657
8070,長華*,8,0,8,富邦-苗栗,2023-08-30,9657
8050,廣積,7,0,7,富邦-苗栗,2023-08-30,9657
2301,光寶科,8,1,7,富邦-苗栗,2023-08-30,9657
1591,駿吉-KY,7,0,7,富邦-苗栗,2023-08-30,9657
2723,美食-KY,7,0,7,富邦-苗栗,2023-08-30,9657
3325,旭品,20,13,7,富邦-苗栗,2023-08-30,9657
4128,中天,16,9,7,富邦-苗栗,2023-08-30,9657
5009,榮剛,36,30,6,富邦-苗栗,2023-08-30,9657
8210,勤誠,13,7,6,富邦-苗栗,2023-08-30,9657
00902,中信電池及儲能,5,0,5,富邦-苗栗,2023-08-30,9657
1227,佳格,5,0,5,富邦-苗栗,2023-08-30,9657
2324,仁寶,7,2,5,富邦-苗栗,2023-08-30,9657
3022,威強電,5,0,5,富邦-苗栗,2023-08-30,9657
3071,協禧,5,0,5,富邦-苗栗,2023-08-30,9657
5301,寶得利,5,0,5,富邦-苗栗,2023-08-30,9657
8215,明基材,5,0,5,富邦-苗栗,2023-08-30,9657
3011,今皓,6,2,4,富邦-苗栗,2023-08-30,9657
3617,碩天,4,0,4,富邦-苗栗,2023-08-30,9657
2387,精元,4,0,4,富邦-苗栗,2023-08-30,9657
3450,聯鈞,5,1,4,富邦-苗栗,2023-08-30,9657
4154,樂威科-KY,4,0,4,富邦-苗栗,2023-08-30,9657
00919,群益台灣精選高息,159,6,153,富邦-苗栗,2023-08-31,9657
00929,復華台灣科技優息,69,16,53,富邦-苗栗,2023-08-31,9657
2892,第一金,41,0,41,富邦-苗栗,2023-08-31,9657
2515,中工,36,0,36,富邦-苗栗,2023-08-31,9657
2022,聚亨,24,0,24,富邦-苗栗,2023-08-31,9657
8277,商丞,20,0,20,富邦-苗栗,2023-08-31,9657
3042,晶技,20,0,20,富邦-苗栗,2023-08-31,9657
8213,志超,20,1,19,富邦-苗栗,2023-08-31,9657
6126,信音,17,0,17,富邦-苗栗,2023-08-31,9657
2414,精技,17,2,15,富邦-苗栗,2023-08-31,9657
3706,神達,19,4,15,富邦-苗栗,2023-08-31,9657
2324,仁寶,20,6,14,富邦-苗栗,2023-08-31,9657
2884,玉山金,12,1,11,富邦-苗栗,2023-08-31,9657
2330,台積電,11,0,11,富邦-苗栗,2023-08-31,9657
2461,光群雷,10,0,10,富邦-苗栗,2023-08-31,9657
3176,基亞,10,0,10,富邦-苗栗,2023-08-31,9657
2610,華航,26,17,9,富邦-苗栗,2023-08-31,9657
4147,中裕,11,2,9,富邦-苗栗,2023-08-31,9657
2303,聯電,11,2,9,富邦-苗栗,2023-08-31,9657
2834,臺企銀,9,0,9,富邦-苗栗,2023-08-31,9657
2890,永豐金,9,0,9,富邦-苗栗,2023-08-31,9657
00885,富邦越南,8,0,8,富邦-苗栗,2023-08-31,9657
1802,台玻,9,1,8,富邦-苗栗,2023-08-31,9657
2881,富邦金,8,0,8,富邦-苗栗,2023-08-31,9657
2485,兆赫,25,18,7,富邦-苗栗,2023-08-31,9657
00923,群益台ESG低碳50,7,0,7,富邦-苗栗,2023-08-31,9657
1737,臺鹽,10,3,7,富邦-苗栗,2023-08-31,9657
4743,合一,9,2,7,富邦-苗栗,2023-08-31,9657
6770,力積電,18,11,7,富邦-苗栗,2023-08-31,9657
2887,台新金,7,1,6,富邦-苗栗,2023-08-31,9657
2323,中環,6,0,6,富邦-苗栗,2023-08-31,9657
2812,台中銀,6,0,6,富邦-苗栗,2023-08-31,9657
4726,永昕,7,1,6,富邦-苗栗,2023-08-31,9657
5469,瀚宇博,6,0,6,富邦-苗栗,2023-08-31,9657
9907,統一實,6,0,6,富邦-苗栗,2023-08-31,9657
2201,裕隆,15,9,6,富邦-苗栗,2023-08-31,9657
3023,信邦,5,0,5,富邦-苗栗,2023-08-31,9657
00877,復華中國5G,5,0,5,富邦-苗栗,2023-08-31,9657
00751B,元大AAA至A公司債,5,0,5,富邦-苗栗,2023-08-31,9657
1303,南亞,5,0,5,富邦-苗栗,2023-08-31,9657
2367,燿華,23,18,5,富邦-苗栗,2023-08-31,9657
2495,普安,5,0,5,富邦-苗栗,2023-08-31,9657
5371,中光電,8,3,5,富邦-苗栗,2023-08-31,9657
6270,倍微,5,0,5,富邦-苗栗,2023-08-31,9657
6548,長科*,5,0,5,富邦-苗栗,2023-08-31,9657
2436,偉詮電,14,9,5,富邦-苗栗,2023-08-31,9657
2002,中鋼,4,0,4,富邦-苗栗,2023-08-31,9657
5880,合庫金,5,1,4,富邦-苗栗,2023-08-31,9657
1795,美時,5,1,4,富邦-苗栗,2023-08-31,9657
2105,正新,4,0,4,富邦-苗栗,2023-08-31,9657
00929,復華台灣科技優息,181,3,178,富邦-苗栗,2023-09-01,9657
00919,群益台灣精選高息,152,20,132,富邦-苗栗,2023-09-01,9657
00932,兆豐永續高息等權,69,2,67,富邦-苗栗,2023-09-01,9657
00878,國泰永續高股息,63,6,57,富邦-苗栗,2023-09-01,9657
3231,緯創,89,46,43,富邦-苗栗,2023-09-01,9657
2359,所羅門,41,4,37,富邦-苗栗,2023-09-01,9657
2515,中工,33,0,33,富邦-苗栗,2023-09-01,9657
00900,富邦特選高股息30,30,0,30,富邦-苗栗,2023-09-01,9657
2390,云辰,25,1,24,富邦-苗栗,2023-09-01,9657
2027,大成鋼,22,1,21,富邦-苗栗,2023-09-01,9657
2002,中鋼,38,17,21,富邦-苗栗,2023-09-01,9657
00885,富邦越南,21,0,21,富邦-苗栗,2023-09-01,9657
1471,首利,26,5,21,富邦-苗栗,2023-09-01,9657
3706,神達,23,2,21,富邦-苗栗,2023-09-01,9657
00673R,期元大S＆P原油反1,56,36,20,富邦-苗栗,2023-09-01,9657
00720B,元大投資級公司債,20,0,20,富邦-苗栗,2023-09-01,9657
2485,兆赫,25,6,19,富邦-苗栗,2023-09-01,9657
8069,元太,20,1,19,富邦-苗栗,2023-09-01,9657
6547,高端疫苗,37,21,16,富邦-苗栗,2023-09-01,9657
6282,康舒,24,8,16,富邦-苗栗,2023-09-01,9657
2892,第一金,15,0,15,富邦-苗栗,2023-09-01,9657
2323,中環,12,0,12,富邦-苗栗,2023-09-01,9657
2324,仁寶,13,1,12,富邦-苗栗,2023-09-01,9657
2353,宏��,12,0,12,富邦-苗栗,2023-09-01,9657
6188,廣明,11,0,11,富邦-苗栗,2023-09-01,9657
6446,藥華藥,11,0,11,富邦-苗栗,2023-09-01,9657
2402,毅嘉,28,17,11,富邦-苗栗,2023-09-01,9657
2891,中信金,11,0,11,富邦-苗栗,2023-09-01,9657
2355,敬鵬,12,1,11,富邦-苗栗,2023-09-01,9657
3481,群創,13,2,11,富邦-苗栗,2023-09-01,9657
2883,凱基金,11,0,11,富邦-苗栗,2023-09-01,9657
00894,中信小資高價30,10,0,10,富邦-苗栗,2023-09-01,9657
00712,復華富時不動產,10,0,10,富邦-苗栗,2023-09-01,9657
1444,力麗,10,0,10,富邦-苗栗,2023-09-01,9657
2468,華經,10,0,10,富邦-苗栗,2023-09-01,9657
3176,基亞,10,0,10,富邦-苗栗,2023-09-01,9657
4909,新復興,12,2,10,富邦-苗栗,2023-09-01,9657
8933,愛地雅,10,0,10,富邦-苗栗,2023-09-01,9657
2888,新光金,9,0,9,富邦-苗栗,2023-09-01,9657
1519,華城,14,5,9,富邦-苗栗,2023-09-01,9657
6191,精成科,9,0,9,富邦-苗栗,2023-09-01,9657
2382,廣達,14,5,9,富邦-苗栗,2023-09-01,9657
3011,今皓,12,3,9,富邦-苗栗,2023-09-01,9657
1217,愛之味,10,3,7,富邦-苗栗,2023-09-01,9657
3042,晶技,9,2,7,富邦-苗栗,2023-09-01,9657
5371,中光電,7,0,7,富邦-苗栗,2023-09-01,9657
2376,技嘉,16,9,7,富邦-苗栗,2023-09-01,9657
2206,三陽工業,9,3,6,富邦-苗栗,2023-09-01,9657
00931B,統一美債20年,6,0,6,富邦-苗栗,2023-09-01,9657
2426,鼎元,6,0,6,富邦-苗栗,2023-09-01,9657
00665L,富邦�琤肭磪囓�2,400,0,400,富邦-苗栗,2023-09-04,9657
00725B,國泰投資級公司債,120,0,120,富邦-苗栗,2023-09-04,9657
2303,聯電,112,14,98,富邦-苗栗,2023-09-04,9657
00919,群益台灣精選高息,66,21,45,富邦-苗栗,2023-09-04,9657
2515,中工,40,1,39,富邦-苗栗,2023-09-04,9657
2409,友達,40,2,38,富邦-苗栗,2023-09-04,9657
2488,漢平,27,0,27,富邦-苗栗,2023-09-04,9657
1560,中砂,25,0,25,富邦-苗栗,2023-09-04,9657
00713,元大台灣高息低波,24,0,24,富邦-苗栗,2023-09-04,9657
1326,台化,20,0,20,富邦-苗栗,2023-09-04,9657
2329,華泰,21,3,18,富邦-苗栗,2023-09-04,9657
2363,矽統,43,25,18,富邦-苗栗,2023-09-04,9657
00679B,元大美債20年,17,0,17,富邦-苗栗,2023-09-04,9657
2371,大同,30,13,17,富邦-苗栗,2023-09-04,9657
2027,大成鋼,17,0,17,富邦-苗栗,2023-09-04,9657
2323,中環,15,0,15,富邦-苗栗,2023-09-04,9657
6282,康舒,19,5,14,富邦-苗栗,2023-09-04,9657
3228,金麗科,13,1,12,富邦-苗栗,2023-09-04,9657
3706,神達,14,2,12,富邦-苗栗,2023-09-04,9657
2331,精英,14,2,12,富邦-苗栗,2023-09-04,9657
2337,旺宏,14,2,12,富邦-苗栗,2023-09-04,9657
00720B,元大投資級公司債,11,0,11,富邦-苗栗,2023-09-04,9657
00931B,統一美債20年,13,3,10,富邦-苗栗,2023-09-04,9657
5488,松普,10,0,10,富邦-苗栗,2023-09-04,9657
6182,合晶,15,5,10,富邦-苗栗,2023-09-04,9657
4162,智擎,9,0,9,富邦-苗栗,2023-09-04,9657
00878,國泰永續高股息,23,14,9,富邦-苗栗,2023-09-04,9657
1802,台玻,45,36,9,富邦-苗栗,2023-09-04,9657
2206,三陽工業,9,1,8,富邦-苗栗,2023-09-04,9657
2881,富邦金,8,1,7,富邦-苗栗,2023-09-04,9657
4128,中天,10,3,7,富邦-苗栗,2023-09-04,9657
00795B,中信美國公債20年,7,0,7,富邦-苗栗,2023-09-04,9657
2543,皇昌,7,0,7,富邦-苗栗,2023-09-04,9657
3481,群創,7,1,6,富邦-苗栗,2023-09-04,9657
2492,華新科,9,3,6,富邦-苗栗,2023-09-04,9657
00673R,期元大S＆P原油反1,10,4,6,富邦-苗栗,2023-09-04,9657
00687B,國泰20年美債,6,0,6,富邦-苗栗,2023-09-04,9657
6603,富強鑫,6,0,6,富邦-苗栗,2023-09-04,9657
9919,康那香,8,2,6,富邦-苗栗,2023-09-04,9657
3715,定穎投控,24,18,6,富邦-苗栗,2023-09-04,9657
2816,旺旺保,8,2,6,富邦-苗栗,2023-09-04,9657
00751B,元大AAA至A公司債,5,0,5,富邦-苗栗,2023-09-04,9657
5381,合正,12,7,5,富邦-苗栗,2023-09-04,9657
00850,元大臺灣ESG永續,5,0,5,富邦-苗栗,2023-09-04,9657
1444,力麗,5,0,5,富邦-苗栗,2023-09-04,9657
2352,佳世達,6,1,5,富邦-苗栗,2023-09-04,9657
2701,萬企,5,0,5,富邦-苗栗,2023-09-04,9657
4123,晟德,5,0,5,富邦-苗栗,2023-09-04,9657
4129,聯合,5,0,5,富邦-苗栗,2023-09-04,9657
4306,炎洲,5,0,5,富邦-苗栗,2023-09-04,9657
00929,復華台灣科技優息,215,24,191,富邦-苗栗,2023-09-05,9657
00919,群益台灣精選高息,141,29,112,富邦-苗栗,2023-09-05,9657
00713,元大台灣高息低波,87,0,87,富邦-苗栗,2023-09-05,9657
2515,中工,62,0,62,富邦-苗栗,2023-09-05,9657
00915,凱基優選高股息30,51,0,51,富邦-苗栗,2023-09-05,9657
2436,偉詮電,80,45,35,富邦-苗栗,2023-09-05,9657
9904,寶成,31,0,31,富邦-苗栗,2023-09-05,9657
6160,欣技,31,1,30,富邦-苗栗,2023-09-05,9657
2634,漢翔,27,0,27,富邦-苗栗,2023-09-05,9657
00690,兆豐藍籌30,20,0,20,富邦-苗栗,2023-09-05,9657
2324,仁寶,22,2,20,富邦-苗栗,2023-09-05,9657
2402,毅嘉,25,5,20,富邦-苗栗,2023-09-05,9657
3094,聯傑,20,0,20,富邦-苗栗,2023-09-05,9657
00931B,統一美債20年,19,0,19,富邦-苗栗,2023-09-05,9657
6282,康舒,26,8,18,富邦-苗栗,2023-09-05,9657
4743,合一,17,0,17,富邦-苗栗,2023-09-05,9657
2409,友達,17,1,16,富邦-苗栗,2023-09-05,9657
2618,長榮航,19,3,16,富邦-苗栗,2023-09-05,9657
00680L,元大美債20正2,15,0,15,富邦-苗栗,2023-09-05,9657
2497,怡利電,17,2,15,富邦-苗栗,2023-09-05,9657
3034,聯詠,17,2,15,富邦-苗栗,2023-09-05,9657
6235,華孚,22,8,14,富邦-苗栗,2023-09-05,9657
6531,愛普*,20,6,14,富邦-苗栗,2023-09-05,9657
4162,智擎,13,0,13,富邦-苗栗,2023-09-05,9657
2388,威盛,20,9,11,富邦-苗栗,2023-09-05,9657
00932,兆豐永續高息等權,16,6,10,富邦-苗栗,2023-09-05,9657
2405,輔信,10,0,10,富邦-苗栗,2023-09-05,9657
2440,太空梭,10,0,10,富邦-苗栗,2023-09-05,9657
6167,久正,10,0,10,富邦-苗栗,2023-09-05,9657
9103,美德醫療-DR,10,0,10,富邦-苗栗,2023-09-05,9657
3051,力特,49,39,10,富邦-苗栗,2023-09-05,9657
2610,華航,10,1,9,富邦-苗栗,2023-09-05,9657
00712,復華富時不動產,10,1,9,富邦-苗栗,2023-09-05,9657
2312,金寶,46,38,8,富邦-苗栗,2023-09-05,9657
3706,神達,8,0,8,富邦-苗栗,2023-09-05,9657
4543,萬在,8,0,8,富邦-苗栗,2023-09-05,9657
5347,世界,9,2,7,富邦-苗栗,2023-09-05,9657
1616,億泰,7,0,7,富邦-苗栗,2023-09-05,9657
3036,文曄,7,0,7,富邦-苗栗,2023-09-05,9657
6156,松上,7,0,7,富邦-苗栗,2023-09-05,9657
2383,台光電,9,2,7,富邦-苗栗,2023-09-05,9657
3481,群創,9,2,7,富邦-苗栗,2023-09-05,9657
2357,華碩,8,2,6,富邦-苗栗,2023-09-05,9657
2369,菱生,6,0,6,富邦-苗栗,2023-09-05,9657
5351,鈺創,8,2,6,富邦-苗栗,2023-09-05,9657
2881,富邦金,6,0,6,富邦-苗栗,2023-09-05,9657
1101,台泥,5,0,5,富邦-苗栗,2023-09-05,9657
00720B,元大投資級公司債,6,1,5,富邦-苗栗,2023-09-05,9657
00687B,國泰20年美債,5,0,5,富邦-苗栗,2023-09-05,9657
2328,廣宇,6,1,5,富邦-苗栗,2023-09-05,9657
00929,復華台灣科技優息,314,90,224,富邦-苗栗,2023-09-06,9657
00919,群益台灣精選高息,237,43,194,富邦-苗栗,2023-09-06,9657
2884,玉山金,128,36,92,富邦-苗栗,2023-09-06,9657
2409,友達,64,7,57,富邦-苗栗,2023-09-06,9657
00918,大華優利高填息30,54,0,54,富邦-苗栗,2023-09-06,9657
2363,矽統,125,75,50,富邦-苗栗,2023-09-06,9657
00673R,期元大S＆P原油反1,44,0,44,富邦-苗栗,2023-09-06,9657
00931B,統一美債20年,39,0,39,富邦-苗栗,2023-09-06,9657
2880,華南金,40,1,39,富邦-苗栗,2023-09-06,9657
3481,群創,40,7,33,富邦-苗栗,2023-09-06,9657
3051,力特,35,3,32,富邦-苗栗,2023-09-06,9657
5272,笙科,30,0,30,富邦-苗栗,2023-09-06,9657
5009,榮剛,32,10,22,富邦-苗栗,2023-09-06,9657
2885,元大金,20,0,20,富邦-苗栗,2023-09-06,9657
3625,西勝,20,0,20,富邦-苗栗,2023-09-06,9657
6167,久正,20,0,20,富邦-苗栗,2023-09-06,9657
6282,康舒,32,12,20,富邦-苗栗,2023-09-06,9657
2201,裕隆,23,4,19,富邦-苗栗,2023-09-06,9657
2883,凱基金,18,0,18,富邦-苗栗,2023-09-06,9657
00720B,元大投資級公司債,18,0,18,富邦-苗栗,2023-09-06,9657
4933,友輝,18,0,18,富邦-苗栗,2023-09-06,9657
1101,台泥,17,0,17,富邦-苗栗,2023-09-06,9657
00772B,中信高評級公司債,16,0,16,富邦-苗栗,2023-09-06,9657
00679B,元大美債20年,15,0,15,富邦-苗栗,2023-09-06,9657
00907,永豐優息存股,15,0,15,富邦-苗栗,2023-09-06,9657
1603,華電,15,0,15,富邦-苗栗,2023-09-06,9657
00757,統一FANG+,14,0,14,富邦-苗栗,2023-09-06,9657
00632R,元大台灣50反1,14,0,14,富邦-苗栗,2023-09-06,9657
3591,艾笛森,14,0,14,富邦-苗栗,2023-09-06,9657
00932,兆豐永續高息等權,13,0,13,富邦-苗栗,2023-09-06,9657
5381,合正,20,7,13,富邦-苗栗,2023-09-06,9657
00712,復華富時不動產,17,5,12,富邦-苗栗,2023-09-06,9657
4906,正文,16,4,12,富邦-苗栗,2023-09-06,9657
00773B,中信優先金融債,11,0,11,富邦-苗栗,2023-09-06,9657
00665L,富邦�琤肭磪囓�2,11,0,11,富邦-苗栗,2023-09-06,9657
00921,兆豐龍頭等權重,11,0,11,富邦-苗栗,2023-09-06,9657
6264,富裔,11,0,11,富邦-苗栗,2023-09-06,9657
9958,世紀鋼,11,0,11,富邦-苗栗,2023-09-06,9657
00923,群益台ESG低碳50,11,0,11,富邦-苗栗,2023-09-06,9657
2468,華經,10,0,10,富邦-苗栗,2023-09-06,9657
00671R,富邦NASDAQ反1,10,0,10,富邦-苗栗,2023-09-06,9657
00639,富邦深100,10,0,10,富邦-苗栗,2023-09-06,9657
2515,中工,10,0,10,富邦-苗栗,2023-09-06,9657
6770,力積電,13,4,9,富邦-苗栗,2023-09-06,9657
2498,宏達電,16,7,9,富邦-苗栗,2023-09-06,9657
3056,富華新,9,0,9,富邦-苗栗,2023-09-06,9657
6684,安格,10,1,9,富邦-苗栗,2023-09-06,9657
2892,第一金,9,0,9,富邦-苗栗,2023-09-06,9657
6147,頎邦,12,4,8,富邦-苗栗,2023-09-06,9657
3163,波若威,13,5,8,富邦-苗栗,2023-09-06,9657
00932,兆豐永續高息等權,138,0,138,富邦-苗栗,2023-09-07,9657
00919,群益台灣精選高息,134,16,118,富邦-苗栗,2023-09-07,9657
00929,復華台灣科技優息,248,131,117,富邦-苗栗,2023-09-07,9657
1524,耿鼎,72,2,70,富邦-苗栗,2023-09-07,9657
00915,凱基優選高股息30,75,8,67,富邦-苗栗,2023-09-07,9657
2409,友達,57,5,52,富邦-苗栗,2023-09-07,9657
2356,英業達,45,1,44,富邦-苗栗,2023-09-07,9657
9904,寶成,42,0,42,富邦-苗栗,2023-09-07,9657
2884,玉山金,53,11,42,富邦-苗栗,2023-09-07,9657
6684,安格,40,10,30,富邦-苗栗,2023-09-07,9657
3704,合勤控,37,11,26,富邦-苗栗,2023-09-07,9657
5381,合正,23,1,22,富邦-苗栗,2023-09-07,9657
00673R,期元大S＆P原油反1,20,0,20,富邦-苗栗,2023-09-07,9657
1218,泰山,20,0,20,富邦-苗栗,2023-09-07,9657
3094,聯傑,20,0,20,富邦-苗栗,2023-09-07,9657
5272,笙科,23,3,20,富邦-苗栗,2023-09-07,9657
6163,華電網,20,0,20,富邦-苗栗,2023-09-07,9657
6789,采鈺,20,0,20,富邦-苗栗,2023-09-07,9657
2610,華航,20,2,18,富邦-苗栗,2023-09-07,9657
4533,協易機,29,12,17,富邦-苗栗,2023-09-07,9657
00923,群益台ESG低碳50,19,2,17,富邦-苗栗,2023-09-07,9657
00712,復華富時不動產,17,0,17,富邦-苗栗,2023-09-07,9657
00918,大華優利高填息30,16,0,16,富邦-苗栗,2023-09-07,9657
2330,台積電,16,2,14,富邦-苗栗,2023-09-07,9657
2812,台中銀,12,0,12,富邦-苗栗,2023-09-07,9657
8112,至上,27,14,13,富邦-苗栗,2023-09-07,9657
2323,中環,12,0,12,富邦-苗栗,2023-09-07,9657
00795B,中信美國公債20年,11,0,11,富邦-苗栗,2023-09-07,9657
2402,毅嘉,25,14,11,富邦-苗栗,2023-09-07,9657
6213,聯茂,11,0,11,富邦-苗栗,2023-09-07,9657
00720B,元大投資級公司債,10,0,10,富邦-苗栗,2023-09-07,9657
00639,富邦深100,10,0,10,富邦-苗栗,2023-09-07,9657
00894,中信小資高價30,10,0,10,富邦-苗栗,2023-09-07,9657
00857B,永豐20年美公債,10,0,10,富邦-苗栗,2023-09-07,9657
3078,僑威,15,5,10,富邦-苗栗,2023-09-07,9657
5009,榮剛,10,0,10,富邦-苗栗,2023-09-07,9657
2449,京元電子,11,2,9,富邦-苗栗,2023-09-07,9657
1101,台泥,9,0,9,富邦-苗栗,2023-09-07,9657
3363,上詮,15,6,9,富邦-苗栗,2023-09-07,9657
3481,群創,30,21,9,富邦-苗栗,2023-09-07,9657
1513,中興電,9,0,9,富邦-苗栗,2023-09-07,9657
2002,中鋼,8,0,8,富邦-苗栗,2023-09-07,9657
00772B,中信高評級公司債,15,7,8,富邦-苗栗,2023-09-07,9657
4919,新唐,8,1,7,富邦-苗栗,2023-09-07,9657
2482,連宇,7,0,7,富邦-苗栗,2023-09-07,9657
6188,廣明,6,0,6,富邦-苗栗,2023-09-07,9657
2606,裕民,6,0,6,富邦-苗栗,2023-09-07,9657
2845,遠東銀,6,0,6,富邦-苗栗,2023-09-07,9657
3465,進泰電子,6,0,6,富邦-苗栗,2023-09-07,9657
5608,四維航,6,0,6,富邦-苗栗,2023-09-07,9657
00671R,富邦NASDAQ反1,428,0,428,富邦-苗栗,2023-09-08,9657
00632R,元大台灣50反1,301,0,301,富邦-苗栗,2023-09-08,9657
00919,群益台灣精選高息,285,90,195,富邦-苗栗,2023-09-08,9657
00929,復華台灣科技優息,190,23,167,富邦-苗栗,2023-09-08,9657
2884,玉山金,127,1,126,富邦-苗栗,2023-09-08,9657
2392,正崴,73,0,73,富邦-苗栗,2023-09-08,9657
1524,耿鼎,69,9,60,富邦-苗栗,2023-09-08,9657
2610,華航,60,5,55,富邦-苗栗,2023-09-08,9657
6684,安格,57,6,51,富邦-苗栗,2023-09-08,9657
3090,日電貿,48,0,48,富邦-苗栗,2023-09-08,9657
5272,笙科,36,0,36,富邦-苗栗,2023-09-08,9657
2329,華泰,29,4,25,富邦-苗栗,2023-09-08,9657
3711,日月光投控,23,0,23,富邦-苗栗,2023-09-08,9657
3231,緯創,50,27,23,富邦-苗栗,2023-09-08,9657
2515,中工,30,10,20,富邦-苗栗,2023-09-08,9657
4933,友輝,20,0,20,富邦-苗栗,2023-09-08,9657
1474,弘裕,14,0,14,富邦-苗栗,2023-09-08,9657
1603,華電,15,1,14,富邦-苗栗,2023-09-08,9657
2330,台積電,13,0,13,富邦-苗栗,2023-09-08,9657
2002,中鋼,13,1,12,富邦-苗栗,2023-09-08,9657
2421,建準,13,1,12,富邦-苗栗,2023-09-08,9657
3306,鼎天,14,3,11,富邦-苗栗,2023-09-08,9657
2409,友達,12,2,10,富邦-苗栗,2023-09-08,9657
2542,興富發,10,0,10,富邦-苗栗,2023-09-08,9657
00932,兆豐永續高息等權,10,0,10,富邦-苗栗,2023-09-08,9657
00753L,中信中國50正2,10,0,10,富邦-苗栗,2023-09-08,9657
3094,聯傑,10,0,10,富邦-苗栗,2023-09-08,9657
4971,IET-KY,10,0,10,富邦-苗栗,2023-09-08,9657
6209,今國光,10,0,10,富邦-苗栗,2023-09-08,9657
9105,泰金寶-DR,10,0,10,富邦-苗栗,2023-09-08,9657
00639,富邦深100,9,0,9,富邦-苗栗,2023-09-08,9657
00888,永豐台灣ESG,9,0,9,富邦-苗栗,2023-09-08,9657
4746,台耀,11,2,9,富邦-苗栗,2023-09-08,9657
6167,久正,10,1,9,富邦-苗栗,2023-09-08,9657
8390,金益鼎,9,1,8,富邦-苗栗,2023-09-08,9657
1528,恩德,8,0,8,富邦-苗栗,2023-09-08,9657
3257,虹冠電,8,0,8,富邦-苗栗,2023-09-08,9657
2382,廣達,12,5,7,富邦-苗栗,2023-09-08,9657
00633L,富邦上証正2,7,0,7,富邦-苗栗,2023-09-08,9657
1319,東陽,18,11,7,富邦-苗栗,2023-09-08,9657
2606,裕民,21,14,7,富邦-苗栗,2023-09-08,9657
3581,博磊,7,0,7,富邦-苗栗,2023-09-08,9657
2376,技嘉,15,8,7,富邦-苗栗,2023-09-08,9657
2301,光寶科,8,1,7,富邦-苗栗,2023-09-08,9657
2498,宏達電,6,0,6,富邦-苗栗,2023-09-08,9657
6672,騰輝電子-KY,7,1,6,富邦-苗栗,2023-09-08,9657
3037,欣興,8,2,6,富邦-苗栗,2023-09-08,9657
00902,中信電池及儲能,7,1,6,富邦-苗栗,2023-09-08,9657
2353,宏��,6,0,6,富邦-苗栗,2023-09-08,9657
3548,兆利,8,2,6,富邦-苗栗,2023-09-08,9657
2332,友訊,167,0,167,富邦-苗栗,2023-09-11,9657
2014,中鴻,130,0,130,富邦-苗栗,2023-09-11,9657
00931B,統一美債20年,129,0,129,富邦-苗栗,2023-09-11,9657
00919,群益台灣精選高息,211,88,123,富邦-苗栗,2023-09-11,9657
00929,復華台灣科技優息,204,113,91,富邦-苗栗,2023-09-11,9657
2405,輔信,103,53,50,富邦-苗栗,2023-09-11,9657
3481,群創,51,4,47,富邦-苗栗,2023-09-11,9657
00900,富邦特選高股息30,46,0,46,富邦-苗栗,2023-09-11,9657
0056,元大高股息,46,1,45,富邦-苗栗,2023-09-11,9657
00915,凱基優選高股息30,42,0,42,富邦-苗栗,2023-09-11,9657
00918,大華優利高填息30,39,0,39,富邦-苗栗,2023-09-11,9657
5272,笙科,32,0,32,富邦-苗栗,2023-09-11,9657
2329,華泰,33,5,28,富邦-苗栗,2023-09-11,9657
00673R,期元大S＆P原油反1,25,0,25,富邦-苗栗,2023-09-11,9657
2363,矽統,61,39,22,富邦-苗栗,2023-09-11,9657
9927,泰銘,21,0,21,富邦-苗栗,2023-09-11,9657
3592,瑞鼎,20,0,20,富邦-苗栗,2023-09-11,9657
3231,緯創,68,51,17,富邦-苗栗,2023-09-11,9657
00923,群益台ESG低碳50,17,0,17,富邦-苗栗,2023-09-11,9657
00932,兆豐永續高息等權,17,0,17,富邦-苗栗,2023-09-11,9657
00679B,元大美債20年,15,0,15,富邦-苗栗,2023-09-11,9657
3047,訊舟,15,0,15,富邦-苗栗,2023-09-11,9657
00888,永豐台灣ESG,15,2,13,富邦-苗栗,2023-09-11,9657
5469,瀚宇博,46,33,13,富邦-苗栗,2023-09-11,9657
1528,恩德,15,2,13,富邦-苗栗,2023-09-11,9657
2481,強茂,14,1,13,富邦-苗栗,2023-09-11,9657
2382,廣達,56,43,13,富邦-苗栗,2023-09-11,9657
2634,漢翔,22,10,12,富邦-苗栗,2023-09-11,9657
2610,華航,18,6,12,富邦-苗栗,2023-09-11,9657
1513,中興電,13,2,11,富邦-苗栗,2023-09-11,9657
00713,元大台灣高息低波,11,0,11,富邦-苗栗,2023-09-11,9657
2542,興富發,10,0,10,富邦-苗栗,2023-09-11,9657
3048,益登,10,0,10,富邦-苗栗,2023-09-11,9657
6288,聯嘉,10,0,10,富邦-苗栗,2023-09-11,9657
6789,采鈺,10,0,10,富邦-苗栗,2023-09-11,9657
2498,宏達電,11,2,9,富邦-苗栗,2023-09-11,9657
1802,台玻,12,4,8,富邦-苗栗,2023-09-11,9657
8358,金居,9,1,8,富邦-苗栗,2023-09-11,9657
2352,佳世達,8,1,7,富邦-苗栗,2023-09-11,9657
4934,太極,12,5,7,富邦-苗栗,2023-09-11,9657
2409,友達,8,1,7,富邦-苗栗,2023-09-11,9657
3338,泰碩,7,0,7,富邦-苗栗,2023-09-11,9657
8222,寶一,48,41,7,富邦-苗栗,2023-09-11,9657
2337,旺宏,7,0,7,富邦-苗栗,2023-09-11,9657
2376,技嘉,29,23,6,富邦-苗栗,2023-09-11,9657
1591,駿吉-KY,6,0,6,富邦-苗栗,2023-09-11,9657
2630,亞航,12,6,6,富邦-苗栗,2023-09-11,9657
8215,明基材,6,0,6,富邦-苗栗,2023-09-11,9657
2330,台積電,8,2,6,富邦-苗栗,2023-09-11,9657
2301,光寶科,7,2,5,富邦-苗栗,2023-09-11,9657
00878,國泰永續高股息,125,23,102,富邦-苗栗,2023-09-12,9657
00919,群益台灣精選高息,185,108,77,富邦-苗栗,2023-09-12,9657
2515,中工,65,0,65,富邦-苗栗,2023-09-12,9657
4142,國光生,50,0,50,富邦-苗栗,2023-09-12,9657
4934,太極,50,6,44,富邦-苗栗,2023-09-12,9657
2883,凱基金,42,0,42,富邦-苗栗,2023-09-12,9657
00900,富邦特選高股息30,35,1,34,富邦-苗栗,2023-09-12,9657
0056,元大高股息,35,4,31,富邦-苗栗,2023-09-12,9657
00929,復華台灣科技優息,98,69,29,富邦-苗栗,2023-09-12,9657
00931B,統一美債20年,44,16,28,富邦-苗栗,2023-09-12,9657
2457,飛宏,20,0,20,富邦-苗栗,2023-09-12,9657
6125,廣運,42,22,20,富邦-苗栗,2023-09-12,9657
00673R,期元大S＆P原油反1,20,0,20,富邦-苗栗,2023-09-12,9657
5381,合正,20,1,19,富邦-苗栗,2023-09-12,9657
2363,矽統,82,63,19,富邦-苗栗,2023-09-12,9657
2542,興富發,18,0,18,富邦-苗栗,2023-09-12,9657
2357,華碩,16,0,16,富邦-苗栗,2023-09-12,9657
020027,元大上櫃ESG成長N,16,0,16,富邦-苗栗,2023-09-12,9657
00640L,富邦日本正2,16,0,16,富邦-苗栗,2023-09-12,9657
00902,中信電池及儲能,16,1,15,富邦-苗栗,2023-09-12,9657
5272,笙科,14,0,14,富邦-苗栗,2023-09-12,9657
2312,金寶,12,0,12,富邦-苗栗,2023-09-12,9657
2527,宏璟,12,0,12,富邦-苗栗,2023-09-12,9657
3450,聯鈞,12,0,12,富邦-苗栗,2023-09-12,9657
3581,博磊,12,0,12,富邦-苗栗,2023-09-12,9657
6120,達運,28,16,12,富邦-苗栗,2023-09-12,9657
2303,聯電,14,2,12,富邦-苗栗,2023-09-12,9657
00932,兆豐永續高息等權,12,0,12,富邦-苗栗,2023-09-12,9657
2834,臺企銀,11,0,11,富邦-苗栗,2023-09-12,9657
2002,中鋼,11,0,11,富邦-苗栗,2023-09-12,9657
8069,元太,13,2,11,富邦-苗栗,2023-09-12,9657
2855,統一證,10,0,10,富邦-苗栗,2023-09-12,9657
3078,僑威,14,4,10,富邦-苗栗,2023-09-12,9657
3481,群創,79,70,9,富邦-苗栗,2023-09-12,9657
2376,技嘉,13,5,8,富邦-苗栗,2023-09-12,9657
3231,緯創,32,24,8,富邦-苗栗,2023-09-12,9657
3588,通嘉,14,6,8,富邦-苗栗,2023-09-12,9657
00679B,元大美債20年,8,0,8,富邦-苗栗,2023-09-12,9657
00715L,期街口布蘭特正2,6,0,6,富邦-苗栗,2023-09-12,9657
1471,首利,18,12,6,富邦-苗栗,2023-09-12,9657
6770,力積電,6,0,6,富邦-苗栗,2023-09-12,9657
00924,復華S＆P500成長,6,0,6,富邦-苗栗,2023-09-12,9657
00907,永豐優息存股,5,0,5,富邦-苗栗,2023-09-12,9657
2382,廣達,18,13,5,富邦-苗栗,2023-09-12,9657
2301,光寶科,5,0,5,富邦-苗栗,2023-09-12,9657
2402,毅嘉,5,0,5,富邦-苗栗,2023-09-12,9657
2538,基泰,5,0,5,富邦-苗栗,2023-09-12,9657
2601,益航,5,0,5,富邦-苗栗,2023-09-12,9657
3032,偉訓,5,0,5,富邦-苗栗,2023-09-12,9657
3051,力特,5,0,5,富邦-苗栗,2023-09-12,9657
00919,群益台灣精選高息,150,36,114,富邦-苗栗,2023-09-13,9657
6147,頎邦,114,0,114,富邦-苗栗,2023-09-13,9657
4960,誠美材,51,0,51,富邦-苗栗,2023-09-13,9657
3711,日月光投控,47,0,47,富邦-苗栗,2023-09-13,9657
00929,復華台灣科技優息,72,26,46,富邦-苗栗,2023-09-13,9657
00878,國泰永續高股息,51,8,43,富邦-苗栗,2023-09-13,9657
2891,中信金,32,1,31,富邦-苗栗,2023-09-13,9657
9904,寶成,31,0,31,富邦-苗栗,2023-09-13,9657
2888,新光金,42,12,30,富邦-苗栗,2023-09-13,9657
1598,岱宇,26,0,26,富邦-苗栗,2023-09-13,9657
2014,中鴻,27,3,24,富邦-苗栗,2023-09-13,9657
00918,大華優利高填息30,23,0,23,富邦-苗栗,2023-09-13,9657
00673R,期元大S＆P原油反1,23,0,23,富邦-苗栗,2023-09-13,9657
2405,輔信,21,0,21,富邦-苗栗,2023-09-13,9657
5009,榮剛,22,3,19,富邦-苗栗,2023-09-13,9657
2355,敬鵬,21,3,18,富邦-苗栗,2023-09-13,9657
6282,康舒,22,6,16,富邦-苗栗,2023-09-13,9657
9927,泰銘,15,0,15,富邦-苗栗,2023-09-13,9657
00640L,富邦日本正2,15,0,15,富邦-苗栗,2023-09-13,9657
2601,益航,15,0,15,富邦-苗栗,2023-09-13,9657
3149,正達,15,0,15,富邦-苗栗,2023-09-13,9657
8112,至上,14,1,13,富邦-苗栗,2023-09-13,9657
00882,中信中國高股息,13,0,13,富邦-苗栗,2023-09-13,9657
1471,首利,22,10,12,富邦-苗栗,2023-09-13,9657
4927,泰鼎-KY,12,0,12,富邦-苗栗,2023-09-13,9657
2025,千興,11,0,11,富邦-苗栗,2023-09-13,9657
3706,神達,15,4,11,富邦-苗栗,2023-09-13,9657
2409,友達,14,3,11,富邦-苗栗,2023-09-13,9657
2884,玉山金,10,0,10,富邦-苗栗,2023-09-13,9657
8201,無敵,10,0,10,富邦-苗栗,2023-09-13,9657
2832,台產,10,0,10,富邦-苗栗,2023-09-13,9657
3438,類比科,10,1,9,富邦-苗栗,2023-09-13,9657
2303,聯電,24,16,8,富邦-苗栗,2023-09-13,9657
2892,第一金,7,0,7,富邦-苗栗,2023-09-13,9657
4906,正文,10,3,7,富邦-苗栗,2023-09-13,9657
6732,昇佳電子,7,0,7,富邦-苗栗,2023-09-13,9657
00713,元大台灣高息低波,7,0,7,富邦-苗栗,2023-09-13,9657
1101,台泥,9,2,7,富邦-苗栗,2023-09-13,9657
2634,漢翔,6,0,6,富邦-苗栗,2023-09-13,9657
00915,凱基優選高股息30,6,0,6,富邦-苗栗,2023-09-13,9657
1603,華電,6,0,6,富邦-苗栗,2023-09-13,9657
6684,安格,6,0,6,富邦-苗栗,2023-09-13,9657
2887,台新金,5,0,5,富邦-苗栗,2023-09-13,9657
2812,台中銀,5,0,5,富邦-苗栗,2023-09-13,9657
00896,中信綠能及電動車,5,0,5,富邦-苗栗,2023-09-13,9657
1102,亞泥,5,0,5,富邦-苗栗,2023-09-13,9657
00902,中信電池及儲能,5,0,5,富邦-苗栗,2023-09-13,9657
1809,中釉,5,0,5,富邦-苗栗,2023-09-13,9657
2399,映泰,5,0,5,富邦-苗栗,2023-09-13,9657
3030,德律,5,0,5,富邦-苗栗,2023-09-13,9657
00665L,富邦�琤肭磪囓�2,351,0,351,富邦-苗栗,2023-09-14,9657
2812,台中銀,270,3,267,富邦-苗栗,2023-09-14,9657
00929,復華台灣科技優息,320,61,259,富邦-苗栗,2023-09-14,9657
00919,群益台灣精選高息,217,42,175,富邦-苗栗,2023-09-14,9657
2892,第一金,112,0,112,富邦-苗栗,2023-09-14,9657
3706,神達,36,0,36,富邦-苗栗,2023-09-14,9657
2371,大同,75,47,28,富邦-苗栗,2023-09-14,9657
6223,旺矽,27,3,24,富邦-苗栗,2023-09-14,9657
00915,凱基優選高股息30,21,0,21,富邦-苗栗,2023-09-14,9657
1598,岱宇,19,0,19,富邦-苗栗,2023-09-14,9657
2201,裕隆,20,1,19,富邦-苗栗,2023-09-14,9657
8222,寶一,31,12,19,富邦-苗栗,2023-09-14,9657
2615,萬海,27,10,17,富邦-苗栗,2023-09-14,9657
2331,精英,16,0,16,富邦-苗栗,2023-09-14,9657
00882,中信中國高股息,14,0,14,富邦-苗栗,2023-09-14,9657
2409,友達,14,0,14,富邦-苗栗,2023-09-14,9657
8271,宇瞻,13,0,13,富邦-苗栗,2023-09-14,9657
1471,首利,15,4,11,富邦-苗栗,2023-09-14,9657
00830,國泰費城半導體,11,0,11,富邦-苗栗,2023-09-14,9657
2421,建準,14,4,10,富邦-苗栗,2023-09-14,9657
2393,億光,10,0,10,富邦-苗栗,2023-09-14,9657
2427,三商電,10,0,10,富邦-苗栗,2023-09-14,9657
2515,中工,10,0,10,富邦-苗栗,2023-09-14,9657
3114,好德,10,0,10,富邦-苗栗,2023-09-14,9657
6170,統振,10,0,10,富邦-苗栗,2023-09-14,9657
3596,智易,11,1,10,富邦-苗栗,2023-09-14,9657
4721,美琪瑪,9,0,9,富邦-苗栗,2023-09-14,9657
2618,長榮航,8,0,8,富邦-苗栗,2023-09-14,9657
2301,光寶科,13,5,8,富邦-苗栗,2023-09-14,9657
2402,毅嘉,18,10,8,富邦-苗栗,2023-09-14,9657
2883,凱基金,13,5,8,富邦-苗栗,2023-09-14,9657
00885,富邦越南,7,0,7,富邦-苗栗,2023-09-14,9657
2485,兆赫,8,1,7,富邦-苗栗,2023-09-14,9657
3191,雲嘉南,7,0,7,富邦-苗栗,2023-09-14,9657
6127,九豪,7,0,7,富邦-苗栗,2023-09-14,9657
2387,精元,6,0,6,富邦-苗栗,2023-09-14,9657
2882,國泰金,6,0,6,富邦-苗栗,2023-09-14,9657
3346,麗清,6,0,6,富邦-苗栗,2023-09-14,9657
6264,富裔,6,0,6,富邦-苗栗,2023-09-14,9657
6284,佳邦,7,1,6,富邦-苗栗,2023-09-14,9657
1314,中石化,6,0,6,富邦-苗栗,2023-09-14,9657
1101,台泥,8,3,5,富邦-苗栗,2023-09-14,9657
00673R,期元大S＆P原油反1,5,0,5,富邦-苗栗,2023-09-14,9657
1531,高林股,5,0,5,富邦-苗栗,2023-09-14,9657
2337,旺宏,5,0,5,富邦-苗栗,2023-09-14,9657
2425,承啟,5,0,5,富邦-苗栗,2023-09-14,9657
3583,辛耘,5,0,5,富邦-苗栗,2023-09-14,9657
4739,康普,6,1,5,富邦-苗栗,2023-09-14,9657
8070,長華*,5,0,5,富邦-苗栗,2023-09-14,9657
9938,百和,5,0,5,富邦-苗栗,2023-09-14,9657
00929,復華台灣科技優息,265,47,218,富邦-苗栗,2023-09-15,9657
00915,凱基優選高股息30,85,0,85,富邦-苗栗,2023-09-15,9657
2313,華通,75,13,62,富邦-苗栗,2023-09-15,9657
00882,中信中國高股息,60,0,60,富邦-苗栗,2023-09-15,9657
00673R,期元大S＆P原油反1,59,0,59,富邦-苗栗,2023-09-15,9657
2641,正德,73,15,58,富邦-苗栗,2023-09-15,9657
3163,波若威,96,38,58,富邦-苗栗,2023-09-15,9657
2486,一詮,55,5,50,富邦-苗栗,2023-09-15,9657
2812,台中銀,47,0,47,富邦-苗栗,2023-09-15,9657
00918,大華優利高填息30,54,10,44,富邦-苗栗,2023-09-15,9657
1722,台肥,44,0,44,富邦-苗栗,2023-09-15,9657
2884,玉山金,32,0,32,富邦-苗栗,2023-09-15,9657
2615,萬海,58,29,29,富邦-苗栗,2023-09-15,9657
2892,第一金,24,0,24,富邦-苗栗,2023-09-15,9657
00932,兆豐永續高息等權,21,0,21,富邦-苗栗,2023-09-15,9657
5272,笙科,22,1,21,富邦-苗栗,2023-09-15,9657
00713,元大台灣高息低波,24,4,20,富邦-苗栗,2023-09-15,9657
00927,群益半導體收益,20,0,20,富邦-苗栗,2023-09-15,9657
1598,岱宇,20,0,20,富邦-苗栗,2023-09-15,9657
3706,神達,23,3,20,富邦-苗栗,2023-09-15,9657
3481,群創,19,0,19,富邦-苗栗,2023-09-15,9657
4142,國光生,19,0,19,富邦-苗栗,2023-09-15,9657
00919,群益台灣精選高息,96,79,17,富邦-苗栗,2023-09-15,9657
00640L,富邦日本正2,15,0,15,富邦-苗栗,2023-09-15,9657
1460,宏遠,14,0,14,富邦-苗栗,2023-09-15,9657
1802,台玻,13,0,13,富邦-苗栗,2023-09-15,9657
2357,華碩,11,0,11,富邦-苗栗,2023-09-15,9657
2323,中環,11,0,11,富邦-苗栗,2023-09-15,9657
2834,臺企銀,11,0,11,富邦-苗栗,2023-09-15,9657
2331,精英,10,0,10,富邦-苗栗,2023-09-15,9657
3081,聯亞,10,0,10,富邦-苗栗,2023-09-15,9657
3114,好德,10,0,10,富邦-苗栗,2023-09-15,9657
3363,上詮,24,14,10,富邦-苗栗,2023-09-15,9657
3624,光頡,10,0,10,富邦-苗栗,2023-09-15,9657
3704,合勤控,15,5,10,富邦-苗栗,2023-09-15,9657
4974,亞泰,10,0,10,富邦-苗栗,2023-09-15,9657
6257,矽格,10,0,10,富邦-苗栗,2023-09-15,9657
6732,昇佳電子,11,1,10,富邦-苗栗,2023-09-15,9657
8050,廣積,10,0,10,富邦-苗栗,2023-09-15,9657
2436,偉詮電,11,1,10,富邦-苗栗,2023-09-15,9657
2891,中信金,13,3,10,富邦-苗栗,2023-09-15,9657
1104,環泥,10,1,9,富邦-苗栗,2023-09-15,9657
2393,億光,10,1,9,富邦-苗栗,2023-09-15,9657
4746,台耀,9,0,9,富邦-苗栗,2023-09-15,9657
2317,鴻海,10,1,9,富邦-苗栗,2023-09-15,9657
2204,中華,8,0,8,富邦-苗栗,2023-09-15,9657
2351,順德,11,3,8,富邦-苗栗,2023-09-15,9657
3013,晟銘電,11,3,8,富邦-苗栗,2023-09-15,9657
3322,建舜電,7,0,7,富邦-苗栗,2023-09-15,9657
6442,光聖,9,2,7,富邦-苗栗,2023-09-15,9657
00878,國泰永續高股息,418,6,412,富邦-苗栗,2023-09-18,9657
00929,復華台灣科技優息,318,103,215,富邦-苗栗,2023-09-18,9657
00919,群益台灣精選高息,169,37,132,富邦-苗栗,2023-09-18,9657
00882,中信中國高股息,131,0,131,富邦-苗栗,2023-09-18,9657
0056,元大高股息,119,6,113,富邦-苗栗,2023-09-18,9657
00641R,富邦日本反1,100,1,99,富邦-苗栗,2023-09-18,9657
00712,復華富時不動產,58,5,53,富邦-苗栗,2023-09-18,9657
3059,華晶科,51,1,50,富邦-苗栗,2023-09-18,9657
9904,寶成,33,0,33,富邦-苗栗,2023-09-18,9657
2884,玉山金,28,0,28,富邦-苗栗,2023-09-18,9657
2402,毅嘉,27,0,27,富邦-苗栗,2023-09-18,9657
00680L,元大美債20正2,26,0,26,富邦-苗栗,2023-09-18,9657
3231,緯創,39,16,23,富邦-苗栗,2023-09-18,9657
00932,兆豐永續高息等權,23,0,23,富邦-苗栗,2023-09-18,9657
2352,佳世達,22,0,22,富邦-苗栗,2023-09-18,9657
00679B,元大美債20年,21,0,21,富邦-苗栗,2023-09-18,9657
4555,氣立,20,0,20,富邦-苗栗,2023-09-18,9657
2330,台積電,17,0,17,富邦-苗栗,2023-09-18,9657
9925,新保,16,0,16,富邦-苗栗,2023-09-18,9657
2538,基泰,14,0,14,富邦-苗栗,2023-09-18,9657
2605,新興,18,6,12,富邦-苗栗,2023-09-18,9657
00923,群益台ESG低碳50,12,0,12,富邦-苗栗,2023-09-18,9657
2405,輔信,42,30,12,富邦-苗栗,2023-09-18,9657
3704,合勤控,16,5,11,富邦-苗栗,2023-09-18,9657
6684,安格,32,21,11,富邦-苗栗,2023-09-18,9657
8112,至上,13,2,11,富邦-苗栗,2023-09-18,9657
2436,偉詮電,17,7,10,富邦-苗栗,2023-09-18,9657
3051,力特,10,0,10,富邦-苗栗,2023-09-18,9657
00857B,永豐20年美公債,10,0,10,富邦-苗栗,2023-09-18,9657
2501,國建,10,0,10,富邦-苗栗,2023-09-18,9657
6612,奈米醫材,10,0,10,富邦-苗栗,2023-09-18,9657
1301,台塑,10,0,10,富邦-苗栗,2023-09-18,9657
2363,矽統,64,55,9,富邦-苗栗,2023-09-18,9657
2486,一詮,11,2,9,富邦-苗栗,2023-09-18,9657
00713,元大台灣高息低波,9,1,8,富邦-苗栗,2023-09-18,9657
6446,藥華藥,8,0,8,富邦-苗栗,2023-09-18,9657
3163,波若威,17,9,8,富邦-苗栗,2023-09-18,9657
2368,金像電,8,0,8,富邦-苗栗,2023-09-18,9657
00795B,中信美國公債20年,8,0,8,富邦-苗栗,2023-09-18,9657
2323,中環,8,0,8,富邦-苗栗,2023-09-18,9657
2338,光罩,8,0,8,富邦-苗栗,2023-09-18,9657
2880,華南金,10,2,8,富邦-苗栗,2023-09-18,9657
3711,日月光投控,8,0,8,富邦-苗栗,2023-09-18,9657
2344,華邦電,8,0,8,富邦-苗栗,2023-09-18,9657
2027,大成鋼,11,3,8,富邦-苗栗,2023-09-18,9657
1504,東元,7,0,7,富邦-苗栗,2023-09-18,9657
4934,太極,6,0,6,富邦-苗栗,2023-09-18,9657
3058,立德,6,0,6,富邦-苗栗,2023-09-18,9657
5469,瀚宇博,18,12,6,富邦-苗栗,2023-09-18,9657
2388,威盛,46,40,6,富邦-苗栗,2023-09-18,9657
00878,國泰永續高股息,225,6,219,富邦-苗栗,2023-09-19,9657
2409,友達,100,30,70,富邦-苗栗,2023-09-19,9657
9904,寶成,54,0,54,富邦-苗栗,2023-09-19,9657
00932,兆豐永續高息等權,48,0,48,富邦-苗栗,2023-09-19,9657
00882,中信中國高股息,50,2,48,富邦-苗栗,2023-09-19,9657
0056,元大高股息,43,1,42,富邦-苗栗,2023-09-19,9657
2538,基泰,40,5,35,富邦-苗栗,2023-09-19,9657
00919,群益台灣精選高息,48,17,31,富邦-苗栗,2023-09-19,9657
6901,鑽石投資,32,4,28,富邦-苗栗,2023-09-19,9657
2402,毅嘉,46,21,25,富邦-苗栗,2023-09-19,9657
2412,中華電,25,0,25,富邦-苗栗,2023-09-19,9657
2501,國建,23,0,23,富邦-苗栗,2023-09-19,9657
00665L,富邦�琤肭磪囓�2,21,0,21,富邦-苗栗,2023-09-19,9657
00632R,元大台灣50反1,20,0,20,富邦-苗栗,2023-09-19,9657
4142,國光生,20,2,18,富邦-苗栗,2023-09-19,9657
2329,華泰,21,5,16,富邦-苗栗,2023-09-19,9657
00712,復華富時不動產,55,40,15,富邦-苗栗,2023-09-19,9657
00902,中信電池及儲能,15,0,15,富邦-苗栗,2023-09-19,9657
2486,一詮,14,0,14,富邦-苗栗,2023-09-19,9657
4426,利勤,14,0,14,富邦-苗栗,2023-09-19,9657
2641,正德,17,4,13,富邦-苗栗,2023-09-19,9657
8076,伍豐,13,0,13,富邦-苗栗,2023-09-19,9657
6125,廣運,17,5,12,富邦-苗栗,2023-09-19,9657
1319,東陽,18,7,11,富邦-苗栗,2023-09-19,9657
2606,裕民,42,31,11,富邦-苗栗,2023-09-19,9657
2344,華邦電,32,21,11,富邦-苗栗,2023-09-19,9657
1471,首利,14,4,10,富邦-苗栗,2023-09-19,9657
2405,輔信,26,16,10,富邦-苗栗,2023-09-19,9657
2618,長榮航,12,3,9,富邦-苗栗,2023-09-19,9657
2330,台積電,10,1,9,富邦-苗栗,2023-09-19,9657
00905,FT臺灣Smart,10,1,9,富邦-苗栗,2023-09-19,9657
5272,笙科,12,3,9,富邦-苗栗,2023-09-19,9657
4979,華星光,17,9,8,富邦-苗栗,2023-09-19,9657
1598,岱宇,8,0,8,富邦-苗栗,2023-09-19,9657
3711,日月光投控,13,5,8,富邦-苗栗,2023-09-19,9657
2340,台亞,7,0,7,富邦-苗栗,2023-09-19,9657
4746,台耀,9,2,7,富邦-苗栗,2023-09-19,9657
00931B,統一美債20年,21,15,6,富邦-苗栗,2023-09-19,9657
00923,群益台ESG低碳50,6,0,6,富邦-苗栗,2023-09-19,9657
2352,佳世達,6,0,6,富邦-苗栗,2023-09-19,9657
2436,偉詮電,15,9,6,富邦-苗栗,2023-09-19,9657
2634,漢翔,20,14,6,富邦-苗栗,2023-09-19,9657
2916,滿心,6,0,6,富邦-苗栗,2023-09-19,9657
3706,神達,12,6,6,富邦-苗栗,2023-09-19,9657
4908,前鼎,8,2,6,富邦-苗栗,2023-09-19,9657
6218,豪勉,6,0,6,富邦-苗栗,2023-09-19,9657
8085,福華,10,4,6,富邦-苗栗,2023-09-19,9657
2605,新興,19,13,6,富邦-苗栗,2023-09-19,9657
2885,元大金,5,0,5,富邦-苗栗,2023-09-19,9657
4743,合一,6,0,6,富邦-苗栗,2023-09-19,9657
00929,復華台灣科技優息,241,115,126,富邦-苗栗,2023-09-20,9657
00921,兆豐龍頭等權重,66,20,46,富邦-苗栗,2023-09-20,9657
00715L,期街口布蘭特正2,50,8,42,富邦-苗栗,2023-09-20,9657
00730,富邦臺灣優質高息,36,0,36,富邦-苗栗,2023-09-20,9657
1598,岱宇,36,2,34,富邦-苗栗,2023-09-20,9657
2344,華邦電,30,2,28,富邦-苗栗,2023-09-20,9657
00830,國泰費城半導體,25,3,22,富邦-苗栗,2023-09-20,9657
1504,東元,29,7,22,富邦-苗栗,2023-09-20,9657
00923,群益台ESG低碳50,21,0,21,富邦-苗栗,2023-09-20,9657
2388,威盛,34,14,20,富邦-苗栗,2023-09-20,9657
00905,FT臺灣Smart,20,0,20,富邦-苗栗,2023-09-20,9657
2538,基泰,20,0,20,富邦-苗栗,2023-09-20,9657
2612,中航,19,0,19,富邦-苗栗,2023-09-20,9657
5272,笙科,29,10,19,富邦-苗栗,2023-09-20,9657
00679B,元大美債20年,18,0,18,富邦-苗栗,2023-09-20,9657
00673R,期元大S＆P原油反1,20,2,18,富邦-苗栗,2023-09-20,9657
00931B,統一美債20年,18,0,18,富邦-苗栗,2023-09-20,9657
2367,燿華,61,44,17,富邦-苗栗,2023-09-20,9657
3481,群創,19,3,16,富邦-苗栗,2023-09-20,9657
5469,瀚宇博,64,48,16,富邦-苗栗,2023-09-20,9657
6213,聯茂,15,0,15,富邦-苗栗,2023-09-20,9657
2330,台積電,14,0,14,富邦-苗栗,2023-09-20,9657
2363,矽統,30,17,13,富邦-苗栗,2023-09-20,9657
3035,智原,21,9,12,富邦-苗栗,2023-09-20,9657
3265,台星科,31,20,11,富邦-苗栗,2023-09-20,9657
00885,富邦越南,11,0,11,富邦-苗栗,2023-09-20,9657
2449,京元電子,33,23,10,富邦-苗栗,2023-09-20,9657
1805,寶徠,10,0,10,富邦-苗栗,2023-09-20,9657
2427,三商電,15,5,10,富邦-苗栗,2023-09-20,9657
2801,彰銀,10,0,10,富邦-苗栗,2023-09-20,9657
2916,滿心,10,0,10,富邦-苗栗,2023-09-20,9657
4306,炎洲,10,0,10,富邦-苗栗,2023-09-20,9657
00680L,元大美債20正2,10,0,10,富邦-苗栗,2023-09-20,9657
2338,光罩,10,1,9,富邦-苗栗,2023-09-20,9657
3037,欣興,8,0,8,富邦-苗栗,2023-09-20,9657
6282,康舒,10,2,8,富邦-苗栗,2023-09-20,9657
2313,華通,47,39,8,富邦-苗栗,2023-09-20,9657
2402,毅嘉,13,5,8,富邦-苗栗,2023-09-20,9657
2498,宏達電,7,0,7,富邦-苗栗,2023-09-20,9657
1795,美時,6,0,6,富邦-苗栗,2023-09-20,9657
3715,定穎投控,84,78,6,富邦-苗栗,2023-09-20,9657
3264,欣銓,7,1,6,富邦-苗栗,2023-09-20,9657
00893,國泰智能電動車,6,0,6,富邦-苗栗,2023-09-20,9657
00902,中信電池及儲能,6,0,6,富邦-苗栗,2023-09-20,9657
2371,大同,56,50,6,富邦-苗栗,2023-09-20,9657
3363,上詮,14,8,6,富邦-苗栗,2023-09-20,9657
3704,合勤控,6,0,6,富邦-苗栗,2023-09-20,9657
4908,前鼎,32,26,6,富邦-苗栗,2023-09-20,9657
4934,太極,6,0,6,富邦-苗栗,2023-09-20,9657
8039,台虹,6,0,6,富邦-苗栗,2023-09-20,9657
00632R,元大台灣50反1,291,26,265,富邦-苗栗,2023-09-21,9657
2201,裕隆,107,5,102,富邦-苗栗,2023-09-21,9657
00878,國泰永續高股息,70,3,67,富邦-苗栗,2023-09-21,9657
0056,元大高股息,61,3,58,富邦-苗栗,2023-09-21,9657
2610,華航,50,0,50,富邦-苗栗,2023-09-21,9657
00922,國泰台灣領袖50,41,0,41,富邦-苗栗,2023-09-21,9657
2880,華南金,38,0,38,富邦-苗栗,2023-09-21,9657
00919,群益台灣精選高息,131,98,33,富邦-苗栗,2023-09-21,9657
00931B,統一美債20年,24,0,24,富邦-苗栗,2023-09-21,9657
2367,燿華,60,38,22,富邦-苗栗,2023-09-21,9657
5272,笙科,22,0,22,富邦-苗栗,2023-09-21,9657
2344,華邦電,21,0,21,富邦-苗栗,2023-09-21,9657
00830,國泰費城半導體,20,0,20,富邦-苗栗,2023-09-21,9657
8213,志超,20,0,20,富邦-苗栗,2023-09-21,9657
00900,富邦特選高股息30,19,0,19,富邦-苗栗,2023-09-21,9657
2330,台積電,19,1,18,富邦-苗栗,2023-09-21,9657
00907,永豐優息存股,18,0,18,富邦-苗栗,2023-09-21,9657
1598,岱宇,17,0,17,富邦-苗栗,2023-09-21,9657
2609,陽明,15,0,15,富邦-苗栗,2023-09-21,9657
00888,永豐台灣ESG,14,0,14,富邦-苗栗,2023-09-21,9657
00915,凱基優選高股息30,18,4,14,富邦-苗栗,2023-09-21,9657
2329,華泰,15,1,14,富邦-苗栗,2023-09-21,9657
2323,中環,14,0,14,富邦-苗栗,2023-09-21,9657
2606,裕民,21,7,14,富邦-苗栗,2023-09-21,9657
2641,正德,17,3,14,富邦-苗栗,2023-09-21,9657
9105,泰金寶-DR,14,0,14,富邦-苗栗,2023-09-21,9657
2002,中鋼,15,2,13,富邦-苗栗,2023-09-21,9657
00932,兆豐永續高息等權,12,0,12,富邦-苗栗,2023-09-21,9657
00902,中信電池及儲能,12,0,12,富邦-苗栗,2023-09-21,9657
00679B,元大美債20年,11,0,11,富邦-苗栗,2023-09-21,9657
00713,元大台灣高息低波,11,0,11,富邦-苗栗,2023-09-21,9657
00905,FT臺灣Smart,11,0,11,富邦-苗栗,2023-09-21,9657
4142,國光生,18,7,11,富邦-苗栗,2023-09-21,9657
1101,台泥,14,4,10,富邦-苗栗,2023-09-21,9657
0050,元大台灣50,10,0,10,富邦-苗栗,2023-09-21,9657
00882,中信中國高股息,10,0,10,富邦-苗栗,2023-09-21,9657
5880,合庫金,10,0,10,富邦-苗栗,2023-09-21,9657
00720B,元大投資級公司債,10,0,10,富邦-苗栗,2023-09-21,9657
1504,東元,12,2,10,富邦-苗栗,2023-09-21,9657
1584,精剛,17,7,10,富邦-苗栗,2023-09-21,9657
1802,台玻,10,0,10,富邦-苗栗,2023-09-21,9657
2312,金寶,15,5,10,富邦-苗栗,2023-09-21,9657
2399,映泰,11,1,10,富邦-苗栗,2023-09-21,9657
2515,中工,10,0,10,富邦-苗栗,2023-09-21,9657
2313,華通,18,9,9,富邦-苗栗,2023-09-21,9657
6282,康舒,21,12,9,富邦-苗栗,2023-09-21,9657
2801,彰銀,10,1,9,富邦-苗栗,2023-09-21,9657
2537,聯上發,8,0,8,富邦-苗栗,2023-09-21,9657
2402,毅嘉,9,1,8,富邦-苗栗,2023-09-21,9657
00929,復華台灣科技優息,204,196,8,富邦-苗栗,2023-09-21,9657
6005,群益證,80,0,80,富邦-苗栗,2023-09-22,9657
00919,群益台灣精選高息,78,0,78,富邦-苗栗,2023-09-22,9657
9105,泰金寶-DR,61,0,61,富邦-苗栗,2023-09-22,9657
3711,日月光投控,53,0,53,富邦-苗栗,2023-09-22,9657
00679B,元大美債20年,41,3,38,富邦-苗栗,2023-09-22,9657
2427,三商電,38,1,37,富邦-苗栗,2023-09-22,9657
00878,國泰永續高股息,40,7,33,富邦-苗栗,2023-09-22,9657
00931B,統一美債20年,32,0,32,富邦-苗栗,2023-09-22,9657
00720B,元大投資級公司債,26,0,26,富邦-苗栗,2023-09-22,9657
00712,復華富時不動產,33,11,22,富邦-苗栗,2023-09-22,9657
00632R,元大台灣50反1,20,0,20,富邦-苗栗,2023-09-22,9657
2801,彰銀,19,0,19,富邦-苗栗,2023-09-22,9657
00929,復華台灣科技優息,78,60,18,富邦-苗栗,2023-09-22,9657
2888,新光金,17,1,16,富邦-苗栗,2023-09-22,9657
2891,中信金,16,0,16,富邦-苗栗,2023-09-22,9657
2880,華南金,15,0,15,富邦-苗栗,2023-09-22,9657
00680L,元大美債20正2,17,3,14,富邦-苗栗,2023-09-22,9657
00772B,中信高評級公司債,13,0,13,富邦-苗栗,2023-09-22,9657
1101,台泥,11,0,11,富邦-苗栗,2023-09-22,9657
00894,中信小資高價30,10,0,10,富邦-苗栗,2023-09-22,9657
00885,富邦越南,19,9,10,富邦-苗栗,2023-09-22,9657
1326,台化,10,0,10,富邦-苗栗,2023-09-22,9657
1460,宏遠,10,0,10,富邦-苗栗,2023-09-22,9657
2515,中工,10,0,10,富邦-苗栗,2023-09-22,9657
4142,國光生,10,0,10,富邦-苗栗,2023-09-22,9657
00795B,中信美國公債20年,9,0,9,富邦-苗栗,2023-09-22,9657
2317,鴻海,10,1,9,富邦-苗栗,2023-09-22,9657
00715L,期街口布蘭特正2,9,0,9,富邦-苗栗,2023-09-22,9657
1598,岱宇,14,5,9,富邦-苗栗,2023-09-22,9657
3481,群創,10,1,9,富邦-苗栗,2023-09-22,9657
2881,富邦金,9,0,9,富邦-苗栗,2023-09-22,9657
00830,國泰費城半導體,8,0,8,富邦-苗栗,2023-09-22,9657
2367,燿華,9,1,8,富邦-苗栗,2023-09-22,9657
2316,楠梓電,8,0,8,富邦-苗栗,2023-09-22,9657
2883,凱基金,8,0,8,富邦-苗栗,2023-09-22,9657
00740B,富邦全球投等債,7,0,7,富邦-苗栗,2023-09-22,9657
1444,力麗,8,2,6,富邦-苗栗,2023-09-22,9657
2460,建通,6,0,6,富邦-苗栗,2023-09-22,9657
3037,欣興,10,4,6,富邦-苗栗,2023-09-22,9657
6770,力積電,6,0,6,富邦-苗栗,2023-09-22,9657
2454,聯發科,6,0,6,富邦-苗栗,2023-09-22,9657
8112,至上,6,1,5,富邦-苗栗,2023-09-22,9657
1605,華新,5,0,5,富邦-苗栗,2023-09-22,9657
2201,裕隆,5,0,5,富邦-苗栗,2023-09-22,9657
1514,亞力,5,0,5,富邦-苗栗,2023-09-22,9657
2027,大成鋼,5,0,5,富邦-苗栗,2023-09-22,9657
2882,國泰金,5,0,5,富邦-苗栗,2023-09-22,9657
3059,華晶科,5,0,5,富邦-苗栗,2023-09-22,9657
3491,昇達科,5,0,5,富邦-苗栗,2023-09-22,9657
4188,安克,5,0,5,富邦-苗栗,2023-09-22,9657
1314,中石化,230,0,230,富邦-苗栗,2023-09-25,9657
2515,中工,130,0,130,富邦-苗栗,2023-09-25,9657
00919,群益台灣精選高息,78,6,72,富邦-苗栗,2023-09-25,9657
3105,穩懋,50,0,50,富邦-苗栗,2023-09-25,9657
00712,復華富時不動產,50,0,50,富邦-苗栗,2023-09-25,9657
00878,國泰永續高股息,58,9,49,富邦-苗栗,2023-09-25,9657
00830,國泰費城半導體,44,0,44,富邦-苗栗,2023-09-25,9657
2891,中信金,34,3,31,富邦-苗栗,2023-09-25,9657
00931B,統一美債20年,27,0,27,富邦-苗栗,2023-09-25,9657
00679B,元大美債20年,23,0,23,富邦-苗栗,2023-09-25,9657
9105,泰金寶-DR,20,0,20,富邦-苗栗,2023-09-25,9657
4938,和碩,20,0,20,富邦-苗栗,2023-09-25,9657
3596,智易,12,0,12,富邦-苗栗,2023-09-25,9657
3706,神達,16,4,12,富邦-苗栗,2023-09-25,9657
8928,鉅明,12,1,11,富邦-苗栗,2023-09-25,9657
9945,潤泰新,11,0,11,富邦-苗栗,2023-09-25,9657
2601,益航,10,0,10,富邦-苗栗,2023-09-25,9657
5222,全訊,10,0,10,富邦-苗栗,2023-09-25,9657
8034,榮群,10,0,10,富邦-苗栗,2023-09-25,9657
2337,旺宏,10,1,9,富邦-苗栗,2023-09-25,9657
00713,元大台灣高息低波,10,2,8,富邦-苗栗,2023-09-25,9657
00918,大華優利高填息30,8,0,8,富邦-苗栗,2023-09-25,9657
8028,昇陽半導體,9,1,8,富邦-苗栗,2023-09-25,9657
2303,聯電,9,1,8,富邦-苗栗,2023-09-25,9657
3715,定穎投控,36,29,7,富邦-苗栗,2023-09-25,9657
2002,中鋼,7,0,7,富邦-苗栗,2023-09-25,9657
2363,矽統,15,8,7,富邦-苗栗,2023-09-25,9657
2618,長榮航,7,0,7,富邦-苗栗,2023-09-25,9657
8234,新漢,7,0,7,富邦-苗栗,2023-09-25,9657
3163,波若威,10,3,7,富邦-苗栗,2023-09-25,9657
2634,漢翔,6,0,6,富邦-苗栗,2023-09-25,9657
00773B,中信優先金融債,6,0,6,富邦-苗栗,2023-09-25,9657
1234,黑松,6,0,6,富邦-苗栗,2023-09-25,9657
1319,東陽,6,0,6,富邦-苗栗,2023-09-25,9657
2449,京元電子,6,0,6,富邦-苗栗,2023-09-25,9657
3059,華晶科,7,1,6,富邦-苗栗,2023-09-25,9657
5519,隆大,6,0,6,富邦-苗栗,2023-09-25,9657
8088,品安,6,1,5,富邦-苗栗,2023-09-25,9657
00902,中信電池及儲能,5,0,5,富邦-苗栗,2023-09-25,9657
1104,環泥,5,0,5,富邦-苗栗,2023-09-25,9657
2342,茂矽,5,0,5,富邦-苗栗,2023-09-25,9657
2486,一詮,18,13,5,富邦-苗栗,2023-09-25,9657
2543,皇昌,10,5,5,富邦-苗栗,2023-09-25,9657
3322,建舜電,7,2,5,富邦-苗栗,2023-09-25,9657
3711,日月光投控,5,0,5,富邦-苗栗,2023-09-25,9657
6548,長科*,5,0,5,富邦-苗栗,2023-09-25,9657
00795B,中信美國公債20年,5,0,5,富邦-苗栗,2023-09-25,9657
6125,廣運,4,0,4,富邦-苗栗,2023-09-25,9657
1504,東元,9,5,4,富邦-苗栗,2023-09-25,9657
2357,華碩,5,1,4,富邦-苗栗,2023-09-25,9657
2537,聯上發,164,0,164,富邦-苗栗,2023-09-26,9657
00929,復華台灣科技優息,134,7,127,富邦-苗栗,2023-09-26,9657
00878,國泰永續高股息,68,1,67,富邦-苗栗,2023-09-26,9657
00665L,富邦�琤肭磪囓�2,59,0,59,富邦-苗栗,2023-09-26,9657
2313,華通,79,25,54,富邦-苗栗,2023-09-26,9657
00919,群益台灣精選高息,56,4,52,富邦-苗栗,2023-09-26,9657
00632R,元大台灣50反1,61,19,42,富邦-苗栗,2023-09-26,9657
00932,兆豐永續高息等權,30,0,30,富邦-苗栗,2023-09-26,9657
2303,聯電,32,2,30,富邦-苗栗,2023-09-26,9657
2002,中鋼,34,5,29,富邦-苗栗,2023-09-26,9657
2344,華邦電,31,3,28,富邦-苗栗,2023-09-26,9657
00679B,元大美債20年,28,2,26,富邦-苗栗,2023-09-26,9657
2883,凱基金,25,0,25,富邦-苗栗,2023-09-26,9657
1598,岱宇,23,1,22,富邦-苗栗,2023-09-26,9657
00706L,期元大S＆P日圓正2,20,0,20,富邦-苗栗,2023-09-26,9657
4542,科嶠,20,0,20,富邦-苗栗,2023-09-26,9657
5222,全訊,20,0,20,富邦-苗栗,2023-09-26,9657
8088,品安,21,1,20,富邦-苗栗,2023-09-26,9657
8039,台虹,16,0,16,富邦-苗栗,2023-09-26,9657
3711,日月光投控,19,4,15,富邦-苗栗,2023-09-26,9657
2317,鴻海,17,2,15,富邦-苗栗,2023-09-26,9657
00882,中信中國高股息,17,2,15,富邦-苗栗,2023-09-26,9657
00715L,期街口布蘭特正2,22,8,14,富邦-苗栗,2023-09-26,9657
00922,國泰台灣領袖50,18,5,13,富邦-苗栗,2023-09-26,9657
1618,合機,16,3,13,富邦-苗栗,2023-09-26,9657
00931B,統一美債20年,22,10,12,富邦-苗栗,2023-09-26,9657
00857B,永豐20年美公債,12,0,12,富邦-苗栗,2023-09-26,9657
1524,耿鼎,23,11,12,富邦-苗栗,2023-09-26,9657
5272,笙科,17,5,12,富邦-苗栗,2023-09-26,9657
6104,創惟,11,0,11,富邦-苗栗,2023-09-26,9657
00713,元大台灣高息低波,10,0,10,富邦-苗栗,2023-09-26,9657
1301,台塑,10,0,10,富邦-苗栗,2023-09-26,9657
2618,長榮航,10,0,10,富邦-苗栗,2023-09-26,9657
1802,台玻,10,0,10,富邦-苗栗,2023-09-26,9657
2485,兆赫,15,5,10,富邦-苗栗,2023-09-26,9657
3317,尼克森,10,0,10,富邦-苗栗,2023-09-26,9657
00795B,中信美國公債20年,9,0,9,富邦-苗栗,2023-09-26,9657
2498,宏達電,10,1,9,富邦-苗栗,2023-09-26,9657
3481,群創,9,0,9,富邦-苗栗,2023-09-26,9657
2402,毅嘉,12,3,9,富邦-苗栗,2023-09-26,9657
5469,瀚宇博,23,14,9,富邦-苗栗,2023-09-26,9657
6405,悅城,10,1,9,富邦-苗栗,2023-09-26,9657
1101,台泥,8,0,8,富邦-苗栗,2023-09-26,9657
1522,堤維西,29,21,8,富邦-苗栗,2023-09-26,9657
2515,中工,9,1,8,富邦-苗栗,2023-09-26,9657
00751B,元大AAA至A公司債,8,1,7,富邦-苗栗,2023-09-26,9657
2330,台積電,10,3,7,富邦-苗栗,2023-09-26,9657
2881,富邦金,7,0,7,富邦-苗栗,2023-09-26,9657
00772B,中信高評級公司債,11,4,7,富邦-苗栗,2023-09-26,9657
2328,廣宇,8,1,7,富邦-苗栗,2023-09-26,9657
2515,中工,151,0,151,富邦-苗栗,2023-09-27,9657
2409,友達,103,9,94,富邦-苗栗,2023-09-27,9657
00929,復華台灣科技優息,68,12,56,富邦-苗栗,2023-09-27,9657
2356,英業達,62,9,53,富邦-苗栗,2023-09-27,9657
00919,群益台灣精選高息,61,24,37,富邦-苗栗,2023-09-27,9657
1806,冠軍,30,0,30,富邦-苗栗,2023-09-27,9657
00932,兆豐永續高息等權,24,0,24,富邦-苗栗,2023-09-27,9657
2303,聯電,25,1,24,富邦-苗栗,2023-09-27,9657
2609,陽明,27,5,22,富邦-苗栗,2023-09-27,9657
2882,國泰金,20,0,20,富邦-苗栗,2023-09-27,9657
1471,首利,22,4,18,富邦-苗栗,2023-09-27,9657
2405,輔信,20,2,18,富邦-苗栗,2023-09-27,9657
1314,中石化,32,15,17,富邦-苗栗,2023-09-27,9657
00687B,國泰20年美債,15,0,15,富邦-苗栗,2023-09-27,9657
1301,台塑,14,0,14,富邦-苗栗,2023-09-27,9657
00712,復華富時不動產,21,7,14,富邦-苗栗,2023-09-27,9657
3149,正達,15,2,13,富邦-苗栗,2023-09-27,9657
1519,華城,24,11,13,富邦-苗栗,2023-09-27,9657
2002,中鋼,21,9,12,富邦-苗栗,2023-09-27,9657
2888,新光金,12,0,12,富邦-苗栗,2023-09-27,9657
2883,凱基金,12,1,11,富邦-苗栗,2023-09-27,9657
2317,鴻海,9,0,9,富邦-苗栗,2023-09-27,9657
3706,神達,21,12,9,富邦-苗栗,2023-09-27,9657
2612,中航,8,0,8,富邦-苗栗,2023-09-27,9657
2812,台中銀,10,2,8,富邦-苗栗,2023-09-27,9657
3042,晶技,7,0,7,富邦-苗栗,2023-09-27,9657
1605,華新,7,0,7,富邦-苗栗,2023-09-27,9657
2344,華邦電,9,2,7,富邦-苗栗,2023-09-27,9657
2427,三商電,7,0,7,富邦-苗栗,2023-09-27,9657
6442,光聖,23,17,6,富邦-苗栗,2023-09-27,9657
00679B,元大美債20年,6,0,6,富邦-苗栗,2023-09-27,9657
2330,台積電,6,0,6,富邦-苗栗,2023-09-27,9657
2605,新興,42,36,6,富邦-苗栗,2023-09-27,9657
3483,力致,6,0,6,富邦-苗栗,2023-09-27,9657
6191,精成科,7,1,6,富邦-苗栗,2023-09-27,9657
1504,東元,6,1,5,富邦-苗栗,2023-09-27,9657
00720B,元大投資級公司債,5,0,5,富邦-苗栗,2023-09-27,9657
00830,國泰費城半導體,5,0,5,富邦-苗栗,2023-09-27,9657
2816,旺旺保,5,0,5,富邦-苗栗,2023-09-27,9657
2834,臺企銀,5,0,5,富邦-苗栗,2023-09-27,9657
3027,盛達,5,0,5,富邦-苗栗,2023-09-27,9657
5371,中光電,5,0,5,富邦-苗栗,2023-09-27,9657
8234,新漢,5,0,5,富邦-苗栗,2023-09-27,9657
9921,巨大,5,0,5,富邦-苗栗,2023-09-27,9657
2603,長榮,8,3,5,富邦-苗栗,2023-09-27,9657
00888,永豐台灣ESG,4,0,4,富邦-苗栗,2023-09-27,9657
1326,台化,4,0,4,富邦-苗栗,2023-09-27,9657
2634,漢翔,4,0,4,富邦-苗栗,2023-09-27,9657
6188,廣明,5,1,4,富邦-苗栗,2023-09-27,9657
1609,大亞,8,4,4,富邦-苗栗,2023-09-27,9657
00712,復華富時不動產,46,4,42,富邦-苗栗,2023-09-28,9657
00929,復華台灣科技優息,56,17,39,富邦-苗栗,2023-09-28,9657
2543,皇昌,28,0,28,富邦-苗栗,2023-09-28,9657
00673R,期元大S＆P原油反1,27,0,27,富邦-苗栗,2023-09-28,9657
00679B,元大美債20年,22,2,20,富邦-苗栗,2023-09-28,9657
2606,裕民,33,13,20,富邦-苗栗,2023-09-28,9657
2610,華航,19,0,19,富邦-苗栗,2023-09-28,9657
2313,華通,51,34,17,富邦-苗栗,2023-09-28,9657
5452,佶優,25,9,16,富邦-苗栗,2023-09-28,9657
00772B,中信高評級公司債,15,0,15,富邦-苗栗,2023-09-28,9657
00932,兆豐永續高息等權,15,0,15,富邦-苗栗,2023-09-28,9657
00905,FT臺灣Smart,15,0,15,富邦-苗栗,2023-09-28,9657
2421,建準,18,3,15,富邦-苗栗,2023-09-28,9657
00919,群益台灣精選高息,24,10,14,富邦-苗栗,2023-09-28,9657
2344,華邦電,12,0,12,富邦-苗栗,2023-09-28,9657
00931B,統一美債20年,21,10,11,富邦-苗栗,2023-09-28,9657
00882,中信中國高股息,12,2,10,富邦-苗栗,2023-09-28,9657
00655L,國泰中國A50正2,10,0,10,富邦-苗栗,2023-09-28,9657
00650L,復華香港正2,10,0,10,富邦-苗栗,2023-09-28,9657
00857B,永豐20年美公債,10,0,10,富邦-苗栗,2023-09-28,9657
1460,宏遠,10,0,10,富邦-苗栗,2023-09-28,9657
2609,陽明,12,2,10,富邦-苗栗,2023-09-28,9657
2498,宏達電,9,0,9,富邦-苗栗,2023-09-28,9657
2388,威盛,47,39,8,富邦-苗栗,2023-09-28,9657
3013,晟銘電,10,2,8,富邦-苗栗,2023-09-28,9657
5432,新門,12,4,8,富邦-苗栗,2023-09-28,9657
2891,中信金,7,0,7,富邦-苗栗,2023-09-28,9657
2881,富邦金,7,0,7,富邦-苗栗,2023-09-28,9657
6191,精成科,7,0,7,富邦-苗栗,2023-09-28,9657
2618,長榮航,8,2,6,富邦-苗栗,2023-09-28,9657
3308,聯德,6,0,6,富邦-苗栗,2023-09-28,9657
6485,點序,6,0,6,富邦-苗栗,2023-09-28,9657
8938,明安,6,0,6,富邦-苗栗,2023-09-28,9657
9904,寶成,8,2,6,富邦-苗栗,2023-09-28,9657
1234,黑松,5,0,5,富邦-苗栗,2023-09-28,9657
2329,華泰,7,2,5,富邦-苗栗,2023-09-28,9657
4306,炎洲,5,0,5,富邦-苗栗,2023-09-28,9657
8024,佑華,5,0,5,富邦-苗栗,2023-09-28,9657
1101,台泥,5,0,5,富邦-苗栗,2023-09-28,9657
00795B,中信美國公債20年,6,1,5,富邦-苗栗,2023-09-28,9657
3715,定穎投控,36,32,4,富邦-苗栗,2023-09-28,9657
2376,技嘉,14,10,4,富邦-苗栗,2023-09-28,9657
2352,佳世達,4,0,4,富邦-苗栗,2023-09-28,9657
2888,新光金,4,0,4,富邦-苗栗,2023-09-28,9657
4979,華星光,7,3,4,富邦-苗栗,2023-09-28,9657
6625,必應,4,0,4,富邦-苗栗,2023-09-28,9657
8039,台虹,4,0,4,富邦-苗栗,2023-09-28,9657
2201,裕隆,12,8,4,富邦-苗栗,2023-09-28,9657
3036,文曄,27,23,4,富邦-苗栗,2023-09-28,9657
00720B,元大投資級公司債,4,0,4,富邦-苗栗,2023-09-28,9657
00753L,中信中國50正2,100,0,100,富邦-苗栗,2023-10-02,9657
00673R,期元大S＆P原油反1,73,0,73,富邦-苗栗,2023-10-02,9657
1314,中石化,60,5,55,富邦-苗栗,2023-10-02,9657
00632R,元大台灣50反1,54,0,54,富邦-苗栗,2023-10-02,9657
00687B,國泰20年美債,50,0,50,富邦-苗栗,2023-10-02,9657
1305,華夏,50,0,50,富邦-苗栗,2023-10-02,9657
2201,裕隆,48,0,48,富邦-苗栗,2023-10-02,9657
00929,復華台灣科技優息,48,6,42,富邦-苗栗,2023-10-02,9657
2405,輔信,43,6,37,富邦-苗栗,2023-10-02,9657
2014,中鴻,31,0,31,富邦-苗栗,2023-10-02,9657
2891,中信金,30,0,30,富邦-苗栗,2023-10-02,9657
1310,台苯,30,0,30,富邦-苗栗,2023-10-02,9657
2374,佳能,30,0,30,富邦-苗栗,2023-10-02,9657
2002,中鋼,28,0,28,富邦-苗栗,2023-10-02,9657
00885,富邦越南,23,0,23,富邦-苗栗,2023-10-02,9657
2363,矽統,75,53,22,富邦-苗栗,2023-10-02,9657
6108,競國,20,0,20,富邦-苗栗,2023-10-02,9657
00882,中信中國高股息,20,1,19,富邦-苗栗,2023-10-02,9657
2618,長榮航,26,7,19,富邦-苗栗,2023-10-02,9657
00720B,元大投資級公司債,18,0,18,富邦-苗栗,2023-10-02,9657
5222,全訊,18,0,18,富邦-苗栗,2023-10-02,9657
2409,友達,27,10,17,富邦-苗栗,2023-10-02,9657
1584,精剛,19,3,16,富邦-苗栗,2023-10-02,9657
4114,健喬,16,0,16,富邦-苗栗,2023-10-02,9657
6128,上福,16,0,16,富邦-苗栗,2023-10-02,9657
2324,仁寶,14,0,14,富邦-苗栗,2023-10-02,9657
3715,定穎投控,27,13,14,富邦-苗栗,2023-10-02,9657
00679B,元大美債20年,13,0,13,富邦-苗栗,2023-10-02,9657
2383,台光電,14,1,13,富邦-苗栗,2023-10-02,9657
4105,東洋,13,0,13,富邦-苗栗,2023-10-02,9657
00795B,中信美國公債20年,12,0,12,富邦-苗栗,2023-10-02,9657
3706,神達,20,8,12,富邦-苗栗,2023-10-02,9657
5452,佶優,12,1,11,富邦-苗栗,2023-10-02,9657
2393,億光,10,0,10,富邦-苗栗,2023-10-02,9657
00922,國泰台灣領袖50,10,0,10,富邦-苗栗,2023-10-02,9657
00712,復華富時不動產,10,0,10,富邦-苗栗,2023-10-02,9657
00733,富邦臺灣中小,10,0,10,富邦-苗栗,2023-10-02,9657
1104,環泥,10,0,10,富邦-苗栗,2023-10-02,9657
8070,長華*,10,0,10,富邦-苗栗,2023-10-02,9657
9950,萬國通,10,0,10,富邦-苗栗,2023-10-02,9657
00715L,期街口布蘭特正2,10,1,9,富邦-苗栗,2023-10-02,9657
2344,華邦電,15,6,9,富邦-苗栗,2023-10-02,9657
2610,華航,10,1,9,富邦-苗栗,2023-10-02,9657
2605,新興,12,4,8,富邦-苗栗,2023-10-02,9657
3630,新鉅科,10,2,8,富邦-苗栗,2023-10-02,9657
5469,瀚宇博,18,10,8,富邦-苗栗,2023-10-02,9657
2884,玉山金,8,0,8,富邦-苗栗,2023-10-02,9657
00740B,富邦全球投等債,7,0,7,富邦-苗栗,2023-10-02,9657
3090,日電貿,7,0,7,富邦-苗栗,2023-10-02,9657
00931B,統一美債20年,8,2,6,富邦-苗栗,2023-10-02,9657
00885,富邦越南,379,0,379,富邦-苗栗,2023-10-03,9657
00715L,期街口布蘭特正2,94,6,88,富邦-苗栗,2023-10-03,9657
00882,中信中國高股息,82,0,82,富邦-苗栗,2023-10-03,9657
2409,友達,81,6,75,富邦-苗栗,2023-10-03,9657
00650L,復華香港正2,65,0,65,富邦-苗栗,2023-10-03,9657
00665L,富邦�琤肭磪囓�2,46,0,46,富邦-苗栗,2023-10-03,9657
2313,華通,51,9,42,富邦-苗栗,2023-10-03,9657
2538,基泰,46,4,42,富邦-苗栗,2023-10-03,9657
4123,晟德,32,0,32,富邦-苗栗,2023-10-03,9657
2014,中鴻,28,1,27,富邦-苗栗,2023-10-03,9657
2402,毅嘉,23,3,20,富邦-苗栗,2023-10-03,9657
00679B,元大美債20年,19,0,19,富邦-苗栗,2023-10-03,9657
00919,群益台灣精選高息,32,17,15,富邦-苗栗,2023-10-03,9657
00900,富邦特選高股息30,13,0,13,富邦-苗栗,2023-10-03,9657
3231,緯創,30,17,13,富邦-苗栗,2023-10-03,9657
2356,英業達,32,20,12,富邦-苗栗,2023-10-03,9657
00857B,永豐20年美公債,12,0,12,富邦-苗栗,2023-10-03,9657
00878,國泰永續高股息,14,2,12,富邦-苗栗,2023-10-03,9657
00888,永豐台灣ESG,11,0,11,富邦-苗栗,2023-10-03,9657
00907,永豐優息存股,11,0,11,富邦-苗栗,2023-10-03,9657
2201,裕隆,11,0,11,富邦-苗栗,2023-10-03,9657
1514,亞力,14,3,11,富邦-苗栗,2023-10-03,9657
2383,台光電,10,0,10,富邦-苗栗,2023-10-03,9657
2880,華南金,10,0,10,富邦-苗栗,2023-10-03,9657
3630,新鉅科,15,5,10,富邦-苗栗,2023-10-03,9657
6235,華孚,13,3,10,富邦-苗栗,2023-10-03,9657
0056,元大高股息,14,4,10,富邦-苗栗,2023-10-03,9657
1598,岱宇,9,0,9,富邦-苗栗,2023-10-03,9657
1618,合機,30,21,9,富邦-苗栗,2023-10-03,9657
5465,富驊,10,1,9,富邦-苗栗,2023-10-03,9657
1522,堤維西,10,1,9,富邦-苗栗,2023-10-03,9657
2891,中信金,9,0,9,富邦-苗栗,2023-10-03,9657
2002,中鋼,14,5,9,富邦-苗栗,2023-10-03,9657
00931B,統一美債20年,13,5,8,富邦-苗栗,2023-10-03,9657
1605,華新,8,0,8,富邦-苗栗,2023-10-03,9657
2351,順德,8,0,8,富邦-苗栗,2023-10-03,9657
6231,系微,17,9,8,富邦-苗栗,2023-10-03,9657
3481,群創,47,39,8,富邦-苗栗,2023-10-03,9657
2885,元大金,7,0,7,富邦-苗栗,2023-10-03,9657
2388,威盛,56,49,7,富邦-苗栗,2023-10-03,9657
00922,國泰台灣領袖50,7,0,7,富邦-苗栗,2023-10-03,9657
00633L,富邦上証正2,7,0,7,富邦-苗栗,2023-10-03,9657
3013,晟銘電,28,21,7,富邦-苗栗,2023-10-03,9657
6120,達運,9,2,7,富邦-苗栗,2023-10-03,9657
2317,鴻海,8,2,6,富邦-苗栗,2023-10-03,9657
00692,富邦公司治理,6,0,6,富邦-苗栗,2023-10-03,9657
00902,中信電池及儲能,7,1,6,富邦-苗栗,2023-10-03,9657
2888,新光金,6,0,6,富邦-苗栗,2023-10-03,9657
2354,鴻準,5,0,5,富邦-苗栗,2023-10-03,9657
2468,華經,18,13,5,富邦-苗栗,2023-10-03,9657
00929,復華台灣科技優息,221,2,219,富邦-苗栗,2023-10-04,9657
0056,元大高股息,192,1,191,富邦-苗栗,2023-10-04,9657
00885,富邦越南,205,19,186,富邦-苗栗,2023-10-04,9657
2014,中鴻,77,0,77,富邦-苗栗,2023-10-04,9657
00922,國泰台灣領袖50,63,1,62,富邦-苗栗,2023-10-04,9657
1598,岱宇,89,37,52,富邦-苗栗,2023-10-04,9657
00679B,元大美債20年,46,0,46,富邦-苗栗,2023-10-04,9657
00687B,國泰20年美債,41,0,41,富邦-苗栗,2023-10-04,9657
00680L,元大美債20正2,38,2,36,富邦-苗栗,2023-10-04,9657
2891,中信金,33,2,31,富邦-苗栗,2023-10-04,9657
00720B,元大投資級公司債,29,0,29,富邦-苗栗,2023-10-04,9657
00919,群益台灣精選高息,33,6,27,富邦-苗栗,2023-10-04,9657
2468,華經,22,1,21,富邦-苗栗,2023-10-04,9657
2409,友達,27,7,20,富邦-苗栗,2023-10-04,9657
1802,台玻,20,0,20,富邦-苗栗,2023-10-04,9657
2905,三商,20,0,20,富邦-苗栗,2023-10-04,9657
6770,力積電,19,0,19,富邦-苗栗,2023-10-04,9657
2002,中鋼,24,5,19,富邦-苗栗,2023-10-04,9657
00923,群益台ESG低碳50,18,0,18,富邦-苗栗,2023-10-04,9657
2880,華南金,17,0,17,富邦-苗栗,2023-10-04,9657
2881,富邦金,17,1,16,富邦-苗栗,2023-10-04,9657
2885,元大金,14,0,14,富邦-苗栗,2023-10-04,9657
00730,富邦臺灣優質高息,14,0,14,富邦-苗栗,2023-10-04,9657
00882,中信中國高股息,14,0,14,富邦-苗栗,2023-10-04,9657
3231,緯創,22,9,13,富邦-苗栗,2023-10-04,9657
2501,國建,13,0,13,富邦-苗栗,2023-10-04,9657
1301,台塑,12,0,12,富邦-苗栗,2023-10-04,9657
3567,逸昌,12,0,12,富邦-苗栗,2023-10-04,9657
6188,廣明,12,0,12,富邦-苗栗,2023-10-04,9657
2892,第一金,12,0,12,富邦-苗栗,2023-10-04,9657
2201,裕隆,13,2,11,富邦-苗栗,2023-10-04,9657
2027,大成鋼,11,0,11,富邦-苗栗,2023-10-04,9657
00795B,中信美國公債20年,11,0,11,富邦-苗栗,2023-10-04,9657
00888,永豐台灣ESG,10,0,10,富邦-苗栗,2023-10-04,9657
00857B,永豐20年美公債,10,0,10,富邦-苗栗,2023-10-04,9657
2103,台橡,10,0,10,富邦-苗栗,2023-10-04,9657
2406,國碩,10,0,10,富邦-苗栗,2023-10-04,9657
2408,南亞科,10,0,10,富邦-苗栗,2023-10-04,9657
2601,益航,10,0,10,富邦-苗栗,2023-10-04,9657
5452,佶優,10,0,10,富邦-苗栗,2023-10-04,9657
6142,友勁,10,0,10,富邦-苗栗,2023-10-04,9657
8088,品安,11,1,10,富邦-苗栗,2023-10-04,9657
1618,合機,10,0,10,富邦-苗栗,2023-10-04,9657
00931B,統一美債20年,29,20,9,富邦-苗栗,2023-10-04,9657
00907,永豐優息存股,9,0,9,富邦-苗栗,2023-10-04,9657
00878,國泰永續高股息,9,0,9,富邦-苗栗,2023-10-04,9657
2330,台積電,9,0,9,富邦-苗栗,2023-10-04,9657
1907,永豐餘,9,0,9,富邦-苗栗,2023-10-04,9657
8076,伍豐,9,0,9,富邦-苗栗,2023-10-04,9657
8942,森鉅,9,0,9,富邦-苗栗,2023-10-04,9657
1314,中石化,200,0,200,富邦-苗栗,2023-10-05,9657
00885,富邦越南,117,0,117,富邦-苗栗,2023-10-05,9657
00905,FT臺灣Smart,100,0,100,富邦-苗栗,2023-10-05,9657
00715L,期街口布蘭特正2,53,0,53,富邦-苗栗,2023-10-05,9657
00929,復華台灣科技優息,62,10,52,富邦-苗栗,2023-10-05,9657
1718,中纖,40,0,40,富邦-苗栗,2023-10-05,9657
00712,復華富時不動產,37,0,37,富邦-苗栗,2023-10-05,9657
1301,台塑,35,0,35,富邦-苗栗,2023-10-05,9657
2002,中鋼,38,4,34,富邦-苗栗,2023-10-05,9657
2905,三商,30,0,30,富邦-苗栗,2023-10-05,9657
2427,三商電,27,0,27,富邦-苗栗,2023-10-05,9657
2409,友達,30,6,24,富邦-苗栗,2023-10-05,9657
2630,亞航,22,0,22,富邦-苗栗,2023-10-05,9657
2023,燁輝,20,0,20,富邦-苗栗,2023-10-05,9657
6156,松上,18,2,16,富邦-苗栗,2023-10-05,9657
3231,緯創,30,15,15,富邦-苗栗,2023-10-05,9657
1598,岱宇,113,98,15,富邦-苗栗,2023-10-05,9657
1752,南光,12,0,12,富邦-苗栗,2023-10-05,9657
1815,富喬,27,15,12,富邦-苗栗,2023-10-05,9657
2606,裕民,11,0,11,富邦-苗栗,2023-10-05,9657
8086,宏捷科,16,5,11,富邦-苗栗,2023-10-05,9657
2388,威盛,50,39,11,富邦-苗栗,2023-10-05,9657
1584,精剛,10,0,10,富邦-苗栗,2023-10-05,9657
2641,正德,10,0,10,富邦-苗栗,2023-10-05,9657
9958,世紀鋼,10,0,10,富邦-苗栗,2023-10-05,9657
2440,太空梭,10,0,10,富邦-苗栗,2023-10-05,9657
1603,華電,9,0,9,富邦-苗栗,2023-10-05,9657
2353,宏��,12,4,8,富邦-苗栗,2023-10-05,9657
3702A,大聯大甲特,8,0,8,富邦-苗栗,2023-10-05,9657
8240,華宏,8,0,8,富邦-苗栗,2023-10-05,9657
3032,偉訓,10,2,8,富邦-苗栗,2023-10-05,9657
2337,旺宏,7,0,7,富邦-苗栗,2023-10-05,9657
6188,廣明,7,0,7,富邦-苗栗,2023-10-05,9657
8210,勤誠,9,3,6,富邦-苗栗,2023-10-05,9657
3037,欣興,7,1,6,富邦-苗栗,2023-10-05,9657
4906,正文,6,0,6,富邦-苗栗,2023-10-05,9657
6695,芯鼎,7,1,6,富邦-苗栗,2023-10-05,9657
6901,鑽石投資,6,0,6,富邦-苗栗,2023-10-05,9657
3005,神基,15,10,5,富邦-苗栗,2023-10-05,9657
2887,台新金,5,0,5,富邦-苗栗,2023-10-05,9657
2382,廣達,9,4,5,富邦-苗栗,2023-10-05,9657
00655L,國泰中國A50正2,5,0,5,富邦-苗栗,2023-10-05,9657
00722B,群益投資級電信債,5,0,5,富邦-苗栗,2023-10-05,9657
01010T,京城樂富R1,5,0,5,富邦-苗栗,2023-10-05,9657
2201,裕隆,7,2,5,富邦-苗栗,2023-10-05,9657
2462,良得電,5,0,5,富邦-苗栗,2023-10-05,9657
2601,益航,5,0,5,富邦-苗栗,2023-10-05,9657
5498,凱崴,5,0,5,富邦-苗栗,2023-10-05,9657
1101,台泥,7,3,4,富邦-苗栗,2023-10-05,9657
00720B,元大投資級公司債,4,0,4,富邦-苗栗,2023-10-05,9657
00885,富邦越南,328,0,328,富邦-苗栗,2023-10-06,9657
00671R,富邦NASDAQ反1,305,0,305,富邦-苗栗,2023-10-06,9657
2002,中鋼,87,0,87,富邦-苗栗,2023-10-06,9657
2409,友達,81,1,80,富邦-苗栗,2023-10-06,9657
00929,復華台灣科技優息,73,1,72,富邦-苗栗,2023-10-06,9657
00715L,期街口布蘭特正2,71,2,69,富邦-苗栗,2023-10-06,9657
00922,國泰台灣領袖50,56,4,52,富邦-苗栗,2023-10-06,9657
1598,岱宇,49,0,49,富邦-苗栗,2023-10-06,9657
00680L,元大美債20正2,41,1,40,富邦-苗栗,2023-10-06,9657
00679B,元大美債20年,29,0,29,富邦-苗栗,2023-10-06,9657
2442,新美齊,27,0,27,富邦-苗栗,2023-10-06,9657
2363,矽統,33,7,26,富邦-苗栗,2023-10-06,9657
3438,類比科,24,0,24,富邦-苗栗,2023-10-06,9657
6570,維田,20,0,20,富邦-苗栗,2023-10-06,9657
2610,華航,18,0,18,富邦-苗栗,2023-10-06,9657
2605,新興,72,55,17,富邦-苗栗,2023-10-06,9657
2101,南港,16,0,16,富邦-苗栗,2023-10-06,9657
2431,聯昌,15,0,15,富邦-苗栗,2023-10-06,9657
3702,大聯大,16,1,15,富邦-苗栗,2023-10-06,9657
1471,首利,14,0,14,富邦-苗栗,2023-10-06,9657
00795B,中信美國公債20年,13,0,13,富邦-苗栗,2023-10-06,9657
1603,華電,13,0,13,富邦-苗栗,2023-10-06,9657
2402,毅嘉,12,0,12,富邦-苗栗,2023-10-06,9657
5469,瀚宇博,55,43,12,富邦-苗栗,2023-10-06,9657
2313,華通,14,2,12,富邦-苗栗,2023-10-06,9657
2312,金寶,11,0,11,富邦-苗栗,2023-10-06,9657
00720B,元大投資級公司債,10,0,10,富邦-苗栗,2023-10-06,9657
1102,亞泥,10,0,10,富邦-苗栗,2023-10-06,9657
1909,榮成,10,0,10,富邦-苗栗,2023-10-06,9657
2014,中鴻,15,5,10,富邦-苗栗,2023-10-06,9657
2405,輔信,10,0,10,富邦-苗栗,2023-10-06,9657
2408,南亞科,10,0,10,富邦-苗栗,2023-10-06,9657
3122,笙泉,11,2,9,富邦-苗栗,2023-10-06,9657
8093,保銳,9,0,9,富邦-苗栗,2023-10-06,9657
8110,華東,10,1,9,富邦-苗栗,2023-10-06,9657
9105,泰金寶-DR,9,0,9,富邦-苗栗,2023-10-06,9657
2618,長榮航,13,5,8,富邦-苗栗,2023-10-06,9657
2891,中信金,8,0,8,富邦-苗栗,2023-10-06,9657
8271,宇瞻,7,0,7,富邦-苗栗,2023-10-06,9657
00712,復華富時不動產,6,0,6,富邦-苗栗,2023-10-06,9657
5351,鈺創,11,5,6,富邦-苗栗,2023-10-06,9657
8163,達方,6,0,6,富邦-苗栗,2023-10-06,9657
8936,國統,6,0,6,富邦-苗栗,2023-10-06,9657
2834,臺企銀,5,0,5,富邦-苗栗,2023-10-06,9657
2887,台新金,5,0,5,富邦-苗栗,2023-10-06,9657
2537,聯上發,5,0,5,富邦-苗栗,2023-10-06,9657
2883,凱基金,5,0,5,富邦-苗栗,2023-10-06,9657
3036,文曄,10,5,5,富邦-苗栗,2023-10-06,9657
3317,尼克森,5,0,5,富邦-苗栗,2023-10-06,9657
6120,達運,7,2,5,富邦-苗栗,2023-10-06,9657
00665L,富邦�琤肭磪囓�2,200,2,198,富邦-苗栗,2023-10-11,9657
00929,復華台灣科技優息,166,23,143,富邦-苗栗,2023-10-11,9657
00753L,中信中國50正2,120,2,118,富邦-苗栗,2023-10-11,9657
2208,台船,53,0,53,富邦-苗栗,2023-10-11,9657
1598,岱宇,68,18,50,富邦-苗栗,2023-10-11,9657
3231,緯創,79,29,50,富邦-苗栗,2023-10-11,9657
0056,元大高股息,42,0,42,富邦-苗栗,2023-10-11,9657
2014,中鴻,39,3,36,富邦-苗栗,2023-10-11,9657
2002,中鋼,34,1,33,富邦-苗栗,2023-10-11,9657
3346,麗清,31,0,31,富邦-苗栗,2023-10-11,9657
3088,艾訊,26,0,26,富邦-苗栗,2023-10-11,9657
00919,群益台灣精選高息,26,0,26,富邦-苗栗,2023-10-11,9657
2402,毅嘉,25,3,22,富邦-苗栗,2023-10-11,9657
2331,精英,21,0,21,富邦-苗栗,2023-10-11,9657
3363,上詮,23,2,21,富邦-苗栗,2023-10-11,9657
6282,康舒,21,1,20,富邦-苗栗,2023-10-11,9657
1325,恆大,20,0,20,富邦-苗栗,2023-10-11,9657
1605,華新,20,2,18,富邦-苗栗,2023-10-11,9657
2612,中航,17,0,17,富邦-苗栗,2023-10-11,9657
2610,華航,17,2,15,富邦-苗栗,2023-10-11,9657
2736,富野,15,0,15,富邦-苗栗,2023-10-11,9657
6202,盛群,15,0,15,富邦-苗栗,2023-10-11,9657
3630,新鉅科,13,1,12,富邦-苗栗,2023-10-11,9657
3704,合勤控,12,0,12,富邦-苗栗,2023-10-11,9657
6770,力積電,12,0,12,富邦-苗栗,2023-10-11,9657
8213,志超,12,0,12,富邦-苗栗,2023-10-11,9657
2376,技嘉,17,5,12,富邦-苗栗,2023-10-11,9657
2399,映泰,19,8,11,富邦-苗栗,2023-10-11,9657
1723,中碳,11,1,10,富邦-苗栗,2023-10-11,9657
2537,聯上發,10,0,10,富邦-苗栗,2023-10-11,9657
4934,太極,10,0,10,富邦-苗栗,2023-10-11,9657
5222,全訊,10,0,10,富邦-苗栗,2023-10-11,9657
6108,競國,9,0,9,富邦-苗栗,2023-10-11,9657
8240,華宏,9,0,9,富邦-苗栗,2023-10-11,9657
00751B,元大AAA至A公司債,9,0,9,富邦-苗栗,2023-10-11,9657
3037,欣興,9,1,8,富邦-苗栗,2023-10-11,9657
6901,鑽石投資,9,1,8,富邦-苗栗,2023-10-11,9657
00720B,元大投資級公司債,8,0,8,富邦-苗栗,2023-10-11,9657
1339,昭輝,8,1,7,富邦-苗栗,2023-10-11,9657
2329,華泰,11,4,7,富邦-苗栗,2023-10-11,9657
3325,旭品,9,2,7,富邦-苗栗,2023-10-11,9657
3044,健鼎,6,0,6,富邦-苗栗,2023-10-11,9657
2323,中環,6,0,6,富邦-苗栗,2023-10-11,9657
2355,敬鵬,6,0,6,富邦-苗栗,2023-10-11,9657
5321,美而快,6,0,6,富邦-苗栗,2023-10-11,9657
00918,大華優利高填息30,5,0,5,富邦-苗栗,2023-10-11,9657
2409,友達,6,1,5,富邦-苗栗,2023-10-11,9657
6125,廣運,6,1,5,富邦-苗栗,2023-10-11,9657
6672,騰輝電子-KY,5,0,5,富邦-苗栗,2023-10-11,9657
1210,大成,5,0,5,富邦-苗栗,2023-10-11,9657
00665L,富邦�琤肭磪囓�2,150,12,138,富邦-苗栗,2023-10-12,9657
1102,亞泥,59,0,59,富邦-苗栗,2023-10-12,9657
00882,中信中國高股息,52,0,52,富邦-苗栗,2023-10-12,9657
9904,寶成,51,0,51,富邦-苗栗,2023-10-12,9657
2103,台橡,40,0,40,富邦-苗栗,2023-10-12,9657
2362,藍天,30,0,30,富邦-苗栗,2023-10-12,9657
00715L,期街口布蘭特正2,27,0,27,富邦-苗栗,2023-10-12,9657
6457,紘康,27,0,27,富邦-苗栗,2023-10-12,9657
00720B,元大投資級公司債,23,0,23,富邦-苗栗,2023-10-12,9657
1708,東鹼,15,0,15,富邦-苗栗,2023-10-12,9657
2331,精英,14,1,13,富邦-苗栗,2023-10-12,9657
00929,復華台灣科技優息,20,7,13,富邦-苗栗,2023-10-12,9657
3045,台灣大,10,0,10,富邦-苗栗,2023-10-12,9657
2009,第一銅,10,0,10,富邦-苗栗,2023-10-12,9657
00922,國泰台灣領袖50,10,0,10,富邦-苗栗,2023-10-12,9657
00738U,期元大道瓊白銀,10,0,10,富邦-苗栗,2023-10-12,9657
1305,華夏,10,0,10,富邦-苗栗,2023-10-12,9657
1325,恆大,10,0,10,富邦-苗栗,2023-10-12,9657
1524,耿鼎,11,1,10,富邦-苗栗,2023-10-12,9657
2393,億光,10,0,10,富邦-苗栗,2023-10-12,9657
2405,輔信,10,0,10,富邦-苗栗,2023-10-12,9657
2468,華經,16,6,10,富邦-苗栗,2023-10-12,9657
2515,中工,10,0,10,富邦-苗栗,2023-10-12,9657
3059,華晶科,10,0,10,富邦-苗栗,2023-10-12,9657
6168,宏齊,10,0,10,富邦-苗栗,2023-10-12,9657
8050,廣積,10,0,10,富邦-苗栗,2023-10-12,9657
2618,長榮航,11,1,10,富邦-苗栗,2023-10-12,9657
00676R,富邦臺灣加權反1,70,61,9,富邦-苗栗,2023-10-12,9657
2537,聯上發,10,1,9,富邦-苗栗,2023-10-12,9657
2801,彰銀,11,2,9,富邦-苗栗,2023-10-12,9657
3530,晶相光,10,1,9,富邦-苗栗,2023-10-12,9657
2615,萬海,11,3,8,富邦-苗栗,2023-10-12,9657
8271,宇瞻,8,0,8,富邦-苗栗,2023-10-12,9657
2538,基泰,8,0,8,富邦-苗栗,2023-10-12,9657
00931B,統一美債20年,8,1,7,富邦-苗栗,2023-10-12,9657
2352,佳世達,7,0,7,富邦-苗栗,2023-10-12,9657
2382,廣達,17,11,6,富邦-苗栗,2023-10-12,9657
3706,神達,8,2,6,富邦-苗栗,2023-10-12,9657
00918,大華優利高填息30,6,0,6,富邦-苗栗,2023-10-12,9657
00751B,元大AAA至A公司債,6,0,6,富邦-苗栗,2023-10-12,9657
2610,華航,7,1,6,富邦-苗栗,2023-10-12,9657
6435,大中,6,0,6,富邦-苗栗,2023-10-12,9657
00795B,中信美國公債20年,5,0,5,富邦-苗栗,2023-10-12,9657
2603,長榮,8,4,4,富邦-苗栗,2023-10-12,9657
1598,岱宇,10,6,4,富邦-苗栗,2023-10-12,9657
2002,中鋼,6,2,4,富邦-苗栗,2023-10-12,9657
3013,晟銘電,6,2,4,富邦-苗栗,2023-10-12,9657
3032,偉訓,4,0,4,富邦-苗栗,2023-10-12,9657
3236,千如,6,2,4,富邦-苗栗,2023-10-12,9657
4714,永捷,4,0,4,富邦-苗栗,2023-10-12,9657
00929,復華台灣科技優息,129,10,119,富邦-苗栗,2023-10-13,9657
00679B,元大美債20年,114,0,114,富邦-苗栗,2023-10-13,9657
0056,元大高股息,52,0,52,富邦-苗栗,2023-10-13,9657
6695,芯鼎,43,0,43,富邦-苗栗,2023-10-13,9657
2618,長榮航,36,0,36,富邦-苗栗,2023-10-13,9657
00878,國泰永續高股息,35,1,34,富邦-苗栗,2023-10-13,9657
2363,矽統,118,84,34,富邦-苗栗,2023-10-13,9657
00931B,統一美債20年,32,0,32,富邦-苗栗,2023-10-13,9657
3346,麗清,31,0,31,富邦-苗栗,2023-10-13,9657
2425,承啟,31,2,29,富邦-苗栗,2023-10-13,9657
00720B,元大投資級公司債,28,1,27,富邦-苗栗,2023-10-13,9657
6457,紘康,27,0,27,富邦-苗栗,2023-10-13,9657
2382,廣達,30,5,25,富邦-苗栗,2023-10-13,9657
1413,宏洲,24,0,24,富邦-苗栗,2023-10-13,9657
2882,國泰金,24,2,22,富邦-苗栗,2023-10-13,9657
6005,群益證,21,0,21,富邦-苗栗,2023-10-13,9657
3231,緯創,37,17,20,富邦-苗栗,2023-10-13,9657
1905,華紙,22,5,17,富邦-苗栗,2023-10-13,9657
00919,群益台灣精選高息,22,5,17,富邦-苗栗,2023-10-13,9657
2002,中鋼,13,0,13,富邦-苗栗,2023-10-13,9657
3037,欣興,13,1,12,富邦-苗栗,2023-10-13,9657
00633L,富邦上証正2,12,0,12,富邦-苗栗,2023-10-13,9657
00688L,國泰20年美債正2,12,0,12,富邦-苗栗,2023-10-13,9657
2356,英業達,19,8,11,富邦-苗栗,2023-10-13,9657
2610,華航,12,1,11,富邦-苗栗,2023-10-13,9657
1504,東元,11,0,11,富邦-苗栗,2023-10-13,9657
00907,永豐優息存股,11,0,11,富邦-苗栗,2023-10-13,9657
00680L,元大美債20正2,11,0,11,富邦-苗栗,2023-10-13,9657
1326,台化,11,0,11,富邦-苗栗,2023-10-13,9657
1598,岱宇,14,3,11,富邦-苗栗,2023-10-13,9657
2402,毅嘉,17,6,11,富邦-苗栗,2023-10-13,9657
2605,新興,12,1,11,富邦-苗栗,2023-10-13,9657
3005,神基,11,0,11,富邦-苗栗,2023-10-13,9657
2009,第一銅,10,0,10,富邦-苗栗,2023-10-13,9657
00655L,國泰中國A50正2,10,0,10,富邦-苗栗,2023-10-13,9657
00650L,復華香港正2,10,0,10,富邦-苗栗,2023-10-13,9657
2405,輔信,10,0,10,富邦-苗栗,2023-10-13,9657
2516,新建,10,0,10,富邦-苗栗,2023-10-13,9657
6164,華興,10,0,10,富邦-苗栗,2023-10-13,9657
6790,永豐實,10,0,10,富邦-苗栗,2023-10-13,9657
1102,亞泥,10,1,9,富邦-苗栗,2023-10-13,9657
6284,佳邦,18,9,9,富邦-苗栗,2023-10-13,9657
00665L,富邦�琤肭磪囓�2,9,0,9,富邦-苗栗,2023-10-13,9657
1584,精剛,9,0,9,富邦-苗栗,2023-10-13,9657
1701,中化,10,1,9,富邦-苗栗,2023-10-13,9657
2338,光罩,10,1,9,富邦-苗栗,2023-10-13,9657
2344,華邦電,17,8,9,富邦-苗栗,2023-10-13,9657
2355,敬鵬,12,3,9,富邦-苗栗,2023-10-13,9657
6116,彩晶,10,1,9,富邦-苗栗,2023-10-13,9657
6581,鋼聯,9,0,9,富邦-苗栗,2023-10-13,9657
2515,中工,219,11,208,富邦-苗栗,2023-10-16,9657
0056,元大高股息,73,0,73,富邦-苗栗,2023-10-16,9657
00929,復華台灣科技優息,71,0,71,富邦-苗栗,2023-10-16,9657
5222,全訊,62,1,61,富邦-苗栗,2023-10-16,9657
1102,亞泥,60,0,60,富邦-苗栗,2023-10-16,9657
2344,華邦電,60,5,55,富邦-苗栗,2023-10-16,9657
2610,華航,54,17,37,富邦-苗栗,2023-10-16,9657
00922,國泰台灣領袖50,37,0,37,富邦-苗栗,2023-10-16,9657
4714,永捷,31,0,31,富邦-苗栗,2023-10-16,9657
6695,芯鼎,31,1,30,富邦-苗栗,2023-10-16,9657
2201,裕隆,35,12,23,富邦-苗栗,2023-10-16,9657
1605,華新,23,0,23,富邦-苗栗,2023-10-16,9657
2305,全友,23,0,23,富邦-苗栗,2023-10-16,9657
3231,緯創,31,10,21,富邦-苗栗,2023-10-16,9657
00900,富邦特選高股息30,20,0,20,富邦-苗栗,2023-10-16,9657
5009,榮剛,20,1,19,富邦-苗栗,2023-10-16,9657
2363,矽統,104,86,18,富邦-苗栗,2023-10-16,9657
2812,台中銀,17,0,17,富邦-苗栗,2023-10-16,9657
2002,中鋼,31,14,17,富邦-苗栗,2023-10-16,9657
00633L,富邦上証正2,16,0,16,富邦-苗栗,2023-10-16,9657
8070,長華*,15,0,15,富邦-苗栗,2023-10-16,9657
1314,中石化,37,24,13,富邦-苗栗,2023-10-16,9657
2402,毅嘉,13,0,13,富邦-苗栗,2023-10-16,9657
2892,第一金,18,6,12,富邦-苗栗,2023-10-16,9657
8112,至上,12,0,12,富邦-苗栗,2023-10-16,9657
00905,FT臺灣Smart,12,0,12,富邦-苗栗,2023-10-16,9657
3037,欣興,12,1,11,富邦-苗栗,2023-10-16,9657
00878,國泰永續高股息,11,0,11,富邦-苗栗,2023-10-16,9657
6005,群益證,11,0,11,富邦-苗栗,2023-10-16,9657
4306,炎洲,11,0,11,富邦-苗栗,2023-10-16,9657
00642U,期元大S＆P石油,10,0,10,富邦-苗栗,2023-10-16,9657
1603,華電,10,0,10,富邦-苗栗,2023-10-16,9657
2312,金寶,20,10,10,富邦-苗栗,2023-10-16,9657
2440,太空梭,10,0,10,富邦-苗栗,2023-10-16,9657
8049,晶采,10,0,10,富邦-苗栗,2023-10-16,9657
8050,廣積,10,0,10,富邦-苗栗,2023-10-16,9657
2417,圓剛,9,0,9,富邦-苗栗,2023-10-16,9657
2609,陽明,11,3,8,富邦-苗栗,2023-10-16,9657
8076,伍豐,8,0,8,富邦-苗栗,2023-10-16,9657
00931B,統一美債20年,8,1,7,富邦-苗栗,2023-10-16,9657
3234,光環,7,0,7,富邦-苗栗,2023-10-16,9657
4908,前鼎,18,12,6,富邦-苗栗,2023-10-16,9657
3481,群創,6,0,6,富邦-苗栗,2023-10-16,9657
6274,台燿,9,3,6,富邦-苗栗,2023-10-16,9657
00830,國泰費城半導體,6,0,6,富邦-苗栗,2023-10-16,9657
00907,永豐優息存股,6,0,6,富邦-苗栗,2023-10-16,9657
2498,宏達電,7,1,6,富邦-苗栗,2023-10-16,9657
4744,皇將,6,0,6,富邦-苗栗,2023-10-16,9657
6457,紘康,7,1,6,富邦-苗栗,2023-10-16,9657
3715,定穎投控,48,42,6,富邦-苗栗,2023-10-16,9657
0056,元大高股息,130,0,130,富邦-苗栗,2023-10-17,9657
1314,中石化,78,22,56,富邦-苗栗,2023-10-17,9657
00680L,元大美債20正2,51,0,51,富邦-苗栗,2023-10-17,9657
9904,寶成,42,0,42,富邦-苗栗,2023-10-17,9657
00687B,國泰20年美債,42,0,42,富邦-苗栗,2023-10-17,9657
00922,國泰台灣領袖50,38,2,36,富邦-苗栗,2023-10-17,9657
00878,國泰永續高股息,35,1,34,富邦-苗栗,2023-10-17,9657
6770,力積電,36,3,33,富邦-苗栗,2023-10-17,9657
4130,健亞,26,0,26,富邦-苗栗,2023-10-17,9657
2610,華航,35,12,23,富邦-苗栗,2023-10-17,9657
2201,裕隆,24,4,20,富邦-苗栗,2023-10-17,9657
9907,統一實,20,0,20,富邦-苗栗,2023-10-17,9657
3231,緯創,61,42,19,富邦-苗栗,2023-10-17,9657
00720B,元大投資級公司債,19,0,19,富邦-苗栗,2023-10-17,9657
2324,仁寶,22,3,19,富邦-苗栗,2023-10-17,9657
2356,英業達,20,3,17,富邦-苗栗,2023-10-17,9657
2618,長榮航,27,10,17,富邦-苗栗,2023-10-17,9657
2355,敬鵬,19,3,16,富邦-苗栗,2023-10-17,9657
6435,大中,16,0,16,富邦-苗栗,2023-10-17,9657
1905,華紙,14,0,14,富邦-苗栗,2023-10-17,9657
00919,群益台灣精選高息,24,11,13,富邦-苗栗,2023-10-17,9657
2892,第一金,14,1,13,富邦-苗栗,2023-10-17,9657
00772B,中信高評級公司債,13,0,13,富邦-苗栗,2023-10-17,9657
00931B,統一美債20年,13,2,11,富邦-苗栗,2023-10-17,9657
00679B,元大美債20年,11,0,11,富邦-苗栗,2023-10-17,9657
1504,東元,13,2,11,富邦-苗栗,2023-10-17,9657
2357,華碩,10,0,10,富邦-苗栗,2023-10-17,9657
00713,元大台灣高息低波,10,0,10,富邦-苗栗,2023-10-17,9657
00929,復華台灣科技優息,18,8,10,富邦-苗栗,2023-10-17,9657
2352,佳世達,10,0,10,富邦-苗栗,2023-10-17,9657
00715L,期街口布蘭特正2,10,0,10,富邦-苗栗,2023-10-17,9657
00637L,元大滬深300正2,10,0,10,富邦-苗栗,2023-10-17,9657
2328,廣宇,11,1,10,富邦-苗栗,2023-10-17,9657
2405,輔信,10,0,10,富邦-苗栗,2023-10-17,9657
2605,新興,10,0,10,富邦-苗栗,2023-10-17,9657
6790,永豐實,10,0,10,富邦-苗栗,2023-10-17,9657
8070,長華*,10,0,10,富邦-苗栗,2023-10-17,9657
8240,華宏,10,0,10,富邦-苗栗,2023-10-17,9657
3059,華晶科,10,1,9,富邦-苗栗,2023-10-17,9657
6530,創威,24,15,9,富邦-苗栗,2023-10-17,9657
6274,台燿,10,3,7,富邦-苗栗,2023-10-17,9657
2331,精英,7,0,7,富邦-苗栗,2023-10-17,9657
3715,定穎投控,33,26,7,富邦-苗栗,2023-10-17,9657
5880,合庫金,7,0,7,富邦-苗栗,2023-10-17,9657
1584,精剛,6,0,6,富邦-苗栗,2023-10-17,9657
2204,中華,10,4,6,富邦-苗栗,2023-10-17,9657
2323,中環,6,0,6,富邦-苗栗,2023-10-17,9657
3013,晟銘電,6,0,6,富邦-苗栗,2023-10-17,9657
3581,博磊,6,0,6,富邦-苗栗,2023-10-17,9657
6284,佳邦,7,1,6,富邦-苗栗,2023-10-17,9657
00885,富邦越南,211,5,206,富邦-苗栗,2023-10-18,9657
0056,元大高股息,112,0,112,富邦-苗栗,2023-10-18,9657
00878,國泰永續高股息,114,13,101,富邦-苗栗,2023-10-18,9657
00929,復華台灣科技優息,110,50,60,富邦-苗栗,2023-10-18,9657
4130,健亞,58,0,58,富邦-苗栗,2023-10-18,9657
00687B,國泰20年美債,57,0,57,富邦-苗栗,2023-10-18,9657
00919,群益台灣精選高息,50,3,47,富邦-苗栗,2023-10-18,9657
00922,國泰台灣領袖50,37,2,35,富邦-苗栗,2023-10-18,9657
2002,中鋼,35,0,35,富邦-苗栗,2023-10-18,9657
9105,泰金寶-DR,29,0,29,富邦-苗栗,2023-10-18,9657
1905,華紙,30,2,28,富邦-苗栗,2023-10-18,9657
00720B,元大投資級公司債,25,0,25,富邦-苗栗,2023-10-18,9657
2388,威盛,51,26,25,富邦-苗栗,2023-10-18,9657
2323,中環,23,2,21,富邦-苗栗,2023-10-18,9657
1605,華新,25,5,20,富邦-苗栗,2023-10-18,9657
6790,永豐實,20,0,20,富邦-苗栗,2023-10-18,9657
00905,FT臺灣Smart,19,0,19,富邦-苗栗,2023-10-18,9657
2369,菱生,20,3,17,富邦-苗栗,2023-10-18,9657
00931B,統一美債20年,16,0,16,富邦-苗栗,2023-10-18,9657
5371,中光電,15,0,15,富邦-苗栗,2023-10-18,9657
00722B,群益投資級電信債,13,0,13,富邦-苗栗,2023-10-18,9657
2880,華南金,12,0,12,富邦-苗栗,2023-10-18,9657
00900,富邦特選高股息30,12,0,12,富邦-苗栗,2023-10-18,9657
2353,宏��,13,1,12,富邦-苗栗,2023-10-18,9657
2402,毅嘉,12,0,12,富邦-苗栗,2023-10-18,9657
2486,一詮,14,2,12,富邦-苗栗,2023-10-18,9657
6290,良維,12,0,12,富邦-苗栗,2023-10-18,9657
2382,廣達,26,15,11,富邦-苗栗,2023-10-18,9657
2498,宏達電,12,1,11,富邦-苗栗,2023-10-18,9657
1504,東元,11,0,11,富邦-苗栗,2023-10-18,9657
2340,台亞,11,0,11,富邦-苗栗,2023-10-18,9657
6005,群益證,11,0,11,富邦-苗栗,2023-10-18,9657
00680L,元大美債20正2,11,0,11,富邦-苗栗,2023-10-18,9657
00713,元大台灣高息低波,13,3,10,富邦-苗栗,2023-10-18,9657
00923,群益台ESG低碳50,10,0,10,富邦-苗栗,2023-10-18,9657
2031,新光鋼,10,0,10,富邦-苗栗,2023-10-18,9657
2605,新興,40,30,10,富邦-苗栗,2023-10-18,9657
5272,笙科,10,0,10,富邦-苗栗,2023-10-18,9657
6126,信音,10,0,10,富邦-苗栗,2023-10-18,9657
8240,華宏,10,0,10,富邦-苗栗,2023-10-18,9657
9924,福興,10,0,10,富邦-苗栗,2023-10-18,9657
1101,台泥,11,1,10,富邦-苗栗,2023-10-18,9657
6213,聯茂,10,1,9,富邦-苗栗,2023-10-18,9657
2357,華碩,9,0,9,富邦-苗栗,2023-10-18,9657
6129,普誠,9,0,9,富邦-苗栗,2023-10-18,9657
3035,智原,24,15,9,富邦-苗栗,2023-10-18,9657
2610,華航,8,0,8,富邦-苗栗,2023-10-18,9657
00642U,期元大S＆P石油,12,4,8,富邦-苗栗,2023-10-18,9657
6237,驊訊,9,1,8,富邦-苗栗,2023-10-18,9657
6274,台燿,14,6,8,富邦-苗栗,2023-10-18,9657
00885,富邦越南,665,2,663,富邦-苗栗,2023-10-19,9657
00687B,國泰20年美債,137,0,137,富邦-苗栗,2023-10-19,9657
0056,元大高股息,108,0,108,富邦-苗栗,2023-10-19,9657
00933B,國泰10Y+金融債,78,3,75,富邦-苗栗,2023-10-19,9657
00878,國泰永續高股息,74,10,64,富邦-苗栗,2023-10-19,9657
00720B,元大投資級公司債,49,3,46,富邦-苗栗,2023-10-19,9657
2607,榮運,49,6,43,富邦-苗栗,2023-10-19,9657
00931B,統一美債20年,42,0,42,富邦-苗栗,2023-10-19,9657
2031,新光鋼,40,0,40,富邦-苗栗,2023-10-19,9657
1101,台泥,35,0,35,富邦-苗栗,2023-10-19,9657
00633L,富邦上証正2,32,0,32,富邦-苗栗,2023-10-19,9657
00929,復華台灣科技優息,28,0,28,富邦-苗栗,2023-10-19,9657
2486,一詮,26,1,25,富邦-苗栗,2023-10-19,9657
00712,復華富時不動產,23,0,23,富邦-苗栗,2023-10-19,9657
00722B,群益投資級電信債,21,0,21,富邦-苗栗,2023-10-19,9657
00753L,中信中國50正2,21,0,21,富邦-苗栗,2023-10-19,9657
00725B,國泰投資級公司債,20,0,20,富邦-苗栗,2023-10-19,9657
00857B,永豐20年美公債,20,0,20,富邦-苗栗,2023-10-19,9657
2610,華航,17,0,17,富邦-苗栗,2023-10-19,9657
00679B,元大美債20年,15,0,15,富邦-苗栗,2023-10-19,9657
00830,國泰費城半導體,15,0,15,富邦-苗栗,2023-10-19,9657
00650L,復華香港正2,15,0,15,富邦-苗栗,2023-10-19,9657
2323,中環,15,0,15,富邦-苗栗,2023-10-19,9657
2308,台達電,15,1,14,富邦-苗栗,2023-10-19,9657
00922,國泰台灣領袖50,14,0,14,富邦-苗栗,2023-10-19,9657
2303,聯電,34,20,14,富邦-苗栗,2023-10-19,9657
00655L,國泰中國A50正2,13,0,13,富邦-苗栗,2023-10-19,9657
00637L,元大滬深300正2,13,0,13,富邦-苗栗,2023-10-19,9657
2352,佳世達,12,0,12,富邦-苗栗,2023-10-19,9657
3013,晟銘電,17,5,12,富邦-苗栗,2023-10-19,9657
2891,中信金,11,0,11,富邦-苗栗,2023-10-19,9657
00680L,元大美債20正2,11,0,11,富邦-苗栗,2023-10-19,9657
1905,華紙,11,0,11,富邦-苗栗,2023-10-19,9657
00893,國泰智能電動車,10,0,10,富邦-苗栗,2023-10-19,9657
1301,台塑,10,0,10,富邦-苗栗,2023-10-19,9657
2104,國際中橡,10,0,10,富邦-苗栗,2023-10-19,9657
2618,長榮航,11,1,10,富邦-苗栗,2023-10-19,9657
3491,昇達科,12,2,10,富邦-苗栗,2023-10-19,9657
5347,世界,10,0,10,富邦-苗栗,2023-10-19,9657
2313,華通,15,6,9,富邦-苗栗,2023-10-19,9657
2317,鴻海,10,1,9,富邦-苗栗,2023-10-19,9657
3481,群創,10,2,8,富邦-苗栗,2023-10-19,9657
6770,力積電,10,2,8,富邦-苗栗,2023-10-19,9657
9907,統一實,8,0,8,富邦-苗栗,2023-10-19,9657
6213,聯茂,8,1,7,富邦-苗栗,2023-10-19,9657
4128,中天,15,8,7,富邦-苗栗,2023-10-19,9657
2383,台光電,7,0,7,富邦-苗栗,2023-10-19,9657
2498,宏達電,7,0,7,富邦-苗栗,2023-10-19,9657
00751B,元大AAA至A公司債,8,2,6,富邦-苗栗,2023-10-19,9657
3032,偉訓,7,1,6,富邦-苗栗,2023-10-19,9657
00885,富邦越南,482,51,431,富邦-苗栗,2023-10-20,9657
00929,復華台灣科技優息,170,4,166,富邦-苗栗,2023-10-20,9657
00919,群益台灣精選高息,105,0,105,富邦-苗栗,2023-10-20,9657
00878,國泰永續高股息,71,4,67,富邦-苗栗,2023-10-20,9657
6290,良維,65,5,60,富邦-苗栗,2023-10-20,9657
00882,中信中國高股息,61,2,59,富邦-苗栗,2023-10-20,9657
0056,元大高股息,62,9,53,富邦-苗栗,2023-10-20,9657
5371,中光電,45,0,45,富邦-苗栗,2023-10-20,9657
2002,中鋼,32,0,32,富邦-苗栗,2023-10-20,9657
4806,桂田文創,30,0,30,富邦-苗栗,2023-10-20,9657
00712,復華富時不動產,30,0,30,富邦-苗栗,2023-10-20,9657
2888,新光金,27,0,27,富邦-苗栗,2023-10-20,9657
2312,金寶,20,0,20,富邦-苗栗,2023-10-20,9657
6005,群益證,20,0,20,富邦-苗栗,2023-10-20,9657
00713,元大台灣高息低波,18,0,18,富邦-苗栗,2023-10-20,9657
2885,元大金,16,0,16,富邦-苗栗,2023-10-20,9657
00922,國泰台灣領袖50,16,0,16,富邦-苗栗,2023-10-20,9657
2880,華南金,16,2,14,富邦-苗栗,2023-10-20,9657
00633L,富邦上証正2,14,0,14,富邦-苗栗,2023-10-20,9657
00679B,元大美債20年,13,0,13,富邦-苗栗,2023-10-20,9657
00830,國泰費城半導體,13,0,13,富邦-苗栗,2023-10-20,9657
00900,富邦特選高股息30,13,0,13,富邦-苗栗,2023-10-20,9657
2605,新興,12,0,12,富邦-苗栗,2023-10-20,9657
4130,健亞,14,2,12,富邦-苗栗,2023-10-20,9657
1101,台泥,11,0,11,富邦-苗栗,2023-10-20,9657
2883,凱基金,13,2,11,富邦-苗栗,2023-10-20,9657
4906,正文,11,0,11,富邦-苗栗,2023-10-20,9657
6196,帆宣,11,0,11,富邦-苗栗,2023-10-20,9657
6288,聯嘉,11,0,11,富邦-苗栗,2023-10-20,9657
00915,凱基優選高股息30,10,0,10,富邦-苗栗,2023-10-20,9657
2881,富邦金,13,3,10,富邦-苗栗,2023-10-20,9657
00673R,期元大S＆P原油反1,10,0,10,富邦-苗栗,2023-10-20,9657
1802,台玻,10,0,10,富邦-苗栗,2023-10-20,9657
2610,華航,20,11,9,富邦-苗栗,2023-10-20,9657
2383,台光電,10,1,9,富邦-苗栗,2023-10-20,9657
3005,神基,8,0,8,富邦-苗栗,2023-10-20,9657
1216,統一,7,0,7,富邦-苗栗,2023-10-20,9657
2606,裕民,49,42,7,富邦-苗栗,2023-10-20,9657
3032,偉訓,7,0,7,富邦-苗栗,2023-10-20,9657
2834,臺企銀,14,8,6,富邦-苗栗,2023-10-20,9657
6213,聯茂,7,1,6,富邦-苗栗,2023-10-20,9657
00907,永豐優息存股,6,0,6,富邦-苗栗,2023-10-20,9657
2353,宏��,8,2,6,富邦-苗栗,2023-10-20,9657
8069,元太,6,0,6,富邦-苗栗,2023-10-20,9657
1609,大亞,7,1,6,富邦-苗栗,2023-10-20,9657
2031,新光鋼,12,6,6,富邦-苗栗,2023-10-20,9657
2515,中工,6,0,6,富邦-苗栗,2023-10-20,9657
5880,合庫金,5,0,5,富邦-苗栗,2023-10-20,9657
00642U,期元大S＆P石油,6,0,6,富邦-苗栗,2023-10-20,9657
2388,威盛,14,9,5,富邦-苗栗,2023-10-20,9657
2344,華邦電,303,0,303,富邦-苗栗,2023-10-23,9657
00929,復華台灣科技優息,201,0,201,富邦-苗栗,2023-10-23,9657
2812,台中銀,100,7,93,富邦-苗栗,2023-10-23,9657
00679B,元大美債20年,89,2,87,富邦-苗栗,2023-10-23,9657
00919,群益台灣精選高息,66,0,66,富邦-苗栗,2023-10-23,9657
00882,中信中國高股息,62,0,62,富邦-苗栗,2023-10-23,9657
6219,富旺,50,0,50,富邦-苗栗,2023-10-23,9657
00712,復華富時不動產,48,0,48,富邦-苗栗,2023-10-23,9657
2317,鴻海,50,2,48,富邦-苗栗,2023-10-23,9657
00830,國泰費城半導體,41,0,41,富邦-苗栗,2023-10-23,9657
6290,良維,36,4,32,富邦-苗栗,2023-10-23,9657
2892,第一金,26,1,25,富邦-苗栗,2023-10-23,9657
2605,新興,33,9,24,富邦-苗栗,2023-10-23,9657
2399,映泰,25,2,23,富邦-苗栗,2023-10-23,9657
00923,群益台ESG低碳50,22,0,22,富邦-苗栗,2023-10-23,9657
4960,誠美材,21,0,21,富邦-苗栗,2023-10-23,9657
00725B,國泰投資級公司債,20,0,20,富邦-苗栗,2023-10-23,9657
00900,富邦特選高股息30,22,2,20,富邦-苗栗,2023-10-23,9657
00915,凱基優選高股息30,20,0,20,富邦-苗栗,2023-10-23,9657
4806,桂田文創,20,0,20,富邦-苗栗,2023-10-23,9657
6282,康舒,21,1,20,富邦-苗栗,2023-10-23,9657
6530,創威,19,1,18,富邦-苗栗,2023-10-23,9657
00931B,統一美債20年,16,0,16,富邦-苗栗,2023-10-23,9657
2885,元大金,14,0,14,富邦-苗栗,2023-10-23,9657
2606,裕民,15,1,14,富邦-苗栗,2023-10-23,9657
00878,國泰永續高股息,65,51,14,富邦-苗栗,2023-10-23,9657
5880,合庫金,12,0,12,富邦-苗栗,2023-10-23,9657
2357,華碩,11,0,11,富邦-苗栗,2023-10-23,9657
00753L,中信中國50正2,11,0,11,富邦-苗栗,2023-10-23,9657
2610,華航,13,2,11,富邦-苗栗,2023-10-23,9657
3704,合勤控,11,0,11,富邦-苗栗,2023-10-23,9657
1301,台塑,11,0,11,富邦-苗栗,2023-10-23,9657
8069,元太,10,0,10,富邦-苗栗,2023-10-23,9657
00857B,永豐20年美公債,10,0,10,富邦-苗栗,2023-10-23,9657
1326,台化,10,0,10,富邦-苗栗,2023-10-23,9657
2002,中鋼,11,1,10,富邦-苗栗,2023-10-23,9657
2305,全友,14,4,10,富邦-苗栗,2023-10-23,9657
2338,光罩,10,1,9,富邦-苗栗,2023-10-23,9657
6770,力積電,8,0,8,富邦-苗栗,2023-10-23,9657
5381,合正,8,0,8,富邦-苗栗,2023-10-23,9657
6244,茂迪,10,2,8,富邦-苗栗,2023-10-23,9657
00933B,國泰10Y+金融債,48,41,7,富邦-苗栗,2023-10-23,9657
00715L,期街口布蘭特正2,13,6,7,富邦-苗栗,2023-10-23,9657
1471,首利,7,0,7,富邦-苗栗,2023-10-23,9657
2883,凱基金,8,1,7,富邦-苗栗,2023-10-23,9657
6213,聯茂,7,0,7,富邦-苗栗,2023-10-23,9657
3481,群創,8,1,7,富邦-苗栗,2023-10-23,9657
1216,統一,7,0,7,富邦-苗栗,2023-10-23,9657
2330,台積電,6,0,6,富邦-苗栗,2023-10-23,9657
00730,富邦臺灣優質高息,6,0,6,富邦-苗栗,2023-10-23,9657
00885,富邦越南,112,1,111,富邦-苗栗,2023-10-24,9657
8150,南茂,30,2,28,富邦-苗栗,2023-10-24,9657
0056,元大高股息,33,7,26,富邦-苗栗,2023-10-24,9657
3041,揚智,71,46,25,富邦-苗栗,2023-10-24,9657
00712,復華富時不動產,25,0,25,富邦-苗栗,2023-10-24,9657
1301,台塑,24,0,24,富邦-苗栗,2023-10-24,9657
2352,佳世達,21,0,21,富邦-苗栗,2023-10-24,9657
2317,鴻海,60,39,21,富邦-苗栗,2023-10-24,9657
1781,合世,20,0,20,富邦-苗栗,2023-10-24,9657
00929,復華台灣科技優息,118,99,19,富邦-苗栗,2023-10-24,9657
2302,麗正,19,0,19,富邦-苗栗,2023-10-24,9657
2002,中鋼,18,1,17,富邦-苗栗,2023-10-24,9657
02001B,統一美國政府債N,16,0,16,富邦-苗栗,2023-10-24,9657
00640L,富邦日本正2,15,0,15,富邦-苗栗,2023-10-24,9657
2883,凱基金,15,0,15,富邦-苗栗,2023-10-24,9657
00919,群益台灣精選高息,13,0,13,富邦-苗栗,2023-10-24,9657
3036,文曄,14,1,13,富邦-苗栗,2023-10-24,9657
2610,華航,14,2,12,富邦-苗栗,2023-10-24,9657
3711,日月光投控,12,0,12,富邦-苗栗,2023-10-24,9657
00679B,元大美債20年,11,0,11,富邦-苗栗,2023-10-24,9657
00878,國泰永續高股息,19,9,10,富邦-苗栗,2023-10-24,9657
1303,南亞,10,0,10,富邦-苗栗,2023-10-24,9657
00633L,富邦上証正2,10,0,10,富邦-苗栗,2023-10-24,9657
00688L,國泰20年美債正2,10,0,10,富邦-苗栗,2023-10-24,9657
3122,笙泉,28,19,9,富邦-苗栗,2023-10-24,9657
1721,三晃,10,1,9,富邦-苗栗,2023-10-24,9657
2618,長榮航,16,7,9,富邦-苗栗,2023-10-24,9657
1101,台泥,7,0,7,富邦-苗栗,2023-10-24,9657
2834,臺企銀,7,0,7,富邦-苗栗,2023-10-24,9657
00900,富邦特選高股息30,7,0,7,富邦-苗栗,2023-10-24,9657
2543,皇昌,10,3,7,富邦-苗栗,2023-10-24,9657
3450,聯鈞,14,7,7,富邦-苗栗,2023-10-24,9657
2368,金像電,7,0,7,富邦-苗栗,2023-10-24,9657
2369,菱生,43,36,7,富邦-苗栗,2023-10-24,9657
3481,群創,8,2,6,富邦-苗栗,2023-10-24,9657
2605,新興,25,19,6,富邦-苗栗,2023-10-24,9657
00902,中信電池及儲能,6,0,6,富邦-苗栗,2023-10-24,9657
1732,毛寶,6,0,6,富邦-苗栗,2023-10-24,9657
2367,燿華,8,2,6,富邦-苗栗,2023-10-24,9657
2383,台光電,6,0,6,富邦-苗栗,2023-10-24,9657
2630,亞航,7,1,6,富邦-苗栗,2023-10-24,9657
3025,星通,10,4,6,富邦-苗栗,2023-10-24,9657
3548,兆利,7,1,6,富邦-苗栗,2023-10-24,9657
2892,第一金,5,0,5,富邦-苗栗,2023-10-24,9657
2014,中鴻,5,0,5,富邦-苗栗,2023-10-24,9657
00713,元大台灣高息低波,6,1,5,富邦-苗栗,2023-10-24,9657
2836,高雄銀,5,0,5,富邦-苗栗,2023-10-24,9657
6136,富爾特,5,0,5,富邦-苗栗,2023-10-24,9657
6290,良維,23,18,5,富邦-苗栗,2023-10-24,9657
8024,佑華,5,0,5,富邦-苗栗,2023-10-24,9657
00665L,富邦�琤肭磪囓�2,201,1,200,富邦-苗栗,2023-10-25,9657
00650L,復華香港正2,100,5,95,富邦-苗栗,2023-10-25,9657
00712,復華富時不動產,35,0,35,富邦-苗栗,2023-10-25,9657
6290,良維,54,19,35,富邦-苗栗,2023-10-25,9657
6168,宏齊,29,0,29,富邦-苗栗,2023-10-25,9657
00919,群益台灣精選高息,27,1,26,富邦-苗栗,2023-10-25,9657
00929,復華台灣科技優息,24,0,24,富邦-苗栗,2023-10-25,9657
00903,富邦元宇宙,20,0,20,富邦-苗栗,2023-10-25,9657
2538,基泰,20,0,20,富邦-苗栗,2023-10-25,9657
6790,永豐實,20,0,20,富邦-苗栗,2023-10-25,9657
5351,鈺創,26,6,20,富邦-苗栗,2023-10-25,9657
2303,聯電,23,4,19,富邦-苗栗,2023-10-25,9657
2337,旺宏,22,5,17,富邦-苗栗,2023-10-25,9657
00715L,期街口布蘭特正2,15,0,15,富邦-苗栗,2023-10-25,9657
00640L,富邦日本正2,15,0,15,富邦-苗栗,2023-10-25,9657
9105,泰金寶-DR,20,5,15,富邦-苗栗,2023-10-25,9657
2317,鴻海,20,5,15,富邦-苗栗,2023-10-25,9657
1524,耿鼎,26,12,14,富邦-苗栗,2023-10-25,9657
3231,緯創,30,18,12,富邦-苗栗,2023-10-25,9657
00688L,國泰20年美債正2,12,0,12,富邦-苗栗,2023-10-25,9657
00878,國泰永續高股息,20,8,12,富邦-苗栗,2023-10-25,9657
2634,漢翔,11,0,11,富邦-苗栗,2023-10-25,9657
2369,菱生,22,11,11,富邦-苗栗,2023-10-25,9657
2880,華南金,11,0,11,富邦-苗栗,2023-10-25,9657
8176,智捷,11,0,11,富邦-苗栗,2023-10-25,9657
6274,台燿,16,5,11,富邦-苗栗,2023-10-25,9657
00713,元大台灣高息低波,10,0,10,富邦-苗栗,2023-10-25,9657
00830,國泰費城半導體,10,0,10,富邦-苗栗,2023-10-25,9657
1781,合世,10,0,10,富邦-苗栗,2023-10-25,9657
5475,德宏,10,0,10,富邦-苗栗,2023-10-25,9657
6288,聯嘉,10,0,10,富邦-苗栗,2023-10-25,9657
6488,環球晶,10,0,10,富邦-苗栗,2023-10-25,9657
2884,玉山金,10,0,10,富邦-苗栗,2023-10-25,9657
3048,益登,9,0,9,富邦-苗栗,2023-10-25,9657
00679B,元大美債20年,8,0,8,富邦-苗栗,2023-10-25,9657
00931B,統一美債20年,8,0,8,富邦-苗栗,2023-10-25,9657
3005,神基,8,0,8,富邦-苗栗,2023-10-25,9657
2543,皇昌,11,3,8,富邦-苗栗,2023-10-25,9657
3043,科風,8,0,8,富邦-苗栗,2023-10-25,9657
3078,僑威,9,1,8,富邦-苗栗,2023-10-25,9657
2610,華航,11,4,7,富邦-苗栗,2023-10-25,9657
9927,泰銘,7,0,7,富邦-苗栗,2023-10-25,9657
1568,倉佑,7,1,6,富邦-苗栗,2023-10-25,9657
2427,三商電,18,12,6,富邦-苗栗,2023-10-25,9657
6435,大中,6,0,6,富邦-苗栗,2023-10-25,9657
00687B,國泰20年美債,5,0,5,富邦-苗栗,2023-10-25,9657
2382,廣達,10,5,5,富邦-苗栗,2023-10-25,9657
1303,南亞,5,0,5,富邦-苗栗,2023-10-25,9657
2104,國際中橡,5,0,5,富邦-苗栗,2023-10-25,9657
2402,毅嘉,10,5,5,富邦-苗栗,2023-10-25,9657
00929,復華台灣科技優息,120,4,116,富邦-苗栗,2023-10-26,9657
6695,芯鼎,84,1,83,富邦-苗栗,2023-10-26,9657
2369,菱生,94,18,76,富邦-苗栗,2023-10-26,9657
00680L,元大美債20正2,55,0,55,富邦-苗栗,2023-10-26,9657
0056,元大高股息,54,0,54,富邦-苗栗,2023-10-26,9657
00712,復華富時不動產,43,0,43,富邦-苗栗,2023-10-26,9657
00919,群益台灣精選高息,58,16,42,富邦-苗栗,2023-10-26,9657
2337,旺宏,33,0,33,富邦-苗栗,2023-10-26,9657
2344,華邦電,145,113,32,富邦-苗栗,2023-10-26,9657
00878,國泰永續高股息,32,1,31,富邦-苗栗,2023-10-26,9657
1721,三晃,50,24,26,富邦-苗栗,2023-10-26,9657
00923,群益台ESG低碳50,23,0,23,富邦-苗栗,2023-10-26,9657
00922,國泰台灣領袖50,25,3,22,富邦-苗栗,2023-10-26,9657
00885,富邦越南,440,422,18,富邦-苗栗,2023-10-26,9657
6457,紘康,18,0,18,富邦-苗栗,2023-10-26,9657
2801,彰銀,17,0,17,富邦-苗栗,2023-10-26,9657
6179,亞通,17,0,17,富邦-苗栗,2023-10-26,9657
2303,聯電,43,27,16,富邦-苗栗,2023-10-26,9657
3231,緯創,52,37,15,富邦-苗栗,2023-10-26,9657
00931B,統一美債20年,15,0,15,富邦-苗栗,2023-10-26,9657
2883,凱基金,15,0,15,富邦-苗栗,2023-10-26,9657
2313,華通,21,7,14,富邦-苗栗,2023-10-26,9657
00903,富邦元宇宙,12,0,12,富邦-苗栗,2023-10-26,9657
2618,長榮航,15,3,12,富邦-苗栗,2023-10-26,9657
2368,金像電,11,0,11,富邦-苗栗,2023-10-26,9657
2485,兆赫,16,5,11,富邦-苗栗,2023-10-26,9657
2486,一詮,13,2,11,富邦-苗栗,2023-10-26,9657
2402,毅嘉,11,1,10,富邦-苗栗,2023-10-26,9657
2884,玉山金,10,0,10,富邦-苗栗,2023-10-26,9657
3046,建��,10,0,10,富邦-苗栗,2023-10-26,9657
5371,中光電,10,0,10,富邦-苗栗,2023-10-26,9657
6790,永豐實,10,0,10,富邦-苗栗,2023-10-26,9657
2104,國際中橡,10,1,9,富邦-苗栗,2023-10-26,9657
2002,中鋼,11,2,9,富邦-苗栗,2023-10-26,9657
2305,全友,9,0,9,富邦-苗栗,2023-10-26,9657
6113,亞矽,9,0,9,富邦-苗栗,2023-10-26,9657
2330,台積電,9,0,9,富邦-苗栗,2023-10-26,9657
2892,第一金,8,0,8,富邦-苗栗,2023-10-26,9657
6684,安格,12,4,8,富邦-苗栗,2023-10-26,9657
00679B,元大美債20年,8,0,8,富邦-苗栗,2023-10-26,9657
00905,FT臺灣Smart,7,0,7,富邦-苗栗,2023-10-26,9657
00933B,國泰10Y+金融債,7,0,7,富邦-苗栗,2023-10-26,9657
1531,高林股,7,0,7,富邦-苗栗,2023-10-26,9657
2356,英業達,7,0,7,富邦-苗栗,2023-10-26,9657
2457,飛宏,7,0,7,富邦-苗栗,2023-10-26,9657
3481,群創,11,4,7,富邦-苗栗,2023-10-26,9657
00631L,元大台灣50正2,7,0,7,富邦-苗栗,2023-10-26,9657
00713,元大台灣高息低波,6,0,6,富邦-苗栗,2023-10-26,9657
6274,台燿,8,2,6,富邦-苗栗,2023-10-26,9657
00900,富邦特選高股息30,10,4,6,富邦-苗栗,2023-10-26,9657
00885,富邦越南,713,13,700,富邦-苗栗,2023-10-27,9657
00929,復華台灣科技優息,182,2,180,富邦-苗栗,2023-10-27,9657
3059,華晶科,103,0,103,富邦-苗栗,2023-10-27,9657
2883,凱基金,104,2,102,富邦-苗栗,2023-10-27,9657
00632R,元大台灣50反1,105,10,95,富邦-苗栗,2023-10-27,9657
00919,群益台灣精選高息,56,5,51,富邦-苗栗,2023-10-27,9657
5371,中光電,48,1,47,富邦-苗栗,2023-10-27,9657
6684,安格,57,16,41,富邦-苗栗,2023-10-27,9657
4960,誠美材,31,1,30,富邦-苗栗,2023-10-27,9657
2405,輔信,29,7,22,富邦-苗栗,2023-10-27,9657
00712,復華富時不動產,30,9,21,富邦-苗栗,2023-10-27,9657
2606,裕民,30,10,20,富邦-苗栗,2023-10-27,9657
4806,桂田文創,20,0,20,富邦-苗栗,2023-10-27,9657
8937,合騏,16,0,16,富邦-苗栗,2023-10-27,9657
1303,南亞,15,0,15,富邦-苗栗,2023-10-27,9657
00715L,期街口布蘭特正2,15,0,15,富邦-苗栗,2023-10-27,9657
2402,毅嘉,16,1,15,富邦-苗栗,2023-10-27,9657
6531,愛普*,15,1,14,富邦-苗栗,2023-10-27,9657
2486,一詮,16,2,14,富邦-苗栗,2023-10-27,9657
2201,裕隆,14,1,13,富邦-苗栗,2023-10-27,9657
2002,中鋼,12,0,12,富邦-苗栗,2023-10-27,9657
6695,芯鼎,35,23,12,富邦-苗栗,2023-10-27,9657
2427,三商電,11,0,11,富邦-苗栗,2023-10-27,9657
2543,皇昌,11,0,11,富邦-苗栗,2023-10-27,9657
8110,華東,101,90,11,富邦-苗栗,2023-10-27,9657
00751B,元大AAA至A公司債,10,0,10,富邦-苗栗,2023-10-27,9657
2801,彰銀,10,0,10,富邦-苗栗,2023-10-27,9657
6197,佳必琪,10,0,10,富邦-苗栗,2023-10-27,9657
9105,泰金寶-DR,10,0,10,富邦-苗栗,2023-10-27,9657
2884,玉山金,10,0,10,富邦-苗栗,2023-10-27,9657
2618,長榮航,16,7,9,富邦-苗栗,2023-10-27,9657
5215,科嘉-KY,9,0,9,富邦-苗栗,2023-10-27,9657
1101,台泥,8,0,8,富邦-苗栗,2023-10-27,9657
6530,創威,8,0,8,富邦-苗栗,2023-10-27,9657
3078,僑威,9,2,7,富邦-苗栗,2023-10-27,9657
00676R,富邦臺灣加權反1,67,60,7,富邦-苗栗,2023-10-27,9657
00898,國泰基因免疫革命,7,0,7,富邦-苗栗,2023-10-27,9657
3548,兆利,7,0,7,富邦-苗栗,2023-10-27,9657
6196,帆宣,7,0,7,富邦-苗栗,2023-10-27,9657
6485,點序,7,0,7,富邦-苗栗,2023-10-27,9657
00922,國泰台灣領袖50,6,0,6,富邦-苗栗,2023-10-27,9657
3055,蔚華科,6,0,6,富邦-苗栗,2023-10-27,9657
3189,景碩,6,0,6,富邦-苗栗,2023-10-27,9657
3715,定穎投控,25,19,6,富邦-苗栗,2023-10-27,9657
4908,前鼎,14,9,5,富邦-苗栗,2023-10-27,9657
6188,廣明,5,0,5,富邦-苗栗,2023-10-27,9657
2388,威盛,13,8,5,富邦-苗栗,2023-10-27,9657
00903,富邦元宇宙,5,0,5,富邦-苗栗,2023-10-27,9657
00895,富邦未來車,5,0,5,富邦-苗栗,2023-10-27,9657
00706L,期元大S＆P日圓正2,5,0,5,富邦-苗栗,2023-10-27,9657
6197,佳必琪,81,0,81,富邦-苗栗,2023-10-30,9657
2317,鴻海,62,10,52,富邦-苗栗,2023-10-30,9657
0056,元大高股息,29,1,28,富邦-苗栗,2023-10-30,9657
00885,富邦越南,30,3,27,富邦-苗栗,2023-10-30,9657
2883,凱基金,44,20,24,富邦-苗栗,2023-10-30,9657
2465,麗臺,22,1,21,富邦-苗栗,2023-10-30,9657
00712,復華富時不動產,17,0,17,富邦-苗栗,2023-10-30,9657
2543,皇昌,15,0,15,富邦-苗栗,2023-10-30,9657
6770,力積電,13,0,13,富邦-苗栗,2023-10-30,9657
00933B,國泰10Y+金融債,12,0,12,富邦-苗栗,2023-10-30,9657
00878,國泰永續高股息,15,4,11,富邦-苗栗,2023-10-30,9657
2204,中華,11,0,11,富邦-苗栗,2023-10-30,9657
3715,定穎投控,70,60,10,富邦-苗栗,2023-10-30,9657
00897,富邦基因免疫生技,10,0,10,富邦-苗栗,2023-10-30,9657
1522,堤維西,10,0,10,富邦-苗栗,2023-10-30,9657
3711,日月光投控,10,0,10,富邦-苗栗,2023-10-30,9657
6541,泰福-KY,10,0,10,富邦-苗栗,2023-10-30,9657
2305,全友,9,0,9,富邦-苗栗,2023-10-30,9657
3162,精確,9,0,9,富邦-苗栗,2023-10-30,9657
00919,群益台灣精選高息,10,2,8,富邦-苗栗,2023-10-30,9657
2603,長榮,9,1,8,富邦-苗栗,2023-10-30,9657
00931B,統一美債20年,7,0,7,富邦-苗栗,2023-10-30,9657
2363,矽統,7,0,7,富邦-苗栗,2023-10-30,9657
00795B,中信美國公債20年,6,0,6,富邦-苗栗,2023-10-30,9657
2206,三陽工業,6,0,6,富邦-苗栗,2023-10-30,9657
2337,旺宏,9,3,6,富邦-苗栗,2023-10-30,9657
3032,偉訓,7,1,6,富邦-苗栗,2023-10-30,9657
2330,台積電,5,0,5,富邦-苗栗,2023-10-30,9657
2801,彰銀,5,0,5,富邦-苗栗,2023-10-30,9657
2368,金像電,5,0,5,富邦-苗栗,2023-10-30,9657
00706L,期元大S＆P日圓正2,5,0,5,富邦-苗栗,2023-10-30,9657
1560,中砂,5,0,5,富邦-苗栗,2023-10-30,9657
2344,華邦電,13,8,5,富邦-苗栗,2023-10-30,9657
2882,國泰金,5,0,5,富邦-苗栗,2023-10-30,9657
4130,健亞,5,0,5,富邦-苗栗,2023-10-30,9657
6136,富爾特,5,0,5,富邦-苗栗,2023-10-30,9657
6684,安格,20,15,5,富邦-苗栗,2023-10-30,9657
2387,精元,4,0,4,富邦-苗栗,2023-10-30,9657
2462,良得電,4,0,4,富邦-苗栗,2023-10-30,9657
4142,國光生,9,5,4,富邦-苗栗,2023-10-30,9657
4714,永捷,4,0,4,富邦-苗栗,2023-10-30,9657
5521,工信,4,0,4,富邦-苗栗,2023-10-30,9657
8176,智捷,8,4,4,富邦-苗栗,2023-10-30,9657
6442,光聖,10,6,4,富邦-苗栗,2023-10-30,9657
2356,英業達,4,1,3,富邦-苗栗,2023-10-30,9657
00696B,富邦美債20年,3,0,3,富邦-苗栗,2023-10-30,9657
00679B,元大美債20年,3,0,3,富邦-苗栗,2023-10-30,9657
00893,國泰智能電動車,3,0,3,富邦-苗栗,2023-10-30,9657
00890B,凱基ESG BBB債,3,0,3,富邦-苗栗,2023-10-30,9657
1459,聯發,3,0,3,富邦-苗栗,2023-10-30,9657
0056,元大高股息,86,10,76,富邦-苗栗,2023-10-31,9657
00878,國泰永續高股息,68,10,58,富邦-苗栗,2023-10-31,9657
00919,群益台灣精選高息,54,1,53,富邦-苗栗,2023-10-31,9657
5272,笙科,71,25,46,富邦-苗栗,2023-10-31,9657
00885,富邦越南,42,0,42,富邦-苗栗,2023-10-31,9657
00929,復華台灣科技優息,45,3,42,富邦-苗栗,2023-10-31,9657
1301,台塑,37,0,37,富邦-苗栗,2023-10-31,9657
00715L,期街口布蘭特正2,36,0,36,富邦-苗栗,2023-10-31,9657
1101,台泥,31,0,31,富邦-苗栗,2023-10-31,9657
6695,芯鼎,42,13,29,富邦-苗栗,2023-10-31,9657
2605,新興,41,12,29,富邦-苗栗,2023-10-31,9657
2323,中環,25,0,25,富邦-苗栗,2023-10-31,9657
3094,聯傑,40,18,22,富邦-苗栗,2023-10-31,9657
6197,佳必琪,19,1,18,富邦-苗栗,2023-10-31,9657
00922,國泰台灣領袖50,17,0,17,富邦-苗栗,2023-10-31,9657
3189,景碩,18,3,15,富邦-苗栗,2023-10-31,9657
00902,中信電池及儲能,15,0,15,富邦-苗栗,2023-10-31,9657
2888,新光金,15,0,15,富邦-苗栗,2023-10-31,9657
00679B,元大美債20年,14,0,14,富邦-苗栗,2023-10-31,9657
3231,緯創,48,35,13,富邦-苗栗,2023-10-31,9657
00893,國泰智能電動車,13,0,13,富邦-苗栗,2023-10-31,9657
00712,復華富時不動產,13,0,13,富邦-苗栗,2023-10-31,9657
2313,華通,53,40,13,富邦-苗栗,2023-10-31,9657
2337,旺宏,16,4,12,富邦-苗栗,2023-10-31,9657
2460,建通,11,0,11,富邦-苗栗,2023-10-31,9657
3481,群創,13,2,11,富邦-苗栗,2023-10-31,9657
2382,廣達,29,18,11,富邦-苗栗,2023-10-31,9657
2615,萬海,10,0,10,富邦-苗栗,2023-10-31,9657
1304,台聚,10,0,10,富邦-苗栗,2023-10-31,9657
3162,精確,10,0,10,富邦-苗栗,2023-10-31,9657
6219,富旺,10,0,10,富邦-苗栗,2023-10-31,9657
2388,威盛,24,14,10,富邦-苗栗,2023-10-31,9657
2609,陽明,11,2,9,富邦-苗栗,2023-10-31,9657
2303,聯電,10,1,9,富邦-苗栗,2023-10-31,9657
2406,國碩,10,1,9,富邦-苗栗,2023-10-31,9657
6625,必應,9,0,9,富邦-苗栗,2023-10-31,9657
9105,泰金寶-DR,10,1,9,富邦-苗栗,2023-10-31,9657
4960,誠美材,10,1,9,富邦-苗栗,2023-10-31,9657
00830,國泰費城半導體,8,0,8,富邦-苗栗,2023-10-31,9657
00923,群益台ESG低碳50,8,0,8,富邦-苗栗,2023-10-31,9657
1603,華電,8,0,8,富邦-苗栗,2023-10-31,9657
2363,矽統,13,5,8,富邦-苗栗,2023-10-31,9657
2498,宏達電,23,15,8,富邦-苗栗,2023-10-31,9657
6235,華孚,10,2,8,富邦-苗栗,2023-10-31,9657
8176,智捷,12,4,8,富邦-苗栗,2023-10-31,9657
8054,安國,8,0,8,富邦-苗栗,2023-10-31,9657
00933B,國泰10Y+金融債,17,10,7,富邦-苗栗,2023-10-31,9657
2344,華邦電,19,12,7,富邦-苗栗,2023-10-31,9657
2610,華航,7,0,7,富邦-苗栗,2023-10-31,9657
2376,技嘉,6,0,6,富邦-苗栗,2023-10-31,9657
00929,復華台灣科技優息,84,8,76,富邦-苗栗,2023-11-01,9657
2486,一詮,75,7,68,富邦-苗栗,2023-11-01,9657
00680L,元大美債20正2,50,5,45,富邦-苗栗,2023-11-01,9657
5272,笙科,46,18,28,富邦-苗栗,2023-11-01,9657
00715L,期街口布蘭特正2,25,2,23,富邦-苗栗,2023-11-01,9657
6197,佳必琪,35,12,23,富邦-苗栗,2023-11-01,9657
2409,友達,24,2,22,富邦-苗栗,2023-11-01,9657
5371,中光電,22,0,22,富邦-苗栗,2023-11-01,9657
00931B,統一美債20年,20,0,20,富邦-苗栗,2023-11-01,9657
6684,安格,35,16,19,富邦-苗栗,2023-11-01,9657
00878,國泰永續高股息,19,1,18,富邦-苗栗,2023-11-01,9657
2337,旺宏,13,0,13,富邦-苗栗,2023-11-01,9657
00935,野村臺灣新科技50,12,0,12,富邦-苗栗,2023-11-01,9657
2408,南亞科,17,5,12,富邦-苗栗,2023-11-01,9657
2610,華航,24,12,12,富邦-苗栗,2023-11-01,9657
3576,聯合再生,11,0,11,富邦-苗栗,2023-11-01,9657
2880,華南金,11,0,11,富邦-苗栗,2023-11-01,9657
2884,玉山金,13,3,10,富邦-苗栗,2023-11-01,9657
00637L,元大滬深300正2,10,0,10,富邦-苗栗,2023-11-01,9657
4933,友輝,10,0,10,富邦-苗栗,2023-11-01,9657
5347,世界,10,0,10,富邦-苗栗,2023-11-01,9657
6219,富旺,10,0,10,富邦-苗栗,2023-11-01,9657
6239,力成,10,0,10,富邦-苗栗,2023-11-01,9657
00679B,元大美債20年,10,0,10,富邦-苗栗,2023-11-01,9657
00885,富邦越南,10,1,9,富邦-苗栗,2023-11-01,9657
00934,中信成長高股息,9,0,9,富邦-苗栗,2023-11-01,9657
00904,新光臺灣半導體30,8,0,8,富邦-苗栗,2023-11-01,9657
3176,基亞,9,1,8,富邦-苗栗,2023-11-01,9657
2405,輔信,8,1,7,富邦-苗栗,2023-11-01,9657
4552,力達-KY,7,0,7,富邦-苗栗,2023-11-01,9657
4162,智擎,8,1,7,富邦-苗栗,2023-11-01,9657
2630,亞航,6,0,6,富邦-苗栗,2023-11-01,9657
3231,緯創,20,14,6,富邦-苗栗,2023-11-01,9657
3481,群創,9,4,5,富邦-苗栗,2023-11-01,9657
00751B,元大AAA至A公司債,5,0,5,富邦-苗栗,2023-11-01,9657
3162,精確,5,0,5,富邦-苗栗,2023-11-01,9657
00634R,富邦上証反1,5,0,5,富邦-苗栗,2023-11-01,9657
00933B,國泰10Y+金融債,5,0,5,富邦-苗栗,2023-11-01,9657
3032,偉訓,5,0,5,富邦-苗栗,2023-11-01,9657
4806,桂田文創,5,0,5,富邦-苗栗,2023-11-01,9657
6418,詠昇,5,0,5,富邦-苗栗,2023-11-01,9657
9921,巨大,5,0,5,富邦-苗栗,2023-11-01,9657
2301,光寶科,5,1,4,富邦-苗栗,2023-11-01,9657
1312,國喬,4,0,4,富邦-苗栗,2023-11-01,9657
00712,復華富時不動產,4,0,4,富邦-苗栗,2023-11-01,9657
1471,首利,4,0,4,富邦-苗栗,2023-11-01,9657
2344,華邦電,9,5,4,富邦-苗栗,2023-11-01,9657
2537,聯上發,5,1,4,富邦-苗栗,2023-11-01,9657
3483,力致,4,0,4,富邦-苗栗,2023-11-01,9657
4915,致伸,7,3,4,富邦-苗栗,2023-11-01,9657
00632R,元大台灣50反1,301,20,281,富邦-苗栗,2023-11-02,9657
00665L,富邦�琤肭磪囓�2,300,100,200,富邦-苗栗,2023-11-02,9657
00680L,元大美債20正2,190,50,140,富邦-苗栗,2023-11-02,9657
6197,佳必琪,67,1,66,富邦-苗栗,2023-11-02,9657
00934,中信成長高股息,50,0,50,富邦-苗栗,2023-11-02,9657
2313,華通,32,10,22,富邦-苗栗,2023-11-02,9657
00715L,期街口布蘭特正2,21,0,21,富邦-苗栗,2023-11-02,9657
00720B,元大投資級公司債,20,0,20,富邦-苗栗,2023-11-02,9657
6790,永豐實,20,0,20,富邦-苗栗,2023-11-02,9657
3481,群創,34,15,19,富邦-苗栗,2023-11-02,9657
6457,紘康,24,8,16,富邦-苗栗,2023-11-02,9657
2405,輔信,15,0,15,富邦-苗栗,2023-11-02,9657
3715,定穎投控,112,99,13,富邦-苗栗,2023-11-02,9657
2367,燿華,20,7,13,富邦-苗栗,2023-11-02,9657
2618,長榮航,14,2,12,富邦-苗栗,2023-11-02,9657
5469,瀚宇博,30,19,11,富邦-苗栗,2023-11-02,9657
3413,京鼎,10,0,10,富邦-苗栗,2023-11-02,9657
2332,友訊,10,0,10,富邦-苗栗,2023-11-02,9657
6658,聯策,10,0,10,富邦-苗栗,2023-11-02,9657
8110,華東,11,1,10,富邦-苗栗,2023-11-02,9657
0056,元大高股息,34,25,9,富邦-苗栗,2023-11-02,9657
2317,鴻海,15,6,9,富邦-苗栗,2023-11-02,9657
1802,台玻,10,1,9,富邦-苗栗,2023-11-02,9657
6116,彩晶,9,0,9,富邦-苗栗,2023-11-02,9657
5272,笙科,45,37,8,富邦-苗栗,2023-11-02,9657
00935,野村臺灣新科技50,17,10,7,富邦-苗栗,2023-11-02,9657
3055,蔚華科,7,0,7,富邦-苗栗,2023-11-02,9657
6274,台燿,12,6,6,富邦-苗栗,2023-11-02,9657
3002,歐格,6,0,6,富邦-苗栗,2023-11-02,9657
00931B,統一美債20年,10,5,5,富邦-苗栗,2023-11-02,9657
00673R,期元大S＆P原油反1,5,0,5,富邦-苗栗,2023-11-02,9657
2485,兆赫,5,0,5,富邦-苗栗,2023-11-02,9657
3051,力特,7,2,5,富邦-苗栗,2023-11-02,9657
3622,洋華,5,0,5,富邦-苗栗,2023-11-02,9657
4951,精拓科,5,0,5,富邦-苗栗,2023-11-02,9657
6139,亞翔,9,5,4,富邦-苗栗,2023-11-02,9657
00679B,元大美債20年,4,0,4,富邦-苗栗,2023-11-02,9657
2337,旺宏,4,0,4,富邦-苗栗,2023-11-02,9657
2732,六角,6,2,4,富邦-苗栗,2023-11-02,9657
3043,科風,4,0,4,富邦-苗栗,2023-11-02,9657
020028,元大特選電動車N,3,0,3,富邦-苗栗,2023-11-02,9657
1308,亞聚,5,2,3,富邦-苗栗,2023-11-02,9657
1609,大亞,3,0,3,富邦-苗栗,2023-11-02,9657
2231,為升,3,0,3,富邦-苗栗,2023-11-02,9657
2368,金像電,8,5,3,富邦-苗栗,2023-11-02,9657
2374,佳能,3,0,3,富邦-苗栗,2023-11-02,9657
2392,正崴,3,0,3,富邦-苗栗,2023-11-02,9657
2419,仲琦,3,0,3,富邦-苗栗,2023-11-02,9657
3176,基亞,3,0,3,富邦-苗栗,2023-11-02,9657
3231,緯創,20,17,3,富邦-苗栗,2023-11-02,9657
00679B,元大美債20年,232,1,231,富邦-苗栗,2023-11-03,9657
00934,中信成長高股息,184,11,173,富邦-苗栗,2023-11-03,9657
00632R,元大台灣50反1,100,10,90,富邦-苗栗,2023-11-03,9657
2367,燿華,62,3,59,富邦-苗栗,2023-11-03,9657
3231,緯創,90,34,56,富邦-苗栗,2023-11-03,9657
2363,矽統,106,62,44,富邦-苗栗,2023-11-03,9657
5272,笙科,36,9,27,富邦-苗栗,2023-11-03,9657
00907,永豐優息存股,25,0,25,富邦-苗栗,2023-11-03,9657
3264,欣銓,21,0,21,富邦-苗栗,2023-11-03,9657
00706L,期元大S＆P日圓正2,20,0,20,富邦-苗栗,2023-11-03,9657
00931B,統一美債20年,18,0,18,富邦-苗栗,2023-11-03,9657
6790,永豐實,19,1,18,富邦-苗栗,2023-11-03,9657
00713,元大台灣高息低波,20,3,17,富邦-苗栗,2023-11-03,9657
3228,金麗科,20,4,16,富邦-苗栗,2023-11-03,9657
6136,富爾特,15,0,15,富邦-苗栗,2023-11-03,9657
4551,智伸科,12,0,12,富邦-苗栗,2023-11-03,9657
2317,鴻海,23,13,10,富邦-苗栗,2023-11-03,9657
1815,富喬,22,12,10,富邦-苗栗,2023-11-03,9657
2485,兆赫,10,0,10,富邦-苗栗,2023-11-03,9657
3363,上詮,10,0,10,富邦-苗栗,2023-11-03,9657
5215,科嘉-KY,10,0,10,富邦-苗栗,2023-11-03,9657
5371,中光電,10,0,10,富邦-苗栗,2023-11-03,9657
6274,台燿,11,1,10,富邦-苗栗,2023-11-03,9657
3706,神達,10,0,10,富邦-苗栗,2023-11-03,9657
6695,芯鼎,22,13,9,富邦-苗栗,2023-11-03,9657
2486,一詮,65,56,9,富邦-苗栗,2023-11-03,9657
00904,新光臺灣半導體30,8,0,8,富邦-苗栗,2023-11-03,9657
00696B,富邦美債20年,8,0,8,富邦-苗栗,2023-11-03,9657
6684,安格,21,14,7,富邦-苗栗,2023-11-03,9657
3702,大聯大,7,0,7,富邦-苗栗,2023-11-03,9657
00687B,國泰20年美債,6,0,6,富邦-苗栗,2023-11-03,9657
00900,富邦特選高股息30,8,2,6,富邦-苗栗,2023-11-03,9657
1598,岱宇,15,9,6,富邦-苗栗,2023-11-03,9657
2355,敬鵬,6,0,6,富邦-苗栗,2023-11-03,9657
6457,紘康,18,12,6,富邦-苗栗,2023-11-03,9657
6492,生華科,7,2,5,富邦-苗栗,2023-11-03,9657
2881,富邦金,8,3,5,富邦-苗栗,2023-11-03,9657
00673R,期元大S＆P原油反1,5,0,5,富邦-苗栗,2023-11-03,9657
00712,復華富時不動產,12,7,5,富邦-苗栗,2023-11-03,9657
1467,南緯,5,0,5,富邦-苗栗,2023-11-03,9657
2405,輔信,5,0,5,富邦-苗栗,2023-11-03,9657
2440,太空梭,5,0,5,富邦-苗栗,2023-11-03,9657
6118,建達,5,0,5,富邦-苗栗,2023-11-03,9657
6202,盛群,5,0,5,富邦-苗栗,2023-11-03,9657
6548,長科*,5,0,5,富邦-苗栗,2023-11-03,9657
00720B,元大投資級公司債,6,2,4,富邦-苗栗,2023-11-03,9657
6235,華孚,8,4,4,富邦-苗栗,2023-11-03,9657
2492,華新科,4,0,4,富邦-苗栗,2023-11-03,9657
2371,大同,4,0,4,富邦-苗栗,2023-11-03,9657
2605,新興,4,0,4,富邦-苗栗,2023-11-03,9657
00878,國泰永續高股息,210,4,206,富邦-苗栗,2023-11-06,9657
00632R,元大台灣50反1,203,0,203,富邦-苗栗,2023-11-06,9657
00753L,中信中國50正2,182,22,160,富邦-苗栗,2023-11-06,9657
00665L,富邦�琤肭磪囓�2,100,7,93,富邦-苗栗,2023-11-06,9657
00715L,期街口布蘭特正2,52,1,51,富邦-苗栗,2023-11-06,9657
00720B,元大投資級公司債,35,0,35,富邦-苗栗,2023-11-06,9657
2618,長榮航,42,16,26,富邦-苗栗,2023-11-06,9657
6163,華電網,25,0,25,富邦-苗栗,2023-11-06,9657
6770,力積電,26,1,25,富邦-苗栗,2023-11-06,9657
00907,永豐優息存股,20,0,20,富邦-苗栗,2023-11-06,9657
00931B,統一美債20年,20,0,20,富邦-苗栗,2023-11-06,9657
6290,良維,21,1,20,富邦-苗栗,2023-11-06,9657
5272,笙科,27,9,18,富邦-苗栗,2023-11-06,9657
2388,威盛,89,72,17,富邦-苗栗,2023-11-06,9657
1721,三晃,19,3,16,富邦-苗栗,2023-11-06,9657
00687B,國泰20年美債,15,0,15,富邦-苗栗,2023-11-06,9657
3013,晟銘電,16,1,15,富邦-苗栗,2023-11-06,9657
00679B,元大美債20年,14,0,14,富邦-苗栗,2023-11-06,9657
00688L,國泰20年美債正2,12,0,12,富邦-苗栗,2023-11-06,9657
00935,野村臺灣新科技50,12,0,12,富邦-苗栗,2023-11-06,9657
5347,世界,10,0,10,富邦-苗栗,2023-11-06,9657
00676R,富邦臺灣加權反1,10,0,10,富邦-苗栗,2023-11-06,9657
00902,中信電池及儲能,10,0,10,富邦-苗栗,2023-11-06,9657
00934,中信成長高股息,10,0,10,富邦-苗栗,2023-11-06,9657
1229,聯華,10,0,10,富邦-苗栗,2023-11-06,9657
3006,晶豪科,10,0,10,富邦-苗栗,2023-11-06,9657
3325,旭品,10,0,10,富邦-苗栗,2023-11-06,9657
6239,力成,10,0,10,富邦-苗栗,2023-11-06,9657
9105,泰金寶-DR,10,0,10,富邦-苗栗,2023-11-06,9657
2355,敬鵬,11,2,9,富邦-苗栗,2023-11-06,9657
3339,泰谷,9,0,9,富邦-苗栗,2023-11-06,9657
1598,岱宇,9,1,8,富邦-苗栗,2023-11-06,9657
9933,中鼎,8,0,8,富邦-苗栗,2023-11-06,9657
2427,三商電,7,0,7,富邦-苗栗,2023-11-06,9657
8033,雷虎,7,0,7,富邦-苗栗,2023-11-06,9657
8390,金益鼎,7,0,7,富邦-苗栗,2023-11-06,9657
6274,台燿,9,2,7,富邦-苗栗,2023-11-06,9657
1101,台泥,7,1,6,富邦-苗栗,2023-11-06,9657
1217,愛之味,6,0,6,富邦-苗栗,2023-11-06,9657
2369,菱生,6,0,6,富邦-苗栗,2023-11-06,9657
3491,昇達科,8,2,6,富邦-苗栗,2023-11-06,9657
3592,瑞鼎,6,0,6,富邦-苗栗,2023-11-06,9657
6790,永豐實,6,0,6,富邦-苗栗,2023-11-06,9657
00924,復華S＆P500成長,5,0,5,富邦-苗栗,2023-11-06,9657
2485,兆赫,7,2,5,富邦-苗栗,2023-11-06,9657
2743,山富,6,1,5,富邦-苗栗,2023-11-06,9657
4743,合一,5,0,5,富邦-苗栗,2023-11-06,9657
6548,長科*,5,0,5,富邦-苗栗,2023-11-06,9657
00923,群益台ESG低碳50,7,3,4,富邦-苗栗,2023-11-06,9657
1785,光洋科,4,0,4,富邦-苗栗,2023-11-06,9657
2618,長榮航,209,2,207,富邦-苗栗,2023-11-07,9657
00919,群益台灣精選高息,124,2,122,富邦-苗栗,2023-11-07,9657
00929,復華台灣科技優息,56,2,54,富邦-苗栗,2023-11-07,9657
8215,明基材,27,0,27,富邦-苗栗,2023-11-07,9657
2313,華通,26,3,23,富邦-苗栗,2023-11-07,9657
00712,復華富時不動產,22,0,22,富邦-苗栗,2023-11-07,9657
00753L,中信中國50正2,23,2,21,富邦-苗栗,2023-11-07,9657
8110,華東,21,0,21,富邦-苗栗,2023-11-07,9657
3545,敦泰,24,3,21,富邦-苗栗,2023-11-07,9657
00692,富邦公司治理,20,0,20,富邦-苗栗,2023-11-07,9657
00679B,元大美債20年,15,0,15,富邦-苗栗,2023-11-07,9657
6197,佳必琪,15,0,15,富邦-苗栗,2023-11-07,9657
3704,合勤控,16,1,15,富邦-苗栗,2023-11-07,9657
8176,智捷,15,1,14,富邦-苗栗,2023-11-07,9657
3481,群創,16,3,13,富邦-苗栗,2023-11-07,9657
2317,鴻海,14,1,13,富邦-苗栗,2023-11-07,9657
2303,聯電,13,1,12,富邦-苗栗,2023-11-07,9657
2408,南亞科,12,0,12,富邦-苗栗,2023-11-07,9657
2344,華邦電,11,0,11,富邦-苗栗,2023-11-07,9657
2465,麗臺,10,0,10,富邦-苗栗,2023-11-07,9657
00706L,期元大S＆P日圓正2,10,0,10,富邦-苗栗,2023-11-07,9657
00900,富邦特選高股息30,12,2,10,富邦-苗栗,2023-11-07,9657
2412,中華電,10,0,10,富邦-苗栗,2023-11-07,9657
2460,建通,10,0,10,富邦-苗栗,2023-11-07,9657
2498,宏達電,12,2,10,富邦-苗栗,2023-11-07,9657
3006,晶豪科,10,0,10,富邦-苗栗,2023-11-07,9657
4173,久裕,10,0,10,富邦-苗栗,2023-11-07,9657
4960,誠美材,10,0,10,富邦-苗栗,2023-11-07,9657
6684,安格,16,6,10,富邦-苗栗,2023-11-07,9657
00720B,元大投資級公司債,12,3,9,富邦-苗栗,2023-11-07,9657
2610,華航,13,4,9,富邦-苗栗,2023-11-07,9657
1598,岱宇,9,0,9,富邦-苗栗,2023-11-07,9657
9933,中鼎,9,0,9,富邦-苗栗,2023-11-07,9657
00665L,富邦�琤肭磪囓�2,10,2,8,富邦-苗栗,2023-11-07,9657
6790,永豐實,10,2,8,富邦-苗栗,2023-11-07,9657
2388,威盛,38,32,6,富邦-苗栗,2023-11-07,9657
2883,凱基金,6,0,6,富邦-苗栗,2023-11-07,9657
2002,中鋼,8,2,6,富邦-苗栗,2023-11-07,9657
2486,一詮,6,0,6,富邦-苗栗,2023-11-07,9657
1789,神隆,6,0,6,富邦-苗栗,2023-11-07,9657
2705,六福,6,0,6,富邦-苗栗,2023-11-07,9657
3141,晶宏,7,1,6,富邦-苗栗,2023-11-07,9657
3221,台嘉碩,6,0,6,富邦-苗栗,2023-11-07,9657
6457,紘康,6,0,6,富邦-苗栗,2023-11-07,9657
6625,必應,8,2,6,富邦-苗栗,2023-11-07,9657
6695,芯鼎,37,31,6,富邦-苗栗,2023-11-07,9657
5469,瀚宇博,11,6,5,富邦-苗栗,2023-11-07,9657
2352,佳世達,5,0,5,富邦-苗栗,2023-11-07,9657
2881,富邦金,6,1,5,富邦-苗栗,2023-11-07,9657
2888,新光金,6,1,5,富邦-苗栗,2023-11-07,9657
2618,長榮航,584,20,564,富邦-苗栗,2023-11-08,9657
00936,台新永續高息中小,72,0,72,富邦-苗栗,2023-11-08,9657
00929,復華台灣科技優息,78,10,68,富邦-苗栗,2023-11-08,9657
00715L,期街口布蘭特正2,49,0,49,富邦-苗栗,2023-11-08,9657
3545,敦泰,45,6,39,富邦-苗栗,2023-11-08,9657
1815,富喬,40,3,37,富邦-苗栗,2023-11-08,9657
8215,明基材,37,0,37,富邦-苗栗,2023-11-08,9657
2002,中鋼,27,0,27,富邦-苗栗,2023-11-08,9657
6284,佳邦,27,1,26,富邦-苗栗,2023-11-08,9657
6202,盛群,22,0,22,富邦-苗栗,2023-11-08,9657
2363,矽統,55,34,21,富邦-苗栗,2023-11-08,9657
00753L,中信中國50正2,21,0,21,富邦-苗栗,2023-11-08,9657
00891,中信關鍵半導體,20,0,20,富邦-苗栗,2023-11-08,9657
2913,農林,20,0,20,富邦-苗栗,2023-11-08,9657
5347,世界,21,4,17,富邦-苗栗,2023-11-08,9657
2313,華通,38,21,17,富邦-苗栗,2023-11-08,9657
2371,大同,16,0,16,富邦-苗栗,2023-11-08,9657
00882,中信中國高股息,15,0,15,富邦-苗栗,2023-11-08,9657
6695,芯鼎,15,0,15,富邦-苗栗,2023-11-08,9657
00688L,國泰20年美債正2,12,0,12,富邦-苗栗,2023-11-08,9657
2356,英業達,49,37,12,富邦-苗栗,2023-11-08,9657
6901,鑽石投資,21,10,11,富邦-苗栗,2023-11-08,9657
2344,華邦電,20,10,10,富邦-苗栗,2023-11-08,9657
4533,協易機,10,0,10,富邦-苗栗,2023-11-08,9657
6182,合晶,12,2,10,富邦-苗栗,2023-11-08,9657
2301,光寶科,10,0,10,富邦-苗栗,2023-11-08,9657
2353,宏��,10,1,9,富邦-苗栗,2023-11-08,9657
00692,富邦公司治理,11,2,9,富邦-苗栗,2023-11-08,9657
2488,漢平,9,0,9,富邦-苗栗,2023-11-08,9657
2388,威盛,27,18,9,富邦-苗栗,2023-11-08,9657
4953,緯軟,8,0,8,富邦-苗栗,2023-11-08,9657
2369,菱生,21,13,8,富邦-苗栗,2023-11-08,9657
6133,金橋,8,0,8,富邦-苗栗,2023-11-08,9657
6548,長科*,8,0,8,富邦-苗栗,2023-11-08,9657
8937,合騏,10,2,8,富邦-苗栗,2023-11-08,9657
2543,皇昌,7,0,7,富邦-苗栗,2023-11-08,9657
4974,亞泰,7,0,7,富邦-苗栗,2023-11-08,9657
6129,普誠,10,3,7,富邦-苗栗,2023-11-08,9657
3035,智原,13,6,7,富邦-苗栗,2023-11-08,9657
4128,中天,34,27,7,富邦-苗栗,2023-11-08,9657
6531,愛普*,7,1,6,富邦-苗栗,2023-11-08,9657
00642U,期元大S＆P石油,6,0,6,富邦-苗栗,2023-11-08,9657
6435,大中,6,0,6,富邦-苗栗,2023-11-08,9657
2317,鴻海,9,3,6,富邦-苗栗,2023-11-08,9657
00751B,元大AAA至A公司債,5,0,5,富邦-苗栗,2023-11-08,9657
00885,富邦越南,5,0,5,富邦-苗栗,2023-11-08,9657
3567,逸昌,5,0,5,富邦-苗栗,2023-11-08,9657
2462,良得電,6,2,4,富邦-苗栗,2023-11-08,9657
2485,兆赫,5,1,4,富邦-苗栗,2023-11-08,9657
2605,新興,6,2,4,富邦-苗栗,2023-11-08,9657
9105,泰金寶-DR,200,0,200,富邦-苗栗,2023-11-09,9657
2618,長榮航,154,2,152,富邦-苗栗,2023-11-09,9657
5272,笙科,90,25,65,富邦-苗栗,2023-11-09,9657
4533,協易機,55,2,53,富邦-苗栗,2023-11-09,9657
00715L,期街口布蘭特正2,51,0,51,富邦-苗栗,2023-11-09,9657
00679B,元大美債20年,55,15,40,富邦-苗栗,2023-11-09,9657
00936,台新永續高息中小,36,0,36,富邦-苗栗,2023-11-09,9657
6284,佳邦,33,1,32,富邦-苗栗,2023-11-09,9657
2409,友達,31,0,31,富邦-苗栗,2023-11-09,9657
2610,華航,53,22,31,富邦-苗栗,2023-11-09,9657
00929,復華台灣科技優息,51,24,27,富邦-苗栗,2023-11-09,9657
5347,世界,24,0,24,富邦-苗栗,2023-11-09,9657
2363,矽統,54,32,22,富邦-苗栗,2023-11-09,9657
2329,華泰,81,60,21,富邦-苗栗,2023-11-09,9657
2313,華通,77,57,20,富邦-苗栗,2023-11-09,9657
6457,紘康,19,1,18,富邦-苗栗,2023-11-09,9657
00931B,統一美債20年,39,22,17,富邦-苗栗,2023-11-09,9657
00919,群益台灣精選高息,17,0,17,富邦-苗栗,2023-11-09,9657
02001B,統一美國政府債N,16,0,16,富邦-苗栗,2023-11-09,9657
2305,全友,16,0,16,富邦-苗栗,2023-11-09,9657
6684,安格,22,6,16,富邦-苗栗,2023-11-09,9657
00933B,國泰10Y+金融債,15,0,15,富邦-苗栗,2023-11-09,9657
6245,立端,15,0,15,富邦-苗栗,2023-11-09,9657
2498,宏達電,17,4,13,富邦-苗栗,2023-11-09,9657
2736,富野,11,0,11,富邦-苗栗,2023-11-09,9657
6901,鑽石投資,15,4,11,富邦-苗栗,2023-11-09,9657
00706L,期元大S＆P日圓正2,10,0,10,富邦-苗栗,2023-11-09,9657
3293,鈊象,11,1,10,富邦-苗栗,2023-11-09,9657
6202,盛群,10,0,10,富邦-苗栗,2023-11-09,9657
8438,昶昕,10,0,10,富邦-苗栗,2023-11-09,9657
2344,華邦電,9,0,9,富邦-苗栗,2023-11-09,9657
5469,瀚宇博,17,8,9,富邦-苗栗,2023-11-09,9657
6116,彩晶,9,0,9,富邦-苗栗,2023-11-09,9657
6485,點序,9,0,9,富邦-苗栗,2023-11-09,9657
3260,威剛,10,1,9,富邦-苗栗,2023-11-09,9657
3231,緯創,56,48,8,富邦-苗栗,2023-11-09,9657
2376,技嘉,13,5,8,富邦-苗栗,2023-11-09,9657
00934,中信成長高股息,8,0,8,富邦-苗栗,2023-11-09,9657
2303,聯電,8,1,7,富邦-苗栗,2023-11-09,9657
1324,地球,9,2,7,富邦-苗栗,2023-11-09,9657
3094,聯傑,7,0,7,富邦-苗栗,2023-11-09,9657
8215,明基材,7,0,7,富邦-苗栗,2023-11-09,9657
2412,中華電,7,0,7,富邦-苗栗,2023-11-09,9657
2331,精英,9,2,7,富邦-苗栗,2023-11-09,9657
1449,佳和,6,0,6,富邦-苗栗,2023-11-09,9657
3013,晟銘電,7,1,6,富邦-苗栗,2023-11-09,9657
00632R,元大台灣50反1,5,0,5,富邦-苗栗,2023-11-09,9657
00898,國泰基因免疫革命,5,0,5,富邦-苗栗,2023-11-09,9657
2402,毅嘉,5,0,5,富邦-苗栗,2023-11-09,9657
2801,彰銀,5,0,5,富邦-苗栗,2023-11-09,9657
2352,佳世達,53,1,52,富邦-苗栗,2023-11-10,9657
00679B,元大美債20年,37,0,37,富邦-苗栗,2023-11-10,9657
00931B,統一美債20年,31,0,31,富邦-苗栗,2023-11-10,9657
1539,巨庭,30,0,30,富邦-苗栗,2023-11-10,9657
2913,農林,30,0,30,富邦-苗栗,2023-11-10,9657
3704,合勤控,30,0,30,富邦-苗栗,2023-11-10,9657
6790,永豐實,30,0,30,富邦-苗栗,2023-11-10,9657
6695,芯鼎,25,0,25,富邦-苗栗,2023-11-10,9657
00632R,元大台灣50反1,25,1,24,富邦-苗栗,2023-11-10,9657
2883,凱基金,20,2,18,富邦-苗栗,2023-11-10,9657
00720B,元大投資級公司債,17,0,17,富邦-苗栗,2023-11-10,9657
2303,聯電,20,3,17,富邦-苗栗,2023-11-10,9657
3363,上詮,16,0,16,富邦-苗栗,2023-11-10,9657
00692,富邦公司治理,14,0,14,富邦-苗栗,2023-11-10,9657
9907,統一實,14,0,14,富邦-苗栗,2023-11-10,9657
00936,台新永續高息中小,13,0,13,富邦-苗栗,2023-11-10,9657
2305,全友,15,2,13,富邦-苗栗,2023-11-10,9657
3231,緯創,41,29,12,富邦-苗栗,2023-11-10,9657
00882,中信中國高股息,12,0,12,富邦-苗栗,2023-11-10,9657
00712,復華富時不動產,16,4,12,富邦-苗栗,2023-11-10,9657
2337,旺宏,12,0,12,富邦-苗栗,2023-11-10,9657
4129,聯合,12,0,12,富邦-苗栗,2023-11-10,9657
3450,聯鈞,11,0,11,富邦-苗栗,2023-11-10,9657
2387,精元,19,9,10,富邦-苗栗,2023-11-10,9657
00706L,期元大S＆P日圓正2,10,0,10,富邦-苗栗,2023-11-10,9657
00681R,元大美債20反1,10,0,10,富邦-苗栗,2023-11-10,9657
00680L,元大美債20正2,10,0,10,富邦-苗栗,2023-11-10,9657
00665L,富邦�琤肭磪囓�2,10,0,10,富邦-苗栗,2023-11-10,9657
00725B,國泰投資級公司債,10,0,10,富邦-苗栗,2023-11-10,9657
2405,輔信,10,0,10,富邦-苗栗,2023-11-10,9657
2498,宏達電,12,2,10,富邦-苗栗,2023-11-10,9657
3059,華晶科,10,0,10,富邦-苗栗,2023-11-10,9657
6609,瀧澤科,10,0,10,富邦-苗栗,2023-11-10,9657
00929,復華台灣科技優息,18,8,10,富邦-苗栗,2023-11-10,9657
2486,一詮,8,0,8,富邦-苗栗,2023-11-10,9657
6472,保瑞,8,0,8,富邦-苗栗,2023-11-10,9657
00933B,國泰10Y+金融債,7,0,7,富邦-苗栗,2023-11-10,9657
5347,世界,8,1,7,富邦-苗栗,2023-11-10,9657
2201,裕隆,9,3,6,富邦-苗栗,2023-11-10,9657
2363,矽統,23,17,6,富邦-苗栗,2023-11-10,9657
00934,中信成長高股息,7,1,6,富邦-苗栗,2023-11-10,9657
4552,力達-KY,6,0,6,富邦-苗栗,2023-11-10,9657
6457,紘康,6,0,6,富邦-苗栗,2023-11-10,9657
5258,虹堡,11,6,5,富邦-苗栗,2023-11-10,9657
00795B,中信美國公債20年,5,0,5,富邦-苗栗,2023-11-10,9657
2390,云辰,5,0,5,富邦-苗栗,2023-11-10,9657
2399,映泰,5,0,5,富邦-苗栗,2023-11-10,9657
2485,兆赫,5,0,5,富邦-苗栗,2023-11-10,9657
3013,晟銘電,5,0,5,富邦-苗栗,2023-11-10,9657
3037,欣興,6,1,5,富邦-苗栗,2023-11-10,9657
0056,元大高股息,73,18,55,富邦-苗栗,2023-11-13,9657
2382,廣達,39,1,38,富邦-苗栗,2023-11-13,9657
2444,兆勁,30,0,30,富邦-苗栗,2023-11-13,9657
00679B,元大美債20年,27,1,26,富邦-苗栗,2023-11-13,9657
00919,群益台灣精選高息,43,22,21,富邦-苗栗,2023-11-13,9657
00671R,富邦NASDAQ反1,20,0,20,富邦-苗栗,2023-11-13,9657
00923,群益台ESG低碳50,20,0,20,富邦-苗栗,2023-11-13,9657
1701,中化,20,0,20,富邦-苗栗,2023-11-13,9657
2355,敬鵬,20,0,20,富邦-苗栗,2023-11-13,9657
2409,友達,20,0,20,富邦-苗栗,2023-11-13,9657
2618,長榮航,31,13,18,富邦-苗栗,2023-11-13,9657
8076,伍豐,18,0,18,富邦-苗栗,2023-11-13,9657
2363,矽統,25,8,17,富邦-苗栗,2023-11-13,9657
00935,野村臺灣新科技50,17,0,17,富邦-苗栗,2023-11-13,9657
2412,中華電,16,0,16,富邦-苗栗,2023-11-13,9657
5371,中光電,41,25,16,富邦-苗栗,2023-11-13,9657
00931B,統一美債20年,22,7,15,富邦-苗栗,2023-11-13,9657
2852,第一保,14,0,14,富邦-苗栗,2023-11-13,9657
6695,芯鼎,24,10,14,富邦-苗栗,2023-11-13,9657
5469,瀚宇博,24,12,12,富邦-苗栗,2023-11-13,9657
00688L,國泰20年美債正2,12,0,12,富邦-苗栗,2023-11-13,9657
4906,正文,12,0,12,富邦-苗栗,2023-11-13,9657
2301,光寶科,11,0,11,富邦-苗栗,2023-11-13,9657
00690,兆豐藍籌30,10,0,10,富邦-苗栗,2023-11-13,9657
00936,台新永續高息中小,10,0,10,富邦-苗栗,2023-11-13,9657
2451,創見,10,0,10,富邦-苗栗,2023-11-13,9657
8215,明基材,10,0,10,富邦-苗栗,2023-11-13,9657
5347,世界,10,0,10,富邦-苗栗,2023-11-13,9657
3581,博磊,9,0,9,富邦-苗栗,2023-11-13,9657
6689,伊雲谷,9,0,9,富邦-苗栗,2023-11-13,9657
00692,富邦公司治理,10,2,8,富邦-苗栗,2023-11-13,9657
2323,中環,8,0,8,富邦-苗栗,2023-11-13,9657
2344,華邦電,21,13,8,富邦-苗栗,2023-11-13,9657
2883,凱基金,9,1,8,富邦-苗栗,2023-11-13,9657
3189,景碩,8,0,8,富邦-苗栗,2023-11-13,9657
8044,網家,10,2,8,富邦-苗栗,2023-11-13,9657
1304,台聚,7,0,7,富邦-苗栗,2023-11-13,9657
4763,材料-KY,8,1,7,富邦-苗栗,2023-11-13,9657
3105,穩懋,7,1,6,富邦-苗栗,2023-11-13,9657
2851,中再保,6,0,6,富邦-苗栗,2023-11-13,9657
3176,基亞,6,0,6,富邦-苗栗,2023-11-13,9657
3450,聯鈞,6,0,6,富邦-苗栗,2023-11-13,9657
00878,國泰永續高股息,17,11,6,富邦-苗栗,2023-11-13,9657
3036,文曄,6,1,5,富邦-苗栗,2023-11-13,9657
6901,鑽石投資,32,27,5,富邦-苗栗,2023-11-13,9657
1568,倉佑,5,0,5,富邦-苗栗,2023-11-13,9657
2002,中鋼,5,0,5,富邦-苗栗,2023-11-13,9657
2316,楠梓電,5,0,5,富邦-苗栗,2023-11-13,9657
2486,一詮,5,0,5,富邦-苗栗,2023-11-13,9657
2634,漢翔,5,0,5,富邦-苗栗,2023-11-13,9657
00878,國泰永續高股息,116,30,86,富邦-苗栗,2023-11-14,9657
00706L,期元大S＆P日圓正2,60,0,60,富邦-苗栗,2023-11-14,9657
2812,台中銀,52,0,52,富邦-苗栗,2023-11-14,9657
2606,裕民,40,0,40,富邦-苗栗,2023-11-14,9657
4744,皇將,35,0,35,富邦-苗栗,2023-11-14,9657
2313,華通,35,5,30,富邦-苗栗,2023-11-14,9657
6546,正基,25,0,25,富邦-苗栗,2023-11-14,9657
00692,富邦公司治理,28,4,24,富邦-苗栗,2023-11-14,9657
1541,錩泰,23,0,23,富邦-苗栗,2023-11-14,9657
00688L,國泰20年美債正2,22,0,22,富邦-苗栗,2023-11-14,9657
3006,晶豪科,24,2,22,富邦-苗栗,2023-11-14,9657
6202,盛群,22,0,22,富邦-苗栗,2023-11-14,9657
2409,友達,20,0,20,富邦-苗栗,2023-11-14,9657
9105,泰金寶-DR,20,0,20,富邦-苗栗,2023-11-14,9657
5351,鈺創,20,1,19,富邦-苗栗,2023-11-14,9657
00936,台新永續高息中小,17,1,16,富邦-苗栗,2023-11-14,9657
00679B,元大美債20年,14,0,14,富邦-苗栗,2023-11-14,9657
1721,三晃,12,0,12,富邦-苗栗,2023-11-14,9657
2027,大成鋼,12,0,12,富邦-苗栗,2023-11-14,9657
1101,台泥,14,3,11,富邦-苗栗,2023-11-14,9657
00753L,中信中國50正2,10,0,10,富邦-苗栗,2023-11-14,9657
1305,華夏,10,0,10,富邦-苗栗,2023-11-14,9657
1701,中化,10,0,10,富邦-苗栗,2023-11-14,9657
2451,創見,10,0,10,富邦-苗栗,2023-11-14,9657
2611,志信,10,0,10,富邦-苗栗,2023-11-14,9657
8044,網家,10,0,10,富邦-苗栗,2023-11-14,9657
00929,復華台灣科技優息,45,36,9,富邦-苗栗,2023-11-14,9657
00885,富邦越南,10,1,9,富邦-苗栗,2023-11-14,9657
1540,喬福,9,0,9,富邦-苗栗,2023-11-14,9657
2303,聯電,10,2,8,富邦-苗栗,2023-11-14,9657
00931B,統一美債20年,10,2,8,富邦-苗栗,2023-11-14,9657
2329,華泰,16,8,8,富邦-苗栗,2023-11-14,9657
3264,欣銓,9,1,8,富邦-苗栗,2023-11-14,9657
6901,鑽石投資,10,3,7,富邦-苗栗,2023-11-14,9657
3306,鼎天,17,10,7,富邦-苗栗,2023-11-14,9657
6770,力積電,14,7,7,富邦-苗栗,2023-11-14,9657
9919,康那香,7,0,7,富邦-苗栗,2023-11-14,9657
3042,晶技,13,6,7,富邦-苗栗,2023-11-14,9657
4105,東洋,6,0,6,富邦-苗栗,2023-11-14,9657
00900,富邦特選高股息30,30,24,6,富邦-苗栗,2023-11-14,9657
00850,元大臺灣ESG永續,6,0,6,富邦-苗栗,2023-11-14,9657
2323,中環,10,4,6,富邦-苗栗,2023-11-14,9657
2402,毅嘉,39,33,6,富邦-苗栗,2023-11-14,9657
2610,華航,10,4,6,富邦-苗栗,2023-11-14,9657
3162,精確,6,0,6,富邦-苗栗,2023-11-14,9657
6164,華興,6,0,6,富邦-苗栗,2023-11-14,9657
00882,中信中國高股息,5,0,5,富邦-苗栗,2023-11-14,9657
1504,東元,6,1,5,富邦-苗栗,2023-11-14,9657
00687B,國泰20年美債,5,0,5,富邦-苗栗,2023-11-14,9657
2331,精英,10,5,5,富邦-苗栗,2023-11-14,9657
00665L,富邦�琤肭磪囓�2,200,3,197,富邦-苗栗,2023-11-15,9657
00679B,元大美債20年,57,2,55,富邦-苗栗,2023-11-15,9657
9904,寶成,56,2,54,富邦-苗栗,2023-11-15,9657
4744,皇將,50,0,50,富邦-苗栗,2023-11-15,9657
1541,錩泰,42,0,42,富邦-苗栗,2023-11-15,9657
00671R,富邦NASDAQ反1,40,0,40,富邦-苗栗,2023-11-15,9657
1598,岱宇,32,0,32,富邦-苗栗,2023-11-15,9657
2331,精英,32,0,32,富邦-苗栗,2023-11-15,9657
3276,宇環,37,8,29,富邦-苗栗,2023-11-15,9657
00850,元大臺灣ESG永續,25,0,25,富邦-苗栗,2023-11-15,9657
00708L,期元大S＆P黃金正2,24,0,24,富邦-苗栗,2023-11-15,9657
2313,華通,44,20,24,富邦-苗栗,2023-11-15,9657
3622,洋華,26,2,24,富邦-苗栗,2023-11-15,9657
00931B,統一美債20年,22,0,22,富邦-苗栗,2023-11-15,9657
3231,緯創,55,35,20,富邦-苗栗,2023-11-15,9657
00891,中信關鍵半導體,22,2,20,富邦-苗栗,2023-11-15,9657
2402,毅嘉,23,5,18,富邦-苗栗,2023-11-15,9657
00715L,期街口布蘭特正2,16,0,16,富邦-苗栗,2023-11-15,9657
5351,鈺創,21,6,15,富邦-苗栗,2023-11-15,9657
6612,奈米醫材,15,0,15,富邦-苗栗,2023-11-15,9657
00687B,國泰20年美債,14,0,14,富邦-苗栗,2023-11-15,9657
00688L,國泰20年美債正2,12,0,12,富邦-苗栗,2023-11-15,9657
2382,廣達,24,13,11,富邦-苗栗,2023-11-15,9657
00788B,元大10年IG電能債,10,0,10,富邦-苗栗,2023-11-15,9657
3037,欣興,10,0,10,富邦-苗栗,2023-11-15,9657
4933,友輝,10,0,10,富邦-苗栗,2023-11-15,9657
6901,鑽石投資,11,1,10,富邦-苗栗,2023-11-15,9657
9907,統一實,10,0,10,富邦-苗栗,2023-11-15,9657
4533,協易機,10,1,9,富邦-苗栗,2023-11-15,9657
00692,富邦公司治理,10,2,8,富邦-苗栗,2023-11-15,9657
2337,旺宏,10,2,8,富邦-苗栗,2023-11-15,9657
6026,福邦證,8,0,8,富邦-苗栗,2023-11-15,9657
2363,矽統,34,26,8,富邦-苗栗,2023-11-15,9657
1513,中興電,10,2,8,富邦-苗栗,2023-11-15,9657
2449,京元電子,8,1,7,富邦-苗栗,2023-11-15,9657
2323,中環,7,0,7,富邦-苗栗,2023-11-15,9657
3707,漢磊,10,3,7,富邦-苗栗,2023-11-15,9657
2801,彰銀,7,0,7,富邦-苗栗,2023-11-15,9657
3017,奇鋐,12,5,7,富邦-苗栗,2023-11-15,9657
00681R,元大美債20反1,6,0,6,富邦-苗栗,2023-11-15,9657
3176,基亞,8,2,6,富邦-苗栗,2023-11-15,9657
6015,宏遠證,7,1,6,富邦-苗栗,2023-11-15,9657
6142,友勁,6,0,6,富邦-苗栗,2023-11-15,9657
2303,聯電,21,15,6,富邦-苗栗,2023-11-15,9657
00676R,富邦臺灣加權反1,75,70,5,富邦-苗栗,2023-11-15,9657
2851,中再保,5,0,5,富邦-苗栗,2023-11-15,9657
3024,憶聲,5,0,5,富邦-苗栗,2023-11-15,9657
6173,信昌電,5,0,5,富邦-苗栗,2023-11-15,9657
8049,晶采,5,0,5,富邦-苗栗,2023-11-15,9657
8176,智捷,5,0,5,富邦-苗栗,2023-11-15,9657
00679B,元大美債20年,37,0,37,富邦-苗栗,2023-11-16,9657
1101,台泥,34,0,34,富邦-苗栗,2023-11-16,9657
00929,復華台灣科技優息,41,7,34,富邦-苗栗,2023-11-16,9657
1598,岱宇,33,0,33,富邦-苗栗,2023-11-16,9657
00715L,期街口布蘭特正2,28,0,28,富邦-苗栗,2023-11-16,9657
2812,台中銀,30,2,28,富邦-苗栗,2023-11-16,9657
8011,台通,28,0,28,富邦-苗栗,2023-11-16,9657
2331,精英,27,5,22,富邦-苗栗,2023-11-16,9657
00632R,元大台灣50反1,20,0,20,富邦-苗栗,2023-11-16,9657
00706L,期元大S＆P日圓正2,20,0,20,富邦-苗栗,2023-11-16,9657
8215,明基材,20,0,20,富邦-苗栗,2023-11-16,9657
3264,欣銓,21,2,19,富邦-苗栗,2023-11-16,9657
5272,笙科,28,9,19,富邦-苗栗,2023-11-16,9657
00720B,元大投資級公司債,18,1,17,富邦-苗栗,2023-11-16,9657
6901,鑽石投資,16,0,16,富邦-苗栗,2023-11-16,9657
2412,中華電,15,1,14,富邦-苗栗,2023-11-16,9657
3450,聯鈞,14,0,14,富邦-苗栗,2023-11-16,9657
8070,長華*,15,1,14,富邦-苗栗,2023-11-16,9657
9904,寶成,16,2,14,富邦-苗栗,2023-11-16,9657
5512,力麒,13,0,13,富邦-苗栗,2023-11-16,9657
6026,福邦證,13,0,13,富邦-苗栗,2023-11-16,9657
00878,國泰永續高股息,56,44,12,富邦-苗栗,2023-11-16,9657
00931B,統一美債20年,12,0,12,富邦-苗栗,2023-11-16,9657
00933B,國泰10Y+金融債,11,0,11,富邦-苗栗,2023-11-16,9657
1815,富喬,17,6,11,富邦-苗栗,2023-11-16,9657
5706,鳳凰,10,0,10,富邦-苗栗,2023-11-16,9657
2417,圓剛,20,11,9,富邦-苗栗,2023-11-16,9657
2606,裕民,9,0,9,富邦-苗栗,2023-11-16,9657
6689,伊雲谷,9,0,9,富邦-苗栗,2023-11-16,9657
0056,元大高股息,12,4,8,富邦-苗栗,2023-11-16,9657
6245,立端,8,0,8,富邦-苗栗,2023-11-16,9657
6133,金橋,8,0,8,富邦-苗栗,2023-11-16,9657
00850,元大臺灣ESG永續,8,0,8,富邦-苗栗,2023-11-16,9657
3260,威剛,8,1,7,富邦-苗栗,2023-11-16,9657
00900,富邦特選高股息30,7,0,7,富邦-苗栗,2023-11-16,9657
00934,中信成長高股息,7,0,7,富邦-苗栗,2023-11-16,9657
2431,聯昌,7,0,7,富邦-苗栗,2023-11-16,9657
4950,牧東,7,0,7,富邦-苗栗,2023-11-16,9657
5009,榮剛,7,0,7,富邦-苗栗,2023-11-16,9657
3231,緯創,35,28,7,富邦-苗栗,2023-11-16,9657
1582,信錦,7,1,6,富邦-苗栗,2023-11-16,9657
2344,華邦電,35,29,6,富邦-苗栗,2023-11-16,9657
2399,映泰,7,1,6,富邦-苗栗,2023-11-16,9657
6457,紘康,6,0,6,富邦-苗栗,2023-11-16,9657
6658,聯策,6,0,6,富邦-苗栗,2023-11-16,9657
8112,至上,6,0,6,富邦-苗栗,2023-11-16,9657
8176,智捷,14,8,6,富邦-苗栗,2023-11-16,9657
4967,十銓,8,2,6,富邦-苗栗,2023-11-16,9657
4938,和碩,6,1,5,富邦-苗栗,2023-11-16,9657
00753L,中信中國50正2,9,4,5,富邦-苗栗,2023-11-16,9657
00715L,期街口布蘭特正2,155,21,134,富邦-苗栗,2023-11-17,9657
00632R,元大台灣50反1,115,0,115,富邦-苗栗,2023-11-17,9657
00795B,中信美國公債20年,110,0,110,富邦-苗栗,2023-11-17,9657
2884,玉山金,103,0,103,富邦-苗栗,2023-11-17,9657
00688L,國泰20年美債正2,43,0,43,富邦-苗栗,2023-11-17,9657
00936,台新永續高息中小,34,1,33,富邦-苗栗,2023-11-17,9657
2610,華航,43,13,30,富邦-苗栗,2023-11-17,9657
00931B,統一美債20年,21,0,21,富邦-苗栗,2023-11-17,9657
2605,新興,34,14,20,富邦-苗栗,2023-11-17,9657
00919,群益台灣精選高息,20,2,18,富邦-苗栗,2023-11-17,9657
00633L,富邦上証正2,16,0,16,富邦-苗栗,2023-11-17,9657
1802,台玻,15,0,15,富邦-苗栗,2023-11-17,9657
2606,裕民,15,0,15,富邦-苗栗,2023-11-17,9657
00665L,富邦�琤肭磪囓�2,14,0,14,富邦-苗栗,2023-11-17,9657
6546,正基,19,5,14,富邦-苗栗,2023-11-17,9657
00679B,元大美債20年,14,1,13,富邦-苗栗,2023-11-17,9657
1409,新纖,13,0,13,富邦-苗栗,2023-11-17,9657
2027,大成鋼,11,0,11,富邦-苗栗,2023-11-17,9657
8011,台通,11,0,11,富邦-苗栗,2023-11-17,9657
6274,台燿,12,2,10,富邦-苗栗,2023-11-17,9657
00687B,國泰20年美債,10,0,10,富邦-苗栗,2023-11-17,9657
2312,金寶,10,0,10,富邦-苗栗,2023-11-17,9657
4974,亞泰,10,0,10,富邦-苗栗,2023-11-17,9657
6168,宏齊,10,0,10,富邦-苗栗,2023-11-17,9657
6612,奈米醫材,10,0,10,富邦-苗栗,2023-11-17,9657
00929,復華台灣科技優息,18,9,9,富邦-苗栗,2023-11-17,9657
1701,中化,10,1,9,富邦-苗栗,2023-11-17,9657
3231,緯創,27,18,9,富邦-苗栗,2023-11-17,9657
2457,飛宏,21,12,9,富邦-苗栗,2023-11-17,9657
00934,中信成長高股息,8,0,8,富邦-苗栗,2023-11-17,9657
1541,錩泰,9,1,8,富邦-苗栗,2023-11-17,9657
00720B,元大投資級公司債,7,0,7,富邦-苗栗,2023-11-17,9657
2465,麗臺,7,0,7,富邦-苗栗,2023-11-17,9657
6245,立端,7,0,7,富邦-苗栗,2023-11-17,9657
2376,技嘉,11,4,7,富邦-苗栗,2023-11-17,9657
2371,大同,6,0,6,富邦-苗栗,2023-11-17,9657
3036,文曄,6,0,6,富邦-苗栗,2023-11-17,9657
2364,倫飛,11,5,6,富邦-苗栗,2023-11-17,9657
3264,欣銓,14,8,6,富邦-苗栗,2023-11-17,9657
6933,AMAX-KY,6,0,6,富邦-苗栗,2023-11-17,9657
2388,威盛,46,41,5,富邦-苗栗,2023-11-17,9657
4908,前鼎,10,5,5,富邦-苗栗,2023-11-17,9657
2356,英業達,6,1,5,富邦-苗栗,2023-11-17,9657
00902,中信電池及儲能,5,0,5,富邦-苗栗,2023-11-17,9657
00676R,富邦臺灣加權反1,45,40,5,富邦-苗栗,2023-11-17,9657
00655L,國泰中國A50正2,5,0,5,富邦-苗栗,2023-11-17,9657
00680L,元大美債20正2,5,0,5,富邦-苗栗,2023-11-17,9657
00753L,中信中國50正2,5,0,5,富邦-苗栗,2023-11-17,9657
1582,信錦,5,0,5,富邦-苗栗,2023-11-17,9657
2399,映泰,5,0,5,富邦-苗栗,2023-11-17,9657
4744,皇將,140,0,140,富邦-苗栗,2023-11-20,9657
00929,復華台灣科技優息,138,66,72,富邦-苗栗,2023-11-20,9657
2313,華通,168,97,71,富邦-苗栗,2023-11-20,9657
2409,友達,82,21,61,富邦-苗栗,2023-11-20,9657
2374,佳能,41,0,41,富邦-苗栗,2023-11-20,9657
8011,台通,30,0,30,富邦-苗栗,2023-11-20,9657
2610,華航,20,0,20,富邦-苗栗,2023-11-20,9657
00720B,元大投資級公司債,22,3,19,富邦-苗栗,2023-11-20,9657
2618,長榮航,18,2,16,富邦-苗栗,2023-11-20,9657
2362,藍天,15,0,15,富邦-苗栗,2023-11-20,9657
8089,康全電訊,15,0,15,富邦-苗栗,2023-11-20,9657
1541,錩泰,13,0,13,富邦-苗栗,2023-11-20,9657
6197,佳必琪,14,1,13,富邦-苗栗,2023-11-20,9657
6732,昇佳電子,16,3,13,富邦-苗栗,2023-11-20,9657
9904,寶成,12,0,12,富邦-苗栗,2023-11-20,9657
00680L,元大美債20正2,12,0,12,富邦-苗栗,2023-11-20,9657
3042,晶技,11,0,11,富邦-苗栗,2023-11-20,9657
3231,緯創,15,5,10,富邦-苗栗,2023-11-20,9657
2353,宏��,11,1,10,富邦-苗栗,2023-11-20,9657
00690,兆豐藍籌30,10,0,10,富邦-苗栗,2023-11-20,9657
6026,福邦證,10,0,10,富邦-苗栗,2023-11-20,9657
00687B,國泰20年美債,9,0,9,富邦-苗栗,2023-11-20,9657
00679B,元大美債20年,18,9,9,富邦-苗栗,2023-11-20,9657
3149,正達,9,0,9,富邦-苗栗,2023-11-20,9657
6188,廣明,9,0,9,富邦-苗栗,2023-11-20,9657
0056,元大高股息,12,3,9,富邦-苗栗,2023-11-20,9657
2462,良得電,15,6,9,富邦-苗栗,2023-11-20,9657
3035,智原,21,13,8,富邦-苗栗,2023-11-20,9657
00923,群益台ESG低碳50,8,0,8,富邦-苗栗,2023-11-20,9657
00712,復華富時不動產,12,4,8,富邦-苗栗,2023-11-20,9657
00706L,期元大S＆P日圓正2,8,0,8,富邦-苗栗,2023-11-20,9657
2201,裕隆,11,3,8,富邦-苗栗,2023-11-20,9657
2731,雄獅,8,1,7,富邦-苗栗,2023-11-20,9657
00857B,永豐20年美公債,7,0,7,富邦-苗栗,2023-11-20,9657
2027,大成鋼,12,5,7,富邦-苗栗,2023-11-20,9657
2834,臺企銀,7,0,7,富邦-苗栗,2023-11-20,9657
2363,矽統,17,11,6,富邦-苗栗,2023-11-20,9657
3491,昇達科,6,0,6,富邦-苗栗,2023-11-20,9657
4908,前鼎,6,0,6,富邦-苗栗,2023-11-20,9657
5009,榮剛,6,0,6,富邦-苗栗,2023-11-20,9657
5531,鄉林,7,1,6,富邦-苗栗,2023-11-20,9657
6546,正基,12,6,6,富邦-苗栗,2023-11-20,9657
00751B,元大AAA至A公司債,5,0,5,富邦-苗栗,2023-11-20,9657
1795,美時,6,1,5,富邦-苗栗,2023-11-20,9657
00772B,中信高評級公司債,5,0,5,富邦-苗栗,2023-11-20,9657
1540,喬福,5,0,5,富邦-苗栗,2023-11-20,9657
2356,英業達,65,60,5,富邦-苗栗,2023-11-20,9657
3666,光耀,5,0,5,富邦-苗栗,2023-11-20,9657
4401,東隆興,5,0,5,富邦-苗栗,2023-11-20,9657
5425,台半,5,0,5,富邦-苗栗,2023-11-20,9657
00712,復華富時不動產,95,0,95,富邦-苗栗,2023-11-21,9657
5351,鈺創,100,16,84,富邦-苗栗,2023-11-21,9657
2362,藍天,75,0,75,富邦-苗栗,2023-11-21,9657
3059,華晶科,86,18,68,富邦-苗栗,2023-11-21,9657
2356,英業達,54,17,37,富邦-苗栗,2023-11-21,9657
5531,鄉林,35,0,35,富邦-苗栗,2023-11-21,9657
2442,新美齊,32,0,32,富邦-苗栗,2023-11-21,9657
00931B,統一美債20年,30,0,30,富邦-苗栗,2023-11-21,9657
3276,宇環,32,2,30,富邦-苗栗,2023-11-21,9657
2305,全友,30,1,29,富邦-苗栗,2023-11-21,9657
2880,華南金,40,11,29,富邦-苗栗,2023-11-21,9657
4952,凌通,34,5,29,富邦-苗栗,2023-11-21,9657
2313,華通,85,61,24,富邦-苗栗,2023-11-21,9657
1815,富喬,36,13,23,富邦-苗栗,2023-11-21,9657
00637L,元大滬深300正2,22,0,22,富邦-苗栗,2023-11-21,9657
00935,野村臺灣新科技50,21,0,21,富邦-苗栗,2023-11-21,9657
2303,聯電,26,6,20,富邦-苗栗,2023-11-21,9657
9933,中鼎,20,0,20,富邦-苗栗,2023-11-21,9657
2516,新建,20,1,19,富邦-苗栗,2023-11-21,9657
4906,正文,23,5,18,富邦-苗栗,2023-11-21,9657
00900,富邦特選高股息30,21,5,16,富邦-苗栗,2023-11-21,9657
2427,三商電,16,0,16,富邦-苗栗,2023-11-21,9657
2352,佳世達,15,0,15,富邦-苗栗,2023-11-21,9657
2421,建準,16,1,15,富邦-苗栗,2023-11-21,9657
3663,鑫科,15,0,15,富邦-苗栗,2023-11-21,9657
2344,華邦電,15,0,15,富邦-苗栗,2023-11-21,9657
00632R,元大台灣50反1,16,2,14,富邦-苗栗,2023-11-21,9657
2498,宏達電,18,5,13,富邦-苗栗,2023-11-21,9657
6191,精成科,17,5,12,富邦-苗栗,2023-11-21,9657
00676R,富邦臺灣加權反1,74,62,12,富邦-苗栗,2023-11-21,9657
2363,矽統,35,23,12,富邦-苗栗,2023-11-21,9657
2486,一詮,15,3,12,富邦-苗栗,2023-11-21,9657
2801,彰銀,12,0,12,富邦-苗栗,2023-11-21,9657
2905,三商,12,0,12,富邦-苗栗,2023-11-21,9657
6233,旺玖,15,3,12,富邦-苗栗,2023-11-21,9657
2002,中鋼,22,11,11,富邦-苗栗,2023-11-21,9657
2618,長榮航,38,28,10,富邦-苗栗,2023-11-21,9657
5484,慧友,10,0,10,富邦-苗栗,2023-11-21,9657
6136,富爾特,10,0,10,富邦-苗栗,2023-11-21,9657
6185,幃翔,10,0,10,富邦-苗栗,2023-11-21,9657
00720B,元大投資級公司債,10,0,10,富邦-苗栗,2023-11-21,9657
6416,瑞祺電通,10,1,9,富邦-苗栗,2023-11-21,9657
2027,大成鋼,8,0,8,富邦-苗栗,2023-11-21,9657
2401,凌陽,12,4,8,富邦-苗栗,2023-11-21,9657
8048,德勝,13,5,8,富邦-苗栗,2023-11-21,9657
6188,廣明,7,0,7,富邦-苗栗,2023-11-21,9657
00919,群益台灣精選高息,17,10,7,富邦-苗栗,2023-11-21,9657
00680L,元大美債20正2,7,0,7,富邦-苗栗,2023-11-21,9657
00936,台新永續高息中小,7,0,7,富邦-苗栗,2023-11-21,9657
6443,元晶,7,0,7,富邦-苗栗,2023-11-21,9657
4744,皇將,64,0,64,富邦-苗栗,2023-11-22,9657
00753L,中信中國50正2,61,0,61,富邦-苗栗,2023-11-22,9657
2409,友達,60,0,60,富邦-苗栗,2023-11-22,9657
2367,燿華,63,4,59,富邦-苗栗,2023-11-22,9657
00936,台新永續高息中小,47,0,47,富邦-苗栗,2023-11-22,9657
00878,國泰永續高股息,41,2,39,富邦-苗栗,2023-11-22,9657
00919,群益台灣精選高息,36,0,36,富邦-苗栗,2023-11-22,9657
2023,燁輝,63,28,35,富邦-苗栗,2023-11-22,9657
2356,英業達,31,3,28,富邦-苗栗,2023-11-22,9657
00929,復華台灣科技優息,29,2,27,富邦-苗栗,2023-11-22,9657
5443,均豪,25,0,25,富邦-苗栗,2023-11-22,9657
00712,復華富時不動產,34,10,24,富邦-苗栗,2023-11-22,9657
3231,緯創,37,14,23,富邦-苗栗,2023-11-22,9657
00679B,元大美債20年,22,0,22,富邦-苗栗,2023-11-22,9657
00918,大華優利高填息30,21,0,21,富邦-苗栗,2023-11-22,9657
1522,堤維西,21,0,21,富邦-苗栗,2023-11-22,9657
00706L,期元大S＆P日圓正2,20,0,20,富邦-苗栗,2023-11-22,9657
3028,增你強,20,0,20,富邦-苗栗,2023-11-22,9657
6229,研通,20,0,20,富邦-苗栗,2023-11-22,9657
0056,元大高股息,20,0,20,富邦-苗栗,2023-11-22,9657
2382,廣達,29,10,19,富邦-苗栗,2023-11-22,9657
2427,三商電,20,1,19,富邦-苗栗,2023-11-22,9657
5272,笙科,21,2,19,富邦-苗栗,2023-11-22,9657
5351,鈺創,34,15,19,富邦-苗栗,2023-11-22,9657
2376,技嘉,21,3,18,富邦-苗栗,2023-11-22,9657
00905,FT臺灣Smart,18,0,18,富邦-苗栗,2023-11-22,9657
2834,臺企銀,17,1,16,富邦-苗栗,2023-11-22,9657
2618,長榮航,30,14,16,富邦-苗栗,2023-11-22,9657
2801,彰銀,19,4,15,富邦-苗栗,2023-11-22,9657
1541,錩泰,15,0,15,富邦-苗栗,2023-11-22,9657
00931B,統一美債20年,14,0,14,富邦-苗栗,2023-11-22,9657
6770,力積電,14,0,14,富邦-苗栗,2023-11-22,9657
5533,皇鼎,14,0,14,富邦-苗栗,2023-11-22,9657
6142,友勁,14,0,14,富邦-苗栗,2023-11-22,9657
2610,華航,12,1,11,富邦-苗栗,2023-11-22,9657
2313,華通,45,34,11,富邦-苗栗,2023-11-22,9657
6593,台灣銘板,11,0,11,富邦-苗栗,2023-11-22,9657
2330,台積電,11,0,11,富邦-苗栗,2023-11-22,9657
6274,台燿,12,2,10,富邦-苗栗,2023-11-22,9657
00885,富邦越南,10,0,10,富邦-苗栗,2023-11-22,9657
00688L,國泰20年美債正2,10,0,10,富邦-苗栗,2023-11-22,9657
1799,易威,10,0,10,富邦-苗栗,2023-11-22,9657
2516,新建,15,5,10,富邦-苗栗,2023-11-22,9657
2537,聯上發,10,0,10,富邦-苗栗,2023-11-22,9657
3230,錦明,13,3,10,富邦-苗栗,2023-11-22,9657
4934,太極,10,0,10,富邦-苗栗,2023-11-22,9657
6411,晶焱,12,2,10,富邦-苗栗,2023-11-22,9657
9939,宏全,10,0,10,富邦-苗栗,2023-11-22,9657
2883,凱基金,14,6,8,富邦-苗栗,2023-11-22,9657
1760,寶齡富錦,8,0,8,富邦-苗栗,2023-11-22,9657
2884,玉山金,109,23,86,富邦-苗栗,2023-11-23,9657
3006,晶豪科,66,15,51,富邦-苗栗,2023-11-23,9657
00882,中信中國高股息,50,0,50,富邦-苗栗,2023-11-23,9657
2405,輔信,51,1,50,富邦-苗栗,2023-11-23,9657
2356,英業達,54,5,49,富邦-苗栗,2023-11-23,9657
00919,群益台灣精選高息,48,0,48,富邦-苗栗,2023-11-23,9657
2409,友達,41,0,41,富邦-苗栗,2023-11-23,9657
9105,泰金寶-DR,35,0,35,富邦-苗栗,2023-11-23,9657
00712,復華富時不動產,36,2,34,富邦-苗栗,2023-11-23,9657
2363,矽統,42,11,31,富邦-苗栗,2023-11-23,9657
8358,金居,31,0,31,富邦-苗栗,2023-11-23,9657
2442,新美齊,30,0,30,富邦-苗栗,2023-11-23,9657
1528,恩德,33,4,29,富邦-苗栗,2023-11-23,9657
2883,凱基金,27,0,27,富邦-苗栗,2023-11-23,9657
00878,國泰永續高股息,27,0,27,富邦-苗栗,2023-11-23,9657
00715L,期街口布蘭特正2,26,0,26,富邦-苗栗,2023-11-23,9657
3481,群創,27,3,24,富邦-苗栗,2023-11-23,9657
2002,中鋼,21,0,21,富邦-苗栗,2023-11-23,9657
6147,頎邦,21,0,21,富邦-苗栗,2023-11-23,9657
6461,益得,20,0,20,富邦-苗栗,2023-11-23,9657
8271,宇瞻,20,0,20,富邦-苗栗,2023-11-23,9657
3041,揚智,24,6,18,富邦-苗栗,2023-11-23,9657
6275,元山,20,3,17,富邦-苗栗,2023-11-23,9657
3545,敦泰,25,8,17,富邦-苗栗,2023-11-23,9657
2367,燿華,16,0,16,富邦-苗栗,2023-11-23,9657
3231,緯創,31,15,16,富邦-苗栗,2023-11-23,9657
2606,裕民,15,0,15,富邦-苗栗,2023-11-23,9657
3078,僑威,27,12,15,富邦-苗栗,2023-11-23,9657
6494,九齊,15,0,15,富邦-苗栗,2023-11-23,9657
3005,神基,13,0,13,富邦-苗栗,2023-11-23,9657
00687B,國泰20年美債,13,0,13,富邦-苗栗,2023-11-23,9657
2352,佳世達,14,2,12,富邦-苗栗,2023-11-23,9657
00637L,元大滬深300正2,11,0,11,富邦-苗栗,2023-11-23,9657
2201,裕隆,12,1,11,富邦-苗栗,2023-11-23,9657
3059,華晶科,13,2,11,富邦-苗栗,2023-11-23,9657
2812,台中銀,17,6,11,富邦-苗栗,2023-11-23,9657
2809,京城銀,10,0,10,富邦-苗栗,2023-11-23,9657
3322,建舜電,10,0,10,富邦-苗栗,2023-11-23,9657
3663,鑫科,10,0,10,富邦-苗栗,2023-11-23,9657
4167,松瑞藥,10,0,10,富邦-苗栗,2023-11-23,9657
6196,帆宣,10,0,10,富邦-苗栗,2023-11-23,9657
6751,智聯服務,10,0,10,富邦-苗栗,2023-11-23,9657
3037,欣興,10,0,10,富邦-苗栗,2023-11-23,9657
00935,野村臺灣新科技50,15,6,9,富邦-苗栗,2023-11-23,9657
2801,彰銀,12,3,9,富邦-苗栗,2023-11-23,9657
6233,旺玖,11,2,9,富邦-苗栗,2023-11-23,9657
2382,廣達,13,5,8,富邦-苗栗,2023-11-23,9657
3035,智原,22,14,8,富邦-苗栗,2023-11-23,9657
2317,鴻海,8,0,8,富邦-苗栗,2023-11-23,9657
6530,創威,18,10,8,富邦-苗栗,2023-11-23,9657
3094,聯傑,117,31,86,富邦-苗栗,2023-11-24,9657
00919,群益台灣精選高息,76,0,76,富邦-苗栗,2023-11-24,9657
00931B,統一美債20年,55,0,55,富邦-苗栗,2023-11-24,9657
00753L,中信中國50正2,40,0,40,富邦-苗栗,2023-11-24,9657
3006,晶豪科,46,8,38,富邦-苗栗,2023-11-24,9657
3141,晶宏,42,5,37,富邦-苗栗,2023-11-24,9657
3704,合勤控,36,1,35,富邦-苗栗,2023-11-24,9657
00900,富邦特選高股息30,32,2,30,富邦-苗栗,2023-11-24,9657
2618,長榮航,48,25,23,富邦-苗栗,2023-11-24,9657
6290,良維,22,0,22,富邦-苗栗,2023-11-24,9657
3545,敦泰,22,0,22,富邦-苗栗,2023-11-24,9657
00930,永豐ESG低碳高息,21,0,21,富邦-苗栗,2023-11-24,9657
3374,精材,23,2,21,富邦-苗栗,2023-11-24,9657
2501,國建,20,0,20,富邦-苗栗,2023-11-24,9657
6901,鑽石投資,21,2,19,富邦-苗栗,2023-11-24,9657
3041,揚智,25,6,19,富邦-苗栗,2023-11-24,9657
5351,鈺創,44,25,19,富邦-苗栗,2023-11-24,9657
2801,彰銀,20,2,18,富邦-苗栗,2023-11-24,9657
1809,中釉,15,0,15,富邦-苗栗,2023-11-24,9657
6282,康舒,18,3,15,富邦-苗栗,2023-11-24,9657
2007,燁興,14,0,14,富邦-苗栗,2023-11-24,9657
3701,大眾控,14,1,13,富邦-苗栗,2023-11-24,9657
6235,華孚,16,3,13,富邦-苗栗,2023-11-24,9657
6191,精成科,12,0,12,富邦-苗栗,2023-11-24,9657
2206,三陽工業,12,0,12,富邦-苗栗,2023-11-24,9657
00715L,期街口布蘭特正2,56,45,11,富邦-苗栗,2023-11-24,9657
2516,新建,16,5,11,富邦-苗栗,2023-11-24,9657
6204,艾華,12,2,10,富邦-苗栗,2023-11-24,9657
2352,佳世達,10,0,10,富邦-苗栗,2023-11-24,9657
2412,中華電,12,2,10,富邦-苗栗,2023-11-24,9657
6196,帆宣,10,0,10,富邦-苗栗,2023-11-24,9657
8358,金居,10,0,10,富邦-苗栗,2023-11-24,9657
9103,美德醫療-DR,10,0,10,富邦-苗栗,2023-11-24,9657
3231,緯創,14,4,10,富邦-苗栗,2023-11-24,9657
1541,錩泰,9,0,9,富邦-苗栗,2023-11-24,9657
8086,宏捷科,14,5,9,富邦-苗栗,2023-11-24,9657
2312,金寶,13,5,8,富邦-苗栗,2023-11-24,9657
2356,英業達,8,0,8,富邦-苗栗,2023-11-24,9657
2615,萬海,8,0,8,富邦-苗栗,2023-11-24,9657
4956,光鋐,13,5,8,富邦-苗栗,2023-11-24,9657
2610,華航,7,0,7,富邦-苗栗,2023-11-24,9657
2382,廣達,14,7,7,富邦-苗栗,2023-11-24,9657
00795B,中信美國公債20年,7,0,7,富邦-苗栗,2023-11-24,9657
2027,大成鋼,8,1,7,富邦-苗栗,2023-11-24,9657
3260,威剛,9,3,6,富邦-苗栗,2023-11-24,9657
00687B,國泰20年美債,7,1,6,富邦-苗栗,2023-11-24,9657
2883,凱基金,14,8,6,富邦-苗栗,2023-11-24,9657
3555,博士旺,6,0,6,富邦-苗栗,2023-11-24,9657
4714,永捷,6,0,6,富邦-苗栗,2023-11-24,9657
6188,廣明,6,0,6,富邦-苗栗,2023-11-24,9657
2486,一詮,200,6,194,富邦-苗栗,2023-11-27,9657
3059,華晶科,70,3,67,富邦-苗栗,2023-11-27,9657
2405,輔信,85,21,64,富邦-苗栗,2023-11-27,9657
00919,群益台灣精選高息,62,0,62,富邦-苗栗,2023-11-27,9657
0056,元大高股息,51,1,50,富邦-苗栗,2023-11-27,9657
3094,聯傑,46,1,45,富邦-苗栗,2023-11-27,9657
1815,富喬,51,12,39,富邦-苗栗,2023-11-27,9657
6790,永豐實,35,0,35,富邦-苗栗,2023-11-27,9657
1584,精剛,36,3,33,富邦-苗栗,2023-11-27,9657
00878,國泰永續高股息,37,6,31,富邦-苗栗,2023-11-27,9657
3231,緯創,46,16,30,富邦-苗栗,2023-11-27,9657
00688L,國泰20年美債正2,41,11,30,富邦-苗栗,2023-11-27,9657
2303,聯電,28,5,23,富邦-苗栗,2023-11-27,9657
00715L,期街口布蘭特正2,22,0,22,富邦-苗栗,2023-11-27,9657
00753L,中信中國50正2,21,0,21,富邦-苗栗,2023-11-27,9657
4123,晟德,20,0,20,富邦-苗栗,2023-11-27,9657
2801,彰銀,20,2,18,富邦-苗栗,2023-11-27,9657
2356,英業達,19,2,17,富邦-苗栗,2023-11-27,9657
2362,藍天,17,0,17,富邦-苗栗,2023-11-27,9657
6127,九豪,17,0,17,富邦-苗栗,2023-11-27,9657
2317,鴻海,21,5,16,富邦-苗栗,2023-11-27,9657
2610,華航,19,4,15,富邦-苗栗,2023-11-27,9657
1528,恩德,15,0,15,富邦-苗栗,2023-11-27,9657
4743,合一,13,0,13,富邦-苗栗,2023-11-27,9657
2883,凱基金,33,21,12,富邦-苗栗,2023-11-27,9657
00795B,中信美國公債20年,12,0,12,富邦-苗栗,2023-11-27,9657
00922,國泰台灣領袖50,11,0,11,富邦-苗栗,2023-11-27,9657
00633L,富邦上証正2,11,0,11,富邦-苗栗,2023-11-27,9657
2402,毅嘉,11,0,11,富邦-苗栗,2023-11-27,9657
2630,亞航,21,10,11,富邦-苗栗,2023-11-27,9657
8011,台通,12,1,11,富邦-苗栗,2023-11-27,9657
4128,中天,15,4,11,富邦-苗栗,2023-11-27,9657
3037,欣興,11,1,10,富邦-苗栗,2023-11-27,9657
2449,京元電子,10,0,10,富邦-苗栗,2023-11-27,9657
00708L,期元大S＆P黃金正2,10,0,10,富邦-苗栗,2023-11-27,9657
3023,信邦,10,0,10,富邦-苗栗,2023-11-27,9657
3078,僑威,10,0,10,富邦-苗栗,2023-11-27,9657
2382,廣達,16,6,10,富邦-苗栗,2023-11-27,9657
00931B,統一美債20年,9,0,9,富邦-苗栗,2023-11-27,9657
8271,宇瞻,9,0,9,富邦-苗栗,2023-11-27,9657
5351,鈺創,24,15,9,富邦-苗栗,2023-11-27,9657
6274,台燿,11,3,8,富邦-苗栗,2023-11-27,9657
3005,神基,9,1,8,富邦-苗栗,2023-11-27,9657
2605,新興,11,3,8,富邦-苗栗,2023-11-27,9657
4167,松瑞藥,10,2,8,富邦-苗栗,2023-11-27,9657
3234,光環,7,0,7,富邦-苗栗,2023-11-27,9657
4108,懷特,7,0,7,富邦-苗栗,2023-11-27,9657
4714,永捷,11,4,7,富邦-苗栗,2023-11-27,9657
2330,台積電,7,0,7,富邦-苗栗,2023-11-27,9657
6235,華孚,16,10,6,富邦-苗栗,2023-11-27,9657
00885,富邦越南,122,0,122,富邦-苗栗,2023-11-28,9657
2405,輔信,70,0,70,富邦-苗栗,2023-11-28,9657
00712,復華富時不動產,56,0,56,富邦-苗栗,2023-11-28,9657
00934,中信成長高股息,38,0,38,富邦-苗栗,2023-11-28,9657
2337,旺宏,33,0,33,富邦-苗栗,2023-11-28,9657
3231,緯創,35,3,32,富邦-苗栗,2023-11-28,9657
2303,聯電,24,2,22,富邦-苗栗,2023-11-28,9657
1101,台泥,31,10,21,富邦-苗栗,2023-11-28,9657
1402,遠東新,20,0,20,富邦-苗栗,2023-11-28,9657
6142,友勁,20,0,20,富邦-苗栗,2023-11-28,9657
2486,一詮,20,1,19,富邦-苗栗,2023-11-28,9657
00687B,國泰20年美債,15,0,15,富邦-苗栗,2023-11-28,9657
00882,中信中國高股息,14,0,14,富邦-苗栗,2023-11-28,9657
2382,廣達,19,6,13,富邦-苗栗,2023-11-28,9657
3260,威剛,14,1,13,富邦-苗栗,2023-11-28,9657
6147,頎邦,20,8,12,富邦-苗栗,2023-11-28,9657
00930,永豐ESG低碳高息,30,18,12,富邦-苗栗,2023-11-28,9657
00665L,富邦�琤肭磪囓�2,11,0,11,富邦-苗栗,2023-11-28,9657
5347,世界,22,12,10,富邦-苗栗,2023-11-28,9657
1815,富喬,13,3,10,富邦-苗栗,2023-11-28,9657
2023,燁輝,12,2,10,富邦-苗栗,2023-11-28,9657
9941,裕融,10,0,10,富邦-苗栗,2023-11-28,9657
2371,大同,14,5,9,富邦-苗栗,2023-11-28,9657
2444,兆勁,9,0,9,富邦-苗栗,2023-11-28,9657
3374,精材,11,2,9,富邦-苗栗,2023-11-28,9657
4157,太景*-KY,10,1,9,富邦-苗栗,2023-11-28,9657
4744,皇將,13,4,9,富邦-苗栗,2023-11-28,9657
5272,笙科,12,3,9,富邦-苗栗,2023-11-28,9657
3682,亞太電,10,1,9,富邦-苗栗,2023-11-28,9657
2383,台光電,10,2,8,富邦-苗栗,2023-11-28,9657
2374,佳能,8,0,8,富邦-苗栗,2023-11-28,9657
9919,康那香,11,3,8,富邦-苗栗,2023-11-28,9657
1514,亞力,18,11,7,富邦-苗栗,2023-11-28,9657
00680L,元大美債20正2,7,0,7,富邦-苗栗,2023-11-28,9657
1701,中化,10,3,7,富邦-苗栗,2023-11-28,9657
2353,宏��,27,20,7,富邦-苗栗,2023-11-28,9657
2891,中信金,10,3,7,富邦-苗栗,2023-11-28,9657
00655L,國泰中國A50正2,6,0,6,富邦-苗栗,2023-11-28,9657
2367,燿華,9,3,6,富邦-苗栗,2023-11-28,9657
4909,新復興,11,5,6,富邦-苗栗,2023-11-28,9657
5351,鈺創,32,26,6,富邦-苗栗,2023-11-28,9657
6204,艾華,29,23,6,富邦-苗栗,2023-11-28,9657
00923,群益台ESG低碳50,6,1,5,富邦-苗栗,2023-11-28,9657
00753L,中信中國50正2,5,0,5,富邦-苗栗,2023-11-28,9657
1714,和桐,5,0,5,富邦-苗栗,2023-11-28,9657
2528,皇普,5,0,5,富邦-苗栗,2023-11-28,9657
3322,建舜電,5,0,5,富邦-苗栗,2023-11-28,9657
5230,雷笛克光學,5,0,5,富邦-苗栗,2023-11-28,9657
9103,美德醫療-DR,5,0,5,富邦-苗栗,2023-11-28,9657
6274,台燿,6,1,5,富邦-苗栗,2023-11-28,9657
00882,中信中國高股息,110,0,110,富邦-苗栗,2023-11-29,9657
2409,友達,101,0,101,富邦-苗栗,2023-11-29,9657
020034,元大IC設計N,90,0,90,富邦-苗栗,2023-11-29,9657
0056,元大高股息,102,20,82,富邦-苗栗,2023-11-29,9657
00900,富邦特選高股息30,121,40,81,富邦-苗栗,2023-11-29,9657
00919,群益台灣精選高息,80,13,67,富邦-苗栗,2023-11-29,9657
3094,聯傑,71,18,53,富邦-苗栗,2023-11-29,9657
3231,緯創,60,11,49,富邦-苗栗,2023-11-29,9657
9103,美德醫療-DR,50,2,48,富邦-苗栗,2023-11-29,9657
2405,輔信,50,4,46,富邦-苗栗,2023-11-29,9657
2460,建通,42,0,42,富邦-苗栗,2023-11-29,9657
4744,皇將,51,10,41,富邦-苗栗,2023-11-29,9657
00650L,復華香港正2,36,0,36,富邦-苗栗,2023-11-29,9657
2449,京元電子,30,1,29,富邦-苗栗,2023-11-29,9657
00687B,國泰20年美債,28,0,28,富邦-苗栗,2023-11-29,9657
00665L,富邦�琤肭磪囓�2,57,30,27,富邦-苗栗,2023-11-29,9657
00930,永豐ESG低碳高息,25,3,22,富邦-苗栗,2023-11-29,9657
2913,農林,20,0,20,富邦-苗栗,2023-11-29,9657
3545,敦泰,28,9,19,富邦-苗栗,2023-11-29,9657
00720B,元大投資級公司債,17,0,17,富邦-苗栗,2023-11-29,9657
2539,櫻花建,17,0,17,富邦-苗栗,2023-11-29,9657
8076,伍豐,15,0,15,富邦-苗栗,2023-11-29,9657
6695,芯鼎,16,3,13,富邦-苗栗,2023-11-29,9657
00712,復華富時不動產,13,0,13,富邦-苗栗,2023-11-29,9657
5515,建國,11,0,11,富邦-苗栗,2023-11-29,9657
2723,美食-KY,10,0,10,富邦-苗栗,2023-11-29,9657
3078,僑威,10,1,9,富邦-苗栗,2023-11-29,9657
6235,華孚,10,1,9,富邦-苗栗,2023-11-29,9657
8054,安國,39,30,9,富邦-苗栗,2023-11-29,9657
00713,元大台灣高息低波,10,2,8,富邦-苗栗,2023-11-29,9657
2359,所羅門,10,2,8,富邦-苗栗,2023-11-29,9657
2891,中信金,8,0,8,富邦-苗栗,2023-11-29,9657
2472,立隆電,8,1,7,富邦-苗栗,2023-11-29,9657
3059,華晶科,10,3,7,富邦-苗栗,2023-11-29,9657
6164,華興,7,0,7,富邦-苗栗,2023-11-29,9657
2618,長榮航,25,19,6,富邦-苗栗,2023-11-29,9657
00724B,群益投資級金融債,6,0,6,富邦-苗栗,2023-11-29,9657
00753L,中信中國50正2,11,5,6,富邦-苗栗,2023-11-29,9657
00633L,富邦上証正2,6,0,6,富邦-苗栗,2023-11-29,9657
2303,聯電,9,3,6,富邦-苗栗,2023-11-29,9657
2351,順德,10,4,6,富邦-苗栗,2023-11-29,9657
2442,新美齊,16,10,6,富邦-苗栗,2023-11-29,9657
5258,虹堡,6,0,6,富邦-苗栗,2023-11-29,9657
6243,迅杰,12,6,6,富邦-苗栗,2023-11-29,9657
2377,微星,7,1,6,富邦-苗栗,2023-11-29,9657
2317,鴻海,10,4,6,富邦-苗栗,2023-11-29,9657
00680L,元大美債20正2,5,0,5,富邦-苗栗,2023-11-29,9657
00772B,中信高評級公司債,5,0,5,富邦-苗栗,2023-11-29,9657
1785,光洋科,6,1,5,富邦-苗栗,2023-11-29,9657
2027,大成鋼,5,0,5,富邦-苗栗,2023-11-29,9657
2409,友達,101,0,101,富邦-苗栗,2023-11-30,9657
3094,聯傑,79,0,79,富邦-苗栗,2023-11-30,9657
0056,元大高股息,82,4,78,富邦-苗栗,2023-11-30,9657
00882,中信中國高股息,105,46,59,富邦-苗栗,2023-11-30,9657
00919,群益台灣精選高息,56,0,56,富邦-苗栗,2023-11-30,9657
00753L,中信中國50正2,52,0,52,富邦-苗栗,2023-11-30,9657
3231,緯創,60,12,48,富邦-苗栗,2023-11-30,9657
2405,輔信,43,4,39,富邦-苗栗,2023-11-30,9657
3481,群創,40,5,35,富邦-苗栗,2023-11-30,9657
2723,美食-KY,26,0,26,富邦-苗栗,2023-11-30,9657
2313,華通,54,29,25,富邦-苗栗,2023-11-30,9657
00934,中信成長高股息,23,0,23,富邦-苗栗,2023-11-30,9657
00650L,復華香港正2,30,10,20,富邦-苗栗,2023-11-30,9657
2891,中信金,20,0,20,富邦-苗栗,2023-11-30,9657
2913,農林,20,0,20,富邦-苗栗,2023-11-30,9657
5452,佶優,23,3,20,富邦-苗栗,2023-11-30,9657
6142,友勁,40,20,20,富邦-苗栗,2023-11-30,9657
9939,宏全,20,0,20,富邦-苗栗,2023-11-30,9657
00687B,國泰20年美債,28,10,18,富邦-苗栗,2023-11-30,9657
00720B,元大投資級公司債,16,0,16,富邦-苗栗,2023-11-30,9657
6733,博晟生醫,16,0,16,富邦-苗栗,2023-11-30,9657
00915,凱基優選高股息30,14,0,14,富邦-苗栗,2023-11-30,9657
1598,岱宇,14,0,14,富邦-苗栗,2023-11-30,9657
00688L,國泰20年美債正2,13,0,13,富邦-苗栗,2023-11-30,9657
2332,友訊,13,0,13,富邦-苗栗,2023-11-30,9657
6494,九齊,12,0,12,富邦-苗栗,2023-11-30,9657
6684,安格,11,0,11,富邦-苗栗,2023-11-30,9657
6155,鈞寶,11,0,11,富邦-苗栗,2023-11-30,9657
6243,迅杰,15,5,10,富邦-苗栗,2023-11-30,9657
2337,旺宏,10,0,10,富邦-苗栗,2023-11-30,9657
2820,華票,10,0,10,富邦-苗栗,2023-11-30,9657
6188,廣明,10,0,10,富邦-苗栗,2023-11-30,9657
2329,華泰,56,46,10,富邦-苗栗,2023-11-30,9657
4746,台耀,9,0,9,富邦-苗栗,2023-11-30,9657
6182,合晶,10,1,9,富邦-苗栗,2023-11-30,9657
2303,聯電,11,2,9,富邦-苗栗,2023-11-30,9657
00878,國泰永續高股息,19,10,9,富邦-苗栗,2023-11-30,9657
2812,台中銀,8,0,8,富邦-苗栗,2023-11-30,9657
00930,永豐ESG低碳高息,8,0,8,富邦-苗栗,2023-11-30,9657
00680L,元大美債20正2,7,0,7,富邦-苗栗,2023-11-30,9657
2609,陽明,7,0,7,富邦-苗栗,2023-11-30,9657
6164,華興,7,0,7,富邦-苗栗,2023-11-30,9657
6173,信昌電,7,0,7,富邦-苗栗,2023-11-30,9657
6435,大中,7,0,7,富邦-苗栗,2023-11-30,9657
5347,世界,7,0,7,富邦-苗栗,2023-11-30,9657
00633L,富邦上証正2,6,0,6,富邦-苗栗,2023-11-30,9657
00935,野村臺灣新科技50,6,0,6,富邦-苗栗,2023-11-30,9657
00936,台新永續高息中小,6,0,6,富邦-苗栗,2023-11-30,9657
2353,宏��,6,0,6,富邦-苗栗,2023-11-30,9657
2374,佳能,6,0,6,富邦-苗栗,2023-11-30,9657
00919,群益台灣精選高息,205,10,195,富邦-苗栗,2023-12-01,9657
2883,凱基金,97,6,91,富邦-苗栗,2023-12-01,9657
2486,一詮,68,0,68,富邦-苗栗,2023-12-01,9657
1802,台玻,57,0,57,富邦-苗栗,2023-12-01,9657
1598,岱宇,56,0,56,富邦-苗栗,2023-12-01,9657
00687B,國泰20年美債,70,20,50,富邦-苗栗,2023-12-01,9657
00715L,期街口布蘭特正2,46,1,45,富邦-苗栗,2023-12-01,9657
2337,旺宏,50,5,45,富邦-苗栗,2023-12-01,9657
6155,鈞寶,54,9,45,富邦-苗栗,2023-12-01,9657
2317,鴻海,40,2,38,富邦-苗栗,2023-12-01,9657
3094,聯傑,38,1,37,富邦-苗栗,2023-12-01,9657
2344,華邦電,34,0,34,富邦-苗栗,2023-12-01,9657
3706,神達,41,9,32,富邦-苗栗,2023-12-01,9657
1752,南光,24,0,24,富邦-苗栗,2023-12-01,9657
2816,旺旺保,20,0,20,富邦-苗栗,2023-12-01,9657
6275,元山,20,0,20,富邦-苗栗,2023-12-01,9657
00878,國泰永續高股息,31,11,20,富邦-苗栗,2023-12-01,9657
00650L,復華香港正2,15,0,15,富邦-苗栗,2023-12-01,9657
5347,世界,14,1,13,富邦-苗栗,2023-12-01,9657
00680L,元大美債20正2,12,0,12,富邦-苗栗,2023-12-01,9657
2886,兆豐金,12,0,12,富邦-苗栗,2023-12-01,9657
1514,亞力,21,10,11,富邦-苗栗,2023-12-01,9657
00720B,元大投資級公司債,11,0,11,富邦-苗栗,2023-12-01,9657
5864,致和證,11,0,11,富邦-苗栗,2023-12-01,9657
2382,廣達,13,2,11,富邦-苗栗,2023-12-01,9657
2884,玉山金,13,3,10,富邦-苗栗,2023-12-01,9657
00795B,中信美國公債20年,10,0,10,富邦-苗栗,2023-12-01,9657
00733,富邦臺灣中小,10,0,10,富邦-苗栗,2023-12-01,9657
020034,元大IC設計N,10,0,10,富邦-苗栗,2023-12-01,9657
2812,台中銀,12,2,10,富邦-苗栗,2023-12-01,9657
2820,華票,10,0,10,富邦-苗栗,2023-12-01,9657
3114,好德,10,0,10,富邦-苗栗,2023-12-01,9657
6192,巨路,10,0,10,富邦-苗栗,2023-12-01,9657
6274,台燿,12,3,9,富邦-苗栗,2023-12-01,9657
3013,晟銘電,12,4,8,富邦-苗栗,2023-12-01,9657
2618,長榮航,25,17,8,富邦-苗栗,2023-12-01,9657
00679B,元大美債20年,8,0,8,富邦-苗栗,2023-12-01,9657
3615,安可,10,2,8,富邦-苗栗,2023-12-01,9657
00882,中信中國高股息,7,0,7,富邦-苗栗,2023-12-01,9657
00688L,國泰20年美債正2,7,0,7,富邦-苗栗,2023-12-01,9657
2498,宏達電,10,3,7,富邦-苗栗,2023-12-01,9657
00900,富邦特選高股息30,10,4,6,富邦-苗栗,2023-12-01,9657
5258,虹堡,11,5,6,富邦-苗栗,2023-12-01,9657
3041,揚智,23,17,6,富邦-苗栗,2023-12-01,9657
00637L,元大滬深300正2,6,0,6,富邦-苗栗,2023-12-01,9657
2442,新美齊,6,0,6,富邦-苗栗,2023-12-01,9657
3059,華晶科,13,7,6,富邦-苗栗,2023-12-01,9657
4543,萬在,6,0,6,富邦-苗栗,2023-12-01,9657
5426,振發,6,0,6,富邦-苗栗,2023-12-01,9657
6485,點序,7,1,6,富邦-苗栗,2023-12-01,9657
2883,凱基金,411,1,410,富邦-苗栗,2023-12-04,9657
00752,中信中國50,195,0,195,富邦-苗栗,2023-12-04,9657
00753L,中信中國50正2,90,0,90,富邦-苗栗,2023-12-04,9657
00688L,國泰20年美債正2,86,2,84,富邦-苗栗,2023-12-04,9657
00919,群益台灣精選高息,101,27,74,富邦-苗栗,2023-12-04,9657
00931B,統一美債20年,69,0,69,富邦-苗栗,2023-12-04,9657
2610,華航,69,6,63,富邦-苗栗,2023-12-04,9657
2241,艾姆勒,60,0,60,富邦-苗栗,2023-12-04,9657
00715L,期街口布蘭特正2,99,46,53,富邦-苗栗,2023-12-04,9657
2353,宏��,51,0,51,富邦-苗栗,2023-12-04,9657
00918,大華優利高填息30,44,0,44,富邦-苗栗,2023-12-04,9657
2609,陽明,77,36,41,富邦-苗栗,2023-12-04,9657
2313,華通,57,22,35,富邦-苗栗,2023-12-04,9657
2615,萬海,36,4,32,富邦-苗栗,2023-12-04,9657
00795B,中信美國公債20年,30,0,30,富邦-苗栗,2023-12-04,9657
2486,一詮,30,0,30,富邦-苗栗,2023-12-04,9657
3094,聯傑,30,0,30,富邦-苗栗,2023-12-04,9657
3511,矽瑪,30,0,30,富邦-苗栗,2023-12-04,9657
1101,台泥,33,3,30,富邦-苗栗,2023-12-04,9657
1528,恩德,39,10,29,富邦-苗栗,2023-12-04,9657
1319,東陽,24,0,24,富邦-苗栗,2023-12-04,9657
00882,中信中國高股息,38,15,23,富邦-苗栗,2023-12-04,9657
3231,緯創,27,5,22,富邦-苗栗,2023-12-04,9657
2402,毅嘉,21,0,21,富邦-苗栗,2023-12-04,9657
2820,華票,20,0,20,富邦-苗栗,2023-12-04,9657
6182,合晶,20,0,20,富邦-苗栗,2023-12-04,9657
1616,億泰,19,0,19,富邦-苗栗,2023-12-04,9657
6148,驊宏資,20,1,19,富邦-苗栗,2023-12-04,9657
6108,競國,19,2,17,富邦-苗栗,2023-12-04,9657
00933B,國泰10Y+金融債,18,1,17,富邦-苗栗,2023-12-04,9657
00679B,元大美債20年,17,1,16,富邦-苗栗,2023-12-04,9657
00740B,富邦全球投等債,15,0,15,富邦-苗栗,2023-12-04,9657
00650L,復華香港正2,15,0,15,富邦-苗栗,2023-12-04,9657
3701,大眾控,14,0,14,富邦-苗栗,2023-12-04,9657
3483,力致,13,0,13,富邦-苗栗,2023-12-04,9657
3715,定穎投控,60,47,13,富邦-苗栗,2023-12-04,9657
2618,長榮航,16,4,12,富邦-苗栗,2023-12-04,9657
2356,英業達,17,5,12,富邦-苗栗,2023-12-04,9657
2417,圓剛,12,0,12,富邦-苗栗,2023-12-04,9657
3706,神達,14,3,11,富邦-苗栗,2023-12-04,9657
6235,華孚,12,2,10,富邦-苗栗,2023-12-04,9657
8054,安國,37,27,10,富邦-苗栗,2023-12-04,9657
00633L,富邦上証正2,10,0,10,富邦-苗栗,2023-12-04,9657
00670L,富邦NASDAQ正2,10,0,10,富邦-苗栗,2023-12-04,9657
020031,統一IC設計臺灣N,10,0,10,富邦-苗栗,2023-12-04,9657
2332,友訊,10,0,10,富邦-苗栗,2023-12-04,9657
2460,建通,10,0,10,富邦-苗栗,2023-12-04,9657
4533,協易機,10,0,10,富邦-苗栗,2023-12-04,9657
6829,千附精密,10,1,9,富邦-苗栗,2023-12-04,9657
6164,華興,9,0,9,富邦-苗栗,2023-12-04,9657
00937B,群益ESG投等債20,316,67,249,富邦-苗栗,2023-12-05,9657
00882,中信中國高股息,146,3,143,富邦-苗栗,2023-12-05,9657
00752,中信中國50,140,0,140,富邦-苗栗,2023-12-05,9657
00919,群益台灣精選高息,128,35,93,富邦-苗栗,2023-12-05,9657
2610,華航,75,1,74,富邦-苗栗,2023-12-05,9657
00918,大華優利高填息30,55,0,55,富邦-苗栗,2023-12-05,9657
00795B,中信美國公債20年,46,0,46,富邦-苗栗,2023-12-05,9657
2601,益航,60,15,45,富邦-苗栗,2023-12-05,9657
3481,群創,54,11,43,富邦-苗栗,2023-12-05,9657
4167,松瑞藥,39,4,35,富邦-苗栗,2023-12-05,9657
00929,復華台灣科技優息,65,30,35,富邦-苗栗,2023-12-05,9657
2641,正德,95,70,25,富邦-苗栗,2023-12-05,9657
00665L,富邦�琤肭磪囓�2,47,25,22,富邦-苗栗,2023-12-05,9657
3231,緯創,38,16,22,富邦-苗栗,2023-12-05,9657
00753L,中信中國50正2,71,50,21,富邦-苗栗,2023-12-05,9657
2637,慧洋-KY,40,19,21,富邦-苗栗,2023-12-05,9657
6176,瑞儀,20,0,20,富邦-苗栗,2023-12-05,9657
2618,長榮航,22,2,20,富邦-苗栗,2023-12-05,9657
2355,敬鵬,20,1,19,富邦-苗栗,2023-12-05,9657
2888,新光金,20,2,18,富邦-苗栗,2023-12-05,9657
3059,華晶科,18,0,18,富邦-苗栗,2023-12-05,9657
2344,華邦電,17,0,17,富邦-苗栗,2023-12-05,9657
2606,裕民,114,97,17,富邦-苗栗,2023-12-05,9657
00687B,國泰20年美債,18,2,16,富邦-苗栗,2023-12-05,9657
2489,瑞軒,16,0,16,富邦-苗栗,2023-12-05,9657
00650L,復華香港正2,55,40,15,富邦-苗栗,2023-12-05,9657
6108,競國,13,0,13,富邦-苗栗,2023-12-05,9657
6164,華興,14,1,13,富邦-苗栗,2023-12-05,9657
6283,淳安,13,0,13,富邦-苗栗,2023-12-05,9657
00935,野村臺灣新科技50,13,0,13,富邦-苗栗,2023-12-05,9657
00715L,期街口布蘭特正2,12,0,12,富邦-苗栗,2023-12-05,9657
3041,揚智,13,1,12,富邦-苗栗,2023-12-05,9657
3390,旭軟,15,3,12,富邦-苗栗,2023-12-05,9657
5351,鈺創,13,1,12,富邦-苗栗,2023-12-05,9657
1584,精剛,11,0,11,富邦-苗栗,2023-12-05,9657
3276,宇環,11,0,11,富邦-苗栗,2023-12-05,9657
3710,連展投控,11,0,11,富邦-苗栗,2023-12-05,9657
1515,力山,11,0,11,富邦-苗栗,2023-12-05,9657
00713,元大台灣高息低波,10,0,10,富邦-苗栗,2023-12-05,9657
00679B,元大美債20年,20,10,10,富邦-苗栗,2023-12-05,9657
2498,宏達電,10,0,10,富邦-苗栗,2023-12-05,9657
6160,欣技,10,0,10,富邦-苗栗,2023-12-05,9657
6443,元晶,10,0,10,富邦-苗栗,2023-12-05,9657
1605,華新,11,2,9,富邦-苗栗,2023-12-05,9657
1504,東元,9,0,9,富邦-苗栗,2023-12-05,9657
3060,銘異,9,0,9,富邦-苗栗,2023-12-05,9657
0056,元大高股息,9,1,8,富邦-苗栗,2023-12-05,9657
5347,世界,12,4,8,富邦-苗栗,2023-12-05,9657
2371,大同,10,2,8,富邦-苗栗,2023-12-05,9657
3234,光環,8,0,8,富邦-苗栗,2023-12-05,9657
00937B,群益ESG投等債20,319,11,308,富邦-苗栗,2023-12-06,9657
00665L,富邦�琤肭磪囓�2,300,20,280,富邦-苗栗,2023-12-06,9657
00919,群益台灣精選高息,132,40,92,富邦-苗栗,2023-12-06,9657
2409,友達,87,0,87,富邦-苗栗,2023-12-06,9657
2313,華通,90,14,76,富邦-苗栗,2023-12-06,9657
00752,中信中國50,74,0,74,富邦-苗栗,2023-12-06,9657
00933B,國泰10Y+金融債,57,2,55,富邦-苗栗,2023-12-06,9657
2102,泰豐,50,0,50,富邦-苗栗,2023-12-06,9657
00679B,元大美債20年,50,1,49,富邦-苗栗,2023-12-06,9657
2641,正德,70,32,38,富邦-苗栗,2023-12-06,9657
5469,瀚宇博,51,18,33,富邦-苗栗,2023-12-06,9657
6182,合晶,31,0,31,富邦-苗栗,2023-12-06,9657
4743,合一,27,2,25,富邦-苗栗,2023-12-06,9657
00934,中信成長高股息,35,10,25,富邦-苗栗,2023-12-06,9657
2367,燿華,27,2,25,富邦-苗栗,2023-12-06,9657
2457,飛宏,25,2,23,富邦-苗栗,2023-12-06,9657
00670L,富邦NASDAQ正2,23,0,23,富邦-苗栗,2023-12-06,9657
00688L,國泰20年美債正2,24,1,23,富邦-苗栗,2023-12-06,9657
00720B,元大投資級公司債,23,1,22,富邦-苗栗,2023-12-06,9657
1609,大亞,23,1,22,富邦-苗栗,2023-12-06,9657
1582,信錦,22,1,21,富邦-苗栗,2023-12-06,9657
00922,國泰台灣領袖50,21,0,21,富邦-苗栗,2023-12-06,9657
00715L,期街口布蘭特正2,21,0,21,富邦-苗栗,2023-12-06,9657
1598,岱宇,21,0,21,富邦-苗栗,2023-12-06,9657
6213,聯茂,21,0,21,富邦-苗栗,2023-12-06,9657
4542,科嶠,21,3,18,富邦-苗栗,2023-12-06,9657
1506,正道,19,2,17,富邦-苗栗,2023-12-06,9657
00687B,國泰20年美債,16,0,16,富邦-苗栗,2023-12-06,9657
1605,華新,21,5,16,富邦-苗栗,2023-12-06,9657
1514,亞力,57,42,15,富邦-苗栗,2023-12-06,9657
00882,中信中國高股息,16,2,14,富邦-苗栗,2023-12-06,9657
00680L,元大美債20正2,14,0,14,富邦-苗栗,2023-12-06,9657
5347,世界,14,0,14,富邦-苗栗,2023-12-06,9657
1504,東元,15,2,13,富邦-苗栗,2023-12-06,9657
00795B,中信美國公債20年,12,0,12,富邦-苗栗,2023-12-06,9657
00764B,群益25年美債,12,0,12,富邦-苗栗,2023-12-06,9657
2611,志信,13,1,12,富邦-苗栗,2023-12-06,9657
2888,新光金,11,0,11,富邦-苗栗,2023-12-06,9657
2027,大成鋼,12,1,11,富邦-苗栗,2023-12-06,9657
2498,宏達電,10,0,10,富邦-苗栗,2023-12-06,9657
00633L,富邦上証正2,11,1,10,富邦-苗栗,2023-12-06,9657
1305,華夏,10,0,10,富邦-苗栗,2023-12-06,9657
1474,弘裕,10,0,10,富邦-苗栗,2023-12-06,9657
2419,仲琦,32,22,10,富邦-苗栗,2023-12-06,9657
2515,中工,40,30,10,富邦-苗栗,2023-12-06,9657
2637,慧洋-KY,18,8,10,富邦-苗栗,2023-12-06,9657
2834,臺企銀,10,0,10,富邦-苗栗,2023-12-06,9657
3481,群創,25,15,10,富邦-苗栗,2023-12-06,9657
5464,霖宏,10,0,10,富邦-苗栗,2023-12-06,9657
1503,士電,29,20,9,富邦-苗栗,2023-12-06,9657
00671R,富邦NASDAQ反1,400,0,400,富邦-苗栗,2023-12-07,9657
00654R,富邦印度反1,209,0,209,富邦-苗栗,2023-12-07,9657
00937B,群益ESG投等債20,220,42,178,富邦-苗栗,2023-12-07,9657
00882,中信中國高股息,158,3,155,富邦-苗栗,2023-12-07,9657
2303,聯電,91,5,86,富邦-苗栗,2023-12-07,9657
00931B,統一美債20年,82,1,81,富邦-苗栗,2023-12-07,9657
00918,大華優利高填息30,73,0,73,富邦-苗栗,2023-12-07,9657
00752,中信中國50,72,0,72,富邦-苗栗,2023-12-07,9657
00715L,期街口布蘭特正2,78,10,68,富邦-苗栗,2023-12-07,9657
00933B,國泰10Y+金融債,63,0,63,富邦-苗栗,2023-12-07,9657
5469,瀚宇博,68,10,58,富邦-苗栗,2023-12-07,9657
00919,群益台灣精選高息,151,96,55,富邦-苗栗,2023-12-07,9657
9958,世紀鋼,53,1,52,富邦-苗栗,2023-12-07,9657
00680L,元大美債20正2,51,0,51,富邦-苗栗,2023-12-07,9657
00929,復華台灣科技優息,99,51,48,富邦-苗栗,2023-12-07,9657
00687B,國泰20年美債,52,5,47,富邦-苗栗,2023-12-07,9657
2489,瑞軒,47,1,46,富邦-苗栗,2023-12-07,9657
2399,映泰,56,20,36,富邦-苗栗,2023-12-07,9657
2486,一詮,40,7,33,富邦-苗栗,2023-12-07,9657
3062,建漢,32,0,32,富邦-苗栗,2023-12-07,9657
1605,華新,33,1,32,富邦-苗栗,2023-12-07,9657
00712,復華富時不動產,31,0,31,富邦-苗栗,2023-12-07,9657
00753L,中信中國50正2,50,20,30,富邦-苗栗,2023-12-07,9657
00688L,國泰20年美債正2,29,0,29,富邦-苗栗,2023-12-07,9657
2605,新興,66,38,28,富邦-苗栗,2023-12-07,9657
2882,國泰金,27,0,27,富邦-苗栗,2023-12-07,9657
6916,華凌,25,0,25,富邦-苗栗,2023-12-07,9657
2888,新光金,24,2,22,富邦-苗栗,2023-12-07,9657
00857B,永豐20年美公債,21,0,21,富邦-苗栗,2023-12-07,9657
2409,友達,30,9,21,富邦-苗栗,2023-12-07,9657
2611,志信,21,1,20,富邦-苗栗,2023-12-07,9657
2313,華通,32,13,19,富邦-苗栗,2023-12-07,9657
00679B,元大美債20年,26,7,19,富邦-苗栗,2023-12-07,9657
00764B,群益25年美債,15,0,15,富邦-苗栗,2023-12-07,9657
1616,億泰,24,9,15,富邦-苗栗,2023-12-07,9657
8054,安國,20,7,13,富邦-苗栗,2023-12-07,9657
6233,旺玖,27,14,13,富邦-苗栗,2023-12-07,9657
5608,四維航,21,9,12,富邦-苗栗,2023-12-07,9657
6182,合晶,12,0,12,富邦-苗栗,2023-12-07,9657
3051,力特,14,3,11,富邦-苗栗,2023-12-07,9657
1618,合機,15,4,11,富邦-苗栗,2023-12-07,9657
00878,國泰永續高股息,32,22,10,富邦-苗栗,2023-12-07,9657
2102,泰豐,10,0,10,富邦-苗栗,2023-12-07,9657
2344,華邦電,43,33,10,富邦-苗栗,2023-12-07,9657
2484,希華,10,0,10,富邦-苗栗,2023-12-07,9657
2495,普安,10,0,10,富邦-苗栗,2023-12-07,9657
4743,合一,12,2,10,富邦-苗栗,2023-12-07,9657
4933,友輝,10,0,10,富邦-苗栗,2023-12-07,9657
4973,廣穎,11,1,10,富邦-苗栗,2023-12-07,9657
5243,乙盛-KY,10,0,10,富邦-苗栗,2023-12-07,9657
00882,中信中國高股息,261,20,241,富邦-苗栗,2023-12-08,9657
5469,瀚宇博,105,10,95,富邦-苗栗,2023-12-08,9657
00937B,群益ESG投等債20,168,77,91,富邦-苗栗,2023-12-08,9657
00919,群益台灣精選高息,90,3,87,富邦-苗栗,2023-12-08,9657
00680L,元大美債20正2,74,6,68,富邦-苗栗,2023-12-08,9657
2009,第一銅,40,0,40,富邦-苗栗,2023-12-08,9657
00687B,國泰20年美債,38,0,38,富邦-苗栗,2023-12-08,9657
00918,大華優利高填息30,37,0,37,富邦-苗栗,2023-12-08,9657
00915,凱基優選高股息30,33,0,33,富邦-苗栗,2023-12-08,9657
2369,菱生,34,2,32,富邦-苗栗,2023-12-08,9657
2241,艾姆勒,27,0,27,富邦-苗栗,2023-12-08,9657
2605,新興,89,65,24,富邦-苗栗,2023-12-08,9657
00632R,元大台灣50反1,22,0,22,富邦-苗栗,2023-12-08,9657
00679B,元大美債20年,20,0,20,富邦-苗栗,2023-12-08,9657
2368,金像電,26,6,20,富邦-苗栗,2023-12-08,9657
3231,緯創,38,19,19,富邦-苗栗,2023-12-08,9657
2376,技嘉,43,25,18,富邦-苗栗,2023-12-08,9657
00715L,期街口布蘭特正2,17,0,17,富邦-苗栗,2023-12-08,9657
1608,華榮,14,0,14,富邦-苗栗,2023-12-08,9657
4533,協易機,14,1,13,富邦-苗栗,2023-12-08,9657
3708,上緯投控,13,2,11,富邦-苗栗,2023-12-08,9657
2314,台揚,12,1,11,富邦-苗栗,2023-12-08,9657
00706L,期元大S＆P日圓正2,10,0,10,富邦-苗栗,2023-12-08,9657
00753L,中信中國50正2,10,0,10,富邦-苗栗,2023-12-08,9657
2495,普安,10,0,10,富邦-苗栗,2023-12-08,9657
4167,松瑞藥,10,0,10,富邦-苗栗,2023-12-08,9657
6695,芯鼎,20,10,10,富邦-苗栗,2023-12-08,9657
1537,廣隆,9,0,9,富邦-苗栗,2023-12-08,9657
5328,華容,9,0,9,富邦-苗栗,2023-12-08,9657
2449,京元電子,24,15,9,富邦-苗栗,2023-12-08,9657
2882,國泰金,11,2,9,富邦-苗栗,2023-12-08,9657
2431,聯昌,8,0,8,富邦-苗栗,2023-12-08,9657
1503,士電,11,3,8,富邦-苗栗,2023-12-08,9657
1528,恩德,10,3,7,富邦-苗栗,2023-12-08,9657
2317,鴻海,8,1,7,富邦-苗栗,2023-12-08,9657
2375,凱美,7,0,7,富邦-苗栗,2023-12-08,9657
3037,欣興,10,3,7,富邦-苗栗,2023-12-08,9657
3707,漢磊,7,0,7,富邦-苗栗,2023-12-08,9657
6271,同欣電,11,4,7,富邦-苗栗,2023-12-08,9657
2881,富邦金,7,0,7,富邦-苗栗,2023-12-08,9657
00720B,元大投資級公司債,7,1,6,富邦-苗栗,2023-12-08,9657
6703,軒郁,6,0,6,富邦-苗栗,2023-12-08,9657
4967,十銓,9,3,6,富邦-苗栗,2023-12-08,9657
00688L,國泰20年美債正2,6,0,6,富邦-苗栗,2023-12-08,9657
00673R,期元大S＆P原油反1,6,0,6,富邦-苗栗,2023-12-08,9657
1701,中化,6,0,6,富邦-苗栗,2023-12-08,9657
2363,矽統,7,1,6,富邦-苗栗,2023-12-08,9657
2453,凌群,8,2,6,富邦-苗栗,2023-12-08,9657
6274,台燿,6,0,6,富邦-苗栗,2023-12-08,9657
2458,義隆,7,2,5,富邦-苗栗,2023-12-08,9657
00919,群益台灣精選高息,180,8,172,富邦-苗栗,2023-12-11,9657
3059,華晶科,131,30,101,富邦-苗栗,2023-12-11,9657
00680L,元大美債20正2,62,0,62,富邦-苗栗,2023-12-11,9657
00882,中信中國高股息,55,0,55,富邦-苗栗,2023-12-11,9657
00923,群益台ESG低碳50,53,0,53,富邦-苗栗,2023-12-11,9657
2009,第一銅,54,1,53,富邦-苗栗,2023-12-11,9657
00665L,富邦�琤肭磪囓�2,53,1,52,富邦-苗栗,2023-12-11,9657
2610,華航,46,0,46,富邦-苗栗,2023-12-11,9657
2888,新光金,41,0,41,富邦-苗栗,2023-12-11,9657
2618,長榮航,41,7,34,富邦-苗栗,2023-12-11,9657
2313,華通,55,23,32,富邦-苗栗,2023-12-11,9657
2516,新建,30,0,30,富邦-苗栗,2023-12-11,9657
2388,威盛,47,19,28,富邦-苗栗,2023-12-11,9657
2605,新興,29,3,26,富邦-苗栗,2023-12-11,9657
2002,中鋼,40,16,24,富邦-苗栗,2023-12-11,9657
00655L,國泰中國A50正2,21,0,21,富邦-苗栗,2023-12-11,9657
00753L,中信中國50正2,81,60,21,富邦-苗栗,2023-12-11,9657
3231,緯創,27,6,21,富邦-苗栗,2023-12-11,9657
3438,類比科,20,1,19,富邦-苗栗,2023-12-11,9657
1312,國喬,20,2,18,富邦-苗栗,2023-12-11,9657
00918,大華優利高填息30,17,1,16,富邦-苗栗,2023-12-11,9657
020033,統一�琤肮黕篾,16,0,16,富邦-苗栗,2023-12-11,9657
00795B,中信美國公債20年,15,0,15,富邦-苗栗,2023-12-11,9657
4979,華星光,19,5,14,富邦-苗栗,2023-12-11,9657
2402,毅嘉,22,9,13,富邦-苗栗,2023-12-11,9657
6684,安格,14,2,12,富邦-苗栗,2023-12-11,9657
00650L,復華香港正2,12,0,12,富邦-苗栗,2023-12-11,9657
00633L,富邦上証正2,12,0,12,富邦-苗栗,2023-12-11,9657
1531,高林股,12,0,12,富邦-苗栗,2023-12-11,9657
6104,創惟,13,1,12,富邦-苗栗,2023-12-11,9657
2368,金像電,13,1,12,富邦-苗栗,2023-12-11,9657
1815,富喬,11,0,11,富邦-苗栗,2023-12-11,9657
1537,廣隆,11,0,11,富邦-苗栗,2023-12-11,9657
3051,力特,11,0,11,富邦-苗栗,2023-12-11,9657
2344,華邦電,16,6,10,富邦-苗栗,2023-12-11,9657
2412,中華電,11,1,10,富邦-苗栗,2023-12-11,9657
3272,東碩,10,0,10,富邦-苗栗,2023-12-11,9657
3450,聯鈞,20,10,10,富邦-苗栗,2023-12-11,9657
5222,全訊,10,0,10,富邦-苗栗,2023-12-11,9657
6155,鈞寶,10,0,10,富邦-苗栗,2023-12-11,9657
00679B,元大美債20年,14,5,9,富邦-苗栗,2023-12-11,9657
2882,國泰金,9,0,9,富邦-苗栗,2023-12-11,9657
2027,大成鋼,10,1,9,富邦-苗栗,2023-12-11,9657
2405,輔信,11,2,9,富邦-苗栗,2023-12-11,9657
3013,晟銘電,9,0,9,富邦-苗栗,2023-12-11,9657
3374,精材,11,2,9,富邦-苗栗,2023-12-11,9657
3708,上緯投控,9,0,9,富邦-苗栗,2023-12-11,9657
6164,華興,9,0,9,富邦-苗栗,2023-12-11,9657
1618,合機,21,13,8,富邦-苗栗,2023-12-11,9657
3078,僑威,14,6,8,富邦-苗栗,2023-12-11,9657
00919,群益台灣精選高息,235,23,212,富邦-苗栗,2023-12-12,9657
00882,中信中國高股息,123,0,123,富邦-苗栗,2023-12-12,9657
2356,英業達,89,9,80,富邦-苗栗,2023-12-12,9657
2103,台橡,70,0,70,富邦-苗栗,2023-12-12,9657
00687B,國泰20年美債,55,0,55,富邦-苗栗,2023-12-12,9657
1541,錩泰,52,3,49,富邦-苗栗,2023-12-12,9657
00934,中信成長高股息,42,0,42,富邦-苗栗,2023-12-12,9657
3231,緯創,43,8,35,富邦-苗栗,2023-12-12,9657
00936,台新永續高息中小,35,0,35,富邦-苗栗,2023-12-12,9657
3622,洋華,35,2,33,富邦-苗栗,2023-12-12,9657
1312,國喬,31,0,31,富邦-苗栗,2023-12-12,9657
3149,正達,31,0,31,富邦-苗栗,2023-12-12,9657
3272,東碩,30,0,30,富邦-苗栗,2023-12-12,9657
3645,達邁,30,0,30,富邦-苗栗,2023-12-12,9657
00680L,元大美債20正2,29,0,29,富邦-苗栗,2023-12-12,9657
6164,華興,27,0,27,富邦-苗栗,2023-12-12,9657
2610,華航,41,15,26,富邦-苗栗,2023-12-12,9657
2601,益航,25,2,23,富邦-苗栗,2023-12-12,9657
4979,華星光,25,2,23,富邦-苗栗,2023-12-12,9657
00706L,期元大S＆P日圓正2,20,0,20,富邦-苗栗,2023-12-12,9657
5243,乙盛-KY,20,0,20,富邦-苗栗,2023-12-12,9657
1324,地球,23,4,19,富邦-苗栗,2023-12-12,9657
3094,聯傑,16,0,16,富邦-苗栗,2023-12-12,9657
3450,聯鈞,16,0,16,富邦-苗栗,2023-12-12,9657
1101,台泥,16,1,15,富邦-苗栗,2023-12-12,9657
6243,迅杰,15,1,14,富邦-苗栗,2023-12-12,9657
6116,彩晶,13,0,13,富邦-苗栗,2023-12-12,9657
4744,皇將,23,11,12,富邦-苗栗,2023-12-12,9657
3163,波若威,18,7,11,富邦-苗栗,2023-12-12,9657
00933B,國泰10Y+金融債,11,0,11,富邦-苗栗,2023-12-12,9657
1301,台塑,10,0,10,富邦-苗栗,2023-12-12,9657
1409,新纖,10,0,10,富邦-苗栗,2023-12-12,9657
1612,宏泰,14,4,10,富邦-苗栗,2023-12-12,9657
1904,正隆,10,0,10,富邦-苗栗,2023-12-12,9657
2897,王道銀行,10,0,10,富邦-苗栗,2023-12-12,9657
5351,鈺創,31,21,10,富邦-苗栗,2023-12-12,9657
6155,鈞寶,10,0,10,富邦-苗栗,2023-12-12,9657
6190,萬泰科,10,0,10,富邦-苗栗,2023-12-12,9657
1618,合機,20,10,10,富邦-苗栗,2023-12-12,9657
00642U,期元大S＆P石油,10,0,10,富邦-苗栗,2023-12-12,9657
1305,華夏,10,0,10,富邦-苗栗,2023-12-12,9657
1531,高林股,9,0,9,富邦-苗栗,2023-12-12,9657
8240,華宏,9,0,9,富邦-苗栗,2023-12-12,9657
00637L,元大滬深300正2,308,300,8,富邦-苗栗,2023-12-12,9657
2606,裕民,21,13,8,富邦-苗栗,2023-12-12,9657
3363,上詮,8,0,8,富邦-苗栗,2023-12-12,9657
4908,前鼎,10,2,8,富邦-苗栗,2023-12-12,9657
9921,巨大,8,0,8,富邦-苗栗,2023-12-12,9657
2605,新興,26,19,7,富邦-苗栗,2023-12-12,9657
2355,敬鵬,7,0,7,富邦-苗栗,2023-12-12,9657
00919,群益台灣精選高息,180,7,173,富邦-苗栗,2023-12-13,9657
00918,大華優利高填息30,157,1,156,富邦-苗栗,2023-12-13,9657
00715L,期街口布蘭特正2,130,0,130,富邦-苗栗,2023-12-13,9657
00937B,群益ESG投等債20,116,0,116,富邦-苗栗,2023-12-13,9657
2405,輔信,89,1,88,富邦-苗栗,2023-12-13,9657
00688L,國泰20年美債正2,92,12,80,富邦-苗栗,2023-12-13,9657
00632R,元大台灣50反1,71,0,71,富邦-苗栗,2023-12-13,9657
00882,中信中國高股息,43,1,42,富邦-苗栗,2023-12-13,9657
00687B,國泰20年美債,37,0,37,富邦-苗栗,2023-12-13,9657
3706,神達,60,26,34,富邦-苗栗,2023-12-13,9657
2630,亞航,30,0,30,富邦-苗栗,2023-12-13,9657
4119,旭富,30,0,30,富邦-苗栗,2023-12-13,9657
4702,中美實,30,0,30,富邦-苗栗,2023-12-13,9657
3704,合勤控,30,2,28,富邦-苗栗,2023-12-13,9657
00665L,富邦�琤肭磪囓�2,26,0,26,富邦-苗栗,2023-12-13,9657
6282,康舒,26,2,24,富邦-苗栗,2023-12-13,9657
4744,皇將,23,0,23,富邦-苗栗,2023-12-13,9657
3051,力特,28,9,19,富邦-苗栗,2023-12-13,9657
3094,聯傑,20,1,19,富邦-苗栗,2023-12-13,9657
2883,凱基金,18,0,18,富邦-苗栗,2023-12-13,9657
2618,長榮航,21,3,18,富邦-苗栗,2023-12-13,9657
2365,昆盈,30,13,17,富邦-苗栗,2023-12-13,9657
00752,中信中國50,16,0,16,富邦-苗栗,2023-12-13,9657
00915,凱基優選高股息30,16,0,16,富邦-苗栗,2023-12-13,9657
1312,國喬,16,0,16,富邦-苗栗,2023-12-13,9657
2610,華航,16,0,16,富邦-苗栗,2023-12-13,9657
1608,華榮,14,0,14,富邦-苗栗,2023-12-13,9657
5324,士開,12,0,12,富邦-苗栗,2023-12-13,9657
00907,永豐優息存股,11,0,11,富邦-苗栗,2023-12-13,9657
2606,裕民,40,29,11,富邦-苗栗,2023-12-13,9657
2812,台中銀,18,7,11,富邦-苗栗,2023-12-13,9657
3047,訊舟,11,0,11,富邦-苗栗,2023-12-13,9657
1434,福懋,10,0,10,富邦-苗栗,2023-12-13,9657
2009,第一銅,28,18,10,富邦-苗栗,2023-12-13,9657
2460,建通,10,0,10,富邦-苗栗,2023-12-13,9657
2492,華新科,10,0,10,富邦-苗栗,2023-12-13,9657
2820,華票,10,0,10,富邦-苗栗,2023-12-13,9657
3163,波若威,10,0,10,富邦-苗栗,2023-12-13,9657
3708,上緯投控,10,0,10,富邦-苗栗,2023-12-13,9657
9105,泰金寶-DR,10,0,10,富邦-苗栗,2023-12-13,9657
4933,友輝,10,1,9,富邦-苗栗,2023-12-13,9657
1513,中興電,12,3,9,富邦-苗栗,2023-12-13,9657
5299,杰力,15,6,9,富邦-苗栗,2023-12-13,9657
00902,中信電池及儲能,12,4,8,富邦-苗栗,2023-12-13,9657
00757,統一FANG+,10,2,8,富邦-苗栗,2023-12-13,9657
2104,國際中橡,8,0,8,富邦-苗栗,2023-12-13,9657
3059,華晶科,21,13,8,富邦-苗栗,2023-12-13,9657
6164,華興,8,0,8,富邦-苗栗,2023-12-13,9657
6284,佳邦,8,0,8,富邦-苗栗,2023-12-13,9657
3035,智原,15,8,7,富邦-苗栗,2023-12-13,9657
00919,群益台灣精選高息,187,65,122,富邦-苗栗,2023-12-14,9657
00712,復華富時不動產,115,4,111,富邦-苗栗,2023-12-14,9657
00632R,元大台灣50反1,100,0,100,富邦-苗栗,2023-12-14,9657
00687B,國泰20年美債,93,5,88,富邦-苗栗,2023-12-14,9657
2405,輔信,80,0,80,富邦-苗栗,2023-12-14,9657
00937B,群益ESG投等債20,78,0,78,富邦-苗栗,2023-12-14,9657
00665L,富邦�琤肭磪囓�2,90,33,57,富邦-苗栗,2023-12-14,9657
3508,位速,50,0,50,富邦-苗栗,2023-12-14,9657
00772B,中信高評級公司債,46,0,46,富邦-苗栗,2023-12-14,9657
3081,聯亞,44,0,44,富邦-苗栗,2023-12-14,9657
2516,新建,40,2,38,富邦-苗栗,2023-12-14,9657
3231,緯創,60,28,32,富邦-苗栗,2023-12-14,9657
00679B,元大美債20年,33,2,31,富邦-苗栗,2023-12-14,9657
00933B,國泰10Y+金融債,30,0,30,富邦-苗栗,2023-12-14,9657
9105,泰金寶-DR,30,0,30,富邦-苗栗,2023-12-14,9657
3706,神達,40,12,28,富邦-苗栗,2023-12-14,9657
2329,華泰,35,12,23,富邦-苗栗,2023-12-14,9657
00655L,國泰中國A50正2,22,0,22,富邦-苗栗,2023-12-14,9657
00931B,統一美債20年,22,1,21,富邦-苗栗,2023-12-14,9657
00720B,元大投資級公司債,20,0,20,富邦-苗栗,2023-12-14,9657
2489,瑞軒,21,2,19,富邦-苗栗,2023-12-14,9657
3481,群創,21,3,18,富邦-苗栗,2023-12-14,9657
5328,華容,19,1,18,富邦-苗栗,2023-12-14,9657
5347,世界,20,2,18,富邦-苗栗,2023-12-14,9657
4974,亞泰,15,0,15,富邦-苗栗,2023-12-14,9657
2387,精元,14,0,14,富邦-苗栗,2023-12-14,9657
8050,廣積,12,0,12,富邦-苗栗,2023-12-14,9657
2009,第一銅,20,9,11,富邦-苗栗,2023-12-14,9657
4933,友輝,11,0,11,富邦-苗栗,2023-12-14,9657
00934,中信成長高股息,11,1,10,富邦-苗栗,2023-12-14,9657
5222,全訊,10,0,10,富邦-苗栗,2023-12-14,9657
8114,振樺電,10,0,10,富邦-苗栗,2023-12-14,9657
00706L,期元大S＆P日圓正2,10,0,10,富邦-苗栗,2023-12-14,9657
9955,佳龍,10,0,10,富邦-苗栗,2023-12-14,9657
1513,中興電,16,7,9,富邦-苗栗,2023-12-14,9657
00936,台新永續高息中小,12,3,9,富邦-苗栗,2023-12-14,9657
8271,宇瞻,9,0,9,富邦-苗栗,2023-12-14,9657
1305,華夏,10,1,9,富邦-苗栗,2023-12-14,9657
00918,大華優利高填息30,8,0,8,富邦-苗栗,2023-12-14,9657
2365,昆盈,18,10,8,富邦-苗栗,2023-12-14,9657
2367,燿華,8,0,8,富邦-苗栗,2023-12-14,9657
2641,正德,8,0,8,富邦-苗栗,2023-12-14,9657
3645,達邁,13,5,8,富邦-苗栗,2023-12-14,9657
6104,創惟,10,2,8,富邦-苗栗,2023-12-14,9657
8086,宏捷科,12,5,7,富邦-苗栗,2023-12-14,9657
00751B,元大AAA至A公司債,7,0,7,富邦-苗栗,2023-12-14,9657
00637L,元大滬深300正2,8,1,7,富邦-苗栗,2023-12-14,9657
3051,力特,14,7,7,富邦-苗栗,2023-12-14,9657
3390,旭軟,10,3,7,富邦-苗栗,2023-12-14,9657
4720,德淵,7,0,7,富邦-苗栗,2023-12-14,9657
00665L,富邦�琤肭磪囓�2,300,88,212,富邦-苗栗,2023-12-15,9657
00937B,群益ESG投等債20,160,8,152,富邦-苗栗,2023-12-15,9657
00687B,國泰20年美債,115,30,85,富邦-苗栗,2023-12-15,9657
2363,矽統,141,61,80,富邦-苗栗,2023-12-15,9657
00679B,元大美債20年,74,5,69,富邦-苗栗,2023-12-15,9657
00918,大華優利高填息30,57,0,57,富邦-苗栗,2023-12-15,9657
2208,台船,56,0,56,富邦-苗栗,2023-12-15,9657
2313,華通,67,16,51,富邦-苗栗,2023-12-15,9657
00673R,期元大S＆P原油反1,50,0,50,富邦-苗栗,2023-12-15,9657
1584,精剛,59,14,45,富邦-苗栗,2023-12-15,9657
2317,鴻海,57,15,42,富邦-苗栗,2023-12-15,9657
3059,華晶科,40,0,40,富邦-苗栗,2023-12-15,9657
00878,國泰永續高股息,54,20,34,富邦-苗栗,2023-12-15,9657
2402,毅嘉,34,1,33,富邦-苗栗,2023-12-15,9657
00680L,元大美債20正2,33,1,32,富邦-苗栗,2023-12-15,9657
1722,台肥,46,15,31,富邦-苗栗,2023-12-15,9657
00688L,國泰20年美債正2,28,0,28,富邦-苗栗,2023-12-15,9657
2449,京元電子,104,77,27,富邦-苗栗,2023-12-15,9657
00915,凱基優選高股息30,24,0,24,富邦-苗栗,2023-12-15,9657
2027,大成鋼,45,21,24,富邦-苗栗,2023-12-15,9657
2352,佳世達,24,0,24,富邦-苗栗,2023-12-15,9657
2610,華航,57,35,22,富邦-苗栗,2023-12-15,9657
2388,威盛,25,8,17,富邦-苗栗,2023-12-15,9657
2329,華泰,23,7,16,富邦-苗栗,2023-12-15,9657
2539,櫻花建,15,0,15,富邦-苗栗,2023-12-15,9657
4744,皇將,15,0,15,富邦-苗栗,2023-12-15,9657
8110,華東,15,0,15,富邦-苗栗,2023-12-15,9657
00751B,元大AAA至A公司債,17,2,15,富邦-苗栗,2023-12-15,9657
3081,聯亞,14,0,14,富邦-苗栗,2023-12-15,9657
3163,波若威,15,1,14,富邦-苗栗,2023-12-15,9657
00885,富邦越南,15,3,12,富邦-苗栗,2023-12-15,9657
2812,台中銀,12,0,12,富邦-苗栗,2023-12-15,9657
3062,建漢,12,0,12,富邦-苗栗,2023-12-15,9657
3390,旭軟,16,4,12,富邦-苗栗,2023-12-15,9657
00929,復華台灣科技優息,173,162,11,富邦-苗栗,2023-12-15,9657
00713,元大台灣高息低波,11,0,11,富邦-苗栗,2023-12-15,9657
1609,大亞,21,10,11,富邦-苗栗,2023-12-15,9657
3005,神基,22,11,11,富邦-苗栗,2023-12-15,9657
00931B,統一美債20年,12,1,11,富邦-苗栗,2023-12-15,9657
00882,中信中國高股息,10,0,10,富邦-苗栗,2023-12-15,9657
2345,智邦,11,1,10,富邦-苗栗,2023-12-15,9657
00669R,國泰美國道瓊反1,10,0,10,富邦-苗栗,2023-12-15,9657
2331,精英,10,0,10,富邦-苗栗,2023-12-15,9657
2405,輔信,20,10,10,富邦-苗栗,2023-12-15,9657
3356,奇偶,10,0,10,富邦-苗栗,2023-12-15,9657
5876,上海商銀,10,0,10,富邦-苗栗,2023-12-15,9657
6488,環球晶,10,0,10,富邦-苗栗,2023-12-15,9657
2383,台光電,9,0,9,富邦-苗栗,2023-12-15,9657
6284,佳邦,9,0,9,富邦-苗栗,2023-12-15,9657
2801,彰銀,10,1,9,富邦-苗栗,2023-12-15,9657
00885,富邦越南,267,0,267,富邦-苗栗,2023-12-18,9657
00937B,群益ESG投等債20,226,10,216,富邦-苗栗,2023-12-18,9657
00688L,國泰20年美債正2,261,124,137,富邦-苗栗,2023-12-18,9657
2356,英業達,133,35,98,富邦-苗栗,2023-12-18,9657
00680L,元大美債20正2,87,1,86,富邦-苗栗,2023-12-18,9657
00687B,國泰20年美債,95,13,82,富邦-苗栗,2023-12-18,9657
00632R,元大台灣50反1,76,0,76,富邦-苗栗,2023-12-18,9657
2609,陽明,138,67,71,富邦-苗栗,2023-12-18,9657
00679B,元大美債20年,77,8,69,富邦-苗栗,2023-12-18,9657
5521,工信,71,6,65,富邦-苗栗,2023-12-18,9657
00929,復華台灣科技優息,231,174,57,富邦-苗栗,2023-12-18,9657
2610,華航,61,9,52,富邦-苗栗,2023-12-18,9657
00919,群益台灣精選高息,114,62,52,富邦-苗栗,2023-12-18,9657
00936,台新永續高息中小,40,0,40,富邦-苗栗,2023-12-18,9657
2353,宏��,55,18,37,富邦-苗栗,2023-12-18,9657
2009,第一銅,35,0,35,富邦-苗栗,2023-12-18,9657
00933B,國泰10Y+金融債,44,10,34,富邦-苗栗,2023-12-18,9657
2323,中環,31,1,30,富邦-苗栗,2023-12-18,9657
00712,復華富時不動產,28,2,26,富邦-苗栗,2023-12-18,9657
6182,合晶,24,1,23,富邦-苗栗,2023-12-18,9657
00900,富邦特選高股息30,52,30,22,富邦-苗栗,2023-12-18,9657
3047,訊舟,18,1,17,富邦-苗栗,2023-12-18,9657
00918,大華優利高填息30,53,37,16,富邦-苗栗,2023-12-18,9657
1514,亞力,51,35,16,富邦-苗栗,2023-12-18,9657
2605,新興,32,16,16,富邦-苗栗,2023-12-18,9657
3051,力特,15,0,15,富邦-苗栗,2023-12-18,9657
8054,安國,22,7,15,富邦-苗栗,2023-12-18,9657
00915,凱基優選高股息30,14,0,14,富邦-苗栗,2023-12-18,9657
2801,彰銀,13,0,13,富邦-苗栗,2023-12-18,9657
2820,華票,13,0,13,富邦-苗栗,2023-12-18,9657
5371,中光電,16,3,13,富邦-苗栗,2023-12-18,9657
2449,京元電子,12,0,12,富邦-苗栗,2023-12-18,9657
2241,艾姆勒,30,18,12,富邦-苗栗,2023-12-18,9657
5469,瀚宇博,44,32,12,富邦-苗栗,2023-12-18,9657
2409,友達,21,10,11,富邦-苗栗,2023-12-18,9657
5328,華容,11,0,11,富邦-苗栗,2023-12-18,9657
6164,華興,11,0,11,富邦-苗栗,2023-12-18,9657
6770,力積電,10,0,10,富邦-苗栗,2023-12-18,9657
6443,元晶,10,0,10,富邦-苗栗,2023-12-18,9657
00696B,富邦美債20年,10,0,10,富邦-苗栗,2023-12-18,9657
2630,亞航,10,0,10,富邦-苗栗,2023-12-18,9657
2882,國泰金,10,0,10,富邦-苗栗,2023-12-18,9657
1210,大成,10,0,10,富邦-苗栗,2023-12-18,9657
1584,精剛,11,1,10,富邦-苗栗,2023-12-18,9657
2038,海光,10,1,9,富邦-苗栗,2023-12-18,9657
00908,富邦入息REITs+,8,0,8,富邦-苗栗,2023-12-18,9657
1305,華夏,8,0,8,富邦-苗栗,2023-12-18,9657
1325,恆大,7,0,7,富邦-苗栗,2023-12-18,9657
2498,宏達電,9,2,7,富邦-苗栗,2023-12-18,9657
5864,致和證,7,0,7,富邦-苗栗,2023-12-18,9657
00712,復華富時不動產,233,5,228,富邦-苗栗,2023-12-19,9657
00919,群益台灣精選高息,98,25,73,富邦-苗栗,2023-12-19,9657
00929,復華台灣科技優息,213,150,63,富邦-苗栗,2023-12-19,9657
00937B,群益ESG投等債20,69,9,60,富邦-苗栗,2023-12-19,9657
00679B,元大美債20年,59,6,53,富邦-苗栗,2023-12-19,9657
2610,華航,50,5,45,富邦-苗栗,2023-12-19,9657
2344,華邦電,42,0,42,富邦-苗栗,2023-12-19,9657
00680L,元大美債20正2,50,14,36,富邦-苗栗,2023-12-19,9657
2356,英業達,46,15,31,富邦-苗栗,2023-12-19,9657
00688L,國泰20年美債正2,26,0,26,富邦-苗栗,2023-12-19,9657
3231,緯創,35,10,25,富邦-苗栗,2023-12-19,9657
00687B,國泰20年美債,23,0,23,富邦-苗栗,2023-12-19,9657
6147,頎邦,24,2,22,富邦-苗栗,2023-12-19,9657
00882,中信中國高股息,21,0,21,富邦-苗栗,2023-12-19,9657
2615,萬海,39,18,21,富邦-苗栗,2023-12-19,9657
2605,新興,32,12,20,富邦-苗栗,2023-12-19,9657
00715L,期街口布蘭特正2,40,20,20,富邦-苗栗,2023-12-19,9657
2365,昆盈,22,2,20,富邦-苗栗,2023-12-19,9657
3645,達邁,20,0,20,富邦-苗栗,2023-12-19,9657
2002,中鋼,20,1,19,富邦-苗栗,2023-12-19,9657
2409,友達,17,0,17,富邦-苗栗,2023-12-19,9657
2481,強茂,20,6,14,富邦-苗栗,2023-12-19,9657
00751B,元大AAA至A公司債,13,0,13,富邦-苗栗,2023-12-19,9657
2201,裕隆,14,1,13,富邦-苗栗,2023-12-19,9657
5347,世界,15,3,12,富邦-苗栗,2023-12-19,9657
1815,富喬,12,0,12,富邦-苗栗,2023-12-19,9657
2820,華票,12,0,12,富邦-苗栗,2023-12-19,9657
2882,國泰金,12,0,12,富邦-苗栗,2023-12-19,9657
2913,農林,13,1,12,富邦-苗栗,2023-12-19,9657
4720,德淵,12,0,12,富邦-苗栗,2023-12-19,9657
6116,彩晶,12,0,12,富邦-苗栗,2023-12-19,9657
3483,力致,13,2,11,富邦-苗栗,2023-12-19,9657
6138,茂達,11,0,11,富邦-苗栗,2023-12-19,9657
2888,新光金,10,0,10,富邦-苗栗,2023-12-19,9657
2618,長榮航,25,15,10,富邦-苗栗,2023-12-19,9657
1784,訊聯,10,0,10,富邦-苗栗,2023-12-19,9657
00795B,中信美國公債20年,10,0,10,富邦-苗栗,2023-12-19,9657
00673R,期元大S＆P原油反1,10,0,10,富邦-苗栗,2023-12-19,9657
2007,燁興,10,0,10,富邦-苗栗,2023-12-19,9657
2401,凌陽,10,0,10,富邦-苗栗,2023-12-19,9657
2405,輔信,10,0,10,富邦-苗栗,2023-12-19,9657
2465,麗臺,10,0,10,富邦-苗栗,2023-12-19,9657
2515,中工,20,10,10,富邦-苗栗,2023-12-19,9657
3289,宜特,10,0,10,富邦-苗栗,2023-12-19,9657
8070,長華*,10,0,10,富邦-苗栗,2023-12-19,9657
5521,工信,16,6,10,富邦-苗栗,2023-12-19,9657
3607,谷崧,9,0,9,富邦-苗栗,2023-12-19,9657
5351,鈺創,9,0,9,富邦-苗栗,2023-12-19,9657
5371,中光電,9,0,9,富邦-苗栗,2023-12-19,9657
2402,毅嘉,9,1,8,富邦-苗栗,2023-12-19,9657
2888,新光金,102,0,102,富邦-苗栗,2023-12-20,9657
00919,群益台灣精選高息,104,12,92,富邦-苗栗,2023-12-20,9657
00753L,中信中國50正2,76,0,76,富邦-苗栗,2023-12-20,9657
2392,正崴,72,0,72,富邦-苗栗,2023-12-20,9657
1314,中石化,50,0,50,富邦-苗栗,2023-12-20,9657
00918,大華優利高填息30,45,0,45,富邦-苗栗,2023-12-20,9657
00795B,中信美國公債20年,43,0,43,富邦-苗栗,2023-12-20,9657
00637L,元大滬深300正2,40,0,40,富邦-苗栗,2023-12-20,9657
2010,春源,29,0,29,富邦-苗栗,2023-12-20,9657
00929,復華台灣科技優息,41,12,29,富邦-苗栗,2023-12-20,9657
2002,中鋼,27,1,26,富邦-苗栗,2023-12-20,9657
00680L,元大美債20正2,21,0,21,富邦-苗栗,2023-12-20,9657
2007,燁興,20,0,20,富邦-苗栗,2023-12-20,9657
3092,鴻碩,20,0,20,富邦-苗栗,2023-12-20,9657
6282,康舒,19,0,19,富邦-苗栗,2023-12-20,9657
5521,工信,31,13,18,富邦-苗栗,2023-12-20,9657
2344,華邦電,18,1,17,富邦-苗栗,2023-12-20,9657
9907,統一實,20,3,17,富邦-苗栗,2023-12-20,9657
00933B,國泰10Y+金融債,15,0,15,富邦-苗栗,2023-12-20,9657
2313,華通,21,6,15,富邦-苗栗,2023-12-20,9657
1513,中興電,13,0,13,富邦-苗栗,2023-12-20,9657
2201,裕隆,12,0,12,富邦-苗栗,2023-12-20,9657
2537,聯上發,12,0,12,富邦-苗栗,2023-12-20,9657
5876,上海商銀,12,0,12,富邦-苗栗,2023-12-20,9657
00936,台新永續高息中小,11,0,11,富邦-苗栗,2023-12-20,9657
1609,大亞,11,0,11,富邦-苗栗,2023-12-20,9657
2801,彰銀,11,0,11,富邦-苗栗,2023-12-20,9657
00921,兆豐龍頭等權重,10,0,10,富邦-苗栗,2023-12-20,9657
00757,統一FANG+,10,0,10,富邦-苗栗,2023-12-20,9657
1304,台聚,10,0,10,富邦-苗栗,2023-12-20,9657
1444,力麗,10,0,10,富邦-苗栗,2023-12-20,9657
2486,一詮,10,0,10,富邦-苗栗,2023-12-20,9657
6274,台燿,10,0,10,富邦-苗栗,2023-12-20,9657
3162,精確,9,0,9,富邦-苗栗,2023-12-20,9657
2303,聯電,17,8,9,富邦-苗栗,2023-12-20,9657
1618,合機,10,1,9,富邦-苗栗,2023-12-20,9657
3005,神基,9,0,9,富邦-苗栗,2023-12-20,9657
6689,伊雲谷,9,0,9,富邦-苗栗,2023-12-20,9657
8112,至上,8,0,8,富邦-苗栗,2023-12-20,9657
2834,臺企銀,10,2,8,富邦-苗栗,2023-12-20,9657
1537,廣隆,8,0,8,富邦-苗栗,2023-12-20,9657
1905,華紙,9,1,8,富邦-苗栗,2023-12-20,9657
8011,台通,9,1,8,富邦-苗栗,2023-12-20,9657
8086,宏捷科,7,0,7,富邦-苗栗,2023-12-20,9657
8089,康全電訊,8,1,7,富邦-苗栗,2023-12-20,9657
00937B,群益ESG投等債20,17,11,6,富邦-苗栗,2023-12-20,9657
2314,台揚,6,0,6,富邦-苗栗,2023-12-20,9657
2368,金像電,6,0,6,富邦-苗栗,2023-12-20,9657
2371,大同,7,1,6,富邦-苗栗,2023-12-20,9657
2605,新興,7,1,6,富邦-苗栗,2023-12-20,9657
00671R,富邦NASDAQ反1,300,0,300,富邦-苗栗,2023-12-21,9657
9105,泰金寶-DR,358,70,288,富邦-苗栗,2023-12-21,9657
1314,中石化,242,1,241,富邦-苗栗,2023-12-21,9657
2801,彰銀,117,0,117,富邦-苗栗,2023-12-21,9657
00919,群益台灣精選高息,93,7,86,富邦-苗栗,2023-12-21,9657
5222,全訊,53,0,53,富邦-苗栗,2023-12-21,9657
00687B,國泰20年美債,51,0,51,富邦-苗栗,2023-12-21,9657
2009,第一銅,48,0,48,富邦-苗栗,2023-12-21,9657
00680L,元大美債20正2,43,3,40,富邦-苗栗,2023-12-21,9657
0056,元大高股息,47,8,39,富邦-苗栗,2023-12-21,9657
5608,四維航,43,4,39,富邦-苗栗,2023-12-21,9657
6164,華興,39,0,39,富邦-苗栗,2023-12-21,9657
00918,大華優利高填息30,50,14,36,富邦-苗栗,2023-12-21,9657
00931B,統一美債20年,36,1,35,富邦-苗栗,2023-12-21,9657
3706,神達,35,1,34,富邦-苗栗,2023-12-21,9657
2812,台中銀,32,0,32,富邦-苗栗,2023-12-21,9657
1513,中興電,31,0,31,富邦-苗栗,2023-12-21,9657
1905,華紙,28,1,27,富邦-苗栗,2023-12-21,9657
2449,京元電子,26,1,25,富邦-苗栗,2023-12-21,9657
2353,宏��,42,20,22,富邦-苗栗,2023-12-21,9657
2007,燁興,22,1,21,富邦-苗栗,2023-12-21,9657
3059,華晶科,21,0,21,富邦-苗栗,2023-12-21,9657
00885,富邦越南,20,0,20,富邦-苗栗,2023-12-21,9657
00688L,國泰20年美債正2,18,0,18,富邦-苗栗,2023-12-21,9657
2241,艾姆勒,18,0,18,富邦-苗栗,2023-12-21,9657
2618,長榮航,25,7,18,富邦-苗栗,2023-12-21,9657
2324,仁寶,44,28,16,富邦-苗栗,2023-12-21,9657
2329,華泰,18,3,15,富邦-苗栗,2023-12-21,9657
00882,中信中國高股息,18,3,15,富邦-苗栗,2023-12-21,9657
2344,華邦電,27,13,14,富邦-苗栗,2023-12-21,9657
00934,中信成長高股息,15,2,13,富邦-苗栗,2023-12-21,9657
2303,聯電,12,1,11,富邦-苗栗,2023-12-21,9657
3035,智原,15,4,11,富邦-苗栗,2023-12-21,9657
00905,FT臺灣Smart,10,0,10,富邦-苗栗,2023-12-21,9657
00654R,富邦印度反1,10,0,10,富邦-苗栗,2023-12-21,9657
2103,台橡,10,0,10,富邦-苗栗,2023-12-21,9657
2402,毅嘉,10,0,10,富邦-苗栗,2023-12-21,9657
2426,鼎元,10,0,10,富邦-苗栗,2023-12-21,9657
3005,神基,11,1,10,富邦-苗栗,2023-12-21,9657
00720B,元大投資級公司債,18,9,9,富邦-苗栗,2023-12-21,9657
00696B,富邦美債20年,8,0,8,富邦-苗栗,2023-12-21,9657
2337,旺宏,8,0,8,富邦-苗栗,2023-12-21,9657
2388,威盛,11,4,7,富邦-苗栗,2023-12-21,9657
2890,永豐金,7,0,7,富邦-苗栗,2023-12-21,9657
2882,國泰金,6,0,6,富邦-苗栗,2023-12-21,9657
00937B,群益ESG投等債20,13,7,6,富邦-苗栗,2023-12-21,9657
00713,元大台灣高息低波,6,0,6,富邦-苗栗,2023-12-21,9657
00900,富邦特選高股息30,6,0,6,富邦-苗栗,2023-12-21,9657
2885,元大金,6,0,6,富邦-苗栗,2023-12-21,9657
9958,世紀鋼,6,0,6,富邦-苗栗,2023-12-21,9657
2323,中環,60,0,60,富邦-苗栗,2023-12-22,9657
00923,群益台ESG低碳50,57,0,57,富邦-苗栗,2023-12-22,9657
00673R,期元大S＆P原油反1,42,0,42,富邦-苗栗,2023-12-22,9657
1314,中石化,40,2,38,富邦-苗栗,2023-12-22,9657
2313,華通,37,6,31,富邦-苗栗,2023-12-22,9657
00720B,元大投資級公司債,30,0,30,富邦-苗栗,2023-12-22,9657
3059,華晶科,30,0,30,富邦-苗栗,2023-12-22,9657
00933B,國泰10Y+金融債,21,0,21,富邦-苗栗,2023-12-22,9657
2009,第一銅,21,0,21,富邦-苗栗,2023-12-22,9657
2409,友達,50,29,21,富邦-苗栗,2023-12-22,9657
3363,上詮,20,0,20,富邦-苗栗,2023-12-22,9657
6182,合晶,22,2,20,富邦-苗栗,2023-12-22,9657
2324,仁寶,20,1,19,富邦-苗栗,2023-12-22,9657
8112,至上,18,1,17,富邦-苗栗,2023-12-22,9657
2888,新光金,15,0,15,富邦-苗栗,2023-12-22,9657
6689,伊雲谷,15,0,15,富邦-苗栗,2023-12-22,9657
2353,宏��,82,67,15,富邦-苗栗,2023-12-22,9657
2882,國泰金,14,0,14,富邦-苗栗,2023-12-22,9657
00753L,中信中國50正2,13,0,13,富邦-苗栗,2023-12-22,9657
2337,旺宏,13,0,13,富邦-苗栗,2023-12-22,9657
2618,長榮航,28,16,12,富邦-苗栗,2023-12-22,9657
4127,天良,10,0,10,富邦-苗栗,2023-12-22,9657
6164,華興,10,0,10,富邦-苗栗,2023-12-22,9657
0056,元大高股息,12,3,9,富邦-苗栗,2023-12-22,9657
4533,協易機,9,0,9,富邦-苗栗,2023-12-22,9657
1524,耿鼎,9,0,9,富邦-苗栗,2023-12-22,9657
2408,南亞科,20,12,8,富邦-苗栗,2023-12-22,9657
1605,華新,8,0,8,富邦-苗栗,2023-12-22,9657
1312,國喬,8,0,8,富邦-苗栗,2023-12-22,9657
6270,倍微,8,0,8,富邦-苗栗,2023-12-22,9657
5469,瀚宇博,8,0,8,富邦-苗栗,2023-12-22,9657
2382,廣達,15,7,8,富邦-苗栗,2023-12-22,9657
2356,英業達,40,32,8,富邦-苗栗,2023-12-22,9657
5608,四維航,7,0,7,富邦-苗栗,2023-12-22,9657
00795B,中信美國公債20年,7,0,7,富邦-苗栗,2023-12-22,9657
00885,富邦越南,12,5,7,富邦-苗栗,2023-12-22,9657
2801,彰銀,7,0,7,富邦-苗栗,2023-12-22,9657
3041,揚智,8,1,7,富邦-苗栗,2023-12-22,9657
00907,永豐優息存股,6,0,6,富邦-苗栗,2023-12-22,9657
2443,昶虹,6,0,6,富邦-苗栗,2023-12-22,9657
2887,台新金,6,0,6,富邦-苗栗,2023-12-22,9657
3483,力致,7,1,6,富邦-苗栗,2023-12-22,9657
3622,洋華,6,0,6,富邦-苗栗,2023-12-22,9657
4720,德淵,6,0,6,富邦-苗栗,2023-12-22,9657
8105,凌巨,6,0,6,富邦-苗栗,2023-12-22,9657
00888,永豐台灣ESG,5,0,5,富邦-苗栗,2023-12-22,9657
00902,中信電池及儲能,5,0,5,富邦-苗栗,2023-12-22,9657
00905,FT臺灣Smart,5,0,5,富邦-苗栗,2023-12-22,9657
00921,兆豐龍頭等權重,5,0,5,富邦-苗栗,2023-12-22,9657
1815,富喬,5,0,5,富邦-苗栗,2023-12-22,9657
00919,群益台灣精選高息,119,30,89,富邦-苗栗,2023-12-25,9657
0056,元大高股息,88,21,67,富邦-苗栗,2023-12-25,9657
00918,大華優利高填息30,56,1,55,富邦-苗栗,2023-12-25,9657
00680L,元大美債20正2,51,0,51,富邦-苗栗,2023-12-25,9657
5521,工信,48,2,46,富邦-苗栗,2023-12-25,9657
2609,陽明,154,116,38,富邦-苗栗,2023-12-25,9657
2515,中工,37,0,37,富邦-苗栗,2023-12-25,9657
2882,國泰金,32,1,31,富邦-苗栗,2023-12-25,9657
2241,艾姆勒,30,0,30,富邦-苗栗,2023-12-25,9657
3059,華晶科,30,0,30,富邦-苗栗,2023-12-25,9657
00933B,國泰10Y+金融債,28,0,28,富邦-苗栗,2023-12-25,9657
00688L,國泰20年美債正2,32,10,22,富邦-苗栗,2023-12-25,9657
2427,三商電,22,0,22,富邦-苗栗,2023-12-25,9657
4744,皇將,22,0,22,富邦-苗栗,2023-12-25,9657
00891,中信關鍵半導體,20,0,20,富邦-苗栗,2023-12-25,9657
3062,建漢,20,0,20,富邦-苗栗,2023-12-25,9657
6164,華興,20,0,20,富邦-苗栗,2023-12-25,9657
2313,華通,31,15,16,富邦-苗栗,2023-12-25,9657
1219,福壽,15,0,15,富邦-苗栗,2023-12-25,9657
00720B,元大投資級公司債,17,3,14,富邦-苗栗,2023-12-25,9657
3264,欣銓,13,0,13,富邦-苗栗,2023-12-25,9657
00715L,期街口布蘭特正2,12,0,12,富邦-苗栗,2023-12-25,9657
2344,華邦電,12,0,12,富邦-苗栗,2023-12-25,9657
8112,至上,13,1,12,富邦-苗栗,2023-12-25,9657
2603,長榮,43,32,11,富邦-苗栗,2023-12-25,9657
3050,鈺德,11,0,11,富邦-苗栗,2023-12-25,9657
00665L,富邦�琤肭磪囓�2,10,0,10,富邦-苗栗,2023-12-25,9657
00632R,元大台灣50反1,10,0,10,富邦-苗栗,2023-12-25,9657
3211,順達,10,0,10,富邦-苗栗,2023-12-25,9657
6155,鈞寶,10,0,10,富邦-苗栗,2023-12-25,9657
6173,信昌電,10,0,10,富邦-苗栗,2023-12-25,9657
8358,金居,10,0,10,富邦-苗栗,2023-12-25,9657
2353,宏��,80,70,10,富邦-苗栗,2023-12-25,9657
00937B,群益ESG投等債20,24,15,9,富邦-苗栗,2023-12-25,9657
2421,建準,12,3,9,富邦-苗栗,2023-12-25,9657
3702,大聯大,9,0,9,富邦-苗栗,2023-12-25,9657
3704,合勤控,9,0,9,富邦-苗栗,2023-12-25,9657
6223,旺矽,9,0,9,富邦-苗栗,2023-12-25,9657
8271,宇瞻,9,0,9,富邦-苗栗,2023-12-25,9657
00882,中信中國高股息,8,0,8,富邦-苗栗,2023-12-25,9657
2443,昶虹,8,0,8,富邦-苗栗,2023-12-25,9657
3296,勝德,8,0,8,富邦-苗栗,2023-12-25,9657
6244,茂迪,8,0,8,富邦-苗栗,2023-12-25,9657
2014,中鴻,40,32,8,富邦-苗栗,2023-12-25,9657
6005,群益證,7,0,7,富邦-苗栗,2023-12-25,9657
2324,仁寶,48,41,7,富邦-苗栗,2023-12-25,9657
3044,健鼎,7,0,7,富邦-苗栗,2023-12-25,9657
3540,曜越,6,0,6,富邦-苗栗,2023-12-25,9657
2371,大同,6,0,6,富邦-苗栗,2023-12-25,9657
2356,英業達,33,27,6,富邦-苗栗,2023-12-25,9657
2610,華航,56,6,50,富邦-苗栗,2023-12-26,9657
00632R,元大台灣50反1,43,0,43,富邦-苗栗,2023-12-26,9657
00931B,統一美債20年,43,0,43,富邦-苗栗,2023-12-26,9657
8033,雷虎,42,0,42,富邦-苗栗,2023-12-26,9657
00929,復華台灣科技優息,45,3,42,富邦-苗栗,2023-12-26,9657
3050,鈺德,40,0,40,富邦-苗栗,2023-12-26,9657
8039,台虹,42,7,35,富邦-苗栗,2023-12-26,9657
2313,華通,40,6,34,富邦-苗栗,2023-12-26,9657
00936,台新永續高息中小,33,0,33,富邦-苗栗,2023-12-26,9657
2609,陽明,115,84,31,富邦-苗栗,2023-12-26,9657
2392,正崴,31,0,31,富邦-苗栗,2023-12-26,9657
2356,英業達,60,31,29,富邦-苗栗,2023-12-26,9657
00713,元大台灣高息低波,31,3,28,富邦-苗栗,2023-12-26,9657
4974,亞泰,23,0,23,富邦-苗栗,2023-12-26,9657
2498,宏達電,41,19,22,富邦-苗栗,2023-12-26,9657
2312,金寶,32,11,21,富邦-苗栗,2023-12-26,9657
00934,中信成長高股息,20,0,20,富邦-苗栗,2023-12-26,9657
3059,華晶科,20,0,20,富邦-苗栗,2023-12-26,9657
0056,元大高股息,53,33,20,富邦-苗栗,2023-12-26,9657
3481,群創,45,27,18,富邦-苗栗,2023-12-26,9657
00900,富邦特選高股息30,17,1,16,富邦-苗栗,2023-12-26,9657
2472,立隆電,14,0,14,富邦-苗栗,2023-12-26,9657
00712,復華富時不動產,13,0,13,富邦-苗栗,2023-12-26,9657
00679B,元大美債20年,31,18,13,富邦-苗栗,2023-12-26,9657
1301,台塑,13,0,13,富邦-苗栗,2023-12-26,9657
2736,富野,13,0,13,富邦-苗栗,2023-12-26,9657
3041,揚智,17,5,12,富邦-苗栗,2023-12-26,9657
4173,久裕,11,0,11,富邦-苗栗,2023-12-26,9657
4744,皇將,11,0,11,富邦-苗栗,2023-12-26,9657
00650L,復華香港正2,10,0,10,富邦-苗栗,2023-12-26,9657
00688L,國泰20年美債正2,10,0,10,富邦-苗栗,2023-12-26,9657
2812,台中銀,10,0,10,富邦-苗栗,2023-12-26,9657
5905,南仁湖,10,0,10,富邦-苗栗,2023-12-26,9657
6155,鈞寶,10,0,10,富邦-苗栗,2023-12-26,9657
00933B,國泰10Y+金融債,14,5,9,富邦-苗栗,2023-12-26,9657
6668,中揚光,11,2,9,富邦-苗栗,2023-12-26,9657
2022,聚亨,8,0,8,富邦-苗栗,2023-12-26,9657
2605,新興,19,11,8,富邦-苗栗,2023-12-26,9657
5515,建國,8,0,8,富邦-苗栗,2023-12-26,9657
3264,欣銓,7,0,7,富邦-苗栗,2023-12-26,9657
6290,良維,11,4,7,富邦-苗栗,2023-12-26,9657
00915,凱基優選高股息30,6,0,6,富邦-苗栗,2023-12-26,9657
3317,尼克森,7,1,6,富邦-苗栗,2023-12-26,9657
3545,敦泰,6,0,6,富邦-苗栗,2023-12-26,9657
4167,松瑞藥,6,0,6,富邦-苗栗,2023-12-26,9657
6283,淳安,6,0,6,富邦-苗栗,2023-12-26,9657
2020,美亞,7,1,6,富邦-苗栗,2023-12-26,9657
1519,華城,5,0,5,富邦-苗栗,2023-12-26,9657
1513,中興電,5,0,5,富邦-苗栗,2023-12-26,9657
00905,FT臺灣Smart,5,0,5,富邦-苗栗,2023-12-26,9657
00937B,群益ESG投等債20,87,10,77,富邦-苗栗,2023-12-27,9657
9105,泰金寶-DR,52,0,52,富邦-苗栗,2023-12-27,9657
00919,群益台灣精選高息,71,22,49,富邦-苗栗,2023-12-27,9657
2892,第一金,40,0,40,富邦-苗栗,2023-12-27,9657
00929,復華台灣科技優息,40,8,32,富邦-苗栗,2023-12-27,9657
3024,憶聲,29,0,29,富邦-苗栗,2023-12-27,9657
2610,華航,24,0,24,富邦-苗栗,2023-12-27,9657
00632R,元大台灣50反1,34,10,24,富邦-苗栗,2023-12-27,9657
00936,台新永續高息中小,56,34,22,富邦-苗栗,2023-12-27,9657
2484,希華,22,0,22,富邦-苗栗,2023-12-27,9657
00688L,國泰20年美債正2,20,0,20,富邦-苗栗,2023-12-27,9657
2353,宏��,72,53,19,富邦-苗栗,2023-12-27,9657
8096,擎亞,18,0,18,富邦-苗栗,2023-12-27,9657
2812,台中銀,15,0,15,富邦-苗栗,2023-12-27,9657
1314,中石化,15,0,15,富邦-苗栗,2023-12-27,9657
5521,工信,15,0,15,富邦-苗栗,2023-12-27,9657
2369,菱生,25,10,15,富邦-苗栗,2023-12-27,9657
2409,友達,15,1,14,富邦-苗栗,2023-12-27,9657
2515,中工,21,7,14,富邦-苗栗,2023-12-27,9657
00753L,中信中國50正2,13,0,13,富邦-苗栗,2023-12-27,9657
3706,神達,14,1,13,富邦-苗栗,2023-12-27,9657
00933B,國泰10Y+金融債,23,11,12,富邦-苗栗,2023-12-27,9657
1605,華新,16,5,11,富邦-苗栗,2023-12-27,9657
2402,毅嘉,11,0,11,富邦-苗栗,2023-12-27,9657
00642U,期元大S＆P石油,10,0,10,富邦-苗栗,2023-12-27,9657
00900,富邦特選高股息30,12,2,10,富邦-苗栗,2023-12-27,9657
2462,良得電,10,0,10,富邦-苗栗,2023-12-27,9657
2889,國票金,11,1,10,富邦-苗栗,2023-12-27,9657
3059,華晶科,10,0,10,富邦-苗栗,2023-12-27,9657
5371,中光電,10,0,10,富邦-苗栗,2023-12-27,9657
6155,鈞寶,10,0,10,富邦-苗栗,2023-12-27,9657
6243,迅杰,14,4,10,富邦-苗栗,2023-12-27,9657
00882,中信中國高股息,14,5,9,富邦-苗栗,2023-12-27,9657
2474,可成,9,0,9,富邦-苗栗,2023-12-27,9657
3162,精確,9,0,9,富邦-苗栗,2023-12-27,9657
2331,精英,30,22,8,富邦-苗栗,2023-12-27,9657
2743,山富,8,0,8,富邦-苗栗,2023-12-27,9657
3041,揚智,8,0,8,富邦-苗栗,2023-12-27,9657
0056,元大高股息,33,26,7,富邦-苗栗,2023-12-27,9657
00673R,期元大S＆P原油反1,7,0,7,富邦-苗栗,2023-12-27,9657
6237,驊訊,8,1,7,富邦-苗栗,2023-12-27,9657
6672,騰輝電子-KY,7,0,7,富邦-苗栗,2023-12-27,9657
2374,佳能,6,0,6,富邦-苗栗,2023-12-27,9657
00720B,元大投資級公司債,6,0,6,富邦-苗栗,2023-12-27,9657
2443,昶虹,6,0,6,富邦-苗栗,2023-12-27,9657
4744,皇將,6,0,6,富邦-苗栗,2023-12-27,9657
6191,精成科,6,0,6,富邦-苗栗,2023-12-27,9657
00858,永豐美國500大,5,0,5,富邦-苗栗,2023-12-27,9657
00655L,國泰中國A50正2,5,0,5,富邦-苗栗,2023-12-27,9657
00905,FT臺灣Smart,5,0,5,富邦-苗栗,2023-12-27,9657
00753L,中信中國50正2,140,1,139,富邦-苗栗,2023-12-28,9657
00937B,群益ESG投等債20,137,0,137,富邦-苗栗,2023-12-28,9657
00637L,元大滬深300正2,100,1,99,富邦-苗栗,2023-12-28,9657
00919,群益台灣精選高息,62,5,57,富邦-苗栗,2023-12-28,9657
00933B,國泰10Y+金融債,57,0,57,富邦-苗栗,2023-12-28,9657
2405,輔信,72,19,53,富邦-苗栗,2023-12-28,9657
00929,復華台灣科技優息,54,6,48,富邦-苗栗,2023-12-28,9657
2610,華航,45,3,42,富邦-苗栗,2023-12-28,9657
00882,中信中國高股息,49,13,36,富邦-苗栗,2023-12-28,9657
2303,聯電,64,27,37,富邦-苗栗,2023-12-28,9657
6282,康舒,41,6,35,富邦-苗栗,2023-12-28,9657
2356,英業達,90,69,21,富邦-苗栗,2023-12-28,9657
00918,大華優利高填息30,20,0,20,富邦-苗栗,2023-12-28,9657
2241,艾姆勒,20,0,20,富邦-苗栗,2023-12-28,9657
2889,國票金,21,1,20,富邦-苗栗,2023-12-28,9657
2365,昆盈,28,10,18,富邦-苗栗,2023-12-28,9657
2324,仁寶,32,15,17,富邦-苗栗,2023-12-28,9657
00934,中信成長高股息,17,0,17,富邦-苗栗,2023-12-28,9657
2633,台灣高鐵,17,0,17,富邦-苗栗,2023-12-28,9657
3481,群創,16,0,16,富邦-苗栗,2023-12-28,9657
00715L,期街口布蘭特正2,12,0,12,富邦-苗栗,2023-12-28,9657
2603,長榮,26,15,11,富邦-苗栗,2023-12-28,9657
6182,合晶,11,0,11,富邦-苗栗,2023-12-28,9657
00712,復華富時不動產,10,0,10,富邦-苗栗,2023-12-28,9657
2615,萬海,16,6,10,富邦-苗栗,2023-12-28,9657
5347,世界,15,5,10,富邦-苗栗,2023-12-28,9657
00892,富邦台灣半導體,10,0,10,富邦-苗栗,2023-12-28,9657
00688L,國泰20年美債正2,10,0,10,富邦-苗栗,2023-12-28,9657
3011,今皓,10,0,10,富邦-苗栗,2023-12-28,9657
3094,聯傑,30,20,10,富邦-苗栗,2023-12-28,9657
3376,新日興,17,7,10,富邦-苗栗,2023-12-28,9657
4123,晟德,10,0,10,富邦-苗栗,2023-12-28,9657
2313,華通,11,2,9,富邦-苗栗,2023-12-28,9657
3191,雲嘉南,9,0,9,富邦-苗栗,2023-12-28,9657
3545,敦泰,8,0,8,富邦-苗栗,2023-12-28,9657
00642U,期元大S＆P石油,7,0,7,富邦-苗栗,2023-12-28,9657
2498,宏達電,14,7,7,富邦-苗栗,2023-12-28,9657
3338,泰碩,7,0,7,富邦-苗栗,2023-12-28,9657
4979,華星光,6,0,6,富邦-苗栗,2023-12-28,9657
00885,富邦越南,6,0,6,富邦-苗栗,2023-12-28,9657
3049,精金,6,0,6,富邦-苗栗,2023-12-28,9657
3217,優群,6,0,6,富邦-苗栗,2023-12-28,9657
00915,凱基優選高股息30,6,0,6,富邦-苗栗,2023-12-28,9657
6188,廣明,8,3,5,富邦-苗栗,2023-12-28,9657
6138,茂達,9,4,5,富邦-苗栗,2023-12-28,9657
00733,富邦臺灣中小,5,0,5,富邦-苗栗,2023-12-28,9657
00921,兆豐龍頭等權重,5,0,5,富邦-苗栗,2023-12-28,9657
1229,聯華,5,0,5,富邦-苗栗,2023-12-28,9657
1815,富喬,5,0,5,富邦-苗栗,2023-12-28,9657
2015,豐興,5,0,5,富邦-苗栗,2023-12-28,9657
00937B,群益ESG投等債20,155,0,155,富邦-苗栗,2023-12-29,9657
00929,復華台灣科技優息,161,9,152,富邦-苗栗,2023-12-29,9657
9904,寶成,75,0,75,富邦-苗栗,2023-12-29,9657
00919,群益台灣精選高息,77,11,66,富邦-苗栗,2023-12-29,9657
00665L,富邦�琤肭磪囓�2,61,0,61,富邦-苗栗,2023-12-29,9657
00936,台新永續高息中小,51,0,51,富邦-苗栗,2023-12-29,9657
00639,富邦深100,50,0,50,富邦-苗栗,2023-12-29,9657
00679B,元大美債20年,47,0,47,富邦-苗栗,2023-12-29,9657
1514,亞力,43,9,34,富邦-苗栗,2023-12-29,9657
00715L,期街口布蘭特正2,33,0,33,富邦-苗栗,2023-12-29,9657
2405,輔信,33,0,33,富邦-苗栗,2023-12-29,9657
00680L,元大美債20正2,30,0,30,富邦-苗栗,2023-12-29,9657
00687B,國泰20年美債,23,0,23,富邦-苗栗,2023-12-29,9657
6257,矽格,20,0,20,富邦-苗栗,2023-12-29,9657
00921,兆豐龍頭等權重,20,0,20,富邦-苗栗,2023-12-29,9657
6147,頎邦,20,0,20,富邦-苗栗,2023-12-29,9657
00878,國泰永續高股息,28,8,20,富邦-苗栗,2023-12-29,9657
2889,國票金,20,4,16,富邦-苗栗,2023-12-29,9657
2324,仁寶,39,25,14,富邦-苗栗,2023-12-29,9657
00933B,國泰10Y+金融債,13,0,13,富邦-苗栗,2023-12-29,9657
2449,京元電子,13,0,13,富邦-苗栗,2023-12-29,9657
00688L,國泰20年美債正2,13,0,13,富邦-苗栗,2023-12-29,9657
4906,正文,13,0,13,富邦-苗栗,2023-12-29,9657
3006,晶豪科,53,41,12,富邦-苗栗,2023-12-29,9657
1513,中興電,16,4,12,富邦-苗栗,2023-12-29,9657
1503,士電,12,1,11,富邦-苗栗,2023-12-29,9657
3706,神達,16,5,11,富邦-苗栗,2023-12-29,9657
2344,華邦電,24,14,10,富邦-苗栗,2023-12-29,9657
1909,榮成,10,0,10,富邦-苗栗,2023-12-29,9657
2374,佳能,10,0,10,富邦-苗栗,2023-12-29,9657
2462,良得電,10,0,10,富邦-苗栗,2023-12-29,9657
3522,御嵿,10,0,10,富邦-苗栗,2023-12-29,9657
6024,群益期,10,0,10,富邦-苗栗,2023-12-29,9657
0056,元大高股息,13,3,10,富邦-苗栗,2023-12-29,9657
2353,宏��,49,40,9,富邦-苗栗,2023-12-29,9657
1616,億泰,10,1,9,富邦-苗栗,2023-12-29,9657
2515,中工,19,10,9,富邦-苗栗,2023-12-29,9657
00712,復華富時不動產,11,2,9,富邦-苗栗,2023-12-29,9657
00720B,元大投資級公司債,8,0,8,富邦-苗栗,2023-12-29,9657
2498,宏達電,13,5,8,富邦-苗栗,2023-12-29,9657
2352,佳世達,16,8,8,富邦-苗栗,2023-12-29,9657
1537,廣隆,7,0,7,富邦-苗栗,2023-12-29,9657
6593,台灣銘板,6,0,6,富邦-苗栗,2023-12-29,9657
00637L,元大滬深300正2,6,0,6,富邦-苗栗,2023-12-29,9657
2009,第一銅,12,6,6,富邦-苗栗,2023-12-29,9657
2337,旺宏,6,0,6,富邦-苗栗,2023-12-29,9657
2399,映泰,6,0,6,富邦-苗栗,2023-12-29,9657
6192,巨路,6,0,6,富邦-苗栗,2023-12-29,9657
1213,大飲,5,0,5,富邦-苗栗,2023-12-29,9657
2015,豐興,5,0,5,富邦-苗栗,2023-12-29,9657
0056,元大高股息,251,10,241,富邦-苗栗,2024-01-02,9657
00923,群益台ESG低碳50,103,0,103,富邦-苗栗,2024-01-02,9657
00937B,群益ESG投等債20,95,0,95,富邦-苗栗,2024-01-02,9657
00878,國泰永續高股息,131,38,93,富邦-苗栗,2024-01-02,9657
00919,群益台灣精選高息,141,49,92,富邦-苗栗,2024-01-02,9657
00715L,期街口布蘭特正2,55,1,54,富邦-苗栗,2024-01-02,9657
00929,復華台灣科技優息,73,29,44,富邦-苗栗,2024-01-02,9657
2392,正崴,44,0,44,富邦-苗栗,2024-01-02,9657
5223,安力-KY,42,0,42,富邦-苗栗,2024-01-02,9657
00712,復華富時不動產,37,0,37,富邦-苗栗,2024-01-02,9657
00688L,國泰20年美債正2,47,10,37,富邦-苗栗,2024-01-02,9657
00639,富邦深100,30,0,30,富邦-苗栗,2024-01-02,9657
6155,鈞寶,30,0,30,富邦-苗栗,2024-01-02,9657
00687B,國泰20年美債,34,7,27,富邦-苗栗,2024-01-02,9657
00772B,中信高評級公司債,27,0,27,富邦-苗栗,2024-01-02,9657
2609,陽明,74,48,26,富邦-苗栗,2024-01-02,9657
00680L,元大美債20正2,36,11,25,富邦-苗栗,2024-01-02,9657
1471,首利,20,0,20,富邦-苗栗,2024-01-02,9657
2009,第一銅,20,0,20,富邦-苗栗,2024-01-02,9657
3264,欣銓,21,1,20,富邦-苗栗,2024-01-02,9657
3296,勝德,18,0,18,富邦-苗栗,2024-01-02,9657
6689,伊雲谷,24,6,18,富邦-苗栗,2024-01-02,9657
00751B,元大AAA至A公司債,18,0,18,富邦-苗栗,2024-01-02,9657
1455,集盛,16,0,16,富邦-苗栗,2024-01-02,9657
2382,廣達,16,1,15,富邦-苗栗,2024-01-02,9657
00764B,群益25年美債,15,0,15,富邦-苗栗,2024-01-02,9657
3706,神達,18,3,15,富邦-苗栗,2024-01-02,9657
2883,凱基金,15,1,14,富邦-苗栗,2024-01-02,9657
2313,華通,16,2,14,富邦-苗栗,2024-01-02,9657
2615,萬海,38,24,14,富邦-苗栗,2024-01-02,9657
2324,仁寶,29,15,14,富邦-苗栗,2024-01-02,9657
9919,康那香,14,0,14,富邦-苗栗,2024-01-02,9657
00933B,國泰10Y+金融債,13,0,13,富邦-苗栗,2024-01-02,9657
00637L,元大滬深300正2,13,0,13,富邦-苗栗,2024-01-02,9657
2408,南亞科,13,0,13,富邦-苗栗,2024-01-02,9657
1109,信大,12,0,12,富邦-苗栗,2024-01-02,9657
5203,訊連,12,0,12,富邦-苗栗,2024-01-02,9657
6122,擎邦,12,0,12,富邦-苗栗,2024-01-02,9657
2890,永豐金,12,0,12,富邦-苗栗,2024-01-02,9657
3231,緯創,47,36,11,富邦-苗栗,2024-01-02,9657
00633L,富邦上証正2,11,0,11,富邦-苗栗,2024-01-02,9657
2892,第一金,11,0,11,富邦-苗栗,2024-01-02,9657
2332,友訊,10,0,10,富邦-苗栗,2024-01-02,9657
00722B,群益投資級電信債,10,0,10,富邦-苗栗,2024-01-02,9657
1301,台塑,10,0,10,富邦-苗栗,2024-01-02,9657
2402,毅嘉,10,0,10,富邦-苗栗,2024-01-02,9657
2405,輔信,10,0,10,富邦-苗栗,2024-01-02,9657
3537,堡達,10,0,10,富邦-苗栗,2024-01-02,9657
4720,德淵,11,1,10,富邦-苗栗,2024-01-02,9657
5009,榮剛,10,0,10,富邦-苗栗,2024-01-02,9657
00929,復華台灣科技優息,409,8,401,富邦-苗栗,2024-01-03,9657
2303,聯電,183,11,172,富邦-苗栗,2024-01-03,9657
2344,華邦電,153,7,146,富邦-苗栗,2024-01-03,9657
00919,群益台灣精選高息,116,4,112,富邦-苗栗,2024-01-03,9657
00937B,群益ESG投等債20,106,20,86,富邦-苗栗,2024-01-03,9657
00878,國泰永續高股息,88,5,83,富邦-苗栗,2024-01-03,9657
2356,英業達,73,10,63,富邦-苗栗,2024-01-03,9657
0056,元大高股息,88,28,60,富邦-苗栗,2024-01-03,9657
00715L,期街口布蘭特正2,57,0,57,富邦-苗栗,2024-01-03,9657
00934,中信成長高股息,52,1,51,富邦-苗栗,2024-01-03,9657
1569,濱川,40,0,40,富邦-苗栗,2024-01-03,9657
2353,宏��,42,10,32,富邦-苗栗,2024-01-03,9657
00936,台新永續高息中小,32,0,32,富邦-苗栗,2024-01-03,9657
00712,復華富時不動產,32,0,32,富邦-苗栗,2024-01-03,9657
1455,集盛,30,0,30,富邦-苗栗,2024-01-03,9657
2610,華航,29,1,28,富邦-苗栗,2024-01-03,9657
5521,工信,58,32,26,富邦-苗栗,2024-01-03,9657
00935,野村臺灣新科技50,25,0,25,富邦-苗栗,2024-01-03,9657
1301,台塑,23,0,23,富邦-苗栗,2024-01-03,9657
2515,中工,26,3,23,富邦-苗栗,2024-01-03,9657
6770,力積電,26,4,22,富邦-苗栗,2024-01-03,9657
00688L,國泰20年美債正2,25,4,21,富邦-苗栗,2024-01-03,9657
00927,群益半導體收益,21,0,21,富邦-苗栗,2024-01-03,9657
2382,廣達,26,5,21,富邦-苗栗,2024-01-03,9657
5347,世界,19,0,19,富邦-苗栗,2024-01-03,9657
00680L,元大美債20正2,29,10,19,富邦-苗栗,2024-01-03,9657
4306,炎洲,18,0,18,富邦-苗栗,2024-01-03,9657
5203,訊連,17,0,17,富邦-苗栗,2024-01-03,9657
3062,建漢,16,0,16,富邦-苗栗,2024-01-03,9657
3260,威剛,17,2,15,富邦-苗栗,2024-01-03,9657
2330,台積電,16,0,16,富邦-苗栗,2024-01-03,9657
4167,松瑞藥,14,0,14,富邦-苗栗,2024-01-03,9657
6689,伊雲谷,16,2,14,富邦-苗栗,2024-01-03,9657
2498,宏達電,22,9,13,富邦-苗栗,2024-01-03,9657
3390,旭軟,39,26,13,富邦-苗栗,2024-01-03,9657
2882,國泰金,13,0,13,富邦-苗栗,2024-01-03,9657
00772B,中信高評級公司債,12,0,12,富邦-苗栗,2024-01-03,9657
00770,國泰北美科技,12,0,12,富邦-苗栗,2024-01-03,9657
2606,裕民,39,27,12,富邦-苗栗,2024-01-03,9657
4720,德淵,12,0,12,富邦-苗栗,2024-01-03,9657
2884,玉山金,11,0,11,富邦-苗栗,2024-01-03,9657
3037,欣興,11,0,11,富邦-苗栗,2024-01-03,9657
2009,第一銅,21,10,11,富邦-苗栗,2024-01-03,9657
2324,仁寶,19,8,11,富邦-苗栗,2024-01-03,9657
2002,中鋼,12,2,10,富邦-苗栗,2024-01-03,9657
2342,茂矽,10,0,10,富邦-苗栗,2024-01-03,9657
3094,聯傑,10,0,10,富邦-苗栗,2024-01-03,9657
5426,振發,12,2,10,富邦-苗栗,2024-01-03,9657
5432,新門,10,0,10,富邦-苗栗,2024-01-03,9657
6244,茂迪,10,0,10,富邦-苗栗,2024-01-03,9657
00929,復華台灣科技優息,147,2,145,富邦-苗栗,2024-01-04,9657
2486,一詮,133,38,95,富邦-苗栗,2024-01-04,9657
2618,長榮航,89,34,55,富邦-苗栗,2024-01-04,9657
2449,京元電子,46,0,46,富邦-苗栗,2024-01-04,9657
00712,復華富時不動產,61,17,44,富邦-苗栗,2024-01-04,9657
00919,群益台灣精選高息,41,2,39,富邦-苗栗,2024-01-04,9657
00706L,期元大S＆P日圓正2,35,0,35,富邦-苗栗,2024-01-04,9657
00937B,群益ESG投等債20,64,30,34,富邦-苗栗,2024-01-04,9657
00878,國泰永續高股息,38,5,33,富邦-苗栗,2024-01-04,9657
9919,康那香,68,36,32,富邦-苗栗,2024-01-04,9657
00673R,期元大S＆P原油反1,30,0,30,富邦-苗栗,2024-01-04,9657
2241,艾姆勒,30,0,30,富邦-苗栗,2024-01-04,9657
2362,藍天,23,1,22,富邦-苗栗,2024-01-04,9657
3217,優群,22,1,21,富邦-苗栗,2024-01-04,9657
2356,英業達,30,9,21,富邦-苗栗,2024-01-04,9657
3346,麗清,21,0,21,富邦-苗栗,2024-01-04,9657
5521,工信,22,1,21,富邦-苗栗,2024-01-04,9657
2344,華邦電,23,3,20,富邦-苗栗,2024-01-04,9657
00934,中信成長高股息,20,0,20,富邦-苗栗,2024-01-04,9657
2342,茂矽,20,0,20,富邦-苗栗,2024-01-04,9657
2363,矽統,19,1,18,富邦-苗栗,2024-01-04,9657
00931B,統一美債20年,31,16,15,富邦-苗栗,2024-01-04,9657
1513,中興電,15,1,14,富邦-苗栗,2024-01-04,9657
2641,正德,46,33,13,富邦-苗栗,2024-01-04,9657
3052,夆典,12,0,12,富邦-苗栗,2024-01-04,9657
6163,華電網,12,0,12,富邦-苗栗,2024-01-04,9657
0056,元大高股息,29,18,11,富邦-苗栗,2024-01-04,9657
00639,富邦深100,11,0,11,富邦-苗栗,2024-01-04,9657
1584,精剛,11,0,11,富邦-苗栗,2024-01-04,9657
3338,泰碩,11,0,11,富邦-苗栗,2024-01-04,9657
4906,正文,11,0,11,富邦-苗栗,2024-01-04,9657
00900,富邦特選高股息30,10,0,10,富邦-苗栗,2024-01-04,9657
2498,宏達電,10,0,10,富邦-苗栗,2024-01-04,9657
6152,百一,10,0,10,富邦-苗栗,2024-01-04,9657
2331,精英,10,1,9,富邦-苗栗,2024-01-04,9657
00688L,國泰20年美債正2,10,1,9,富邦-苗栗,2024-01-04,9657
2101,南港,10,1,9,富邦-苗栗,2024-01-04,9657
2601,益航,10,1,9,富邦-苗栗,2024-01-04,9657
3037,欣興,10,1,9,富邦-苗栗,2024-01-04,9657
00905,FT臺灣Smart,8,0,8,富邦-苗栗,2024-01-04,9657
00936,台新永續高息中小,9,1,8,富邦-苗栗,2024-01-04,9657
00927,群益半導體收益,7,0,7,富邦-苗栗,2024-01-04,9657
2405,輔信,9,2,7,富邦-苗栗,2024-01-04,9657
2426,鼎元,7,0,7,富邦-苗栗,2024-01-04,9657
00751B,元大AAA至A公司債,6,0,6,富邦-苗栗,2024-01-04,9657
3264,欣銓,8,2,6,富邦-苗栗,2024-01-04,9657
00923,群益台ESG低碳50,6,0,6,富邦-苗栗,2024-01-04,9657
2365,昆盈,6,0,6,富邦-苗栗,2024-01-04,9657
5203,訊連,6,0,6,富邦-苗栗,2024-01-04,9657
6689,伊雲谷,8,2,6,富邦-苗栗,2024-01-04,9657
2618,長榮航,369,67,302,富邦-苗栗,2024-01-05,9657
00929,復華台灣科技優息,124,1,123,富邦-苗栗,2024-01-05,9657
2606,裕民,127,19,108,富邦-苗栗,2024-01-05,9657
00919,群益台灣精選高息,95,7,88,富邦-苗栗,2024-01-05,9657
2610,華航,67,4,63,富邦-苗栗,2024-01-05,9657
00937B,群益ESG投等債20,63,7,56,富邦-苗栗,2024-01-05,9657
00885,富邦越南,50,0,50,富邦-苗栗,2024-01-05,9657
2324,仁寶,36,2,34,富邦-苗栗,2024-01-05,9657
00632R,元大台灣50反1,30,0,30,富邦-苗栗,2024-01-05,9657
2009,第一銅,30,1,29,富邦-苗栗,2024-01-05,9657
00772B,中信高評級公司債,22,0,22,富邦-苗栗,2024-01-05,9657
8011,台通,21,0,21,富邦-苗栗,2024-01-05,9657
00664R,國泰臺灣加權反1,20,0,20,富邦-苗栗,2024-01-05,9657
00933B,國泰10Y+金融債,23,5,18,富邦-苗栗,2024-01-05,9657
9919,康那香,17,0,17,富邦-苗栗,2024-01-05,9657
02001B,統一美國政府債N,16,0,16,富邦-苗栗,2024-01-05,9657
2323,中環,17,1,16,富邦-苗栗,2024-01-05,9657
00927,群益半導體收益,15,0,15,富邦-苗栗,2024-01-05,9657
2486,一詮,36,21,15,富邦-苗栗,2024-01-05,9657
6265,方土昶,14,0,14,富邦-苗栗,2024-01-05,9657
00679B,元大美債20年,14,2,12,富邦-苗栗,2024-01-05,9657
00712,復華富時不動產,12,0,12,富邦-苗栗,2024-01-05,9657
00770,國泰北美科技,12,0,12,富邦-苗栗,2024-01-05,9657
3324,雙鴻,12,0,12,富邦-苗栗,2024-01-05,9657
00687B,國泰20年美債,11,0,11,富邦-苗栗,2024-01-05,9657
2201,裕隆,11,0,11,富邦-苗栗,2024-01-05,9657
1605,華新,11,0,11,富邦-苗栗,2024-01-05,9657
00753L,中信中國50正2,11,0,11,富邦-苗栗,2024-01-05,9657
00936,台新永續高息中小,10,0,10,富邦-苗栗,2024-01-05,9657
00795B,中信美國公債20年,11,1,10,富邦-苗栗,2024-01-05,9657
1569,濱川,10,0,10,富邦-苗栗,2024-01-05,9657
1732,毛寶,10,0,10,富邦-苗栗,2024-01-05,9657
2342,茂矽,10,0,10,富邦-苗栗,2024-01-05,9657
5203,訊連,10,0,10,富邦-苗栗,2024-01-05,9657
8415,大國鋼,10,0,10,富邦-苗栗,2024-01-05,9657
0056,元大高股息,11,2,9,富邦-苗栗,2024-01-05,9657
2489,瑞軒,10,1,9,富邦-苗栗,2024-01-05,9657
00882,中信中國高股息,8,1,7,富邦-苗栗,2024-01-05,9657
2330,台積電,7,0,7,富邦-苗栗,2024-01-05,9657
00934,中信成長高股息,7,0,7,富邦-苗栗,2024-01-05,9657
2809,京城銀,7,0,7,富邦-苗栗,2024-01-05,9657
3162,精確,7,0,7,富邦-苗栗,2024-01-05,9657
00931B,統一美債20年,7,0,7,富邦-苗栗,2024-01-05,9657
5009,榮剛,7,1,6,富邦-苗栗,2024-01-05,9657
3037,欣興,6,0,6,富邦-苗栗,2024-01-05,9657
2353,宏��,21,15,6,富邦-苗栗,2024-01-05,9657
00725B,國泰投資級公司債,6,0,6,富邦-苗栗,2024-01-05,9657
2363,矽統,6,0,6,富邦-苗栗,2024-01-05,9657
3055,蔚華科,6,0,6,富邦-苗栗,2024-01-05,9657
5880,合庫金,6,0,6,富邦-苗栗,2024-01-05,9657
00929,復華台灣科技優息,156,21,135,富邦-苗栗,2024-01-08,9657
6116,彩晶,109,13,96,富邦-苗栗,2024-01-08,9657
00933B,國泰10Y+金融債,62,0,62,富邦-苗栗,2024-01-08,9657
00753L,中信中國50正2,53,0,53,富邦-苗栗,2024-01-08,9657
2344,華邦電,54,2,52,富邦-苗栗,2024-01-08,9657
00673R,期元大S＆P原油反1,50,0,50,富邦-苗栗,2024-01-08,9657
9105,泰金寶-DR,50,0,50,富邦-苗栗,2024-01-08,9657
00937B,群益ESG投等債20,42,0,42,富邦-苗栗,2024-01-08,9657
3706,神達,40,0,40,富邦-苗栗,2024-01-08,9657
00688L,國泰20年美債正2,34,0,34,富邦-苗栗,2024-01-08,9657
00919,群益台灣精選高息,37,6,31,富邦-苗栗,2024-01-08,9657
2363,矽統,27,0,27,富邦-苗栗,2024-01-08,9657
2449,京元電子,27,2,25,富邦-苗栗,2024-01-08,9657
00665L,富邦�琤肭磪囓�2,44,20,24,富邦-苗栗,2024-01-08,9657
2353,宏��,42,18,24,富邦-苗栗,2024-01-08,9657
2609,陽明,44,21,23,富邦-苗栗,2024-01-08,9657
3296,勝德,22,0,22,富邦-苗栗,2024-01-08,9657
6182,合晶,23,1,22,富邦-苗栗,2024-01-08,9657
00772B,中信高評級公司債,21,0,21,富邦-苗栗,2024-01-08,9657
2382,廣達,23,2,21,富邦-苗栗,2024-01-08,9657
4744,皇將,21,0,21,富邦-苗栗,2024-01-08,9657
3059,華晶科,20,0,20,富邦-苗栗,2024-01-08,9657
2388,威盛,43,27,16,富邦-苗栗,2024-01-08,9657
00687B,國泰20年美債,21,6,15,富邦-苗栗,2024-01-08,9657
8096,擎亞,15,1,14,富邦-苗栗,2024-01-08,9657
00935,野村臺灣新科技50,13,0,13,富邦-苗栗,2024-01-08,9657
00679B,元大美債20年,23,11,12,富邦-苗栗,2024-01-08,9657
00770,國泰北美科技,12,0,12,富邦-苗栗,2024-01-08,9657
1616,億泰,14,2,12,富邦-苗栗,2024-01-08,9657
3354,律勝,12,0,12,富邦-苗栗,2024-01-08,9657
00655L,國泰中國A50正2,11,0,11,富邦-苗栗,2024-01-08,9657
2618,長榮航,15,4,11,富邦-苗栗,2024-01-08,9657
3162,精確,11,0,11,富邦-苗栗,2024-01-08,9657
6226,光鼎,11,0,11,富邦-苗栗,2024-01-08,9657
2881,富邦金,12,1,11,富邦-苗栗,2024-01-08,9657
00637L,元大滬深300正2,10,0,10,富邦-苗栗,2024-01-08,9657
00891,中信關鍵半導體,11,1,10,富邦-苗栗,2024-01-08,9657
2913,農林,10,0,10,富邦-苗栗,2024-01-08,9657
6126,信音,10,0,10,富邦-苗栗,2024-01-08,9657
6185,幃翔,10,0,10,富邦-苗栗,2024-01-08,9657
0056,元大高股息,12,3,9,富邦-苗栗,2024-01-08,9657
00931B,統一美債20年,10,1,9,富邦-苗栗,2024-01-08,9657
1541,錩泰,9,0,9,富邦-苗栗,2024-01-08,9657
2812,台中銀,9,0,9,富邦-苗栗,2024-01-08,9657
2331,精英,14,6,8,富邦-苗栗,2024-01-08,9657
2706,第一店,8,0,8,富邦-苗栗,2024-01-08,9657
5351,鈺創,8,0,8,富邦-苗栗,2024-01-08,9657
2603,長榮,20,12,8,富邦-苗栗,2024-01-08,9657
2402,毅嘉,7,0,7,富邦-苗栗,2024-01-08,9657
2890,永豐金,8,1,7,富邦-苗栗,2024-01-08,9657
00929,復華台灣科技優息,156,5,151,富邦-苗栗,2024-01-09,9657
00752,中信中國50,95,0,95,富邦-苗栗,2024-01-09,9657
00919,群益台灣精選高息,136,43,93,富邦-苗栗,2024-01-09,9657
2356,英業達,104,41,63,富邦-苗栗,2024-01-09,9657
2353,宏��,91,43,48,富邦-苗栗,2024-01-09,9657
3059,華晶科,42,0,42,富邦-苗栗,2024-01-09,9657
2363,矽統,45,7,38,富邦-苗栗,2024-01-09,9657
00680L,元大美債20正2,32,0,32,富邦-苗栗,2024-01-09,9657
4744,皇將,32,0,32,富邦-苗栗,2024-01-09,9657
2816,旺旺保,30,0,30,富邦-苗栗,2024-01-09,9657
2324,仁寶,36,8,28,富邦-苗栗,2024-01-09,9657
00918,大華優利高填息30,29,4,25,富邦-苗栗,2024-01-09,9657
2002,中鋼,25,0,25,富邦-苗栗,2024-01-09,9657
2402,毅嘉,25,0,25,富邦-苗栗,2024-01-09,9657
2603,長榮,44,22,22,富邦-苗栗,2024-01-09,9657
4720,德淵,22,0,22,富邦-苗栗,2024-01-09,9657
1609,大亞,20,0,20,富邦-苗栗,2024-01-09,9657
2801,彰銀,20,0,20,富邦-苗栗,2024-01-09,9657
3002,歐格,18,0,18,富邦-苗栗,2024-01-09,9657
3231,緯創,39,25,14,富邦-苗栗,2024-01-09,9657
2615,萬海,15,2,13,富邦-苗栗,2024-01-09,9657
2888,新光金,12,0,12,富邦-苗栗,2024-01-09,9657
3051,力特,12,0,12,富邦-苗栗,2024-01-09,9657
00924,復華S＆P500成長,10,0,10,富邦-苗栗,2024-01-09,9657
5222,全訊,10,0,10,富邦-苗栗,2024-01-09,9657
8028,昇陽半導體,10,0,10,富邦-苗栗,2024-01-09,9657
0056,元大高股息,15,6,9,富邦-苗栗,2024-01-09,9657
3055,蔚華科,10,1,9,富邦-苗栗,2024-01-09,9657
2317,鴻海,9,0,9,富邦-苗栗,2024-01-09,9657
3056,富華新,9,0,9,富邦-苗栗,2024-01-09,9657
2009,第一銅,9,0,9,富邦-苗栗,2024-01-09,9657
3078,僑威,11,2,9,富邦-苗栗,2024-01-09,9657
8076,伍豐,9,0,9,富邦-苗栗,2024-01-09,9657
3025,星通,35,26,9,富邦-苗栗,2024-01-09,9657
1314,中石化,9,0,9,富邦-苗栗,2024-01-09,9657
2609,陽明,64,56,8,富邦-苗栗,2024-01-09,9657
1616,億泰,8,0,8,富邦-苗栗,2024-01-09,9657
2722,夏都,8,0,8,富邦-苗栗,2024-01-09,9657
2421,建準,9,2,7,富邦-苗栗,2024-01-09,9657
2337,旺宏,8,1,7,富邦-苗栗,2024-01-09,9657
3162,精確,7,0,7,富邦-苗栗,2024-01-09,9657
3202,樺晟,7,0,7,富邦-苗栗,2024-01-09,9657
6589,台康生技,7,0,7,富邦-苗栗,2024-01-09,9657
2323,中環,6,0,6,富邦-苗栗,2024-01-09,9657
2419,仲琦,6,0,6,富邦-苗栗,2024-01-09,9657
2486,一詮,6,0,6,富邦-苗栗,2024-01-09,9657
2887,台新金,6,0,6,富邦-苗栗,2024-01-09,9657
5351,鈺創,9,3,6,富邦-苗栗,2024-01-09,9657
6129,普誠,6,0,6,富邦-苗栗,2024-01-09,9657
6164,華興,6,0,6,富邦-苗栗,2024-01-09,9657
00929,復華台灣科技優息,122,6,116,富邦-苗栗,2024-01-10,9657
2409,友達,120,5,115,富邦-苗栗,2024-01-10,9657
2609,陽明,84,29,55,富邦-苗栗,2024-01-10,9657
00933B,國泰10Y+金融債,42,0,42,富邦-苗栗,2024-01-10,9657
6282,康舒,40,0,40,富邦-苗栗,2024-01-10,9657
00927,群益半導體收益,33,3,30,富邦-苗栗,2024-01-10,9657
00673R,期元大S＆P原油反1,30,0,30,富邦-苗栗,2024-01-10,9657
9105,泰金寶-DR,30,0,30,富邦-苗栗,2024-01-10,9657
6790,永豐實,28,0,28,富邦-苗栗,2024-01-10,9657
2303,聯電,27,1,26,富邦-苗栗,2024-01-10,9657
1455,集盛,25,0,25,富邦-苗栗,2024-01-10,9657
2009,第一銅,23,0,23,富邦-苗栗,2024-01-10,9657
6770,力積電,22,0,22,富邦-苗栗,2024-01-10,9657
00688L,國泰20年美債正2,22,0,22,富邦-苗栗,2024-01-10,9657
00919,群益台灣精選高息,32,10,22,富邦-苗栗,2024-01-10,9657
2889,國票金,21,0,21,富邦-苗栗,2024-01-10,9657
2356,英業達,42,22,20,富邦-苗栗,2024-01-10,9657
00753L,中信中國50正2,20,0,20,富邦-苗栗,2024-01-10,9657
2402,毅嘉,17,0,17,富邦-苗栗,2024-01-10,9657
00878,國泰永續高股息,16,0,16,富邦-苗栗,2024-01-10,9657
2352,佳世達,17,2,15,富邦-苗栗,2024-01-10,9657
2353,宏��,51,37,14,富邦-苗栗,2024-01-10,9657
5450,南良,13,0,13,富邦-苗栗,2024-01-10,9657
0056,元大高股息,17,4,13,富邦-苗栗,2024-01-10,9657
3055,蔚華科,22,10,12,富邦-苗栗,2024-01-10,9657
00712,復華富時不動產,12,0,12,富邦-苗栗,2024-01-10,9657
3623,富晶通,12,0,12,富邦-苗栗,2024-01-10,9657
6164,華興,12,0,12,富邦-苗栗,2024-01-10,9657
8064,東捷,12,0,12,富邦-苗栗,2024-01-10,9657
00680L,元大美債20正2,11,0,11,富邦-苗栗,2024-01-10,9657
2342,茂矽,11,0,11,富邦-苗栗,2024-01-10,9657
2442,新美齊,11,0,11,富邦-苗栗,2024-01-10,9657
1569,濱川,10,0,10,富邦-苗栗,2024-01-10,9657
2364,倫飛,10,0,10,富邦-苗栗,2024-01-10,9657
2426,鼎元,10,0,10,富邦-苗栗,2024-01-10,9657
2892,第一金,10,0,10,富邦-苗栗,2024-01-10,9657
6261,久元,10,0,10,富邦-苗栗,2024-01-10,9657
8096,擎亞,21,12,9,富邦-苗栗,2024-01-10,9657
6116,彩晶,9,0,9,富邦-苗栗,2024-01-10,9657
00632R,元大台灣50反1,10,1,9,富邦-苗栗,2024-01-10,9657
1802,台玻,9,0,9,富邦-苗栗,2024-01-10,9657
2344,華邦電,13,4,9,富邦-苗栗,2024-01-10,9657
3088,艾訊,11,2,9,富邦-苗栗,2024-01-10,9657
6108,競國,9,0,9,富邦-苗栗,2024-01-10,9657
1514,亞力,20,12,8,富邦-苗栗,2024-01-10,9657
2362,藍天,12,4,8,富邦-苗栗,2024-01-10,9657
2317,鴻海,7,0,7,富邦-苗栗,2024-01-10,9657
2324,仁寶,8,1,7,富邦-苗栗,2024-01-10,9657
00687B,國泰20年美債,7,0,7,富邦-苗栗,2024-01-10,9657
4909,新復興,7,0,7,富邦-苗栗,2024-01-10,9657
00665L,富邦�琤肭磪囓�2,180,0,180,富邦-苗栗,2024-01-11,9657
00637L,元大滬深300正2,100,0,100,富邦-苗栗,2024-01-11,9657
00929,復華台灣科技優息,98,1,97,富邦-苗栗,2024-01-11,9657
00919,群益台灣精選高息,62,0,62,富邦-苗栗,2024-01-11,9657
00937B,群益ESG投等債20,60,0,60,富邦-苗栗,2024-01-11,9657
4906,正文,50,0,50,富邦-苗栗,2024-01-11,9657
2888,新光金,105,58,47,富邦-苗栗,2024-01-11,9657
3712,永崴投控,40,2,38,富邦-苗栗,2024-01-11,9657
00933B,國泰10Y+金融債,32,0,32,富邦-苗栗,2024-01-11,9657
3550,聯穎,32,0,32,富邦-苗栗,2024-01-11,9657
00927,群益半導體收益,29,0,29,富邦-苗栗,2024-01-11,9657
00632R,元大台灣50反1,21,0,21,富邦-苗栗,2024-01-11,9657
00712,復華富時不動產,21,3,18,富邦-苗栗,2024-01-11,9657
2498,宏達電,26,8,18,富邦-苗栗,2024-01-11,9657
2610,華航,18,0,18,富邦-苗栗,2024-01-11,9657
6282,康舒,20,2,18,富邦-苗栗,2024-01-11,9657
2329,華泰,38,23,15,富邦-苗栗,2024-01-11,9657
00930,永豐ESG低碳高息,15,0,15,富邦-苗栗,2024-01-11,9657
6695,芯鼎,38,23,15,富邦-苗栗,2024-01-11,9657
1301,台塑,16,1,15,富邦-苗栗,2024-01-11,9657
00679B,元大美債20年,14,0,14,富邦-苗栗,2024-01-11,9657
00688L,國泰20年美債正2,13,0,13,富邦-苗栗,2024-01-11,9657
1312,國喬,12,0,12,富邦-苗栗,2024-01-11,9657
3481,群創,31,20,11,富邦-苗栗,2024-01-11,9657
00918,大華優利高填息30,11,0,11,富邦-苗栗,2024-01-11,9657
00687B,國泰20年美債,11,0,11,富邦-苗栗,2024-01-11,9657
00673R,期元大S＆P原油反1,11,0,11,富邦-苗栗,2024-01-11,9657
2027,大成鋼,11,0,11,富邦-苗栗,2024-01-11,9657
2537,聯上發,11,0,11,富邦-苗栗,2024-01-11,9657
3339,泰谷,11,0,11,富邦-苗栗,2024-01-11,9657
00713,元大台灣高息低波,10,0,10,富邦-苗栗,2024-01-11,9657
0056,元大高股息,10,0,10,富邦-苗栗,2024-01-11,9657
1531,高林股,10,0,10,富邦-苗栗,2024-01-11,9657
2884,玉山金,10,0,10,富邦-苗栗,2024-01-11,9657
00878,國泰永續高股息,13,3,10,富邦-苗栗,2024-01-11,9657
00935,野村臺灣新科技50,9,0,9,富邦-苗栗,2024-01-11,9657
3555,博士旺,9,0,9,富邦-苗栗,2024-01-11,9657
6163,華電網,14,5,9,富邦-苗栗,2024-01-11,9657
2449,京元電子,10,2,8,富邦-苗栗,2024-01-11,9657
2317,鴻海,21,13,8,富邦-苗栗,2024-01-11,9657
2882,國泰金,8,0,8,富邦-苗栗,2024-01-11,9657
3622,洋華,9,1,8,富邦-苗栗,2024-01-11,9657
2344,華邦電,10,3,7,富邦-苗栗,2024-01-11,9657
6274,台燿,7,0,7,富邦-苗栗,2024-01-11,9657
3028,增你強,7,0,7,富邦-苗栗,2024-01-11,9657
3450,聯鈞,7,0,7,富邦-苗栗,2024-01-11,9657
3583,辛耘,7,0,7,富邦-苗栗,2024-01-11,9657
4720,德淵,7,0,7,富邦-苗栗,2024-01-11,9657
5521,工信,7,0,7,富邦-苗栗,2024-01-11,9657
6276,安鈦克,7,0,7,富邦-苗栗,2024-01-11,9657
00929,復華台灣科技優息,135,1,134,富邦-苗栗,2024-01-12,9657
020033,統一�琤肮黕篾,48,0,48,富邦-苗栗,2024-01-12,9657
00927,群益半導體收益,40,1,39,富邦-苗栗,2024-01-12,9657
00673R,期元大S＆P原油反1,30,0,30,富邦-苗栗,2024-01-12,9657
2605,新興,40,10,30,富邦-苗栗,2024-01-12,9657
00904,新光臺灣半導體30,23,0,23,富邦-苗栗,2024-01-12,9657
2547,日勝生,19,0,19,富邦-苗栗,2024-01-12,9657
00919,群益台灣精選高息,20,2,18,富邦-苗栗,2024-01-12,9657
0056,元大高股息,19,1,18,富邦-苗栗,2024-01-12,9657
2449,京元電子,18,0,18,富邦-苗栗,2024-01-12,9657
4906,正文,18,1,17,富邦-苗栗,2024-01-12,9657
2399,映泰,15,0,15,富邦-苗栗,2024-01-12,9657
1528,恩德,21,7,14,富邦-苗栗,2024-01-12,9657
00687B,國泰20年美債,14,0,14,富邦-苗栗,2024-01-12,9657
2329,華泰,20,7,13,富邦-苗栗,2024-01-12,9657
2498,宏達電,26,13,13,富邦-苗栗,2024-01-12,9657
2357,華碩,13,1,12,富邦-苗栗,2024-01-12,9657
6283,淳安,12,0,12,富邦-苗栗,2024-01-12,9657
9919,康那香,11,0,11,富邦-苗栗,2024-01-12,9657
1229,聯華,10,0,10,富邦-苗栗,2024-01-12,9657
2365,昆盈,10,0,10,富邦-苗栗,2024-01-12,9657
5347,世界,13,3,10,富邦-苗栗,2024-01-12,9657
1312,國喬,10,1,9,富邦-苗栗,2024-01-12,9657
2364,倫飛,11,2,9,富邦-苗栗,2024-01-12,9657
3162,精確,23,14,9,富邦-苗栗,2024-01-12,9657
6138,茂達,9,0,9,富邦-苗栗,2024-01-12,9657
2634,漢翔,13,4,9,富邦-苗栗,2024-01-12,9657
5243,乙盛-KY,10,2,8,富邦-苗栗,2024-01-12,9657
00712,復華富時不動產,12,4,8,富邦-苗栗,2024-01-12,9657
2611,志信,8,0,8,富邦-苗栗,2024-01-12,9657
6442,光聖,7,0,7,富邦-苗栗,2024-01-12,9657
2890,永豐金,6,0,6,富邦-苗栗,2024-01-12,9657
6535,順藥,11,5,6,富邦-苗栗,2024-01-12,9657
5426,振發,10,4,6,富邦-苗栗,2024-01-12,9657
00631L,元大台灣50正2,6,0,6,富邦-苗栗,2024-01-12,9657
2362,藍天,8,2,6,富邦-苗栗,2024-01-12,9657
2388,威盛,13,7,6,富邦-苗栗,2024-01-12,9657
2465,麗臺,6,0,6,富邦-苗栗,2024-01-12,9657
2606,裕民,6,0,6,富邦-苗栗,2024-01-12,9657
6469,大樹,6,0,6,富邦-苗栗,2024-01-12,9657
00713,元大台灣高息低波,5,0,5,富邦-苗栗,2024-01-12,9657
2801,彰銀,5,0,5,富邦-苗栗,2024-01-12,9657
00679B,元大美債20年,5,0,5,富邦-苗栗,2024-01-12,9657
00640L,富邦日本正2,5,0,5,富邦-苗栗,2024-01-12,9657
00888,永豐台灣ESG,5,0,5,富邦-苗栗,2024-01-12,9657
00907,永豐優息存股,5,0,5,富邦-苗栗,2024-01-12,9657
00933B,國泰10Y+金融債,5,0,5,富邦-苗栗,2024-01-12,9657
2314,台揚,5,0,5,富邦-苗栗,2024-01-12,9657
2442,新美齊,5,0,5,富邦-苗栗,2024-01-12,9657
2610,華航,8,3,5,富邦-苗栗,2024-01-12,9657
00929,復華台灣科技優息,160,11,149,富邦-苗栗,2024-01-15,9657
00900,富邦特選高股息30,78,10,68,富邦-苗栗,2024-01-15,9657
2356,英業達,66,8,58,富邦-苗栗,2024-01-15,9657
00680L,元大美債20正2,55,0,55,富邦-苗栗,2024-01-15,9657
6163,華電網,54,1,53,富邦-苗栗,2024-01-15,9657
0056,元大高股息,58,6,52,富邦-苗栗,2024-01-15,9657
00715L,期街口布蘭特正2,50,2,48,富邦-苗栗,2024-01-15,9657
3481,群創,51,6,45,富邦-苗栗,2024-01-15,9657
2610,華航,42,1,41,富邦-苗栗,2024-01-15,9657
2329,華泰,38,1,37,富邦-苗栗,2024-01-15,9657
3499,環天科,31,0,31,富邦-苗栗,2024-01-15,9657
2498,宏達電,37,10,27,富邦-苗栗,2024-01-15,9657
2457,飛宏,25,1,24,富邦-苗栗,2024-01-15,9657
00878,國泰永續高股息,24,1,23,富邦-苗栗,2024-01-15,9657
1609,大亞,32,10,22,富邦-苗栗,2024-01-15,9657
00692,富邦公司治理,20,1,19,富邦-苗栗,2024-01-15,9657
6120,達運,20,1,19,富邦-苗栗,2024-01-15,9657
2353,宏��,79,60,19,富邦-苗栗,2024-01-15,9657
3339,泰谷,17,0,17,富邦-苗栗,2024-01-15,9657
1471,首利,18,2,16,富邦-苗栗,2024-01-15,9657
4123,晟德,14,0,14,富邦-苗栗,2024-01-15,9657
00937B,群益ESG投等債20,14,0,14,富邦-苗栗,2024-01-15,9657
00753L,中信中國50正2,21,10,11,富邦-苗栗,2024-01-15,9657
1210,大成,12,1,11,富邦-苗栗,2024-01-15,9657
2634,漢翔,29,19,10,富邦-苗栗,2024-01-15,9657
9945,潤泰新,10,0,10,富邦-苗栗,2024-01-15,9657
00905,FT臺灣Smart,10,0,10,富邦-苗栗,2024-01-15,9657
4755,三福化,10,0,10,富邦-苗栗,2024-01-15,9657
6164,華興,10,0,10,富邦-苗栗,2024-01-15,9657
6173,信昌電,10,0,10,富邦-苗栗,2024-01-15,9657
006208,富邦台50,11,1,10,富邦-苗栗,2024-01-15,9657
2406,國碩,16,7,9,富邦-苗栗,2024-01-15,9657
2888,新光金,9,0,9,富邦-苗栗,2024-01-15,9657
2324,仁寶,8,0,8,富邦-苗栗,2024-01-15,9657
2852,第一保,8,0,8,富邦-苗栗,2024-01-15,9657
5398,慕康生醫,8,0,8,富邦-苗栗,2024-01-15,9657
5876,上海商銀,8,0,8,富邦-苗栗,2024-01-15,9657
1514,亞力,19,11,8,富邦-苗栗,2024-01-15,9657
00653L,富邦印度正2,6,0,6,富邦-苗栗,2024-01-15,9657
00907,永豐優息存股,6,0,6,富邦-苗栗,2024-01-15,9657
00930,永豐ESG低碳高息,6,0,6,富邦-苗栗,2024-01-15,9657
3576,聯合再生,6,0,6,富邦-苗栗,2024-01-15,9657
6743,安普新,6,0,6,富邦-苗栗,2024-01-15,9657
2883,凱基金,10,5,5,富邦-苗栗,2024-01-15,9657
3017,奇鋐,7,2,5,富邦-苗栗,2024-01-15,9657
00888,永豐台灣ESG,5,0,5,富邦-苗栗,2024-01-15,9657
00904,新光臺灣半導體30,5,0,5,富邦-苗栗,2024-01-15,9657
00912,中信臺灣智慧50,5,0,5,富邦-苗栗,2024-01-15,9657
00770,國泰北美科技,7,2,5,富邦-苗栗,2024-01-15,9657
00642U,期元大S＆P石油,5,0,5,富邦-苗栗,2024-01-15,9657
00929,復華台灣科技優息,159,0,159,富邦-苗栗,2024-01-16,9657
00919,群益台灣精選高息,124,4,120,富邦-苗栗,2024-01-16,9657
2883,凱基金,76,1,75,富邦-苗栗,2024-01-16,9657
00927,群益半導體收益,72,1,71,富邦-苗栗,2024-01-16,9657
1409,新纖,63,0,63,富邦-苗栗,2024-01-16,9657
2486,一詮,49,5,44,富邦-苗栗,2024-01-16,9657
0056,元大高股息,47,10,37,富邦-苗栗,2024-01-16,9657
00937B,群益ESG投等債20,44,10,34,富邦-苗栗,2024-01-16,9657
8440,綠電,36,3,33,富邦-苗栗,2024-01-16,9657
00881,國泰台灣5G+,33,0,33,富邦-苗栗,2024-01-16,9657
9105,泰金寶-DR,60,30,30,富邦-苗栗,2024-01-16,9657
8096,擎亞,71,42,29,富邦-苗栗,2024-01-16,9657
2801,彰銀,22,0,22,富邦-苗栗,2024-01-16,9657
2002,中鋼,24,2,22,富邦-苗栗,2024-01-16,9657
1301,台塑,22,1,21,富邦-苗栗,2024-01-16,9657
2009,第一銅,20,0,20,富邦-苗栗,2024-01-16,9657
00753L,中信中國50正2,21,2,19,富邦-苗栗,2024-01-16,9657
2892,第一金,18,0,18,富邦-苗栗,2024-01-16,9657
2605,新興,19,2,17,富邦-苗栗,2024-01-16,9657
1326,台化,18,1,17,富邦-苗栗,2024-01-16,9657
4720,德淵,16,0,16,富邦-苗栗,2024-01-16,9657
1101,台泥,16,1,15,富邦-苗栗,2024-01-16,9657
2498,宏達電,19,4,15,富邦-苗栗,2024-01-16,9657
5243,乙盛-KY,15,0,15,富邦-苗栗,2024-01-16,9657
1609,大亞,20,7,13,富邦-苗栗,2024-01-16,9657
5880,合庫金,13,0,13,富邦-苗栗,2024-01-16,9657
00715L,期街口布蘭特正2,12,0,12,富邦-苗栗,2024-01-16,9657
2606,裕民,11,0,11,富邦-苗栗,2024-01-16,9657
00878,國泰永續高股息,27,16,11,富邦-苗栗,2024-01-16,9657
00931B,統一美債20年,10,0,10,富邦-苗栗,2024-01-16,9657
2884,玉山金,10,0,10,富邦-苗栗,2024-01-16,9657
00687B,國泰20年美債,10,0,10,富邦-苗栗,2024-01-16,9657
2317,鴻海,10,0,10,富邦-苗栗,2024-01-16,9657
00904,新光臺灣半導體30,10,0,10,富邦-苗栗,2024-01-16,9657
2017,官田鋼,10,0,10,富邦-苗栗,2024-01-16,9657
2342,茂矽,10,0,10,富邦-苗栗,2024-01-16,9657
2882,國泰金,10,0,10,富邦-苗栗,2024-01-16,9657
3162,精確,10,0,10,富邦-苗栗,2024-01-16,9657
5222,全訊,10,0,10,富邦-苗栗,2024-01-16,9657
2543,皇昌,10,1,9,富邦-苗栗,2024-01-16,9657
8111,立��,10,1,9,富邦-苗栗,2024-01-16,9657
2888,新光金,8,0,8,富邦-苗栗,2024-01-16,9657
2603,長榮,16,8,8,富邦-苗栗,2024-01-16,9657
5483,中美晶,8,0,8,富邦-苗栗,2024-01-16,9657
2890,永豐金,8,0,8,富邦-苗栗,2024-01-16,9657
2344,華邦電,8,0,8,富邦-苗栗,2024-01-16,9657
00688L,國泰20年美債正2,9,1,8,富邦-苗栗,2024-01-16,9657
3691,碩禾,9,1,8,富邦-苗栗,2024-01-16,9657
6282,康舒,8,0,8,富邦-苗栗,2024-01-16,9657
8011,台通,9,1,8,富邦-苗栗,2024-01-16,9657
00929,復華台灣科技優息,266,5,261,富邦-苗栗,2024-01-17,9657
00919,群益台灣精選高息,198,1,197,富邦-苗栗,2024-01-17,9657
00882,中信中國高股息,137,0,137,富邦-苗栗,2024-01-17,9657
00753L,中信中國50正2,102,0,102,富邦-苗栗,2024-01-17,9657
00934,中信成長高股息,80,0,80,富邦-苗栗,2024-01-17,9657
00752,中信中國50,77,0,77,富邦-苗栗,2024-01-17,9657
2356,英業達,82,11,71,富邦-苗栗,2024-01-17,9657
00881,國泰台灣5G+,59,6,53,富邦-苗栗,2024-01-17,9657
2885,元大金,51,0,51,富邦-苗栗,2024-01-17,9657
4906,正文,51,1,50,富邦-苗栗,2024-01-17,9657
2515,中工,60,14,46,富邦-苗栗,2024-01-17,9657
1513,中興電,42,1,41,富邦-苗栗,2024-01-17,9657
0056,元大高股息,90,50,40,富邦-苗栗,2024-01-17,9657
00928,中信上櫃ESG30,30,0,30,富邦-苗栗,2024-01-17,9657
2892,第一金,25,0,25,富邦-苗栗,2024-01-17,9657
6443,元晶,28,3,25,富邦-苗栗,2024-01-17,9657
2317,鴻海,25,0,25,富邦-苗栗,2024-01-17,9657
2547,日勝生,24,0,24,富邦-苗栗,2024-01-17,9657
6120,達運,25,1,24,富邦-苗栗,2024-01-17,9657
00715L,期街口布蘭特正2,23,0,23,富邦-苗栗,2024-01-17,9657
2883,凱基金,22,0,22,富邦-苗栗,2024-01-17,9657
2888,新光金,21,0,21,富邦-苗栗,2024-01-17,9657
2449,京元電子,22,1,21,富邦-苗栗,2024-01-17,9657
3346,麗清,21,0,21,富邦-苗栗,2024-01-17,9657
5243,乙盛-KY,20,0,20,富邦-苗栗,2024-01-17,9657
1711,永光,20,0,20,富邦-苗栗,2024-01-17,9657
2009,第一銅,20,0,20,富邦-苗栗,2024-01-17,9657
2402,毅嘉,20,0,20,富邦-苗栗,2024-01-17,9657
2867,三商壽,20,0,20,富邦-苗栗,2024-01-17,9657
6243,迅杰,33,14,19,富邦-苗栗,2024-01-17,9657
2303,聯電,23,4,19,富邦-苗栗,2024-01-17,9657
6743,安普新,18,0,18,富邦-苗栗,2024-01-17,9657
2498,宏達電,21,4,17,富邦-苗栗,2024-01-17,9657
2886,兆豐金,17,0,17,富邦-苗栗,2024-01-17,9657
2882,國泰金,17,0,17,富邦-苗栗,2024-01-17,9657
00937B,群益ESG投等債20,38,22,16,富邦-苗栗,2024-01-17,9657
6104,創惟,15,0,15,富邦-苗栗,2024-01-17,9657
2002,中鋼,15,0,15,富邦-苗栗,2024-01-17,9657
3149,正達,14,0,14,富邦-苗栗,2024-01-17,9657
5488,松普,55,41,14,富邦-苗栗,2024-01-17,9657
6005,群益證,14,0,14,富邦-苗栗,2024-01-17,9657
00720B,元大投資級公司債,13,0,13,富邦-苗栗,2024-01-17,9657
00687B,國泰20年美債,13,0,13,富邦-苗栗,2024-01-17,9657
6770,力積電,18,5,13,富邦-苗栗,2024-01-17,9657
00878,國泰永續高股息,35,22,13,富邦-苗栗,2024-01-17,9657
3094,聯傑,13,0,13,富邦-苗栗,2024-01-17,9657
00679B,元大美債20年,14,2,12,富邦-苗栗,2024-01-17,9657
2881,富邦金,14,3,11,富邦-苗栗,2024-01-17,9657
00772B,中信高評級公司債,11,0,11,富邦-苗栗,2024-01-17,9657
2353,宏��,74,63,11,富邦-苗栗,2024-01-17,9657
00929,復華台灣科技優息,138,29,109,富邦-苗栗,2024-01-18,9657
2892,第一金,71,0,71,富邦-苗栗,2024-01-18,9657
0056,元大高股息,62,0,62,富邦-苗栗,2024-01-18,9657
00919,群益台灣精選高息,60,2,58,富邦-苗栗,2024-01-18,9657
2313,華通,57,5,52,富邦-苗栗,2024-01-18,9657
00882,中信中國高股息,48,0,48,富邦-苗栗,2024-01-18,9657
00637L,元大滬深300正2,39,2,37,富邦-苗栗,2024-01-18,9657
4960,誠美材,36,0,36,富邦-苗栗,2024-01-18,9657
00933B,國泰10Y+金融債,30,0,30,富邦-苗栗,2024-01-18,9657
2241,艾姆勒,30,0,30,富邦-苗栗,2024-01-18,9657
00679B,元大美債20年,27,0,27,富邦-苗栗,2024-01-18,9657
2406,國碩,26,0,26,富邦-苗栗,2024-01-18,9657
1513,中興電,28,2,26,富邦-苗栗,2024-01-18,9657
00673R,期元大S＆P原油反1,25,0,25,富邦-苗栗,2024-01-18,9657
00937B,群益ESG投等債20,33,10,23,富邦-苗栗,2024-01-18,9657
2356,英業達,28,6,22,富邦-苗栗,2024-01-18,9657
1217,愛之味,21,0,21,富邦-苗栗,2024-01-18,9657
2324,仁寶,23,3,20,富邦-苗栗,2024-01-18,9657
2883,凱基金,20,0,20,富邦-苗栗,2024-01-18,9657
5521,工信,30,10,20,富邦-苗栗,2024-01-18,9657
9105,泰金寶-DR,20,0,20,富邦-苗栗,2024-01-18,9657
00712,復華富時不動產,25,5,20,富邦-苗栗,2024-01-18,9657
2402,毅嘉,18,0,18,富邦-苗栗,2024-01-18,9657
2888,新光金,17,0,17,富邦-苗栗,2024-01-18,9657
2485,兆赫,25,9,16,富邦-苗栗,2024-01-18,9657
3354,律勝,16,0,16,富邦-苗栗,2024-01-18,9657
00720B,元大投資級公司債,18,2,16,富邦-苗栗,2024-01-18,9657
2002,中鋼,15,0,15,富邦-苗栗,2024-01-18,9657
6770,力積電,14,1,13,富邦-苗栗,2024-01-18,9657
1101,台泥,13,0,13,富邦-苗栗,2024-01-18,9657
6182,合晶,12,0,12,富邦-苗栗,2024-01-18,9657
8215,明基材,12,0,12,富邦-苗栗,2024-01-18,9657
00687B,國泰20年美債,11,0,11,富邦-苗栗,2024-01-18,9657
1609,大亞,14,3,11,富邦-苗栗,2024-01-18,9657
00751B,元大AAA至A公司債,11,0,11,富邦-苗栗,2024-01-18,9657
00680L,元大美債20正2,10,0,10,富邦-苗栗,2024-01-18,9657
2342,茂矽,10,0,10,富邦-苗栗,2024-01-18,9657
2363,矽統,13,3,10,富邦-苗栗,2024-01-18,9657
6689,伊雲谷,14,5,9,富邦-苗栗,2024-01-18,9657
8440,綠電,10,1,9,富邦-苗栗,2024-01-18,9657
4123,晟德,8,0,8,富邦-苗栗,2024-01-18,9657
2362,藍天,9,1,8,富邦-苗栗,2024-01-18,9657
00918,大華優利高填息30,7,0,7,富邦-苗栗,2024-01-18,9657
2610,華航,12,5,7,富邦-苗栗,2024-01-18,9657
6548,長科*,7,0,7,富邦-苗栗,2024-01-18,9657
2317,鴻海,7,1,6,富邦-苗栗,2024-01-18,9657
1304,台聚,6,0,6,富邦-苗栗,2024-01-18,9657
1314,中石化,7,1,6,富邦-苗栗,2024-01-18,9657
6732,昇佳電子,6,0,6,富邦-苗栗,2024-01-18,9657
2449,京元電子,27,22,5,富邦-苗栗,2024-01-18,9657
00671R,富邦NASDAQ反1,600,0,600,富邦-苗栗,2024-01-19,9657
00929,復華台灣科技優息,313,83,230,富邦-苗栗,2024-01-19,9657
00687B,國泰20年美債,98,0,98,富邦-苗栗,2024-01-19,9657
00937B,群益ESG投等債20,86,0,86,富邦-苗栗,2024-01-19,9657
00753L,中信中國50正2,69,0,69,富邦-苗栗,2024-01-19,9657
6207,雷科,65,0,65,富邦-苗栗,2024-01-19,9657
6743,安普新,40,0,40,富邦-苗栗,2024-01-19,9657
00679B,元大美債20年,40,2,38,富邦-苗栗,2024-01-19,9657
00680L,元大美債20正2,43,12,31,富邦-苗栗,2024-01-19,9657
00688L,國泰20年美債正2,29,0,29,富邦-苗栗,2024-01-19,9657
00632R,元大台灣50反1,34,6,28,富邦-苗栗,2024-01-19,9657
2498,宏達電,39,12,27,富邦-苗栗,2024-01-19,9657
00673R,期元大S＆P原油反1,25,0,25,富邦-苗栗,2024-01-19,9657
2002,中鋼,24,0,24,富邦-苗栗,2024-01-19,9657
00720B,元大投資級公司債,23,0,23,富邦-苗栗,2024-01-19,9657
00795B,中信美國公債20年,24,1,23,富邦-苗栗,2024-01-19,9657
00933B,國泰10Y+金融債,47,25,22,富邦-苗栗,2024-01-19,9657
00882,中信中國高股息,22,0,22,富邦-苗栗,2024-01-19,9657
2609,陽明,33,12,21,富邦-苗栗,2024-01-19,9657
1714,和桐,20,0,20,富邦-苗栗,2024-01-19,9657
3059,華晶科,20,0,20,富邦-苗栗,2024-01-19,9657
3691,碩禾,17,0,17,富邦-苗栗,2024-01-19,9657
00712,復華富時不動產,16,3,13,富邦-苗栗,2024-01-19,9657
6120,達運,21,8,13,富邦-苗栗,2024-01-19,9657
00931B,統一美債20年,18,5,13,富邦-苗栗,2024-01-19,9657
2618,長榮航,17,5,12,富邦-苗栗,2024-01-19,9657
2409,友達,11,0,11,富邦-苗栗,2024-01-19,9657
00772B,中信高評級公司債,11,0,11,富邦-苗栗,2024-01-19,9657
5328,華容,17,6,11,富邦-苗栗,2024-01-19,9657
00857B,永豐20年美公債,10,0,10,富邦-苗栗,2024-01-19,9657
1587,吉茂,10,0,10,富邦-苗栗,2024-01-19,9657
2405,輔信,10,0,10,富邦-苗栗,2024-01-19,9657
1101,台泥,10,0,10,富邦-苗栗,2024-01-19,9657
3149,正達,9,0,9,富邦-苗栗,2024-01-19,9657
5880,合庫金,9,0,9,富邦-苗栗,2024-01-19,9657
00919,群益台灣精選高息,9,0,9,富邦-苗栗,2024-01-19,9657
00904,新光臺灣半導體30,8,0,8,富邦-苗栗,2024-01-19,9657
2023,燁輝,8,0,8,富邦-苗栗,2024-01-19,9657
00650L,復華香港正2,7,0,7,富邦-苗栗,2024-01-19,9657
2486,一詮,7,0,7,富邦-苗栗,2024-01-19,9657
5347,世界,9,2,7,富邦-苗栗,2024-01-19,9657
4956,光鋐,55,48,7,富邦-苗栗,2024-01-19,9657
3481,群創,66,59,7,富邦-苗栗,2024-01-19,9657
2888,新光金,8,2,6,富邦-苗栗,2024-01-19,9657
6732,昇佳電子,6,0,6,富邦-苗栗,2024-01-19,9657
1102,亞泥,6,0,6,富邦-苗栗,2024-01-19,9657
1326,台化,6,0,6,富邦-苗栗,2024-01-19,9657
00670L,富邦NASDAQ正2,6,0,6,富邦-苗栗,2024-01-19,9657
00900,富邦特選高股息30,6,0,6,富邦-苗栗,2024-01-19,9657
2892,第一金,6,0,6,富邦-苗栗,2024-01-19,9657
2009,第一銅,100,0,100,富邦-苗栗,2024-01-22,9657
00753L,中信中國50正2,134,35,99,富邦-苗栗,2024-01-22,9657
2618,長榮航,68,5,63,富邦-苗栗,2024-01-22,9657
6134,萬旭,55,0,55,富邦-苗栗,2024-01-22,9657
00900,富邦特選高股息30,50,0,50,富邦-苗栗,2024-01-22,9657
9105,泰金寶-DR,48,0,48,富邦-苗栗,2024-01-22,9657
00904,新光臺灣半導體30,35,0,35,富邦-苗栗,2024-01-22,9657
00919,群益台灣精選高息,35,2,33,富邦-苗栗,2024-01-22,9657
2353,宏��,55,24,31,富邦-苗栗,2024-01-22,9657
2609,陽明,28,2,26,富邦-苗栗,2024-01-22,9657
2329,華泰,60,34,26,富邦-苗栗,2024-01-22,9657
00687B,國泰20年美債,27,5,22,富邦-苗栗,2024-01-22,9657
2834,臺企銀,22,0,22,富邦-苗栗,2024-01-22,9657
2344,華邦電,21,0,21,富邦-苗栗,2024-01-22,9657
00752,中信中國50,21,0,21,富邦-苗栗,2024-01-22,9657
5488,松普,21,0,21,富邦-苗栗,2024-01-22,9657
00933B,國泰10Y+金融債,20,0,20,富邦-苗栗,2024-01-22,9657
2887,台新金,18,0,18,富邦-苗栗,2024-01-22,9657
00679B,元大美債20年,19,4,15,富邦-苗栗,2024-01-22,9657
8054,安國,17,2,15,富邦-苗栗,2024-01-22,9657
8201,無敵,16,1,15,富邦-苗栗,2024-01-22,9657
2313,華通,17,3,14,富邦-苗栗,2024-01-22,9657
1609,大亞,16,3,13,富邦-苗栗,2024-01-22,9657
00882,中信中國高股息,68,55,13,富邦-苗栗,2024-01-22,9657
00931B,統一美債20年,12,0,12,富邦-苗栗,2024-01-22,9657
2453,凌群,17,5,12,富邦-苗栗,2024-01-22,9657
2816,旺旺保,11,0,11,富邦-苗栗,2024-01-22,9657
3306,鼎天,12,1,11,富邦-苗栗,2024-01-22,9657
2408,南亞科,10,0,10,富邦-苗栗,2024-01-22,9657
00892,富邦台灣半導體,10,0,10,富邦-苗栗,2024-01-22,9657
00680L,元大美債20正2,10,0,10,富邦-苗栗,2024-01-22,9657
1909,榮成,10,0,10,富邦-苗栗,2024-01-22,9657
3380,明泰,12,2,10,富邦-苗栗,2024-01-22,9657
6207,雷科,10,0,10,富邦-苗栗,2024-01-22,9657
9919,康那香,11,1,10,富邦-苗栗,2024-01-22,9657
5880,合庫金,11,3,8,富邦-苗栗,2024-01-22,9657
00676R,富邦臺灣加權反1,9,1,8,富邦-苗栗,2024-01-22,9657
2201,裕隆,7,0,7,富邦-苗栗,2024-01-22,9657
00712,復華富時不動產,7,0,7,富邦-苗栗,2024-01-22,9657
2369,菱生,7,0,7,富邦-苗栗,2024-01-22,9657
3002,歐格,7,0,7,富邦-苗栗,2024-01-22,9657
5426,振發,33,26,7,富邦-苗栗,2024-01-22,9657
2308,台達電,6,0,6,富邦-苗栗,2024-01-22,9657
2610,華航,7,1,6,富邦-苗栗,2024-01-22,9657
2454,聯發科,6,0,6,富邦-苗栗,2024-01-22,9657
00670L,富邦NASDAQ正2,6,0,6,富邦-苗栗,2024-01-22,9657
2884,玉山金,16,10,6,富邦-苗栗,2024-01-22,9657
3037,欣興,16,11,5,富邦-苗栗,2024-01-22,9657
3227,原相,7,2,5,富邦-苗栗,2024-01-22,9657
00853B,統一美債10年Aa-,5,0,5,富邦-苗栗,2024-01-22,9657
00882,中信中國高股息,369,2,367,富邦-苗栗,2024-01-23,9657
00752,中信中國50,102,0,102,富邦-苗栗,2024-01-23,9657
6207,雷科,70,0,70,富邦-苗栗,2024-01-23,9657
00933B,國泰10Y+金融債,73,7,66,富邦-苗栗,2024-01-23,9657
00688L,國泰20年美債正2,61,0,61,富邦-苗栗,2024-01-23,9657
00654R,富邦印度反1,50,0,50,富邦-苗栗,2024-01-23,9657
00937B,群益ESG投等債20,39,0,39,富邦-苗栗,2024-01-23,9657
00680L,元大美債20正2,30,0,30,富邦-苗栗,2024-01-23,9657
6134,萬旭,30,0,30,富邦-苗栗,2024-01-23,9657
2609,陽明,29,3,26,富邦-苗栗,2024-01-23,9657
3550,聯穎,26,0,26,富邦-苗栗,2024-01-23,9657
00673R,期元大S＆P原油反1,25,0,25,富邦-苗栗,2024-01-23,9657
4744,皇將,25,0,25,富邦-苗栗,2024-01-23,9657
00881,國泰台灣5G+,20,0,20,富邦-苗栗,2024-01-23,9657
00632R,元大台灣50反1,20,0,20,富邦-苗栗,2024-01-23,9657
3296,勝德,20,0,20,富邦-苗栗,2024-01-23,9657
6155,鈞寶,20,0,20,富邦-苗栗,2024-01-23,9657
00679B,元大美債20年,20,1,19,富邦-苗栗,2024-01-23,9657
6743,安普新,24,5,19,富邦-苗栗,2024-01-23,9657
2344,華邦電,26,8,18,富邦-苗栗,2024-01-23,9657
6124,業強,35,18,17,富邦-苗栗,2024-01-23,9657
3437,榮創,13,0,13,富邦-苗栗,2024-01-23,9657
00655L,國泰中國A50正2,12,0,12,富邦-苗栗,2024-01-23,9657
2855,統一證,11,0,11,富邦-苗栗,2024-01-23,9657
5488,松普,11,0,11,富邦-苗栗,2024-01-23,9657
00713,元大台灣高息低波,11,0,11,富邦-苗栗,2024-01-23,9657
2241,艾姆勒,10,0,10,富邦-苗栗,2024-01-23,9657
2605,新興,20,10,10,富邦-苗栗,2024-01-23,9657
3666,光耀,10,0,10,富邦-苗栗,2024-01-23,9657
6120,達運,11,1,10,富邦-苗栗,2024-01-23,9657
6550,北極星藥業-KY,10,1,9,富邦-苗栗,2024-01-23,9657
9951,皇田,9,0,9,富邦-苗栗,2024-01-23,9657
2486,一詮,10,1,9,富邦-苗栗,2024-01-23,9657
3231,緯創,77,68,9,富邦-苗栗,2024-01-23,9657
1101,台泥,8,0,8,富邦-苗栗,2024-01-23,9657
00706L,期元大S＆P日圓正2,7,0,7,富邦-苗栗,2024-01-23,9657
3162,精確,7,0,7,富邦-苗栗,2024-01-23,9657
8039,台虹,7,0,7,富邦-苗栗,2024-01-23,9657
8096,擎亞,7,0,7,富邦-苗栗,2024-01-23,9657
2618,長榮航,14,8,6,富邦-苗栗,2024-01-23,9657
6239,力成,7,1,6,富邦-苗栗,2024-01-23,9657
2498,宏達電,22,16,6,富邦-苗栗,2024-01-23,9657
2603,長榮,18,12,6,富邦-苗栗,2024-01-23,9657
3339,泰谷,6,0,6,富邦-苗栗,2024-01-23,9657
6127,九豪,26,20,6,富邦-苗栗,2024-01-23,9657
6530,創威,6,0,6,富邦-苗栗,2024-01-23,9657
3217,優群,16,10,6,富邦-苗栗,2024-01-23,9657
6276,安鈦克,6,0,6,富邦-苗栗,2024-01-23,9657
1326,台化,5,0,5,富邦-苗栗,2024-01-23,9657
3615,安可,10,5,5,富邦-苗栗,2024-01-23,9657
00882,中信中國高股息,160,6,154,富邦-苗栗,2024-01-24,9657
00900,富邦特選高股息30,70,5,65,富邦-苗栗,2024-01-24,9657
6155,鈞寶,50,0,50,富邦-苗栗,2024-01-24,9657
6282,康舒,51,2,49,富邦-苗栗,2024-01-24,9657
4939,亞電,43,4,39,富邦-苗栗,2024-01-24,9657
00937B,群益ESG投等債20,53,16,37,富邦-苗栗,2024-01-24,9657
6207,雷科,35,0,35,富邦-苗栗,2024-01-24,9657
2344,華邦電,39,5,34,富邦-苗栗,2024-01-24,9657
00687B,國泰20年美債,32,1,31,富邦-苗栗,2024-01-24,9657
00637L,元大滬深300正2,32,1,31,富邦-苗栗,2024-01-24,9657
3059,華晶科,40,10,30,富邦-苗栗,2024-01-24,9657
9105,泰金寶-DR,29,0,29,富邦-苗栗,2024-01-24,9657
00679B,元大美債20年,20,0,20,富邦-苗栗,2024-01-24,9657
5398,慕康生醫,50,32,18,富邦-苗栗,2024-01-24,9657
2356,英業達,54,38,16,富邦-苗栗,2024-01-24,9657
2498,宏達電,37,22,15,富邦-苗栗,2024-01-24,9657
2888,新光金,15,0,15,富邦-苗栗,2024-01-24,9657
00931B,統一美債20年,15,0,15,富邦-苗栗,2024-01-24,9657
00680L,元大美債20正2,12,0,12,富邦-苗栗,2024-01-24,9657
3706,神達,14,2,12,富邦-苗栗,2024-01-24,9657
1101,台泥,12,0,12,富邦-苗栗,2024-01-24,9657
00688L,國泰20年美債正2,10,0,10,富邦-苗栗,2024-01-24,9657
1584,精剛,10,0,10,富邦-苗栗,2024-01-24,9657
2606,裕民,21,11,10,富邦-苗栗,2024-01-24,9657
3163,波若威,10,0,10,富邦-苗栗,2024-01-24,9657
4162,智擎,10,0,10,富邦-苗栗,2024-01-24,9657
5450,南良,10,0,10,富邦-苗栗,2024-01-24,9657
4109,加捷生醫,11,1,10,富邦-苗栗,2024-01-24,9657
2887,台新金,10,0,10,富邦-苗栗,2024-01-24,9657
2313,華通,17,8,9,富邦-苗栗,2024-01-24,9657
2402,毅嘉,10,1,9,富邦-苗栗,2024-01-24,9657
5426,振發,18,10,8,富邦-苗栗,2024-01-24,9657
2884,玉山金,8,0,8,富邦-苗栗,2024-01-24,9657
4967,十銓,9,1,8,富邦-苗栗,2024-01-24,9657
4714,永捷,13,6,7,富邦-苗栗,2024-01-24,9657
2618,長榮航,13,7,6,富邦-苗栗,2024-01-24,9657
00902,中信電池及儲能,6,0,6,富邦-苗栗,2024-01-24,9657
00670L,富邦NASDAQ正2,6,0,6,富邦-苗栗,2024-01-24,9657
00795B,中信美國公債20年,6,0,6,富邦-苗栗,2024-01-24,9657
8034,榮群,9,3,6,富邦-苗栗,2024-01-24,9657
3490,單井,6,1,5,富邦-苗栗,2024-01-24,9657
3437,榮創,5,0,5,富邦-苗栗,2024-01-24,9657
1612,宏泰,5,0,5,富邦-苗栗,2024-01-24,9657
2610,華航,7,2,5,富邦-苗栗,2024-01-24,9657
2867,三商壽,5,0,5,富邦-苗栗,2024-01-24,9657
3545,敦泰,6,1,5,富邦-苗栗,2024-01-24,9657
3625,西勝,5,0,5,富邦-苗栗,2024-01-24,9657
4128,中天,5,0,5,富邦-苗栗,2024-01-24,9657
4974,亞泰,5,0,5,富邦-苗栗,2024-01-24,9657
6117,迎廣,6,1,5,富邦-苗栗,2024-01-24,9657
00937B,群益ESG投等債20,80,4,76,富邦-苗栗,2024-01-25,9657
5211,蒙恬,61,1,60,富邦-苗栗,2024-01-25,9657
3149,正達,52,2,50,富邦-苗栗,2024-01-25,9657
00688L,國泰20年美債正2,49,10,39,富邦-苗栗,2024-01-25,9657
00687B,國泰20年美債,38,1,37,富邦-苗栗,2024-01-25,9657
00679B,元大美債20年,36,0,36,富邦-苗栗,2024-01-25,9657
8096,擎亞,65,35,30,富邦-苗栗,2024-01-25,9657
00632R,元大台灣50反1,31,1,30,富邦-苗栗,2024-01-25,9657
00665L,富邦�琤肭磪囓�2,30,4,26,富邦-苗栗,2024-01-25,9657
2498,宏達電,46,20,26,富邦-苗栗,2024-01-25,9657
9105,泰金寶-DR,33,10,23,富邦-苗栗,2024-01-25,9657
2241,艾姆勒,22,0,22,富邦-苗栗,2024-01-25,9657
6113,亞矽,67,46,21,富邦-苗栗,2024-01-25,9657
5474,聰泰,21,0,21,富邦-苗栗,2024-01-25,9657
2208,台船,21,0,21,富邦-苗栗,2024-01-25,9657
2486,一詮,20,0,20,富邦-苗栗,2024-01-25,9657
6147,頎邦,20,0,20,富邦-苗栗,2024-01-25,9657
1513,中興電,20,1,19,富邦-苗栗,2024-01-25,9657
2344,華邦電,17,0,17,富邦-苗栗,2024-01-25,9657
00931B,統一美債20年,16,0,16,富邦-苗栗,2024-01-25,9657
2356,英業達,36,20,16,富邦-苗栗,2024-01-25,9657
00673R,期元大S＆P原油反1,25,11,14,富邦-苗栗,2024-01-25,9657
6274,台燿,13,0,13,富邦-苗栗,2024-01-25,9657
1528,恩德,14,1,13,富邦-苗栗,2024-01-25,9657
00715L,期街口布蘭特正2,46,34,12,富邦-苗栗,2024-01-25,9657
4938,和碩,12,0,12,富邦-苗栗,2024-01-25,9657
2609,陽明,14,3,11,富邦-苗栗,2024-01-25,9657
1471,首利,11,0,11,富邦-苗栗,2024-01-25,9657
2369,菱生,11,0,11,富邦-苗栗,2024-01-25,9657
2392,正崴,11,0,11,富邦-苗栗,2024-01-25,9657
6111,大宇資,12,1,11,富邦-苗栗,2024-01-25,9657
6550,北極星藥業-KY,11,0,11,富邦-苗栗,2024-01-25,9657
00772B,中信高評級公司債,10,0,10,富邦-苗栗,2024-01-25,9657
5328,華容,11,1,10,富邦-苗栗,2024-01-25,9657
6108,競國,11,1,10,富邦-苗栗,2024-01-25,9657
6167,久正,10,0,10,富邦-苗栗,2024-01-25,9657
6259,百徽,10,0,10,富邦-苗栗,2024-01-25,9657
6830,汎銓,10,0,10,富邦-苗栗,2024-01-25,9657
8034,榮群,14,4,10,富邦-苗栗,2024-01-25,9657
8085,福華,11,1,10,富邦-苗栗,2024-01-25,9657
2201,裕隆,9,0,9,富邦-苗栗,2024-01-25,9657
00877,復華中國5G,9,0,9,富邦-苗栗,2024-01-25,9657
5223,安力-KY,9,0,9,富邦-苗栗,2024-01-25,9657
2017,官田鋼,21,13,8,富邦-苗栗,2024-01-25,9657
6265,方土昶,10,2,8,富邦-苗栗,2024-01-25,9657
2887,台新金,7,0,7,富邦-苗栗,2024-01-25,9657
3354,律勝,11,4,7,富邦-苗栗,2024-01-25,9657
5607,遠雄港,7,0,7,富邦-苗栗,2024-01-25,9657
1519,華城,11,4,7,富邦-苗栗,2024-01-25,9657
2884,玉山金,7,0,7,富邦-苗栗,2024-01-25,9657
2303,聯電,145,15,130,富邦-苗栗,2024-01-26,9657
00929,復華台灣科技優息,138,13,125,富邦-苗栗,2024-01-26,9657
00687B,國泰20年美債,66,0,66,富邦-苗栗,2024-01-26,9657
2486,一詮,61,0,61,富邦-苗栗,2024-01-26,9657
3059,華晶科,60,0,60,富邦-苗栗,2024-01-26,9657
00673R,期元大S＆P原油反1,52,0,52,富邦-苗栗,2024-01-26,9657
3356,奇偶,50,0,50,富邦-苗栗,2024-01-26,9657
00937B,群益ESG投等債20,45,0,45,富邦-苗栗,2024-01-26,9657
00919,群益台灣精選高息,41,5,36,富邦-苗栗,2024-01-26,9657
4744,皇將,31,0,31,富邦-苗栗,2024-01-26,9657
00878,國泰永續高股息,33,2,31,富邦-苗栗,2024-01-26,9657
3673,TPK-KY,30,0,30,富邦-苗栗,2024-01-26,9657
00891,中信關鍵半導體,27,0,27,富邦-苗栗,2024-01-26,9657
00931B,統一美債20年,27,0,27,富邦-苗栗,2024-01-26,9657
00637L,元大滬深300正2,40,15,25,富邦-苗栗,2024-01-26,9657
00712,復華富時不動產,20,0,20,富邦-苗栗,2024-01-26,9657
1432,大魯閣,17,0,17,富邦-苗栗,2024-01-26,9657
2498,宏達電,17,0,17,富邦-苗栗,2024-01-26,9657
3231,緯創,72,56,16,富邦-苗栗,2024-01-26,9657
00679B,元大美債20年,20,5,15,富邦-苗栗,2024-01-26,9657
00885,富邦越南,15,0,15,富邦-苗栗,2024-01-26,9657
5398,慕康生醫,15,0,15,富邦-苗栗,2024-01-26,9657
00753L,中信中國50正2,14,0,14,富邦-苗栗,2024-01-26,9657
00638R,元大滬深300反1,13,0,13,富邦-苗栗,2024-01-26,9657
5426,振發,29,16,13,富邦-苗栗,2024-01-26,9657
3037,欣興,13,1,12,富邦-苗栗,2024-01-26,9657
3360,尚立,141,129,12,富邦-苗栗,2024-01-26,9657
00632R,元大台灣50反1,11,0,11,富邦-苗栗,2024-01-26,9657
00933B,國泰10Y+金融債,11,0,11,富邦-苗栗,2024-01-26,9657
4939,亞電,13,2,11,富邦-苗栗,2024-01-26,9657
8112,至上,11,0,11,富邦-苗栗,2024-01-26,9657
2241,艾姆勒,10,0,10,富邦-苗栗,2024-01-26,9657
4967,十銓,10,0,10,富邦-苗栗,2024-01-26,9657
6873,泓德能源,10,0,10,富邦-苗栗,2024-01-26,9657
2382,廣達,13,3,10,富邦-苗栗,2024-01-26,9657
2888,新光金,14,4,10,富邦-苗栗,2024-01-26,9657
4529,淳紳,9,0,9,富邦-苗栗,2024-01-26,9657
2353,宏��,19,10,9,富邦-苗栗,2024-01-26,9657
2324,仁寶,8,0,8,富邦-苗栗,2024-01-26,9657
2356,英業達,14,6,8,富邦-苗栗,2024-01-26,9657
00882,中信中國高股息,16,8,8,富邦-苗栗,2024-01-26,9657
1528,恩德,8,1,7,富邦-苗栗,2024-01-26,9657
2344,華邦電,8,1,7,富邦-苗栗,2024-01-26,9657
3005,神基,11,4,7,富邦-苗栗,2024-01-26,9657
3691,碩禾,7,0,7,富邦-苗栗,2024-01-26,9657
3694,海華,17,10,7,富邦-苗栗,2024-01-26,9657
5432,新門,7,0,7,富邦-苗栗,2024-01-26,9657
00881,國泰台灣5G+,6,0,6,富邦-苗栗,2024-01-26,9657
1513,中興電,9,3,6,富邦-苗栗,2024-01-26,9657
2402,毅嘉,6,0,6,富邦-苗栗,2024-01-26,9657
00937B,群益ESG投等債20,116,0,116,富邦-苗栗,2024-01-29,9657
00680L,元大美債20正2,108,0,108,富邦-苗栗,2024-01-29,9657
2618,長榮航,118,28,90,富邦-苗栗,2024-01-29,9657
9105,泰金寶-DR,72,9,63,富邦-苗栗,2024-01-29,9657
2329,華泰,54,1,53,富邦-苗栗,2024-01-29,9657
00882,中信中國高股息,47,0,47,富邦-苗栗,2024-01-29,9657
00665L,富邦�琤肭磪囓�2,40,0,40,富邦-苗栗,2024-01-29,9657
00687B,國泰20年美債,38,2,36,富邦-苗栗,2024-01-29,9657
4744,皇將,35,0,35,富邦-苗栗,2024-01-29,9657
00715L,期街口布蘭特正2,55,23,32,富邦-苗栗,2024-01-29,9657
3360,尚立,66,39,27,富邦-苗栗,2024-01-29,9657
8222,寶一,26,0,26,富邦-苗栗,2024-01-29,9657
00720B,元大投資級公司債,22,0,22,富邦-苗栗,2024-01-29,9657
2009,第一銅,32,11,21,富邦-苗栗,2024-01-29,9657
1471,首利,20,0,20,富邦-苗栗,2024-01-29,9657
2457,飛宏,27,8,19,富邦-苗栗,2024-01-29,9657
2337,旺宏,18,0,18,富邦-苗栗,2024-01-29,9657
00706L,期元大S＆P日圓正2,15,0,15,富邦-苗栗,2024-01-29,9657
00931B,統一美債20年,14,0,14,富邦-苗栗,2024-01-29,9657
00753L,中信中國50正2,19,5,14,富邦-苗栗,2024-01-29,9657
6116,彩晶,14,1,13,富邦-苗栗,2024-01-29,9657
00653L,富邦印度正2,12,0,12,富邦-苗栗,2024-01-29,9657
2440,太空梭,12,0,12,富邦-苗栗,2024-01-29,9657
2484,希華,12,0,12,富邦-苗栗,2024-01-29,9657
00919,群益台灣精選高息,11,0,11,富邦-苗栗,2024-01-29,9657
3535,晶彩科,12,1,11,富邦-苗栗,2024-01-29,9657
6182,合晶,11,0,11,富邦-苗栗,2024-01-29,9657
1717,長興,10,0,10,富邦-苗栗,2024-01-29,9657
3230,錦明,10,0,10,富邦-苗栗,2024-01-29,9657
6405,悅城,10,0,10,富邦-苗栗,2024-01-29,9657
2371,大同,9,0,9,富邦-苗栗,2024-01-29,9657
3025,星通,10,1,9,富邦-苗栗,2024-01-29,9657
00679B,元大美債20年,9,2,7,富邦-苗栗,2024-01-29,9657
2365,昆盈,8,1,7,富邦-苗栗,2024-01-29,9657
2399,映泰,7,0,7,富邦-苗栗,2024-01-29,9657
1101,台泥,7,1,6,富邦-苗栗,2024-01-29,9657
6127,九豪,6,0,6,富邦-苗栗,2024-01-29,9657
8064,東捷,6,0,6,富邦-苗栗,2024-01-29,9657
1909,榮成,5,0,5,富邦-苗栗,2024-01-29,9657
2355,敬鵬,5,0,5,富邦-苗栗,2024-01-29,9657
2369,菱生,5,0,5,富邦-苗栗,2024-01-29,9657
5410,國眾,5,0,5,富邦-苗栗,2024-01-29,9657
6005,群益證,5,0,5,富邦-苗栗,2024-01-29,9657
8049,晶采,5,0,5,富邦-苗栗,2024-01-29,9657
2352,佳世達,6,2,4,富邦-苗栗,2024-01-29,9657
6505,台塑化,4,0,4,富邦-苗栗,2024-01-29,9657
00688L,國泰20年美債正2,4,0,4,富邦-苗栗,2024-01-29,9657
00638R,元大滬深300反1,4,0,4,富邦-苗栗,2024-01-29,9657
1109,信大,4,0,4,富邦-苗栗,2024-01-29,9657
3189,景碩,4,0,4,富邦-苗栗,2024-01-29,9657
00752,中信中國50,115,2,113,富邦-苗栗,2024-01-30,9657
00937B,群益ESG投等債20,57,2,55,富邦-苗栗,2024-01-30,9657
00882,中信中國高股息,66,21,45,富邦-苗栗,2024-01-30,9657
9951,皇田,45,0,45,富邦-苗栗,2024-01-30,9657
1316,上曜,39,0,39,富邦-苗栗,2024-01-30,9657
00929,復華台灣科技優息,42,4,38,富邦-苗栗,2024-01-30,9657
2892,第一金,34,1,33,富邦-苗栗,2024-01-30,9657
9105,泰金寶-DR,40,10,30,富邦-苗栗,2024-01-30,9657
00637L,元大滬深300正2,27,0,27,富邦-苗栗,2024-01-30,9657
2365,昆盈,25,2,23,富邦-苗栗,2024-01-30,9657
8064,東捷,26,4,22,富邦-苗栗,2024-01-30,9657
2887,台新金,23,1,22,富邦-苗栗,2024-01-30,9657
00753L,中信中國50正2,22,1,21,富邦-苗栗,2024-01-30,9657
2515,中工,21,1,20,富邦-苗栗,2024-01-30,9657
3059,華晶科,20,0,20,富邦-苗栗,2024-01-30,9657
2486,一詮,22,4,18,富邦-苗栗,2024-01-30,9657
3481,群創,39,21,18,富邦-苗栗,2024-01-30,9657
2390,云辰,19,2,17,富邦-苗栗,2024-01-30,9657
6830,汎銓,20,3,17,富邦-苗栗,2024-01-30,9657
4542,科嶠,26,10,16,富邦-苗栗,2024-01-30,9657
1455,集盛,15,0,15,富邦-苗栗,2024-01-30,9657
2498,宏達電,22,7,15,富邦-苗栗,2024-01-30,9657
2547,日勝生,15,0,15,富邦-苗栗,2024-01-30,9657
2867,三商壽,15,0,15,富邦-苗栗,2024-01-30,9657
2017,官田鋼,20,6,14,富邦-苗栗,2024-01-30,9657
2431,聯昌,13,0,13,富邦-苗栗,2024-01-30,9657
2440,太空梭,13,0,13,富邦-苗栗,2024-01-30,9657
2324,仁寶,15,3,12,富邦-苗栗,2024-01-30,9657
8147,正淩,11,0,11,富邦-苗栗,2024-01-30,9657
1301,台塑,11,0,11,富邦-苗栗,2024-01-30,9657
00687B,國泰20年美債,11,0,11,富邦-苗栗,2024-01-30,9657
1795,美時,14,3,11,富邦-苗栗,2024-01-30,9657
4588,玖鼎電力,11,0,11,富邦-苗栗,2024-01-30,9657
2342,茂矽,10,0,10,富邦-苗栗,2024-01-30,9657
1785,光洋科,10,0,10,富邦-苗栗,2024-01-30,9657
2344,華邦電,17,8,9,富邦-苗栗,2024-01-30,9657
2885,元大金,10,1,9,富邦-苗栗,2024-01-30,9657
00757,統一FANG+,9,0,9,富邦-苗栗,2024-01-30,9657
2337,旺宏,9,0,9,富邦-苗栗,2024-01-30,9657
2609,陽明,9,1,8,富邦-苗栗,2024-01-30,9657
2748,雲品,8,0,8,富邦-苗栗,2024-01-30,9657
6207,雷科,10,2,8,富邦-苗栗,2024-01-30,9657
2356,英業達,19,12,7,富邦-苗栗,2024-01-30,9657
2481,強茂,7,0,7,富邦-苗栗,2024-01-30,9657
2002,中鋼,7,0,7,富邦-苗栗,2024-01-30,9657
5871,中租-KY,8,1,7,富邦-苗栗,2024-01-30,9657
00655L,國泰中國A50正2,6,0,6,富邦-苗栗,2024-01-30,9657
3499,環天科,6,0,6,富邦-苗栗,2024-01-30,9657
3691,碩禾,6,0,6,富邦-苗栗,2024-01-30,9657
3715,定穎投控,8,2,6,富邦-苗栗,2024-01-30,9657
00752,中信中國50,172,14,158,富邦-苗栗,2024-01-31,9657
00753L,中信中國50正2,71,0,71,富邦-苗栗,2024-01-31,9657
00687B,國泰20年美債,46,0,46,富邦-苗栗,2024-01-31,9657
2618,長榮航,45,1,44,富邦-苗栗,2024-01-31,9657
2369,菱生,53,13,40,富邦-苗栗,2024-01-31,9657
8110,華東,38,0,38,富邦-苗栗,2024-01-31,9657
00929,復華台灣科技優息,38,3,35,富邦-苗栗,2024-01-31,9657
3706,神達,46,11,35,富邦-苗栗,2024-01-31,9657
3059,華晶科,30,0,30,富邦-苗栗,2024-01-31,9657
4303,信立,30,0,30,富邦-苗栗,2024-01-31,9657
3360,尚立,219,193,26,富邦-苗栗,2024-01-31,9657
00680L,元大美債20正2,36,11,25,富邦-苗栗,2024-01-31,9657
6770,力積電,24,0,24,富邦-苗栗,2024-01-31,9657
2609,陽明,25,1,24,富邦-苗栗,2024-01-31,9657
2009,第一銅,22,0,22,富邦-苗栗,2024-01-31,9657
2352,佳世達,22,0,22,富邦-苗栗,2024-01-31,9657
9928,中視,20,0,20,富邦-苗栗,2024-01-31,9657
2017,官田鋼,20,1,19,富邦-苗栗,2024-01-31,9657
2547,日勝生,19,0,19,富邦-苗栗,2024-01-31,9657
00878,國泰永續高股息,17,0,17,富邦-苗栗,2024-01-31,9657
2390,云辰,20,3,17,富邦-苗栗,2024-01-31,9657
2356,英業達,24,7,17,富邦-苗栗,2024-01-31,9657
00919,群益台灣精選高息,16,0,16,富邦-苗栗,2024-01-31,9657
00891,中信關鍵半導體,16,0,16,富邦-苗栗,2024-01-31,9657
2374,佳能,18,3,15,富邦-苗栗,2024-01-31,9657
2440,太空梭,14,0,14,富邦-苗栗,2024-01-31,9657
8201,無敵,14,0,14,富邦-苗栗,2024-01-31,9657
2344,華邦電,13,0,13,富邦-苗栗,2024-01-31,9657
5009,榮剛,12,0,12,富邦-苗栗,2024-01-31,9657
4162,智擎,12,0,12,富邦-苗栗,2024-01-31,9657
6113,亞矽,18,6,12,富邦-苗栗,2024-01-31,9657
1513,中興電,12,1,11,富邦-苗栗,2024-01-31,9657
2461,光群雷,11,0,11,富邦-苗栗,2024-01-31,9657
2610,華航,11,0,11,富邦-苗栗,2024-01-31,9657
6535,順藥,11,0,11,富邦-苗栗,2024-01-31,9657
00665L,富邦�琤肭磪囓�2,11,1,10,富邦-苗栗,2024-01-31,9657
2241,艾姆勒,10,0,10,富邦-苗栗,2024-01-31,9657
2365,昆盈,10,0,10,富邦-苗栗,2024-01-31,9657
2892,第一金,10,0,10,富邦-苗栗,2024-01-31,9657
3094,聯傑,10,0,10,富邦-苗栗,2024-01-31,9657
4967,十銓,10,0,10,富邦-苗栗,2024-01-31,9657
5210,寶碩,10,0,10,富邦-苗栗,2024-01-31,9657
00900,富邦特選高股息30,10,0,10,富邦-苗栗,2024-01-31,9657
0056,元大高股息,15,5,10,富邦-苗栗,2024-01-31,9657
2329,華泰,24,15,9,富邦-苗栗,2024-01-31,9657
3231,緯創,15,7,8,富邦-苗栗,2024-01-31,9657
2303,聯電,15,7,8,富邦-苗栗,2024-01-31,9657
00632R,元大台灣50反1,10,2,8,富邦-苗栗,2024-01-31,9657
2486,一詮,14,6,8,富邦-苗栗,2024-01-31,9657
3041,揚智,8,0,8,富邦-苗栗,2024-01-31,9657
5347,世界,213,0,213,富邦-苗栗,2024-02-01,9657
00929,復華台灣科技優息,216,65,151,富邦-苗栗,2024-02-01,9657
2486,一詮,92,14,78,富邦-苗栗,2024-02-01,9657
2812,台中銀,90,28,62,富邦-苗栗,2024-02-01,9657
2017,官田鋼,60,0,60,富邦-苗栗,2024-02-01,9657
3694,海華,120,63,57,富邦-苗栗,2024-02-01,9657
1732,毛寶,76,20,56,富邦-苗栗,2024-02-01,9657
3481,群創,54,10,44,富邦-苗栗,2024-02-01,9657
2356,英業達,53,15,38,富邦-苗栗,2024-02-01,9657
00632R,元大台灣50反1,30,0,30,富邦-苗栗,2024-02-01,9657
00878,國泰永續高股息,35,11,24,富邦-苗栗,2024-02-01,9657
6282,康舒,27,4,23,富邦-苗栗,2024-02-01,9657
2337,旺宏,20,0,20,富邦-苗栗,2024-02-01,9657
9103,美德醫療-DR,20,0,20,富邦-苗栗,2024-02-01,9657
00715L,期街口布蘭特正2,18,0,18,富邦-苗栗,2024-02-01,9657
6265,方土昶,19,1,18,富邦-苗栗,2024-02-01,9657
9105,泰金寶-DR,20,2,18,富邦-苗栗,2024-02-01,9657
3264,欣銓,17,0,17,富邦-苗栗,2024-02-01,9657
2409,友達,15,2,13,富邦-苗栗,2024-02-01,9657
00937B,群益ESG投等債20,17,5,12,富邦-苗栗,2024-02-01,9657
2405,輔信,12,0,12,富邦-苗栗,2024-02-01,9657
00891,中信關鍵半導體,11,0,11,富邦-苗栗,2024-02-01,9657
00637L,元大滬深300正2,11,0,11,富邦-苗栗,2024-02-01,9657
00933B,國泰10Y+金融債,11,0,11,富邦-苗栗,2024-02-01,9657
4744,皇將,11,0,11,富邦-苗栗,2024-02-01,9657
8069,元太,12,1,11,富邦-苗栗,2024-02-01,9657
3037,欣興,10,0,10,富邦-苗栗,2024-02-01,9657
00751B,元大AAA至A公司債,10,0,10,富邦-苗栗,2024-02-01,9657
00633L,富邦上証正2,10,0,10,富邦-苗栗,2024-02-01,9657
3059,華晶科,10,0,10,富邦-苗栗,2024-02-01,9657
3313,斐成,10,0,10,富邦-苗栗,2024-02-01,9657
4960,誠美材,10,0,10,富邦-苗栗,2024-02-01,9657
8040,九暘,10,0,10,富邦-苗栗,2024-02-01,9657
00679B,元大美債20年,10,1,9,富邦-苗栗,2024-02-01,9657
00687B,國泰20年美債,14,5,9,富邦-苗栗,2024-02-01,9657
2371,大同,17,9,8,富邦-苗栗,2024-02-01,9657
2887,台新金,7,0,7,富邦-苗栗,2024-02-01,9657
5398,慕康生醫,7,0,7,富邦-苗栗,2024-02-01,9657
3231,緯創,21,14,7,富邦-苗栗,2024-02-01,9657
2332,友訊,6,0,6,富邦-苗栗,2024-02-01,9657
00882,中信中國高股息,6,0,6,富邦-苗栗,2024-02-01,9657
00935,野村臺灣新科技50,6,0,6,富邦-苗栗,2024-02-01,9657
3029,零壹,8,2,6,富邦-苗栗,2024-02-01,9657
3048,益登,6,0,6,富邦-苗栗,2024-02-01,9657
8011,台通,6,0,6,富邦-苗栗,2024-02-01,9657
00772B,中信高評級公司債,5,0,5,富邦-苗栗,2024-02-01,9657
3376,新日興,12,7,5,富邦-苗栗,2024-02-01,9657
00900,富邦特選高股息30,5,0,5,富邦-苗栗,2024-02-01,9657
1219,福壽,5,0,5,富邦-苗栗,2024-02-01,9657
1451,年興,5,0,5,富邦-苗栗,2024-02-01,9657
5347,世界,123,7,116,富邦-苗栗,2024-02-02,9657
00680L,元大美債20正2,100,2,98,富邦-苗栗,2024-02-02,9657
00937B,群益ESG投等債20,108,14,94,富邦-苗栗,2024-02-02,9657
00715L,期街口布蘭特正2,82,15,67,富邦-苗栗,2024-02-02,9657
2344,華邦電,65,14,51,富邦-苗栗,2024-02-02,9657
3094,聯傑,50,0,50,富邦-苗栗,2024-02-02,9657
3081,聯亞,51,2,49,富邦-苗栗,2024-02-02,9657
2017,官田鋼,42,0,42,富邦-苗栗,2024-02-02,9657
00933B,國泰10Y+金融債,40,0,40,富邦-苗栗,2024-02-02,9657
00671R,富邦NASDAQ反1,40,0,40,富邦-苗栗,2024-02-02,9657
1529,樂事綠能,39,0,39,富邦-苗栗,2024-02-02,9657
2603,長榮,43,6,37,富邦-苗栗,2024-02-02,9657
9105,泰金寶-DR,33,1,32,富邦-苗栗,2024-02-02,9657
3059,華晶科,31,0,31,富邦-苗栗,2024-02-02,9657
1316,上曜,24,0,24,富邦-苗栗,2024-02-02,9657
6282,康舒,26,2,24,富邦-苗栗,2024-02-02,9657
4123,晟德,21,0,21,富邦-苗栗,2024-02-02,9657
4105,東洋,20,0,20,富邦-苗栗,2024-02-02,9657
2303,聯電,30,11,19,富邦-苗栗,2024-02-02,9657
2313,華通,27,8,19,富邦-苗栗,2024-02-02,9657
2324,仁寶,20,2,18,富邦-苗栗,2024-02-02,9657
2609,陽明,18,1,17,富邦-苗栗,2024-02-02,9657
2605,新興,19,2,17,富邦-苗栗,2024-02-02,9657
00891,中信關鍵半導體,17,0,17,富邦-苗栗,2024-02-02,9657
3313,斐成,16,0,16,富邦-苗栗,2024-02-02,9657
6207,雷科,15,0,15,富邦-苗栗,2024-02-02,9657
6695,芯鼎,24,12,12,富邦-苗栗,2024-02-02,9657
00637L,元大滬深300正2,14,2,12,富邦-苗栗,2024-02-02,9657
1785,光洋科,12,0,12,富邦-苗栗,2024-02-02,9657
2486,一詮,14,2,12,富邦-苗栗,2024-02-02,9657
9103,美德醫療-DR,12,0,12,富邦-苗栗,2024-02-02,9657
3360,尚立,13,1,12,富邦-苗栗,2024-02-02,9657
1795,美時,11,1,10,富邦-苗栗,2024-02-02,9657
00708L,期元大S＆P黃金正2,10,0,10,富邦-苗栗,2024-02-02,9657
3230,錦明,10,0,10,富邦-苗栗,2024-02-02,9657
5426,振發,14,5,9,富邦-苗栗,2024-02-02,9657
2547,日勝生,9,0,9,富邦-苗栗,2024-02-02,9657
2606,裕民,10,1,9,富邦-苗栗,2024-02-02,9657
00919,群益台灣精選高息,19,11,8,富邦-苗栗,2024-02-02,9657
00900,富邦特選高股息30,8,0,8,富邦-苗栗,2024-02-02,9657
2369,菱生,10,2,8,富邦-苗栗,2024-02-02,9657
2443,昶虹,8,0,8,富邦-苗栗,2024-02-02,9657
3033,威健,8,0,8,富邦-苗栗,2024-02-02,9657
4162,智擎,8,0,8,富邦-苗栗,2024-02-02,9657
4906,正文,10,2,8,富邦-苗栗,2024-02-02,9657
6126,信音,8,0,8,富邦-苗栗,2024-02-02,9657
00636,國泰中國A50,7,0,7,富邦-苗栗,2024-02-02,9657
2241,艾姆勒,8,1,7,富邦-苗栗,2024-02-02,9657
5403,中菲,7,0,7,富邦-苗栗,2024-02-02,9657
2101,南港,6,0,6,富邦-苗栗,2024-02-02,9657
00919,群益台灣精選高息,150,5,145,富邦-苗栗,2024-02-05,9657
00882,中信中國高股息,154,32,122,富邦-苗栗,2024-02-05,9657
00929,復華台灣科技優息,118,4,114,富邦-苗栗,2024-02-05,9657
00937B,群益ESG投等債20,103,16,87,富邦-苗栗,2024-02-05,9657
00752,中信中國50,75,0,75,富邦-苗栗,2024-02-05,9657
00679B,元大美債20年,58,3,55,富邦-苗栗,2024-02-05,9657
00891,中信關鍵半導體,51,0,51,富邦-苗栗,2024-02-05,9657
1309,台達化,50,0,50,富邦-苗栗,2024-02-05,9657
2303,聯電,42,3,39,富邦-苗栗,2024-02-05,9657
3706,神達,40,2,38,富邦-苗栗,2024-02-05,9657
00715L,期街口布蘭特正2,35,0,35,富邦-苗栗,2024-02-05,9657
00764B,群益25年美債,31,0,31,富邦-苗栗,2024-02-05,9657
00762,元大全球AI,30,0,30,富邦-苗栗,2024-02-05,9657
2884,玉山金,28,0,28,富邦-苗栗,2024-02-05,9657
2498,宏達電,45,18,27,富邦-苗栗,2024-02-05,9657
3149,正達,30,3,27,富邦-苗栗,2024-02-05,9657
2324,仁寶,26,3,23,富邦-苗栗,2024-02-05,9657
9105,泰金寶-DR,22,0,22,富邦-苗栗,2024-02-05,9657
00857B,永豐20年美公債,21,0,21,富邦-苗栗,2024-02-05,9657
2002,中鋼,24,3,21,富邦-苗栗,2024-02-05,9657
00795B,中信美國公債20年,20,0,20,富邦-苗栗,2024-02-05,9657
1305,華夏,20,0,20,富邦-苗栗,2024-02-05,9657
1529,樂事綠能,20,0,20,富邦-苗栗,2024-02-05,9657
2313,華通,27,8,19,富邦-苗栗,2024-02-05,9657
00712,復華富時不動產,15,0,15,富邦-苗栗,2024-02-05,9657
3481,群創,15,1,14,富邦-苗栗,2024-02-05,9657
3694,海華,13,1,12,富邦-苗栗,2024-02-05,9657
00753L,中信中國50正2,21,10,11,富邦-苗栗,2024-02-05,9657
00931B,統一美債20年,30,19,11,富邦-苗栗,2024-02-05,9657
6695,芯鼎,22,12,10,富邦-苗栗,2024-02-05,9657
2342,茂矽,10,0,10,富邦-苗栗,2024-02-05,9657
2402,毅嘉,10,0,10,富邦-苗栗,2024-02-05,9657
2438,翔耀,10,0,10,富邦-苗栗,2024-02-05,9657
3645,達邁,10,0,10,富邦-苗栗,2024-02-05,9657
6155,鈞寶,10,0,10,富邦-苗栗,2024-02-05,9657
8070,長華*,10,0,10,富邦-苗栗,2024-02-05,9657
9103,美德醫療-DR,10,0,10,富邦-苗栗,2024-02-05,9657
00936,台新永續高息中小,10,1,9,富邦-苗栗,2024-02-05,9657
2377,微星,9,1,8,富邦-苗栗,2024-02-05,9657
00688L,國泰20年美債正2,8,0,8,富邦-苗栗,2024-02-05,9657
2108,南帝,8,0,8,富邦-苗栗,2024-02-05,9657
2547,日勝生,8,0,8,富邦-苗栗,2024-02-05,9657
8054,安國,8,0,8,富邦-苗栗,2024-02-05,9657
00757,統一FANG+,8,1,7,富邦-苗栗,2024-02-05,9657
2241,艾姆勒,7,0,7,富邦-苗栗,2024-02-05,9657
2388,威盛,12,5,7,富邦-苗栗,2024-02-05,9657
2460,建通,7,0,7,富邦-苗栗,2024-02-05,9657
2606,裕民,7,0,7,富邦-苗栗,2024-02-05,9657
8255,朋程,7,0,7,富邦-苗栗,2024-02-05,9657
2812,台中銀,7,0,7,富邦-苗栗,2024-02-05,9657
00687B,國泰20年美債,188,3,185,富邦-苗栗,2024-02-15,9657
2344,華邦電,154,10,144,富邦-苗栗,2024-02-15,9657
1308,亞聚,140,0,140,富邦-苗栗,2024-02-15,9657
3706,神達,88,4,84,富邦-苗栗,2024-02-15,9657
00933B,國泰10Y+金融債,81,0,81,富邦-苗栗,2024-02-15,9657
00637L,元大滬深300正2,100,26,74,富邦-苗栗,2024-02-15,9657
00679B,元大美債20年,79,10,69,富邦-苗栗,2024-02-15,9657
6282,康舒,69,6,63,富邦-苗栗,2024-02-15,9657
00937B,群益ESG投等債20,98,40,58,富邦-苗栗,2024-02-15,9657
2489,瑞軒,50,1,49,富邦-苗栗,2024-02-15,9657
2606,裕民,50,2,48,富邦-苗栗,2024-02-15,9657
00680L,元大美債20正2,43,0,43,富邦-苗栗,2024-02-15,9657
00712,復華富時不動產,42,1,41,富邦-苗栗,2024-02-15,9657
00720B,元大投資級公司債,39,0,39,富邦-苗栗,2024-02-15,9657
2313,華通,79,45,34,富邦-苗栗,2024-02-15,9657
00632R,元大台灣50反1,53,20,33,富邦-苗栗,2024-02-15,9657
2610,華航,32,0,32,富邦-苗栗,2024-02-15,9657
00688L,國泰20年美債正2,28,0,28,富邦-苗栗,2024-02-15,9657
3481,群創,40,17,23,富邦-苗栗,2024-02-15,9657
00751B,元大AAA至A公司債,21,0,21,富邦-苗栗,2024-02-15,9657
00918,大華優利高填息30,21,0,21,富邦-苗栗,2024-02-15,9657
2108,南帝,21,0,21,富邦-苗栗,2024-02-15,9657
1455,集盛,20,0,20,富邦-苗栗,2024-02-15,9657
3592,瑞鼎,20,0,20,富邦-苗栗,2024-02-15,9657
4123,晟德,33,13,20,富邦-苗栗,2024-02-15,9657
00878,國泰永續高股息,70,52,18,富邦-苗栗,2024-02-15,9657
2888,新光金,18,0,18,富邦-苗栗,2024-02-15,9657
2812,台中銀,19,2,17,富邦-苗栗,2024-02-15,9657
9904,寶成,15,0,15,富邦-苗栗,2024-02-15,9657
2009,第一銅,25,10,15,富邦-苗栗,2024-02-15,9657
3059,華晶科,21,6,15,富邦-苗栗,2024-02-15,9657
2002,中鋼,15,1,14,富邦-苗栗,2024-02-15,9657
5351,鈺創,14,2,12,富邦-苗栗,2024-02-15,9657
2421,建準,16,4,12,富邦-苗栗,2024-02-15,9657
1301,台塑,11,0,11,富邦-苗栗,2024-02-15,9657
8064,東捷,11,0,11,富邦-苗栗,2024-02-15,9657
3532,台勝科,11,0,11,富邦-苗栗,2024-02-15,9657
3548,兆利,14,3,11,富邦-苗栗,2024-02-15,9657
2303,聯電,24,14,10,富邦-苗栗,2024-02-15,9657
00772B,中信高評級公司債,10,0,10,富邦-苗栗,2024-02-15,9657
1102,亞泥,10,0,10,富邦-苗栗,2024-02-15,9657
6443,元晶,10,0,10,富邦-苗栗,2024-02-15,9657
9945,潤泰新,10,0,10,富邦-苗栗,2024-02-15,9657
00706L,期元大S＆P日圓正2,10,0,10,富邦-苗栗,2024-02-15,9657
00697B,元大美債7-10,10,0,10,富邦-苗栗,2024-02-15,9657
2897,王道銀行,10,0,10,富邦-苗栗,2024-02-15,9657
8222,寶一,10,0,10,富邦-苗栗,2024-02-15,9657
2484,希華,9,0,9,富邦-苗栗,2024-02-15,9657
1809,中釉,8,0,8,富邦-苗栗,2024-02-15,9657
2331,精英,8,0,8,富邦-苗栗,2024-02-15,9657
00665L,富邦�琤肭磪囓�2,100,0,100,富邦-苗栗,2024-02-16,9657
00637L,元大滬深300正2,101,15,86,富邦-苗栗,2024-02-16,9657
00687B,國泰20年美債,83,1,82,富邦-苗栗,2024-02-16,9657
00878,國泰永續高股息,81,6,75,富邦-苗栗,2024-02-16,9657
2356,英業達,81,10,71,富邦-苗栗,2024-02-16,9657
00933B,國泰10Y+金融債,69,0,69,富邦-苗栗,2024-02-16,9657
2801,彰銀,58,0,58,富邦-苗栗,2024-02-16,9657
4123,晟德,51,0,51,富邦-苗栗,2024-02-16,9657
2405,輔信,50,1,49,富邦-苗栗,2024-02-16,9657
00937B,群益ESG投等債20,36,0,36,富邦-苗栗,2024-02-16,9657
2888,新光金,32,0,32,富邦-苗栗,2024-02-16,9657
00650L,復華香港正2,30,0,30,富邦-苗栗,2024-02-16,9657
2382,廣達,33,4,29,富邦-苗栗,2024-02-16,9657
00680L,元大美債20正2,29,0,29,富邦-苗栗,2024-02-16,9657
5521,工信,30,1,29,富邦-苗栗,2024-02-16,9657
00927,群益半導體收益,29,1,28,富邦-苗栗,2024-02-16,9657
00679B,元大美債20年,27,0,27,富邦-苗栗,2024-02-16,9657
2316,楠梓電,26,0,26,富邦-苗栗,2024-02-16,9657
00632R,元大台灣50反1,35,10,25,富邦-苗栗,2024-02-16,9657
2305,全友,25,0,25,富邦-苗栗,2024-02-16,9657
1815,富喬,34,11,23,富邦-苗栗,2024-02-16,9657
3027,盛達,21,0,21,富邦-苗栗,2024-02-16,9657
6207,雷科,20,0,20,富邦-苗栗,2024-02-16,9657
00795B,中信美國公債20年,19,0,19,富邦-苗栗,2024-02-16,9657
2303,聯電,28,9,19,富邦-苗栗,2024-02-16,9657
2312,金寶,20,1,19,富邦-苗栗,2024-02-16,9657
1528,恩德,25,7,18,富邦-苗栗,2024-02-16,9657
9105,泰金寶-DR,18,0,18,富邦-苗栗,2024-02-16,9657
2537,聯上發,16,0,16,富邦-苗栗,2024-02-16,9657
00706L,期元大S＆P日圓正2,15,0,15,富邦-苗栗,2024-02-16,9657
3390,旭軟,15,0,15,富邦-苗栗,2024-02-16,9657
00931B,統一美債20年,15,0,15,富邦-苗栗,2024-02-16,9657
1101,台泥,14,0,14,富邦-苗栗,2024-02-16,9657
3532,台勝科,14,1,13,富邦-苗栗,2024-02-16,9657
3530,晶相光,16,3,13,富邦-苗栗,2024-02-16,9657
2884,玉山金,14,1,13,富邦-苗栗,2024-02-16,9657
00673R,期元大S＆P原油反1,12,0,12,富邦-苗栗,2024-02-16,9657
00891,中信關鍵半導體,11,0,11,富邦-苗栗,2024-02-16,9657
00772B,中信高評級公司債,11,0,11,富邦-苗栗,2024-02-16,9657
3231,緯創,31,21,10,富邦-苗栗,2024-02-16,9657
2367,燿華,21,11,10,富邦-苗栗,2024-02-16,9657
1809,中釉,11,1,10,富邦-苗栗,2024-02-16,9657
3622,洋華,10,0,10,富邦-苗栗,2024-02-16,9657
6139,亞翔,12,2,10,富邦-苗栗,2024-02-16,9657
2377,微星,10,0,10,富邦-苗栗,2024-02-16,9657
2409,友達,10,1,9,富邦-苗栗,2024-02-16,9657
3014,聯陽,11,2,9,富邦-苗栗,2024-02-16,9657
4915,致伸,9,0,9,富邦-苗栗,2024-02-16,9657
5009,榮剛,10,1,9,富邦-苗栗,2024-02-16,9657
5512,力麒,10,1,9,富邦-苗栗,2024-02-16,9657
00637L,元大滬深300正2,188,37,151,富邦-苗栗,2024-02-19,9657
6153,嘉聯益,140,1,139,富邦-苗栗,2024-02-19,9657
00933B,國泰10Y+金融債,81,0,81,富邦-苗栗,2024-02-19,9657
00687B,國泰20年美債,76,1,75,富邦-苗栗,2024-02-19,9657
6790,永豐實,75,0,75,富邦-苗栗,2024-02-19,9657
00900,富邦特選高股息30,101,36,65,富邦-苗栗,2024-02-19,9657
00937B,群益ESG投等債20,62,4,58,富邦-苗栗,2024-02-19,9657
8096,擎亞,60,6,54,富邦-苗栗,2024-02-19,9657
6207,雷科,52,0,52,富邦-苗栗,2024-02-19,9657
00878,國泰永續高股息,75,31,44,富邦-苗栗,2024-02-19,9657
2367,燿華,34,0,34,富邦-苗栗,2024-02-19,9657
6589,台康生技,32,0,32,富邦-苗栗,2024-02-19,9657
00753L,中信中國50正2,30,0,30,富邦-苗栗,2024-02-19,9657
2369,菱生,139,115,24,富邦-苗栗,2024-02-19,9657
2303,聯電,28,5,23,富邦-苗栗,2024-02-19,9657
0056,元大高股息,26,4,22,富邦-苗栗,2024-02-19,9657
2882,國泰金,24,2,22,富邦-苗栗,2024-02-19,9657
00673R,期元大S＆P原油反1,22,0,22,富邦-苗栗,2024-02-19,9657
9105,泰金寶-DR,24,3,21,富邦-苗栗,2024-02-19,9657
2313,華通,22,1,21,富邦-苗栗,2024-02-19,9657
2365,昆盈,70,50,20,富邦-苗栗,2024-02-19,9657
00632R,元大台灣50反1,20,0,20,富邦-苗栗,2024-02-19,9657
2353,宏��,29,9,20,富邦-苗栗,2024-02-19,9657
8404,百和興業-KY,20,0,20,富邦-苗栗,2024-02-19,9657
2801,彰銀,20,1,19,富邦-苗栗,2024-02-19,9657
00679B,元大美債20年,18,0,18,富邦-苗栗,2024-02-19,9657
00931B,統一美債20年,18,0,18,富邦-苗栗,2024-02-19,9657
4939,亞電,17,0,17,富邦-苗栗,2024-02-19,9657
02001B,統一美國政府債N,16,0,16,富邦-苗栗,2024-02-19,9657
1785,光洋科,16,0,16,富邦-苗栗,2024-02-19,9657
8213,志超,16,0,16,富邦-苗栗,2024-02-19,9657
2329,華泰,37,21,16,富邦-苗栗,2024-02-19,9657
1445,大宇,15,0,15,富邦-苗栗,2024-02-19,9657
2449,京元電子,19,5,14,富邦-苗栗,2024-02-19,9657
6231,系微,13,0,13,富邦-苗栗,2024-02-19,9657
6274,台燿,14,1,13,富邦-苗栗,2024-02-19,9657
4934,太極,12,0,12,富邦-苗栗,2024-02-19,9657
6285,啟��,12,0,12,富邦-苗栗,2024-02-19,9657
00882,中信中國高股息,11,0,11,富邦-苗栗,2024-02-19,9657
00712,復華富時不動產,15,5,10,富邦-苗栗,2024-02-19,9657
2206,三陽工業,10,0,10,富邦-苗栗,2024-02-19,9657
00706L,期元大S＆P日圓正2,10,0,10,富邦-苗栗,2024-02-19,9657
2406,國碩,10,0,10,富邦-苗栗,2024-02-19,9657
2543,皇昌,10,0,10,富邦-苗栗,2024-02-19,9657
2610,華航,10,0,10,富邦-苗栗,2024-02-19,9657
2897,王道銀行,10,0,10,富邦-苗栗,2024-02-19,9657
3217,優群,10,0,10,富邦-苗栗,2024-02-19,9657
6732,昇佳電子,11,1,10,富邦-苗栗,2024-02-19,9657
6788,華景電,10,0,10,富邦-苗栗,2024-02-19,9657
8111,立��,10,0,10,富邦-苗栗,2024-02-19,9657
5498,凱崴,225,0,225,富邦-苗栗,2024-02-20,9657
1309,台達化,100,0,100,富邦-苗栗,2024-02-20,9657
00937B,群益ESG投等債20,85,0,85,富邦-苗栗,2024-02-20,9657
3706,神達,83,0,83,富邦-苗栗,2024-02-20,9657
00919,群益台灣精選高息,141,68,73,富邦-苗栗,2024-02-20,9657
3052,夆典,71,0,71,富邦-苗栗,2024-02-20,9657
00687B,國泰20年美債,60,0,60,富邦-苗栗,2024-02-20,9657
3059,華晶科,50,0,50,富邦-苗栗,2024-02-20,9657
00673R,期元大S＆P原油反1,42,0,42,富邦-苗栗,2024-02-20,9657
3714,富采,42,0,42,富邦-苗栗,2024-02-20,9657
00679B,元大美債20年,40,0,40,富邦-苗栗,2024-02-20,9657
4960,誠美材,34,1,33,富邦-苗栗,2024-02-20,9657
1109,信大,24,0,24,富邦-苗栗,2024-02-20,9657
2401,凌陽,25,1,24,富邦-苗栗,2024-02-20,9657
3002,歐格,28,4,24,富邦-苗栗,2024-02-20,9657
8112,至上,25,1,24,富邦-苗栗,2024-02-20,9657
4714,永捷,35,13,22,富邦-苗栗,2024-02-20,9657
00878,國泰永續高股息,44,23,21,富邦-苗栗,2024-02-20,9657
2431,聯昌,22,1,21,富邦-苗栗,2024-02-20,9657
3686,達能,20,0,20,富邦-苗栗,2024-02-20,9657
9105,泰金寶-DR,22,3,19,富邦-苗栗,2024-02-20,9657
3231,緯創,30,13,17,富邦-苗栗,2024-02-20,9657
00632R,元大台灣50反1,16,0,16,富邦-苗栗,2024-02-20,9657
00931B,統一美債20年,15,0,15,富邦-苗栗,2024-02-20,9657
2329,華泰,31,16,15,富邦-苗栗,2024-02-20,9657
2477,美隆電,14,0,14,富邦-苗栗,2024-02-20,9657
8086,宏捷科,22,8,14,富邦-苗栗,2024-02-20,9657
3114,好德,13,0,13,富邦-苗栗,2024-02-20,9657
3163,波若威,17,4,13,富邦-苗栗,2024-02-20,9657
6237,驊訊,13,0,13,富邦-苗栗,2024-02-20,9657
4123,晟德,12,0,12,富邦-苗栗,2024-02-20,9657
6213,聯茂,13,1,12,富邦-苗栗,2024-02-20,9657
2605,新興,37,26,11,富邦-苗栗,2024-02-20,9657
2376,技嘉,21,10,11,富邦-苗栗,2024-02-20,9657
00688L,國泰20年美債正2,11,0,11,富邦-苗栗,2024-02-20,9657
1514,亞力,12,1,11,富邦-苗栗,2024-02-20,9657
3041,揚智,18,7,11,富邦-苗栗,2024-02-20,9657
3481,群創,12,1,11,富邦-苗栗,2024-02-20,9657
6224,聚鼎,11,0,11,富邦-苗栗,2024-02-20,9657
1513,中興電,23,13,10,富邦-苗栗,2024-02-20,9657
00773B,中信優先金融債,10,0,10,富邦-苗栗,2024-02-20,9657
1815,富喬,13,3,10,富邦-苗栗,2024-02-20,9657
2363,矽統,12,2,10,富邦-苗栗,2024-02-20,9657
2406,國碩,10,0,10,富邦-苗栗,2024-02-20,9657
2498,宏達電,15,5,10,富邦-苗栗,2024-02-20,9657
4303,信立,13,3,10,富邦-苗栗,2024-02-20,9657
6176,瑞儀,10,0,10,富邦-苗栗,2024-02-20,9657
6770,力積電,13,4,9,富邦-苗栗,2024-02-20,9657
8110,華東,29,20,9,富邦-苗栗,2024-02-20,9657
1806,冠軍,50,42,8,富邦-苗栗,2024-02-20,9657
00680L,元大美債20正2,202,4,198,富邦-苗栗,2024-02-21,9657
00919,群益台灣精選高息,219,24,195,富邦-苗栗,2024-02-21,9657
00650L,復華香港正2,100,0,100,富邦-苗栗,2024-02-21,9657
00632R,元大台灣50反1,100,0,100,富邦-苗栗,2024-02-21,9657
00665L,富邦�琤肭磪囓�2,105,16,89,富邦-苗栗,2024-02-21,9657
00933B,國泰10Y+金融債,92,10,82,富邦-苗栗,2024-02-21,9657
00937B,群益ESG投等債20,79,5,74,富邦-苗栗,2024-02-21,9657
00878,國泰永續高股息,78,14,64,富邦-苗栗,2024-02-21,9657
00712,復華富時不動產,63,0,63,富邦-苗栗,2024-02-21,9657
00688L,國泰20年美債正2,60,0,60,富邦-苗栗,2024-02-21,9657
3706,神達,57,4,53,富邦-苗栗,2024-02-21,9657
6153,嘉聯益,83,31,52,富邦-苗栗,2024-02-21,9657
8404,百和興業-KY,47,0,47,富邦-苗栗,2024-02-21,9657
1309,台達化,40,0,40,富邦-苗栗,2024-02-21,9657
2353,宏��,52,12,40,富邦-苗栗,2024-02-21,9657
4714,永捷,39,1,38,富邦-苗栗,2024-02-21,9657
00929,復華台灣科技優息,78,41,37,富邦-苗栗,2024-02-21,9657
2369,菱生,49,15,34,富邦-苗栗,2024-02-21,9657
00891,中信關鍵半導體,34,0,34,富邦-苗栗,2024-02-21,9657
3714,富采,28,1,27,富邦-苗栗,2024-02-21,9657
2609,陽明,38,12,26,富邦-苗栗,2024-02-21,9657
3057,喬鼎,26,0,26,富邦-苗栗,2024-02-21,9657
3047,訊舟,57,33,24,富邦-苗栗,2024-02-21,9657
00930,永豐ESG低碳高息,20,0,20,富邦-苗栗,2024-02-21,9657
8059,凱碩,32,13,19,富邦-苗栗,2024-02-21,9657
2303,聯電,22,4,18,富邦-苗栗,2024-02-21,9657
1316,上曜,20,2,18,富邦-苗栗,2024-02-21,9657
00679B,元大美債20年,17,0,17,富邦-苗栗,2024-02-21,9657
2888,新光金,17,1,16,富邦-苗栗,2024-02-21,9657
3481,群創,23,8,15,富邦-苗栗,2024-02-21,9657
00915,凱基優選高股息30,15,0,15,富邦-苗栗,2024-02-21,9657
3339,泰谷,15,0,15,富邦-苗栗,2024-02-21,9657
00931B,統一美債20年,14,0,14,富邦-苗栗,2024-02-21,9657
3450,聯鈞,20,6,14,富邦-苗栗,2024-02-21,9657
8096,擎亞,14,0,14,富邦-苗栗,2024-02-21,9657
2457,飛宏,13,0,13,富邦-苗栗,2024-02-21,9657
2337,旺宏,12,0,12,富邦-苗栗,2024-02-21,9657
3231,緯創,35,24,11,富邦-苗栗,2024-02-21,9657
2489,瑞軒,15,5,10,富邦-苗栗,2024-02-21,9657
00687B,國泰20年美債,10,0,10,富邦-苗栗,2024-02-21,9657
2103,台橡,10,0,10,富邦-苗栗,2024-02-21,9657
2302,麗正,10,0,10,富邦-苗栗,2024-02-21,9657
3059,華晶科,10,0,10,富邦-苗栗,2024-02-21,9657
6282,康舒,10,0,10,富邦-苗栗,2024-02-21,9657
3034,聯詠,9,0,9,富邦-苗栗,2024-02-21,9657
2356,英業達,12,3,9,富邦-苗栗,2024-02-21,9657
6116,彩晶,9,0,9,富邦-苗栗,2024-02-21,9657
2312,金寶,18,9,9,富邦-苗栗,2024-02-21,9657
2637,慧洋-KY,25,16,9,富邦-苗栗,2024-02-21,9657
6770,力積電,11,2,9,富邦-苗栗,2024-02-21,9657
00687B,國泰20年美債,103,0,103,富邦-苗栗,2024-02-22,9657
2892,第一金,91,0,91,富邦-苗栗,2024-02-22,9657
8404,百和興業-KY,73,0,73,富邦-苗栗,2024-02-22,9657
00937B,群益ESG投等債20,76,4,72,富邦-苗栗,2024-02-22,9657
00637L,元大滬深300正2,137,71,66,富邦-苗栗,2024-02-22,9657
00680L,元大美債20正2,104,48,56,富邦-苗栗,2024-02-22,9657
00679B,元大美債20年,49,0,49,富邦-苗栗,2024-02-22,9657
6790,永豐實,43,0,43,富邦-苗栗,2024-02-22,9657
00688L,國泰20年美債正2,42,0,42,富邦-苗栗,2024-02-22,9657
1309,台達化,40,0,40,富邦-苗栗,2024-02-22,9657
00933B,國泰10Y+金融債,39,0,39,富邦-苗栗,2024-02-22,9657
00712,復華富時不動產,39,7,32,富邦-苗栗,2024-02-22,9657
00753L,中信中國50正2,31,0,31,富邦-苗栗,2024-02-22,9657
4714,永捷,34,3,31,富邦-苗栗,2024-02-22,9657
00930,永豐ESG低碳高息,30,0,30,富邦-苗栗,2024-02-22,9657
2356,英業達,33,5,28,富邦-苗栗,2024-02-22,9657
2332,友訊,32,5,27,富邦-苗栗,2024-02-22,9657
3231,緯創,36,9,27,富邦-苗栗,2024-02-22,9657
2543,皇昌,31,6,25,富邦-苗栗,2024-02-22,9657
3031,佰鴻,25,0,25,富邦-苗栗,2024-02-22,9657
2313,華通,69,46,23,富邦-苗栗,2024-02-22,9657
8105,凌巨,23,1,22,富邦-苗栗,2024-02-22,9657
3059,華晶科,21,0,21,富邦-苗栗,2024-02-22,9657
3450,聯鈞,22,2,20,富邦-苗栗,2024-02-22,9657
3338,泰碩,17,0,17,富邦-苗栗,2024-02-22,9657
1316,上曜,18,1,17,富邦-苗栗,2024-02-22,9657
6770,力積電,17,0,17,富邦-苗栗,2024-02-22,9657
3062,建漢,18,2,16,富邦-苗栗,2024-02-22,9657
4974,亞泰,30,14,16,富邦-苗栗,2024-02-22,9657
1524,耿鼎,17,1,16,富邦-苗栗,2024-02-22,9657
00795B,中信美國公債20年,16,1,15,富邦-苗栗,2024-02-22,9657
6153,嘉聯益,15,0,15,富邦-苗栗,2024-02-22,9657
2609,陽明,26,12,14,富邦-苗栗,2024-02-22,9657
3163,波若威,19,5,14,富邦-苗栗,2024-02-22,9657
3346,麗清,15,1,14,富邦-苗栗,2024-02-22,9657
4534,慶騰,14,0,14,富邦-苗栗,2024-02-22,9657
5347,世界,14,0,14,富邦-苗栗,2024-02-22,9657
8289,泰藝,21,7,14,富邦-苗栗,2024-02-22,9657
00878,國泰永續高股息,34,20,14,富邦-苗栗,2024-02-22,9657
2884,玉山金,13,0,13,富邦-苗栗,2024-02-22,9657
3221,台嘉碩,16,3,13,富邦-苗栗,2024-02-22,9657
2605,新興,58,46,12,富邦-苗栗,2024-02-22,9657
2618,長榮航,11,0,11,富邦-苗栗,2024-02-22,9657
2880,華南金,12,1,11,富邦-苗栗,2024-02-22,9657
3260,威剛,12,1,11,富邦-苗栗,2024-02-22,9657
6405,悅城,11,0,11,富邦-苗栗,2024-02-22,9657
1587,吉茂,10,0,10,富邦-苗栗,2024-02-22,9657
2498,宏達電,22,12,10,富邦-苗栗,2024-02-22,9657
4440,宜新實業,10,0,10,富邦-苗栗,2024-02-22,9657
5381,合正,10,0,10,富邦-苗栗,2024-02-22,9657
00687B,國泰20年美債,100,3,97,富邦-苗栗,2024-02-23,9657
00937B,群益ESG投等債20,76,0,76,富邦-苗栗,2024-02-23,9657
4906,正文,71,1,70,富邦-苗栗,2024-02-23,9657
2313,華通,240,175,65,富邦-苗栗,2024-02-23,9657
6167,久正,72,15,57,富邦-苗栗,2024-02-23,9657
00857B,永豐20年美公債,51,0,51,富邦-苗栗,2024-02-23,9657
00712,復華富時不動產,37,0,37,富邦-苗栗,2024-02-23,9657
00918,大華優利高填息30,30,0,30,富邦-苗栗,2024-02-23,9657
00671R,富邦NASDAQ反1,30,0,30,富邦-苗栗,2024-02-23,9657
00679B,元大美債20年,27,0,27,富邦-苗栗,2024-02-23,9657
2498,宏達電,26,0,26,富邦-苗栗,2024-02-23,9657
6438,迅得,27,2,25,富邦-苗栗,2024-02-23,9657
3081,聯亞,27,4,23,富邦-苗栗,2024-02-23,9657
6153,嘉聯益,23,0,23,富邦-苗栗,2024-02-23,9657
8064,東捷,29,6,23,富邦-苗栗,2024-02-23,9657
00930,永豐ESG低碳高息,22,0,22,富邦-苗栗,2024-02-23,9657
4974,亞泰,20,0,20,富邦-苗栗,2024-02-23,9657
2836,高雄銀,20,0,20,富邦-苗栗,2024-02-23,9657
4960,誠美材,20,0,20,富邦-苗栗,2024-02-23,9657
1717,長興,25,6,19,富邦-苗栗,2024-02-23,9657
2609,陽明,30,12,18,富邦-苗栗,2024-02-23,9657
3006,晶豪科,42,25,17,富邦-苗栗,2024-02-23,9657
6770,力積電,14,0,14,富邦-苗栗,2024-02-23,9657
2329,華泰,54,40,14,富邦-苗栗,2024-02-23,9657
00632R,元大台灣50反1,12,0,12,富邦-苗栗,2024-02-23,9657
2390,云辰,12,0,12,富邦-苗栗,2024-02-23,9657
1316,上曜,18,6,12,富邦-苗栗,2024-02-23,9657
6257,矽格,16,4,12,富邦-苗栗,2024-02-23,9657
00919,群益台灣精選高息,55,44,11,富邦-苗栗,2024-02-23,9657
2408,南亞科,11,0,11,富邦-苗栗,2024-02-23,9657
2402,毅嘉,11,0,11,富邦-苗栗,2024-02-23,9657
00931B,統一美債20年,11,0,11,富邦-苗栗,2024-02-23,9657
00885,富邦越南,15,5,10,富邦-苗栗,2024-02-23,9657
1305,華夏,10,0,10,富邦-苗栗,2024-02-23,9657
2495,普安,10,0,10,富邦-苗栗,2024-02-23,9657
3264,欣銓,12,2,10,富邦-苗栗,2024-02-23,9657
8093,保銳,10,0,10,富邦-苗栗,2024-02-23,9657
1609,大亞,11,2,9,富邦-苗栗,2024-02-23,9657
2208,台船,10,1,9,富邦-苗栗,2024-02-23,9657
2352,佳世達,9,0,9,富邦-苗栗,2024-02-23,9657
2606,裕民,22,13,9,富邦-苗栗,2024-02-23,9657
3055,蔚華科,14,5,9,富邦-苗栗,2024-02-23,9657
6182,合晶,10,1,9,富邦-苗栗,2024-02-23,9657
6189,豐藝,10,1,9,富邦-苗栗,2024-02-23,9657
6425,易發,10,1,9,富邦-苗栗,2024-02-23,9657
8096,擎亞,10,1,9,富邦-苗栗,2024-02-23,9657
3231,緯創,44,36,8,富邦-苗栗,2024-02-23,9657
3234,光環,10,2,8,富邦-苗栗,2024-02-23,9657
3402,漢科,8,0,8,富邦-苗栗,2024-02-23,9657
6142,友勁,8,0,8,富邦-苗栗,2024-02-23,9657
00680L,元大美債20正2,263,2,261,富邦-苗栗,2024-02-26,9657
00878,國泰永續高股息,306,100,206,富邦-苗栗,2024-02-26,9657
00687B,國泰20年美債,95,1,94,富邦-苗栗,2024-02-26,9657
00679B,元大美債20年,75,5,70,富邦-苗栗,2024-02-26,9657
00937B,群益ESG投等債20,120,51,69,富邦-苗栗,2024-02-26,9657
00919,群益台灣精選高息,89,30,59,富邦-苗栗,2024-02-26,9657
00712,復華富時不動產,60,10,50,富邦-苗栗,2024-02-26,9657
0056,元大高股息,51,6,45,富邦-苗栗,2024-02-26,9657
2313,華通,86,44,42,富邦-苗栗,2024-02-26,9657
2303,聯電,43,4,39,富邦-苗栗,2024-02-26,9657
1529,樂事綠能,44,5,39,富邦-苗栗,2024-02-26,9657
1609,大亞,61,23,38,富邦-苗栗,2024-02-26,9657
2486,一詮,50,14,36,富邦-苗栗,2024-02-26,9657
3481,群創,32,4,28,富邦-苗栗,2024-02-26,9657
00715L,期街口布蘭特正2,26,0,26,富邦-苗栗,2024-02-26,9657
00891,中信關鍵半導體,35,12,23,富邦-苗栗,2024-02-26,9657
00933B,國泰10Y+金融債,29,6,23,富邦-苗栗,2024-02-26,9657
3714,富采,21,0,21,富邦-苗栗,2024-02-26,9657
8404,百和興業-KY,30,10,20,富邦-苗栗,2024-02-26,9657
3712,永崴投控,23,3,20,富邦-苗栗,2024-02-26,9657
3296,勝德,19,1,18,富邦-苗栗,2024-02-26,9657
2409,友達,20,3,17,富邦-苗栗,2024-02-26,9657
4109,加捷生醫,39,23,16,富邦-苗栗,2024-02-26,9657
2836,高雄銀,15,0,15,富邦-苗栗,2024-02-26,9657
6142,友勁,18,3,15,富邦-苗栗,2024-02-26,9657
2002,中鋼,14,0,14,富邦-苗栗,2024-02-26,9657
2337,旺宏,14,0,14,富邦-苗栗,2024-02-26,9657
1514,亞力,52,39,13,富邦-苗栗,2024-02-26,9657
00632R,元大台灣50反1,12,0,12,富邦-苗栗,2024-02-26,9657
2605,新興,50,38,12,富邦-苗栗,2024-02-26,9657
6530,創威,16,4,12,富邦-苗栗,2024-02-26,9657
5871,中租-KY,11,0,11,富邦-苗栗,2024-02-26,9657
1815,富喬,11,0,11,富邦-苗栗,2024-02-26,9657
2477,美隆電,11,0,11,富邦-苗栗,2024-02-26,9657
3312,弘憶股,13,2,11,富邦-苗栗,2024-02-26,9657
8114,振樺電,11,0,11,富邦-苗栗,2024-02-26,9657
8255,朋程,11,0,11,富邦-苗栗,2024-02-26,9657
1717,長興,17,6,11,富邦-苗栗,2024-02-26,9657
1524,耿鼎,11,1,10,富邦-苗栗,2024-02-26,9657
2329,華泰,25,15,10,富邦-苗栗,2024-02-26,9657
4908,前鼎,29,19,10,富邦-苗栗,2024-02-26,9657
6712,長聖,11,1,10,富邦-苗栗,2024-02-26,9657
00655L,國泰中國A50正2,10,0,10,富邦-苗栗,2024-02-26,9657
1587,吉茂,10,0,10,富邦-苗栗,2024-02-26,9657
2884,玉山金,13,3,10,富邦-苗栗,2024-02-26,9657
6167,久正,10,0,10,富邦-苗栗,2024-02-26,9657
8215,明基材,10,0,10,富邦-苗栗,2024-02-26,9657
00923,群益台ESG低碳50,20,10,10,富邦-苗栗,2024-02-26,9657
3037,欣興,23,13,10,富邦-苗栗,2024-02-26,9657
00934,中信成長高股息,10,1,9,富邦-苗栗,2024-02-26,9657
00937B,群益ESG投等債20,190,0,190,富邦-苗栗,2024-02-27,9657
00878,國泰永續高股息,230,40,190,富邦-苗栗,2024-02-27,9657
8091,翔名,152,0,152,富邦-苗栗,2024-02-27,9657
2313,華通,244,127,117,富邦-苗栗,2024-02-27,9657
00680L,元大美債20正2,106,1,105,富邦-苗栗,2024-02-27,9657
00929,復華台灣科技優息,191,100,91,富邦-苗栗,2024-02-27,9657
00918,大華優利高填息30,80,0,80,富邦-苗栗,2024-02-27,9657
8926,台汽電,51,4,47,富邦-苗栗,2024-02-27,9657
5498,凱崴,46,1,45,富邦-苗栗,2024-02-27,9657
1316,上曜,48,5,43,富邦-苗栗,2024-02-27,9657
6147,頎邦,40,0,40,富邦-苗栗,2024-02-27,9657
3094,聯傑,38,0,38,富邦-苗栗,2024-02-27,9657
1309,台達化,37,0,37,富邦-苗栗,2024-02-27,9657
2337,旺宏,37,1,36,富邦-苗栗,2024-02-27,9657
00687B,國泰20年美債,37,1,36,富邦-苗栗,2024-02-27,9657
1504,東元,37,1,36,富邦-苗栗,2024-02-27,9657
00679B,元大美債20年,34,2,32,富邦-苗栗,2024-02-27,9657
00933B,國泰10Y+金融債,30,1,29,富邦-苗栗,2024-02-27,9657
6153,嘉聯益,29,0,29,富邦-苗栗,2024-02-27,9657
00673R,期元大S＆P原油反1,25,0,25,富邦-苗栗,2024-02-27,9657
2477,美隆電,25,0,25,富邦-苗栗,2024-02-27,9657
3037,欣興,29,5,24,富邦-苗栗,2024-02-27,9657
1513,中興電,52,29,23,富邦-苗栗,2024-02-27,9657
5521,工信,22,0,22,富邦-苗栗,2024-02-27,9657
6712,長聖,20,0,20,富邦-苗栗,2024-02-27,9657
2009,第一銅,18,0,18,富邦-苗栗,2024-02-27,9657
2605,新興,34,16,18,富邦-苗栗,2024-02-27,9657
3360,尚立,20,2,18,富邦-苗栗,2024-02-27,9657
6213,聯茂,18,0,18,富邦-苗栗,2024-02-27,9657
2002,中鋼,26,10,16,富邦-苗栗,2024-02-27,9657
8404,百和興業-KY,15,0,15,富邦-苗栗,2024-02-27,9657
3149,正達,36,22,14,富邦-苗栗,2024-02-27,9657
6113,亞矽,14,0,14,富邦-苗栗,2024-02-27,9657
2388,威盛,18,5,13,富邦-苗栗,2024-02-27,9657
00712,復華富時不動產,12,0,12,富邦-苗栗,2024-02-27,9657
2108,南帝,12,0,12,富邦-苗栗,2024-02-27,9657
3234,光環,13,1,12,富邦-苗栗,2024-02-27,9657
3687,歐買尬,12,0,12,富邦-苗栗,2024-02-27,9657
6138,茂達,12,0,12,富邦-苗栗,2024-02-27,9657
6285,啟��,14,2,12,富邦-苗栗,2024-02-27,9657
4904,遠傳,12,0,12,富邦-苗栗,2024-02-27,9657
2301,光寶科,13,1,12,富邦-苗栗,2024-02-27,9657
1101,台泥,11,0,11,富邦-苗栗,2024-02-27,9657
1717,長興,30,19,11,富邦-苗栗,2024-02-27,9657
2637,慧洋-KY,19,8,11,富邦-苗栗,2024-02-27,9657
3163,波若威,28,17,11,富邦-苗栗,2024-02-27,9657
2834,臺企銀,12,1,11,富邦-苗栗,2024-02-27,9657
2609,陽明,13,3,10,富邦-苗栗,2024-02-27,9657
3455,由田,10,0,10,富邦-苗栗,2024-02-27,9657
3711,日月光投控,10,0,10,富邦-苗栗,2024-02-27,9657
00919,群益台灣精選高息,138,17,121,富邦-苗栗,2024-02-29,9657
00687B,國泰20年美債,119,10,109,富邦-苗栗,2024-02-29,9657
5521,工信,100,0,100,富邦-苗栗,2024-02-29,9657
00937B,群益ESG投等債20,107,19,88,富邦-苗栗,2024-02-29,9657
00632R,元大台灣50反1,64,0,64,富邦-苗栗,2024-02-29,9657
1101,台泥,56,1,55,富邦-苗栗,2024-02-29,9657
00878,國泰永續高股息,53,1,52,富邦-苗栗,2024-02-29,9657
8091,翔名,44,0,44,富邦-苗栗,2024-02-29,9657
6477,安集,40,0,40,富邦-苗栗,2024-02-29,9657
2313,華通,35,0,35,富邦-苗栗,2024-02-29,9657
00712,復華富時不動產,33,0,33,富邦-苗栗,2024-02-29,9657
2477,美隆電,31,0,31,富邦-苗栗,2024-02-29,9657
1503,士電,43,12,31,富邦-苗栗,2024-02-29,9657
00933B,國泰10Y+金融債,26,0,26,富邦-苗栗,2024-02-29,9657
2838,聯邦銀,25,0,25,富邦-苗栗,2024-02-29,9657
00673R,期元大S＆P原油反1,23,0,23,富邦-苗栗,2024-02-29,9657
9105,泰金寶-DR,23,0,23,富邦-苗栗,2024-02-29,9657
1309,台達化,20,0,20,富邦-苗栗,2024-02-29,9657
00929,復華台灣科技優息,67,48,19,富邦-苗栗,2024-02-29,9657
00753L,中信中國50正2,19,1,18,富邦-苗栗,2024-02-29,9657
1201,味全,18,0,18,富邦-苗栗,2024-02-29,9657
1314,中石化,19,1,18,富邦-苗栗,2024-02-29,9657
2108,南帝,16,0,16,富邦-苗栗,2024-02-29,9657
2543,皇昌,16,0,16,富邦-苗栗,2024-02-29,9657
00679B,元大美債20年,15,0,15,富邦-苗栗,2024-02-29,9657
00915,凱基優選高股息30,15,0,15,富邦-苗栗,2024-02-29,9657
2495,普安,15,0,15,富邦-苗栗,2024-02-29,9657
3037,欣興,13,0,13,富邦-苗栗,2024-02-29,9657
3532,台勝科,13,0,13,富邦-苗栗,2024-02-29,9657
6770,力積電,13,1,12,富邦-苗栗,2024-02-29,9657
2402,毅嘉,12,0,12,富邦-苗栗,2024-02-29,9657
2363,矽統,15,3,12,富邦-苗栗,2024-02-29,9657
1815,富喬,42,31,11,富邦-苗栗,2024-02-29,9657
2748,雲品,11,0,11,富邦-苗栗,2024-02-29,9657
4960,誠美材,11,0,11,富邦-苗栗,2024-02-29,9657
6113,亞矽,13,2,11,富邦-苗栗,2024-02-29,9657
6285,啟��,11,0,11,富邦-苗栗,2024-02-29,9657
1905,華紙,10,0,10,富邦-苗栗,2024-02-29,9657
6712,長聖,10,0,10,富邦-苗栗,2024-02-29,9657
3372,典範,30,20,10,富邦-苗栗,2024-02-29,9657
1522,堤維西,21,12,9,富邦-苗栗,2024-02-29,9657
00918,大華優利高填息30,10,1,9,富邦-苗栗,2024-02-29,9657
1711,永光,19,10,9,富邦-苗栗,2024-02-29,9657
1721,三晃,11,2,9,富邦-苗栗,2024-02-29,9657
2617,台航,19,10,9,富邦-苗栗,2024-02-29,9657
3324,雙鴻,12,3,9,富邦-苗栗,2024-02-29,9657
6217,中探針,9,0,9,富邦-苗栗,2024-02-29,9657
2449,京元電子,12,4,8,富邦-苗栗,2024-02-29,9657
6153,嘉聯益,8,0,8,富邦-苗栗,2024-02-29,9657
00751B,元大AAA至A公司債,7,0,7,富邦-苗栗,2024-02-29,9657
00919,群益台灣精選高息,373,41,332,富邦-苗栗,2024-03-01,9657
00857B,永豐20年美公債,142,0,142,富邦-苗栗,2024-03-01,9657
00937B,群益ESG投等債20,119,12,107,富邦-苗栗,2024-03-01,9657
1303,南亞,52,1,51,富邦-苗栗,2024-03-01,9657
2892,第一金,52,3,49,富邦-苗栗,2024-03-01,9657
3094,聯傑,40,0,40,富邦-苗栗,2024-03-01,9657
3338,泰碩,61,27,34,富邦-苗栗,2024-03-01,9657
3706,神達,32,1,31,富邦-苗栗,2024-03-01,9657
00687B,國泰20年美債,31,0,31,富邦-苗栗,2024-03-01,9657
3128,昇銳,31,1,30,富邦-苗栗,2024-03-01,9657
8085,福華,33,5,28,富邦-苗栗,2024-03-01,9657
00933B,國泰10Y+金融債,27,1,26,富邦-苗栗,2024-03-01,9657
2369,菱生,31,5,26,富邦-苗栗,2024-03-01,9657
6127,九豪,31,6,25,富邦-苗栗,2024-03-01,9657
6282,康舒,36,14,22,富邦-苗栗,2024-03-01,9657
3227,原相,21,0,21,富邦-苗栗,2024-03-01,9657
3360,尚立,41,20,21,富邦-苗栗,2024-03-01,9657
1589,永冠-KY,20,0,20,富邦-苗栗,2024-03-01,9657
1734,杏輝,20,0,20,富邦-苗栗,2024-03-01,9657
2605,新興,33,15,18,富邦-苗栗,2024-03-01,9657
2324,仁寶,25,8,17,富邦-苗栗,2024-03-01,9657
00753L,中信中國50正2,16,0,16,富邦-苗栗,2024-03-01,9657
3372,典範,21,5,16,富邦-苗栗,2024-03-01,9657
1101,台泥,16,1,15,富邦-苗栗,2024-03-01,9657
2886,兆豐金,15,0,15,富邦-苗栗,2024-03-01,9657
8068,全達,15,0,15,富邦-苗栗,2024-03-01,9657
2303,聯電,17,2,15,富邦-苗栗,2024-03-01,9657
1316,上曜,32,19,13,富邦-苗栗,2024-03-01,9657
1603,華電,13,0,13,富邦-苗栗,2024-03-01,9657
2617,台航,14,2,12,富邦-苗栗,2024-03-01,9657
2888,新光金,12,0,12,富邦-苗栗,2024-03-01,9657
6138,茂達,12,0,12,富邦-苗栗,2024-03-01,9657
2881,富邦金,16,4,12,富邦-苗栗,2024-03-01,9657
00752,中信中國50,11,0,11,富邦-苗栗,2024-03-01,9657
3530,晶相光,11,0,11,富邦-苗栗,2024-03-01,9657
00673R,期元大S＆P原油反1,10,0,10,富邦-苗栗,2024-03-01,9657
2460,建通,10,0,10,富邦-苗栗,2024-03-01,9657
2637,慧洋-KY,11,1,10,富邦-苗栗,2024-03-01,9657
5521,工信,10,0,10,富邦-苗栗,2024-03-01,9657
6873,泓德能源,10,0,10,富邦-苗栗,2024-03-01,9657
4960,誠美材,11,1,10,富邦-苗栗,2024-03-01,9657
2027,大成鋼,11,2,9,富邦-苗栗,2024-03-01,9657
3163,波若威,11,2,9,富邦-苗栗,2024-03-01,9657
6229,研通,23,14,9,富邦-苗栗,2024-03-01,9657
6535,順藥,11,2,9,富邦-苗栗,2024-03-01,9657
8936,國統,10,1,9,富邦-苗栗,2024-03-01,9657
2383,台光電,9,0,9,富邦-苗栗,2024-03-01,9657
1584,精剛,8,0,8,富邦-苗栗,2024-03-01,9657
6435,大中,10,2,8,富邦-苗栗,2024-03-01,9657
3702,大聯大,7,0,7,富邦-苗栗,2024-03-01,9657
00673R,期元大S＆P原油反1,180,0,180,富邦-苗栗,2024-03-04,9657
00919,群益台灣精選高息,180,13,167,富邦-苗栗,2024-03-04,9657
00918,大華優利高填息30,97,1,96,富邦-苗栗,2024-03-04,9657
00937B,群益ESG投等債20,176,99,77,富邦-苗栗,2024-03-04,9657
2408,南亞科,61,10,51,富邦-苗栗,2024-03-04,9657
00930,永豐ESG低碳高息,50,0,50,富邦-苗栗,2024-03-04,9657
6770,力積電,56,7,49,富邦-苗栗,2024-03-04,9657
6282,康舒,52,4,48,富邦-苗栗,2024-03-04,9657
2485,兆赫,52,10,42,富邦-苗栗,2024-03-04,9657
1309,台達化,40,0,40,富邦-苗栗,2024-03-04,9657
1905,華紙,60,25,35,富邦-苗栗,2024-03-04,9657
00680L,元大美債20正2,70,37,33,富邦-苗栗,2024-03-04,9657
2302,麗正,32,0,32,富邦-苗栗,2024-03-04,9657
2002,中鋼,30,3,27,富邦-苗栗,2024-03-04,9657
1513,中興電,66,40,26,富邦-苗栗,2024-03-04,9657
2610,華航,23,0,23,富邦-苗栗,2024-03-04,9657
1514,亞力,34,12,22,富邦-苗栗,2024-03-04,9657
00757,統一FANG+,23,1,22,富邦-苗栗,2024-03-04,9657
00933B,國泰10Y+金融債,47,27,20,富邦-苗栗,2024-03-04,9657
6127,九豪,19,1,18,富邦-苗栗,2024-03-04,9657
00915,凱基優選高股息30,16,0,16,富邦-苗栗,2024-03-04,9657
1316,上曜,20,5,15,富邦-苗栗,2024-03-04,9657
00762,元大全球AI,15,0,15,富邦-苗栗,2024-03-04,9657
00687B,國泰20年美債,30,15,15,富邦-苗栗,2024-03-04,9657
2617,台航,14,0,14,富邦-苗栗,2024-03-04,9657
3360,尚立,20,7,13,富邦-苗栗,2024-03-04,9657
3380,明泰,14,1,13,富邦-苗栗,2024-03-04,9657
2812,台中銀,13,0,13,富邦-苗栗,2024-03-04,9657
4979,華星光,16,4,12,富邦-苗栗,2024-03-04,9657
1584,精剛,12,0,12,富邦-苗栗,2024-03-04,9657
2369,菱生,22,10,12,富邦-苗栗,2024-03-04,9657
6139,亞翔,17,5,12,富邦-苗栗,2024-03-04,9657
8064,東捷,13,1,12,富邦-苗栗,2024-03-04,9657
1101,台泥,15,3,12,富邦-苗栗,2024-03-04,9657
1701,中化,11,0,11,富邦-苗栗,2024-03-04,9657
2903,遠百,11,0,11,富邦-苗栗,2024-03-04,9657
3317,尼克森,11,0,11,富邦-苗栗,2024-03-04,9657
6113,亞矽,13,2,11,富邦-苗栗,2024-03-04,9657
8105,凌巨,11,0,11,富邦-苗栗,2024-03-04,9657
2431,聯昌,10,0,10,富邦-苗栗,2024-03-04,9657
2488,漢平,10,0,10,富邦-苗栗,2024-03-04,9657
2633,台灣高鐵,10,0,10,富邦-苗栗,2024-03-04,9657
3264,欣銓,14,4,10,富邦-苗栗,2024-03-04,9657
4526,東台,10,0,10,富邦-苗栗,2024-03-04,9657
5512,力麒,10,0,10,富邦-苗栗,2024-03-04,9657
00690,兆豐藍籌30,15,6,9,富邦-苗栗,2024-03-04,9657
3041,揚智,10,1,9,富邦-苗栗,2024-03-04,9657
3354,律勝,23,14,9,富邦-苗栗,2024-03-04,9657
6167,久正,9,0,9,富邦-苗栗,2024-03-04,9657
00934,中信成長高股息,11,2,9,富邦-苗栗,2024-03-04,9657
2812,台中銀,200,4,196,富邦-苗栗,2024-03-05,9657
00918,大華優利高填息30,142,0,142,富邦-苗栗,2024-03-05,9657
00919,群益台灣精選高息,115,15,100,富邦-苗栗,2024-03-05,9657
00882,中信中國高股息,102,6,96,富邦-苗栗,2024-03-05,9657
00937B,群益ESG投等債20,78,2,76,富邦-苗栗,2024-03-05,9657
2486,一詮,64,2,62,富邦-苗栗,2024-03-05,9657
3297,杭特,60,3,57,富邦-苗栗,2024-03-05,9657
00929,復華台灣科技優息,81,28,53,富邦-苗栗,2024-03-05,9657
3481,群創,54,4,50,富邦-苗栗,2024-03-05,9657
00915,凱基優選高股息30,43,0,43,富邦-苗栗,2024-03-05,9657
3289,宜特,30,0,30,富邦-苗栗,2024-03-05,9657
2002,中鋼,28,4,24,富邦-苗栗,2024-03-05,9657
3230,錦明,22,0,22,富邦-苗栗,2024-03-05,9657
00930,永豐ESG低碳高息,20,0,20,富邦-苗栗,2024-03-05,9657
2542,興富發,20,0,20,富邦-苗栗,2024-03-05,9657
3094,聯傑,20,0,20,富邦-苗栗,2024-03-05,9657
2313,華通,33,16,17,富邦-苗栗,2024-03-05,9657
2324,仁寶,18,2,16,富邦-苗栗,2024-03-05,9657
1513,中興電,49,33,16,富邦-苗栗,2024-03-05,9657
1905,華紙,16,0,16,富邦-苗栗,2024-03-05,9657
1409,新纖,23,8,15,富邦-苗栗,2024-03-05,9657
3081,聯亞,16,1,15,富邦-苗栗,2024-03-05,9657
00753L,中信中國50正2,20,5,15,富邦-苗栗,2024-03-05,9657
5521,工信,15,0,15,富邦-苗栗,2024-03-05,9657
00665L,富邦�琤肭磪囓�2,14,0,14,富邦-苗栗,2024-03-05,9657
8064,東捷,18,6,12,富邦-苗栗,2024-03-05,9657
2615,萬海,22,11,11,富邦-苗栗,2024-03-05,9657
2609,陽明,23,12,11,富邦-苗栗,2024-03-05,9657
3372,典範,67,56,11,富邦-苗栗,2024-03-05,9657
3652,精聯,11,0,11,富邦-苗栗,2024-03-05,9657
1303,南亞,10,0,10,富邦-苗栗,2024-03-05,9657
6712,長聖,10,0,10,富邦-苗栗,2024-03-05,9657
00680L,元大美債20正2,10,0,10,富邦-苗栗,2024-03-05,9657
2501,國建,10,0,10,富邦-苗栗,2024-03-05,9657
4974,亞泰,10,0,10,富邦-苗栗,2024-03-05,9657
2887,台新金,10,0,10,富邦-苗栗,2024-03-05,9657
2382,廣達,12,3,9,富邦-苗栗,2024-03-05,9657
2301,光寶科,11,2,9,富邦-苗栗,2024-03-05,9657
3691,碩禾,9,0,9,富邦-苗栗,2024-03-05,9657
6126,信音,10,1,9,富邦-苗栗,2024-03-05,9657
2340,台亞,10,2,8,富邦-苗栗,2024-03-05,9657
2355,敬鵬,12,4,8,富邦-苗栗,2024-03-05,9657
2504,國產,9,1,8,富邦-苗栗,2024-03-05,9657
8092,建暐,8,0,8,富邦-苗栗,2024-03-05,9657
3450,聯鈞,17,9,8,富邦-苗栗,2024-03-05,9657
2882,國泰金,9,1,8,富邦-苗栗,2024-03-05,9657
00679B,元大美債20年,13,5,8,富邦-苗栗,2024-03-05,9657
3260,威剛,7,0,7,富邦-苗栗,2024-03-05,9657
6104,創惟,7,0,7,富邦-苗栗,2024-03-05,9657
1503,士電,23,16,7,富邦-苗栗,2024-03-05,9657
00919,群益台灣精選高息,1117,22,1095,富邦-苗栗,2024-03-06,9657
00937B,群益ESG投等債20,272,7,265,富邦-苗栗,2024-03-06,9657
00712,復華富時不動產,100,0,100,富邦-苗栗,2024-03-06,9657
00915,凱基優選高股息30,64,0,64,富邦-苗栗,2024-03-06,9657
00632R,元大台灣50反1,51,0,51,富邦-苗栗,2024-03-06,9657
00637L,元大滬深300正2,50,0,50,富邦-苗栗,2024-03-06,9657
3372,典範,57,10,47,富邦-苗栗,2024-03-06,9657
00918,大華優利高填息30,53,11,42,富邦-苗栗,2024-03-06,9657
3094,聯傑,40,0,40,富邦-苗栗,2024-03-06,9657
3163,波若威,45,8,37,富邦-苗栗,2024-03-06,9657
2618,長榮航,38,5,33,富邦-苗栗,2024-03-06,9657
00676R,富邦臺灣加權反1,91,61,30,富邦-苗栗,2024-03-06,9657
6120,達運,27,0,27,富邦-苗栗,2024-03-06,9657
3481,群創,22,2,20,富邦-苗栗,2024-03-06,9657
2498,宏達電,32,12,20,富邦-苗栗,2024-03-06,9657
6163,華電網,23,3,20,富邦-苗栗,2024-03-06,9657
2027,大成鋼,40,20,20,富邦-苗栗,2024-03-06,9657
8070,長華*,20,2,18,富邦-苗栗,2024-03-06,9657
6282,康舒,26,10,16,富邦-苗栗,2024-03-06,9657
8064,東捷,19,3,16,富邦-苗栗,2024-03-06,9657
1504,東元,24,9,15,富邦-苗栗,2024-03-06,9657
2485,兆赫,14,0,14,富邦-苗栗,2024-03-06,9657
6589,台康生技,13,0,13,富邦-苗栗,2024-03-06,9657
2367,燿華,34,22,12,富邦-苗栗,2024-03-06,9657
6116,彩晶,14,2,12,富邦-苗栗,2024-03-06,9657
2464,盟立,12,0,12,富邦-苗栗,2024-03-06,9657
3483,力致,14,2,12,富邦-苗栗,2024-03-06,9657
1303,南亞,12,0,12,富邦-苗栗,2024-03-06,9657
2812,台中銀,12,0,12,富邦-苗栗,2024-03-06,9657
2332,友訊,11,0,11,富邦-苗栗,2024-03-06,9657
5439,高技,13,2,11,富邦-苗栗,2024-03-06,9657
5488,松普,11,0,11,富邦-苗栗,2024-03-06,9657
1503,士電,12,2,10,富邦-苗栗,2024-03-06,9657
1324,地球,10,0,10,富邦-苗栗,2024-03-06,9657
1721,三晃,12,2,10,富邦-苗栗,2024-03-06,9657
3217,優群,10,0,10,富邦-苗栗,2024-03-06,9657
6167,久正,10,0,10,富邦-苗栗,2024-03-06,9657
6873,泓德能源,10,0,10,富邦-苗栗,2024-03-06,9657
2352,佳世達,9,0,9,富邦-苗栗,2024-03-06,9657
2515,中工,11,2,9,富邦-苗栗,2024-03-06,9657
2356,英業達,12,4,8,富邦-苗栗,2024-03-06,9657
2615,萬海,8,0,8,富邦-苗栗,2024-03-06,9657
3149,正達,16,8,8,富邦-苗栗,2024-03-06,9657
3516,亞帝歐,12,4,8,富邦-苗栗,2024-03-06,9657
8034,榮群,9,1,8,富邦-苗栗,2024-03-06,9657
2002,中鋼,9,2,7,富邦-苗栗,2024-03-06,9657
1101,台泥,7,0,7,富邦-苗栗,2024-03-06,9657
8926,台汽電,7,0,7,富邦-苗栗,2024-03-06,9657
6125,廣運,51,44,7,富邦-苗栗,2024-03-06,9657
1514,亞力,26,19,7,富邦-苗栗,2024-03-06,9657
2486,一詮,346,8,338,富邦-苗栗,2024-03-07,9657
00919,群益台灣精選高息,290,108,182,富邦-苗栗,2024-03-07,9657
00632R,元大台灣50反1,171,0,171,富邦-苗栗,2024-03-07,9657
00878,國泰永續高股息,116,30,86,富邦-苗栗,2024-03-07,9657
6282,康舒,80,1,79,富邦-苗栗,2024-03-07,9657
00679B,元大美債20年,60,0,60,富邦-苗栗,2024-03-07,9657
5521,工信,96,39,57,富邦-苗栗,2024-03-07,9657
00915,凱基優選高股息30,57,5,52,富邦-苗栗,2024-03-07,9657
00637L,元大滬深300正2,50,0,50,富邦-苗栗,2024-03-07,9657
2367,燿華,77,27,50,富邦-苗栗,2024-03-07,9657
3059,華晶科,45,0,45,富邦-苗栗,2024-03-07,9657
00680L,元大美債20正2,40,4,36,富邦-苗栗,2024-03-07,9657
3481,群創,37,2,35,富邦-苗栗,2024-03-07,9657
2313,華通,102,68,34,富邦-苗栗,2024-03-07,9657
6290,良維,34,0,34,富邦-苗栗,2024-03-07,9657
3702,大聯大,38,6,32,富邦-苗栗,2024-03-07,9657
1316,上曜,44,13,31,富邦-苗栗,2024-03-07,9657
3645,達邁,31,0,31,富邦-苗栗,2024-03-07,9657
3231,緯創,49,19,30,富邦-苗栗,2024-03-07,9657
6579,研揚,29,3,26,富邦-苗栗,2024-03-07,9657
2421,建準,36,11,25,富邦-苗栗,2024-03-07,9657
00676R,富邦臺灣加權反1,29,4,25,富邦-苗栗,2024-03-07,9657
00904,新光臺灣半導體30,25,1,24,富邦-苗栗,2024-03-07,9657
6125,廣運,34,10,24,富邦-苗栗,2024-03-07,9657
00918,大華優利高填息30,25,2,23,富邦-苗栗,2024-03-07,9657
6153,嘉聯益,28,5,23,富邦-苗栗,2024-03-07,9657
00891,中信關鍵半導體,24,1,23,富邦-苗栗,2024-03-07,9657
6167,久正,22,0,22,富邦-苗栗,2024-03-07,9657
2883,凱基金,58,37,21,富邦-苗栗,2024-03-07,9657
2402,毅嘉,26,5,21,富邦-苗栗,2024-03-07,9657
6160,欣技,20,0,20,富邦-苗栗,2024-03-07,9657
3094,聯傑,31,12,19,富邦-苗栗,2024-03-07,9657
4939,亞電,16,0,16,富邦-苗栗,2024-03-07,9657
3006,晶豪科,15,0,15,富邦-苗栗,2024-03-07,9657
1785,光洋科,19,5,14,富邦-苗栗,2024-03-07,9657
1471,首利,16,2,14,富邦-苗栗,2024-03-07,9657
2855,統一證,14,0,14,富邦-苗栗,2024-03-07,9657
2417,圓剛,18,6,12,富邦-苗栗,2024-03-07,9657
1605,華新,14,3,11,富邦-苗栗,2024-03-07,9657
1815,富喬,25,14,11,富邦-苗栗,2024-03-07,9657
00877,復華中國5G,11,0,11,富邦-苗栗,2024-03-07,9657
2477,美隆電,11,0,11,富邦-苗栗,2024-03-07,9657
6126,信音,11,0,11,富邦-苗栗,2024-03-07,9657
00927,群益半導體收益,14,4,10,富邦-苗栗,2024-03-07,9657
2355,敬鵬,12,2,10,富邦-苗栗,2024-03-07,9657
6770,力積電,15,5,10,富邦-苗栗,2024-03-07,9657
2880,華南金,10,0,10,富邦-苗栗,2024-03-07,9657
1905,華紙,11,2,9,富邦-苗栗,2024-03-07,9657
00922,國泰台灣領袖50,9,0,9,富邦-苗栗,2024-03-07,9657
00934,中信成長高股息,10,1,9,富邦-苗栗,2024-03-07,9657
2486,一詮,105,12,93,富邦-苗栗,2024-03-08,9657
0056,元大高股息,97,7,90,富邦-苗栗,2024-03-08,9657
00918,大華優利高填息30,69,2,67,富邦-苗栗,2024-03-08,9657
00632R,元大台灣50反1,115,50,65,富邦-苗栗,2024-03-08,9657
00891,中信關鍵半導體,61,0,61,富邦-苗栗,2024-03-08,9657
00633L,富邦上証正2,52,0,52,富邦-苗栗,2024-03-08,9657
00687B,國泰20年美債,65,13,52,富邦-苗栗,2024-03-08,9657
00679B,元大美債20年,54,3,51,富邦-苗栗,2024-03-08,9657
00637L,元大滬深300正2,50,2,48,富邦-苗栗,2024-03-08,9657
00676R,富邦臺灣加權反1,41,1,40,富邦-苗栗,2024-03-08,9657
6160,欣技,40,0,40,富邦-苗栗,2024-03-08,9657
00905,FT臺灣Smart,35,0,35,富邦-苗栗,2024-03-08,9657
1312,國喬,30,0,30,富邦-苗栗,2024-03-08,9657
6167,久正,30,1,29,富邦-苗栗,2024-03-08,9657
1517,利奇,60,33,27,富邦-苗栗,2024-03-08,9657
6224,聚鼎,25,0,25,富邦-苗栗,2024-03-08,9657
3481,群創,30,7,23,富邦-苗栗,2024-03-08,9657
6770,力積電,27,5,22,富邦-苗栗,2024-03-08,9657
2836,高雄銀,20,0,20,富邦-苗栗,2024-03-08,9657
6125,廣運,36,18,18,富邦-苗栗,2024-03-08,9657
00930,永豐ESG低碳高息,18,0,18,富邦-苗栗,2024-03-08,9657
2329,華泰,33,16,17,富邦-苗栗,2024-03-08,9657
2201,裕隆,16,0,16,富邦-苗栗,2024-03-08,9657
02001B,統一美國政府債N,16,0,16,富邦-苗栗,2024-03-08,9657
2344,華邦電,16,0,16,富邦-苗栗,2024-03-08,9657
6274,台燿,18,2,16,富邦-苗栗,2024-03-08,9657
3265,台星科,16,1,15,富邦-苗栗,2024-03-08,9657
00901,永豐智能車供應鏈,15,0,15,富邦-苗栗,2024-03-08,9657
2402,毅嘉,36,22,14,富邦-苗栗,2024-03-08,9657
1605,華新,14,0,14,富邦-苗栗,2024-03-08,9657
3702,大聯大,22,9,13,富邦-苗栗,2024-03-08,9657
2855,統一證,23,10,13,富邦-苗栗,2024-03-08,9657
5488,松普,15,2,13,富邦-苗栗,2024-03-08,9657
1303,南亞,13,1,12,富邦-苗栗,2024-03-08,9657
3169,亞信,13,1,12,富邦-苗栗,2024-03-08,9657
00680L,元大美債20正2,17,5,12,富邦-苗栗,2024-03-08,9657
1471,首利,13,1,12,富邦-苗栗,2024-03-08,9657
2477,美隆電,12,0,12,富邦-苗栗,2024-03-08,9657
9105,泰金寶-DR,12,0,12,富邦-苗栗,2024-03-08,9657
1815,富喬,14,3,11,富邦-苗栗,2024-03-08,9657
00888,永豐台灣ESG,11,0,11,富邦-苗栗,2024-03-08,9657
00673R,期元大S＆P原油反1,11,0,11,富邦-苗栗,2024-03-08,9657
3021,鴻名,12,1,11,富邦-苗栗,2024-03-08,9657
3094,聯傑,12,1,11,富邦-苗栗,2024-03-08,9657
3388,崇越電,11,0,11,富邦-苗栗,2024-03-08,9657
5347,世界,24,14,10,富邦-苗栗,2024-03-08,9657
6806,森崴能源,13,3,10,富邦-苗栗,2024-03-08,9657
3163,波若威,23,13,10,富邦-苗栗,2024-03-08,9657
00697B,元大美債7-10,10,0,10,富邦-苗栗,2024-03-08,9657
1701,中化,10,0,10,富邦-苗栗,2024-03-08,9657
2884,玉山金,147,14,133,富邦-苗栗,2024-03-11,9657
1539,巨庭,70,7,63,富邦-苗栗,2024-03-11,9657
2355,敬鵬,63,0,63,富邦-苗栗,2024-03-11,9657
00715L,期街口布蘭特正2,55,0,55,富邦-苗栗,2024-03-11,9657
00915,凱基優選高股息30,59,5,54,富邦-苗栗,2024-03-11,9657
00687B,國泰20年美債,46,0,46,富邦-苗栗,2024-03-11,9657
2609,陽明,46,1,45,富邦-苗栗,2024-03-11,9657
5009,榮剛,41,0,41,富邦-苗栗,2024-03-11,9657
8171,天宇,40,1,39,富邦-苗栗,2024-03-11,9657
5347,世界,34,0,34,富邦-苗栗,2024-03-11,9657
00679B,元大美債20年,31,2,29,富邦-苗栗,2024-03-11,9657
00919,群益台灣精選高息,157,128,29,富邦-苗栗,2024-03-11,9657
3094,聯傑,28,0,28,富邦-苗栗,2024-03-11,9657
00882,中信中國高股息,27,0,27,富邦-苗栗,2024-03-11,9657
00937B,群益ESG投等債20,33,6,27,富邦-苗栗,2024-03-11,9657
00927,群益半導體收益,25,0,25,富邦-苗栗,2024-03-11,9657
00904,新光臺灣半導體30,25,0,25,富邦-苗栗,2024-03-11,9657
2303,聯電,47,24,23,富邦-苗栗,2024-03-11,9657
3702,大聯大,22,1,21,富邦-苗栗,2024-03-11,9657
6584,南俊國際,21,0,21,富邦-苗栗,2024-03-11,9657
2465,麗臺,26,6,20,富邦-苗栗,2024-03-11,9657
3059,華晶科,20,0,20,富邦-苗栗,2024-03-11,9657
8476,台境*,20,0,20,富邦-苗栗,2024-03-11,9657
9902,台火,35,16,19,富邦-苗栗,2024-03-11,9657
00676R,富邦臺灣加權反1,60,42,18,富邦-苗栗,2024-03-11,9657
3044,健鼎,18,2,16,富邦-苗栗,2024-03-11,9657
00923,群益台ESG低碳50,16,0,16,富邦-苗栗,2024-03-11,9657
6126,信音,21,6,15,富邦-苗栗,2024-03-11,9657
6163,華電網,15,0,15,富邦-苗栗,2024-03-11,9657
00830,國泰費城半導體,14,0,14,富邦-苗栗,2024-03-11,9657
2367,燿華,23,9,14,富邦-苗栗,2024-03-11,9657
00706L,期元大S＆P日圓正2,13,0,13,富邦-苗栗,2024-03-11,9657
2353,宏��,15,3,12,富邦-苗栗,2024-03-11,9657
00688L,國泰20年美債正2,12,0,12,富邦-苗栗,2024-03-11,9657
5284,jpp-KY,12,0,12,富邦-苗栗,2024-03-11,9657
8064,東捷,15,3,12,富邦-苗栗,2024-03-11,9657
1316,上曜,14,3,11,富邦-苗栗,2024-03-11,9657
1785,光洋科,12,1,11,富邦-苗栗,2024-03-11,9657
2031,新光鋼,11,0,11,富邦-苗栗,2024-03-11,9657
4974,亞泰,11,0,11,富邦-苗栗,2024-03-11,9657
6111,大宇資,11,0,11,富邦-苗栗,2024-03-11,9657
00877,復華中國5G,10,0,10,富邦-苗栗,2024-03-11,9657
2838,聯邦銀,10,0,10,富邦-苗栗,2024-03-11,9657
4529,淳紳,10,0,10,富邦-苗栗,2024-03-11,9657
6167,久正,10,0,10,富邦-苗栗,2024-03-11,9657
6425,易發,10,0,10,富邦-苗栗,2024-03-11,9657
00907,永豐優息存股,9,0,9,富邦-苗栗,2024-03-11,9657
1701,中化,10,1,9,富邦-苗栗,2024-03-11,9657
8105,凌巨,15,6,9,富邦-苗栗,2024-03-11,9657
2449,京元電子,11,3,8,富邦-苗栗,2024-03-11,9657
00632R,元大台灣50反1,205,70,135,富邦-苗栗,2024-03-12,9657
00937B,群益ESG投等債20,118,16,102,富邦-苗栗,2024-03-12,9657
00885,富邦越南,82,2,80,富邦-苗栗,2024-03-12,9657
00676R,富邦臺灣加權反1,81,27,54,富邦-苗栗,2024-03-12,9657
1539,巨庭,40,0,40,富邦-苗栗,2024-03-12,9657
00918,大華優利高填息30,38,0,38,富邦-苗栗,2024-03-12,9657
00665L,富邦�琤肭磪囓�2,46,11,35,富邦-苗栗,2024-03-12,9657
00637L,元大滬深300正2,33,0,33,富邦-苗栗,2024-03-12,9657
3221,台嘉碩,28,1,27,富邦-苗栗,2024-03-12,9657
2354,鴻準,26,8,18,富邦-苗栗,2024-03-12,9657
3702,大聯大,18,0,18,富邦-苗栗,2024-03-12,9657
2883,凱基金,43,28,15,富邦-苗栗,2024-03-12,9657
5488,松普,17,2,15,富邦-苗栗,2024-03-12,9657
8171,天宇,15,1,14,富邦-苗栗,2024-03-12,9657
9904,寶成,14,0,14,富邦-苗栗,2024-03-12,9657
1102,亞泥,13,0,13,富邦-苗栗,2024-03-12,9657
2009,第一銅,20,7,13,富邦-苗栗,2024-03-12,9657
8105,凌巨,15,2,13,富邦-苗栗,2024-03-12,9657
2451,創見,12,0,12,富邦-苗栗,2024-03-12,9657
2530,華建,12,0,12,富邦-苗栗,2024-03-12,9657
2615,萬海,13,1,12,富邦-苗栗,2024-03-12,9657
3083,網龍,12,0,12,富邦-苗栗,2024-03-12,9657
6109,亞元,12,0,12,富邦-苗栗,2024-03-12,9657
00857B,永豐20年美公債,11,0,11,富邦-苗栗,2024-03-12,9657
1815,富喬,11,0,11,富邦-苗栗,2024-03-12,9657
2812,台中銀,10,0,10,富邦-苗栗,2024-03-12,9657
2610,華航,15,5,10,富邦-苗栗,2024-03-12,9657
00697B,元大美債7-10,10,0,10,富邦-苗栗,2024-03-12,9657
00930,永豐ESG低碳高息,10,0,10,富邦-苗栗,2024-03-12,9657
1701,中化,10,0,10,富邦-苗栗,2024-03-12,9657
3030,德律,10,0,10,富邦-苗栗,2024-03-12,9657
6155,鈞寶,10,0,10,富邦-苗栗,2024-03-12,9657
9911,櫻花,9,0,9,富邦-苗栗,2024-03-12,9657
9958,世紀鋼,10,1,9,富邦-苗栗,2024-03-12,9657
1514,亞力,26,17,9,富邦-苗栗,2024-03-12,9657
2002,中鋼,10,1,9,富邦-苗栗,2024-03-12,9657
00753L,中信中國50正2,28,20,8,富邦-苗栗,2024-03-12,9657
2352,佳世達,10,2,8,富邦-苗栗,2024-03-12,9657
3712,永崴投控,8,0,8,富邦-苗栗,2024-03-12,9657
2324,仁寶,8,1,7,富邦-苗栗,2024-03-12,9657
00935,野村臺灣新科技50,8,1,7,富邦-苗栗,2024-03-12,9657
2359,所羅門,7,0,7,富邦-苗栗,2024-03-12,9657
2363,矽統,8,1,7,富邦-苗栗,2024-03-12,9657
1582,信錦,21,14,7,富邦-苗栗,2024-03-12,9657
1522,堤維西,7,1,6,富邦-苗栗,2024-03-12,9657
00730,富邦臺灣優質高息,6,0,6,富邦-苗栗,2024-03-12,9657
4977,眾達-KY,6,0,6,富邦-苗栗,2024-03-12,9657
6596,寬宏藝術,10,4,6,富邦-苗栗,2024-03-12,9657
8064,東捷,8,2,6,富邦-苗栗,2024-03-12,9657
2353,宏��,10,4,6,富邦-苗栗,2024-03-12,9657
00919,群益台灣精選高息,502,122,380,富邦-苗栗,2024-03-13,9657
00632R,元大台灣50反1,160,0,160,富邦-苗栗,2024-03-13,9657
00937B,群益ESG投等債20,126,0,126,富邦-苗栗,2024-03-13,9657
2344,華邦電,77,0,77,富邦-苗栗,2024-03-13,9657
00637L,元大滬深300正2,75,0,75,富邦-苗栗,2024-03-13,9657
00752,中信中國50,72,0,72,富邦-苗栗,2024-03-13,9657
00878,國泰永續高股息,78,7,71,富邦-苗栗,2024-03-13,9657
1539,巨庭,65,0,65,富邦-苗栗,2024-03-13,9657
2356,英業達,51,4,47,富邦-苗栗,2024-03-13,9657
3231,緯創,50,4,46,富邦-苗栗,2024-03-13,9657
3094,聯傑,40,0,40,富邦-苗栗,2024-03-13,9657
00676R,富邦臺灣加權反1,66,31,35,富邦-苗栗,2024-03-13,9657
3071,協禧,34,2,32,富邦-苗栗,2024-03-13,9657
3360,尚立,34,2,32,富邦-苗栗,2024-03-13,9657
2609,陽明,33,2,31,富邦-苗栗,2024-03-13,9657
2610,華航,31,1,30,富邦-苗栗,2024-03-13,9657
1529,樂事綠能,30,1,29,富邦-苗栗,2024-03-13,9657
4958,臻鼎-KY,28,0,28,富邦-苗栗,2024-03-13,9657
8011,台通,41,14,27,富邦-苗栗,2024-03-13,9657
00904,新光臺灣半導體30,26,0,26,富邦-苗栗,2024-03-13,9657
2367,燿華,34,11,23,富邦-苗栗,2024-03-13,9657
1608,華榮,30,8,22,富邦-苗栗,2024-03-13,9657
2363,矽統,21,0,21,富邦-苗栗,2024-03-13,9657
3711,日月光投控,21,0,21,富邦-苗栗,2024-03-13,9657
1316,上曜,22,1,21,富邦-苗栗,2024-03-13,9657
1701,中化,21,0,21,富邦-苗栗,2024-03-13,9657
3059,華晶科,21,0,21,富邦-苗栗,2024-03-13,9657
2313,華通,68,47,21,富邦-苗栗,2024-03-13,9657
2406,國碩,30,10,20,富邦-苗栗,2024-03-13,9657
6124,業強,20,0,20,富邦-苗栗,2024-03-13,9657
6167,久正,20,0,20,富邦-苗栗,2024-03-13,9657
6207,雷科,20,0,20,富邦-苗栗,2024-03-13,9657
2241,艾姆勒,35,16,19,富邦-苗栗,2024-03-13,9657
2498,宏達電,28,10,18,富邦-苗栗,2024-03-13,9657
2607,榮運,18,0,18,富邦-苗栗,2024-03-13,9657
5465,富驊,17,0,17,富邦-苗栗,2024-03-13,9657
6770,力積電,18,2,16,富邦-苗栗,2024-03-13,9657
8040,九暘,37,23,14,富邦-苗栗,2024-03-13,9657
8086,宏捷科,16,2,14,富邦-苗栗,2024-03-13,9657
3030,德律,13,0,13,富邦-苗栗,2024-03-13,9657
3702,大聯大,13,0,13,富邦-苗栗,2024-03-13,9657
5243,乙盛-KY,15,2,13,富邦-苗栗,2024-03-13,9657
6279,胡連,13,0,13,富邦-苗栗,2024-03-13,9657
2421,建準,25,13,12,富邦-苗栗,2024-03-13,9657
3338,泰碩,12,0,12,富邦-苗栗,2024-03-13,9657
00882,中信中國高股息,22,11,11,富邦-苗栗,2024-03-13,9657
00857B,永豐20年美公債,11,0,11,富邦-苗栗,2024-03-13,9657
2615,萬海,25,14,11,富邦-苗栗,2024-03-13,9657
4123,晟德,11,0,11,富邦-苗栗,2024-03-13,9657
2303,聯電,31,21,10,富邦-苗栗,2024-03-13,9657
00919,群益台灣精選高息,305,131,174,富邦-苗栗,2024-03-14,9657
2618,長榮航,73,3,70,富邦-苗栗,2024-03-14,9657
00687B,國泰20年美債,110,40,70,富邦-苗栗,2024-03-14,9657
00930,永豐ESG低碳高息,66,0,66,富邦-苗栗,2024-03-14,9657
00680L,元大美債20正2,85,30,55,富邦-苗栗,2024-03-14,9657
00918,大華優利高填息30,79,26,53,富邦-苗栗,2024-03-14,9657
2615,萬海,49,0,49,富邦-苗栗,2024-03-14,9657
2356,英業達,69,22,47,富邦-苗栗,2024-03-14,9657
00652,富邦印度,40,0,40,富邦-苗栗,2024-03-14,9657
6160,欣技,30,0,30,富邦-苗栗,2024-03-14,9657
2313,華通,50,21,29,富邦-苗栗,2024-03-14,9657
3231,緯創,43,16,27,富邦-苗栗,2024-03-14,9657
2354,鴻準,28,2,26,富邦-苗栗,2024-03-14,9657
2836,高雄銀,25,0,25,富邦-苗栗,2024-03-14,9657
2498,宏達電,22,0,22,富邦-苗栗,2024-03-14,9657
2537,聯上發,30,9,21,富邦-苗栗,2024-03-14,9657
00673R,期元大S＆P原油反1,20,0,20,富邦-苗栗,2024-03-14,9657
2038,海光,20,0,20,富邦-苗栗,2024-03-14,9657
2915,潤泰全,21,1,20,富邦-苗栗,2024-03-14,9657
6147,頎邦,25,5,20,富邦-苗栗,2024-03-14,9657
2887,台新金,23,4,19,富邦-苗栗,2024-03-14,9657
00929,復華台灣科技優息,127,108,19,富邦-苗栗,2024-03-14,9657
2323,中環,18,0,18,富邦-苗栗,2024-03-14,9657
2344,華邦電,20,3,17,富邦-苗栗,2024-03-14,9657
2408,南亞科,27,11,16,富邦-苗栗,2024-03-14,9657
1474,弘裕,16,0,16,富邦-苗栗,2024-03-14,9657
2353,宏��,16,1,15,富邦-苗栗,2024-03-14,9657
1539,巨庭,15,0,15,富邦-苗栗,2024-03-14,9657
3021,鴻名,15,0,15,富邦-苗栗,2024-03-14,9657
5299,杰力,15,0,15,富邦-苗栗,2024-03-14,9657
2402,毅嘉,14,0,14,富邦-苗栗,2024-03-14,9657
2605,新興,13,0,13,富邦-苗栗,2024-03-14,9657
2002,中鋼,17,5,12,富邦-苗栗,2024-03-14,9657
2609,陽明,13,1,12,富邦-苗栗,2024-03-14,9657
2916,滿心,12,0,12,富邦-苗栗,2024-03-14,9657
2883,凱基金,45,34,11,富邦-苗栗,2024-03-14,9657
00900,富邦特選高股息30,18,7,11,富邦-苗栗,2024-03-14,9657
2324,仁寶,11,0,11,富邦-苗栗,2024-03-14,9657
6207,雷科,10,0,10,富邦-苗栗,2024-03-14,9657
00904,新光臺灣半導體30,10,0,10,富邦-苗栗,2024-03-14,9657
00830,國泰費城半導體,10,0,10,富邦-苗栗,2024-03-14,9657
00795B,中信美國公債20年,10,0,10,富邦-苗栗,2024-03-14,9657
1723,中碳,10,0,10,富邦-苗栗,2024-03-14,9657
2832,台產,10,0,10,富邦-苗栗,2024-03-14,9657
4123,晟德,10,0,10,富邦-苗栗,2024-03-14,9657
6016,康和證,10,0,10,富邦-苗栗,2024-03-14,9657
00934,中信成長高股息,10,1,9,富邦-苗栗,2024-03-14,9657
2606,裕民,19,10,9,富邦-苗栗,2024-03-14,9657
3005,神基,16,8,8,富邦-苗栗,2024-03-14,9657
6275,元山,10,2,8,富邦-苗栗,2024-03-14,9657
00919,群益台灣精選高息,527,40,487,富邦-苗栗,2024-03-15,9657
00941,中信上游半導體,252,40,212,富邦-苗栗,2024-03-15,9657
2834,臺企銀,185,39,146,富邦-苗栗,2024-03-15,9657
00918,大華優利高填息30,75,8,67,富邦-苗栗,2024-03-15,9657
00673R,期元大S＆P原油反1,37,0,37,富邦-苗栗,2024-03-15,9657
1517,利奇,34,0,34,富邦-苗栗,2024-03-15,9657
2887,台新金,36,4,32,富邦-苗栗,2024-03-15,9657
00830,國泰費城半導體,31,0,31,富邦-苗栗,2024-03-15,9657
9904,寶成,36,5,31,富邦-苗栗,2024-03-15,9657
2845,遠東銀,29,0,29,富邦-苗栗,2024-03-15,9657
00679B,元大美債20年,28,3,25,富邦-苗栗,2024-03-15,9657
2313,華通,28,4,24,富邦-苗栗,2024-03-15,9657
2609,陽明,27,5,22,富邦-苗栗,2024-03-15,9657
2331,精英,22,0,22,富邦-苗栗,2024-03-15,9657
2636,台驊控股,22,1,21,富邦-苗栗,2024-03-15,9657
2820,華票,20,0,20,富邦-苗栗,2024-03-15,9657
8064,東捷,23,3,20,富邦-苗栗,2024-03-15,9657
2615,萬海,19,0,19,富邦-苗栗,2024-03-15,9657
2498,宏達電,21,2,19,富邦-苗栗,2024-03-15,9657
3163,波若威,22,5,17,富邦-苗栗,2024-03-15,9657
3481,群創,27,10,17,富邦-苗栗,2024-03-15,9657
2812,台中銀,18,2,16,富邦-苗栗,2024-03-15,9657
2881,富邦金,17,1,16,富邦-苗栗,2024-03-15,9657
2603,長榮,61,46,15,富邦-苗栗,2024-03-15,9657
00751B,元大AAA至A公司債,14,0,14,富邦-苗栗,2024-03-15,9657
2888,新光金,15,1,14,富邦-苗栗,2024-03-15,9657
00915,凱基優選高股息30,12,0,12,富邦-苗栗,2024-03-15,9657
00687B,國泰20年美債,15,3,12,富邦-苗栗,2024-03-15,9657
3037,欣興,11,0,11,富邦-苗栗,2024-03-15,9657
1303,南亞,11,0,11,富邦-苗栗,2024-03-15,9657
5243,乙盛-KY,12,1,11,富邦-苗栗,2024-03-15,9657
1503,士電,37,26,11,富邦-苗栗,2024-03-15,9657
2611,志信,32,21,11,富邦-苗栗,2024-03-15,9657
2330,台積電,12,1,11,富邦-苗栗,2024-03-15,9657
00688L,國泰20年美債正2,11,1,10,富邦-苗栗,2024-03-15,9657
2017,官田鋼,10,0,10,富邦-苗栗,2024-03-15,9657
2402,毅嘉,10,0,10,富邦-苗栗,2024-03-15,9657
3090,日電貿,10,0,10,富邦-苗栗,2024-03-15,9657
8255,朋程,10,0,10,富邦-苗栗,2024-03-15,9657
8390,金益鼎,10,0,10,富邦-苗栗,2024-03-15,9657
2748,雲品,10,1,9,富邦-苗栗,2024-03-15,9657
6164,華興,9,0,9,富邦-苗栗,2024-03-15,9657
00891,中信關鍵半導體,8,0,8,富邦-苗栗,2024-03-15,9657
2886,兆豐金,12,4,8,富邦-苗栗,2024-03-15,9657
2486,一詮,16,8,8,富邦-苗栗,2024-03-15,9657
2610,華航,8,0,8,富邦-苗栗,2024-03-15,9657
4729,熒茂,8,0,8,富邦-苗栗,2024-03-15,9657
5512,力麒,8,0,8,富邦-苗栗,2024-03-15,9657
6275,元山,11,3,8,富邦-苗栗,2024-03-15,9657
1513,中興電,37,30,7,富邦-苗栗,2024-03-15,9657
00937B,群益ESG投等債20,208,5,203,富邦-苗栗,2024-03-18,9657
00919,群益台灣精選高息,205,23,182,富邦-苗栗,2024-03-18,9657
00929,復華台灣科技優息,163,57,106,富邦-苗栗,2024-03-18,9657
00885,富邦越南,97,0,97,富邦-苗栗,2024-03-18,9657
00941,中信上游半導體,65,1,64,富邦-苗栗,2024-03-18,9657
00687B,國泰20年美債,56,0,56,富邦-苗栗,2024-03-18,9657
00673R,期元大S＆P原油反1,52,0,52,富邦-苗栗,2024-03-18,9657
00679B,元大美債20年,43,0,43,富邦-苗栗,2024-03-18,9657
1517,利奇,32,0,32,富邦-苗栗,2024-03-18,9657
00930,永豐ESG低碳高息,30,0,30,富邦-苗栗,2024-03-18,9657
2834,臺企銀,48,18,30,富邦-苗栗,2024-03-18,9657
8064,東捷,30,1,29,富邦-苗栗,2024-03-18,9657
6189,豐藝,22,0,22,富邦-苗栗,2024-03-18,9657
2884,玉山金,23,1,22,富邦-苗栗,2024-03-18,9657
00887,永豐中國科技50大,20,0,20,富邦-苗栗,2024-03-18,9657
3169,亞信,15,0,15,富邦-苗栗,2024-03-18,9657
00830,國泰費城半導體,17,2,15,富邦-苗栗,2024-03-18,9657
6770,力積電,15,0,15,富邦-苗栗,2024-03-18,9657
1342,八貫,13,0,13,富邦-苗栗,2024-03-18,9657
2889,國票金,13,0,13,富邦-苗栗,2024-03-18,9657
1504,東元,21,8,13,富邦-苗栗,2024-03-18,9657
2002,中鋼,22,10,12,富邦-苗栗,2024-03-18,9657
2020,美亞,15,3,12,富邦-苗栗,2024-03-18,9657
00712,復華富時不動產,11,0,11,富邦-苗栗,2024-03-18,9657
00680L,元大美債20正2,11,0,11,富邦-苗栗,2024-03-18,9657
1524,耿鼎,12,1,11,富邦-苗栗,2024-03-18,9657
3059,華晶科,11,0,11,富邦-苗栗,2024-03-18,9657
1314,中石化,11,0,11,富邦-苗栗,2024-03-18,9657
1539,巨庭,10,0,10,富邦-苗栗,2024-03-18,9657
2832,台產,10,0,10,富邦-苗栗,2024-03-18,9657
4967,十銓,10,0,10,富邦-苗栗,2024-03-18,9657
3622,洋華,9,0,9,富邦-苗栗,2024-03-18,9657
4906,正文,9,0,9,富邦-苗栗,2024-03-18,9657
6128,上福,10,1,9,富邦-苗栗,2024-03-18,9657
2409,友達,9,1,8,富邦-苗栗,2024-03-18,9657
2402,毅嘉,7,0,7,富邦-苗栗,2024-03-18,9657
00933B,國泰10Y+金融債,8,1,7,富邦-苗栗,2024-03-18,9657
2009,第一銅,14,7,7,富邦-苗栗,2024-03-18,9657
2881B,富邦金乙特,7,0,7,富邦-苗栗,2024-03-18,9657
2916,滿心,7,0,7,富邦-苗栗,2024-03-18,9657
6116,彩晶,7,0,7,富邦-苗栗,2024-03-18,9657
6125,廣運,12,5,7,富邦-苗栗,2024-03-18,9657
6275,元山,25,18,7,富邦-苗栗,2024-03-18,9657
2449,京元電子,25,19,6,富邦-苗栗,2024-03-18,9657
3481,群創,6,0,6,富邦-苗栗,2024-03-18,9657
2303,聯電,12,6,6,富邦-苗栗,2024-03-18,9657
2031,新光鋼,6,0,6,富邦-苗栗,2024-03-18,9657
3712,永崴投控,6,0,6,富邦-苗栗,2024-03-18,9657
4532,瑞智,7,1,6,富邦-苗栗,2024-03-18,9657
6190,萬泰科,6,0,6,富邦-苗栗,2024-03-18,9657
00687B,國泰20年美債,90,1,89,富邦-苗栗,2024-03-19,9657
00919,群益台灣精選高息,113,43,70,富邦-苗栗,2024-03-19,9657
00673R,期元大S＆P原油反1,62,8,54,富邦-苗栗,2024-03-19,9657
00937B,群益ESG投等債20,54,1,53,富邦-苗栗,2024-03-19,9657
3481,群創,44,2,42,富邦-苗栗,2024-03-19,9657
1539,巨庭,33,0,33,富邦-苗栗,2024-03-19,9657
8046,南電,33,1,32,富邦-苗栗,2024-03-19,9657
00830,國泰費城半導體,31,0,31,富邦-苗栗,2024-03-19,9657
2812,台中銀,28,0,28,富邦-苗栗,2024-03-19,9657
2317,鴻海,57,29,28,富邦-苗栗,2024-03-19,9657
2515,中工,33,7,26,富邦-苗栗,2024-03-19,9657
1609,大亞,26,4,22,富邦-苗栗,2024-03-19,9657
2884,玉山金,21,1,20,富邦-苗栗,2024-03-19,9657
00679B,元大美債20年,20,0,20,富邦-苗栗,2024-03-19,9657
2610,華航,23,3,20,富邦-苗栗,2024-03-19,9657
8234,新漢,21,1,20,富邦-苗栗,2024-03-19,9657
00941,中信上游半導體,19,0,19,富邦-苗栗,2024-03-19,9657
8011,台通,37,19,18,富邦-苗栗,2024-03-19,9657
2888,新光金,18,1,17,富邦-苗栗,2024-03-19,9657
2887,台新金,16,0,16,富邦-苗栗,2024-03-19,9657
00930,永豐ESG低碳高息,36,20,16,富邦-苗栗,2024-03-19,9657
00857B,永豐20年美公債,14,0,14,富邦-苗栗,2024-03-19,9657
3607,谷崧,16,2,14,富邦-苗栗,2024-03-19,9657
2486,一詮,18,5,13,富邦-苗栗,2024-03-19,9657
00713,元大台灣高息低波,12,0,12,富邦-苗栗,2024-03-19,9657
1513,中興電,30,19,11,富邦-苗栗,2024-03-19,9657
00680L,元大美債20正2,11,0,11,富邦-苗栗,2024-03-19,9657
6116,彩晶,11,0,11,富邦-苗栗,2024-03-19,9657
00921,兆豐龍頭等權重,11,0,11,富邦-苗栗,2024-03-19,9657
1905,華紙,10,0,10,富邦-苗栗,2024-03-19,9657
1701,中化,10,0,10,富邦-苗栗,2024-03-19,9657
1907,永豐餘,10,0,10,富邦-苗栗,2024-03-19,9657
2313,華通,12,2,10,富邦-苗栗,2024-03-19,9657
2405,輔信,10,0,10,富邦-苗栗,2024-03-19,9657
3049,精金,10,0,10,富邦-苗栗,2024-03-19,9657
4114,健喬,10,0,10,富邦-苗栗,2024-03-19,9657
1442,名軒,10,0,10,富邦-苗栗,2024-03-19,9657
5443,均豪,10,1,9,富邦-苗栗,2024-03-19,9657
6117,迎廣,10,1,9,富邦-苗栗,2024-03-19,9657
2606,裕民,31,22,9,富邦-苗栗,2024-03-19,9657
2609,陽明,16,8,8,富邦-苗栗,2024-03-19,9657
2605,新興,49,41,8,富邦-苗栗,2024-03-19,9657
3645,達邁,10,2,8,富邦-苗栗,2024-03-19,9657
6282,康舒,12,4,8,富邦-苗栗,2024-03-19,9657
3163,波若威,9,1,8,富邦-苗栗,2024-03-19,9657
2328,廣宇,8,1,7,富邦-苗栗,2024-03-19,9657
00931B,統一美債20年,7,0,7,富邦-苗栗,2024-03-19,9657
2916,滿心,7,0,7,富邦-苗栗,2024-03-19,9657
6933,AMAX-KY,7,0,7,富邦-苗栗,2024-03-19,9657
2892,第一金,8,1,7,富邦-苗栗,2024-03-19,9657
00939,統一台灣高息動能,521,27,494,富邦-苗栗,2024-03-20,9657
00919,群益台灣精選高息,336,49,287,富邦-苗栗,2024-03-20,9657
00687B,國泰20年美債,114,10,104,富邦-苗栗,2024-03-20,9657
2888,新光金,129,37,92,富邦-苗栗,2024-03-20,9657
2313,華通,66,2,64,富邦-苗栗,2024-03-20,9657
2834,臺企銀,70,6,64,富邦-苗栗,2024-03-20,9657
00929,復華台灣科技優息,150,89,61,富邦-苗栗,2024-03-20,9657
00673R,期元大S＆P原油反1,60,0,60,富邦-苗栗,2024-03-20,9657
3094,聯傑,60,0,60,富邦-苗栗,2024-03-20,9657
00937B,群益ESG投等債20,76,18,58,富邦-苗栗,2024-03-20,9657
3508,位速,59,1,58,富邦-苗栗,2024-03-20,9657
5880,合庫金,49,0,49,富邦-苗栗,2024-03-20,9657
2356,英業達,63,20,43,富邦-苗栗,2024-03-20,9657
00900,富邦特選高股息30,50,10,40,富邦-苗栗,2024-03-20,9657
1304,台聚,38,0,38,富邦-苗栗,2024-03-20,9657
2344,華邦電,37,1,36,富邦-苗栗,2024-03-20,9657
2367,燿華,40,11,29,富邦-苗栗,2024-03-20,9657
8401,白紗科,20,0,20,富邦-苗栗,2024-03-20,9657
2449,京元電子,40,22,18,富邦-苗栗,2024-03-20,9657
5347,世界,27,10,17,富邦-苗栗,2024-03-20,9657
3092,鴻碩,19,3,16,富邦-苗栗,2024-03-20,9657
6189,豐藝,16,0,16,富邦-苗栗,2024-03-20,9657
1309,台達化,15,0,15,富邦-苗栗,2024-03-20,9657
00650L,復華香港正2,15,0,15,富邦-苗栗,2024-03-20,9657
1809,中釉,16,1,15,富邦-苗栗,2024-03-20,9657
8926,台汽電,15,0,15,富邦-苗栗,2024-03-20,9657
00712,復華富時不動產,34,20,14,富邦-苗栗,2024-03-20,9657
2884,玉山金,17,3,14,富邦-苗栗,2024-03-20,9657
1513,中興電,18,5,13,富邦-苗栗,2024-03-20,9657
1216,統一,12,0,12,富邦-苗栗,2024-03-20,9657
3019,亞光,12,0,12,富邦-苗栗,2024-03-20,9657
6285,啟��,22,11,11,富邦-苗栗,2024-03-20,9657
00878,國泰永續高股息,20,9,11,富邦-苗栗,2024-03-20,9657
00885,富邦越南,11,0,11,富邦-苗栗,2024-03-20,9657
2323,中環,21,10,11,富邦-苗栗,2024-03-20,9657
1101,台泥,15,4,11,富邦-苗栗,2024-03-20,9657
2891,中信金,10,0,10,富邦-苗栗,2024-03-20,9657
2464,盟立,11,1,10,富邦-苗栗,2024-03-20,9657
2916,滿心,10,0,10,富邦-苗栗,2024-03-20,9657
3576,聯合再生,11,1,10,富邦-苗栗,2024-03-20,9657
6550,北極星藥業-KY,10,0,10,富邦-苗栗,2024-03-20,9657
6753,龍德造船,12,2,10,富邦-苗栗,2024-03-20,9657
4529,淳紳,9,0,9,富邦-苗栗,2024-03-20,9657
8086,宏捷科,13,4,9,富邦-苗栗,2024-03-20,9657
00713,元大台灣高息低波,9,0,9,富邦-苗栗,2024-03-20,9657
2603,長榮,41,33,8,富邦-苗栗,2024-03-20,9657
2615,萬海,8,0,8,富邦-苗栗,2024-03-20,9657
4908,前鼎,9,1,8,富邦-苗栗,2024-03-20,9657
6147,頎邦,13,5,8,富邦-苗栗,2024-03-20,9657
1451,年興,8,0,8,富邦-苗栗,2024-03-20,9657
00632R,元大台灣50反1,538,0,538,富邦-苗栗,2024-03-21,9657
00687B,國泰20年美債,223,0,223,富邦-苗栗,2024-03-21,9657
00919,群益台灣精選高息,275,74,201,富邦-苗栗,2024-03-21,9657
00939,統一台灣高息動能,226,28,198,富邦-苗栗,2024-03-21,9657
00671R,富邦NASDAQ反1,108,0,108,富邦-苗栗,2024-03-21,9657
00929,復華台灣科技優息,146,75,71,富邦-苗栗,2024-03-21,9657
00857B,永豐20年美公債,55,0,55,富邦-苗栗,2024-03-21,9657
00753L,中信中國50正2,51,1,50,富邦-苗栗,2024-03-21,9657
00715L,期街口布蘭特正2,50,1,49,富邦-苗栗,2024-03-21,9657
2618,長榮航,54,8,46,富邦-苗栗,2024-03-21,9657
8171,天宇,46,7,39,富邦-苗栗,2024-03-21,9657
2834,臺企銀,43,10,33,富邦-苗栗,2024-03-21,9657
3498,陽程,30,1,29,富邦-苗栗,2024-03-21,9657
00937B,群益ESG投等債20,26,0,26,富邦-苗栗,2024-03-21,9657
6147,頎邦,23,2,21,富邦-苗栗,2024-03-21,9657
3041,揚智,25,5,20,富邦-苗栗,2024-03-21,9657
6499,益安,20,1,19,富邦-苗栗,2024-03-21,9657
3508,位速,18,0,18,富邦-苗栗,2024-03-21,9657
1531,高林股,17,0,17,富邦-苗栗,2024-03-21,9657
2477,美隆電,17,0,17,富邦-苗栗,2024-03-21,9657
00679B,元大美債20年,17,0,17,富邦-苗栗,2024-03-21,9657
3576,聯合再生,29,12,17,富邦-苗栗,2024-03-21,9657
3227,原相,18,2,16,富邦-苗栗,2024-03-21,9657
4938,和碩,16,3,13,富邦-苗栗,2024-03-21,9657
3005,神基,21,9,12,富邦-苗栗,2024-03-21,9657
6477,安集,11,0,11,富邦-苗栗,2024-03-21,9657
00887,永豐中國科技50大,10,0,10,富邦-苗栗,2024-03-21,9657
1416,廣豐,10,0,10,富邦-苗栗,2024-03-21,9657
2392,正崴,10,0,10,富邦-苗栗,2024-03-21,9657
3059,華晶科,10,0,10,富邦-苗栗,2024-03-21,9657
3094,聯傑,10,0,10,富邦-苗栗,2024-03-21,9657
6873,泓德能源,10,0,10,富邦-苗栗,2024-03-21,9657
6462,神盾,17,8,9,富邦-苗栗,2024-03-21,9657
3083,網龍,9,0,9,富邦-苗栗,2024-03-21,9657
6189,豐藝,9,0,9,富邦-苗栗,2024-03-21,9657
8011,台通,9,0,9,富邦-苗栗,2024-03-21,9657
2301,光寶科,20,11,9,富邦-苗栗,2024-03-21,9657
2009,第一銅,12,4,8,富邦-苗栗,2024-03-21,9657
3006,晶豪科,8,0,8,富邦-苗栗,2024-03-21,9657
6120,達運,8,0,8,富邦-苗栗,2024-03-21,9657
00720B,元大投資級公司債,7,0,7,富邦-苗栗,2024-03-21,9657
6192,巨路,7,0,7,富邦-苗栗,2024-03-21,9657
8473,山林水,7,0,7,富邦-苗栗,2024-03-21,9657
2603,長榮,37,31,6,富邦-苗栗,2024-03-21,9657
1342,八貫,6,0,6,富邦-苗栗,2024-03-21,9657
3702,大聯大,6,0,6,富邦-苗栗,2024-03-21,9657
00680L,元大美債20正2,6,0,6,富邦-苗栗,2024-03-21,9657
00916,國泰全球品牌50,6,0,6,富邦-苗栗,2024-03-21,9657
1587,吉茂,6,0,6,富邦-苗栗,2024-03-21,9657
2362,藍天,10,4,6,富邦-苗栗,2024-03-21,9657
2883,凱基金,600,6,594,富邦-苗栗,2024-03-22,9657
00671R,富邦NASDAQ反1,499,0,499,富邦-苗栗,2024-03-22,9657
00641R,富邦日本反1,250,1,249,富邦-苗栗,2024-03-22,9657
00919,群益台灣精選高息,241,93,148,富邦-苗栗,2024-03-22,9657
00680L,元大美債20正2,62,0,62,富邦-苗栗,2024-03-22,9657
00937B,群益ESG投等債20,59,10,49,富邦-苗栗,2024-03-22,9657
00939,統一台灣高息動能,127,80,47,富邦-苗栗,2024-03-22,9657
1504,東元,53,6,47,富邦-苗栗,2024-03-22,9657
00753L,中信中國50正2,50,10,40,富邦-苗栗,2024-03-22,9657
00687B,國泰20年美債,40,0,40,富邦-苗栗,2024-03-22,9657
2303,聯電,35,1,34,富邦-苗栗,2024-03-22,9657
00902,中信電池及儲能,30,0,30,富邦-苗栗,2024-03-22,9657
5498,凱崴,30,0,30,富邦-苗栗,2024-03-22,9657
2353,宏��,64,36,28,富邦-苗栗,2024-03-22,9657
2367,燿華,37,9,28,富邦-苗栗,2024-03-22,9657
2406,國碩,30,4,26,富邦-苗栗,2024-03-22,9657
2812,台中銀,25,0,25,富邦-苗栗,2024-03-22,9657
5880,合庫金,22,0,22,富邦-苗栗,2024-03-22,9657
3149,正達,20,0,20,富邦-苗栗,2024-03-22,9657
00918,大華優利高填息30,19,0,19,富邦-苗栗,2024-03-22,9657
2352,佳世達,19,0,19,富邦-苗栗,2024-03-22,9657
4974,亞泰,20,1,19,富邦-苗栗,2024-03-22,9657
3058,立德,18,0,18,富邦-苗栗,2024-03-22,9657
2301,光寶科,23,6,17,富邦-苗栗,2024-03-22,9657
2371,大同,20,3,17,富邦-苗栗,2024-03-22,9657
4938,和碩,19,2,17,富邦-苗栗,2024-03-22,9657
2317,鴻海,57,41,16,富邦-苗栗,2024-03-22,9657
00679B,元大美債20年,16,0,16,富邦-苗栗,2024-03-22,9657
2897,王道銀行,15,0,15,富邦-苗栗,2024-03-22,9657
6207,雷科,15,0,15,富邦-苗栗,2024-03-22,9657
8112,至上,20,5,15,富邦-苗栗,2024-03-22,9657
9904,寶成,20,5,15,富邦-苗栗,2024-03-22,9657
3083,網龍,16,2,14,富邦-苗栗,2024-03-22,9657
6147,頎邦,17,3,14,富邦-苗栗,2024-03-22,9657
2408,南亞科,31,17,14,富邦-苗栗,2024-03-22,9657
00712,復華富時不動產,15,2,13,富邦-苗栗,2024-03-22,9657
1608,華榮,40,28,12,富邦-苗栗,2024-03-22,9657
2344,華邦電,22,10,12,富邦-苗栗,2024-03-22,9657
2916,滿心,12,0,12,富邦-苗栗,2024-03-22,9657
00941,中信上游半導體,13,2,11,富邦-苗栗,2024-03-22,9657
00632R,元大台灣50反1,20,10,10,富邦-苗栗,2024-03-22,9657
00751B,元大AAA至A公司債,10,0,10,富邦-苗栗,2024-03-22,9657
00936,台新永續高息中小,10,0,10,富邦-苗栗,2024-03-22,9657
8011,台通,11,1,10,富邦-苗栗,2024-03-22,9657
2884,玉山金,16,7,9,富邦-苗栗,2024-03-22,9657
00904,新光臺灣半導體30,10,1,9,富邦-苗栗,2024-03-22,9657
6477,安集,10,1,9,富邦-苗栗,2024-03-22,9657
8271,宇瞻,13,4,9,富邦-苗栗,2024-03-22,9657
2354,鴻準,10,1,9,富邦-苗栗,2024-03-22,9657
00915,凱基優選高股息30,9,1,8,富邦-苗栗,2024-03-22,9657
2801,彰銀,1000,0,1000,富邦-苗栗,2024-03-25,9657
2887,台新金,502,20,482,富邦-苗栗,2024-03-25,9657
00937B,群益ESG投等債20,217,2,215,富邦-苗栗,2024-03-25,9657
00857B,永豐20年美公債,111,0,111,富邦-苗栗,2024-03-25,9657
00941,中信上游半導體,196,90,106,富邦-苗栗,2024-03-25,9657
00680L,元大美債20正2,100,1,99,富邦-苗栗,2024-03-25,9657
2313,華通,101,3,98,富邦-苗栗,2024-03-25,9657
2356,英業達,103,15,88,富邦-苗栗,2024-03-25,9657
00919,群益台灣精選高息,92,41,51,富邦-苗栗,2024-03-25,9657
1721,三晃,50,3,47,富邦-苗栗,2024-03-25,9657
00929,復華台灣科技優息,62,16,46,富邦-苗栗,2024-03-25,9657
00706L,期元大S＆P日圓正2,46,0,46,富邦-苗栗,2024-03-25,9657
1609,大亞,66,31,35,富邦-苗栗,2024-03-25,9657
2464,盟立,42,7,35,富邦-苗栗,2024-03-25,9657
6163,華電網,33,0,33,富邦-苗栗,2024-03-25,9657
2353,宏��,35,3,32,富邦-苗栗,2024-03-25,9657
3338,泰碩,31,0,31,富邦-苗栗,2024-03-25,9657
1517,利奇,30,0,30,富邦-苗栗,2024-03-25,9657
6257,矽格,32,4,28,富邦-苗栗,2024-03-25,9657
8064,東捷,37,9,28,富邦-苗栗,2024-03-25,9657
2367,燿華,95,70,25,富邦-苗栗,2024-03-25,9657
2547,日勝生,30,6,24,富邦-苗栗,2024-03-25,9657
00753L,中信中國50正2,20,0,20,富邦-苗栗,2024-03-25,9657
6155,鈞寶,20,0,20,富邦-苗栗,2024-03-25,9657
2303,聯電,28,8,20,富邦-苗栗,2024-03-25,9657
2352,佳世達,16,0,16,富邦-苗栗,2024-03-25,9657
2392,正崴,15,0,15,富邦-苗栗,2024-03-25,9657
8070,長華*,15,0,15,富邦-苗栗,2024-03-25,9657
2002,中鋼,22,7,15,富邦-苗栗,2024-03-25,9657
2603,長榮,32,18,14,富邦-苗栗,2024-03-25,9657
3437,榮創,14,0,14,富邦-苗栗,2024-03-25,9657
00712,復華富時不動產,15,2,13,富邦-苗栗,2024-03-25,9657
2015,豐興,12,0,12,富邦-苗栗,2024-03-25,9657
2634,漢翔,19,7,12,富邦-苗栗,2024-03-25,9657
1316,上曜,11,0,11,富邦-苗栗,2024-03-25,9657
3622,洋華,11,0,11,富邦-苗栗,2024-03-25,9657
5488,松普,12,1,11,富邦-苗栗,2024-03-25,9657
2301,光寶科,10,0,10,富邦-苗栗,2024-03-25,9657
00632R,元大台灣50反1,10,0,10,富邦-苗栗,2024-03-25,9657
1444,力麗,10,0,10,富邦-苗栗,2024-03-25,9657
2885,元大金,10,0,10,富邦-苗栗,2024-03-25,9657
4513,福裕,10,0,10,富邦-苗栗,2024-03-25,9657
4974,亞泰,10,0,10,富邦-苗栗,2024-03-25,9657
6176,瑞儀,10,0,10,富邦-苗栗,2024-03-25,9657
6806,森崴能源,14,4,10,富邦-苗栗,2024-03-25,9657
00687B,國泰20年美債,9,0,9,富邦-苗栗,2024-03-25,9657
5347,世界,19,10,9,富邦-苗栗,2024-03-25,9657
2816,旺旺保,10,1,9,富邦-苗栗,2024-03-25,9657
006208,富邦台50,9,0,9,富邦-苗栗,2024-03-25,9657
6443,元晶,8,0,8,富邦-苗栗,2024-03-25,9657
00680L,元大美債20正2,285,11,274,富邦-苗栗,2024-03-26,9657
00687B,國泰20年美債,202,1,201,富邦-苗栗,2024-03-26,9657
00937B,群益ESG投等債20,121,1,120,富邦-苗栗,2024-03-26,9657
2371,大同,161,41,120,富邦-苗栗,2024-03-26,9657
2356,英業達,88,6,82,富邦-苗栗,2024-03-26,9657
00919,群益台灣精選高息,164,84,80,富邦-苗栗,2024-03-26,9657
6125,廣運,75,8,67,富邦-苗栗,2024-03-26,9657
00939,統一台灣高息動能,118,56,62,富邦-苗栗,2024-03-26,9657
6234,高僑,59,0,59,富邦-苗栗,2024-03-26,9657
3059,華晶科,64,6,58,富邦-苗栗,2024-03-26,9657
2453,凌群,56,0,56,富邦-苗栗,2024-03-26,9657
00676R,富邦臺灣加權反1,60,21,39,富邦-苗栗,2024-03-26,9657
00929,復華台灣科技優息,72,36,36,富邦-苗栗,2024-03-26,9657
2618,長榮航,39,5,34,富邦-苗栗,2024-03-26,9657
3227,原相,29,0,29,富邦-苗栗,2024-03-26,9657
6147,頎邦,28,2,26,富邦-苗栗,2024-03-26,9657
3231,緯創,32,9,23,富邦-苗栗,2024-03-26,9657
1609,大亞,54,33,21,富邦-苗栗,2024-03-26,9657
3094,聯傑,20,0,20,富邦-苗栗,2024-03-26,9657
2597,潤弘,20,0,20,富邦-苗栗,2024-03-26,9657
5443,均豪,21,2,19,富邦-苗栗,2024-03-26,9657
00941,中信上游半導體,65,47,18,富邦-苗栗,2024-03-26,9657
2303,聯電,30,13,17,富邦-苗栗,2024-03-26,9657
2344,華邦電,17,0,17,富邦-苗栗,2024-03-26,9657
5880,合庫金,16,0,16,富邦-苗栗,2024-03-26,9657
2359,所羅門,26,10,16,富邦-苗栗,2024-03-26,9657
1304,台聚,16,0,16,富邦-苗栗,2024-03-26,9657
6189,豐藝,33,17,16,富邦-苗栗,2024-03-26,9657
1616,億泰,19,5,14,富邦-苗栗,2024-03-26,9657
1809,中釉,16,2,14,富邦-苗栗,2024-03-26,9657
3481,群創,18,4,14,富邦-苗栗,2024-03-26,9657
2367,燿華,23,10,13,富邦-苗栗,2024-03-26,9657
3704,合勤控,15,2,13,富邦-苗栗,2024-03-26,9657
1514,亞力,18,6,12,富邦-苗栗,2024-03-26,9657
00904,新光臺灣半導體30,11,0,11,富邦-苗栗,2024-03-26,9657
1584,精剛,11,0,11,富邦-苗栗,2024-03-26,9657
3306,鼎天,13,2,11,富邦-苗栗,2024-03-26,9657
4939,亞電,11,0,11,富邦-苗栗,2024-03-26,9657
2464,盟立,19,8,11,富邦-苗栗,2024-03-26,9657
00751B,元大AAA至A公司債,10,0,10,富邦-苗栗,2024-03-26,9657
2362,藍天,10,0,10,富邦-苗栗,2024-03-26,9657
2641,正德,10,0,10,富邦-苗栗,2024-03-26,9657
3260,威剛,10,0,10,富邦-苗栗,2024-03-26,9657
4540,全球傳動,28,18,10,富邦-苗栗,2024-03-26,9657
6550,北極星藥業-KY,10,0,10,富邦-苗栗,2024-03-26,9657
1513,中興電,71,62,9,富邦-苗栗,2024-03-26,9657
6274,台燿,15,5,10,富邦-苗栗,2024-03-26,9657
00679B,元大美債20年,15,6,9,富邦-苗栗,2024-03-26,9657
00720B,元大投資級公司債,11,2,9,富邦-苗栗,2024-03-26,9657
2313,華通,43,34,9,富邦-苗栗,2024-03-26,9657
00937B,群益ESG投等債20,211,0,211,富邦-苗栗,2024-03-27,9657
00687B,國泰20年美債,201,2,199,富邦-苗栗,2024-03-27,9657
00919,群益台灣精選高息,194,100,94,富邦-苗栗,2024-03-27,9657
00939,統一台灣高息動能,83,28,55,富邦-苗栗,2024-03-27,9657
2301,光寶科,34,4,30,富邦-苗栗,2024-03-27,9657
4173,久裕,30,0,30,富邦-苗栗,2024-03-27,9657
3231,緯創,43,13,30,富邦-苗栗,2024-03-27,9657
2887,台新金,31,5,26,富邦-苗栗,2024-03-27,9657
8171,天宇,24,0,24,富邦-苗栗,2024-03-27,9657
6234,高僑,70,49,21,富邦-苗栗,2024-03-27,9657
1513,中興電,55,36,19,富邦-苗栗,2024-03-27,9657
6189,豐藝,18,0,18,富邦-苗栗,2024-03-27,9657
00934,中信成長高股息,20,2,18,富邦-苗栗,2024-03-27,9657
2388,威盛,17,1,16,富邦-苗栗,2024-03-27,9657
00679B,元大美債20年,16,1,15,富邦-苗栗,2024-03-27,9657
8011,台通,15,0,15,富邦-苗栗,2024-03-27,9657
3264,欣銓,12,0,12,富邦-苗栗,2024-03-27,9657
2367,燿華,15,4,11,富邦-苗栗,2024-03-27,9657
2486,一詮,21,10,11,富邦-苗栗,2024-03-27,9657
1304,台聚,11,0,11,富邦-苗栗,2024-03-27,9657
1609,大亞,38,27,11,富邦-苗栗,2024-03-27,9657
2801,彰銀,10,0,10,富邦-苗栗,2024-03-27,9657
00923,群益台ESG低碳50,10,0,10,富邦-苗栗,2024-03-27,9657
1909,榮成,10,0,10,富邦-苗栗,2024-03-27,9657
2402,毅嘉,10,0,10,富邦-苗栗,2024-03-27,9657
1597,直得,9,0,9,富邦-苗栗,2024-03-27,9657
6283,淳安,9,0,9,富邦-苗栗,2024-03-27,9657
4306,炎洲,10,1,9,富邦-苗栗,2024-03-27,9657
3706,神達,31,23,8,富邦-苗栗,2024-03-27,9657
1605,華新,14,6,8,富邦-苗栗,2024-03-27,9657
2002,中鋼,8,0,8,富邦-苗栗,2024-03-27,9657
2409,友達,11,3,8,富邦-苗栗,2024-03-27,9657
1603,華電,12,5,7,富邦-苗栗,2024-03-27,9657
9933,中鼎,9,2,7,富邦-苗栗,2024-03-27,9657
2105,正新,6,0,6,富邦-苗栗,2024-03-27,9657
2408,南亞科,6,0,6,富邦-苗栗,2024-03-27,9657
2610,華航,7,1,6,富邦-苗栗,2024-03-27,9657
6190,萬泰科,6,0,6,富邦-苗栗,2024-03-27,9657
8085,福華,6,0,6,富邦-苗栗,2024-03-27,9657
3583,辛耘,14,8,6,富邦-苗栗,2024-03-27,9657
1808,潤隆,9,3,6,富邦-苗栗,2024-03-27,9657
1707,葡萄王,5,0,5,富邦-苗栗,2024-03-27,9657
6188,廣明,10,5,5,富邦-苗栗,2024-03-27,9657
2359,所羅門,6,1,5,富邦-苗栗,2024-03-27,9657
00795B,中信美國公債20年,5,0,5,富邦-苗栗,2024-03-27,9657
00706L,期元大S＆P日圓正2,5,0,5,富邦-苗栗,2024-03-27,9657
020034,元大IC設計N,5,0,5,富邦-苗栗,2024-03-27,9657
1326,台化,5,0,5,富邦-苗栗,2024-03-27,9657
2537,聯上發,5,0,5,富邦-苗栗,2024-03-27,9657
2885,元大金,5,0,5,富邦-苗栗,2024-03-27,9657
00937B,群益ESG投等債20,75,5,70,富邦-苗栗,2024-03-28,9657
2883,凱基金,86,26,60,富邦-苗栗,2024-03-28,9657
2887,台新金,50,0,50,富邦-苗栗,2024-03-28,9657
00939,統一台灣高息動能,77,27,50,富邦-苗栗,2024-03-28,9657
2317,鴻海,87,45,42,富邦-苗栗,2024-03-28,9657
6234,高僑,38,0,38,富邦-苗栗,2024-03-28,9657
3706,神達,44,7,37,富邦-苗栗,2024-03-28,9657
3058,立德,37,2,35,富邦-苗栗,2024-03-28,9657
2301,光寶科,34,3,31,富邦-苗栗,2024-03-28,9657
2634,漢翔,37,7,30,富邦-苗栗,2024-03-28,9657
6166,凌華,30,0,30,富邦-苗栗,2024-03-28,9657
2354,鴻準,72,46,26,富邦-苗栗,2024-03-28,9657
2356,英業達,44,18,26,富邦-苗栗,2024-03-28,9657
1609,大亞,37,12,25,富邦-苗栗,2024-03-28,9657
00919,群益台灣精選高息,82,58,24,富邦-苗栗,2024-03-28,9657
00636,國泰中國A50,20,0,20,富邦-苗栗,2024-03-28,9657
3083,網龍,20,0,20,富邦-苗栗,2024-03-28,9657
3094,聯傑,20,1,19,富邦-苗栗,2024-03-28,9657
8112,至上,21,2,19,富邦-苗栗,2024-03-28,9657
2888,新光金,19,0,19,富邦-苗栗,2024-03-28,9657
1603,華電,20,6,14,富邦-苗栗,2024-03-28,9657
3481,群創,15,1,14,富邦-苗栗,2024-03-28,9657
00929,復華台灣科技優息,67,54,13,富邦-苗栗,2024-03-28,9657
00923,群益台ESG低碳50,12,0,12,富邦-苗栗,2024-03-28,9657
3705,永信,11,0,11,富邦-苗栗,2024-03-28,9657
6189,豐藝,12,2,10,富邦-苗栗,2024-03-28,9657
00753L,中信中國50正2,10,0,10,富邦-苗栗,2024-03-28,9657
2462,良得電,10,0,10,富邦-苗栗,2024-03-28,9657
4714,永捷,26,16,10,富邦-苗栗,2024-03-28,9657
2637,慧洋-KY,10,1,9,富邦-苗栗,2024-03-28,9657
4526,東台,16,7,9,富邦-苗栗,2024-03-28,9657
2352,佳世達,13,4,9,富邦-苗栗,2024-03-28,9657
6770,力積電,15,6,9,富邦-苗栗,2024-03-28,9657
2881,富邦金,9,1,8,富邦-苗栗,2024-03-28,9657
5388,中磊,17,9,8,富邦-苗栗,2024-03-28,9657
2618,長榮航,11,4,7,富邦-苗栗,2024-03-28,9657
2609,陽明,8,1,7,富邦-苗栗,2024-03-28,9657
1514,亞力,7,0,7,富邦-苗栗,2024-03-28,9657
1731,美吾華,7,0,7,富邦-苗栗,2024-03-28,9657
3540,曜越,7,0,7,富邦-苗栗,2024-03-28,9657
1815,富喬,10,3,7,富邦-苗栗,2024-03-28,9657
1451,年興,6,0,6,富邦-苗栗,2024-03-28,9657
1618,合機,6,0,6,富邦-苗栗,2024-03-28,9657
4919,新唐,5,0,5,富邦-苗栗,2024-03-28,9657
5347,世界,9,4,5,富邦-苗栗,2024-03-28,9657
5483,中美晶,6,1,5,富邦-苗栗,2024-03-28,9657
00893,國泰智能電動車,6,1,5,富邦-苗栗,2024-03-28,9657
1316,上曜,8,3,5,富邦-苗栗,2024-03-28,9657
1608,華榮,28,23,5,富邦-苗栗,2024-03-28,9657
2102,泰豐,5,0,5,富邦-苗栗,2024-03-28,9657
2324,仁寶,36,0,36,富邦-苗栗,2024-03-29,9657
2317,鴻海,80,47,33,富邦-苗栗,2024-03-29,9657
3062,建漢,27,2,25,富邦-苗栗,2024-03-29,9657
00937B,群益ESG投等債20,34,10,24,富邦-苗栗,2024-03-29,9657
2888,新光金,22,0,22,富邦-苗栗,2024-03-29,9657
6234,高僑,28,6,22,富邦-苗栗,2024-03-29,9657
00941,中信上游半導體,26,5,21,富邦-苗栗,2024-03-29,9657
2887,台新金,20,0,20,富邦-苗栗,2024-03-29,9657
1314,中石化,17,0,17,富邦-苗栗,2024-03-29,9657
00919,群益台灣精選高息,70,54,16,富邦-苗栗,2024-03-29,9657
6770,力積電,19,3,16,富邦-苗栗,2024-03-29,9657
2371,大同,23,7,16,富邦-苗栗,2024-03-29,9657
6443,元晶,14,0,14,富邦-苗栗,2024-03-29,9657
3149,正達,14,1,13,富邦-苗栗,2024-03-29,9657
00929,復華台灣科技優息,33,20,13,富邦-苗栗,2024-03-29,9657
2486,一詮,16,4,12,富邦-苗栗,2024-03-29,9657
3622,洋華,12,0,12,富邦-苗栗,2024-03-29,9657
2890,永豐金,11,0,11,富邦-苗栗,2024-03-29,9657
6026,福邦證,11,0,11,富邦-苗栗,2024-03-29,9657
2301,光寶科,20,9,11,富邦-苗栗,2024-03-29,9657
00679B,元大美債20年,15,5,10,富邦-苗栗,2024-03-29,9657
1584,精剛,10,0,10,富邦-苗栗,2024-03-29,9657
1611,中電,10,0,10,富邦-苗栗,2024-03-29,9657
2323,中環,10,0,10,富邦-苗栗,2024-03-29,9657
2498,宏達電,10,0,10,富邦-苗栗,2024-03-29,9657
2537,聯上發,11,1,10,富邦-苗栗,2024-03-29,9657
3094,聯傑,10,0,10,富邦-苗栗,2024-03-29,9657
4714,永捷,10,0,10,富邦-苗栗,2024-03-29,9657
6275,元山,10,0,10,富邦-苗栗,2024-03-29,9657
3035,智原,11,1,10,富邦-苗栗,2024-03-29,9657
6213,聯茂,22,12,10,富邦-苗栗,2024-03-29,9657
2308,台達電,10,1,9,富邦-苗栗,2024-03-29,9657
4562,穎漢,11,2,9,富邦-苗栗,2024-03-29,9657
2329,華泰,9,1,8,富邦-苗栗,2024-03-29,9657
2363,矽統,8,0,8,富邦-苗栗,2024-03-29,9657
2453,凌群,8,0,8,富邦-苗栗,2024-03-29,9657
3576,聯合再生,8,0,8,富邦-苗栗,2024-03-29,9657
3005,神基,10,3,7,富邦-苗栗,2024-03-29,9657
2328,廣宇,13,6,7,富邦-苗栗,2024-03-29,9657
2020,美亞,7,0,7,富邦-苗栗,2024-03-29,9657
3013,晟銘電,39,32,7,富邦-苗栗,2024-03-29,9657
3481,群創,22,15,7,富邦-苗栗,2024-03-29,9657
3489,森寶,7,0,7,富邦-苗栗,2024-03-29,9657
4526,東台,8,1,7,富邦-苗栗,2024-03-29,9657
5443,均豪,17,10,7,富邦-苗栗,2024-03-29,9657
8926,台汽電,7,0,7,富邦-苗栗,2024-03-29,9657
2409,友達,10,3,7,富邦-苗栗,2024-03-29,9657
2884,玉山金,10,3,7,富邦-苗栗,2024-03-29,9657
00857B,永豐20年美公債,6,0,6,富邦-苗栗,2024-03-29,9657
3703,欣陸,6,0,6,富邦-苗栗,2024-03-29,9657
00940,元大台灣價值高息,987,114,873,富邦-苗栗,2024-04-01,9657
00937B,群益ESG投等債20,89,5,84,富邦-苗栗,2024-04-01,9657
6213,聯茂,65,7,58,富邦-苗栗,2024-04-01,9657
00752,中信中國50,53,0,53,富邦-苗栗,2024-04-01,9657
2344,華邦電,60,10,50,富邦-苗栗,2024-04-01,9657
00919,群益台灣精選高息,95,50,45,富邦-苗栗,2024-04-01,9657
5243,乙盛-KY,37,0,37,富邦-苗栗,2024-04-01,9657
3231,緯創,62,26,36,富邦-苗栗,2024-04-01,9657
00939,統一台灣高息動能,39,13,26,富邦-苗栗,2024-04-01,9657
2887,台新金,25,0,25,富邦-苗栗,2024-04-01,9657
6488,環球晶,25,0,25,富邦-苗栗,2024-04-01,9657
6207,雷科,36,11,25,富邦-苗栗,2024-04-01,9657
2313,華通,24,1,23,富邦-苗栗,2024-04-01,9657
4974,亞泰,20,0,20,富邦-苗栗,2024-04-01,9657
3481,群創,19,0,19,富邦-苗栗,2024-04-01,9657
2891,中信金,25,7,18,富邦-苗栗,2024-04-01,9657
1909,榮成,15,0,15,富邦-苗栗,2024-04-01,9657
5515,建國,15,0,15,富邦-苗栗,2024-04-01,9657
8171,天宇,21,6,15,富邦-苗栗,2024-04-01,9657
2374,佳能,15,0,15,富邦-苗栗,2024-04-01,9657
00679B,元大美債20年,14,0,14,富邦-苗栗,2024-04-01,9657
2323,中環,14,0,14,富邦-苗栗,2024-04-01,9657
2371,大同,25,11,14,富邦-苗栗,2024-04-01,9657
3711,日月光投控,13,0,13,富邦-苗栗,2024-04-01,9657
00936,台新永續高息中小,13,0,13,富邦-苗栗,2024-04-01,9657
2610,華航,13,0,13,富邦-苗栗,2024-04-01,9657
1504,東元,14,1,13,富邦-苗栗,2024-04-01,9657
2352,佳世達,34,22,12,富邦-苗栗,2024-04-01,9657
4190,佐登-KY,12,0,12,富邦-苗栗,2024-04-01,9657
2382,廣達,34,23,11,富邦-苗栗,2024-04-01,9657
00885,富邦越南,11,0,11,富邦-苗栗,2024-04-01,9657
5498,凱崴,11,0,11,富邦-苗栗,2024-04-01,9657
00706L,期元大S＆P日圓正2,10,0,10,富邦-苗栗,2024-04-01,9657
8070,長華*,10,0,10,富邦-苗栗,2024-04-01,9657
1513,中興電,20,11,9,富邦-苗栗,2024-04-01,9657
1307,三芳,9,0,9,富邦-苗栗,2024-04-01,9657
5347,世界,10,1,9,富邦-苗栗,2024-04-01,9657
3036,文曄,10,2,8,富邦-苗栗,2024-04-01,9657
6695,芯鼎,8,0,8,富邦-苗栗,2024-04-01,9657
2006,東和鋼鐵,7,0,7,富邦-苗栗,2024-04-01,9657
2538,基泰,7,0,7,富邦-苗栗,2024-04-01,9657
6215,和椿,12,5,7,富邦-苗栗,2024-04-01,9657
2353,宏��,7,0,7,富邦-苗栗,2024-04-01,9657
6462,神盾,9,3,6,富邦-苗栗,2024-04-01,9657
6125,廣運,10,4,6,富邦-苗栗,2024-04-01,9657
6239,力成,10,4,6,富邦-苗栗,2024-04-01,9657
3044,健鼎,6,0,6,富邦-苗栗,2024-04-01,9657
2465,麗臺,7,2,5,富邦-苗栗,2024-04-01,9657
00915,凱基優選高股息30,12,7,5,富邦-苗栗,2024-04-01,9657
00687B,國泰20年美債,6,1,5,富邦-苗栗,2024-04-01,9657
00937B,群益ESG投等債20,187,5,182,富邦-苗栗,2024-04-02,9657
00929,復華台灣科技優息,206,28,178,富邦-苗栗,2024-04-02,9657
00632R,元大台灣50反1,173,5,168,富邦-苗栗,2024-04-02,9657
00940,元大台灣價值高息,330,166,164,富邦-苗栗,2024-04-02,9657
00941,中信上游半導體,58,1,57,富邦-苗栗,2024-04-02,9657
00919,群益台灣精選高息,65,12,53,富邦-苗栗,2024-04-02,9657
00905,FT臺灣Smart,50,0,50,富邦-苗栗,2024-04-02,9657
1725,元禎,40,0,40,富邦-苗栗,2024-04-02,9657
00933B,國泰10Y+金融債,33,0,33,富邦-苗栗,2024-04-02,9657
8064,東捷,63,34,29,富邦-苗栗,2024-04-02,9657
6116,彩晶,26,0,26,富邦-苗栗,2024-04-02,9657
2367,燿華,34,10,24,富邦-苗栗,2024-04-02,9657
00679B,元大美債20年,23,0,23,富邦-苗栗,2024-04-02,9657
00733,富邦臺灣中小,22,0,22,富邦-苗栗,2024-04-02,9657
5201,凱衛,21,0,21,富邦-苗栗,2024-04-02,9657
00697B,元大美債7-10,20,0,20,富邦-苗栗,2024-04-02,9657
3094,聯傑,20,0,20,富邦-苗栗,2024-04-02,9657
3512,皇龍,20,0,20,富邦-苗栗,2024-04-02,9657
6125,廣運,30,10,20,富邦-苗栗,2024-04-02,9657
00687B,國泰20年美債,19,0,19,富邦-苗栗,2024-04-02,9657
1504,東元,24,5,19,富邦-苗栗,2024-04-02,9657
3673,TPK-KY,23,5,18,富邦-苗栗,2024-04-02,9657
1101,台泥,17,1,16,富邦-苗栗,2024-04-02,9657
1589,永冠-KY,16,0,16,富邦-苗栗,2024-04-02,9657
2468,華經,16,0,16,富邦-苗栗,2024-04-02,9657
6213,聯茂,21,5,16,富邦-苗栗,2024-04-02,9657
3083,網龍,15,0,15,富邦-苗栗,2024-04-02,9657
2371,大同,34,20,14,富邦-苗栗,2024-04-02,9657
2356,英業達,36,22,14,富邦-苗栗,2024-04-02,9657
3059,華晶科,13,0,13,富邦-苗栗,2024-04-02,9657
2610,華航,12,0,12,富邦-苗栗,2024-04-02,9657
1503,士電,12,1,11,富邦-苗栗,2024-04-02,9657
6275,元山,11,0,11,富邦-苗栗,2024-04-02,9657
1905,華紙,10,0,10,富邦-苗栗,2024-04-02,9657
2890,永豐金,10,0,10,富邦-苗栗,2024-04-02,9657
00650L,復華香港正2,11,1,10,富邦-苗栗,2024-04-02,9657
6177,達麗,10,0,10,富邦-苗栗,2024-04-02,9657
6830,汎銓,10,0,10,富邦-苗栗,2024-04-02,9657
00633L,富邦上証正2,9,0,9,富邦-苗栗,2024-04-02,9657
1451,年興,9,0,9,富邦-苗栗,2024-04-02,9657
3029,零壹,10,1,9,富邦-苗栗,2024-04-02,9657
4542,科嶠,10,2,8,富邦-苗栗,2024-04-02,9657
6111,大宇資,8,0,8,富邦-苗栗,2024-04-02,9657
2421,建準,11,3,8,富邦-苗栗,2024-04-02,9657
5483,中美晶,7,0,7,富邦-苗栗,2024-04-02,9657
6550,北極星藥業-KY,7,0,7,富邦-苗栗,2024-04-02,9657
3715,定穎投控,9,2,7,富邦-苗栗,2024-04-02,9657
00688L,國泰20年美債正2,7,0,7,富邦-苗栗,2024-04-02,9657
2002,中鋼,10,3,7,富邦-苗栗,2024-04-02,9657
2328,廣宇,7,0,7,富邦-苗栗,2024-04-02,9657
00940,元大台灣價值高息,390,121,269,富邦-苗栗,2024-04-03,9657
00927,群益半導體收益,244,3,241,富邦-苗栗,2024-04-03,9657
00687B,國泰20年美債,221,0,221,富邦-苗栗,2024-04-03,9657
00937B,群益ESG投等債20,165,84,81,富邦-苗栗,2024-04-03,9657
00929,復華台灣科技優息,100,34,66,富邦-苗栗,2024-04-03,9657
2515,中工,76,19,57,富邦-苗栗,2024-04-03,9657
3706,神達,66,11,55,富邦-苗栗,2024-04-03,9657
5201,凱衛,46,0,46,富邦-苗栗,2024-04-03,9657
00941,中信上游半導體,44,2,42,富邦-苗栗,2024-04-03,9657
6189,豐藝,63,25,38,富邦-苗栗,2024-04-03,9657
6234,高僑,40,2,38,富邦-苗栗,2024-04-03,9657
00679B,元大美債20年,39,2,37,富邦-苗栗,2024-04-03,9657
3059,華晶科,33,0,33,富邦-苗栗,2024-04-03,9657
00673R,期元大S＆P原油反1,22,0,22,富邦-苗栗,2024-04-03,9657
3481,群創,22,0,22,富邦-苗栗,2024-04-03,9657
4974,亞泰,20,0,20,富邦-苗栗,2024-04-03,9657
8147,正淩,20,0,20,富邦-苗栗,2024-04-03,9657
2486,一詮,66,47,19,富邦-苗栗,2024-04-03,9657
2409,友達,18,0,18,富邦-苗栗,2024-04-03,9657
00919,群益台灣精選高息,33,16,17,富邦-苗栗,2024-04-03,9657
00905,FT臺灣Smart,16,0,16,富邦-苗栗,2024-04-03,9657
2033,佳大,30,14,16,富邦-苗栗,2024-04-03,9657
3450,聯鈞,19,3,16,富邦-苗栗,2024-04-03,9657
8088,品安,17,1,16,富邦-苗栗,2024-04-03,9657
2317,鴻海,34,19,15,富邦-苗栗,2024-04-03,9657
6213,聯茂,18,3,15,富邦-苗栗,2024-04-03,9657
5443,均豪,30,15,15,富邦-苗栗,2024-04-03,9657
00712,復華富時不動產,13,0,13,富邦-苗栗,2024-04-03,9657
2014,中鴻,24,11,13,富邦-苗栗,2024-04-03,9657
3702A,大聯大甲特,13,0,13,富邦-苗栗,2024-04-03,9657
4526,東台,13,1,12,富邦-苗栗,2024-04-03,9657
2892,第一金,10,0,10,富邦-苗栗,2024-04-03,9657
00795B,中信美國公債20年,10,0,10,富邦-苗栗,2024-04-03,9657
2354,鴻準,26,16,10,富邦-苗栗,2024-04-03,9657
2030,彰源,10,0,10,富邦-苗栗,2024-04-03,9657
2460,建通,10,0,10,富邦-苗栗,2024-04-03,9657
2641,正德,10,0,10,富邦-苗栗,2024-04-03,9657
4714,永捷,13,3,10,富邦-苗栗,2024-04-03,9657
6550,北極星藥業-KY,11,1,10,富邦-苗栗,2024-04-03,9657
8092,建暐,10,0,10,富邦-苗栗,2024-04-03,9657
6227,茂綸,11,1,10,富邦-苗栗,2024-04-03,9657
2888,新光金,11,1,10,富邦-苗栗,2024-04-03,9657
1808,潤隆,9,0,9,富邦-苗栗,2024-04-03,9657
1527,鑽全,9,0,9,富邦-苗栗,2024-04-03,9657
3055,蔚華科,9,0,9,富邦-苗栗,2024-04-03,9657
00751B,元大AAA至A公司債,9,1,8,富邦-苗栗,2024-04-03,9657
00680L,元大美債20正2,8,0,8,富邦-苗栗,2024-04-03,9657
2468,華經,8,0,8,富邦-苗栗,2024-04-03,9657
4102,永日,8,0,8,富邦-苗栗,2024-04-03,9657
6196,帆宣,8,0,8,富邦-苗栗,2024-04-03,9657
00940,元大台灣價值高息,289,5,284,富邦-苗栗,2024-04-08,9657
2313,華通,200,15,185,富邦-苗栗,2024-04-08,9657
00929,復華台灣科技優息,167,1,166,富邦-苗栗,2024-04-08,9657
00687B,國泰20年美債,148,21,127,富邦-苗栗,2024-04-08,9657
2892,第一金,100,3,97,富邦-苗栗,2024-04-08,9657
00919,群益台灣精選高息,106,9,97,富邦-苗栗,2024-04-08,9657
2392,正崴,69,1,68,富邦-苗栗,2024-04-08,9657
00933B,國泰10Y+金融債,53,0,53,富邦-苗栗,2024-04-08,9657
6120,達運,55,9,46,富邦-苗栗,2024-04-08,9657
1467,南緯,40,0,40,富邦-苗栗,2024-04-08,9657
6234,高僑,34,2,32,富邦-苗栗,2024-04-08,9657
4974,亞泰,30,0,30,富邦-苗栗,2024-04-08,9657
00679B,元大美債20年,48,23,25,富邦-苗栗,2024-04-08,9657
00941,中信上游半導體,25,0,25,富邦-苗栗,2024-04-08,9657
00751B,元大AAA至A公司債,25,2,23,富邦-苗栗,2024-04-08,9657
2393,億光,22,1,21,富邦-苗栗,2024-04-08,9657
00939,統一台灣高息動能,31,11,20,富邦-苗栗,2024-04-08,9657
8121,越峰,20,0,20,富邦-苗栗,2024-04-08,9657
6770,力積電,18,1,17,富邦-苗栗,2024-04-08,9657
00795B,中信美國公債20年,17,0,17,富邦-苗栗,2024-04-08,9657
2374,佳能,65,48,17,富邦-苗栗,2024-04-08,9657
2618,長榮航,25,10,15,富邦-苗栗,2024-04-08,9657
2736,富野,14,0,14,富邦-苗栗,2024-04-08,9657
6548,長科*,14,0,14,富邦-苗栗,2024-04-08,9657
2371,大同,37,24,13,富邦-苗栗,2024-04-08,9657
2609,陽明,14,1,13,富邦-苗栗,2024-04-08,9657
3105,穩懋,12,0,12,富邦-苗栗,2024-04-08,9657
3325,旭品,19,7,12,富邦-苗栗,2024-04-08,9657
6116,彩晶,13,1,12,富邦-苗栗,2024-04-08,9657
1603,華電,12,0,12,富邦-苗栗,2024-04-08,9657
0056,元大高股息,14,3,11,富邦-苗栗,2024-04-08,9657
2464,盟立,20,9,11,富邦-苗栗,2024-04-08,9657
1608,華榮,30,20,10,富邦-苗栗,2024-04-08,9657
2884,玉山金,11,1,10,富邦-苗栗,2024-04-08,9657
00688L,國泰20年美債正2,10,0,10,富邦-苗栗,2024-04-08,9657
1802,台玻,10,0,10,富邦-苗栗,2024-04-08,9657
2324,仁寶,11,1,10,富邦-苗栗,2024-04-08,9657
6155,鈞寶,10,0,10,富邦-苗栗,2024-04-08,9657
00927,群益半導體收益,9,0,9,富邦-苗栗,2024-04-08,9657
3450,聯鈞,12,3,9,富邦-苗栗,2024-04-08,9657
4102,永日,9,0,9,富邦-苗栗,2024-04-08,9657
5351,鈺創,10,1,9,富邦-苗栗,2024-04-08,9657
6167,久正,10,1,9,富邦-苗栗,2024-04-08,9657
00712,復華富時不動產,11,3,8,富邦-苗栗,2024-04-08,9657
2101,南港,10,2,8,富邦-苗栗,2024-04-08,9657
2451,創見,9,1,8,富邦-苗栗,2024-04-08,9657
2634,漢翔,8,0,8,富邦-苗栗,2024-04-08,9657
2834,臺企銀,10,2,8,富邦-苗栗,2024-04-08,9657
5474,聰泰,9,1,8,富邦-苗栗,2024-04-08,9657
6550,北極星藥業-KY,10,2,8,富邦-苗栗,2024-04-08,9657
00680L,元大美債20正2,160,0,160,富邦-苗栗,2024-04-09,9657
00632R,元大台灣50反1,146,20,126,富邦-苗栗,2024-04-09,9657
2344,華邦電,114,0,114,富邦-苗栗,2024-04-09,9657
2313,華通,92,1,91,富邦-苗栗,2024-04-09,9657
00937B,群益ESG投等債20,71,2,69,富邦-苗栗,2024-04-09,9657
6432,今展科,60,0,60,富邦-苗栗,2024-04-09,9657
3059,華晶科,51,2,49,富邦-苗栗,2024-04-09,9657
00706L,期元大S＆P日圓正2,40,0,40,富邦-苗栗,2024-04-09,9657
3231,緯創,49,10,39,富邦-苗栗,2024-04-09,9657
2610,華航,43,5,38,富邦-苗栗,2024-04-09,9657
00929,復華台灣科技優息,68,34,34,富邦-苗栗,2024-04-09,9657
00905,FT臺灣Smart,30,0,30,富邦-苗栗,2024-04-09,9657
6166,凌華,29,3,26,富邦-苗栗,2024-04-09,9657
2365,昆盈,34,9,25,富邦-苗栗,2024-04-09,9657
2374,佳能,23,1,22,富邦-苗栗,2024-04-09,9657
2317,鴻海,31,11,20,富邦-苗栗,2024-04-09,9657
2023,燁輝,31,11,20,富邦-苗栗,2024-04-09,9657
2328,廣宇,20,0,20,富邦-苗栗,2024-04-09,9657
6128,上福,20,0,20,富邦-苗栗,2024-04-09,9657
8054,安國,22,4,18,富邦-苗栗,2024-04-09,9657
1108,幸福,18,0,18,富邦-苗栗,2024-04-09,9657
2038,海光,18,0,18,富邦-苗栗,2024-04-09,9657
3546,宇峻,17,0,17,富邦-苗栗,2024-04-09,9657
8064,東捷,27,10,17,富邦-苗栗,2024-04-09,9657
1608,華榮,32,16,16,富邦-苗栗,2024-04-09,9657
00679B,元大美債20年,21,5,16,富邦-苗栗,2024-04-09,9657
6163,華電網,21,5,16,富邦-苗栗,2024-04-09,9657
00919,群益台灣精選高息,21,5,16,富邦-苗栗,2024-04-09,9657
1603,華電,16,1,15,富邦-苗栗,2024-04-09,9657
2201,裕隆,20,6,14,富邦-苗栗,2024-04-09,9657
2486,一詮,102,88,14,富邦-苗栗,2024-04-09,9657
6120,達運,13,1,12,富邦-苗栗,2024-04-09,9657
00885,富邦越南,11,0,11,富邦-苗栗,2024-04-09,9657
6550,北極星藥業-KY,10,0,10,富邦-苗栗,2024-04-09,9657
5443,均豪,23,13,10,富邦-苗栗,2024-04-09,9657
00720B,元大投資級公司債,10,0,10,富邦-苗栗,2024-04-09,9657
1314,中石化,10,0,10,富邦-苗栗,2024-04-09,9657
1612,宏泰,12,2,10,富邦-苗栗,2024-04-09,9657
3583,辛耘,18,8,10,富邦-苗栗,2024-04-09,9657
4744,皇將,10,0,10,富邦-苗栗,2024-04-09,9657
4935,茂林-KY,10,0,10,富邦-苗栗,2024-04-09,9657
3437,榮創,10,0,10,富邦-苗栗,2024-04-09,9657
3707,漢磊,10,0,10,富邦-苗栗,2024-04-09,9657
6937,天虹,10,0,10,富邦-苗栗,2024-04-09,9657
00927,群益半導體收益,9,0,9,富邦-苗栗,2024-04-09,9657
2368,金像電,11,2,9,富邦-苗栗,2024-04-09,9657
8034,榮群,10,1,9,富邦-苗栗,2024-04-09,9657
3086,華義,8,0,8,富邦-苗栗,2024-04-09,9657
5201,凱衛,8,0,8,富邦-苗栗,2024-04-09,9657
6164,華興,8,0,8,富邦-苗栗,2024-04-09,9657
00680L,元大美債20正2,100,0,100,富邦-苗栗,2024-04-10,9657
00940,元大台灣價值高息,94,17,77,富邦-苗栗,2024-04-10,9657
1909,榮成,76,0,76,富邦-苗栗,2024-04-10,9657
00673R,期元大S＆P原油反1,65,0,65,富邦-苗栗,2024-04-10,9657
5201,凱衛,75,21,54,富邦-苗栗,2024-04-10,9657
5381,合正,50,1,49,富邦-苗栗,2024-04-10,9657
2547,日勝生,50,5,45,富邦-苗栗,2024-04-10,9657
00929,復華台灣科技優息,59,19,40,富邦-苗栗,2024-04-10,9657
00706L,期元大S＆P日圓正2,34,0,34,富邦-苗栗,2024-04-10,9657
2356,英業達,39,7,32,富邦-苗栗,2024-04-10,9657
00927,群益半導體收益,31,0,31,富邦-苗栗,2024-04-10,9657
3231,緯創,42,16,26,富邦-苗栗,2024-04-10,9657
6148,驊宏資,32,7,25,富邦-苗栗,2024-04-10,9657
00905,FT臺灣Smart,24,0,24,富邦-苗栗,2024-04-10,9657
1708,東鹼,20,0,20,富邦-苗栗,2024-04-10,9657
3206,志豐,20,0,20,富邦-苗栗,2024-04-10,9657
6227,茂綸,20,0,20,富邦-苗栗,2024-04-10,9657
3060,銘異,20,0,20,富邦-苗栗,2024-04-10,9657
6234,高僑,18,0,18,富邦-苗栗,2024-04-10,9657
2324,仁寶,22,6,16,富邦-苗栗,2024-04-10,9657
2014,中鴻,18,3,15,富邦-苗栗,2024-04-10,9657
1513,中興電,29,14,15,富邦-苗栗,2024-04-10,9657
00881,國泰台灣5G+,16,1,15,富邦-苗栗,2024-04-10,9657
3294,英濟,17,2,15,富邦-苗栗,2024-04-10,9657
2376,技嘉,22,8,14,富邦-苗栗,2024-04-10,9657
2515,中工,23,10,13,富邦-苗栗,2024-04-10,9657
2009,第一銅,25,13,12,富邦-苗栗,2024-04-10,9657
00919,群益台灣精選高息,20,9,11,富邦-苗栗,2024-04-10,9657
2371,大同,11,0,11,富邦-苗栗,2024-04-10,9657
2408,南亞科,13,2,11,富邦-苗栗,2024-04-10,9657
2498,宏達電,11,0,11,富邦-苗栗,2024-04-10,9657
6170,統振,11,0,11,富邦-苗栗,2024-04-10,9657
00939,統一台灣高息動能,10,0,10,富邦-苗栗,2024-04-10,9657
2301,光寶科,10,0,10,富邦-苗栗,2024-04-10,9657
2417,圓剛,10,0,10,富邦-苗栗,2024-04-10,9657
00912,中信臺灣智慧50,10,0,10,富邦-苗栗,2024-04-10,9657
6125,廣運,10,0,10,富邦-苗栗,2024-04-10,9657
3583,辛耘,12,3,9,富邦-苗栗,2024-04-10,9657
1733,五鼎,10,1,9,富邦-苗栗,2024-04-10,9657
2323,中環,10,1,9,富邦-苗栗,2024-04-10,9657
2449,京元電子,10,1,9,富邦-苗栗,2024-04-10,9657
6016,康和證,9,0,9,富邦-苗栗,2024-04-10,9657
2464,盟立,22,13,9,富邦-苗栗,2024-04-10,9657
6117,迎廣,12,4,8,富邦-苗栗,2024-04-10,9657
00877,復華中國5G,8,0,8,富邦-苗栗,2024-04-10,9657
1717,長興,9,1,8,富邦-苗栗,2024-04-10,9657
2010,春源,8,0,8,富邦-苗栗,2024-04-10,9657
2409,友達,20,12,8,富邦-苗栗,2024-04-10,9657
2634,漢翔,43,35,8,富邦-苗栗,2024-04-10,9657
2888,新光金,52,45,7,富邦-苗栗,2024-04-10,9657
00687B,國泰20年美債,270,4,266,富邦-苗栗,2024-04-11,9657
3481,群創,127,7,120,富邦-苗栗,2024-04-11,9657
00937B,群益ESG投等債20,104,5,99,富邦-苗栗,2024-04-11,9657
00929,復華台灣科技優息,88,6,82,富邦-苗栗,2024-04-11,9657
00679B,元大美債20年,57,0,57,富邦-苗栗,2024-04-11,9657
00927,群益半導體收益,46,0,46,富邦-苗栗,2024-04-11,9657
00712,復華富時不動產,35,0,35,富邦-苗栗,2024-04-11,9657
8171,天宇,34,0,34,富邦-苗栗,2024-04-11,9657
00940,元大台灣價值高息,32,3,29,富邦-苗栗,2024-04-11,9657
6234,高僑,27,0,27,富邦-苗栗,2024-04-11,9657
2329,華泰,34,8,26,富邦-苗栗,2024-04-11,9657
00772B,中信高評級公司債,24,0,24,富邦-苗栗,2024-04-11,9657
5009,榮剛,24,0,24,富邦-苗栗,2024-04-11,9657
2498,宏達電,22,0,22,富邦-苗栗,2024-04-11,9657
2317,鴻海,93,72,21,富邦-苗栗,2024-04-11,9657
00680L,元大美債20正2,20,0,20,富邦-苗栗,2024-04-11,9657
00688L,國泰20年美債正2,20,0,20,富邦-苗栗,2024-04-11,9657
2038,海光,20,0,20,富邦-苗栗,2024-04-11,9657
00905,FT臺灣Smart,24,5,19,富邦-苗栗,2024-04-11,9657
00919,群益台灣精選高息,23,6,17,富邦-苗栗,2024-04-11,9657
6806,森崴能源,25,8,17,富邦-苗栗,2024-04-11,9657
2402,毅嘉,16,0,16,富邦-苗栗,2024-04-11,9657
00795B,中信美國公債20年,15,0,15,富邦-苗栗,2024-04-11,9657
1101,台泥,15,0,15,富邦-苗栗,2024-04-11,9657
1514,亞力,65,50,15,富邦-苗栗,2024-04-11,9657
2356,英業達,18,4,14,富邦-苗栗,2024-04-11,9657
3231,緯創,24,10,14,富邦-苗栗,2024-04-11,9657
8064,東捷,15,2,13,富邦-苗栗,2024-04-11,9657
2883,凱基金,17,5,12,富邦-苗栗,2024-04-11,9657
2888,新光金,11,0,11,富邦-苗栗,2024-04-11,9657
2002,中鋼,11,0,11,富邦-苗栗,2024-04-11,9657
00697B,元大美債7-10,10,0,10,富邦-苗栗,2024-04-11,9657
1527,鑽全,10,0,10,富邦-苗栗,2024-04-11,9657
2313,華通,14,4,10,富邦-苗栗,2024-04-11,9657
2812,台中銀,10,0,10,富邦-苗栗,2024-04-11,9657
3499,環天科,10,0,10,富邦-苗栗,2024-04-11,9657
4155,訊映,10,0,10,富邦-苗栗,2024-04-11,9657
6208,日揚,10,0,10,富邦-苗栗,2024-04-11,9657
6532,瑞耘,10,0,10,富邦-苗栗,2024-04-11,9657
3059,華晶科,16,6,10,富邦-苗栗,2024-04-11,9657
9958,世紀鋼,10,1,9,富邦-苗栗,2024-04-11,9657
00857B,永豐20年美公債,9,0,9,富邦-苗栗,2024-04-11,9657
2014,中鴻,9,0,9,富邦-苗栗,2024-04-11,9657
2511,太子,10,1,9,富邦-苗栗,2024-04-11,9657
3205,佰研,9,0,9,富邦-苗栗,2024-04-11,9657
6742,澤米,9,0,9,富邦-苗栗,2024-04-11,9657
3706,神達,12,3,9,富邦-苗栗,2024-04-11,9657
3062,建漢,8,0,8,富邦-苗栗,2024-04-11,9657
3450,聯鈞,16,8,8,富邦-苗栗,2024-04-11,9657
3576,聯合再生,8,0,8,富邦-苗栗,2024-04-11,9657
00929,復華台灣科技優息,176,29,147,富邦-苗栗,2024-04-12,9657
00940,元大台灣價值高息,141,11,130,富邦-苗栗,2024-04-12,9657
00680L,元大美債20正2,126,0,126,富邦-苗栗,2024-04-12,9657
00687B,國泰20年美債,61,2,59,富邦-苗栗,2024-04-12,9657
6282,康舒,61,2,59,富邦-苗栗,2024-04-12,9657
2610,華航,61,5,56,富邦-苗栗,2024-04-12,9657
2303,聯電,37,11,26,富邦-苗栗,2024-04-12,9657
2353,宏��,48,25,23,富邦-苗栗,2024-04-12,9657
2329,華泰,33,12,21,富邦-苗栗,2024-04-12,9657
2464,盟立,26,5,21,富邦-苗栗,2024-04-12,9657
1301,台塑,22,2,20,富邦-苗栗,2024-04-12,9657
1304,台聚,20,0,20,富邦-苗栗,2024-04-12,9657
3094,聯傑,20,0,20,富邦-苗栗,2024-04-12,9657
3294,英濟,28,8,20,富邦-苗栗,2024-04-12,9657
5222,全訊,20,0,20,富邦-苗栗,2024-04-12,9657
00937B,群益ESG投等債20,50,31,19,富邦-苗栗,2024-04-12,9657
2002,中鋼,19,0,19,富邦-苗栗,2024-04-12,9657
2515,中工,20,2,18,富邦-苗栗,2024-04-12,9657
6770,力積電,21,3,18,富邦-苗栗,2024-04-12,9657
00878,國泰永續高股息,18,1,17,富邦-苗栗,2024-04-12,9657
00679B,元大美債20年,17,0,17,富邦-苗栗,2024-04-12,9657
00857B,永豐20年美公債,19,2,17,富邦-苗栗,2024-04-12,9657
00720B,元大投資級公司債,20,3,17,富邦-苗栗,2024-04-12,9657
3645,達邁,17,1,16,富邦-苗栗,2024-04-12,9657
6141,柏承,16,0,16,富邦-苗栗,2024-04-12,9657
00795B,中信美國公債20年,15,0,15,富邦-苗栗,2024-04-12,9657
3231,緯創,20,6,14,富邦-苗栗,2024-04-12,9657
00688L,國泰20年美債正2,13,0,13,富邦-苗栗,2024-04-12,9657
5236,凌陽創新,13,0,13,富邦-苗栗,2024-04-12,9657
00933B,國泰10Y+金融債,12,0,12,富邦-苗栗,2024-04-12,9657
1101,台泥,12,0,12,富邦-苗栗,2024-04-12,9657
00891,中信關鍵半導體,17,5,12,富邦-苗栗,2024-04-12,9657
2406,國碩,13,1,12,富邦-苗栗,2024-04-12,9657
6742,澤米,14,2,12,富邦-苗栗,2024-04-12,9657
1312,國喬,12,0,12,富邦-苗栗,2024-04-12,9657
1802,台玻,11,0,11,富邦-苗栗,2024-04-12,9657
2363,矽統,73,63,10,富邦-苗栗,2024-04-12,9657
2382,廣達,17,7,10,富邦-苗栗,2024-04-12,9657
00712,復華富時不動產,10,0,10,富邦-苗栗,2024-04-12,9657
00706L,期元大S＆P日圓正2,10,0,10,富邦-苗栗,2024-04-12,9657
3078,僑威,10,0,10,富邦-苗栗,2024-04-12,9657
3083,網龍,10,0,10,富邦-苗栗,2024-04-12,9657
4919,新唐,10,0,10,富邦-苗栗,2024-04-12,9657
5011,久陽,10,0,10,富邦-苗栗,2024-04-12,9657
0056,元大高股息,9,0,9,富邦-苗栗,2024-04-12,9657
6120,達運,8,0,8,富邦-苗栗,2024-04-12,9657
8070,長華*,8,0,8,富邦-苗栗,2024-04-12,9657
2324,仁寶,8,1,7,富邦-苗栗,2024-04-12,9657
6275,元山,7,0,7,富邦-苗栗,2024-04-12,9657
5347,世界,10,3,7,富邦-苗栗,2024-04-12,9657
00929,復華台灣科技優息,144,10,134,富邦-苗栗,2024-04-15,9657
00940,元大台灣價值高息,155,71,84,富邦-苗栗,2024-04-15,9657
6141,柏承,56,0,56,富邦-苗栗,2024-04-15,9657
0056,元大高股息,56,2,54,富邦-苗栗,2024-04-15,9657
00939,統一台灣高息動能,51,3,48,富邦-苗栗,2024-04-15,9657
2867,三商壽,57,12,45,富邦-苗栗,2024-04-15,9657
2317,鴻海,46,17,29,富邦-苗栗,2024-04-15,9657
00753L,中信中國50正2,43,15,28,富邦-苗栗,2024-04-15,9657
00919,群益台灣精選高息,54,27,27,富邦-苗栗,2024-04-15,9657
1612,宏泰,33,7,26,富邦-苗栗,2024-04-15,9657
2371,大同,103,80,23,富邦-苗栗,2024-04-15,9657
3037,欣興,22,0,22,富邦-苗栗,2024-04-15,9657
2356,英業達,25,4,21,富邦-苗栗,2024-04-15,9657
00905,FT臺灣Smart,21,0,21,富邦-苗栗,2024-04-15,9657
3706,神達,34,13,21,富邦-苗栗,2024-04-15,9657
2374,佳能,40,20,20,富邦-苗栗,2024-04-15,9657
2888,新光金,55,35,20,富邦-苗栗,2024-04-15,9657
00937B,群益ESG投等債20,27,8,19,富邦-苗栗,2024-04-15,9657
1514,亞力,57,38,19,富邦-苗栗,2024-04-15,9657
1513,中興電,44,25,19,富邦-苗栗,2024-04-15,9657
2303,聯電,30,11,19,富邦-苗栗,2024-04-15,9657
2383,台光電,18,1,17,富邦-苗栗,2024-04-15,9657
00936,台新永續高息中小,19,2,17,富邦-苗栗,2024-04-15,9657
02001B,統一美國政府債N,16,0,16,富邦-苗栗,2024-04-15,9657
1304,台聚,21,5,16,富邦-苗栗,2024-04-15,9657
2618,長榮航,23,7,16,富邦-苗栗,2024-04-15,9657
00830,國泰費城半導體,15,0,15,富邦-苗栗,2024-04-15,9657
2367,燿華,45,30,15,富邦-苗栗,2024-04-15,9657
00650L,復華香港正2,15,0,15,富邦-苗栗,2024-04-15,9657
00712,復華富時不動產,15,0,15,富邦-苗栗,2024-04-15,9657
2337,旺宏,15,0,15,富邦-苗栗,2024-04-15,9657
1785,光洋科,23,8,15,富邦-苗栗,2024-04-15,9657
00720B,元大投資級公司債,15,1,14,富邦-苗栗,2024-04-15,9657
00679B,元大美債20年,16,2,14,富邦-苗栗,2024-04-15,9657
4714,永捷,14,0,14,富邦-苗栗,2024-04-15,9657
3712,永崴投控,15,1,14,富邦-苗栗,2024-04-15,9657
1453,大將,20,6,14,富邦-苗栗,2024-04-15,9657
3231,緯創,28,14,14,富邦-苗栗,2024-04-15,9657
00881,國泰台灣5G+,13,0,13,富邦-苗栗,2024-04-15,9657
2498,宏達電,14,1,13,富邦-苗栗,2024-04-15,9657
9955,佳龍,16,3,13,富邦-苗栗,2024-04-15,9657
1608,華榮,34,22,12,富邦-苗栗,2024-04-15,9657
00891,中信關鍵半導體,12,0,12,富邦-苗栗,2024-04-15,9657
3622,洋華,25,13,12,富邦-苗栗,2024-04-15,9657
00909,國泰數位支付服務,12,0,12,富邦-苗栗,2024-04-15,9657
2884,玉山金,11,0,11,富邦-苗栗,2024-04-15,9657
2607,榮運,11,0,11,富邦-苗栗,2024-04-15,9657
5474,聰泰,11,0,11,富邦-苗栗,2024-04-15,9657
2002,中鋼,10,0,10,富邦-苗栗,2024-04-15,9657
2368,金像電,14,4,10,富邦-苗栗,2024-04-15,9657
00885,富邦越南,731,40,691,富邦-苗栗,2024-04-16,9657
00940,元大台灣價值高息,497,42,455,富邦-苗栗,2024-04-16,9657
00937B,群益ESG投等債20,217,0,217,富邦-苗栗,2024-04-16,9657
00929,復華台灣科技優息,285,148,137,富邦-苗栗,2024-04-16,9657
1605,華新,132,40,92,富邦-苗栗,2024-04-16,9657
00752,中信中國50,81,0,81,富邦-苗栗,2024-04-16,9657
2888,新光金,79,5,74,富邦-苗栗,2024-04-16,9657
00939,統一台灣高息動能,114,47,67,富邦-苗栗,2024-04-16,9657
00878,國泰永續高股息,61,2,59,富邦-苗栗,2024-04-16,9657
3231,緯創,57,6,51,富邦-苗栗,2024-04-16,9657
00688L,國泰20年美債正2,46,0,46,富邦-苗栗,2024-04-16,9657
00933B,國泰10Y+金融債,44,2,42,富邦-苗栗,2024-04-16,9657
2353,宏��,53,11,42,富邦-苗栗,2024-04-16,9657
00905,FT臺灣Smart,40,0,40,富邦-苗栗,2024-04-16,9657
0056,元大高股息,67,29,38,富邦-苗栗,2024-04-16,9657
2887,台新金,37,0,37,富邦-苗栗,2024-04-16,9657
3490,單井,42,5,37,富邦-苗栗,2024-04-16,9657
3481,群創,49,13,36,富邦-苗栗,2024-04-16,9657
2486,一詮,43,8,35,富邦-苗栗,2024-04-16,9657
5880,合庫金,34,0,34,富邦-苗栗,2024-04-16,9657
2867,三商壽,63,30,33,富邦-苗栗,2024-04-16,9657
2337,旺宏,32,0,32,富邦-苗栗,2024-04-16,9657
00931B,統一美債20年,32,1,31,富邦-苗栗,2024-04-16,9657
2883,凱基金,31,1,30,富邦-苗栗,2024-04-16,9657
2402,毅嘉,50,20,30,富邦-苗栗,2024-04-16,9657
6213,聯茂,35,7,28,富邦-苗栗,2024-04-16,9657
3645,達邁,28,0,28,富邦-苗栗,2024-04-16,9657
2330,台積電,29,2,27,富邦-苗栗,2024-04-16,9657
3083,網龍,26,0,26,富邦-苗栗,2024-04-16,9657
00679B,元大美債20年,29,3,26,富邦-苗栗,2024-04-16,9657
2002,中鋼,26,1,25,富邦-苗栗,2024-04-16,9657
2409,友達,25,0,25,富邦-苗栗,2024-04-16,9657
8271,宇瞻,25,0,25,富邦-苗栗,2024-04-16,9657
2610,華航,25,1,24,富邦-苗栗,2024-04-16,9657
5223,安力-KY,25,1,24,富邦-苗栗,2024-04-16,9657
00680L,元大美債20正2,22,0,22,富邦-苗栗,2024-04-16,9657
2308,台達電,22,1,21,富邦-苗栗,2024-04-16,9657
2498,宏達電,23,2,21,富邦-苗栗,2024-04-16,9657
5222,全訊,41,20,21,富邦-苗栗,2024-04-16,9657
6830,汎銓,20,0,20,富邦-苗栗,2024-04-16,9657
8033,雷虎,20,1,19,富邦-苗栗,2024-04-16,9657
00753L,中信中國50正2,20,1,19,富邦-苗栗,2024-04-16,9657
1609,大亞,109,90,19,富邦-苗栗,2024-04-16,9657
00830,國泰費城半導體,18,0,18,富邦-苗栗,2024-04-16,9657
8021,尖點,18,0,18,富邦-苗栗,2024-04-16,9657
2356,英業達,26,9,17,富邦-苗栗,2024-04-16,9657
6456,GIS-KY,17,0,17,富邦-苗栗,2024-04-16,9657
2889,國票金,16,0,16,富邦-苗栗,2024-04-16,9657
2609,陽明,19,3,16,富邦-苗栗,2024-04-16,9657
2344,華邦電,23,8,15,富邦-苗栗,2024-04-16,9657
00680L,元大美債20正2,106,0,106,富邦-苗栗,2024-04-17,9657
00937B,群益ESG投等債20,89,2,87,富邦-苗栗,2024-04-17,9657
6770,力積電,82,1,81,富邦-苗栗,2024-04-17,9657
00752,中信中國50,69,0,69,富邦-苗栗,2024-04-17,9657
00927,群益半導體收益,70,10,60,富邦-苗栗,2024-04-17,9657
3024,憶聲,60,0,60,富邦-苗栗,2024-04-17,9657
00940,元大台灣價值高息,67,10,57,富邦-苗栗,2024-04-17,9657
00933B,國泰10Y+金融債,57,0,57,富邦-苗栗,2024-04-17,9657
0056,元大高股息,58,1,57,富邦-苗栗,2024-04-17,9657
00919,群益台灣精選高息,66,16,50,富邦-苗栗,2024-04-17,9657
00753L,中信中國50正2,50,0,50,富邦-苗栗,2024-04-17,9657
00679B,元大美債20年,45,0,45,富邦-苗栗,2024-04-17,9657
00688L,國泰20年美債正2,42,0,42,富邦-苗栗,2024-04-17,9657
00687B,國泰20年美債,41,0,41,富邦-苗栗,2024-04-17,9657
00857B,永豐20年美公債,36,0,36,富邦-苗栗,2024-04-17,9657
00712,復華富時不動產,51,16,35,富邦-苗栗,2024-04-17,9657
00905,FT臺灣Smart,33,0,33,富邦-苗栗,2024-04-17,9657
00929,復華台灣科技優息,75,42,33,富邦-苗栗,2024-04-17,9657
1316,上曜,31,0,31,富邦-苗栗,2024-04-17,9657
3441,聯一光,30,0,30,富邦-苗栗,2024-04-17,9657
2889,國票金,30,4,26,富邦-苗栗,2024-04-17,9657
3481,群創,29,4,25,富邦-苗栗,2024-04-17,9657
2409,友達,25,0,25,富邦-苗栗,2024-04-17,9657
1314,中石化,25,1,24,富邦-苗栗,2024-04-17,9657
00878,國泰永續高股息,27,6,21,富邦-苗栗,2024-04-17,9657
2641,正德,20,0,20,富邦-苗栗,2024-04-17,9657
3231,緯創,51,32,19,富邦-苗栗,2024-04-17,9657
3592,瑞鼎,18,0,18,富邦-苗栗,2024-04-17,9657
2363,矽統,20,2,18,富邦-苗栗,2024-04-17,9657
00692,富邦公司治理,18,1,17,富邦-苗栗,2024-04-17,9657
2401,凌陽,20,3,17,富邦-苗栗,2024-04-17,9657
2630,亞航,29,12,17,富邦-苗栗,2024-04-17,9657
2881,富邦金,18,1,17,富邦-苗栗,2024-04-17,9657
2618,長榮航,15,0,15,富邦-苗栗,2024-04-17,9657
2303,聯電,18,3,15,富邦-苗栗,2024-04-17,9657
9904,寶成,15,0,15,富邦-苗栗,2024-04-17,9657
2887,台新金,15,1,14,富邦-苗栗,2024-04-17,9657
00918,大華優利高填息30,14,0,14,富邦-苗栗,2024-04-17,9657
2353,宏��,17,3,14,富邦-苗栗,2024-04-17,9657
00720B,元大投資級公司債,12,0,12,富邦-苗栗,2024-04-17,9657
2498,宏達電,12,0,12,富邦-苗栗,2024-04-17,9657
00885,富邦越南,12,0,12,富邦-苗栗,2024-04-17,9657
2506,太設,12,0,12,富邦-苗栗,2024-04-17,9657
3027,盛達,19,7,12,富邦-苗栗,2024-04-17,9657
1514,亞力,15,3,12,富邦-苗栗,2024-04-17,9657
00715L,期街口布蘭特正2,12,1,11,富邦-苗栗,2024-04-17,9657
3037,欣興,11,0,11,富邦-苗栗,2024-04-17,9657
00795B,中信美國公債20年,11,0,11,富邦-苗栗,2024-04-17,9657
1535,中宇,11,0,11,富邦-苗栗,2024-04-17,9657
2101,南港,11,0,11,富邦-苗栗,2024-04-17,9657
2406,國碩,106,1,105,富邦-苗栗,2024-04-18,9657
5381,合正,101,1,100,富邦-苗栗,2024-04-18,9657
00680L,元大美債20正2,100,1,99,富邦-苗栗,2024-04-18,9657
1605,華新,169,83,86,富邦-苗栗,2024-04-18,9657
00940,元大台灣價值高息,86,3,83,富邦-苗栗,2024-04-18,9657
0056,元大高股息,78,0,78,富邦-苗栗,2024-04-18,9657
00929,復華台灣科技優息,83,5,78,富邦-苗栗,2024-04-18,9657
00715L,期街口布蘭特正2,71,0,71,富邦-苗栗,2024-04-18,9657
3059,華晶科,62,1,61,富邦-苗栗,2024-04-18,9657
8028,昇陽半導體,60,0,60,富邦-苗栗,2024-04-18,9657
3024,憶聲,40,0,40,富邦-苗栗,2024-04-18,9657
00885,富邦越南,48,10,38,富邦-苗栗,2024-04-18,9657
3481,群創,74,36,38,富邦-苗栗,2024-04-18,9657
4142,國光生,34,1,33,富邦-苗栗,2024-04-18,9657
2014,中鴻,127,96,31,富邦-苗栗,2024-04-18,9657
00937B,群益ESG投等債20,55,25,30,富邦-苗栗,2024-04-18,9657
2329,華泰,33,7,26,富邦-苗栗,2024-04-18,9657
00919,群益台灣精選高息,29,4,25,富邦-苗栗,2024-04-18,9657
2374,佳能,26,1,25,富邦-苗栗,2024-04-18,9657
2371,大同,112,88,24,富邦-苗栗,2024-04-18,9657
00632R,元大台灣50反1,24,0,24,富邦-苗栗,2024-04-18,9657
1504,東元,30,10,20,富邦-苗栗,2024-04-18,9657
1609,大亞,60,41,19,富邦-苗栗,2024-04-18,9657
00933B,國泰10Y+金融債,31,12,19,富邦-苗栗,2024-04-18,9657
3622,洋華,23,4,19,富邦-苗栗,2024-04-18,9657
3707,漢磊,28,9,19,富邦-苗栗,2024-04-18,9657
8054,安國,34,15,19,富邦-苗栗,2024-04-18,9657
1314,中石化,20,1,19,富邦-苗栗,2024-04-18,9657
2009,第一銅,25,7,18,富邦-苗栗,2024-04-18,9657
00931B,統一美債20年,21,3,18,富邦-苗栗,2024-04-18,9657
4974,亞泰,18,1,17,富邦-苗栗,2024-04-18,9657
00687B,國泰20年美債,16,0,16,富邦-苗栗,2024-04-18,9657
00898,國泰基因免疫革命,15,0,15,富邦-苗栗,2024-04-18,9657
1304,台聚,15,0,15,富邦-苗栗,2024-04-18,9657
3630,新鉅科,15,0,15,富邦-苗栗,2024-04-18,9657
2867,三商壽,14,0,14,富邦-苗栗,2024-04-18,9657
2630,亞航,26,12,14,富邦-苗栗,2024-04-18,9657
3005,神基,12,0,12,富邦-苗栗,2024-04-18,9657
00927,群益半導體收益,41,30,11,富邦-苗栗,2024-04-18,9657
2905,三商,11,0,11,富邦-苗栗,2024-04-18,9657
2603,長榮,22,11,11,富邦-苗栗,2024-04-18,9657
00676R,富邦臺灣加權反1,110,100,10,富邦-苗栗,2024-04-18,9657
2030,彰源,10,0,10,富邦-苗栗,2024-04-18,9657
2913,農林,10,0,10,富邦-苗栗,2024-04-18,9657
3025,星通,12,2,10,富邦-苗栗,2024-04-18,9657
3490,單井,11,1,10,富邦-苗栗,2024-04-18,9657
8383,千附,11,1,10,富邦-苗栗,2024-04-18,9657
2303,聯電,25,16,9,富邦-苗栗,2024-04-18,9657
2356,英業達,15,6,9,富邦-苗栗,2024-04-18,9657
2337,旺宏,9,0,9,富邦-苗栗,2024-04-18,9657
00929,復華台灣科技優息,487,45,442,富邦-苗栗,2024-04-19,9657
00885,富邦越南,433,0,433,富邦-苗栗,2024-04-19,9657
0056,元大高股息,208,33,175,富邦-苗栗,2024-04-19,9657
00919,群益台灣精選高息,227,62,165,富邦-苗栗,2024-04-19,9657
00940,元大台灣價值高息,291,151,140,富邦-苗栗,2024-04-19,9657
00891,中信關鍵半導體,115,0,115,富邦-苗栗,2024-04-19,9657
00830,國泰費城半導體,82,5,77,富邦-苗栗,2024-04-19,9657
00878,國泰永續高股息,77,3,74,富邦-苗栗,2024-04-19,9657
1608,華榮,163,92,71,富邦-苗栗,2024-04-19,9657
2486,一詮,102,32,70,富邦-苗栗,2024-04-19,9657
3059,華晶科,144,80,64,富邦-苗栗,2024-04-19,9657
1609,大亞,219,161,58,富邦-苗栗,2024-04-19,9657
2464,盟立,53,0,53,富邦-苗栗,2024-04-19,9657
2888,新光金,48,0,48,富邦-苗栗,2024-04-19,9657
2303,聯電,73,26,47,富邦-苗栗,2024-04-19,9657
2330,台積電,55,11,44,富邦-苗栗,2024-04-19,9657
2317,鴻海,64,22,42,富邦-苗栗,2024-04-19,9657
2812,台中銀,38,0,38,富邦-苗栗,2024-04-19,9657
5512,力麒,89,52,37,富邦-苗栗,2024-04-19,9657
2881,富邦金,35,0,35,富邦-苗栗,2024-04-19,9657
00935,野村臺灣新科技50,34,0,34,富邦-苗栗,2024-04-19,9657
3024,憶聲,30,0,30,富邦-苗栗,2024-04-19,9657
8440,綠電,31,1,30,富邦-苗栗,2024-04-19,9657
00939,統一台灣高息動能,80,52,28,富邦-苗栗,2024-04-19,9657
2313,華通,100,74,26,富邦-苗栗,2024-04-19,9657
1612,宏泰,29,5,24,富邦-苗栗,2024-04-19,9657
2547,日勝生,26,2,24,富邦-苗栗,2024-04-19,9657
1616,億泰,37,14,23,富邦-苗栗,2024-04-19,9657
5347,世界,24,1,23,富邦-苗栗,2024-04-19,9657
2498,宏達電,23,1,22,富邦-苗栗,2024-04-19,9657
3013,晟銘電,26,4,22,富邦-苗栗,2024-04-19,9657
4974,亞泰,20,0,20,富邦-苗栗,2024-04-19,9657
2409,友達,19,0,19,富邦-苗栗,2024-04-19,9657
1605,華新,54,35,19,富邦-苗栗,2024-04-19,9657
4760,勤凱,19,0,19,富邦-苗栗,2024-04-19,9657
2356,英業達,24,6,18,富邦-苗栗,2024-04-19,9657
3231,緯創,24,7,17,富邦-苗栗,2024-04-19,9657
2002,中鋼,20,3,17,富邦-苗栗,2024-04-19,9657
5871,中租-KY,14,0,14,富邦-苗栗,2024-04-19,9657
00918,大華優利高填息30,15,1,14,富邦-苗栗,2024-04-19,9657
2610,華航,30,16,14,富邦-苗栗,2024-04-19,9657
4919,新唐,16,3,13,富邦-苗栗,2024-04-19,9657
2884,玉山金,23,10,13,富邦-苗栗,2024-04-19,9657
1325,恆大,13,0,13,富邦-苗栗,2024-04-19,9657
5515,建國,18,5,13,富邦-苗栗,2024-04-19,9657
2367,燿華,22,10,12,富邦-苗栗,2024-04-19,9657
00881,國泰台灣5G+,12,0,12,富邦-苗栗,2024-04-19,9657
00715L,期街口布蘭特正2,25,14,11,富邦-苗栗,2024-04-19,9657
00942B,台新美A公司債20+,11,0,11,富邦-苗栗,2024-04-19,9657
3374,精材,11,0,11,富邦-苗栗,2024-04-19,9657
00929,復華台灣科技優息,350,8,342,富邦-苗栗,2024-04-22,9657
00939,統一台灣高息動能,264,22,242,富邦-苗栗,2024-04-22,9657
00937B,群益ESG投等債20,154,1,153,富邦-苗栗,2024-04-22,9657
2488,漢平,105,0,105,富邦-苗栗,2024-04-22,9657
2303,聯電,87,5,82,富邦-苗栗,2024-04-22,9657
00940,元大台灣價值高息,107,32,75,富邦-苗栗,2024-04-22,9657
2353,宏��,74,1,73,富邦-苗栗,2024-04-22,9657
3703,欣陸,74,3,71,富邦-苗栗,2024-04-22,9657
2515,中工,87,20,67,富邦-苗栗,2024-04-22,9657
3231,緯創,72,7,65,富邦-苗栗,2024-04-22,9657
00919,群益台灣精選高息,92,32,60,富邦-苗栗,2024-04-22,9657
1608,華榮,85,38,47,富邦-苗栗,2024-04-22,9657
2402,毅嘉,39,2,37,富邦-苗栗,2024-04-22,9657
00878,國泰永續高股息,52,16,36,富邦-苗栗,2024-04-22,9657
2486,一詮,163,127,36,富邦-苗栗,2024-04-22,9657
3645,達邁,34,1,33,富邦-苗栗,2024-04-22,9657
2367,燿華,47,17,30,富邦-苗栗,2024-04-22,9657
2317,鴻海,39,11,28,富邦-苗栗,2024-04-22,9657
3059,華晶科,26,0,26,富邦-苗栗,2024-04-22,9657
9945,潤泰新,26,0,26,富邦-苗栗,2024-04-22,9657
5009,榮剛,26,1,25,富邦-苗栗,2024-04-22,9657
2409,友達,21,0,21,富邦-苗栗,2024-04-22,9657
6005,群益證,23,2,21,富邦-苗栗,2024-04-22,9657
2038,海光,20,0,20,富邦-苗栗,2024-04-22,9657
00673R,期元大S＆P原油反1,19,0,19,富邦-苗栗,2024-04-22,9657
1605,華新,31,15,16,富邦-苗栗,2024-04-22,9657
2889,國票金,16,0,16,富邦-苗栗,2024-04-22,9657
3481,群創,15,0,15,富邦-苗栗,2024-04-22,9657
2344,華邦電,15,0,15,富邦-苗栗,2024-04-22,9657
5251,天鉞電,19,4,15,富邦-苗栗,2024-04-22,9657
2543,皇昌,27,13,14,富邦-苗栗,2024-04-22,9657
00679B,元大美債20年,15,1,14,富邦-苗栗,2024-04-22,9657
0056,元大高股息,61,47,14,富邦-苗栗,2024-04-22,9657
3037,欣興,13,0,13,富邦-苗栗,2024-04-22,9657
8473,山林水,18,5,13,富邦-苗栗,2024-04-22,9657
00713,元大台灣高息低波,13,0,13,富邦-苗栗,2024-04-22,9657
00857B,永豐20年美公債,12,0,12,富邦-苗栗,2024-04-22,9657
4426,利勤,12,0,12,富邦-苗栗,2024-04-22,9657
1504,東元,22,11,11,富邦-苗栗,2024-04-22,9657
1612,宏泰,20,9,11,富邦-苗栗,2024-04-22,9657
5514,三豐,11,0,11,富邦-苗栗,2024-04-22,9657
2330,台積電,10,0,10,富邦-苗栗,2024-04-22,9657
2020,美亞,10,0,10,富邦-苗栗,2024-04-22,9657
3047,訊舟,10,0,10,富邦-苗栗,2024-04-22,9657
9907,統一實,10,0,10,富邦-苗栗,2024-04-22,9657
00891,中信關鍵半導體,19,10,9,富邦-苗栗,2024-04-22,9657
1609,大亞,59,50,9,富邦-苗栗,2024-04-22,9657
6125,廣運,12,4,8,富邦-苗栗,2024-04-22,9657
2034,允強,8,0,8,富邦-苗栗,2024-04-22,9657
2331,精英,8,0,8,富邦-苗栗,2024-04-22,9657
00919,群益台灣精選高息,107,7,100,富邦-苗栗,2024-04-23,9657
00929,復華台灣科技優息,99,17,82,富邦-苗栗,2024-04-23,9657
2353,宏��,73,1,72,富邦-苗栗,2024-04-23,9657
6770,力積電,84,14,70,富邦-苗栗,2024-04-23,9657
2313,華通,62,0,62,富邦-苗栗,2024-04-23,9657
2317,鴻海,50,19,31,富邦-苗栗,2024-04-23,9657
1710,東聯,30,0,30,富邦-苗栗,2024-04-23,9657
00940,元大台灣價值高息,40,16,24,富邦-苗栗,2024-04-23,9657
00941,中信上游半導體,21,0,21,富邦-苗栗,2024-04-23,9657
2449,京元電子,21,2,19,富邦-苗栗,2024-04-23,9657
2812,台中銀,20,1,19,富邦-苗栗,2024-04-23,9657
6541,泰福-KY,20,1,19,富邦-苗栗,2024-04-23,9657
6264,富裔,20,2,18,富邦-苗栗,2024-04-23,9657
5347,世界,16,0,16,富邦-苗栗,2024-04-23,9657
1612,宏泰,16,0,16,富邦-苗栗,2024-04-23,9657
2303,聯電,34,20,14,富邦-苗栗,2024-04-23,9657
5009,榮剛,14,1,13,富邦-苗栗,2024-04-23,9657
9902,台火,12,0,12,富邦-苗栗,2024-04-23,9657
00937B,群益ESG投等債20,11,0,11,富邦-苗栗,2024-04-23,9657
1314,中石化,11,0,11,富邦-苗栗,2024-04-23,9657
2488,漢平,11,0,11,富邦-苗栗,2024-04-23,9657
2516,新建,10,0,10,富邦-苗栗,2024-04-23,9657
2855,統一證,10,0,10,富邦-苗栗,2024-04-23,9657
2103,台橡,9,0,9,富邦-苗栗,2024-04-23,9657
2354,鴻準,18,9,9,富邦-苗栗,2024-04-23,9657
2547,日勝生,11,2,9,富邦-苗栗,2024-04-23,9657
3297,杭特,10,1,9,富邦-苗栗,2024-04-23,9657
5498,凱崴,10,1,9,富邦-苗栗,2024-04-23,9657
2402,毅嘉,7,0,7,富邦-苗栗,2024-04-23,9657
5371,中光電,7,0,7,富邦-苗栗,2024-04-23,9657
1616,億泰,6,0,6,富邦-苗栗,2024-04-23,9657
2748,雲品,6,0,6,富邦-苗栗,2024-04-23,9657
8027,鈦昇,6,0,6,富邦-苗栗,2024-04-23,9657
2603,長榮,9,4,5,富邦-苗栗,2024-04-23,9657
00878,國泰永續高股息,7,2,5,富邦-苗栗,2024-04-23,9657
1618,合機,7,2,5,富邦-苗栗,2024-04-23,9657
00923,群益台ESG低碳50,5,0,5,富邦-苗栗,2024-04-23,9657
00715L,期街口布蘭特正2,5,0,5,富邦-苗栗,2024-04-23,9657
1529,樂事綠能,5,0,5,富邦-苗栗,2024-04-23,9657
1909,榮成,5,0,5,富邦-苗栗,2024-04-23,9657
2359,所羅門,6,1,5,富邦-苗栗,2024-04-23,9657
6257,矽格,5,0,5,富邦-苗栗,2024-04-23,9657
6282,康舒,5,0,5,富邦-苗栗,2024-04-23,9657
8215,明基材,5,0,5,富邦-苗栗,2024-04-23,9657
3231,緯創,8,3,5,富邦-苗栗,2024-04-23,9657
2887,台新金,5,1,4,富邦-苗栗,2024-04-23,9657
1316,上曜,6,2,4,富邦-苗栗,2024-04-23,9657
1504,東元,5,1,4,富邦-苗栗,2024-04-23,9657
1722,台肥,6,2,4,富邦-苗栗,2024-04-23,9657
2073,雄順,4,0,4,富邦-苗栗,2024-04-23,9657
00919,群益台灣精選高息,1207,50,1157,富邦-苗栗,2024-04-24,9657
00632R,元大台灣50反1,138,1,137,富邦-苗栗,2024-04-24,9657
00940,元大台灣價值高息,123,13,110,富邦-苗栗,2024-04-24,9657
00671R,富邦NASDAQ反1,100,0,100,富邦-苗栗,2024-04-24,9657
5531,鄉林,68,0,68,富邦-苗栗,2024-04-24,9657
00687B,國泰20年美債,58,1,57,富邦-苗栗,2024-04-24,9657
4974,亞泰,41,0,41,富邦-苗栗,2024-04-24,9657
2886,兆豐金,36,3,33,富邦-苗栗,2024-04-24,9657
3481,群創,38,5,33,富邦-苗栗,2024-04-24,9657
6120,達運,30,1,29,富邦-苗栗,2024-04-24,9657
00679B,元大美債20年,26,0,26,富邦-苗栗,2024-04-24,9657
1101,台泥,22,0,22,富邦-苗栗,2024-04-24,9657
3024,憶聲,20,1,19,富邦-苗栗,2024-04-24,9657
4938,和碩,17,1,16,富邦-苗栗,2024-04-24,9657
6215,和椿,17,1,16,富邦-苗栗,2024-04-24,9657
2634,漢翔,16,0,16,富邦-苗栗,2024-04-24,9657
2605,新興,12,0,12,富邦-苗栗,2024-04-24,9657
5514,三豐,12,0,12,富邦-苗栗,2024-04-24,9657
5512,力麒,13,1,12,富邦-苗栗,2024-04-24,9657
3450,聯鈞,10,0,10,富邦-苗栗,2024-04-24,9657
2890,永豐金,10,0,10,富邦-苗栗,2024-04-24,9657
3230,錦明,12,2,10,富邦-苗栗,2024-04-24,9657
4726,永昕,10,0,10,富邦-苗栗,2024-04-24,9657
6873,泓德能源,10,0,10,富邦-苗栗,2024-04-24,9657
4760,勤凱,13,4,9,富邦-苗栗,2024-04-24,9657
2606,裕民,19,12,7,富邦-苗栗,2024-04-24,9657
00941,中信上游半導體,7,0,7,富邦-苗栗,2024-04-24,9657
6668,中揚光,10,3,7,富邦-苗栗,2024-04-24,9657
9902,台火,7,0,7,富邦-苗栗,2024-04-24,9657
2637,慧洋-KY,10,3,7,富邦-苗栗,2024-04-24,9657
5230,雷笛克光學,7,0,7,富邦-苗栗,2024-04-24,9657
2354,鴻準,32,25,7,富邦-苗栗,2024-04-24,9657
00878,國泰永續高股息,11,4,7,富邦-苗栗,2024-04-24,9657
00882,中信中國高股息,6,0,6,富邦-苗栗,2024-04-24,9657
2367,燿華,12,6,6,富邦-苗栗,2024-04-24,9657
2603,長榮,15,10,5,富邦-苗栗,2024-04-24,9657
1316,上曜,5,0,5,富邦-苗栗,2024-04-24,9657
6288,聯嘉,5,0,5,富邦-苗栗,2024-04-24,9657
00830,國泰費城半導體,5,0,5,富邦-苗栗,2024-04-24,9657
2393,億光,5,0,5,富邦-苗栗,2024-04-24,9657
2536,宏普,5,0,5,富邦-苗栗,2024-04-24,9657
3032,偉訓,5,0,5,富邦-苗栗,2024-04-24,9657
9919,康那香,6,1,5,富邦-苗栗,2024-04-24,9657
1314,中石化,5,0,5,富邦-苗栗,2024-04-24,9657
2891,中信金,5,0,5,富邦-苗栗,2024-04-24,9657
2486,一詮,22,18,4,富邦-苗栗,2024-04-24,9657
1451,年興,6,2,4,富邦-苗栗,2024-04-24,9657
1455,集盛,4,0,4,富邦-苗栗,2024-04-24,9657
1570,力肯,4,0,4,富邦-苗栗,2024-04-24,9657
4557,永新-KY,4,0,4,富邦-苗栗,2024-04-24,9657
00687B,國泰20年美債,118,0,118,富邦-苗栗,2024-04-25,9657
00940,元大台灣價值高息,94,4,90,富邦-苗栗,2024-04-25,9657
00929,復華台灣科技優息,129,51,78,富邦-苗栗,2024-04-25,9657
2317,鴻海,118,66,52,富邦-苗栗,2024-04-25,9657
00680L,元大美債20正2,52,0,52,富邦-苗栗,2024-04-25,9657
6770,力積電,42,0,42,富邦-苗栗,2024-04-25,9657
4974,亞泰,41,0,41,富邦-苗栗,2024-04-25,9657
00878,國泰永續高股息,40,0,40,富邦-苗栗,2024-04-25,9657
2736,富野,35,13,22,富邦-苗栗,2024-04-25,9657
2371,大同,48,33,15,富邦-苗栗,2024-04-25,9657
2748,雲品,18,3,15,富邦-苗栗,2024-04-25,9657
4919,新唐,17,2,15,富邦-苗栗,2024-04-25,9657
2515,中工,63,48,15,富邦-苗栗,2024-04-25,9657
2401,凌陽,13,0,13,富邦-苗栗,2024-04-25,9657
3645,達邁,13,0,13,富邦-苗栗,2024-04-25,9657
8068,全達,13,0,13,富邦-苗栗,2024-04-25,9657
2354,鴻準,12,0,12,富邦-苗栗,2024-04-25,9657
00919,群益台灣精選高息,31,19,12,富邦-苗栗,2024-04-25,9657
2498,宏達電,12,1,11,富邦-苗栗,2024-04-25,9657
00688L,國泰20年美債正2,11,0,11,富邦-苗栗,2024-04-25,9657
1109,信大,13,2,11,富邦-苗栗,2024-04-25,9657
2886,兆豐金,10,0,10,富邦-苗栗,2024-04-25,9657
5880,合庫金,10,0,10,富邦-苗栗,2024-04-25,9657
00937B,群益ESG投等債20,21,11,10,富邦-苗栗,2024-04-25,9657
3050,鈺德,10,0,10,富邦-苗栗,2024-04-25,9657
5251,天鉞電,11,1,10,富邦-苗栗,2024-04-25,9657
3450,聯鈞,10,0,10,富邦-苗栗,2024-04-25,9657
2330,台積電,10,1,9,富邦-苗栗,2024-04-25,9657
5512,力麒,10,1,9,富邦-苗栗,2024-04-25,9657
3083,網龍,9,0,9,富邦-苗栗,2024-04-25,9657
2630,亞航,9,0,9,富邦-苗栗,2024-04-25,9657
3231,緯創,12,3,9,富邦-苗栗,2024-04-25,9657
00679B,元大美債20年,8,0,8,富邦-苗栗,2024-04-25,9657
1710,東聯,8,0,8,富邦-苗栗,2024-04-25,9657
3297,杭特,9,1,8,富邦-苗栗,2024-04-25,9657
3035,智原,11,4,7,富邦-苗栗,2024-04-25,9657
2002,中鋼,8,1,7,富邦-苗栗,2024-04-25,9657
2359,所羅門,9,2,7,富邦-苗栗,2024-04-25,9657
3162,精確,7,0,7,富邦-苗栗,2024-04-25,9657
2101,南港,11,4,7,富邦-苗栗,2024-04-25,9657
2376,技嘉,7,0,7,富邦-苗栗,2024-04-25,9657
1513,中興電,15,8,7,富邦-苗栗,2024-04-25,9657
1609,大亞,44,37,7,富邦-苗栗,2024-04-25,9657
00939,統一台灣高息動能,6,0,6,富邦-苗栗,2024-04-25,9657
2382,廣達,12,6,6,富邦-苗栗,2024-04-25,9657
3013,晟銘電,16,10,6,富邦-苗栗,2024-04-25,9657
6139,亞翔,6,0,6,富邦-苗栗,2024-04-25,9657
2409,友達,11,5,6,富邦-苗栗,2024-04-25,9657
3024,憶聲,6,0,6,富邦-苗栗,2024-04-25,9657
3287,廣寰科,6,0,6,富邦-苗栗,2024-04-25,9657
00680L,元大美債20正2,158,0,158,富邦-苗栗,2024-04-26,9657
00671R,富邦NASDAQ反1,100,0,100,富邦-苗栗,2024-04-26,9657
00937B,群益ESG投等債20,90,0,90,富邦-苗栗,2024-04-26,9657
00632R,元大台灣50反1,73,6,67,富邦-苗栗,2024-04-26,9657
1314,中石化,224,161,63,富邦-苗栗,2024-04-26,9657
3059,華晶科,62,1,61,富邦-苗栗,2024-04-26,9657
00687B,國泰20年美債,59,0,59,富邦-苗栗,2024-04-26,9657
00929,復華台灣科技優息,44,0,44,富邦-苗栗,2024-04-26,9657
2363,矽統,38,1,37,富邦-苗栗,2024-04-26,9657
2371,大同,60,24,36,富邦-苗栗,2024-04-26,9657
00679B,元大美債20年,31,0,31,富邦-苗栗,2024-04-26,9657
2545,皇翔,32,1,31,富邦-苗栗,2024-04-26,9657
3481,群創,43,12,31,富邦-苗栗,2024-04-26,9657
3027,盛達,28,0,28,富邦-苗栗,2024-04-26,9657
6581,鋼聯,21,0,21,富邦-苗栗,2024-04-26,9657
2359,所羅門,51,31,20,富邦-苗栗,2024-04-26,9657
2515,中工,44,25,19,富邦-苗栗,2024-04-26,9657
1710,東聯,17,0,17,富邦-苗栗,2024-04-26,9657
3645,達邁,17,0,17,富邦-苗栗,2024-04-26,9657
3706,神達,17,1,16,富邦-苗栗,2024-04-26,9657
2504,國產,19,3,16,富邦-苗栗,2024-04-26,9657
1609,大亞,41,26,15,富邦-苗栗,2024-04-26,9657
1587,吉茂,19,4,15,富邦-苗栗,2024-04-26,9657
3013,晟銘電,22,7,15,富邦-苗栗,2024-04-26,9657
5443,均豪,17,2,15,富邦-苗栗,2024-04-26,9657
00933B,國泰10Y+金融債,16,2,14,富邦-苗栗,2024-04-26,9657
2464,盟立,29,15,14,富邦-苗栗,2024-04-26,9657
3163,波若威,20,7,13,富邦-苗栗,2024-04-26,9657
6190,萬泰科,13,0,13,富邦-苗栗,2024-04-26,9657
2486,一詮,65,53,12,富邦-苗栗,2024-04-26,9657
6288,聯嘉,12,0,12,富邦-苗栗,2024-04-26,9657
2511,太子,15,3,12,富邦-苗栗,2024-04-26,9657
6770,力積電,20,9,11,富邦-苗栗,2024-04-26,9657
00688L,國泰20年美債正2,11,0,11,富邦-苗栗,2024-04-26,9657
5381,合正,11,0,11,富邦-苗栗,2024-04-26,9657
00902,中信電池及儲能,10,0,10,富邦-苗栗,2024-04-26,9657
00898,國泰基因免疫革命,10,0,10,富邦-苗栗,2024-04-26,9657
00940,元大台灣價值高息,49,39,10,富邦-苗栗,2024-04-26,9657
1313,聯成,10,0,10,富邦-苗栗,2024-04-26,9657
4974,亞泰,10,0,10,富邦-苗栗,2024-04-26,9657
2408,南亞科,10,0,10,富邦-苗栗,2024-04-26,9657
1440,南紡,41,32,9,富邦-苗栗,2024-04-26,9657
2520,冠德,10,1,9,富邦-苗栗,2024-04-26,9657
2887,台新金,11,2,9,富邦-苗栗,2024-04-26,9657
4129,聯合,9,0,9,富邦-苗栗,2024-04-26,9657
00941,中信上游半導體,10,1,9,富邦-苗栗,2024-04-26,9657
3338,泰碩,10,1,9,富邦-苗栗,2024-04-26,9657
1101,台泥,9,0,9,富邦-苗栗,2024-04-26,9657
2316,楠梓電,11,3,8,富邦-苗栗,2024-04-26,9657
3055,蔚華科,8,0,8,富邦-苗栗,2024-04-26,9657
00632R,元大台灣50反1,269,1,268,富邦-苗栗,2024-04-29,9657
1717,長興,156,0,156,富邦-苗栗,2024-04-29,9657
2356,英業達,123,9,114,富邦-苗栗,2024-04-29,9657
2332,友訊,100,0,100,富邦-苗栗,2024-04-29,9657
2486,一詮,118,49,69,富邦-苗栗,2024-04-29,9657
2323,中環,71,10,61,富邦-苗栗,2024-04-29,9657
2605,新興,51,1,50,富邦-苗栗,2024-04-29,9657
2547,日勝生,54,7,47,富邦-苗栗,2024-04-29,9657
1314,中石化,175,134,41,富邦-苗栗,2024-04-29,9657
2363,矽統,59,20,39,富邦-苗栗,2024-04-29,9657
3027,盛達,38,2,36,富邦-苗栗,2024-04-29,9657
2511,太子,60,31,29,富邦-苗栗,2024-04-29,9657
2610,華航,34,10,24,富邦-苗栗,2024-04-29,9657
2014,中鴻,21,1,20,富邦-苗栗,2024-04-29,9657
3312,弘憶股,25,8,17,富邦-苗栗,2024-04-29,9657
2705,六福,16,0,16,富邦-苗栗,2024-04-29,9657
4155,訊映,16,0,16,富邦-苗栗,2024-04-29,9657
2449,京元電子,26,11,15,富邦-苗栗,2024-04-29,9657
2618,長榮航,45,31,14,富邦-苗栗,2024-04-29,9657
1455,集盛,20,7,13,富邦-苗栗,2024-04-29,9657
6873,泓德能源,11,0,11,富邦-苗栗,2024-04-29,9657
2009,第一銅,18,8,10,富邦-苗栗,2024-04-29,9657
1305,華夏,10,0,10,富邦-苗栗,2024-04-29,9657
1451,年興,10,0,10,富邦-苗栗,2024-04-29,9657
2061,風青,10,0,10,富邦-苗栗,2024-04-29,9657
3450,聯鈞,10,0,10,富邦-苗栗,2024-04-29,9657
3592,瑞鼎,10,0,10,富邦-苗栗,2024-04-29,9657
4919,新唐,12,2,10,富邦-苗栗,2024-04-29,9657
6550,北極星藥業-KY,10,0,10,富邦-苗栗,2024-04-29,9657
00919,群益台灣精選高息,13,3,10,富邦-苗栗,2024-04-29,9657
2371,大同,36,27,9,富邦-苗栗,2024-04-29,9657
8936,國統,10,1,9,富邦-苗栗,2024-04-29,9657
5009,榮剛,10,1,9,富邦-苗栗,2024-04-29,9657
3686,達能,9,0,9,富邦-苗栗,2024-04-29,9657
1587,吉茂,14,6,8,富邦-苗栗,2024-04-29,9657
2641,正德,10,2,8,富邦-苗栗,2024-04-29,9657
3297,杭特,8,0,8,富邦-苗栗,2024-04-29,9657
9902,台火,8,0,8,富邦-苗栗,2024-04-29,9657
6215,和椿,40,33,7,富邦-苗栗,2024-04-29,9657
1603,華電,7,0,7,富邦-苗栗,2024-04-29,9657
1513,中興電,14,7,7,富邦-苗栗,2024-04-29,9657
1459,聯發,7,0,7,富邦-苗栗,2024-04-29,9657
8440,綠電,7,0,7,富邦-苗栗,2024-04-29,9657
00665L,富邦�琤肭磪囓�2,6,0,6,富邦-苗栗,2024-04-29,9657
2313,華通,9,3,6,富邦-苗栗,2024-04-29,9657
3390,旭軟,6,0,6,富邦-苗栗,2024-04-29,9657
5351,鈺創,6,0,6,富邦-苗栗,2024-04-29,9657
6188,廣明,5,0,5,富邦-苗栗,2024-04-29,9657
00637L,元大滬深300正2,5,0,5,富邦-苗栗,2024-04-29,9657
1522,堤維西,6,1,5,富邦-苗栗,2024-04-29,9657
00940,元大台灣價值高息,256,0,256,富邦-苗栗,2024-04-30,9657
1717,長興,142,0,142,富邦-苗栗,2024-04-30,9657
2913,農林,77,2,75,富邦-苗栗,2024-04-30,9657
3481,群創,90,24,66,富邦-苗栗,2024-04-30,9657
2880,華南金,39,1,38,富邦-苗栗,2024-04-30,9657
2515,中工,56,21,35,富邦-苗栗,2024-04-30,9657
2887,台新金,31,4,27,富邦-苗栗,2024-04-30,9657
2363,矽統,54,27,27,富邦-苗栗,2024-04-30,9657
00929,復華台灣科技優息,26,3,23,富邦-苗栗,2024-04-30,9657
3711,日月光投控,20,0,20,富邦-苗栗,2024-04-30,9657
6581,鋼聯,20,0,20,富邦-苗栗,2024-04-30,9657
2353,宏��,22,3,19,富邦-苗栗,2024-04-30,9657
2201,裕隆,21,2,19,富邦-苗栗,2024-04-30,9657
2449,京元電子,22,6,16,富邦-苗栗,2024-04-30,9657
2888,新光金,25,10,15,富邦-苗栗,2024-04-30,9657
1457,宜進,14,0,14,富邦-苗栗,2024-04-30,9657
2108,南帝,13,0,13,富邦-苗栗,2024-04-30,9657
00878,國泰永續高股息,30,18,12,富邦-苗栗,2024-04-30,9657
2359,所羅門,19,8,11,富邦-苗栗,2024-04-30,9657
8147,正淩,11,0,11,富邦-苗栗,2024-04-30,9657
1434,福懋,10,0,10,富邦-苗栗,2024-04-30,9657
3217,優群,10,0,10,富邦-苗栗,2024-04-30,9657
00637L,元大滬深300正2,10,0,10,富邦-苗栗,2024-04-30,9657
00715L,期街口布蘭特正2,10,0,10,富邦-苗栗,2024-04-30,9657
2611,志信,31,21,10,富邦-苗栗,2024-04-30,9657
2641,正德,10,0,10,富邦-苗栗,2024-04-30,9657
2836,高雄銀,10,0,10,富邦-苗栗,2024-04-30,9657
3083,網龍,10,0,10,富邦-苗栗,2024-04-30,9657
3592,瑞鼎,10,0,10,富邦-苗栗,2024-04-30,9657
6264,富裔,11,1,10,富邦-苗栗,2024-04-30,9657
6603,富強鑫,10,0,10,富邦-苗栗,2024-04-30,9657
6873,泓德能源,10,0,10,富邦-苗栗,2024-04-30,9657
2104,國際中橡,10,0,10,富邦-苗栗,2024-04-30,9657
1217,愛之味,11,3,8,富邦-苗栗,2024-04-30,9657
6770,力積電,8,0,8,富邦-苗栗,2024-04-30,9657
00706L,期元大S＆P日圓正2,10,3,7,富邦-苗栗,2024-04-30,9657
2002,中鋼,8,1,7,富邦-苗栗,2024-04-30,9657
2501,國建,15,8,7,富邦-苗栗,2024-04-30,9657
2511,太子,7,0,7,富邦-苗栗,2024-04-30,9657
2705,六福,7,0,7,富邦-苗栗,2024-04-30,9657
6552,易華電,8,2,6,富邦-苗栗,2024-04-30,9657
8210,勤誠,7,1,6,富邦-苗栗,2024-04-30,9657
00632R,元大台灣50反1,6,0,6,富邦-苗栗,2024-04-30,9657
1560,中砂,7,1,6,富邦-苗栗,2024-04-30,9657
6419,京晨科,6,0,6,富邦-苗栗,2024-04-30,9657
1310,台苯,5,0,5,富邦-苗栗,2024-04-30,9657
6290,良維,5,0,5,富邦-苗栗,2024-04-30,9657
00909,國泰數位支付服務,5,0,5,富邦-苗栗,2024-04-30,9657
2208,台船,5,0,5,富邦-苗栗,2024-04-30,9657
2498,宏達電,6,1,5,富邦-苗栗,2024-04-30,9657
2486,一詮,111,10,101,富邦-苗栗,2024-05-02,9657
00878,國泰永續高股息,115,16,99,富邦-苗栗,2024-05-02,9657
00940,元大台灣價值高息,101,5,96,富邦-苗栗,2024-05-02,9657
00715L,期街口布蘭特正2,115,20,95,富邦-苗栗,2024-05-02,9657
00632R,元大台灣50反1,76,0,76,富邦-苗栗,2024-05-02,9657
3059,華晶科,63,5,58,富邦-苗栗,2024-05-02,9657
00929,復華台灣科技優息,62,5,57,富邦-苗栗,2024-05-02,9657
3481,群創,75,22,53,富邦-苗栗,2024-05-02,9657
00679B,元大美債20年,51,0,51,富邦-苗栗,2024-05-02,9657
1314,中石化,60,17,43,富邦-苗栗,2024-05-02,9657
4306,炎洲,40,0,40,富邦-苗栗,2024-05-02,9657
2101,南港,36,1,35,富邦-苗栗,2024-05-02,9657
2887,台新金,34,1,33,富邦-苗栗,2024-05-02,9657
00937B,群益ESG投等債20,54,26,28,富邦-苗栗,2024-05-02,9657
2337,旺宏,21,0,21,富邦-苗栗,2024-05-02,9657
3027,盛達,20,0,20,富邦-苗栗,2024-05-02,9657
2509,全坤建,20,0,20,富邦-苗栗,2024-05-02,9657
4974,亞泰,20,0,20,富邦-苗栗,2024-05-02,9657
00919,群益台灣精選高息,23,5,18,富邦-苗栗,2024-05-02,9657
6113,亞矽,23,5,18,富邦-苗栗,2024-05-02,9657
6177,達麗,39,21,18,富邦-苗栗,2024-05-02,9657
00830,國泰費城半導體,17,0,17,富邦-苗栗,2024-05-02,9657
3711,日月光投控,17,0,17,富邦-苗栗,2024-05-02,9657
00939,統一台灣高息動能,14,0,14,富邦-苗栗,2024-05-02,9657
2367,燿華,19,6,13,富邦-苗栗,2024-05-02,9657
6873,泓德能源,13,0,13,富邦-苗栗,2024-05-02,9657
2330,台積電,12,0,12,富邦-苗栗,2024-05-02,9657
2498,宏達電,12,0,12,富邦-苗栗,2024-05-02,9657
8054,安國,12,0,12,富邦-苗栗,2024-05-02,9657
8070,長華*,12,0,12,富邦-苗栗,2024-05-02,9657
2352,佳世達,11,0,11,富邦-苗栗,2024-05-02,9657
2515,中工,42,32,10,富邦-苗栗,2024-05-02,9657
2104,國際中橡,10,0,10,富邦-苗栗,2024-05-02,9657
2401,凌陽,10,0,10,富邦-苗栗,2024-05-02,9657
2467,志聖,11,1,10,富邦-苗栗,2024-05-02,9657
9934,成霖,10,0,10,富邦-苗栗,2024-05-02,9657
1909,榮成,10,1,9,富邦-苗栗,2024-05-02,9657
2705,六福,10,1,9,富邦-苗栗,2024-05-02,9657
3287,廣寰科,14,5,9,富邦-苗栗,2024-05-02,9657
2545,皇翔,20,11,9,富邦-苗栗,2024-05-02,9657
6770,力積電,16,7,9,富邦-苗栗,2024-05-02,9657
2603,長榮,16,7,9,富邦-苗栗,2024-05-02,9657
1815,富喬,8,0,8,富邦-苗栗,2024-05-02,9657
2546,根基,10,2,8,富邦-苗栗,2024-05-02,9657
00936,台新永續高息中小,8,0,8,富邦-苗栗,2024-05-02,9657
2009,第一銅,11,4,7,富邦-苗栗,2024-05-02,9657
2323,中環,12,5,7,富邦-苗栗,2024-05-02,9657
2419,仲琦,7,0,7,富邦-苗栗,2024-05-02,9657
2504,國產,10,3,7,富邦-苗栗,2024-05-02,9657
3686,達能,6,0,6,富邦-苗栗,2024-05-02,9657
00929,復華台灣科技優息,316,6,310,富邦-苗栗,2024-05-03,9657
00937B,群益ESG投等債20,156,21,135,富邦-苗栗,2024-05-03,9657
3059,華晶科,100,3,97,富邦-苗栗,2024-05-03,9657
2303,聯電,103,22,81,富邦-苗栗,2024-05-03,9657
00715L,期街口布蘭特正2,41,0,41,富邦-苗栗,2024-05-03,9657
2520,冠德,41,0,41,富邦-苗栗,2024-05-03,9657
4974,亞泰,40,0,40,富邦-苗栗,2024-05-03,9657
00679B,元大美債20年,43,10,33,富邦-苗栗,2024-05-03,9657
3645,達邁,32,1,31,富邦-苗栗,2024-05-03,9657
2344,華邦電,28,0,28,富邦-苗栗,2024-05-03,9657
00936,台新永續高息中小,25,0,25,富邦-苗栗,2024-05-03,9657
00940,元大台灣價值高息,31,7,24,富邦-苗栗,2024-05-03,9657
3027,盛達,22,0,22,富邦-苗栗,2024-05-03,9657
3481,群創,33,11,22,富邦-苗栗,2024-05-03,9657
1305,華夏,21,0,21,富邦-苗栗,2024-05-03,9657
4306,炎洲,20,0,20,富邦-苗栗,2024-05-03,9657
00665L,富邦�琤肭磪囓�2,20,1,19,富邦-苗栗,2024-05-03,9657
2527,宏璟,20,1,19,富邦-苗栗,2024-05-03,9657
8070,長華*,18,0,18,富邦-苗栗,2024-05-03,9657
2609,陽明,24,7,17,富邦-苗栗,2024-05-03,9657
2845,遠東銀,20,3,17,富邦-苗栗,2024-05-03,9657
1314,中石化,31,14,17,富邦-苗栗,2024-05-03,9657
3231,緯創,18,2,16,富邦-苗栗,2024-05-03,9657
3490,單井,15,2,13,富邦-苗栗,2024-05-03,9657
1316,上曜,28,15,13,富邦-苗栗,2024-05-03,9657
2369,菱生,12,0,12,富邦-苗栗,2024-05-03,9657
2634,漢翔,15,3,12,富邦-苗栗,2024-05-03,9657
2736,富野,12,0,12,富邦-苗栗,2024-05-03,9657
1608,華榮,13,2,11,富邦-苗栗,2024-05-03,9657
9945,潤泰新,22,11,11,富邦-苗栗,2024-05-03,9657
4714,永捷,41,30,11,富邦-苗栗,2024-05-03,9657
1513,中興電,19,8,11,富邦-苗栗,2024-05-03,9657
3058,立德,10,0,10,富邦-苗栗,2024-05-03,9657
00636,國泰中國A50,10,0,10,富邦-苗栗,2024-05-03,9657
00697B,元大美債7-10,10,0,10,富邦-苗栗,2024-05-03,9657
00945B,凱基美國非投等債,10,0,10,富邦-苗栗,2024-05-03,9657
1227,佳格,10,0,10,富邦-苗栗,2024-05-03,9657
2705,六福,10,0,10,富邦-苗栗,2024-05-03,9657
3715,定穎投控,11,1,10,富邦-苗栗,2024-05-03,9657
6264,富裔,10,0,10,富邦-苗栗,2024-05-03,9657
5512,力麒,10,0,10,富邦-苗栗,2024-05-03,9657
1584,精剛,10,1,9,富邦-苗栗,2024-05-03,9657
6442,光聖,29,20,9,富邦-苗栗,2024-05-03,9657
2371,大同,18,9,9,富邦-苗栗,2024-05-03,9657
1101,台泥,21,13,8,富邦-苗栗,2024-05-03,9657
1603,華電,8,0,8,富邦-苗栗,2024-05-03,9657
1612,宏泰,10,2,8,富邦-苗栗,2024-05-03,9657
2801,彰銀,10,2,8,富邦-苗栗,2024-05-03,9657
3707,漢磊,11,3,8,富邦-苗栗,2024-05-03,9657
00712,復華富時不動產,7,0,7,富邦-苗栗,2024-05-03,9657
00929,復華台灣科技優息,124,15,109,富邦-苗栗,2024-05-06,9657
2344,華邦電,129,24,105,富邦-苗栗,2024-05-06,9657
2834,臺企銀,72,5,67,富邦-苗栗,2024-05-06,9657
00937B,群益ESG投等債20,90,27,63,富邦-苗栗,2024-05-06,9657
00891,中信關鍵半導體,56,0,56,富邦-苗栗,2024-05-06,9657
3028,增你強,50,0,50,富邦-苗栗,2024-05-06,9657
2313,華通,50,1,49,富邦-苗栗,2024-05-06,9657
00878,國泰永續高股息,42,3,39,富邦-苗栗,2024-05-06,9657
4919,新唐,35,4,31,富邦-苗栗,2024-05-06,9657
6282,康舒,34,3,31,富邦-苗栗,2024-05-06,9657
2603,長榮,31,7,24,富邦-苗栗,2024-05-06,9657
00919,群益台灣精選高息,27,3,24,富邦-苗栗,2024-05-06,9657
6005,群益證,25,3,22,富邦-苗栗,2024-05-06,9657
4513,福裕,24,5,19,富邦-苗栗,2024-05-06,9657
00673R,期元大S＆P原油反1,21,3,18,富邦-苗栗,2024-05-06,9657
3645,達邁,18,0,18,富邦-苗栗,2024-05-06,9657
6113,亞矽,15,1,14,富邦-苗栗,2024-05-06,9657
9945,潤泰新,25,12,13,富邦-苗栗,2024-05-06,9657
00918,大華優利高填息30,15,2,13,富邦-苗栗,2024-05-06,9657
3044,健鼎,14,1,13,富邦-苗栗,2024-05-06,9657
3027,盛達,12,0,12,富邦-苗栗,2024-05-06,9657
2449,京元電子,23,12,11,富邦-苗栗,2024-05-06,9657
5519,隆大,16,5,11,富邦-苗栗,2024-05-06,9657
1513,中興電,16,5,11,富邦-苗栗,2024-05-06,9657
2405,輔信,10,0,10,富邦-苗栗,2024-05-06,9657
00632R,元大台灣50反1,10,0,10,富邦-苗栗,2024-05-06,9657
2356,英業達,26,16,10,富邦-苗栗,2024-05-06,9657
2388,威盛,14,4,10,富邦-苗栗,2024-05-06,9657
2482,連宇,10,0,10,富邦-苗栗,2024-05-06,9657
6125,廣運,10,0,10,富邦-苗栗,2024-05-06,9657
2545,皇翔,9,0,9,富邦-苗栗,2024-05-06,9657
4164,承業醫,10,1,9,富邦-苗栗,2024-05-06,9657
3481,群創,17,8,9,富邦-苗栗,2024-05-06,9657
1504,東元,20,12,8,富邦-苗栗,2024-05-06,9657
3707,漢磊,8,0,8,富邦-苗栗,2024-05-06,9657
6547,高端疫苗,8,0,8,富邦-苗栗,2024-05-06,9657
4533,協易機,14,7,7,富邦-苗栗,2024-05-06,9657
00936,台新永續高息中小,10,3,7,富邦-苗栗,2024-05-06,9657
3060,銘異,10,3,7,富邦-苗栗,2024-05-06,9657
3231,緯創,17,10,7,富邦-苗栗,2024-05-06,9657
5512,力麒,15,9,6,富邦-苗栗,2024-05-06,9657
2301,光寶科,6,0,6,富邦-苗栗,2024-05-06,9657
3029,零壹,6,0,6,富邦-苗栗,2024-05-06,9657
3706,神達,6,0,6,富邦-苗栗,2024-05-06,9657
4716,大立,6,0,6,富邦-苗栗,2024-05-06,9657
4746,台耀,6,0,6,富邦-苗栗,2024-05-06,9657
8011,台通,6,0,6,富邦-苗栗,2024-05-06,9657
8059,凱碩,6,0,6,富邦-苗栗,2024-05-06,9657
00715L,期街口布蘭特正2,6,1,5,富邦-苗栗,2024-05-06,9657
2323,中環,6,1,5,富邦-苗栗,2024-05-06,9657
00919,群益台灣精選高息,163,12,151,富邦-苗栗,2024-05-07,9657
3033,威健,111,14,97,富邦-苗栗,2024-05-07,9657
00937B,群益ESG投等債20,105,8,97,富邦-苗栗,2024-05-07,9657
2362,藍天,91,7,84,富邦-苗栗,2024-05-07,9657
3059,華晶科,100,47,53,富邦-苗栗,2024-05-07,9657
00632R,元大台灣50反1,51,0,51,富邦-苗栗,2024-05-07,9657
2836,高雄銀,50,0,50,富邦-苗栗,2024-05-07,9657
2913,農林,41,0,41,富邦-苗栗,2024-05-07,9657
6213,聯茂,38,5,33,富邦-苗栗,2024-05-07,9657
00878,國泰永續高股息,34,4,30,富邦-苗栗,2024-05-07,9657
2888,新光金,27,0,27,富邦-苗栗,2024-05-07,9657
1453,大將,39,14,25,富邦-苗栗,2024-05-07,9657
2515,中工,43,20,23,富邦-苗栗,2024-05-07,9657
2328,廣宇,22,0,22,富邦-苗栗,2024-05-07,9657
00680L,元大美債20正2,20,0,20,富邦-苗栗,2024-05-07,9657
00936,台新永續高息中小,20,0,20,富邦-苗栗,2024-05-07,9657
3714,富采,20,1,19,富邦-苗栗,2024-05-07,9657
1612,宏泰,23,4,19,富邦-苗栗,2024-05-07,9657
2301,光寶科,17,0,17,富邦-苗栗,2024-05-07,9657
3645,達邁,19,2,17,富邦-苗栗,2024-05-07,9657
8070,長華*,17,0,17,富邦-苗栗,2024-05-07,9657
2344,華邦電,37,21,16,富邦-苗栗,2024-05-07,9657
2365,昆盈,18,2,16,富邦-苗栗,2024-05-07,9657
3013,晟銘電,39,24,15,富邦-苗栗,2024-05-07,9657
6005,群益證,16,1,15,富邦-苗栗,2024-05-07,9657
2486,一詮,78,64,14,富邦-苗栗,2024-05-07,9657
00940,元大台灣價值高息,24,10,14,富邦-苗栗,2024-05-07,9657
1219,福壽,12,0,12,富邦-苗栗,2024-05-07,9657
5009,榮剛,12,0,12,富邦-苗栗,2024-05-07,9657
5531,鄉林,19,7,12,富邦-苗栗,2024-05-07,9657
6125,廣運,16,4,12,富邦-苗栗,2024-05-07,9657
6290,良維,12,1,11,富邦-苗栗,2024-05-07,9657
3357,臺慶科,12,1,11,富邦-苗栗,2024-05-07,9657
2317,鴻海,42,31,11,富邦-苗栗,2024-05-07,9657
00926,凱基全球菁英55,11,0,11,富邦-苗栗,2024-05-07,9657
2618,長榮航,50,39,11,富邦-苗栗,2024-05-07,9657
5512,力麒,14,4,10,富邦-苗栗,2024-05-07,9657
1305,華夏,10,0,10,富邦-苗栗,2024-05-07,9657
2498,宏達電,13,3,10,富邦-苗栗,2024-05-07,9657
00673R,期元大S＆P原油反1,10,0,10,富邦-苗栗,2024-05-07,9657
00942B,台新美A公司債20+,10,0,10,富邦-苗栗,2024-05-07,9657
1409,新纖,30,20,10,富邦-苗栗,2024-05-07,9657
1451,年興,10,0,10,富邦-苗栗,2024-05-07,9657
1615,大山,10,0,10,富邦-苗栗,2024-05-07,9657
00712,復華富時不動產,15,5,10,富邦-苗栗,2024-05-07,9657
00772B,中信高評級公司債,10,1,9,富邦-苗栗,2024-05-07,9657
2025,千興,9,0,9,富邦-苗栗,2024-05-07,9657
2464,盟立,14,5,9,富邦-苗栗,2024-05-07,9657
4933,友輝,11,2,9,富邦-苗栗,2024-05-07,9657
2363,矽統,86,78,8,富邦-苗栗,2024-05-07,9657
00671R,富邦NASDAQ反1,300,0,300,富邦-苗栗,2024-05-08,9657
2374,佳能,75,3,72,富邦-苗栗,2024-05-08,9657
00940,元大台灣價值高息,72,21,51,富邦-苗栗,2024-05-08,9657
00929,復華台灣科技優息,50,8,42,富邦-苗栗,2024-05-08,9657
1612,宏泰,45,6,39,富邦-苗栗,2024-05-08,9657
00936,台新永續高息中小,31,0,31,富邦-苗栗,2024-05-08,9657
5880,合庫金,31,0,31,富邦-苗栗,2024-05-08,9657
3047,訊舟,30,0,30,富邦-苗栗,2024-05-08,9657
5521,工信,30,0,30,富邦-苗栗,2024-05-08,9657
1101,台泥,29,1,28,富邦-苗栗,2024-05-08,9657
00878,國泰永續高股息,30,8,22,富邦-苗栗,2024-05-08,9657
4513,福裕,41,20,21,富邦-苗栗,2024-05-08,9657
3312,弘憶股,21,0,21,富邦-苗栗,2024-05-08,9657
2618,長榮航,25,5,20,富邦-苗栗,2024-05-08,9657
1608,華榮,37,17,20,富邦-苗栗,2024-05-08,9657
3059,華晶科,21,1,20,富邦-苗栗,2024-05-08,9657
2317,鴻海,27,8,19,富邦-苗栗,2024-05-08,9657
3706,神達,31,15,16,富邦-苗栗,2024-05-08,9657
2603,長榮,34,19,15,富邦-苗栗,2024-05-08,9657
5871,中租-KY,17,3,14,富邦-苗栗,2024-05-08,9657
2323,中環,14,0,14,富邦-苗栗,2024-05-08,9657
2328,廣宇,13,0,13,富邦-苗栗,2024-05-08,9657
1434,福懋,13,0,13,富邦-苗栗,2024-05-08,9657
2889,國票金,14,1,13,富邦-苗栗,2024-05-08,9657
1618,合機,17,6,11,富邦-苗栗,2024-05-08,9657
00919,群益台灣精選高息,15,5,10,富邦-苗栗,2024-05-08,9657
00715L,期街口布蘭特正2,15,5,10,富邦-苗栗,2024-05-08,9657
1785,光洋科,10,0,10,富邦-苗栗,2024-05-08,9657
2313,華通,10,0,10,富邦-苗栗,2024-05-08,9657
2409,友達,10,0,10,富邦-苗栗,2024-05-08,9657
2476,鉅祥,10,0,10,富邦-苗栗,2024-05-08,9657
3094,聯傑,10,0,10,富邦-苗栗,2024-05-08,9657
3036,文曄,9,0,9,富邦-苗栗,2024-05-08,9657
1616,億泰,18,9,9,富邦-苗栗,2024-05-08,9657
2354,鴻準,11,2,9,富邦-苗栗,2024-05-08,9657
3234,光環,9,0,9,富邦-苗栗,2024-05-08,9657
1609,大亞,51,43,8,富邦-苗栗,2024-05-08,9657
8234,新漢,10,2,8,富邦-苗栗,2024-05-08,9657
2606,裕民,41,33,8,富邦-苗栗,2024-05-08,9657
2637,慧洋-KY,21,13,8,富邦-苗栗,2024-05-08,9657
4303,信立,9,1,8,富邦-苗栗,2024-05-08,9657
5392,能率,9,1,8,富邦-苗栗,2024-05-08,9657
00753L,中信中國50正2,9,2,7,富邦-苗栗,2024-05-08,9657
2062,橋椿,7,0,7,富邦-苗栗,2024-05-08,9657
2338,光罩,13,6,7,富邦-苗栗,2024-05-08,9657
2617,台航,14,7,7,富邦-苗栗,2024-05-08,9657
3055,蔚華科,7,0,7,富邦-苗栗,2024-05-08,9657
3372,典範,12,5,7,富邦-苗栗,2024-05-08,9657
8110,華東,7,0,7,富邦-苗栗,2024-05-08,9657
00882,中信中國高股息,15,8,7,富邦-苗栗,2024-05-08,9657
00937B,群益ESG投等債20,185,6,179,富邦-苗栗,2024-05-09,9657
00946,群益科技高息成長,181,21,160,富邦-苗栗,2024-05-09,9657
00929,復華台灣科技優息,99,7,92,富邦-苗栗,2024-05-09,9657
3059,華晶科,70,0,70,富邦-苗栗,2024-05-09,9657
2367,燿華,83,16,67,富邦-苗栗,2024-05-09,9657
00944,野村趨勢動能高息,59,4,55,富邦-苗栗,2024-05-09,9657
00936,台新永續高息中小,52,0,52,富邦-苗栗,2024-05-09,9657
2838,聯邦銀,50,0,50,富邦-苗栗,2024-05-09,9657
3706,神達,50,1,49,富邦-苗栗,2024-05-09,9657
00878,國泰永續高股息,52,10,42,富邦-苗栗,2024-05-09,9657
2103,台橡,40,0,40,富邦-苗栗,2024-05-09,9657
3027,盛達,40,0,40,富邦-苗栗,2024-05-09,9657
2618,長榮航,48,12,36,富邦-苗栗,2024-05-09,9657
6227,茂綸,31,0,31,富邦-苗栗,2024-05-09,9657
1727,中華化,30,0,30,富邦-苗栗,2024-05-09,9657
00753L,中信中國50正2,25,0,25,富邦-苗栗,2024-05-09,9657
00680L,元大美債20正2,24,0,24,富邦-苗栗,2024-05-09,9657
4974,亞泰,23,1,22,富邦-苗栗,2024-05-09,9657
3231,緯創,30,10,20,富邦-苗栗,2024-05-09,9657
1616,億泰,21,1,20,富邦-苗栗,2024-05-09,9657
6125,廣運,33,14,19,富邦-苗栗,2024-05-09,9657
3260,威剛,19,2,17,富邦-苗栗,2024-05-09,9657
2062,橋椿,20,3,17,富邦-苗栗,2024-05-09,9657
00940,元大台灣價值高息,24,8,16,富邦-苗栗,2024-05-09,9657
02001B,統一美國政府債N,16,0,16,富邦-苗栗,2024-05-09,9657
6141,柏承,16,0,16,富邦-苗栗,2024-05-09,9657
5871,中租-KY,16,1,15,富邦-苗栗,2024-05-09,9657
6113,亞矽,15,0,15,富邦-苗栗,2024-05-09,9657
1609,大亞,18,4,14,富邦-苗栗,2024-05-09,9657
8112,至上,15,2,13,富邦-苗栗,2024-05-09,9657
2515,中工,13,0,13,富邦-苗栗,2024-05-09,9657
2317,鴻海,50,37,13,富邦-苗栗,2024-05-09,9657
2344,華邦電,12,0,12,富邦-苗栗,2024-05-09,9657
2498,宏達電,21,9,12,富邦-苗栗,2024-05-09,9657
2897,王道銀行,12,0,12,富邦-苗栗,2024-05-09,9657
3060,銘異,12,0,12,富邦-苗栗,2024-05-09,9657
2409,友達,12,1,11,富邦-苗栗,2024-05-09,9657
3036,文曄,11,1,10,富邦-苗栗,2024-05-09,9657
00772B,中信高評級公司債,10,0,10,富邦-苗栗,2024-05-09,9657
1316,上曜,11,1,10,富邦-苗栗,2024-05-09,9657
3313,斐成,10,0,10,富邦-苗栗,2024-05-09,9657
4167,松瑞藥,10,0,10,富邦-苗栗,2024-05-09,9657
6155,鈞寶,10,0,10,富邦-苗栗,2024-05-09,9657
6603,富強鑫,10,0,10,富邦-苗栗,2024-05-09,9657
8271,宇瞻,10,0,10,富邦-苗栗,2024-05-09,9657
2884,玉山金,9,0,9,富邦-苗栗,2024-05-09,9657
1314,中石化,11,2,9,富邦-苗栗,2024-05-09,9657
8085,福華,10,1,9,富邦-苗栗,2024-05-09,9657
2605,新興,30,22,8,富邦-苗栗,2024-05-09,9657
2363,矽統,19,11,8,富邦-苗栗,2024-05-09,9657
00929,復華台灣科技優息,178,9,169,富邦-苗栗,2024-05-10,9657
6770,力積電,84,2,82,富邦-苗栗,2024-05-10,9657
00937B,群益ESG投等債20,94,31,63,富邦-苗栗,2024-05-10,9657
3028,增你強,50,0,50,富邦-苗栗,2024-05-10,9657
00946,群益科技高息成長,56,12,44,富邦-苗栗,2024-05-10,9657
1611,中電,30,0,30,富邦-苗栗,2024-05-10,9657
2905,三商,30,0,30,富邦-苗栗,2024-05-10,9657
2382,廣達,26,1,25,富邦-苗栗,2024-05-10,9657
6125,廣運,26,3,23,富邦-苗栗,2024-05-10,9657
2892,第一金,22,0,22,富邦-苗栗,2024-05-10,9657
3059,華晶科,22,1,21,富邦-苗栗,2024-05-10,9657
2812,台中銀,24,4,20,富邦-苗栗,2024-05-10,9657
8112,至上,23,4,19,富邦-苗栗,2024-05-10,9657
4562,穎漢,27,9,18,富邦-苗栗,2024-05-10,9657
2317,鴻海,22,6,16,富邦-苗栗,2024-05-10,9657
2313,華通,75,60,15,富邦-苗栗,2024-05-10,9657
1714,和桐,15,1,14,富邦-苗栗,2024-05-10,9657
2612,中航,15,1,14,富邦-苗栗,2024-05-10,9657
00944,野村趨勢動能高息,12,0,12,富邦-苗栗,2024-05-10,9657
3356,奇偶,26,14,12,富邦-苗栗,2024-05-10,9657
00941,中信上游半導體,13,2,11,富邦-苗栗,2024-05-10,9657
2488,漢平,11,0,11,富邦-苗栗,2024-05-10,9657
00653L,富邦印度正2,10,0,10,富邦-苗栗,2024-05-10,9657
2062,橋椿,11,1,10,富邦-苗栗,2024-05-10,9657
2201,裕隆,12,2,10,富邦-苗栗,2024-05-10,9657
2402,毅嘉,10,0,10,富邦-苗栗,2024-05-10,9657
3023,信邦,10,0,10,富邦-苗栗,2024-05-10,9657
3535,晶彩科,10,0,10,富邦-苗栗,2024-05-10,9657
5475,德宏,10,0,10,富邦-苗栗,2024-05-10,9657
8039,台虹,10,0,10,富邦-苗栗,2024-05-10,9657
3230,錦明,10,1,9,富邦-苗栗,2024-05-10,9657
2329,華泰,8,0,8,富邦-苗栗,2024-05-10,9657
8926,台汽電,8,0,8,富邦-苗栗,2024-05-10,9657
3231,緯創,10,3,7,富邦-苗栗,2024-05-10,9657
3027,盛達,7,0,7,富邦-苗栗,2024-05-10,9657
6239,力成,7,0,7,富邦-苗栗,2024-05-10,9657
1612,宏泰,15,8,7,富邦-苗栗,2024-05-10,9657
2388,威盛,13,7,6,富邦-苗栗,2024-05-10,9657
2355,敬鵬,6,0,6,富邦-苗栗,2024-05-10,9657
3013,晟銘電,28,22,6,富邦-苗栗,2024-05-10,9657
3313,斐成,6,0,6,富邦-苗栗,2024-05-10,9657
4967,十銓,6,1,5,富邦-苗栗,2024-05-10,9657
00915,凱基優選高股息30,5,0,5,富邦-苗栗,2024-05-10,9657
3312,弘憶股,5,0,5,富邦-苗栗,2024-05-10,9657
00632R,元大台灣50反1,5,0,5,富邦-苗栗,2024-05-10,9657
00936,台新永續高息中小,5,0,5,富邦-苗栗,2024-05-10,9657
00918,大華優利高填息30,5,0,5,富邦-苗栗,2024-05-10,9657
00940,元大台灣價值高息,19,14,5,富邦-苗栗,2024-05-10,9657
1529,樂事綠能,5,0,5,富邦-苗栗,2024-05-10,9657
1727,中華化,5,0,5,富邦-苗栗,2024-05-10,9657
00671R,富邦NASDAQ反1,488,0,488,富邦-苗栗,2024-05-13,9657
00878,國泰永續高股息,144,17,127,富邦-苗栗,2024-05-13,9657
00937B,群益ESG投等債20,103,0,103,富邦-苗栗,2024-05-13,9657
0056,元大高股息,55,4,51,富邦-苗栗,2024-05-13,9657
3033,威健,51,1,50,富邦-苗栗,2024-05-13,9657
2062,橋椿,36,1,35,富邦-苗栗,2024-05-13,9657
3372,典範,30,0,30,富邦-苗栗,2024-05-13,9657
3645,達邁,28,0,28,富邦-苗栗,2024-05-13,9657
6770,力積電,25,0,25,富邦-苗栗,2024-05-13,9657
1603,華電,25,1,24,富邦-苗栗,2024-05-13,9657
2331,精英,24,0,24,富邦-苗栗,2024-05-13,9657
5521,工信,26,3,23,富邦-苗栗,2024-05-13,9657
2618,長榮航,51,31,20,富邦-苗栗,2024-05-13,9657
6438,迅得,20,0,20,富邦-苗栗,2024-05-13,9657
00632R,元大台灣50反1,21,1,20,富邦-苗栗,2024-05-13,9657
2402,毅嘉,19,0,19,富邦-苗栗,2024-05-13,9657
4903,聯光通,20,1,19,富邦-苗栗,2024-05-13,9657
6581,鋼聯,17,0,17,富邦-苗栗,2024-05-13,9657
2352,佳世達,15,0,15,富邦-苗栗,2024-05-13,9657
00715L,期街口布蘭特正2,15,0,15,富邦-苗栗,2024-05-13,9657
2313,華通,30,15,15,富邦-苗栗,2024-05-13,9657
2883B,凱基金乙特,15,0,15,富邦-苗栗,2024-05-13,9657
5475,德宏,15,0,15,富邦-苗栗,2024-05-13,9657
4306,炎洲,14,0,14,富邦-苗栗,2024-05-13,9657
2882,國泰金,15,2,13,富邦-苗栗,2024-05-13,9657
1445,大宇,12,0,12,富邦-苗栗,2024-05-13,9657
2401,凌陽,12,0,12,富邦-苗栗,2024-05-13,9657
3591,艾笛森,12,0,12,富邦-苗栗,2024-05-13,9657
006208,富邦台50,12,1,11,富邦-苗栗,2024-05-13,9657
2501,國建,14,3,11,富邦-苗栗,2024-05-13,9657
2612,中航,12,1,11,富邦-苗栗,2024-05-13,9657
3231,緯創,13,2,11,富邦-苗栗,2024-05-13,9657
3455,由田,11,0,11,富邦-苗栗,2024-05-13,9657
2392,正崴,15,4,11,富邦-苗栗,2024-05-13,9657
2228,劍麟,10,0,10,富邦-苗栗,2024-05-13,9657
2476,鉅祥,10,0,10,富邦-苗栗,2024-05-13,9657
2543,皇昌,10,0,10,富邦-苗栗,2024-05-13,9657
4562,穎漢,12,2,10,富邦-苗栗,2024-05-13,9657
6283,淳安,10,0,10,富邦-苗栗,2024-05-13,9657
2371,大同,19,10,9,富邦-苗栗,2024-05-13,9657
00665L,富邦�琤肭磪囓�2,9,0,9,富邦-苗栗,2024-05-13,9657
4303,信立,9,0,9,富邦-苗栗,2024-05-13,9657
3036,文曄,10,1,9,富邦-苗栗,2024-05-13,9657
3686,達能,8,0,8,富邦-苗栗,2024-05-13,9657
6873,泓德能源,9,1,8,富邦-苗栗,2024-05-13,9657
00944,野村趨勢動能高息,10,3,7,富邦-苗栗,2024-05-13,9657
2449,京元電子,7,0,7,富邦-苗栗,2024-05-13,9657
00922,國泰台灣領袖50,7,0,7,富邦-苗栗,2024-05-13,9657
2314,台揚,7,0,7,富邦-苗栗,2024-05-13,9657
2617,台航,9,2,7,富邦-苗栗,2024-05-13,9657
9907,統一實,200,2,198,富邦-苗栗,2024-05-14,9657
2356,英業達,121,43,78,富邦-苗栗,2024-05-14,9657
6282,康舒,51,0,51,富邦-苗栗,2024-05-14,9657
1531,高林股,50,0,50,富邦-苗栗,2024-05-14,9657
3059,華晶科,40,0,40,富邦-苗栗,2024-05-14,9657
00929,復華台灣科技優息,42,3,39,富邦-苗栗,2024-05-14,9657
2615,萬海,166,131,35,富邦-苗栗,2024-05-14,9657
1522,堤維西,38,9,29,富邦-苗栗,2024-05-14,9657
00632R,元大台灣50反1,29,0,29,富邦-苗栗,2024-05-14,9657
00937B,群益ESG投等債20,41,14,27,富邦-苗栗,2024-05-14,9657
2834,臺企銀,24,0,24,富邦-苗栗,2024-05-14,9657
1905,華紙,23,0,23,富邦-苗栗,2024-05-14,9657
3234,光環,21,1,20,富邦-苗栗,2024-05-14,9657
2610,華航,28,9,19,富邦-苗栗,2024-05-14,9657
2641,正德,20,1,19,富邦-苗栗,2024-05-14,9657
2317,鴻海,26,8,18,富邦-苗栗,2024-05-14,9657
3481,群創,21,4,17,富邦-苗栗,2024-05-14,9657
00941,中信上游半導體,24,8,16,富邦-苗栗,2024-05-14,9657
1445,大宇,12,0,12,富邦-苗栗,2024-05-14,9657
2301,光寶科,12,1,11,富邦-苗栗,2024-05-14,9657
3490,單井,12,1,11,富邦-苗栗,2024-05-14,9657
00936,台新永續高息中小,10,0,10,富邦-苗栗,2024-05-14,9657
9945,潤泰新,13,3,10,富邦-苗栗,2024-05-14,9657
00653L,富邦印度正2,10,0,10,富邦-苗栗,2024-05-14,9657
1815,富喬,12,2,10,富邦-苗栗,2024-05-14,9657
6901,鑽石投資,10,0,10,富邦-苗栗,2024-05-14,9657
00940,元大台灣價值高息,104,94,10,富邦-苗栗,2024-05-14,9657
2892,第一金,9,0,9,富邦-苗栗,2024-05-14,9657
2002,中鋼,10,1,9,富邦-苗栗,2024-05-14,9657
00753L,中信中國50正2,30,21,9,富邦-苗栗,2024-05-14,9657
2482,連宇,19,10,9,富邦-苗栗,2024-05-14,9657
2409,友達,8,0,8,富邦-苗栗,2024-05-14,9657
00933B,國泰10Y+金融債,18,10,8,富邦-苗栗,2024-05-14,9657
00713,元大台灣高息低波,8,0,8,富邦-苗栗,2024-05-14,9657
1101,台泥,8,0,8,富邦-苗栗,2024-05-14,9657
3356,奇偶,10,2,8,富邦-苗栗,2024-05-14,9657
2369,菱生,7,0,7,富邦-苗栗,2024-05-14,9657
3005,神基,10,3,7,富邦-苗栗,2024-05-14,9657
00676R,富邦臺灣加權反1,66,60,6,富邦-苗栗,2024-05-14,9657
1314,中石化,6,0,6,富邦-苗栗,2024-05-14,9657
2515,中工,9,3,6,富邦-苗栗,2024-05-14,9657
5483,中美晶,8,2,6,富邦-苗栗,2024-05-14,9657
8215,明基材,6,0,6,富邦-苗栗,2024-05-14,9657
2353,宏��,31,25,6,富邦-苗栗,2024-05-14,9657
00946,群益科技高息成長,6,0,6,富邦-苗栗,2024-05-14,9657
00655L,國泰中國A50正2,5,0,5,富邦-苗栗,2024-05-14,9657
1701,中化,5,0,5,富邦-苗栗,2024-05-14,9657
2014,中鴻,5,0,5,富邦-苗栗,2024-05-14,9657
3024,憶聲,5,0,5,富邦-苗栗,2024-05-14,9657
4909,新復興,6,1,5,富邦-苗栗,2024-05-14,9657
00919,群益台灣精選高息,206,34,172,富邦-苗栗,2024-05-15,9657
6770,力積電,115,2,113,富邦-苗栗,2024-05-15,9657
00885,富邦越南,97,0,97,富邦-苗栗,2024-05-15,9657
00937B,群益ESG投等債20,87,10,77,富邦-苗栗,2024-05-15,9657
2618,長榮航,74,14,60,富邦-苗栗,2024-05-15,9657
00632R,元大台灣50反1,108,51,57,富邦-苗栗,2024-05-15,9657
2486,一詮,159,114,45,富邦-苗栗,2024-05-15,9657
3576,聯合再生,41,0,41,富邦-苗栗,2024-05-15,9657
00932,兆豐永續高息等權,39,0,39,富邦-苗栗,2024-05-15,9657
00878,國泰永續高股息,52,16,36,富邦-苗栗,2024-05-15,9657
2363,矽統,55,27,28,富邦-苗栗,2024-05-15,9657
00891,中信關鍵半導體,30,3,27,富邦-苗栗,2024-05-15,9657
2353,宏��,52,26,26,富邦-苗栗,2024-05-15,9657
00664R,國泰臺灣加權反1,25,0,25,富邦-苗栗,2024-05-15,9657
2356,英業達,32,8,24,富邦-苗栗,2024-05-15,9657
2603,長榮,49,26,23,富邦-苗栗,2024-05-15,9657
4903,聯光通,20,0,20,富邦-苗栗,2024-05-15,9657
00936,台新永續高息中小,18,0,18,富邦-苗栗,2024-05-15,9657
1605,華新,20,3,17,富邦-苗栗,2024-05-15,9657
3163,波若威,20,4,16,富邦-苗栗,2024-05-15,9657
00715L,期街口布蘭特正2,15,0,15,富邦-苗栗,2024-05-15,9657
00665L,富邦�琤肭磪囓�2,13,0,13,富邦-苗栗,2024-05-15,9657
3437,榮創,13,0,13,富邦-苗栗,2024-05-15,9657
00946,群益科技高息成長,15,3,12,富邦-苗栗,2024-05-15,9657
1316,上曜,11,0,11,富邦-苗栗,2024-05-15,9657
2482,連宇,11,0,11,富邦-苗栗,2024-05-15,9657
1611,中電,10,0,10,富邦-苗栗,2024-05-15,9657
2464,盟立,13,3,10,富邦-苗栗,2024-05-15,9657
3230,錦明,12,2,10,富邦-苗栗,2024-05-15,9657
3450,聯鈞,10,0,10,富邦-苗栗,2024-05-15,9657
3687,歐買尬,10,0,10,富邦-苗栗,2024-05-15,9657
6873,泓德能源,10,0,10,富邦-苗栗,2024-05-15,9657
8070,長華*,11,1,10,富邦-苗栗,2024-05-15,9657
6213,聯茂,11,1,10,富邦-苗栗,2024-05-15,9657
00830,國泰費城半導體,9,0,9,富邦-苗栗,2024-05-15,9657
1439,雋揚,10,1,9,富邦-苗栗,2024-05-15,9657
3686,達能,9,0,9,富邦-苗栗,2024-05-15,9657
4562,穎漢,14,5,9,富邦-苗栗,2024-05-15,9657
2915,潤泰全,14,5,9,富邦-苗栗,2024-05-15,9657
2615,萬海,38,30,8,富邦-苗栗,2024-05-15,9657
3162,精確,8,0,8,富邦-苗栗,2024-05-15,9657
2897,王道銀行,8,0,8,富邦-苗栗,2024-05-15,9657
4533,協易機,11,4,7,富邦-苗栗,2024-05-15,9657
1612,宏泰,27,20,7,富邦-苗栗,2024-05-15,9657
1702,南僑,7,0,7,富邦-苗栗,2024-05-15,9657
2441,超豐,12,5,7,富邦-苗栗,2024-05-15,9657
2883B,凱基金乙特,7,0,7,富邦-苗栗,2024-05-15,9657
8271,宇瞻,7,0,7,富邦-苗栗,2024-05-15,9657
6806,森崴能源,6,0,6,富邦-苗栗,2024-05-15,9657
3036,文曄,6,0,6,富邦-苗栗,2024-05-15,9657
00929,復華台灣科技優息,169,32,137,富邦-苗栗,2024-05-16,9657
3231,緯創,51,9,42,富邦-苗栗,2024-05-16,9657
2356,英業達,43,3,40,富邦-苗栗,2024-05-16,9657
6770,力積電,94,57,37,富邦-苗栗,2024-05-16,9657
00679B,元大美債20年,40,6,34,富邦-苗栗,2024-05-16,9657
00688L,國泰20年美債正2,26,0,26,富邦-苗栗,2024-05-16,9657
6177,達麗,31,6,25,富邦-苗栗,2024-05-16,9657
00632R,元大台灣50反1,23,1,22,富邦-苗栗,2024-05-16,9657
5392,能率,42,20,22,富邦-苗栗,2024-05-16,9657
00891,中信關鍵半導體,23,3,20,富邦-苗栗,2024-05-16,9657
2812,台中銀,20,0,20,富邦-苗栗,2024-05-16,9657
6167,久正,20,0,20,富邦-苗栗,2024-05-16,9657
1608,華榮,42,23,19,富邦-苗栗,2024-05-16,9657
2537,聯上發,31,13,18,富邦-苗栗,2024-05-16,9657
00937B,群益ESG投等債20,65,48,17,富邦-苗栗,2024-05-16,9657
1815,富喬,18,1,17,富邦-苗栗,2024-05-16,9657
3481,群創,28,12,16,富邦-苗栗,2024-05-16,9657
6581,鋼聯,16,0,16,富邦-苗栗,2024-05-16,9657
2352,佳世達,15,1,14,富邦-苗栗,2024-05-16,9657
3163,波若威,18,4,14,富邦-苗栗,2024-05-16,9657
00878,國泰永續高股息,53,40,13,富邦-苗栗,2024-05-16,9657
2882,國泰金,15,2,13,富邦-苗栗,2024-05-16,9657
2382,廣達,24,11,13,富邦-苗栗,2024-05-16,9657
2301,光寶科,18,6,12,富邦-苗栗,2024-05-16,9657
2365,昆盈,27,15,12,富邦-苗栗,2024-05-16,9657
2511,太子,12,0,12,富邦-苗栗,2024-05-16,9657
00830,國泰費城半導體,15,3,12,富邦-苗栗,2024-05-16,9657
6288,聯嘉,11,0,11,富邦-苗栗,2024-05-16,9657
3060,銘異,12,1,11,富邦-苗栗,2024-05-16,9657
00706L,期元大S＆P日圓正2,10,0,10,富邦-苗栗,2024-05-16,9657
00650L,復華香港正2,10,0,10,富邦-苗栗,2024-05-16,9657
00933B,國泰10Y+金融債,40,30,10,富邦-苗栗,2024-05-16,9657
2601,益航,10,0,10,富邦-苗栗,2024-05-16,9657
2916,滿心,10,0,10,富邦-苗栗,2024-05-16,9657
6592,和潤企業,11,1,10,富邦-苗栗,2024-05-16,9657
9955,佳龍,10,0,10,富邦-苗栗,2024-05-16,9657
2634,漢翔,10,0,10,富邦-苗栗,2024-05-16,9657
3028,增你強,10,0,10,富邦-苗栗,2024-05-16,9657
0056,元大高股息,50,41,9,富邦-苗栗,2024-05-16,9657
2890,永豐金,10,1,9,富邦-苗栗,2024-05-16,9657
2904,匯僑,9,0,9,富邦-苗栗,2024-05-16,9657
6163,華電網,8,0,8,富邦-苗栗,2024-05-16,9657
1215,卜蜂,8,0,8,富邦-苗栗,2024-05-16,9657
2392,正崴,7,0,7,富邦-苗栗,2024-05-16,9657
2408,南亞科,7,0,7,富邦-苗栗,2024-05-16,9657
3005,神基,8,1,7,富邦-苗栗,2024-05-16,9657
3033,威健,8,1,7,富邦-苗栗,2024-05-16,9657
3090,日電貿,8,1,7,富邦-苗栗,2024-05-16,9657
8215,明基材,7,0,7,富邦-苗栗,2024-05-16,9657
2353,宏��,11,4,7,富邦-苗栗,2024-05-16,9657
00929,復華台灣科技優息,242,8,234,富邦-苗栗,2024-05-17,9657
00937B,群益ESG投等債20,171,7,164,富邦-苗栗,2024-05-17,9657
3059,華晶科,120,37,83,富邦-苗栗,2024-05-17,9657
00946,群益科技高息成長,71,0,71,富邦-苗栗,2024-05-17,9657
00664R,國泰臺灣加權反1,50,0,50,富邦-苗栗,2024-05-17,9657
2609,陽明,56,7,49,富邦-苗栗,2024-05-17,9657
00878,國泰永續高股息,65,22,43,富邦-苗栗,2024-05-17,9657
2374,佳能,69,37,32,富邦-苗栗,2024-05-17,9657
1785,光洋科,29,0,29,富邦-苗栗,2024-05-17,9657
2317,鴻海,44,15,29,富邦-苗栗,2024-05-17,9657
00940,元大台灣價值高息,35,8,27,富邦-苗栗,2024-05-17,9657
2845,遠東銀,25,0,25,富邦-苗栗,2024-05-17,9657
3481,群創,26,2,24,富邦-苗栗,2024-05-17,9657
5351,鈺創,33,9,24,富邦-苗栗,2024-05-17,9657
00919,群益台灣精選高息,27,4,23,富邦-苗栗,2024-05-17,9657
5392,能率,28,6,22,富邦-苗栗,2024-05-17,9657
4545,銘鈺,17,0,17,富邦-苗栗,2024-05-17,9657
00939,統一台灣高息動能,17,1,16,富邦-苗栗,2024-05-17,9657
3363,上詮,18,4,14,富邦-苗栗,2024-05-17,9657
2352,佳世達,13,0,13,富邦-苗栗,2024-05-17,9657
00650L,復華香港正2,15,2,13,富邦-苗栗,2024-05-17,9657
2547,日勝生,14,1,13,富邦-苗栗,2024-05-17,9657
2618,長榮航,26,13,13,富邦-苗栗,2024-05-17,9657
2301,光寶科,16,4,12,富邦-苗栗,2024-05-17,9657
6505,台塑化,11,0,11,富邦-苗栗,2024-05-17,9657
1515,力山,10,0,10,富邦-苗栗,2024-05-17,9657
1733,五鼎,10,0,10,富邦-苗栗,2024-05-17,9657
3024,憶聲,20,10,10,富邦-苗栗,2024-05-17,9657
6173,信昌電,10,0,10,富邦-苗栗,2024-05-17,9657
6264,富裔,10,0,10,富邦-苗栗,2024-05-17,9657
6282,康舒,10,0,10,富邦-苗栗,2024-05-17,9657
00665L,富邦�琤肭磪囓�2,10,1,9,富邦-苗栗,2024-05-17,9657
2101,南港,11,2,9,富邦-苗栗,2024-05-17,9657
2511,太子,10,1,9,富邦-苗栗,2024-05-17,9657
3706,神達,13,4,9,富邦-苗栗,2024-05-17,9657
00679B,元大美債20年,8,0,8,富邦-苗栗,2024-05-17,9657
2408,南亞科,8,0,8,富邦-苗栗,2024-05-17,9657
2605,新興,22,14,8,富邦-苗栗,2024-05-17,9657
00632R,元大台灣50反1,13,5,8,富邦-苗栗,2024-05-17,9657
2401,凌陽,8,0,8,富邦-苗栗,2024-05-17,9657
1587,吉茂,26,19,7,富邦-苗栗,2024-05-17,9657
3231,緯創,12,5,7,富邦-苗栗,2024-05-17,9657
1301,台塑,6,0,6,富邦-苗栗,2024-05-17,9657
1815,富喬,7,1,6,富邦-苗栗,2024-05-17,9657
2201,裕隆,6,0,6,富邦-苗栗,2024-05-17,9657
2365,昆盈,14,8,6,富邦-苗栗,2024-05-17,9657
2543,皇昌,20,14,6,富邦-苗栗,2024-05-17,9657
4716,大立,6,0,6,富邦-苗栗,2024-05-17,9657
6443,元晶,8,2,6,富邦-苗栗,2024-05-17,9657
9904,寶成,6,0,6,富邦-苗栗,2024-05-17,9657
00929,復華台灣科技優息,667,29,638,富邦-苗栗,2024-05-20,9657
6213,聯茂,155,0,155,富邦-苗栗,2024-05-20,9657
00753L,中信中國50正2,128,1,127,富邦-苗栗,2024-05-20,9657
2618,長榮航,124,57,67,富邦-苗栗,2024-05-20,9657
00936,台新永續高息中小,57,0,57,富邦-苗栗,2024-05-20,9657
00937B,群益ESG投等債20,62,12,50,富邦-苗栗,2024-05-20,9657
00878,國泰永續高股息,51,17,34,富邦-苗栗,2024-05-20,9657
2356,英業達,34,1,33,富邦-苗栗,2024-05-20,9657
2317,鴻海,39,10,29,富邦-苗栗,2024-05-20,9657
3231,緯創,30,2,28,富邦-苗栗,2024-05-20,9657
3059,華晶科,24,0,24,富邦-苗栗,2024-05-20,9657
6770,力積電,23,1,22,富邦-苗栗,2024-05-20,9657
5880,合庫金,20,0,20,富邦-苗栗,2024-05-20,9657
3024,憶聲,20,0,20,富邦-苗栗,2024-05-20,9657
4977,眾達-KY,20,0,20,富邦-苗栗,2024-05-20,9657
2812,台中銀,20,1,19,富邦-苗栗,2024-05-20,9657
4545,銘鈺,19,0,19,富邦-苗栗,2024-05-20,9657
1609,大亞,23,5,18,富邦-苗栗,2024-05-20,9657
2409,友達,35,18,17,富邦-苗栗,2024-05-20,9657
00946,群益科技高息成長,16,0,16,富邦-苗栗,2024-05-20,9657
2467,志聖,19,3,16,富邦-苗栗,2024-05-20,9657
2371,大同,21,5,16,富邦-苗栗,2024-05-20,9657
00679B,元大美債20年,17,3,14,富邦-苗栗,2024-05-20,9657
6188,廣明,27,13,14,富邦-苗栗,2024-05-20,9657
2609,陽明,19,6,13,富邦-苗栗,2024-05-20,9657
1453,大將,25,13,12,富邦-苗栗,2024-05-20,9657
2208,台船,12,0,12,富邦-苗栗,2024-05-20,9657
00665L,富邦�琤肭磪囓�2,12,1,11,富邦-苗栗,2024-05-20,9657
00664R,國泰臺灣加權反1,10,0,10,富邦-苗栗,2024-05-20,9657
2329,華泰,15,5,10,富邦-苗栗,2024-05-20,9657
3050,鈺德,10,0,10,富邦-苗栗,2024-05-20,9657
8011,台通,10,0,10,富邦-苗栗,2024-05-20,9657
9907,統一實,10,0,10,富邦-苗栗,2024-05-20,9657
2880,華南金,10,1,9,富邦-苗栗,2024-05-20,9657
2867,三商壽,14,5,9,富邦-苗栗,2024-05-20,9657
5009,榮剛,9,0,9,富邦-苗栗,2024-05-20,9657
2408,南亞科,8,0,8,富邦-苗栗,2024-05-20,9657
5410,國眾,8,0,8,富邦-苗栗,2024-05-20,9657
3034,聯詠,9,1,8,富邦-苗栗,2024-05-20,9657
00943,兆豐電子高息等權,7,0,7,富邦-苗栗,2024-05-20,9657
00712,復華富時不動產,12,5,7,富邦-苗栗,2024-05-20,9657
00650L,復華香港正2,7,0,7,富邦-苗栗,2024-05-20,9657
3060,銘異,10,3,7,富邦-苗栗,2024-05-20,9657
2204,中華,7,1,6,富邦-苗栗,2024-05-20,9657
00680L,元大美債20正2,6,0,6,富邦-苗栗,2024-05-20,9657
2486,一詮,26,20,6,富邦-苗栗,2024-05-20,9657
3520,華盈,6,0,6,富邦-苗栗,2024-05-20,9657
5512,力麒,6,0,6,富邦-苗栗,2024-05-20,9657
6215,和椿,9,3,6,富邦-苗栗,2024-05-20,9657
8028,昇陽半導體,9,3,6,富邦-苗栗,2024-05-20,9657
00753L,中信中國50正2,309,48,261,富邦-苗栗,2024-05-21,9657
00929,復華台灣科技優息,181,16,165,富邦-苗栗,2024-05-21,9657
00936,台新永續高息中小,58,0,58,富邦-苗栗,2024-05-21,9657
00878,國泰永續高股息,52,0,52,富邦-苗栗,2024-05-21,9657
00937B,群益ESG投等債20,69,18,51,富邦-苗栗,2024-05-21,9657
00857B,永豐20年美公債,46,0,46,富邦-苗栗,2024-05-21,9657
00940,元大台灣價值高息,46,9,37,富邦-苗栗,2024-05-21,9657
2317,鴻海,39,4,35,富邦-苗栗,2024-05-21,9657
3024,憶聲,30,4,26,富邦-苗栗,2024-05-21,9657
3481,群創,25,0,25,富邦-苗栗,2024-05-21,9657
1905,華紙,20,0,20,富邦-苗栗,2024-05-21,9657
00632R,元大台灣50反1,20,0,20,富邦-苗栗,2024-05-21,9657
2427,三商電,21,1,20,富邦-苗栗,2024-05-21,9657
2344,華邦電,20,1,19,富邦-苗栗,2024-05-21,9657
2609,陽明,24,8,16,富邦-苗栗,2024-05-21,9657
1605,華新,30,14,16,富邦-苗栗,2024-05-21,9657
2409,友達,15,0,15,富邦-苗栗,2024-05-21,9657
00680L,元大美債20正2,13,0,13,富邦-苗栗,2024-05-21,9657
2883,凱基金,23,10,13,富邦-苗栗,2024-05-21,9657
6282,康舒,13,1,12,富邦-苗栗,2024-05-21,9657
6290,良維,11,0,11,富邦-苗栗,2024-05-21,9657
00946,群益科技高息成長,11,0,11,富邦-苗栗,2024-05-21,9657
00640L,富邦日本正2,11,0,11,富邦-苗栗,2024-05-21,9657
3437,榮創,13,2,11,富邦-苗栗,2024-05-21,9657
6192,巨路,11,0,11,富邦-苗栗,2024-05-21,9657
2374,佳能,41,30,11,富邦-苗栗,2024-05-21,9657
00679B,元大美債20年,13,3,10,富邦-苗栗,2024-05-21,9657
2884,玉山金,25,15,10,富邦-苗栗,2024-05-21,9657
00887,永豐中國科技50大,10,0,10,富邦-苗栗,2024-05-21,9657
00715L,期街口布蘭特正2,10,0,10,富邦-苗栗,2024-05-21,9657
2497,怡利電,10,0,10,富邦-苗栗,2024-05-21,9657
9907,統一實,10,0,10,富邦-苗栗,2024-05-21,9657
1802,台玻,10,0,10,富邦-苗栗,2024-05-21,9657
2537,聯上發,11,2,9,富邦-苗栗,2024-05-21,9657
4903,聯光通,9,0,9,富邦-苗栗,2024-05-21,9657
2834,臺企銀,8,0,8,富邦-苗栗,2024-05-21,9657
2007,燁興,9,1,8,富邦-苗栗,2024-05-21,9657
2440,太空梭,8,0,8,富邦-苗栗,2024-05-21,9657
3032,偉訓,8,0,8,富邦-苗栗,2024-05-21,9657
3034,聯詠,8,0,8,富邦-苗栗,2024-05-21,9657
2498,宏達電,10,2,8,富邦-苗栗,2024-05-21,9657
1608,華榮,26,19,7,富邦-苗栗,2024-05-21,9657
3702,大聯大,7,0,7,富邦-苗栗,2024-05-21,9657
00688L,國泰20年美債正2,7,0,7,富邦-苗栗,2024-05-21,9657
2618,長榮航,34,27,7,富邦-苗栗,2024-05-21,9657
00943,兆豐電子高息等權,7,0,7,富邦-苗栗,2024-05-21,9657
2467,志聖,10,3,7,富邦-苗栗,2024-05-21,9657
3033,威健,6,0,6,富邦-苗栗,2024-05-21,9657
3605,宏致,8,2,6,富邦-苗栗,2024-05-21,9657
8070,長華*,6,0,6,富邦-苗栗,2024-05-21,9657
00632R,元大台灣50反1,177,1,176,富邦-苗栗,2024-05-22,9657
00937B,群益ESG投等債20,159,1,158,富邦-苗栗,2024-05-22,9657
00753L,中信中國50正2,112,5,107,富邦-苗栗,2024-05-22,9657
8064,東捷,88,9,79,富邦-苗栗,2024-05-22,9657
2355,敬鵬,70,0,70,富邦-苗栗,2024-05-22,9657
3481,群創,121,68,53,富邦-苗栗,2024-05-22,9657
00929,復華台灣科技優息,75,24,51,富邦-苗栗,2024-05-22,9657
2367,燿華,104,55,49,富邦-苗栗,2024-05-22,9657
00946,群益科技高息成長,94,52,42,富邦-苗栗,2024-05-22,9657
4533,協易機,49,9,40,富邦-苗栗,2024-05-22,9657
3033,威健,41,4,37,富邦-苗栗,2024-05-22,9657
6116,彩晶,54,18,36,富邦-苗栗,2024-05-22,9657
4562,穎漢,35,2,33,富邦-苗栗,2024-05-22,9657
6283,淳安,30,0,30,富邦-苗栗,2024-05-22,9657
2618,長榮航,24,1,23,富邦-苗栗,2024-05-22,9657
1504,東元,23,0,23,富邦-苗栗,2024-05-22,9657
2867,三商壽,19,0,19,富邦-苗栗,2024-05-22,9657
2489,瑞軒,22,5,17,富邦-苗栗,2024-05-22,9657
3703,欣陸,22,5,17,富邦-苗栗,2024-05-22,9657
00664R,國泰臺灣加權反1,17,0,17,富邦-苗栗,2024-05-22,9657
2609,陽明,26,13,13,富邦-苗栗,2024-05-22,9657
2027,大成鋼,18,6,12,富邦-苗栗,2024-05-22,9657
2002,中鋼,14,2,12,富邦-苗栗,2024-05-22,9657
00830,國泰費城半導體,12,0,12,富邦-苗栗,2024-05-22,9657
2486,一詮,18,6,12,富邦-苗栗,2024-05-22,9657
2313,華通,12,1,11,富邦-苗栗,2024-05-22,9657
6147,頎邦,11,0,11,富邦-苗栗,2024-05-22,9657
6125,廣運,37,26,11,富邦-苗栗,2024-05-22,9657
3005,神基,11,0,11,富邦-苗栗,2024-05-22,9657
3013,晟銘電,48,38,10,富邦-苗栗,2024-05-22,9657
00676R,富邦臺灣加權反1,10,0,10,富邦-苗栗,2024-05-22,9657
00715L,期街口布蘭特正2,10,0,10,富邦-苗栗,2024-05-22,9657
2497,怡利電,10,0,10,富邦-苗栗,2024-05-22,9657
6288,聯嘉,10,0,10,富邦-苗栗,2024-05-22,9657
6176,瑞儀,10,0,10,富邦-苗栗,2024-05-22,9657
2201,裕隆,10,1,9,富邦-苗栗,2024-05-22,9657
3047,訊舟,24,15,9,富邦-苗栗,2024-05-22,9657
8121,越峰,9,0,9,富邦-苗栗,2024-05-22,9657
2884,玉山金,8,0,8,富邦-苗栗,2024-05-22,9657
6274,台燿,8,0,8,富邦-苗栗,2024-05-22,9657
1531,高林股,8,0,8,富邦-苗栗,2024-05-22,9657
2241,艾姆勒,9,1,8,富邦-苗栗,2024-05-22,9657
3188,鑫龍騰,9,1,8,富邦-苗栗,2024-05-22,9657
5309,系統電,8,0,8,富邦-苗栗,2024-05-22,9657
2354,鴻準,11,3,8,富邦-苗栗,2024-05-22,9657
2359,所羅門,18,10,8,富邦-苗栗,2024-05-22,9657
2504,國產,7,0,7,富邦-苗栗,2024-05-22,9657
2515,中工,7,0,7,富邦-苗栗,2024-05-22,9657
4114,健喬,7,0,7,富邦-苗栗,2024-05-22,9657
1201,味全,6,0,6,富邦-苗栗,2024-05-22,9657
00937B,群益ESG投等債20,173,10,163,富邦-苗栗,2024-05-23,9657
3028,增你強,150,0,150,富邦-苗栗,2024-05-23,9657
2002,中鋼,72,5,67,富邦-苗栗,2024-05-23,9657
00939,統一台灣高息動能,68,13,55,富邦-苗栗,2024-05-23,9657
2009,第一銅,54,2,52,富邦-苗栗,2024-05-23,9657
2427,三商電,51,0,51,富邦-苗栗,2024-05-23,9657
8064,東捷,52,5,47,富邦-苗栗,2024-05-23,9657
3231,緯創,55,8,47,富邦-苗栗,2024-05-23,9657
2405,輔信,47,1,46,富邦-苗栗,2024-05-23,9657
2324,仁寶,56,18,38,富邦-苗栗,2024-05-23,9657
2464,盟立,62,26,36,富邦-苗栗,2024-05-23,9657
00715L,期街口布蘭特正2,36,0,36,富邦-苗栗,2024-05-23,9657
2356,英業達,36,1,35,富邦-苗栗,2024-05-23,9657
00946,群益科技高息成長,30,0,30,富邦-苗栗,2024-05-23,9657
6283,淳安,30,0,30,富邦-苗栗,2024-05-23,9657
1815,富喬,56,28,28,富邦-苗栗,2024-05-23,9657
2359,所羅門,51,26,25,富邦-苗栗,2024-05-23,9657
2312,金寶,24,1,23,富邦-苗栗,2024-05-23,9657
2457,飛宏,23,0,23,富邦-苗栗,2024-05-23,9657
5521,工信,24,1,23,富邦-苗栗,2024-05-23,9657
2888,新光金,22,1,21,富邦-苗栗,2024-05-23,9657
1326,台化,21,0,21,富邦-苗栗,2024-05-23,9657
8070,長華*,20,1,19,富邦-苗栗,2024-05-23,9657
00936,台新永續高息中小,18,0,18,富邦-苗栗,2024-05-23,9657
00753L,中信中國50正2,27,10,17,富邦-苗栗,2024-05-23,9657
1314,中石化,22,5,17,富邦-苗栗,2024-05-23,9657
6192,巨路,17,0,17,富邦-苗栗,2024-05-23,9657
00944,野村趨勢動能高息,20,3,17,富邦-苗栗,2024-05-23,9657
00891,中信關鍵半導體,17,2,15,富邦-苗栗,2024-05-23,9657
3024,憶聲,15,0,15,富邦-苗栗,2024-05-23,9657
3481,群創,24,9,15,富邦-苗栗,2024-05-23,9657
5371,中光電,24,9,15,富邦-苗栗,2024-05-23,9657
00940,元大台灣價值高息,34,19,15,富邦-苗栗,2024-05-23,9657
1220,台榮,14,0,14,富邦-苗栗,2024-05-23,9657
2409,友達,14,0,14,富邦-苗栗,2024-05-23,9657
2618,長榮航,31,17,14,富邦-苗栗,2024-05-23,9657
3338,泰碩,29,15,14,富邦-苗栗,2024-05-23,9657
4121,優盛,12,0,12,富邦-苗栗,2024-05-23,9657
2363,矽統,23,11,12,富邦-苗栗,2024-05-23,9657
00918,大華優利高填息30,12,1,11,富邦-苗栗,2024-05-23,9657
00679B,元大美債20年,13,2,11,富邦-苗栗,2024-05-23,9657
2017,官田鋼,11,0,11,富邦-苗栗,2024-05-23,9657
9928,中視,12,1,11,富邦-苗栗,2024-05-23,9657
2883,凱基金,24,13,11,富邦-苗栗,2024-05-23,9657
2354,鴻準,35,24,11,富邦-苗栗,2024-05-23,9657
1609,大亞,23,13,10,富邦-苗栗,2024-05-23,9657
00664R,國泰臺灣加權反1,10,0,10,富邦-苗栗,2024-05-23,9657
1316,上曜,10,0,10,富邦-苗栗,2024-05-23,9657
1611,中電,10,0,10,富邦-苗栗,2024-05-23,9657
4545,銘鈺,10,0,10,富邦-苗栗,2024-05-23,9657
00937B,群益ESG投等債20,213,0,213,富邦-苗栗,2024-05-24,9657
3338,泰碩,193,18,175,富邦-苗栗,2024-05-24,9657
00753L,中信中國50正2,170,1,169,富邦-苗栗,2024-05-24,9657
2486,一詮,198,84,114,富邦-苗栗,2024-05-24,9657
1810,和成,104,16,88,富邦-苗栗,2024-05-24,9657
00940,元大台灣價值高息,121,52,69,富邦-苗栗,2024-05-24,9657
1909,榮成,50,0,50,富邦-苗栗,2024-05-24,9657
00919,群益台灣精選高息,52,5,47,富邦-苗栗,2024-05-24,9657
2303,聯電,55,8,47,富邦-苗栗,2024-05-24,9657
00712,復華富時不動產,46,0,46,富邦-苗栗,2024-05-24,9657
4533,協易機,38,3,35,富邦-苗栗,2024-05-24,9657
00946,群益科技高息成長,31,0,31,富邦-苗栗,2024-05-24,9657
6163,華電網,30,2,28,富邦-苗栗,2024-05-24,9657
6192,巨路,28,0,28,富邦-苗栗,2024-05-24,9657
00878,國泰永續高股息,41,16,25,富邦-苗栗,2024-05-24,9657
1802,台玻,25,0,25,富邦-苗栗,2024-05-24,9657
6283,淳安,25,0,25,富邦-苗栗,2024-05-24,9657
6770,力積電,21,0,21,富邦-苗栗,2024-05-24,9657
2027,大成鋼,20,0,20,富邦-苗栗,2024-05-24,9657
3652,精聯,21,1,20,富邦-苗栗,2024-05-24,9657
0056,元大高股息,24,6,18,富邦-苗栗,2024-05-24,9657
2427,三商電,16,0,16,富邦-苗栗,2024-05-24,9657
1219,福壽,15,0,15,富邦-苗栗,2024-05-24,9657
3545,敦泰,18,4,14,富邦-苗栗,2024-05-24,9657
1609,大亞,16,3,13,富邦-苗栗,2024-05-24,9657
2002,中鋼,12,0,12,富邦-苗栗,2024-05-24,9657
00936,台新永續高息中小,12,0,12,富邦-苗栗,2024-05-24,9657
5608,四維航,12,0,12,富邦-苗栗,2024-05-24,9657
6147,頎邦,12,0,12,富邦-苗栗,2024-05-24,9657
2498,宏達電,11,0,11,富邦-苗栗,2024-05-24,9657
4938,和碩,11,0,11,富邦-苗栗,2024-05-24,9657
2618,長榮航,26,16,10,富邦-苗栗,2024-05-24,9657
3702,大聯大,10,0,10,富邦-苗栗,2024-05-24,9657
1516,川飛,25,15,10,富邦-苗栗,2024-05-24,9657
2323,中環,10,0,10,富邦-苗栗,2024-05-24,9657
2812,台中銀,10,0,10,富邦-苗栗,2024-05-24,9657
3325,旭品,10,0,10,富邦-苗栗,2024-05-24,9657
6155,鈞寶,10,0,10,富邦-苗栗,2024-05-24,9657
9907,統一實,10,0,10,富邦-苗栗,2024-05-24,9657
1314,中石化,12,3,9,富邦-苗栗,2024-05-24,9657
3034,聯詠,9,0,9,富邦-苗栗,2024-05-24,9657
9933,中鼎,10,1,9,富邦-苗栗,2024-05-24,9657
2324,仁寶,14,6,8,富邦-苗栗,2024-05-24,9657
00891,中信關鍵半導體,9,1,8,富邦-苗栗,2024-05-24,9657
2313,華通,7,0,7,富邦-苗栗,2024-05-24,9657
8033,雷虎,7,0,7,富邦-苗栗,2024-05-24,9657
4952,凌通,7,0,7,富邦-苗栗,2024-05-24,9657
00715L,期街口布蘭特正2,7,0,7,富邦-苗栗,2024-05-24,9657
00688L,國泰20年美債正2,7,0,7,富邦-苗栗,2024-05-24,9657
4714,永捷,7,0,7,富邦-苗栗,2024-05-24,9657
00671R,富邦NASDAQ反1,200,0,200,富邦-苗栗,2024-05-27,9657
00937B,群益ESG投等債20,167,10,157,富邦-苗栗,2024-05-27,9657
00946,群益科技高息成長,86,2,84,富邦-苗栗,2024-05-27,9657
00712,復華富時不動產,72,0,72,富邦-苗栗,2024-05-27,9657
2353,宏��,68,33,35,富邦-苗栗,2024-05-27,9657
00878,國泰永續高股息,53,19,34,富邦-苗栗,2024-05-27,9657
1326,台化,26,2,24,富邦-苗栗,2024-05-27,9657
2367,燿華,37,15,22,富邦-苗栗,2024-05-27,9657
3047,訊舟,24,2,22,富邦-苗栗,2024-05-27,9657
5498,凱崴,27,5,22,富邦-苗栗,2024-05-27,9657
00632R,元大台灣50反1,24,3,21,富邦-苗栗,2024-05-27,9657
2886,兆豐金,21,0,21,富邦-苗栗,2024-05-27,9657
1909,榮成,20,0,20,富邦-苗栗,2024-05-27,9657
00664R,國泰臺灣加權反1,17,0,17,富邦-苗栗,2024-05-27,9657
1815,富喬,25,9,16,富邦-苗栗,2024-05-27,9657
2883,凱基金,15,0,15,富邦-苗栗,2024-05-27,9657
3706,神達,20,6,14,富邦-苗栗,2024-05-27,9657
6282,康舒,14,0,14,富邦-苗栗,2024-05-27,9657
3013,晟銘電,33,21,12,富邦-苗栗,2024-05-27,9657
2392,正崴,17,5,12,富邦-苗栗,2024-05-27,9657
3234,光環,11,0,11,富邦-苗栗,2024-05-27,9657
1785,光洋科,12,2,10,富邦-苗栗,2024-05-27,9657
1809,中釉,10,0,10,富邦-苗栗,2024-05-27,9657
2324,仁寶,38,28,10,富邦-苗栗,2024-05-27,9657
2606,裕民,12,2,10,富邦-苗栗,2024-05-27,9657
6166,凌華,10,0,10,富邦-苗栗,2024-05-27,9657
6125,廣運,22,13,9,富邦-苗栗,2024-05-27,9657
6155,鈞寶,10,1,9,富邦-苗栗,2024-05-27,9657
3231,緯創,32,24,8,富邦-苗栗,2024-05-27,9657
8112,至上,8,0,8,富邦-苗栗,2024-05-27,9657
2344,華邦電,10,2,8,富邦-苗栗,2024-05-27,9657
6456,GIS-KY,10,2,8,富邦-苗栗,2024-05-27,9657
2002,中鋼,10,3,7,富邦-苗栗,2024-05-27,9657
2313,華通,7,0,7,富邦-苗栗,2024-05-27,9657
8028,昇陽半導體,9,2,7,富邦-苗栗,2024-05-27,9657
3163,波若威,10,3,7,富邦-苗栗,2024-05-27,9657
1513,中興電,8,1,7,富邦-苗栗,2024-05-27,9657
2374,佳能,10,4,6,富邦-苗栗,2024-05-27,9657
2356,英業達,27,21,6,富邦-苗栗,2024-05-27,9657
2027,大成鋼,6,0,6,富邦-苗栗,2024-05-27,9657
00722B,群益投資級電信債,6,0,6,富邦-苗栗,2024-05-27,9657
1710,東聯,6,0,6,富邦-苗栗,2024-05-27,9657
4919,新唐,6,0,6,富邦-苗栗,2024-05-27,9657
6209,今國光,6,0,6,富邦-苗栗,2024-05-27,9657
6147,頎邦,6,0,6,富邦-苗栗,2024-05-27,9657
2887,台新金,6,0,6,富邦-苗栗,2024-05-27,9657
1101,台泥,5,0,5,富邦-苗栗,2024-05-27,9657
1789,神隆,5,0,5,富邦-苗栗,2024-05-27,9657
2017,官田鋼,5,0,5,富邦-苗栗,2024-05-27,9657
2355,敬鵬,5,0,5,富邦-苗栗,2024-05-27,9657
00937B,群益ESG投等債20,193,3,190,富邦-苗栗,2024-05-28,9657
00929,復華台灣科技優息,136,28,108,富邦-苗栗,2024-05-28,9657
4714,永捷,111,9,102,富邦-苗栗,2024-05-28,9657
00946,群益科技高息成長,100,0,100,富邦-苗栗,2024-05-28,9657
00919,群益台灣精選高息,71,19,52,富邦-苗栗,2024-05-28,9657
2344,華邦電,57,11,46,富邦-苗栗,2024-05-28,9657
5512,力麒,44,0,44,富邦-苗栗,2024-05-28,9657
8110,華東,44,0,44,富邦-苗栗,2024-05-28,9657
3059,華晶科,76,40,36,富邦-苗栗,2024-05-28,9657
00940,元大台灣價值高息,44,12,32,富邦-苗栗,2024-05-28,9657
2323,中環,46,14,32,富邦-苗栗,2024-05-28,9657
2609,陽明,35,5,30,富邦-苗栗,2024-05-28,9657
2354,鴻準,55,28,27,富邦-苗栗,2024-05-28,9657
3231,緯創,106,79,27,富邦-苗栗,2024-05-28,9657
6581,鋼聯,26,0,26,富邦-苗栗,2024-05-28,9657
2317,鴻海,38,13,25,富邦-苗栗,2024-05-28,9657
2748,雲品,24,0,24,富邦-苗栗,2024-05-28,9657
2301,光寶科,25,5,20,富邦-苗栗,2024-05-28,9657
2405,輔信,22,2,20,富邦-苗栗,2024-05-28,9657
2615,萬海,20,2,18,富邦-苗栗,2024-05-28,9657
3294,英濟,21,3,18,富邦-苗栗,2024-05-28,9657
6168,宏齊,18,1,17,富邦-苗栗,2024-05-28,9657
2328,廣宇,23,6,17,富邦-苗栗,2024-05-28,9657
2464,盟立,36,20,16,富邦-苗栗,2024-05-28,9657
3234,光環,18,2,16,富邦-苗栗,2024-05-28,9657
9945,潤泰新,17,1,16,富邦-苗栗,2024-05-28,9657
2009,第一銅,17,3,14,富邦-苗栗,2024-05-28,9657
2302,麗正,14,0,14,富邦-苗栗,2024-05-28,9657
00882,中信中國高股息,13,0,13,富邦-苗栗,2024-05-28,9657
2417,圓剛,14,2,12,富邦-苗栗,2024-05-28,9657
6163,華電網,12,0,12,富邦-苗栗,2024-05-28,9657
2641,正德,37,26,11,富邦-苗栗,2024-05-28,9657
2313,華通,12,1,11,富邦-苗栗,2024-05-28,9657
3024,憶聲,14,3,11,富邦-苗栗,2024-05-28,9657
6204,艾華,11,0,11,富邦-苗栗,2024-05-28,9657
2363,矽統,89,79,10,富邦-苗栗,2024-05-28,9657
2891,中信金,10,0,10,富邦-苗栗,2024-05-28,9657
1312,國喬,10,0,10,富邦-苗栗,2024-05-28,9657
1609,大亞,13,3,10,富邦-苗栗,2024-05-28,9657
2440,太空梭,10,0,10,富邦-苗栗,2024-05-28,9657
3491,昇達科,10,0,10,富邦-苗栗,2024-05-28,9657
00927,群益半導體收益,10,1,9,富邦-苗栗,2024-05-28,9657
00664R,國泰臺灣加權反1,9,0,9,富邦-苗栗,2024-05-28,9657
2324,仁寶,12,3,9,富邦-苗栗,2024-05-28,9657
2383,台光電,8,0,8,富邦-苗栗,2024-05-28,9657
2201,裕隆,8,0,8,富邦-苗栗,2024-05-28,9657
2867,三商壽,10,2,8,富邦-苗栗,2024-05-28,9657
3047,訊舟,35,27,8,富邦-苗栗,2024-05-28,9657
3380,明泰,13,5,8,富邦-苗栗,2024-05-28,9657
3035,智原,13,5,8,富邦-苗栗,2024-05-28,9657
2323,中環,631,23,608,富邦-苗栗,2024-05-29,9657
00937B,群益ESG投等債20,336,2,334,富邦-苗栗,2024-05-29,9657
00929,復華台灣科技優息,164,7,157,富邦-苗栗,2024-05-29,9657
00680L,元大美債20正2,123,0,123,富邦-苗栗,2024-05-29,9657
00946,群益科技高息成長,125,5,120,富邦-苗栗,2024-05-29,9657
2489,瑞軒,82,13,69,富邦-苗栗,2024-05-29,9657
00679B,元大美債20年,65,0,65,富邦-苗栗,2024-05-29,9657
2486,一詮,69,6,63,富邦-苗栗,2024-05-29,9657
3059,華晶科,61,4,57,富邦-苗栗,2024-05-29,9657
2605,新興,122,71,51,富邦-苗栗,2024-05-29,9657
1909,榮成,50,0,50,富邦-苗栗,2024-05-29,9657
2303,聯電,45,4,41,富邦-苗栗,2024-05-29,9657
6581,鋼聯,40,0,40,富邦-苗栗,2024-05-29,9657
3047,訊舟,52,17,35,富邦-苗栗,2024-05-29,9657
2301,光寶科,37,4,33,富邦-苗栗,2024-05-29,9657
2353,宏��,38,6,32,富邦-苗栗,2024-05-29,9657
1905,華紙,30,0,30,富邦-苗栗,2024-05-29,9657
2892,第一金,29,0,29,富邦-苗栗,2024-05-29,9657
2317,鴻海,36,7,29,富邦-苗栗,2024-05-29,9657
2886,兆豐金,27,0,27,富邦-苗栗,2024-05-29,9657
6125,廣運,51,26,25,富邦-苗栗,2024-05-29,9657
3049,精金,30,5,25,富邦-苗栗,2024-05-29,9657
2883,凱基金,29,6,23,富邦-苗栗,2024-05-29,9657
2610,華航,26,3,23,富邦-苗栗,2024-05-29,9657
3380,明泰,28,6,22,富邦-苗栗,2024-05-29,9657
2618,長榮航,29,8,21,富邦-苗栗,2024-05-29,9657
1101,台泥,22,1,21,富邦-苗栗,2024-05-29,9657
1304,台聚,20,0,20,富邦-苗栗,2024-05-29,9657
4167,松瑞藥,20,0,20,富邦-苗栗,2024-05-29,9657
8215,明基材,20,0,20,富邦-苗栗,2024-05-29,9657
00712,復華富時不動產,20,0,20,富邦-苗栗,2024-05-29,9657
2002,中鋼,21,2,19,富邦-苗栗,2024-05-29,9657
2884,玉山金,19,0,19,富邦-苗栗,2024-05-29,9657
3048,益登,22,3,19,富邦-苗栗,2024-05-29,9657
00687B,國泰20年美債,18,0,18,富邦-苗栗,2024-05-29,9657
00753L,中信中國50正2,23,5,18,富邦-苗栗,2024-05-29,9657
2427,三商電,18,0,18,富邦-苗栗,2024-05-29,9657
6213,聯茂,24,6,18,富邦-苗栗,2024-05-29,9657
2417,圓剛,21,4,17,富邦-苗栗,2024-05-29,9657
8028,昇陽半導體,17,0,17,富邦-苗栗,2024-05-29,9657
00940,元大台灣價值高息,18,2,16,富邦-苗栗,2024-05-29,9657
9958,世紀鋼,16,0,16,富邦-苗栗,2024-05-29,9657
00918,大華優利高填息30,16,0,16,富邦-苗栗,2024-05-29,9657
2409,友達,16,0,16,富邦-苗栗,2024-05-29,9657
00722B,群益投資級電信債,15,0,15,富邦-苗栗,2024-05-29,9657
6189,豐藝,26,12,14,富邦-苗栗,2024-05-29,9657
6163,華電網,14,0,14,富邦-苗栗,2024-05-29,9657
2736,富野,13,0,13,富邦-苗栗,2024-05-29,9657
3481,群創,21,8,13,富邦-苗栗,2024-05-29,9657
9907,統一實,13,0,13,富邦-苗栗,2024-05-29,9657
00680L,元大美債20正2,104,0,104,富邦-苗栗,2024-05-30,9657
00946,群益科技高息成長,96,11,85,富邦-苗栗,2024-05-30,9657
00929,復華台灣科技優息,131,49,82,富邦-苗栗,2024-05-30,9657
00937B,群益ESG投等債20,131,56,75,富邦-苗栗,2024-05-30,9657
1815,富喬,140,66,74,富邦-苗栗,2024-05-30,9657
00687B,國泰20年美債,54,0,54,富邦-苗栗,2024-05-30,9657
00632R,元大台灣50反1,50,6,44,富邦-苗栗,2024-05-30,9657
00673R,期元大S＆P原油反1,40,0,40,富邦-苗栗,2024-05-30,9657
2405,輔信,55,19,36,富邦-苗栗,2024-05-30,9657
6116,彩晶,32,0,32,富邦-苗栗,2024-05-30,9657
00712,復華富時不動產,30,0,30,富邦-苗栗,2024-05-30,9657
2605,新興,68,40,28,富邦-苗栗,2024-05-30,9657
2317,鴻海,46,19,27,富邦-苗栗,2024-05-30,9657
00940,元大台灣價值高息,27,1,26,富邦-苗栗,2024-05-30,9657
2883B,凱基金乙特,25,0,25,富邦-苗栗,2024-05-30,9657
1471,首利,31,8,23,富邦-苗栗,2024-05-30,9657
6283,淳安,23,0,23,富邦-苗栗,2024-05-30,9657
3206,志豐,23,1,22,富邦-苗栗,2024-05-30,9657
2892,第一金,21,0,21,富邦-苗栗,2024-05-30,9657
2888,新光金,21,0,21,富邦-苗栗,2024-05-30,9657
3231,緯創,59,38,21,富邦-苗栗,2024-05-30,9657
2641,正德,21,0,21,富邦-苗栗,2024-05-30,9657
1326,台化,20,0,20,富邦-苗栗,2024-05-30,9657
2313,華通,30,10,20,富邦-苗栗,2024-05-30,9657
1802,台玻,20,0,20,富邦-苗栗,2024-05-30,9657
2809,京城銀,20,0,20,富邦-苗栗,2024-05-30,9657
1316,上曜,30,11,19,富邦-苗栗,2024-05-30,9657
2330,台積電,19,2,17,富邦-苗栗,2024-05-30,9657
2301,光寶科,18,1,17,富邦-苗栗,2024-05-30,9657
5230,雷笛克光學,18,2,16,富邦-苗栗,2024-05-30,9657
2356,英業達,17,2,15,富邦-苗栗,2024-05-30,9657
2501,國建,16,1,15,富邦-苗栗,2024-05-30,9657
00915,凱基優選高股息30,15,1,14,富邦-苗栗,2024-05-30,9657
00936,台新永續高息中小,14,0,14,富邦-苗栗,2024-05-30,9657
2402,毅嘉,14,0,14,富邦-苗栗,2024-05-30,9657
2834,臺企銀,25,11,14,富邦-苗栗,2024-05-30,9657
3321,同泰,14,0,14,富邦-苗栗,2024-05-30,9657
2344,華邦電,13,0,13,富邦-苗栗,2024-05-30,9657
3059,華晶科,49,36,13,富邦-苗栗,2024-05-30,9657
6209,今國光,13,0,13,富邦-苗栗,2024-05-30,9657
2489,瑞軒,17,4,13,富邦-苗栗,2024-05-30,9657
00891,中信關鍵半導體,12,0,12,富邦-苗栗,2024-05-30,9657
00857B,永豐20年美公債,11,0,11,富邦-苗栗,2024-05-30,9657
3062,建漢,11,0,11,富邦-苗栗,2024-05-30,9657
3402,漢科,11,0,11,富邦-苗栗,2024-05-30,9657
6163,華電網,11,0,11,富邦-苗栗,2024-05-30,9657
6213,聯茂,14,3,11,富邦-苗栗,2024-05-30,9657
2887,台新金,10,0,10,富邦-苗栗,2024-05-30,9657
00882,中信中國高股息,10,0,10,富邦-苗栗,2024-05-30,9657
2352,佳世達,10,0,10,富邦-苗栗,2024-05-30,9657
2486,一詮,256,3,253,富邦-苗栗,2024-05-31,9657
2609,陽明,129,41,88,富邦-苗栗,2024-05-31,9657
2002,中鋼,78,2,76,富邦-苗栗,2024-05-31,9657
00929,復華台灣科技優息,59,8,51,富邦-苗栗,2024-05-31,9657
00946,群益科技高息成長,52,5,47,富邦-苗栗,2024-05-31,9657
00939,統一台灣高息動能,44,1,43,富邦-苗栗,2024-05-31,9657
00919,群益台灣精選高息,65,24,41,富邦-苗栗,2024-05-31,9657
2356,英業達,41,0,41,富邦-苗栗,2024-05-31,9657
00715L,期街口布蘭特正2,34,0,34,富邦-苗栗,2024-05-31,9657
2401,凌陽,35,1,34,富邦-苗栗,2024-05-31,9657
00878,國泰永續高股息,39,6,33,富邦-苗栗,2024-05-31,9657
2515,中工,64,33,31,富邦-苗栗,2024-05-31,9657
2317,鴻海,44,14,30,富邦-苗栗,2024-05-31,9657
5512,力麒,40,12,28,富邦-苗栗,2024-05-31,9657
6283,淳安,27,0,27,富邦-苗栗,2024-05-31,9657
6116,彩晶,25,1,24,富邦-苗栗,2024-05-31,9657
3231,緯創,26,3,23,富邦-苗栗,2024-05-31,9657
2354,鴻準,76,54,22,富邦-苗栗,2024-05-31,9657
2405,輔信,23,1,22,富邦-苗栗,2024-05-31,9657
2641,正德,29,8,21,富邦-苗栗,2024-05-31,9657
2489,瑞軒,21,3,18,富邦-苗栗,2024-05-31,9657
4562,穎漢,22,4,18,富邦-苗栗,2024-05-31,9657
3312,弘憶股,26,10,16,富邦-苗栗,2024-05-31,9657
2382,廣達,21,6,15,富邦-苗栗,2024-05-31,9657
00639,富邦深100,15,0,15,富邦-苗栗,2024-05-31,9657
1440,南紡,15,0,15,富邦-苗栗,2024-05-31,9657
2409,友達,16,1,15,富邦-苗栗,2024-05-31,9657
6215,和椿,16,1,15,富邦-苗栗,2024-05-31,9657
2882,國泰金,16,3,13,富邦-苗栗,2024-05-31,9657
1785,光洋科,15,2,13,富邦-苗栗,2024-05-31,9657
1909,榮成,13,0,13,富邦-苗栗,2024-05-31,9657
2834,臺企銀,14,1,13,富邦-苗栗,2024-05-31,9657
2605,新興,35,22,13,富邦-苗栗,2024-05-31,9657
2492,華新科,13,0,13,富邦-苗栗,2024-05-31,9657
2615,萬海,13,1,12,富邦-苗栗,2024-05-31,9657
1301,台塑,12,0,12,富邦-苗栗,2024-05-31,9657
3360,尚立,12,0,12,富邦-苗栗,2024-05-31,9657
5371,中光電,14,3,11,富邦-苗栗,2024-05-31,9657
1714,和桐,12,1,11,富邦-苗栗,2024-05-31,9657
2243,宏旭-KY,11,0,11,富邦-苗栗,2024-05-31,9657
8107,大億金茂,21,10,11,富邦-苗栗,2024-05-31,9657
00940,元大台灣價值高息,24,14,10,富邦-苗栗,2024-05-31,9657
00923,群益台ESG低碳50,10,0,10,富邦-苗栗,2024-05-31,9657
2353,宏��,16,6,10,富邦-苗栗,2024-05-31,9657
00643,群益深証中小,10,0,10,富邦-苗栗,2024-05-31,9657
1516,川飛,10,0,10,富邦-苗栗,2024-05-31,9657
1708,東鹼,10,0,10,富邦-苗栗,2024-05-31,9657
1710,東聯,10,0,10,富邦-苗栗,2024-05-31,9657
1810,和成,10,0,10,富邦-苗栗,2024-05-31,9657
1905,華紙,10,0,10,富邦-苗栗,2024-05-31,9657
00929,復華台灣科技優息,201,7,194,富邦-苗栗,2024-06-03,9657
00919,群益台灣精選高息,156,12,144,富邦-苗栗,2024-06-03,9657
00946,群益科技高息成長,70,0,70,富邦-苗栗,2024-06-03,9657
6770,力積電,66,0,66,富邦-苗栗,2024-06-03,9657
00715L,期街口布蘭特正2,50,0,50,富邦-苗栗,2024-06-03,9657
6167,久正,41,6,35,富邦-苗栗,2024-06-03,9657
9105,泰金寶-DR,31,0,31,富邦-苗栗,2024-06-03,9657
2317,鴻海,35,5,30,富邦-苗栗,2024-06-03,9657
2610,華航,27,0,27,富邦-苗栗,2024-06-03,9657
00940,元大台灣價值高息,36,11,25,富邦-苗栗,2024-06-03,9657
3059,華晶科,79,57,22,富邦-苗栗,2024-06-03,9657
6552,易華電,22,1,21,富邦-苗栗,2024-06-03,9657
1714,和桐,20,0,20,富邦-苗栗,2024-06-03,9657
00830,國泰費城半導體,19,0,19,富邦-苗栗,2024-06-03,9657
00918,大華優利高填息30,22,4,18,富邦-苗栗,2024-06-03,9657
2356,英業達,28,10,18,富邦-苗栗,2024-06-03,9657
3490,單井,19,2,17,富邦-苗栗,2024-06-03,9657
3714,富采,17,0,17,富邦-苗栗,2024-06-03,9657
5222,全訊,15,0,15,富邦-苗栗,2024-06-03,9657
2323,中環,17,2,15,富邦-苗栗,2024-06-03,9657
2464,盟立,36,21,15,富邦-苗栗,2024-06-03,9657
00679B,元大美債20年,14,0,14,富邦-苗栗,2024-06-03,9657
2867,三商壽,14,0,14,富邦-苗栗,2024-06-03,9657
00664R,國泰臺灣加權反1,13,0,13,富邦-苗栗,2024-06-03,9657
2103,台橡,13,0,13,富邦-苗栗,2024-06-03,9657
2615,萬海,43,31,12,富邦-苗栗,2024-06-03,9657
2887,台新金,13,1,12,富邦-苗栗,2024-06-03,9657
4533,協易機,25,13,12,富邦-苗栗,2024-06-03,9657
2353,宏��,25,13,12,富邦-苗栗,2024-06-03,9657
2880,華南金,11,0,11,富邦-苗栗,2024-06-03,9657
2489,瑞軒,12,1,11,富邦-苗栗,2024-06-03,9657
2303,聯電,20,10,10,富邦-苗栗,2024-06-03,9657
00885,富邦越南,10,0,10,富邦-苗栗,2024-06-03,9657
4949,有成精密,10,0,10,富邦-苗栗,2024-06-03,9657
6695,芯鼎,14,4,10,富邦-苗栗,2024-06-03,9657
00878,國泰永續高股息,14,4,10,富邦-苗栗,2024-06-03,9657
5347,世界,11,2,9,富邦-苗栗,2024-06-03,9657
00665L,富邦�琤肭磪囓�2,10,1,9,富邦-苗栗,2024-06-03,9657
2312,金寶,11,2,9,富邦-苗栗,2024-06-03,9657
2324,仁寶,21,12,9,富邦-苗栗,2024-06-03,9657
4513,福裕,10,1,9,富邦-苗栗,2024-06-03,9657
8107,大億金茂,10,1,9,富邦-苗栗,2024-06-03,9657
5371,中光電,15,6,9,富邦-苗栗,2024-06-03,9657
8112,至上,8,0,8,富邦-苗栗,2024-06-03,9657
1597,直得,8,0,8,富邦-苗栗,2024-06-03,9657
2027,大成鋼,8,0,8,富邦-苗栗,2024-06-03,9657
2201,裕隆,7,0,7,富邦-苗栗,2024-06-03,9657
4919,新唐,10,3,7,富邦-苗栗,2024-06-03,9657
4938,和碩,11,4,7,富邦-苗栗,2024-06-03,9657
6290,良維,11,4,7,富邦-苗栗,2024-06-03,9657
00857B,永豐20年美公債,282,1,281,富邦-苗栗,2024-06-04,9657
00929,復華台灣科技優息,156,3,153,富邦-苗栗,2024-06-04,9657
2486,一詮,226,90,136,富邦-苗栗,2024-06-04,9657
00715L,期街口布蘭特正2,109,1,108,富邦-苗栗,2024-06-04,9657
3059,華晶科,98,1,97,富邦-苗栗,2024-06-04,9657
2312,金寶,104,10,94,富邦-苗栗,2024-06-04,9657
3481,群創,99,9,90,富邦-苗栗,2024-06-04,9657
1802,台玻,117,48,69,富邦-苗栗,2024-06-04,9657
00918,大華優利高填息30,68,0,68,富邦-苗栗,2024-06-04,9657
2313,華通,54,1,53,富邦-苗栗,2024-06-04,9657
3047,訊舟,59,10,49,富邦-苗栗,2024-06-04,9657
6770,力積電,46,2,44,富邦-苗栗,2024-06-04,9657
6213,聯茂,42,0,42,富邦-苗栗,2024-06-04,9657
2498,宏達電,48,9,39,富邦-苗栗,2024-06-04,9657
2324,仁寶,47,10,37,富邦-苗栗,2024-06-04,9657
2344,華邦電,36,0,36,富邦-苗栗,2024-06-04,9657
2002,中鋼,33,0,33,富邦-苗栗,2024-06-04,9657
00878,國泰永續高股息,33,1,32,富邦-苗栗,2024-06-04,9657
2354,鴻準,45,14,31,富邦-苗栗,2024-06-04,9657
2609,陽明,53,22,31,富邦-苗栗,2024-06-04,9657
00919,群益台灣精選高息,44,14,30,富邦-苗栗,2024-06-04,9657
2353,宏��,33,3,30,富邦-苗栗,2024-06-04,9657
3231,緯創,29,2,27,富邦-苗栗,2024-06-04,9657
00680L,元大美債20正2,27,0,27,富邦-苗栗,2024-06-04,9657
2301,光寶科,28,5,23,富邦-苗栗,2024-06-04,9657
2495,普安,28,6,22,富邦-苗栗,2024-06-04,9657
5426,振發,22,0,22,富邦-苗栗,2024-06-04,9657
1101,台泥,20,1,19,富邦-苗栗,2024-06-04,9657
2337,旺宏,18,0,18,富邦-苗栗,2024-06-04,9657
3312,弘憶股,18,1,17,富邦-苗栗,2024-06-04,9657
6215,和椿,18,1,17,富邦-苗栗,2024-06-04,9657
6283,淳安,16,0,16,富邦-苗栗,2024-06-04,9657
00713,元大台灣高息低波,15,0,15,富邦-苗栗,2024-06-04,9657
3714,富采,14,0,14,富邦-苗栗,2024-06-04,9657
6139,亞翔,13,0,13,富邦-苗栗,2024-06-04,9657
2331,精英,31,19,12,富邦-苗栗,2024-06-04,9657
00907,永豐優息存股,12,0,12,富邦-苗栗,2024-06-04,9657
3260,威剛,13,2,11,富邦-苗栗,2024-06-04,9657
2409,友達,12,1,11,富邦-苗栗,2024-06-04,9657
4533,協易機,23,12,11,富邦-苗栗,2024-06-04,9657
1536,和大,11,0,11,富邦-苗栗,2024-06-04,9657
6166,凌華,14,3,11,富邦-苗栗,2024-06-04,9657
00891,中信關鍵半導體,11,0,11,富邦-苗栗,2024-06-04,9657
1301,台塑,11,0,11,富邦-苗栗,2024-06-04,9657
2367,燿華,37,27,10,富邦-苗栗,2024-06-04,9657
00633L,富邦上証正2,11,1,10,富邦-苗栗,2024-06-04,9657
1445,大宇,10,0,10,富邦-苗栗,2024-06-04,9657
2027,大成鋼,10,0,10,富邦-苗栗,2024-06-04,9657
3313,斐成,10,0,10,富邦-苗栗,2024-06-04,9657
6128,上福,10,0,10,富邦-苗栗,2024-06-04,9657
9105,泰金寶-DR,204,1,203,富邦-苗栗,2024-06-05,9657
00929,復華台灣科技優息,129,12,117,富邦-苗栗,2024-06-05,9657
00878,國泰永續高股息,109,11,98,富邦-苗栗,2024-06-05,9657
00936,台新永續高息中小,113,30,83,富邦-苗栗,2024-06-05,9657
00715L,期街口布蘭特正2,55,0,55,富邦-苗栗,2024-06-05,9657
00753L,中信中國50正2,65,11,54,富邦-苗栗,2024-06-05,9657
00885,富邦越南,54,1,53,富邦-苗栗,2024-06-05,9657
8069,元太,51,0,51,富邦-苗栗,2024-06-05,9657
2486,一詮,177,135,42,富邦-苗栗,2024-06-05,9657
2323,中環,46,6,40,富邦-苗栗,2024-06-05,9657
00946,群益科技高息成長,40,3,37,富邦-苗栗,2024-06-05,9657
2344,華邦電,48,15,33,富邦-苗栗,2024-06-05,9657
2409,友達,34,4,30,富邦-苗栗,2024-06-05,9657
00918,大華優利高填息30,29,0,29,富邦-苗栗,2024-06-05,9657
2431,聯昌,29,0,29,富邦-苗栗,2024-06-05,9657
2317,鴻海,39,13,26,富邦-苗栗,2024-06-05,9657
00687B,國泰20年美債,24,0,24,富邦-苗栗,2024-06-05,9657
3059,華晶科,24,4,20,富邦-苗栗,2024-06-05,9657
2834,臺企銀,20,1,19,富邦-苗栗,2024-06-05,9657
2303,聯電,53,35,18,富邦-苗栗,2024-06-05,9657
2498,宏達電,16,0,16,富邦-苗栗,2024-06-05,9657
3231,緯創,27,12,15,富邦-苗栗,2024-06-05,9657
2438,翔耀,15,0,15,富邦-苗栗,2024-06-05,9657
3481,群創,19,4,15,富邦-苗栗,2024-06-05,9657
00920,富邦ESG綠色電力,13,0,13,富邦-苗栗,2024-06-05,9657
2606,裕民,19,7,12,富邦-苗栗,2024-06-05,9657
3372,典範,25,13,12,富邦-苗栗,2024-06-05,9657
1785,光洋科,11,0,11,富邦-苗栗,2024-06-05,9657
3714,富采,12,1,11,富邦-苗栗,2024-06-05,9657
2489,瑞軒,11,0,11,富邦-苗栗,2024-06-05,9657
3088,艾訊,13,3,10,富邦-苗栗,2024-06-05,9657
2101,南港,17,7,10,富邦-苗栗,2024-06-05,9657
5392,能率,10,0,10,富邦-苗栗,2024-06-05,9657
2883B,凱基金乙特,10,0,10,富邦-苗栗,2024-06-05,9657
3686,達能,10,0,10,富邦-苗栗,2024-06-05,9657
6116,彩晶,10,0,10,富邦-苗栗,2024-06-05,9657
9934,成霖,10,0,10,富邦-苗栗,2024-06-05,9657
2002,中鋼,10,0,10,富邦-苗栗,2024-06-05,9657
2449,京元電子,15,6,9,富邦-苗栗,2024-06-05,9657
1815,富喬,40,31,9,富邦-苗栗,2024-06-05,9657
3202,樺晟,8,0,8,富邦-苗栗,2024-06-05,9657
8234,新漢,8,0,8,富邦-苗栗,2024-06-05,9657
5371,中光電,12,5,7,富邦-苗栗,2024-06-05,9657
00919,群益台灣精選高息,10,3,7,富邦-苗栗,2024-06-05,9657
2301,光寶科,10,3,7,富邦-苗栗,2024-06-05,9657
5386,青雲,8,1,7,富邦-苗栗,2024-06-05,9657
6166,凌華,7,0,7,富邦-苗栗,2024-06-05,9657
6177,達麗,8,1,7,富邦-苗栗,2024-06-05,9657
6689,伊雲谷,7,0,7,富邦-苗栗,2024-06-05,9657
2609,陽明,92,85,7,富邦-苗栗,2024-06-05,9657
00654R,富邦印度反1,300,0,300,富邦-苗栗,2024-06-06,9657
00919,群益台灣精選高息,122,3,119,富邦-苗栗,2024-06-06,9657
00936,台新永續高息中小,127,12,115,富邦-苗栗,2024-06-06,9657
00680L,元大美債20正2,85,10,75,富邦-苗栗,2024-06-06,9657
00632R,元大台灣50反1,82,17,65,富邦-苗栗,2024-06-06,9657
2354,鴻準,68,6,62,富邦-苗栗,2024-06-06,9657
00942B,台新美A公司債20+,38,0,38,富邦-苗栗,2024-06-06,9657
2337,旺宏,37,0,37,富邦-苗栗,2024-06-06,9657
00664R,國泰臺灣加權反1,36,0,36,富邦-苗栗,2024-06-06,9657
3645,達邁,30,0,30,富邦-苗栗,2024-06-06,9657
6155,鈞寶,30,2,28,富邦-苗栗,2024-06-06,9657
2356,英業達,34,7,27,富邦-苗栗,2024-06-06,9657
00687B,國泰20年美債,35,9,26,富邦-苗栗,2024-06-06,9657
5371,中光電,32,7,25,富邦-苗栗,2024-06-06,9657
2328,廣宇,27,2,25,富邦-苗栗,2024-06-06,9657
2888,新光金,22,1,21,富邦-苗栗,2024-06-06,9657
6283,淳安,21,0,21,富邦-苗栗,2024-06-06,9657
00931B,統一美債20年,20,0,20,富邦-苗栗,2024-06-06,9657
6603,富強鑫,20,0,20,富邦-苗栗,2024-06-06,9657
8039,台虹,21,1,20,富邦-苗栗,2024-06-06,9657
5302,太欣,19,0,19,富邦-苗栗,2024-06-06,9657
2605,新興,20,2,18,富邦-苗栗,2024-06-06,9657
3231,緯創,20,3,17,富邦-苗栗,2024-06-06,9657
8105,凌巨,15,0,15,富邦-苗栗,2024-06-06,9657
2344,華邦電,40,26,14,富邦-苗栗,2024-06-06,9657
2498,宏達電,18,4,14,富邦-苗栗,2024-06-06,9657
6770,力積電,15,1,14,富邦-苗栗,2024-06-06,9657
1303,南亞,13,0,13,富邦-苗栗,2024-06-06,9657
3481,群創,13,0,13,富邦-苗栗,2024-06-06,9657
1815,富喬,34,22,12,富邦-苗栗,2024-06-06,9657
1536,和大,12,0,12,富邦-苗栗,2024-06-06,9657
1305,華夏,11,0,11,富邦-苗栗,2024-06-06,9657
3297,杭特,11,0,11,富邦-苗栗,2024-06-06,9657
6189,豐藝,11,0,11,富邦-苗栗,2024-06-06,9657
8070,長華*,13,2,11,富邦-苗栗,2024-06-06,9657
4961,天鈺,10,0,10,富邦-苗栗,2024-06-06,9657
3030,德律,11,1,10,富邦-苗栗,2024-06-06,9657
00753L,中信中國50正2,10,0,10,富邦-苗栗,2024-06-06,9657
1516,川飛,10,0,10,富邦-苗栗,2024-06-06,9657
2402,毅嘉,10,0,10,富邦-苗栗,2024-06-06,9657
2609,陽明,100,90,10,富邦-苗栗,2024-06-06,9657
2464,盟立,13,4,9,富邦-苗栗,2024-06-06,9657
1314,中石化,13,4,9,富邦-苗栗,2024-06-06,9657
2201,裕隆,8,0,8,富邦-苗栗,2024-06-06,9657
2392,正崴,8,0,8,富邦-苗栗,2024-06-06,9657
2489,瑞軒,15,7,8,富邦-苗栗,2024-06-06,9657
3059,華晶科,28,20,8,富邦-苗栗,2024-06-06,9657
3013,晟銘電,29,21,8,富邦-苗栗,2024-06-06,9657
3338,泰碩,7,0,7,富邦-苗栗,2024-06-06,9657
00712,復華富時不動產,7,0,7,富邦-苗栗,2024-06-06,9657
3338,泰碩,154,5,149,富邦-苗栗,2024-06-07,9657
2312,金寶,150,19,131,富邦-苗栗,2024-06-07,9657
00936,台新永續高息中小,96,11,85,富邦-苗栗,2024-06-07,9657
1447,力鵬,38,0,38,富邦-苗栗,2024-06-07,9657
00937B,群益ESG投等債20,56,19,37,富邦-苗栗,2024-06-07,9657
00929,復華台灣科技優息,134,99,35,富邦-苗栗,2024-06-07,9657
00633L,富邦上証正2,33,2,31,富邦-苗栗,2024-06-07,9657
6213,聯茂,31,3,28,富邦-苗栗,2024-06-07,9657
2615,萬海,61,35,26,富邦-苗栗,2024-06-07,9657
2618,長榮航,45,22,23,富邦-苗栗,2024-06-07,9657
3481,群創,30,7,23,富邦-苗栗,2024-06-07,9657
2317,鴻海,29,7,22,富邦-苗栗,2024-06-07,9657
00942B,台新美A公司債20+,19,0,19,富邦-苗栗,2024-06-07,9657
00940,元大台灣價值高息,39,23,16,富邦-苗栗,2024-06-07,9657
1303,南亞,16,0,16,富邦-苗栗,2024-06-07,9657
2356,英業達,19,3,16,富邦-苗栗,2024-06-07,9657
2353,宏��,16,0,16,富邦-苗栗,2024-06-07,9657
3049,精金,16,0,16,富邦-苗栗,2024-06-07,9657
1325,恆大,15,0,15,富邦-苗栗,2024-06-07,9657
2241,艾姆勒,15,0,15,富邦-苗栗,2024-06-07,9657
2440,太空梭,15,0,15,富邦-苗栗,2024-06-07,9657
3231,緯創,84,69,15,富邦-苗栗,2024-06-07,9657
1618,合機,17,4,13,富邦-苗栗,2024-06-07,9657
00918,大華優利高填息30,13,0,13,富邦-苗栗,2024-06-07,9657
3017,奇鋐,19,7,12,富邦-苗栗,2024-06-07,9657
00713,元大台灣高息低波,12,0,12,富邦-苗栗,2024-06-07,9657
3490,單井,12,0,12,富邦-苗栗,2024-06-07,9657
4956,光鋐,17,5,12,富邦-苗栗,2024-06-07,9657
00720B,元大投資級公司債,11,0,11,富邦-苗栗,2024-06-07,9657
6290,良維,12,1,11,富邦-苗栗,2024-06-07,9657
8070,長華*,12,1,11,富邦-苗栗,2024-06-07,9657
2609,陽明,99,88,11,富邦-苗栗,2024-06-07,9657
3037,欣興,10,0,10,富邦-苗栗,2024-06-07,9657
00700,富邦�琤肭磪�,10,0,10,富邦-苗栗,2024-06-07,9657
2451,創見,10,0,10,富邦-苗栗,2024-06-07,9657
2515,中工,11,1,10,富邦-苗栗,2024-06-07,9657
2812,台中銀,10,0,10,富邦-苗栗,2024-06-07,9657
6538,倉和,10,0,10,富邦-苗栗,2024-06-07,9657
8358,金居,10,0,10,富邦-苗栗,2024-06-07,9657
1503,士電,14,5,9,富邦-苗栗,2024-06-07,9657
6155,鈞寶,31,22,9,富邦-苗栗,2024-06-07,9657
2886,兆豐金,9,0,9,富邦-苗栗,2024-06-07,9657
1609,大亞,23,15,8,富邦-苗栗,2024-06-07,9657
2354,鴻準,11,3,8,富邦-苗栗,2024-06-07,9657
2314,台揚,10,2,8,富邦-苗栗,2024-06-07,9657
3297,杭特,8,0,8,富邦-苗栗,2024-06-07,9657
5608,四維航,8,0,8,富邦-苗栗,2024-06-07,9657
6170,統振,8,0,8,富邦-苗栗,2024-06-07,9657
2330,台積電,12,5,7,富邦-苗栗,2024-06-07,9657
8033,雷虎,7,0,7,富邦-苗栗,2024-06-07,9657
00918,大華優利高填息30,121,0,121,富邦-苗栗,2024-06-11,9657
00937B,群益ESG投等債20,122,10,112,富邦-苗栗,2024-06-11,9657
00929,復華台灣科技優息,120,10,110,富邦-苗栗,2024-06-11,9657
3338,泰碩,104,3,101,富邦-苗栗,2024-06-11,9657
00687B,國泰20年美債,74,0,74,富邦-苗栗,2024-06-11,9657
2888,新光金,71,9,62,富邦-苗栗,2024-06-11,9657
00679B,元大美債20年,57,0,57,富邦-苗栗,2024-06-11,9657
2356,英業達,57,2,55,富邦-苗栗,2024-06-11,9657
2609,陽明,148,96,52,富邦-苗栗,2024-06-11,9657
1524,耿鼎,51,0,51,富邦-苗栗,2024-06-11,9657
2002,中鋼,55,5,50,富邦-苗栗,2024-06-11,9657
2374,佳能,51,6,45,富邦-苗栗,2024-06-11,9657
2603,長榮,56,15,41,富邦-苗栗,2024-06-11,9657
00753L,中信中國50正2,50,11,39,富邦-苗栗,2024-06-11,9657
6167,久正,40,1,39,富邦-苗栗,2024-06-11,9657
00933B,國泰10Y+金融債,36,0,36,富邦-苗栗,2024-06-11,9657
00936,台新永續高息中小,37,2,35,富邦-苗栗,2024-06-11,9657
00673R,期元大S＆P原油反1,32,0,32,富邦-苗栗,2024-06-11,9657
3059,華晶科,35,3,32,富邦-苗栗,2024-06-11,9657
8358,金居,42,10,32,富邦-苗栗,2024-06-11,9657
4306,炎洲,30,0,30,富邦-苗栗,2024-06-11,9657
3047,訊舟,45,15,30,富邦-苗栗,2024-06-11,9657
00939,統一台灣高息動能,49,19,30,富邦-苗栗,2024-06-11,9657
9945,潤泰新,27,1,26,富邦-苗栗,2024-06-11,9657
6155,鈞寶,50,24,26,富邦-苗栗,2024-06-11,9657
1802,台玻,25,0,25,富邦-苗栗,2024-06-11,9657
1608,華榮,35,11,24,富邦-苗栗,2024-06-11,9657
00878,國泰永續高股息,25,3,22,富邦-苗栗,2024-06-11,9657
00882,中信中國高股息,22,1,21,富邦-苗栗,2024-06-11,9657
1815,富喬,30,10,20,富邦-苗栗,2024-06-11,9657
2882,國泰金,30,10,20,富邦-苗栗,2024-06-11,9657
2371,大同,21,1,20,富邦-苗栗,2024-06-11,9657
8105,凌巨,20,0,20,富邦-苗栗,2024-06-11,9657
2482,連宇,21,5,16,富邦-苗栗,2024-06-11,9657
3122,笙泉,18,4,14,富邦-苗栗,2024-06-11,9657
2515,中工,14,1,13,富邦-苗栗,2024-06-11,9657
2613,中櫃,63,50,13,富邦-苗栗,2024-06-11,9657
2834,臺企銀,13,0,13,富邦-苗栗,2024-06-11,9657
2498,宏達電,14,2,12,富邦-苗栗,2024-06-11,9657
5392,能率,13,1,12,富邦-苗栗,2024-06-11,9657
3231,緯創,22,11,11,富邦-苗栗,2024-06-11,9657
1219,福壽,11,0,11,富邦-苗栗,2024-06-11,9657
2489,瑞軒,11,0,11,富邦-苗栗,2024-06-11,9657
1326,台化,10,0,10,富邦-苗栗,2024-06-11,9657
1611,中電,10,0,10,富邦-苗栗,2024-06-11,9657
2511,太子,10,0,10,富邦-苗栗,2024-06-11,9657
2633,台灣高鐵,10,0,10,富邦-苗栗,2024-06-11,9657
2836,高雄銀,10,0,10,富邦-苗栗,2024-06-11,9657
4128,中天,10,0,10,富邦-苗栗,2024-06-11,9657
5426,振發,11,1,10,富邦-苗栗,2024-06-11,9657
00948B,中信優息投資級債,169,0,169,富邦-苗栗,2024-06-12,9657
2606,裕民,105,20,85,富邦-苗栗,2024-06-12,9657
3338,泰碩,71,0,71,富邦-苗栗,2024-06-12,9657
5498,凱崴,71,0,71,富邦-苗栗,2024-06-12,9657
00919,群益台灣精選高息,70,11,59,富邦-苗栗,2024-06-12,9657
00929,復華台灣科技優息,63,14,49,富邦-苗栗,2024-06-12,9657
2883,凱基金,99,55,44,富邦-苗栗,2024-06-12,9657
00918,大華優利高填息30,39,1,38,富邦-苗栗,2024-06-12,9657
00712,復華富時不動產,32,0,32,富邦-苗栗,2024-06-12,9657
00940,元大台灣價值高息,33,8,25,富邦-苗栗,2024-06-12,9657
2356,英業達,22,2,20,富邦-苗栗,2024-06-12,9657
6155,鈞寶,20,0,20,富邦-苗栗,2024-06-12,9657
1905,華紙,18,0,18,富邦-苗栗,2024-06-12,9657
020033,統一�琤肮黕篾,16,0,16,富邦-苗栗,2024-06-12,9657
1101,台泥,19,4,15,富邦-苗栗,2024-06-12,9657
00830,國泰費城半導體,15,0,15,富邦-苗栗,2024-06-12,9657
00688L,國泰20年美債正2,15,0,15,富邦-苗栗,2024-06-12,9657
6283,淳安,15,0,15,富邦-苗栗,2024-06-12,9657
2201,裕隆,14,0,14,富邦-苗栗,2024-06-12,9657
00664R,國泰臺灣加權反1,14,0,14,富邦-苗栗,2024-06-12,9657
8936,國統,16,2,14,富邦-苗栗,2024-06-12,9657
2515,中工,14,0,14,富邦-苗栗,2024-06-12,9657
00673R,期元大S＆P原油反1,13,0,13,富邦-苗栗,2024-06-12,9657
2417,圓剛,14,1,13,富邦-苗栗,2024-06-12,9657
3059,華晶科,54,41,13,富邦-苗栗,2024-06-12,9657
2371,大同,17,5,12,富邦-苗栗,2024-06-12,9657
3297,杭特,12,0,12,富邦-苗栗,2024-06-12,9657
5512,力麒,21,9,12,富邦-苗栗,2024-06-12,9657
2359,所羅門,13,2,11,富邦-苗栗,2024-06-12,9657
9945,潤泰新,14,3,11,富邦-苗栗,2024-06-12,9657
1785,光洋科,11,0,11,富邦-苗栗,2024-06-12,9657
6841,長佳智能,12,1,11,富邦-苗栗,2024-06-12,9657
2363,矽統,11,1,10,富邦-苗栗,2024-06-12,9657
2002,中鋼,13,3,10,富邦-苗栗,2024-06-12,9657
00632R,元大台灣50反1,16,6,10,富邦-苗栗,2024-06-12,9657
00942B,台新美A公司債20+,10,0,10,富邦-苗栗,2024-06-12,9657
1584,精剛,10,0,10,富邦-苗栗,2024-06-12,9657
2405,輔信,10,0,10,富邦-苗栗,2024-06-12,9657
2641,正德,11,1,10,富邦-苗栗,2024-06-12,9657
3040,遠見,10,0,10,富邦-苗栗,2024-06-12,9657
6140,訊達,10,0,10,富邦-苗栗,2024-06-12,9657
6167,久正,10,0,10,富邦-苗栗,2024-06-12,9657
3705,永信,10,1,9,富邦-苗栗,2024-06-12,9657
3363,上詮,8,0,8,富邦-苗栗,2024-06-12,9657
00947,台新臺灣IC設計,8,0,8,富邦-苗栗,2024-06-12,9657
1503,士電,13,6,7,富邦-苗栗,2024-06-12,9657
00907,永豐優息存股,7,0,7,富邦-苗栗,2024-06-12,9657
9105,泰金寶-DR,7,0,7,富邦-苗栗,2024-06-12,9657
2323,中環,11,4,7,富邦-苗栗,2024-06-12,9657
5443,均豪,8,1,7,富邦-苗栗,2024-06-12,9657
00948B,中信優息投資級債,81,0,81,富邦-苗栗,2024-06-13,9657
00946,群益科技高息成長,92,31,61,富邦-苗栗,2024-06-13,9657
00679B,元大美債20年,62,4,58,富邦-苗栗,2024-06-13,9657
2405,輔信,41,0,41,富邦-苗栗,2024-06-13,9657
3481,群創,50,12,38,富邦-苗栗,2024-06-13,9657
00673R,期元大S＆P原油反1,30,0,30,富邦-苗栗,2024-06-13,9657
3227,原相,29,0,29,富邦-苗栗,2024-06-13,9657
2352,佳世達,28,0,28,富邦-苗栗,2024-06-13,9657
2867,三商壽,35,10,25,富邦-苗栗,2024-06-13,9657
2618,長榮航,30,7,23,富邦-苗栗,2024-06-13,9657
2610,華航,43,20,23,富邦-苗栗,2024-06-13,9657
6125,廣運,27,6,21,富邦-苗栗,2024-06-13,9657
2887,台新金,23,3,20,富邦-苗栗,2024-06-13,9657
00664R,國泰臺灣加權反1,25,5,20,富邦-苗栗,2024-06-13,9657
2427,三商電,20,0,20,富邦-苗栗,2024-06-13,9657
3059,華晶科,64,45,19,富邦-苗栗,2024-06-13,9657
6207,雷科,23,4,19,富邦-苗栗,2024-06-13,9657
2609,陽明,52,34,18,富邦-苗栗,2024-06-13,9657
4906,正文,20,3,17,富邦-苗栗,2024-06-13,9657
00688L,國泰20年美債正2,15,0,15,富邦-苗栗,2024-06-13,9657
2461,光群雷,15,0,15,富邦-苗栗,2024-06-13,9657
4562,穎漢,27,13,14,富邦-苗栗,2024-06-13,9657
1314,中石化,13,0,13,富邦-苗栗,2024-06-13,9657
00937B,群益ESG投等債20,64,52,12,富邦-苗栗,2024-06-13,9657
2409,友達,15,3,12,富邦-苗栗,2024-06-13,9657
2603,長榮,19,8,11,富邦-苗栗,2024-06-13,9657
2324,仁寶,12,2,10,富邦-苗栗,2024-06-13,9657
00921,兆豐龍頭等權重,10,0,10,富邦-苗栗,2024-06-13,9657
2201,裕隆,20,10,10,富邦-苗栗,2024-06-13,9657
3037,欣興,10,0,10,富邦-苗栗,2024-06-13,9657
3217,優群,10,0,10,富邦-苗栗,2024-06-13,9657
3576,聯合再生,10,0,10,富邦-苗栗,2024-06-13,9657
8068,全達,10,0,10,富邦-苗栗,2024-06-13,9657
00687B,國泰20年美債,15,5,10,富邦-苗栗,2024-06-13,9657
2002,中鋼,9,0,9,富邦-苗栗,2024-06-13,9657
2401,凌陽,11,2,9,富邦-苗栗,2024-06-13,9657
2883B,凱基金乙特,9,0,9,富邦-苗栗,2024-06-13,9657
2637,慧洋-KY,8,0,8,富邦-苗栗,2024-06-13,9657
00713,元大台灣高息低波,12,4,8,富邦-苗栗,2024-06-13,9657
00896,中信綠能及電動車,9,1,8,富邦-苗栗,2024-06-13,9657
1587,吉茂,9,1,8,富邦-苗栗,2024-06-13,9657
2903,遠百,8,0,8,富邦-苗栗,2024-06-13,9657
2374,佳能,11,4,7,富邦-苗栗,2024-06-13,9657
4109,加捷生醫,7,0,7,富邦-苗栗,2024-06-13,9657
2312,金寶,11,4,7,富邦-苗栗,2024-06-13,9657
2615,萬海,21,14,7,富邦-苗栗,2024-06-13,9657
2101,南港,7,1,6,富邦-苗栗,2024-06-13,9657
2354,鴻準,12,6,6,富邦-苗栗,2024-06-13,9657
5522,遠雄,6,0,6,富邦-苗栗,2024-06-13,9657
8071,能率網通,7,1,6,富邦-苗栗,2024-06-13,9657
2486,一詮,119,32,87,富邦-苗栗,2024-06-14,9657
2371,大同,104,46,58,富邦-苗栗,2024-06-14,9657
2329,華泰,65,8,57,富邦-苗栗,2024-06-14,9657
00919,群益台灣精選高息,63,9,54,富邦-苗栗,2024-06-14,9657
00929,復華台灣科技優息,63,20,43,富邦-苗栗,2024-06-14,9657
3372,典範,48,8,40,富邦-苗栗,2024-06-14,9657
00918,大華優利高填息30,36,0,36,富邦-苗栗,2024-06-14,9657
00664R,國泰臺灣加權反1,32,0,32,富邦-苗栗,2024-06-14,9657
3231,緯創,63,33,30,富邦-苗栗,2024-06-14,9657
2363,矽統,31,2,29,富邦-苗栗,2024-06-14,9657
3048,益登,43,19,24,富邦-苗栗,2024-06-14,9657
6125,廣運,27,5,22,富邦-苗栗,2024-06-14,9657
2867,三商壽,21,0,21,富邦-苗栗,2024-06-14,9657
00948B,中信優息投資級債,25,5,20,富邦-苗栗,2024-06-14,9657
3706,神達,20,1,19,富邦-苗栗,2024-06-14,9657
4562,穎漢,35,17,18,富邦-苗栗,2024-06-14,9657
2356,英業達,28,11,17,富邦-苗栗,2024-06-14,9657
00713,元大台灣高息低波,16,0,16,富邦-苗栗,2024-06-14,9657
00947,台新臺灣IC設計,14,0,14,富邦-苗栗,2024-06-14,9657
2812,台中銀,15,1,14,富邦-苗栗,2024-06-14,9657
3006,晶豪科,31,17,14,富邦-苗栗,2024-06-14,9657
2353,宏��,17,4,13,富邦-苗栗,2024-06-14,9657
1612,宏泰,14,2,12,富邦-苗栗,2024-06-14,9657
00632R,元大台灣50反1,12,0,12,富邦-苗栗,2024-06-14,9657
1711,永光,12,0,12,富邦-苗栗,2024-06-14,9657
2883,凱基金,13,1,12,富邦-苗栗,2024-06-14,9657
2352,佳世達,11,0,11,富邦-苗栗,2024-06-14,9657
00896,中信綠能及電動車,11,0,11,富邦-苗栗,2024-06-14,9657
2497,怡利電,11,0,11,富邦-苗栗,2024-06-14,9657
1710,東聯,10,0,10,富邦-苗栗,2024-06-14,9657
2618,長榮航,11,1,10,富邦-苗栗,2024-06-14,9657
2836,高雄銀,10,0,10,富邦-苗栗,2024-06-14,9657
3545,敦泰,10,0,10,富邦-苗栗,2024-06-14,9657
2367,燿華,21,12,9,富邦-苗栗,2024-06-14,9657
1905,華紙,10,1,9,富邦-苗栗,2024-06-14,9657
2313,華通,9,0,9,富邦-苗栗,2024-06-14,9657
6163,華電網,10,1,9,富邦-苗栗,2024-06-14,9657
1460,宏遠,8,0,8,富邦-苗栗,2024-06-14,9657
1785,光洋科,15,7,8,富邦-苗栗,2024-06-14,9657
2515,中工,19,11,8,富邦-苗栗,2024-06-14,9657
2027,大成鋼,7,0,7,富邦-苗栗,2024-06-14,9657
00946,群益科技高息成長,7,0,7,富邦-苗栗,2024-06-14,9657
00921,兆豐龍頭等權重,8,1,7,富邦-苗栗,2024-06-14,9657
1528,恩德,11,4,7,富邦-苗栗,2024-06-14,9657
4716,大立,8,1,7,富邦-苗栗,2024-06-14,9657
6207,雷科,9,2,7,富邦-苗栗,2024-06-14,9657
3105,穩懋,8,1,7,富邦-苗栗,2024-06-14,9657
9105,泰金寶-DR,24,17,7,富邦-苗栗,2024-06-14,9657
1513,中興電,28,22,6,富邦-苗栗,2024-06-14,9657
00905,FT臺灣Smart,12,6,6,富邦-苗栗,2024-06-14,9657
00929,復華台灣科技優息,360,172,188,富邦-苗栗,2024-06-17,9657
3481,群創,141,45,96,富邦-苗栗,2024-06-17,9657
00936,台新永續高息中小,113,23,90,富邦-苗栗,2024-06-17,9657
00942B,台新美A公司債20+,83,10,73,富邦-苗栗,2024-06-17,9657
00948B,中信優息投資級債,63,0,63,富邦-苗栗,2024-06-17,9657
00919,群益台灣精選高息,79,19,60,富邦-苗栗,2024-06-17,9657
1815,富喬,53,5,48,富邦-苗栗,2024-06-17,9657
3059,華晶科,45,0,45,富邦-苗栗,2024-06-17,9657
00921,兆豐龍頭等權重,42,2,40,富邦-苗栗,2024-06-17,9657
00896,中信綠能及電動車,33,0,33,富邦-苗栗,2024-06-17,9657
2356,英業達,38,11,27,富邦-苗栗,2024-06-17,9657
00918,大華優利高填息30,37,11,26,富邦-苗栗,2024-06-17,9657
3706,神達,25,0,25,富邦-苗栗,2024-06-17,9657
2888,新光金,30,6,24,富邦-苗栗,2024-06-17,9657
6560,欣普羅,23,0,23,富邦-苗栗,2024-06-17,9657
2606,裕民,22,0,22,富邦-苗栗,2024-06-17,9657
00905,FT臺灣Smart,21,1,20,富邦-苗栗,2024-06-17,9657
00650L,復華香港正2,20,0,20,富邦-苗栗,2024-06-17,9657
5905,南仁湖,20,0,20,富邦-苗栗,2024-06-17,9657
2618,長榮航,21,2,19,富邦-苗栗,2024-06-17,9657
3202,樺晟,20,1,19,富邦-苗栗,2024-06-17,9657
1609,大亞,37,18,19,富邦-苗栗,2024-06-17,9657
6226,光鼎,20,2,18,富邦-苗栗,2024-06-17,9657
00946,群益科技高息成長,23,6,17,富邦-苗栗,2024-06-17,9657
2027,大成鋼,15,0,15,富邦-苗栗,2024-06-17,9657
6125,廣運,17,2,15,富邦-苗栗,2024-06-17,9657
9105,泰金寶-DR,16,1,15,富邦-苗栗,2024-06-17,9657
9136,巨騰-DR,14,0,14,富邦-苗栗,2024-06-17,9657
00680L,元大美債20正2,15,2,13,富邦-苗栗,2024-06-17,9657
2610,華航,13,0,13,富邦-苗栗,2024-06-17,9657
1616,億泰,16,4,12,富邦-苗栗,2024-06-17,9657
2486,一詮,46,34,12,富邦-苗栗,2024-06-17,9657
1514,亞力,39,27,12,富邦-苗栗,2024-06-17,9657
6658,聯策,11,0,11,富邦-苗栗,2024-06-17,9657
2615,萬海,22,11,11,富邦-苗栗,2024-06-17,9657
3024,憶聲,10,0,10,富邦-苗栗,2024-06-17,9657
3050,鈺德,10,0,10,富邦-苗栗,2024-06-17,9657
3234,光環,10,0,10,富邦-苗栗,2024-06-17,9657
3707,漢磊,10,0,10,富邦-苗栗,2024-06-17,9657
5403,中菲,10,0,10,富邦-苗栗,2024-06-17,9657
6005,群益證,10,0,10,富邦-苗栗,2024-06-17,9657
2887,台新金,12,2,10,富邦-苗栗,2024-06-17,9657
2883B,凱基金乙特,11,1,10,富邦-苗栗,2024-06-17,9657
2428,興勤,12,3,9,富邦-苗栗,2024-06-17,9657
2537,聯上發,9,0,9,富邦-苗栗,2024-06-17,9657
8050,廣積,10,1,9,富邦-苗栗,2024-06-17,9657
1618,合機,23,14,9,富邦-苗栗,2024-06-17,9657
2421,建準,10,2,8,富邦-苗栗,2024-06-17,9657
1587,吉茂,11,3,8,富邦-苗栗,2024-06-17,9657
2442,新美齊,8,0,8,富邦-苗栗,2024-06-17,9657
3231,緯創,164,2,162,富邦-苗栗,2024-06-18,9657
00919,群益台灣精選高息,151,25,126,富邦-苗栗,2024-06-18,9657
00936,台新永續高息中小,97,2,95,富邦-苗栗,2024-06-18,9657
9105,泰金寶-DR,56,0,56,富邦-苗栗,2024-06-18,9657
00713,元大台灣高息低波,48,0,48,富邦-苗栗,2024-06-18,9657
2356,英業達,44,2,42,富邦-苗栗,2024-06-18,9657
00753L,中信中國50正2,55,15,40,富邦-苗栗,2024-06-18,9657
2913,農林,40,0,40,富邦-苗栗,2024-06-18,9657
1504,東元,41,4,37,富邦-苗栗,2024-06-18,9657
3059,華晶科,35,0,35,富邦-苗栗,2024-06-18,9657
00905,FT臺灣Smart,33,2,31,富邦-苗栗,2024-06-18,9657
912000,晨訊科-DR,30,3,27,富邦-苗栗,2024-06-18,9657
00940,元大台灣價值高息,78,52,26,富邦-苗栗,2024-06-18,9657
2049,上銀,25,0,25,富邦-苗栗,2024-06-18,9657
6770,力積電,36,11,25,富邦-苗栗,2024-06-18,9657
1802,台玻,23,2,21,富邦-苗栗,2024-06-18,9657
5498,凱崴,20,0,20,富邦-苗栗,2024-06-18,9657
6877,鏵友益,20,1,19,富邦-苗栗,2024-06-18,9657
6196,帆宣,18,0,18,富邦-苗栗,2024-06-18,9657
00664R,國泰臺灣加權反1,16,0,16,富邦-苗栗,2024-06-18,9657
00942B,台新美A公司債20+,16,0,16,富邦-苗栗,2024-06-18,9657
00918,大華優利高填息30,60,45,15,富邦-苗栗,2024-06-18,9657
6226,光鼎,15,0,15,富邦-苗栗,2024-06-18,9657
1815,富喬,14,1,13,富邦-苗栗,2024-06-18,9657
00712,復華富時不動產,12,0,12,富邦-苗栗,2024-06-18,9657
1503,士電,21,9,12,富邦-苗栗,2024-06-18,9657
1587,吉茂,12,0,12,富邦-苗栗,2024-06-18,9657
2515,中工,13,1,12,富邦-苗栗,2024-06-18,9657
3490,單井,10,0,10,富邦-苗栗,2024-06-18,9657
2353,宏��,13,3,10,富邦-苗栗,2024-06-18,9657
3576,聯合再生,10,0,10,富邦-苗栗,2024-06-18,9657
00680L,元大美債20正2,10,0,10,富邦-苗栗,2024-06-18,9657
1584,精剛,10,0,10,富邦-苗栗,2024-06-18,9657
2301,光寶科,11,1,10,富邦-苗栗,2024-06-18,9657
4303,信立,12,2,10,富邦-苗栗,2024-06-18,9657
9919,康那香,11,1,10,富邦-苗栗,2024-06-18,9657
00881,國泰台灣5G+,11,2,9,富邦-苗栗,2024-06-18,9657
2489,瑞軒,12,3,9,富邦-苗栗,2024-06-18,9657
8096,擎亞,43,34,9,富邦-苗栗,2024-06-18,9657
6282,康舒,9,0,9,富邦-苗栗,2024-06-18,9657
3360,尚立,12,4,8,富邦-苗栗,2024-06-18,9657
8936,國統,8,0,8,富邦-苗栗,2024-06-18,9657
8028,昇陽半導體,15,7,8,富邦-苗栗,2024-06-18,9657
2392,正崴,9,2,7,富邦-苗栗,2024-06-18,9657
3622,洋華,17,10,7,富邦-苗栗,2024-06-18,9657
00921,兆豐龍頭等權重,11,4,7,富邦-苗栗,2024-06-18,9657
00896,中信綠能及電動車,7,0,7,富邦-苗栗,2024-06-18,9657
00632R,元大台灣50反1,12,5,7,富邦-苗栗,2024-06-18,9657
2317,鴻海,31,25,6,富邦-苗栗,2024-06-18,9657
1514,亞力,21,15,6,富邦-苗栗,2024-06-18,9657
00929,復華台灣科技優息,601,214,387,富邦-苗栗,2024-06-19,9657
00712,復華富時不動產,319,19,300,富邦-苗栗,2024-06-19,9657
00940,元大台灣價值高息,175,25,150,富邦-苗栗,2024-06-19,9657
00936,台新永續高息中小,56,3,53,富邦-苗栗,2024-06-19,9657
00664R,國泰臺灣加權反1,46,0,46,富邦-苗栗,2024-06-19,9657
3059,華晶科,46,0,46,富邦-苗栗,2024-06-19,9657
2547,日勝生,50,5,45,富邦-苗栗,2024-06-19,9657
00687B,國泰20年美債,34,0,34,富邦-苗栗,2024-06-19,9657
9934,成霖,35,2,33,富邦-苗栗,2024-06-19,9657
00937B,群益ESG投等債20,42,9,33,富邦-苗栗,2024-06-19,9657
5498,凱崴,31,0,31,富邦-苗栗,2024-06-19,9657
6155,鈞寶,30,0,30,富邦-苗栗,2024-06-19,9657
1605,華新,30,1,29,富邦-苗栗,2024-06-19,9657
8040,九暘,34,8,26,富邦-苗栗,2024-06-19,9657
00948B,中信優息投資級債,25,0,25,富邦-苗栗,2024-06-19,9657
00942B,台新美A公司債20+,22,0,22,富邦-苗栗,2024-06-19,9657
2542,興富發,22,1,21,富邦-苗栗,2024-06-19,9657
3062,建漢,70,50,20,富邦-苗栗,2024-06-19,9657
1609,大亞,21,3,18,富邦-苗栗,2024-06-19,9657
3231,緯創,32,17,15,富邦-苗栗,2024-06-19,9657
4904,遠傳,15,0,15,富邦-苗栗,2024-06-19,9657
4952,凌通,16,1,15,富邦-苗栗,2024-06-19,9657
6190,萬泰科,16,1,15,富邦-苗栗,2024-06-19,9657
6243,迅杰,15,0,15,富邦-苗栗,2024-06-19,9657
2482,連宇,14,0,14,富邦-苗栗,2024-06-19,9657
4562,穎漢,25,11,14,富邦-苗栗,2024-06-19,9657
3149,正達,13,0,13,富邦-苗栗,2024-06-19,9657
8271,宇瞻,13,0,13,富邦-苗栗,2024-06-19,9657
1802,台玻,13,0,13,富邦-苗栗,2024-06-19,9657
6560,欣普羅,13,0,13,富邦-苗栗,2024-06-19,9657
2515,中工,12,0,12,富邦-苗栗,2024-06-19,9657
2313,華通,23,11,12,富邦-苗栗,2024-06-19,9657
1326,台化,13,1,12,富邦-苗栗,2024-06-19,9657
1477,聚陽,12,0,12,富邦-苗栗,2024-06-19,9657
6216,居易,12,0,12,富邦-苗栗,2024-06-19,9657
6188,廣明,16,4,12,富邦-苗栗,2024-06-19,9657
2340,台亞,12,1,11,富邦-苗栗,2024-06-19,9657
6108,競國,11,0,11,富邦-苗栗,2024-06-19,9657
8064,東捷,17,6,11,富邦-苗栗,2024-06-19,9657
1504,東元,15,4,11,富邦-苗栗,2024-06-19,9657
3481,群創,13,2,11,富邦-苗栗,2024-06-19,9657
1616,億泰,10,0,10,富邦-苗栗,2024-06-19,9657
1732,毛寶,21,11,10,富邦-苗栗,2024-06-19,9657
2002,中鋼,15,5,10,富邦-苗栗,2024-06-19,9657
2402,毅嘉,10,0,10,富邦-苗栗,2024-06-19,9657
2498,宏達電,10,0,10,富邦-苗栗,2024-06-19,9657
6167,久正,10,0,10,富邦-苗栗,2024-06-19,9657
6234,高僑,10,0,10,富邦-苗栗,2024-06-19,9657
8070,長華*,12,2,10,富邦-苗栗,2024-06-19,9657
3450,聯鈞,15,5,10,富邦-苗栗,2024-06-19,9657
00940,元大台灣價值高息,646,16,630,富邦-苗栗,2024-06-20,9657
00919,群益台灣精選高息,169,13,156,富邦-苗栗,2024-06-20,9657
00936,台新永續高息中小,160,20,140,富邦-苗栗,2024-06-20,9657
00929,復華台灣科技優息,130,10,120,富邦-苗栗,2024-06-20,9657
00933B,國泰10Y+金融債,67,1,66,富邦-苗栗,2024-06-20,9657
00632R,元大台灣50反1,53,1,52,富邦-苗栗,2024-06-20,9657
6155,鈞寶,50,0,50,富邦-苗栗,2024-06-20,9657
8039,台虹,50,0,50,富邦-苗栗,2024-06-20,9657
2913,農林,41,0,41,富邦-苗栗,2024-06-20,9657
1319,東陽,40,0,40,富邦-苗栗,2024-06-20,9657
00878,國泰永續高股息,39,4,35,富邦-苗栗,2024-06-20,9657
1605,華新,36,7,29,富邦-苗栗,2024-06-20,9657
1720,生達,30,2,28,富邦-苗栗,2024-06-20,9657
2371,大同,54,28,26,富邦-苗栗,2024-06-20,9657
00947,台新臺灣IC設計,23,0,23,富邦-苗栗,2024-06-20,9657
6188,廣明,23,1,22,富邦-苗栗,2024-06-20,9657
5469,瀚宇博,21,0,21,富邦-苗栗,2024-06-20,9657
00948B,中信優息投資級債,24,5,19,富邦-苗栗,2024-06-20,9657
6877,鏵友益,22,3,19,富邦-苗栗,2024-06-20,9657
00944,野村趨勢動能高息,18,0,18,富邦-苗栗,2024-06-20,9657
9105,泰金寶-DR,23,7,16,富邦-苗栗,2024-06-20,9657
2887,台新金,15,0,15,富邦-苗栗,2024-06-20,9657
3481,群創,32,17,15,富邦-苗栗,2024-06-20,9657
2330,台積電,17,2,15,富邦-苗栗,2024-06-20,9657
4526,東台,49,34,15,富邦-苗栗,2024-06-20,9657
9958,世紀鋼,16,3,13,富邦-苗栗,2024-06-20,9657
00687B,國泰20年美債,45,33,12,富邦-苗栗,2024-06-20,9657
00881,國泰台灣5G+,14,2,12,富邦-苗栗,2024-06-20,9657
6457,紘康,12,0,12,富邦-苗栗,2024-06-20,9657
00692,富邦公司治理,11,0,11,富邦-苗栗,2024-06-20,9657
00688L,國泰20年美債正2,11,0,11,富邦-苗栗,2024-06-20,9657
2867,三商壽,11,0,11,富邦-苗栗,2024-06-20,9657
3535,晶彩科,18,7,11,富邦-苗栗,2024-06-20,9657
3623,富晶通,12,1,11,富邦-苗栗,2024-06-20,9657
2323,中環,10,0,10,富邦-苗栗,2024-06-20,9657
2344,華邦電,11,1,10,富邦-苗栗,2024-06-20,9657
2820,華票,10,0,10,富邦-苗栗,2024-06-20,9657
3325,旭品,10,0,10,富邦-苗栗,2024-06-20,9657
2353,宏��,12,2,10,富邦-苗栗,2024-06-20,9657
00942B,台新美A公司債20+,9,0,9,富邦-苗栗,2024-06-20,9657
4303,信立,9,0,9,富邦-苗栗,2024-06-20,9657
00664R,國泰臺灣加權反1,8,0,8,富邦-苗栗,2024-06-20,9657
3438,類比科,9,1,8,富邦-苗栗,2024-06-20,9657
4562,穎漢,19,11,8,富邦-苗栗,2024-06-20,9657
2542,興富發,9,1,8,富邦-苗栗,2024-06-20,9657
8277,商丞,9,1,8,富邦-苗栗,2024-06-20,9657
2365,昆盈,16,9,7,富邦-苗栗,2024-06-20,9657
3049,精金,7,0,7,富邦-苗栗,2024-06-20,9657
6177,達麗,11,4,7,富邦-苗栗,2024-06-20,9657
6284,佳邦,7,0,7,富邦-苗栗,2024-06-20,9657
00919,群益台灣精選高息,196,38,158,富邦-苗栗,2024-06-21,9657
00937B,群益ESG投等債20,137,1,136,富邦-苗栗,2024-06-21,9657
00936,台新永續高息中小,71,0,71,富邦-苗栗,2024-06-21,9657
00929,復華台灣科技優息,157,93,64,富邦-苗栗,2024-06-21,9657
00918,大華優利高填息30,72,15,57,富邦-苗栗,2024-06-21,9657
00944,野村趨勢動能高息,50,0,50,富邦-苗栗,2024-06-21,9657
6877,鏵友益,49,4,45,富邦-苗栗,2024-06-21,9657
00895,富邦未來車,38,0,38,富邦-苗栗,2024-06-21,9657
2605,新興,33,0,33,富邦-苗栗,2024-06-21,9657
00673R,期元大S＆P原油反1,29,0,29,富邦-苗栗,2024-06-21,9657
4919,新唐,28,5,23,富邦-苗栗,2024-06-21,9657
00933B,國泰10Y+金融債,23,0,23,富邦-苗栗,2024-06-21,9657
3006,晶豪科,23,2,21,富邦-苗栗,2024-06-21,9657
00878,國泰永續高股息,23,2,21,富邦-苗栗,2024-06-21,9657
6213,聯茂,32,12,20,富邦-苗栗,2024-06-21,9657
1301,台塑,20,2,18,富邦-苗栗,2024-06-21,9657
2885,元大金,17,0,17,富邦-苗栗,2024-06-21,9657
2317,鴻海,29,15,14,富邦-苗栗,2024-06-21,9657
2887,台新金,15,0,15,富邦-苗栗,2024-06-21,9657
00712,復華富時不動產,15,0,15,富邦-苗栗,2024-06-21,9657
4526,東台,18,4,14,富邦-苗栗,2024-06-21,9657
4909,新復興,16,2,14,富邦-苗栗,2024-06-21,9657
6125,廣運,19,5,14,富邦-苗栗,2024-06-21,9657
00948B,中信優息投資級債,13,0,13,富邦-苗栗,2024-06-21,9657
2542,興富發,13,0,13,富邦-苗栗,2024-06-21,9657
00632R,元大台灣50反1,12,0,12,富邦-苗栗,2024-06-21,9657
2388,威盛,13,1,12,富邦-苗栗,2024-06-21,9657
2515,中工,12,0,12,富邦-苗栗,2024-06-21,9657
2330,台積電,12,1,11,富邦-苗栗,2024-06-21,9657
1720,生達,11,0,11,富邦-苗栗,2024-06-21,9657
2002,中鋼,11,0,11,富邦-苗栗,2024-06-21,9657
3707,漢磊,12,1,11,富邦-苗栗,2024-06-21,9657
00692,富邦公司治理,10,0,10,富邦-苗栗,2024-06-21,9657
1503,士電,23,13,10,富邦-苗栗,2024-06-21,9657
6770,力積電,27,17,10,富邦-苗栗,2024-06-21,9657
2884,玉山金,10,0,10,富邦-苗栗,2024-06-21,9657
00897,富邦基因免疫生技,10,0,10,富邦-苗栗,2024-06-21,9657
3060,銘異,11,1,10,富邦-苗栗,2024-06-21,9657
3663,鑫科,11,1,10,富邦-苗栗,2024-06-21,9657
4562,穎漢,13,3,10,富邦-苗栗,2024-06-21,9657
5213,亞昕,10,0,10,富邦-苗栗,2024-06-21,9657
5227,立凱-KY,10,0,10,富邦-苗栗,2024-06-21,9657
8215,明基材,10,0,10,富邦-苗栗,2024-06-21,9657
2328,廣宇,11,2,9,富邦-苗栗,2024-06-21,9657
00713,元大台灣高息低波,13,4,9,富邦-苗栗,2024-06-21,9657
00942B,台新美A公司債20+,8,0,8,富邦-苗栗,2024-06-21,9657
2606,裕民,10,2,8,富邦-苗栗,2024-06-21,9657
2365,昆盈,23,15,8,富邦-苗栗,2024-06-21,9657
2374,佳能,9,1,8,富邦-苗栗,2024-06-21,9657
3055,蔚華科,9,1,8,富邦-苗栗,2024-06-21,9657
3481,群創,507,332,175,富邦-苗栗,2024-06-24,9657
1319,東陽,142,0,142,富邦-苗栗,2024-06-24,9657
00929,復華台灣科技優息,215,74,141,富邦-苗栗,2024-06-24,9657
00936,台新永續高息中小,77,0,77,富邦-苗栗,2024-06-24,9657
00946,群益科技高息成長,84,10,74,富邦-苗栗,2024-06-24,9657
00664R,國泰臺灣加權反1,75,28,47,富邦-苗栗,2024-06-24,9657
3062,建漢,60,15,45,富邦-苗栗,2024-06-24,9657
00937B,群益ESG投等債20,112,71,41,富邦-苗栗,2024-06-24,9657
1217,愛之味,45,4,41,富邦-苗栗,2024-06-24,9657
00706L,期元大S＆P日圓正2,40,0,40,富邦-苗栗,2024-06-24,9657
00939,統一台灣高息動能,39,0,39,富邦-苗栗,2024-06-24,9657
6770,力積電,43,6,37,富邦-苗栗,2024-06-24,9657
00632R,元大台灣50反1,54,17,37,富邦-苗栗,2024-06-24,9657
3163,波若威,42,5,37,富邦-苗栗,2024-06-24,9657
6834,天二科技,34,1,33,富邦-苗栗,2024-06-24,9657
3694,海華,25,0,25,富邦-苗栗,2024-06-24,9657
8070,長華*,25,0,25,富邦-苗栗,2024-06-24,9657
00679B,元大美債20年,23,0,23,富邦-苗栗,2024-06-24,9657
3047,訊舟,41,18,23,富邦-苗栗,2024-06-24,9657
9105,泰金寶-DR,41,20,21,富邦-苗栗,2024-06-24,9657
00927,群益半導體收益,19,0,19,富邦-苗栗,2024-06-24,9657
6155,鈞寶,20,1,19,富邦-苗栗,2024-06-24,9657
3483,力致,26,7,19,富邦-苗栗,2024-06-24,9657
00878,國泰永續高股息,25,7,18,富邦-苗栗,2024-06-24,9657
2880,華南金,20,2,18,富邦-苗栗,2024-06-24,9657
3033,威健,18,1,17,富邦-苗栗,2024-06-24,9657
2354,鴻準,19,2,17,富邦-苗栗,2024-06-24,9657
2353,宏��,18,2,16,富邦-苗栗,2024-06-24,9657
00687B,國泰20年美債,16,1,15,富邦-苗栗,2024-06-24,9657
6125,廣運,20,5,15,富邦-苗栗,2024-06-24,9657
00830,國泰費城半導體,14,0,14,富邦-苗栗,2024-06-24,9657
00881,國泰台灣5G+,14,0,14,富邦-苗栗,2024-06-24,9657
0056,元大高股息,16,4,12,富邦-苗栗,2024-06-24,9657
2408,南亞科,12,0,12,富邦-苗栗,2024-06-24,9657
2330,台積電,22,10,12,富邦-苗栗,2024-06-24,9657
00713,元大台灣高息低波,13,2,11,富邦-苗栗,2024-06-24,9657
3105,穩懋,13,2,11,富邦-苗栗,2024-06-24,9657
4714,永捷,11,0,11,富邦-苗栗,2024-06-24,9657
1301,台塑,11,1,10,富邦-苗栗,2024-06-24,9657
00712,復華富時不動產,11,1,10,富邦-苗栗,2024-06-24,9657
2369,菱生,18,8,10,富邦-苗栗,2024-06-24,9657
3229,晟鈦,10,0,10,富邦-苗栗,2024-06-24,9657
6603,富強鑫,10,0,10,富邦-苗栗,2024-06-24,9657
3034,聯詠,9,0,9,富邦-苗栗,2024-06-24,9657
2489,瑞軒,10,1,9,富邦-苗栗,2024-06-24,9657
3372,典範,12,3,9,富邦-苗栗,2024-06-24,9657
6120,達運,9,0,9,富邦-苗栗,2024-06-24,9657
00905,FT臺灣Smart,8,0,8,富邦-苗栗,2024-06-24,9657
00680L,元大美債20正2,8,0,8,富邦-苗栗,2024-06-24,9657
2323,中環,8,0,8,富邦-苗栗,2024-06-24,9657
3481,群創,596,303,293,富邦-苗栗,2024-06-25,9657
1319,東陽,105,1,104,富邦-苗栗,2024-06-25,9657
2836,高雄銀,76,1,75,富邦-苗栗,2024-06-25,9657
00936,台新永續高息中小,53,0,53,富邦-苗栗,2024-06-25,9657
00632R,元大台灣50反1,61,13,48,富邦-苗栗,2024-06-25,9657
1815,富喬,51,3,48,富邦-苗栗,2024-06-25,9657
3037,欣興,41,2,39,富邦-苗栗,2024-06-25,9657
6274,台燿,32,2,30,富邦-苗栗,2024-06-25,9657
2812,台中銀,30,1,29,富邦-苗栗,2024-06-25,9657
2883,凱基金,26,2,24,富邦-苗栗,2024-06-25,9657
0056,元大高股息,24,1,23,富邦-苗栗,2024-06-25,9657
00918,大華優利高填息30,24,0,24,富邦-苗栗,2024-06-25,9657
00940,元大台灣價值高息,74,51,23,富邦-苗栗,2024-06-25,9657
2409,友達,18,1,17,富邦-苗栗,2024-06-25,9657
2371,大同,21,5,16,富邦-苗栗,2024-06-25,9657
1711,永光,15,0,15,富邦-苗栗,2024-06-25,9657
1785,光洋科,36,22,14,富邦-苗栗,2024-06-25,9657
3312,弘憶股,18,5,13,富邦-苗栗,2024-06-25,9657
00830,國泰費城半導體,15,3,12,富邦-苗栗,2024-06-25,9657
6770,力積電,16,4,12,富邦-苗栗,2024-06-25,9657
2002,中鋼,12,0,12,富邦-苗栗,2024-06-25,9657
6116,彩晶,12,0,12,富邦-苗栗,2024-06-25,9657
00757,統一FANG+,11,0,11,富邦-苗栗,2024-06-25,9657
2406,國碩,21,10,11,富邦-苗栗,2024-06-25,9657
3025,星通,18,7,11,富邦-苗栗,2024-06-25,9657
3049,精金,11,0,11,富邦-苗栗,2024-06-25,9657
3231,緯創,14,4,10,富邦-苗栗,2024-06-25,9657
1316,上曜,10,0,10,富邦-苗栗,2024-06-25,9657
00687B,國泰20年美債,10,0,10,富邦-苗栗,2024-06-25,9657
4906,正文,53,43,10,富邦-苗栗,2024-06-25,9657
00895,富邦未來車,10,0,10,富邦-苗栗,2024-06-25,9657
6411,晶焱,10,0,10,富邦-苗栗,2024-06-25,9657
2313,華通,15,6,9,富邦-苗栗,2024-06-25,9657
8076,伍豐,11,2,9,富邦-苗栗,2024-06-25,9657
9105,泰金寶-DR,52,43,9,富邦-苗栗,2024-06-25,9657
2331,精英,8,0,8,富邦-苗栗,2024-06-25,9657
00679B,元大美債20年,10,2,8,富邦-苗栗,2024-06-25,9657
3535,晶彩科,15,7,8,富邦-苗栗,2024-06-25,9657
4952,凌通,8,0,8,富邦-苗栗,2024-06-25,9657
3062,建漢,24,16,8,富邦-苗栗,2024-06-25,9657
9958,世紀鋼,14,7,7,富邦-苗栗,2024-06-25,9657
00673R,期元大S＆P原油反1,7,0,7,富邦-苗栗,2024-06-25,9657
8271,宇瞻,7,0,7,富邦-苗栗,2024-06-25,9657
1514,亞力,10,3,7,富邦-苗栗,2024-06-25,9657
00946,群益科技高息成長,6,0,6,富邦-苗栗,2024-06-25,9657
00927,群益半導體收益,6,0,6,富邦-苗栗,2024-06-25,9657
00948B,中信優息投資級債,6,0,6,富邦-苗栗,2024-06-25,9657
2489,瑞軒,6,0,6,富邦-苗栗,2024-06-25,9657
2492,華新科,6,0,6,富邦-苗栗,2024-06-25,9657
3028,增你強,6,0,6,富邦-苗栗,2024-06-25,9657
00632R,元大台灣50反1,316,0,316,富邦-苗栗,2024-06-26,9657
2547,日勝生,70,2,68,富邦-苗栗,2024-06-26,9657
3231,緯創,56,7,49,富邦-苗栗,2024-06-26,9657
9105,泰金寶-DR,65,21,44,富邦-苗栗,2024-06-26,9657
5498,凱崴,36,0,36,富邦-苗栗,2024-06-26,9657
00936,台新永續高息中小,33,1,32,富邦-苗栗,2024-06-26,9657
2409,友達,34,3,31,富邦-苗栗,2024-06-26,9657
6155,鈞寶,30,0,30,富邦-苗栗,2024-06-26,9657
2812,台中銀,28,0,28,富邦-苗栗,2024-06-26,9657
2836,高雄銀,28,0,28,富邦-苗栗,2024-06-26,9657
1314,中石化,27,1,26,富邦-苗栗,2024-06-26,9657
2374,佳能,29,3,26,富邦-苗栗,2024-06-26,9657
6770,力積電,35,10,25,富邦-苗栗,2024-06-26,9657
00937B,群益ESG投等債20,30,5,25,富邦-苗栗,2024-06-26,9657
3062,建漢,28,3,25,富邦-苗栗,2024-06-26,9657
2317,鴻海,38,15,23,富邦-苗栗,2024-06-26,9657
2498,宏達電,25,4,21,富邦-苗栗,2024-06-26,9657
2002,中鋼,20,0,20,富邦-苗栗,2024-06-26,9657
2103,台橡,20,0,20,富邦-苗栗,2024-06-26,9657
4526,東台,158,138,20,富邦-苗栗,2024-06-26,9657
00687B,國泰20年美債,20,2,18,富邦-苗栗,2024-06-26,9657
00946,群益科技高息成長,17,0,17,富邦-苗栗,2024-06-26,9657
1434,福懋,17,0,17,富邦-苗栗,2024-06-26,9657
00680L,元大美債20正2,16,0,16,富邦-苗栗,2024-06-26,9657
3576,聯合再生,28,12,16,富邦-苗栗,2024-06-26,9657
6160,欣技,19,3,16,富邦-苗栗,2024-06-26,9657
00713,元大台灣高息低波,16,0,16,富邦-苗栗,2024-06-26,9657
5202,力新,15,0,15,富邦-苗栗,2024-06-26,9657
00919,群益台灣精選高息,27,12,15,富邦-苗栗,2024-06-26,9657
1608,華榮,15,1,14,富邦-苗栗,2024-06-26,9657
3019,亞光,14,0,14,富邦-苗栗,2024-06-26,9657
00918,大華優利高填息30,18,4,14,富邦-苗栗,2024-06-26,9657
2609,陽明,22,9,13,富邦-苗栗,2024-06-26,9657
2354,鴻準,17,4,13,富邦-苗栗,2024-06-26,9657
2883,凱基金,23,11,12,富邦-苗栗,2024-06-26,9657
2427,三商電,23,11,12,富邦-苗栗,2024-06-26,9657
2542,興富發,11,0,11,富邦-苗栗,2024-06-26,9657
2449,京元電子,38,27,11,富邦-苗栗,2024-06-26,9657
2834,臺企銀,11,0,11,富邦-苗栗,2024-06-26,9657
2365,昆盈,12,1,11,富邦-苗栗,2024-06-26,9657
2515,中工,11,0,11,富邦-苗栗,2024-06-26,9657
6116,彩晶,11,0,11,富邦-苗栗,2024-06-26,9657
6175,立敦,11,0,11,富邦-苗栗,2024-06-26,9657
912000,晨訊科-DR,11,0,11,富邦-苗栗,2024-06-26,9657
00929,復華台灣科技優息,22,11,11,富邦-苗栗,2024-06-26,9657
00655L,國泰中國A50正2,10,0,10,富邦-苗栗,2024-06-26,9657
00945B,凱基美國非投等債,10,0,10,富邦-苗栗,2024-06-26,9657
2020,美亞,10,0,10,富邦-苗栗,2024-06-26,9657
4924,欣厚-KY,10,0,10,富邦-苗栗,2024-06-26,9657
6167,久正,10,0,10,富邦-苗栗,2024-06-26,9657
00937B,群益ESG投等債20,141,0,141,富邦-苗栗,2024-06-27,9657
00929,復華台灣科技優息,76,0,76,富邦-苗栗,2024-06-27,9657
3481,群創,98,22,76,富邦-苗栗,2024-06-27,9657
1319,東陽,66,1,65,富邦-苗栗,2024-06-27,9657
2317,鴻海,62,8,54,富邦-苗栗,2024-06-27,9657
2547,日勝生,53,0,53,富邦-苗栗,2024-06-27,9657
3576,聯合再生,116,64,52,富邦-苗栗,2024-06-27,9657
00948B,中信優息投資級債,49,0,49,富邦-苗栗,2024-06-27,9657
00933B,國泰10Y+金融債,43,0,43,富邦-苗栗,2024-06-27,9657
00936,台新永續高息中小,42,0,42,富邦-苗栗,2024-06-27,9657
00687B,國泰20年美債,43,1,42,富邦-苗栗,2024-06-27,9657
00942B,台新美A公司債20+,42,0,42,富邦-苗栗,2024-06-27,9657
00795B,中信美國公債20年,38,0,38,富邦-苗栗,2024-06-27,9657
00878,國泰永續高股息,51,13,38,富邦-苗栗,2024-06-27,9657
2812,台中銀,36,3,33,富邦-苗栗,2024-06-27,9657
2883B,凱基金乙特,30,0,30,富邦-苗栗,2024-06-27,9657
6160,欣技,30,0,30,富邦-苗栗,2024-06-27,9657
912000,晨訊科-DR,39,10,29,富邦-苗栗,2024-06-27,9657
00679B,元大美債20年,26,0,26,富邦-苗栗,2024-06-27,9657
3047,訊舟,69,43,26,富邦-苗栗,2024-06-27,9657
2498,宏達電,25,0,25,富邦-苗栗,2024-06-27,9657
4167,松瑞藥,43,19,24,富邦-苗栗,2024-06-27,9657
3483,力致,26,3,23,富邦-苗栗,2024-06-27,9657
4976,佳凌,24,2,22,富邦-苗栗,2024-06-27,9657
2349,錸德,21,0,21,富邦-苗栗,2024-06-27,9657
3163,波若威,22,2,20,富邦-苗栗,2024-06-27,9657
00680L,元大美債20正2,20,0,20,富邦-苗栗,2024-06-27,9657
4938,和碩,21,2,19,富邦-苗栗,2024-06-27,9657
00918,大華優利高填息30,18,0,18,富邦-苗栗,2024-06-27,9657
00688L,國泰20年美債正2,18,0,18,富邦-苗栗,2024-06-27,9657
0056,元大高股息,18,0,18,富邦-苗栗,2024-06-27,9657
00939,統一台灣高息動能,20,5,15,富邦-苗栗,2024-06-27,9657
1709,和益,18,4,14,富邦-苗栗,2024-06-27,9657
3666,光耀,16,3,13,富邦-苗栗,2024-06-27,9657
2406,國碩,20,7,13,富邦-苗栗,2024-06-27,9657
5521,工信,13,0,13,富邦-苗栗,2024-06-27,9657
6425,易發,13,0,13,富邦-苗栗,2024-06-27,9657
00830,國泰費城半導體,13,0,13,富邦-苗栗,2024-06-27,9657
5880,合庫金,12,0,12,富邦-苗栗,2024-06-27,9657
8085,福華,13,1,12,富邦-苗栗,2024-06-27,9657
2312,金寶,13,1,12,富邦-苗栗,2024-06-27,9657
6215,和椿,13,1,12,富邦-苗栗,2024-06-27,9657
8076,伍豐,32,20,12,富邦-苗栗,2024-06-27,9657
00673R,期元大S＆P原油反1,11,0,11,富邦-苗栗,2024-06-27,9657
3663,鑫科,16,5,11,富邦-苗栗,2024-06-27,9657
00631L,元大台灣50正2,10,0,10,富邦-苗栗,2024-06-27,9657
1540,喬福,10,0,10,富邦-苗栗,2024-06-27,9657
3049,精金,10,0,10,富邦-苗栗,2024-06-27,9657
3090,日電貿,10,0,10,富邦-苗栗,2024-06-27,9657
4303,信立,10,0,10,富邦-苗栗,2024-06-27,9657
3481,群創,137,17,120,富邦-苗栗,2024-06-28,9657
00712,復華富時不動產,128,10,118,富邦-苗栗,2024-06-28,9657
00687B,國泰20年美債,75,1,74,富邦-苗栗,2024-06-28,9657
00919,群益台灣精選高息,78,23,55,富邦-苗栗,2024-06-28,9657
5880,合庫金,50,4,46,富邦-苗栗,2024-06-28,9657
3576,聯合再生,92,54,38,富邦-苗栗,2024-06-28,9657
5498,凱崴,34,0,34,富邦-苗栗,2024-06-28,9657
2867,三商壽,30,0,30,富邦-苗栗,2024-06-28,9657
2610,華航,27,2,25,富邦-苗栗,2024-06-28,9657
2201,裕隆,24,2,22,富邦-苗栗,2024-06-28,9657
00929,復華台灣科技優息,30,8,22,富邦-苗栗,2024-06-28,9657
00940,元大台灣價值高息,36,18,18,富邦-苗栗,2024-06-28,9657
00918,大華優利高填息30,20,2,18,富邦-苗栗,2024-06-28,9657
9105,泰金寶-DR,25,7,18,富邦-苗栗,2024-06-28,9657
00632R,元大台灣50反1,20,3,17,富邦-苗栗,2024-06-28,9657
2392,正崴,19,3,16,富邦-苗栗,2024-06-28,9657
4934,太極,16,0,16,富邦-苗栗,2024-06-28,9657
6244,茂迪,23,7,16,富邦-苗栗,2024-06-28,9657
3490,單井,15,0,15,富邦-苗栗,2024-06-28,9657
2349,錸德,27,13,14,富邦-苗栗,2024-06-28,9657
00679B,元大美債20年,13,0,13,富邦-苗栗,2024-06-28,9657
00937B,群益ESG投等債20,43,31,12,富邦-苗栗,2024-06-28,9657
6164,華興,12,0,12,富邦-苗栗,2024-06-28,9657
8070,長華*,12,0,12,富邦-苗栗,2024-06-28,9657
2303,聯電,30,19,11,富邦-苗栗,2024-06-28,9657
1587,吉茂,12,1,11,富邦-苗栗,2024-06-28,9657
1616,億泰,11,0,11,富邦-苗栗,2024-06-28,9657
2890,永豐金,12,1,11,富邦-苗栗,2024-06-28,9657
1303,南亞,10,0,10,富邦-苗栗,2024-06-28,9657
1305,華夏,10,0,10,富邦-苗栗,2024-06-28,9657
1522,堤維西,10,0,10,富邦-苗栗,2024-06-28,9657
1905,華紙,10,0,10,富邦-苗栗,2024-06-28,9657
2105,正新,10,0,10,富邦-苗栗,2024-06-28,9657
4306,炎洲,10,0,10,富邦-苗栗,2024-06-28,9657
6603,富強鑫,10,0,10,富邦-苗栗,2024-06-28,9657
6861,睿生光電,10,0,10,富邦-苗栗,2024-06-28,9657
3231,緯創,12,2,10,富邦-苗栗,2024-06-28,9657
00631L,元大台灣50正2,9,0,9,富邦-苗栗,2024-06-28,9657
2406,國碩,47,38,9,富邦-苗栗,2024-06-28,9657
1513,中興電,11,2,9,富邦-苗栗,2024-06-28,9657
1710,東聯,9,0,9,富邦-苗栗,2024-06-28,9657
2312,金寶,16,7,9,富邦-苗栗,2024-06-28,9657
2618,長榮航,55,47,8,富邦-苗栗,2024-06-28,9657
6116,彩晶,10,2,8,富邦-苗栗,2024-06-28,9657
3055,蔚華科,8,0,8,富邦-苗栗,2024-06-28,9657
2887,台新金,10,2,8,富邦-苗栗,2024-06-28,9657
00664R,國泰臺灣加權反1,8,0,8,富邦-苗栗,2024-06-28,9657
3149,正達,8,0,8,富邦-苗栗,2024-06-28,9657
2486,一詮,16,8,8,富邦-苗栗,2024-06-28,9657
8028,昇陽半導體,20,12,8,富邦-苗栗,2024-06-28,9657
2313,華通,251,94,157,富邦-苗栗,2024-07-01,9657
00937B,群益ESG投等債20,167,10,157,富邦-苗栗,2024-07-01,9657
00929,復華台灣科技優息,202,46,156,富邦-苗栗,2024-07-01,9657
1227,佳格,113,1,112,富邦-苗栗,2024-07-01,9657
00687B,國泰20年美債,96,12,84,富邦-苗栗,2024-07-01,9657
00948B,中信優息投資級債,56,0,56,富邦-苗栗,2024-07-01,9657
1460,宏遠,56,0,56,富邦-苗栗,2024-07-01,9657
00933B,國泰10Y+金融債,48,0,48,富邦-苗栗,2024-07-01,9657
00946,群益科技高息成長,50,4,46,富邦-苗栗,2024-07-01,9657
00942B,台新美A公司債20+,38,0,38,富邦-苗栗,2024-07-01,9657
00936,台新永續高息中小,43,11,32,富邦-苗栗,2024-07-01,9657
4714,永捷,31,0,31,富邦-苗栗,2024-07-01,9657
3050,鈺德,36,6,30,富邦-苗栗,2024-07-01,9657
00688L,國泰20年美債正2,27,0,27,富邦-苗栗,2024-07-01,9657
6438,迅得,30,4,26,富邦-苗栗,2024-07-01,9657
00632R,元大台灣50反1,25,2,23,富邦-苗栗,2024-07-01,9657
0056,元大高股息,25,2,23,富邦-苗栗,2024-07-01,9657
00935,野村臺灣新科技50,21,0,21,富邦-苗栗,2024-07-01,9657
2406,國碩,23,2,21,富邦-苗栗,2024-07-01,9657
2897,王道銀行,20,0,20,富邦-苗栗,2024-07-01,9657
6689,伊雲谷,22,2,20,富邦-苗栗,2024-07-01,9657
2883,凱基金,19,0,19,富邦-苗栗,2024-07-01,9657
2836,高雄銀,26,7,19,富邦-苗栗,2024-07-01,9657
2353,宏��,22,4,18,富邦-苗栗,2024-07-01,9657
00679B,元大美債20年,50,32,18,富邦-苗栗,2024-07-01,9657
2489,瑞軒,17,0,17,富邦-苗栗,2024-07-01,9657
6026,福邦證,20,3,17,富邦-苗栗,2024-07-01,9657
9105,泰金寶-DR,30,14,16,富邦-苗栗,2024-07-01,9657
00680L,元大美債20正2,15,0,15,富邦-苗栗,2024-07-01,9657
00934,中信成長高股息,15,0,15,富邦-苗栗,2024-07-01,9657
6189,豐藝,26,12,14,富邦-苗栗,2024-07-01,9657
2349,錸德,47,33,14,富邦-苗栗,2024-07-01,9657
8085,福華,14,0,14,富邦-苗栗,2024-07-01,9657
8092,建暐,14,0,14,富邦-苗栗,2024-07-01,9657
6234,高僑,13,0,13,富邦-苗栗,2024-07-01,9657
2359,所羅門,20,8,12,富邦-苗栗,2024-07-01,9657
6282,康舒,13,1,12,富邦-苗栗,2024-07-01,9657
3296,勝德,17,5,12,富邦-苗栗,2024-07-01,9657
1522,堤維西,12,1,11,富邦-苗栗,2024-07-01,9657
8110,華東,11,0,11,富邦-苗栗,2024-07-01,9657
2347,聯強,10,0,10,富邦-苗栗,2024-07-01,9657
00795B,中信美國公債20年,10,0,10,富邦-苗栗,2024-07-01,9657
3666,光耀,10,0,10,富邦-苗栗,2024-07-01,9657
8096,擎亞,11,1,10,富邦-苗栗,2024-07-01,9657
1609,大亞,16,6,10,富邦-苗栗,2024-07-01,9657
00751B,元大AAA至A公司債,19,10,9,富邦-苗栗,2024-07-01,9657
2402,毅嘉,10,1,9,富邦-苗栗,2024-07-01,9657
2722,夏都,9,0,9,富邦-苗栗,2024-07-01,9657
6550,北極星藥業-KY,9,1,8,富邦-苗栗,2024-07-01,9657
3163,波若威,13,5,8,富邦-苗栗,2024-07-01,9657
00934,中信成長高股息,151,0,151,富邦-苗栗,2024-07-02,9657
00949,復華日本龍頭,123,0,123,富邦-苗栗,2024-07-02,9657
00929,復華台灣科技優息,245,162,83,富邦-苗栗,2024-07-02,9657
2880,華南金,80,0,80,富邦-苗栗,2024-07-02,9657
2317,鴻海,106,33,73,富邦-苗栗,2024-07-02,9657
00673R,期元大S＆P原油反1,78,11,67,富邦-苗栗,2024-07-02,9657
5498,凱崴,60,0,60,富邦-苗栗,2024-07-02,9657
00679B,元大美債20年,73,14,59,富邦-苗栗,2024-07-02,9657
2303,聯電,89,36,53,富邦-苗栗,2024-07-02,9657
00937B,群益ESG投等債20,52,0,52,富邦-苗栗,2024-07-02,9657
00936,台新永續高息中小,56,5,51,富邦-苗栗,2024-07-02,9657
0056,元大高股息,61,17,44,富邦-苗栗,2024-07-02,9657
00919,群益台灣精選高息,38,4,34,富邦-苗栗,2024-07-02,9657
2515,中工,30,2,28,富邦-苗栗,2024-07-02,9657
00687B,國泰20年美債,28,0,28,富邦-苗栗,2024-07-02,9657
2002,中鋼,28,1,27,富邦-苗栗,2024-07-02,9657
2498,宏達電,25,0,25,富邦-苗栗,2024-07-02,9657
00680L,元大美債20正2,21,0,21,富邦-苗栗,2024-07-02,9657
6698,旭暉應材,22,1,21,富邦-苗栗,2024-07-02,9657
00905,FT臺灣Smart,20,0,20,富邦-苗栗,2024-07-02,9657
3325,旭品,20,1,19,富邦-苗栗,2024-07-02,9657
00933B,國泰10Y+金融債,19,0,19,富邦-苗栗,2024-07-02,9657
1227,佳格,18,1,17,富邦-苗栗,2024-07-02,9657
2365,昆盈,37,20,17,富邦-苗栗,2024-07-02,9657
1785,光洋科,20,4,16,富邦-苗栗,2024-07-02,9657
9105,泰金寶-DR,31,15,16,富邦-苗栗,2024-07-02,9657
00688L,國泰20年美債正2,14,0,14,富邦-苗栗,2024-07-02,9657
2820,華票,14,0,14,富邦-苗栗,2024-07-02,9657
00918,大華優利高填息30,14,0,14,富邦-苗栗,2024-07-02,9657
6142,友勁,13,0,13,富邦-苗栗,2024-07-02,9657
1326,台化,13,1,12,富邦-苗栗,2024-07-02,9657
3437,榮創,12,0,12,富邦-苗栗,2024-07-02,9657
6257,矽格,11,0,11,富邦-苗栗,2024-07-02,9657
4562,穎漢,49,38,11,富邦-苗栗,2024-07-02,9657
3163,波若威,19,9,10,富邦-苗栗,2024-07-02,9657
00706L,期元大S＆P日圓正2,10,0,10,富邦-苗栗,2024-07-02,9657
00795B,中信美國公債20年,11,1,10,富邦-苗栗,2024-07-02,9657
00942B,台新美A公司債20+,10,0,10,富邦-苗栗,2024-07-02,9657
2352,佳世達,10,0,10,富邦-苗栗,2024-07-02,9657
4129,聯合,10,0,10,富邦-苗栗,2024-07-02,9657
6207,雷科,11,1,10,富邦-苗栗,2024-07-02,9657
8105,凌巨,10,0,10,富邦-苗栗,2024-07-02,9657
3703,欣陸,11,2,9,富邦-苗栗,2024-07-02,9657
3583,辛耘,17,8,9,富邦-苗栗,2024-07-02,9657
2329,華泰,9,1,8,富邦-苗栗,2024-07-02,9657
1316,上曜,10,2,8,富邦-苗栗,2024-07-02,9657
2440,太空梭,11,3,8,富邦-苗栗,2024-07-02,9657
6116,彩晶,8,0,8,富邦-苗栗,2024-07-02,9657
2495,普安,12,4,8,富邦-苗栗,2024-07-02,9657
2201,裕隆,9,1,8,富邦-苗栗,2024-07-02,9657
2337,旺宏,81,0,81,富邦-苗栗,2024-07-03,9657
00934,中信成長高股息,158,93,65,富邦-苗栗,2024-07-03,9657
2836,高雄銀,50,3,47,富邦-苗栗,2024-07-03,9657
00687B,國泰20年美債,46,0,46,富邦-苗栗,2024-07-03,9657
2405,輔信,55,15,40,富邦-苗栗,2024-07-03,9657
6244,茂迪,47,8,39,富邦-苗栗,2024-07-03,9657
3576,聯合再生,77,38,39,富邦-苗栗,2024-07-03,9657
1513,中興電,32,0,32,富邦-苗栗,2024-07-03,9657
6167,久正,30,0,30,富邦-苗栗,2024-07-03,9657
2317,鴻海,74,46,28,富邦-苗栗,2024-07-03,9657
00918,大華優利高填息30,30,2,28,富邦-苗栗,2024-07-03,9657
00680L,元大美債20正2,26,0,26,富邦-苗栗,2024-07-03,9657
00757,統一FANG+,25,0,25,富邦-苗栗,2024-07-03,9657
2340,台亞,25,0,25,富邦-苗栗,2024-07-03,9657
2049,上銀,25,0,25,富邦-苗栗,2024-07-03,9657
2303,聯電,31,7,24,富邦-苗栗,2024-07-03,9657
0056,元大高股息,22,1,21,富邦-苗栗,2024-07-03,9657
1605,華新,20,0,20,富邦-苗栗,2024-07-03,9657
2105,正新,21,1,20,富邦-苗栗,2024-07-03,9657
5498,凱崴,20,1,19,富邦-苗栗,2024-07-03,9657
4142,國光生,16,0,16,富邦-苗栗,2024-07-03,9657
8440,綠電,15,3,12,富邦-苗栗,2024-07-03,9657
1608,華榮,13,1,12,富邦-苗栗,2024-07-03,9657
2002,中鋼,14,2,12,富邦-苗栗,2024-07-03,9657
2419,仲琦,13,1,12,富邦-苗栗,2024-07-03,9657
1301,台塑,11,0,11,富邦-苗栗,2024-07-03,9657
00937B,群益ESG投等債20,16,5,11,富邦-苗栗,2024-07-03,9657
00632R,元大台灣50反1,11,0,11,富邦-苗栗,2024-07-03,9657
00945B,凱基美國非投等債,11,0,11,富邦-苗栗,2024-07-03,9657
3535,晶彩科,15,4,11,富邦-苗栗,2024-07-03,9657
2812,台中銀,11,1,10,富邦-苗栗,2024-07-03,9657
4906,正文,67,57,10,富邦-苗栗,2024-07-03,9657
00858,永豐美國500大,10,0,10,富邦-苗栗,2024-07-03,9657
3492,長盛,10,0,10,富邦-苗栗,2024-07-03,9657
6141,柏承,10,0,10,富邦-苗栗,2024-07-03,9657
6215,和椿,11,1,10,富邦-苗栗,2024-07-03,9657
8104,錸寶,15,5,10,富邦-苗栗,2024-07-03,9657
8926,台汽電,10,0,10,富邦-苗栗,2024-07-03,9657
5452,佶優,10,1,9,富邦-苗栗,2024-07-03,9657
8076,伍豐,13,4,9,富邦-苗栗,2024-07-03,9657
00712,復華富時不動產,9,0,9,富邦-苗栗,2024-07-03,9657
2913,農林,9,0,9,富邦-苗栗,2024-07-03,9657
6811,宏�硌穈T,9,0,9,富邦-苗栗,2024-07-03,9657
8070,長華*,9,0,9,富邦-苗栗,2024-07-03,9657
5347,世界,14,5,9,富邦-苗栗,2024-07-03,9657
00946,群益科技高息成長,8,0,8,富邦-苗栗,2024-07-03,9657
3034,聯詠,9,1,8,富邦-苗栗,2024-07-03,9657
2352,佳世達,12,4,8,富邦-苗栗,2024-07-03,9657
5443,均豪,35,27,8,富邦-苗栗,2024-07-03,9657
00664R,國泰臺灣加權反1,8,0,8,富邦-苗栗,2024-07-03,9657
00929,復華台灣科技優息,307,58,249,富邦-苗栗,2024-07-04,9657
00933B,國泰10Y+金融債,239,8,231,富邦-苗栗,2024-07-04,9657
2371,大同,184,4,180,富邦-苗栗,2024-07-04,9657
2349,錸德,120,11,109,富邦-苗栗,2024-07-04,9657
00949,復華日本龍頭,111,10,101,富邦-苗栗,2024-07-04,9657
4109,加捷生醫,100,17,83,富邦-苗栗,2024-07-04,9657
3062,建漢,65,0,65,富邦-苗栗,2024-07-04,9657
6116,彩晶,65,0,65,富邦-苗栗,2024-07-04,9657
00673R,期元大S＆P原油反1,62,0,62,富邦-苗栗,2024-07-04,9657
00934,中信成長高股息,65,10,55,富邦-苗栗,2024-07-04,9657
1717,長興,48,0,48,富邦-苗栗,2024-07-04,9657
2412,中華電,45,0,45,富邦-苗栗,2024-07-04,9657
4974,亞泰,27,1,26,富邦-苗栗,2024-07-04,9657
3047,訊舟,33,8,25,富邦-苗栗,2024-07-04,9657
00918,大華優利高填息30,25,1,24,富邦-苗栗,2024-07-04,9657
1815,富喬,31,10,21,富邦-苗栗,2024-07-04,9657
00688L,國泰20年美債正2,21,0,21,富邦-苗栗,2024-07-04,9657
2615,萬海,25,4,21,富邦-苗栗,2024-07-04,9657
2812,台中銀,20,0,20,富邦-苗栗,2024-07-04,9657
8021,尖點,21,2,19,富邦-苗栗,2024-07-04,9657
9105,泰金寶-DR,22,4,18,富邦-苗栗,2024-07-04,9657
00937B,群益ESG投等債20,20,3,17,富邦-苗栗,2024-07-04,9657
1611,中電,20,3,17,富邦-苗栗,2024-07-04,9657
4952,凌通,17,0,17,富邦-苗栗,2024-07-04,9657
6443,元晶,34,17,17,富邦-苗栗,2024-07-04,9657
3189,景碩,18,2,16,富邦-苗栗,2024-07-04,9657
3019,亞光,16,0,16,富邦-苗栗,2024-07-04,9657
3490,單井,19,3,16,富邦-苗栗,2024-07-04,9657
00919,群益台灣精選高息,20,5,15,富邦-苗栗,2024-07-04,9657
2609,陽明,20,5,15,富邦-苗栗,2024-07-04,9657
00757,統一FANG+,15,0,15,富邦-苗栗,2024-07-04,9657
00927,群益半導體收益,14,0,14,富邦-苗栗,2024-07-04,9657
1326,台化,15,1,14,富邦-苗栗,2024-07-04,9657
2883,凱基金,29,15,14,富邦-苗栗,2024-07-04,9657
2359,所羅門,47,34,13,富邦-苗栗,2024-07-04,9657
1720,生達,14,1,13,富邦-苗栗,2024-07-04,9657
00680L,元大美債20正2,13,0,13,富邦-苗栗,2024-07-04,9657
3625,西勝,12,0,12,富邦-苗栗,2024-07-04,9657
6213,聯茂,12,0,12,富邦-苗栗,2024-07-04,9657
5347,世界,13,2,11,富邦-苗栗,2024-07-04,9657
00915,凱基優選高股息30,11,0,11,富邦-苗栗,2024-07-04,9657
2002,中鋼,12,1,11,富邦-苗栗,2024-07-04,9657
2892,第一金,11,0,11,富邦-苗栗,2024-07-04,9657
2889,國票金,11,0,11,富邦-苗栗,2024-07-04,9657
5009,榮剛,10,0,10,富邦-苗栗,2024-07-04,9657
1909,榮成,10,0,10,富邦-苗栗,2024-07-04,9657
2836,高雄銀,10,0,10,富邦-苗栗,2024-07-04,9657
3059,華晶科,30,20,10,富邦-苗栗,2024-07-04,9657
4906,正文,63,53,10,富邦-苗栗,2024-07-04,9657
6548,長科*,10,0,10,富邦-苗栗,2024-07-04,9657
6188,廣明,105,6,99,富邦-苗栗,2024-07-05,9657
00934,中信成長高股息,88,0,88,富邦-苗栗,2024-07-05,9657
2888,新光金,81,11,70,富邦-苗栗,2024-07-05,9657
1314,中石化,205,140,65,富邦-苗栗,2024-07-05,9657
3050,鈺德,66,8,58,富邦-苗栗,2024-07-05,9657
00937B,群益ESG投等債20,71,16,55,富邦-苗栗,2024-07-05,9657
8358,金居,48,3,45,富邦-苗栗,2024-07-05,9657
00933B,國泰10Y+金融債,40,2,38,富邦-苗栗,2024-07-05,9657
912000,晨訊科-DR,30,0,30,富邦-苗栗,2024-07-05,9657
3230,錦明,25,0,25,富邦-苗栗,2024-07-05,9657
00687B,國泰20年美債,24,1,23,富邦-苗栗,2024-07-05,9657
1568,倉佑,20,0,20,富邦-苗栗,2024-07-05,9657
2354,鴻準,26,11,15,富邦-苗栗,2024-07-05,9657
00918,大華優利高填息30,15,0,15,富邦-苗栗,2024-07-05,9657
00655L,國泰中國A50正2,15,0,15,富邦-苗栗,2024-07-05,9657
2352,佳世達,17,2,15,富邦-苗栗,2024-07-05,9657
00632R,元大台灣50反1,14,0,14,富邦-苗栗,2024-07-05,9657
3492,長盛,15,1,14,富邦-苗栗,2024-07-05,9657
5243,乙盛-KY,14,1,13,富邦-苗栗,2024-07-05,9657
6125,廣運,15,3,12,富邦-苗栗,2024-07-05,9657
6189,豐藝,14,3,11,富邦-苗栗,2024-07-05,9657
5398,慕康生醫,11,0,11,富邦-苗栗,2024-07-05,9657
6770,力積電,14,3,11,富邦-苗栗,2024-07-05,9657
8383,千附,13,2,11,富邦-苗栗,2024-07-05,9657
2883,凱基金,13,3,10,富邦-苗栗,2024-07-05,9657
3005,神基,11,1,10,富邦-苗栗,2024-07-05,9657
00680L,元大美債20正2,20,10,10,富邦-苗栗,2024-07-05,9657
3663,鑫科,12,2,10,富邦-苗栗,2024-07-05,9657
9919,康那香,10,0,10,富邦-苗栗,2024-07-05,9657
3105,穩懋,12,2,10,富邦-苗栗,2024-07-05,9657
8112,至上,13,3,10,富邦-苗栗,2024-07-05,9657
2609,陽明,28,18,10,富邦-苗栗,2024-07-05,9657
3481,群創,33,24,9,富邦-苗栗,2024-07-05,9657
00927,群益半導體收益,10,1,9,富邦-苗栗,2024-07-05,9657
2324,仁寶,11,2,9,富邦-苗栗,2024-07-05,9657
2836,高雄銀,9,0,9,富邦-苗栗,2024-07-05,9657
3046,建��,9,0,9,富邦-苗栗,2024-07-05,9657
3088,艾訊,10,1,9,富邦-苗栗,2024-07-05,9657
2615,萬海,38,29,9,富邦-苗栗,2024-07-05,9657
00633L,富邦上証正2,8,0,8,富邦-苗栗,2024-07-05,9657
2312,金寶,15,7,8,富邦-苗栗,2024-07-05,9657
3490,單井,18,10,8,富邦-苗栗,2024-07-05,9657
6153,嘉聯益,9,1,8,富邦-苗栗,2024-07-05,9657
6226,光鼎,10,2,8,富邦-苗栗,2024-07-05,9657
1618,合機,8,1,7,富邦-苗栗,2024-07-05,9657
2353,宏��,9,2,7,富邦-苗栗,2024-07-05,9657
3607,谷崧,11,4,7,富邦-苗栗,2024-07-05,9657
6753,龍德造船,8,1,7,富邦-苗栗,2024-07-05,9657
8064,東捷,31,24,7,富邦-苗栗,2024-07-05,9657
3706,神達,10,3,7,富邦-苗栗,2024-07-05,9657
2313,華通,135,31,104,富邦-苗栗,2024-07-08,9657
00753L,中信中國50正2,97,1,96,富邦-苗栗,2024-07-08,9657
8390,金益鼎,61,4,57,富邦-苗栗,2024-07-08,9657
3481,群創,83,28,55,富邦-苗栗,2024-07-08,9657
1314,中石化,62,9,53,富邦-苗栗,2024-07-08,9657
00632R,元大台灣50反1,51,0,51,富邦-苗栗,2024-07-08,9657
00637L,元大滬深300正2,50,0,50,富邦-苗栗,2024-07-08,9657
6213,聯茂,47,1,46,富邦-苗栗,2024-07-08,9657
3059,華晶科,96,52,44,富邦-苗栗,2024-07-08,9657
6155,鈞寶,50,10,40,富邦-苗栗,2024-07-08,9657
2618,長榮航,87,48,39,富邦-苗栗,2024-07-08,9657
2365,昆盈,66,34,32,富邦-苗栗,2024-07-08,9657
1568,倉佑,32,0,32,富邦-苗栗,2024-07-08,9657
3703,欣陸,30,0,30,富邦-苗栗,2024-07-08,9657
00934,中信成長高股息,29,0,29,富邦-苗栗,2024-07-08,9657
2457,飛宏,29,0,29,富邦-苗栗,2024-07-08,9657
8064,東捷,41,14,27,富邦-苗栗,2024-07-08,9657
1522,堤維西,27,0,27,富邦-苗栗,2024-07-08,9657
2405,輔信,26,0,26,富邦-苗栗,2024-07-08,9657
2641,正德,25,0,25,富邦-苗栗,2024-07-08,9657
9105,泰金寶-DR,28,4,24,富邦-苗栗,2024-07-08,9657
2515,中工,39,15,24,富邦-苗栗,2024-07-08,9657
00895,富邦未來車,24,0,24,富邦-苗栗,2024-07-08,9657
3046,建��,22,0,22,富邦-苗栗,2024-07-08,9657
6770,力積電,32,10,22,富邦-苗栗,2024-07-08,9657
8429,金麗-KY,20,0,20,富邦-苗栗,2024-07-08,9657
00688L,國泰20年美債正2,20,0,20,富邦-苗栗,2024-07-08,9657
3498,陽程,25,5,20,富邦-苗栗,2024-07-08,9657
6712,長聖,22,2,20,富邦-苗栗,2024-07-08,9657
1815,富喬,21,2,19,富邦-苗栗,2024-07-08,9657
2105,正新,20,1,19,富邦-苗栗,2024-07-08,9657
3325,旭品,18,0,18,富邦-苗栗,2024-07-08,9657
2374,佳能,65,48,17,富邦-苗栗,2024-07-08,9657
1219,福壽,17,0,17,富邦-苗栗,2024-07-08,9657
3114,好德,15,0,15,富邦-苗栗,2024-07-08,9657
6153,嘉聯益,19,4,15,富邦-苗栗,2024-07-08,9657
3045,台灣大,14,0,14,富邦-苗栗,2024-07-08,9657
1504,東元,14,0,14,富邦-苗栗,2024-07-08,9657
00937B,群益ESG投等債20,49,35,14,富邦-苗栗,2024-07-08,9657
2453,凌群,18,4,14,富邦-苗栗,2024-07-08,9657
1101,台泥,23,9,14,富邦-苗栗,2024-07-08,9657
5347,世界,19,6,13,富邦-苗栗,2024-07-08,9657
2402,毅嘉,13,0,13,富邦-苗栗,2024-07-08,9657
2486,一詮,29,16,13,富邦-苗栗,2024-07-08,9657
00687B,國泰20年美債,17,4,13,富邦-苗栗,2024-07-08,9657
2417,圓剛,26,13,13,富邦-苗栗,2024-07-08,9657
00923,群益台ESG低碳50,14,1,13,富邦-苗栗,2024-07-08,9657
00927,群益半導體收益,13,0,13,富邦-苗栗,2024-07-08,9657
2464,盟立,25,13,12,富邦-苗栗,2024-07-08,9657
00720B,元大投資級公司債,12,0,12,富邦-苗栗,2024-07-08,9657
3050,鈺德,114,36,78,富邦-苗栗,2024-07-09,9657
2405,輔信,84,11,73,富邦-苗栗,2024-07-09,9657
2486,一詮,81,8,73,富邦-苗栗,2024-07-09,9657
00929,復華台灣科技優息,84,14,70,富邦-苗栗,2024-07-09,9657
3712,永崴投控,68,6,62,富邦-苗栗,2024-07-09,9657
8249,菱光,50,0,50,富邦-苗栗,2024-07-09,9657
6213,聯茂,52,4,48,富邦-苗栗,2024-07-09,9657
2402,毅嘉,45,0,45,富邦-苗栗,2024-07-09,9657
3062,建漢,60,19,41,富邦-苗栗,2024-07-09,9657
4960,誠美材,51,10,41,富邦-苗栗,2024-07-09,9657
2347,聯強,40,0,40,富邦-苗栗,2024-07-09,9657
3673,TPK-KY,58,18,40,富邦-苗栗,2024-07-09,9657
00934,中信成長高股息,45,6,39,富邦-苗栗,2024-07-09,9657
2317,鴻海,91,53,38,富邦-苗栗,2024-07-09,9657
2618,長榮航,69,35,34,富邦-苗栗,2024-07-09,9657
2367,燿華,78,44,34,富邦-苗栗,2024-07-09,9657
2349,錸德,39,9,30,富邦-苗栗,2024-07-09,9657
6241,易通展,30,2,28,富邦-苗栗,2024-07-09,9657
00936,台新永續高息中小,36,10,26,富邦-苗栗,2024-07-09,9657
2312,金寶,85,60,25,富邦-苗栗,2024-07-09,9657
6207,雷科,34,10,24,富邦-苗栗,2024-07-09,9657
1528,恩德,24,1,23,富邦-苗栗,2024-07-09,9657
2609,陽明,44,21,23,富邦-苗栗,2024-07-09,9657
0056,元大高股息,25,3,22,富邦-苗栗,2024-07-09,9657
00881,國泰台灣5G+,24,2,22,富邦-苗栗,2024-07-09,9657
3149,正達,28,6,22,富邦-苗栗,2024-07-09,9657
6873,泓德能源,21,0,21,富邦-苗栗,2024-07-09,9657
2374,佳能,27,6,21,富邦-苗栗,2024-07-09,9657
3028,增你強,20,0,20,富邦-苗栗,2024-07-09,9657
6603,富強鑫,26,6,20,富邦-苗栗,2024-07-09,9657
3060,銘異,21,2,19,富邦-苗栗,2024-07-09,9657
2427,三商電,23,5,18,富邦-苗栗,2024-07-09,9657
1785,光洋科,28,11,17,富邦-苗栗,2024-07-09,9657
2834,臺企銀,18,1,17,富邦-苗栗,2024-07-09,9657
6770,力積電,16,0,16,富邦-苗栗,2024-07-09,9657
3059,華晶科,18,3,15,富邦-苗栗,2024-07-09,9657
3231,緯創,27,12,15,富邦-苗栗,2024-07-09,9657
00933B,國泰10Y+金融債,20,6,14,富邦-苗栗,2024-07-09,9657
2340,台亞,13,0,13,富邦-苗栗,2024-07-09,9657
00713,元大台灣高息低波,12,0,12,富邦-苗栗,2024-07-09,9657
00631L,元大台灣50正2,36,24,12,富邦-苗栗,2024-07-09,9657
3047,訊舟,28,16,12,富邦-苗栗,2024-07-09,9657
1536,和大,22,10,12,富邦-苗栗,2024-07-09,9657
1710,東聯,12,0,12,富邦-苗栗,2024-07-09,9657
3045,台灣大,12,0,12,富邦-苗栗,2024-07-09,9657
3372,典範,12,0,12,富邦-苗栗,2024-07-09,9657
2002,中鋼,12,0,12,富邦-苗栗,2024-07-09,9657
6244,茂迪,12,1,11,富邦-苗栗,2024-07-09,9657
2105,正新,13,2,11,富邦-苗栗,2024-07-09,9657
3094,聯傑,11,0,11,富邦-苗栗,2024-07-09,9657
2888,新光金,307,98,209,富邦-苗栗,2024-07-10,9657
00934,中信成長高股息,119,0,119,富邦-苗栗,2024-07-10,9657
2836,高雄銀,94,4,90,富邦-苗栗,2024-07-10,9657
00929,復華台灣科技優息,96,22,74,富邦-苗栗,2024-07-10,9657
00949,復華日本龍頭,74,5,69,富邦-苗栗,2024-07-10,9657
3481,群創,73,8,65,富邦-苗栗,2024-07-10,9657
00937B,群益ESG投等債20,96,35,61,富邦-苗栗,2024-07-10,9657
2486,一詮,57,0,57,富邦-苗栗,2024-07-10,9657
4952,凌通,35,0,35,富邦-苗栗,2024-07-10,9657
2367,燿華,41,9,32,富邦-苗栗,2024-07-10,9657
2317,鴻海,52,20,32,富邦-苗栗,2024-07-10,9657
00882,中信中國高股息,30,0,30,富邦-苗栗,2024-07-10,9657
2312,金寶,41,12,29,富邦-苗栗,2024-07-10,9657
4306,炎洲,29,0,29,富邦-苗栗,2024-07-10,9657
00881,國泰台灣5G+,26,2,24,富邦-苗栗,2024-07-10,9657
2002,中鋼,23,0,23,富邦-苗栗,2024-07-10,9657
1608,華榮,26,3,23,富邦-苗栗,2024-07-10,9657
5880,合庫金,22,0,22,富邦-苗栗,2024-07-10,9657
1618,合機,22,1,21,富邦-苗栗,2024-07-10,9657
2308,台達電,20,2,18,富邦-苗栗,2024-07-10,9657
00632R,元大台灣50反1,17,0,17,富邦-苗栗,2024-07-10,9657
00679B,元大美債20年,16,0,16,富邦-苗栗,2024-07-10,9657
00752,中信中國50,15,0,15,富邦-苗栗,2024-07-10,9657
3037,欣興,15,2,13,富邦-苗栗,2024-07-10,9657
1616,億泰,22,9,13,富邦-苗栗,2024-07-10,9657
00725B,國泰投資級公司債,12,0,12,富邦-苗栗,2024-07-10,9657
2495,普安,12,0,12,富邦-苗栗,2024-07-10,9657
4726,永昕,12,0,12,富邦-苗栗,2024-07-10,9657
5876,上海商銀,12,0,12,富邦-苗栗,2024-07-10,9657
2365,昆盈,25,13,12,富邦-苗栗,2024-07-10,9657
2412,中華電,17,6,11,富邦-苗栗,2024-07-10,9657
2606,裕民,11,0,11,富邦-苗栗,2024-07-10,9657
2867,三商壽,12,1,11,富邦-苗栗,2024-07-10,9657
3234,光環,11,0,11,富邦-苗栗,2024-07-10,9657
4533,協易機,14,3,11,富邦-苗栗,2024-07-10,9657
4919,新唐,11,0,11,富邦-苗栗,2024-07-10,9657
5512,力麒,11,0,11,富邦-苗栗,2024-07-10,9657
8105,凌巨,66,55,11,富邦-苗栗,2024-07-10,9657
2812,台中銀,10,0,10,富邦-苗栗,2024-07-10,9657
00697B,元大美債7-10,10,0,10,富邦-苗栗,2024-07-10,9657
00885,富邦越南,10,0,10,富邦-苗栗,2024-07-10,9657
1809,中釉,10,0,10,富邦-苗栗,2024-07-10,9657
2543,皇昌,12,2,10,富邦-苗栗,2024-07-10,9657
3090,日電貿,10,0,10,富邦-苗栗,2024-07-10,9657
5210,寶碩,10,0,10,富邦-苗栗,2024-07-10,9657
6873,泓德能源,10,0,10,富邦-苗栗,2024-07-10,9657
1904,正隆,10,0,10,富邦-苗栗,2024-07-10,9657
1219,福壽,10,0,10,富邦-苗栗,2024-07-10,9657
2489,瑞軒,21,12,9,富邦-苗栗,2024-07-10,9657
6806,森崴能源,18,9,9,富邦-苗栗,2024-07-10,9657
2888,新光金,270,109,161,富邦-苗栗,2024-07-11,9657
2867,三商壽,184,29,155,富邦-苗栗,2024-07-11,9657
00895,富邦未來車,155,0,155,富邦-苗栗,2024-07-11,9657
4306,炎洲,109,14,95,富邦-苗栗,2024-07-11,9657
00632R,元大台灣50反1,77,0,77,富邦-苗栗,2024-07-11,9657
00929,復華台灣科技優息,71,9,62,富邦-苗栗,2024-07-11,9657
2489,瑞軒,52,5,47,富邦-苗栗,2024-07-11,9657
2362,藍天,43,4,39,富邦-苗栗,2024-07-11,9657
00934,中信成長高股息,47,10,37,富邦-苗栗,2024-07-11,9657
2515,中工,35,0,35,富邦-苗栗,2024-07-11,9657
2453,凌群,48,13,35,富邦-苗栗,2024-07-11,9657
5474,聰泰,30,0,30,富邦-苗栗,2024-07-11,9657
2371,大同,39,11,28,富邦-苗栗,2024-07-11,9657
2405,輔信,29,5,24,富邦-苗栗,2024-07-11,9657
2365,昆盈,45,21,24,富邦-苗栗,2024-07-11,9657
00688L,國泰20年美債正2,23,0,23,富邦-苗栗,2024-07-11,9657
2303,聯電,25,3,22,富邦-苗栗,2024-07-11,9657
6457,紘康,22,0,22,富邦-苗栗,2024-07-11,9657
2618,長榮航,64,43,21,富邦-苗栗,2024-07-11,9657
6111,大宇資,21,0,21,富邦-苗栗,2024-07-11,9657
00680L,元大美債20正2,20,0,20,富邦-苗栗,2024-07-11,9657
3686,達能,19,0,19,富邦-苗栗,2024-07-11,9657
1409,新纖,18,0,18,富邦-苗栗,2024-07-11,9657
1447,力鵬,17,0,17,富邦-苗栗,2024-07-11,9657
2354,鴻準,32,15,17,富邦-苗栗,2024-07-11,9657
8021,尖點,19,2,17,富邦-苗栗,2024-07-11,9657
3374,精材,22,6,16,富邦-苗栗,2024-07-11,9657
00713,元大台灣高息低波,15,0,15,富邦-苗栗,2024-07-11,9657
2498,宏達電,14,0,14,富邦-苗栗,2024-07-11,9657
5009,榮剛,14,0,14,富邦-苗栗,2024-07-11,9657
5443,均豪,16,2,14,富邦-苗栗,2024-07-11,9657
2312,金寶,33,19,14,富邦-苗栗,2024-07-11,9657
1314,中石化,14,0,14,富邦-苗栗,2024-07-11,9657
3576,聯合再生,26,13,13,富邦-苗栗,2024-07-11,9657
00664R,國泰臺灣加權反1,12,0,12,富邦-苗栗,2024-07-11,9657
8011,台通,13,1,12,富邦-苗栗,2024-07-11,9657
8064,東捷,29,17,12,富邦-苗栗,2024-07-11,9657
2002,中鋼,14,2,12,富邦-苗栗,2024-07-11,9657
1477,聚陽,11,0,11,富邦-苗栗,2024-07-11,9657
6215,和椿,11,0,11,富邦-苗栗,2024-07-11,9657
2464,盟立,24,14,10,富邦-苗栗,2024-07-11,9657
2845,遠東銀,10,0,10,富邦-苗栗,2024-07-11,9657
6873,泓德能源,10,0,10,富邦-苗栗,2024-07-11,9657
1504,東元,10,1,9,富邦-苗栗,2024-07-11,9657
00948B,中信優息投資級債,9,0,9,富邦-苗栗,2024-07-11,9657
2376,技嘉,9,0,9,富邦-苗栗,2024-07-11,9657
2537,聯上發,22,14,8,富邦-苗栗,2024-07-11,9657
2834,臺企銀,13,5,8,富邦-苗栗,2024-07-11,9657
4714,永捷,15,7,8,富邦-苗栗,2024-07-11,9657
6625,必應,8,0,8,富邦-苗栗,2024-07-11,9657
00929,復華台灣科技優息,304,54,250,富邦-苗栗,2024-07-12,9657
00919,群益台灣精選高息,109,10,99,富邦-苗栗,2024-07-12,9657
00934,中信成長高股息,97,0,97,富邦-苗栗,2024-07-12,9657
2312,金寶,156,66,90,富邦-苗栗,2024-07-12,9657
2317,鴻海,124,43,81,富邦-苗栗,2024-07-12,9657
00927,群益半導體收益,74,0,74,富邦-苗栗,2024-07-12,9657
2313,華通,73,13,60,富邦-苗栗,2024-07-12,9657
0056,元大高股息,56,2,54,富邦-苗栗,2024-07-12,9657
2867,三商壽,76,27,49,富邦-苗栗,2024-07-12,9657
2303,聯電,47,5,42,富邦-苗栗,2024-07-12,9657
00946,群益科技高息成長,55,20,35,富邦-苗栗,2024-07-12,9657
00944,野村趨勢動能高息,31,0,31,富邦-苗栗,2024-07-12,9657
2887,台新金,33,2,31,富邦-苗栗,2024-07-12,9657
9945,潤泰新,51,23,28,富邦-苗栗,2024-07-12,9657
2486,一詮,24,0,24,富邦-苗栗,2024-07-12,9657
5512,力麒,24,0,24,富邦-苗栗,2024-07-12,9657
2618,長榮航,64,42,22,富邦-苗栗,2024-07-12,9657
00632R,元大台灣50反1,30,9,21,富邦-苗栗,2024-07-12,9657
00905,FT臺灣Smart,20,0,20,富邦-苗栗,2024-07-12,9657
00671R,富邦NASDAQ反1,20,0,20,富邦-苗栗,2024-07-12,9657
5371,中光電,21,1,20,富邦-苗栗,2024-07-12,9657
5474,聰泰,20,0,20,富邦-苗栗,2024-07-12,9657
00881,國泰台灣5G+,19,0,19,富邦-苗栗,2024-07-12,9657
3576,聯合再生,34,15,19,富邦-苗栗,2024-07-12,9657
1316,上曜,19,1,18,富邦-苗栗,2024-07-12,9657
2353,宏��,17,0,17,富邦-苗栗,2024-07-12,9657
00923,群益台ESG低碳50,17,0,17,富邦-苗栗,2024-07-12,9657
0050,元大台灣50,16,0,16,富邦-苗栗,2024-07-12,9657
8011,台通,18,2,16,富邦-苗栗,2024-07-12,9657
00687B,國泰20年美債,16,0,16,富邦-苗栗,2024-07-12,9657
1815,富喬,21,6,15,富邦-苗栗,2024-07-12,9657
2471,資通,15,0,15,富邦-苗栗,2024-07-12,9657
6530,創威,15,0,15,富邦-苗栗,2024-07-12,9657
3541,西柏,14,0,14,富邦-苗栗,2024-07-12,9657
00939,統一台灣高息動能,14,1,13,富邦-苗栗,2024-07-12,9657
00895,富邦未來車,13,0,13,富邦-苗栗,2024-07-12,9657
00891,中信關鍵半導體,13,0,13,富邦-苗栗,2024-07-12,9657
00935,野村臺灣新科技50,13,0,13,富邦-苗栗,2024-07-12,9657
8046,南電,16,3,13,富邦-苗栗,2024-07-12,9657
00936,台新永續高息中小,18,5,13,富邦-苗栗,2024-07-12,9657
00878,國泰永續高股息,25,13,12,富邦-苗栗,2024-07-12,9657
006208,富邦台50,13,0,13,富邦-苗栗,2024-07-12,9657
2399,映泰,14,2,12,富邦-苗栗,2024-07-12,9657
3363,上詮,19,7,12,富邦-苗栗,2024-07-12,9657
00692,富邦公司治理,12,0,12,富邦-苗栗,2024-07-12,9657
1513,中興電,36,25,11,富邦-苗栗,2024-07-12,9657
4566,時碩工業,14,3,11,富邦-苗栗,2024-07-12,9657
6167,久正,11,0,11,富邦-苗栗,2024-07-12,9657
6282,康舒,13,3,10,富邦-苗栗,2024-07-12,9657
1210,大成,10,0,10,富邦-苗栗,2024-07-12,9657
0056,元大高股息,189,0,189,富邦-苗栗,2024-07-15,9657
9907,統一實,105,0,105,富邦-苗栗,2024-07-15,9657
00929,復華台灣科技優息,101,15,86,富邦-苗栗,2024-07-15,9657
00934,中信成長高股息,77,2,75,富邦-苗栗,2024-07-15,9657
2603,長榮,73,6,67,富邦-苗栗,2024-07-15,9657
00937B,群益ESG投等債20,112,51,61,富邦-苗栗,2024-07-15,9657
2891,中信金,61,0,61,富邦-苗栗,2024-07-15,9657
3264,欣銓,52,0,52,富邦-苗栗,2024-07-15,9657
2313,華通,51,0,51,富邦-苗栗,2024-07-15,9657
2356,英業達,92,44,48,富邦-苗栗,2024-07-15,9657
2312,金寶,107,69,38,富邦-苗栗,2024-07-15,9657
2888,新光金,54,16,38,富邦-苗栗,2024-07-15,9657
3481,群創,59,22,37,富邦-苗栗,2024-07-15,9657
6770,力積電,37,2,35,富邦-苗栗,2024-07-15,9657
4306,炎洲,35,0,35,富邦-苗栗,2024-07-15,9657
00740B,富邦全球投等債,34,0,34,富邦-苗栗,2024-07-15,9657
3379,彬台,40,6,34,富邦-苗栗,2024-07-15,9657
9105,泰金寶-DR,43,11,32,富邦-苗栗,2024-07-15,9657
6282,康舒,32,1,31,富邦-苗栗,2024-07-15,9657
00688L,國泰20年美債正2,29,0,29,富邦-苗栗,2024-07-15,9657
2883,凱基金,30,2,28,富邦-苗栗,2024-07-15,9657
2618,長榮航,84,58,26,富邦-苗栗,2024-07-15,9657
00725B,國泰投資級公司債,25,0,25,富邦-苗栗,2024-07-15,9657
1608,華榮,56,31,25,富邦-苗栗,2024-07-15,9657
1727,中華化,23,0,23,富邦-苗栗,2024-07-15,9657
2402,毅嘉,24,2,22,富邦-苗栗,2024-07-15,9657
2498,宏達電,20,0,20,富邦-苗栗,2024-07-15,9657
6155,鈞寶,20,0,20,富邦-苗栗,2024-07-15,9657
2867,三商壽,21,2,19,富邦-苗栗,2024-07-15,9657
5880,合庫金,19,0,19,富邦-苗栗,2024-07-15,9657
3260,威剛,19,2,17,富邦-苗栗,2024-07-15,9657
4533,協易機,18,1,17,富邦-苗栗,2024-07-15,9657
1316,上曜,22,6,16,富邦-苗栗,2024-07-15,9657
1616,億泰,16,0,16,富邦-苗栗,2024-07-15,9657
1721,三晃,23,7,16,富邦-苗栗,2024-07-15,9657
00680L,元大美債20正2,16,1,15,富邦-苗栗,2024-07-15,9657
2347,聯強,15,0,15,富邦-苗栗,2024-07-15,9657
5381,合正,30,16,14,富邦-苗栗,2024-07-15,9657
2204,中華,16,2,14,富邦-苗栗,2024-07-15,9657
00905,FT臺灣Smart,25,12,13,富邦-苗栗,2024-07-15,9657
4540,全球傳動,13,0,13,富邦-苗栗,2024-07-15,9657
00632R,元大台灣50反1,27,15,12,富邦-苗栗,2024-07-15,9657
2371,大同,17,6,11,富邦-苗栗,2024-07-15,9657
2405,輔信,12,1,11,富邦-苗栗,2024-07-15,9657
6753,龍德造船,11,0,11,富邦-苗栗,2024-07-15,9657
00687B,國泰20年美債,11,0,11,富邦-苗栗,2024-07-15,9657
00795B,中信美國公債20年,10,0,10,富邦-苗栗,2024-07-15,9657
00882,中信中國高股息,10,0,10,富邦-苗栗,2024-07-15,9657
1227,佳格,10,0,10,富邦-苗栗,2024-07-15,9657
2409,友達,10,0,10,富邦-苗栗,2024-07-15,9657
9907,統一實,111,0,111,富邦-苗栗,2024-07-16,9657
00905,FT臺灣Smart,95,1,94,富邦-苗栗,2024-07-16,9657
2888,新光金,119,27,92,富邦-苗栗,2024-07-16,9657
00937B,群益ESG投等債20,77,10,67,富邦-苗栗,2024-07-16,9657
00632R,元大台灣50反1,65,0,65,富邦-苗栗,2024-07-16,9657
2834,臺企銀,56,13,43,富邦-苗栗,2024-07-16,9657
00929,復華台灣科技優息,59,21,38,富邦-苗栗,2024-07-16,9657
2405,輔信,37,1,36,富邦-苗栗,2024-07-16,9657
00934,中信成長高股息,40,5,35,富邦-苗栗,2024-07-16,9657
0056,元大高股息,33,0,33,富邦-苗栗,2024-07-16,9657
00936,台新永續高息中小,30,0,30,富邦-苗栗,2024-07-16,9657
00753L,中信中國50正2,30,1,29,富邦-苗栗,2024-07-16,9657
00927,群益半導體收益,43,17,26,富邦-苗栗,2024-07-16,9657
00680L,元大美債20正2,27,5,22,富邦-苗栗,2024-07-16,9657
5876,上海商銀,55,33,22,富邦-苗栗,2024-07-16,9657
2317,鴻海,63,42,21,富邦-苗栗,2024-07-16,9657
00949,復華日本龍頭,22,2,20,富邦-苗栗,2024-07-16,9657
6167,久正,20,0,20,富邦-苗栗,2024-07-16,9657
4109,加捷生醫,25,8,17,富邦-苗栗,2024-07-16,9657
2030,彰源,17,0,17,富邦-苗栗,2024-07-16,9657
2356,英業達,24,8,16,富邦-苗栗,2024-07-16,9657
00933B,國泰10Y+金融債,19,3,16,富邦-苗栗,2024-07-16,9657
00650L,復華香港正2,16,0,16,富邦-苗栗,2024-07-16,9657
2486,一詮,15,0,15,富邦-苗栗,2024-07-16,9657
2836,高雄銀,16,1,15,富邦-苗栗,2024-07-16,9657
3050,鈺德,14,0,14,富邦-苗栗,2024-07-16,9657
3059,華晶科,20,6,14,富邦-苗栗,2024-07-16,9657
3189,景碩,14,0,14,富邦-苗栗,2024-07-16,9657
1609,大亞,30,16,14,富邦-苗栗,2024-07-16,9657
6770,力積電,14,0,14,富邦-苗栗,2024-07-16,9657
00919,群益台灣精選高息,58,45,13,富邦-苗栗,2024-07-16,9657
2891,中信金,14,1,13,富邦-苗栗,2024-07-16,9657
2867,三商壽,22,9,13,富邦-苗栗,2024-07-16,9657
00713,元大台灣高息低波,14,1,13,富邦-苗栗,2024-07-16,9657
1785,光洋科,16,3,13,富邦-苗栗,2024-07-16,9657
6111,大宇資,13,0,13,富邦-苗栗,2024-07-16,9657
6274,台燿,13,0,13,富邦-苗栗,2024-07-16,9657
3481,群創,47,35,12,富邦-苗栗,2024-07-16,9657
2615,萬海,15,3,12,富邦-苗栗,2024-07-16,9657
6592,和潤企業,11,0,11,富邦-苗栗,2024-07-16,9657
00881,國泰台灣5G+,11,0,11,富邦-苗栗,2024-07-16,9657
2618,長榮航,13,2,11,富邦-苗栗,2024-07-16,9657
2331,精英,12,1,11,富邦-苗栗,2024-07-16,9657
2887,台新金,13,2,11,富邦-苗栗,2024-07-16,9657
1227,佳格,10,0,10,富邦-苗栗,2024-07-16,9657
1711,永光,10,0,10,富邦-苗栗,2024-07-16,9657
6005,群益證,12,2,10,富邦-苗栗,2024-07-16,9657
6248,沛波,10,0,10,富邦-苗栗,2024-07-16,9657
8249,菱光,10,0,10,富邦-苗栗,2024-07-16,9657
8354,冠好,10,0,10,富邦-苗栗,2024-07-16,9657
00688L,國泰20年美債正2,133,23,110,富邦-苗栗,2024-07-17,9657
00929,復華台灣科技優息,158,50,108,富邦-苗栗,2024-07-17,9657
3419,譁裕,80,0,80,富邦-苗栗,2024-07-17,9657
00936,台新永續高息中小,70,0,70,富邦-苗栗,2024-07-17,9657
00679B,元大美債20年,66,8,58,富邦-苗栗,2024-07-17,9657
4760,勤凱,58,0,58,富邦-苗栗,2024-07-17,9657
5222,全訊,58,2,56,富邦-苗栗,2024-07-17,9657
00927,群益半導體收益,48,1,47,富邦-苗栗,2024-07-17,9657
4906,正文,48,1,47,富邦-苗栗,2024-07-17,9657
1316,上曜,55,14,41,富邦-苗栗,2024-07-17,9657
00712,復華富時不動產,62,24,38,富邦-苗栗,2024-07-17,9657
2312,金寶,66,29,37,富邦-苗栗,2024-07-17,9657
6770,力積電,70,38,32,富邦-苗栗,2024-07-17,9657
1609,大亞,64,34,30,富邦-苗栗,2024-07-17,9657
00919,群益台灣精選高息,34,4,30,富邦-苗栗,2024-07-17,9657
6167,久正,30,0,30,富邦-苗栗,2024-07-17,9657
2030,彰源,29,0,29,富邦-苗栗,2024-07-17,9657
2401,凌陽,26,0,26,富邦-苗栗,2024-07-17,9657
00632R,元大台灣50反1,31,7,24,富邦-苗栗,2024-07-17,9657
2243,宏旭-KY,21,0,21,富邦-苗栗,2024-07-17,9657
4716,大立,21,0,21,富邦-苗栗,2024-07-17,9657
00878,國泰永續高股息,37,17,20,富邦-苗栗,2024-07-17,9657
1727,中華化,21,2,19,富邦-苗栗,2024-07-17,9657
3050,鈺德,36,17,19,富邦-苗栗,2024-07-17,9657
8936,國統,23,4,19,富邦-苗栗,2024-07-17,9657
1325,恆大,20,2,18,富邦-苗栗,2024-07-17,9657
6116,彩晶,18,0,18,富邦-苗栗,2024-07-17,9657
00937B,群益ESG投等債20,20,3,17,富邦-苗栗,2024-07-17,9657
2501,國建,18,1,17,富邦-苗栗,2024-07-17,9657
0056,元大高股息,32,16,16,富邦-苗栗,2024-07-17,9657
2537,聯上發,37,22,15,富邦-苗栗,2024-07-17,9657
6155,鈞寶,17,2,15,富邦-苗栗,2024-07-17,9657
6532,瑞耘,13,0,13,富邦-苗栗,2024-07-17,9657
00891,中信關鍵半導體,13,0,13,富邦-苗栗,2024-07-17,9657
2330,台積電,12,0,12,富邦-苗栗,2024-07-17,9657
00949,復華日本龍頭,15,3,12,富邦-苗栗,2024-07-17,9657
2363,矽統,24,12,12,富邦-苗栗,2024-07-17,9657
2471,資通,12,0,12,富邦-苗栗,2024-07-17,9657
2891,中信金,12,0,12,富邦-苗栗,2024-07-17,9657
8926,台汽電,12,0,12,富邦-苗栗,2024-07-17,9657
1305,華夏,16,5,11,富邦-苗栗,2024-07-17,9657
4804,大略-KY,11,0,11,富邦-苗栗,2024-07-17,9657
8105,凌巨,44,34,10,富邦-苗栗,2024-07-17,9657
00899,FT潔淨能源,10,0,10,富邦-苗栗,2024-07-17,9657
2324,仁寶,11,1,10,富邦-苗栗,2024-07-17,9657
2342,茂矽,10,0,10,富邦-苗栗,2024-07-17,9657
2453,凌群,12,2,10,富邦-苗栗,2024-07-17,9657
2498,宏達電,10,0,10,富邦-苗栗,2024-07-17,9657
2506,太設,12,2,10,富邦-苗栗,2024-07-17,9657
2897,王道銀行,10,0,10,富邦-苗栗,2024-07-17,9657
9935,慶豐富,210,0,210,富邦-苗栗,2024-07-18,9657
3380,明泰,96,2,94,富邦-苗栗,2024-07-18,9657
2356,英業達,71,4,67,富邦-苗栗,2024-07-18,9657
2313,華通,99,44,55,富邦-苗栗,2024-07-18,9657
00929,復華台灣科技優息,373,322,51,富邦-苗栗,2024-07-18,9657
3094,聯傑,51,0,51,富邦-苗栗,2024-07-18,9657
3518,柏騰,53,2,51,富邦-苗栗,2024-07-18,9657
00878,國泰永續高股息,57,6,51,富邦-苗栗,2024-07-18,9657
2317,鴻海,133,89,44,富邦-苗栗,2024-07-18,9657
00753L,中信中國50正2,40,0,40,富邦-苗栗,2024-07-18,9657
2618,長榮航,45,6,39,富邦-苗栗,2024-07-18,9657
2547,日勝生,51,12,39,富邦-苗栗,2024-07-18,9657
8105,凌巨,52,16,36,富邦-苗栗,2024-07-18,9657
2030,彰源,31,0,31,富邦-苗栗,2024-07-18,9657
00949,復華日本龍頭,40,10,30,富邦-苗栗,2024-07-18,9657
5222,全訊,30,0,30,富邦-苗栗,2024-07-18,9657
00933B,國泰10Y+金融債,92,62,30,富邦-苗栗,2024-07-18,9657
2897,王道銀行,30,1,29,富邦-苗栗,2024-07-18,9657
1539,巨庭,26,0,26,富邦-苗栗,2024-07-18,9657
00946,群益科技高息成長,33,8,25,富邦-苗栗,2024-07-18,9657
2330,台積電,27,3,24,富邦-苗栗,2024-07-18,9657
00881,國泰台灣5G+,26,2,24,富邦-苗栗,2024-07-18,9657
00927,群益半導體收益,27,5,22,富邦-苗栗,2024-07-18,9657
2382,廣達,22,0,22,富邦-苗栗,2024-07-18,9657
2610,華航,24,3,21,富邦-苗栗,2024-07-18,9657
00919,群益台灣精選高息,63,42,21,富邦-苗栗,2024-07-18,9657
2505,國揚,20,0,20,富邦-苗栗,2024-07-18,9657
00936,台新永續高息中小,20,1,19,富邦-苗栗,2024-07-18,9657
1815,富喬,30,11,19,富邦-苗栗,2024-07-18,9657
3419,譁裕,25,6,19,富邦-苗栗,2024-07-18,9657
00934,中信成長高股息,33,15,18,富邦-苗栗,2024-07-18,9657
00680L,元大美債20正2,18,0,18,富邦-苗栗,2024-07-18,9657
00885,富邦越南,18,0,18,富邦-苗栗,2024-07-18,9657
2331,精英,18,0,18,富邦-苗栗,2024-07-18,9657
3594,磐儀,18,0,18,富邦-苗栗,2024-07-18,9657
1402,遠東新,17,0,17,富邦-苗栗,2024-07-18,9657
1810,和成,18,2,16,富邦-苗栗,2024-07-18,9657
6155,鈞寶,16,1,15,富邦-苗栗,2024-07-18,9657
8936,國統,26,11,15,富邦-苗栗,2024-07-18,9657
2329,華泰,14,0,14,富邦-苗栗,2024-07-18,9657
3481,群創,69,56,13,富邦-苗栗,2024-07-18,9657
00896,中信綠能及電動車,13,0,13,富邦-苗栗,2024-07-18,9657
3535,晶彩科,12,0,12,富邦-苗栗,2024-07-18,9657
00905,FT臺灣Smart,17,5,12,富邦-苗栗,2024-07-18,9657
2515,中工,12,0,12,富邦-苗栗,2024-07-18,9657
1569,濱川,11,0,11,富邦-苗栗,2024-07-18,9657
1611,中電,21,10,11,富邦-苗栗,2024-07-18,9657
2014,中鴻,11,0,11,富邦-苗栗,2024-07-18,9657
2489,瑞軒,22,11,11,富邦-苗栗,2024-07-18,9657
00830,國泰費城半導體,11,0,11,富邦-苗栗,2024-07-18,9657
9105,泰金寶-DR,1168,1,1167,富邦-苗栗,2024-07-19,9657
00929,復華台灣科技優息,192,69,123,富邦-苗栗,2024-07-19,9657
00946,群益科技高息成長,102,0,102,富邦-苗栗,2024-07-19,9657
00919,群益台灣精選高息,123,45,78,富邦-苗栗,2024-07-19,9657
2030,彰源,78,0,78,富邦-苗栗,2024-07-19,9657
6770,力積電,74,6,68,富邦-苗栗,2024-07-19,9657
2337,旺宏,65,4,61,富邦-苗栗,2024-07-19,9657
3231,緯創,60,3,57,富邦-苗栗,2024-07-19,9657
9945,潤泰新,58,2,56,富邦-苗栗,2024-07-19,9657
00753L,中信中國50正2,50,1,49,富邦-苗栗,2024-07-19,9657
2486,一詮,46,0,46,富邦-苗栗,2024-07-19,9657
00878,國泰永續高股息,62,19,43,富邦-苗栗,2024-07-19,9657
2344,華邦電,41,0,41,富邦-苗栗,2024-07-19,9657
00937B,群益ESG投等債20,76,40,36,富邦-苗栗,2024-07-19,9657
2330,台積電,37,2,35,富邦-苗栗,2024-07-19,9657
9935,慶豐富,35,0,35,富邦-苗栗,2024-07-19,9657
1409,新纖,33,0,33,富邦-苗栗,2024-07-19,9657
2888,新光金,63,31,32,富邦-苗栗,2024-07-19,9657
2852,第一保,30,0,30,富邦-苗栗,2024-07-19,9657
00881,國泰台灣5G+,31,1,30,富邦-苗栗,2024-07-19,9657
00934,中信成長高股息,29,0,29,富邦-苗栗,2024-07-19,9657
5512,力麒,30,1,29,富邦-苗栗,2024-07-19,9657
4526,東台,73,45,28,富邦-苗栗,2024-07-19,9657
2891,中信金,31,4,27,富邦-苗栗,2024-07-19,9657
2331,精英,27,0,27,富邦-苗栗,2024-07-19,9657
1444,力麗,25,0,25,富邦-苗栗,2024-07-19,9657
1539,巨庭,24,0,24,富邦-苗栗,2024-07-19,9657
2887,台新金,23,1,22,富邦-苗栗,2024-07-19,9657
6598,ABC-KY,24,2,22,富邦-苗栗,2024-07-19,9657
2498,宏達電,22,1,21,富邦-苗栗,2024-07-19,9657
6152,百一,20,0,20,富邦-苗栗,2024-07-19,9657
6274,台燿,26,7,19,富邦-苗栗,2024-07-19,9657
6125,廣運,26,7,19,富邦-苗栗,2024-07-19,9657
1312,國喬,20,1,19,富邦-苗栗,2024-07-19,9657
3481,群創,112,93,19,富邦-苗栗,2024-07-19,9657
2303,聯電,19,1,18,富邦-苗栗,2024-07-19,9657
1709,和益,21,4,17,富邦-苗栗,2024-07-19,9657
00940,元大台灣價值高息,41,25,16,富邦-苗栗,2024-07-19,9657
00882,中信中國高股息,36,20,16,富邦-苗栗,2024-07-19,9657
00945B,凱基美國非投等債,16,0,16,富邦-苗栗,2024-07-19,9657
8249,菱光,16,0,16,富邦-苗栗,2024-07-19,9657
00688L,國泰20年美債正2,15,0,15,富邦-苗栗,2024-07-19,9657
4726,永昕,26,12,14,富邦-苗栗,2024-07-19,9657
4906,正文,61,47,14,富邦-苗栗,2024-07-19,9657
9958,世紀鋼,19,5,14,富邦-苗栗,2024-07-19,9657
2882,國泰金,37,25,12,富邦-苗栗,2024-07-19,9657
2338,光罩,12,0,12,富邦-苗栗,2024-07-19,9657
3491,昇達科,14,2,12,富邦-苗栗,2024-07-19,9657
2312,金寶,75,63,12,富邦-苗栗,2024-07-19,9657
3260,威剛,11,0,11,富邦-苗栗,2024-07-19,9657
5512,力麒,244,114,130,富邦-苗栗,2024-07-22,9657
00929,復華台灣科技優息,251,141,110,富邦-苗栗,2024-07-22,9657
00715L,期街口布蘭特正2,70,0,70,富邦-苗栗,2024-07-22,9657
3481,群創,117,47,70,富邦-苗栗,2024-07-22,9657
00680L,元大美債20正2,55,0,55,富邦-苗栗,2024-07-22,9657
2498,宏達電,44,2,42,富邦-苗栗,2024-07-22,9657
00946,群益科技高息成長,42,0,42,富邦-苗栗,2024-07-22,9657
0056,元大高股息,58,18,40,富邦-苗栗,2024-07-22,9657
2331,精英,34,0,34,富邦-苗栗,2024-07-22,9657
6770,力積電,59,26,33,富邦-苗栗,2024-07-22,9657
00936,台新永續高息中小,37,7,30,富邦-苗栗,2024-07-22,9657
1611,中電,35,5,30,富邦-苗栗,2024-07-22,9657
00878,國泰永續高股息,54,25,29,富邦-苗栗,2024-07-22,9657
2344,華邦電,34,5,29,富邦-苗栗,2024-07-22,9657
00947,台新臺灣IC設計,30,3,27,富邦-苗栗,2024-07-22,9657
00830,國泰費城半導體,26,0,26,富邦-苗栗,2024-07-22,9657
2547,日勝生,20,1,19,富邦-苗栗,2024-07-22,9657
3071,協禧,20,1,19,富邦-苗栗,2024-07-22,9657
00915,凱基優選高股息30,18,0,18,富邦-苗栗,2024-07-22,9657
2367,燿華,19,1,18,富邦-苗栗,2024-07-22,9657
2365,昆盈,89,73,16,富邦-苗栗,2024-07-22,9657
2888,新光金,65,49,16,富邦-苗栗,2024-07-22,9657
6753,龍德造船,17,1,16,富邦-苗栗,2024-07-22,9657
1609,大亞,39,23,16,富邦-苗栗,2024-07-22,9657
1709,和益,16,1,15,富邦-苗栗,2024-07-22,9657
4804,大略-KY,15,0,15,富邦-苗栗,2024-07-22,9657
2891,中信金,18,4,14,富邦-苗栗,2024-07-22,9657
3715,定穎投控,14,1,13,富邦-苗栗,2024-07-22,9657
00688L,國泰20年美債正2,12,0,12,富邦-苗栗,2024-07-22,9657
1324,地球,12,0,12,富邦-苗栗,2024-07-22,9657
4128,中天,44,33,11,富邦-苗栗,2024-07-22,9657
4532,瑞智,11,0,11,富邦-苗栗,2024-07-22,9657
6188,廣明,10,0,10,富邦-苗栗,2024-07-22,9657
00642U,期元大S＆P石油,10,0,10,富邦-苗栗,2024-07-22,9657
1905,華紙,10,0,10,富邦-苗栗,2024-07-22,9657
2852,第一保,10,0,10,富邦-苗栗,2024-07-22,9657
3704,合勤控,10,0,10,富邦-苗栗,2024-07-22,9657
8034,榮群,10,0,10,富邦-苗栗,2024-07-22,9657
3044,健鼎,10,0,10,富邦-苗栗,2024-07-22,9657
2610,華航,16,6,10,富邦-苗栗,2024-07-22,9657
2449,京元電子,32,23,9,富邦-苗栗,2024-07-22,9657
2408,南亞科,11,2,9,富邦-苗栗,2024-07-22,9657
2374,佳能,15,6,9,富邦-苗栗,2024-07-22,9657
2812,台中銀,9,0,9,富邦-苗栗,2024-07-22,9657
2486,一詮,10,1,9,富邦-苗栗,2024-07-22,9657
2867,三商壽,14,5,9,富邦-苗栗,2024-07-22,9657
4510,高鋒,9,0,9,富邦-苗栗,2024-07-22,9657
5880,合庫金,11,3,8,富邦-苗栗,2024-07-22,9657
3702,大聯大,8,0,8,富邦-苗栗,2024-07-22,9657
2440,太空梭,8,0,8,富邦-苗栗,2024-07-22,9657
2486,一詮,212,10,202,富邦-苗栗,2024-07-23,9657
0056,元大高股息,164,7,157,富邦-苗栗,2024-07-23,9657
00929,復華台灣科技優息,158,22,136,富邦-苗栗,2024-07-23,9657
00632R,元大台灣50反1,168,41,127,富邦-苗栗,2024-07-23,9657
00937B,群益ESG投等債20,113,4,109,富邦-苗栗,2024-07-23,9657
00933B,國泰10Y+金融債,259,162,97,富邦-苗栗,2024-07-23,9657
1101,台泥,100,5,95,富邦-苗栗,2024-07-23,9657
00715L,期街口布蘭特正2,81,0,81,富邦-苗栗,2024-07-23,9657
00940,元大台灣價值高息,78,18,60,富邦-苗栗,2024-07-23,9657
2836,高雄銀,55,0,55,富邦-苗栗,2024-07-23,9657
00946,群益科技高息成長,52,0,52,富邦-苗栗,2024-07-23,9657
8105,凌巨,53,11,42,富邦-苗栗,2024-07-23,9657
3481,群創,71,32,39,富邦-苗栗,2024-07-23,9657
2455,全新,37,0,37,富邦-苗栗,2024-07-23,9657
3645,達邁,35,0,35,富邦-苗栗,2024-07-23,9657
2419,仲琦,34,1,33,富邦-苗栗,2024-07-23,9657
3663,鑫科,38,6,32,富邦-苗栗,2024-07-23,9657
00934,中信成長高股息,34,3,31,富邦-苗栗,2024-07-23,9657
00664R,國泰臺灣加權反1,30,0,30,富邦-苗栗,2024-07-23,9657
1304,台聚,51,21,30,富邦-苗栗,2024-07-23,9657
8171,天宇,30,0,30,富邦-苗栗,2024-07-23,9657
6770,力積電,39,10,29,富邦-苗栗,2024-07-23,9657
2409,友達,31,3,28,富邦-苗栗,2024-07-23,9657
00936,台新永續高息中小,25,0,25,富邦-苗栗,2024-07-23,9657
3094,聯傑,25,0,25,富邦-苗栗,2024-07-23,9657
2312,金寶,25,2,23,富邦-苗栗,2024-07-23,9657
2812,台中銀,23,0,23,富邦-苗栗,2024-07-23,9657
5014,建錩,21,0,21,富邦-苗栗,2024-07-23,9657
00923,群益台ESG低碳50,20,0,20,富邦-苗栗,2024-07-23,9657
2302,麗正,20,0,20,富邦-苗栗,2024-07-23,9657
2883,凱基金,21,3,18,富邦-苗栗,2024-07-23,9657
00679B,元大美債20年,17,1,16,富邦-苗栗,2024-07-23,9657
8076,伍豐,15,0,15,富邦-苗栗,2024-07-23,9657
2408,南亞科,15,0,15,富邦-苗栗,2024-07-23,9657
3031,佰鴻,15,0,15,富邦-苗栗,2024-07-23,9657
2884,玉山金,14,0,14,富邦-苗栗,2024-07-23,9657
9945,潤泰新,23,9,14,富邦-苗栗,2024-07-23,9657
00712,復華富時不動產,15,2,13,富邦-苗栗,2024-07-23,9657
2464,盟立,29,16,13,富邦-苗栗,2024-07-23,9657
6431,光麗-KY,12,0,12,富邦-苗栗,2024-07-23,9657
8440,綠電,24,13,11,富邦-苗栗,2024-07-23,9657
3060,銘異,11,0,11,富邦-苗栗,2024-07-23,9657
4526,東台,13,2,11,富邦-苗栗,2024-07-23,9657
4566,時碩工業,16,5,11,富邦-苗栗,2024-07-23,9657
5222,全訊,11,0,11,富邦-苗栗,2024-07-23,9657
3686,達能,14,4,10,富邦-苗栗,2024-07-23,9657
2303,聯電,13,3,10,富邦-苗栗,2024-07-23,9657
2332,友訊,60,50,10,富邦-苗栗,2024-07-23,9657
2353,宏��,14,4,10,富邦-苗栗,2024-07-23,9657
2421,建準,10,0,10,富邦-苗栗,2024-07-23,9657
00940,元大台灣價值高息,154,3,151,富邦-苗栗,2024-07-26,9657
00929,復華台灣科技優息,252,110,142,富邦-苗栗,2024-07-26,9657
00937B,群益ESG投等債20,112,10,102,富邦-苗栗,2024-07-26,9657
2834,臺企銀,96,0,96,富邦-苗栗,2024-07-26,9657
2337,旺宏,69,5,64,富邦-苗栗,2024-07-26,9657
1314,中石化,63,0,63,富邦-苗栗,2024-07-26,9657
00632R,元大台灣50反1,160,101,59,富邦-苗栗,2024-07-26,9657
2884,玉山金,57,5,52,富邦-苗栗,2024-07-26,9657
00680L,元大美債20正2,43,0,43,富邦-苗栗,2024-07-26,9657
0056,元大高股息,75,33,42,富邦-苗栗,2024-07-26,9657
2356,英業達,44,2,42,富邦-苗栗,2024-07-26,9657
00919,群益台灣精選高息,87,47,40,富邦-苗栗,2024-07-26,9657
00830,國泰費城半導體,44,5,39,富邦-苗栗,2024-07-26,9657
00934,中信成長高股息,138,100,38,富邦-苗栗,2024-07-26,9657
00637L,元大滬深300正2,35,0,35,富邦-苗栗,2024-07-26,9657
4952,凌通,35,0,35,富邦-苗栗,2024-07-26,9657
2330,台積電,38,3,35,富邦-苗栗,2024-07-26,9657
6282,康舒,33,1,32,富邦-苗栗,2024-07-26,9657
2002,中鋼,32,0,32,富邦-苗栗,2024-07-26,9657
00905,FT臺灣Smart,30,0,30,富邦-苗栗,2024-07-26,9657
3711,日月光投控,28,0,28,富邦-苗栗,2024-07-26,9657
2402,毅嘉,27,0,27,富邦-苗栗,2024-07-26,9657
3031,佰鴻,25,0,25,富邦-苗栗,2024-07-26,9657
2317,鴻海,29,4,25,富邦-苗栗,2024-07-26,9657
00881,國泰台灣5G+,25,3,22,富邦-苗栗,2024-07-26,9657
2303,聯電,24,2,22,富邦-苗栗,2024-07-26,9657
2880,華南金,21,0,21,富邦-苗栗,2024-07-26,9657
2547,日勝生,23,2,21,富邦-苗栗,2024-07-26,9657
3673,TPK-KY,20,0,20,富邦-苗栗,2024-07-26,9657
00713,元大台灣高息低波,21,1,20,富邦-苗栗,2024-07-26,9657
1304,台聚,120,100,20,富邦-苗栗,2024-07-26,9657
00715L,期街口布蘭特正2,20,0,20,富邦-苗栗,2024-07-26,9657
00688L,國泰20年美債正2,20,0,20,富邦-苗栗,2024-07-26,9657
2342,茂矽,30,10,20,富邦-苗栗,2024-07-26,9657
2497,怡利電,20,0,20,富邦-苗栗,2024-07-26,9657
00915,凱基優選高股息30,20,0,20,富邦-苗栗,2024-07-26,9657
3402,漢科,18,0,18,富邦-苗栗,2024-07-26,9657
4532,瑞智,19,1,18,富邦-苗栗,2024-07-26,9657
2498,宏達電,17,0,17,富邦-苗栗,2024-07-26,9657
00740B,富邦全球投等債,17,1,16,富邦-苗栗,2024-07-26,9657
6138,茂達,22,7,15,富邦-苗栗,2024-07-26,9657
4906,正文,20,5,15,富邦-苗栗,2024-07-26,9657
2486,一詮,61,46,15,富邦-苗栗,2024-07-26,9657
3013,晟銘電,25,11,14,富邦-苗栗,2024-07-26,9657
2409,友達,18,4,14,富邦-苗栗,2024-07-26,9657
1611,中電,19,5,14,富邦-苗栗,2024-07-26,9657
3260,威剛,13,0,13,富邦-苗栗,2024-07-26,9657
2349,錸德,20,7,13,富邦-苗栗,2024-07-26,9657
2417,圓剛,20,7,13,富邦-苗栗,2024-07-26,9657
00949,復華日本龍頭,12,0,12,富邦-苗栗,2024-07-26,9657
9907,統一實,300,0,300,富邦-苗栗,2024-07-29,9657
9105,泰金寶-DR,158,3,155,富邦-苗栗,2024-07-29,9657
0056,元大高股息,156,2,154,富邦-苗栗,2024-07-29,9657
00929,復華台灣科技優息,208,56,152,富邦-苗栗,2024-07-29,9657
00632R,元大台灣50反1,110,7,103,富邦-苗栗,2024-07-29,9657
00937B,群益ESG投等債20,60,5,55,富邦-苗栗,2024-07-29,9657
00715L,期街口布蘭特正2,48,0,48,富邦-苗栗,2024-07-29,9657
1314,中石化,46,1,45,富邦-苗栗,2024-07-29,9657
9945,潤泰新,159,120,39,富邦-苗栗,2024-07-29,9657
00878,國泰永續高股息,40,2,38,富邦-苗栗,2024-07-29,9657
00919,群益台灣精選高息,43,7,36,富邦-苗栗,2024-07-29,9657
3481,群創,38,8,30,富邦-苗栗,2024-07-29,9657
00940,元大台灣價值高息,74,45,29,富邦-苗栗,2024-07-29,9657
5014,建錩,29,0,29,富邦-苗栗,2024-07-29,9657
6152,百一,28,0,28,富邦-苗栗,2024-07-29,9657
1785,光洋科,28,4,24,富邦-苗栗,2024-07-29,9657
3663,鑫科,34,10,24,富邦-苗栗,2024-07-29,9657
2356,英業達,23,1,22,富邦-苗栗,2024-07-29,9657
2515,中工,22,0,22,富邦-苗栗,2024-07-29,9657
6116,彩晶,21,0,21,富邦-苗栗,2024-07-29,9657
6155,鈞寶,20,0,20,富邦-苗栗,2024-07-29,9657
2409,友達,19,0,19,富邦-苗栗,2024-07-29,9657
6770,力積電,19,0,19,富邦-苗栗,2024-07-29,9657
6138,茂達,30,12,18,富邦-苗栗,2024-07-29,9657
00934,中信成長高股息,37,20,17,富邦-苗栗,2024-07-29,9657
6695,芯鼎,19,2,17,富邦-苗栗,2024-07-29,9657
2367,燿華,33,17,16,富邦-苗栗,2024-07-29,9657
6689,伊雲谷,16,0,16,富邦-苗栗,2024-07-29,9657
00891,中信關鍵半導體,16,0,16,富邦-苗栗,2024-07-29,9657
4903,聯光通,20,4,16,富邦-苗栗,2024-07-29,9657
00637L,元大滬深300正2,15,0,15,富邦-苗栗,2024-07-29,9657
2342,茂矽,15,0,15,富邦-苗栗,2024-07-29,9657
2498,宏達電,15,0,15,富邦-苗栗,2024-07-29,9657
00946,群益科技高息成長,15,0,15,富邦-苗栗,2024-07-29,9657
2301,光寶科,14,0,14,富邦-苗栗,2024-07-29,9657
00680L,元大美債20正2,14,0,14,富邦-苗栗,2024-07-29,9657
8076,伍豐,14,0,14,富邦-苗栗,2024-07-29,9657
6257,矽格,13,0,13,富邦-苗栗,2024-07-29,9657
00910,第一金太空衛星,12,0,12,富邦-苗栗,2024-07-29,9657
2537,聯上發,13,1,12,富邦-苗栗,2024-07-29,9657
2405,輔信,13,2,11,富邦-苗栗,2024-07-29,9657
2338,光罩,11,0,11,富邦-苗栗,2024-07-29,9657
3217,優群,11,0,11,富邦-苗栗,2024-07-29,9657
3686,達能,11,0,11,富邦-苗栗,2024-07-29,9657
6753,龍德造船,11,0,11,富邦-苗栗,2024-07-29,9657
00706L,期元大S＆P日圓正2,10,0,10,富邦-苗栗,2024-07-29,9657
1301,台塑,10,0,10,富邦-苗栗,2024-07-29,9657
1611,中電,10,0,10,富邦-苗栗,2024-07-29,9657
2836,高雄銀,10,0,10,富邦-苗栗,2024-07-29,9657
2891,中信金,10,0,10,富邦-苗栗,2024-07-29,9657
00637L,元大滬深300正2,175,0,175,富邦-苗栗,2024-07-30,9657
00715L,期街口布蘭特正2,135,0,135,富邦-苗栗,2024-07-30,9657
00940,元大台灣價值高息,125,22,103,富邦-苗栗,2024-07-30,9657
00878,國泰永續高股息,108,17,91,富邦-苗栗,2024-07-30,9657
2486,一詮,108,46,62,富邦-苗栗,2024-07-30,9657
00918,大華優利高填息30,50,0,50,富邦-苗栗,2024-07-30,9657
2836,高雄銀,50,0,50,富邦-苗栗,2024-07-30,9657
00946,群益科技高息成長,44,0,44,富邦-苗栗,2024-07-30,9657
2812,台中銀,39,5,34,富邦-苗栗,2024-07-30,9657
00713,元大台灣高息低波,32,1,31,富邦-苗栗,2024-07-30,9657
2303,聯電,27,0,27,富邦-苗栗,2024-07-30,9657
6770,力積電,26,0,26,富邦-苗栗,2024-07-30,9657
0056,元大高股息,33,9,24,富邦-苗栗,2024-07-30,9657
2349,錸德,58,37,21,富邦-苗栗,2024-07-30,9657
6152,百一,18,0,18,富邦-苗栗,2024-07-30,9657
00936,台新永續高息中小,17,0,17,富邦-苗栗,2024-07-30,9657
3260,威剛,16,0,16,富邦-苗栗,2024-07-30,9657
00919,群益台灣精選高息,34,18,16,富邦-苗栗,2024-07-30,9657
2537,聯上發,21,6,15,富邦-苗栗,2024-07-30,9657
2884,玉山金,35,22,13,富邦-苗栗,2024-07-30,9657
00891,中信關鍵半導體,14,1,13,富邦-苗栗,2024-07-30,9657
00934,中信成長高股息,114,100,14,富邦-苗栗,2024-07-30,9657
2834,臺企銀,19,6,13,富邦-苗栗,2024-07-30,9657
2002,中鋼,13,0,13,富邦-苗栗,2024-07-30,9657
00665L,富邦�琤肭磪囓�2,13,0,13,富邦-苗栗,2024-07-30,9657
00725B,國泰投資級公司債,13,0,13,富邦-苗栗,2024-07-30,9657
2913,農林,17,4,13,富邦-苗栗,2024-07-30,9657
2344,華邦電,12,0,12,富邦-苗栗,2024-07-30,9657
2313,華通,12,0,12,富邦-苗栗,2024-07-30,9657
2301,光寶科,14,2,12,富邦-苗栗,2024-07-30,9657
2515,中工,22,10,12,富邦-苗栗,2024-07-30,9657
6138,茂達,20,8,12,富邦-苗栗,2024-07-30,9657
00915,凱基優選高股息30,12,0,12,富邦-苗栗,2024-07-30,9657
00905,FT臺灣Smart,11,0,11,富邦-苗栗,2024-07-30,9657
1608,華榮,11,0,11,富邦-苗栗,2024-07-30,9657
4903,聯光通,12,1,11,富邦-苗栗,2024-07-30,9657
6877,鏵友益,11,0,11,富邦-苗栗,2024-07-30,9657
00830,國泰費城半導體,10,0,10,富邦-苗栗,2024-07-30,9657
00680L,元大美債20正2,10,0,10,富邦-苗栗,2024-07-30,9657
00679B,元大美債20年,12,2,10,富邦-苗栗,2024-07-30,9657
2030,彰源,10,0,10,富邦-苗栗,2024-07-30,9657
2547,日勝生,11,1,10,富邦-苗栗,2024-07-30,9657
4938,和碩,11,1,10,富邦-苗栗,2024-07-30,9657
2356,英業達,11,2,9,富邦-苗栗,2024-07-30,9657
2062,橋椿,11,2,9,富邦-苗栗,2024-07-30,9657
6015,宏遠證,10,1,9,富邦-苗栗,2024-07-30,9657
00933B,國泰10Y+金融債,14,6,8,富邦-苗栗,2024-07-30,9657
2312,金寶,30,22,8,富邦-苗栗,2024-07-30,9657
00688L,國泰20年美債正2,8,0,8,富邦-苗栗,2024-07-30,9657
00857B,永豐20年美公債,8,0,8,富邦-苗栗,2024-07-30,9657
00929,復華台灣科技優息,191,31,160,富邦-苗栗,2024-07-31,9657
00632R,元大台灣50反1,260,101,159,富邦-苗栗,2024-07-31,9657
2486,一詮,82,35,47,富邦-苗栗,2024-07-31,9657
3481,群創,50,17,33,富邦-苗栗,2024-07-31,9657
00878,國泰永續高股息,33,0,33,富邦-苗栗,2024-07-31,9657
2349,錸德,48,18,30,富邦-苗栗,2024-07-31,9657
00919,群益台灣精選高息,43,14,29,富邦-苗栗,2024-07-31,9657
2515,中工,31,5,26,富邦-苗栗,2024-07-31,9657
00937B,群益ESG投等債20,52,30,22,富邦-苗栗,2024-07-31,9657
3047,訊舟,57,38,19,富邦-苗栗,2024-07-31,9657
2884,玉山金,18,1,17,富邦-苗栗,2024-07-31,9657
4526,東台,18,2,16,富邦-苗栗,2024-07-31,9657
0056,元大高股息,16,0,16,富邦-苗栗,2024-07-31,9657
8064,東捷,33,20,13,富邦-苗栗,2024-07-31,9657
9945,潤泰新,14,2,12,富邦-苗栗,2024-07-31,9657
1314,中石化,13,1,12,富邦-苗栗,2024-07-31,9657
00940,元大台灣價值高息,34,23,11,富邦-苗栗,2024-07-31,9657
6877,鏵友益,11,0,11,富邦-苗栗,2024-07-31,9657
00637L,元大滬深300正2,10,0,10,富邦-苗栗,2024-07-31,9657
1308,亞聚,10,0,10,富邦-苗栗,2024-07-31,9657
1449,佳和,10,0,10,富邦-苗栗,2024-07-31,9657
2801,彰銀,10,0,10,富邦-苗栗,2024-07-31,9657
3576,聯合再生,16,6,10,富邦-苗栗,2024-07-31,9657
9103,美德醫療-DR,10,0,10,富邦-苗栗,2024-07-31,9657
00679B,元大美債20年,20,11,9,富邦-苗栗,2024-07-31,9657
8039,台虹,10,1,9,富邦-苗栗,2024-07-31,9657
1711,永光,10,1,9,富邦-苗栗,2024-07-31,9657
3715,定穎投控,17,9,8,富邦-苗栗,2024-07-31,9657
00946,群益科技高息成長,8,0,8,富邦-苗栗,2024-07-31,9657
2409,友達,9,1,8,富邦-苗栗,2024-07-31,9657
00680L,元大美債20正2,30,22,8,富邦-苗栗,2024-07-31,9657
2301,光寶科,8,0,8,富邦-苗栗,2024-07-31,9657
6126,信音,12,4,8,富邦-苗栗,2024-07-31,9657
6133,金橋,8,0,8,富邦-苗栗,2024-07-31,9657
3663,鑫科,21,13,8,富邦-苗栗,2024-07-31,9657
00687B,國泰20年美債,12,5,7,富邦-苗栗,2024-07-31,9657
2204,中華,7,0,7,富邦-苗栗,2024-07-31,9657
2303,聯電,7,0,7,富邦-苗栗,2024-07-31,9657
9955,佳龍,8,1,7,富邦-苗栗,2024-07-31,9657
00891,中信關鍵半導體,8,1,7,富邦-苗栗,2024-07-31,9657
00881,國泰台灣5G+,7,0,7,富邦-苗栗,2024-07-31,9657
2317,鴻海,13,7,6,富邦-苗栗,2024-07-31,9657
3189,景碩,10,4,6,富邦-苗栗,2024-07-31,9657
3163,波若威,13,7,6,富邦-苗栗,2024-07-31,9657
00923,群益台ESG低碳50,6,0,6,富邦-苗栗,2024-07-31,9657
2369,菱生,6,0,6,富邦-苗栗,2024-07-31,9657
2889,國票金,6,0,6,富邦-苗栗,2024-07-31,9657
3230,錦明,6,0,6,富邦-苗栗,2024-07-31,9657
3231,緯創,7,1,6,富邦-苗栗,2024-07-31,9657
6024,群益期,6,0,6,富邦-苗栗,2024-07-31,9657
00919,群益台灣精選高息,1212,15,1197,富邦-苗栗,2024-08-01,9657
00936,台新永續高息中小,101,2,99,富邦-苗栗,2024-08-01,9657
00680L,元大美債20正2,95,12,83,富邦-苗栗,2024-08-01,9657
00882,中信中國高股息,82,0,82,富邦-苗栗,2024-08-01,9657
00637L,元大滬深300正2,75,0,75,富邦-苗栗,2024-08-01,9657
00878,國泰永續高股息,66,1,65,富邦-苗栗,2024-08-01,9657
00679B,元大美債20年,57,0,57,富邦-苗栗,2024-08-01,9657
00881,國泰台灣5G+,50,0,50,富邦-苗栗,2024-08-01,9657
3522,御嵿,40,1,39,富邦-苗栗,2024-08-01,9657
2489,瑞軒,51,12,39,富邦-苗栗,2024-08-01,9657
6151,晉倫,29,0,29,富邦-苗栗,2024-08-01,9657
3047,訊舟,58,31,27,富邦-苗栗,2024-08-01,9657
3535,晶彩科,67,41,26,富邦-苗栗,2024-08-01,9657
2884,玉山金,27,2,25,富邦-苗栗,2024-08-01,9657
2313,華通,25,2,23,富邦-苗栗,2024-08-01,9657
3711,日月光投控,26,5,21,富邦-苗栗,2024-08-01,9657
00688L,國泰20年美債正2,30,9,21,富邦-苗栗,2024-08-01,9657
5014,建錩,20,0,20,富邦-苗栗,2024-08-01,9657
00712,復華富時不動產,24,5,19,富邦-苗栗,2024-08-01,9657
3673,TPK-KY,20,2,18,富邦-苗栗,2024-08-01,9657
00664R,國泰臺灣加權反1,16,0,16,富邦-苗栗,2024-08-01,9657
5443,均豪,24,8,16,富邦-苗栗,2024-08-01,9657
00951,台新日本半導體,15,0,15,富邦-苗栗,2024-08-01,9657
2845,遠東銀,15,0,15,富邦-苗栗,2024-08-01,9657
5328,華容,14,0,14,富邦-苗栗,2024-08-01,9657
00940,元大台灣價值高息,19,6,13,富邦-苗栗,2024-08-01,9657
00948B,中信優息投資級債,13,0,13,富邦-苗栗,2024-08-01,9657
2070,精湛,17,4,13,富邦-苗栗,2024-08-01,9657
00857B,永豐20年美公債,12,0,12,富邦-苗栗,2024-08-01,9657
2344,華邦電,15,3,12,富邦-苗栗,2024-08-01,9657
2883,凱基金,16,4,12,富邦-苗栗,2024-08-01,9657
00905,FT臺灣Smart,10,0,10,富邦-苗栗,2024-08-01,9657
1806,冠軍,10,0,10,富邦-苗栗,2024-08-01,9657
2867,三商壽,10,0,10,富邦-苗栗,2024-08-01,9657
3419,譁裕,10,0,10,富邦-苗栗,2024-08-01,9657
2317,鴻海,14,5,9,富邦-苗栗,2024-08-01,9657
2618,長榮航,13,4,9,富邦-苗栗,2024-08-01,9657
00927,群益半導體收益,9,0,9,富邦-苗栗,2024-08-01,9657
1314,中石化,30,21,9,富邦-苗栗,2024-08-01,9657
6187,萬潤,10,1,9,富邦-苗栗,2024-08-01,9657
3284,太普高,10,1,9,富邦-苗栗,2024-08-01,9657
00922,國泰台灣領袖50,8,0,8,富邦-苗栗,2024-08-01,9657
2409,友達,8,0,8,富邦-苗栗,2024-08-01,9657
1308,亞聚,8,0,8,富邦-苗栗,2024-08-01,9657
6257,矽格,8,0,8,富邦-苗栗,2024-08-01,9657
8011,台通,9,1,8,富邦-苗栗,2024-08-01,9657
2349,錸德,41,33,8,富邦-苗栗,2024-08-01,9657
00937B,群益ESG投等債20,42,35,7,富邦-苗栗,2024-08-01,9657
00687B,國泰20年美債,7,0,7,富邦-苗栗,2024-08-01,9657
2338,光罩,7,0,7,富邦-苗栗,2024-08-01,9657
00929,復華台灣科技優息,334,73,261,富邦-苗栗,2024-08-02,9657
00919,群益台灣精選高息,160,43,117,富邦-苗栗,2024-08-02,9657
00680L,元大美債20正2,117,6,111,富邦-苗栗,2024-08-02,9657
00940,元大台灣價值高息,120,15,105,富邦-苗栗,2024-08-02,9657
9907,統一實,100,0,100,富邦-苗栗,2024-08-02,9657
9945,潤泰新,105,19,86,富邦-苗栗,2024-08-02,9657
00679B,元大美債20年,87,1,86,富邦-苗栗,2024-08-02,9657
2317,鴻海,87,15,72,富邦-苗栗,2024-08-02,9657
00830,國泰費城半導體,57,0,57,富邦-苗栗,2024-08-02,9657
2313,華通,50,2,48,富邦-苗栗,2024-08-02,9657
00915,凱基優選高股息30,48,0,48,富邦-苗栗,2024-08-02,9657
00881,國泰台灣5G+,47,0,47,富邦-苗栗,2024-08-02,9657
2515,中工,43,1,42,富邦-苗栗,2024-08-02,9657
6770,力積電,40,1,39,富邦-苗栗,2024-08-02,9657
00688L,國泰20年美債正2,34,0,34,富邦-苗栗,2024-08-02,9657
00687B,國泰20年美債,47,13,34,富邦-苗栗,2024-08-02,9657
00937B,群益ESG投等債20,41,10,31,富邦-苗栗,2024-08-02,9657
00927,群益半導體收益,28,0,28,富邦-苗栗,2024-08-02,9657
2330,台積電,38,10,28,富邦-苗栗,2024-08-02,9657
2845,遠東銀,28,0,28,富邦-苗栗,2024-08-02,9657
4510,高鋒,82,54,28,富邦-苗栗,2024-08-02,9657
00934,中信成長高股息,33,5,28,富邦-苗栗,2024-08-02,9657
2887,台新金,28,1,27,富邦-苗栗,2024-08-02,9657
2365,昆盈,64,38,26,富邦-苗栗,2024-08-02,9657
5512,力麒,32,6,26,富邦-苗栗,2024-08-02,9657
00891,中信關鍵半導體,25,0,25,富邦-苗栗,2024-08-02,9657
2498,宏達電,24,0,24,富邦-苗栗,2024-08-02,9657
3024,憶聲,26,2,24,富邦-苗栗,2024-08-02,9657
2408,南亞科,21,0,21,富邦-苗栗,2024-08-02,9657
4906,正文,39,19,20,富邦-苗栗,2024-08-02,9657
00949,復華日本龍頭,21,2,19,富邦-苗栗,2024-08-02,9657
6138,茂達,28,10,18,富邦-苗栗,2024-08-02,9657
00712,復華富時不動產,17,0,17,富邦-苗栗,2024-08-02,9657
2641,正德,17,0,17,富邦-苗栗,2024-08-02,9657
3037,欣興,20,4,16,富邦-苗栗,2024-08-02,9657
4562,穎漢,44,28,16,富邦-苗栗,2024-08-02,9657
2002,中鋼,35,20,15,富邦-苗栗,2024-08-02,9657
5905,南仁湖,15,0,15,富邦-苗栗,2024-08-02,9657
1609,大亞,18,3,15,富邦-苗栗,2024-08-02,9657
00900,富邦特選高股息30,16,1,15,富邦-苗栗,2024-08-02,9657
5443,均豪,26,14,12,富邦-苗栗,2024-08-02,9657
2891,中信金,14,2,12,富邦-苗栗,2024-08-02,9657
3532,台勝科,12,0,12,富邦-苗栗,2024-08-02,9657
5483,中美晶,12,0,12,富邦-苗栗,2024-08-02,9657
3260,威剛,19,8,11,富邦-苗栗,2024-08-02,9657
2449,京元電子,30,19,11,富邦-苗栗,2024-08-02,9657
2356,英業達,15,4,11,富邦-苗栗,2024-08-02,9657
6869,雲豹能源,12,1,11,富邦-苗栗,2024-08-02,9657
00941,中信上游半導體,11,0,11,富邦-苗栗,2024-08-02,9657
00923,群益台ESG低碳50,10,0,10,富邦-苗栗,2024-08-02,9657
00940,元大台灣價值高息,388,31,357,富邦-苗栗,2024-08-05,9657
00929,復華台灣科技優息,567,256,311,富邦-苗栗,2024-08-05,9657
00679B,元大美債20年,257,41,216,富邦-苗栗,2024-08-05,9657
00688L,國泰20年美債正2,133,10,123,富邦-苗栗,2024-08-05,9657
00715L,期街口布蘭特正2,321,220,101,富邦-苗栗,2024-08-05,9657
2834,臺企銀,106,11,95,富邦-苗栗,2024-08-05,9657
3481,群創,105,20,85,富邦-苗栗,2024-08-05,9657
2409,友達,92,12,80,富邦-苗栗,2024-08-05,9657
00882,中信中國高股息,61,9,52,富邦-苗栗,2024-08-05,9657
2486,一詮,54,2,52,富邦-苗栗,2024-08-05,9657
2415,錩新,50,0,50,富邦-苗栗,2024-08-05,9657
00687B,國泰20年美債,52,3,49,富邦-苗栗,2024-08-05,9657
6770,力積電,49,1,48,富邦-苗栗,2024-08-05,9657
4510,高鋒,66,21,45,富邦-苗栗,2024-08-05,9657
00935,野村臺灣新科技50,45,0,45,富邦-苗栗,2024-08-05,9657
00680L,元大美債20正2,60,17,43,富邦-苗栗,2024-08-05,9657
00946,群益科技高息成長,43,2,41,富邦-苗栗,2024-08-05,9657
00936,台新永續高息中小,44,6,38,富邦-苗栗,2024-08-05,9657
2337,旺宏,55,18,37,富邦-苗栗,2024-08-05,9657
00931B,統一美債20年,36,0,36,富邦-苗栗,2024-08-05,9657
2331,精英,37,1,36,富邦-苗栗,2024-08-05,9657
2498,宏達電,32,0,32,富邦-苗栗,2024-08-05,9657
2002,中鋼,57,28,29,富邦-苗栗,2024-08-05,9657
00881,國泰台灣5G+,34,10,24,富邦-苗栗,2024-08-05,9657
2363,矽統,27,4,23,富邦-苗栗,2024-08-05,9657
4562,穎漢,24,1,23,富邦-苗栗,2024-08-05,9657
0050,元大台灣50,26,4,22,富邦-苗栗,2024-08-05,9657
00934,中信成長高股息,47,26,21,富邦-苗栗,2024-08-05,9657
8043,蜜望實,34,13,21,富邦-苗栗,2024-08-05,9657
1604,聲寶,20,0,20,富邦-苗栗,2024-08-05,9657
2347,聯強,20,0,20,富邦-苗栗,2024-08-05,9657
3042,晶技,20,0,20,富邦-苗栗,2024-08-05,9657
6274,台燿,22,2,20,富邦-苗栗,2024-08-05,9657
1608,華榮,19,0,19,富邦-苗栗,2024-08-05,9657
2408,南亞科,20,2,18,富邦-苗栗,2024-08-05,9657
2867,三商壽,20,2,18,富邦-苗栗,2024-08-05,9657
00857B,永豐20年美公債,17,0,17,富邦-苗栗,2024-08-05,9657
2845,遠東銀,22,5,17,富邦-苗栗,2024-08-05,9657
00923,群益台ESG低碳50,21,5,16,富邦-苗栗,2024-08-05,9657
00900,富邦特選高股息30,18,3,15,富邦-苗栗,2024-08-05,9657
2330,台積電,44,29,15,富邦-苗栗,2024-08-05,9657
1316,上曜,15,0,15,富邦-苗栗,2024-08-05,9657
2014,中鴻,15,0,15,富邦-苗栗,2024-08-05,9657
2025,千興,15,0,15,富邦-苗栗,2024-08-05,9657
4906,正文,22,7,15,富邦-苗栗,2024-08-05,9657
2101,南港,16,2,14,富邦-苗栗,2024-08-05,9657
1802,台玻,13,0,13,富邦-苗栗,2024-08-05,9657
2641,正德,13,0,13,富邦-苗栗,2024-08-05,9657
2881,富邦金,18,6,12,富邦-苗栗,2024-08-05,9657
00942B,台新美A公司債20+,12,0,12,富邦-苗栗,2024-08-05,9657
00676R,富邦臺灣加權反1,430,0,430,富邦-苗栗,2024-08-06,9657
0056,元大高股息,229,19,210,富邦-苗栗,2024-08-06,9657
00940,元大台灣價值高息,204,32,172,富邦-苗栗,2024-08-06,9657
1312,國喬,136,0,136,富邦-苗栗,2024-08-06,9657
2834,臺企銀,134,14,120,富邦-苗栗,2024-08-06,9657
00654R,富邦印度反1,100,0,100,富邦-苗栗,2024-08-06,9657
9945,潤泰新,94,7,87,富邦-苗栗,2024-08-06,9657
00632R,元大台灣50反1,85,0,85,富邦-苗栗,2024-08-06,9657
00900,富邦特選高股息30,85,1,84,富邦-苗栗,2024-08-06,9657
00885,富邦越南,81,0,81,富邦-苗栗,2024-08-06,9657
00878,國泰永續高股息,83,16,67,富邦-苗栗,2024-08-06,9657
2337,旺宏,65,1,64,富邦-苗栗,2024-08-06,9657
3021,鴻名,59,1,58,富邦-苗栗,2024-08-06,9657
00706L,期元大S＆P日圓正2,50,0,50,富邦-苗栗,2024-08-06,9657
2884,玉山金,52,2,50,富邦-苗栗,2024-08-06,9657
3483,力致,50,0,50,富邦-苗栗,2024-08-06,9657
6125,廣運,48,4,44,富邦-苗栗,2024-08-06,9657
2374,佳能,32,0,32,富邦-苗栗,2024-08-06,9657
00715L,期街口布蘭特正2,44,12,32,富邦-苗栗,2024-08-06,9657
3481,群創,67,36,31,富邦-苗栗,2024-08-06,9657
1806,冠軍,30,0,30,富邦-苗栗,2024-08-06,9657
0050,元大台灣50,33,6,27,富邦-苗栗,2024-08-06,9657
2888,新光金,31,5,26,富邦-苗栗,2024-08-06,9657
2409,友達,39,13,26,富邦-苗栗,2024-08-06,9657
2477,美隆電,25,0,25,富邦-苗栗,2024-08-06,9657
2002,中鋼,21,0,21,富邦-苗栗,2024-08-06,9657
5014,建錩,20,0,20,富邦-苗栗,2024-08-06,9657
00946,群益科技高息成長,31,12,19,富邦-苗栗,2024-08-06,9657
00679B,元大美債20年,42,23,19,富邦-苗栗,2024-08-06,9657
2349,錸德,43,25,18,富邦-苗栗,2024-08-06,9657
00882,中信中國高股息,29,12,17,富邦-苗栗,2024-08-06,9657
2408,南亞科,17,1,16,富邦-苗栗,2024-08-06,9657
00881,國泰台灣5G+,27,12,15,富邦-苗栗,2024-08-06,9657
1513,中興電,18,4,14,富邦-苗栗,2024-08-06,9657
2812,台中銀,15,1,14,富邦-苗栗,2024-08-06,9657
006208,富邦台50,18,5,13,富邦-苗栗,2024-08-06,9657
00944,野村趨勢動能高息,12,0,12,富邦-苗栗,2024-08-06,9657
2356,英業達,16,5,11,富邦-苗栗,2024-08-06,9657
2890,永豐金,12,1,11,富邦-苗栗,2024-08-06,9657
9907,統一實,11,0,11,富邦-苗栗,2024-08-06,9657
2317,鴻海,84,73,11,富邦-苗栗,2024-08-06,9657
2303,聯電,20,10,10,富邦-苗栗,2024-08-06,9657
6290,良維,11,1,10,富邦-苗栗,2024-08-06,9657
00642U,期元大S＆P石油,10,0,10,富邦-苗栗,2024-08-06,9657
00902,中信電池及儲能,10,0,10,富邦-苗栗,2024-08-06,9657
1733,五鼎,10,0,10,富邦-苗栗,2024-08-06,9657
2845,遠東銀,10,0,10,富邦-苗栗,2024-08-06,9657
3260,威剛,50,40,10,富邦-苗栗,2024-08-06,9657
911868,同方友友-DR,10,0,10,富邦-苗栗,2024-08-06,9657
2449,京元電子,19,9,10,富邦-苗栗,2024-08-06,9657
00878,國泰永續高股息,145,20,125,富邦-苗栗,2024-08-07,9657
00919,群益台灣精選高息,107,20,87,富邦-苗栗,2024-08-07,9657
2317,鴻海,103,24,79,富邦-苗栗,2024-08-07,9657
2834,臺企銀,64,9,55,富邦-苗栗,2024-08-07,9657
00940,元大台灣價值高息,87,32,55,富邦-苗栗,2024-08-07,9657
00715L,期街口布蘭特正2,50,0,50,富邦-苗栗,2024-08-07,9657
2477,美隆電,55,17,38,富邦-苗栗,2024-08-07,9657
00936,台新永續高息中小,62,25,37,富邦-苗栗,2024-08-07,9657
00679B,元大美債20年,37,0,37,富邦-苗栗,2024-08-07,9657
9958,世紀鋼,42,7,35,富邦-苗栗,2024-08-07,9657
8021,尖點,35,0,35,富邦-苗栗,2024-08-07,9657
3481,群創,39,4,35,富邦-苗栗,2024-08-07,9657
8131,福懋科,45,17,28,富邦-苗栗,2024-08-07,9657
00900,富邦特選高股息30,26,3,23,富邦-苗栗,2024-08-07,9657
00676R,富邦臺灣加權反1,121,100,21,富邦-苗栗,2024-08-07,9657
2342,茂矽,28,7,21,富邦-苗栗,2024-08-07,9657
00664R,國泰臺灣加權反1,20,0,20,富邦-苗栗,2024-08-07,9657
8171,天宇,26,6,20,富邦-苗栗,2024-08-07,9657
00632R,元大台灣50反1,23,5,18,富邦-苗栗,2024-08-07,9657
2356,英業達,20,3,17,富邦-苗栗,2024-08-07,9657
3013,晟銘電,22,6,16,富邦-苗栗,2024-08-07,9657
00712,復華富時不動產,25,10,15,富邦-苗栗,2024-08-07,9657
3021,鴻名,33,18,15,富邦-苗栗,2024-08-07,9657
6877,鏵友益,15,1,14,富邦-苗栗,2024-08-07,9657
00830,國泰費城半導體,14,0,14,富邦-苗栗,2024-08-07,9657
00948B,中信優息投資級債,13,0,13,富邦-苗栗,2024-08-07,9657
2637,慧洋-KY,13,0,13,富邦-苗栗,2024-08-07,9657
1720,生達,11,0,11,富邦-苗栗,2024-08-07,9657
1301,台塑,11,0,11,富邦-苗栗,2024-08-07,9657
00888,永豐台灣ESG,10,0,10,富邦-苗栗,2024-08-07,9657
2392,正崴,10,0,10,富邦-苗栗,2024-08-07,9657
2634,漢翔,10,0,10,富邦-苗栗,2024-08-07,9657
3005,神基,10,0,10,富邦-苗栗,2024-08-07,9657
3045,台灣大,10,0,10,富邦-苗栗,2024-08-07,9657
2409,友達,10,0,10,富邦-苗栗,2024-08-07,9657
00881,國泰台灣5G+,11,2,9,富邦-苗栗,2024-08-07,9657
2408,南亞科,9,0,9,富邦-苗栗,2024-08-07,9657
3285,微端,9,0,9,富邦-苗栗,2024-08-07,9657
3312,弘憶股,14,5,9,富邦-苗栗,2024-08-07,9657
2453,凌群,8,0,8,富邦-苗栗,2024-08-07,9657
4540,全球傳動,11,3,8,富邦-苗栗,2024-08-07,9657
4919,新唐,11,3,8,富邦-苗栗,2024-08-07,9657
8271,宇瞻,10,2,8,富邦-苗栗,2024-08-07,9657
1540,喬福,15,7,8,富邦-苗栗,2024-08-07,9657
5347,世界,14,6,8,富邦-苗栗,2024-08-07,9657
6213,聯茂,9,2,7,富邦-苗栗,2024-08-07,9657
0050,元大台灣50,8,1,7,富邦-苗栗,2024-08-07,9657
00927,群益半導體收益,9,2,7,富邦-苗栗,2024-08-07,9657
00946,群益科技高息成長,8,1,7,富邦-苗栗,2024-08-07,9657
3048,益登,13,6,7,富邦-苗栗,2024-08-07,9657
00929,復華台灣科技優息,286,42,244,富邦-苗栗,2024-08-08,9657
00715L,期街口布蘭特正2,230,91,139,富邦-苗栗,2024-08-08,9657
00878,國泰永續高股息,114,14,100,富邦-苗栗,2024-08-08,9657
9907,統一實,100,0,100,富邦-苗栗,2024-08-08,9657
00686R,群益臺灣加權反1,80,0,80,富邦-苗栗,2024-08-08,9657
00915,凱基優選高股息30,58,0,58,富邦-苗栗,2024-08-08,9657
00680L,元大美債20正2,55,2,53,富邦-苗栗,2024-08-08,9657
00830,國泰費城半導體,42,0,42,富邦-苗栗,2024-08-08,9657
2317,鴻海,61,22,39,富邦-苗栗,2024-08-08,9657
2834,臺企銀,38,3,35,富邦-苗栗,2024-08-08,9657
00919,群益台灣精選高息,37,6,31,富邦-苗栗,2024-08-08,9657
2349,錸德,64,37,27,富邦-苗栗,2024-08-08,9657
3419,譁裕,27,0,27,富邦-苗栗,2024-08-08,9657
0050,元大台灣50,28,2,26,富邦-苗栗,2024-08-08,9657
4510,高鋒,62,37,25,富邦-苗栗,2024-08-08,9657
2836,高雄銀,24,0,24,富邦-苗栗,2024-08-08,9657
1815,富喬,26,3,23,富邦-苗栗,2024-08-08,9657
00933B,國泰10Y+金融債,22,0,22,富邦-苗栗,2024-08-08,9657
2886,兆豐金,28,7,21,富邦-苗栗,2024-08-08,9657
6190,萬泰科,20,0,20,富邦-苗栗,2024-08-08,9657
00679B,元大美債20年,24,7,17,富邦-苗栗,2024-08-08,9657
2344,華邦電,17,0,17,富邦-苗栗,2024-08-08,9657
3021,鴻名,17,0,17,富邦-苗栗,2024-08-08,9657
3209,全科,15,0,15,富邦-苗栗,2024-08-08,9657
6282,康舒,15,0,15,富邦-苗栗,2024-08-08,9657
1451,年興,14,0,14,富邦-苗栗,2024-08-08,9657
00935,野村臺灣新科技50,13,0,13,富邦-苗栗,2024-08-08,9657
1301,台塑,13,0,13,富邦-苗栗,2024-08-08,9657
3231,緯創,15,3,12,富邦-苗栗,2024-08-08,9657
00936,台新永續高息中小,14,2,12,富邦-苗栗,2024-08-08,9657
00712,復華富時不動產,11,0,11,富邦-苗栗,2024-08-08,9657
00795B,中信美國公債20年,13,2,11,富邦-苗栗,2024-08-08,9657
9105,泰金寶-DR,11,0,11,富邦-苗栗,2024-08-08,9657
2812,台中銀,10,0,10,富邦-苗栗,2024-08-08,9657
2353,宏��,13,3,10,富邦-苗栗,2024-08-08,9657
2382,廣達,16,6,10,富邦-苗栗,2024-08-08,9657
00671R,富邦NASDAQ反1,10,0,10,富邦-苗栗,2024-08-08,9657
2489,瑞軒,16,6,10,富邦-苗栗,2024-08-08,9657
2897A,王道銀甲特,10,0,10,富邦-苗栗,2024-08-08,9657
3189,景碩,17,7,10,富邦-苗栗,2024-08-08,9657
00946,群益科技高息成長,9,0,9,富邦-苗栗,2024-08-08,9657
00857B,永豐20年美公債,9,0,9,富邦-苗栗,2024-08-08,9657
2329,華泰,13,4,9,富邦-苗栗,2024-08-08,9657
8105,凌巨,9,0,9,富邦-苗栗,2024-08-08,9657
6213,聯茂,8,0,8,富邦-苗栗,2024-08-08,9657
00951,台新日本半導體,8,0,8,富邦-苗栗,2024-08-08,9657
1616,億泰,8,0,8,富邦-苗栗,2024-08-08,9657
2323,中環,8,0,8,富邦-苗栗,2024-08-08,9657
3360,尚立,12,4,8,富邦-苗栗,2024-08-08,9657
3535,晶彩科,13,5,8,富邦-苗栗,2024-08-08,9657
00937B,群益ESG投等債20,335,53,282,富邦-苗栗,2024-08-09,9657
00671R,富邦NASDAQ反1,100,0,100,富邦-苗栗,2024-08-09,9657
00687B,國泰20年美債,55,3,52,富邦-苗栗,2024-08-09,9657
00664R,國泰臺灣加權反1,50,0,50,富邦-苗栗,2024-08-09,9657
2615,萬海,69,20,49,富邦-苗栗,2024-08-09,9657
9907,統一實,43,0,43,富邦-苗栗,2024-08-09,9657
6151,晉倫,35,0,35,富邦-苗栗,2024-08-09,9657
00878,國泰永續高股息,46,13,33,富邦-苗栗,2024-08-09,9657
00676R,富邦臺灣加權反1,132,100,32,富邦-苗栗,2024-08-09,9657
2515,中工,32,0,32,富邦-苗栗,2024-08-09,9657
00679B,元大美債20年,31,1,30,富邦-苗栗,2024-08-09,9657
2834,臺企銀,31,6,25,富邦-苗栗,2024-08-09,9657
00712,復華富時不動產,25,1,24,富邦-苗栗,2024-08-09,9657
2489,瑞軒,32,8,24,富邦-苗栗,2024-08-09,9657
0056,元大高股息,23,2,21,富邦-苗栗,2024-08-09,9657
6152,百一,21,0,21,富邦-苗栗,2024-08-09,9657
4979,華星光,16,0,16,富邦-苗栗,2024-08-09,9657
00642U,期元大S＆P石油,16,0,16,富邦-苗栗,2024-08-09,9657
020033,統一�琤肮黕篾,64,48,16,富邦-苗栗,2024-08-09,9657
00940,元大台灣價值高息,57,41,16,富邦-苗栗,2024-08-09,9657
2429,銘旺科,15,0,15,富邦-苗栗,2024-08-09,9657
2477,美隆電,15,0,15,富邦-苗栗,2024-08-09,9657
3209,全科,15,0,15,富邦-苗栗,2024-08-09,9657
00919,群益台灣精選高息,27,13,14,富邦-苗栗,2024-08-09,9657
2609,陽明,28,14,14,富邦-苗栗,2024-08-09,9657
1451,年興,14,0,14,富邦-苗栗,2024-08-09,9657
1609,大亞,16,3,13,富邦-苗栗,2024-08-09,9657
3047,訊舟,32,20,12,富邦-苗栗,2024-08-09,9657
4114,健喬,13,2,11,富邦-苗栗,2024-08-09,9657
6603,富強鑫,14,3,11,富邦-苗栗,2024-08-09,9657
2409,友達,14,3,11,富邦-苗栗,2024-08-09,9657
3360,尚立,10,0,10,富邦-苗栗,2024-08-09,9657
2353,宏��,21,12,9,富邦-苗栗,2024-08-09,9657
3024,憶聲,10,1,9,富邦-苗栗,2024-08-09,9657
9945,潤泰新,10,1,9,富邦-苗栗,2024-08-09,9657
2313,華通,14,6,8,富邦-苗栗,2024-08-09,9657
6133,金橋,8,0,8,富邦-苗栗,2024-08-09,9657
6274,台燿,8,0,8,富邦-苗栗,2024-08-09,9657
8354,冠好,8,0,8,富邦-苗栗,2024-08-09,9657
8935,邦泰,8,0,8,富邦-苗栗,2024-08-09,9657
3037,欣興,30,23,7,富邦-苗栗,2024-08-09,9657
00680L,元大美債20正2,27,20,7,富邦-苗栗,2024-08-09,9657
00882,中信中國高股息,7,0,7,富邦-苗栗,2024-08-09,9657
2405,輔信,9,2,7,富邦-苗栗,2024-08-09,9657
4995,晶達,7,0,7,富邦-苗栗,2024-08-09,9657
9958,世紀鋼,9,2,7,富邦-苗栗,2024-08-09,9657
2887,台新金,8,1,7,富邦-苗栗,2024-08-09,9657
00900,富邦特選高股息30,16,10,6,富邦-苗栗,2024-08-09,9657
4906,正文,22,16,6,富邦-苗栗,2024-08-09,9657
4927,泰鼎-KY,6,0,6,富邦-苗栗,2024-08-09,9657
0056,元大高股息,110,3,107,富邦-苗栗,2024-08-12,9657
00671R,富邦NASDAQ反1,100,0,100,富邦-苗栗,2024-08-12,9657
00664R,國泰臺灣加權反1,100,0,100,富邦-苗栗,2024-08-12,9657
2312,金寶,115,35,80,富邦-苗栗,2024-08-12,9657
3701,大眾控,80,0,80,富邦-苗栗,2024-08-12,9657
00878,國泰永續高股息,80,2,78,富邦-苗栗,2024-08-12,9657
2605,新興,69,10,59,富邦-苗栗,2024-08-12,9657
5009,榮剛,46,0,46,富邦-苗栗,2024-08-12,9657
00936,台新永續高息中小,41,0,41,富邦-苗栗,2024-08-12,9657
00680L,元大美債20正2,65,27,38,富邦-苗栗,2024-08-12,9657
00934,中信成長高股息,43,12,31,富邦-苗栗,2024-08-12,9657
5243,乙盛-KY,31,1,30,富邦-苗栗,2024-08-12,9657
00929,復華台灣科技優息,32,9,23,富邦-苗栗,2024-08-12,9657
8155,博智,23,0,23,富邦-苗栗,2024-08-12,9657
2892,第一金,22,0,22,富邦-苗栗,2024-08-12,9657
3374,精材,21,0,21,富邦-苗栗,2024-08-12,9657
00679B,元大美債20年,31,10,21,富邦-苗栗,2024-08-12,9657
00945B,凱基美國非投等債,20,0,20,富邦-苗栗,2024-08-12,9657
00642U,期元大S＆P石油,20,0,20,富邦-苗栗,2024-08-12,9657
4533,協易機,24,4,20,富邦-苗栗,2024-08-12,9657
2349,錸德,26,7,19,富邦-苗栗,2024-08-12,9657
3260,威剛,17,0,17,富邦-苗栗,2024-08-12,9657
00712,復華富時不動產,19,2,17,富邦-苗栗,2024-08-12,9657
2359,所羅門,37,21,16,富邦-苗栗,2024-08-12,9657
4562,穎漢,63,47,16,富邦-苗栗,2024-08-12,9657
00715L,期街口布蘭特正2,15,0,15,富邦-苗栗,2024-08-12,9657
00932,兆豐永續高息等權,15,0,15,富邦-苗栗,2024-08-12,9657
6245,立端,15,0,15,富邦-苗栗,2024-08-12,9657
2061,風青,13,0,13,富邦-苗栗,2024-08-12,9657
2014,中鴻,12,0,12,富邦-苗栗,2024-08-12,9657
2883,凱基金,14,2,12,富邦-苗栗,2024-08-12,9657
6658,聯策,12,0,12,富邦-苗栗,2024-08-12,9657
00632R,元大台灣50反1,11,1,10,富邦-苗栗,2024-08-12,9657
1529,樂事綠能,10,0,10,富邦-苗栗,2024-08-12,9657
2506,太設,13,3,10,富邦-苗栗,2024-08-12,9657
4513,福裕,10,0,10,富邦-苗栗,2024-08-12,9657
6151,晉倫,14,4,10,富邦-苗栗,2024-08-12,9657
6689,伊雲谷,10,0,10,富邦-苗栗,2024-08-12,9657
2460,建通,10,0,10,富邦-苗栗,2024-08-12,9657
2301,光寶科,10,2,8,富邦-苗栗,2024-08-12,9657
3379,彬台,9,1,8,富邦-苗栗,2024-08-12,9657
5443,均豪,15,7,8,富邦-苗栗,2024-08-12,9657
8374,羅昇,16,8,8,富邦-苗栗,2024-08-12,9657
2881,富邦金,8,1,7,富邦-苗栗,2024-08-12,9657
3535,晶彩科,22,15,7,富邦-苗栗,2024-08-12,9657
6612,奈米醫材,7,0,7,富邦-苗栗,2024-08-12,9657
00915,凱基優選高股息30,6,0,6,富邦-苗栗,2024-08-12,9657
3047,訊舟,19,13,6,富邦-苗栗,2024-08-12,9657
1463,強盛新,6,0,6,富邦-苗栗,2024-08-12,9657
3313,斐成,6,0,6,富邦-苗栗,2024-08-12,9657
00664R,國泰臺灣加權反1,400,100,300,富邦-苗栗,2024-08-13,9657
00632R,元大台灣50反1,212,0,212,富邦-苗栗,2024-08-13,9657
00679B,元大美債20年,106,1,105,富邦-苗栗,2024-08-13,9657
2880,華南金,72,0,72,富邦-苗栗,2024-08-13,9657
1909,榮成,59,0,59,富邦-苗栗,2024-08-13,9657
00881,國泰台灣5G+,63,5,58,富邦-苗栗,2024-08-13,9657
00929,復華台灣科技優息,53,2,51,富邦-苗栗,2024-08-13,9657
2609,陽明,57,13,44,富邦-苗栗,2024-08-13,9657
3520,華盈,37,0,37,富邦-苗栗,2024-08-13,9657
3576,聯合再生,34,2,32,富邦-苗栗,2024-08-13,9657
00712,復華富時不動產,23,0,23,富邦-苗栗,2024-08-13,9657
9945,潤泰新,34,13,21,富邦-苗栗,2024-08-13,9657
2374,佳能,26,5,21,富邦-苗栗,2024-08-13,9657
2605,新興,20,0,20,富邦-苗栗,2024-08-13,9657
3441,聯一光,20,0,20,富邦-苗栗,2024-08-13,9657
0056,元大高股息,22,2,20,富邦-苗栗,2024-08-13,9657
2317,鴻海,47,28,19,富邦-苗栗,2024-08-13,9657
2419,仲琦,18,0,18,富邦-苗栗,2024-08-13,9657
00900,富邦特選高股息30,17,0,17,富邦-苗栗,2024-08-13,9657
2486,一詮,26,10,16,富邦-苗栗,2024-08-13,9657
1513,中興電,24,9,15,富邦-苗栗,2024-08-13,9657
00687B,國泰20年美債,15,0,15,富邦-苗栗,2024-08-13,9657
2356,英業達,26,12,14,富邦-苗栗,2024-08-13,9657
3062,建漢,34,20,14,富邦-苗栗,2024-08-13,9657
00795B,中信美國公債20年,13,0,13,富邦-苗栗,2024-08-13,9657
2801,彰銀,13,0,13,富邦-苗栗,2024-08-13,9657
00907,永豐優息存股,12,0,12,富邦-苗栗,2024-08-13,9657
1101,台泥,12,0,12,富邦-苗栗,2024-08-13,9657
1314,中石化,12,0,12,富邦-苗栗,2024-08-13,9657
1560,中砂,18,7,11,富邦-苗栗,2024-08-13,9657
2363,矽統,18,7,11,富邦-苗栗,2024-08-13,9657
2103,台橡,10,0,10,富邦-苗栗,2024-08-13,9657
5481,新華,13,3,10,富邦-苗栗,2024-08-13,9657
1597,直得,14,4,10,富邦-苗栗,2024-08-13,9657
1451,年興,9,0,9,富邦-苗栗,2024-08-13,9657
6275,元山,9,0,9,富邦-苗栗,2024-08-13,9657
2301,光寶科,10,2,8,富邦-苗栗,2024-08-13,9657
1531,高林股,8,0,8,富邦-苗栗,2024-08-13,9657
4720,德淵,9,1,8,富邦-苗栗,2024-08-13,9657
1536,和大,15,7,8,富邦-苗栗,2024-08-13,9657
2884,玉山金,7,0,7,富邦-苗栗,2024-08-13,9657
2382,廣達,11,4,7,富邦-苗栗,2024-08-13,9657
4109,加捷生醫,8,1,7,富邦-苗栗,2024-08-13,9657
2812,台中銀,7,0,7,富邦-苗栗,2024-08-13,9657
5880,合庫金,6,0,6,富邦-苗栗,2024-08-13,9657
1301,台塑,6,0,6,富邦-苗栗,2024-08-13,9657
2615,萬海,16,10,6,富邦-苗栗,2024-08-13,9657
3231,緯創,9,3,6,富邦-苗栗,2024-08-13,9657
4532,瑞智,6,0,6,富邦-苗栗,2024-08-13,9657
6207,雷科,17,11,6,富邦-苗栗,2024-08-13,9657
00936,台新永續高息中小,238,0,238,富邦-苗栗,2024-08-14,9657
9907,統一實,149,1,148,富邦-苗栗,2024-08-14,9657
1909,榮成,111,0,111,富邦-苗栗,2024-08-14,9657
3202,樺晟,60,0,60,富邦-苗栗,2024-08-14,9657
00929,復華台灣科技優息,136,80,56,富邦-苗栗,2024-08-14,9657
00632R,元大台灣50反1,52,5,47,富邦-苗栗,2024-08-14,9657
00679B,元大美債20年,45,1,44,富邦-苗栗,2024-08-14,9657
00878,國泰永續高股息,48,4,44,富邦-苗栗,2024-08-14,9657
4919,新唐,45,3,42,富邦-苗栗,2024-08-14,9657
00671R,富邦NASDAQ反1,40,0,40,富邦-苗栗,2024-08-14,9657
00946,群益科技高息成長,37,0,37,富邦-苗栗,2024-08-14,9657
006208,富邦台50,38,1,37,富邦-苗栗,2024-08-14,9657
00891,中信關鍵半導體,26,0,26,富邦-苗栗,2024-08-14,9657
00900,富邦特選高股息30,28,3,25,富邦-苗栗,2024-08-14,9657
1609,大亞,26,1,25,富邦-苗栗,2024-08-14,9657
2359,所羅門,46,23,23,富邦-苗栗,2024-08-14,9657
3021,鴻名,23,0,23,富邦-苗栗,2024-08-14,9657
00687B,國泰20年美債,21,0,21,富邦-苗栗,2024-08-14,9657
00934,中信成長高股息,51,30,21,富邦-苗栗,2024-08-14,9657
2312,金寶,56,36,20,富邦-苗栗,2024-08-14,9657
2419,仲琦,17,0,17,富邦-苗栗,2024-08-14,9657
00715L,期街口布蘭特正2,21,5,16,富邦-苗栗,2024-08-14,9657
2355,敬鵬,21,5,16,富邦-苗栗,2024-08-14,9657
3520,華盈,15,0,15,富邦-苗栗,2024-08-14,9657
6245,立端,15,0,15,富邦-苗栗,2024-08-14,9657
2356,英業達,18,4,14,富邦-苗栗,2024-08-14,9657
6806,森崴能源,17,3,14,富邦-苗栗,2024-08-14,9657
4746,台耀,13,0,13,富邦-苗栗,2024-08-14,9657
2610,華航,17,5,12,富邦-苗栗,2024-08-14,9657
4562,穎漢,28,16,12,富邦-苗栗,2024-08-14,9657
2489,瑞軒,11,0,11,富邦-苗栗,2024-08-14,9657
2464,盟立,14,3,11,富邦-苗栗,2024-08-14,9657
00642U,期元大S＆P石油,11,1,10,富邦-苗栗,2024-08-14,9657
1312,國喬,10,0,10,富邦-苗栗,2024-08-14,9657
2354,鴻準,10,0,10,富邦-苗栗,2024-08-14,9657
3229,晟鈦,10,0,10,富邦-苗栗,2024-08-14,9657
4906,正文,33,23,10,富邦-苗栗,2024-08-14,9657
5443,均豪,15,5,10,富邦-苗栗,2024-08-14,9657
6226,光鼎,10,0,10,富邦-苗栗,2024-08-14,9657
6257,矽格,10,0,10,富邦-苗栗,2024-08-14,9657
9103,美德醫療-DR,10,0,10,富邦-苗栗,2024-08-14,9657
1513,中興電,40,30,10,富邦-苗栗,2024-08-14,9657
00881,國泰台灣5G+,11,2,9,富邦-苗栗,2024-08-14,9657
1608,華榮,11,2,9,富邦-苗栗,2024-08-14,9657
3019,亞光,26,17,9,富邦-苗栗,2024-08-14,9657
3189,景碩,10,1,9,富邦-苗栗,2024-08-14,9657
3313,斐成,9,0,9,富邦-苗栗,2024-08-14,9657
3706,神達,11,2,9,富邦-苗栗,2024-08-14,9657
2061,風青,8,0,8,富邦-苗栗,2024-08-14,9657
8096,擎亞,13,5,8,富邦-苗栗,2024-08-14,9657
00900,富邦特選高股息30,209,0,209,富邦-苗栗,2024-08-15,9657
00881,國泰台灣5G+,139,15,124,富邦-苗栗,2024-08-15,9657
00687B,國泰20年美債,121,20,101,富邦-苗栗,2024-08-15,9657
00679B,元大美債20年,91,0,91,富邦-苗栗,2024-08-15,9657
00882,中信中國高股息,86,0,86,富邦-苗栗,2024-08-15,9657
00688L,國泰20年美債正2,104,22,82,富邦-苗栗,2024-08-15,9657
00919,群益台灣精選高息,66,6,60,富邦-苗栗,2024-08-15,9657
1474,弘裕,44,0,44,富邦-苗栗,2024-08-15,9657
00878,國泰永續高股息,115,75,40,富邦-苗栗,2024-08-15,9657
2312,金寶,42,5,37,富邦-苗栗,2024-08-15,9657
2886,兆豐金,27,3,24,富邦-苗栗,2024-08-15,9657
6152,百一,26,4,22,富邦-苗栗,2024-08-15,9657
00680L,元大美債20正2,27,6,21,富邦-苗栗,2024-08-15,9657
2002,中鋼,16,0,16,富邦-苗栗,2024-08-15,9657
00715L,期街口布蘭特正2,15,0,15,富邦-苗栗,2024-08-15,9657
8049,晶采,15,0,15,富邦-苗栗,2024-08-15,9657
3663,鑫科,48,34,14,富邦-苗栗,2024-08-15,9657
00712,復華富時不動產,14,0,14,富邦-苗栗,2024-08-15,9657
2317,鴻海,47,33,14,富邦-苗栗,2024-08-15,9657
00918,大華優利高填息30,13,0,13,富邦-苗栗,2024-08-15,9657
2489,瑞軒,17,4,13,富邦-苗栗,2024-08-15,9657
2367,燿華,26,13,13,富邦-苗栗,2024-08-15,9657
3537,堡達,12,0,12,富邦-苗栗,2024-08-15,9657
2017,官田鋼,10,0,10,富邦-苗栗,2024-08-15,9657
2027,大成鋼,10,0,10,富邦-苗栗,2024-08-15,9657
2208,台船,10,0,10,富邦-苗栗,2024-08-15,9657
2406,國碩,10,0,10,富邦-苗栗,2024-08-15,9657
8034,榮群,10,0,10,富邦-苗栗,2024-08-15,9657
8054,安國,11,1,10,富邦-苗栗,2024-08-15,9657
3374,精材,23,13,10,富邦-苗栗,2024-08-15,9657
4562,穎漢,26,18,8,富邦-苗栗,2024-08-15,9657
3284,太普高,9,1,8,富邦-苗栗,2024-08-15,9657
1451,年興,8,0,8,富邦-苗栗,2024-08-15,9657
2421,建準,8,0,8,富邦-苗栗,2024-08-15,9657
1584,精剛,9,2,7,富邦-苗栗,2024-08-15,9657
00948B,中信優息投資級債,17,10,7,富邦-苗栗,2024-08-15,9657
1618,合機,7,0,7,富邦-苗栗,2024-08-15,9657
2890,永豐金,7,0,7,富邦-苗栗,2024-08-15,9657
3535,晶彩科,9,2,7,富邦-苗栗,2024-08-15,9657
4561,健椿,18,11,7,富邦-苗栗,2024-08-15,9657
9904,寶成,9,2,7,富邦-苗栗,2024-08-15,9657
1513,中興電,17,11,6,富邦-苗栗,2024-08-15,9657
1101,台泥,6,0,6,富邦-苗栗,2024-08-15,9657
2449,京元電子,10,4,6,富邦-苗栗,2024-08-15,9657
00945B,凱基美國非投等債,5,0,5,富邦-苗栗,2024-08-15,9657
00937B,群益ESG投等債20,66,61,5,富邦-苗栗,2024-08-15,9657
2364,倫飛,5,0,5,富邦-苗栗,2024-08-15,9657
2867,三商壽,5,0,5,富邦-苗栗,2024-08-15,9657
3149,正達,5,0,5,富邦-苗栗,2024-08-15,9657
3313,斐成,5,0,5,富邦-苗栗,2024-08-15,9657
00937B,群益ESG投等債20,222,2,220,富邦-苗栗,2024-08-16,9657
00891,中信關鍵半導體,150,1,149,富邦-苗栗,2024-08-16,9657
00687B,國泰20年美債,108,42,66,富邦-苗栗,2024-08-16,9657
00632R,元大台灣50反1,54,1,53,富邦-苗栗,2024-08-16,9657
00878,國泰永續高股息,64,16,48,富邦-苗栗,2024-08-16,9657
00900,富邦特選高股息30,38,6,32,富邦-苗栗,2024-08-16,9657
3441,聯一光,31,0,31,富邦-苗栗,2024-08-16,9657
00676R,富邦臺灣加權反1,22,0,22,富邦-苗栗,2024-08-16,9657
00679B,元大美債20年,38,17,21,富邦-苗栗,2024-08-16,9657
3715,定穎投控,31,10,21,富邦-苗栗,2024-08-16,9657
2323,中環,26,9,17,富邦-苗栗,2024-08-16,9657
00936,台新永續高息中小,28,13,15,富邦-苗栗,2024-08-16,9657
8043,蜜望實,16,1,15,富邦-苗栗,2024-08-16,9657
4720,德淵,14,0,14,富邦-苗栗,2024-08-16,9657
3284,太普高,11,0,11,富邦-苗栗,2024-08-16,9657
1451,年興,10,0,10,富邦-苗栗,2024-08-16,9657
2421,建準,10,0,10,富邦-苗栗,2024-08-16,9657
3356,奇偶,10,0,10,富邦-苗栗,2024-08-16,9657
3673,TPK-KY,11,1,10,富邦-苗栗,2024-08-16,9657
5222,全訊,10,0,10,富邦-苗栗,2024-08-16,9657
2527,宏璟,9,0,9,富邦-苗栗,2024-08-16,9657
8096,擎亞,24,15,9,富邦-苗栗,2024-08-16,9657
00680L,元大美債20正2,28,20,8,富邦-苗栗,2024-08-16,9657
3537,堡達,8,0,8,富邦-苗栗,2024-08-16,9657
8374,羅昇,35,28,7,富邦-苗栗,2024-08-16,9657
3048,益登,9,2,7,富邦-苗栗,2024-08-16,9657
2486,一詮,42,36,6,富邦-苗栗,2024-08-16,9657
00895,富邦未來車,6,0,6,富邦-苗栗,2024-08-16,9657
2467,志聖,8,2,6,富邦-苗栗,2024-08-16,9657
4555,氣立,6,0,6,富邦-苗栗,2024-08-16,9657
00932,兆豐永續高息等權,5,0,5,富邦-苗栗,2024-08-16,9657
00951,台新日本半導體,5,0,5,富邦-苗栗,2024-08-16,9657
1474,弘裕,5,0,5,富邦-苗栗,2024-08-16,9657
1587,吉茂,5,0,5,富邦-苗栗,2024-08-16,9657
2029,盛餘,5,0,5,富邦-苗栗,2024-08-16,9657
2547,日勝生,5,0,5,富邦-苗栗,2024-08-16,9657
2613,中櫃,5,0,5,富邦-苗栗,2024-08-16,9657
3021,鴻名,5,0,5,富邦-苗栗,2024-08-16,9657
3032,偉訓,5,0,5,富邦-苗栗,2024-08-16,9657
4903,聯光通,10,5,5,富邦-苗栗,2024-08-16,9657
4976,佳凌,5,0,5,富邦-苗栗,2024-08-16,9657
5009,榮剛,10,5,5,富邦-苗栗,2024-08-16,9657
5351,鈺創,5,0,5,富邦-苗栗,2024-08-16,9657
6133,金橋,5,0,5,富邦-苗栗,2024-08-16,9657
6228,全譜,5,0,5,富邦-苗栗,2024-08-16,9657
6278,台表科,5,0,5,富邦-苗栗,2024-08-16,9657
8171,天宇,5,0,5,富邦-苗栗,2024-08-16,9657
6189,豐藝,6,1,5,富邦-苗栗,2024-08-16,9657
2439,美律,5,0,5,富邦-苗栗,2024-08-16,9657
2317,鴻海,15,11,4,富邦-苗栗,2024-08-16,9657
00929,復華台灣科技優息,368,46,322,富邦-苗栗,2024-08-19,9657
00900,富邦特選高股息30,108,0,108,富邦-苗栗,2024-08-19,9657
00712,復華富時不動產,103,8,95,富邦-苗栗,2024-08-19,9657
2405,輔信,102,7,95,富邦-苗栗,2024-08-19,9657
00687B,國泰20年美債,93,0,93,富邦-苗栗,2024-08-19,9657
00937B,群益ESG投等債20,92,0,92,富邦-苗栗,2024-08-19,9657
00878,國泰永續高股息,105,19,86,富邦-苗栗,2024-08-19,9657
00882,中信中國高股息,81,6,75,富邦-苗栗,2024-08-19,9657
00680L,元大美債20正2,60,0,60,富邦-苗栗,2024-08-19,9657
00919,群益台灣精選高息,74,29,45,富邦-苗栗,2024-08-19,9657
9105,泰金寶-DR,36,0,36,富邦-苗栗,2024-08-19,9657
3537,堡達,32,0,32,富邦-苗栗,2024-08-19,9657
00945B,凱基美國非投等債,30,0,30,富邦-苗栗,2024-08-19,9657
2537,聯上發,31,1,30,富邦-苗栗,2024-08-19,9657
2354,鴻準,28,0,28,富邦-苗栗,2024-08-19,9657
00679B,元大美債20年,27,2,25,富邦-苗栗,2024-08-19,9657
2888,新光金,34,10,24,富邦-苗栗,2024-08-19,9657
3047,訊舟,51,29,22,富邦-苗栗,2024-08-19,9657
00921,兆豐龍頭等權重,21,0,21,富邦-苗栗,2024-08-19,9657
00907,永豐優息存股,20,0,20,富邦-苗栗,2024-08-19,9657
1590,亞德客-KY,18,0,18,富邦-苗栗,2024-08-19,9657
2363,矽統,23,5,18,富邦-苗栗,2024-08-19,9657
00715L,期街口布蘭特正2,26,9,17,富邦-苗栗,2024-08-19,9657
2374,佳能,49,32,17,富邦-苗栗,2024-08-19,9657
2062,橋椿,108,92,16,富邦-苗栗,2024-08-19,9657
2881,富邦金,17,2,15,富邦-苗栗,2024-08-19,9657
6133,金橋,15,0,15,富邦-苗栗,2024-08-19,9657
8096,擎亞,17,3,14,富邦-苗栗,2024-08-19,9657
2359,所羅門,60,47,13,富邦-苗栗,2024-08-19,9657
1471,首利,13,0,13,富邦-苗栗,2024-08-19,9657
1609,大亞,13,0,13,富邦-苗栗,2024-08-19,9657
3021,鴻名,12,0,12,富邦-苗栗,2024-08-19,9657
4716,大立,12,0,12,富邦-苗栗,2024-08-19,9657
00923,群益台ESG低碳50,12,0,12,富邦-苗栗,2024-08-19,9657
1451,年興,12,1,11,富邦-苗栗,2024-08-19,9657
2884,玉山金,11,0,11,富邦-苗栗,2024-08-19,9657
00674R,期元大S＆P黃金反1,10,0,10,富邦-苗栗,2024-08-19,9657
00887,永豐中國科技50大,10,0,10,富邦-苗栗,2024-08-19,9657
3419,譁裕,10,0,10,富邦-苗栗,2024-08-19,9657
4720,德淵,10,0,10,富邦-苗栗,2024-08-19,9657
8043,蜜望實,20,10,10,富邦-苗栗,2024-08-19,9657
9904,寶成,10,0,10,富邦-苗栗,2024-08-19,9657
5905,南仁湖,20,11,9,富邦-苗栗,2024-08-19,9657
8028,昇陽半導體,28,19,9,富邦-苗栗,2024-08-19,9657
3645,達邁,11,2,9,富邦-苗栗,2024-08-19,9657
1611,中電,9,1,8,富邦-苗栗,2024-08-19,9657
2344,華邦電,10,2,8,富邦-苗栗,2024-08-19,9657
3498,陽程,8,0,8,富邦-苗栗,2024-08-19,9657
00857B,永豐20年美公債,7,0,7,富邦-苗栗,2024-08-19,9657
00948B,中信優息投資級債,7,0,7,富邦-苗栗,2024-08-19,9657
0056,元大高股息,123,52,71,富邦-苗栗,2024-08-20,9657
00715L,期街口布蘭特正2,67,5,62,富邦-苗栗,2024-08-20,9657
00919,群益台灣精選高息,59,3,56,富邦-苗栗,2024-08-20,9657
3419,譁裕,51,0,51,富邦-苗栗,2024-08-20,9657
00907,永豐優息存股,50,0,50,富邦-苗栗,2024-08-20,9657
3231,緯創,47,1,46,富邦-苗栗,2024-08-20,9657
2881,富邦金,51,5,46,富邦-苗栗,2024-08-20,9657
2356,英業達,43,0,43,富邦-苗栗,2024-08-20,9657
3062,建漢,43,3,40,富邦-苗栗,2024-08-20,9657
00929,復華台灣科技優息,89,51,38,富邦-苗栗,2024-08-20,9657
2010,春源,37,0,37,富邦-苗栗,2024-08-20,9657
3441,聯一光,39,5,34,富邦-苗栗,2024-08-20,9657
00680L,元大美債20正2,33,0,33,富邦-苗栗,2024-08-20,9657
00688L,國泰20年美債正2,30,0,30,富邦-苗栗,2024-08-20,9657
1455,集盛,30,0,30,富邦-苗栗,2024-08-20,9657
00687B,國泰20年美債,30,2,28,富邦-苗栗,2024-08-20,9657
3520,華盈,26,0,26,富邦-苗栗,2024-08-20,9657
00632R,元大台灣50反1,25,0,25,富邦-苗栗,2024-08-20,9657
4919,新唐,23,1,22,富邦-苗栗,2024-08-20,9657
2349,錸德,42,21,21,富邦-苗栗,2024-08-20,9657
2362,藍天,21,0,21,富邦-苗栗,2024-08-20,9657
1531,高林股,21,0,21,富邦-苗栗,2024-08-20,9657
6142,友勁,22,1,21,富邦-苗栗,2024-08-20,9657
2477,美隆電,18,0,18,富邦-苗栗,2024-08-20,9657
2342,茂矽,17,0,17,富邦-苗栗,2024-08-20,9657
2393,億光,15,0,15,富邦-苗栗,2024-08-20,9657
00665L,富邦�琤肭磪囓�2,15,0,15,富邦-苗栗,2024-08-20,9657
00690,兆豐藍籌30,15,0,15,富邦-苗栗,2024-08-20,9657
00931B,統一美債20年,13,0,13,富邦-苗栗,2024-08-20,9657
1474,弘裕,13,0,13,富邦-苗栗,2024-08-20,9657
2352,佳世達,13,0,13,富邦-苗栗,2024-08-20,9657
2417,圓剛,13,0,13,富邦-苗栗,2024-08-20,9657
3047,訊舟,42,29,13,富邦-苗栗,2024-08-20,9657
2883,凱基金,19,6,13,富邦-苗栗,2024-08-20,9657
00764B,群益25年美債,12,0,12,富邦-苗栗,2024-08-20,9657
6133,金橋,11,0,11,富邦-苗栗,2024-08-20,9657
00910,第一金太空衛星,11,0,11,富邦-苗栗,2024-08-20,9657
1785,光洋科,18,7,11,富邦-苗栗,2024-08-20,9657
4909,新復興,14,3,11,富邦-苗栗,2024-08-20,9657
2464,盟立,36,26,10,富邦-苗栗,2024-08-20,9657
00945B,凱基美國非投等債,10,0,10,富邦-苗栗,2024-08-20,9657
00722B,群益投資級電信債,10,0,10,富邦-苗栗,2024-08-20,9657
00772B,中信高評級公司債,10,0,10,富邦-苗栗,2024-08-20,9657
2069,運錩,10,0,10,富邦-苗栗,2024-08-20,9657
5512,力麒,10,0,10,富邦-苗栗,2024-08-20,9657
9902,台火,10,0,10,富邦-苗栗,2024-08-20,9657
2609,陽明,14,5,9,富邦-苗栗,2024-08-20,9657
4716,大立,10,1,9,富邦-苗栗,2024-08-20,9657
4906,正文,16,7,9,富邦-苗栗,2024-08-20,9657
2317,鴻海,24,16,8,富邦-苗栗,2024-08-20,9657
00946,群益科技高息成長,314,0,314,富邦-苗栗,2024-08-21,9657
00937B,群益ESG投等債20,114,6,108,富邦-苗栗,2024-08-21,9657
2891,中信金,98,2,96,富邦-苗栗,2024-08-21,9657
00878,國泰永續高股息,103,14,89,富邦-苗栗,2024-08-21,9657
00688L,國泰20年美債正2,140,60,80,富邦-苗栗,2024-08-21,9657
00929,復華台灣科技優息,87,34,53,富邦-苗栗,2024-08-21,9657
00715L,期街口布蘭特正2,47,1,46,富邦-苗栗,2024-08-21,9657
4716,大立,125,79,46,富邦-苗栗,2024-08-21,9657
00687B,國泰20年美債,39,0,39,富邦-苗栗,2024-08-21,9657
00919,群益台灣精選高息,46,14,32,富邦-苗栗,2024-08-21,9657
00953B,群益優選非投等債,31,0,31,富邦-苗栗,2024-08-21,9657
4109,加捷生醫,27,0,27,富邦-苗栗,2024-08-21,9657
2888,新光金,296,269,27,富邦-苗栗,2024-08-21,9657
4155,訊映,26,0,26,富邦-苗栗,2024-08-21,9657
4526,東台,48,22,26,富邦-苗栗,2024-08-21,9657
00679B,元大美債20年,28,3,25,富邦-苗栗,2024-08-21,9657
3520,華盈,25,0,25,富邦-苗栗,2024-08-21,9657
3580,友威科,32,10,22,富邦-苗栗,2024-08-21,9657
2419,仲琦,20,0,20,富邦-苗栗,2024-08-21,9657
4919,新唐,21,1,20,富邦-苗栗,2024-08-21,9657
2498,宏達電,30,10,20,富邦-苗栗,2024-08-21,9657
00923,群益台ESG低碳50,17,0,17,富邦-苗栗,2024-08-21,9657
2342,茂矽,17,0,17,富邦-苗栗,2024-08-21,9657
6156,松上,19,2,17,富邦-苗栗,2024-08-21,9657
3535,晶彩科,34,18,16,富邦-苗栗,2024-08-21,9657
00632R,元大台灣50反1,15,0,15,富邦-苗栗,2024-08-21,9657
00881,國泰台灣5G+,18,3,15,富邦-苗栗,2024-08-21,9657
8107,大億金茂,14,0,14,富邦-苗栗,2024-08-21,9657
00830,國泰費城半導體,13,0,13,富邦-苗栗,2024-08-21,9657
2363,矽統,15,2,13,富邦-苗栗,2024-08-21,9657
1609,大亞,28,16,12,富邦-苗栗,2024-08-21,9657
00918,大華優利高填息30,11,0,11,富邦-苗栗,2024-08-21,9657
2243,宏旭-KY,15,4,11,富邦-苗栗,2024-08-21,9657
3363,上詮,12,1,11,富邦-苗栗,2024-08-21,9657
3593,力銘,11,0,11,富邦-苗栗,2024-08-21,9657
8054,安國,10,0,10,富邦-苗栗,2024-08-21,9657
00671R,富邦NASDAQ反1,10,0,10,富邦-苗栗,2024-08-21,9657
2883,凱基金,12,2,10,富邦-苗栗,2024-08-21,9657
3163,波若威,17,7,10,富邦-苗栗,2024-08-21,9657
3419,譁裕,15,5,10,富邦-苗栗,2024-08-21,9657
2489,瑞軒,10,0,10,富邦-苗栗,2024-08-21,9657
5347,世界,12,2,10,富邦-苗栗,2024-08-21,9657
2886,兆豐金,9,0,9,富邦-苗栗,2024-08-21,9657
3293,鈊象,11,2,9,富邦-苗栗,2024-08-21,9657
2330,台積電,9,1,8,富邦-苗栗,2024-08-21,9657
6770,力積電,14,6,8,富邦-苗栗,2024-08-21,9657
2356,英業達,12,4,8,富邦-苗栗,2024-08-21,9657
8440,綠電,12,4,8,富邦-苗栗,2024-08-21,9657
2331,精英,8,0,8,富邦-苗栗,2024-08-21,9657
2352,佳世達,10,2,8,富邦-苗栗,2024-08-21,9657
00907,永豐優息存股,201,0,201,富邦-苗栗,2024-08-22,9657
0056,元大高股息,106,1,105,富邦-苗栗,2024-08-22,9657
2349,錸德,156,77,79,富邦-苗栗,2024-08-22,9657
00680L,元大美債20正2,73,0,73,富邦-苗栗,2024-08-22,9657
00878,國泰永續高股息,49,0,49,富邦-苗栗,2024-08-22,9657
00715L,期街口布蘭特正2,47,0,47,富邦-苗栗,2024-08-22,9657
00919,群益台灣精選高息,46,1,45,富邦-苗栗,2024-08-22,9657
8131,福懋科,30,0,30,富邦-苗栗,2024-08-22,9657
1584,精剛,31,4,27,富邦-苗栗,2024-08-22,9657
00929,復華台灣科技優息,63,41,22,富邦-苗栗,2024-08-22,9657
2610,華航,24,3,21,富邦-苗栗,2024-08-22,9657
00953B,群益優選非投等債,21,0,21,富邦-苗栗,2024-08-22,9657
00632R,元大台灣50反1,20,0,20,富邦-苗栗,2024-08-22,9657
2356,英業達,21,2,19,富邦-苗栗,2024-08-22,9657
3044,健鼎,17,0,17,富邦-苗栗,2024-08-22,9657
2891,中信金,27,10,17,富邦-苗栗,2024-08-22,9657
3047,訊舟,39,23,16,富邦-苗栗,2024-08-22,9657
4155,訊映,16,0,16,富邦-苗栗,2024-08-22,9657
2408,南亞科,16,0,16,富邦-苗栗,2024-08-22,9657
2883,凱基金,16,0,16,富邦-苗栗,2024-08-22,9657
1513,中興電,25,9,16,富邦-苗栗,2024-08-22,9657
2890,永豐金,20,5,15,富邦-苗栗,2024-08-22,9657
8107,大億金茂,14,0,14,富邦-苗栗,2024-08-22,9657
3537,堡達,12,0,12,富邦-苗栗,2024-08-22,9657
00945B,凱基美國非投等債,10,0,10,富邦-苗栗,2024-08-22,9657
00951,台新日本半導體,10,0,10,富邦-苗栗,2024-08-22,9657
1219,福壽,10,0,10,富邦-苗栗,2024-08-22,9657
1742,台蠟,10,0,10,富邦-苗栗,2024-08-22,9657
2509,全坤建,10,0,10,富邦-苗栗,2024-08-22,9657
6274,台燿,10,0,10,富邦-苗栗,2024-08-22,9657
2881,富邦金,20,11,9,富邦-苗栗,2024-08-22,9657
6288,聯嘉,9,0,9,富邦-苗栗,2024-08-22,9657
6603,富強鑫,10,1,9,富邦-苗栗,2024-08-22,9657
6732,昇佳電子,9,0,9,富邦-苗栗,2024-08-22,9657
9904,寶成,9,0,9,富邦-苗栗,2024-08-22,9657
00900,富邦特選高股息30,9,1,8,富邦-苗栗,2024-08-22,9657
2464,盟立,8,0,8,富邦-苗栗,2024-08-22,9657
00940,元大台灣價值高息,19,11,8,富邦-苗栗,2024-08-22,9657
1616,億泰,8,0,8,富邦-苗栗,2024-08-22,9657
1809,中釉,10,2,8,富邦-苗栗,2024-08-22,9657
2486,一詮,7,0,7,富邦-苗栗,2024-08-22,9657
4909,新復興,7,0,7,富邦-苗栗,2024-08-22,9657
1514,亞力,17,10,7,富邦-苗栗,2024-08-22,9657
00642U,期元大S＆P石油,7,0,7,富邦-苗栗,2024-08-22,9657
1785,光洋科,10,3,7,富邦-苗栗,2024-08-22,9657
2885,元大金,7,0,7,富邦-苗栗,2024-08-22,9657
4572,駐龍,7,0,7,富邦-苗栗,2024-08-22,9657
6877,鏵友益,8,1,7,富邦-苗栗,2024-08-22,9657
6869,雲豹能源,10,3,7,富邦-苗栗,2024-08-22,9657
6125,廣運,44,37,7,富邦-苗栗,2024-08-22,9657
00680L,元大美債20正2,90,7,83,富邦-苗栗,2024-08-23,9657
00937B,群益ESG投等債20,71,0,71,富邦-苗栗,2024-08-23,9657
2891,中信金,46,3,43,富邦-苗栗,2024-08-23,9657
3059,華晶科,47,6,41,富邦-苗栗,2024-08-23,9657
00830,國泰費城半導體,38,0,38,富邦-苗栗,2024-08-23,9657
8249,菱光,35,0,35,富邦-苗栗,2024-08-23,9657
00687B,國泰20年美債,30,0,30,富邦-苗栗,2024-08-23,9657
3615,安可,53,28,25,富邦-苗栗,2024-08-23,9657
2542,興富發,25,1,24,富邦-苗栗,2024-08-23,9657
00679B,元大美債20年,41,19,22,富邦-苗栗,2024-08-23,9657
3312,弘憶股,22,0,22,富邦-苗栗,2024-08-23,9657
00929,復華台灣科技優息,40,18,22,富邦-苗栗,2024-08-23,9657
3419,譁裕,20,0,20,富邦-苗栗,2024-08-23,9657
5371,中光電,18,0,18,富邦-苗栗,2024-08-23,9657
2363,矽統,20,3,17,富邦-苗栗,2024-08-23,9657
6235,華孚,23,6,17,富邦-苗栗,2024-08-23,9657
1708,東鹼,20,4,16,富邦-苗栗,2024-08-23,9657
2337,旺宏,15,0,15,富邦-苗栗,2024-08-23,9657
00688L,國泰20年美債正2,15,0,15,富邦-苗栗,2024-08-23,9657
00715L,期街口布蘭特正2,26,11,15,富邦-苗栗,2024-08-23,9657
6689,伊雲谷,16,1,15,富邦-苗栗,2024-08-23,9657
2356,英業達,27,13,14,富邦-苗栗,2024-08-23,9657
1314,中石化,17,5,12,富邦-苗栗,2024-08-23,9657
6177,達麗,12,0,12,富邦-苗栗,2024-08-23,9657
00940,元大台灣價值高息,12,0,12,富邦-苗栗,2024-08-23,9657
5309,系統電,14,3,11,富邦-苗栗,2024-08-23,9657
00712,復華富時不動產,11,0,11,富邦-苗栗,2024-08-23,9657
2489,瑞軒,13,2,11,富邦-苗栗,2024-08-23,9657
8071,能率網通,11,0,11,富邦-苗栗,2024-08-23,9657
2885,元大金,11,0,11,富邦-苗栗,2024-08-23,9657
1721,三晃,13,3,10,富邦-苗栗,2024-08-23,9657
1806,冠軍,10,0,10,富邦-苗栗,2024-08-23,9657
2323,中環,10,0,10,富邦-苗栗,2024-08-23,9657
2392,正崴,10,0,10,富邦-苗栗,2024-08-23,9657
2476,鉅祥,10,0,10,富邦-苗栗,2024-08-23,9657
2477,美隆電,10,0,10,富邦-苗栗,2024-08-23,9657
3712,永崴投控,10,0,10,富邦-苗栗,2024-08-23,9657
6834,天二科技,10,0,10,富邦-苗栗,2024-08-23,9657
8011,台通,10,0,10,富邦-苗栗,2024-08-23,9657
2330,台積電,12,3,9,富邦-苗栗,2024-08-23,9657
1513,中興電,10,1,9,富邦-苗栗,2024-08-23,9657
9105,泰金寶-DR,9,0,9,富邦-苗栗,2024-08-23,9657
4906,正文,32,23,9,富邦-苗栗,2024-08-23,9657
3189,景碩,10,2,8,富邦-苗栗,2024-08-23,9657
6770,力積電,8,0,8,富邦-苗栗,2024-08-23,9657
00946,群益科技高息成長,11,3,8,富邦-苗栗,2024-08-23,9657
3535,晶彩科,9,1,8,富邦-苗栗,2024-08-23,9657
4714,永捷,8,0,8,富邦-苗栗,2024-08-23,9657
00878,國泰永續高股息,9,1,8,富邦-苗栗,2024-08-23,9657
8390,金益鼎,7,0,7,富邦-苗栗,2024-08-23,9657
2409,友達,147,12,135,富邦-苗栗,2024-08-26,9657
00933B,國泰10Y+金融債,73,5,68,富邦-苗栗,2024-08-26,9657
00929,復華台灣科技優息,112,44,68,富邦-苗栗,2024-08-26,9657
00680L,元大美債20正2,65,0,65,富邦-苗栗,2024-08-26,9657
00940,元大台灣價值高息,67,22,45,富邦-苗栗,2024-08-26,9657
4919,新唐,30,0,30,富邦-苗栗,2024-08-26,9657
2317,鴻海,37,11,26,富邦-苗栗,2024-08-26,9657
2349,錸德,35,10,25,富邦-苗栗,2024-08-26,9657
2365,昆盈,40,18,22,富邦-苗栗,2024-08-26,9657
00931B,統一美債20年,20,0,20,富邦-苗栗,2024-08-26,9657
1711,永光,35,16,19,富邦-苗栗,2024-08-26,9657
00687B,國泰20年美債,19,0,19,富邦-苗栗,2024-08-26,9657
1597,直得,17,0,17,富邦-苗栗,2024-08-26,9657
3607,谷崧,16,0,16,富邦-苗栗,2024-08-26,9657
6869,雲豹能源,18,2,16,富邦-苗栗,2024-08-26,9657
3402,漢科,12,0,12,富邦-苗栗,2024-08-26,9657
3092,鴻碩,12,0,12,富邦-苗栗,2024-08-26,9657
4549,桓達,12,0,12,富邦-苗栗,2024-08-26,9657
2883B,凱基金乙特,12,0,12,富邦-苗栗,2024-08-26,9657
3374,精材,13,2,11,富邦-苗栗,2024-08-26,9657
4513,福裕,13,2,11,富邦-苗栗,2024-08-26,9657
4906,正文,30,19,11,富邦-苗栗,2024-08-26,9657
2061,風青,10,0,10,富邦-苗栗,2024-08-26,9657
3138,耀登,10,0,10,富邦-苗栗,2024-08-26,9657
3686,達能,10,0,10,富邦-苗栗,2024-08-26,9657
2486,一詮,17,8,9,富邦-苗栗,2024-08-26,9657
2363,矽統,10,1,9,富邦-苗栗,2024-08-26,9657
2402,毅嘉,14,5,9,富邦-苗栗,2024-08-26,9657
3167,大量,10,1,9,富邦-苗栗,2024-08-26,9657
8043,蜜望實,11,2,9,富邦-苗栗,2024-08-26,9657
9945,潤泰新,10,1,9,富邦-苗栗,2024-08-26,9657
2388,威盛,12,4,8,富邦-苗栗,2024-08-26,9657
3652,精聯,13,5,8,富邦-苗栗,2024-08-26,9657
4562,穎漢,9,1,8,富邦-苗栗,2024-08-26,9657
3189,景碩,9,2,7,富邦-苗栗,2024-08-26,9657
3522,御嵿,7,0,7,富邦-苗栗,2024-08-26,9657
6664,群翊,7,0,7,富邦-苗栗,2024-08-26,9657
2887,台新金,15,9,6,富邦-苗栗,2024-08-26,9657
5484,慧友,6,0,6,富邦-苗栗,2024-08-26,9657
5905,南仁湖,6,0,6,富邦-苗栗,2024-08-26,9657
2401,凌陽,11,5,6,富邦-苗栗,2024-08-26,9657
2634,漢翔,7,1,6,富邦-苗栗,2024-08-26,9657
3013,晟銘電,10,4,6,富邦-苗栗,2024-08-26,9657
3441,聯一光,6,0,6,富邦-苗栗,2024-08-26,9657
4927,泰鼎-KY,6,0,6,富邦-苗栗,2024-08-26,9657
8210,勤誠,7,1,6,富邦-苗栗,2024-08-26,9657
2464,盟立,7,2,5,富邦-苗栗,2024-08-26,9657
8028,昇陽半導體,18,13,5,富邦-苗栗,2024-08-26,9657
2382,廣達,6,1,5,富邦-苗栗,2024-08-26,9657
00637L,元大滬深300正2,5,0,5,富邦-苗栗,2024-08-26,9657
1528,恩德,142,3,139,富邦-苗栗,2024-08-27,9657
3481,群創,122,12,110,富邦-苗栗,2024-08-27,9657
00929,復華台灣科技優息,66,1,65,富邦-苗栗,2024-08-27,9657
00680L,元大美債20正2,52,0,52,富邦-苗栗,2024-08-27,9657
00676R,富邦臺灣加權反1,140,100,40,富邦-苗栗,2024-08-27,9657
2108,南帝,40,0,40,富邦-苗栗,2024-08-27,9657
1455,集盛,35,0,35,富邦-苗栗,2024-08-27,9657
4919,新唐,30,0,30,富邦-苗栗,2024-08-27,9657
6160,欣技,30,0,30,富邦-苗栗,2024-08-27,9657
2845,遠東銀,26,0,26,富邦-苗栗,2024-08-27,9657
6438,迅得,29,3,26,富邦-苗栗,2024-08-27,9657
2374,佳能,27,1,26,富邦-苗栗,2024-08-27,9657
00679B,元大美債20年,24,0,24,富邦-苗栗,2024-08-27,9657
00878,國泰永續高股息,29,5,24,富邦-苗栗,2024-08-27,9657
00688L,國泰20年美債正2,27,5,22,富邦-苗栗,2024-08-27,9657
1301,台塑,20,0,20,富邦-苗栗,2024-08-27,9657
3059,華晶科,20,0,20,富邦-苗栗,2024-08-27,9657
3550,聯穎,22,2,20,富邦-苗栗,2024-08-27,9657
2324,仁寶,28,10,18,富邦-苗栗,2024-08-27,9657
4576,大銀微系統,18,0,18,富邦-苗栗,2024-08-27,9657
2891,中信金,18,1,17,富邦-苗栗,2024-08-27,9657
00830,國泰費城半導體,16,0,16,富邦-苗栗,2024-08-27,9657
00940,元大台灣價值高息,21,5,16,富邦-苗栗,2024-08-27,9657
00931B,統一美債20年,15,0,15,富邦-苗栗,2024-08-27,9657
1474,弘裕,15,0,15,富邦-苗栗,2024-08-27,9657
3419,譁裕,15,0,15,富邦-苗栗,2024-08-27,9657
3033,威健,14,0,14,富邦-苗栗,2024-08-27,9657
3673,TPK-KY,20,7,13,富邦-苗栗,2024-08-27,9657
6133,金橋,13,0,13,富邦-苗栗,2024-08-27,9657
6612,奈米醫材,13,0,13,富邦-苗栗,2024-08-27,9657
5469,瀚宇博,12,0,12,富邦-苗栗,2024-08-27,9657
8341,日友,12,0,12,富邦-苗栗,2024-08-27,9657
1531,高林股,11,0,11,富邦-苗栗,2024-08-27,9657
2062,橋椿,13,2,11,富邦-苗栗,2024-08-27,9657
2363,矽統,16,5,11,富邦-苗栗,2024-08-27,9657
3686,達能,11,0,11,富邦-苗栗,2024-08-27,9657
4540,全球傳動,12,1,11,富邦-苗栗,2024-08-27,9657
00937B,群益ESG投等債20,11,1,10,富邦-苗栗,2024-08-27,9657
6207,雷科,11,1,10,富邦-苗栗,2024-08-27,9657
6209,今國光,10,0,10,富邦-苗栗,2024-08-27,9657
6579,研揚,10,0,10,富邦-苗栗,2024-08-27,9657
6598,ABC-KY,10,0,10,富邦-苗栗,2024-08-27,9657
1776,展宇,9,0,9,富邦-苗栗,2024-08-27,9657
0056,元大高股息,12,3,9,富邦-苗栗,2024-08-27,9657
3581,博磊,10,2,8,富邦-苗栗,2024-08-27,9657
4906,正文,16,8,8,富邦-苗栗,2024-08-27,9657
6151,晉倫,10,2,8,富邦-苗栗,2024-08-27,9657
00687B,國泰20年美債,8,0,8,富邦-苗栗,2024-08-27,9657
2327,國巨,7,0,7,富邦-苗栗,2024-08-27,9657
00642U,期元大S＆P石油,7,0,7,富邦-苗栗,2024-08-27,9657
00929,復華台灣科技優息,87,10,77,富邦-苗栗,2024-08-28,9657
4123,晟德,50,0,50,富邦-苗栗,2024-08-28,9657
00946,群益科技高息成長,58,13,45,富邦-苗栗,2024-08-28,9657
5443,均豪,50,16,34,富邦-苗栗,2024-08-28,9657
6160,欣技,30,0,30,富邦-苗栗,2024-08-28,9657
2324,仁寶,28,1,27,富邦-苗栗,2024-08-28,9657
8064,東捷,51,25,26,富邦-苗栗,2024-08-28,9657
00937B,群益ESG投等債20,25,0,25,富邦-苗栗,2024-08-28,9657
2402,毅嘉,30,5,25,富邦-苗栗,2024-08-28,9657
2891,中信金,35,10,25,富邦-苗栗,2024-08-28,9657
00900,富邦特選高股息30,24,0,24,富邦-苗栗,2024-08-28,9657
00688L,國泰20年美債正2,21,0,21,富邦-苗栗,2024-08-28,9657
00753L,中信中國50正2,20,0,20,富邦-苗栗,2024-08-28,9657
00959B,大華投等美債15Y+,20,0,20,富邦-苗栗,2024-08-28,9657
4919,新唐,22,2,20,富邦-苗栗,2024-08-28,9657
1531,高林股,18,0,18,富邦-苗栗,2024-08-28,9657
3092,鴻碩,17,0,17,富邦-苗栗,2024-08-28,9657
00878,國泰永續高股息,21,5,16,富邦-苗栗,2024-08-28,9657
3686,達能,15,0,15,富邦-苗栗,2024-08-28,9657
6770,力積電,15,1,14,富邦-苗栗,2024-08-28,9657
8039,台虹,14,0,14,富邦-苗栗,2024-08-28,9657
00713,元大台灣高息低波,13,0,13,富邦-苗栗,2024-08-28,9657
1539,巨庭,13,1,12,富邦-苗栗,2024-08-28,9657
2892,第一金,12,0,12,富邦-苗栗,2024-08-28,9657
2883B,凱基金乙特,12,0,12,富邦-苗栗,2024-08-28,9657
00936,台新永續高息中小,11,0,11,富邦-苗栗,2024-08-28,9657
2352,佳世達,11,0,11,富邦-苗栗,2024-08-28,9657
2365,昆盈,17,6,11,富邦-苗栗,2024-08-28,9657
4128,中天,12,1,11,富邦-苗栗,2024-08-28,9657
4909,新復興,11,0,11,富邦-苗栗,2024-08-28,9657
6133,金橋,12,1,11,富邦-苗栗,2024-08-28,9657
8011,台通,19,8,11,富邦-苗栗,2024-08-28,9657
3028,增你強,10,0,10,富邦-苗栗,2024-08-28,9657
00680L,元大美債20正2,10,0,10,富邦-苗栗,2024-08-28,9657
1312,國喬,10,0,10,富邦-苗栗,2024-08-28,9657
2017,官田鋼,10,0,10,富邦-苗栗,2024-08-28,9657
2323,中環,10,0,10,富邦-苗栗,2024-08-28,9657
3673,TPK-KY,11,1,10,富邦-苗栗,2024-08-28,9657
6877,鏵友益,11,1,10,富邦-苗栗,2024-08-28,9657
1776,展宇,13,4,9,富邦-苗栗,2024-08-28,9657
2834,臺企銀,9,0,9,富邦-苗栗,2024-08-28,9657
9902,台火,10,1,9,富邦-苗栗,2024-08-28,9657
6443,元晶,8,0,8,富邦-苗栗,2024-08-28,9657
1528,恩德,8,1,7,富邦-苗栗,2024-08-28,9657
2303,聯電,10,3,7,富邦-苗栗,2024-08-28,9657
6612,奈米醫材,7,0,7,富邦-苗栗,2024-08-28,9657
2367,燿華,36,29,7,富邦-苗栗,2024-08-28,9657
6151,晉倫,10,3,7,富邦-苗栗,2024-08-28,9657
3163,波若威,16,10,6,富邦-苗栗,2024-08-28,9657
2520,冠德,6,0,6,富邦-苗栗,2024-08-28,9657
00937B,群益ESG投等債20,399,1,398,富邦-苗栗,2024-08-29,9657
1312,國喬,140,0,140,富邦-苗栗,2024-08-29,9657
00637L,元大滬深300正2,115,0,115,富邦-苗栗,2024-08-29,9657
00946,群益科技高息成長,55,0,55,富邦-苗栗,2024-08-29,9657
00887,永豐中國科技50大,50,0,50,富邦-苗栗,2024-08-29,9657
4729,熒茂,40,0,40,富邦-苗栗,2024-08-29,9657
2891,中信金,46,10,36,富邦-苗栗,2024-08-29,9657
3491,昇達科,36,1,35,富邦-苗栗,2024-08-29,9657
4510,高鋒,75,42,33,富邦-苗栗,2024-08-29,9657
00830,國泰費城半導體,33,1,32,富邦-苗栗,2024-08-29,9657
00923,群益台ESG低碳50,30,0,30,富邦-苗栗,2024-08-29,9657
00959B,大華投等美債15Y+,25,0,25,富邦-苗栗,2024-08-29,9657
3059,華晶科,23,0,23,富邦-苗栗,2024-08-29,9657
00680L,元大美債20正2,22,0,22,富邦-苗栗,2024-08-29,9657
2356,英業達,24,3,21,富邦-苗栗,2024-08-29,9657
2610,華航,25,4,21,富邦-苗栗,2024-08-29,9657
3057,喬鼎,18,0,18,富邦-苗栗,2024-08-29,9657
3550,聯穎,25,7,18,富邦-苗栗,2024-08-29,9657
00679B,元大美債20年,18,0,18,富邦-苗栗,2024-08-29,9657
2330,台積電,17,1,16,富邦-苗栗,2024-08-29,9657
00688L,國泰20年美債正2,16,0,16,富邦-苗栗,2024-08-29,9657
00942B,台新美A公司債20+,15,0,15,富邦-苗栗,2024-08-29,9657
1455,集盛,15,0,15,富邦-苗栗,2024-08-29,9657
2834,臺企銀,15,1,14,富邦-苗栗,2024-08-29,9657
8341,日友,14,0,14,富邦-苗栗,2024-08-29,9657
00940,元大台灣價值高息,19,5,14,富邦-苗栗,2024-08-29,9657
3686,達能,12,0,12,富邦-苗栗,2024-08-29,9657
00878,國泰永續高股息,19,7,12,富邦-苗栗,2024-08-29,9657
5880,合庫金,12,1,11,富邦-苗栗,2024-08-29,9657
00720B,元大投資級公司債,11,0,11,富邦-苗栗,2024-08-29,9657
3105,穩懋,12,2,10,富邦-苗栗,2024-08-29,9657
2208,台船,10,0,10,富邦-苗栗,2024-08-29,9657
2483,百容,10,0,10,富邦-苗栗,2024-08-29,9657
3607,谷崧,10,0,10,富邦-苗栗,2024-08-29,9657
9907,統一實,10,0,10,富邦-苗栗,2024-08-29,9657
1316,上曜,10,0,10,富邦-苗栗,2024-08-29,9657
2425,承啟,23,13,10,富邦-苗栗,2024-08-29,9657
00881,國泰台灣5G+,9,0,9,富邦-苗栗,2024-08-29,9657
1776,展宇,9,0,9,富邦-苗栗,2024-08-29,9657
6207,雷科,10,1,9,富邦-苗栗,2024-08-29,9657
4513,福裕,11,3,8,富邦-苗栗,2024-08-29,9657
00929,復華台灣科技優息,34,26,8,富邦-苗栗,2024-08-29,9657
2392,正崴,8,0,8,富邦-苗栗,2024-08-29,9657
2887,台新金,12,3,9,富邦-苗栗,2024-08-29,9657
00903,富邦元宇宙,8,0,8,富邦-苗栗,2024-08-29,9657
2069,運錩,10,2,8,富邦-苗栗,2024-08-29,9657
3050,鈺德,8,0,8,富邦-苗栗,2024-08-29,9657
3260,威剛,11,3,8,富邦-苗栗,2024-08-29,9657
6658,聯策,9,1,8,富邦-苗栗,2024-08-29,9657
3019,亞光,15,7,8,富邦-苗栗,2024-08-29,9657
00937B,群益ESG投等債20,83,9,74,富邦-苗栗,2024-08-30,9657
00919,群益台灣精選高息,68,5,63,富邦-苗栗,2024-08-30,9657
00900,富邦特選高股息30,54,2,52,富邦-苗栗,2024-08-30,9657
00715L,期街口布蘭特正2,50,0,50,富邦-苗栗,2024-08-30,9657
2367,燿華,81,35,46,富邦-苗栗,2024-08-30,9657
1711,永光,79,35,44,富邦-苗栗,2024-08-30,9657
2409,友達,33,0,33,富邦-苗栗,2024-08-30,9657
2483,百容,31,0,31,富邦-苗栗,2024-08-30,9657
4919,新唐,28,0,28,富邦-苗栗,2024-08-30,9657
6108,競國,28,0,28,富邦-苗栗,2024-08-30,9657
6160,欣技,25,0,25,富邦-苗栗,2024-08-30,9657
6457,紘康,25,0,25,富邦-苗栗,2024-08-30,9657
6770,力積電,30,7,23,富邦-苗栗,2024-08-30,9657
3105,穩懋,24,1,23,富邦-苗栗,2024-08-30,9657
2464,盟立,29,7,22,富邦-苗栗,2024-08-30,9657
00891,中信關鍵半導體,20,0,20,富邦-苗栗,2024-08-30,9657
00679B,元大美債20年,19,0,19,富邦-苗栗,2024-08-30,9657
00959B,大華投等美債15Y+,19,0,19,富邦-苗栗,2024-08-30,9657
2887,台新金,15,0,15,富邦-苗栗,2024-08-30,9657
00688L,國泰20年美債正2,15,0,15,富邦-苗栗,2024-08-30,9657
3042,晶技,15,0,15,富邦-苗栗,2024-08-30,9657
4526,東台,50,36,14,富邦-苗栗,2024-08-30,9657
5225,東科-KY,13,0,13,富邦-苗栗,2024-08-30,9657
1721,三晃,16,3,13,富邦-苗栗,2024-08-30,9657
3490,單井,12,0,12,富邦-苗栗,2024-08-30,9657
3015,全漢,11,1,10,富邦-苗栗,2024-08-30,9657
6152,百一,10,0,10,富邦-苗栗,2024-08-30,9657
1314,中石化,10,0,10,富邦-苗栗,2024-08-30,9657
1101,台泥,10,0,10,富邦-苗栗,2024-08-30,9657
00927,群益半導體收益,10,0,10,富邦-苗栗,2024-08-30,9657
00655L,國泰中國A50正2,10,0,10,富邦-苗栗,2024-08-30,9657
00632R,元大台灣50反1,30,20,10,富邦-苗栗,2024-08-30,9657
2032,新鋼,10,0,10,富邦-苗栗,2024-08-30,9657
2323,中環,12,2,10,富邦-苗栗,2024-08-30,9657
4119,旭富,10,0,10,富邦-苗栗,2024-08-30,9657
8071,能率網通,10,0,10,富邦-苗栗,2024-08-30,9657
3189,景碩,19,10,9,富邦-苗栗,2024-08-30,9657
3034,聯詠,9,0,9,富邦-苗栗,2024-08-30,9657
2891,中信金,11,2,9,富邦-苗栗,2024-08-30,9657
3057,喬鼎,9,0,9,富邦-苗栗,2024-08-30,9657
6215,和椿,15,6,9,富邦-苗栗,2024-08-30,9657
8080,印鉐,9,0,9,富邦-苗栗,2024-08-30,9657
3019,亞光,12,4,8,富邦-苗栗,2024-08-30,9657
1584,精剛,8,0,8,富邦-苗栗,2024-08-30,9657
4562,穎漢,14,6,8,富邦-苗栗,2024-08-30,9657
2618,長榮航,7,0,7,富邦-苗栗,2024-08-30,9657
2610,華航,9,2,7,富邦-苗栗,2024-08-30,9657
00940,元大台灣價值高息,27,20,7,富邦-苗栗,2024-08-30,9657
4420,光明,7,0,7,富邦-苗栗,2024-08-30,9657
6168,宏齊,7,0,7,富邦-苗栗,2024-08-30,9657
00940,元大台灣價值高息,186,0,186,富邦-苗栗,2024-09-02,9657
00715L,期街口布蘭特正2,132,5,127,富邦-苗栗,2024-09-02,9657
00937B,群益ESG投等債20,86,0,86,富邦-苗栗,2024-09-02,9657
00929,復華台灣科技優息,76,5,71,富邦-苗栗,2024-09-02,9657
5469,瀚宇博,50,0,50,富邦-苗栗,2024-09-02,9657
00919,群益台灣精選高息,67,19,48,富邦-苗栗,2024-09-02,9657
6733,博晟生醫,42,0,42,富邦-苗栗,2024-09-02,9657
1301,台塑,41,3,38,富邦-苗栗,2024-09-02,9657
00680L,元大美債20正2,32,0,32,富邦-苗栗,2024-09-02,9657
6197,佳必琪,31,1,30,富邦-苗栗,2024-09-02,9657
2891,中信金,32,2,30,富邦-苗栗,2024-09-02,9657
4919,新唐,30,0,30,富邦-苗栗,2024-09-02,9657
6220,岳豐,30,0,30,富邦-苗栗,2024-09-02,9657
8234,新漢,30,0,30,富邦-苗栗,2024-09-02,9657
4561,健椿,29,0,29,富邦-苗栗,2024-09-02,9657
3481,群創,77,49,28,富邦-苗栗,2024-09-02,9657
00915,凱基優選高股息30,27,0,27,富邦-苗栗,2024-09-02,9657
3673,TPK-KY,28,2,26,富邦-苗栗,2024-09-02,9657
8070,長華*,24,1,23,富邦-苗栗,2024-09-02,9657
1217,愛之味,22,0,22,富邦-苗栗,2024-09-02,9657
2890,永豐金,20,0,20,富邦-苗栗,2024-09-02,9657
2349,錸德,50,30,20,富邦-苗栗,2024-09-02,9657
00959B,大華投等美債15Y+,19,0,19,富邦-苗栗,2024-09-02,9657
1584,精剛,22,3,19,富邦-苗栗,2024-09-02,9657
2364,倫飛,18,0,18,富邦-苗栗,2024-09-02,9657
6770,力積電,17,0,17,富邦-苗栗,2024-09-02,9657
020033,統一�琤肮黕篾,16,0,16,富邦-苗栗,2024-09-02,9657
00687B,國泰20年美債,16,1,15,富邦-苗栗,2024-09-02,9657
1609,大亞,18,3,15,富邦-苗栗,2024-09-02,9657
8043,蜜望實,30,15,15,富邦-苗栗,2024-09-02,9657
8105,凌巨,27,12,15,富邦-苗栗,2024-09-02,9657
2323,中環,14,0,14,富邦-苗栗,2024-09-02,9657
2834,臺企銀,13,0,13,富邦-苗栗,2024-09-02,9657
00878,國泰永續高股息,16,2,14,富邦-苗栗,2024-09-02,9657
6806,森崴能源,12,0,12,富邦-苗栗,2024-09-02,9657
2382,廣達,14,2,12,富邦-苗栗,2024-09-02,9657
2331,精英,15,3,12,富邦-苗栗,2024-09-02,9657
4306,炎洲,16,4,12,富邦-苗栗,2024-09-02,9657
00679B,元大美債20年,24,13,11,富邦-苗栗,2024-09-02,9657
6706,惠特,17,6,11,富邦-苗栗,2024-09-02,9657
3015,全漢,11,0,11,富邦-苗栗,2024-09-02,9657
2313,華通,20,10,10,富邦-苗栗,2024-09-02,9657
3149,正達,24,14,10,富邦-苗栗,2024-09-02,9657
00918,大華優利高填息30,10,0,10,富邦-苗栗,2024-09-02,9657
00939,統一台灣高息動能,10,0,10,富邦-苗栗,2024-09-02,9657
2014,中鴻,10,0,10,富邦-苗栗,2024-09-02,9657
2208,台船,10,0,10,富邦-苗栗,2024-09-02,9657
4566,時碩工業,10,0,10,富邦-苗栗,2024-09-02,9657
4716,大立,10,0,10,富邦-苗栗,2024-09-02,9657
6196,帆宣,10,0,10,富邦-苗栗,2024-09-02,9657
00937B,群益ESG投等債20,170,3,167,富邦-苗栗,2024-09-03,9657
00919,群益台灣精選高息,115,12,103,富邦-苗栗,2024-09-03,9657
1312,國喬,86,0,86,富邦-苗栗,2024-09-03,9657
1449,佳和,100,36,64,富邦-苗栗,2024-09-03,9657
00948B,中信優息投資級債,36,0,36,富邦-苗栗,2024-09-03,9657
6235,華孚,30,0,30,富邦-苗栗,2024-09-03,9657
2399,映泰,30,1,29,富邦-苗栗,2024-09-03,9657
3047,訊舟,40,13,27,富邦-苗栗,2024-09-03,9657
6457,紘康,25,0,25,富邦-苗栗,2024-09-03,9657
6770,力積電,27,5,22,富邦-苗栗,2024-09-03,9657
00918,大華優利高填息30,21,0,21,富邦-苗栗,2024-09-03,9657
00688L,國泰20年美債正2,20,0,20,富邦-苗栗,2024-09-03,9657
2362,藍天,20,0,20,富邦-苗栗,2024-09-03,9657
00878,國泰永續高股息,29,9,20,富邦-苗栗,2024-09-03,9657
3149,正達,30,11,19,富邦-苗栗,2024-09-03,9657
3481,群創,25,9,16,富邦-苗栗,2024-09-03,9657
6245,立端,16,0,16,富邦-苗栗,2024-09-03,9657
4545,銘鈺,15,1,14,富邦-苗栗,2024-09-03,9657
1455,集盛,13,0,13,富邦-苗栗,2024-09-03,9657
3030,德律,13,0,13,富邦-苗栗,2024-09-03,9657
3094,聯傑,12,0,12,富邦-苗栗,2024-09-03,9657
3686,達能,12,0,12,富邦-苗栗,2024-09-03,9657
1609,大亞,11,0,11,富邦-苗栗,2024-09-03,9657
00959B,大華投等美債15Y+,11,0,11,富邦-苗栗,2024-09-03,9657
00930,永豐ESG低碳高息,10,0,10,富邦-苗栗,2024-09-03,9657
1316,上曜,23,13,10,富邦-苗栗,2024-09-03,9657
1608,華榮,10,0,10,富邦-苗栗,2024-09-03,9657
2352,佳世達,15,5,10,富邦-苗栗,2024-09-03,9657
2905,三商,10,0,10,富邦-苗栗,2024-09-03,9657
3356,奇偶,10,0,10,富邦-苗栗,2024-09-03,9657
9902,台火,10,0,10,富邦-苗栗,2024-09-03,9657
00713,元大台灣高息低波,10,0,10,富邦-苗栗,2024-09-03,9657
00665L,富邦�琤肭磪囓�2,10,1,9,富邦-苗栗,2024-09-03,9657
2916,滿心,9,0,9,富邦-苗栗,2024-09-03,9657
3260,威剛,9,0,9,富邦-苗栗,2024-09-03,9657
9958,世紀鋼,9,1,8,富邦-苗栗,2024-09-03,9657
6207,雷科,21,13,8,富邦-苗栗,2024-09-03,9657
6431,光麗-KY,8,0,8,富邦-苗栗,2024-09-03,9657
2312,金寶,30,22,8,富邦-苗栗,2024-09-03,9657
1301,台塑,8,0,8,富邦-苗栗,2024-09-03,9657
2891,中信金,7,0,7,富邦-苗栗,2024-09-03,9657
2884,玉山金,7,0,7,富邦-苗栗,2024-09-03,9657
2543,皇昌,7,0,7,富邦-苗栗,2024-09-03,9657
5443,均豪,20,13,7,富邦-苗栗,2024-09-03,9657
00795B,中信美國公債20年,7,0,7,富邦-苗栗,2024-09-03,9657
00954,中信日本半導體,7,0,7,富邦-苗栗,2024-09-03,9657
2008,高興昌,7,0,7,富邦-苗栗,2024-09-03,9657
2402,毅嘉,7,0,7,富邦-苗栗,2024-09-03,9657
2408,南亞科,7,0,7,富邦-苗栗,2024-09-03,9657
6443,元晶,7,0,7,富邦-苗栗,2024-09-03,9657
00929,復華台灣科技優息,250,8,242,富邦-苗栗,2024-09-04,9657
00937B,群益ESG投等債20,267,65,202,富邦-苗栗,2024-09-04,9657
00919,群益台灣精選高息,222,30,192,富邦-苗栗,2024-09-04,9657
00940,元大台灣價值高息,222,43,179,富邦-苗栗,2024-09-04,9657
00715L,期街口布蘭特正2,166,0,166,富邦-苗栗,2024-09-04,9657
00878,國泰永續高股息,129,22,107,富邦-苗栗,2024-09-04,9657
1909,榮成,100,27,73,富邦-苗栗,2024-09-04,9657
00918,大華優利高填息30,77,5,72,富邦-苗栗,2024-09-04,9657
2002,中鋼,67,2,65,富邦-苗栗,2024-09-04,9657
3059,華晶科,60,0,60,富邦-苗栗,2024-09-04,9657
0056,元大高股息,60,2,58,富邦-苗栗,2024-09-04,9657
2337,旺宏,54,0,54,富邦-苗栗,2024-09-04,9657
2477,美隆電,52,0,52,富邦-苗栗,2024-09-04,9657
2108,南帝,40,0,40,富邦-苗栗,2024-09-04,9657
2330,台積電,43,5,38,富邦-苗栗,2024-09-04,9657
1584,精剛,41,3,38,富邦-苗栗,2024-09-04,9657
4510,高鋒,48,12,36,富邦-苗栗,2024-09-04,9657
2891,中信金,48,13,35,富邦-苗栗,2024-09-04,9657
2317,鴻海,49,16,33,富邦-苗栗,2024-09-04,9657
00713,元大台灣高息低波,35,5,30,富邦-苗栗,2024-09-04,9657
5243,乙盛-KY,30,0,30,富邦-苗栗,2024-09-04,9657
4729,熒茂,30,1,29,富邦-苗栗,2024-09-04,9657
5880,合庫金,25,0,25,富邦-苗栗,2024-09-04,9657
00927,群益半導體收益,32,7,25,富邦-苗栗,2024-09-04,9657
00915,凱基優選高股息30,23,0,23,富邦-苗栗,2024-09-04,9657
2408,南亞科,28,5,23,富邦-苗栗,2024-09-04,9657
00881,國泰台灣5G+,21,0,21,富邦-苗栗,2024-09-04,9657
00945B,凱基美國非投等債,21,0,21,富邦-苗栗,2024-09-04,9657
3094,聯傑,21,0,21,富邦-苗栗,2024-09-04,9657
00751B,元大AAA至A公司債,20,0,20,富邦-苗栗,2024-09-04,9657
00680L,元大美債20正2,76,56,20,富邦-苗栗,2024-09-04,9657
2483,百容,20,0,20,富邦-苗栗,2024-09-04,9657
2867,三商壽,20,0,20,富邦-苗栗,2024-09-04,9657
6733,博晟生醫,20,0,20,富邦-苗栗,2024-09-04,9657
0050,元大台灣50,29,9,20,富邦-苗栗,2024-09-04,9657
2409,友達,21,2,19,富邦-苗栗,2024-09-04,9657
2201,裕隆,19,0,19,富邦-苗栗,2024-09-04,9657
2834,臺企銀,19,0,19,富邦-苗栗,2024-09-04,9657
2303,聯電,30,12,18,富邦-苗栗,2024-09-04,9657
2892,第一金,19,1,18,富邦-苗栗,2024-09-04,9657
3037,欣興,22,4,18,富邦-苗栗,2024-09-04,9657
1314,中石化,17,0,17,富邦-苗栗,2024-09-04,9657
006208,富邦台50,17,0,17,富邦-苗栗,2024-09-04,9657
2498,宏達電,17,2,15,富邦-苗栗,2024-09-04,9657
8071,能率網通,15,0,15,富邦-苗栗,2024-09-04,9657
4562,穎漢,15,1,14,富邦-苗栗,2024-09-04,9657
2354,鴻準,16,2,14,富邦-苗栗,2024-09-04,9657
00642U,期元大S＆P石油,13,0,13,富邦-苗栗,2024-09-04,9657
2331,精英,13,0,13,富邦-苗栗,2024-09-04,9657
00830,國泰費城半導體,13,0,13,富邦-苗栗,2024-09-04,9657
00946,群益科技高息成長,291,10,281,富邦-苗栗,2024-09-05,9657
00671R,富邦NASDAQ反1,201,0,201,富邦-苗栗,2024-09-05,9657
00929,復華台灣科技優息,218,36,182,富邦-苗栗,2024-09-05,9657
00715L,期街口布蘭特正2,308,160,148,富邦-苗栗,2024-09-05,9657
00919,群益台灣精選高息,202,73,129,富邦-苗栗,2024-09-05,9657
00687B,國泰20年美債,68,20,48,富邦-苗栗,2024-09-05,9657
2468,華經,41,0,41,富邦-苗栗,2024-09-05,9657
3094,聯傑,35,0,35,富邦-苗栗,2024-09-05,9657
00878,國泰永續高股息,42,8,34,富邦-苗栗,2024-09-05,9657
3050,鈺德,31,0,31,富邦-苗栗,2024-09-05,9657
6235,華孚,30,1,29,富邦-苗栗,2024-09-05,9657
1303,南亞,27,1,26,富邦-苗栗,2024-09-05,9657
00941,中信上游半導體,25,0,25,富邦-苗栗,2024-09-05,9657
2317,鴻海,39,14,25,富邦-苗栗,2024-09-05,9657
2344,華邦電,24,0,24,富邦-苗栗,2024-09-05,9657
00918,大華優利高填息30,24,0,24,富邦-苗栗,2024-09-05,9657
1540,喬福,58,37,21,富邦-苗栗,2024-09-05,9657
00937B,群益ESG投等債20,25,5,20,富邦-苗栗,2024-09-05,9657
2002,中鋼,21,1,20,富邦-苗栗,2024-09-05,9657
3059,華晶科,20,0,20,富邦-苗栗,2024-09-05,9657
3081,聯亞,14,0,14,富邦-苗栗,2024-09-05,9657
3260,威剛,13,0,13,富邦-苗栗,2024-09-05,9657
00881,國泰台灣5G+,13,0,13,富邦-苗栗,2024-09-05,9657
6457,紘康,13,0,13,富邦-苗栗,2024-09-05,9657
1609,大亞,12,0,12,富邦-苗栗,2024-09-05,9657
2409,友達,12,0,12,富邦-苗栗,2024-09-05,9657
00915,凱基優選高股息30,12,0,12,富邦-苗栗,2024-09-05,9657
2069,運錩,12,0,12,富邦-苗栗,2024-09-05,9657
00891,中信關鍵半導體,11,0,11,富邦-苗栗,2024-09-05,9657
3037,欣興,24,13,11,富邦-苗栗,2024-09-05,9657
1722,台肥,11,0,11,富邦-苗栗,2024-09-05,9657
2352,佳世達,11,0,11,富邦-苗栗,2024-09-05,9657
2408,南亞科,14,3,11,富邦-苗栗,2024-09-05,9657
6152,百一,11,0,11,富邦-苗栗,2024-09-05,9657
00830,國泰費城半導體,10,0,10,富邦-苗栗,2024-09-05,9657
3481,群創,10,0,10,富邦-苗栗,2024-09-05,9657
00642U,期元大S＆P石油,10,0,10,富邦-苗栗,2024-09-05,9657
2338,光罩,10,0,10,富邦-苗栗,2024-09-05,9657
2402,毅嘉,12,2,10,富邦-苗栗,2024-09-05,9657
1314,中石化,9,0,9,富邦-苗栗,2024-09-05,9657
1735,日勝化,22,13,9,富邦-苗栗,2024-09-05,9657
4513,福裕,10,1,9,富邦-苗栗,2024-09-05,9657
00882,中信中國高股息,8,0,8,富邦-苗栗,2024-09-05,9657
2331,精英,8,0,8,富邦-苗栗,2024-09-05,9657
2349,錸德,15,7,8,富邦-苗栗,2024-09-05,9657
3522,御嵿,8,0,8,富邦-苗栗,2024-09-05,9657
4720,德淵,8,0,8,富邦-苗栗,2024-09-05,9657
0056,元大高股息,9,1,8,富邦-苗栗,2024-09-05,9657
2365,昆盈,29,22,7,富邦-苗栗,2024-09-05,9657
6108,競國,7,0,7,富邦-苗栗,2024-09-05,9657
9105,泰金寶-DR,206,1,205,富邦-苗栗,2024-09-06,9657
00929,復華台灣科技優息,283,152,131,富邦-苗栗,2024-09-06,9657
00943,兆豐電子高息等權,75,0,75,富邦-苗栗,2024-09-06,9657
00918,大華優利高填息30,66,0,66,富邦-苗栗,2024-09-06,9657
6770,力積電,42,10,32,富邦-苗栗,2024-09-06,9657
2337,旺宏,31,2,29,富邦-苗栗,2024-09-06,9657
2344,華邦電,27,0,27,富邦-苗栗,2024-09-06,9657
00919,群益台灣精選高息,25,0,25,富邦-苗栗,2024-09-06,9657
3324,雙鴻,30,5,25,富邦-苗栗,2024-09-06,9657
00940,元大台灣價值高息,44,21,23,富邦-苗栗,2024-09-06,9657
2888,新光金,54,32,22,富邦-苗栗,2024-09-06,9657
3059,華晶科,20,0,20,富邦-苗栗,2024-09-06,9657
3094,聯傑,20,0,20,富邦-苗栗,2024-09-06,9657
4729,熒茂,20,0,20,富邦-苗栗,2024-09-06,9657
2464,盟立,31,15,16,富邦-苗栗,2024-09-06,9657
00908,富邦入息REITs+,15,0,15,富邦-苗栗,2024-09-06,9657
6152,百一,14,0,14,富邦-苗栗,2024-09-06,9657
2313,華通,19,6,13,富邦-苗栗,2024-09-06,9657
2002,中鋼,13,0,13,富邦-苗栗,2024-09-06,9657
6606,建德工業,14,2,12,富邦-苗栗,2024-09-06,9657
2477,美隆電,12,0,12,富邦-苗栗,2024-09-06,9657
2312,金寶,11,0,11,富邦-苗栗,2024-09-06,9657
6116,彩晶,11,0,11,富邦-苗栗,2024-09-06,9657
00915,凱基優選高股息30,10,0,10,富邦-苗栗,2024-09-06,9657
00690,兆豐藍籌30,10,0,10,富邦-苗栗,2024-09-06,9657
2108,南帝,10,0,10,富邦-苗栗,2024-09-06,9657
2331,精英,10,0,10,富邦-苗栗,2024-09-06,9657
6133,金橋,11,1,10,富邦-苗栗,2024-09-06,9657
8034,榮群,10,0,10,富邦-苗栗,2024-09-06,9657
8071,能率網通,10,0,10,富邦-苗栗,2024-09-06,9657
8937,合騏,9,0,9,富邦-苗栗,2024-09-06,9657
3289,宜特,10,2,8,富邦-苗栗,2024-09-06,9657
4974,亞泰,10,2,8,富邦-苗栗,2024-09-06,9657
1815,富喬,29,21,8,富邦-苗栗,2024-09-06,9657
8111,立��,8,0,8,富邦-苗栗,2024-09-06,9657
1314,中石化,8,0,8,富邦-苗栗,2024-09-06,9657
1524,耿鼎,10,2,8,富邦-苗栗,2024-09-06,9657
3532,台勝科,7,0,7,富邦-苗栗,2024-09-06,9657
1776,展宇,8,1,7,富邦-苗栗,2024-09-06,9657
00877,復華中國5G,6,0,6,富邦-苗栗,2024-09-06,9657
2618,長榮航,67,61,6,富邦-苗栗,2024-09-06,9657
3498,陽程,7,1,6,富邦-苗栗,2024-09-06,9657
5243,乙盛-KY,6,0,6,富邦-苗栗,2024-09-06,9657
5484,慧友,6,0,6,富邦-苗栗,2024-09-06,9657
3583,辛耘,6,1,5,富邦-苗栗,2024-09-06,9657
8064,東捷,6,1,5,富邦-苗栗,2024-09-06,9657
2388,威盛,6,1,5,富邦-苗栗,2024-09-06,9657
00706L,期元大S＆P日圓正2,5,0,5,富邦-苗栗,2024-09-06,9657
00830,國泰費城半導體,5,0,5,富邦-苗栗,2024-09-06,9657
00948B,中信優息投資級債,25,20,5,富邦-苗栗,2024-09-06,9657
00952,凱基台灣AI50,110,0,110,富邦-苗栗,2024-09-09,9657
00919,群益台灣精選高息,108,5,103,富邦-苗栗,2024-09-09,9657
00929,復華台灣科技優息,121,20,101,富邦-苗栗,2024-09-09,9657
00715L,期街口布蘭特正2,79,0,79,富邦-苗栗,2024-09-09,9657
00937B,群益ESG投等債20,69,2,67,富邦-苗栗,2024-09-09,9657
00706L,期元大S＆P日圓正2,60,0,60,富邦-苗栗,2024-09-09,9657
00940,元大台灣價值高息,63,10,53,富邦-苗栗,2024-09-09,9657
00688L,國泰20年美債正2,50,0,50,富邦-苗栗,2024-09-09,9657
00878,國泰永續高股息,49,0,49,富邦-苗栗,2024-09-09,9657
2881,富邦金,45,2,43,富邦-苗栗,2024-09-09,9657
2615,萬海,43,2,41,富邦-苗栗,2024-09-09,9657
3059,華晶科,40,0,40,富邦-苗栗,2024-09-09,9657
00918,大華優利高填息30,40,0,40,富邦-苗栗,2024-09-09,9657
1303,南亞,33,0,33,富邦-苗栗,2024-09-09,9657
2891,中信金,31,0,31,富邦-苗栗,2024-09-09,9657
1305,華夏,25,0,25,富邦-苗栗,2024-09-09,9657
2317,鴻海,28,3,25,富邦-苗栗,2024-09-09,9657
00830,國泰費城半導體,24,0,24,富邦-苗栗,2024-09-09,9657
0050,元大台灣50,23,0,23,富邦-苗栗,2024-09-09,9657
2477,美隆電,23,0,23,富邦-苗栗,2024-09-09,9657
00927,群益半導體收益,22,0,22,富邦-苗栗,2024-09-09,9657
00665L,富邦�琤肭磪囓�2,21,0,21,富邦-苗栗,2024-09-09,9657
2002,中鋼,19,0,19,富邦-苗栗,2024-09-09,9657
0056,元大高股息,19,0,19,富邦-苗栗,2024-09-09,9657
2883,凱基金,23,4,19,富邦-苗栗,2024-09-09,9657
3707,漢磊,24,5,19,富邦-苗栗,2024-09-09,9657
00687B,國泰20年美債,17,1,16,富邦-苗栗,2024-09-09,9657
6104,創惟,34,20,14,富邦-苗栗,2024-09-09,9657
6215,和椿,17,3,14,富邦-苗栗,2024-09-09,9657
6426,統新,14,0,14,富邦-苗栗,2024-09-09,9657
2344,華邦電,13,0,13,富邦-苗栗,2024-09-09,9657
3046,建��,13,0,13,富邦-苗栗,2024-09-09,9657
00915,凱基優選高股息30,13,0,13,富邦-苗栗,2024-09-09,9657
00943,兆豐電子高息等權,12,0,12,富邦-苗栗,2024-09-09,9657
2108,南帝,12,0,12,富邦-苗栗,2024-09-09,9657
6770,力積電,12,0,12,富邦-苗栗,2024-09-09,9657
2834,臺企銀,21,10,11,富邦-苗栗,2024-09-09,9657
2618,長榮航,68,57,11,富邦-苗栗,2024-09-09,9657
5347,世界,11,0,11,富邦-苗栗,2024-09-09,9657
00891,中信關鍵半導體,10,0,10,富邦-苗栗,2024-09-09,9657
1316,上曜,10,0,10,富邦-苗栗,2024-09-09,9657
00949,復華日本龍頭,10,0,10,富邦-苗栗,2024-09-09,9657
1733,五鼎,10,0,10,富邦-苗栗,2024-09-09,9657
2105,正新,10,0,10,富邦-苗栗,2024-09-09,9657
5315,光聯,10,0,10,富邦-苗栗,2024-09-09,9657
6598,ABC-KY,10,0,10,富邦-苗栗,2024-09-09,9657
8929,富堡,10,0,10,富邦-苗栗,2024-09-09,9657
1540,喬福,12,3,9,富邦-苗栗,2024-09-09,9657
00753L,中信中國50正2,20,11,9,富邦-苗栗,2024-09-09,9657
2233,宇隆,13,4,9,富邦-苗栗,2024-09-09,9657
00929,復華台灣科技優息,317,139,178,富邦-苗栗,2024-09-10,9657
0056,元大高股息,175,51,124,富邦-苗栗,2024-09-10,9657
00957B,兆豐US優選投等債,120,0,120,富邦-苗栗,2024-09-10,9657
00919,群益台灣精選高息,112,3,109,富邦-苗栗,2024-09-10,9657
3059,華晶科,80,0,80,富邦-苗栗,2024-09-10,9657
2337,旺宏,77,1,76,富邦-苗栗,2024-09-10,9657
00943,兆豐電子高息等權,50,0,50,富邦-苗栗,2024-09-10,9657
2002,中鋼,42,2,40,富邦-苗栗,2024-09-10,9657
00687B,國泰20年美債,42,5,37,富邦-苗栗,2024-09-10,9657
00882,中信中國高股息,27,0,27,富邦-苗栗,2024-09-10,9657
3189,景碩,29,3,26,富邦-苗栗,2024-09-10,9657
3227,原相,25,3,22,富邦-苗栗,2024-09-10,9657
8299,群聯,21,0,21,富邦-苗栗,2024-09-10,9657
2344,華邦電,21,0,21,富邦-苗栗,2024-09-10,9657
4906,正文,31,10,21,富邦-苗栗,2024-09-10,9657
00706L,期元大S＆P日圓正2,20,0,20,富邦-苗栗,2024-09-10,9657
00637L,元大滬深300正2,20,0,20,富邦-苗栗,2024-09-10,9657
00959B,大華投等美債15Y+,20,0,20,富邦-苗栗,2024-09-10,9657
2880,華南金,20,0,20,富邦-苗栗,2024-09-10,9657
0050,元大台灣50,40,20,20,富邦-苗栗,2024-09-10,9657
00878,國泰永續高股息,39,20,19,富邦-苗栗,2024-09-10,9657
2312,金寶,23,5,18,富邦-苗栗,2024-09-10,9657
2609,陽明,40,22,18,富邦-苗栗,2024-09-10,9657
3645,達邁,19,1,18,富邦-苗栗,2024-09-10,9657
00915,凱基優選高股息30,17,0,17,富邦-苗栗,2024-09-10,9657
2382,廣達,19,2,17,富邦-苗栗,2024-09-10,9657
8076,伍豐,21,4,17,富邦-苗栗,2024-09-10,9657
2393,億光,16,0,16,富邦-苗栗,2024-09-10,9657
8105,凌巨,15,0,15,富邦-苗栗,2024-09-10,9657
2464,盟立,16,2,14,富邦-苗栗,2024-09-10,9657
00712,復華富時不動產,13,0,13,富邦-苗栗,2024-09-10,9657
2233,宇隆,14,1,13,富邦-苗栗,2024-09-10,9657
2364,倫飛,13,0,13,富邦-苗栗,2024-09-10,9657
2317,鴻海,24,12,12,富邦-苗栗,2024-09-10,9657
6770,力積電,18,6,12,富邦-苗栗,2024-09-10,9657
3046,建��,12,0,12,富邦-苗栗,2024-09-10,9657
5443,均豪,13,1,12,富邦-苗栗,2024-09-10,9657
2313,華通,11,0,11,富邦-苗栗,2024-09-10,9657
3663,鑫科,13,2,11,富邦-苗栗,2024-09-10,9657
1314,中石化,13,3,10,富邦-苗栗,2024-09-10,9657
3231,緯創,12,2,10,富邦-苗栗,2024-09-10,9657
00697B,元大美債7-10,10,0,10,富邦-苗栗,2024-09-10,9657
00933B,國泰10Y+金融債,10,0,10,富邦-苗栗,2024-09-10,9657
1527,鑽全,10,0,10,富邦-苗栗,2024-09-10,9657
1532,勤美,10,0,10,富邦-苗栗,2024-09-10,9657
5315,光聯,10,0,10,富邦-苗栗,2024-09-10,9657
8107,大億金茂,10,0,10,富邦-苗栗,2024-09-10,9657
3047,訊舟,13,4,9,富邦-苗栗,2024-09-10,9657
00725B,國泰投資級公司債,10,1,9,富邦-苗栗,2024-09-10,9657
2605,新興,9,0,9,富邦-苗栗,2024-09-10,9657
00664R,國泰臺灣加權反1,100,0,100,富邦-苗栗,2024-09-11,9657
00957B,兆豐US優選投等債,70,0,70,富邦-苗栗,2024-09-11,9657
00878,國泰永續高股息,61,3,58,富邦-苗栗,2024-09-11,9657
00713,元大台灣高息低波,56,2,54,富邦-苗栗,2024-09-11,9657
00687B,國泰20年美債,61,11,50,富邦-苗栗,2024-09-11,9657
2801,彰銀,50,0,50,富邦-苗栗,2024-09-11,9657
4510,高鋒,55,12,43,富邦-苗栗,2024-09-11,9657
6160,欣技,32,0,32,富邦-苗栗,2024-09-11,9657
1909,榮成,30,0,30,富邦-苗栗,2024-09-11,9657
00919,群益台灣精選高息,32,3,29,富邦-苗栗,2024-09-11,9657
8076,伍豐,44,20,24,富邦-苗栗,2024-09-11,9657
4906,正文,50,30,20,富邦-苗栗,2024-09-11,9657
2356,英業達,19,0,19,富邦-苗栗,2024-09-11,9657
00637L,元大滬深300正2,18,0,18,富邦-苗栗,2024-09-11,9657
00712,復華富時不動產,16,0,16,富邦-苗栗,2024-09-11,9657
2388,威盛,20,4,16,富邦-苗栗,2024-09-11,9657
00927,群益半導體收益,15,0,15,富邦-苗栗,2024-09-11,9657
00948B,中信優息投資級債,31,16,15,富邦-苗栗,2024-09-11,9657
3623,富晶通,15,0,15,富邦-苗栗,2024-09-11,9657
6179,亞通,17,2,15,富邦-苗栗,2024-09-11,9657
00940,元大台灣價值高息,30,16,14,富邦-苗栗,2024-09-11,9657
2891,中信金,30,16,14,富邦-苗栗,2024-09-11,9657
3264,欣銓,13,0,13,富邦-苗栗,2024-09-11,9657
00679B,元大美債20年,16,4,12,富邦-苗栗,2024-09-11,9657
00915,凱基優選高股息30,12,0,12,富邦-苗栗,2024-09-11,9657
3209,全科,13,1,12,富邦-苗栗,2024-09-11,9657
6830,汎銓,11,0,11,富邦-苗栗,2024-09-11,9657
3356,奇偶,11,0,11,富邦-苗栗,2024-09-11,9657
3707,漢磊,11,0,11,富邦-苗栗,2024-09-11,9657
00642U,期元大S＆P石油,10,0,10,富邦-苗栗,2024-09-11,9657
3046,建��,10,0,10,富邦-苗栗,2024-09-11,9657
00632R,元大台灣50反1,20,10,10,富邦-苗栗,2024-09-11,9657
1570,力肯,12,2,10,富邦-苗栗,2024-09-11,9657
2365,昆盈,15,5,10,富邦-苗栗,2024-09-11,9657
2889,國票金,10,0,10,富邦-苗栗,2024-09-11,9657
3419,譁裕,10,0,10,富邦-苗栗,2024-09-11,9657
4562,穎漢,12,2,10,富邦-苗栗,2024-09-11,9657
4956,光鋐,10,0,10,富邦-苗栗,2024-09-11,9657
5481,新華,10,0,10,富邦-苗栗,2024-09-11,9657
6598,ABC-KY,10,0,10,富邦-苗栗,2024-09-11,9657
9105,泰金寶-DR,10,0,10,富邦-苗栗,2024-09-11,9657
2495,普安,23,14,9,富邦-苗栗,2024-09-11,9657
2002,中鋼,10,1,9,富邦-苗栗,2024-09-11,9657
00918,大華優利高填息30,9,0,9,富邦-苗栗,2024-09-11,9657
1336,台翰,9,0,9,富邦-苗栗,2024-09-11,9657
2887,台新金,8,0,8,富邦-苗栗,2024-09-11,9657
3481,群創,19,11,8,富邦-苗栗,2024-09-11,9657
4513,福裕,10,2,8,富邦-苗栗,2024-09-11,9657
00933B,國泰10Y+金融債,8,0,8,富邦-苗栗,2024-09-11,9657
2885,元大金,7,0,7,富邦-苗栗,2024-09-11,9657
00632R,元大台灣50反1,155,1,154,富邦-苗栗,2024-09-12,9657
00671R,富邦NASDAQ反1,101,0,101,富邦-苗栗,2024-09-12,9657
00664R,國泰臺灣加權反1,100,0,100,富邦-苗栗,2024-09-12,9657
3021,鴻名,50,0,50,富邦-苗栗,2024-09-12,9657
00713,元大台灣高息低波,49,3,46,富邦-苗栗,2024-09-12,9657
00680L,元大美債20正2,45,20,25,富邦-苗栗,2024-09-12,9657
3592,瑞鼎,20,0,20,富邦-苗栗,2024-09-12,9657
2498,宏達電,30,15,15,富邦-苗栗,2024-09-12,9657
00915,凱基優選高股息30,14,0,14,富邦-苗栗,2024-09-12,9657
5460,同協,17,3,14,富邦-苗栗,2024-09-12,9657
00795B,中信美國公債20年,13,0,13,富邦-苗栗,2024-09-12,9657
3046,建��,12,0,12,富邦-苗栗,2024-09-12,9657
3209,全科,14,2,12,富邦-苗栗,2024-09-12,9657
6411,晶焱,12,0,12,富邦-苗栗,2024-09-12,9657
2891,中信金,15,4,11,富邦-苗栗,2024-09-12,9657
2440,太空梭,11,0,11,富邦-苗栗,2024-09-12,9657
4729,熒茂,11,0,11,富邦-苗栗,2024-09-12,9657
8096,擎亞,14,4,10,富邦-苗栗,2024-09-12,9657
00706L,期元大S＆P日圓正2,10,0,10,富邦-苗栗,2024-09-12,9657
1587,吉茂,10,0,10,富邦-苗栗,2024-09-12,9657
3057,喬鼎,10,0,10,富邦-苗栗,2024-09-12,9657
3058,立德,10,0,10,富邦-苗栗,2024-09-12,9657
3094,聯傑,10,0,10,富邦-苗栗,2024-09-12,9657
3354,律勝,10,0,10,富邦-苗栗,2024-09-12,9657
6188,廣明,10,0,10,富邦-苗栗,2024-09-12,9657
00919,群益台灣精選高息,11,1,10,富邦-苗栗,2024-09-12,9657
00696B,富邦美債20年,8,0,8,富邦-苗栗,2024-09-12,9657
2399,映泰,9,2,7,富邦-苗栗,2024-09-12,9657
00959B,大華投等美債15Y+,7,0,7,富邦-苗栗,2024-09-12,9657
2845,遠東銀,7,0,7,富邦-苗栗,2024-09-12,9657
3607,谷崧,8,1,7,富邦-苗栗,2024-09-12,9657
00946,群益科技高息成長,7,0,7,富邦-苗栗,2024-09-12,9657
3303,岱稜,15,9,6,富邦-苗栗,2024-09-12,9657
2356,英業達,9,3,6,富邦-苗栗,2024-09-12,9657
6216,居易,6,0,6,富邦-苗栗,2024-09-12,9657
2887,台新金,6,1,5,富邦-苗栗,2024-09-12,9657
00676R,富邦臺灣加權反1,5,0,5,富邦-苗栗,2024-09-12,9657
00921,兆豐龍頭等權重,5,0,5,富邦-苗栗,2024-09-12,9657
1584,精剛,9,4,5,富邦-苗栗,2024-09-12,9657
2889,國票金,5,0,5,富邦-苗栗,2024-09-12,9657
4526,東台,5,0,5,富邦-苗栗,2024-09-12,9657
6134,萬旭,9,4,5,富邦-苗栗,2024-09-12,9657
8039,台虹,5,0,5,富邦-苗栗,2024-09-12,9657
1101,台泥,4,0,4,富邦-苗栗,2024-09-12,9657
00905,FT臺灣Smart,4,0,4,富邦-苗栗,2024-09-12,9657
2066,世德,4,0,4,富邦-苗栗,2024-09-12,9657
2344,華邦電,4,0,4,富邦-苗栗,2024-09-12,9657
2402,毅嘉,5,1,4,富邦-苗栗,2024-09-12,9657
2884,玉山金,24,20,4,富邦-苗栗,2024-09-12,9657
3090,日電貿,4,0,4,富邦-苗栗,2024-09-12,9657
00712,復華富時不動產,218,1,217,富邦-苗栗,2024-09-13,9657
00919,群益台灣精選高息,54,4,50,富邦-苗栗,2024-09-13,9657
2342,茂矽,40,0,40,富邦-苗栗,2024-09-13,9657
1540,喬福,52,17,35,富邦-苗栗,2024-09-13,9657
3094,聯傑,30,0,30,富邦-苗栗,2024-09-13,9657
00687B,國泰20年美債,48,19,29,富邦-苗栗,2024-09-13,9657
00918,大華優利高填息30,27,0,27,富邦-苗栗,2024-09-13,9657
00715L,期街口布蘭特正2,25,0,25,富邦-苗栗,2024-09-13,9657
1711,永光,40,16,24,富邦-苗栗,2024-09-13,9657
00915,凱基優選高股息30,21,0,21,富邦-苗栗,2024-09-13,9657
00878,國泰永續高股息,17,0,17,富邦-苗栗,2024-09-13,9657
5460,同協,27,11,16,富邦-苗栗,2024-09-13,9657
2393,億光,15,0,15,富邦-苗栗,2024-09-13,9657
00933B,國泰10Y+金融債,13,0,13,富邦-苗栗,2024-09-13,9657
1531,高林股,12,0,12,富邦-苗栗,2024-09-13,9657
00713,元大台灣高息低波,12,1,11,富邦-苗栗,2024-09-13,9657
6152,百一,10,0,10,富邦-苗栗,2024-09-13,9657
00937B,群益ESG投等債20,14,4,10,富邦-苗栗,2024-09-13,9657
2344,華邦電,10,0,10,富邦-苗栗,2024-09-13,9657
2455,全新,10,0,10,富邦-苗栗,2024-09-13,9657
2867,三商壽,10,0,10,富邦-苗栗,2024-09-13,9657
3049,精金,10,0,10,富邦-苗栗,2024-09-13,9657
6933,AMAX-KY,10,0,10,富邦-苗栗,2024-09-13,9657
1326,台化,10,1,9,富邦-苗栗,2024-09-13,9657
2364,倫飛,10,1,9,富邦-苗栗,2024-09-13,9657
2801,彰銀,10,1,9,富邦-苗栗,2024-09-13,9657
6411,晶焱,9,0,9,富邦-苗栗,2024-09-13,9657
6806,森崴能源,10,1,9,富邦-苗栗,2024-09-13,9657
8111,立��,9,0,9,富邦-苗栗,2024-09-13,9657
2891,中信金,9,1,8,富邦-苗栗,2024-09-13,9657
3046,建��,8,0,8,富邦-苗栗,2024-09-13,9657
3163,波若威,8,0,8,富邦-苗栗,2024-09-13,9657
4716,大立,8,0,8,富邦-苗栗,2024-09-13,9657
00680L,元大美債20正2,7,0,7,富邦-苗栗,2024-09-13,9657
3013,晟銘電,14,7,7,富邦-苗栗,2024-09-13,9657
2301,光寶科,7,0,7,富邦-苗栗,2024-09-13,9657
00934,中信成長高股息,8,1,7,富邦-苗栗,2024-09-13,9657
6134,萬旭,13,6,7,富邦-苗栗,2024-09-13,9657
00946,群益科技高息成長,7,0,7,富邦-苗栗,2024-09-13,9657
00881,國泰台灣5G+,7,0,7,富邦-苗栗,2024-09-13,9657
2062,橋椿,12,6,6,富邦-苗栗,2024-09-13,9657
2845,遠東銀,6,0,6,富邦-苗栗,2024-09-13,9657
4510,高鋒,15,9,6,富邦-苗栗,2024-09-13,9657
5230,雷笛克光學,7,1,6,富邦-苗栗,2024-09-13,9657
00947,台新臺灣IC設計,5,0,5,富邦-苗栗,2024-09-13,9657
8027,鈦昇,6,1,5,富邦-苗栗,2024-09-13,9657
00959B,大華投等美債15Y+,5,0,5,富邦-苗栗,2024-09-13,9657
3303,岱稜,14,9,5,富邦-苗栗,2024-09-13,9657
6185,幃翔,5,0,5,富邦-苗栗,2024-09-13,9657
2409,友達,5,0,5,富邦-苗栗,2024-09-13,9657
3062,建漢,156,77,79,富邦-苗栗,2024-09-16,9657
2610,華航,78,0,78,富邦-苗栗,2024-09-16,9657
3049,精金,103,28,75,富邦-苗栗,2024-09-16,9657
2349,錸德,181,124,57,富邦-苗栗,2024-09-16,9657
00878,國泰永續高股息,58,4,54,富邦-苗栗,2024-09-16,9657
00933B,國泰10Y+金融債,44,0,44,富邦-苗栗,2024-09-16,9657
00687B,國泰20年美債,42,1,41,富邦-苗栗,2024-09-16,9657
00688L,國泰20年美債正2,40,0,40,富邦-苗栗,2024-09-16,9657
6016,康和證,40,0,40,富邦-苗栗,2024-09-16,9657
00937B,群益ESG投等債20,49,15,34,富邦-苗栗,2024-09-16,9657
00919,群益台灣精選高息,41,10,31,富邦-苗栗,2024-09-16,9657
3050,鈺德,30,0,30,富邦-苗栗,2024-09-16,9657
9105,泰金寶-DR,30,0,30,富邦-苗栗,2024-09-16,9657
0056,元大高股息,23,2,21,富邦-苗栗,2024-09-16,9657
2415,錩新,21,0,21,富邦-苗栗,2024-09-16,9657
00921,兆豐龍頭等權重,20,0,20,富邦-苗栗,2024-09-16,9657
2342,茂矽,20,0,20,富邦-苗栗,2024-09-16,9657
3339,泰谷,20,0,20,富邦-苗栗,2024-09-16,9657
3227,原相,17,0,17,富邦-苗栗,2024-09-16,9657
6134,萬旭,17,0,17,富邦-苗栗,2024-09-16,9657
00679B,元大美債20年,21,5,16,富邦-苗栗,2024-09-16,9657
2605,新興,15,0,15,富邦-苗栗,2024-09-16,9657
2483,百容,14,0,14,富邦-苗栗,2024-09-16,9657
2417,圓剛,16,3,13,富邦-苗栗,2024-09-16,9657
3006,晶豪科,11,0,11,富邦-苗栗,2024-09-16,9657
00915,凱基優選高股息30,11,1,10,富邦-苗栗,2024-09-16,9657
00795B,中信美國公債20年,10,0,10,富邦-苗栗,2024-09-16,9657
00918,大華優利高填息30,10,0,10,富邦-苗栗,2024-09-16,9657
6869,雲豹能源,12,2,10,富邦-苗栗,2024-09-16,9657
00673R,期元大S＆P原油反1,10,0,10,富邦-苗栗,2024-09-16,9657
2388,威盛,11,1,10,富邦-苗栗,2024-09-16,9657
2390,云辰,10,0,10,富邦-苗栗,2024-09-16,9657
3597,映興,10,0,10,富邦-苗栗,2024-09-16,9657
4919,新唐,10,0,10,富邦-苗栗,2024-09-16,9657
6148,驊宏資,10,0,10,富邦-苗栗,2024-09-16,9657
6431,光麗-KY,10,0,10,富邦-苗栗,2024-09-16,9657
6854,錼創科技-KY創,10,0,10,富邦-苗栗,2024-09-16,9657
8011,台通,10,0,10,富邦-苗栗,2024-09-16,9657
3149,正達,21,12,9,富邦-苗栗,2024-09-16,9657
3189,景碩,9,0,9,富邦-苗栗,2024-09-16,9657
7584,樂意,8,0,8,富邦-苗栗,2024-09-16,9657
1219,福壽,7,0,7,富邦-苗栗,2024-09-16,9657
1785,光洋科,27,20,7,富邦-苗栗,2024-09-16,9657
2537,聯上發,7,0,7,富邦-苗栗,2024-09-16,9657
6838,台新藥,7,0,7,富邦-苗栗,2024-09-16,9657
6187,萬潤,13,6,7,富邦-苗栗,2024-09-16,9657
2382,廣達,12,6,6,富邦-苗栗,2024-09-16,9657
2399,映泰,7,1,6,富邦-苗栗,2024-09-16,9657
00713,元大台灣高息低波,6,1,5,富邦-苗栗,2024-09-16,9657
00947,台新臺灣IC設計,5,0,5,富邦-苗栗,2024-09-16,9657
2801,彰銀,255,0,255,富邦-苗栗,2024-09-18,9657
2888,新光金,334,87,247,富邦-苗栗,2024-09-18,9657
00929,復華台灣科技優息,236,2,234,富邦-苗栗,2024-09-18,9657
00919,群益台灣精選高息,140,2,138,富邦-苗栗,2024-09-18,9657
3550,聯穎,173,46,127,富邦-苗栗,2024-09-18,9657
00943,兆豐電子高息等權,100,0,100,富邦-苗栗,2024-09-18,9657
3360,尚立,65,3,62,富邦-苗栗,2024-09-18,9657
00712,復華富時不動產,134,80,54,富邦-苗栗,2024-09-18,9657
00637L,元大滬深300正2,50,0,50,富邦-苗栗,2024-09-18,9657
00937B,群益ESG投等債20,37,0,37,富邦-苗栗,2024-09-18,9657
00687B,國泰20年美債,34,2,32,富邦-苗栗,2024-09-18,9657
2406,國碩,33,1,32,富邦-苗栗,2024-09-18,9657
2317,鴻海,40,9,31,富邦-苗栗,2024-09-18,9657
4903,聯光通,42,15,27,富邦-苗栗,2024-09-18,9657
00679B,元大美債20年,26,1,25,富邦-苗栗,2024-09-18,9657
3339,泰谷,23,0,23,富邦-苗栗,2024-09-18,9657
00713,元大台灣高息低波,23,2,21,富邦-苗栗,2024-09-18,9657
00954,中信日本半導體,21,0,21,富邦-苗栗,2024-09-18,9657
2362,藍天,21,0,21,富邦-苗栗,2024-09-18,9657
9105,泰金寶-DR,18,0,18,富邦-苗栗,2024-09-18,9657
2477,美隆電,22,6,16,富邦-苗栗,2024-09-18,9657
00930,永豐ESG低碳高息,15,0,15,富邦-苗栗,2024-09-18,9657
00680L,元大美債20正2,15,0,15,富邦-苗栗,2024-09-18,9657
5460,同協,17,2,15,富邦-苗栗,2024-09-18,9657
5880,合庫金,15,0,15,富邦-苗栗,2024-09-18,9657
2313,華通,16,2,14,富邦-苗栗,2024-09-18,9657
8096,擎亞,16,2,14,富邦-苗栗,2024-09-18,9657
0056,元大高股息,14,0,14,富邦-苗栗,2024-09-18,9657
00878,國泰永續高股息,16,3,13,富邦-苗栗,2024-09-18,9657
1314,中石化,12,0,12,富邦-苗栗,2024-09-18,9657
4106,雃博,13,1,12,富邦-苗栗,2024-09-18,9657
6133,金橋,11,0,11,富邦-苗栗,2024-09-18,9657
1301,台塑,16,5,11,富邦-苗栗,2024-09-18,9657
5443,均豪,23,12,11,富邦-苗栗,2024-09-18,9657
2204,中華,10,0,10,富邦-苗栗,2024-09-18,9657
00881,國泰台灣5G+,14,4,10,富邦-苗栗,2024-09-18,9657
1210,大成,10,0,10,富邦-苗栗,2024-09-18,9657
1336,台翰,10,0,10,富邦-苗栗,2024-09-18,9657
3607,谷崧,24,14,10,富邦-苗栗,2024-09-18,9657
6163,華電網,11,1,10,富邦-苗栗,2024-09-18,9657
6202,盛群,10,0,10,富邦-苗栗,2024-09-18,9657
6854,錼創科技-KY創,10,0,10,富邦-苗栗,2024-09-18,9657
00918,大華優利高填息30,9,0,9,富邦-苗栗,2024-09-18,9657
6274,台燿,10,2,8,富邦-苗栗,2024-09-18,9657
00927,群益半導體收益,8,0,8,富邦-苗栗,2024-09-18,9657
00958B,永豐ESG銀行債15,8,0,8,富邦-苗栗,2024-09-18,9657
2323,中環,10,2,8,富邦-苗栗,2024-09-18,9657
2344,華邦電,13,5,8,富邦-苗栗,2024-09-18,9657
00905,FT臺灣Smart,7,0,7,富邦-苗栗,2024-09-18,9657
3149,正達,7,0,7,富邦-苗栗,2024-09-18,9657
00665L,富邦�琤肭磪囓�2,301,4,297,富邦-苗栗,2024-09-19,9657
0056,元大高股息,141,4,137,富邦-苗栗,2024-09-19,9657
00919,群益台灣精選高息,126,4,122,富邦-苗栗,2024-09-19,9657
4711,永純,103,0,103,富邦-苗栗,2024-09-19,9657
00929,復華台灣科技優息,90,17,73,富邦-苗栗,2024-09-19,9657
3049,精金,62,7,55,富邦-苗栗,2024-09-19,9657
00948B,中信優息投資級債,52,0,52,富邦-苗栗,2024-09-19,9657
00958B,永豐ESG銀行債15,45,0,45,富邦-苗栗,2024-09-19,9657
00676R,富邦臺灣加權反1,241,200,41,富邦-苗栗,2024-09-19,9657
2033,佳大,39,5,34,富邦-苗栗,2024-09-19,9657
2344,華邦電,32,0,32,富邦-苗栗,2024-09-19,9657
6111,大宇資,30,0,30,富邦-苗栗,2024-09-19,9657
00915,凱基優選高股息30,28,0,28,富邦-苗栗,2024-09-19,9657
1303,南亞,20,0,20,富邦-苗栗,2024-09-19,9657
00931B,統一美債20年,20,0,20,富邦-苗栗,2024-09-19,9657
3044,健鼎,17,0,17,富邦-苗栗,2024-09-19,9657
00688L,國泰20年美債正2,75,60,15,富邦-苗栗,2024-09-19,9657
4906,正文,35,23,12,富邦-苗栗,2024-09-19,9657
3481,群創,13,2,11,富邦-苗栗,2024-09-19,9657
00937B,群益ESG投等債20,29,18,11,富邦-苗栗,2024-09-19,9657
1784,訊聯,11,0,11,富邦-苗栗,2024-09-19,9657
2477,美隆電,15,5,10,富邦-苗栗,2024-09-19,9657
3607,谷崧,12,2,10,富邦-苗栗,2024-09-19,9657
3702,大聯大,10,0,10,富邦-苗栗,2024-09-19,9657
3714,富采,10,0,10,富邦-苗栗,2024-09-19,9657
4956,光鋐,10,0,10,富邦-苗栗,2024-09-19,9657
6405,悅城,10,0,10,富邦-苗栗,2024-09-19,9657
3663,鑫科,11,2,9,富邦-苗栗,2024-09-19,9657
00918,大華優利高填息30,8,0,8,富邦-苗栗,2024-09-19,9657
00673R,期元大S＆P原油反1,8,0,8,富邦-苗栗,2024-09-19,9657
2342,茂矽,33,25,8,富邦-苗栗,2024-09-19,9657
3073,天方能源,29,21,8,富邦-苗栗,2024-09-19,9657
6548,長科*,10,2,8,富邦-苗栗,2024-09-19,9657
00878,國泰永續高股息,11,3,8,富邦-苗栗,2024-09-19,9657
00882,中信中國高股息,7,0,7,富邦-苗栗,2024-09-19,9657
2486,一詮,7,0,7,富邦-苗栗,2024-09-19,9657
3290,東浦,7,0,7,富邦-苗栗,2024-09-19,9657
3581,博磊,14,7,7,富邦-苗栗,2024-09-19,9657
2601,益航,6,0,6,富邦-苗栗,2024-09-19,9657
3058,立德,6,0,6,富邦-苗栗,2024-09-19,9657
2610,華航,5,0,5,富邦-苗栗,2024-09-19,9657
1336,台翰,5,0,5,富邦-苗栗,2024-09-19,9657
2349,錸德,8,3,5,富邦-苗栗,2024-09-19,9657
2402,毅嘉,5,0,5,富邦-苗栗,2024-09-19,9657
3356,奇偶,5,0,5,富邦-苗栗,2024-09-19,9657
5512,力麒,5,0,5,富邦-苗栗,2024-09-19,9657
6275,元山,5,0,5,富邦-苗栗,2024-09-19,9657
8215,明基材,5,0,5,富邦-苗栗,2024-09-19,9657
8431,匯鑽科,5,0,5,富邦-苗栗,2024-09-19,9657
00646,元大S＆P500,5,0,5,富邦-苗栗,2024-09-19,9657
00919,群益台灣精選高息,325,145,180,富邦-苗栗,2024-09-20,9657
00929,復華台灣科技優息,199,30,169,富邦-苗栗,2024-09-20,9657
9907,統一實,100,0,100,富邦-苗栗,2024-09-20,9657
2812,台中銀,90,1,89,富邦-苗栗,2024-09-20,9657
00671R,富邦NASDAQ反1,60,0,60,富邦-苗栗,2024-09-20,9657
00960,野村全球航運龍頭,86,30,56,富邦-苗栗,2024-09-20,9657
00632R,元大台灣50反1,50,3,47,富邦-苗栗,2024-09-20,9657
00676R,富邦臺灣加權反1,70,30,40,富邦-苗栗,2024-09-20,9657
2888,新光金,61,27,34,富邦-苗栗,2024-09-20,9657
1540,喬福,34,4,30,富邦-苗栗,2024-09-20,9657
3049,精金,48,18,30,富邦-苗栗,2024-09-20,9657
6194,育富,26,0,26,富邦-苗栗,2024-09-20,9657
00934,中信成長高股息,21,0,21,富邦-苗栗,2024-09-20,9657
2887,台新金,28,9,19,富邦-苗栗,2024-09-20,9657
4526,東台,23,5,18,富邦-苗栗,2024-09-20,9657
4513,福裕,19,1,18,富邦-苗栗,2024-09-20,9657
1785,光洋科,32,15,17,富邦-苗栗,2024-09-20,9657
00918,大華優利高填息30,18,3,15,富邦-苗栗,2024-09-20,9657
3010,華立,16,1,15,富邦-苗栗,2024-09-20,9657
3673,TPK-KY,15,0,15,富邦-苗栗,2024-09-20,9657
3455,由田,16,1,15,富邦-苗栗,2024-09-20,9657
5905,南仁湖,15,1,14,富邦-苗栗,2024-09-20,9657
3290,東浦,19,6,13,富邦-苗栗,2024-09-20,9657
6177,達麗,13,0,13,富邦-苗栗,2024-09-20,9657
1808,潤隆,22,11,11,富邦-苗栗,2024-09-20,9657
2501,國建,16,5,11,富邦-苗栗,2024-09-20,9657
4908,前鼎,15,4,11,富邦-苗栗,2024-09-20,9657
4974,亞泰,16,5,11,富邦-苗栗,2024-09-20,9657
2303,聯電,23,13,10,富邦-苗栗,2024-09-20,9657
1101,台泥,10,0,10,富邦-苗栗,2024-09-20,9657
00673R,期元大S＆P原油反1,10,0,10,富邦-苗栗,2024-09-20,9657
2201,裕隆,10,0,10,富邦-苗栗,2024-09-20,9657
2340,台亞,10,0,10,富邦-苗栗,2024-09-20,9657
2915,潤泰全,10,0,10,富邦-苗栗,2024-09-20,9657
3094,聯傑,10,0,10,富邦-苗栗,2024-09-20,9657
3339,泰谷,11,1,10,富邦-苗栗,2024-09-20,9657
6246,臺龍,10,0,10,富邦-苗栗,2024-09-20,9657
6830,汎銓,13,3,10,富邦-苗栗,2024-09-20,9657
00937B,群益ESG投等債20,66,56,10,富邦-苗栗,2024-09-20,9657
6116,彩晶,10,0,10,富邦-苗栗,2024-09-20,9657
00915,凱基優選高股息30,26,17,9,富邦-苗栗,2024-09-20,9657
1532,勤美,9,0,9,富邦-苗栗,2024-09-20,9657
2426,鼎元,10,1,9,富邦-苗栗,2024-09-20,9657
2483,百容,9,0,9,富邦-苗栗,2024-09-20,9657
2634,漢翔,10,1,9,富邦-苗栗,2024-09-20,9657
2312,金寶,30,21,9,富邦-苗栗,2024-09-20,9657
00680L,元大美債20正2,32,24,8,富邦-苗栗,2024-09-20,9657
00931B,統一美債20年,10,2,8,富邦-苗栗,2024-09-20,9657
3430,奇鈦科,24,16,8,富邦-苗栗,2024-09-20,9657
5460,同協,15,7,8,富邦-苗栗,2024-09-20,9657
00632R,元大台灣50反1,209,0,209,富邦-苗栗,2024-09-23,9657
00713,元大台灣高息低波,168,0,168,富邦-苗栗,2024-09-23,9657
2888,新光金,168,49,119,富邦-苗栗,2024-09-23,9657
4711,永純,100,0,100,富邦-苗栗,2024-09-23,9657
3047,訊舟,56,1,55,富邦-苗栗,2024-09-23,9657
00929,復華台灣科技優息,56,5,51,富邦-苗栗,2024-09-23,9657
00676R,富邦臺灣加權反1,150,100,50,富邦-苗栗,2024-09-23,9657
00937B,群益ESG投等債20,52,7,45,富邦-苗栗,2024-09-23,9657
00633L,富邦上証正2,30,3,27,富邦-苗栗,2024-09-23,9657
1721,三晃,60,35,25,富邦-苗栗,2024-09-23,9657
2481,強茂,22,0,22,富邦-苗栗,2024-09-23,9657
4426,利勤,22,0,22,富邦-苗栗,2024-09-23,9657
00958B,永豐ESG銀行債15,20,0,20,富邦-苗栗,2024-09-23,9657
00671R,富邦NASDAQ反1,20,1,19,富邦-苗栗,2024-09-23,9657
2464,盟立,27,10,17,富邦-苗栗,2024-09-23,9657
3049,精金,17,0,17,富邦-苗栗,2024-09-23,9657
00907,永豐優息存股,15,0,15,富邦-苗栗,2024-09-23,9657
00960,野村全球航運龍頭,14,0,14,富邦-苗栗,2024-09-23,9657
3511,矽瑪,13,0,13,富邦-苗栗,2024-09-23,9657
00957B,兆豐US優選投等債,12,0,12,富邦-苗栗,2024-09-23,9657
6532,瑞耘,13,1,12,富邦-苗栗,2024-09-23,9657
1711,永光,15,3,12,富邦-苗栗,2024-09-23,9657
00940,元大台灣價值高息,26,15,11,富邦-苗栗,2024-09-23,9657
8033,雷虎,11,0,11,富邦-苗栗,2024-09-23,9657
00930,永豐ESG低碳高息,10,0,10,富邦-苗栗,2024-09-23,9657
2314,台揚,10,0,10,富邦-苗栗,2024-09-23,9657
6133,金橋,10,0,10,富邦-苗栗,2024-09-23,9657
6431,光麗-KY,10,0,10,富邦-苗栗,2024-09-23,9657
8937,合騏,10,0,10,富邦-苗栗,2024-09-23,9657
8271,宇瞻,9,0,9,富邦-苗栗,2024-09-23,9657
2886,兆豐金,10,1,9,富邦-苗栗,2024-09-23,9657
1324,地球,8,0,8,富邦-苗栗,2024-09-23,9657
1785,光洋科,17,9,8,富邦-苗栗,2024-09-23,9657
8104,錸寶,8,0,8,富邦-苗栗,2024-09-23,9657
006208,富邦台50,15,7,8,富邦-苗栗,2024-09-23,9657
2365,昆盈,7,0,7,富邦-苗栗,2024-09-23,9657
2425,承啟,11,4,7,富邦-苗栗,2024-09-23,9657
2349,錸德,18,11,7,富邦-苗栗,2024-09-23,9657
2353,宏��,7,0,7,富邦-苗栗,2024-09-23,9657
2377,微星,7,0,7,富邦-苗栗,2024-09-23,9657
3339,泰谷,7,0,7,富邦-苗栗,2024-09-23,9657
0056,元大高股息,6,0,6,富邦-苗栗,2024-09-23,9657
1717,長興,6,0,6,富邦-苗栗,2024-09-23,9657
2477,美隆電,6,0,6,富邦-苗栗,2024-09-23,9657
4707,磐亞,6,0,6,富邦-苗栗,2024-09-23,9657
2867,三商壽,6,0,6,富邦-苗栗,2024-09-23,9657
00664R,國泰臺灣加權反1,5,0,5,富邦-苗栗,2024-09-23,9657
1447,力鵬,5,0,5,富邦-苗栗,2024-09-23,9657
4538,大詠城,5,0,5,富邦-苗栗,2024-09-23,9657
6143,振曜,5,0,5,富邦-苗栗,2024-09-23,9657
00937B,群益ESG投等債20,197,9,188,富邦-苗栗,2024-09-24,9657
2349,錸德,124,0,124,富邦-苗栗,2024-09-24,9657
00632R,元大台灣50反1,111,0,111,富邦-苗栗,2024-09-24,9657
00679B,元大美債20年,86,2,84,富邦-苗栗,2024-09-24,9657
00918,大華優利高填息30,73,0,73,富邦-苗栗,2024-09-24,9657
00687B,國泰20年美債,52,0,52,富邦-苗栗,2024-09-24,9657
00958B,永豐ESG銀行債15,50,0,50,富邦-苗栗,2024-09-24,9657
3481,群創,50,2,48,富邦-苗栗,2024-09-24,9657
3652,精聯,35,0,35,富邦-苗栗,2024-09-24,9657
3581,博磊,31,3,28,富邦-苗栗,2024-09-24,9657
6743,安普新,27,0,27,富邦-苗栗,2024-09-24,9657
2393,億光,25,0,25,富邦-苗栗,2024-09-24,9657
3013,晟銘電,37,13,24,富邦-苗栗,2024-09-24,9657
00929,復華台灣科技優息,41,19,22,富邦-苗栗,2024-09-24,9657
0056,元大高股息,29,9,20,富邦-苗栗,2024-09-24,9657
00907,永豐優息存股,20,0,20,富邦-苗栗,2024-09-24,9657
3059,華晶科,20,0,20,富邦-苗栗,2024-09-24,9657
6235,華孚,18,0,18,富邦-苗栗,2024-09-24,9657
6177,達麗,30,13,17,富邦-苗栗,2024-09-24,9657
2388,威盛,30,14,16,富邦-苗栗,2024-09-24,9657
00878,國泰永續高股息,20,4,16,富邦-苗栗,2024-09-24,9657
2497,怡利電,17,2,15,富邦-苗栗,2024-09-24,9657
3597,映興,15,0,15,富邦-苗栗,2024-09-24,9657
00664R,國泰臺灣加權反1,14,0,14,富邦-苗栗,2024-09-24,9657
3360,尚立,15,1,14,富邦-苗栗,2024-09-24,9657
3607,谷崧,14,0,14,富邦-苗栗,2024-09-24,9657
8096,擎亞,21,7,14,富邦-苗栗,2024-09-24,9657
3066,李洲,16,3,13,富邦-苗栗,2024-09-24,9657
6431,光麗-KY,13,0,13,富邦-苗栗,2024-09-24,9657
1584,精剛,17,4,13,富邦-苗栗,2024-09-24,9657
1524,耿鼎,13,1,12,富邦-苗栗,2024-09-24,9657
6104,創惟,14,2,12,富邦-苗栗,2024-09-24,9657
2498,宏達電,11,0,11,富邦-苗栗,2024-09-24,9657
3520,華盈,11,0,11,富邦-苗栗,2024-09-24,9657
6133,金橋,11,0,11,富邦-苗栗,2024-09-24,9657
00939,統一台灣高息動能,10,0,10,富邦-苗栗,2024-09-24,9657
00945B,凱基美國非投等債,10,0,10,富邦-苗栗,2024-09-24,9657
1324,地球,10,0,10,富邦-苗栗,2024-09-24,9657
2887,台新金,10,0,10,富邦-苗栗,2024-09-24,9657
6405,悅城,10,0,10,富邦-苗栗,2024-09-24,9657
8215,明基材,10,0,10,富邦-苗栗,2024-09-24,9657
9105,泰金寶-DR,10,0,10,富邦-苗栗,2024-09-24,9657
2916,滿心,10,0,10,富邦-苗栗,2024-09-24,9657
2610,華航,10,1,9,富邦-苗栗,2024-09-24,9657
6530,創威,9,0,9,富邦-苗栗,2024-09-24,9657
3374,精材,14,6,8,富邦-苗栗,2024-09-24,9657
3081,聯亞,16,8,8,富邦-苗栗,2024-09-24,9657
1316,上曜,8,0,8,富邦-苗栗,2024-09-24,9657
3498,陽程,10,2,8,富邦-苗栗,2024-09-24,9657
6111,大宇資,8,0,8,富邦-苗栗,2024-09-24,9657
00687B,國泰20年美債,153,6,147,富邦-苗栗,2024-09-25,9657
3059,華晶科,40,0,40,富邦-苗栗,2024-09-25,9657
00696B,富邦美債20年,31,0,31,富邦-苗栗,2024-09-25,9657
3149,正達,63,36,27,富邦-苗栗,2024-09-25,9657
8096,擎亞,45,18,27,富邦-苗栗,2024-09-25,9657
2374,佳能,25,0,25,富邦-苗栗,2024-09-25,9657
00919,群益台灣精選高息,38,18,20,富邦-苗栗,2024-09-25,9657
00639,富邦深100,20,0,20,富邦-苗栗,2024-09-25,9657
6246,臺龍,20,2,18,富邦-苗栗,2024-09-25,9657
3711,日月光投控,20,2,18,富邦-苗栗,2024-09-25,9657
3062,建漢,18,1,17,富邦-苗栗,2024-09-25,9657
8039,台虹,16,0,16,富邦-苗栗,2024-09-25,9657
2367,燿華,24,9,15,富邦-苗栗,2024-09-25,9657
2888,新光金,34,19,15,富邦-苗栗,2024-09-25,9657
00830,國泰費城半導體,14,0,14,富邦-苗栗,2024-09-25,9657
1517,利奇,14,0,14,富邦-苗栗,2024-09-25,9657
00958B,永豐ESG銀行債15,13,0,13,富邦-苗栗,2024-09-25,9657
2388,威盛,19,7,12,富邦-苗栗,2024-09-25,9657
6411,晶焱,12,1,11,富邦-苗栗,2024-09-25,9657
1711,永光,15,5,10,富邦-苗栗,2024-09-25,9657
1101,台泥,10,0,10,富邦-苗栗,2024-09-25,9657
00700,富邦�琤肭磪�,10,0,10,富邦-苗栗,2024-09-25,9657
2402,毅嘉,18,8,10,富邦-苗栗,2024-09-25,9657
2641,正德,10,0,10,富邦-苗栗,2024-09-25,9657
3227,原相,13,3,10,富邦-苗栗,2024-09-25,9657
4903,聯光通,12,2,10,富邦-苗栗,2024-09-25,9657
4919,新唐,10,0,10,富邦-苗栗,2024-09-25,9657
6517,保勝光學,10,0,10,富邦-苗栗,2024-09-25,9657
6573,虹揚-KY,10,0,10,富邦-苗栗,2024-09-25,9657
006208,富邦台50,9,1,8,富邦-苗栗,2024-09-25,9657
6215,和椿,11,3,8,富邦-苗栗,2024-09-25,9657
0050,元大台灣50,15,8,7,富邦-苗栗,2024-09-25,9657
1618,合機,9,2,7,富邦-苗栗,2024-09-25,9657
6143,振曜,6,0,6,富邦-苗栗,2024-09-25,9657
00751B,元大AAA至A公司債,6,0,6,富邦-苗栗,2024-09-25,9657
2313,華通,37,31,6,富邦-苗栗,2024-09-25,9657
2408,南亞科,7,1,6,富邦-苗栗,2024-09-25,9657
4114,健喬,6,0,6,富邦-苗栗,2024-09-25,9657
2495,普安,5,0,5,富邦-苗栗,2024-09-25,9657
1808,潤隆,5,0,5,富邦-苗栗,2024-09-25,9657
2355,敬鵬,5,0,5,富邦-苗栗,2024-09-25,9657
2483,百容,5,0,5,富邦-苗栗,2024-09-25,9657
2545,皇翔,5,0,5,富邦-苗栗,2024-09-25,9657
2617,台航,5,0,5,富邦-苗栗,2024-09-25,9657
3051,力特,5,0,5,富邦-苗栗,2024-09-25,9657
3663,鑫科,5,0,5,富邦-苗栗,2024-09-25,9657
6967,汎瑋材料,5,0,5,富邦-苗栗,2024-09-25,9657
3715,定穎投控,24,19,5,富邦-苗栗,2024-09-25,9657
3363,上詮,9,4,5,富邦-苗栗,2024-09-25,9657
6257,矽格,5,0,5,富邦-苗栗,2024-09-25,9657
00687B,國泰20年美債,145,15,130,富邦-苗栗,2024-09-26,9657
00679B,元大美債20年,134,11,123,富邦-苗栗,2024-09-26,9657
00937B,群益ESG投等債20,120,5,115,富邦-苗栗,2024-09-26,9657
00665L,富邦�琤肭磪囓�2,110,3,107,富邦-苗栗,2024-09-26,9657
00948B,中信優息投資級債,50,5,45,富邦-苗栗,2024-09-26,9657
3303,岱稜,38,0,38,富邦-苗栗,2024-09-26,9657
2344,華邦電,32,4,28,富邦-苗栗,2024-09-26,9657
6188,廣明,31,4,27,富邦-苗栗,2024-09-26,9657
00712,復華富時不動產,26,1,25,富邦-苗栗,2024-09-26,9657
00715L,期街口布蘭特正2,25,0,25,富邦-苗栗,2024-09-26,9657
4974,亞泰,30,5,25,富邦-苗栗,2024-09-26,9657
3019,亞光,28,7,21,富邦-苗栗,2024-09-26,9657
3047,訊舟,25,5,20,富邦-苗栗,2024-09-26,9657
3227,原相,20,0,20,富邦-苗栗,2024-09-26,9657
3003,健和興,20,0,20,富邦-苗栗,2024-09-26,9657
00632R,元大台灣50反1,21,2,19,富邦-苗栗,2024-09-26,9657
1517,利奇,18,0,18,富邦-苗栗,2024-09-26,9657
6235,華孚,20,2,18,富邦-苗栗,2024-09-26,9657
6573,虹揚-KY,20,2,18,富邦-苗栗,2024-09-26,9657
1540,喬福,21,4,17,富邦-苗栗,2024-09-26,9657
00878,國泰永續高股息,43,25,18,富邦-苗栗,2024-09-26,9657
8076,伍豐,28,11,17,富邦-苗栗,2024-09-26,9657
3711,日月光投控,19,4,15,富邦-苗栗,2024-09-26,9657
00959B,大華投等美債15Y+,15,1,14,富邦-苗栗,2024-09-26,9657
00960,野村全球航運龍頭,24,11,13,富邦-苗栗,2024-09-26,9657
00688L,國泰20年美債正2,13,0,13,富邦-苗栗,2024-09-26,9657
5905,南仁湖,13,0,13,富邦-苗栗,2024-09-26,9657
2886,兆豐金,12,0,12,富邦-苗栗,2024-09-26,9657
00795B,中信美國公債20年,12,0,12,富邦-苗栗,2024-09-26,9657
2613,中櫃,17,6,11,富邦-苗栗,2024-09-26,9657
6194,育富,11,0,11,富邦-苗栗,2024-09-26,9657
00696B,富邦美債20年,11,0,11,富邦-苗栗,2024-09-26,9657
2615,萬海,63,52,11,富邦-苗栗,2024-09-26,9657
00655L,國泰中國A50正2,10,0,10,富邦-苗栗,2024-09-26,9657
3588,通嘉,11,1,10,富邦-苗栗,2024-09-26,9657
3652,精聯,10,0,10,富邦-苗栗,2024-09-26,9657
3673,TPK-KY,20,10,10,富邦-苗栗,2024-09-26,9657
2313,華通,10,0,10,富邦-苗栗,2024-09-26,9657
0050,元大台灣50,14,5,9,富邦-苗栗,2024-09-26,9657
1447,力鵬,10,1,9,富邦-苗栗,2024-09-26,9657
1810,和成,9,0,9,富邦-苗栗,2024-09-26,9657
2892,第一金,10,1,9,富邦-苗栗,2024-09-26,9657
2312,金寶,91,83,8,富邦-苗栗,2024-09-26,9657
2393,億光,8,0,8,富邦-苗栗,2024-09-26,9657
2356,英業達,7,0,7,富邦-苗栗,2024-09-26,9657
2365,昆盈,13,6,7,富邦-苗栗,2024-09-26,9657
2618,長榮航,7,0,7,富邦-苗栗,2024-09-26,9657
1711,永光,7,1,6,富邦-苗栗,2024-09-26,9657
1530,亞崴,6,0,6,富邦-苗栗,2024-09-26,9657
1808,潤隆,7,1,6,富邦-苗栗,2024-09-26,9657
00882,中信中國高股息,248,47,201,富邦-苗栗,2024-09-27,9657
00929,復華台灣科技優息,221,24,197,富邦-苗栗,2024-09-27,9657
00885,富邦越南,180,0,180,富邦-苗栗,2024-09-27,9657
00937B,群益ESG投等債20,118,47,71,富邦-苗栗,2024-09-27,9657
00712,復華富時不動產,69,21,48,富邦-苗栗,2024-09-27,9657
2409,友達,88,44,44,富邦-苗栗,2024-09-27,9657
00632R,元大台灣50反1,43,0,43,富邦-苗栗,2024-09-27,9657
00948B,中信優息投資級債,50,10,40,富邦-苗栗,2024-09-27,9657
00679B,元大美債20年,46,9,37,富邦-苗栗,2024-09-27,9657
3041,揚智,37,2,35,富邦-苗栗,2024-09-27,9657
006208,富邦台50,36,1,35,富邦-苗栗,2024-09-27,9657
2388,威盛,44,12,32,富邦-苗栗,2024-09-27,9657
1909,榮成,30,0,30,富邦-苗栗,2024-09-27,9657
2886,兆豐金,28,0,28,富邦-苗栗,2024-09-27,9657
2241,艾姆勒,25,3,22,富邦-苗栗,2024-09-27,9657
00715L,期街口布蘭特正2,21,0,21,富邦-苗栗,2024-09-27,9657
00919,群益台灣精選高息,56,36,20,富邦-苗栗,2024-09-27,9657
00688L,國泰20年美債正2,20,0,20,富邦-苗栗,2024-09-27,9657
00687B,國泰20年美債,104,86,18,富邦-苗栗,2024-09-27,9657
4545,銘鈺,18,1,17,富邦-苗栗,2024-09-27,9657
1313,聯成,22,6,16,富邦-苗栗,2024-09-27,9657
2314,台揚,16,0,16,富邦-苗栗,2024-09-27,9657
3484,崧騰,16,0,16,富邦-苗栗,2024-09-27,9657
5392,能率,16,0,16,富邦-苗栗,2024-09-27,9657
2891,中信金,20,6,14,富邦-苗栗,2024-09-27,9657
1326,台化,21,7,14,富邦-苗栗,2024-09-27,9657
1314,中石化,15,3,12,富邦-苗栗,2024-09-27,9657
2408,南亞科,12,1,11,富邦-苗栗,2024-09-27,9657
8358,金居,11,0,11,富邦-苗栗,2024-09-27,9657
3037,欣興,14,4,10,富邦-苗栗,2024-09-27,9657
00700,富邦�琤肭磪�,10,0,10,富邦-苗栗,2024-09-27,9657
2399,映泰,12,2,10,富邦-苗栗,2024-09-27,9657
2812,台中銀,20,10,10,富邦-苗栗,2024-09-27,9657
3313,斐成,10,0,10,富邦-苗栗,2024-09-27,9657
3577,泓格,20,10,10,富邦-苗栗,2024-09-27,9657
5460,同協,10,0,10,富邦-苗栗,2024-09-27,9657
6133,金橋,10,0,10,富邦-苗栗,2024-09-27,9657
6134,萬旭,10,0,10,富邦-苗栗,2024-09-27,9657
00665L,富邦�琤肭磪囓�2,11,2,9,富邦-苗栗,2024-09-27,9657
2030,彰源,11,2,9,富邦-苗栗,2024-09-27,9657
2049,上銀,11,2,9,富邦-苗栗,2024-09-27,9657
00960,野村全球航運龍頭,18,10,8,富邦-苗栗,2024-09-27,9657
3715,定穎投控,13,5,8,富邦-苗栗,2024-09-27,9657
00680L,元大美債20正2,7,0,7,富邦-苗栗,2024-09-27,9657
2881,富邦金,8,2,6,富邦-苗栗,2024-09-27,9657
6442,光聖,9,3,6,富邦-苗栗,2024-09-27,9657
3339,泰谷,6,0,6,富邦-苗栗,2024-09-27,9657
6143,振曜,7,2,5,富邦-苗栗,2024-09-27,9657
1905,華紙,5,0,5,富邦-苗栗,2024-09-27,9657
2313,華通,10,5,5,富邦-苗栗,2024-09-27,9657
00753L,中信中國50正2,561,260,301,富邦-苗栗,2024-09-30,9657
00929,復華台灣科技優息,298,81,217,富邦-苗栗,2024-09-30,9657
00687B,國泰20年美債,211,2,209,富邦-苗栗,2024-09-30,9657
00885,富邦越南,113,0,113,富邦-苗栗,2024-09-30,9657
00919,群益台灣精選高息,203,114,89,富邦-苗栗,2024-09-30,9657
00632R,元大台灣50反1,100,34,66,富邦-苗栗,2024-09-30,9657
00881,國泰台灣5G+,50,0,50,富邦-苗栗,2024-09-30,9657
8111,立��,53,5,48,富邦-苗栗,2024-09-30,9657
3231,緯創,47,0,47,富邦-苗栗,2024-09-30,9657
0050,元大台灣50,61,21,40,富邦-苗栗,2024-09-30,9657
2609,陽明,44,4,40,富邦-苗栗,2024-09-30,9657
2444,兆勁,40,0,40,富邦-苗栗,2024-09-30,9657
4971,IET-KY,34,1,33,富邦-苗栗,2024-09-30,9657
00940,元大台灣價值高息,42,9,33,富邦-苗栗,2024-09-30,9657
4938,和碩,31,0,31,富邦-苗栗,2024-09-30,9657
6257,矽格,20,0,20,富邦-苗栗,2024-09-30,9657
00679B,元大美債20年,25,7,18,富邦-苗栗,2024-09-30,9657
4532,瑞智,20,2,18,富邦-苗栗,2024-09-30,9657
00946,群益科技高息成長,18,0,18,富邦-苗栗,2024-09-30,9657
1309,台達化,18,2,16,富邦-苗栗,2024-09-30,9657
3149,正達,26,10,16,富邦-苗栗,2024-09-30,9657
00927,群益半導體收益,16,0,16,富邦-苗栗,2024-09-30,9657
00882,中信中國高股息,120,105,15,富邦-苗栗,2024-09-30,9657
2330,台積電,23,9,14,富邦-苗栗,2024-09-30,9657
3047,訊舟,14,0,14,富邦-苗栗,2024-09-30,9657
00720B,元大投資級公司債,14,0,14,富邦-苗栗,2024-09-30,9657
3588,通嘉,15,1,14,富邦-苗栗,2024-09-30,9657
6431,光麗-KY,15,2,13,富邦-苗栗,2024-09-30,9657
2033,佳大,12,0,12,富邦-苗栗,2024-09-30,9657
2888,新光金,25,15,10,富邦-苗栗,2024-09-30,9657
00958B,永豐ESG銀行債15,10,0,10,富邦-苗栗,2024-09-30,9657
2314,台揚,10,0,10,富邦-苗栗,2024-09-30,9657
3094,聯傑,10,0,10,富邦-苗栗,2024-09-30,9657
3289,宜特,10,0,10,富邦-苗栗,2024-09-30,9657
4919,新唐,13,3,10,富邦-苗栗,2024-09-30,9657
5460,同協,10,0,10,富邦-苗栗,2024-09-30,9657
8074,鉅橡,10,0,10,富邦-苗栗,2024-09-30,9657
2014,中鴻,68,58,10,富邦-苗栗,2024-09-30,9657
2886,兆豐金,10,0,10,富邦-苗栗,2024-09-30,9657
3484,崧騰,9,0,9,富邦-苗栗,2024-09-30,9657
6743,安普新,9,0,9,富邦-苗栗,2024-09-30,9657
00905,FT臺灣Smart,8,0,8,富邦-苗栗,2024-09-30,9657
2845,遠東銀,8,0,8,富邦-苗栗,2024-09-30,9657
3652,精聯,8,0,8,富邦-苗栗,2024-09-30,9657
4720,德淵,10,2,8,富邦-苗栗,2024-09-30,9657
3013,晟銘電,11,3,8,富邦-苗栗,2024-09-30,9657
1301,台塑,9,2,7,富邦-苗栗,2024-09-30,9657
3189,景碩,7,0,7,富邦-苗栗,2024-09-30,9657
2449,京元電子,9,2,7,富邦-苗栗,2024-09-30,9657
00948B,中信優息投資級債,7,0,7,富邦-苗栗,2024-09-30,9657
00632R,元大台灣50反1,348,219,129,富邦-苗栗,2024-10-01,9657
00753L,中信中國50正2,131,5,126,富邦-苗栗,2024-10-01,9657
9907,統一實,100,0,100,富邦-苗栗,2024-10-01,9657
00919,群益台灣精選高息,81,10,71,富邦-苗栗,2024-10-01,9657
8097,常珵,60,0,60,富邦-苗栗,2024-10-01,9657
0056,元大高股息,52,0,52,富邦-苗栗,2024-10-01,9657
00676R,富邦臺灣加權反1,50,0,50,富邦-苗栗,2024-10-01,9657
00937B,群益ESG投等債20,50,3,47,富邦-苗栗,2024-10-01,9657
00679B,元大美債20年,30,5,25,富邦-苗栗,2024-10-01,9657
00687B,國泰20年美債,31,6,25,富邦-苗栗,2024-10-01,9657
00878,國泰永續高股息,24,0,24,富邦-苗栗,2024-10-01,9657
00665L,富邦�琤肭磪囓�2,42,20,22,富邦-苗栗,2024-10-01,9657
2382,廣達,26,5,21,富邦-苗栗,2024-10-01,9657
00830,國泰費城半導體,21,0,21,富邦-苗栗,2024-10-01,9657
1608,華榮,20,0,20,富邦-苗栗,2024-10-01,9657
3715,定穎投控,27,7,20,富邦-苗栗,2024-10-01,9657
2415,錩新,19,0,19,富邦-苗栗,2024-10-01,9657
2317,鴻海,25,6,19,富邦-苗栗,2024-10-01,9657
00637L,元大滬深300正2,18,0,18,富邦-苗栗,2024-10-01,9657
020033,統一�琤肮黕篾,16,0,16,富邦-苗栗,2024-10-01,9657
00922,國泰台灣領袖50,15,0,15,富邦-苗栗,2024-10-01,9657
00927,群益半導體收益,15,0,15,富邦-苗栗,2024-10-01,9657
00688L,國泰20年美債正2,15,0,15,富邦-苗栗,2024-10-01,9657
2884,玉山金,20,5,15,富邦-苗栗,2024-10-01,9657
4974,亞泰,17,2,15,富邦-苗栗,2024-10-01,9657
6285,啟��,14,0,14,富邦-苗栗,2024-10-01,9657
00948B,中信優息投資級債,10,0,10,富邦-苗栗,2024-10-01,9657
00958B,永豐ESG銀行債15,10,0,10,富邦-苗栗,2024-10-01,9657
3041,揚智,10,0,10,富邦-苗栗,2024-10-01,9657
3532,台勝科,10,0,10,富邦-苗栗,2024-10-01,9657
6116,彩晶,10,0,10,富邦-苗栗,2024-10-01,9657
6179,亞通,10,0,10,富邦-苗栗,2024-10-01,9657
6204,艾華,10,0,10,富邦-苗栗,2024-10-01,9657
2543,皇昌,10,0,10,富邦-苗栗,2024-10-01,9657
3499,環天科,10,1,9,富邦-苗栗,2024-10-01,9657
6257,矽格,8,0,8,富邦-苗栗,2024-10-01,9657
00631L,元大台灣50正2,8,0,8,富邦-苗栗,2024-10-01,9657
3484,崧騰,8,0,8,富邦-苗栗,2024-10-01,9657
4745,合富-KY,8,0,8,富邦-苗栗,2024-10-01,9657
6743,安普新,8,0,8,富邦-苗栗,2024-10-01,9657
3017,奇鋐,7,0,7,富邦-苗栗,2024-10-01,9657
3003,健和興,7,0,7,富邦-苗栗,2024-10-01,9657
8111,立��,13,6,7,富邦-苗栗,2024-10-01,9657
00918,大華優利高填息30,7,0,7,富邦-苗栗,2024-10-01,9657
00713,元大台灣高息低波,8,2,6,富邦-苗栗,2024-10-01,9657
2327,國巨,6,0,6,富邦-苗栗,2024-10-01,9657
2303,聯電,6,0,6,富邦-苗栗,2024-10-01,9657
2070,精湛,9,3,6,富邦-苗栗,2024-10-01,9657
1809,中釉,6,0,6,富邦-苗栗,2024-10-01,9657
2344,華邦電,6,0,6,富邦-苗栗,2024-10-01,9657
00937B,群益ESG投等債20,181,5,176,富邦-苗栗,2024-10-04,9657
00919,群益台灣精選高息,165,23,142,富邦-苗栗,2024-10-04,9657
00940,元大台灣價值高息,105,0,105,富邦-苗栗,2024-10-04,9657
00885,富邦越南,106,1,105,富邦-苗栗,2024-10-04,9657
00753L,中信中國50正2,161,62,99,富邦-苗栗,2024-10-04,9657
2609,陽明,90,8,82,富邦-苗栗,2024-10-04,9657
00712,復華富時不動產,82,2,80,富邦-苗栗,2024-10-04,9657
00948B,中信優息投資級債,51,0,51,富邦-苗栗,2024-10-04,9657
0056,元大高股息,68,17,51,富邦-苗栗,2024-10-04,9657
00929,復華台灣科技優息,108,58,50,富邦-苗栗,2024-10-04,9657
2603,長榮,54,15,39,富邦-苗栗,2024-10-04,9657
00687B,國泰20年美債,44,11,33,富邦-苗栗,2024-10-04,9657
00639,富邦深100,33,3,30,富邦-苗栗,2024-10-04,9657
00715L,期街口布蘭特正2,160,135,25,富邦-苗栗,2024-10-04,9657
2834,臺企銀,25,0,25,富邦-苗栗,2024-10-04,9657
2892,第一金,35,11,24,富邦-苗栗,2024-10-04,9657
2887,台新金,24,0,24,富邦-苗栗,2024-10-04,9657
6235,華孚,21,0,21,富邦-苗栗,2024-10-04,9657
00922,國泰台灣領袖50,17,0,17,富邦-苗栗,2024-10-04,9657
00783,富邦中証500,15,0,15,富邦-苗栗,2024-10-04,9657
8085,福華,15,0,15,富邦-苗栗,2024-10-04,9657
00960,野村全球航運龍頭,21,6,15,富邦-苗栗,2024-10-04,9657
8076,伍豐,14,0,14,富邦-苗栗,2024-10-04,9657
2449,京元電子,13,0,13,富邦-苗栗,2024-10-04,9657
00946,群益科技高息成長,12,0,12,富邦-苗栗,2024-10-04,9657
3047,訊舟,12,0,12,富邦-苗栗,2024-10-04,9657
00636,國泰中國A50,12,0,12,富邦-苗栗,2024-10-04,9657
8104,錸寶,14,2,12,富邦-苗栗,2024-10-04,9657
00939,統一台灣高息動能,12,0,12,富邦-苗栗,2024-10-04,9657
2363,矽統,11,0,11,富邦-苗栗,2024-10-04,9657
2618,長榮航,45,34,11,富邦-苗栗,2024-10-04,9657
2886,兆豐金,12,1,11,富邦-苗栗,2024-10-04,9657
00887,永豐中國科技50大,11,0,11,富邦-苗栗,2024-10-04,9657
6869,雲豹能源,20,9,11,富邦-苗栗,2024-10-04,9657
3023,信邦,10,0,10,富邦-苗栗,2024-10-04,9657
00673R,期元大S＆P原油反1,10,0,10,富邦-苗栗,2024-10-04,9657
3041,揚智,12,2,10,富邦-苗栗,2024-10-04,9657
3532,台勝科,10,0,10,富邦-苗栗,2024-10-04,9657
5309,系統電,10,0,10,富邦-苗栗,2024-10-04,9657
8201,無敵,10,0,10,富邦-苗栗,2024-10-04,9657
1565,精華,10,0,10,富邦-苗栗,2024-10-04,9657
00634R,富邦上証反1,10,1,9,富邦-苗栗,2024-10-04,9657
00688L,國泰20年美債正2,9,0,9,富邦-苗栗,2024-10-04,9657
1340,勝悅-KY,9,0,9,富邦-苗栗,2024-10-04,9657
1608,華榮,9,0,9,富邦-苗栗,2024-10-04,9657
3499,環天科,9,0,9,富邦-苗栗,2024-10-04,9657
6151,晉倫,15,6,9,富邦-苗栗,2024-10-04,9657
2382,廣達,12,4,8,富邦-苗栗,2024-10-04,9657
00943,兆豐電子高息等權,8,0,8,富邦-苗栗,2024-10-04,9657
3234,光環,14,6,8,富邦-苗栗,2024-10-04,9657
00919,群益台灣精選高息,132,8,124,富邦-苗栗,2024-10-07,9657
00957B,兆豐US優選投等債,100,0,100,富邦-苗栗,2024-10-07,9657
00637L,元大滬深300正2,116,32,84,富邦-苗栗,2024-10-07,9657
1455,集盛,46,0,46,富邦-苗栗,2024-10-07,9657
2888,新光金,67,21,46,富邦-苗栗,2024-10-07,9657
3011,今皓,45,0,45,富邦-苗栗,2024-10-07,9657
00664R,國泰臺灣加權反1,40,0,40,富邦-苗栗,2024-10-07,9657
00632R,元大台灣50反1,35,0,35,富邦-苗栗,2024-10-07,9657
4155,訊映,35,0,35,富邦-苗栗,2024-10-07,9657
1711,永光,35,2,33,富邦-苗栗,2024-10-07,9657
4958,臻鼎-KY,31,0,31,富邦-苗栗,2024-10-07,9657
2605,新興,50,24,26,富邦-苗栗,2024-10-07,9657
00703,台新MSCI中國,21,0,21,富邦-苗栗,2024-10-07,9657
6148,驊宏資,21,0,21,富邦-苗栗,2024-10-07,9657
0056,元大高股息,24,3,21,富邦-苗栗,2024-10-07,9657
00922,國泰台灣領袖50,20,0,20,富邦-苗栗,2024-10-07,9657
0061,元大寶滬深,22,2,20,富邦-苗栗,2024-10-07,9657
6207,雷科,20,0,20,富邦-苗栗,2024-10-07,9657
00636,國泰中國A50,16,0,16,富邦-苗栗,2024-10-07,9657
4174,浩鼎,16,0,16,富邦-苗栗,2024-10-07,9657
8466,美吉吉-KY,16,0,16,富邦-苗栗,2024-10-07,9657
2303,聯電,19,5,14,富邦-苗栗,2024-10-07,9657
00712,復華富時不動產,14,0,14,富邦-苗栗,2024-10-07,9657
00929,復華台灣科技優息,93,79,14,富邦-苗栗,2024-10-07,9657
3481,群創,32,18,14,富邦-苗栗,2024-10-07,9657
00639,富邦深100,44,31,13,富邦-苗栗,2024-10-07,9657
00752,中信中國50,14,1,13,富邦-苗栗,2024-10-07,9657
4743,合一,13,0,13,富邦-苗栗,2024-10-07,9657
1314,中石化,22,9,13,富邦-苗栗,2024-10-07,9657
8111,立��,20,8,12,富邦-苗栗,2024-10-07,9657
2415,錩新,12,0,12,富邦-苗栗,2024-10-07,9657
00783,富邦中証500,11,0,11,富邦-苗栗,2024-10-07,9657
00680L,元大美債20正2,16,5,11,富邦-苗栗,2024-10-07,9657
00725B,國泰投資級公司債,11,0,11,富邦-苗栗,2024-10-07,9657
00924,復華S＆P500成長,11,0,11,富邦-苗栗,2024-10-07,9657
00937B,群益ESG投等債20,14,3,11,富邦-苗栗,2024-10-07,9657
4526,東台,11,0,11,富邦-苗栗,2024-10-07,9657
5876,上海商銀,11,0,11,富邦-苗栗,2024-10-07,9657
2603,長榮,16,6,10,富邦-苗栗,2024-10-07,9657
006206,元大上證50,10,0,10,富邦-苗栗,2024-10-07,9657
1742,台蠟,10,0,10,富邦-苗栗,2024-10-07,9657
2402,毅嘉,13,3,10,富邦-苗栗,2024-10-07,9657
2801,彰銀,10,0,10,富邦-苗栗,2024-10-07,9657
2836,高雄銀,10,0,10,富邦-苗栗,2024-10-07,9657
6150,撼訊,10,0,10,富邦-苗栗,2024-10-07,9657
2884,玉山金,10,1,9,富邦-苗栗,2024-10-07,9657
2313,華通,10,1,9,富邦-苗栗,2024-10-07,9657
2388,威盛,9,1,8,富邦-苗栗,2024-10-07,9657
2929,淘帝-KY,11,3,8,富邦-苗栗,2024-10-07,9657
5905,南仁湖,7,0,7,富邦-苗栗,2024-10-07,9657
00687B,國泰20年美債,120,11,109,富邦-苗栗,2024-10-08,9657
00680L,元大美債20正2,108,0,108,富邦-苗栗,2024-10-08,9657
00753L,中信中國50正2,119,16,103,富邦-苗栗,2024-10-08,9657
00882,中信中國高股息,255,156,99,富邦-苗栗,2024-10-08,9657
00929,復華台灣科技優息,167,77,90,富邦-苗栗,2024-10-08,9657
00919,群益台灣精選高息,66,1,65,富邦-苗栗,2024-10-08,9657
00679B,元大美債20年,66,5,61,富邦-苗栗,2024-10-08,9657
00673R,期元大S＆P原油反1,58,0,58,富邦-苗栗,2024-10-08,9657
00922,國泰台灣領袖50,54,1,53,富邦-苗栗,2024-10-08,9657
00688L,國泰20年美債正2,46,0,46,富邦-苗栗,2024-10-08,9657
00937B,群益ESG投等債20,47,4,43,富邦-苗栗,2024-10-08,9657
6148,驊宏資,37,0,37,富邦-苗栗,2024-10-08,9657
00713,元大台灣高息低波,33,0,33,富邦-苗栗,2024-10-08,9657
00665L,富邦�琤肭磪囓�2,103,71,32,富邦-苗栗,2024-10-08,9657
1711,永光,37,5,32,富邦-苗栗,2024-10-08,9657
4155,訊映,32,0,32,富邦-苗栗,2024-10-08,9657
00940,元大台灣價值高息,33,2,31,富邦-苗栗,2024-10-08,9657
00730,富邦臺灣優質高息,30,0,30,富邦-苗栗,2024-10-08,9657
4903,聯光通,31,2,29,富邦-苗栗,2024-10-08,9657
0056,元大高股息,28,0,28,富邦-苗栗,2024-10-08,9657
6517,保勝光學,26,0,26,富邦-苗栗,2024-10-08,9657
8039,台虹,25,0,25,富邦-苗栗,2024-10-08,9657
00712,復華富時不動產,25,0,25,富邦-苗栗,2024-10-08,9657
3011,今皓,22,0,22,富邦-苗栗,2024-10-08,9657
6207,雷科,28,7,21,富邦-苗栗,2024-10-08,9657
6235,華孚,21,0,21,富邦-苗栗,2024-10-08,9657
2312,金寶,21,0,21,富邦-苗栗,2024-10-08,9657
00907,永豐優息存股,20,0,20,富邦-苗栗,2024-10-08,9657
2610,華航,20,0,20,富邦-苗栗,2024-10-08,9657
1721,三晃,20,1,19,富邦-苗栗,2024-10-08,9657
00878,國泰永續高股息,27,10,17,富邦-苗栗,2024-10-08,9657
4174,浩鼎,14,0,14,富邦-苗栗,2024-10-08,9657
00934,中信成長高股息,14,0,14,富邦-苗栗,2024-10-08,9657
3481,群創,20,7,13,富邦-苗栗,2024-10-08,9657
3049,精金,49,36,13,富邦-苗栗,2024-10-08,9657
2887,台新金,13,1,12,富邦-苗栗,2024-10-08,9657
3037,欣興,13,1,12,富邦-苗栗,2024-10-08,9657
2867,三商壽,11,0,11,富邦-苗栗,2024-10-08,9657
4973,廣穎,11,0,11,富邦-苗栗,2024-10-08,9657
2801,彰銀,11,0,11,富邦-苗栗,2024-10-08,9657
00955,中信日本商社,10,0,10,富邦-苗栗,2024-10-08,9657
00958B,永豐ESG銀行債15,10,0,10,富邦-苗栗,2024-10-08,9657
2014,中鴻,16,6,10,富邦-苗栗,2024-10-08,9657
2344,華邦電,10,0,10,富邦-苗栗,2024-10-08,9657
2601,益航,35,25,10,富邦-苗栗,2024-10-08,9657
6150,撼訊,10,0,10,富邦-苗栗,2024-10-08,9657
6584,南俊國際,10,0,10,富邦-苗栗,2024-10-08,9657
00915,凱基優選高股息30,9,0,9,富邦-苗栗,2024-10-08,9657
2425,承啟,13,4,9,富邦-苗栗,2024-10-08,9657
2353,宏��,11,2,9,富邦-苗栗,2024-10-08,9657
00753L,中信中國50正2,442,114,328,富邦-苗栗,2024-10-09,9657
00687B,國泰20年美債,179,6,173,富邦-苗栗,2024-10-09,9657
2610,華航,115,2,113,富邦-苗栗,2024-10-09,9657
00665L,富邦�琤肭磪囓�2,150,65,85,富邦-苗栗,2024-10-09,9657
3360,尚立,64,0,64,富邦-苗栗,2024-10-09,9657
00712,復華富時不動產,79,20,59,富邦-苗栗,2024-10-09,9657
00680L,元大美債20正2,56,0,56,富邦-苗栗,2024-10-09,9657
3591,艾笛森,55,1,54,富邦-苗栗,2024-10-09,9657
00715L,期街口布蘭特正2,42,1,41,富邦-苗栗,2024-10-09,9657
00882,中信中國高股息,305,267,38,富邦-苗栗,2024-10-09,9657
6288,聯嘉,35,1,34,富邦-苗栗,2024-10-09,9657
3163,波若威,34,2,32,富邦-苗栗,2024-10-09,9657
00948B,中信優息投資級債,31,0,31,富邦-苗栗,2024-10-09,9657
1314,中石化,30,1,29,富邦-苗栗,2024-10-09,9657
3511,矽瑪,28,3,25,富邦-苗栗,2024-10-09,9657
8076,伍豐,28,3,25,富邦-苗栗,2024-10-09,9657
00929,復華台灣科技優息,82,58,24,富邦-苗栗,2024-10-09,9657
00937B,群益ESG投等債20,40,17,23,富邦-苗栗,2024-10-09,9657
2601,益航,23,3,20,富邦-苗栗,2024-10-09,9657
6235,華孚,21,1,20,富邦-苗栗,2024-10-09,9657
6526,達發,20,0,20,富邦-苗栗,2024-10-09,9657
3481,群創,23,5,18,富邦-苗栗,2024-10-09,9657
4155,訊映,17,0,17,富邦-苗栗,2024-10-09,9657
00679B,元大美債20年,22,5,17,富邦-苗栗,2024-10-09,9657
0056,元大高股息,19,3,16,富邦-苗栗,2024-10-09,9657
2313,華通,18,2,16,富邦-苗栗,2024-10-09,9657
00919,群益台灣精選高息,32,17,15,富邦-苗栗,2024-10-09,9657
2337,旺宏,15,0,15,富邦-苗栗,2024-10-09,9657
2888,新光金,42,27,15,富邦-苗栗,2024-10-09,9657
2891,中信金,20,7,13,富邦-苗栗,2024-10-09,9657
3234,光環,17,4,13,富邦-苗栗,2024-10-09,9657
6148,驊宏資,13,0,13,富邦-苗栗,2024-10-09,9657
00830,國泰費城半導體,14,1,13,富邦-苗栗,2024-10-09,9657
3025,星通,31,19,12,富邦-苗栗,2024-10-09,9657
1540,喬福,13,1,12,富邦-苗栗,2024-10-09,9657
00878,國泰永續高股息,15,4,11,富邦-苗栗,2024-10-09,9657
1301,台塑,23,12,11,富邦-苗栗,2024-10-09,9657
00650L,復華香港正2,11,0,11,富邦-苗栗,2024-10-09,9657
1539,巨庭,11,0,11,富邦-苗栗,2024-10-09,9657
2371,大同,12,1,11,富邦-苗栗,2024-10-09,9657
00959B,大華投等美債15Y+,10,0,10,富邦-苗栗,2024-10-09,9657
2887,台新金,13,3,10,富邦-苗栗,2024-10-09,9657
00633L,富邦上証正2,11,1,10,富邦-苗栗,2024-10-09,9657
1312,國喬,10,0,10,富邦-苗栗,2024-10-09,9657
1721,三晃,10,0,10,富邦-苗栗,2024-10-09,9657
2030,彰源,10,0,10,富邦-苗栗,2024-10-09,9657
2033,佳大,10,0,10,富邦-苗栗,2024-10-09,9657
3532,台勝科,10,0,10,富邦-苗栗,2024-10-09,9657
5351,鈺創,10,0,10,富邦-苗栗,2024-10-09,9657
9105,泰金寶-DR,10,0,10,富邦-苗栗,2024-10-09,9657
00687B,國泰20年美債,153,8,145,富邦-苗栗,2024-10-11,9657
00753L,中信中國50正2,114,0,114,富邦-苗栗,2024-10-11,9657
1326,台化,64,0,64,富邦-苗栗,2024-10-11,9657
5340,建榮,51,0,51,富邦-苗栗,2024-10-11,9657
00680L,元大美債20正2,45,0,45,富邦-苗栗,2024-10-11,9657
00937B,群益ESG投等債20,39,1,38,富邦-苗栗,2024-10-11,9657
8111,立��,40,5,35,富邦-苗栗,2024-10-11,9657
00713,元大台灣高息低波,34,0,34,富邦-苗栗,2024-10-11,9657
2409,友達,30,0,30,富邦-苗栗,2024-10-11,9657
00882,中信中國高股息,51,24,27,富邦-苗栗,2024-10-11,9657
00929,復華台灣科技優息,79,57,22,富邦-苗栗,2024-10-11,9657
00887,永豐中國科技50大,22,1,21,富邦-苗栗,2024-10-11,9657
00688L,國泰20年美債正2,25,5,20,富邦-苗栗,2024-10-11,9657
2344,華邦電,21,1,20,富邦-苗栗,2024-10-11,9657
6197,佳必琪,20,0,20,富邦-苗栗,2024-10-11,9657
6257,矽格,45,27,18,富邦-苗栗,2024-10-11,9657
2388,威盛,37,21,16,富邦-苗栗,2024-10-11,9657
00933B,國泰10Y+金融債,16,0,16,富邦-苗栗,2024-10-11,9657
2812,台中銀,15,0,15,富邦-苗栗,2024-10-11,9657
00907,永豐優息存股,14,0,14,富邦-苗栗,2024-10-11,9657
3481,群創,13,0,13,富邦-苗栗,2024-10-11,9657
2610,華航,13,0,13,富邦-苗栗,2024-10-11,9657
3710,連展投控,13,0,13,富邦-苗栗,2024-10-11,9657
9921,巨大,14,2,12,富邦-苗栗,2024-10-11,9657
00795B,中信美國公債20年,13,1,12,富邦-苗栗,2024-10-11,9657
2354,鴻準,13,1,12,富邦-苗栗,2024-10-11,9657
4303,信立,15,3,12,富邦-苗栗,2024-10-11,9657
00919,群益台灣精選高息,14,2,12,富邦-苗栗,2024-10-11,9657
5014,建錩,11,0,11,富邦-苗栗,2024-10-11,9657
6451,訊芯-KY,11,0,11,富邦-苗栗,2024-10-11,9657
3450,聯鈞,30,19,11,富邦-苗栗,2024-10-11,9657
00878,國泰永續高股息,17,6,11,富邦-苗栗,2024-10-11,9657
00912,中信臺灣智慧50,11,1,10,富邦-苗栗,2024-10-11,9657
5347,世界,10,0,10,富邦-苗栗,2024-10-11,9657
00637L,元大滬深300正2,28,18,10,富邦-苗栗,2024-10-11,9657
00948B,中信優息投資級債,10,0,10,富邦-苗栗,2024-10-11,9657
1527,鑽全,10,0,10,富邦-苗栗,2024-10-11,9657
3550,聯穎,11,1,10,富邦-苗栗,2024-10-11,9657
4513,福裕,11,1,10,富邦-苗栗,2024-10-11,9657
4934,太極,10,0,10,富邦-苗栗,2024-10-11,9657
6204,艾華,10,0,10,富邦-苗栗,2024-10-11,9657
6770,力積電,10,0,10,富邦-苗栗,2024-10-11,9657
8176,智捷,10,0,10,富邦-苗栗,2024-10-11,9657
1721,三晃,10,0,10,富邦-苗栗,2024-10-11,9657
0056,元大高股息,14,5,9,富邦-苗栗,2024-10-11,9657
2887,台新金,36,27,9,富邦-苗栗,2024-10-11,9657
00673R,期元大S＆P原油反1,9,0,9,富邦-苗栗,2024-10-11,9657
2468,華經,9,0,9,富邦-苗栗,2024-10-11,9657
3006,晶豪科,9,0,9,富邦-苗栗,2024-10-11,9657
6425,易發,17,8,9,富邦-苗栗,2024-10-11,9657
00680L,元大美債20正2,338,4,334,富邦-苗栗,2024-10-14,9657
00887,永豐中國科技50大,158,1,157,富邦-苗栗,2024-10-14,9657
3360,尚立,63,0,63,富邦-苗栗,2024-10-14,9657
00687B,國泰20年美債,124,68,56,富邦-苗栗,2024-10-14,9657
00637L,元大滬深300正2,126,72,54,富邦-苗栗,2024-10-14,9657
3591,艾笛森,52,1,51,富邦-苗栗,2024-10-14,9657
912000,晨訊科-DR,50,0,50,富邦-苗栗,2024-10-14,9657
2312,金寶,103,61,42,富邦-苗栗,2024-10-14,9657
3576,聯合再生,30,0,30,富邦-苗栗,2024-10-14,9657
9103,美德醫療-DR,30,0,30,富邦-苗栗,2024-10-14,9657
8383,千附,32,4,28,富邦-苗栗,2024-10-14,9657
2498,宏達電,27,0,27,富邦-苗栗,2024-10-14,9657
6288,聯嘉,27,0,27,富邦-苗栗,2024-10-14,9657
2426,鼎元,30,4,26,富邦-苗栗,2024-10-14,9657
8111,立��,40,15,25,富邦-苗栗,2024-10-14,9657
00688L,國泰20年美債正2,21,0,21,富邦-苗栗,2024-10-14,9657
00960,野村全球航運龍頭,18,1,17,富邦-苗栗,2024-10-14,9657
00720B,元大投資級公司債,14,0,14,富邦-苗栗,2024-10-14,9657
00882,中信中國高股息,22,8,14,富邦-苗栗,2024-10-14,9657
2313,華通,13,0,13,富邦-苗栗,2024-10-14,9657
3049,精金,13,0,13,富邦-苗栗,2024-10-14,9657
4729,熒茂,13,0,13,富邦-苗栗,2024-10-14,9657
2412,中華電,12,0,12,富邦-苗栗,2024-10-14,9657
2399,映泰,33,21,12,富邦-苗栗,2024-10-14,9657
4909,新復興,17,6,11,富邦-苗栗,2024-10-14,9657
00919,群益台灣精選高息,26,15,11,富邦-苗栗,2024-10-14,9657
00653L,富邦印度正2,10,0,10,富邦-苗栗,2024-10-14,9657
00918,大華優利高填息30,10,0,10,富邦-苗栗,2024-10-14,9657
2105,正新,10,0,10,富邦-苗栗,2024-10-14,9657
4426,利勤,10,0,10,富邦-苗栗,2024-10-14,9657
8074,鉅橡,10,0,10,富邦-苗栗,2024-10-14,9657
9958,世紀鋼,12,2,10,富邦-苗栗,2024-10-14,9657
2543,皇昌,12,2,10,富邦-苗栗,2024-10-14,9657
2515,中工,10,1,9,富邦-苗栗,2024-10-14,9657
4919,新唐,11,2,9,富邦-苗栗,2024-10-14,9657
6443,元晶,10,1,9,富邦-苗栗,2024-10-14,9657
3234,光環,9,0,9,富邦-苗栗,2024-10-14,9657
00712,復華富時不動產,9,0,9,富邦-苗栗,2024-10-14,9657
00878,國泰永續高股息,13,5,8,富邦-苗栗,2024-10-14,9657
2388,威盛,11,3,8,富邦-苗栗,2024-10-14,9657
00943,兆豐電子高息等權,8,0,8,富邦-苗栗,2024-10-14,9657
1708,東鹼,8,0,8,富邦-苗栗,2024-10-14,9657
2323,中環,10,2,8,富邦-苗栗,2024-10-14,9657
2374,佳能,8,0,8,富邦-苗栗,2024-10-14,9657
6526,達發,8,0,8,富邦-苗栗,2024-10-14,9657
2330,台積電,10,2,8,富邦-苗栗,2024-10-14,9657
6104,創惟,20,13,7,富邦-苗栗,2024-10-14,9657
3041,揚智,10,3,7,富邦-苗栗,2024-10-14,9657
2867,三商壽,6,0,6,富邦-苗栗,2024-10-14,9657
3710,連展投控,6,0,6,富邦-苗栗,2024-10-14,9657
00887,永豐中國科技50大,152,1,151,富邦-苗栗,2024-10-15,9657
00679B,元大美債20年,156,8,148,富邦-苗栗,2024-10-15,9657
00687B,國泰20年美債,143,0,143,富邦-苗栗,2024-10-15,9657
3591,艾笛森,110,10,100,富邦-苗栗,2024-10-15,9657
2888,新光金,114,39,75,富邦-苗栗,2024-10-15,9657
00937B,群益ESG投等債20,78,5,73,富邦-苗栗,2024-10-15,9657
00715L,期街口布蘭特正2,65,7,58,富邦-苗栗,2024-10-15,9657
2323,中環,56,1,55,富邦-苗栗,2024-10-15,9657
00919,群益台灣精選高息,56,5,51,富邦-苗栗,2024-10-15,9657
00637L,元大滬深300正2,49,2,47,富邦-苗栗,2024-10-15,9657
00882,中信中國高股息,57,11,46,富邦-苗栗,2024-10-15,9657
4956,光鋐,73,34,39,富邦-苗栗,2024-10-15,9657
4510,高鋒,35,3,32,富邦-苗栗,2024-10-15,9657
5443,均豪,32,1,31,富邦-苗栗,2024-10-15,9657
4977,眾達-KY,32,4,28,富邦-苗栗,2024-10-15,9657
00915,凱基優選高股息30,31,4,27,富邦-苗栗,2024-10-15,9657
2915,潤泰全,26,0,26,富邦-苗栗,2024-10-15,9657
3715,定穎投控,22,0,22,富邦-苗栗,2024-10-15,9657
4919,新唐,26,4,22,富邦-苗栗,2024-10-15,9657
4526,東台,22,1,21,富邦-苗栗,2024-10-15,9657
00688L,國泰20年美債正2,20,0,20,富邦-苗栗,2024-10-15,9657
00958B,永豐ESG銀行債15,20,0,20,富邦-苗栗,2024-10-15,9657
2105,正新,20,0,20,富邦-苗栗,2024-10-15,9657
3189,景碩,20,1,19,富邦-苗栗,2024-10-15,9657
8111,立��,19,2,17,富邦-苗栗,2024-10-15,9657
00632R,元大台灣50反1,22,5,17,富邦-苗栗,2024-10-15,9657
00954,中信日本半導體,16,0,16,富邦-苗栗,2024-10-15,9657
6288,聯嘉,15,0,15,富邦-苗栗,2024-10-15,9657
1802,台玻,12,0,12,富邦-苗栗,2024-10-15,9657
1608,華榮,11,0,11,富邦-苗栗,2024-10-15,9657
2601,益航,11,0,11,富邦-苗栗,2024-10-15,9657
3499,環天科,11,0,11,富邦-苗栗,2024-10-15,9657
4772,台特化,11,0,11,富邦-苗栗,2024-10-15,9657
3149,正達,47,37,10,富邦-苗栗,2024-10-15,9657
00653L,富邦印度正2,10,0,10,富邦-苗栗,2024-10-15,9657
1312,國喬,10,0,10,富邦-苗栗,2024-10-15,9657
2409,友達,11,1,10,富邦-苗栗,2024-10-15,9657
3234,光環,10,0,10,富邦-苗栗,2024-10-15,9657
6151,晉倫,10,0,10,富邦-苗栗,2024-10-15,9657
6163,華電網,10,0,10,富邦-苗栗,2024-10-15,9657
6525,捷敏-KY,21,11,10,富邦-苗栗,2024-10-15,9657
8039,台虹,10,0,10,富邦-苗栗,2024-10-15,9657
3231,緯創,13,4,9,富邦-苗栗,2024-10-15,9657
6116,彩晶,8,0,8,富邦-苗栗,2024-10-15,9657
6285,啟��,8,0,8,富邦-苗栗,2024-10-15,9657
6546,正基,8,1,7,富邦-苗栗,2024-10-15,9657
3163,波若威,8,1,7,富邦-苗栗,2024-10-15,9657
5347,世界,7,0,7,富邦-苗栗,2024-10-15,9657
00961,FT臺灣永續高息,7,0,7,富邦-苗栗,2024-10-15,9657
2101,南港,10,3,7,富邦-苗栗,2024-10-15,9657
4729,熒茂,231,0,231,富邦-苗栗,2024-10-16,9657
2337,旺宏,112,0,112,富邦-苗栗,2024-10-16,9657
00753L,中信中國50正2,122,33,89,富邦-苗栗,2024-10-16,9657
00922,國泰台灣領袖50,80,1,79,富邦-苗栗,2024-10-16,9657
0056,元大高股息,88,12,76,富邦-苗栗,2024-10-16,9657
00887,永豐中國科技50大,70,0,70,富邦-苗栗,2024-10-16,9657
2891,中信金,57,2,55,富邦-苗栗,2024-10-16,9657
4906,正文,50,0,50,富邦-苗栗,2024-10-16,9657
8032,光菱,64,15,49,富邦-苗栗,2024-10-16,9657
00919,群益台灣精選高息,51,13,38,富邦-苗栗,2024-10-16,9657
00878,國泰永續高股息,36,1,35,富邦-苗栗,2024-10-16,9657
2888,新光金,71,37,34,富邦-苗栗,2024-10-16,9657
00830,國泰費城半導體,32,0,32,富邦-苗栗,2024-10-16,9657
00882,中信中國高股息,59,28,31,富邦-苗栗,2024-10-16,9657
3163,波若威,30,4,26,富邦-苗栗,2024-10-16,9657
00637L,元大滬深300正2,25,0,25,富邦-苗栗,2024-10-16,9657
2032,新鋼,24,0,24,富邦-苗栗,2024-10-16,9657
2105,正新,20,0,20,富邦-苗栗,2024-10-16,9657
3481,群創,21,1,20,富邦-苗栗,2024-10-16,9657
00795B,中信美國公債20年,19,0,19,富邦-苗栗,2024-10-16,9657
2014,中鴻,41,22,19,富邦-苗栗,2024-10-16,9657
00960,野村全球航運龍頭,17,0,17,富邦-苗栗,2024-10-16,9657
2002,中鋼,16,1,15,富邦-苗栗,2024-10-16,9657
3339,泰谷,15,0,15,富邦-苗栗,2024-10-16,9657
2616,山隆,14,0,14,富邦-苗栗,2024-10-16,9657
3049,精金,14,0,14,富邦-苗栗,2024-10-16,9657
00905,FT臺灣Smart,13,0,13,富邦-苗栗,2024-10-16,9657
1324,地球,13,0,13,富邦-苗栗,2024-10-16,9657
4977,眾達-KY,14,1,13,富邦-苗栗,2024-10-16,9657
6770,力積電,18,5,13,富邦-苗栗,2024-10-16,9657
1905,華紙,12,0,12,富邦-苗栗,2024-10-16,9657
3597,映興,12,0,12,富邦-苗栗,2024-10-16,9657
00907,永豐優息存股,11,0,11,富邦-苗栗,2024-10-16,9657
2801,彰銀,10,0,10,富邦-苗栗,2024-10-16,9657
00915,凱基優選高股息30,10,0,10,富邦-苗栗,2024-10-16,9657
3715,定穎投控,10,0,10,富邦-苗栗,2024-10-16,9657
8034,榮群,10,0,10,富邦-苗栗,2024-10-16,9657
9945,潤泰新,10,0,10,富邦-苗栗,2024-10-16,9657
00662,富邦NASDAQ,9,0,9,富邦-苗栗,2024-10-16,9657
00943,兆豐電子高息等權,11,2,9,富邦-苗栗,2024-10-16,9657
2421,建準,17,8,9,富邦-苗栗,2024-10-16,9657
2883,凱基金,12,4,8,富邦-苗栗,2024-10-16,9657
5880,合庫金,10,3,7,富邦-苗栗,2024-10-16,9657
6188,廣明,7,0,7,富邦-苗栗,2024-10-16,9657
2363,矽統,25,18,7,富邦-苗栗,2024-10-16,9657
1314,中石化,20,13,7,富邦-苗栗,2024-10-16,9657
00912,中信臺灣智慧50,6,0,6,富邦-苗栗,2024-10-16,9657
2881,富邦金,6,0,6,富邦-苗栗,2024-10-16,9657
3189,景碩,6,0,6,富邦-苗栗,2024-10-16,9657
00713,元大台灣高息低波,6,0,6,富邦-苗栗,2024-10-16,9657
00882,中信中國高股息,158,13,145,富邦-苗栗,2024-10-17,9657
0056,元大高股息,64,1,63,富邦-苗栗,2024-10-17,9657
00940,元大台灣價值高息,72,10,62,富邦-苗栗,2024-10-17,9657
2312,金寶,130,78,52,富邦-苗栗,2024-10-17,9657
00887,永豐中國科技50大,79,38,41,富邦-苗栗,2024-10-17,9657
00937B,群益ESG投等債20,62,23,39,富邦-苗栗,2024-10-17,9657
2399,映泰,62,24,38,富邦-苗栗,2024-10-17,9657
3564,其陽,36,2,34,富邦-苗栗,2024-10-17,9657
4523,永彰,30,0,30,富邦-苗栗,2024-10-17,9657
6235,華孚,26,1,25,富邦-苗栗,2024-10-17,9657
00941,中信上游半導體,22,1,21,富邦-苗栗,2024-10-17,9657
00922,國泰台灣領袖50,33,13,20,富邦-苗栗,2024-10-17,9657
2388,威盛,21,1,20,富邦-苗栗,2024-10-17,9657
00637L,元大滬深300正2,20,0,20,富邦-苗栗,2024-10-17,9657
4533,協易機,23,3,20,富邦-苗栗,2024-10-17,9657
3049,精金,19,0,19,富邦-苗栗,2024-10-17,9657
8111,立��,25,7,18,富邦-苗栗,2024-10-17,9657
5484,慧友,20,3,17,富邦-苗栗,2024-10-17,9657
2303,聯電,20,3,17,富邦-苗栗,2024-10-17,9657
2356,英業達,18,3,15,富邦-苗栗,2024-10-17,9657
3149,正達,26,11,15,富邦-苗栗,2024-10-17,9657
6125,廣運,37,24,13,富邦-苗栗,2024-10-17,9657
00679B,元大美債20年,12,0,12,富邦-苗栗,2024-10-17,9657
4919,新唐,12,0,12,富邦-苗栗,2024-10-17,9657
00687B,國泰20年美債,12,0,12,富邦-苗栗,2024-10-17,9657
0061,元大寶滬深,12,1,11,富邦-苗栗,2024-10-17,9657
3481,群創,20,9,11,富邦-苗栗,2024-10-17,9657
2330,台積電,11,1,10,富邦-苗栗,2024-10-17,9657
2412,中華電,10,0,10,富邦-苗栗,2024-10-17,9657
2616,山隆,10,0,10,富邦-苗栗,2024-10-17,9657
2637,慧洋-KY,10,0,10,富邦-苗栗,2024-10-17,9657
3011,今皓,10,0,10,富邦-苗栗,2024-10-17,9657
3163,波若威,12,2,10,富邦-苗栗,2024-10-17,9657
3711,日月光投控,10,0,10,富邦-苗栗,2024-10-17,9657
5014,建錩,10,0,10,富邦-苗栗,2024-10-17,9657
2363,矽統,13,3,10,富邦-苗栗,2024-10-17,9657
1314,中石化,19,10,9,富邦-苗栗,2024-10-17,9657
00830,國泰費城半導體,9,0,9,富邦-苗栗,2024-10-17,9657
2449,京元電子,16,7,9,富邦-苗栗,2024-10-17,9657
6829,千附精密,9,0,9,富邦-苗栗,2024-10-17,9657
1528,恩德,34,25,9,富邦-苗栗,2024-10-17,9657
3062,建漢,49,40,9,富邦-苗栗,2024-10-17,9657
2440,太空梭,8,0,8,富邦-苗栗,2024-10-17,9657
3498,陽程,8,1,7,富邦-苗栗,2024-10-17,9657
6763,綠界科技*,10,3,7,富邦-苗栗,2024-10-17,9657
6658,聯策,9,2,7,富邦-苗栗,2024-10-17,9657
3066,李洲,19,13,6,富邦-苗栗,2024-10-17,9657
3550,聯穎,6,0,6,富邦-苗栗,2024-10-17,9657
8064,東捷,11,5,6,富邦-苗栗,2024-10-17,9657
00680L,元大美債20正2,5,0,5,富邦-苗栗,2024-10-17,9657
00680L,元大美債20正2,174,1,173,富邦-苗栗,2024-10-18,9657
2610,華航,171,2,169,富邦-苗栗,2024-10-18,9657
00679B,元大美債20年,125,8,117,富邦-苗栗,2024-10-18,9657
00948B,中信優息投資級債,75,0,75,富邦-苗栗,2024-10-18,9657
00632R,元大台灣50反1,136,73,63,富邦-苗栗,2024-10-18,9657
00715L,期街口布蘭特正2,56,0,56,富邦-苗栗,2024-10-18,9657
2303,聯電,70,18,52,富邦-苗栗,2024-10-18,9657
00878,國泰永續高股息,54,10,44,富邦-苗栗,2024-10-18,9657
00941,中信上游半導體,42,0,42,富邦-苗栗,2024-10-18,9657
2449,京元電子,47,19,28,富邦-苗栗,2024-10-18,9657
3149,正達,31,4,27,富邦-苗栗,2024-10-18,9657
3163,波若威,30,3,27,富邦-苗栗,2024-10-18,9657
2887,台新金,36,11,25,富邦-苗栗,2024-10-18,9657
00919,群益台灣精選高息,44,21,23,富邦-苗栗,2024-10-18,9657
2605,新興,21,0,21,富邦-苗栗,2024-10-18,9657
3715,定穎投控,21,0,21,富邦-苗栗,2024-10-18,9657
00958B,永豐ESG銀行債15,20,0,20,富邦-苗栗,2024-10-18,9657
2105,正新,20,0,20,富邦-苗栗,2024-10-18,9657
3059,華晶科,20,0,20,富邦-苗栗,2024-10-18,9657
8011,台通,20,0,20,富邦-苗栗,2024-10-18,9657
8466,美吉吉-KY,20,0,20,富邦-苗栗,2024-10-18,9657
00720B,元大投資級公司債,19,0,19,富邦-苗栗,2024-10-18,9657
00887,永豐中國科技50大,19,1,18,富邦-苗栗,2024-10-18,9657
00633L,富邦上証正2,17,0,17,富邦-苗栗,2024-10-18,9657
1528,恩德,17,2,15,富邦-苗栗,2024-10-18,9657
3360,尚立,15,0,15,富邦-苗栗,2024-10-18,9657
00929,復華台灣科技優息,190,175,15,富邦-苗栗,2024-10-18,9657
4562,穎漢,30,16,14,富邦-苗栗,2024-10-18,9657
3209,全科,16,2,14,富邦-苗栗,2024-10-18,9657
3339,泰谷,13,0,13,富邦-苗栗,2024-10-18,9657
1605,華新,12,0,12,富邦-苗栗,2024-10-18,9657
3597,映興,12,0,12,富邦-苗栗,2024-10-18,9657
5347,世界,12,0,12,富邦-苗栗,2024-10-18,9657
1721,三晃,14,3,11,富邦-苗栗,2024-10-18,9657
6770,力積電,11,0,11,富邦-苗栗,2024-10-18,9657
00933B,國泰10Y+金融債,10,0,10,富邦-苗栗,2024-10-18,9657
00676R,富邦臺灣加權反1,10,0,10,富邦-苗栗,2024-10-18,9657
1102,亞泥,10,0,10,富邦-苗栗,2024-10-18,9657
2444,兆勁,10,0,10,富邦-苗栗,2024-10-18,9657
2812,台中銀,10,0,10,富邦-苗栗,2024-10-18,9657
4933,友輝,10,0,10,富邦-苗栗,2024-10-18,9657
6148,驊宏資,10,0,10,富邦-苗栗,2024-10-18,9657
8034,榮群,10,0,10,富邦-苗栗,2024-10-18,9657
9955,佳龍,10,0,10,富邦-苗栗,2024-10-18,9657
3581,博磊,21,11,10,富邦-苗栗,2024-10-18,9657
2402,毅嘉,18,8,10,富邦-苗栗,2024-10-18,9657
00905,FT臺灣Smart,12,3,9,富邦-苗栗,2024-10-18,9657
1540,喬福,21,12,9,富邦-苗栗,2024-10-18,9657
3532,台勝科,9,0,9,富邦-苗栗,2024-10-18,9657
2892,第一金,10,1,9,富邦-苗栗,2024-10-18,9657
00753L,中信中國50正2,281,17,264,富邦-苗栗,2024-10-21,9657
00687B,國泰20年美債,204,10,194,富邦-苗栗,2024-10-21,9657
00929,復華台灣科技優息,212,37,175,富邦-苗栗,2024-10-21,9657
4123,晟德,143,7,136,富邦-苗栗,2024-10-21,9657
00887,永豐中國科技50大,128,4,124,富邦-苗栗,2024-10-21,9657
00937B,群益ESG投等債20,101,18,83,富邦-苗栗,2024-10-21,9657
00882,中信中國高股息,94,12,82,富邦-苗栗,2024-10-21,9657
00679B,元大美債20年,63,3,60,富邦-苗栗,2024-10-21,9657
3049,精金,57,0,57,富邦-苗栗,2024-10-21,9657
00948B,中信優息投資級債,45,0,45,富邦-苗栗,2024-10-21,9657
2891,中信金,39,0,39,富邦-苗栗,2024-10-21,9657
2312,金寶,63,26,37,富邦-苗栗,2024-10-21,9657
2888,新光金,44,10,34,富邦-苗栗,2024-10-21,9657
3011,今皓,49,15,34,富邦-苗栗,2024-10-21,9657
00905,FT臺灣Smart,33,0,33,富邦-苗栗,2024-10-21,9657
00637L,元大滬深300正2,30,0,30,富邦-苗栗,2024-10-21,9657
2303,聯電,33,10,23,富邦-苗栗,2024-10-21,9657
00715L,期街口布蘭特正2,21,0,21,富邦-苗栗,2024-10-21,9657
00921,兆豐龍頭等權重,20,0,20,富邦-苗栗,2024-10-21,9657
00900,富邦特選高股息30,20,0,20,富邦-苗栗,2024-10-21,9657
00676R,富邦臺灣加權反1,20,0,20,富邦-苗栗,2024-10-21,9657
00877,復華中國5G,17,2,15,富邦-苗栗,2024-10-21,9657
3715,定穎投控,14,0,14,富邦-苗栗,2024-10-21,9657
00632R,元大台灣50反1,13,0,13,富邦-苗栗,2024-10-21,9657
1711,永光,18,6,12,富邦-苗栗,2024-10-21,9657
2374,佳能,16,4,12,富邦-苗栗,2024-10-21,9657
00961,FT臺灣永續高息,11,0,11,富邦-苗栗,2024-10-21,9657
2354,鴻準,11,0,11,富邦-苗栗,2024-10-21,9657
2002,中鋼,10,0,10,富邦-苗栗,2024-10-21,9657
2881,富邦金,15,5,10,富邦-苗栗,2024-10-21,9657
00795B,中信美國公債20年,10,0,10,富邦-苗栗,2024-10-21,9657
00959B,大華投等美債15Y+,10,0,10,富邦-苗栗,2024-10-21,9657
5340,建榮,15,5,10,富邦-苗栗,2024-10-21,9657
8466,美吉吉-KY,10,0,10,富邦-苗栗,2024-10-21,9657
2884,玉山金,9,0,9,富邦-苗栗,2024-10-21,9657
3230,錦明,9,0,9,富邦-苗栗,2024-10-21,9657
4542,科嶠,10,1,9,富邦-苗栗,2024-10-21,9657
1101,台泥,10,1,9,富邦-苗栗,2024-10-21,9657
5347,世界,12,3,9,富邦-苗栗,2024-10-21,9657
3013,晟銘電,25,16,9,富邦-苗栗,2024-10-21,9657
2882,國泰金,8,0,8,富邦-苗栗,2024-10-21,9657
4562,穎漢,15,7,8,富邦-苗栗,2024-10-21,9657
6126,信音,12,4,8,富邦-苗栗,2024-10-21,9657
1314,中石化,7,0,7,富邦-苗栗,2024-10-21,9657
6505,台塑化,7,0,7,富邦-苗栗,2024-10-21,9657
2356,英業達,7,0,7,富邦-苗栗,2024-10-21,9657
6770,力積電,8,2,6,富邦-苗栗,2024-10-21,9657
00930,永豐ESG低碳高息,6,0,6,富邦-苗栗,2024-10-21,9657
00942B,台新美A公司債20+,6,0,6,富邦-苗栗,2024-10-21,9657
2032,新鋼,6,0,6,富邦-苗栗,2024-10-21,9657
00680L,元大美債20正2,564,2,562,富邦-苗栗,2024-10-22,9657
00687B,國泰20年美債,191,6,185,富邦-苗栗,2024-10-22,9657
00929,復華台灣科技優息,92,6,86,富邦-苗栗,2024-10-22,9657
00948B,中信優息投資級債,84,0,84,富邦-苗栗,2024-10-22,9657
9945,潤泰新,44,0,44,富邦-苗栗,2024-10-22,9657
00712,復華富時不動產,36,0,36,富邦-苗栗,2024-10-22,9657
00953B,群益優選非投等債,30,0,30,富邦-苗栗,2024-10-22,9657
8466,美吉吉-KY,30,0,30,富邦-苗栗,2024-10-22,9657
4510,高鋒,33,5,28,富邦-苗栗,2024-10-22,9657
2363,矽統,34,8,26,富邦-苗栗,2024-10-22,9657
00959B,大華投等美債15Y+,23,0,23,富邦-苗栗,2024-10-22,9657
3481,群創,53,31,22,富邦-苗栗,2024-10-22,9657
00905,FT臺灣Smart,31,10,21,富邦-苗栗,2024-10-22,9657
2303,聯電,25,5,20,富邦-苗栗,2024-10-22,9657
2888,新光金,35,15,20,富邦-苗栗,2024-10-22,9657
00941,中信上游半導體,24,5,19,富邦-苗栗,2024-10-22,9657
2354,鴻準,22,3,19,富邦-苗栗,2024-10-22,9657
00688L,國泰20年美債正2,18,0,18,富邦-苗栗,2024-10-22,9657
00795B,中信美國公債20年,15,0,15,富邦-苗栗,2024-10-22,9657
8039,台虹,15,0,15,富邦-苗栗,2024-10-22,9657
2356,英業達,18,3,15,富邦-苗栗,2024-10-22,9657
00931B,統一美債20年,14,0,14,富邦-苗栗,2024-10-22,9657
00882,中信中國高股息,21,7,14,富邦-苗栗,2024-10-22,9657
6763,綠界科技*,14,0,14,富邦-苗栗,2024-10-22,9657
00943,兆豐電子高息等權,12,1,11,富邦-苗栗,2024-10-22,9657
2349,錸德,11,0,11,富邦-苗栗,2024-10-22,9657
00720B,元大投資級公司債,10,0,10,富邦-苗栗,2024-10-22,9657
00673R,期元大S＆P原油反1,10,0,10,富邦-苗栗,2024-10-22,9657
00942B,台新美A公司債20+,10,0,10,富邦-苗栗,2024-10-22,9657
1336,台翰,10,0,10,富邦-苗栗,2024-10-22,9657
1609,大亞,10,0,10,富邦-苗栗,2024-10-22,9657
3447,展達,11,1,10,富邦-苗栗,2024-10-22,9657
6120,達運,10,0,10,富邦-苗栗,2024-10-22,9657
4919,新唐,10,0,10,富邦-苗栗,2024-10-22,9657
00637L,元大滬深300正2,13,4,9,富邦-苗栗,2024-10-22,9657
3011,今皓,11,2,9,富邦-苗栗,2024-10-22,9657
4167,松瑞藥,10,1,9,富邦-苗栗,2024-10-22,9657
4991,環宇-KY,9,0,9,富邦-苗栗,2024-10-22,9657
8176,智捷,12,3,9,富邦-苗栗,2024-10-22,9657
3149,正達,28,19,9,富邦-苗栗,2024-10-22,9657
00927,群益半導體收益,8,0,8,富邦-苗栗,2024-10-22,9657
2101,南港,8,0,8,富邦-苗栗,2024-10-22,9657
2329,華泰,17,9,8,富邦-苗栗,2024-10-22,9657
3532,台勝科,8,0,8,富邦-苗栗,2024-10-22,9657
5443,均豪,9,1,8,富邦-苗栗,2024-10-22,9657
6134,萬旭,8,0,8,富邦-苗栗,2024-10-22,9657
6425,易發,13,5,8,富邦-苗栗,2024-10-22,9657
6789,采鈺,8,0,8,富邦-苗栗,2024-10-22,9657
3290,東浦,18,10,8,富邦-苗栗,2024-10-22,9657
2883,凱基金,8,0,8,富邦-苗栗,2024-10-22,9657
00937B,群益ESG投等債20,178,0,178,富邦-苗栗,2024-10-23,9657
5315,光聯,150,1,149,富邦-苗栗,2024-10-23,9657
2303,聯電,56,3,53,富邦-苗栗,2024-10-23,9657
00929,復華台灣科技優息,99,54,45,富邦-苗栗,2024-10-23,9657
3481,群創,49,5,44,富邦-苗栗,2024-10-23,9657
00878,國泰永續高股息,40,2,38,富邦-苗栗,2024-10-23,9657
6197,佳必琪,44,6,38,富邦-苗栗,2024-10-23,9657
2409,友達,40,3,37,富邦-苗栗,2024-10-23,9657
00712,復華富時不動產,30,0,30,富邦-苗栗,2024-10-23,9657
8105,凌巨,30,0,30,富邦-苗栗,2024-10-23,9657
0056,元大高股息,28,0,28,富邦-苗栗,2024-10-23,9657
2369,菱生,53,26,27,富邦-苗栗,2024-10-23,9657
00679B,元大美債20年,28,1,27,富邦-苗栗,2024-10-23,9657
00907,永豐優息存股,26,0,26,富邦-苗栗,2024-10-23,9657
00715L,期街口布蘭特正2,50,24,26,富邦-苗栗,2024-10-23,9657
6158,禾昌,31,5,26,富邦-苗栗,2024-10-23,9657
00961,FT臺灣永續高息,23,0,23,富邦-苗栗,2024-10-23,9657
00919,群益台灣精選高息,26,3,23,富邦-苗栗,2024-10-23,9657
2105,正新,22,0,22,富邦-苗栗,2024-10-23,9657
00680L,元大美債20正2,21,0,21,富邦-苗栗,2024-10-23,9657
3532,台勝科,21,0,21,富邦-苗栗,2024-10-23,9657
6156,松上,20,0,20,富邦-苗栗,2024-10-23,9657
3663,鑫科,22,3,19,富邦-苗栗,2024-10-23,9657
8176,智捷,31,12,19,富邦-苗栗,2024-10-23,9657
3049,精金,21,3,18,富邦-苗栗,2024-10-23,9657
00943,兆豐電子高息等權,22,5,17,富邦-苗栗,2024-10-23,9657
6241,易通展,18,1,17,富邦-苗栗,2024-10-23,9657
5202,力新,16,1,15,富邦-苗栗,2024-10-23,9657
2354,鴻準,26,11,15,富邦-苗栗,2024-10-23,9657
3023,信邦,14,0,14,富邦-苗栗,2024-10-23,9657
1301,台塑,14,0,14,富邦-苗栗,2024-10-23,9657
1711,永光,29,15,14,富邦-苗栗,2024-10-23,9657
2891,中信金,16,2,14,富邦-苗栗,2024-10-23,9657
00948B,中信優息投資級債,13,0,13,富邦-苗栗,2024-10-23,9657
2412,中華電,14,2,12,富邦-苗栗,2024-10-23,9657
2330,台積電,15,3,12,富邦-苗栗,2024-10-23,9657
0061,元大寶滬深,13,1,12,富邦-苗栗,2024-10-23,9657
00933B,國泰10Y+金融債,12,0,12,富邦-苗栗,2024-10-23,9657
2408,南亞科,12,0,12,富邦-苗栗,2024-10-23,9657
00918,大華優利高填息30,11,0,11,富邦-苗栗,2024-10-23,9657
00687B,國泰20年美債,10,0,10,富邦-苗栗,2024-10-23,9657
00957B,兆豐US優選投等債,10,0,10,富邦-苗栗,2024-10-23,9657
00959B,大華投等美債15Y+,10,0,10,富邦-苗栗,2024-10-23,9657
2374,佳能,14,4,10,富邦-苗栗,2024-10-23,9657
3066,李洲,11,1,10,富邦-苗栗,2024-10-23,9657
4729,熒茂,10,0,10,富邦-苗栗,2024-10-23,9657
4919,新唐,11,1,10,富邦-苗栗,2024-10-23,9657
5457,宣德,10,0,10,富邦-苗栗,2024-10-23,9657
8032,光菱,13,3,10,富邦-苗栗,2024-10-23,9657
9945,潤泰新,10,0,10,富邦-苗栗,2024-10-23,9657
00919,群益台灣精選高息,126,9,117,富邦-苗栗,2024-10-24,9657
3163,波若威,61,0,61,富邦-苗栗,2024-10-24,9657
0056,元大高股息,68,8,60,富邦-苗栗,2024-10-24,9657
00937B,群益ESG投等債20,52,0,52,富邦-苗栗,2024-10-24,9657
00878,國泰永續高股息,51,1,50,富邦-苗栗,2024-10-24,9657
1721,三晃,52,5,47,富邦-苗栗,2024-10-24,9657
2605,新興,40,0,40,富邦-苗栗,2024-10-24,9657
2388,威盛,51,13,38,富邦-苗栗,2024-10-24,9657
00753L,中信中國50正2,214,180,34,富邦-苗栗,2024-10-24,9657
2374,佳能,32,1,31,富邦-苗栗,2024-10-24,9657
3360,尚立,40,9,31,富邦-苗栗,2024-10-24,9657
6770,力積電,31,2,29,富邦-苗栗,2024-10-24,9657
2489,瑞軒,33,5,28,富邦-苗栗,2024-10-24,9657
3481,群創,33,8,25,富邦-苗栗,2024-10-24,9657
00940,元大台灣價值高息,42,20,22,富邦-苗栗,2024-10-24,9657
2362,藍天,22,0,22,富邦-苗栗,2024-10-24,9657
3149,正達,22,3,19,富邦-苗栗,2024-10-24,9657
3011,今皓,17,0,17,富邦-苗栗,2024-10-24,9657
00679B,元大美債20年,18,2,16,富邦-苗栗,2024-10-24,9657
4729,熒茂,28,12,16,富邦-苗栗,2024-10-24,9657
2317,鴻海,24,9,15,富邦-苗栗,2024-10-24,9657
2812,台中銀,14,0,14,富邦-苗栗,2024-10-24,9657
3021,鴻名,28,14,14,富邦-苗栗,2024-10-24,9657
2426,鼎元,13,0,13,富邦-苗栗,2024-10-24,9657
2891,中信金,13,1,12,富邦-苗栗,2024-10-24,9657
5340,建榮,12,0,12,富邦-苗栗,2024-10-24,9657
1776,展宇,12,0,12,富邦-苗栗,2024-10-24,9657
2486,一詮,14,2,12,富邦-苗栗,2024-10-24,9657
8466,美吉吉-KY,12,0,12,富邦-苗栗,2024-10-24,9657
00918,大華優利高填息30,11,0,11,富邦-苗栗,2024-10-24,9657
2303,聯電,16,5,11,富邦-苗栗,2024-10-24,9657
2834,臺企銀,11,0,11,富邦-苗栗,2024-10-24,9657
00687B,國泰20年美債,22,11,11,富邦-苗栗,2024-10-24,9657
3550,聯穎,11,0,11,富邦-苗栗,2024-10-24,9657
2349,錸德,11,0,11,富邦-苗栗,2024-10-24,9657
2383,台光電,12,2,10,富邦-苗栗,2024-10-24,9657
00931B,統一美債20年,10,0,10,富邦-苗栗,2024-10-24,9657
2609,陽明,11,1,10,富邦-苗栗,2024-10-24,9657
2887,台新金,10,0,10,富邦-苗栗,2024-10-24,9657
4909,新復興,15,5,10,富邦-苗栗,2024-10-24,9657
00650L,復華香港正2,22,12,10,富邦-苗栗,2024-10-24,9657
1536,和大,10,0,10,富邦-苗栗,2024-10-24,9657
2399,映泰,32,22,10,富邦-苗栗,2024-10-24,9657
3520,華盈,10,0,10,富邦-苗栗,2024-10-24,9657
4919,新唐,18,8,10,富邦-苗栗,2024-10-24,9657
00905,FT臺灣Smart,11,2,9,富邦-苗栗,2024-10-24,9657
00948B,中信優息投資級債,9,0,9,富邦-苗栗,2024-10-24,9657
00960,野村全球航運龍頭,9,0,9,富邦-苗栗,2024-10-24,9657
6197,佳必琪,9,0,9,富邦-苗栗,2024-10-24,9657
1605,華新,8,0,8,富邦-苗栗,2024-10-24,9657
00943,兆豐電子高息等權,180,0,180,富邦-苗栗,2024-10-25,9657
2646,星宇航空,218,46,172,富邦-苗栗,2024-10-25,9657
00937B,群益ESG投等債20,94,3,91,富邦-苗栗,2024-10-25,9657
00632R,元大台灣50反1,100,40,60,富邦-苗栗,2024-10-25,9657
00715L,期街口布蘭特正2,39,0,39,富邦-苗栗,2024-10-25,9657
00664R,國泰臺灣加權反1,27,0,27,富邦-苗栗,2024-10-25,9657
1536,和大,36,12,24,富邦-苗栗,2024-10-25,9657
2495,普安,40,19,21,富邦-苗栗,2024-10-25,9657
8249,菱光,71,50,21,富邦-苗栗,2024-10-25,9657
00885,富邦越南,20,0,20,富邦-苗栗,2024-10-25,9657
2303,聯電,22,2,20,富邦-苗栗,2024-10-25,9657
4919,新唐,40,21,19,富邦-苗栗,2024-10-25,9657
6770,力積電,21,3,18,富邦-苗栗,2024-10-25,9657
2427,三商電,16,0,16,富邦-苗栗,2024-10-25,9657
3645,達邁,17,1,16,富邦-苗栗,2024-10-25,9657
2885,元大金,15,0,15,富邦-苗栗,2024-10-25,9657
00959B,大華投等美債15Y+,15,0,15,富邦-苗栗,2024-10-25,9657
8038,長園科,15,0,15,富邦-苗栗,2024-10-25,9657
00915,凱基優選高股息30,13,0,13,富邦-苗栗,2024-10-25,9657
1595,川寶,14,1,13,富邦-苗栗,2024-10-25,9657
2027,大成鋼,20,7,13,富邦-苗栗,2024-10-25,9657
1568,倉佑,22,10,12,富邦-苗栗,2024-10-25,9657
2405,輔信,13,1,12,富邦-苗栗,2024-10-25,9657
2457,飛宏,12,0,12,富邦-苗栗,2024-10-25,9657
6197,佳必琪,16,5,11,富邦-苗栗,2024-10-25,9657
00878,國泰永續高股息,13,2,11,富邦-苗栗,2024-10-25,9657
2455,全新,10,0,10,富邦-苗栗,2024-10-25,9657
00887,永豐中國科技50大,29,19,10,富邦-苗栗,2024-10-25,9657
00953B,群益優選非投等債,30,20,10,富邦-苗栗,2024-10-25,9657
2014,中鴻,10,0,10,富邦-苗栗,2024-10-25,9657
2515,中工,10,0,10,富邦-苗栗,2024-10-25,9657
3149,正達,12,2,10,富邦-苗栗,2024-10-25,9657
3607,谷崧,10,0,10,富邦-苗栗,2024-10-25,9657
4729,熒茂,10,0,10,富邦-苗栗,2024-10-25,9657
2233,宇隆,10,1,9,富邦-苗栗,2024-10-25,9657
2344,華邦電,9,0,9,富邦-苗栗,2024-10-25,9657
00637L,元大滬深300正2,13,4,9,富邦-苗栗,2024-10-25,9657
1776,展宇,10,1,9,富邦-苗栗,2024-10-25,9657
2489,瑞軒,14,5,9,富邦-苗栗,2024-10-25,9657
2369,菱生,10,1,9,富邦-苗栗,2024-10-25,9657
2388,威盛,17,9,8,富邦-苗栗,2024-10-25,9657
2809,京城銀,8,0,8,富邦-苗栗,2024-10-25,9657
00680L,元大美債20正2,7,0,7,富邦-苗栗,2024-10-25,9657
3305,昇貿,7,0,7,富邦-苗栗,2024-10-25,9657
6246,臺龍,8,1,7,富邦-苗栗,2024-10-25,9657
6742,澤米,8,1,7,富邦-苗栗,2024-10-25,9657
2062,橋椿,6,0,6,富邦-苗栗,2024-10-25,9657
3029,零壹,6,0,6,富邦-苗栗,2024-10-25,9657
3535,晶彩科,7,1,6,富邦-苗栗,2024-10-25,9657
1313,聯成,6,0,6,富邦-苗栗,2024-10-25,9657
00680L,元大美債20正2,222,11,211,富邦-苗栗,2024-10-28,9657
00929,復華台灣科技優息,251,83,168,富邦-苗栗,2024-10-28,9657
00919,群益台灣精選高息,141,24,117,富邦-苗栗,2024-10-28,9657
00887,永豐中國科技50大,130,17,113,富邦-苗栗,2024-10-28,9657
00715L,期街口布蘭特正2,61,1,60,富邦-苗栗,2024-10-28,9657
00679B,元大美債20年,62,5,57,富邦-苗栗,2024-10-28,9657
3481,群創,59,14,45,富邦-苗栗,2024-10-28,9657
6770,力積電,50,16,34,富邦-苗栗,2024-10-28,9657
00953B,群益優選非投等債,30,0,30,富邦-苗栗,2024-10-28,9657
00946,群益科技高息成長,26,0,26,富邦-苗栗,2024-10-28,9657
3163,波若威,26,0,26,富邦-苗栗,2024-10-28,9657
2312,金寶,44,22,22,富邦-苗栗,2024-10-28,9657
2303,聯電,39,18,21,富邦-苗栗,2024-10-28,9657
3049,精金,18,0,18,富邦-苗栗,2024-10-28,9657
00882,中信中國高股息,24,8,16,富邦-苗栗,2024-10-28,9657
4167,松瑞藥,26,11,15,富邦-苗栗,2024-10-28,9657
6246,臺龍,15,0,15,富邦-苗栗,2024-10-28,9657
2884,玉山金,15,0,15,富邦-苗栗,2024-10-28,9657
00712,復華富時不動產,14,0,14,富邦-苗栗,2024-10-28,9657
3234,光環,12,0,12,富邦-苗栗,2024-10-28,9657
00915,凱基優選高股息30,12,0,12,富邦-苗栗,2024-10-28,9657
5328,華容,12,0,12,富邦-苗栗,2024-10-28,9657
2354,鴻準,24,12,12,富邦-苗栗,2024-10-28,9657
2363,矽統,12,1,11,富邦-苗栗,2024-10-28,9657
2365,昆盈,14,3,11,富邦-苗栗,2024-10-28,9657
1316,上曜,10,0,10,富邦-苗栗,2024-10-28,9657
00637L,元大滬深300正2,12,2,10,富邦-苗栗,2024-10-28,9657
0061,元大寶滬深,10,0,10,富邦-苗栗,2024-10-28,9657
00693U,期街口S＆P黃豆,10,0,10,富邦-苗栗,2024-10-28,9657
1101,台泥,10,0,10,富邦-苗栗,2024-10-28,9657
2543,皇昌,10,0,10,富邦-苗栗,2024-10-28,9657
6197,佳必琪,11,1,10,富邦-苗栗,2024-10-28,9657
8076,伍豐,10,0,10,富邦-苗栗,2024-10-28,9657
00687B,國泰20年美債,34,25,9,富邦-苗栗,2024-10-28,9657
3031,佰鴻,10,1,9,富邦-苗栗,2024-10-28,9657
3532,台勝科,9,0,9,富邦-苗栗,2024-10-28,9657
3558,神準,8,0,8,富邦-苗栗,2024-10-28,9657
5457,宣德,8,0,8,富邦-苗栗,2024-10-28,9657
5475,德宏,8,0,8,富邦-苗栗,2024-10-28,9657
0056,元大高股息,7,0,7,富邦-苗栗,2024-10-28,9657
2399,映泰,20,13,7,富邦-苗栗,2024-10-28,9657
00959B,大華投等美債15Y+,7,0,7,富邦-苗栗,2024-10-28,9657
2483,百容,7,0,7,富邦-苗栗,2024-10-28,9657
2834,臺企銀,10,3,7,富邦-苗栗,2024-10-28,9657
1605,華新,7,0,7,富邦-苗栗,2024-10-28,9657
00922,國泰台灣領袖50,6,0,6,富邦-苗栗,2024-10-28,9657
00632R,元大台灣50反1,6,0,6,富邦-苗栗,2024-10-28,9657
1568,倉佑,11,5,6,富邦-苗栗,2024-10-28,9657
3360,尚立,25,19,6,富邦-苗栗,2024-10-28,9657
6425,易發,6,0,6,富邦-苗栗,2024-10-28,9657
00929,復華台灣科技優息,302,31,271,富邦-苗栗,2024-10-29,9657
00919,群益台灣精選高息,184,46,138,富邦-苗栗,2024-10-29,9657
00959B,大華投等美債15Y+,137,0,137,富邦-苗栗,2024-10-29,9657
2884,玉山金,123,1,122,富邦-苗栗,2024-10-29,9657
1528,恩德,66,4,62,富邦-苗栗,2024-10-29,9657
2303,聯電,65,5,60,富邦-苗栗,2024-10-29,9657
0050,元大台灣50,65,9,56,富邦-苗栗,2024-10-29,9657
2409,友達,42,0,42,富邦-苗栗,2024-10-29,9657
00878,國泰永續高股息,92,52,40,富邦-苗栗,2024-10-29,9657
00953B,群益優選非投等債,40,0,40,富邦-苗栗,2024-10-29,9657
3481,群創,42,6,36,富邦-苗栗,2024-10-29,9657
00715L,期街口布蘭特正2,36,0,36,富邦-苗栗,2024-10-29,9657
00887,永豐中國科技50大,30,1,29,富邦-苗栗,2024-10-29,9657
00680L,元大美債20正2,25,0,25,富邦-苗栗,2024-10-29,9657
6274,台燿,25,0,25,富邦-苗栗,2024-10-29,9657
00940,元大台灣價值高息,25,2,23,富邦-苗栗,2024-10-29,9657
2344,華邦電,22,0,22,富邦-苗栗,2024-10-29,9657
00946,群益科技高息成長,20,0,20,富邦-苗栗,2024-10-29,9657
2317,鴻海,39,19,20,富邦-苗栗,2024-10-29,9657
2646,星宇航空,32,14,18,富邦-苗栗,2024-10-29,9657
0056,元大高股息,42,24,18,富邦-苗栗,2024-10-29,9657
3049,精金,14,0,14,富邦-苗栗,2024-10-29,9657
8074,鉅橡,14,0,14,富邦-苗栗,2024-10-29,9657
00915,凱基優選高股息30,23,10,13,富邦-苗栗,2024-10-29,9657
00725B,國泰投資級公司債,13,0,13,富邦-苗栗,2024-10-29,9657
6241,易通展,13,0,13,富邦-苗栗,2024-10-29,9657
8249,菱光,74,61,13,富邦-苗栗,2024-10-29,9657
4716,大立,12,0,12,富邦-苗栗,2024-10-29,9657
006208,富邦台50,12,0,12,富邦-苗栗,2024-10-29,9657
00921,兆豐龍頭等權重,11,0,11,富邦-苗栗,2024-10-29,9657
00712,復華富時不動產,11,0,11,富邦-苗栗,2024-10-29,9657
00687B,國泰20年美債,11,0,11,富邦-苗栗,2024-10-29,9657
2362,藍天,13,2,11,富邦-苗栗,2024-10-29,9657
00937B,群益ESG投等債20,15,5,10,富邦-苗栗,2024-10-29,9657
2885,元大金,10,0,10,富邦-苗栗,2024-10-29,9657
2383,台光電,16,6,10,富邦-苗栗,2024-10-29,9657
2505,國揚,10,0,10,富邦-苗栗,2024-10-29,9657
3066,李洲,10,0,10,富邦-苗栗,2024-10-29,9657
4967,十銓,10,0,10,富邦-苗栗,2024-10-29,9657
6133,金橋,26,16,10,富邦-苗栗,2024-10-29,9657
6431,光麗-KY,10,0,10,富邦-苗栗,2024-10-29,9657
8255,朋程,10,0,10,富邦-苗栗,2024-10-29,9657
8466,美吉吉-KY,10,0,10,富邦-苗栗,2024-10-29,9657
2887,台新金,10,1,9,富邦-苗栗,2024-10-29,9657
00922,國泰台灣領袖50,15,6,9,富邦-苗栗,2024-10-29,9657
00881,國泰台灣5G+,11,2,9,富邦-苗栗,2024-10-29,9657
00905,FT臺灣Smart,9,0,9,富邦-苗栗,2024-10-29,9657
1101,台泥,10,2,8,富邦-苗栗,2024-10-29,9657
00948B,中信優息投資級債,8,0,8,富邦-苗栗,2024-10-29,9657
2408,南亞科,8,0,8,富邦-苗栗,2024-10-29,9657
00959B,大華投等美債15Y+,200,0,200,富邦-苗栗,2024-10-30,9657
00919,群益台灣精選高息,194,17,177,富邦-苗栗,2024-10-30,9657
2610,華航,154,4,150,富邦-苗栗,2024-10-30,9657
4909,新復興,126,0,126,富邦-苗栗,2024-10-30,9657
00878,國泰永續高股息,101,15,86,富邦-苗栗,2024-10-30,9657
1528,恩德,126,45,81,富邦-苗栗,2024-10-30,9657
00676R,富邦臺灣加權反1,70,0,70,富邦-苗栗,2024-10-30,9657
2486,一詮,71,10,61,富邦-苗栗,2024-10-30,9657
00713,元大台灣高息低波,56,0,56,富邦-苗栗,2024-10-30,9657
6770,力積電,60,29,31,富邦-苗栗,2024-10-30,9657
00715L,期街口布蘭特正2,31,0,31,富邦-苗栗,2024-10-30,9657
3591,艾笛森,30,0,30,富邦-苗栗,2024-10-30,9657
2303,聯電,32,2,30,富邦-苗栗,2024-10-30,9657
00687B,國泰20年美債,27,0,27,富邦-苗栗,2024-10-30,9657
00940,元大台灣價值高息,21,0,21,富邦-苗栗,2024-10-30,9657
9955,佳龍,21,0,21,富邦-苗栗,2024-10-30,9657
2412,中華電,20,0,20,富邦-苗栗,2024-10-30,9657
00632R,元大台灣50反1,20,0,20,富邦-苗栗,2024-10-30,9657
00882,中信中國高股息,38,22,16,富邦-苗栗,2024-10-30,9657
2646,星宇航空,35,20,15,富邦-苗栗,2024-10-30,9657
0056,元大高股息,14,0,14,富邦-苗栗,2024-10-30,9657
2383,台光電,17,3,14,富邦-苗栗,2024-10-30,9657
2425,承啟,21,7,14,富邦-苗栗,2024-10-30,9657
1568,倉佑,14,1,13,富邦-苗栗,2024-10-30,9657
00937B,群益ESG投等債20,12,0,12,富邦-苗栗,2024-10-30,9657
3163,波若威,12,0,12,富邦-苗栗,2024-10-30,9657
2313,華通,42,31,11,富邦-苗栗,2024-10-30,9657
4739,康普,11,0,11,富邦-苗栗,2024-10-30,9657
6548,長科*,11,0,11,富邦-苗栗,2024-10-30,9657
8176,智捷,11,0,11,富邦-苗栗,2024-10-30,9657
2105,正新,15,5,10,富邦-苗栗,2024-10-30,9657
2885,元大金,10,0,10,富邦-苗栗,2024-10-30,9657
3597,映興,10,0,10,富邦-苗栗,2024-10-30,9657
4533,協易機,10,0,10,富邦-苗栗,2024-10-30,9657
4933,友輝,11,1,10,富邦-苗栗,2024-10-30,9657
8064,東捷,10,0,10,富邦-苗栗,2024-10-30,9657
2888,新光金,19,10,9,富邦-苗栗,2024-10-30,9657
3709,鑫聯大投控,18,9,9,富邦-苗栗,2024-10-30,9657
6133,金橋,10,1,9,富邦-苗栗,2024-10-30,9657
6558,興能高,9,0,9,富邦-苗栗,2024-10-30,9657
00930,永豐ESG低碳高息,8,0,8,富邦-苗栗,2024-10-30,9657
00953B,群益優選非投等債,40,32,8,富邦-苗栗,2024-10-30,9657
2498,宏達電,8,0,8,富邦-苗栗,2024-10-30,9657
4557,永新-KY,8,0,8,富邦-苗栗,2024-10-30,9657
00887,永豐中國科技50大,7,0,7,富邦-苗栗,2024-10-30,9657
00712,復華富時不動產,7,0,7,富邦-苗栗,2024-10-30,9657
2388,威盛,24,17,7,富邦-苗栗,2024-10-30,9657
6156,松上,7,0,7,富邦-苗栗,2024-10-30,9657
2327,國巨,6,0,6,富邦-苗栗,2024-10-30,9657
00915,凱基優選高股息30,6,0,6,富邦-苗栗,2024-10-30,9657
2303,聯電,92,7,85,富邦-苗栗,2024-11-01,9657
00953B,群益優選非投等債,67,0,67,富邦-苗栗,2024-11-01,9657
00878,國泰永續高股息,97,38,59,富邦-苗栗,2024-11-01,9657
00919,群益台灣精選高息,46,7,39,富邦-苗栗,2024-11-01,9657
00830,國泰費城半導體,34,0,34,富邦-苗栗,2024-11-01,9657
00753L,中信中國50正2,33,0,33,富邦-苗栗,2024-11-01,9657
5315,光聯,31,0,31,富邦-苗栗,2024-11-01,9657
00929,復華台灣科技優息,108,79,29,富邦-苗栗,2024-11-01,9657
2368,金像電,26,0,26,富邦-苗栗,2024-11-01,9657
4909,新復興,26,2,24,富邦-苗栗,2024-11-01,9657
1301,台塑,23,0,23,富邦-苗栗,2024-11-01,9657
00676R,富邦臺灣加權反1,30,9,21,富邦-苗栗,2024-11-01,9657
00885,富邦越南,20,0,20,富邦-苗栗,2024-11-01,9657
0056,元大高股息,19,1,18,富邦-苗栗,2024-11-01,9657
2337,旺宏,18,0,18,富邦-苗栗,2024-11-01,9657
3490,單井,18,1,17,富邦-苗栗,2024-11-01,9657
020033,統一�琤肮黕篾,16,0,16,富邦-苗栗,2024-11-01,9657
00940,元大台灣價值高息,16,0,16,富邦-苗栗,2024-11-01,9657
00712,復華富時不動產,15,0,15,富邦-苗栗,2024-11-01,9657
2409,友達,15,0,15,富邦-苗栗,2024-11-01,9657
00959B,大華投等美債15Y+,14,0,14,富邦-苗栗,2024-11-01,9657
2887,台新金,13,0,13,富邦-苗栗,2024-11-01,9657
00937B,群益ESG投等債20,18,5,13,富邦-苗栗,2024-11-01,9657
3686,達能,13,0,13,富邦-苗栗,2024-11-01,9657
00713,元大台灣高息低波,12,0,12,富邦-苗栗,2024-11-01,9657
00948B,中信優息投資級債,12,0,12,富邦-苗栗,2024-11-01,9657
00642U,期元大S＆P石油,11,0,11,富邦-苗栗,2024-11-01,9657
8039,台虹,10,0,10,富邦-苗栗,2024-11-01,9657
2881,富邦金,12,2,10,富邦-苗栗,2024-11-01,9657
00720B,元大投資級公司債,10,0,10,富邦-苗栗,2024-11-01,9657
00918,大華優利高填息30,10,0,10,富邦-苗栗,2024-11-01,9657
1711,永光,10,0,10,富邦-苗栗,2024-11-01,9657
2105,正新,10,0,10,富邦-苗栗,2024-11-01,9657
2353,宏��,10,0,10,富邦-苗栗,2024-11-01,9657
3049,精金,10,0,10,富邦-苗栗,2024-11-01,9657
8034,榮群,10,0,10,富邦-苗栗,2024-11-01,9657
8111,立��,11,1,10,富邦-苗栗,2024-11-01,9657
00915,凱基優選高股息30,10,0,10,富邦-苗栗,2024-11-01,9657
2317,鴻海,27,19,8,富邦-苗栗,2024-11-01,9657
2886,兆豐金,8,0,8,富邦-苗栗,2024-11-01,9657
1734,杏輝,10,2,8,富邦-苗栗,2024-11-01,9657
2233,宇隆,8,0,8,富邦-苗栗,2024-11-01,9657
6271,同欣電,8,0,8,富邦-苗栗,2024-11-01,9657
2330,台積電,7,0,7,富邦-苗栗,2024-11-01,9657
2891,中信金,15,8,7,富邦-苗栗,2024-11-01,9657
5880,合庫金,7,0,7,富邦-苗栗,2024-11-01,9657
00725B,國泰投資級公司債,7,0,7,富邦-苗栗,2024-11-01,9657
2646,星宇航空,16,9,7,富邦-苗栗,2024-11-01,9657
3055,蔚華科,7,0,7,富邦-苗栗,2024-11-01,9657
6859,伯特光,7,0,7,富邦-苗栗,2024-11-01,9657
00687B,國泰20年美債,126,0,126,富邦-苗栗,2024-11-04,9657
2426,鼎元,62,1,61,富邦-苗栗,2024-11-04,9657
00919,群益台灣精選高息,52,0,52,富邦-苗栗,2024-11-04,9657
00885,富邦越南,45,0,45,富邦-苗栗,2024-11-04,9657
00878,國泰永續高股息,42,2,40,富邦-苗栗,2024-11-04,9657
4909,新復興,46,8,38,富邦-苗栗,2024-11-04,9657
00882,中信中國高股息,38,1,37,富邦-苗栗,2024-11-04,9657
2812,台中銀,32,0,32,富邦-苗栗,2024-11-04,9657
1517,利奇,32,0,32,富邦-苗栗,2024-11-04,9657
3360,尚立,37,5,32,富邦-苗栗,2024-11-04,9657
2303,聯電,38,7,31,富邦-苗栗,2024-11-04,9657
2615,萬海,73,44,29,富邦-苗栗,2024-11-04,9657
00712,復華富時不動產,27,0,27,富邦-苗栗,2024-11-04,9657
00960,野村全球航運龍頭,26,0,26,富邦-苗栗,2024-11-04,9657
00940,元大台灣價值高息,25,1,24,富邦-苗栗,2024-11-04,9657
8249,菱光,34,11,23,富邦-苗栗,2024-11-04,9657
00953B,群益優選非投等債,20,0,20,富邦-苗栗,2024-11-04,9657
4971,IET-KY,20,0,20,富邦-苗栗,2024-11-04,9657
00937B,群益ESG投等債20,20,2,18,富邦-苗栗,2024-11-04,9657
00959B,大華投等美債15Y+,18,0,18,富邦-苗栗,2024-11-04,9657
2349,錸德,18,2,16,富邦-苗栗,2024-11-04,9657
3450,聯鈞,41,27,14,富邦-苗栗,2024-11-04,9657
00934,中信成長高股息,12,0,12,富邦-苗栗,2024-11-04,9657
2542,興富發,12,1,11,富邦-苗栗,2024-11-04,9657
2354,鴻準,64,53,11,富邦-苗栗,2024-11-04,9657
2409,友達,11,0,11,富邦-苗栗,2024-11-04,9657
00637L,元大滬深300正2,11,0,11,富邦-苗栗,2024-11-04,9657
2887,台新金,16,6,10,富邦-苗栗,2024-11-04,9657
3289,宜特,10,0,10,富邦-苗栗,2024-11-04,9657
4533,協易機,10,0,10,富邦-苗栗,2024-11-04,9657
6142,友勁,10,0,10,富邦-苗栗,2024-11-04,9657
2646,星宇航空,13,3,10,富邦-苗栗,2024-11-04,9657
2329,華泰,10,1,9,富邦-苗栗,2024-11-04,9657
00943,兆豐電子高息等權,9,0,9,富邦-苗栗,2024-11-04,9657
3686,達能,10,2,8,富邦-苗栗,2024-11-04,9657
6246,臺龍,10,2,8,富邦-苗栗,2024-11-04,9657
00932,兆豐永續高息等權,8,1,7,富邦-苗栗,2024-11-04,9657
3663,鑫科,7,0,7,富邦-苗栗,2024-11-04,9657
4303,信立,7,0,7,富邦-苗栗,2024-11-04,9657
4807,日成-KY,12,5,7,富邦-苗栗,2024-11-04,9657
6134,萬旭,7,0,7,富邦-苗栗,2024-11-04,9657
1605,華新,7,0,7,富邦-苗栗,2024-11-04,9657
1229,聯華,6,0,6,富邦-苗栗,2024-11-04,9657
00891,中信關鍵半導體,6,0,6,富邦-苗栗,2024-11-04,9657
00927,群益半導體收益,6,0,6,富邦-苗栗,2024-11-04,9657
1815,富喬,6,0,6,富邦-苗栗,2024-11-04,9657
2605,新興,6,0,6,富邦-苗栗,2024-11-04,9657
3047,訊舟,6,0,6,富邦-苗栗,2024-11-04,9657
3481,群創,6,0,6,富邦-苗栗,2024-11-04,9657
2486,一詮,13,7,6,富邦-苗栗,2024-11-04,9657
00943,兆豐電子高息等權,100,10,90,富邦-苗栗,2024-11-05,9657
00632R,元大台灣50反1,109,45,64,富邦-苗栗,2024-11-05,9657
00937B,群益ESG投等債20,62,4,58,富邦-苗栗,2024-11-05,9657
2426,鼎元,51,0,51,富邦-苗栗,2024-11-05,9657
2812,台中銀,44,0,44,富邦-苗栗,2024-11-05,9657
00953B,群益優選非投等債,34,0,34,富邦-苗栗,2024-11-05,9657
6217,中探針,33,0,33,富邦-苗栗,2024-11-05,9657
2344,華邦電,36,5,31,富邦-苗栗,2024-11-05,9657
00960,野村全球航運龍頭,29,0,29,富邦-苗栗,2024-11-05,9657
6742,澤米,30,2,28,富邦-苗栗,2024-11-05,9657
00752,中信中國50,25,1,24,富邦-苗栗,2024-11-05,9657
2646,星宇航空,30,7,23,富邦-苗栗,2024-11-05,9657
00878,國泰永續高股息,43,22,21,富邦-苗栗,2024-11-05,9657
6241,易通展,21,0,21,富邦-苗栗,2024-11-05,9657
8086,宏捷科,20,0,20,富邦-苗栗,2024-11-05,9657
8299,群聯,19,0,19,富邦-苗栗,2024-11-05,9657
00957B,兆豐US優選投等債,18,0,18,富邦-苗栗,2024-11-05,9657
006205,富邦上証,18,0,18,富邦-苗栗,2024-11-05,9657
2354,鴻準,93,76,17,富邦-苗栗,2024-11-05,9657
1455,集盛,16,0,16,富邦-苗栗,2024-11-05,9657
00830,國泰費城半導體,15,0,15,富邦-苗栗,2024-11-05,9657
4919,新唐,20,8,12,富邦-苗栗,2024-11-05,9657
00665L,富邦�琤肭磪囓�2,13,1,12,富邦-苗栗,2024-11-05,9657
00948B,中信優息投資級債,12,0,12,富邦-苗栗,2024-11-05,9657
4123,晟德,12,0,12,富邦-苗栗,2024-11-05,9657
4971,IET-KY,12,0,12,富邦-苗栗,2024-11-05,9657
00933B,國泰10Y+金融債,11,0,11,富邦-苗栗,2024-11-05,9657
8034,榮群,11,0,11,富邦-苗栗,2024-11-05,9657
3228,金麗科,11,1,10,富邦-苗栗,2024-11-05,9657
3047,訊舟,10,0,10,富邦-苗栗,2024-11-05,9657
00650L,復華香港正2,10,0,10,富邦-苗栗,2024-11-05,9657
2365,昆盈,30,20,10,富邦-苗栗,2024-11-05,9657
4956,光鋐,10,0,10,富邦-苗栗,2024-11-05,9657
8105,凌巨,10,0,10,富邦-苗栗,2024-11-05,9657
00713,元大台灣高息低波,9,0,9,富邦-苗栗,2024-11-05,9657
00712,復華富時不動產,9,0,9,富邦-苗栗,2024-11-05,9657
2329,華泰,9,0,9,富邦-苗栗,2024-11-05,9657
6213,聯茂,10,1,9,富邦-苗栗,2024-11-05,9657
8074,鉅橡,10,1,9,富邦-苗栗,2024-11-05,9657
00900,富邦特選高股息30,8,0,8,富邦-苗栗,2024-11-05,9657
3083,網龍,8,0,8,富邦-苗栗,2024-11-05,9657
6188,廣明,8,0,8,富邦-苗栗,2024-11-05,9657
00930,永豐ESG低碳高息,7,0,7,富邦-苗栗,2024-11-05,9657
4974,亞泰,7,0,7,富邦-苗栗,2024-11-05,9657
00881,國泰台灣5G+,7,1,6,富邦-苗栗,2024-11-05,9657
0056,元大高股息,7,1,6,富邦-苗栗,2024-11-05,9657
3162,精確,6,0,6,富邦-苗栗,2024-11-05,9657
5460,同協,13,7,6,富邦-苗栗,2024-11-05,9657
6151,晉倫,6,0,6,富邦-苗栗,2024-11-05,9657
6235,華孚,6,0,6,富邦-苗栗,2024-11-05,9657
00680L,元大美債20正2,304,10,294,富邦-苗栗,2024-11-06,9657
00687B,國泰20年美債,177,53,124,富邦-苗栗,2024-11-06,9657
00712,復華富時不動產,111,0,111,富邦-苗栗,2024-11-06,9657
4123,晟德,93,0,93,富邦-苗栗,2024-11-06,9657
00679B,元大美債20年,84,19,65,富邦-苗栗,2024-11-06,9657
3481,群創,60,0,60,富邦-苗栗,2024-11-06,9657
00948B,中信優息投資級債,45,0,45,富邦-苗栗,2024-11-06,9657
3706,神達,43,2,41,富邦-苗栗,2024-11-06,9657
3360,尚立,28,0,28,富邦-苗栗,2024-11-06,9657
2317,鴻海,36,9,27,富邦-苗栗,2024-11-06,9657
1449,佳和,49,22,27,富邦-苗栗,2024-11-06,9657
00688L,國泰20年美債正2,30,6,24,富邦-苗栗,2024-11-06,9657
6288,聯嘉,22,1,21,富邦-苗栗,2024-11-06,9657
4979,華星光,32,13,19,富邦-苗栗,2024-11-06,9657
3592,瑞鼎,19,0,19,富邦-苗栗,2024-11-06,9657
5438,東友,26,8,18,富邦-苗栗,2024-11-06,9657
00919,群益台灣精選高息,18,2,16,富邦-苗栗,2024-11-06,9657
00795B,中信美國公債20年,15,0,15,富邦-苗栗,2024-11-06,9657
6411,晶焱,15,0,15,富邦-苗栗,2024-11-06,9657
2303,聯電,29,15,14,富邦-苗栗,2024-11-06,9657
2412,中華電,18,5,13,富邦-苗栗,2024-11-06,9657
2885,元大金,13,0,13,富邦-苗栗,2024-11-06,9657
00915,凱基優選高股息30,12,0,12,富邦-苗栗,2024-11-06,9657
00932,兆豐永續高息等權,12,0,12,富邦-苗栗,2024-11-06,9657
2542,興富發,12,0,12,富邦-苗栗,2024-11-06,9657
00713,元大台灣高息低波,12,1,11,富邦-苗栗,2024-11-06,9657
5347,世界,11,0,11,富邦-苗栗,2024-11-06,9657
2891,中信金,13,2,11,富邦-苗栗,2024-11-06,9657
6241,易通展,11,0,11,富邦-苗栗,2024-11-06,9657
00673R,期元大S＆P原油反1,10,0,10,富邦-苗栗,2024-11-06,9657
00933B,國泰10Y+金融債,10,0,10,富邦-苗栗,2024-11-06,9657
4956,光鋐,10,0,10,富邦-苗栗,2024-11-06,9657
5460,同協,10,0,10,富邦-苗栗,2024-11-06,9657
6125,廣運,10,0,10,富邦-苗栗,2024-11-06,9657
3149,正達,12,3,9,富邦-苗栗,2024-11-06,9657
6246,臺龍,9,0,9,富邦-苗栗,2024-11-06,9657
8249,菱光,27,18,9,富邦-苗栗,2024-11-06,9657
2328,廣宇,13,5,8,富邦-苗栗,2024-11-06,9657
3705,永信,7,0,7,富邦-苗栗,2024-11-06,9657
8032,光菱,11,4,7,富邦-苗栗,2024-11-06,9657
2888,新光金,20,14,6,富邦-苗栗,2024-11-06,9657
2431,聯昌,101,95,6,富邦-苗栗,2024-11-06,9657
2852,第一保,6,0,6,富邦-苗栗,2024-11-06,9657
3260,威剛,6,0,6,富邦-苗栗,2024-11-06,9657
4562,穎漢,13,7,6,富邦-苗栗,2024-11-06,9657
00959B,大華投等美債15Y+,5,0,5,富邦-苗栗,2024-11-06,9657
00961,FT臺灣永續高息,5,0,5,富邦-苗栗,2024-11-06,9657
2465,麗臺,5,0,5,富邦-苗栗,2024-11-06,9657
2492,華新科,5,0,5,富邦-苗栗,2024-11-06,9657
2913,農林,5,0,5,富邦-苗栗,2024-11-06,9657
00753L,中信中國50正2,300,35,265,富邦-苗栗,2024-11-07,9657
00948B,中信優息投資級債,150,0,150,富邦-苗栗,2024-11-07,9657
00665L,富邦�琤肭磪囓�2,102,5,97,富邦-苗栗,2024-11-07,9657
00688L,國泰20年美債正2,55,0,55,富邦-苗栗,2024-11-07,9657
9105,泰金寶-DR,74,29,45,富邦-苗栗,2024-11-07,9657
6192,巨路,43,0,43,富邦-苗栗,2024-11-07,9657
2329,華泰,40,0,40,富邦-苗栗,2024-11-07,9657
8105,凌巨,40,0,40,富邦-苗栗,2024-11-07,9657
00676R,富邦臺灣加權反1,35,0,35,富邦-苗栗,2024-11-07,9657
00679B,元大美債20年,43,11,32,富邦-苗栗,2024-11-07,9657
5460,同協,31,0,31,富邦-苗栗,2024-11-07,9657
4123,晟德,36,10,26,富邦-苗栗,2024-11-07,9657
00919,群益台灣精選高息,23,2,21,富邦-苗栗,2024-11-07,9657
3558,神準,20,0,20,富邦-苗栗,2024-11-07,9657
00960,野村全球航運龍頭,21,1,20,富邦-苗栗,2024-11-07,9657
8034,榮群,24,5,19,富邦-苗栗,2024-11-07,9657
006208,富邦台50,20,2,18,富邦-苗栗,2024-11-07,9657
6742,澤米,18,2,16,富邦-苗栗,2024-11-07,9657
1451,年興,14,0,14,富邦-苗栗,2024-11-07,9657
6869,雲豹能源,14,1,13,富邦-苗栗,2024-11-07,9657
3312,弘憶股,15,2,13,富邦-苗栗,2024-11-07,9657
2356,英業達,45,32,13,富邦-苗栗,2024-11-07,9657
1587,吉茂,12,0,12,富邦-苗栗,2024-11-07,9657
6150,撼訊,13,1,12,富邦-苗栗,2024-11-07,9657
00937B,群益ESG投等債20,13,2,11,富邦-苗栗,2024-11-07,9657
3211,順達,11,0,11,富邦-苗栗,2024-11-07,9657
2887,台新金,10,0,10,富邦-苗栗,2024-11-07,9657
1734,杏輝,10,0,10,富邦-苗栗,2024-11-07,9657
2362,藍天,11,1,10,富邦-苗栗,2024-11-07,9657
4541,晟田,10,0,10,富邦-苗栗,2024-11-07,9657
5222,全訊,10,0,10,富邦-苗栗,2024-11-07,9657
6116,彩晶,10,0,10,富邦-苗栗,2024-11-07,9657
1595,川寶,10,1,9,富邦-苗栗,2024-11-07,9657
2328,廣宇,15,6,9,富邦-苗栗,2024-11-07,9657
2615,萬海,14,5,9,富邦-苗栗,2024-11-07,9657
2892,第一金,8,0,8,富邦-苗栗,2024-11-07,9657
1709,和益,10,2,8,富邦-苗栗,2024-11-07,9657
2497,怡利電,8,0,8,富邦-苗栗,2024-11-07,9657
2888,新光金,10,2,8,富邦-苗栗,2024-11-07,9657
3339,泰谷,8,0,8,富邦-苗栗,2024-11-07,9657
8421,旭源,10,2,8,富邦-苗栗,2024-11-07,9657
2885,元大金,10,3,7,富邦-苗栗,2024-11-07,9657
2303,聯電,22,15,7,富邦-苗栗,2024-11-07,9657
6217,中探針,7,0,7,富邦-苗栗,2024-11-07,9657
3230,錦明,6,0,6,富邦-苗栗,2024-11-07,9657
2353,宏��,21,15,6,富邦-苗栗,2024-11-07,9657
3701,大眾控,11,6,5,富邦-苗栗,2024-11-07,9657
2010,春源,5,0,5,富邦-苗栗,2024-11-07,9657
2347,聯強,5,0,5,富邦-苗栗,2024-11-07,9657
2429,銘旺科,5,0,5,富邦-苗栗,2024-11-07,9657
00943,兆豐電子高息等權,204,2,202,富邦-苗栗,2024-11-08,9657
00945B,凱基美國非投等債,60,0,60,富邦-苗栗,2024-11-08,9657
2303,聯電,50,7,43,富邦-苗栗,2024-11-08,9657
3062,建漢,106,63,43,富邦-苗栗,2024-11-08,9657
3360,尚立,40,0,40,富邦-苗栗,2024-11-08,9657
00753L,中信中國50正2,50,15,35,富邦-苗栗,2024-11-08,9657
2354,鴻準,115,82,33,富邦-苗栗,2024-11-08,9657
00878,國泰永續高股息,42,10,32,富邦-苗栗,2024-11-08,9657
3047,訊舟,31,0,31,富邦-苗栗,2024-11-08,9657
00929,復華台灣科技優息,46,17,29,富邦-苗栗,2024-11-08,9657
2388,威盛,41,18,23,富邦-苗栗,2024-11-08,9657
5347,世界,25,2,23,富邦-苗栗,2024-11-08,9657
00909,國泰數位支付服務,21,1,20,富邦-苗栗,2024-11-08,9657
00643,群益深証中小,20,0,20,富邦-苗栗,2024-11-08,9657
2314,台揚,23,3,20,富邦-苗栗,2024-11-08,9657
6763,綠界科技*,20,0,20,富邦-苗栗,2024-11-08,9657
3049,精金,24,7,17,富邦-苗栗,2024-11-08,9657
6192,巨路,17,0,17,富邦-苗栗,2024-11-08,9657
8261,富鼎,19,2,17,富邦-苗栗,2024-11-08,9657
6770,力積電,22,5,17,富邦-苗栗,2024-11-08,9657
9935,慶豐富,25,9,16,富邦-苗栗,2024-11-08,9657
4903,聯光通,17,2,15,富邦-苗栗,2024-11-08,9657
2892,第一金,13,0,13,富邦-苗栗,2024-11-08,9657
2615,萬海,35,22,13,富邦-苗栗,2024-11-08,9657
0056,元大高股息,16,3,13,富邦-苗栗,2024-11-08,9657
6151,晉倫,21,8,13,富邦-苗栗,2024-11-08,9657
3066,李洲,12,0,12,富邦-苗栗,2024-11-08,9657
4167,松瑞藥,15,3,12,富邦-苗栗,2024-11-08,9657
5460,同協,12,0,12,富邦-苗栗,2024-11-08,9657
3550,聯穎,11,0,11,富邦-苗栗,2024-11-08,9657
5474,聰泰,11,0,11,富邦-苗栗,2024-11-08,9657
8249,菱光,14,3,11,富邦-苗栗,2024-11-08,9657
00882,中信中國高股息,28,17,11,富邦-苗栗,2024-11-08,9657
00932,兆豐永續高息等權,10,0,10,富邦-苗栗,2024-11-08,9657
00673R,期元大S＆P原油反1,10,0,10,富邦-苗栗,2024-11-08,9657
1531,高林股,41,31,10,富邦-苗栗,2024-11-08,9657
2313,華通,13,3,10,富邦-苗栗,2024-11-08,9657
3673,TPK-KY,10,0,10,富邦-苗栗,2024-11-08,9657
5009,榮剛,10,0,10,富邦-苗栗,2024-11-08,9657
6125,廣運,10,0,10,富邦-苗栗,2024-11-08,9657
8215,明基材,10,0,10,富邦-苗栗,2024-11-08,9657
6788,華景電,9,0,9,富邦-苗栗,2024-11-08,9657
2409,友達,9,0,9,富邦-苗栗,2024-11-08,9657
6285,啟��,8,0,8,富邦-苗栗,2024-11-08,9657
00713,元大台灣高息低波,8,0,8,富邦-苗栗,2024-11-08,9657
00636,國泰中國A50,8,0,8,富邦-苗栗,2024-11-08,9657
3029,零壹,8,0,8,富邦-苗栗,2024-11-08,9657
3580,友威科,9,1,8,富邦-苗栗,2024-11-08,9657
6742,澤米,9,1,8,富邦-苗栗,2024-11-08,9657
2415,錩新,8,0,8,富邦-苗栗,2024-11-08,9657
9907,統一實,103,0,103,富邦-苗栗,2024-11-11,9657
006208,富邦台50,86,1,85,富邦-苗栗,2024-11-11,9657
00878,國泰永續高股息,85,3,82,富邦-苗栗,2024-11-11,9657
1605,華新,39,3,36,富邦-苗栗,2024-11-11,9657
2356,英業達,126,91,35,富邦-苗栗,2024-11-11,9657
8183,精星,35,0,35,富邦-苗栗,2024-11-11,9657
00679B,元大美債20年,40,6,34,富邦-苗栗,2024-11-11,9657
00930,永豐ESG低碳高息,34,1,33,富邦-苗栗,2024-11-11,9657
9945,潤泰新,33,1,32,富邦-苗栗,2024-11-11,9657
00637L,元大滬深300正2,31,0,31,富邦-苗栗,2024-11-11,9657
2834,臺企銀,28,1,27,富邦-苗栗,2024-11-11,9657
5371,中光電,25,0,25,富邦-苗栗,2024-11-11,9657
00909,國泰數位支付服務,22,2,20,富邦-苗栗,2024-11-11,9657
6016,康和證,20,0,20,富邦-苗栗,2024-11-11,9657
2409,友達,19,0,19,富邦-苗栗,2024-11-11,9657
3011,今皓,20,1,19,富邦-苗栗,2024-11-11,9657
2303,聯電,23,6,17,富邦-苗栗,2024-11-11,9657
6770,力積電,21,4,17,富邦-苗栗,2024-11-11,9657
3149,正達,14,0,14,富邦-苗栗,2024-11-11,9657
2609,陽明,26,12,14,富邦-苗栗,2024-11-11,9657
2881,富邦金,14,1,13,富邦-苗栗,2024-11-11,9657
2646,星宇航空,16,3,13,富邦-苗栗,2024-11-11,9657
0056,元大高股息,13,0,13,富邦-苗栗,2024-11-11,9657
2362,藍天,12,0,12,富邦-苗栗,2024-11-11,9657
2354,鴻準,39,28,11,富邦-苗栗,2024-11-11,9657
2365,昆盈,13,2,11,富邦-苗栗,2024-11-11,9657
8105,凌巨,11,0,11,富邦-苗栗,2024-11-11,9657
1455,集盛,10,0,10,富邦-苗栗,2024-11-11,9657
1795,美時,14,4,10,富邦-苗栗,2024-11-11,9657
2344,華邦電,10,0,10,富邦-苗栗,2024-11-11,9657
2392,正崴,19,9,10,富邦-苗栗,2024-11-11,9657
2641,正德,12,2,10,富邦-苗栗,2024-11-11,9657
4716,大立,11,1,10,富邦-苗栗,2024-11-11,9657
6148,驊宏資,10,0,10,富邦-苗栗,2024-11-11,9657
8107,大億金茂,10,1,9,富邦-苗栗,2024-11-11,9657
2323,中環,9,0,9,富邦-苗栗,2024-11-11,9657
3047,訊舟,25,16,9,富邦-苗栗,2024-11-11,9657
3303,岱稜,26,17,9,富邦-苗栗,2024-11-11,9657
4909,新復興,8,0,8,富邦-苗栗,2024-11-11,9657
9904,寶成,10,2,8,富邦-苗栗,2024-11-11,9657
4903,聯光通,9,2,7,富邦-苗栗,2024-11-11,9657
00752,中信中國50,7,0,7,富邦-苗栗,2024-11-11,9657
00943,兆豐電子高息等權,7,0,7,富邦-苗栗,2024-11-11,9657
1591,駿吉-KY,7,0,7,富邦-苗栗,2024-11-11,9657
00655L,國泰中國A50正2,6,0,6,富邦-苗栗,2024-11-11,9657
00882,中信中國高股息,11,5,6,富邦-苗栗,2024-11-11,9657
3049,精金,6,0,6,富邦-苗栗,2024-11-11,9657
3617,碩天,6,0,6,富邦-苗栗,2024-11-11,9657
9921,巨大,8,2,6,富邦-苗栗,2024-11-11,9657
3062,建漢,13,8,5,富邦-苗栗,2024-11-11,9657
00665L,富邦�琤肭磪囓�2,421,2,419,富邦-苗栗,2024-11-12,9657
00878,國泰永續高股息,222,0,222,富邦-苗栗,2024-11-12,9657
00753L,中信中國50正2,215,0,215,富邦-苗栗,2024-11-12,9657
00715L,期街口布蘭特正2,109,1,108,富邦-苗栗,2024-11-12,9657
9907,統一實,100,0,100,富邦-苗栗,2024-11-12,9657
00929,復華台灣科技優息,114,37,77,富邦-苗栗,2024-11-12,9657
6282,康舒,60,0,60,富邦-苗栗,2024-11-12,9657
2002,中鋼,62,6,56,富邦-苗栗,2024-11-12,9657
0056,元大高股息,55,0,55,富邦-苗栗,2024-11-12,9657
00632R,元大台灣50反1,50,3,47,富邦-苗栗,2024-11-12,9657
1101,台泥,46,0,46,富邦-苗栗,2024-11-12,9657
00919,群益台灣精選高息,48,2,46,富邦-苗栗,2024-11-12,9657
00830,國泰費城半導體,41,0,41,富邦-苗栗,2024-11-12,9657
3047,訊舟,48,12,36,富邦-苗栗,2024-11-12,9657
00957B,兆豐US優選投等債,35,0,35,富邦-苗栗,2024-11-12,9657
00713,元大台灣高息低波,35,1,34,富邦-苗栗,2024-11-12,9657
3360,尚立,33,2,31,富邦-苗栗,2024-11-12,9657
3481,群創,29,0,29,富邦-苗栗,2024-11-12,9657
4958,臻鼎-KY,29,0,29,富邦-苗栗,2024-11-12,9657
00950B,凱基A級公司債,28,0,28,富邦-苗栗,2024-11-12,9657
00915,凱基優選高股息30,24,0,24,富邦-苗栗,2024-11-12,9657
00712,復華富時不動產,22,0,22,富邦-苗栗,2024-11-12,9657
2633,台灣高鐵,21,0,21,富邦-苗栗,2024-11-12,9657
1471,首利,20,0,20,富邦-苗栗,2024-11-12,9657
2233,宇隆,21,1,20,富邦-苗栗,2024-11-12,9657
1220,台榮,20,0,20,富邦-苗栗,2024-11-12,9657
6517,保勝光學,20,1,19,富邦-苗栗,2024-11-12,9657
00909,國泰數位支付服務,19,0,19,富邦-苗栗,2024-11-12,9657
2615,萬海,30,12,18,富邦-苗栗,2024-11-12,9657
00687B,國泰20年美債,20,2,18,富邦-苗栗,2024-11-12,9657
2887,台新金,16,0,16,富邦-苗栗,2024-11-12,9657
1301,台塑,17,1,16,富邦-苗栗,2024-11-12,9657
2303,聯電,19,4,15,富邦-苗栗,2024-11-12,9657
2331,精英,15,0,15,富邦-苗栗,2024-11-12,9657
2382,廣達,18,4,14,富邦-苗栗,2024-11-12,9657
5871,中租-KY,15,1,14,富邦-苗栗,2024-11-12,9657
6116,彩晶,14,0,14,富邦-苗栗,2024-11-12,9657
2388,威盛,16,3,13,富邦-苗栗,2024-11-12,9657
2329,華泰,13,0,13,富邦-苗栗,2024-11-12,9657
9945,潤泰新,13,0,13,富邦-苗栗,2024-11-12,9657
00923,群益台ESG低碳50,12,0,12,富邦-苗栗,2024-11-12,9657
2882,國泰金,15,3,12,富邦-苗栗,2024-11-12,9657
00692,富邦公司治理,12,0,12,富邦-苗栗,2024-11-12,9657
00887,永豐中國科技50大,12,0,12,富邦-苗栗,2024-11-12,9657
00922,國泰台灣領袖50,11,0,11,富邦-苗栗,2024-11-12,9657
5009,榮剛,11,0,11,富邦-苗栗,2024-11-12,9657
8039,台虹,11,0,11,富邦-苗栗,2024-11-12,9657
00631L,元大台灣50正2,13,3,10,富邦-苗栗,2024-11-12,9657
00650L,復華香港正2,10,0,10,富邦-苗栗,2024-11-12,9657
00930,永豐ESG低碳高息,10,0,10,富邦-苗栗,2024-11-12,9657
00680L,元大美債20正2,141,0,141,富邦-苗栗,2024-11-13,9657
00878,國泰永續高股息,137,2,135,富邦-苗栗,2024-11-13,9657
00687B,國泰20年美債,110,1,109,富邦-苗栗,2024-11-13,9657
00919,群益台灣精選高息,81,2,79,富邦-苗栗,2024-11-13,9657
2010,春源,60,10,50,富邦-苗栗,2024-11-13,9657
00642U,期元大S＆P石油,40,0,40,富邦-苗栗,2024-11-13,9657
00882,中信中國高股息,34,0,34,富邦-苗栗,2024-11-13,9657
4510,高鋒,33,2,31,富邦-苗栗,2024-11-13,9657
2324,仁寶,76,47,29,富邦-苗栗,2024-11-13,9657
00740B,富邦全球投等債,28,0,28,富邦-苗栗,2024-11-13,9657
00830,國泰費城半導體,25,0,25,富邦-苗栗,2024-11-13,9657
2915,潤泰全,25,0,25,富邦-苗栗,2024-11-13,9657
00929,復華台灣科技優息,43,19,24,富邦-苗栗,2024-11-13,9657
0056,元大高股息,22,0,22,富邦-苗栗,2024-11-13,9657
0050,元大台灣50,25,3,22,富邦-苗栗,2024-11-13,9657
6235,華孚,34,14,20,富邦-苗栗,2024-11-13,9657
00650L,復華香港正2,20,2,18,富邦-苗栗,2024-11-13,9657
2409,友達,18,0,18,富邦-苗栗,2024-11-13,9657
00713,元大台灣高息低波,17,0,17,富邦-苗栗,2024-11-13,9657
2449,京元電子,18,2,16,富邦-苗栗,2024-11-13,9657
00679B,元大美債20年,22,6,16,富邦-苗栗,2024-11-13,9657
00715L,期街口布蘭特正2,15,0,15,富邦-苗栗,2024-11-13,9657
00948B,中信優息投資級債,15,0,15,富邦-苗栗,2024-11-13,9657
2061,風青,15,0,15,富邦-苗栗,2024-11-13,9657
2883,凱基金,15,0,15,富邦-苗栗,2024-11-13,9657
4958,臻鼎-KY,15,1,14,富邦-苗栗,2024-11-13,9657
3013,晟銘電,21,7,14,富邦-苗栗,2024-11-13,9657
6821,聯寶,14,0,14,富邦-苗栗,2024-11-13,9657
2834,臺企銀,14,0,14,富邦-苗栗,2024-11-13,9657
2303,聯電,15,3,12,富邦-苗栗,2024-11-13,9657
6505,台塑化,12,1,11,富邦-苗栗,2024-11-13,9657
00905,FT臺灣Smart,11,0,11,富邦-苗栗,2024-11-13,9657
2344,華邦電,12,1,11,富邦-苗栗,2024-11-13,9657
00930,永豐ESG低碳高息,11,0,11,富邦-苗栗,2024-11-13,9657
2349,錸德,37,26,11,富邦-苗栗,2024-11-13,9657
3049,精金,12,1,11,富邦-苗栗,2024-11-13,9657
3419,譁裕,12,1,11,富邦-苗栗,2024-11-13,9657
00665L,富邦�琤肭磪囓�2,10,0,10,富邦-苗栗,2024-11-13,9657
00915,凱基優選高股息30,10,0,10,富邦-苗栗,2024-11-13,9657
3558,神準,11,1,10,富邦-苗栗,2024-11-13,9657
5871,中租-KY,11,1,10,富邦-苗栗,2024-11-13,9657
6239,力成,10,0,10,富邦-苗栗,2024-11-13,9657
1597,直得,10,0,10,富邦-苗栗,2024-11-13,9657
2105,正新,10,0,10,富邦-苗栗,2024-11-13,9657
2337,旺宏,10,0,10,富邦-苗栗,2024-11-13,9657
3322,建舜電,10,0,10,富邦-苗栗,2024-11-13,9657
5460,同協,10,0,10,富邦-苗栗,2024-11-13,9657
6202,盛群,10,0,10,富邦-苗栗,2024-11-13,9657
9921,巨大,10,0,10,富邦-苗栗,2024-11-13,9657
9958,世紀鋼,10,0,10,富邦-苗栗,2024-11-13,9657
00878,國泰永續高股息,349,1,348,富邦-苗栗,2024-11-14,9657
00680L,元大美債20正2,240,0,240,富邦-苗栗,2024-11-14,9657
00671R,富邦NASDAQ反1,200,0,200,富邦-苗栗,2024-11-14,9657
2351,順德,140,0,140,富邦-苗栗,2024-11-14,9657
00929,復華台灣科技優息,150,46,104,富邦-苗栗,2024-11-14,9657
3049,精金,96,0,96,富邦-苗栗,2024-11-14,9657
00919,群益台灣精選高息,98,12,86,富邦-苗栗,2024-11-14,9657
0056,元大高股息,60,2,58,富邦-苗栗,2024-11-14,9657
1301,台塑,55,5,50,富邦-苗栗,2024-11-14,9657
5457,宣德,50,0,50,富邦-苗栗,2024-11-14,9657
3360,尚立,44,0,44,富邦-苗栗,2024-11-14,9657
3481,群創,39,3,36,富邦-苗栗,2024-11-14,9657
00715L,期街口布蘭特正2,35,1,34,富邦-苗栗,2024-11-14,9657
2317,鴻海,38,7,31,富邦-苗栗,2024-11-14,9657
2324,仁寶,92,65,27,富邦-苗栗,2024-11-14,9657
2883,凱基金,29,2,27,富邦-苗栗,2024-11-14,9657
2374,佳能,27,1,26,富邦-苗栗,2024-11-14,9657
6163,華電網,21,0,21,富邦-苗栗,2024-11-14,9657
6235,華孚,21,0,21,富邦-苗栗,2024-11-14,9657
00900,富邦特選高股息30,20,0,20,富邦-苗栗,2024-11-14,9657
2312,金寶,46,26,20,富邦-苗栗,2024-11-14,9657
3094,聯傑,20,0,20,富邦-苗栗,2024-11-14,9657
6202,盛群,20,0,20,富邦-苗栗,2024-11-14,9657
6821,聯寶,20,0,20,富邦-苗栗,2024-11-14,9657
00882,中信中國高股息,19,0,19,富邦-苗栗,2024-11-14,9657
00830,國泰費城半導體,19,0,19,富邦-苗栗,2024-11-14,9657
9105,泰金寶-DR,38,19,19,富邦-苗栗,2024-11-14,9657
4931,新盛力,50,32,18,富邦-苗栗,2024-11-14,9657
2915,潤泰全,18,1,17,富邦-苗栗,2024-11-14,9657
00915,凱基優選高股息30,17,0,17,富邦-苗栗,2024-11-14,9657
2337,旺宏,18,2,16,富邦-苗栗,2024-11-14,9657
00713,元大台灣高息低波,16,1,15,富邦-苗栗,2024-11-14,9657
00922,國泰台灣領袖50,16,3,13,富邦-苗栗,2024-11-14,9657
00891,中信關鍵半導體,13,0,13,富邦-苗栗,2024-11-14,9657
1471,首利,21,8,13,富邦-苗栗,2024-11-14,9657
2101,南港,13,0,13,富邦-苗栗,2024-11-14,9657
2408,南亞科,16,3,13,富邦-苗栗,2024-11-14,9657
2483,百容,13,0,13,富邦-苗栗,2024-11-14,9657
3015,全漢,17,4,13,富邦-苗栗,2024-11-14,9657
4303,信立,13,0,13,富邦-苗栗,2024-11-14,9657
5871,中租-KY,12,0,12,富邦-苗栗,2024-11-14,9657
00927,群益半導體收益,14,2,12,富邦-苗栗,2024-11-14,9657
00943,兆豐電子高息等權,12,0,12,富邦-苗栗,2024-11-14,9657
2616,山隆,12,0,12,富邦-苗栗,2024-11-14,9657
5488,松普,12,0,12,富邦-苗栗,2024-11-14,9657
6877,鏵友益,12,0,12,富邦-苗栗,2024-11-14,9657
2390,云辰,10,0,10,富邦-苗栗,2024-11-14,9657
2498,宏達電,10,0,10,富邦-苗栗,2024-11-14,9657
2852,第一保,10,0,10,富邦-苗栗,2024-11-14,9657
4711,永純,10,0,10,富邦-苗栗,2024-11-14,9657
00878,國泰永續高股息,505,100,405,富邦-苗栗,2024-11-15,9657
9907,統一實,100,0,100,富邦-苗栗,2024-11-15,9657
00929,復華台灣科技優息,35,0,35,富邦-苗栗,2024-11-15,9657
2317,鴻海,51,19,32,富邦-苗栗,2024-11-15,9657
2324,仁寶,31,0,31,富邦-苗栗,2024-11-15,9657
00945B,凱基美國非投等債,30,0,30,富邦-苗栗,2024-11-15,9657
6279,胡連,29,0,29,富邦-苗栗,2024-11-15,9657
00943,兆豐電子高息等權,29,0,29,富邦-苗栗,2024-11-15,9657
00673R,期元大S＆P原油反1,25,0,25,富邦-苗栗,2024-11-15,9657
2344,華邦電,23,1,22,富邦-苗栗,2024-11-15,9657
6163,華電網,20,1,19,富邦-苗栗,2024-11-15,9657
00830,國泰費城半導體,17,0,17,富邦-苗栗,2024-11-15,9657
2397,友通,17,0,17,富邦-苗栗,2024-11-15,9657
2382,廣達,23,6,17,富邦-苗栗,2024-11-15,9657
00655L,國泰中國A50正2,20,5,15,富邦-苗栗,2024-11-15,9657
2303,聯電,17,2,15,富邦-苗栗,2024-11-15,9657
4931,新盛力,45,31,14,富邦-苗栗,2024-11-15,9657
00922,國泰台灣領袖50,13,0,13,富邦-苗栗,2024-11-15,9657
00948B,中信優息投資級債,13,0,13,富邦-苗栗,2024-11-15,9657
3520,華盈,13,0,13,富邦-苗栗,2024-11-15,9657
00921,兆豐龍頭等權重,12,0,12,富邦-苗栗,2024-11-15,9657
00753L,中信中國50正2,12,0,12,富邦-苗栗,2024-11-15,9657
5488,松普,12,0,12,富邦-苗栗,2024-11-15,9657
3162,精確,12,1,11,富邦-苗栗,2024-11-15,9657
3234,光環,11,0,11,富邦-苗栗,2024-11-15,9657
0056,元大高股息,10,0,10,富邦-苗栗,2024-11-15,9657
3706,神達,37,27,10,富邦-苗栗,2024-11-15,9657
00706L,期元大S＆P日圓正2,10,0,10,富邦-苗栗,2024-11-15,9657
1733,五鼎,10,0,10,富邦-苗栗,2024-11-15,9657
6177,達麗,11,1,10,富邦-苗栗,2024-11-15,9657
8111,立��,16,7,9,富邦-苗栗,2024-11-15,9657
00932,兆豐永續高息等權,9,0,9,富邦-苗栗,2024-11-15,9657
00637L,元大滬深300正2,11,2,9,富邦-苗栗,2024-11-15,9657
1303,南亞,9,0,9,富邦-苗栗,2024-11-15,9657
2002,中鋼,9,0,9,富邦-苗栗,2024-11-15,9657
2356,英業達,20,11,9,富邦-苗栗,2024-11-15,9657
2929,淘帝-KY,11,2,9,富邦-苗栗,2024-11-15,9657
6405,悅城,10,1,9,富邦-苗栗,2024-11-15,9657
8249,菱光,23,14,9,富邦-苗栗,2024-11-15,9657
006208,富邦台50,9,0,9,富邦-苗栗,2024-11-15,9657
00887,永豐中國科技50大,9,1,8,富邦-苗栗,2024-11-15,9657
6568,宏觀,8,0,8,富邦-苗栗,2024-11-15,9657
00713,元大台灣高息低波,8,0,8,富邦-苗栗,2024-11-15,9657
2880,華南金,7,0,7,富邦-苗栗,2024-11-15,9657
3149,正達,7,0,7,富邦-苗栗,2024-11-15,9657
6505,台塑化,9,2,7,富邦-苗栗,2024-11-15,9657
00679B,元大美債20年,8,2,6,富邦-苗栗,2024-11-15,9657
1618,合機,9,3,6,富邦-苗栗,2024-11-15,9657
8064,東捷,6,0,6,富邦-苗栗,2024-11-15,9657
2436,偉詮電,5,0,5,富邦-苗栗,2024-11-15,9657
00878,國泰永續高股息,278,0,278,富邦-苗栗,2024-11-18,9657
00887,永豐中國科技50大,145,5,140,富邦-苗栗,2024-11-18,9657
00706L,期元大S＆P日圓正2,50,0,50,富邦-苗栗,2024-11-18,9657
0056,元大高股息,47,0,47,富邦-苗栗,2024-11-18,9657
00932,兆豐永續高息等權,47,0,47,富邦-苗栗,2024-11-18,9657
9105,泰金寶-DR,119,76,43,富邦-苗栗,2024-11-18,9657
00930,永豐ESG低碳高息,40,3,37,富邦-苗栗,2024-11-18,9657
2317,鴻海,38,3,35,富邦-苗栗,2024-11-18,9657
0050,元大台灣50,34,0,34,富邦-苗栗,2024-11-18,9657
3706,神達,61,33,28,富邦-苗栗,2024-11-18,9657
1605,華新,27,0,27,富邦-苗栗,2024-11-18,9657
9945,潤泰新,27,0,27,富邦-苗栗,2024-11-18,9657
6163,華電網,25,0,25,富邦-苗栗,2024-11-18,9657
2312,金寶,81,58,23,富邦-苗栗,2024-11-18,9657
00713,元大台灣高息低波,23,0,23,富邦-苗栗,2024-11-18,9657
00830,國泰費城半導體,21,0,21,富邦-苗栗,2024-11-18,9657
00715L,期街口布蘭特正2,20,0,20,富邦-苗栗,2024-11-18,9657
00943,兆豐電子高息等權,19,0,19,富邦-苗栗,2024-11-18,9657
2354,鴻準,69,50,19,富邦-苗栗,2024-11-18,9657
3234,光環,15,0,15,富邦-苗栗,2024-11-18,9657
8421,旭源,15,0,15,富邦-苗栗,2024-11-18,9657
2881,富邦金,15,2,13,富邦-苗栗,2024-11-18,9657
1539,巨庭,13,0,13,富邦-苗栗,2024-11-18,9657
2344,華邦電,12,0,12,富邦-苗栗,2024-11-18,9657
006208,富邦台50,12,0,12,富邦-苗栗,2024-11-18,9657
2204,中華,11,0,11,富邦-苗栗,2024-11-18,9657
2397,友通,11,0,11,富邦-苗栗,2024-11-18,9657
2408,南亞科,11,0,11,富邦-苗栗,2024-11-18,9657
6411,晶焱,11,0,11,富邦-苗栗,2024-11-18,9657
00795B,中信美國公債20年,10,0,10,富邦-苗栗,2024-11-18,9657
00915,凱基優選高股息30,10,0,10,富邦-苗栗,2024-11-18,9657
1326,台化,10,0,10,富邦-苗栗,2024-11-18,9657
1597,直得,10,0,10,富邦-苗栗,2024-11-18,9657
1611,中電,10,0,10,富邦-苗栗,2024-11-18,9657
1733,五鼎,10,0,10,富邦-苗栗,2024-11-18,9657
2349,錸德,15,5,10,富邦-苗栗,2024-11-18,9657
3437,榮創,10,0,10,富邦-苗栗,2024-11-18,9657
3499,環天科,10,0,10,富邦-苗栗,2024-11-18,9657
5202,力新,10,0,10,富邦-苗栗,2024-11-18,9657
6405,悅城,12,2,10,富邦-苗栗,2024-11-18,9657
2483,百容,9,0,9,富邦-苗栗,2024-11-18,9657
6279,胡連,9,0,9,富邦-苗栗,2024-11-18,9657
6763,綠界科技*,9,0,9,富邦-苗栗,2024-11-18,9657
00919,群益台灣精選高息,21,13,8,富邦-苗栗,2024-11-18,9657
3374,精材,10,2,8,富邦-苗栗,2024-11-18,9657
2382,廣達,14,6,8,富邦-苗栗,2024-11-18,9657
2884,玉山金,10,2,8,富邦-苗栗,2024-11-18,9657
6117,迎廣,8,0,8,富邦-苗栗,2024-11-18,9657
6152,百一,8,0,8,富邦-苗栗,2024-11-18,9657
2330,台積電,8,0,8,富邦-苗栗,2024-11-18,9657
00945B,凱基美國非投等債,100,0,100,富邦-苗栗,2024-11-19,9657
6282,康舒,110,21,89,富邦-苗栗,2024-11-19,9657
00665L,富邦�琤肭磪囓�2,82,1,81,富邦-苗栗,2024-11-19,9657
00753L,中信中國50正2,60,0,60,富邦-苗栗,2024-11-19,9657
00878,國泰永續高股息,50,0,50,富邦-苗栗,2024-11-19,9657
2884,玉山金,32,0,32,富邦-苗栗,2024-11-19,9657
00679B,元大美債20年,30,0,30,富邦-苗栗,2024-11-19,9657
2312,金寶,132,103,29,富邦-苗栗,2024-11-19,9657
2890,永豐金,27,0,27,富邦-苗栗,2024-11-19,9657
00712,復華富時不動產,26,0,26,富邦-苗栗,2024-11-19,9657
2317,鴻海,37,13,24,富邦-苗栗,2024-11-19,9657
1301,台塑,24,0,24,富邦-苗栗,2024-11-19,9657
2881,富邦金,27,5,22,富邦-苗栗,2024-11-19,9657
006208,富邦台50,24,2,22,富邦-苗栗,2024-11-19,9657
3231,緯創,23,2,21,富邦-苗栗,2024-11-19,9657
3481,群創,26,5,21,富邦-苗栗,2024-11-19,9657
1303,南亞,21,0,21,富邦-苗栗,2024-11-19,9657
00930,永豐ESG低碳高息,20,0,20,富邦-苗栗,2024-11-19,9657
2880,華南金,20,0,20,富邦-苗栗,2024-11-19,9657
0056,元大高股息,19,0,19,富邦-苗栗,2024-11-19,9657
00713,元大台灣高息低波,16,0,16,富邦-苗栗,2024-11-19,9657
2324,仁寶,20,4,16,富邦-苗栗,2024-11-19,9657
00948B,中信優息投資級債,15,0,15,富邦-苗栗,2024-11-19,9657
9921,巨大,12,0,12,富邦-苗栗,2024-11-19,9657
1587,吉茂,11,0,11,富邦-苗栗,2024-11-19,9657
00632R,元大台灣50反1,10,0,10,富邦-苗栗,2024-11-19,9657
00950B,凱基A級公司債,10,0,10,富邦-苗栗,2024-11-19,9657
1336,台翰,10,0,10,富邦-苗栗,2024-11-19,9657
3227,原相,10,0,10,富邦-苗栗,2024-11-19,9657
3090,日電貿,10,1,9,富邦-苗栗,2024-11-19,9657
2382,廣達,13,5,8,富邦-苗栗,2024-11-19,9657
00643,群益深証中小,8,0,8,富邦-苗栗,2024-11-19,9657
4721,美琪瑪,8,0,8,富邦-苗栗,2024-11-19,9657
00919,群益台灣精選高息,10,3,7,富邦-苗栗,2024-11-19,9657
00655L,國泰中國A50正2,17,10,7,富邦-苗栗,2024-11-19,9657
00650L,復華香港正2,7,0,7,富邦-苗栗,2024-11-19,9657
2605,新興,8,1,7,富邦-苗栗,2024-11-19,9657
2449,京元電子,8,1,7,富邦-苗栗,2024-11-19,9657
00637L,元大滬深300正2,7,1,6,富邦-苗栗,2024-11-19,9657
006201,元大富櫃50,6,0,6,富邦-苗栗,2024-11-19,9657
2303,聯電,12,6,6,富邦-苗栗,2024-11-19,9657
00795B,中信美國公債20年,5,0,5,富邦-苗栗,2024-11-19,9657
00633L,富邦上証正2,5,0,5,富邦-苗栗,2024-11-19,9657
00730,富邦臺灣優質高息,5,0,5,富邦-苗栗,2024-11-19,9657
1591,駿吉-KY,5,0,5,富邦-苗栗,2024-11-19,9657
2476,鉅祥,5,0,5,富邦-苗栗,2024-11-19,9657
5347,世界,6,1,5,富邦-苗栗,2024-11-19,9657
00943,兆豐電子高息等權,5,1,4,富邦-苗栗,2024-11-19,9657
1102,亞泥,4,0,4,富邦-苗栗,2024-11-19,9657
2049,上銀,4,0,4,富邦-苗栗,2024-11-19,9657
00953B,群益優選非投等債,152,0,152,富邦-苗栗,2024-11-20,9657
00950B,凱基A級公司債,103,0,103,富邦-苗栗,2024-11-20,9657
2354,鴻準,114,28,86,富邦-苗栗,2024-11-20,9657
3062,建漢,72,1,71,富邦-苗栗,2024-11-20,9657
1301,台塑,70,0,70,富邦-苗栗,2024-11-20,9657
00878,國泰永續高股息,65,2,63,富邦-苗栗,2024-11-20,9657
2201,裕隆,59,2,57,富邦-苗栗,2024-11-20,9657
00945B,凱基美國非投等債,50,0,50,富邦-苗栗,2024-11-20,9657
3706,神達,78,31,47,富邦-苗栗,2024-11-20,9657
00936,台新永續高息中小,44,0,44,富邦-苗栗,2024-11-20,9657
6770,力積電,35,0,35,富邦-苗栗,2024-11-20,9657
3059,華晶科,30,0,30,富邦-苗栗,2024-11-20,9657
1449,佳和,23,0,23,富邦-苗栗,2024-11-20,9657
2356,英業達,26,7,19,富邦-苗栗,2024-11-20,9657
2883,凱基金,20,1,19,富邦-苗栗,2024-11-20,9657
2382,廣達,24,6,18,富邦-苗栗,2024-11-20,9657
00929,復華台灣科技優息,25,7,18,富邦-苗栗,2024-11-20,9657
00664R,國泰臺灣加權反1,16,0,16,富邦-苗栗,2024-11-20,9657
6246,臺龍,15,0,15,富邦-苗栗,2024-11-20,9657
2312,金寶,27,13,14,富邦-苗栗,2024-11-20,9657
5880,合庫金,13,0,13,富邦-苗栗,2024-11-20,9657
3323,加百裕,15,2,13,富邦-苗栗,2024-11-20,9657
4956,光鋐,14,1,13,富邦-苗栗,2024-11-20,9657
6202,盛群,13,0,13,富邦-苗栗,2024-11-20,9657
0056,元大高股息,12,0,12,富邦-苗栗,2024-11-20,9657
006208,富邦台50,16,5,11,富邦-苗栗,2024-11-20,9657
00937B,群益ESG投等債20,11,0,11,富邦-苗栗,2024-11-20,9657
4533,協易機,11,0,11,富邦-苗栗,2024-11-20,9657
6173,信昌電,10,0,10,富邦-苗栗,2024-11-20,9657
00830,國泰費城半導體,10,0,10,富邦-苗栗,2024-11-20,9657
1471,首利,10,0,10,富邦-苗栗,2024-11-20,9657
2233,宇隆,10,0,10,富邦-苗栗,2024-11-20,9657
2493,揚博,10,0,10,富邦-苗栗,2024-11-20,9657
5460,同協,10,0,10,富邦-苗栗,2024-11-20,9657
6505,台塑化,10,0,10,富邦-苗栗,2024-11-20,9657
4721,美琪瑪,9,0,9,富邦-苗栗,2024-11-20,9657
5009,榮剛,9,0,9,富邦-苗栗,2024-11-20,9657
6138,茂達,9,0,9,富邦-苗栗,2024-11-20,9657
00713,元大台灣高息低波,9,0,9,富邦-苗栗,2024-11-20,9657
00919,群益台灣精選高息,12,4,8,富邦-苗栗,2024-11-20,9657
2449,京元電子,8,0,8,富邦-苗栗,2024-11-20,9657
5243,乙盛-KY,10,2,8,富邦-苗栗,2024-11-20,9657
2399,映泰,7,0,7,富邦-苗栗,2024-11-20,9657
2303,聯電,9,2,7,富邦-苗栗,2024-11-20,9657
00643,群益深証中小,15,8,7,富邦-苗栗,2024-11-20,9657
2349,錸德,57,50,7,富邦-苗栗,2024-11-20,9657
3447,展達,11,4,7,富邦-苗栗,2024-11-20,9657
3532,台勝科,7,0,7,富邦-苗栗,2024-11-20,9657
6517,保勝光學,7,0,7,富邦-苗栗,2024-11-20,9657
00900,富邦特選高股息30,7,1,6,富邦-苗栗,2024-11-20,9657
00953B,群益優選非投等債,201,10,191,富邦-苗栗,2024-11-21,9657
5531,鄉林,191,1,190,富邦-苗栗,2024-11-21,9657
00950B,凱基A級公司債,150,0,150,富邦-苗栗,2024-11-21,9657
00929,復華台灣科技優息,91,9,82,富邦-苗栗,2024-11-21,9657
00945B,凱基美國非投等債,50,1,49,富邦-苗栗,2024-11-21,9657
00878,國泰永續高股息,51,2,49,富邦-苗栗,2024-11-21,9657
3062,建漢,32,4,28,富邦-苗栗,2024-11-21,9657
00830,國泰費城半導體,23,0,23,富邦-苗栗,2024-11-21,9657
00715L,期街口布蘭特正2,20,0,20,富邦-苗栗,2024-11-21,9657
2406,國碩,20,0,20,富邦-苗栗,2024-11-21,9657
6152,百一,20,0,20,富邦-苗栗,2024-11-21,9657
4729,熒茂,20,1,19,富邦-苗栗,2024-11-21,9657
00930,永豐ESG低碳高息,16,0,16,富邦-苗栗,2024-11-21,9657
00922,國泰台灣領袖50,15,0,15,富邦-苗栗,2024-11-21,9657
2616,山隆,13,0,13,富邦-苗栗,2024-11-21,9657
2317,鴻海,15,2,13,富邦-苗栗,2024-11-21,9657
00937B,群益ESG投等債20,11,0,11,富邦-苗栗,2024-11-21,9657
3015,全漢,16,5,11,富邦-苗栗,2024-11-21,9657
3447,展達,11,0,11,富邦-苗栗,2024-11-21,9657
00912,中信臺灣智慧50,11,0,11,富邦-苗栗,2024-11-21,9657
006208,富邦台50,18,8,10,富邦-苗栗,2024-11-21,9657
5905,南仁湖,10,0,10,富邦-苗栗,2024-11-21,9657
2618,長榮航,34,25,9,富邦-苗栗,2024-11-21,9657
3032,偉訓,12,3,9,富邦-苗栗,2024-11-21,9657
3490,單井,11,2,9,富邦-苗栗,2024-11-21,9657
6869,雲豹能源,10,2,8,富邦-苗栗,2024-11-21,9657
8104,錸寶,17,9,8,富邦-苗栗,2024-11-21,9657
2483,百容,7,0,7,富邦-苗栗,2024-11-21,9657
3050,鈺德,7,0,7,富邦-苗栗,2024-11-21,9657
6246,臺龍,7,0,7,富邦-苗栗,2024-11-21,9657
2881,富邦金,6,0,6,富邦-苗栗,2024-11-21,9657
2002,中鋼,6,0,6,富邦-苗栗,2024-11-21,9657
2397,友通,6,0,6,富邦-苗栗,2024-11-21,9657
3057,喬鼎,5,0,5,富邦-苗栗,2024-11-21,9657
6770,力積電,5,0,5,富邦-苗栗,2024-11-21,9657
3231,緯創,5,0,5,富邦-苗栗,2024-11-21,9657
1336,台翰,5,0,5,富邦-苗栗,2024-11-21,9657
2408,南亞科,6,1,5,富邦-苗栗,2024-11-21,9657
5289,宜鼎,5,0,5,富邦-苗栗,2024-11-21,9657
6118,建達,5,0,5,富邦-苗栗,2024-11-21,9657
6188,廣明,5,0,5,富邦-苗栗,2024-11-21,9657
8043,蜜望實,5,0,5,富邦-苗栗,2024-11-21,9657
00919,群益台灣精選高息,8,4,4,富邦-苗栗,2024-11-21,9657
2330,台積電,5,0,5,富邦-苗栗,2024-11-21,9657
0050,元大台灣50,4,0,4,富邦-苗栗,2024-11-21,9657
0056,元大高股息,4,0,4,富邦-苗栗,2024-11-21,9657
3017,奇鋐,5,1,4,富邦-苗栗,2024-11-21,9657
00720B,元大投資級公司債,4,0,4,富邦-苗栗,2024-11-21,9657
00708L,期元大S＆P黃金正2,4,0,4,富邦-苗栗,2024-11-21,9657
00959B,大華投等美債15Y+,5,1,4,富邦-苗栗,2024-11-21,9657
00671R,富邦NASDAQ反1,700,0,700,富邦-苗栗,2024-11-22,9657
2302,麗正,61,0,61,富邦-苗栗,2024-11-22,9657
00950B,凱基A級公司債,55,0,55,富邦-苗栗,2024-11-22,9657
00632R,元大台灣50反1,57,5,52,富邦-苗栗,2024-11-22,9657
00959B,大華投等美債15Y+,42,1,41,富邦-苗栗,2024-11-22,9657
5488,松普,40,0,40,富邦-苗栗,2024-11-22,9657
8163,達方,41,5,36,富邦-苗栗,2024-11-22,9657
00753L,中信中國50正2,165,130,35,富邦-苗栗,2024-11-22,9657
00909,國泰數位支付服務,33,0,33,富邦-苗栗,2024-11-22,9657
2388,威盛,30,0,30,富邦-苗栗,2024-11-22,9657
00878,國泰永續高股息,31,4,27,富邦-苗栗,2024-11-22,9657
2812,台中銀,25,0,25,富邦-苗栗,2024-11-22,9657
00919,群益台灣精選高息,44,24,20,富邦-苗栗,2024-11-22,9657
00650L,復華香港正2,20,0,20,富邦-苗栗,2024-11-22,9657
00673R,期元大S＆P原油反1,20,0,20,富邦-苗栗,2024-11-22,9657
3234,光環,19,1,18,富邦-苗栗,2024-11-22,9657
3706,神達,75,57,18,富邦-苗栗,2024-11-22,9657
2354,鴻準,51,34,17,富邦-苗栗,2024-11-22,9657
6246,臺龍,15,0,15,富邦-苗栗,2024-11-22,9657
6283,淳安,15,0,15,富邦-苗栗,2024-11-22,9657
2609,陽明,40,25,15,富邦-苗栗,2024-11-22,9657
5309,系統電,24,12,12,富邦-苗栗,2024-11-22,9657
00953B,群益優選非投等債,12,0,12,富邦-苗栗,2024-11-22,9657
00937B,群益ESG投等債20,11,0,11,富邦-苗栗,2024-11-22,9657
3260,威剛,11,1,10,富邦-苗栗,2024-11-22,9657
4513,福裕,10,0,10,富邦-苗栗,2024-11-22,9657
8929,富堡,10,0,10,富邦-苗栗,2024-11-22,9657
2356,英業達,40,31,9,富邦-苗栗,2024-11-22,9657
8104,錸寶,27,18,9,富邦-苗栗,2024-11-22,9657
2867,三商壽,9,1,8,富邦-苗栗,2024-11-22,9657
1616,億泰,11,3,8,富邦-苗栗,2024-11-22,9657
6133,金橋,10,2,8,富邦-苗栗,2024-11-22,9657
00948B,中信優息投資級債,7,0,7,富邦-苗栗,2024-11-22,9657
1326,台化,7,0,7,富邦-苗栗,2024-11-22,9657
2204,中華,10,3,7,富邦-苗栗,2024-11-22,9657
2483,百容,7,0,7,富邦-苗栗,2024-11-22,9657
3015,全漢,9,2,7,富邦-苗栗,2024-11-22,9657
2317,鴻海,6,0,6,富邦-苗栗,2024-11-22,9657
2885,元大金,6,0,6,富邦-苗栗,2024-11-22,9657
6789,采鈺,6,0,6,富邦-苗栗,2024-11-22,9657
2646,星宇航空,6,0,6,富邦-苗栗,2024-11-22,9657
2105,正新,6,1,5,富邦-苗栗,2024-11-22,9657
3005,神基,7,2,5,富邦-苗栗,2024-11-22,9657
4958,臻鼎-KY,5,0,5,富邦-苗栗,2024-11-22,9657
5315,光聯,5,0,5,富邦-苗栗,2024-11-22,9657
6134,萬旭,8,3,5,富邦-苗栗,2024-11-22,9657
6548,長科*,5,0,5,富邦-苗栗,2024-11-22,9657
6558,興能高,7,2,5,富邦-苗栗,2024-11-22,9657
2801,彰銀,5,0,5,富邦-苗栗,2024-11-22,9657
3450,聯鈞,19,14,5,富邦-苗栗,2024-11-22,9657
00673R,期元大S＆P原油反1,119,0,119,富邦-苗栗,2024-11-25,9657
5483,中美晶,94,0,94,富邦-苗栗,2024-11-25,9657
00953B,群益優選非投等債,88,0,88,富邦-苗栗,2024-11-25,9657
00960,野村全球航運龍頭,50,0,50,富邦-苗栗,2024-11-25,9657
2312,金寶,241,210,31,富邦-苗栗,2024-11-25,9657
3062,建漢,35,9,26,富邦-苗栗,2024-11-25,9657
2615,萬海,31,6,25,富邦-苗栗,2024-11-25,9657
5488,松普,57,32,25,富邦-苗栗,2024-11-25,9657
2371,大同,28,4,24,富邦-苗栗,2024-11-25,9657
5347,世界,22,0,22,富邦-苗栗,2024-11-25,9657
3290,東浦,22,0,22,富邦-苗栗,2024-11-25,9657
9958,世紀鋼,22,1,21,富邦-苗栗,2024-11-25,9657
8183,精星,20,0,20,富邦-苗栗,2024-11-25,9657
1815,富喬,92,74,18,富邦-苗栗,2024-11-25,9657
2812,台中銀,16,0,16,富邦-苗栗,2024-11-25,9657
3059,華晶科,15,0,15,富邦-苗栗,2024-11-25,9657
6821,聯寶,16,2,14,富邦-苗栗,2024-11-25,9657
5465,富驊,19,6,13,富邦-苗栗,2024-11-25,9657
00882,中信中國高股息,13,1,12,富邦-苗栗,2024-11-25,9657
2538,基泰,12,0,12,富邦-苗栗,2024-11-25,9657
2834,臺企銀,12,0,12,富邦-苗栗,2024-11-25,9657
6770,力積電,12,1,11,富邦-苗栗,2024-11-25,9657
00712,復華富時不動產,11,0,11,富邦-苗栗,2024-11-25,9657
6174,安��,11,0,11,富邦-苗栗,2024-11-25,9657
1219,福壽,10,0,10,富邦-苗栗,2024-11-25,9657
8935,邦泰,10,0,10,富邦-苗栗,2024-11-25,9657
2449,京元電子,12,3,9,富邦-苗栗,2024-11-25,9657
00945B,凱基美國非投等債,10,1,9,富邦-苗栗,2024-11-25,9657
3511,矽瑪,30,21,9,富邦-苗栗,2024-11-25,9657
6271,同欣電,10,1,9,富邦-苗栗,2024-11-25,9657
2349,錸德,13,4,9,富邦-苗栗,2024-11-25,9657
2646,星宇航空,10,2,8,富邦-苗栗,2024-11-25,9657
2515,中工,8,0,8,富邦-苗栗,2024-11-25,9657
4931,新盛力,8,0,8,富邦-苗栗,2024-11-25,9657
1524,耿鼎,12,5,7,富邦-苗栗,2024-11-25,9657
2485,兆赫,8,1,7,富邦-苗栗,2024-11-25,9657
3354,律勝,7,0,7,富邦-苗栗,2024-11-25,9657
00713,元大台灣高息低波,6,0,6,富邦-苗栗,2024-11-25,9657
00637L,元大滬深300正2,18,12,6,富邦-苗栗,2024-11-25,9657
1721,三晃,6,0,6,富邦-苗栗,2024-11-25,9657
2855,統一證,6,0,6,富邦-苗栗,2024-11-25,9657
00919,群益台灣精選高息,15,10,5,富邦-苗栗,2024-11-25,9657
00752,中信中國50,5,0,5,富邦-苗栗,2024-11-25,9657
1466,聚隆,5,0,5,富邦-苗栗,2024-11-25,9657
1809,中釉,14,9,5,富邦-苗栗,2024-11-25,9657
2486,一詮,8,3,5,富邦-苗栗,2024-11-25,9657
3550,聯穎,5,0,5,富邦-苗栗,2024-11-25,9657
6288,聯嘉,11,6,5,富邦-苗栗,2024-11-25,9657
2330,台積電,6,1,5,富邦-苗栗,2024-11-25,9657
00939,統一台灣高息動能,6,2,4,富邦-苗栗,2024-11-25,9657
00715L,期街口布蘭特正2,112,0,112,富邦-苗栗,2024-11-26,9657
2317,鴻海,92,0,92,富邦-苗栗,2024-11-26,9657
1536,和大,75,4,71,富邦-苗栗,2024-11-26,9657
3231,緯創,63,5,58,富邦-苗栗,2024-11-26,9657
2303,聯電,53,0,53,富邦-苗栗,2024-11-26,9657
00688L,國泰20年美債正2,50,0,50,富邦-苗栗,2024-11-26,9657
0050,元大台灣50,42,0,42,富邦-苗栗,2024-11-26,9657
6283,淳安,38,0,38,富邦-苗栗,2024-11-26,9657
2915,潤泰全,30,0,30,富邦-苗栗,2024-11-26,9657
2312,金寶,142,116,26,富邦-苗栗,2024-11-26,9657
2105,正新,30,5,25,富邦-苗栗,2024-11-26,9657
00878,國泰永續高股息,47,23,24,富邦-苗栗,2024-11-26,9657
2888,新光金,29,10,19,富邦-苗栗,2024-11-26,9657
3021,鴻名,16,0,16,富邦-苗栗,2024-11-26,9657
2344,華邦電,15,0,15,富邦-苗栗,2024-11-26,9657
3706,神達,43,28,15,富邦-苗栗,2024-11-26,9657
00919,群益台灣精選高息,24,9,15,富邦-苗栗,2024-11-26,9657
00930,永豐ESG低碳高息,13,0,13,富邦-苗栗,2024-11-26,9657
5483,中美晶,12,0,12,富邦-苗栗,2024-11-26,9657
2845,遠東銀,11,0,11,富邦-苗栗,2024-11-26,9657
3498,陽程,11,0,11,富邦-苗栗,2024-11-26,9657
8935,邦泰,11,0,11,富邦-苗栗,2024-11-26,9657
1711,永光,10,0,10,富邦-苗栗,2024-11-26,9657
2351,順德,11,1,10,富邦-苗栗,2024-11-26,9657
5315,光聯,10,0,10,富邦-苗栗,2024-11-26,9657
8044,網家,10,0,10,富邦-苗栗,2024-11-26,9657
2349,錸德,15,6,9,富邦-苗栗,2024-11-26,9657
5284,jpp-KY,9,0,9,富邦-苗栗,2024-11-26,9657
6821,聯寶,12,3,9,富邦-苗栗,2024-11-26,9657
00891,中信關鍵半導體,8,0,8,富邦-苗栗,2024-11-26,9657
2464,盟立,13,5,8,富邦-苗栗,2024-11-26,9657
2367,燿華,9,2,7,富邦-苗栗,2024-11-26,9657
3511,矽瑪,19,12,7,富邦-苗栗,2024-11-26,9657
9958,世紀鋼,7,0,7,富邦-苗栗,2024-11-26,9657
00932,兆豐永續高息等權,6,0,6,富邦-苗栗,2024-11-26,9657
5243,乙盛-KY,6,0,6,富邦-苗栗,2024-11-26,9657
1528,恩德,6,0,6,富邦-苗栗,2024-11-26,9657
2426,鼎元,10,4,6,富邦-苗栗,2024-11-26,9657
6188,廣明,5,0,5,富邦-苗栗,2024-11-26,9657
00675L,富邦臺灣加權正2,5,0,5,富邦-苗栗,2024-11-26,9657
00934,中信成長高股息,5,0,5,富邦-苗栗,2024-11-26,9657
00939,統一台灣高息動能,5,0,5,富邦-苗栗,2024-11-26,9657
2328,廣宇,5,0,5,富邦-苗栗,2024-11-26,9657
2331,精英,5,0,5,富邦-苗栗,2024-11-26,9657
2801,彰銀,5,0,5,富邦-苗栗,2024-11-26,9657
3043,科風,7,2,5,富邦-苗栗,2024-11-26,9657
3234,光環,6,1,5,富邦-苗栗,2024-11-26,9657
3323,加百裕,58,53,5,富邦-苗栗,2024-11-26,9657
6443,元晶,5,0,5,富邦-苗栗,2024-11-26,9657
8183,精星,5,0,5,富邦-苗栗,2024-11-26,9657
00753L,中信中國50正2,200,10,190,富邦-苗栗,2024-11-27,9657
00919,群益台灣精選高息,127,6,121,富邦-苗栗,2024-11-27,9657
00878,國泰永續高股息,101,8,93,富邦-苗栗,2024-11-27,9657
5483,中美晶,88,0,88,富邦-苗栗,2024-11-27,9657
0056,元大高股息,66,0,66,富邦-苗栗,2024-11-27,9657
3062,建漢,75,16,59,富邦-苗栗,2024-11-27,9657
00929,復華台灣科技優息,71,22,49,富邦-苗栗,2024-11-27,9657
2303,聯電,56,15,41,富邦-苗栗,2024-11-27,9657
00632R,元大台灣50反1,50,12,38,富邦-苗栗,2024-11-27,9657
3231,緯創,42,5,37,富邦-苗栗,2024-11-27,9657
2365,昆盈,53,18,35,富邦-苗栗,2024-11-27,9657
2371,大同,32,2,30,富邦-苗栗,2024-11-27,9657
00680L,元大美債20正2,27,0,27,富邦-苗栗,2024-11-27,9657
2615,萬海,36,13,23,富邦-苗栗,2024-11-27,9657
00941,中信上游半導體,22,0,22,富邦-苗栗,2024-11-27,9657
2605,新興,21,0,21,富邦-苗栗,2024-11-27,9657
3059,華晶科,20,0,20,富邦-苗栗,2024-11-27,9657
6111,大宇資,20,0,20,富邦-苗栗,2024-11-27,9657
8222,寶一,20,0,20,富邦-苗栗,2024-11-27,9657
2344,華邦電,24,5,19,富邦-苗栗,2024-11-27,9657
1605,華新,17,0,17,富邦-苗栗,2024-11-27,9657
3049,精金,16,0,16,富邦-苗栗,2024-11-27,9657
2330,台積電,15,0,15,富邦-苗栗,2024-11-27,9657
8104,錸寶,24,9,15,富邦-苗栗,2024-11-27,9657
2002,中鋼,14,0,14,富邦-苗栗,2024-11-27,9657
2426,鼎元,15,1,14,富邦-苗栗,2024-11-27,9657
2603,長榮,21,8,13,富邦-苗栗,2024-11-27,9657
00946,群益科技高息成長,13,0,13,富邦-苗栗,2024-11-27,9657
2915,潤泰全,12,0,12,富邦-苗栗,2024-11-27,9657
3230,錦明,12,1,11,富邦-苗栗,2024-11-27,9657
00715L,期街口布蘭特正2,11,0,11,富邦-苗栗,2024-11-27,9657
00943,兆豐電子高息等權,11,0,11,富邦-苗栗,2024-11-27,9657
3532,台勝科,11,0,11,富邦-苗栗,2024-11-27,9657
00950B,凱基A級公司債,10,0,10,富邦-苗栗,2024-11-27,9657
1413,宏洲,10,0,10,富邦-苗栗,2024-11-27,9657
1611,中電,10,0,10,富邦-苗栗,2024-11-27,9657
6173,信昌電,10,0,10,富邦-苗栗,2024-11-27,9657
8076,伍豐,10,0,10,富邦-苗栗,2024-11-27,9657
9921,巨大,10,0,10,富邦-苗栗,2024-11-27,9657
2885,元大金,10,0,10,富邦-苗栗,2024-11-27,9657
2301,光寶科,10,0,10,富邦-苗栗,2024-11-27,9657
00881,國泰台灣5G+,13,3,10,富邦-苗栗,2024-11-27,9657
2204,中華,10,1,9,富邦-苗栗,2024-11-27,9657
5522,遠雄,24,15,9,富邦-苗栗,2024-11-27,9657
3021,鴻名,9,0,9,富邦-苗栗,2024-11-27,9657
00918,大華優利高填息30,8,0,8,富邦-苗栗,2024-11-27,9657
1536,和大,117,109,8,富邦-苗栗,2024-11-27,9657
8038,長園科,8,0,8,富邦-苗栗,2024-11-27,9657
9958,世紀鋼,8,0,8,富邦-苗栗,2024-11-27,9657
3706,神達,61,54,7,富邦-苗栗,2024-11-27,9657
00937B,群益ESG投等債20,137,45,92,富邦-苗栗,2024-11-28,9657
00878,國泰永續高股息,94,12,82,富邦-苗栗,2024-11-28,9657
00919,群益台灣精選高息,88,27,61,富邦-苗栗,2024-11-28,9657
2425,承啟,65,5,60,富邦-苗栗,2024-11-28,9657
2444,兆勁,51,0,51,富邦-苗栗,2024-11-28,9657
8163,達方,52,1,51,富邦-苗栗,2024-11-28,9657
3419,譁裕,50,0,50,富邦-苗栗,2024-11-28,9657
2312,金寶,118,77,41,富邦-苗栗,2024-11-28,9657
2002,中鋼,39,3,36,富邦-苗栗,2024-11-28,9657
5483,中美晶,36,0,36,富邦-苗栗,2024-11-28,9657
1301,台塑,31,0,31,富邦-苗栗,2024-11-28,9657
00940,元大台灣價值高息,49,23,26,富邦-苗栗,2024-11-28,9657
4510,高鋒,38,15,23,富邦-苗栗,2024-11-28,9657
4729,熒茂,51,28,23,富邦-苗栗,2024-11-28,9657
00830,國泰費城半導體,20,0,20,富邦-苗栗,2024-11-28,9657
00915,凱基優選高股息30,20,0,20,富邦-苗栗,2024-11-28,9657
2615,萬海,27,7,20,富邦-苗栗,2024-11-28,9657
6283,淳安,20,0,20,富邦-苗栗,2024-11-28,9657
0056,元大高股息,29,10,19,富邦-苗栗,2024-11-28,9657
00665L,富邦�琤肭磪囓�2,20,2,18,富邦-苗栗,2024-11-28,9657
3231,緯創,22,6,16,富邦-苗栗,2024-11-28,9657
3162,精確,16,0,16,富邦-苗栗,2024-11-28,9657
2354,鴻準,37,22,15,富邦-苗栗,2024-11-28,9657
3062,建漢,70,56,14,富邦-苗栗,2024-11-28,9657
6962,ITH-KY,15,1,14,富邦-苗栗,2024-11-28,9657
8183,精星,13,0,13,富邦-苗栗,2024-11-28,9657
2332,友訊,32,19,13,富邦-苗栗,2024-11-28,9657
00943,兆豐電子高息等權,12,0,12,富邦-苗栗,2024-11-28,9657
0050,元大台灣50,12,0,12,富邦-苗栗,2024-11-28,9657
00946,群益科技高息成長,10,0,10,富邦-苗栗,2024-11-28,9657
00887,永豐中國科技50大,10,0,10,富邦-苗栗,2024-11-28,9657
1336,台翰,10,0,10,富邦-苗栗,2024-11-28,9657
1611,中電,10,0,10,富邦-苗栗,2024-11-28,9657
2388,威盛,12,2,10,富邦-苗栗,2024-11-28,9657
2641,正德,10,0,10,富邦-苗栗,2024-11-28,9657
6282,康舒,10,0,10,富邦-苗栗,2024-11-28,9657
6791,虎門科技,10,0,10,富邦-苗栗,2024-11-28,9657
8171,天宇,11,1,10,富邦-苗栗,2024-11-28,9657
912000,晨訊科-DR,10,0,10,富邦-苗栗,2024-11-28,9657
9958,世紀鋼,10,0,10,富邦-苗栗,2024-11-28,9657
00900,富邦特選高股息30,9,0,9,富邦-苗栗,2024-11-28,9657
006208,富邦台50,10,1,9,富邦-苗栗,2024-11-28,9657
1605,華新,17,9,8,富邦-苗栗,2024-11-28,9657
1815,富喬,48,40,8,富邦-苗栗,2024-11-28,9657
2344,華邦電,10,2,8,富邦-苗栗,2024-11-28,9657
2483,百容,8,0,8,富邦-苗栗,2024-11-28,9657
3706,神達,59,51,8,富邦-苗栗,2024-11-28,9657
8476,台境*,8,0,8,富邦-苗栗,2024-11-28,9657
00950B,凱基A級公司債,7,0,7,富邦-苗栗,2024-11-28,9657
1449,佳和,7,0,7,富邦-苗栗,2024-11-28,9657
00664R,國泰臺灣加權反1,120,0,120,富邦-苗栗,2024-11-29,9657
00878,國泰永續高股息,94,2,92,富邦-苗栗,2024-11-29,9657
00919,群益台灣精選高息,84,3,81,富邦-苗栗,2024-11-29,9657
3481,群創,60,1,59,富邦-苗栗,2024-11-29,9657
00680L,元大美債20正2,60,10,50,富邦-苗栗,2024-11-29,9657
6770,力積電,53,6,47,富邦-苗栗,2024-11-29,9657
2888,新光金,32,0,32,富邦-苗栗,2024-11-29,9657
1301,台塑,32,2,30,富邦-苗栗,2024-11-29,9657
00943,兆豐電子高息等權,28,0,28,富邦-苗栗,2024-11-29,9657
0056,元大高股息,24,0,24,富邦-苗栗,2024-11-29,9657
2303,聯電,27,6,21,富邦-苗栗,2024-11-29,9657
5880,合庫金,22,1,21,富邦-苗栗,2024-11-29,9657
3227,原相,20,0,20,富邦-苗栗,2024-11-29,9657
2002,中鋼,21,1,20,富邦-苗栗,2024-11-29,9657
2605,新興,20,0,20,富邦-苗栗,2024-11-29,9657
2615,萬海,23,4,19,富邦-苗栗,2024-11-29,9657
5309,系統電,24,5,19,富邦-苗栗,2024-11-29,9657
2317,鴻海,19,6,13,富邦-苗栗,2024-11-29,9657
2834,臺企銀,13,0,13,富邦-苗栗,2024-11-29,9657
1303,南亞,11,0,11,富邦-苗栗,2024-11-29,9657
1326,台化,11,0,11,富邦-苗栗,2024-11-29,9657
2374,佳能,11,0,11,富邦-苗栗,2024-11-29,9657
00915,凱基優選高股息30,10,0,10,富邦-苗栗,2024-11-29,9657
3031,佰鴻,10,0,10,富邦-苗栗,2024-11-29,9657
4971,IET-KY,10,0,10,富邦-苗栗,2024-11-29,9657
2603,長榮,13,3,10,富邦-苗栗,2024-11-29,9657
2354,鴻準,35,26,9,富邦-苗栗,2024-11-29,9657
3090,日電貿,19,10,9,富邦-苗栗,2024-11-29,9657
2609,陽明,29,20,9,富邦-苗栗,2024-11-29,9657
3706,神達,99,90,9,富邦-苗栗,2024-11-29,9657
3558,神準,8,0,8,富邦-苗栗,2024-11-29,9657
2618,長榮航,29,22,7,富邦-苗栗,2024-11-29,9657
00882,中信中國高股息,17,10,7,富邦-苗栗,2024-11-29,9657
00713,元大台灣高息低波,7,0,7,富邦-苗栗,2024-11-29,9657
00922,國泰台灣領袖50,6,0,6,富邦-苗栗,2024-11-29,9657
2392,正崴,12,6,6,富邦-苗栗,2024-11-29,9657
4927,泰鼎-KY,6,0,6,富邦-苗栗,2024-11-29,9657
2882,國泰金,5,0,5,富邦-苗栗,2024-11-29,9657
00891,中信關鍵半導體,5,0,5,富邦-苗栗,2024-11-29,9657
00887,永豐中國科技50大,10,5,5,富邦-苗栗,2024-11-29,9657
00948B,中信優息投資級債,5,0,5,富邦-苗栗,2024-11-29,9657
1721,三晃,5,0,5,富邦-苗栗,2024-11-29,9657
2349,錸德,25,20,5,富邦-苗栗,2024-11-29,9657
2431,聯昌,10,5,5,富邦-苗栗,2024-11-29,9657
2460,建通,5,0,5,富邦-苗栗,2024-11-29,9657
3027,盛達,5,0,5,富邦-苗栗,2024-11-29,9657
3057,喬鼎,5,0,5,富邦-苗栗,2024-11-29,9657
3521,鴻翊,5,0,5,富邦-苗栗,2024-11-29,9657
4510,高鋒,15,10,5,富邦-苗栗,2024-11-29,9657
4919,新唐,5,0,5,富邦-苗栗,2024-11-29,9657
00753L,中信中國50正2,250,0,250,富邦-苗栗,2024-12-02,9657
00878,國泰永續高股息,95,58,37,富邦-苗栗,2024-12-02,9657
6770,力積電,38,8,30,富邦-苗栗,2024-12-02,9657
6821,聯寶,29,0,29,富邦-苗栗,2024-12-02,9657
00632R,元大台灣50反1,28,0,28,富邦-苗栗,2024-12-02,9657
5371,中光電,32,4,28,富邦-苗栗,2024-12-02,9657
6274,台燿,24,0,24,富邦-苗栗,2024-12-02,9657
2605,新興,23,0,23,富邦-苗栗,2024-12-02,9657
2317,鴻海,24,2,22,富邦-苗栗,2024-12-02,9657
00715L,期街口布蘭特正2,22,0,22,富邦-苗栗,2024-12-02,9657
6202,盛群,22,0,22,富邦-苗栗,2024-12-02,9657
00773B,中信優先金融債,20,0,20,富邦-苗栗,2024-12-02,9657
2312,金寶,100,81,19,富邦-苗栗,2024-12-02,9657
2344,華邦電,18,0,18,富邦-苗栗,2024-12-02,9657
00740B,富邦全球投等債,18,0,18,富邦-苗栗,2024-12-02,9657
3558,神準,19,1,18,富邦-苗栗,2024-12-02,9657
4123,晟德,18,0,18,富邦-苗栗,2024-12-02,9657
2887,台新金,20,3,17,富邦-苗栗,2024-12-02,9657
2337,旺宏,17,0,17,富邦-苗栗,2024-12-02,9657
2356,英業達,21,6,15,富邦-苗栗,2024-12-02,9657
4919,新唐,14,0,14,富邦-苗栗,2024-12-02,9657
2303,聯電,19,6,13,富邦-苗栗,2024-12-02,9657
6962,ITH-KY,12,0,12,富邦-苗栗,2024-12-02,9657
8104,錸寶,23,11,12,富邦-苗栗,2024-12-02,9657
2027,大成鋼,11,0,11,富邦-苗栗,2024-12-02,9657
6859,伯特光,11,0,11,富邦-苗栗,2024-12-02,9657
1102,亞泥,10,0,10,富邦-苗栗,2024-12-02,9657
3057,喬鼎,10,0,10,富邦-苗栗,2024-12-02,9657
3704,合勤控,11,1,10,富邦-苗栗,2024-12-02,9657
6175,立敦,10,0,10,富邦-苗栗,2024-12-02,9657
8147,正淩,10,0,10,富邦-苗栗,2024-12-02,9657
9921,巨大,11,1,10,富邦-苗栗,2024-12-02,9657
9958,世紀鋼,11,1,10,富邦-苗栗,2024-12-02,9657
00915,凱基優選高股息30,9,0,9,富邦-苗栗,2024-12-02,9657
2408,南亞科,10,1,9,富邦-苗栗,2024-12-02,9657
00665L,富邦�琤肭磪囓�2,10,2,8,富邦-苗栗,2024-12-02,9657
00950B,凱基A級公司債,8,0,8,富邦-苗栗,2024-12-02,9657
1587,吉茂,10,2,8,富邦-苗栗,2024-12-02,9657
2498,宏達電,9,1,8,富邦-苗栗,2024-12-02,9657
9105,泰金寶-DR,15,7,8,富邦-苗栗,2024-12-02,9657
8111,立��,8,0,8,富邦-苗栗,2024-12-02,9657
2002,中鋼,8,0,8,富邦-苗栗,2024-12-02,9657
1605,華新,9,2,7,富邦-苗栗,2024-12-02,9657
00918,大華優利高填息30,7,0,7,富邦-苗栗,2024-12-02,9657
3447,展達,8,1,7,富邦-苗栗,2024-12-02,9657
2327,國巨,9,2,7,富邦-苗栗,2024-12-02,9657
00909,國泰數位支付服務,7,1,6,富邦-苗栗,2024-12-02,9657
2069,運錩,6,0,6,富邦-苗栗,2024-12-02,9657
2483,百容,6,0,6,富邦-苗栗,2024-12-02,9657
3617,碩天,6,0,6,富邦-苗栗,2024-12-02,9657
00937B,群益ESG投等債20,350,38,312,富邦-苗栗,2024-12-03,9657
00919,群益台灣精選高息,188,22,166,富邦-苗栗,2024-12-03,9657
00632R,元大台灣50反1,76,0,76,富邦-苗栗,2024-12-03,9657
9105,泰金寶-DR,85,12,73,富邦-苗栗,2024-12-03,9657
00950B,凱基A級公司債,68,5,63,富邦-苗栗,2024-12-03,9657
2317,鴻海,59,8,51,富邦-苗栗,2024-12-03,9657
1605,華新,36,2,34,富邦-苗栗,2024-12-03,9657
00953B,群益優選非投等債,32,0,32,富邦-苗栗,2024-12-03,9657
00909,國泰數位支付服務,31,1,30,富邦-苗栗,2024-12-03,9657
00715L,期街口布蘭特正2,30,0,30,富邦-苗栗,2024-12-03,9657
3047,訊舟,26,1,25,富邦-苗栗,2024-12-03,9657
5328,華容,32,9,23,富邦-苗栗,2024-12-03,9657
00945B,凱基美國非投等債,21,0,21,富邦-苗栗,2024-12-03,9657
00664R,國泰臺灣加權反1,20,0,20,富邦-苗栗,2024-12-03,9657
6461,益得,20,0,20,富邦-苗栗,2024-12-03,9657
2890,永豐金,18,2,16,富邦-苗栗,2024-12-03,9657
2312,金寶,58,43,15,富邦-苗栗,2024-12-03,9657
4123,晟德,21,6,15,富邦-苗栗,2024-12-03,9657
2363,矽統,15,1,14,富邦-苗栗,2024-12-03,9657
4303,信立,53,39,14,富邦-苗栗,2024-12-03,9657
00918,大華優利高填息30,12,0,12,富邦-苗栗,2024-12-03,9657
8085,福華,12,0,12,富邦-苗栗,2024-12-03,9657
00878,國泰永續高股息,17,5,12,富邦-苗栗,2024-12-03,9657
0056,元大高股息,20,8,12,富邦-苗栗,2024-12-03,9657
00911,兆豐洲際半導體,11,0,11,富邦-苗栗,2024-12-03,9657
6962,ITH-KY,12,1,11,富邦-苗栗,2024-12-03,9657
6488,環球晶,10,0,10,富邦-苗栗,2024-12-03,9657
2486,一詮,18,8,10,富邦-苗栗,2024-12-03,9657
00915,凱基優選高股息30,10,0,10,富邦-苗栗,2024-12-03,9657
00685L,群益臺灣加權正2,10,0,10,富邦-苗栗,2024-12-03,9657
00653L,富邦印度正2,10,0,10,富邦-苗栗,2024-12-03,9657
3042,晶技,10,0,10,富邦-苗栗,2024-12-03,9657
3520,華盈,10,0,10,富邦-苗栗,2024-12-03,9657
4909,新復興,12,2,10,富邦-苗栗,2024-12-03,9657
6877,鏵友益,10,0,10,富邦-苗栗,2024-12-03,9657
3558,神準,10,0,10,富邦-苗栗,2024-12-03,9657
2886,兆豐金,11,1,10,富邦-苗栗,2024-12-03,9657
3323,加百裕,23,14,9,富邦-苗栗,2024-12-03,9657
00713,元大台灣高息低波,11,2,9,富邦-苗栗,2024-12-03,9657
2812,台中銀,10,1,9,富邦-苗栗,2024-12-03,9657
5371,中光電,28,19,9,富邦-苗栗,2024-12-03,9657
00887,永豐中國科技50大,8,0,8,富邦-苗栗,2024-12-03,9657
5439,高技,10,2,8,富邦-苗栗,2024-12-03,9657
6202,盛群,8,0,8,富邦-苗栗,2024-12-03,9657
2353,宏��,8,1,7,富邦-苗栗,2024-12-03,9657
2834,臺企銀,6,0,6,富邦-苗栗,2024-12-03,9657
2354,鴻準,21,15,6,富邦-苗栗,2024-12-03,9657
2375,凱美,8,2,6,富邦-苗栗,2024-12-03,9657
6558,興能高,11,5,6,富邦-苗栗,2024-12-03,9657
1449,佳和,6,1,5,富邦-苗栗,2024-12-03,9657
00676R,富邦臺灣加權反1,100,0,100,富邦-苗栗,2024-12-04,9657
00900,富邦特選高股息30,82,5,77,富邦-苗栗,2024-12-04,9657
00673R,期元大S＆P原油反1,70,0,70,富邦-苗栗,2024-12-04,9657
00948B,中信優息投資級債,65,0,65,富邦-苗栗,2024-12-04,9657
00687B,國泰20年美債,52,16,36,富邦-苗栗,2024-12-04,9657
00918,大華優利高填息30,31,1,30,富邦-苗栗,2024-12-04,9657
3032,偉訓,28,4,24,富邦-苗栗,2024-12-04,9657
2313,華通,23,1,22,富邦-苗栗,2024-12-04,9657
00891,中信關鍵半導體,27,5,22,富邦-苗栗,2024-12-04,9657
6425,易發,22,2,20,富邦-苗栗,2024-12-04,9657
2408,南亞科,21,1,20,富邦-苗栗,2024-12-04,9657
2312,金寶,58,39,19,富邦-苗栗,2024-12-04,9657
3481,群創,21,3,18,富邦-苗栗,2024-12-04,9657
3706,神達,118,100,18,富邦-苗栗,2024-12-04,9657
00945B,凱基美國非投等債,16,0,16,富邦-苗栗,2024-12-04,9657
00664R,國泰臺灣加權反1,15,0,15,富邦-苗栗,2024-12-04,9657
1781,合世,15,0,15,富邦-苗栗,2024-12-04,9657
3558,神準,13,1,12,富邦-苗栗,2024-12-04,9657
3021,鴻名,12,0,12,富邦-苗栗,2024-12-04,9657
00713,元大台灣高息低波,11,0,11,富邦-苗栗,2024-12-04,9657
00915,凱基優選高股息30,12,1,11,富邦-苗栗,2024-12-04,9657
1301,台塑,12,1,11,富邦-苗栗,2024-12-04,9657
4526,東台,17,6,11,富邦-苗栗,2024-12-04,9657
5371,中光電,13,2,11,富邦-苗栗,2024-12-04,9657
6202,盛群,11,0,11,富邦-苗栗,2024-12-04,9657
2812,台中銀,11,0,11,富邦-苗栗,2024-12-04,9657
00933B,國泰10Y+金融債,10,0,10,富邦-苗栗,2024-12-04,9657
00665L,富邦�琤肭磪囓�2,11,1,10,富邦-苗栗,2024-12-04,9657
00936,台新永續高息中小,10,0,10,富邦-苗栗,2024-12-04,9657
00953B,群益優選非投等債,10,0,10,富邦-苗栗,2024-12-04,9657
1531,高林股,10,0,10,富邦-苗栗,2024-12-04,9657
2208,台船,10,0,10,富邦-苗栗,2024-12-04,9657
2332,友訊,10,0,10,富邦-苗栗,2024-12-04,9657
2634,漢翔,10,0,10,富邦-苗栗,2024-12-04,9657
3005,神基,10,0,10,富邦-苗栗,2024-12-04,9657
3338,泰碩,10,0,10,富邦-苗栗,2024-12-04,9657
3625,西勝,14,4,10,富邦-苗栗,2024-12-04,9657
5475,德宏,10,0,10,富邦-苗栗,2024-12-04,9657
9105,泰金寶-DR,74,64,10,富邦-苗栗,2024-12-04,9657
9958,世紀鋼,10,0,10,富邦-苗栗,2024-12-04,9657
2406,國碩,12,3,9,富邦-苗栗,2024-12-04,9657
00919,群益台灣精選高息,29,21,8,富邦-苗栗,2024-12-04,9657
2303,聯電,15,7,8,富邦-苗栗,2024-12-04,9657
2436,偉詮電,8,0,8,富邦-苗栗,2024-12-04,9657
2486,一詮,38,30,8,富邦-苗栗,2024-12-04,9657
8104,錸寶,18,11,7,富邦-苗栗,2024-12-04,9657
2392,正崴,7,0,7,富邦-苗栗,2024-12-04,9657
00680L,元大美債20正2,7,0,7,富邦-苗栗,2024-12-04,9657
1326,台化,7,0,7,富邦-苗栗,2024-12-04,9657
1785,光洋科,7,0,7,富邦-苗栗,2024-12-04,9657
6282,康舒,102,0,102,富邦-苗栗,2024-12-05,9657
00953B,群益優選非投等債,100,0,100,富邦-苗栗,2024-12-05,9657
00900,富邦特選高股息30,90,0,90,富邦-苗栗,2024-12-05,9657
00715L,期街口布蘭特正2,64,0,64,富邦-苗栗,2024-12-05,9657
00664R,國泰臺灣加權反1,56,0,56,富邦-苗栗,2024-12-05,9657
3019,亞光,53,3,50,富邦-苗栗,2024-12-05,9657
00891,中信關鍵半導體,47,1,46,富邦-苗栗,2024-12-05,9657
1815,富喬,156,110,46,富邦-苗栗,2024-12-05,9657
00919,群益台灣精選高息,78,39,39,富邦-苗栗,2024-12-05,9657
00948B,中信優息投資級債,40,2,38,富邦-苗栗,2024-12-05,9657
00950B,凱基A級公司債,34,0,34,富邦-苗栗,2024-12-05,9657
00933B,國泰10Y+金融債,33,0,33,富邦-苗栗,2024-12-05,9657
1531,高林股,32,0,32,富邦-苗栗,2024-12-05,9657
00909,國泰數位支付服務,36,6,30,富邦-苗栗,2024-12-05,9657
4303,信立,31,4,27,富邦-苗栗,2024-12-05,9657
1528,恩德,27,0,27,富邦-苗栗,2024-12-05,9657
3551,世禾,25,0,25,富邦-苗栗,2024-12-05,9657
00918,大華優利高填息30,16,0,16,富邦-苗栗,2024-12-05,9657
1524,耿鼎,16,0,16,富邦-苗栗,2024-12-05,9657
3090,日電貿,28,12,16,富邦-苗栗,2024-12-05,9657
2303,聯電,24,8,16,富邦-苗栗,2024-12-05,9657
1711,永光,20,5,15,富邦-苗栗,2024-12-05,9657
2495,普安,13,0,13,富邦-苗栗,2024-12-05,9657
00915,凱基優選高股息30,12,0,12,富邦-苗栗,2024-12-05,9657
3419,譁裕,12,0,12,富邦-苗栗,2024-12-05,9657
8171,天宇,12,1,11,富邦-苗栗,2024-12-05,9657
1303,南亞,11,0,11,富邦-苗栗,2024-12-05,9657
00753L,中信中國50正2,11,0,11,富邦-苗栗,2024-12-05,9657
3594,磐儀,11,0,11,富邦-苗栗,2024-12-05,9657
5315,光聯,11,0,11,富邦-苗栗,2024-12-05,9657
5371,中光電,13,2,11,富邦-苗栗,2024-12-05,9657
00650L,復華香港正2,10,0,10,富邦-苗栗,2024-12-05,9657
2324,仁寶,11,1,10,富邦-苗栗,2024-12-05,9657
3057,喬鼎,10,0,10,富邦-苗栗,2024-12-05,9657
4414,如興,10,0,10,富邦-苗栗,2024-12-05,9657
6127,九豪,31,21,10,富邦-苗栗,2024-12-05,9657
8070,長華*,10,0,10,富邦-苗栗,2024-12-05,9657
9103,美德醫療-DR,10,0,10,富邦-苗栗,2024-12-05,9657
3163,波若威,16,7,9,富邦-苗栗,2024-12-05,9657
2834,臺企銀,10,1,9,富邦-苗栗,2024-12-05,9657
2845,遠東銀,9,0,9,富邦-苗栗,2024-12-05,9657
3537,堡達,9,0,9,富邦-苗栗,2024-12-05,9657
3211,順達,18,10,8,富邦-苗栗,2024-12-05,9657
6558,興能高,70,62,8,富邦-苗栗,2024-12-05,9657
2892,第一金,10,2,8,富邦-苗栗,2024-12-05,9657
3013,晟銘電,11,3,8,富邦-苗栗,2024-12-05,9657
2486,一詮,28,20,8,富邦-苗栗,2024-12-05,9657
3003,健和興,9,1,8,富邦-苗栗,2024-12-05,9657
2615,萬海,8,1,7,富邦-苗栗,2024-12-05,9657
2477,美隆電,7,0,7,富邦-苗栗,2024-12-05,9657
00937B,群益ESG投等債20,291,16,275,富邦-苗栗,2024-12-06,9657
00664R,國泰臺灣加權反1,101,0,101,富邦-苗栗,2024-12-06,9657
4510,高鋒,67,3,64,富邦-苗栗,2024-12-06,9657
6288,聯嘉,50,0,50,富邦-苗栗,2024-12-06,9657
00878,國泰永續高股息,47,9,38,富邦-苗栗,2024-12-06,9657
2354,鴻準,111,82,29,富邦-苗栗,2024-12-06,9657
00953B,群益優選非投等債,28,1,27,富邦-苗栗,2024-12-06,9657
1301,台塑,26,4,22,富邦-苗栗,2024-12-06,9657
2017,官田鋼,20,0,20,富邦-苗栗,2024-12-06,9657
2351,順德,19,0,19,富邦-苗栗,2024-12-06,9657
2887,台新金,18,1,17,富邦-苗栗,2024-12-06,9657
00909,國泰數位支付服務,23,6,17,富邦-苗栗,2024-12-06,9657
4931,新盛力,21,6,15,富邦-苗栗,2024-12-06,9657
8064,東捷,15,0,15,富邦-苗栗,2024-12-06,9657
3706,神達,94,80,14,富邦-苗栗,2024-12-06,9657
2406,國碩,13,0,13,富邦-苗栗,2024-12-06,9657
3019,亞光,13,0,13,富邦-苗栗,2024-12-06,9657
00918,大華優利高填息30,10,0,10,富邦-苗栗,2024-12-06,9657
00921,兆豐龍頭等權重,10,0,10,富邦-苗栗,2024-12-06,9657
00643,群益深証中小,10,0,10,富邦-苗栗,2024-12-06,9657
3057,喬鼎,10,0,10,富邦-苗栗,2024-12-06,9657
6229,研通,10,0,10,富邦-苗栗,2024-12-06,9657
2472,立隆電,10,0,10,富邦-苗栗,2024-12-06,9657
00948B,中信優息投資級債,20,11,9,富邦-苗栗,2024-12-06,9657
1536,和大,10,1,9,富邦-苗栗,2024-12-06,9657
2314,台揚,9,0,9,富邦-苗栗,2024-12-06,9657
4123,晟德,9,0,9,富邦-苗栗,2024-12-06,9657
00712,復華富時不動產,8,0,8,富邦-苗栗,2024-12-06,9657
2883,凱基金,12,4,8,富邦-苗栗,2024-12-06,9657
3234,光環,8,0,8,富邦-苗栗,2024-12-06,9657
9921,巨大,8,0,8,富邦-苗栗,2024-12-06,9657
00922,國泰台灣領袖50,8,0,8,富邦-苗栗,2024-12-06,9657
2233,宇隆,7,0,7,富邦-苗栗,2024-12-06,9657
5880,合庫金,7,0,7,富邦-苗栗,2024-12-06,9657
00919,群益台灣精選高息,22,15,7,富邦-苗栗,2024-12-06,9657
1605,華新,8,2,6,富邦-苗栗,2024-12-06,9657
8454,富邦媒,6,0,6,富邦-苗栗,2024-12-06,9657
1539,巨庭,6,0,6,富邦-苗栗,2024-12-06,9657
3043,科風,6,0,6,富邦-苗栗,2024-12-06,9657
4174,浩鼎,6,0,6,富邦-苗栗,2024-12-06,9657
6175,立敦,6,0,6,富邦-苗栗,2024-12-06,9657
5371,中光電,6,0,6,富邦-苗栗,2024-12-06,9657
5309,系統電,13,8,5,富邦-苗栗,2024-12-06,9657
00882,中信中國高股息,5,0,5,富邦-苗栗,2024-12-06,9657
00946,群益科技高息成長,5,0,5,富邦-苗栗,2024-12-06,9657
00950B,凱基A級公司債,5,0,5,富邦-苗栗,2024-12-06,9657
2498,宏達電,5,0,5,富邦-苗栗,2024-12-06,9657
3066,李洲,5,0,5,富邦-苗栗,2024-12-06,9657
3078,僑威,10,5,5,富邦-苗栗,2024-12-06,9657
3499,環天科,10,5,5,富邦-苗栗,2024-12-06,9657
00671R,富邦NASDAQ反1,102,0,102,富邦-苗栗,2024-12-09,9657
00918,大華優利高填息30,72,1,71,富邦-苗栗,2024-12-09,9657
3702A,大聯大甲特,70,0,70,富邦-苗栗,2024-12-09,9657
1314,中石化,50,0,50,富邦-苗栗,2024-12-09,9657
2915,潤泰全,42,7,35,富邦-苗栗,2024-12-09,9657
6558,興能高,33,0,33,富邦-苗栗,2024-12-09,9657
00715L,期街口布蘭特正2,52,25,27,富邦-苗栗,2024-12-09,9657
00953B,群益優選非投等債,26,0,26,富邦-苗栗,2024-12-09,9657
00713,元大台灣高息低波,22,0,22,富邦-苗栗,2024-12-09,9657
3706,神達,74,52,22,富邦-苗栗,2024-12-09,9657
6152,百一,20,0,20,富邦-苗栗,2024-12-09,9657
2328,廣宇,20,1,19,富邦-苗栗,2024-12-09,9657
2890,永豐金,18,0,18,富邦-苗栗,2024-12-09,9657
6288,聯嘉,18,0,18,富邦-苗栗,2024-12-09,9657
2317,鴻海,20,3,17,富邦-苗栗,2024-12-09,9657
6770,力積電,19,2,17,富邦-苗栗,2024-12-09,9657
0056,元大高股息,16,0,16,富邦-苗栗,2024-12-09,9657
020033,統一�琤肮黕篾,40,24,16,富邦-苗栗,2024-12-09,9657
1471,首利,16,1,15,富邦-苗栗,2024-12-09,9657
00909,國泰數位支付服務,24,11,13,富邦-苗栗,2024-12-09,9657
5328,華容,13,0,13,富邦-苗栗,2024-12-09,9657
2409,友達,13,1,12,富邦-苗栗,2024-12-09,9657
00915,凱基優選高股息30,62,50,12,富邦-苗栗,2024-12-09,9657
2362,藍天,13,1,12,富邦-苗栗,2024-12-09,9657
2449,京元電子,11,1,10,富邦-苗栗,2024-12-09,9657
00706L,期元大S＆P日圓正2,10,0,10,富邦-苗栗,2024-12-09,9657
2020,美亞,10,0,10,富邦-苗栗,2024-12-09,9657
2498,宏達電,10,0,10,富邦-苗栗,2024-12-09,9657
2641,正德,10,0,10,富邦-苗栗,2024-12-09,9657
2801,彰銀,20,10,10,富邦-苗栗,2024-12-09,9657
3607,谷崧,14,4,10,富邦-苗栗,2024-12-09,9657
3623,富晶通,10,0,10,富邦-苗栗,2024-12-09,9657
8111,立��,25,15,10,富邦-苗栗,2024-12-09,9657
9921,巨大,10,0,10,富邦-苗栗,2024-12-09,9657
2379,瑞昱,9,0,9,富邦-苗栗,2024-12-09,9657
8064,東捷,10,1,9,富邦-苗栗,2024-12-09,9657
00919,群益台灣精選高息,13,4,9,富邦-苗栗,2024-12-09,9657
0050,元大台灣50,10,2,8,富邦-苗栗,2024-12-09,9657
00948B,中信優息投資級債,8,0,8,富邦-苗栗,2024-12-09,9657
2367,燿華,9,2,7,富邦-苗栗,2024-12-09,9657
2375,凱美,11,4,7,富邦-苗栗,2024-12-09,9657
2429,銘旺科,7,0,7,富邦-苗栗,2024-12-09,9657
3484,崧騰,9,2,7,富邦-苗栗,2024-12-09,9657
6689,伊雲谷,7,0,7,富邦-苗栗,2024-12-09,9657
9105,泰金寶-DR,9,2,7,富邦-苗栗,2024-12-09,9657
6213,聯茂,6,0,6,富邦-苗栗,2024-12-09,9657
8929,富堡,6,0,6,富邦-苗栗,2024-12-09,9657
3211,順達,12,7,5,富邦-苗栗,2024-12-09,9657
2344,華邦電,6,1,5,富邦-苗栗,2024-12-09,9657
00708L,期元大S＆P黃金正2,5,0,5,富邦-苗栗,2024-12-09,9657
00937B,群益ESG投等債20,120,5,115,富邦-苗栗,2024-12-10,9657
00673R,期元大S＆P原油反1,100,0,100,富邦-苗栗,2024-12-10,9657
00680L,元大美債20正2,64,0,64,富邦-苗栗,2024-12-10,9657
00918,大華優利高填息30,57,0,57,富邦-苗栗,2024-12-10,9657
3591,艾笛森,51,0,51,富邦-苗栗,2024-12-10,9657
00753L,中信中國50正2,312,271,41,富邦-苗栗,2024-12-10,9657
9105,泰金寶-DR,41,1,40,富邦-苗栗,2024-12-10,9657
3706,神達,110,74,36,富邦-苗栗,2024-12-10,9657
2615,萬海,36,4,32,富邦-苗栗,2024-12-10,9657
2609,陽明,59,30,29,富邦-苗栗,2024-12-10,9657
00882,中信中國高股息,46,20,26,富邦-苗栗,2024-12-10,9657
1904,正隆,25,0,25,富邦-苗栗,2024-12-10,9657
5880,合庫金,25,0,25,富邦-苗栗,2024-12-10,9657
00936,台新永續高息中小,25,3,22,富邦-苗栗,2024-12-10,9657
2449,京元電子,24,2,22,富邦-苗栗,2024-12-10,9657
6288,聯嘉,21,0,21,富邦-苗栗,2024-12-10,9657
00922,國泰台灣領袖50,20,0,20,富邦-苗栗,2024-12-10,9657
00948B,中信優息投資級債,20,0,20,富邦-苗栗,2024-12-10,9657
00950B,凱基A級公司債,20,0,20,富邦-苗栗,2024-12-10,9657
2201,裕隆,25,5,20,富邦-苗栗,2024-12-10,9657
2344,華邦電,19,1,18,富邦-苗栗,2024-12-10,9657
0050,元大台灣50,17,0,17,富邦-苗栗,2024-12-10,9657
00945B,凱基美國非投等債,16,0,16,富邦-苗栗,2024-12-10,9657
00953B,群益優選非投等債,25,10,15,富邦-苗栗,2024-12-10,9657
6684,安格,27,12,15,富邦-苗栗,2024-12-10,9657
2887,台新金,20,5,15,富邦-苗栗,2024-12-10,9657
3323,加百裕,16,2,14,富邦-苗栗,2024-12-10,9657
4979,華星光,18,4,14,富邦-苗栗,2024-12-10,9657
2354,鴻準,32,20,12,富邦-苗栗,2024-12-10,9657
2362,藍天,27,15,12,富邦-苗栗,2024-12-10,9657
5315,光聯,12,0,12,富邦-苗栗,2024-12-10,9657
3234,光環,12,1,11,富邦-苗栗,2024-12-10,9657
3162,精確,13,2,11,富邦-苗栗,2024-12-10,9657
00919,群益台灣精選高息,45,35,10,富邦-苗栗,2024-12-10,9657
2618,長榮航,12,1,11,富邦-苗栗,2024-12-10,9657
2317,鴻海,23,13,10,富邦-苗栗,2024-12-10,9657
00687B,國泰20年美債,10,0,10,富邦-苗栗,2024-12-10,9657
00911,兆豐洲際半導體,10,0,10,富邦-苗栗,2024-12-10,9657
1806,冠軍,10,0,10,富邦-苗栗,2024-12-10,9657
2027,大成鋼,10,0,10,富邦-苗栗,2024-12-10,9657
2351,順德,10,0,10,富邦-苗栗,2024-12-10,9657
3056,富華新,10,0,10,富邦-苗栗,2024-12-10,9657
4919,新唐,10,0,10,富邦-苗栗,2024-12-10,9657
6125,廣運,10,0,10,富邦-苗栗,2024-12-10,9657
8929,富堡,10,0,10,富邦-苗栗,2024-12-10,9657
00665L,富邦�琤肭磪囓�2,11,2,9,富邦-苗栗,2024-12-10,9657
3532,台勝科,9,0,9,富邦-苗栗,2024-12-10,9657
00830,國泰費城半導體,8,0,8,富邦-苗栗,2024-12-10,9657
2409,友達,13,5,8,富邦-苗栗,2024-12-10,9657
4561,健椿,8,0,8,富邦-苗栗,2024-12-10,9657
6770,力積電,86,8,78,富邦-苗栗,2024-12-11,9657
00830,國泰費城半導體,60,0,60,富邦-苗栗,2024-12-11,9657
2317,鴻海,56,2,54,富邦-苗栗,2024-12-11,9657
3059,華晶科,50,0,50,富邦-苗栗,2024-12-11,9657
0056,元大高股息,35,2,33,富邦-苗栗,2024-12-11,9657
00918,大華優利高填息30,31,0,31,富邦-苗栗,2024-12-11,9657
00940,元大台灣價值高息,31,1,30,富邦-苗栗,2024-12-11,9657
2888,新光金,70,40,30,富邦-苗栗,2024-12-11,9657
00680L,元大美債20正2,30,2,28,富邦-苗栗,2024-12-11,9657
6443,元晶,28,0,28,富邦-苗栗,2024-12-11,9657
00929,復華台灣科技優息,65,38,27,富邦-苗栗,2024-12-11,9657
0050,元大台灣50,26,0,26,富邦-苗栗,2024-12-11,9657
00922,國泰台灣領袖50,23,0,23,富邦-苗栗,2024-12-11,9657
2002,中鋼,27,4,23,富邦-苗栗,2024-12-11,9657
2351,順德,21,0,21,富邦-苗栗,2024-12-11,9657
2303,聯電,22,2,20,富邦-苗栗,2024-12-11,9657
2615,萬海,22,2,20,富邦-苗栗,2024-12-11,9657
00945B,凱基美國非投等債,20,0,20,富邦-苗栗,2024-12-11,9657
2102,泰豐,20,0,20,富邦-苗栗,2024-12-11,9657
00882,中信中國高股息,19,1,18,富邦-苗栗,2024-12-11,9657
2515,中工,23,5,18,富邦-苗栗,2024-12-11,9657
2915,潤泰全,16,0,16,富邦-苗栗,2024-12-11,9657
00953B,群益優選非投等債,15,0,15,富邦-苗栗,2024-12-11,9657
00637L,元大滬深300正2,16,1,15,富邦-苗栗,2024-12-11,9657
6821,聯寶,15,0,15,富邦-苗栗,2024-12-11,9657
2618,長榮航,48,33,15,富邦-苗栗,2024-12-11,9657
3234,光環,14,0,14,富邦-苗栗,2024-12-11,9657
8064,東捷,19,5,14,富邦-苗栗,2024-12-11,9657
2201,裕隆,16,3,13,富邦-苗栗,2024-12-11,9657
2845,遠東銀,13,0,13,富邦-苗栗,2024-12-11,9657
3162,精確,13,0,13,富邦-苗栗,2024-12-11,9657
00900,富邦特選高股息30,13,0,13,富邦-苗栗,2024-12-11,9657
2609,陽明,24,13,11,富邦-苗栗,2024-12-11,9657
00915,凱基優選高股息30,11,0,11,富邦-苗栗,2024-12-11,9657
00753L,中信中國50正2,111,100,11,富邦-苗栗,2024-12-11,9657
6202,盛群,11,0,11,富邦-苗栗,2024-12-11,9657
00950B,凱基A級公司債,10,0,10,富邦-苗栗,2024-12-11,9657
4919,新唐,11,1,10,富邦-苗栗,2024-12-11,9657
00935,野村臺灣新科技50,10,0,10,富邦-苗栗,2024-12-11,9657
1314,中石化,10,0,10,富邦-苗栗,2024-12-11,9657
2426,鼎元,10,0,10,富邦-苗栗,2024-12-11,9657
3049,精金,10,0,10,富邦-苗栗,2024-12-11,9657
3057,喬鼎,10,0,10,富邦-苗栗,2024-12-11,9657
3499,環天科,10,0,10,富邦-苗栗,2024-12-11,9657
3545,敦泰,10,0,10,富邦-苗栗,2024-12-11,9657
5315,光聯,10,0,10,富邦-苗栗,2024-12-11,9657
9921,巨大,10,0,10,富邦-苗栗,2024-12-11,9657
6239,力成,10,1,9,富邦-苗栗,2024-12-11,9657
2324,仁寶,9,0,9,富邦-苗栗,2024-12-11,9657
2601,益航,10,1,9,富邦-苗栗,2024-12-11,9657
00673R,期元大S＆P原油反1,75,0,75,富邦-苗栗,2024-12-12,9657
00953B,群益優選非投等債,59,0,59,富邦-苗栗,2024-12-12,9657
2312,金寶,133,88,45,富邦-苗栗,2024-12-12,9657
00937B,群益ESG投等債20,36,1,35,富邦-苗栗,2024-12-12,9657
2002,中鋼,50,20,30,富邦-苗栗,2024-12-12,9657
00918,大華優利高填息30,30,0,30,富邦-苗栗,2024-12-12,9657
3029,零壹,36,12,24,富邦-苗栗,2024-12-12,9657
00688L,國泰20年美債正2,24,0,24,富邦-苗栗,2024-12-12,9657
2354,鴻準,56,33,23,富邦-苗栗,2024-12-12,9657
2382,廣達,23,2,21,富邦-苗栗,2024-12-12,9657
00948B,中信優息投資級債,20,0,20,富邦-苗栗,2024-12-12,9657
2646,星宇航空,20,0,20,富邦-苗栗,2024-12-12,9657
00687B,國泰20年美債,30,11,19,富邦-苗栗,2024-12-12,9657
00950B,凱基A級公司債,17,0,17,富邦-苗栗,2024-12-12,9657
00957B,兆豐US優選投等債,15,0,15,富邦-苗栗,2024-12-12,9657
2385,群光,15,0,15,富邦-苗栗,2024-12-12,9657
00945B,凱基美國非投等債,15,1,14,富邦-苗栗,2024-12-12,9657
2362,藍天,14,1,13,富邦-苗栗,2024-12-12,9657
4510,高鋒,15,2,13,富邦-苗栗,2024-12-12,9657
00679B,元大美債20年,14,2,12,富邦-苗栗,2024-12-12,9657
00915,凱基優選高股息30,11,0,11,富邦-苗栗,2024-12-12,9657
4114,健喬,11,0,11,富邦-苗栗,2024-12-12,9657
2471,資通,22,12,10,富邦-苗栗,2024-12-12,9657
1815,富喬,14,4,10,富邦-苗栗,2024-12-12,9657
1611,中電,10,0,10,富邦-苗栗,2024-12-12,9657
2017,官田鋼,10,0,10,富邦-苗栗,2024-12-12,9657
2351,順德,10,0,10,富邦-苗栗,2024-12-12,9657
3057,喬鼎,10,0,10,富邦-苗栗,2024-12-12,9657
3264,欣銓,10,0,10,富邦-苗栗,2024-12-12,9657
3515,華擎,10,0,10,富邦-苗栗,2024-12-12,9657
3607,谷崧,11,1,10,富邦-苗栗,2024-12-12,9657
5244,弘凱,10,0,10,富邦-苗栗,2024-12-12,9657
8390,金益鼎,10,0,10,富邦-苗栗,2024-12-12,9657
2363,矽統,15,6,9,富邦-苗栗,2024-12-12,9657
8255,朋程,9,0,9,富邦-苗栗,2024-12-12,9657
2317,鴻海,16,7,9,富邦-苗栗,2024-12-12,9657
3013,晟銘電,10,1,9,富邦-苗栗,2024-12-12,9657
00960,野村全球航運龍頭,8,0,8,富邦-苗栗,2024-12-12,9657
2328,廣宇,10,2,8,富邦-苗栗,2024-12-12,9657
3189,景碩,9,1,8,富邦-苗栗,2024-12-12,9657
8935,邦泰,8,0,8,富邦-苗栗,2024-12-12,9657
2324,仁寶,12,5,7,富邦-苗栗,2024-12-12,9657
00636,國泰中國A50,7,0,7,富邦-苗栗,2024-12-12,9657
2468,華經,10,3,7,富邦-苗栗,2024-12-12,9657
2520,冠德,7,0,7,富邦-苗栗,2024-12-12,9657
2929,淘帝-KY,7,0,7,富邦-苗栗,2024-12-12,9657
3234,光環,8,1,7,富邦-苗栗,2024-12-12,9657
9105,泰金寶-DR,10,3,7,富邦-苗栗,2024-12-12,9657
00680L,元大美債20正2,7,0,7,富邦-苗栗,2024-12-12,9657
1308,亞聚,6,0,6,富邦-苗栗,2024-12-12,9657
00918,大華優利高填息30,222,2,220,富邦-苗栗,2024-12-13,9657
00937B,群益ESG投等債20,64,0,64,富邦-苗栗,2024-12-13,9657
00953B,群益優選非投等債,63,0,63,富邦-苗栗,2024-12-13,9657
3059,華晶科,57,0,57,富邦-苗栗,2024-12-13,9657
00753L,中信中國50正2,48,0,48,富邦-苗栗,2024-12-13,9657
00915,凱基優選高股息30,48,1,47,富邦-苗栗,2024-12-13,9657
00878,國泰永續高股息,45,5,40,富邦-苗栗,2024-12-13,9657
00680L,元大美債20正2,40,0,40,富邦-苗栗,2024-12-13,9657
3231,緯創,39,0,39,富邦-苗栗,2024-12-13,9657
6213,聯茂,40,2,38,富邦-苗栗,2024-12-13,9657
00919,群益台灣精選高息,53,16,37,富邦-苗栗,2024-12-13,9657
00887,永豐中國科技50大,32,0,32,富邦-苗栗,2024-12-13,9657
00687B,國泰20年美債,30,0,30,富邦-苗栗,2024-12-13,9657
00948B,中信優息投資級債,30,0,30,富邦-苗栗,2024-12-13,9657
2313,華通,35,5,30,富邦-苗栗,2024-12-13,9657
2027,大成鋼,26,0,26,富邦-苗栗,2024-12-13,9657
00706L,期元大S＆P日圓正2,25,0,25,富邦-苗栗,2024-12-13,9657
3481,群創,25,3,22,富邦-苗栗,2024-12-13,9657
00650L,復華香港正2,20,0,20,富邦-苗栗,2024-12-13,9657
8034,榮群,20,0,20,富邦-苗栗,2024-12-13,9657
00945B,凱基美國非投等債,20,0,20,富邦-苗栗,2024-12-13,9657
00940,元大台灣價值高息,20,2,18,富邦-苗栗,2024-12-13,9657
2317,鴻海,27,9,18,富邦-苗栗,2024-12-13,9657
3532,台勝科,17,0,17,富邦-苗栗,2024-12-13,9657
00900,富邦特選高股息30,15,0,15,富邦-苗栗,2024-12-13,9657
2887,台新金,15,0,15,富邦-苗栗,2024-12-13,9657
5425,台半,15,0,15,富邦-苗栗,2024-12-13,9657
00713,元大台灣高息低波,14,0,14,富邦-苗栗,2024-12-13,9657
1325,恆大,14,0,14,富邦-苗栗,2024-12-13,9657
00637L,元大滬深300正2,13,0,13,富邦-苗栗,2024-12-13,9657
4510,高鋒,13,0,13,富邦-苗栗,2024-12-13,9657
0056,元大高股息,13,0,13,富邦-苗栗,2024-12-13,9657
1314,中石化,12,0,12,富邦-苗栗,2024-12-13,9657
2362,藍天,12,0,12,富邦-苗栗,2024-12-13,9657
3021,鴻名,13,1,12,富邦-苗栗,2024-12-13,9657
6962,ITH-KY,20,8,12,富邦-苗栗,2024-12-13,9657
2892,第一金,11,0,11,富邦-苗栗,2024-12-13,9657
2374,佳能,13,2,11,富邦-苗栗,2024-12-13,9657
1733,五鼎,10,0,10,富邦-苗栗,2024-12-13,9657
2102,泰豐,10,0,10,富邦-苗栗,2024-12-13,9657
2498,宏達電,10,0,10,富邦-苗栗,2024-12-13,9657
2884,玉山金,10,0,10,富邦-苗栗,2024-12-13,9657
3049,精金,10,0,10,富邦-苗栗,2024-12-13,9657
3057,喬鼎,10,0,10,富邦-苗栗,2024-12-13,9657
00679B,元大美債20年,15,6,9,富邦-苗栗,2024-12-13,9657
2547,日勝生,10,1,9,富邦-苗栗,2024-12-13,9657
8011,台通,10,1,9,富邦-苗栗,2024-12-13,9657
3037,欣興,8,0,8,富邦-苗栗,2024-12-13,9657
00688L,國泰20年美債正2,8,0,8,富邦-苗栗,2024-12-13,9657
1449,佳和,8,0,8,富邦-苗栗,2024-12-13,9657
00680L,元大美債20正2,526,0,526,富邦-苗栗,2024-12-16,9657
00919,群益台灣精選高息,414,4,410,富邦-苗栗,2024-12-16,9657
00664R,國泰臺灣加權反1,110,0,110,富邦-苗栗,2024-12-16,9657
00953B,群益優選非投等債,86,0,86,富邦-苗栗,2024-12-16,9657
00918,大華優利高填息30,62,1,61,富邦-苗栗,2024-12-16,9657
00679B,元大美債20年,49,2,47,富邦-苗栗,2024-12-16,9657
00945B,凱基美國非投等債,43,0,43,富邦-苗栗,2024-12-16,9657
00878,國泰永續高股息,57,16,41,富邦-苗栗,2024-12-16,9657
00915,凱基優選高股息30,40,0,40,富邦-苗栗,2024-12-16,9657
8183,精星,38,0,38,富邦-苗栗,2024-12-16,9657
0056,元大高股息,37,2,35,富邦-苗栗,2024-12-16,9657
2887,台新金,31,2,29,富邦-苗栗,2024-12-16,9657
00753L,中信中國50正2,26,0,26,富邦-苗栗,2024-12-16,9657
00673R,期元大S＆P原油反1,25,0,25,富邦-苗栗,2024-12-16,9657
2498,宏達電,17,0,17,富邦-苗栗,2024-12-16,9657
2344,華邦電,16,0,16,富邦-苗栗,2024-12-16,9657
2449,京元電子,18,3,15,富邦-苗栗,2024-12-16,9657
00706L,期元大S＆P日圓正2,15,0,15,富邦-苗栗,2024-12-16,9657
6152,百一,20,5,15,富邦-苗栗,2024-12-16,9657
2349,錸德,16,2,14,富邦-苗栗,2024-12-16,9657
2609,陽明,21,8,13,富邦-苗栗,2024-12-16,9657
00900,富邦特選高股息30,13,0,13,富邦-苗栗,2024-12-16,9657
00948B,中信優息投資級債,10,0,10,富邦-苗栗,2024-12-16,9657
00887,永豐中國科技50大,10,0,10,富邦-苗栗,2024-12-16,9657
00938,凱基優選30,10,0,10,富邦-苗栗,2024-12-16,9657
00968B,元大優息投等債,10,0,10,富邦-苗栗,2024-12-16,9657
1733,五鼎,10,0,10,富邦-苗栗,2024-12-16,9657
2324,仁寶,10,0,10,富邦-苗栗,2024-12-16,9657
2388,威盛,11,1,10,富邦-苗栗,2024-12-16,9657
3042,晶技,10,0,10,富邦-苗栗,2024-12-16,9657
4120,友華,10,0,10,富邦-苗栗,2024-12-16,9657
6598,ABC-KY,10,0,10,富邦-苗栗,2024-12-16,9657
8074,鉅橡,10,0,10,富邦-苗栗,2024-12-16,9657
9105,泰金寶-DR,10,0,10,富邦-苗栗,2024-12-16,9657
00946,群益科技高息成長,11,2,9,富邦-苗栗,2024-12-16,9657
00688L,國泰20年美債正2,9,0,9,富邦-苗栗,2024-12-16,9657
2367,燿華,10,1,9,富邦-苗栗,2024-12-16,9657
2429,銘旺科,9,0,9,富邦-苗栗,2024-12-16,9657
00687B,國泰20年美債,38,30,8,富邦-苗栗,2024-12-16,9657
00713,元大台灣高息低波,8,0,8,富邦-苗栗,2024-12-16,9657
1531,高林股,9,1,8,富邦-苗栗,2024-12-16,9657
1616,億泰,8,0,8,富邦-苗栗,2024-12-16,9657
4979,華星光,13,5,8,富邦-苗栗,2024-12-16,9657
00950B,凱基A級公司債,7,0,7,富邦-苗栗,2024-12-16,9657
00650L,復華香港正2,7,0,7,富邦-苗栗,2024-12-16,9657
2365,昆盈,17,10,7,富邦-苗栗,2024-12-16,9657
2486,一詮,7,0,7,富邦-苗栗,2024-12-16,9657
00940,元大台灣價值高息,11,4,7,富邦-苗栗,2024-12-16,9657
2382,廣達,9,2,7,富邦-苗栗,2024-12-16,9657
3037,欣興,6,0,6,富邦-苗栗,2024-12-16,9657
00937B,群益ESG投等債20,295,32,263,富邦-苗栗,2024-12-17,9657
00918,大華優利高填息30,182,1,181,富邦-苗栗,2024-12-17,9657
00680L,元大美債20正2,77,0,77,富邦-苗栗,2024-12-17,9657
00950B,凱基A級公司債,67,0,67,富邦-苗栗,2024-12-17,9657
3576,聯合再生,57,0,57,富邦-苗栗,2024-12-17,9657
3481,群創,50,1,49,富邦-苗栗,2024-12-17,9657
00953B,群益優選非投等債,44,0,44,富邦-苗栗,2024-12-17,9657
00713,元大台灣高息低波,43,0,43,富邦-苗栗,2024-12-17,9657
00915,凱基優選高股息30,42,0,42,富邦-苗栗,2024-12-17,9657
2417,圓剛,35,0,35,富邦-苗栗,2024-12-17,9657
2834,臺企銀,33,0,33,富邦-苗栗,2024-12-17,9657
2354,鴻準,28,4,24,富邦-苗栗,2024-12-17,9657
00945B,凱基美國非投等債,21,0,21,富邦-苗栗,2024-12-17,9657
2002,中鋼,21,0,21,富邦-苗栗,2024-12-17,9657
5880,合庫金,20,0,20,富邦-苗栗,2024-12-17,9657
00948B,中信優息投資級債,20,0,20,富邦-苗栗,2024-12-17,9657
2449,京元電子,21,2,19,富邦-苗栗,2024-12-17,9657
8011,台通,19,0,19,富邦-苗栗,2024-12-17,9657
00900,富邦特選高股息30,19,1,18,富邦-苗栗,2024-12-17,9657
2303,聯電,28,11,17,富邦-苗栗,2024-12-17,9657
3005,神基,15,0,15,富邦-苗栗,2024-12-17,9657
2102,泰豐,15,0,15,富邦-苗栗,2024-12-17,9657
8249,菱光,19,4,15,富邦-苗栗,2024-12-17,9657
00679B,元大美債20年,14,0,14,富邦-苗栗,2024-12-17,9657
2884,玉山金,34,21,13,富邦-苗栗,2024-12-17,9657
0056,元大高股息,13,1,12,富邦-苗栗,2024-12-17,9657
00753L,中信中國50正2,12,0,12,富邦-苗栗,2024-12-17,9657
8070,長華*,11,0,11,富邦-苗栗,2024-12-17,9657
00969B,元大零息超長美債,10,0,10,富邦-苗栗,2024-12-17,9657
00673R,期元大S＆P原油反1,10,0,10,富邦-苗栗,2024-12-17,9657
00970B,新光BBB投等債20,10,0,10,富邦-苗栗,2024-12-17,9657
1802,台玻,10,0,10,富邦-苗栗,2024-12-17,9657
2405,輔信,10,0,10,富邦-苗栗,2024-12-17,9657
2468,華經,24,14,10,富邦-苗栗,2024-12-17,9657
2845,遠東銀,10,0,10,富邦-苗栗,2024-12-17,9657
3048,益登,10,0,10,富邦-苗栗,2024-12-17,9657
5244,弘凱,10,1,9,富邦-苗栗,2024-12-17,9657
2317,鴻海,11,2,9,富邦-苗栗,2024-12-17,9657
00632R,元大台灣50反1,10,2,8,富邦-苗栗,2024-12-17,9657
3231,緯創,10,2,8,富邦-苗栗,2024-12-17,9657
3706,神達,55,47,8,富邦-苗栗,2024-12-17,9657
9921,巨大,9,1,8,富邦-苗栗,2024-12-17,9657
2609,陽明,21,13,8,富邦-苗栗,2024-12-17,9657
2382,廣達,7,0,7,富邦-苗栗,2024-12-17,9657
00910,第一金太空衛星,7,0,7,富邦-苗栗,2024-12-17,9657
00917,中信特選金融,6,0,6,富邦-苗栗,2024-12-17,9657
1301,台塑,6,0,6,富邦-苗栗,2024-12-17,9657
3317,尼克森,6,0,6,富邦-苗栗,2024-12-17,9657
3532,台勝科,10,4,6,富邦-苗栗,2024-12-17,9657
1605,華新,5,0,5,富邦-苗栗,2024-12-17,9657
00919,群益台灣精選高息,271,18,253,富邦-苗栗,2024-12-18,9657
00918,大華優利高填息30,101,0,101,富邦-苗栗,2024-12-18,9657
00945B,凱基美國非投等債,55,0,55,富邦-苗栗,2024-12-18,9657
00937B,群益ESG投等債20,52,5,47,富邦-苗栗,2024-12-18,9657
00715L,期街口布蘭特正2,45,0,45,富邦-苗栗,2024-12-18,9657
00953B,群益優選非投等債,45,3,42,富邦-苗栗,2024-12-18,9657
2356,英業達,31,0,31,富邦-苗栗,2024-12-18,9657
4540,全球傳動,74,46,28,富邦-苗栗,2024-12-18,9657
3231,緯創,26,0,26,富邦-苗栗,2024-12-18,9657
00852L,國泰美國道瓊正2,24,0,24,富邦-苗栗,2024-12-18,9657
2002,中鋼,21,0,21,富邦-苗栗,2024-12-18,9657
3023,信邦,18,0,18,富邦-苗栗,2024-12-18,9657
2609,陽明,32,14,18,富邦-苗栗,2024-12-18,9657
2303,聯電,61,44,17,富邦-苗栗,2024-12-18,9657
2344,華邦電,27,12,15,富邦-苗栗,2024-12-18,9657
00712,復華富時不動產,19,4,15,富邦-苗栗,2024-12-18,9657
1785,光洋科,14,1,13,富邦-苗栗,2024-12-18,9657
0056,元大高股息,13,0,13,富邦-苗栗,2024-12-18,9657
1605,華新,17,5,12,富邦-苗栗,2024-12-18,9657
00830,國泰費城半導體,13,2,11,富邦-苗栗,2024-12-18,9657
1213,大飲,11,0,11,富邦-苗栗,2024-12-18,9657
1314,中石化,11,0,11,富邦-苗栗,2024-12-18,9657
4576,大銀微系統,14,3,11,富邦-苗栗,2024-12-18,9657
5460,同協,11,0,11,富邦-苗栗,2024-12-18,9657
2062,橋椿,10,0,10,富邦-苗栗,2024-12-18,9657
00926,凱基全球菁英55,10,0,10,富邦-苗栗,2024-12-18,9657
00950B,凱基A級公司債,10,0,10,富邦-苗栗,2024-12-18,9657
1611,中電,10,0,10,富邦-苗栗,2024-12-18,9657
2332,友訊,20,10,10,富邦-苗栗,2024-12-18,9657
2883,凱基金,10,0,10,富邦-苗栗,2024-12-18,9657
4306,炎洲,10,0,10,富邦-苗栗,2024-12-18,9657
6505,台塑化,10,0,10,富邦-苗栗,2024-12-18,9657
8096,擎亞,10,0,10,富邦-苗栗,2024-12-18,9657
3689,湧德,14,5,9,富邦-苗栗,2024-12-18,9657
3532,台勝科,9,0,9,富邦-苗栗,2024-12-18,9657
5474,聰泰,10,1,9,富邦-苗栗,2024-12-18,9657
8044,網家,9,0,9,富邦-苗栗,2024-12-18,9657
2365,昆盈,24,16,8,富邦-苗栗,2024-12-18,9657
4123,晟德,8,0,8,富邦-苗栗,2024-12-18,9657
2317,鴻海,10,2,8,富邦-苗栗,2024-12-18,9657
3041,揚智,49,42,7,富邦-苗栗,2024-12-18,9657
5309,系統電,9,2,7,富邦-苗栗,2024-12-18,9657
9921,巨大,10,3,7,富邦-苗栗,2024-12-18,9657
6770,力積電,48,41,7,富邦-苗栗,2024-12-18,9657
00933B,國泰10Y+金融債,6,0,6,富邦-苗栗,2024-12-18,9657
00887,永豐中國科技50大,6,0,6,富邦-苗栗,2024-12-18,9657
6962,ITH-KY,19,13,6,富邦-苗栗,2024-12-18,9657
00909,國泰數位支付服務,11,5,6,富邦-苗栗,2024-12-18,9657
6215,和椿,14,8,6,富邦-苗栗,2024-12-18,9657
00713,元大台灣高息低波,8,3,5,富邦-苗栗,2024-12-18,9657
00919,群益台灣精選高息,218,14,204,富邦-苗栗,2024-12-19,9657
00680L,元大美債20正2,320,190,130,富邦-苗栗,2024-12-19,9657
2317,鴻海,79,4,75,富邦-苗栗,2024-12-19,9657
3576,聯合再生,70,1,69,富邦-苗栗,2024-12-19,9657
00830,國泰費城半導體,57,0,57,富邦-苗栗,2024-12-19,9657
00966B,統一ESG投等債15,51,0,51,富邦-苗栗,2024-12-19,9657
00918,大華優利高填息30,60,10,50,富邦-苗栗,2024-12-19,9657
2884,玉山金,53,5,48,富邦-苗栗,2024-12-19,9657
00712,復華富時不動產,42,1,41,富邦-苗栗,2024-12-19,9657
00878,國泰永續高股息,36,0,36,富邦-苗栗,2024-12-19,9657
5880,合庫金,36,0,36,富邦-苗栗,2024-12-19,9657
00687B,國泰20年美債,39,4,35,富邦-苗栗,2024-12-19,9657
00953B,群益優選非投等債,35,0,35,富邦-苗栗,2024-12-19,9657
2887,台新金,33,0,33,富邦-苗栗,2024-12-19,9657
3481,群創,30,0,30,富邦-苗栗,2024-12-19,9657
2883,凱基金,26,0,26,富邦-苗栗,2024-12-19,9657
6505,台塑化,22,0,22,富邦-苗栗,2024-12-19,9657
0050,元大台灣50,21,1,20,富邦-苗栗,2024-12-19,9657
00933B,國泰10Y+金融債,18,0,18,富邦-苗栗,2024-12-19,9657
8183,精星,18,0,18,富邦-苗栗,2024-12-19,9657
5907,大洋-KY,17,0,17,富邦-苗栗,2024-12-19,9657
2845,遠東銀,16,0,16,富邦-苗栗,2024-12-19,9657
9907,統一實,16,0,16,富邦-苗栗,2024-12-19,9657
2892,第一金,15,0,15,富邦-苗栗,2024-12-19,9657
6558,興能高,20,5,15,富邦-苗栗,2024-12-19,9657
00688L,國泰20年美債正2,19,4,15,富邦-苗栗,2024-12-19,9657
00950B,凱基A級公司債,15,0,15,富邦-苗栗,2024-12-19,9657
0056,元大高股息,17,3,14,富邦-苗栗,2024-12-19,9657
2881,富邦金,14,0,14,富邦-苗栗,2024-12-19,9657
5315,光聯,13,0,13,富邦-苗栗,2024-12-19,9657
2303,聯電,18,7,11,富邦-苗栗,2024-12-19,9657
00713,元大台灣高息低波,11,0,11,富邦-苗栗,2024-12-19,9657
3376,新日興,18,8,10,富邦-苗栗,2024-12-19,9657
1301,台塑,21,11,10,富邦-苗栗,2024-12-19,9657
2102,泰豐,10,0,10,富邦-苗栗,2024-12-19,9657
2402,毅嘉,10,0,10,富邦-苗栗,2024-12-19,9657
4306,炎洲,10,0,10,富邦-苗栗,2024-12-19,9657
8070,長華*,10,0,10,富邦-苗栗,2024-12-19,9657
006208,富邦台50,10,0,10,富邦-苗栗,2024-12-19,9657
2002,中鋼,9,0,9,富邦-苗栗,2024-12-19,9657
00948B,中信優息投資級債,9,0,9,富邦-苗栗,2024-12-19,9657
5531,鄉林,9,0,9,富邦-苗栗,2024-12-19,9657
9921,巨大,9,0,9,富邦-苗栗,2024-12-19,9657
6770,力積電,41,32,9,富邦-苗栗,2024-12-19,9657
2609,陽明,20,12,8,富邦-苗栗,2024-12-19,9657
6209,今國光,17,9,8,富邦-苗栗,2024-12-19,9657
00679B,元大美債20年,61,53,8,富邦-苗栗,2024-12-19,9657
00915,凱基優選高股息30,8,1,7,富邦-苗栗,2024-12-19,9657
00795B,中信美國公債20年,7,0,7,富邦-苗栗,2024-12-19,9657
2006,東和鋼鐵,7,0,7,富邦-苗栗,2024-12-19,9657
