Ticker,Name,buy,sell,diff,Branch,Date,Branch_Code
00632R,元大台灣50反1,383,185,198,富邦-高雄,2023-01-03,9659
00637L,元大滬深300正2,146,14,132,富邦-高雄,2023-01-03,9659
00669R,國泰美國道瓊反1,74,0,74,富邦-高雄,2023-01-03,9659
2317,鴻海,71,15,56,富邦-高雄,2023-01-03,9659
5351,鈺創,51,4,47,富邦-高雄,2023-01-03,9659
1605,華新,260,213,47,富邦-高雄,2023-01-03,9659
00772B,中信高評級公司債,37,0,37,富邦-高雄,2023-01-03,9659
2867,三商壽,115,80,35,富邦-高雄,2023-01-03,9659
00712,復華富時不動產,31,0,31,富邦-高雄,2023-01-03,9659
3592,瑞鼎,31,1,30,富邦-高雄,2023-01-03,9659
2603,長榮,36,7,29,富邦-高雄,2023-01-03,9659
2609,陽明,67,40,27,富邦-高雄,2023-01-03,9659
0056,元大高股息,26,0,26,富邦-高雄,2023-01-03,9659
6245,立端,25,4,21,富邦-高雄,2023-01-03,9659
6708,天擎,21,0,21,富邦-高雄,2023-01-03,9659
00679B,元大美債20年,20,0,20,富邦-高雄,2023-01-03,9659
00878,國泰永續高股息,51,31,20,富邦-高雄,2023-01-03,9659
3047,訊舟,19,0,19,富邦-高雄,2023-01-03,9659
2615,萬海,65,47,18,富邦-高雄,2023-01-03,9659
1795,美時,38,20,18,富邦-高雄,2023-01-03,9659
2606,裕民,34,17,17,富邦-高雄,2023-01-03,9659
2851,中再保,15,0,15,富邦-高雄,2023-01-03,9659
3661,世芯-KY,43,28,15,富邦-高雄,2023-01-03,9659
1503,士電,14,0,14,富邦-高雄,2023-01-03,9659
00673R,期元大S＆P原油反1,15,2,13,富邦-高雄,2023-01-03,9659
2883,凱基金,15,2,13,富邦-高雄,2023-01-03,9659
00713,元大台灣高息低波,12,0,12,富邦-高雄,2023-01-03,9659
4114,健喬,23,11,12,富邦-高雄,2023-01-03,9659
2618,長榮航,20,9,11,富邦-高雄,2023-01-03,9659
00701,國泰股利精選30,11,0,11,富邦-高雄,2023-01-03,9659
00885,富邦越南,21,10,11,富邦-高雄,2023-01-03,9659
6719,力智,10,0,10,富邦-高雄,2023-01-03,9659
00641R,富邦日本反1,10,0,10,富邦-高雄,2023-01-03,9659
8110,華東,10,0,10,富邦-高雄,2023-01-03,9659
3682,亞太電,10,0,10,富邦-高雄,2023-01-03,9659
5227,立凱-KY,10,0,10,富邦-高雄,2023-01-03,9659
4915,致伸,9,0,9,富邦-高雄,2023-01-03,9659
6585,鼎基,20,11,9,富邦-高雄,2023-01-03,9659
4171,瑞基,24,15,9,富邦-高雄,2023-01-03,9659
1529,樂事綠能,26,18,8,富邦-高雄,2023-01-03,9659
2929,淘帝-KY,10,2,8,富邦-高雄,2023-01-03,9659
6504,南六,8,0,8,富邦-高雄,2023-01-03,9659
4167,松瑞藥,14,6,8,富邦-高雄,2023-01-03,9659
6472,保瑞,20,12,8,富邦-高雄,2023-01-03,9659
0050,元大台灣50,9,2,7,富邦-高雄,2023-01-03,9659
2723,美食-KY,7,0,7,富邦-高雄,2023-01-03,9659
1101,台泥,7,1,6,富邦-高雄,2023-01-03,9659
6244,茂迪,6,0,6,富邦-高雄,2023-01-03,9659
9930,中聯資源,6,0,6,富邦-高雄,2023-01-03,9659
3576,聯合再生,8,3,5,富邦-高雄,2023-01-03,9659
00671R,富邦NASDAQ反1,499,0,499,富邦-高雄,2023-01-04,9659
5351,鈺創,215,12,203,富邦-高雄,2023-01-04,9659
00637L,元大滬深300正2,135,11,124,富邦-高雄,2023-01-04,9659
3481,群創,104,12,92,富邦-高雄,2023-01-04,9659
00882,中信中國高股息,65,0,65,富邦-高雄,2023-01-04,9659
00885,富邦越南,143,81,62,富邦-高雄,2023-01-04,9659
2317,鴻海,75,14,61,富邦-高雄,2023-01-04,9659
1909,榮成,66,11,55,富邦-高雄,2023-01-04,9659
2329,華泰,42,0,42,富邦-高雄,2023-01-04,9659
8046,南電,86,46,40,富邦-高雄,2023-01-04,9659
00757,統一FANG+,38,0,38,富邦-高雄,2023-01-04,9659
2603,長榮,51,18,33,富邦-高雄,2023-01-04,9659
2867,三商壽,31,0,31,富邦-高雄,2023-01-04,9659
2884,玉山金,25,0,25,富邦-高雄,2023-01-04,9659
2609,陽明,45,23,22,富邦-高雄,2023-01-04,9659
1217,愛之味,22,0,22,富邦-高雄,2023-01-04,9659
2014,中鴻,22,1,21,富邦-高雄,2023-01-04,9659
1752,南光,38,19,19,富邦-高雄,2023-01-04,9659
3037,欣興,29,13,16,富邦-高雄,2023-01-04,9659
2606,裕民,19,4,15,富邦-高雄,2023-01-04,9659
2313,華通,15,0,15,富邦-高雄,2023-01-04,9659
8016,矽創,16,2,14,富邦-高雄,2023-01-04,9659
6182,合晶,13,0,13,富邦-高雄,2023-01-04,9659
5283,禾聯碩,12,0,12,富邦-高雄,2023-01-04,9659
6245,立端,16,4,12,富邦-高雄,2023-01-04,9659
1325,恆大,12,0,12,富邦-高雄,2023-01-04,9659
00830,國泰費城半導體,12,0,12,富邦-高雄,2023-01-04,9659
2444,兆勁,12,0,12,富邦-高雄,2023-01-04,9659
0056,元大高股息,13,1,12,富邦-高雄,2023-01-04,9659
2637,慧洋-KY,31,20,11,富邦-高雄,2023-01-04,9659
2615,萬海,58,47,11,富邦-高雄,2023-01-04,9659
8935,邦泰,32,21,11,富邦-高雄,2023-01-04,9659
2402,毅嘉,11,0,11,富邦-高雄,2023-01-04,9659
6456,GIS-KY,13,2,11,富邦-高雄,2023-01-04,9659
00715L,期街口布蘭特正2,11,0,11,富邦-高雄,2023-01-04,9659
2613,中櫃,11,0,11,富邦-高雄,2023-01-04,9659
3231,緯創,11,1,10,富邦-高雄,2023-01-04,9659
1303,南亞,12,2,10,富邦-高雄,2023-01-04,9659
4572,駐龍,10,0,10,富邦-高雄,2023-01-04,9659
1101B,台泥乙特,10,0,10,富邦-高雄,2023-01-04,9659
8099,大世科,10,0,10,富邦-高雄,2023-01-04,9659
00665L,富邦�琤肭磪囓�2,10,0,10,富邦-高雄,2023-01-04,9659
2515,中工,10,0,10,富邦-高雄,2023-01-04,9659
1609,大亞,32,22,10,富邦-高雄,2023-01-04,9659
00772B,中信高評級公司債,9,0,9,富邦-高雄,2023-01-04,9659
8440,綠電,9,0,9,富邦-高雄,2023-01-04,9659
2465,麗臺,15,6,9,富邦-高雄,2023-01-04,9659
4114,健喬,119,111,8,富邦-高雄,2023-01-04,9659
9941,裕融,8,0,8,富邦-高雄,2023-01-04,9659
2303,聯電,11,3,8,富邦-高雄,2023-01-04,9659
00632R,元大台灣50反1,102,0,102,富邦-高雄,2023-01-05,9659
00675L,富邦臺灣加權正2,91,1,90,富邦-高雄,2023-01-05,9659
4155,訊映,60,0,60,富邦-高雄,2023-01-05,9659
00679B,元大美債20年,51,0,51,富邦-高雄,2023-01-05,9659
1605,華新,221,170,51,富邦-高雄,2023-01-05,9659
6177,達麗,50,0,50,富邦-高雄,2023-01-05,9659
2317,鴻海,38,8,30,富邦-高雄,2023-01-05,9659
0056,元大高股息,38,9,29,富邦-高雄,2023-01-05,9659
00882,中信中國高股息,37,8,29,富邦-高雄,2023-01-05,9659
3062,建漢,28,0,28,富邦-高雄,2023-01-05,9659
1909,榮成,32,7,25,富邦-高雄,2023-01-05,9659
2419,仲琦,41,20,21,富邦-高雄,2023-01-05,9659
1785,光洋科,20,0,20,富邦-高雄,2023-01-05,9659
6550,北極星藥業-KY,21,1,20,富邦-高雄,2023-01-05,9659
00642U,期元大S＆P石油,19,0,19,富邦-高雄,2023-01-05,9659
2883,凱基金,21,2,19,富邦-高雄,2023-01-05,9659
3675,德微,25,6,19,富邦-高雄,2023-01-05,9659
5371,中光電,20,3,17,富邦-高雄,2023-01-05,9659
2327,國巨,20,4,16,富邦-高雄,2023-01-05,9659
6274,台燿,15,2,13,富邦-高雄,2023-01-05,9659
2313,華通,16,3,13,富邦-高雄,2023-01-05,9659
1514,亞力,18,5,13,富邦-高雄,2023-01-05,9659
2352,佳世達,12,0,12,富邦-高雄,2023-01-05,9659
3520,華盈,12,0,12,富邦-高雄,2023-01-05,9659
2409,友達,19,8,11,富邦-高雄,2023-01-05,9659
00669R,國泰美國道瓊反1,13,2,11,富邦-高雄,2023-01-05,9659
00650L,復華香港正2,11,0,11,富邦-高雄,2023-01-05,9659
2399,映泰,11,0,11,富邦-高雄,2023-01-05,9659
6456,GIS-KY,11,0,11,富邦-高雄,2023-01-05,9659
6477,安集,13,2,11,富邦-高雄,2023-01-05,9659
2605,新興,10,0,10,富邦-高雄,2023-01-05,9659
8099,大世科,10,0,10,富邦-高雄,2023-01-05,9659
4113,聯上,10,0,10,富邦-高雄,2023-01-05,9659
00852L,國泰美國道瓊正2,10,0,10,富邦-高雄,2023-01-05,9659
2642,宅配通,17,7,10,富邦-高雄,2023-01-05,9659
6715,嘉基,10,0,10,富邦-高雄,2023-01-05,9659
2610,華航,23,13,10,富邦-高雄,2023-01-05,9659
1342,八貫,13,4,9,富邦-高雄,2023-01-05,9659
6806,森崴能源,29,20,9,富邦-高雄,2023-01-05,9659
2388,威盛,53,44,9,富邦-高雄,2023-01-05,9659
1504,東元,9,0,9,富邦-高雄,2023-01-05,9659
3047,訊舟,13,4,9,富邦-高雄,2023-01-05,9659
1609,大亞,12,3,9,富邦-高雄,2023-01-05,9659
3704,合勤控,12,4,8,富邦-高雄,2023-01-05,9659
4105,東洋,11,3,8,富邦-高雄,2023-01-05,9659
00715L,期街口布蘭特正2,8,0,8,富邦-高雄,2023-01-05,9659
00753L,中信中國50正2,38,30,8,富邦-高雄,2023-01-05,9659
2614,東森,32,24,8,富邦-高雄,2023-01-05,9659
1217,愛之味,8,0,8,富邦-高雄,2023-01-05,9659
3591,艾笛森,7,0,7,富邦-高雄,2023-01-05,9659
00671R,富邦NASDAQ反1,499,40,459,富邦-高雄,2023-01-06,9659
3481,群創,357,37,320,富邦-高雄,2023-01-06,9659
00632R,元大台灣50反1,314,2,312,富邦-高雄,2023-01-06,9659
2014,中鴻,75,4,71,富邦-高雄,2023-01-06,9659
00893,國泰智能電動車,56,2,54,富邦-高雄,2023-01-06,9659
2884,玉山金,70,22,48,富邦-高雄,2023-01-06,9659
1519,華城,42,5,37,富邦-高雄,2023-01-06,9659
2605,新興,30,0,30,富邦-高雄,2023-01-06,9659
912000,晨訊科-DR,30,0,30,富邦-高雄,2023-01-06,9659
3704,合勤控,38,10,28,富邦-高雄,2023-01-06,9659
2317,鴻海,29,3,26,富邦-高雄,2023-01-06,9659
00720B,元大投資級公司債,25,0,25,富邦-高雄,2023-01-06,9659
2702,華園,20,0,20,富邦-高雄,2023-01-06,9659
00680L,元大美債20正2,20,0,20,富邦-高雄,2023-01-06,9659
4545,銘鈺,20,1,19,富邦-高雄,2023-01-06,9659
8046,南電,49,30,19,富邦-高雄,2023-01-06,9659
2327,國巨,22,5,17,富邦-高雄,2023-01-06,9659
1101,台泥,22,6,16,富邦-高雄,2023-01-06,9659
00679B,元大美債20年,16,0,16,富邦-高雄,2023-01-06,9659
00725B,國泰投資級公司債,15,0,15,富邦-高雄,2023-01-06,9659
2538,基泰,15,0,15,富邦-高雄,2023-01-06,9659
3272,東碩,18,3,15,富邦-高雄,2023-01-06,9659
00662,富邦NASDAQ,15,0,15,富邦-高雄,2023-01-06,9659
6443,元晶,18,4,14,富邦-高雄,2023-01-06,9659
2618,長榮航,35,23,12,富邦-高雄,2023-01-06,9659
6177,達麗,12,0,12,富邦-高雄,2023-01-06,9659
2442,新美齊,12,0,12,富邦-高雄,2023-01-06,9659
2329,華泰,12,0,12,富邦-高雄,2023-01-06,9659
6176,瑞儀,15,4,11,富邦-高雄,2023-01-06,9659
6582,申豐,10,0,10,富邦-高雄,2023-01-06,9659
5301,寶得利,10,0,10,富邦-高雄,2023-01-06,9659
6485,點序,11,1,10,富邦-高雄,2023-01-06,9659
00830,國泰費城半導體,10,0,10,富邦-高雄,2023-01-06,9659
1417,嘉裕,12,2,10,富邦-高雄,2023-01-06,9659
3710,連展投控,10,0,10,富邦-高雄,2023-01-06,9659
6441,廣錠,10,0,10,富邦-高雄,2023-01-06,9659
2454,聯發科,11,1,10,富邦-高雄,2023-01-06,9659
2610,華航,12,3,9,富邦-高雄,2023-01-06,9659
00751B,元大AAA至A公司債,14,5,9,富邦-高雄,2023-01-06,9659
3703,欣陸,10,2,8,富邦-高雄,2023-01-06,9659
5608,四維航,8,0,8,富邦-高雄,2023-01-06,9659
1304,台聚,13,5,8,富邦-高雄,2023-01-06,9659
1529,樂事綠能,18,11,7,富邦-高雄,2023-01-06,9659
00670L,富邦NASDAQ正2,14,7,7,富邦-高雄,2023-01-06,9659
6111,大宇資,9,2,7,富邦-高雄,2023-01-06,9659
00753L,中信中國50正2,9,2,7,富邦-高雄,2023-01-06,9659
00916,國泰全球品牌50,7,0,7,富邦-高雄,2023-01-06,9659
6806,森崴能源,6,0,6,富邦-高雄,2023-01-06,9659
4157,太景*-KY,6,0,6,富邦-高雄,2023-01-06,9659
2363,矽統,6,0,6,富邦-高雄,2023-01-06,9659
00632R,元大台灣50反1,725,271,454,富邦-高雄,2023-01-09,9659
1605,華新,175,58,117,富邦-高雄,2023-01-09,9659
2609,陽明,76,8,68,富邦-高雄,2023-01-09,9659
00683L,期元大美元指正2,69,5,64,富邦-高雄,2023-01-09,9659
2367,燿華,49,0,49,富邦-高雄,2023-01-09,9659
3466,德晉,40,0,40,富邦-高雄,2023-01-09,9659
2014,中鴻,51,13,38,富邦-高雄,2023-01-09,9659
6770,力積電,51,13,38,富邦-高雄,2023-01-09,9659
00715L,期街口布蘭特正2,36,3,33,富邦-高雄,2023-01-09,9659
2603,長榮,65,33,32,富邦-高雄,2023-01-09,9659
00631L,元大台灣50正2,31,0,31,富邦-高雄,2023-01-09,9659
2317,鴻海,36,8,28,富邦-高雄,2023-01-09,9659
6129,普誠,39,13,26,富邦-高雄,2023-01-09,9659
6140,訊達,26,1,25,富邦-高雄,2023-01-09,9659
3704,合勤控,24,3,21,富邦-高雄,2023-01-09,9659
1708,東鹼,22,2,20,富邦-高雄,2023-01-09,9659
3494,誠研,20,0,20,富邦-高雄,2023-01-09,9659
6015,宏遠證,20,0,20,富邦-高雄,2023-01-09,9659
2323,中環,20,0,20,富邦-高雄,2023-01-09,9659
3041,揚智,20,0,20,富邦-高雄,2023-01-09,9659
8046,南電,64,45,19,富邦-高雄,2023-01-09,9659
6235,華孚,22,3,19,富邦-高雄,2023-01-09,9659
6176,瑞儀,18,0,18,富邦-高雄,2023-01-09,9659
3715,定穎投控,18,0,18,富邦-高雄,2023-01-09,9659
6485,點序,25,7,18,富邦-高雄,2023-01-09,9659
00885,富邦越南,20,2,18,富邦-高雄,2023-01-09,9659
2618,長榮航,44,27,17,富邦-高雄,2023-01-09,9659
3141,晶宏,47,31,16,富邦-高雄,2023-01-09,9659
5009,榮剛,15,0,15,富邦-高雄,2023-01-09,9659
4979,華星光,21,6,15,富邦-高雄,2023-01-09,9659
6139,亞翔,19,4,15,富邦-高雄,2023-01-09,9659
00882,中信中國高股息,14,0,14,富邦-高雄,2023-01-09,9659
2748,雲品,13,0,13,富邦-高雄,2023-01-09,9659
2327,國巨,21,9,12,富邦-高雄,2023-01-09,9659
2406,國碩,15,3,12,富邦-高雄,2023-01-09,9659
2352,佳世達,13,1,12,富邦-高雄,2023-01-09,9659
5608,四維航,15,4,11,富邦-高雄,2023-01-09,9659
6133,金橋,21,10,11,富邦-高雄,2023-01-09,9659
3062,建漢,11,0,11,富邦-高雄,2023-01-09,9659
2454,聯發科,12,2,10,富邦-高雄,2023-01-09,9659
2033,佳大,11,1,10,富邦-高雄,2023-01-09,9659
1409,新纖,10,0,10,富邦-高雄,2023-01-09,9659
3230,錦明,10,0,10,富邦-高雄,2023-01-09,9659
3710,連展投控,10,0,10,富邦-高雄,2023-01-09,9659
8422,可寧衛,10,0,10,富邦-高雄,2023-01-09,9659
2605,新興,12,2,10,富邦-高雄,2023-01-09,9659
3038,全台,10,0,10,富邦-高雄,2023-01-09,9659
4545,銘鈺,10,0,10,富邦-高雄,2023-01-09,9659
1414,東和,10,0,10,富邦-高雄,2023-01-09,9659
4906,正文,10,0,10,富邦-高雄,2023-01-09,9659
2881,富邦金,309,6,303,富邦-高雄,2023-01-10,9659
00632R,元大台灣50反1,81,2,79,富邦-高雄,2023-01-10,9659
6443,元晶,74,40,34,富邦-高雄,2023-01-10,9659
5351,鈺創,37,7,30,富邦-高雄,2023-01-10,9659
8938,明安,30,0,30,富邦-高雄,2023-01-10,9659
00885,富邦越南,34,8,26,富邦-高雄,2023-01-10,9659
6485,點序,25,0,25,富邦-高雄,2023-01-10,9659
1605,華新,87,63,24,富邦-高雄,2023-01-10,9659
00683L,期元大美元指正2,21,0,21,富邦-高雄,2023-01-10,9659
2028,威致,21,0,21,富邦-高雄,2023-01-10,9659
2618,長榮航,179,158,21,富邦-高雄,2023-01-10,9659
3481,群創,54,34,20,富邦-高雄,2023-01-10,9659
5009,榮剛,21,1,20,富邦-高雄,2023-01-10,9659
2845,遠東銀,20,1,19,富邦-高雄,2023-01-10,9659
6245,立端,21,2,19,富邦-高雄,2023-01-10,9659
00715L,期街口布蘭特正2,17,0,17,富邦-高雄,2023-01-10,9659
1736,喬山,17,0,17,富邦-高雄,2023-01-10,9659
9962,有益,27,11,16,富邦-高雄,2023-01-10,9659
00706L,期元大S＆P日圓正2,15,0,15,富邦-高雄,2023-01-10,9659
6789,采鈺,14,0,14,富邦-高雄,2023-01-10,9659
3661,世芯-KY,15,1,14,富邦-高雄,2023-01-10,9659
2606,裕民,15,2,13,富邦-高雄,2023-01-10,9659
2882,國泰金,17,5,12,富邦-高雄,2023-01-10,9659
00772B,中信高評級公司債,12,0,12,富邦-高雄,2023-01-10,9659
1701,中化,13,1,12,富邦-高雄,2023-01-10,9659
1313,聯成,12,0,12,富邦-高雄,2023-01-10,9659
1326,台化,12,0,12,富邦-高雄,2023-01-10,9659
2454,聯發科,30,19,11,富邦-高雄,2023-01-10,9659
3494,誠研,11,0,11,富邦-高雄,2023-01-10,9659
8420,明揚,11,0,11,富邦-高雄,2023-01-10,9659
8440,綠電,13,2,11,富邦-高雄,2023-01-10,9659
2884,玉山金,12,1,11,富邦-高雄,2023-01-10,9659
6285,啟��,10,0,10,富邦-高雄,2023-01-10,9659
4167,松瑞藥,11,1,10,富邦-高雄,2023-01-10,9659
6451,訊芯-KY,11,1,10,富邦-高雄,2023-01-10,9659
1517,利奇,10,0,10,富邦-高雄,2023-01-10,9659
2867,三商壽,40,30,10,富邦-高雄,2023-01-10,9659
6282,康舒,11,1,10,富邦-高雄,2023-01-10,9659
00720B,元大投資級公司債,10,1,9,富邦-高雄,2023-01-10,9659
3515,華擎,9,0,9,富邦-高雄,2023-01-10,9659
2615,萬海,45,37,8,富邦-高雄,2023-01-10,9659
2313,華通,8,0,8,富邦-高雄,2023-01-10,9659
2413,環科,12,4,8,富邦-高雄,2023-01-10,9659
6176,瑞儀,8,0,8,富邦-高雄,2023-01-10,9659
9941,裕融,7,0,7,富邦-高雄,2023-01-10,9659
2351,順德,9,2,7,富邦-高雄,2023-01-10,9659
00891,中信關鍵半導體,18,11,7,富邦-高雄,2023-01-10,9659
4545,銘鈺,7,0,7,富邦-高雄,2023-01-10,9659
2637,慧洋-KY,7,0,7,富邦-高雄,2023-01-10,9659
2201,裕隆,45,38,7,富邦-高雄,2023-01-10,9659
3481,群創,207,17,190,富邦-高雄,2023-01-11,9659
1304,台聚,77,8,69,富邦-高雄,2023-01-11,9659
2897,王道銀行,88,25,63,富邦-高雄,2023-01-11,9659
00632R,元大台灣50反1,58,0,58,富邦-高雄,2023-01-11,9659
2801,彰銀,52,0,52,富邦-高雄,2023-01-11,9659
8046,南電,95,44,51,富邦-高雄,2023-01-11,9659
2888,新光金,50,3,47,富邦-高雄,2023-01-11,9659
3045,台灣大,37,0,37,富邦-高雄,2023-01-11,9659
3704,合勤控,40,5,35,富邦-高雄,2023-01-11,9659
2812,台中銀,34,0,34,富邦-高雄,2023-01-11,9659
2032,新鋼,32,0,32,富邦-高雄,2023-01-11,9659
5263,智崴,30,0,30,富邦-高雄,2023-01-11,9659
2002,中鋼,35,6,29,富邦-高雄,2023-01-11,9659
00679B,元大美債20年,24,0,24,富邦-高雄,2023-01-11,9659
2610,華航,60,37,23,富邦-高雄,2023-01-11,9659
3714,富采,29,8,21,富邦-高雄,2023-01-11,9659
1313,聯成,20,0,20,富邦-高雄,2023-01-11,9659
6188,廣明,21,3,18,富邦-高雄,2023-01-11,9659
8926,台汽電,20,2,18,富邦-高雄,2023-01-11,9659
1101B,台泥乙特,17,0,17,富邦-高雄,2023-01-11,9659
00773B,中信優先金融債,16,0,16,富邦-高雄,2023-01-11,9659
2834,臺企銀,32,16,16,富邦-高雄,2023-01-11,9659
6147,頎邦,19,4,15,富邦-高雄,2023-01-11,9659
2884,玉山金,14,0,14,富邦-高雄,2023-01-11,9659
9941,裕融,15,1,14,富邦-高雄,2023-01-11,9659
2883B,凱基金乙特,13,0,13,富邦-高雄,2023-01-11,9659
6281,全國電,12,0,12,富邦-高雄,2023-01-11,9659
2383,台光電,14,3,11,富邦-高雄,2023-01-11,9659
3705,永信,11,0,11,富邦-高雄,2023-01-11,9659
2312,金寶,11,0,11,富邦-高雄,2023-01-11,9659
3580,友威科,11,0,11,富邦-高雄,2023-01-11,9659
1325,恆大,11,0,11,富邦-高雄,2023-01-11,9659
2413,環科,15,4,11,富邦-高雄,2023-01-11,9659
6706,惠特,10,0,10,富邦-高雄,2023-01-11,9659
6416,瑞祺電通,10,0,10,富邦-高雄,2023-01-11,9659
00680L,元大美債20正2,20,10,10,富邦-高雄,2023-01-11,9659
2867,三商壽,10,0,10,富邦-高雄,2023-01-11,9659
3141,晶宏,16,6,10,富邦-高雄,2023-01-11,9659
4306,炎洲,10,0,10,富邦-高雄,2023-01-11,9659
2022,聚亨,10,0,10,富邦-高雄,2023-01-11,9659
00882,中信中國高股息,10,0,10,富邦-高雄,2023-01-11,9659
4979,華星光,25,15,10,富邦-高雄,2023-01-11,9659
6533,晶心科,16,7,9,富邦-高雄,2023-01-11,9659
00905,FT臺灣Smart,13,4,9,富邦-高雄,2023-01-11,9659
3494,誠研,9,0,9,富邦-高雄,2023-01-11,9659
8933,愛地雅,10,1,9,富邦-高雄,2023-01-11,9659
2892,第一金,9,0,9,富邦-高雄,2023-01-11,9659
3289,宜特,16,8,8,富邦-高雄,2023-01-11,9659
00715L,期街口布蘭特正2,7,0,7,富邦-高雄,2023-01-11,9659
2609,陽明,66,60,6,富邦-高雄,2023-01-11,9659
2618,長榮航,107,5,102,富邦-高雄,2023-01-12,9659
00900,富邦特選高股息30,97,2,95,富邦-高雄,2023-01-12,9659
00882,中信中國高股息,96,3,93,富邦-高雄,2023-01-12,9659
1605,華新,114,45,69,富邦-高雄,2023-01-12,9659
3481,群創,63,4,59,富邦-高雄,2023-01-12,9659
00878,國泰永續高股息,64,12,52,富邦-高雄,2023-01-12,9659
00712,復華富時不動產,50,1,49,富邦-高雄,2023-01-12,9659
0056,元大高股息,42,7,35,富邦-高雄,2023-01-12,9659
2014,中鴻,79,46,33,富邦-高雄,2023-01-12,9659
1313,聯成,30,2,28,富邦-高雄,2023-01-12,9659
00891,中信關鍵半導體,25,0,25,富邦-高雄,2023-01-12,9659
2327,國巨,24,1,23,富邦-高雄,2023-01-12,9659
2610,華航,37,14,23,富邦-高雄,2023-01-12,9659
3272,東碩,21,0,21,富邦-高雄,2023-01-12,9659
4746,台耀,22,1,21,富邦-高雄,2023-01-12,9659
2607,榮運,21,0,21,富邦-高雄,2023-01-12,9659
3419,譁裕,22,1,21,富邦-高雄,2023-01-12,9659
2412,中華電,20,0,20,富邦-高雄,2023-01-12,9659
00680L,元大美債20正2,20,0,20,富邦-高雄,2023-01-12,9659
00669R,國泰美國道瓊反1,20,0,20,富邦-高雄,2023-01-12,9659
00713,元大台灣高息低波,19,0,19,富邦-高雄,2023-01-12,9659
6789,采鈺,22,5,17,富邦-高雄,2023-01-12,9659
2358,廷鑫,35,19,16,富邦-高雄,2023-01-12,9659
00679B,元大美債20年,18,2,16,富邦-高雄,2023-01-12,9659
2603,長榮,37,21,16,富邦-高雄,2023-01-12,9659
3661,世芯-KY,19,4,15,富邦-高雄,2023-01-12,9659
2637,慧洋-KY,16,1,15,富邦-高雄,2023-01-12,9659
4157,太景*-KY,15,0,15,富邦-高雄,2023-01-12,9659
2317,鴻海,19,4,15,富邦-高雄,2023-01-12,9659
4128,中天,14,0,14,富邦-高雄,2023-01-12,9659
6456,GIS-KY,14,0,14,富邦-高雄,2023-01-12,9659
3037,欣興,21,7,14,富邦-高雄,2023-01-12,9659
1443,立益物流,13,0,13,富邦-高雄,2023-01-12,9659
00885,富邦越南,13,1,12,富邦-高雄,2023-01-12,9659
00740B,富邦全球投等債,12,0,12,富邦-高雄,2023-01-12,9659
1720,生達,12,0,12,富邦-高雄,2023-01-12,9659
00673R,期元大S＆P原油反1,32,20,12,富邦-高雄,2023-01-12,9659
1810,和成,12,0,12,富邦-高雄,2023-01-12,9659
6443,元晶,37,25,12,富邦-高雄,2023-01-12,9659
1513,中興電,13,1,12,富邦-高雄,2023-01-12,9659
2009,第一銅,57,46,11,富邦-高雄,2023-01-12,9659
6139,亞翔,11,1,10,富邦-高雄,2023-01-12,9659
4968,立積,13,3,10,富邦-高雄,2023-01-12,9659
2633,台灣高鐵,9,0,9,富邦-高雄,2023-01-12,9659
3580,友威科,9,0,9,富邦-高雄,2023-01-12,9659
2406,國碩,9,0,9,富邦-高雄,2023-01-12,9659
2727,王品,11,2,9,富邦-高雄,2023-01-12,9659
4743,合一,19,10,9,富邦-高雄,2023-01-12,9659
00637L,元大滬深300正2,10,2,8,富邦-高雄,2023-01-12,9659
2201,裕隆,10,3,7,富邦-高雄,2023-01-12,9659
00632R,元大台灣50反1,218,3,215,富邦-高雄,2023-01-13,9659
00683L,期元大美元指正2,115,0,115,富邦-高雄,2023-01-13,9659
00878,國泰永續高股息,105,3,102,富邦-高雄,2023-01-13,9659
5351,鈺創,72,6,66,富邦-高雄,2023-01-13,9659
00680L,元大美債20正2,60,0,60,富邦-高雄,2023-01-13,9659
1443,立益物流,54,0,54,富邦-高雄,2023-01-13,9659
3037,欣興,66,20,46,富邦-高雄,2023-01-13,9659
6443,元晶,38,5,33,富邦-高雄,2023-01-13,9659
2867,三商壽,51,19,32,富邦-高雄,2023-01-13,9659
2890,永豐金,30,0,30,富邦-高雄,2023-01-13,9659
4968,立積,31,2,29,富邦-高雄,2023-01-13,9659
2498,宏達電,49,24,25,富邦-高雄,2023-01-13,9659
1605,華新,64,43,21,富邦-高雄,2023-01-13,9659
6245,立端,40,20,20,富邦-高雄,2023-01-13,9659
4702,中美實,20,0,20,富邦-高雄,2023-01-13,9659
2317,鴻海,25,6,19,富邦-高雄,2023-01-13,9659
2880,華南金,17,0,17,富邦-高雄,2023-01-13,9659
00673R,期元大S＆P原油反1,17,0,17,富邦-高雄,2023-01-13,9659
6589,台康生技,14,0,14,富邦-高雄,2023-01-13,9659
3128,昇銳,20,6,14,富邦-高雄,2023-01-13,9659
00679B,元大美債20年,17,3,14,富邦-高雄,2023-01-13,9659
00669R,國泰美國道瓊反1,13,0,13,富邦-高雄,2023-01-13,9659
5519,隆大,15,2,13,富邦-高雄,2023-01-13,9659
2603,長榮,19,6,13,富邦-高雄,2023-01-13,9659
00900,富邦特選高股息30,14,2,12,富邦-高雄,2023-01-13,9659
00921,兆豐龍頭等權重,12,0,12,富邦-高雄,2023-01-13,9659
5347,世界,20,9,11,富邦-高雄,2023-01-13,9659
2891,中信金,13,3,10,富邦-高雄,2023-01-13,9659
8050,廣積,14,4,10,富邦-高雄,2023-01-13,9659
2401,凌陽,10,0,10,富邦-高雄,2023-01-13,9659
2358,廷鑫,43,33,10,富邦-高雄,2023-01-13,9659
6188,廣明,19,10,9,富邦-高雄,2023-01-13,9659
1513,中興電,19,10,9,富邦-高雄,2023-01-13,9659
0056,元大高股息,21,13,8,富邦-高雄,2023-01-13,9659
1305,華夏,8,0,8,富邦-高雄,2023-01-13,9659
00720B,元大投資級公司債,8,0,8,富邦-高雄,2023-01-13,9659
1611,中電,8,0,8,富邦-高雄,2023-01-13,9659
2481,強茂,8,0,8,富邦-高雄,2023-01-13,9659
3704,合勤控,40,33,7,富邦-高雄,2023-01-13,9659
6274,台燿,8,1,7,富邦-高雄,2023-01-13,9659
2409,友達,11,5,6,富邦-高雄,2023-01-13,9659
6111,大宇資,6,0,6,富邦-高雄,2023-01-13,9659
6154,順發,6,0,6,富邦-高雄,2023-01-13,9659
4915,致伸,6,0,6,富邦-高雄,2023-01-13,9659
00670L,富邦NASDAQ正2,6,0,6,富邦-高雄,2023-01-13,9659
6508,惠光,6,0,6,富邦-高雄,2023-01-13,9659
3454,晶睿,26,20,6,富邦-高雄,2023-01-13,9659
2912,統一超,6,0,6,富邦-高雄,2023-01-13,9659
2883,凱基金,6,1,5,富邦-高雄,2023-01-13,9659
2610,華航,13,8,5,富邦-高雄,2023-01-13,9659
00893,國泰智能電動車,160,20,140,富邦-高雄,2023-01-16,9659
00882,中信中國高股息,82,4,78,富邦-高雄,2023-01-16,9659
2605,新興,69,0,69,富邦-高雄,2023-01-16,9659
3675,德微,53,6,47,富邦-高雄,2023-01-16,9659
1443,立益物流,48,3,45,富邦-高雄,2023-01-16,9659
2482,連宇,46,4,42,富邦-高雄,2023-01-16,9659
2883,凱基金,38,4,34,富邦-高雄,2023-01-16,9659
2897,王道銀行,32,0,32,富邦-高雄,2023-01-16,9659
2014,中鴻,70,44,26,富邦-高雄,2023-01-16,9659
00720B,元大投資級公司債,25,0,25,富邦-高雄,2023-01-16,9659
00885,富邦越南,29,5,24,富邦-高雄,2023-01-16,9659
5508,永信建,20,0,20,富邦-高雄,2023-01-16,9659
4943,康控-KY,20,0,20,富邦-高雄,2023-01-16,9659
6188,廣明,20,1,19,富邦-高雄,2023-01-16,9659
00751B,元大AAA至A公司債,18,0,18,富邦-高雄,2023-01-16,9659
2882,國泰金,20,2,18,富邦-高雄,2023-01-16,9659
1321,大洋,17,0,17,富邦-高雄,2023-01-16,9659
912000,晨訊科-DR,20,4,16,富邦-高雄,2023-01-16,9659
1308,亞聚,16,0,16,富邦-高雄,2023-01-16,9659
1440,南紡,15,0,15,富邦-高雄,2023-01-16,9659
00900,富邦特選高股息30,18,3,15,富邦-高雄,2023-01-16,9659
6770,力積電,47,33,14,富邦-高雄,2023-01-16,9659
00632R,元大台灣50反1,68,55,13,富邦-高雄,2023-01-16,9659
4743,合一,18,5,13,富邦-高雄,2023-01-16,9659
2317,鴻海,26,13,13,富邦-高雄,2023-01-16,9659
2614,東森,11,0,11,富邦-高雄,2023-01-16,9659
1605,華新,26,15,11,富邦-高雄,2023-01-16,9659
1909,榮成,11,0,11,富邦-高雄,2023-01-16,9659
2426,鼎元,10,0,10,富邦-高雄,2023-01-16,9659
8086,宏捷科,12,2,10,富邦-高雄,2023-01-16,9659
2405,輔信,10,0,10,富邦-高雄,2023-01-16,9659
6492,生華科,10,0,10,富邦-高雄,2023-01-16,9659
4130,健亞,10,1,9,富邦-高雄,2023-01-16,9659
4113,聯上,10,2,8,富邦-高雄,2023-01-16,9659
3059,華晶科,8,0,8,富邦-高雄,2023-01-16,9659
2637,慧洋-KY,7,0,7,富邦-高雄,2023-01-16,9659
8183,精星,7,0,7,富邦-高雄,2023-01-16,9659
6180,橘子,16,9,7,富邦-高雄,2023-01-16,9659
8039,台虹,7,0,7,富邦-高雄,2023-01-16,9659
00770,國泰北美科技,23,16,7,富邦-高雄,2023-01-16,9659
8155,博智,9,2,7,富邦-高雄,2023-01-16,9659
2015,豐興,6,0,6,富邦-高雄,2023-01-16,9659
6234,高僑,6,0,6,富邦-高雄,2023-01-16,9659
2641,正德,6,0,6,富邦-高雄,2023-01-16,9659
6649,台生材,6,0,6,富邦-高雄,2023-01-16,9659
00878,國泰永續高股息,33,28,5,富邦-高雄,2023-01-16,9659
6443,元晶,13,8,5,富邦-高雄,2023-01-16,9659
00639,富邦深100,5,0,5,富邦-高雄,2023-01-16,9659
3013,晟銘電,11,6,5,富邦-高雄,2023-01-16,9659
1722,台肥,6,1,5,富邦-高雄,2023-01-16,9659
00632R,元大台灣50反1,2605,107,2498,富邦-高雄,2023-01-17,9659
00665L,富邦�琤肭磪囓�2,156,1,155,富邦-高雄,2023-01-17,9659
00650L,復華香港正2,105,0,105,富邦-高雄,2023-01-17,9659
00919,群益台灣精選高息,100,2,98,富邦-高雄,2023-01-17,9659
00637L,元大滬深300正2,170,78,92,富邦-高雄,2023-01-17,9659
00770,國泰北美科技,61,10,51,富邦-高雄,2023-01-17,9659
3105,穩懋,105,57,48,富邦-高雄,2023-01-17,9659
5347,世界,50,2,48,富邦-高雄,2023-01-17,9659
00905,FT臺灣Smart,46,0,46,富邦-高雄,2023-01-17,9659
00882,中信中國高股息,45,0,45,富邦-高雄,2023-01-17,9659
2618,長榮航,51,6,45,富邦-高雄,2023-01-17,9659
00878,國泰永續高股息,74,30,44,富邦-高雄,2023-01-17,9659
2327,國巨,33,3,30,富邦-高雄,2023-01-17,9659
2637,慧洋-KY,31,1,30,富邦-高雄,2023-01-17,9659
3682,亞太電,30,0,30,富邦-高雄,2023-01-17,9659
2880,華南金,27,0,27,富邦-高雄,2023-01-17,9659
00682U,期元大美元指數,26,0,26,富邦-高雄,2023-01-17,9659
2201,裕隆,166,141,25,富邦-高雄,2023-01-17,9659
1514,亞力,30,5,25,富邦-高雄,2023-01-17,9659
00673R,期元大S＆P原油反1,25,0,25,富邦-高雄,2023-01-17,9659
00888,永豐台灣ESG,38,14,24,富邦-高雄,2023-01-17,9659
8069,元太,26,4,22,富邦-高雄,2023-01-17,9659
1710,東聯,22,1,21,富邦-高雄,2023-01-17,9659
1229,聯華,21,0,21,富邦-高雄,2023-01-17,9659
2884,玉山金,20,0,20,富邦-高雄,2023-01-17,9659
2347,聯強,20,0,20,富邦-高雄,2023-01-17,9659
8150,南茂,20,0,20,富邦-高雄,2023-01-17,9659
6180,橘子,24,8,16,富邦-高雄,2023-01-17,9659
4119,旭富,15,0,15,富邦-高雄,2023-01-17,9659
3481,群創,36,21,15,富邦-高雄,2023-01-17,9659
1313,聯成,24,10,14,富邦-高雄,2023-01-17,9659
5465,富驊,13,0,13,富邦-高雄,2023-01-17,9659
2882,國泰金,20,8,12,富邦-高雄,2023-01-17,9659
9955,佳龍,11,0,11,富邦-高雄,2023-01-17,9659
2404,漢唐,11,0,11,富邦-高雄,2023-01-17,9659
00639,富邦深100,13,2,11,富邦-高雄,2023-01-17,9659
2408,南亞科,21,10,11,富邦-高雄,2023-01-17,9659
8039,台虹,10,0,10,富邦-高雄,2023-01-17,9659
4924,欣厚-KY,10,0,10,富邦-高雄,2023-01-17,9659
3176,基亞,10,0,10,富邦-高雄,2023-01-17,9659
1809,中釉,9,0,9,富邦-高雄,2023-01-17,9659
1101,台泥,15,6,9,富邦-高雄,2023-01-17,9659
00885,富邦越南,7,0,7,富邦-高雄,2023-01-17,9659
8044,網家,8,1,7,富邦-高雄,2023-01-17,9659
6177,達麗,7,0,7,富邦-高雄,2023-01-17,9659
5351,鈺創,16,9,7,富邦-高雄,2023-01-17,9659
2615,萬海,13,7,6,富邦-高雄,2023-01-17,9659
3037,欣興,7,1,6,富邦-高雄,2023-01-17,9659
1443,立益物流,6,0,6,富邦-高雄,2023-01-17,9659
00753L,中信中國50正2,7,1,6,富邦-高雄,2023-01-17,9659
00632R,元大台灣50反1,422,169,253,富邦-高雄,2023-01-30,9659
00753L,中信中國50正2,241,6,235,富邦-高雄,2023-01-30,9659
00637L,元大滬深300正2,242,15,227,富邦-高雄,2023-01-30,9659
2034,允強,104,0,104,富邦-高雄,2023-01-30,9659
2317,鴻海,83,11,72,富邦-高雄,2023-01-30,9659
00878,國泰永續高股息,100,29,71,富邦-高雄,2023-01-30,9659
00673R,期元大S＆P原油反1,70,0,70,富邦-高雄,2023-01-30,9659
00683L,期元大美元指正2,65,0,65,富邦-高雄,2023-01-30,9659
5388,中磊,62,1,61,富邦-高雄,2023-01-30,9659
1708,東鹼,57,2,55,富邦-高雄,2023-01-30,9659
2883,凱基金,44,4,40,富邦-高雄,2023-01-30,9659
5351,鈺創,42,4,38,富邦-高雄,2023-01-30,9659
8050,廣積,38,1,37,富邦-高雄,2023-01-30,9659
00882,中信中國高股息,35,3,32,富邦-高雄,2023-01-30,9659
3708,上緯投控,35,4,31,富邦-高雄,2023-01-30,9659
2892,第一金,31,2,29,富邦-高雄,2023-01-30,9659
3682,亞太電,31,2,29,富邦-高雄,2023-01-30,9659
4155,訊映,28,0,28,富邦-高雄,2023-01-30,9659
2618,長榮航,39,12,27,富邦-高雄,2023-01-30,9659
3228,金麗科,25,1,24,富邦-高雄,2023-01-30,9659
2609,陽明,41,21,20,富邦-高雄,2023-01-30,9659
00669R,國泰美國道瓊反1,20,0,20,富邦-高雄,2023-01-30,9659
3706,神達,20,0,20,富邦-高雄,2023-01-30,9659
4147,中裕,21,2,19,富邦-高雄,2023-01-30,9659
00665L,富邦�琤肭磪囓�2,20,1,19,富邦-高雄,2023-01-30,9659
6547,高端疫苗,21,3,18,富邦-高雄,2023-01-30,9659
5258,虹堡,18,1,17,富邦-高雄,2023-01-30,9659
2890,永豐金,52,37,15,富邦-高雄,2023-01-30,9659
2845,遠東銀,15,0,15,富邦-高雄,2023-01-30,9659
2743,山富,15,0,15,富邦-高雄,2023-01-30,9659
00679B,元大美債20年,13,0,13,富邦-高雄,2023-01-30,9659
9907,統一實,13,0,13,富邦-高雄,2023-01-30,9659
6509,聚和,14,1,13,富邦-高雄,2023-01-30,9659
2454,聯發科,22,9,13,富邦-高雄,2023-01-30,9659
9910,豐泰,21,9,12,富邦-高雄,2023-01-30,9659
2449,京元電子,12,0,12,富邦-高雄,2023-01-30,9659
6788,華景電,13,1,12,富邦-高雄,2023-01-30,9659
1216,統一,12,1,11,富邦-高雄,2023-01-30,9659
3374,精材,19,8,11,富邦-高雄,2023-01-30,9659
2482,連宇,20,9,11,富邦-高雄,2023-01-30,9659
3312,弘憶股,10,0,10,富邦-高雄,2023-01-30,9659
9942,茂順,10,0,10,富邦-高雄,2023-01-30,9659
00653L,富邦印度正2,10,0,10,富邦-高雄,2023-01-30,9659
6244,茂迪,10,0,10,富邦-高雄,2023-01-30,9659
2884,玉山金,21,12,9,富邦-高雄,2023-01-30,9659
8996,高力,25,16,9,富邦-高雄,2023-01-30,9659
5519,隆大,10,1,9,富邦-高雄,2023-01-30,9659
00720B,元大投資級公司債,10,2,8,富邦-高雄,2023-01-30,9659
5289,宜鼎,10,2,8,富邦-高雄,2023-01-30,9659
00905,FT臺灣Smart,12,4,8,富邦-高雄,2023-01-30,9659
1314,中石化,167,2,165,富邦-高雄,2023-01-31,9659
2609,陽明,143,18,125,富邦-高雄,2023-01-31,9659
00905,FT臺灣Smart,122,7,115,富邦-高雄,2023-01-31,9659
00878,國泰永續高股息,129,20,109,富邦-高雄,2023-01-31,9659
1445,大宇,105,0,105,富邦-高雄,2023-01-31,9659
2812,台中銀,104,0,104,富邦-高雄,2023-01-31,9659
00895,富邦未來車,110,17,93,富邦-高雄,2023-01-31,9659
00893,國泰智能電動車,125,53,72,富邦-高雄,2023-01-31,9659
2892,第一金,74,2,72,富邦-高雄,2023-01-31,9659
3207,耀勝,64,1,63,富邦-高雄,2023-01-31,9659
2330,台積電,69,10,59,富邦-高雄,2023-01-31,9659
2358,廷鑫,119,64,55,富邦-高雄,2023-01-31,9659
4743,合一,82,34,48,富邦-高雄,2023-01-31,9659
00665L,富邦�琤肭磪囓�2,47,0,47,富邦-高雄,2023-01-31,9659
2449,京元電子,45,0,45,富邦-高雄,2023-01-31,9659
2201,裕隆,103,60,43,富邦-高雄,2023-01-31,9659
1722,台肥,39,1,38,富邦-高雄,2023-01-31,9659
1101,台泥,43,6,37,富邦-高雄,2023-01-31,9659
3675,德微,42,7,35,富邦-高雄,2023-01-31,9659
00637L,元大滬深300正2,67,35,32,富邦-高雄,2023-01-31,9659
3406,玉晶光,30,2,28,富邦-高雄,2023-01-31,9659
00673R,期元大S＆P原油反1,28,0,28,富邦-高雄,2023-01-31,9659
2412,中華電,28,0,28,富邦-高雄,2023-01-31,9659
00753L,中信中國50正2,41,15,26,富邦-高雄,2023-01-31,9659
2891,中信金,21,0,21,富邦-高雄,2023-01-31,9659
8171,天宇,26,6,20,富邦-高雄,2023-01-31,9659
6191,精成科,18,0,18,富邦-高雄,2023-01-31,9659
2884,玉山金,26,9,17,富邦-高雄,2023-01-31,9659
00882,中信中國高股息,27,10,17,富邦-高雄,2023-01-31,9659
5285,界霖,19,2,17,富邦-高雄,2023-01-31,9659
4924,欣厚-KY,17,0,17,富邦-高雄,2023-01-31,9659
00712,復華富時不動產,17,0,17,富邦-高雄,2023-01-31,9659
00683L,期元大美元指正2,15,0,15,富邦-高雄,2023-01-31,9659
1701,中化,19,5,14,富邦-高雄,2023-01-31,9659
1809,中釉,13,0,13,富邦-高雄,2023-01-31,9659
2305,全友,12,0,12,富邦-高雄,2023-01-31,9659
1326,台化,12,0,12,富邦-高雄,2023-01-31,9659
4164,承業醫,20,8,12,富邦-高雄,2023-01-31,9659
5347,世界,18,6,12,富邦-高雄,2023-01-31,9659
6024,群益期,12,0,12,富邦-高雄,2023-01-31,9659
00720B,元大投資級公司債,11,0,11,富邦-高雄,2023-01-31,9659
00892,富邦台灣半導體,12,1,11,富邦-高雄,2023-01-31,9659
00710B,復華彭博非投等債,10,0,10,富邦-高雄,2023-01-31,9659
3466,德晉,10,0,10,富邦-高雄,2023-01-31,9659
5607,遠雄港,10,0,10,富邦-高雄,2023-01-31,9659
9910,豐泰,15,5,10,富邦-高雄,2023-01-31,9659
3661,世芯-KY,14,5,9,富邦-高雄,2023-01-31,9659
4702,中美實,9,0,9,富邦-高雄,2023-01-31,9659
00752,中信中國50,10,1,9,富邦-高雄,2023-01-31,9659
3592,瑞鼎,14,5,9,富邦-高雄,2023-01-31,9659
00632R,元大台灣50反1,378,2,376,富邦-高雄,2023-02-01,9659
00671R,富邦NASDAQ反1,300,0,300,富邦-高雄,2023-02-01,9659
2027,大成鋼,125,25,100,富邦-高雄,2023-02-01,9659
00885,富邦越南,86,3,83,富邦-高雄,2023-02-01,9659
2313,華通,106,26,80,富邦-高雄,2023-02-01,9659
00905,FT臺灣Smart,77,0,77,富邦-高雄,2023-02-01,9659
2890,永豐金,79,5,74,富邦-高雄,2023-02-01,9659
1524,耿鼎,113,41,72,富邦-高雄,2023-02-01,9659
00878,國泰永續高股息,74,4,70,富邦-高雄,2023-02-01,9659
00637L,元大滬深300正2,98,40,58,富邦-高雄,2023-02-01,9659
6274,台燿,121,64,57,富邦-高雄,2023-02-01,9659
2867,三商壽,57,3,54,富邦-高雄,2023-02-01,9659
2609,陽明,108,56,52,富邦-高雄,2023-02-01,9659
2104,國際中橡,47,0,47,富邦-高雄,2023-02-01,9659
2009,第一銅,146,100,46,富邦-高雄,2023-02-01,9659
2881,富邦金,40,2,38,富邦-高雄,2023-02-01,9659
8069,元太,75,40,35,富邦-高雄,2023-02-01,9659
2605,新興,35,1,34,富邦-高雄,2023-02-01,9659
2886,兆豐金,31,3,28,富邦-高雄,2023-02-01,9659
00683L,期元大美元指正2,26,0,26,富邦-高雄,2023-02-01,9659
6770,力積電,31,5,26,富邦-高雄,2023-02-01,9659
1216,統一,25,0,25,富邦-高雄,2023-02-01,9659
1810,和成,65,41,24,富邦-高雄,2023-02-01,9659
2607,榮運,22,0,22,富邦-高雄,2023-02-01,9659
6435,大中,22,0,22,富邦-高雄,2023-02-01,9659
00631L,元大台灣50正2,21,0,21,富邦-高雄,2023-02-01,9659
4162,智擎,21,1,20,富邦-高雄,2023-02-01,9659
3037,欣興,49,29,20,富邦-高雄,2023-02-01,9659
2913,農林,20,0,20,富邦-高雄,2023-02-01,9659
2352,佳世達,20,0,20,富邦-高雄,2023-02-01,9659
5347,世界,20,0,20,富邦-高雄,2023-02-01,9659
2887,台新金,23,6,17,富邦-高雄,2023-02-01,9659
2406,國碩,20,3,17,富邦-高雄,2023-02-01,9659
1440,南紡,15,0,15,富邦-高雄,2023-02-01,9659
6505,台塑化,16,2,14,富邦-高雄,2023-02-01,9659
2888,新光金,16,2,14,富邦-高雄,2023-02-01,9659
2412,中華電,16,2,14,富邦-高雄,2023-02-01,9659
6133,金橋,13,0,13,富邦-高雄,2023-02-01,9659
5351,鈺創,22,9,13,富邦-高雄,2023-02-01,9659
2603,長榮,28,15,13,富邦-高雄,2023-02-01,9659
2891,中信金,14,2,12,富邦-高雄,2023-02-01,9659
1301,台塑,12,0,12,富邦-高雄,2023-02-01,9659
6196,帆宣,15,3,12,富邦-高雄,2023-02-01,9659
1612,宏泰,15,3,12,富邦-高雄,2023-02-01,9659
8358,金居,26,14,12,富邦-高雄,2023-02-01,9659
9904,寶成,12,0,12,富邦-高雄,2023-02-01,9659
6689,伊雲谷,12,1,11,富邦-高雄,2023-02-01,9659
2637,慧洋-KY,24,13,11,富邦-高雄,2023-02-01,9659
2329,華泰,12,1,11,富邦-高雄,2023-02-01,9659
1513,中興電,21,10,11,富邦-高雄,2023-02-01,9659
00632R,元大台灣50反1,583,103,480,富邦-高雄,2023-02-02,9659
2867,三商壽,185,35,150,富邦-高雄,2023-02-02,9659
1524,耿鼎,135,4,131,富邦-高雄,2023-02-02,9659
5351,鈺創,133,22,111,富邦-高雄,2023-02-02,9659
00885,富邦越南,107,4,103,富邦-高雄,2023-02-02,9659
6116,彩晶,158,60,98,富邦-高雄,2023-02-02,9659
2329,華泰,91,6,85,富邦-高雄,2023-02-02,9659
00637L,元大滬深300正2,80,0,80,富邦-高雄,2023-02-02,9659
2317,鴻海,71,6,65,富邦-高雄,2023-02-02,9659
00878,國泰永續高股息,77,16,61,富邦-高雄,2023-02-02,9659
8277,商丞,56,1,55,富邦-高雄,2023-02-02,9659
2367,燿華,59,4,55,富邦-高雄,2023-02-02,9659
1605,華新,84,29,55,富邦-高雄,2023-02-02,9659
4114,健喬,61,8,53,富邦-高雄,2023-02-02,9659
2618,長榮航,69,22,47,富邦-高雄,2023-02-02,9659
00715L,期街口布蘭特正2,51,4,47,富邦-高雄,2023-02-02,9659
4527,方土霖,47,0,47,富邦-高雄,2023-02-02,9659
8261,富鼎,45,11,34,富邦-高雄,2023-02-02,9659
1314,中石化,35,3,32,富邦-高雄,2023-02-02,9659
2201,裕隆,76,46,30,富邦-高雄,2023-02-02,9659
1305,華夏,29,1,28,富邦-高雄,2023-02-02,9659
2603,長榮,56,28,28,富邦-高雄,2023-02-02,9659
2358,廷鑫,29,2,27,富邦-高雄,2023-02-02,9659
2352,佳世達,30,4,26,富邦-高雄,2023-02-02,9659
2009,第一銅,34,8,26,富邦-高雄,2023-02-02,9659
2723,美食-KY,25,0,25,富邦-高雄,2023-02-02,9659
8033,雷虎,34,10,24,富邦-高雄,2023-02-02,9659
2402,毅嘉,25,2,23,富邦-高雄,2023-02-02,9659
4977,眾達-KY,23,1,22,富邦-高雄,2023-02-02,9659
00905,FT臺灣Smart,22,0,22,富邦-高雄,2023-02-02,9659
9955,佳龍,20,0,20,富邦-高雄,2023-02-02,9659
4746,台耀,20,0,20,富邦-高雄,2023-02-02,9659
2015,豐興,20,0,20,富邦-高雄,2023-02-02,9659
2884,玉山金,22,2,20,富邦-高雄,2023-02-02,9659
2891,中信金,20,2,18,富邦-高雄,2023-02-02,9659
1519,華城,38,21,17,富邦-高雄,2023-02-02,9659
8069,元太,104,87,17,富邦-高雄,2023-02-02,9659
6589,台康生技,16,1,15,富邦-高雄,2023-02-02,9659
8150,南茂,25,10,15,富邦-高雄,2023-02-02,9659
2609,陽明,91,77,14,富邦-高雄,2023-02-02,9659
00713,元大台灣高息低波,15,2,13,富邦-高雄,2023-02-02,9659
6505,台塑化,13,0,13,富邦-高雄,2023-02-02,9659
00631L,元大台灣50正2,17,4,13,富邦-高雄,2023-02-02,9659
2468,華經,18,5,13,富邦-高雄,2023-02-02,9659
3443,創意,14,2,12,富邦-高雄,2023-02-02,9659
8064,東捷,12,0,12,富邦-高雄,2023-02-02,9659
00680L,元大美債20正2,12,0,12,富邦-高雄,2023-02-02,9659
00633L,富邦上証正2,24,12,12,富邦-高雄,2023-02-02,9659
3592,瑞鼎,13,1,12,富邦-高雄,2023-02-02,9659
2327,國巨,15,3,12,富邦-高雄,2023-02-02,9659
3481,群創,494,34,460,富邦-高雄,2023-02-03,9659
00632R,元大台灣50反1,229,0,229,富邦-高雄,2023-02-03,9659
00878,國泰永續高股息,130,27,103,富邦-高雄,2023-02-03,9659
6244,茂迪,100,7,93,富邦-高雄,2023-02-03,9659
00633L,富邦上証正2,85,0,85,富邦-高雄,2023-02-03,9659
2867,三商壽,75,0,75,富邦-高雄,2023-02-03,9659
00882,中信中國高股息,74,1,73,富邦-高雄,2023-02-03,9659
00637L,元大滬深300正2,122,49,73,富邦-高雄,2023-02-03,9659
1519,華城,65,4,61,富邦-高雄,2023-02-03,9659
6104,創惟,101,40,61,富邦-高雄,2023-02-03,9659
2329,華泰,73,13,60,富邦-高雄,2023-02-03,9659
2834,臺企銀,60,7,53,富邦-高雄,2023-02-03,9659
2891,中信金,53,1,52,富邦-高雄,2023-02-03,9659
3675,德微,46,1,45,富邦-高雄,2023-02-03,9659
2498,宏達電,149,106,43,富邦-高雄,2023-02-03,9659
2882,國泰金,46,3,43,富邦-高雄,2023-02-03,9659
2015,豐興,40,1,39,富邦-高雄,2023-02-03,9659
00885,富邦越南,38,0,38,富邦-高雄,2023-02-03,9659
2637,慧洋-KY,35,0,35,富邦-高雄,2023-02-03,9659
1305,華夏,35,3,32,富邦-高雄,2023-02-03,9659
2618,長榮航,35,5,30,富邦-高雄,2023-02-03,9659
2317,鴻海,44,16,28,富邦-高雄,2023-02-03,9659
2206,三陽工業,30,2,28,富邦-高雄,2023-02-03,9659
2881,富邦金,24,0,24,富邦-高雄,2023-02-03,9659
4977,眾達-KY,24,1,23,富邦-高雄,2023-02-03,9659
2014,中鴻,22,1,21,富邦-高雄,2023-02-03,9659
00631L,元大台灣50正2,25,4,21,富邦-高雄,2023-02-03,9659
6643,M31,28,9,19,富邦-高雄,2023-02-03,9659
1524,耿鼎,20,1,19,富邦-高雄,2023-02-03,9659
5608,四維航,23,4,19,富邦-高雄,2023-02-03,9659
2367,燿華,19,1,18,富邦-高雄,2023-02-03,9659
6235,華孚,22,4,18,富邦-高雄,2023-02-03,9659
2363,矽統,45,27,18,富邦-高雄,2023-02-03,9659
2344,華邦電,29,12,17,富邦-高雄,2023-02-03,9659
4746,台耀,22,5,17,富邦-高雄,2023-02-03,9659
3557,嘉威,17,0,17,富邦-高雄,2023-02-03,9659
2009,第一銅,17,1,16,富邦-高雄,2023-02-03,9659
6190,萬泰科,17,1,16,富邦-高雄,2023-02-03,9659
00918,大華優利高填息30,15,0,15,富邦-高雄,2023-02-03,9659
2884,玉山金,19,4,15,富邦-高雄,2023-02-03,9659
6118,建達,52,38,14,富邦-高雄,2023-02-03,9659
2002,中鋼,26,13,13,富邦-高雄,2023-02-03,9659
00683L,期元大美元指正2,13,0,13,富邦-高雄,2023-02-03,9659
3062,建漢,16,3,13,富邦-高雄,2023-02-03,9659
2515,中工,37,24,13,富邦-高雄,2023-02-03,9659
2455,全新,16,3,13,富邦-高雄,2023-02-03,9659
2201,裕隆,37,24,13,富邦-高雄,2023-02-03,9659
8234,新漢,12,0,12,富邦-高雄,2023-02-03,9659
8086,宏捷科,12,0,12,富邦-高雄,2023-02-03,9659
1308,亞聚,12,0,12,富邦-高雄,2023-02-03,9659
00878,國泰永續高股息,6186,14,6172,富邦-高雄,2023-02-06,9659
3481,群創,1064,39,1025,富邦-高雄,2023-02-06,9659
00715L,期街口布蘭特正2,114,0,114,富邦-高雄,2023-02-06,9659
1605,華新,166,72,94,富邦-高雄,2023-02-06,9659
00902,中信電池及儲能,101,10,91,富邦-高雄,2023-02-06,9659
00789B,復華公司債A3,80,0,80,富邦-高雄,2023-02-06,9659
5309,系統電,77,1,76,富邦-高雄,2023-02-06,9659
00882,中信中國高股息,78,8,70,富邦-高雄,2023-02-06,9659
8234,新漢,61,0,61,富邦-高雄,2023-02-06,9659
00893,國泰智能電動車,110,51,59,富邦-高雄,2023-02-06,9659
2887,台新金,60,2,58,富邦-高雄,2023-02-06,9659
2409,友達,54,2,52,富邦-高雄,2023-02-06,9659
2352,佳世達,52,0,52,富邦-高雄,2023-02-06,9659
4114,健喬,59,13,46,富邦-高雄,2023-02-06,9659
2603,長榮,57,12,45,富邦-高雄,2023-02-06,9659
6282,康舒,233,188,45,富邦-高雄,2023-02-06,9659
0056,元大高股息,51,7,44,富邦-高雄,2023-02-06,9659
2330,台積電,44,7,37,富邦-高雄,2023-02-06,9659
9907,統一實,35,0,35,富邦-高雄,2023-02-06,9659
2317,鴻海,75,41,34,富邦-高雄,2023-02-06,9659
00885,富邦越南,38,6,32,富邦-高雄,2023-02-06,9659
00720B,元大投資級公司債,29,0,29,富邦-高雄,2023-02-06,9659
00633L,富邦上証正2,25,0,25,富邦-高雄,2023-02-06,9659
6443,元晶,35,10,25,富邦-高雄,2023-02-06,9659
2610,華航,70,45,25,富邦-高雄,2023-02-06,9659
00642U,期元大S＆P石油,24,0,24,富邦-高雄,2023-02-06,9659
2609,陽明,61,37,24,富邦-高雄,2023-02-06,9659
5347,世界,26,3,23,富邦-高雄,2023-02-06,9659
2883B,凱基金乙特,23,0,23,富邦-高雄,2023-02-06,9659
6446,藥華藥,23,0,23,富邦-高雄,2023-02-06,9659
6441,廣錠,32,9,23,富邦-高雄,2023-02-06,9659
2441,超豐,23,1,22,富邦-高雄,2023-02-06,9659
2890,永豐金,23,1,22,富邦-高雄,2023-02-06,9659
1752,南光,42,20,22,富邦-高雄,2023-02-06,9659
5607,遠雄港,21,0,21,富邦-高雄,2023-02-06,9659
2888,新光金,33,12,21,富邦-高雄,2023-02-06,9659
00772B,中信高評級公司債,20,0,20,富邦-高雄,2023-02-06,9659
00679B,元大美債20年,25,5,20,富邦-高雄,2023-02-06,9659
00637L,元大滬深300正2,85,65,20,富邦-高雄,2023-02-06,9659
2344,華邦電,29,9,20,富邦-高雄,2023-02-06,9659
6182,合晶,18,1,17,富邦-高雄,2023-02-06,9659
2882A,國泰特,17,0,17,富邦-高雄,2023-02-06,9659
5880,合庫金,17,0,17,富邦-高雄,2023-02-06,9659
2881,富邦金,20,5,15,富邦-高雄,2023-02-06,9659
00900,富邦特選高股息30,20,5,15,富邦-高雄,2023-02-06,9659
1440,南紡,15,0,15,富邦-高雄,2023-02-06,9659
2015,豐興,15,0,15,富邦-高雄,2023-02-06,9659
00654R,富邦印度反1,15,0,15,富邦-高雄,2023-02-06,9659
3557,嘉威,15,0,15,富邦-高雄,2023-02-06,9659
2328,廣宇,22,8,14,富邦-高雄,2023-02-06,9659
3481,群創,1695,79,1616,富邦-高雄,2023-02-07,9659
5309,系統電,193,20,173,富邦-高雄,2023-02-07,9659
00897,富邦基因免疫生技,170,3,167,富邦-高雄,2023-02-07,9659
5388,中磊,87,2,85,富邦-高雄,2023-02-07,9659
00878,國泰永續高股息,80,10,70,富邦-高雄,2023-02-07,9659
00720B,元大投資級公司債,66,0,66,富邦-高雄,2023-02-07,9659
2888,新光金,53,0,53,富邦-高雄,2023-02-07,9659
6603,富強鑫,55,2,53,富邦-高雄,2023-02-07,9659
6589,台康生技,57,11,46,富邦-高雄,2023-02-07,9659
00715L,期街口布蘭特正2,47,3,44,富邦-高雄,2023-02-07,9659
2887,台新金,46,3,43,富邦-高雄,2023-02-07,9659
2344,華邦電,51,12,39,富邦-高雄,2023-02-07,9659
2618,長榮航,49,13,36,富邦-高雄,2023-02-07,9659
4743,合一,57,22,35,富邦-高雄,2023-02-07,9659
9962,有益,32,0,32,富邦-高雄,2023-02-07,9659
3037,欣興,42,11,31,富邦-高雄,2023-02-07,9659
6180,橘子,33,3,30,富邦-高雄,2023-02-07,9659
6441,廣錠,81,52,29,富邦-高雄,2023-02-07,9659
00893,國泰智能電動車,28,2,26,富邦-高雄,2023-02-07,9659
00632R,元大台灣50反1,25,0,25,富邦-高雄,2023-02-07,9659
6235,華孚,65,42,23,富邦-高雄,2023-02-07,9659
1795,美時,53,32,21,富邦-高雄,2023-02-07,9659
00772B,中信高評級公司債,20,0,20,富邦-高雄,2023-02-07,9659
2880,華南金,20,0,20,富邦-高雄,2023-02-07,9659
2390,云辰,20,0,20,富邦-高雄,2023-02-07,9659
3707,漢磊,21,1,20,富邦-高雄,2023-02-07,9659
2498,宏達電,32,13,19,富邦-高雄,2023-02-07,9659
2845,遠東銀,21,2,19,富邦-高雄,2023-02-07,9659
6531,愛普*,42,23,19,富邦-高雄,2023-02-07,9659
2382,廣達,20,2,18,富邦-高雄,2023-02-07,9659
2884,玉山金,26,8,18,富邦-高雄,2023-02-07,9659
00679B,元大美債20年,19,1,18,富邦-高雄,2023-02-07,9659
6278,台表科,21,4,17,富邦-高雄,2023-02-07,9659
0056,元大高股息,27,10,17,富邦-高雄,2023-02-07,9659
1432,大魯閣,21,5,16,富邦-高雄,2023-02-07,9659
2812,台中銀,18,3,15,富邦-高雄,2023-02-07,9659
3444,利機,16,1,15,富邦-高雄,2023-02-07,9659
2538,基泰,15,0,15,富邦-高雄,2023-02-07,9659
6770,力積電,20,5,15,富邦-高雄,2023-02-07,9659
00751B,元大AAA至A公司債,20,5,15,富邦-高雄,2023-02-07,9659
4977,眾達-KY,15,1,14,富邦-高雄,2023-02-07,9659
00637L,元大滬深300正2,17,4,13,富邦-高雄,2023-02-07,9659
1720,生達,15,2,13,富邦-高雄,2023-02-07,9659
00712,復華富時不動產,18,5,13,富邦-高雄,2023-02-07,9659
2610,華航,48,36,12,富邦-高雄,2023-02-07,9659
2603,長榮,17,5,12,富邦-高雄,2023-02-07,9659
2609,陽明,15,4,11,富邦-高雄,2023-02-07,9659
2328,廣宇,12,1,11,富邦-高雄,2023-02-07,9659
4747,強生,24,13,11,富邦-高雄,2023-02-07,9659
3557,嘉威,11,0,11,富邦-高雄,2023-02-07,9659
3481,群創,947,192,755,富邦-高雄,2023-02-08,9659
2425,承啟,688,34,654,富邦-高雄,2023-02-08,9659
00632R,元大台灣50反1,233,40,193,富邦-高雄,2023-02-08,9659
00878,國泰永續高股息,156,35,121,富邦-高雄,2023-02-08,9659
00679B,元大美債20年,52,0,52,富邦-高雄,2023-02-08,9659
2634,漢翔,54,5,49,富邦-高雄,2023-02-08,9659
3041,揚智,44,1,43,富邦-高雄,2023-02-08,9659
2481,強茂,47,5,42,富邦-高雄,2023-02-08,9659
4979,華星光,56,15,41,富邦-高雄,2023-02-08,9659
2834,臺企銀,39,0,39,富邦-高雄,2023-02-08,9659
3557,嘉威,38,0,38,富邦-高雄,2023-02-08,9659
5351,鈺創,47,13,34,富邦-高雄,2023-02-08,9659
2367,燿華,39,5,34,富邦-高雄,2023-02-08,9659
1524,耿鼎,31,3,28,富邦-高雄,2023-02-08,9659
3293,鈊象,31,3,28,富邦-高雄,2023-02-08,9659
6282,康舒,101,74,27,富邦-高雄,2023-02-08,9659
2884,玉山金,29,3,26,富邦-高雄,2023-02-08,9659
2610,華航,28,4,24,富邦-高雄,2023-02-08,9659
2890,永豐金,23,0,23,富邦-高雄,2023-02-08,9659
3432,台端,22,0,22,富邦-高雄,2023-02-08,9659
4960,誠美材,21,0,21,富邦-高雄,2023-02-08,9659
2014,中鴻,37,16,21,富邦-高雄,2023-02-08,9659
00720B,元大投資級公司債,20,0,20,富邦-高雄,2023-02-08,9659
6446,藥華藥,23,3,20,富邦-高雄,2023-02-08,9659
2492,華新科,22,2,20,富邦-高雄,2023-02-08,9659
00637L,元大滬深300正2,19,0,19,富邦-高雄,2023-02-08,9659
2897,王道銀行,19,0,19,富邦-高雄,2023-02-08,9659
00712,復華富時不動產,17,0,17,富邦-高雄,2023-02-08,9659
6789,采鈺,36,19,17,富邦-高雄,2023-02-08,9659
6116,彩晶,30,13,17,富邦-高雄,2023-02-08,9659
2603,長榮,21,4,17,富邦-高雄,2023-02-08,9659
4114,健喬,42,26,16,富邦-高雄,2023-02-08,9659
4924,欣厚-KY,16,0,16,富邦-高雄,2023-02-08,9659
2357,華碩,20,4,16,富邦-高雄,2023-02-08,9659
4977,眾達-KY,19,3,16,富邦-高雄,2023-02-08,9659
1795,美時,23,7,16,富邦-高雄,2023-02-08,9659
2886,兆豐金,15,0,15,富邦-高雄,2023-02-08,9659
1506,正道,15,0,15,富邦-高雄,2023-02-08,9659
2329,華泰,32,17,15,富邦-高雄,2023-02-08,9659
5309,系統電,23,8,15,富邦-高雄,2023-02-08,9659
3046,建��,17,3,14,富邦-高雄,2023-02-08,9659
2891,中信金,16,2,14,富邦-高雄,2023-02-08,9659
4961,天鈺,24,11,13,富邦-高雄,2023-02-08,9659
2374,佳能,13,0,13,富邦-高雄,2023-02-08,9659
3406,玉晶光,13,0,13,富邦-高雄,2023-02-08,9659
6235,華孚,140,127,13,富邦-高雄,2023-02-08,9659
2882,國泰金,14,1,13,富邦-高雄,2023-02-08,9659
0056,元大高股息,34,22,12,富邦-高雄,2023-02-08,9659
00676R,富邦臺灣加權反1,12,0,12,富邦-高雄,2023-02-08,9659
8227,巨有科技,26,14,12,富邦-高雄,2023-02-08,9659
2888,新光金,84,0,84,富邦-高雄,2023-02-09,9659
00878,國泰永續高股息,80,1,79,富邦-高雄,2023-02-09,9659
00679B,元大美債20年,66,0,66,富邦-高雄,2023-02-09,9659
00885,富邦越南,71,10,61,富邦-高雄,2023-02-09,9659
8227,巨有科技,66,7,59,富邦-高雄,2023-02-09,9659
2388,威盛,87,38,49,富邦-高雄,2023-02-09,9659
2344,華邦電,85,40,45,富邦-高雄,2023-02-09,9659
6244,茂迪,50,10,40,富邦-高雄,2023-02-09,9659
6180,橘子,38,0,38,富邦-高雄,2023-02-09,9659
00632R,元大台灣50反1,51,15,36,富邦-高雄,2023-02-09,9659
3303,岱稜,34,0,34,富邦-高雄,2023-02-09,9659
2542,興富發,33,2,31,富邦-高雄,2023-02-09,9659
4763,材料-KY,49,18,31,富邦-高雄,2023-02-09,9659
5203,訊連,35,8,27,富邦-高雄,2023-02-09,9659
4128,中天,34,10,24,富邦-高雄,2023-02-09,9659
00673R,期元大S＆P原油反1,24,1,23,富邦-高雄,2023-02-09,9659
6531,愛普*,40,17,23,富邦-高雄,2023-02-09,9659
2359,所羅門,29,7,22,富邦-高雄,2023-02-09,9659
1417,嘉裕,21,0,21,富邦-高雄,2023-02-09,9659
8261,富鼎,21,0,21,富邦-高雄,2023-02-09,9659
00652,富邦印度,20,0,20,富邦-高雄,2023-02-09,9659
6546,正基,26,6,20,富邦-高雄,2023-02-09,9659
6441,廣錠,29,9,20,富邦-高雄,2023-02-09,9659
9942,茂順,20,0,20,富邦-高雄,2023-02-09,9659
00772B,中信高評級公司債,20,0,20,富邦-高雄,2023-02-09,9659
2884,玉山金,20,1,19,富邦-高雄,2023-02-09,9659
4541,晟田,20,1,19,富邦-高雄,2023-02-09,9659
3189,景碩,22,3,19,富邦-高雄,2023-02-09,9659
00720B,元大投資級公司債,18,0,18,富邦-高雄,2023-02-09,9659
4960,誠美材,41,23,18,富邦-高雄,2023-02-09,9659
1795,美時,49,31,18,富邦-高雄,2023-02-09,9659
6719,力智,17,2,15,富邦-高雄,2023-02-09,9659
2308,台達電,14,0,14,富邦-高雄,2023-02-09,9659
3675,德微,24,10,14,富邦-高雄,2023-02-09,9659
2528,皇普,13,0,13,富邦-高雄,2023-02-09,9659
2610,華航,16,3,13,富邦-高雄,2023-02-09,9659
2313,華通,15,2,13,富邦-高雄,2023-02-09,9659
00725B,國泰投資級公司債,12,0,12,富邦-高雄,2023-02-09,9659
00669R,國泰美國道瓊反1,12,0,12,富邦-高雄,2023-02-09,9659
3013,晟銘電,12,0,12,富邦-高雄,2023-02-09,9659
4130,健亞,33,21,12,富邦-高雄,2023-02-09,9659
4958,臻鼎-KY,11,0,11,富邦-高雄,2023-02-09,9659
2867,三商壽,17,6,11,富邦-高雄,2023-02-09,9659
2455,全新,11,0,11,富邦-高雄,2023-02-09,9659
2609,陽明,11,1,10,富邦-高雄,2023-02-09,9659
6708,天擎,10,0,10,富邦-高雄,2023-02-09,9659
1752,南光,22,12,10,富邦-高雄,2023-02-09,9659
1702,南僑,10,0,10,富邦-高雄,2023-02-09,9659
1532,勤美,10,0,10,富邦-高雄,2023-02-09,9659
6185,幃翔,10,0,10,富邦-高雄,2023-02-09,9659
00632R,元大台灣50反1,1013,515,498,富邦-高雄,2023-02-10,9659
00897,富邦基因免疫生技,153,2,151,富邦-高雄,2023-02-10,9659
00878,國泰永續高股息,153,20,133,富邦-高雄,2023-02-10,9659
00885,富邦越南,126,15,111,富邦-高雄,2023-02-10,9659
2634,漢翔,228,130,98,富邦-高雄,2023-02-10,9659
00895,富邦未來車,100,4,96,富邦-高雄,2023-02-10,9659
3481,群創,136,55,81,富邦-高雄,2023-02-10,9659
2481,強茂,62,3,59,富邦-高雄,2023-02-10,9659
2618,長榮航,76,19,57,富邦-高雄,2023-02-10,9659
00772B,中信高評級公司債,56,0,56,富邦-高雄,2023-02-10,9659
3357,臺慶科,55,0,55,富邦-高雄,2023-02-10,9659
1810,和成,84,30,54,富邦-高雄,2023-02-10,9659
1513,中興電,82,29,53,富邦-高雄,2023-02-10,9659
00720B,元大投資級公司債,53,1,52,富邦-高雄,2023-02-10,9659
2887,台新金,45,1,44,富邦-高雄,2023-02-10,9659
1605,華新,99,58,41,富邦-高雄,2023-02-10,9659
3231,緯創,45,5,40,富邦-高雄,2023-02-10,9659
2453,凌群,54,14,40,富邦-高雄,2023-02-10,9659
00673R,期元大S＆P原油反1,40,0,40,富邦-高雄,2023-02-10,9659
0056,元大高股息,37,1,36,富邦-高雄,2023-02-10,9659
6180,橘子,53,18,35,富邦-高雄,2023-02-10,9659
1584,精剛,132,97,35,富邦-高雄,2023-02-10,9659
2603,長榮,48,13,35,富邦-高雄,2023-02-10,9659
00679B,元大美債20年,35,1,34,富邦-高雄,2023-02-10,9659
00712,復華富時不動產,31,0,31,富邦-高雄,2023-02-10,9659
00671R,富邦NASDAQ反1,30,0,30,富邦-高雄,2023-02-10,9659
2609,陽明,37,9,28,富邦-高雄,2023-02-10,9659
00751B,元大AAA至A公司債,27,0,27,富邦-高雄,2023-02-10,9659
6101,寬魚國際,26,0,26,富邦-高雄,2023-02-10,9659
3047,訊舟,23,0,23,富邦-高雄,2023-02-10,9659
00683L,期元大美元指正2,22,0,22,富邦-高雄,2023-02-10,9659
1216,統一,21,0,21,富邦-高雄,2023-02-10,9659
6185,幃翔,21,1,20,富邦-高雄,2023-02-10,9659
2855,統一證,22,2,20,富邦-高雄,2023-02-10,9659
9904,寶成,20,0,20,富邦-高雄,2023-02-10,9659
3189,景碩,23,4,19,富邦-高雄,2023-02-10,9659
2484,希華,26,7,19,富邦-高雄,2023-02-10,9659
6770,力積電,19,2,17,富邦-高雄,2023-02-10,9659
2413,環科,20,3,17,富邦-高雄,2023-02-10,9659
2637,慧洋-KY,17,0,17,富邦-高雄,2023-02-10,9659
5203,訊連,45,28,17,富邦-高雄,2023-02-10,9659
3594,磐儀,81,65,16,富邦-高雄,2023-02-10,9659
6443,元晶,33,18,15,富邦-高雄,2023-02-10,9659
5483,中美晶,15,0,15,富邦-高雄,2023-02-10,9659
4527,方土霖,15,0,15,富邦-高雄,2023-02-10,9659
3105,穩懋,46,31,15,富邦-高雄,2023-02-10,9659
3037,欣興,19,4,15,富邦-高雄,2023-02-10,9659
4743,合一,39,25,14,富邦-高雄,2023-02-10,9659
1815,富喬,13,0,13,富邦-高雄,2023-02-10,9659
3530,晶相光,15,2,13,富邦-高雄,2023-02-10,9659
00878,國泰永續高股息,758,13,745,富邦-高雄,2023-02-13,9659
00673R,期元大S＆P原油反1,105,0,105,富邦-高雄,2023-02-13,9659
2618,長榮航,103,19,84,富邦-高雄,2023-02-13,9659
2352,佳世達,83,0,83,富邦-高雄,2023-02-13,9659
2834,臺企銀,119,39,80,富邦-高雄,2023-02-13,9659
8227,巨有科技,73,3,70,富邦-高雄,2023-02-13,9659
00772B,中信高評級公司債,60,0,60,富邦-高雄,2023-02-13,9659
00900,富邦特選高股息30,79,28,51,富邦-高雄,2023-02-13,9659
1342,八貫,56,11,45,富邦-高雄,2023-02-13,9659
6180,橘子,54,11,43,富邦-高雄,2023-02-13,9659
4114,健喬,74,32,42,富邦-高雄,2023-02-13,9659
00885,富邦越南,47,8,39,富邦-高雄,2023-02-13,9659
6235,華孚,63,25,38,富邦-高雄,2023-02-13,9659
6789,采鈺,37,3,34,富邦-高雄,2023-02-13,9659
6167,久正,32,0,32,富邦-高雄,2023-02-13,9659
0056,元大高股息,33,2,31,富邦-高雄,2023-02-13,9659
8033,雷虎,32,2,30,富邦-高雄,2023-02-13,9659
00683L,期元大美元指正2,30,0,30,富邦-高雄,2023-02-13,9659
6531,愛普*,41,12,29,富邦-高雄,2023-02-13,9659
2380,虹光,29,0,29,富邦-高雄,2023-02-13,9659
1101,台泥,35,7,28,富邦-高雄,2023-02-13,9659
1605,華新,53,25,28,富邦-高雄,2023-02-13,9659
1447,力鵬,41,14,27,富邦-高雄,2023-02-13,9659
2897,王道銀行,57,31,26,富邦-高雄,2023-02-13,9659
2739,寒舍,25,0,25,富邦-高雄,2023-02-13,9659
2409,友達,28,5,23,富邦-高雄,2023-02-13,9659
4968,立積,22,0,22,富邦-高雄,2023-02-13,9659
1524,耿鼎,23,1,22,富邦-高雄,2023-02-13,9659
2812,台中銀,23,1,22,富邦-高雄,2023-02-13,9659
00679B,元大美債20年,42,20,22,富邦-高雄,2023-02-13,9659
6282,康舒,34,13,21,富邦-高雄,2023-02-13,9659
00720B,元大投資級公司債,20,0,20,富邦-高雄,2023-02-13,9659
4147,中裕,20,0,20,富邦-高雄,2023-02-13,9659
00893,國泰智能電動車,22,4,18,富邦-高雄,2023-02-13,9659
8222,寶一,62,44,18,富邦-高雄,2023-02-13,9659
1810,和成,24,6,18,富邦-高雄,2023-02-13,9659
6188,廣明,20,2,18,富邦-高雄,2023-02-13,9659
2603,長榮,29,12,17,富邦-高雄,2023-02-13,9659
00751B,元大AAA至A公司債,17,0,17,富邦-高雄,2023-02-13,9659
2888,新光金,47,30,17,富邦-高雄,2023-02-13,9659
5009,榮剛,18,2,16,富邦-高雄,2023-02-13,9659
4960,誠美材,19,3,16,富邦-高雄,2023-02-13,9659
2328,廣宇,18,2,16,富邦-高雄,2023-02-13,9659
8358,金居,16,1,15,富邦-高雄,2023-02-13,9659
3036,文曄,15,0,15,富邦-高雄,2023-02-13,9659
8928,鉅明,15,0,15,富邦-高雄,2023-02-13,9659
2344,華邦電,18,4,14,富邦-高雄,2023-02-13,9659
3217,優群,13,0,13,富邦-高雄,2023-02-13,9659
2317,鴻海,22,9,13,富邦-高雄,2023-02-13,9659
4513,福裕,11,0,11,富邦-高雄,2023-02-13,9659
00632R,元大台灣50反1,77,18,59,富邦-高雄,2023-02-14,9659
00673R,期元大S＆P原油反1,40,0,40,富邦-高雄,2023-02-14,9659
3704,合勤控,34,0,34,富邦-高雄,2023-02-14,9659
3062,建漢,32,0,32,富邦-高雄,2023-02-14,9659
00720B,元大投資級公司債,28,0,28,富邦-高雄,2023-02-14,9659
2486,一詮,30,6,24,富邦-高雄,2023-02-14,9659
2812,台中銀,23,0,23,富邦-高雄,2023-02-14,9659
5263,智崴,22,0,22,富邦-高雄,2023-02-14,9659
00772B,中信高評級公司債,21,0,21,富邦-高雄,2023-02-14,9659
2884,玉山金,27,6,21,富邦-高雄,2023-02-14,9659
6282,康舒,34,13,21,富邦-高雄,2023-02-14,9659
4167,松瑞藥,20,0,20,富邦-高雄,2023-02-14,9659
00753L,中信中國50正2,20,1,19,富邦-高雄,2023-02-14,9659
00751B,元大AAA至A公司債,18,0,18,富邦-高雄,2023-02-14,9659
3013,晟銘電,20,2,18,富邦-高雄,2023-02-14,9659
3530,晶相光,17,0,17,富邦-高雄,2023-02-14,9659
2002,中鋼,23,7,16,富邦-高雄,2023-02-14,9659
1702,南僑,15,0,15,富邦-高雄,2023-02-14,9659
2537,聯上發,15,0,15,富邦-高雄,2023-02-14,9659
5328,華容,19,4,15,富邦-高雄,2023-02-14,9659
6142,友勁,14,0,14,富邦-高雄,2023-02-14,9659
01003T,兆豐新光R1,14,0,14,富邦-高雄,2023-02-14,9659
00878,國泰永續高股息,125,113,12,富邦-高雄,2023-02-14,9659
6550,北極星藥業-KY,17,6,11,富邦-高雄,2023-02-14,9659
2375,凱美,12,1,11,富邦-高雄,2023-02-14,9659
8222,寶一,67,57,10,富邦-高雄,2023-02-14,9659
2515,中工,10,0,10,富邦-高雄,2023-02-14,9659
1806,冠軍,10,0,10,富邦-高雄,2023-02-14,9659
3710,連展投控,10,0,10,富邦-高雄,2023-02-14,9659
6541,泰福-KY,12,2,10,富邦-高雄,2023-02-14,9659
8289,泰藝,10,0,10,富邦-高雄,2023-02-14,9659
6462,神盾,10,0,10,富邦-高雄,2023-02-14,9659
2455,全新,12,2,10,富邦-高雄,2023-02-14,9659
2380,虹光,10,0,10,富邦-高雄,2023-02-14,9659
2305,全友,10,0,10,富邦-高雄,2023-02-14,9659
01001T,土銀富邦R1,10,0,10,富邦-高雄,2023-02-14,9659
6180,橘子,28,19,9,富邦-高雄,2023-02-14,9659
2603,長榮,37,28,9,富邦-高雄,2023-02-14,9659
3041,揚智,10,1,9,富邦-高雄,2023-02-14,9659
2329,華泰,16,7,9,富邦-高雄,2023-02-14,9659
6269,台郡,9,0,9,富邦-高雄,2023-02-14,9659
4979,華星光,12,4,8,富邦-高雄,2023-02-14,9659
2498,宏達電,17,10,7,富邦-高雄,2023-02-14,9659
2643,捷迅,7,0,7,富邦-高雄,2023-02-14,9659
1582,信錦,7,0,7,富邦-高雄,2023-02-14,9659
6517,保勝光學,11,4,7,富邦-高雄,2023-02-14,9659
3094,聯傑,10,3,7,富邦-高雄,2023-02-14,9659
8021,尖點,7,0,7,富邦-高雄,2023-02-14,9659
9802,鈺齊-KY,9,2,7,富邦-高雄,2023-02-14,9659
1314,中石化,7,0,7,富邦-高雄,2023-02-14,9659
00878,國泰永續高股息,535,35,500,富邦-高雄,2023-02-15,9659
00673R,期元大S＆P原油反1,131,2,129,富邦-高雄,2023-02-15,9659
2812,台中銀,109,0,109,富邦-高雄,2023-02-15,9659
00753L,中信中國50正2,105,0,105,富邦-高雄,2023-02-15,9659
2352,佳世達,65,2,63,富邦-高雄,2023-02-15,9659
5706,鳳凰,76,14,62,富邦-高雄,2023-02-15,9659
1513,中興電,169,110,59,富邦-高雄,2023-02-15,9659
2330,台積電,70,24,46,富邦-高雄,2023-02-15,9659
3221,台嘉碩,79,36,43,富邦-高雄,2023-02-15,9659
8222,寶一,55,13,42,富邦-高雄,2023-02-15,9659
2884,玉山金,37,2,35,富邦-高雄,2023-02-15,9659
00885,富邦越南,54,20,34,富邦-高雄,2023-02-15,9659
2888,新光金,34,5,29,富邦-高雄,2023-02-15,9659
2027,大成鋼,29,1,28,富邦-高雄,2023-02-15,9659
00882,中信中國高股息,28,0,28,富邦-高雄,2023-02-15,9659
00650L,復華香港正2,26,0,26,富邦-高雄,2023-02-15,9659
00631L,元大台灣50正2,26,2,24,富邦-高雄,2023-02-15,9659
2890,永豐金,24,1,23,富邦-高雄,2023-02-15,9659
3046,建��,24,1,23,富邦-高雄,2023-02-15,9659
1514,亞力,41,18,23,富邦-高雄,2023-02-15,9659
3682,亞太電,22,0,22,富邦-高雄,2023-02-15,9659
1611,中電,21,0,21,富邦-高雄,2023-02-15,9659
2609,陽明,33,13,20,富邦-高雄,2023-02-15,9659
6235,華孚,70,51,19,富邦-高雄,2023-02-15,9659
5347,世界,27,8,19,富邦-高雄,2023-02-15,9659
6101,寬魚國際,21,2,19,富邦-高雄,2023-02-15,9659
2206,三陽工業,29,11,18,富邦-高雄,2023-02-15,9659
4961,天鈺,18,1,17,富邦-高雄,2023-02-15,9659
2887,台新金,20,3,17,富邦-高雄,2023-02-15,9659
00772B,中信高評級公司債,16,0,16,富邦-高雄,2023-02-15,9659
00679B,元大美債20年,17,2,15,富邦-高雄,2023-02-15,9659
6770,力積電,43,28,15,富邦-高雄,2023-02-15,9659
2010,春源,15,0,15,富邦-高雄,2023-02-15,9659
5512,力麒,20,5,15,富邦-高雄,2023-02-15,9659
00892,富邦台灣半導體,14,0,14,富邦-高雄,2023-02-15,9659
2344,華邦電,25,11,14,富邦-高雄,2023-02-15,9659
2736,富野,19,5,14,富邦-高雄,2023-02-15,9659
2618,長榮航,22,9,13,富邦-高雄,2023-02-15,9659
1440,南紡,13,0,13,富邦-高雄,2023-02-15,9659
3025,星通,15,3,12,富邦-高雄,2023-02-15,9659
2380,虹光,11,0,11,富邦-高雄,2023-02-15,9659
1218,泰山,11,0,11,富邦-高雄,2023-02-15,9659
6217,中探針,15,4,11,富邦-高雄,2023-02-15,9659
3189,景碩,15,4,11,富邦-高雄,2023-02-15,9659
2388,威盛,11,1,10,富邦-高雄,2023-02-15,9659
3380,明泰,10,0,10,富邦-高雄,2023-02-15,9659
2482,連宇,10,0,10,富邦-高雄,2023-02-15,9659
1109,信大,10,0,10,富邦-高雄,2023-02-15,9659
1560,中砂,12,2,10,富邦-高雄,2023-02-15,9659
3686,達能,10,0,10,富邦-高雄,2023-02-15,9659
00878,國泰永續高股息,340,21,319,富邦-高雄,2023-02-16,9659
3290,東浦,101,5,96,富邦-高雄,2023-02-16,9659
5009,榮剛,124,37,87,富邦-高雄,2023-02-16,9659
1440,南紡,80,0,80,富邦-高雄,2023-02-16,9659
00679B,元大美債20年,91,13,78,富邦-高雄,2023-02-16,9659
00772B,中信高評級公司債,77,0,77,富邦-高雄,2023-02-16,9659
1752,南光,74,0,74,富邦-高雄,2023-02-16,9659
1909,榮成,65,0,65,富邦-高雄,2023-02-16,9659
00673R,期元大S＆P原油反1,183,126,57,富邦-高雄,2023-02-16,9659
3675,德微,57,4,53,富邦-高雄,2023-02-16,9659
5706,鳳凰,61,8,53,富邦-高雄,2023-02-16,9659
0056,元大高股息,86,38,48,富邦-高雄,2023-02-16,9659
4702,中美實,38,0,38,富邦-高雄,2023-02-16,9659
2609,陽明,39,8,31,富邦-高雄,2023-02-16,9659
00706L,期元大S＆P日圓正2,30,0,30,富邦-高雄,2023-02-16,9659
3058,立德,30,2,28,富邦-高雄,2023-02-16,9659
00885,富邦越南,25,1,24,富邦-高雄,2023-02-16,9659
8234,新漢,35,12,23,富邦-高雄,2023-02-16,9659
1513,中興電,39,17,22,富邦-高雄,2023-02-16,9659
00761B,國泰A級公司債,22,0,22,富邦-高雄,2023-02-16,9659
4306,炎洲,21,0,21,富邦-高雄,2023-02-16,9659
1609,大亞,31,10,21,富邦-高雄,2023-02-16,9659
2888,新光金,20,0,20,富邦-高雄,2023-02-16,9659
00715L,期街口布蘭特正2,20,0,20,富邦-高雄,2023-02-16,9659
00664R,國泰臺灣加權反1,20,0,20,富邦-高雄,2023-02-16,9659
00751B,元大AAA至A公司債,20,0,20,富邦-高雄,2023-02-16,9659
00720B,元大投資級公司債,16,0,16,富邦-高雄,2023-02-16,9659
2736,富野,30,14,16,富邦-高雄,2023-02-16,9659
2882,國泰金,20,5,15,富邦-高雄,2023-02-16,9659
2201,裕隆,95,80,15,富邦-高雄,2023-02-16,9659
2915,潤泰全,15,0,15,富邦-高雄,2023-02-16,9659
3454,晶睿,36,21,15,富邦-高雄,2023-02-16,9659
3550,聯穎,15,0,15,富邦-高雄,2023-02-16,9659
8039,台虹,14,0,14,富邦-高雄,2023-02-16,9659
1216,統一,14,0,14,富邦-高雄,2023-02-16,9659
3224,三顧,17,3,14,富邦-高雄,2023-02-16,9659
2374,佳能,13,0,13,富邦-高雄,2023-02-16,9659
4527,方土霖,13,0,13,富邦-高雄,2023-02-16,9659
2014,中鴻,21,8,13,富邦-高雄,2023-02-16,9659
2449,京元電子,16,4,12,富邦-高雄,2023-02-16,9659
2324,仁寶,11,0,11,富邦-高雄,2023-02-16,9659
3564,其陽,11,0,11,富邦-高雄,2023-02-16,9659
2371,大同,11,0,11,富邦-高雄,2023-02-16,9659
6605,帝寶,16,5,11,富邦-高雄,2023-02-16,9659
4961,天鈺,21,10,11,富邦-高雄,2023-02-16,9659
2482,連宇,12,1,11,富邦-高雄,2023-02-16,9659
2363,矽統,11,1,10,富邦-高雄,2023-02-16,9659
6603,富強鑫,10,0,10,富邦-高雄,2023-02-16,9659
1453,大將,10,0,10,富邦-高雄,2023-02-16,9659
3049,精金,11,1,10,富邦-高雄,2023-02-16,9659
00680L,元大美債20正2,532,0,532,富邦-高雄,2023-02-17,9659
00882,中信中國高股息,318,0,318,富邦-高雄,2023-02-17,9659
00753L,中信中國50正2,184,0,184,富邦-高雄,2023-02-17,9659
2618,長榮航,143,52,91,富邦-高雄,2023-02-17,9659
00878,國泰永續高股息,85,16,69,富邦-高雄,2023-02-17,9659
00679B,元大美債20年,70,1,69,富邦-高雄,2023-02-17,9659
2015,豐興,56,0,56,富邦-高雄,2023-02-17,9659
00885,富邦越南,61,14,47,富邦-高雄,2023-02-17,9659
00772B,中信高評級公司債,45,1,44,富邦-高雄,2023-02-17,9659
4526,東台,55,12,43,富邦-高雄,2023-02-17,9659
00893,國泰智能電動車,51,8,43,富邦-高雄,2023-02-17,9659
00789B,復華公司債A3,40,0,40,富邦-高雄,2023-02-17,9659
00633L,富邦上証正2,51,12,39,富邦-高雄,2023-02-17,9659
1440,南紡,35,1,34,富邦-高雄,2023-02-17,9659
2328,廣宇,36,3,33,富邦-高雄,2023-02-17,9659
2367,燿華,48,17,31,富邦-高雄,2023-02-17,9659
2462,良得電,37,7,30,富邦-高雄,2023-02-17,9659
00673R,期元大S＆P原油反1,42,15,27,富邦-高雄,2023-02-17,9659
3217,優群,27,0,27,富邦-高雄,2023-02-17,9659
1752,南光,28,2,26,富邦-高雄,2023-02-17,9659
00751B,元大AAA至A公司債,25,0,25,富邦-高雄,2023-02-17,9659
00665L,富邦�琤肭磪囓�2,25,0,25,富邦-高雄,2023-02-17,9659
6235,華孚,56,32,24,富邦-高雄,2023-02-17,9659
3466,德晉,21,0,21,富邦-高雄,2023-02-17,9659
2838,聯邦銀,21,0,21,富邦-高雄,2023-02-17,9659
00634R,富邦上証反1,20,0,20,富邦-高雄,2023-02-17,9659
2317,鴻海,75,55,20,富邦-高雄,2023-02-17,9659
2330,台積電,32,13,19,富邦-高雄,2023-02-17,9659
2637,慧洋-KY,22,3,19,富邦-高雄,2023-02-17,9659
4155,訊映,17,0,17,富邦-高雄,2023-02-17,9659
3006,晶豪科,20,3,17,富邦-高雄,2023-02-17,9659
1218,泰山,22,6,16,富邦-高雄,2023-02-17,9659
1519,華城,45,29,16,富邦-高雄,2023-02-17,9659
4128,中天,20,6,14,富邦-高雄,2023-02-17,9659
00692,富邦公司治理,17,4,13,富邦-高雄,2023-02-17,9659
2449,京元電子,15,2,13,富邦-高雄,2023-02-17,9659
3058,立德,13,0,13,富邦-高雄,2023-02-17,9659
3128,昇銳,40,28,12,富邦-高雄,2023-02-17,9659
00724B,群益投資級金融債,12,0,12,富邦-高雄,2023-02-17,9659
2845,遠東銀,12,0,12,富邦-高雄,2023-02-17,9659
4168,醣聯,14,2,12,富邦-高雄,2023-02-17,9659
6712,長聖,12,1,11,富邦-高雄,2023-02-17,9659
2498,宏達電,32,22,10,富邦-高雄,2023-02-17,9659
2344,華邦電,48,37,11,富邦-高雄,2023-02-17,9659
4960,誠美材,10,0,10,富邦-高雄,2023-02-17,9659
1605,華新,92,82,10,富邦-高雄,2023-02-17,9659
3711,日月光投控,10,0,10,富邦-高雄,2023-02-17,9659
8039,台虹,10,0,10,富邦-高雄,2023-02-17,9659
00688L,國泰20年美債正2,10,0,10,富邦-高雄,2023-02-17,9659
1417,嘉裕,11,1,10,富邦-高雄,2023-02-17,9659
00772B,中信高評級公司債,105,0,105,富邦-高雄,2023-02-20,9659
2618,長榮航,194,97,97,富邦-高雄,2023-02-20,9659
00878,國泰永續高股息,116,29,87,富邦-高雄,2023-02-20,9659
00893,國泰智能電動車,82,3,79,富邦-高雄,2023-02-20,9659
6770,力積電,78,13,65,富邦-高雄,2023-02-20,9659
2867,三商壽,55,0,55,富邦-高雄,2023-02-20,9659
2201,裕隆,74,21,53,富邦-高雄,2023-02-20,9659
3037,欣興,58,7,51,富邦-高雄,2023-02-20,9659
2603,長榮,51,2,49,富邦-高雄,2023-02-20,9659
00679B,元大美債20年,47,1,46,富邦-高雄,2023-02-20,9659
00882,中信中國高股息,47,6,41,富邦-高雄,2023-02-20,9659
8213,志超,40,0,40,富邦-高雄,2023-02-20,9659
00637L,元大滬深300正2,64,25,39,富邦-高雄,2023-02-20,9659
6187,萬潤,37,1,36,富邦-高雄,2023-02-20,9659
3675,德微,36,1,35,富邦-高雄,2023-02-20,9659
4743,合一,58,25,33,富邦-高雄,2023-02-20,9659
8358,金居,47,14,33,富邦-高雄,2023-02-20,9659
4919,新唐,29,2,27,富邦-高雄,2023-02-20,9659
6570,維田,26,0,26,富邦-高雄,2023-02-20,9659
1709,和益,26,1,25,富邦-高雄,2023-02-20,9659
6125,廣運,26,1,25,富邦-高雄,2023-02-20,9659
3588,通嘉,24,0,24,富邦-高雄,2023-02-20,9659
8426,紅木-KY,27,3,24,富邦-高雄,2023-02-20,9659
2330,台積電,32,8,24,富邦-高雄,2023-02-20,9659
8227,巨有科技,30,7,23,富邦-高雄,2023-02-20,9659
4906,正文,22,0,22,富邦-高雄,2023-02-20,9659
5512,力麒,23,1,22,富邦-高雄,2023-02-20,9659
6806,森崴能源,27,6,21,富邦-高雄,2023-02-20,9659
2610,華航,156,135,21,富邦-高雄,2023-02-20,9659
00751B,元大AAA至A公司債,21,0,21,富邦-高雄,2023-02-20,9659
8097,常珵,21,0,21,富邦-高雄,2023-02-20,9659
2890,永豐金,20,0,20,富邦-高雄,2023-02-20,9659
4550,長佳,20,0,20,富邦-高雄,2023-02-20,9659
2324,仁寶,21,2,19,富邦-高雄,2023-02-20,9659
2317,鴻海,30,12,18,富邦-高雄,2023-02-20,9659
3141,晶宏,21,3,18,富邦-高雄,2023-02-20,9659
6719,力智,19,1,18,富邦-高雄,2023-02-20,9659
1519,華城,80,63,17,富邦-高雄,2023-02-20,9659
2731,雄獅,25,8,17,富邦-高雄,2023-02-20,9659
4527,方土霖,17,0,17,富邦-高雄,2023-02-20,9659
3047,訊舟,21,5,16,富邦-高雄,2023-02-20,9659
6643,M31,27,11,16,富邦-高雄,2023-02-20,9659
3466,德晉,15,0,15,富邦-高雄,2023-02-20,9659
5475,德宏,15,0,15,富邦-高雄,2023-02-20,9659
3022,威強電,19,4,15,富邦-高雄,2023-02-20,9659
2419,仲琦,15,1,14,富邦-高雄,2023-02-20,9659
2462,良得電,15,1,14,富邦-高雄,2023-02-20,9659
4168,醣聯,14,0,14,富邦-高雄,2023-02-20,9659
2449,京元電子,14,0,14,富邦-高雄,2023-02-20,9659
4746,台耀,19,6,13,富邦-高雄,2023-02-20,9659
00632R,元大台灣50反1,751,161,590,富邦-高雄,2023-02-21,9659
00878,國泰永續高股息,238,5,233,富邦-高雄,2023-02-21,9659
2603,長榮,182,59,123,富邦-高雄,2023-02-21,9659
1711,永光,97,0,97,富邦-高雄,2023-02-21,9659
2610,華航,143,52,91,富邦-高雄,2023-02-21,9659
2884,玉山金,142,52,90,富邦-高雄,2023-02-21,9659
2442,新美齊,75,0,75,富邦-高雄,2023-02-21,9659
00679B,元大美債20年,60,1,59,富邦-高雄,2023-02-21,9659
5353,台林,58,5,53,富邦-高雄,2023-02-21,9659
6288,聯嘉,67,15,52,富邦-高雄,2023-02-21,9659
1720,生達,42,0,42,富邦-高雄,2023-02-21,9659
2867,三商壽,90,50,40,富邦-高雄,2023-02-21,9659
2009,第一銅,40,1,39,富邦-高雄,2023-02-21,9659
2206,三陽工業,37,6,31,富邦-高雄,2023-02-21,9659
6770,力積電,39,8,31,富邦-高雄,2023-02-21,9659
2489,瑞軒,30,0,30,富邦-高雄,2023-02-21,9659
1529,樂事綠能,30,2,28,富邦-高雄,2023-02-21,9659
3406,玉晶光,29,1,28,富邦-高雄,2023-02-21,9659
1514,亞力,45,18,27,富邦-高雄,2023-02-21,9659
1437,勤益控,28,1,27,富邦-高雄,2023-02-21,9659
2353,宏��,31,6,25,富邦-高雄,2023-02-21,9659
2495,普安,27,2,25,富邦-高雄,2023-02-21,9659
2641,正德,25,1,24,富邦-高雄,2023-02-21,9659
6231,系微,29,5,24,富邦-高雄,2023-02-21,9659
8222,寶一,168,145,23,富邦-高雄,2023-02-21,9659
4931,新盛力,40,17,23,富邦-高雄,2023-02-21,9659
6504,南六,31,9,22,富邦-高雄,2023-02-21,9659
2615,萬海,32,11,21,富邦-高雄,2023-02-21,9659
4550,長佳,21,0,21,富邦-高雄,2023-02-21,9659
2352,佳世達,21,0,21,富邦-高雄,2023-02-21,9659
3630,新鉅科,20,0,20,富邦-高雄,2023-02-21,9659
1109,信大,20,0,20,富邦-高雄,2023-02-21,9659
00706L,期元大S＆P日圓正2,20,0,20,富邦-高雄,2023-02-21,9659
2383,台光電,21,2,19,富邦-高雄,2023-02-21,9659
1103,嘉泥,29,10,19,富邦-高雄,2023-02-21,9659
3357,臺慶科,20,1,19,富邦-高雄,2023-02-21,9659
4114,健喬,47,28,19,富邦-高雄,2023-02-21,9659
1513,中興電,88,71,17,富邦-高雄,2023-02-21,9659
2201,裕隆,138,121,17,富邦-高雄,2023-02-21,9659
2027,大成鋼,23,7,16,富邦-高雄,2023-02-21,9659
2014,中鴻,16,1,15,富邦-高雄,2023-02-21,9659
8289,泰藝,50,36,14,富邦-高雄,2023-02-21,9659
3268,海德威,14,0,14,富邦-高雄,2023-02-21,9659
00671R,富邦NASDAQ反1,14,0,14,富邦-高雄,2023-02-21,9659
4960,誠美材,24,10,14,富邦-高雄,2023-02-21,9659
2889,國票金,14,0,14,富邦-高雄,2023-02-21,9659
2324,仁寶,14,1,13,富邦-高雄,2023-02-21,9659
00753L,中信中國50正2,43,30,13,富邦-高雄,2023-02-21,9659
4743,合一,29,16,13,富邦-高雄,2023-02-21,9659
4804,大略-KY,13,0,13,富邦-高雄,2023-02-21,9659
00680L,元大美債20正2,337,0,337,富邦-高雄,2023-02-22,9659
00878,國泰永續高股息,234,56,178,富邦-高雄,2023-02-22,9659
3481,群創,259,123,136,富邦-高雄,2023-02-22,9659
5340,建榮,54,0,54,富邦-高雄,2023-02-22,9659
2449,京元電子,51,0,51,富邦-高雄,2023-02-22,9659
2618,長榮航,53,6,47,富邦-高雄,2023-02-22,9659
3675,德微,52,5,47,富邦-高雄,2023-02-22,9659
1605,華新,69,24,45,富邦-高雄,2023-02-22,9659
00902,中信電池及儲能,45,0,45,富邦-高雄,2023-02-22,9659
3035,智原,48,4,44,富邦-高雄,2023-02-22,9659
3037,欣興,83,44,39,富邦-高雄,2023-02-22,9659
2330,台積電,43,12,31,富邦-高雄,2023-02-22,9659
00753L,中信中國50正2,32,1,31,富邦-高雄,2023-02-22,9659
3041,揚智,30,0,30,富邦-高雄,2023-02-22,9659
00679B,元大美債20年,32,2,30,富邦-高雄,2023-02-22,9659
4979,華星光,32,3,29,富邦-高雄,2023-02-22,9659
1519,華城,106,77,29,富邦-高雄,2023-02-22,9659
3419,譁裕,38,10,28,富邦-高雄,2023-02-22,9659
6116,彩晶,33,5,28,富邦-高雄,2023-02-22,9659
3357,臺慶科,40,14,26,富邦-高雄,2023-02-22,9659
1101,台泥,29,4,25,富邦-高雄,2023-02-22,9659
0056,元大高股息,51,28,23,富邦-高雄,2023-02-22,9659
3545,敦泰,26,3,23,富邦-高雄,2023-02-22,9659
00712,復華富時不動產,21,0,21,富邦-高雄,2023-02-22,9659
2641,正德,21,1,20,富邦-高雄,2023-02-22,9659
00725B,國泰投資級公司債,22,2,20,富邦-高雄,2023-02-22,9659
00637L,元大滬深300正2,22,2,20,富邦-高雄,2023-02-22,9659
6541,泰福-KY,20,0,20,富邦-高雄,2023-02-22,9659
00772B,中信高評級公司債,20,0,20,富邦-高雄,2023-02-22,9659
2327,國巨,20,2,18,富邦-高雄,2023-02-22,9659
2352,佳世達,21,3,18,富邦-高雄,2023-02-22,9659
8046,南電,38,21,17,富邦-高雄,2023-02-22,9659
2498,宏達電,33,16,17,富邦-高雄,2023-02-22,9659
3027,盛達,39,22,17,富邦-高雄,2023-02-22,9659
0050,元大台灣50,21,5,16,富邦-高雄,2023-02-22,9659
1789,神隆,15,0,15,富邦-高雄,2023-02-22,9659
4716,大立,15,0,15,富邦-高雄,2023-02-22,9659
00885,富邦越南,17,2,15,富邦-高雄,2023-02-22,9659
4114,健喬,26,11,15,富邦-高雄,2023-02-22,9659
6570,維田,18,3,15,富邦-高雄,2023-02-22,9659
2883,凱基金,18,3,15,富邦-高雄,2023-02-22,9659
3034,聯詠,28,14,14,富邦-高雄,2023-02-22,9659
00670L,富邦NASDAQ正2,19,5,14,富邦-高雄,2023-02-22,9659
2034,允強,15,1,14,富邦-高雄,2023-02-22,9659
2606,裕民,21,7,14,富邦-高雄,2023-02-22,9659
00713,元大台灣高息低波,17,3,14,富邦-高雄,2023-02-22,9659
00720B,元大投資級公司債,14,0,14,富邦-高雄,2023-02-22,9659
2353,宏��,13,0,13,富邦-高雄,2023-02-22,9659
1447,力鵬,13,0,13,富邦-高雄,2023-02-22,9659
1529,樂事綠能,14,1,13,富邦-高雄,2023-02-22,9659
4306,炎洲,162,0,162,富邦-高雄,2023-02-23,9659
00642U,期元大S＆P石油,129,0,129,富邦-高雄,2023-02-23,9659
00715L,期街口布蘭特正2,130,1,129,富邦-高雄,2023-02-23,9659
00637L,元大滬深300正2,128,11,117,富邦-高雄,2023-02-23,9659
1711,永光,100,0,100,富邦-高雄,2023-02-23,9659
6235,華孚,176,78,98,富邦-高雄,2023-02-23,9659
00712,復華富時不動產,76,1,75,富邦-高雄,2023-02-23,9659
00676R,富邦臺灣加權反1,70,6,64,富邦-高雄,2023-02-23,9659
00885,富邦越南,64,6,58,富邦-高雄,2023-02-23,9659
8289,泰藝,63,6,57,富邦-高雄,2023-02-23,9659
2367,燿華,50,6,44,富邦-高雄,2023-02-23,9659
00720B,元大投資級公司債,42,0,42,富邦-高雄,2023-02-23,9659
2303,聯電,99,58,41,富邦-高雄,2023-02-23,9659
3049,精金,50,10,40,富邦-高雄,2023-02-23,9659
00633L,富邦上証正2,48,8,40,富邦-高雄,2023-02-23,9659
4513,福裕,39,0,39,富邦-高雄,2023-02-23,9659
00772B,中信高評級公司債,38,0,38,富邦-高雄,2023-02-23,9659
00632R,元大台灣50反1,60,28,32,富邦-高雄,2023-02-23,9659
5512,力麒,126,94,32,富邦-高雄,2023-02-23,9659
3406,玉晶光,32,1,31,富邦-高雄,2023-02-23,9659
2882,國泰金,37,6,31,富邦-高雄,2023-02-23,9659
8411,福貞-KY,30,0,30,富邦-高雄,2023-02-23,9659
3022,威強電,29,1,28,富邦-高雄,2023-02-23,9659
1808,潤隆,26,0,26,富邦-高雄,2023-02-23,9659
6523,達爾膚,26,1,25,富邦-高雄,2023-02-23,9659
2867,三商壽,23,0,23,富邦-高雄,2023-02-23,9659
1218,泰山,29,6,23,富邦-高雄,2023-02-23,9659
1742,台蠟,22,0,22,富邦-高雄,2023-02-23,9659
6101,寬魚國際,34,12,22,富邦-高雄,2023-02-23,9659
3038,全台,24,4,20,富邦-高雄,2023-02-23,9659
3272,東碩,20,0,20,富邦-高雄,2023-02-23,9659
6266,泰詠,25,5,20,富邦-高雄,2023-02-23,9659
8163,達方,20,0,20,富邦-高雄,2023-02-23,9659
2736,富野,64,44,20,富邦-高雄,2023-02-23,9659
2409,友達,36,17,19,富邦-高雄,2023-02-23,9659
00725B,國泰投資級公司債,21,2,19,富邦-高雄,2023-02-23,9659
00892,富邦台灣半導體,41,22,19,富邦-高雄,2023-02-23,9659
3046,建��,23,4,19,富邦-高雄,2023-02-23,9659
2890,永豐金,20,1,19,富邦-高雄,2023-02-23,9659
00893,國泰智能電動車,23,5,18,富邦-高雄,2023-02-23,9659
2340,台亞,20,2,18,富邦-高雄,2023-02-23,9659
1217,愛之味,20,3,17,富邦-高雄,2023-02-23,9659
2344,華邦電,19,3,16,富邦-高雄,2023-02-23,9659
4543,萬在,16,0,16,富邦-高雄,2023-02-23,9659
6282,康舒,121,105,16,富邦-高雄,2023-02-23,9659
8358,金居,36,20,16,富邦-高雄,2023-02-23,9659
8033,雷虎,21,6,15,富邦-高雄,2023-02-23,9659
1584,精剛,25,10,15,富邦-高雄,2023-02-23,9659
3357,臺慶科,16,1,15,富邦-高雄,2023-02-23,9659
3710,連展投控,15,0,15,富邦-高雄,2023-02-23,9659
2425,承啟,295,36,259,富邦-高雄,2023-02-24,9659
2603,長榮,233,25,208,富邦-高雄,2023-02-24,9659
00878,國泰永續高股息,200,25,175,富邦-高雄,2023-02-24,9659
2303,聯電,184,37,147,富邦-高雄,2023-02-24,9659
00753L,中信中國50正2,147,0,147,富邦-高雄,2023-02-24,9659
1711,永光,100,0,100,富邦-高雄,2023-02-24,9659
00882,中信中國高股息,86,10,76,富邦-高雄,2023-02-24,9659
8928,鉅明,60,1,59,富邦-高雄,2023-02-24,9659
00900,富邦特選高股息30,65,6,59,富邦-高雄,2023-02-24,9659
5512,力麒,259,206,53,富邦-高雄,2023-02-24,9659
00885,富邦越南,47,2,45,富邦-高雄,2023-02-24,9659
2317,鴻海,52,7,45,富邦-高雄,2023-02-24,9659
3037,欣興,58,14,44,富邦-高雄,2023-02-24,9659
5457,宣德,47,5,42,富邦-高雄,2023-02-24,9659
6282,康舒,65,33,32,富邦-高雄,2023-02-24,9659
4306,炎洲,32,0,32,富邦-高雄,2023-02-24,9659
6770,力積電,32,1,31,富邦-高雄,2023-02-24,9659
8105,凌巨,30,0,30,富邦-高雄,2023-02-24,9659
3357,臺慶科,22,0,22,富邦-高雄,2023-02-24,9659
3693,營邦,27,6,21,富邦-高雄,2023-02-24,9659
00706L,期元大S＆P日圓正2,21,0,21,富邦-高雄,2023-02-24,9659
2834,臺企銀,42,22,20,富邦-高雄,2023-02-24,9659
2537,聯上發,20,0,20,富邦-高雄,2023-02-24,9659
00895,富邦未來車,21,1,20,富邦-高雄,2023-02-24,9659
4968,立積,20,1,19,富邦-高雄,2023-02-24,9659
2329,華泰,32,13,19,富邦-高雄,2023-02-24,9659
00830,國泰費城半導體,20,1,19,富邦-高雄,2023-02-24,9659
2731,雄獅,21,4,17,富邦-高雄,2023-02-24,9659
00720B,元大投資級公司債,17,0,17,富邦-高雄,2023-02-24,9659
2363,矽統,45,28,17,富邦-高雄,2023-02-24,9659
8163,達方,17,0,17,富邦-高雄,2023-02-24,9659
2812,台中銀,18,2,16,富邦-高雄,2023-02-24,9659
2884,玉山金,20,4,16,富邦-高雄,2023-02-24,9659
2308,台達電,17,1,16,富邦-高雄,2023-02-24,9659
2548,華固,15,0,15,富邦-高雄,2023-02-24,9659
1301,台塑,14,0,14,富邦-高雄,2023-02-24,9659
4584,君帆,14,0,14,富邦-高雄,2023-02-24,9659
5608,四維航,100,86,14,富邦-高雄,2023-02-24,9659
6138,茂達,15,2,13,富邦-高雄,2023-02-24,9659
3027,盛達,21,8,13,富邦-高雄,2023-02-24,9659
1519,華城,19,6,13,富邦-高雄,2023-02-24,9659
2323,中環,12,0,12,富邦-高雄,2023-02-24,9659
2399,映泰,17,5,12,富邦-高雄,2023-02-24,9659
3594,磐儀,24,12,12,富邦-高雄,2023-02-24,9659
2354,鴻準,18,7,11,富邦-高雄,2023-02-24,9659
6182,合晶,11,0,11,富邦-高雄,2023-02-24,9659
6143,振曜,11,0,11,富邦-高雄,2023-02-24,9659
4763,材料-KY,41,30,11,富邦-高雄,2023-02-24,9659
00888,永豐台灣ESG,11,0,11,富邦-高雄,2023-02-24,9659
1815,富喬,10,0,10,富邦-高雄,2023-02-24,9659
00897,富邦基因免疫生技,455,0,455,富邦-高雄,2023-03-01,9659
00878,國泰永續高股息,238,34,204,富邦-高雄,2023-03-01,9659
1605,華新,201,26,175,富邦-高雄,2023-03-01,9659
5608,四維航,149,60,89,富邦-高雄,2023-03-01,9659
00632R,元大台灣50反1,129,40,89,富邦-高雄,2023-03-01,9659
2601,益航,109,28,81,富邦-高雄,2023-03-01,9659
2002,中鋼,78,13,65,富邦-高雄,2023-03-01,9659
4121,優盛,60,0,60,富邦-高雄,2023-03-01,9659
3481,群創,88,39,49,富邦-高雄,2023-03-01,9659
6789,采鈺,54,6,48,富邦-高雄,2023-03-01,9659
00713,元大台灣高息低波,47,1,46,富邦-高雄,2023-03-01,9659
3661,世芯-KY,50,9,41,富邦-高雄,2023-03-01,9659
2867,三商壽,40,0,40,富邦-高雄,2023-03-01,9659
2441,超豐,36,1,35,富邦-高雄,2023-03-01,9659
8916,光隆,35,0,35,富邦-高雄,2023-03-01,9659
1101,台泥,50,16,34,富邦-高雄,2023-03-01,9659
1101B,台泥乙特,32,0,32,富邦-高雄,2023-03-01,9659
4915,致伸,39,7,32,富邦-高雄,2023-03-01,9659
00712,復華富時不動產,33,2,31,富邦-高雄,2023-03-01,9659
5353,台林,31,0,31,富邦-高雄,2023-03-01,9659
2883,凱基金,31,0,31,富邦-高雄,2023-03-01,9659
6603,富強鑫,30,0,30,富邦-高雄,2023-03-01,9659
2069,運錩,28,0,28,富邦-高雄,2023-03-01,9659
5009,榮剛,35,8,27,富邦-高雄,2023-03-01,9659
00772B,中信高評級公司債,26,0,26,富邦-高雄,2023-03-01,9659
2332,友訊,25,0,25,富邦-高雄,2023-03-01,9659
2888,新光金,24,1,23,富邦-高雄,2023-03-01,9659
00885,富邦越南,144,120,24,富邦-高雄,2023-03-01,9659
3652,精聯,26,3,23,富邦-高雄,2023-03-01,9659
3038,全台,45,22,23,富邦-高雄,2023-03-01,9659
00773B,中信優先金融債,28,6,22,富邦-高雄,2023-03-01,9659
3357,臺慶科,22,0,22,富邦-高雄,2023-03-01,9659
1314,中石化,22,1,21,富邦-高雄,2023-03-01,9659
2603,長榮,36,15,21,富邦-高雄,2023-03-01,9659
2881,富邦金,21,1,20,富邦-高雄,2023-03-01,9659
2201,裕隆,40,20,20,富邦-高雄,2023-03-01,9659
2347,聯強,22,2,20,富邦-高雄,2023-03-01,9659
2022,聚亨,20,0,20,富邦-高雄,2023-03-01,9659
2883B,凱基金乙特,20,0,20,富邦-高雄,2023-03-01,9659
2882,國泰金,21,2,19,富邦-高雄,2023-03-01,9659
4938,和碩,50,31,19,富邦-高雄,2023-03-01,9659
9907,統一實,21,2,19,富邦-高雄,2023-03-01,9659
1584,精剛,25,7,18,富邦-高雄,2023-03-01,9659
2618,長榮航,60,43,17,富邦-高雄,2023-03-01,9659
6101,寬魚國際,19,2,17,富邦-高雄,2023-03-01,9659
00715L,期街口布蘭特正2,23,6,17,富邦-高雄,2023-03-01,9659
00679B,元大美債20年,17,0,17,富邦-高雄,2023-03-01,9659
4977,眾達-KY,16,0,16,富邦-高雄,2023-03-01,9659
00725B,國泰投資級公司債,17,1,16,富邦-高雄,2023-03-01,9659
3443,創意,17,2,15,富邦-高雄,2023-03-01,9659
00878,國泰永續高股息,224,23,201,富邦-高雄,2023-03-02,9659
2340,台亞,172,14,158,富邦-高雄,2023-03-02,9659
00665L,富邦�琤肭磪囓�2,150,2,148,富邦-高雄,2023-03-02,9659
2442,新美齊,83,0,83,富邦-高雄,2023-03-02,9659
2603,長榮,166,89,77,富邦-高雄,2023-03-02,9659
6155,鈞寶,70,2,68,富邦-高雄,2023-03-02,9659
00753L,中信中國50正2,64,0,64,富邦-高雄,2023-03-02,9659
00712,復華富時不動產,59,0,59,富邦-高雄,2023-03-02,9659
2884,玉山金,56,0,56,富邦-高雄,2023-03-02,9659
1101,台泥,80,28,52,富邦-高雄,2023-03-02,9659
2605,新興,77,27,50,富邦-高雄,2023-03-02,9659
00679B,元大美債20年,47,1,46,富邦-高雄,2023-03-02,9659
2888,新光金,54,10,44,富邦-高雄,2023-03-02,9659
00885,富邦越南,51,7,44,富邦-高雄,2023-03-02,9659
2641,正德,64,21,43,富邦-高雄,2023-03-02,9659
3419,譁裕,41,1,40,富邦-高雄,2023-03-02,9659
2892,第一金,40,0,40,富邦-高雄,2023-03-02,9659
2482,連宇,39,4,35,富邦-高雄,2023-03-02,9659
2498,宏達電,39,7,32,富邦-高雄,2023-03-02,9659
00903,富邦元宇宙,32,0,32,富邦-高雄,2023-03-02,9659
00897,富邦基因免疫生技,41,9,32,富邦-高雄,2023-03-02,9659
2834,臺企銀,43,11,32,富邦-高雄,2023-03-02,9659
6531,愛普*,50,18,32,富邦-高雄,2023-03-02,9659
1101B,台泥乙特,29,0,29,富邦-高雄,2023-03-02,9659
3481,群創,40,12,28,富邦-高雄,2023-03-02,9659
00676R,富邦臺灣加權反1,27,0,27,富邦-高雄,2023-03-02,9659
2449,京元電子,27,0,27,富邦-高雄,2023-03-02,9659
2409,友達,28,1,27,富邦-高雄,2023-03-02,9659
00751B,元大AAA至A公司債,24,0,24,富邦-高雄,2023-03-02,9659
3209,全科,24,0,24,富邦-高雄,2023-03-02,9659
8227,巨有科技,34,10,24,富邦-高雄,2023-03-02,9659
4743,合一,25,1,24,富邦-高雄,2023-03-02,9659
00725B,國泰投資級公司債,22,0,22,富邦-高雄,2023-03-02,9659
3702,大聯大,20,0,20,富邦-高雄,2023-03-02,9659
2374,佳能,20,0,20,富邦-高雄,2023-03-02,9659
4960,誠美材,20,0,20,富邦-高雄,2023-03-02,9659
6026,福邦證,20,0,20,富邦-高雄,2023-03-02,9659
4974,亞泰,20,0,20,富邦-高雄,2023-03-02,9659
4961,天鈺,45,26,19,富邦-高雄,2023-03-02,9659
3027,盛達,38,19,19,富邦-高雄,2023-03-02,9659
5607,遠雄港,18,0,18,富邦-高雄,2023-03-02,9659
00772B,中信高評級公司債,18,0,18,富邦-高雄,2023-03-02,9659
4114,健喬,25,8,17,富邦-高雄,2023-03-02,9659
8033,雷虎,19,2,17,富邦-高雄,2023-03-02,9659
6180,橘子,23,6,17,富邦-高雄,2023-03-02,9659
00713,元大台灣高息低波,18,1,17,富邦-高雄,2023-03-02,9659
4716,大立,15,0,15,富邦-高雄,2023-03-02,9659
2349,錸德,15,0,15,富邦-高雄,2023-03-02,9659
6456,GIS-KY,15,0,15,富邦-高雄,2023-03-02,9659
2888B,新光金乙特,15,0,15,富邦-高雄,2023-03-02,9659
3481,群創,262,120,142,富邦-高雄,2023-03-03,9659
00673R,期元大S＆P原油反1,115,0,115,富邦-高雄,2023-03-03,9659
2618,長榮航,141,29,112,富邦-高雄,2023-03-03,9659
00632R,元大台灣50反1,110,5,105,富邦-高雄,2023-03-03,9659
2834,臺企銀,72,14,58,富邦-高雄,2023-03-03,9659
2442,新美齊,57,0,57,富邦-高雄,2023-03-03,9659
00637L,元大滬深300正2,66,10,56,富邦-高雄,2023-03-03,9659
2605,新興,68,21,47,富邦-高雄,2023-03-03,9659
00712,復華富時不動產,46,0,46,富邦-高雄,2023-03-03,9659
4541,晟田,50,5,45,富邦-高雄,2023-03-03,9659
6288,聯嘉,42,1,41,富邦-高雄,2023-03-03,9659
2388,威盛,69,28,41,富邦-高雄,2023-03-03,9659
2884,玉山金,36,0,36,富邦-高雄,2023-03-03,9659
3236,千如,38,5,33,富邦-高雄,2023-03-03,9659
6104,創惟,37,5,32,富邦-高雄,2023-03-03,9659
3209,全科,33,1,32,富邦-高雄,2023-03-03,9659
6770,力積電,47,15,32,富邦-高雄,2023-03-03,9659
5608,四維航,77,45,32,富邦-高雄,2023-03-03,9659
00679B,元大美債20年,32,1,31,富邦-高雄,2023-03-03,9659
8227,巨有科技,88,57,31,富邦-高雄,2023-03-03,9659
00676R,富邦臺灣加權反1,30,0,30,富邦-高雄,2023-03-03,9659
3466,德晉,25,0,25,富邦-高雄,2023-03-03,9659
00720B,元大投資級公司債,25,0,25,富邦-高雄,2023-03-03,9659
5512,力麒,37,14,23,富邦-高雄,2023-03-03,9659
2607,榮運,23,1,22,富邦-高雄,2023-03-03,9659
00888,永豐台灣ESG,26,4,22,富邦-高雄,2023-03-03,9659
3017,奇鋐,22,1,21,富邦-高雄,2023-03-03,9659
1101,台泥,22,2,20,富邦-高雄,2023-03-03,9659
3390,旭軟,20,0,20,富邦-高雄,2023-03-03,9659
5425,台半,47,27,20,富邦-高雄,2023-03-03,9659
6603,富強鑫,20,0,20,富邦-高雄,2023-03-03,9659
00772B,中信高評級公司債,18,0,18,富邦-高雄,2023-03-03,9659
5009,榮剛,32,15,17,富邦-高雄,2023-03-03,9659
2883,凱基金,20,4,16,富邦-高雄,2023-03-03,9659
1605,華新,44,28,16,富邦-高雄,2023-03-03,9659
4960,誠美材,16,0,16,富邦-高雄,2023-03-03,9659
2615,萬海,39,24,15,富邦-高雄,2023-03-03,9659
00912,中信臺灣智慧50,15,0,15,富邦-高雄,2023-03-03,9659
6689,伊雲谷,24,10,14,富邦-高雄,2023-03-03,9659
3227,原相,14,0,14,富邦-高雄,2023-03-03,9659
5258,虹堡,53,40,13,富邦-高雄,2023-03-03,9659
2867,三商壽,17,4,13,富邦-高雄,2023-03-03,9659
2482,連宇,15,2,13,富邦-高雄,2023-03-03,9659
3357,臺慶科,14,2,12,富邦-高雄,2023-03-03,9659
6142,友勁,12,0,12,富邦-高雄,2023-03-03,9659
3105,穩懋,15,3,12,富邦-高雄,2023-03-03,9659
00713,元大台灣高息低波,12,1,11,富邦-高雄,2023-03-03,9659
6182,合晶,11,0,11,富邦-高雄,2023-03-03,9659
3684,榮昌,16,5,11,富邦-高雄,2023-03-03,9659
2891,中信金,16,5,11,富邦-高雄,2023-03-03,9659
00665L,富邦�琤肭磪囓�2,139,0,139,富邦-高雄,2023-03-06,9659
2609,陽明,152,33,119,富邦-高雄,2023-03-06,9659
00673R,期元大S＆P原油反1,105,0,105,富邦-高雄,2023-03-06,9659
6189,豐藝,100,0,100,富邦-高雄,2023-03-06,9659
8033,雷虎,99,14,85,富邦-高雄,2023-03-06,9659
6789,采鈺,95,16,79,富邦-高雄,2023-03-06,9659
2618,長榮航,76,3,73,富邦-高雄,2023-03-06,9659
4113,聯上,75,3,72,富邦-高雄,2023-03-06,9659
2328,廣宇,70,7,63,富邦-高雄,2023-03-06,9659
3481,群創,211,162,49,富邦-高雄,2023-03-06,9659
2705,六福,43,0,43,富邦-高雄,2023-03-06,9659
00712,復華富時不動產,44,3,41,富邦-高雄,2023-03-06,9659
2330,台積電,45,5,40,富邦-高雄,2023-03-06,9659
00676R,富邦臺灣加權反1,40,0,40,富邦-高雄,2023-03-06,9659
6155,鈞寶,37,0,37,富邦-高雄,2023-03-06,9659
2634,漢翔,44,8,36,富邦-高雄,2023-03-06,9659
00655L,國泰中國A50正2,37,2,35,富邦-高雄,2023-03-06,9659
3019,亞光,66,33,33,富邦-高雄,2023-03-06,9659
6245,立端,34,2,32,富邦-高雄,2023-03-06,9659
4931,新盛力,37,5,32,富邦-高雄,2023-03-06,9659
2641,正德,93,62,31,富邦-高雄,2023-03-06,9659
1514,亞力,31,2,29,富邦-高雄,2023-03-06,9659
6643,M31,34,7,27,富邦-高雄,2023-03-06,9659
1742,台蠟,26,0,26,富邦-高雄,2023-03-06,9659
4979,華星光,87,61,26,富邦-高雄,2023-03-06,9659
3013,晟銘電,34,8,26,富邦-高雄,2023-03-06,9659
4541,晟田,26,1,25,富邦-高雄,2023-03-06,9659
2888,新光金,31,6,25,富邦-高雄,2023-03-06,9659
6288,聯嘉,26,2,24,富邦-高雄,2023-03-06,9659
2402,毅嘉,26,3,23,富邦-高雄,2023-03-06,9659
1584,精剛,36,13,23,富邦-高雄,2023-03-06,9659
00637L,元大滬深300正2,73,52,21,富邦-高雄,2023-03-06,9659
8261,富鼎,22,1,21,富邦-高雄,2023-03-06,9659
8069,元太,50,29,21,富邦-高雄,2023-03-06,9659
3356,奇偶,50,30,20,富邦-高雄,2023-03-06,9659
1409,新纖,20,0,20,富邦-高雄,2023-03-06,9659
6531,愛普*,86,66,20,富邦-高雄,2023-03-06,9659
2332,友訊,24,5,19,富邦-高雄,2023-03-06,9659
2352,佳世達,23,4,19,富邦-高雄,2023-03-06,9659
6576,逸達,17,0,17,富邦-高雄,2023-03-06,9659
3236,千如,37,21,16,富邦-高雄,2023-03-06,9659
2313,華通,29,14,15,富邦-高雄,2023-03-06,9659
3416,融程電,20,5,15,富邦-高雄,2023-03-06,9659
6180,橘子,17,2,15,富邦-高雄,2023-03-06,9659
8072,陞泰,16,1,15,富邦-高雄,2023-03-06,9659
2886,兆豐金,15,0,15,富邦-高雄,2023-03-06,9659
5009,榮剛,16,2,14,富邦-高雄,2023-03-06,9659
1539,巨庭,30,16,14,富邦-高雄,2023-03-06,9659
6231,系微,15,1,14,富邦-高雄,2023-03-06,9659
3675,德微,38,25,13,富邦-高雄,2023-03-06,9659
00637L,元大滬深300正2,182,5,177,富邦-高雄,2023-03-07,9659
3265,台星科,112,4,108,富邦-高雄,2023-03-07,9659
00772B,中信高評級公司債,94,0,94,富邦-高雄,2023-03-07,9659
2610,華航,135,50,85,富邦-高雄,2023-03-07,9659
00673R,期元大S＆P原油反1,71,0,71,富邦-高雄,2023-03-07,9659
2022,聚亨,70,0,70,富邦-高雄,2023-03-07,9659
6770,力積電,167,106,61,富邦-高雄,2023-03-07,9659
8289,泰藝,54,1,53,富邦-高雄,2023-03-07,9659
4113,聯上,63,11,52,富邦-高雄,2023-03-07,9659
2352,佳世達,52,2,50,富邦-高雄,2023-03-07,9659
5353,台林,40,2,38,富邦-高雄,2023-03-07,9659
4960,誠美材,38,0,38,富邦-高雄,2023-03-07,9659
3481,群創,187,150,37,富邦-高雄,2023-03-07,9659
2618,長榮航,50,16,34,富邦-高雄,2023-03-07,9659
5443,均豪,55,21,34,富邦-高雄,2023-03-07,9659
00712,復華富時不動產,33,0,33,富邦-高雄,2023-03-07,9659
00878,國泰永續高股息,81,50,31,富邦-高雄,2023-03-07,9659
00885,富邦越南,30,0,30,富邦-高雄,2023-03-07,9659
2867,三商壽,46,20,26,富邦-高雄,2023-03-07,9659
3591,艾笛森,29,3,26,富邦-高雄,2023-03-07,9659
6282,康舒,63,38,25,富邦-高雄,2023-03-07,9659
6147,頎邦,32,7,25,富邦-高雄,2023-03-07,9659
00679B,元大美債20年,24,0,24,富邦-高雄,2023-03-07,9659
2482,連宇,70,47,23,富邦-高雄,2023-03-07,9659
2405,輔信,27,4,23,富邦-高雄,2023-03-07,9659
1519,華城,103,80,23,富邦-高雄,2023-03-07,9659
6443,元晶,41,18,23,富邦-高雄,2023-03-07,9659
00713,元大台灣高息低波,24,1,23,富邦-高雄,2023-03-07,9659
00715L,期街口布蘭特正2,41,19,22,富邦-高雄,2023-03-07,9659
6234,高僑,24,2,22,富邦-高雄,2023-03-07,9659
4526,東台,23,1,22,富邦-高雄,2023-03-07,9659
6672,騰輝電子-KY,22,0,22,富邦-高雄,2023-03-07,9659
1529,樂事綠能,26,5,21,富邦-高雄,2023-03-07,9659
2705,六福,21,0,21,富邦-高雄,2023-03-07,9659
3703,欣陸,22,1,21,富邦-高雄,2023-03-07,9659
1584,精剛,40,20,20,富邦-高雄,2023-03-07,9659
2548,華固,20,0,20,富邦-高雄,2023-03-07,9659
3272,東碩,22,2,20,富邦-高雄,2023-03-07,9659
3037,欣興,25,5,20,富邦-高雄,2023-03-07,9659
2206,三陽工業,20,1,19,富邦-高雄,2023-03-07,9659
8227,巨有科技,21,2,19,富邦-高雄,2023-03-07,9659
00655L,國泰中國A50正2,17,0,17,富邦-高雄,2023-03-07,9659
5512,力麒,19,2,17,富邦-高雄,2023-03-07,9659
1533,車王電,16,0,16,富邦-高雄,2023-03-07,9659
3675,德微,41,25,16,富邦-高雄,2023-03-07,9659
2609,陽明,47,32,15,富邦-高雄,2023-03-07,9659
2344,華邦電,54,40,14,富邦-高雄,2023-03-07,9659
1718,中纖,26,12,14,富邦-高雄,2023-03-07,9659
6531,愛普*,34,21,13,富邦-高雄,2023-03-07,9659
3710,連展投控,14,1,13,富邦-高雄,2023-03-07,9659
00897,富邦基因免疫生技,617,0,617,富邦-高雄,2023-03-08,9659
00753L,中信中國50正2,191,1,190,富邦-高雄,2023-03-08,9659
00673R,期元大S＆P原油反1,151,54,97,富邦-高雄,2023-03-08,9659
3702,大聯大,90,0,90,富邦-高雄,2023-03-08,9659
00878,國泰永續高股息,95,16,79,富邦-高雄,2023-03-08,9659
4113,聯上,75,10,65,富邦-高雄,2023-03-08,9659
2705,六福,65,1,64,富邦-高雄,2023-03-08,9659
00637L,元大滬深300正2,128,68,60,富邦-高雄,2023-03-08,9659
1605,華新,83,31,52,富邦-高雄,2023-03-08,9659
3356,奇偶,49,0,49,富邦-高雄,2023-03-08,9659
00715L,期街口布蘭特正2,48,1,47,富邦-高雄,2023-03-08,9659
3062,建漢,62,16,46,富邦-高雄,2023-03-08,9659
2888,新光金,46,1,45,富邦-高雄,2023-03-08,9659
1701,中化,51,9,42,富邦-高雄,2023-03-08,9659
2359,所羅門,78,37,41,富邦-高雄,2023-03-08,9659
00712,復華富時不動產,40,0,40,富邦-高雄,2023-03-08,9659
3481,群創,82,42,40,富邦-高雄,2023-03-08,9659
1762,中化生,39,0,39,富邦-高雄,2023-03-08,9659
00923,群益台ESG低碳50,38,0,38,富邦-高雄,2023-03-08,9659
1524,耿鼎,37,2,35,富邦-高雄,2023-03-08,9659
01003T,兆豐新光R1,34,0,34,富邦-高雄,2023-03-08,9659
4938,和碩,32,1,31,富邦-高雄,2023-03-08,9659
1504,東元,40,9,31,富邦-高雄,2023-03-08,9659
1101,台泥,62,31,31,富邦-高雄,2023-03-08,9659
5371,中光電,32,2,30,富邦-高雄,2023-03-08,9659
3046,建��,56,30,26,富邦-高雄,2023-03-08,9659
00679B,元大美債20年,26,0,26,富邦-高雄,2023-03-08,9659
4541,晟田,30,4,26,富邦-高雄,2023-03-08,9659
5009,榮剛,99,73,26,富邦-高雄,2023-03-08,9659
6244,茂迪,26,1,25,富邦-高雄,2023-03-08,9659
00631L,元大台灣50正2,24,0,24,富邦-高雄,2023-03-08,9659
9907,統一實,26,4,22,富邦-高雄,2023-03-08,9659
3693,營邦,22,1,21,富邦-高雄,2023-03-08,9659
3013,晟銘電,50,29,21,富邦-高雄,2023-03-08,9659
00633L,富邦上証正2,20,0,20,富邦-高雄,2023-03-08,9659
8936,國統,29,9,20,富邦-高雄,2023-03-08,9659
2498,宏達電,44,24,20,富邦-高雄,2023-03-08,9659
0056,元大高股息,35,15,20,富邦-高雄,2023-03-08,9659
2481,強茂,111,92,19,富邦-高雄,2023-03-08,9659
1786,科妍,22,3,19,富邦-高雄,2023-03-08,9659
00882,中信中國高股息,19,0,19,富邦-高雄,2023-03-08,9659
6235,華孚,64,45,19,富邦-高雄,2023-03-08,9659
00751B,元大AAA至A公司債,24,5,19,富邦-高雄,2023-03-08,9659
00713,元大台灣高息低波,23,5,18,富邦-高雄,2023-03-08,9659
2891,中信金,23,5,18,富邦-高雄,2023-03-08,9659
2009,第一銅,18,0,18,富邦-高雄,2023-03-08,9659
2317,鴻海,56,38,18,富邦-高雄,2023-03-08,9659
2882,國泰金,18,1,17,富邦-高雄,2023-03-08,9659
3406,玉晶光,21,4,17,富邦-高雄,2023-03-08,9659
1519,華城,96,79,17,富邦-高雄,2023-03-08,9659
00878,國泰永續高股息,397,14,383,富邦-高雄,2023-03-09,9659
2317,鴻海,175,18,157,富邦-高雄,2023-03-09,9659
3024,憶聲,159,5,154,富邦-高雄,2023-03-09,9659
3481,群創,176,37,139,富邦-高雄,2023-03-09,9659
3059,華晶科,66,0,66,富邦-高雄,2023-03-09,9659
1316,上曜,63,0,63,富邦-高雄,2023-03-09,9659
00919,群益台灣精選高息,50,0,50,富邦-高雄,2023-03-09,9659
2883,凱基金,58,10,48,富邦-高雄,2023-03-09,9659
3041,揚智,50,4,46,富邦-高雄,2023-03-09,9659
00900,富邦特選高股息30,55,9,46,富邦-高雄,2023-03-09,9659
1101,台泥,48,4,44,富邦-高雄,2023-03-09,9659
6672,騰輝電子-KY,43,1,42,富邦-高雄,2023-03-09,9659
5425,台半,74,34,40,富邦-高雄,2023-03-09,9659
6233,旺玖,40,0,40,富邦-高雄,2023-03-09,9659
2022,聚亨,40,0,40,富邦-高雄,2023-03-09,9659
2880,華南金,39,0,39,富邦-高雄,2023-03-09,9659
2881,富邦金,38,0,38,富邦-高雄,2023-03-09,9659
6282,康舒,89,52,37,富邦-高雄,2023-03-09,9659
6290,良維,41,5,36,富邦-高雄,2023-03-09,9659
2884,玉山金,33,0,33,富邦-高雄,2023-03-09,9659
2457,飛宏,80,49,31,富邦-高雄,2023-03-09,9659
00650L,復華香港正2,30,0,30,富邦-高雄,2023-03-09,9659
2367,燿華,36,7,29,富邦-高雄,2023-03-09,9659
3046,建��,56,27,29,富邦-高雄,2023-03-09,9659
1718,中纖,40,11,29,富邦-高雄,2023-03-09,9659
8222,寶一,62,34,28,富邦-高雄,2023-03-09,9659
1402,遠東新,28,0,28,富邦-高雄,2023-03-09,9659
00679B,元大美債20年,31,3,28,富邦-高雄,2023-03-09,9659
2537,聯上發,27,0,27,富邦-高雄,2023-03-09,9659
6245,立端,32,5,27,富邦-高雄,2023-03-09,9659
1762,中化生,32,5,27,富邦-高雄,2023-03-09,9659
3289,宜特,55,28,27,富邦-高雄,2023-03-09,9659
6770,力積電,54,28,26,富邦-高雄,2023-03-09,9659
2409,友達,39,14,25,富邦-高雄,2023-03-09,9659
2328,廣宇,28,3,25,富邦-高雄,2023-03-09,9659
2484,希華,36,11,25,富邦-高雄,2023-03-09,9659
4560,強信-KY,24,0,24,富邦-高雄,2023-03-09,9659
2892,第一金,23,0,23,富邦-高雄,2023-03-09,9659
00715L,期街口布蘭特正2,26,3,23,富邦-高雄,2023-03-09,9659
2887,台新金,25,2,23,富邦-高雄,2023-03-09,9659
6418,詠昇,23,0,23,富邦-高雄,2023-03-09,9659
2408,南亞科,23,0,23,富邦-高雄,2023-03-09,9659
3702,大聯大,23,0,23,富邦-高雄,2023-03-09,9659
6116,彩晶,25,3,22,富邦-高雄,2023-03-09,9659
2890,永豐金,21,0,21,富邦-高雄,2023-03-09,9659
00923,群益台ESG低碳50,21,0,21,富邦-高雄,2023-03-09,9659
1432,大魯閣,26,4,22,富邦-高雄,2023-03-09,9659
2027,大成鋼,46,25,21,富邦-高雄,2023-03-09,9659
2606,裕民,35,14,21,富邦-高雄,2023-03-09,9659
3162,精確,21,0,21,富邦-高雄,2023-03-09,9659
00878,國泰永續高股息,437,47,390,富邦-高雄,2023-03-10,9659
2603,長榮,290,89,201,富邦-高雄,2023-03-10,9659
2618,長榮航,177,16,161,富邦-高雄,2023-03-10,9659
1514,亞力,166,10,156,富邦-高雄,2023-03-10,9659
00632R,元大台灣50反1,175,36,139,富邦-高雄,2023-03-10,9659
00712,復華富時不動產,151,25,126,富邦-高雄,2023-03-10,9659
2888,新光金,169,56,113,富邦-高雄,2023-03-10,9659
2610,華航,171,75,96,富邦-高雄,2023-03-10,9659
00715L,期街口布蘭特正2,64,1,63,富邦-高雄,2023-03-10,9659
2409,友達,68,8,60,富邦-高雄,2023-03-10,9659
0056,元大高股息,101,47,54,富邦-高雄,2023-03-10,9659
3701,大眾控,72,19,53,富邦-高雄,2023-03-10,9659
2881,富邦金,54,1,53,富邦-高雄,2023-03-10,9659
3576,聯合再生,58,11,47,富邦-高雄,2023-03-10,9659
00713,元大台灣高息低波,62,16,46,富邦-高雄,2023-03-10,9659
1718,中纖,55,12,43,富邦-高雄,2023-03-10,9659
00633L,富邦上証正2,64,22,42,富邦-高雄,2023-03-10,9659
8039,台虹,42,0,42,富邦-高雄,2023-03-10,9659
2834,臺企銀,65,24,41,富邦-高雄,2023-03-10,9659
00885,富邦越南,42,4,38,富邦-高雄,2023-03-10,9659
00897,富邦基因免疫生技,41,4,37,富邦-高雄,2023-03-10,9659
8069,元太,54,18,36,富邦-高雄,2023-03-10,9659
2884,玉山金,41,5,36,富邦-高雄,2023-03-10,9659
2022,聚亨,35,0,35,富邦-高雄,2023-03-10,9659
2609,陽明,438,404,34,富邦-高雄,2023-03-10,9659
00923,群益台ESG低碳50,34,2,32,富邦-高雄,2023-03-10,9659
00893,國泰智能電動車,38,6,32,富邦-高雄,2023-03-10,9659
2441,超豐,31,0,31,富邦-高雄,2023-03-10,9659
4938,和碩,45,14,31,富邦-高雄,2023-03-10,9659
4906,正文,30,0,30,富邦-高雄,2023-03-10,9659
2883,凱基金,142,112,30,富邦-高雄,2023-03-10,9659
00679B,元大美債20年,40,11,29,富邦-高雄,2023-03-10,9659
2882,國泰金,26,0,26,富邦-高雄,2023-03-10,9659
8916,光隆,26,0,26,富邦-高雄,2023-03-10,9659
2481,強茂,37,11,26,富邦-高雄,2023-03-10,9659
5371,中光電,25,0,25,富邦-高雄,2023-03-10,9659
2880,華南金,24,0,24,富邦-高雄,2023-03-10,9659
2401,凌陽,24,0,24,富邦-高雄,2023-03-10,9659
1314,中石化,25,1,24,富邦-高雄,2023-03-10,9659
8033,雷虎,27,3,24,富邦-高雄,2023-03-10,9659
6576,逸達,24,1,23,富邦-高雄,2023-03-10,9659
2317,鴻海,28,5,23,富邦-高雄,2023-03-10,9659
6505,台塑化,23,1,22,富邦-高雄,2023-03-10,9659
2528,皇普,21,0,21,富邦-高雄,2023-03-10,9659
6104,創惟,25,5,20,富邦-高雄,2023-03-10,9659
0050,元大台灣50,29,8,21,富邦-高雄,2023-03-10,9659
911608,明輝-DR,20,0,20,富邦-高雄,2023-03-10,9659
2634,漢翔,36,16,20,富邦-高雄,2023-03-10,9659
5880,合庫金,20,0,20,富邦-高雄,2023-03-10,9659
5009,榮剛,32,13,19,富邦-高雄,2023-03-10,9659
00679B,元大美債20年,338,5,333,富邦-高雄,2023-03-13,9659
00878,國泰永續高股息,335,54,281,富邦-高雄,2023-03-13,9659
00712,復華富時不動產,166,0,166,富邦-高雄,2023-03-13,9659
2603,長榮,161,68,93,富邦-高雄,2023-03-13,9659
6163,華電網,85,15,70,富邦-高雄,2023-03-13,9659
00713,元大台灣高息低波,64,0,64,富邦-高雄,2023-03-13,9659
3059,華晶科,111,52,59,富邦-高雄,2023-03-13,9659
00753L,中信中國50正2,57,10,47,富邦-高雄,2023-03-13,9659
00665L,富邦�琤肭磪囓�2,47,1,46,富邦-高雄,2023-03-13,9659
2884,玉山金,61,17,44,富邦-高雄,2023-03-13,9659
2618,長榮航,69,29,40,富邦-高雄,2023-03-13,9659
2834,臺企銀,66,26,40,富邦-高雄,2023-03-13,9659
6504,南六,47,10,37,富邦-高雄,2023-03-13,9659
3481,群創,91,56,35,富邦-高雄,2023-03-13,9659
4960,誠美材,35,0,35,富邦-高雄,2023-03-13,9659
2634,漢翔,47,13,34,富邦-高雄,2023-03-13,9659
2427,三商電,40,7,33,富邦-高雄,2023-03-13,9659
2498,宏達電,53,23,30,富邦-高雄,2023-03-13,9659
1519,華城,31,2,29,富邦-高雄,2023-03-13,9659
2002,中鋼,38,10,28,富邦-高雄,2023-03-13,9659
00751B,元大AAA至A公司債,28,0,28,富邦-高雄,2023-03-13,9659
8936,國統,29,2,27,富邦-高雄,2023-03-13,9659
2883,凱基金,46,23,23,富邦-高雄,2023-03-13,9659
1101,台泥,33,10,23,富邦-高雄,2023-03-13,9659
2892,第一金,26,4,22,富邦-高雄,2023-03-13,9659
00773B,中信優先金融債,30,8,22,富邦-高雄,2023-03-13,9659
2457,飛宏,110,88,22,富邦-高雄,2023-03-13,9659
1314,中石化,23,1,22,富邦-高雄,2023-03-13,9659
00715L,期街口布蘭特正2,50,28,22,富邦-高雄,2023-03-13,9659
2888,新光金,67,46,21,富邦-高雄,2023-03-13,9659
4417,金洲,21,0,21,富邦-高雄,2023-03-13,9659
3675,德微,23,2,21,富邦-高雄,2023-03-13,9659
2890,永豐金,22,1,21,富邦-高雄,2023-03-13,9659
2374,佳能,20,0,20,富邦-高雄,2023-03-13,9659
00669R,國泰美國道瓊反1,23,4,19,富邦-高雄,2023-03-13,9659
2328,廣宇,20,1,19,富邦-高雄,2023-03-13,9659
6282,康舒,24,5,19,富邦-高雄,2023-03-13,9659
2359,所羅門,36,19,17,富邦-高雄,2023-03-13,9659
00923,群益台ESG低碳50,22,5,17,富邦-高雄,2023-03-13,9659
00720B,元大投資級公司債,17,0,17,富邦-高雄,2023-03-13,9659
2881,富邦金,38,21,17,富邦-高雄,2023-03-13,9659
9907,統一實,16,0,16,富邦-高雄,2023-03-13,9659
8477,創業家,16,0,16,富邦-高雄,2023-03-13,9659
3006,晶豪科,15,0,15,富邦-高雄,2023-03-13,9659
6770,力積電,28,13,15,富邦-高雄,2023-03-13,9659
3056,富華新,15,0,15,富邦-高雄,2023-03-13,9659
1455,集盛,15,0,15,富邦-高雄,2023-03-13,9659
1316,上曜,22,8,14,富邦-高雄,2023-03-13,9659
2023,燁輝,16,2,14,富邦-高雄,2023-03-13,9659
00882,中信中國高股息,14,1,13,富邦-高雄,2023-03-13,9659
00676R,富邦臺灣加權反1,600,0,600,富邦-高雄,2023-03-14,9659
00878,國泰永續高股息,451,22,429,富邦-高雄,2023-03-14,9659
2888,新光金,370,0,370,富邦-高雄,2023-03-14,9659
00632R,元大台灣50反1,374,175,199,富邦-高雄,2023-03-14,9659
00664R,國泰臺灣加權反1,160,0,160,富邦-高雄,2023-03-14,9659
00642U,期元大S＆P石油,104,2,102,富邦-高雄,2023-03-14,9659
2883,凱基金,127,25,102,富邦-高雄,2023-03-14,9659
00715L,期街口布蘭特正2,120,20,100,富邦-高雄,2023-03-14,9659
6243,迅杰,100,2,98,富邦-高雄,2023-03-14,9659
00885,富邦越南,96,0,96,富邦-高雄,2023-03-14,9659
2618,長榮航,117,33,84,富邦-高雄,2023-03-14,9659
0056,元大高股息,81,9,72,富邦-高雄,2023-03-14,9659
00893,國泰智能電動車,76,3,73,富邦-高雄,2023-03-14,9659
2303,聯電,83,14,69,富邦-高雄,2023-03-14,9659
00713,元大台灣高息低波,68,0,68,富邦-高雄,2023-03-14,9659
2610,華航,88,27,61,富邦-高雄,2023-03-14,9659
00679B,元大美債20年,89,29,60,富邦-高雄,2023-03-14,9659
00923,群益台ESG低碳50,58,0,58,富邦-高雄,2023-03-14,9659
00720B,元大投資級公司債,59,1,58,富邦-高雄,2023-03-14,9659
00773B,中信優先金融債,63,6,57,富邦-高雄,2023-03-14,9659
2891,中信金,58,2,56,富邦-高雄,2023-03-14,9659
3675,德微,54,2,52,富邦-高雄,2023-03-14,9659
2834,臺企銀,61,9,52,富邦-高雄,2023-03-14,9659
2609,陽明,144,96,48,富邦-高雄,2023-03-14,9659
5880,合庫金,49,1,48,富邦-高雄,2023-03-14,9659
2388,威盛,60,13,47,富邦-高雄,2023-03-14,9659
2409,友達,43,2,41,富邦-高雄,2023-03-14,9659
2880,華南金,41,0,41,富邦-高雄,2023-03-14,9659
6122,擎邦,79,42,37,富邦-高雄,2023-03-14,9659
2884,玉山金,38,3,35,富邦-高雄,2023-03-14,9659
2881,富邦金,41,6,35,富邦-高雄,2023-03-14,9659
2892,第一金,38,5,33,富邦-高雄,2023-03-14,9659
00712,復華富時不動產,81,50,31,富邦-高雄,2023-03-14,9659
8046,南電,44,17,27,富邦-高雄,2023-03-14,9659
2457,飛宏,281,256,25,富邦-高雄,2023-03-14,9659
00637L,元大滬深300正2,94,70,24,富邦-高雄,2023-03-14,9659
1785,光洋科,33,10,23,富邦-高雄,2023-03-14,9659
00882,中信中國高股息,23,0,23,富邦-高雄,2023-03-14,9659
00753L,中信中國50正2,23,0,23,富邦-高雄,2023-03-14,9659
3707,漢磊,24,2,22,富邦-高雄,2023-03-14,9659
1529,樂事綠能,21,0,21,富邦-高雄,2023-03-14,9659
1513,中興電,26,6,20,富邦-高雄,2023-03-14,9659
2601,益航,55,36,19,富邦-高雄,2023-03-14,9659
1339,昭輝,19,1,18,富邦-高雄,2023-03-14,9659
0050,元大台灣50,17,0,17,富邦-高雄,2023-03-14,9659
2104,國際中橡,16,0,16,富邦-高雄,2023-03-14,9659
6290,良維,21,5,16,富邦-高雄,2023-03-14,9659
2002,中鋼,25,9,16,富邦-高雄,2023-03-14,9659
2313,華通,16,1,15,富邦-高雄,2023-03-14,9659
00640L,富邦日本正2,15,0,15,富邦-高雄,2023-03-14,9659
2888,新光金,327,55,272,富邦-高雄,2023-03-15,9659
00715L,期街口布蘭特正2,148,10,138,富邦-高雄,2023-03-15,9659
3011,今皓,104,2,102,富邦-高雄,2023-03-15,9659
2609,陽明,167,73,94,富邦-高雄,2023-03-15,9659
00830,國泰費城半導體,88,11,77,富邦-高雄,2023-03-15,9659
2891,中信金,69,0,69,富邦-高雄,2023-03-15,9659
00712,復華富時不動產,67,3,64,富邦-高雄,2023-03-15,9659
00642U,期元大S＆P石油,87,36,51,富邦-高雄,2023-03-15,9659
6118,建達,46,1,45,富邦-高雄,2023-03-15,9659
2883,凱基金,42,1,41,富邦-高雄,2023-03-15,9659
2388,威盛,53,18,35,富邦-高雄,2023-03-15,9659
2887,台新金,32,2,30,富邦-高雄,2023-03-15,9659
4550,長佳,63,34,29,富邦-高雄,2023-03-15,9659
3209,全科,31,3,28,富邦-高雄,2023-03-15,9659
2881,富邦金,35,8,27,富邦-高雄,2023-03-15,9659
5880,合庫金,27,1,26,富邦-高雄,2023-03-15,9659
2880,華南金,25,0,25,富邦-高雄,2023-03-15,9659
00671R,富邦NASDAQ反1,25,0,25,富邦-高雄,2023-03-15,9659
3625,西勝,25,1,24,富邦-高雄,2023-03-15,9659
2344,華邦電,28,5,23,富邦-高雄,2023-03-15,9659
3591,艾笛森,23,0,23,富邦-高雄,2023-03-15,9659
2457,飛宏,51,29,22,富邦-高雄,2023-03-15,9659
1529,樂事綠能,24,2,22,富邦-高雄,2023-03-15,9659
2409,友達,31,10,21,富邦-高雄,2023-03-15,9659
6770,力積電,21,0,21,富邦-高雄,2023-03-15,9659
00679B,元大美債20年,23,3,20,富邦-高雄,2023-03-15,9659
8227,巨有科技,21,1,20,富邦-高雄,2023-03-15,9659
6122,擎邦,33,13,20,富邦-高雄,2023-03-15,9659
3596,智易,21,1,20,富邦-高雄,2023-03-15,9659
2618,長榮航,31,12,19,富邦-高雄,2023-03-15,9659
00713,元大台灣高息低波,25,6,19,富邦-高雄,2023-03-15,9659
2884,玉山金,20,2,18,富邦-高雄,2023-03-15,9659
2890,永豐金,18,0,18,富邦-高雄,2023-03-15,9659
3207,耀勝,21,3,18,富邦-高雄,2023-03-15,9659
1314,中石化,17,0,17,富邦-高雄,2023-03-15,9659
6504,南六,24,7,17,富邦-高雄,2023-03-15,9659
2834,臺企銀,18,2,16,富邦-高雄,2023-03-15,9659
2614,東森,16,1,15,富邦-高雄,2023-03-15,9659
2605,新興,38,23,15,富邦-高雄,2023-03-15,9659
1442,名軒,15,0,15,富邦-高雄,2023-03-15,9659
1626,艾美特-KY,15,0,15,富邦-高雄,2023-03-15,9659
1504,東元,30,16,14,富邦-高雄,2023-03-15,9659
8916,光隆,14,0,14,富邦-高雄,2023-03-15,9659
6789,采鈺,14,0,14,富邦-高雄,2023-03-15,9659
2610,華航,31,17,14,富邦-高雄,2023-03-15,9659
6190,萬泰科,14,0,14,富邦-高雄,2023-03-15,9659
2482,連宇,24,10,14,富邦-高雄,2023-03-15,9659
00720B,元大投資級公司債,13,0,13,富邦-高雄,2023-03-15,9659
4958,臻鼎-KY,13,0,13,富邦-高雄,2023-03-15,9659
9942,茂順,12,0,12,富邦-高雄,2023-03-15,9659
00878,國泰永續高股息,644,57,587,富邦-高雄,2023-03-16,9659
2834,臺企銀,510,209,301,富邦-高雄,2023-03-16,9659
00715L,期街口布蘭特正2,194,43,151,富邦-高雄,2023-03-16,9659
3011,今皓,143,0,143,富邦-高雄,2023-03-16,9659
2891,中信金,127,5,122,富邦-高雄,2023-03-16,9659
2618,長榮航,112,8,104,富邦-高雄,2023-03-16,9659
2884,玉山金,78,5,73,富邦-高雄,2023-03-16,9659
00713,元大台灣高息低波,92,21,71,富邦-高雄,2023-03-16,9659
2023,燁輝,63,1,62,富邦-高雄,2023-03-16,9659
6285,啟��,62,0,62,富邦-高雄,2023-03-16,9659
2867,三商壽,128,73,55,富邦-高雄,2023-03-16,9659
00923,群益台ESG低碳50,52,0,52,富邦-高雄,2023-03-16,9659
2883,凱基金,71,20,51,富邦-高雄,2023-03-16,9659
2610,華航,64,13,51,富邦-高雄,2023-03-16,9659
2603,長榮,224,175,49,富邦-高雄,2023-03-16,9659
2486,一詮,52,6,46,富邦-高雄,2023-03-16,9659
2888,新光金,130,86,44,富邦-高雄,2023-03-16,9659
0056,元大高股息,69,25,44,富邦-高雄,2023-03-16,9659
2515,中工,71,28,43,富邦-高雄,2023-03-16,9659
2881,富邦金,68,25,43,富邦-高雄,2023-03-16,9659
2027,大成鋼,55,17,38,富邦-高雄,2023-03-16,9659
4938,和碩,44,7,37,富邦-高雄,2023-03-16,9659
2353,宏��,34,0,34,富邦-高雄,2023-03-16,9659
00712,復華富時不動產,33,0,33,富邦-高雄,2023-03-16,9659
2401,凌陽,38,6,32,富邦-高雄,2023-03-16,9659
5880,合庫金,32,1,31,富邦-高雄,2023-03-16,9659
2030,彰源,30,0,30,富邦-高雄,2023-03-16,9659
2022,聚亨,30,0,30,富邦-高雄,2023-03-16,9659
3189,景碩,41,11,30,富邦-高雄,2023-03-16,9659
00772B,中信高評級公司債,33,4,29,富邦-高雄,2023-03-16,9659
2892,第一金,44,15,29,富邦-高雄,2023-03-16,9659
2615,萬海,50,21,29,富邦-高雄,2023-03-16,9659
1533,車王電,38,10,28,富邦-高雄,2023-03-16,9659
6443,元晶,39,13,26,富邦-高雄,2023-03-16,9659
6101,寬魚國際,36,10,26,富邦-高雄,2023-03-16,9659
0050,元大台灣50,26,0,26,富邦-高雄,2023-03-16,9659
9136,巨騰-DR,25,0,25,富邦-高雄,2023-03-16,9659
1605,華新,35,11,24,富邦-高雄,2023-03-16,9659
8454,富邦媒,26,3,23,富邦-高雄,2023-03-16,9659
1611,中電,101,78,23,富邦-高雄,2023-03-16,9659
006208,富邦台50,21,0,21,富邦-高雄,2023-03-16,9659
2330,台積電,24,4,20,富邦-高雄,2023-03-16,9659
2605,新興,26,6,20,富邦-高雄,2023-03-16,9659
3532,台勝科,34,14,20,富邦-高雄,2023-03-16,9659
2887,台新金,29,9,20,富邦-高雄,2023-03-16,9659
8171,天宇,20,1,19,富邦-高雄,2023-03-16,9659
4119,旭富,19,1,18,富邦-高雄,2023-03-16,9659
6789,采鈺,19,1,18,富邦-高雄,2023-03-16,9659
1584,精剛,31,13,18,富邦-高雄,2023-03-16,9659
6504,南六,24,6,18,富邦-高雄,2023-03-16,9659
3011,今皓,126,7,119,富邦-高雄,2023-03-17,9659
00632R,元大台灣50反1,199,83,116,富邦-高雄,2023-03-17,9659
2891,中信金,95,8,87,富邦-高雄,2023-03-17,9659
1316,上曜,96,16,80,富邦-高雄,2023-03-17,9659
00637L,元大滬深300正2,123,43,80,富邦-高雄,2023-03-17,9659
00715L,期街口布蘭特正2,66,0,66,富邦-高雄,2023-03-17,9659
00712,復華富時不動產,52,0,52,富邦-高雄,2023-03-17,9659
00642U,期元大S＆P石油,50,0,50,富邦-高雄,2023-03-17,9659
2610,華航,58,12,46,富邦-高雄,2023-03-17,9659
00633L,富邦上証正2,51,6,45,富邦-高雄,2023-03-17,9659
2881,富邦金,50,8,42,富邦-高雄,2023-03-17,9659
1513,中興電,46,5,41,富邦-高雄,2023-03-17,9659
5450,南良,46,5,41,富邦-高雄,2023-03-17,9659
1442,名軒,35,0,35,富邦-高雄,2023-03-17,9659
2892,第一金,34,0,34,富邦-高雄,2023-03-17,9659
2023,燁輝,35,1,34,富邦-高雄,2023-03-17,9659
8069,元太,49,16,33,富邦-高雄,2023-03-17,9659
2399,映泰,37,6,31,富邦-高雄,2023-03-17,9659
4113,聯上,30,0,30,富邦-高雄,2023-03-17,9659
5452,佶優,27,0,27,富邦-高雄,2023-03-17,9659
1101,台泥,26,0,26,富邦-高雄,2023-03-17,9659
2017,官田鋼,26,0,26,富邦-高雄,2023-03-17,9659
00713,元大台灣高息低波,28,2,26,富邦-高雄,2023-03-17,9659
5607,遠雄港,25,0,25,富邦-高雄,2023-03-17,9659
2618,長榮航,30,5,25,富邦-高雄,2023-03-17,9659
5483,中美晶,40,15,25,富邦-高雄,2023-03-17,9659
8936,國統,25,1,24,富邦-高雄,2023-03-17,9659
1301,台塑,35,11,24,富邦-高雄,2023-03-17,9659
00885,富邦越南,24,0,24,富邦-高雄,2023-03-17,9659
6282,康舒,31,9,22,富邦-高雄,2023-03-17,9659
00650L,復華香港正2,20,0,20,富邦-高雄,2023-03-17,9659
6546,正基,20,0,20,富邦-高雄,2023-03-17,9659
2705,六福,20,0,20,富邦-高雄,2023-03-17,9659
2338,光罩,28,9,19,富邦-高雄,2023-03-17,9659
2883,凱基金,36,17,19,富邦-高雄,2023-03-17,9659
2427,三商電,22,5,17,富邦-高雄,2023-03-17,9659
00679B,元大美債20年,19,2,17,富邦-高雄,2023-03-17,9659
2834,臺企銀,78,61,17,富邦-高雄,2023-03-17,9659
2887,台新金,17,0,17,富邦-高雄,2023-03-17,9659
00773B,中信優先金融債,16,0,16,富邦-高雄,2023-03-17,9659
3715,定穎投控,16,0,16,富邦-高雄,2023-03-17,9659
2609,陽明,21,5,16,富邦-高雄,2023-03-17,9659
2402,毅嘉,19,4,15,富邦-高雄,2023-03-17,9659
6415,矽力*-KY,30,16,14,富邦-高雄,2023-03-17,9659
6531,愛普*,60,47,13,富邦-高雄,2023-03-17,9659
00753L,中信中國50正2,24,11,13,富邦-高雄,2023-03-17,9659
4541,晟田,13,0,13,富邦-高雄,2023-03-17,9659
6182,合晶,20,7,13,富邦-高雄,2023-03-17,9659
9945,潤泰新,16,4,12,富邦-高雄,2023-03-17,9659
1609,大亞,20,8,12,富邦-高雄,2023-03-17,9659
00679B,元大美債20年,441,35,406,富邦-高雄,2023-03-20,9659
00878,國泰永續高股息,144,13,131,富邦-高雄,2023-03-20,9659
2603,長榮,279,167,112,富邦-高雄,2023-03-20,9659
00753L,中信中國50正2,246,151,95,富邦-高雄,2023-03-20,9659
00751B,元大AAA至A公司債,95,0,95,富邦-高雄,2023-03-20,9659
2867,三商壽,82,2,80,富邦-高雄,2023-03-20,9659
3047,訊舟,80,5,75,富邦-高雄,2023-03-20,9659
2882,國泰金,92,24,68,富邦-高雄,2023-03-20,9659
00633L,富邦上証正2,62,0,62,富邦-高雄,2023-03-20,9659
2442,新美齊,60,3,57,富邦-高雄,2023-03-20,9659
00720B,元大投資級公司債,55,1,54,富邦-高雄,2023-03-20,9659
00885,富邦越南,49,1,48,富邦-高雄,2023-03-20,9659
2891,中信金,69,22,47,富邦-高雄,2023-03-20,9659
2834,臺企銀,71,28,43,富邦-高雄,2023-03-20,9659
2641,正德,42,1,41,富邦-高雄,2023-03-20,9659
2014,中鴻,50,11,39,富邦-高雄,2023-03-20,9659
6531,愛普*,92,57,35,富邦-高雄,2023-03-20,9659
1605,華新,44,10,34,富邦-高雄,2023-03-20,9659
00642U,期元大S＆P石油,37,4,33,富邦-高雄,2023-03-20,9659
2890,永豐金,91,59,32,富邦-高雄,2023-03-20,9659
2881,富邦金,41,10,31,富邦-高雄,2023-03-20,9659
3224,三顧,30,0,30,富邦-高雄,2023-03-20,9659
00637L,元大滬深300正2,92,63,29,富邦-高雄,2023-03-20,9659
2880,華南金,27,0,27,富邦-高雄,2023-03-20,9659
1108,幸福,31,6,25,富邦-高雄,2023-03-20,9659
2883,凱基金,70,46,24,富邦-高雄,2023-03-20,9659
00680L,元大美債20正2,23,0,23,富邦-高雄,2023-03-20,9659
8936,國統,46,25,21,富邦-高雄,2023-03-20,9659
00712,復華富時不動產,21,0,21,富邦-高雄,2023-03-20,9659
2801,彰銀,21,0,21,富邦-高雄,2023-03-20,9659
2359,所羅門,32,12,20,富邦-高雄,2023-03-20,9659
5880,合庫金,23,4,19,富邦-高雄,2023-03-20,9659
3038,全台,45,26,19,富邦-高雄,2023-03-20,9659
8044,網家,20,1,19,富邦-高雄,2023-03-20,9659
1529,樂事綠能,30,12,18,富邦-高雄,2023-03-20,9659
00715L,期街口布蘭特正2,67,49,18,富邦-高雄,2023-03-20,9659
4919,新唐,17,0,17,富邦-高雄,2023-03-20,9659
5515,建國,17,0,17,富邦-高雄,2023-03-20,9659
3035,智原,32,15,17,富邦-高雄,2023-03-20,9659
3189,景碩,19,2,17,富邦-高雄,2023-03-20,9659
1314,中石化,20,3,17,富邦-高雄,2023-03-20,9659
00713,元大台灣高息低波,18,1,17,富邦-高雄,2023-03-20,9659
8358,金居,23,7,16,富邦-高雄,2023-03-20,9659
5483,中美晶,15,0,15,富邦-高雄,2023-03-20,9659
3630,新鉅科,15,0,15,富邦-高雄,2023-03-20,9659
6643,M31,16,1,15,富邦-高雄,2023-03-20,9659
5512,力麒,27,13,14,富邦-高雄,2023-03-20,9659
6163,華電網,76,62,14,富邦-高雄,2023-03-20,9659
2330,台積電,45,31,14,富邦-高雄,2023-03-20,9659
4513,福裕,13,0,13,富邦-高雄,2023-03-20,9659
00632R,元大台灣50反1,1005,78,927,富邦-高雄,2023-03-21,9659
6223,旺矽,133,6,127,富邦-高雄,2023-03-21,9659
1524,耿鼎,157,34,123,富邦-高雄,2023-03-21,9659
00715L,期街口布蘭特正2,106,0,106,富邦-高雄,2023-03-21,9659
4960,誠美材,101,1,100,富邦-高雄,2023-03-21,9659
2313,華通,106,9,97,富邦-高雄,2023-03-21,9659
00885,富邦越南,95,1,94,富邦-高雄,2023-03-21,9659
2331,精英,90,15,75,富邦-高雄,2023-03-21,9659
5452,佶優,63,2,61,富邦-高雄,2023-03-21,9659
3675,德微,57,5,52,富邦-高雄,2023-03-21,9659
2442,新美齊,51,1,50,富邦-高雄,2023-03-21,9659
2891,中信金,43,2,41,富邦-高雄,2023-03-21,9659
00878,國泰永續高股息,46,9,37,富邦-高雄,2023-03-21,9659
1709,和益,37,2,35,富邦-高雄,2023-03-21,9659
2881,富邦金,39,4,35,富邦-高雄,2023-03-21,9659
8936,國統,35,1,34,富邦-高雄,2023-03-21,9659
9945,潤泰新,40,8,32,富邦-高雄,2023-03-21,9659
3346,麗清,30,0,30,富邦-高雄,2023-03-21,9659
2359,所羅門,67,37,30,富邦-高雄,2023-03-21,9659
2603,長榮,39,12,27,富邦-高雄,2023-03-21,9659
1314,中石化,44,18,26,富邦-高雄,2023-03-21,9659
2618,長榮航,24,0,24,富邦-高雄,2023-03-21,9659
2364,倫飛,23,0,23,富邦-高雄,2023-03-21,9659
6139,亞翔,23,1,22,富邦-高雄,2023-03-21,9659
3011,今皓,35,13,22,富邦-高雄,2023-03-21,9659
2388,威盛,35,13,22,富邦-高雄,2023-03-21,9659
2427,三商電,29,8,21,富邦-高雄,2023-03-21,9659
9904,寶成,23,2,21,富邦-高雄,2023-03-21,9659
2406,國碩,62,41,21,富邦-高雄,2023-03-21,9659
8227,巨有科技,22,2,20,富邦-高雄,2023-03-21,9659
2615,萬海,24,4,20,富邦-高雄,2023-03-21,9659
2883,凱基金,21,2,19,富邦-高雄,2023-03-21,9659
6288,聯嘉,73,55,18,富邦-高雄,2023-03-21,9659
2884,玉山金,19,2,17,富邦-高雄,2023-03-21,9659
6235,華孚,34,18,16,富邦-高雄,2023-03-21,9659
1504,東元,32,16,16,富邦-高雄,2023-03-21,9659
8222,寶一,18,2,16,富邦-高雄,2023-03-21,9659
1305,華夏,16,0,16,富邦-高雄,2023-03-21,9659
4934,太極,29,13,16,富邦-高雄,2023-03-21,9659
5880,合庫金,16,0,16,富邦-高雄,2023-03-21,9659
6141,柏承,15,0,15,富邦-高雄,2023-03-21,9659
4707,磐亞,15,0,15,富邦-高雄,2023-03-21,9659
3481,群創,38,24,14,富邦-高雄,2023-03-21,9659
2471,資通,91,77,14,富邦-高雄,2023-03-21,9659
6695,芯鼎,14,0,14,富邦-高雄,2023-03-21,9659
00882,中信中國高股息,24,10,14,富邦-高雄,2023-03-21,9659
2457,飛宏,66,53,13,富邦-高雄,2023-03-21,9659
4513,福裕,12,0,12,富邦-高雄,2023-03-21,9659
3530,晶相光,12,0,12,富邦-高雄,2023-03-21,9659
6257,矽格,12,0,12,富邦-高雄,2023-03-21,9659
00632R,元大台灣50反1,270,5,265,富邦-高雄,2023-03-22,9659
00753L,中信中國50正2,224,105,119,富邦-高雄,2023-03-22,9659
3047,訊舟,110,4,106,富邦-高雄,2023-03-22,9659
00715L,期街口布蘭特正2,106,2,104,富邦-高雄,2023-03-22,9659
6282,康舒,108,6,102,富邦-高雄,2023-03-22,9659
2313,華通,108,11,97,富邦-高雄,2023-03-22,9659
9907,統一實,58,0,58,富邦-高雄,2023-03-22,9659
3011,今皓,70,20,50,富邦-高雄,2023-03-22,9659
2206,三陽工業,50,2,48,富邦-高雄,2023-03-22,9659
1504,東元,86,43,43,富邦-高雄,2023-03-22,9659
00751B,元大AAA至A公司債,43,0,43,富邦-高雄,2023-03-22,9659
2891,中信金,56,15,41,富邦-高雄,2023-03-22,9659
2897,王道銀行,39,0,39,富邦-高雄,2023-03-22,9659
6290,良維,49,13,36,富邦-高雄,2023-03-22,9659
3715,定穎投控,41,7,34,富邦-高雄,2023-03-22,9659
00642U,期元大S＆P石油,38,5,33,富邦-高雄,2023-03-22,9659
1717,長興,31,0,31,富邦-高雄,2023-03-22,9659
8227,巨有科技,31,1,30,富邦-高雄,2023-03-22,9659
4306,炎洲,39,12,27,富邦-高雄,2023-03-22,9659
5371,中光電,30,4,26,富邦-高雄,2023-03-22,9659
6643,M31,29,4,25,富邦-高雄,2023-03-22,9659
8454,富邦媒,30,5,25,富邦-高雄,2023-03-22,9659
3673,TPK-KY,26,5,21,富邦-高雄,2023-03-22,9659
1101,台泥,26,6,20,富邦-高雄,2023-03-22,9659
3591,艾笛森,21,1,20,富邦-高雄,2023-03-22,9659
1802,台玻,20,0,20,富邦-高雄,2023-03-22,9659
2302,麗正,42,24,18,富邦-高雄,2023-03-22,9659
4919,新唐,21,3,18,富邦-高雄,2023-03-22,9659
00679B,元大美債20年,33,15,18,富邦-高雄,2023-03-22,9659
2883,凱基金,17,0,17,富邦-高雄,2023-03-22,9659
1314,中石化,19,2,17,富邦-高雄,2023-03-22,9659
3481,群創,54,37,17,富邦-高雄,2023-03-22,9659
2457,飛宏,59,42,17,富邦-高雄,2023-03-22,9659
3322,建舜電,39,22,17,富邦-高雄,2023-03-22,9659
2421,建準,17,0,17,富邦-高雄,2023-03-22,9659
4174,浩鼎,16,0,16,富邦-高雄,2023-03-22,9659
2359,所羅門,17,1,16,富邦-高雄,2023-03-22,9659
6695,芯鼎,16,0,16,富邦-高雄,2023-03-22,9659
00772B,中信高評級公司債,34,19,15,富邦-高雄,2023-03-22,9659
3162,精確,31,16,15,富邦-高雄,2023-03-22,9659
5701,劍湖山,14,0,14,富邦-高雄,2023-03-22,9659
00902,中信電池及儲能,15,1,14,富邦-高雄,2023-03-22,9659
8105,凌巨,14,0,14,富邦-高雄,2023-03-22,9659
2409,友達,19,6,13,富邦-高雄,2023-03-22,9659
00680L,元大美債20正2,13,0,13,富邦-高雄,2023-03-22,9659
2014,中鴻,13,0,13,富邦-高雄,2023-03-22,9659
9955,佳龍,13,0,13,富邦-高雄,2023-03-22,9659
1447,力鵬,13,0,13,富邦-高雄,2023-03-22,9659
2357,華碩,12,0,12,富邦-高雄,2023-03-22,9659
5515,建國,12,0,12,富邦-高雄,2023-03-22,9659
6531,愛普*,123,20,103,富邦-高雄,2023-03-23,9659
00905,FT臺灣Smart,100,5,95,富邦-高雄,2023-03-23,9659
3011,今皓,99,5,94,富邦-高雄,2023-03-23,9659
00897,富邦基因免疫生技,131,67,64,富邦-高雄,2023-03-23,9659
3037,欣興,111,51,60,富邦-高雄,2023-03-23,9659
3481,群創,77,20,57,富邦-高雄,2023-03-23,9659
3596,智易,47,1,46,富邦-高雄,2023-03-23,9659
2834,臺企銀,60,18,42,富邦-高雄,2023-03-23,9659
3675,德微,42,1,41,富邦-高雄,2023-03-23,9659
3013,晟銘電,49,12,37,富邦-高雄,2023-03-23,9659
5425,台半,53,16,37,富邦-高雄,2023-03-23,9659
2457,飛宏,95,64,31,富邦-高雄,2023-03-23,9659
1453,大將,33,2,31,富邦-高雄,2023-03-23,9659
00646,元大S＆P500,31,0,31,富邦-高雄,2023-03-23,9659
00888,永豐台灣ESG,29,1,28,富邦-高雄,2023-03-23,9659
2331,精英,29,1,28,富邦-高雄,2023-03-23,9659
3322,建舜電,72,45,27,富邦-高雄,2023-03-23,9659
00772B,中信高評級公司債,26,0,26,富邦-高雄,2023-03-23,9659
2402,毅嘉,126,102,24,富邦-高雄,2023-03-23,9659
1304,台聚,26,3,23,富邦-高雄,2023-03-23,9659
6101,寬魚國際,32,9,23,富邦-高雄,2023-03-23,9659
2023,燁輝,22,0,22,富邦-高雄,2023-03-23,9659
8222,寶一,40,18,22,富邦-高雄,2023-03-23,9659
9945,潤泰新,22,0,22,富邦-高雄,2023-03-23,9659
1314,中石化,22,0,22,富邦-高雄,2023-03-23,9659
4147,中裕,46,25,21,富邦-高雄,2023-03-23,9659
2637,慧洋-KY,26,7,19,富邦-高雄,2023-03-23,9659
1319,東陽,30,11,19,富邦-高雄,2023-03-23,9659
3406,玉晶光,20,1,19,富邦-高雄,2023-03-23,9659
8358,金居,30,13,17,富邦-高雄,2023-03-23,9659
00720B,元大投資級公司債,17,1,16,富邦-高雄,2023-03-23,9659
00908,富邦入息REITs+,16,0,16,富邦-高雄,2023-03-23,9659
3035,智原,28,13,15,富邦-高雄,2023-03-23,9659
1321,大洋,15,0,15,富邦-高雄,2023-03-23,9659
00679B,元大美債20年,17,2,15,富邦-高雄,2023-03-23,9659
6770,力積電,16,1,15,富邦-高雄,2023-03-23,9659
8071,能率網通,14,0,14,富邦-高雄,2023-03-23,9659
1603,華電,14,0,14,富邦-高雄,2023-03-23,9659
6182,合晶,30,16,14,富邦-高雄,2023-03-23,9659
1584,精剛,14,1,13,富邦-高雄,2023-03-23,9659
3673,TPK-KY,15,2,13,富邦-高雄,2023-03-23,9659
1101,台泥,12,0,12,富邦-高雄,2023-03-23,9659
2430,燦坤,12,0,12,富邦-高雄,2023-03-23,9659
8936,國統,29,17,12,富邦-高雄,2023-03-23,9659
6220,岳豐,12,0,12,富邦-高雄,2023-03-23,9659
4129,聯合,12,0,12,富邦-高雄,2023-03-23,9659
5608,四維航,14,2,12,富邦-高雄,2023-03-23,9659
3374,精材,12,1,11,富邦-高雄,2023-03-23,9659
2317,鴻海,37,26,11,富邦-高雄,2023-03-23,9659
3390,旭軟,11,0,11,富邦-高雄,2023-03-23,9659
00632R,元大台灣50反1,608,48,560,富邦-高雄,2023-03-24,9659
2340,台亞,343,4,339,富邦-高雄,2023-03-24,9659
1605,華新,373,90,283,富邦-高雄,2023-03-24,9659
2204,中華,222,0,222,富邦-高雄,2023-03-24,9659
3017,奇鋐,223,25,198,富邦-高雄,2023-03-24,9659
00902,中信電池及儲能,104,0,104,富邦-高雄,2023-03-24,9659
1909,榮成,94,0,94,富邦-高雄,2023-03-24,9659
5351,鈺創,81,2,79,富邦-高雄,2023-03-24,9659
5009,榮剛,77,2,75,富邦-高雄,2023-03-24,9659
3499,環天科,75,22,53,富邦-高雄,2023-03-24,9659
5388,中磊,44,0,44,富邦-高雄,2023-03-24,9659
6129,普誠,46,4,42,富邦-高雄,2023-03-24,9659
00892,富邦台灣半導體,40,0,40,富邦-高雄,2023-03-24,9659
2387,精元,38,0,38,富邦-高雄,2023-03-24,9659
00720B,元大投資級公司債,44,7,37,富邦-高雄,2023-03-24,9659
00897,富邦基因免疫生技,35,0,35,富邦-高雄,2023-03-24,9659
4147,中裕,68,34,34,富邦-高雄,2023-03-24,9659
00773B,中信優先金融債,33,0,33,富邦-高雄,2023-03-24,9659
00676R,富邦臺灣加權反1,32,0,32,富邦-高雄,2023-03-24,9659
2368,金像電,42,11,31,富邦-高雄,2023-03-24,9659
2634,漢翔,49,19,30,富邦-高雄,2023-03-24,9659
2867,三商壽,26,0,26,富邦-高雄,2023-03-24,9659
6863,永道-KY,26,1,25,富邦-高雄,2023-03-24,9659
00650L,復華香港正2,25,0,25,富邦-高雄,2023-03-24,9659
00646,元大S＆P500,24,0,24,富邦-高雄,2023-03-24,9659
1609,大亞,82,59,23,富邦-高雄,2023-03-24,9659
6104,創惟,30,8,22,富邦-高雄,2023-03-24,9659
1584,精剛,22,1,21,富邦-高雄,2023-03-24,9659
6443,元晶,28,7,21,富邦-高雄,2023-03-24,9659
2388,威盛,48,28,20,富邦-高雄,2023-03-24,9659
1513,中興電,23,4,19,富邦-高雄,2023-03-24,9659
3022,威強電,22,3,19,富邦-高雄,2023-03-24,9659
6456,GIS-KY,20,1,19,富邦-高雄,2023-03-24,9659
2603,長榮,27,9,18,富邦-高雄,2023-03-24,9659
2023,燁輝,22,4,18,富邦-高雄,2023-03-24,9659
00772B,中信高評級公司債,18,1,17,富邦-高雄,2023-03-24,9659
00740B,富邦全球投等債,17,0,17,富邦-高雄,2023-03-24,9659
6122,擎邦,35,18,17,富邦-高雄,2023-03-24,9659
2617,台航,20,3,17,富邦-高雄,2023-03-24,9659
6182,合晶,18,1,17,富邦-高雄,2023-03-24,9659
3356,奇偶,21,5,16,富邦-高雄,2023-03-24,9659
9945,潤泰新,16,1,15,富邦-高雄,2023-03-24,9659
1815,富喬,15,0,15,富邦-高雄,2023-03-24,9659
1789,神隆,15,0,15,富邦-高雄,2023-03-24,9659
4961,天鈺,19,4,15,富邦-高雄,2023-03-24,9659
1326,台化,15,0,15,富邦-高雄,2023-03-24,9659
2615,萬海,18,3,15,富邦-高雄,2023-03-24,9659
2408,南亞科,37,23,14,富邦-高雄,2023-03-24,9659
2338,光罩,17,3,14,富邦-高雄,2023-03-24,9659
00751B,元大AAA至A公司債,14,0,14,富邦-高雄,2023-03-24,9659
3037,欣興,220,22,198,富邦-高雄,2023-03-27,9659
2340,台亞,227,54,173,富邦-高雄,2023-03-27,9659
2317,鴻海,123,5,118,富邦-高雄,2023-03-27,9659
9934,成霖,114,5,109,富邦-高雄,2023-03-27,9659
6109,亞元,100,0,100,富邦-高雄,2023-03-27,9659
5475,德宏,89,3,86,富邦-高雄,2023-03-27,9659
00679B,元大美債20年,77,3,74,富邦-高雄,2023-03-27,9659
1524,耿鼎,74,1,73,富邦-高雄,2023-03-27,9659
1301,台塑,72,11,61,富邦-高雄,2023-03-27,9659
3231,緯創,100,44,56,富邦-高雄,2023-03-27,9659
00893,國泰智能電動車,50,0,50,富邦-高雄,2023-03-27,9659
00878,國泰永續高股息,57,9,48,富邦-高雄,2023-03-27,9659
1795,美時,54,7,47,富邦-高雄,2023-03-27,9659
2867,三商壽,46,0,46,富邦-高雄,2023-03-27,9659
2211,長榮鋼,60,14,46,富邦-高雄,2023-03-27,9659
00882,中信中國高股息,72,27,45,富邦-高雄,2023-03-27,9659
5243,乙盛-KY,43,0,43,富邦-高雄,2023-03-27,9659
2368,金像電,52,11,41,富邦-高雄,2023-03-27,9659
6288,聯嘉,72,33,39,富邦-高雄,2023-03-27,9659
6244,茂迪,164,128,36,富邦-高雄,2023-03-27,9659
6531,愛普*,41,5,36,富邦-高雄,2023-03-27,9659
1529,樂事綠能,39,3,36,富邦-高雄,2023-03-27,9659
00888,永豐台灣ESG,36,0,36,富邦-高雄,2023-03-27,9659
6152,百一,38,3,35,富邦-高雄,2023-03-27,9659
6134,萬旭,38,5,33,富邦-高雄,2023-03-27,9659
8227,巨有科技,30,0,30,富邦-高雄,2023-03-27,9659
6120,達運,30,0,30,富邦-高雄,2023-03-27,9659
6230,尼得科超眾,31,2,29,富邦-高雄,2023-03-27,9659
2201,裕隆,32,4,28,富邦-高雄,2023-03-27,9659
2356,英業達,33,5,28,富邦-高雄,2023-03-27,9659
3455,由田,30,3,27,富邦-高雄,2023-03-27,9659
00715L,期街口布蘭特正2,31,5,26,富邦-高雄,2023-03-27,9659
00669R,國泰美國道瓊反1,25,0,25,富邦-高雄,2023-03-27,9659
1504,東元,98,73,25,富邦-高雄,2023-03-27,9659
6733,博晟生醫,23,0,23,富邦-高雄,2023-03-27,9659
00753L,中信中國50正2,22,0,22,富邦-高雄,2023-03-27,9659
1314,中石化,28,6,22,富邦-高雄,2023-03-27,9659
3059,華晶科,23,1,22,富邦-高雄,2023-03-27,9659
4147,中裕,44,23,21,富邦-高雄,2023-03-27,9659
3046,建��,23,2,21,富邦-高雄,2023-03-27,9659
1309,台達化,21,0,21,富邦-高雄,2023-03-27,9659
2471,資通,36,15,21,富邦-高雄,2023-03-27,9659
2002,中鋼,34,14,20,富邦-高雄,2023-03-27,9659
3356,奇偶,20,0,20,富邦-高雄,2023-03-27,9659
5353,台林,20,0,20,富邦-高雄,2023-03-27,9659
8222,寶一,79,59,20,富邦-高雄,2023-03-27,9659
6443,元晶,32,13,19,富邦-高雄,2023-03-27,9659
3714,富采,27,8,19,富邦-高雄,2023-03-27,9659
3260,威剛,20,3,17,富邦-高雄,2023-03-27,9659
3443,創意,22,6,16,富邦-高雄,2023-03-27,9659
00679B,元大美債20年,117,0,117,富邦-高雄,2023-03-28,9659
4915,致伸,111,1,110,富邦-高雄,2023-03-28,9659
00772B,中信高評級公司債,108,7,101,富邦-高雄,2023-03-28,9659
00878,國泰永續高股息,84,3,81,富邦-高雄,2023-03-28,9659
1605,華新,129,48,81,富邦-高雄,2023-03-28,9659
5351,鈺創,61,0,61,富邦-高雄,2023-03-28,9659
6282,康舒,60,3,57,富邦-高雄,2023-03-28,9659
3706,神達,55,0,55,富邦-高雄,2023-03-28,9659
6223,旺矽,54,12,42,富邦-高雄,2023-03-28,9659
1504,東元,56,23,33,富邦-高雄,2023-03-28,9659
1519,華城,36,3,33,富邦-高雄,2023-03-28,9659
3481,群創,39,8,31,富邦-高雄,2023-03-28,9659
1784,訊聯,30,0,30,富邦-高雄,2023-03-28,9659
2498,宏達電,31,1,30,富邦-高雄,2023-03-28,9659
5353,台林,44,17,27,富邦-高雄,2023-03-28,9659
3114,好德,26,0,26,富邦-高雄,2023-03-28,9659
8916,光隆,25,0,25,富邦-高雄,2023-03-28,9659
5225,東科-KY,25,0,25,富邦-高雄,2023-03-28,9659
00713,元大台灣高息低波,25,1,24,富邦-高雄,2023-03-28,9659
1101,台泥,72,51,21,富邦-高雄,2023-03-28,9659
00751B,元大AAA至A公司債,36,15,21,富邦-高雄,2023-03-28,9659
8358,金居,23,2,21,富邦-高雄,2023-03-28,9659
6101,寬魚國際,59,38,21,富邦-高雄,2023-03-28,9659
00923,群益台ESG低碳50,21,0,21,富邦-高雄,2023-03-28,9659
5701,劍湖山,20,0,20,富邦-高雄,2023-03-28,9659
00789B,復華公司債A3,20,0,20,富邦-高雄,2023-03-28,9659
00683L,期元大美元指正2,20,0,20,富邦-高雄,2023-03-28,9659
6531,愛普*,55,35,20,富邦-高雄,2023-03-28,9659
00720B,元大投資級公司債,20,1,19,富邦-高雄,2023-03-28,9659
2211,長榮鋼,22,3,19,富邦-高雄,2023-03-28,9659
00900,富邦特選高股息30,18,0,18,富邦-高雄,2023-03-28,9659
1312,國喬,18,0,18,富邦-高雄,2023-03-28,9659
3035,智原,71,54,17,富邦-高雄,2023-03-28,9659
00687B,國泰20年美債,17,0,17,富邦-高雄,2023-03-28,9659
2014,中鴻,22,5,17,富邦-高雄,2023-03-28,9659
00680L,元大美債20正2,17,0,17,富邦-高雄,2023-03-28,9659
2603,長榮,27,10,17,富邦-高雄,2023-03-28,9659
2317,鴻海,25,9,16,富邦-高雄,2023-03-28,9659
00740B,富邦全球投等債,16,0,16,富邦-高雄,2023-03-28,9659
6125,廣運,17,2,15,富邦-高雄,2023-03-28,9659
2206,三陽工業,19,4,15,富邦-高雄,2023-03-28,9659
1609,大亞,21,6,15,富邦-高雄,2023-03-28,9659
1789,神隆,15,0,15,富邦-高雄,2023-03-28,9659
8277,商丞,15,0,15,富邦-高雄,2023-03-28,9659
6285,啟��,26,11,15,富邦-高雄,2023-03-28,9659
2201,裕隆,25,11,14,富邦-高雄,2023-03-28,9659
2471,資通,15,1,14,富邦-高雄,2023-03-28,9659
2379,瑞昱,14,0,14,富邦-高雄,2023-03-28,9659
3357,臺慶科,19,5,14,富邦-高雄,2023-03-28,9659
1409,新纖,13,0,13,富邦-高雄,2023-03-28,9659
00772B,中信高評級公司債,124,2,122,富邦-高雄,2023-03-29,9659
00679B,元大美債20年,109,0,109,富邦-高雄,2023-03-29,9659
5450,南良,65,0,65,富邦-高雄,2023-03-29,9659
3706,神達,64,0,64,富邦-高雄,2023-03-29,9659
2331,精英,74,10,64,富邦-高雄,2023-03-29,9659
2618,長榮航,74,21,53,富邦-高雄,2023-03-29,9659
00674R,期元大S＆P黃金反1,50,0,50,富邦-高雄,2023-03-29,9659
2313,華通,52,3,49,富邦-高雄,2023-03-29,9659
2637,慧洋-KY,46,1,45,富邦-高雄,2023-03-29,9659
2867,三商壽,58,13,45,富邦-高雄,2023-03-29,9659
6770,力積電,39,0,39,富邦-高雄,2023-03-29,9659
00720B,元大投資級公司債,33,1,32,富邦-高雄,2023-03-29,9659
00751B,元大AAA至A公司債,31,0,31,富邦-高雄,2023-03-29,9659
5475,德宏,32,1,31,富邦-高雄,2023-03-29,9659
00671R,富邦NASDAQ反1,30,0,30,富邦-高雄,2023-03-29,9659
020020,元大台股領航N,30,0,30,富邦-高雄,2023-03-29,9659
00706L,期元大S＆P日圓正2,30,0,30,富邦-高雄,2023-03-29,9659
00773B,中信優先金融債,29,0,29,富邦-高雄,2023-03-29,9659
2376,技嘉,29,0,29,富邦-高雄,2023-03-29,9659
1584,精剛,35,6,29,富邦-高雄,2023-03-29,9659
2603,長榮,45,17,28,富邦-高雄,2023-03-29,9659
3715,定穎投控,47,20,27,富邦-高雄,2023-03-29,9659
2610,華航,63,39,24,富邦-高雄,2023-03-29,9659
2342,茂矽,56,33,23,富邦-高雄,2023-03-29,9659
00713,元大台灣高息低波,23,1,22,富邦-高雄,2023-03-29,9659
5347,世界,22,0,22,富邦-高雄,2023-03-29,9659
5353,台林,36,17,19,富邦-高雄,2023-03-29,9659
00882,中信中國高股息,18,0,18,富邦-高雄,2023-03-29,9659
3105,穩懋,48,30,18,富邦-高雄,2023-03-29,9659
6282,康舒,19,1,18,富邦-高雄,2023-03-29,9659
8222,寶一,18,0,18,富邦-高雄,2023-03-29,9659
6443,元晶,20,3,17,富邦-高雄,2023-03-29,9659
2481,強茂,20,3,17,富邦-高雄,2023-03-29,9659
2606,裕民,18,2,16,富邦-高雄,2023-03-29,9659
5512,力麒,17,1,16,富邦-高雄,2023-03-29,9659
9934,成霖,15,0,15,富邦-高雄,2023-03-29,9659
2014,中鴻,15,0,15,富邦-高雄,2023-03-29,9659
00923,群益台ESG低碳50,14,0,14,富邦-高雄,2023-03-29,9659
6754,匯僑設計,18,4,14,富邦-高雄,2023-03-29,9659
1708,東鹼,21,7,14,富邦-高雄,2023-03-29,9659
1540,喬福,14,0,14,富邦-高雄,2023-03-29,9659
00892,富邦台灣半導體,17,5,12,富邦-高雄,2023-03-29,9659
2609,陽明,29,17,12,富邦-高雄,2023-03-29,9659
6733,博晟生醫,13,1,12,富邦-高雄,2023-03-29,9659
8289,泰藝,14,2,12,富邦-高雄,2023-03-29,9659
3338,泰碩,21,10,11,富邦-高雄,2023-03-29,9659
3162,精確,12,1,11,富邦-高雄,2023-03-29,9659
4147,中裕,14,3,11,富邦-高雄,2023-03-29,9659
8050,廣積,12,1,11,富邦-高雄,2023-03-29,9659
8039,台虹,10,0,10,富邦-高雄,2023-03-29,9659
00632R,元大台灣50反1,642,0,642,富邦-高雄,2023-03-30,9659
2409,友達,123,2,121,富邦-高雄,2023-03-30,9659
2313,華通,110,8,102,富邦-高雄,2023-03-30,9659
2204,中華,97,3,94,富邦-高雄,2023-03-30,9659
9934,成霖,85,0,85,富邦-高雄,2023-03-30,9659
00772B,中信高評級公司債,79,0,79,富邦-高雄,2023-03-30,9659
5351,鈺創,84,7,77,富邦-高雄,2023-03-30,9659
00673R,期元大S＆P原油反1,75,0,75,富邦-高雄,2023-03-30,9659
00895,富邦未來車,70,2,68,富邦-高雄,2023-03-30,9659
00679B,元大美債20年,66,0,66,富邦-高雄,2023-03-30,9659
5475,德宏,58,14,44,富邦-高雄,2023-03-30,9659
5381,合正,41,1,40,富邦-高雄,2023-03-30,9659
00650L,復華香港正2,31,0,31,富邦-高雄,2023-03-30,9659
4114,健喬,31,0,31,富邦-高雄,2023-03-30,9659
3430,奇鈦科,30,0,30,富邦-高雄,2023-03-30,9659
00882,中信中國高股息,29,1,28,富邦-高雄,2023-03-30,9659
2641,正德,29,1,28,富邦-高雄,2023-03-30,9659
6125,廣運,29,2,27,富邦-高雄,2023-03-30,9659
2883,凱基金,27,0,27,富邦-高雄,2023-03-30,9659
00713,元大台灣高息低波,31,9,22,富邦-高雄,2023-03-30,9659
1784,訊聯,24,2,22,富邦-高雄,2023-03-30,9659
1710,東聯,22,1,21,富邦-高雄,2023-03-30,9659
2331,精英,21,0,21,富邦-高雄,2023-03-30,9659
8936,國統,20,0,20,富邦-高雄,2023-03-30,9659
3576,聯合再生,21,3,18,富邦-高雄,2023-03-30,9659
3022,威強電,22,4,18,富邦-高雄,2023-03-30,9659
4147,中裕,18,1,17,富邦-高雄,2023-03-30,9659
1314,中石化,17,1,16,富邦-高雄,2023-03-30,9659
00715L,期街口布蘭特正2,23,7,16,富邦-高雄,2023-03-30,9659
00712,復華富時不動產,15,0,15,富邦-高雄,2023-03-30,9659
1522,堤維西,18,3,15,富邦-高雄,2023-03-30,9659
2461,光群雷,15,0,15,富邦-高雄,2023-03-30,9659
1618,合機,36,21,15,富邦-高雄,2023-03-30,9659
00676R,富邦臺灣加權反1,15,0,15,富邦-高雄,2023-03-30,9659
2392,正崴,15,0,15,富邦-高雄,2023-03-30,9659
3207,耀勝,18,4,14,富邦-高雄,2023-03-30,9659
2471,資通,36,22,14,富邦-高雄,2023-03-30,9659
6133,金橋,38,24,14,富邦-高雄,2023-03-30,9659
2609,陽明,22,9,13,富邦-高雄,2023-03-30,9659
00665L,富邦�琤肭磪囓�2,13,0,13,富邦-高雄,2023-03-30,9659
1717,長興,12,0,12,富邦-高雄,2023-03-30,9659
00671R,富邦NASDAQ反1,22,10,12,富邦-高雄,2023-03-30,9659
6116,彩晶,14,2,12,富邦-高雄,2023-03-30,9659
3321,同泰,12,0,12,富邦-高雄,2023-03-30,9659
4174,浩鼎,12,0,12,富邦-高雄,2023-03-30,9659
2618,長榮航,27,15,12,富邦-高雄,2023-03-30,9659
2634,漢翔,14,3,11,富邦-高雄,2023-03-30,9659
8049,晶采,11,0,11,富邦-高雄,2023-03-30,9659
1504,東元,26,16,10,富邦-高雄,2023-03-30,9659
2104,國際中橡,10,0,10,富邦-高雄,2023-03-30,9659
00632R,元大台灣50反1,155,62,93,富邦-高雄,2023-03-31,9659
4744,皇將,82,13,69,富邦-高雄,2023-03-31,9659
9934,成霖,101,44,57,富邦-高雄,2023-03-31,9659
2486,一詮,48,0,48,富邦-高雄,2023-03-31,9659
1605,華新,113,66,47,富邦-高雄,2023-03-31,9659
6163,華電網,80,41,39,富邦-高雄,2023-03-31,9659
8222,寶一,38,4,34,富邦-高雄,2023-03-31,9659
6285,啟��,50,18,32,富邦-高雄,2023-03-31,9659
2812,台中銀,34,2,32,富邦-高雄,2023-03-31,9659
6109,亞元,30,0,30,富邦-高雄,2023-03-31,9659
3576,聯合再生,30,1,29,富邦-高雄,2023-03-31,9659
3081,聯亞,33,5,28,富邦-高雄,2023-03-31,9659
3013,晟銘電,36,8,28,富邦-高雄,2023-03-31,9659
1611,中電,55,27,28,富邦-高雄,2023-03-31,9659
6133,金橋,45,19,26,富邦-高雄,2023-03-31,9659
3231,緯創,54,31,23,富邦-高雄,2023-03-31,9659
3321,同泰,23,0,23,富邦-高雄,2023-03-31,9659
2886,兆豐金,28,6,22,富邦-高雄,2023-03-31,9659
00882,中信中國高股息,22,0,22,富邦-高雄,2023-03-31,9659
2027,大成鋼,22,1,21,富邦-高雄,2023-03-31,9659
2426,鼎元,21,0,21,富邦-高雄,2023-03-31,9659
1539,巨庭,20,0,20,富邦-高雄,2023-03-31,9659
00706L,期元大S＆P日圓正2,20,0,20,富邦-高雄,2023-03-31,9659
6282,康舒,20,0,20,富邦-高雄,2023-03-31,9659
3675,德微,20,2,18,富邦-高雄,2023-03-31,9659
3046,建��,26,8,18,富邦-高雄,2023-03-31,9659
3290,東浦,18,0,18,富邦-高雄,2023-03-31,9659
1609,大亞,21,4,17,富邦-高雄,2023-03-31,9659
00878,國泰永續高股息,78,61,17,富邦-高雄,2023-03-31,9659
00895,富邦未來車,32,16,16,富邦-高雄,2023-03-31,9659
1584,精剛,18,3,15,富邦-高雄,2023-03-31,9659
3540,曜越,23,8,15,富邦-高雄,2023-03-31,9659
00712,復華富時不動產,14,0,14,富邦-高雄,2023-03-31,9659
00673R,期元大S＆P原油反1,14,0,14,富邦-高雄,2023-03-31,9659
3038,全台,31,17,14,富邦-高雄,2023-03-31,9659
5607,遠雄港,14,0,14,富邦-高雄,2023-03-31,9659
6190,萬泰科,14,0,14,富邦-高雄,2023-03-31,9659
2609,陽明,22,9,13,富邦-高雄,2023-03-31,9659
1802,台玻,13,0,13,富邦-高雄,2023-03-31,9659
6101,寬魚國際,13,0,13,富邦-高雄,2023-03-31,9659
1522,堤維西,15,2,13,富邦-高雄,2023-03-31,9659
2211,長榮鋼,12,0,12,富邦-高雄,2023-03-31,9659
6152,百一,11,0,11,富邦-高雄,2023-03-31,9659
3224,三顧,12,1,11,富邦-高雄,2023-03-31,9659
5475,德宏,22,11,11,富邦-高雄,2023-03-31,9659
00888,永豐台灣ESG,13,2,11,富邦-高雄,2023-03-31,9659
5425,台半,13,3,10,富邦-高雄,2023-03-31,9659
3011,今皓,10,0,10,富邦-高雄,2023-03-31,9659
2022,聚亨,10,0,10,富邦-高雄,2023-03-31,9659
8905,裕國,10,0,10,富邦-高雄,2023-03-31,9659
00673R,期元大S＆P原油反1,195,1,194,富邦-高雄,2023-04-06,9659
6770,力積電,130,5,125,富邦-高雄,2023-04-06,9659
1712,興農,133,12,121,富邦-高雄,2023-04-06,9659
9934,成霖,121,10,111,富邦-高雄,2023-04-06,9659
01003T,兆豐新光R1,107,0,107,富邦-高雄,2023-04-06,9659
2344,華邦電,132,45,87,富邦-高雄,2023-04-06,9659
1308,亞聚,83,13,70,富邦-高雄,2023-04-06,9659
6133,金橋,93,24,69,富邦-高雄,2023-04-06,9659
4744,皇將,72,7,65,富邦-高雄,2023-04-06,9659
2634,漢翔,68,5,63,富邦-高雄,2023-04-06,9659
6548,長科*,70,11,59,富邦-高雄,2023-04-06,9659
2603,長榮,62,9,53,富邦-高雄,2023-04-06,9659
6477,安集,52,5,47,富邦-高雄,2023-04-06,9659
2834,臺企銀,60,15,45,富邦-高雄,2023-04-06,9659
3037,欣興,53,9,44,富邦-高雄,2023-04-06,9659
6589,台康生技,43,2,41,富邦-高雄,2023-04-06,9659
4541,晟田,40,0,40,富邦-高雄,2023-04-06,9659
00922,國泰台灣領袖50,39,0,39,富邦-高雄,2023-04-06,9659
5521,工信,41,4,37,富邦-高雄,2023-04-06,9659
00882,中信中國高股息,38,6,32,富邦-高雄,2023-04-06,9659
1314,中石化,32,0,32,富邦-高雄,2023-04-06,9659
4550,長佳,32,0,32,富邦-高雄,2023-04-06,9659
00878,國泰永續高股息,53,22,31,富邦-高雄,2023-04-06,9659
1783,和康生,30,0,30,富邦-高雄,2023-04-06,9659
3055,蔚華科,30,0,30,富邦-高雄,2023-04-06,9659
00893,國泰智能電動車,30,1,29,富邦-高雄,2023-04-06,9659
4938,和碩,30,1,29,富邦-高雄,2023-04-06,9659
3035,智原,111,83,28,富邦-高雄,2023-04-06,9659
00712,復華富時不動產,31,4,27,富邦-高雄,2023-04-06,9659
1444,力麗,25,0,25,富邦-高雄,2023-04-06,9659
2609,陽明,32,8,24,富邦-高雄,2023-04-06,9659
00753L,中信中國50正2,23,0,23,富邦-高雄,2023-04-06,9659
4746,台耀,38,16,22,富邦-高雄,2023-04-06,9659
2495,普安,37,15,22,富邦-高雄,2023-04-06,9659
1218,泰山,62,40,22,富邦-高雄,2023-04-06,9659
8222,寶一,36,14,22,富邦-高雄,2023-04-06,9659
6116,彩晶,26,5,21,富邦-高雄,2023-04-06,9659
8069,元太,40,19,21,富邦-高雄,2023-04-06,9659
2637,慧洋-KY,20,0,20,富邦-高雄,2023-04-06,9659
5515,建國,20,0,20,富邦-高雄,2023-04-06,9659
00637L,元大滬深300正2,70,50,20,富邦-高雄,2023-04-06,9659
00665L,富邦�琤肭磪囓�2,20,2,18,富邦-高雄,2023-04-06,9659
1802,台玻,17,0,17,富邦-高雄,2023-04-06,9659
2606,裕民,33,17,16,富邦-高雄,2023-04-06,9659
00900,富邦特選高股息30,24,8,16,富邦-高雄,2023-04-06,9659
3032,偉訓,17,1,16,富邦-高雄,2023-04-06,9659
4729,熒茂,15,0,15,富邦-高雄,2023-04-06,9659
2002,中鋼,17,3,14,富邦-高雄,2023-04-06,9659
6531,愛普*,40,27,13,富邦-高雄,2023-04-06,9659
2890,永豐金,13,0,13,富邦-高雄,2023-04-06,9659
00632R,元大台灣50反1,415,30,385,富邦-高雄,2023-04-07,9659
00673R,期元大S＆P原油反1,119,0,119,富邦-高雄,2023-04-07,9659
6160,欣技,104,2,102,富邦-高雄,2023-04-07,9659
00712,復華富時不動產,79,0,79,富邦-高雄,2023-04-07,9659
00878,國泰永續高股息,102,24,78,富邦-高雄,2023-04-07,9659
2520,冠德,70,0,70,富邦-高雄,2023-04-07,9659
3481,群創,63,12,51,富邦-高雄,2023-04-07,9659
3447,展達,51,4,47,富邦-高雄,2023-04-07,9659
00888,永豐台灣ESG,41,1,40,富邦-高雄,2023-04-07,9659
2603,長榮,113,76,37,富邦-高雄,2023-04-07,9659
3162,精確,40,3,37,富邦-高雄,2023-04-07,9659
1218,泰山,36,0,36,富邦-高雄,2023-04-07,9659
00637L,元大滬深300正2,59,27,32,富邦-高雄,2023-04-07,9659
3231,緯創,44,13,31,富邦-高雄,2023-04-07,9659
01003T,兆豐新光R1,31,0,31,富邦-高雄,2023-04-07,9659
2897,王道銀行,31,0,31,富邦-高雄,2023-04-07,9659
1784,訊聯,32,2,30,富邦-高雄,2023-04-07,9659
2482,連宇,39,9,30,富邦-高雄,2023-04-07,9659
6753,龍德造船,34,5,29,富邦-高雄,2023-04-07,9659
2022,聚亨,28,0,28,富邦-高雄,2023-04-07,9659
00679B,元大美債20年,41,14,27,富邦-高雄,2023-04-07,9659
00650L,復華香港正2,26,0,26,富邦-高雄,2023-04-07,9659
4550,長佳,25,0,25,富邦-高雄,2023-04-07,9659
2880,華南金,22,0,22,富邦-高雄,2023-04-07,9659
2618,長榮航,39,17,22,富邦-高雄,2023-04-07,9659
3691,碩禾,21,0,21,富邦-高雄,2023-04-07,9659
3035,智原,59,38,21,富邦-高雄,2023-04-07,9659
2705,六福,20,0,20,富邦-高雄,2023-04-07,9659
4541,晟田,25,5,20,富邦-高雄,2023-04-07,9659
3664,安瑞-KY,20,0,20,富邦-高雄,2023-04-07,9659
2443,昶虹,20,0,20,富邦-高雄,2023-04-07,9659
1795,美時,42,23,19,富邦-高雄,2023-04-07,9659
00885,富邦越南,28,10,18,富邦-高雄,2023-04-07,9659
1513,中興電,29,12,17,富邦-高雄,2023-04-07,9659
5871,中租-KY,17,0,17,富邦-高雄,2023-04-07,9659
3360,尚立,16,0,16,富邦-高雄,2023-04-07,9659
6235,華孚,106,90,16,富邦-高雄,2023-04-07,9659
8176,智捷,16,0,16,富邦-高雄,2023-04-07,9659
00882,中信中國高股息,15,0,15,富邦-高雄,2023-04-07,9659
1529,樂事綠能,21,6,15,富邦-高雄,2023-04-07,9659
00641R,富邦日本反1,15,0,15,富邦-高雄,2023-04-07,9659
00922,國泰台灣領袖50,19,5,14,富邦-高雄,2023-04-07,9659
6470,宇智,17,3,14,富邦-高雄,2023-04-07,9659
3025,星通,36,22,14,富邦-高雄,2023-04-07,9659
2471,資通,14,0,14,富邦-高雄,2023-04-07,9659
2610,華航,18,4,14,富邦-高雄,2023-04-07,9659
1522,堤維西,16,3,13,富邦-高雄,2023-04-07,9659
1444,力麗,13,0,13,富邦-高雄,2023-04-07,9659
1442,名軒,15,2,13,富邦-高雄,2023-04-07,9659
3006,晶豪科,21,8,13,富邦-高雄,2023-04-07,9659
0056,元大高股息,145,3,142,富邦-高雄,2023-04-10,9659
00680L,元大美債20正2,70,0,70,富邦-高雄,2023-04-10,9659
01003T,兆豐新光R1,50,0,50,富邦-高雄,2023-04-10,9659
00679B,元大美債20年,56,10,46,富邦-高雄,2023-04-10,9659
2313,華通,52,9,43,富邦-高雄,2023-04-10,9659
3017,奇鋐,43,3,40,富邦-高雄,2023-04-10,9659
00673R,期元大S＆P原油反1,37,0,37,富邦-高雄,2023-04-10,9659
4744,皇將,40,3,37,富邦-高雄,2023-04-10,9659
6160,欣技,50,16,34,富邦-高雄,2023-04-10,9659
6593,台灣銘板,33,0,33,富邦-高雄,2023-04-10,9659
6806,森崴能源,40,9,31,富邦-高雄,2023-04-10,9659
1529,樂事綠能,35,4,31,富邦-高雄,2023-04-10,9659
3390,旭軟,31,0,31,富邦-高雄,2023-04-10,9659
00878,國泰永續高股息,64,33,31,富邦-高雄,2023-04-10,9659
2402,毅嘉,57,27,30,富邦-高雄,2023-04-10,9659
2482,連宇,30,0,30,富邦-高雄,2023-04-10,9659
1810,和成,52,23,29,富邦-高雄,2023-04-10,9659
9962,有益,27,0,27,富邦-高雄,2023-04-10,9659
1605,華新,50,23,27,富邦-高雄,2023-04-10,9659
2002,中鋼,28,3,25,富邦-高雄,2023-04-10,9659
6173,信昌電,26,4,22,富邦-高雄,2023-04-10,9659
00882,中信中國高股息,24,3,21,富邦-高雄,2023-04-10,9659
6770,力積電,21,1,20,富邦-高雄,2023-04-10,9659
6005,群益證,20,2,18,富邦-高雄,2023-04-10,9659
6753,龍德造船,19,2,17,富邦-高雄,2023-04-10,9659
4541,晟田,20,3,17,富邦-高雄,2023-04-10,9659
5351,鈺創,16,0,16,富邦-高雄,2023-04-10,9659
2442,新美齊,16,0,16,富邦-高雄,2023-04-10,9659
5871,中租-KY,15,0,15,富邦-高雄,2023-04-10,9659
00664R,國泰臺灣加權反1,15,0,15,富邦-高雄,2023-04-10,9659
5355,佳總,15,0,15,富邦-高雄,2023-04-10,9659
00720B,元大投資級公司債,15,0,15,富邦-高雄,2023-04-10,9659
2344,華邦電,47,33,14,富邦-高雄,2023-04-10,9659
00632R,元大台灣50反1,30,17,13,富邦-高雄,2023-04-10,9659
8940,新天地,12,0,12,富邦-高雄,2023-04-10,9659
00888,永豐台灣ESG,11,0,11,富邦-高雄,2023-04-10,9659
1708,東鹼,13,2,11,富邦-高雄,2023-04-10,9659
00712,復華富時不動產,10,0,10,富邦-高雄,2023-04-10,9659
3711,日月光投控,15,5,10,富邦-高雄,2023-04-10,9659
6187,萬潤,10,0,10,富邦-高雄,2023-04-10,9659
1236,宏亞,10,0,10,富邦-高雄,2023-04-10,9659
2382,廣達,17,7,10,富邦-高雄,2023-04-10,9659
00676R,富邦臺灣加權反1,10,0,10,富邦-高雄,2023-04-10,9659
6120,達運,10,0,10,富邦-高雄,2023-04-10,9659
6026,福邦證,10,0,10,富邦-高雄,2023-04-10,9659
4128,中天,17,7,10,富邦-高雄,2023-04-10,9659
6127,九豪,11,1,10,富邦-高雄,2023-04-10,9659
1319,東陽,10,0,10,富邦-高雄,2023-04-10,9659
00706L,期元大S＆P日圓正2,10,0,10,富邦-高雄,2023-04-10,9659
6649,台生材,10,0,10,富邦-高雄,2023-04-10,9659
3481,群創,332,37,295,富邦-高雄,2023-04-11,9659
00673R,期元大S＆P原油反1,87,0,87,富邦-高雄,2023-04-11,9659
2355,敬鵬,78,0,78,富邦-高雄,2023-04-11,9659
1584,精剛,78,3,75,富邦-高雄,2023-04-11,9659
2634,漢翔,109,37,72,富邦-高雄,2023-04-11,9659
2027,大成鋼,66,0,66,富邦-高雄,2023-04-11,9659
2887,台新金,105,41,64,富邦-高雄,2023-04-11,9659
00912,中信臺灣智慧50,50,0,50,富邦-高雄,2023-04-11,9659
2890,永豐金,51,1,50,富邦-高雄,2023-04-11,9659
00712,復華富時不動產,49,0,49,富邦-高雄,2023-04-11,9659
00679B,元大美債20年,72,26,46,富邦-高雄,2023-04-11,9659
4938,和碩,44,0,44,富邦-高雄,2023-04-11,9659
2457,飛宏,53,11,42,富邦-高雄,2023-04-11,9659
2388,威盛,43,2,41,富邦-高雄,2023-04-11,9659
01003T,兆豐新光R1,41,0,41,富邦-高雄,2023-04-11,9659
00905,FT臺灣Smart,50,14,36,富邦-高雄,2023-04-11,9659
3037,欣興,47,14,33,富邦-高雄,2023-04-11,9659
00637L,元大滬深300正2,77,45,32,富邦-高雄,2023-04-11,9659
2023,燁輝,32,0,32,富邦-高雄,2023-04-11,9659
6288,聯嘉,25,1,24,富邦-高雄,2023-04-11,9659
1504,東元,71,48,23,富邦-高雄,2023-04-11,9659
6515,穎崴,22,0,22,富邦-高雄,2023-04-11,9659
1609,大亞,44,23,21,富邦-高雄,2023-04-11,9659
5353,台林,30,10,20,富邦-高雄,2023-04-11,9659
2705,六福,20,0,20,富邦-高雄,2023-04-11,9659
6546,正基,20,0,20,富邦-高雄,2023-04-11,9659
2347,聯強,22,2,20,富邦-高雄,2023-04-11,9659
5450,南良,20,0,20,富邦-高雄,2023-04-11,9659
2888,新光金,20,2,18,富邦-高雄,2023-04-11,9659
5289,宜鼎,21,3,18,富邦-高雄,2023-04-11,9659
3046,建��,45,28,17,富邦-高雄,2023-04-11,9659
3354,律勝,37,20,17,富邦-高雄,2023-04-11,9659
3711,日月光投控,19,2,17,富邦-高雄,2023-04-11,9659
00888,永豐台灣ESG,19,3,16,富邦-高雄,2023-04-11,9659
5871,中租-KY,16,0,16,富邦-高雄,2023-04-11,9659
3029,零壹,27,11,16,富邦-高雄,2023-04-11,9659
8088,品安,25,10,15,富邦-高雄,2023-04-11,9659
5701,劍湖山,15,0,15,富邦-高雄,2023-04-11,9659
3675,德微,15,0,15,富邦-高雄,2023-04-11,9659
1409,新纖,15,0,15,富邦-高雄,2023-04-11,9659
2330,台積電,22,7,15,富邦-高雄,2023-04-11,9659
1101,台泥,22,7,15,富邦-高雄,2023-04-11,9659
6196,帆宣,16,2,14,富邦-高雄,2023-04-11,9659
8110,華東,27,13,14,富邦-高雄,2023-04-11,9659
3081,聯亞,16,2,14,富邦-高雄,2023-04-11,9659
00687B,國泰20年美債,13,0,13,富邦-高雄,2023-04-11,9659
2317,鴻海,21,8,13,富邦-高雄,2023-04-11,9659
2834,臺企銀,32,20,12,富邦-高雄,2023-04-11,9659
2455,全新,20,8,12,富邦-高雄,2023-04-11,9659
6285,啟��,15,3,12,富邦-高雄,2023-04-11,9659
2603,長榮,157,20,137,富邦-高雄,2023-04-12,9659
00679B,元大美債20年,107,10,97,富邦-高雄,2023-04-12,9659
2528,皇普,96,0,96,富邦-高雄,2023-04-12,9659
00637L,元大滬深300正2,145,60,85,富邦-高雄,2023-04-12,9659
6589,台康生技,90,23,67,富邦-高雄,2023-04-12,9659
2317,鴻海,76,12,64,富邦-高雄,2023-04-12,9659
4968,立積,76,18,58,富邦-高雄,2023-04-12,9659
00712,復華富時不動產,56,0,56,富邦-高雄,2023-04-12,9659
8358,金居,54,1,53,富邦-高雄,2023-04-12,9659
2027,大成鋼,58,5,53,富邦-高雄,2023-04-12,9659
00773B,中信優先金融債,52,0,52,富邦-高雄,2023-04-12,9659
01003T,兆豐新光R1,48,0,48,富邦-高雄,2023-04-12,9659
00632R,元大台灣50反1,162,117,45,富邦-高雄,2023-04-12,9659
3419,譁裕,50,10,40,富邦-高雄,2023-04-12,9659
2419,仲琦,41,2,39,富邦-高雄,2023-04-12,9659
6531,愛普*,37,1,36,富邦-高雄,2023-04-12,9659
3013,晟銘電,69,39,30,富邦-高雄,2023-04-12,9659
8996,高力,30,0,30,富邦-高雄,2023-04-12,9659
3596,智易,30,0,30,富邦-高雄,2023-04-12,9659
2890,永豐金,29,0,29,富邦-高雄,2023-04-12,9659
4142,國光生,29,0,29,富邦-高雄,2023-04-12,9659
6741,91APP*-KY,30,1,29,富邦-高雄,2023-04-12,9659
00673R,期元大S＆P原油反1,48,20,28,富邦-高雄,2023-04-12,9659
1609,大亞,99,71,28,富邦-高雄,2023-04-12,9659
2409,友達,35,8,27,富邦-高雄,2023-04-12,9659
8454,富邦媒,27,0,27,富邦-高雄,2023-04-12,9659
3356,奇偶,30,3,27,富邦-高雄,2023-04-12,9659
3081,聯亞,28,2,26,富邦-高雄,2023-04-12,9659
8222,寶一,56,32,24,富邦-高雄,2023-04-12,9659
6234,高僑,26,2,24,富邦-高雄,2023-04-12,9659
00753L,中信中國50正2,22,0,22,富邦-高雄,2023-04-12,9659
2359,所羅門,21,0,21,富邦-高雄,2023-04-12,9659
2489,瑞軒,20,0,20,富邦-高雄,2023-04-12,9659
3628,盈正,66,46,20,富邦-高雄,2023-04-12,9659
2349,錸德,20,2,18,富邦-高雄,2023-04-12,9659
6548,長科*,18,0,18,富邦-高雄,2023-04-12,9659
3515,華擎,20,2,18,富邦-高雄,2023-04-12,9659
1503,士電,45,27,18,富邦-高雄,2023-04-12,9659
6770,力積電,22,5,17,富邦-高雄,2023-04-12,9659
1611,中電,55,39,16,富邦-高雄,2023-04-12,9659
00891,中信關鍵半導體,15,0,15,富邦-高雄,2023-04-12,9659
3005,神基,21,6,15,富邦-高雄,2023-04-12,9659
3027,盛達,68,53,15,富邦-高雄,2023-04-12,9659
1416,廣豐,15,0,15,富邦-高雄,2023-04-12,9659
3675,德微,15,0,15,富邦-高雄,2023-04-12,9659
2457,飛宏,48,33,15,富邦-高雄,2023-04-12,9659
2634,漢翔,108,94,14,富邦-高雄,2023-04-12,9659
4927,泰鼎-KY,15,1,14,富邦-高雄,2023-04-12,9659
6196,帆宣,18,4,14,富邦-高雄,2023-04-12,9659
00878,國泰永續高股息,93,79,14,富邦-高雄,2023-04-12,9659
00632R,元大台灣50反1,700,85,615,富邦-高雄,2023-04-13,9659
1752,南光,359,21,338,富邦-高雄,2023-04-13,9659
00679B,元大美債20年,212,1,211,富邦-高雄,2023-04-13,9659
3011,今皓,164,35,129,富邦-高雄,2023-04-13,9659
1709,和益,115,12,103,富邦-高雄,2023-04-13,9659
2891,中信金,103,10,93,富邦-高雄,2023-04-13,9659
1312,國喬,139,47,92,富邦-高雄,2023-04-13,9659
00673R,期元大S＆P原油反1,78,1,77,富邦-高雄,2023-04-13,9659
00878,國泰永續高股息,80,7,73,富邦-高雄,2023-04-13,9659
1609,大亞,98,41,57,富邦-高雄,2023-04-13,9659
00712,復華富時不動產,51,0,51,富邦-高雄,2023-04-13,9659
00680L,元大美債20正2,50,0,50,富邦-高雄,2023-04-13,9659
2515,中工,121,72,49,富邦-高雄,2023-04-13,9659
3038,全台,58,11,47,富邦-高雄,2023-04-13,9659
6133,金橋,43,1,42,富邦-高雄,2023-04-13,9659
3576,聯合再生,49,9,40,富邦-高雄,2023-04-13,9659
3221,台嘉碩,40,0,40,富邦-高雄,2023-04-13,9659
1503,士電,59,21,38,富邦-高雄,2023-04-13,9659
2495,普安,57,20,37,富邦-高雄,2023-04-13,9659
00772B,中信高評級公司債,36,0,36,富邦-高雄,2023-04-13,9659
2313,華通,32,0,32,富邦-高雄,2023-04-13,9659
3162,精確,35,3,32,富邦-高雄,2023-04-13,9659
6109,亞元,30,0,30,富邦-高雄,2023-04-13,9659
2208,台船,155,125,30,富邦-高雄,2023-04-13,9659
2371,大同,34,7,27,富邦-高雄,2023-04-13,9659
4927,泰鼎-KY,28,1,27,富邦-高雄,2023-04-13,9659
2645,長榮航太,28,4,24,富邦-高雄,2023-04-13,9659
00922,國泰台灣領袖50,29,6,23,富邦-高雄,2023-04-13,9659
2308,台達電,31,9,22,富邦-高雄,2023-04-13,9659
1339,昭輝,22,0,22,富邦-高雄,2023-04-13,9659
4743,合一,41,19,22,富邦-高雄,2023-04-13,9659
5009,榮剛,89,67,22,富邦-高雄,2023-04-13,9659
2609,陽明,78,58,20,富邦-高雄,2023-04-13,9659
1514,亞力,43,24,19,富邦-高雄,2023-04-13,9659
6125,廣運,33,14,19,富邦-高雄,2023-04-13,9659
3035,智原,22,3,19,富邦-高雄,2023-04-13,9659
2634,漢翔,80,62,18,富邦-高雄,2023-04-13,9659
8070,長華*,20,3,17,富邦-高雄,2023-04-13,9659
00637L,元大滬深300正2,80,64,16,富邦-高雄,2023-04-13,9659
00720B,元大投資級公司債,16,0,16,富邦-高雄,2023-04-13,9659
6290,良維,19,4,15,富邦-高雄,2023-04-13,9659
2402,毅嘉,52,37,15,富邦-高雄,2023-04-13,9659
6741,91APP*-KY,15,0,15,富邦-高雄,2023-04-13,9659
2349,錸德,15,0,15,富邦-高雄,2023-04-13,9659
1519,華城,29,15,14,富邦-高雄,2023-04-13,9659
6244,茂迪,27,13,14,富邦-高雄,2023-04-13,9659
1314,中石化,39,25,14,富邦-高雄,2023-04-13,9659
6461,益得,15,1,14,富邦-高雄,2023-04-13,9659
00753L,中信中國50正2,15,1,14,富邦-高雄,2023-04-13,9659
00665L,富邦�琤肭磪囓�2,24,10,14,富邦-高雄,2023-04-13,9659
00632R,元大台灣50反1,1698,209,1489,富邦-高雄,2023-04-14,9659
3032,偉訓,709,28,681,富邦-高雄,2023-04-14,9659
00679B,元大美債20年,207,32,175,富邦-高雄,2023-04-14,9659
2630,亞航,132,8,124,富邦-高雄,2023-04-14,9659
2645,長榮航太,138,26,112,富邦-高雄,2023-04-14,9659
2891,中信金,125,16,109,富邦-高雄,2023-04-14,9659
2634,漢翔,272,164,108,富邦-高雄,2023-04-14,9659
6226,光鼎,100,4,96,富邦-高雄,2023-04-14,9659
2603,長榮,165,71,94,富邦-高雄,2023-04-14,9659
00680L,元大美債20正2,75,0,75,富邦-高雄,2023-04-14,9659
2905,三商,50,0,50,富邦-高雄,2023-04-14,9659
00878,國泰永續高股息,79,31,48,富邦-高雄,2023-04-14,9659
3481,群創,82,36,46,富邦-高雄,2023-04-14,9659
1584,精剛,98,54,44,富邦-高雄,2023-04-14,9659
2419,仲琦,40,5,35,富邦-高雄,2023-04-14,9659
00673R,期元大S＆P原油反1,34,0,34,富邦-高雄,2023-04-14,9659
1504,東元,71,38,33,富邦-高雄,2023-04-14,9659
6829,千附精密,40,7,33,富邦-高雄,2023-04-14,9659
2331,精英,33,0,33,富邦-高雄,2023-04-14,9659
00712,復華富時不動產,32,0,32,富邦-高雄,2023-04-14,9659
2614,東森,34,3,31,富邦-高雄,2023-04-14,9659
8222,寶一,53,25,28,富邦-高雄,2023-04-14,9659
4961,天鈺,61,34,27,富邦-高雄,2023-04-14,9659
00772B,中信高評級公司債,26,0,26,富邦-高雄,2023-04-14,9659
1609,大亞,68,42,26,富邦-高雄,2023-04-14,9659
2002,中鋼,31,5,26,富邦-高雄,2023-04-14,9659
1514,亞力,59,34,25,富邦-高雄,2023-04-14,9659
3492,長盛,22,0,22,富邦-高雄,2023-04-14,9659
3025,星通,23,2,21,富邦-高雄,2023-04-14,9659
2374,佳能,21,0,21,富邦-高雄,2023-04-14,9659
00676R,富邦臺灣加權反1,20,0,20,富邦-高雄,2023-04-14,9659
4128,中天,21,1,20,富邦-高雄,2023-04-14,9659
6234,高僑,32,12,20,富邦-高雄,2023-04-14,9659
3622,洋華,20,0,20,富邦-高雄,2023-04-14,9659
3058,立德,22,2,20,富邦-高雄,2023-04-14,9659
00720B,元大投資級公司債,19,0,19,富邦-高雄,2023-04-14,9659
6163,華電網,45,26,19,富邦-高雄,2023-04-14,9659
3046,建��,23,4,19,富邦-高雄,2023-04-14,9659
3673,TPK-KY,31,14,17,富邦-高雄,2023-04-14,9659
00713,元大台灣高息低波,17,1,16,富邦-高雄,2023-04-14,9659
3027,盛達,36,20,16,富邦-高雄,2023-04-14,9659
00687B,國泰20年美債,16,0,16,富邦-高雄,2023-04-14,9659
6284,佳邦,28,12,16,富邦-高雄,2023-04-14,9659
6285,啟��,23,7,16,富邦-高雄,2023-04-14,9659
2409,友達,21,6,15,富邦-高雄,2023-04-14,9659
2405,輔信,16,1,15,富邦-高雄,2023-04-14,9659
2109,華豐,15,0,15,富邦-高雄,2023-04-14,9659
8277,商丞,15,0,15,富邦-高雄,2023-04-14,9659
2745,五福,16,1,15,富邦-高雄,2023-04-14,9659
6446,藥華藥,14,0,14,富邦-高雄,2023-04-14,9659
00679B,元大美債20年,284,0,284,富邦-高雄,2023-04-17,9659
3706,神達,211,9,202,富邦-高雄,2023-04-17,9659
2834,臺企銀,216,20,196,富邦-高雄,2023-04-17,9659
2891,中信金,168,9,159,富邦-高雄,2023-04-17,9659
2206,三陽工業,229,123,106,富邦-高雄,2023-04-17,9659
00673R,期元大S＆P原油反1,102,0,102,富邦-高雄,2023-04-17,9659
1720,生達,111,11,100,富邦-高雄,2023-04-17,9659
00712,復華富時不動產,59,0,59,富邦-高雄,2023-04-17,9659
00772B,中信高評級公司債,58,0,58,富邦-高雄,2023-04-17,9659
2889,國票金,48,0,48,富邦-高雄,2023-04-17,9659
6753,龍德造船,49,4,45,富邦-高雄,2023-04-17,9659
1514,亞力,64,21,43,富邦-高雄,2023-04-17,9659
2867,三商壽,47,5,42,富邦-高雄,2023-04-17,9659
2312,金寶,53,12,41,富邦-高雄,2023-04-17,9659
4916,事欣科,66,25,41,富邦-高雄,2023-04-17,9659
4747,強生,37,1,36,富邦-高雄,2023-04-17,9659
3029,零壹,77,42,35,富邦-高雄,2023-04-17,9659
5371,中光電,67,34,33,富邦-高雄,2023-04-17,9659
2368,金像電,38,6,32,富邦-高雄,2023-04-17,9659
00878,國泰永續高股息,46,15,31,富邦-高雄,2023-04-17,9659
1714,和桐,30,0,30,富邦-高雄,2023-04-17,9659
1101,台泥,43,14,29,富邦-高雄,2023-04-17,9659
8105,凌巨,29,0,29,富邦-高雄,2023-04-17,9659
2607,榮運,29,0,29,富邦-高雄,2023-04-17,9659
1611,中電,30,2,28,富邦-高雄,2023-04-17,9659
2610,華航,39,13,26,富邦-高雄,2023-04-17,9659
2359,所羅門,39,14,25,富邦-高雄,2023-04-17,9659
4961,天鈺,93,70,23,富邦-高雄,2023-04-17,9659
2421,建準,28,5,23,富邦-高雄,2023-04-17,9659
2645,長榮航太,96,74,22,富邦-高雄,2023-04-17,9659
1795,美時,22,1,21,富邦-高雄,2023-04-17,9659
00720B,元大投資級公司債,21,0,21,富邦-高雄,2023-04-17,9659
2449,京元電子,29,8,21,富邦-高雄,2023-04-17,9659
6101,寬魚國際,33,12,21,富邦-高雄,2023-04-17,9659
6237,驊訊,21,0,21,富邦-高雄,2023-04-17,9659
8033,雷虎,53,32,21,富邦-高雄,2023-04-17,9659
6142,友勁,22,2,20,富邦-高雄,2023-04-17,9659
2492,華新科,21,1,20,富邦-高雄,2023-04-17,9659
2374,佳能,20,0,20,富邦-高雄,2023-04-17,9659
6517,保勝光學,20,0,20,富邦-高雄,2023-04-17,9659
00669R,國泰美國道瓊反1,20,0,20,富邦-高雄,2023-04-17,9659
3188,鑫龍騰,20,0,20,富邦-高雄,2023-04-17,9659
6182,合晶,19,0,19,富邦-高雄,2023-04-17,9659
3675,德微,21,2,19,富邦-高雄,2023-04-17,9659
6568,宏觀,21,2,19,富邦-高雄,2023-04-17,9659
1444,力麗,29,10,19,富邦-高雄,2023-04-17,9659
2002,中鋼,26,8,18,富邦-高雄,2023-04-17,9659
2883,凱基金,30,12,18,富邦-高雄,2023-04-17,9659
6163,華電網,32,14,18,富邦-高雄,2023-04-17,9659
2618,長榮航,23,7,16,富邦-高雄,2023-04-17,9659
00679B,元大美債20年,289,152,137,富邦-高雄,2023-04-18,9659
00673R,期元大S＆P原油反1,104,0,104,富邦-高雄,2023-04-18,9659
00772B,中信高評級公司債,97,0,97,富邦-高雄,2023-04-18,9659
00720B,元大投資級公司債,93,0,93,富邦-高雄,2023-04-18,9659
8033,雷虎,151,87,64,富邦-高雄,2023-04-18,9659
00878,國泰永續高股息,66,11,55,富邦-高雄,2023-04-18,9659
00713,元大台灣高息低波,54,1,53,富邦-高雄,2023-04-18,9659
2705,六福,50,0,50,富邦-高雄,2023-04-18,9659
2419,仲琦,42,0,42,富邦-高雄,2023-04-18,9659
1810,和成,58,16,42,富邦-高雄,2023-04-18,9659
00773B,中信優先金融債,40,0,40,富邦-高雄,2023-04-18,9659
3591,艾笛森,45,9,36,富邦-高雄,2023-04-18,9659
6237,驊訊,35,0,35,富邦-高雄,2023-04-18,9659
1584,精剛,105,70,35,富邦-高雄,2023-04-18,9659
2359,所羅門,39,4,35,富邦-高雄,2023-04-18,9659
3570,大塚,33,0,33,富邦-高雄,2023-04-18,9659
2912,統一超,31,0,31,富邦-高雄,2023-04-18,9659
3287,廣寰科,30,0,30,富邦-高雄,2023-04-18,9659
1444,力麗,36,7,29,富邦-高雄,2023-04-18,9659
6485,點序,36,8,28,富邦-高雄,2023-04-18,9659
6290,良維,29,1,28,富邦-高雄,2023-04-18,9659
1101,台泥,36,9,27,富邦-高雄,2023-04-18,9659
2312,金寶,31,4,27,富邦-高雄,2023-04-18,9659
3035,智原,47,21,26,富邦-高雄,2023-04-18,9659
1529,樂事綠能,67,41,26,富邦-高雄,2023-04-18,9659
2454,聯發科,25,0,25,富邦-高雄,2023-04-18,9659
1589,永冠-KY,27,2,25,富邦-高雄,2023-04-18,9659
00900,富邦特選高股息30,24,0,24,富邦-高雄,2023-04-18,9659
8059,凱碩,26,2,24,富邦-高雄,2023-04-18,9659
2208,台船,47,24,23,富邦-高雄,2023-04-18,9659
3013,晟銘電,30,7,23,富邦-高雄,2023-04-18,9659
8069,元太,22,0,22,富邦-高雄,2023-04-18,9659
2201,裕隆,186,164,22,富邦-高雄,2023-04-18,9659
4513,福裕,22,0,22,富邦-高雄,2023-04-18,9659
2329,華泰,22,0,22,富邦-高雄,2023-04-18,9659
5009,榮剛,40,20,20,富邦-高雄,2023-04-18,9659
4973,廣穎,20,0,20,富邦-高雄,2023-04-18,9659
00712,復華富時不動產,20,0,20,富邦-高雄,2023-04-18,9659
00751B,元大AAA至A公司債,39,20,19,富邦-高雄,2023-04-18,9659
6282,康舒,72,53,19,富邦-高雄,2023-04-18,9659
1605,華新,38,19,19,富邦-高雄,2023-04-18,9659
00888,永豐台灣ESG,19,0,19,富邦-高雄,2023-04-18,9659
00885,富邦越南,18,0,18,富邦-高雄,2023-04-18,9659
3046,建��,29,11,18,富邦-高雄,2023-04-18,9659
6269,台郡,20,2,18,富邦-高雄,2023-04-18,9659
6160,欣技,71,53,18,富邦-高雄,2023-04-18,9659
3322,建舜電,23,5,18,富邦-高雄,2023-04-18,9659
2889,國票金,20,2,18,富邦-高雄,2023-04-18,9659
2371,大同,17,0,17,富邦-高雄,2023-04-18,9659
6026,福邦證,20,3,17,富邦-高雄,2023-04-18,9659
2634,漢翔,629,387,242,富邦-高雄,2023-04-19,9659
2206,三陽工業,205,18,187,富邦-高雄,2023-04-19,9659
00720B,元大投資級公司債,153,0,153,富邦-高雄,2023-04-19,9659
00679B,元大美債20年,245,110,135,富邦-高雄,2023-04-19,9659
2889,國票金,106,0,106,富邦-高雄,2023-04-19,9659
00712,復華富時不動產,86,1,85,富邦-高雄,2023-04-19,9659
2328,廣宇,124,42,82,富邦-高雄,2023-04-19,9659
00878,國泰永續高股息,92,16,76,富邦-高雄,2023-04-19,9659
00772B,中信高評級公司債,72,0,72,富邦-高雄,2023-04-19,9659
6226,光鼎,70,1,69,富邦-高雄,2023-04-19,9659
3062,建漢,63,2,61,富邦-高雄,2023-04-19,9659
2352,佳世達,61,1,60,富邦-高雄,2023-04-19,9659
2705,六福,60,0,60,富邦-高雄,2023-04-19,9659
3363,上詮,57,1,56,富邦-高雄,2023-04-19,9659
00753L,中信中國50正2,55,2,53,富邦-高雄,2023-04-19,9659
3356,奇偶,51,0,51,富邦-高雄,2023-04-19,9659
2330,台積電,53,3,50,富邦-高雄,2023-04-19,9659
1504,東元,78,34,44,富邦-高雄,2023-04-19,9659
2409,友達,44,3,41,富邦-高雄,2023-04-19,9659
2515,中工,59,26,33,富邦-高雄,2023-04-19,9659
5426,振發,33,0,33,富邦-高雄,2023-04-19,9659
00751B,元大AAA至A公司債,33,0,33,富邦-高雄,2023-04-19,9659
4123,晟德,48,16,32,富邦-高雄,2023-04-19,9659
2208,台船,40,9,31,富邦-高雄,2023-04-19,9659
5014,建錩,31,0,31,富邦-高雄,2023-04-19,9659
3038,全台,37,6,31,富邦-高雄,2023-04-19,9659
3444,利機,30,0,30,富邦-高雄,2023-04-19,9659
00680L,元大美債20正2,30,0,30,富邦-高雄,2023-04-19,9659
8105,凌巨,31,2,29,富邦-高雄,2023-04-19,9659
00773B,中信優先金融債,28,0,28,富邦-高雄,2023-04-19,9659
2645,長榮航太,33,5,28,富邦-高雄,2023-04-19,9659
2495,普安,62,35,27,富邦-高雄,2023-04-19,9659
4934,太極,37,10,27,富邦-高雄,2023-04-19,9659
00673R,期元大S＆P原油反1,35,8,27,富邦-高雄,2023-04-19,9659
3715,定穎投控,40,14,26,富邦-高雄,2023-04-19,9659
2601,益航,30,4,26,富邦-高雄,2023-04-19,9659
00900,富邦特選高股息30,38,12,26,富邦-高雄,2023-04-19,9659
2603,長榮,29,3,26,富邦-高雄,2023-04-19,9659
5371,中光電,30,6,24,富邦-高雄,2023-04-19,9659
2331,精英,33,9,24,富邦-高雄,2023-04-19,9659
6285,啟��,35,11,24,富邦-高雄,2023-04-19,9659
8390,金益鼎,23,0,23,富邦-高雄,2023-04-19,9659
2104,國際中橡,23,0,23,富邦-高雄,2023-04-19,9659
2002,中鋼,41,19,22,富邦-高雄,2023-04-19,9659
4510,高鋒,27,5,22,富邦-高雄,2023-04-19,9659
3037,欣興,27,5,22,富邦-高雄,2023-04-19,9659
2498,宏達電,26,4,22,富邦-高雄,2023-04-19,9659
6568,宏觀,21,1,20,富邦-高雄,2023-04-19,9659
4432,銘旺實,20,0,20,富邦-高雄,2023-04-19,9659
3673,TPK-KY,45,25,20,富邦-高雄,2023-04-19,9659
00772B,中信高評級公司債,129,0,129,富邦-高雄,2023-04-20,9659
00878,國泰永續高股息,173,45,128,富邦-高雄,2023-04-20,9659
8038,長園科,129,3,126,富邦-高雄,2023-04-20,9659
00888,永豐台灣ESG,106,1,105,富邦-高雄,2023-04-20,9659
00720B,元大投資級公司債,105,0,105,富邦-高雄,2023-04-20,9659
00680L,元大美債20正2,83,0,83,富邦-高雄,2023-04-20,9659
00679B,元大美債20年,185,107,78,富邦-高雄,2023-04-20,9659
00673R,期元大S＆P原油反1,150,79,71,富邦-高雄,2023-04-20,9659
3576,聯合再生,73,5,68,富邦-高雄,2023-04-20,9659
2913,農林,86,20,66,富邦-高雄,2023-04-20,9659
3029,零壹,125,61,64,富邦-高雄,2023-04-20,9659
00751B,元大AAA至A公司債,57,0,57,富邦-高雄,2023-04-20,9659
6244,茂迪,141,86,55,富邦-高雄,2023-04-20,9659
3047,訊舟,52,0,52,富邦-高雄,2023-04-20,9659
00773B,中信優先金融債,51,0,51,富邦-高雄,2023-04-20,9659
2352,佳世達,50,1,49,富邦-高雄,2023-04-20,9659
6163,華電網,61,13,48,富邦-高雄,2023-04-20,9659
6282,康舒,225,181,44,富邦-高雄,2023-04-20,9659
1909,榮成,73,31,42,富邦-高雄,2023-04-20,9659
2515,中工,50,10,40,富邦-高雄,2023-04-20,9659
3444,利機,40,0,40,富邦-高雄,2023-04-20,9659
2486,一詮,38,0,38,富邦-高雄,2023-04-20,9659
4153,鈺緯,40,5,35,富邦-高雄,2023-04-20,9659
2382,廣達,36,3,33,富邦-高雄,2023-04-20,9659
1605,華新,49,17,32,富邦-高雄,2023-04-20,9659
00713,元大台灣高息低波,43,12,31,富邦-高雄,2023-04-20,9659
1714,和桐,30,0,30,富邦-高雄,2023-04-20,9659
5302,太欣,30,1,29,富邦-高雄,2023-04-20,9659
00712,復華富時不動產,27,0,27,富邦-高雄,2023-04-20,9659
6770,力積電,42,15,27,富邦-高雄,2023-04-20,9659
00637L,元大滬深300正2,89,63,26,富邦-高雄,2023-04-20,9659
2344,華邦電,28,3,25,富邦-高雄,2023-04-20,9659
3715,定穎投控,45,20,25,富邦-高雄,2023-04-20,9659
6138,茂達,26,1,25,富邦-高雄,2023-04-20,9659
3004,豐達科,31,6,25,富邦-高雄,2023-04-20,9659
1409,新纖,29,5,24,富邦-高雄,2023-04-20,9659
00907,永豐優息存股,24,1,23,富邦-高雄,2023-04-20,9659
2104,國際中橡,23,0,23,富邦-高雄,2023-04-20,9659
6443,元晶,59,36,23,富邦-高雄,2023-04-20,9659
00900,富邦特選高股息30,22,0,22,富邦-高雄,2023-04-20,9659
00892,富邦台灣半導體,20,0,20,富邦-高雄,2023-04-20,9659
00923,群益台ESG低碳50,20,0,20,富邦-高雄,2023-04-20,9659
2892,第一金,20,0,20,富邦-高雄,2023-04-20,9659
1455,集盛,20,0,20,富邦-高雄,2023-04-20,9659
4417,金洲,20,1,19,富邦-高雄,2023-04-20,9659
1524,耿鼎,20,1,19,富邦-高雄,2023-04-20,9659
8105,凌巨,22,3,19,富邦-高雄,2023-04-20,9659
3284,太普高,20,1,19,富邦-高雄,2023-04-20,9659
5227,立凱-KY,25,7,18,富邦-高雄,2023-04-20,9659
6741,91APP*-KY,19,1,18,富邦-高雄,2023-04-20,9659
3047,訊舟,194,60,134,富邦-高雄,2023-04-21,9659
00720B,元大投資級公司債,123,2,121,富邦-高雄,2023-04-21,9659
00673R,期元大S＆P原油反1,91,2,89,富邦-高雄,2023-04-21,9659
00772B,中信高評級公司債,84,0,84,富邦-高雄,2023-04-21,9659
2615,萬海,77,1,76,富邦-高雄,2023-04-21,9659
1710,東聯,78,2,76,富邦-高雄,2023-04-21,9659
3481,群創,147,76,71,富邦-高雄,2023-04-21,9659
00878,國泰永續高股息,79,28,51,富邦-高雄,2023-04-21,9659
2486,一詮,50,1,49,富邦-高雄,2023-04-21,9659
00751B,元大AAA至A公司債,108,60,48,富邦-高雄,2023-04-21,9659
00900,富邦特選高股息30,45,0,45,富邦-高雄,2023-04-21,9659
1560,中砂,49,5,44,富邦-高雄,2023-04-21,9659
2419,仲琦,47,3,44,富邦-高雄,2023-04-21,9659
1524,耿鼎,50,6,44,富邦-高雄,2023-04-21,9659
6770,力積電,60,19,41,富邦-高雄,2023-04-21,9659
2801,彰銀,40,0,40,富邦-高雄,2023-04-21,9659
0056,元大高股息,54,15,39,富邦-高雄,2023-04-21,9659
00919,群益台灣精選高息,39,1,38,富邦-高雄,2023-04-21,9659
00923,群益台ESG低碳50,33,0,33,富邦-高雄,2023-04-21,9659
2515,中工,40,9,31,富邦-高雄,2023-04-21,9659
3011,今皓,30,0,30,富邦-高雄,2023-04-21,9659
2303,聯電,32,4,28,富邦-高雄,2023-04-21,9659
1903,士紙,32,5,27,富邦-高雄,2023-04-21,9659
5009,榮剛,46,21,25,富邦-高雄,2023-04-21,9659
00669R,國泰美國道瓊反1,25,0,25,富邦-高雄,2023-04-21,9659
4934,太極,31,6,25,富邦-高雄,2023-04-21,9659
00888,永豐台灣ESG,24,0,24,富邦-高雄,2023-04-21,9659
1708,東鹼,23,0,23,富邦-高雄,2023-04-21,9659
6244,茂迪,76,53,23,富邦-高雄,2023-04-21,9659
3005,神基,23,0,23,富邦-高雄,2023-04-21,9659
2344,華邦電,42,21,21,富邦-高雄,2023-04-21,9659
4747,強生,21,0,21,富邦-高雄,2023-04-21,9659
1722,台肥,21,0,21,富邦-高雄,2023-04-21,9659
1611,中電,87,67,20,富邦-高雄,2023-04-21,9659
00706L,期元大S＆P日圓正2,20,0,20,富邦-高雄,2023-04-21,9659
2887E,台新戊特,20,0,20,富邦-高雄,2023-04-21,9659
00922,國泰台灣領袖50,19,0,19,富邦-高雄,2023-04-21,9659
6288,聯嘉,34,15,19,富邦-高雄,2023-04-21,9659
3035,智原,86,67,19,富邦-高雄,2023-04-21,9659
3092,鴻碩,19,0,19,富邦-高雄,2023-04-21,9659
4174,浩鼎,19,1,18,富邦-高雄,2023-04-21,9659
00713,元大台灣高息低波,19,1,18,富邦-高雄,2023-04-21,9659
00891,中信關鍵半導體,17,0,17,富邦-高雄,2023-04-21,9659
3324,雙鴻,29,13,16,富邦-高雄,2023-04-21,9659
5289,宜鼎,22,6,16,富邦-高雄,2023-04-21,9659
1455,集盛,16,0,16,富邦-高雄,2023-04-21,9659
1471,首利,20,4,16,富邦-高雄,2023-04-21,9659
1103,嘉泥,16,0,16,富邦-高雄,2023-04-21,9659
2441,超豐,16,0,16,富邦-高雄,2023-04-21,9659
2002,中鋼,26,11,15,富邦-高雄,2023-04-21,9659
1101,台泥,477,109,368,富邦-高雄,2023-04-24,9659
2634,漢翔,354,65,289,富邦-高雄,2023-04-24,9659
6282,康舒,302,73,229,富邦-高雄,2023-04-24,9659
00637L,元大滬深300正2,218,64,154,富邦-高雄,2023-04-24,9659
00680L,元大美債20正2,143,0,143,富邦-高雄,2023-04-24,9659
1312,國喬,104,2,102,富邦-高雄,2023-04-24,9659
00632R,元大台灣50反1,103,3,100,富邦-高雄,2023-04-24,9659
00878,國泰永續高股息,102,10,92,富邦-高雄,2023-04-24,9659
2206,三陽工業,85,7,78,富邦-高雄,2023-04-24,9659
1904,正隆,78,15,63,富邦-高雄,2023-04-24,9659
00712,復華富時不動產,62,0,62,富邦-高雄,2023-04-24,9659
00679B,元大美債20年,73,20,53,富邦-高雄,2023-04-24,9659
1519,華城,92,41,51,富邦-高雄,2023-04-24,9659
00888,永豐台灣ESG,48,2,46,富邦-高雄,2023-04-24,9659
6148,驊宏資,57,11,46,富邦-高雄,2023-04-24,9659
00633L,富邦上証正2,43,0,43,富邦-高雄,2023-04-24,9659
8069,元太,52,12,40,富邦-高雄,2023-04-24,9659
1905,華紙,155,115,40,富邦-高雄,2023-04-24,9659
2313,華通,39,0,39,富邦-高雄,2023-04-24,9659
1310,台苯,77,40,37,富邦-高雄,2023-04-24,9659
00720B,元大投資級公司債,41,6,35,富邦-高雄,2023-04-24,9659
00902,中信電池及儲能,35,1,34,富邦-高雄,2023-04-24,9659
1784,訊聯,33,5,28,富邦-高雄,2023-04-24,9659
3481,群創,37,10,27,富邦-高雄,2023-04-24,9659
00772B,中信高評級公司債,26,0,26,富邦-高雄,2023-04-24,9659
9907,統一實,26,2,24,富邦-高雄,2023-04-24,9659
2913,農林,38,17,21,富邦-高雄,2023-04-24,9659
1710,東聯,22,1,21,富邦-高雄,2023-04-24,9659
00882,中信中國高股息,24,3,21,富邦-高雄,2023-04-24,9659
3032,偉訓,41,21,20,富邦-高雄,2023-04-24,9659
1103,嘉泥,22,3,19,富邦-高雄,2023-04-24,9659
2330,台積電,24,5,19,富邦-高雄,2023-04-24,9659
00713,元大台灣高息低波,20,2,18,富邦-高雄,2023-04-24,9659
6235,華孚,36,18,18,富邦-高雄,2023-04-24,9659
5353,台林,21,3,18,富邦-高雄,2023-04-24,9659
2618,長榮航,23,6,17,富邦-高雄,2023-04-24,9659
00687B,國泰20年美債,17,0,17,富邦-高雄,2023-04-24,9659
2303,聯電,33,17,16,富邦-高雄,2023-04-24,9659
2887E,台新戊特,16,0,16,富邦-高雄,2023-04-24,9659
6791,虎門科技,20,4,16,富邦-高雄,2023-04-24,9659
1471,首利,15,0,15,富邦-高雄,2023-04-24,9659
4510,高鋒,16,1,15,富邦-高雄,2023-04-24,9659
6234,高僑,37,22,15,富邦-高雄,2023-04-24,9659
1455,集盛,14,0,14,富邦-高雄,2023-04-24,9659
1907,永豐餘,31,17,14,富邦-高雄,2023-04-24,9659
6116,彩晶,16,3,13,富邦-高雄,2023-04-24,9659
2317,鴻海,12,0,12,富邦-高雄,2023-04-24,9659
00725B,國泰投資級公司債,12,0,12,富邦-高雄,2023-04-24,9659
2301,光寶科,12,0,12,富邦-高雄,2023-04-24,9659
1513,中興電,21,9,12,富邦-高雄,2023-04-24,9659
1101,台泥,133,33,100,富邦-高雄,2023-04-25,9659
3032,偉訓,137,41,96,富邦-高雄,2023-04-25,9659
00878,國泰永續高股息,144,60,84,富邦-高雄,2023-04-25,9659
0056,元大高股息,105,23,82,富邦-高雄,2023-04-25,9659
2402,毅嘉,80,3,77,富邦-高雄,2023-04-25,9659
2705,六福,73,0,73,富邦-高雄,2023-04-25,9659
00753L,中信中國50正2,67,1,66,富邦-高雄,2023-04-25,9659
00900,富邦特選高股息30,71,6,65,富邦-高雄,2023-04-25,9659
4155,訊映,60,0,60,富邦-高雄,2023-04-25,9659
00923,群益台ESG低碳50,59,0,59,富邦-高雄,2023-04-25,9659
1710,東聯,69,18,51,富邦-高雄,2023-04-25,9659
2610,華航,88,39,49,富邦-高雄,2023-04-25,9659
8093,保銳,45,0,45,富邦-高雄,2023-04-25,9659
1722,台肥,42,0,42,富邦-高雄,2023-04-25,9659
8440,綠電,55,14,41,富邦-高雄,2023-04-25,9659
00680L,元大美債20正2,40,1,39,富邦-高雄,2023-04-25,9659
3005,神基,63,24,39,富邦-高雄,2023-04-25,9659
2409,友達,42,8,34,富邦-高雄,2023-04-25,9659
00891,中信關鍵半導體,34,1,33,富邦-高雄,2023-04-25,9659
3035,智原,61,31,30,富邦-高雄,2023-04-25,9659
3703,欣陸,28,0,28,富邦-高雄,2023-04-25,9659
4702,中美實,27,0,27,富邦-高雄,2023-04-25,9659
2201,裕隆,30,4,26,富邦-高雄,2023-04-25,9659
2027,大成鋼,37,11,26,富邦-高雄,2023-04-25,9659
1721,三晃,43,17,26,富邦-高雄,2023-04-25,9659
2303,聯電,48,23,25,富邦-高雄,2023-04-25,9659
00720B,元大投資級公司債,26,1,25,富邦-高雄,2023-04-25,9659
00902,中信電池及儲能,24,0,24,富邦-高雄,2023-04-25,9659
6244,茂迪,31,8,23,富邦-高雄,2023-04-25,9659
00633L,富邦上証正2,23,0,23,富邦-高雄,2023-04-25,9659
2834,臺企銀,30,8,22,富邦-高雄,2023-04-25,9659
5009,榮剛,35,13,22,富邦-高雄,2023-04-25,9659
1605,華新,51,30,21,富邦-高雄,2023-04-25,9659
1219,福壽,24,3,21,富邦-高雄,2023-04-25,9659
9955,佳龍,72,51,21,富邦-高雄,2023-04-25,9659
3059,華晶科,22,1,21,富邦-高雄,2023-04-25,9659
0050,元大台灣50,24,3,21,富邦-高雄,2023-04-25,9659
3231,緯創,75,54,21,富邦-高雄,2023-04-25,9659
2609,陽明,46,26,20,富邦-高雄,2023-04-25,9659
1504,東元,38,18,20,富邦-高雄,2023-04-25,9659
2233,宇隆,20,0,20,富邦-高雄,2023-04-25,9659
00882,中信中國高股息,20,0,20,富邦-高雄,2023-04-25,9659
2323,中環,20,0,20,富邦-高雄,2023-04-25,9659
00669R,國泰美國道瓊反1,20,0,20,富邦-高雄,2023-04-25,9659
6245,立端,21,1,20,富邦-高雄,2023-04-25,9659
00679B,元大美債20年,51,31,20,富邦-高雄,2023-04-25,9659
00642U,期元大S＆P石油,20,0,20,富邦-高雄,2023-04-25,9659
00892,富邦台灣半導體,21,2,19,富邦-高雄,2023-04-25,9659
1709,和益,31,12,19,富邦-高雄,2023-04-25,9659
6209,今國光,24,5,19,富邦-高雄,2023-04-25,9659
00713,元大台灣高息低波,2594,6,2588,富邦-高雄,2023-04-26,9659
00885,富邦越南,415,0,415,富邦-高雄,2023-04-26,9659
2002,中鋼,337,20,317,富邦-高雄,2023-04-26,9659
3006,晶豪科,116,0,116,富邦-高雄,2023-04-26,9659
6245,立端,113,6,107,富邦-高雄,2023-04-26,9659
00712,復華富時不動產,99,2,97,富邦-高雄,2023-04-26,9659
1101,台泥,126,30,96,富邦-高雄,2023-04-26,9659
00679B,元大美債20年,100,26,74,富邦-高雄,2023-04-26,9659
8222,寶一,122,54,68,富邦-高雄,2023-04-26,9659
2618,長榮航,69,4,65,富邦-高雄,2023-04-26,9659
2609,陽明,47,4,43,富邦-高雄,2023-04-26,9659
6477,安集,47,6,41,富邦-高雄,2023-04-26,9659
0056,元大高股息,40,2,38,富邦-高雄,2023-04-26,9659
2330,台積電,42,4,38,富邦-高雄,2023-04-26,9659
2482,連宇,48,14,34,富邦-高雄,2023-04-26,9659
2634,漢翔,77,44,33,富邦-高雄,2023-04-26,9659
3287,廣寰科,32,0,32,富邦-高雄,2023-04-26,9659
6806,森崴能源,36,4,32,富邦-高雄,2023-04-26,9659
3025,星通,30,0,30,富邦-高雄,2023-04-26,9659
6770,力積電,36,6,30,富邦-高雄,2023-04-26,9659
4566,時碩工業,41,15,26,富邦-高雄,2023-04-26,9659
3707,漢磊,30,5,25,富邦-高雄,2023-04-26,9659
00772B,中信高評級公司債,53,28,25,富邦-高雄,2023-04-26,9659
5371,中光電,32,7,25,富邦-高雄,2023-04-26,9659
6125,廣運,37,13,24,富邦-高雄,2023-04-26,9659
1905,華紙,108,85,23,富邦-高雄,2023-04-26,9659
3711,日月光投控,30,7,23,富邦-高雄,2023-04-26,9659
3037,欣興,39,16,23,富邦-高雄,2023-04-26,9659
2492,華新科,24,2,22,富邦-高雄,2023-04-26,9659
2867,三商壽,22,0,22,富邦-高雄,2023-04-26,9659
2457,飛宏,37,16,21,富邦-高雄,2023-04-26,9659
6753,龍德造船,27,6,21,富邦-高雄,2023-04-26,9659
2104,國際中橡,20,0,20,富邦-高雄,2023-04-26,9659
00642U,期元大S＆P石油,20,0,20,富邦-高雄,2023-04-26,9659
0050,元大台灣50,20,0,20,富邦-高雄,2023-04-26,9659
3032,偉訓,24,5,19,富邦-高雄,2023-04-26,9659
3715,定穎投控,21,2,19,富邦-高雄,2023-04-26,9659
2027,大成鋼,19,1,18,富邦-高雄,2023-04-26,9659
2801,彰銀,20,2,18,富邦-高雄,2023-04-26,9659
3035,智原,87,70,17,富邦-高雄,2023-04-26,9659
2337,旺宏,27,11,16,富邦-高雄,2023-04-26,9659
00641R,富邦日本反1,16,0,16,富邦-高雄,2023-04-26,9659
00923,群益台ESG低碳50,16,0,16,富邦-高雄,2023-04-26,9659
1455,集盛,15,0,15,富邦-高雄,2023-04-26,9659
00891,中信關鍵半導體,16,1,15,富邦-高雄,2023-04-26,9659
006208,富邦台50,16,1,15,富邦-高雄,2023-04-26,9659
2603,長榮,15,3,12,富邦-高雄,2023-04-26,9659
2882,國泰金,12,2,10,富邦-高雄,2023-04-26,9659
2301,光寶科,10,0,10,富邦-高雄,2023-04-26,9659
6625,必應,13,3,10,富邦-高雄,2023-04-26,9659
2634,漢翔,435,162,273,富邦-高雄,2023-04-27,9659
00715L,期街口布蘭特正2,207,0,207,富邦-高雄,2023-04-27,9659
00924,復華S＆P500成長,212,15,197,富邦-高雄,2023-04-27,9659
2206,三陽工業,127,4,123,富邦-高雄,2023-04-27,9659
2609,陽明,91,4,87,富邦-高雄,2023-04-27,9659
00679B,元大美債20年,58,5,53,富邦-高雄,2023-04-27,9659
00753L,中信中國50正2,51,10,41,富邦-高雄,2023-04-27,9659
1310,台苯,52,11,41,富邦-高雄,2023-04-27,9659
1101,台泥,69,33,36,富邦-高雄,2023-04-27,9659
2002,中鋼,59,26,33,富邦-高雄,2023-04-27,9659
2809,京城銀,30,0,30,富邦-高雄,2023-04-27,9659
00720B,元大投資級公司債,41,13,28,富邦-高雄,2023-04-27,9659
00772B,中信高評級公司債,38,12,26,富邦-高雄,2023-04-27,9659
6770,力積電,28,2,26,富邦-高雄,2023-04-27,9659
2834,臺企銀,26,1,25,富邦-高雄,2023-04-27,9659
2347,聯強,25,0,25,富邦-高雄,2023-04-27,9659
1909,榮成,27,3,24,富邦-高雄,2023-04-27,9659
2344,華邦電,33,10,23,富邦-高雄,2023-04-27,9659
2498,宏達電,27,4,23,富邦-高雄,2023-04-27,9659
00885,富邦越南,24,2,22,富邦-高雄,2023-04-27,9659
4541,晟田,83,61,22,富邦-高雄,2023-04-27,9659
2330,台積電,28,6,22,富邦-高雄,2023-04-27,9659
00712,復華富時不動產,31,10,21,富邦-高雄,2023-04-27,9659
00878,國泰永續高股息,36,15,21,富邦-高雄,2023-04-27,9659
1717,長興,33,12,21,富邦-高雄,2023-04-27,9659
00751B,元大AAA至A公司債,22,2,20,富邦-高雄,2023-04-27,9659
3454,晶睿,21,2,19,富邦-高雄,2023-04-27,9659
4174,浩鼎,18,0,18,富邦-高雄,2023-04-27,9659
3287,廣寰科,18,0,18,富邦-高雄,2023-04-27,9659
3576,聯合再生,18,0,18,富邦-高雄,2023-04-27,9659
2867,三商壽,44,27,17,富邦-高雄,2023-04-27,9659
1709,和益,32,15,17,富邦-高雄,2023-04-27,9659
1444,力麗,17,0,17,富邦-高雄,2023-04-27,9659
6753,龍德造船,44,28,16,富邦-高雄,2023-04-27,9659
8011,台通,22,6,16,富邦-高雄,2023-04-27,9659
1618,合機,15,0,15,富邦-高雄,2023-04-27,9659
2801,彰銀,15,0,15,富邦-高雄,2023-04-27,9659
1503,士電,17,3,14,富邦-高雄,2023-04-27,9659
9907,統一實,16,2,14,富邦-高雄,2023-04-27,9659
00646,元大S＆P500,13,0,13,富邦-高雄,2023-04-27,9659
2034,允強,13,0,13,富邦-高雄,2023-04-27,9659
006208,富邦台50,14,1,13,富邦-高雄,2023-04-27,9659
0050,元大台灣50,13,0,13,富邦-高雄,2023-04-27,9659
2329,華泰,13,1,12,富邦-高雄,2023-04-27,9659
6446,藥華藥,11,0,11,富邦-高雄,2023-04-27,9659
8403,盛弘,86,75,11,富邦-高雄,2023-04-27,9659
6477,安集,11,0,11,富邦-高雄,2023-04-27,9659
3049,精金,11,0,11,富邦-高雄,2023-04-27,9659
2429,銘旺科,11,0,11,富邦-高雄,2023-04-27,9659
8069,元太,18,7,11,富邦-高雄,2023-04-27,9659
00632R,元大台灣50反1,499,0,499,富邦-高雄,2023-04-28,9659
3481,群創,139,2,137,富邦-高雄,2023-04-28,9659
3059,華晶科,84,1,83,富邦-高雄,2023-04-28,9659
2409,友達,83,2,81,富邦-高雄,2023-04-28,9659
2402,毅嘉,120,43,77,富邦-高雄,2023-04-28,9659
4961,天鈺,83,20,63,富邦-高雄,2023-04-28,9659
6248,沛波,64,3,61,富邦-高雄,2023-04-28,9659
6829,千附精密,68,12,56,富邦-高雄,2023-04-28,9659
2603,長榮,62,9,53,富邦-高雄,2023-04-28,9659
6167,久正,54,2,52,富邦-高雄,2023-04-28,9659
3372,典範,50,0,50,富邦-高雄,2023-04-28,9659
2303,聯電,58,9,49,富邦-高雄,2023-04-28,9659
2206,三陽工業,134,86,48,富邦-高雄,2023-04-28,9659
5371,中光電,53,5,48,富邦-高雄,2023-04-28,9659
00772B,中信高評級公司債,44,0,44,富邦-高雄,2023-04-28,9659
8222,寶一,89,45,44,富邦-高雄,2023-04-28,9659
3704,合勤控,43,1,42,富邦-高雄,2023-04-28,9659
00720B,元大投資級公司債,45,4,41,富邦-高雄,2023-04-28,9659
00900,富邦特選高股息30,58,17,41,富邦-高雄,2023-04-28,9659
2344,華邦電,89,49,40,富邦-高雄,2023-04-28,9659
6282,康舒,75,41,34,富邦-高雄,2023-04-28,9659
1101,台泥,81,48,33,富邦-高雄,2023-04-28,9659
2880,華南金,60,27,33,富邦-高雄,2023-04-28,9659
2891,中信金,52,20,32,富邦-高雄,2023-04-28,9659
2881,富邦金,64,34,30,富邦-高雄,2023-04-28,9659
1108,幸福,27,1,26,富邦-高雄,2023-04-28,9659
00679B,元大美債20年,31,6,25,富邦-高雄,2023-04-28,9659
2014,中鴻,25,0,25,富邦-高雄,2023-04-28,9659
00725B,國泰投資級公司債,23,0,23,富邦-高雄,2023-04-28,9659
00715L,期街口布蘭特正2,25,2,23,富邦-高雄,2023-04-28,9659
00751B,元大AAA至A公司債,22,0,22,富邦-高雄,2023-04-28,9659
2705,六福,22,0,22,富邦-高雄,2023-04-28,9659
4726,永昕,22,0,22,富邦-高雄,2023-04-28,9659
00642U,期元大S＆P石油,20,0,20,富邦-高雄,2023-04-28,9659
00885,富邦越南,23,3,20,富邦-高雄,2023-04-28,9659
2313,華通,22,2,20,富邦-高雄,2023-04-28,9659
2845,遠東銀,20,0,20,富邦-高雄,2023-04-28,9659
1516,川飛,23,3,20,富邦-高雄,2023-04-28,9659
2606,裕民,20,0,20,富邦-高雄,2023-04-28,9659
4747,強生,25,6,19,富邦-高雄,2023-04-28,9659
8093,保銳,18,0,18,富邦-高雄,2023-04-28,9659
6190,萬泰科,21,3,18,富邦-高雄,2023-04-28,9659
2890,永豐金,17,0,17,富邦-高雄,2023-04-28,9659
1905,華紙,37,21,16,富邦-高雄,2023-04-28,9659
4960,誠美材,16,0,16,富邦-高雄,2023-04-28,9659
4174,浩鼎,16,0,16,富邦-高雄,2023-04-28,9659
6590,普鴻,16,0,16,富邦-高雄,2023-04-28,9659
00923,群益台ESG低碳50,15,0,15,富邦-高雄,2023-04-28,9659
00922,國泰台灣領袖50,15,0,15,富邦-高雄,2023-04-28,9659
6806,森崴能源,36,22,14,富邦-高雄,2023-04-28,9659
0056,元大高股息,146,23,123,富邦-高雄,2023-05-02,9659
00751B,元大AAA至A公司債,118,1,117,富邦-高雄,2023-05-02,9659
3481,群創,262,162,100,富邦-高雄,2023-05-02,9659
2881,富邦金,80,5,75,富邦-高雄,2023-05-02,9659
2409,友達,100,33,67,富邦-高雄,2023-05-02,9659
8403,盛弘,77,10,67,富邦-高雄,2023-05-02,9659
1513,中興電,97,32,65,富邦-高雄,2023-05-02,9659
8088,品安,62,0,62,富邦-高雄,2023-05-02,9659
3141,晶宏,83,23,60,富邦-高雄,2023-05-02,9659
00720B,元大投資級公司債,70,10,60,富邦-高雄,2023-05-02,9659
2371,大同,60,2,58,富邦-高雄,2023-05-02,9659
4916,事欣科,60,3,57,富邦-高雄,2023-05-02,9659
00712,復華富時不動產,57,1,56,富邦-高雄,2023-05-02,9659
00772B,中信高評級公司債,52,2,50,富邦-高雄,2023-05-02,9659
6535,順藥,53,5,48,富邦-高雄,2023-05-02,9659
00715L,期街口布蘭特正2,74,27,47,富邦-高雄,2023-05-02,9659
1101,台泥,80,41,39,富邦-高雄,2023-05-02,9659
00642U,期元大S＆P石油,39,1,38,富邦-高雄,2023-05-02,9659
00923,群益台ESG低碳50,35,0,35,富邦-高雄,2023-05-02,9659
2705,六福,33,0,33,富邦-高雄,2023-05-02,9659
2344,華邦電,45,13,32,富邦-高雄,2023-05-02,9659
3324,雙鴻,31,2,29,富邦-高雄,2023-05-02,9659
2482,連宇,33,5,28,富邦-高雄,2023-05-02,9659
2913,農林,55,29,26,富邦-高雄,2023-05-02,9659
6245,立端,26,0,26,富邦-高雄,2023-05-02,9659
1460,宏遠,26,0,26,富邦-高雄,2023-05-02,9659
2609,陽明,33,8,25,富邦-高雄,2023-05-02,9659
2471,資通,36,11,25,富邦-高雄,2023-05-02,9659
2402,毅嘉,27,3,24,富邦-高雄,2023-05-02,9659
2504,國產,32,10,22,富邦-高雄,2023-05-02,9659
00706L,期元大S＆P日圓正2,22,0,22,富邦-高雄,2023-05-02,9659
00665L,富邦�琤肭磪囓�2,27,5,22,富邦-高雄,2023-05-02,9659
5309,系統電,22,0,22,富邦-高雄,2023-05-02,9659
4566,時碩工業,28,7,21,富邦-高雄,2023-05-02,9659
2392,正崴,20,0,20,富邦-高雄,2023-05-02,9659
3078,僑威,28,8,20,富邦-高雄,2023-05-02,9659
912000,晨訊科-DR,20,0,20,富邦-高雄,2023-05-02,9659
1589,永冠-KY,20,2,18,富邦-高雄,2023-05-02,9659
00637L,元大滬深300正2,40,22,18,富邦-高雄,2023-05-02,9659
00922,國泰台灣領袖50,18,0,18,富邦-高雄,2023-05-02,9659
2890,永豐金,20,4,16,富邦-高雄,2023-05-02,9659
00713,元大台灣高息低波,21,5,16,富邦-高雄,2023-05-02,9659
2880,華南金,17,2,15,富邦-高雄,2023-05-02,9659
3284,太普高,15,0,15,富邦-高雄,2023-05-02,9659
00680L,元大美債20正2,14,0,14,富邦-高雄,2023-05-02,9659
6269,台郡,14,1,13,富邦-高雄,2023-05-02,9659
00679B,元大美債20年,13,1,12,富邦-高雄,2023-05-02,9659
3011,今皓,14,2,12,富邦-高雄,2023-05-02,9659
3033,威健,19,8,11,富邦-高雄,2023-05-02,9659
00725B,國泰投資級公司債,12,1,11,富邦-高雄,2023-05-02,9659
3481,群創,4110,53,4057,富邦-高雄,2023-05-03,9659
9934,成霖,223,0,223,富邦-高雄,2023-05-03,9659
4121,優盛,312,108,204,富邦-高雄,2023-05-03,9659
00712,復華富時不動產,162,7,155,富邦-高雄,2023-05-03,9659
00753L,中信中國50正2,166,40,126,富邦-高雄,2023-05-03,9659
00878,國泰永續高股息,134,17,117,富邦-高雄,2023-05-03,9659
00679B,元大美債20年,108,0,108,富邦-高雄,2023-05-03,9659
3006,晶豪科,107,0,107,富邦-高雄,2023-05-03,9659
00772B,中信高評級公司債,95,0,95,富邦-高雄,2023-05-03,9659
2634,漢翔,191,110,81,富邦-高雄,2023-05-03,9659
00715L,期街口布蘭特正2,162,90,72,富邦-高雄,2023-05-03,9659
9958,世紀鋼,72,2,70,富邦-高雄,2023-05-03,9659
00642U,期元大S＆P石油,68,0,68,富邦-高雄,2023-05-03,9659
1101,台泥,126,64,62,富邦-高雄,2023-05-03,9659
6245,立端,60,0,60,富邦-高雄,2023-05-03,9659
00637L,元大滬深300正2,58,2,56,富邦-高雄,2023-05-03,9659
5014,建錩,49,0,49,富邦-高雄,2023-05-03,9659
2881,富邦金,51,4,47,富邦-高雄,2023-05-03,9659
3231,緯創,64,23,41,富邦-高雄,2023-05-03,9659
6164,華興,40,0,40,富邦-高雄,2023-05-03,9659
2603,長榮,74,39,35,富邦-高雄,2023-05-03,9659
8033,雷虎,35,3,32,富邦-高雄,2023-05-03,9659
2022,聚亨,31,0,31,富邦-高雄,2023-05-03,9659
2615,萬海,35,5,30,富邦-高雄,2023-05-03,9659
6235,華孚,31,2,29,富邦-高雄,2023-05-03,9659
1471,首利,29,1,28,富邦-高雄,2023-05-03,9659
1605,華新,36,9,27,富邦-高雄,2023-05-03,9659
1314,中石化,28,1,27,富邦-高雄,2023-05-03,9659
00713,元大台灣高息低波,29,3,26,富邦-高雄,2023-05-03,9659
1503,士電,64,39,25,富邦-高雄,2023-05-03,9659
00646,元大S＆P500,25,0,25,富邦-高雄,2023-05-03,9659
3419,譁裕,38,13,25,富邦-高雄,2023-05-03,9659
3029,零壹,33,9,24,富邦-高雄,2023-05-03,9659
1504,東元,34,10,24,富邦-高雄,2023-05-03,9659
00665L,富邦�琤肭磪囓�2,31,8,23,富邦-高雄,2023-05-03,9659
4147,中裕,27,5,22,富邦-高雄,2023-05-03,9659
2417,圓剛,33,12,21,富邦-高雄,2023-05-03,9659
9955,佳龍,38,17,21,富邦-高雄,2023-05-03,9659
3078,僑威,30,9,21,富邦-高雄,2023-05-03,9659
00669R,國泰美國道瓊反1,20,0,20,富邦-高雄,2023-05-03,9659
2609,陽明,33,14,19,富邦-高雄,2023-05-03,9659
00633L,富邦上証正2,19,0,19,富邦-高雄,2023-05-03,9659
1905,華紙,103,84,19,富邦-高雄,2023-05-03,9659
00885,富邦越南,29,11,18,富邦-高雄,2023-05-03,9659
00922,國泰台灣領袖50,17,0,17,富邦-高雄,2023-05-03,9659
3013,晟銘電,20,3,17,富邦-高雄,2023-05-03,9659
1528,恩德,17,1,16,富邦-高雄,2023-05-03,9659
0056,元大高股息,25,10,15,富邦-高雄,2023-05-03,9659
3035,智原,55,40,15,富邦-高雄,2023-05-03,9659
3715,定穎投控,32,17,15,富邦-高雄,2023-05-03,9659
00715L,期街口布蘭特正2,325,3,322,富邦-高雄,2023-05-04,9659
00924,復華S＆P500成長,144,0,144,富邦-高雄,2023-05-04,9659
00642U,期元大S＆P石油,132,0,132,富邦-高雄,2023-05-04,9659
2888,新光金,100,0,100,富邦-高雄,2023-05-04,9659
2880,華南金,98,0,98,富邦-高雄,2023-05-04,9659
6191,精成科,147,54,93,富邦-高雄,2023-05-04,9659
3481,群創,112,20,92,富邦-高雄,2023-05-04,9659
00751B,元大AAA至A公司債,89,0,89,富邦-高雄,2023-05-04,9659
5475,德宏,86,1,85,富邦-高雄,2023-05-04,9659
1101,台泥,98,19,79,富邦-高雄,2023-05-04,9659
6122,擎邦,72,3,69,富邦-高雄,2023-05-04,9659
00646,元大S＆P500,60,0,60,富邦-高雄,2023-05-04,9659
2482,連宇,69,9,60,富邦-高雄,2023-05-04,9659
00720B,元大投資級公司債,57,1,56,富邦-高雄,2023-05-04,9659
00878,國泰永續高股息,90,36,54,富邦-高雄,2023-05-04,9659
2481,強茂,50,0,50,富邦-高雄,2023-05-04,9659
2913,農林,45,1,44,富邦-高雄,2023-05-04,9659
2603,長榮,75,32,43,富邦-高雄,2023-05-04,9659
1503,士電,81,41,40,富邦-高雄,2023-05-04,9659
4541,晟田,47,9,38,富邦-高雄,2023-05-04,9659
2002,中鋼,50,13,37,富邦-高雄,2023-05-04,9659
4106,雃博,35,1,34,富邦-高雄,2023-05-04,9659
00712,復華富時不動產,33,0,33,富邦-高雄,2023-05-04,9659
6244,茂迪,35,4,31,富邦-高雄,2023-05-04,9659
00679B,元大美債20年,42,13,29,富邦-高雄,2023-05-04,9659
6446,藥華藥,27,0,27,富邦-高雄,2023-05-04,9659
6477,安集,32,6,26,富邦-高雄,2023-05-04,9659
1727,中華化,30,4,26,富邦-高雄,2023-05-04,9659
8936,國統,26,1,25,富邦-高雄,2023-05-04,9659
8085,福華,81,56,25,富邦-高雄,2023-05-04,9659
4968,立積,25,1,24,富邦-高雄,2023-05-04,9659
3202,樺晟,30,6,24,富邦-高雄,2023-05-04,9659
1314,中石化,31,7,24,富邦-高雄,2023-05-04,9659
00650L,復華香港正2,20,0,20,富邦-高雄,2023-05-04,9659
912000,晨訊科-DR,20,0,20,富邦-高雄,2023-05-04,9659
00632R,元大台灣50反1,30,10,20,富邦-高雄,2023-05-04,9659
2915,潤泰全,20,0,20,富邦-高雄,2023-05-04,9659
2359,所羅門,22,3,19,富邦-高雄,2023-05-04,9659
2705,六福,27,10,17,富邦-高雄,2023-05-04,9659
1307,三芳,18,1,17,富邦-高雄,2023-05-04,9659
2303,聯電,17,1,16,富邦-高雄,2023-05-04,9659
1618,合機,22,6,16,富邦-高雄,2023-05-04,9659
3033,威健,27,11,16,富邦-高雄,2023-05-04,9659
1467,南緯,15,0,15,富邦-高雄,2023-05-04,9659
5351,鈺創,15,0,15,富邦-高雄,2023-05-04,9659
8103,瀚荃,15,0,15,富邦-高雄,2023-05-04,9659
3006,晶豪科,15,0,15,富邦-高雄,2023-05-04,9659
2609,陽明,21,7,14,富邦-高雄,2023-05-04,9659
2618,長榮航,19,6,13,富邦-高雄,2023-05-04,9659
4108,懷特,18,5,13,富邦-高雄,2023-05-04,9659
00632R,元大台灣50反1,1900,0,1900,富邦-高雄,2023-05-05,9659
2352,佳世達,144,9,135,富邦-高雄,2023-05-05,9659
00715L,期街口布蘭特正2,123,0,123,富邦-高雄,2023-05-05,9659
2867,三商壽,100,0,100,富邦-高雄,2023-05-05,9659
6245,立端,102,4,98,富邦-高雄,2023-05-05,9659
2515,中工,93,5,88,富邦-高雄,2023-05-05,9659
9934,成霖,90,4,86,富邦-高雄,2023-05-05,9659
2442,新美齊,85,0,85,富邦-高雄,2023-05-05,9659
00772B,中信高評級公司債,85,0,85,富邦-高雄,2023-05-05,9659
00720B,元大投資級公司債,72,0,72,富邦-高雄,2023-05-05,9659
1609,大亞,204,147,57,富邦-高雄,2023-05-05,9659
2897,王道銀行,59,6,53,富邦-高雄,2023-05-05,9659
00642U,期元大S＆P石油,51,1,50,富邦-高雄,2023-05-05,9659
6531,愛普*,51,3,48,富邦-高雄,2023-05-05,9659
3037,欣興,105,61,44,富邦-高雄,2023-05-05,9659
2002,中鋼,53,10,43,富邦-高雄,2023-05-05,9659
3356,奇偶,35,1,34,富邦-高雄,2023-05-05,9659
8046,南電,54,21,33,富邦-高雄,2023-05-05,9659
00712,復華富時不動產,42,12,30,富邦-高雄,2023-05-05,9659
00751B,元大AAA至A公司債,30,0,30,富邦-高雄,2023-05-05,9659
6672,騰輝電子-KY,30,0,30,富邦-高雄,2023-05-05,9659
00885,富邦越南,41,12,29,富邦-高雄,2023-05-05,9659
2303,聯電,32,3,29,富邦-高雄,2023-05-05,9659
6160,欣技,42,13,29,富邦-高雄,2023-05-05,9659
1101,台泥,32,5,27,富邦-高雄,2023-05-05,9659
6612,奈米醫材,37,10,27,富邦-高雄,2023-05-05,9659
6515,穎崴,28,2,26,富邦-高雄,2023-05-05,9659
2880,華南金,22,0,22,富邦-高雄,2023-05-05,9659
8358,金居,21,1,20,富邦-高雄,2023-05-05,9659
3596,智易,76,56,20,富邦-高雄,2023-05-05,9659
00905,FT臺灣Smart,20,0,20,富邦-高雄,2023-05-05,9659
5425,台半,21,1,20,富邦-高雄,2023-05-05,9659
2347,聯強,20,0,20,富邦-高雄,2023-05-05,9659
4961,天鈺,67,48,19,富邦-高雄,2023-05-05,9659
00924,復華S＆P500成長,19,0,19,富邦-高雄,2023-05-05,9659
4121,優盛,42,24,18,富邦-高雄,2023-05-05,9659
00923,群益台ESG低碳50,18,0,18,富邦-高雄,2023-05-05,9659
2344,華邦電,22,6,16,富邦-高雄,2023-05-05,9659
6244,茂迪,51,35,16,富邦-高雄,2023-05-05,9659
5009,榮剛,24,8,16,富邦-高雄,2023-05-05,9659
2353,宏��,21,6,15,富邦-高雄,2023-05-05,9659
9958,世紀鋼,15,0,15,富邦-高雄,2023-05-05,9659
3432,台端,15,0,15,富邦-高雄,2023-05-05,9659
1529,樂事綠能,28,13,15,富邦-高雄,2023-05-05,9659
2457,飛宏,25,11,14,富邦-高雄,2023-05-05,9659
00830,國泰費城半導體,14,0,14,富邦-高雄,2023-05-05,9659
2406,國碩,14,0,14,富邦-高雄,2023-05-05,9659
8222,寶一,26,12,14,富邦-高雄,2023-05-05,9659
8440,綠電,14,0,14,富邦-高雄,2023-05-05,9659
2330,台積電,14,0,14,富邦-高雄,2023-05-05,9659
2851,中再保,125,6,119,富邦-高雄,2023-05-08,9659
4961,天鈺,120,4,116,富邦-高雄,2023-05-08,9659
3484,崧騰,101,3,98,富邦-高雄,2023-05-08,9659
00687B,國泰20年美債,93,0,93,富邦-高雄,2023-05-08,9659
00751B,元大AAA至A公司債,89,0,89,富邦-高雄,2023-05-08,9659
1711,永光,107,24,83,富邦-高雄,2023-05-08,9659
2887,台新金,95,21,74,富邦-高雄,2023-05-08,9659
1795,美時,74,11,63,富邦-高雄,2023-05-08,9659
1605,華新,162,100,62,富邦-高雄,2023-05-08,9659
00715L,期街口布蘭特正2,108,46,62,富邦-高雄,2023-05-08,9659
3481,群創,88,30,58,富邦-高雄,2023-05-08,9659
2867,三商壽,52,1,51,富邦-高雄,2023-05-08,9659
3702,大聯大,50,1,49,富邦-高雄,2023-05-08,9659
00642U,期元大S＆P石油,54,9,45,富邦-高雄,2023-05-08,9659
8069,元太,71,31,40,富邦-高雄,2023-05-08,9659
1504,東元,116,76,40,富邦-高雄,2023-05-08,9659
3419,譁裕,41,2,39,富邦-高雄,2023-05-08,9659
00772B,中信高評級公司債,36,0,36,富邦-高雄,2023-05-08,9659
6741,91APP*-KY,76,41,35,富邦-高雄,2023-05-08,9659
9955,佳龍,39,6,33,富邦-高雄,2023-05-08,9659
4549,桓達,30,0,30,富邦-高雄,2023-05-08,9659
1101,台泥,38,8,30,富邦-高雄,2023-05-08,9659
6235,華孚,34,5,29,富邦-高雄,2023-05-08,9659
00878,國泰永續高股息,66,38,28,富邦-高雄,2023-05-08,9659
1314,中石化,58,30,28,富邦-高雄,2023-05-08,9659
8085,福華,58,31,27,富邦-高雄,2023-05-08,9659
3703,欣陸,33,6,27,富邦-高雄,2023-05-08,9659
1447,力鵬,30,5,25,富邦-高雄,2023-05-08,9659
00712,復華富時不動產,24,2,22,富邦-高雄,2023-05-08,9659
9933,中鼎,22,0,22,富邦-高雄,2023-05-08,9659
00922,國泰台灣領袖50,22,0,22,富邦-高雄,2023-05-08,9659
2421,建準,112,90,22,富邦-高雄,2023-05-08,9659
6214,精誠,41,20,21,富邦-高雄,2023-05-08,9659
6274,台燿,26,5,21,富邦-高雄,2023-05-08,9659
00753L,中信中國50正2,22,1,21,富邦-高雄,2023-05-08,9659
00679B,元大美債20年,21,0,21,富邦-高雄,2023-05-08,9659
00923,群益台ESG低碳50,20,0,20,富邦-高雄,2023-05-08,9659
3454,晶睿,21,2,19,富邦-高雄,2023-05-08,9659
00650L,復華香港正2,25,7,18,富邦-高雄,2023-05-08,9659
9962,有益,33,16,17,富邦-高雄,2023-05-08,9659
2881,富邦金,22,5,17,富邦-高雄,2023-05-08,9659
4174,浩鼎,27,10,17,富邦-高雄,2023-05-08,9659
3006,晶豪科,24,9,15,富邦-高雄,2023-05-08,9659
00665L,富邦�琤肭磪囓�2,24,9,15,富邦-高雄,2023-05-08,9659
4747,強生,15,0,15,富邦-高雄,2023-05-08,9659
3363,上詮,17,2,15,富邦-高雄,2023-05-08,9659
6173,信昌電,16,1,15,富邦-高雄,2023-05-08,9659
6127,九豪,15,1,14,富邦-高雄,2023-05-08,9659
1810,和成,18,5,13,富邦-高雄,2023-05-08,9659
3260,威剛,12,0,12,富邦-高雄,2023-05-08,9659
3481,群創,303,28,275,富邦-高雄,2023-05-09,9659
1101,台泥,194,7,187,富邦-高雄,2023-05-09,9659
2705,六福,160,1,159,富邦-高雄,2023-05-09,9659
3704,合勤控,116,2,114,富邦-高雄,2023-05-09,9659
4967,十銓,118,4,114,富邦-高雄,2023-05-09,9659
00720B,元大投資級公司債,77,0,77,富邦-高雄,2023-05-09,9659
00878,國泰永續高股息,77,4,73,富邦-高雄,2023-05-09,9659
5014,建錩,70,0,70,富邦-高雄,2023-05-09,9659
00772B,中信高評級公司債,54,1,53,富邦-高雄,2023-05-09,9659
00751B,元大AAA至A公司債,53,0,53,富邦-高雄,2023-05-09,9659
1609,大亞,85,34,51,富邦-高雄,2023-05-09,9659
00679B,元大美債20年,59,9,50,富邦-高雄,2023-05-09,9659
1605,華新,63,19,44,富邦-高雄,2023-05-09,9659
1528,恩德,44,2,42,富邦-高雄,2023-05-09,9659
2851,中再保,41,3,38,富邦-高雄,2023-05-09,9659
3466,德晉,33,0,33,富邦-高雄,2023-05-09,9659
8085,福華,36,5,31,富邦-高雄,2023-05-09,9659
3715,定穎投控,57,27,30,富邦-高雄,2023-05-09,9659
6689,伊雲谷,30,4,26,富邦-高雄,2023-05-09,9659
6244,茂迪,59,33,26,富邦-高雄,2023-05-09,9659
3324,雙鴻,45,19,26,富邦-高雄,2023-05-09,9659
6770,力積電,25,0,25,富邦-高雄,2023-05-09,9659
3027,盛達,141,116,25,富邦-高雄,2023-05-09,9659
9933,中鼎,24,0,24,富邦-高雄,2023-05-09,9659
00687B,國泰20年美債,24,0,24,富邦-高雄,2023-05-09,9659
00665L,富邦�琤肭磪囓�2,23,0,23,富邦-高雄,2023-05-09,9659
1519,華城,63,41,22,富邦-高雄,2023-05-09,9659
1795,美時,59,37,22,富邦-高雄,2023-05-09,9659
5426,振發,21,0,21,富邦-高雄,2023-05-09,9659
00725B,國泰投資級公司債,21,0,21,富邦-高雄,2023-05-09,9659
8390,金益鼎,22,1,21,富邦-高雄,2023-05-09,9659
6152,百一,20,0,20,富邦-高雄,2023-05-09,9659
4153,鈺緯,20,0,20,富邦-高雄,2023-05-09,9659
00712,復華富時不動產,19,0,19,富邦-高雄,2023-05-09,9659
3149,正達,19,0,19,富邦-高雄,2023-05-09,9659
2634,漢翔,55,36,19,富邦-高雄,2023-05-09,9659
2603,長榮,30,11,19,富邦-高雄,2023-05-09,9659
00632R,元大台灣50反1,20,2,18,富邦-高雄,2023-05-09,9659
2913,農林,32,14,18,富邦-高雄,2023-05-09,9659
4919,新唐,19,2,17,富邦-高雄,2023-05-09,9659
2887,台新金,28,11,17,富邦-高雄,2023-05-09,9659
8046,南電,50,34,16,富邦-高雄,2023-05-09,9659
4417,金洲,15,0,15,富邦-高雄,2023-05-09,9659
1708,東鹼,29,14,15,富邦-高雄,2023-05-09,9659
00674R,期元大S＆P黃金反1,15,0,15,富邦-高雄,2023-05-09,9659
1310,台苯,20,5,15,富邦-高雄,2023-05-09,9659
3003,健和興,14,0,14,富邦-高雄,2023-05-09,9659
2915,潤泰全,14,0,14,富邦-高雄,2023-05-09,9659
9955,佳龍,14,0,14,富邦-高雄,2023-05-09,9659
00753L,中信中國50正2,13,0,13,富邦-高雄,2023-05-09,9659
00753L,中信中國50正2,209,0,209,富邦-高雄,2023-05-10,9659
00720B,元大投資級公司債,84,0,84,富邦-高雄,2023-05-10,9659
00878,國泰永續高股息,147,66,81,富邦-高雄,2023-05-10,9659
00715L,期街口布蘭特正2,120,48,72,富邦-高雄,2023-05-10,9659
1101,台泥,80,11,69,富邦-高雄,2023-05-10,9659
2610,華航,97,39,58,富邦-高雄,2023-05-10,9659
1307,三芳,52,0,52,富邦-高雄,2023-05-10,9659
8996,高力,62,11,51,富邦-高雄,2023-05-10,9659
1312,國喬,63,13,50,富邦-高雄,2023-05-10,9659
8085,福華,50,1,49,富邦-高雄,2023-05-10,9659
3481,群創,60,12,48,富邦-高雄,2023-05-10,9659
00665L,富邦�琤肭磪囓�2,57,10,47,富邦-高雄,2023-05-10,9659
6282,康舒,50,8,42,富邦-高雄,2023-05-10,9659
00637L,元大滬深300正2,79,38,41,富邦-高雄,2023-05-10,9659
8070,長華*,42,1,41,富邦-高雄,2023-05-10,9659
2303,聯電,45,4,41,富邦-高雄,2023-05-10,9659
00900,富邦特選高股息30,51,11,40,富邦-高雄,2023-05-10,9659
3006,晶豪科,40,2,38,富邦-高雄,2023-05-10,9659
00673R,期元大S＆P原油反1,38,0,38,富邦-高雄,2023-05-10,9659
00751B,元大AAA至A公司債,37,0,37,富邦-高雄,2023-05-10,9659
5014,建錩,36,0,36,富邦-高雄,2023-05-10,9659
3013,晟銘電,52,18,34,富邦-高雄,2023-05-10,9659
00882,中信中國高股息,51,17,34,富邦-高雄,2023-05-10,9659
1701,中化,33,0,33,富邦-高雄,2023-05-10,9659
1712,興農,32,0,32,富邦-高雄,2023-05-10,9659
6122,擎邦,38,6,32,富邦-高雄,2023-05-10,9659
00680L,元大美債20正2,30,1,29,富邦-高雄,2023-05-10,9659
00687B,國泰20年美債,28,0,28,富邦-高雄,2023-05-10,9659
00713,元大台灣高息低波,30,2,28,富邦-高雄,2023-05-10,9659
00633L,富邦上証正2,29,2,27,富邦-高雄,2023-05-10,9659
3231,緯創,36,10,26,富邦-高雄,2023-05-10,9659
0056,元大高股息,27,3,24,富邦-高雄,2023-05-10,9659
6504,南六,34,10,24,富邦-高雄,2023-05-10,9659
3715,定穎投控,31,7,24,富邦-高雄,2023-05-10,9659
3025,星通,22,0,22,富邦-高雄,2023-05-10,9659
1609,大亞,118,96,22,富邦-高雄,2023-05-10,9659
00632R,元大台灣50反1,43,22,21,富邦-高雄,2023-05-10,9659
2373,震旦行,20,0,20,富邦-高雄,2023-05-10,9659
2888,新光金,20,0,20,富邦-高雄,2023-05-10,9659
1310,台苯,20,0,20,富邦-高雄,2023-05-10,9659
00679B,元大美債20年,31,11,20,富邦-高雄,2023-05-10,9659
3034,聯詠,47,27,20,富邦-高雄,2023-05-10,9659
1314,中石化,21,1,20,富邦-高雄,2023-05-10,9659
00773B,中信優先金融債,19,0,19,富邦-高雄,2023-05-10,9659
2891,中信金,20,3,17,富邦-高雄,2023-05-10,9659
6274,台燿,19,2,17,富邦-高雄,2023-05-10,9659
5009,榮剛,39,23,16,富邦-高雄,2023-05-10,9659
1708,東鹼,18,2,16,富邦-高雄,2023-05-10,9659
2881,富邦金,23,8,15,富邦-高雄,2023-05-10,9659
1514,亞力,19,4,15,富邦-高雄,2023-05-10,9659
1711,永光,202,2,200,富邦-高雄,2023-05-11,9659
2883,凱基金,143,31,112,富邦-高雄,2023-05-11,9659
00878,國泰永續高股息,106,0,106,富邦-高雄,2023-05-11,9659
3481,群創,187,102,85,富邦-高雄,2023-05-11,9659
1101,台泥,88,10,78,富邦-高雄,2023-05-11,9659
1609,大亞,121,52,69,富邦-高雄,2023-05-11,9659
2618,長榮航,88,29,59,富邦-高雄,2023-05-11,9659
00687B,國泰20年美債,55,0,55,富邦-高雄,2023-05-11,9659
8070,長華*,55,1,54,富邦-高雄,2023-05-11,9659
4967,十銓,54,2,52,富邦-高雄,2023-05-11,9659
00720B,元大投資級公司債,51,0,51,富邦-高雄,2023-05-11,9659
6245,立端,63,13,50,富邦-高雄,2023-05-11,9659
2387,精元,50,3,47,富邦-高雄,2023-05-11,9659
8088,品安,46,0,46,富邦-高雄,2023-05-11,9659
1528,恩德,45,0,45,富邦-高雄,2023-05-11,9659
1514,亞力,73,30,43,富邦-高雄,2023-05-11,9659
5353,台林,45,2,43,富邦-高雄,2023-05-11,9659
5014,建錩,42,0,42,富邦-高雄,2023-05-11,9659
1310,台苯,40,1,39,富邦-高雄,2023-05-11,9659
2312,金寶,46,8,38,富邦-高雄,2023-05-11,9659
2206,三陽工業,74,37,37,富邦-高雄,2023-05-11,9659
2542,興富發,53,17,36,富邦-高雄,2023-05-11,9659
3704,合勤控,38,3,35,富邦-高雄,2023-05-11,9659
3372,典範,35,2,33,富邦-高雄,2023-05-11,9659
2022,聚亨,31,0,31,富邦-高雄,2023-05-11,9659
2610,華航,46,16,30,富邦-高雄,2023-05-11,9659
3025,星通,30,1,29,富邦-高雄,2023-05-11,9659
8085,福華,70,41,29,富邦-高雄,2023-05-11,9659
4744,皇將,41,13,28,富邦-高雄,2023-05-11,9659
4174,浩鼎,28,0,28,富邦-高雄,2023-05-11,9659
2603,長榮,30,3,27,富邦-高雄,2023-05-11,9659
1605,華新,32,5,27,富邦-高雄,2023-05-11,9659
00753L,中信中國50正2,26,0,26,富邦-高雄,2023-05-11,9659
00900,富邦特選高股息30,27,2,25,富邦-高雄,2023-05-11,9659
00725B,國泰投資級公司債,25,0,25,富邦-高雄,2023-05-11,9659
00751B,元大AAA至A公司債,24,0,24,富邦-高雄,2023-05-11,9659
1580,新麥,27,4,23,富邦-高雄,2023-05-11,9659
4916,事欣科,26,4,22,富邦-高雄,2023-05-11,9659
2329,華泰,21,1,20,富邦-高雄,2023-05-11,9659
6770,力積電,22,2,20,富邦-高雄,2023-05-11,9659
2890,永豐金,18,0,18,富邦-高雄,2023-05-11,9659
6712,長聖,18,1,17,富邦-高雄,2023-05-11,9659
2887,台新金,23,6,17,富邦-高雄,2023-05-11,9659
2634,漢翔,41,25,16,富邦-高雄,2023-05-11,9659
4153,鈺緯,15,0,15,富邦-高雄,2023-05-11,9659
8440,綠電,15,0,15,富邦-高雄,2023-05-11,9659
00641R,富邦日本反1,15,0,15,富邦-高雄,2023-05-11,9659
8097,常珵,21,7,14,富邦-高雄,2023-05-11,9659
6789,采鈺,14,0,14,富邦-高雄,2023-05-11,9659
1314,中石化,14,0,14,富邦-高雄,2023-05-11,9659
00715L,期街口布蘭特正2,240,21,219,富邦-高雄,2023-05-12,9659
2317,鴻海,188,28,160,富邦-高雄,2023-05-12,9659
6274,台燿,143,62,81,富邦-高雄,2023-05-12,9659
3363,上詮,124,52,72,富邦-高雄,2023-05-12,9659
2409,友達,76,9,67,富邦-高雄,2023-05-12,9659
1101,台泥,72,6,66,富邦-高雄,2023-05-12,9659
00878,國泰永續高股息,90,27,63,富邦-高雄,2023-05-12,9659
2888,新光金,57,2,55,富邦-高雄,2023-05-12,9659
00637L,元大滬深300正2,151,100,51,富邦-高雄,2023-05-12,9659
3037,欣興,50,2,48,富邦-高雄,2023-05-12,9659
2882,國泰金,47,4,43,富邦-高雄,2023-05-12,9659
00751B,元大AAA至A公司債,43,1,42,富邦-高雄,2023-05-12,9659
2731,雄獅,93,55,38,富邦-高雄,2023-05-12,9659
00882,中信中國高股息,36,2,34,富邦-高雄,2023-05-12,9659
6285,啟��,36,7,29,富邦-高雄,2023-05-12,9659
3481,群創,147,120,27,富邦-高雄,2023-05-12,9659
2883,凱基金,81,58,23,富邦-高雄,2023-05-12,9659
2884,玉山金,22,1,21,富邦-高雄,2023-05-12,9659
5388,中磊,33,14,19,富邦-高雄,2023-05-12,9659
2603,長榮,21,2,19,富邦-高雄,2023-05-12,9659
2303,聯電,40,22,18,富邦-高雄,2023-05-12,9659
6005,群益證,22,4,18,富邦-高雄,2023-05-12,9659
4174,浩鼎,17,0,17,富邦-高雄,2023-05-12,9659
3321,同泰,17,0,17,富邦-高雄,2023-05-12,9659
00923,群益台ESG低碳50,17,0,17,富邦-高雄,2023-05-12,9659
2834,臺企銀,29,13,16,富邦-高雄,2023-05-12,9659
00706L,期元大S＆P日圓正2,16,0,16,富邦-高雄,2023-05-12,9659
00720B,元大投資級公司債,17,1,16,富邦-高雄,2023-05-12,9659
4402,郡都開發,15,0,15,富邦-高雄,2023-05-12,9659
3617,碩天,15,0,15,富邦-高雄,2023-05-12,9659
3034,聯詠,14,0,14,富邦-高雄,2023-05-12,9659
8044,網家,20,6,14,富邦-高雄,2023-05-12,9659
2542,興富發,18,4,14,富邦-高雄,2023-05-12,9659
00687B,國泰20年美債,13,1,12,富邦-高雄,2023-05-12,9659
00713,元大台灣高息低波,14,2,12,富邦-高雄,2023-05-12,9659
006208,富邦台50,11,0,11,富邦-高雄,2023-05-12,9659
3704,合勤控,17,6,11,富邦-高雄,2023-05-12,9659
4702,中美實,11,0,11,富邦-高雄,2023-05-12,9659
2376,技嘉,13,2,11,富邦-高雄,2023-05-12,9659
2801,彰銀,11,0,11,富邦-高雄,2023-05-12,9659
6185,幃翔,14,3,11,富邦-高雄,2023-05-12,9659
2615,萬海,11,0,11,富邦-高雄,2023-05-12,9659
2330,台積電,15,5,10,富邦-高雄,2023-05-12,9659
2890,永豐金,11,0,11,富邦-高雄,2023-05-12,9659
2881,富邦金,14,3,11,富邦-高雄,2023-05-12,9659
4961,天鈺,12,2,10,富邦-高雄,2023-05-12,9659
2034,允強,10,0,10,富邦-高雄,2023-05-12,9659
3535,晶彩科,10,0,10,富邦-高雄,2023-05-12,9659
3682,亞太電,10,0,10,富邦-高雄,2023-05-12,9659
8996,高力,10,0,10,富邦-高雄,2023-05-12,9659
00878,國泰永續高股息,259,102,157,富邦-高雄,2023-05-15,9659
00882,中信中國高股息,121,0,121,富邦-高雄,2023-05-15,9659
00687B,國泰20年美債,118,0,118,富邦-高雄,2023-05-15,9659
8085,福華,98,1,97,富邦-高雄,2023-05-15,9659
2206,三陽工業,104,9,95,富邦-高雄,2023-05-15,9659
00720B,元大投資級公司債,67,0,67,富邦-高雄,2023-05-15,9659
1101,台泥,73,8,65,富邦-高雄,2023-05-15,9659
2303,聯電,66,2,64,富邦-高雄,2023-05-15,9659
6005,群益證,60,0,60,富邦-高雄,2023-05-15,9659
00637L,元大滬深300正2,64,10,54,富邦-高雄,2023-05-15,9659
00751B,元大AAA至A公司債,53,0,53,富邦-高雄,2023-05-15,9659
00715L,期街口布蘭特正2,48,10,38,富邦-高雄,2023-05-15,9659
6122,擎邦,68,31,37,富邦-高雄,2023-05-15,9659
6220,岳豐,36,0,36,富邦-高雄,2023-05-15,9659
00888,永豐台灣ESG,30,0,30,富邦-高雄,2023-05-15,9659
2409,友達,29,4,25,富邦-高雄,2023-05-15,9659
00642U,期元大S＆P石油,26,1,25,富邦-高雄,2023-05-15,9659
6116,彩晶,25,2,23,富邦-高雄,2023-05-15,9659
3693,營邦,23,0,23,富邦-高雄,2023-05-15,9659
2888,新光金,23,0,23,富邦-高雄,2023-05-15,9659
2317,鴻海,33,11,22,富邦-高雄,2023-05-15,9659
2382,廣達,38,16,22,富邦-高雄,2023-05-15,9659
00679B,元大美債20年,39,18,21,富邦-高雄,2023-05-15,9659
2427,三商電,26,5,21,富邦-高雄,2023-05-15,9659
3017,奇鋐,32,13,19,富邦-高雄,2023-05-15,9659
2376,技嘉,21,2,19,富邦-高雄,2023-05-15,9659
6504,南六,23,5,18,富邦-高雄,2023-05-15,9659
00725B,國泰投資級公司債,18,0,18,富邦-高雄,2023-05-15,9659
5478,智冠,17,0,17,富邦-高雄,2023-05-15,9659
3046,建��,22,6,16,富邦-高雄,2023-05-15,9659
3043,科風,16,0,16,富邦-高雄,2023-05-15,9659
1612,宏泰,16,0,16,富邦-高雄,2023-05-15,9659
2330,台積電,17,2,15,富邦-高雄,2023-05-15,9659
3105,穩懋,14,0,14,富邦-高雄,2023-05-15,9659
1447,力鵬,14,0,14,富邦-高雄,2023-05-15,9659
2449,京元電子,14,0,14,富邦-高雄,2023-05-15,9659
4550,長佳,14,0,14,富邦-高雄,2023-05-15,9659
4123,晟德,16,2,14,富邦-高雄,2023-05-15,9659
5871,中租-KY,13,0,13,富邦-高雄,2023-05-15,9659
3035,智原,40,27,13,富邦-高雄,2023-05-15,9659
2630,亞航,18,5,13,富邦-高雄,2023-05-15,9659
2615,萬海,22,9,13,富邦-高雄,2023-05-15,9659
00892,富邦台灣半導體,13,0,13,富邦-高雄,2023-05-15,9659
6446,藥華藥,12,0,12,富邦-高雄,2023-05-15,9659
1337,再生-KY,19,7,12,富邦-高雄,2023-05-15,9659
2498,宏達電,12,1,11,富邦-高雄,2023-05-15,9659
00633L,富邦上証正2,11,0,11,富邦-高雄,2023-05-15,9659
2344,華邦電,13,2,11,富邦-高雄,2023-05-15,9659
00896,中信綠能及電動車,11,0,11,富邦-高雄,2023-05-15,9659
8210,勤誠,11,0,11,富邦-高雄,2023-05-15,9659
2409,友達,201,2,199,富邦-高雄,2023-05-16,9659
00632R,元大台灣50反1,105,3,102,富邦-高雄,2023-05-16,9659
3617,碩天,100,1,99,富邦-高雄,2023-05-16,9659
2867,三商壽,100,12,88,富邦-高雄,2023-05-16,9659
3363,上詮,141,57,84,富邦-高雄,2023-05-16,9659
00751B,元大AAA至A公司債,62,1,61,富邦-高雄,2023-05-16,9659
6235,華孚,73,14,59,富邦-高雄,2023-05-16,9659
00715L,期街口布蘭特正2,87,29,58,富邦-高雄,2023-05-16,9659
00720B,元大投資級公司債,53,0,53,富邦-高雄,2023-05-16,9659
00772B,中信高評級公司債,53,1,52,富邦-高雄,2023-05-16,9659
6558,興能高,56,4,52,富邦-高雄,2023-05-16,9659
3703,欣陸,50,0,50,富邦-高雄,2023-05-16,9659
3481,群創,66,20,46,富邦-高雄,2023-05-16,9659
2468,華經,41,0,41,富邦-高雄,2023-05-16,9659
00642U,期元大S＆P石油,45,6,39,富邦-高雄,2023-05-16,9659
00680L,元大美債20正2,35,0,35,富邦-高雄,2023-05-16,9659
1802,台玻,31,0,31,富邦-高雄,2023-05-16,9659
1584,精剛,31,1,30,富邦-高雄,2023-05-16,9659
8088,品安,32,2,30,富邦-高雄,2023-05-16,9659
4744,皇將,74,44,30,富邦-高雄,2023-05-16,9659
2888,新光金,50,21,29,富邦-高雄,2023-05-16,9659
6414,樺漢,28,2,26,富邦-高雄,2023-05-16,9659
00687B,國泰20年美債,26,0,26,富邦-高雄,2023-05-16,9659
6712,長聖,33,8,25,富邦-高雄,2023-05-16,9659
2344,華邦電,31,7,24,富邦-高雄,2023-05-16,9659
2382,廣達,37,14,23,富邦-高雄,2023-05-16,9659
6234,高僑,26,3,23,富邦-高雄,2023-05-16,9659
2609,陽明,33,11,22,富邦-高雄,2023-05-16,9659
1609,大亞,34,12,22,富邦-高雄,2023-05-16,9659
6122,擎邦,51,30,21,富邦-高雄,2023-05-16,9659
912000,晨訊科-DR,20,0,20,富邦-高雄,2023-05-16,9659
3105,穩懋,24,5,19,富邦-高雄,2023-05-16,9659
1504,東元,61,42,19,富邦-高雄,2023-05-16,9659
6282,康舒,20,1,19,富邦-高雄,2023-05-16,9659
3406,玉晶光,41,22,19,富邦-高雄,2023-05-16,9659
8105,凌巨,26,8,18,富邦-高雄,2023-05-16,9659
00878,國泰永續高股息,195,178,17,富邦-高雄,2023-05-16,9659
5425,台半,16,0,16,富邦-高雄,2023-05-16,9659
00725B,國泰投資級公司債,16,0,16,富邦-高雄,2023-05-16,9659
5607,遠雄港,16,0,16,富邦-高雄,2023-05-16,9659
6770,力積電,18,2,16,富邦-高雄,2023-05-16,9659
6782,視陽,15,0,15,富邦-高雄,2023-05-16,9659
2903,遠百,15,0,15,富邦-高雄,2023-05-16,9659
3356,奇偶,17,2,15,富邦-高雄,2023-05-16,9659
2457,飛宏,59,45,14,富邦-高雄,2023-05-16,9659
2603,長榮,29,16,13,富邦-高雄,2023-05-16,9659
6147,頎邦,13,0,13,富邦-高雄,2023-05-16,9659
1611,中電,21,8,13,富邦-高雄,2023-05-16,9659
00671R,富邦NASDAQ反1,23,10,13,富邦-高雄,2023-05-16,9659
6443,元晶,14,1,13,富邦-高雄,2023-05-16,9659
00632R,元大台灣50反1,1322,6,1316,富邦-高雄,2023-05-17,9659
00722B,群益投資級電信債,93,0,93,富邦-高雄,2023-05-17,9659
00885,富邦越南,100,12,88,富邦-高雄,2023-05-17,9659
00878,國泰永續高股息,139,55,84,富邦-高雄,2023-05-17,9659
00720B,元大投資級公司債,71,0,71,富邦-高雄,2023-05-17,9659
1795,美時,122,55,67,富邦-高雄,2023-05-17,9659
00637L,元大滬深300正2,74,13,61,富邦-高雄,2023-05-17,9659
2427,三商電,63,8,55,富邦-高雄,2023-05-17,9659
2344,華邦電,72,24,48,富邦-高雄,2023-05-17,9659
00715L,期街口布蘭特正2,51,7,44,富邦-高雄,2023-05-17,9659
2402,毅嘉,80,39,41,富邦-高雄,2023-05-17,9659
6782,視陽,48,8,40,富邦-高雄,2023-05-17,9659
3675,德微,40,0,40,富邦-高雄,2023-05-17,9659
00751B,元大AAA至A公司債,39,0,39,富邦-高雄,2023-05-17,9659
6285,啟��,38,3,35,富邦-高雄,2023-05-17,9659
3715,定穎投控,78,45,33,富邦-高雄,2023-05-17,9659
00687B,國泰20年美債,32,0,32,富邦-高雄,2023-05-17,9659
6625,必應,86,54,32,富邦-高雄,2023-05-17,9659
1460,宏遠,30,0,30,富邦-高雄,2023-05-17,9659
1612,宏泰,33,5,28,富邦-高雄,2023-05-17,9659
2368,金像電,41,14,27,富邦-高雄,2023-05-17,9659
1905,華紙,60,35,25,富邦-高雄,2023-05-17,9659
6191,精成科,26,1,25,富邦-高雄,2023-05-17,9659
2495,普安,24,0,24,富邦-高雄,2023-05-17,9659
2705,六福,23,0,23,富邦-高雄,2023-05-17,9659
00679B,元大美債20年,38,16,22,富邦-高雄,2023-05-17,9659
6160,欣技,111,90,21,富邦-高雄,2023-05-17,9659
5351,鈺創,29,8,21,富邦-高雄,2023-05-17,9659
4977,眾達-KY,21,1,20,富邦-高雄,2023-05-17,9659
3682,亞太電,20,0,20,富邦-高雄,2023-05-17,9659
9942,茂順,20,2,18,富邦-高雄,2023-05-17,9659
6535,順藥,58,41,17,富邦-高雄,2023-05-17,9659
2206,三陽工業,78,62,16,富邦-高雄,2023-05-17,9659
3321,同泰,16,0,16,富邦-高雄,2023-05-17,9659
2482,連宇,23,7,16,富邦-高雄,2023-05-17,9659
00772B,中信高評級公司債,18,3,15,富邦-高雄,2023-05-17,9659
3046,建��,67,52,15,富邦-高雄,2023-05-17,9659
8403,盛弘,15,0,15,富邦-高雄,2023-05-17,9659
4711,永純,14,0,14,富邦-高雄,2023-05-17,9659
00725B,國泰投資級公司債,14,0,14,富邦-高雄,2023-05-17,9659
2201,裕隆,33,20,13,富邦-高雄,2023-05-17,9659
00712,復華富時不動產,13,1,12,富邦-高雄,2023-05-17,9659
1810,和成,19,7,12,富邦-高雄,2023-05-17,9659
00642U,期元大S＆P石油,11,0,11,富邦-高雄,2023-05-17,9659
00857B,永豐20年美公債,11,0,11,富邦-高雄,2023-05-17,9659
5381,合正,11,0,11,富邦-高雄,2023-05-17,9659
3236,千如,11,0,11,富邦-高雄,2023-05-17,9659
00674R,期元大S＆P黃金反1,11,0,11,富邦-高雄,2023-05-17,9659
4123,晟德,19,8,11,富邦-高雄,2023-05-17,9659
1504,東元,47,36,11,富邦-高雄,2023-05-17,9659
00632R,元大台灣50反1,1188,383,805,富邦-高雄,2023-05-18,9659
00924,復華S＆P500成長,431,3,428,富邦-高雄,2023-05-18,9659
00751B,元大AAA至A公司債,151,0,151,富邦-高雄,2023-05-18,9659
2421,建準,131,8,123,富邦-高雄,2023-05-18,9659
8996,高力,99,12,87,富邦-高雄,2023-05-18,9659
00679B,元大美債20年,92,12,80,富邦-高雄,2023-05-18,9659
5340,建榮,73,0,73,富邦-高雄,2023-05-18,9659
00720B,元大投資級公司債,68,0,68,富邦-高雄,2023-05-18,9659
6245,立端,72,10,62,富邦-高雄,2023-05-18,9659
1584,精剛,48,1,47,富邦-高雄,2023-05-18,9659
8069,元太,48,4,44,富邦-高雄,2023-05-18,9659
2468,華經,48,5,43,富邦-高雄,2023-05-18,9659
00687B,國泰20年美債,40,0,40,富邦-高雄,2023-05-18,9659
5439,高技,40,1,39,富邦-高雄,2023-05-18,9659
8446,華研,40,2,38,富邦-高雄,2023-05-18,9659
2705,六福,35,1,34,富邦-高雄,2023-05-18,9659
020020,元大台股領航N,30,0,30,富邦-高雄,2023-05-18,9659
4977,眾達-KY,30,1,29,富邦-高雄,2023-05-18,9659
8088,品安,35,6,29,富邦-高雄,2023-05-18,9659
6584,南俊國際,30,4,26,富邦-高雄,2023-05-18,9659
1904,正隆,25,0,25,富邦-高雄,2023-05-18,9659
2441,超豐,25,0,25,富邦-高雄,2023-05-18,9659
00696B,富邦美債20年,24,0,24,富邦-高雄,2023-05-18,9659
2402,毅嘉,35,11,24,富邦-高雄,2023-05-18,9659
6531,愛普*,67,44,23,富邦-高雄,2023-05-18,9659
00646,元大S＆P500,23,1,22,富邦-高雄,2023-05-18,9659
6770,力積電,26,4,22,富邦-高雄,2023-05-18,9659
5243,乙盛-KY,22,1,21,富邦-高雄,2023-05-18,9659
1528,恩德,20,0,20,富邦-高雄,2023-05-18,9659
2630,亞航,54,34,20,富邦-高雄,2023-05-18,9659
00772B,中信高評級公司債,20,0,20,富邦-高雄,2023-05-18,9659
5425,台半,35,17,18,富邦-高雄,2023-05-18,9659
5309,系統電,20,4,16,富邦-高雄,2023-05-18,9659
1216,統一,18,3,15,富邦-高雄,2023-05-18,9659
1337,再生-KY,15,0,15,富邦-高雄,2023-05-18,9659
00680L,元大美債20正2,19,5,14,富邦-高雄,2023-05-18,9659
4533,協易機,14,0,14,富邦-高雄,2023-05-18,9659
8222,寶一,34,20,14,富邦-高雄,2023-05-18,9659
3025,星通,22,9,13,富邦-高雄,2023-05-18,9659
4967,十銓,17,4,13,富邦-高雄,2023-05-18,9659
5483,中美晶,13,1,12,富邦-高雄,2023-05-18,9659
00637L,元大滬深300正2,52,40,12,富邦-高雄,2023-05-18,9659
8924,大田,12,0,12,富邦-高雄,2023-05-18,9659
00706L,期元大S＆P日圓正2,12,0,12,富邦-高雄,2023-05-18,9659
00795B,中信美國公債20年,12,0,12,富邦-高雄,2023-05-18,9659
2371,大同,68,56,12,富邦-高雄,2023-05-18,9659
00662,富邦NASDAQ,12,0,12,富邦-高雄,2023-05-18,9659
8048,德勝,17,5,12,富邦-高雄,2023-05-18,9659
2413,環科,16,5,11,富邦-高雄,2023-05-18,9659
3043,科風,15,4,11,富邦-高雄,2023-05-18,9659
00753L,中信中國50正2,237,0,237,富邦-高雄,2023-05-19,9659
3363,上詮,154,23,131,富邦-高雄,2023-05-19,9659
6235,華孚,115,35,80,富邦-高雄,2023-05-19,9659
1904,正隆,104,26,78,富邦-高雄,2023-05-19,9659
2610,華航,285,208,77,富邦-高雄,2023-05-19,9659
00679B,元大美債20年,99,23,76,富邦-高雄,2023-05-19,9659
8289,泰藝,74,0,74,富邦-高雄,2023-05-19,9659
3617,碩天,73,2,71,富邦-高雄,2023-05-19,9659
00720B,元大投資級公司債,83,13,70,富邦-高雄,2023-05-19,9659
00687B,國泰20年美債,60,5,55,富邦-高雄,2023-05-19,9659
2371,大同,112,59,53,富邦-高雄,2023-05-19,9659
5009,榮剛,73,20,53,富邦-高雄,2023-05-19,9659
1504,東元,392,344,48,富邦-高雄,2023-05-19,9659
00696B,富邦美債20年,43,0,43,富邦-高雄,2023-05-19,9659
2457,飛宏,64,23,41,富邦-高雄,2023-05-19,9659
1905,華紙,75,37,38,富邦-高雄,2023-05-19,9659
00751B,元大AAA至A公司債,51,13,38,富邦-高雄,2023-05-19,9659
3058,立德,43,10,33,富邦-高雄,2023-05-19,9659
2887,台新金,37,6,31,富邦-高雄,2023-05-19,9659
2538,基泰,30,0,30,富邦-高雄,2023-05-19,9659
4908,前鼎,32,2,30,富邦-高雄,2023-05-19,9659
5243,乙盛-KY,149,120,29,富邦-高雄,2023-05-19,9659
2317,鴻海,30,2,28,富邦-高雄,2023-05-19,9659
6122,擎邦,34,7,27,富邦-高雄,2023-05-19,9659
00772B,中信高評級公司債,46,19,27,富邦-高雄,2023-05-19,9659
00680L,元大美債20正2,26,0,26,富邦-高雄,2023-05-19,9659
1528,恩德,25,0,25,富邦-高雄,2023-05-19,9659
00882,中信中國高股息,36,11,25,富邦-高雄,2023-05-19,9659
3163,波若威,60,35,25,富邦-高雄,2023-05-19,9659
2705,六福,31,7,24,富邦-高雄,2023-05-19,9659
6414,樺漢,27,3,24,富邦-高雄,2023-05-19,9659
1784,訊聯,29,6,23,富邦-高雄,2023-05-19,9659
2314,台揚,22,0,22,富邦-高雄,2023-05-19,9659
3444,利機,22,1,21,富邦-高雄,2023-05-19,9659
3675,德微,20,0,20,富邦-高雄,2023-05-19,9659
2603,長榮,20,1,19,富邦-高雄,2023-05-19,9659
3260,威剛,20,1,19,富邦-高雄,2023-05-19,9659
3441,聯一光,19,0,19,富邦-高雄,2023-05-19,9659
00665L,富邦�琤肭磪囓�2,34,15,19,富邦-高雄,2023-05-19,9659
2206,三陽工業,49,32,17,富邦-高雄,2023-05-19,9659
5285,界霖,15,0,15,富邦-高雄,2023-05-19,9659
2382,廣達,34,19,15,富邦-高雄,2023-05-19,9659
2303,聯電,31,17,14,富邦-高雄,2023-05-19,9659
8076,伍豐,15,1,14,富邦-高雄,2023-05-19,9659
5381,合正,15,1,14,富邦-高雄,2023-05-19,9659
00885,富邦越南,24,11,13,富邦-高雄,2023-05-19,9659
00633L,富邦上証正2,13,0,13,富邦-高雄,2023-05-19,9659
4977,眾達-KY,13,0,13,富邦-高雄,2023-05-19,9659
6112,邁達特,40,27,13,富邦-高雄,2023-05-19,9659
6533,晶心科,21,8,13,富邦-高雄,2023-05-19,9659
3481,群創,395,68,327,富邦-高雄,2023-05-22,9659
00687B,國泰20年美債,165,0,165,富邦-高雄,2023-05-22,9659
00715L,期街口布蘭特正2,144,2,142,富邦-高雄,2023-05-22,9659
2303,聯電,133,2,131,富邦-高雄,2023-05-22,9659
2399,映泰,156,36,120,富邦-高雄,2023-05-22,9659
2331,精英,131,31,100,富邦-高雄,2023-05-22,9659
00795B,中信美國公債20年,90,0,90,富邦-高雄,2023-05-22,9659
2603,長榮,108,25,83,富邦-高雄,2023-05-22,9659
6235,華孚,164,81,83,富邦-高雄,2023-05-22,9659
6799,來頡,84,4,80,富邦-高雄,2023-05-22,9659
00720B,元大投資級公司債,75,0,75,富邦-高雄,2023-05-22,9659
2634,漢翔,175,103,72,富邦-高雄,2023-05-22,9659
00646,元大S＆P500,67,1,66,富邦-高雄,2023-05-22,9659
00632R,元大台灣50反1,100,36,64,富邦-高雄,2023-05-22,9659
1795,美時,71,10,61,富邦-高雄,2023-05-22,9659
00751B,元大AAA至A公司債,58,0,58,富邦-高雄,2023-05-22,9659
4173,久裕,70,13,57,富邦-高雄,2023-05-22,9659
2371,大同,97,40,57,富邦-高雄,2023-05-22,9659
00882,中信中國高股息,50,0,50,富邦-高雄,2023-05-22,9659
1455,集盛,49,0,49,富邦-高雄,2023-05-22,9659
2427,三商電,63,14,49,富邦-高雄,2023-05-22,9659
2382,廣達,49,1,48,富邦-高雄,2023-05-22,9659
8996,高力,48,5,43,富邦-高雄,2023-05-22,9659
6415,矽力*-KY,51,10,41,富邦-高雄,2023-05-22,9659
2610,華航,301,268,33,富邦-高雄,2023-05-22,9659
4961,天鈺,35,3,32,富邦-高雄,2023-05-22,9659
3037,欣興,49,18,31,富邦-高雄,2023-05-22,9659
6584,南俊國際,30,1,29,富邦-高雄,2023-05-22,9659
00772B,中信高評級公司債,26,0,26,富邦-高雄,2023-05-22,9659
3362,先進光,24,2,22,富邦-高雄,2023-05-22,9659
00888,永豐台灣ESG,22,0,22,富邦-高雄,2023-05-22,9659
00712,復華富時不動產,21,0,21,富邦-高雄,2023-05-22,9659
00680L,元大美債20正2,21,0,21,富邦-高雄,2023-05-22,9659
3011,今皓,20,0,20,富邦-高雄,2023-05-22,9659
912000,晨訊科-DR,20,0,20,富邦-高雄,2023-05-22,9659
5880,合庫金,21,2,19,富邦-高雄,2023-05-22,9659
6672,騰輝電子-KY,20,1,19,富邦-高雄,2023-05-22,9659
2356,英業達,23,4,19,富邦-高雄,2023-05-22,9659
3321,同泰,18,0,18,富邦-高雄,2023-05-22,9659
1314,中石化,23,7,16,富邦-高雄,2023-05-22,9659
1503,士電,33,20,13,富邦-高雄,2023-05-22,9659
8011,台通,15,2,13,富邦-高雄,2023-05-22,9659
00696B,富邦美債20年,13,0,13,富邦-高雄,2023-05-22,9659
2881,富邦金,34,21,13,富邦-高雄,2023-05-22,9659
6234,高僑,23,11,12,富邦-高雄,2023-05-22,9659
1519,華城,23,11,12,富邦-高雄,2023-05-22,9659
1608,華榮,26,15,11,富邦-高雄,2023-05-22,9659
4541,晟田,18,7,11,富邦-高雄,2023-05-22,9659
1618,合機,28,17,11,富邦-高雄,2023-05-22,9659
1529,樂事綠能,23,13,10,富邦-高雄,2023-05-22,9659
00637L,元大滬深300正2,163,6,157,富邦-高雄,2023-05-23,9659
00671R,富邦NASDAQ反1,100,0,100,富邦-高雄,2023-05-23,9659
1907,永豐餘,101,7,94,富邦-高雄,2023-05-23,9659
6288,聯嘉,122,50,72,富邦-高雄,2023-05-23,9659
00679B,元大美債20年,71,15,56,富邦-高雄,2023-05-23,9659
00687B,國泰20年美債,55,2,53,富邦-高雄,2023-05-23,9659
00882,中信中國高股息,50,1,49,富邦-高雄,2023-05-23,9659
2368,金像電,73,25,48,富邦-高雄,2023-05-23,9659
00720B,元大投資級公司債,47,0,47,富邦-高雄,2023-05-23,9659
6274,台燿,50,4,46,富邦-高雄,2023-05-23,9659
00673R,期元大S＆P原油反1,45,0,45,富邦-高雄,2023-05-23,9659
4989,榮科,43,0,43,富邦-高雄,2023-05-23,9659
00905,FT臺灣Smart,40,0,40,富邦-高雄,2023-05-23,9659
2468,華經,49,12,37,富邦-高雄,2023-05-23,9659
5531,鄉林,65,29,36,富邦-高雄,2023-05-23,9659
00751B,元大AAA至A公司債,34,0,34,富邦-高雄,2023-05-23,9659
2376,技嘉,35,1,34,富邦-高雄,2023-05-23,9659
1504,東元,46,15,31,富邦-高雄,2023-05-23,9659
8034,榮群,30,0,30,富邦-高雄,2023-05-23,9659
2303,聯電,33,4,29,富邦-高雄,2023-05-23,9659
00878,國泰永續高股息,43,14,29,富邦-高雄,2023-05-23,9659
3014,聯陽,30,2,28,富邦-高雄,2023-05-23,9659
6282,康舒,88,60,28,富邦-高雄,2023-05-23,9659
00725B,國泰投資級公司債,27,0,27,富邦-高雄,2023-05-23,9659
6148,驊宏資,28,1,27,富邦-高雄,2023-05-23,9659
3006,晶豪科,31,5,26,富邦-高雄,2023-05-23,9659
6535,順藥,38,14,24,富邦-高雄,2023-05-23,9659
00706L,期元大S＆P日圓正2,24,0,24,富邦-高雄,2023-05-23,9659
2317,鴻海,25,1,24,富邦-高雄,2023-05-23,9659
1455,集盛,28,5,23,富邦-高雄,2023-05-23,9659
3141,晶宏,32,10,22,富邦-高雄,2023-05-23,9659
6558,興能高,75,54,21,富邦-高雄,2023-05-23,9659
1503,士電,50,30,20,富邦-高雄,2023-05-23,9659
912000,晨訊科-DR,20,0,20,富邦-高雄,2023-05-23,9659
3617,碩天,20,0,20,富邦-高雄,2023-05-23,9659
00924,復華S＆P500成長,19,0,19,富邦-高雄,2023-05-23,9659
6472,保瑞,24,5,19,富邦-高雄,2023-05-23,9659
8099,大世科,33,14,19,富邦-高雄,2023-05-23,9659
1101,台泥,25,6,19,富邦-高雄,2023-05-23,9659
1795,美時,55,37,18,富邦-高雄,2023-05-23,9659
00795B,中信美國公債20年,18,0,18,富邦-高雄,2023-05-23,9659
00680L,元大美債20正2,19,1,18,富邦-高雄,2023-05-23,9659
00633L,富邦上証正2,17,0,17,富邦-高雄,2023-05-23,9659
2022,聚亨,20,3,17,富邦-高雄,2023-05-23,9659
1514,亞力,22,5,17,富邦-高雄,2023-05-23,9659
2344,華邦電,52,35,17,富邦-高雄,2023-05-23,9659
00713,元大台灣高息低波,17,1,16,富邦-高雄,2023-05-23,9659
00696B,富邦美債20年,17,1,16,富邦-高雄,2023-05-23,9659
2845,遠東銀,20,5,15,富邦-高雄,2023-05-23,9659
6706,惠特,15,0,15,富邦-高雄,2023-05-23,9659
6274,台燿,174,7,167,富邦-高雄,2023-05-24,9659
4173,久裕,161,0,161,富邦-高雄,2023-05-24,9659
5531,鄉林,196,67,129,富邦-高雄,2023-05-24,9659
1201,味全,100,0,100,富邦-高雄,2023-05-24,9659
00637L,元大滬深300正2,126,32,94,富邦-高雄,2023-05-24,9659
00687B,國泰20年美債,76,2,74,富邦-高雄,2023-05-24,9659
00882,中信中國高股息,89,17,72,富邦-高雄,2023-05-24,9659
00885,富邦越南,114,50,64,富邦-高雄,2023-05-24,9659
2618,長榮航,142,78,64,富邦-高雄,2023-05-24,9659
00924,復華S＆P500成長,71,10,61,富邦-高雄,2023-05-24,9659
6116,彩晶,51,0,51,富邦-高雄,2023-05-24,9659
00712,復華富時不動產,52,2,50,富邦-高雄,2023-05-24,9659
00671R,富邦NASDAQ反1,42,0,42,富邦-高雄,2023-05-24,9659
2486,一詮,43,2,41,富邦-高雄,2023-05-24,9659
00753L,中信中國50正2,39,0,39,富邦-高雄,2023-05-24,9659
2834,臺企銀,50,12,38,富邦-高雄,2023-05-24,9659
00635U,期元大S＆P黃金,38,0,38,富邦-高雄,2023-05-24,9659
2888,新光金,35,0,35,富邦-高雄,2023-05-24,9659
5321,美而快,37,3,34,富邦-高雄,2023-05-24,9659
5905,南仁湖,56,25,31,富邦-高雄,2023-05-24,9659
2886,兆豐金,33,2,31,富邦-高雄,2023-05-24,9659
8097,常珵,32,2,30,富邦-高雄,2023-05-24,9659
00633L,富邦上証正2,30,0,30,富邦-高雄,2023-05-24,9659
2705,六福,64,39,25,富邦-高雄,2023-05-24,9659
2402,毅嘉,34,9,25,富邦-高雄,2023-05-24,9659
8048,德勝,24,0,24,富邦-高雄,2023-05-24,9659
00665L,富邦�琤肭磪囓�2,31,7,24,富邦-高雄,2023-05-24,9659
00646,元大S＆P500,24,0,24,富邦-高雄,2023-05-24,9659
3035,智原,27,6,21,富邦-高雄,2023-05-24,9659
2383,台光電,22,1,21,富邦-高雄,2023-05-24,9659
912000,晨訊科-DR,20,0,20,富邦-高雄,2023-05-24,9659
3178,公準,27,7,20,富邦-高雄,2023-05-24,9659
3661,世芯-KY,26,7,19,富邦-高雄,2023-05-24,9659
6285,啟��,22,3,19,富邦-高雄,2023-05-24,9659
1605,華新,20,1,19,富邦-高雄,2023-05-24,9659
1513,中興電,35,17,18,富邦-高雄,2023-05-24,9659
1101,台泥,22,5,17,富邦-高雄,2023-05-24,9659
3006,晶豪科,21,4,17,富邦-高雄,2023-05-24,9659
2887,台新金,22,5,17,富邦-高雄,2023-05-24,9659
6271,同欣電,21,5,16,富邦-高雄,2023-05-24,9659
3419,譁裕,21,5,16,富邦-高雄,2023-05-24,9659
2605,新興,16,0,16,富邦-高雄,2023-05-24,9659
00641R,富邦日本反1,16,0,16,富邦-高雄,2023-05-24,9659
00878,國泰永續高股息,110,95,15,富邦-高雄,2023-05-24,9659
1447,力鵬,15,0,15,富邦-高雄,2023-05-24,9659
6226,光鼎,19,4,15,富邦-高雄,2023-05-24,9659
5243,乙盛-KY,80,65,15,富邦-高雄,2023-05-24,9659
5381,合正,15,0,15,富邦-高雄,2023-05-24,9659
00713,元大台灣高息低波,26,11,15,富邦-高雄,2023-05-24,9659
3704,合勤控,17,2,15,富邦-高雄,2023-05-24,9659
00632R,元大台灣50反1,2012,166,1846,富邦-高雄,2023-05-25,9659
2883,凱基金,127,7,120,富邦-高雄,2023-05-25,9659
6235,華孚,133,17,116,富邦-高雄,2023-05-25,9659
6125,廣運,197,89,108,富邦-高雄,2023-05-25,9659
00882,中信中國高股息,98,2,96,富邦-高雄,2023-05-25,9659
00637L,元大滬深300正2,109,21,88,富邦-高雄,2023-05-25,9659
00720B,元大投資級公司債,82,0,82,富邦-高雄,2023-05-25,9659
5014,建錩,72,0,72,富邦-高雄,2023-05-25,9659
2885,元大金,69,1,68,富邦-高雄,2023-05-25,9659
2486,一詮,67,1,66,富邦-高雄,2023-05-25,9659
2409,友達,73,12,61,富邦-高雄,2023-05-25,9659
00687B,國泰20年美債,56,0,56,富邦-高雄,2023-05-25,9659
2317,鴻海,59,6,53,富邦-高雄,2023-05-25,9659
6245,立端,63,14,49,富邦-高雄,2023-05-25,9659
1810,和成,44,0,44,富邦-高雄,2023-05-25,9659
3617,碩天,43,2,41,富邦-高雄,2023-05-25,9659
5531,鄉林,43,3,40,富邦-高雄,2023-05-25,9659
00712,復華富時不動產,38,0,38,富邦-高雄,2023-05-25,9659
2402,毅嘉,63,25,38,富邦-高雄,2023-05-25,9659
2630,亞航,64,27,37,富邦-高雄,2023-05-25,9659
00679B,元大美債20年,214,178,36,富邦-高雄,2023-05-25,9659
00635U,期元大S＆P黃金,34,0,34,富邦-高雄,2023-05-25,9659
1101,台泥,35,3,32,富邦-高雄,2023-05-25,9659
2465,麗臺,31,0,31,富邦-高雄,2023-05-25,9659
3038,全台,32,2,30,富邦-高雄,2023-05-25,9659
2303,聯電,30,2,28,富邦-高雄,2023-05-25,9659
5285,界霖,29,3,26,富邦-高雄,2023-05-25,9659
2845,遠東銀,26,0,26,富邦-高雄,2023-05-25,9659
2002,中鋼,33,8,25,富邦-高雄,2023-05-25,9659
2611,志信,40,15,25,富邦-高雄,2023-05-25,9659
00673R,期元大S＆P原油反1,25,0,25,富邦-高雄,2023-05-25,9659
00753L,中信中國50正2,27,2,25,富邦-高雄,2023-05-25,9659
2206,三陽工業,37,13,24,富邦-高雄,2023-05-25,9659
00713,元大台灣高息低波,32,8,24,富邦-高雄,2023-05-25,9659
2201,裕隆,38,16,22,富邦-高雄,2023-05-25,9659
2882,國泰金,31,11,20,富邦-高雄,2023-05-25,9659
6164,華興,27,7,20,富邦-高雄,2023-05-25,9659
4123,晟德,20,0,20,富邦-高雄,2023-05-25,9659
9942,茂順,19,0,19,富邦-高雄,2023-05-25,9659
2305,全友,20,1,19,富邦-高雄,2023-05-25,9659
00772B,中信高評級公司債,18,0,18,富邦-高雄,2023-05-25,9659
2881,富邦金,24,6,18,富邦-高雄,2023-05-25,9659
00751B,元大AAA至A公司債,17,0,17,富邦-高雄,2023-05-25,9659
2014,中鴻,18,1,17,富邦-高雄,2023-05-25,9659
1905,華紙,53,37,16,富邦-高雄,2023-05-25,9659
00706L,期元大S＆P日圓正2,20,4,16,富邦-高雄,2023-05-25,9659
2377,微星,18,2,16,富邦-高雄,2023-05-25,9659
00696B,富邦美債20年,16,0,16,富邦-高雄,2023-05-25,9659
2603,長榮,28,13,15,富邦-高雄,2023-05-25,9659
6505,台塑化,15,0,15,富邦-高雄,2023-05-25,9659
00632R,元大台灣50反1,3586,3,3583,富邦-高雄,2023-05-26,9659
00637L,元大滬深300正2,136,10,126,富邦-高雄,2023-05-26,9659
00706L,期元大S＆P日圓正2,110,0,110,富邦-高雄,2023-05-26,9659
1904,正隆,100,3,97,富邦-高雄,2023-05-26,9659
6217,中探針,141,46,95,富邦-高雄,2023-05-26,9659
00712,復華富時不動產,89,1,88,富邦-高雄,2023-05-26,9659
2883,凱基金,92,7,85,富邦-高雄,2023-05-26,9659
4564,元翎,111,48,63,富邦-高雄,2023-05-26,9659
3231,緯創,246,185,61,富邦-高雄,2023-05-26,9659
2457,飛宏,79,20,59,富邦-高雄,2023-05-26,9659
5014,建錩,56,0,56,富邦-高雄,2023-05-26,9659
2317,鴻海,55,6,49,富邦-高雄,2023-05-26,9659
00720B,元大投資級公司債,49,0,49,富邦-高雄,2023-05-26,9659
2705,六福,92,47,45,富邦-高雄,2023-05-26,9659
6190,萬泰科,55,12,43,富邦-高雄,2023-05-26,9659
2421,建準,96,57,39,富邦-高雄,2023-05-26,9659
2368,金像電,65,28,37,富邦-高雄,2023-05-26,9659
00772B,中信高評級公司債,37,1,36,富邦-高雄,2023-05-26,9659
00892,富邦台灣半導體,43,8,35,富邦-高雄,2023-05-26,9659
00715L,期街口布蘭特正2,64,31,33,富邦-高雄,2023-05-26,9659
8996,高力,52,23,29,富邦-高雄,2023-05-26,9659
00679B,元大美債20年,52,24,28,富邦-高雄,2023-05-26,9659
5531,鄉林,32,5,27,富邦-高雄,2023-05-26,9659
6122,擎邦,27,1,26,富邦-高雄,2023-05-26,9659
2382,廣達,43,18,25,富邦-高雄,2023-05-26,9659
00928,中信上櫃ESG30,25,0,25,富邦-高雄,2023-05-26,9659
2323,中環,168,143,25,富邦-高雄,2023-05-26,9659
3038,全台,24,0,24,富邦-高雄,2023-05-26,9659
2637,慧洋-KY,24,1,23,富邦-高雄,2023-05-26,9659
5425,台半,25,3,22,富邦-高雄,2023-05-26,9659
00795B,中信美國公債20年,24,3,21,富邦-高雄,2023-05-26,9659
8028,昇陽半導體,24,4,20,富邦-高雄,2023-05-26,9659
2845,遠東銀,20,0,20,富邦-高雄,2023-05-26,9659
00635U,期元大S＆P黃金,20,0,20,富邦-高雄,2023-05-26,9659
2515,中工,20,0,20,富邦-高雄,2023-05-26,9659
4510,高鋒,20,0,20,富邦-高雄,2023-05-26,9659
2022,聚亨,20,0,20,富邦-高雄,2023-05-26,9659
6214,精誠,21,1,20,富邦-高雄,2023-05-26,9659
2606,裕民,23,4,19,富邦-高雄,2023-05-26,9659
1101,台泥,20,2,18,富邦-高雄,2023-05-26,9659
3188,鑫龍騰,21,3,18,富邦-高雄,2023-05-26,9659
9955,佳龍,17,0,17,富邦-高雄,2023-05-26,9659
00696B,富邦美債20年,18,3,15,富邦-高雄,2023-05-26,9659
8463,潤泰材,15,0,15,富邦-高雄,2023-05-26,9659
00724B,群益投資級金融債,15,0,15,富邦-高雄,2023-05-26,9659
00751B,元大AAA至A公司債,14,0,14,富邦-高雄,2023-05-26,9659
3078,僑威,26,12,14,富邦-高雄,2023-05-26,9659
8121,越峰,16,2,14,富邦-高雄,2023-05-26,9659
2617,台航,13,0,13,富邦-高雄,2023-05-26,9659
5706,鳳凰,29,16,13,富邦-高雄,2023-05-26,9659
00632R,元大台灣50反1,318,24,294,富邦-高雄,2023-05-29,9659
5706,鳳凰,121,12,109,富邦-高雄,2023-05-29,9659
00637L,元大滬深300正2,91,0,91,富邦-高雄,2023-05-29,9659
2371,大同,132,52,80,富邦-高雄,2023-05-29,9659
3006,晶豪科,110,40,70,富邦-高雄,2023-05-29,9659
00673R,期元大S＆P原油反1,65,2,63,富邦-高雄,2023-05-29,9659
00706L,期元大S＆P日圓正2,56,0,56,富邦-高雄,2023-05-29,9659
3105,穩懋,51,5,46,富邦-高雄,2023-05-29,9659
2356,英業達,51,8,43,富邦-高雄,2023-05-29,9659
2368,金像電,54,14,40,富邦-高雄,2023-05-29,9659
2399,映泰,104,66,38,富邦-高雄,2023-05-29,9659
00772B,中信高評級公司債,35,0,35,富邦-高雄,2023-05-29,9659
6531,愛普*,50,17,33,富邦-高雄,2023-05-29,9659
3675,德微,32,0,32,富邦-高雄,2023-05-29,9659
2002,中鋼,43,11,32,富邦-高雄,2023-05-29,9659
6244,茂迪,28,4,24,富邦-高雄,2023-05-29,9659
9955,佳龍,23,0,23,富邦-高雄,2023-05-29,9659
3045,台灣大,22,0,22,富邦-高雄,2023-05-29,9659
3380,明泰,26,4,22,富邦-高雄,2023-05-29,9659
00795B,中信美國公債20年,21,0,21,富邦-高雄,2023-05-29,9659
2382,廣達,35,14,21,富邦-高雄,2023-05-29,9659
2383,台光電,21,1,20,富邦-高雄,2023-05-29,9659
2428,興勤,20,0,20,富邦-高雄,2023-05-29,9659
5009,榮剛,37,17,20,富邦-高雄,2023-05-29,9659
6150,撼訊,21,2,19,富邦-高雄,2023-05-29,9659
3444,利機,20,1,19,富邦-高雄,2023-05-29,9659
1608,華榮,71,52,19,富邦-高雄,2023-05-29,9659
6271,同欣電,21,2,19,富邦-高雄,2023-05-29,9659
2327,國巨,24,6,18,富邦-高雄,2023-05-29,9659
00712,復華富時不動產,23,5,18,富邦-高雄,2023-05-29,9659
5498,凱崴,30,12,18,富邦-高雄,2023-05-29,9659
3037,欣興,26,9,17,富邦-高雄,2023-05-29,9659
2881,富邦金,27,10,17,富邦-高雄,2023-05-29,9659
1217,愛之味,20,3,17,富邦-高雄,2023-05-29,9659
00720B,元大投資級公司債,17,0,17,富邦-高雄,2023-05-29,9659
00773B,中信優先金融債,16,0,16,富邦-高雄,2023-05-29,9659
2374,佳能,16,0,16,富邦-高雄,2023-05-29,9659
6188,廣明,20,4,16,富邦-高雄,2023-05-29,9659
8222,寶一,25,9,16,富邦-高雄,2023-05-29,9659
2834,臺企銀,17,2,15,富邦-高雄,2023-05-29,9659
2412,中華電,15,0,15,富邦-高雄,2023-05-29,9659
2367,燿華,15,0,15,富邦-高雄,2023-05-29,9659
5014,建錩,15,0,15,富邦-高雄,2023-05-29,9659
3617,碩天,15,1,14,富邦-高雄,2023-05-29,9659
00882,中信中國高股息,43,30,13,富邦-高雄,2023-05-29,9659
3707,漢磊,14,1,13,富邦-高雄,2023-05-29,9659
3265,台星科,52,40,12,富邦-高雄,2023-05-29,9659
2495,普安,18,6,12,富邦-高雄,2023-05-29,9659
3162,精確,12,0,12,富邦-高雄,2023-05-29,9659
3032,偉訓,16,4,12,富邦-高雄,2023-05-29,9659
2368,金像電,444,62,382,富邦-高雄,2023-05-30,9659
8085,福華,110,0,110,富邦-高雄,2023-05-30,9659
00637L,元大滬深300正2,103,7,96,富邦-高雄,2023-05-30,9659
00706L,期元大S＆P日圓正2,54,0,54,富邦-高雄,2023-05-30,9659
00882,中信中國高股息,66,12,54,富邦-高雄,2023-05-30,9659
1201,味全,52,1,51,富邦-高雄,2023-05-30,9659
2356,英業達,142,94,48,富邦-高雄,2023-05-30,9659
2451,創見,41,0,41,富邦-高雄,2023-05-30,9659
6188,廣明,63,23,40,富邦-高雄,2023-05-30,9659
4564,元翎,60,20,40,富邦-高雄,2023-05-30,9659
2313,華通,46,6,40,富邦-高雄,2023-05-30,9659
3363,上詮,61,24,37,富邦-高雄,2023-05-30,9659
2486,一詮,38,2,36,富邦-高雄,2023-05-30,9659
2332,友訊,36,0,36,富邦-高雄,2023-05-30,9659
0056,元大高股息,69,35,34,富邦-高雄,2023-05-30,9659
3617,碩天,33,0,33,富邦-高雄,2023-05-30,9659
2345,智邦,69,38,31,富邦-高雄,2023-05-30,9659
3715,定穎投控,30,0,30,富邦-高雄,2023-05-30,9659
2409,友達,33,4,29,富邦-高雄,2023-05-30,9659
5328,華容,33,5,28,富邦-高雄,2023-05-30,9659
4960,誠美材,27,0,27,富邦-高雄,2023-05-30,9659
00772B,中信高評級公司債,26,0,26,富邦-高雄,2023-05-30,9659
3105,穩懋,27,1,26,富邦-高雄,2023-05-30,9659
2002,中鋼,38,14,24,富邦-高雄,2023-05-30,9659
3706,神達,30,7,23,富邦-高雄,2023-05-30,9659
3231,緯創,128,106,22,富邦-高雄,2023-05-30,9659
2382,廣達,94,71,23,富邦-高雄,2023-05-30,9659
00687B,國泰20年美債,22,0,22,富邦-高雄,2023-05-30,9659
6223,旺矽,31,9,22,富邦-高雄,2023-05-30,9659
00795B,中信美國公債20年,21,0,21,富邦-高雄,2023-05-30,9659
2809,京城銀,20,0,20,富邦-高雄,2023-05-30,9659
00725B,國泰投資級公司債,20,0,20,富邦-高雄,2023-05-30,9659
8210,勤誠,61,41,20,富邦-高雄,2023-05-30,9659
2610,華航,128,108,20,富邦-高雄,2023-05-30,9659
00720B,元大投資級公司債,20,0,20,富邦-高雄,2023-05-30,9659
6244,茂迪,20,1,19,富邦-高雄,2023-05-30,9659
8011,台通,27,8,19,富邦-高雄,2023-05-30,9659
00895,富邦未來車,30,11,19,富邦-高雄,2023-05-30,9659
5880,合庫金,21,2,19,富邦-高雄,2023-05-30,9659
00633L,富邦上証正2,18,0,18,富邦-高雄,2023-05-30,9659
2883,凱基金,68,50,18,富邦-高雄,2023-05-30,9659
3594,磐儀,22,4,18,富邦-高雄,2023-05-30,9659
6125,廣運,20,2,18,富邦-高雄,2023-05-30,9659
2633,台灣高鐵,39,21,18,富邦-高雄,2023-05-30,9659
6708,天擎,17,1,16,富邦-高雄,2023-05-30,9659
4714,永捷,16,0,16,富邦-高雄,2023-05-30,9659
1605,華新,38,22,16,富邦-高雄,2023-05-30,9659
4746,台耀,42,27,15,富邦-高雄,2023-05-30,9659
6139,亞翔,15,0,15,富邦-高雄,2023-05-30,9659
8463,潤泰材,15,0,15,富邦-高雄,2023-05-30,9659
00715L,期街口布蘭特正2,288,33,255,富邦-高雄,2023-05-31,9659
3264,欣銓,205,6,199,富邦-高雄,2023-05-31,9659
00632R,元大台灣50反1,118,3,115,富邦-高雄,2023-05-31,9659
00882,中信中國高股息,104,4,100,富邦-高雄,2023-05-31,9659
2885,元大金,101,4,97,富邦-高雄,2023-05-31,9659
6531,愛普*,139,55,84,富邦-高雄,2023-05-31,9659
8085,福華,94,23,71,富邦-高雄,2023-05-31,9659
2352,佳世達,126,59,67,富邦-高雄,2023-05-31,9659
00706L,期元大S＆P日圓正2,60,0,60,富邦-高雄,2023-05-31,9659
3231,緯創,137,84,53,富邦-高雄,2023-05-31,9659
00888,永豐台灣ESG,51,1,50,富邦-高雄,2023-05-31,9659
1201,味全,49,0,49,富邦-高雄,2023-05-31,9659
00642U,期元大S＆P石油,48,0,48,富邦-高雄,2023-05-31,9659
3481,群創,50,5,45,富邦-高雄,2023-05-31,9659
00720B,元大投資級公司債,41,0,41,富邦-高雄,2023-05-31,9659
00679B,元大美債20年,46,8,38,富邦-高雄,2023-05-31,9659
4967,十銓,56,20,36,富邦-高雄,2023-05-31,9659
1218,泰山,31,0,31,富邦-高雄,2023-05-31,9659
00751B,元大AAA至A公司債,29,0,29,富邦-高雄,2023-05-31,9659
2345,智邦,118,90,28,富邦-高雄,2023-05-31,9659
00772B,中信高評級公司債,27,0,27,富邦-高雄,2023-05-31,9659
2399,映泰,29,3,26,富邦-高雄,2023-05-31,9659
00637L,元大滬深300正2,25,0,25,富邦-高雄,2023-05-31,9659
2886,兆豐金,26,1,25,富邦-高雄,2023-05-31,9659
8215,明基材,25,0,25,富邦-高雄,2023-05-31,9659
2069,運錩,25,0,25,富邦-高雄,2023-05-31,9659
2313,華通,31,7,24,富邦-高雄,2023-05-31,9659
6535,順藥,23,1,22,富邦-高雄,2023-05-31,9659
2801,彰銀,21,0,21,富邦-高雄,2023-05-31,9659
00753L,中信中國50正2,21,0,21,富邦-高雄,2023-05-31,9659
3037,欣興,29,8,21,富邦-高雄,2023-05-31,9659
00915,凱基優選高股息30,20,0,20,富邦-高雄,2023-05-31,9659
1718,中纖,20,0,20,富邦-高雄,2023-05-31,9659
5880,合庫金,20,0,20,富邦-高雄,2023-05-31,9659
00752,中信中國50,19,0,19,富邦-高雄,2023-05-31,9659
2883,凱基金,23,5,18,富邦-高雄,2023-05-31,9659
2457,飛宏,191,173,18,富邦-高雄,2023-05-31,9659
2891,中信金,19,1,18,富邦-高雄,2023-05-31,9659
2356,英業達,41,23,18,富邦-高雄,2023-05-31,9659
2382,廣達,61,43,18,富邦-高雄,2023-05-31,9659
6104,創惟,26,9,17,富邦-高雄,2023-05-31,9659
00633L,富邦上証正2,15,0,15,富邦-高雄,2023-05-31,9659
6269,台郡,18,3,15,富邦-高雄,2023-05-31,9659
1314,中石化,14,0,14,富邦-高雄,2023-05-31,9659
4306,炎洲,15,1,14,富邦-高雄,2023-05-31,9659
2401,凌陽,18,4,14,富邦-高雄,2023-05-31,9659
5871,中租-KY,13,0,13,富邦-高雄,2023-05-31,9659
4906,正文,15,2,13,富邦-高雄,2023-05-31,9659
3413,京鼎,15,3,12,富邦-高雄,2023-05-31,9659
3710,連展投控,12,0,12,富邦-高雄,2023-05-31,9659
00715L,期街口布蘭特正2,272,20,252,富邦-高雄,2023-06-01,9659
2368,金像電,212,27,185,富邦-高雄,2023-06-01,9659
1101,台泥,141,2,139,富邦-高雄,2023-06-01,9659
3481,群創,132,3,129,富邦-高雄,2023-06-01,9659
00632R,元大台灣50反1,123,10,113,富邦-高雄,2023-06-01,9659
2352,佳世達,107,7,100,富邦-高雄,2023-06-01,9659
3706,神達,154,60,94,富邦-高雄,2023-06-01,9659
8085,福華,101,14,87,富邦-高雄,2023-06-01,9659
2331,精英,86,11,75,富邦-高雄,2023-06-01,9659
2630,亞航,325,252,73,富邦-高雄,2023-06-01,9659
8271,宇瞻,96,23,73,富邦-高雄,2023-06-01,9659
2354,鴻準,72,6,66,富邦-高雄,2023-06-01,9659
3017,奇鋐,111,47,64,富邦-高雄,2023-06-01,9659
00878,國泰永續高股息,95,32,63,富邦-高雄,2023-06-01,9659
2409,友達,61,0,61,富邦-高雄,2023-06-01,9659
2889,國票金,51,0,51,富邦-高雄,2023-06-01,9659
2303,聯電,67,21,46,富邦-高雄,2023-06-01,9659
00772B,中信高評級公司債,43,0,43,富邦-高雄,2023-06-01,9659
6515,穎崴,39,2,37,富邦-高雄,2023-06-01,9659
2371,大同,112,75,37,富邦-高雄,2023-06-01,9659
5014,建錩,35,0,35,富邦-高雄,2023-06-01,9659
3260,威剛,36,4,32,富邦-高雄,2023-06-01,9659
5498,凱崴,30,0,30,富邦-高雄,2023-06-01,9659
2809,京城銀,30,0,30,富邦-高雄,2023-06-01,9659
2467,志聖,30,0,30,富邦-高雄,2023-06-01,9659
2882,國泰金,36,7,29,富邦-高雄,2023-06-01,9659
3362,先進光,37,8,29,富邦-高雄,2023-06-01,9659
00642U,期元大S＆P石油,28,0,28,富邦-高雄,2023-06-01,9659
2892,第一金,26,0,26,富邦-高雄,2023-06-01,9659
1612,宏泰,28,3,25,富邦-高雄,2023-06-01,9659
3006,晶豪科,28,4,24,富邦-高雄,2023-06-01,9659
00882,中信中國高股息,26,2,24,富邦-高雄,2023-06-01,9659
2913,農林,27,3,24,富邦-高雄,2023-06-01,9659
2603,長榮,23,0,23,富邦-高雄,2023-06-01,9659
1605,華新,30,7,23,富邦-高雄,2023-06-01,9659
3466,德晉,23,0,23,富邦-高雄,2023-06-01,9659
8996,高力,55,33,22,富邦-高雄,2023-06-01,9659
6180,橘子,38,17,21,富邦-高雄,2023-06-01,9659
3037,欣興,30,9,21,富邦-高雄,2023-06-01,9659
1319,東陽,20,0,20,富邦-高雄,2023-06-01,9659
00795B,中信美國公債20年,20,0,20,富邦-高雄,2023-06-01,9659
6185,幃翔,24,4,20,富邦-高雄,2023-06-01,9659
1802,台玻,21,1,20,富邦-高雄,2023-06-01,9659
6122,擎邦,40,21,19,富邦-高雄,2023-06-01,9659
6187,萬潤,22,4,18,富邦-高雄,2023-06-01,9659
00893,國泰智能電動車,22,4,18,富邦-高雄,2023-06-01,9659
2206,三陽工業,47,30,17,富邦-高雄,2023-06-01,9659
3380,明泰,20,4,16,富邦-高雄,2023-06-01,9659
2609,陽明,15,0,15,富邦-高雄,2023-06-01,9659
00680L,元大美債20正2,22,7,15,富邦-高雄,2023-06-01,9659
0056,元大高股息,3556,66,3490,富邦-高雄,2023-06-02,9659
6282,康舒,720,285,435,富邦-高雄,2023-06-02,9659
6125,廣運,332,21,311,富邦-高雄,2023-06-02,9659
2331,精英,470,259,211,富邦-高雄,2023-06-02,9659
2442,新美齊,140,3,137,富邦-高雄,2023-06-02,9659
3231,緯創,286,166,120,富邦-高雄,2023-06-02,9659
1584,精剛,111,6,105,富邦-高雄,2023-06-02,9659
1905,華紙,268,171,97,富邦-高雄,2023-06-02,9659
2206,三陽工業,236,145,91,富邦-高雄,2023-06-02,9659
2329,華泰,101,19,82,富邦-高雄,2023-06-02,9659
6167,久正,82,8,74,富邦-高雄,2023-06-02,9659
00715L,期街口布蘭特正2,136,66,70,富邦-高雄,2023-06-02,9659
6191,精成科,75,6,69,富邦-高雄,2023-06-02,9659
00905,FT臺灣Smart,70,1,69,富邦-高雄,2023-06-02,9659
2609,陽明,72,5,67,富邦-高雄,2023-06-02,9659
4967,十銓,72,15,57,富邦-高雄,2023-06-02,9659
2371,大同,113,59,54,富邦-高雄,2023-06-02,9659
5014,建錩,50,0,50,富邦-高雄,2023-06-02,9659
6470,宇智,52,4,48,富邦-高雄,2023-06-02,9659
00637L,元大滬深300正2,55,11,44,富邦-高雄,2023-06-02,9659
1504,東元,84,41,43,富邦-高雄,2023-06-02,9659
2457,飛宏,288,246,42,富邦-高雄,2023-06-02,9659
3444,利機,41,0,41,富邦-高雄,2023-06-02,9659
2303,聯電,66,29,37,富邦-高雄,2023-06-02,9659
6024,群益期,37,2,35,富邦-高雄,2023-06-02,9659
2425,承啟,62,28,34,富邦-高雄,2023-06-02,9659
2359,所羅門,50,19,31,富邦-高雄,2023-06-02,9659
00882,中信中國高股息,31,1,30,富邦-高雄,2023-06-02,9659
3305,昇貿,31,2,29,富邦-高雄,2023-06-02,9659
3706,神達,54,25,29,富邦-高雄,2023-06-02,9659
2337,旺宏,44,18,26,富邦-高雄,2023-06-02,9659
2630,亞航,52,29,23,富邦-高雄,2023-06-02,9659
6550,北極星藥業-KY,22,0,22,富邦-高雄,2023-06-02,9659
00679B,元大美債20年,22,0,22,富邦-高雄,2023-06-02,9659
2421,建準,96,75,21,富邦-高雄,2023-06-02,9659
00919,群益台灣精選高息,21,0,21,富邦-高雄,2023-06-02,9659
2610,華航,223,202,21,富邦-高雄,2023-06-02,9659
3356,奇偶,21,0,21,富邦-高雄,2023-06-02,9659
2633,台灣高鐵,28,7,21,富邦-高雄,2023-06-02,9659
1312,國喬,20,0,20,富邦-高雄,2023-06-02,9659
1533,車王電,20,0,20,富邦-高雄,2023-06-02,9659
00753L,中信中國50正2,22,2,20,富邦-高雄,2023-06-02,9659
00712,復華富時不動產,24,4,20,富邦-高雄,2023-06-02,9659
8403,盛弘,20,0,20,富邦-高雄,2023-06-02,9659
3037,欣興,29,10,19,富邦-高雄,2023-06-02,9659
2444,兆勁,19,0,19,富邦-高雄,2023-06-02,9659
00926,凱基全球菁英55,19,0,19,富邦-高雄,2023-06-02,9659
2313,華通,23,5,18,富邦-高雄,2023-06-02,9659
1904,正隆,29,11,18,富邦-高雄,2023-06-02,9659
2365,昆盈,28,11,17,富邦-高雄,2023-06-02,9659
00680L,元大美債20正2,287,0,287,富邦-高雄,2023-06-05,9659
2399,映泰,212,29,183,富邦-高雄,2023-06-05,9659
00673R,期元大S＆P原油反1,169,0,169,富邦-高雄,2023-06-05,9659
2618,長榮航,211,52,159,富邦-高雄,2023-06-05,9659
2809,京城銀,150,0,150,富邦-高雄,2023-06-05,9659
3264,欣銓,146,1,145,富邦-高雄,2023-06-05,9659
00645,富邦日本,124,0,124,富邦-高雄,2023-06-05,9659
1101,台泥,151,29,122,富邦-高雄,2023-06-05,9659
2371,大同,123,15,108,富邦-高雄,2023-06-05,9659
3617,碩天,105,3,102,富邦-高雄,2023-06-05,9659
2851,中再保,100,2,98,富邦-高雄,2023-06-05,9659
2206,三陽工業,250,156,94,富邦-高雄,2023-06-05,9659
2027,大成鋼,106,23,83,富邦-高雄,2023-06-05,9659
6245,立端,80,0,80,富邦-高雄,2023-06-05,9659
1802,台玻,83,6,77,富邦-高雄,2023-06-05,9659
1519,華城,95,19,76,富邦-高雄,2023-06-05,9659
8155,博智,69,4,65,富邦-高雄,2023-06-05,9659
00679B,元大美債20年,286,224,62,富邦-高雄,2023-06-05,9659
6470,宇智,62,0,62,富邦-高雄,2023-06-05,9659
6770,力積電,52,1,51,富邦-高雄,2023-06-05,9659
00720B,元大投資級公司債,48,0,48,富邦-高雄,2023-06-05,9659
00637L,元大滬深300正2,53,8,45,富邦-高雄,2023-06-05,9659
2353,宏��,86,45,41,富邦-高雄,2023-06-05,9659
00751B,元大AAA至A公司債,40,0,40,富邦-高雄,2023-06-05,9659
00662,富邦NASDAQ,37,0,37,富邦-高雄,2023-06-05,9659
8038,長園科,36,2,34,富邦-高雄,2023-06-05,9659
00919,群益台灣精選高息,34,0,34,富邦-高雄,2023-06-05,9659
2705,六福,32,0,32,富邦-高雄,2023-06-05,9659
00687B,國泰20年美債,32,1,31,富邦-高雄,2023-06-05,9659
2634,漢翔,58,28,30,富邦-高雄,2023-06-05,9659
2303,聯電,54,24,30,富邦-高雄,2023-06-05,9659
2889,國票金,33,3,30,富邦-高雄,2023-06-05,9659
3356,奇偶,30,0,30,富邦-高雄,2023-06-05,9659
00882,中信中國高股息,31,2,29,富邦-高雄,2023-06-05,9659
2328,廣宇,30,3,27,富邦-高雄,2023-06-05,9659
2344,華邦電,51,26,25,富邦-高雄,2023-06-05,9659
6024,群益期,25,0,25,富邦-高雄,2023-06-05,9659
00772B,中信高評級公司債,24,1,23,富邦-高雄,2023-06-05,9659
5443,均豪,23,0,23,富邦-高雄,2023-06-05,9659
00921,兆豐龍頭等權重,22,0,22,富邦-高雄,2023-06-05,9659
6191,精成科,26,4,22,富邦-高雄,2023-06-05,9659
1514,亞力,124,102,22,富邦-高雄,2023-06-05,9659
1718,中纖,22,1,21,富邦-高雄,2023-06-05,9659
1310,台苯,64,44,20,富邦-高雄,2023-06-05,9659
4906,正文,34,15,19,富邦-高雄,2023-06-05,9659
6274,台燿,20,2,18,富邦-高雄,2023-06-05,9659
3025,星通,43,25,18,富邦-高雄,2023-06-05,9659
00857B,永豐20年美公債,17,0,17,富邦-高雄,2023-06-05,9659
3260,威剛,17,0,17,富邦-高雄,2023-06-05,9659
1734,杏輝,18,2,16,富邦-高雄,2023-06-05,9659
2356,英業達,226,42,184,富邦-高雄,2023-06-06,9659
1711,永光,190,9,181,富邦-高雄,2023-06-06,9659
00679B,元大美債20年,295,126,169,富邦-高雄,2023-06-06,9659
00885,富邦越南,148,28,120,富邦-高雄,2023-06-06,9659
1609,大亞,344,233,111,富邦-高雄,2023-06-06,9659
00640L,富邦日本正2,100,0,100,富邦-高雄,2023-06-06,9659
1905,華紙,403,326,77,富邦-高雄,2023-06-06,9659
4927,泰鼎-KY,61,3,58,富邦-高雄,2023-06-06,9659
00715L,期街口布蘭特正2,93,35,58,富邦-高雄,2023-06-06,9659
3363,上詮,56,0,56,富邦-高雄,2023-06-06,9659
00713,元大台灣高息低波,52,0,52,富邦-高雄,2023-06-06,9659
00706L,期元大S＆P日圓正2,100,50,50,富邦-高雄,2023-06-06,9659
0056,元大高股息,64,17,47,富邦-高雄,2023-06-06,9659
6531,愛普*,103,60,43,富邦-高雄,2023-06-06,9659
8155,博智,48,5,43,富邦-高雄,2023-06-06,9659
2427,三商電,55,13,42,富邦-高雄,2023-06-06,9659
2317,鴻海,55,15,40,富邦-高雄,2023-06-06,9659
8069,元太,45,7,38,富邦-高雄,2023-06-06,9659
2402,毅嘉,101,64,37,富邦-高雄,2023-06-06,9659
00919,群益台灣精選高息,38,2,36,富邦-高雄,2023-06-06,9659
3264,欣銓,38,3,35,富邦-高雄,2023-06-06,9659
00772B,中信高評級公司債,44,10,34,富邦-高雄,2023-06-06,9659
3706,神達,34,3,31,富邦-高雄,2023-06-06,9659
2388,威盛,94,64,30,富邦-高雄,2023-06-06,9659
2399,映泰,58,30,28,富邦-高雄,2023-06-06,9659
1605,華新,55,27,28,富邦-高雄,2023-06-06,9659
00795B,中信美國公債20年,27,0,27,富邦-高雄,2023-06-06,9659
3481,群創,66,39,27,富邦-高雄,2023-06-06,9659
2303,聯電,34,7,27,富邦-高雄,2023-06-06,9659
00927,群益半導體收益,26,0,26,富邦-高雄,2023-06-06,9659
6116,彩晶,61,37,24,富邦-高雄,2023-06-06,9659
6125,廣運,181,157,24,富邦-高雄,2023-06-06,9659
6118,建達,25,1,24,富邦-高雄,2023-06-06,9659
5324,士開,21,0,21,富邦-高雄,2023-06-06,9659
6179,亞通,20,1,19,富邦-高雄,2023-06-06,9659
2913,農林,18,0,18,富邦-高雄,2023-06-06,9659
2458,義隆,19,1,18,富邦-高雄,2023-06-06,9659
3055,蔚華科,17,0,17,富邦-高雄,2023-06-06,9659
2889,國票金,17,0,17,富邦-高雄,2023-06-06,9659
6441,廣錠,18,1,17,富邦-高雄,2023-06-06,9659
00751B,元大AAA至A公司債,19,2,17,富邦-高雄,2023-06-06,9659
5347,世界,24,8,16,富邦-高雄,2023-06-06,9659
2542,興富發,15,0,15,富邦-高雄,2023-06-06,9659
6208,日揚,15,0,15,富邦-高雄,2023-06-06,9659
1218,泰山,15,1,14,富邦-高雄,2023-06-06,9659
2476,鉅祥,14,0,14,富邦-高雄,2023-06-06,9659
1710,東聯,40,26,14,富邦-高雄,2023-06-06,9659
6194,育富,14,0,14,富邦-高雄,2023-06-06,9659
3406,玉晶光,14,0,14,富邦-高雄,2023-06-06,9659
3163,波若威,14,1,13,富邦-高雄,2023-06-06,9659
6188,廣明,245,7,238,富邦-高雄,2023-06-07,9659
2206,三陽工業,343,139,204,富邦-高雄,2023-06-07,9659
00637L,元大滬深300正2,188,35,153,富邦-高雄,2023-06-07,9659
6218,豪勉,144,13,131,富邦-高雄,2023-06-07,9659
1504,東元,143,36,107,富邦-高雄,2023-06-07,9659
3037,欣興,127,24,103,富邦-高雄,2023-06-07,9659
1605,華新,104,18,86,富邦-高雄,2023-06-07,9659
2618,長榮航,104,25,79,富邦-高雄,2023-06-07,9659
00679B,元大美債20年,676,603,73,富邦-高雄,2023-06-07,9659
1710,東聯,77,6,71,富邦-高雄,2023-06-07,9659
00919,群益台灣精選高息,77,8,69,富邦-高雄,2023-06-07,9659
00632R,元大台灣50反1,98,32,66,富邦-高雄,2023-06-07,9659
3231,緯創,138,80,58,富邦-高雄,2023-06-07,9659
2383,台光電,51,4,47,富邦-高雄,2023-06-07,9659
2313,華通,48,2,46,富邦-高雄,2023-06-07,9659
8996,高力,70,24,46,富邦-高雄,2023-06-07,9659
4726,永昕,51,9,42,富邦-高雄,2023-06-07,9659
2601,益航,40,0,40,富邦-高雄,2023-06-07,9659
2515,中工,45,6,39,富邦-高雄,2023-06-07,9659
6101,寬魚國際,37,2,35,富邦-高雄,2023-06-07,9659
00927,群益半導體收益,32,0,32,富邦-高雄,2023-06-07,9659
2457,飛宏,56,26,30,富邦-高雄,2023-06-07,9659
00673R,期元大S＆P原油反1,30,0,30,富邦-高雄,2023-06-07,9659
00740B,富邦全球投等債,30,0,30,富邦-高雄,2023-06-07,9659
00882,中信中國高股息,30,1,29,富邦-高雄,2023-06-07,9659
2809,京城銀,30,2,28,富邦-高雄,2023-06-07,9659
2353,宏��,35,8,27,富邦-高雄,2023-06-07,9659
1711,永光,34,7,27,富邦-高雄,2023-06-07,9659
2347,聯強,23,0,23,富邦-高雄,2023-06-07,9659
2882,國泰金,25,2,23,富邦-高雄,2023-06-07,9659
00642U,期元大S＆P石油,22,0,22,富邦-高雄,2023-06-07,9659
00680L,元大美債20正2,23,1,22,富邦-高雄,2023-06-07,9659
1528,恩德,22,1,21,富邦-高雄,2023-06-07,9659
1417,嘉裕,21,0,21,富邦-高雄,2023-06-07,9659
6664,群翊,21,0,21,富邦-高雄,2023-06-07,9659
00878,國泰永續高股息,65,44,21,富邦-高雄,2023-06-07,9659
6024,群益期,20,0,20,富邦-高雄,2023-06-07,9659
3013,晟銘電,35,15,20,富邦-高雄,2023-06-07,9659
6015,宏遠證,20,0,20,富邦-高雄,2023-06-07,9659
8930,青鋼,20,0,20,富邦-高雄,2023-06-07,9659
1608,華榮,56,37,19,富邦-高雄,2023-06-07,9659
2331,精英,24,6,18,富邦-高雄,2023-06-07,9659
2867,三商壽,22,5,17,富邦-高雄,2023-06-07,9659
2454,聯發科,20,3,17,富邦-高雄,2023-06-07,9659
8011,台通,20,4,16,富邦-高雄,2023-06-07,9659
6233,旺玖,16,0,16,富邦-高雄,2023-06-07,9659
5443,均豪,23,7,16,富邦-高雄,2023-06-07,9659
3264,欣銓,20,5,15,富邦-高雄,2023-06-07,9659
2323,中環,126,111,15,富邦-高雄,2023-06-07,9659
2889,國票金,16,1,15,富邦-高雄,2023-06-07,9659
00919,群益台灣精選高息,226,12,214,富邦-高雄,2023-06-08,9659
2634,漢翔,219,14,205,富邦-高雄,2023-06-08,9659
2618,長榮航,307,121,186,富邦-高雄,2023-06-08,9659
00720B,元大投資級公司債,184,0,184,富邦-高雄,2023-06-08,9659
2399,映泰,172,5,167,富邦-高雄,2023-06-08,9659
00687B,國泰20年美債,158,2,156,富邦-高雄,2023-06-08,9659
00679B,元大美債20年,301,167,134,富邦-高雄,2023-06-08,9659
00673R,期元大S＆P原油反1,127,0,127,富邦-高雄,2023-06-08,9659
3037,欣興,152,39,113,富邦-高雄,2023-06-08,9659
2890,永豐金,117,5,112,富邦-高雄,2023-06-08,9659
00885,富邦越南,150,49,101,富邦-高雄,2023-06-08,9659
00751B,元大AAA至A公司債,242,161,81,富邦-高雄,2023-06-08,9659
2881,富邦金,88,19,69,富邦-高雄,2023-06-08,9659
2702,華園,56,1,55,富邦-高雄,2023-06-08,9659
00688L,國泰20年美債正2,55,0,55,富邦-高雄,2023-06-08,9659
00712,復華富時不動產,71,21,50,富邦-高雄,2023-06-08,9659
00923,群益台ESG低碳50,52,3,49,富邦-高雄,2023-06-08,9659
0056,元大高股息,60,14,46,富邦-高雄,2023-06-08,9659
8215,明基材,50,4,46,富邦-高雄,2023-06-08,9659
2610,華航,122,78,44,富邦-高雄,2023-06-08,9659
00772B,中信高評級公司債,40,0,40,富邦-高雄,2023-06-08,9659
4533,協易機,52,14,38,富邦-高雄,2023-06-08,9659
1524,耿鼎,51,15,36,富邦-高雄,2023-06-08,9659
2892,第一金,33,0,33,富邦-高雄,2023-06-08,9659
6191,精成科,35,2,33,富邦-高雄,2023-06-08,9659
3617,碩天,119,87,32,富邦-高雄,2023-06-08,9659
00680L,元大美債20正2,32,0,32,富邦-高雄,2023-06-08,9659
1710,東聯,43,12,31,富邦-高雄,2023-06-08,9659
3504,揚明光,30,0,30,富邦-高雄,2023-06-08,9659
6101,寬魚國際,30,0,30,富邦-高雄,2023-06-08,9659
4989,榮科,30,0,30,富邦-高雄,2023-06-08,9659
2882,國泰金,38,10,28,富邦-高雄,2023-06-08,9659
00713,元大台灣高息低波,32,4,28,富邦-高雄,2023-06-08,9659
2883,凱基金,30,3,27,富邦-高雄,2023-06-08,9659
2376,技嘉,85,58,27,富邦-高雄,2023-06-08,9659
2637,慧洋-KY,43,16,27,富邦-高雄,2023-06-08,9659
00922,國泰台灣領袖50,56,32,24,富邦-高雄,2023-06-08,9659
5511,德昌,26,2,24,富邦-高雄,2023-06-08,9659
1609,大亞,390,368,22,富邦-高雄,2023-06-08,9659
2441,超豐,23,1,22,富邦-高雄,2023-06-08,9659
8110,華東,28,6,22,富邦-高雄,2023-06-08,9659
1506,正道,22,0,22,富邦-高雄,2023-06-08,9659
5347,世界,22,0,22,富邦-高雄,2023-06-08,9659
2338,光罩,22,1,21,富邦-高雄,2023-06-08,9659
00927,群益半導體收益,19,0,19,富邦-高雄,2023-06-08,9659
00795B,中信美國公債20年,19,0,19,富邦-高雄,2023-06-08,9659
1101,台泥,34,16,18,富邦-高雄,2023-06-08,9659
3363,上詮,26,8,18,富邦-高雄,2023-06-08,9659
3702,大聯大,20,2,18,富邦-高雄,2023-06-08,9659
1608,華榮,19,2,17,富邦-高雄,2023-06-08,9659
00919,群益台灣精選高息,5384,101,5283,富邦-高雄,2023-06-09,9659
00878,國泰永續高股息,631,176,455,富邦-高雄,2023-06-09,9659
6125,廣運,321,157,164,富邦-高雄,2023-06-09,9659
00632R,元大台灣50反1,166,8,158,富邦-高雄,2023-06-09,9659
2888,新光金,155,44,111,富邦-高雄,2023-06-09,9659
5465,富驊,108,8,100,富邦-高雄,2023-06-09,9659
00715L,期街口布蘭特正2,99,2,97,富邦-高雄,2023-06-09,9659
6235,華孚,192,104,88,富邦-高雄,2023-06-09,9659
3264,欣銓,87,3,84,富邦-高雄,2023-06-09,9659
00712,復華富時不動產,114,43,71,富邦-高雄,2023-06-09,9659
2206,三陽工業,238,171,67,富邦-高雄,2023-06-09,9659
8996,高力,92,27,65,富邦-高雄,2023-06-09,9659
2353,宏��,120,57,63,富邦-高雄,2023-06-09,9659
3209,全科,60,0,60,富邦-高雄,2023-06-09,9659
3515,華擎,52,1,51,富邦-高雄,2023-06-09,9659
2303,聯電,113,64,49,富邦-高雄,2023-06-09,9659
1609,大亞,201,156,45,富邦-高雄,2023-06-09,9659
8069,元太,55,9,46,富邦-高雄,2023-06-09,9659
5340,建榮,87,49,38,富邦-高雄,2023-06-09,9659
00885,富邦越南,43,7,36,富邦-高雄,2023-06-09,9659
2882,國泰金,35,1,34,富邦-高雄,2023-06-09,9659
2630,亞航,87,54,33,富邦-高雄,2023-06-09,9659
2701,萬企,34,1,33,富邦-高雄,2023-06-09,9659
6743,安普新,37,7,30,富邦-高雄,2023-06-09,9659
2891,中信金,91,62,29,富邦-高雄,2023-06-09,9659
00679B,元大美債20年,190,161,29,富邦-高雄,2023-06-09,9659
6122,擎邦,57,28,29,富邦-高雄,2023-06-09,9659
2731,雄獅,60,31,29,富邦-高雄,2023-06-09,9659
6285,啟��,30,3,27,富邦-高雄,2023-06-09,9659
5905,南仁湖,30,5,25,富邦-高雄,2023-06-09,9659
9110,越南控-DR,25,0,25,富邦-高雄,2023-06-09,9659
2449,京元電子,25,1,24,富邦-高雄,2023-06-09,9659
3374,精材,46,22,24,富邦-高雄,2023-06-09,9659
4906,正文,21,0,21,富邦-高雄,2023-06-09,9659
6024,群益期,21,0,21,富邦-高雄,2023-06-09,9659
6789,采鈺,39,18,21,富邦-高雄,2023-06-09,9659
5386,青雲,30,10,20,富邦-高雄,2023-06-09,9659
2425,承啟,32,12,20,富邦-高雄,2023-06-09,9659
6188,廣明,34,14,20,富邦-高雄,2023-06-09,9659
1417,嘉裕,20,0,20,富邦-高雄,2023-06-09,9659
4513,福裕,20,0,20,富邦-高雄,2023-06-09,9659
2063,世鎧,30,10,20,富邦-高雄,2023-06-09,9659
5014,建錩,20,0,20,富邦-高雄,2023-06-09,9659
1504,東元,47,28,19,富邦-高雄,2023-06-09,9659
4726,永昕,21,2,19,富邦-高雄,2023-06-09,9659
5469,瀚宇博,21,2,19,富邦-高雄,2023-06-09,9659
1101,台泥,24,6,18,富邦-高雄,2023-06-09,9659
6625,必應,40,22,18,富邦-高雄,2023-06-09,9659
2482,連宇,64,46,18,富邦-高雄,2023-06-09,9659
1815,富喬,33,15,18,富邦-高雄,2023-06-09,9659
2834,臺企銀,305,1,304,富邦-高雄,2023-06-12,9659
00929,復華台灣科技優息,273,37,236,富邦-高雄,2023-06-12,9659
00885,富邦越南,243,10,233,富邦-高雄,2023-06-12,9659
00712,復華富時不動產,234,58,176,富邦-高雄,2023-06-12,9659
00715L,期街口布蘭特正2,280,111,169,富邦-高雄,2023-06-12,9659
2883,凱基金,132,14,118,富邦-高雄,2023-06-12,9659
2702,華園,99,1,98,富邦-高雄,2023-06-12,9659
2618,長榮航,226,147,79,富邦-高雄,2023-06-12,9659
00673R,期元大S＆P原油反1,89,12,77,富邦-高雄,2023-06-12,9659
00919,群益台灣精選高息,110,36,74,富邦-高雄,2023-06-12,9659
2890,永豐金,57,2,55,富邦-高雄,2023-06-12,9659
00753L,中信中國50正2,51,0,51,富邦-高雄,2023-06-12,9659
3062,建漢,66,15,51,富邦-高雄,2023-06-12,9659
2462,良得電,58,8,50,富邦-高雄,2023-06-12,9659
1522,堤維西,51,3,48,富邦-高雄,2023-06-12,9659
6101,寬魚國際,41,0,41,富邦-高雄,2023-06-12,9659
6122,擎邦,73,32,41,富邦-高雄,2023-06-12,9659
1310,台苯,40,0,40,富邦-高雄,2023-06-12,9659
8215,明基材,43,4,39,富邦-高雄,2023-06-12,9659
3231,緯創,137,98,39,富邦-高雄,2023-06-12,9659
2421,建準,56,18,38,富邦-高雄,2023-06-12,9659
1701,中化,41,3,38,富邦-高雄,2023-06-12,9659
1218,泰山,37,0,37,富邦-高雄,2023-06-12,9659
1528,恩德,37,0,37,富邦-高雄,2023-06-12,9659
2882,國泰金,38,1,37,富邦-高雄,2023-06-12,9659
6285,啟��,45,10,35,富邦-高雄,2023-06-12,9659
1605,華新,41,7,34,富邦-高雄,2023-06-12,9659
00679B,元大美債20年,43,10,33,富邦-高雄,2023-06-12,9659
00642U,期元大S＆P石油,31,0,31,富邦-高雄,2023-06-12,9659
3162,精確,39,9,30,富邦-高雄,2023-06-12,9659
00680L,元大美債20正2,30,0,30,富邦-高雄,2023-06-12,9659
2402,毅嘉,49,19,30,富邦-高雄,2023-06-12,9659
2436,偉詮電,48,18,30,富邦-高雄,2023-06-12,9659
6120,達運,30,1,29,富邦-高雄,2023-06-12,9659
3356,奇偶,49,21,28,富邦-高雄,2023-06-12,9659
2891,中信金,29,2,27,富邦-高雄,2023-06-12,9659
1568,倉佑,33,7,26,富邦-高雄,2023-06-12,9659
8085,福華,25,0,25,富邦-高雄,2023-06-12,9659
00713,元大台灣高息低波,26,2,24,富邦-高雄,2023-06-12,9659
2323,中環,35,12,23,富邦-高雄,2023-06-12,9659
2002,中鋼,24,2,22,富邦-高雄,2023-06-12,9659
2382,廣達,107,85,22,富邦-高雄,2023-06-12,9659
2356,英業達,59,37,22,富邦-高雄,2023-06-12,9659
2352,佳世達,28,7,21,富邦-高雄,2023-06-12,9659
1795,美時,27,6,21,富邦-高雄,2023-06-12,9659
3515,華擎,68,47,21,富邦-高雄,2023-06-12,9659
2731,雄獅,26,6,20,富邦-高雄,2023-06-12,9659
2601,益航,20,0,20,富邦-高雄,2023-06-12,9659
3003,健和興,31,12,19,富邦-高雄,2023-06-12,9659
2610,華航,36,17,19,富邦-高雄,2023-06-12,9659
00715L,期街口布蘭特正2,526,6,520,富邦-高雄,2023-06-13,9659
2356,英業達,668,317,351,富邦-高雄,2023-06-13,9659
00753L,中信中國50正2,218,5,213,富邦-高雄,2023-06-13,9659
4533,協易機,252,109,143,富邦-高雄,2023-06-13,9659
3231,緯創,231,96,135,富邦-高雄,2023-06-13,9659
00919,群益台灣精選高息,159,47,112,富邦-高雄,2023-06-13,9659
2547,日勝生,100,0,100,富邦-高雄,2023-06-13,9659
6456,GIS-KY,96,0,96,富邦-高雄,2023-06-13,9659
2603,長榮,111,17,94,富邦-高雄,2023-06-13,9659
4967,十銓,92,4,88,富邦-高雄,2023-06-13,9659
00642U,期元大S＆P石油,77,0,77,富邦-高雄,2023-06-13,9659
00632R,元大台灣50反1,479,423,56,富邦-高雄,2023-06-13,9659
2515,中工,57,2,55,富邦-高雄,2023-06-13,9659
5014,建錩,53,0,53,富邦-高雄,2023-06-13,9659
2705,六福,59,6,53,富邦-高雄,2023-06-13,9659
00712,復華富時不動產,82,33,49,富邦-高雄,2023-06-13,9659
2883,凱基金,82,38,44,富邦-高雄,2023-06-13,9659
00687B,國泰20年美債,44,1,43,富邦-高雄,2023-06-13,9659
2383,台光電,40,1,39,富邦-高雄,2023-06-13,9659
2409,友達,65,27,38,富邦-高雄,2023-06-13,9659
2882,國泰金,38,1,37,富邦-高雄,2023-06-13,9659
2206,三陽工業,107,70,37,富邦-高雄,2023-06-13,9659
6282,康舒,51,14,37,富邦-高雄,2023-06-13,9659
1612,宏泰,31,1,30,富邦-高雄,2023-06-13,9659
5607,遠雄港,30,0,30,富邦-高雄,2023-06-13,9659
4549,桓達,30,2,28,富邦-高雄,2023-06-13,9659
5511,德昌,28,0,28,富邦-高雄,2023-06-13,9659
00923,群益台ESG低碳50,27,0,27,富邦-高雄,2023-06-13,9659
6504,南六,38,11,27,富邦-高雄,2023-06-13,9659
2329,華泰,38,11,27,富邦-高雄,2023-06-13,9659
6148,驊宏資,32,7,25,富邦-高雄,2023-06-13,9659
1701,中化,30,6,24,富邦-高雄,2023-06-13,9659
2888,新光金,110,86,24,富邦-高雄,2023-06-13,9659
2388,威盛,39,16,23,富邦-高雄,2023-06-13,9659
00795B,中信美國公債20年,23,1,22,富邦-高雄,2023-06-13,9659
2363,矽統,22,0,22,富邦-高雄,2023-06-13,9659
8215,明基材,27,5,22,富邦-高雄,2023-06-13,9659
6288,聯嘉,40,18,22,富邦-高雄,2023-06-13,9659
6505,台塑化,21,0,21,富邦-高雄,2023-06-13,9659
00665L,富邦�琤肭磪囓�2,22,1,21,富邦-高雄,2023-06-13,9659
1714,和桐,20,0,20,富邦-高雄,2023-06-13,9659
8038,長園科,25,6,19,富邦-高雄,2023-06-13,9659
3576,聯合再生,20,1,19,富邦-高雄,2023-06-13,9659
00905,FT臺灣Smart,21,2,19,富邦-高雄,2023-06-13,9659
2376,技嘉,39,20,19,富邦-高雄,2023-06-13,9659
00650L,復華香港正2,18,0,18,富邦-高雄,2023-06-13,9659
4543,萬在,19,1,18,富邦-高雄,2023-06-13,9659
2337,旺宏,27,9,18,富邦-高雄,2023-06-13,9659
5871,中租-KY,18,0,18,富邦-高雄,2023-06-13,9659
8433,弘帆,20,3,17,富邦-高雄,2023-06-13,9659
4533,協易機,858,68,790,富邦-高雄,2023-06-14,9659
8215,明基材,101,2,99,富邦-高雄,2023-06-14,9659
1904,正隆,100,1,99,富邦-高雄,2023-06-14,9659
00720B,元大投資級公司債,57,1,56,富邦-高雄,2023-06-14,9659
00712,復華富時不動產,103,48,55,富邦-高雄,2023-06-14,9659
2883,凱基金,74,23,51,富邦-高雄,2023-06-14,9659
2427,三商電,92,43,49,富邦-高雄,2023-06-14,9659
2330,台積電,54,11,43,富邦-高雄,2023-06-14,9659
2409,友達,49,6,43,富邦-高雄,2023-06-14,9659
2451,創見,40,0,40,富邦-高雄,2023-06-14,9659
00687B,國泰20年美債,74,35,39,富邦-高雄,2023-06-14,9659
8076,伍豐,50,17,33,富邦-高雄,2023-06-14,9659
00632R,元大台灣50反1,89,56,33,富邦-高雄,2023-06-14,9659
3017,奇鋐,39,7,32,富邦-高雄,2023-06-14,9659
00679B,元大美債20年,32,1,31,富邦-高雄,2023-06-14,9659
2428,興勤,31,1,30,富邦-高雄,2023-06-14,9659
6288,聯嘉,32,3,29,富邦-高雄,2023-06-14,9659
6456,GIS-KY,25,0,25,富邦-高雄,2023-06-14,9659
3706,神達,32,8,24,富邦-高雄,2023-06-14,9659
2352,佳世達,28,6,22,富邦-高雄,2023-06-14,9659
00772B,中信高評級公司債,22,0,22,富邦-高雄,2023-06-14,9659
8227,巨有科技,21,1,20,富邦-高雄,2023-06-14,9659
2903,遠百,20,0,20,富邦-高雄,2023-06-14,9659
5258,虹堡,31,13,18,富邦-高雄,2023-06-14,9659
3576,聯合再生,20,2,18,富邦-高雄,2023-06-14,9659
2405,輔信,34,17,17,富邦-高雄,2023-06-14,9659
2014,中鴻,19,2,17,富邦-高雄,2023-06-14,9659
3078,僑威,126,109,17,富邦-高雄,2023-06-14,9659
00795B,中信美國公債20年,16,0,16,富邦-高雄,2023-06-14,9659
3711,日月光投控,37,21,16,富邦-高雄,2023-06-14,9659
1513,中興電,20,4,16,富邦-高雄,2023-06-14,9659
6282,康舒,24,8,16,富邦-高雄,2023-06-14,9659
1504,東元,43,27,16,富邦-高雄,2023-06-14,9659
00650L,復華香港正2,16,0,16,富邦-高雄,2023-06-14,9659
6214,精誠,19,3,16,富邦-高雄,2023-06-14,9659
1609,大亞,45,30,15,富邦-高雄,2023-06-14,9659
00636,國泰中國A50,15,0,15,富邦-高雄,2023-06-14,9659
3707,漢磊,31,16,15,富邦-高雄,2023-06-14,9659
1522,堤維西,257,243,14,富邦-高雄,2023-06-14,9659
4919,新唐,14,0,14,富邦-高雄,2023-06-14,9659
5511,德昌,13,0,13,富邦-高雄,2023-06-14,9659
00665L,富邦�琤肭磪囓�2,13,0,13,富邦-高雄,2023-06-14,9659
3374,精材,36,23,13,富邦-高雄,2023-06-14,9659
00751B,元大AAA至A公司債,12,0,12,富邦-高雄,2023-06-14,9659
2301,光寶科,35,23,12,富邦-高雄,2023-06-14,9659
3583,辛耘,27,15,12,富邦-高雄,2023-06-14,9659
4564,元翎,14,2,12,富邦-高雄,2023-06-14,9659
1539,巨庭,22,10,12,富邦-高雄,2023-06-14,9659
3363,上詮,16,4,12,富邦-高雄,2023-06-14,9659
3147,大綜,28,16,12,富邦-高雄,2023-06-14,9659
00919,群益台灣精選高息,5489,1,5488,富邦-高雄,2023-06-15,9659
3706,神達,1096,338,758,富邦-高雄,2023-06-15,9659
00753L,中信中國50正2,219,0,219,富邦-高雄,2023-06-15,9659
2888,新光金,265,74,191,富邦-高雄,2023-06-15,9659
2618,長榮航,483,344,139,富邦-高雄,2023-06-15,9659
2356,英業達,495,362,133,富邦-高雄,2023-06-15,9659
2332,友訊,145,40,105,富邦-高雄,2023-06-15,9659
3078,僑威,206,116,90,富邦-高雄,2023-06-15,9659
1802,台玻,79,4,75,富邦-高雄,2023-06-15,9659
3037,欣興,86,17,69,富邦-高雄,2023-06-15,9659
1477,聚陽,72,6,66,富邦-高雄,2023-06-15,9659
2402,毅嘉,53,0,53,富邦-高雄,2023-06-15,9659
6274,台燿,52,0,52,富邦-高雄,2023-06-15,9659
2368,金像電,79,27,52,富邦-高雄,2023-06-15,9659
2401,凌陽,100,55,45,富邦-高雄,2023-06-15,9659
8076,伍豐,67,24,43,富邦-高雄,2023-06-15,9659
1612,宏泰,43,1,42,富邦-高雄,2023-06-15,9659
2609,陽明,48,8,40,富邦-高雄,2023-06-15,9659
2882,國泰金,39,1,38,富邦-高雄,2023-06-15,9659
2014,中鴻,37,3,34,富邦-高雄,2023-06-15,9659
00712,復華富時不動產,70,37,33,富邦-高雄,2023-06-15,9659
5014,建錩,31,0,31,富邦-高雄,2023-06-15,9659
6024,群益期,31,0,31,富邦-高雄,2023-06-15,9659
00715L,期街口布蘭特正2,152,123,29,富邦-高雄,2023-06-15,9659
00885,富邦越南,33,6,27,富邦-高雄,2023-06-15,9659
2892,第一金,31,5,26,富邦-高雄,2023-06-15,9659
3576,聯合再生,28,3,25,富邦-高雄,2023-06-15,9659
3055,蔚華科,104,79,25,富邦-高雄,2023-06-15,9659
4173,久裕,25,0,25,富邦-高雄,2023-06-15,9659
2630,亞航,36,12,24,富邦-高雄,2023-06-15,9659
2457,飛宏,46,23,23,富邦-高雄,2023-06-15,9659
6235,華孚,38,15,23,富邦-高雄,2023-06-15,9659
3013,晟銘電,84,62,22,富邦-高雄,2023-06-15,9659
00673R,期元大S＆P原油反1,22,0,22,富邦-高雄,2023-06-15,9659
2317,鴻海,30,8,22,富邦-高雄,2023-06-15,9659
3675,德微,21,0,21,富邦-高雄,2023-06-15,9659
00642U,期元大S＆P石油,20,0,20,富邦-高雄,2023-06-15,9659
2883,凱基金,114,95,19,富邦-高雄,2023-06-15,9659
6148,驊宏資,26,7,19,富邦-高雄,2023-06-15,9659
4510,高鋒,31,13,18,富邦-高雄,2023-06-15,9659
00857B,永豐20年美公債,18,0,18,富邦-高雄,2023-06-15,9659
9955,佳龍,18,0,18,富邦-高雄,2023-06-15,9659
5258,虹堡,84,66,18,富邦-高雄,2023-06-15,9659
2421,建準,39,21,18,富邦-高雄,2023-06-15,9659
8069,元太,19,2,17,富邦-高雄,2023-06-15,9659
6122,擎邦,35,18,17,富邦-高雄,2023-06-15,9659
1611,中電,53,36,17,富邦-高雄,2023-06-15,9659
3711,日月光投控,25,9,16,富邦-高雄,2023-06-15,9659
2314,台揚,17,1,16,富邦-高雄,2023-06-15,9659
3043,科風,16,0,16,富邦-高雄,2023-06-15,9659
2618,長榮航,346,188,158,富邦-高雄,2023-06-16,9659
2610,華航,725,595,130,富邦-高雄,2023-06-16,9659
00919,群益台灣精選高息,103,1,102,富邦-高雄,2023-06-16,9659
6282,康舒,96,24,72,富邦-高雄,2023-06-16,9659
2323,中環,163,98,65,富邦-高雄,2023-06-16,9659
2457,飛宏,96,34,62,富邦-高雄,2023-06-16,9659
00713,元大台灣高息低波,110,48,62,富邦-高雄,2023-06-16,9659
8069,元太,69,11,58,富邦-高雄,2023-06-16,9659
6770,力積電,80,22,58,富邦-高雄,2023-06-16,9659
00772B,中信高評級公司債,58,5,53,富邦-高雄,2023-06-16,9659
6274,台燿,66,17,49,富邦-高雄,2023-06-16,9659
2105,正新,62,14,48,富邦-高雄,2023-06-16,9659
3017,奇鋐,75,27,48,富邦-高雄,2023-06-16,9659
2368,金像電,73,28,45,富邦-高雄,2023-06-16,9659
00929,復華台灣科技優息,58,13,45,富邦-高雄,2023-06-16,9659
2371,大同,149,108,41,富邦-高雄,2023-06-16,9659
00712,復華富時不動產,52,12,40,富邦-高雄,2023-06-16,9659
2359,所羅門,41,5,36,富邦-高雄,2023-06-16,9659
3022,威強電,37,3,34,富邦-高雄,2023-06-16,9659
1301,台塑,32,0,32,富邦-高雄,2023-06-16,9659
5014,建錩,32,0,32,富邦-高雄,2023-06-16,9659
00751B,元大AAA至A公司債,27,0,27,富邦-高雄,2023-06-16,9659
2332,友訊,38,11,27,富邦-高雄,2023-06-16,9659
3092,鴻碩,47,20,27,富邦-高雄,2023-06-16,9659
1815,富喬,35,9,26,富邦-高雄,2023-06-16,9659
6743,安普新,39,14,25,富邦-高雄,2023-06-16,9659
1504,東元,65,41,24,富邦-高雄,2023-06-16,9659
1611,中電,37,14,23,富邦-高雄,2023-06-16,9659
2867,三商壽,29,6,23,富邦-高雄,2023-06-16,9659
00687B,國泰20年美債,26,5,21,富邦-高雄,2023-06-16,9659
2637,慧洋-KY,23,2,21,富邦-高雄,2023-06-16,9659
3374,精材,21,0,21,富邦-高雄,2023-06-16,9659
00639,富邦深100,21,0,21,富邦-高雄,2023-06-16,9659
2428,興勤,20,0,20,富邦-高雄,2023-06-16,9659
3363,上詮,48,28,20,富邦-高雄,2023-06-16,9659
4510,高鋒,49,30,19,富邦-高雄,2023-06-16,9659
00671R,富邦NASDAQ反1,20,1,19,富邦-高雄,2023-06-16,9659
2329,華泰,28,9,19,富邦-高雄,2023-06-16,9659
6101,寬魚國際,19,0,19,富邦-高雄,2023-06-16,9659
2834,臺企銀,39,21,18,富邦-高雄,2023-06-16,9659
00795B,中信美國公債20年,18,0,18,富邦-高雄,2023-06-16,9659
2027,大成鋼,28,10,18,富邦-高雄,2023-06-16,9659
00679B,元大美債20年,26,8,18,富邦-高雄,2023-06-16,9659
6244,茂迪,21,3,18,富邦-高雄,2023-06-16,9659
3231,緯創,392,374,18,富邦-高雄,2023-06-16,9659
1710,東聯,25,8,17,富邦-高雄,2023-06-16,9659
00673R,期元大S＆P原油反1,44,27,17,富邦-高雄,2023-06-16,9659
3013,晟銘電,27,11,16,富邦-高雄,2023-06-16,9659
1584,精剛,18,2,16,富邦-高雄,2023-06-16,9659
6515,穎崴,16,0,16,富邦-高雄,2023-06-16,9659
00673R,期元大S＆P原油反1,266,0,266,富邦-高雄,2023-06-19,9659
4533,協易機,236,28,208,富邦-高雄,2023-06-19,9659
6125,廣運,220,19,201,富邦-高雄,2023-06-19,9659
8070,長華*,138,0,138,富邦-高雄,2023-06-19,9659
2405,輔信,127,24,103,富邦-高雄,2023-06-19,9659
2356,英業達,150,58,92,富邦-高雄,2023-06-19,9659
4747,強生,87,0,87,富邦-高雄,2023-06-19,9659
2603,長榮,99,23,76,富邦-高雄,2023-06-19,9659
3380,明泰,65,1,64,富邦-高雄,2023-06-19,9659
2486,一詮,64,2,62,富邦-高雄,2023-06-19,9659
6116,彩晶,113,57,56,富邦-高雄,2023-06-19,9659
2353,宏��,102,48,54,富邦-高雄,2023-06-19,9659
2104,國際中橡,134,82,52,富邦-高雄,2023-06-19,9659
6164,華興,50,1,49,富邦-高雄,2023-06-19,9659
2702,華園,50,5,45,富邦-高雄,2023-06-19,9659
2618,長榮航,119,76,43,富邦-高雄,2023-06-19,9659
2324,仁寶,57,14,43,富邦-高雄,2023-06-19,9659
2109,華豐,41,1,40,富邦-高雄,2023-06-19,9659
1477,聚陽,40,0,40,富邦-高雄,2023-06-19,9659
2610,華航,197,157,40,富邦-高雄,2023-06-19,9659
3515,華擎,48,12,36,富邦-高雄,2023-06-19,9659
2812,台中銀,50,14,36,富邦-高雄,2023-06-19,9659
2014,中鴻,45,10,35,富邦-高雄,2023-06-19,9659
00713,元大台灣高息低波,35,1,34,富邦-高雄,2023-06-19,9659
3714,富采,34,3,31,富邦-高雄,2023-06-19,9659
3564,其陽,31,1,30,富邦-高雄,2023-06-19,9659
3325,旭品,35,7,28,富邦-高雄,2023-06-19,9659
2106,建大,28,0,28,富邦-高雄,2023-06-19,9659
1802,台玻,59,34,25,富邦-高雄,2023-06-19,9659
3022,威強電,28,4,24,富邦-高雄,2023-06-19,9659
6127,九豪,23,0,23,富邦-高雄,2023-06-19,9659
3014,聯陽,23,1,22,富邦-高雄,2023-06-19,9659
4543,萬在,32,10,22,富邦-高雄,2023-06-19,9659
3033,威健,26,4,22,富邦-高雄,2023-06-19,9659
2867,三商壽,22,0,22,富邦-高雄,2023-06-19,9659
0056,元大高股息,41,21,20,富邦-高雄,2023-06-19,9659
2201,裕隆,24,4,20,富邦-高雄,2023-06-19,9659
1301,台塑,20,0,20,富邦-高雄,2023-06-19,9659
00633L,富邦上証正2,20,0,20,富邦-高雄,2023-06-19,9659
1605,華新,46,26,20,富邦-高雄,2023-06-19,9659
6531,愛普*,23,3,20,富邦-高雄,2023-06-19,9659
2887,台新金,34,14,20,富邦-高雄,2023-06-19,9659
6799,來頡,20,1,19,富邦-高雄,2023-06-19,9659
00795B,中信美國公債20年,20,1,19,富邦-高雄,2023-06-19,9659
3231,緯創,114,96,18,富邦-高雄,2023-06-19,9659
2441,超豐,18,0,18,富邦-高雄,2023-06-19,9659
6456,GIS-KY,18,0,18,富邦-高雄,2023-06-19,9659
1101,台泥,27,9,18,富邦-高雄,2023-06-19,9659
00929,復華台灣科技優息,26,9,17,富邦-高雄,2023-06-19,9659
2406,國碩,16,0,16,富邦-高雄,2023-06-19,9659
2427,三商電,442,46,396,富邦-高雄,2023-06-20,9659
2504,國產,271,0,271,富邦-高雄,2023-06-20,9659
2409,友達,152,24,128,富邦-高雄,2023-06-20,9659
1904,正隆,100,0,100,富邦-高雄,2023-06-20,9659
5512,力麒,100,6,94,富邦-高雄,2023-06-20,9659
2634,漢翔,225,145,80,富邦-高雄,2023-06-20,9659
2883B,凱基金乙特,83,5,78,富邦-高雄,2023-06-20,9659
4916,事欣科,72,12,60,富邦-高雄,2023-06-20,9659
2337,旺宏,56,3,53,富邦-高雄,2023-06-20,9659
6116,彩晶,62,13,49,富邦-高雄,2023-06-20,9659
1103,嘉泥,52,6,46,富邦-高雄,2023-06-20,9659
2323,中環,303,258,45,富邦-高雄,2023-06-20,9659
2888,新光金,61,21,40,富邦-高雄,2023-06-20,9659
00679B,元大美債20年,45,5,40,富邦-高雄,2023-06-20,9659
1218,泰山,40,1,39,富邦-高雄,2023-06-20,9659
3011,今皓,39,2,37,富邦-高雄,2023-06-20,9659
00751B,元大AAA至A公司債,37,2,35,富邦-高雄,2023-06-20,9659
00713,元大台灣高息低波,43,9,34,富邦-高雄,2023-06-20,9659
4904,遠傳,33,1,32,富邦-高雄,2023-06-20,9659
2454,聯發科,30,3,27,富邦-高雄,2023-06-20,9659
8155,博智,32,5,27,富邦-高雄,2023-06-20,9659
1528,恩德,81,54,27,富邦-高雄,2023-06-20,9659
00712,復華富時不動產,60,33,27,富邦-高雄,2023-06-20,9659
6244,茂迪,169,143,26,富邦-高雄,2023-06-20,9659
00637L,元大滬深300正2,30,4,26,富邦-高雄,2023-06-20,9659
2441,超豐,28,2,26,富邦-高雄,2023-06-20,9659
2482,連宇,37,11,26,富邦-高雄,2023-06-20,9659
2883,凱基金,48,24,24,富邦-高雄,2023-06-20,9659
3363,上詮,96,72,24,富邦-高雄,2023-06-20,9659
2034,允強,23,0,23,富邦-高雄,2023-06-20,9659
2645,長榮航太,28,7,21,富邦-高雄,2023-06-20,9659
1612,宏泰,33,13,20,富邦-高雄,2023-06-20,9659
5009,榮剛,30,10,20,富邦-高雄,2023-06-20,9659
00673R,期元大S＆P原油反1,30,10,20,富邦-高雄,2023-06-20,9659
2358,廷鑫,19,0,19,富邦-高雄,2023-06-20,9659
4533,協易機,122,103,19,富邦-高雄,2023-06-20,9659
2887,台新金,25,6,19,富邦-高雄,2023-06-20,9659
2014,中鴻,18,0,18,富邦-高雄,2023-06-20,9659
1303,南亞,18,0,18,富邦-高雄,2023-06-20,9659
4967,十銓,18,2,16,富邦-高雄,2023-06-20,9659
3049,精金,16,0,16,富邦-高雄,2023-06-20,9659
00720B,元大投資級公司債,28,13,15,富邦-高雄,2023-06-20,9659
00680L,元大美債20正2,15,0,15,富邦-高雄,2023-06-20,9659
4541,晟田,18,3,15,富邦-高雄,2023-06-20,9659
6120,達運,33,18,15,富邦-高雄,2023-06-20,9659
3231,緯創,115,102,13,富邦-高雄,2023-06-20,9659
1477,聚陽,13,0,13,富邦-高雄,2023-06-20,9659
4543,萬在,15,2,13,富邦-高雄,2023-06-20,9659
6188,廣明,12,0,12,富邦-高雄,2023-06-20,9659
4121,優盛,12,0,12,富邦-高雄,2023-06-20,9659
2610,華航,363,112,251,富邦-高雄,2023-06-21,9659
2481,強茂,178,3,175,富邦-高雄,2023-06-21,9659
3231,緯創,431,260,171,富邦-高雄,2023-06-21,9659
00632R,元大台灣50反1,240,100,140,富邦-高雄,2023-06-21,9659
2340,台亞,176,47,129,富邦-高雄,2023-06-21,9659
1711,永光,101,0,101,富邦-高雄,2023-06-21,9659
2352,佳世達,96,6,90,富邦-高雄,2023-06-21,9659
2634,漢翔,171,83,88,富邦-高雄,2023-06-21,9659
2702,華園,66,7,59,富邦-高雄,2023-06-21,9659
1519,華城,59,8,51,富邦-高雄,2023-06-21,9659
4979,華星光,128,78,50,富邦-高雄,2023-06-21,9659
4916,事欣科,97,49,48,富邦-高雄,2023-06-21,9659
2376,技嘉,61,13,48,富邦-高雄,2023-06-21,9659
00712,復華富時不動產,65,18,47,富邦-高雄,2023-06-21,9659
8105,凌巨,49,2,47,富邦-高雄,2023-06-21,9659
3515,華擎,90,49,41,富邦-高雄,2023-06-21,9659
2888,新光金,40,0,40,富邦-高雄,2023-06-21,9659
6140,訊達,39,0,39,富邦-高雄,2023-06-21,9659
2303,聯電,84,46,38,富邦-高雄,2023-06-21,9659
00671R,富邦NASDAQ反1,33,0,33,富邦-高雄,2023-06-21,9659
6877,鏵友益,35,2,33,富邦-高雄,2023-06-21,9659
8996,高力,41,9,32,富邦-高雄,2023-06-21,9659
1905,華紙,365,334,31,富邦-高雄,2023-06-21,9659
2358,廷鑫,30,0,30,富邦-高雄,2023-06-21,9659
4931,新盛力,29,0,29,富邦-高雄,2023-06-21,9659
00753L,中信中國50正2,26,0,26,富邦-高雄,2023-06-21,9659
6244,茂迪,32,7,25,富邦-高雄,2023-06-21,9659
00882,中信中國高股息,24,0,24,富邦-高雄,2023-06-21,9659
4904,遠傳,34,12,22,富邦-高雄,2023-06-21,9659
1446,宏和,23,1,22,富邦-高雄,2023-06-21,9659
1513,中興電,59,38,21,富邦-高雄,2023-06-21,9659
4968,立積,49,28,21,富邦-高雄,2023-06-21,9659
1522,堤維西,28,7,21,富邦-高雄,2023-06-21,9659
4977,眾達-KY,21,1,20,富邦-高雄,2023-06-21,9659
3078,僑威,57,37,20,富邦-高雄,2023-06-21,9659
2312,金寶,30,10,20,富邦-高雄,2023-06-21,9659
1218,泰山,22,2,20,富邦-高雄,2023-06-21,9659
2332,友訊,20,0,20,富邦-高雄,2023-06-21,9659
1616,億泰,20,0,20,富邦-高雄,2023-06-21,9659
8926,台汽電,23,3,20,富邦-高雄,2023-06-21,9659
2705,六福,56,36,20,富邦-高雄,2023-06-21,9659
1609,大亞,33,14,19,富邦-高雄,2023-06-21,9659
2328,廣宇,20,2,18,富邦-高雄,2023-06-21,9659
5905,南仁湖,193,176,17,富邦-高雄,2023-06-21,9659
3711,日月光投控,32,15,17,富邦-高雄,2023-06-21,9659
2409,友達,85,69,16,富邦-高雄,2023-06-21,9659
00919,群益台灣精選高息,34,19,15,富邦-高雄,2023-06-21,9659
1340,勝悅-KY,15,0,15,富邦-高雄,2023-06-21,9659
2454,聯發科,15,0,15,富邦-高雄,2023-06-21,9659
1815,富喬,16,2,14,富邦-高雄,2023-06-21,9659
2618,長榮航,503,65,438,富邦-高雄,2023-06-26,9659
4533,協易機,323,4,319,富邦-高雄,2023-06-26,9659
2340,台亞,369,67,302,富邦-高雄,2023-06-26,9659
2317,鴻海,257,69,188,富邦-高雄,2023-06-26,9659
00715L,期街口布蘭特正2,204,31,173,富邦-高雄,2023-06-26,9659
00885,富邦越南,130,18,112,富邦-高雄,2023-06-26,9659
2609,陽明,130,23,107,富邦-高雄,2023-06-26,9659
6125,廣運,256,169,87,富邦-高雄,2023-06-26,9659
00632R,元大台灣50反1,103,17,86,富邦-高雄,2023-06-26,9659
3481,群創,134,52,82,富邦-高雄,2023-06-26,9659
00637L,元大滬深300正2,80,0,80,富邦-高雄,2023-06-26,9659
2610,華航,431,352,79,富邦-高雄,2023-06-26,9659
2867,三商壽,86,9,77,富邦-高雄,2023-06-26,9659
2481,強茂,70,0,70,富邦-高雄,2023-06-26,9659
8085,福華,56,0,56,富邦-高雄,2023-06-26,9659
00712,復華富時不動產,84,30,54,富邦-高雄,2023-06-26,9659
2382,廣達,89,36,53,富邦-高雄,2023-06-26,9659
2601,益航,52,0,52,富邦-高雄,2023-06-26,9659
1605,華新,69,20,49,富邦-高雄,2023-06-26,9659
3032,偉訓,54,7,47,富邦-高雄,2023-06-26,9659
2834,臺企銀,53,10,43,富邦-高雄,2023-06-26,9659
3006,晶豪科,41,1,40,富邦-高雄,2023-06-26,9659
3363,上詮,45,8,37,富邦-高雄,2023-06-26,9659
00687B,國泰20年美債,36,1,35,富邦-高雄,2023-06-26,9659
00924,復華S＆P500成長,33,0,33,富邦-高雄,2023-06-26,9659
3037,欣興,46,14,32,富邦-高雄,2023-06-26,9659
00751B,元大AAA至A公司債,34,3,31,富邦-高雄,2023-06-26,9659
00929,復華台灣科技優息,32,1,31,富邦-高雄,2023-06-26,9659
3706,神達,133,106,27,富邦-高雄,2023-06-26,9659
2409,友達,56,29,27,富邦-高雄,2023-06-26,9659
3325,旭品,32,5,27,富邦-高雄,2023-06-26,9659
2356,英業達,39,12,27,富邦-高雄,2023-06-26,9659
2913,農林,34,8,26,富邦-高雄,2023-06-26,9659
6877,鏵友益,43,17,26,富邦-高雄,2023-06-26,9659
2303,聯電,51,25,26,富邦-高雄,2023-06-26,9659
2457,飛宏,29,5,24,富邦-高雄,2023-06-26,9659
3231,緯創,172,149,23,富邦-高雄,2023-06-26,9659
00642U,期元大S＆P石油,22,0,22,富邦-高雄,2023-06-26,9659
3105,穩懋,23,1,22,富邦-高雄,2023-06-26,9659
1339,昭輝,21,0,21,富邦-高雄,2023-06-26,9659
00671R,富邦NASDAQ反1,20,0,20,富邦-高雄,2023-06-26,9659
2312,金寶,21,2,19,富邦-高雄,2023-06-26,9659
3033,威健,23,4,19,富邦-高雄,2023-06-26,9659
4503,金雨,22,3,19,富邦-高雄,2023-06-26,9659
5465,富驊,22,4,18,富邦-高雄,2023-06-26,9659
2023,燁輝,20,2,18,富邦-高雄,2023-06-26,9659
3557,嘉威,18,1,17,富邦-高雄,2023-06-26,9659
00665L,富邦�琤肭磪囓�2,17,0,17,富邦-高雄,2023-06-26,9659
3711,日月光投控,26,9,17,富邦-高雄,2023-06-26,9659
8076,伍豐,18,2,16,富邦-高雄,2023-06-26,9659
2340,台亞,261,82,179,富邦-高雄,2023-06-27,9659
2371,大同,218,86,132,富邦-高雄,2023-06-27,9659
2303,聯電,113,14,99,富邦-高雄,2023-06-27,9659
1609,大亞,124,27,97,富邦-高雄,2023-06-27,9659
0056,元大高股息,128,36,92,富邦-高雄,2023-06-27,9659
00715L,期街口布蘭特正2,86,10,76,富邦-高雄,2023-06-27,9659
3038,全台,116,47,69,富邦-高雄,2023-06-27,9659
2352,佳世達,104,38,66,富邦-高雄,2023-06-27,9659
00885,富邦越南,91,26,65,富邦-高雄,2023-06-27,9659
2332,友訊,114,52,62,富邦-高雄,2023-06-27,9659
00637L,元大滬深300正2,58,0,58,富邦-高雄,2023-06-27,9659
6188,廣明,60,11,49,富邦-高雄,2023-06-27,9659
1301,台塑,49,3,46,富邦-高雄,2023-06-27,9659
00720B,元大投資級公司債,46,1,45,富邦-高雄,2023-06-27,9659
2412,中華電,45,0,45,富邦-高雄,2023-06-27,9659
2834,臺企銀,50,11,39,富邦-高雄,2023-06-27,9659
5478,智冠,84,46,38,富邦-高雄,2023-06-27,9659
5258,虹堡,44,6,38,富邦-高雄,2023-06-27,9659
00919,群益台灣精選高息,47,9,38,富邦-高雄,2023-06-27,9659
6290,良維,39,4,35,富邦-高雄,2023-06-27,9659
2409,友達,47,15,32,富邦-高雄,2023-06-27,9659
9962,有益,30,0,30,富邦-高雄,2023-06-27,9659
2882,國泰金,28,1,27,富邦-高雄,2023-06-27,9659
00929,復華台灣科技優息,32,6,26,富邦-高雄,2023-06-27,9659
2883,凱基金,148,123,25,富邦-高雄,2023-06-27,9659
2353,宏��,33,8,25,富邦-高雄,2023-06-27,9659
1303,南亞,26,1,25,富邦-高雄,2023-06-27,9659
2867,三商壽,27,2,25,富邦-高雄,2023-06-27,9659
2605,新興,28,3,25,富邦-高雄,2023-06-27,9659
1907,永豐餘,34,9,25,富邦-高雄,2023-06-27,9659
00878,國泰永續高股息,129,105,24,富邦-高雄,2023-06-27,9659
2301,光寶科,33,9,24,富邦-高雄,2023-06-27,9659
2885,元大金,23,0,23,富邦-高雄,2023-06-27,9659
00795B,中信美國公債20年,25,2,23,富邦-高雄,2023-06-27,9659
2331,精英,44,21,23,富邦-高雄,2023-06-27,9659
2329,華泰,23,0,23,富邦-高雄,2023-06-27,9659
9945,潤泰新,26,4,22,富邦-高雄,2023-06-27,9659
6005,群益證,21,0,21,富邦-高雄,2023-06-27,9659
5285,界霖,21,0,21,富邦-高雄,2023-06-27,9659
1101,台泥,22,2,20,富邦-高雄,2023-06-27,9659
00665L,富邦�琤肭磪囓�2,26,6,20,富邦-高雄,2023-06-27,9659
5014,建錩,20,0,20,富邦-高雄,2023-06-27,9659
6116,彩晶,24,5,19,富邦-高雄,2023-06-27,9659
8936,國統,33,14,19,富邦-高雄,2023-06-27,9659
2103,台橡,19,0,19,富邦-高雄,2023-06-27,9659
4503,金雨,64,45,19,富邦-高雄,2023-06-27,9659
2405,輔信,31,12,19,富邦-高雄,2023-06-27,9659
2328,廣宇,18,0,18,富邦-高雄,2023-06-27,9659
2888,新光金,28,10,18,富邦-高雄,2023-06-27,9659
3062,建漢,23,6,17,富邦-高雄,2023-06-27,9659
00715L,期街口布蘭特正2,464,0,464,富邦-高雄,2023-06-28,9659
2427,三商電,244,43,201,富邦-高雄,2023-06-28,9659
4533,協易機,226,103,123,富邦-高雄,2023-06-28,9659
1605,華新,159,96,63,富邦-高雄,2023-06-28,9659
3481,群創,99,38,61,富邦-高雄,2023-06-28,9659
00632R,元大台灣50反1,80,27,53,富邦-高雄,2023-06-28,9659
2736,富野,51,0,51,富邦-高雄,2023-06-28,9659
1101,台泥,64,14,50,富邦-高雄,2023-06-28,9659
2605,新興,47,1,46,富邦-高雄,2023-06-28,9659
2392,正崴,39,0,39,富邦-高雄,2023-06-28,9659
00720B,元大投資級公司債,38,0,38,富邦-高雄,2023-06-28,9659
2409,友達,39,1,38,富邦-高雄,2023-06-28,9659
00642U,期元大S＆P石油,37,0,37,富邦-高雄,2023-06-28,9659
5014,建錩,36,0,36,富邦-高雄,2023-06-28,9659
3037,欣興,48,15,33,富邦-高雄,2023-06-28,9659
2892,第一金,35,4,31,富邦-高雄,2023-06-28,9659
00929,復華台灣科技優息,31,1,30,富邦-高雄,2023-06-28,9659
3706,神達,50,20,30,富邦-高雄,2023-06-28,9659
2867,三商壽,30,1,29,富邦-高雄,2023-06-28,9659
1301,台塑,36,9,27,富邦-高雄,2023-06-28,9659
2323,中環,78,52,26,富邦-高雄,2023-06-28,9659
2883,凱基金,53,27,26,富邦-高雄,2023-06-28,9659
00919,群益台灣精選高息,26,0,26,富邦-高雄,2023-06-28,9659
4994,傳奇,26,1,25,富邦-高雄,2023-06-28,9659
00671R,富邦NASDAQ反1,25,0,25,富邦-高雄,2023-06-28,9659
3515,華擎,31,6,25,富邦-高雄,2023-06-28,9659
5706,鳳凰,65,41,24,富邦-高雄,2023-06-28,9659
00885,富邦越南,39,16,23,富邦-高雄,2023-06-28,9659
2408,南亞科,23,0,23,富邦-高雄,2023-06-28,9659
5478,智冠,29,6,23,富邦-高雄,2023-06-28,9659
2906,高林,37,14,23,富邦-高雄,2023-06-28,9659
2383,台光電,26,3,23,富邦-高雄,2023-06-28,9659
00687B,國泰20年美債,31,9,22,富邦-高雄,2023-06-28,9659
4120,友華,43,21,22,富邦-高雄,2023-06-28,9659
2748,雲品,31,9,22,富邦-高雄,2023-06-28,9659
00637L,元大滬深300正2,55,34,21,富邦-高雄,2023-06-28,9659
6125,廣運,259,238,21,富邦-高雄,2023-06-28,9659
2356,英業達,39,18,21,富邦-高雄,2023-06-28,9659
4912,聯德控股-KY,20,0,20,富邦-高雄,2023-06-28,9659
6191,精成科,29,9,20,富邦-高雄,2023-06-28,9659
2492,華新科,20,0,20,富邦-高雄,2023-06-28,9659
4726,永昕,20,1,19,富邦-高雄,2023-06-28,9659
3078,僑威,33,15,18,富邦-高雄,2023-06-28,9659
2609,陽明,28,12,16,富邦-高雄,2023-06-28,9659
00679B,元大美債20年,17,1,16,富邦-高雄,2023-06-28,9659
1303,南亞,16,0,16,富邦-高雄,2023-06-28,9659
4904,遠傳,20,5,15,富邦-高雄,2023-06-28,9659
3380,明泰,26,11,15,富邦-高雄,2023-06-28,9659
1907,永豐餘,17,3,14,富邦-高雄,2023-06-28,9659
3003,健和興,14,0,14,富邦-高雄,2023-06-28,9659
4414,如興,261,8,253,富邦-高雄,2023-06-29,9659
6142,友勁,125,0,125,富邦-高雄,2023-06-29,9659
00929,復華台灣科技優息,97,7,90,富邦-高雄,2023-06-29,9659
2371,大同,131,46,85,富邦-高雄,2023-06-29,9659
2303,聯電,87,8,79,富邦-高雄,2023-06-29,9659
1605,華新,89,16,73,富邦-高雄,2023-06-29,9659
8085,福華,70,0,70,富邦-高雄,2023-06-29,9659
4916,事欣科,67,10,57,富邦-高雄,2023-06-29,9659
00919,群益台灣精選高息,90,33,57,富邦-高雄,2023-06-29,9659
2609,陽明,86,36,50,富邦-高雄,2023-06-29,9659
2888,新光金,56,6,50,富邦-高雄,2023-06-29,9659
2618,長榮航,84,41,43,富邦-高雄,2023-06-29,9659
2412,中華電,46,5,41,富邦-高雄,2023-06-29,9659
3694,海華,37,0,37,富邦-高雄,2023-06-29,9659
2382,廣達,79,42,37,富邦-高雄,2023-06-29,9659
2419,仲琦,118,84,34,富邦-高雄,2023-06-29,9659
1905,華紙,51,20,31,富邦-高雄,2023-06-29,9659
2340,台亞,44,14,30,富邦-高雄,2023-06-29,9659
6266,泰詠,30,0,30,富邦-高雄,2023-06-29,9659
1609,大亞,36,7,29,富邦-高雄,2023-06-29,9659
5452,佶優,33,6,27,富邦-高雄,2023-06-29,9659
6156,松上,30,3,27,富邦-高雄,2023-06-29,9659
00715L,期街口布蘭特正2,67,40,27,富邦-高雄,2023-06-29,9659
6669,緯穎,25,0,25,富邦-高雄,2023-06-29,9659
00885,富邦越南,32,8,24,富邦-高雄,2023-06-29,9659
00637L,元大滬深300正2,25,2,23,富邦-高雄,2023-06-29,9659
00665L,富邦�琤肭磪囓�2,27,5,22,富邦-高雄,2023-06-29,9659
1802,台玻,22,0,22,富邦-高雄,2023-06-29,9659
2892,第一金,22,0,22,富邦-高雄,2023-06-29,9659
2317,鴻海,55,34,21,富邦-高雄,2023-06-29,9659
2610,華航,41,21,20,富邦-高雄,2023-06-29,9659
8277,商丞,23,3,20,富邦-高雄,2023-06-29,9659
020020,元大台股領航N,20,0,20,富邦-高雄,2023-06-29,9659
6125,廣運,34,15,19,富邦-高雄,2023-06-29,9659
3013,晟銘電,72,53,19,富邦-高雄,2023-06-29,9659
2634,漢翔,37,19,18,富邦-高雄,2023-06-29,9659
00888,永豐台灣ESG,19,1,18,富邦-高雄,2023-06-29,9659
5478,智冠,17,0,17,富邦-高雄,2023-06-29,9659
8440,綠電,16,0,16,富邦-高雄,2023-06-29,9659
5009,榮剛,33,17,16,富邦-高雄,2023-06-29,9659
2356,英業達,23,8,15,富邦-高雄,2023-06-29,9659
00795B,中信美國公債20年,15,0,15,富邦-高雄,2023-06-29,9659
2883,凱基金,31,16,15,富邦-高雄,2023-06-29,9659
2745,五福,14,0,14,富邦-高雄,2023-06-29,9659
00764B,群益25年美債,14,0,14,富邦-高雄,2023-06-29,9659
3515,華擎,55,41,14,富邦-高雄,2023-06-29,9659
1504,東元,18,4,14,富邦-高雄,2023-06-29,9659
3706,神達,22,8,14,富邦-高雄,2023-06-29,9659
4157,太景*-KY,51,38,13,富邦-高雄,2023-06-29,9659
4979,華星光,41,28,13,富邦-高雄,2023-06-29,9659
00665L,富邦�琤肭磪囓�2,408,0,408,富邦-高雄,2023-06-30,9659
00680L,元大美債20正2,337,0,337,富邦-高雄,2023-06-30,9659
3006,晶豪科,160,3,157,富邦-高雄,2023-06-30,9659
2481,強茂,148,1,147,富邦-高雄,2023-06-30,9659
6125,廣運,175,30,145,富邦-高雄,2023-06-30,9659
00687B,國泰20年美債,141,9,132,富邦-高雄,2023-06-30,9659
2344,華邦電,133,18,115,富邦-高雄,2023-06-30,9659
1528,恩德,133,19,114,富邦-高雄,2023-06-30,9659
4533,協易機,109,4,105,富邦-高雄,2023-06-30,9659
2618,長榮航,137,39,98,富邦-高雄,2023-06-30,9659
3419,譁裕,95,2,93,富邦-高雄,2023-06-30,9659
6276,安鈦克,90,2,88,富邦-高雄,2023-06-30,9659
3481,群創,87,5,82,富邦-高雄,2023-06-30,9659
2603,長榮,180,101,79,富邦-高雄,2023-06-30,9659
2607,榮運,81,4,77,富邦-高雄,2023-06-30,9659
2371,大同,120,55,65,富邦-高雄,2023-06-30,9659
2340,台亞,73,10,63,富邦-高雄,2023-06-30,9659
00673R,期元大S＆P原油反1,58,2,56,富邦-高雄,2023-06-30,9659
2462,良得電,80,25,55,富邦-高雄,2023-06-30,9659
2409,友達,55,0,55,富邦-高雄,2023-06-30,9659
00885,富邦越南,64,12,52,富邦-高雄,2023-06-30,9659
2399,映泰,57,5,52,富邦-高雄,2023-06-30,9659
2610,華航,140,89,51,富邦-高雄,2023-06-30,9659
00679B,元大美債20年,50,0,50,富邦-高雄,2023-06-30,9659
3694,海華,50,0,50,富邦-高雄,2023-06-30,9659
00929,復華台灣科技優息,49,0,49,富邦-高雄,2023-06-30,9659
2892,第一金,49,1,48,富邦-高雄,2023-06-30,9659
1312,國喬,50,3,47,富邦-高雄,2023-06-30,9659
2382,廣達,135,88,47,富邦-高雄,2023-06-30,9659
6282,康舒,53,8,45,富邦-高雄,2023-06-30,9659
8085,福華,44,2,42,富邦-高雄,2023-06-30,9659
3545,敦泰,41,0,41,富邦-高雄,2023-06-30,9659
4306,炎洲,40,0,40,富邦-高雄,2023-06-30,9659
2002,中鋼,45,7,38,富邦-高雄,2023-06-30,9659
2492,華新科,40,3,37,富邦-高雄,2023-06-30,9659
2356,英業達,51,18,33,富邦-高雄,2023-06-30,9659
2412,中華電,53,20,33,富邦-高雄,2023-06-30,9659
2883,凱基金,166,134,32,富邦-高雄,2023-06-30,9659
3013,晟銘電,83,52,31,富邦-高雄,2023-06-30,9659
00927,群益半導體收益,30,0,30,富邦-高雄,2023-06-30,9659
3617,碩天,30,0,30,富邦-高雄,2023-06-30,9659
00751B,元大AAA至A公司債,29,0,29,富邦-高雄,2023-06-30,9659
3045,台灣大,29,1,28,富邦-高雄,2023-06-30,9659
4510,高鋒,36,8,28,富邦-高雄,2023-06-30,9659
1513,中興電,52,25,27,富邦-高雄,2023-06-30,9659
1307,三芳,26,0,26,富邦-高雄,2023-06-30,9659
2317,鴻海,47,21,26,富邦-高雄,2023-06-30,9659
3711,日月光投控,34,9,25,富邦-高雄,2023-06-30,9659
00722B,群益投資級電信債,23,0,23,富邦-高雄,2023-06-30,9659
2352,佳世達,23,0,23,富邦-高雄,2023-06-30,9659
2344,華邦電,207,0,207,富邦-高雄,2023-07-03,9659
5425,台半,150,2,148,富邦-高雄,2023-07-03,9659
1905,華紙,401,297,104,富邦-高雄,2023-07-03,9659
1907,永豐餘,100,7,93,富邦-高雄,2023-07-03,9659
6125,廣運,100,7,93,富邦-高雄,2023-07-03,9659
1605,華新,135,49,86,富邦-高雄,2023-07-03,9659
8289,泰藝,80,0,80,富邦-高雄,2023-07-03,9659
2356,英業達,194,120,74,富邦-高雄,2023-07-03,9659
8936,國統,85,12,73,富邦-高雄,2023-07-03,9659
3515,華擎,72,1,71,富邦-高雄,2023-07-03,9659
3706,神達,120,58,62,富邦-高雄,2023-07-03,9659
3046,建��,104,43,61,富邦-高雄,2023-07-03,9659
3209,全科,60,0,60,富邦-高雄,2023-07-03,9659
2303,聯電,60,6,54,富邦-高雄,2023-07-03,9659
00673R,期元大S＆P原油反1,55,2,53,富邦-高雄,2023-07-03,9659
1711,永光,52,0,52,富邦-高雄,2023-07-03,9659
2465,麗臺,50,0,50,富邦-高雄,2023-07-03,9659
1904,正隆,52,7,45,富邦-高雄,2023-07-03,9659
3481,群創,79,35,44,富邦-高雄,2023-07-03,9659
3380,明泰,55,13,42,富邦-高雄,2023-07-03,9659
1795,美時,40,0,40,富邦-高雄,2023-07-03,9659
2457,飛宏,58,19,39,富邦-高雄,2023-07-03,9659
2323,中環,49,11,38,富邦-高雄,2023-07-03,9659
2402,毅嘉,72,37,35,富邦-高雄,2023-07-03,9659
1314,中石化,32,1,31,富邦-高雄,2023-07-03,9659
5258,虹堡,35,6,29,富邦-高雄,2023-07-03,9659
3105,穩懋,29,1,28,富邦-高雄,2023-07-03,9659
2374,佳能,27,0,27,富邦-高雄,2023-07-03,9659
5469,瀚宇博,33,6,27,富邦-高雄,2023-07-03,9659
2892,第一金,28,2,26,富邦-高雄,2023-07-03,9659
00853B,統一美債10年Aa-,25,0,25,富邦-高雄,2023-07-03,9659
4906,正文,67,43,24,富邦-高雄,2023-07-03,9659
00712,復華富時不動產,34,11,23,富邦-高雄,2023-07-03,9659
2317,鴻海,97,74,23,富邦-高雄,2023-07-03,9659
3325,旭品,27,4,23,富邦-高雄,2023-07-03,9659
2882,國泰金,26,3,23,富邦-高雄,2023-07-03,9659
3005,神基,23,1,22,富邦-高雄,2023-07-03,9659
2104,國際中橡,21,0,21,富邦-高雄,2023-07-03,9659
1301,台塑,23,2,21,富邦-高雄,2023-07-03,9659
8150,南茂,20,0,20,富邦-高雄,2023-07-03,9659
00929,復華台灣科技優息,26,7,19,富邦-高雄,2023-07-03,9659
6770,力積電,21,2,19,富邦-高雄,2023-07-03,9659
6223,旺矽,35,16,19,富邦-高雄,2023-07-03,9659
8155,博智,21,2,19,富邦-高雄,2023-07-03,9659
00720B,元大投資級公司債,21,3,18,富邦-高雄,2023-07-03,9659
4155,訊映,27,9,18,富邦-高雄,2023-07-03,9659
5328,華容,19,1,18,富邦-高雄,2023-07-03,9659
2449,京元電子,30,12,18,富邦-高雄,2023-07-03,9659
1519,華城,18,1,17,富邦-高雄,2023-07-03,9659
2406,國碩,21,4,17,富邦-高雄,2023-07-03,9659
2609,陽明,559,109,450,富邦-高雄,2023-07-04,9659
2371,大同,263,34,229,富邦-高雄,2023-07-04,9659
2340,台亞,217,10,207,富邦-高雄,2023-07-04,9659
2356,英業達,828,660,168,富邦-高雄,2023-07-04,9659
3231,緯創,236,100,136,富邦-高雄,2023-07-04,9659
00673R,期元大S＆P原油反1,132,10,122,富邦-高雄,2023-07-04,9659
00632R,元大台灣50反1,118,3,115,富邦-高雄,2023-07-04,9659
6026,福邦證,105,0,105,富邦-高雄,2023-07-04,9659
6142,友勁,100,2,98,富邦-高雄,2023-07-04,9659
2883,凱基金,212,118,94,富邦-高雄,2023-07-04,9659
2547,日勝生,90,0,90,富邦-高雄,2023-07-04,9659
00929,復華台灣科技優息,95,16,79,富邦-高雄,2023-07-04,9659
2317,鴻海,101,33,68,富邦-高雄,2023-07-04,9659
3564,其陽,69,6,63,富邦-高雄,2023-07-04,9659
2845,遠東銀,60,0,60,富邦-高雄,2023-07-04,9659
2888,新光金,86,30,56,富邦-高雄,2023-07-04,9659
1904,正隆,106,52,54,富邦-高雄,2023-07-04,9659
8215,明基材,54,2,52,富邦-高雄,2023-07-04,9659
3419,譁裕,50,0,50,富邦-高雄,2023-07-04,9659
2603,長榮,221,172,49,富邦-高雄,2023-07-04,9659
00712,復華富時不動產,49,3,46,富邦-高雄,2023-07-04,9659
00720B,元大投資級公司債,44,1,43,富邦-高雄,2023-07-04,9659
2606,裕民,46,5,41,富邦-高雄,2023-07-04,9659
4566,時碩工業,52,11,41,富邦-高雄,2023-07-04,9659
912000,晨訊科-DR,40,0,40,富邦-高雄,2023-07-04,9659
00657,國泰日經225,40,0,40,富邦-高雄,2023-07-04,9659
1522,堤維西,44,9,35,富邦-高雄,2023-07-04,9659
2449,京元電子,55,22,33,富邦-高雄,2023-07-04,9659
3694,海華,33,1,32,富邦-高雄,2023-07-04,9659
00679B,元大美債20年,55,24,31,富邦-高雄,2023-07-04,9659
1609,大亞,36,10,26,富邦-高雄,2023-07-04,9659
2442,新美齊,26,0,26,富邦-高雄,2023-07-04,9659
2382,廣達,170,145,25,富邦-高雄,2023-07-04,9659
4157,太景*-KY,27,2,25,富邦-高雄,2023-07-04,9659
2002,中鋼,29,5,24,富邦-高雄,2023-07-04,9659
1301,台塑,24,0,24,富邦-高雄,2023-07-04,9659
2409,友達,27,4,23,富邦-高雄,2023-07-04,9659
4532,瑞智,43,21,22,富邦-高雄,2023-07-04,9659
8155,博智,21,0,21,富邦-高雄,2023-07-04,9659
4915,致伸,28,7,21,富邦-高雄,2023-07-04,9659
6282,康舒,154,134,20,富邦-高雄,2023-07-04,9659
6669,緯穎,26,6,20,富邦-高雄,2023-07-04,9659
1517,利奇,20,0,20,富邦-高雄,2023-07-04,9659
2731,雄獅,31,12,19,富邦-高雄,2023-07-04,9659
3105,穩懋,26,7,19,富邦-高雄,2023-07-04,9659
6150,撼訊,19,0,19,富邦-高雄,2023-07-04,9659
2402,毅嘉,591,572,19,富邦-高雄,2023-07-04,9659
6605,帝寶,20,1,19,富邦-高雄,2023-07-04,9659
5258,虹堡,39,20,19,富邦-高雄,2023-07-04,9659
8210,勤誠,30,12,18,富邦-高雄,2023-07-04,9659
6282,康舒,488,135,353,富邦-高雄,2023-07-05,9659
2340,台亞,201,11,190,富邦-高雄,2023-07-05,9659
00929,復華台灣科技優息,183,4,179,富邦-高雄,2023-07-05,9659
0056,元大高股息,185,32,153,富邦-高雄,2023-07-05,9659
2610,華航,147,18,129,富邦-高雄,2023-07-05,9659
3231,緯創,249,140,109,富邦-高雄,2023-07-05,9659
2105,正新,97,0,97,富邦-高雄,2023-07-05,9659
3363,上詮,125,42,83,富邦-高雄,2023-07-05,9659
00673R,期元大S＆P原油反1,109,32,77,富邦-高雄,2023-07-05,9659
2603,長榮,189,121,68,富邦-高雄,2023-07-05,9659
00927,群益半導體收益,67,0,67,富邦-高雄,2023-07-05,9659
3037,欣興,69,6,63,富邦-高雄,2023-07-05,9659
2547,日勝生,61,0,61,富邦-高雄,2023-07-05,9659
2352,佳世達,62,1,61,富邦-高雄,2023-07-05,9659
6244,茂迪,69,9,60,富邦-高雄,2023-07-05,9659
2515,中工,73,14,59,富邦-高雄,2023-07-05,9659
2317,鴻海,79,22,57,富邦-高雄,2023-07-05,9659
2363,矽統,53,1,52,富邦-高雄,2023-07-05,9659
8024,佑華,50,0,50,富邦-高雄,2023-07-05,9659
4960,誠美材,60,11,49,富邦-高雄,2023-07-05,9659
4414,如興,68,23,45,富邦-高雄,2023-07-05,9659
6125,廣運,95,53,42,富邦-高雄,2023-07-05,9659
3013,晟銘電,67,25,42,富邦-高雄,2023-07-05,9659
1904,正隆,51,10,41,富邦-高雄,2023-07-05,9659
00679B,元大美債20年,43,3,40,富邦-高雄,2023-07-05,9659
2303,聯電,48,8,40,富邦-高雄,2023-07-05,9659
2883,凱基金,190,152,38,富邦-高雄,2023-07-05,9659
2889,國票金,37,0,37,富邦-高雄,2023-07-05,9659
4938,和碩,37,0,37,富邦-高雄,2023-07-05,9659
2887,台新金,35,0,35,富邦-高雄,2023-07-05,9659
3481,群創,70,36,34,富邦-高雄,2023-07-05,9659
6156,松上,30,0,30,富邦-高雄,2023-07-05,9659
00919,群益台灣精選高息,31,1,30,富邦-高雄,2023-07-05,9659
2888,新光金,27,0,27,富邦-高雄,2023-07-05,9659
2634,漢翔,35,10,25,富邦-高雄,2023-07-05,9659
1785,光洋科,23,0,23,富邦-高雄,2023-07-05,9659
2371,大同,104,83,21,富邦-高雄,2023-07-05,9659
1584,精剛,50,30,20,富邦-高雄,2023-07-05,9659
5347,世界,20,0,20,富邦-高雄,2023-07-05,9659
3308,聯德,20,0,20,富邦-高雄,2023-07-05,9659
4533,協易機,20,0,20,富邦-高雄,2023-07-05,9659
4919,新唐,33,13,20,富邦-高雄,2023-07-05,9659
8064,東捷,35,16,19,富邦-高雄,2023-07-05,9659
2481,強茂,21,2,19,富邦-高雄,2023-07-05,9659
1522,堤維西,22,3,19,富邦-高雄,2023-07-05,9659
2409,友達,26,8,18,富邦-高雄,2023-07-05,9659
6113,亞矽,29,11,18,富邦-高雄,2023-07-05,9659
3071,協禧,38,20,18,富邦-高雄,2023-07-05,9659
5511,德昌,18,0,18,富邦-高雄,2023-07-05,9659
6598,ABC-KY,18,0,18,富邦-高雄,2023-07-05,9659
00673R,期元大S＆P原油反1,195,20,175,富邦-高雄,2023-07-06,9659
0056,元大高股息,137,9,128,富邦-高雄,2023-07-06,9659
00929,復華台灣科技優息,126,12,114,富邦-高雄,2023-07-06,9659
2371,大同,189,82,107,富邦-高雄,2023-07-06,9659
00885,富邦越南,104,2,102,富邦-高雄,2023-07-06,9659
00679B,元大美債20年,87,0,87,富邦-高雄,2023-07-06,9659
2883,凱基金,287,202,85,富邦-高雄,2023-07-06,9659
2002,中鋼,96,15,81,富邦-高雄,2023-07-06,9659
00713,元大台灣高息低波,80,0,80,富邦-高雄,2023-07-06,9659
00720B,元大投資級公司債,77,0,77,富邦-高雄,2023-07-06,9659
00751B,元大AAA至A公司債,87,11,76,富邦-高雄,2023-07-06,9659
4532,瑞智,139,63,76,富邦-高雄,2023-07-06,9659
2352,佳世達,71,1,70,富邦-高雄,2023-07-06,9659
2323,中環,77,11,66,富邦-高雄,2023-07-06,9659
3362,先進光,60,3,57,富邦-高雄,2023-07-06,9659
2303,聯電,63,8,55,富邦-高雄,2023-07-06,9659
2887,台新金,80,25,55,富邦-高雄,2023-07-06,9659
2618,長榮航,139,86,53,富邦-高雄,2023-07-06,9659
00878,國泰永續高股息,104,52,52,富邦-高雄,2023-07-06,9659
5328,華容,51,0,51,富邦-高雄,2023-07-06,9659
00637L,元大滬深300正2,51,0,51,富邦-高雄,2023-07-06,9659
2356,英業達,97,47,50,富邦-高雄,2023-07-06,9659
2442,新美齊,47,0,47,富邦-高雄,2023-07-06,9659
2330,台積電,48,1,47,富邦-高雄,2023-07-06,9659
2881,富邦金,58,12,46,富邦-高雄,2023-07-06,9659
2892,第一金,45,1,44,富邦-高雄,2023-07-06,9659
4414,如興,42,0,42,富邦-高雄,2023-07-06,9659
00927,群益半導體收益,41,0,41,富邦-高雄,2023-07-06,9659
2317,鴻海,122,82,40,富邦-高雄,2023-07-06,9659
4904,遠傳,40,0,40,富邦-高雄,2023-07-06,9659
8163,達方,39,0,39,富邦-高雄,2023-07-06,9659
1301,台塑,40,2,38,富邦-高雄,2023-07-06,9659
8215,明基材,57,19,38,富邦-高雄,2023-07-06,9659
3037,欣興,39,5,34,富邦-高雄,2023-07-06,9659
5880,合庫金,34,1,33,富邦-高雄,2023-07-06,9659
2382,廣達,89,56,33,富邦-高雄,2023-07-06,9659
00680L,元大美債20正2,33,0,33,富邦-高雄,2023-07-06,9659
1795,美時,38,5,33,富邦-高雄,2023-07-06,9659
2380,虹光,50,18,32,富邦-高雄,2023-07-06,9659
1806,冠軍,32,0,32,富邦-高雄,2023-07-06,9659
2889,國票金,34,2,32,富邦-高雄,2023-07-06,9659
2702,華園,31,0,31,富邦-高雄,2023-07-06,9659
1303,南亞,30,0,30,富邦-高雄,2023-07-06,9659
6770,力積電,31,1,30,富邦-高雄,2023-07-06,9659
2603,長榮,57,28,29,富邦-高雄,2023-07-06,9659
2368,金像電,51,22,29,富邦-高雄,2023-07-06,9659
2890,永豐金,27,1,26,富邦-高雄,2023-07-06,9659
2891,中信金,73,47,26,富邦-高雄,2023-07-06,9659
9907,統一實,26,0,26,富邦-高雄,2023-07-06,9659
1471,首利,42,16,26,富邦-高雄,2023-07-06,9659
00664R,國泰臺灣加權反1,559,0,559,富邦-高雄,2023-07-07,9659
00665L,富邦�琤肭磪囓�2,210,0,210,富邦-高雄,2023-07-07,9659
4157,太景*-KY,208,0,208,富邦-高雄,2023-07-07,9659
00673R,期元大S＆P原油反1,206,0,206,富邦-高雄,2023-07-07,9659
00679B,元大美債20年,147,4,143,富邦-高雄,2023-07-07,9659
00929,復華台灣科技優息,139,0,139,富邦-高雄,2023-07-07,9659
2601,益航,112,2,110,富邦-高雄,2023-07-07,9659
3047,訊舟,116,14,102,富邦-高雄,2023-07-07,9659
2603,長榮,147,50,97,富邦-高雄,2023-07-07,9659
00885,富邦越南,107,16,91,富邦-高雄,2023-07-07,9659
2887,台新金,90,5,85,富邦-高雄,2023-07-07,9659
00687B,國泰20年美債,84,0,84,富邦-高雄,2023-07-07,9659
4915,致伸,70,0,70,富邦-高雄,2023-07-07,9659
2890,永豐金,70,1,69,富邦-高雄,2023-07-07,9659
2002,中鋼,69,1,68,富邦-高雄,2023-07-07,9659
2633,台灣高鐵,64,0,64,富邦-高雄,2023-07-07,9659
6290,良維,61,3,58,富邦-高雄,2023-07-07,9659
00751B,元大AAA至A公司債,55,3,52,富邦-高雄,2023-07-07,9659
00720B,元大投資級公司債,73,21,52,富邦-高雄,2023-07-07,9659
3006,晶豪科,105,54,51,富邦-高雄,2023-07-07,9659
4927,泰鼎-KY,49,0,49,富邦-高雄,2023-07-07,9659
3374,精材,48,1,47,富邦-高雄,2023-07-07,9659
00905,FT臺灣Smart,45,0,45,富邦-高雄,2023-07-07,9659
1301,台塑,44,0,44,富邦-高雄,2023-07-07,9659
2883,凱基金,196,154,42,富邦-高雄,2023-07-07,9659
00772B,中信高評級公司債,46,6,40,富邦-高雄,2023-07-07,9659
0056,元大高股息,71,32,39,富邦-高雄,2023-07-07,9659
8383,千附,39,0,39,富邦-高雄,2023-07-07,9659
00637L,元大滬深300正2,39,0,39,富邦-高雄,2023-07-07,9659
00725B,國泰投資級公司債,38,0,38,富邦-高雄,2023-07-07,9659
1455,集盛,38,0,38,富邦-高雄,2023-07-07,9659
1101,台泥,40,2,38,富邦-高雄,2023-07-07,9659
2888,新光金,43,7,36,富邦-高雄,2023-07-07,9659
2344,華邦電,37,1,36,富邦-高雄,2023-07-07,9659
3694,海華,34,0,34,富邦-高雄,2023-07-07,9659
5309,系統電,33,0,33,富邦-高雄,2023-07-07,9659
2303,聯電,42,11,31,富邦-高雄,2023-07-07,9659
3025,星通,122,92,30,富邦-高雄,2023-07-07,9659
912000,晨訊科-DR,47,17,30,富邦-高雄,2023-07-07,9659
6190,萬泰科,28,0,28,富邦-高雄,2023-07-07,9659
3078,僑威,28,2,26,富邦-高雄,2023-07-07,9659
2105,正新,26,0,26,富邦-高雄,2023-07-07,9659
2881,富邦金,32,6,26,富邦-高雄,2023-07-07,9659
2884,玉山金,28,3,25,富邦-高雄,2023-07-07,9659
5347,世界,35,11,24,富邦-高雄,2023-07-07,9659
5439,高技,24,0,24,富邦-高雄,2023-07-07,9659
2409,友達,43,19,24,富邦-高雄,2023-07-07,9659
00713,元大台灣高息低波,33,10,23,富邦-高雄,2023-07-07,9659
6138,茂達,25,3,22,富邦-高雄,2023-07-07,9659
2323,中環,31,9,22,富邦-高雄,2023-07-07,9659
00665L,富邦�琤肭磪囓�2,306,0,306,富邦-高雄,2023-07-10,9659
00679B,元大美債20年,148,1,147,富邦-高雄,2023-07-10,9659
4934,太極,195,81,114,富邦-高雄,2023-07-10,9659
9907,統一實,100,0,100,富邦-高雄,2023-07-10,9659
00929,復華台灣科技優息,99,0,99,富邦-高雄,2023-07-10,9659
00673R,期元大S＆P原油反1,229,132,97,富邦-高雄,2023-07-10,9659
4157,太景*-KY,91,1,90,富邦-高雄,2023-07-10,9659
1101,台泥,94,6,88,富邦-高雄,2023-07-10,9659
2618,長榮航,150,71,79,富邦-高雄,2023-07-10,9659
4532,瑞智,197,122,75,富邦-高雄,2023-07-10,9659
00751B,元大AAA至A公司債,69,0,69,富邦-高雄,2023-07-10,9659
2883,凱基金,149,82,67,富邦-高雄,2023-07-10,9659
3325,旭品,80,20,60,富邦-高雄,2023-07-10,9659
6589,台康生技,61,1,60,富邦-高雄,2023-07-10,9659
4960,誠美材,54,1,53,富邦-高雄,2023-07-10,9659
3047,訊舟,52,0,52,富邦-高雄,2023-07-10,9659
6223,旺矽,52,0,52,富邦-高雄,2023-07-10,9659
00720B,元大投資級公司債,52,1,51,富邦-高雄,2023-07-10,9659
2380,虹光,50,0,50,富邦-高雄,2023-07-10,9659
00687B,國泰20年美債,50,0,50,富邦-高雄,2023-07-10,9659
00927,群益半導體收益,48,0,48,富邦-高雄,2023-07-10,9659
4904,遠傳,45,0,45,富邦-高雄,2023-07-10,9659
2330,台積電,40,3,37,富邦-高雄,2023-07-10,9659
3078,僑威,49,14,35,富邦-高雄,2023-07-10,9659
8155,博智,36,1,35,富邦-高雄,2023-07-10,9659
2609,陽明,88,55,33,富邦-高雄,2023-07-10,9659
2892,第一金,33,0,33,富邦-高雄,2023-07-10,9659
6005,群益證,30,0,30,富邦-高雄,2023-07-10,9659
3017,奇鋐,39,10,29,富邦-高雄,2023-07-10,9659
2317,鴻海,44,15,29,富邦-高雄,2023-07-10,9659
3022,威強電,30,2,28,富邦-高雄,2023-07-10,9659
4503,金雨,28,1,27,富邦-高雄,2023-07-10,9659
2369,菱生,31,4,27,富邦-高雄,2023-07-10,9659
006208,富邦台50,29,2,27,富邦-高雄,2023-07-10,9659
0056,元大高股息,77,52,25,富邦-高雄,2023-07-10,9659
6854,錼創科技-KY創,25,0,25,富邦-高雄,2023-07-10,9659
2419,仲琦,56,32,24,富邦-高雄,2023-07-10,9659
00680L,元大美債20正2,23,0,23,富邦-高雄,2023-07-10,9659
5309,系統電,23,0,23,富邦-高雄,2023-07-10,9659
1301,台塑,23,0,23,富邦-高雄,2023-07-10,9659
8050,廣積,25,3,22,富邦-高雄,2023-07-10,9659
1595,川寶,22,0,22,富邦-高雄,2023-07-10,9659
5515,建國,20,0,20,富邦-高雄,2023-07-10,9659
6190,萬泰科,20,0,20,富邦-高雄,2023-07-10,9659
8411,福貞-KY,20,0,20,富邦-高雄,2023-07-10,9659
00772B,中信高評級公司債,19,0,19,富邦-高雄,2023-07-10,9659
4123,晟德,19,0,19,富邦-高雄,2023-07-10,9659
3707,漢磊,41,23,18,富邦-高雄,2023-07-10,9659
2615,萬海,24,6,18,富邦-高雄,2023-07-10,9659
3045,台灣大,17,0,17,富邦-高雄,2023-07-10,9659
2356,英業達,391,111,280,富邦-高雄,2023-07-11,9659
9907,統一實,200,0,200,富邦-高雄,2023-07-11,9659
00706L,期元大S＆P日圓正2,152,0,152,富邦-高雄,2023-07-11,9659
2419,仲琦,492,359,133,富邦-高雄,2023-07-11,9659
3515,華擎,152,20,132,富邦-高雄,2023-07-11,9659
2609,陽明,154,23,131,富邦-高雄,2023-07-11,9659
00673R,期元大S＆P原油反1,136,9,127,富邦-高雄,2023-07-11,9659
2801,彰銀,119,0,119,富邦-高雄,2023-07-11,9659
00632R,元大台灣50反1,125,28,97,富邦-高雄,2023-07-11,9659
6125,廣運,105,17,88,富邦-高雄,2023-07-11,9659
2618,長榮航,233,155,78,富邦-高雄,2023-07-11,9659
1316,上曜,50,0,50,富邦-高雄,2023-07-11,9659
4960,誠美材,52,2,50,富邦-高雄,2023-07-11,9659
00929,復華台灣科技優息,56,7,49,富邦-高雄,2023-07-11,9659
4527,方土霖,42,2,40,富邦-高雄,2023-07-11,9659
00679B,元大美債20年,40,0,40,富邦-高雄,2023-07-11,9659
2312,金寶,41,3,38,富邦-高雄,2023-07-11,9659
00919,群益台灣精選高息,43,5,38,富邦-高雄,2023-07-11,9659
2457,飛宏,48,11,37,富邦-高雄,2023-07-11,9659
3128,昇銳,32,0,32,富邦-高雄,2023-07-11,9659
2515,中工,40,10,30,富邦-高雄,2023-07-11,9659
6288,聯嘉,32,3,29,富邦-高雄,2023-07-11,9659
2891,中信金,35,7,28,富邦-高雄,2023-07-11,9659
1795,美時,31,3,28,富邦-高雄,2023-07-11,9659
8112,至上,27,1,26,富邦-高雄,2023-07-11,9659
00751B,元大AAA至A公司債,25,0,25,富邦-高雄,2023-07-11,9659
3031,佰鴻,25,0,25,富邦-高雄,2023-07-11,9659
2371,大同,97,74,23,富邦-高雄,2023-07-11,9659
1312,國喬,25,2,23,富邦-高雄,2023-07-11,9659
3706,神達,52,29,23,富邦-高雄,2023-07-11,9659
6515,穎崴,29,7,22,富邦-高雄,2023-07-11,9659
6179,亞通,23,1,22,富邦-高雄,2023-07-11,9659
2425,承啟,23,1,22,富邦-高雄,2023-07-11,9659
1609,大亞,45,23,22,富邦-高雄,2023-07-11,9659
4142,國光生,21,0,21,富邦-高雄,2023-07-11,9659
3434,哲固,21,0,21,富邦-高雄,2023-07-11,9659
2888,新光金,25,4,21,富邦-高雄,2023-07-11,9659
1477,聚陽,21,1,20,富邦-高雄,2023-07-11,9659
6120,達運,33,13,20,富邦-高雄,2023-07-11,9659
1584,精剛,21,1,20,富邦-高雄,2023-07-11,9659
4532,瑞智,72,53,19,富邦-高雄,2023-07-11,9659
6156,松上,19,0,19,富邦-高雄,2023-07-11,9659
2481,強茂,96,78,18,富邦-高雄,2023-07-11,9659
2834,臺企銀,31,13,18,富邦-高雄,2023-07-11,9659
00712,復華富時不動產,51,34,17,富邦-高雄,2023-07-11,9659
2486,一詮,37,21,16,富邦-高雄,2023-07-11,9659
3694,海華,17,1,16,富邦-高雄,2023-07-11,9659
6456,GIS-KY,15,0,15,富邦-高雄,2023-07-11,9659
3049,精金,15,0,15,富邦-高雄,2023-07-11,9659
5465,富驊,20,5,15,富邦-高雄,2023-07-11,9659
2340,台亞,175,35,140,富邦-高雄,2023-07-12,9659
1101,台泥,137,4,133,富邦-高雄,2023-07-12,9659
00673R,期元大S＆P原油反1,125,5,120,富邦-高雄,2023-07-12,9659
4157,太景*-KY,111,0,111,富邦-高雄,2023-07-12,9659
00929,復華台灣科技優息,128,22,106,富邦-高雄,2023-07-12,9659
8046,南電,110,6,104,富邦-高雄,2023-07-12,9659
3706,神達,721,626,95,富邦-高雄,2023-07-12,9659
2303,聯電,97,30,67,富邦-高雄,2023-07-12,9659
00680L,元大美債20正2,64,0,64,富邦-高雄,2023-07-12,9659
6182,合晶,69,13,56,富邦-高雄,2023-07-12,9659
00679B,元大美債20年,52,0,52,富邦-高雄,2023-07-12,9659
5483,中美晶,64,15,49,富邦-高雄,2023-07-12,9659
6116,彩晶,48,4,44,富邦-高雄,2023-07-12,9659
3231,緯創,183,142,41,富邦-高雄,2023-07-12,9659
6290,良維,42,1,41,富邦-高雄,2023-07-12,9659
2880,華南金,36,0,36,富邦-高雄,2023-07-12,9659
5439,高技,80,44,36,富邦-高雄,2023-07-12,9659
2891,中信金,81,45,36,富邦-高雄,2023-07-12,9659
3419,譁裕,32,0,32,富邦-高雄,2023-07-12,9659
2481,強茂,82,54,28,富邦-高雄,2023-07-12,9659
5202,力新,27,0,27,富邦-高雄,2023-07-12,9659
3013,晟銘電,31,4,27,富邦-高雄,2023-07-12,9659
1605,華新,34,7,27,富邦-高雄,2023-07-12,9659
2399,映泰,65,39,26,富邦-高雄,2023-07-12,9659
2425,承啟,29,3,26,富邦-高雄,2023-07-12,9659
3432,台端,25,0,25,富邦-高雄,2023-07-12,9659
2409,友達,49,24,25,富邦-高雄,2023-07-12,9659
2603,長榮,62,37,25,富邦-高雄,2023-07-12,9659
2890,永豐金,26,2,24,富邦-高雄,2023-07-12,9659
2881,富邦金,41,18,23,富邦-高雄,2023-07-12,9659
2618,長榮航,149,126,23,富邦-高雄,2023-07-12,9659
5608,四維航,21,0,21,富邦-高雄,2023-07-12,9659
3694,海華,22,1,21,富邦-高雄,2023-07-12,9659
5347,世界,30,10,20,富邦-高雄,2023-07-12,9659
3025,星通,93,73,20,富邦-高雄,2023-07-12,9659
3071,協禧,144,125,19,富邦-高雄,2023-07-12,9659
6226,光鼎,19,0,19,富邦-高雄,2023-07-12,9659
1409,新纖,18,0,18,富邦-高雄,2023-07-12,9659
4904,遠傳,18,0,18,富邦-高雄,2023-07-12,9659
2867,三商壽,20,2,18,富邦-高雄,2023-07-12,9659
3062,建漢,19,2,17,富邦-高雄,2023-07-12,9659
2312,金寶,22,5,17,富邦-高雄,2023-07-12,9659
6548,長科*,17,0,17,富邦-高雄,2023-07-12,9659
5864,致和證,18,1,17,富邦-高雄,2023-07-12,9659
6285,啟��,31,15,16,富邦-高雄,2023-07-12,9659
8028,昇陽半導體,17,1,16,富邦-高雄,2023-07-12,9659
3324,雙鴻,33,17,16,富邦-高雄,2023-07-12,9659
8112,至上,15,0,15,富邦-高雄,2023-07-12,9659
3305,昇貿,20,5,15,富邦-高雄,2023-07-12,9659
6589,台康生技,15,0,15,富邦-高雄,2023-07-12,9659
3706,神達,626,57,569,富邦-高雄,2023-07-13,9659
3037,欣興,389,49,340,富邦-高雄,2023-07-13,9659
2610,華航,193,60,133,富邦-高雄,2023-07-13,9659
2618,長榮航,375,261,114,富邦-高雄,2023-07-13,9659
3231,緯創,304,196,108,富邦-高雄,2023-07-13,9659
2609,陽明,153,64,89,富邦-高雄,2023-07-13,9659
00930,永豐ESG低碳高息,83,0,83,富邦-高雄,2023-07-13,9659
00772B,中信高評級公司債,73,1,72,富邦-高雄,2023-07-13,9659
1101,台泥,112,48,64,富邦-高雄,2023-07-13,9659
2891,中信金,62,4,58,富邦-高雄,2023-07-13,9659
4532,瑞智,78,21,57,富邦-高雄,2023-07-13,9659
2882,國泰金,59,4,55,富邦-高雄,2023-07-13,9659
2883,凱基金,377,324,53,富邦-高雄,2023-07-13,9659
2834,臺企銀,67,15,52,富邦-高雄,2023-07-13,9659
8028,昇陽半導體,60,8,52,富邦-高雄,2023-07-13,9659
2905,三商,50,0,50,富邦-高雄,2023-07-13,9659
00679B,元大美債20年,48,1,47,富邦-高雄,2023-07-13,9659
2382,廣達,229,185,44,富邦-高雄,2023-07-13,9659
2376,技嘉,86,42,44,富邦-高雄,2023-07-13,9659
00662,富邦NASDAQ,42,0,42,富邦-高雄,2023-07-13,9659
00712,復華富時不動產,54,13,41,富邦-高雄,2023-07-13,9659
00720B,元大投資級公司債,42,2,40,富邦-高雄,2023-07-13,9659
00929,復華台灣科技優息,121,85,36,富邦-高雄,2023-07-13,9659
2515,中工,35,0,35,富邦-高雄,2023-07-13,9659
2317,鴻海,41,7,34,富邦-高雄,2023-07-13,9659
6770,力積電,33,1,32,富邦-高雄,2023-07-13,9659
5202,力新,31,0,31,富邦-高雄,2023-07-13,9659
5608,四維航,33,3,30,富邦-高雄,2023-07-13,9659
2458,義隆,30,0,30,富邦-高雄,2023-07-13,9659
2399,映泰,35,6,29,富邦-高雄,2023-07-13,9659
1718,中纖,30,1,29,富邦-高雄,2023-07-13,9659
3005,神基,35,6,29,富邦-高雄,2023-07-13,9659
6548,長科*,32,4,28,富邦-高雄,2023-07-13,9659
6188,廣明,66,39,27,富邦-高雄,2023-07-13,9659
1905,華紙,33,9,24,富邦-高雄,2023-07-13,9659
00892,富邦台灣半導體,30,7,23,富邦-高雄,2023-07-13,9659
4533,協易機,52,29,23,富邦-高雄,2023-07-13,9659
2409,友達,56,34,22,富邦-高雄,2023-07-13,9659
8936,國統,31,10,21,富邦-高雄,2023-07-13,9659
00687B,國泰20年美債,21,1,20,富邦-高雄,2023-07-13,9659
6226,光鼎,43,23,20,富邦-高雄,2023-07-13,9659
2353,宏��,44,24,20,富邦-高雄,2023-07-13,9659
2449,京元電子,66,48,18,富邦-高雄,2023-07-13,9659
4157,太景*-KY,23,5,18,富邦-高雄,2023-07-13,9659
1806,冠軍,17,0,17,富邦-高雄,2023-07-13,9659
3252,海灣,17,0,17,富邦-高雄,2023-07-13,9659
2388,威盛,98,81,17,富邦-高雄,2023-07-13,9659
3189,景碩,25,9,16,富邦-高雄,2023-07-13,9659
8050,廣積,26,10,16,富邦-高雄,2023-07-13,9659
4510,高鋒,48,32,16,富邦-高雄,2023-07-13,9659
00680L,元大美債20正2,406,0,406,富邦-高雄,2023-07-14,9659
00632R,元大台灣50反1,377,6,371,富邦-高雄,2023-07-14,9659
2329,華泰,580,257,323,富邦-高雄,2023-07-14,9659
2618,長榮航,287,89,198,富邦-高雄,2023-07-14,9659
3706,神達,253,155,98,富邦-高雄,2023-07-14,9659
6120,達運,77,19,58,富邦-高雄,2023-07-14,9659
2603,長榮,90,35,55,富邦-高雄,2023-07-14,9659
2312,金寶,63,9,54,富邦-高雄,2023-07-14,9659
2382,廣達,225,173,52,富邦-高雄,2023-07-14,9659
5880,合庫金,57,6,51,富邦-高雄,2023-07-14,9659
2352,佳世達,109,58,51,富邦-高雄,2023-07-14,9659
3515,華擎,107,57,50,富邦-高雄,2023-07-14,9659
4938,和碩,51,1,50,富邦-高雄,2023-07-14,9659
2419,仲琦,90,41,49,富邦-高雄,2023-07-14,9659
00922,國泰台灣領袖50,50,2,48,富邦-高雄,2023-07-14,9659
00929,復華台灣科技優息,108,60,48,富邦-高雄,2023-07-14,9659
6111,大宇資,53,8,45,富邦-高雄,2023-07-14,9659
00662,富邦NASDAQ,40,0,40,富邦-高雄,2023-07-14,9659
6584,南俊國際,54,15,39,富邦-高雄,2023-07-14,9659
6125,廣運,52,15,37,富邦-高雄,2023-07-14,9659
00885,富邦越南,46,9,37,富邦-高雄,2023-07-14,9659
2397,友通,35,0,35,富邦-高雄,2023-07-14,9659
00665L,富邦�琤肭磪囓�2,35,0,35,富邦-高雄,2023-07-14,9659
0056,元大高股息,108,74,34,富邦-高雄,2023-07-14,9659
1711,永光,35,2,33,富邦-高雄,2023-07-14,9659
1402,遠東新,31,0,31,富邦-高雄,2023-07-14,9659
1467,南緯,30,0,30,富邦-高雄,2023-07-14,9659
00720B,元大投資級公司債,32,2,30,富邦-高雄,2023-07-14,9659
5347,世界,56,27,29,富邦-高雄,2023-07-14,9659
00650L,復華香港正2,29,0,29,富邦-高雄,2023-07-14,9659
6288,聯嘉,36,7,29,富邦-高雄,2023-07-14,9659
00882,中信中國高股息,28,2,26,富邦-高雄,2023-07-14,9659
3673,TPK-KY,26,0,26,富邦-高雄,2023-07-14,9659
2702,華園,26,1,25,富邦-高雄,2023-07-14,9659
6190,萬泰科,36,11,25,富邦-高雄,2023-07-14,9659
3032,偉訓,27,4,23,富邦-高雄,2023-07-14,9659
5519,隆大,23,0,23,富邦-高雄,2023-07-14,9659
2324,仁寶,35,13,22,富邦-高雄,2023-07-14,9659
8069,元太,26,5,21,富邦-高雄,2023-07-14,9659
1609,大亞,64,43,21,富邦-高雄,2023-07-14,9659
2421,建準,50,29,21,富邦-高雄,2023-07-14,9659
2615,萬海,24,4,20,富邦-高雄,2023-07-14,9659
3324,雙鴻,41,21,20,富邦-高雄,2023-07-14,9659
6609,瀧澤科,20,0,20,富邦-高雄,2023-07-14,9659
2380,虹光,20,0,20,富邦-高雄,2023-07-14,9659
2481,強茂,31,11,20,富邦-高雄,2023-07-14,9659
8085,福華,20,0,20,富邦-高雄,2023-07-14,9659
8046,南電,39,19,20,富邦-高雄,2023-07-14,9659
2609,陽明,50,30,20,富邦-高雄,2023-07-14,9659
2412,中華電,20,1,19,富邦-高雄,2023-07-14,9659
2312,金寶,412,159,253,富邦-高雄,2023-07-17,9659
2399,映泰,293,60,233,富邦-高雄,2023-07-17,9659
00929,復華台灣科技優息,165,23,142,富邦-高雄,2023-07-17,9659
00673R,期元大S＆P原油反1,146,5,141,富邦-高雄,2023-07-17,9659
3704,合勤控,170,29,141,富邦-高雄,2023-07-17,9659
2603,長榮,180,40,140,富邦-高雄,2023-07-17,9659
6584,南俊國際,126,6,120,富邦-高雄,2023-07-17,9659
2883,凱基金,149,51,98,富邦-高雄,2023-07-17,9659
2838,聯邦銀,74,0,74,富邦-高雄,2023-07-17,9659
2301,光寶科,212,140,72,富邦-高雄,2023-07-17,9659
00712,復華富時不動產,109,39,70,富邦-高雄,2023-07-17,9659
4956,光鋐,50,0,50,富邦-高雄,2023-07-17,9659
1569,濱川,50,1,49,富邦-高雄,2023-07-17,9659
2402,毅嘉,61,13,48,富邦-高雄,2023-07-17,9659
6142,友勁,47,0,47,富邦-高雄,2023-07-17,9659
2331,精英,88,42,46,富邦-高雄,2023-07-17,9659
2609,陽明,49,6,43,富邦-高雄,2023-07-17,9659
5607,遠雄港,55,13,42,富邦-高雄,2023-07-17,9659
8085,福華,42,0,42,富邦-高雄,2023-07-17,9659
3006,晶豪科,49,7,42,富邦-高雄,2023-07-17,9659
2371,大同,151,110,41,富邦-高雄,2023-07-17,9659
00905,FT臺灣Smart,42,2,40,富邦-高雄,2023-07-17,9659
1504,東元,79,40,39,富邦-高雄,2023-07-17,9659
2324,仁寶,128,92,36,富邦-高雄,2023-07-17,9659
00720B,元大投資級公司債,36,0,36,富邦-高雄,2023-07-17,9659
2889,國票金,34,1,33,富邦-高雄,2023-07-17,9659
6207,雷科,33,2,31,富邦-高雄,2023-07-17,9659
2867,三商壽,30,0,30,富邦-高雄,2023-07-17,9659
2419,仲琦,58,28,30,富邦-高雄,2023-07-17,9659
1101,台泥,45,15,30,富邦-高雄,2023-07-17,9659
3037,欣興,47,18,29,富邦-高雄,2023-07-17,9659
00725B,國泰投資級公司債,35,6,29,富邦-高雄,2023-07-17,9659
2382,廣達,142,115,27,富邦-高雄,2023-07-17,9659
5608,四維航,26,0,26,富邦-高雄,2023-07-17,9659
4953,緯軟,27,1,26,富邦-高雄,2023-07-17,9659
5465,富驊,30,4,26,富邦-高雄,2023-07-17,9659
6118,建達,28,3,25,富邦-高雄,2023-07-17,9659
3105,穩懋,24,0,24,富邦-高雄,2023-07-17,9659
6548,長科*,24,2,22,富邦-高雄,2023-07-17,9659
00679B,元大美債20年,38,17,21,富邦-高雄,2023-07-17,9659
8070,長華*,20,0,20,富邦-高雄,2023-07-17,9659
5469,瀚宇博,30,10,20,富邦-高雄,2023-07-17,9659
6156,松上,20,0,20,富邦-高雄,2023-07-17,9659
3005,神基,28,8,20,富邦-高雄,2023-07-17,9659
3583,辛耘,76,56,20,富邦-高雄,2023-07-17,9659
00772B,中信高評級公司債,22,2,20,富邦-高雄,2023-07-17,9659
3305,昇貿,22,3,19,富邦-高雄,2023-07-17,9659
2462,良得電,19,0,19,富邦-高雄,2023-07-17,9659
3653,健策,19,1,18,富邦-高雄,2023-07-17,9659
5425,台半,24,6,18,富邦-高雄,2023-07-17,9659
3037,欣興,548,197,351,富邦-高雄,2023-07-18,9659
2329,華泰,655,344,311,富邦-高雄,2023-07-18,9659
4938,和碩,331,59,272,富邦-高雄,2023-07-18,9659
6116,彩晶,220,14,206,富邦-高雄,2023-07-18,9659
2324,仁寶,314,133,181,富邦-高雄,2023-07-18,9659
00882,中信中國高股息,101,0,101,富邦-高雄,2023-07-18,9659
2427,三商電,126,25,101,富邦-高雄,2023-07-18,9659
1201,味全,100,0,100,富邦-高雄,2023-07-18,9659
2352,佳世達,175,83,92,富邦-高雄,2023-07-18,9659
00662,富邦NASDAQ,80,0,80,富邦-高雄,2023-07-18,9659
6188,廣明,110,38,72,富邦-高雄,2023-07-18,9659
2353,宏��,254,186,68,富邦-高雄,2023-07-18,9659
8215,明基材,68,2,66,富邦-高雄,2023-07-18,9659
3078,僑威,110,49,61,富邦-高雄,2023-07-18,9659
2317,鴻海,120,60,60,富邦-高雄,2023-07-18,9659
2371,大同,154,99,55,富邦-高雄,2023-07-18,9659
3041,揚智,57,5,52,富邦-高雄,2023-07-18,9659
2401,凌陽,70,21,49,富邦-高雄,2023-07-18,9659
1313,聯成,89,40,49,富邦-高雄,2023-07-18,9659
3057,喬鼎,70,26,44,富邦-高雄,2023-07-18,9659
4968,立積,78,35,43,富邦-高雄,2023-07-18,9659
5607,遠雄港,48,7,41,富邦-高雄,2023-07-18,9659
2380,虹光,75,35,40,富邦-高雄,2023-07-18,9659
2881,富邦金,76,37,39,富邦-高雄,2023-07-18,9659
1519,華城,41,3,38,富邦-高雄,2023-07-18,9659
6284,佳邦,40,3,37,富邦-高雄,2023-07-18,9659
2409,友達,39,4,35,富邦-高雄,2023-07-18,9659
2301,光寶科,126,91,35,富邦-高雄,2023-07-18,9659
8064,東捷,35,0,35,富邦-高雄,2023-07-18,9659
9105,泰金寶-DR,50,15,35,富邦-高雄,2023-07-18,9659
00720B,元大投資級公司債,36,1,35,富邦-高雄,2023-07-18,9659
3013,晟銘電,36,5,31,富邦-高雄,2023-07-18,9659
1513,中興電,55,24,31,富邦-高雄,2023-07-18,9659
8155,博智,66,35,31,富邦-高雄,2023-07-18,9659
8059,凱碩,73,43,30,富邦-高雄,2023-07-18,9659
6191,精成科,37,8,29,富邦-高雄,2023-07-18,9659
6126,信音,35,6,29,富邦-高雄,2023-07-18,9659
1789,神隆,37,8,29,富邦-高雄,2023-07-18,9659
2883,凱基金,87,58,29,富邦-高雄,2023-07-18,9659
2441,超豐,29,1,28,富邦-高雄,2023-07-18,9659
6122,擎邦,41,13,28,富邦-高雄,2023-07-18,9659
2892,第一金,29,1,28,富邦-高雄,2023-07-18,9659
8046,南電,67,39,28,富邦-高雄,2023-07-18,9659
00679B,元大美債20年,79,52,27,富邦-高雄,2023-07-18,9659
2610,華航,56,30,26,富邦-高雄,2023-07-18,9659
1609,大亞,130,104,26,富邦-高雄,2023-07-18,9659
3362,先進光,33,8,25,富邦-高雄,2023-07-18,9659
2618,長榮航,117,92,25,富邦-高雄,2023-07-18,9659
3694,海華,35,12,23,富邦-高雄,2023-07-18,9659
8069,元太,30,8,22,富邦-高雄,2023-07-18,9659
00929,復華台灣科技優息,143,0,143,富邦-高雄,2023-07-19,9659
1201,味全,100,0,100,富邦-高雄,2023-07-19,9659
2881,富邦金,164,75,89,富邦-高雄,2023-07-19,9659
00665L,富邦�琤肭磪囓�2,111,23,88,富邦-高雄,2023-07-19,9659
00878,國泰永續高股息,179,99,80,富邦-高雄,2023-07-19,9659
2330,台積電,106,43,63,富邦-高雄,2023-07-19,9659
2478,大毅,63,0,63,富邦-高雄,2023-07-19,9659
3057,喬鼎,60,2,58,富邦-高雄,2023-07-19,9659
2405,輔信,76,18,58,富邦-高雄,2023-07-19,9659
00679B,元大美債20年,56,1,55,富邦-高雄,2023-07-19,9659
3706,神達,770,716,54,富邦-高雄,2023-07-19,9659
00882,中信中國高股息,63,12,51,富邦-高雄,2023-07-19,9659
6116,彩晶,55,5,50,富邦-高雄,2023-07-19,9659
2489,瑞軒,50,0,50,富邦-高雄,2023-07-19,9659
2867,三商壽,50,0,50,富邦-高雄,2023-07-19,9659
2618,長榮航,96,47,49,富邦-高雄,2023-07-19,9659
0056,元大高股息,99,56,43,富邦-高雄,2023-07-19,9659
4938,和碩,72,30,42,富邦-高雄,2023-07-19,9659
1101,台泥,47,6,41,富邦-高雄,2023-07-19,9659
6125,廣運,51,11,40,富邦-高雄,2023-07-19,9659
00930,永豐ESG低碳高息,57,20,37,富邦-高雄,2023-07-19,9659
1308,亞聚,36,0,36,富邦-高雄,2023-07-19,9659
5381,合正,33,0,33,富邦-高雄,2023-07-19,9659
00713,元大台灣高息低波,44,11,33,富邦-高雄,2023-07-19,9659
5202,力新,31,0,31,富邦-高雄,2023-07-19,9659
3062,建漢,31,1,30,富邦-高雄,2023-07-19,9659
2002,中鋼,35,5,30,富邦-高雄,2023-07-19,9659
2890,永豐金,31,2,29,富邦-高雄,2023-07-19,9659
6104,創惟,31,5,26,富邦-高雄,2023-07-19,9659
2801,彰銀,27,1,26,富邦-高雄,2023-07-19,9659
2884,玉山金,32,7,25,富邦-高雄,2023-07-19,9659
6113,亞矽,41,16,25,富邦-高雄,2023-07-19,9659
2610,華航,69,44,25,富邦-高雄,2023-07-19,9659
00670L,富邦NASDAQ正2,25,1,24,富邦-高雄,2023-07-19,9659
3231,緯創,71,47,24,富邦-高雄,2023-07-19,9659
1618,合機,37,13,24,富邦-高雄,2023-07-19,9659
2317,鴻海,47,24,23,富邦-高雄,2023-07-19,9659
2353,宏��,171,148,23,富邦-高雄,2023-07-19,9659
2887,台新金,24,2,22,富邦-高雄,2023-07-19,9659
1402,遠東新,22,0,22,富邦-高雄,2023-07-19,9659
9958,世紀鋼,21,0,21,富邦-高雄,2023-07-19,9659
5009,榮剛,30,9,21,富邦-高雄,2023-07-19,9659
1584,精剛,24,4,20,富邦-高雄,2023-07-19,9659
8390,金益鼎,23,3,20,富邦-高雄,2023-07-19,9659
9945,潤泰新,21,2,19,富邦-高雄,2023-07-19,9659
6203,海韻電,20,1,19,富邦-高雄,2023-07-19,9659
2376,技嘉,25,7,18,富邦-高雄,2023-07-19,9659
00885,富邦越南,22,4,18,富邦-高雄,2023-07-19,9659
4566,時碩工業,55,37,18,富邦-高雄,2023-07-19,9659
1605,華新,26,8,18,富邦-高雄,2023-07-19,9659
00665L,富邦�琤肭磪囓�2,405,19,386,富邦-高雄,2023-07-20,9659
00929,復華台灣科技優息,334,9,325,富邦-高雄,2023-07-20,9659
2382,廣達,753,490,263,富邦-高雄,2023-07-20,9659
1201,味全,208,0,208,富邦-高雄,2023-07-20,9659
00706L,期元大S＆P日圓正2,202,0,202,富邦-高雄,2023-07-20,9659
2303,聯電,181,19,162,富邦-高雄,2023-07-20,9659
6125,廣運,154,17,137,富邦-高雄,2023-07-20,9659
2352,佳世達,150,34,116,富邦-高雄,2023-07-20,9659
2329,華泰,130,31,99,富邦-高雄,2023-07-20,9659
6282,康舒,97,37,60,富邦-高雄,2023-07-20,9659
2913,農林,57,1,56,富邦-高雄,2023-07-20,9659
1560,中砂,58,4,54,富邦-高雄,2023-07-20,9659
4747,強生,181,131,50,富邦-高雄,2023-07-20,9659
2890,永豐金,52,5,47,富邦-高雄,2023-07-20,9659
3704,合勤控,43,1,42,富邦-高雄,2023-07-20,9659
2884,玉山金,41,2,39,富邦-高雄,2023-07-20,9659
2313,華通,42,3,39,富邦-高雄,2023-07-20,9659
1308,亞聚,35,0,35,富邦-高雄,2023-07-20,9659
2206,三陽工業,49,15,34,富邦-高雄,2023-07-20,9659
1102,亞泥,33,0,33,富邦-高雄,2023-07-20,9659
3231,緯創,65,32,33,富邦-高雄,2023-07-20,9659
1529,樂事綠能,34,2,32,富邦-高雄,2023-07-20,9659
5474,聰泰,85,53,32,富邦-高雄,2023-07-20,9659
2867,三商壽,30,0,30,富邦-高雄,2023-07-20,9659
6150,撼訊,48,19,29,富邦-高雄,2023-07-20,9659
2312,金寶,49,21,28,富邦-高雄,2023-07-20,9659
00882,中信中國高股息,32,5,27,富邦-高雄,2023-07-20,9659
2402,毅嘉,36,11,25,富邦-高雄,2023-07-20,9659
2515,中工,28,3,25,富邦-高雄,2023-07-20,9659
3047,訊舟,25,0,25,富邦-高雄,2023-07-20,9659
4513,福裕,24,0,24,富邦-高雄,2023-07-20,9659
2461,光群雷,35,11,24,富邦-高雄,2023-07-20,9659
3017,奇鋐,42,18,24,富邦-高雄,2023-07-20,9659
1513,中興電,26,2,24,富邦-高雄,2023-07-20,9659
00720B,元大投資級公司債,26,3,23,富邦-高雄,2023-07-20,9659
2349,錸德,23,0,23,富邦-高雄,2023-07-20,9659
3673,TPK-KY,25,2,23,富邦-高雄,2023-07-20,9659
00893,國泰智能電動車,58,36,22,富邦-高雄,2023-07-20,9659
2204,中華,21,0,21,富邦-高雄,2023-07-20,9659
2801,彰銀,20,0,20,富邦-高雄,2023-07-20,9659
3289,宜特,83,63,20,富邦-高雄,2023-07-20,9659
2392,正崴,21,2,19,富邦-高雄,2023-07-20,9659
00930,永豐ESG低碳高息,22,4,18,富邦-高雄,2023-07-20,9659
6122,擎邦,20,2,18,富邦-高雄,2023-07-20,9659
8403,盛弘,17,0,17,富邦-高雄,2023-07-20,9659
3694,海華,21,5,16,富邦-高雄,2023-07-20,9659
1101,台泥,21,5,16,富邦-高雄,2023-07-20,9659
9958,世紀鋼,16,0,16,富邦-高雄,2023-07-20,9659
3071,協禧,24,9,15,富邦-高雄,2023-07-20,9659
6770,力積電,36,22,14,富邦-高雄,2023-07-20,9659
00929,復華台灣科技優息,682,83,599,富邦-高雄,2023-07-21,9659
2357,華碩,215,12,203,富邦-高雄,2023-07-21,9659
2303,聯電,165,34,131,富邦-高雄,2023-07-21,9659
6274,台燿,113,18,95,富邦-高雄,2023-07-21,9659
00673R,期元大S＆P原油反1,100,7,93,富邦-高雄,2023-07-21,9659
5009,榮剛,92,1,91,富邦-高雄,2023-07-21,9659
2634,漢翔,108,29,79,富邦-高雄,2023-07-21,9659
2618,長榮航,94,24,70,富邦-高雄,2023-07-21,9659
00720B,元大投資級公司債,70,1,69,富邦-高雄,2023-07-21,9659
2884,玉山金,67,1,66,富邦-高雄,2023-07-21,9659
00772B,中信高評級公司債,56,0,56,富邦-高雄,2023-07-21,9659
2374,佳能,57,2,55,富邦-高雄,2023-07-21,9659
4533,協易機,87,35,52,富邦-高雄,2023-07-21,9659
00680L,元大美債20正2,47,0,47,富邦-高雄,2023-07-21,9659
2609,陽明,83,38,45,富邦-高雄,2023-07-21,9659
3037,欣興,62,21,41,富邦-高雄,2023-07-21,9659
2402,毅嘉,50,9,41,富邦-高雄,2023-07-21,9659
3581,博磊,44,4,40,富邦-高雄,2023-07-21,9659
2885,元大金,42,2,40,富邦-高雄,2023-07-21,9659
00893,國泰智能電動車,45,6,39,富邦-高雄,2023-07-21,9659
2330,台積電,57,18,39,富邦-高雄,2023-07-21,9659
3481,群創,70,31,39,富邦-高雄,2023-07-21,9659
2630,亞航,109,71,38,富邦-高雄,2023-07-21,9659
2478,大毅,37,0,37,富邦-高雄,2023-07-21,9659
8039,台虹,36,0,36,富邦-高雄,2023-07-21,9659
00888,永豐台灣ESG,35,0,35,富邦-高雄,2023-07-21,9659
1102,亞泥,35,0,35,富邦-高雄,2023-07-21,9659
1218,泰山,35,0,35,富邦-高雄,2023-07-21,9659
00671R,富邦NASDAQ反1,35,0,35,富邦-高雄,2023-07-21,9659
6589,台康生技,36,1,35,富邦-高雄,2023-07-21,9659
1513,中興電,179,145,34,富邦-高雄,2023-07-21,9659
00751B,元大AAA至A公司債,33,0,33,富邦-高雄,2023-07-21,9659
5258,虹堡,95,63,32,富邦-高雄,2023-07-21,9659
2801,彰銀,33,1,32,富邦-高雄,2023-07-21,9659
1605,華新,40,8,32,富邦-高雄,2023-07-21,9659
2228,劍麟,31,0,31,富邦-高雄,2023-07-21,9659
1308,亞聚,30,0,30,富邦-高雄,2023-07-21,9659
00725B,國泰投資級公司債,30,0,30,富邦-高雄,2023-07-21,9659
00679B,元大美債20年,29,0,29,富邦-高雄,2023-07-21,9659
00670L,富邦NASDAQ正2,27,0,27,富邦-高雄,2023-07-21,9659
5202,力新,27,0,27,富邦-高雄,2023-07-21,9659
3363,上詮,42,16,26,富邦-高雄,2023-07-21,9659
00895,富邦未來車,41,16,25,富邦-高雄,2023-07-21,9659
3483,力致,27,2,25,富邦-高雄,2023-07-21,9659
5210,寶碩,24,0,24,富邦-高雄,2023-07-21,9659
3062,建漢,22,0,22,富邦-高雄,2023-07-21,9659
2458,義隆,26,4,22,富邦-高雄,2023-07-21,9659
2883,凱基金,83,63,20,富邦-高雄,2023-07-21,9659
2610,華航,87,67,20,富邦-高雄,2023-07-21,9659
1524,耿鼎,20,0,20,富邦-高雄,2023-07-21,9659
3037,欣興,245,48,197,富邦-高雄,2023-07-24,9659
2425,承啟,178,16,162,富邦-高雄,2023-07-24,9659
3483,力致,162,1,161,富邦-高雄,2023-07-24,9659
2340,台亞,107,5,102,富邦-高雄,2023-07-24,9659
00929,復華台灣科技優息,105,5,100,富邦-高雄,2023-07-24,9659
3481,群創,98,7,91,富邦-高雄,2023-07-24,9659
00720B,元大投資級公司債,124,35,89,富邦-高雄,2023-07-24,9659
2303,聯電,103,15,88,富邦-高雄,2023-07-24,9659
2356,英業達,254,177,77,富邦-高雄,2023-07-24,9659
2461,光群雷,209,138,71,富邦-高雄,2023-07-24,9659
2855,統一證,70,2,68,富邦-高雄,2023-07-24,9659
2353,宏��,121,54,67,富邦-高雄,2023-07-24,9659
2352,佳世達,69,4,65,富邦-高雄,2023-07-24,9659
3013,晟銘電,126,64,62,富邦-高雄,2023-07-24,9659
4526,東台,60,0,60,富邦-高雄,2023-07-24,9659
2890,永豐金,62,3,59,富邦-高雄,2023-07-24,9659
2324,仁寶,85,37,48,富邦-高雄,2023-07-24,9659
3231,緯創,81,35,46,富邦-高雄,2023-07-24,9659
00712,復華富時不動產,46,0,46,富邦-高雄,2023-07-24,9659
3356,奇偶,45,2,43,富邦-高雄,2023-07-24,9659
5347,世界,61,20,41,富邦-高雄,2023-07-24,9659
1609,大亞,199,161,38,富邦-高雄,2023-07-24,9659
2887,台新金,38,1,37,富邦-高雄,2023-07-24,9659
2882,國泰金,31,0,31,富邦-高雄,2023-07-24,9659
2409,友達,34,3,31,富邦-高雄,2023-07-24,9659
3702,大聯大,38,8,30,富邦-高雄,2023-07-24,9659
3338,泰碩,105,75,30,富邦-高雄,2023-07-24,9659
2618,長榮航,62,32,30,富邦-高雄,2023-07-24,9659
4105,東洋,30,0,30,富邦-高雄,2023-07-24,9659
6194,育富,30,0,30,富邦-高雄,2023-07-24,9659
4919,新唐,31,1,30,富邦-高雄,2023-07-24,9659
8039,台虹,29,0,29,富邦-高雄,2023-07-24,9659
00927,群益半導體收益,27,0,27,富邦-高雄,2023-07-24,9659
6770,力積電,34,7,27,富邦-高雄,2023-07-24,9659
3071,協禧,36,10,26,富邦-高雄,2023-07-24,9659
4746,台耀,46,20,26,富邦-高雄,2023-07-24,9659
00850,元大臺灣ESG永續,28,2,26,富邦-高雄,2023-07-24,9659
00772B,中信高評級公司債,47,21,26,富邦-高雄,2023-07-24,9659
1102,亞泥,27,2,25,富邦-高雄,2023-07-24,9659
2607,榮運,25,0,25,富邦-高雄,2023-07-24,9659
8086,宏捷科,29,4,25,富邦-高雄,2023-07-24,9659
1605,華新,32,8,24,富邦-高雄,2023-07-24,9659
6112,邁達特,31,7,24,富邦-高雄,2023-07-24,9659
5014,建錩,23,0,23,富邦-高雄,2023-07-24,9659
3324,雙鴻,42,20,22,富邦-高雄,2023-07-24,9659
00795B,中信美國公債20年,22,0,22,富邦-高雄,2023-07-24,9659
1513,中興電,109,87,22,富邦-高雄,2023-07-24,9659
2881,富邦金,28,6,22,富邦-高雄,2023-07-24,9659
1504,東元,53,33,20,富邦-高雄,2023-07-24,9659
5439,高技,26,6,20,富邦-高雄,2023-07-24,9659
2356,英業達,477,103,374,富邦-高雄,2023-07-25,9659
1101,台泥,223,50,173,富邦-高雄,2023-07-25,9659
00795B,中信美國公債20年,120,0,120,富邦-高雄,2023-07-25,9659
2301,光寶科,223,104,119,富邦-高雄,2023-07-25,9659
00673R,期元大S＆P原油反1,153,36,117,富邦-高雄,2023-07-25,9659
00720B,元大投資級公司債,119,10,109,富邦-高雄,2023-07-25,9659
2353,宏��,124,21,103,富邦-高雄,2023-07-25,9659
00712,復華富時不動產,102,2,100,富邦-高雄,2023-07-25,9659
2340,台亞,124,29,95,富邦-高雄,2023-07-25,9659
3702,大聯大,69,2,67,富邦-高雄,2023-07-25,9659
00679B,元大美債20年,72,5,67,富邦-高雄,2023-07-25,9659
00662,富邦NASDAQ,61,0,61,富邦-高雄,2023-07-25,9659
1605,華新,73,13,60,富邦-高雄,2023-07-25,9659
5511,德昌,50,0,50,富邦-高雄,2023-07-25,9659
2312,金寶,68,19,49,富邦-高雄,2023-07-25,9659
3105,穩懋,50,3,47,富邦-高雄,2023-07-25,9659
00929,復華台灣科技優息,119,73,46,富邦-高雄,2023-07-25,9659
2547,日勝生,46,0,46,富邦-高雄,2023-07-25,9659
8155,博智,54,10,44,富邦-高雄,2023-07-25,9659
8234,新漢,145,102,43,富邦-高雄,2023-07-25,9659
2002,中鋼,51,10,41,富邦-高雄,2023-07-25,9659
5014,建錩,40,2,38,富邦-高雄,2023-07-25,9659
2382,廣達,185,149,36,富邦-高雄,2023-07-25,9659
00632R,元大台灣50反1,241,205,36,富邦-高雄,2023-07-25,9659
6584,南俊國際,46,11,35,富邦-高雄,2023-07-25,9659
2887,台新金,34,1,33,富邦-高雄,2023-07-25,9659
2883,凱基金,32,0,32,富邦-高雄,2023-07-25,9659
4938,和碩,67,36,31,富邦-高雄,2023-07-25,9659
00687B,國泰20年美債,33,2,31,富邦-高雄,2023-07-25,9659
00650L,復華香港正2,30,0,30,富邦-高雄,2023-07-25,9659
2884,玉山金,47,20,27,富邦-高雄,2023-07-25,9659
2354,鴻準,66,39,27,富邦-高雄,2023-07-25,9659
00725B,國泰投資級公司債,24,0,24,富邦-高雄,2023-07-25,9659
2383,台光電,28,5,23,富邦-高雄,2023-07-25,9659
3481,群創,76,54,22,富邦-高雄,2023-07-25,9659
8996,高力,38,17,21,富邦-高雄,2023-07-25,9659
5452,佶優,25,5,20,富邦-高雄,2023-07-25,9659
2610,華航,42,22,20,富邦-高雄,2023-07-25,9659
00882,中信中國高股息,32,12,20,富邦-高雄,2023-07-25,9659
3689,湧德,29,9,20,富邦-高雄,2023-07-25,9659
3710,連展投控,20,0,20,富邦-高雄,2023-07-25,9659
3356,奇偶,21,1,20,富邦-高雄,2023-07-25,9659
1618,合機,42,23,19,富邦-高雄,2023-07-25,9659
4974,亞泰,20,2,18,富邦-高雄,2023-07-25,9659
2603,長榮,46,29,17,富邦-高雄,2023-07-25,9659
6122,擎邦,18,1,17,富邦-高雄,2023-07-25,9659
2882,國泰金,28,11,17,富邦-高雄,2023-07-25,9659
2352,佳世達,34,18,16,富邦-高雄,2023-07-25,9659
3231,緯創,40,24,16,富邦-高雄,2023-07-25,9659
3450,聯鈞,31,15,16,富邦-高雄,2023-07-25,9659
00929,復華台灣科技優息,243,24,219,富邦-高雄,2023-07-26,9659
2382,廣達,298,136,162,富邦-高雄,2023-07-26,9659
00673R,期元大S＆P原油反1,120,3,117,富邦-高雄,2023-07-26,9659
00706L,期元大S＆P日圓正2,110,0,110,富邦-高雄,2023-07-26,9659
2340,台亞,222,114,108,富邦-高雄,2023-07-26,9659
2618,長榮航,133,34,99,富邦-高雄,2023-07-26,9659
3037,欣興,154,61,93,富邦-高雄,2023-07-26,9659
00712,復華富時不動產,98,6,92,富邦-高雄,2023-07-26,9659
2883,凱基金,108,27,81,富邦-高雄,2023-07-26,9659
00772B,中信高評級公司債,69,0,69,富邦-高雄,2023-07-26,9659
1504,東元,135,68,67,富邦-高雄,2023-07-26,9659
3059,華晶科,64,4,60,富邦-高雄,2023-07-26,9659
6213,聯茂,174,123,51,富邦-高雄,2023-07-26,9659
00927,群益半導體收益,50,0,50,富邦-高雄,2023-07-26,9659
00720B,元大投資級公司債,57,10,47,富邦-高雄,2023-07-26,9659
3105,穩懋,45,1,44,富邦-高雄,2023-07-26,9659
6188,廣明,91,48,43,富邦-高雄,2023-07-26,9659
00715L,期街口布蘭特正2,48,7,41,富邦-高雄,2023-07-26,9659
00930,永豐ESG低碳高息,39,1,38,富邦-高雄,2023-07-26,9659
912000,晨訊科-DR,36,0,36,富邦-高雄,2023-07-26,9659
2891,中信金,46,11,35,富邦-高雄,2023-07-26,9659
2002,中鋼,39,6,33,富邦-高雄,2023-07-26,9659
6117,迎廣,47,14,33,富邦-高雄,2023-07-26,9659
2851,中再保,33,1,32,富邦-高雄,2023-07-26,9659
2303,聯電,32,2,30,富邦-高雄,2023-07-26,9659
1227,佳格,30,0,30,富邦-高雄,2023-07-26,9659
2610,華航,56,26,30,富邦-高雄,2023-07-26,9659
6125,廣運,89,61,28,富邦-高雄,2023-07-26,9659
6275,元山,50,22,28,富邦-高雄,2023-07-26,9659
5511,德昌,25,0,25,富邦-高雄,2023-07-26,9659
3029,零壹,31,6,25,富邦-高雄,2023-07-26,9659
1440,南紡,22,0,22,富邦-高雄,2023-07-26,9659
3450,聯鈞,72,51,21,富邦-高雄,2023-07-26,9659
6126,信音,21,1,20,富邦-高雄,2023-07-26,9659
4746,台耀,51,31,20,富邦-高雄,2023-07-26,9659
1104,環泥,19,1,18,富邦-高雄,2023-07-26,9659
1903,士紙,26,7,19,富邦-高雄,2023-07-26,9659
6589,台康生技,18,0,18,富邦-高雄,2023-07-26,9659
1609,大亞,32,14,18,富邦-高雄,2023-07-26,9659
8358,金居,66,49,17,富邦-高雄,2023-07-26,9659
3499,環天科,17,0,17,富邦-高雄,2023-07-26,9659
2383,台光電,30,14,16,富邦-高雄,2023-07-26,9659
2369,菱生,16,0,16,富邦-高雄,2023-07-26,9659
6142,友勁,16,0,16,富邦-高雄,2023-07-26,9659
00882,中信中國高股息,26,10,16,富邦-高雄,2023-07-26,9659
1471,首利,19,4,15,富邦-高雄,2023-07-26,9659
4114,健喬,15,0,15,富邦-高雄,2023-07-26,9659
8038,長園科,15,0,15,富邦-高雄,2023-07-26,9659
2637,慧洋-KY,15,0,15,富邦-高雄,2023-07-26,9659
00751B,元大AAA至A公司債,18,3,15,富邦-高雄,2023-07-26,9659
00632R,元大台灣50反1,166,3,163,富邦-高雄,2023-07-27,9659
1904,正隆,196,43,153,富邦-高雄,2023-07-27,9659
6223,旺矽,152,4,148,富邦-高雄,2023-07-27,9659
6282,康舒,330,198,132,富邦-高雄,2023-07-27,9659
00706L,期元大S＆P日圓正2,130,0,130,富邦-高雄,2023-07-27,9659
4533,協易機,184,60,124,富邦-高雄,2023-07-27,9659
00712,復華富時不動產,121,3,118,富邦-高雄,2023-07-27,9659
2913,農林,128,41,87,富邦-高雄,2023-07-27,9659
6167,久正,80,0,80,富邦-高雄,2023-07-27,9659
00679B,元大美債20年,79,2,77,富邦-高雄,2023-07-27,9659
2883,凱基金,78,20,58,富邦-高雄,2023-07-27,9659
8234,新漢,90,35,55,富邦-高雄,2023-07-27,9659
1440,南紡,53,0,53,富邦-高雄,2023-07-27,9659
00720B,元大投資級公司債,49,0,49,富邦-高雄,2023-07-27,9659
00902,中信電池及儲能,43,1,42,富邦-高雄,2023-07-27,9659
2891,中信金,47,7,40,富邦-高雄,2023-07-27,9659
2606,裕民,47,7,40,富邦-高雄,2023-07-27,9659
2002,中鋼,40,3,37,富邦-高雄,2023-07-27,9659
00885,富邦越南,62,27,35,富邦-高雄,2023-07-27,9659
00673R,期元大S＆P原油反1,38,4,34,富邦-高雄,2023-07-27,9659
2603,長榮,41,8,33,富邦-高雄,2023-07-27,9659
3693,營邦,63,30,33,富邦-高雄,2023-07-27,9659
4961,天鈺,35,2,33,富邦-高雄,2023-07-27,9659
2884,玉山金,34,2,32,富邦-高雄,2023-07-27,9659
2887,台新金,44,12,32,富邦-高雄,2023-07-27,9659
3231,緯創,47,14,33,富邦-高雄,2023-07-27,9659
00650L,復華香港正2,29,0,29,富邦-高雄,2023-07-27,9659
1504,東元,45,16,29,富邦-高雄,2023-07-27,9659
1217,愛之味,26,1,25,富邦-高雄,2023-07-27,9659
6016,康和證,30,5,25,富邦-高雄,2023-07-27,9659
00923,群益台ESG低碳50,26,3,23,富邦-高雄,2023-07-27,9659
2890,永豐金,32,9,23,富邦-高雄,2023-07-27,9659
1101,台泥,32,9,23,富邦-高雄,2023-07-27,9659
3044,健鼎,32,9,23,富邦-高雄,2023-07-27,9659
3306,鼎天,30,8,22,富邦-高雄,2023-07-27,9659
2609,陽明,36,15,21,富邦-高雄,2023-07-27,9659
5425,台半,22,1,21,富邦-高雄,2023-07-27,9659
3013,晟銘電,32,12,20,富邦-高雄,2023-07-27,9659
4188,安克,21,1,20,富邦-高雄,2023-07-27,9659
1609,大亞,66,46,20,富邦-高雄,2023-07-27,9659
6015,宏遠證,28,9,19,富邦-高雄,2023-07-27,9659
00878,國泰永續高股息,94,76,18,富邦-高雄,2023-07-27,9659
2330,台積電,30,12,18,富邦-高雄,2023-07-27,9659
8201,無敵,21,4,17,富邦-高雄,2023-07-27,9659
2489,瑞軒,18,1,17,富邦-高雄,2023-07-27,9659
6531,愛普*,54,37,17,富邦-高雄,2023-07-27,9659
6188,廣明,46,30,16,富邦-高雄,2023-07-27,9659
2356,英業達,49,33,16,富邦-高雄,2023-07-27,9659
00753L,中信中國50正2,20,4,16,富邦-高雄,2023-07-27,9659
5201,凱衛,16,0,16,富邦-高雄,2023-07-27,9659
2913,農林,506,115,391,富邦-高雄,2023-07-28,9659
00680L,元大美債20正2,333,0,333,富邦-高雄,2023-07-28,9659
2888,新光金,329,42,287,富邦-高雄,2023-07-28,9659
3231,緯創,415,195,220,富邦-高雄,2023-07-28,9659
3092,鴻碩,166,7,159,富邦-高雄,2023-07-28,9659
00679B,元大美債20年,172,22,150,富邦-高雄,2023-07-28,9659
2610,華航,131,11,120,富邦-高雄,2023-07-28,9659
2357,華碩,149,38,111,富邦-高雄,2023-07-28,9659
2618,長榮航,125,15,110,富邦-高雄,2023-07-28,9659
1907,永豐餘,122,41,81,富邦-高雄,2023-07-28,9659
3037,欣興,102,30,72,富邦-高雄,2023-07-28,9659
6282,康舒,299,238,61,富邦-高雄,2023-07-28,9659
2027,大成鋼,71,13,58,富邦-高雄,2023-07-28,9659
00650L,復華香港正2,56,0,56,富邦-高雄,2023-07-28,9659
2834,臺企銀,93,37,56,富邦-高雄,2023-07-28,9659
1802,台玻,67,14,53,富邦-高雄,2023-07-28,9659
6223,旺矽,72,19,53,富邦-高雄,2023-07-28,9659
2409,友達,142,91,51,富邦-高雄,2023-07-28,9659
00751B,元大AAA至A公司債,75,25,50,富邦-高雄,2023-07-28,9659
00687B,國泰20年美債,64,15,49,富邦-高雄,2023-07-28,9659
5014,建錩,50,1,49,富邦-高雄,2023-07-28,9659
2329,華泰,207,158,49,富邦-高雄,2023-07-28,9659
1609,大亞,51,3,48,富邦-高雄,2023-07-28,9659
4961,天鈺,82,38,44,富邦-高雄,2023-07-28,9659
00669R,國泰美國道瓊反1,38,0,38,富邦-高雄,2023-07-28,9659
1513,中興電,52,15,37,富邦-高雄,2023-07-28,9659
1440,南紡,37,0,37,富邦-高雄,2023-07-28,9659
2002,中鋼,43,10,33,富邦-高雄,2023-07-28,9659
6116,彩晶,34,2,32,富邦-高雄,2023-07-28,9659
2883,凱基金,56,25,31,富邦-高雄,2023-07-28,9659
2609,陽明,86,55,31,富邦-高雄,2023-07-28,9659
1905,華紙,381,352,29,富邦-高雄,2023-07-28,9659
00673R,期元大S＆P原油反1,45,16,29,富邦-高雄,2023-07-28,9659
00720B,元大投資級公司債,62,35,27,富邦-高雄,2023-07-28,9659
2206,三陽工業,29,2,27,富邦-高雄,2023-07-28,9659
8085,福華,34,11,23,富邦-高雄,2023-07-28,9659
6603,富強鑫,22,0,22,富邦-高雄,2023-07-28,9659
00891,中信關鍵半導體,20,0,20,富邦-高雄,2023-07-28,9659
9105,泰金寶-DR,20,0,20,富邦-高雄,2023-07-28,9659
00715L,期街口布蘭特正2,25,5,20,富邦-高雄,2023-07-28,9659
2489,瑞軒,22,4,18,富邦-高雄,2023-07-28,9659
00795B,中信美國公債20年,37,20,17,富邦-高雄,2023-07-28,9659
3706,神達,30,14,16,富邦-高雄,2023-07-28,9659
8050,廣積,71,55,16,富邦-高雄,2023-07-28,9659
1305,華夏,39,23,16,富邦-高雄,2023-07-28,9659
2867,三商壽,19,3,16,富邦-高雄,2023-07-28,9659
00665L,富邦�琤肭磪囓�2,77,62,15,富邦-高雄,2023-07-28,9659
2022,聚亨,15,0,15,富邦-高雄,2023-07-28,9659
5425,台半,17,2,15,富邦-高雄,2023-07-28,9659
5706,鳳凰,40,26,14,富邦-高雄,2023-07-28,9659
2891,中信金,4411,11,4400,富邦-高雄,2023-07-31,9659
2801,彰銀,1016,0,1016,富邦-高雄,2023-07-31,9659
00637L,元大滬深300正2,490,159,331,富邦-高雄,2023-07-31,9659
6116,彩晶,256,5,251,富邦-高雄,2023-07-31,9659
2913,農林,329,88,241,富邦-高雄,2023-07-31,9659
6282,康舒,483,317,166,富邦-高雄,2023-07-31,9659
1815,富喬,131,35,96,富邦-高雄,2023-07-31,9659
3583,辛耘,113,21,92,富邦-高雄,2023-07-31,9659
2329,華泰,204,113,91,富邦-高雄,2023-07-31,9659
5258,虹堡,112,33,79,富邦-高雄,2023-07-31,9659
00897,富邦基因免疫生技,80,5,75,富邦-高雄,2023-07-31,9659
4956,光鋐,66,0,66,富邦-高雄,2023-07-31,9659
2409,友達,97,32,65,富邦-高雄,2023-07-31,9659
00687B,國泰20年美債,62,0,62,富邦-高雄,2023-07-31,9659
2883,凱基金,67,5,62,富邦-高雄,2023-07-31,9659
3114,好德,55,5,50,富邦-高雄,2023-07-31,9659
6015,宏遠證,61,12,49,富邦-高雄,2023-07-31,9659
3029,零壹,76,29,47,富邦-高雄,2023-07-31,9659
2002,中鋼,53,10,43,富邦-高雄,2023-07-31,9659
6603,富強鑫,43,0,43,富邦-高雄,2023-07-31,9659
0056,元大高股息,116,73,43,富邦-高雄,2023-07-31,9659
00706L,期元大S＆P日圓正2,62,20,42,富邦-高雄,2023-07-31,9659
6589,台康生技,42,0,42,富邦-高雄,2023-07-31,9659
1905,華紙,137,95,42,富邦-高雄,2023-07-31,9659
4979,華星光,61,21,40,富邦-高雄,2023-07-31,9659
3607,谷崧,40,0,40,富邦-高雄,2023-07-31,9659
2313,華通,37,0,37,富邦-高雄,2023-07-31,9659
2609,陽明,96,60,36,富邦-高雄,2023-07-31,9659
6285,啟��,39,5,34,富邦-高雄,2023-07-31,9659
2886,兆豐金,53,20,33,富邦-高雄,2023-07-31,9659
00907,永豐優息存股,33,0,33,富邦-高雄,2023-07-31,9659
2337,旺宏,33,3,30,富邦-高雄,2023-07-31,9659
2603,長榮,60,31,29,富邦-高雄,2023-07-31,9659
3260,威剛,30,1,29,富邦-高雄,2023-07-31,9659
2301,光寶科,157,130,27,富邦-高雄,2023-07-31,9659
00720B,元大投資級公司債,26,0,26,富邦-高雄,2023-07-31,9659
1773,勝一,29,3,26,富邦-高雄,2023-07-31,9659
00719B,元大美債1-3,25,0,25,富邦-高雄,2023-07-31,9659
5014,建錩,25,0,25,富邦-高雄,2023-07-31,9659
2352,佳世達,33,8,25,富邦-高雄,2023-07-31,9659
5425,台半,25,1,24,富邦-高雄,2023-07-31,9659
2402,毅嘉,87,63,24,富邦-高雄,2023-07-31,9659
00713,元大台灣高息低波,27,4,23,富邦-高雄,2023-07-31,9659
4968,立積,23,0,23,富邦-高雄,2023-07-31,9659
1514,亞力,24,1,23,富邦-高雄,2023-07-31,9659
6532,瑞耘,23,0,23,富邦-高雄,2023-07-31,9659
6024,群益期,23,0,23,富邦-高雄,2023-07-31,9659
4106,雃博,23,0,23,富邦-高雄,2023-07-31,9659
3078,僑威,31,9,22,富邦-高雄,2023-07-31,9659
2408,南亞科,24,2,22,富邦-高雄,2023-07-31,9659
00929,復華台灣科技優息,965,26,939,富邦-高雄,2023-08-01,9659
3092,鴻碩,395,102,293,富邦-高雄,2023-08-01,9659
2891,中信金,158,5,153,富邦-高雄,2023-08-01,9659
00687B,國泰20年美債,109,8,101,富邦-高雄,2023-08-01,9659
2913,農林,226,138,88,富邦-高雄,2023-08-01,9659
2609,陽明,87,8,79,富邦-高雄,2023-08-01,9659
3105,穩懋,82,4,78,富邦-高雄,2023-08-01,9659
1513,中興電,95,17,78,富邦-高雄,2023-08-01,9659
00673R,期元大S＆P原油反1,126,52,74,富邦-高雄,2023-08-01,9659
4306,炎洲,72,0,72,富邦-高雄,2023-08-01,9659
00878,國泰永續高股息,161,95,66,富邦-高雄,2023-08-01,9659
3591,艾笛森,60,3,57,富邦-高雄,2023-08-01,9659
2603,長榮,62,14,48,富邦-高雄,2023-08-01,9659
3011,今皓,49,1,48,富邦-高雄,2023-08-01,9659
3037,欣興,75,29,46,富邦-高雄,2023-08-01,9659
3033,威健,50,5,45,富邦-高雄,2023-08-01,9659
1802,台玻,73,30,43,富邦-高雄,2023-08-01,9659
2363,矽統,70,32,38,富邦-高雄,2023-08-01,9659
1720,生達,35,0,35,富邦-高雄,2023-08-01,9659
00712,復華富時不動產,38,4,34,富邦-高雄,2023-08-01,9659
2382,廣達,144,110,34,富邦-高雄,2023-08-01,9659
3706,神達,36,4,32,富邦-高雄,2023-08-01,9659
2464,盟立,31,0,31,富邦-高雄,2023-08-01,9659
912000,晨訊科-DR,29,0,29,富邦-高雄,2023-08-01,9659
00923,群益台ESG低碳50,28,0,28,富邦-高雄,2023-08-01,9659
2610,華航,46,20,26,富邦-高雄,2023-08-01,9659
00637L,元大滬深300正2,30,4,26,富邦-高雄,2023-08-01,9659
00772B,中信高評級公司債,38,12,26,富邦-高雄,2023-08-01,9659
1210,大成,60,36,24,富邦-高雄,2023-08-01,9659
2002,中鋼,30,6,24,富邦-高雄,2023-08-01,9659
2352,佳世達,40,18,22,富邦-高雄,2023-08-01,9659
6589,台康生技,25,4,21,富邦-高雄,2023-08-01,9659
3209,全科,21,0,21,富邦-高雄,2023-08-01,9659
6603,富強鑫,21,0,21,富邦-高雄,2023-08-01,9659
9105,泰金寶-DR,20,0,20,富邦-高雄,2023-08-01,9659
2867,三商壽,20,0,20,富邦-高雄,2023-08-01,9659
2344,華邦電,32,12,20,富邦-高雄,2023-08-01,9659
3714,富采,21,2,19,富邦-高雄,2023-08-01,9659
00795B,中信美國公債20年,17,0,17,富邦-高雄,2023-08-01,9659
00753L,中信中國50正2,28,12,16,富邦-高雄,2023-08-01,9659
2816,旺旺保,16,0,16,富邦-高雄,2023-08-01,9659
4904,遠傳,16,0,16,富邦-高雄,2023-08-01,9659
1904,正隆,18,2,16,富邦-高雄,2023-08-01,9659
5469,瀚宇博,17,1,16,富邦-高雄,2023-08-01,9659
2634,漢翔,16,1,15,富邦-高雄,2023-08-01,9659
6005,群益證,16,1,15,富邦-高雄,2023-08-01,9659
2323,中環,26,11,15,富邦-高雄,2023-08-01,9659
2027,大成鋼,15,0,15,富邦-高雄,2023-08-01,9659
00882,中信中國高股息,32,18,14,富邦-高雄,2023-08-01,9659
2313,華通,35,21,14,富邦-高雄,2023-08-01,9659
00929,復華台灣科技優息,376,49,327,富邦-高雄,2023-08-02,9659
2006,東和鋼鐵,252,6,246,富邦-高雄,2023-08-02,9659
6213,聯茂,253,13,240,富邦-高雄,2023-08-02,9659
00900,富邦特選高股息30,197,32,165,富邦-高雄,2023-08-02,9659
2618,長榮航,203,48,155,富邦-高雄,2023-08-02,9659
00878,國泰永續高股息,497,344,153,富邦-高雄,2023-08-02,9659
00679B,元大美債20年,154,7,147,富邦-高雄,2023-08-02,9659
2382,廣達,300,191,109,富邦-高雄,2023-08-02,9659
00720B,元大投資級公司債,104,0,104,富邦-高雄,2023-08-02,9659
3047,訊舟,100,0,100,富邦-高雄,2023-08-02,9659
6443,元晶,100,2,98,富邦-高雄,2023-08-02,9659
00673R,期元大S＆P原油反1,121,27,94,富邦-高雄,2023-08-02,9659
00637L,元大滬深300正2,114,24,90,富邦-高雄,2023-08-02,9659
4956,光鋐,84,0,84,富邦-高雄,2023-08-02,9659
3092,鴻碩,82,1,81,富邦-高雄,2023-08-02,9659
00885,富邦越南,165,84,81,富邦-高雄,2023-08-02,9659
00923,群益台ESG低碳50,97,19,78,富邦-高雄,2023-08-02,9659
0056,元大高股息,147,72,75,富邦-高雄,2023-08-02,9659
3231,緯創,191,117,74,富邦-高雄,2023-08-02,9659
6005,群益證,70,0,70,富邦-高雄,2023-08-02,9659
00680L,元大美債20正2,72,4,68,富邦-高雄,2023-08-02,9659
2383,台光電,118,52,66,富邦-高雄,2023-08-02,9659
2352,佳世達,85,21,64,富邦-高雄,2023-08-02,9659
2883,凱基金,206,145,61,富邦-高雄,2023-08-02,9659
1513,中興電,69,15,54,富邦-高雄,2023-08-02,9659
00633L,富邦上証正2,61,8,53,富邦-高雄,2023-08-02,9659
00687B,國泰20年美債,54,2,52,富邦-高雄,2023-08-02,9659
3481,群創,217,167,50,富邦-高雄,2023-08-02,9659
1313,聯成,49,1,48,富邦-高雄,2023-08-02,9659
2498,宏達電,54,7,47,富邦-高雄,2023-08-02,9659
2301,光寶科,70,28,42,富邦-高雄,2023-08-02,9659
00706L,期元大S＆P日圓正2,40,0,40,富邦-高雄,2023-08-02,9659
00751B,元大AAA至A公司債,39,0,39,富邦-高雄,2023-08-02,9659
1802,台玻,48,14,34,富邦-高雄,2023-08-02,9659
1605,華新,293,259,34,富邦-高雄,2023-08-02,9659
00725B,國泰投資級公司債,37,3,34,富邦-高雄,2023-08-02,9659
3706,神達,50,16,34,富邦-高雄,2023-08-02,9659
2323,中環,31,1,30,富邦-高雄,2023-08-02,9659
00665L,富邦�琤肭磪囓�2,30,0,30,富邦-高雄,2023-08-02,9659
6285,啟��,77,47,30,富邦-高雄,2023-08-02,9659
6799,來頡,31,2,29,富邦-高雄,2023-08-02,9659
1720,生達,60,31,29,富邦-高雄,2023-08-02,9659
2317,鴻海,38,10,28,富邦-高雄,2023-08-02,9659
00882,中信中國高股息,37,9,28,富邦-高雄,2023-08-02,9659
2609,陽明,55,28,27,富邦-高雄,2023-08-02,9659
3035,智原,31,5,26,富邦-高雄,2023-08-02,9659
2888,新光金,73,47,26,富邦-高雄,2023-08-02,9659
1608,華榮,33,7,26,富邦-高雄,2023-08-02,9659
3702,大聯大,25,0,25,富邦-高雄,2023-08-02,9659
00795B,中信美國公債20年,24,0,24,富邦-高雄,2023-08-02,9659
00665L,富邦�琤肭磪囓�2,766,0,766,富邦-高雄,2023-08-04,9659
2891,中信金,262,4,258,富邦-高雄,2023-08-04,9659
00720B,元大投資級公司債,217,0,217,富邦-高雄,2023-08-04,9659
00929,復華台灣科技優息,215,3,212,富邦-高雄,2023-08-04,9659
3231,緯創,561,388,173,富邦-高雄,2023-08-04,9659
00900,富邦特選高股息30,159,3,156,富邦-高雄,2023-08-04,9659
00679B,元大美債20年,161,14,147,富邦-高雄,2023-08-04,9659
00772B,中信高評級公司債,137,0,137,富邦-高雄,2023-08-04,9659
00687B,國泰20年美債,120,9,111,富邦-高雄,2023-08-04,9659
3005,神基,100,2,98,富邦-高雄,2023-08-04,9659
00751B,元大AAA至A公司債,91,3,88,富邦-高雄,2023-08-04,9659
2344,華邦電,128,43,85,富邦-高雄,2023-08-04,9659
00712,復華富時不動產,76,1,75,富邦-高雄,2023-08-04,9659
2006,東和鋼鐵,77,11,66,富邦-高雄,2023-08-04,9659
1605,華新,134,75,59,富邦-高雄,2023-08-04,9659
00680L,元大美債20正2,78,20,58,富邦-高雄,2023-08-04,9659
00878,國泰永續高股息,254,197,57,富邦-高雄,2023-08-04,9659
1785,光洋科,69,16,53,富邦-高雄,2023-08-04,9659
1305,華夏,54,2,52,富邦-高雄,2023-08-04,9659
00725B,國泰投資級公司債,53,2,51,富邦-高雄,2023-08-04,9659
00795B,中信美國公債20年,49,0,49,富邦-高雄,2023-08-04,9659
1905,華紙,69,25,44,富邦-高雄,2023-08-04,9659
00764B,群益25年美債,40,0,40,富邦-高雄,2023-08-04,9659
5511,德昌,43,7,36,富邦-高雄,2023-08-04,9659
00722B,群益投資級電信債,34,0,34,富邦-高雄,2023-08-04,9659
00696B,富邦美債20年,33,0,33,富邦-高雄,2023-08-04,9659
00715L,期街口布蘭特正2,35,2,33,富邦-高雄,2023-08-04,9659
1313,聯成,36,4,32,富邦-高雄,2023-08-04,9659
00885,富邦越南,95,64,31,富邦-高雄,2023-08-04,9659
4746,台耀,41,11,30,富邦-高雄,2023-08-04,9659
8210,勤誠,31,1,30,富邦-高雄,2023-08-04,9659
6874,倍力,43,16,27,富邦-高雄,2023-08-04,9659
2801,彰銀,26,0,26,富邦-高雄,2023-08-04,9659
8215,明基材,38,13,25,富邦-高雄,2023-08-04,9659
2368,金像電,107,84,23,富邦-高雄,2023-08-04,9659
3706,神達,113,91,22,富邦-高雄,2023-08-04,9659
2618,長榮航,36,15,21,富邦-高雄,2023-08-04,9659
00882,中信中國高股息,32,12,20,富邦-高雄,2023-08-04,9659
2357,華碩,23,3,20,富邦-高雄,2023-08-04,9659
2886,兆豐金,27,7,20,富邦-高雄,2023-08-04,9659
2206,三陽工業,32,13,19,富邦-高雄,2023-08-04,9659
2855,統一證,19,0,19,富邦-高雄,2023-08-04,9659
1314,中石化,20,2,18,富邦-高雄,2023-08-04,9659
1216,統一,18,2,16,富邦-高雄,2023-08-04,9659
2031,新光鋼,16,0,16,富邦-高雄,2023-08-04,9659
00773B,中信優先金融債,15,0,15,富邦-高雄,2023-08-04,9659
00650L,復華香港正2,15,0,15,富邦-高雄,2023-08-04,9659
3362,先進光,15,0,15,富邦-高雄,2023-08-04,9659
5340,建榮,15,0,15,富邦-高雄,2023-08-04,9659
00923,群益台ESG低碳50,21,6,15,富邦-高雄,2023-08-04,9659
00931B,統一美債20年,163,0,163,富邦-高雄,2023-08-07,9659
2913,農林,184,74,110,富邦-高雄,2023-08-07,9659
3037,欣興,121,15,106,富邦-高雄,2023-08-07,9659
2812,台中銀,102,1,101,富邦-高雄,2023-08-07,9659
2891,中信金,104,4,100,富邦-高雄,2023-08-07,9659
4113,聯上,180,85,95,富邦-高雄,2023-08-07,9659
2465,麗臺,88,0,88,富邦-高雄,2023-08-07,9659
00929,復華台灣科技優息,130,46,84,富邦-高雄,2023-08-07,9659
3515,華擎,82,1,81,富邦-高雄,2023-08-07,9659
2353,宏��,83,15,68,富邦-高雄,2023-08-07,9659
00679B,元大美債20年,67,0,67,富邦-高雄,2023-08-07,9659
2603,長榮,103,37,66,富邦-高雄,2023-08-07,9659
00751B,元大AAA至A公司債,67,2,65,富邦-高雄,2023-08-07,9659
2359,所羅門,61,2,59,富邦-高雄,2023-08-07,9659
2317,鴻海,65,10,55,富邦-高雄,2023-08-07,9659
1513,中興電,78,25,53,富邦-高雄,2023-08-07,9659
00882,中信中國高股息,53,11,42,富邦-高雄,2023-08-07,9659
00878,國泰永續高股息,107,66,41,富邦-高雄,2023-08-07,9659
3044,健鼎,50,16,34,富邦-高雄,2023-08-07,9659
2618,長榮航,76,44,32,富邦-高雄,2023-08-07,9659
8215,明基材,36,6,30,富邦-高雄,2023-08-07,9659
2357,華碩,32,4,28,富邦-高雄,2023-08-07,9659
00637L,元大滬深300正2,37,9,28,富邦-高雄,2023-08-07,9659
2610,華航,42,14,28,富邦-高雄,2023-08-07,9659
2882,國泰金,30,2,28,富邦-高雄,2023-08-07,9659
3362,先進光,30,3,27,富邦-高雄,2023-08-07,9659
5425,台半,24,0,24,富邦-高雄,2023-08-07,9659
6005,群益證,25,1,24,富邦-高雄,2023-08-07,9659
00712,復華富時不動產,30,7,23,富邦-高雄,2023-08-07,9659
3706,神達,115,92,23,富邦-高雄,2023-08-07,9659
2356,英業達,119,97,22,富邦-高雄,2023-08-07,9659
6189,豐藝,20,0,20,富邦-高雄,2023-08-07,9659
2303,聯電,39,19,20,富邦-高雄,2023-08-07,9659
3689,湧德,32,12,20,富邦-高雄,2023-08-07,9659
6505,台塑化,20,0,20,富邦-高雄,2023-08-07,9659
1326,台化,21,2,19,富邦-高雄,2023-08-07,9659
5009,榮剛,50,31,19,富邦-高雄,2023-08-07,9659
2885,元大金,20,2,18,富邦-高雄,2023-08-07,9659
4763,材料-KY,24,6,18,富邦-高雄,2023-08-07,9659
3207,耀勝,18,0,18,富邦-高雄,2023-08-07,9659
00720B,元大投資級公司債,19,1,18,富邦-高雄,2023-08-07,9659
4927,泰鼎-KY,21,4,17,富邦-高雄,2023-08-07,9659
00923,群益台ESG低碳50,17,0,17,富邦-高雄,2023-08-07,9659
6209,今國光,17,0,17,富邦-高雄,2023-08-07,9659
6117,迎廣,17,0,17,富邦-高雄,2023-08-07,9659
6589,台康生技,17,0,17,富邦-高雄,2023-08-07,9659
00715L,期街口布蘭特正2,30,13,17,富邦-高雄,2023-08-07,9659
00907,永豐優息存股,16,0,16,富邦-高雄,2023-08-07,9659
4904,遠傳,16,0,16,富邦-高雄,2023-08-07,9659
5347,世界,22,6,16,富邦-高雄,2023-08-07,9659
00878,國泰永續高股息,4988,91,4897,富邦-高雄,2023-08-08,9659
00929,復華台灣科技優息,341,46,295,富邦-高雄,2023-08-08,9659
00900,富邦特選高股息30,241,8,233,富邦-高雄,2023-08-08,9659
00665L,富邦�琤肭磪囓�2,131,0,131,富邦-高雄,2023-08-08,9659
3231,緯創,597,476,121,富邦-高雄,2023-08-08,9659
00931B,統一美債20年,83,0,83,富邦-高雄,2023-08-08,9659
2356,英業達,177,100,77,富邦-高雄,2023-08-08,9659
8085,福華,76,0,76,富邦-高雄,2023-08-08,9659
2801,彰銀,67,0,67,富邦-高雄,2023-08-08,9659
2834,臺企銀,63,12,51,富邦-高雄,2023-08-08,9659
00923,群益台ESG低碳50,47,0,47,富邦-高雄,2023-08-08,9659
2383,台光電,53,9,44,富邦-高雄,2023-08-08,9659
2388,威盛,46,5,41,富邦-高雄,2023-08-08,9659
3706,神達,137,98,39,富邦-高雄,2023-08-08,9659
3325,旭品,43,6,37,富邦-高雄,2023-08-08,9659
6005,群益證,36,0,36,富邦-高雄,2023-08-08,9659
6139,亞翔,39,4,35,富邦-高雄,2023-08-08,9659
2442,新美齊,35,1,34,富邦-高雄,2023-08-08,9659
00927,群益半導體收益,31,0,31,富邦-高雄,2023-08-08,9659
00891,中信關鍵半導體,30,0,30,富邦-高雄,2023-08-08,9659
1784,訊聯,32,2,30,富邦-高雄,2023-08-08,9659
8942,森鉅,50,20,30,富邦-高雄,2023-08-08,9659
2303,聯電,46,16,30,富邦-高雄,2023-08-08,9659
6672,騰輝電子-KY,30,1,29,富邦-高雄,2023-08-08,9659
5258,虹堡,29,0,29,富邦-高雄,2023-08-08,9659
2886,兆豐金,27,1,26,富邦-高雄,2023-08-08,9659
2349,錸德,26,0,26,富邦-高雄,2023-08-08,9659
1217,愛之味,26,1,25,富邦-高雄,2023-08-08,9659
2884,玉山金,26,2,24,富邦-高雄,2023-08-08,9659
2890,永豐金,25,2,23,富邦-高雄,2023-08-08,9659
00772B,中信高評級公司債,28,5,23,富邦-高雄,2023-08-08,9659
2382,廣達,132,109,23,富邦-高雄,2023-08-08,9659
1513,中興電,36,15,21,富邦-高雄,2023-08-08,9659
2002,中鋼,29,8,21,富邦-高雄,2023-08-08,9659
1440,南紡,21,0,21,富邦-高雄,2023-08-08,9659
2359,所羅門,21,0,21,富邦-高雄,2023-08-08,9659
3092,鴻碩,21,1,20,富邦-高雄,2023-08-08,9659
3033,威健,20,0,20,富邦-高雄,2023-08-08,9659
2352,佳世達,43,23,20,富邦-高雄,2023-08-08,9659
1504,東元,22,2,20,富邦-高雄,2023-08-08,9659
00753L,中信中國50正2,19,0,19,富邦-高雄,2023-08-08,9659
3324,雙鴻,89,70,19,富邦-高雄,2023-08-08,9659
2892,第一金,18,0,18,富邦-高雄,2023-08-08,9659
5289,宜鼎,20,2,18,富邦-高雄,2023-08-08,9659
2330,台積電,19,1,18,富邦-高雄,2023-08-08,9659
00679B,元大美債20年,22,4,18,富邦-高雄,2023-08-08,9659
8046,南電,19,2,17,富邦-高雄,2023-08-08,9659
1101,台泥,16,0,16,富邦-高雄,2023-08-08,9659
2845,遠東銀,16,0,16,富邦-高雄,2023-08-08,9659
4934,太極,17,1,16,富邦-高雄,2023-08-08,9659
00929,復華台灣科技優息,781,8,773,富邦-高雄,2023-08-09,9659
00632R,元大台灣50反1,410,13,397,富邦-高雄,2023-08-09,9659
00900,富邦特選高股息30,225,7,218,富邦-高雄,2023-08-09,9659
2465,麗臺,184,5,179,富邦-高雄,2023-08-09,9659
00706L,期元大S＆P日圓正2,150,0,150,富邦-高雄,2023-08-09,9659
2891,中信金,125,2,123,富邦-高雄,2023-08-09,9659
5439,高技,112,15,97,富邦-高雄,2023-08-09,9659
2888,新光金,109,31,78,富邦-高雄,2023-08-09,9659
00931B,統一美債20年,75,2,73,富邦-高雄,2023-08-09,9659
6005,群益證,61,1,60,富邦-高雄,2023-08-09,9659
8210,勤誠,68,14,54,富邦-高雄,2023-08-09,9659
2002,中鋼,85,36,49,富邦-高雄,2023-08-09,9659
6274,台燿,81,33,48,富邦-高雄,2023-08-09,9659
6589,台康生技,47,0,47,富邦-高雄,2023-08-09,9659
00885,富邦越南,60,14,46,富邦-高雄,2023-08-09,9659
00923,群益台ESG低碳50,44,0,44,富邦-高雄,2023-08-09,9659
1795,美時,55,14,41,富邦-高雄,2023-08-09,9659
3617,碩天,40,1,39,富邦-高雄,2023-08-09,9659
6770,力積電,37,0,37,富邦-高雄,2023-08-09,9659
2885,元大金,36,2,34,富邦-高雄,2023-08-09,9659
00680L,元大美債20正2,34,1,33,富邦-高雄,2023-08-09,9659
1513,中興電,50,20,30,富邦-高雄,2023-08-09,9659
00751B,元大AAA至A公司債,25,0,25,富邦-高雄,2023-08-09,9659
2206,三陽工業,61,37,24,富邦-高雄,2023-08-09,9659
2634,漢翔,56,33,23,富邦-高雄,2023-08-09,9659
1440,南紡,26,3,23,富邦-高雄,2023-08-09,9659
00907,永豐優息存股,23,0,23,富邦-高雄,2023-08-09,9659
6531,愛普*,48,26,22,富邦-高雄,2023-08-09,9659
5014,建錩,21,0,21,富邦-高雄,2023-08-09,9659
4167,松瑞藥,20,0,20,富邦-高雄,2023-08-09,9659
00930,永豐ESG低碳高息,20,0,20,富邦-高雄,2023-08-09,9659
6213,聯茂,23,3,20,富邦-高雄,2023-08-09,9659
8105,凌巨,21,1,20,富邦-高雄,2023-08-09,9659
00850,元大臺灣ESG永續,20,1,19,富邦-高雄,2023-08-09,9659
6515,穎崴,19,0,19,富邦-高雄,2023-08-09,9659
6147,頎邦,23,4,19,富邦-高雄,2023-08-09,9659
2801,彰銀,19,0,19,富邦-高雄,2023-08-09,9659
8996,高力,22,3,19,富邦-高雄,2023-08-09,9659
2882,國泰金,26,8,18,富邦-高雄,2023-08-09,9659
2363,矽統,58,40,18,富邦-高雄,2023-08-09,9659
00927,群益半導體收益,18,0,18,富邦-高雄,2023-08-09,9659
00795B,中信美國公債20年,18,1,17,富邦-高雄,2023-08-09,9659
3689,湧德,24,7,17,富邦-高雄,2023-08-09,9659
3325,旭品,23,6,17,富邦-高雄,2023-08-09,9659
2344,華邦電,22,5,17,富邦-高雄,2023-08-09,9659
2409,友達,20,3,17,富邦-高雄,2023-08-09,9659
6596,寬宏藝術,16,0,16,富邦-高雄,2023-08-09,9659
00679B,元大美債20年,31,15,16,富邦-高雄,2023-08-09,9659
5425,台半,16,0,16,富邦-高雄,2023-08-09,9659
4550,長佳,15,0,15,富邦-高雄,2023-08-09,9659
00929,復華台灣科技優息,347,3,344,富邦-高雄,2023-08-10,9659
3231,緯創,713,519,194,富邦-高雄,2023-08-10,9659
00900,富邦特選高股息30,158,2,156,富邦-高雄,2023-08-10,9659
00706L,期元大S＆P日圓正2,110,0,110,富邦-高雄,2023-08-10,9659
0056,元大高股息,135,27,108,富邦-高雄,2023-08-10,9659
2402,毅嘉,116,10,106,富邦-高雄,2023-08-10,9659
2367,燿華,106,4,102,富邦-高雄,2023-08-10,9659
1513,中興電,111,15,96,富邦-高雄,2023-08-10,9659
3481,群創,124,33,91,富邦-高雄,2023-08-10,9659
1504,東元,97,9,88,富邦-高雄,2023-08-10,9659
2427,三商電,86,0,86,富邦-高雄,2023-08-10,9659
2382,廣達,192,107,85,富邦-高雄,2023-08-10,9659
2888,新光金,187,118,69,富邦-高雄,2023-08-10,9659
00878,國泰永續高股息,230,167,63,富邦-高雄,2023-08-10,9659
6005,群益證,60,0,60,富邦-高雄,2023-08-10,9659
6116,彩晶,61,2,59,富邦-高雄,2023-08-10,9659
2610,華航,152,95,57,富邦-高雄,2023-08-10,9659
1802,台玻,61,7,54,富邦-高雄,2023-08-10,9659
2363,矽統,144,90,54,富邦-高雄,2023-08-10,9659
3706,神達,86,35,51,富邦-高雄,2023-08-10,9659
8936,國統,60,10,50,富邦-高雄,2023-08-10,9659
6282,康舒,116,67,49,富邦-高雄,2023-08-10,9659
2002,中鋼,57,11,46,富邦-高雄,2023-08-10,9659
00725B,國泰投資級公司債,45,0,45,富邦-高雄,2023-08-10,9659
2890,永豐金,52,9,43,富邦-高雄,2023-08-10,9659
00891,中信關鍵半導體,47,5,42,富邦-高雄,2023-08-10,9659
00923,群益台ESG低碳50,42,0,42,富邦-高雄,2023-08-10,9659
3702,大聯大,41,0,41,富邦-高雄,2023-08-10,9659
00927,群益半導體收益,41,0,41,富邦-高雄,2023-08-10,9659
2891,中信金,70,31,39,富邦-高雄,2023-08-10,9659
8105,凌巨,39,1,38,富邦-高雄,2023-08-10,9659
1609,大亞,55,18,37,富邦-高雄,2023-08-10,9659
2515,中工,36,0,36,富邦-高雄,2023-08-10,9659
2376,技嘉,41,7,34,富邦-高雄,2023-08-10,9659
00772B,中信高評級公司債,37,6,31,富邦-高雄,2023-08-10,9659
6589,台康生技,31,1,30,富邦-高雄,2023-08-10,9659
2328,廣宇,32,3,29,富邦-高雄,2023-08-10,9659
2388,威盛,44,15,29,富邦-高雄,2023-08-10,9659
3017,奇鋐,41,13,28,富邦-高雄,2023-08-10,9659
2883,凱基金,28,4,24,富邦-高雄,2023-08-10,9659
8155,博智,27,3,24,富邦-高雄,2023-08-10,9659
00931B,統一美債20年,28,5,23,富邦-高雄,2023-08-10,9659
00679B,元大美債20年,33,10,23,富邦-高雄,2023-08-10,9659
00751B,元大AAA至A公司債,23,0,23,富邦-高雄,2023-08-10,9659
2449,京元電子,26,3,23,富邦-高雄,2023-08-10,9659
6223,旺矽,26,3,23,富邦-高雄,2023-08-10,9659
1440,南紡,23,0,23,富邦-高雄,2023-08-10,9659
4533,協易機,24,3,21,富邦-高雄,2023-08-10,9659
2498,宏達電,25,4,21,富邦-高雄,2023-08-10,9659
2344,華邦電,22,1,21,富邦-高雄,2023-08-10,9659
00680L,元大美債20正2,360,0,360,富邦-高雄,2023-08-11,9659
1101,台泥,204,7,197,富邦-高雄,2023-08-11,9659
2357,華碩,126,3,123,富邦-高雄,2023-08-11,9659
00931B,統一美債20年,122,1,121,富邦-高雄,2023-08-11,9659
00772B,中信高評級公司債,106,0,106,富邦-高雄,2023-08-11,9659
00900,富邦特選高股息30,102,3,99,富邦-高雄,2023-08-11,9659
00687B,國泰20年美債,95,0,95,富邦-高雄,2023-08-11,9659
00715L,期街口布蘭特正2,115,20,95,富邦-高雄,2023-08-11,9659
2892,第一金,83,9,74,富邦-高雄,2023-08-11,9659
2618,長榮航,218,150,68,富邦-高雄,2023-08-11,9659
6235,華孚,68,4,64,富邦-高雄,2023-08-11,9659
00907,永豐優息存股,61,0,61,富邦-高雄,2023-08-11,9659
2888,新光金,86,27,59,富邦-高雄,2023-08-11,9659
00679B,元大美債20年,52,0,52,富邦-高雄,2023-08-11,9659
912000,晨訊科-DR,50,0,50,富邦-高雄,2023-08-11,9659
00706L,期元大S＆P日圓正2,50,1,49,富邦-高雄,2023-08-11,9659
00923,群益台ESG低碳50,44,0,44,富邦-高雄,2023-08-11,9659
00878,國泰永續高股息,96,54,42,富邦-高雄,2023-08-11,9659
3706,神達,47,5,42,富邦-高雄,2023-08-11,9659
3037,欣興,48,8,40,富邦-高雄,2023-08-11,9659
2425,承啟,178,138,40,富邦-高雄,2023-08-11,9659
00751B,元大AAA至A公司債,38,0,38,富邦-高雄,2023-08-11,9659
2883,凱基金,61,26,35,富邦-高雄,2023-08-11,9659
2890,永豐金,35,0,35,富邦-高雄,2023-08-11,9659
2356,英業達,90,56,34,富邦-高雄,2023-08-11,9659
3006,晶豪科,33,1,32,富邦-高雄,2023-08-11,9659
8936,國統,32,4,28,富邦-高雄,2023-08-11,9659
6269,台郡,27,0,27,富邦-高雄,2023-08-11,9659
00696B,富邦美債20年,27,0,27,富邦-高雄,2023-08-11,9659
2882,國泰金,29,3,26,富邦-高雄,2023-08-11,9659
2312,金寶,27,1,26,富邦-高雄,2023-08-11,9659
00722B,群益投資級電信債,26,0,26,富邦-高雄,2023-08-11,9659
2002,中鋼,27,3,24,富邦-高雄,2023-08-11,9659
2388,威盛,42,18,24,富邦-高雄,2023-08-11,9659
00795B,中信美國公債20年,24,0,24,富邦-高雄,2023-08-11,9659
6706,惠特,27,4,23,富邦-高雄,2023-08-11,9659
6770,力積電,23,0,23,富邦-高雄,2023-08-11,9659
00637L,元大滬深300正2,38,16,22,富邦-高雄,2023-08-11,9659
3540,曜越,21,0,21,富邦-高雄,2023-08-11,9659
00753L,中信中國50正2,20,0,20,富邦-高雄,2023-08-11,9659
2515,中工,20,0,20,富邦-高雄,2023-08-11,9659
2801,彰銀,20,1,19,富邦-高雄,2023-08-11,9659
1440,南紡,19,0,19,富邦-高雄,2023-08-11,9659
0056,元大高股息,24,5,19,富邦-高雄,2023-08-11,9659
6589,台康生技,18,0,18,富邦-高雄,2023-08-11,9659
2317,鴻海,26,8,18,富邦-高雄,2023-08-11,9659
2913,農林,20,2,18,富邦-高雄,2023-08-11,9659
3105,穩懋,20,2,18,富邦-高雄,2023-08-11,9659
2303,聯電,22,5,17,富邦-高雄,2023-08-11,9659
00882,中信中國高股息,20,4,16,富邦-高雄,2023-08-11,9659
2344,華邦電,453,13,440,富邦-高雄,2023-08-14,9659
00929,復華台灣科技優息,447,13,434,富邦-高雄,2023-08-14,9659
3231,緯創,527,268,259,富邦-高雄,2023-08-14,9659
00878,國泰永續高股息,277,40,237,富邦-高雄,2023-08-14,9659
00900,富邦特選高股息30,197,24,173,富邦-高雄,2023-08-14,9659
2888,新光金,153,9,144,富邦-高雄,2023-08-14,9659
2610,華航,162,26,136,富邦-高雄,2023-08-14,9659
2881,富邦金,186,52,134,富邦-高雄,2023-08-14,9659
6122,擎邦,122,0,122,富邦-高雄,2023-08-14,9659
00923,群益台ESG低碳50,106,0,106,富邦-高雄,2023-08-14,9659
5258,虹堡,105,3,102,富邦-高雄,2023-08-14,9659
1513,中興電,85,11,74,富邦-高雄,2023-08-14,9659
6005,群益證,73,0,73,富邦-高雄,2023-08-14,9659
00931B,統一美債20年,68,9,59,富邦-高雄,2023-08-14,9659
1795,美時,72,13,59,富邦-高雄,2023-08-14,9659
2014,中鴻,57,3,54,富邦-高雄,2023-08-14,9659
1301,台塑,52,2,50,富邦-高雄,2023-08-14,9659
2002,中鋼,104,60,44,富邦-高雄,2023-08-14,9659
0056,元大高股息,94,50,44,富邦-高雄,2023-08-14,9659
6672,騰輝電子-KY,41,2,39,富邦-高雄,2023-08-14,9659
00919,群益台灣精選高息,43,4,39,富邦-高雄,2023-08-14,9659
2883,凱基金,201,163,38,富邦-高雄,2023-08-14,9659
2618,長榮航,121,83,38,富邦-高雄,2023-08-14,9659
6139,亞翔,37,0,37,富邦-高雄,2023-08-14,9659
2515,中工,37,5,32,富邦-高雄,2023-08-14,9659
2603,長榮,57,26,31,富邦-高雄,2023-08-14,9659
2892,第一金,38,8,30,富邦-高雄,2023-08-14,9659
5880,合庫金,30,0,30,富邦-高雄,2023-08-14,9659
2425,承啟,88,58,30,富邦-高雄,2023-08-14,9659
00772B,中信高評級公司債,54,26,28,富邦-高雄,2023-08-14,9659
00907,永豐優息存股,26,0,26,富邦-高雄,2023-08-14,9659
0050,元大台灣50,30,5,25,富邦-高雄,2023-08-14,9659
00893,國泰智能電動車,24,1,23,富邦-高雄,2023-08-14,9659
2633,台灣高鐵,23,0,23,富邦-高雄,2023-08-14,9659
00751B,元大AAA至A公司債,23,1,22,富邦-高雄,2023-08-14,9659
1504,東元,27,5,22,富邦-高雄,2023-08-14,9659
00633L,富邦上証正2,22,0,22,富邦-高雄,2023-08-14,9659
2323,中環,60,38,22,富邦-高雄,2023-08-14,9659
2538,基泰,27,5,22,富邦-高雄,2023-08-14,9659
1339,昭輝,22,0,22,富邦-高雄,2023-08-14,9659
1440,南紡,21,0,21,富邦-高雄,2023-08-14,9659
5519,隆大,21,0,21,富邦-高雄,2023-08-14,9659
3252,海灣,20,0,20,富邦-高雄,2023-08-14,9659
2509,全坤建,20,0,20,富邦-高雄,2023-08-14,9659
2882,國泰金,35,15,20,富邦-高雄,2023-08-14,9659
1314,中石化,21,2,19,富邦-高雄,2023-08-14,9659
2809,京城銀,19,0,19,富邦-高雄,2023-08-14,9659
6223,旺矽,24,5,19,富邦-高雄,2023-08-14,9659
00687B,國泰20年美債,18,0,18,富邦-高雄,2023-08-14,9659
2851,中再保,21,3,18,富邦-高雄,2023-08-14,9659
2317,鴻海,1016,5,1011,富邦-高雄,2023-08-15,9659
00900,富邦特選高股息30,303,13,290,富邦-高雄,2023-08-15,9659
00923,群益台ESG低碳50,222,0,222,富邦-高雄,2023-08-15,9659
2340,台亞,151,1,150,富邦-高雄,2023-08-15,9659
00907,永豐優息存股,137,0,137,富邦-高雄,2023-08-15,9659
1504,東元,126,18,108,富邦-高雄,2023-08-15,9659
2812,台中銀,102,5,97,富邦-高雄,2023-08-15,9659
2618,長榮航,159,64,95,富邦-高雄,2023-08-15,9659
2891,中信金,106,26,80,富邦-高雄,2023-08-15,9659
00931B,統一美債20年,80,2,78,富邦-高雄,2023-08-15,9659
2353,宏��,113,38,75,富邦-高雄,2023-08-15,9659
2206,三陽工業,87,17,70,富邦-高雄,2023-08-15,9659
2886,兆豐金,65,2,63,富邦-高雄,2023-08-15,9659
1802,台玻,64,4,60,富邦-高雄,2023-08-15,9659
2883,凱基金,264,205,59,富邦-高雄,2023-08-15,9659
3037,欣興,65,9,56,富邦-高雄,2023-08-15,9659
3483,力致,77,23,54,富邦-高雄,2023-08-15,9659
00632R,元大台灣50反1,50,3,47,富邦-高雄,2023-08-15,9659
00772B,中信高評級公司債,46,2,44,富邦-高雄,2023-08-15,9659
2884,玉山金,65,24,41,富邦-高雄,2023-08-15,9659
2002,中鋼,78,37,41,富邦-高雄,2023-08-15,9659
3706,神達,82,43,39,富邦-高雄,2023-08-15,9659
00679B,元大美債20年,42,5,37,富邦-高雄,2023-08-15,9659
2881,富邦金,41,7,34,富邦-高雄,2023-08-15,9659
2355,敬鵬,31,1,30,富邦-高雄,2023-08-15,9659
00687B,國泰20年美債,28,0,28,富邦-高雄,2023-08-15,9659
00712,復華富時不動產,31,3,28,富邦-高雄,2023-08-15,9659
1609,大亞,45,17,28,富邦-高雄,2023-08-15,9659
00751B,元大AAA至A公司債,27,0,27,富邦-高雄,2023-08-15,9659
9934,成霖,33,10,23,富邦-高雄,2023-08-15,9659
2388,威盛,29,8,21,富邦-高雄,2023-08-15,9659
2404,漢唐,21,0,21,富邦-高雄,2023-08-15,9659
1326,台化,21,1,20,富邦-高雄,2023-08-15,9659
00795B,中信美國公債20年,19,0,19,富邦-高雄,2023-08-15,9659
00688L,國泰20年美債正2,19,0,19,富邦-高雄,2023-08-15,9659
2892,第一金,24,7,17,富邦-高雄,2023-08-15,9659
1605,華新,22,6,16,富邦-高雄,2023-08-15,9659
3078,僑威,55,40,15,富邦-高雄,2023-08-15,9659
5009,榮剛,16,1,15,富邦-高雄,2023-08-15,9659
2382,廣達,221,206,15,富邦-高雄,2023-08-15,9659
2303,聯電,15,1,14,富邦-高雄,2023-08-15,9659
2066,世德,14,0,14,富邦-高雄,2023-08-15,9659
4526,東台,13,0,13,富邦-高雄,2023-08-15,9659
5511,德昌,13,0,13,富邦-高雄,2023-08-15,9659
00927,群益半導體收益,12,0,12,富邦-高雄,2023-08-15,9659
2880,華南金,12,1,11,富邦-高雄,2023-08-15,9659
00764B,群益25年美債,11,0,11,富邦-高雄,2023-08-15,9659
2888,新光金,24,13,11,富邦-高雄,2023-08-15,9659
2547,日勝生,10,0,10,富邦-高雄,2023-08-15,9659
6706,惠特,10,0,10,富邦-高雄,2023-08-15,9659
2884,玉山金,468,5,463,富邦-高雄,2023-08-16,9659
2382,廣達,377,177,200,富邦-高雄,2023-08-16,9659
2303,聯電,224,40,184,富邦-高雄,2023-08-16,9659
00673R,期元大S＆P原油反1,182,3,179,富邦-高雄,2023-08-16,9659
00929,復華台灣科技優息,193,26,167,富邦-高雄,2023-08-16,9659
2834,臺企銀,255,121,134,富邦-高雄,2023-08-16,9659
00900,富邦特選高股息30,125,2,123,富邦-高雄,2023-08-16,9659
00923,群益台ESG低碳50,118,2,116,富邦-高雄,2023-08-16,9659
2891,中信金,122,15,107,富邦-高雄,2023-08-16,9659
2883,凱基金,105,5,100,富邦-高雄,2023-08-16,9659
00878,國泰永續高股息,204,124,80,富邦-高雄,2023-08-16,9659
2002,中鋼,90,10,80,富邦-高雄,2023-08-16,9659
8996,高力,74,5,69,富邦-高雄,2023-08-16,9659
00772B,中信高評級公司債,72,4,68,富邦-高雄,2023-08-16,9659
2312,金寶,103,36,67,富邦-高雄,2023-08-16,9659
3481,群創,78,19,59,富邦-高雄,2023-08-16,9659
1101,台泥,62,3,59,富邦-高雄,2023-08-16,9659
2317,鴻海,73,14,59,富邦-高雄,2023-08-16,9659
2801,彰銀,68,11,57,富邦-高雄,2023-08-16,9659
2880,華南金,57,1,56,富邦-高雄,2023-08-16,9659
3078,僑威,107,55,52,富邦-高雄,2023-08-16,9659
00751B,元大AAA至A公司債,51,0,51,富邦-高雄,2023-08-16,9659
2610,華航,72,21,51,富邦-高雄,2023-08-16,9659
3715,定穎投控,90,40,50,富邦-高雄,2023-08-16,9659
2603,長榮,64,15,49,富邦-高雄,2023-08-16,9659
2887,台新金,103,56,47,富邦-高雄,2023-08-16,9659
00931B,統一美債20年,42,0,42,富邦-高雄,2023-08-16,9659
2329,華泰,188,147,41,富邦-高雄,2023-08-16,9659
00706L,期元大S＆P日圓正2,42,2,40,富邦-高雄,2023-08-16,9659
1301,台塑,52,13,39,富邦-高雄,2023-08-16,9659
2356,英業達,111,73,38,富邦-高雄,2023-08-16,9659
00687B,國泰20年美債,37,0,37,富邦-高雄,2023-08-16,9659
8358,金居,64,28,36,富邦-高雄,2023-08-16,9659
1609,大亞,46,13,33,富邦-高雄,2023-08-16,9659
2383,台光電,37,5,32,富邦-高雄,2023-08-16,9659
1708,東鹼,32,1,31,富邦-高雄,2023-08-16,9659
5425,台半,32,2,30,富邦-高雄,2023-08-16,9659
00907,永豐優息存股,28,0,28,富邦-高雄,2023-08-16,9659
2881,富邦金,42,16,26,富邦-高雄,2023-08-16,9659
2323,中環,56,30,26,富邦-高雄,2023-08-16,9659
00888,永豐台灣ESG,24,0,24,富邦-高雄,2023-08-16,9659
2460,建通,49,25,24,富邦-高雄,2023-08-16,9659
6005,群益證,25,2,23,富邦-高雄,2023-08-16,9659
3443,創意,39,17,22,富邦-高雄,2023-08-16,9659
1718,中纖,21,0,21,富邦-高雄,2023-08-16,9659
2344,華邦電,70,50,20,富邦-高雄,2023-08-16,9659
00795B,中信美國公債20年,19,0,19,富邦-高雄,2023-08-16,9659
2349,錸德,19,0,19,富邦-高雄,2023-08-16,9659
006208,富邦台50,20,1,19,富邦-高雄,2023-08-16,9659
00891,中信關鍵半導體,20,3,17,富邦-高雄,2023-08-16,9659
00929,復華台灣科技優息,407,16,391,富邦-高雄,2023-08-17,9659
3231,緯創,489,389,100,富邦-高雄,2023-08-17,9659
2312,金寶,82,0,82,富邦-高雄,2023-08-17,9659
00772B,中信高評級公司債,113,42,71,富邦-高雄,2023-08-17,9659
00931B,統一美債20年,75,10,65,富邦-高雄,2023-08-17,9659
2609,陽明,87,24,63,富邦-高雄,2023-08-17,9659
00687B,國泰20年美債,74,12,62,富邦-高雄,2023-08-17,9659
2883,凱基金,72,11,61,富邦-高雄,2023-08-17,9659
2891,中信金,72,12,60,富邦-高雄,2023-08-17,9659
1101,台泥,51,1,50,富邦-高雄,2023-08-17,9659
3515,華擎,52,2,50,富邦-高雄,2023-08-17,9659
2382,廣達,240,193,47,富邦-高雄,2023-08-17,9659
2399,映泰,52,14,38,富邦-高雄,2023-08-17,9659
3037,欣興,64,26,38,富邦-高雄,2023-08-17,9659
00712,復華富時不動產,47,10,37,富邦-高雄,2023-08-17,9659
2888,新光金,35,0,35,富邦-高雄,2023-08-17,9659
9934,成霖,32,0,32,富邦-高雄,2023-08-17,9659
00900,富邦特選高股息30,31,0,31,富邦-高雄,2023-08-17,9659
00795B,中信美國公債20年,56,26,30,富邦-高雄,2023-08-17,9659
3078,僑威,82,52,30,富邦-高雄,2023-08-17,9659
2324,仁寶,144,116,28,富邦-高雄,2023-08-17,9659
2353,宏��,68,41,27,富邦-高雄,2023-08-17,9659
2887,台新金,46,19,27,富邦-高雄,2023-08-17,9659
1471,首利,27,1,26,富邦-高雄,2023-08-17,9659
5210,寶碩,31,7,24,富邦-高雄,2023-08-17,9659
2886,兆豐金,24,0,24,富邦-高雄,2023-08-17,9659
2303,聯電,30,6,24,富邦-高雄,2023-08-17,9659
00882,中信中國高股息,23,0,23,富邦-高雄,2023-08-17,9659
6117,迎廣,25,2,23,富邦-高雄,2023-08-17,9659
5511,德昌,22,0,22,富邦-高雄,2023-08-17,9659
00753L,中信中國50正2,24,2,22,富邦-高雄,2023-08-17,9659
6213,聯茂,37,16,21,富邦-高雄,2023-08-17,9659
2002,中鋼,68,47,21,富邦-高雄,2023-08-17,9659
2880,華南金,20,0,20,富邦-高雄,2023-08-17,9659
6016,康和證,20,0,20,富邦-高雄,2023-08-17,9659
2332,友訊,62,42,20,富邦-高雄,2023-08-17,9659
6515,穎崴,26,6,20,富邦-高雄,2023-08-17,9659
00897,富邦基因免疫生技,19,0,19,富邦-高雄,2023-08-17,9659
1301,台塑,22,3,19,富邦-高雄,2023-08-17,9659
6706,惠特,20,1,19,富邦-高雄,2023-08-17,9659
00907,永豐優息存股,16,0,16,富邦-高雄,2023-08-17,9659
00680L,元大美債20正2,17,1,16,富邦-高雄,2023-08-17,9659
4976,佳凌,16,0,16,富邦-高雄,2023-08-17,9659
1326,台化,17,1,16,富邦-高雄,2023-08-17,9659
00722B,群益投資級電信債,16,1,15,富邦-高雄,2023-08-17,9659
8085,福華,15,0,15,富邦-高雄,2023-08-17,9659
8210,勤誠,41,27,14,富邦-高雄,2023-08-17,9659
6672,騰輝電子-KY,16,2,14,富邦-高雄,2023-08-17,9659
00696B,富邦美債20年,14,0,14,富邦-高雄,2023-08-17,9659
6275,元山,14,1,13,富邦-高雄,2023-08-17,9659
3706,神達,630,411,219,富邦-高雄,2023-08-18,9659
00929,復華台灣科技優息,256,48,208,富邦-高雄,2023-08-18,9659
2618,長榮航,216,29,187,富邦-高雄,2023-08-18,9659
2363,矽統,363,224,139,富邦-高雄,2023-08-18,9659
00878,國泰永續高股息,209,77,132,富邦-高雄,2023-08-18,9659
2610,華航,133,21,112,富邦-高雄,2023-08-18,9659
2891,中信金,124,21,103,富邦-高雄,2023-08-18,9659
00919,群益台灣精選高息,100,5,95,富邦-高雄,2023-08-18,9659
00673R,期元大S＆P原油反1,98,6,92,富邦-高雄,2023-08-18,9659
5347,世界,76,0,76,富邦-高雄,2023-08-18,9659
8213,志超,60,0,60,富邦-高雄,2023-08-18,9659
1101,台泥,63,13,50,富邦-高雄,2023-08-18,9659
912000,晨訊科-DR,50,0,50,富邦-高雄,2023-08-18,9659
00712,復華富時不動產,67,21,46,富邦-高雄,2023-08-18,9659
1210,大成,48,4,44,富邦-高雄,2023-08-18,9659
0056,元大高股息,97,53,44,富邦-高雄,2023-08-18,9659
2603,長榮,118,80,38,富邦-高雄,2023-08-18,9659
2324,仁寶,95,65,30,富邦-高雄,2023-08-18,9659
00882,中信中國高股息,31,1,30,富邦-高雄,2023-08-18,9659
1504,東元,38,8,30,富邦-高雄,2023-08-18,9659
6122,擎邦,33,3,30,富邦-高雄,2023-08-18,9659
00706L,期元大S＆P日圓正2,30,0,30,富邦-高雄,2023-08-18,9659
4702,中美實,29,0,29,富邦-高雄,2023-08-18,9659
3037,欣興,62,35,27,富邦-高雄,2023-08-18,9659
5511,德昌,25,0,25,富邦-高雄,2023-08-18,9659
00679B,元大美債20年,26,1,25,富邦-高雄,2023-08-18,9659
2401,凌陽,28,4,24,富邦-高雄,2023-08-18,9659
00720B,元大投資級公司債,31,8,23,富邦-高雄,2023-08-18,9659
4956,光鋐,23,0,23,富邦-高雄,2023-08-18,9659
2883,凱基金,41,19,22,富邦-高雄,2023-08-18,9659
6187,萬潤,26,5,21,富邦-高雄,2023-08-18,9659
6568,宏觀,21,0,21,富邦-高雄,2023-08-18,9659
00923,群益台ESG低碳50,23,2,21,富邦-高雄,2023-08-18,9659
2881,富邦金,23,3,20,富邦-高雄,2023-08-18,9659
2406,國碩,21,1,20,富邦-高雄,2023-08-18,9659
3715,定穎投控,103,83,20,富邦-高雄,2023-08-18,9659
1414,東和,20,0,20,富邦-高雄,2023-08-18,9659
8227,巨有科技,20,0,20,富邦-高雄,2023-08-18,9659
2356,英業達,82,62,20,富邦-高雄,2023-08-18,9659
2382,廣達,178,158,20,富邦-高雄,2023-08-18,9659
3689,湧德,24,4,20,富邦-高雄,2023-08-18,9659
1532,勤美,18,0,18,富邦-高雄,2023-08-18,9659
2206,三陽工業,26,8,18,富邦-高雄,2023-08-18,9659
2880,華南金,18,0,18,富邦-高雄,2023-08-18,9659
2851,中再保,17,0,17,富邦-高雄,2023-08-18,9659
2449,京元電子,19,2,17,富邦-高雄,2023-08-18,9659
2376,技嘉,31,15,16,富邦-高雄,2023-08-18,9659
3548,兆利,23,7,16,富邦-高雄,2023-08-18,9659
2409,友達,17,1,16,富邦-高雄,2023-08-18,9659
4906,正文,15,0,15,富邦-高雄,2023-08-18,9659
2457,飛宏,201,9,192,富邦-高雄,2023-08-21,9659
3231,緯創,312,123,189,富邦-高雄,2023-08-21,9659
00929,復華台灣科技優息,143,2,141,富邦-高雄,2023-08-21,9659
2891,中信金,123,9,114,富邦-高雄,2023-08-21,9659
00679B,元大美債20年,79,2,77,富邦-高雄,2023-08-21,9659
00857B,永豐20年美公債,70,0,70,富邦-高雄,2023-08-21,9659
6125,廣運,84,18,66,富邦-高雄,2023-08-21,9659
2883,凱基金,64,0,64,富邦-高雄,2023-08-21,9659
9927,泰銘,62,2,60,富邦-高雄,2023-08-21,9659
00673R,期元大S＆P原油反1,80,23,57,富邦-高雄,2023-08-21,9659
6770,力積電,49,0,49,富邦-高雄,2023-08-21,9659
2357,華碩,44,5,39,富邦-高雄,2023-08-21,9659
00687B,國泰20年美債,37,0,37,富邦-高雄,2023-08-21,9659
2605,新興,66,30,36,富邦-高雄,2023-08-21,9659
00882,中信中國高股息,37,2,35,富邦-高雄,2023-08-21,9659
00795B,中信美國公債20年,34,0,34,富邦-高雄,2023-08-21,9659
6122,擎邦,37,3,34,富邦-高雄,2023-08-21,9659
2609,陽明,60,27,33,富邦-高雄,2023-08-21,9659
6147,頎邦,42,12,30,富邦-高雄,2023-08-21,9659
2618,長榮航,58,29,29,富邦-高雄,2023-08-21,9659
00720B,元大投資級公司債,27,0,27,富邦-高雄,2023-08-21,9659
00931B,統一美債20年,26,0,26,富邦-高雄,2023-08-21,9659
2610,華航,47,21,26,富邦-高雄,2023-08-21,9659
2881,富邦金,28,3,25,富邦-高雄,2023-08-21,9659
3324,雙鴻,43,20,23,富邦-高雄,2023-08-21,9659
1434,福懋,23,0,23,富邦-高雄,2023-08-21,9659
00772B,中信高評級公司債,23,0,23,富邦-高雄,2023-08-21,9659
006208,富邦台50,22,0,22,富邦-高雄,2023-08-21,9659
2603,長榮,25,4,21,富邦-高雄,2023-08-21,9659
2890,永豐金,26,5,21,富邦-高雄,2023-08-21,9659
2892,第一金,24,6,18,富邦-高雄,2023-08-21,9659
00900,富邦特選高股息30,22,5,17,富邦-高雄,2023-08-21,9659
2887,台新金,25,9,16,富邦-高雄,2023-08-21,9659
1513,中興電,22,7,15,富邦-高雄,2023-08-21,9659
2331,精英,18,3,15,富邦-高雄,2023-08-21,9659
6141,柏承,15,0,15,富邦-高雄,2023-08-21,9659
2002,中鋼,24,10,14,富邦-高雄,2023-08-21,9659
5608,四維航,72,58,14,富邦-高雄,2023-08-21,9659
2324,仁寶,38,24,14,富邦-高雄,2023-08-21,9659
6275,元山,21,7,14,富邦-高雄,2023-08-21,9659
2606,裕民,25,11,14,富邦-高雄,2023-08-21,9659
00751B,元大AAA至A公司債,14,0,14,富邦-高雄,2023-08-21,9659
00923,群益台ESG低碳50,14,0,14,富邦-高雄,2023-08-21,9659
2344,華邦電,17,3,14,富邦-高雄,2023-08-21,9659
2615,萬海,13,0,13,富邦-高雄,2023-08-21,9659
00752,中信中國50,15,2,13,富邦-高雄,2023-08-21,9659
2723,美食-KY,12,0,12,富邦-高雄,2023-08-21,9659
00897,富邦基因免疫生技,12,0,12,富邦-高雄,2023-08-21,9659
2330,台積電,12,0,12,富邦-高雄,2023-08-21,9659
3306,鼎天,35,24,11,富邦-高雄,2023-08-21,9659
00929,復華台灣科技優息,278,17,261,富邦-高雄,2023-08-22,9659
2891,中信金,89,4,85,富邦-高雄,2023-08-22,9659
2363,矽統,215,145,70,富邦-高雄,2023-08-22,9659
4906,正文,76,15,61,富邦-高雄,2023-08-22,9659
2609,陽明,61,7,54,富邦-高雄,2023-08-22,9659
3276,宇環,50,0,50,富邦-高雄,2023-08-22,9659
2002,中鋼,55,6,49,富邦-高雄,2023-08-22,9659
2834,臺企銀,45,0,45,富邦-高雄,2023-08-22,9659
00772B,中信高評級公司債,45,2,43,富邦-高雄,2023-08-22,9659
00751B,元大AAA至A公司債,40,0,40,富邦-高雄,2023-08-22,9659
00679B,元大美債20年,57,18,39,富邦-高雄,2023-08-22,9659
00687B,國泰20年美債,37,0,37,富邦-高雄,2023-08-22,9659
00931B,統一美債20年,37,0,37,富邦-高雄,2023-08-22,9659
00720B,元大投資級公司債,57,21,36,富邦-高雄,2023-08-22,9659
6829,千附精密,36,2,34,富邦-高雄,2023-08-22,9659
00712,復華富時不動產,34,0,34,富邦-高雄,2023-08-22,9659
2324,仁寶,73,41,32,富邦-高雄,2023-08-22,9659
1471,首利,54,23,31,富邦-高雄,2023-08-22,9659
2886,兆豐金,30,0,30,富邦-高雄,2023-08-22,9659
2605,新興,77,50,27,富邦-高雄,2023-08-22,9659
2409,友達,32,6,26,富邦-高雄,2023-08-22,9659
1513,中興電,27,2,25,富邦-高雄,2023-08-22,9659
4414,如興,24,0,24,富邦-高雄,2023-08-22,9659
2401,凌陽,40,16,24,富邦-高雄,2023-08-22,9659
6531,愛普*,53,31,22,富邦-高雄,2023-08-22,9659
1808,潤隆,24,2,22,富邦-高雄,2023-08-22,9659
2457,飛宏,31,9,22,富邦-高雄,2023-08-22,9659
3037,欣興,110,88,22,富邦-高雄,2023-08-22,9659
2356,英業達,57,36,21,富邦-高雄,2023-08-22,9659
1101,台泥,28,7,21,富邦-高雄,2023-08-22,9659
6285,啟��,44,24,20,富邦-高雄,2023-08-22,9659
2883,凱基金,55,35,20,富邦-高雄,2023-08-22,9659
1434,福懋,18,0,18,富邦-高雄,2023-08-22,9659
2645,長榮航太,19,1,18,富邦-高雄,2023-08-22,9659
00795B,中信美國公債20年,19,2,17,富邦-高雄,2023-08-22,9659
1303,南亞,16,0,16,富邦-高雄,2023-08-22,9659
2884,玉山金,16,0,16,富邦-高雄,2023-08-22,9659
6170,統振,33,17,16,富邦-高雄,2023-08-22,9659
2313,華通,18,3,15,富邦-高雄,2023-08-22,9659
2303,聯電,14,1,13,富邦-高雄,2023-08-22,9659
3380,明泰,16,3,13,富邦-高雄,2023-08-22,9659
1339,昭輝,14,1,13,富邦-高雄,2023-08-22,9659
2328,廣宇,13,0,13,富邦-高雄,2023-08-22,9659
1444,力麗,13,0,13,富邦-高雄,2023-08-22,9659
2610,華航,40,27,13,富邦-高雄,2023-08-22,9659
2014,中鴻,12,0,12,富邦-高雄,2023-08-22,9659
3025,星通,14,2,12,富邦-高雄,2023-08-22,9659
2312,金寶,16,5,11,富邦-高雄,2023-08-22,9659
1737,臺鹽,11,0,11,富邦-高雄,2023-08-22,9659
00725B,國泰投資級公司債,11,0,11,富邦-高雄,2023-08-22,9659
00929,復華台灣科技優息,213,45,168,富邦-高雄,2023-08-23,9659
2891,中信金,140,3,137,富邦-高雄,2023-08-23,9659
3013,晟銘電,243,154,89,富邦-高雄,2023-08-23,9659
2618,長榮航,128,73,55,富邦-高雄,2023-08-23,9659
00715L,期街口布蘭特正2,45,0,45,富邦-高雄,2023-08-23,9659
1316,上曜,42,0,42,富邦-高雄,2023-08-23,9659
2345,智邦,73,32,41,富邦-高雄,2023-08-23,9659
2883,凱基金,70,31,39,富邦-高雄,2023-08-23,9659
6274,台燿,115,76,39,富邦-高雄,2023-08-23,9659
2323,中環,33,1,32,富邦-高雄,2023-08-23,9659
4906,正文,67,37,30,富邦-高雄,2023-08-23,9659
2736,富野,30,0,30,富邦-高雄,2023-08-23,9659
3287,廣寰科,31,1,30,富邦-高雄,2023-08-23,9659
1305,華夏,31,2,29,富邦-高雄,2023-08-23,9659
2002,中鋼,58,30,28,富邦-高雄,2023-08-23,9659
3704,合勤控,27,0,27,富邦-高雄,2023-08-23,9659
2421,建準,45,18,27,富邦-高雄,2023-08-23,9659
00897,富邦基因免疫生技,30,5,25,富邦-高雄,2023-08-23,9659
3078,僑威,36,13,23,富邦-高雄,2023-08-23,9659
1720,生達,22,0,22,富邦-高雄,2023-08-23,9659
00923,群益台ESG低碳50,21,0,21,富邦-高雄,2023-08-23,9659
1409,新纖,21,0,21,富邦-高雄,2023-08-23,9659
2344,華邦電,23,2,21,富邦-高雄,2023-08-23,9659
2303,聯電,25,5,20,富邦-高雄,2023-08-23,9659
8155,博智,20,0,20,富邦-高雄,2023-08-23,9659
2331,精英,46,26,20,富邦-高雄,2023-08-23,9659
1609,大亞,26,7,19,富邦-高雄,2023-08-23,9659
3071,協禧,34,15,19,富邦-高雄,2023-08-23,9659
00637L,元大滬深300正2,23,4,19,富邦-高雄,2023-08-23,9659
8927,北基,21,2,19,富邦-高雄,2023-08-23,9659
2886,兆豐金,20,2,18,富邦-高雄,2023-08-23,9659
00712,復華富時不動產,17,0,17,富邦-高雄,2023-08-23,9659
6829,千附精密,20,3,17,富邦-高雄,2023-08-23,9659
1808,潤隆,17,0,17,富邦-高雄,2023-08-23,9659
2913,農林,18,2,16,富邦-高雄,2023-08-23,9659
2603,長榮,18,2,16,富邦-高雄,2023-08-23,9659
3231,緯創,234,219,15,富邦-高雄,2023-08-23,9659
5371,中光電,36,21,15,富邦-高雄,2023-08-23,9659
5608,四維航,33,18,15,富邦-高雄,2023-08-23,9659
1815,富喬,15,0,15,富邦-高雄,2023-08-23,9659
3675,德微,17,2,15,富邦-高雄,2023-08-23,9659
2882,國泰金,16,1,15,富邦-高雄,2023-08-23,9659
1513,中興電,16,2,14,富邦-高雄,2023-08-23,9659
6005,群益證,14,0,14,富邦-高雄,2023-08-23,9659
2609,陽明,22,8,14,富邦-高雄,2023-08-23,9659
2324,仁寶,29,16,13,富邦-高雄,2023-08-23,9659
1301,台塑,13,0,13,富邦-高雄,2023-08-23,9659
00919,群益台灣精選高息,13,0,13,富邦-高雄,2023-08-23,9659
2610,華航,75,62,13,富邦-高雄,2023-08-23,9659
4126,太醫,13,0,13,富邦-高雄,2023-08-23,9659
3037,欣興,312,121,191,富邦-高雄,2023-08-24,9659
2891,中信金,186,5,181,富邦-高雄,2023-08-24,9659
2885,元大金,100,3,97,富邦-高雄,2023-08-24,9659
6139,亞翔,97,2,95,富邦-高雄,2023-08-24,9659
2419,仲琦,115,33,82,富邦-高雄,2023-08-24,9659
2363,矽統,450,370,80,富邦-高雄,2023-08-24,9659
00882,中信中國高股息,63,5,58,富邦-高雄,2023-08-24,9659
2883,凱基金,172,116,56,富邦-高雄,2023-08-24,9659
2382,廣達,313,258,55,富邦-高雄,2023-08-24,9659
3013,晟銘電,93,43,50,富邦-高雄,2023-08-24,9659
00753L,中信中國50正2,61,14,47,富邦-高雄,2023-08-24,9659
2618,長榮航,61,15,46,富邦-高雄,2023-08-24,9659
2409,友達,51,5,46,富邦-高雄,2023-08-24,9659
1445,大宇,45,0,45,富邦-高雄,2023-08-24,9659
6257,矽格,49,7,42,富邦-高雄,2023-08-24,9659
2884,玉山金,47,7,40,富邦-高雄,2023-08-24,9659
2383,台光電,129,89,40,富邦-高雄,2023-08-24,9659
00923,群益台ESG低碳50,39,1,38,富邦-高雄,2023-08-24,9659
2880,華南金,35,0,35,富邦-高雄,2023-08-24,9659
2002,中鋼,47,13,34,富邦-高雄,2023-08-24,9659
5534,長虹,33,0,33,富邦-高雄,2023-08-24,9659
6693,廣閎科,33,0,33,富邦-高雄,2023-08-24,9659
8027,鈦昇,50,18,32,富邦-高雄,2023-08-24,9659
00632R,元大台灣50反1,42,10,32,富邦-高雄,2023-08-24,9659
8070,長華*,32,0,32,富邦-高雄,2023-08-24,9659
00929,復華台灣科技優息,235,205,30,富邦-高雄,2023-08-24,9659
2889,國票金,30,0,30,富邦-高雄,2023-08-24,9659
6788,華景電,25,0,25,富邦-高雄,2023-08-24,9659
6168,宏齊,37,14,23,富邦-高雄,2023-08-24,9659
2014,中鴻,26,3,23,富邦-高雄,2023-08-24,9659
1301,台塑,22,0,22,富邦-高雄,2023-08-24,9659
2324,仁寶,69,47,22,富邦-高雄,2023-08-24,9659
2421,建準,68,45,23,富邦-高雄,2023-08-24,9659
8996,高力,25,3,22,富邦-高雄,2023-08-24,9659
00795B,中信美國公債20年,27,6,21,富邦-高雄,2023-08-24,9659
6235,華孚,45,24,21,富邦-高雄,2023-08-24,9659
2486,一詮,21,1,20,富邦-高雄,2023-08-24,9659
2399,映泰,38,18,20,富邦-高雄,2023-08-24,9659
00715L,期街口布蘭特正2,31,11,20,富邦-高雄,2023-08-24,9659
9919,康那香,30,10,20,富邦-高雄,2023-08-24,9659
2601,益航,19,0,19,富邦-高雄,2023-08-24,9659
2498,宏達電,22,4,18,富邦-高雄,2023-08-24,9659
00922,國泰台灣領袖50,20,2,18,富邦-高雄,2023-08-24,9659
00885,富邦越南,20,2,18,富邦-高雄,2023-08-24,9659
5347,世界,26,10,16,富邦-高雄,2023-08-24,9659
00900,富邦特選高股息30,38,22,16,富邦-高雄,2023-08-24,9659
2425,承啟,30,15,15,富邦-高雄,2023-08-24,9659
2356,英業達,124,111,13,富邦-高雄,2023-08-24,9659
2312,金寶,14,1,13,富邦-高雄,2023-08-24,9659
6282,康舒,27,15,12,富邦-高雄,2023-08-24,9659
00878,國泰永續高股息,386,39,347,富邦-高雄,2023-08-25,9659
3231,緯創,471,202,269,富邦-高雄,2023-08-25,9659
2537,聯上發,178,7,171,富邦-高雄,2023-08-25,9659
00929,復華台灣科技優息,159,18,141,富邦-高雄,2023-08-25,9659
2610,華航,139,9,130,富邦-高雄,2023-08-25,9659
2883,凱基金,82,3,79,富邦-高雄,2023-08-25,9659
00715L,期街口布蘭特正2,79,0,79,富邦-高雄,2023-08-25,9659
2002,中鋼,104,33,71,富邦-高雄,2023-08-25,9659
6603,富強鑫,64,0,64,富邦-高雄,2023-08-25,9659
00900,富邦特選高股息30,65,1,64,富邦-高雄,2023-08-25,9659
2880,華南金,62,0,62,富邦-高雄,2023-08-25,9659
2388,威盛,98,40,58,富邦-高雄,2023-08-25,9659
2323,中環,66,11,55,富邦-高雄,2023-08-25,9659
2352,佳世達,58,4,54,富邦-高雄,2023-08-25,9659
2885,元大金,54,1,53,富邦-高雄,2023-08-25,9659
00919,群益台灣精選高息,53,1,52,富邦-高雄,2023-08-25,9659
2449,京元電子,93,46,47,富邦-高雄,2023-08-25,9659
2303,聯電,56,10,46,富邦-高雄,2023-08-25,9659
3715,定穎投控,57,16,41,富邦-高雄,2023-08-25,9659
2889,國票金,40,0,40,富邦-高雄,2023-08-25,9659
00679B,元大美債20年,39,0,39,富邦-高雄,2023-08-25,9659
00830,國泰費城半導體,32,0,32,富邦-高雄,2023-08-25,9659
6142,友勁,30,0,30,富邦-高雄,2023-08-25,9659
00673R,期元大S＆P原油反1,30,0,30,富邦-高雄,2023-08-25,9659
3276,宇環,30,0,30,富邦-高雄,2023-08-25,9659
00687B,國泰20年美債,30,1,29,富邦-高雄,2023-08-25,9659
2887,台新金,30,3,27,富邦-高雄,2023-08-25,9659
0056,元大高股息,37,10,27,富邦-高雄,2023-08-25,9659
00895,富邦未來車,25,0,25,富邦-高雄,2023-08-25,9659
2330,台積電,26,1,25,富邦-高雄,2023-08-25,9659
00885,富邦越南,25,1,24,富邦-高雄,2023-08-25,9659
00795B,中信美國公債20年,23,0,23,富邦-高雄,2023-08-25,9659
2356,英業達,61,39,22,富邦-高雄,2023-08-25,9659
1513,中興電,27,5,22,富邦-高雄,2023-08-25,9659
2421,建準,43,22,21,富邦-高雄,2023-08-25,9659
2312,金寶,21,0,21,富邦-高雄,2023-08-25,9659
9934,成霖,20,0,20,富邦-高雄,2023-08-25,9659
4979,華星光,33,14,19,富邦-高雄,2023-08-25,9659
2634,漢翔,105,86,19,富邦-高雄,2023-08-25,9659
00772B,中信高評級公司債,48,30,18,富邦-高雄,2023-08-25,9659
8033,雷虎,25,7,18,富邦-高雄,2023-08-25,9659
6282,康舒,23,5,18,富邦-高雄,2023-08-25,9659
2890,永豐金,17,0,17,富邦-高雄,2023-08-25,9659
1304,台聚,17,0,17,富邦-高雄,2023-08-25,9659
2882,國泰金,16,0,16,富邦-高雄,2023-08-25,9659
3661,世芯-KY,15,0,15,富邦-高雄,2023-08-25,9659
7402,邑錡,16,1,15,富邦-高雄,2023-08-25,9659
2344,華邦電,31,17,14,富邦-高雄,2023-08-25,9659
5452,佶優,32,18,14,富邦-高雄,2023-08-25,9659
1445,大宇,14,0,14,富邦-高雄,2023-08-25,9659
00919,群益台灣精選高息,2035,0,2035,富邦-高雄,2023-08-28,9659
2881,富邦金,1046,18,1028,富邦-高雄,2023-08-28,9659
00929,復華台灣科技優息,195,12,183,富邦-高雄,2023-08-28,9659
00885,富邦越南,105,19,86,富邦-高雄,2023-08-28,9659
00712,復華富時不動產,84,8,76,富邦-高雄,2023-08-28,9659
2618,長榮航,86,11,75,富邦-高雄,2023-08-28,9659
2349,錸德,61,0,61,富邦-高雄,2023-08-28,9659
2537,聯上發,58,0,58,富邦-高雄,2023-08-28,9659
00673R,期元大S＆P原油反1,51,0,51,富邦-高雄,2023-08-28,9659
3715,定穎投控,84,35,49,富邦-高雄,2023-08-28,9659
00878,國泰永續高股息,98,62,36,富邦-高雄,2023-08-28,9659
00772B,中信高評級公司債,38,5,33,富邦-高雄,2023-08-28,9659
2332,友訊,48,16,32,富邦-高雄,2023-08-28,9659
2425,承啟,31,0,31,富邦-高雄,2023-08-28,9659
0056,元大高股息,39,11,28,富邦-高雄,2023-08-28,9659
3481,群創,50,22,28,富邦-高雄,2023-08-28,9659
00687B,國泰20年美債,23,0,23,富邦-高雄,2023-08-28,9659
6024,群益期,23,0,23,富邦-高雄,2023-08-28,9659
1810,和成,30,7,23,富邦-高雄,2023-08-28,9659
2344,華邦電,23,1,22,富邦-高雄,2023-08-28,9659
6168,宏齊,40,18,22,富邦-高雄,2023-08-28,9659
00751B,元大AAA至A公司債,21,0,21,富邦-高雄,2023-08-28,9659
2355,敬鵬,32,11,21,富邦-高雄,2023-08-28,9659
2630,亞航,51,31,20,富邦-高雄,2023-08-28,9659
00665L,富邦�琤肭磪囓�2,32,12,20,富邦-高雄,2023-08-28,9659
9919,康那香,20,0,20,富邦-高雄,2023-08-28,9659
00857B,永豐20年美公債,20,0,20,富邦-高雄,2023-08-28,9659
6274,台燿,42,22,20,富邦-高雄,2023-08-28,9659
2614,東森,21,2,19,富邦-高雄,2023-08-28,9659
00679B,元大美債20年,26,8,18,富邦-高雄,2023-08-28,9659
4906,正文,111,93,18,富邦-高雄,2023-08-28,9659
5469,瀚宇博,18,0,18,富邦-高雄,2023-08-28,9659
00795B,中信美國公債20年,16,0,16,富邦-高雄,2023-08-28,9659
3306,鼎天,16,0,16,富邦-高雄,2023-08-28,9659
4909,新復興,16,0,16,富邦-高雄,2023-08-28,9659
2610,華航,40,25,15,富邦-高雄,2023-08-28,9659
8358,金居,20,5,15,富邦-高雄,2023-08-28,9659
2369,菱生,38,23,15,富邦-高雄,2023-08-28,9659
6117,迎廣,28,13,15,富邦-高雄,2023-08-28,9659
7402,邑錡,17,3,14,富邦-高雄,2023-08-28,9659
3094,聯傑,28,14,14,富邦-高雄,2023-08-28,9659
6415,矽力*-KY,27,13,14,富邦-高雄,2023-08-28,9659
4543,萬在,16,2,14,富邦-高雄,2023-08-28,9659
2460,建通,13,0,13,富邦-高雄,2023-08-28,9659
1515,力山,13,0,13,富邦-高雄,2023-08-28,9659
3051,力特,34,22,12,富邦-高雄,2023-08-28,9659
3564,其陽,12,0,12,富邦-高雄,2023-08-28,9659
2888,新光金,26,14,12,富邦-高雄,2023-08-28,9659
8927,北基,12,0,12,富邦-高雄,2023-08-28,9659
6517,保勝光學,19,7,12,富邦-高雄,2023-08-28,9659
00929,復華台灣科技優息,355,10,345,富邦-高雄,2023-08-29,9659
00882,中信中國高股息,156,2,154,富邦-高雄,2023-08-29,9659
00637L,元大滬深300正2,123,24,99,富邦-高雄,2023-08-29,9659
2888,新光金,103,19,84,富邦-高雄,2023-08-29,9659
2363,矽統,272,190,82,富邦-高雄,2023-08-29,9659
2317,鴻海,80,27,53,富邦-高雄,2023-08-29,9659
3481,群創,66,17,49,富邦-高雄,2023-08-29,9659
2891,中信金,51,12,39,富邦-高雄,2023-08-29,9659
00712,復華富時不動產,41,6,35,富邦-高雄,2023-08-29,9659
00687B,國泰20年美債,34,0,34,富邦-高雄,2023-08-29,9659
2610,華航,47,13,34,富邦-高雄,2023-08-29,9659
00878,國泰永續高股息,69,35,34,富邦-高雄,2023-08-29,9659
00772B,中信高評級公司債,33,0,33,富邦-高雄,2023-08-29,9659
00900,富邦特選高股息30,31,0,31,富邦-高雄,2023-08-29,9659
2002,中鋼,37,6,31,富邦-高雄,2023-08-29,9659
2883,凱基金,43,17,26,富邦-高雄,2023-08-29,9659
6443,元晶,38,13,25,富邦-高雄,2023-08-29,9659
00715L,期街口布蘭特正2,24,0,24,富邦-高雄,2023-08-29,9659
00885,富邦越南,34,10,24,富邦-高雄,2023-08-29,9659
5515,建國,23,0,23,富邦-高雄,2023-08-29,9659
1471,首利,33,12,21,富邦-高雄,2023-08-29,9659
2520,冠德,21,0,21,富邦-高雄,2023-08-29,9659
2329,華泰,56,36,20,富邦-高雄,2023-08-29,9659
2880,華南金,20,0,20,富邦-高雄,2023-08-29,9659
4908,前鼎,25,5,20,富邦-高雄,2023-08-29,9659
00632R,元大台灣50反1,20,0,20,富邦-高雄,2023-08-29,9659
9945,潤泰新,39,19,20,富邦-高雄,2023-08-29,9659
3062,建漢,20,1,19,富邦-高雄,2023-08-29,9659
1810,和成,20,2,18,富邦-高雄,2023-08-29,9659
4128,中天,20,2,18,富邦-高雄,2023-08-29,9659
2637,慧洋-KY,32,14,18,富邦-高雄,2023-08-29,9659
00795B,中信美國公債20年,17,0,17,富邦-高雄,2023-08-29,9659
4938,和碩,21,6,15,富邦-高雄,2023-08-29,9659
8150,南茂,16,2,14,富邦-高雄,2023-08-29,9659
2374,佳能,92,78,14,富邦-高雄,2023-08-29,9659
2303,聯電,15,2,13,富邦-高雄,2023-08-29,9659
6603,富強鑫,12,0,12,富邦-高雄,2023-08-29,9659
00857B,永豐20年美公債,12,1,11,富邦-高雄,2023-08-29,9659
3078,僑威,13,2,11,富邦-高雄,2023-08-29,9659
2890,永豐金,11,1,10,富邦-高雄,2023-08-29,9659
00706L,期元大S＆P日圓正2,10,0,10,富邦-高雄,2023-08-29,9659
6235,華孚,24,14,10,富邦-高雄,2023-08-29,9659
6509,聚和,10,0,10,富邦-高雄,2023-08-29,9659
4543,萬在,14,4,10,富邦-高雄,2023-08-29,9659
2349,錸德,10,0,10,富邦-高雄,2023-08-29,9659
1587,吉茂,10,0,10,富邦-高雄,2023-08-29,9659
6170,統振,10,0,10,富邦-高雄,2023-08-29,9659
4933,友輝,10,0,10,富邦-高雄,2023-08-29,9659
2427,三商電,10,0,10,富邦-高雄,2023-08-29,9659
5202,力新,10,0,10,富邦-高雄,2023-08-29,9659
2606,裕民,136,1,135,富邦-高雄,2023-08-30,9659
3481,群創,124,2,122,富邦-高雄,2023-08-30,9659
2313,華通,110,1,109,富邦-高雄,2023-08-30,9659
2618,長榮航,141,55,86,富邦-高雄,2023-08-30,9659
6672,騰輝電子-KY,65,1,64,富邦-高雄,2023-08-30,9659
2883,凱基金,72,9,63,富邦-高雄,2023-08-30,9659
2891,中信金,53,3,50,富邦-高雄,2023-08-30,9659
5009,榮剛,45,3,42,富邦-高雄,2023-08-30,9659
2401,凌陽,63,23,40,富邦-高雄,2023-08-30,9659
1409,新纖,40,0,40,富邦-高雄,2023-08-30,9659
2402,毅嘉,71,36,35,富邦-高雄,2023-08-30,9659
2537,聯上發,50,15,35,富邦-高雄,2023-08-30,9659
00679B,元大美債20年,40,7,33,富邦-高雄,2023-08-30,9659
6285,啟��,37,4,33,富邦-高雄,2023-08-30,9659
00637L,元大滬深300正2,36,3,33,富邦-高雄,2023-08-30,9659
1471,首利,41,9,32,富邦-高雄,2023-08-30,9659
2301,光寶科,75,45,30,富邦-高雄,2023-08-30,9659
2610,華航,33,7,26,富邦-高雄,2023-08-30,9659
2634,漢翔,36,10,26,富邦-高雄,2023-08-30,9659
00878,國泰永續高股息,65,39,26,富邦-高雄,2023-08-30,9659
00931B,統一美債20年,23,2,21,富邦-高雄,2023-08-30,9659
3006,晶豪科,26,5,21,富邦-高雄,2023-08-30,9659
2324,仁寶,33,13,20,富邦-高雄,2023-08-30,9659
2383,台光電,25,5,20,富邦-高雄,2023-08-30,9659
3669,圓展,20,0,20,富邦-高雄,2023-08-30,9659
2312,金寶,20,0,20,富邦-高雄,2023-08-30,9659
1455,集盛,20,0,20,富邦-高雄,2023-08-30,9659
5603,陸海,21,2,19,富邦-高雄,2023-08-30,9659
00885,富邦越南,22,4,18,富邦-高雄,2023-08-30,9659
5515,建國,17,0,17,富邦-高雄,2023-08-30,9659
3035,智原,74,60,14,富邦-高雄,2023-08-30,9659
5452,佶優,15,1,14,富邦-高雄,2023-08-30,9659
00687B,國泰20年美債,14,1,13,富邦-高雄,2023-08-30,9659
00631L,元大台灣50正2,15,2,13,富邦-高雄,2023-08-30,9659
3325,旭品,34,21,13,富邦-高雄,2023-08-30,9659
6719,力智,14,1,13,富邦-高雄,2023-08-30,9659
4906,正文,32,19,13,富邦-高雄,2023-08-30,9659
6117,迎廣,12,0,12,富邦-高雄,2023-08-30,9659
5340,建榮,13,1,12,富邦-高雄,2023-08-30,9659
6147,頎邦,12,1,11,富邦-高雄,2023-08-30,9659
2409,友達,13,2,11,富邦-高雄,2023-08-30,9659
6111,大宇資,13,2,11,富邦-高雄,2023-08-30,9659
1752,南光,10,0,10,富邦-高雄,2023-08-30,9659
3046,建��,16,6,10,富邦-高雄,2023-08-30,9659
3264,欣銓,10,0,10,富邦-高雄,2023-08-30,9659
4157,太景*-KY,10,0,10,富邦-高雄,2023-08-30,9659
3305,昇貿,11,1,10,富邦-高雄,2023-08-30,9659
2390,云辰,10,0,10,富邦-高雄,2023-08-30,9659
5202,力新,10,0,10,富邦-高雄,2023-08-30,9659
2915,潤泰全,10,0,10,富邦-高雄,2023-08-30,9659
00919,群益台灣精選高息,321,0,321,富邦-高雄,2023-08-31,9659
6274,台燿,247,124,123,富邦-高雄,2023-08-31,9659
1802,台玻,99,22,77,富邦-高雄,2023-08-31,9659
3037,欣興,94,17,77,富邦-高雄,2023-08-31,9659
2883,凱基金,73,1,72,富邦-高雄,2023-08-31,9659
2881,富邦金,87,32,55,富邦-高雄,2023-08-31,9659
2885,元大金,52,0,52,富邦-高雄,2023-08-31,9659
00673R,期元大S＆P原油反1,51,0,51,富邦-高雄,2023-08-31,9659
5258,虹堡,50,0,50,富邦-高雄,2023-08-31,9659
2323,中環,48,1,47,富邦-高雄,2023-08-31,9659
2324,仁寶,54,13,41,富邦-高雄,2023-08-31,9659
1101,台泥,34,1,33,富邦-高雄,2023-08-31,9659
2892,第一金,34,1,33,富邦-高雄,2023-08-31,9659
2337,旺宏,61,28,33,富邦-高雄,2023-08-31,9659
2618,長榮航,78,46,32,富邦-高雄,2023-08-31,9659
00878,國泰永續高股息,52,20,32,富邦-高雄,2023-08-31,9659
2402,毅嘉,194,164,30,富邦-高雄,2023-08-31,9659
2884,玉山金,28,0,28,富邦-高雄,2023-08-31,9659
00795B,中信美國公債20年,28,0,28,富邦-高雄,2023-08-31,9659
00929,復華台灣科技優息,81,54,27,富邦-高雄,2023-08-31,9659
1584,精剛,25,2,23,富邦-高雄,2023-08-31,9659
3176,基亞,22,1,21,富邦-高雄,2023-08-31,9659
00772B,中信高評級公司債,22,1,21,富邦-高雄,2023-08-31,9659
3276,宇環,20,0,20,富邦-高雄,2023-08-31,9659
00712,復華富時不動產,31,11,20,富邦-高雄,2023-08-31,9659
5515,建國,20,0,20,富邦-高雄,2023-08-31,9659
2442,新美齊,20,0,20,富邦-高雄,2023-08-31,9659
2891,中信金,20,1,19,富邦-高雄,2023-08-31,9659
00923,群益台ESG低碳50,18,0,18,富邦-高雄,2023-08-31,9659
00882,中信中國高股息,19,1,18,富邦-高雄,2023-08-31,9659
1905,華紙,20,2,18,富邦-高雄,2023-08-31,9659
6213,聯茂,70,52,18,富邦-高雄,2023-08-31,9659
6285,啟��,27,9,18,富邦-高雄,2023-08-31,9659
6234,高僑,20,3,17,富邦-高雄,2023-08-31,9659
2880,華南金,17,0,17,富邦-高雄,2023-08-31,9659
3481,群創,30,13,17,富邦-高雄,2023-08-31,9659
5347,世界,21,5,16,富邦-高雄,2023-08-31,9659
6168,宏齊,21,5,16,富邦-高雄,2023-08-31,9659
2641,正德,20,5,15,富邦-高雄,2023-08-31,9659
4967,十銓,35,20,15,富邦-高雄,2023-08-31,9659
8358,金居,95,80,15,富邦-高雄,2023-08-31,9659
2887,台新金,16,2,14,富邦-高雄,2023-08-31,9659
2630,亞航,35,21,14,富邦-高雄,2023-08-31,9659
6509,聚和,14,0,14,富邦-高雄,2023-08-31,9659
2357,華碩,27,14,13,富邦-高雄,2023-08-31,9659
2409,友達,17,4,13,富邦-高雄,2023-08-31,9659
6719,力智,19,6,13,富邦-高雄,2023-08-31,9659
2886,兆豐金,15,2,13,富邦-高雄,2023-08-31,9659
1455,集盛,12,0,12,富邦-高雄,2023-08-31,9659
00931B,統一美債20年,15,3,12,富邦-高雄,2023-08-31,9659
00929,復華台灣科技優息,353,0,353,富邦-高雄,2023-09-01,9659
00919,群益台灣精選高息,152,4,148,富邦-高雄,2023-09-01,9659
2867,三商壽,105,0,105,富邦-高雄,2023-09-01,9659
1101,台泥,106,10,96,富邦-高雄,2023-09-01,9659
3231,緯創,213,130,83,富邦-高雄,2023-09-01,9659
2371,大同,88,5,83,富邦-高雄,2023-09-01,9659
1532,勤美,78,0,78,富邦-高雄,2023-09-01,9659
2485,兆赫,133,57,76,富邦-高雄,2023-09-01,9659
00932,兆豐永續高息等權,60,0,60,富邦-高雄,2023-09-01,9659
2363,矽統,267,207,60,富邦-高雄,2023-09-01,9659
2382,廣達,118,67,51,富邦-高雄,2023-09-01,9659
2313,華通,73,23,50,富邦-高雄,2023-09-01,9659
2356,英業達,78,28,50,富邦-高雄,2023-09-01,9659
8088,品安,69,22,47,富邦-高雄,2023-09-01,9659
2383,台光電,50,9,41,富邦-高雄,2023-09-01,9659
00915,凱基優選高股息30,40,0,40,富邦-高雄,2023-09-01,9659
6282,康舒,41,1,40,富邦-高雄,2023-09-01,9659
00923,群益台ESG低碳50,37,0,37,富邦-高雄,2023-09-01,9659
3356,奇偶,35,0,35,富邦-高雄,2023-09-01,9659
4747,強生,39,5,34,富邦-高雄,2023-09-01,9659
2376,技嘉,65,33,32,富邦-高雄,2023-09-01,9659
6163,華電網,31,1,30,富邦-高雄,2023-09-01,9659
8213,志超,30,0,30,富邦-高雄,2023-09-01,9659
6235,華孚,43,13,30,富邦-高雄,2023-09-01,9659
00679B,元大美債20年,29,0,29,富邦-高雄,2023-09-01,9659
3163,波若威,351,323,28,富邦-高雄,2023-09-01,9659
2885,元大金,33,6,27,富邦-高雄,2023-09-01,9659
6547,高端疫苗,67,40,27,富邦-高雄,2023-09-01,9659
3481,群創,25,1,24,富邦-高雄,2023-09-01,9659
1216,統一,24,0,24,富邦-高雄,2023-09-01,9659
2323,中環,36,13,23,富邦-高雄,2023-09-01,9659
3013,晟銘電,31,9,22,富邦-高雄,2023-09-01,9659
2390,云辰,30,8,22,富邦-高雄,2023-09-01,9659
6122,擎邦,80,60,20,富邦-高雄,2023-09-01,9659
1215,卜蜂,20,0,20,富邦-高雄,2023-09-01,9659
2442,新美齊,20,0,20,富邦-高雄,2023-09-01,9659
2455,全新,22,2,20,富邦-高雄,2023-09-01,9659
3450,聯鈞,20,0,20,富邦-高雄,2023-09-01,9659
6139,亞翔,20,0,20,富邦-高雄,2023-09-01,9659
8048,德勝,20,0,20,富邦-高雄,2023-09-01,9659
00751B,元大AAA至A公司債,22,2,20,富邦-高雄,2023-09-01,9659
00687B,國泰20年美債,22,3,19,富邦-高雄,2023-09-01,9659
4532,瑞智,20,2,18,富邦-高雄,2023-09-01,9659
2355,敬鵬,48,30,18,富邦-高雄,2023-09-01,9659
2454,聯發科,19,2,17,富邦-高雄,2023-09-01,9659
2618,長榮航,56,39,17,富邦-高雄,2023-09-01,9659
6719,力智,39,22,17,富邦-高雄,2023-09-01,9659
6732,昇佳電子,18,1,17,富邦-高雄,2023-09-01,9659
5202,力新,16,0,16,富邦-高雄,2023-09-01,9659
2421,建準,20,5,15,富邦-高雄,2023-09-01,9659
00919,群益台灣精選高息,3420,2,3418,富邦-高雄,2023-09-04,9659
00929,復華台灣科技優息,521,34,487,富邦-高雄,2023-09-04,9659
00882,中信中國高股息,108,13,95,富邦-高雄,2023-09-04,9659
1802,台玻,157,79,78,富邦-高雄,2023-09-04,9659
2867,三商壽,61,0,61,富邦-高雄,2023-09-04,9659
6282,康舒,82,21,61,富邦-高雄,2023-09-04,9659
00722B,群益投資級電信債,59,0,59,富邦-高雄,2023-09-04,9659
2618,長榮航,58,1,57,富邦-高雄,2023-09-04,9659
3481,群創,83,28,55,富邦-高雄,2023-09-04,9659
00931B,統一美債20年,46,0,46,富邦-高雄,2023-09-04,9659
00751B,元大AAA至A公司債,45,0,45,富邦-高雄,2023-09-04,9659
5439,高技,40,0,40,富邦-高雄,2023-09-04,9659
1504,東元,54,15,39,富邦-高雄,2023-09-04,9659
2363,矽統,151,112,39,富邦-高雄,2023-09-04,9659
00932,兆豐永續高息等權,37,1,36,富邦-高雄,2023-09-04,9659
8927,北基,31,0,31,富邦-高雄,2023-09-04,9659
2520,冠德,30,0,30,富邦-高雄,2023-09-04,9659
2884,玉山金,34,4,30,富邦-高雄,2023-09-04,9659
00772B,中信高評級公司債,29,0,29,富邦-高雄,2023-09-04,9659
2383,台光電,74,45,29,富邦-高雄,2023-09-04,9659
2455,全新,30,3,27,富邦-高雄,2023-09-04,9659
00713,元大台灣高息低波,27,2,25,富邦-高雄,2023-09-04,9659
2537,聯上發,38,13,25,富邦-高雄,2023-09-04,9659
2436,偉詮電,117,93,24,富邦-高雄,2023-09-04,9659
3035,智原,46,25,21,富邦-高雄,2023-09-04,9659
9105,泰金寶-DR,30,9,21,富邦-高雄,2023-09-04,9659
3006,晶豪科,21,0,21,富邦-高雄,2023-09-04,9659
1586,和勤,20,0,20,富邦-高雄,2023-09-04,9659
2409,友達,26,8,18,富邦-高雄,2023-09-04,9659
5210,寶碩,20,2,18,富邦-高雄,2023-09-04,9659
2425,承啟,18,1,17,富邦-高雄,2023-09-04,9659
6531,愛普*,23,7,16,富邦-高雄,2023-09-04,9659
00720B,元大投資級公司債,16,0,16,富邦-高雄,2023-09-04,9659
3004,豐達科,20,4,16,富邦-高雄,2023-09-04,9659
00679B,元大美債20年,17,2,15,富邦-高雄,2023-09-04,9659
2206,三陽工業,32,17,15,富邦-高雄,2023-09-04,9659
3588,通嘉,41,26,15,富邦-高雄,2023-09-04,9659
1471,首利,28,14,14,富邦-高雄,2023-09-04,9659
6274,台燿,83,69,14,富邦-高雄,2023-09-04,9659
3338,泰碩,35,21,14,富邦-高雄,2023-09-04,9659
3043,科風,17,3,14,富邦-高雄,2023-09-04,9659
2485,兆赫,79,66,13,富邦-高雄,2023-09-04,9659
2337,旺宏,14,1,13,富邦-高雄,2023-09-04,9659
6112,邁達特,21,8,13,富邦-高雄,2023-09-04,9659
00915,凱基優選高股息30,12,0,12,富邦-高雄,2023-09-04,9659
2408,南亞科,23,11,12,富邦-高雄,2023-09-04,9659
2331,精英,29,17,12,富邦-高雄,2023-09-04,9659
1444,力麗,15,3,12,富邦-高雄,2023-09-04,9659
1718,中纖,12,0,12,富邦-高雄,2023-09-04,9659
1618,合機,14,2,12,富邦-高雄,2023-09-04,9659
00929,復華台灣科技優息,517,171,346,富邦-高雄,2023-09-05,9659
4414,如興,207,0,207,富邦-高雄,2023-09-05,9659
2606,裕民,203,13,190,富邦-高雄,2023-09-05,9659
8213,志超,98,1,97,富邦-高雄,2023-09-05,9659
00918,大華優利高填息30,78,0,78,富邦-高雄,2023-09-05,9659
00919,群益台灣精選高息,87,15,72,富邦-高雄,2023-09-05,9659
2610,華航,77,6,71,富邦-高雄,2023-09-05,9659
00885,富邦越南,70,13,57,富邦-高雄,2023-09-05,9659
6672,騰輝電子-KY,61,4,57,富邦-高雄,2023-09-05,9659
00882,中信中國高股息,57,1,56,富邦-高雄,2023-09-05,9659
4915,致伸,48,2,46,富邦-高雄,2023-09-05,9659
00679B,元大美債20年,39,1,38,富邦-高雄,2023-09-05,9659
2312,金寶,39,5,34,富邦-高雄,2023-09-05,9659
2618,長榮航,58,24,34,富邦-高雄,2023-09-05,9659
6235,華孚,46,17,29,富邦-高雄,2023-09-05,9659
3715,定穎投控,72,44,28,富邦-高雄,2023-09-05,9659
6104,創惟,38,10,28,富邦-高雄,2023-09-05,9659
3231,緯創,43,17,26,富邦-高雄,2023-09-05,9659
5258,虹堡,32,6,26,富邦-高雄,2023-09-05,9659
2881,富邦金,39,14,25,富邦-高雄,2023-09-05,9659
2891,中信金,30,7,23,富邦-高雄,2023-09-05,9659
2886,兆豐金,26,4,22,富邦-高雄,2023-09-05,9659
6234,高僑,22,1,21,富邦-高雄,2023-09-05,9659
6531,愛普*,48,27,21,富邦-高雄,2023-09-05,9659
00773B,中信優先金融債,20,0,20,富邦-高雄,2023-09-05,9659
2332,友訊,37,17,20,富邦-高雄,2023-09-05,9659
6517,保勝光學,21,1,20,富邦-高雄,2023-09-05,9659
3374,精材,20,0,20,富邦-高雄,2023-09-05,9659
00642U,期元大S＆P石油,20,0,20,富邦-高雄,2023-09-05,9659
6667,信紘科,20,0,20,富邦-高雄,2023-09-05,9659
1584,精剛,28,9,19,富邦-高雄,2023-09-05,9659
6829,千附精密,23,5,18,富邦-高雄,2023-09-05,9659
00751B,元大AAA至A公司債,18,0,18,富邦-高雄,2023-09-05,9659
00932,兆豐永續高息等權,18,0,18,富邦-高雄,2023-09-05,9659
3051,力特,58,41,17,富邦-高雄,2023-09-05,9659
3481,群創,113,96,17,富邦-高雄,2023-09-05,9659
3014,聯陽,19,2,17,富邦-高雄,2023-09-05,9659
5347,世界,16,0,16,富邦-高雄,2023-09-05,9659
00915,凱基優選高股息30,16,0,16,富邦-高雄,2023-09-05,9659
5328,華容,22,6,16,富邦-高雄,2023-09-05,9659
2402,毅嘉,55,40,15,富邦-高雄,2023-09-05,9659
00720B,元大投資級公司債,15,0,15,富邦-高雄,2023-09-05,9659
2887,台新金,15,0,15,富邦-高雄,2023-09-05,9659
00931B,統一美債20年,15,0,15,富邦-高雄,2023-09-05,9659
00752,中信中國50,15,0,15,富邦-高雄,2023-09-05,9659
1104,環泥,15,0,15,富邦-高雄,2023-09-05,9659
5469,瀚宇博,38,24,14,富邦-高雄,2023-09-05,9659
6515,穎崴,16,2,14,富邦-高雄,2023-09-05,9659
1101,台泥,41,28,13,富邦-高雄,2023-09-05,9659
3105,穩懋,14,1,13,富邦-高雄,2023-09-05,9659
3481,群創,429,186,243,富邦-高雄,2023-09-06,9659
00919,群益台灣精選高息,164,5,159,富邦-高雄,2023-09-06,9659
00929,復華台灣科技優息,486,352,134,富邦-高雄,2023-09-06,9659
2409,友達,137,10,127,富邦-高雄,2023-09-06,9659
2363,矽統,240,125,115,富邦-高雄,2023-09-06,9659
2457,飛宏,121,11,110,富邦-高雄,2023-09-06,9659
3290,東浦,100,2,98,富邦-高雄,2023-09-06,9659
00932,兆豐永續高息等權,92,2,90,富邦-高雄,2023-09-06,9659
3051,力特,127,41,86,富邦-高雄,2023-09-06,9659
1101,台泥,99,16,83,富邦-高雄,2023-09-06,9659
00915,凱基優選高股息30,70,0,70,富邦-高雄,2023-09-06,9659
5469,瀚宇博,95,33,62,富邦-高雄,2023-09-06,9659
2340,台亞,84,24,60,富邦-高雄,2023-09-06,9659
00931B,統一美債20年,49,0,49,富邦-高雄,2023-09-06,9659
2201,裕隆,57,9,48,富邦-高雄,2023-09-06,9659
00772B,中信高評級公司債,47,0,47,富邦-高雄,2023-09-06,9659
4933,友輝,42,1,41,富邦-高雄,2023-09-06,9659
2618,長榮航,44,4,40,富邦-高雄,2023-09-06,9659
00725B,國泰投資級公司債,39,0,39,富邦-高雄,2023-09-06,9659
00712,復華富時不動產,46,8,38,富邦-高雄,2023-09-06,9659
2884,玉山金,37,0,37,富邦-高雄,2023-09-06,9659
2609,陽明,39,2,37,富邦-高雄,2023-09-06,9659
00687B,國泰20年美債,35,0,35,富邦-高雄,2023-09-06,9659
00900,富邦特選高股息30,65,31,34,富邦-高雄,2023-09-06,9659
2603,長榮,33,1,32,富邦-高雄,2023-09-06,9659
8155,博智,31,0,31,富邦-高雄,2023-09-06,9659
6719,力智,31,1,30,富邦-高雄,2023-09-06,9659
2851,中再保,30,0,30,富邦-高雄,2023-09-06,9659
2891B,中信金乙特,30,0,30,富邦-高雄,2023-09-06,9659
3231,緯創,52,23,29,富邦-高雄,2023-09-06,9659
00918,大華優利高填息30,29,0,29,富邦-高雄,2023-09-06,9659
4968,立積,30,1,29,富邦-高雄,2023-09-06,9659
6531,愛普*,41,12,29,富邦-高雄,2023-09-06,9659
2002,中鋼,36,8,28,富邦-高雄,2023-09-06,9659
2881,富邦金,30,3,27,富邦-高雄,2023-09-06,9659
5880,合庫金,28,1,27,富邦-高雄,2023-09-06,9659
2358,廷鑫,52,26,26,富邦-高雄,2023-09-06,9659
1802,台玻,30,7,23,富邦-高雄,2023-09-06,9659
8064,東捷,25,2,23,富邦-高雄,2023-09-06,9659
6191,精成科,27,4,23,富邦-高雄,2023-09-06,9659
00715L,期街口布蘭特正2,23,0,23,富邦-高雄,2023-09-06,9659
1444,力麗,22,0,22,富邦-高雄,2023-09-06,9659
3617,碩天,72,51,21,富邦-高雄,2023-09-06,9659
2323,中環,21,1,20,富邦-高雄,2023-09-06,9659
2412,中華電,20,0,20,富邦-高雄,2023-09-06,9659
6005,群益證,20,0,20,富邦-高雄,2023-09-06,9659
2812,台中銀,21,1,20,富邦-高雄,2023-09-06,9659
00888,永豐台灣ESG,22,3,19,富邦-高雄,2023-09-06,9659
8390,金益鼎,19,0,19,富邦-高雄,2023-09-06,9659
3583,辛耘,20,2,18,富邦-高雄,2023-09-06,9659
00929,復華台灣科技優息,706,245,461,富邦-高雄,2023-09-07,9659
00632R,元大台灣50反1,280,2,278,富邦-高雄,2023-09-07,9659
3481,群創,247,90,157,富邦-高雄,2023-09-07,9659
2485,兆赫,227,75,152,富邦-高雄,2023-09-07,9659
00919,群益台灣精選高息,164,40,124,富邦-高雄,2023-09-07,9659
1802,台玻,102,1,101,富邦-高雄,2023-09-07,9659
8027,鈦昇,81,0,81,富邦-高雄,2023-09-07,9659
2603,長榮,85,8,77,富邦-高雄,2023-09-07,9659
00932,兆豐永續高息等權,67,0,67,富邦-高雄,2023-09-07,9659
00915,凱基優選高股息30,80,13,67,富邦-高雄,2023-09-07,9659
2312,金寶,105,41,64,富邦-高雄,2023-09-07,9659
5258,虹堡,77,16,61,富邦-高雄,2023-09-07,9659
2358,廷鑫,110,53,57,富邦-高雄,2023-09-07,9659
2409,友達,61,5,56,富邦-高雄,2023-09-07,9659
3704,合勤控,122,76,46,富邦-高雄,2023-09-07,9659
00900,富邦特選高股息30,57,16,41,富邦-高雄,2023-09-07,9659
3290,東浦,42,2,40,富邦-高雄,2023-09-07,9659
2887,台新金,46,7,39,富邦-高雄,2023-09-07,9659
2610,華航,38,4,34,富邦-高雄,2023-09-07,9659
2609,陽明,48,14,34,富邦-高雄,2023-09-07,9659
2891,中信金,33,0,33,富邦-高雄,2023-09-07,9659
2002,中鋼,39,6,33,富邦-高雄,2023-09-07,9659
00772B,中信高評級公司債,33,0,33,富邦-高雄,2023-09-07,9659
1904,正隆,37,5,32,富邦-高雄,2023-09-07,9659
2412,中華電,30,0,30,富邦-高雄,2023-09-07,9659
2834,臺企銀,30,3,27,富邦-高雄,2023-09-07,9659
5284,jpp-KY,34,7,27,富邦-高雄,2023-09-07,9659
00885,富邦越南,40,14,26,富邦-高雄,2023-09-07,9659
0050,元大台灣50,26,1,25,富邦-高雄,2023-09-07,9659
2356,英業達,31,8,23,富邦-高雄,2023-09-07,9659
2303,聯電,23,1,22,富邦-高雄,2023-09-07,9659
2601,益航,22,0,22,富邦-高雄,2023-09-07,9659
00918,大華優利高填息30,22,0,22,富邦-高雄,2023-09-07,9659
2634,漢翔,32,11,21,富邦-高雄,2023-09-07,9659
2460,建通,24,3,21,富邦-高雄,2023-09-07,9659
4533,協易機,84,63,21,富邦-高雄,2023-09-07,9659
2367,燿華,31,10,21,富邦-高雄,2023-09-07,9659
6197,佳必琪,20,0,20,富邦-高雄,2023-09-07,9659
6005,群益證,20,0,20,富邦-高雄,2023-09-07,9659
00642U,期元大S＆P石油,20,0,20,富邦-高雄,2023-09-07,9659
8112,至上,53,34,19,富邦-高雄,2023-09-07,9659
2408,南亞科,21,2,19,富邦-高雄,2023-09-07,9659
6651,全宇昕,20,1,19,富邦-高雄,2023-09-07,9659
2436,偉詮電,86,67,19,富邦-高雄,2023-09-07,9659
4763,材料-KY,24,6,18,富邦-高雄,2023-09-07,9659
00715L,期街口布蘭特正2,29,11,18,富邦-高雄,2023-09-07,9659
6719,力智,26,8,18,富邦-高雄,2023-09-07,9659
2368,金像電,32,15,17,富邦-高雄,2023-09-07,9659
1471,首利,20,3,17,富邦-高雄,2023-09-07,9659
6585,鼎基,20,3,17,富邦-高雄,2023-09-07,9659
00929,復華台灣科技優息,399,17,382,富邦-高雄,2023-09-08,9659
00919,群益台灣精選高息,254,18,236,富邦-高雄,2023-09-08,9659
1471,首利,194,34,160,富邦-高雄,2023-09-08,9659
00673R,期元大S＆P原油反1,119,2,117,富邦-高雄,2023-09-08,9659
2609,陽明,115,6,109,富邦-高雄,2023-09-08,9659
2481,強茂,102,2,100,富邦-高雄,2023-09-08,9659
2891,中信金,111,25,86,富邦-高雄,2023-09-08,9659
1904,正隆,63,0,63,富邦-高雄,2023-09-08,9659
2606,裕民,52,0,52,富邦-高雄,2023-09-08,9659
00915,凱基優選高股息30,52,2,50,富邦-高雄,2023-09-08,9659
6275,元山,51,1,50,富邦-高雄,2023-09-08,9659
2382,廣達,78,32,46,富邦-高雄,2023-09-08,9659
00637L,元大滬深300正2,48,3,45,富邦-高雄,2023-09-08,9659
00918,大華優利高填息30,43,0,43,富邦-高雄,2023-09-08,9659
3715,定穎投控,183,140,43,富邦-高雄,2023-09-08,9659
8034,榮群,47,5,42,富邦-高雄,2023-09-08,9659
6285,啟��,55,14,41,富邦-高雄,2023-09-08,9659
5347,世界,41,1,40,富邦-高雄,2023-09-08,9659
5258,虹堡,43,7,36,富邦-高雄,2023-09-08,9659
2603,長榮,43,12,31,富邦-高雄,2023-09-08,9659
1101,台泥,42,13,29,富邦-高雄,2023-09-08,9659
2834,臺企銀,28,0,28,富邦-高雄,2023-09-08,9659
1414,東和,23,0,23,富邦-高雄,2023-09-08,9659
3260,威剛,24,1,23,富邦-高雄,2023-09-08,9659
2630,亞航,45,22,23,富邦-高雄,2023-09-08,9659
3528,安馳,22,0,22,富邦-高雄,2023-09-08,9659
3013,晟銘電,33,12,21,富邦-高雄,2023-09-08,9659
2383,台光電,44,23,21,富邦-高雄,2023-09-08,9659
2412,中華電,20,0,20,富邦-高雄,2023-09-08,9659
2428,興勤,20,0,20,富邦-高雄,2023-09-08,9659
3622,洋華,23,3,20,富邦-高雄,2023-09-08,9659
6127,九豪,23,3,20,富邦-高雄,2023-09-08,9659
9105,泰金寶-DR,32,12,20,富邦-高雄,2023-09-08,9659
00931B,統一美債20年,20,1,19,富邦-高雄,2023-09-08,9659
1802,台玻,39,20,19,富邦-高雄,2023-09-08,9659
3483,力致,35,17,18,富邦-高雄,2023-09-08,9659
5483,中美晶,20,2,18,富邦-高雄,2023-09-08,9659
2376,技嘉,50,32,18,富邦-高雄,2023-09-08,9659
1513,中興電,19,2,17,富邦-高雄,2023-09-08,9659
2002,中鋼,20,4,16,富邦-高雄,2023-09-08,9659
1618,合機,31,15,16,富邦-高雄,2023-09-08,9659
00892,富邦台灣半導體,16,0,16,富邦-高雄,2023-09-08,9659
1307,三芳,18,2,16,富邦-高雄,2023-09-08,9659
2887,台新金,16,0,16,富邦-高雄,2023-09-08,9659
2201,裕隆,28,13,15,富邦-高雄,2023-09-08,9659
2618,長榮航,66,51,15,富邦-高雄,2023-09-08,9659
6024,群益期,15,0,15,富邦-高雄,2023-09-08,9659
00715L,期街口布蘭特正2,27,12,15,富邦-高雄,2023-09-08,9659
2614,東森,17,2,15,富邦-高雄,2023-09-08,9659
00923,群益台ESG低碳50,15,0,15,富邦-高雄,2023-09-08,9659
00919,群益台灣精選高息,404,16,388,富邦-高雄,2023-09-11,9659
00878,國泰永續高股息,336,69,267,富邦-高雄,2023-09-11,9659
00929,復華台灣科技優息,335,183,152,富邦-高雄,2023-09-11,9659
0056,元大高股息,161,37,124,富邦-高雄,2023-09-11,9659
2891,中信金,116,11,105,富邦-高雄,2023-09-11,9659
6443,元晶,105,3,102,富邦-高雄,2023-09-11,9659
2427,三商電,106,8,98,富邦-高雄,2023-09-11,9659
00931B,統一美債20年,95,0,95,富邦-高雄,2023-09-11,9659
00932,兆豐永續高息等權,75,0,75,富邦-高雄,2023-09-11,9659
3338,泰碩,73,3,70,富邦-高雄,2023-09-11,9659
1471,首利,123,65,58,富邦-高雄,2023-09-11,9659
00713,元大台灣高息低波,53,1,52,富邦-高雄,2023-09-11,9659
2618,長榮航,57,8,49,富邦-高雄,2023-09-11,9659
3481,群創,114,74,40,富邦-高雄,2023-09-11,9659
00665L,富邦�琤肭磪囓�2,40,0,40,富邦-高雄,2023-09-11,9659
3528,安馳,40,0,40,富邦-高雄,2023-09-11,9659
1513,中興電,46,6,40,富邦-高雄,2023-09-11,9659
6770,力積電,50,12,38,富邦-高雄,2023-09-11,9659
2376,技嘉,72,35,37,富邦-高雄,2023-09-11,9659
2352,佳世達,51,15,36,富邦-高雄,2023-09-11,9659
2312,金寶,59,26,33,富邦-高雄,2023-09-11,9659
00671R,富邦NASDAQ反1,33,0,33,富邦-高雄,2023-09-11,9659
2363,矽統,154,121,33,富邦-高雄,2023-09-11,9659
4938,和碩,34,3,31,富邦-高雄,2023-09-11,9659
00679B,元大美債20年,32,1,31,富邦-高雄,2023-09-11,9659
1522,堤維西,46,15,31,富邦-高雄,2023-09-11,9659
2867,三商壽,50,20,30,富邦-高雄,2023-09-11,9659
2884,玉山金,30,0,30,富邦-高雄,2023-09-11,9659
00923,群益台ESG低碳50,38,9,29,富邦-高雄,2023-09-11,9659
2002,中鋼,42,13,29,富邦-高雄,2023-09-11,9659
00900,富邦特選高股息30,63,35,28,富邦-高雄,2023-09-11,9659
2330,台積電,27,0,27,富邦-高雄,2023-09-11,9659
3264,欣銓,40,14,26,富邦-高雄,2023-09-11,9659
3231,緯創,155,129,26,富邦-高雄,2023-09-11,9659
2368,金像電,77,54,23,富邦-高雄,2023-09-11,9659
00722B,群益投資級電信債,21,0,21,富邦-高雄,2023-09-11,9659
6109,亞元,27,6,21,富邦-高雄,2023-09-11,9659
00680L,元大美債20正2,20,0,20,富邦-高雄,2023-09-11,9659
5202,力新,20,0,20,富邦-高雄,2023-09-11,9659
2630,亞航,53,34,19,富邦-高雄,2023-09-11,9659
00918,大華優利高填息30,30,12,18,富邦-高雄,2023-09-11,9659
2323,中環,18,0,18,富邦-高雄,2023-09-11,9659
1802,台玻,56,38,18,富邦-高雄,2023-09-11,9659
3454,晶睿,17,0,17,富邦-高雄,2023-09-11,9659
4527,方土霖,19,2,17,富邦-高雄,2023-09-11,9659
4572,駐龍,17,1,16,富邦-高雄,2023-09-11,9659
3163,波若威,35,19,16,富邦-高雄,2023-09-11,9659
2405,輔信,77,61,16,富邦-高雄,2023-09-11,9659
3188,鑫龍騰,15,0,15,富邦-高雄,2023-09-11,9659
8210,勤誠,14,0,14,富邦-高雄,2023-09-11,9659
00929,復華台灣科技優息,290,45,245,富邦-高雄,2023-09-12,9659
2880,華南金,228,14,214,富邦-高雄,2023-09-12,9659
00671R,富邦NASDAQ反1,200,0,200,富邦-高雄,2023-09-12,9659
00919,群益台灣精選高息,119,12,107,富邦-高雄,2023-09-12,9659
3037,欣興,124,19,105,富邦-高雄,2023-09-12,9659
6257,矽格,103,0,103,富邦-高雄,2023-09-12,9659
3047,訊舟,105,3,102,富邦-高雄,2023-09-12,9659
6282,康舒,135,44,91,富邦-高雄,2023-09-12,9659
00915,凱基優選高股息30,77,0,77,富邦-高雄,2023-09-12,9659
6415,矽力*-KY,78,16,62,富邦-高雄,2023-09-12,9659
00918,大華優利高填息30,60,0,60,富邦-高雄,2023-09-12,9659
2427,三商電,91,34,57,富邦-高雄,2023-09-12,9659
2891,中信金,59,7,52,富邦-高雄,2023-09-12,9659
2867,三商壽,56,4,52,富邦-高雄,2023-09-12,9659
2834,臺企銀,53,1,52,富邦-高雄,2023-09-12,9659
2358,廷鑫,80,31,49,富邦-高雄,2023-09-12,9659
00713,元大台灣高息低波,63,16,47,富邦-高雄,2023-09-12,9659
2316,楠梓電,40,0,40,富邦-高雄,2023-09-12,9659
1524,耿鼎,200,160,40,富邦-高雄,2023-09-12,9659
1584,精剛,42,3,39,富邦-高雄,2023-09-12,9659
2537,聯上發,40,2,38,富邦-高雄,2023-09-12,9659
3481,群創,53,16,37,富邦-高雄,2023-09-12,9659
1314,中石化,32,0,32,富邦-高雄,2023-09-12,9659
00679B,元大美債20年,31,0,31,富邦-高雄,2023-09-12,9659
0056,元大高股息,40,10,30,富邦-高雄,2023-09-12,9659
5512,力麒,28,0,28,富邦-高雄,2023-09-12,9659
8034,榮群,29,1,28,富邦-高雄,2023-09-12,9659
2428,興勤,25,0,25,富邦-高雄,2023-09-12,9659
2425,承啟,24,1,23,富邦-高雄,2023-09-12,9659
3043,科風,23,0,23,富邦-高雄,2023-09-12,9659
2405,輔信,35,13,22,富邦-高雄,2023-09-12,9659
2367,燿華,20,0,20,富邦-高雄,2023-09-12,9659
2025,千興,21,1,20,富邦-高雄,2023-09-12,9659
00932,兆豐永續高息等權,21,2,19,富邦-高雄,2023-09-12,9659
2885,元大金,20,1,19,富邦-高雄,2023-09-12,9659
8155,博智,31,12,19,富邦-高雄,2023-09-12,9659
00931B,統一美債20年,18,0,18,富邦-高雄,2023-09-12,9659
2355,敬鵬,26,8,18,富邦-高雄,2023-09-12,9659
2382,廣達,56,39,17,富邦-高雄,2023-09-12,9659
2412,中華電,18,1,17,富邦-高雄,2023-09-12,9659
5014,建錩,17,0,17,富邦-高雄,2023-09-12,9659
3078,僑威,37,21,16,富邦-高雄,2023-09-12,9659
2388,威盛,25,9,16,富邦-高雄,2023-09-12,9659
5284,jpp-KY,16,0,16,富邦-高雄,2023-09-12,9659
8110,華東,16,0,16,富邦-高雄,2023-09-12,9659
00751B,元大AAA至A公司債,15,0,15,富邦-高雄,2023-09-12,9659
1795,美時,21,6,15,富邦-高雄,2023-09-12,9659
9934,成霖,17,2,15,富邦-高雄,2023-09-12,9659
8076,伍豐,24,9,15,富邦-高雄,2023-09-12,9659
1504,東元,16,2,14,富邦-高雄,2023-09-12,9659
00632R,元大台灣50反1,2030,0,2030,富邦-高雄,2023-09-13,9659
00929,復華台灣科技優息,632,310,322,富邦-高雄,2023-09-13,9659
00919,群益台灣精選高息,321,21,300,富邦-高雄,2023-09-13,9659
2412,中華電,143,1,142,富邦-高雄,2023-09-13,9659
3481,群創,95,3,92,富邦-高雄,2023-09-13,9659
2340,台亞,86,9,77,富邦-高雄,2023-09-13,9659
5469,瀚宇博,108,40,68,富邦-高雄,2023-09-13,9659
00665L,富邦�琤肭磪囓�2,60,0,60,富邦-高雄,2023-09-13,9659
2317,鴻海,58,0,58,富邦-高雄,2023-09-13,9659
2458,義隆,206,149,57,富邦-高雄,2023-09-13,9659
00772B,中信高評級公司債,54,1,53,富邦-高雄,2023-09-13,9659
2367,燿華,52,0,52,富邦-高雄,2023-09-13,9659
2371,大同,57,8,49,富邦-高雄,2023-09-13,9659
00642U,期元大S＆P石油,51,5,46,富邦-高雄,2023-09-13,9659
2331,精英,60,22,38,富邦-高雄,2023-09-13,9659
00713,元大台灣高息低波,38,3,35,富邦-高雄,2023-09-13,9659
2352,佳世達,45,12,33,富邦-高雄,2023-09-13,9659
1307,三芳,43,17,26,富邦-高雄,2023-09-13,9659
2537,聯上發,25,0,25,富邦-高雄,2023-09-13,9659
00637L,元大滬深300正2,28,5,23,富邦-高雄,2023-09-13,9659
00907,永豐優息存股,28,6,22,富邦-高雄,2023-09-13,9659
5202,力新,22,0,22,富邦-高雄,2023-09-13,9659
00722B,群益投資級電信債,22,0,22,富邦-高雄,2023-09-13,9659
6005,群益證,22,0,22,富邦-高雄,2023-09-13,9659
3363,上詮,36,15,21,富邦-高雄,2023-09-13,9659
2838,聯邦銀,21,0,21,富邦-高雄,2023-09-13,9659
00720B,元大投資級公司債,21,0,21,富邦-高雄,2023-09-13,9659
2369,菱生,21,1,20,富邦-高雄,2023-09-13,9659
2025,千興,31,11,20,富邦-高雄,2023-09-13,9659
00932,兆豐永續高息等權,21,1,20,富邦-高雄,2023-09-13,9659
00888,永豐台灣ESG,20,0,20,富邦-高雄,2023-09-13,9659
00915,凱基優選高股息30,22,3,19,富邦-高雄,2023-09-13,9659
2885,元大金,22,3,19,富邦-高雄,2023-09-13,9659
6147,頎邦,23,5,18,富邦-高雄,2023-09-13,9659
3706,神達,17,0,17,富邦-高雄,2023-09-13,9659
8213,志超,17,0,17,富邦-高雄,2023-09-13,9659
4943,康控-KY,17,0,17,富邦-高雄,2023-09-13,9659
00931B,統一美債20年,17,0,17,富邦-高雄,2023-09-13,9659
2355,敬鵬,55,39,16,富邦-高雄,2023-09-13,9659
4746,台耀,22,6,16,富邦-高雄,2023-09-13,9659
2630,亞航,37,21,16,富邦-高雄,2023-09-13,9659
00633L,富邦上証正2,15,0,15,富邦-高雄,2023-09-13,9659
3711,日月光投控,18,3,15,富邦-高雄,2023-09-13,9659
2002,中鋼,26,12,14,富邦-高雄,2023-09-13,9659
00751B,元大AAA至A公司債,14,0,14,富邦-高雄,2023-09-13,9659
4572,駐龍,14,0,14,富邦-高雄,2023-09-13,9659
2353,宏��,17,3,14,富邦-高雄,2023-09-13,9659
3346,麗清,17,4,13,富邦-高雄,2023-09-13,9659
00902,中信電池及儲能,13,0,13,富邦-高雄,2023-09-13,9659
3163,波若威,33,21,12,富邦-高雄,2023-09-13,9659
2485,兆赫,165,6,159,富邦-高雄,2023-09-14,9659
2605,新興,127,18,109,富邦-高雄,2023-09-14,9659
2332,友訊,103,8,95,富邦-高雄,2023-09-14,9659
00919,群益台灣精選高息,145,52,93,富邦-高雄,2023-09-14,9659
1568,倉佑,116,35,81,富邦-高雄,2023-09-14,9659
00885,富邦越南,89,11,78,富邦-高雄,2023-09-14,9659
00929,復華台灣科技優息,359,285,74,富邦-高雄,2023-09-14,9659
3264,欣銓,59,0,59,富邦-高雄,2023-09-14,9659
2618,長榮航,64,12,52,富邦-高雄,2023-09-14,9659
3163,波若威,102,52,50,富邦-高雄,2023-09-14,9659
2542,興富發,50,2,48,富邦-高雄,2023-09-14,9659
2419,仲琦,48,0,48,富邦-高雄,2023-09-14,9659
3231,緯創,260,213,47,富邦-高雄,2023-09-14,9659
1471,首利,58,12,46,富邦-高雄,2023-09-14,9659
4979,華星光,93,51,42,富邦-高雄,2023-09-14,9659
00715L,期街口布蘭特正2,65,23,42,富邦-高雄,2023-09-14,9659
2340,台亞,50,8,42,富邦-高雄,2023-09-14,9659
3693,營邦,45,3,42,富邦-高雄,2023-09-14,9659
00673R,期元大S＆P原油反1,38,0,38,富邦-高雄,2023-09-14,9659
2329,華泰,54,16,38,富邦-高雄,2023-09-14,9659
2637,慧洋-KY,59,22,37,富邦-高雄,2023-09-14,9659
2371,大同,99,62,37,富邦-高雄,2023-09-14,9659
2317,鴻海,43,8,35,富邦-高雄,2023-09-14,9659
4943,康控-KY,33,0,33,富邦-高雄,2023-09-14,9659
00713,元大台灣高息低波,50,18,32,富邦-高雄,2023-09-14,9659
00679B,元大美債20年,32,0,32,富邦-高雄,2023-09-14,9659
00772B,中信高評級公司債,30,0,30,富邦-高雄,2023-09-14,9659
3363,上詮,56,26,30,富邦-高雄,2023-09-14,9659
2006,東和鋼鐵,32,4,28,富邦-高雄,2023-09-14,9659
8069,元太,29,3,26,富邦-高雄,2023-09-14,9659
2383,台光電,26,1,25,富邦-高雄,2023-09-14,9659
6470,宇智,25,2,23,富邦-高雄,2023-09-14,9659
00712,復華富時不動產,23,1,22,富邦-高雄,2023-09-14,9659
5014,建錩,20,0,20,富邦-高雄,2023-09-14,9659
3042,晶技,20,1,19,富邦-高雄,2023-09-14,9659
2449,京元電子,30,12,18,富邦-高雄,2023-09-14,9659
6505,台塑化,18,0,18,富邦-高雄,2023-09-14,9659
2471,資通,20,5,15,富邦-高雄,2023-09-14,9659
00753L,中信中國50正2,15,0,15,富邦-高雄,2023-09-14,9659
3706,神達,20,6,14,富邦-高雄,2023-09-14,9659
00918,大華優利高填息30,19,5,14,富邦-高雄,2023-09-14,9659
2201,裕隆,24,10,14,富邦-高雄,2023-09-14,9659
2402,毅嘉,16,2,14,富邦-高雄,2023-09-14,9659
00751B,元大AAA至A公司債,14,0,14,富邦-高雄,2023-09-14,9659
3380,明泰,20,7,13,富邦-高雄,2023-09-14,9659
00897,富邦基因免疫生技,13,0,13,富邦-高雄,2023-09-14,9659
5347,世界,13,0,13,富邦-高雄,2023-09-14,9659
1815,富喬,13,0,13,富邦-高雄,2023-09-14,9659
00752,中信中國50,13,0,13,富邦-高雄,2023-09-14,9659
5258,虹堡,31,18,13,富邦-高雄,2023-09-14,9659
00929,復華台灣科技優息,929,50,879,富邦-高雄,2023-09-15,9659
00632R,元大台灣50反1,1001,502,499,富邦-高雄,2023-09-15,9659
2605,新興,262,64,198,富邦-高雄,2023-09-15,9659
3037,欣興,227,29,198,富邦-高雄,2023-09-15,9659
6257,矽格,101,18,83,富邦-高雄,2023-09-15,9659
2371,大同,73,13,60,富邦-高雄,2023-09-15,9659
2337,旺宏,86,28,58,富邦-高雄,2023-09-15,9659
6719,力智,68,14,54,富邦-高雄,2023-09-15,9659
2485,兆赫,56,3,53,富邦-高雄,2023-09-15,9659
2367,燿華,51,0,51,富邦-高雄,2023-09-15,9659
00679B,元大美債20年,50,2,48,富邦-高雄,2023-09-15,9659
3363,上詮,85,39,46,富邦-高雄,2023-09-15,9659
00915,凱基優選高股息30,53,8,45,富邦-高雄,2023-09-15,9659
2610,華航,66,22,44,富邦-高雄,2023-09-15,9659
00642U,期元大S＆P石油,45,3,42,富邦-高雄,2023-09-15,9659
1599,宏佳騰,40,0,40,富邦-高雄,2023-09-15,9659
00927,群益半導體收益,56,16,40,富邦-高雄,2023-09-15,9659
2419,仲琦,42,4,38,富邦-高雄,2023-09-15,9659
2891,中信金,53,17,36,富邦-高雄,2023-09-15,9659
00900,富邦特選高股息30,91,55,36,富邦-高雄,2023-09-15,9659
00918,大華優利高填息30,86,52,34,富邦-高雄,2023-09-15,9659
00687B,國泰20年美債,33,0,33,富邦-高雄,2023-09-15,9659
00931B,統一美債20年,33,0,33,富邦-高雄,2023-09-15,9659
2412,中華電,33,0,33,富邦-高雄,2023-09-15,9659
3338,泰碩,46,13,33,富邦-高雄,2023-09-15,9659
00921,兆豐龍頭等權重,34,1,33,富邦-高雄,2023-09-15,9659
00932,兆豐永續高息等權,31,1,30,富邦-高雄,2023-09-15,9659
2359,所羅門,30,0,30,富邦-高雄,2023-09-15,9659
2363,矽統,141,112,29,富邦-高雄,2023-09-15,9659
2486,一詮,62,34,28,富邦-高雄,2023-09-15,9659
6120,達運,30,3,27,富邦-高雄,2023-09-15,9659
2880,華南金,27,1,26,富邦-高雄,2023-09-15,9659
1802,台玻,28,2,26,富邦-高雄,2023-09-15,9659
1584,精剛,34,9,25,富邦-高雄,2023-09-15,9659
2617,台航,29,4,25,富邦-高雄,2023-09-15,9659
2317,鴻海,47,23,24,富邦-高雄,2023-09-15,9659
00892,富邦台灣半導體,25,2,23,富邦-高雄,2023-09-15,9659
00637L,元大滬深300正2,43,20,23,富邦-高雄,2023-09-15,9659
00713,元大台灣高息低波,25,4,21,富邦-高雄,2023-09-15,9659
3206,志豐,20,0,20,富邦-高雄,2023-09-15,9659
2377,微星,23,4,19,富邦-高雄,2023-09-15,9659
3265,台星科,28,9,19,富邦-高雄,2023-09-15,9659
5258,虹堡,63,45,18,富邦-高雄,2023-09-15,9659
6426,統新,18,0,18,富邦-高雄,2023-09-15,9659
2885,元大金,20,3,17,富邦-高雄,2023-09-15,9659
2884,玉山金,19,3,16,富邦-高雄,2023-09-15,9659
1455,集盛,16,0,16,富邦-高雄,2023-09-15,9659
2890,永豐金,16,0,16,富邦-高雄,2023-09-15,9659
2002,中鋼,43,28,15,富邦-高雄,2023-09-15,9659
8033,雷虎,18,3,15,富邦-高雄,2023-09-15,9659
00919,群益台灣精選高息,5981,19,5962,富邦-高雄,2023-09-18,9659
00929,復華台灣科技優息,711,112,599,富邦-高雄,2023-09-18,9659
2367,燿華,250,77,173,富邦-高雄,2023-09-18,9659
2363,矽統,233,85,148,富邦-高雄,2023-09-18,9659
00673R,期元大S＆P原油反1,136,0,136,富邦-高雄,2023-09-18,9659
00878,國泰永續高股息,172,49,123,富邦-高雄,2023-09-18,9659
00679B,元大美債20年,104,4,100,富邦-高雄,2023-09-18,9659
2603,長榮,129,29,100,富邦-高雄,2023-09-18,9659
3163,波若威,118,21,97,富邦-高雄,2023-09-18,9659
00772B,中信高評級公司債,76,0,76,富邦-高雄,2023-09-18,9659
00751B,元大AAA至A公司債,75,0,75,富邦-高雄,2023-09-18,9659
00795B,中信美國公債20年,70,0,70,富邦-高雄,2023-09-18,9659
00921,兆豐龍頭等權重,70,0,70,富邦-高雄,2023-09-18,9659
00931B,統一美債20年,80,10,70,富邦-高雄,2023-09-18,9659
2838,聯邦銀,55,0,55,富邦-高雄,2023-09-18,9659
00632R,元大台灣50反1,53,0,53,富邦-高雄,2023-09-18,9659
2356,英業達,55,6,49,富邦-高雄,2023-09-18,9659
2330,台積電,53,4,49,富邦-高雄,2023-09-18,9659
2313,華通,184,136,48,富邦-高雄,2023-09-18,9659
6257,矽格,49,3,46,富邦-高雄,2023-09-18,9659
00671R,富邦NASDAQ反1,50,5,45,富邦-高雄,2023-09-18,9659
00687B,國泰20年美債,44,0,44,富邦-高雄,2023-09-18,9659
00882,中信中國高股息,44,2,42,富邦-高雄,2023-09-18,9659
8240,華宏,40,0,40,富邦-高雄,2023-09-18,9659
6274,台燿,48,14,34,富邦-高雄,2023-09-18,9659
2317,鴻海,74,42,32,富邦-高雄,2023-09-18,9659
00923,群益台ESG低碳50,73,43,30,富邦-高雄,2023-09-18,9659
8213,志超,33,3,30,富邦-高雄,2023-09-18,9659
2851,中再保,29,0,29,富邦-高雄,2023-09-18,9659
3276,宇環,75,47,28,富邦-高雄,2023-09-18,9659
00722B,群益投資級電信債,27,0,27,富邦-高雄,2023-09-18,9659
00680L,元大美債20正2,27,0,27,富邦-高雄,2023-09-18,9659
00720B,元大投資級公司債,47,20,27,富邦-高雄,2023-09-18,9659
2303,聯電,51,25,26,富邦-高雄,2023-09-18,9659
6120,達運,32,6,26,富邦-高雄,2023-09-18,9659
00893,國泰智能電動車,28,3,25,富邦-高雄,2023-09-18,9659
1802,台玻,31,6,25,富邦-高雄,2023-09-18,9659
6531,愛普*,43,18,25,富邦-高雄,2023-09-18,9659
2834,臺企銀,26,3,23,富邦-高雄,2023-09-18,9659
00915,凱基優選高股息30,28,5,23,富邦-高雄,2023-09-18,9659
1605,華新,31,8,23,富邦-高雄,2023-09-18,9659
00830,國泰費城半導體,22,0,22,富邦-高雄,2023-09-18,9659
1504,東元,20,0,20,富邦-高雄,2023-09-18,9659
2449,京元電子,26,7,19,富邦-高雄,2023-09-18,9659
00918,大華優利高填息30,19,0,19,富邦-高雄,2023-09-18,9659
1101,台泥,22,4,18,富邦-高雄,2023-09-18,9659
1103,嘉泥,17,0,17,富邦-高雄,2023-09-18,9659
2108,南帝,18,1,17,富邦-高雄,2023-09-18,9659
00642U,期元大S＆P石油,20,3,17,富邦-高雄,2023-09-18,9659
2382,廣達,56,40,16,富邦-高雄,2023-09-18,9659
00929,復華台灣科技優息,376,126,250,富邦-高雄,2023-09-19,9659
00897,富邦基因免疫生技,155,0,155,富邦-高雄,2023-09-19,9659
00878,國泰永續高股息,187,61,126,富邦-高雄,2023-09-19,9659
00921,兆豐龍頭等權重,106,0,106,富邦-高雄,2023-09-19,9659
00919,群益台灣精選高息,111,10,101,富邦-高雄,2023-09-19,9659
00669R,國泰美國道瓊反1,100,0,100,富邦-高雄,2023-09-19,9659
3481,群創,101,25,76,富邦-高雄,2023-09-19,9659
2332,友訊,69,2,67,富邦-高雄,2023-09-19,9659
8213,志超,61,0,61,富邦-高雄,2023-09-19,9659
8240,華宏,60,0,60,富邦-高雄,2023-09-19,9659
3265,台星科,76,17,59,富邦-高雄,2023-09-19,9659
00932,兆豐永續高息等權,65,20,45,富邦-高雄,2023-09-19,9659
6901,鑽石投資,109,68,41,富邦-高雄,2023-09-19,9659
3022,威強電,40,0,40,富邦-高雄,2023-09-19,9659
2330,台積電,40,1,39,富邦-高雄,2023-09-19,9659
2618,長榮航,82,44,38,富邦-高雄,2023-09-19,9659
2354,鴻準,84,47,37,富邦-高雄,2023-09-19,9659
4979,華星光,53,19,34,富邦-高雄,2023-09-19,9659
1720,生達,33,1,32,富邦-高雄,2023-09-19,9659
0056,元大高股息,60,28,32,富邦-高雄,2023-09-19,9659
00712,復華富時不動產,30,0,30,富邦-高雄,2023-09-19,9659
1532,勤美,30,0,30,富邦-高雄,2023-09-19,9659
2317,鴻海,50,22,28,富邦-高雄,2023-09-19,9659
00753L,中信中國50正2,27,0,27,富邦-高雄,2023-09-19,9659
6187,萬潤,25,0,25,富邦-高雄,2023-09-19,9659
00715L,期街口布蘭特正2,23,1,22,富邦-高雄,2023-09-19,9659
3036,文曄,39,18,21,富邦-高雄,2023-09-19,9659
1904,正隆,21,0,21,富邦-高雄,2023-09-19,9659
2337,旺宏,20,0,20,富邦-高雄,2023-09-19,9659
00922,國泰台灣領袖50,20,0,20,富邦-高雄,2023-09-19,9659
2303,聯電,21,2,19,富邦-高雄,2023-09-19,9659
3706,神達,27,9,18,富邦-高雄,2023-09-19,9659
1455,集盛,17,0,17,富邦-高雄,2023-09-19,9659
00900,富邦特選高股息30,25,8,17,富邦-高雄,2023-09-19,9659
6188,廣明,17,1,16,富邦-高雄,2023-09-19,9659
5328,華容,18,2,16,富邦-高雄,2023-09-19,9659
2408,南亞科,16,0,16,富邦-高雄,2023-09-19,9659
8112,至上,57,41,16,富邦-高雄,2023-09-19,9659
3694,海華,18,2,16,富邦-高雄,2023-09-19,9659
1324,地球,15,0,15,富邦-高雄,2023-09-19,9659
2371,大同,47,32,15,富邦-高雄,2023-09-19,9659
00679B,元大美債20年,15,0,15,富邦-高雄,2023-09-19,9659
1504,東元,19,5,14,富邦-高雄,2023-09-19,9659
1217,愛之味,14,0,14,富邦-高雄,2023-09-19,9659
2356,英業達,34,21,13,富邦-高雄,2023-09-19,9659
1101,台泥,13,0,13,富邦-高雄,2023-09-19,9659
00923,群益台ESG低碳50,12,0,12,富邦-高雄,2023-09-19,9659
00670L,富邦NASDAQ正2,12,0,12,富邦-高雄,2023-09-19,9659
6223,旺矽,15,3,12,富邦-高雄,2023-09-19,9659
1216,統一,12,0,12,富邦-高雄,2023-09-19,9659
00680L,元大美債20正2,401,0,401,富邦-高雄,2023-09-20,9659
00857B,永豐20年美公債,126,0,126,富邦-高雄,2023-09-20,9659
00919,群益台灣精選高息,216,104,112,富邦-高雄,2023-09-20,9659
00679B,元大美債20年,94,2,92,富邦-高雄,2023-09-20,9659
2367,燿華,225,138,87,富邦-高雄,2023-09-20,9659
6257,矽格,150,65,85,富邦-高雄,2023-09-20,9659
00932,兆豐永續高息等權,82,2,80,富邦-高雄,2023-09-20,9659
3481,群創,98,23,75,富邦-高雄,2023-09-20,9659
00878,國泰永續高股息,105,36,69,富邦-高雄,2023-09-20,9659
00673R,期元大S＆P原油反1,69,0,69,富邦-高雄,2023-09-20,9659
6531,愛普*,95,41,54,富邦-高雄,2023-09-20,9659
00772B,中信高評級公司債,48,1,47,富邦-高雄,2023-09-20,9659
2601,益航,44,0,44,富邦-高雄,2023-09-20,9659
2609,陽明,57,14,43,富邦-高雄,2023-09-20,9659
3231,緯創,106,64,42,富邦-高雄,2023-09-20,9659
1101,台泥,42,1,41,富邦-高雄,2023-09-20,9659
4142,國光生,39,0,39,富邦-高雄,2023-09-20,9659
2449,京元電子,88,50,38,富邦-高雄,2023-09-20,9659
00751B,元大AAA至A公司債,38,0,38,富邦-高雄,2023-09-20,9659
1802,台玻,51,14,37,富邦-高雄,2023-09-20,9659
3260,威剛,37,4,33,富邦-高雄,2023-09-20,9659
00907,永豐優息存股,33,0,33,富邦-高雄,2023-09-20,9659
00753L,中信中國50正2,32,0,32,富邦-高雄,2023-09-20,9659
2363,矽統,86,54,32,富邦-高雄,2023-09-20,9659
00632R,元大台灣50反1,35,3,32,富邦-高雄,2023-09-20,9659
6901,鑽石投資,78,47,31,富邦-高雄,2023-09-20,9659
2344,華邦電,38,7,31,富邦-高雄,2023-09-20,9659
2867,三商壽,30,0,30,富邦-高雄,2023-09-20,9659
4943,康控-KY,30,0,30,富邦-高雄,2023-09-20,9659
8069,元太,30,0,30,富邦-高雄,2023-09-20,9659
2330,台積電,29,0,29,富邦-高雄,2023-09-20,9659
2382,廣達,80,52,28,富邦-高雄,2023-09-20,9659
2538,基泰,30,2,28,富邦-高雄,2023-09-20,9659
2603,長榮,202,175,27,富邦-高雄,2023-09-20,9659
2317,鴻海,51,24,27,富邦-高雄,2023-09-20,9659
2892,第一金,26,0,26,富邦-高雄,2023-09-20,9659
2883,凱基金,47,21,26,富邦-高雄,2023-09-20,9659
2618,長榮航,97,72,25,富邦-高雄,2023-09-20,9659
3265,台星科,150,125,25,富邦-高雄,2023-09-20,9659
00712,復華富時不動產,32,7,25,富邦-高雄,2023-09-20,9659
00885,富邦越南,25,0,25,富邦-高雄,2023-09-20,9659
00671R,富邦NASDAQ反1,25,1,24,富邦-高雄,2023-09-20,9659
00931B,統一美債20年,22,0,22,富邦-高雄,2023-09-20,9659
1538,正峰,22,0,22,富邦-高雄,2023-09-20,9659
6122,擎邦,28,7,21,富邦-高雄,2023-09-20,9659
2303,聯電,24,3,21,富邦-高雄,2023-09-20,9659
4915,致伸,21,0,21,富邦-高雄,2023-09-20,9659
2634,漢翔,20,0,20,富邦-高雄,2023-09-20,9659
5202,力新,20,0,20,富邦-高雄,2023-09-20,9659
00897,富邦基因免疫生技,20,0,20,富邦-高雄,2023-09-20,9659
3231,緯創,383,63,320,富邦-高雄,2023-09-21,9659
00878,國泰永續高股息,240,62,178,富邦-高雄,2023-09-21,9659
00671R,富邦NASDAQ反1,175,0,175,富邦-高雄,2023-09-21,9659
00897,富邦基因免疫生技,155,0,155,富邦-高雄,2023-09-21,9659
2409,友達,97,4,93,富邦-高雄,2023-09-21,9659
2801,彰銀,93,0,93,富邦-高雄,2023-09-21,9659
2890,永豐金,94,11,83,富邦-高雄,2023-09-21,9659
00679B,元大美債20年,79,1,78,富邦-高雄,2023-09-21,9659
00919,群益台灣精選高息,121,52,69,富邦-高雄,2023-09-21,9659
00753L,中信中國50正2,69,1,68,富邦-高雄,2023-09-21,9659
00932,兆豐永續高息等權,64,0,64,富邦-高雄,2023-09-21,9659
1101,台泥,72,15,57,富邦-高雄,2023-09-21,9659
2882,國泰金,65,13,52,富邦-高雄,2023-09-21,9659
2330,台積電,57,6,51,富邦-高雄,2023-09-21,9659
2888,新光金,57,12,45,富邦-高雄,2023-09-21,9659
2002,中鋼,50,5,45,富邦-高雄,2023-09-21,9659
2887,台新金,43,0,43,富邦-高雄,2023-09-21,9659
5258,虹堡,43,0,43,富邦-高雄,2023-09-21,9659
3265,台星科,46,5,41,富邦-高雄,2023-09-21,9659
2317,鴻海,45,4,41,富邦-高雄,2023-09-21,9659
2884,玉山金,44,3,41,富邦-高雄,2023-09-21,9659
2867,三商壽,40,0,40,富邦-高雄,2023-09-21,9659
0056,元大高股息,74,38,36,富邦-高雄,2023-09-21,9659
2606,裕民,57,22,35,富邦-高雄,2023-09-21,9659
0050,元大台灣50,32,0,32,富邦-高雄,2023-09-21,9659
1904,正隆,30,0,30,富邦-高雄,2023-09-21,9659
00882,中信中國高股息,30,0,30,富邦-高雄,2023-09-21,9659
00680L,元大美債20正2,32,2,30,富邦-高雄,2023-09-21,9659
1504,東元,31,2,29,富邦-高雄,2023-09-21,9659
00923,群益台ESG低碳50,28,0,28,富邦-高雄,2023-09-21,9659
00673R,期元大S＆P原油反1,42,15,27,富邦-高雄,2023-09-21,9659
6901,鑽石投資,69,43,26,富邦-高雄,2023-09-21,9659
8064,東捷,27,1,26,富邦-高雄,2023-09-21,9659
2883,凱基金,45,20,25,富邦-高雄,2023-09-21,9659
1301,台塑,26,2,24,富邦-高雄,2023-09-21,9659
2331,精英,43,19,24,富邦-高雄,2023-09-21,9659
5880,合庫金,27,5,22,富邦-高雄,2023-09-21,9659
3706,神達,26,4,22,富邦-高雄,2023-09-21,9659
00752,中信中國50,21,0,21,富邦-高雄,2023-09-21,9659
3035,智原,49,28,21,富邦-高雄,2023-09-21,9659
2892,第一金,21,1,20,富邦-高雄,2023-09-21,9659
8213,志超,20,0,20,富邦-高雄,2023-09-21,9659
00665L,富邦�琤肭磪囓�2,34,15,19,富邦-高雄,2023-09-21,9659
00892,富邦台灣半導體,18,0,18,富邦-高雄,2023-09-21,9659
00921,兆豐龍頭等權重,18,0,18,富邦-高雄,2023-09-21,9659
00922,國泰台灣領袖50,29,12,17,富邦-高雄,2023-09-21,9659
00687B,國泰20年美債,17,0,17,富邦-高雄,2023-09-21,9659
6122,擎邦,17,0,17,富邦-高雄,2023-09-21,9659
9103,美德醫療-DR,16,0,16,富邦-高雄,2023-09-21,9659
6005,群益證,16,0,16,富邦-高雄,2023-09-21,9659
00929,復華台灣科技優息,276,117,159,富邦-高雄,2023-09-22,9659
00712,復華富時不動產,122,4,118,富邦-高雄,2023-09-22,9659
2537,聯上發,113,10,103,富邦-高雄,2023-09-22,9659
2382,廣達,159,58,101,富邦-高雄,2023-09-22,9659
00671R,富邦NASDAQ反1,110,30,80,富邦-高雄,2023-09-22,9659
00878,國泰永續高股息,94,18,76,富邦-高雄,2023-09-22,9659
00679B,元大美債20年,236,173,63,富邦-高雄,2023-09-22,9659
2317,鴻海,91,29,62,富邦-高雄,2023-09-22,9659
00931B,統一美債20年,62,0,62,富邦-高雄,2023-09-22,9659
00676R,富邦臺灣加權反1,60,0,60,富邦-高雄,2023-09-22,9659
1101,台泥,63,6,57,富邦-高雄,2023-09-22,9659
00897,富邦基因免疫生技,55,0,55,富邦-高雄,2023-09-22,9659
00772B,中信高評級公司債,73,21,52,富邦-高雄,2023-09-22,9659
00919,群益台灣精選高息,64,15,49,富邦-高雄,2023-09-22,9659
2313,華通,65,16,49,富邦-高雄,2023-09-22,9659
1815,富喬,53,13,40,富邦-高雄,2023-09-22,9659
2468,華經,75,37,38,富邦-高雄,2023-09-22,9659
2303,聯電,40,4,36,富邦-高雄,2023-09-22,9659
5258,虹堡,40,5,35,富邦-高雄,2023-09-22,9659
2891,中信金,65,30,35,富邦-高雄,2023-09-22,9659
2603,長榮,64,33,31,富邦-高雄,2023-09-22,9659
0056,元大高股息,51,23,28,富邦-高雄,2023-09-22,9659
00932,兆豐永續高息等權,25,0,25,富邦-高雄,2023-09-22,9659
2330,台積電,25,1,24,富邦-高雄,2023-09-22,9659
00696B,富邦美債20年,24,0,24,富邦-高雄,2023-09-22,9659
00720B,元大投資級公司債,21,0,21,富邦-高雄,2023-09-22,9659
00900,富邦特選高股息30,22,1,21,富邦-高雄,2023-09-22,9659
3189,景碩,20,0,20,富邦-高雄,2023-09-22,9659
912000,晨訊科-DR,20,0,20,富邦-高雄,2023-09-22,9659
00664R,國泰臺灣加權反1,20,0,20,富邦-高雄,2023-09-22,9659
2881,富邦金,32,13,19,富邦-高雄,2023-09-22,9659
8050,廣積,22,3,19,富邦-高雄,2023-09-22,9659
2408,南亞科,20,2,18,富邦-高雄,2023-09-22,9659
2367,燿華,51,34,17,富邦-高雄,2023-09-22,9659
3037,欣興,64,47,17,富邦-高雄,2023-09-22,9659
00830,國泰費城半導體,16,0,16,富邦-高雄,2023-09-22,9659
00722B,群益投資級電信債,16,0,16,富邦-高雄,2023-09-22,9659
1444,力麗,55,39,16,富邦-高雄,2023-09-22,9659
2905,三商,16,0,16,富邦-高雄,2023-09-22,9659
2543,皇昌,15,0,15,富邦-高雄,2023-09-22,9659
2890,永豐金,15,1,14,富邦-高雄,2023-09-22,9659
3163,波若威,31,18,13,富邦-高雄,2023-09-22,9659
6719,力智,13,0,13,富邦-高雄,2023-09-22,9659
6505,台塑化,12,0,12,富邦-高雄,2023-09-22,9659
2331,精英,12,1,11,富邦-高雄,2023-09-22,9659
3043,科風,11,0,11,富邦-高雄,2023-09-22,9659
2605,新興,20,9,11,富邦-高雄,2023-09-22,9659
2913,農林,10,0,10,富邦-高雄,2023-09-22,9659
3013,晟銘電,19,9,10,富邦-高雄,2023-09-22,9659
5202,力新,10,0,10,富邦-高雄,2023-09-22,9659
2618,長榮航,355,135,220,富邦-高雄,2023-09-25,9659
00929,復華台灣科技優息,282,99,183,富邦-高雄,2023-09-25,9659
2891,中信金,183,22,161,富邦-高雄,2023-09-25,9659
2888,新光金,138,1,137,富邦-高雄,2023-09-25,9659
00679B,元大美債20年,154,19,135,富邦-高雄,2023-09-25,9659
2883,凱基金,108,2,106,富邦-高雄,2023-09-25,9659
1101,台泥,106,11,95,富邦-高雄,2023-09-25,9659
00712,復華富時不動產,65,6,59,富邦-高雄,2023-09-25,9659
2211,長榮鋼,55,0,55,富邦-高雄,2023-09-25,9659
2867,三商壽,51,0,51,富邦-高雄,2023-09-25,9659
2352,佳世達,51,4,47,富邦-高雄,2023-09-25,9659
3706,神達,57,14,43,富邦-高雄,2023-09-25,9659
00864B,中信美國公債0-1,40,0,40,富邦-高雄,2023-09-25,9659
6531,愛普*,51,14,37,富邦-高雄,2023-09-25,9659
1524,耿鼎,49,18,31,富邦-高雄,2023-09-25,9659
00927,群益半導體收益,30,0,30,富邦-高雄,2023-09-25,9659
00720B,元大投資級公司債,29,0,29,富邦-高雄,2023-09-25,9659
00919,群益台灣精選高息,33,4,29,富邦-高雄,2023-09-25,9659
6274,台燿,65,37,28,富邦-高雄,2023-09-25,9659
5213,亞昕,25,0,25,富邦-高雄,2023-09-25,9659
00932,兆豐永續高息等權,24,0,24,富邦-高雄,2023-09-25,9659
2537,聯上發,85,63,22,富邦-高雄,2023-09-25,9659
5515,建國,21,0,21,富邦-高雄,2023-09-25,9659
6217,中探針,20,0,20,富邦-高雄,2023-09-25,9659
00642U,期元大S＆P石油,20,0,20,富邦-高雄,2023-09-25,9659
2312,金寶,20,0,20,富邦-高雄,2023-09-25,9659
2601,益航,67,47,20,富邦-高雄,2023-09-25,9659
00674R,期元大S＆P黃金反1,18,0,18,富邦-高雄,2023-09-25,9659
2634,漢翔,28,11,17,富邦-高雄,2023-09-25,9659
00882,中信中國高股息,17,1,16,富邦-高雄,2023-09-25,9659
00683L,期元大美元指正2,16,0,16,富邦-高雄,2023-09-25,9659
3363,上詮,87,72,15,富邦-高雄,2023-09-25,9659
1312,國喬,15,0,15,富邦-高雄,2023-09-25,9659
00722B,群益投資級電信債,15,0,15,富邦-高雄,2023-09-25,9659
00751B,元大AAA至A公司債,14,0,14,富邦-高雄,2023-09-25,9659
3450,聯鈞,30,16,14,富邦-高雄,2023-09-25,9659
6530,創威,39,25,14,富邦-高雄,2023-09-25,9659
2612,中航,14,1,13,富邦-高雄,2023-09-25,9659
2485,兆赫,14,1,13,富邦-高雄,2023-09-25,9659
8069,元太,16,3,13,富邦-高雄,2023-09-25,9659
3711,日月光投控,14,1,13,富邦-高雄,2023-09-25,9659
2344,華邦電,16,4,12,富邦-高雄,2023-09-25,9659
2330,台積電,14,2,12,富邦-高雄,2023-09-25,9659
8054,安國,11,0,11,富邦-高雄,2023-09-25,9659
1504,東元,20,9,11,富邦-高雄,2023-09-25,9659
3379,彬台,11,0,11,富邦-高雄,2023-09-25,9659
00830,國泰費城半導體,10,0,10,富邦-高雄,2023-09-25,9659
2380,虹光,10,0,10,富邦-高雄,2023-09-25,9659
2610,華航,14,4,10,富邦-高雄,2023-09-25,9659
1909,榮成,10,0,10,富邦-高雄,2023-09-25,9659
3481,群創,240,15,225,富邦-高雄,2023-09-26,9659
00680L,元大美債20正2,174,45,129,富邦-高雄,2023-09-26,9659
00671R,富邦NASDAQ反1,113,0,113,富邦-高雄,2023-09-26,9659
00679B,元大美債20年,138,47,91,富邦-高雄,2023-09-26,9659
00687B,國泰20年美債,84,0,84,富邦-高雄,2023-09-26,9659
00919,群益台灣精選高息,87,7,80,富邦-高雄,2023-09-26,9659
1101,台泥,74,6,68,富邦-高雄,2023-09-26,9659
2883,凱基金,66,1,65,富邦-高雄,2023-09-26,9659
00893,國泰智能電動車,62,1,61,富邦-高雄,2023-09-26,9659
00720B,元大投資級公司債,54,1,53,富邦-高雄,2023-09-26,9659
2891,中信金,59,12,47,富邦-高雄,2023-09-26,9659
2317,鴻海,59,12,47,富邦-高雄,2023-09-26,9659
2303,聯電,48,2,46,富邦-高雄,2023-09-26,9659
00932,兆豐永續高息等權,45,0,45,富邦-高雄,2023-09-26,9659
00772B,中信高評級公司債,44,0,44,富邦-高雄,2023-09-26,9659
00751B,元大AAA至A公司債,43,1,42,富邦-高雄,2023-09-26,9659
00722B,群益投資級電信債,39,0,39,富邦-高雄,2023-09-26,9659
2881,富邦金,37,0,37,富邦-高雄,2023-09-26,9659
1584,精剛,39,3,36,富邦-高雄,2023-09-26,9659
2412,中華電,36,1,35,富邦-高雄,2023-09-26,9659
00712,復華富時不動產,33,0,33,富邦-高雄,2023-09-26,9659
00931B,統一美債20年,31,0,31,富邦-高雄,2023-09-26,9659
1316,上曜,30,0,30,富邦-高雄,2023-09-26,9659
00864B,中信美國公債0-1,30,0,30,富邦-高雄,2023-09-26,9659
9105,泰金寶-DR,32,3,29,富邦-高雄,2023-09-26,9659
3715,定穎投控,111,82,29,富邦-高雄,2023-09-26,9659
1560,中砂,27,1,26,富邦-高雄,2023-09-26,9659
2002,中鋼,28,2,26,富邦-高雄,2023-09-26,9659
2354,鴻準,22,0,22,富邦-高雄,2023-09-26,9659
00878,國泰永續高股息,52,31,21,富邦-高雄,2023-09-26,9659
6122,擎邦,36,15,21,富邦-高雄,2023-09-26,9659
3711,日月光投控,20,0,20,富邦-高雄,2023-09-26,9659
00696B,富邦美債20年,19,0,19,富邦-高雄,2023-09-26,9659
2330,台積電,22,3,19,富邦-高雄,2023-09-26,9659
6257,矽格,19,0,19,富邦-高雄,2023-09-26,9659
6120,達運,20,1,19,富邦-高雄,2023-09-26,9659
5452,佶優,28,9,19,富邦-高雄,2023-09-26,9659
0050,元大台灣50,19,0,19,富邦-高雄,2023-09-26,9659
2542,興富發,26,8,18,富邦-高雄,2023-09-26,9659
2329,華泰,22,4,18,富邦-高雄,2023-09-26,9659
00665L,富邦�琤肭磪囓�2,28,10,18,富邦-高雄,2023-09-26,9659
00922,國泰台灣領袖50,28,10,18,富邦-高雄,2023-09-26,9659
2492,華新科,20,3,17,富邦-高雄,2023-09-26,9659
1414,東和,17,0,17,富邦-高雄,2023-09-26,9659
1720,生達,16,0,16,富邦-高雄,2023-09-26,9659
00923,群益台ESG低碳50,16,0,16,富邦-高雄,2023-09-26,9659
1305,華夏,15,0,15,富邦-高雄,2023-09-26,9659
1524,耿鼎,81,66,15,富邦-高雄,2023-09-26,9659
2383,台光電,16,1,15,富邦-高雄,2023-09-26,9659
006208,富邦台50,15,0,15,富邦-高雄,2023-09-26,9659
2363,矽統,310,46,264,富邦-高雄,2023-09-27,9659
00671R,富邦NASDAQ反1,210,0,210,富邦-高雄,2023-09-27,9659
00929,復華台灣科技優息,429,219,210,富邦-高雄,2023-09-27,9659
00637L,元大滬深300正2,207,0,207,富邦-高雄,2023-09-27,9659
2388,威盛,116,20,96,富邦-高雄,2023-09-27,9659
2002,中鋼,107,39,68,富邦-高雄,2023-09-27,9659
2891,中信金,60,2,58,富邦-高雄,2023-09-27,9659
00673R,期元大S＆P原油反1,55,2,53,富邦-高雄,2023-09-27,9659
00919,群益台灣精選高息,65,13,52,富邦-高雄,2023-09-27,9659
00712,復華富時不動產,51,1,50,富邦-高雄,2023-09-27,9659
00679B,元大美債20年,52,2,50,富邦-高雄,2023-09-27,9659
5258,虹堡,50,2,48,富邦-高雄,2023-09-27,9659
3051,力特,64,18,46,富邦-高雄,2023-09-27,9659
0056,元大高股息,50,5,45,富邦-高雄,2023-09-27,9659
2303,聯電,45,2,43,富邦-高雄,2023-09-27,9659
2313,華通,51,15,36,富邦-高雄,2023-09-27,9659
3265,台星科,40,5,35,富邦-高雄,2023-09-27,9659
8938,明安,54,20,34,富邦-高雄,2023-09-27,9659
1101,台泥,33,2,31,富邦-高雄,2023-09-27,9659
00722B,群益投資級電信債,26,0,26,富邦-高雄,2023-09-27,9659
00751B,元大AAA至A公司債,25,0,25,富邦-高雄,2023-09-27,9659
8420,明揚,37,12,25,富邦-高雄,2023-09-27,9659
9105,泰金寶-DR,28,3,25,富邦-高雄,2023-09-27,9659
3363,上詮,64,39,25,富邦-高雄,2023-09-27,9659
00772B,中信高評級公司債,23,0,23,富邦-高雄,2023-09-27,9659
6271,同欣電,23,1,22,富邦-高雄,2023-09-27,9659
1618,合機,159,139,20,富邦-高雄,2023-09-27,9659
6284,佳邦,20,0,20,富邦-高雄,2023-09-27,9659
2412,中華電,20,0,20,富邦-高雄,2023-09-27,9659
1612,宏泰,24,6,18,富邦-高雄,2023-09-27,9659
1609,大亞,47,29,18,富邦-高雄,2023-09-27,9659
00720B,元大投資級公司債,17,0,17,富邦-高雄,2023-09-27,9659
6719,力智,18,1,17,富邦-高雄,2023-09-27,9659
00932,兆豐永續高息等權,16,0,16,富邦-高雄,2023-09-27,9659
6442,光聖,23,7,16,富邦-高雄,2023-09-27,9659
2355,敬鵬,17,2,15,富邦-高雄,2023-09-27,9659
2618,長榮航,19,4,15,富邦-高雄,2023-09-27,9659
1414,東和,15,0,15,富邦-高雄,2023-09-27,9659
5324,士開,15,0,15,富邦-高雄,2023-09-27,9659
1301,台塑,15,0,15,富邦-高雄,2023-09-27,9659
6669,緯穎,14,0,14,富邦-高雄,2023-09-27,9659
00902,中信電池及儲能,14,0,14,富邦-高雄,2023-09-27,9659
2408,南亞科,13,0,13,富邦-高雄,2023-09-27,9659
2317,鴻海,18,5,13,富邦-高雄,2023-09-27,9659
3081,聯亞,13,1,12,富邦-高雄,2023-09-27,9659
2393,億光,12,0,12,富邦-高雄,2023-09-27,9659
2014,中鴻,14,2,12,富邦-高雄,2023-09-27,9659
2882,國泰金,11,0,11,富邦-高雄,2023-09-27,9659
3037,欣興,18,7,11,富邦-高雄,2023-09-27,9659
9933,中鼎,11,0,11,富邦-高雄,2023-09-27,9659
00929,復華台灣科技優息,201,11,190,富邦-高雄,2023-09-28,9659
00712,復華富時不動產,219,30,189,富邦-高雄,2023-09-28,9659
00680L,元大美債20正2,180,2,178,富邦-高雄,2023-09-28,9659
3231,緯創,142,31,111,富邦-高雄,2023-09-28,9659
00706L,期元大S＆P日圓正2,100,0,100,富邦-高雄,2023-09-28,9659
00679B,元大美債20年,63,1,62,富邦-高雄,2023-09-28,9659
2313,華通,80,21,59,富邦-高雄,2023-09-28,9659
8938,明安,75,17,58,富邦-高雄,2023-09-28,9659
2317,鴻海,65,12,53,富邦-高雄,2023-09-28,9659
00720B,元大投資級公司債,48,0,48,富邦-高雄,2023-09-28,9659
00632R,元大台灣50反1,46,1,45,富邦-高雄,2023-09-28,9659
2891,中信金,42,6,36,富邦-高雄,2023-09-28,9659
00772B,中信高評級公司債,35,0,35,富邦-高雄,2023-09-28,9659
00671R,富邦NASDAQ反1,33,0,33,富邦-高雄,2023-09-28,9659
00687B,國泰20年美債,33,1,32,富邦-高雄,2023-09-28,9659
3481,群創,34,2,32,富邦-高雄,2023-09-28,9659
00722B,群益投資級電信債,30,0,30,富邦-高雄,2023-09-28,9659
5272,笙科,30,0,30,富邦-高雄,2023-09-28,9659
00751B,元大AAA至A公司債,31,2,29,富邦-高雄,2023-09-28,9659
2201,裕隆,35,7,28,富邦-高雄,2023-09-28,9659
00830,國泰費城半導體,26,0,26,富邦-高雄,2023-09-28,9659
2610,華航,55,30,25,富邦-高雄,2023-09-28,9659
2449,京元電子,45,20,25,富邦-高雄,2023-09-28,9659
3081,聯亞,28,3,25,富邦-高雄,2023-09-28,9659
2408,南亞科,32,8,24,富邦-高雄,2023-09-28,9659
00673R,期元大S＆P原油反1,71,47,24,富邦-高雄,2023-09-28,9659
2329,華泰,26,3,23,富邦-高雄,2023-09-28,9659
2303,聯電,33,12,21,富邦-高雄,2023-09-28,9659
3264,欣銓,20,0,20,富邦-高雄,2023-09-28,9659
3715,定穎投控,175,157,18,富邦-高雄,2023-09-28,9659
2369,菱生,17,0,17,富邦-高雄,2023-09-28,9659
6531,愛普*,31,14,17,富邦-高雄,2023-09-28,9659
00864B,中信美國公債0-1,17,0,17,富邦-高雄,2023-09-28,9659
1301,台塑,17,0,17,富邦-高雄,2023-09-28,9659
6257,矽格,15,0,15,富邦-高雄,2023-09-28,9659
4979,華星光,21,6,15,富邦-高雄,2023-09-28,9659
00642U,期元大S＆P石油,20,5,15,富邦-高雄,2023-09-28,9659
3035,智原,26,12,14,富邦-高雄,2023-09-28,9659
5347,世界,15,1,14,富邦-高雄,2023-09-28,9659
00637L,元大滬深300正2,14,0,14,富邦-高雄,2023-09-28,9659
2376,技嘉,31,17,14,富邦-高雄,2023-09-28,9659
00752,中信中國50,13,0,13,富邦-高雄,2023-09-28,9659
00725B,國泰投資級公司債,13,1,12,富邦-高雄,2023-09-28,9659
3709,鑫聯大投控,13,1,12,富邦-高雄,2023-09-28,9659
2324,仁寶,15,3,12,富邦-高雄,2023-09-28,9659
00773B,中信優先金融債,11,0,11,富邦-高雄,2023-09-28,9659
00857B,永豐20年美公債,11,0,11,富邦-高雄,2023-09-28,9659
1314,中石化,11,0,11,富邦-高雄,2023-09-28,9659
2367,燿華,14,3,11,富邦-高雄,2023-09-28,9659
4532,瑞智,11,0,11,富邦-高雄,2023-09-28,9659
00632R,元大台灣50反1,430,16,414,富邦-高雄,2023-10-02,9659
4906,正文,204,54,150,富邦-高雄,2023-10-02,9659
00671R,富邦NASDAQ反1,97,0,97,富邦-高雄,2023-10-02,9659
3545,敦泰,80,1,79,富邦-高雄,2023-10-02,9659
2402,毅嘉,74,8,66,富邦-高雄,2023-10-02,9659
2457,飛宏,65,2,63,富邦-高雄,2023-10-02,9659
2465,麗臺,60,0,60,富邦-高雄,2023-10-02,9659
00720B,元大投資級公司債,59,0,59,富邦-高雄,2023-10-02,9659
00751B,元大AAA至A公司債,60,1,59,富邦-高雄,2023-10-02,9659
2368,金像電,84,26,58,富邦-高雄,2023-10-02,9659
00679B,元大美債20年,57,2,55,富邦-高雄,2023-10-02,9659
2002,中鋼,101,49,52,富邦-高雄,2023-10-02,9659
6271,同欣電,63,11,52,富邦-高雄,2023-10-02,9659
1504,東元,52,3,49,富邦-高雄,2023-10-02,9659
00931B,統一美債20年,45,0,45,富邦-高雄,2023-10-02,9659
00772B,中信高評級公司債,43,0,43,富邦-高雄,2023-10-02,9659
2537,聯上發,43,0,43,富邦-高雄,2023-10-02,9659
3036,文曄,76,36,40,富邦-高雄,2023-10-02,9659
2888,新光金,41,1,40,富邦-高雄,2023-10-02,9659
2344,華邦電,38,3,35,富邦-高雄,2023-10-02,9659
2363,矽統,347,313,34,富邦-高雄,2023-10-02,9659
00725B,國泰投資級公司債,32,0,32,富邦-高雄,2023-10-02,9659
00722B,群益投資級電信債,32,0,32,富邦-高雄,2023-10-02,9659
1522,堤維西,42,11,31,富邦-高雄,2023-10-02,9659
4979,華星光,51,21,30,富邦-高雄,2023-10-02,9659
2383,台光電,49,22,27,富邦-高雄,2023-10-02,9659
2605,新興,28,2,26,富邦-高雄,2023-10-02,9659
2882,國泰金,30,5,25,富邦-高雄,2023-10-02,9659
5515,建國,25,0,25,富邦-高雄,2023-10-02,9659
1314,中石化,21,2,19,富邦-高雄,2023-10-02,9659
6125,廣運,28,9,19,富邦-高雄,2023-10-02,9659
00687B,國泰20年美債,19,0,19,富邦-高雄,2023-10-02,9659
00773B,中信優先金融債,17,0,17,富邦-高雄,2023-10-02,9659
2637,慧洋-KY,21,4,17,富邦-高雄,2023-10-02,9659
00740B,富邦全球投等債,18,1,17,富邦-高雄,2023-10-02,9659
1612,宏泰,24,8,16,富邦-高雄,2023-10-02,9659
2206,三陽工業,16,0,16,富邦-高雄,2023-10-02,9659
5014,建錩,15,0,15,富邦-高雄,2023-10-02,9659
00916,國泰全球品牌50,15,0,15,富邦-高雄,2023-10-02,9659
3363,上詮,50,35,15,富邦-高雄,2023-10-02,9659
2406,國碩,14,0,14,富邦-高雄,2023-10-02,9659
1717,長興,15,1,14,富邦-高雄,2023-10-02,9659
2881,富邦金,21,7,14,富邦-高雄,2023-10-02,9659
2612,中航,13,0,13,富邦-高雄,2023-10-02,9659
6411,晶焱,12,0,12,富邦-高雄,2023-10-02,9659
3450,聯鈞,39,27,12,富邦-高雄,2023-10-02,9659
9955,佳龍,16,4,12,富邦-高雄,2023-10-02,9659
6719,力智,12,0,12,富邦-高雄,2023-10-02,9659
2880,華南金,12,0,12,富邦-高雄,2023-10-02,9659
00712,復華富時不動產,12,0,12,富邦-高雄,2023-10-02,9659
00676R,富邦臺灣加權反1,501,0,501,富邦-高雄,2023-10-03,9659
00922,國泰台灣領袖50,249,0,249,富邦-高雄,2023-10-03,9659
1316,上曜,275,31,244,富邦-高雄,2023-10-03,9659
00929,復華台灣科技優息,261,46,215,富邦-高雄,2023-10-03,9659
00885,富邦越南,114,0,114,富邦-高雄,2023-10-03,9659
00720B,元大投資級公司債,107,0,107,富邦-高雄,2023-10-03,9659
2002,中鋼,107,3,104,富邦-高雄,2023-10-03,9659
00712,復華富時不動產,102,0,102,富邦-高雄,2023-10-03,9659
00665L,富邦�琤肭磪囓�2,116,15,101,富邦-高雄,2023-10-03,9659
2412,中華電,101,1,100,富邦-高雄,2023-10-03,9659
2409,友達,101,17,84,富邦-高雄,2023-10-03,9659
3231,緯創,228,148,80,富邦-高雄,2023-10-03,9659
00919,群益台灣精選高息,87,10,77,富邦-高雄,2023-10-03,9659
0056,元大高股息,116,58,58,富邦-高雄,2023-10-03,9659
3669,圓展,61,9,52,富邦-高雄,2023-10-03,9659
1815,富喬,121,69,52,富邦-高雄,2023-10-03,9659
2417,圓剛,59,9,50,富邦-高雄,2023-10-03,9659
2302,麗正,50,3,47,富邦-高雄,2023-10-03,9659
2881,富邦金,47,2,45,富邦-高雄,2023-10-03,9659
00882,中信中國高股息,47,3,44,富邦-高雄,2023-10-03,9659
00637L,元大滬深300正2,43,0,43,富邦-高雄,2023-10-03,9659
00931B,統一美債20年,42,2,40,富邦-高雄,2023-10-03,9659
00632R,元大台灣50反1,40,1,39,富邦-高雄,2023-10-03,9659
3032,偉訓,56,20,36,富邦-高雄,2023-10-03,9659
2383,台光電,37,2,35,富邦-高雄,2023-10-03,9659
3363,上詮,78,43,35,富邦-高雄,2023-10-03,9659
2352,佳世達,52,17,35,富邦-高雄,2023-10-03,9659
00850,元大臺灣ESG永續,32,0,32,富邦-高雄,2023-10-03,9659
3545,敦泰,36,5,31,富邦-高雄,2023-10-03,9659
1605,華新,39,11,28,富邦-高雄,2023-10-03,9659
2402,毅嘉,31,3,28,富邦-高雄,2023-10-03,9659
00730,富邦臺灣優質高息,28,0,28,富邦-高雄,2023-10-03,9659
00751B,元大AAA至A公司債,29,4,25,富邦-高雄,2023-10-03,9659
2201,裕隆,31,6,25,富邦-高雄,2023-10-03,9659
8038,長園科,25,0,25,富邦-高雄,2023-10-03,9659
6456,GIS-KY,25,0,25,富邦-高雄,2023-10-03,9659
00772B,中信高評級公司債,23,0,23,富邦-高雄,2023-10-03,9659
6531,愛普*,51,28,23,富邦-高雄,2023-10-03,9659
3693,營邦,28,5,23,富邦-高雄,2023-10-03,9659
00713,元大台灣高息低波,30,7,23,富邦-高雄,2023-10-03,9659
3481,群創,39,16,23,富邦-高雄,2023-10-03,9659
00878,國泰永續高股息,47,25,22,富邦-高雄,2023-10-03,9659
6117,迎廣,32,11,21,富邦-高雄,2023-10-03,9659
2887,台新金,27,7,20,富邦-高雄,2023-10-03,9659
6226,光鼎,20,0,20,富邦-高雄,2023-10-03,9659
2492,華新科,20,0,20,富邦-高雄,2023-10-03,9659
00753L,中信中國50正2,19,0,19,富邦-高雄,2023-10-03,9659
3013,晟銘電,50,31,19,富邦-高雄,2023-10-03,9659
2356,英業達,32,14,18,富邦-高雄,2023-10-03,9659
2537,聯上發,37,19,18,富邦-高雄,2023-10-03,9659
00676R,富邦臺灣加權反1,599,6,593,富邦-高雄,2023-10-04,9659
1316,上曜,317,0,317,富邦-高雄,2023-10-04,9659
00632R,元大台灣50反1,670,395,275,富邦-高雄,2023-10-04,9659
2412,中華電,275,1,274,富邦-高雄,2023-10-04,9659
00929,復華台灣科技優息,222,18,204,富邦-高雄,2023-10-04,9659
0056,元大高股息,184,22,162,富邦-高雄,2023-10-04,9659
00671R,富邦NASDAQ反1,170,30,140,富邦-高雄,2023-10-04,9659
5258,虹堡,127,2,125,富邦-高雄,2023-10-04,9659
00720B,元大投資級公司債,118,0,118,富邦-高雄,2023-10-04,9659
2888,新光金,104,5,99,富邦-高雄,2023-10-04,9659
2303,聯電,101,4,97,富邦-高雄,2023-10-04,9659
00919,群益台灣精選高息,102,5,97,富邦-高雄,2023-10-04,9659
3231,緯創,190,97,93,富邦-高雄,2023-10-04,9659
00679B,元大美債20年,120,29,91,富邦-高雄,2023-10-04,9659
00922,國泰台灣領袖50,89,0,89,富邦-高雄,2023-10-04,9659
00751B,元大AAA至A公司債,81,0,81,富邦-高雄,2023-10-04,9659
2881,富邦金,78,6,72,富邦-高雄,2023-10-04,9659
2883,凱基金,140,72,68,富邦-高雄,2023-10-04,9659
2002,中鋼,88,22,66,富邦-高雄,2023-10-04,9659
00878,國泰永續高股息,78,17,61,富邦-高雄,2023-10-04,9659
6257,矽格,58,1,57,富邦-高雄,2023-10-04,9659
2520,冠德,54,0,54,富邦-高雄,2023-10-04,9659
2887,台新金,53,0,53,富邦-高雄,2023-10-04,9659
2417,圓剛,95,42,53,富邦-高雄,2023-10-04,9659
3481,群創,72,22,50,富邦-高雄,2023-10-04,9659
5515,建國,48,0,48,富邦-高雄,2023-10-04,9659
6005,群益證,46,0,46,富邦-高雄,2023-10-04,9659
00850,元大臺灣ESG永續,43,0,43,富邦-高雄,2023-10-04,9659
00713,元大台灣高息低波,43,0,43,富邦-高雄,2023-10-04,9659
00722B,群益投資級電信債,41,0,41,富邦-高雄,2023-10-04,9659
2465,麗臺,40,0,40,富邦-高雄,2023-10-04,9659
6233,旺玖,40,0,40,富邦-高雄,2023-10-04,9659
2317,鴻海,57,21,36,富邦-高雄,2023-10-04,9659
1605,華新,41,7,34,富邦-高雄,2023-10-04,9659
00687B,國泰20年美債,33,0,33,富邦-高雄,2023-10-04,9659
2316,楠梓電,33,1,32,富邦-高雄,2023-10-04,9659
2880,華南金,31,0,31,富邦-高雄,2023-10-04,9659
2884,玉山金,89,58,31,富邦-高雄,2023-10-04,9659
00882,中信中國高股息,32,1,31,富邦-高雄,2023-10-04,9659
912000,晨訊科-DR,51,20,31,富邦-高雄,2023-10-04,9659
5880,合庫金,33,2,31,富邦-高雄,2023-10-04,9659
2302,麗正,30,0,30,富邦-高雄,2023-10-04,9659
3322,建舜電,33,3,30,富邦-高雄,2023-10-04,9659
2892,第一金,30,0,30,富邦-高雄,2023-10-04,9659
2409,友達,33,4,29,富邦-高雄,2023-10-04,9659
3276,宇環,55,27,28,富邦-高雄,2023-10-04,9659
00772B,中信高評級公司債,28,0,28,富邦-高雄,2023-10-04,9659
00696B,富邦美債20年,27,0,27,富邦-高雄,2023-10-04,9659
3037,欣興,26,0,26,富邦-高雄,2023-10-04,9659
2882,國泰金,27,1,26,富邦-高雄,2023-10-04,9659
00712,復華富時不動產,135,2,133,富邦-高雄,2023-10-05,9659
6120,達運,133,3,130,富邦-高雄,2023-10-05,9659
5392,能率,109,2,107,富邦-高雄,2023-10-05,9659
1316,上曜,92,15,77,富邦-高雄,2023-10-05,9659
2520,冠德,72,1,71,富邦-高雄,2023-10-05,9659
00671R,富邦NASDAQ反1,65,0,65,富邦-高雄,2023-10-05,9659
00715L,期街口布蘭特正2,62,0,62,富邦-高雄,2023-10-05,9659
2486,一詮,280,221,59,富邦-高雄,2023-10-05,9659
00922,國泰台灣領袖50,53,0,53,富邦-高雄,2023-10-05,9659
912000,晨訊科-DR,52,0,52,富邦-高雄,2023-10-05,9659
3231,緯創,94,49,45,富邦-高雄,2023-10-05,9659
00632R,元大台灣50反1,40,0,40,富邦-高雄,2023-10-05,9659
2417,圓剛,69,30,39,富邦-高雄,2023-10-05,9659
6531,愛普*,63,24,39,富邦-高雄,2023-10-05,9659
2442,新美齊,54,16,38,富邦-高雄,2023-10-05,9659
2301,光寶科,41,3,38,富邦-高雄,2023-10-05,9659
3081,聯亞,41,4,37,富邦-高雄,2023-10-05,9659
1815,富喬,143,106,37,富邦-高雄,2023-10-05,9659
2610,華航,58,23,35,富邦-高雄,2023-10-05,9659
00929,復華台灣科技優息,79,47,32,富邦-高雄,2023-10-05,9659
2618,長榮航,79,47,32,富邦-高雄,2023-10-05,9659
3390,旭軟,30,0,30,富邦-高雄,2023-10-05,9659
3122,笙泉,39,10,29,富邦-高雄,2023-10-05,9659
6456,GIS-KY,30,1,29,富邦-高雄,2023-10-05,9659
00891,中信關鍵半導體,31,5,26,富邦-高雄,2023-10-05,9659
1603,華電,29,4,25,富邦-高雄,2023-10-05,9659
00864B,中信美國公債0-1,25,0,25,富邦-高雄,2023-10-05,9659
3715,定穎投控,153,130,23,富邦-高雄,2023-10-05,9659
00751B,元大AAA至A公司債,21,0,21,富邦-高雄,2023-10-05,9659
5371,中光電,22,1,21,富邦-高雄,2023-10-05,9659
00676R,富邦臺灣加權反1,20,0,20,富邦-高雄,2023-10-05,9659
0056,元大高股息,40,22,18,富邦-高雄,2023-10-05,9659
2359,所羅門,18,1,17,富邦-高雄,2023-10-05,9659
00772B,中信高評級公司債,22,7,15,富邦-高雄,2023-10-05,9659
1101,台泥,16,1,15,富邦-高雄,2023-10-05,9659
2887,台新金,15,1,14,富邦-高雄,2023-10-05,9659
00679B,元大美債20年,16,2,14,富邦-高雄,2023-10-05,9659
1301,台塑,16,2,14,富邦-高雄,2023-10-05,9659
2369,菱生,14,0,14,富邦-高雄,2023-10-05,9659
8011,台通,16,2,14,富邦-高雄,2023-10-05,9659
3264,欣銓,18,4,14,富邦-高雄,2023-10-05,9659
2816,旺旺保,14,0,14,富邦-高雄,2023-10-05,9659
1519,華城,35,22,13,富邦-高雄,2023-10-05,9659
00720B,元大投資級公司債,19,6,13,富邦-高雄,2023-10-05,9659
00713,元大台灣高息低波,13,0,13,富邦-高雄,2023-10-05,9659
1618,合機,13,1,12,富邦-高雄,2023-10-05,9659
00919,群益台灣精選高息,28,15,13,富邦-高雄,2023-10-05,9659
2405,輔信,13,1,12,富邦-高雄,2023-10-05,9659
6214,精誠,12,0,12,富邦-高雄,2023-10-05,9659
6197,佳必琪,12,0,12,富邦-高雄,2023-10-05,9659
00929,復華台灣科技優息,221,4,217,富邦-高雄,2023-10-06,9659
00665L,富邦�琤肭磪囓�2,215,15,200,富邦-高雄,2023-10-06,9659
1316,上曜,210,22,188,富邦-高雄,2023-10-06,9659
2486,一詮,221,37,184,富邦-高雄,2023-10-06,9659
6120,達運,202,36,166,富邦-高雄,2023-10-06,9659
2520,冠德,122,1,121,富邦-高雄,2023-10-06,9659
3231,緯創,263,148,115,富邦-高雄,2023-10-06,9659
00712,復華富時不動產,103,0,103,富邦-高雄,2023-10-06,9659
00637L,元大滬深300正2,100,5,95,富邦-高雄,2023-10-06,9659
3481,群創,119,43,76,富邦-高雄,2023-10-06,9659
2880,華南金,105,31,74,富邦-高雄,2023-10-06,9659
00679B,元大美債20年,74,1,73,富邦-高雄,2023-10-06,9659
2329,華泰,98,26,72,富邦-高雄,2023-10-06,9659
2603,長榮,111,46,65,富邦-高雄,2023-10-06,9659
2382,廣達,99,44,55,富邦-高雄,2023-10-06,9659
3013,晟銘電,136,84,52,富邦-高雄,2023-10-06,9659
912000,晨訊科-DR,50,0,50,富邦-高雄,2023-10-06,9659
2363,矽統,81,32,49,富邦-高雄,2023-10-06,9659
9105,泰金寶-DR,48,5,43,富邦-高雄,2023-10-06,9659
8420,明揚,40,0,40,富邦-高雄,2023-10-06,9659
00632R,元大台灣50反1,40,1,39,富邦-高雄,2023-10-06,9659
00931B,統一美債20年,35,2,33,富邦-高雄,2023-10-06,9659
2399,映泰,53,20,33,富邦-高雄,2023-10-06,9659
00720B,元大投資級公司債,33,0,33,富邦-高雄,2023-10-06,9659
00772B,中信高評級公司債,30,0,30,富邦-高雄,2023-10-06,9659
2618,長榮航,48,18,30,富邦-高雄,2023-10-06,9659
1815,富喬,51,22,29,富邦-高雄,2023-10-06,9659
00680L,元大美債20正2,28,1,27,富邦-高雄,2023-10-06,9659
8069,元太,27,1,26,富邦-高雄,2023-10-06,9659
6218,豪勉,25,0,25,富邦-高雄,2023-10-06,9659
2610,華航,31,7,24,富邦-高雄,2023-10-06,9659
00673R,期元大S＆P原油反1,25,1,24,富邦-高雄,2023-10-06,9659
5392,能率,30,6,24,富邦-高雄,2023-10-06,9659
6122,擎邦,60,39,21,富邦-高雄,2023-10-06,9659
2409,友達,41,21,20,富邦-高雄,2023-10-06,9659
00864B,中信美國公債0-1,20,0,20,富邦-高雄,2023-10-06,9659
3325,旭品,57,37,20,富邦-高雄,2023-10-06,9659
3715,定穎投控,119,99,20,富邦-高雄,2023-10-06,9659
2641,正德,19,0,19,富邦-高雄,2023-10-06,9659
2301,光寶科,20,1,19,富邦-高雄,2023-10-06,9659
5347,世界,22,4,18,富邦-高雄,2023-10-06,9659
00715L,期街口布蘭特正2,19,1,18,富邦-高雄,2023-10-06,9659
2425,承啟,17,0,17,富邦-高雄,2023-10-06,9659
6213,聯茂,28,12,16,富邦-高雄,2023-10-06,9659
1216,統一,16,1,15,富邦-高雄,2023-10-06,9659
5272,笙科,17,2,15,富邦-高雄,2023-10-06,9659
6257,矽格,15,0,15,富邦-高雄,2023-10-06,9659
5258,虹堡,15,0,15,富邦-高雄,2023-10-06,9659
3037,欣興,16,1,15,富邦-高雄,2023-10-06,9659
5469,瀚宇博,15,1,14,富邦-高雄,2023-10-06,9659
00919,群益台灣精選高息,117,8,109,富邦-高雄,2023-10-11,9659
2867,三商壽,101,0,101,富邦-高雄,2023-10-11,9659
2812,台中銀,100,0,100,富邦-高雄,2023-10-11,9659
00650L,復華香港正2,100,0,100,富邦-高雄,2023-10-11,9659
3071,協禧,101,3,98,富邦-高雄,2023-10-11,9659
00772B,中信高評級公司債,101,8,93,富邦-高雄,2023-10-11,9659
2603,長榮,213,127,86,富邦-高雄,2023-10-11,9659
2520,冠德,67,0,67,富邦-高雄,2023-10-11,9659
2537,聯上發,62,0,62,富邦-高雄,2023-10-11,9659
5225,東科-KY,60,1,59,富邦-高雄,2023-10-11,9659
00751B,元大AAA至A公司債,60,2,58,富邦-高雄,2023-10-11,9659
2618,長榮航,54,7,47,富邦-高雄,2023-10-11,9659
2498,宏達電,53,8,45,富邦-高雄,2023-10-11,9659
00720B,元大投資級公司債,49,4,45,富邦-高雄,2023-10-11,9659
1402,遠東新,44,2,42,富邦-高雄,2023-10-11,9659
2331,精英,41,0,41,富邦-高雄,2023-10-11,9659
3694,海華,41,1,40,富邦-高雄,2023-10-11,9659
00679B,元大美債20年,40,1,39,富邦-高雄,2023-10-11,9659
00795B,中信美國公債20年,38,0,38,富邦-高雄,2023-10-11,9659
00680L,元大美債20正2,36,0,36,富邦-高雄,2023-10-11,9659
1605,華新,45,10,35,富邦-高雄,2023-10-11,9659
3338,泰碩,34,1,33,富邦-高雄,2023-10-11,9659
0056,元大高股息,48,16,32,富邦-高雄,2023-10-11,9659
2356,英業達,44,12,32,富邦-高雄,2023-10-11,9659
2637,慧洋-KY,32,1,31,富邦-高雄,2023-10-11,9659
3006,晶豪科,88,58,30,富邦-高雄,2023-10-11,9659
5210,寶碩,30,0,30,富邦-高雄,2023-10-11,9659
5880,合庫金,50,20,30,富邦-高雄,2023-10-11,9659
9105,泰金寶-DR,30,0,30,富邦-高雄,2023-10-11,9659
2892,第一金,30,0,30,富邦-高雄,2023-10-11,9659
00712,復華富時不動產,29,1,28,富邦-高雄,2023-10-11,9659
00730,富邦臺灣優質高息,28,0,28,富邦-高雄,2023-10-11,9659
1603,華電,64,37,27,富邦-高雄,2023-10-11,9659
2301,光寶科,28,4,24,富邦-高雄,2023-10-11,9659
6290,良維,28,4,24,富邦-高雄,2023-10-11,9659
1584,精剛,47,25,22,富邦-高雄,2023-10-11,9659
2352,佳世達,26,4,22,富邦-高雄,2023-10-11,9659
3325,旭品,51,30,21,富邦-高雄,2023-10-11,9659
5014,建錩,20,0,20,富邦-高雄,2023-10-11,9659
1723,中碳,21,1,20,富邦-高雄,2023-10-11,9659
3260,威剛,38,18,20,富邦-高雄,2023-10-11,9659
8390,金益鼎,21,2,19,富邦-高雄,2023-10-11,9659
5488,松普,33,14,19,富邦-高雄,2023-10-11,9659
6446,藥華藥,22,3,19,富邦-高雄,2023-10-11,9659
5439,高技,25,6,19,富邦-高雄,2023-10-11,9659
6155,鈞寶,18,0,18,富邦-高雄,2023-10-11,9659
9910,豐泰,23,5,18,富邦-高雄,2023-10-11,9659
3715,定穎投控,122,104,18,富邦-高雄,2023-10-11,9659
2388,威盛,85,68,17,富邦-高雄,2023-10-11,9659
9950,萬國通,48,31,17,富邦-高雄,2023-10-11,9659
00900,富邦特選高股息30,244,30,214,富邦-高雄,2023-10-12,9659
3231,緯創,240,75,165,富邦-高雄,2023-10-12,9659
00929,復華台灣科技優息,186,26,160,富邦-高雄,2023-10-12,9659
00632R,元大台灣50反1,113,0,113,富邦-高雄,2023-10-12,9659
00751B,元大AAA至A公司債,65,5,60,富邦-高雄,2023-10-12,9659
3481,群創,62,4,58,富邦-高雄,2023-10-12,9659
4968,立積,50,1,49,富邦-高雄,2023-10-12,9659
9950,萬國通,48,1,47,富邦-高雄,2023-10-12,9659
2014,中鴻,47,0,47,富邦-高雄,2023-10-12,9659
2363,矽統,254,209,45,富邦-高雄,2023-10-12,9659
00712,復華富時不動產,44,0,44,富邦-高雄,2023-10-12,9659
1568,倉佑,42,0,42,富邦-高雄,2023-10-12,9659
2382,廣達,83,41,42,富邦-高雄,2023-10-12,9659
3317,尼克森,45,3,42,富邦-高雄,2023-10-12,9659
2891,中信金,82,43,39,富邦-高雄,2023-10-12,9659
2618,長榮航,35,3,32,富邦-高雄,2023-10-12,9659
3037,欣興,25,1,24,富邦-高雄,2023-10-12,9659
3163,波若威,33,11,22,富邦-高雄,2023-10-12,9659
2867,三商壽,20,0,20,富邦-高雄,2023-10-12,9659
3016,嘉晶,20,0,20,富邦-高雄,2023-10-12,9659
3630,新鉅科,20,0,20,富邦-高雄,2023-10-12,9659
5225,東科-KY,35,16,19,富邦-高雄,2023-10-12,9659
3363,上詮,44,28,16,富邦-高雄,2023-10-12,9659
2605,新興,15,0,15,富邦-高雄,2023-10-12,9659
3694,海華,15,0,15,富邦-高雄,2023-10-12,9659
4114,健喬,15,0,15,富邦-高雄,2023-10-12,9659
5469,瀚宇博,19,4,15,富邦-高雄,2023-10-12,9659
2881,富邦金,19,5,14,富邦-高雄,2023-10-12,9659
3346,麗清,21,8,13,富邦-高雄,2023-10-12,9659
00679B,元大美債20年,19,6,13,富邦-高雄,2023-10-12,9659
2614,東森,12,0,12,富邦-高雄,2023-10-12,9659
2412,中華電,12,0,12,富邦-高雄,2023-10-12,9659
3033,威健,11,0,11,富邦-高雄,2023-10-12,9659
6719,力智,13,2,11,富邦-高雄,2023-10-12,9659
6122,擎邦,21,10,11,富邦-高雄,2023-10-12,9659
00724B,群益投資級金融債,11,0,11,富邦-高雄,2023-10-12,9659
1216,統一,11,0,11,富邦-高雄,2023-10-12,9659
2002,中鋼,18,8,10,富邦-高雄,2023-10-12,9659
2428,興勤,10,0,10,富邦-高雄,2023-10-12,9659
8038,長園科,10,0,10,富邦-高雄,2023-10-12,9659
2367,燿華,11,1,10,富邦-高雄,2023-10-12,9659
00920,富邦ESG綠色電力,10,0,10,富邦-高雄,2023-10-12,9659
6143,振曜,10,0,10,富邦-高雄,2023-10-12,9659
8215,明基材,10,0,10,富邦-高雄,2023-10-12,9659
3149,正達,10,0,10,富邦-高雄,2023-10-12,9659
3380,明泰,10,0,10,富邦-高雄,2023-10-12,9659
3526,凡甲,12,2,10,富邦-高雄,2023-10-12,9659
9910,豐泰,11,2,9,富邦-高雄,2023-10-12,9659
1560,中砂,14,5,9,富邦-高雄,2023-10-12,9659
3234,光環,14,5,9,富邦-高雄,2023-10-12,9659
00632R,元大台灣50反1,500,0,500,富邦-高雄,2023-10-13,9659
00900,富邦特選高股息30,239,7,232,富邦-高雄,2023-10-13,9659
00878,國泰永續高股息,129,22,107,富邦-高雄,2023-10-13,9659
0056,元大高股息,108,10,98,富邦-高雄,2023-10-13,9659
2465,麗臺,84,6,78,富邦-高雄,2023-10-13,9659
2867,三商壽,76,0,76,富邦-高雄,2023-10-13,9659
00720B,元大投資級公司債,72,1,71,富邦-高雄,2023-10-13,9659
2412,中華電,61,1,60,富邦-高雄,2023-10-13,9659
2891,中信金,56,1,55,富邦-高雄,2023-10-13,9659
00919,群益台灣精選高息,53,0,53,富邦-高雄,2023-10-13,9659
2425,承啟,57,10,47,富邦-高雄,2023-10-13,9659
3481,群創,47,1,46,富邦-高雄,2023-10-13,9659
2301,光寶科,50,6,44,富邦-高雄,2023-10-13,9659
00751B,元大AAA至A公司債,50,8,42,富邦-高雄,2023-10-13,9659
1568,倉佑,42,1,41,富邦-高雄,2023-10-13,9659
00712,復華富時不動產,39,0,39,富邦-高雄,2023-10-13,9659
2520,冠德,39,0,39,富邦-高雄,2023-10-13,9659
4967,十銓,58,19,39,富邦-高雄,2023-10-13,9659
00680L,元大美債20正2,36,0,36,富邦-高雄,2023-10-13,9659
5439,高技,57,22,35,富邦-高雄,2023-10-13,9659
2367,燿華,35,1,34,富邦-高雄,2023-10-13,9659
2002,中鋼,40,7,33,富邦-高雄,2023-10-13,9659
00679B,元大美債20年,33,0,33,富邦-高雄,2023-10-13,9659
2201,裕隆,124,92,32,富邦-高雄,2023-10-13,9659
00637L,元大滬深300正2,36,4,32,富邦-高雄,2023-10-13,9659
3035,智原,49,19,30,富邦-高雄,2023-10-13,9659
00907,永豐優息存股,30,0,30,富邦-高雄,2023-10-13,9659
00885,富邦越南,29,0,29,富邦-高雄,2023-10-13,9659
3483,力致,30,3,27,富邦-高雄,2023-10-13,9659
2881,富邦金,26,1,25,富邦-高雄,2023-10-13,9659
00722B,群益投資級電信債,24,0,24,富邦-高雄,2023-10-13,9659
3363,上詮,50,26,24,富邦-高雄,2023-10-13,9659
2618,長榮航,42,18,24,富邦-高雄,2023-10-13,9659
2363,矽統,302,278,24,富邦-高雄,2023-10-13,9659
6284,佳邦,40,17,23,富邦-高雄,2023-10-13,9659
9950,萬國通,97,74,23,富邦-高雄,2023-10-13,9659
4979,華星光,86,63,23,富邦-高雄,2023-10-13,9659
00665L,富邦�琤肭磪囓�2,29,6,23,富邦-高雄,2023-10-13,9659
2356,英業達,51,28,23,富邦-高雄,2023-10-13,9659
1605,華新,22,0,22,富邦-高雄,2023-10-13,9659
1513,中興電,22,1,21,富邦-高雄,2023-10-13,9659
2014,中鴻,21,0,21,富邦-高雄,2023-10-13,9659
4968,立積,20,0,20,富邦-高雄,2023-10-13,9659
5225,東科-KY,20,0,20,富邦-高雄,2023-10-13,9659
8076,伍豐,22,2,20,富邦-高雄,2023-10-13,9659
2025,千興,20,0,20,富邦-高雄,2023-10-13,9659
2376,技嘉,30,10,20,富邦-高雄,2023-10-13,9659
2486,一詮,21,2,19,富邦-高雄,2023-10-13,9659
2890,永豐金,20,4,16,富邦-高雄,2023-10-13,9659
2308,台達電,18,2,16,富邦-高雄,2023-10-13,9659
6120,達運,101,1,100,富邦-高雄,2023-10-16,9659
3363,上詮,146,50,96,富邦-高雄,2023-10-16,9659
00922,國泰台灣領袖50,78,14,64,富邦-高雄,2023-10-16,9659
00712,復華富時不動產,62,0,62,富邦-高雄,2023-10-16,9659
0056,元大高股息,95,34,61,富邦-高雄,2023-10-16,9659
00929,復華台灣科技優息,195,136,59,富邦-高雄,2023-10-16,9659
2891,中信金,81,27,54,富邦-高雄,2023-10-16,9659
2425,承啟,64,10,54,富邦-高雄,2023-10-16,9659
00720B,元大投資級公司債,53,0,53,富邦-高雄,2023-10-16,9659
2867,三商壽,60,15,45,富邦-高雄,2023-10-16,9659
2201,裕隆,89,44,45,富邦-高雄,2023-10-16,9659
5210,寶碩,42,0,42,富邦-高雄,2023-10-16,9659
1605,華新,42,7,35,富邦-高雄,2023-10-16,9659
3376,新日興,37,2,35,富邦-高雄,2023-10-16,9659
2890,永豐金,35,0,35,富邦-高雄,2023-10-16,9659
00632R,元大台灣50反1,34,0,34,富邦-高雄,2023-10-16,9659
2363,矽統,161,128,33,富邦-高雄,2023-10-16,9659
00751B,元大AAA至A公司債,33,0,33,富邦-高雄,2023-10-16,9659
00715L,期街口布蘭特正2,44,11,33,富邦-高雄,2023-10-16,9659
3481,群創,40,10,30,富邦-高雄,2023-10-16,9659
00882,中信中國高股息,30,1,29,富邦-高雄,2023-10-16,9659
1316,上曜,73,44,29,富邦-高雄,2023-10-16,9659
2913,農林,26,1,25,富邦-高雄,2023-10-16,9659
00919,群益台灣精選高息,73,49,24,富邦-高雄,2023-10-16,9659
2323,中環,24,0,24,富邦-高雄,2023-10-16,9659
4908,前鼎,48,26,22,富邦-高雄,2023-10-16,9659
6415,矽力*-KY,21,0,21,富邦-高雄,2023-10-16,9659
6719,力智,24,3,21,富邦-高雄,2023-10-16,9659
00905,FT臺灣Smart,20,0,20,富邦-高雄,2023-10-16,9659
3706,神達,24,5,19,富邦-高雄,2023-10-16,9659
00878,國泰永續高股息,66,48,18,富邦-高雄,2023-10-16,9659
5347,世界,23,5,18,富邦-高雄,2023-10-16,9659
6170,統振,22,4,18,富邦-高雄,2023-10-16,9659
2312,金寶,18,0,18,富邦-高雄,2023-10-16,9659
9105,泰金寶-DR,18,0,18,富邦-高雄,2023-10-16,9659
00915,凱基優選高股息30,17,0,17,富邦-高雄,2023-10-16,9659
3188,鑫龍騰,17,0,17,富邦-高雄,2023-10-16,9659
00680L,元大美債20正2,15,0,15,富邦-高雄,2023-10-16,9659
2301,光寶科,17,4,13,富邦-高雄,2023-10-16,9659
3483,力致,37,24,13,富邦-高雄,2023-10-16,9659
6683,雍智科技,13,0,13,富邦-高雄,2023-10-16,9659
2329,華泰,16,3,13,富邦-高雄,2023-10-16,9659
2206,三陽工業,13,1,12,富邦-高雄,2023-10-16,9659
00907,永豐優息存股,12,1,11,富邦-高雄,2023-10-16,9659
2892,第一金,11,0,11,富邦-高雄,2023-10-16,9659
8069,元太,11,0,11,富邦-高雄,2023-10-16,9659
2412,中華電,20,9,11,富邦-高雄,2023-10-16,9659
2633,台灣高鐵,12,1,11,富邦-高雄,2023-10-16,9659
1568,倉佑,11,0,11,富邦-高雄,2023-10-16,9659
2367,燿華,21,10,11,富邦-高雄,2023-10-16,9659
00687B,國泰20年美債,182,0,182,富邦-高雄,2023-10-17,9659
1316,上曜,182,1,181,富邦-高雄,2023-10-17,9659
0056,元大高股息,158,6,152,富邦-高雄,2023-10-17,9659
2618,長榮航,116,4,112,富邦-高雄,2023-10-17,9659
5210,寶碩,120,17,103,富邦-高雄,2023-10-17,9659
00720B,元大投資級公司債,102,0,102,富邦-高雄,2023-10-17,9659
2603,長榮,101,1,100,富邦-高雄,2023-10-17,9659
00673R,期元大S＆P原油反1,100,2,98,富邦-高雄,2023-10-17,9659
00795B,中信美國公債20年,93,0,93,富邦-高雄,2023-10-17,9659
2498,宏達電,76,6,70,富邦-高雄,2023-10-17,9659
00751B,元大AAA至A公司債,70,1,69,富邦-高雄,2023-10-17,9659
00878,國泰永續高股息,96,30,66,富邦-高雄,2023-10-17,9659
2891,中信金,212,148,64,富邦-高雄,2023-10-17,9659
3481,群創,97,33,64,富邦-高雄,2023-10-17,9659
00632R,元大台灣50反1,64,7,57,富邦-高雄,2023-10-17,9659
3071,協禧,50,0,50,富邦-高雄,2023-10-17,9659
00922,國泰台灣領袖50,49,0,49,富邦-高雄,2023-10-17,9659
5515,建國,48,0,48,富邦-高雄,2023-10-17,9659
00679B,元大美債20年,46,0,46,富邦-高雄,2023-10-17,9659
00885,富邦越南,46,1,45,富邦-高雄,2023-10-17,9659
1609,大亞,63,23,40,富邦-高雄,2023-10-17,9659
2412,中華電,39,1,38,富邦-高雄,2023-10-17,9659
2610,華航,43,7,36,富邦-高雄,2023-10-17,9659
2312,金寶,35,1,34,富邦-高雄,2023-10-17,9659
3231,緯創,126,94,32,富邦-高雄,2023-10-17,9659
00772B,中信高評級公司債,30,0,30,富邦-高雄,2023-10-17,9659
6229,研通,30,0,30,富邦-高雄,2023-10-17,9659
3704,合勤控,27,1,26,富邦-高雄,2023-10-17,9659
2428,興勤,25,0,25,富邦-高雄,2023-10-17,9659
00633L,富邦上証正2,23,0,23,富邦-高雄,2023-10-17,9659
1108,幸福,24,1,23,富邦-高雄,2023-10-17,9659
00752,中信中國50,22,0,22,富邦-高雄,2023-10-17,9659
2301,光寶科,45,23,22,富邦-高雄,2023-10-17,9659
2390,云辰,21,0,21,富邦-高雄,2023-10-17,9659
2838,聯邦銀,21,0,21,富邦-高雄,2023-10-17,9659
1305,華夏,22,1,21,富邦-高雄,2023-10-17,9659
00905,FT臺灣Smart,20,0,20,富邦-高雄,2023-10-17,9659
5014,建錩,20,0,20,富邦-高雄,2023-10-17,9659
2369,菱生,35,17,18,富邦-高雄,2023-10-17,9659
9933,中鼎,21,3,18,富邦-高雄,2023-10-17,9659
2352,佳世達,16,0,16,富邦-高雄,2023-10-17,9659
4906,正文,16,1,15,富邦-高雄,2023-10-17,9659
1504,東元,18,3,15,富邦-高雄,2023-10-17,9659
00931B,統一美債20年,18,3,15,富邦-高雄,2023-10-17,9659
5284,jpp-KY,15,0,15,富邦-高雄,2023-10-17,9659
3035,智原,69,54,15,富邦-高雄,2023-10-17,9659
00893,國泰智能電動車,20,6,14,富邦-高雄,2023-10-17,9659
5439,高技,37,23,14,富邦-高雄,2023-10-17,9659
00722B,群益投資級電信債,14,0,14,富邦-高雄,2023-10-17,9659
3376,新日興,42,28,14,富邦-高雄,2023-10-17,9659
00929,復華台灣科技優息,321,31,290,富邦-高雄,2023-10-18,9659
0056,元大高股息,285,17,268,富邦-高雄,2023-10-18,9659
1101,台泥,249,2,247,富邦-高雄,2023-10-18,9659
00878,國泰永續高股息,244,58,186,富邦-高雄,2023-10-18,9659
00922,國泰台灣領袖50,110,0,110,富邦-高雄,2023-10-18,9659
3450,聯鈞,129,26,103,富邦-高雄,2023-10-18,9659
2603,長榮,183,85,98,富邦-高雄,2023-10-18,9659
00795B,中信美國公債20年,65,0,65,富邦-高雄,2023-10-18,9659
00720B,元大投資級公司債,61,0,61,富邦-高雄,2023-10-18,9659
2002,中鋼,60,4,56,富邦-高雄,2023-10-18,9659
1455,集盛,115,60,55,富邦-高雄,2023-10-18,9659
2891,中信金,57,3,54,富邦-高雄,2023-10-18,9659
5258,虹堡,53,1,52,富邦-高雄,2023-10-18,9659
912000,晨訊科-DR,50,0,50,富邦-高雄,2023-10-18,9659
6213,聯茂,67,23,44,富邦-高雄,2023-10-18,9659
00679B,元大美債20年,43,1,42,富邦-高雄,2023-10-18,9659
00664R,國泰臺灣加權反1,40,0,40,富邦-高雄,2023-10-18,9659
3715,定穎投控,60,27,33,富邦-高雄,2023-10-18,9659
3363,上詮,79,48,31,富邦-高雄,2023-10-18,9659
6168,宏齊,79,48,31,富邦-高雄,2023-10-18,9659
1515,力山,30,0,30,富邦-高雄,2023-10-18,9659
3037,欣興,39,10,29,富邦-高雄,2023-10-18,9659
1568,倉佑,43,14,29,富邦-高雄,2023-10-18,9659
00687B,國泰20年美債,29,0,29,富邦-高雄,2023-10-18,9659
3481,群創,82,55,27,富邦-高雄,2023-10-18,9659
00905,FT臺灣Smart,28,1,27,富邦-高雄,2023-10-18,9659
2412,中華電,25,0,25,富邦-高雄,2023-10-18,9659
2344,華邦電,23,0,23,富邦-高雄,2023-10-18,9659
2323,中環,23,0,23,富邦-高雄,2023-10-18,9659
00673R,期元大S＆P原油反1,25,2,23,富邦-高雄,2023-10-18,9659
00932,兆豐永續高息等權,22,0,22,富邦-高雄,2023-10-18,9659
2618,長榮航,38,16,22,富邦-高雄,2023-10-18,9659
9950,萬國通,24,2,22,富邦-高雄,2023-10-18,9659
2409,友達,24,2,22,富邦-高雄,2023-10-18,9659
2388,威盛,66,45,21,富邦-高雄,2023-10-18,9659
2428,興勤,21,0,21,富邦-高雄,2023-10-18,9659
6257,矽格,23,2,21,富邦-高雄,2023-10-18,9659
6770,力積電,25,4,21,富邦-高雄,2023-10-18,9659
6114,久威,33,12,21,富邦-高雄,2023-10-18,9659
3078,僑威,20,0,20,富邦-高雄,2023-10-18,9659
9933,中鼎,19,1,18,富邦-高雄,2023-10-18,9659
2376,技嘉,22,4,18,富邦-高雄,2023-10-18,9659
00751B,元大AAA至A公司債,18,0,18,富邦-高雄,2023-10-18,9659
2363,矽統,72,54,18,富邦-高雄,2023-10-18,9659
00713,元大台灣高息低波,20,2,18,富邦-高雄,2023-10-18,9659
2642,宅配通,16,0,16,富邦-高雄,2023-10-18,9659
00864B,中信美國公債0-1,14,0,14,富邦-高雄,2023-10-18,9659
2449,京元電子,31,17,14,富邦-高雄,2023-10-18,9659
1802,台玻,17,3,14,富邦-高雄,2023-10-18,9659
2382,廣達,60,47,13,富邦-高雄,2023-10-18,9659
00919,群益台灣精選高息,5631,123,5508,富邦-高雄,2023-10-19,9659
0056,元大高股息,258,19,239,富邦-高雄,2023-10-19,9659
00720B,元大投資級公司債,123,0,123,富邦-高雄,2023-10-19,9659
1101,台泥,116,5,111,富邦-高雄,2023-10-19,9659
00751B,元大AAA至A公司債,128,30,98,富邦-高雄,2023-10-19,9659
00878,國泰永續高股息,158,75,83,富邦-高雄,2023-10-19,9659
1560,中砂,82,0,82,富邦-高雄,2023-10-19,9659
00929,復華台灣科技優息,115,33,82,富邦-高雄,2023-10-19,9659
00687B,國泰20年美債,82,1,81,富邦-高雄,2023-10-19,9659
4401,東隆興,80,1,79,富邦-高雄,2023-10-19,9659
3481,群創,99,22,77,富邦-高雄,2023-10-19,9659
6213,聯茂,70,0,70,富邦-高雄,2023-10-19,9659
00933B,國泰10Y+金融債,270,207,63,富邦-高雄,2023-10-19,9659
00679B,元大美債20年,66,3,63,富邦-高雄,2023-10-19,9659
5258,虹堡,60,2,58,富邦-高雄,2023-10-19,9659
2888,新光金,56,0,56,富邦-高雄,2023-10-19,9659
3363,上詮,108,56,52,富邦-高雄,2023-10-19,9659
2891,中信金,97,49,48,富邦-高雄,2023-10-19,9659
2637,慧洋-KY,47,0,47,富邦-高雄,2023-10-19,9659
6770,力積電,49,3,46,富邦-高雄,2023-10-19,9659
6233,旺玖,47,3,44,富邦-高雄,2023-10-19,9659
00712,復華富時不動產,47,7,40,富邦-高雄,2023-10-19,9659
1524,耿鼎,59,26,33,富邦-高雄,2023-10-19,9659
9950,萬國通,63,31,32,富邦-高雄,2023-10-19,9659
2409,友達,29,0,29,富邦-高雄,2023-10-19,9659
2603,長榮,39,11,28,富邦-高雄,2023-10-19,9659
00893,國泰智能電動車,29,1,28,富邦-高雄,2023-10-19,9659
2885,元大金,32,5,27,富邦-高雄,2023-10-19,9659
3709,鑫聯大投控,26,0,26,富邦-高雄,2023-10-19,9659
2317,鴻海,30,5,25,富邦-高雄,2023-10-19,9659
00637L,元大滬深300正2,25,1,24,富邦-高雄,2023-10-19,9659
00715L,期街口布蘭特正2,24,0,24,富邦-高雄,2023-10-19,9659
2498,宏達電,25,3,22,富邦-高雄,2023-10-19,9659
00753L,中信中國50正2,21,0,21,富邦-高雄,2023-10-19,9659
3268,海德威,21,0,21,富邦-高雄,2023-10-19,9659
5210,寶碩,20,0,20,富邦-高雄,2023-10-19,9659
1326,台化,20,0,20,富邦-高雄,2023-10-19,9659
2356,英業達,37,18,19,富邦-高雄,2023-10-19,9659
00722B,群益投資級電信債,19,0,19,富邦-高雄,2023-10-19,9659
6443,元晶,19,0,19,富邦-高雄,2023-10-19,9659
2472,立隆電,20,1,19,富邦-高雄,2023-10-19,9659
1795,美時,32,14,18,富邦-高雄,2023-10-19,9659
00931B,統一美債20年,18,0,18,富邦-高雄,2023-10-19,9659
00895,富邦未來車,23,6,17,富邦-高雄,2023-10-19,9659
00772B,中信高評級公司債,17,0,17,富邦-高雄,2023-10-19,9659
8938,明安,18,1,17,富邦-高雄,2023-10-19,9659
2428,興勤,17,0,17,富邦-高雄,2023-10-19,9659
00633L,富邦上証正2,37,20,17,富邦-高雄,2023-10-19,9659
00922,國泰台灣領袖50,33,16,17,富邦-高雄,2023-10-19,9659
2412,中華電,16,0,16,富邦-高雄,2023-10-19,9659
00712,復華富時不動產,154,5,149,富邦-高雄,2023-10-20,9659
3231,緯創,191,47,144,富邦-高雄,2023-10-20,9659
00929,復華台灣科技優息,223,91,132,富邦-高雄,2023-10-20,9659
00878,國泰永續高股息,166,81,85,富邦-高雄,2023-10-20,9659
0056,元大高股息,107,38,69,富邦-高雄,2023-10-20,9659
00720B,元大投資級公司債,66,0,66,富邦-高雄,2023-10-20,9659
2516,新建,67,1,66,富邦-高雄,2023-10-20,9659
00751B,元大AAA至A公司債,63,0,63,富邦-高雄,2023-10-20,9659
2002,中鋼,61,3,58,富邦-高雄,2023-10-20,9659
6213,聯茂,136,83,53,富邦-高雄,2023-10-20,9659
00664R,國泰臺灣加權反1,50,0,50,富邦-高雄,2023-10-20,9659
2834,臺企銀,50,2,48,富邦-高雄,2023-10-20,9659
1314,中石化,57,10,47,富邦-高雄,2023-10-20,9659
2884,玉山金,46,1,45,富邦-高雄,2023-10-20,9659
00637L,元大滬深300正2,54,17,37,富邦-高雄,2023-10-20,9659
00673R,期元大S＆P原油反1,48,12,36,富邦-高雄,2023-10-20,9659
00687B,國泰20年美債,35,0,35,富邦-高雄,2023-10-20,9659
2888,新光金,65,30,35,富邦-高雄,2023-10-20,9659
2887,台新金,40,6,34,富邦-高雄,2023-10-20,9659
6770,力積電,38,5,33,富邦-高雄,2023-10-20,9659
2886,兆豐金,33,1,32,富邦-高雄,2023-10-20,9659
00922,國泰台灣領袖50,31,0,31,富邦-高雄,2023-10-20,9659
4938,和碩,32,2,30,富邦-高雄,2023-10-20,9659
2883,凱基金,52,22,30,富邦-高雄,2023-10-20,9659
1414,東和,29,0,29,富邦-高雄,2023-10-20,9659
2609,陽明,38,11,27,富邦-高雄,2023-10-20,9659
4934,太極,26,0,26,富邦-高雄,2023-10-20,9659
5210,寶碩,25,0,25,富邦-高雄,2023-10-20,9659
4401,東隆興,25,0,25,富邦-高雄,2023-10-20,9659
00933B,國泰10Y+金融債,60,38,22,富邦-高雄,2023-10-20,9659
1605,華新,24,2,22,富邦-高雄,2023-10-20,9659
1584,精剛,21,0,21,富邦-高雄,2023-10-20,9659
00864B,中信美國公債0-1,24,3,21,富邦-高雄,2023-10-20,9659
00900,富邦特選高股息30,21,0,21,富邦-高雄,2023-10-20,9659
00931B,統一美債20年,21,1,20,富邦-高雄,2023-10-20,9659
1560,中砂,126,106,20,富邦-高雄,2023-10-20,9659
2344,華邦電,19,0,19,富邦-高雄,2023-10-20,9659
3268,海德威,20,1,19,富邦-高雄,2023-10-20,9659
00679B,元大美債20年,28,9,19,富邦-高雄,2023-10-20,9659
3032,偉訓,19,1,18,富邦-高雄,2023-10-20,9659
00772B,中信高評級公司債,17,0,17,富邦-高雄,2023-10-20,9659
2353,宏��,20,3,17,富邦-高雄,2023-10-20,9659
2618,長榮航,24,9,15,富邦-高雄,2023-10-20,9659
1723,中碳,24,9,15,富邦-高雄,2023-10-20,9659
4933,友輝,16,1,15,富邦-高雄,2023-10-20,9659
2065,世豐,15,0,15,富邦-高雄,2023-10-20,9659
1513,中興電,16,2,14,富邦-高雄,2023-10-20,9659
00753L,中信中國50正2,16,2,14,富邦-高雄,2023-10-20,9659
00892,富邦台灣半導體,22,8,14,富邦-高雄,2023-10-20,9659
2382,廣達,67,53,14,富邦-高雄,2023-10-20,9659
3231,緯創,495,189,306,富邦-高雄,2023-10-23,9659
00929,復華台灣科技優息,316,113,203,富邦-高雄,2023-10-23,9659
00712,復華富時不動產,136,0,136,富邦-高雄,2023-10-23,9659
00720B,元大投資級公司債,99,0,99,富邦-高雄,2023-10-23,9659
6290,良維,82,1,81,富邦-高雄,2023-10-23,9659
3363,上詮,84,4,80,富邦-高雄,2023-10-23,9659
2317,鴻海,131,53,78,富邦-高雄,2023-10-23,9659
3006,晶豪科,91,13,78,富邦-高雄,2023-10-23,9659
00919,群益台灣精選高息,97,26,71,富邦-高雄,2023-10-23,9659
1711,永光,76,5,71,富邦-高雄,2023-10-23,9659
3481,群創,151,87,64,富邦-高雄,2023-10-23,9659
3044,健鼎,69,11,58,富邦-高雄,2023-10-23,9659
2891,中信金,62,6,56,富邦-高雄,2023-10-23,9659
2888,新光金,55,0,55,富邦-高雄,2023-10-23,9659
2605,新興,70,16,54,富邦-高雄,2023-10-23,9659
1815,富喬,51,1,50,富邦-高雄,2023-10-23,9659
0056,元大高股息,80,32,48,富邦-高雄,2023-10-23,9659
2885,元大金,48,1,47,富邦-高雄,2023-10-23,9659
2610,華航,64,17,47,富邦-高雄,2023-10-23,9659
4908,前鼎,65,24,41,富邦-高雄,2023-10-23,9659
00878,國泰永續高股息,84,43,41,富邦-高雄,2023-10-23,9659
00708L,期元大S＆P黃金正2,40,0,40,富邦-高雄,2023-10-23,9659
00772B,中信高評級公司債,39,0,39,富邦-高雄,2023-10-23,9659
00679B,元大美債20年,44,6,38,富邦-高雄,2023-10-23,9659
1102,亞泥,37,0,37,富邦-高雄,2023-10-23,9659
00687B,國泰20年美債,36,0,36,富邦-高雄,2023-10-23,9659
2449,京元電子,34,4,30,富邦-高雄,2023-10-23,9659
00751B,元大AAA至A公司債,79,51,28,富邦-高雄,2023-10-23,9659
2881,富邦金,29,2,27,富邦-高雄,2023-10-23,9659
2356,英業達,30,4,26,富邦-高雄,2023-10-23,9659
8054,安國,35,9,26,富邦-高雄,2023-10-23,9659
2609,陽明,26,1,25,富邦-高雄,2023-10-23,9659
2002,中鋼,34,11,23,富邦-高雄,2023-10-23,9659
2887,台新金,35,11,24,富邦-高雄,2023-10-23,9659
3051,力特,122,99,23,富邦-高雄,2023-10-23,9659
00922,國泰台灣領袖50,31,8,23,富邦-高雄,2023-10-23,9659
2352,佳世達,43,20,23,富邦-高雄,2023-10-23,9659
2401,凌陽,63,40,23,富邦-高雄,2023-10-23,9659
2402,毅嘉,48,26,22,富邦-高雄,2023-10-23,9659
2489,瑞軒,22,0,22,富邦-高雄,2023-10-23,9659
2330,台積電,22,2,20,富邦-高雄,2023-10-23,9659
6605,帝寶,20,0,20,富邦-高雄,2023-10-23,9659
00923,群益台ESG低碳50,21,2,19,富邦-高雄,2023-10-23,9659
2412,中華電,21,1,20,富邦-高雄,2023-10-23,9659
00696B,富邦美債20年,20,1,19,富邦-高雄,2023-10-23,9659
00637L,元大滬深300正2,21,2,19,富邦-高雄,2023-10-23,9659
2367,燿華,20,1,19,富邦-高雄,2023-10-23,9659
2606,裕民,19,2,17,富邦-高雄,2023-10-23,9659
6229,研通,17,0,17,富邦-高雄,2023-10-23,9659
00830,國泰費城半導體,16,0,16,富邦-高雄,2023-10-23,9659
00687B,國泰20年美債,166,6,160,富邦-高雄,2023-10-24,9659
8048,德勝,173,18,155,富邦-高雄,2023-10-24,9659
00680L,元大美債20正2,225,71,154,富邦-高雄,2023-10-24,9659
00929,復華台灣科技優息,122,9,113,富邦-高雄,2023-10-24,9659
2317,鴻海,198,87,111,富邦-高雄,2023-10-24,9659
00712,復華富時不動產,115,9,106,富邦-高雄,2023-10-24,9659
1524,耿鼎,120,20,100,富邦-高雄,2023-10-24,9659
2883,凱基金,71,2,69,富邦-高雄,2023-10-24,9659
00772B,中信高評級公司債,70,3,67,富邦-高雄,2023-10-24,9659
00751B,元大AAA至A公司債,67,2,65,富邦-高雄,2023-10-24,9659
2409,友達,55,2,53,富邦-高雄,2023-10-24,9659
2369,菱生,126,75,51,富邦-高雄,2023-10-24,9659
2891,中信金,51,4,47,富邦-高雄,2023-10-24,9659
1815,富喬,49,15,34,富邦-高雄,2023-10-24,9659
2376,技嘉,48,15,33,富邦-高雄,2023-10-24,9659
00919,群益台灣精選高息,42,11,31,富邦-高雄,2023-10-24,9659
2460,建通,30,0,30,富邦-高雄,2023-10-24,9659
00933B,國泰10Y+金融債,32,3,29,富邦-高雄,2023-10-24,9659
2002,中鋼,33,4,29,富邦-高雄,2023-10-24,9659
6168,宏齊,80,52,28,富邦-高雄,2023-10-24,9659
9955,佳龍,38,11,27,富邦-高雄,2023-10-24,9659
2388,威盛,54,29,25,富邦-高雄,2023-10-24,9659
00878,國泰永續高股息,37,12,25,富邦-高雄,2023-10-24,9659
9933,中鼎,25,1,24,富邦-高雄,2023-10-24,9659
2356,英業達,37,14,23,富邦-高雄,2023-10-24,9659
0056,元大高股息,36,13,23,富邦-高雄,2023-10-24,9659
00864B,中信美國公債0-1,22,0,22,富邦-高雄,2023-10-24,9659
4977,眾達-KY,22,1,21,富邦-高雄,2023-10-24,9659
2399,映泰,27,7,20,富邦-高雄,2023-10-24,9659
6194,育富,20,0,20,富邦-高雄,2023-10-24,9659
2516,新建,20,0,20,富邦-高雄,2023-10-24,9659
5210,寶碩,20,0,20,富邦-高雄,2023-10-24,9659
4960,誠美材,36,17,19,富邦-高雄,2023-10-24,9659
3025,星通,32,13,19,富邦-高雄,2023-10-24,9659
3372,典範,56,37,19,富邦-高雄,2023-10-24,9659
2888,新光金,18,2,16,富邦-高雄,2023-10-24,9659
2887,台新金,15,0,15,富邦-高雄,2023-10-24,9659
00719B,元大美債1-3,15,0,15,富邦-高雄,2023-10-24,9659
8033,雷虎,15,0,15,富邦-高雄,2023-10-24,9659
3011,今皓,15,0,15,富邦-高雄,2023-10-24,9659
00679B,元大美債20年,42,27,15,富邦-高雄,2023-10-24,9659
1414,東和,14,0,14,富邦-高雄,2023-10-24,9659
00665L,富邦�琤肭磪囓�2,19,5,14,富邦-高雄,2023-10-24,9659
2834,臺企銀,16,2,14,富邦-高雄,2023-10-24,9659
5439,高技,15,2,13,富邦-高雄,2023-10-24,9659
00922,國泰台灣領袖50,14,1,13,富邦-高雄,2023-10-24,9659
1101,台泥,14,1,13,富邦-高雄,2023-10-24,9659
4967,十銓,13,1,12,富邦-高雄,2023-10-24,9659
3711,日月光投控,12,1,11,富邦-高雄,2023-10-24,9659
3044,健鼎,35,24,11,富邦-高雄,2023-10-24,9659
2515,中工,405,11,394,富邦-高雄,2023-10-25,9659
1717,長興,296,0,296,富邦-高雄,2023-10-25,9659
00929,復華台灣科技優息,263,39,224,富邦-高雄,2023-10-25,9659
2465,麗臺,161,2,159,富邦-高雄,2023-10-25,9659
2618,長榮航,123,0,123,富邦-高雄,2023-10-25,9659
00772B,中信高評級公司債,103,1,102,富邦-高雄,2023-10-25,9659
00687B,國泰20年美債,90,8,82,富邦-高雄,2023-10-25,9659
3481,群創,106,35,71,富邦-高雄,2023-10-25,9659
2337,旺宏,59,6,53,富邦-高雄,2023-10-25,9659
5210,寶碩,50,0,50,富邦-高雄,2023-10-25,9659
00632R,元大台灣50反1,51,4,47,富邦-高雄,2023-10-25,9659
3041,揚智,59,12,47,富邦-高雄,2023-10-25,9659
00922,國泰台灣領袖50,37,0,37,富邦-高雄,2023-10-25,9659
1524,耿鼎,212,177,35,富邦-高雄,2023-10-25,9659
6683,雍智科技,34,0,34,富邦-高雄,2023-10-25,9659
2892,第一金,35,2,33,富邦-高雄,2023-10-25,9659
2405,輔信,52,21,31,富邦-高雄,2023-10-25,9659
4944,兆遠,33,2,31,富邦-高雄,2023-10-25,9659
00893,國泰智能電動車,30,0,30,富邦-高雄,2023-10-25,9659
00712,復華富時不動產,31,2,29,富邦-高雄,2023-10-25,9659
00919,群益台灣精選高息,33,4,29,富邦-高雄,2023-10-25,9659
8176,智捷,31,2,29,富邦-高雄,2023-10-25,9659
2603,長榮,51,23,28,富邦-高雄,2023-10-25,9659
6290,良維,27,0,27,富邦-高雄,2023-10-25,9659
2883,凱基金,27,2,25,富邦-高雄,2023-10-25,9659
2409,友達,33,8,25,富邦-高雄,2023-10-25,9659
2356,英業達,30,8,22,富邦-高雄,2023-10-25,9659
00642U,期元大S＆P石油,26,5,21,富邦-高雄,2023-10-25,9659
6213,聯茂,23,2,21,富邦-高雄,2023-10-25,9659
00902,中信電池及儲能,20,0,20,富邦-高雄,2023-10-25,9659
2331,精英,20,0,20,富邦-高雄,2023-10-25,9659
2313,華通,22,4,18,富邦-高雄,2023-10-25,9659
2886,兆豐金,28,10,18,富邦-高雄,2023-10-25,9659
00751B,元大AAA至A公司債,30,12,18,富邦-高雄,2023-10-25,9659
6741,91APP*-KY,18,0,18,富邦-高雄,2023-10-25,9659
3078,僑威,36,18,18,富邦-高雄,2023-10-25,9659
2412,中華電,17,0,17,富邦-高雄,2023-10-25,9659
0056,元大高股息,31,14,17,富邦-高雄,2023-10-25,9659
1301,台塑,17,1,16,富邦-高雄,2023-10-25,9659
5439,高技,17,1,16,富邦-高雄,2023-10-25,9659
1101,台泥,16,0,16,富邦-高雄,2023-10-25,9659
3037,欣興,19,4,15,富邦-高雄,2023-10-25,9659
2317,鴻海,55,41,14,富邦-高雄,2023-10-25,9659
2498,宏達電,31,18,13,富邦-高雄,2023-10-25,9659
6274,台燿,16,3,13,富邦-高雄,2023-10-25,9659
5258,虹堡,24,11,13,富邦-高雄,2023-10-25,9659
8935,邦泰,16,4,12,富邦-高雄,2023-10-25,9659
2888,新光金,12,0,12,富邦-高雄,2023-10-25,9659
00915,凱基優選高股息30,12,0,12,富邦-高雄,2023-10-25,9659
2485,兆赫,24,12,12,富邦-高雄,2023-10-25,9659
00929,復華台灣科技優息,466,8,458,富邦-高雄,2023-10-26,9659
1717,長興,304,1,303,富邦-高雄,2023-10-26,9659
4934,太極,152,0,152,富邦-高雄,2023-10-26,9659
6213,聯茂,131,4,127,富邦-高雄,2023-10-26,9659
00885,富邦越南,122,0,122,富邦-高雄,2023-10-26,9659
00671R,富邦NASDAQ反1,116,0,116,富邦-高雄,2023-10-26,9659
0056,元大高股息,124,10,114,富邦-高雄,2023-10-26,9659
00919,群益台灣精選高息,117,6,111,富邦-高雄,2023-10-26,9659
00878,國泰永續高股息,134,23,111,富邦-高雄,2023-10-26,9659
00768B,復華20年美債,100,0,100,富邦-高雄,2023-10-26,9659
00712,復華富時不動產,99,0,99,富邦-高雄,2023-10-26,9659
2344,華邦電,63,0,63,富邦-高雄,2023-10-26,9659
00772B,中信高評級公司債,112,50,62,富邦-高雄,2023-10-26,9659
3346,麗清,71,9,62,富邦-高雄,2023-10-26,9659
2367,燿華,61,1,60,富邦-高雄,2023-10-26,9659
00687B,國泰20年美債,61,1,60,富邦-高雄,2023-10-26,9659
2303,聯電,84,26,58,富邦-高雄,2023-10-26,9659
00751B,元大AAA至A公司債,57,4,53,富邦-高雄,2023-10-26,9659
5531,鄉林,60,10,50,富邦-高雄,2023-10-26,9659
00922,國泰台灣領袖50,45,0,45,富邦-高雄,2023-10-26,9659
020039,元大加權N,45,0,45,富邦-高雄,2023-10-26,9659
2609,陽明,51,9,42,富邦-高雄,2023-10-26,9659
00900,富邦特選高股息30,41,0,41,富邦-高雄,2023-10-26,9659
4960,誠美材,60,21,39,富邦-高雄,2023-10-26,9659
4968,立積,40,2,38,富邦-高雄,2023-10-26,9659
00893,國泰智能電動車,69,32,37,富邦-高雄,2023-10-26,9659
0050,元大台灣50,38,1,37,富邦-高雄,2023-10-26,9659
00679B,元大美債20年,46,12,34,富邦-高雄,2023-10-26,9659
00720B,元大投資級公司債,33,0,33,富邦-高雄,2023-10-26,9659
2409,友達,59,26,33,富邦-高雄,2023-10-26,9659
1568,倉佑,33,1,32,富邦-高雄,2023-10-26,9659
3363,上詮,46,14,32,富邦-高雄,2023-10-26,9659
2330,台積電,36,6,30,富邦-高雄,2023-10-26,9659
6568,宏觀,30,0,30,富邦-高雄,2023-10-26,9659
2388,威盛,58,31,27,富邦-高雄,2023-10-26,9659
8048,德勝,44,18,26,富邦-高雄,2023-10-26,9659
6113,亞矽,50,25,25,富邦-高雄,2023-10-26,9659
2337,旺宏,24,0,24,富邦-高雄,2023-10-26,9659
2369,菱生,27,3,24,富邦-高雄,2023-10-26,9659
2618,長榮航,34,11,23,富邦-高雄,2023-10-26,9659
2887,台新金,23,1,22,富邦-高雄,2023-10-26,9659
9955,佳龍,46,24,22,富邦-高雄,2023-10-26,9659
00722B,群益投資級電信債,21,0,21,富邦-高雄,2023-10-26,9659
2412,中華電,23,2,21,富邦-高雄,2023-10-26,9659
6442,光聖,37,16,21,富邦-高雄,2023-10-26,9659
9950,萬國通,21,0,21,富邦-高雄,2023-10-26,9659
3037,欣興,41,21,20,富邦-高雄,2023-10-26,9659
00923,群益台ESG低碳50,20,0,20,富邦-高雄,2023-10-26,9659
00830,國泰費城半導體,26,6,20,富邦-高雄,2023-10-26,9659
2371,大同,19,0,19,富邦-高雄,2023-10-26,9659
00929,復華台灣科技優息,169,5,164,富邦-高雄,2023-10-27,9659
2462,良得電,164,8,156,富邦-高雄,2023-10-27,9659
8054,安國,165,34,131,富邦-高雄,2023-10-27,9659
00687B,國泰20年美債,111,3,108,富邦-高雄,2023-10-27,9659
3231,緯創,184,80,104,富邦-高雄,2023-10-27,9659
2303,聯電,102,2,100,富邦-高雄,2023-10-27,9659
5258,虹堡,153,64,89,富邦-高雄,2023-10-27,9659
00712,復華富時不動產,66,1,65,富邦-高雄,2023-10-27,9659
2363,矽統,71,17,54,富邦-高雄,2023-10-27,9659
3545,敦泰,52,5,47,富邦-高雄,2023-10-27,9659
2317,鴻海,43,0,43,富邦-高雄,2023-10-27,9659
00878,國泰永續高股息,59,18,41,富邦-高雄,2023-10-27,9659
1720,生達,34,0,34,富邦-高雄,2023-10-27,9659
3481,群創,42,9,33,富邦-高雄,2023-10-27,9659
00885,富邦越南,36,4,32,富邦-高雄,2023-10-27,9659
2409,友達,27,0,27,富邦-高雄,2023-10-27,9659
3548,兆利,26,0,26,富邦-高雄,2023-10-27,9659
3704,合勤控,37,11,26,富邦-高雄,2023-10-27,9659
2344,華邦電,23,0,23,富邦-高雄,2023-10-27,9659
00881,國泰台灣5G+,24,2,22,富邦-高雄,2023-10-27,9659
2369,菱生,25,3,22,富邦-高雄,2023-10-27,9659
2501,國建,20,0,20,富邦-高雄,2023-10-27,9659
2498,宏達電,35,15,20,富邦-高雄,2023-10-27,9659
4168,醣聯,20,2,18,富邦-高雄,2023-10-27,9659
3260,威剛,21,3,18,富邦-高雄,2023-10-27,9659
3013,晟銘電,28,12,16,富邦-高雄,2023-10-27,9659
2382,廣達,37,21,16,富邦-高雄,2023-10-27,9659
2405,輔信,15,0,15,富邦-高雄,2023-10-27,9659
2201,裕隆,20,5,15,富邦-高雄,2023-10-27,9659
3234,光環,15,0,15,富邦-高雄,2023-10-27,9659
00919,群益台灣精選高息,21,6,15,富邦-高雄,2023-10-27,9659
2329,華泰,33,19,14,富邦-高雄,2023-10-27,9659
5014,建錩,20,6,14,富邦-高雄,2023-10-27,9659
8048,德勝,28,14,14,富邦-高雄,2023-10-27,9659
5521,工信,16,3,13,富邦-高雄,2023-10-27,9659
00751B,元大AAA至A公司債,25,12,13,富邦-高雄,2023-10-27,9659
2890,永豐金,14,1,13,富邦-高雄,2023-10-27,9659
2401,凌陽,15,3,12,富邦-高雄,2023-10-27,9659
2883,凱基金,49,37,12,富邦-高雄,2023-10-27,9659
2002,中鋼,20,8,12,富邦-高雄,2023-10-27,9659
2609,陽明,15,4,11,富邦-高雄,2023-10-27,9659
2887,台新金,11,0,11,富邦-高雄,2023-10-27,9659
2605,新興,15,4,11,富邦-高雄,2023-10-27,9659
1907,永豐餘,11,0,11,富邦-高雄,2023-10-27,9659
2454,聯發科,11,0,11,富邦-高雄,2023-10-27,9659
2408,南亞科,10,0,10,富邦-高雄,2023-10-27,9659
00918,大華優利高填息30,10,0,10,富邦-高雄,2023-10-27,9659
9945,潤泰新,10,0,10,富邦-高雄,2023-10-27,9659
00633L,富邦上証正2,10,0,10,富邦-高雄,2023-10-27,9659
8085,福華,10,0,10,富邦-高雄,2023-10-27,9659
2888,新光金,95,3,92,富邦-高雄,2023-10-30,9659
2382,廣達,110,29,81,富邦-高雄,2023-10-30,9659
00665L,富邦�琤肭磪囓�2,61,5,56,富邦-高雄,2023-10-30,9659
00712,復華富時不動產,44,0,44,富邦-高雄,2023-10-30,9659
2606,裕民,42,0,42,富邦-高雄,2023-10-30,9659
2867,三商壽,40,0,40,富邦-高雄,2023-10-30,9659
8936,國統,36,0,36,富邦-高雄,2023-10-30,9659
2812,台中銀,30,0,30,富邦-高雄,2023-10-30,9659
6589,台康生技,30,0,30,富邦-高雄,2023-10-30,9659
2885,元大金,71,45,26,富邦-高雄,2023-10-30,9659
2618,長榮航,29,3,26,富邦-高雄,2023-10-30,9659
2390,云辰,121,98,23,富邦-高雄,2023-10-30,9659
6213,聯茂,24,1,23,富邦-高雄,2023-10-30,9659
2465,麗臺,24,2,22,富邦-高雄,2023-10-30,9659
00687B,國泰20年美債,24,3,21,富邦-高雄,2023-10-30,9659
00720B,元大投資級公司債,21,0,21,富邦-高雄,2023-10-30,9659
3545,敦泰,27,6,21,富邦-高雄,2023-10-30,9659
1108,幸福,20,0,20,富邦-高雄,2023-10-30,9659
1720,生達,19,0,19,富邦-高雄,2023-10-30,9659
5474,聰泰,19,0,19,富邦-高雄,2023-10-30,9659
00933B,國泰10Y+金融債,40,21,19,富邦-高雄,2023-10-30,9659
2027,大成鋼,25,7,18,富邦-高雄,2023-10-30,9659
4953,緯軟,20,2,18,富邦-高雄,2023-10-30,9659
0050,元大台灣50,18,1,17,富邦-高雄,2023-10-30,9659
00751B,元大AAA至A公司債,20,3,17,富邦-高雄,2023-10-30,9659
8110,華東,19,2,17,富邦-高雄,2023-10-30,9659
2515,中工,24,8,16,富邦-高雄,2023-10-30,9659
3715,定穎投控,83,67,16,富邦-高雄,2023-10-30,9659
2882,國泰金,16,0,16,富邦-高雄,2023-10-30,9659
2303,聯電,19,4,15,富邦-高雄,2023-10-30,9659
2886,兆豐金,15,0,15,富邦-高雄,2023-10-30,9659
3032,偉訓,18,4,14,富邦-高雄,2023-10-30,9659
2409,友達,36,23,13,富邦-高雄,2023-10-30,9659
00929,復華台灣科技優息,25,12,13,富邦-高雄,2023-10-30,9659
6770,力積電,13,0,13,富邦-高雄,2023-10-30,9659
6292,迅德,13,0,13,富邦-高雄,2023-10-30,9659
2330,台積電,14,1,13,富邦-高雄,2023-10-30,9659
1760,寶齡富錦,14,2,12,富邦-高雄,2023-10-30,9659
1815,富喬,20,8,12,富邦-高雄,2023-10-30,9659
00772B,中信高評級公司債,12,0,12,富邦-高雄,2023-10-30,9659
1907,永豐餘,12,1,11,富邦-高雄,2023-10-30,9659
00722B,群益投資級電信債,10,0,10,富邦-高雄,2023-10-30,9659
9933,中鼎,10,0,10,富邦-高雄,2023-10-30,9659
1459,聯發,10,0,10,富邦-高雄,2023-10-30,9659
2913,農林,10,0,10,富邦-高雄,2023-10-30,9659
9802,鈺齊-KY,10,0,10,富邦-高雄,2023-10-30,9659
5493,三聯,11,1,10,富邦-高雄,2023-10-30,9659
00673R,期元大S＆P原油反1,20,10,10,富邦-高雄,2023-10-30,9659
4526,東台,10,0,10,富邦-高雄,2023-10-30,9659
6231,系微,10,0,10,富邦-高雄,2023-10-30,9659
00933B,國泰10Y+金融債,129,21,108,富邦-高雄,2023-10-31,9659
00878,國泰永續高股息,146,38,108,富邦-高雄,2023-10-31,9659
00753L,中信中國50正2,101,0,101,富邦-高雄,2023-10-31,9659
0056,元大高股息,114,15,99,富邦-高雄,2023-10-31,9659
00687B,國泰20年美債,81,0,81,富邦-高雄,2023-10-31,9659
020039,元大加權N,65,0,65,富邦-高雄,2023-10-31,9659
00712,復華富時不動產,57,0,57,富邦-高雄,2023-10-31,9659
00919,群益台灣精選高息,55,1,54,富邦-高雄,2023-10-31,9659
4938,和碩,51,0,51,富邦-高雄,2023-10-31,9659
2606,裕民,60,9,51,富邦-高雄,2023-10-31,9659
00715L,期街口布蘭特正2,45,3,42,富邦-高雄,2023-10-31,9659
3715,定穎投控,122,80,42,富邦-高雄,2023-10-31,9659
2603,長榮,53,15,38,富邦-高雄,2023-10-31,9659
2303,聯電,87,49,38,富邦-高雄,2023-10-31,9659
2352,佳世達,36,1,35,富邦-高雄,2023-10-31,9659
6443,元晶,53,19,34,富邦-高雄,2023-10-31,9659
00922,國泰台灣領袖50,33,0,33,富邦-高雄,2023-10-31,9659
00915,凱基優選高股息30,33,1,32,富邦-高雄,2023-10-31,9659
2301,光寶科,64,33,31,富邦-高雄,2023-10-31,9659
4968,立積,30,0,30,富邦-高雄,2023-10-31,9659
3380,明泰,31,2,29,富邦-高雄,2023-10-31,9659
2485,兆赫,43,15,28,富邦-高雄,2023-10-31,9659
00931B,統一美債20年,28,0,28,富邦-高雄,2023-10-31,9659
2882,國泰金,35,8,27,富邦-高雄,2023-10-31,9659
2337,旺宏,28,1,27,富邦-高雄,2023-10-31,9659
00688L,國泰20年美債正2,27,0,27,富邦-高雄,2023-10-31,9659
00929,復華台灣科技優息,123,97,26,富邦-高雄,2023-10-31,9659
9933,中鼎,25,0,25,富邦-高雄,2023-10-31,9659
8110,華東,31,6,25,富邦-高雄,2023-10-31,9659
2449,京元電子,26,1,25,富邦-高雄,2023-10-31,9659
3686,達能,24,0,24,富邦-高雄,2023-10-31,9659
2887,台新金,25,2,23,富邦-高雄,2023-10-31,9659
2498,宏達電,25,2,23,富邦-高雄,2023-10-31,9659
3037,欣興,87,65,22,富邦-高雄,2023-10-31,9659
3078,僑威,23,2,21,富邦-高雄,2023-10-31,9659
6156,松上,20,0,20,富邦-高雄,2023-10-31,9659
00864B,中信美國公債0-1,20,0,20,富邦-高雄,2023-10-31,9659
2105,正新,22,2,20,富邦-高雄,2023-10-31,9659
2204,中華,19,0,19,富邦-高雄,2023-10-31,9659
1584,精剛,19,0,19,富邦-高雄,2023-10-31,9659
6257,矽格,29,11,18,富邦-高雄,2023-10-31,9659
2329,華泰,20,3,17,富邦-高雄,2023-10-31,9659
00751B,元大AAA至A公司債,16,0,16,富邦-高雄,2023-10-31,9659
2201,裕隆,21,5,16,富邦-高雄,2023-10-31,9659
2313,華通,40,24,16,富邦-高雄,2023-10-31,9659
2388,威盛,52,36,16,富邦-高雄,2023-10-31,9659
00679B,元大美債20年,15,0,15,富邦-高雄,2023-10-31,9659
2369,菱生,17,2,15,富邦-高雄,2023-10-31,9659
00673R,期元大S＆P原油反1,20,5,15,富邦-高雄,2023-10-31,9659
00923,群益台ESG低碳50,15,0,15,富邦-高雄,2023-10-31,9659
00929,復華台灣科技優息,235,28,207,富邦-高雄,2023-11-01,9659
00934,中信成長高股息,183,65,118,富邦-高雄,2023-11-01,9659
2610,華航,169,53,116,富邦-高雄,2023-11-01,9659
2891,中信金,106,3,103,富邦-高雄,2023-11-01,9659
00632R,元大台灣50反1,140,40,100,富邦-高雄,2023-11-01,9659
00637L,元大滬深300正2,110,27,83,富邦-高雄,2023-11-01,9659
00878,國泰永續高股息,125,47,78,富邦-高雄,2023-11-01,9659
00679B,元大美債20年,73,4,69,富邦-高雄,2023-11-01,9659
5488,松普,62,8,54,富邦-高雄,2023-11-01,9659
00885,富邦越南,56,5,51,富邦-高雄,2023-11-01,9659
00712,復華富時不動產,46,0,46,富邦-高雄,2023-11-01,9659
2317,鴻海,51,9,42,富邦-高雄,2023-11-01,9659
8277,商丞,41,0,41,富邦-高雄,2023-11-01,9659
2303,聯電,48,11,37,富邦-高雄,2023-11-01,9659
2382,廣達,69,32,37,富邦-高雄,2023-11-01,9659
2367,燿華,34,3,31,富邦-高雄,2023-11-01,9659
2376,技嘉,47,16,31,富邦-高雄,2023-11-01,9659
5469,瀚宇博,33,2,31,富邦-高雄,2023-11-01,9659
2457,飛宏,50,20,30,富邦-高雄,2023-11-01,9659
5704,老爺知,39,9,30,富邦-高雄,2023-11-01,9659
2462,良得電,31,6,25,富邦-高雄,2023-11-01,9659
3605,宏致,25,0,25,富邦-高雄,2023-11-01,9659
00687B,國泰20年美債,24,0,24,富邦-高雄,2023-11-01,9659
00720B,元大投資級公司債,22,0,22,富邦-高雄,2023-11-01,9659
3105,穩懋,39,17,22,富邦-高雄,2023-11-01,9659
1907,永豐餘,20,0,20,富邦-高雄,2023-11-01,9659
3714,富采,20,0,20,富邦-高雄,2023-11-01,9659
6712,長聖,20,0,20,富邦-高雄,2023-11-01,9659
00891,中信關鍵半導體,20,1,19,富邦-高雄,2023-11-01,9659
2363,矽統,38,21,17,富邦-高雄,2023-11-01,9659
2887,台新金,18,2,16,富邦-高雄,2023-11-01,9659
1301,台塑,15,0,15,富邦-高雄,2023-11-01,9659
2816,旺旺保,15,0,15,富邦-高雄,2023-11-01,9659
00922,國泰台灣領袖50,15,0,15,富邦-高雄,2023-11-01,9659
1720,生達,15,0,15,富邦-高雄,2023-11-01,9659
1609,大亞,17,2,15,富邦-高雄,2023-11-01,9659
00719B,元大美債1-3,14,0,14,富邦-高雄,2023-11-01,9659
1795,美時,17,4,13,富邦-高雄,2023-11-01,9659
4915,致伸,19,5,14,富邦-高雄,2023-11-01,9659
3481,群創,18,4,14,富邦-高雄,2023-11-01,9659
00670L,富邦NASDAQ正2,13,0,13,富邦-高雄,2023-11-01,9659
2406,國碩,20,7,13,富邦-高雄,2023-11-01,9659
2380,虹光,15,2,13,富邦-高雄,2023-11-01,9659
9958,世紀鋼,13,1,12,富邦-高雄,2023-11-01,9659
3338,泰碩,26,14,12,富邦-高雄,2023-11-01,9659
2886,兆豐金,12,1,11,富邦-高雄,2023-11-01,9659
00633L,富邦上証正2,51,40,11,富邦-高雄,2023-11-01,9659
2409,友達,27,16,11,富邦-高雄,2023-11-01,9659
6770,力積電,14,3,11,富邦-高雄,2023-11-01,9659
2809,京城銀,10,0,10,富邦-高雄,2023-11-01,9659
00712,復華富時不動產,394,77,317,富邦-高雄,2023-11-02,9659
2376,技嘉,285,13,272,富邦-高雄,2023-11-02,9659
00632R,元大台灣50反1,275,22,253,富邦-高雄,2023-11-02,9659
3481,群創,137,34,103,富邦-高雄,2023-11-02,9659
6257,矽格,108,15,93,富邦-高雄,2023-11-02,9659
2883,凱基金,107,21,86,富邦-高雄,2023-11-02,9659
2363,矽統,112,42,70,富邦-高雄,2023-11-02,9659
00715L,期街口布蘭特正2,65,0,65,富邦-高雄,2023-11-02,9659
00878,國泰永續高股息,85,25,60,富邦-高雄,2023-11-02,9659
00687B,國泰20年美債,98,44,54,富邦-高雄,2023-11-02,9659
00637L,元大滬深300正2,82,34,48,富邦-高雄,2023-11-02,9659
5258,虹堡,88,45,43,富邦-高雄,2023-11-02,9659
3363,上詮,63,22,41,富邦-高雄,2023-11-02,9659
8024,佑華,40,0,40,富邦-高雄,2023-11-02,9659
6233,旺玖,40,0,40,富邦-高雄,2023-11-02,9659
2406,國碩,26,2,24,富邦-高雄,2023-11-02,9659
00919,群益台灣精選高息,37,14,23,富邦-高雄,2023-11-02,9659
1449,佳和,30,8,22,富邦-高雄,2023-11-02,9659
2405,輔信,24,2,22,富邦-高雄,2023-11-02,9659
00679B,元大美債20年,25,5,20,富邦-高雄,2023-11-02,9659
3090,日電貿,20,0,20,富邦-高雄,2023-11-02,9659
2543,皇昌,42,23,19,富邦-高雄,2023-11-02,9659
3466,德晉,19,0,19,富邦-高雄,2023-11-02,9659
2501,國建,20,2,18,富邦-高雄,2023-11-02,9659
3322,建舜電,22,7,15,富邦-高雄,2023-11-02,9659
4967,十銓,34,19,15,富邦-高雄,2023-11-02,9659
1720,生達,14,2,12,富邦-高雄,2023-11-02,9659
2610,華航,63,51,12,富邦-高雄,2023-11-02,9659
2465,麗臺,14,2,12,富邦-高雄,2023-11-02,9659
3081,聯亞,12,0,12,富邦-高雄,2023-11-02,9659
4401,東隆興,12,0,12,富邦-高雄,2023-11-02,9659
1304,台聚,11,0,11,富邦-高雄,2023-11-02,9659
2485,兆赫,13,2,11,富邦-高雄,2023-11-02,9659
00882,中信中國高股息,13,3,10,富邦-高雄,2023-11-02,9659
2888,新光金,10,0,10,富邦-高雄,2023-11-02,9659
3265,台星科,10,0,10,富邦-高雄,2023-11-02,9659
8110,華東,13,3,10,富邦-高雄,2023-11-02,9659
1522,堤維西,10,0,10,富邦-高雄,2023-11-02,9659
4806,桂田文創,10,0,10,富邦-高雄,2023-11-02,9659
2347,聯強,10,0,10,富邦-高雄,2023-11-02,9659
9928,中視,9,0,9,富邦-高雄,2023-11-02,9659
00864B,中信美國公債0-1,9,0,9,富邦-高雄,2023-11-02,9659
2885,元大金,10,1,9,富邦-高雄,2023-11-02,9659
3094,聯傑,11,2,9,富邦-高雄,2023-11-02,9659
3051,力特,15,7,8,富邦-高雄,2023-11-02,9659
5439,高技,10,2,8,富邦-高雄,2023-11-02,9659
6589,台康生技,8,0,8,富邦-高雄,2023-11-02,9659
6770,力積電,18,10,8,富邦-高雄,2023-11-02,9659
3617,碩天,8,0,8,富邦-高雄,2023-11-02,9659
6213,聯茂,14,6,8,富邦-高雄,2023-11-02,9659
00720B,元大投資級公司債,209,5,204,富邦-高雄,2023-11-03,9659
00679B,元大美債20年,148,5,143,富邦-高雄,2023-11-03,9659
3481,群創,116,28,88,富邦-高雄,2023-11-03,9659
8054,安國,90,7,83,富邦-高雄,2023-11-03,9659
2363,矽統,270,195,75,富邦-高雄,2023-11-03,9659
020039,元大加權N,65,0,65,富邦-高雄,2023-11-03,9659
2883,凱基金,92,36,56,富邦-高雄,2023-11-03,9659
4908,前鼎,67,14,53,富邦-高雄,2023-11-03,9659
00664R,國泰臺灣加權反1,50,0,50,富邦-高雄,2023-11-03,9659
1314,中石化,68,19,49,富邦-高雄,2023-11-03,9659
3037,欣興,64,18,46,富邦-高雄,2023-11-03,9659
00878,國泰永續高股息,60,14,46,富邦-高雄,2023-11-03,9659
2317,鴻海,59,18,41,富邦-高雄,2023-11-03,9659
2501,國建,40,0,40,富邦-高雄,2023-11-03,9659
5880,合庫金,40,1,39,富邦-高雄,2023-11-03,9659
00919,群益台灣精選高息,48,12,36,富邦-高雄,2023-11-03,9659
00935,野村臺灣新科技50,34,1,33,富邦-高雄,2023-11-03,9659
3322,建舜電,33,1,32,富邦-高雄,2023-11-03,9659
00632R,元大台灣50反1,79,50,29,富邦-高雄,2023-11-03,9659
00687B,國泰20年美債,33,5,28,富邦-高雄,2023-11-03,9659
6446,藥華藥,29,1,28,富邦-高雄,2023-11-03,9659
6531,愛普*,44,21,23,富邦-高雄,2023-11-03,9659
5439,高技,46,24,22,富邦-高雄,2023-11-03,9659
3176,基亞,23,2,21,富邦-高雄,2023-11-03,9659
00712,復華富時不動產,95,74,21,富邦-高雄,2023-11-03,9659
00706L,期元大S＆P日圓正2,20,0,20,富邦-高雄,2023-11-03,9659
00915,凱基優選高股息30,25,5,20,富邦-高雄,2023-11-03,9659
3188,鑫龍騰,20,0,20,富邦-高雄,2023-11-03,9659
8163,達方,31,11,20,富邦-高雄,2023-11-03,9659
8176,智捷,22,3,19,富邦-高雄,2023-11-03,9659
5014,建錩,18,0,18,富邦-高雄,2023-11-03,9659
3372,典範,24,6,18,富邦-高雄,2023-11-03,9659
8150,南茂,42,24,18,富邦-高雄,2023-11-03,9659
9802,鈺齊-KY,20,2,18,富邦-高雄,2023-11-03,9659
2887,台新金,20,3,17,富邦-高雄,2023-11-03,9659
6150,撼訊,17,2,15,富邦-高雄,2023-11-03,9659
2481,強茂,20,5,15,富邦-高雄,2023-11-03,9659
6274,台燿,35,21,14,富邦-高雄,2023-11-03,9659
5347,世界,33,20,13,富邦-高雄,2023-11-03,9659
2834,臺企銀,13,1,12,富邦-高雄,2023-11-03,9659
2488,漢平,12,0,12,富邦-高雄,2023-11-03,9659
6237,驊訊,25,13,12,富邦-高雄,2023-11-03,9659
8227,巨有科技,21,10,11,富邦-高雄,2023-11-03,9659
1609,大亞,12,1,11,富邦-高雄,2023-11-03,9659
3055,蔚華科,14,3,11,富邦-高雄,2023-11-03,9659
2812,台中銀,11,0,11,富邦-高雄,2023-11-03,9659
2369,菱生,11,0,11,富邦-高雄,2023-11-03,9659
6164,華興,10,0,10,富邦-高雄,2023-11-03,9659
6143,振曜,15,5,10,富邦-高雄,2023-11-03,9659
2538,基泰,10,0,10,富邦-高雄,2023-11-03,9659
00632R,元大台灣50反1,1221,0,1221,富邦-高雄,2023-11-06,9659
2618,長榮航,281,26,255,富邦-高雄,2023-11-06,9659
00882,中信中國高股息,161,16,145,富邦-高雄,2023-11-06,9659
2891,中信金,129,9,120,富邦-高雄,2023-11-06,9659
00648R,元大S＆P500反1,100,0,100,富邦-高雄,2023-11-06,9659
2457,飛宏,111,14,97,富邦-高雄,2023-11-06,9659
00715L,期街口布蘭特正2,86,0,86,富邦-高雄,2023-11-06,9659
00679B,元大美債20年,82,2,80,富邦-高雄,2023-11-06,9659
3704,合勤控,79,2,77,富邦-高雄,2023-11-06,9659
00934,中信成長高股息,65,0,65,富邦-高雄,2023-11-06,9659
00929,復華台灣科技優息,284,222,62,富邦-高雄,2023-11-06,9659
6683,雍智科技,54,3,51,富邦-高雄,2023-11-06,9659
2354,鴻準,52,1,51,富邦-高雄,2023-11-06,9659
00664R,國泰臺灣加權反1,51,0,51,富邦-高雄,2023-11-06,9659
3390,旭軟,56,5,51,富邦-高雄,2023-11-06,9659
3419,譁裕,50,0,50,富邦-高雄,2023-11-06,9659
2363,矽統,165,119,46,富邦-高雄,2023-11-06,9659
3363,上詮,50,5,45,富邦-高雄,2023-11-06,9659
2462,良得電,45,1,44,富邦-高雄,2023-11-06,9659
3545,敦泰,56,15,41,富邦-高雄,2023-11-06,9659
2332,友訊,44,4,40,富邦-高雄,2023-11-06,9659
00720B,元大投資級公司債,42,2,40,富邦-高雄,2023-11-06,9659
00712,復華富時不動產,54,16,38,富邦-高雄,2023-11-06,9659
1504,東元,34,1,33,富邦-高雄,2023-11-06,9659
2412,中華電,32,1,31,富邦-高雄,2023-11-06,9659
00878,國泰永續高股息,64,34,30,富邦-高雄,2023-11-06,9659
6156,松上,47,17,30,富邦-高雄,2023-11-06,9659
2317,鴻海,49,23,26,富邦-高雄,2023-11-06,9659
00935,野村臺灣新科技50,26,0,26,富邦-高雄,2023-11-06,9659
2610,華航,74,49,25,富邦-高雄,2023-11-06,9659
2501,國建,24,0,24,富邦-高雄,2023-11-06,9659
9950,萬國通,26,3,23,富邦-高雄,2023-11-06,9659
2301,光寶科,25,2,23,富邦-高雄,2023-11-06,9659
4188,安克,22,0,22,富邦-高雄,2023-11-06,9659
8069,元太,21,0,21,富邦-高雄,2023-11-06,9659
3483,力致,25,4,21,富邦-高雄,2023-11-06,9659
4157,太景*-KY,31,10,21,富邦-高雄,2023-11-06,9659
1795,美時,23,2,21,富邦-高雄,2023-11-06,9659
5014,建錩,19,1,18,富邦-高雄,2023-11-06,9659
2066,世德,17,0,17,富邦-高雄,2023-11-06,9659
6139,亞翔,22,6,16,富邦-高雄,2023-11-06,9659
2612,中航,16,0,16,富邦-高雄,2023-11-06,9659
2390,云辰,82,66,16,富邦-高雄,2023-11-06,9659
2382,廣達,33,17,16,富邦-高雄,2023-11-06,9659
5511,德昌,16,1,15,富邦-高雄,2023-11-06,9659
2371,大同,15,1,14,富邦-高雄,2023-11-06,9659
2834,臺企銀,38,25,13,富邦-高雄,2023-11-06,9659
00922,國泰台灣領袖50,35,23,12,富邦-高雄,2023-11-06,9659
6770,力積電,35,23,12,富邦-高雄,2023-11-06,9659
5371,中光電,12,0,12,富邦-高雄,2023-11-06,9659
00933B,國泰10Y+金融債,771,35,736,富邦-高雄,2023-11-07,9659
3231,緯創,278,53,225,富邦-高雄,2023-11-07,9659
4915,致伸,103,6,97,富邦-高雄,2023-11-07,9659
2618,長榮航,142,73,69,富邦-高雄,2023-11-07,9659
00878,國泰永續高股息,65,13,52,富邦-高雄,2023-11-07,9659
00882,中信中國高股息,51,0,51,富邦-高雄,2023-11-07,9659
3021,鴻名,50,0,50,富邦-高雄,2023-11-07,9659
2883,凱基金,41,0,41,富邦-高雄,2023-11-07,9659
5258,虹堡,65,32,33,富邦-高雄,2023-11-07,9659
2409,友達,47,15,32,富邦-高雄,2023-11-07,9659
1416,廣豐,30,0,30,富邦-高雄,2023-11-07,9659
2002,中鋼,37,10,27,富邦-高雄,2023-11-07,9659
6741,91APP*-KY,23,0,23,富邦-高雄,2023-11-07,9659
3105,穩懋,30,7,23,富邦-高雄,2023-11-07,9659
00688L,國泰20年美債正2,27,5,22,富邦-高雄,2023-11-07,9659
6531,愛普*,33,11,22,富邦-高雄,2023-11-07,9659
2634,漢翔,24,3,21,富邦-高雄,2023-11-07,9659
3317,尼克森,25,4,21,富邦-高雄,2023-11-07,9659
2317,鴻海,41,20,21,富邦-高雄,2023-11-07,9659
5864,致和證,20,0,20,富邦-高雄,2023-11-07,9659
3024,憶聲,20,0,20,富邦-高雄,2023-11-07,9659
8176,智捷,20,0,20,富邦-高雄,2023-11-07,9659
6197,佳必琪,22,2,20,富邦-高雄,2023-11-07,9659
4167,松瑞藥,29,10,19,富邦-高雄,2023-11-07,9659
2356,英業達,34,17,17,富邦-高雄,2023-11-07,9659
1609,大亞,19,2,17,富邦-高雄,2023-11-07,9659
3481,群創,18,1,17,富邦-高雄,2023-11-07,9659
2439,美律,39,22,17,富邦-高雄,2023-11-07,9659
00919,群益台灣精選高息,22,5,17,富邦-高雄,2023-11-07,9659
5009,榮剛,17,1,16,富邦-高雄,2023-11-07,9659
1603,華電,15,0,15,富邦-高雄,2023-11-07,9659
5706,鳳凰,17,2,15,富邦-高雄,2023-11-07,9659
4401,東隆興,14,0,14,富邦-高雄,2023-11-07,9659
1432,大魯閣,14,0,14,富邦-高雄,2023-11-07,9659
2486,一詮,16,2,14,富邦-高雄,2023-11-07,9659
00712,復華富時不動產,15,1,14,富邦-高雄,2023-11-07,9659
2388,威盛,29,16,13,富邦-高雄,2023-11-07,9659
2313,華通,17,4,13,富邦-高雄,2023-11-07,9659
1568,倉佑,13,0,13,富邦-高雄,2023-11-07,9659
4128,中天,25,12,13,富邦-高雄,2023-11-07,9659
2353,宏��,12,0,12,富邦-高雄,2023-11-07,9659
6257,矽格,18,6,12,富邦-高雄,2023-11-07,9659
1560,中砂,13,1,12,富邦-高雄,2023-11-07,9659
2453,凌群,23,12,11,富邦-高雄,2023-11-07,9659
2344,華邦電,22,11,11,富邦-高雄,2023-11-07,9659
6719,力智,18,7,11,富邦-高雄,2023-11-07,9659
2887,台新金,11,0,11,富邦-高雄,2023-11-07,9659
3661,世芯-KY,24,14,10,富邦-高雄,2023-11-07,9659
1455,集盛,10,0,10,富邦-高雄,2023-11-07,9659
2369,菱生,23,13,10,富邦-高雄,2023-11-07,9659
00936,台新永續高息中小,268,11,257,富邦-高雄,2023-11-08,9659
2618,長榮航,294,86,208,富邦-高雄,2023-11-08,9659
00632R,元大台灣50反1,114,30,84,富邦-高雄,2023-11-08,9659
2103,台橡,67,0,67,富邦-高雄,2023-11-08,9659
2867,三商壽,53,0,53,富邦-高雄,2023-11-08,9659
1568,倉佑,73,22,51,富邦-高雄,2023-11-08,9659
00929,復華台灣科技優息,117,67,50,富邦-高雄,2023-11-08,9659
1815,富喬,78,28,50,富邦-高雄,2023-11-08,9659
00919,群益台灣精選高息,58,9,49,富邦-高雄,2023-11-08,9659
2206,三陽工業,46,0,46,富邦-高雄,2023-11-08,9659
4533,協易機,44,0,44,富邦-高雄,2023-11-08,9659
5347,世界,59,17,42,富邦-高雄,2023-11-08,9659
2883,凱基金,42,1,41,富邦-高雄,2023-11-08,9659
9927,泰銘,40,0,40,富邦-高雄,2023-11-08,9659
2015,豐興,35,0,35,富邦-高雄,2023-11-08,9659
00696B,富邦美債20年,40,10,30,富邦-高雄,2023-11-08,9659
2388,威盛,54,25,29,富邦-高雄,2023-11-08,9659
6202,盛群,27,1,26,富邦-高雄,2023-11-08,9659
8176,智捷,30,4,26,富邦-高雄,2023-11-08,9659
2367,燿華,27,1,26,富邦-高雄,2023-11-08,9659
2211,長榮鋼,25,0,25,富邦-高雄,2023-11-08,9659
00687B,國泰20年美債,35,11,24,富邦-高雄,2023-11-08,9659
00931B,統一美債20年,30,8,22,富邦-高雄,2023-11-08,9659
5439,高技,25,3,22,富邦-高雄,2023-11-08,9659
5014,建錩,21,0,21,富邦-高雄,2023-11-08,9659
00664R,國泰臺灣加權反1,21,0,21,富邦-高雄,2023-11-08,9659
6284,佳邦,31,11,20,富邦-高雄,2023-11-08,9659
6863,永道-KY,20,0,20,富邦-高雄,2023-11-08,9659
2317,鴻海,28,9,19,富邦-高雄,2023-11-08,9659
00715L,期街口布蘭特正2,33,14,19,富邦-高雄,2023-11-08,9659
3034,聯詠,23,6,17,富邦-高雄,2023-11-08,9659
00923,群益台ESG低碳50,20,3,17,富邦-高雄,2023-11-08,9659
6901,鑽石投資,56,39,17,富邦-高雄,2023-11-08,9659
3324,雙鴻,22,6,16,富邦-高雄,2023-11-08,9659
6109,亞元,42,26,16,富邦-高雄,2023-11-08,9659
2002,中鋼,23,7,16,富邦-高雄,2023-11-08,9659
5258,虹堡,44,29,15,富邦-高雄,2023-11-08,9659
2369,菱生,20,5,15,富邦-高雄,2023-11-08,9659
2488,漢平,17,3,14,富邦-高雄,2023-11-08,9659
00935,野村臺灣新科技50,15,2,13,富邦-高雄,2023-11-08,9659
3213,茂訊,13,0,13,富邦-高雄,2023-11-08,9659
1312,國喬,13,0,13,富邦-高雄,2023-11-08,9659
3680,家登,14,1,13,富邦-高雄,2023-11-08,9659
6426,統新,13,0,13,富邦-高雄,2023-11-08,9659
6188,廣明,32,19,13,富邦-高雄,2023-11-08,9659
3702,大聯大,17,5,12,富邦-高雄,2023-11-08,9659
00642U,期元大S＆P石油,17,5,12,富邦-高雄,2023-11-08,9659
00882,中信中國高股息,12,0,12,富邦-高雄,2023-11-08,9659
5452,佶優,12,0,12,富邦-高雄,2023-11-08,9659
00795B,中信美國公債20年,18,6,12,富邦-高雄,2023-11-08,9659
2427,三商電,230,69,161,富邦-高雄,2023-11-09,9659
00935,野村臺灣新科技50,120,7,113,富邦-高雄,2023-11-09,9659
3481,群創,108,2,106,富邦-高雄,2023-11-09,9659
00929,復華台灣科技優息,125,32,93,富邦-高雄,2023-11-09,9659
2442,新美齊,85,2,83,富邦-高雄,2023-11-09,9659
00936,台新永續高息中小,74,0,74,富邦-高雄,2023-11-09,9659
2329,華泰,198,126,72,富邦-高雄,2023-11-09,9659
00632R,元大台灣50反1,68,0,68,富邦-高雄,2023-11-09,9659
2501,國建,64,0,64,富邦-高雄,2023-11-09,9659
00715L,期街口布蘭特正2,64,1,63,富邦-高雄,2023-11-09,9659
00687B,國泰20年美債,65,11,54,富邦-高雄,2023-11-09,9659
2402,毅嘉,62,10,52,富邦-高雄,2023-11-09,9659
2331,精英,64,12,52,富邦-高雄,2023-11-09,9659
5347,世界,52,2,50,富邦-高雄,2023-11-09,9659
3555,博士旺,50,0,50,富邦-高雄,2023-11-09,9659
3231,緯創,130,82,48,富邦-高雄,2023-11-09,9659
2465,麗臺,48,3,45,富邦-高雄,2023-11-09,9659
3545,敦泰,48,6,42,富邦-高雄,2023-11-09,9659
00680L,元大美債20正2,85,48,37,富邦-高雄,2023-11-09,9659
1314,中石化,37,2,35,富邦-高雄,2023-11-09,9659
5009,榮剛,32,0,32,富邦-高雄,2023-11-09,9659
2610,華航,41,11,30,富邦-高雄,2023-11-09,9659
5386,青雲,42,12,30,富邦-高雄,2023-11-09,9659
1815,富喬,38,10,28,富邦-高雄,2023-11-09,9659
1515,力山,32,4,28,富邦-高雄,2023-11-09,9659
00931B,統一美債20年,40,14,26,富邦-高雄,2023-11-09,9659
2015,豐興,25,0,25,富邦-高雄,2023-11-09,9659
6901,鑽石投資,52,28,24,富邦-高雄,2023-11-09,9659
2618,長榮航,74,50,24,富邦-高雄,2023-11-09,9659
3014,聯陽,30,6,24,富邦-高雄,2023-11-09,9659
2634,漢翔,24,1,23,富邦-高雄,2023-11-09,9659
2421,建準,29,7,22,富邦-高雄,2023-11-09,9659
1101,台泥,23,3,20,富邦-高雄,2023-11-09,9659
6284,佳邦,20,0,20,富邦-高雄,2023-11-09,9659
3013,晟銘電,43,23,20,富邦-高雄,2023-11-09,9659
2812,台中銀,20,1,19,富邦-高雄,2023-11-09,9659
2313,華通,39,20,19,富邦-高雄,2023-11-09,9659
00934,中信成長高股息,24,5,19,富邦-高雄,2023-11-09,9659
00720B,元大投資級公司債,59,40,19,富邦-高雄,2023-11-09,9659
1324,地球,27,9,18,富邦-高雄,2023-11-09,9659
3622,洋華,18,0,18,富邦-高雄,2023-11-09,9659
4401,東隆興,18,0,18,富邦-高雄,2023-11-09,9659
8936,國統,31,13,18,富邦-高雄,2023-11-09,9659
8046,南電,18,0,18,富邦-高雄,2023-11-09,9659
2607,榮運,21,4,17,富邦-高雄,2023-11-09,9659
1582,信錦,18,1,17,富邦-高雄,2023-11-09,9659
1522,堤維西,20,4,16,富邦-高雄,2023-11-09,9659
6125,廣運,17,1,16,富邦-高雄,2023-11-09,9659
4188,安克,17,1,16,富邦-高雄,2023-11-09,9659
2388,威盛,31,15,16,富邦-高雄,2023-11-09,9659
2887,台新金,1049,41,1008,富邦-高雄,2023-11-10,9659
3231,緯創,333,67,266,富邦-高雄,2023-11-10,9659
00753L,中信中國50正2,195,0,195,富邦-高雄,2023-11-10,9659
00936,台新永續高息中小,158,9,149,富邦-高雄,2023-11-10,9659
1316,上曜,130,0,130,富邦-高雄,2023-11-10,9659
00933B,國泰10Y+金融債,104,14,90,富邦-高雄,2023-11-10,9659
00931B,統一美債20年,87,4,83,富邦-高雄,2023-11-10,9659
00632R,元大台灣50反1,78,0,78,富邦-高雄,2023-11-10,9659
00680L,元大美債20正2,78,6,72,富邦-高雄,2023-11-10,9659
00679B,元大美債20年,75,12,63,富邦-高雄,2023-11-10,9659
00715L,期街口布蘭特正2,66,3,63,富邦-高雄,2023-11-10,9659
00907,永豐優息存股,61,0,61,富邦-高雄,2023-11-10,9659
5488,松普,60,2,58,富邦-高雄,2023-11-10,9659
2439,美律,59,8,51,富邦-高雄,2023-11-10,9659
5531,鄉林,50,0,50,富邦-高雄,2023-11-10,9659
2891,中信金,47,4,43,富邦-高雄,2023-11-10,9659
00878,國泰永續高股息,56,15,41,富邦-高雄,2023-11-10,9659
00712,復華富時不動產,42,3,39,富邦-高雄,2023-11-10,9659
2462,良得電,39,4,35,富邦-高雄,2023-11-10,9659
1440,南紡,36,1,35,富邦-高雄,2023-11-10,9659
5521,工信,30,0,30,富邦-高雄,2023-11-10,9659
2355,敬鵬,31,1,30,富邦-高雄,2023-11-10,9659
912000,晨訊科-DR,35,5,30,富邦-高雄,2023-11-10,9659
4128,中天,53,24,29,富邦-高雄,2023-11-10,9659
1210,大成,30,2,28,富邦-高雄,2023-11-10,9659
4743,合一,63,36,27,富邦-高雄,2023-11-10,9659
00934,中信成長高股息,31,4,27,富邦-高雄,2023-11-10,9659
1795,美時,32,6,26,富邦-高雄,2023-11-10,9659
2317,鴻海,27,1,26,富邦-高雄,2023-11-10,9659
2618,長榮航,70,45,25,富邦-高雄,2023-11-10,9659
6901,鑽石投資,61,36,25,富邦-高雄,2023-11-10,9659
00720B,元大投資級公司債,25,0,25,富邦-高雄,2023-11-10,9659
2031,新光鋼,25,1,24,富邦-高雄,2023-11-10,9659
3363,上詮,23,2,21,富邦-高雄,2023-11-10,9659
2812,台中銀,20,0,20,富邦-高雄,2023-11-10,9659
3481,群創,22,3,19,富邦-高雄,2023-11-10,9659
00687B,國泰20年美債,23,5,18,富邦-高雄,2023-11-10,9659
8936,國統,19,2,17,富邦-高雄,2023-11-10,9659
00751B,元大AAA至A公司債,116,100,16,富邦-高雄,2023-11-10,9659
2303,聯電,20,5,15,富邦-高雄,2023-11-10,9659
2634,漢翔,17,2,15,富邦-高雄,2023-11-10,9659
2486,一詮,17,3,14,富邦-高雄,2023-11-10,9659
2460,建通,14,0,14,富邦-高雄,2023-11-10,9659
2105,正新,18,4,14,富邦-高雄,2023-11-10,9659
8011,台通,16,3,13,富邦-高雄,2023-11-10,9659
6271,同欣電,14,1,13,富邦-高雄,2023-11-10,9659
2449,京元電子,12,0,12,富邦-高雄,2023-11-10,9659
00888,永豐台灣ESG,12,0,12,富邦-高雄,2023-11-10,9659
8034,榮群,77,65,12,富邦-高雄,2023-11-10,9659
2069,運錩,12,0,12,富邦-高雄,2023-11-10,9659
2887,台新金,1761,22,1739,富邦-高雄,2023-11-13,9659
00878,國泰永續高股息,295,18,277,富邦-高雄,2023-11-13,9659
00929,復華台灣科技優息,335,61,274,富邦-高雄,2023-11-13,9659
00679B,元大美債20年,243,2,241,富邦-高雄,2023-11-13,9659
00919,群益台灣精選高息,172,37,135,富邦-高雄,2023-11-13,9659
2610,華航,146,20,126,富邦-高雄,2023-11-13,9659
2618,長榮航,113,4,109,富邦-高雄,2023-11-13,9659
00637L,元大滬深300正2,105,0,105,富邦-高雄,2023-11-13,9659
1717,長興,100,0,100,富邦-高雄,2023-11-13,9659
00900,富邦特選高股息30,99,11,88,富邦-高雄,2023-11-13,9659
4164,承業醫,68,0,68,富邦-高雄,2023-11-13,9659
2603,長榮,77,11,66,富邦-高雄,2023-11-13,9659
00915,凱基優選高股息30,60,0,60,富邦-高雄,2023-11-13,9659
1440,南紡,60,2,58,富邦-高雄,2023-11-13,9659
1316,上曜,58,0,58,富邦-高雄,2023-11-13,9659
2605,新興,52,1,51,富邦-高雄,2023-11-13,9659
00680L,元大美債20正2,55,5,50,富邦-高雄,2023-11-13,9659
2427,三商電,63,16,47,富邦-高雄,2023-11-13,9659
00934,中信成長高股息,47,1,46,富邦-高雄,2023-11-13,9659
2382,廣達,75,30,45,富邦-高雄,2023-11-13,9659
5609,中菲行,43,0,43,富邦-高雄,2023-11-13,9659
00901,永豐智能車供應鏈,40,0,40,富邦-高雄,2023-11-13,9659
1104,環泥,38,0,38,富邦-高雄,2023-11-13,9659
00936,台新永續高息中小,35,0,35,富邦-高雄,2023-11-13,9659
9933,中鼎,34,0,34,富邦-高雄,2023-11-13,9659
1210,大成,33,0,33,富邦-高雄,2023-11-13,9659
3105,穩懋,30,1,29,富邦-高雄,2023-11-13,9659
6290,良維,28,2,26,富邦-高雄,2023-11-13,9659
2405,輔信,26,0,26,富邦-高雄,2023-11-13,9659
4123,晟德,39,14,25,富邦-高雄,2023-11-13,9659
1609,大亞,27,3,24,富邦-高雄,2023-11-13,9659
6538,倉和,27,4,23,富邦-高雄,2023-11-13,9659
4973,廣穎,23,1,22,富邦-高雄,2023-11-13,9659
00687B,國泰20年美債,24,2,22,富邦-高雄,2023-11-13,9659
2353,宏��,52,32,20,富邦-高雄,2023-11-13,9659
00696B,富邦美債20年,20,0,20,富邦-高雄,2023-11-13,9659
2349,錸德,20,0,20,富邦-高雄,2023-11-13,9659
2323,中環,20,0,20,富邦-高雄,2023-11-13,9659
5210,寶碩,20,0,20,富邦-高雄,2023-11-13,9659
6547,高端疫苗,20,1,19,富邦-高雄,2023-11-13,9659
2301,光寶科,16,0,16,富邦-高雄,2023-11-13,9659
2066,世德,16,0,16,富邦-高雄,2023-11-13,9659
4129,聯合,20,5,15,富邦-高雄,2023-11-13,9659
5521,工信,14,0,14,富邦-高雄,2023-11-13,9659
00720B,元大投資級公司債,38,25,13,富邦-高雄,2023-11-13,9659
5515,建國,13,0,13,富邦-高雄,2023-11-13,9659
3078,僑威,15,3,12,富邦-高雄,2023-11-13,9659
2408,南亞科,13,1,12,富邦-高雄,2023-11-13,9659
9910,豐泰,12,0,12,富邦-高雄,2023-11-13,9659
4128,中天,16,4,12,富邦-高雄,2023-11-13,9659
2543,皇昌,188,29,159,富邦-高雄,2023-11-14,9659
00878,國泰永續高股息,156,43,113,富邦-高雄,2023-11-14,9659
00632R,元大台灣50反1,112,3,109,富邦-高雄,2023-11-14,9659
2890,永豐金,102,5,97,富邦-高雄,2023-11-14,9659
2303,聯電,68,3,65,富邦-高雄,2023-11-14,9659
2406,國碩,68,4,64,富邦-高雄,2023-11-14,9659
00900,富邦特選高股息30,73,19,54,富邦-高雄,2023-11-14,9659
2355,敬鵬,69,18,51,富邦-高雄,2023-11-14,9659
2457,飛宏,53,5,48,富邦-高雄,2023-11-14,9659
3062,建漢,42,1,41,富邦-高雄,2023-11-14,9659
3231,緯創,63,24,39,富邦-高雄,2023-11-14,9659
00929,復華台灣科技優息,65,29,36,富邦-高雄,2023-11-14,9659
2618,長榮航,48,17,31,富邦-高雄,2023-11-14,9659
1440,南紡,30,0,30,富邦-高雄,2023-11-14,9659
1504,東元,52,24,28,富邦-高雄,2023-11-14,9659
4527,方土霖,28,0,28,富邦-高雄,2023-11-14,9659
1597,直得,25,0,25,富邦-高雄,2023-11-14,9659
1104,環泥,24,0,24,富邦-高雄,2023-11-14,9659
2834,臺企銀,28,5,23,富邦-高雄,2023-11-14,9659
9928,中視,21,0,21,富邦-高雄,2023-11-14,9659
2439,美律,31,11,20,富邦-高雄,2023-11-14,9659
1467,南緯,20,0,20,富邦-高雄,2023-11-14,9659
3704,合勤控,19,0,19,富邦-高雄,2023-11-14,9659
2504,國產,19,0,19,富邦-高雄,2023-11-14,9659
6835,圓裕,18,0,18,富邦-高雄,2023-11-14,9659
3036,文曄,28,10,18,富邦-高雄,2023-11-14,9659
6492,生華科,18,1,17,富邦-高雄,2023-11-14,9659
2492,華新科,17,0,17,富邦-高雄,2023-11-14,9659
2883,凱基金,19,3,16,富邦-高雄,2023-11-14,9659
3481,群創,16,0,16,富邦-高雄,2023-11-14,9659
00919,群益台灣精選高息,30,15,15,富邦-高雄,2023-11-14,9659
2609,陽明,44,29,15,富邦-高雄,2023-11-14,9659
9910,豐泰,15,0,15,富邦-高雄,2023-11-14,9659
5210,寶碩,15,0,15,富邦-高雄,2023-11-14,9659
2388,威盛,82,67,15,富邦-高雄,2023-11-14,9659
2520,冠德,14,0,14,富邦-高雄,2023-11-14,9659
6282,康舒,17,3,14,富邦-高雄,2023-11-14,9659
2206,三陽工業,16,3,13,富邦-高雄,2023-11-14,9659
2369,菱生,23,10,13,富邦-高雄,2023-11-14,9659
3128,昇銳,13,0,13,富邦-高雄,2023-11-14,9659
5381,合正,14,1,13,富邦-高雄,2023-11-14,9659
8936,國統,23,11,12,富邦-高雄,2023-11-14,9659
2323,中環,12,0,12,富邦-高雄,2023-11-14,9659
3055,蔚華科,12,0,12,富邦-高雄,2023-11-14,9659
6531,愛普*,30,18,12,富邦-高雄,2023-11-14,9659
3169,亞信,19,8,11,富邦-高雄,2023-11-14,9659
1524,耿鼎,11,0,11,富邦-高雄,2023-11-14,9659
2412,中華電,11,0,11,富邦-高雄,2023-11-14,9659
00936,台新永續高息中小,11,1,10,富邦-高雄,2023-11-14,9659
3685,元創精密,10,0,10,富邦-高雄,2023-11-14,9659
00632R,元大台灣50反1,844,53,791,富邦-高雄,2023-11-15,9659
2520,冠德,198,2,196,富邦-高雄,2023-11-15,9659
00878,國泰永續高股息,233,80,153,富邦-高雄,2023-11-15,9659
00929,復華台灣科技優息,228,77,151,富邦-高雄,2023-11-15,9659
2543,皇昌,157,11,146,富邦-高雄,2023-11-15,9659
00934,中信成長高股息,132,2,130,富邦-高雄,2023-11-15,9659
2449,京元電子,81,20,61,富邦-高雄,2023-11-15,9659
4967,十銓,64,12,52,富邦-高雄,2023-11-15,9659
2363,矽統,194,146,48,富邦-高雄,2023-11-15,9659
00679B,元大美債20年,88,44,44,富邦-高雄,2023-11-15,9659
00919,群益台灣精選高息,63,21,42,富邦-高雄,2023-11-15,9659
3276,宇環,56,16,40,富邦-高雄,2023-11-15,9659
2329,華泰,104,68,36,富邦-高雄,2023-11-15,9659
00680L,元大美債20正2,94,61,33,富邦-高雄,2023-11-15,9659
2323,中環,32,1,31,富邦-高雄,2023-11-15,9659
1319,東陽,31,1,30,富邦-高雄,2023-11-15,9659
5488,松普,32,2,30,富邦-高雄,2023-11-15,9659
2603,長榮,109,79,30,富邦-高雄,2023-11-15,9659
2887,台新金,34,8,26,富邦-高雄,2023-11-15,9659
2516,新建,62,36,26,富邦-高雄,2023-11-15,9659
3260,威剛,28,3,25,富邦-高雄,2023-11-15,9659
6664,群翊,30,5,25,富邦-高雄,2023-11-15,9659
00864B,中信美國公債0-1,30,5,25,富邦-高雄,2023-11-15,9659
00933B,國泰10Y+金融債,51,28,23,富邦-高雄,2023-11-15,9659
2402,毅嘉,37,14,23,富邦-高雄,2023-11-15,9659
1815,富喬,39,16,23,富邦-高雄,2023-11-15,9659
3189,景碩,24,1,23,富邦-高雄,2023-11-15,9659
2534,宏盛,20,0,20,富邦-高雄,2023-11-15,9659
2302,麗正,20,0,20,富邦-高雄,2023-11-15,9659
6770,力積電,49,30,19,富邦-高雄,2023-11-15,9659
8426,紅木-KY,20,1,19,富邦-高雄,2023-11-15,9659
4527,方土霖,18,1,17,富邦-高雄,2023-11-15,9659
5452,佶優,20,3,17,富邦-高雄,2023-11-15,9659
4919,新唐,46,30,16,富邦-高雄,2023-11-15,9659
3081,聯亞,15,0,15,富邦-高雄,2023-11-15,9659
3701,大眾控,20,5,15,富邦-高雄,2023-11-15,9659
5210,寶碩,15,1,14,富邦-高雄,2023-11-15,9659
2303,聯電,68,55,13,富邦-高雄,2023-11-15,9659
2634,漢翔,14,1,13,富邦-高雄,2023-11-15,9659
2812,台中銀,12,0,12,富邦-高雄,2023-11-15,9659
2739,寒舍,16,4,12,富邦-高雄,2023-11-15,9659
2882,國泰金,38,26,12,富邦-高雄,2023-11-15,9659
3264,欣銓,12,0,12,富邦-高雄,2023-11-15,9659
6835,圓裕,12,0,12,富邦-高雄,2023-11-15,9659
5215,科嘉-KY,15,3,12,富邦-高雄,2023-11-15,9659
5521,工信,11,0,11,富邦-高雄,2023-11-15,9659
6226,光鼎,12,1,11,富邦-高雄,2023-11-15,9659
6173,信昌電,11,0,11,富邦-高雄,2023-11-15,9659
5515,建國,11,0,11,富邦-高雄,2023-11-15,9659
2359,所羅門,21,10,11,富邦-高雄,2023-11-15,9659
00679B,元大美債20年,214,2,212,富邦-高雄,2023-11-16,9659
2543,皇昌,135,3,132,富邦-高雄,2023-11-16,9659
00696B,富邦美債20年,107,0,107,富邦-高雄,2023-11-16,9659
00632R,元大台灣50反1,111,10,101,富邦-高雄,2023-11-16,9659
00919,群益台灣精選高息,169,82,87,富邦-高雄,2023-11-16,9659
2891,中信金,93,9,84,富邦-高雄,2023-11-16,9659
00671R,富邦NASDAQ反1,81,0,81,富邦-高雄,2023-11-16,9659
1310,台苯,80,0,80,富邦-高雄,2023-11-16,9659
5498,凱崴,60,0,60,富邦-高雄,2023-11-16,9659
2867,三商壽,57,0,57,富邦-高雄,2023-11-16,9659
5706,鳳凰,67,15,52,富邦-高雄,2023-11-16,9659
2485,兆赫,52,4,48,富邦-高雄,2023-11-16,9659
4550,長佳,59,15,44,富邦-高雄,2023-11-16,9659
3390,旭軟,50,7,43,富邦-高雄,2023-11-16,9659
00712,復華富時不動產,57,16,41,富邦-高雄,2023-11-16,9659
1316,上曜,42,1,41,富邦-高雄,2023-11-16,9659
4527,方土霖,36,0,36,富邦-高雄,2023-11-16,9659
00680L,元大美債20正2,42,8,34,富邦-高雄,2023-11-16,9659
2344,華邦電,119,87,32,富邦-高雄,2023-11-16,9659
3715,定穎投控,32,6,26,富邦-高雄,2023-11-16,9659
2352,佳世達,21,0,21,富邦-高雄,2023-11-16,9659
2402,毅嘉,44,23,21,富邦-高雄,2023-11-16,9659
1210,大成,20,0,20,富邦-高雄,2023-11-16,9659
6712,長聖,20,0,20,富邦-高雄,2023-11-16,9659
00915,凱基優選高股息30,20,0,20,富邦-高雄,2023-11-16,9659
00918,大華優利高填息30,20,0,20,富邦-高雄,2023-11-16,9659
2417,圓剛,66,46,20,富邦-高雄,2023-11-16,9659
3284,太普高,20,1,19,富邦-高雄,2023-11-16,9659
00934,中信成長高股息,28,10,18,富邦-高雄,2023-11-16,9659
5512,力麒,18,0,18,富邦-高雄,2023-11-16,9659
1460,宏遠,17,0,17,富邦-高雄,2023-11-16,9659
2371,大同,35,19,16,富邦-高雄,2023-11-16,9659
2607,榮運,16,1,15,富邦-高雄,2023-11-16,9659
00931B,統一美債20年,15,0,15,富邦-高雄,2023-11-16,9659
1104,環泥,18,3,15,富邦-高雄,2023-11-16,9659
00675L,富邦臺灣加權正2,15,0,15,富邦-高雄,2023-11-16,9659
9941,裕融,15,0,15,富邦-高雄,2023-11-16,9659
4967,十銓,18,3,15,富邦-高雄,2023-11-16,9659
00720B,元大投資級公司債,16,1,15,富邦-高雄,2023-11-16,9659
5871,中租-KY,21,6,15,富邦-高雄,2023-11-16,9659
2834,臺企銀,15,1,14,富邦-高雄,2023-11-16,9659
2609,陽明,17,3,14,富邦-高雄,2023-11-16,9659
6290,良維,18,4,14,富邦-高雄,2023-11-16,9659
2363,矽統,67,53,14,富邦-高雄,2023-11-16,9659
1513,中興電,18,5,13,富邦-高雄,2023-11-16,9659
00935,野村臺灣新科技50,13,0,13,富邦-高雄,2023-11-16,9659
1605,華新,40,28,12,富邦-高雄,2023-11-16,9659
2408,南亞科,19,7,12,富邦-高雄,2023-11-16,9659
4973,廣穎,13,1,12,富邦-高雄,2023-11-16,9659
1582,信錦,36,24,12,富邦-高雄,2023-11-16,9659
00632R,元大台灣50反1,1609,50,1559,富邦-高雄,2023-11-17,9659
1316,上曜,187,0,187,富邦-高雄,2023-11-17,9659
00929,復華台灣科技優息,277,142,135,富邦-高雄,2023-11-17,9659
2890,永豐金,119,2,117,富邦-高雄,2023-11-17,9659
00751B,元大AAA至A公司債,112,4,108,富邦-高雄,2023-11-17,9659
00864B,中信美國公債0-1,98,0,98,富邦-高雄,2023-11-17,9659
2543,皇昌,206,108,98,富邦-高雄,2023-11-17,9659
00931B,統一美債20年,83,0,83,富邦-高雄,2023-11-17,9659
2891,中信金,101,23,78,富邦-高雄,2023-11-17,9659
00715L,期街口布蘭特正2,70,0,70,富邦-高雄,2023-11-17,9659
4401,東隆興,72,2,70,富邦-高雄,2023-11-17,9659
6243,迅杰,78,18,60,富邦-高雄,2023-11-17,9659
2603,長榮,97,41,56,富邦-高雄,2023-11-17,9659
4527,方土霖,50,0,50,富邦-高雄,2023-11-17,9659
4915,致伸,50,0,50,富邦-高雄,2023-11-17,9659
3625,西勝,51,3,48,富邦-高雄,2023-11-17,9659
9933,中鼎,50,2,48,富邦-高雄,2023-11-17,9659
00637L,元大滬深300正2,44,0,44,富邦-高雄,2023-11-17,9659
2727,王品,43,2,41,富邦-高雄,2023-11-17,9659
2405,輔信,45,5,40,富邦-高雄,2023-11-17,9659
8112,至上,40,2,38,富邦-高雄,2023-11-17,9659
2884,玉山金,42,4,38,富邦-高雄,2023-11-17,9659
2610,華航,54,20,34,富邦-高雄,2023-11-17,9659
00850,元大臺灣ESG永續,34,0,34,富邦-高雄,2023-11-17,9659
00720B,元大投資級公司債,120,90,30,富邦-高雄,2023-11-17,9659
2353,宏��,32,2,30,富邦-高雄,2023-11-17,9659
2883B,凱基金乙特,30,1,29,富邦-高雄,2023-11-17,9659
3011,今皓,26,0,26,富邦-高雄,2023-11-17,9659
3390,旭軟,30,5,25,富邦-高雄,2023-11-17,9659
2887,台新金,25,0,25,富邦-高雄,2023-11-17,9659
00915,凱基優選高股息30,28,4,24,富邦-高雄,2023-11-17,9659
4967,十銓,29,5,24,富邦-高雄,2023-11-17,9659
6282,康舒,35,11,24,富邦-高雄,2023-11-17,9659
3227,原相,30,7,23,富邦-高雄,2023-11-17,9659
1434,福懋,21,0,21,富邦-高雄,2023-11-17,9659
1598,岱宇,21,0,21,富邦-高雄,2023-11-17,9659
1101,台泥,24,3,21,富邦-高雄,2023-11-17,9659
00882,中信中國高股息,28,8,20,富邦-高雄,2023-11-17,9659
5498,凱崴,20,0,20,富邦-高雄,2023-11-17,9659
2402,毅嘉,75,55,20,富邦-高雄,2023-11-17,9659
2905,三商,21,3,18,富邦-高雄,2023-11-17,9659
3260,威剛,22,5,17,富邦-高雄,2023-11-17,9659
00687B,國泰20年美債,60,43,17,富邦-高雄,2023-11-17,9659
1815,富喬,28,11,17,富邦-高雄,2023-11-17,9659
2323,中環,29,12,17,富邦-高雄,2023-11-17,9659
00934,中信成長高股息,16,0,16,富邦-高雄,2023-11-17,9659
00731,復華富時高息低波,16,0,16,富邦-高雄,2023-11-17,9659
2457,飛宏,25,10,15,富邦-高雄,2023-11-17,9659
00923,群益台ESG低碳50,23,8,15,富邦-高雄,2023-11-17,9659
8034,榮群,34,19,15,富邦-高雄,2023-11-17,9659
00632R,元大台灣50反1,578,50,528,富邦-高雄,2023-11-20,9659
00688L,國泰20年美債正2,200,5,195,富邦-高雄,2023-11-20,9659
2504,國產,130,2,128,富邦-高雄,2023-11-20,9659
2543,皇昌,158,67,91,富邦-高雄,2023-11-20,9659
00900,富邦特選高股息30,110,24,86,富邦-高雄,2023-11-20,9659
2618,長榮航,145,72,73,富邦-高雄,2023-11-20,9659
4550,長佳,75,5,70,富邦-高雄,2023-11-20,9659
5351,鈺創,104,34,70,富邦-高雄,2023-11-20,9659
1316,上曜,74,5,69,富邦-高雄,2023-11-20,9659
2363,矽統,178,114,64,富邦-高雄,2023-11-20,9659
1440,南紡,60,0,60,富邦-高雄,2023-11-20,9659
6120,達運,50,0,50,富邦-高雄,2023-11-20,9659
00885,富邦越南,52,2,50,富邦-高雄,2023-11-20,9659
9933,中鼎,50,3,47,富邦-高雄,2023-11-20,9659
2017,官田鋼,48,2,46,富邦-高雄,2023-11-20,9659
2516,新建,55,12,43,富邦-高雄,2023-11-20,9659
6806,森崴能源,30,0,30,富邦-高雄,2023-11-20,9659
6282,康舒,37,8,29,富邦-高雄,2023-11-20,9659
5531,鄉林,28,2,26,富邦-高雄,2023-11-20,9659
3704,合勤控,28,2,26,富邦-高雄,2023-11-20,9659
2303,聯電,71,45,26,富邦-高雄,2023-11-20,9659
5210,寶碩,25,0,25,富邦-高雄,2023-11-20,9659
00931B,統一美債20年,25,0,25,富邦-高雄,2023-11-20,9659
2449,京元電子,25,2,23,富邦-高雄,2023-11-20,9659
00679B,元大美債20年,25,2,23,富邦-高雄,2023-11-20,9659
00918,大華優利高填息30,23,0,23,富邦-高雄,2023-11-20,9659
6243,迅杰,41,19,22,富邦-高雄,2023-11-20,9659
8163,達方,22,0,22,富邦-高雄,2023-11-20,9659
2014,中鴻,22,1,21,富邦-高雄,2023-11-20,9659
6237,驊訊,43,22,21,富邦-高雄,2023-11-20,9659
00864B,中信美國公債0-1,21,0,21,富邦-高雄,2023-11-20,9659
2002,中鋼,28,7,21,富邦-高雄,2023-11-20,9659
2890,永豐金,20,0,20,富邦-高雄,2023-11-20,9659
00896,中信綠能及電動車,20,0,20,富邦-高雄,2023-11-20,9659
2344,華邦電,29,9,20,富邦-高雄,2023-11-20,9659
2812,台中銀,20,0,20,富邦-高雄,2023-11-20,9659
00935,野村臺灣新科技50,20,0,20,富邦-高雄,2023-11-20,9659
2897,王道銀行,20,0,20,富邦-高雄,2023-11-20,9659
2330,台積電,22,3,19,富邦-高雄,2023-11-20,9659
5009,榮剛,39,21,18,富邦-高雄,2023-11-20,9659
6669,緯穎,21,3,18,富邦-高雄,2023-11-20,9659
3231,緯創,30,13,17,富邦-高雄,2023-11-20,9659
00720B,元大投資級公司債,17,1,16,富邦-高雄,2023-11-20,9659
00637L,元大滬深300正2,39,23,16,富邦-高雄,2023-11-20,9659
1598,岱宇,17,1,16,富邦-高雄,2023-11-20,9659
3545,敦泰,29,13,16,富邦-高雄,2023-11-20,9659
1303,南亞,16,1,15,富邦-高雄,2023-11-20,9659
3257,虹冠電,15,0,15,富邦-高雄,2023-11-20,9659
2337,旺宏,15,0,15,富邦-高雄,2023-11-20,9659
00751B,元大AAA至A公司債,14,0,14,富邦-高雄,2023-11-20,9659
00632R,元大台灣50反1,562,14,548,富邦-高雄,2023-11-21,9659
2010,春源,100,0,100,富邦-高雄,2023-11-21,9659
2504,國產,100,3,97,富邦-高雄,2023-11-21,9659
2618,長榮航,124,29,95,富邦-高雄,2023-11-21,9659
1440,南紡,84,2,82,富邦-高雄,2023-11-21,9659
5272,笙科,83,10,73,富邦-高雄,2023-11-21,9659
00882,中信中國高股息,74,2,72,富邦-高雄,2023-11-21,9659
6282,康舒,75,12,63,富邦-高雄,2023-11-21,9659
1101,台泥,65,12,53,富邦-高雄,2023-11-21,9659
2329,華泰,119,67,52,富邦-高雄,2023-11-21,9659
00933B,國泰10Y+金融債,51,1,50,富邦-高雄,2023-11-21,9659
2380,虹光,82,38,44,富邦-高雄,2023-11-21,9659
3189,景碩,45,1,44,富邦-高雄,2023-11-21,9659
2498,宏達電,42,4,38,富邦-高雄,2023-11-21,9659
3231,緯創,142,104,38,富邦-高雄,2023-11-21,9659
00885,富邦越南,38,0,38,富邦-高雄,2023-11-21,9659
4960,誠美材,40,6,34,富邦-高雄,2023-11-21,9659
2344,華邦電,38,5,33,富邦-高雄,2023-11-21,9659
2538,基泰,30,0,30,富邦-高雄,2023-11-21,9659
2855,統一證,30,0,30,富邦-高雄,2023-11-21,9659
2609,陽明,32,6,26,富邦-高雄,2023-11-21,9659
3257,虹冠電,23,0,23,富邦-高雄,2023-11-21,9659
00673R,期元大S＆P原油反1,35,12,23,富邦-高雄,2023-11-21,9659
00772B,中信高評級公司債,25,3,22,富邦-高雄,2023-11-21,9659
2367,燿華,36,14,22,富邦-高雄,2023-11-21,9659
00936,台新永續高息中小,30,8,22,富邦-高雄,2023-11-21,9659
00934,中信成長高股息,24,3,21,富邦-高雄,2023-11-21,9659
6125,廣運,41,20,21,富邦-高雄,2023-11-21,9659
2610,華航,42,22,20,富邦-高雄,2023-11-21,9659
6005,群益證,20,0,20,富邦-高雄,2023-11-21,9659
00712,復華富時不動產,40,21,19,富邦-高雄,2023-11-21,9659
3041,揚智,95,77,18,富邦-高雄,2023-11-21,9659
2017,官田鋼,25,8,17,富邦-高雄,2023-11-21,9659
8261,富鼎,18,1,17,富邦-高雄,2023-11-21,9659
2401,凌陽,35,18,17,富邦-高雄,2023-11-21,9659
00680L,元大美債20正2,36,20,16,富邦-高雄,2023-11-21,9659
00919,群益台灣精選高息,41,25,16,富邦-高雄,2023-11-21,9659
9941,裕融,15,0,15,富邦-高雄,2023-11-21,9659
5530,龍巖,15,0,15,富邦-高雄,2023-11-21,9659
3230,錦明,15,1,14,富邦-高雄,2023-11-21,9659
6168,宏齊,49,36,13,富邦-高雄,2023-11-21,9659
2006,東和鋼鐵,12,0,12,富邦-高雄,2023-11-21,9659
2449,京元電子,30,18,12,富邦-高雄,2023-11-21,9659
3011,今皓,12,0,12,富邦-高雄,2023-11-21,9659
2915,潤泰全,14,2,12,富邦-高雄,2023-11-21,9659
6214,精誠,12,0,12,富邦-高雄,2023-11-21,9659
6139,亞翔,27,15,12,富邦-高雄,2023-11-21,9659
00904,新光臺灣半導體30,12,0,12,富邦-高雄,2023-11-21,9659
2801,彰銀,11,0,11,富邦-高雄,2023-11-21,9659
3615,安可,12,1,11,富邦-高雄,2023-11-21,9659
2504,國產,222,0,222,富邦-高雄,2023-11-22,9659
00687B,國泰20年美債,201,0,201,富邦-高雄,2023-11-22,9659
00919,群益台灣精選高息,198,16,182,富邦-高雄,2023-11-22,9659
2515,中工,153,10,143,富邦-高雄,2023-11-22,9659
2353,宏��,108,0,108,富邦-高雄,2023-11-22,9659
1522,堤維西,109,6,103,富邦-高雄,2023-11-22,9659
3483,力致,262,161,101,富邦-高雄,2023-11-22,9659
1316,上曜,82,4,78,富邦-高雄,2023-11-22,9659
2457,飛宏,89,17,72,富邦-高雄,2023-11-22,9659
2356,英業達,77,15,62,富邦-高雄,2023-11-22,9659
5258,虹堡,97,38,59,富邦-高雄,2023-11-22,9659
2330,台積電,61,6,55,富邦-高雄,2023-11-22,9659
1440,南紡,46,1,45,富邦-高雄,2023-11-22,9659
3078,僑威,80,39,41,富邦-高雄,2023-11-22,9659
2406,國碩,50,10,40,富邦-高雄,2023-11-22,9659
2442,新美齊,57,17,40,富邦-高雄,2023-11-22,9659
00882,中信中國高股息,38,0,38,富邦-高雄,2023-11-22,9659
2618,長榮航,133,95,38,富邦-高雄,2023-11-22,9659
3715,定穎投控,76,39,37,富邦-高雄,2023-11-22,9659
2301,光寶科,36,1,35,富邦-高雄,2023-11-22,9659
5512,力麒,36,2,34,富邦-高雄,2023-11-22,9659
5351,鈺創,94,61,33,富邦-高雄,2023-11-22,9659
2402,毅嘉,34,2,32,富邦-高雄,2023-11-22,9659
2382,廣達,45,17,28,富邦-高雄,2023-11-22,9659
3325,旭品,66,39,27,富邦-高雄,2023-11-22,9659
3481,群創,27,1,26,富邦-高雄,2023-11-22,9659
00679B,元大美債20年,25,0,25,富邦-高雄,2023-11-22,9659
2603,長榮,72,48,24,富邦-高雄,2023-11-22,9659
2014,中鴻,24,0,24,富邦-高雄,2023-11-22,9659
00878,國泰永續高股息,136,113,23,富邦-高雄,2023-11-22,9659
2017,官田鋼,23,1,22,富邦-高雄,2023-11-22,9659
6243,迅杰,25,4,21,富邦-高雄,2023-11-22,9659
0056,元大高股息,36,16,20,富邦-高雄,2023-11-22,9659
2002,中鋼,39,19,20,富邦-高雄,2023-11-22,9659
2347,聯強,20,0,20,富邦-高雄,2023-11-22,9659
2258,鴻華先進-創,20,0,20,富邦-高雄,2023-11-22,9659
1310,台苯,20,0,20,富邦-高雄,2023-11-22,9659
00673R,期元大S＆P原油反1,20,0,20,富邦-高雄,2023-11-22,9659
6257,矽格,18,0,18,富邦-高雄,2023-11-22,9659
1216,統一,20,3,17,富邦-高雄,2023-11-22,9659
2376,技嘉,26,10,16,富邦-高雄,2023-11-22,9659
2323,中環,16,0,16,富邦-高雄,2023-11-22,9659
00751B,元大AAA至A公司債,16,0,16,富邦-高雄,2023-11-22,9659
2412,中華電,15,0,15,富邦-高雄,2023-11-22,9659
00936,台新永續高息中小,17,3,14,富邦-高雄,2023-11-22,9659
2482,連宇,14,1,13,富邦-高雄,2023-11-22,9659
2731,雄獅,23,10,13,富邦-高雄,2023-11-22,9659
3105,穩懋,14,2,12,富邦-高雄,2023-11-22,9659
00753L,中信中國50正2,12,0,12,富邦-高雄,2023-11-22,9659
8201,無敵,12,0,12,富邦-高雄,2023-11-22,9659
2371,大同,274,26,248,富邦-高雄,2023-11-23,9659
00637L,元大滬深300正2,213,2,211,富邦-高雄,2023-11-23,9659
00919,群益台灣精選高息,154,2,152,富邦-高雄,2023-11-23,9659
1316,上曜,147,0,147,富邦-高雄,2023-11-23,9659
2891,中信金,177,40,137,富邦-高雄,2023-11-23,9659
00934,中信成長高股息,92,7,85,富邦-高雄,2023-11-23,9659
2516,新建,107,31,76,富邦-高雄,2023-11-23,9659
00936,台新永續高息中小,69,1,68,富邦-高雄,2023-11-23,9659
4973,廣穎,58,0,58,富邦-高雄,2023-11-23,9659
3481,群創,64,11,53,富邦-高雄,2023-11-23,9659
00687B,國泰20年美債,59,8,51,富邦-高雄,2023-11-23,9659
2705,六福,51,0,51,富邦-高雄,2023-11-23,9659
1603,華電,50,0,50,富邦-高雄,2023-11-23,9659
00931B,統一美債20年,45,0,45,富邦-高雄,2023-11-23,9659
4906,正文,45,1,44,富邦-高雄,2023-11-23,9659
00878,國泰永續高股息,75,31,44,富邦-高雄,2023-11-23,9659
00679B,元大美債20年,91,51,40,富邦-高雄,2023-11-23,9659
2363,矽統,88,48,40,富邦-高雄,2023-11-23,9659
00680L,元大美債20正2,39,0,39,富邦-高雄,2023-11-23,9659
0056,元大高股息,48,12,36,富邦-高雄,2023-11-23,9659
00772B,中信高評級公司債,52,19,33,富邦-高雄,2023-11-23,9659
6129,普誠,34,2,32,富邦-高雄,2023-11-23,9659
2482,連宇,34,2,32,富邦-高雄,2023-11-23,9659
2607,榮運,31,1,30,富邦-高雄,2023-11-23,9659
00929,復華台灣科技優息,115,86,29,富邦-高雄,2023-11-23,9659
2883,凱基金,45,17,28,富邦-高雄,2023-11-23,9659
9105,泰金寶-DR,33,5,28,富邦-高雄,2023-11-23,9659
6257,矽格,25,0,25,富邦-高雄,2023-11-23,9659
2609,陽明,35,10,25,富邦-高雄,2023-11-23,9659
2408,南亞科,24,0,24,富邦-高雄,2023-11-23,9659
1471,首利,30,7,23,富邦-高雄,2023-11-23,9659
2915,潤泰全,24,1,23,富邦-高雄,2023-11-23,9659
5521,工信,136,113,23,富邦-高雄,2023-11-23,9659
2603,長榮,33,11,22,富邦-高雄,2023-11-23,9659
00673R,期元大S＆P原油反1,32,10,22,富邦-高雄,2023-11-23,9659
00891,中信關鍵半導體,25,3,22,富邦-高雄,2023-11-23,9659
2347,聯強,20,0,20,富邦-高雄,2023-11-23,9659
2374,佳能,20,0,20,富邦-高雄,2023-11-23,9659
020039,元大加權N,20,0,20,富邦-高雄,2023-11-23,9659
6164,華興,30,10,20,富邦-高雄,2023-11-23,9659
6125,廣運,45,26,19,富邦-高雄,2023-11-23,9659
1815,富喬,27,8,19,富邦-高雄,2023-11-23,9659
2301,光寶科,19,1,18,富邦-高雄,2023-11-23,9659
8390,金益鼎,18,0,18,富邦-高雄,2023-11-23,9659
00933B,國泰10Y+金融債,57,39,18,富邦-高雄,2023-11-23,9659
00713,元大台灣高息低波,21,3,18,富邦-高雄,2023-11-23,9659
6578,達邦蛋白,40,22,18,富邦-高雄,2023-11-23,9659
912000,晨訊科-DR,19,2,17,富邦-高雄,2023-11-23,9659
3047,訊舟,24,7,17,富邦-高雄,2023-11-23,9659
3484,崧騰,42,25,17,富邦-高雄,2023-11-23,9659
00885,富邦越南,335,1,334,富邦-高雄,2023-11-24,9659
2618,長榮航,336,73,263,富邦-高雄,2023-11-24,9659
2610,華航,129,3,126,富邦-高雄,2023-11-24,9659
2486,一詮,119,2,117,富邦-高雄,2023-11-24,9659
00632R,元大台灣50反1,115,0,115,富邦-高雄,2023-11-24,9659
2516,新建,87,2,85,富邦-高雄,2023-11-24,9659
00919,群益台灣精選高息,80,2,78,富邦-高雄,2023-11-24,9659
2891,中信金,79,3,76,富邦-高雄,2023-11-24,9659
2705,六福,75,0,75,富邦-高雄,2023-11-24,9659
6197,佳必琪,65,1,64,富邦-高雄,2023-11-24,9659
00662,富邦NASDAQ,66,2,64,富邦-高雄,2023-11-24,9659
00687B,國泰20年美債,63,2,61,富邦-高雄,2023-11-24,9659
9103,美德醫療-DR,90,32,58,富邦-高雄,2023-11-24,9659
2888,新光金,56,2,54,富邦-高雄,2023-11-24,9659
6257,矽格,53,0,53,富邦-高雄,2023-11-24,9659
00929,復華台灣科技優息,83,32,51,富邦-高雄,2023-11-24,9659
2504,國產,50,0,50,富邦-高雄,2023-11-24,9659
2354,鴻準,50,2,48,富邦-高雄,2023-11-24,9659
00931B,統一美債20年,42,0,42,富邦-高雄,2023-11-24,9659
1605,華新,89,47,42,富邦-高雄,2023-11-24,9659
2405,輔信,43,2,41,富邦-高雄,2023-11-24,9659
00679B,元大美債20年,41,1,40,富邦-高雄,2023-11-24,9659
1316,上曜,39,1,38,富邦-高雄,2023-11-24,9659
00934,中信成長高股息,37,0,37,富邦-高雄,2023-11-24,9659
00713,元大台灣高息低波,40,3,37,富邦-高雄,2023-11-24,9659
2881,富邦金,38,2,36,富邦-高雄,2023-11-24,9659
3481,群創,37,1,36,富邦-高雄,2023-11-24,9659
00680L,元大美債20正2,33,0,33,富邦-高雄,2023-11-24,9659
2408,南亞科,39,7,32,富邦-高雄,2023-11-24,9659
5457,宣德,36,4,32,富邦-高雄,2023-11-24,9659
00724B,群益投資級金融債,31,0,31,富邦-高雄,2023-11-24,9659
5351,鈺創,81,51,30,富邦-高雄,2023-11-24,9659
2607,榮運,30,0,30,富邦-高雄,2023-11-24,9659
00923,群益台ESG低碳50,35,7,28,富邦-高雄,2023-11-24,9659
6683,雍智科技,30,2,28,富邦-高雄,2023-11-24,9659
0056,元大高股息,36,9,27,富邦-高雄,2023-11-24,9659
8222,寶一,45,18,27,富邦-高雄,2023-11-24,9659
00933B,國泰10Y+金融債,27,1,26,富邦-高雄,2023-11-24,9659
6220,岳豐,26,0,26,富邦-高雄,2023-11-24,9659
8936,國統,38,14,24,富邦-高雄,2023-11-24,9659
3260,威剛,24,1,23,富邦-高雄,2023-11-24,9659
5483,中美晶,52,29,23,富邦-高雄,2023-11-24,9659
2538,基泰,25,3,22,富邦-高雄,2023-11-24,9659
2369,菱生,25,3,22,富邦-高雄,2023-11-24,9659
1609,大亞,37,15,22,富邦-高雄,2023-11-24,9659
3006,晶豪科,32,11,21,富邦-高雄,2023-11-24,9659
3669,圓展,23,2,21,富邦-高雄,2023-11-24,9659
6142,友勁,20,0,20,富邦-高雄,2023-11-24,9659
5533,皇鼎,21,1,20,富邦-高雄,2023-11-24,9659
1414,東和,20,0,20,富邦-高雄,2023-11-24,9659
00637L,元大滬深300正2,270,1,269,富邦-高雄,2023-11-27,9659
00919,群益台灣精選高息,211,8,203,富邦-高雄,2023-11-27,9659
00633L,富邦上証正2,119,0,119,富邦-高雄,2023-11-27,9659
1316,上曜,113,0,113,富邦-高雄,2023-11-27,9659
2618,長榮航,113,9,104,富邦-高雄,2023-11-27,9659
1806,冠軍,100,0,100,富邦-高雄,2023-11-27,9659
2340,台亞,100,1,99,富邦-高雄,2023-11-27,9659
2504,國產,100,2,98,富邦-高雄,2023-11-27,9659
00934,中信成長高股息,74,2,72,富邦-高雄,2023-11-27,9659
00665L,富邦�琤肭磪囓�2,79,8,71,富邦-高雄,2023-11-27,9659
0056,元大高股息,78,14,64,富邦-高雄,2023-11-27,9659
2891,中信金,77,14,63,富邦-高雄,2023-11-27,9659
3105,穩懋,67,7,60,富邦-高雄,2023-11-27,9659
2313,華通,158,102,56,富邦-高雄,2023-11-27,9659
00885,富邦越南,61,6,55,富邦-高雄,2023-11-27,9659
00720B,元大投資級公司債,52,0,52,富邦-高雄,2023-11-27,9659
8054,安國,69,17,52,富邦-高雄,2023-11-27,9659
2014,中鴻,51,3,48,富邦-高雄,2023-11-27,9659
6667,信紘科,48,2,46,富邦-高雄,2023-11-27,9659
5351,鈺創,68,23,45,富邦-高雄,2023-11-27,9659
3481,群創,57,12,45,富邦-高雄,2023-11-27,9659
00931B,統一美債20年,39,0,39,富邦-高雄,2023-11-27,9659
3605,宏致,36,0,36,富邦-高雄,2023-11-27,9659
2457,飛宏,127,92,35,富邦-高雄,2023-11-27,9659
6125,廣運,40,7,33,富邦-高雄,2023-11-27,9659
4106,雃博,31,0,31,富邦-高雄,2023-11-27,9659
1701,中化,42,11,31,富邦-高雄,2023-11-27,9659
2382,廣達,50,19,31,富邦-高雄,2023-11-27,9659
2516,新建,42,13,29,富邦-高雄,2023-11-27,9659
2367,燿華,33,5,28,富邦-高雄,2023-11-27,9659
2476,鉅祥,49,21,28,富邦-高雄,2023-11-27,9659
00918,大華優利高填息30,30,2,28,富邦-高雄,2023-11-27,9659
2439,美律,47,21,26,富邦-高雄,2023-11-27,9659
2634,漢翔,38,14,24,富邦-高雄,2023-11-27,9659
2883,凱基金,63,39,24,富邦-高雄,2023-11-27,9659
2408,南亞科,23,0,23,富邦-高雄,2023-11-27,9659
6446,藥華藥,24,1,23,富邦-高雄,2023-11-27,9659
3548,兆利,28,6,22,富邦-高雄,2023-11-27,9659
00936,台新永續高息中小,21,0,21,富邦-高雄,2023-11-27,9659
1815,富喬,24,3,21,富邦-高雄,2023-11-27,9659
2705,六福,20,0,20,富邦-高雄,2023-11-27,9659
2883B,凱基金乙特,20,0,20,富邦-高雄,2023-11-27,9659
00688L,國泰20年美債正2,20,0,20,富邦-高雄,2023-11-27,9659
8936,國統,19,0,19,富邦-高雄,2023-11-27,9659
5347,世界,27,8,19,富邦-高雄,2023-11-27,9659
00712,復華富時不動產,20,2,18,富邦-高雄,2023-11-27,9659
00751B,元大AAA至A公司債,19,1,18,富邦-高雄,2023-11-27,9659
3260,威剛,17,0,17,富邦-高雄,2023-11-27,9659
6284,佳邦,28,11,17,富邦-高雄,2023-11-27,9659
6706,惠特,17,0,17,富邦-高雄,2023-11-27,9659
00632R,元大台灣50反1,947,155,792,富邦-高雄,2023-11-28,9659
00665L,富邦�琤肭磪囓�2,218,0,218,富邦-高雄,2023-11-28,9659
1806,冠軍,200,1,199,富邦-高雄,2023-11-28,9659
2412,中華電,104,0,104,富邦-高雄,2023-11-28,9659
2313,華通,154,51,103,富邦-高雄,2023-11-28,9659
6213,聯茂,105,3,102,富邦-高雄,2023-11-28,9659
2363,矽統,120,20,100,富邦-高雄,2023-11-28,9659
00680L,元大美債20正2,103,11,92,富邦-高雄,2023-11-28,9659
6190,萬泰科,91,0,91,富邦-高雄,2023-11-28,9659
2897,王道銀行,90,6,84,富邦-高雄,2023-11-28,9659
00885,富邦越南,92,10,82,富邦-高雄,2023-11-28,9659
2520,冠德,78,0,78,富邦-高雄,2023-11-28,9659
2882,國泰金,70,7,63,富邦-高雄,2023-11-28,9659
2002,中鋼,86,26,60,富邦-高雄,2023-11-28,9659
1440,南紡,55,0,55,富邦-高雄,2023-11-28,9659
2867,三商壽,55,1,54,富邦-高雄,2023-11-28,9659
4513,福裕,51,0,51,富邦-高雄,2023-11-28,9659
2504,國產,50,1,49,富邦-高雄,2023-11-28,9659
4167,松瑞藥,49,5,44,富邦-高雄,2023-11-28,9659
5258,虹堡,74,32,42,富邦-高雄,2023-11-28,9659
00919,群益台灣精選高息,50,12,38,富邦-高雄,2023-11-28,9659
3231,緯創,50,13,37,富邦-高雄,2023-11-28,9659
2331,精英,44,9,35,富邦-高雄,2023-11-28,9659
2891,中信金,73,38,35,富邦-高雄,2023-11-28,9659
2439,美律,41,7,34,富邦-高雄,2023-11-28,9659
3704,合勤控,36,1,35,富邦-高雄,2023-11-28,9659
8227,巨有科技,30,0,30,富邦-高雄,2023-11-28,9659
00753L,中信中國50正2,30,0,30,富邦-高雄,2023-11-28,9659
4533,協易機,30,1,29,富邦-高雄,2023-11-28,9659
4133,亞諾法,26,0,26,富邦-高雄,2023-11-28,9659
3346,麗清,30,4,26,富邦-高雄,2023-11-28,9659
2330,台積電,59,34,25,富邦-高雄,2023-11-28,9659
00712,復華富時不動產,24,0,24,富邦-高雄,2023-11-28,9659
2371,大同,24,2,22,富邦-高雄,2023-11-28,9659
6122,擎邦,22,0,22,富邦-高雄,2023-11-28,9659
2617,台航,23,1,22,富邦-高雄,2023-11-28,9659
4973,廣穎,41,20,21,富邦-高雄,2023-11-28,9659
2010,春源,20,0,20,富邦-高雄,2023-11-28,9659
00688L,國泰20年美債正2,20,0,20,富邦-高雄,2023-11-28,9659
4306,炎洲,21,1,20,富邦-高雄,2023-11-28,9659
1802,台玻,21,1,20,富邦-高雄,2023-11-28,9659
6129,普誠,24,4,20,富邦-高雄,2023-11-28,9659
2538,基泰,20,0,20,富邦-高雄,2023-11-28,9659
8044,網家,20,0,20,富邦-高雄,2023-11-28,9659
5347,世界,38,19,19,富邦-高雄,2023-11-28,9659
00687B,國泰20年美債,27,8,19,富邦-高雄,2023-11-28,9659
3122,笙泉,24,7,17,富邦-高雄,2023-11-28,9659
00637L,元大滬深300正2,16,0,16,富邦-高雄,2023-11-28,9659
6530,創威,27,11,16,富邦-高雄,2023-11-28,9659
5483,中美晶,23,7,16,富邦-高雄,2023-11-28,9659
2465,麗臺,224,5,219,富邦-高雄,2023-11-29,9659
3231,緯創,209,27,182,富邦-高雄,2023-11-29,9659
9103,美德醫療-DR,213,55,158,富邦-高雄,2023-11-29,9659
00637L,元大滬深300正2,127,0,127,富邦-高雄,2023-11-29,9659
2486,一詮,101,0,101,富邦-高雄,2023-11-29,9659
2504,國產,100,1,99,富邦-高雄,2023-11-29,9659
2883,凱基金,113,32,81,富邦-高雄,2023-11-29,9659
2313,華通,125,48,77,富邦-高雄,2023-11-29,9659
00882,中信中國高股息,75,0,75,富邦-高雄,2023-11-29,9659
2603,長榮,70,0,70,富邦-高雄,2023-11-29,9659
2867,三商壽,68,0,68,富邦-高雄,2023-11-29,9659
00665L,富邦�琤肭磪囓�2,88,20,68,富邦-高雄,2023-11-29,9659
00919,群益台灣精選高息,84,17,67,富邦-高雄,2023-11-29,9659
00680L,元大美債20正2,74,12,62,富邦-高雄,2023-11-29,9659
4968,立積,75,15,60,富邦-高雄,2023-11-29,9659
2891,中信金,69,11,58,富邦-高雄,2023-11-29,9659
2610,華航,55,0,55,富邦-高雄,2023-11-29,9659
2520,冠德,53,0,53,富邦-高雄,2023-11-29,9659
00753L,中信中國50正2,52,0,52,富邦-高雄,2023-11-29,9659
00931B,統一美債20年,51,0,51,富邦-高雄,2023-11-29,9659
2303,聯電,76,29,47,富邦-高雄,2023-11-29,9659
3372,典範,68,21,47,富邦-高雄,2023-11-29,9659
00687B,國泰20年美債,52,7,45,富邦-高雄,2023-11-29,9659
1316,上曜,54,12,42,富邦-高雄,2023-11-29,9659
3481,群創,47,8,39,富邦-高雄,2023-11-29,9659
5483,中美晶,42,6,36,富邦-高雄,2023-11-29,9659
1440,南紡,35,0,35,富邦-高雄,2023-11-29,9659
8054,安國,169,137,32,富邦-高雄,2023-11-29,9659
4707,磐亞,32,1,31,富邦-高雄,2023-11-29,9659
00935,野村臺灣新科技50,29,0,29,富邦-高雄,2023-11-29,9659
2618,長榮航,54,27,27,富邦-高雄,2023-11-29,9659
2401,凌陽,57,31,26,富邦-高雄,2023-11-29,9659
2614,東森,26,0,26,富邦-高雄,2023-11-29,9659
1522,堤維西,25,0,25,富邦-高雄,2023-11-29,9659
00934,中信成長高股息,26,2,24,富邦-高雄,2023-11-29,9659
2515,中工,25,2,23,富邦-高雄,2023-11-29,9659
2637,慧洋-KY,23,0,23,富邦-高雄,2023-11-29,9659
1319,東陽,32,10,22,富邦-高雄,2023-11-29,9659
6695,芯鼎,30,8,22,富邦-高雄,2023-11-29,9659
6651,全宇昕,21,0,21,富邦-高雄,2023-11-29,9659
9919,康那香,43,22,21,富邦-高雄,2023-11-29,9659
6426,統新,21,1,20,富邦-高雄,2023-11-29,9659
00864B,中信美國公債0-1,20,0,20,富邦-高雄,2023-11-29,9659
00642U,期元大S＆P石油,30,10,20,富邦-高雄,2023-11-29,9659
4106,雃博,19,0,19,富邦-高雄,2023-11-29,9659
00706L,期元大S＆P日圓正2,19,0,19,富邦-高雄,2023-11-29,9659
8227,巨有科技,20,1,19,富邦-高雄,2023-11-29,9659
2356,英業達,33,15,18,富邦-高雄,2023-11-29,9659
2882,國泰金,40,22,18,富邦-高雄,2023-11-29,9659
1605,華新,30,12,18,富邦-高雄,2023-11-29,9659
1316,上曜,244,60,184,富邦-高雄,2023-11-30,9659
6275,元山,160,1,159,富邦-高雄,2023-11-30,9659
3363,上詮,134,7,127,富邦-高雄,2023-11-30,9659
00753L,中信中國50正2,105,6,99,富邦-高雄,2023-11-30,9659
00680L,元大美債20正2,99,0,99,富邦-高雄,2023-11-30,9659
2412,中華電,95,2,93,富邦-高雄,2023-11-30,9659
00929,復華台灣科技優息,119,34,85,富邦-高雄,2023-11-30,9659
00919,群益台灣精選高息,80,4,76,富邦-高雄,2023-11-30,9659
00882,中信中國高股息,84,9,75,富邦-高雄,2023-11-30,9659
9103,美德醫療-DR,73,2,71,富邦-高雄,2023-11-30,9659
2457,飛宏,70,17,53,富邦-高雄,2023-11-30,9659
1785,光洋科,50,2,48,富邦-高雄,2023-11-30,9659
2324,仁寶,54,8,46,富邦-高雄,2023-11-30,9659
3481,群創,47,3,44,富邦-高雄,2023-11-30,9659
8042,金山電,43,0,43,富邦-高雄,2023-11-30,9659
00933B,國泰10Y+金融債,56,14,42,富邦-高雄,2023-11-30,9659
1582,信錦,57,16,41,富邦-高雄,2023-11-30,9659
5258,虹堡,41,0,41,富邦-高雄,2023-11-30,9659
6589,台康生技,41,1,40,富邦-高雄,2023-11-30,9659
3615,安可,46,8,38,富邦-高雄,2023-11-30,9659
2353,宏��,41,4,37,富邦-高雄,2023-11-30,9659
00679B,元大美債20年,41,4,37,富邦-高雄,2023-11-30,9659
4550,長佳,82,47,35,富邦-高雄,2023-11-30,9659
2889,國票金,35,0,35,富邦-高雄,2023-11-30,9659
2606,裕民,39,7,32,富邦-高雄,2023-11-30,9659
2359,所羅門,51,19,32,富邦-高雄,2023-11-30,9659
2486,一詮,32,0,32,富邦-高雄,2023-11-30,9659
1319,東陽,33,2,31,富邦-高雄,2023-11-30,9659
2897,王道銀行,30,0,30,富邦-高雄,2023-11-30,9659
2516,新建,33,3,30,富邦-高雄,2023-11-30,9659
4938,和碩,30,0,30,富邦-高雄,2023-11-30,9659
2520,冠德,29,0,29,富邦-高雄,2023-11-30,9659
8227,巨有科技,30,2,28,富邦-高雄,2023-11-30,9659
4188,安克,28,0,28,富邦-高雄,2023-11-30,9659
2332,友訊,45,18,27,富邦-高雄,2023-11-30,9659
2838,聯邦銀,28,3,25,富邦-高雄,2023-11-30,9659
00935,野村臺灣新科技50,27,2,25,富邦-高雄,2023-11-30,9659
2313,華通,54,29,25,富邦-高雄,2023-11-30,9659
6667,信紘科,25,1,24,富邦-高雄,2023-11-30,9659
5302,太欣,21,0,21,富邦-高雄,2023-11-30,9659
1440,南紡,32,11,21,富邦-高雄,2023-11-30,9659
00936,台新永續高息中小,21,0,21,富邦-高雄,2023-11-30,9659
6150,撼訊,29,9,20,富邦-高雄,2023-11-30,9659
2884,玉山金,25,5,20,富邦-高雄,2023-11-30,9659
0056,元大高股息,24,4,20,富邦-高雄,2023-11-30,9659
2317,鴻海,21,2,19,富邦-高雄,2023-11-30,9659
00706L,期元大S＆P日圓正2,24,5,19,富邦-高雄,2023-11-30,9659
00864B,中信美國公債0-1,19,0,19,富邦-高雄,2023-11-30,9659
5608,四維航,34,15,19,富邦-高雄,2023-11-30,9659
3024,憶聲,18,0,18,富邦-高雄,2023-11-30,9659
1316,上曜,428,0,428,富邦-高雄,2023-12-01,9659
00919,群益台灣精選高息,434,28,406,富邦-高雄,2023-12-01,9659
00637L,元大滬深300正2,234,0,234,富邦-高雄,2023-12-01,9659
5880,合庫金,224,5,219,富邦-高雄,2023-12-01,9659
3715,定穎投控,280,114,166,富邦-高雄,2023-12-01,9659
00632R,元大台灣50反1,173,53,120,富邦-高雄,2023-12-01,9659
2402,毅嘉,138,27,111,富邦-高雄,2023-12-01,9659
2316,楠梓電,110,0,110,富邦-高雄,2023-12-01,9659
2897,王道銀行,100,0,100,富邦-高雄,2023-12-01,9659
2881,富邦金,100,1,99,富邦-高雄,2023-12-01,9659
00680L,元大美債20正2,97,0,97,富邦-高雄,2023-12-01,9659
2388,威盛,119,34,85,富邦-高雄,2023-12-01,9659
00923,群益台ESG低碳50,67,0,67,富邦-高雄,2023-12-01,9659
2883,凱基金,73,6,67,富邦-高雄,2023-12-01,9659
2317,鴻海,61,4,57,富邦-高雄,2023-12-01,9659
4167,松瑞藥,110,53,57,富邦-高雄,2023-12-01,9659
2888,新光金,58,2,56,富邦-高雄,2023-12-01,9659
2367,燿華,95,39,56,富邦-高雄,2023-12-01,9659
6282,康舒,80,25,55,富邦-高雄,2023-12-01,9659
2891,中信金,62,11,51,富邦-高雄,2023-12-01,9659
2618,長榮航,93,43,50,富邦-高雄,2023-12-01,9659
020039,元大加權N,50,0,50,富邦-高雄,2023-12-01,9659
2504,國產,50,2,48,富邦-高雄,2023-12-01,9659
1568,倉佑,49,7,42,富邦-高雄,2023-12-01,9659
6194,育富,44,7,37,富邦-高雄,2023-12-01,9659
2882,國泰金,36,0,36,富邦-高雄,2023-12-01,9659
3706,神達,72,37,35,富邦-高雄,2023-12-01,9659
00715L,期街口布蘭特正2,34,0,34,富邦-高雄,2023-12-01,9659
3013,晟銘電,78,44,34,富邦-高雄,2023-12-01,9659
2887,台新金,32,0,32,富邦-高雄,2023-12-01,9659
9919,康那香,68,36,32,富邦-高雄,2023-12-01,9659
3373,熱映,49,19,30,富邦-高雄,2023-12-01,9659
2405,輔信,43,14,29,富邦-高雄,2023-12-01,9659
1101,台泥,33,5,28,富邦-高雄,2023-12-01,9659
3583,辛耘,43,15,28,富邦-高雄,2023-12-01,9659
2390,云辰,30,2,28,富邦-高雄,2023-12-01,9659
4908,前鼎,31,4,27,富邦-高雄,2023-12-01,9659
3041,揚智,57,30,27,富邦-高雄,2023-12-01,9659
5452,佶優,30,3,27,富邦-高雄,2023-12-01,9659
00893,國泰智能電動車,27,0,27,富邦-高雄,2023-12-01,9659
00687B,國泰20年美債,37,14,23,富邦-高雄,2023-12-01,9659
00642U,期元大S＆P石油,22,0,22,富邦-高雄,2023-12-01,9659
3311,閎暉,22,0,22,富邦-高雄,2023-12-01,9659
00706L,期元大S＆P日圓正2,22,0,22,富邦-高雄,2023-12-01,9659
3481,群創,26,4,22,富邦-高雄,2023-12-01,9659
2324,仁寶,21,0,21,富邦-高雄,2023-12-01,9659
5425,台半,24,3,21,富邦-高雄,2023-12-01,9659
00929,復華台灣科技優息,66,46,20,富邦-高雄,2023-12-01,9659
3231,緯創,52,32,20,富邦-高雄,2023-12-01,9659
3437,榮創,32,13,19,富邦-高雄,2023-12-01,9659
1316,上曜,389,13,376,富邦-高雄,2023-12-04,9659
3276,宇環,173,3,170,富邦-高雄,2023-12-04,9659
00715L,期街口布蘭特正2,166,14,152,富邦-高雄,2023-12-04,9659
4533,協易機,198,58,140,富邦-高雄,2023-12-04,9659
00918,大華優利高填息30,124,0,124,富邦-高雄,2023-12-04,9659
00919,群益台灣精選高息,134,22,112,富邦-高雄,2023-12-04,9659
00687B,國泰20年美債,116,8,108,富邦-高雄,2023-12-04,9659
4550,長佳,98,1,97,富邦-高雄,2023-12-04,9659
2618,長榮航,137,41,96,富邦-高雄,2023-12-04,9659
2352,佳世達,76,1,75,富邦-高雄,2023-12-04,9659
3035,智原,92,17,75,富邦-高雄,2023-12-04,9659
00680L,元大美債20正2,94,20,74,富邦-高雄,2023-12-04,9659
2367,燿華,124,54,70,富邦-高雄,2023-12-04,9659
5328,華容,102,36,66,富邦-高雄,2023-12-04,9659
3710,連展投控,67,1,66,富邦-高雄,2023-12-04,9659
00751B,元大AAA至A公司債,75,10,65,富邦-高雄,2023-12-04,9659
2891,中信金,73,9,64,富邦-高雄,2023-12-04,9659
00933B,國泰10Y+金融債,72,12,60,富邦-高雄,2023-12-04,9659
6799,來頡,57,0,57,富邦-高雄,2023-12-04,9659
2332,友訊,69,14,55,富邦-高雄,2023-12-04,9659
00934,中信成長高股息,56,3,53,富邦-高雄,2023-12-04,9659
2340,台亞,51,0,51,富邦-高雄,2023-12-04,9659
00891,中信關鍵半導體,50,0,50,富邦-高雄,2023-12-04,9659
2465,麗臺,53,4,49,富邦-高雄,2023-12-04,9659
00722B,群益投資級電信債,47,0,47,富邦-高雄,2023-12-04,9659
00679B,元大美債20年,71,25,46,富邦-高雄,2023-12-04,9659
00712,復華富時不動產,61,16,45,富邦-高雄,2023-12-04,9659
3481,群創,96,55,41,富邦-高雄,2023-12-04,9659
00713,元大台灣高息低波,43,3,40,富邦-高雄,2023-12-04,9659
3380,明泰,39,2,37,富邦-高雄,2023-12-04,9659
4167,松瑞藥,135,98,37,富邦-高雄,2023-12-04,9659
2867,三商壽,41,9,32,富邦-高雄,2023-12-04,9659
9919,康那香,122,90,32,富邦-高雄,2023-12-04,9659
1440,南紡,31,0,31,富邦-高雄,2023-12-04,9659
2409,友達,49,19,30,富邦-高雄,2023-12-04,9659
00637L,元大滬深300正2,29,0,29,富邦-高雄,2023-12-04,9659
6155,鈞寶,30,1,29,富邦-高雄,2023-12-04,9659
2017,官田鋼,30,2,28,富邦-高雄,2023-12-04,9659
2330,台積電,30,4,26,富邦-高雄,2023-12-04,9659
1795,美時,65,39,26,富邦-高雄,2023-12-04,9659
1809,中釉,29,3,26,富邦-高雄,2023-12-04,9659
4968,立積,35,9,26,富邦-高雄,2023-12-04,9659
2613,中櫃,25,0,25,富邦-高雄,2023-12-04,9659
00706L,期元大S＆P日圓正2,25,0,25,富邦-高雄,2023-12-04,9659
00932,兆豐永續高息等權,26,2,24,富邦-高雄,2023-12-04,9659
00915,凱基優選高股息30,30,8,22,富邦-高雄,2023-12-04,9659
00720B,元大投資級公司債,58,36,22,富邦-高雄,2023-12-04,9659
1582,信錦,23,1,22,富邦-高雄,2023-12-04,9659
2316,楠梓電,25,3,22,富邦-高雄,2023-12-04,9659
3207,耀勝,21,0,21,富邦-高雄,2023-12-04,9659
00919,群益台灣精選高息,346,15,331,富邦-高雄,2023-12-05,9659
1316,上曜,296,52,244,富邦-高雄,2023-12-05,9659
00637L,元大滬深300正2,258,30,228,富邦-高雄,2023-12-05,9659
00639,富邦深100,145,0,145,富邦-高雄,2023-12-05,9659
00753L,中信中國50正2,142,0,142,富邦-高雄,2023-12-05,9659
3450,聯鈞,125,9,116,富邦-高雄,2023-12-05,9659
00918,大華優利高填息30,111,1,110,富邦-高雄,2023-12-05,9659
2017,官田鋼,110,1,109,富邦-高雄,2023-12-05,9659
00929,復華台灣科技優息,131,22,109,富邦-高雄,2023-12-05,9659
0056,元大高股息,132,42,90,富邦-高雄,2023-12-05,9659
00687B,國泰20年美債,111,23,88,富邦-高雄,2023-12-05,9659
3207,耀勝,85,1,84,富邦-高雄,2023-12-05,9659
2897,王道銀行,70,2,68,富邦-高雄,2023-12-05,9659
00680L,元大美債20正2,67,1,66,富邦-高雄,2023-12-05,9659
2882,國泰金,63,2,61,富邦-高雄,2023-12-05,9659
3290,東浦,69,9,60,富邦-高雄,2023-12-05,9659
5351,鈺創,65,5,60,富邦-高雄,2023-12-05,9659
2486,一詮,61,5,56,富邦-高雄,2023-12-05,9659
1522,堤維西,83,27,56,富邦-高雄,2023-12-05,9659
6504,南六,57,3,54,富邦-高雄,2023-12-05,9659
2606,裕民,157,103,54,富邦-高雄,2023-12-05,9659
3481,群創,59,5,54,富邦-高雄,2023-12-05,9659
00882,中信中國高股息,51,0,51,富邦-高雄,2023-12-05,9659
00715L,期街口布蘭特正2,100,50,50,富邦-高雄,2023-12-05,9659
3710,連展投控,60,13,47,富邦-高雄,2023-12-05,9659
2618,長榮航,51,6,45,富邦-高雄,2023-12-05,9659
2888,新光金,45,1,44,富邦-高雄,2023-12-05,9659
2883,凱基金,47,4,43,富邦-高雄,2023-12-05,9659
00893,國泰智能電動車,42,0,42,富邦-高雄,2023-12-05,9659
2610,華航,41,1,40,富邦-高雄,2023-12-05,9659
00713,元大台灣高息低波,42,4,38,富邦-高雄,2023-12-05,9659
2353,宏��,39,5,34,富邦-高雄,2023-12-05,9659
1504,東元,44,11,33,富邦-高雄,2023-12-05,9659
2329,華泰,208,178,30,富邦-高雄,2023-12-05,9659
1324,地球,30,0,30,富邦-高雄,2023-12-05,9659
1591,駿吉-KY,31,1,30,富邦-高雄,2023-12-05,9659
3231,緯創,54,25,29,富邦-高雄,2023-12-05,9659
3260,威剛,33,4,29,富邦-高雄,2023-12-05,9659
1781,合世,32,3,29,富邦-高雄,2023-12-05,9659
00922,國泰台灣領袖50,31,3,28,富邦-高雄,2023-12-05,9659
2323,中環,27,0,27,富邦-高雄,2023-12-05,9659
2528,皇普,25,0,25,富邦-高雄,2023-12-05,9659
5386,青雲,106,81,25,富邦-高雄,2023-12-05,9659
1301,台塑,25,1,24,富邦-高雄,2023-12-05,9659
1314,中石化,27,5,22,富邦-高雄,2023-12-05,9659
00712,復華富時不動產,37,15,22,富邦-高雄,2023-12-05,9659
2330,台積電,27,5,22,富邦-高雄,2023-12-05,9659
2015,豐興,21,0,21,富邦-高雄,2023-12-05,9659
6492,生華科,21,0,21,富邦-高雄,2023-12-05,9659
00665L,富邦�琤肭磪囓�2,35,15,20,富邦-高雄,2023-12-05,9659
00937B,群益ESG投等債20,714,479,235,富邦-高雄,2023-12-06,9659
00680L,元大美債20正2,224,10,214,富邦-高雄,2023-12-06,9659
6122,擎邦,187,12,175,富邦-高雄,2023-12-06,9659
00637L,元大滬深300正2,266,102,164,富邦-高雄,2023-12-06,9659
2618,長榮航,181,22,159,富邦-高雄,2023-12-06,9659
00902,中信電池及儲能,151,0,151,富邦-高雄,2023-12-06,9659
00919,群益台灣精選高息,163,15,148,富邦-高雄,2023-12-06,9659
2465,麗臺,123,3,120,富邦-高雄,2023-12-06,9659
2017,官田鋼,110,5,105,富邦-高雄,2023-12-06,9659
3231,緯創,134,31,103,富邦-高雄,2023-12-06,9659
3481,群創,98,7,91,富邦-高雄,2023-12-06,9659
2603,長榮,227,140,87,富邦-高雄,2023-12-06,9659
2419,仲琦,118,35,83,富邦-高雄,2023-12-06,9659
00934,中信成長高股息,90,7,83,富邦-高雄,2023-12-06,9659
00639,富邦深100,77,0,77,富邦-高雄,2023-12-06,9659
00679B,元大美債20年,137,65,72,富邦-高雄,2023-12-06,9659
3105,穩懋,54,2,52,富邦-高雄,2023-12-06,9659
00929,復華台灣科技優息,128,76,52,富邦-高雄,2023-12-06,9659
00720B,元大投資級公司債,52,3,49,富邦-高雄,2023-12-06,9659
1440,南紡,62,20,42,富邦-高雄,2023-12-06,9659
00687B,國泰20年美債,75,35,40,富邦-高雄,2023-12-06,9659
2303,聯電,45,6,39,富邦-高雄,2023-12-06,9659
2409,友達,39,1,38,富邦-高雄,2023-12-06,9659
6689,伊雲谷,30,1,29,富邦-高雄,2023-12-06,9659
2355,敬鵬,83,56,27,富邦-高雄,2023-12-06,9659
00722B,群益投資級電信債,27,2,25,富邦-高雄,2023-12-06,9659
3715,定穎投控,56,31,25,富邦-高雄,2023-12-06,9659
1605,華新,35,10,25,富邦-高雄,2023-12-06,9659
6578,達邦蛋白,25,0,25,富邦-高雄,2023-12-06,9659
6220,岳豐,25,0,25,富邦-高雄,2023-12-06,9659
1513,中興電,54,29,25,富邦-高雄,2023-12-06,9659
1316,上曜,72,47,25,富邦-高雄,2023-12-06,9659
00715L,期街口布蘭特正2,24,0,24,富邦-高雄,2023-12-06,9659
2520,冠德,25,1,24,富邦-高雄,2023-12-06,9659
2498,宏達電,27,4,23,富邦-高雄,2023-12-06,9659
2367,燿華,43,23,20,富邦-高雄,2023-12-06,9659
1591,駿吉-KY,20,0,20,富邦-高雄,2023-12-06,9659
1529,樂事綠能,34,14,20,富邦-高雄,2023-12-06,9659
4533,協易機,49,30,19,富邦-高雄,2023-12-06,9659
2543,皇昌,18,0,18,富邦-高雄,2023-12-06,9659
6148,驊宏資,42,25,17,富邦-高雄,2023-12-06,9659
2457,飛宏,27,10,17,富邦-高雄,2023-12-06,9659
2610,華航,35,18,17,富邦-高雄,2023-12-06,9659
3443,創意,23,7,16,富邦-高雄,2023-12-06,9659
2637,慧洋-KY,23,7,16,富邦-高雄,2023-12-06,9659
00713,元大台灣高息低波,16,0,16,富邦-高雄,2023-12-06,9659
2344,華邦電,17,1,16,富邦-高雄,2023-12-06,9659
2881,富邦金,25,10,15,富邦-高雄,2023-12-06,9659
2363,矽統,28,13,15,富邦-高雄,2023-12-06,9659
3207,耀勝,15,0,15,富邦-高雄,2023-12-06,9659
3231,緯創,638,39,599,富邦-高雄,2023-12-07,9659
00919,群益台灣精選高息,367,25,342,富邦-高雄,2023-12-07,9659
00929,復華台灣科技優息,210,18,192,富邦-高雄,2023-12-07,9659
00715L,期街口布蘭特正2,172,0,172,富邦-高雄,2023-12-07,9659
00687B,國泰20年美債,194,24,170,富邦-高雄,2023-12-07,9659
00680L,元大美債20正2,277,119,158,富邦-高雄,2023-12-07,9659
2891,中信金,109,1,108,富邦-高雄,2023-12-07,9659
9950,萬國通,126,21,105,富邦-高雄,2023-12-07,9659
2399,映泰,102,25,77,富邦-高雄,2023-12-07,9659
00918,大華優利高填息30,65,1,64,富邦-高雄,2023-12-07,9659
3059,華晶科,68,7,61,富邦-高雄,2023-12-07,9659
2543,皇昌,66,5,61,富邦-高雄,2023-12-07,9659
2486,一詮,117,62,55,富邦-高雄,2023-12-07,9659
2603,長榮,75,20,55,富邦-高雄,2023-12-07,9659
2882,國泰金,53,0,53,富邦-高雄,2023-12-07,9659
2516,新建,45,0,45,富邦-高雄,2023-12-07,9659
00915,凱基優選高股息30,46,2,44,富邦-高雄,2023-12-07,9659
00637L,元大滬深300正2,43,0,43,富邦-高雄,2023-12-07,9659
2204,中華,52,10,42,富邦-高雄,2023-12-07,9659
3363,上詮,47,6,41,富邦-高雄,2023-12-07,9659
1618,合機,155,114,41,富邦-高雄,2023-12-07,9659
8076,伍豐,41,0,41,富邦-高雄,2023-12-07,9659
00857B,永豐20年美公債,40,0,40,富邦-高雄,2023-12-07,9659
3481,群創,46,7,39,富邦-高雄,2023-12-07,9659
2888,新光金,38,0,38,富邦-高雄,2023-12-07,9659
2881,富邦金,41,5,36,富邦-高雄,2023-12-07,9659
5521,工信,39,3,36,富邦-高雄,2023-12-07,9659
4953,緯軟,38,3,35,富邦-高雄,2023-12-07,9659
00712,復華富時不動產,38,3,35,富邦-高雄,2023-12-07,9659
4142,國光生,33,0,33,富邦-高雄,2023-12-07,9659
6222,上揚,33,0,33,富邦-高雄,2023-12-07,9659
00688L,國泰20年美債正2,40,7,33,富邦-高雄,2023-12-07,9659
2641,正德,38,6,32,富邦-高雄,2023-12-07,9659
2371,大同,53,22,31,富邦-高雄,2023-12-07,9659
00933B,國泰10Y+金融債,85,54,31,富邦-高雄,2023-12-07,9659
1324,地球,58,27,31,富邦-高雄,2023-12-07,9659
1316,上曜,58,27,31,富邦-高雄,2023-12-07,9659
1795,美時,44,15,29,富邦-高雄,2023-12-07,9659
00882,中信中國高股息,34,7,27,富邦-高雄,2023-12-07,9659
2605,新興,50,23,27,富邦-高雄,2023-12-07,9659
00902,中信電池及儲能,24,0,24,富邦-高雄,2023-12-07,9659
5457,宣德,25,1,24,富邦-高雄,2023-12-07,9659
3024,憶聲,24,0,24,富邦-高雄,2023-12-07,9659
00639,富邦深100,22,0,22,富邦-高雄,2023-12-07,9659
2017,官田鋼,20,0,20,富邦-高雄,2023-12-07,9659
6584,南俊國際,20,0,20,富邦-高雄,2023-12-07,9659
2006,東和鋼鐵,20,0,20,富邦-高雄,2023-12-07,9659
4147,中裕,20,0,20,富邦-高雄,2023-12-07,9659
2316,楠梓電,20,0,20,富邦-高雄,2023-12-07,9659
2520,冠德,19,0,19,富邦-高雄,2023-12-07,9659
00679B,元大美債20年,530,22,508,富邦-高雄,2023-12-08,9659
00919,群益台灣精選高息,180,9,171,富邦-高雄,2023-12-08,9659
2017,官田鋼,121,0,121,富邦-高雄,2023-12-08,9659
2412,中華電,107,0,107,富邦-高雄,2023-12-08,9659
5519,隆大,94,10,84,富邦-高雄,2023-12-08,9659
2890,永豐金,91,10,81,富邦-高雄,2023-12-08,9659
00687B,國泰20年美債,87,10,77,富邦-高雄,2023-12-08,9659
00931B,統一美債20年,65,0,65,富邦-高雄,2023-12-08,9659
00933B,國泰10Y+金融債,63,0,63,富邦-高雄,2023-12-08,9659
8277,商丞,60,0,60,富邦-高雄,2023-12-08,9659
1609,大亞,99,40,59,富邦-高雄,2023-12-08,9659
2367,燿華,55,1,54,富邦-高雄,2023-12-08,9659
00882,中信中國高股息,55,1,54,富邦-高雄,2023-12-08,9659
1785,光洋科,52,0,52,富邦-高雄,2023-12-08,9659
00715L,期街口布蘭特正2,56,5,51,富邦-高雄,2023-12-08,9659
2356,英業達,71,21,50,富邦-高雄,2023-12-08,9659
00639,富邦深100,48,0,48,富邦-高雄,2023-12-08,9659
3532,台勝科,52,8,44,富邦-高雄,2023-12-08,9659
00753L,中信中國50正2,43,0,43,富邦-高雄,2023-12-08,9659
912000,晨訊科-DR,43,0,43,富邦-高雄,2023-12-08,9659
00680L,元大美債20正2,68,32,36,富邦-高雄,2023-12-08,9659
6695,芯鼎,47,11,36,富邦-高雄,2023-12-08,9659
00632R,元大台灣50反1,85,50,35,富邦-高雄,2023-12-08,9659
2881,富邦金,39,5,34,富邦-高雄,2023-12-08,9659
1608,華榮,40,6,34,富邦-高雄,2023-12-08,9659
2889,國票金,33,0,33,富邦-高雄,2023-12-08,9659
5347,世界,34,1,33,富邦-高雄,2023-12-08,9659
00751B,元大AAA至A公司債,36,3,33,富邦-高雄,2023-12-08,9659
2605,新興,139,108,31,富邦-高雄,2023-12-08,9659
1440,南紡,51,20,31,富邦-高雄,2023-12-08,9659
00864B,中信美國公債0-1,30,0,30,富邦-高雄,2023-12-08,9659
4953,緯軟,32,3,29,富邦-高雄,2023-12-08,9659
00712,復華富時不動產,33,4,29,富邦-高雄,2023-12-08,9659
2313,華通,44,16,28,富邦-高雄,2023-12-08,9659
2344,華邦電,30,3,27,富邦-高雄,2023-12-08,9659
6170,統振,35,11,24,富邦-高雄,2023-12-08,9659
6197,佳必琪,40,17,23,富邦-高雄,2023-12-08,9659
6271,同欣電,26,4,22,富邦-高雄,2023-12-08,9659
6243,迅杰,27,6,21,富邦-高雄,2023-12-08,9659
4906,正文,27,6,21,富邦-高雄,2023-12-08,9659
4543,萬在,29,8,21,富邦-高雄,2023-12-08,9659
1568,倉佑,27,6,21,富邦-高雄,2023-12-08,9659
2428,興勤,20,0,20,富邦-高雄,2023-12-08,9659
5014,建錩,20,0,20,富邦-高雄,2023-12-08,9659
5464,霖宏,20,0,20,富邦-高雄,2023-12-08,9659
5351,鈺創,79,60,19,富邦-高雄,2023-12-08,9659
6282,康舒,28,9,19,富邦-高雄,2023-12-08,9659
3363,上詮,21,2,19,富邦-高雄,2023-12-08,9659
8076,伍豐,20,1,19,富邦-高雄,2023-12-08,9659
3443,創意,47,29,18,富邦-高雄,2023-12-08,9659
2887,台新金,570,23,547,富邦-高雄,2023-12-11,9659
2888,新光金,373,109,264,富邦-高雄,2023-12-11,9659
00919,群益台灣精選高息,326,80,246,富邦-高雄,2023-12-11,9659
00929,復華台灣科技優息,250,64,186,富邦-高雄,2023-12-11,9659
6265,方土昶,203,35,168,富邦-高雄,2023-12-11,9659
00712,復華富時不動產,196,30,166,富邦-高雄,2023-12-11,9659
00715L,期街口布蘭特正2,114,3,111,富邦-高雄,2023-12-11,9659
00918,大華優利高填息30,96,3,93,富邦-高雄,2023-12-11,9659
00688L,國泰20年美債正2,113,24,89,富邦-高雄,2023-12-11,9659
2618,長榮航,111,34,77,富邦-高雄,2023-12-11,9659
3231,緯創,232,159,73,富邦-高雄,2023-12-11,9659
6005,群益證,73,0,73,富邦-高雄,2023-12-11,9659
00882,中信中國高股息,70,0,70,富邦-高雄,2023-12-11,9659
2015,豐興,67,0,67,富邦-高雄,2023-12-11,9659
00687B,國泰20年美債,79,13,66,富邦-高雄,2023-12-11,9659
6443,元晶,64,0,64,富邦-高雄,2023-12-11,9659
5258,虹堡,64,2,62,富邦-高雄,2023-12-11,9659
1316,上曜,100,38,62,富邦-高雄,2023-12-11,9659
2610,華航,57,1,56,富邦-高雄,2023-12-11,9659
6285,啟��,88,32,56,富邦-高雄,2023-12-11,9659
1524,耿鼎,219,167,52,富邦-高雄,2023-12-11,9659
2913,農林,50,0,50,富邦-高雄,2023-12-11,9659
2303,聯電,60,12,48,富邦-高雄,2023-12-11,9659
2882,國泰金,58,13,45,富邦-高雄,2023-12-11,9659
00637L,元大滬深300正2,52,11,41,富邦-高雄,2023-12-11,9659
00753L,中信中國50正2,39,1,38,富邦-高雄,2023-12-11,9659
2547,日勝生,40,2,38,富邦-高雄,2023-12-11,9659
00679B,元大美債20年,67,30,37,富邦-高雄,2023-12-11,9659
2313,華通,39,5,34,富邦-高雄,2023-12-11,9659
2516,新建,33,0,33,富邦-高雄,2023-12-11,9659
2002,中鋼,52,20,32,富邦-高雄,2023-12-11,9659
1414,東和,32,0,32,富邦-高雄,2023-12-11,9659
2439,美律,50,19,31,富邦-高雄,2023-12-11,9659
2605,新興,90,60,30,富邦-高雄,2023-12-11,9659
2538,基泰,30,0,30,富邦-高雄,2023-12-11,9659
5512,力麒,30,0,30,富邦-高雄,2023-12-11,9659
2641,正德,38,8,30,富邦-高雄,2023-12-11,9659
00639,富邦深100,29,0,29,富邦-高雄,2023-12-11,9659
2388,威盛,70,41,29,富邦-高雄,2023-12-11,9659
5483,中美晶,30,3,27,富邦-高雄,2023-12-11,9659
2029,盛餘,40,16,24,富邦-高雄,2023-12-11,9659
6125,廣運,28,4,24,富邦-高雄,2023-12-11,9659
2537,聯上發,48,25,23,富邦-高雄,2023-12-11,9659
2006,東和鋼鐵,21,0,21,富邦-高雄,2023-12-11,9659
8076,伍豐,21,0,21,富邦-高雄,2023-12-11,9659
2486,一詮,31,10,21,富邦-高雄,2023-12-11,9659
1612,宏泰,52,32,20,富邦-高雄,2023-12-11,9659
00878,國泰永續高股息,55,36,19,富邦-高雄,2023-12-11,9659
00915,凱基優選高股息30,19,0,19,富邦-高雄,2023-12-11,9659
00933B,國泰10Y+金融債,18,0,18,富邦-高雄,2023-12-11,9659
00687B,國泰20年美債,271,2,269,富邦-高雄,2023-12-12,9659
2609,陽明,247,29,218,富邦-高雄,2023-12-12,9659
00919,群益台灣精選高息,352,170,182,富邦-高雄,2023-12-12,9659
6443,元晶,169,1,168,富邦-高雄,2023-12-12,9659
1316,上曜,142,0,142,富邦-高雄,2023-12-12,9659
6265,方土昶,130,0,130,富邦-高雄,2023-12-12,9659
00937B,群益ESG投等債20,148,30,118,富邦-高雄,2023-12-12,9659
2457,飛宏,85,0,85,富邦-高雄,2023-12-12,9659
00679B,元大美債20年,81,3,78,富邦-高雄,2023-12-12,9659
6530,創威,75,0,75,富邦-高雄,2023-12-12,9659
00918,大華優利高填息30,84,34,50,富邦-高雄,2023-12-12,9659
00885,富邦越南,52,2,50,富邦-高雄,2023-12-12,9659
1603,華電,56,10,46,富邦-高雄,2023-12-12,9659
5512,力麒,46,0,46,富邦-高雄,2023-12-12,9659
1608,華榮,51,9,42,富邦-高雄,2023-12-12,9659
2365,昆盈,42,1,41,富邦-高雄,2023-12-12,9659
2204,中華,51,11,40,富邦-高雄,2023-12-12,9659
1618,合機,110,72,38,富邦-高雄,2023-12-12,9659
1591,駿吉-KY,48,11,37,富邦-高雄,2023-12-12,9659
3481,群創,80,46,34,富邦-高雄,2023-12-12,9659
00764B,群益25年美債,34,0,34,富邦-高雄,2023-12-12,9659
3712,永崴投控,49,15,34,富邦-高雄,2023-12-12,9659
5328,華容,36,3,33,富邦-高雄,2023-12-12,9659
1612,宏泰,75,42,33,富邦-高雄,2023-12-12,9659
6282,康舒,39,8,31,富邦-高雄,2023-12-12,9659
00936,台新永續高息中小,34,3,31,富邦-高雄,2023-12-12,9659
2705,六福,30,0,30,富邦-高雄,2023-12-12,9659
00864B,中信美國公債0-1,30,0,30,富邦-高雄,2023-12-12,9659
4979,華星光,50,20,30,富邦-高雄,2023-12-12,9659
8096,擎亞,48,18,30,富邦-高雄,2023-12-12,9659
3363,上詮,28,3,25,富邦-高雄,2023-12-12,9659
2337,旺宏,29,4,25,富邦-高雄,2023-12-12,9659
6127,九豪,23,0,23,富邦-高雄,2023-12-12,9659
3308,聯德,27,4,23,富邦-高雄,2023-12-12,9659
3701,大眾控,22,0,22,富邦-高雄,2023-12-12,9659
00933B,國泰10Y+金融債,24,2,22,富邦-高雄,2023-12-12,9659
2363,矽統,37,15,22,富邦-高雄,2023-12-12,9659
1524,耿鼎,49,28,21,富邦-高雄,2023-12-12,9659
00680L,元大美債20正2,27,6,21,富邦-高雄,2023-12-12,9659
2308,台達電,21,0,21,富邦-高雄,2023-12-12,9659
2374,佳能,25,5,20,富邦-高雄,2023-12-12,9659
3441,聯一光,30,10,20,富邦-高雄,2023-12-12,9659
3311,閎暉,20,0,20,富邦-高雄,2023-12-12,9659
2538,基泰,20,0,20,富邦-高雄,2023-12-12,9659
4532,瑞智,20,0,20,富邦-高雄,2023-12-12,9659
5905,南仁湖,19,0,19,富邦-高雄,2023-12-12,9659
2630,亞航,22,3,19,富邦-高雄,2023-12-12,9659
8042,金山電,19,0,19,富邦-高雄,2023-12-12,9659
00900,富邦特選高股息30,41,22,19,富邦-高雄,2023-12-12,9659
00720B,元大投資級公司債,20,2,18,富邦-高雄,2023-12-12,9659
00929,復華台灣科技優息,819,484,335,富邦-高雄,2023-12-13,9659
00919,群益台灣精選高息,400,165,235,富邦-高雄,2023-12-13,9659
2515,中工,318,91,227,富邦-高雄,2023-12-13,9659
00715L,期街口布蘭特正2,208,10,198,富邦-高雄,2023-12-13,9659
3231,緯創,274,116,158,富邦-高雄,2023-12-13,9659
2439,美律,110,2,108,富邦-高雄,2023-12-13,9659
00687B,國泰20年美債,98,4,94,富邦-高雄,2023-12-13,9659
4306,炎洲,89,1,88,富邦-高雄,2023-12-13,9659
2609,陽明,321,235,86,富邦-高雄,2023-12-13,9659
1316,上曜,81,0,81,富邦-高雄,2023-12-13,9659
3694,海華,117,43,74,富邦-高雄,2023-12-13,9659
00680L,元大美債20正2,123,50,73,富邦-高雄,2023-12-13,9659
00864B,中信美國公債0-1,71,0,71,富邦-高雄,2023-12-13,9659
2867,三商壽,83,14,69,富邦-高雄,2023-12-13,9659
2618,長榮航,119,53,66,富邦-高雄,2023-12-13,9659
9105,泰金寶-DR,73,13,60,富邦-高雄,2023-12-13,9659
6257,矽格,70,10,60,富邦-高雄,2023-12-13,9659
5483,中美晶,52,0,52,富邦-高雄,2023-12-13,9659
00918,大華優利高填息30,55,5,50,富邦-高雄,2023-12-13,9659
00882,中信中國高股息,50,3,47,富邦-高雄,2023-12-13,9659
2002,中鋼,57,10,47,富邦-高雄,2023-12-13,9659
8068,全達,41,4,37,富邦-高雄,2023-12-13,9659
3441,聯一光,40,3,37,富邦-高雄,2023-12-13,9659
00642U,期元大S＆P石油,35,0,35,富邦-高雄,2023-12-13,9659
6282,康舒,73,39,34,富邦-高雄,2023-12-13,9659
5386,青雲,52,18,34,富邦-高雄,2023-12-13,9659
2006,東和鋼鐵,37,3,34,富邦-高雄,2023-12-13,9659
1314,中石化,41,8,33,富邦-高雄,2023-12-13,9659
00764B,群益25年美債,40,7,33,富邦-高雄,2023-12-13,9659
2465,麗臺,49,17,32,富邦-高雄,2023-12-13,9659
3706,神達,130,98,32,富邦-高雄,2023-12-13,9659
2330,台積電,35,4,31,富邦-高雄,2023-12-13,9659
6233,旺玖,41,10,31,富邦-高雄,2023-12-13,9659
1584,精剛,50,19,31,富邦-高雄,2023-12-13,9659
00934,中信成長高股息,32,4,28,富邦-高雄,2023-12-13,9659
2838,聯邦銀,30,2,28,富邦-高雄,2023-12-13,9659
3013,晟銘電,37,9,28,富邦-高雄,2023-12-13,9659
2313,華通,60,33,27,富邦-高雄,2023-12-13,9659
1108,幸福,26,0,26,富邦-高雄,2023-12-13,9659
1591,駿吉-KY,30,6,24,富邦-高雄,2023-12-13,9659
2105,正新,23,0,23,富邦-高雄,2023-12-13,9659
2472,立隆電,26,3,23,富邦-高雄,2023-12-13,9659
2881,富邦金,25,2,23,富邦-高雄,2023-12-13,9659
3047,訊舟,27,6,21,富邦-高雄,2023-12-13,9659
2883,凱基金,47,27,20,富邦-高雄,2023-12-13,9659
1440,南紡,30,10,20,富邦-高雄,2023-12-13,9659
00679B,元大美債20年,35,16,19,富邦-高雄,2023-12-13,9659
4933,友輝,22,3,19,富邦-高雄,2023-12-13,9659
4909,新復興,58,40,18,富邦-高雄,2023-12-13,9659
3363,上詮,29,11,18,富邦-高雄,2023-12-13,9659
00919,群益台灣精選高息,526,165,361,富邦-高雄,2023-12-14,9659
00937B,群益ESG投等債20,571,229,342,富邦-高雄,2023-12-14,9659
6257,矽格,421,91,330,富邦-高雄,2023-12-14,9659
00918,大華優利高填息30,309,15,294,富邦-高雄,2023-12-14,9659
00687B,國泰20年美債,309,25,284,富邦-高雄,2023-12-14,9659
00929,復華台灣科技優息,456,180,276,富邦-高雄,2023-12-14,9659
00680L,元大美債20正2,242,69,173,富邦-高雄,2023-12-14,9659
1316,上曜,127,4,123,富邦-高雄,2023-12-14,9659
2363,矽統,667,554,113,富邦-高雄,2023-12-14,9659
2329,華泰,134,21,113,富邦-高雄,2023-12-14,9659
00637L,元大滬深300正2,101,0,101,富邦-高雄,2023-12-14,9659
2352,佳世達,81,2,79,富邦-高雄,2023-12-14,9659
3213,茂訊,57,1,56,富邦-高雄,2023-12-14,9659
4939,亞電,52,3,49,富邦-高雄,2023-12-14,9659
2365,昆盈,62,15,47,富邦-高雄,2023-12-14,9659
5483,中美晶,52,5,47,富邦-高雄,2023-12-14,9659
2889,國票金,47,2,45,富邦-高雄,2023-12-14,9659
00885,富邦越南,47,3,44,富邦-高雄,2023-12-14,9659
6799,來頡,43,1,42,富邦-高雄,2023-12-14,9659
5426,振發,52,10,42,富邦-高雄,2023-12-14,9659
3005,神基,71,31,40,富邦-高雄,2023-12-14,9659
00933B,國泰10Y+金融債,41,4,37,富邦-高雄,2023-12-14,9659
1584,精剛,42,6,36,富邦-高雄,2023-12-14,9659
2890,永豐金,43,7,36,富邦-高雄,2023-12-14,9659
5425,台半,84,49,35,富邦-高雄,2023-12-14,9659
3694,海華,37,5,32,富邦-高雄,2023-12-14,9659
1605,華新,45,15,30,富邦-高雄,2023-12-14,9659
00905,FT臺灣Smart,30,0,30,富邦-高雄,2023-12-14,9659
00720B,元大投資級公司債,36,7,29,富邦-高雄,2023-12-14,9659
3715,定穎投控,63,35,28,富邦-高雄,2023-12-14,9659
5328,華容,62,35,27,富邦-高雄,2023-12-14,9659
2882,國泰金,137,110,27,富邦-高雄,2023-12-14,9659
00923,群益台ESG低碳50,32,6,26,富邦-高雄,2023-12-14,9659
1568,倉佑,31,6,25,富邦-高雄,2023-12-14,9659
8042,金山電,22,0,22,富邦-高雄,2023-12-14,9659
5704,老爺知,22,0,22,富邦-高雄,2023-12-14,9659
3041,揚智,66,45,21,富邦-高雄,2023-12-14,9659
3372,典範,73,52,21,富邦-高雄,2023-12-14,9659
00882,中信中國高股息,75,54,21,富邦-高雄,2023-12-14,9659
2002,中鋼,28,8,20,富邦-高雄,2023-12-14,9659
2347,聯強,20,0,20,富邦-高雄,2023-12-14,9659
1513,中興電,21,1,20,富邦-高雄,2023-12-14,9659
5521,工信,72,53,19,富邦-高雄,2023-12-14,9659
3231,緯創,89,70,19,富邦-高雄,2023-12-14,9659
2301,光寶科,33,15,18,富邦-高雄,2023-12-14,9659
3006,晶豪科,20,3,17,富邦-高雄,2023-12-14,9659
1591,駿吉-KY,18,1,17,富邦-高雄,2023-12-14,9659
6546,正基,26,10,16,富邦-高雄,2023-12-14,9659
2312,金寶,16,0,16,富邦-高雄,2023-12-14,9659
8096,擎亞,19,3,16,富邦-高雄,2023-12-14,9659
2609,陽明,840,81,759,富邦-高雄,2023-12-15,9659
00918,大華優利高填息30,527,82,445,富邦-高雄,2023-12-15,9659
00919,群益台灣精選高息,560,303,257,富邦-高雄,2023-12-15,9659
1316,上曜,247,14,233,富邦-高雄,2023-12-15,9659
00933B,國泰10Y+金融債,209,5,204,富邦-高雄,2023-12-15,9659
00679B,元大美債20年,199,36,163,富邦-高雄,2023-12-15,9659
00687B,國泰20年美債,183,20,163,富邦-高雄,2023-12-15,9659
2356,英業達,341,207,134,富邦-高雄,2023-12-15,9659
00751B,元大AAA至A公司債,128,0,128,富邦-高雄,2023-12-15,9659
2023,燁輝,128,11,117,富邦-高雄,2023-12-15,9659
00688L,國泰20年美債正2,106,0,106,富邦-高雄,2023-12-15,9659
00936,台新永續高息中小,127,21,106,富邦-高雄,2023-12-15,9659
3450,聯鈞,100,9,91,富邦-高雄,2023-12-15,9659
00932,兆豐永續高息等權,100,12,88,富邦-高雄,2023-12-15,9659
2367,燿華,85,7,78,富邦-高雄,2023-12-15,9659
00680L,元大美債20正2,94,19,75,富邦-高雄,2023-12-15,9659
00637L,元大滬深300正2,67,3,64,富邦-高雄,2023-12-15,9659
00795B,中信美國公債20年,65,1,64,富邦-高雄,2023-12-15,9659
3481,群創,67,4,63,富邦-高雄,2023-12-15,9659
3499,環天科,52,5,47,富邦-高雄,2023-12-15,9659
3372,典範,101,55,46,富邦-高雄,2023-12-15,9659
2020,美亞,45,0,45,富邦-高雄,2023-12-15,9659
00915,凱基優選高股息30,62,18,44,富邦-高雄,2023-12-15,9659
00772B,中信高評級公司債,58,15,43,富邦-高雄,2023-12-15,9659
00633L,富邦上証正2,56,14,42,富邦-高雄,2023-12-15,9659
5512,力麒,67,25,42,富邦-高雄,2023-12-15,9659
5328,華容,38,0,38,富邦-高雄,2023-12-15,9659
3346,麗清,47,12,35,富邦-高雄,2023-12-15,9659
4128,中天,31,1,30,富邦-高雄,2023-12-15,9659
4909,新復興,44,16,28,富邦-高雄,2023-12-15,9659
5483,中美晶,157,131,26,富邦-高雄,2023-12-15,9659
9919,康那香,26,0,26,富邦-高雄,2023-12-15,9659
00878,國泰永續高股息,103,78,25,富邦-高雄,2023-12-15,9659
2402,毅嘉,31,6,25,富邦-高雄,2023-12-15,9659
00891,中信關鍵半導體,26,3,23,富邦-高雄,2023-12-15,9659
00931B,統一美債20年,35,12,23,富邦-高雄,2023-12-15,9659
2449,京元電子,44,22,22,富邦-高雄,2023-12-15,9659
4908,前鼎,24,3,21,富邦-高雄,2023-12-15,9659
00664R,國泰臺灣加權反1,20,0,20,富邦-高雄,2023-12-15,9659
2316,楠梓電,22,2,20,富邦-高雄,2023-12-15,9659
1795,美時,24,5,19,富邦-高雄,2023-12-15,9659
1514,亞力,37,19,18,富邦-高雄,2023-12-15,9659
2501,國建,17,0,17,富邦-高雄,2023-12-15,9659
2317,鴻海,22,5,17,富邦-高雄,2023-12-15,9659
4915,致伸,23,7,16,富邦-高雄,2023-12-15,9659
2369,菱生,18,2,16,富邦-高雄,2023-12-15,9659
0056,元大高股息,56,40,16,富邦-高雄,2023-12-15,9659
2439,美律,23,8,15,富邦-高雄,2023-12-15,9659
00697B,元大美債7-10,15,0,15,富邦-高雄,2023-12-15,9659
1720,生達,14,0,14,富邦-高雄,2023-12-15,9659
2515,中工,416,23,393,富邦-高雄,2023-12-18,9659
00937B,群益ESG投等債20,485,111,374,富邦-高雄,2023-12-18,9659
1316,上曜,430,146,284,富邦-高雄,2023-12-18,9659
00929,復華台灣科技優息,404,166,238,富邦-高雄,2023-12-18,9659
2014,中鴻,312,114,198,富邦-高雄,2023-12-18,9659
00919,群益台灣精選高息,214,19,195,富邦-高雄,2023-12-18,9659
2101,南港,180,0,180,富邦-高雄,2023-12-18,9659
5521,工信,172,11,161,富邦-高雄,2023-12-18,9659
6239,力成,157,9,148,富邦-高雄,2023-12-18,9659
00680L,元大美債20正2,174,39,135,富邦-高雄,2023-12-18,9659
00679B,元大美債20年,161,42,119,富邦-高雄,2023-12-18,9659
00688L,國泰20年美債正2,132,13,119,富邦-高雄,2023-12-18,9659
2425,承啟,99,2,97,富邦-高雄,2023-12-18,9659
2883,凱基金,119,23,96,富邦-高雄,2023-12-18,9659
2363,矽統,93,11,82,富邦-高雄,2023-12-18,9659
4968,立積,90,15,75,富邦-高雄,2023-12-18,9659
2615,萬海,114,45,69,富邦-高雄,2023-12-18,9659
2356,英業達,118,49,69,富邦-高雄,2023-12-18,9659
2017,官田鋼,127,59,68,富邦-高雄,2023-12-18,9659
00885,富邦越南,52,2,50,富邦-高雄,2023-12-18,9659
00753L,中信中國50正2,51,1,50,富邦-高雄,2023-12-18,9659
2412,中華電,51,2,49,富邦-高雄,2023-12-18,9659
3006,晶豪科,107,63,44,富邦-高雄,2023-12-18,9659
2516,新建,70,28,42,富邦-高雄,2023-12-18,9659
2449,京元電子,41,0,41,富邦-高雄,2023-12-18,9659
6005,群益證,50,10,40,富邦-高雄,2023-12-18,9659
2636,台驊控股,40,1,39,富邦-高雄,2023-12-18,9659
00882,中信中國高股息,36,0,36,富邦-高雄,2023-12-18,9659
00935,野村臺灣新科技50,32,1,31,富邦-高雄,2023-12-18,9659
2201,裕隆,32,2,30,富邦-高雄,2023-12-18,9659
2033,佳大,31,1,30,富邦-高雄,2023-12-18,9659
2888,新光金,31,4,27,富邦-高雄,2023-12-18,9659
2303,聯電,70,43,27,富邦-高雄,2023-12-18,9659
2605,新興,46,19,27,富邦-高雄,2023-12-18,9659
00900,富邦特選高股息30,32,6,26,富邦-高雄,2023-12-18,9659
3481,群創,36,10,26,富邦-高雄,2023-12-18,9659
00706L,期元大S＆P日圓正2,26,0,26,富邦-高雄,2023-12-18,9659
5469,瀚宇博,47,21,26,富邦-高雄,2023-12-18,9659
2002,中鋼,89,63,26,富邦-高雄,2023-12-18,9659
6222,上揚,27,2,25,富邦-高雄,2023-12-18,9659
00751B,元大AAA至A公司債,32,8,24,富邦-高雄,2023-12-18,9659
00936,台新永續高息中小,38,14,24,富邦-高雄,2023-12-18,9659
2330,台積電,33,9,24,富邦-高雄,2023-12-18,9659
9919,康那香,22,1,21,富邦-高雄,2023-12-18,9659
8110,華東,23,3,20,富邦-高雄,2023-12-18,9659
1444,力麗,20,0,20,富邦-高雄,2023-12-18,9659
3380,明泰,22,2,20,富邦-高雄,2023-12-18,9659
3363,上詮,20,0,20,富邦-高雄,2023-12-18,9659
2206,三陽工業,21,4,17,富邦-高雄,2023-12-18,9659
6205,詮欣,20,3,17,富邦-高雄,2023-12-18,9659
00929,復華台灣科技優息,682,309,373,富邦-高雄,2023-12-19,9659
00680L,元大美債20正2,424,121,303,富邦-高雄,2023-12-19,9659
2101,南港,270,0,270,富邦-高雄,2023-12-19,9659
1316,上曜,177,1,176,富邦-高雄,2023-12-19,9659
5521,工信,196,36,160,富邦-高雄,2023-12-19,9659
2515,中工,134,32,102,富邦-高雄,2023-12-19,9659
4915,致伸,83,0,83,富邦-高雄,2023-12-19,9659
2882,國泰金,84,3,81,富邦-高雄,2023-12-19,9659
00687B,國泰20年美債,266,198,68,富邦-高雄,2023-12-19,9659
2038,海光,100,39,61,富邦-高雄,2023-12-19,9659
00934,中信成長高股息,62,3,59,富邦-高雄,2023-12-19,9659
00915,凱基優選高股息30,58,1,57,富邦-高雄,2023-12-19,9659
2439,美律,56,0,56,富邦-高雄,2023-12-19,9659
2465,麗臺,57,2,55,富邦-高雄,2023-12-19,9659
6005,群益證,53,0,53,富邦-高雄,2023-12-19,9659
8069,元太,52,0,52,富邦-高雄,2023-12-19,9659
2412,中華電,50,0,50,富邦-高雄,2023-12-19,9659
2356,英業達,85,36,49,富邦-高雄,2023-12-19,9659
00885,富邦越南,48,0,48,富邦-高雄,2023-12-19,9659
00933B,國泰10Y+金融債,56,8,48,富邦-高雄,2023-12-19,9659
2516,新建,51,4,47,富邦-高雄,2023-12-19,9659
2867,三商壽,46,0,46,富邦-高雄,2023-12-19,9659
3481,群創,47,2,45,富邦-高雄,2023-12-19,9659
2344,華邦電,50,8,42,富邦-高雄,2023-12-19,9659
3011,今皓,41,0,41,富邦-高雄,2023-12-19,9659
3006,晶豪科,100,60,40,富邦-高雄,2023-12-19,9659
2887,台新金,47,8,39,富邦-高雄,2023-12-19,9659
2641,正德,37,3,34,富邦-高雄,2023-12-19,9659
00706L,期元大S＆P日圓正2,41,8,33,富邦-高雄,2023-12-19,9659
8076,伍豐,34,1,33,富邦-高雄,2023-12-19,9659
1312,國喬,42,11,31,富邦-高雄,2023-12-19,9659
2547,日勝生,30,0,30,富邦-高雄,2023-12-19,9659
2010,春源,30,0,30,富邦-高雄,2023-12-19,9659
1474,弘裕,30,0,30,富邦-高雄,2023-12-19,9659
1213,大飲,40,10,30,富邦-高雄,2023-12-19,9659
1605,華新,53,24,29,富邦-高雄,2023-12-19,9659
00931B,統一美債20年,30,1,29,富邦-高雄,2023-12-19,9659
00936,台新永續高息中小,30,2,28,富邦-高雄,2023-12-19,9659
5347,世界,27,1,26,富邦-高雄,2023-12-19,9659
2376,技嘉,56,30,26,富邦-高雄,2023-12-19,9659
00935,野村臺灣新科技50,26,0,26,富邦-高雄,2023-12-19,9659
00905,FT臺灣Smart,25,0,25,富邦-高雄,2023-12-19,9659
4164,承業醫,23,0,23,富邦-高雄,2023-12-19,9659
8050,廣積,22,0,22,富邦-高雄,2023-12-19,9659
4133,亞諾法,40,18,22,富邦-高雄,2023-12-19,9659
1616,億泰,21,0,21,富邦-高雄,2023-12-19,9659
3706,神達,20,0,20,富邦-高雄,2023-12-19,9659
2002,中鋼,54,34,20,富邦-高雄,2023-12-19,9659
2891,中信金,68,48,20,富邦-高雄,2023-12-19,9659
00633L,富邦上証正2,20,0,20,富邦-高雄,2023-12-19,9659
00680L,元大美債20正2,419,0,419,富邦-高雄,2023-12-20,9659
2887,台新金,269,5,264,富邦-高雄,2023-12-20,9659
00637L,元大滬深300正2,218,10,208,富邦-高雄,2023-12-20,9659
2609,陽明,696,495,201,富邦-高雄,2023-12-20,9659
00919,群益台灣精選高息,200,12,188,富邦-高雄,2023-12-20,9659
00687B,國泰20年美債,166,32,134,富邦-高雄,2023-12-20,9659
00882,中信中國高股息,132,0,132,富邦-高雄,2023-12-20,9659
2515,中工,209,79,130,富邦-高雄,2023-12-20,9659
2352,佳世達,100,8,92,富邦-高雄,2023-12-20,9659
00715L,期街口布蘭特正2,106,16,90,富邦-高雄,2023-12-20,9659
00642U,期元大S＆P石油,79,1,78,富邦-高雄,2023-12-20,9659
1316,上曜,70,0,70,富邦-高雄,2023-12-20,9659
00679B,元大美債20年,74,8,66,富邦-高雄,2023-12-20,9659
2377,微星,135,72,63,富邦-高雄,2023-12-20,9659
2014,中鴻,106,48,58,富邦-高雄,2023-12-20,9659
1229,聯華,55,0,55,富邦-高雄,2023-12-20,9659
00877,復華中國5G,50,0,50,富邦-高雄,2023-12-20,9659
2208,台船,50,0,50,富邦-高雄,2023-12-20,9659
2376,技嘉,71,29,42,富邦-高雄,2023-12-20,9659
8085,福華,60,18,42,富邦-高雄,2023-12-20,9659
2516,新建,42,0,42,富邦-高雄,2023-12-20,9659
6275,元山,43,1,42,富邦-高雄,2023-12-20,9659
2353,宏��,297,256,41,富邦-高雄,2023-12-20,9659
3694,海華,46,7,39,富邦-高雄,2023-12-20,9659
2007,燁興,50,15,35,富邦-高雄,2023-12-20,9659
2834,臺企銀,34,1,33,富邦-高雄,2023-12-20,9659
00724B,群益投資級金融債,33,0,33,富邦-高雄,2023-12-20,9659
00933B,國泰10Y+金融債,32,0,32,富邦-高雄,2023-12-20,9659
00632R,元大台灣50反1,40,10,30,富邦-高雄,2023-12-20,9659
3515,華擎,39,11,28,富邦-高雄,2023-12-20,9659
2881,富邦金,29,3,26,富邦-高雄,2023-12-20,9659
00696B,富邦美債20年,25,0,25,富邦-高雄,2023-12-20,9659
2882,國泰金,25,0,25,富邦-高雄,2023-12-20,9659
4961,天鈺,25,2,23,富邦-高雄,2023-12-20,9659
5425,台半,44,22,22,富邦-高雄,2023-12-20,9659
2465,麗臺,22,0,22,富邦-高雄,2023-12-20,9659
5328,華容,20,0,20,富邦-高雄,2023-12-20,9659
6170,統振,20,0,20,富邦-高雄,2023-12-20,9659
4167,松瑞藥,42,22,20,富邦-高雄,2023-12-20,9659
2337,旺宏,19,1,18,富邦-高雄,2023-12-20,9659
8222,寶一,18,0,18,富邦-高雄,2023-12-20,9659
00720B,元大投資級公司債,17,2,15,富邦-高雄,2023-12-20,9659
1504,東元,17,2,15,富邦-高雄,2023-12-20,9659
3260,威剛,19,4,15,富邦-高雄,2023-12-20,9659
5515,建國,16,2,14,富邦-高雄,2023-12-20,9659
2328,廣宇,16,2,14,富邦-高雄,2023-12-20,9659
3011,今皓,16,2,14,富邦-高雄,2023-12-20,9659
00915,凱基優選高股息30,15,1,14,富邦-高雄,2023-12-20,9659
9919,康那香,30,16,14,富邦-高雄,2023-12-20,9659
2412,中華電,13,0,13,富邦-高雄,2023-12-20,9659
00680L,元大美債20正2,860,316,544,富邦-高雄,2023-12-21,9659
00919,群益台灣精選高息,334,25,309,富邦-高雄,2023-12-21,9659
2515,中工,361,105,256,富邦-高雄,2023-12-21,9659
8054,安國,228,85,143,富邦-高雄,2023-12-21,9659
2324,仁寶,187,57,130,富邦-高雄,2023-12-21,9659
3481,群創,135,21,114,富邦-高雄,2023-12-21,9659
2356,英業達,272,160,112,富邦-高雄,2023-12-21,9659
00688L,國泰20年美債正2,112,0,112,富邦-高雄,2023-12-21,9659
2610,華航,112,1,111,富邦-高雄,2023-12-21,9659
00929,復華台灣科技優息,174,77,97,富邦-高雄,2023-12-21,9659
2601,益航,102,24,78,富邦-高雄,2023-12-21,9659
2611,志信,82,20,62,富邦-高雄,2023-12-21,9659
2367,燿華,55,2,53,富邦-高雄,2023-12-21,9659
2344,華邦電,62,9,53,富邦-高雄,2023-12-21,9659
2801,彰銀,53,0,53,富邦-高雄,2023-12-21,9659
5512,力麒,55,2,53,富邦-高雄,2023-12-21,9659
3231,緯創,197,146,51,富邦-高雄,2023-12-21,9659
00877,復華中國5G,50,0,50,富邦-高雄,2023-12-21,9659
2331,精英,88,39,49,富邦-高雄,2023-12-21,9659
2449,京元電子,48,0,48,富邦-高雄,2023-12-21,9659
00935,野村臺灣新科技50,48,0,48,富邦-高雄,2023-12-21,9659
2882,國泰金,60,15,45,富邦-高雄,2023-12-21,9659
2618,長榮航,89,45,44,富邦-高雄,2023-12-21,9659
2014,中鴻,90,46,44,富邦-高雄,2023-12-21,9659
00936,台新永續高息中小,42,2,40,富邦-高雄,2023-12-21,9659
4906,正文,42,2,40,富邦-高雄,2023-12-21,9659
2641,正德,320,280,40,富邦-高雄,2023-12-21,9659
00937B,群益ESG投等債20,175,136,39,富邦-高雄,2023-12-21,9659
3479,安勤,38,0,38,富邦-高雄,2023-12-21,9659
3583,辛耘,38,1,37,富邦-高雄,2023-12-21,9659
00915,凱基優選高股息30,32,0,32,富邦-高雄,2023-12-21,9659
6616,特昇-KY,36,4,32,富邦-高雄,2023-12-21,9659
4303,信立,30,0,30,富邦-高雄,2023-12-21,9659
3035,智原,41,14,27,富邦-高雄,2023-12-21,9659
2038,海光,89,62,27,富邦-高雄,2023-12-21,9659
1314,中石化,25,1,24,富邦-高雄,2023-12-21,9659
6015,宏遠證,23,0,23,富邦-高雄,2023-12-21,9659
00930,永豐ESG低碳高息,22,0,22,富邦-高雄,2023-12-21,9659
6275,元山,23,1,22,富邦-高雄,2023-12-21,9659
6461,益得,22,0,22,富邦-高雄,2023-12-21,9659
1815,富喬,22,1,21,富邦-高雄,2023-12-21,9659
00878,國泰永續高股息,32,11,21,富邦-高雄,2023-12-21,9659
2538,基泰,20,0,20,富邦-高雄,2023-12-21,9659
6138,茂達,22,3,19,富邦-高雄,2023-12-21,9659
2363,矽統,30,11,19,富邦-高雄,2023-12-21,9659
2023,燁輝,22,3,19,富邦-高雄,2023-12-21,9659
4572,駐龍,21,2,19,富邦-高雄,2023-12-21,9659
2492,華新科,20,2,18,富邦-高雄,2023-12-21,9659
6443,元晶,24,6,18,富邦-高雄,2023-12-21,9659
2605,新興,32,14,18,富邦-高雄,2023-12-21,9659
2356,英業達,733,126,607,富邦-高雄,2023-12-22,9659
00680L,元大美債20正2,881,331,550,富邦-高雄,2023-12-22,9659
2323,中環,171,0,171,富邦-高雄,2023-12-22,9659
00888,永豐台灣ESG,100,0,100,富邦-高雄,2023-12-22,9659
2465,麗臺,111,13,98,富邦-高雄,2023-12-22,9659
00933B,國泰10Y+金融債,92,2,90,富邦-高雄,2023-12-22,9659
2017,官田鋼,80,0,80,富邦-高雄,2023-12-22,9659
8477,創業家,74,0,74,富邦-高雄,2023-12-22,9659
00937B,群益ESG投等債20,86,16,70,富邦-高雄,2023-12-22,9659
00919,群益台灣精選高息,68,6,62,富邦-高雄,2023-12-22,9659
00931B,統一美債20年,66,5,61,富邦-高雄,2023-12-22,9659
2506,太設,61,0,61,富邦-高雄,2023-12-22,9659
5009,榮剛,71,10,61,富邦-高雄,2023-12-22,9659
00882,中信中國高股息,60,5,55,富邦-高雄,2023-12-22,9659
3105,穩懋,53,2,51,富邦-高雄,2023-12-22,9659
2353,宏��,102,54,48,富邦-高雄,2023-12-22,9659
00753L,中信中國50正2,46,0,46,富邦-高雄,2023-12-22,9659
00688L,國泰20年美債正2,40,0,40,富邦-高雄,2023-12-22,9659
5512,力麒,40,0,40,富邦-高雄,2023-12-22,9659
00720B,元大投資級公司債,37,2,35,富邦-高雄,2023-12-22,9659
0056,元大高股息,61,26,35,富邦-高雄,2023-12-22,9659
00632R,元大台灣50反1,54,20,34,富邦-高雄,2023-12-22,9659
6443,元晶,39,6,33,富邦-高雄,2023-12-22,9659
2331,精英,57,27,30,富邦-高雄,2023-12-22,9659
00719B,元大美債1-3,30,0,30,富邦-高雄,2023-12-22,9659
2324,仁寶,71,42,29,富邦-高雄,2023-12-22,9659
6117,迎廣,35,6,29,富邦-高雄,2023-12-22,9659
6005,群益證,25,0,25,富邦-高雄,2023-12-22,9659
2538,基泰,25,0,25,富邦-高雄,2023-12-22,9659
8227,巨有科技,24,1,23,富邦-高雄,2023-12-22,9659
6233,旺玖,41,18,23,富邦-高雄,2023-12-22,9659
3583,辛耘,23,0,23,富邦-高雄,2023-12-22,9659
2344,華邦電,129,107,22,富邦-高雄,2023-12-22,9659
6112,邁達特,21,0,21,富邦-高雄,2023-12-22,9659
5609,中菲行,20,1,19,富邦-高雄,2023-12-22,9659
2105,正新,18,0,18,富邦-高雄,2023-12-22,9659
2537,聯上發,20,2,18,富邦-高雄,2023-12-22,9659
00752,中信中國50,28,10,18,富邦-高雄,2023-12-22,9659
3013,晟銘電,36,19,17,富邦-高雄,2023-12-22,9659
2382,廣達,26,9,17,富邦-高雄,2023-12-22,9659
6205,詮欣,16,0,16,富邦-高雄,2023-12-22,9659
8038,長園科,15,0,15,富邦-高雄,2023-12-22,9659
8489,三貝德,15,0,15,富邦-高雄,2023-12-22,9659
2317,鴻海,25,10,15,富邦-高雄,2023-12-22,9659
4133,亞諾法,18,4,14,富邦-高雄,2023-12-22,9659
2313,華通,36,22,14,富邦-高雄,2023-12-22,9659
00915,凱基優選高股息30,13,0,13,富邦-高雄,2023-12-22,9659
9910,豐泰,13,0,13,富邦-高雄,2023-12-22,9659
2486,一詮,16,3,13,富邦-高雄,2023-12-22,9659
4129,聯合,13,0,13,富邦-高雄,2023-12-22,9659
00680L,元大美債20正2,1269,720,549,富邦-高雄,2023-12-25,9659
2882,國泰金,309,4,305,富邦-高雄,2023-12-25,9659
2344,華邦電,248,13,235,富邦-高雄,2023-12-25,9659
1815,富喬,231,35,196,富邦-高雄,2023-12-25,9659
00919,群益台灣精選高息,316,135,181,富邦-高雄,2023-12-25,9659
2603,長榮,311,156,155,富邦-高雄,2023-12-25,9659
00633L,富邦上証正2,120,5,115,富邦-高雄,2023-12-25,9659
00715L,期街口布蘭特正2,120,13,107,富邦-高雄,2023-12-25,9659
2888,新光金,112,10,102,富邦-高雄,2023-12-25,9659
2331,精英,106,8,98,富邦-高雄,2023-12-25,9659
00905,FT臺灣Smart,100,2,98,富邦-高雄,2023-12-25,9659
2208,台船,100,2,98,富邦-高雄,2023-12-25,9659
00937B,群益ESG投等債20,120,33,87,富邦-高雄,2023-12-25,9659
8059,凱碩,95,23,72,富邦-高雄,2023-12-25,9659
00918,大華優利高填息30,67,0,67,富邦-高雄,2023-12-25,9659
2515,中工,102,39,63,富邦-高雄,2023-12-25,9659
3515,華擎,61,2,59,富邦-高雄,2023-12-25,9659
2449,京元電子,55,3,52,富邦-高雄,2023-12-25,9659
6257,矽格,59,7,52,富邦-高雄,2023-12-25,9659
00688L,國泰20年美債正2,59,8,51,富邦-高雄,2023-12-25,9659
2023,燁輝,127,82,45,富邦-高雄,2023-12-25,9659
00933B,國泰10Y+金融債,37,0,37,富邦-高雄,2023-12-25,9659
6222,上揚,33,0,33,富邦-高雄,2023-12-25,9659
2889,國票金,34,1,33,富邦-高雄,2023-12-25,9659
5425,台半,62,30,32,富邦-高雄,2023-12-25,9659
1325,恆大,36,5,31,富邦-高雄,2023-12-25,9659
2206,三陽工業,26,0,26,富邦-高雄,2023-12-25,9659
6550,北極星藥業-KY,49,25,24,富邦-高雄,2023-12-25,9659
1513,中興電,25,2,23,富邦-高雄,2023-12-25,9659
2405,輔信,51,29,22,富邦-高雄,2023-12-25,9659
00931B,統一美債20年,68,47,21,富邦-高雄,2023-12-25,9659
00725B,國泰投資級公司債,34,14,20,富邦-高雄,2023-12-25,9659
1524,耿鼎,24,4,20,富邦-高雄,2023-12-25,9659
2017,官田鋼,20,1,19,富邦-高雄,2023-12-25,9659
9105,泰金寶-DR,21,2,19,富邦-高雄,2023-12-25,9659
3450,聯鈞,18,0,18,富邦-高雄,2023-12-25,9659
3260,威剛,19,2,17,富邦-高雄,2023-12-25,9659
3346,麗清,37,20,17,富邦-高雄,2023-12-25,9659
6224,聚鼎,22,6,16,富邦-高雄,2023-12-25,9659
1447,力鵬,15,0,15,富邦-高雄,2023-12-25,9659
4906,正文,20,6,14,富邦-高雄,2023-12-25,9659
1795,美時,15,1,14,富邦-高雄,2023-12-25,9659
00934,中信成長高股息,17,3,14,富邦-高雄,2023-12-25,9659
3176,基亞,14,0,14,富邦-高雄,2023-12-25,9659
6243,迅杰,29,15,14,富邦-高雄,2023-12-25,9659
6504,南六,34,20,14,富邦-高雄,2023-12-25,9659
00891,中信關鍵半導體,20,6,14,富邦-高雄,2023-12-25,9659
00720B,元大投資級公司債,25,11,14,富邦-高雄,2023-12-25,9659
3264,欣銓,15,2,13,富邦-高雄,2023-12-25,9659
8112,至上,13,0,13,富邦-高雄,2023-12-25,9659
2324,仁寶,516,341,175,富邦-高雄,2023-12-26,9659
00680L,元大美債20正2,360,202,158,富邦-高雄,2023-12-26,9659
00637L,元大滬深300正2,126,15,111,富邦-高雄,2023-12-26,9659
6257,矽格,101,0,101,富邦-高雄,2023-12-26,9659
00937B,群益ESG投等債20,153,57,96,富邦-高雄,2023-12-26,9659
2449,京元電子,85,0,85,富邦-高雄,2023-12-26,9659
3231,緯創,142,62,80,富邦-高雄,2023-12-26,9659
2891,中信金,100,21,79,富邦-高雄,2023-12-26,9659
00929,復華台灣科技優息,97,30,67,富邦-高雄,2023-12-26,9659
5512,力麒,75,9,66,富邦-高雄,2023-12-26,9659
00919,群益台灣精選高息,103,41,62,富邦-高雄,2023-12-26,9659
00753L,中信中國50正2,60,5,55,富邦-高雄,2023-12-26,9659
4939,亞電,65,15,50,富邦-高雄,2023-12-26,9659
5315,光聯,50,0,50,富邦-高雄,2023-12-26,9659
5603,陸海,50,0,50,富邦-高雄,2023-12-26,9659
00891,中信關鍵半導體,45,2,43,富邦-高雄,2023-12-26,9659
00688L,國泰20年美債正2,43,0,43,富邦-高雄,2023-12-26,9659
00725B,國泰投資級公司債,45,5,40,富邦-高雄,2023-12-26,9659
3450,聯鈞,39,1,38,富邦-高雄,2023-12-26,9659
912000,晨訊科-DR,35,0,35,富邦-高雄,2023-12-26,9659
4533,協易機,34,0,34,富邦-高雄,2023-12-26,9659
6462,神盾,47,13,34,富邦-高雄,2023-12-26,9659
6237,驊訊,57,26,31,富邦-高雄,2023-12-26,9659
2331,精英,35,4,31,富邦-高雄,2023-12-26,9659
2465,麗臺,30,1,29,富邦-高雄,2023-12-26,9659
8069,元太,39,17,22,富邦-高雄,2023-12-26,9659
6143,振曜,20,0,20,富邦-高雄,2023-12-26,9659
2609,陽明,165,145,20,富邦-高雄,2023-12-26,9659
00882,中信中國高股息,20,0,20,富邦-高雄,2023-12-26,9659
2317,鴻海,23,4,19,富邦-高雄,2023-12-26,9659
3122,笙泉,20,1,19,富邦-高雄,2023-12-26,9659
4174,浩鼎,19,0,19,富邦-高雄,2023-12-26,9659
1560,中砂,36,18,18,富邦-高雄,2023-12-26,9659
00676R,富邦臺灣加權反1,17,0,17,富邦-高雄,2023-12-26,9659
3715,定穎投控,16,0,16,富邦-高雄,2023-12-26,9659
2369,菱生,21,5,16,富邦-高雄,2023-12-26,9659
00720B,元大投資級公司債,21,5,16,富邦-高雄,2023-12-26,9659
6147,頎邦,24,9,15,富邦-高雄,2023-12-26,9659
3264,欣銓,18,3,15,富邦-高雄,2023-12-26,9659
2641,正德,17,2,15,富邦-高雄,2023-12-26,9659
1582,信錦,16,1,15,富邦-高雄,2023-12-26,9659
2428,興勤,14,0,14,富邦-高雄,2023-12-26,9659
2377,微星,47,34,13,富邦-高雄,2023-12-26,9659
3049,精金,13,0,13,富邦-高雄,2023-12-26,9659
8068,全達,12,0,12,富邦-高雄,2023-12-26,9659
2634,漢翔,29,17,12,富邦-高雄,2023-12-26,9659
2258,鴻華先進-創,12,0,12,富邦-高雄,2023-12-26,9659
5457,宣德,12,0,12,富邦-高雄,2023-12-26,9659
3694,海華,25,14,11,富邦-高雄,2023-12-26,9659
3041,揚智,22,11,11,富邦-高雄,2023-12-26,9659
00937B,群益ESG投等債20,578,54,524,富邦-高雄,2023-12-27,9659
2303,聯電,867,391,476,富邦-高雄,2023-12-27,9659
00929,復華台灣科技優息,478,12,466,富邦-高雄,2023-12-27,9659
00680L,元大美債20正2,358,210,148,富邦-高雄,2023-12-27,9659
00650L,復華香港正2,140,0,140,富邦-高雄,2023-12-27,9659
00720B,元大投資級公司債,138,2,136,富邦-高雄,2023-12-27,9659
2353,宏��,276,161,115,富邦-高雄,2023-12-27,9659
2610,華航,126,36,90,富邦-高雄,2023-12-27,9659
00637L,元大滬深300正2,100,10,90,富邦-高雄,2023-12-27,9659
2867,三商壽,79,4,75,富邦-高雄,2023-12-27,9659
00933B,國泰10Y+金融債,96,26,70,富邦-高雄,2023-12-27,9659
2449,京元電子,72,3,69,富邦-高雄,2023-12-27,9659
00687B,國泰20年美債,78,9,69,富邦-高雄,2023-12-27,9659
2603,長榮,168,106,62,富邦-高雄,2023-12-27,9659
6257,矽格,54,0,54,富邦-高雄,2023-12-27,9659
8114,振樺電,52,1,51,富邦-高雄,2023-12-27,9659
3057,喬鼎,50,0,50,富邦-高雄,2023-12-27,9659
2618,長榮航,54,10,44,富邦-高雄,2023-12-27,9659
00715L,期街口布蘭特正2,243,206,37,富邦-高雄,2023-12-27,9659
3006,晶豪科,93,56,37,富邦-高雄,2023-12-27,9659
4968,立積,68,33,35,富邦-高雄,2023-12-27,9659
6719,力智,55,24,31,富邦-高雄,2023-12-27,9659
2888,新光金,40,9,31,富邦-高雄,2023-12-27,9659
4909,新復興,30,0,30,富邦-高雄,2023-12-27,9659
6142,友勁,30,0,30,富邦-高雄,2023-12-27,9659
8085,福華,30,0,30,富邦-高雄,2023-12-27,9659
00632R,元大台灣50反1,123,94,29,富邦-高雄,2023-12-27,9659
00919,群益台灣精選高息,51,23,28,富邦-高雄,2023-12-27,9659
2855,統一證,26,0,26,富邦-高雄,2023-12-27,9659
3376,新日興,40,15,25,富邦-高雄,2023-12-27,9659
00725B,國泰投資級公司債,25,0,25,富邦-高雄,2023-12-27,9659
8112,至上,27,3,24,富邦-高雄,2023-12-27,9659
6129,普誠,63,40,23,富邦-高雄,2023-12-27,9659
8059,凱碩,35,12,23,富邦-高雄,2023-12-27,9659
2889,國票金,25,3,22,富邦-高雄,2023-12-27,9659
5469,瀚宇博,21,1,20,富邦-高雄,2023-12-27,9659
2317,鴻海,20,1,19,富邦-高雄,2023-12-27,9659
8422,可寧衛,19,0,19,富邦-高雄,2023-12-27,9659
912000,晨訊科-DR,19,0,19,富邦-高雄,2023-12-27,9659
00688L,國泰20年美債正2,18,0,18,富邦-高雄,2023-12-27,9659
2498,宏達電,39,21,18,富邦-高雄,2023-12-27,9659
4961,天鈺,20,3,17,富邦-高雄,2023-12-27,9659
00679B,元大美債20年,33,17,16,富邦-高雄,2023-12-27,9659
00934,中信成長高股息,33,17,16,富邦-高雄,2023-12-27,9659
00764B,群益25年美債,18,2,16,富邦-高雄,2023-12-27,9659
2634,漢翔,21,5,16,富邦-高雄,2023-12-27,9659
00697B,元大美債7-10,16,0,16,富邦-高雄,2023-12-27,9659
3390,旭軟,95,80,15,富邦-高雄,2023-12-27,9659
3583,辛耘,16,1,15,富邦-高雄,2023-12-27,9659
00936,台新永續高息中小,15,0,15,富邦-高雄,2023-12-27,9659
00937B,群益ESG投等債20,714,0,714,富邦-高雄,2023-12-28,9659
2356,英業達,377,186,191,富邦-高雄,2023-12-28,9659
3231,緯創,203,54,149,富邦-高雄,2023-12-28,9659
2331,精英,172,24,148,富邦-高雄,2023-12-28,9659
6257,矽格,103,1,102,富邦-高雄,2023-12-28,9659
2208,台船,100,0,100,富邦-高雄,2023-12-28,9659
00637L,元大滬深300正2,204,130,74,富邦-高雄,2023-12-28,9659
00919,群益台灣精選高息,164,92,72,富邦-高雄,2023-12-28,9659
3706,神達,536,465,71,富邦-高雄,2023-12-28,9659
2618,長榮航,94,30,64,富邦-高雄,2023-12-28,9659
00720B,元大投資級公司債,84,22,62,富邦-高雄,2023-12-28,9659
00933B,國泰10Y+金融債,63,3,60,富邦-高雄,2023-12-28,9659
00877,復華中國5G,50,0,50,富邦-高雄,2023-12-28,9659
00891,中信關鍵半導體,60,13,47,富邦-高雄,2023-12-28,9659
1514,亞力,83,37,46,富邦-高雄,2023-12-28,9659
3024,憶聲,49,3,46,富邦-高雄,2023-12-28,9659
2888,新光金,51,7,44,富邦-高雄,2023-12-28,9659
3694,海華,48,4,44,富邦-高雄,2023-12-28,9659
00688L,國泰20年美債正2,41,0,41,富邦-高雄,2023-12-28,9659
00733,富邦臺灣中小,38,0,38,富邦-高雄,2023-12-28,9659
00687B,國泰20年美債,39,3,36,富邦-高雄,2023-12-28,9659
9105,泰金寶-DR,41,6,35,富邦-高雄,2023-12-28,9659
4979,華星光,79,45,34,富邦-高雄,2023-12-28,9659
2547,日勝生,30,0,30,富邦-高雄,2023-12-28,9659
3481,群創,51,22,29,富邦-高雄,2023-12-28,9659
2352,佳世達,104,77,27,富邦-高雄,2023-12-28,9659
00679B,元大美債20年,26,0,26,富邦-高雄,2023-12-28,9659
00712,復華富時不動產,26,0,26,富邦-高雄,2023-12-28,9659
2324,仁寶,123,99,24,富邦-高雄,2023-12-28,9659
00936,台新永續高息中小,27,4,23,富邦-高雄,2023-12-28,9659
00934,中信成長高股息,23,1,22,富邦-高雄,2023-12-28,9659
2637,慧洋-KY,22,2,20,富邦-高雄,2023-12-28,9659
5351,鈺創,24,5,19,富邦-高雄,2023-12-28,9659
6147,頎邦,26,7,19,富邦-高雄,2023-12-28,9659
2603,長榮,158,140,18,富邦-高雄,2023-12-28,9659
1513,中興電,26,8,18,富邦-高雄,2023-12-28,9659
1712,興農,17,0,17,富邦-高雄,2023-12-28,9659
3551,世禾,17,0,17,富邦-高雄,2023-12-28,9659
2439,美律,32,16,16,富邦-高雄,2023-12-28,9659
8088,品安,23,7,16,富邦-高雄,2023-12-28,9659
4960,誠美材,15,0,15,富邦-高雄,2023-12-28,9659
00918,大華優利高填息30,19,4,15,富邦-高雄,2023-12-28,9659
3622,洋華,17,2,15,富邦-高雄,2023-12-28,9659
00725B,國泰投資級公司債,17,4,13,富邦-高雄,2023-12-28,9659
2612,中航,13,0,13,富邦-高雄,2023-12-28,9659
6117,迎廣,27,15,12,富邦-高雄,2023-12-28,9659
2399,映泰,13,1,12,富邦-高雄,2023-12-28,9659
00864B,中信美國公債0-1,12,0,12,富邦-高雄,2023-12-28,9659
3630,新鉅科,12,0,12,富邦-高雄,2023-12-28,9659
00907,永豐優息存股,12,0,12,富邦-高雄,2023-12-28,9659
00937B,群益ESG投等債20,603,0,603,富邦-高雄,2023-12-29,9659
2515,中工,176,16,160,富邦-高雄,2023-12-29,9659
3231,緯創,295,155,140,富邦-高雄,2023-12-29,9659
00919,群益台灣精選高息,119,33,86,富邦-高雄,2023-12-29,9659
3338,泰碩,74,2,72,富邦-高雄,2023-12-29,9659
00632R,元大台灣50反1,71,0,71,富邦-高雄,2023-12-29,9659
00885,富邦越南,91,23,68,富邦-高雄,2023-12-29,9659
00929,復華台灣科技優息,93,31,62,富邦-高雄,2023-12-29,9659
00712,復華富時不動產,59,0,59,富邦-高雄,2023-12-29,9659
00642U,期元大S＆P石油,58,2,56,富邦-高雄,2023-12-29,9659
8936,國統,59,4,55,富邦-高雄,2023-12-29,9659
00715L,期街口布蘭特正2,55,0,55,富邦-高雄,2023-12-29,9659
2618,長榮航,109,57,52,富邦-高雄,2023-12-29,9659
2331,精英,91,46,45,富邦-高雄,2023-12-29,9659
00933B,國泰10Y+金融債,78,36,42,富邦-高雄,2023-12-29,9659
0056,元大高股息,72,31,41,富邦-高雄,2023-12-29,9659
00931B,統一美債20年,37,0,37,富邦-高雄,2023-12-29,9659
2344,華邦電,123,89,34,富邦-高雄,2023-12-29,9659
6125,廣運,77,47,30,富邦-高雄,2023-12-29,9659
3260,威剛,69,39,30,富邦-高雄,2023-12-29,9659
5521,工信,59,32,27,富邦-高雄,2023-12-29,9659
2506,太設,55,30,25,富邦-高雄,2023-12-29,9659
1503,士電,116,92,24,富邦-高雄,2023-12-29,9659
8096,擎亞,134,110,24,富邦-高雄,2023-12-29,9659
2362,藍天,42,18,24,富邦-高雄,2023-12-29,9659
3169,亞信,25,2,23,富邦-高雄,2023-12-29,9659
3006,晶豪科,46,24,22,富邦-高雄,2023-12-29,9659
00680L,元大美債20正2,22,0,22,富邦-高雄,2023-12-29,9659
6689,伊雲谷,26,4,22,富邦-高雄,2023-12-29,9659
00633L,富邦上証正2,21,0,21,富邦-高雄,2023-12-29,9659
1513,中興電,23,3,20,富邦-高雄,2023-12-29,9659
00679B,元大美債20年,27,6,21,富邦-高雄,2023-12-29,9659
6170,統振,20,0,20,富邦-高雄,2023-12-29,9659
2845,遠東銀,25,6,19,富邦-高雄,2023-12-29,9659
5512,力麒,20,1,19,富邦-高雄,2023-12-29,9659
3105,穩懋,17,0,17,富邦-高雄,2023-12-29,9659
00934,中信成長高股息,17,1,16,富邦-高雄,2023-12-29,9659
00935,野村臺灣新科技50,19,3,16,富邦-高雄,2023-12-29,9659
2516,新建,16,0,16,富邦-高雄,2023-12-29,9659
2412,中華電,30,14,16,富邦-高雄,2023-12-29,9659
3189,景碩,17,2,15,富邦-高雄,2023-12-29,9659
4960,誠美材,15,0,15,富邦-高雄,2023-12-29,9659
00720B,元大投資級公司債,14,0,14,富邦-高雄,2023-12-29,9659
00687B,國泰20年美債,19,6,13,富邦-高雄,2023-12-29,9659
2891,中信金,14,1,13,富邦-高雄,2023-12-29,9659
00882,中信中國高股息,22,9,13,富邦-高雄,2023-12-29,9659
5469,瀚宇博,13,1,12,富邦-高雄,2023-12-29,9659
3211,順達,12,0,12,富邦-高雄,2023-12-29,9659
9945,潤泰新,15,3,12,富邦-高雄,2023-12-29,9659
00688L,國泰20年美債正2,13,2,11,富邦-高雄,2023-12-29,9659
00680L,元大美債20正2,623,100,523,富邦-高雄,2024-01-02,9659
00937B,群益ESG投等債20,356,10,346,富邦-高雄,2024-01-02,9659
2486,一詮,481,168,313,富邦-高雄,2024-01-02,9659
1815,富喬,217,0,217,富邦-高雄,2024-01-02,9659
00688L,國泰20年美債正2,133,1,132,富邦-高雄,2024-01-02,9659
2891,中信金,124,2,122,富邦-高雄,2024-01-02,9659
6695,芯鼎,155,33,122,富邦-高雄,2024-01-02,9659
00687B,國泰20年美債,96,3,93,富邦-高雄,2024-01-02,9659
00878,國泰永續高股息,108,16,92,富邦-高雄,2024-01-02,9659
5521,工信,681,597,84,富邦-高雄,2024-01-02,9659
00882,中信中國高股息,87,11,76,富邦-高雄,2024-01-02,9659
2867,三商壽,90,16,74,富邦-高雄,2024-01-02,9659
00650L,復華香港正2,60,0,60,富邦-高雄,2024-01-02,9659
00679B,元大美債20年,67,8,59,富邦-高雄,2024-01-02,9659
2303,聯電,87,32,55,富邦-高雄,2024-01-02,9659
2892,第一金,52,0,52,富邦-高雄,2024-01-02,9659
00633L,富邦上証正2,50,0,50,富邦-高雄,2024-01-02,9659
6462,神盾,56,6,50,富邦-高雄,2024-01-02,9659
5258,虹堡,50,1,49,富邦-高雄,2024-01-02,9659
2208,台船,45,0,45,富邦-高雄,2024-01-02,9659
3481,群創,63,18,45,富邦-高雄,2024-01-02,9659
00919,群益台灣精選高息,84,40,44,富邦-高雄,2024-01-02,9659
9105,泰金寶-DR,40,0,40,富邦-高雄,2024-01-02,9659
6689,伊雲谷,45,7,38,富邦-高雄,2024-01-02,9659
6223,旺矽,59,21,38,富邦-高雄,2024-01-02,9659
6275,元山,79,45,34,富邦-高雄,2024-01-02,9659
00637L,元大滬深300正2,30,0,30,富邦-高雄,2024-01-02,9659
2603,長榮,258,228,30,富邦-高雄,2024-01-02,9659
2609,陽明,133,103,30,富邦-高雄,2024-01-02,9659
00725B,國泰投資級公司債,27,0,27,富邦-高雄,2024-01-02,9659
00722B,群益投資級電信債,25,0,25,富邦-高雄,2024-01-02,9659
00918,大華優利高填息30,34,9,25,富邦-高雄,2024-01-02,9659
00720B,元大投資級公司債,25,1,24,富邦-高雄,2024-01-02,9659
3260,威剛,24,0,24,富邦-高雄,2024-01-02,9659
3217,優群,24,2,22,富邦-高雄,2024-01-02,9659
1904,正隆,22,0,22,富邦-高雄,2024-01-02,9659
2890,永豐金,22,0,22,富邦-高雄,2024-01-02,9659
00915,凱基優選高股息30,21,0,21,富邦-高雄,2024-01-02,9659
8443,阿瘦,20,0,20,富邦-高雄,2024-01-02,9659
5328,華容,21,1,20,富邦-高雄,2024-01-02,9659
00931B,統一美債20年,22,5,17,富邦-高雄,2024-01-02,9659
6282,康舒,17,0,17,富邦-高雄,2024-01-02,9659
2356,英業達,55,38,17,富邦-高雄,2024-01-02,9659
2027,大成鋼,26,10,16,富邦-高雄,2024-01-02,9659
2399,映泰,15,0,15,富邦-高雄,2024-01-02,9659
00935,野村臺灣新科技50,14,0,14,富邦-高雄,2024-01-02,9659
00772B,中信高評級公司債,14,0,14,富邦-高雄,2024-01-02,9659
8227,巨有科技,14,0,14,富邦-高雄,2024-01-02,9659
00933B,國泰10Y+金融債,23,9,14,富邦-高雄,2024-01-02,9659
5014,建錩,12,0,12,富邦-高雄,2024-01-02,9659
00937B,群益ESG投等債20,551,44,507,富邦-高雄,2024-01-03,9659
00680L,元大美債20正2,388,60,328,富邦-高雄,2024-01-03,9659
5521,工信,294,70,224,富邦-高雄,2024-01-03,9659
2331,精英,505,283,222,富邦-高雄,2024-01-03,9659
2362,藍天,252,51,201,富邦-高雄,2024-01-03,9659
00929,復華台灣科技優息,307,121,186,富邦-高雄,2024-01-03,9659
00679B,元大美債20年,166,14,152,富邦-高雄,2024-01-03,9659
00878,國泰永續高股息,171,20,151,富邦-高雄,2024-01-03,9659
00919,群益台灣精選高息,222,73,149,富邦-高雄,2024-01-03,9659
2609,陽明,226,85,141,富邦-高雄,2024-01-03,9659
0056,元大高股息,146,25,121,富邦-高雄,2024-01-03,9659
3046,建��,119,4,115,富邦-高雄,2024-01-03,9659
00882,中信中國高股息,114,2,112,富邦-高雄,2024-01-03,9659
2405,輔信,117,9,108,富邦-高雄,2024-01-03,9659
00715L,期街口布蘭特正2,96,0,96,富邦-高雄,2024-01-03,9659
2303,聯電,93,4,89,富邦-高雄,2024-01-03,9659
9105,泰金寶-DR,126,50,76,富邦-高雄,2024-01-03,9659
2352,佳世達,78,14,64,富邦-高雄,2024-01-03,9659
2610,華航,60,5,55,富邦-高雄,2024-01-03,9659
2867,三商壽,54,0,54,富邦-高雄,2024-01-03,9659
2412,中華電,80,27,53,富邦-高雄,2024-01-03,9659
2881,富邦金,62,10,52,富邦-高雄,2024-01-03,9659
3260,威剛,54,4,50,富邦-高雄,2024-01-03,9659
00927,群益半導體收益,49,1,48,富邦-高雄,2024-01-03,9659
2330,台積電,51,4,47,富邦-高雄,2024-01-03,9659
6140,訊達,75,28,47,富邦-高雄,2024-01-03,9659
2618,長榮航,107,64,43,富邦-高雄,2024-01-03,9659
00918,大華優利高填息30,46,4,42,富邦-高雄,2024-01-03,9659
2376,技嘉,48,7,41,富邦-高雄,2024-01-03,9659
2208,台船,51,10,41,富邦-高雄,2024-01-03,9659
3481,群創,47,11,36,富邦-高雄,2024-01-03,9659
1301,台塑,35,1,34,富邦-高雄,2024-01-03,9659
00688L,國泰20年美債正2,34,0,34,富邦-高雄,2024-01-03,9659
1609,大亞,45,12,33,富邦-高雄,2024-01-03,9659
2834,臺企銀,37,4,33,富邦-高雄,2024-01-03,9659
6182,合晶,32,3,29,富邦-高雄,2024-01-03,9659
8227,巨有科技,31,3,28,富邦-高雄,2024-01-03,9659
2882,國泰金,90,63,27,富邦-高雄,2024-01-03,9659
8096,擎亞,48,21,27,富邦-高雄,2024-01-03,9659
00642U,期元大S＆P石油,26,0,26,富邦-高雄,2024-01-03,9659
00933B,國泰10Y+金融債,26,0,26,富邦-高雄,2024-01-03,9659
00935,野村臺灣新科技50,31,6,25,富邦-高雄,2024-01-03,9659
2409,友達,28,4,24,富邦-高雄,2024-01-03,9659
3711,日月光投控,25,2,23,富邦-高雄,2024-01-03,9659
3006,晶豪科,32,9,23,富邦-高雄,2024-01-03,9659
2889,國票金,30,8,22,富邦-高雄,2024-01-03,9659
2102,泰豐,22,1,21,富邦-高雄,2024-01-03,9659
00881,國泰台灣5G+,21,0,21,富邦-高雄,2024-01-03,9659
1504,東元,21,1,20,富邦-高雄,2024-01-03,9659
2323,中環,20,0,20,富邦-高雄,2024-01-03,9659
00937B,群益ESG投等債20,453,6,447,富邦-高雄,2024-01-04,9659
2609,陽明,905,602,303,富邦-高雄,2024-01-04,9659
00929,復華台灣科技優息,336,65,271,富邦-高雄,2024-01-04,9659
2486,一詮,205,25,180,富邦-高雄,2024-01-04,9659
2412,中華電,140,17,123,富邦-高雄,2024-01-04,9659
00680L,元大美債20正2,104,0,104,富邦-高雄,2024-01-04,9659
2605,新興,140,36,104,富邦-高雄,2024-01-04,9659
5223,安力-KY,82,0,82,富邦-高雄,2024-01-04,9659
00720B,元大投資級公司債,85,24,61,富邦-高雄,2024-01-04,9659
00927,群益半導體收益,56,0,56,富邦-高雄,2024-01-04,9659
00770,國泰北美科技,60,5,55,富邦-高雄,2024-01-04,9659
6257,矽格,50,1,49,富邦-高雄,2024-01-04,9659
00687B,國泰20年美債,53,5,48,富邦-高雄,2024-01-04,9659
2607,榮運,71,27,44,富邦-高雄,2024-01-04,9659
2881,富邦金,47,4,43,富邦-高雄,2024-01-04,9659
00882,中信中國高股息,41,0,41,富邦-高雄,2024-01-04,9659
2892,第一金,52,12,40,富邦-高雄,2024-01-04,9659
2617,台航,40,3,37,富邦-高雄,2024-01-04,9659
00725B,國泰投資級公司債,35,0,35,富邦-高雄,2024-01-04,9659
5258,虹堡,33,1,32,富邦-高雄,2024-01-04,9659
2492,華新科,38,8,30,富邦-高雄,2024-01-04,9659
1603,華電,30,0,30,富邦-高雄,2024-01-04,9659
00904,新光臺灣半導體30,30,0,30,富邦-高雄,2024-01-04,9659
00931B,統一美債20年,36,6,30,富邦-高雄,2024-01-04,9659
1609,大亞,35,6,29,富邦-高雄,2024-01-04,9659
3522,御嵿,30,2,28,富邦-高雄,2024-01-04,9659
00633L,富邦上証正2,27,0,27,富邦-高雄,2024-01-04,9659
2615,萬海,101,74,27,富邦-高雄,2024-01-04,9659
00751B,元大AAA至A公司債,29,3,26,富邦-高雄,2024-01-04,9659
8086,宏捷科,33,7,26,富邦-高雄,2024-01-04,9659
3105,穩懋,26,0,26,富邦-高雄,2024-01-04,9659
2538,基泰,25,0,25,富邦-高雄,2024-01-04,9659
2409,友達,34,10,24,富邦-高雄,2024-01-04,9659
1513,中興電,28,7,21,富邦-高雄,2024-01-04,9659
1514,亞力,32,10,22,富邦-高雄,2024-01-04,9659
2867,三商壽,35,14,21,富邦-高雄,2024-01-04,9659
00881,國泰台灣5G+,23,2,21,富邦-高雄,2024-01-04,9659
8422,可寧衛,20,0,20,富邦-高雄,2024-01-04,9659
8046,南電,25,5,20,富邦-高雄,2024-01-04,9659
2636,台驊控股,34,14,20,富邦-高雄,2024-01-04,9659
6275,元山,20,0,20,富邦-高雄,2024-01-04,9659
8039,台虹,20,1,19,富邦-高雄,2024-01-04,9659
00688L,國泰20年美債正2,18,0,18,富邦-高雄,2024-01-04,9659
2449,京元電子,17,0,17,富邦-高雄,2024-01-04,9659
2498,宏達電,38,21,17,富邦-高雄,2024-01-04,9659
6120,達運,29,12,17,富邦-高雄,2024-01-04,9659
00893,國泰智能電動車,17,0,17,富邦-高雄,2024-01-04,9659
2009,第一銅,30,13,17,富邦-高雄,2024-01-04,9659
3081,聯亞,16,0,16,富邦-高雄,2024-01-04,9659
2102,泰豐,18,2,16,富邦-高雄,2024-01-04,9659
00937B,群益ESG投等債20,275,0,275,富邦-高雄,2024-01-05,9659
00929,復華台灣科技優息,271,5,266,富邦-高雄,2024-01-05,9659
00680L,元大美債20正2,346,137,209,富邦-高雄,2024-01-05,9659
2352,佳世達,177,42,135,富邦-高雄,2024-01-05,9659
2610,華航,148,19,129,富邦-高雄,2024-01-05,9659
2630,亞航,96,1,95,富邦-高雄,2024-01-05,9659
00725B,國泰投資級公司債,92,0,92,富邦-高雄,2024-01-05,9659
00687B,國泰20年美債,89,0,89,富邦-高雄,2024-01-05,9659
3545,敦泰,86,1,85,富邦-高雄,2024-01-05,9659
00679B,元大美債20年,103,19,84,富邦-高雄,2024-01-05,9659
00706L,期元大S＆P日圓正2,82,0,82,富邦-高雄,2024-01-05,9659
00882,中信中國高股息,84,5,79,富邦-高雄,2024-01-05,9659
00720B,元大投資級公司債,79,0,79,富邦-高雄,2024-01-05,9659
00919,群益台灣精選高息,105,29,76,富邦-高雄,2024-01-05,9659
00688L,國泰20年美債正2,65,0,65,富邦-高雄,2024-01-05,9659
00878,國泰永續高股息,85,22,63,富邦-高雄,2024-01-05,9659
00770,國泰北美科技,56,0,56,富邦-高雄,2024-01-05,9659
2543,皇昌,54,0,54,富邦-高雄,2024-01-05,9659
00881,國泰台灣5G+,50,0,50,富邦-高雄,2024-01-05,9659
2515,中工,53,3,50,富邦-高雄,2024-01-05,9659
6257,矽格,50,2,48,富邦-高雄,2024-01-05,9659
2303,聯電,110,67,43,富邦-高雄,2024-01-05,9659
2405,輔信,42,0,42,富邦-高雄,2024-01-05,9659
2356,英業達,117,76,41,富邦-高雄,2024-01-05,9659
2353,宏��,87,48,39,富邦-高雄,2024-01-05,9659
2615,萬海,45,10,35,富邦-高雄,2024-01-05,9659
2881,富邦金,30,2,28,富邦-高雄,2024-01-05,9659
2344,華邦電,46,19,27,富邦-高雄,2024-01-05,9659
8096,擎亞,117,91,26,富邦-高雄,2024-01-05,9659
2867,三商壽,54,29,25,富邦-高雄,2024-01-05,9659
00933B,國泰10Y+金融債,29,5,24,富邦-高雄,2024-01-05,9659
6161,捷波,25,2,23,富邦-高雄,2024-01-05,9659
00927,群益半導體收益,22,0,22,富邦-高雄,2024-01-05,9659
2889,國票金,21,0,21,富邦-高雄,2024-01-05,9659
3522,御嵿,20,0,20,富邦-高雄,2024-01-05,9659
00753L,中信中國50正2,20,0,20,富邦-高雄,2024-01-05,9659
3231,緯創,51,31,20,富邦-高雄,2024-01-05,9659
5483,中美晶,23,4,19,富邦-高雄,2024-01-05,9659
9945,潤泰新,19,0,19,富邦-高雄,2024-01-05,9659
5009,榮剛,18,0,18,富邦-高雄,2024-01-05,9659
6290,良維,19,1,18,富邦-高雄,2024-01-05,9659
00712,復華富時不動產,98,80,18,富邦-高雄,2024-01-05,9659
2208,台船,19,3,16,富邦-高雄,2024-01-05,9659
6690,安�硌穈T,24,8,16,富邦-高雄,2024-01-05,9659
3706,神達,16,1,15,富邦-高雄,2024-01-05,9659
00893,國泰智能電動車,15,0,15,富邦-高雄,2024-01-05,9659
2313,華通,18,5,13,富邦-高雄,2024-01-05,9659
9105,泰金寶-DR,15,2,13,富邦-高雄,2024-01-05,9659
2633,台灣高鐵,19,7,12,富邦-高雄,2024-01-05,9659
0056,元大高股息,45,32,13,富邦-高雄,2024-01-05,9659
00679B,元大美債20年,704,18,686,富邦-高雄,2024-01-08,9659
00680L,元大美債20正2,446,37,409,富邦-高雄,2024-01-08,9659
00937B,群益ESG投等債20,178,3,175,富邦-高雄,2024-01-08,9659
00753L,中信中國50正2,211,60,151,富邦-高雄,2024-01-08,9659
2610,華航,137,16,121,富邦-高雄,2024-01-08,9659
00637L,元大滬深300正2,131,31,100,富邦-高雄,2024-01-08,9659
00919,群益台灣精選高息,100,8,92,富邦-高雄,2024-01-08,9659
00929,復華台灣科技優息,262,169,93,富邦-高雄,2024-01-08,9659
2353,宏��,232,145,87,富邦-高雄,2024-01-08,9659
00904,新光臺灣半導體30,54,0,54,富邦-高雄,2024-01-08,9659
4968,立積,77,26,51,富邦-高雄,2024-01-08,9659
2303,聯電,58,8,50,富邦-高雄,2024-01-08,9659
00720B,元大投資級公司債,51,2,49,富邦-高雄,2024-01-08,9659
00725B,國泰投資級公司債,41,0,41,富邦-高雄,2024-01-08,9659
4735,豪展,40,0,40,富邦-高雄,2024-01-08,9659
8163,達方,31,0,31,富邦-高雄,2024-01-08,9659
00687B,國泰20年美債,83,53,30,富邦-高雄,2024-01-08,9659
8215,明基材,30,0,30,富邦-高雄,2024-01-08,9659
2388,威盛,58,30,28,富邦-高雄,2024-01-08,9659
00882,中信中國高股息,30,3,27,富邦-高雄,2024-01-08,9659
2317,鴻海,35,8,27,富邦-高雄,2024-01-08,9659
00931B,統一美債20年,31,6,25,富邦-高雄,2024-01-08,9659
2034,允強,25,0,25,富邦-高雄,2024-01-08,9659
2486,一詮,56,34,22,富邦-高雄,2024-01-08,9659
00927,群益半導體收益,21,0,21,富邦-高雄,2024-01-08,9659
00934,中信成長高股息,21,0,21,富邦-高雄,2024-01-08,9659
2449,京元電子,21,1,20,富邦-高雄,2024-01-08,9659
00915,凱基優選高股息30,20,0,20,富邦-高雄,2024-01-08,9659
2618,長榮航,62,43,19,富邦-高雄,2024-01-08,9659
1720,生達,18,0,18,富邦-高雄,2024-01-08,9659
2537,聯上發,20,2,18,富邦-高雄,2024-01-08,9659
3714,富采,18,0,18,富邦-高雄,2024-01-08,9659
00770,國泰北美科技,17,0,17,富邦-高雄,2024-01-08,9659
2605,新興,21,4,17,富邦-高雄,2024-01-08,9659
00696B,富邦美債20年,16,0,16,富邦-高雄,2024-01-08,9659
1445,大宇,16,0,16,富邦-高雄,2024-01-08,9659
2356,英業達,24,8,16,富邦-高雄,2024-01-08,9659
00665L,富邦�琤肭磪囓�2,16,0,16,富邦-高雄,2024-01-08,9659
3390,旭軟,34,18,16,富邦-高雄,2024-01-08,9659
00893,國泰智能電動車,16,0,16,富邦-高雄,2024-01-08,9659
1721,三晃,21,5,16,富邦-高雄,2024-01-08,9659
8105,凌巨,24,9,15,富邦-高雄,2024-01-08,9659
6695,芯鼎,35,20,15,富邦-高雄,2024-01-08,9659
3522,御嵿,15,0,15,富邦-高雄,2024-01-08,9659
3548,兆利,18,4,14,富邦-高雄,2024-01-08,9659
3231,緯創,65,52,13,富邦-高雄,2024-01-08,9659
4113,聯上,13,0,13,富邦-高雄,2024-01-08,9659
6684,安格,17,4,13,富邦-高雄,2024-01-08,9659
2489,瑞軒,21,9,12,富邦-高雄,2024-01-08,9659
2002,中鋼,20,8,12,富邦-高雄,2024-01-08,9659
2489,瑞軒,301,0,301,富邦-高雄,2024-01-09,9659
00919,群益台灣精選高息,289,62,227,富邦-高雄,2024-01-09,9659
4956,光鋐,267,62,205,富邦-高雄,2024-01-09,9659
3231,緯創,250,104,146,富邦-高雄,2024-01-09,9659
2481,強茂,102,0,102,富邦-高雄,2024-01-09,9659
4533,協易機,114,18,96,富邦-高雄,2024-01-09,9659
2609,陽明,272,194,78,富邦-高雄,2024-01-09,9659
2610,華航,82,10,72,富邦-高雄,2024-01-09,9659
00877,復華中國5G,50,0,50,富邦-高雄,2024-01-09,9659
6770,力積電,60,12,48,富邦-高雄,2024-01-09,9659
2014,中鴻,46,2,44,富邦-高雄,2024-01-09,9659
00882,中信中國高股息,45,2,43,富邦-高雄,2024-01-09,9659
4702,中美實,41,1,40,富邦-高雄,2024-01-09,9659
8477,創業家,40,2,38,富邦-高雄,2024-01-09,9659
00891,中信關鍵半導體,39,2,37,富邦-高雄,2024-01-09,9659
2353,宏��,262,225,37,富邦-高雄,2024-01-09,9659
2324,仁寶,62,25,37,富邦-高雄,2024-01-09,9659
2356,英業達,63,27,36,富邦-高雄,2024-01-09,9659
00937B,群益ESG投等債20,35,0,35,富邦-高雄,2024-01-09,9659
2002,中鋼,36,3,33,富邦-高雄,2024-01-09,9659
8227,巨有科技,66,33,33,富邦-高雄,2024-01-09,9659
4909,新復興,49,18,31,富邦-高雄,2024-01-09,9659
2017,官田鋼,51,20,31,富邦-高雄,2024-01-09,9659
6170,統振,31,0,31,富邦-高雄,2024-01-09,9659
3055,蔚華科,35,4,31,富邦-高雄,2024-01-09,9659
2867,三商壽,31,0,31,富邦-高雄,2024-01-09,9659
2308,台達電,30,0,30,富邦-高雄,2024-01-09,9659
3708,上緯投控,30,0,30,富邦-高雄,2024-01-09,9659
00637L,元大滬深300正2,30,0,30,富邦-高雄,2024-01-09,9659
00725B,國泰投資級公司債,28,0,28,富邦-高雄,2024-01-09,9659
5309,系統電,35,7,28,富邦-高雄,2024-01-09,9659
3260,威剛,26,0,26,富邦-高雄,2024-01-09,9659
3354,律勝,43,17,26,富邦-高雄,2024-01-09,9659
6117,迎廣,79,53,26,富邦-高雄,2024-01-09,9659
1301,台塑,26,0,26,富邦-高雄,2024-01-09,9659
2882,國泰金,25,0,25,富邦-高雄,2024-01-09,9659
2891,中信金,25,0,25,富邦-高雄,2024-01-09,9659
2374,佳能,25,0,25,富邦-高雄,2024-01-09,9659
8111,立��,54,29,25,富邦-高雄,2024-01-09,9659
2881,富邦金,28,4,24,富邦-高雄,2024-01-09,9659
00929,復華台灣科技優息,121,99,22,富邦-高雄,2024-01-09,9659
00885,富邦越南,24,3,21,富邦-高雄,2024-01-09,9659
1732,毛寶,21,0,21,富邦-高雄,2024-01-09,9659
6116,彩晶,31,10,21,富邦-高雄,2024-01-09,9659
2461,光群雷,21,1,20,富邦-高雄,2024-01-09,9659
1308,亞聚,20,0,20,富邦-高雄,2024-01-09,9659
00918,大華優利高填息30,30,11,19,富邦-高雄,2024-01-09,9659
8039,台虹,31,12,19,富邦-高雄,2024-01-09,9659
3346,麗清,21,3,18,富邦-高雄,2024-01-09,9659
2641,正德,19,1,18,富邦-高雄,2024-01-09,9659
00679B,元大美債20年,645,0,645,富邦-高雄,2024-01-10,9659
2303,聯電,273,33,240,富邦-高雄,2024-01-10,9659
00937B,群益ESG投等債20,240,1,239,富邦-高雄,2024-01-10,9659
00688L,國泰20年美債正2,211,0,211,富邦-高雄,2024-01-10,9659
3231,緯創,227,51,176,富邦-高雄,2024-01-10,9659
6164,華興,131,19,112,富邦-高雄,2024-01-10,9659
00720B,元大投資級公司債,116,5,111,富邦-高雄,2024-01-10,9659
00929,復華台灣科技優息,212,118,94,富邦-高雄,2024-01-10,9659
00877,復華中國5G,93,0,93,富邦-高雄,2024-01-10,9659
00753L,中信中國50正2,71,0,71,富邦-高雄,2024-01-10,9659
2362,藍天,115,52,63,富邦-高雄,2024-01-10,9659
8089,康全電訊,69,6,63,富邦-高雄,2024-01-10,9659
00919,群益台灣精選高息,113,52,61,富邦-高雄,2024-01-10,9659
00904,新光臺灣半導體30,52,0,52,富邦-高雄,2024-01-10,9659
1304,台聚,51,0,51,富邦-高雄,2024-01-10,9659
1308,亞聚,50,0,50,富邦-高雄,2024-01-10,9659
1305,華夏,50,0,50,富邦-高雄,2024-01-10,9659
00878,國泰永續高股息,53,3,50,富邦-高雄,2024-01-10,9659
2332,友訊,48,0,48,富邦-高雄,2024-01-10,9659
2301,光寶科,45,1,44,富邦-高雄,2024-01-10,9659
2888,新光金,39,0,39,富邦-高雄,2024-01-10,9659
2352,佳世達,51,15,36,富邦-高雄,2024-01-10,9659
2312,金寶,36,1,35,富邦-高雄,2024-01-10,9659
2014,中鴻,35,2,33,富邦-高雄,2024-01-10,9659
2609,陽明,226,194,32,富邦-高雄,2024-01-10,9659
912000,晨訊科-DR,30,0,30,富邦-高雄,2024-01-10,9659
2618,長榮航,51,21,30,富邦-高雄,2024-01-10,9659
6163,華電網,106,78,28,富邦-高雄,2024-01-10,9659
00882,中信中國高股息,27,0,27,富邦-高雄,2024-01-10,9659
2481,強茂,28,1,27,富邦-高雄,2024-01-10,9659
2460,建通,28,2,26,富邦-高雄,2024-01-10,9659
2812,台中銀,30,4,26,富邦-高雄,2024-01-10,9659
1301,台塑,25,0,25,富邦-高雄,2024-01-10,9659
00918,大華優利高填息30,26,1,25,富邦-高雄,2024-01-10,9659
6485,點序,26,1,25,富邦-高雄,2024-01-10,9659
6683,雍智科技,25,1,24,富邦-高雄,2024-01-10,9659
2308,台達電,24,0,24,富邦-高雄,2024-01-10,9659
00768B,復華20年美債,23,0,23,富邦-高雄,2024-01-10,9659
2610,華航,26,4,22,富邦-高雄,2024-01-10,9659
6770,力積電,51,29,22,富邦-高雄,2024-01-10,9659
00858,永豐美國500大,22,0,22,富邦-高雄,2024-01-10,9659
2442,新美齊,26,4,22,富邦-高雄,2024-01-10,9659
9105,泰金寶-DR,21,0,21,富邦-高雄,2024-01-10,9659
2471,資通,20,0,20,富邦-高雄,2024-01-10,9659
8163,達方,20,0,20,富邦-高雄,2024-01-10,9659
1718,中纖,20,0,20,富邦-高雄,2024-01-10,9659
4167,松瑞藥,30,10,20,富邦-高雄,2024-01-10,9659
6138,茂達,22,3,19,富邦-高雄,2024-01-10,9659
2317,鴻海,23,4,19,富邦-高雄,2024-01-10,9659
2002,中鋼,20,3,17,富邦-高雄,2024-01-10,9659
3231,緯創,367,116,251,富邦-高雄,2024-01-11,9659
2427,三商電,155,4,151,富邦-高雄,2024-01-11,9659
00688L,國泰20年美債正2,120,1,119,富邦-高雄,2024-01-11,9659
2399,映泰,108,3,105,富邦-高雄,2024-01-11,9659
00885,富邦越南,102,0,102,富邦-高雄,2024-01-11,9659
00650L,復華香港正2,100,0,100,富邦-高雄,2024-01-11,9659
00679B,元大美債20年,93,0,93,富邦-高雄,2024-01-11,9659
00937B,群益ESG投等債20,98,7,91,富邦-高雄,2024-01-11,9659
00929,復華台灣科技優息,132,61,71,富邦-高雄,2024-01-11,9659
2449,京元電子,81,15,66,富邦-高雄,2024-01-11,9659
1301,台塑,82,17,65,富邦-高雄,2024-01-11,9659
2353,宏��,76,17,59,富邦-高雄,2024-01-11,9659
00637L,元大滬深300正2,56,0,56,富邦-高雄,2024-01-11,9659
2208,台船,53,0,53,富邦-高雄,2024-01-11,9659
00933B,國泰10Y+金融債,45,0,45,富邦-高雄,2024-01-11,9659
5009,榮剛,41,2,39,富邦-高雄,2024-01-11,9659
2888,新光金,40,4,36,富邦-高雄,2024-01-11,9659
2867,三商壽,40,6,34,富邦-高雄,2024-01-11,9659
3532,台勝科,33,0,33,富邦-高雄,2024-01-11,9659
1309,台達化,30,0,30,富邦-高雄,2024-01-11,9659
00715L,期街口布蘭特正2,30,0,30,富邦-高雄,2024-01-11,9659
6698,旭暉應材,29,0,29,富邦-高雄,2024-01-11,9659
2367,燿華,25,0,25,富邦-高雄,2024-01-11,9659
2897,王道銀行,24,0,24,富邦-高雄,2024-01-11,9659
0056,元大高股息,30,7,23,富邦-高雄,2024-01-11,9659
2337,旺宏,26,3,23,富邦-高雄,2024-01-11,9659
6005,群益證,21,0,21,富邦-高雄,2024-01-11,9659
2428,興勤,21,0,21,富邦-高雄,2024-01-11,9659
00764B,群益25年美債,21,0,21,富邦-高雄,2024-01-11,9659
00927,群益半導體收益,19,0,19,富邦-高雄,2024-01-11,9659
2609,陽明,43,24,19,富邦-高雄,2024-01-11,9659
6239,力成,18,0,18,富邦-高雄,2024-01-11,9659
00725B,國泰投資級公司債,20,3,17,富邦-高雄,2024-01-11,9659
2352,佳世達,22,5,17,富邦-高雄,2024-01-11,9659
6120,達運,75,59,16,富邦-高雄,2024-01-11,9659
4533,協易機,19,3,16,富邦-高雄,2024-01-11,9659
3055,蔚華科,24,8,16,富邦-高雄,2024-01-11,9659
6282,康舒,23,7,16,富邦-高雄,2024-01-11,9659
1584,精剛,15,0,15,富邦-高雄,2024-01-11,9659
2312,金寶,15,0,15,富邦-高雄,2024-01-11,9659
2329,華泰,62,48,14,富邦-高雄,2024-01-11,9659
1303,南亞,14,0,14,富邦-高雄,2024-01-11,9659
3499,環天科,15,1,14,富邦-高雄,2024-01-11,9659
2421,建準,20,7,13,富邦-高雄,2024-01-11,9659
00712,復華富時不動產,21,8,13,富邦-高雄,2024-01-11,9659
00878,國泰永續高股息,65,52,13,富邦-高雄,2024-01-11,9659
2498,宏達電,26,13,13,富邦-高雄,2024-01-11,9659
2308,台達電,13,1,12,富邦-高雄,2024-01-11,9659
00706L,期元大S＆P日圓正2,12,0,12,富邦-高雄,2024-01-11,9659
2610,華航,27,15,12,富邦-高雄,2024-01-11,9659
2887,台新金,591,30,561,富邦-高雄,2024-01-12,9659
00937B,群益ESG投等債20,474,0,474,富邦-高雄,2024-01-12,9659
00687B,國泰20年美債,439,15,424,富邦-高雄,2024-01-12,9659
3231,緯創,516,140,376,富邦-高雄,2024-01-12,9659
00929,復華台灣科技優息,357,6,351,富邦-高雄,2024-01-12,9659
00679B,元大美債20年,316,0,316,富邦-高雄,2024-01-12,9659
2801,彰銀,101,1,100,富邦-高雄,2024-01-12,9659
1316,上曜,100,0,100,富邦-高雄,2024-01-12,9659
00927,群益半導體收益,96,0,96,富邦-高雄,2024-01-12,9659
2618,長榮航,115,27,88,富邦-高雄,2024-01-12,9659
00919,群益台灣精選高息,91,12,79,富邦-高雄,2024-01-12,9659
00637L,元大滬深300正2,77,10,67,富邦-高雄,2024-01-12,9659
2362,藍天,67,13,54,富邦-高雄,2024-01-12,9659
00877,復華中國5G,50,0,50,富邦-高雄,2024-01-12,9659
8176,智捷,50,0,50,富邦-高雄,2024-01-12,9659
2352,佳世達,45,3,42,富邦-高雄,2024-01-12,9659
0056,元大高股息,96,56,40,富邦-高雄,2024-01-12,9659
2382,廣達,94,55,39,富邦-高雄,2024-01-12,9659
2506,太設,38,0,38,富邦-高雄,2024-01-12,9659
2449,京元電子,112,77,35,富邦-高雄,2024-01-12,9659
2882,國泰金,35,1,34,富邦-高雄,2024-01-12,9659
1584,精剛,35,2,33,富邦-高雄,2024-01-12,9659
2371,大同,48,15,33,富邦-高雄,2024-01-12,9659
00935,野村臺灣新科技50,32,0,32,富邦-高雄,2024-01-12,9659
2890,永豐金,32,2,30,富邦-高雄,2024-01-12,9659
4552,力達-KY,30,0,30,富邦-高雄,2024-01-12,9659
2891,中信金,37,8,29,富邦-高雄,2024-01-12,9659
3032,偉訓,33,4,29,富邦-高雄,2024-01-12,9659
00933B,國泰10Y+金融債,27,0,27,富邦-高雄,2024-01-12,9659
3287,廣寰科,38,16,22,富邦-高雄,2024-01-12,9659
3025,星通,35,15,20,富邦-高雄,2024-01-12,9659
2017,官田鋼,20,0,20,富邦-高雄,2024-01-12,9659
1309,台達化,20,0,20,富邦-高雄,2024-01-12,9659
5512,力麒,20,0,20,富邦-高雄,2024-01-12,9659
5328,華容,20,1,19,富邦-高雄,2024-01-12,9659
1301,台塑,19,1,18,富邦-高雄,2024-01-12,9659
6485,點序,16,0,16,富邦-高雄,2024-01-12,9659
2365,昆盈,17,2,15,富邦-高雄,2024-01-12,9659
00878,國泰永續高股息,47,33,14,富邦-高雄,2024-01-12,9659
2883,凱基金,21,8,13,富邦-高雄,2024-01-12,9659
00932,兆豐永續高息等權,13,0,13,富邦-高雄,2024-01-12,9659
8227,巨有科技,48,35,13,富邦-高雄,2024-01-12,9659
6531,愛普*,39,26,13,富邦-高雄,2024-01-12,9659
00904,新光臺灣半導體30,12,0,12,富邦-高雄,2024-01-12,9659
3706,神達,35,23,12,富邦-高雄,2024-01-12,9659
8112,至上,16,4,12,富邦-高雄,2024-01-12,9659
00665L,富邦�琤肭磪囓�2,12,0,12,富邦-高雄,2024-01-12,9659
3162,精確,13,1,12,富邦-高雄,2024-01-12,9659
2405,輔信,13,1,12,富邦-高雄,2024-01-12,9659
00770,國泰北美科技,13,2,11,富邦-高雄,2024-01-12,9659
00937B,群益ESG投等債20,444,4,440,富邦-高雄,2024-01-15,9659
2486,一詮,407,104,303,富邦-高雄,2024-01-15,9659
00929,復華台灣科技優息,213,16,197,富邦-高雄,2024-01-15,9659
00650L,復華香港正2,100,0,100,富邦-高雄,2024-01-15,9659
2609,陽明,188,109,79,富邦-高雄,2024-01-15,9659
00933B,國泰10Y+金融債,78,5,73,富邦-高雄,2024-01-15,9659
2610,華航,71,6,65,富邦-高雄,2024-01-15,9659
4938,和碩,59,0,59,富邦-高雄,2024-01-15,9659
3055,蔚華科,95,40,55,富邦-高雄,2024-01-15,9659
2393,億光,53,0,53,富邦-高雄,2024-01-15,9659
0056,元大高股息,80,28,52,富邦-高雄,2024-01-15,9659
00632R,元大台灣50反1,55,6,49,富邦-高雄,2024-01-15,9659
1540,喬福,50,1,49,富邦-高雄,2024-01-15,9659
8227,巨有科技,51,2,49,富邦-高雄,2024-01-15,9659
2101,南港,45,0,45,富邦-高雄,2024-01-15,9659
2618,長榮航,65,29,36,富邦-高雄,2024-01-15,9659
9105,泰金寶-DR,50,15,35,富邦-高雄,2024-01-15,9659
6418,詠昇,33,0,33,富邦-高雄,2024-01-15,9659
2892,第一金,35,6,29,富邦-高雄,2024-01-15,9659
00687B,國泰20年美債,32,6,26,富邦-高雄,2024-01-15,9659
1301,台塑,33,7,26,富邦-高雄,2024-01-15,9659
2543,皇昌,30,5,25,富邦-高雄,2024-01-15,9659
5512,力麒,24,0,24,富邦-高雄,2024-01-15,9659
8926,台汽電,24,0,24,富邦-高雄,2024-01-15,9659
2897,王道銀行,22,0,22,富邦-高雄,2024-01-15,9659
2428,興勤,20,0,20,富邦-高雄,2024-01-15,9659
6125,廣運,46,26,20,富邦-高雄,2024-01-15,9659
3686,達能,21,2,19,富邦-高雄,2024-01-15,9659
00770,國泰北美科技,24,5,19,富邦-高雄,2024-01-15,9659
2634,漢翔,39,20,19,富邦-高雄,2024-01-15,9659
1101,台泥,19,1,18,富邦-高雄,2024-01-15,9659
5443,均豪,20,4,16,富邦-高雄,2024-01-15,9659
2887,台新金,16,0,16,富邦-高雄,2024-01-15,9659
2353,宏��,35,21,14,富邦-高雄,2024-01-15,9659
2409,友達,34,20,14,富邦-高雄,2024-01-15,9659
3032,偉訓,26,12,14,富邦-高雄,2024-01-15,9659
00927,群益半導體收益,12,0,12,富邦-高雄,2024-01-15,9659
2515,中工,16,4,12,富邦-高雄,2024-01-15,9659
5347,世界,13,1,12,富邦-高雄,2024-01-15,9659
1337,再生-KY,12,0,12,富邦-高雄,2024-01-15,9659
3380,明泰,12,0,12,富邦-高雄,2024-01-15,9659
4956,光鋐,41,29,12,富邦-高雄,2024-01-15,9659
8210,勤誠,20,9,11,富邦-高雄,2024-01-15,9659
00633L,富邦上証正2,11,0,11,富邦-高雄,2024-01-15,9659
5880,合庫金,15,4,11,富邦-高雄,2024-01-15,9659
2883,凱基金,24,14,10,富邦-高雄,2024-01-15,9659
8940,新天地,10,0,10,富邦-高雄,2024-01-15,9659
00696B,富邦美債20年,10,0,10,富邦-高雄,2024-01-15,9659
6196,帆宣,10,0,10,富邦-高雄,2024-01-15,9659
1714,和桐,10,0,10,富邦-高雄,2024-01-15,9659
00929,復華台灣科技優息,305,5,300,富邦-高雄,2024-01-16,9659
00753L,中信中國50正2,206,0,206,富邦-高雄,2024-01-16,9659
2101,南港,172,0,172,富邦-高雄,2024-01-16,9659
00680L,元大美債20正2,104,0,104,富邦-高雄,2024-01-16,9659
00719B,元大美債1-3,100,0,100,富邦-高雄,2024-01-16,9659
2887,台新金,98,6,92,富邦-高雄,2024-01-16,9659
00919,群益台灣精選高息,104,14,90,富邦-高雄,2024-01-16,9659
0056,元大高股息,202,112,90,富邦-高雄,2024-01-16,9659
1301,台塑,91,5,86,富邦-高雄,2024-01-16,9659
2352,佳世達,84,2,82,富邦-高雄,2024-01-16,9659
1528,恩德,105,24,81,富邦-高雄,2024-01-16,9659
2881,富邦金,82,2,80,富邦-高雄,2024-01-16,9659
2355,敬鵬,64,0,64,富邦-高雄,2024-01-16,9659
2882,國泰金,67,5,62,富邦-高雄,2024-01-16,9659
2892,第一金,60,1,59,富邦-高雄,2024-01-16,9659
2486,一詮,87,34,53,富邦-高雄,2024-01-16,9659
1514,亞力,62,9,53,富邦-高雄,2024-01-16,9659
2867,三商壽,64,13,51,富邦-高雄,2024-01-16,9659
2002,中鋼,48,8,40,富邦-高雄,2024-01-16,9659
1326,台化,39,0,39,富邦-高雄,2024-01-16,9659
00878,國泰永續高股息,80,42,38,富邦-高雄,2024-01-16,9659
3583,辛耘,48,12,36,富邦-高雄,2024-01-16,9659
00725B,國泰投資級公司債,37,5,32,富邦-高雄,2024-01-16,9659
6016,康和證,31,0,31,富邦-高雄,2024-01-16,9659
2615,萬海,39,8,31,富邦-高雄,2024-01-16,9659
8940,新天地,30,0,30,富邦-高雄,2024-01-16,9659
1316,上曜,29,0,29,富邦-高雄,2024-01-16,9659
1314,中石化,50,24,26,富邦-高雄,2024-01-16,9659
2405,輔信,34,9,25,富邦-高雄,2024-01-16,9659
6164,華興,25,1,24,富邦-高雄,2024-01-16,9659
00881,國泰台灣5G+,24,0,24,富邦-高雄,2024-01-16,9659
2498,宏達電,30,6,24,富邦-高雄,2024-01-16,9659
1718,中纖,23,0,23,富邦-高雄,2024-01-16,9659
2406,國碩,24,1,23,富邦-高雄,2024-01-16,9659
3712,永崴投控,26,3,23,富邦-高雄,2024-01-16,9659
5880,合庫金,22,0,22,富邦-高雄,2024-01-16,9659
1806,冠軍,22,0,22,富邦-高雄,2024-01-16,9659
2344,華邦電,24,2,22,富邦-高雄,2024-01-16,9659
00679B,元大美債20年,22,0,22,富邦-高雄,2024-01-16,9659
2888,新光金,22,1,21,富邦-高雄,2024-01-16,9659
6113,亞矽,21,0,21,富邦-高雄,2024-01-16,9659
2324,仁寶,21,0,21,富邦-高雄,2024-01-16,9659
00665L,富邦�琤肭磪囓�2,21,0,21,富邦-高雄,2024-01-16,9659
1101,台泥,32,11,21,富邦-高雄,2024-01-16,9659
8201,無敵,20,0,20,富邦-高雄,2024-01-16,9659
9105,泰金寶-DR,20,0,20,富邦-高雄,2024-01-16,9659
8227,巨有科技,20,1,19,富邦-高雄,2024-01-16,9659
2402,毅嘉,24,5,19,富邦-高雄,2024-01-16,9659
2308,台達電,19,1,18,富邦-高雄,2024-01-16,9659
6443,元晶,21,3,18,富邦-高雄,2024-01-16,9659
00929,復華台灣科技優息,641,45,596,富邦-高雄,2024-01-17,9659
00919,群益台灣精選高息,427,89,338,富邦-高雄,2024-01-17,9659
00753L,中信中國50正2,284,5,279,富邦-高雄,2024-01-17,9659
00937B,群益ESG投等債20,253,6,247,富邦-高雄,2024-01-17,9659
00882,中信中國高股息,236,1,235,富邦-高雄,2024-01-17,9659
2353,宏��,242,20,222,富邦-高雄,2024-01-17,9659
0056,元大高股息,251,54,197,富邦-高雄,2024-01-17,9659
00688L,國泰20年美債正2,151,21,130,富邦-高雄,2024-01-17,9659
00664R,國泰臺灣加權反1,120,0,120,富邦-高雄,2024-01-17,9659
2412,中華電,117,2,115,富邦-高雄,2024-01-17,9659
2603,長榮,152,44,108,富邦-高雄,2024-01-17,9659
2303,聯電,144,39,105,富邦-高雄,2024-01-17,9659
2886,兆豐金,105,1,104,富邦-高雄,2024-01-17,9659
2887,台新金,112,10,102,富邦-高雄,2024-01-17,9659
2882,國泰金,85,5,80,富邦-高雄,2024-01-17,9659
1304,台聚,73,0,73,富邦-高雄,2024-01-17,9659
00719B,元大美債1-3,70,0,70,富邦-高雄,2024-01-17,9659
2881,富邦金,94,26,68,富邦-高雄,2024-01-17,9659
2344,華邦電,85,17,68,富邦-高雄,2024-01-17,9659
5488,松普,183,122,61,富邦-高雄,2024-01-17,9659
1605,華新,54,1,53,富邦-高雄,2024-01-17,9659
0050,元大台灣50,57,6,51,富邦-高雄,2024-01-17,9659
00687B,國泰20年美債,69,20,49,富邦-高雄,2024-01-17,9659
2352,佳世達,62,15,47,富邦-高雄,2024-01-17,9659
4938,和碩,47,3,44,富邦-高雄,2024-01-17,9659
1314,中石化,49,5,44,富邦-高雄,2024-01-17,9659
2891,中信金,58,15,43,富邦-高雄,2024-01-17,9659
00645,富邦日本,43,1,42,富邦-高雄,2024-01-17,9659
1301,台塑,47,7,40,富邦-高雄,2024-01-17,9659
6443,元晶,38,0,38,富邦-高雄,2024-01-17,9659
2498,宏達電,38,2,36,富邦-高雄,2024-01-17,9659
2002,中鋼,39,3,36,富邦-高雄,2024-01-17,9659
2308,台達電,40,5,35,富邦-高雄,2024-01-17,9659
2609,陽明,100,65,35,富邦-高雄,2024-01-17,9659
00881,國泰台灣5G+,34,0,34,富邦-高雄,2024-01-17,9659
2317,鴻海,38,6,32,富邦-高雄,2024-01-17,9659
6770,力積電,41,9,32,富邦-高雄,2024-01-17,9659
2888,新光金,50,19,31,富邦-高雄,2024-01-17,9659
00927,群益半導體收益,31,0,31,富邦-高雄,2024-01-17,9659
9105,泰金寶-DR,33,2,31,富邦-高雄,2024-01-17,9659
6504,南六,31,0,31,富邦-高雄,2024-01-17,9659
00768B,復華20年美債,30,0,30,富邦-高雄,2024-01-17,9659
2610,華航,31,3,28,富邦-高雄,2024-01-17,9659
00933B,國泰10Y+金融債,28,0,28,富邦-高雄,2024-01-17,9659
00891,中信關鍵半導體,28,1,27,富邦-高雄,2024-01-17,9659
00918,大華優利高填息30,32,5,27,富邦-高雄,2024-01-17,9659
2892,第一金,40,13,27,富邦-高雄,2024-01-17,9659
1802,台玻,28,1,27,富邦-高雄,2024-01-17,9659
3354,律勝,47,21,26,富邦-高雄,2024-01-17,9659
6282,康舒,27,1,26,富邦-高雄,2024-01-17,9659
00929,復華台灣科技優息,246,62,184,富邦-高雄,2024-01-18,9659
00882,中信中國高股息,187,4,183,富邦-高雄,2024-01-18,9659
00679B,元大美債20年,148,3,145,富邦-高雄,2024-01-18,9659
00637L,元大滬深300正2,183,40,143,富邦-高雄,2024-01-18,9659
2362,藍天,137,13,124,富邦-高雄,2024-01-18,9659
2412,中華電,102,2,100,富邦-高雄,2024-01-18,9659
00719B,元大美債1-3,100,0,100,富邦-高雄,2024-01-18,9659
4960,誠美材,148,56,92,富邦-高雄,2024-01-18,9659
2887,台新金,84,0,84,富邦-高雄,2024-01-18,9659
2303,聯電,109,34,75,富邦-高雄,2024-01-18,9659
2885,元大金,64,1,63,富邦-高雄,2024-01-18,9659
00937B,群益ESG投等債20,77,17,60,富邦-高雄,2024-01-18,9659
5426,振發,153,95,58,富邦-高雄,2024-01-18,9659
1417,嘉裕,58,1,57,富邦-高雄,2024-01-18,9659
0056,元大高股息,82,27,55,富邦-高雄,2024-01-18,9659
2605,新興,54,2,52,富邦-高雄,2024-01-18,9659
4402,郡都開發,50,0,50,富邦-高雄,2024-01-18,9659
00687B,國泰20年美債,45,6,39,富邦-高雄,2024-01-18,9659
2881,富邦金,45,7,38,富邦-高雄,2024-01-18,9659
8085,福華,51,14,37,富邦-高雄,2024-01-18,9659
5880,合庫金,35,2,33,富邦-高雄,2024-01-18,9659
2883,凱基金,44,12,32,富邦-高雄,2024-01-18,9659
00650L,復華香港正2,31,0,31,富邦-高雄,2024-01-18,9659
9105,泰金寶-DR,30,0,30,富邦-高雄,2024-01-18,9659
2884,玉山金,33,4,29,富邦-高雄,2024-01-18,9659
00632R,元大台灣50反1,29,1,28,富邦-高雄,2024-01-18,9659
00712,復華富時不動產,27,1,26,富邦-高雄,2024-01-18,9659
2603,長榮,122,96,26,富邦-高雄,2024-01-18,9659
00919,群益台灣精選高息,134,109,25,富邦-高雄,2024-01-18,9659
9907,統一實,22,1,21,富邦-高雄,2024-01-18,9659
1301,台塑,25,4,21,富邦-高雄,2024-01-18,9659
3287,廣寰科,95,75,20,富邦-高雄,2024-01-18,9659
2002,中鋼,18,0,18,富邦-高雄,2024-01-18,9659
6668,中揚光,32,15,17,富邦-高雄,2024-01-18,9659
00918,大華優利高填息30,17,0,17,富邦-高雄,2024-01-18,9659
00633L,富邦上証正2,16,0,16,富邦-高雄,2024-01-18,9659
1810,和成,16,0,16,富邦-高雄,2024-01-18,9659
6187,萬潤,28,12,16,富邦-高雄,2024-01-18,9659
3025,星通,40,24,16,富邦-高雄,2024-01-18,9659
2382,廣達,31,16,15,富邦-高雄,2024-01-18,9659
2317,鴻海,15,0,15,富邦-高雄,2024-01-18,9659
00904,新光臺灣半導體30,16,1,15,富邦-高雄,2024-01-18,9659
00688L,國泰20年美債正2,14,0,14,富邦-高雄,2024-01-18,9659
8105,凌巨,14,0,14,富邦-高雄,2024-01-18,9659
2342,茂矽,14,1,13,富邦-高雄,2024-01-18,9659
5014,建錩,13,0,13,富邦-高雄,2024-01-18,9659
6005,群益證,13,0,13,富邦-高雄,2024-01-18,9659
4746,台耀,20,7,13,富邦-高雄,2024-01-18,9659
6443,元晶,13,0,13,富邦-高雄,2024-01-18,9659
4979,華星光,43,31,12,富邦-高雄,2024-01-18,9659
00679B,元大美債20年,421,2,419,富邦-高雄,2024-01-19,9659
00882,中信中國高股息,366,0,366,富邦-高雄,2024-01-19,9659
00937B,群益ESG投等債20,282,6,276,富邦-高雄,2024-01-19,9659
00753L,中信中國50正2,388,116,272,富邦-高雄,2024-01-19,9659
2834,臺企銀,169,0,169,富邦-高雄,2024-01-19,9659
00687B,國泰20年美債,246,105,141,富邦-高雄,2024-01-19,9659
00632R,元大台灣50反1,180,70,110,富邦-高雄,2024-01-19,9659
2486,一詮,140,32,108,富邦-高雄,2024-01-19,9659
00719B,元大美債1-3,100,0,100,富邦-高雄,2024-01-19,9659
00680L,元大美債20正2,97,5,92,富邦-高雄,2024-01-19,9659
2324,仁寶,125,33,92,富邦-高雄,2024-01-19,9659
00929,復華台灣科技優息,103,26,77,富邦-高雄,2024-01-19,9659
5529,鉅陞,62,0,62,富邦-高雄,2024-01-19,9659
00904,新光臺灣半導體30,61,2,59,富邦-高雄,2024-01-19,9659
8936,國統,55,4,51,富邦-高雄,2024-01-19,9659
00688L,國泰20年美債正2,49,0,49,富邦-高雄,2024-01-19,9659
2362,藍天,57,12,45,富邦-高雄,2024-01-19,9659
5443,均豪,55,11,44,富邦-高雄,2024-01-19,9659
5347,世界,45,3,42,富邦-高雄,2024-01-19,9659
2618,長榮航,76,37,39,富邦-高雄,2024-01-19,9659
5880,合庫金,34,0,34,富邦-高雄,2024-01-19,9659
1326,台化,34,0,34,富邦-高雄,2024-01-19,9659
6109,亞元,52,18,34,富邦-高雄,2024-01-19,9659
2002,中鋼,34,0,34,富邦-高雄,2024-01-19,9659
2331,精英,34,1,33,富邦-高雄,2024-01-19,9659
00931B,統一美債20年,31,0,31,富邦-高雄,2024-01-19,9659
00725B,國泰投資級公司債,37,7,30,富邦-高雄,2024-01-19,9659
3374,精材,30,1,29,富邦-高雄,2024-01-19,9659
00720B,元大投資級公司債,29,0,29,富邦-高雄,2024-01-19,9659
2887,台新金,25,0,25,富邦-高雄,2024-01-19,9659
2501,國建,24,0,24,富邦-高雄,2024-01-19,9659
8085,福華,27,5,22,富邦-高雄,2024-01-19,9659
3029,零壹,24,2,22,富邦-高雄,2024-01-19,9659
1314,中石化,22,1,21,富邦-高雄,2024-01-19,9659
00772B,中信高評級公司債,21,1,20,富邦-高雄,2024-01-19,9659
4960,誠美材,71,51,20,富邦-高雄,2024-01-19,9659
9105,泰金寶-DR,20,0,20,富邦-高雄,2024-01-19,9659
00650L,復華香港正2,20,0,20,富邦-高雄,2024-01-19,9659
1307,三芳,19,0,19,富邦-高雄,2024-01-19,9659
2609,陽明,39,21,18,富邦-高雄,2024-01-19,9659
00933B,國泰10Y+金融債,60,43,17,富邦-高雄,2024-01-19,9659
00696B,富邦美債20年,17,0,17,富邦-高雄,2024-01-19,9659
6207,雷科,22,5,17,富邦-高雄,2024-01-19,9659
6443,元晶,17,0,17,富邦-高雄,2024-01-19,9659
2881,富邦金,22,5,17,富邦-高雄,2024-01-19,9659
6285,啟��,17,1,16,富邦-高雄,2024-01-19,9659
1301,台塑,20,4,16,富邦-高雄,2024-01-19,9659
00740B,富邦全球投等債,15,0,15,富邦-高雄,2024-01-19,9659
3033,威健,28,13,15,富邦-高雄,2024-01-19,9659
1712,興農,15,0,15,富邦-高雄,2024-01-19,9659
00671R,富邦NASDAQ反1,250,0,250,富邦-高雄,2024-01-22,9659
00937B,群益ESG投等債20,242,20,222,富邦-高雄,2024-01-22,9659
00882,中信中國高股息,192,0,192,富邦-高雄,2024-01-22,9659
3339,泰谷,192,2,190,富邦-高雄,2024-01-22,9659
00933B,國泰10Y+金融債,160,2,158,富邦-高雄,2024-01-22,9659
2365,昆盈,131,2,129,富邦-高雄,2024-01-22,9659
2618,長榮航,151,32,119,富邦-高雄,2024-01-22,9659
00719B,元大美債1-3,100,0,100,富邦-高雄,2024-01-22,9659
4129,聯合,121,28,93,富邦-高雄,2024-01-22,9659
2465,麗臺,110,17,93,富邦-高雄,2024-01-22,9659
00753L,中信中國50正2,243,155,88,富邦-高雄,2024-01-22,9659
2834,臺企銀,83,5,78,富邦-高雄,2024-01-22,9659
3706,神達,150,78,72,富邦-高雄,2024-01-22,9659
2362,藍天,86,18,68,富邦-高雄,2024-01-22,9659
2317,鴻海,67,1,66,富邦-高雄,2024-01-22,9659
5351,鈺創,73,7,66,富邦-高雄,2024-01-22,9659
1101,台泥,64,0,64,富邦-高雄,2024-01-22,9659
2383,台光電,62,9,53,富邦-高雄,2024-01-22,9659
4402,郡都開發,52,0,52,富邦-高雄,2024-01-22,9659
5864,致和證,50,0,50,富邦-高雄,2024-01-22,9659
2316,楠梓電,63,17,46,富邦-高雄,2024-01-22,9659
6111,大宇資,51,9,42,富邦-高雄,2024-01-22,9659
00679B,元大美債20年,51,9,42,富邦-高雄,2024-01-22,9659
3035,智原,52,11,41,富邦-高雄,2024-01-22,9659
2890,永豐金,42,1,41,富邦-高雄,2024-01-22,9659
00919,群益台灣精選高息,47,10,37,富邦-高雄,2024-01-22,9659
2029,盛餘,36,0,36,富邦-高雄,2024-01-22,9659
1314,中石化,35,2,33,富邦-高雄,2024-01-22,9659
2363,矽統,53,22,31,富邦-高雄,2024-01-22,9659
2887,台新金,29,0,29,富邦-高雄,2024-01-22,9659
2002,中鋼,28,3,25,富邦-高雄,2024-01-22,9659
1504,東元,25,0,25,富邦-高雄,2024-01-22,9659
00680L,元大美債20正2,29,7,22,富邦-高雄,2024-01-22,9659
6695,芯鼎,50,28,22,富邦-高雄,2024-01-22,9659
4912,聯德控股-KY,20,0,20,富邦-高雄,2024-01-22,9659
3576,聯合再生,20,0,20,富邦-高雄,2024-01-22,9659
2460,建通,20,0,20,富邦-高雄,2024-01-22,9659
6163,華電網,20,0,20,富邦-高雄,2024-01-22,9659
6223,旺矽,28,9,19,富邦-高雄,2024-01-22,9659
4973,廣穎,19,0,19,富邦-高雄,2024-01-22,9659
3380,明泰,33,14,19,富邦-高雄,2024-01-22,9659
00931B,統一美債20年,20,3,17,富邦-高雄,2024-01-22,9659
1904,正隆,20,3,17,富邦-高雄,2024-01-22,9659
1326,台化,18,1,17,富邦-高雄,2024-01-22,9659
2884,玉山金,25,9,16,富邦-高雄,2024-01-22,9659
6257,矽格,28,12,16,富邦-高雄,2024-01-22,9659
00902,中信電池及儲能,18,3,15,富邦-高雄,2024-01-22,9659
4109,加捷生醫,36,22,14,富邦-高雄,2024-01-22,9659
2308,台達電,15,2,13,富邦-高雄,2024-01-22,9659
5347,世界,24,11,13,富邦-高雄,2024-01-22,9659
3481,群創,416,263,153,富邦-高雄,2024-01-23,9659
3231,緯創,232,115,117,富邦-高雄,2024-01-23,9659
00937B,群益ESG投等債20,120,13,107,富邦-高雄,2024-01-23,9659
6698,旭暉應材,102,1,101,富邦-高雄,2024-01-23,9659
00719B,元大美債1-3,100,0,100,富邦-高雄,2024-01-23,9659
2486,一詮,104,22,82,富邦-高雄,2024-01-23,9659
2409,友達,194,117,77,富邦-高雄,2024-01-23,9659
4402,郡都開發,66,0,66,富邦-高雄,2024-01-23,9659
00632R,元大台灣50反1,163,104,59,富邦-高雄,2024-01-23,9659
1540,喬福,50,0,50,富邦-高雄,2024-01-23,9659
6109,亞元,50,1,49,富邦-高雄,2024-01-23,9659
2618,長榮航,65,16,49,富邦-高雄,2024-01-23,9659
1514,亞力,50,9,41,富邦-高雄,2024-01-23,9659
3545,敦泰,39,2,37,富邦-高雄,2024-01-23,9659
00680L,元大美債20正2,35,0,35,富邦-高雄,2024-01-23,9659
4129,聯合,39,4,35,富邦-高雄,2024-01-23,9659
6116,彩晶,59,26,33,富邦-高雄,2024-01-23,9659
2609,陽明,54,22,32,富邦-高雄,2024-01-23,9659
2002,中鋼,35,3,32,富邦-高雄,2024-01-23,9659
3704,合勤控,30,0,30,富邦-高雄,2024-01-23,9659
2313,華通,32,6,26,富邦-高雄,2024-01-23,9659
9105,泰金寶-DR,55,30,25,富邦-高雄,2024-01-23,9659
2367,燿華,25,0,25,富邦-高雄,2024-01-23,9659
6005,群益證,22,0,22,富邦-高雄,2024-01-23,9659
4956,光鋐,38,17,21,富邦-高雄,2024-01-23,9659
5328,華容,23,2,21,富邦-高雄,2024-01-23,9659
2889,國票金,20,0,20,富邦-高雄,2024-01-23,9659
2393,億光,20,0,20,富邦-高雄,2024-01-23,9659
2610,華航,28,8,20,富邦-高雄,2024-01-23,9659
00933B,國泰10Y+金融債,30,10,20,富邦-高雄,2024-01-23,9659
1301,台塑,19,0,19,富邦-高雄,2024-01-23,9659
2312,金寶,19,0,19,富邦-高雄,2024-01-23,9659
2887,台新金,28,10,18,富邦-高雄,2024-01-23,9659
3504,揚明光,22,5,17,富邦-高雄,2024-01-23,9659
8089,康全電訊,28,11,17,富邦-高雄,2024-01-23,9659
8096,擎亞,33,16,17,富邦-高雄,2024-01-23,9659
2603,長榮,29,12,17,富邦-高雄,2024-01-23,9659
5443,均豪,22,8,14,富邦-高雄,2024-01-23,9659
5880,合庫金,17,3,14,富邦-高雄,2024-01-23,9659
1101,台泥,15,1,14,富邦-高雄,2024-01-23,9659
3033,威健,15,2,13,富邦-高雄,2024-01-23,9659
3706,神達,39,26,13,富邦-高雄,2024-01-23,9659
00882,中信中國高股息,14,1,13,富邦-高雄,2024-01-23,9659
00885,富邦越南,15,2,13,富邦-高雄,2024-01-23,9659
5014,建錩,12,0,12,富邦-高雄,2024-01-23,9659
6257,矽格,12,0,12,富邦-高雄,2024-01-23,9659
2376,技嘉,22,11,11,富邦-高雄,2024-01-23,9659
2401,凌陽,15,4,11,富邦-高雄,2024-01-23,9659
1815,富喬,11,0,11,富邦-高雄,2024-01-23,9659
00891,中信關鍵半導體,11,0,11,富邦-高雄,2024-01-23,9659
00937B,群益ESG投等債20,229,19,210,富邦-高雄,2024-01-24,9659
00877,復華中國5G,204,0,204,富邦-高雄,2024-01-24,9659
00719B,元大美債1-3,200,0,200,富邦-高雄,2024-01-24,9659
00680L,元大美債20正2,160,5,155,富邦-高雄,2024-01-24,9659
00637L,元大滬深300正2,308,205,103,富邦-高雄,2024-01-24,9659
00639,富邦深100,100,0,100,富邦-高雄,2024-01-24,9659
2101,南港,91,0,91,富邦-高雄,2024-01-24,9659
8105,凌巨,100,14,86,富邦-高雄,2024-01-24,9659
00933B,國泰10Y+金融債,82,0,82,富邦-高雄,2024-01-24,9659
2891,中信金,76,0,76,富邦-高雄,2024-01-24,9659
00679B,元大美債20年,65,0,65,富邦-高雄,2024-01-24,9659
00891,中信關鍵半導體,63,2,61,富邦-高雄,2024-01-24,9659
2498,宏達電,67,6,61,富邦-高雄,2024-01-24,9659
6167,久正,61,6,55,富邦-高雄,2024-01-24,9659
2409,友達,74,26,48,富邦-高雄,2024-01-24,9659
2356,英業達,111,64,47,富邦-高雄,2024-01-24,9659
4956,光鋐,53,8,45,富邦-高雄,2024-01-24,9659
00633L,富邦上証正2,32,0,32,富邦-高雄,2024-01-24,9659
6667,信紘科,35,6,29,富邦-高雄,2024-01-24,9659
1785,光洋科,30,2,28,富邦-高雄,2024-01-24,9659
3017,奇鋐,36,9,27,富邦-高雄,2024-01-24,9659
3265,台星科,48,21,27,富邦-高雄,2024-01-24,9659
2369,菱生,118,94,24,富邦-高雄,2024-01-24,9659
2362,藍天,24,1,23,富邦-高雄,2024-01-24,9659
5272,笙科,22,0,22,富邦-高雄,2024-01-24,9659
2324,仁寶,47,25,22,富邦-高雄,2024-01-24,9659
5328,華容,35,13,22,富邦-高雄,2024-01-24,9659
00665L,富邦�琤肭磪囓�2,21,0,21,富邦-高雄,2024-01-24,9659
2603,長榮,62,42,20,富邦-高雄,2024-01-24,9659
00715L,期街口布蘭特正2,28,8,20,富邦-高雄,2024-01-24,9659
2465,麗臺,23,4,19,富邦-高雄,2024-01-24,9659
00915,凱基優選高股息30,18,0,18,富邦-高雄,2024-01-24,9659
1720,生達,18,0,18,富邦-高雄,2024-01-24,9659
2537,聯上發,18,0,18,富邦-高雄,2024-01-24,9659
3437,榮創,23,6,17,富邦-高雄,2024-01-24,9659
8054,安國,31,15,16,富邦-高雄,2024-01-24,9659
6462,神盾,105,90,15,富邦-高雄,2024-01-24,9659
4402,郡都開發,15,0,15,富邦-高雄,2024-01-24,9659
00918,大華優利高填息30,14,0,14,富邦-高雄,2024-01-24,9659
2027,大成鋼,15,1,14,富邦-高雄,2024-01-24,9659
3605,宏致,19,5,14,富邦-高雄,2024-01-24,9659
2331,精英,30,16,14,富邦-高雄,2024-01-24,9659
6116,彩晶,24,10,14,富邦-高雄,2024-01-24,9659
6584,南俊國際,25,11,14,富邦-高雄,2024-01-24,9659
00752,中信中國50,13,0,13,富邦-高雄,2024-01-24,9659
2888,新光金,15,2,13,富邦-高雄,2024-01-24,9659
8089,康全電訊,27,14,13,富邦-高雄,2024-01-24,9659
00720B,元大投資級公司債,12,0,12,富邦-高雄,2024-01-24,9659
2303,聯電,50,38,12,富邦-高雄,2024-01-24,9659
00688L,國泰20年美債正2,11,0,11,富邦-高雄,2024-01-24,9659
2883,凱基金,252,5,247,富邦-高雄,2024-01-25,9659
00687B,國泰20年美債,225,3,222,富邦-高雄,2024-01-25,9659
6120,達運,225,15,210,富邦-高雄,2024-01-25,9659
00680L,元大美債20正2,117,0,117,富邦-高雄,2024-01-25,9659
1717,長興,101,0,101,富邦-高雄,2024-01-25,9659
00937B,群益ESG投等債20,222,123,99,富邦-高雄,2024-01-25,9659
3712,永崴投控,97,4,93,富邦-高雄,2024-01-25,9659
2101,南港,86,1,85,富邦-高雄,2024-01-25,9659
00679B,元大美債20年,82,1,81,富邦-高雄,2024-01-25,9659
3376,新日興,85,15,70,富邦-高雄,2024-01-25,9659
3312,弘憶股,65,4,61,富邦-高雄,2024-01-25,9659
3339,泰谷,81,20,61,富邦-高雄,2024-01-25,9659
8064,東捷,75,15,60,富邦-高雄,2024-01-25,9659
2356,英業達,177,117,60,富邦-高雄,2024-01-25,9659
8096,擎亞,203,147,56,富邦-高雄,2024-01-25,9659
3265,台星科,52,1,51,富邦-高雄,2024-01-25,9659
1722,台肥,50,0,50,富邦-高雄,2024-01-25,9659
4402,郡都開發,49,0,49,富邦-高雄,2024-01-25,9659
8936,國統,52,8,44,富邦-高雄,2024-01-25,9659
2498,宏達電,45,1,44,富邦-高雄,2024-01-25,9659
6113,亞矽,73,31,42,富邦-高雄,2024-01-25,9659
00636,國泰中國A50,41,0,41,富邦-高雄,2024-01-25,9659
00637L,元大滬深300正2,63,22,41,富邦-高雄,2024-01-25,9659
2486,一詮,47,8,39,富邦-高雄,2024-01-25,9659
3005,神基,43,5,38,富邦-高雄,2024-01-25,9659
3047,訊舟,36,2,34,富邦-高雄,2024-01-25,9659
2603,長榮,53,22,31,富邦-高雄,2024-01-25,9659
2211,長榮鋼,30,0,30,富邦-高雄,2024-01-25,9659
5515,建國,28,0,28,富邦-高雄,2024-01-25,9659
2887,台新金,25,0,25,富邦-高雄,2024-01-25,9659
2388,威盛,30,5,25,富邦-高雄,2024-01-25,9659
2409,友達,32,8,24,富邦-高雄,2024-01-25,9659
00720B,元大投資級公司債,22,0,22,富邦-高雄,2024-01-25,9659
00931B,統一美債20年,20,0,20,富邦-高雄,2024-01-25,9659
2467,志聖,23,3,20,富邦-高雄,2024-01-25,9659
00688L,國泰20年美債正2,20,0,20,富邦-高雄,2024-01-25,9659
00933B,國泰10Y+金融債,22,2,20,富邦-高雄,2024-01-25,9659
2460,建通,19,0,19,富邦-高雄,2024-01-25,9659
8034,榮群,19,1,18,富邦-高雄,2024-01-25,9659
6274,台燿,31,13,18,富邦-高雄,2024-01-25,9659
2382,廣達,38,23,15,富邦-高雄,2024-01-25,9659
6220,岳豐,15,0,15,富邦-高雄,2024-01-25,9659
6111,大宇資,18,4,14,富邦-高雄,2024-01-25,9659
6282,康舒,16,1,15,富邦-高雄,2024-01-25,9659
2365,昆盈,33,19,14,富邦-高雄,2024-01-25,9659
3605,宏致,32,18,14,富邦-高雄,2024-01-25,9659
8112,至上,15,1,14,富邦-高雄,2024-01-25,9659
2344,華邦電,34,21,13,富邦-高雄,2024-01-25,9659
3380,明泰,15,2,13,富邦-高雄,2024-01-25,9659
2850,新產,12,0,12,富邦-高雄,2024-01-25,9659
00882,中信中國高股息,364,59,305,富邦-高雄,2024-01-26,9659
00673R,期元大S＆P原油反1,236,0,236,富邦-高雄,2024-01-26,9659
2303,聯電,247,25,222,富邦-高雄,2024-01-26,9659
00680L,元大美債20正2,171,1,170,富邦-高雄,2024-01-26,9659
3231,緯創,320,160,160,富邦-高雄,2024-01-26,9659
00937B,群益ESG投等債20,156,2,154,富邦-高雄,2024-01-26,9659
4550,長佳,149,0,149,富邦-高雄,2024-01-26,9659
00753L,中信中國50正2,153,31,122,富邦-高雄,2024-01-26,9659
00919,群益台灣精選高息,114,11,103,富邦-高雄,2024-01-26,9659
00639,富邦深100,50,0,50,富邦-高雄,2024-01-26,9659
2603,長榮,72,23,49,富邦-高雄,2024-01-26,9659
5498,凱崴,50,2,48,富邦-高雄,2024-01-26,9659
2324,仁寶,62,19,43,富邦-高雄,2024-01-26,9659
00632R,元大台灣50反1,92,51,41,富邦-高雄,2024-01-26,9659
3535,晶彩科,132,91,41,富邦-高雄,2024-01-26,9659
6235,華孚,35,3,32,富邦-高雄,2024-01-26,9659
00929,復華台灣科技優息,89,58,31,富邦-高雄,2024-01-26,9659
2382,廣達,46,15,31,富邦-高雄,2024-01-26,9659
1417,嘉裕,30,0,30,富邦-高雄,2024-01-26,9659
2101,南港,30,0,30,富邦-高雄,2024-01-26,9659
5388,中磊,30,1,29,富邦-高雄,2024-01-26,9659
8936,國統,49,20,29,富邦-高雄,2024-01-26,9659
2356,英業達,66,39,27,富邦-高雄,2024-01-26,9659
2486,一詮,46,21,25,富邦-高雄,2024-01-26,9659
00688L,國泰20年美債正2,25,0,25,富邦-高雄,2024-01-26,9659
00918,大華優利高填息30,24,0,24,富邦-高雄,2024-01-26,9659
00733,富邦臺灣中小,24,0,24,富邦-高雄,2024-01-26,9659
00687B,國泰20年美債,43,20,23,富邦-高雄,2024-01-26,9659
2609,陽明,33,10,23,富邦-高雄,2024-01-26,9659
3047,訊舟,23,3,20,富邦-高雄,2024-01-26,9659
8096,擎亞,58,39,19,富邦-高雄,2024-01-26,9659
00927,群益半導體收益,20,1,19,富邦-高雄,2024-01-26,9659
2340,台亞,20,1,19,富邦-高雄,2024-01-26,9659
6270,倍微,62,44,18,富邦-高雄,2024-01-26,9659
00712,復華富時不動產,35,17,18,富邦-高雄,2024-01-26,9659
2886,兆豐金,22,4,18,富邦-高雄,2024-01-26,9659
2460,建通,18,0,18,富邦-高雄,2024-01-26,9659
2431,聯昌,26,9,17,富邦-高雄,2024-01-26,9659
6282,康舒,19,2,17,富邦-高雄,2024-01-26,9659
2329,華泰,54,40,14,富邦-高雄,2024-01-26,9659
1795,美時,18,4,14,富邦-高雄,2024-01-26,9659
4906,正文,14,0,14,富邦-高雄,2024-01-26,9659
5426,振發,58,45,13,富邦-高雄,2024-01-26,9659
00655L,國泰中國A50正2,23,10,13,富邦-高雄,2024-01-26,9659
6770,力積電,18,5,13,富邦-高雄,2024-01-26,9659
4541,晟田,12,0,12,富邦-高雄,2024-01-26,9659
3033,威健,12,1,11,富邦-高雄,2024-01-26,9659
2316,楠梓電,11,0,11,富邦-高雄,2024-01-26,9659
2201,裕隆,10,0,10,富邦-高雄,2024-01-26,9659
2059,川湖,11,1,10,富邦-高雄,2024-01-26,9659
3231,緯創,455,84,371,富邦-高雄,2024-01-29,9659
00937B,群益ESG投等債20,368,14,354,富邦-高雄,2024-01-29,9659
2303,聯電,123,9,114,富邦-高雄,2024-01-29,9659
00687B,國泰20年美債,92,0,92,富邦-高雄,2024-01-29,9659
00719B,元大美債1-3,100,10,90,富邦-高雄,2024-01-29,9659
00882,中信中國高股息,99,10,89,富邦-高雄,2024-01-29,9659
00673R,期元大S＆P原油反1,70,0,70,富邦-高雄,2024-01-29,9659
6462,神盾,112,43,69,富邦-高雄,2024-01-29,9659
00680L,元大美債20正2,61,0,61,富邦-高雄,2024-01-29,9659
00679B,元大美債20年,58,2,56,富邦-高雄,2024-01-29,9659
00696B,富邦美債20年,54,0,54,富邦-高雄,2024-01-29,9659
2867,三商壽,157,105,52,富邦-高雄,2024-01-29,9659
00650L,復華香港正2,50,0,50,富邦-高雄,2024-01-29,9659
9105,泰金寶-DR,52,2,50,富邦-高雄,2024-01-29,9659
3265,台星科,56,10,46,富邦-高雄,2024-01-29,9659
3362,先進光,40,0,40,富邦-高雄,2024-01-29,9659
00933B,國泰10Y+金融債,39,0,39,富邦-高雄,2024-01-29,9659
00753L,中信中國50正2,44,5,39,富邦-高雄,2024-01-29,9659
00772B,中信高評級公司債,38,0,38,富邦-高雄,2024-01-29,9659
2356,英業達,72,35,37,富邦-高雄,2024-01-29,9659
5388,中磊,36,0,36,富邦-高雄,2024-01-29,9659
4953,緯軟,36,1,35,富邦-高雄,2024-01-29,9659
2101,南港,30,0,30,富邦-高雄,2024-01-29,9659
00770,國泰北美科技,30,0,30,富邦-高雄,2024-01-29,9659
2409,友達,34,5,29,富邦-高雄,2024-01-29,9659
8215,明基材,30,1,29,富邦-高雄,2024-01-29,9659
00632R,元大台灣50反1,69,41,28,富邦-高雄,2024-01-29,9659
2610,華航,58,31,27,富邦-高雄,2024-01-29,9659
6271,同欣電,26,0,26,富邦-高雄,2024-01-29,9659
00931B,統一美債20年,28,2,26,富邦-高雄,2024-01-29,9659
2454,聯發科,25,1,24,富邦-高雄,2024-01-29,9659
3036,文曄,32,8,24,富邦-高雄,2024-01-29,9659
6546,正基,53,30,23,富邦-高雄,2024-01-29,9659
4550,長佳,22,0,22,富邦-高雄,2024-01-29,9659
006205,富邦上証,20,0,20,富邦-高雄,2024-01-29,9659
2393,億光,20,0,20,富邦-高雄,2024-01-29,9659
2607,榮運,22,3,19,富邦-高雄,2024-01-29,9659
00877,復華中國5G,19,0,19,富邦-高雄,2024-01-29,9659
2337,旺宏,22,4,18,富邦-高雄,2024-01-29,9659
3045,台灣大,16,1,15,富邦-高雄,2024-01-29,9659
2887,台新金,16,2,14,富邦-高雄,2024-01-29,9659
6179,亞通,16,2,14,富邦-高雄,2024-01-29,9659
3038,全台,14,1,13,富邦-高雄,2024-01-29,9659
8996,高力,21,8,13,富邦-高雄,2024-01-29,9659
00688L,國泰20年美債正2,12,0,12,富邦-高雄,2024-01-29,9659
2408,南亞科,14,2,12,富邦-高雄,2024-01-29,9659
8150,南茂,13,1,12,富邦-高雄,2024-01-29,9659
00720B,元大投資級公司債,11,0,11,富邦-高雄,2024-01-29,9659
5905,南仁湖,11,0,11,富邦-高雄,2024-01-29,9659
6695,芯鼎,42,31,11,富邦-高雄,2024-01-29,9659
00753L,中信中國50正2,171,0,171,富邦-高雄,2024-01-30,9659
00882,中信中國高股息,150,13,137,富邦-高雄,2024-01-30,9659
00937B,群益ESG投等債20,124,1,123,富邦-高雄,2024-01-30,9659
1316,上曜,128,11,117,富邦-高雄,2024-01-30,9659
00929,復華台灣科技優息,137,28,109,富邦-高雄,2024-01-30,9659
00877,復華中國5G,101,0,101,富邦-高雄,2024-01-30,9659
2376,技嘉,125,32,93,富邦-高雄,2024-01-30,9659
8085,福華,84,13,71,富邦-高雄,2024-01-30,9659
00687B,國泰20年美債,71,7,64,富邦-高雄,2024-01-30,9659
9904,寶成,65,3,62,富邦-高雄,2024-01-30,9659
00933B,國泰10Y+金融債,60,1,59,富邦-高雄,2024-01-30,9659
2882,國泰金,60,3,57,富邦-高雄,2024-01-30,9659
2454,聯發科,62,9,53,富邦-高雄,2024-01-30,9659
4960,誠美材,60,7,53,富邦-高雄,2024-01-30,9659
3339,泰谷,60,10,50,富邦-高雄,2024-01-30,9659
00637L,元大滬深300正2,64,14,50,富邦-高雄,2024-01-30,9659
2353,宏��,72,26,46,富邦-高雄,2024-01-30,9659
2867,三商壽,160,116,44,富邦-高雄,2024-01-30,9659
6243,迅杰,46,6,40,富邦-高雄,2024-01-30,9659
8054,安國,64,24,40,富邦-高雄,2024-01-30,9659
2101,南港,37,0,37,富邦-高雄,2024-01-30,9659
5521,工信,42,5,37,富邦-高雄,2024-01-30,9659
6465,威潤,42,7,35,富邦-高雄,2024-01-30,9659
5515,建國,32,0,32,富邦-高雄,2024-01-30,9659
1313,聯成,30,0,30,富邦-高雄,2024-01-30,9659
8155,博智,30,2,28,富邦-高雄,2024-01-30,9659
00715L,期街口布蘭特正2,30,2,28,富邦-高雄,2024-01-30,9659
2465,麗臺,38,10,28,富邦-高雄,2024-01-30,9659
2337,旺宏,26,0,26,富邦-高雄,2024-01-30,9659
2887,台新金,26,1,25,富邦-高雄,2024-01-30,9659
6282,康舒,76,52,24,富邦-高雄,2024-01-30,9659
2884,玉山金,24,1,23,富邦-高雄,2024-01-30,9659
2324,仁寶,27,4,23,富邦-高雄,2024-01-30,9659
2303,聯電,29,7,22,富邦-高雄,2024-01-30,9659
2330,台積電,34,12,22,富邦-高雄,2024-01-30,9659
00679B,元大美債20年,25,3,22,富邦-高雄,2024-01-30,9659
5871,中租-KY,27,5,22,富邦-高雄,2024-01-30,9659
8467,波力-KY,21,0,21,富邦-高雄,2024-01-30,9659
2408,南亞科,21,0,21,富邦-高雄,2024-01-30,9659
2359,所羅門,22,1,21,富邦-高雄,2024-01-30,9659
4906,正文,20,0,20,富邦-高雄,2024-01-30,9659
00633L,富邦上証正2,57,37,20,富邦-高雄,2024-01-30,9659
6147,頎邦,20,0,20,富邦-高雄,2024-01-30,9659
2002,中鋼,31,11,20,富邦-高雄,2024-01-30,9659
2610,華航,53,33,20,富邦-高雄,2024-01-30,9659
00680L,元大美債20正2,24,5,19,富邦-高雄,2024-01-30,9659
6125,廣運,27,8,19,富邦-高雄,2024-01-30,9659
2356,英業達,54,35,19,富邦-高雄,2024-01-30,9659
1301,台塑,18,0,18,富邦-高雄,2024-01-30,9659
2344,華邦電,23,5,18,富邦-高雄,2024-01-30,9659
00753L,中信中國50正2,250,30,220,富邦-高雄,2024-01-31,9659
00882,中信中國高股息,173,12,161,富邦-高雄,2024-01-31,9659
00687B,國泰20年美債,127,12,115,富邦-高雄,2024-01-31,9659
2465,麗臺,153,38,115,富邦-高雄,2024-01-31,9659
2208,台船,101,0,101,富邦-高雄,2024-01-31,9659
00877,復華中國5G,100,0,100,富邦-高雄,2024-01-31,9659
8054,安國,112,13,99,富邦-高雄,2024-01-31,9659
6120,達運,67,7,60,富邦-高雄,2024-01-31,9659
5529,鉅陞,62,4,58,富邦-高雄,2024-01-31,9659
3265,台星科,70,13,57,富邦-高雄,2024-01-31,9659
00673R,期元大S＆P原油反1,54,0,54,富邦-高雄,2024-01-31,9659
6179,亞通,57,4,53,富邦-高雄,2024-01-31,9659
3322,建舜電,53,0,53,富邦-高雄,2024-01-31,9659
2509,全坤建,50,0,50,富邦-高雄,2024-01-31,9659
2303,聯電,80,32,48,富邦-高雄,2024-01-31,9659
00933B,國泰10Y+金融債,67,20,47,富邦-高雄,2024-01-31,9659
3360,尚立,87,43,44,富邦-高雄,2024-01-31,9659
3231,緯創,232,191,41,富邦-高雄,2024-01-31,9659
00878,國泰永續高股息,50,15,35,富邦-高雄,2024-01-31,9659
00937B,群益ESG投等債20,91,57,34,富邦-高雄,2024-01-31,9659
2834,臺企銀,41,8,33,富邦-高雄,2024-01-31,9659
3434,哲固,34,3,31,富邦-高雄,2024-01-31,9659
1316,上曜,90,60,30,富邦-高雄,2024-01-31,9659
3481,群創,109,85,24,富邦-高雄,2024-01-31,9659
2369,菱生,47,23,24,富邦-高雄,2024-01-31,9659
8085,福華,31,9,22,富邦-高雄,2024-01-31,9659
2486,一詮,31,9,22,富邦-高雄,2024-01-31,9659
2888,新光金,22,0,22,富邦-高雄,2024-01-31,9659
00650L,復華香港正2,22,1,21,富邦-高雄,2024-01-31,9659
9919,康那香,21,0,21,富邦-高雄,2024-01-31,9659
8155,博智,21,0,21,富邦-高雄,2024-01-31,9659
2484,希華,20,0,20,富邦-高雄,2024-01-31,9659
2889,國票金,20,0,20,富邦-高雄,2024-01-31,9659
3376,新日興,45,26,19,富邦-高雄,2024-01-31,9659
2409,友達,21,3,18,富邦-高雄,2024-01-31,9659
2382,廣達,41,23,18,富邦-高雄,2024-01-31,9659
2618,長榮航,35,18,17,富邦-高雄,2024-01-31,9659
6270,倍微,35,18,17,富邦-高雄,2024-01-31,9659
2603,長榮,20,5,15,富邦-高雄,2024-01-31,9659
2538,基泰,15,0,15,富邦-高雄,2024-01-31,9659
00688L,國泰20年美債正2,15,0,15,富邦-高雄,2024-01-31,9659
3055,蔚華科,46,31,15,富邦-高雄,2024-01-31,9659
2356,英業達,58,44,14,富邦-高雄,2024-01-31,9659
2330,台積電,27,12,15,富邦-高雄,2024-01-31,9659
3715,定穎投控,42,27,15,富邦-高雄,2024-01-31,9659
2376,技嘉,23,9,14,富邦-高雄,2024-01-31,9659
00680L,元大美債20正2,20,6,14,富邦-高雄,2024-01-31,9659
2641,正德,14,0,14,富邦-高雄,2024-01-31,9659
2390,云辰,19,5,14,富邦-高雄,2024-01-31,9659
2405,輔信,14,0,14,富邦-高雄,2024-01-31,9659
00937B,群益ESG投等債20,299,22,277,富邦-高雄,2024-02-01,9659
00882,中信中國高股息,142,11,131,富邦-高雄,2024-02-01,9659
00933B,國泰10Y+金融債,114,0,114,富邦-高雄,2024-02-01,9659
2603,長榮,152,44,108,富邦-高雄,2024-02-01,9659
00751B,元大AAA至A公司債,131,26,105,富邦-高雄,2024-02-01,9659
00753L,中信中國50正2,145,45,100,富邦-高雄,2024-02-01,9659
2330,台積電,82,6,76,富邦-高雄,2024-02-01,9659
00929,復華台灣科技優息,82,10,72,富邦-高雄,2024-02-01,9659
2409,友達,77,10,67,富邦-高雄,2024-02-01,9659
3419,譁裕,64,0,64,富邦-高雄,2024-02-01,9659
6116,彩晶,67,4,63,富邦-高雄,2024-02-01,9659
00712,復華富時不動產,65,18,47,富邦-高雄,2024-02-01,9659
00696B,富邦美債20年,48,1,47,富邦-高雄,2024-02-01,9659
00680L,元大美債20正2,73,34,39,富邦-高雄,2024-02-01,9659
8069,元太,63,27,36,富邦-高雄,2024-02-01,9659
00878,國泰永續高股息,76,40,36,富邦-高雄,2024-02-01,9659
2303,聯電,43,8,35,富邦-高雄,2024-02-01,9659
3128,昇銳,35,2,33,富邦-高雄,2024-02-01,9659
6179,亞通,78,47,31,富邦-高雄,2024-02-01,9659
1904,正隆,30,0,30,富邦-高雄,2024-02-01,9659
2101,南港,30,0,30,富邦-高雄,2024-02-01,9659
00650L,復華香港正2,31,1,30,富邦-高雄,2024-02-01,9659
9105,泰金寶-DR,31,4,27,富邦-高雄,2024-02-01,9659
5515,建國,25,0,25,富邦-高雄,2024-02-01,9659
00927,群益半導體收益,23,0,23,富邦-高雄,2024-02-01,9659
00665L,富邦�琤肭磪囓�2,27,6,21,富邦-高雄,2024-02-01,9659
8044,網家,21,0,21,富邦-高雄,2024-02-01,9659
2323,中環,20,0,20,富邦-高雄,2024-02-01,9659
006205,富邦上証,20,0,20,富邦-高雄,2024-02-01,9659
8054,安國,20,0,20,富邦-高雄,2024-02-01,9659
5512,力麒,20,1,19,富邦-高雄,2024-02-01,9659
1314,中石化,23,4,19,富邦-高雄,2024-02-01,9659
6237,驊訊,67,48,19,富邦-高雄,2024-02-01,9659
00891,中信關鍵半導體,19,1,18,富邦-高雄,2024-02-01,9659
8070,長華*,18,0,18,富邦-高雄,2024-02-01,9659
3287,廣寰科,39,21,18,富邦-高雄,2024-02-01,9659
00935,野村臺灣新科技50,18,0,18,富邦-高雄,2024-02-01,9659
2355,敬鵬,17,0,17,富邦-高雄,2024-02-01,9659
8011,台通,16,0,16,富邦-高雄,2024-02-01,9659
3694,海華,29,15,14,富邦-高雄,2024-02-01,9659
6147,頎邦,13,0,13,富邦-高雄,2024-02-01,9659
3605,宏致,13,0,13,富邦-高雄,2024-02-01,9659
2609,陽明,25,13,12,富邦-高雄,2024-02-01,9659
00757,統一FANG+,13,0,13,富邦-高雄,2024-02-01,9659
5251,天鉞電,18,6,12,富邦-高雄,2024-02-01,9659
3576,聯合再生,12,0,12,富邦-高雄,2024-02-01,9659
5488,松普,13,1,12,富邦-高雄,2024-02-01,9659
3105,穩懋,11,0,11,富邦-高雄,2024-02-01,9659
00632R,元大台灣50反1,21,10,11,富邦-高雄,2024-02-01,9659
1309,台達化,11,0,11,富邦-高雄,2024-02-01,9659
00937B,群益ESG投等債20,776,271,505,富邦-高雄,2024-02-02,9659
8111,立��,151,2,149,富邦-高雄,2024-02-02,9659
00637L,元大滬深300正2,154,23,131,富邦-高雄,2024-02-02,9659
1618,合機,110,0,110,富邦-高雄,2024-02-02,9659
00671R,富邦NASDAQ反1,100,0,100,富邦-高雄,2024-02-02,9659
00719B,元大美債1-3,60,0,60,富邦-高雄,2024-02-02,9659
00715L,期街口布蘭特正2,67,10,57,富邦-高雄,2024-02-02,9659
2641,正德,55,0,55,富邦-高雄,2024-02-02,9659
00680L,元大美債20正2,70,15,55,富邦-高雄,2024-02-02,9659
3324,雙鴻,59,5,54,富邦-高雄,2024-02-02,9659
2891,中信金,55,1,54,富邦-高雄,2024-02-02,9659
3481,群創,71,18,53,富邦-高雄,2024-02-02,9659
00633L,富邦上証正2,49,0,49,富邦-高雄,2024-02-02,9659
00882,中信中國高股息,44,1,43,富邦-高雄,2024-02-02,9659
1560,中砂,44,2,42,富邦-高雄,2024-02-02,9659
3230,錦明,40,0,40,富邦-高雄,2024-02-02,9659
2481,強茂,40,0,40,富邦-高雄,2024-02-02,9659
2303,聯電,46,8,38,富邦-高雄,2024-02-02,9659
00712,復華富時不動產,41,4,37,富邦-高雄,2024-02-02,9659
3312,弘憶股,42,5,37,富邦-高雄,2024-02-02,9659
00768B,復華20年美債,36,0,36,富邦-高雄,2024-02-02,9659
00753L,中信中國50正2,111,76,35,富邦-高雄,2024-02-02,9659
3535,晶彩科,34,2,32,富邦-高雄,2024-02-02,9659
8059,凱碩,33,1,32,富邦-高雄,2024-02-02,9659
3376,新日興,45,13,32,富邦-高雄,2024-02-02,9659
2374,佳能,31,2,29,富邦-高雄,2024-02-02,9659
6695,芯鼎,136,108,28,富邦-高雄,2024-02-02,9659
2889,國票金,28,0,28,富邦-高雄,2024-02-02,9659
6770,力積電,27,1,26,富邦-高雄,2024-02-02,9659
1605,華新,32,7,25,富邦-高雄,2024-02-02,9659
2340,台亞,26,1,25,富邦-高雄,2024-02-02,9659
5251,天鉞電,25,1,24,富邦-高雄,2024-02-02,9659
1718,中纖,23,0,23,富邦-高雄,2024-02-02,9659
00929,復華台灣科技優息,89,66,23,富邦-高雄,2024-02-02,9659
2618,長榮航,36,15,21,富邦-高雄,2024-02-02,9659
1815,富喬,21,0,21,富邦-高雄,2024-02-02,9659
00665L,富邦�琤肭磪囓�2,21,0,21,富邦-高雄,2024-02-02,9659
5521,工信,23,2,21,富邦-高雄,2024-02-02,9659
2313,華通,46,25,21,富邦-高雄,2024-02-02,9659
5258,虹堡,32,12,20,富邦-高雄,2024-02-02,9659
2355,敬鵬,21,1,20,富邦-高雄,2024-02-02,9659
5515,建國,20,0,20,富邦-高雄,2024-02-02,9659
2484,希華,20,0,20,富邦-高雄,2024-02-02,9659
3050,鈺德,32,13,19,富邦-高雄,2024-02-02,9659
3711,日月光投控,24,6,18,富邦-高雄,2024-02-02,9659
1314,中石化,17,0,17,富邦-高雄,2024-02-02,9659
1514,亞力,20,3,17,富邦-高雄,2024-02-02,9659
4714,永捷,19,3,16,富邦-高雄,2024-02-02,9659
00643,群益深証中小,16,0,16,富邦-高雄,2024-02-02,9659
1616,億泰,16,0,16,富邦-高雄,2024-02-02,9659
00937B,群益ESG投等債20,865,15,850,富邦-高雄,2024-02-05,9659
00632R,元大台灣50反1,831,2,829,富邦-高雄,2024-02-05,9659
2465,麗臺,229,5,224,富邦-高雄,2024-02-05,9659
00687B,國泰20年美債,242,36,206,富邦-高雄,2024-02-05,9659
00679B,元大美債20年,244,59,185,富邦-高雄,2024-02-05,9659
00882,中信中國高股息,190,6,184,富邦-高雄,2024-02-05,9659
00929,復華台灣科技優息,209,37,172,富邦-高雄,2024-02-05,9659
3231,緯創,227,63,164,富邦-高雄,2024-02-05,9659
8085,福華,126,6,120,富邦-高雄,2024-02-05,9659
2897,王道銀行,100,0,100,富邦-高雄,2024-02-05,9659
00650L,復華香港正2,110,10,100,富邦-高雄,2024-02-05,9659
2371,大同,103,4,99,富邦-高雄,2024-02-05,9659
00680L,元大美債20正2,106,8,98,富邦-高雄,2024-02-05,9659
3051,力特,128,34,94,富邦-高雄,2024-02-05,9659
00715L,期街口布蘭特正2,116,23,93,富邦-高雄,2024-02-05,9659
6698,旭暉應材,76,0,76,富邦-高雄,2024-02-05,9659
00931B,統一美債20年,74,6,68,富邦-高雄,2024-02-05,9659
00878,國泰永續高股息,106,45,61,富邦-高雄,2024-02-05,9659
3390,旭軟,60,0,60,富邦-高雄,2024-02-05,9659
2340,台亞,80,21,59,富邦-高雄,2024-02-05,9659
2884,玉山金,67,10,57,富邦-高雄,2024-02-05,9659
1314,中石化,54,1,53,富邦-高雄,2024-02-05,9659
6584,南俊國際,57,4,53,富邦-高雄,2024-02-05,9659
5210,寶碩,52,0,52,富邦-高雄,2024-02-05,9659
8111,立��,50,0,50,富邦-高雄,2024-02-05,9659
00919,群益台灣精選高息,79,29,50,富邦-高雄,2024-02-05,9659
00696B,富邦美債20年,95,47,48,富邦-高雄,2024-02-05,9659
8936,國統,52,4,48,富邦-高雄,2024-02-05,9659
2509,全坤建,46,0,46,富邦-高雄,2024-02-05,9659
2356,英業達,73,30,43,富邦-高雄,2024-02-05,9659
2484,希華,41,0,41,富邦-高雄,2024-02-05,9659
00670L,富邦NASDAQ正2,40,0,40,富邦-高雄,2024-02-05,9659
00768B,復華20年美債,40,0,40,富邦-高雄,2024-02-05,9659
3545,敦泰,36,0,36,富邦-高雄,2024-02-05,9659
3380,明泰,35,4,31,富邦-高雄,2024-02-05,9659
00933B,國泰10Y+金融債,32,1,31,富邦-高雄,2024-02-05,9659
2498,宏達電,34,4,30,富邦-高雄,2024-02-05,9659
5381,合正,30,0,30,富邦-高雄,2024-02-05,9659
4131,浩泰,30,0,30,富邦-高雄,2024-02-05,9659
2618,長榮航,69,40,29,富邦-高雄,2024-02-05,9659
6504,南六,36,7,29,富邦-高雄,2024-02-05,9659
00753L,中信中國50正2,127,100,27,富邦-高雄,2024-02-05,9659
2610,華航,26,4,22,富邦-高雄,2024-02-05,9659
00665L,富邦�琤肭磪囓�2,25,3,22,富邦-高雄,2024-02-05,9659
2421,建準,56,36,20,富邦-高雄,2024-02-05,9659
2887,台新金,20,0,20,富邦-高雄,2024-02-05,9659
6695,芯鼎,85,66,19,富邦-高雄,2024-02-05,9659
2376,技嘉,86,67,19,富邦-高雄,2024-02-05,9659
00764B,群益25年美債,20,1,19,富邦-高雄,2024-02-05,9659
2329,華泰,42,24,18,富邦-高雄,2024-02-05,9659
00679B,元大美債20年,3166,13,3153,富邦-高雄,2024-02-15,9659
00937B,群益ESG投等債20,533,123,410,富邦-高雄,2024-02-15,9659
00673R,期元大S＆P原油反1,244,6,238,富邦-高雄,2024-02-15,9659
00687B,國泰20年美債,228,5,223,富邦-高雄,2024-02-15,9659
00933B,國泰10Y+金融債,285,64,221,富邦-高雄,2024-02-15,9659
00632R,元大台灣50反1,385,234,151,富邦-高雄,2024-02-15,9659
00688L,國泰20年美債正2,169,27,142,富邦-高雄,2024-02-15,9659
00795B,中信美國公債20年,121,0,121,富邦-高雄,2024-02-15,9659
00929,復華台灣科技優息,262,142,120,富邦-高雄,2024-02-15,9659
3481,群創,146,28,118,富邦-高雄,2024-02-15,9659
2353,宏��,138,23,115,富邦-高雄,2024-02-15,9659
00680L,元大美債20正2,141,35,106,富邦-高雄,2024-02-15,9659
6462,神盾,104,2,102,富邦-高雄,2024-02-15,9659
1717,長興,102,0,102,富邦-高雄,2024-02-15,9659
00712,復華富時不動產,98,0,98,富邦-高雄,2024-02-15,9659
2610,華航,97,7,90,富邦-高雄,2024-02-15,9659
4714,永捷,119,30,89,富邦-高雄,2024-02-15,9659
00720B,元大投資級公司債,93,6,87,富邦-高雄,2024-02-15,9659
2465,麗臺,80,3,77,富邦-高雄,2024-02-15,9659
1815,富喬,96,24,72,富邦-高雄,2024-02-15,9659
00931B,統一美債20年,68,5,63,富邦-高雄,2024-02-15,9659
00768B,復華20年美債,60,0,60,富邦-高雄,2024-02-15,9659
00864B,中信美國公債0-1,57,0,57,富邦-高雄,2024-02-15,9659
9105,泰金寶-DR,63,11,52,富邦-高雄,2024-02-15,9659
4306,炎洲,50,1,49,富邦-高雄,2024-02-15,9659
00751B,元大AAA至A公司債,48,0,48,富邦-高雄,2024-02-15,9659
00696B,富邦美債20年,48,0,48,富邦-高雄,2024-02-15,9659
2344,華邦電,71,26,45,富邦-高雄,2024-02-15,9659
6695,芯鼎,52,7,45,富邦-高雄,2024-02-15,9659
2408,南亞科,45,2,43,富邦-高雄,2024-02-15,9659
2371,大同,46,12,34,富邦-高雄,2024-02-15,9659
2883,凱基金,59,26,33,富邦-高雄,2024-02-15,9659
6187,萬潤,31,0,31,富邦-高雄,2024-02-15,9659
2002,中鋼,32,1,31,富邦-高雄,2024-02-15,9659
00706L,期元大S＆P日圓正2,31,1,30,富邦-高雄,2024-02-15,9659
1440,南紡,37,10,27,富邦-高雄,2024-02-15,9659
2618,長榮航,60,33,27,富邦-高雄,2024-02-15,9659
3230,錦明,26,0,26,富邦-高雄,2024-02-15,9659
2331,精英,23,0,23,富邦-高雄,2024-02-15,9659
5210,寶碩,25,3,22,富邦-高雄,2024-02-15,9659
6770,力積電,21,0,21,富邦-高雄,2024-02-15,9659
00670L,富邦NASDAQ正2,22,1,21,富邦-高雄,2024-02-15,9659
4953,緯軟,21,0,21,富邦-高雄,2024-02-15,9659
2362,藍天,21,1,20,富邦-高雄,2024-02-15,9659
2887,台新金,26,7,19,富邦-高雄,2024-02-15,9659
2888,新光金,18,0,18,富邦-高雄,2024-02-15,9659
00891,中信關鍵半導體,31,13,18,富邦-高雄,2024-02-15,9659
00739,元大MSCI A股,17,0,17,富邦-高雄,2024-02-15,9659
5009,榮剛,17,0,17,富邦-高雄,2024-02-15,9659
2031,新光鋼,16,0,16,富邦-高雄,2024-02-15,9659
00687B,國泰20年美債,130,2,128,富邦-高雄,2024-02-16,9659
00937B,群益ESG投等債20,133,8,125,富邦-高雄,2024-02-16,9659
00680L,元大美債20正2,130,10,120,富邦-高雄,2024-02-16,9659
00933B,國泰10Y+金融債,110,1,109,富邦-高雄,2024-02-16,9659
4510,高鋒,90,0,90,富邦-高雄,2024-02-16,9659
4714,永捷,97,8,89,富邦-高雄,2024-02-16,9659
2609,陽明,106,17,89,富邦-高雄,2024-02-16,9659
00673R,期元大S＆P原油反1,72,2,70,富邦-高雄,2024-02-16,9659
6530,創威,93,29,64,富邦-高雄,2024-02-16,9659
8215,明基材,71,12,59,富邦-高雄,2024-02-16,9659
00679B,元大美債20年,70,11,59,富邦-高雄,2024-02-16,9659
3265,台星科,69,11,58,富邦-高雄,2024-02-16,9659
2382,廣達,110,60,50,富邦-高雄,2024-02-16,9659
2486,一詮,76,26,50,富邦-高雄,2024-02-16,9659
6142,友勁,50,0,50,富邦-高雄,2024-02-16,9659
00795B,中信美國公債20年,48,0,48,富邦-高雄,2024-02-16,9659
00878,國泰永續高股息,105,59,46,富邦-高雄,2024-02-16,9659
00725B,國泰投資級公司債,48,5,43,富邦-高雄,2024-02-16,9659
2367,燿華,62,19,43,富邦-高雄,2024-02-16,9659
5210,寶碩,42,0,42,富邦-高雄,2024-02-16,9659
5871,中租-KY,41,0,41,富邦-高雄,2024-02-16,9659
00720B,元大投資級公司債,45,5,40,富邦-高雄,2024-02-16,9659
1618,合機,41,4,37,富邦-高雄,2024-02-16,9659
00931B,統一美債20年,38,2,36,富邦-高雄,2024-02-16,9659
6125,廣運,79,43,36,富邦-高雄,2024-02-16,9659
9105,泰金寶-DR,32,0,32,富邦-高雄,2024-02-16,9659
1316,上曜,79,47,32,富邦-高雄,2024-02-16,9659
1440,南紡,46,15,31,富邦-高雄,2024-02-16,9659
2352,佳世達,57,26,31,富邦-高雄,2024-02-16,9659
2887,台新金,30,0,30,富邦-高雄,2024-02-16,9659
1101,台泥,39,10,29,富邦-高雄,2024-02-16,9659
3450,聯鈞,59,30,29,富邦-高雄,2024-02-16,9659
3706,神達,58,33,25,富邦-高雄,2024-02-16,9659
2371,大同,41,18,23,富邦-高雄,2024-02-16,9659
2303,聯電,40,18,22,富邦-高雄,2024-02-16,9659
3481,群創,39,18,21,富邦-高雄,2024-02-16,9659
3715,定穎投控,24,3,21,富邦-高雄,2024-02-16,9659
8227,巨有科技,23,2,21,富邦-高雄,2024-02-16,9659
6187,萬潤,37,16,21,富邦-高雄,2024-02-16,9659
6285,啟��,21,1,20,富邦-高雄,2024-02-16,9659
5211,蒙恬,20,0,20,富邦-高雄,2024-02-16,9659
00857B,永豐20年美公債,20,0,20,富邦-高雄,2024-02-16,9659
6785,昱展新藥,23,3,20,富邦-高雄,2024-02-16,9659
2431,聯昌,23,3,20,富邦-高雄,2024-02-16,9659
3038,全台,56,36,20,富邦-高雄,2024-02-16,9659
2884,玉山金,25,6,19,富邦-高雄,2024-02-16,9659
2834,臺企銀,50,31,19,富邦-高雄,2024-02-16,9659
3312,弘憶股,24,6,18,富邦-高雄,2024-02-16,9659
8404,百和興業-KY,26,8,18,富邦-高雄,2024-02-16,9659
5340,建榮,20,2,18,富邦-高雄,2024-02-16,9659
00937B,群益ESG投等債20,352,0,352,富邦-高雄,2024-02-19,9659
9934,成霖,161,0,161,富邦-高雄,2024-02-19,9659
00933B,國泰10Y+金融債,132,0,132,富邦-高雄,2024-02-19,9659
00637L,元大滬深300正2,212,84,128,富邦-高雄,2024-02-19,9659
8112,至上,108,22,86,富邦-高雄,2024-02-19,9659
00687B,國泰20年美債,90,7,83,富邦-高雄,2024-02-19,9659
00679B,元大美債20年,69,0,69,富邦-高雄,2024-02-19,9659
6584,南俊國際,85,18,67,富邦-高雄,2024-02-19,9659
2603,長榮,77,16,61,富邦-高雄,2024-02-19,9659
00878,國泰永續高股息,146,90,56,富邦-高雄,2024-02-19,9659
2303,聯電,94,41,53,富邦-高雄,2024-02-19,9659
8064,東捷,57,4,53,富邦-高雄,2024-02-19,9659
9105,泰金寶-DR,46,0,46,富邦-高雄,2024-02-19,9659
2605,新興,73,28,45,富邦-高雄,2024-02-19,9659
2855,統一證,42,0,42,富邦-高雄,2024-02-19,9659
2353,宏��,94,53,41,富邦-高雄,2024-02-19,9659
00665L,富邦�琤肭磪囓�2,38,0,38,富邦-高雄,2024-02-19,9659
2537,聯上發,35,0,35,富邦-高雄,2024-02-19,9659
2867,三商壽,35,0,35,富邦-高雄,2024-02-19,9659
2367,燿華,35,1,34,富邦-高雄,2024-02-19,9659
3483,力致,37,5,32,富邦-高雄,2024-02-19,9659
00712,復華富時不動產,36,4,32,富邦-高雄,2024-02-19,9659
00680L,元大美債20正2,35,5,30,富邦-高雄,2024-02-19,9659
4510,高鋒,31,1,30,富邦-高雄,2024-02-19,9659
3234,光環,31,1,30,富邦-高雄,2024-02-19,9659
00688L,國泰20年美債正2,29,0,29,富邦-高雄,2024-02-19,9659
00919,群益台灣精選高息,71,44,27,富邦-高雄,2024-02-19,9659
2362,藍天,27,0,27,富邦-高雄,2024-02-19,9659
8215,明基材,27,1,26,富邦-高雄,2024-02-19,9659
8404,百和興業-KY,32,6,26,富邦-高雄,2024-02-19,9659
4960,誠美材,26,1,25,富邦-高雄,2024-02-19,9659
3035,智原,36,11,25,富邦-高雄,2024-02-19,9659
3013,晟銘電,45,20,25,富邦-高雄,2024-02-19,9659
8096,擎亞,77,52,25,富邦-高雄,2024-02-19,9659
6189,豐藝,52,27,25,富邦-高雄,2024-02-19,9659
00882,中信中國高股息,29,6,23,富邦-高雄,2024-02-19,9659
2461,光群雷,22,0,22,富邦-高雄,2024-02-19,9659
6548,長科*,22,0,22,富邦-高雄,2024-02-19,9659
6770,力積電,45,23,22,富邦-高雄,2024-02-19,9659
4979,華星光,62,40,22,富邦-高雄,2024-02-19,9659
3189,景碩,22,0,22,富邦-高雄,2024-02-19,9659
3055,蔚華科,28,7,21,富邦-高雄,2024-02-19,9659
3715,定穎投控,23,3,20,富邦-高雄,2024-02-19,9659
8054,安國,20,0,20,富邦-高雄,2024-02-19,9659
6138,茂達,21,1,20,富邦-高雄,2024-02-19,9659
3228,金麗科,21,2,19,富邦-高雄,2024-02-19,9659
1503,士電,50,31,19,富邦-高雄,2024-02-19,9659
1815,富喬,55,36,19,富邦-高雄,2024-02-19,9659
2897,王道銀行,20,1,19,富邦-高雄,2024-02-19,9659
8085,福華,24,5,19,富邦-高雄,2024-02-19,9659
00632R,元大台灣50反1,1313,75,1238,富邦-高雄,2024-02-20,9659
00665L,富邦�琤肭磪囓�2,524,21,503,富邦-高雄,2024-02-20,9659
00937B,群益ESG投等債20,281,6,275,富邦-高雄,2024-02-20,9659
00687B,國泰20年美債,144,1,143,富邦-高雄,2024-02-20,9659
4714,永捷,225,92,133,富邦-高雄,2024-02-20,9659
00933B,國泰10Y+金融債,117,0,117,富邦-高雄,2024-02-20,9659
00929,復華台灣科技優息,312,209,103,富邦-高雄,2024-02-20,9659
6108,競國,101,6,95,富邦-高雄,2024-02-20,9659
1815,富喬,116,28,88,富邦-高雄,2024-02-20,9659
2489,瑞軒,114,46,68,富邦-高雄,2024-02-20,9659
9105,泰金寶-DR,87,25,62,富邦-高雄,2024-02-20,9659
1515,力山,60,0,60,富邦-高雄,2024-02-20,9659
2605,新興,86,28,58,富邦-高雄,2024-02-20,9659
2332,友訊,66,13,53,富邦-高雄,2024-02-20,9659
2883,凱基金,57,7,50,富邦-高雄,2024-02-20,9659
00919,群益台灣精選高息,220,172,48,富邦-高雄,2024-02-20,9659
6126,信音,52,4,48,富邦-高雄,2024-02-20,9659
00673R,期元大S＆P原油反1,45,0,45,富邦-高雄,2024-02-20,9659
00650L,復華香港正2,40,0,40,富邦-高雄,2024-02-20,9659
3481,群創,51,13,38,富邦-高雄,2024-02-20,9659
2897,王道銀行,40,2,38,富邦-高雄,2024-02-20,9659
3545,敦泰,51,14,37,富邦-高雄,2024-02-20,9659
00795B,中信美國公債20年,36,0,36,富邦-高雄,2024-02-20,9659
1806,冠軍,46,10,36,富邦-高雄,2024-02-20,9659
2637,慧洋-KY,34,0,34,富邦-高雄,2024-02-20,9659
3712,永崴投控,43,9,34,富邦-高雄,2024-02-20,9659
8110,華東,81,48,33,富邦-高雄,2024-02-20,9659
00931B,統一美債20年,32,0,32,富邦-高雄,2024-02-20,9659
3006,晶豪科,33,1,32,富邦-高雄,2024-02-20,9659
00720B,元大投資級公司債,32,0,32,富邦-高雄,2024-02-20,9659
4960,誠美材,39,7,32,富邦-高雄,2024-02-20,9659
2421,建準,42,11,31,富邦-高雄,2024-02-20,9659
00688L,國泰20年美債正2,30,0,30,富邦-高雄,2024-02-20,9659
2376,技嘉,50,22,28,富邦-高雄,2024-02-20,9659
00680L,元大美債20正2,28,1,27,富邦-高雄,2024-02-20,9659
1409,新纖,26,0,26,富邦-高雄,2024-02-20,9659
2545,皇翔,25,0,25,富邦-高雄,2024-02-20,9659
6005,群益證,25,0,25,富邦-高雄,2024-02-20,9659
2465,麗臺,28,4,24,富邦-高雄,2024-02-20,9659
8064,東捷,40,18,22,富邦-高雄,2024-02-20,9659
8404,百和興業-KY,38,17,21,富邦-高雄,2024-02-20,9659
2201,裕隆,23,3,20,富邦-高雄,2024-02-20,9659
6548,長科*,21,1,20,富邦-高雄,2024-02-20,9659
6109,亞元,20,0,20,富邦-高雄,2024-02-20,9659
1440,南紡,22,2,20,富邦-高雄,2024-02-20,9659
00679B,元大美債20年,23,3,20,富邦-高雄,2024-02-20,9659
3321,同泰,19,0,19,富邦-高雄,2024-02-20,9659
3437,榮創,45,26,19,富邦-高雄,2024-02-20,9659
6237,驊訊,34,15,19,富邦-高雄,2024-02-20,9659
5871,中租-KY,20,2,18,富邦-高雄,2024-02-20,9659
3231,緯創,568,78,490,富邦-高雄,2024-02-21,9659
5521,工信,275,8,267,富邦-高雄,2024-02-21,9659
00878,國泰永續高股息,256,28,228,富邦-高雄,2024-02-21,9659
00937B,群益ESG投等債20,301,90,211,富邦-高雄,2024-02-21,9659
00919,群益台灣精選高息,268,79,189,富邦-高雄,2024-02-21,9659
1316,上曜,230,63,167,富邦-高雄,2024-02-21,9659
2913,農林,143,0,143,富邦-高雄,2024-02-21,9659
00891,中信關鍵半導體,114,0,114,富邦-高雄,2024-02-21,9659
00927,群益半導體收益,102,0,102,富邦-高雄,2024-02-21,9659
00933B,國泰10Y+金融債,98,0,98,富邦-高雄,2024-02-21,9659
2465,麗臺,103,12,91,富邦-高雄,2024-02-21,9659
5443,均豪,230,139,91,富邦-高雄,2024-02-21,9659
00795B,中信美國公債20年,90,0,90,富邦-高雄,2024-02-21,9659
00929,復華台灣科技優息,151,80,71,富邦-高雄,2024-02-21,9659
2612,中航,72,1,71,富邦-高雄,2024-02-21,9659
2303,聯電,72,7,65,富邦-高雄,2024-02-21,9659
2882,國泰金,56,1,55,富邦-高雄,2024-02-21,9659
8176,智捷,52,0,52,富邦-高雄,2024-02-21,9659
00687B,國泰20年美債,55,7,48,富邦-高雄,2024-02-21,9659
00643,群益深証中小,48,1,47,富邦-高雄,2024-02-21,9659
5272,笙科,56,9,47,富邦-高雄,2024-02-21,9659
6187,萬潤,61,20,41,富邦-高雄,2024-02-21,9659
1560,中砂,55,14,41,富邦-高雄,2024-02-21,9659
2611,志信,40,1,39,富邦-高雄,2024-02-21,9659
00673R,期元大S＆P原油反1,39,0,39,富邦-高雄,2024-02-21,9659
6584,南俊國際,33,0,33,富邦-高雄,2024-02-21,9659
00676R,富邦臺灣加權反1,30,0,30,富邦-高雄,2024-02-21,9659
5315,光聯,30,0,30,富邦-高雄,2024-02-21,9659
020034,元大IC設計N,30,0,30,富邦-高雄,2024-02-21,9659
2889,國票金,30,0,30,富邦-高雄,2024-02-21,9659
3712,永崴投控,32,2,30,富邦-高雄,2024-02-21,9659
6282,康舒,33,5,28,富邦-高雄,2024-02-21,9659
6189,豐藝,47,20,27,富邦-高雄,2024-02-21,9659
3545,敦泰,29,3,26,富邦-高雄,2024-02-21,9659
6462,神盾,30,5,25,富邦-高雄,2024-02-21,9659
6806,森崴能源,28,3,25,富邦-高雄,2024-02-21,9659
2332,友訊,26,2,24,富邦-高雄,2024-02-21,9659
00931B,統一美債20年,24,0,24,富邦-高雄,2024-02-21,9659
8085,福華,45,21,24,富邦-高雄,2024-02-21,9659
6126,信音,68,45,23,富邦-高雄,2024-02-21,9659
2886,兆豐金,24,1,23,富邦-高雄,2024-02-21,9659
3481,群創,95,73,22,富邦-高雄,2024-02-21,9659
00900,富邦特選高股息30,27,5,22,富邦-高雄,2024-02-21,9659
3265,台星科,26,4,22,富邦-高雄,2024-02-21,9659
3227,原相,30,9,21,富邦-高雄,2024-02-21,9659
8213,志超,20,0,20,富邦-高雄,2024-02-21,9659
8064,東捷,46,26,20,富邦-高雄,2024-02-21,9659
2615,萬海,20,0,20,富邦-高雄,2024-02-21,9659
3081,聯亞,30,11,19,富邦-高雄,2024-02-21,9659
2885,元大金,20,1,19,富邦-高雄,2024-02-21,9659
2913,農林,509,12,497,富邦-高雄,2024-02-22,9659
00680L,元大美債20正2,338,0,338,富邦-高雄,2024-02-22,9659
2610,華航,235,3,232,富邦-高雄,2024-02-22,9659
00937B,群益ESG投等債20,191,10,181,富邦-高雄,2024-02-22,9659
00933B,國泰10Y+金融債,163,4,159,富邦-高雄,2024-02-22,9659
5272,笙科,114,5,109,富邦-高雄,2024-02-22,9659
1316,上曜,107,4,103,富邦-高雄,2024-02-22,9659
00687B,國泰20年美債,133,35,98,富邦-高雄,2024-02-22,9659
00882,中信中國高股息,126,30,96,富邦-高雄,2024-02-22,9659
2208,台船,77,3,74,富邦-高雄,2024-02-22,9659
2371,大同,221,148,73,富邦-高雄,2024-02-22,9659
9934,成霖,72,1,71,富邦-高雄,2024-02-22,9659
00712,復華富時不動產,69,3,66,富邦-高雄,2024-02-22,9659
9105,泰金寶-DR,125,63,62,富邦-高雄,2024-02-22,9659
4908,前鼎,72,10,62,富邦-高雄,2024-02-22,9659
00688L,國泰20年美債正2,68,8,60,富邦-高雄,2024-02-22,9659
4157,太景*-KY,67,8,59,富邦-高雄,2024-02-22,9659
00795B,中信美國公債20年,53,0,53,富邦-高雄,2024-02-22,9659
6166,凌華,54,3,51,富邦-高雄,2024-02-22,9659
00679B,元大美債20年,53,2,51,富邦-高雄,2024-02-22,9659
3714,富采,50,0,50,富邦-高雄,2024-02-22,9659
00891,中信關鍵半導體,55,6,49,富邦-高雄,2024-02-22,9659
00931B,統一美債20年,48,0,48,富邦-高雄,2024-02-22,9659
1618,合機,52,7,45,富邦-高雄,2024-02-22,9659
00673R,期元大S＆P原油反1,44,0,44,富邦-高雄,2024-02-22,9659
3588,通嘉,46,3,43,富邦-高雄,2024-02-22,9659
5315,光聯,41,0,41,富邦-高雄,2024-02-22,9659
3363,上詮,71,31,40,富邦-高雄,2024-02-22,9659
2356,英業達,73,36,37,富邦-高雄,2024-02-22,9659
2884,玉山金,39,2,37,富邦-高雄,2024-02-22,9659
3221,台嘉碩,49,13,36,富邦-高雄,2024-02-22,9659
2329,華泰,162,128,34,富邦-高雄,2024-02-22,9659
6706,惠特,33,0,33,富邦-高雄,2024-02-22,9659
2883,凱基金,38,6,32,富邦-高雄,2024-02-22,9659
3265,台星科,70,38,32,富邦-高雄,2024-02-22,9659
3055,蔚華科,69,38,31,富邦-高雄,2024-02-22,9659
3706,神達,85,56,29,富邦-高雄,2024-02-22,9659
3312,弘憶股,35,6,29,富邦-高雄,2024-02-22,9659
00753L,中信中國50正2,39,10,29,富邦-高雄,2024-02-22,9659
2618,長榮航,35,6,29,富邦-高雄,2024-02-22,9659
3041,揚智,54,26,28,富邦-高雄,2024-02-22,9659
6770,力積電,48,20,28,富邦-高雄,2024-02-22,9659
4960,誠美材,44,17,27,富邦-高雄,2024-02-22,9659
6504,南六,66,40,26,富邦-高雄,2024-02-22,9659
00641R,富邦日本反1,25,0,25,富邦-高雄,2024-02-22,9659
2405,輔信,32,8,24,富邦-高雄,2024-02-22,9659
5381,合正,30,7,23,富邦-高雄,2024-02-22,9659
8021,尖點,23,1,22,富邦-高雄,2024-02-22,9659
2065,世豐,22,0,22,富邦-高雄,2024-02-22,9659
5498,凱崴,33,12,21,富邦-高雄,2024-02-22,9659
2887,台新金,1006,21,985,富邦-高雄,2024-02-23,9659
00680L,元大美債20正2,267,0,267,富邦-高雄,2024-02-23,9659
00937B,群益ESG投等債20,300,57,243,富邦-高雄,2024-02-23,9659
00933B,國泰10Y+金融債,161,16,145,富邦-高雄,2024-02-23,9659
00632R,元大台灣50反1,262,118,144,富邦-高雄,2024-02-23,9659
4157,太景*-KY,133,0,133,富邦-高雄,2024-02-23,9659
2206,三陽工業,100,1,99,富邦-高雄,2024-02-23,9659
3013,晟銘電,93,8,85,富邦-高雄,2024-02-23,9659
2303,聯電,90,13,77,富邦-高雄,2024-02-23,9659
2618,長榮航,115,47,68,富邦-高雄,2024-02-23,9659
8110,華東,72,6,66,富邦-高雄,2024-02-23,9659
3390,旭軟,79,21,58,富邦-高雄,2024-02-23,9659
00919,群益台灣精選高息,165,108,57,富邦-高雄,2024-02-23,9659
3363,上詮,228,173,55,富邦-高雄,2024-02-23,9659
00687B,國泰20年美債,56,2,54,富邦-高雄,2024-02-23,9659
00679B,元大美債20年,48,0,48,富邦-高雄,2024-02-23,9659
8936,國統,51,5,46,富邦-高雄,2024-02-23,9659
00885,富邦越南,45,3,42,富邦-高雄,2024-02-23,9659
2888,新光金,45,4,41,富邦-高雄,2024-02-23,9659
2329,華泰,382,342,40,富邦-高雄,2024-02-23,9659
2609,陽明,70,30,40,富邦-高雄,2024-02-23,9659
00878,國泰永續高股息,90,50,40,富邦-高雄,2024-02-23,9659
8064,東捷,99,60,39,富邦-高雄,2024-02-23,9659
4979,華星光,53,16,37,富邦-高雄,2024-02-23,9659
6770,力積電,36,1,35,富邦-高雄,2024-02-23,9659
00795B,中信美國公債20年,34,0,34,富邦-高雄,2024-02-23,9659
2883,凱基金,41,8,33,富邦-高雄,2024-02-23,9659
00637L,元大滬深300正2,59,27,32,富邦-高雄,2024-02-23,9659
1815,富喬,97,65,32,富邦-高雄,2024-02-23,9659
00935,野村臺灣新科技50,46,15,31,富邦-高雄,2024-02-23,9659
1301,台塑,31,0,31,富邦-高雄,2024-02-23,9659
00662,富邦NASDAQ,32,1,31,富邦-高雄,2024-02-23,9659
00891,中信關鍵半導體,33,3,30,富邦-高雄,2024-02-23,9659
2421,建準,56,26,30,富邦-高雄,2024-02-23,9659
6127,九豪,28,0,28,富邦-高雄,2024-02-23,9659
3583,辛耘,52,25,27,富邦-高雄,2024-02-23,9659
4755,三福化,28,1,27,富邦-高雄,2024-02-23,9659
00673R,期元大S＆P原油反1,26,0,26,富邦-高雄,2024-02-23,9659
3715,定穎投控,28,3,25,富邦-高雄,2024-02-23,9659
2344,華邦電,34,9,25,富邦-高雄,2024-02-23,9659
5443,均豪,203,178,25,富邦-高雄,2024-02-23,9659
2637,慧洋-KY,27,2,25,富邦-高雄,2024-02-23,9659
1303,南亞,24,1,23,富邦-高雄,2024-02-23,9659
3483,力致,26,4,22,富邦-高雄,2024-02-23,9659
6530,創威,39,17,22,富邦-高雄,2024-02-23,9659
2884,玉山金,34,12,22,富邦-高雄,2024-02-23,9659
3234,光環,27,6,21,富邦-高雄,2024-02-23,9659
00688L,國泰20年美債正2,21,0,21,富邦-高雄,2024-02-23,9659
4402,郡都開發,20,1,19,富邦-高雄,2024-02-23,9659
2634,漢翔,22,3,19,富邦-高雄,2024-02-23,9659
2887,台新金,335,2,333,富邦-高雄,2024-02-26,9659
00878,國泰永續高股息,259,51,208,富邦-高雄,2024-02-26,9659
00637L,元大滬深300正2,208,7,201,富邦-高雄,2024-02-26,9659
00933B,國泰10Y+金融債,196,55,141,富邦-高雄,2024-02-26,9659
2465,麗臺,140,0,140,富邦-高雄,2024-02-26,9659
3522,御嵿,120,0,120,富邦-高雄,2024-02-26,9659
2609,陽明,120,12,108,富邦-高雄,2024-02-26,9659
00720B,元大投資級公司債,117,25,92,富邦-高雄,2024-02-26,9659
00885,富邦越南,88,3,85,富邦-高雄,2024-02-26,9659
00687B,國泰20年美債,77,2,75,富邦-高雄,2024-02-26,9659
3324,雙鴻,69,8,61,富邦-高雄,2024-02-26,9659
6462,神盾,68,11,57,富邦-高雄,2024-02-26,9659
00919,群益台灣精選高息,185,133,52,富邦-高雄,2024-02-26,9659
2303,聯電,82,31,51,富邦-高雄,2024-02-26,9659
00650L,復華香港正2,52,6,46,富邦-高雄,2024-02-26,9659
6799,來頡,61,16,45,富邦-高雄,2024-02-26,9659
8040,九暘,70,28,42,富邦-高雄,2024-02-26,9659
3481,群創,68,28,40,富邦-高雄,2024-02-26,9659
2301,光寶科,41,2,39,富邦-高雄,2024-02-26,9659
2355,敬鵬,42,4,38,富邦-高雄,2024-02-26,9659
00665L,富邦�琤肭磪囓�2,67,30,37,富邦-高雄,2024-02-26,9659
1609,大亞,80,44,36,富邦-高雄,2024-02-26,9659
3430,奇鈦科,32,0,32,富邦-高雄,2024-02-26,9659
2884,玉山金,33,1,32,富邦-高雄,2024-02-26,9659
2890,永豐金,50,20,30,富邦-高雄,2024-02-26,9659
6170,統振,30,0,30,富邦-高雄,2024-02-26,9659
00795B,中信美國公債20年,41,11,30,富邦-高雄,2024-02-26,9659
4908,前鼎,69,40,29,富邦-高雄,2024-02-26,9659
2889,國票金,30,1,29,富邦-高雄,2024-02-26,9659
1514,亞力,88,60,28,富邦-高雄,2024-02-26,9659
2002,中鋼,28,1,27,富邦-高雄,2024-02-26,9659
6742,澤米,27,0,27,富邦-高雄,2024-02-26,9659
6443,元晶,28,2,26,富邦-高雄,2024-02-26,9659
8047,星雲,26,0,26,富邦-高雄,2024-02-26,9659
4157,太景*-KY,25,0,25,富邦-高雄,2024-02-26,9659
5871,中租-KY,24,0,24,富邦-高雄,2024-02-26,9659
6274,台燿,95,72,23,富邦-高雄,2024-02-26,9659
3622,洋華,24,1,23,富邦-高雄,2024-02-26,9659
4714,永捷,52,31,21,富邦-高雄,2024-02-26,9659
00773B,中信優先金融債,20,0,20,富邦-高雄,2024-02-26,9659
4542,科嶠,22,2,20,富邦-高雄,2024-02-26,9659
2329,華泰,79,59,20,富邦-高雄,2024-02-26,9659
1503,士電,73,54,19,富邦-高雄,2024-02-26,9659
2495,普安,25,6,19,富邦-高雄,2024-02-26,9659
2484,希華,21,2,19,富邦-高雄,2024-02-26,9659
1326,台化,19,0,19,富邦-高雄,2024-02-26,9659
3313,斐成,18,0,18,富邦-高雄,2024-02-26,9659
2409,友達,23,5,18,富邦-高雄,2024-02-26,9659
3707,漢磊,17,0,17,富邦-高雄,2024-02-26,9659
00712,復華富時不動產,17,0,17,富邦-高雄,2024-02-26,9659
00937B,群益ESG投等債20,1391,418,973,富邦-高雄,2024-02-27,9659
00680L,元大美債20正2,485,1,484,富邦-高雄,2024-02-27,9659
00720B,元大投資級公司債,417,0,417,富邦-高雄,2024-02-27,9659
00878,國泰永續高股息,469,64,405,富邦-高雄,2024-02-27,9659
00637L,元大滬深300正2,378,68,310,富邦-高雄,2024-02-27,9659
5272,笙科,185,40,145,富邦-高雄,2024-02-27,9659
4157,太景*-KY,125,0,125,富邦-高雄,2024-02-27,9659
3363,上詮,290,178,112,富邦-高雄,2024-02-27,9659
1711,永光,167,61,106,富邦-高雄,2024-02-27,9659
3522,御嵿,101,0,101,富邦-高雄,2024-02-27,9659
00933B,國泰10Y+金融債,92,11,81,富邦-高雄,2024-02-27,9659
00687B,國泰20年美債,74,5,69,富邦-高雄,2024-02-27,9659
2313,華通,98,30,68,富邦-高雄,2024-02-27,9659
00919,群益台灣精選高息,290,229,61,富邦-高雄,2024-02-27,9659
00712,復華富時不動產,84,24,60,富邦-高雄,2024-02-27,9659
2301,光寶科,71,17,54,富邦-高雄,2024-02-27,9659
2603,長榮,133,86,47,富邦-高雄,2024-02-27,9659
00679B,元大美債20年,44,5,39,富邦-高雄,2024-02-27,9659
00650L,復華香港正2,53,15,38,富邦-高雄,2024-02-27,9659
5469,瀚宇博,38,0,38,富邦-高雄,2024-02-27,9659
6113,亞矽,58,20,38,富邦-高雄,2024-02-27,9659
6282,康舒,36,0,36,富邦-高雄,2024-02-27,9659
3013,晟銘電,33,0,33,富邦-高雄,2024-02-27,9659
6770,力積電,32,0,32,富邦-高雄,2024-02-27,9659
2002,中鋼,33,2,31,富邦-高雄,2024-02-27,9659
3689,湧德,55,24,31,富邦-高雄,2024-02-27,9659
3706,神達,67,37,30,富邦-高雄,2024-02-27,9659
1303,南亞,35,6,29,富邦-高雄,2024-02-27,9659
2618,長榮航,46,19,27,富邦-高雄,2024-02-27,9659
1721,三晃,68,43,25,富邦-高雄,2024-02-27,9659
3037,欣興,72,48,24,富邦-高雄,2024-02-27,9659
6933,AMAX-KY,28,4,24,富邦-高雄,2024-02-27,9659
6443,元晶,23,0,23,富邦-高雄,2024-02-27,9659
1314,中石化,21,0,21,富邦-高雄,2024-02-27,9659
3149,正達,20,0,20,富邦-高雄,2024-02-27,9659
5014,建錩,20,0,20,富邦-高雄,2024-02-27,9659
1514,亞力,39,20,19,富邦-高雄,2024-02-27,9659
8070,長華*,19,0,19,富邦-高雄,2024-02-27,9659
00696B,富邦美債20年,19,0,19,富邦-高雄,2024-02-27,9659
00795B,中信美國公債20年,18,0,18,富邦-高雄,2024-02-27,9659
2337,旺宏,19,1,18,富邦-高雄,2024-02-27,9659
00662,富邦NASDAQ,18,0,18,富邦-高雄,2024-02-27,9659
1316,上曜,112,96,16,富邦-高雄,2024-02-27,9659
6187,萬潤,16,0,16,富邦-高雄,2024-02-27,9659
4714,永捷,16,0,16,富邦-高雄,2024-02-27,9659
2363,矽統,169,154,15,富邦-高雄,2024-02-27,9659
1460,宏遠,15,0,15,富邦-高雄,2024-02-27,9659
2609,陽明,36,21,15,富邦-高雄,2024-02-27,9659
2382,廣達,30,15,15,富邦-高雄,2024-02-27,9659
8046,南電,15,1,14,富邦-高雄,2024-02-27,9659
00680L,元大美債20正2,315,0,315,富邦-高雄,2024-02-29,9659
00937B,群益ESG投等債20,252,13,239,富邦-高雄,2024-02-29,9659
6023,元大期,221,0,221,富邦-高雄,2024-02-29,9659
1710,東聯,200,0,200,富邦-高雄,2024-02-29,9659
00673R,期元大S＆P原油反1,156,0,156,富邦-高雄,2024-02-29,9659
00679B,元大美債20年,146,3,143,富邦-高雄,2024-02-29,9659
00919,群益台灣精選高息,161,40,121,富邦-高雄,2024-02-29,9659
00933B,國泰10Y+金融債,145,40,105,富邦-高雄,2024-02-29,9659
8054,安國,98,6,92,富邦-高雄,2024-02-29,9659
1314,中石化,84,0,84,富邦-高雄,2024-02-29,9659
2484,希華,70,0,70,富邦-高雄,2024-02-29,9659
2303,聯電,84,18,66,富邦-高雄,2024-02-29,9659
00687B,國泰20年美債,71,5,66,富邦-高雄,2024-02-29,9659
3715,定穎投控,65,2,63,富邦-高雄,2024-02-29,9659
00882,中信中國高股息,80,20,60,富邦-高雄,2024-02-29,9659
00753L,中信中國50正2,125,66,59,富邦-高雄,2024-02-29,9659
00772B,中信高評級公司債,57,0,57,富邦-高雄,2024-02-29,9659
6770,力積電,58,7,51,富邦-高雄,2024-02-29,9659
00931B,統一美債20年,77,30,47,富邦-高雄,2024-02-29,9659
6584,南俊國際,47,2,45,富邦-高雄,2024-02-29,9659
4968,立積,47,3,44,富邦-高雄,2024-02-29,9659
6239,力成,50,8,42,富邦-高雄,2024-02-29,9659
00712,復華富時不動產,38,0,38,富邦-高雄,2024-02-29,9659
2367,燿華,56,20,36,富邦-高雄,2024-02-29,9659
3231,緯創,90,54,36,富邦-高雄,2024-02-29,9659
8936,國統,65,32,33,富邦-高雄,2024-02-29,9659
2362,藍天,36,4,32,富邦-高雄,2024-02-29,9659
4714,永捷,32,0,32,富邦-高雄,2024-02-29,9659
6231,系微,40,11,29,富邦-高雄,2024-02-29,9659
2888,新光金,31,5,26,富邦-高雄,2024-02-29,9659
6290,良維,49,24,25,富邦-高雄,2024-02-29,9659
4904,遠傳,25,0,25,富邦-高雄,2024-02-29,9659
3372,典範,34,9,25,富邦-高雄,2024-02-29,9659
2537,聯上發,25,0,25,富邦-高雄,2024-02-29,9659
6706,惠特,24,0,24,富邦-高雄,2024-02-29,9659
2425,承啟,53,29,24,富邦-高雄,2024-02-29,9659
00795B,中信美國公債20年,23,0,23,富邦-高雄,2024-02-29,9659
2340,台亞,23,0,23,富邦-高雄,2024-02-29,9659
9921,巨大,22,0,22,富邦-高雄,2024-02-29,9659
1326,台化,21,0,21,富邦-高雄,2024-02-29,9659
00665L,富邦�琤肭磪囓�2,32,11,21,富邦-高雄,2024-02-29,9659
8163,達方,21,0,21,富邦-高雄,2024-02-29,9659
3706,神達,30,9,21,富邦-高雄,2024-02-29,9659
5880,合庫金,31,10,21,富邦-高雄,2024-02-29,9659
1727,中華化,42,22,20,富邦-高雄,2024-02-29,9659
00645,富邦日本,20,0,20,富邦-高雄,2024-02-29,9659
2316,楠梓電,22,2,20,富邦-高雄,2024-02-29,9659
00752,中信中國50,19,0,19,富邦-高雄,2024-02-29,9659
2301,光寶科,27,9,18,富邦-高雄,2024-02-29,9659
9105,泰金寶-DR,32,15,17,富邦-高雄,2024-02-29,9659
2887,台新金,1519,1,1518,富邦-高雄,2024-03-01,9659
00679B,元大美債20年,640,12,628,富邦-高雄,2024-03-01,9659
00933B,國泰10Y+金融債,535,15,520,富邦-高雄,2024-03-01,9659
00919,群益台灣精選高息,536,59,477,富邦-高雄,2024-03-01,9659
00937B,群益ESG投等債20,441,37,404,富邦-高雄,2024-03-01,9659
00637L,元大滬深300正2,320,20,300,富邦-高雄,2024-03-01,9659
2409,友達,210,10,200,富邦-高雄,2024-03-01,9659
3231,緯創,210,68,142,富邦-高雄,2024-03-01,9659
00918,大華優利高填息30,106,0,106,富邦-高雄,2024-03-01,9659
2402,毅嘉,102,0,102,富邦-高雄,2024-03-01,9659
2442,新美齊,100,0,100,富邦-高雄,2024-03-01,9659
1618,合機,105,22,83,富邦-高雄,2024-03-01,9659
1513,中興電,153,72,81,富邦-高雄,2024-03-01,9659
2303,聯電,97,17,80,富邦-高雄,2024-03-01,9659
8054,安國,83,9,74,富邦-高雄,2024-03-01,9659
3363,上詮,78,8,70,富邦-高雄,2024-03-01,9659
6257,矽格,72,5,67,富邦-高雄,2024-03-01,9659
2486,一詮,91,31,60,富邦-高雄,2024-03-01,9659
2801,彰銀,60,0,60,富邦-高雄,2024-03-01,9659
2892,第一金,55,2,53,富邦-高雄,2024-03-01,9659
00650L,復華香港正2,51,0,51,富邦-高雄,2024-03-01,9659
5009,榮剛,58,9,49,富邦-高雄,2024-03-01,9659
2006,東和鋼鐵,46,0,46,富邦-高雄,2024-03-01,9659
6275,元山,55,11,44,富邦-高雄,2024-03-01,9659
2845,遠東銀,40,0,40,富邦-高雄,2024-03-01,9659
6127,九豪,38,1,37,富邦-高雄,2024-03-01,9659
4104,佳醫,35,0,35,富邦-高雄,2024-03-01,9659
3338,泰碩,41,6,35,富邦-高雄,2024-03-01,9659
00687B,國泰20年美債,96,62,34,富邦-高雄,2024-03-01,9659
1314,中石化,34,1,33,富邦-高雄,2024-03-01,9659
8069,元太,53,20,33,富邦-高雄,2024-03-01,9659
8085,福華,175,143,32,富邦-高雄,2024-03-01,9659
2337,旺宏,32,0,32,富邦-高雄,2024-03-01,9659
3047,訊舟,57,28,29,富邦-高雄,2024-03-01,9659
2329,華泰,95,67,28,富邦-高雄,2024-03-01,9659
2002,中鋼,46,19,27,富邦-高雄,2024-03-01,9659
6770,力積電,26,0,26,富邦-高雄,2024-03-01,9659
5515,建國,26,0,26,富邦-高雄,2024-03-01,9659
2408,南亞科,30,4,26,富邦-高雄,2024-03-01,9659
2489,瑞軒,26,1,25,富邦-高雄,2024-03-01,9659
00641R,富邦日本反1,25,0,25,富邦-高雄,2024-03-01,9659
2369,菱生,31,6,25,富邦-高雄,2024-03-01,9659
3360,尚立,44,20,24,富邦-高雄,2024-03-01,9659
2317,鴻海,24,1,23,富邦-高雄,2024-03-01,9659
2888,新光金,22,0,22,富邦-高雄,2024-03-01,9659
9945,潤泰新,24,3,21,富邦-高雄,2024-03-01,9659
2615,萬海,21,0,21,富邦-高雄,2024-03-01,9659
3622,洋華,24,3,21,富邦-高雄,2024-03-01,9659
00930,永豐ESG低碳高息,20,0,20,富邦-高雄,2024-03-01,9659
2618,長榮航,72,52,20,富邦-高雄,2024-03-01,9659
2801,彰銀,370,3,367,富邦-高雄,2024-03-04,9659
00720B,元大投資級公司債,304,0,304,富邦-高雄,2024-03-04,9659
00937B,群益ESG投等債20,189,28,161,富邦-高雄,2024-03-04,9659
6237,驊訊,154,13,141,富邦-高雄,2024-03-04,9659
00919,群益台灣精選高息,257,123,134,富邦-高雄,2024-03-04,9659
00632R,元大台灣50反1,272,144,128,富邦-高雄,2024-03-04,9659
1316,上曜,158,35,123,富邦-高雄,2024-03-04,9659
00918,大華優利高填息30,119,4,115,富邦-高雄,2024-03-04,9659
3545,敦泰,102,2,100,富邦-高雄,2024-03-04,9659
2820,華票,100,0,100,富邦-高雄,2024-03-04,9659
6257,矽格,100,1,99,富邦-高雄,2024-03-04,9659
2303,聯電,135,37,98,富邦-高雄,2024-03-04,9659
2892,第一金,89,0,89,富邦-高雄,2024-03-04,9659
3481,群創,101,30,71,富邦-高雄,2024-03-04,9659
2880,華南金,62,3,59,富邦-高雄,2024-03-04,9659
00650L,復華香港正2,55,0,55,富邦-高雄,2024-03-04,9659
8069,元太,53,3,50,富邦-高雄,2024-03-04,9659
8085,福華,50,2,48,富邦-高雄,2024-03-04,9659
6127,九豪,55,10,45,富邦-高雄,2024-03-04,9659
00915,凱基優選高股息30,66,23,43,富邦-高雄,2024-03-04,9659
00712,復華富時不動產,50,8,42,富邦-高雄,2024-03-04,9659
6288,聯嘉,52,10,42,富邦-高雄,2024-03-04,9659
2002,中鋼,69,29,40,富邦-高雄,2024-03-04,9659
5515,建國,41,1,40,富邦-高雄,2024-03-04,9659
6192,巨路,36,0,36,富邦-高雄,2024-03-04,9659
1514,亞力,112,77,35,富邦-高雄,2024-03-04,9659
00857B,永豐20年美公債,34,0,34,富邦-高雄,2024-03-04,9659
00679B,元大美債20年,36,3,33,富邦-高雄,2024-03-04,9659
1301,台塑,61,29,32,富邦-高雄,2024-03-04,9659
00665L,富邦�琤肭磪囓�2,47,15,32,富邦-高雄,2024-03-04,9659
1815,富喬,40,8,32,富邦-高雄,2024-03-04,9659
00687B,國泰20年美債,51,21,30,富邦-高雄,2024-03-04,9659
9105,泰金寶-DR,27,0,27,富邦-高雄,2024-03-04,9659
2488,漢平,24,0,24,富邦-高雄,2024-03-04,9659
00795B,中信美國公債20年,24,0,24,富邦-高雄,2024-03-04,9659
2352,佳世達,29,6,23,富邦-高雄,2024-03-04,9659
2308,台達電,31,9,22,富邦-高雄,2024-03-04,9659
3035,智原,28,6,22,富邦-高雄,2024-03-04,9659
00637L,元大滬深300正2,31,9,22,富邦-高雄,2024-03-04,9659
6770,力積電,25,3,22,富邦-高雄,2024-03-04,9659
00676R,富邦臺灣加權反1,22,1,21,富邦-高雄,2024-03-04,9659
3673,TPK-KY,21,0,21,富邦-高雄,2024-03-04,9659
00772B,中信高評級公司債,21,1,20,富邦-高雄,2024-03-04,9659
2889,國票金,20,0,20,富邦-高雄,2024-03-04,9659
4543,萬在,45,25,20,富邦-高雄,2024-03-04,9659
3047,訊舟,23,4,19,富邦-高雄,2024-03-04,9659
5864,致和證,18,0,18,富邦-高雄,2024-03-04,9659
3025,星通,26,8,18,富邦-高雄,2024-03-04,9659
00751B,元大AAA至A公司債,18,1,17,富邦-高雄,2024-03-04,9659
1414,東和,17,0,17,富邦-高雄,2024-03-04,9659
00665L,富邦�琤肭磪囓�2,325,45,280,富邦-高雄,2024-03-05,9659
00919,群益台灣精選高息,309,68,241,富邦-高雄,2024-03-05,9659
00937B,群益ESG投等債20,257,55,202,富邦-高雄,2024-03-05,9659
2801,彰銀,163,7,156,富邦-高雄,2024-03-05,9659
00650L,復華香港正2,155,30,125,富邦-高雄,2024-03-05,9659
00915,凱基優選高股息30,123,0,123,富邦-高雄,2024-03-05,9659
00753L,中信中國50正2,112,0,112,富邦-高雄,2024-03-05,9659
2486,一詮,130,32,98,富邦-高雄,2024-03-05,9659
3481,群創,165,69,96,富邦-高雄,2024-03-05,9659
6257,矽格,95,0,95,富邦-高雄,2024-03-05,9659
6770,力積電,97,7,90,富邦-高雄,2024-03-05,9659
2002,中鋼,84,10,74,富邦-高雄,2024-03-05,9659
00679B,元大美債20年,75,2,73,富邦-高雄,2024-03-05,9659
00929,復華台灣科技優息,113,53,60,富邦-高雄,2024-03-05,9659
6275,元山,80,20,60,富邦-高雄,2024-03-05,9659
2880,華南金,61,1,60,富邦-高雄,2024-03-05,9659
4402,郡都開發,56,0,56,富邦-高雄,2024-03-05,9659
00687B,國泰20年美債,57,1,56,富邦-高雄,2024-03-05,9659
4906,正文,169,115,54,富邦-高雄,2024-03-05,9659
1314,中石化,55,1,54,富邦-高雄,2024-03-05,9659
3450,聯鈞,85,35,50,富邦-高雄,2024-03-05,9659
1301,台塑,45,1,44,富邦-高雄,2024-03-05,9659
2537,聯上發,42,0,42,富邦-高雄,2024-03-05,9659
2834,臺企銀,52,10,42,富邦-高雄,2024-03-05,9659
4968,立積,48,7,41,富邦-高雄,2024-03-05,9659
6288,聯嘉,43,4,39,富邦-高雄,2024-03-05,9659
6127,九豪,50,13,37,富邦-高雄,2024-03-05,9659
1517,利奇,36,0,36,富邦-高雄,2024-03-05,9659
1409,新纖,83,47,36,富邦-高雄,2024-03-05,9659
1101,台泥,47,13,34,富邦-高雄,2024-03-05,9659
00918,大華優利高填息30,41,7,34,富邦-高雄,2024-03-05,9659
2913,農林,35,1,34,富邦-高雄,2024-03-05,9659
1736,喬山,32,0,32,富邦-高雄,2024-03-05,9659
8163,達方,35,3,32,富邦-高雄,2024-03-05,9659
00751B,元大AAA至A公司債,32,0,32,富邦-高雄,2024-03-05,9659
00891,中信關鍵半導體,39,8,31,富邦-高雄,2024-03-05,9659
2888,新光金,58,27,31,富邦-高雄,2024-03-05,9659
8070,長華*,37,7,30,富邦-高雄,2024-03-05,9659
1326,台化,32,3,29,富邦-高雄,2024-03-05,9659
2538,基泰,29,0,29,富邦-高雄,2024-03-05,9659
3691,碩禾,30,1,29,富邦-高雄,2024-03-05,9659
00857B,永豐20年美公債,28,0,28,富邦-高雄,2024-03-05,9659
2606,裕民,36,10,26,富邦-高雄,2024-03-05,9659
6285,啟��,28,2,26,富邦-高雄,2024-03-05,9659
2316,楠梓電,46,20,26,富邦-高雄,2024-03-05,9659
3017,奇鋐,40,13,27,富邦-高雄,2024-03-05,9659
5521,工信,32,6,26,富邦-高雄,2024-03-05,9659
3105,穩懋,36,10,26,富邦-高雄,2024-03-05,9659
8085,福華,29,4,25,富邦-高雄,2024-03-05,9659
00632R,元大台灣50反1,25,0,25,富邦-高雄,2024-03-05,9659
2883,凱基金,377,35,342,富邦-高雄,2024-03-06,9659
00919,群益台灣精選高息,417,75,342,富邦-高雄,2024-03-06,9659
5443,均豪,315,2,313,富邦-高雄,2024-03-06,9659
6257,矽格,215,4,211,富邦-高雄,2024-03-06,9659
2486,一詮,259,91,168,富邦-高雄,2024-03-06,9659
5521,工信,169,16,153,富邦-高雄,2024-03-06,9659
2820,華票,106,0,106,富邦-高雄,2024-03-06,9659
2603,長榮,122,26,96,富邦-高雄,2024-03-06,9659
00915,凱基優選高股息30,105,10,95,富邦-高雄,2024-03-06,9659
6462,神盾,80,4,76,富邦-高雄,2024-03-06,9659
2323,中環,78,11,67,富邦-高雄,2024-03-06,9659
4908,前鼎,72,6,66,富邦-高雄,2024-03-06,9659
3338,泰碩,114,49,65,富邦-高雄,2024-03-06,9659
00712,復華富時不動產,65,4,61,富邦-高雄,2024-03-06,9659
1722,台肥,61,1,60,富邦-高雄,2024-03-06,9659
8011,台通,119,61,58,富邦-高雄,2024-03-06,9659
1609,大亞,130,74,56,富邦-高雄,2024-03-06,9659
3051,力特,68,14,54,富邦-高雄,2024-03-06,9659
2610,華航,69,18,51,富邦-高雄,2024-03-06,9659
2516,新建,58,8,50,富邦-高雄,2024-03-06,9659
2442,新美齊,50,0,50,富邦-高雄,2024-03-06,9659
2465,麗臺,50,0,50,富邦-高雄,2024-03-06,9659
1314,中石化,51,1,50,富邦-高雄,2024-03-06,9659
00632R,元大台灣50反1,118,70,48,富邦-高雄,2024-03-06,9659
6125,廣運,147,103,44,富邦-高雄,2024-03-06,9659
6584,南俊國際,43,0,43,富邦-高雄,2024-03-06,9659
6531,愛普*,52,10,42,富邦-高雄,2024-03-06,9659
5498,凱崴,67,27,40,富邦-高雄,2024-03-06,9659
3689,湧德,92,53,39,富邦-高雄,2024-03-06,9659
3481,群創,87,50,37,富邦-高雄,2024-03-06,9659
3276,宇環,37,1,36,富邦-高雄,2024-03-06,9659
1608,華榮,86,50,36,富邦-高雄,2024-03-06,9659
6770,力積電,37,6,31,富邦-高雄,2024-03-06,9659
00857B,永豐20年美公債,31,0,31,富邦-高雄,2024-03-06,9659
2889,國票金,30,0,30,富邦-高雄,2024-03-06,9659
1319,東陽,38,7,31,富邦-高雄,2024-03-06,9659
4714,永捷,31,1,30,富邦-高雄,2024-03-06,9659
4960,誠美材,31,3,28,富邦-高雄,2024-03-06,9659
3049,精金,30,2,28,富邦-高雄,2024-03-06,9659
5388,中磊,29,2,27,富邦-高雄,2024-03-06,9659
1514,亞力,46,20,26,富邦-高雄,2024-03-06,9659
6451,訊芯-KY,27,1,26,富邦-高雄,2024-03-06,9659
00918,大華優利高填息30,76,51,25,富邦-高雄,2024-03-06,9659
8163,達方,56,31,25,富邦-高雄,2024-03-06,9659
8271,宇瞻,27,2,25,富邦-高雄,2024-03-06,9659
3149,正達,23,1,22,富邦-高雄,2024-03-06,9659
4543,萬在,71,51,20,富邦-高雄,2024-03-06,9659
2006,東和鋼鐵,21,1,20,富邦-高雄,2024-03-06,9659
9921,巨大,20,1,19,富邦-高雄,2024-03-06,9659
6235,華孚,36,17,19,富邦-高雄,2024-03-06,9659
00919,群益台灣精選高息,509,101,408,富邦-高雄,2024-03-07,9659
00687B,國泰20年美債,264,44,220,富邦-高雄,2024-03-07,9659
2820,華票,200,1,199,富邦-高雄,2024-03-07,9659
1455,集盛,200,1,199,富邦-高雄,2024-03-07,9659
2457,飛宏,190,1,189,富邦-高雄,2024-03-07,9659
00632R,元大台灣50反1,191,48,143,富邦-高雄,2024-03-07,9659
3029,零壹,141,0,141,富邦-高雄,2024-03-07,9659
3548,兆利,211,75,136,富邦-高雄,2024-03-07,9659
3481,群創,124,11,113,富邦-高雄,2024-03-07,9659
00918,大華優利高填息30,137,27,110,富邦-高雄,2024-03-07,9659
5521,工信,109,20,89,富邦-高雄,2024-03-07,9659
2402,毅嘉,84,2,82,富邦-高雄,2024-03-07,9659
3231,緯創,120,39,81,富邦-高雄,2024-03-07,9659
00637L,元大滬深300正2,310,230,80,富邦-高雄,2024-03-07,9659
4714,永捷,75,1,74,富邦-高雄,2024-03-07,9659
00680L,元大美債20正2,100,27,73,富邦-高雄,2024-03-07,9659
00688L,國泰20年美債正2,66,3,63,富邦-高雄,2024-03-07,9659
3430,奇鈦科,72,12,60,富邦-高雄,2024-03-07,9659
5488,松普,59,2,57,富邦-高雄,2024-03-07,9659
00929,復華台灣科技優息,319,263,56,富邦-高雄,2024-03-07,9659
6515,穎崴,60,5,55,富邦-高雄,2024-03-07,9659
5512,力麒,54,0,54,富邦-高雄,2024-03-07,9659
6163,華電網,74,20,54,富邦-高雄,2024-03-07,9659
9955,佳龍,65,18,47,富邦-高雄,2024-03-07,9659
1582,信錦,72,27,45,富邦-高雄,2024-03-07,9659
3002,歐格,53,9,44,富邦-高雄,2024-03-07,9659
2834,臺企銀,63,19,44,富邦-高雄,2024-03-07,9659
2883,凱基金,119,76,43,富邦-高雄,2024-03-07,9659
1605,華新,63,20,43,富邦-高雄,2024-03-07,9659
00676R,富邦臺灣加權反1,44,2,42,富邦-高雄,2024-03-07,9659
1616,億泰,46,7,39,富邦-高雄,2024-03-07,9659
2855,統一證,77,39,38,富邦-高雄,2024-03-07,9659
2331,精英,37,0,37,富邦-高雄,2024-03-07,9659
6546,正基,36,1,35,富邦-高雄,2024-03-07,9659
1513,中興電,51,16,35,富邦-高雄,2024-03-07,9659
2880,華南金,57,24,33,富邦-高雄,2024-03-07,9659
2006,東和鋼鐵,33,0,33,富邦-高雄,2024-03-07,9659
2356,英業達,62,29,33,富邦-高雄,2024-03-07,9659
00915,凱基優選高股息30,40,8,32,富邦-高雄,2024-03-07,9659
6901,鑽石投資,51,19,32,富邦-高雄,2024-03-07,9659
2436,偉詮電,32,0,32,富邦-高雄,2024-03-07,9659
2317,鴻海,67,36,31,富邦-高雄,2024-03-07,9659
8033,雷虎,31,0,31,富邦-高雄,2024-03-07,9659
3287,廣寰科,33,2,31,富邦-高雄,2024-03-07,9659
8086,宏捷科,38,7,31,富邦-高雄,2024-03-07,9659
3230,錦明,30,0,30,富邦-高雄,2024-03-07,9659
00795B,中信美國公債20年,28,0,28,富邦-高雄,2024-03-07,9659
2365,昆盈,35,7,28,富邦-高雄,2024-03-07,9659
2515,中工,58,31,27,富邦-高雄,2024-03-07,9659
6127,九豪,40,13,27,富邦-高雄,2024-03-07,9659
00632R,元大台灣50反1,1778,153,1625,富邦-高雄,2024-03-08,9659
1316,上曜,463,70,393,富邦-高雄,2024-03-08,9659
00937B,群益ESG投等債20,431,97,334,富邦-高雄,2024-03-08,9659
2537,聯上發,322,0,322,富邦-高雄,2024-03-08,9659
00919,群益台灣精選高息,636,377,259,富邦-高雄,2024-03-08,9659
5347,世界,233,11,222,富邦-高雄,2024-03-08,9659
2486,一詮,151,13,138,富邦-高雄,2024-03-08,9659
2353,宏��,130,15,115,富邦-高雄,2024-03-08,9659
2611,志信,108,2,106,富邦-高雄,2024-03-08,9659
00918,大華優利高填息30,116,25,91,富邦-高雄,2024-03-08,9659
2820,華票,72,0,72,富邦-高雄,2024-03-08,9659
00857B,永豐20年美公債,62,0,62,富邦-高雄,2024-03-08,9659
2617,台航,61,1,60,富邦-高雄,2024-03-08,9659
2883,凱基金,119,66,53,富邦-高雄,2024-03-08,9659
2371,大同,100,48,52,富邦-高雄,2024-03-08,9659
00687B,國泰20年美債,120,69,51,富邦-高雄,2024-03-08,9659
8936,國統,68,17,51,富邦-高雄,2024-03-08,9659
3481,群創,80,31,49,富邦-高雄,2024-03-08,9659
8085,福華,53,5,48,富邦-高雄,2024-03-08,9659
00676R,富邦臺灣加權反1,62,15,47,富邦-高雄,2024-03-08,9659
6799,來頡,48,2,46,富邦-高雄,2024-03-08,9659
9902,台火,49,5,44,富邦-高雄,2024-03-08,9659
3006,晶豪科,45,2,43,富邦-高雄,2024-03-08,9659
1718,中纖,41,0,41,富邦-高雄,2024-03-08,9659
5009,榮剛,40,1,39,富邦-高雄,2024-03-08,9659
1301,台塑,54,16,38,富邦-高雄,2024-03-08,9659
2547,日勝生,41,3,38,富邦-高雄,2024-03-08,9659
6274,台燿,91,55,36,富邦-高雄,2024-03-08,9659
1314,中石化,39,5,34,富邦-高雄,2024-03-08,9659
2449,京元電子,111,77,34,富邦-高雄,2024-03-08,9659
5512,力麒,34,0,34,富邦-高雄,2024-03-08,9659
2897,王道銀行,42,10,32,富邦-高雄,2024-03-08,9659
3545,敦泰,34,3,31,富邦-高雄,2024-03-08,9659
1742,台蠟,31,0,31,富邦-高雄,2024-03-08,9659
6176,瑞儀,52,21,31,富邦-高雄,2024-03-08,9659
2634,漢翔,31,2,29,富邦-高雄,2024-03-08,9659
2317,鴻海,48,21,27,富邦-高雄,2024-03-08,9659
3013,晟銘電,57,31,26,富邦-高雄,2024-03-08,9659
4908,前鼎,29,5,24,富邦-高雄,2024-03-08,9659
00679B,元大美債20年,45,22,23,富邦-高雄,2024-03-08,9659
3322,建舜電,26,3,23,富邦-高雄,2024-03-08,9659
2006,東和鋼鐵,23,1,22,富邦-高雄,2024-03-08,9659
2352,佳世達,33,11,22,富邦-高雄,2024-03-08,9659
4128,中天,29,8,21,富邦-高雄,2024-03-08,9659
2889,國票金,27,6,21,富邦-高雄,2024-03-08,9659
6016,康和證,25,4,21,富邦-高雄,2024-03-08,9659
1513,中興電,47,27,20,富邦-高雄,2024-03-08,9659
2208,台船,21,1,20,富邦-高雄,2024-03-08,9659
2444,兆勁,20,0,20,富邦-高雄,2024-03-08,9659
8033,雷虎,19,0,19,富邦-高雄,2024-03-08,9659
00919,群益台灣精選高息,1032,244,788,富邦-高雄,2024-03-11,9659
00937B,群益ESG投等債20,302,68,234,富邦-高雄,2024-03-11,9659
00676R,富邦臺灣加權反1,110,0,110,富邦-高雄,2024-03-11,9659
1316,上曜,166,58,108,富邦-高雄,2024-03-11,9659
2801,彰銀,101,2,99,富邦-高雄,2024-03-11,9659
00918,大華優利高填息30,97,8,89,富邦-高雄,2024-03-11,9659
2887,台新金,79,2,77,富邦-高雄,2024-03-11,9659
8096,擎亞,115,40,75,富邦-高雄,2024-03-11,9659
9902,台火,92,31,61,富邦-高雄,2024-03-11,9659
6257,矽格,70,13,57,富邦-高雄,2024-03-11,9659
2915,潤泰全,63,6,57,富邦-高雄,2024-03-11,9659
2611,志信,64,8,56,富邦-高雄,2024-03-11,9659
00687B,國泰20年美債,67,11,56,富邦-高雄,2024-03-11,9659
3376,新日興,51,0,51,富邦-高雄,2024-03-11,9659
9934,成霖,50,0,50,富邦-高雄,2024-03-11,9659
912000,晨訊科-DR,50,0,50,富邦-高雄,2024-03-11,9659
5324,士開,49,0,49,富邦-高雄,2024-03-11,9659
3363,上詮,50,1,49,富邦-高雄,2024-03-11,9659
2330,台積電,55,11,44,富邦-高雄,2024-03-11,9659
00857B,永豐20年美公債,42,0,42,富邦-高雄,2024-03-11,9659
5469,瀚宇博,39,0,39,富邦-高雄,2024-03-11,9659
00935,野村臺灣新科技50,40,1,39,富邦-高雄,2024-03-11,9659
00915,凱基優選高股息30,42,13,29,富邦-高雄,2024-03-11,9659
2371,大同,60,31,29,富邦-高雄,2024-03-11,9659
2425,承啟,33,4,29,富邦-高雄,2024-03-11,9659
6125,廣運,72,43,29,富邦-高雄,2024-03-11,9659
2329,華泰,41,15,26,富邦-高雄,2024-03-11,9659
5347,世界,33,7,26,富邦-高雄,2024-03-11,9659
2609,陽明,56,31,25,富邦-高雄,2024-03-11,9659
1806,冠軍,25,0,25,富邦-高雄,2024-03-11,9659
2606,裕民,45,20,25,富邦-高雄,2024-03-11,9659
00679B,元大美債20年,30,6,24,富邦-高雄,2024-03-11,9659
2419,仲琦,27,3,24,富邦-高雄,2024-03-11,9659
8155,博智,25,1,24,富邦-高雄,2024-03-11,9659
1301,台塑,24,0,24,富邦-高雄,2024-03-11,9659
2441,超豐,35,14,21,富邦-高雄,2024-03-11,9659
2617,台航,24,3,21,富邦-高雄,2024-03-11,9659
1535,中宇,29,8,21,富邦-高雄,2024-03-11,9659
1409,新纖,20,0,20,富邦-高雄,2024-03-11,9659
1742,台蠟,20,0,20,富邦-高雄,2024-03-11,9659
2331,精英,20,0,20,富邦-高雄,2024-03-11,9659
2516,新建,21,2,19,富邦-高雄,2024-03-11,9659
2882,國泰金,87,69,18,富邦-高雄,2024-03-11,9659
6706,惠特,18,0,18,富邦-高雄,2024-03-11,9659
3324,雙鴻,33,17,16,富邦-高雄,2024-03-11,9659
00715L,期街口布蘭特正2,16,0,16,富邦-高雄,2024-03-11,9659
5498,凱崴,44,28,16,富邦-高雄,2024-03-11,9659
2353,宏��,34,18,16,富邦-高雄,2024-03-11,9659
2641,正德,18,3,15,富邦-高雄,2024-03-11,9659
2332,友訊,16,1,15,富邦-高雄,2024-03-11,9659
00637L,元大滬深300正2,304,74,230,富邦-高雄,2024-03-12,9659
00679B,元大美債20年,137,9,128,富邦-高雄,2024-03-12,9659
1316,上曜,176,51,125,富邦-高雄,2024-03-12,9659
00919,群益台灣精選高息,311,193,118,富邦-高雄,2024-03-12,9659
2892,第一金,119,9,110,富邦-高雄,2024-03-12,9659
1455,集盛,107,1,106,富邦-高雄,2024-03-12,9659
3363,上詮,107,6,101,富邦-高雄,2024-03-12,9659
2371,大同,132,35,97,富邦-高雄,2024-03-12,9659
00918,大華優利高填息30,126,38,88,富邦-高雄,2024-03-12,9659
3062,建漢,83,5,78,富邦-高雄,2024-03-12,9659
00687B,國泰20年美債,92,17,75,富邦-高雄,2024-03-12,9659
5512,力麒,66,0,66,富邦-高雄,2024-03-12,9659
9934,成霖,67,2,65,富邦-高雄,2024-03-12,9659
00933B,國泰10Y+金融債,93,29,64,富邦-高雄,2024-03-12,9659
1815,富喬,80,20,60,富邦-高雄,2024-03-12,9659
5488,松普,100,48,52,富邦-高雄,2024-03-12,9659
4107,邦特,50,2,48,富邦-高雄,2024-03-12,9659
2025,千興,43,0,43,富邦-高雄,2024-03-12,9659
2329,華泰,53,13,40,富邦-高雄,2024-03-12,9659
00676R,富邦臺灣加權反1,39,0,39,富邦-高雄,2024-03-12,9659
2548,華固,40,1,39,富邦-高雄,2024-03-12,9659
3583,辛耘,43,5,38,富邦-高雄,2024-03-12,9659
2617,台航,40,4,36,富邦-高雄,2024-03-12,9659
00915,凱基優選高股息30,48,12,36,富邦-高雄,2024-03-12,9659
2404,漢唐,36,1,35,富邦-高雄,2024-03-12,9659
2801,彰銀,32,0,32,富邦-高雄,2024-03-12,9659
00686R,群益臺灣加權反1,30,0,30,富邦-高雄,2024-03-12,9659
00891,中信關鍵半導體,33,4,29,富邦-高雄,2024-03-12,9659
3481,群創,105,76,29,富邦-高雄,2024-03-12,9659
8070,長華*,29,0,29,富邦-高雄,2024-03-12,9659
1609,大亞,46,18,28,富邦-高雄,2024-03-12,9659
4714,永捷,39,11,28,富邦-高雄,2024-03-12,9659
1319,東陽,35,7,28,富邦-高雄,2024-03-12,9659
5439,高技,30,2,28,富邦-高雄,2024-03-12,9659
2027,大成鋼,31,4,27,富邦-高雄,2024-03-12,9659
00934,中信成長高股息,50,23,27,富邦-高雄,2024-03-12,9659
1582,信錦,54,27,27,富邦-高雄,2024-03-12,9659
2603,長榮,203,178,25,富邦-高雄,2024-03-12,9659
00935,野村臺灣新科技50,34,9,25,富邦-高雄,2024-03-12,9659
4943,康控-KY,30,5,25,富邦-高雄,2024-03-12,9659
2426,鼎元,23,0,23,富邦-高雄,2024-03-12,9659
4198,欣大健康,23,0,23,富邦-高雄,2024-03-12,9659
4420,光明,23,0,23,富邦-高雄,2024-03-12,9659
3163,波若威,42,20,22,富邦-高雄,2024-03-12,9659
3313,斐成,22,0,22,富邦-高雄,2024-03-12,9659
3013,晟銘電,25,3,22,富邦-高雄,2024-03-12,9659
6125,廣運,71,50,21,富邦-高雄,2024-03-12,9659
2349,錸德,21,0,21,富邦-高雄,2024-03-12,9659
2344,華邦電,21,0,21,富邦-高雄,2024-03-12,9659
1301,台塑,24,5,19,富邦-高雄,2024-03-12,9659
00679B,元大美債20年,1458,12,1446,富邦-高雄,2024-03-13,9659
00919,群益台灣精選高息,559,146,413,富邦-高雄,2024-03-13,9659
2486,一詮,410,103,307,富邦-高雄,2024-03-13,9659
00929,復華台灣科技優息,417,214,203,富邦-高雄,2024-03-13,9659
00795B,中信美國公債20年,169,0,169,富邦-高雄,2024-03-13,9659
00687B,國泰20年美債,178,16,162,富邦-高雄,2024-03-13,9659
00937B,群益ESG投等債20,304,146,158,富邦-高雄,2024-03-13,9659
00632R,元大台灣50反1,171,32,139,富邦-高雄,2024-03-13,9659
3231,緯創,170,39,131,富邦-高雄,2024-03-13,9659
6120,達運,111,2,109,富邦-高雄,2024-03-13,9659
00915,凱基優選高股息30,114,10,104,富邦-高雄,2024-03-13,9659
2009,第一銅,105,9,96,富邦-高雄,2024-03-13,9659
2002,中鋼,91,4,87,富邦-高雄,2024-03-13,9659
3481,群創,118,32,86,富邦-高雄,2024-03-13,9659
4107,邦特,88,2,86,富邦-高雄,2024-03-13,9659
00933B,國泰10Y+金融債,89,5,84,富邦-高雄,2024-03-13,9659
2836,高雄銀,82,5,77,富邦-高雄,2024-03-13,9659
00918,大華優利高填息30,200,133,67,富邦-高雄,2024-03-13,9659
8054,安國,69,5,64,富邦-高雄,2024-03-13,9659
6015,宏遠證,73,12,61,富邦-高雄,2024-03-13,9659
8926,台汽電,83,22,61,富邦-高雄,2024-03-13,9659
2353,宏��,74,23,51,富邦-高雄,2024-03-13,9659
9902,台火,72,23,49,富邦-高雄,2024-03-13,9659
4908,前鼎,52,5,47,富邦-高雄,2024-03-13,9659
2365,昆盈,53,9,44,富邦-高雄,2024-03-13,9659
2352,佳世達,41,2,39,富邦-高雄,2024-03-13,9659
1608,華榮,62,28,34,富邦-高雄,2024-03-13,9659
4402,郡都開發,46,12,34,富邦-高雄,2024-03-13,9659
1314,中石化,32,0,32,富邦-高雄,2024-03-13,9659
3105,穩懋,34,3,31,富邦-高雄,2024-03-13,9659
2017,官田鋼,30,0,30,富邦-高雄,2024-03-13,9659
2537,聯上發,30,0,30,富邦-高雄,2024-03-13,9659
6742,澤米,39,10,29,富邦-高雄,2024-03-13,9659
00857B,永豐20年美公債,36,10,26,富邦-高雄,2024-03-13,9659
6274,台燿,63,38,25,富邦-高雄,2024-03-13,9659
00751B,元大AAA至A公司債,33,8,25,富邦-高雄,2024-03-13,9659
1513,中興電,201,176,25,富邦-高雄,2024-03-13,9659
3049,精金,24,0,24,富邦-高雄,2024-03-13,9659
2371,大同,30,6,24,富邦-高雄,2024-03-13,9659
8215,明基材,23,0,23,富邦-高雄,2024-03-13,9659
00665L,富邦�琤肭磪囓�2,40,17,23,富邦-高雄,2024-03-13,9659
1618,合機,65,42,23,富邦-高雄,2024-03-13,9659
2376,技嘉,42,19,23,富邦-高雄,2024-03-13,9659
1808,潤隆,22,0,22,富邦-高雄,2024-03-13,9659
6116,彩晶,22,0,22,富邦-高雄,2024-03-13,9659
6770,力積電,35,14,21,富邦-高雄,2024-03-13,9659
3047,訊舟,88,67,21,富邦-高雄,2024-03-13,9659
2454,聯發科,23,3,20,富邦-高雄,2024-03-13,9659
4960,誠美材,25,5,20,富邦-高雄,2024-03-13,9659
8069,元太,31,11,20,富邦-高雄,2024-03-13,9659
00919,群益台灣精選高息,1047,192,855,富邦-高雄,2024-03-14,9659
00929,復華台灣科技優息,538,54,484,富邦-高雄,2024-03-14,9659
00937B,群益ESG投等債20,358,6,352,富邦-高雄,2024-03-14,9659
00882,中信中國高股息,344,26,318,富邦-高雄,2024-03-14,9659
1316,上曜,334,90,244,富邦-高雄,2024-03-14,9659
00918,大華優利高填息30,161,20,141,富邦-高雄,2024-03-14,9659
00632R,元大台灣50反1,310,175,135,富邦-高雄,2024-03-14,9659
2537,聯上發,133,0,133,富邦-高雄,2024-03-14,9659
5202,力新,110,1,109,富邦-高雄,2024-03-14,9659
00795B,中信美國公債20年,107,0,107,富邦-高雄,2024-03-14,9659
2618,長榮航,164,73,91,富邦-高雄,2024-03-14,9659
3419,譁裕,85,0,85,富邦-高雄,2024-03-14,9659
00933B,國泰10Y+金融債,95,12,83,富邦-高雄,2024-03-14,9659
00915,凱基優選高股息30,85,7,78,富邦-高雄,2024-03-14,9659
00687B,國泰20年美債,87,10,77,富邦-高雄,2024-03-14,9659
3702,大聯大,80,5,75,富邦-高雄,2024-03-14,9659
2885,元大金,92,23,69,富邦-高雄,2024-03-14,9659
2603,長榮,144,77,67,富邦-高雄,2024-03-14,9659
1101,台泥,66,12,54,富邦-高雄,2024-03-14,9659
00923,群益台ESG低碳50,55,2,53,富邦-高雄,2024-03-14,9659
1307,三芳,51,0,51,富邦-高雄,2024-03-14,9659
6257,矽格,59,8,51,富邦-高雄,2024-03-14,9659
00878,國泰永續高股息,81,35,46,富邦-高雄,2024-03-14,9659
2855,統一證,47,2,45,富邦-高雄,2024-03-14,9659
3706,神達,77,33,44,富邦-高雄,2024-03-14,9659
00751B,元大AAA至A公司債,46,4,42,富邦-高雄,2024-03-14,9659
2617,台航,51,12,39,富邦-高雄,2024-03-14,9659
00673R,期元大S＆P原油反1,39,0,39,富邦-高雄,2024-03-14,9659
1618,合機,50,14,36,富邦-高雄,2024-03-14,9659
00650L,復華香港正2,106,70,36,富邦-高雄,2024-03-14,9659
2354,鴻準,87,53,34,富邦-高雄,2024-03-14,9659
00680L,元大美債20正2,35,3,32,富邦-高雄,2024-03-14,9659
6770,力積電,34,3,31,富邦-高雄,2024-03-14,9659
2002,中鋼,60,30,30,富邦-高雄,2024-03-14,9659
00679B,元大美債20年,100,70,30,富邦-高雄,2024-03-14,9659
2889,國票金,101,72,29,富邦-高雄,2024-03-14,9659
2609,陽明,44,16,28,富邦-高雄,2024-03-14,9659
2301,光寶科,30,2,28,富邦-高雄,2024-03-14,9659
8936,國統,32,5,27,富邦-高雄,2024-03-14,9659
4129,聯合,28,2,26,富邦-高雄,2024-03-14,9659
6530,創威,61,35,26,富邦-高雄,2024-03-14,9659
2915,潤泰全,25,0,25,富邦-高雄,2024-03-14,9659
1808,潤隆,42,17,25,富邦-高雄,2024-03-14,9659
1513,中興電,114,89,25,富邦-高雄,2024-03-14,9659
00772B,中信高評級公司債,24,0,24,富邦-高雄,2024-03-14,9659
2109,華豐,27,4,23,富邦-高雄,2024-03-14,9659
2328,廣宇,22,0,22,富邦-高雄,2024-03-14,9659
2303,聯電,56,35,21,富邦-高雄,2024-03-14,9659
3017,奇鋐,29,9,20,富邦-高雄,2024-03-14,9659
00936,台新永續高息中小,20,0,20,富邦-高雄,2024-03-14,9659
00919,群益台灣精選高息,1029,212,817,富邦-高雄,2024-03-15,9659
00795B,中信美國公債20年,673,0,673,富邦-高雄,2024-03-15,9659
00937B,群益ESG投等債20,374,7,367,富邦-高雄,2024-03-15,9659
2834,臺企銀,341,57,284,富邦-高雄,2024-03-15,9659
00933B,國泰10Y+金融債,177,16,161,富邦-高雄,2024-03-15,9659
00687B,國泰20年美債,132,1,131,富邦-高雄,2024-03-15,9659
00679B,元大美債20年,131,5,126,富邦-高雄,2024-03-15,9659
2883,凱基金,271,166,105,富邦-高雄,2024-03-15,9659
00706L,期元大S＆P日圓正2,104,0,104,富邦-高雄,2024-03-15,9659
1616,億泰,100,0,100,富邦-高雄,2024-03-15,9659
00941,中信上游半導體,494,396,98,富邦-高雄,2024-03-15,9659
1711,永光,104,10,94,富邦-高雄,2024-03-15,9659
2323,中環,162,70,92,富邦-高雄,2024-03-15,9659
00680L,元大美債20正2,95,5,90,富邦-高雄,2024-03-15,9659
00915,凱基優選高股息30,113,24,89,富邦-高雄,2024-03-15,9659
1316,上曜,137,48,89,富邦-高雄,2024-03-15,9659
1808,潤隆,70,0,70,富邦-高雄,2024-03-15,9659
00688L,國泰20年美債正2,73,3,70,富邦-高雄,2024-03-15,9659
3548,兆利,112,44,68,富邦-高雄,2024-03-15,9659
2409,友達,65,14,51,富邦-高雄,2024-03-15,9659
00918,大華優利高填息30,81,30,51,富邦-高雄,2024-03-15,9659
1524,耿鼎,53,3,50,富邦-高雄,2024-03-15,9659
00751B,元大AAA至A公司債,46,1,45,富邦-高雄,2024-03-15,9659
3231,緯創,106,62,44,富邦-高雄,2024-03-15,9659
2303,聯電,97,54,43,富邦-高雄,2024-03-15,9659
2330,台積電,43,5,38,富邦-高雄,2024-03-15,9659
00665L,富邦�琤肭磪囓�2,41,5,36,富邦-高雄,2024-03-15,9659
6504,南六,42,7,35,富邦-高雄,2024-03-15,9659
00882,中信中國高股息,37,2,35,富邦-高雄,2024-03-15,9659
3005,神基,39,5,34,富邦-高雄,2024-03-15,9659
2353,宏��,43,12,31,富邦-高雄,2024-03-15,9659
6257,矽格,48,17,31,富邦-高雄,2024-03-15,9659
1303,南亞,31,0,31,富邦-高雄,2024-03-15,9659
00907,永豐優息存股,30,0,30,富邦-高雄,2024-03-15,9659
2855,統一證,31,1,30,富邦-高雄,2024-03-15,9659
2324,仁寶,31,2,29,富邦-高雄,2024-03-15,9659
2603,長榮,277,249,28,富邦-高雄,2024-03-15,9659
3163,波若威,34,6,28,富邦-高雄,2024-03-15,9659
2408,南亞科,26,0,26,富邦-高雄,2024-03-15,9659
1210,大成,24,0,24,富邦-高雄,2024-03-15,9659
00931B,統一美債20年,24,0,24,富邦-高雄,2024-03-15,9659
5521,工信,31,9,22,富邦-高雄,2024-03-15,9659
1608,華榮,59,38,21,富邦-高雄,2024-03-15,9659
8059,凱碩,21,0,21,富邦-高雄,2024-03-15,9659
4142,國光生,21,0,21,富邦-高雄,2024-03-15,9659
00857B,永豐20年美公債,31,10,21,富邦-高雄,2024-03-15,9659
1314,中石化,27,7,20,富邦-高雄,2024-03-15,9659
00712,復華富時不動產,23,3,20,富邦-高雄,2024-03-15,9659
2610,華航,30,10,20,富邦-高雄,2024-03-15,9659
2537,聯上發,20,0,20,富邦-高雄,2024-03-15,9659
2486,一詮,529,194,335,富邦-高雄,2024-03-18,9659
00919,群益台灣精選高息,401,74,327,富邦-高雄,2024-03-18,9659
4938,和碩,359,93,266,富邦-高雄,2024-03-18,9659
00679B,元大美債20年,248,14,234,富邦-高雄,2024-03-18,9659
00941,中信上游半導體,364,191,173,富邦-高雄,2024-03-18,9659
2834,臺企銀,206,39,167,富邦-高雄,2024-03-18,9659
00687B,國泰20年美債,170,33,137,富邦-高雄,2024-03-18,9659
00637L,元大滬深300正2,304,173,131,富邦-高雄,2024-03-18,9659
2603,長榮,179,51,128,富邦-高雄,2024-03-18,9659
3294,英濟,156,43,113,富邦-高雄,2024-03-18,9659
2449,京元電子,113,7,106,富邦-高雄,2024-03-18,9659
00706L,期元大S＆P日圓正2,101,0,101,富邦-高雄,2024-03-18,9659
2303,聯電,109,21,88,富邦-高雄,2024-03-18,9659
00933B,國泰10Y+金融債,90,3,87,富邦-高雄,2024-03-18,9659
8926,台汽電,83,12,71,富邦-高雄,2024-03-18,9659
2014,中鴻,71,0,71,富邦-高雄,2024-03-18,9659
4714,永捷,190,128,62,富邦-高雄,2024-03-18,9659
2002,中鋼,69,10,59,富邦-高雄,2024-03-18,9659
00931B,統一美債20年,58,0,58,富邦-高雄,2024-03-18,9659
1808,潤隆,57,4,53,富邦-高雄,2024-03-18,9659
00857B,永豐20年美公債,51,0,51,富邦-高雄,2024-03-18,9659
00751B,元大AAA至A公司債,71,24,47,富邦-高雄,2024-03-18,9659
2890,永豐金,46,3,43,富邦-高雄,2024-03-18,9659
00712,復華富時不動產,56,17,39,富邦-高雄,2024-03-18,9659
2353,宏��,54,17,37,富邦-高雄,2024-03-18,9659
1815,富喬,47,10,37,富邦-高雄,2024-03-18,9659
2891,中信金,60,24,36,富邦-高雄,2024-03-18,9659
3363,上詮,36,0,36,富邦-高雄,2024-03-18,9659
00673R,期元大S＆P原油反1,36,0,36,富邦-高雄,2024-03-18,9659
3413,京鼎,86,50,36,富邦-高雄,2024-03-18,9659
2884,玉山金,68,33,35,富邦-高雄,2024-03-18,9659
2442,新美齊,35,0,35,富邦-高雄,2024-03-18,9659
00795B,中信美國公債20年,32,0,32,富邦-高雄,2024-03-18,9659
2409,友達,32,3,29,富邦-高雄,2024-03-18,9659
3376,新日興,30,1,29,富邦-高雄,2024-03-18,9659
2882,國泰金,28,1,27,富邦-高雄,2024-03-18,9659
2330,台積電,31,5,26,富邦-高雄,2024-03-18,9659
6214,精誠,25,0,25,富邦-高雄,2024-03-18,9659
00671R,富邦NASDAQ反1,25,0,25,富邦-高雄,2024-03-18,9659
2634,漢翔,26,2,24,富邦-高雄,2024-03-18,9659
2324,仁寶,31,8,23,富邦-高雄,2024-03-18,9659
6806,森崴能源,23,2,21,富邦-高雄,2024-03-18,9659
00650L,復華香港正2,20,0,20,富邦-高雄,2024-03-18,9659
4908,前鼎,23,3,20,富邦-高雄,2024-03-18,9659
9105,泰金寶-DR,20,0,20,富邦-高雄,2024-03-18,9659
5880,合庫金,25,6,19,富邦-高雄,2024-03-18,9659
2444,兆勁,20,1,19,富邦-高雄,2024-03-18,9659
2211,長榮鋼,18,0,18,富邦-高雄,2024-03-18,9659
3479,安勤,23,5,18,富邦-高雄,2024-03-18,9659
3042,晶技,25,8,17,富邦-高雄,2024-03-18,9659
2884,玉山金,191,31,160,富邦-高雄,2024-03-19,9659
3231,緯創,236,77,159,富邦-高雄,2024-03-19,9659
00937B,群益ESG投等債20,170,24,146,富邦-高雄,2024-03-19,9659
00941,中信上游半導體,139,13,126,富邦-高雄,2024-03-19,9659
2486,一詮,350,238,112,富邦-高雄,2024-03-19,9659
4938,和碩,979,872,107,富邦-高雄,2024-03-19,9659
00679B,元大美債20年,106,0,106,富邦-高雄,2024-03-19,9659
00687B,國泰20年美債,76,2,74,富邦-高雄,2024-03-19,9659
2464,盟立,109,43,66,富邦-高雄,2024-03-19,9659
00632R,元大台灣50反1,155,91,64,富邦-高雄,2024-03-19,9659
2329,華泰,104,43,61,富邦-高雄,2024-03-19,9659
2371,大同,60,1,59,富邦-高雄,2024-03-19,9659
00650L,復華香港正2,56,0,56,富邦-高雄,2024-03-19,9659
6122,擎邦,55,0,55,富邦-高雄,2024-03-19,9659
00673R,期元大S＆P原油反1,53,0,53,富邦-高雄,2024-03-19,9659
2009,第一銅,72,22,50,富邦-高雄,2024-03-19,9659
6005,群益證,52,3,49,富邦-高雄,2024-03-19,9659
1808,潤隆,50,3,47,富邦-高雄,2024-03-19,9659
3325,旭品,44,2,42,富邦-高雄,2024-03-19,9659
2511,太子,40,0,40,富邦-高雄,2024-03-19,9659
2312,金寶,43,5,38,富邦-高雄,2024-03-19,9659
2515,中工,51,15,36,富邦-高雄,2024-03-19,9659
2611,志信,39,3,36,富邦-高雄,2024-03-19,9659
2481,強茂,36,0,36,富邦-高雄,2024-03-19,9659
1316,上曜,71,37,34,富邦-高雄,2024-03-19,9659
2352,佳世達,38,5,33,富邦-高雄,2024-03-19,9659
6933,AMAX-KY,36,4,32,富邦-高雄,2024-03-19,9659
00857B,永豐20年美公債,32,0,32,富邦-高雄,2024-03-19,9659
2453,凌群,38,6,32,富邦-高雄,2024-03-19,9659
00929,復華台灣科技優息,269,238,31,富邦-高雄,2024-03-19,9659
2303,聯電,272,240,32,富邦-高雄,2024-03-19,9659
2892,第一金,37,6,31,富邦-高雄,2024-03-19,9659
00680L,元大美債20正2,35,5,30,富邦-高雄,2024-03-19,9659
9945,潤泰新,30,0,30,富邦-高雄,2024-03-19,9659
6712,長聖,30,1,29,富邦-高雄,2024-03-19,9659
4908,前鼎,35,6,29,富邦-高雄,2024-03-19,9659
8163,達方,29,1,28,富邦-高雄,2024-03-19,9659
2376,技嘉,44,17,27,富邦-高雄,2024-03-19,9659
9105,泰金寶-DR,25,0,25,富邦-高雄,2024-03-19,9659
6204,艾華,25,1,24,富邦-高雄,2024-03-19,9659
8234,新漢,55,32,23,富邦-高雄,2024-03-19,9659
2359,所羅門,100,77,23,富邦-高雄,2024-03-19,9659
2353,宏��,29,7,22,富邦-高雄,2024-03-19,9659
1503,士電,64,42,22,富邦-高雄,2024-03-19,9659
00935,野村臺灣新科技50,41,20,21,富邦-高雄,2024-03-19,9659
6116,彩晶,23,2,21,富邦-高雄,2024-03-19,9659
3017,奇鋐,34,13,21,富邦-高雄,2024-03-19,9659
3363,上詮,28,7,21,富邦-高雄,2024-03-19,9659
00752,中信中國50,21,1,20,富邦-高雄,2024-03-19,9659
3051,力特,22,2,20,富邦-高雄,2024-03-19,9659
00939,統一台灣高息動能,1524,365,1159,富邦-高雄,2024-03-20,9659
00937B,群益ESG投等債20,521,27,494,富邦-高雄,2024-03-20,9659
00919,群益台灣精選高息,722,475,247,富邦-高雄,2024-03-20,9659
2603,長榮,373,174,199,富邦-高雄,2024-03-20,9659
4533,協易機,181,26,155,富邦-高雄,2024-03-20,9659
6005,群益證,127,2,125,富邦-高雄,2024-03-20,9659
00680L,元大美債20正2,116,0,116,富邦-高雄,2024-03-20,9659
2867,三商壽,154,50,104,富邦-高雄,2024-03-20,9659
2374,佳能,114,10,104,富邦-高雄,2024-03-20,9659
2371,大同,106,14,92,富邦-高雄,2024-03-20,9659
3036,文曄,121,36,85,富邦-高雄,2024-03-20,9659
2352,佳世達,80,9,71,富邦-高雄,2024-03-20,9659
00941,中信上游半導體,105,36,69,富邦-高雄,2024-03-20,9659
2332,友訊,54,0,54,富邦-高雄,2024-03-20,9659
00679B,元大美債20年,54,2,52,富邦-高雄,2024-03-20,9659
2376,技嘉,67,17,50,富邦-高雄,2024-03-20,9659
2002,中鋼,64,16,48,富邦-高雄,2024-03-20,9659
2354,鴻準,107,63,44,富邦-高雄,2024-03-20,9659
00857B,永豐20年美公債,50,8,42,富邦-高雄,2024-03-20,9659
2891,中信金,47,5,42,富邦-高雄,2024-03-20,9659
00878,國泰永續高股息,67,25,42,富邦-高雄,2024-03-20,9659
3548,兆利,43,2,41,富邦-高雄,2024-03-20,9659
2633,台灣高鐵,39,0,39,富邦-高雄,2024-03-20,9659
3583,辛耘,45,8,37,富邦-高雄,2024-03-20,9659
5347,世界,75,38,37,富邦-高雄,2024-03-20,9659
1101,台泥,78,41,37,富邦-高雄,2024-03-20,9659
2637,慧洋-KY,40,4,36,富邦-高雄,2024-03-20,9659
00688L,國泰20年美債正2,36,0,36,富邦-高雄,2024-03-20,9659
1815,富喬,40,5,35,富邦-高雄,2024-03-20,9659
2816,旺旺保,35,0,35,富邦-高雄,2024-03-20,9659
00687B,國泰20年美債,49,15,34,富邦-高雄,2024-03-20,9659
1301,台塑,30,0,30,富邦-高雄,2024-03-20,9659
2327,國巨,31,2,29,富邦-高雄,2024-03-20,9659
2331,精英,30,1,29,富邦-高雄,2024-03-20,9659
2439,美律,29,1,28,富邦-高雄,2024-03-20,9659
2444,兆勁,28,0,28,富邦-高雄,2024-03-20,9659
3481,群創,60,32,28,富邦-高雄,2024-03-20,9659
5386,青雲,40,13,27,富邦-高雄,2024-03-20,9659
00931B,統一美債20年,27,0,27,富邦-高雄,2024-03-20,9659
2609,陽明,51,25,26,富邦-高雄,2024-03-20,9659
3498,陽程,32,6,26,富邦-高雄,2024-03-20,9659
2356,英業達,80,55,25,富邦-高雄,2024-03-20,9659
2324,仁寶,80,55,25,富邦-高雄,2024-03-20,9659
2340,台亞,25,0,25,富邦-高雄,2024-03-20,9659
2538,基泰,25,0,25,富邦-高雄,2024-03-20,9659
00713,元大台灣高息低波,26,2,24,富邦-高雄,2024-03-20,9659
00930,永豐ESG低碳高息,24,1,23,富邦-高雄,2024-03-20,9659
3264,欣銓,89,66,23,富邦-高雄,2024-03-20,9659
00795B,中信美國公債20年,24,2,22,富邦-高雄,2024-03-20,9659
1326,台化,24,2,22,富邦-高雄,2024-03-20,9659
00632R,元大台灣50反1,512,112,400,富邦-高雄,2024-03-21,9659
00939,統一台灣高息動能,473,106,367,富邦-高雄,2024-03-21,9659
00919,群益台灣精選高息,471,172,299,富邦-高雄,2024-03-21,9659
2408,南亞科,332,157,175,富邦-高雄,2024-03-21,9659
00679B,元大美債20年,248,103,145,富邦-高雄,2024-03-21,9659
4938,和碩,237,112,125,富邦-高雄,2024-03-21,9659
3594,磐儀,102,2,100,富邦-高雄,2024-03-21,9659
00725B,國泰投資級公司債,99,0,99,富邦-高雄,2024-03-21,9659
2344,華邦電,133,45,88,富邦-高雄,2024-03-21,9659
2017,官田鋼,60,0,60,富邦-高雄,2024-03-21,9659
00720B,元大投資級公司債,65,13,52,富邦-高雄,2024-03-21,9659
3545,敦泰,51,0,51,富邦-高雄,2024-03-21,9659
00930,永豐ESG低碳高息,54,4,50,富邦-高雄,2024-03-21,9659
00937B,群益ESG投等債20,280,235,45,富邦-高雄,2024-03-21,9659
00676R,富邦臺灣加權反1,44,0,44,富邦-高雄,2024-03-21,9659
6206,飛捷,43,2,41,富邦-高雄,2024-03-21,9659
6191,精成科,54,14,40,富邦-高雄,2024-03-21,9659
00857B,永豐20年美公債,39,0,39,富邦-高雄,2024-03-21,9659
3576,聯合再生,64,25,39,富邦-高雄,2024-03-21,9659
3694,海華,43,5,38,富邦-高雄,2024-03-21,9659
2603,長榮,112,75,37,富邦-高雄,2024-03-21,9659
00929,復華台灣科技優息,95,62,33,富邦-高雄,2024-03-21,9659
00697B,元大美債7-10,30,0,30,富邦-高雄,2024-03-21,9659
2362,藍天,40,10,30,富邦-高雄,2024-03-21,9659
3581,博磊,34,4,30,富邦-高雄,2024-03-21,9659
2009,第一銅,30,0,30,富邦-高雄,2024-03-21,9659
6235,華孚,38,8,30,富邦-高雄,2024-03-21,9659
8936,國統,50,20,30,富邦-高雄,2024-03-21,9659
3005,神基,82,53,29,富邦-高雄,2024-03-21,9659
4943,康控-KY,35,7,28,富邦-高雄,2024-03-21,9659
1513,中興電,70,42,28,富邦-高雄,2024-03-21,9659
2301,光寶科,43,16,27,富邦-高雄,2024-03-21,9659
6148,驊宏資,26,0,26,富邦-高雄,2024-03-21,9659
00891,中信關鍵半導體,31,9,22,富邦-高雄,2024-03-21,9659
5880,合庫金,25,3,22,富邦-高雄,2024-03-21,9659
8111,立��,20,0,20,富邦-高雄,2024-03-21,9659
00913,兆豐台灣晶圓製造,20,0,20,富邦-高雄,2024-03-21,9659
1615,大山,20,1,19,富邦-高雄,2024-03-21,9659
00892,富邦台灣半導體,30,11,19,富邦-高雄,2024-03-21,9659
2882,國泰金,57,40,17,富邦-高雄,2024-03-21,9659
8271,宇瞻,20,4,16,富邦-高雄,2024-03-21,9659
3041,揚智,44,28,16,富邦-高雄,2024-03-21,9659
2328,廣宇,28,12,16,富邦-高雄,2024-03-21,9659
1514,亞力,42,26,16,富邦-高雄,2024-03-21,9659
3231,緯創,46,31,15,富邦-高雄,2024-03-21,9659
1313,聯成,15,0,15,富邦-高雄,2024-03-21,9659
1608,華榮,19,5,14,富邦-高雄,2024-03-21,9659
9907,統一實,14,0,14,富邦-高雄,2024-03-21,9659
2451,創見,17,3,14,富邦-高雄,2024-03-21,9659
6176,瑞儀,15,2,13,富邦-高雄,2024-03-21,9659
2356,英業達,1226,793,433,富邦-高雄,2024-03-22,9659
2486,一詮,479,210,269,富邦-高雄,2024-03-22,9659
00939,統一台灣高息動能,451,202,249,富邦-高雄,2024-03-22,9659
00937B,群益ESG投等債20,270,54,216,富邦-高雄,2024-03-22,9659
4938,和碩,205,3,202,富邦-高雄,2024-03-22,9659
00919,群益台灣精選高息,448,331,117,富邦-高雄,2024-03-22,9659
00941,中信上游半導體,132,30,102,富邦-高雄,2024-03-22,9659
5201,凱衛,102,0,102,富邦-高雄,2024-03-22,9659
00753L,中信中國50正2,87,2,85,富邦-高雄,2024-03-22,9659
2344,華邦電,144,62,82,富邦-高雄,2024-03-22,9659
00665L,富邦�琤肭磪囓�2,65,0,65,富邦-高雄,2024-03-22,9659
1618,合機,117,58,59,富邦-高雄,2024-03-22,9659
3583,辛耘,68,9,59,富邦-高雄,2024-03-22,9659
3105,穩懋,57,0,57,富邦-高雄,2024-03-22,9659
2353,宏��,192,136,56,富邦-高雄,2024-03-22,9659
3704,合勤控,60,8,52,富邦-高雄,2024-03-22,9659
00680L,元大美債20正2,79,29,50,富邦-高雄,2024-03-22,9659
8936,國統,101,54,47,富邦-高雄,2024-03-22,9659
00687B,國泰20年美債,56,10,46,富邦-高雄,2024-03-22,9659
6005,群益證,44,0,44,富邦-高雄,2024-03-22,9659
00632R,元大台灣50反1,60,22,38,富邦-高雄,2024-03-22,9659
5871,中租-KY,36,1,35,富邦-高雄,2024-03-22,9659
2882,國泰金,49,15,34,富邦-高雄,2024-03-22,9659
00931B,統一美債20年,54,20,34,富邦-高雄,2024-03-22,9659
3450,聯鈞,41,8,33,富邦-高雄,2024-03-22,9659
00857B,永豐20年美公債,33,0,33,富邦-高雄,2024-03-22,9659
2834,臺企銀,32,1,31,富邦-高雄,2024-03-22,9659
3706,神達,195,165,30,富邦-高雄,2024-03-22,9659
3005,神基,52,22,30,富邦-高雄,2024-03-22,9659
00882,中信中國高股息,28,2,26,富邦-高雄,2024-03-22,9659
2543,皇昌,25,0,25,富邦-高雄,2024-03-22,9659
6274,台燿,47,23,24,富邦-高雄,2024-03-22,9659
4953,緯軟,27,4,23,富邦-高雄,2024-03-22,9659
2352,佳世達,32,9,23,富邦-高雄,2024-03-22,9659
6188,廣明,56,34,22,富邦-高雄,2024-03-22,9659
2801,彰銀,30,8,22,富邦-高雄,2024-03-22,9659
00795B,中信美國公債20年,23,1,22,富邦-高雄,2024-03-22,9659
1504,東元,57,35,22,富邦-高雄,2024-03-22,9659
1785,光洋科,54,33,21,富邦-高雄,2024-03-22,9659
1216,統一,22,1,21,富邦-高雄,2024-03-22,9659
8070,長華*,22,1,21,富邦-高雄,2024-03-22,9659
2449,京元電子,129,108,21,富邦-高雄,2024-03-22,9659
1316,上曜,38,18,20,富邦-高雄,2024-03-22,9659
1460,宏遠,20,0,20,富邦-高雄,2024-03-22,9659
2017,官田鋼,20,0,20,富邦-高雄,2024-03-22,9659
2301,光寶科,41,21,20,富邦-高雄,2024-03-22,9659
1503,士電,92,73,19,富邦-高雄,2024-03-22,9659
2888,新光金,20,0,20,富邦-高雄,2024-03-22,9659
6425,易發,20,1,19,富邦-高雄,2024-03-22,9659
2881,富邦金,28,9,19,富邦-高雄,2024-03-22,9659
00937B,群益ESG投等債20,753,52,701,富邦-高雄,2024-03-25,9659
2515,中工,210,2,208,富邦-高雄,2024-03-25,9659
2352,佳世達,110,5,105,富邦-高雄,2024-03-25,9659
5351,鈺創,102,5,97,富邦-高雄,2024-03-25,9659
00939,統一台灣高息動能,320,224,96,富邦-高雄,2024-03-25,9659
00632R,元大台灣50反1,80,4,76,富邦-高雄,2024-03-25,9659
00795B,中信美國公債20年,70,0,70,富邦-高雄,2024-03-25,9659
1522,堤維西,69,4,65,富邦-高雄,2024-03-25,9659
2427,三商電,60,1,59,富邦-高雄,2024-03-25,9659
00891,中信關鍵半導體,66,10,56,富邦-高雄,2024-03-25,9659
2838,聯邦銀,55,0,55,富邦-高雄,2024-03-25,9659
4943,康控-KY,51,0,51,富邦-高雄,2024-03-25,9659
2881,富邦金,54,7,47,富邦-高雄,2024-03-25,9659
2367,燿華,98,51,47,富邦-高雄,2024-03-25,9659
5439,高技,83,37,46,富邦-高雄,2024-03-25,9659
2888,新光金,55,11,44,富邦-高雄,2024-03-25,9659
3287,廣寰科,43,1,42,富邦-高雄,2024-03-25,9659
3704,合勤控,42,1,41,富邦-高雄,2024-03-25,9659
1714,和桐,40,0,40,富邦-高雄,2024-03-25,9659
00720B,元大投資級公司債,42,5,37,富邦-高雄,2024-03-25,9659
2344,華邦電,49,12,37,富邦-高雄,2024-03-25,9659
2002,中鋼,39,4,35,富邦-高雄,2024-03-25,9659
6806,森崴能源,39,6,33,富邦-高雄,2024-03-25,9659
7402,邑錡,50,17,33,富邦-高雄,2024-03-25,9659
00857B,永豐20年美公債,47,15,32,富邦-高雄,2024-03-25,9659
4533,協易機,39,7,32,富邦-高雄,2024-03-25,9659
4968,立積,34,2,32,富邦-高雄,2024-03-25,9659
1455,集盛,32,0,32,富邦-高雄,2024-03-25,9659
00679B,元大美債20年,60,29,31,富邦-高雄,2024-03-25,9659
00923,群益台ESG低碳50,31,0,31,富邦-高雄,2024-03-25,9659
6120,達運,31,0,31,富邦-高雄,2024-03-25,9659
2329,華泰,58,31,27,富邦-高雄,2024-03-25,9659
5512,力麒,32,5,27,富邦-高雄,2024-03-25,9659
00673R,期元大S＆P原油反1,30,3,27,富邦-高雄,2024-03-25,9659
8085,福華,28,1,27,富邦-高雄,2024-03-25,9659
1618,合機,123,96,27,富邦-高雄,2024-03-25,9659
2618,長榮航,30,4,26,富邦-高雄,2024-03-25,9659
2006,東和鋼鐵,25,0,25,富邦-高雄,2024-03-25,9659
1101,台泥,30,5,25,富邦-高雄,2024-03-25,9659
3483,力致,28,3,25,富邦-高雄,2024-03-25,9659
8163,達方,24,0,24,富邦-高雄,2024-03-25,9659
00751B,元大AAA至A公司債,36,13,23,富邦-高雄,2024-03-25,9659
3035,智原,25,3,22,富邦-高雄,2024-03-25,9659
2897,王道銀行,21,0,21,富邦-高雄,2024-03-25,9659
8201,無敵,21,0,21,富邦-高雄,2024-03-25,9659
3540,曜越,21,1,20,富邦-高雄,2024-03-25,9659
2017,官田鋼,20,0,20,富邦-高雄,2024-03-25,9659
2324,仁寶,32,12,20,富邦-高雄,2024-03-25,9659
3708,上緯投控,30,10,20,富邦-高雄,2024-03-25,9659
3050,鈺德,32,13,19,富邦-高雄,2024-03-25,9659
2371,大同,1454,987,467,富邦-高雄,2024-03-26,9659
00939,統一台灣高息動能,490,73,417,富邦-高雄,2024-03-26,9659
00919,群益台灣精選高息,634,223,411,富邦-高雄,2024-03-26,9659
2515,中工,224,9,215,富邦-高雄,2024-03-26,9659
00687B,國泰20年美債,135,19,116,富邦-高雄,2024-03-26,9659
3545,敦泰,104,1,103,富邦-高雄,2024-03-26,9659
00877,復華中國5G,100,0,100,富邦-高雄,2024-03-26,9659
2867,三商壽,102,2,100,富邦-高雄,2024-03-26,9659
1605,華新,157,63,94,富邦-高雄,2024-03-26,9659
00937B,群益ESG投等債20,175,86,89,富邦-高雄,2024-03-26,9659
6179,亞通,120,52,68,富邦-高雄,2024-03-26,9659
2344,華邦電,76,16,60,富邦-高雄,2024-03-26,9659
00679B,元大美債20年,65,5,60,富邦-高雄,2024-03-26,9659
2303,聯電,80,21,59,富邦-高雄,2024-03-26,9659
6274,台燿,92,39,53,富邦-高雄,2024-03-26,9659
00931B,統一美債20年,53,0,53,富邦-高雄,2024-03-26,9659
00650L,復華香港正2,50,0,50,富邦-高雄,2024-03-26,9659
2543,皇昌,50,0,50,富邦-高雄,2024-03-26,9659
3704,合勤控,49,6,43,富邦-高雄,2024-03-26,9659
2618,長榮航,46,7,39,富邦-高雄,2024-03-26,9659
00941,中信上游半導體,245,208,37,富邦-高雄,2024-03-26,9659
3312,弘憶股,152,115,37,富邦-高雄,2024-03-26,9659
3228,金麗科,34,1,33,富邦-高雄,2024-03-26,9659
5498,凱崴,33,1,32,富邦-高雄,2024-03-26,9659
2352,佳世達,62,30,32,富邦-高雄,2024-03-26,9659
1513,中興電,233,201,32,富邦-高雄,2024-03-26,9659
8201,無敵,30,0,30,富邦-高雄,2024-03-26,9659
1608,華榮,208,179,29,富邦-高雄,2024-03-26,9659
1808,潤隆,29,0,29,富邦-高雄,2024-03-26,9659
2603,長榮,68,42,26,富邦-高雄,2024-03-26,9659
9907,統一實,25,0,25,富邦-高雄,2024-03-26,9659
8033,雷虎,31,6,25,富邦-高雄,2024-03-26,9659
5488,松普,41,17,24,富邦-高雄,2024-03-26,9659
1229,聯華,24,0,24,富邦-高雄,2024-03-26,9659
2417,圓剛,28,6,22,富邦-高雄,2024-03-26,9659
3708,上緯投控,31,9,22,富邦-高雄,2024-03-26,9659
8011,台通,24,2,22,富邦-高雄,2024-03-26,9659
1718,中纖,22,1,21,富邦-高雄,2024-03-26,9659
3036,文曄,26,5,21,富邦-高雄,2024-03-26,9659
2002,中鋼,35,14,21,富邦-高雄,2024-03-26,9659
2313,華通,32,11,21,富邦-高雄,2024-03-26,9659
2359,所羅門,105,84,21,富邦-高雄,2024-03-26,9659
2017,官田鋼,20,0,20,富邦-高雄,2024-03-26,9659
3356,奇偶,20,0,20,富邦-高雄,2024-03-26,9659
2441,超豐,22,3,19,富邦-高雄,2024-03-26,9659
2408,南亞科,31,13,18,富邦-高雄,2024-03-26,9659
2388,威盛,69,51,18,富邦-高雄,2024-03-26,9659
3481,群創,24,7,17,富邦-高雄,2024-03-26,9659
3060,銘異,17,0,17,富邦-高雄,2024-03-26,9659
6257,矽格,19,3,16,富邦-高雄,2024-03-26,9659
3706,神達,589,369,220,富邦-高雄,2024-03-27,9659
00877,復華中國5G,200,26,174,富邦-高雄,2024-03-27,9659
3704,合勤控,117,4,113,富邦-高雄,2024-03-27,9659
00650L,復華香港正2,154,50,104,富邦-高雄,2024-03-27,9659
9962,有益,100,0,100,富邦-高雄,2024-03-27,9659
2029,盛餘,100,1,99,富邦-高雄,2024-03-27,9659
5443,均豪,91,1,90,富邦-高雄,2024-03-27,9659
4533,協易機,112,23,89,富邦-高雄,2024-03-27,9659
6215,和椿,116,28,88,富邦-高雄,2024-03-27,9659
00941,中信上游半導體,83,5,78,富邦-高雄,2024-03-27,9659
2467,志聖,78,1,77,富邦-高雄,2024-03-27,9659
2367,燿華,86,19,67,富邦-高雄,2024-03-27,9659
1712,興農,63,0,63,富邦-高雄,2024-03-27,9659
4915,致伸,51,0,51,富邦-高雄,2024-03-27,9659
2486,一詮,254,203,51,富邦-高雄,2024-03-27,9659
00937B,群益ESG投等債20,73,22,51,富邦-高雄,2024-03-27,9659
9934,成霖,50,0,50,富邦-高雄,2024-03-27,9659
1316,上曜,68,21,47,富邦-高雄,2024-03-27,9659
3231,緯創,62,18,44,富邦-高雄,2024-03-27,9659
1584,精剛,68,25,43,富邦-高雄,2024-03-27,9659
2303,聯電,61,18,43,富邦-高雄,2024-03-27,9659
00720B,元大投資級公司債,41,1,40,富邦-高雄,2024-03-27,9659
1513,中興電,126,87,39,富邦-高雄,2024-03-27,9659
00680L,元大美債20正2,39,0,39,富邦-高雄,2024-03-27,9659
3013,晟銘電,69,31,38,富邦-高雄,2024-03-27,9659
2884,玉山金,36,0,36,富邦-高雄,2024-03-27,9659
4968,立積,35,0,35,富邦-高雄,2024-03-27,9659
2301,光寶科,42,8,34,富邦-高雄,2024-03-27,9659
1609,大亞,108,75,33,富邦-高雄,2024-03-27,9659
1522,堤維西,36,4,32,富邦-高雄,2024-03-27,9659
1608,華榮,127,95,32,富邦-高雄,2024-03-27,9659
2606,裕民,31,0,31,富邦-高雄,2024-03-27,9659
00939,統一台灣高息動能,163,133,30,富邦-高雄,2024-03-27,9659
2542,興富發,34,6,28,富邦-高雄,2024-03-27,9659
00679B,元大美債20年,28,1,27,富邦-高雄,2024-03-27,9659
2897,王道銀行,26,0,26,富邦-高雄,2024-03-27,9659
4402,郡都開發,48,22,26,富邦-高雄,2024-03-27,9659
00857B,永豐20年美公債,25,0,25,富邦-高雄,2024-03-27,9659
2331,精英,27,2,25,富邦-高雄,2024-03-27,9659
2704,國賓,32,7,25,富邦-高雄,2024-03-27,9659
8936,國統,58,35,23,富邦-高雄,2024-03-27,9659
00706L,期元大S＆P日圓正2,25,2,23,富邦-高雄,2024-03-27,9659
5880,合庫金,22,0,22,富邦-高雄,2024-03-27,9659
1808,潤隆,38,16,22,富邦-高雄,2024-03-27,9659
8069,元太,22,1,21,富邦-高雄,2024-03-27,9659
6024,群益期,20,0,20,富邦-高雄,2024-03-27,9659
2101,南港,20,0,20,富邦-高雄,2024-03-27,9659
5515,建國,36,16,20,富邦-高雄,2024-03-27,9659
3036,文曄,21,1,20,富邦-高雄,2024-03-27,9659
1760,寶齡富錦,20,1,19,富邦-高雄,2024-03-27,9659
1316,上曜,532,56,476,富邦-高雄,2024-03-28,9659
2515,中工,271,74,197,富邦-高雄,2024-03-28,9659
00937B,群益ESG投等債20,209,36,173,富邦-高雄,2024-03-28,9659
2883,凱基金,337,175,162,富邦-高雄,2024-03-28,9659
1522,堤維西,253,108,145,富邦-高雄,2024-03-28,9659
00919,群益台灣精選高息,282,173,109,富邦-高雄,2024-03-28,9659
00686R,群益臺灣加權反1,110,1,109,富邦-高雄,2024-03-28,9659
5871,中租-KY,109,0,109,富邦-高雄,2024-03-28,9659
3062,建漢,204,112,92,富邦-高雄,2024-03-28,9659
2301,光寶科,99,12,87,富邦-高雄,2024-03-28,9659
8111,立��,80,1,79,富邦-高雄,2024-03-28,9659
2382,廣達,202,130,72,富邦-高雄,2024-03-28,9659
00941,中信上游半導體,71,13,58,富邦-高雄,2024-03-28,9659
00679B,元大美債20年,63,8,55,富邦-高雄,2024-03-28,9659
2356,英業達,92,37,55,富邦-高雄,2024-03-28,9659
5515,建國,104,50,54,富邦-高雄,2024-03-28,9659
2809,京城銀,55,2,53,富邦-高雄,2024-03-28,9659
2329,華泰,78,27,51,富邦-高雄,2024-03-28,9659
2888,新光金,75,25,50,富邦-高雄,2024-03-28,9659
00632R,元大台灣50反1,68,22,46,富邦-高雄,2024-03-28,9659
3376,新日興,50,5,45,富邦-高雄,2024-03-28,9659
3013,晟銘電,60,15,45,富邦-高雄,2024-03-28,9659
5309,系統電,63,19,44,富邦-高雄,2024-03-28,9659
6139,亞翔,63,20,43,富邦-高雄,2024-03-28,9659
3188,鑫龍騰,40,2,38,富邦-高雄,2024-03-28,9659
1733,五鼎,32,0,32,富邦-高雄,2024-03-28,9659
2327,國巨,36,5,31,富邦-高雄,2024-03-28,9659
2354,鴻準,192,162,30,富邦-高雄,2024-03-28,9659
2344,華邦電,49,19,30,富邦-高雄,2024-03-28,9659
3164,景岳,30,0,30,富邦-高雄,2024-03-28,9659
2340,台亞,30,0,30,富邦-高雄,2024-03-28,9659
6770,力積電,58,30,28,富邦-高雄,2024-03-28,9659
2352,佳世達,34,6,28,富邦-高雄,2024-03-28,9659
2022,聚亨,27,0,27,富邦-高雄,2024-03-28,9659
9934,成霖,29,3,26,富邦-高雄,2024-03-28,9659
1437,勤益控,26,0,26,富邦-高雄,2024-03-28,9659
2324,仁寶,36,11,25,富邦-高雄,2024-03-28,9659
3005,神基,48,24,24,富邦-高雄,2024-03-28,9659
2886,兆豐金,24,1,23,富邦-高雄,2024-03-28,9659
2887,台新金,26,3,23,富邦-高雄,2024-03-28,9659
00882,中信中國高股息,23,1,22,富邦-高雄,2024-03-28,9659
2332,友訊,22,0,22,富邦-高雄,2024-03-28,9659
2002,中鋼,26,4,22,富邦-高雄,2024-03-28,9659
1101,台泥,29,8,21,富邦-高雄,2024-03-28,9659
1587,吉茂,21,0,21,富邦-高雄,2024-03-28,9659
3710,連展投控,21,0,21,富邦-高雄,2024-03-28,9659
1713,國化,21,0,21,富邦-高雄,2024-03-28,9659
2453,凌群,20,0,20,富邦-高雄,2024-03-28,9659
2017,官田鋼,20,0,20,富邦-高雄,2024-03-28,9659
2891,中信金,20,0,20,富邦-高雄,2024-03-28,9659
00919,群益台灣精選高息,345,164,181,富邦-高雄,2024-03-29,9659
2376,技嘉,179,30,149,富邦-高雄,2024-03-29,9659
2324,仁寶,140,3,137,富邦-高雄,2024-03-29,9659
2537,聯上發,122,8,114,富邦-高雄,2024-03-29,9659
3576,聯合再生,133,19,114,富邦-高雄,2024-03-29,9659
6278,台表科,105,8,97,富邦-高雄,2024-03-29,9659
2371,大同,163,68,95,富邦-高雄,2024-03-29,9659
4938,和碩,100,13,87,富邦-高雄,2024-03-29,9659
00937B,群益ESG投等債20,128,41,87,富邦-高雄,2024-03-29,9659
3231,緯創,420,347,73,富邦-高雄,2024-03-29,9659
00941,中信上游半導體,137,78,59,富邦-高雄,2024-03-29,9659
2356,英業達,308,256,52,富邦-高雄,2024-03-29,9659
2301,光寶科,74,28,46,富邦-高雄,2024-03-29,9659
6257,矽格,48,3,45,富邦-高雄,2024-03-29,9659
2903,遠百,45,0,45,富邦-高雄,2024-03-29,9659
5880,合庫金,42,1,41,富邦-高雄,2024-03-29,9659
4303,信立,59,20,39,富邦-高雄,2024-03-29,9659
3062,建漢,45,7,38,富邦-高雄,2024-03-29,9659
4562,穎漢,56,20,36,富邦-高雄,2024-03-29,9659
8936,國統,53,21,32,富邦-高雄,2024-03-29,9659
4306,炎洲,31,0,31,富邦-高雄,2024-03-29,9659
8033,雷虎,38,8,30,富邦-高雄,2024-03-29,9659
00632R,元大台灣50反1,30,0,30,富邦-高雄,2024-03-29,9659
2543,皇昌,30,0,30,富邦-高雄,2024-03-29,9659
2367,燿華,67,39,28,富邦-高雄,2024-03-29,9659
1808,潤隆,28,1,27,富邦-高雄,2024-03-29,9659
2887,台新金,29,4,25,富邦-高雄,2024-03-29,9659
5515,建國,30,7,23,富邦-高雄,2024-03-29,9659
5508,永信建,25,3,22,富邦-高雄,2024-03-29,9659
6282,康舒,26,4,22,富邦-高雄,2024-03-29,9659
3188,鑫龍騰,26,6,20,富邦-高雄,2024-03-29,9659
6695,芯鼎,27,7,20,富邦-高雄,2024-03-29,9659
5388,中磊,20,1,19,富邦-高雄,2024-03-29,9659
3703,欣陸,21,2,19,富邦-高雄,2024-03-29,9659
1609,大亞,47,29,18,富邦-高雄,2024-03-29,9659
1712,興農,23,5,18,富邦-高雄,2024-03-29,9659
2609,陽明,25,7,18,富邦-高雄,2024-03-29,9659
2515,中工,18,1,17,富邦-高雄,2024-03-29,9659
2009,第一銅,27,11,16,富邦-高雄,2024-03-29,9659
1524,耿鼎,33,17,16,富邦-高雄,2024-03-29,9659
4909,新復興,34,18,16,富邦-高雄,2024-03-29,9659
3512,皇龍,16,0,16,富邦-高雄,2024-03-29,9659
2328,廣宇,37,21,16,富邦-高雄,2024-03-29,9659
6664,群翊,15,0,15,富邦-高雄,2024-03-29,9659
3306,鼎天,34,19,15,富邦-高雄,2024-03-29,9659
4109,加捷生醫,16,1,15,富邦-高雄,2024-03-29,9659
8085,福華,40,25,15,富邦-高雄,2024-03-29,9659
3260,威剛,17,3,14,富邦-高雄,2024-03-29,9659
6126,信音,25,11,14,富邦-高雄,2024-03-29,9659
1713,國化,23,9,14,富邦-高雄,2024-03-29,9659
00940,元大台灣價值高息,3154,683,2471,富邦-高雄,2024-04-01,9659
1316,上曜,316,14,302,富邦-高雄,2024-04-01,9659
2486,一詮,310,65,245,富邦-高雄,2024-04-01,9659
2609,陽明,210,6,204,富邦-高雄,2024-04-01,9659
00929,復華台灣科技優息,203,22,181,富邦-高雄,2024-04-01,9659
00919,群益台灣精選高息,231,50,181,富邦-高雄,2024-04-01,9659
2618,長榮航,287,114,173,富邦-高雄,2024-04-01,9659
2101,南港,106,0,106,富邦-高雄,2024-04-01,9659
2014,中鴻,100,0,100,富邦-高雄,2024-04-01,9659
1416,廣豐,100,0,100,富邦-高雄,2024-04-01,9659
00941,中信上游半導體,103,10,93,富邦-高雄,2024-04-01,9659
2515,中工,103,19,84,富邦-高雄,2024-04-01,9659
4908,前鼎,79,4,75,富邦-高雄,2024-04-01,9659
2891,中信金,74,7,67,富邦-高雄,2024-04-01,9659
00939,統一台灣高息動能,270,204,66,富邦-高雄,2024-04-01,9659
1524,耿鼎,124,64,60,富邦-高雄,2024-04-01,9659
2464,盟立,67,8,59,富邦-高雄,2024-04-01,9659
00673R,期元大S＆P原油反1,58,0,58,富邦-高雄,2024-04-01,9659
00927,群益半導體收益,54,0,54,富邦-高雄,2024-04-01,9659
3013,晟銘電,117,69,48,富邦-高雄,2024-04-01,9659
6215,和椿,49,5,44,富邦-高雄,2024-04-01,9659
2356,英業達,119,75,44,富邦-高雄,2024-04-01,9659
3324,雙鴻,75,32,43,富邦-高雄,2024-04-01,9659
3711,日月光投控,43,1,42,富邦-高雄,2024-04-01,9659
6274,台燿,77,35,42,富邦-高雄,2024-04-01,9659
00930,永豐ESG低碳高息,41,0,41,富邦-高雄,2024-04-01,9659
2303,聯電,53,13,40,富邦-高雄,2024-04-01,9659
1618,合機,40,5,35,富邦-高雄,2024-04-01,9659
1582,信錦,34,1,33,富邦-高雄,2024-04-01,9659
3231,緯創,117,84,33,富邦-高雄,2024-04-01,9659
00933B,國泰10Y+金融債,36,4,32,富邦-高雄,2024-04-01,9659
00918,大華優利高填息30,35,5,30,富邦-高雄,2024-04-01,9659
2340,台亞,30,0,30,富邦-高雄,2024-04-01,9659
3622,洋華,128,98,30,富邦-高雄,2024-04-01,9659
3147,大綜,30,1,29,富邦-高雄,2024-04-01,9659
2603,長榮,53,24,29,富邦-高雄,2024-04-01,9659
8054,安國,50,21,29,富邦-高雄,2024-04-01,9659
3312,弘憶股,53,24,29,富邦-高雄,2024-04-01,9659
00715L,期街口布蘭特正2,30,2,28,富邦-高雄,2024-04-01,9659
2308,台達電,27,0,27,富邦-高雄,2024-04-01,9659
2538,基泰,27,0,27,富邦-高雄,2024-04-01,9659
006205,富邦上証,30,4,26,富邦-高雄,2024-04-01,9659
00937B,群益ESG投等債20,125,99,26,富邦-高雄,2024-04-01,9659
2330,台積電,26,0,26,富邦-高雄,2024-04-01,9659
9105,泰金寶-DR,25,0,25,富邦-高雄,2024-04-01,9659
2352,佳世達,26,2,24,富邦-高雄,2024-04-01,9659
1587,吉茂,36,12,24,富邦-高雄,2024-04-01,9659
4968,立積,22,0,22,富邦-高雄,2024-04-01,9659
00915,凱基優選高股息30,34,13,21,富邦-高雄,2024-04-01,9659
2883,凱基金,24,3,21,富邦-高雄,2024-04-01,9659
00929,復華台灣科技優息,638,42,596,富邦-高雄,2024-04-02,9659
00680L,元大美債20正2,678,210,468,富邦-高雄,2024-04-02,9659
00632R,元大台灣50反1,261,45,216,富邦-高雄,2024-04-02,9659
00937B,群益ESG投等債20,482,278,204,富邦-高雄,2024-04-02,9659
00941,中信上游半導體,221,25,196,富邦-高雄,2024-04-02,9659
2317,鴻海,295,102,193,富邦-高雄,2024-04-02,9659
00933B,國泰10Y+金融債,181,0,181,富邦-高雄,2024-04-02,9659
00679B,元大美債20年,110,0,110,富邦-高雄,2024-04-02,9659
1710,東聯,100,0,100,富邦-高雄,2024-04-02,9659
5521,工信,107,9,98,富邦-高雄,2024-04-02,9659
5880,合庫金,95,0,95,富邦-高雄,2024-04-02,9659
2888,新光金,103,11,92,富邦-高雄,2024-04-02,9659
8112,至上,81,5,76,富邦-高雄,2024-04-02,9659
00720B,元大投資級公司債,76,0,76,富邦-高雄,2024-04-02,9659
2101,南港,70,0,70,富邦-高雄,2024-04-02,9659
00931B,統一美債20年,66,0,66,富邦-高雄,2024-04-02,9659
1440,南紡,65,0,65,富邦-高雄,2024-04-02,9659
6438,迅得,63,7,56,富邦-高雄,2024-04-02,9659
2344,華邦電,57,4,53,富邦-高雄,2024-04-02,9659
2029,盛餘,50,0,50,富邦-高雄,2024-04-02,9659
3044,健鼎,53,5,48,富邦-高雄,2024-04-02,9659
1713,國化,49,1,48,富邦-高雄,2024-04-02,9659
00927,群益半導體收益,45,0,45,富邦-高雄,2024-04-02,9659
00650L,復華香港正2,56,16,40,富邦-高雄,2024-04-02,9659
2404,漢唐,43,5,38,富邦-高雄,2024-04-02,9659
2887,台新金,56,19,37,富邦-高雄,2024-04-02,9659
00637L,元大滬深300正2,36,2,34,富邦-高雄,2024-04-02,9659
7402,邑錡,54,20,34,富邦-高雄,2024-04-02,9659
00751B,元大AAA至A公司債,35,2,33,富邦-高雄,2024-04-02,9659
2363,矽統,34,2,32,富邦-高雄,2024-04-02,9659
2834,臺企銀,43,11,32,富邦-高雄,2024-04-02,9659
4111,濟生,30,0,30,富邦-高雄,2024-04-02,9659
1216,統一,29,0,29,富邦-高雄,2024-04-02,9659
5512,力麒,34,5,29,富邦-高雄,2024-04-02,9659
6120,達運,37,10,27,富邦-高雄,2024-04-02,9659
1785,光洋科,27,0,27,富邦-高雄,2024-04-02,9659
2301,光寶科,45,19,26,富邦-高雄,2024-04-02,9659
1609,大亞,58,32,26,富邦-高雄,2024-04-02,9659
00733,富邦臺灣中小,26,0,26,富邦-高雄,2024-04-02,9659
00909,國泰數位支付服務,25,0,25,富邦-高雄,2024-04-02,9659
2020,美亞,25,0,25,富邦-高雄,2024-04-02,9659
3622,洋華,120,98,22,富邦-高雄,2024-04-02,9659
00633L,富邦上証正2,21,0,21,富邦-高雄,2024-04-02,9659
1802,台玻,21,0,21,富邦-高雄,2024-04-02,9659
3294,英濟,40,20,20,富邦-高雄,2024-04-02,9659
6166,凌華,20,0,20,富邦-高雄,2024-04-02,9659
2439,美律,20,0,20,富邦-高雄,2024-04-02,9659
2603,長榮,40,22,18,富邦-高雄,2024-04-02,9659
6187,萬潤,25,8,17,富邦-高雄,2024-04-02,9659
2547,日勝生,17,0,17,富邦-高雄,2024-04-02,9659
4960,誠美材,844,0,844,富邦-高雄,2024-04-03,9659
00795B,中信美國公債20年,616,0,616,富邦-高雄,2024-04-03,9659
00940,元大台灣價值高息,622,32,590,富邦-高雄,2024-04-03,9659
2515,中工,551,102,449,富邦-高雄,2024-04-03,9659
00941,中信上游半導體,358,1,357,富邦-高雄,2024-04-03,9659
00929,復華台灣科技優息,325,18,307,富邦-高雄,2024-04-03,9659
00680L,元大美債20正2,240,1,239,富邦-高雄,2024-04-03,9659
00679B,元大美債20年,193,0,193,富邦-高雄,2024-04-03,9659
00687B,國泰20年美債,187,6,181,富邦-高雄,2024-04-03,9659
2382,廣達,181,15,166,富邦-高雄,2024-04-03,9659
2486,一詮,384,224,160,富邦-高雄,2024-04-03,9659
00632R,元大台灣50反1,192,50,142,富邦-高雄,2024-04-03,9659
3481,群創,157,49,108,富邦-高雄,2024-04-03,9659
2030,彰源,106,2,104,富邦-高雄,2024-04-03,9659
2618,長榮航,97,3,94,富邦-高雄,2024-04-03,9659
00937B,群益ESG投等債20,777,688,89,富邦-高雄,2024-04-03,9659
00927,群益半導體收益,87,1,86,富邦-高雄,2024-04-03,9659
00933B,國泰10Y+金融債,87,4,83,富邦-高雄,2024-04-03,9659
8111,立��,62,2,60,富邦-高雄,2024-04-03,9659
2032,新鋼,69,11,58,富邦-高雄,2024-04-03,9659
4908,前鼎,49,4,45,富邦-高雄,2024-04-03,9659
6005,群益證,55,11,44,富邦-高雄,2024-04-03,9659
00720B,元大投資級公司債,46,5,41,富邦-高雄,2024-04-03,9659
1513,中興電,58,19,39,富邦-高雄,2024-04-03,9659
9105,泰金寶-DR,38,0,38,富邦-高雄,2024-04-03,9659
6215,和椿,63,26,37,富邦-高雄,2024-04-03,9659
2609,陽明,47,12,35,富邦-高雄,2024-04-03,9659
3289,宜特,33,1,32,富邦-高雄,2024-04-03,9659
00637L,元大滬深300正2,31,0,31,富邦-高雄,2024-04-03,9659
2101,南港,30,0,30,富邦-高雄,2024-04-03,9659
00665L,富邦�琤肭磪囓�2,28,0,28,富邦-高雄,2024-04-03,9659
2881,富邦金,38,12,26,富邦-高雄,2024-04-03,9659
6531,愛普*,26,0,26,富邦-高雄,2024-04-03,9659
2884,玉山金,28,2,26,富邦-高雄,2024-04-03,9659
00733,富邦臺灣中小,25,0,25,富邦-高雄,2024-04-03,9659
5512,力麒,26,1,25,富邦-高雄,2024-04-03,9659
9955,佳龍,36,12,24,富邦-高雄,2024-04-03,9659
00725B,國泰投資級公司債,32,8,24,富邦-高雄,2024-04-03,9659
8096,擎亞,34,11,23,富邦-高雄,2024-04-03,9659
00907,永豐優息存股,22,0,22,富邦-高雄,2024-04-03,9659
2630,亞航,24,3,21,富邦-高雄,2024-04-03,9659
2886,兆豐金,21,0,21,富邦-高雄,2024-04-03,9659
3706,神達,29,9,20,富邦-高雄,2024-04-03,9659
6584,南俊國際,24,4,20,富邦-高雄,2024-04-03,9659
1582,信錦,21,1,20,富邦-高雄,2024-04-03,9659
5443,均豪,74,54,20,富邦-高雄,2024-04-03,9659
8936,國統,37,17,20,富邦-高雄,2024-04-03,9659
00878,國泰永續高股息,23,4,19,富邦-高雄,2024-04-03,9659
2376,技嘉,35,17,18,富邦-高雄,2024-04-03,9659
2371,大同,46,28,18,富邦-高雄,2024-04-03,9659
00940,元大台灣價值高息,689,182,507,富邦-高雄,2024-04-08,9659
00680L,元大美債20正2,640,174,466,富邦-高雄,2024-04-08,9659
00679B,元大美債20年,435,4,431,富邦-高雄,2024-04-08,9659
00937B,群益ESG投等債20,411,83,328,富邦-高雄,2024-04-08,9659
00929,復華台灣科技優息,277,33,244,富邦-高雄,2024-04-08,9659
6188,廣明,227,40,187,富邦-高雄,2024-04-08,9659
00919,群益台灣精選高息,179,22,157,富邦-高雄,2024-04-08,9659
00795B,中信美國公債20年,132,0,132,富邦-高雄,2024-04-08,9659
3231,緯創,222,112,110,富邦-高雄,2024-04-08,9659
00687B,國泰20年美債,111,1,110,富邦-高雄,2024-04-08,9659
00665L,富邦�琤肭磪囓�2,115,5,110,富邦-高雄,2024-04-08,9659
00927,群益半導體收益,95,2,93,富邦-高雄,2024-04-08,9659
4533,協易機,124,37,87,富邦-高雄,2024-04-08,9659
00931B,統一美債20年,85,0,85,富邦-高雄,2024-04-08,9659
1815,富喬,83,1,82,富邦-高雄,2024-04-08,9659
00688L,國泰20年美債正2,82,3,79,富邦-高雄,2024-04-08,9659
00720B,元大投資級公司債,83,9,74,富邦-高雄,2024-04-08,9659
2464,盟立,144,79,65,富邦-高雄,2024-04-08,9659
2374,佳能,171,107,64,富邦-高雄,2024-04-08,9659
00733,富邦臺灣中小,59,0,59,富邦-高雄,2024-04-08,9659
00885,富邦越南,65,12,53,富邦-高雄,2024-04-08,9659
1608,華榮,89,37,52,富邦-高雄,2024-04-08,9659
00882,中信中國高股息,50,5,45,富邦-高雄,2024-04-08,9659
00715L,期街口布蘭特正2,56,12,44,富邦-高雄,2024-04-08,9659
2393,億光,55,11,44,富邦-高雄,2024-04-08,9659
6187,萬潤,80,40,40,富邦-高雄,2024-04-08,9659
00941,中信上游半導體,74,34,40,富邦-高雄,2024-04-08,9659
3363,上詮,48,9,39,富邦-高雄,2024-04-08,9659
00751B,元大AAA至A公司債,38,0,38,富邦-高雄,2024-04-08,9659
2356,英業達,50,12,38,富邦-高雄,2024-04-08,9659
1314,中石化,32,0,32,富邦-高雄,2024-04-08,9659
1612,宏泰,42,10,32,富邦-高雄,2024-04-08,9659
2362,藍天,36,4,32,富邦-高雄,2024-04-08,9659
2882,國泰金,57,27,30,富邦-高雄,2024-04-08,9659
3715,定穎投控,45,14,31,富邦-高雄,2024-04-08,9659
5324,士開,31,1,30,富邦-高雄,2024-04-08,9659
6120,達運,58,29,29,富邦-高雄,2024-04-08,9659
2412,中華電,34,6,28,富邦-高雄,2024-04-08,9659
2880,華南金,30,3,27,富邦-高雄,2024-04-08,9659
5443,均豪,54,30,24,富邦-高雄,2024-04-08,9659
2324,仁寶,28,5,23,富邦-高雄,2024-04-08,9659
2353,宏��,22,0,22,富邦-高雄,2024-04-08,9659
2327,國巨,25,4,21,富邦-高雄,2024-04-08,9659
3701,大眾控,20,0,20,富邦-高雄,2024-04-08,9659
2014,中鴻,24,4,20,富邦-高雄,2024-04-08,9659
3059,華晶科,52,32,20,富邦-高雄,2024-04-08,9659
3036,文曄,20,2,18,富邦-高雄,2024-04-08,9659
00857B,永豐20年美公債,18,0,18,富邦-高雄,2024-04-08,9659
00637L,元大滬深300正2,27,10,17,富邦-高雄,2024-04-08,9659
0056,元大高股息,26,10,16,富邦-高雄,2024-04-08,9659
00632R,元大台灣50反1,1255,140,1115,富邦-高雄,2024-04-09,9659
3481,群創,336,169,167,富邦-高雄,2024-04-09,9659
00937B,群益ESG投等債20,225,70,155,富邦-高雄,2024-04-09,9659
1440,南紡,150,17,133,富邦-高雄,2024-04-09,9659
00795B,中信美國公債20年,110,0,110,富邦-高雄,2024-04-09,9659
00929,復華台灣科技優息,114,4,110,富邦-高雄,2024-04-09,9659
2501,國建,104,6,98,富邦-高雄,2024-04-09,9659
3622,洋華,88,6,82,富邦-高雄,2024-04-09,9659
1603,華電,114,38,76,富邦-高雄,2024-04-09,9659
4720,德淵,70,0,70,富邦-高雄,2024-04-09,9659
5014,建錩,73,4,69,富邦-高雄,2024-04-09,9659
2374,佳能,84,15,69,富邦-高雄,2024-04-09,9659
2464,盟立,275,209,66,富邦-高雄,2024-04-09,9659
00687B,國泰20年美債,66,4,62,富邦-高雄,2024-04-09,9659
6005,群益證,86,26,60,富邦-高雄,2024-04-09,9659
1513,中興電,125,71,54,富邦-高雄,2024-04-09,9659
2609,陽明,79,26,53,富邦-高雄,2024-04-09,9659
1618,合機,75,25,50,富邦-高雄,2024-04-09,9659
2344,華邦電,84,38,46,富邦-高雄,2024-04-09,9659
3038,全台,45,0,45,富邦-高雄,2024-04-09,9659
0056,元大高股息,63,21,42,富邦-高雄,2024-04-09,9659
6166,凌華,46,9,37,富邦-高雄,2024-04-09,9659
00909,國泰數位支付服務,36,1,35,富邦-高雄,2024-04-09,9659
2354,鴻準,36,3,33,富邦-高雄,2024-04-09,9659
2834,臺企銀,31,0,31,富邦-高雄,2024-04-09,9659
5609,中菲行,30,0,30,富邦-高雄,2024-04-09,9659
3338,泰碩,59,29,30,富邦-高雄,2024-04-09,9659
00706L,期元大S＆P日圓正2,51,21,30,富邦-高雄,2024-04-09,9659
00919,群益台灣精選高息,50,21,29,富邦-高雄,2024-04-09,9659
2356,英業達,41,12,29,富邦-高雄,2024-04-09,9659
6189,豐藝,50,22,28,富邦-高雄,2024-04-09,9659
5512,力麒,27,0,27,富邦-高雄,2024-04-09,9659
2402,毅嘉,36,9,27,富邦-高雄,2024-04-09,9659
5340,建榮,27,2,25,富邦-高雄,2024-04-09,9659
00933B,國泰10Y+金融債,25,0,25,富邦-高雄,2024-04-09,9659
00927,群益半導體收益,26,1,25,富邦-高雄,2024-04-09,9659
00715L,期街口布蘭特正2,46,22,24,富邦-高雄,2024-04-09,9659
6443,元晶,22,0,22,富邦-高雄,2024-04-09,9659
6234,高僑,23,1,22,富邦-高雄,2024-04-09,9659
2880,華南金,23,1,22,富邦-高雄,2024-04-09,9659
3479,安勤,23,2,21,富邦-高雄,2024-04-09,9659
1808,潤隆,20,0,20,富邦-高雄,2024-04-09,9659
00885,富邦越南,27,7,20,富邦-高雄,2024-04-09,9659
9902,台火,20,0,20,富邦-高雄,2024-04-09,9659
2603,長榮,63,43,20,富邦-高雄,2024-04-09,9659
4906,正文,22,3,19,富邦-高雄,2024-04-09,9659
2855,統一證,60,41,19,富邦-高雄,2024-04-09,9659
2371,大同,159,140,19,富邦-高雄,2024-04-09,9659
2605,新興,21,3,18,富邦-高雄,2024-04-09,9659
6806,森崴能源,23,5,18,富邦-高雄,2024-04-09,9659
00937B,群益ESG投等債20,386,8,378,富邦-高雄,2024-04-10,9659
4960,誠美材,201,0,201,富邦-高雄,2024-04-10,9659
00637L,元大滬深300正2,210,10,200,富邦-高雄,2024-04-10,9659
2501,國建,162,21,141,富邦-高雄,2024-04-10,9659
2515,中工,299,171,128,富邦-高雄,2024-04-10,9659
3363,上詮,116,4,112,富邦-高雄,2024-04-10,9659
00919,群益台灣精選高息,141,48,93,富邦-高雄,2024-04-10,9659
3481,群創,162,74,88,富邦-高雄,2024-04-10,9659
00929,復華台灣科技優息,188,101,87,富邦-高雄,2024-04-10,9659
1717,長興,104,20,84,富邦-高雄,2024-04-10,9659
2353,宏��,140,58,82,富邦-高雄,2024-04-10,9659
2511,太子,83,6,77,富邦-高雄,2024-04-10,9659
2609,陽明,78,6,72,富邦-高雄,2024-04-10,9659
00679B,元大美債20年,67,2,65,富邦-高雄,2024-04-10,9659
8069,元太,61,1,60,富邦-高雄,2024-04-10,9659
2317,鴻海,99,42,57,富邦-高雄,2024-04-10,9659
6188,廣明,65,9,56,富邦-高雄,2024-04-10,9659
3041,揚智,100,46,54,富邦-高雄,2024-04-10,9659
2891,中信金,54,2,52,富邦-高雄,2024-04-10,9659
8358,金居,56,5,51,富邦-高雄,2024-04-10,9659
1618,合機,78,28,50,富邦-高雄,2024-04-10,9659
1529,樂事綠能,55,6,49,富邦-高雄,2024-04-10,9659
2634,漢翔,105,57,48,富邦-高雄,2024-04-10,9659
1440,南紡,46,0,46,富邦-高雄,2024-04-10,9659
6215,和椿,47,6,41,富邦-高雄,2024-04-10,9659
4550,長佳,38,0,38,富邦-高雄,2024-04-10,9659
00909,國泰數位支付服務,37,1,36,富邦-高雄,2024-04-10,9659
2801,彰銀,36,0,36,富邦-高雄,2024-04-10,9659
2344,華邦電,92,58,34,富邦-高雄,2024-04-10,9659
1608,華榮,75,43,32,富邦-高雄,2024-04-10,9659
6016,康和證,32,0,32,富邦-高雄,2024-04-10,9659
2382,廣達,47,15,32,富邦-高雄,2024-04-10,9659
6274,台燿,52,21,31,富邦-高雄,2024-04-10,9659
5258,虹堡,31,0,31,富邦-高雄,2024-04-10,9659
2535,達欣工,30,0,30,富邦-高雄,2024-04-10,9659
6799,來頡,30,0,30,富邦-高雄,2024-04-10,9659
2505,國揚,31,2,29,富邦-高雄,2024-04-10,9659
8033,雷虎,39,10,29,富邦-高雄,2024-04-10,9659
3052,夆典,28,0,28,富邦-高雄,2024-04-10,9659
2316,楠梓電,28,1,27,富邦-高雄,2024-04-10,9659
2883,凱基金,34,7,27,富邦-高雄,2024-04-10,9659
2371,大同,31,5,26,富邦-高雄,2024-04-10,9659
1513,中興電,65,40,25,富邦-高雄,2024-04-10,9659
3264,欣銓,32,8,24,富邦-高雄,2024-04-10,9659
3163,波若威,24,0,24,富邦-高雄,2024-04-10,9659
2618,長榮航,30,7,23,富邦-高雄,2024-04-10,9659
00857B,永豐20年美公債,22,0,22,富邦-高雄,2024-04-10,9659
2033,佳大,22,0,22,富邦-高雄,2024-04-10,9659
00673R,期元大S＆P原油反1,23,1,22,富邦-高雄,2024-04-10,9659
4906,正文,26,5,21,富邦-高雄,2024-04-10,9659
00937B,群益ESG投等債20,992,26,966,富邦-高雄,2024-04-11,9659
00680L,元大美債20正2,803,0,803,富邦-高雄,2024-04-11,9659
00941,中信上游半導體,843,228,615,富邦-高雄,2024-04-11,9659
00632R,元大台灣50反1,612,201,411,富邦-高雄,2024-04-11,9659
3481,群創,425,96,329,富邦-高雄,2024-04-11,9659
8112,至上,326,44,282,富邦-高雄,2024-04-11,9659
00679B,元大美債20年,438,195,243,富邦-高雄,2024-04-11,9659
00687B,國泰20年美債,165,3,162,富邦-高雄,2024-04-11,9659
00712,復華富時不動產,154,44,110,富邦-高雄,2024-04-11,9659
2506,太設,154,50,104,富邦-高雄,2024-04-11,9659
00933B,國泰10Y+金融債,89,3,86,富邦-高雄,2024-04-11,9659
2610,華航,163,77,86,富邦-高雄,2024-04-11,9659
3231,緯創,145,61,84,富邦-高雄,2024-04-11,9659
3060,銘異,184,104,80,富邦-高雄,2024-04-11,9659
00940,元大台灣價值高息,133,58,75,富邦-高雄,2024-04-11,9659
00665L,富邦�琤肭磪囓�2,167,92,75,富邦-高雄,2024-04-11,9659
2406,國碩,122,52,70,富邦-高雄,2024-04-11,9659
00751B,元大AAA至A公司債,74,5,69,富邦-高雄,2024-04-11,9659
2371,大同,213,145,68,富邦-高雄,2024-04-11,9659
2634,漢翔,87,22,65,富邦-高雄,2024-04-11,9659
2303,聯電,67,10,57,富邦-高雄,2024-04-11,9659
2731,雄獅,70,14,56,富邦-高雄,2024-04-11,9659
00706L,期元大S＆P日圓正2,60,4,56,富邦-高雄,2024-04-11,9659
2881,富邦金,56,3,53,富邦-高雄,2024-04-11,9659
00688L,國泰20年美債正2,52,0,52,富邦-高雄,2024-04-11,9659
6431,光麗-KY,49,0,49,富邦-高雄,2024-04-11,9659
2409,友達,46,1,45,富邦-高雄,2024-04-11,9659
3013,晟銘電,94,50,44,富邦-高雄,2024-04-11,9659
00919,群益台灣精選高息,51,10,41,富邦-高雄,2024-04-11,9659
4714,永捷,80,40,40,富邦-高雄,2024-04-11,9659
2317,鴻海,164,125,39,富邦-高雄,2024-04-11,9659
2356,英業達,62,24,38,富邦-高雄,2024-04-11,9659
00720B,元大投資級公司債,40,3,37,富邦-高雄,2024-04-11,9659
1609,大亞,60,27,33,富邦-高雄,2024-04-11,9659
2887,台新金,39,7,32,富邦-高雄,2024-04-11,9659
5905,南仁湖,31,0,31,富邦-高雄,2024-04-11,9659
1587,吉茂,30,0,30,富邦-高雄,2024-04-11,9659
2208,台船,32,3,29,富邦-高雄,2024-04-11,9659
2329,華泰,82,54,28,富邦-高雄,2024-04-11,9659
1514,亞力,112,84,28,富邦-高雄,2024-04-11,9659
00927,群益半導體收益,29,3,26,富邦-高雄,2024-04-11,9659
1529,樂事綠能,32,6,26,富邦-高雄,2024-04-11,9659
1440,南紡,25,0,25,富邦-高雄,2024-04-11,9659
00931B,統一美債20年,33,10,23,富邦-高雄,2024-04-11,9659
6257,矽格,25,2,23,富邦-高雄,2024-04-11,9659
2630,亞航,53,30,23,富邦-高雄,2024-04-11,9659
0056,元大高股息,26,3,23,富邦-高雄,2024-04-11,9659
00891,中信關鍵半導體,21,0,21,富邦-高雄,2024-04-11,9659
6933,AMAX-KY,31,10,21,富邦-高雄,2024-04-11,9659
6290,良維,56,35,21,富邦-高雄,2024-04-11,9659
2371,大同,1109,609,500,富邦-高雄,2024-04-12,9659
00680L,元大美債20正2,355,10,345,富邦-高雄,2024-04-12,9659
00929,復華台灣科技優息,234,24,210,富邦-高雄,2024-04-12,9659
00937B,群益ESG投等債20,208,16,192,富邦-高雄,2024-04-12,9659
00679B,元大美債20年,320,138,182,富邦-高雄,2024-04-12,9659
3207,耀勝,182,2,180,富邦-高雄,2024-04-12,9659
1608,華榮,212,54,158,富邦-高雄,2024-04-12,9659
2609,陽明,177,44,133,富邦-高雄,2024-04-12,9659
00882,中信中國高股息,132,12,120,富邦-高雄,2024-04-12,9659
00687B,國泰20年美債,132,16,116,富邦-高雄,2024-04-12,9659
00637L,元大滬深300正2,112,5,107,富邦-高雄,2024-04-12,9659
2537,聯上發,140,43,97,富邦-高雄,2024-04-12,9659
2836,高雄銀,96,9,87,富邦-高雄,2024-04-12,9659
1605,華新,118,33,85,富邦-高雄,2024-04-12,9659
2610,華航,90,6,84,富邦-高雄,2024-04-12,9659
1513,中興電,216,136,80,富邦-高雄,2024-04-12,9659
2464,盟立,120,40,80,富邦-高雄,2024-04-12,9659
00933B,國泰10Y+金融債,137,61,76,富邦-高雄,2024-04-12,9659
00632R,元大台灣50反1,100,25,75,富邦-高雄,2024-04-12,9659
2017,官田鋼,71,0,71,富邦-高雄,2024-04-12,9659
00878,國泰永續高股息,86,22,64,富邦-高雄,2024-04-12,9659
2312,金寶,62,0,62,富邦-高雄,2024-04-12,9659
2887,台新金,60,1,59,富邦-高雄,2024-04-12,9659
00720B,元大投資級公司債,57,0,57,富邦-高雄,2024-04-12,9659
2353,宏��,137,82,55,富邦-高雄,2024-04-12,9659
2607,榮運,55,1,54,富邦-高雄,2024-04-12,9659
8110,華東,61,9,52,富邦-高雄,2024-04-12,9659
2382,廣達,83,31,52,富邦-高雄,2024-04-12,9659
6431,光麗-KY,49,0,49,富邦-高雄,2024-04-12,9659
00725B,國泰投資級公司債,51,4,47,富邦-高雄,2024-04-12,9659
1440,南紡,50,6,44,富邦-高雄,2024-04-12,9659
2323,中環,44,0,44,富邦-高雄,2024-04-12,9659
2465,麗臺,59,17,42,富邦-高雄,2024-04-12,9659
2376,技嘉,48,7,41,富邦-高雄,2024-04-12,9659
3354,律勝,39,2,37,富邦-高雄,2024-04-12,9659
1453,大將,48,11,37,富邦-高雄,2024-04-12,9659
5515,建國,44,8,36,富邦-高雄,2024-04-12,9659
2340,台亞,65,30,35,富邦-高雄,2024-04-12,9659
3312,弘憶股,59,25,34,富邦-高雄,2024-04-12,9659
2636,台驊控股,40,6,34,富邦-高雄,2024-04-12,9659
2303,聯電,69,36,33,富邦-高雄,2024-04-12,9659
5381,合正,71,40,31,富邦-高雄,2024-04-12,9659
2881,富邦金,34,3,31,富邦-高雄,2024-04-12,9659
2208,台船,29,0,29,富邦-高雄,2024-04-12,9659
3481,群創,112,84,28,富邦-高雄,2024-04-12,9659
1522,堤維西,25,0,25,富邦-高雄,2024-04-12,9659
00712,復華富時不動產,24,0,24,富邦-高雄,2024-04-12,9659
2884,玉山金,29,4,25,富邦-高雄,2024-04-12,9659
9955,佳龍,34,12,22,富邦-高雄,2024-04-12,9659
3615,安可,33,11,22,富邦-高雄,2024-04-12,9659
00929,復華台灣科技優息,502,14,488,富邦-高雄,2024-04-15,9659
00937B,群益ESG投等債20,381,71,310,富邦-高雄,2024-04-15,9659
3260,威剛,312,42,270,富邦-高雄,2024-04-15,9659
2367,燿華,279,114,165,富邦-高雄,2024-04-15,9659
00940,元大台灣價值高息,182,41,141,富邦-高雄,2024-04-15,9659
5202,力新,142,2,140,富邦-高雄,2024-04-15,9659
00941,中信上游半導體,132,6,126,富邦-高雄,2024-04-15,9659
00939,統一台灣高息動能,121,8,113,富邦-高雄,2024-04-15,9659
00753L,中信中國50正2,178,75,103,富邦-高雄,2024-04-15,9659
2618,長榮航,123,20,103,富邦-高雄,2024-04-15,9659
3712,永崴投控,109,20,89,富邦-高雄,2024-04-15,9659
2867,三商壽,253,168,85,富邦-高雄,2024-04-15,9659
00878,國泰永續高股息,94,10,84,富邦-高雄,2024-04-15,9659
5515,建國,76,2,74,富邦-高雄,2024-04-15,9659
4532,瑞智,79,12,67,富邦-高雄,2024-04-15,9659
3188,鑫龍騰,62,1,61,富邦-高雄,2024-04-15,9659
1603,華電,92,34,58,富邦-高雄,2024-04-15,9659
00927,群益半導體收益,58,2,56,富邦-高雄,2024-04-15,9659
00725B,國泰投資級公司債,55,0,55,富邦-高雄,2024-04-15,9659
1717,長興,60,6,54,富邦-高雄,2024-04-15,9659
1608,華榮,198,144,54,富邦-高雄,2024-04-15,9659
3294,英濟,68,15,53,富邦-高雄,2024-04-15,9659
00935,野村臺灣新科技50,47,0,47,富邦-高雄,2024-04-15,9659
1815,富喬,48,2,46,富邦-高雄,2024-04-15,9659
00891,中信關鍵半導體,45,0,45,富邦-高雄,2024-04-15,9659
3231,緯創,92,48,44,富邦-高雄,2024-04-15,9659
00680L,元大美債20正2,44,1,43,富邦-高雄,2024-04-15,9659
4960,誠美材,41,0,41,富邦-高雄,2024-04-15,9659
0056,元大高股息,87,47,40,富邦-高雄,2024-04-15,9659
00882,中信中國高股息,47,10,37,富邦-高雄,2024-04-15,9659
2317,鴻海,92,59,33,富邦-高雄,2024-04-15,9659
1504,東元,64,31,33,富邦-高雄,2024-04-15,9659
6237,驊訊,35,3,32,富邦-高雄,2024-04-15,9659
2543,皇昌,42,11,31,富邦-高雄,2024-04-15,9659
3339,泰谷,31,0,31,富邦-高雄,2024-04-15,9659
2002,中鋼,41,11,30,富邦-高雄,2024-04-15,9659
2330,台積電,34,6,28,富邦-高雄,2024-04-15,9659
1905,華紙,36,8,28,富邦-高雄,2024-04-15,9659
2025,千興,32,4,28,富邦-高雄,2024-04-15,9659
3037,欣興,32,4,28,富邦-高雄,2024-04-15,9659
2636,台驊控股,27,0,27,富邦-高雄,2024-04-15,9659
00918,大華優利高填息30,37,11,26,富邦-高雄,2024-04-15,9659
2634,漢翔,105,79,26,富邦-高雄,2024-04-15,9659
00687B,國泰20年美債,28,3,25,富邦-高雄,2024-04-15,9659
00909,國泰數位支付服務,26,1,25,富邦-高雄,2024-04-15,9659
3324,雙鴻,45,20,25,富邦-高雄,2024-04-15,9659
00665L,富邦�琤肭磪囓�2,43,19,24,富邦-高雄,2024-04-15,9659
6504,南六,31,8,23,富邦-高雄,2024-04-15,9659
5347,世界,24,2,22,富邦-高雄,2024-04-15,9659
3305,昇貿,22,0,22,富邦-高雄,2024-04-15,9659
00940,元大台灣價值高息,1194,100,1094,富邦-高雄,2024-04-16,9659
00680L,元大美債20正2,867,20,847,富邦-高雄,2024-04-16,9659
00937B,群益ESG投等債20,787,65,722,富邦-高雄,2024-04-16,9659
00929,復華台灣科技優息,783,65,718,富邦-高雄,2024-04-16,9659
00919,群益台灣精選高息,536,164,372,富邦-高雄,2024-04-16,9659
00939,統一台灣高息動能,309,41,268,富邦-高雄,2024-04-16,9659
00878,國泰永續高股息,352,85,267,富邦-高雄,2024-04-16,9659
2887,台新金,280,19,261,富邦-高雄,2024-04-16,9659
2891,中信金,231,9,222,富邦-高雄,2024-04-16,9659
2344,華邦電,220,17,203,富邦-高雄,2024-04-16,9659
2884,玉山金,232,41,191,富邦-高雄,2024-04-16,9659
0056,元大高股息,232,58,174,富邦-高雄,2024-04-16,9659
2885,元大金,139,7,132,富邦-高雄,2024-04-16,9659
00632R,元大台灣50反1,300,191,109,富邦-高雄,2024-04-16,9659
5880,合庫金,114,7,107,富邦-高雄,2024-04-16,9659
2883,凱基金,153,51,102,富邦-高雄,2024-04-16,9659
00918,大華優利高填息30,122,25,97,富邦-高雄,2024-04-16,9659
00885,富邦越南,99,5,94,富邦-高雄,2024-04-16,9659
2888,新光金,84,0,84,富邦-高雄,2024-04-16,9659
4402,郡都開發,73,1,72,富邦-高雄,2024-04-16,9659
2208,台船,71,0,71,富邦-高雄,2024-04-16,9659
2634,漢翔,186,116,70,富邦-高雄,2024-04-16,9659
00720B,元大投資級公司債,74,5,69,富邦-高雄,2024-04-16,9659
2892,第一金,69,6,63,富邦-高雄,2024-04-16,9659
2618,長榮航,124,61,63,富邦-高雄,2024-04-16,9659
3059,華晶科,59,1,58,富邦-高雄,2024-04-16,9659
2867,三商壽,218,163,55,富邦-高雄,2024-04-16,9659
00933B,國泰10Y+金融債,88,34,54,富邦-高雄,2024-04-16,9659
5202,力新,53,0,53,富邦-高雄,2024-04-16,9659
2881,富邦金,67,14,53,富邦-高雄,2024-04-16,9659
2353,宏��,58,7,51,富邦-高雄,2024-04-16,9659
00688L,國泰20年美債正2,59,8,51,富邦-高雄,2024-04-16,9659
1314,中石化,69,19,50,富邦-高雄,2024-04-16,9659
00725B,國泰投資級公司債,54,6,48,富邦-高雄,2024-04-16,9659
00726B,國泰新興投等債,47,0,47,富邦-高雄,2024-04-16,9659
2330,台積電,66,20,46,富邦-高雄,2024-04-16,9659
3231,緯創,124,81,43,富邦-高雄,2024-04-16,9659
2603,長榮,56,14,42,富邦-高雄,2024-04-16,9659
2545,皇翔,41,0,41,富邦-高雄,2024-04-16,9659
00633L,富邦上証正2,40,0,40,富邦-高雄,2024-04-16,9659
3036,文曄,81,41,40,富邦-高雄,2024-04-16,9659
2834,臺企銀,123,83,40,富邦-高雄,2024-04-16,9659
2303,聯電,141,102,39,富邦-高雄,2024-04-16,9659
00935,野村臺灣新科技50,46,8,38,富邦-高雄,2024-04-16,9659
2382,廣達,56,19,37,富邦-高雄,2024-04-16,9659
00891,中信關鍵半導體,43,8,35,富邦-高雄,2024-04-16,9659
00751B,元大AAA至A公司債,33,0,33,富邦-高雄,2024-04-16,9659
6770,力積電,42,10,32,富邦-高雄,2024-04-16,9659
1301,台塑,44,12,32,富邦-高雄,2024-04-16,9659
3583,辛耘,37,5,32,富邦-高雄,2024-04-16,9659
00632R,元大台灣50反1,1775,391,1384,富邦-高雄,2024-04-17,9659
00937B,群益ESG投等債20,664,30,634,富邦-高雄,2024-04-17,9659
2371,大同,878,302,576,富邦-高雄,2024-04-17,9659
00933B,國泰10Y+金融債,306,0,306,富邦-高雄,2024-04-17,9659
00919,群益台灣精選高息,264,43,221,富邦-高雄,2024-04-17,9659
0056,元大高股息,203,18,185,富邦-高雄,2024-04-17,9659
2618,長榮航,225,57,168,富邦-高雄,2024-04-17,9659
00929,復華台灣科技優息,183,20,163,富邦-高雄,2024-04-17,9659
2486,一詮,187,27,160,富邦-高雄,2024-04-17,9659
1810,和成,253,93,160,富邦-高雄,2024-04-17,9659
00878,國泰永續高股息,157,12,145,富邦-高雄,2024-04-17,9659
5880,合庫金,138,0,138,富邦-高雄,2024-04-17,9659
2884,玉山金,137,5,132,富邦-高雄,2024-04-17,9659
00795B,中信美國公債20年,116,0,116,富邦-高雄,2024-04-17,9659
1101,台泥,122,12,110,富邦-高雄,2024-04-17,9659
2515,中工,113,12,101,富邦-高雄,2024-04-17,9659
00679B,元大美債20年,97,2,95,富邦-高雄,2024-04-17,9659
2885,元大金,94,0,94,富邦-高雄,2024-04-17,9659
2867,三商壽,126,42,84,富邦-高雄,2024-04-17,9659
2883,凱基金,81,1,80,富邦-高雄,2024-04-17,9659
00753L,中信中國50正2,80,0,80,富邦-高雄,2024-04-17,9659
00720B,元大投資級公司債,85,15,70,富邦-高雄,2024-04-17,9659
00712,復華富時不動產,90,20,70,富邦-高雄,2024-04-17,9659
00687B,國泰20年美債,67,2,65,富邦-高雄,2024-04-17,9659
00941,中信上游半導體,67,2,65,富邦-高雄,2024-04-17,9659
2887,台新金,65,4,61,富邦-高雄,2024-04-17,9659
3231,緯創,81,25,56,富邦-高雄,2024-04-17,9659
00904,新光臺灣半導體30,55,0,55,富邦-高雄,2024-04-17,9659
8112,至上,56,1,55,富邦-高雄,2024-04-17,9659
3430,奇鈦科,51,1,50,富邦-高雄,2024-04-17,9659
00725B,國泰投資級公司債,48,5,43,富邦-高雄,2024-04-17,9659
2208,台船,40,0,40,富邦-高雄,2024-04-17,9659
2607,榮運,39,0,39,富邦-高雄,2024-04-17,9659
6770,力積電,63,26,37,富邦-高雄,2024-04-17,9659
1608,華榮,90,53,37,富邦-高雄,2024-04-17,9659
2603,長榮,106,70,36,富邦-高雄,2024-04-17,9659
2367,燿華,95,59,36,富邦-高雄,2024-04-17,9659
1605,華新,147,112,35,富邦-高雄,2024-04-17,9659
2359,所羅門,36,1,35,富邦-高雄,2024-04-17,9659
2303,聯電,55,20,35,富邦-高雄,2024-04-17,9659
00664R,國泰臺灣加權反1,31,0,31,富邦-高雄,2024-04-17,9659
2409,友達,30,0,30,富邦-高雄,2024-04-17,9659
2002,中鋼,46,18,28,富邦-高雄,2024-04-17,9659
00665L,富邦�琤肭磪囓�2,28,0,28,富邦-高雄,2024-04-17,9659
2363,矽統,66,39,27,富邦-高雄,2024-04-17,9659
1612,宏泰,66,40,26,富邦-高雄,2024-04-17,9659
6005,群益證,57,32,25,富邦-高雄,2024-04-17,9659
3339,泰谷,23,0,23,富邦-高雄,2024-04-17,9659
00680L,元大美債20正2,22,0,22,富邦-高雄,2024-04-17,9659
2009,第一銅,68,46,22,富邦-高雄,2024-04-17,9659
00942B,台新美A公司債20+,1211,164,1047,富邦-高雄,2024-04-18,9659
00937B,群益ESG投等債20,583,93,490,富邦-高雄,2024-04-18,9659
00929,復華台灣科技優息,291,48,243,富邦-高雄,2024-04-18,9659
2506,太設,210,0,210,富邦-高雄,2024-04-18,9659
0056,元大高股息,166,32,134,富邦-高雄,2024-04-18,9659
2610,華航,122,4,118,富邦-高雄,2024-04-18,9659
2515,中工,172,57,115,富邦-高雄,2024-04-18,9659
1608,華榮,214,105,109,富邦-高雄,2024-04-18,9659
1316,上曜,110,17,93,富邦-高雄,2024-04-18,9659
00632R,元大台灣50反1,233,150,83,富邦-高雄,2024-04-18,9659
00940,元大台灣價值高息,169,88,81,富邦-高雄,2024-04-18,9659
3481,群創,81,5,76,富邦-高雄,2024-04-18,9659
00941,中信上游半導體,95,22,73,富邦-高雄,2024-04-18,9659
2501,國建,100,27,73,富邦-高雄,2024-04-18,9659
1104,環泥,71,2,69,富邦-高雄,2024-04-18,9659
2211,長榮鋼,62,2,60,富邦-高雄,2024-04-18,9659
5512,力麒,75,16,59,富邦-高雄,2024-04-18,9659
1612,宏泰,119,60,59,富邦-高雄,2024-04-18,9659
1605,華新,215,159,56,富邦-高雄,2024-04-18,9659
3707,漢磊,69,21,48,富邦-高雄,2024-04-18,9659
1611,中電,59,11,48,富邦-高雄,2024-04-18,9659
00720B,元大投資級公司債,45,1,44,富邦-高雄,2024-04-18,9659
2014,中鴻,58,14,44,富邦-高雄,2024-04-18,9659
6282,康舒,48,6,42,富邦-高雄,2024-04-18,9659
2609,陽明,52,10,42,富邦-高雄,2024-04-18,9659
2867,三商壽,81,40,41,富邦-高雄,2024-04-18,9659
00857B,永豐20年美公債,47,7,40,富邦-高雄,2024-04-18,9659
3294,英濟,45,7,38,富邦-高雄,2024-04-18,9659
00712,復華富時不動產,34,0,34,富邦-高雄,2024-04-18,9659
1609,大亞,153,120,33,富邦-高雄,2024-04-18,9659
9933,中鼎,37,4,33,富邦-高雄,2024-04-18,9659
3312,弘憶股,69,38,31,富邦-高雄,2024-04-18,9659
5515,建國,62,32,30,富邦-高雄,2024-04-18,9659
8936,國統,45,15,30,富邦-高雄,2024-04-18,9659
2454,聯發科,32,2,30,富邦-高雄,2024-04-18,9659
00733,富邦臺灣中小,29,0,29,富邦-高雄,2024-04-18,9659
1616,億泰,31,3,28,富邦-高雄,2024-04-18,9659
2486,一詮,33,6,27,富邦-高雄,2024-04-18,9659
6147,頎邦,26,0,26,富邦-高雄,2024-04-18,9659
1717,長興,25,0,25,富邦-高雄,2024-04-18,9659
2303,聯電,42,20,22,富邦-高雄,2024-04-18,9659
2618,長榮航,60,39,21,富邦-高雄,2024-04-18,9659
4960,誠美材,21,0,21,富邦-高雄,2024-04-18,9659
1617,榮星,20,0,20,富邦-高雄,2024-04-18,9659
4157,太景*-KY,25,5,20,富邦-高雄,2024-04-18,9659
3231,緯創,61,41,20,富邦-高雄,2024-04-18,9659
00687B,國泰20年美債,24,5,19,富邦-高雄,2024-04-18,9659
1535,中宇,22,4,18,富邦-高雄,2024-04-18,9659
5534,長虹,22,4,18,富邦-高雄,2024-04-18,9659
2009,第一銅,52,34,18,富邦-高雄,2024-04-18,9659
00929,復華台灣科技優息,1346,402,944,富邦-高雄,2024-04-19,9659
00940,元大台灣價值高息,655,193,462,富邦-高雄,2024-04-19,9659
00919,群益台灣精選高息,395,79,316,富邦-高雄,2024-04-19,9659
00941,中信上游半導體,404,118,286,富邦-高雄,2024-04-19,9659
5512,力麒,380,130,250,富邦-高雄,2024-04-19,9659
00939,統一台灣高息動能,346,110,236,富邦-高雄,2024-04-19,9659
3481,群創,313,115,198,富邦-高雄,2024-04-19,9659
2371,大同,1259,1064,195,富邦-高雄,2024-04-19,9659
00937B,群益ESG投等債20,292,108,184,富邦-高雄,2024-04-19,9659
2537,聯上發,169,12,157,富邦-高雄,2024-04-19,9659
2317,鴻海,264,129,135,富邦-高雄,2024-04-19,9659
2303,聯電,173,39,134,富邦-高雄,2024-04-19,9659
5202,力新,134,0,134,富邦-高雄,2024-04-19,9659
2330,台積電,174,41,133,富邦-高雄,2024-04-19,9659
1608,華榮,326,199,127,富邦-高雄,2024-04-19,9659
0056,元大高股息,206,90,116,富邦-高雄,2024-04-19,9659
3706,神達,113,3,110,富邦-高雄,2024-04-19,9659
00904,新光臺灣半導體30,101,0,101,富邦-高雄,2024-04-19,9659
2887,台新金,217,123,94,富邦-高雄,2024-04-19,9659
4532,瑞智,99,5,94,富邦-高雄,2024-04-19,9659
2884,玉山金,109,15,94,富邦-高雄,2024-04-19,9659
6257,矽格,94,2,92,富邦-高雄,2024-04-19,9659
2867,三商壽,97,10,87,富邦-高雄,2024-04-19,9659
2353,宏��,155,69,86,富邦-高雄,2024-04-19,9659
2409,友達,86,3,83,富邦-高雄,2024-04-19,9659
1603,華電,181,98,83,富邦-高雄,2024-04-19,9659
1609,大亞,464,383,81,富邦-高雄,2024-04-19,9659
2881,富邦金,88,14,74,富邦-高雄,2024-04-19,9659
2002,中鋼,89,15,74,富邦-高雄,2024-04-19,9659
00671R,富邦NASDAQ反1,61,0,61,富邦-高雄,2024-04-19,9659
2891,中信金,58,3,55,富邦-高雄,2024-04-19,9659
8213,志超,55,1,54,富邦-高雄,2024-04-19,9659
2834,臺企銀,54,0,54,富邦-高雄,2024-04-19,9659
2610,華航,67,18,49,富邦-高雄,2024-04-19,9659
1101,台泥,63,14,49,富邦-高雄,2024-04-19,9659
006208,富邦台50,74,26,48,富邦-高雄,2024-04-19,9659
8473,山林水,71,23,48,富邦-高雄,2024-04-19,9659
9934,成霖,48,2,46,富邦-高雄,2024-04-19,9659
3703,欣陸,91,47,44,富邦-高雄,2024-04-19,9659
3324,雙鴻,94,50,44,富邦-高雄,2024-04-19,9659
00665L,富邦�琤肭磪囓�2,47,3,44,富邦-高雄,2024-04-19,9659
2885,元大金,48,5,43,富邦-高雄,2024-04-19,9659
2356,英業達,60,18,42,富邦-高雄,2024-04-19,9659
2492,華新科,42,1,41,富邦-高雄,2024-04-19,9659
00733,富邦臺灣中小,41,1,40,富邦-高雄,2024-04-19,9659
1618,合機,63,25,38,富邦-高雄,2024-04-19,9659
0050,元大台灣50,50,12,38,富邦-高雄,2024-04-19,9659
2101,南港,58,21,37,富邦-高雄,2024-04-19,9659
6248,沛波,37,2,35,富邦-高雄,2024-04-19,9659
3231,緯創,109,74,35,富邦-高雄,2024-04-19,9659
00680L,元大美債20正2,1115,10,1105,富邦-高雄,2024-04-22,9659
00929,復華台灣科技優息,1266,394,872,富邦-高雄,2024-04-22,9659
00937B,群益ESG投等債20,499,25,474,富邦-高雄,2024-04-22,9659
6005,群益證,479,90,389,富邦-高雄,2024-04-22,9659
00940,元大台灣價值高息,489,277,212,富邦-高雄,2024-04-22,9659
00919,群益台灣精選高息,236,64,172,富邦-高雄,2024-04-22,9659
6257,矽格,153,4,149,富邦-高雄,2024-04-22,9659
1440,南紡,173,49,124,富邦-高雄,2024-04-22,9659
2547,日勝生,180,57,123,富邦-高雄,2024-04-22,9659
00939,統一台灣高息動能,179,65,114,富邦-高雄,2024-04-22,9659
2511,太子,110,8,102,富邦-高雄,2024-04-22,9659
2303,聯電,114,31,83,富邦-高雄,2024-04-22,9659
2537,聯上發,107,27,80,富邦-高雄,2024-04-22,9659
3231,緯創,135,56,79,富邦-高雄,2024-04-22,9659
0056,元大高股息,100,25,75,富邦-高雄,2024-04-22,9659
2317,鴻海,95,26,69,富邦-高雄,2024-04-22,9659
2501,國建,195,139,56,富邦-高雄,2024-04-22,9659
2027,大成鋼,89,33,56,富邦-高雄,2024-04-22,9659
1717,長興,50,1,49,富邦-高雄,2024-04-22,9659
8110,華東,64,15,49,富邦-高雄,2024-04-22,9659
2915,潤泰全,61,16,45,富邦-高雄,2024-04-22,9659
2017,官田鋼,42,0,42,富邦-高雄,2024-04-22,9659
2371,大同,1478,1437,41,富邦-高雄,2024-04-22,9659
1617,榮星,52,12,40,富邦-高雄,2024-04-22,9659
5516,雙喜,43,3,40,富邦-高雄,2024-04-22,9659
00878,國泰永續高股息,112,74,38,富邦-高雄,2024-04-22,9659
00715L,期街口布蘭特正2,36,0,36,富邦-高雄,2024-04-22,9659
2506,太設,49,14,35,富邦-高雄,2024-04-22,9659
00687B,國泰20年美債,44,10,34,富邦-高雄,2024-04-22,9659
1314,中石化,164,130,34,富邦-高雄,2024-04-22,9659
2543,皇昌,84,51,33,富邦-高雄,2024-04-22,9659
1810,和成,36,3,33,富邦-高雄,2024-04-22,9659
1513,中興電,80,48,32,富邦-高雄,2024-04-22,9659
00688L,國泰20年美債正2,30,0,30,富邦-高雄,2024-04-22,9659
4303,信立,32,2,30,富邦-高雄,2024-04-22,9659
2382,廣達,34,4,30,富邦-高雄,2024-04-22,9659
2330,台積電,51,24,27,富邦-高雄,2024-04-22,9659
6120,達運,45,19,26,富邦-高雄,2024-04-22,9659
5202,力新,31,5,26,富邦-高雄,2024-04-22,9659
6274,台燿,56,31,25,富邦-高雄,2024-04-22,9659
2409,友達,33,7,26,富邦-高雄,2024-04-22,9659
2356,英業達,33,7,26,富邦-高雄,2024-04-22,9659
00679B,元大美債20年,39,14,25,富邦-高雄,2024-04-22,9659
00772B,中信高評級公司債,26,1,25,富邦-高雄,2024-04-22,9659
2731,雄獅,27,4,23,富邦-高雄,2024-04-22,9659
2103,台橡,22,0,22,富邦-高雄,2024-04-22,9659
2516,新建,23,2,21,富邦-高雄,2024-04-22,9659
5905,南仁湖,21,0,21,富邦-高雄,2024-04-22,9659
2376,技嘉,23,3,20,富邦-高雄,2024-04-22,9659
1608,華榮,105,85,20,富邦-高雄,2024-04-22,9659
00937B,群益ESG投等債20,356,37,319,富邦-高雄,2024-04-23,9659
00929,復華台灣科技優息,219,60,159,富邦-高雄,2024-04-23,9659
1609,大亞,762,619,143,富邦-高雄,2024-04-23,9659
00632R,元大台灣50反1,164,23,141,富邦-高雄,2024-04-23,9659
00939,統一台灣高息動能,149,10,139,富邦-高雄,2024-04-23,9659
2897,王道銀行,150,30,120,富邦-高雄,2024-04-23,9659
1314,中石化,142,48,94,富邦-高雄,2024-04-23,9659
3712,永崴投控,63,1,62,富邦-高雄,2024-04-23,9659
8064,東捷,49,1,48,富邦-高雄,2024-04-23,9659
00673R,期元大S＆P原油反1,42,0,42,富邦-高雄,2024-04-23,9659
1708,東鹼,40,1,39,富邦-高雄,2024-04-23,9659
2509,全坤建,39,0,39,富邦-高雄,2024-04-23,9659
2405,輔信,50,15,35,富邦-高雄,2024-04-23,9659
00720B,元大投資級公司債,34,0,34,富邦-高雄,2024-04-23,9659
5009,榮剛,43,10,33,富邦-高雄,2024-04-23,9659
2515,中工,108,77,31,富邦-高雄,2024-04-23,9659
5522,遠雄,40,11,29,富邦-高雄,2024-04-23,9659
2301,光寶科,33,7,26,富邦-高雄,2024-04-23,9659
2374,佳能,79,54,25,富邦-高雄,2024-04-23,9659
2511,太子,26,3,23,富邦-高雄,2024-04-23,9659
2603,長榮,43,22,21,富邦-高雄,2024-04-23,9659
1612,宏泰,45,24,21,富邦-高雄,2024-04-23,9659
2615,萬海,24,3,21,富邦-高雄,2024-04-23,9659
2542,興富發,20,0,20,富邦-高雄,2024-04-23,9659
00878,國泰永續高股息,43,24,19,富邦-高雄,2024-04-23,9659
1337,再生-KY,19,0,19,富邦-高雄,2024-04-23,9659
6552,易華電,18,0,18,富邦-高雄,2024-04-23,9659
2731,雄獅,32,15,17,富邦-高雄,2024-04-23,9659
2103,台橡,22,5,17,富邦-高雄,2024-04-23,9659
6125,廣運,60,43,17,富邦-高雄,2024-04-23,9659
4960,誠美材,18,1,17,富邦-高雄,2024-04-23,9659
1584,精剛,18,1,17,富邦-高雄,2024-04-23,9659
2324,仁寶,20,4,16,富邦-高雄,2024-04-23,9659
4726,永昕,32,16,16,富邦-高雄,2024-04-23,9659
2537,聯上發,18,2,16,富邦-高雄,2024-04-23,9659
9940,信義,16,0,16,富邦-高雄,2024-04-23,9659
0056,元大高股息,50,34,16,富邦-高雄,2024-04-23,9659
5306,桂盟,15,0,15,富邦-高雄,2024-04-23,9659
5202,力新,15,0,15,富邦-高雄,2024-04-23,9659
3260,威剛,20,6,14,富邦-高雄,2024-04-23,9659
8110,華東,17,3,14,富邦-高雄,2024-04-23,9659
8358,金居,14,1,13,富邦-高雄,2024-04-23,9659
5512,力麒,72,59,13,富邦-高雄,2024-04-23,9659
006208,富邦台50,13,0,13,富邦-高雄,2024-04-23,9659
3689,湧德,13,1,12,富邦-高雄,2024-04-23,9659
6282,康舒,12,0,12,富邦-高雄,2024-04-23,9659
2489,瑞軒,35,23,12,富邦-高雄,2024-04-23,9659
3015,全漢,13,1,12,富邦-高雄,2024-04-23,9659
2367,燿華,34,23,11,富邦-高雄,2024-04-23,9659
2365,昆盈,11,0,11,富邦-高雄,2024-04-23,9659
00632R,元大台灣50反1,539,2,537,富邦-高雄,2024-04-24,9659
3481,群創,158,3,155,富邦-高雄,2024-04-24,9659
1440,南紡,133,54,79,富邦-高雄,2024-04-24,9659
2464,盟立,121,46,75,富邦-高雄,2024-04-24,9659
00937B,群益ESG投等債20,141,68,73,富邦-高雄,2024-04-24,9659
2376,技嘉,90,20,70,富邦-高雄,2024-04-24,9659
5512,力麒,66,8,58,富邦-高雄,2024-04-24,9659
4510,高鋒,53,0,53,富邦-高雄,2024-04-24,9659
00673R,期元大S＆P原油反1,50,0,50,富邦-高雄,2024-04-24,9659
2101,南港,66,20,46,富邦-高雄,2024-04-24,9659
2206,三陽工業,137,91,46,富邦-高雄,2024-04-24,9659
2834,臺企銀,43,2,41,富邦-高雄,2024-04-24,9659
2409,友達,39,1,38,富邦-高雄,2024-04-24,9659
2891,中信金,51,14,37,富邦-高雄,2024-04-24,9659
6443,元晶,47,10,37,富邦-高雄,2024-04-24,9659
5508,永信建,64,27,37,富邦-高雄,2024-04-24,9659
2374,佳能,57,20,37,富邦-高雄,2024-04-24,9659
00679B,元大美債20年,56,20,36,富邦-高雄,2024-04-24,9659
2511,太子,57,22,35,富邦-高雄,2024-04-24,9659
00687B,國泰20年美債,34,0,34,富邦-高雄,2024-04-24,9659
3231,緯創,83,50,33,富邦-高雄,2024-04-24,9659
2486,一詮,82,49,33,富邦-高雄,2024-04-24,9659
6668,中揚光,40,8,32,富邦-高雄,2024-04-24,9659
3322,建舜電,37,5,32,富邦-高雄,2024-04-24,9659
1776,展宇,32,0,32,富邦-高雄,2024-04-24,9659
2547,日勝生,32,3,29,富邦-高雄,2024-04-24,9659
6770,力積電,38,11,27,富邦-高雄,2024-04-24,9659
2886,兆豐金,25,0,25,富邦-高雄,2024-04-24,9659
2354,鴻準,60,37,23,富邦-高雄,2024-04-24,9659
6188,廣明,43,20,23,富邦-高雄,2024-04-24,9659
00940,元大台灣價值高息,120,98,22,富邦-高雄,2024-04-24,9659
1216,統一,23,1,22,富邦-高雄,2024-04-24,9659
2506,太設,26,4,22,富邦-高雄,2024-04-24,9659
6214,精誠,25,3,22,富邦-高雄,2024-04-24,9659
6196,帆宣,21,0,21,富邦-高雄,2024-04-24,9659
3701,大眾控,20,0,20,富邦-高雄,2024-04-24,9659
5534,長虹,31,11,20,富邦-高雄,2024-04-24,9659
3708,上緯投控,20,0,20,富邦-高雄,2024-04-24,9659
6451,訊芯-KY,20,1,19,富邦-高雄,2024-04-24,9659
3294,英濟,34,15,19,富邦-高雄,2024-04-24,9659
2504,國產,35,17,18,富邦-高雄,2024-04-24,9659
00753L,中信中國50正2,20,3,17,富邦-高雄,2024-04-24,9659
00878,國泰永續高股息,34,18,16,富邦-高雄,2024-04-24,9659
2208,台船,16,0,16,富邦-高雄,2024-04-24,9659
3715,定穎投控,46,31,15,富邦-高雄,2024-04-24,9659
00885,富邦越南,19,4,15,富邦-高雄,2024-04-24,9659
6538,倉和,14,0,14,富邦-高雄,2024-04-24,9659
2543,皇昌,21,8,13,富邦-高雄,2024-04-24,9659
6248,沛波,12,0,12,富邦-高雄,2024-04-24,9659
2405,輔信,15,3,12,富邦-高雄,2024-04-24,9659
1316,上曜,533,24,509,富邦-高雄,2024-04-25,9659
00937B,群益ESG投等債20,329,25,304,富邦-高雄,2024-04-25,9659
6005,群益證,307,86,221,富邦-高雄,2024-04-25,9659
5009,榮剛,204,4,200,富邦-高雄,2024-04-25,9659
6548,長科*,174,11,163,富邦-高雄,2024-04-25,9659
2506,太設,159,12,147,富邦-高雄,2024-04-25,9659
00929,復華台灣科技優息,166,20,146,富邦-高雄,2024-04-25,9659
00940,元大台灣價值高息,150,7,143,富邦-高雄,2024-04-25,9659
2371,大同,440,309,131,富邦-高雄,2024-04-25,9659
1440,南紡,503,372,131,富邦-高雄,2024-04-25,9659
2486,一詮,166,47,119,富邦-高雄,2024-04-25,9659
1905,華紙,100,0,100,富邦-高雄,2024-04-25,9659
2509,全坤建,102,6,96,富邦-高雄,2024-04-25,9659
2883,凱基金,113,20,93,富邦-高雄,2024-04-25,9659
00878,國泰永續高股息,99,8,91,富邦-高雄,2024-04-25,9659
3481,群創,104,19,85,富邦-高雄,2024-04-25,9659
00891,中信關鍵半導體,71,0,71,富邦-高雄,2024-04-25,9659
2359,所羅門,131,62,69,富邦-高雄,2024-04-25,9659
00679B,元大美債20年,64,0,64,富邦-高雄,2024-04-25,9659
2511,太子,67,5,62,富邦-高雄,2024-04-25,9659
1587,吉茂,83,23,60,富邦-高雄,2024-04-25,9659
00715L,期街口布蘭特正2,63,14,49,富邦-高雄,2024-04-25,9659
2204,中華,66,18,48,富邦-高雄,2024-04-25,9659
2501,國建,256,210,46,富邦-高雄,2024-04-25,9659
5511,德昌,51,5,46,富邦-高雄,2024-04-25,9659
5519,隆大,43,3,40,富邦-高雄,2024-04-25,9659
2618,長榮航,199,162,37,富邦-高雄,2024-04-25,9659
2838,聯邦銀,36,0,36,富邦-高雄,2024-04-25,9659
1605,華新,51,17,34,富邦-高雄,2024-04-25,9659
5880,合庫金,31,0,31,富邦-高雄,2024-04-25,9659
3230,錦明,30,0,30,富邦-高雄,2024-04-25,9659
2515,中工,134,106,28,富邦-高雄,2024-04-25,9659
6552,易華電,36,8,28,富邦-高雄,2024-04-25,9659
3324,雙鴻,32,4,28,富邦-高雄,2024-04-25,9659
00942B,台新美A公司債20+,28,0,28,富邦-高雄,2024-04-25,9659
2101,南港,75,48,27,富邦-高雄,2024-04-25,9659
00919,群益台灣精選高息,36,12,24,富邦-高雄,2024-04-25,9659
8936,國統,65,41,24,富邦-高雄,2024-04-25,9659
5347,世界,24,0,24,富邦-高雄,2024-04-25,9659
3663,鑫科,26,2,24,富邦-高雄,2024-04-25,9659
00751B,元大AAA至A公司債,24,0,24,富邦-高雄,2024-04-25,9659
6177,達麗,31,7,24,富邦-高雄,2024-04-25,9659
0056,元大高股息,42,19,23,富邦-高雄,2024-04-25,9659
2537,聯上發,51,28,23,富邦-高雄,2024-04-25,9659
4562,穎漢,36,13,23,富邦-高雄,2024-04-25,9659
2330,台積電,28,6,22,富邦-高雄,2024-04-25,9659
3013,晟銘電,105,83,22,富邦-高雄,2024-04-25,9659
1442,名軒,22,1,21,富邦-高雄,2024-04-25,9659
2845,遠東銀,36,15,21,富邦-高雄,2024-04-25,9659
2886,兆豐金,21,0,21,富邦-高雄,2024-04-25,9659
00632R,元大台灣50反1,479,21,458,富邦-高雄,2024-04-26,9659
00937B,群益ESG投等債20,451,39,412,富邦-高雄,2024-04-26,9659
5522,遠雄,185,5,180,富邦-高雄,2024-04-26,9659
2605,新興,164,22,142,富邦-高雄,2024-04-26,9659
2867,三商壽,138,1,137,富邦-高雄,2024-04-26,9659
1316,上曜,148,26,122,富邦-高雄,2024-04-26,9659
1464,得力,100,0,100,富邦-高雄,2024-04-26,9659
1440,南紡,349,251,98,富邦-高雄,2024-04-26,9659
2442,新美齊,100,4,96,富邦-高雄,2024-04-26,9659
00679B,元大美債20年,99,10,89,富邦-高雄,2024-04-26,9659
5515,建國,71,2,69,富邦-高雄,2024-04-26,9659
6188,廣明,109,46,63,富邦-高雄,2024-04-26,9659
00687B,國泰20年美債,61,0,61,富邦-高雄,2024-04-26,9659
4720,德淵,50,0,50,富邦-高雄,2024-04-26,9659
00720B,元大投資級公司債,49,0,49,富邦-高雄,2024-04-26,9659
3038,全台,44,0,44,富邦-高雄,2024-04-26,9659
2601,益航,52,11,41,富邦-高雄,2024-04-26,9659
1616,億泰,42,5,37,富邦-高雄,2024-04-26,9659
6026,福邦證,35,0,35,富邦-高雄,2024-04-26,9659
2887,台新金,37,2,35,富邦-高雄,2024-04-26,9659
1473,台南,35,1,34,富邦-高雄,2024-04-26,9659
2615,萬海,73,41,32,富邦-高雄,2024-04-26,9659
6548,長科*,47,17,30,富邦-高雄,2024-04-26,9659
3230,錦明,30,0,30,富邦-高雄,2024-04-26,9659
3481,群創,66,38,28,富邦-高雄,2024-04-26,9659
6668,中揚光,39,12,27,富邦-高雄,2024-04-26,9659
2881,富邦金,42,16,26,富邦-高雄,2024-04-26,9659
1605,華新,33,7,26,富邦-高雄,2024-04-26,9659
6147,頎邦,27,1,26,富邦-高雄,2024-04-26,9659
00712,復華富時不動產,28,2,26,富邦-高雄,2024-04-26,9659
6552,易華電,29,5,24,富邦-高雄,2024-04-26,9659
6615,慧智,26,2,24,富邦-高雄,2024-04-26,9659
5512,力麒,31,8,23,富邦-高雄,2024-04-26,9659
3363,上詮,102,79,23,富邦-高雄,2024-04-26,9659
00942B,台新美A公司債20+,22,0,22,富邦-高雄,2024-04-26,9659
1442,名軒,25,3,22,富邦-高雄,2024-04-26,9659
8234,新漢,29,7,22,富邦-高雄,2024-04-26,9659
1612,宏泰,29,8,21,富邦-高雄,2024-04-26,9659
2017,官田鋼,20,0,20,富邦-高雄,2024-04-26,9659
00934,中信成長高股息,20,0,20,富邦-高雄,2024-04-26,9659
2643,捷迅,20,0,20,富邦-高雄,2024-04-26,9659
2606,裕民,42,22,20,富邦-高雄,2024-04-26,9659
2025,千興,20,1,19,富邦-高雄,2024-04-26,9659
8021,尖點,19,0,19,富邦-高雄,2024-04-26,9659
6213,聯茂,32,14,18,富邦-高雄,2024-04-26,9659
8033,雷虎,23,5,18,富邦-高雄,2024-04-26,9659
00719B,元大美債1-3,17,0,17,富邦-高雄,2024-04-26,9659
2534,宏盛,17,0,17,富邦-高雄,2024-04-26,9659
00933B,國泰10Y+金融債,16,0,16,富邦-高雄,2024-04-26,9659
3037,欣興,17,1,16,富邦-高雄,2024-04-26,9659
2888,新光金,571,221,350,富邦-高雄,2024-04-29,9659
00632R,元大台灣50反1,345,54,291,富邦-高雄,2024-04-29,9659
00679B,元大美債20年,219,23,196,富邦-高雄,2024-04-29,9659
2101,南港,206,40,166,富邦-高雄,2024-04-29,9659
2891,中信金,554,446,108,富邦-高雄,2024-04-29,9659
1103,嘉泥,183,80,103,富邦-高雄,2024-04-29,9659
5519,隆大,110,10,100,富邦-高雄,2024-04-29,9659
2618,長榮航,319,222,97,富邦-高雄,2024-04-29,9659
1528,恩德,90,0,90,富邦-高雄,2024-04-29,9659
6770,力積電,97,8,89,富邦-高雄,2024-04-29,9659
5515,建國,95,7,88,富邦-高雄,2024-04-29,9659
00940,元大台灣價值高息,131,54,77,富邦-高雄,2024-04-29,9659
2504,國產,120,46,74,富邦-高雄,2024-04-29,9659
1444,力麗,70,0,70,富邦-高雄,2024-04-29,9659
2363,矽統,106,43,63,富邦-高雄,2024-04-29,9659
1455,集盛,61,1,60,富邦-高雄,2024-04-29,9659
2609,陽明,259,200,59,富邦-高雄,2024-04-29,9659
2017,官田鋼,59,1,58,富邦-高雄,2024-04-29,9659
2511,太子,64,7,57,富邦-高雄,2024-04-29,9659
2834,臺企銀,100,45,55,富邦-高雄,2024-04-29,9659
2897,王道銀行,53,0,53,富邦-高雄,2024-04-29,9659
2615,萬海,121,70,51,富邦-高雄,2024-04-29,9659
2323,中環,134,86,48,富邦-高雄,2024-04-29,9659
2371,大同,201,154,47,富邦-高雄,2024-04-29,9659
6742,澤米,50,6,44,富邦-高雄,2024-04-29,9659
5521,工信,52,9,43,富邦-高雄,2024-04-29,9659
1316,上曜,93,53,40,富邦-高雄,2024-04-29,9659
2486,一詮,219,183,36,富邦-高雄,2024-04-29,9659
00753L,中信中國50正2,35,1,34,富邦-高雄,2024-04-29,9659
2352,佳世達,39,6,33,富邦-高雄,2024-04-29,9659
4960,誠美材,34,1,33,富邦-高雄,2024-04-29,9659
4155,訊映,35,4,31,富邦-高雄,2024-04-29,9659
4513,福裕,40,9,31,富邦-高雄,2024-04-29,9659
4720,德淵,30,0,30,富邦-高雄,2024-04-29,9659
2359,所羅門,60,30,30,富邦-高雄,2024-04-29,9659
6552,易華電,39,11,28,富邦-高雄,2024-04-29,9659
8096,擎亞,39,11,28,富邦-高雄,2024-04-29,9659
8996,高力,48,20,28,富邦-高雄,2024-04-29,9659
2208,台船,27,1,26,富邦-高雄,2024-04-29,9659
2617,台航,38,12,26,富邦-高雄,2024-04-29,9659
3466,德晉,26,0,26,富邦-高雄,2024-04-29,9659
00706L,期元大S＆P日圓正2,26,0,26,富邦-高雄,2024-04-29,9659
2885,元大金,50,25,25,富邦-高雄,2024-04-29,9659
00655L,國泰中國A50正2,25,0,25,富邦-高雄,2024-04-29,9659
00937B,群益ESG投等債20,35,11,24,富邦-高雄,2024-04-29,9659
3013,晟銘電,30,7,23,富邦-高雄,2024-04-29,9659
2449,京元電子,38,15,23,富邦-高雄,2024-04-29,9659
2476,鉅祥,23,0,23,富邦-高雄,2024-04-29,9659
00715L,期街口布蘭特正2,23,1,22,富邦-高雄,2024-04-29,9659
2634,漢翔,25,3,22,富邦-高雄,2024-04-29,9659
00632R,元大台灣50反1,645,113,532,富邦-高雄,2024-04-30,9659
3312,弘憶股,329,128,201,富邦-高雄,2024-04-30,9659
1314,中石化,225,80,145,富邦-高雄,2024-04-30,9659
00673R,期元大S＆P原油反1,100,0,100,富邦-高雄,2024-04-30,9659
2883,凱基金,103,22,81,富邦-高雄,2024-04-30,9659
2501,國建,188,108,80,富邦-高雄,2024-04-30,9659
2515,中工,99,29,70,富邦-高雄,2024-04-30,9659
00937B,群益ESG投等債20,83,22,61,富邦-高雄,2024-04-30,9659
00929,復華台灣科技優息,72,14,58,富邦-高雄,2024-04-30,9659
2017,官田鋼,81,30,51,富邦-高雄,2024-04-30,9659
6770,力積電,53,3,50,富邦-高雄,2024-04-30,9659
2362,藍天,50,0,50,富邦-高雄,2024-04-30,9659
2867,三商壽,55,7,48,富邦-高雄,2024-04-30,9659
2465,麗臺,52,5,47,富邦-高雄,2024-04-30,9659
2887,台新金,57,11,46,富邦-高雄,2024-04-30,9659
1104,環泥,44,1,43,富邦-高雄,2024-04-30,9659
8092,建暐,40,0,40,富邦-高雄,2024-04-30,9659
9945,潤泰新,43,5,38,富邦-高雄,2024-04-30,9659
1440,南紡,44,6,38,富邦-高雄,2024-04-30,9659
2705,六福,38,2,36,富邦-高雄,2024-04-30,9659
00933B,國泰10Y+金融債,33,0,33,富邦-高雄,2024-04-30,9659
2317,鴻海,63,31,32,富邦-高雄,2024-04-30,9659
2025,千興,31,0,31,富邦-高雄,2024-04-30,9659
2363,矽統,185,155,30,富邦-高雄,2024-04-30,9659
1722,台肥,31,1,30,富邦-高雄,2024-04-30,9659
2611,志信,76,47,29,富邦-高雄,2024-04-30,9659
6230,尼得科超眾,53,25,28,富邦-高雄,2024-04-30,9659
5347,世界,31,4,27,富邦-高雄,2024-04-30,9659
5519,隆大,30,3,27,富邦-高雄,2024-04-30,9659
2506,太設,41,15,26,富邦-高雄,2024-04-30,9659
00700,富邦�琤肭磪�,25,0,25,富邦-高雄,2024-04-30,9659
00655L,國泰中國A50正2,25,0,25,富邦-高雄,2024-04-30,9659
00665L,富邦�琤肭磪囓�2,54,30,24,富邦-高雄,2024-04-30,9659
2836,高雄銀,23,0,23,富邦-高雄,2024-04-30,9659
3033,威健,40,17,23,富邦-高雄,2024-04-30,9659
4402,郡都開發,21,0,21,富邦-高雄,2024-04-30,9659
6443,元晶,21,0,21,富邦-高雄,2024-04-30,9659
4714,永捷,26,5,21,富邦-高雄,2024-04-30,9659
3548,兆利,22,1,21,富邦-高雄,2024-04-30,9659
2884,玉山金,20,0,20,富邦-高雄,2024-04-30,9659
2832,台產,20,0,20,富邦-高雄,2024-04-30,9659
1535,中宇,20,0,20,富邦-高雄,2024-04-30,9659
8936,國統,23,4,19,富邦-高雄,2024-04-30,9659
3188,鑫龍騰,44,25,19,富邦-高雄,2024-04-30,9659
1815,富喬,26,7,19,富邦-高雄,2024-04-30,9659
2913,農林,37,19,18,富邦-高雄,2024-04-30,9659
3339,泰谷,17,0,17,富邦-高雄,2024-04-30,9659
2449,京元電子,24,8,16,富邦-高雄,2024-04-30,9659
00712,復華富時不動產,20,4,16,富邦-高雄,2024-04-30,9659
1810,和成,16,0,16,富邦-高雄,2024-04-30,9659
00878,國泰永續高股息,210,24,186,富邦-高雄,2024-05-02,9659
5512,力麒,168,61,107,富邦-高雄,2024-05-02,9659
00882,中信中國高股息,105,4,101,富邦-高雄,2024-05-02,9659
1440,南紡,253,155,98,富邦-高雄,2024-05-02,9659
4127,天良,104,8,96,富邦-高雄,2024-05-02,9659
2501,國建,233,146,87,富邦-高雄,2024-05-02,9659
3703,欣陸,196,113,83,富邦-高雄,2024-05-02,9659
2915,潤泰全,163,80,83,富邦-高雄,2024-05-02,9659
00929,復華台灣科技優息,214,133,81,富邦-高雄,2024-05-02,9659
1442,名軒,85,4,81,富邦-高雄,2024-05-02,9659
00937B,群益ESG投等債20,104,27,77,富邦-高雄,2024-05-02,9659
3338,泰碩,76,1,75,富邦-高雄,2024-05-02,9659
00915,凱基優選高股息30,92,18,74,富邦-高雄,2024-05-02,9659
1314,中石化,269,195,74,富邦-高雄,2024-05-02,9659
1609,大亞,89,31,58,富邦-高雄,2024-05-02,9659
2511,太子,62,9,53,富邦-高雄,2024-05-02,9659
2615,萬海,89,38,51,富邦-高雄,2024-05-02,9659
6125,廣運,52,1,51,富邦-高雄,2024-05-02,9659
00715L,期街口布蘭特正2,52,2,50,富邦-高雄,2024-05-02,9659
1465,偉全,50,0,50,富邦-高雄,2024-05-02,9659
3481,群創,154,107,47,富邦-高雄,2024-05-02,9659
2603,長榮,70,28,42,富邦-高雄,2024-05-02,9659
9945,潤泰新,169,128,41,富邦-高雄,2024-05-02,9659
2497,怡利電,42,2,40,富邦-高雄,2024-05-02,9659
6239,力成,42,2,40,富邦-高雄,2024-05-02,9659
2241,艾姆勒,42,3,39,富邦-高雄,2024-05-02,9659
00919,群益台灣精選高息,41,3,38,富邦-高雄,2024-05-02,9659
00940,元大台灣價值高息,74,38,36,富邦-高雄,2024-05-02,9659
6177,達麗,65,30,35,富邦-高雄,2024-05-02,9659
00650L,復華香港正2,38,5,33,富邦-高雄,2024-05-02,9659
3033,威健,58,26,32,富邦-高雄,2024-05-02,9659
1532,勤美,40,9,31,富邦-高雄,2024-05-02,9659
2409,友達,40,9,31,富邦-高雄,2024-05-02,9659
2515,中工,130,100,30,富邦-高雄,2024-05-02,9659
2352,佳世達,34,4,30,富邦-高雄,2024-05-02,9659
2324,仁寶,32,3,29,富邦-高雄,2024-05-02,9659
2836,高雄銀,30,1,29,富邦-高雄,2024-05-02,9659
2317,鴻海,64,36,28,富邦-高雄,2024-05-02,9659
5522,遠雄,30,3,27,富邦-高雄,2024-05-02,9659
6770,力積電,36,11,25,富邦-高雄,2024-05-02,9659
00753L,中信中國50正2,25,0,25,富邦-高雄,2024-05-02,9659
00941,中信上游半導體,24,0,24,富邦-高雄,2024-05-02,9659
1337,再生-KY,22,0,22,富邦-高雄,2024-05-02,9659
00679B,元大美債20年,21,0,21,富邦-高雄,2024-05-02,9659
00932,兆豐永續高息等權,23,2,21,富邦-高雄,2024-05-02,9659
2504,國產,63,42,21,富邦-高雄,2024-05-02,9659
5371,中光電,45,25,20,富邦-高雄,2024-05-02,9659
2353,宏��,22,2,20,富邦-高雄,2024-05-02,9659
2609,陽明,114,94,20,富邦-高雄,2024-05-02,9659
2329,華泰,24,5,19,富邦-高雄,2024-05-02,9659
00937B,群益ESG投等債20,650,0,650,富邦-高雄,2024-05-03,9659
00680L,元大美債20正2,510,30,480,富邦-高雄,2024-05-03,9659
5531,鄉林,278,56,222,富邦-高雄,2024-05-03,9659
3024,憶聲,215,0,215,富邦-高雄,2024-05-03,9659
00882,中信中國高股息,322,154,168,富邦-高雄,2024-05-03,9659
2101,南港,190,24,166,富邦-高雄,2024-05-03,9659
00878,國泰永續高股息,194,38,156,富邦-高雄,2024-05-03,9659
4306,炎洲,100,1,99,富邦-高雄,2024-05-03,9659
3430,奇鈦科,139,40,99,富邦-高雄,2024-05-03,9659
2515,中工,180,96,84,富邦-高雄,2024-05-03,9659
3188,鑫龍騰,127,45,82,富邦-高雄,2024-05-03,9659
2511,太子,161,80,81,富邦-高雄,2024-05-03,9659
2537,聯上發,93,23,70,富邦-高雄,2024-05-03,9659
2634,漢翔,78,11,67,富邦-高雄,2024-05-03,9659
2520,冠德,94,29,65,富邦-高雄,2024-05-03,9659
00940,元大台灣價值高息,88,22,66,富邦-高雄,2024-05-03,9659
3231,緯創,72,15,57,富邦-高雄,2024-05-03,9659
6120,達運,56,2,54,富邦-高雄,2024-05-03,9659
6770,力積電,113,60,53,富邦-高雄,2024-05-03,9659
2497,怡利電,38,1,37,富邦-高雄,2024-05-03,9659
2852,第一保,55,19,36,富邦-高雄,2024-05-03,9659
00919,群益台灣精選高息,53,17,36,富邦-高雄,2024-05-03,9659
3481,群創,53,17,36,富邦-高雄,2024-05-03,9659
2359,所羅門,44,9,35,富邦-高雄,2024-05-03,9659
2344,華邦電,52,17,35,富邦-高雄,2024-05-03,9659
6239,力成,52,20,32,富邦-高雄,2024-05-03,9659
2506,太設,46,14,32,富邦-高雄,2024-05-03,9659
4714,永捷,176,145,31,富邦-高雄,2024-05-03,9659
00706L,期元大S＆P日圓正2,30,0,30,富邦-高雄,2024-05-03,9659
1314,中石化,44,17,27,富邦-高雄,2024-05-03,9659
00687B,國泰20年美債,31,4,27,富邦-高雄,2024-05-03,9659
6207,雷科,223,196,27,富邦-高雄,2024-05-03,9659
1605,華新,40,14,26,富邦-高雄,2024-05-03,9659
2504,國產,47,21,26,富邦-高雄,2024-05-03,9659
2329,華泰,56,31,25,富邦-高雄,2024-05-03,9659
6442,光聖,45,20,25,富邦-高雄,2024-05-03,9659
00655L,國泰中國A50正2,25,0,25,富邦-高雄,2024-05-03,9659
2355,敬鵬,25,0,25,富邦-高雄,2024-05-03,9659
1321,大洋,26,1,25,富邦-高雄,2024-05-03,9659
00679B,元大美債20年,30,5,25,富邦-高雄,2024-05-03,9659
1477,聚陽,24,0,24,富邦-高雄,2024-05-03,9659
1514,亞力,61,38,23,富邦-高雄,2024-05-03,9659
2883,凱基金,52,30,22,富邦-高雄,2024-05-03,9659
2323,中環,29,7,22,富邦-高雄,2024-05-03,9659
1795,美時,21,0,21,富邦-高雄,2024-05-03,9659
3466,德晉,56,35,21,富邦-高雄,2024-05-03,9659
3707,漢磊,24,4,20,富邦-高雄,2024-05-03,9659
2371,大同,76,56,20,富邦-高雄,2024-05-03,9659
6456,GIS-KY,21,1,20,富邦-高雄,2024-05-03,9659
2867,三商壽,20,0,20,富邦-高雄,2024-05-03,9659
00929,復華台灣科技優息,387,23,364,富邦-高雄,2024-05-06,9659
00680L,元大美債20正2,300,22,278,富邦-高雄,2024-05-06,9659
00679B,元大美債20年,246,32,214,富邦-高雄,2024-05-06,9659
4306,炎洲,260,51,209,富邦-高雄,2024-05-06,9659
00632R,元大台灣50反1,295,114,181,富邦-高雄,2024-05-06,9659
1614,三洋電,178,0,178,富邦-高雄,2024-05-06,9659
00937B,群益ESG投等債20,214,57,157,富邦-高雄,2024-05-06,9659
2511,太子,152,3,149,富邦-高雄,2024-05-06,9659
2852,第一保,155,17,138,富邦-高雄,2024-05-06,9659
1584,精剛,103,0,103,富邦-高雄,2024-05-06,9659
3024,憶聲,106,5,101,富邦-高雄,2024-05-06,9659
00904,新光臺灣半導體30,100,0,100,富邦-高雄,2024-05-06,9659
00940,元大台灣價值高息,166,71,95,富邦-高雄,2024-05-06,9659
2618,長榮航,211,138,73,富邦-高雄,2024-05-06,9659
5531,鄉林,116,46,70,富邦-高雄,2024-05-06,9659
9933,中鼎,72,5,67,富邦-高雄,2024-05-06,9659
00637L,元大滬深300正2,56,2,54,富邦-高雄,2024-05-06,9659
2609,陽明,82,28,54,富邦-高雄,2024-05-06,9659
2449,京元電子,102,55,47,富邦-高雄,2024-05-06,9659
3363,上詮,102,55,47,富邦-高雄,2024-05-06,9659
4533,協易機,51,5,46,富邦-高雄,2024-05-06,9659
00891,中信關鍵半導體,52,8,44,富邦-高雄,2024-05-06,9659
00665L,富邦�琤肭磪囓�2,43,0,43,富邦-高雄,2024-05-06,9659
2867,三商壽,41,1,40,富邦-高雄,2024-05-06,9659
3481,群創,73,34,39,富邦-高雄,2024-05-06,9659
2537,聯上發,44,6,38,富邦-高雄,2024-05-06,9659
4303,信立,69,33,36,富邦-高雄,2024-05-06,9659
1442,名軒,35,0,35,富邦-高雄,2024-05-06,9659
6190,萬泰科,50,15,35,富邦-高雄,2024-05-06,9659
3312,弘憶股,355,322,33,富邦-高雄,2024-05-06,9659
00753L,中信中國50正2,32,0,32,富邦-高雄,2024-05-06,9659
2460,建通,31,0,31,富邦-高雄,2024-05-06,9659
00878,國泰永續高股息,75,45,30,富邦-高雄,2024-05-06,9659
4967,十銓,57,26,31,富邦-高雄,2024-05-06,9659
2634,漢翔,38,8,30,富邦-高雄,2024-05-06,9659
2030,彰源,30,0,30,富邦-高雄,2024-05-06,9659
1337,再生-KY,30,0,30,富邦-高雄,2024-05-06,9659
3564,其陽,37,8,29,富邦-高雄,2024-05-06,9659
6125,廣運,52,24,28,富邦-高雄,2024-05-06,9659
2363,矽統,45,18,27,富邦-高雄,2024-05-06,9659
2427,三商電,27,0,27,富邦-高雄,2024-05-06,9659
2705,六福,44,17,27,富邦-高雄,2024-05-06,9659
6257,矽格,31,4,27,富邦-高雄,2024-05-06,9659
2748,雲品,25,1,24,富邦-高雄,2024-05-06,9659
2801,彰銀,28,4,24,富邦-高雄,2024-05-06,9659
1605,華新,25,2,23,富邦-高雄,2024-05-06,9659
2467,志聖,24,2,22,富邦-高雄,2024-05-06,9659
4938,和碩,23,2,21,富邦-高雄,2024-05-06,9659
00664R,國泰臺灣加權反1,21,0,21,富邦-高雄,2024-05-06,9659
2328,廣宇,33,13,20,富邦-高雄,2024-05-06,9659
00937B,群益ESG投等債20,266,56,210,富邦-高雄,2024-05-07,9659
3024,憶聲,167,2,165,富邦-高雄,2024-05-07,9659
1584,精剛,151,1,150,富邦-高雄,2024-05-07,9659
00878,國泰永續高股息,141,8,133,富邦-高雄,2024-05-07,9659
00929,復華台灣科技優息,145,22,123,富邦-高雄,2024-05-07,9659
6005,群益證,177,57,120,富邦-高雄,2024-05-07,9659
3060,銘異,101,0,101,富邦-高雄,2024-05-07,9659
6442,光聖,105,7,98,富邦-高雄,2024-05-07,9659
3188,鑫龍騰,118,35,83,富邦-高雄,2024-05-07,9659
2618,長榮航,143,74,69,富邦-高雄,2024-05-07,9659
2515,中工,89,23,66,富邦-高雄,2024-05-07,9659
8940,新天地,60,0,60,富邦-高雄,2024-05-07,9659
2543,皇昌,62,5,57,富邦-高雄,2024-05-07,9659
5392,能率,56,0,56,富邦-高雄,2024-05-07,9659
2023,燁輝,53,0,53,富邦-高雄,2024-05-07,9659
1605,華新,58,6,52,富邦-高雄,2024-05-07,9659
6239,力成,52,1,51,富邦-高雄,2024-05-07,9659
3607,谷崧,50,0,50,富邦-高雄,2024-05-07,9659
8215,明基材,50,1,49,富邦-高雄,2024-05-07,9659
2486,一詮,296,251,45,富邦-高雄,2024-05-07,9659
00690,兆豐藍籌30,45,1,44,富邦-高雄,2024-05-07,9659
2611,志信,43,1,42,富邦-高雄,2024-05-07,9659
3141,晶宏,44,2,42,富邦-高雄,2024-05-07,9659
00650L,復華香港正2,43,6,37,富邦-高雄,2024-05-07,9659
2524,京城,55,20,35,富邦-高雄,2024-05-07,9659
6207,雷科,63,29,34,富邦-高雄,2024-05-07,9659
00715L,期街口布蘭特正2,42,10,32,富邦-高雄,2024-05-07,9659
6456,GIS-KY,33,1,32,富邦-高雄,2024-05-07,9659
2834,臺企銀,60,29,31,富邦-高雄,2024-05-07,9659
3338,泰碩,32,1,31,富邦-高雄,2024-05-07,9659
4562,穎漢,30,0,30,富邦-高雄,2024-05-07,9659
1805,寶徠,30,0,30,富邦-高雄,2024-05-07,9659
2887,台新金,36,11,25,富邦-高雄,2024-05-07,9659
8096,擎亞,68,43,25,富邦-高雄,2024-05-07,9659
00752,中信中國50,28,3,25,富邦-高雄,2024-05-07,9659
2353,宏��,37,13,24,富邦-高雄,2024-05-07,9659
2888,新光金,49,26,23,富邦-高雄,2024-05-07,9659
1316,上曜,26,3,23,富邦-高雄,2024-05-07,9659
2506,太設,27,5,22,富邦-高雄,2024-05-07,9659
00936,台新永續高息中小,21,0,21,富邦-高雄,2024-05-07,9659
3163,波若威,46,26,20,富邦-高雄,2024-05-07,9659
1795,美時,23,3,20,富邦-高雄,2024-05-07,9659
1326,台化,20,0,20,富邦-高雄,2024-05-07,9659
2897,王道銀行,20,0,20,富邦-高雄,2024-05-07,9659
3033,威健,58,38,20,富邦-高雄,2024-05-07,9659
2367,燿華,52,32,20,富邦-高雄,2024-05-07,9659
2603,長榮,37,17,20,富邦-高雄,2024-05-07,9659
1527,鑽全,20,1,19,富邦-高雄,2024-05-07,9659
2535,達欣工,25,7,18,富邦-高雄,2024-05-07,9659
00687B,國泰20年美債,27,9,18,富邦-高雄,2024-05-07,9659
3024,憶聲,265,2,263,富邦-高雄,2024-05-08,9659
00929,復華台灣科技優息,312,87,225,富邦-高雄,2024-05-08,9659
00632R,元大台灣50反1,225,0,225,富邦-高雄,2024-05-08,9659
6005,群益證,332,137,195,富邦-高雄,2024-05-08,9659
2618,長榮航,198,43,155,富邦-高雄,2024-05-08,9659
00945B,凱基美國非投等債,101,0,101,富邦-高雄,2024-05-08,9659
3036,文曄,96,10,86,富邦-高雄,2024-05-08,9659
4306,炎洲,80,0,80,富邦-高雄,2024-05-08,9659
00940,元大台灣價值高息,102,23,79,富邦-高雄,2024-05-08,9659
2610,華航,111,33,78,富邦-高雄,2024-05-08,9659
2605,新興,192,114,78,富邦-高雄,2024-05-08,9659
00919,群益台灣精選高息,78,2,76,富邦-高雄,2024-05-08,9659
2603,長榮,97,27,70,富邦-高雄,2024-05-08,9659
1314,中石化,109,42,67,富邦-高雄,2024-05-08,9659
6188,廣明,100,42,58,富邦-高雄,2024-05-08,9659
00878,國泰永續高股息,83,27,56,富邦-高雄,2024-05-08,9659
2606,裕民,139,84,55,富邦-高雄,2024-05-08,9659
6770,力積電,84,30,54,富邦-高雄,2024-05-08,9659
2611,志信,53,0,53,富邦-高雄,2024-05-08,9659
2542,興富發,62,12,50,富邦-高雄,2024-05-08,9659
1316,上曜,50,1,49,富邦-高雄,2024-05-08,9659
1616,億泰,60,12,48,富邦-高雄,2024-05-08,9659
1532,勤美,57,12,45,富邦-高雄,2024-05-08,9659
3033,威健,64,23,41,富邦-高雄,2024-05-08,9659
00650L,復華香港正2,43,3,40,富邦-高雄,2024-05-08,9659
5871,中租-KY,61,24,37,富邦-高雄,2024-05-08,9659
2547,日勝生,37,1,36,富邦-高雄,2024-05-08,9659
2374,佳能,58,25,33,富邦-高雄,2024-05-08,9659
1612,宏泰,67,34,33,富邦-高雄,2024-05-08,9659
2356,英業達,81,48,33,富邦-高雄,2024-05-08,9659
2887,台新金,46,14,32,富邦-高雄,2024-05-08,9659
3481,群創,71,40,31,富邦-高雄,2024-05-08,9659
5521,工信,31,0,31,富邦-高雄,2024-05-08,9659
2363,矽統,135,105,30,富邦-高雄,2024-05-08,9659
6279,胡連,30,0,30,富邦-高雄,2024-05-08,9659
2211,長榮鋼,30,0,30,富邦-高雄,2024-05-08,9659
1618,合機,159,130,29,富邦-高雄,2024-05-08,9659
2486,一詮,348,319,29,富邦-高雄,2024-05-08,9659
2855,統一證,31,2,29,富邦-高雄,2024-05-08,9659
00679B,元大美債20年,48,20,28,富邦-高雄,2024-05-08,9659
2641,正德,41,13,28,富邦-高雄,2024-05-08,9659
8277,商丞,31,3,28,富邦-高雄,2024-05-08,9659
6284,佳邦,32,6,26,富邦-高雄,2024-05-08,9659
2913,農林,23,0,23,富邦-高雄,2024-05-08,9659
2882,國泰金,26,3,23,富邦-高雄,2024-05-08,9659
3624,光頡,27,5,22,富邦-高雄,2024-05-08,9659
2506,太設,25,4,21,富邦-高雄,2024-05-08,9659
2323,中環,21,0,21,富邦-高雄,2024-05-08,9659
2832,台產,20,0,20,富邦-高雄,2024-05-08,9659
912000,晨訊科-DR,20,0,20,富邦-高雄,2024-05-08,9659
1314,中石化,352,23,329,富邦-高雄,2024-05-09,9659
00937B,群益ESG投等債20,245,20,225,富邦-高雄,2024-05-09,9659
00940,元大台灣價值高息,171,19,152,富邦-高雄,2024-05-09,9659
00929,復華台灣科技優息,180,37,143,富邦-高雄,2024-05-09,9659
00946,群益科技高息成長,237,108,129,富邦-高雄,2024-05-09,9659
3036,文曄,104,6,98,富邦-高雄,2024-05-09,9659
00882,中信中國高股息,106,11,95,富邦-高雄,2024-05-09,9659
1815,富喬,146,57,89,富邦-高雄,2024-05-09,9659
1614,三洋電,81,1,80,富邦-高雄,2024-05-09,9659
2317,鴻海,132,67,65,富邦-高雄,2024-05-09,9659
00939,統一台灣高息動能,78,13,65,富邦-高雄,2024-05-09,9659
2851,中再保,65,1,64,富邦-高雄,2024-05-09,9659
2344,華邦電,79,17,62,富邦-高雄,2024-05-09,9659
8048,德勝,61,0,61,富邦-高雄,2024-05-09,9659
2314,台揚,55,0,55,富邦-高雄,2024-05-09,9659
3564,其陽,103,48,55,富邦-高雄,2024-05-09,9659
8112,至上,79,25,54,富邦-高雄,2024-05-09,9659
5871,中租-KY,53,0,53,富邦-高雄,2024-05-09,9659
00878,國泰永續高股息,76,24,52,富邦-高雄,2024-05-09,9659
3231,緯創,55,6,49,富邦-高雄,2024-05-09,9659
2353,宏��,85,40,45,富邦-高雄,2024-05-09,9659
2888A,新光金甲特,41,0,41,富邦-高雄,2024-05-09,9659
2887,台新金,48,7,41,富邦-高雄,2024-05-09,9659
3481,群創,49,9,40,富邦-高雄,2024-05-09,9659
2888,新光金,48,9,39,富邦-高雄,2024-05-09,9659
2515,中工,116,78,38,富邦-高雄,2024-05-09,9659
4979,華星光,47,9,38,富邦-高雄,2024-05-09,9659
2880,華南金,65,29,36,富邦-高雄,2024-05-09,9659
00932,兆豐永續高息等權,37,2,35,富邦-高雄,2024-05-09,9659
00944,野村趨勢動能高息,103,69,34,富邦-高雄,2024-05-09,9659
4306,炎洲,33,0,33,富邦-高雄,2024-05-09,9659
8011,台通,35,3,32,富邦-高雄,2024-05-09,9659
2611,志信,33,2,31,富邦-高雄,2024-05-09,9659
1616,億泰,30,0,30,富邦-高雄,2024-05-09,9659
2538,基泰,30,0,30,富邦-高雄,2024-05-09,9659
2376,技嘉,30,0,30,富邦-高雄,2024-05-09,9659
6189,豐藝,35,7,28,富邦-高雄,2024-05-09,9659
1316,上曜,36,11,25,富邦-高雄,2024-05-09,9659
2884,玉山金,26,1,25,富邦-高雄,2024-05-09,9659
1473,台南,26,2,24,富邦-高雄,2024-05-09,9659
2408,南亞科,32,8,24,富邦-高雄,2024-05-09,9659
00679B,元大美債20年,22,0,22,富邦-高雄,2024-05-09,9659
1101,台泥,26,4,22,富邦-高雄,2024-05-09,9659
1303,南亞,21,0,21,富邦-高雄,2024-05-09,9659
2605,新興,77,57,20,富邦-高雄,2024-05-09,9659
6125,廣運,39,20,19,富邦-高雄,2024-05-09,9659
4303,信立,34,16,18,富邦-高雄,2024-05-09,9659
2363,矽統,109,91,18,富邦-高雄,2024-05-09,9659
2606,裕民,38,20,18,富邦-高雄,2024-05-09,9659
2409,友達,20,3,17,富邦-高雄,2024-05-09,9659
00632R,元大台灣50反1,719,50,669,富邦-高雄,2024-05-10,9659
00929,復華台灣科技優息,487,63,424,富邦-高雄,2024-05-10,9659
00679B,元大美債20年,410,5,405,富邦-高雄,2024-05-10,9659
2603,長榮,388,184,204,富邦-高雄,2024-05-10,9659
00940,元大台灣價值高息,160,40,120,富邦-高雄,2024-05-10,9659
00946,群益科技高息成長,115,0,115,富邦-高雄,2024-05-10,9659
00650L,復華香港正2,118,3,115,富邦-高雄,2024-05-10,9659
1416,廣豐,111,0,111,富邦-高雄,2024-05-10,9659
2022,聚亨,110,0,110,富邦-高雄,2024-05-10,9659
2617,台航,120,11,109,富邦-高雄,2024-05-10,9659
00680L,元大美債20正2,107,1,106,富邦-高雄,2024-05-10,9659
00751B,元大AAA至A公司債,125,26,99,富邦-高雄,2024-05-10,9659
00712,復華富時不動產,144,60,84,富邦-高雄,2024-05-10,9659
00752,中信中國50,76,0,76,富邦-高雄,2024-05-10,9659
2313,華通,101,29,72,富邦-高雄,2024-05-10,9659
5371,中光電,75,6,69,富邦-高雄,2024-05-10,9659
8112,至上,94,26,68,富邦-高雄,2024-05-10,9659
2867,三商壽,80,23,57,富邦-高雄,2024-05-10,9659
5392,能率,51,0,51,富邦-高雄,2024-05-10,9659
2317,鴻海,97,49,48,富邦-高雄,2024-05-10,9659
00937B,群益ESG投等債20,92,46,46,富邦-高雄,2024-05-10,9659
2371,大同,81,36,45,富邦-高雄,2024-05-10,9659
1815,富喬,57,13,44,富邦-高雄,2024-05-10,9659
00891,中信關鍵半導體,40,0,40,富邦-高雄,2024-05-10,9659
1473,台南,41,2,39,富邦-高雄,2024-05-10,9659
6239,力成,48,10,38,富邦-高雄,2024-05-10,9659
8938,明安,71,37,34,富邦-高雄,2024-05-10,9659
3356,奇偶,112,79,33,富邦-高雄,2024-05-10,9659
1795,美時,31,1,30,富邦-高雄,2024-05-10,9659
3013,晟銘電,326,298,28,富邦-高雄,2024-05-10,9659
2611,志信,55,27,28,富邦-高雄,2024-05-10,9659
00637L,元大滬深300正2,54,27,27,富邦-高雄,2024-05-10,9659
2515,中工,103,77,26,富邦-高雄,2024-05-10,9659
3230,錦明,25,0,25,富邦-高雄,2024-05-10,9659
2748,雲品,26,1,25,富邦-高雄,2024-05-10,9659
2382,廣達,30,6,24,富邦-高雄,2024-05-10,9659
2409,友達,25,2,23,富邦-高雄,2024-05-10,9659
5871,中租-KY,25,2,23,富邦-高雄,2024-05-10,9659
1402,遠東新,23,1,22,富邦-高雄,2024-05-10,9659
3188,鑫龍騰,30,9,21,富邦-高雄,2024-05-10,9659
2889,國票金,39,18,21,富邦-高雄,2024-05-10,9659
2344,華邦電,25,4,21,富邦-高雄,2024-05-10,9659
3413,京鼎,20,0,20,富邦-高雄,2024-05-10,9659
6026,福邦證,20,0,20,富邦-高雄,2024-05-10,9659
9945,潤泰新,30,10,20,富邦-高雄,2024-05-10,9659
2886,兆豐金,21,2,19,富邦-高雄,2024-05-10,9659
3044,健鼎,28,9,19,富邦-高雄,2024-05-10,9659
6005,群益證,29,10,19,富邦-高雄,2024-05-10,9659
2439,美律,20,1,19,富邦-高雄,2024-05-10,9659
2392,正崴,21,2,19,富邦-高雄,2024-05-10,9659
00937B,群益ESG投等債20,560,4,556,富邦-高雄,2024-05-13,9659
00929,復華台灣科技優息,395,19,376,富邦-高雄,2024-05-13,9659
2618,長榮航,283,85,198,富邦-高雄,2024-05-13,9659
2883,凱基金,227,61,166,富邦-高雄,2024-05-13,9659
5608,四維航,159,39,120,富邦-高雄,2024-05-13,9659
00878,國泰永續高股息,133,14,119,富邦-高雄,2024-05-13,9659
1101,台泥,157,40,117,富邦-高雄,2024-05-13,9659
8938,明安,110,0,110,富邦-高雄,2024-05-13,9659
00679B,元大美債20年,149,72,77,富邦-高雄,2024-05-13,9659
2617,台航,113,40,73,富邦-高雄,2024-05-13,9659
00680L,元大美債20正2,70,0,70,富邦-高雄,2024-05-13,9659
4968,立積,66,1,65,富邦-高雄,2024-05-13,9659
3047,訊舟,83,18,65,富邦-高雄,2024-05-13,9659
5871,中租-KY,67,3,64,富邦-高雄,2024-05-13,9659
2637,慧洋-KY,88,24,64,富邦-高雄,2024-05-13,9659
00944,野村趨勢動能高息,65,2,63,富邦-高雄,2024-05-13,9659
2891,中信金,68,6,62,富邦-高雄,2024-05-13,9659
1614,三洋電,60,0,60,富邦-高雄,2024-05-13,9659
2344,華邦電,65,7,58,富邦-高雄,2024-05-13,9659
3231,緯創,68,13,55,富邦-高雄,2024-05-13,9659
4938,和碩,60,13,47,富邦-高雄,2024-05-13,9659
2382,廣達,83,38,45,富邦-高雄,2024-05-13,9659
00673R,期元大S＆P原油反1,56,12,44,富邦-高雄,2024-05-13,9659
2634,漢翔,46,2,44,富邦-高雄,2024-05-13,9659
6425,易發,43,0,43,富邦-高雄,2024-05-13,9659
00751B,元大AAA至A公司債,42,2,40,富邦-高雄,2024-05-13,9659
3498,陽程,43,3,40,富邦-高雄,2024-05-13,9659
3481,群創,67,31,36,富邦-高雄,2024-05-13,9659
2359,所羅門,56,21,35,富邦-高雄,2024-05-13,9659
00933B,國泰10Y+金融債,49,15,34,富邦-高雄,2024-05-13,9659
1795,美時,37,3,34,富邦-高雄,2024-05-13,9659
2888,新光金,35,2,33,富邦-高雄,2024-05-13,9659
2371,大同,128,97,31,富邦-高雄,2024-05-13,9659
3006,晶豪科,34,4,30,富邦-高雄,2024-05-13,9659
2743,山富,30,0,30,富邦-高雄,2024-05-13,9659
8936,國統,71,43,28,富邦-高雄,2024-05-13,9659
2851,中再保,27,0,27,富邦-高雄,2024-05-13,9659
00946,群益科技高息成長,26,0,26,富邦-高雄,2024-05-13,9659
6207,雷科,31,5,26,富邦-高雄,2024-05-13,9659
2025,千興,30,4,26,富邦-高雄,2024-05-13,9659
6414,樺漢,25,0,25,富邦-高雄,2024-05-13,9659
2241,艾姆勒,55,32,23,富邦-高雄,2024-05-13,9659
8048,德勝,23,0,23,富邦-高雄,2024-05-13,9659
5706,鳳凰,23,0,23,富邦-高雄,2024-05-13,9659
1473,台南,23,1,22,富邦-高雄,2024-05-13,9659
2880,華南金,25,3,22,富邦-高雄,2024-05-13,9659
8489,三貝德,21,0,21,富邦-高雄,2024-05-13,9659
2427,三商電,21,0,21,富邦-高雄,2024-05-13,9659
2317,鴻海,76,57,19,富邦-高雄,2024-05-13,9659
8110,華東,23,4,19,富邦-高雄,2024-05-13,9659
00937B,群益ESG投等債20,424,23,401,富邦-高雄,2024-05-14,9659
2501,國建,424,29,395,富邦-高雄,2024-05-14,9659
00679B,元大美債20年,238,5,233,富邦-高雄,2024-05-14,9659
00929,復華台灣科技優息,192,42,150,富邦-高雄,2024-05-14,9659
00933B,國泰10Y+金融債,91,1,90,富邦-高雄,2024-05-14,9659
00878,國泰永續高股息,101,21,80,富邦-高雄,2024-05-14,9659
5371,中光電,106,29,77,富邦-高雄,2024-05-14,9659
2607,榮運,67,10,57,富邦-高雄,2024-05-14,9659
2371,大同,60,9,51,富邦-高雄,2024-05-14,9659
00919,群益台灣精選高息,59,13,46,富邦-高雄,2024-05-14,9659
00751B,元大AAA至A公司債,47,2,45,富邦-高雄,2024-05-14,9659
2615,萬海,480,436,44,富邦-高雄,2024-05-14,9659
8107,大億金茂,122,78,44,富邦-高雄,2024-05-14,9659
3481,群創,44,3,41,富邦-高雄,2024-05-14,9659
2610,華航,74,34,40,富邦-高雄,2024-05-14,9659
2882,國泰金,62,23,39,富邦-高雄,2024-05-14,9659
5324,士開,38,0,38,富邦-高雄,2024-05-14,9659
2353,宏��,184,148,36,富邦-高雄,2024-05-14,9659
2892,第一金,35,0,35,富邦-高雄,2024-05-14,9659
3231,緯創,46,11,35,富邦-高雄,2024-05-14,9659
5880,合庫金,34,0,34,富邦-高雄,2024-05-14,9659
3047,訊舟,105,73,32,富邦-高雄,2024-05-14,9659
2867,三商壽,35,4,31,富邦-高雄,2024-05-14,9659
2836,高雄銀,31,0,31,富邦-高雄,2024-05-14,9659
2344,華邦電,49,18,31,富邦-高雄,2024-05-14,9659
2834,臺企銀,35,5,30,富邦-高雄,2024-05-14,9659
3339,泰谷,44,14,30,富邦-高雄,2024-05-14,9659
1474,弘裕,30,0,30,富邦-高雄,2024-05-14,9659
00932,兆豐永續高息等權,30,0,30,富邦-高雄,2024-05-14,9659
00753L,中信中國50正2,30,1,29,富邦-高雄,2024-05-14,9659
2637,慧洋-KY,50,24,26,富邦-高雄,2024-05-14,9659
2101,南港,31,5,26,富邦-高雄,2024-05-14,9659
1904,正隆,26,1,25,富邦-高雄,2024-05-14,9659
1522,堤維西,61,36,25,富邦-高雄,2024-05-14,9659
8404,百和興業-KY,24,0,24,富邦-高雄,2024-05-14,9659
00936,台新永續高息中小,23,0,23,富邦-高雄,2024-05-14,9659
2352,佳世達,22,0,22,富邦-高雄,2024-05-14,9659
2855,統一證,23,1,22,富邦-高雄,2024-05-14,9659
00946,群益科技高息成長,36,15,21,富邦-高雄,2024-05-14,9659
1907,永豐餘,21,0,21,富邦-高雄,2024-05-14,9659
00665L,富邦�琤肭磪囓�2,41,20,21,富邦-高雄,2024-05-14,9659
2405,輔信,73,53,20,富邦-高雄,2024-05-14,9659
2317,鴻海,154,134,20,富邦-高雄,2024-05-14,9659
2915,潤泰全,46,26,20,富邦-高雄,2024-05-14,9659
00725B,國泰投資級公司債,20,0,20,富邦-高雄,2024-05-14,9659
00688L,國泰20年美債正2,20,0,20,富邦-高雄,2024-05-14,9659
5706,鳳凰,26,6,20,富邦-高雄,2024-05-14,9659
6207,雷科,27,8,19,富邦-高雄,2024-05-14,9659
4513,福裕,21,2,19,富邦-高雄,2024-05-14,9659
00687B,國泰20年美債,22,3,19,富邦-高雄,2024-05-14,9659
00937B,群益ESG投等債20,333,8,325,富邦-高雄,2024-05-15,9659
00929,復華台灣科技優息,273,40,233,富邦-高雄,2024-05-15,9659
00940,元大台灣價值高息,195,33,162,富邦-高雄,2024-05-15,9659
4306,炎洲,141,0,141,富邦-高雄,2024-05-15,9659
5871,中租-KY,104,0,104,富邦-高雄,2024-05-15,9659
1737,臺鹽,100,0,100,富邦-高雄,2024-05-15,9659
6265,方土昶,101,2,99,富邦-高雄,2024-05-15,9659
1718,中纖,102,6,96,富邦-高雄,2024-05-15,9659
00932,兆豐永續高息等權,72,0,72,富邦-高雄,2024-05-15,9659
2449,京元電子,75,4,71,富邦-高雄,2024-05-15,9659
2241,艾姆勒,68,3,65,富邦-高雄,2024-05-15,9659
2618,長榮航,108,44,64,富邦-高雄,2024-05-15,9659
2356,英業達,160,97,63,富邦-高雄,2024-05-15,9659
00919,群益台灣精選高息,121,65,56,富邦-高雄,2024-05-15,9659
2611,志信,59,3,56,富邦-高雄,2024-05-15,9659
00753L,中信中國50正2,54,0,54,富邦-高雄,2024-05-15,9659
2405,輔信,144,91,53,富邦-高雄,2024-05-15,9659
2406,國碩,78,26,52,富邦-高雄,2024-05-15,9659
00679B,元大美債20年,61,10,51,富邦-高雄,2024-05-15,9659
6197,佳必琪,54,3,51,富邦-高雄,2024-05-15,9659
2495,普安,54,3,51,富邦-高雄,2024-05-15,9659
8016,矽創,50,0,50,富邦-高雄,2024-05-15,9659
2303,聯電,64,25,39,富邦-高雄,2024-05-15,9659
00936,台新永續高息中小,37,0,37,富邦-高雄,2024-05-15,9659
2367,燿華,181,144,37,富邦-高雄,2024-05-15,9659
8358,金居,65,29,36,富邦-高雄,2024-05-15,9659
2363,矽統,104,69,35,富邦-高雄,2024-05-15,9659
00946,群益科技高息成長,39,5,34,富邦-高雄,2024-05-15,9659
2537,聯上發,37,6,31,富邦-高雄,2024-05-15,9659
00665L,富邦�琤肭磪囓�2,35,6,29,富邦-高雄,2024-05-15,9659
2353,宏��,114,86,28,富邦-高雄,2024-05-15,9659
3363,上詮,47,20,27,富邦-高雄,2024-05-15,9659
00945B,凱基美國非投等債,26,0,26,富邦-高雄,2024-05-15,9659
6442,光聖,27,1,26,富邦-高雄,2024-05-15,9659
2548,華固,28,4,24,富邦-高雄,2024-05-15,9659
1612,宏泰,34,10,24,富邦-高雄,2024-05-15,9659
2515,中工,88,64,24,富邦-高雄,2024-05-15,9659
4533,協易機,90,67,23,富邦-高雄,2024-05-15,9659
00676R,富邦臺灣加權反1,23,0,23,富邦-高雄,2024-05-15,9659
3479,安勤,20,0,20,富邦-高雄,2024-05-15,9659
1905,華紙,20,0,20,富邦-高雄,2024-05-15,9659
00772B,中信高評級公司債,20,0,20,富邦-高雄,2024-05-15,9659
2601,益航,22,3,19,富邦-高雄,2024-05-15,9659
4903,聯光通,18,0,18,富邦-高雄,2024-05-15,9659
2330,台積電,47,30,17,富邦-高雄,2024-05-15,9659
00933B,國泰10Y+金融債,17,0,17,富邦-高雄,2024-05-15,9659
6282,康舒,17,0,17,富邦-高雄,2024-05-15,9659
1524,耿鼎,40,23,17,富邦-高雄,2024-05-15,9659
6026,福邦證,17,0,17,富邦-高雄,2024-05-15,9659
3706,神達,43,26,17,富邦-高雄,2024-05-15,9659
1316,上曜,201,2,199,富邦-高雄,2024-05-16,9659
2312,金寶,287,96,191,富邦-高雄,2024-05-16,9659
2365,昆盈,143,19,124,富邦-高雄,2024-05-16,9659
2356,英業達,157,42,115,富邦-高雄,2024-05-16,9659
1453,大將,103,2,101,富邦-高雄,2024-05-16,9659
2331,精英,107,13,94,富邦-高雄,2024-05-16,9659
2382,廣達,202,120,82,富邦-高雄,2024-05-16,9659
3231,緯創,89,19,70,富邦-高雄,2024-05-16,9659
2603,長榮,241,176,65,富邦-高雄,2024-05-16,9659
2359,所羅門,180,118,62,富邦-高雄,2024-05-16,9659
00637L,元大滬深300正2,146,91,55,富邦-高雄,2024-05-16,9659
00715L,期街口布蘭特正2,54,0,54,富邦-高雄,2024-05-16,9659
6215,和椿,78,28,50,富邦-高雄,2024-05-16,9659
2838,聯邦銀,50,1,49,富邦-高雄,2024-05-16,9659
3450,聯鈞,58,11,47,富邦-高雄,2024-05-16,9659
2607,榮運,45,1,44,富邦-高雄,2024-05-16,9659
4533,協易機,104,62,42,富邦-高雄,2024-05-16,9659
5351,鈺創,66,24,42,富邦-高雄,2024-05-16,9659
1522,堤維西,58,17,41,富邦-高雄,2024-05-16,9659
2032,新鋼,39,0,39,富邦-高雄,2024-05-16,9659
4306,炎洲,39,0,39,富邦-高雄,2024-05-16,9659
1455,集盛,40,1,39,富邦-高雄,2024-05-16,9659
6213,聯茂,51,13,38,富邦-高雄,2024-05-16,9659
6005,群益證,43,6,37,富邦-高雄,2024-05-16,9659
5531,鄉林,32,0,32,富邦-高雄,2024-05-16,9659
9945,潤泰新,64,33,31,富邦-高雄,2024-05-16,9659
00945B,凱基美國非投等債,30,0,30,富邦-高雄,2024-05-16,9659
2889,國票金,30,1,29,富邦-高雄,2024-05-16,9659
00712,復華富時不動產,58,30,28,富邦-高雄,2024-05-16,9659
2316,楠梓電,33,6,27,富邦-高雄,2024-05-16,9659
00632R,元大台灣50反1,236,209,27,富邦-高雄,2024-05-16,9659
2006,東和鋼鐵,26,0,26,富邦-高雄,2024-05-16,9659
2634,漢翔,32,7,25,富邦-高雄,2024-05-16,9659
2385,群光,25,1,24,富邦-高雄,2024-05-16,9659
2515,中工,170,148,22,富邦-高雄,2024-05-16,9659
3360,尚立,39,18,21,富邦-高雄,2024-05-16,9659
5871,中租-KY,22,1,21,富邦-高雄,2024-05-16,9659
2464,盟立,53,33,20,富邦-高雄,2024-05-16,9659
3058,立德,20,0,20,富邦-高雄,2024-05-16,9659
2439,美律,23,3,20,富邦-高雄,2024-05-16,9659
00763U,期街口道瓊銅,20,0,20,富邦-高雄,2024-05-16,9659
8996,高力,20,0,20,富邦-高雄,2024-05-16,9659
3141,晶宏,20,0,20,富邦-高雄,2024-05-16,9659
5880,合庫金,21,2,19,富邦-高雄,2024-05-16,9659
1444,力麗,20,1,19,富邦-高雄,2024-05-16,9659
1312,國喬,20,1,19,富邦-高雄,2024-05-16,9659
1608,華榮,63,44,19,富邦-高雄,2024-05-16,9659
4967,十銓,24,6,18,富邦-高雄,2024-05-16,9659
3313,斐成,18,0,18,富邦-高雄,2024-05-16,9659
1314,中石化,26,9,17,富邦-高雄,2024-05-16,9659
2888,新光金,402,0,402,富邦-高雄,2024-05-17,9659
00929,復華台灣科技優息,401,72,329,富邦-高雄,2024-05-17,9659
00878,國泰永續高股息,232,51,181,富邦-高雄,2024-05-17,9659
1718,中纖,199,21,178,富邦-高雄,2024-05-17,9659
2312,金寶,214,54,160,富邦-高雄,2024-05-17,9659
1316,上曜,161,12,149,富邦-高雄,2024-05-17,9659
2419,仲琦,101,3,98,富邦-高雄,2024-05-17,9659
00637L,元大滬深300正2,104,10,94,富邦-高雄,2024-05-17,9659
2883,凱基金,126,33,93,富邦-高雄,2024-05-17,9659
2317,鴻海,117,50,67,富邦-高雄,2024-05-17,9659
1605,華新,69,3,66,富邦-高雄,2024-05-17,9659
2867,三商壽,186,123,63,富邦-高雄,2024-05-17,9659
2374,佳能,139,77,62,富邦-高雄,2024-05-17,9659
2329,華泰,61,0,61,富邦-高雄,2024-05-17,9659
3607,谷崧,58,0,58,富邦-高雄,2024-05-17,9659
2489,瑞軒,157,99,58,富邦-高雄,2024-05-17,9659
3141,晶宏,58,3,55,富邦-高雄,2024-05-17,9659
8936,國統,54,3,51,富邦-高雄,2024-05-17,9659
2356,英業達,64,15,49,富邦-高雄,2024-05-17,9659
00937B,群益ESG投等債20,189,147,42,富邦-高雄,2024-05-17,9659
2032,新鋼,41,0,41,富邦-高雄,2024-05-17,9659
3059,華晶科,72,35,37,富邦-高雄,2024-05-17,9659
1795,美時,40,4,36,富邦-高雄,2024-05-17,9659
6188,廣明,56,25,31,富邦-高雄,2024-05-17,9659
5392,能率,81,51,30,富邦-高雄,2024-05-17,9659
2906,高林,30,0,30,富邦-高雄,2024-05-17,9659
3481,群創,43,15,28,富邦-高雄,2024-05-17,9659
2514,龍邦,32,5,27,富邦-高雄,2024-05-17,9659
1731,美吾華,26,0,26,富邦-高雄,2024-05-17,9659
2476,鉅祥,35,9,26,富邦-高雄,2024-05-17,9659
2855,統一證,26,0,26,富邦-高雄,2024-05-17,9659
00679B,元大美債20年,29,5,24,富邦-高雄,2024-05-17,9659
2344,華邦電,29,5,24,富邦-高雄,2024-05-17,9659
2440,太空梭,30,7,23,富邦-高雄,2024-05-17,9659
00665L,富邦�琤肭磪囓�2,35,12,23,富邦-高雄,2024-05-17,9659
00680L,元大美債20正2,65,42,23,富邦-高雄,2024-05-17,9659
2611,志信,30,7,23,富邦-高雄,2024-05-17,9659
00919,群益台灣精選高息,70,47,23,富邦-高雄,2024-05-17,9659
00753L,中信中國50正2,38,16,22,富邦-高雄,2024-05-17,9659
00915,凱基優選高股息30,25,3,22,富邦-高雄,2024-05-17,9659
2409,友達,25,3,22,富邦-高雄,2024-05-17,9659
5519,隆大,26,4,22,富邦-高雄,2024-05-17,9659
2367,燿華,245,223,22,富邦-高雄,2024-05-17,9659
2408,南亞科,24,2,22,富邦-高雄,2024-05-17,9659
1522,堤維西,30,9,21,富邦-高雄,2024-05-17,9659
3030,德律,24,4,20,富邦-高雄,2024-05-17,9659
1303,南亞,20,0,20,富邦-高雄,2024-05-17,9659
2606,裕民,30,11,19,富邦-高雄,2024-05-17,9659
2349,錸德,23,4,19,富邦-高雄,2024-05-17,9659
2330,台積電,26,8,18,富邦-高雄,2024-05-17,9659
00679B,元大美債20年,909,15,894,富邦-高雄,2024-05-20,9659
00929,復華台灣科技優息,413,142,271,富邦-高雄,2024-05-20,9659
6188,廣明,293,58,235,富邦-高雄,2024-05-20,9659
6237,驊訊,207,0,207,富邦-高雄,2024-05-20,9659
6005,群益證,177,2,175,富邦-高雄,2024-05-20,9659
2618,長榮航,225,52,173,富邦-高雄,2024-05-20,9659
2867,三商壽,306,155,151,富邦-高雄,2024-05-20,9659
1612,宏泰,134,35,99,富邦-高雄,2024-05-20,9659
2317,鴻海,121,23,98,富邦-高雄,2024-05-20,9659
3047,訊舟,102,6,96,富邦-高雄,2024-05-20,9659
2367,燿華,204,129,75,富邦-高雄,2024-05-20,9659
00937B,群益ESG投等債20,85,29,56,富邦-高雄,2024-05-20,9659
2610,華航,161,109,52,富邦-高雄,2024-05-20,9659
9105,泰金寶-DR,52,1,51,富邦-高雄,2024-05-20,9659
2023,燁輝,54,3,51,富邦-高雄,2024-05-20,9659
00680L,元大美債20正2,51,0,51,富邦-高雄,2024-05-20,9659
00717,富邦美國特別股,50,0,50,富邦-高雄,2024-05-20,9659
3024,憶聲,53,8,45,富邦-高雄,2024-05-20,9659
1316,上曜,77,40,37,富邦-高雄,2024-05-20,9659
00943,兆豐電子高息等權,46,10,36,富邦-高雄,2024-05-20,9659
1305,華夏,36,0,36,富邦-高雄,2024-05-20,9659
2881,富邦金,58,24,34,富邦-高雄,2024-05-20,9659
1795,美時,39,5,34,富邦-高雄,2024-05-20,9659
8033,雷虎,43,11,32,富邦-高雄,2024-05-20,9659
9904,寶成,35,3,32,富邦-高雄,2024-05-20,9659
4306,炎洲,31,0,31,富邦-高雄,2024-05-20,9659
6182,合晶,31,0,31,富邦-高雄,2024-05-20,9659
2883,凱基金,86,56,30,富邦-高雄,2024-05-20,9659
1101,台泥,55,25,30,富邦-高雄,2024-05-20,9659
5009,榮剛,43,14,29,富邦-高雄,2024-05-20,9659
6579,研揚,32,3,29,富邦-高雄,2024-05-20,9659
3231,緯創,40,12,28,富邦-高雄,2024-05-20,9659
00753L,中信中國50正2,26,0,26,富邦-高雄,2024-05-20,9659
2515,中工,87,62,25,富邦-高雄,2024-05-20,9659
3188,鑫龍騰,23,0,23,富邦-高雄,2024-05-20,9659
3483,力致,121,99,22,富邦-高雄,2024-05-20,9659
2374,佳能,120,98,22,富邦-高雄,2024-05-20,9659
2324,仁寶,21,0,21,富邦-高雄,2024-05-20,9659
1587,吉茂,42,21,21,富邦-高雄,2024-05-20,9659
6274,台燿,35,14,21,富邦-高雄,2024-05-20,9659
2834,臺企銀,126,106,20,富邦-高雄,2024-05-20,9659
1714,和桐,20,0,20,富邦-高雄,2024-05-20,9659
1813,寶利徠,20,0,20,富邦-高雄,2024-05-20,9659
6584,南俊國際,20,0,20,富邦-高雄,2024-05-20,9659
00687B,國泰20年美債,20,0,20,富邦-高雄,2024-05-20,9659
5519,隆大,24,5,19,富邦-高雄,2024-05-20,9659
2514,龍邦,36,17,19,富邦-高雄,2024-05-20,9659
2015,豐興,20,1,19,富邦-高雄,2024-05-20,9659
5508,永信建,24,6,18,富邦-高雄,2024-05-20,9659
00720B,元大投資級公司債,20,2,18,富邦-高雄,2024-05-20,9659
2888,新光金,687,31,656,富邦-高雄,2024-05-21,9659
00937B,群益ESG投等債20,485,56,429,富邦-高雄,2024-05-21,9659
2464,盟立,244,45,199,富邦-高雄,2024-05-21,9659
00929,復華台灣科技優息,331,165,166,富邦-高雄,2024-05-21,9659
5371,中光電,225,72,153,富邦-高雄,2024-05-21,9659
6207,雷科,247,111,136,富邦-高雄,2024-05-21,9659
2897,王道銀行,130,0,130,富邦-高雄,2024-05-21,9659
2486,一詮,152,38,114,富邦-高雄,2024-05-21,9659
00878,國泰永續高股息,139,31,108,富邦-高雄,2024-05-21,9659
00918,大華優利高填息30,105,2,103,富邦-高雄,2024-05-21,9659
2883,凱基金,149,53,96,富邦-高雄,2024-05-21,9659
2515,中工,146,62,84,富邦-高雄,2024-05-21,9659
00665L,富邦�琤肭磪囓�2,86,10,76,富邦-高雄,2024-05-21,9659
3287,廣寰科,82,11,71,富邦-高雄,2024-05-21,9659
6215,和椿,78,11,67,富邦-高雄,2024-05-21,9659
6005,群益證,67,3,64,富邦-高雄,2024-05-21,9659
00882,中信中國高股息,78,14,64,富邦-高雄,2024-05-21,9659
2501,國建,63,0,63,富邦-高雄,2024-05-21,9659
3481,群創,73,11,62,富邦-高雄,2024-05-21,9659
00632R,元大台灣50反1,61,0,61,富邦-高雄,2024-05-21,9659
4533,協易機,463,411,52,富邦-高雄,2024-05-21,9659
2331,精英,50,1,49,富邦-高雄,2024-05-21,9659
6834,天二科技,47,0,47,富邦-高雄,2024-05-21,9659
1101,台泥,61,16,45,富邦-高雄,2024-05-21,9659
2606,裕民,44,0,44,富邦-高雄,2024-05-21,9659
3419,譁裕,37,1,36,富邦-高雄,2024-05-21,9659
6584,南俊國際,46,10,36,富邦-高雄,2024-05-21,9659
2890,永豐金,42,10,32,富邦-高雄,2024-05-21,9659
2015,豐興,32,0,32,富邦-高雄,2024-05-21,9659
2892,第一金,36,5,31,富邦-高雄,2024-05-21,9659
1409,新纖,36,5,31,富邦-高雄,2024-05-21,9659
2889,國票金,35,5,30,富邦-高雄,2024-05-21,9659
3479,安勤,30,0,30,富邦-高雄,2024-05-21,9659
2542,興富發,30,1,29,富邦-高雄,2024-05-21,9659
2882,國泰金,69,40,29,富邦-高雄,2024-05-21,9659
6188,廣明,196,168,28,富邦-高雄,2024-05-21,9659
00680L,元大美債20正2,32,5,27,富邦-高雄,2024-05-21,9659
2323,中環,27,0,27,富邦-高雄,2024-05-21,9659
2634,漢翔,39,13,26,富邦-高雄,2024-05-21,9659
00944,野村趨勢動能高息,26,0,26,富邦-高雄,2024-05-21,9659
1795,美時,25,0,25,富邦-高雄,2024-05-21,9659
2312,金寶,53,29,24,富邦-高雄,2024-05-21,9659
2324,仁寶,32,8,24,富邦-高雄,2024-05-21,9659
8028,昇陽半導體,30,6,24,富邦-高雄,2024-05-21,9659
2442,新美齊,24,1,23,富邦-高雄,2024-05-21,9659
4306,炎洲,23,0,23,富邦-高雄,2024-05-21,9659
2838,聯邦銀,40,18,22,富邦-高雄,2024-05-21,9659
2867,三商壽,44,22,22,富邦-高雄,2024-05-21,9659
2317,鴻海,56,34,22,富邦-高雄,2024-05-21,9659
2208,台船,26,4,22,富邦-高雄,2024-05-21,9659
2888,新光金,512,34,478,富邦-高雄,2024-05-22,9659
00632R,元大台灣50反1,383,0,383,富邦-高雄,2024-05-22,9659
3706,神達,271,80,191,富邦-高雄,2024-05-22,9659
8110,華東,187,4,183,富邦-高雄,2024-05-22,9659
2603,長榮,212,51,161,富邦-高雄,2024-05-22,9659
2250,IKKA-KY,161,9,152,富邦-高雄,2024-05-22,9659
00715L,期街口布蘭特正2,111,1,110,富邦-高雄,2024-05-22,9659
2312,金寶,173,64,109,富邦-高雄,2024-05-22,9659
5328,華容,100,0,100,富邦-高雄,2024-05-22,9659
6116,彩晶,118,22,96,富邦-高雄,2024-05-22,9659
00937B,群益ESG投等債20,132,37,95,富邦-高雄,2024-05-22,9659
3047,訊舟,110,42,68,富邦-高雄,2024-05-22,9659
2634,漢翔,69,3,66,富邦-高雄,2024-05-22,9659
2002,中鋼,68,2,66,富邦-高雄,2024-05-22,9659
2329,華泰,68,4,64,富邦-高雄,2024-05-22,9659
2883,凱基金,86,25,61,富邦-高雄,2024-05-22,9659
00665L,富邦�琤肭磪囓�2,62,10,52,富邦-高雄,2024-05-22,9659
2453,凌群,55,4,51,富邦-高雄,2024-05-22,9659
9105,泰金寶-DR,50,0,50,富邦-高雄,2024-05-22,9659
5315,光聯,50,0,50,富邦-高雄,2024-05-22,9659
00904,新光臺灣半導體30,50,0,50,富邦-高雄,2024-05-22,9659
1536,和大,67,18,49,富邦-高雄,2024-05-22,9659
3013,晟銘電,135,94,41,富邦-高雄,2024-05-22,9659
5603,陸海,40,0,40,富邦-高雄,2024-05-22,9659
3702,大聯大,40,1,39,富邦-高雄,2024-05-22,9659
8070,長華*,41,2,39,富邦-高雄,2024-05-22,9659
5871,中租-KY,40,2,38,富邦-高雄,2024-05-22,9659
2406,國碩,70,35,35,富邦-高雄,2024-05-22,9659
1815,富喬,202,168,34,富邦-高雄,2024-05-22,9659
6215,和椿,53,19,34,富邦-高雄,2024-05-22,9659
6789,采鈺,35,2,33,富邦-高雄,2024-05-22,9659
00688L,國泰20年美債正2,32,0,32,富邦-高雄,2024-05-22,9659
2501,國建,51,20,31,富邦-高雄,2024-05-22,9659
00751B,元大AAA至A公司債,32,1,31,富邦-高雄,2024-05-22,9659
2316,楠梓電,31,0,31,富邦-高雄,2024-05-22,9659
5324,士開,30,0,30,富邦-高雄,2024-05-22,9659
3060,銘異,44,14,30,富邦-高雄,2024-05-22,9659
1805,寶徠,30,0,30,富邦-高雄,2024-05-22,9659
1303,南亞,32,3,29,富邦-高雄,2024-05-22,9659
00919,群益台灣精選高息,73,46,27,富邦-高雄,2024-05-22,9659
6177,達麗,29,2,27,富邦-高雄,2024-05-22,9659
00753L,中信中國50正2,27,1,26,富邦-高雄,2024-05-22,9659
6117,迎廣,34,10,24,富邦-高雄,2024-05-22,9659
2352,佳世達,25,1,24,富邦-高雄,2024-05-22,9659
2467,志聖,26,3,23,富邦-高雄,2024-05-22,9659
2915,潤泰全,22,0,22,富邦-高雄,2024-05-22,9659
1316,上曜,22,0,22,富邦-高雄,2024-05-22,9659
3711,日月光投控,30,9,21,富邦-高雄,2024-05-22,9659
3058,立德,21,0,21,富邦-高雄,2024-05-22,9659
2449,京元電子,28,7,21,富邦-高雄,2024-05-22,9659
00937B,群益ESG投等債20,427,42,385,富邦-高雄,2024-05-23,9659
00632R,元大台灣50反1,351,101,250,富邦-高雄,2024-05-23,9659
6125,廣運,253,71,182,富邦-高雄,2024-05-23,9659
00930,永豐ESG低碳高息,142,2,140,富邦-高雄,2024-05-23,9659
2888,新光金,129,9,120,富邦-高雄,2024-05-23,9659
2356,英業達,123,19,104,富邦-高雄,2024-05-23,9659
2867,三商壽,133,43,90,富邦-高雄,2024-05-23,9659
1316,上曜,84,1,83,富邦-高雄,2024-05-23,9659
2354,鴻準,168,91,77,富邦-高雄,2024-05-23,9659
2312,金寶,110,35,75,富邦-高雄,2024-05-23,9659
00942B,台新美A公司債20+,70,0,70,富邦-高雄,2024-05-23,9659
2406,國碩,86,23,63,富邦-高雄,2024-05-23,9659
2015,豐興,63,0,63,富邦-高雄,2024-05-23,9659
2371,大同,125,69,56,富邦-高雄,2024-05-23,9659
4967,十銓,65,9,56,富邦-高雄,2024-05-23,9659
2511,太子,53,3,50,富邦-高雄,2024-05-23,9659
2409,友達,52,9,43,富邦-高雄,2024-05-23,9659
6282,康舒,43,3,40,富邦-高雄,2024-05-23,9659
2017,官田鋼,58,19,39,富邦-高雄,2024-05-23,9659
2006,東和鋼鐵,36,0,36,富邦-高雄,2024-05-23,9659
6584,南俊國際,41,6,35,富邦-高雄,2024-05-23,9659
6209,今國光,86,51,35,富邦-高雄,2024-05-23,9659
2101,南港,62,27,35,富邦-高雄,2024-05-23,9659
2324,仁寶,116,81,35,富邦-高雄,2024-05-23,9659
6147,頎邦,33,0,33,富邦-高雄,2024-05-23,9659
2376,技嘉,46,14,32,富邦-高雄,2024-05-23,9659
5905,南仁湖,31,1,30,富邦-高雄,2024-05-23,9659
2353,宏��,309,279,30,富邦-高雄,2024-05-23,9659
00940,元大台灣價值高息,87,57,30,富邦-高雄,2024-05-23,9659
00946,群益科技高息成長,29,1,28,富邦-高雄,2024-05-23,9659
5508,永信建,32,4,28,富邦-高雄,2024-05-23,9659
5871,中租-KY,28,1,27,富邦-高雄,2024-05-23,9659
6015,宏遠證,26,0,26,富邦-高雄,2024-05-23,9659
2548,華固,24,0,24,富邦-高雄,2024-05-23,9659
00751B,元大AAA至A公司債,26,2,24,富邦-高雄,2024-05-23,9659
5443,均豪,123,99,24,富邦-高雄,2024-05-23,9659
2367,燿華,96,72,24,富邦-高雄,2024-05-23,9659
8064,東捷,43,20,23,富邦-高雄,2024-05-23,9659
3363,上詮,65,42,23,富邦-高雄,2024-05-23,9659
1815,富喬,350,327,23,富邦-高雄,2024-05-23,9659
2002,中鋼,57,35,22,富邦-高雄,2024-05-23,9659
2515,中工,120,99,21,富邦-高雄,2024-05-23,9659
2014,中鴻,22,2,20,富邦-高雄,2024-05-23,9659
5324,士開,20,0,20,富邦-高雄,2024-05-23,9659
5452,佶優,24,4,20,富邦-高雄,2024-05-23,9659
2453,凌群,32,13,19,富邦-高雄,2024-05-23,9659
00752,中信中國50,22,3,19,富邦-高雄,2024-05-23,9659
00891,中信關鍵半導體,30,11,19,富邦-高雄,2024-05-23,9659
00650L,復華香港正2,28,10,18,富邦-高雄,2024-05-23,9659
1905,華紙,18,0,18,富邦-高雄,2024-05-23,9659
00937B,群益ESG投等債20,1179,15,1164,富邦-高雄,2024-05-24,9659
00632R,元大台灣50反1,1000,50,950,富邦-高雄,2024-05-24,9659
3481,群創,233,40,193,富邦-高雄,2024-05-24,9659
00857B,永豐20年美公債,113,0,113,富邦-高雄,2024-05-24,9659
2303,聯電,171,61,110,富邦-高雄,2024-05-24,9659
4532,瑞智,93,0,93,富邦-高雄,2024-05-24,9659
2486,一詮,303,211,92,富邦-高雄,2024-05-24,9659
00712,復華富時不動產,100,11,89,富邦-高雄,2024-05-24,9659
2367,燿華,140,52,88,富邦-高雄,2024-05-24,9659
3234,光環,101,14,87,富邦-高雄,2024-05-24,9659
00679B,元大美債20年,83,14,69,富邦-高雄,2024-05-24,9659
6770,力積電,73,4,69,富邦-高雄,2024-05-24,9659
6188,廣明,125,57,68,富邦-高雄,2024-05-24,9659
5880,合庫金,60,4,56,富邦-高雄,2024-05-24,9659
2891,中信金,59,5,54,富邦-高雄,2024-05-24,9659
2302,麗正,52,1,51,富邦-高雄,2024-05-24,9659
6177,達麗,55,5,50,富邦-高雄,2024-05-24,9659
4979,華星光,83,38,45,富邦-高雄,2024-05-24,9659
9933,中鼎,48,4,44,富邦-高雄,2024-05-24,9659
4968,立積,45,2,43,富邦-高雄,2024-05-24,9659
2618,長榮航,136,93,43,富邦-高雄,2024-05-24,9659
2002,中鋼,42,3,39,富邦-高雄,2024-05-24,9659
2867,三商壽,62,24,38,富邦-高雄,2024-05-24,9659
00891,中信關鍵半導體,50,15,35,富邦-高雄,2024-05-24,9659
6584,南俊國際,48,14,34,富邦-高雄,2024-05-24,9659
2392,正崴,90,57,33,富邦-高雄,2024-05-24,9659
2882,國泰金,35,4,31,富邦-高雄,2024-05-24,9659
5498,凱崴,45,14,31,富邦-高雄,2024-05-24,9659
00671R,富邦NASDAQ反1,50,20,30,富邦-高雄,2024-05-24,9659
2015,豐興,30,0,30,富邦-高雄,2024-05-24,9659
5603,陸海,30,0,30,富邦-高雄,2024-05-24,9659
00919,群益台灣精選高息,36,7,29,富邦-高雄,2024-05-24,9659
1103,嘉泥,30,1,29,富邦-高雄,2024-05-24,9659
2515,中工,99,72,27,富邦-高雄,2024-05-24,9659
1301,台塑,29,2,27,富邦-高雄,2024-05-24,9659
6147,頎邦,31,4,27,富邦-高雄,2024-05-24,9659
4128,中天,29,3,26,富邦-高雄,2024-05-24,9659
3013,晟銘電,46,20,26,富邦-高雄,2024-05-24,9659
6190,萬泰科,31,5,26,富邦-高雄,2024-05-24,9659
00751B,元大AAA至A公司債,25,0,25,富邦-高雄,2024-05-24,9659
2731,雄獅,26,2,24,富邦-高雄,2024-05-24,9659
2888,新光金,85,61,24,富邦-高雄,2024-05-24,9659
6005,群益證,24,0,24,富邦-高雄,2024-05-24,9659
2363,矽統,130,106,24,富邦-高雄,2024-05-24,9659
5871,中租-KY,23,0,23,富邦-高雄,2024-05-24,9659
00715L,期街口布蘭特正2,23,0,23,富邦-高雄,2024-05-24,9659
3605,宏致,53,30,23,富邦-高雄,2024-05-24,9659
2406,國碩,23,1,22,富邦-高雄,2024-05-24,9659
2610,華航,80,59,21,富邦-高雄,2024-05-24,9659
2017,官田鋼,20,0,20,富邦-高雄,2024-05-24,9659
00632R,元大台灣50反1,1833,341,1492,富邦-高雄,2024-05-27,9659
00918,大華優利高填息30,821,6,815,富邦-高雄,2024-05-27,9659
4306,炎洲,264,5,259,富邦-高雄,2024-05-27,9659
6147,頎邦,214,14,200,富邦-高雄,2024-05-27,9659
00937B,群益ESG投等債20,302,148,154,富邦-高雄,2024-05-27,9659
2464,盟立,197,43,154,富邦-高雄,2024-05-27,9659
2340,台亞,126,2,124,富邦-高雄,2024-05-27,9659
5498,凱崴,168,47,121,富邦-高雄,2024-05-27,9659
2442,新美齊,90,6,84,富邦-高雄,2024-05-27,9659
3024,憶聲,98,16,82,富邦-高雄,2024-05-27,9659
00946,群益科技高息成長,73,1,72,富邦-高雄,2024-05-27,9659
2317,鴻海,166,95,71,富邦-高雄,2024-05-27,9659
2002,中鋼,76,8,68,富邦-高雄,2024-05-27,9659
2603,長榮,141,75,66,富邦-高雄,2024-05-27,9659
2489,瑞軒,110,47,63,富邦-高雄,2024-05-27,9659
2352,佳世達,64,6,58,富邦-高雄,2024-05-27,9659
2605,新興,108,54,54,富邦-高雄,2024-05-27,9659
1909,榮成,50,0,50,富邦-高雄,2024-05-27,9659
00904,新光臺灣半導體30,50,0,50,富邦-高雄,2024-05-27,9659
2867,三商壽,57,8,49,富邦-高雄,2024-05-27,9659
2881,富邦金,54,6,48,富邦-高雄,2024-05-27,9659
5371,中光電,89,44,45,富邦-高雄,2024-05-27,9659
00687B,國泰20年美債,55,10,45,富邦-高雄,2024-05-27,9659
2324,仁寶,70,27,43,富邦-高雄,2024-05-27,9659
2363,矽統,221,179,42,富邦-高雄,2024-05-27,9659
2365,昆盈,54,13,41,富邦-高雄,2024-05-27,9659
2049,上銀,40,0,40,富邦-高雄,2024-05-27,9659
00679B,元大美債20年,40,0,40,富邦-高雄,2024-05-27,9659
8088,品安,41,4,37,富邦-高雄,2024-05-27,9659
3498,陽程,92,55,37,富邦-高雄,2024-05-27,9659
2610,華航,90,53,37,富邦-高雄,2024-05-27,9659
00712,復華富時不動產,32,0,32,富邦-高雄,2024-05-27,9659
4142,國光生,64,33,31,富邦-高雄,2024-05-27,9659
3231,緯創,78,47,31,富邦-高雄,2024-05-27,9659
2017,官田鋼,30,0,30,富邦-高雄,2024-05-27,9659
3209,全科,30,0,30,富邦-高雄,2024-05-27,9659
1101,台泥,37,9,28,富邦-高雄,2024-05-27,9659
2453,凌群,41,13,28,富邦-高雄,2024-05-27,9659
6770,力積電,32,5,27,富邦-高雄,2024-05-27,9659
4576,大銀微系統,26,0,26,富邦-高雄,2024-05-27,9659
4973,廣穎,27,2,25,富邦-高雄,2024-05-27,9659
6189,豐藝,57,32,25,富邦-高雄,2024-05-27,9659
00753L,中信中國50正2,40,15,25,富邦-高雄,2024-05-27,9659
00933B,國泰10Y+金融債,33,10,23,富邦-高雄,2024-05-27,9659
2330,台積電,25,3,22,富邦-高雄,2024-05-27,9659
5474,聰泰,26,5,21,富邦-高雄,2024-05-27,9659
00637L,元大滬深300正2,21,1,20,富邦-高雄,2024-05-27,9659
6579,研揚,21,2,19,富邦-高雄,2024-05-27,9659
5609,中菲行,20,1,19,富邦-高雄,2024-05-27,9659
3013,晟銘電,88,70,18,富邦-高雄,2024-05-27,9659
00632R,元大台灣50反1,1551,20,1531,富邦-高雄,2024-05-28,9659
00937B,群益ESG投等債20,578,77,501,富邦-高雄,2024-05-28,9659
00679B,元大美債20年,194,9,185,富邦-高雄,2024-05-28,9659
2610,華航,264,114,150,富邦-高雄,2024-05-28,9659
2891,中信金,119,1,118,富邦-高雄,2024-05-28,9659
00918,大華優利高填息30,109,0,109,富邦-高雄,2024-05-28,9659
2501,國建,109,5,104,富邦-高雄,2024-05-28,9659
2883,凱基金,118,21,97,富邦-高雄,2024-05-28,9659
9902,台火,80,1,79,富邦-高雄,2024-05-28,9659
5498,凱崴,81,5,76,富邦-高雄,2024-05-28,9659
00929,復華台灣科技優息,178,104,74,富邦-高雄,2024-05-28,9659
8234,新漢,90,16,74,富邦-高雄,2024-05-28,9659
4306,炎洲,61,1,60,富邦-高雄,2024-05-28,9659
00933B,國泰10Y+金融債,66,7,59,富邦-高雄,2024-05-28,9659
6005,群益證,50,0,50,富邦-高雄,2024-05-28,9659
3013,晟銘電,93,44,49,富邦-高雄,2024-05-28,9659
00712,復華富時不動產,74,25,49,富邦-高雄,2024-05-28,9659
2354,鴻準,396,348,48,富邦-高雄,2024-05-28,9659
2340,台亞,44,1,43,富邦-高雄,2024-05-28,9659
2880,華南金,57,15,42,富邦-高雄,2024-05-28,9659
00665L,富邦�琤肭磪囓�2,58,16,42,富邦-高雄,2024-05-28,9659
00905,FT臺灣Smart,46,5,41,富邦-高雄,2024-05-28,9659
3287,廣寰科,41,0,41,富邦-高雄,2024-05-28,9659
2481,強茂,62,22,40,富邦-高雄,2024-05-28,9659
4576,大銀微系統,64,24,40,富邦-高雄,2024-05-28,9659
1531,高林股,40,0,40,富邦-高雄,2024-05-28,9659
2349,錸德,46,6,40,富邦-高雄,2024-05-28,9659
2241,艾姆勒,63,25,38,富邦-高雄,2024-05-28,9659
3028,增你強,36,0,36,富邦-高雄,2024-05-28,9659
2301,光寶科,47,11,36,富邦-高雄,2024-05-28,9659
6207,雷科,78,43,35,富邦-高雄,2024-05-28,9659
8028,昇陽半導體,63,29,34,富邦-高雄,2024-05-28,9659
3305,昇貿,34,0,34,富邦-高雄,2024-05-28,9659
2392,正崴,36,4,32,富邦-高雄,2024-05-28,9659
2867,三商壽,108,78,30,富邦-高雄,2024-05-28,9659
8088,品安,29,0,29,富邦-高雄,2024-05-28,9659
5236,凌陽創新,27,0,27,富邦-高雄,2024-05-28,9659
8027,鈦昇,48,21,27,富邦-高雄,2024-05-28,9659
4543,萬在,74,48,26,富邦-高雄,2024-05-28,9659
00946,群益科技高息成長,30,4,26,富邦-高雄,2024-05-28,9659
9105,泰金寶-DR,122,96,26,富邦-高雄,2024-05-28,9659
5519,隆大,26,0,26,富邦-高雄,2024-05-28,9659
3035,智原,70,44,26,富邦-高雄,2024-05-28,9659
2324,仁寶,45,20,25,富邦-高雄,2024-05-28,9659
2449,京元電子,33,8,25,富邦-高雄,2024-05-28,9659
00650L,復華香港正2,25,0,25,富邦-高雄,2024-05-28,9659
00725B,國泰投資級公司債,26,3,23,富邦-高雄,2024-05-28,9659
1785,光洋科,34,11,23,富邦-高雄,2024-05-28,9659
00919,群益台灣精選高息,70,47,23,富邦-高雄,2024-05-28,9659
6288,聯嘉,27,5,22,富邦-高雄,2024-05-28,9659
00937B,群益ESG投等債20,1393,49,1344,富邦-高雄,2024-05-29,9659
8234,新漢,417,7,410,富邦-高雄,2024-05-29,9659
00680L,元大美債20正2,345,20,325,富邦-高雄,2024-05-29,9659
00679B,元大美債20年,296,14,282,富邦-高雄,2024-05-29,9659
00857B,永豐20年美公債,245,1,244,富邦-高雄,2024-05-29,9659
00931B,統一美債20年,242,0,242,富邦-高雄,2024-05-29,9659
6005,群益證,182,21,161,富邦-高雄,2024-05-29,9659
2303,聯電,183,38,145,富邦-高雄,2024-05-29,9659
2489,瑞軒,262,148,114,富邦-高雄,2024-05-29,9659
3045,台灣大,113,0,113,富邦-高雄,2024-05-29,9659
3260,威剛,113,10,103,富邦-高雄,2024-05-29,9659
2425,承啟,101,2,99,富邦-高雄,2024-05-29,9659
2891,中信金,108,10,98,富邦-高雄,2024-05-29,9659
3380,明泰,112,17,95,富邦-高雄,2024-05-29,9659
00751B,元大AAA至A公司債,99,5,94,富邦-高雄,2024-05-29,9659
00688L,國泰20年美債正2,87,0,87,富邦-高雄,2024-05-29,9659
6215,和椿,86,5,81,富邦-高雄,2024-05-29,9659
4306,炎洲,90,10,80,富邦-高雄,2024-05-29,9659
8016,矽創,78,0,78,富邦-高雄,2024-05-29,9659
00687B,國泰20年美債,78,1,77,富邦-高雄,2024-05-29,9659
2881,富邦金,77,1,76,富邦-高雄,2024-05-29,9659
00940,元大台灣價值高息,155,80,75,富邦-高雄,2024-05-29,9659
2634,漢翔,74,2,72,富邦-高雄,2024-05-29,9659
6125,廣運,319,252,67,富邦-高雄,2024-05-29,9659
2882,國泰金,70,4,66,富邦-高雄,2024-05-29,9659
2892,第一金,79,15,64,富邦-高雄,2024-05-29,9659
2354,鴻準,230,170,60,富邦-高雄,2024-05-29,9659
6449,鈺邦,60,1,59,富邦-高雄,2024-05-29,9659
1414,東和,55,0,55,富邦-高雄,2024-05-29,9659
6189,豐藝,88,35,53,富邦-高雄,2024-05-29,9659
2609,陽明,103,52,51,富邦-高雄,2024-05-29,9659
2317,鴻海,109,59,50,富邦-高雄,2024-05-29,9659
3031,佰鴻,50,0,50,富邦-高雄,2024-05-29,9659
00904,新光臺灣半導體30,50,0,50,富邦-高雄,2024-05-29,9659
2464,盟立,111,64,47,富邦-高雄,2024-05-29,9659
2611,志信,63,16,47,富邦-高雄,2024-05-29,9659
2002,中鋼,66,20,46,富邦-高雄,2024-05-29,9659
00933B,國泰10Y+金融債,46,1,45,富邦-高雄,2024-05-29,9659
00946,群益科技高息成長,43,0,43,富邦-高雄,2024-05-29,9659
2509,全坤建,43,0,43,富邦-高雄,2024-05-29,9659
2340,台亞,44,1,43,富邦-高雄,2024-05-29,9659
2353,宏��,148,107,41,富邦-高雄,2024-05-29,9659
4968,立積,101,60,41,富邦-高雄,2024-05-29,9659
2363,矽統,64,23,41,富邦-高雄,2024-05-29,9659
6239,力成,88,47,41,富邦-高雄,2024-05-29,9659
2886,兆豐金,46,6,40,富邦-高雄,2024-05-29,9659
2495,普安,134,95,39,富邦-高雄,2024-05-29,9659
9945,潤泰新,44,5,39,富邦-高雄,2024-05-29,9659
00918,大華優利高填息30,38,0,38,富邦-高雄,2024-05-29,9659
1314,中石化,43,6,37,富邦-高雄,2024-05-29,9659
00937B,群益ESG投等債20,405,24,381,富邦-高雄,2024-05-30,9659
00680L,元大美債20正2,249,11,238,富邦-高雄,2024-05-30,9659
00688L,國泰20年美債正2,106,0,106,富邦-高雄,2024-05-30,9659
5230,雷笛克光學,122,21,101,富邦-高雄,2024-05-30,9659
00878,國泰永續高股息,100,3,97,富邦-高雄,2024-05-30,9659
2881,富邦金,110,16,94,富邦-高雄,2024-05-30,9659
2486,一詮,168,83,85,富邦-高雄,2024-05-30,9659
2605,新興,169,87,82,富邦-高雄,2024-05-30,9659
2834,臺企銀,93,12,81,富邦-高雄,2024-05-30,9659
2002,中鋼,82,2,80,富邦-高雄,2024-05-30,9659
2891,中信金,87,11,76,富邦-高雄,2024-05-30,9659
2883,凱基金,78,5,73,富邦-高雄,2024-05-30,9659
00687B,國泰20年美債,73,4,69,富邦-高雄,2024-05-30,9659
2867,三商壽,79,11,68,富邦-高雄,2024-05-30,9659
2324,仁寶,66,4,62,富邦-高雄,2024-05-30,9659
2365,昆盈,75,14,61,富邦-高雄,2024-05-30,9659
00919,群益台灣精選高息,90,32,58,富邦-高雄,2024-05-30,9659
2317,鴻海,102,45,57,富邦-高雄,2024-05-30,9659
00637L,元大滬深300正2,54,0,54,富邦-高雄,2024-05-30,9659
6005,群益證,61,10,51,富邦-高雄,2024-05-30,9659
6550,北極星藥業-KY,53,3,50,富邦-高雄,2024-05-30,9659
2618,長榮航,76,27,49,富邦-高雄,2024-05-30,9659
2515,中工,114,66,48,富邦-高雄,2024-05-30,9659
00944,野村趨勢動能高息,49,2,47,富邦-高雄,2024-05-30,9659
4157,太景*-KY,50,4,46,富邦-高雄,2024-05-30,9659
2442,新美齊,45,0,45,富邦-高雄,2024-05-30,9659
5469,瀚宇博,45,1,44,富邦-高雄,2024-05-30,9659
00643,群益深証中小,44,0,44,富邦-高雄,2024-05-30,9659
2353,宏��,114,73,41,富邦-高雄,2024-05-30,9659
3338,泰碩,60,19,41,富邦-高雄,2024-05-30,9659
2889,國票金,40,0,40,富邦-高雄,2024-05-30,9659
8107,大億金茂,40,0,40,富邦-高雄,2024-05-30,9659
6269,台郡,40,1,39,富邦-高雄,2024-05-30,9659
1303,南亞,42,4,38,富邦-高雄,2024-05-30,9659
2367,燿華,59,22,37,富邦-高雄,2024-05-30,9659
1444,力麗,50,15,35,富邦-高雄,2024-05-30,9659
2489,瑞軒,94,60,34,富邦-高雄,2024-05-30,9659
2613,中櫃,44,11,33,富邦-高雄,2024-05-30,9659
2363,矽統,61,29,32,富邦-高雄,2024-05-30,9659
4908,前鼎,31,0,31,富邦-高雄,2024-05-30,9659
2886,兆豐金,42,11,31,富邦-高雄,2024-05-30,9659
00712,復華富時不動產,53,23,30,富邦-高雄,2024-05-30,9659
8213,志超,30,0,30,富邦-高雄,2024-05-30,9659
4967,十銓,92,62,30,富邦-高雄,2024-05-30,9659
3312,弘憶股,72,42,30,富邦-高雄,2024-05-30,9659
1473,台南,37,9,28,富邦-高雄,2024-05-30,9659
2301,光寶科,41,14,27,富邦-高雄,2024-05-30,9659
00751B,元大AAA至A公司債,27,0,27,富邦-高雄,2024-05-30,9659
2603,長榮,196,169,27,富邦-高雄,2024-05-30,9659
2892,第一金,30,3,27,富邦-高雄,2024-05-30,9659
00929,復華台灣科技優息,564,20,544,富邦-高雄,2024-05-31,9659
1409,新纖,200,16,184,富邦-高雄,2024-05-31,9659
2609,陽明,461,310,151,富邦-高雄,2024-05-31,9659
00919,群益台灣精選高息,181,38,143,富邦-高雄,2024-05-31,9659
00940,元大台灣價值高息,170,35,135,富邦-高雄,2024-05-31,9659
2464,盟立,163,48,115,富邦-高雄,2024-05-31,9659
6188,廣明,267,164,103,富邦-高雄,2024-05-31,9659
00904,新光臺灣半導體30,100,0,100,富邦-高雄,2024-05-31,9659
2882,國泰金,136,39,97,富邦-高雄,2024-05-31,9659
2353,宏��,112,29,83,富邦-高雄,2024-05-31,9659
00878,國泰永續高股息,95,14,81,富邦-高雄,2024-05-31,9659
2317,鴻海,137,57,80,富邦-高雄,2024-05-31,9659
2887,台新金,77,3,74,富邦-高雄,2024-05-31,9659
2002,中鋼,72,1,71,富邦-高雄,2024-05-31,9659
2883,凱基金,101,33,68,富邦-高雄,2024-05-31,9659
2514,龍邦,62,0,62,富邦-高雄,2024-05-31,9659
1815,富喬,610,553,57,富邦-高雄,2024-05-31,9659
2303,聯電,85,28,57,富邦-高雄,2024-05-31,9659
2367,燿華,114,62,52,富邦-高雄,2024-05-31,9659
6005,群益證,71,20,51,富邦-高雄,2024-05-31,9659
5426,振發,57,7,50,富邦-高雄,2024-05-31,9659
00946,群益科技高息成長,47,1,46,富邦-高雄,2024-05-31,9659
00927,群益半導體收益,45,0,45,富邦-高雄,2024-05-31,9659
3231,緯創,75,32,43,富邦-高雄,2024-05-31,9659
6505,台塑化,42,0,42,富邦-高雄,2024-05-31,9659
3033,威健,48,6,42,富邦-高雄,2024-05-31,9659
2634,漢翔,44,2,42,富邦-高雄,2024-05-31,9659
2886,兆豐金,43,1,42,富邦-高雄,2024-05-31,9659
2382,廣達,45,4,41,富邦-高雄,2024-05-31,9659
3312,弘憶股,128,92,36,富邦-高雄,2024-05-31,9659
2405,輔信,79,46,33,富邦-高雄,2024-05-31,9659
5880,合庫金,35,2,33,富邦-高雄,2024-05-31,9659
006205,富邦上証,31,0,31,富邦-高雄,2024-05-31,9659
1473,台南,36,5,31,富邦-高雄,2024-05-31,9659
8064,東捷,40,10,30,富邦-高雄,2024-05-31,9659
00753L,中信中國50正2,30,0,30,富邦-高雄,2024-05-31,9659
2527,宏璟,32,4,28,富邦-高雄,2024-05-31,9659
00918,大華優利高填息30,29,2,27,富邦-高雄,2024-05-31,9659
1447,力鵬,27,0,27,富邦-高雄,2024-05-31,9659
4303,信立,31,5,26,富邦-高雄,2024-05-31,9659
2834,臺企銀,23,0,23,富邦-高雄,2024-05-31,9659
00882,中信中國高股息,24,1,23,富邦-高雄,2024-05-31,9659
2324,仁寶,36,13,23,富邦-高雄,2024-05-31,9659
6180,橘子,22,0,22,富邦-高雄,2024-05-31,9659
00715L,期街口布蘭特正2,22,0,22,富邦-高雄,2024-05-31,9659
2836,高雄銀,22,0,22,富邦-高雄,2024-05-31,9659
2330,台積電,27,5,22,富邦-高雄,2024-05-31,9659
2352,佳世達,32,10,22,富邦-高雄,2024-05-31,9659
3055,蔚華科,48,26,22,富邦-高雄,2024-05-31,9659
00939,統一台灣高息動能,31,10,21,富邦-高雄,2024-05-31,9659
3047,訊舟,370,13,357,富邦-高雄,2024-06-03,9659
00919,群益台灣精選高息,259,28,231,富邦-高雄,2024-06-03,9659
00885,富邦越南,202,34,168,富邦-高雄,2024-06-03,9659
00680L,元大美債20正2,175,7,168,富邦-高雄,2024-06-03,9659
00632R,元大台灣50反1,314,153,161,富邦-高雄,2024-06-03,9659
4157,太景*-KY,150,0,150,富邦-高雄,2024-06-03,9659
00918,大華優利高填息30,128,0,128,富邦-高雄,2024-06-03,9659
6770,力積電,141,17,124,富邦-高雄,2024-06-03,9659
2610,華航,121,1,120,富邦-高雄,2024-06-03,9659
2867,三商壽,169,55,114,富邦-高雄,2024-06-03,9659
5522,遠雄,114,4,110,富邦-高雄,2024-06-03,9659
2886,兆豐金,104,1,103,富邦-高雄,2024-06-03,9659
00935,野村臺灣新科技50,91,0,91,富邦-高雄,2024-06-03,9659
2353,宏��,124,37,87,富邦-高雄,2024-06-03,9659
2891,中信金,117,50,67,富邦-高雄,2024-06-03,9659
3024,憶聲,106,40,66,富邦-高雄,2024-06-03,9659
1815,富喬,209,144,65,富邦-高雄,2024-06-03,9659
1473,台南,65,1,64,富邦-高雄,2024-06-03,9659
2303,聯電,76,21,55,富邦-高雄,2024-06-03,9659
00933B,國泰10Y+金融債,73,19,54,富邦-高雄,2024-06-03,9659
00946,群益科技高息成長,59,6,53,富邦-高雄,2024-06-03,9659
1225,福懋油,60,8,52,富邦-高雄,2024-06-03,9659
2317,鴻海,86,35,51,富邦-高雄,2024-06-03,9659
2889,國票金,51,0,51,富邦-高雄,2024-06-03,9659
5426,振發,85,34,51,富邦-高雄,2024-06-03,9659
8234,新漢,50,2,48,富邦-高雄,2024-06-03,9659
2312,金寶,108,62,46,富邦-高雄,2024-06-03,9659
2618,長榮航,57,12,45,富邦-高雄,2024-06-03,9659
00665L,富邦�琤肭磪囓�2,54,10,44,富邦-高雄,2024-06-03,9659
00637L,元大滬深300正2,84,40,44,富邦-高雄,2024-06-03,9659
2331,精英,50,6,44,富邦-高雄,2024-06-03,9659
3694,海華,47,4,43,富邦-高雄,2024-06-03,9659
2399,映泰,44,2,42,富邦-高雄,2024-06-03,9659
00891,中信關鍵半導體,43,2,41,富邦-高雄,2024-06-03,9659
3712,永崴投控,41,0,41,富邦-高雄,2024-06-03,9659
00715L,期街口布蘭特正2,45,5,40,富邦-高雄,2024-06-03,9659
1321,大洋,37,0,37,富邦-高雄,2024-06-03,9659
2354,鴻準,120,83,37,富邦-高雄,2024-06-03,9659
00687B,國泰20年美債,67,32,35,富邦-高雄,2024-06-03,9659
8110,華東,33,2,31,富邦-高雄,2024-06-03,9659
2615,萬海,137,107,30,富邦-高雄,2024-06-03,9659
2324,仁寶,47,17,30,富邦-高雄,2024-06-03,9659
00772B,中信高評級公司債,29,0,29,富邦-高雄,2024-06-03,9659
2356,英業達,66,37,29,富邦-高雄,2024-06-03,9659
2520,冠德,32,4,28,富邦-高雄,2024-06-03,9659
2641,正德,39,11,28,富邦-高雄,2024-06-03,9659
2417,圓剛,37,11,26,富邦-高雄,2024-06-03,9659
00753L,中信中國50正2,25,0,25,富邦-高雄,2024-06-03,9659
2101,南港,32,7,25,富邦-高雄,2024-06-03,9659
2002,中鋼,58,34,24,富邦-高雄,2024-06-03,9659
00929,復華台灣科技優息,445,10,435,富邦-高雄,2024-06-04,9659
2344,華邦電,355,3,352,富邦-高雄,2024-06-04,9659
2888,新光金,321,42,279,富邦-高雄,2024-06-04,9659
2324,仁寶,247,42,205,富邦-高雄,2024-06-04,9659
00918,大華優利高填息30,167,0,167,富邦-高雄,2024-06-04,9659
4967,十銓,440,282,158,富邦-高雄,2024-06-04,9659
00919,群益台灣精選高息,172,34,138,富邦-高雄,2024-06-04,9659
2317,鴻海,109,16,93,富邦-高雄,2024-06-04,9659
2303,聯電,128,38,90,富邦-高雄,2024-06-04,9659
00936,台新永續高息中小,92,3,89,富邦-高雄,2024-06-04,9659
2312,金寶,160,76,84,富邦-高雄,2024-06-04,9659
00878,國泰永續高股息,89,10,79,富邦-高雄,2024-06-04,9659
3033,威健,68,2,66,富邦-高雄,2024-06-04,9659
2002,中鋼,82,16,66,富邦-高雄,2024-06-04,9659
2328,廣宇,104,43,61,富邦-高雄,2024-06-04,9659
00915,凱基優選高股息30,60,0,60,富邦-高雄,2024-06-04,9659
2331,精英,272,220,52,富邦-高雄,2024-06-04,9659
1326,台化,51,1,50,富邦-高雄,2024-06-04,9659
6538,倉和,50,6,44,富邦-高雄,2024-06-04,9659
2323,中環,53,10,43,富邦-高雄,2024-06-04,9659
1524,耿鼎,177,135,42,富邦-高雄,2024-06-04,9659
00715L,期街口布蘭特正2,52,13,39,富邦-高雄,2024-06-04,9659
3231,緯創,42,6,36,富邦-高雄,2024-06-04,9659
2329,華泰,95,59,36,富邦-高雄,2024-06-04,9659
5426,振發,63,28,35,富邦-高雄,2024-06-04,9659
2241,艾姆勒,39,6,33,富邦-高雄,2024-06-04,9659
6125,廣運,296,263,33,富邦-高雄,2024-06-04,9659
2228,劍麟,32,0,32,富邦-高雄,2024-06-04,9659
2610,華航,68,37,31,富邦-高雄,2024-06-04,9659
2017,官田鋼,31,0,31,富邦-高雄,2024-06-04,9659
8938,明安,31,0,31,富邦-高雄,2024-06-04,9659
1301,台塑,32,2,30,富邦-高雄,2024-06-04,9659
2886,兆豐金,39,9,30,富邦-高雄,2024-06-04,9659
00713,元大台灣高息低波,31,1,30,富邦-高雄,2024-06-04,9659
2367,燿華,92,63,29,富邦-高雄,2024-06-04,9659
1303,南亞,32,3,29,富邦-高雄,2024-06-04,9659
2353,宏��,51,25,26,富邦-高雄,2024-06-04,9659
2617,台航,30,4,26,富邦-高雄,2024-06-04,9659
4938,和碩,52,26,26,富邦-高雄,2024-06-04,9659
2363,矽統,42,17,25,富邦-高雄,2024-06-04,9659
2881,富邦金,34,9,25,富邦-高雄,2024-06-04,9659
00935,野村臺灣新科技50,25,0,25,富邦-高雄,2024-06-04,9659
2356,英業達,27,3,24,富邦-高雄,2024-06-04,9659
3060,銘異,35,11,24,富邦-高雄,2024-06-04,9659
2547,日勝生,24,0,24,富邦-高雄,2024-06-04,9659
2464,盟立,71,48,23,富邦-高雄,2024-06-04,9659
1110,東泥,23,0,23,富邦-高雄,2024-06-04,9659
6117,迎廣,63,41,22,富邦-高雄,2024-06-04,9659
1563,巧新,23,1,22,富邦-高雄,2024-06-04,9659
2402,毅嘉,26,4,22,富邦-高雄,2024-06-04,9659
00929,復華台灣科技優息,457,71,386,富邦-高雄,2024-06-05,9659
00878,國泰永續高股息,168,5,163,富邦-高雄,2024-06-05,9659
00857B,永豐20年美公債,165,13,152,富邦-高雄,2024-06-05,9659
00936,台新永續高息中小,158,30,128,富邦-高雄,2024-06-05,9659
2399,映泰,102,2,100,富邦-高雄,2024-06-05,9659
4108,懷特,90,0,90,富邦-高雄,2024-06-05,9659
00715L,期街口布蘭特正2,87,0,87,富邦-高雄,2024-06-05,9659
2603,長榮,177,102,75,富邦-高雄,2024-06-05,9659
2888,新光金,91,17,74,富邦-高雄,2024-06-05,9659
8121,越峰,75,3,72,富邦-高雄,2024-06-05,9659
2537,聯上發,106,36,70,富邦-高雄,2024-06-05,9659
2331,精英,87,18,69,富邦-高雄,2024-06-05,9659
00919,群益台灣精選高息,104,35,69,富邦-高雄,2024-06-05,9659
2417,圓剛,72,10,62,富邦-高雄,2024-06-05,9659
00918,大華優利高填息30,56,0,56,富邦-高雄,2024-06-05,9659
3038,全台,51,0,51,富邦-高雄,2024-06-05,9659
2867,三商壽,54,5,49,富邦-高雄,2024-06-05,9659
3048,益登,88,43,45,富邦-高雄,2024-06-05,9659
00942B,台新美A公司債20+,48,6,42,富邦-高雄,2024-06-05,9659
2105,正新,44,3,41,富邦-高雄,2024-06-05,9659
6207,雷科,43,3,40,富邦-高雄,2024-06-05,9659
2002,中鋼,50,11,39,富邦-高雄,2024-06-05,9659
2324,仁寶,41,3,38,富邦-高雄,2024-06-05,9659
2605,新興,90,56,34,富邦-高雄,2024-06-05,9659
3540,曜越,52,19,33,富邦-高雄,2024-06-05,9659
2882,國泰金,43,11,32,富邦-高雄,2024-06-05,9659
3564,其陽,68,37,31,富邦-高雄,2024-06-05,9659
9934,成霖,30,1,29,富邦-高雄,2024-06-05,9659
3712,永崴投控,26,0,26,富邦-高雄,2024-06-05,9659
2363,矽統,34,8,26,富邦-高雄,2024-06-05,9659
3231,緯創,31,5,26,富邦-高雄,2024-06-05,9659
2353,宏��,41,16,25,富邦-高雄,2024-06-05,9659
2301,光寶科,27,3,24,富邦-高雄,2024-06-05,9659
8234,新漢,27,3,24,富邦-高雄,2024-06-05,9659
2892,第一金,27,4,23,富邦-高雄,2024-06-05,9659
2465,麗臺,39,16,23,富邦-高雄,2024-06-05,9659
6166,凌華,23,0,23,富邦-高雄,2024-06-05,9659
2014,中鴻,22,0,22,富邦-高雄,2024-06-05,9659
3380,明泰,44,22,22,富邦-高雄,2024-06-05,9659
00652,富邦印度,22,1,21,富邦-高雄,2024-06-05,9659
3013,晟銘電,77,56,21,富邦-高雄,2024-06-05,9659
3481,群創,32,11,21,富邦-高雄,2024-06-05,9659
8087,麗升能源,20,0,20,富邦-高雄,2024-06-05,9659
6456,GIS-KY,20,0,20,富邦-高雄,2024-06-05,9659
1301,台塑,32,13,19,富邦-高雄,2024-06-05,9659
2356,英業達,22,3,19,富邦-高雄,2024-06-05,9659
5608,四維航,46,27,19,富邦-高雄,2024-06-05,9659
2201,裕隆,23,4,19,富邦-高雄,2024-06-05,9659
2344,華邦電,60,41,19,富邦-高雄,2024-06-05,9659
00939,統一台灣高息動能,18,0,18,富邦-高雄,2024-06-05,9659
00632R,元大台灣50反1,508,100,408,富邦-高雄,2024-06-06,9659
00936,台新永續高息中小,250,5,245,富邦-高雄,2024-06-06,9659
00918,大華優利高填息30,137,0,137,富邦-高雄,2024-06-06,9659
2331,精英,137,13,124,富邦-高雄,2024-06-06,9659
2312,金寶,175,56,119,富邦-高雄,2024-06-06,9659
2323,中環,112,0,112,富邦-高雄,2024-06-06,9659
2208,台船,118,6,112,富邦-高雄,2024-06-06,9659
00929,復華台灣科技優息,120,26,94,富邦-高雄,2024-06-06,9659
4714,永捷,82,2,80,富邦-高雄,2024-06-06,9659
2354,鴻準,107,29,78,富邦-高雄,2024-06-06,9659
1414,東和,77,0,77,富邦-高雄,2024-06-06,9659
2002,中鋼,79,14,65,富邦-高雄,2024-06-06,9659
3380,明泰,70,8,62,富邦-高雄,2024-06-06,9659
3481,群創,86,24,62,富邦-高雄,2024-06-06,9659
1440,南紡,53,0,53,富邦-高雄,2024-06-06,9659
00713,元大台灣高息低波,53,4,49,富邦-高雄,2024-06-06,9659
6207,雷科,62,13,49,富邦-高雄,2024-06-06,9659
2884,玉山金,57,8,49,富邦-高雄,2024-06-06,9659
6125,廣運,189,148,41,富邦-高雄,2024-06-06,9659
00687B,國泰20年美債,114,73,41,富邦-高雄,2024-06-06,9659
2014,中鴻,40,0,40,富邦-高雄,2024-06-06,9659
8087,麗升能源,40,0,40,富邦-高雄,2024-06-06,9659
1473,台南,41,2,39,富邦-高雄,2024-06-06,9659
1560,中砂,41,2,39,富邦-高雄,2024-06-06,9659
2888,新光金,53,15,38,富邦-高雄,2024-06-06,9659
5519,隆大,44,6,38,富邦-高雄,2024-06-06,9659
4951,精拓科,36,0,36,富邦-高雄,2024-06-06,9659
5880,合庫金,34,1,33,富邦-高雄,2024-06-06,9659
1314,中石化,33,1,32,富邦-高雄,2024-06-06,9659
2017,官田鋼,81,50,31,富邦-高雄,2024-06-06,9659
5607,遠雄港,30,0,30,富邦-高雄,2024-06-06,9659
4306,炎洲,30,0,30,富邦-高雄,2024-06-06,9659
3483,力致,38,10,28,富邦-高雄,2024-06-06,9659
5302,太欣,31,6,25,富邦-高雄,2024-06-06,9659
5609,中菲行,26,1,25,富邦-高雄,2024-06-06,9659
3048,益登,64,40,24,富邦-高雄,2024-06-06,9659
2427,三商電,34,10,24,富邦-高雄,2024-06-06,9659
00931B,統一美債20年,30,6,24,富邦-高雄,2024-06-06,9659
2641,正德,29,7,22,富邦-高雄,2024-06-06,9659
2524,京城,21,0,21,富邦-高雄,2024-06-06,9659
2611,志信,121,100,21,富邦-高雄,2024-06-06,9659
2101,南港,38,17,21,富邦-高雄,2024-06-06,9659
1608,華榮,22,2,20,富邦-高雄,2024-06-06,9659
2317,鴻海,137,117,20,富邦-高雄,2024-06-06,9659
6116,彩晶,44,25,19,富邦-高雄,2024-06-06,9659
6550,北極星藥業-KY,31,12,19,富邦-高雄,2024-06-06,9659
2426,鼎元,19,0,19,富邦-高雄,2024-06-06,9659
2609,陽明,344,326,18,富邦-高雄,2024-06-06,9659
2887,台新金,26,7,19,富邦-高雄,2024-06-06,9659
2390,云辰,22,4,18,富邦-高雄,2024-06-06,9659
00937B,群益ESG投等債20,794,39,755,富邦-高雄,2024-06-07,9659
1815,富喬,755,183,572,富邦-高雄,2024-06-07,9659
00936,台新永續高息中小,370,1,369,富邦-高雄,2024-06-07,9659
2312,金寶,500,140,360,富邦-高雄,2024-06-07,9659
00929,復華台灣科技優息,400,50,350,富邦-高雄,2024-06-07,9659
00632R,元大台灣50反1,400,100,300,富邦-高雄,2024-06-07,9659
00637L,元大滬深300正2,188,10,178,富邦-高雄,2024-06-07,9659
00918,大華優利高填息30,151,1,150,富邦-高雄,2024-06-07,9659
00687B,國泰20年美債,170,39,131,富邦-高雄,2024-06-07,9659
2449,京元電子,111,0,111,富邦-高雄,2024-06-07,9659
2105,正新,103,0,103,富邦-高雄,2024-06-07,9659
6026,福邦證,100,1,99,富邦-高雄,2024-06-07,9659
3481,群創,88,2,86,富邦-高雄,2024-06-07,9659
1609,大亞,108,29,79,富邦-高雄,2024-06-07,9659
00712,復華富時不動產,73,2,71,富邦-高雄,2024-06-07,9659
00933B,國泰10Y+金融債,85,16,69,富邦-高雄,2024-06-07,9659
4306,炎洲,136,70,66,富邦-高雄,2024-06-07,9659
00679B,元大美債20年,70,5,65,富邦-高雄,2024-06-07,9659
2371,大同,71,20,51,富邦-高雄,2024-06-07,9659
1452,宏益,50,0,50,富邦-高雄,2024-06-07,9659
3231,緯創,98,53,45,富邦-高雄,2024-06-07,9659
3260,威剛,51,7,44,富邦-高雄,2024-06-07,9659
2641,正德,109,65,44,富邦-高雄,2024-06-07,9659
2486,一詮,296,253,43,富邦-高雄,2024-06-07,9659
2511,太子,50,9,41,富邦-高雄,2024-06-07,9659
00713,元大台灣高息低波,46,5,41,富邦-高雄,2024-06-07,9659
2603,長榮,84,44,40,富邦-高雄,2024-06-07,9659
2897,王道銀行,42,3,39,富邦-高雄,2024-06-07,9659
2382,廣達,39,1,38,富邦-高雄,2024-06-07,9659
4566,時碩工業,71,34,37,富邦-高雄,2024-06-07,9659
2520,冠德,72,39,33,富邦-高雄,2024-06-07,9659
2352,佳世達,35,2,33,富邦-高雄,2024-06-07,9659
5302,太欣,34,1,33,富邦-高雄,2024-06-07,9659
2615,萬海,182,150,32,富邦-高雄,2024-06-07,9659
2317,鴻海,48,16,32,富邦-高雄,2024-06-07,9659
00688L,國泰20年美債正2,32,0,32,富邦-高雄,2024-06-07,9659
2330,台積電,46,14,32,富邦-高雄,2024-06-07,9659
00942B,台新美A公司債20+,31,0,31,富邦-高雄,2024-06-07,9659
00878,國泰永續高股息,32,4,28,富邦-高雄,2024-06-07,9659
4562,穎漢,52,26,26,富邦-高雄,2024-06-07,9659
2367,燿華,69,45,24,富邦-高雄,2024-06-07,9659
00665L,富邦�琤肭磪囓�2,32,8,24,富邦-高雄,2024-06-07,9659
2331,精英,27,4,23,富邦-高雄,2024-06-07,9659
8033,雷虎,23,0,23,富邦-高雄,2024-06-07,9659
1532,勤美,33,11,22,富邦-高雄,2024-06-07,9659
2886,兆豐金,34,12,22,富邦-高雄,2024-06-07,9659
00752,中信中國50,21,0,21,富邦-高雄,2024-06-07,9659
9105,泰金寶-DR,1168,1147,21,富邦-高雄,2024-06-07,9659
1414,東和,24,3,21,富邦-高雄,2024-06-07,9659
2376,技嘉,29,8,21,富邦-高雄,2024-06-07,9659
00632R,元大台灣50反1,400,111,289,富邦-高雄,2024-06-11,9659
00918,大華優利高填息30,234,0,234,富邦-高雄,2024-06-11,9659
00919,群益台灣精選高息,273,57,216,富邦-高雄,2024-06-11,9659
00929,復華台灣科技優息,250,61,189,富邦-高雄,2024-06-11,9659
00680L,元大美債20正2,212,32,180,富邦-高雄,2024-06-11,9659
00637L,元大滬深300正2,181,8,173,富邦-高雄,2024-06-11,9659
3481,群創,159,3,156,富邦-高雄,2024-06-11,9659
00679B,元大美債20年,155,4,151,富邦-高雄,2024-06-11,9659
00936,台新永續高息中小,145,3,142,富邦-高雄,2024-06-11,9659
2002,中鋼,141,8,133,富邦-高雄,2024-06-11,9659
2641,正德,223,111,112,富邦-高雄,2024-06-11,9659
00942B,台新美A公司債20+,108,0,108,富邦-高雄,2024-06-11,9659
1414,東和,103,3,100,富邦-高雄,2024-06-11,9659
3122,笙泉,137,47,90,富邦-高雄,2024-06-11,9659
00933B,國泰10Y+金融債,73,0,73,富邦-高雄,2024-06-11,9659
6239,力成,63,4,59,富邦-高雄,2024-06-11,9659
1815,富喬,120,61,59,富邦-高雄,2024-06-11,9659
2486,一詮,240,187,53,富邦-高雄,2024-06-11,9659
2611,志信,53,2,51,富邦-高雄,2024-06-11,9659
1516,川飛,44,0,44,富邦-高雄,2024-06-11,9659
8089,康全電訊,55,13,42,富邦-高雄,2024-06-11,9659
2867,三商壽,96,55,41,富邦-高雄,2024-06-11,9659
2355,敬鵬,51,11,40,富邦-高雄,2024-06-11,9659
3038,全台,40,0,40,富邦-高雄,2024-06-11,9659
00673R,期元大S＆P原油反1,40,0,40,富邦-高雄,2024-06-11,9659
2834,臺企銀,39,1,38,富邦-高雄,2024-06-11,9659
00688L,國泰20年美債正2,38,0,38,富邦-高雄,2024-06-11,9659
00939,統一台灣高息動能,44,8,36,富邦-高雄,2024-06-11,9659
00878,國泰永續高股息,75,44,31,富邦-高雄,2024-06-11,9659
1504,東元,36,5,31,富邦-高雄,2024-06-11,9659
3260,威剛,36,5,31,富邦-高雄,2024-06-11,9659
2374,佳能,58,27,31,富邦-高雄,2024-06-11,9659
9904,寶成,33,3,30,富邦-高雄,2024-06-11,9659
2356,英業達,42,12,30,富邦-高雄,2024-06-11,9659
3363,上詮,53,24,29,富邦-高雄,2024-06-11,9659
2820,華票,30,1,29,富邦-高雄,2024-06-11,9659
2886,兆豐金,31,3,28,富邦-高雄,2024-06-11,9659
1608,華榮,60,34,26,富邦-高雄,2024-06-11,9659
00712,復華富時不動產,40,14,26,富邦-高雄,2024-06-11,9659
00915,凱基優選高股息30,33,7,26,富邦-高雄,2024-06-11,9659
1301,台塑,28,3,25,富邦-高雄,2024-06-11,9659
9105,泰金寶-DR,28,3,25,富邦-高雄,2024-06-11,9659
1802,台玻,25,1,24,富邦-高雄,2024-06-11,9659
4934,太極,24,0,24,富邦-高雄,2024-06-11,9659
1513,中興電,42,19,23,富邦-高雄,2024-06-11,9659
3694,海華,23,0,23,富邦-高雄,2024-06-11,9659
00795B,中信美國公債20年,22,0,22,富邦-高雄,2024-06-11,9659
00921,兆豐龍頭等權重,24,2,22,富邦-高雄,2024-06-11,9659
6026,福邦證,22,0,22,富邦-高雄,2024-06-11,9659
00720B,元大投資級公司債,61,40,21,富邦-高雄,2024-06-11,9659
00632R,元大台灣50反1,1172,54,1118,富邦-高雄,2024-06-12,9659
00948B,中信優息投資級債,288,0,288,富邦-高雄,2024-06-12,9659
2883,凱基金,255,35,220,富邦-高雄,2024-06-12,9659
00919,群益台灣精選高息,214,21,193,富邦-高雄,2024-06-12,9659
00947,台新臺灣IC設計,165,0,165,富邦-高雄,2024-06-12,9659
00918,大華優利高填息30,158,0,158,富邦-高雄,2024-06-12,9659
6005,群益證,147,4,143,富邦-高雄,2024-06-12,9659
4909,新復興,175,44,131,富邦-高雄,2024-06-12,9659
2834,臺企銀,99,1,98,富邦-高雄,2024-06-12,9659
00712,復華富時不動產,95,3,92,富邦-高雄,2024-06-12,9659
00937B,群益ESG投等債20,152,67,85,富邦-高雄,2024-06-12,9659
00637L,元大滬深300正2,78,0,78,富邦-高雄,2024-06-12,9659
00688L,國泰20年美債正2,67,5,62,富邦-高雄,2024-06-12,9659
2465,麗臺,62,4,58,富邦-高雄,2024-06-12,9659
2609,陽明,380,324,56,富邦-高雄,2024-06-12,9659
4967,十銓,93,38,55,富邦-高雄,2024-06-12,9659
00929,復華台灣科技優息,66,12,54,富邦-高雄,2024-06-12,9659
2303,聯電,61,8,53,富邦-高雄,2024-06-12,9659
1319,東陽,50,1,49,富邦-高雄,2024-06-12,9659
3481,群創,83,35,48,富邦-高雄,2024-06-12,9659
2617,台航,46,2,44,富邦-高雄,2024-06-12,9659
2881,富邦金,45,2,43,富邦-高雄,2024-06-12,9659
2356,英業達,62,20,42,富邦-高雄,2024-06-12,9659
5515,建國,40,0,40,富邦-高雄,2024-06-12,9659
00939,統一台灣高息動能,52,13,39,富邦-高雄,2024-06-12,9659
2371,大同,38,5,33,富邦-高雄,2024-06-12,9659
2897,王道銀行,52,20,32,富邦-高雄,2024-06-12,9659
00942B,台新美A公司債20+,32,1,31,富邦-高雄,2024-06-12,9659
3047,訊舟,82,54,28,富邦-高雄,2024-06-12,9659
00933B,國泰10Y+金融債,41,15,26,富邦-高雄,2024-06-12,9659
00679B,元大美債20年,28,6,22,富邦-高雄,2024-06-12,9659
2605,新興,43,22,21,富邦-高雄,2024-06-12,9659
2885,元大金,23,2,21,富邦-高雄,2024-06-12,9659
3141,晶宏,20,0,20,富邦-高雄,2024-06-12,9659
2409,友達,20,0,20,富邦-高雄,2024-06-12,9659
5880,合庫金,22,2,20,富邦-高雄,2024-06-12,9659
2002,中鋼,28,8,20,富邦-高雄,2024-06-12,9659
6213,聯茂,31,12,19,富邦-高雄,2024-06-12,9659
5905,南仁湖,22,3,19,富邦-高雄,2024-06-12,9659
00713,元大台灣高息低波,19,0,19,富邦-高雄,2024-06-12,9659
8110,華東,40,21,19,富邦-高雄,2024-06-12,9659
2354,鴻準,30,12,18,富邦-高雄,2024-06-12,9659
6890,來億-KY,29,11,18,富邦-高雄,2024-06-12,9659
2506,太設,17,0,17,富邦-高雄,2024-06-12,9659
1563,巧新,19,2,17,富邦-高雄,2024-06-12,9659
5512,力麒,18,1,17,富邦-高雄,2024-06-12,9659
00882,中信中國高股息,17,0,17,富邦-高雄,2024-06-12,9659
1503,士電,29,13,16,富邦-高雄,2024-06-12,9659
4306,炎洲,53,37,16,富邦-高雄,2024-06-12,9659
3231,緯創,69,53,16,富邦-高雄,2024-06-12,9659
00937B,群益ESG投等債20,331,85,246,富邦-高雄,2024-06-13,9659
2501,國建,218,19,199,富邦-高雄,2024-06-13,9659
2609,陽明,284,152,132,富邦-高雄,2024-06-13,9659
00946,群益科技高息成長,128,7,121,富邦-高雄,2024-06-13,9659
4967,十銓,203,104,99,富邦-高雄,2024-06-13,9659
1455,集盛,101,5,96,富邦-高雄,2024-06-13,9659
00948B,中信優息投資級債,92,0,92,富邦-高雄,2024-06-13,9659
00918,大華優利高填息30,76,2,74,富邦-高雄,2024-06-13,9659
2618,長榮航,100,31,69,富邦-高雄,2024-06-13,9659
00712,復華富時不動產,68,0,68,富邦-高雄,2024-06-13,9659
4157,太景*-KY,70,3,67,富邦-高雄,2024-06-13,9659
6140,訊達,60,0,60,富邦-高雄,2024-06-13,9659
1474,弘裕,58,0,58,富邦-高雄,2024-06-13,9659
2328,廣宇,60,4,56,富邦-高雄,2024-06-13,9659
00947,台新臺灣IC設計,53,0,53,富邦-高雄,2024-06-13,9659
9105,泰金寶-DR,101,48,53,富邦-高雄,2024-06-13,9659
2867,三商壽,81,29,52,富邦-高雄,2024-06-13,9659
4543,萬在,54,3,51,富邦-高雄,2024-06-13,9659
912000,晨訊科-DR,50,0,50,富邦-高雄,2024-06-13,9659
2002,中鋼,71,22,49,富邦-高雄,2024-06-13,9659
6197,佳必琪,52,7,45,富邦-高雄,2024-06-13,9659
9945,潤泰新,44,1,43,富邦-高雄,2024-06-13,9659
2603,長榮,135,93,42,富邦-高雄,2024-06-13,9659
00881,國泰台灣5G+,45,4,41,富邦-高雄,2024-06-13,9659
5263,智崴,63,22,41,富邦-高雄,2024-06-13,9659
1560,中砂,43,3,40,富邦-高雄,2024-06-13,9659
3432,台端,64,25,39,富邦-高雄,2024-06-13,9659
1101,台泥,44,7,37,富邦-高雄,2024-06-13,9659
8103,瀚荃,36,0,36,富邦-高雄,2024-06-13,9659
1229,聯華,35,1,34,富邦-高雄,2024-06-13,9659
6207,雷科,91,58,33,富邦-高雄,2024-06-13,9659
4903,聯光通,33,0,33,富邦-高雄,2024-06-13,9659
5512,力麒,32,1,31,富邦-高雄,2024-06-13,9659
3105,穩懋,57,26,31,富邦-高雄,2024-06-13,9659
2340,台亞,30,0,30,富邦-高雄,2024-06-13,9659
2327,國巨,31,2,29,富邦-高雄,2024-06-13,9659
6180,橘子,30,1,29,富邦-高雄,2024-06-13,9659
2637,慧洋-KY,29,1,28,富邦-高雄,2024-06-13,9659
2511,太子,30,2,28,富邦-高雄,2024-06-13,9659
2365,昆盈,46,19,27,富邦-高雄,2024-06-13,9659
6219,富旺,27,0,27,富邦-高雄,2024-06-13,9659
3703,欣陸,27,0,27,富邦-高雄,2024-06-13,9659
8147,正淩,28,1,27,富邦-高雄,2024-06-13,9659
00679B,元大美債20年,40,14,26,富邦-高雄,2024-06-13,9659
00751B,元大AAA至A公司債,53,27,26,富邦-高雄,2024-06-13,9659
2801,彰銀,26,1,25,富邦-高雄,2024-06-13,9659
2353,宏��,70,45,25,富邦-高雄,2024-06-13,9659
6274,台燿,28,3,25,富邦-高雄,2024-06-13,9659
6147,頎邦,31,6,25,富邦-高雄,2024-06-13,9659
2015,豐興,25,0,25,富邦-高雄,2024-06-13,9659
2371,大同,514,117,397,富邦-高雄,2024-06-14,9659
9105,泰金寶-DR,880,618,262,富邦-高雄,2024-06-14,9659
00948B,中信優息投資級債,251,10,241,富邦-高雄,2024-06-14,9659
00632R,元大台灣50反1,211,0,211,富邦-高雄,2024-06-14,9659
00857B,永豐20年美公債,154,10,144,富邦-高雄,2024-06-14,9659
00942B,台新美A公司債20+,127,1,126,富邦-高雄,2024-06-14,9659
1617,榮星,130,5,125,富邦-高雄,2024-06-14,9659
6120,達運,105,0,105,富邦-高雄,2024-06-14,9659
3535,晶彩科,91,0,91,富邦-高雄,2024-06-14,9659
00937B,群益ESG投等債20,280,190,90,富邦-高雄,2024-06-14,9659
00919,群益台灣精選高息,108,34,74,富邦-高雄,2024-06-14,9659
2486,一詮,119,46,73,富邦-高雄,2024-06-14,9659
1785,光洋科,83,19,64,富邦-高雄,2024-06-14,9659
00927,群益半導體收益,65,1,64,富邦-高雄,2024-06-14,9659
00947,台新臺灣IC設計,64,4,60,富邦-高雄,2024-06-14,9659
00918,大華優利高填息30,135,77,58,富邦-高雄,2024-06-14,9659
2002,中鋼,59,5,54,富邦-高雄,2024-06-14,9659
1101,台泥,68,13,55,富邦-高雄,2024-06-14,9659
2511,太子,53,0,53,富邦-高雄,2024-06-14,9659
1109,信大,50,0,50,富邦-高雄,2024-06-14,9659
3363,上詮,87,41,46,富邦-高雄,2024-06-14,9659
3481,群創,79,33,46,富邦-高雄,2024-06-14,9659
3450,聯鈞,60,15,45,富邦-高雄,2024-06-14,9659
00946,群益科技高息成長,46,1,45,富邦-高雄,2024-06-14,9659
2328,廣宇,54,10,44,富邦-高雄,2024-06-14,9659
2449,京元電子,65,23,42,富邦-高雄,2024-06-14,9659
2882,國泰金,45,4,41,富邦-高雄,2024-06-14,9659
6215,和椿,42,4,38,富邦-高雄,2024-06-14,9659
00679B,元大美債20年,73,36,37,富邦-高雄,2024-06-14,9659
2617,台航,43,6,37,富邦-高雄,2024-06-14,9659
00933B,國泰10Y+金融債,48,11,37,富邦-高雄,2024-06-14,9659
1609,大亞,129,93,36,富邦-高雄,2024-06-14,9659
2101,南港,36,0,36,富邦-高雄,2024-06-14,9659
2464,盟立,49,15,34,富邦-高雄,2024-06-14,9659
1103,嘉泥,33,0,33,富邦-高雄,2024-06-14,9659
00929,復華台灣科技優息,143,110,33,富邦-高雄,2024-06-14,9659
2344,華邦電,39,7,32,富邦-高雄,2024-06-14,9659
2330,台積電,39,8,31,富邦-高雄,2024-06-14,9659
00881,國泰台灣5G+,41,10,31,富邦-高雄,2024-06-14,9659
6125,廣運,41,10,31,富邦-高雄,2024-06-14,9659
2015,豐興,30,0,30,富邦-高雄,2024-06-14,9659
4938,和碩,64,36,28,富邦-高雄,2024-06-14,9659
00637L,元大滬深300正2,36,10,26,富邦-高雄,2024-06-14,9659
2027,大成鋼,27,2,25,富邦-高雄,2024-06-14,9659
4714,永捷,36,11,25,富邦-高雄,2024-06-14,9659
3040,遠見,25,0,25,富邦-高雄,2024-06-14,9659
1504,東元,45,21,24,富邦-高雄,2024-06-14,9659
2105,正新,23,0,23,富邦-高雄,2024-06-14,9659
2427,三商電,24,1,23,富邦-高雄,2024-06-14,9659
6770,力積電,29,6,23,富邦-高雄,2024-06-14,9659
00942B,台新美A公司債20+,346,0,346,富邦-高雄,2024-06-17,9659
2883B,凱基金乙特,300,0,300,富邦-高雄,2024-06-17,9659
2371,大同,593,350,243,富邦-高雄,2024-06-17,9659
00918,大華優利高填息30,246,11,235,富邦-高雄,2024-06-17,9659
00929,復華台灣科技優息,261,59,202,富邦-高雄,2024-06-17,9659
1582,信錦,249,62,187,富邦-高雄,2024-06-17,9659
00936,台新永續高息中小,313,132,181,富邦-高雄,2024-06-17,9659
00946,群益科技高息成長,120,5,115,富邦-高雄,2024-06-17,9659
4306,炎洲,95,1,94,富邦-高雄,2024-06-17,9659
2615,萬海,185,95,90,富邦-高雄,2024-06-17,9659
2312,金寶,140,53,87,富邦-高雄,2024-06-17,9659
2015,豐興,75,0,75,富邦-高雄,2024-06-17,9659
00933B,國泰10Y+金融債,80,5,75,富邦-高雄,2024-06-17,9659
1616,億泰,77,6,71,富邦-高雄,2024-06-17,9659
2501,國建,92,25,67,富邦-高雄,2024-06-17,9659
2888,新光金,72,17,55,富邦-高雄,2024-06-17,9659
8085,福華,92,42,50,富邦-高雄,2024-06-17,9659
6239,力成,51,3,48,富邦-高雄,2024-06-17,9659
1528,恩德,42,1,41,富邦-高雄,2024-06-17,9659
3432,台端,46,6,40,富邦-高雄,2024-06-17,9659
2609,陽明,127,90,37,富邦-高雄,2024-06-17,9659
00881,國泰台灣5G+,44,8,36,富邦-高雄,2024-06-17,9659
6770,力積電,124,89,35,富邦-高雄,2024-06-17,9659
6140,訊達,34,0,34,富邦-高雄,2024-06-17,9659
2017,官田鋼,49,16,33,富邦-高雄,2024-06-17,9659
3450,聯鈞,58,25,33,富邦-高雄,2024-06-17,9659
4534,慶騰,33,0,33,富邦-高雄,2024-06-17,9659
00795B,中信美國公債20年,34,2,32,富邦-高雄,2024-06-17,9659
3062,建漢,47,16,31,富邦-高雄,2024-06-17,9659
9919,康那香,199,168,31,富邦-高雄,2024-06-17,9659
1514,亞力,104,74,30,富邦-高雄,2024-06-17,9659
2881,富邦金,73,43,30,富邦-高雄,2024-06-17,9659
2515,中工,38,9,29,富邦-高雄,2024-06-17,9659
2882,國泰金,36,7,29,富邦-高雄,2024-06-17,9659
2349,錸德,30,2,28,富邦-高雄,2024-06-17,9659
00895,富邦未來車,29,1,28,富邦-高雄,2024-06-17,9659
00915,凱基優選高股息30,27,0,27,富邦-高雄,2024-06-17,9659
2801,彰銀,34,8,26,富邦-高雄,2024-06-17,9659
1513,中興電,70,45,25,富邦-高雄,2024-06-17,9659
00885,富邦越南,102,78,24,富邦-高雄,2024-06-17,9659
2331,精英,35,11,24,富邦-高雄,2024-06-17,9659
3712,永崴投控,26,2,24,富邦-高雄,2024-06-17,9659
2356,英業達,26,3,23,富邦-高雄,2024-06-17,9659
6538,倉和,23,0,23,富邦-高雄,2024-06-17,9659
2897,王道銀行,31,10,21,富邦-高雄,2024-06-17,9659
3005,神基,22,2,20,富邦-高雄,2024-06-17,9659
3029,零壹,24,4,20,富邦-高雄,2024-06-17,9659
00947,台新臺灣IC設計,20,1,19,富邦-高雄,2024-06-17,9659
00882,中信中國高股息,71,52,19,富邦-高雄,2024-06-17,9659
6546,正基,21,2,19,富邦-高雄,2024-06-17,9659
00632R,元大台灣50反1,1016,148,868,富邦-高雄,2024-06-18,9659
2501,國建,376,8,368,富邦-高雄,2024-06-18,9659
00937B,群益ESG投等債20,378,58,320,富邦-高雄,2024-06-18,9659
00936,台新永續高息中小,220,20,200,富邦-高雄,2024-06-18,9659
00946,群益科技高息成長,188,6,182,富邦-高雄,2024-06-18,9659
1473,台南,138,4,134,富邦-高雄,2024-06-18,9659
00720B,元大投資級公司債,130,6,124,富邦-高雄,2024-06-18,9659
00918,大華優利高填息30,111,16,95,富邦-高雄,2024-06-18,9659
00942B,台新美A公司債20+,92,0,92,富邦-高雄,2024-06-18,9659
00687B,國泰20年美債,102,12,90,富邦-高雄,2024-06-18,9659
2515,中工,106,17,89,富邦-高雄,2024-06-18,9659
00933B,國泰10Y+金融債,115,37,78,富邦-高雄,2024-06-18,9659
00713,元大台灣高息低波,73,2,71,富邦-高雄,2024-06-18,9659
3363,上詮,177,111,66,富邦-高雄,2024-06-18,9659
8110,華東,70,5,65,富邦-高雄,2024-06-18,9659
2015,豐興,56,0,56,富邦-高雄,2024-06-18,9659
6806,森崴能源,55,0,55,富邦-高雄,2024-06-18,9659
00919,群益台灣精選高息,132,79,53,富邦-高雄,2024-06-18,9659
9105,泰金寶-DR,177,124,53,富邦-高雄,2024-06-18,9659
00673R,期元大S＆P原油反1,43,0,43,富邦-高雄,2024-06-18,9659
00948B,中信優息投資級債,40,0,40,富邦-高雄,2024-06-18,9659
3419,譁裕,40,0,40,富邦-高雄,2024-06-18,9659
00947,台新臺灣IC設計,42,2,40,富邦-高雄,2024-06-18,9659
00881,國泰台灣5G+,42,3,39,富邦-高雄,2024-06-18,9659
2025,千興,44,5,39,富邦-高雄,2024-06-18,9659
6282,康舒,74,36,38,富邦-高雄,2024-06-18,9659
00712,復華富時不動產,41,4,37,富邦-高雄,2024-06-18,9659
00915,凱基優選高股息30,37,2,35,富邦-高雄,2024-06-18,9659
1539,巨庭,32,0,32,富邦-高雄,2024-06-18,9659
00637L,元大滬深300正2,32,0,32,富邦-高雄,2024-06-18,9659
4566,時碩工業,41,13,28,富邦-高雄,2024-06-18,9659
4157,太景*-KY,30,3,27,富邦-高雄,2024-06-18,9659
2476,鉅祥,61,36,25,富邦-高雄,2024-06-18,9659
1504,東元,30,5,25,富邦-高雄,2024-06-18,9659
2527,宏璟,24,0,24,富邦-高雄,2024-06-18,9659
8277,商丞,27,3,24,富邦-高雄,2024-06-18,9659
2353,宏��,64,40,24,富邦-高雄,2024-06-18,9659
2367,燿華,46,23,23,富邦-高雄,2024-06-18,9659
3049,精金,23,0,23,富邦-高雄,2024-06-18,9659
2317,鴻海,75,53,22,富邦-高雄,2024-06-18,9659
2303,聯電,31,9,22,富邦-高雄,2024-06-18,9659
4562,穎漢,66,45,21,富邦-高雄,2024-06-18,9659
2385,群光,20,0,20,富邦-高雄,2024-06-18,9659
2485,兆赫,25,5,20,富邦-高雄,2024-06-18,9659
8087,麗升能源,20,0,20,富邦-高雄,2024-06-18,9659
9136,巨騰-DR,20,0,20,富邦-高雄,2024-06-18,9659
2017,官田鋼,30,10,20,富邦-高雄,2024-06-18,9659
00753L,中信中國50正2,19,0,19,富邦-高雄,2024-06-18,9659
2392,正崴,82,63,19,富邦-高雄,2024-06-18,9659
4726,永昕,32,13,19,富邦-高雄,2024-06-18,9659
00632R,元大台灣50反1,2784,103,2681,富邦-高雄,2024-06-19,9659
00933B,國泰10Y+金融債,381,141,240,富邦-高雄,2024-06-19,9659
00665L,富邦�琤肭磪囓�2,203,31,172,富邦-高雄,2024-06-19,9659
00936,台新永續高息中小,175,6,169,富邦-高雄,2024-06-19,9659
2371,大同,267,117,150,富邦-高雄,2024-06-19,9659
00680L,元大美債20正2,190,61,129,富邦-高雄,2024-06-19,9659
4306,炎洲,246,120,126,富邦-高雄,2024-06-19,9659
00947,台新臺灣IC設計,125,0,125,富邦-高雄,2024-06-19,9659
00687B,國泰20年美債,157,44,113,富邦-高雄,2024-06-19,9659
00688L,國泰20年美債正2,201,90,111,富邦-高雄,2024-06-19,9659
6257,矽格,102,4,98,富邦-高雄,2024-06-19,9659
00942B,台新美A公司債20+,94,0,94,富邦-高雄,2024-06-19,9659
2329,華泰,97,5,92,富邦-高雄,2024-06-19,9659
00929,復華台灣科技優息,324,242,82,富邦-高雄,2024-06-19,9659
4714,永捷,80,0,80,富邦-高雄,2024-06-19,9659
2317,鴻海,171,97,74,富邦-高雄,2024-06-19,9659
6216,居易,79,6,73,富邦-高雄,2024-06-19,9659
1785,光洋科,387,317,70,富邦-高雄,2024-06-19,9659
6140,訊達,125,58,67,富邦-高雄,2024-06-19,9659
2515,中工,82,18,64,富邦-高雄,2024-06-19,9659
3432,台端,59,2,57,富邦-高雄,2024-06-19,9659
00679B,元大美債20年,113,57,56,富邦-高雄,2024-06-19,9659
4968,立積,61,12,49,富邦-高雄,2024-06-19,9659
2609,陽明,153,106,47,富邦-高雄,2024-06-19,9659
3055,蔚華科,52,6,46,富邦-高雄,2024-06-19,9659
00676R,富邦臺灣加權反1,43,0,43,富邦-高雄,2024-06-19,9659
2353,宏��,68,26,42,富邦-高雄,2024-06-19,9659
6161,捷波,42,3,39,富邦-高雄,2024-06-19,9659
4909,新復興,318,280,38,富邦-高雄,2024-06-19,9659
4958,臻鼎-KY,52,15,37,富邦-高雄,2024-06-19,9659
00915,凱基優選高股息30,35,0,35,富邦-高雄,2024-06-19,9659
00713,元大台灣高息低波,45,12,33,富邦-高雄,2024-06-19,9659
6290,良維,83,52,31,富邦-高雄,2024-06-19,9659
6869,雲豹能源,32,1,31,富邦-高雄,2024-06-19,9659
8085,福華,50,20,30,富邦-高雄,2024-06-19,9659
4133,亞諾法,30,0,30,富邦-高雄,2024-06-19,9659
8011,台通,46,17,29,富邦-高雄,2024-06-19,9659
2884,玉山金,46,18,28,富邦-高雄,2024-06-19,9659
3455,由田,27,2,25,富邦-高雄,2024-06-19,9659
2352,佳世達,26,1,25,富邦-高雄,2024-06-19,9659
2537,聯上發,31,6,25,富邦-高雄,2024-06-19,9659
5263,智崴,26,1,25,富邦-高雄,2024-06-19,9659
3312,弘憶股,29,6,23,富邦-高雄,2024-06-19,9659
6706,惠特,201,178,23,富邦-高雄,2024-06-19,9659
3308,聯德,22,0,22,富邦-高雄,2024-06-19,9659
2611,志信,25,3,22,富邦-高雄,2024-06-19,9659
1301,台塑,27,6,21,富邦-高雄,2024-06-19,9659
2834,臺企銀,50,29,21,富邦-高雄,2024-06-19,9659
3673,TPK-KY,38,17,21,富邦-高雄,2024-06-19,9659
2017,官田鋼,22,1,21,富邦-高雄,2024-06-19,9659
00632R,元大台灣50反1,546,185,361,富邦-高雄,2024-06-20,9659
00929,復華台灣科技優息,312,55,257,富邦-高雄,2024-06-20,9659
4306,炎洲,242,10,232,富邦-高雄,2024-06-20,9659
1785,光洋科,282,56,226,富邦-高雄,2024-06-20,9659
00933B,國泰10Y+金融債,340,186,154,富邦-高雄,2024-06-20,9659
00937B,群益ESG投等債20,180,32,148,富邦-高雄,2024-06-20,9659
00687B,國泰20年美債,128,1,127,富邦-高雄,2024-06-20,9659
00665L,富邦�琤肭磪囓�2,145,21,124,富邦-高雄,2024-06-20,9659
00946,群益科技高息成長,117,3,114,富邦-高雄,2024-06-20,9659
3380,明泰,101,0,101,富邦-高雄,2024-06-20,9659
00947,台新臺灣IC設計,83,0,83,富邦-高雄,2024-06-20,9659
00679B,元大美債20年,464,387,77,富邦-高雄,2024-06-20,9659
00948B,中信優息投資級債,61,0,61,富邦-高雄,2024-06-20,9659
2353,宏��,73,14,59,富邦-高雄,2024-06-20,9659
00940,元大台灣價值高息,185,129,56,富邦-高雄,2024-06-20,9659
912000,晨訊科-DR,65,14,51,富邦-高雄,2024-06-20,9659
2393,億光,50,1,49,富邦-高雄,2024-06-20,9659
8477,創業家,42,0,42,富邦-高雄,2024-06-20,9659
00942B,台新美A公司債20+,42,0,42,富邦-高雄,2024-06-20,9659
00936,台新永續高息中小,67,26,41,富邦-高雄,2024-06-20,9659
00927,群益半導體收益,41,1,40,富邦-高雄,2024-06-20,9659
1532,勤美,35,0,35,富邦-高雄,2024-06-20,9659
2330,台積電,49,14,35,富邦-高雄,2024-06-20,9659
6239,力成,47,13,34,富邦-高雄,2024-06-20,9659
6462,神盾,118,86,32,富邦-高雄,2024-06-20,9659
8028,昇陽半導體,33,3,30,富邦-高雄,2024-06-20,9659
2820,華票,30,0,30,富邦-高雄,2024-06-20,9659
00673R,期元大S＆P原油反1,29,0,29,富邦-高雄,2024-06-20,9659
9934,成霖,45,17,28,富邦-高雄,2024-06-20,9659
4967,十銓,57,30,27,富邦-高雄,2024-06-20,9659
5468,凱鈺,28,1,27,富邦-高雄,2024-06-20,9659
6216,居易,29,2,27,富邦-高雄,2024-06-20,9659
00720B,元大投資級公司債,27,2,25,富邦-高雄,2024-06-20,9659
2412,中華電,24,0,24,富邦-高雄,2024-06-20,9659
00751B,元大AAA至A公司債,34,10,24,富邦-高雄,2024-06-20,9659
2449,京元電子,64,40,24,富邦-高雄,2024-06-20,9659
3711,日月光投控,31,8,23,富邦-高雄,2024-06-20,9659
2834,臺企銀,32,9,23,富邦-高雄,2024-06-20,9659
2610,華航,40,18,22,富邦-高雄,2024-06-20,9659
2455,全新,22,1,21,富邦-高雄,2024-06-20,9659
5425,台半,21,0,21,富邦-高雄,2024-06-20,9659
8070,長華*,28,7,21,富邦-高雄,2024-06-20,9659
1503,士電,51,30,21,富邦-高雄,2024-06-20,9659
3019,亞光,20,0,20,富邦-高雄,2024-06-20,9659
2618,長榮航,139,120,19,富邦-高雄,2024-06-20,9659
2023,燁輝,32,13,19,富邦-高雄,2024-06-20,9659
00650L,復華香港正2,19,0,19,富邦-高雄,2024-06-20,9659
2887,台新金,25,7,18,富邦-高雄,2024-06-20,9659
4908,前鼎,21,3,18,富邦-高雄,2024-06-20,9659
1605,華新,31,14,17,富邦-高雄,2024-06-20,9659
00937B,群益ESG投等債20,1219,95,1124,富邦-高雄,2024-06-21,9659
00929,復華台灣科技優息,317,140,177,富邦-高雄,2024-06-21,9659
00637L,元大滬深300正2,145,12,133,富邦-高雄,2024-06-21,9659
6706,惠特,219,91,128,富邦-高雄,2024-06-21,9659
00933B,國泰10Y+金融債,161,44,117,富邦-高雄,2024-06-21,9659
5905,南仁湖,113,4,109,富邦-高雄,2024-06-21,9659
6589,台康生技,104,9,95,富邦-高雄,2024-06-21,9659
00942B,台新美A公司債20+,90,0,90,富邦-高雄,2024-06-21,9659
00936,台新永續高息中小,87,2,85,富邦-高雄,2024-06-21,9659
2610,華航,110,30,80,富邦-高雄,2024-06-21,9659
1301,台塑,84,5,79,富邦-高雄,2024-06-21,9659
2317,鴻海,134,59,75,富邦-高雄,2024-06-21,9659
1101,台泥,102,29,73,富邦-高雄,2024-06-21,9659
2609,陽明,341,274,67,富邦-高雄,2024-06-21,9659
00904,新光臺灣半導體30,65,0,65,富邦-高雄,2024-06-21,9659
00947,台新臺灣IC設計,60,0,60,富邦-高雄,2024-06-21,9659
2312,金寶,62,2,60,富邦-高雄,2024-06-21,9659
4550,長佳,57,0,57,富邦-高雄,2024-06-21,9659
00919,群益台灣精選高息,380,326,54,富邦-高雄,2024-06-21,9659
2442,新美齊,52,0,52,富邦-高雄,2024-06-21,9659
4971,IET-KY,50,1,49,富邦-高雄,2024-06-21,9659
00753L,中信中國50正2,76,31,45,富邦-高雄,2024-06-21,9659
2472,立隆電,53,8,45,富邦-高雄,2024-06-21,9659
2801,彰銀,43,1,42,富邦-高雄,2024-06-21,9659
00948B,中信優息投資級債,41,0,41,富邦-高雄,2024-06-21,9659
1325,恆大,42,2,40,富邦-高雄,2024-06-21,9659
2371,大同,64,26,38,富邦-高雄,2024-06-21,9659
00679B,元大美債20年,77,40,37,富邦-高雄,2024-06-21,9659
2355,敬鵬,44,9,35,富邦-高雄,2024-06-21,9659
8277,商丞,61,26,35,富邦-高雄,2024-06-21,9659
3380,明泰,34,0,34,富邦-高雄,2024-06-21,9659
00706L,期元大S＆P日圓正2,35,1,34,富邦-高雄,2024-06-21,9659
00751B,元大AAA至A公司債,33,0,33,富邦-高雄,2024-06-21,9659
9105,泰金寶-DR,71,38,33,富邦-高雄,2024-06-21,9659
4956,光鋐,72,40,32,富邦-高雄,2024-06-21,9659
8234,新漢,31,0,31,富邦-高雄,2024-06-21,9659
3363,上詮,61,31,30,富邦-高雄,2024-06-21,9659
00881,國泰台灣5G+,30,0,30,富邦-高雄,2024-06-21,9659
5263,智崴,30,0,30,富邦-高雄,2024-06-21,9659
1714,和桐,30,0,30,富邦-高雄,2024-06-21,9659
2382,廣達,70,41,29,富邦-高雄,2024-06-21,9659
1503,士電,56,26,30,富邦-高雄,2024-06-21,9659
2330,台積電,43,14,29,富邦-高雄,2024-06-21,9659
8358,金居,34,5,29,富邦-高雄,2024-06-21,9659
4533,協易機,37,8,29,富邦-高雄,2024-06-21,9659
2324,仁寶,33,5,28,富邦-高雄,2024-06-21,9659
8054,安國,30,4,26,富邦-高雄,2024-06-21,9659
2883,凱基金,72,46,26,富邦-高雄,2024-06-21,9659
1614,三洋電,25,0,25,富邦-高雄,2024-06-21,9659
6443,元晶,77,54,23,富邦-高雄,2024-06-21,9659
00929,復華台灣科技優息,516,169,347,富邦-高雄,2024-06-24,9659
00919,群益台灣精選高息,446,115,331,富邦-高雄,2024-06-24,9659
00942B,台新美A公司債20+,320,3,317,富邦-高雄,2024-06-24,9659
00940,元大台灣價值高息,435,184,251,富邦-高雄,2024-06-24,9659
00933B,國泰10Y+金融債,184,16,168,富邦-高雄,2024-06-24,9659
00936,台新永續高息中小,141,10,131,富邦-高雄,2024-06-24,9659
6589,台康生技,100,0,100,富邦-高雄,2024-06-24,9659
00946,群益科技高息成長,92,0,92,富邦-高雄,2024-06-24,9659
6753,龍德造船,77,2,75,富邦-高雄,2024-06-24,9659
3062,建漢,252,186,66,富邦-高雄,2024-06-24,9659
2317,鴻海,151,86,65,富邦-高雄,2024-06-24,9659
1301,台塑,73,8,65,富邦-高雄,2024-06-24,9659
00948B,中信優息投資級債,61,0,61,富邦-高雄,2024-06-24,9659
2883,凱基金,69,11,58,富邦-高雄,2024-06-24,9659
912000,晨訊科-DR,77,20,57,富邦-高雄,2024-06-24,9659
5351,鈺創,73,17,56,富邦-高雄,2024-06-24,9659
2472,立隆電,63,8,55,富邦-高雄,2024-06-24,9659
6506,雙邦,55,0,55,富邦-高雄,2024-06-24,9659
00927,群益半導體收益,56,3,53,富邦-高雄,2024-06-24,9659
3048,益登,57,4,53,富邦-高雄,2024-06-24,9659
2344,華邦電,57,6,51,富邦-高雄,2024-06-24,9659
00904,新光臺灣半導體30,51,1,50,富邦-高雄,2024-06-24,9659
2610,華航,62,12,50,富邦-高雄,2024-06-24,9659
00878,國泰永續高股息,115,71,44,富邦-高雄,2024-06-24,9659
2439,美律,74,30,44,富邦-高雄,2024-06-24,9659
4533,協易機,48,4,44,富邦-高雄,2024-06-24,9659
2324,仁寶,40,2,38,富邦-高雄,2024-06-24,9659
3450,聯鈞,66,28,38,富邦-高雄,2024-06-24,9659
00947,台新臺灣IC設計,41,4,37,富邦-高雄,2024-06-24,9659
3376,新日興,47,11,36,富邦-高雄,2024-06-24,9659
00795B,中信美國公債20年,36,0,36,富邦-高雄,2024-06-24,9659
00679B,元大美債20年,103,69,34,富邦-高雄,2024-06-24,9659
006208,富邦台50,39,5,34,富邦-高雄,2024-06-24,9659
00922,國泰台灣領袖50,35,1,34,富邦-高雄,2024-06-24,9659
00915,凱基優選高股息30,41,7,34,富邦-高雄,2024-06-24,9659
2382,廣達,51,20,31,富邦-高雄,2024-06-24,9659
00918,大華優利高填息30,73,41,32,富邦-高雄,2024-06-24,9659
00937B,群益ESG投等債20,172,141,31,富邦-高雄,2024-06-24,9659
6207,雷科,64,33,31,富邦-高雄,2024-06-24,9659
2409,友達,55,24,31,富邦-高雄,2024-06-24,9659
3374,精材,36,6,30,富邦-高雄,2024-06-24,9659
3481,群創,875,845,30,富邦-高雄,2024-06-24,9659
00885,富邦越南,33,4,29,富邦-高雄,2024-06-24,9659
00907,永豐優息存股,28,0,28,富邦-高雄,2024-06-24,9659
0056,元大高股息,65,37,28,富邦-高雄,2024-06-24,9659
6274,台燿,31,4,27,富邦-高雄,2024-06-24,9659
6877,鏵友益,30,3,27,富邦-高雄,2024-06-24,9659
8105,凌巨,62,36,26,富邦-高雄,2024-06-24,9659
2347,聯強,26,0,26,富邦-高雄,2024-06-24,9659
2330,台積電,64,39,25,富邦-高雄,2024-06-24,9659
00632R,元大台灣50反1,572,17,555,富邦-高雄,2024-06-25,9659
00933B,國泰10Y+金融債,394,21,373,富邦-高雄,2024-06-25,9659
3481,群創,463,157,306,富邦-高雄,2024-06-25,9659
00929,復華台灣科技優息,300,75,225,富邦-高雄,2024-06-25,9659
2809,京城銀,145,0,145,富邦-高雄,2024-06-25,9659
00936,台新永續高息中小,143,6,137,富邦-高雄,2024-06-25,9659
00720B,元大投資級公司債,132,3,129,富邦-高雄,2024-06-25,9659
1785,光洋科,424,296,128,富邦-高雄,2024-06-25,9659
00942B,台新美A公司債20+,171,60,111,富邦-高雄,2024-06-25,9659
2609,陽明,163,78,85,富邦-高雄,2024-06-25,9659
2504,國產,94,11,83,富邦-高雄,2024-06-25,9659
00687B,國泰20年美債,88,11,77,富邦-高雄,2024-06-25,9659
3037,欣興,77,2,75,富邦-高雄,2024-06-25,9659
00918,大華優利高填息30,62,1,61,富邦-高雄,2024-06-25,9659
4534,慶騰,60,1,59,富邦-高雄,2024-06-25,9659
6589,台康生技,50,0,50,富邦-高雄,2024-06-25,9659
00937B,群益ESG投等債20,85,37,48,富邦-高雄,2024-06-25,9659
2409,友達,69,24,45,富邦-高雄,2024-06-25,9659
3055,蔚華科,53,12,41,富邦-高雄,2024-06-25,9659
00915,凱基優選高股息30,46,7,39,富邦-高雄,2024-06-25,9659
2002,中鋼,40,2,38,富邦-高雄,2024-06-25,9659
3231,緯創,43,12,31,富邦-高雄,2024-06-25,9659
2367,燿華,36,4,32,富邦-高雄,2024-06-25,9659
1301,台塑,33,3,30,富邦-高雄,2024-06-25,9659
2611,志信,30,2,28,富邦-高雄,2024-06-25,9659
1101,台泥,47,20,27,富邦-高雄,2024-06-25,9659
00878,國泰永續高股息,50,23,27,富邦-高雄,2024-06-25,9659
00946,群益科技高息成長,28,2,26,富邦-高雄,2024-06-25,9659
8110,華東,68,44,24,富邦-高雄,2024-06-25,9659
00713,元大台灣高息低波,27,4,23,富邦-高雄,2024-06-25,9659
3211,順達,22,0,22,富邦-高雄,2024-06-25,9659
00673R,期元大S＆P原油反1,22,0,22,富邦-高雄,2024-06-25,9659
00881,國泰台灣5G+,26,4,22,富邦-高雄,2024-06-25,9659
00830,國泰費城半導體,23,1,22,富邦-高雄,2024-06-25,9659
3092,鴻碩,25,4,21,富邦-高雄,2024-06-25,9659
2301,光寶科,24,4,20,富邦-高雄,2024-06-25,9659
2801,彰銀,23,2,21,富邦-高雄,2024-06-25,9659
3081,聯亞,50,29,21,富邦-高雄,2024-06-25,9659
1815,富喬,69,49,20,富邦-高雄,2024-06-25,9659
4306,炎洲,23,3,20,富邦-高雄,2024-06-25,9659
2897,王道銀行,20,0,20,富邦-高雄,2024-06-25,9659
2344,華邦電,26,7,19,富邦-高雄,2024-06-25,9659
6462,神盾,23,4,19,富邦-高雄,2024-06-25,9659
2330,台積電,29,11,18,富邦-高雄,2024-06-25,9659
2883,凱基金,31,13,18,富邦-高雄,2024-06-25,9659
00927,群益半導體收益,18,0,18,富邦-高雄,2024-06-25,9659
2537,聯上發,20,2,18,富邦-高雄,2024-06-25,9659
3308,聯德,20,2,18,富邦-高雄,2024-06-25,9659
4550,長佳,18,0,18,富邦-高雄,2024-06-25,9659
00891,中信關鍵半導體,20,3,17,富邦-高雄,2024-06-25,9659
00929,復華台灣科技優息,983,38,945,富邦-高雄,2024-06-26,9659
2486,一詮,206,12,194,富邦-高雄,2024-06-26,9659
00665L,富邦�琤肭磪囓�2,409,267,142,富邦-高雄,2024-06-26,9659
00632R,元大台灣50反1,221,80,141,富邦-高雄,2024-06-26,9659
3055,蔚華科,155,29,126,富邦-高雄,2024-06-26,9659
2002,中鋼,163,39,124,富邦-高雄,2024-06-26,9659
2464,盟立,129,30,99,富邦-高雄,2024-06-26,9659
00942B,台新美A公司債20+,93,1,92,富邦-高雄,2024-06-26,9659
9105,泰金寶-DR,108,19,89,富邦-高雄,2024-06-26,9659
2354,鴻準,112,35,77,富邦-高雄,2024-06-26,9659
1614,三洋電,74,1,73,富邦-高雄,2024-06-26,9659
00933B,國泰10Y+金融債,69,1,68,富邦-高雄,2024-06-26,9659
2883,凱基金,173,112,61,富邦-高雄,2024-06-26,9659
2317,鴻海,97,38,59,富邦-高雄,2024-06-26,9659
2352,佳世達,62,4,58,富邦-高雄,2024-06-26,9659
1516,川飛,51,0,51,富邦-高雄,2024-06-26,9659
00936,台新永續高息中小,60,10,50,富邦-高雄,2024-06-26,9659
2409,友達,62,12,50,富邦-高雄,2024-06-26,9659
00637L,元大滬深300正2,56,7,49,富邦-高雄,2024-06-26,9659
1309,台達化,51,2,49,富邦-高雄,2024-06-26,9659
00882,中信中國高股息,68,20,48,富邦-高雄,2024-06-26,9659
00881,國泰台灣5G+,47,1,46,富邦-高雄,2024-06-26,9659
6274,台燿,46,2,44,富邦-高雄,2024-06-26,9659
2615,萬海,74,31,43,富邦-高雄,2024-06-26,9659
5603,陸海,42,0,42,富邦-高雄,2024-06-26,9659
3188,鑫龍騰,42,0,42,富邦-高雄,2024-06-26,9659
3062,建漢,163,123,40,富邦-高雄,2024-06-26,9659
2344,華邦電,60,20,40,富邦-高雄,2024-06-26,9659
6152,百一,48,9,39,富邦-高雄,2024-06-26,9659
2353,宏��,54,15,39,富邦-高雄,2024-06-26,9659
4550,長佳,38,0,38,富邦-高雄,2024-06-26,9659
3535,晶彩科,58,21,37,富邦-高雄,2024-06-26,9659
00937B,群益ESG投等債20,52,16,36,富邦-高雄,2024-06-26,9659
00922,國泰台灣領袖50,31,1,30,富邦-高雄,2024-06-26,9659
00680L,元大美債20正2,31,1,30,富邦-高雄,2024-06-26,9659
6695,芯鼎,61,31,30,富邦-高雄,2024-06-26,9659
2340,台亞,32,2,30,富邦-高雄,2024-06-26,9659
3576,聯合再生,40,12,28,富邦-高雄,2024-06-26,9659
6257,矽格,60,32,28,富邦-高雄,2024-06-26,9659
2882,國泰金,33,6,27,富邦-高雄,2024-06-26,9659
6116,彩晶,27,0,27,富邦-高雄,2024-06-26,9659
8085,福華,63,36,27,富邦-高雄,2024-06-26,9659
2812,台中銀,27,0,27,富邦-高雄,2024-06-26,9659
3581,博磊,47,21,26,富邦-高雄,2024-06-26,9659
6163,華電網,60,35,25,富邦-高雄,2024-06-26,9659
00633L,富邦上証正2,25,0,25,富邦-高雄,2024-06-26,9659
2014,中鴻,27,2,25,富邦-高雄,2024-06-26,9659
00713,元大台灣高息低波,25,1,24,富邦-高雄,2024-06-26,9659
2301,光寶科,34,10,24,富邦-高雄,2024-06-26,9659
00944,野村趨勢動能高息,23,0,23,富邦-高雄,2024-06-26,9659
00929,復華台灣科技優息,1155,53,1102,富邦-高雄,2024-06-27,9659
00937B,群益ESG投等債20,316,91,225,富邦-高雄,2024-06-27,9659
6257,矽格,210,1,209,富邦-高雄,2024-06-27,9659
2349,錸德,208,11,197,富邦-高雄,2024-06-27,9659
3712,永崴投控,185,24,161,富邦-高雄,2024-06-27,9659
00680L,元大美債20正2,164,5,159,富邦-高雄,2024-06-27,9659
2317,鴻海,188,35,153,富邦-高雄,2024-06-27,9659
00687B,國泰20年美債,192,65,127,富邦-高雄,2024-06-27,9659
00936,台新永續高息中小,165,40,125,富邦-高雄,2024-06-27,9659
00753L,中信中國50正2,122,0,122,富邦-高雄,2024-06-27,9659
00679B,元大美債20年,130,13,117,富邦-高雄,2024-06-27,9659
4938,和碩,107,2,105,富邦-高雄,2024-06-27,9659
1709,和益,125,25,100,富邦-高雄,2024-06-27,9659
6026,福邦證,100,0,100,富邦-高雄,2024-06-27,9659
3576,聯合再生,240,140,100,富邦-高雄,2024-06-27,9659
1455,集盛,100,2,98,富邦-高雄,2024-06-27,9659
00942B,台新美A公司債20+,89,2,87,富邦-高雄,2024-06-27,9659
1314,中石化,91,15,76,富邦-高雄,2024-06-27,9659
2885,元大金,78,3,75,富邦-高雄,2024-06-27,9659
3663,鑫科,114,46,68,富邦-高雄,2024-06-27,9659
4167,松瑞藥,137,78,59,富邦-高雄,2024-06-27,9659
00713,元大台灣高息低波,57,0,57,富邦-高雄,2024-06-27,9659
00882,中信中國高股息,56,0,56,富邦-高雄,2024-06-27,9659
8085,福華,120,65,55,富邦-高雄,2024-06-27,9659
2002,中鋼,75,21,54,富邦-高雄,2024-06-27,9659
3205,佰研,51,0,51,富邦-高雄,2024-06-27,9659
6684,安格,48,0,48,富邦-高雄,2024-06-27,9659
00830,國泰費城半導體,44,0,44,富邦-高雄,2024-06-27,9659
00720B,元大投資級公司債,43,0,43,富邦-高雄,2024-06-27,9659
00878,國泰永續高股息,58,17,41,富邦-高雄,2024-06-27,9659
0056,元大高股息,70,29,41,富邦-高雄,2024-06-27,9659
00733,富邦臺灣中小,51,10,41,富邦-高雄,2024-06-27,9659
00933B,國泰10Y+金融債,43,3,40,富邦-高雄,2024-06-27,9659
2883,凱基金,52,12,40,富邦-高雄,2024-06-27,9659
2329,華泰,39,0,39,富邦-高雄,2024-06-27,9659
1301,台塑,52,14,38,富邦-高雄,2024-06-27,9659
2506,太設,37,0,37,富邦-高雄,2024-06-27,9659
2603,長榮,99,63,36,富邦-高雄,2024-06-27,9659
6005,群益證,38,2,36,富邦-高雄,2024-06-27,9659
00947,台新臺灣IC設計,35,0,35,富邦-高雄,2024-06-27,9659
4726,永昕,65,31,34,富邦-高雄,2024-06-27,9659
2906,高林,88,54,34,富邦-高雄,2024-06-27,9659
5202,力新,33,0,33,富邦-高雄,2024-06-27,9659
6244,茂迪,110,79,31,富邦-高雄,2024-06-27,9659
2537,聯上發,46,16,30,富邦-高雄,2024-06-27,9659
6142,友勁,30,0,30,富邦-高雄,2024-06-27,9659
00895,富邦未來車,30,1,29,富邦-高雄,2024-06-27,9659
6890,來億-KY,30,1,29,富邦-高雄,2024-06-27,9659
00712,復華富時不動產,37,10,27,富邦-高雄,2024-06-27,9659
1101,台泥,29,2,27,富邦-高雄,2024-06-27,9659
6005,群益證,262,6,256,富邦-高雄,2024-06-28,9659
00936,台新永續高息中小,205,3,202,富邦-高雄,2024-06-28,9659
00937B,群益ESG投等債20,233,34,199,富邦-高雄,2024-06-28,9659
00929,復華台灣科技優息,233,103,130,富邦-高雄,2024-06-28,9659
4909,新復興,118,9,109,富邦-高雄,2024-06-28,9659
3652,精聯,76,2,74,富邦-高雄,2024-06-28,9659
3520,華盈,75,4,71,富邦-高雄,2024-06-28,9659
2609,陽明,78,8,70,富邦-高雄,2024-06-28,9659
00680L,元大美債20正2,70,0,70,富邦-高雄,2024-06-28,9659
2002,中鋼,111,45,66,富邦-高雄,2024-06-28,9659
3024,憶聲,92,27,65,富邦-高雄,2024-06-28,9659
2882,國泰金,66,7,59,富邦-高雄,2024-06-28,9659
3432,台端,60,2,58,富邦-高雄,2024-06-28,9659
6869,雲豹能源,62,9,53,富邦-高雄,2024-06-28,9659
00942B,台新美A公司債20+,49,0,49,富邦-高雄,2024-06-28,9659
8085,福華,70,23,47,富邦-高雄,2024-06-28,9659
8027,鈦昇,50,5,45,富邦-高雄,2024-06-28,9659
6188,廣明,62,19,43,富邦-高雄,2024-06-28,9659
00679B,元大美債20年,53,10,43,富邦-高雄,2024-06-28,9659
00712,復華富時不動產,42,1,41,富邦-高雄,2024-06-28,9659
6142,友勁,40,0,40,富邦-高雄,2024-06-28,9659
5263,智崴,40,0,40,富邦-高雄,2024-06-28,9659
2610,華航,62,25,37,富邦-高雄,2024-06-28,9659
2618,長榮航,96,60,36,富邦-高雄,2024-06-28,9659
9105,泰金寶-DR,38,3,35,富邦-高雄,2024-06-28,9659
4967,十銓,55,22,33,富邦-高雄,2024-06-28,9659
00933B,國泰10Y+金融債,81,50,31,富邦-高雄,2024-06-28,9659
6477,安集,45,16,29,富邦-高雄,2024-06-28,9659
2301,光寶科,30,1,29,富邦-高雄,2024-06-28,9659
2354,鴻準,50,22,28,富邦-高雄,2024-06-28,9659
5512,力麒,28,0,28,富邦-高雄,2024-06-28,9659
8112,至上,35,8,27,富邦-高雄,2024-06-28,9659
5905,南仁湖,32,6,26,富邦-高雄,2024-06-28,9659
2392,正崴,42,17,25,富邦-高雄,2024-06-28,9659
8064,東捷,237,212,25,富邦-高雄,2024-06-28,9659
2543,皇昌,26,1,25,富邦-高雄,2024-06-28,9659
2489,瑞軒,78,54,24,富邦-高雄,2024-06-28,9659
2439,美律,25,1,24,富邦-高雄,2024-06-28,9659
3615,安可,76,53,23,富邦-高雄,2024-06-28,9659
2406,國碩,87,65,22,富邦-高雄,2024-06-28,9659
5706,鳳凰,21,0,21,富邦-高雄,2024-06-28,9659
4934,太極,22,2,20,富邦-高雄,2024-06-28,9659
1316,上曜,22,2,20,富邦-高雄,2024-06-28,9659
1806,冠軍,29,9,20,富邦-高雄,2024-06-28,9659
5531,鄉林,20,0,20,富邦-高雄,2024-06-28,9659
1905,華紙,20,0,20,富邦-高雄,2024-06-28,9659
00673R,期元大S＆P原油反1,20,0,20,富邦-高雄,2024-06-28,9659
00946,群益科技高息成長,19,0,19,富邦-高雄,2024-06-28,9659
2371,大同,23,5,18,富邦-高雄,2024-06-28,9659
5534,長虹,17,0,17,富邦-高雄,2024-06-28,9659
00937B,群益ESG投等債20,421,2,419,富邦-高雄,2024-07-01,9659
1101,台泥,285,1,284,富邦-高雄,2024-07-01,9659
00680L,元大美債20正2,291,47,244,富邦-高雄,2024-07-01,9659
00948B,中信優息投資級債,221,0,221,富邦-高雄,2024-07-01,9659
6257,矽格,178,0,178,富邦-高雄,2024-07-01,9659
00679B,元大美債20年,177,25,152,富邦-高雄,2024-07-01,9659
00687B,國泰20年美債,226,90,136,富邦-高雄,2024-07-01,9659
6290,良維,146,11,135,富邦-高雄,2024-07-01,9659
1815,富喬,139,12,127,富邦-高雄,2024-07-01,9659
00933B,國泰10Y+金融債,104,7,97,富邦-高雄,2024-07-01,9659
6127,九豪,98,2,96,富邦-高雄,2024-07-01,9659
00929,復華台灣科技優息,159,77,82,富邦-高雄,2024-07-01,9659
2002,中鋼,81,5,76,富邦-高雄,2024-07-01,9659
00632R,元大台灣50反1,76,0,76,富邦-高雄,2024-07-01,9659
00942B,台新美A公司債20+,70,0,70,富邦-高雄,2024-07-01,9659
1414,東和,70,6,64,富邦-高雄,2024-07-01,9659
00720B,元大投資級公司債,65,3,62,富邦-高雄,2024-07-01,9659
2317,鴻海,100,46,54,富邦-高雄,2024-07-01,9659
3479,安勤,50,0,50,富邦-高雄,2024-07-01,9659
1785,光洋科,51,4,47,富邦-高雄,2024-07-01,9659
2601,益航,61,15,46,富邦-高雄,2024-07-01,9659
2354,鴻準,49,6,43,富邦-高雄,2024-07-01,9659
3105,穩懋,92,53,39,富邦-高雄,2024-07-01,9659
2352,佳世達,50,11,39,富邦-高雄,2024-07-01,9659
2014,中鴻,40,1,39,富邦-高雄,2024-07-01,9659
0056,元大高股息,39,4,35,富邦-高雄,2024-07-01,9659
1587,吉茂,35,1,34,富邦-高雄,2024-07-01,9659
00637L,元大滬深300正2,40,8,32,富邦-高雄,2024-07-01,9659
00688L,國泰20年美債正2,32,0,32,富邦-高雄,2024-07-01,9659
3303,岱稜,41,9,32,富邦-高雄,2024-07-01,9659
2609,陽明,125,94,31,富邦-高雄,2024-07-01,9659
5371,中光電,34,3,31,富邦-高雄,2024-07-01,9659
3095,及成,30,0,30,富邦-高雄,2024-07-01,9659
6770,力積電,57,27,30,富邦-高雄,2024-07-01,9659
2367,燿華,122,93,29,富邦-高雄,2024-07-01,9659
2406,國碩,38,9,29,富邦-高雄,2024-07-01,9659
2801,彰銀,31,2,29,富邦-高雄,2024-07-01,9659
00753L,中信中國50正2,38,10,28,富邦-高雄,2024-07-01,9659
2031,新光鋼,29,1,28,富邦-高雄,2024-07-01,9659
00772B,中信高評級公司債,28,0,28,富邦-高雄,2024-07-01,9659
8085,福華,41,15,26,富邦-高雄,2024-07-01,9659
2313,華通,41,15,26,富邦-高雄,2024-07-01,9659
9105,泰金寶-DR,33,8,25,富邦-高雄,2024-07-01,9659
2355,敬鵬,48,23,25,富邦-高雄,2024-07-01,9659
8071,能率網通,30,6,24,富邦-高雄,2024-07-01,9659
8076,伍豐,26,3,23,富邦-高雄,2024-07-01,9659
3047,訊舟,47,24,23,富邦-高雄,2024-07-01,9659
5706,鳳凰,25,2,23,富邦-高雄,2024-07-01,9659
2603,長榮,31,9,22,富邦-高雄,2024-07-01,9659
2611,志信,21,0,21,富邦-高雄,2024-07-01,9659
00934,中信成長高股息,509,0,509,富邦-高雄,2024-07-02,9659
00929,復華台灣科技優息,568,135,433,富邦-高雄,2024-07-02,9659
00937B,群益ESG投等債20,278,22,256,富邦-高雄,2024-07-02,9659
00687B,國泰20年美債,194,0,194,富邦-高雄,2024-07-02,9659
2317,鴻海,231,48,183,富邦-高雄,2024-07-02,9659
00936,台新永續高息中小,167,1,166,富邦-高雄,2024-07-02,9659
2303,聯電,169,9,160,富邦-高雄,2024-07-02,9659
00680L,元大美債20正2,165,39,126,富邦-高雄,2024-07-02,9659
6163,華電網,219,98,121,富邦-高雄,2024-07-02,9659
2349,錸德,365,245,120,富邦-高雄,2024-07-02,9659
6257,矽格,119,0,119,富邦-高雄,2024-07-02,9659
0056,元大高股息,145,29,116,富邦-高雄,2024-07-02,9659
00725B,國泰投資級公司債,112,0,112,富邦-高雄,2024-07-02,9659
2881,富邦金,157,47,110,富邦-高雄,2024-07-02,9659
5880,合庫金,107,1,106,富邦-高雄,2024-07-02,9659
00679B,元大美債20年,115,12,103,富邦-高雄,2024-07-02,9659
00948B,中信優息投資級債,95,0,95,富邦-高雄,2024-07-02,9659
3374,精材,104,10,94,富邦-高雄,2024-07-02,9659
00720B,元大投資級公司債,96,2,94,富邦-高雄,2024-07-02,9659
2002,中鋼,91,16,75,富邦-高雄,2024-07-02,9659
3702,大聯大,66,0,66,富邦-高雄,2024-07-02,9659
1416,廣豐,66,0,66,富邦-高雄,2024-07-02,9659
00632R,元大台灣50反1,135,70,65,富邦-高雄,2024-07-02,9659
00946,群益科技高息成長,59,0,59,富邦-高雄,2024-07-02,9659
1904,正隆,55,0,55,富邦-高雄,2024-07-02,9659
1785,光洋科,62,11,51,富邦-高雄,2024-07-02,9659
00933B,國泰10Y+金融債,86,36,50,富邦-高雄,2024-07-02,9659
4414,如興,50,0,50,富邦-高雄,2024-07-02,9659
00904,新光臺灣半導體30,50,0,50,富邦-高雄,2024-07-02,9659
3576,聯合再生,172,123,49,富邦-高雄,2024-07-02,9659
00927,群益半導體收益,46,0,46,富邦-高雄,2024-07-02,9659
2486,一詮,46,1,45,富邦-高雄,2024-07-02,9659
8085,福華,65,23,42,富邦-高雄,2024-07-02,9659
2331,精英,40,1,39,富邦-高雄,2024-07-02,9659
00878,國泰永續高股息,45,7,38,富邦-高雄,2024-07-02,9659
2495,普安,126,90,36,富邦-高雄,2024-07-02,9659
00712,復華富時不動產,55,20,35,富邦-高雄,2024-07-02,9659
2330,台積電,39,5,34,富邦-高雄,2024-07-02,9659
00713,元大台灣高息低波,38,4,34,富邦-高雄,2024-07-02,9659
2312,金寶,37,5,32,富邦-高雄,2024-07-02,9659
6216,居易,32,1,31,富邦-高雄,2024-07-02,9659
2324,仁寶,53,22,31,富邦-高雄,2024-07-02,9659
3535,晶彩科,58,29,29,富邦-高雄,2024-07-02,9659
00795B,中信美國公債20年,29,0,29,富邦-高雄,2024-07-02,9659
2354,鴻準,46,17,29,富邦-高雄,2024-07-02,9659
2352,佳世達,30,2,28,富邦-高雄,2024-07-02,9659
00918,大華優利高填息30,33,6,27,富邦-高雄,2024-07-02,9659
1326,台化,31,5,26,富邦-高雄,2024-07-02,9659
2611,志信,26,0,26,富邦-高雄,2024-07-02,9659
2359,所羅門,89,64,25,富邦-高雄,2024-07-02,9659
00934,中信成長高股息,712,104,608,富邦-高雄,2024-07-03,9659
00632R,元大台灣50反1,550,0,550,富邦-高雄,2024-07-03,9659
2367,燿華,593,81,512,富邦-高雄,2024-07-03,9659
3576,聯合再生,415,91,324,富邦-高雄,2024-07-03,9659
1714,和桐,303,0,303,富邦-高雄,2024-07-03,9659
00937B,群益ESG投等債20,240,53,187,富邦-高雄,2024-07-03,9659
00637L,元大滬深300正2,200,15,185,富邦-高雄,2024-07-03,9659
3312,弘憶股,227,54,173,富邦-高雄,2024-07-03,9659
00935,野村臺灣新科技50,124,0,124,富邦-高雄,2024-07-03,9659
1303,南亞,111,1,110,富邦-高雄,2024-07-03,9659
1326,台化,107,0,107,富邦-高雄,2024-07-03,9659
2406,國碩,124,23,101,富邦-高雄,2024-07-03,9659
00946,群益科技高息成長,94,1,93,富邦-高雄,2024-07-03,9659
00936,台新永續高息中小,80,0,80,富邦-高雄,2024-07-03,9659
3062,建漢,101,24,77,富邦-高雄,2024-07-03,9659
2332,友訊,103,41,62,富邦-高雄,2024-07-03,9659
6152,百一,61,1,60,富邦-高雄,2024-07-03,9659
00687B,國泰20年美債,57,1,56,富邦-高雄,2024-07-03,9659
00665L,富邦�琤肭磪囓�2,67,15,52,富邦-高雄,2024-07-03,9659
2349,錸德,85,33,52,富邦-高雄,2024-07-03,9659
3047,訊舟,154,103,51,富邦-高雄,2024-07-03,9659
2359,所羅門,112,64,48,富邦-高雄,2024-07-03,9659
2303,聯電,95,52,43,富邦-高雄,2024-07-03,9659
2603,長榮,69,27,42,富邦-高雄,2024-07-03,9659
2464,盟立,129,89,40,富邦-高雄,2024-07-03,9659
2352,佳世達,42,3,39,富邦-高雄,2024-07-03,9659
6443,元晶,83,44,39,富邦-高雄,2024-07-03,9659
4906,正文,84,46,38,富邦-高雄,2024-07-03,9659
2498,宏達電,39,3,36,富邦-高雄,2024-07-03,9659
2356,英業達,59,24,35,富邦-高雄,2024-07-03,9659
1416,廣豐,34,0,34,富邦-高雄,2024-07-03,9659
6834,天二科技,41,8,33,富邦-高雄,2024-07-03,9659
5263,智崴,30,0,30,富邦-高雄,2024-07-03,9659
2618,長榮航,51,22,29,富邦-高雄,2024-07-03,9659
4533,協易機,44,16,28,富邦-高雄,2024-07-03,9659
1314,中石化,41,13,28,富邦-高雄,2024-07-03,9659
4726,永昕,28,1,27,富邦-高雄,2024-07-03,9659
6216,居易,34,7,27,富邦-高雄,2024-07-03,9659
2002,中鋼,45,18,27,富邦-高雄,2024-07-03,9659
2354,鴻準,35,8,27,富邦-高雄,2024-07-03,9659
00680L,元大美債20正2,49,23,26,富邦-高雄,2024-07-03,9659
1447,力鵬,27,2,25,富邦-高雄,2024-07-03,9659
8027,鈦昇,39,14,25,富邦-高雄,2024-07-03,9659
5484,慧友,26,2,24,富邦-高雄,2024-07-03,9659
4167,松瑞藥,28,5,23,富邦-高雄,2024-07-03,9659
00679B,元大美債20年,30,8,22,富邦-高雄,2024-07-03,9659
00713,元大台灣高息低波,26,4,22,富邦-高雄,2024-07-03,9659
0056,元大高股息,29,7,22,富邦-高雄,2024-07-03,9659
6901,鑽石投資,22,1,21,富邦-高雄,2024-07-03,9659
00757,統一FANG+,25,4,21,富邦-高雄,2024-07-03,9659
00632R,元大台灣50反1,1489,265,1224,富邦-高雄,2024-07-04,9659
1326,台化,726,1,725,富邦-高雄,2024-07-04,9659
3576,聯合再生,347,69,278,富邦-高雄,2024-07-04,9659
2427,三商電,157,6,151,富邦-高雄,2024-07-04,9659
2412,中華電,166,15,151,富邦-高雄,2024-07-04,9659
6139,亞翔,151,3,148,富邦-高雄,2024-07-04,9659
2890,永豐金,151,8,143,富邦-高雄,2024-07-04,9659
00934,中信成長高股息,142,9,133,富邦-高雄,2024-07-04,9659
2618,長榮航,197,79,118,富邦-高雄,2024-07-04,9659
6142,友勁,127,10,117,富邦-高雄,2024-07-04,9659
1303,南亞,115,2,113,富邦-高雄,2024-07-04,9659
00637L,元大滬深300正2,102,5,97,富邦-高雄,2024-07-04,9659
2472,立隆電,94,1,93,富邦-高雄,2024-07-04,9659
2367,燿華,102,16,86,富邦-高雄,2024-07-04,9659
00933B,國泰10Y+金融債,97,12,85,富邦-高雄,2024-07-04,9659
00937B,群益ESG投等債20,89,7,82,富邦-高雄,2024-07-04,9659
6215,和椿,123,45,78,富邦-高雄,2024-07-04,9659
2332,友訊,77,0,77,富邦-高雄,2024-07-04,9659
00929,復華台灣科技優息,199,126,73,富邦-高雄,2024-07-04,9659
00936,台新永續高息中小,69,0,69,富邦-高雄,2024-07-04,9659
4414,如興,68,0,68,富邦-高雄,2024-07-04,9659
6179,亞通,79,14,65,富邦-高雄,2024-07-04,9659
2002,中鋼,103,41,62,富邦-高雄,2024-07-04,9659
6869,雲豹能源,63,2,61,富邦-高雄,2024-07-04,9659
2881,富邦金,102,43,59,富邦-高雄,2024-07-04,9659
2014,中鴻,101,47,54,富邦-高雄,2024-07-04,9659
00881,國泰台灣5G+,87,33,54,富邦-高雄,2024-07-04,9659
6589,台康生技,58,5,53,富邦-高雄,2024-07-04,9659
5432,新門,55,2,53,富邦-高雄,2024-07-04,9659
00680L,元大美債20正2,63,11,52,富邦-高雄,2024-07-04,9659
3402,漢科,52,7,45,富邦-高雄,2024-07-04,9659
2609,陽明,54,10,44,富邦-高雄,2024-07-04,9659
6664,群翊,50,6,44,富邦-高雄,2024-07-04,9659
1785,光洋科,279,238,41,富邦-高雄,2024-07-04,9659
3047,訊舟,107,65,42,富邦-高雄,2024-07-04,9659
1409,新纖,70,29,41,富邦-高雄,2024-07-04,9659
2867,三商壽,91,53,38,富邦-高雄,2024-07-04,9659
2492,華新科,38,0,38,富邦-高雄,2024-07-04,9659
2354,鴻準,92,55,37,富邦-高雄,2024-07-04,9659
8064,東捷,162,126,36,富邦-高雄,2024-07-04,9659
1815,富喬,307,274,33,富邦-高雄,2024-07-04,9659
5347,世界,36,4,32,富邦-高雄,2024-07-04,9659
2329,華泰,34,4,30,富邦-高雄,2024-07-04,9659
2606,裕民,47,17,30,富邦-高雄,2024-07-04,9659
2883B,凱基金乙特,30,0,30,富邦-高雄,2024-07-04,9659
3049,精金,30,1,29,富邦-高雄,2024-07-04,9659
2883,凱基金,257,229,28,富邦-高雄,2024-07-04,9659
6125,廣運,39,11,28,富邦-高雄,2024-07-04,9659
8071,能率網通,72,47,25,富邦-高雄,2024-07-04,9659
00946,群益科技高息成長,29,4,25,富邦-高雄,2024-07-04,9659
00929,復華台灣科技優息,1323,27,1296,富邦-高雄,2024-07-05,9659
00632R,元大台灣50反1,580,111,469,富邦-高雄,2024-07-05,9659
1806,冠軍,210,0,210,富邦-高雄,2024-07-05,9659
2610,華航,232,34,198,富邦-高雄,2024-07-05,9659
00679B,元大美債20年,191,28,163,富邦-高雄,2024-07-05,9659
6282,康舒,193,38,155,富邦-高雄,2024-07-05,9659
2312,金寶,168,59,109,富邦-高雄,2024-07-05,9659
2349,錸德,120,21,99,富邦-高雄,2024-07-05,9659
2883,凱基金,110,13,97,富邦-高雄,2024-07-05,9659
00934,中信成長高股息,87,3,84,富邦-高雄,2024-07-05,9659
3055,蔚華科,89,14,75,富邦-高雄,2024-07-05,9659
2888,新光金,110,39,71,富邦-高雄,2024-07-05,9659
3019,亞光,102,37,65,富邦-高雄,2024-07-05,9659
00687B,國泰20年美債,94,29,65,富邦-高雄,2024-07-05,9659
2615,萬海,77,14,63,富邦-高雄,2024-07-05,9659
2359,所羅門,88,26,62,富邦-高雄,2024-07-05,9659
3374,精材,82,22,60,富邦-高雄,2024-07-05,9659
3048,益登,82,30,52,富邦-高雄,2024-07-05,9659
00633L,富邦上証正2,61,10,51,富邦-高雄,2024-07-05,9659
2317,鴻海,91,40,51,富邦-高雄,2024-07-05,9659
2890,永豐金,51,0,51,富邦-高雄,2024-07-05,9659
2867,三商壽,69,22,47,富邦-高雄,2024-07-05,9659
00735,國泰臺韓科技,46,0,46,富邦-高雄,2024-07-05,9659
5263,智崴,45,0,45,富邦-高雄,2024-07-05,9659
6664,群翊,44,1,43,富邦-高雄,2024-07-05,9659
00725B,國泰投資級公司債,40,0,40,富邦-高雄,2024-07-05,9659
2618,長榮航,95,55,40,富邦-高雄,2024-07-05,9659
4968,立積,80,42,38,富邦-高雄,2024-07-05,9659
2108,南帝,43,11,32,富邦-高雄,2024-07-05,9659
00915,凱基優選高股息30,36,5,31,富邦-高雄,2024-07-05,9659
2897,王道銀行,31,0,31,富邦-高雄,2024-07-05,9659
6189,豐藝,36,5,31,富邦-高雄,2024-07-05,9659
1326,台化,31,1,30,富邦-高雄,2024-07-05,9659
5515,建國,30,0,30,富邦-高雄,2024-07-05,9659
3049,精金,33,4,29,富邦-高雄,2024-07-05,9659
6217,中探針,65,38,27,富邦-高雄,2024-07-05,9659
5484,慧友,38,12,26,富邦-高雄,2024-07-05,9659
1303,南亞,29,4,25,富邦-高雄,2024-07-05,9659
6188,廣明,45,21,24,富邦-高雄,2024-07-05,9659
6603,富強鑫,24,0,24,富邦-高雄,2024-07-05,9659
1569,濱川,28,6,22,富邦-高雄,2024-07-05,9659
2301,光寶科,35,13,22,富邦-高雄,2024-07-05,9659
2641,正德,22,1,21,富邦-高雄,2024-07-05,9659
6443,元晶,50,29,21,富邦-高雄,2024-07-05,9659
3623,富晶通,20,0,20,富邦-高雄,2024-07-05,9659
00764B,群益25年美債,20,0,20,富邦-高雄,2024-07-05,9659
3714,富采,21,1,20,富邦-高雄,2024-07-05,9659
5531,鄉林,20,1,19,富邦-高雄,2024-07-05,9659
1785,光洋科,132,114,18,富邦-高雄,2024-07-05,9659
00936,台新永續高息中小,20,1,19,富邦-高雄,2024-07-05,9659
00632R,元大台灣50反1,675,102,573,富邦-高雄,2024-07-08,9659
00680L,元大美債20正2,331,18,313,富邦-高雄,2024-07-08,9659
00934,中信成長高股息,242,60,182,富邦-高雄,2024-07-08,9659
1326,台化,167,0,167,富邦-高雄,2024-07-08,9659
0056,元大高股息,188,28,160,富邦-高雄,2024-07-08,9659
3481,群創,193,44,149,富邦-高雄,2024-07-08,9659
2392,正崴,201,73,128,富邦-高雄,2024-07-08,9659
2618,長榮航,163,35,128,富邦-高雄,2024-07-08,9659
00679B,元大美債20年,110,2,108,富邦-高雄,2024-07-08,9659
6207,雷科,154,51,103,富邦-高雄,2024-07-08,9659
00753L,中信中國50正2,100,0,100,富邦-高雄,2024-07-08,9659
00936,台新永續高息中小,118,23,95,富邦-高雄,2024-07-08,9659
00919,群益台灣精選高息,102,12,90,富邦-高雄,2024-07-08,9659
00927,群益半導體收益,94,13,81,富邦-高雄,2024-07-08,9659
2834,臺企銀,96,20,76,富邦-高雄,2024-07-08,9659
00720B,元大投資級公司債,77,4,73,富邦-高雄,2024-07-08,9659
6179,亞通,71,4,67,富邦-高雄,2024-07-08,9659
3045,台灣大,65,1,64,富邦-高雄,2024-07-08,9659
3016,嘉晶,64,2,62,富邦-高雄,2024-07-08,9659
3044,健鼎,79,18,61,富邦-高雄,2024-07-08,9659
5452,佶優,86,29,57,富邦-高雄,2024-07-08,9659
2412,中華電,56,0,56,富邦-高雄,2024-07-08,9659
2883,凱基金,68,13,55,富邦-高雄,2024-07-08,9659
4906,正文,76,23,53,富邦-高雄,2024-07-08,9659
2352,佳世達,54,2,52,富邦-高雄,2024-07-08,9659
6505,台塑化,52,1,51,富邦-高雄,2024-07-08,9659
2316,楠梓電,90,40,50,富邦-高雄,2024-07-08,9659
2882,國泰金,70,22,48,富邦-高雄,2024-07-08,9659
1569,濱川,111,67,44,富邦-高雄,2024-07-08,9659
8936,國統,62,19,43,富邦-高雄,2024-07-08,9659
6152,百一,40,1,39,富邦-高雄,2024-07-08,9659
2365,昆盈,255,217,38,富邦-高雄,2024-07-08,9659
00928,中信上櫃ESG30,35,0,35,富邦-高雄,2024-07-08,9659
6589,台康生技,34,0,34,富邦-高雄,2024-07-08,9659
1409,新纖,76,44,32,富邦-高雄,2024-07-08,9659
00882,中信中國高股息,31,0,31,富邦-高雄,2024-07-08,9659
2809,京城銀,30,0,30,富邦-高雄,2024-07-08,9659
00795B,中信美國公債20年,31,1,30,富邦-高雄,2024-07-08,9659
4174,浩鼎,32,2,30,富邦-高雄,2024-07-08,9659
2906,高林,30,0,30,富邦-高雄,2024-07-08,9659
2867,三商壽,34,4,30,富邦-高雄,2024-07-08,9659
5522,遠雄,30,0,30,富邦-高雄,2024-07-08,9659
2606,裕民,30,0,30,富邦-高雄,2024-07-08,9659
2324,仁寶,31,2,29,富邦-高雄,2024-07-08,9659
6015,宏遠證,35,6,29,富邦-高雄,2024-07-08,9659
912000,晨訊科-DR,39,10,29,富邦-高雄,2024-07-08,9659
4562,穎漢,86,58,28,富邦-高雄,2024-07-08,9659
2349,錸德,35,8,27,富邦-高雄,2024-07-08,9659
2201,裕隆,28,1,27,富邦-高雄,2024-07-08,9659
3049,精金,29,3,26,富邦-高雄,2024-07-08,9659
00680L,元大美債20正2,333,9,324,富邦-高雄,2024-07-09,9659
00937B,群益ESG投等債20,359,45,314,富邦-高雄,2024-07-09,9659
00632R,元大台灣50反1,340,105,235,富邦-高雄,2024-07-09,9659
2610,華航,209,15,194,富邦-高雄,2024-07-09,9659
2312,金寶,452,291,161,富邦-高雄,2024-07-09,9659
9105,泰金寶-DR,361,223,138,富邦-高雄,2024-07-09,9659
00927,群益半導體收益,129,4,125,富邦-高雄,2024-07-09,9659
2354,鴻準,145,50,95,富邦-高雄,2024-07-09,9659
00934,中信成長高股息,101,7,94,富邦-高雄,2024-07-09,9659
00936,台新永續高息中小,160,83,77,富邦-高雄,2024-07-09,9659
2537,聯上發,82,6,76,富邦-高雄,2024-07-09,9659
00687B,國泰20年美債,99,25,74,富邦-高雄,2024-07-09,9659
00929,復華台灣科技優息,267,195,72,富邦-高雄,2024-07-09,9659
2618,長榮航,99,28,71,富邦-高雄,2024-07-09,9659
2887,台新金,79,11,68,富邦-高雄,2024-07-09,9659
2449,京元電子,92,28,64,富邦-高雄,2024-07-09,9659
00945B,凱基美國非投等債,64,0,64,富邦-高雄,2024-07-09,9659
00881,國泰台灣5G+,71,11,60,富邦-高雄,2024-07-09,9659
6589,台康生技,60,0,60,富邦-高雄,2024-07-09,9659
2201,裕隆,54,3,51,富邦-高雄,2024-07-09,9659
2883,凱基金,93,48,45,富邦-高雄,2024-07-09,9659
2881,富邦金,58,16,42,富邦-高雄,2024-07-09,9659
3050,鈺德,55,15,40,富邦-高雄,2024-07-09,9659
5515,建國,40,0,40,富邦-高雄,2024-07-09,9659
3481,群創,107,69,38,富邦-高雄,2024-07-09,9659
1608,華榮,65,27,38,富邦-高雄,2024-07-09,9659
00779B,凱基美債25+,35,0,35,富邦-高雄,2024-07-09,9659
5202,力新,36,1,35,富邦-高雄,2024-07-09,9659
5328,華容,37,3,34,富邦-高雄,2024-07-09,9659
8105,凌巨,118,86,32,富邦-高雄,2024-07-09,9659
1528,恩德,35,5,30,富邦-高雄,2024-07-09,9659
3024,憶聲,30,0,30,富邦-高雄,2024-07-09,9659
2611,志信,31,1,30,富邦-高雄,2024-07-09,9659
8103,瀚荃,30,0,30,富邦-高雄,2024-07-09,9659
00725B,國泰投資級公司債,31,2,29,富邦-高雄,2024-07-09,9659
2882,國泰金,42,14,28,富邦-高雄,2024-07-09,9659
00946,群益科技高息成長,27,0,27,富邦-高雄,2024-07-09,9659
00795B,中信美國公債20年,32,5,27,富邦-高雄,2024-07-09,9659
3149,正達,27,0,27,富邦-高雄,2024-07-09,9659
6548,長科*,27,0,27,富邦-高雄,2024-07-09,9659
4566,時碩工業,45,18,27,富邦-高雄,2024-07-09,9659
8110,華東,42,15,27,富邦-高雄,2024-07-09,9659
00878,國泰永續高股息,57,32,25,富邦-高雄,2024-07-09,9659
3498,陽程,27,2,25,富邦-高雄,2024-07-09,9659
1721,三晃,32,7,25,富邦-高雄,2024-07-09,9659
6578,達邦蛋白,32,7,25,富邦-高雄,2024-07-09,9659
8358,金居,28,3,25,富邦-高雄,2024-07-09,9659
00751B,元大AAA至A公司債,25,0,25,富邦-高雄,2024-07-09,9659
2317,鴻海,155,130,25,富邦-高雄,2024-07-09,9659
00713,元大台灣高息低波,26,2,24,富邦-高雄,2024-07-09,9659
00632R,元大台灣50反1,1057,300,757,富邦-高雄,2024-07-10,9659
2367,燿華,598,68,530,富邦-高雄,2024-07-10,9659
2464,盟立,320,80,240,富邦-高雄,2024-07-10,9659
2867,三商壽,598,359,239,富邦-高雄,2024-07-10,9659
1806,冠軍,200,2,198,富邦-高雄,2024-07-10,9659
6603,富強鑫,273,76,197,富邦-高雄,2024-07-10,9659
00937B,群益ESG投等債20,201,42,159,富邦-高雄,2024-07-10,9659
00934,中信成長高股息,147,0,147,富邦-高雄,2024-07-10,9659
2618,長榮航,228,88,140,富邦-高雄,2024-07-10,9659
2887,台新金,128,2,126,富邦-高雄,2024-07-10,9659
00687B,國泰20年美債,127,15,112,富邦-高雄,2024-07-10,9659
00725B,國泰投資級公司債,100,0,100,富邦-高雄,2024-07-10,9659
8105,凌巨,109,9,100,富邦-高雄,2024-07-10,9659
00929,復華台灣科技優息,248,156,92,富邦-高雄,2024-07-10,9659
5880,合庫金,89,5,84,富邦-高雄,2024-07-10,9659
6265,方土昶,80,2,78,富邦-高雄,2024-07-10,9659
2317,鴻海,141,63,78,富邦-高雄,2024-07-10,9659
4968,立積,75,6,69,富邦-高雄,2024-07-10,9659
2330,台積電,73,7,66,富邦-高雄,2024-07-10,9659
00950B,凱基A級公司債,62,0,62,富邦-高雄,2024-07-10,9659
2489,瑞軒,146,94,52,富邦-高雄,2024-07-10,9659
5452,佶優,67,15,52,富邦-高雄,2024-07-10,9659
4904,遠傳,55,5,50,富邦-高雄,2024-07-10,9659
2834,臺企銀,50,1,49,富邦-高雄,2024-07-10,9659
2511,太子,50,1,49,富邦-高雄,2024-07-10,9659
00942B,台新美A公司債20+,48,0,48,富邦-高雄,2024-07-10,9659
00720B,元大投資級公司債,46,1,45,富邦-高雄,2024-07-10,9659
4714,永捷,51,7,44,富邦-高雄,2024-07-10,9659
3029,零壹,43,2,41,富邦-高雄,2024-07-10,9659
2303,聯電,66,25,41,富邦-高雄,2024-07-10,9659
2641,正德,39,1,38,富邦-高雄,2024-07-10,9659
2392,正崴,115,79,36,富邦-高雄,2024-07-10,9659
3312,弘憶股,135,100,35,富邦-高雄,2024-07-10,9659
4131,浩泰,35,0,35,富邦-高雄,2024-07-10,9659
0056,元大高股息,58,23,35,富邦-高雄,2024-07-10,9659
1609,大亞,46,15,31,富邦-高雄,2024-07-10,9659
8234,新漢,34,3,31,富邦-高雄,2024-07-10,9659
2353,宏��,59,30,29,富邦-高雄,2024-07-10,9659
2359,所羅門,54,24,30,富邦-高雄,2024-07-10,9659
1303,南亞,29,0,29,富邦-高雄,2024-07-10,9659
00905,FT臺灣Smart,33,4,29,富邦-高雄,2024-07-10,9659
5014,建錩,30,1,29,富邦-高雄,2024-07-10,9659
3567,逸昌,28,0,28,富邦-高雄,2024-07-10,9659
1617,榮星,43,15,28,富邦-高雄,2024-07-10,9659
5426,振發,41,14,27,富邦-高雄,2024-07-10,9659
1736,喬山,34,8,26,富邦-高雄,2024-07-10,9659
00719B,元大美債1-3,28,3,25,富邦-高雄,2024-07-10,9659
3163,波若威,157,132,25,富邦-高雄,2024-07-10,9659
00936,台新永續高息中小,24,0,24,富邦-高雄,2024-07-10,9659
3576,聯合再生,65,42,23,富邦-高雄,2024-07-10,9659
00632R,元大台灣50反1,2853,60,2793,富邦-高雄,2024-07-11,9659
00688L,國泰20年美債正2,338,0,338,富邦-高雄,2024-07-11,9659
00937B,群益ESG投等債20,254,11,243,富邦-高雄,2024-07-11,9659
00934,中信成長高股息,225,36,189,富邦-高雄,2024-07-11,9659
00637L,元大滬深300正2,200,23,177,富邦-高雄,2024-07-11,9659
00680L,元大美債20正2,229,75,154,富邦-高雄,2024-07-11,9659
00725B,國泰投資級公司債,108,9,99,富邦-高雄,2024-07-11,9659
2618,長榮航,132,38,94,富邦-高雄,2024-07-11,9659
2603,長榮,80,9,71,富邦-高雄,2024-07-11,9659
2915,潤泰全,106,40,66,富邦-高雄,2024-07-11,9659
2453,凌群,98,33,65,富邦-高雄,2024-07-11,9659
2610,華航,65,2,63,富邦-高雄,2024-07-11,9659
2489,瑞軒,151,91,60,富邦-高雄,2024-07-11,9659
3016,嘉晶,61,1,60,富邦-高雄,2024-07-11,9659
2367,燿華,125,66,59,富邦-高雄,2024-07-11,9659
1447,力鵬,58,0,58,富邦-高雄,2024-07-11,9659
8027,鈦昇,91,35,56,富邦-高雄,2024-07-11,9659
2353,宏��,85,30,55,富邦-高雄,2024-07-11,9659
2888,新光金,259,204,55,富邦-高雄,2024-07-11,9659
6244,茂迪,53,1,52,富邦-高雄,2024-07-11,9659
00673R,期元大S＆P原油反1,53,2,51,富邦-高雄,2024-07-11,9659
2834,臺企銀,51,1,50,富邦-高雄,2024-07-11,9659
2365,昆盈,210,162,48,富邦-高雄,2024-07-11,9659
4952,凌通,41,0,41,富邦-高雄,2024-07-11,9659
1314,中石化,40,0,40,富邦-高雄,2024-07-11,9659
00915,凱基優選高股息30,56,17,39,富邦-高雄,2024-07-11,9659
2501,國建,39,1,38,富邦-高雄,2024-07-11,9659
2002,中鋼,53,20,33,富邦-高雄,2024-07-11,9659
00950B,凱基A級公司債,31,0,31,富邦-高雄,2024-07-11,9659
5515,建國,30,0,30,富邦-高雄,2024-07-11,9659
1815,富喬,120,90,30,富邦-高雄,2024-07-11,9659
1504,東元,34,5,29,富邦-高雄,2024-07-11,9659
2316,楠梓電,52,23,29,富邦-高雄,2024-07-11,9659
6112,邁達特,31,2,29,富邦-高雄,2024-07-11,9659
6133,金橋,28,0,28,富邦-高雄,2024-07-11,9659
3231,緯創,37,9,28,富邦-高雄,2024-07-11,9659
2412,中華電,27,0,27,富邦-高雄,2024-07-11,9659
3576,聯合再生,85,59,26,富邦-高雄,2024-07-11,9659
3049,精金,40,15,25,富邦-高雄,2024-07-11,9659
1785,光洋科,95,70,25,富邦-高雄,2024-07-11,9659
2812,台中銀,30,6,24,富邦-高雄,2024-07-11,9659
00740B,富邦全球投等債,24,0,24,富邦-高雄,2024-07-11,9659
6290,良維,26,2,24,富邦-高雄,2024-07-11,9659
2609,陽明,49,26,23,富邦-高雄,2024-07-11,9659
1101,台泥,37,15,22,富邦-高雄,2024-07-11,9659
1718,中纖,22,0,22,富邦-高雄,2024-07-11,9659
2323,中環,22,0,22,富邦-高雄,2024-07-11,9659
6706,惠特,71,49,22,富邦-高雄,2024-07-11,9659
00795B,中信美國公債20年,22,1,21,富邦-高雄,2024-07-11,9659
3363,上詮,71,50,21,富邦-高雄,2024-07-11,9659
00929,復華台灣科技優息,654,84,570,富邦-高雄,2024-07-12,9659
1326,台化,247,2,245,富邦-高雄,2024-07-12,9659
00940,元大台灣價值高息,310,90,220,富邦-高雄,2024-07-12,9659
2349,錸德,237,18,219,富邦-高雄,2024-07-12,9659
00937B,群益ESG投等債20,234,48,186,富邦-高雄,2024-07-12,9659
2362,藍天,179,27,152,富邦-高雄,2024-07-12,9659
00919,群益台灣精選高息,259,124,135,富邦-高雄,2024-07-12,9659
00927,群益半導體收益,138,4,134,富邦-高雄,2024-07-12,9659
2317,鴻海,185,52,133,富邦-高雄,2024-07-12,9659
00934,中信成長高股息,222,105,117,富邦-高雄,2024-07-12,9659
8105,凌巨,273,159,114,富邦-高雄,2024-07-12,9659
2618,長榮航,187,74,113,富邦-高雄,2024-07-12,9659
6179,亞通,111,11,100,富邦-高雄,2024-07-12,9659
00688L,國泰20年美債正2,118,20,98,富邦-高雄,2024-07-12,9659
00922,國泰台灣領袖50,93,1,92,富邦-高雄,2024-07-12,9659
00878,國泰永續高股息,91,10,81,富邦-高雄,2024-07-12,9659
4707,磐亞,81,5,76,富邦-高雄,2024-07-12,9659
3711,日月光投控,92,26,66,富邦-高雄,2024-07-12,9659
00740B,富邦全球投等債,74,16,58,富邦-高雄,2024-07-12,9659
00753L,中信中國50正2,62,4,58,富邦-高雄,2024-07-12,9659
006208,富邦台50,65,9,56,富邦-高雄,2024-07-12,9659
00905,FT臺灣Smart,59,3,56,富邦-高雄,2024-07-12,9659
00939,統一台灣高息動能,61,7,54,富邦-高雄,2024-07-12,9659
2108,南帝,57,5,52,富邦-高雄,2024-07-12,9659
2888,新光金,214,163,51,富邦-高雄,2024-07-12,9659
00892,富邦台灣半導體,53,2,51,富邦-高雄,2024-07-12,9659
00904,新光臺灣半導體30,51,0,51,富邦-高雄,2024-07-12,9659
2611,志信,46,0,46,富邦-高雄,2024-07-12,9659
00949,復華日本龍頭,46,2,44,富邦-高雄,2024-07-12,9659
00911,兆豐洲際半導體,44,0,44,富邦-高雄,2024-07-12,9659
6257,矽格,44,1,43,富邦-高雄,2024-07-12,9659
00881,國泰台灣5G+,57,15,42,富邦-高雄,2024-07-12,9659
2330,台積電,59,19,40,富邦-高雄,2024-07-12,9659
2303,聯電,66,27,39,富邦-高雄,2024-07-12,9659
2363,矽統,37,0,37,富邦-高雄,2024-07-12,9659
00857B,永豐20年美公債,50,14,36,富邦-高雄,2024-07-12,9659
4513,福裕,36,2,34,富邦-高雄,2024-07-12,9659
2641,正德,33,0,33,富邦-高雄,2024-07-12,9659
3706,神達,49,17,32,富邦-高雄,2024-07-12,9659
2537,聯上發,44,12,32,富邦-高雄,2024-07-12,9659
3209,全科,30,0,30,富邦-高雄,2024-07-12,9659
1210,大成,30,0,30,富邦-高雄,2024-07-12,9659
00650L,復華香港正2,34,4,30,富邦-高雄,2024-07-12,9659
00692,富邦公司治理,29,1,28,富邦-高雄,2024-07-12,9659
2374,佳能,38,10,28,富邦-高雄,2024-07-12,9659
00757,統一FANG+,36,8,28,富邦-高雄,2024-07-12,9659
2615,萬海,57,30,27,富邦-高雄,2024-07-12,9659
0050,元大台灣50,29,3,26,富邦-高雄,2024-07-12,9659
2610,華航,30,5,25,富邦-高雄,2024-07-12,9659
5309,系統電,30,5,25,富邦-高雄,2024-07-12,9659
00934,中信成長高股息,261,8,253,富邦-高雄,2024-07-15,9659
00929,復華台灣科技優息,277,39,238,富邦-高雄,2024-07-15,9659
2888,新光金,212,10,202,富邦-高雄,2024-07-15,9659
1309,台達化,221,20,201,富邦-高雄,2024-07-15,9659
3481,群創,208,30,178,富邦-高雄,2024-07-15,9659
3712,永崴投控,162,2,160,富邦-高雄,2024-07-15,9659
2891,中信金,183,48,135,富邦-高雄,2024-07-15,9659
00679B,元大美債20年,194,61,133,富邦-高雄,2024-07-15,9659
00919,群益台灣精選高息,139,20,119,富邦-高雄,2024-07-15,9659
1608,華榮,179,63,116,富邦-高雄,2024-07-15,9659
00696B,富邦美債20年,110,0,110,富邦-高雄,2024-07-15,9659
0056,元大高股息,96,16,80,富邦-高雄,2024-07-15,9659
2356,英業達,133,57,76,富邦-高雄,2024-07-15,9659
00933B,國泰10Y+金融債,94,21,73,富邦-高雄,2024-07-15,9659
2610,華航,82,16,66,富邦-高雄,2024-07-15,9659
2883,凱基金,67,10,57,富邦-高雄,2024-07-15,9659
3045,台灣大,57,0,57,富邦-高雄,2024-07-15,9659
6285,啟��,52,0,52,富邦-高雄,2024-07-15,9659
8105,凌巨,58,6,52,富邦-高雄,2024-07-15,9659
2885,元大金,54,3,51,富邦-高雄,2024-07-15,9659
00904,新光臺灣半導體30,49,0,49,富邦-高雄,2024-07-15,9659
00751B,元大AAA至A公司債,47,0,47,富邦-高雄,2024-07-15,9659
8064,東捷,94,47,47,富邦-高雄,2024-07-15,9659
9904,寶成,45,0,45,富邦-高雄,2024-07-15,9659
00936,台新永續高息中小,46,2,44,富邦-高雄,2024-07-15,9659
1612,宏泰,45,1,44,富邦-高雄,2024-07-15,9659
2312,金寶,218,182,36,富邦-高雄,2024-07-15,9659
2323,中環,32,0,32,富邦-高雄,2024-07-15,9659
8027,鈦昇,42,10,32,富邦-高雄,2024-07-15,9659
2329,華泰,31,0,31,富邦-高雄,2024-07-15,9659
00931B,統一美債20年,81,51,30,富邦-高雄,2024-07-15,9659
2489,瑞軒,232,201,31,富邦-高雄,2024-07-15,9659
2889,國票金,37,8,29,富邦-高雄,2024-07-15,9659
1440,南紡,29,0,29,富邦-高雄,2024-07-15,9659
00905,FT臺灣Smart,52,24,28,富邦-高雄,2024-07-15,9659
00680L,元大美債20正2,30,2,28,富邦-高雄,2024-07-15,9659
6770,力積電,27,0,27,富邦-高雄,2024-07-15,9659
1617,榮星,40,14,26,富邦-高雄,2024-07-15,9659
2881,富邦金,51,26,25,富邦-高雄,2024-07-15,9659
2330,台積電,29,3,26,富邦-高雄,2024-07-15,9659
3706,神達,34,9,25,富邦-高雄,2024-07-15,9659
00740B,富邦全球投等債,25,1,24,富邦-高雄,2024-07-15,9659
2344,華邦電,26,2,24,富邦-高雄,2024-07-15,9659
006208,富邦台50,27,3,24,富邦-高雄,2024-07-15,9659
4952,凌通,21,0,21,富邦-高雄,2024-07-15,9659
1301,台塑,22,2,20,富邦-高雄,2024-07-15,9659
2365,昆盈,155,135,20,富邦-高雄,2024-07-15,9659
1718,中纖,20,0,20,富邦-高雄,2024-07-15,9659
2634,漢翔,21,1,20,富邦-高雄,2024-07-15,9659
6126,信音,22,2,20,富邦-高雄,2024-07-15,9659
00929,復華台灣科技優息,589,47,542,富邦-高雄,2024-07-16,9659
5328,華容,211,69,142,富邦-高雄,2024-07-16,9659
00905,FT臺灣Smart,147,5,142,富邦-高雄,2024-07-16,9659
00878,國泰永續高股息,153,13,140,富邦-高雄,2024-07-16,9659
0056,元大高股息,152,41,111,富邦-高雄,2024-07-16,9659
00919,群益台灣精選高息,131,29,102,富邦-高雄,2024-07-16,9659
2891,中信金,93,6,87,富邦-高雄,2024-07-16,9659
2317,鴻海,104,22,82,富邦-高雄,2024-07-16,9659
2867,三商壽,97,15,82,富邦-高雄,2024-07-16,9659
2363,矽統,86,17,69,富邦-高雄,2024-07-16,9659
6005,群益證,67,0,67,富邦-高雄,2024-07-16,9659
00751B,元大AAA至A公司債,60,0,60,富邦-高雄,2024-07-16,9659
00753L,中信中國50正2,55,0,55,富邦-高雄,2024-07-16,9659
00882,中信中國高股息,53,0,53,富邦-高雄,2024-07-16,9659
00936,台新永續高息中小,44,0,44,富邦-高雄,2024-07-16,9659
00937B,群益ESG投等債20,87,43,44,富邦-高雄,2024-07-16,9659
1608,華榮,88,44,44,富邦-高雄,2024-07-16,9659
3520,華盈,59,19,40,富邦-高雄,2024-07-16,9659
2615,萬海,77,39,38,富邦-高雄,2024-07-16,9659
00934,中信成長高股息,124,88,36,富邦-高雄,2024-07-16,9659
00725B,國泰投資級公司債,35,0,35,富邦-高雄,2024-07-16,9659
00679B,元大美債20年,132,99,33,富邦-高雄,2024-07-16,9659
8150,南茂,33,0,33,富邦-高雄,2024-07-16,9659
00923,群益台ESG低碳50,31,0,31,富邦-高雄,2024-07-16,9659
00686R,群益臺灣加權反1,31,0,31,富邦-高雄,2024-07-16,9659
1109,信大,30,0,30,富邦-高雄,2024-07-16,9659
6284,佳邦,50,20,30,富邦-高雄,2024-07-16,9659
9945,潤泰新,71,41,30,富邦-高雄,2024-07-16,9659
00713,元大台灣高息低波,30,0,30,富邦-高雄,2024-07-16,9659
9904,寶成,27,0,27,富邦-高雄,2024-07-16,9659
00949,復華日本龍頭,26,1,25,富邦-高雄,2024-07-16,9659
2501,國建,28,3,25,富邦-高雄,2024-07-16,9659
00946,群益科技高息成長,26,1,25,富邦-高雄,2024-07-16,9659
2408,南亞科,24,0,24,富邦-高雄,2024-07-16,9659
2606,裕民,23,1,22,富邦-高雄,2024-07-16,9659
00948B,中信優息投資級債,56,35,21,富邦-高雄,2024-07-16,9659
00933B,國泰10Y+金融債,43,22,21,富邦-高雄,2024-07-16,9659
5213,亞昕,21,0,21,富邦-高雄,2024-07-16,9659
00665L,富邦�琤肭磪囓�2,20,0,20,富邦-高雄,2024-07-16,9659
4804,大略-KY,20,0,20,富邦-高雄,2024-07-16,9659
5460,同協,39,19,20,富邦-高雄,2024-07-16,9659
4306,炎洲,21,1,20,富邦-高雄,2024-07-16,9659
2305,全友,22,2,20,富邦-高雄,2024-07-16,9659
5202,力新,19,0,19,富邦-高雄,2024-07-16,9659
2359,所羅門,48,29,19,富邦-高雄,2024-07-16,9659
1513,中興電,32,14,18,富邦-高雄,2024-07-16,9659
2883,凱基金,31,13,18,富邦-高雄,2024-07-16,9659
4968,立積,21,3,18,富邦-高雄,2024-07-16,9659
1609,大亞,48,31,17,富邦-高雄,2024-07-16,9659
2211,長榮鋼,17,0,17,富邦-高雄,2024-07-16,9659
00795B,中信美國公債20年,645,2,643,富邦-高雄,2024-07-17,9659
00929,復華台灣科技優息,595,68,527,富邦-高雄,2024-07-17,9659
00665L,富邦�琤肭磪囓�2,202,0,202,富邦-高雄,2024-07-17,9659
1709,和益,209,16,193,富邦-高雄,2024-07-17,9659
1540,喬福,226,50,176,富邦-高雄,2024-07-17,9659
00712,復華富時不動產,193,54,139,富邦-高雄,2024-07-17,9659
00679B,元大美債20年,142,13,129,富邦-高雄,2024-07-17,9659
2515,中工,202,90,112,富邦-高雄,2024-07-17,9659
0056,元大高股息,104,1,103,富邦-高雄,2024-07-17,9659
00919,群益台灣精選高息,218,115,103,富邦-高雄,2024-07-17,9659
8071,能率網通,100,2,98,富邦-高雄,2024-07-17,9659
00687B,國泰20年美債,145,49,96,富邦-高雄,2024-07-17,9659
00753L,中信中國50正2,95,0,95,富邦-高雄,2024-07-17,9659
4906,正文,95,7,88,富邦-高雄,2024-07-17,9659
9945,潤泰新,125,43,82,富邦-高雄,2024-07-17,9659
2464,盟立,207,127,80,富邦-高雄,2024-07-17,9659
2609,陽明,124,49,75,富邦-高雄,2024-07-17,9659
5328,華容,80,6,74,富邦-高雄,2024-07-17,9659
2867,三商壽,146,75,71,富邦-高雄,2024-07-17,9659
00881,國泰台灣5G+,65,0,65,富邦-高雄,2024-07-17,9659
1440,南紡,67,4,63,富邦-高雄,2024-07-17,9659
00885,富邦越南,63,3,60,富邦-高雄,2024-07-17,9659
3231,緯創,88,31,57,富邦-高雄,2024-07-17,9659
00878,國泰永續高股息,63,6,57,富邦-高雄,2024-07-17,9659
3209,全科,57,1,56,富邦-高雄,2024-07-17,9659
1609,大亞,262,207,55,富邦-高雄,2024-07-17,9659
00927,群益半導體收益,53,0,53,富邦-高雄,2024-07-17,9659
00905,FT臺灣Smart,60,8,52,富邦-高雄,2024-07-17,9659
5871,中租-KY,52,1,51,富邦-高雄,2024-07-17,9659
1316,上曜,71,23,48,富邦-高雄,2024-07-17,9659
3037,欣興,128,81,47,富邦-高雄,2024-07-17,9659
00918,大華優利高填息30,47,0,47,富邦-高雄,2024-07-17,9659
4306,炎洲,45,1,44,富邦-高雄,2024-07-17,9659
006208,富邦台50,51,8,43,富邦-高雄,2024-07-17,9659
00933B,國泰10Y+金融債,54,12,42,富邦-高雄,2024-07-17,9659
2520,冠德,63,21,42,富邦-高雄,2024-07-17,9659
2641,正德,42,1,41,富邦-高雄,2024-07-17,9659
8150,南茂,42,1,41,富邦-高雄,2024-07-17,9659
2349,錸德,47,6,41,富邦-高雄,2024-07-17,9659
8027,鈦昇,50,11,39,富邦-高雄,2024-07-17,9659
3376,新日興,46,7,39,富邦-高雄,2024-07-17,9659
1409,新纖,90,53,37,富邦-高雄,2024-07-17,9659
2845,遠東銀,35,0,35,富邦-高雄,2024-07-17,9659
6173,信昌電,64,31,33,富邦-高雄,2024-07-17,9659
2401,凌陽,35,3,32,富邦-高雄,2024-07-17,9659
2027,大成鋼,37,6,31,富邦-高雄,2024-07-17,9659
6770,力積電,54,23,31,富邦-高雄,2024-07-17,9659
2489,瑞軒,135,105,30,富邦-高雄,2024-07-17,9659
5905,南仁湖,33,8,25,富邦-高雄,2024-07-17,9659
2301,光寶科,26,1,25,富邦-高雄,2024-07-17,9659
00929,復華台灣科技優息,476,111,365,富邦-高雄,2024-07-18,9659
00919,群益台灣精選高息,371,128,243,富邦-高雄,2024-07-18,9659
00751B,元大AAA至A公司債,179,3,176,富邦-高雄,2024-07-18,9659
00878,國泰永續高股息,199,44,155,富邦-高雄,2024-07-18,9659
2317,鴻海,240,88,152,富邦-高雄,2024-07-18,9659
1316,上曜,166,18,148,富邦-高雄,2024-07-18,9659
00687B,國泰20年美債,209,77,132,富邦-高雄,2024-07-18,9659
00927,群益半導體收益,126,4,122,富邦-高雄,2024-07-18,9659
00946,群益科技高息成長,126,8,118,富邦-高雄,2024-07-18,9659
00665L,富邦�琤肭磪囓�2,115,6,109,富邦-高雄,2024-07-18,9659
2330,台積電,132,24,108,富邦-高雄,2024-07-18,9659
6177,達麗,114,14,100,富邦-高雄,2024-07-18,9659
00795B,中信美國公債20年,99,3,96,富邦-高雄,2024-07-18,9659
00680L,元大美債20正2,192,100,92,富邦-高雄,2024-07-18,9659
0056,元大高股息,120,29,91,富邦-高雄,2024-07-18,9659
2888,新光金,109,21,88,富邦-高雄,2024-07-18,9659
9933,中鼎,83,1,82,富邦-高雄,2024-07-18,9659
2412,中華電,87,9,78,富邦-高雄,2024-07-18,9659
00706L,期元大S＆P日圓正2,80,6,74,富邦-高雄,2024-07-18,9659
00881,國泰台灣5G+,83,14,69,富邦-高雄,2024-07-18,9659
2356,英業達,71,2,69,富邦-高雄,2024-07-18,9659
00936,台新永續高息中小,67,4,63,富邦-高雄,2024-07-18,9659
3363,上詮,58,4,54,富邦-高雄,2024-07-18,9659
2887,台新金,59,5,54,富邦-高雄,2024-07-18,9659
6770,力積電,64,10,54,富邦-高雄,2024-07-18,9659
00905,FT臺灣Smart,54,0,54,富邦-高雄,2024-07-18,9659
1308,亞聚,58,6,52,富邦-高雄,2024-07-18,9659
00719B,元大美債1-3,51,0,51,富邦-高雄,2024-07-18,9659
8105,凌巨,92,41,51,富邦-高雄,2024-07-18,9659
2520,冠德,85,37,48,富邦-高雄,2024-07-18,9659
2881,富邦金,81,34,47,富邦-高雄,2024-07-18,9659
2449,京元電子,51,5,46,富邦-高雄,2024-07-18,9659
3583,辛耘,51,7,44,富邦-高雄,2024-07-18,9659
2882,國泰金,57,14,43,富邦-高雄,2024-07-18,9659
2618,長榮航,77,35,42,富邦-高雄,2024-07-18,9659
2537,聯上發,77,38,39,富邦-高雄,2024-07-18,9659
00885,富邦越南,39,0,39,富邦-高雄,2024-07-18,9659
00918,大華優利高填息30,55,16,39,富邦-高雄,2024-07-18,9659
6125,廣運,107,68,39,富邦-高雄,2024-07-18,9659
00933B,國泰10Y+金融債,54,16,38,富邦-高雄,2024-07-18,9659
2382,廣達,51,13,38,富邦-高雄,2024-07-18,9659
8054,安國,87,51,36,富邦-高雄,2024-07-18,9659
00679B,元大美債20年,59,24,35,富邦-高雄,2024-07-18,9659
8110,華東,41,6,35,富邦-高雄,2024-07-18,9659
2891,中信金,50,17,33,富邦-高雄,2024-07-18,9659
2610,華航,37,5,32,富邦-高雄,2024-07-18,9659
4306,炎洲,33,1,32,富邦-高雄,2024-07-18,9659
006208,富邦台50,35,6,29,富邦-高雄,2024-07-18,9659
2362,藍天,79,51,28,富邦-高雄,2024-07-18,9659
00948B,中信優息投資級債,38,11,27,富邦-高雄,2024-07-18,9659
2633,台灣高鐵,206,0,206,富邦-高雄,2024-07-19,9659
00878,國泰永續高股息,198,37,161,富邦-高雄,2024-07-19,9659
00919,群益台灣精選高息,275,135,140,富邦-高雄,2024-07-19,9659
00929,復華台灣科技優息,422,297,125,富邦-高雄,2024-07-19,9659
2891,中信金,152,32,120,富邦-高雄,2024-07-19,9659
2888,新光金,186,73,113,富邦-高雄,2024-07-19,9659
1414,東和,110,0,110,富邦-高雄,2024-07-19,9659
00680L,元大美債20正2,104,2,102,富邦-高雄,2024-07-19,9659
00937B,群益ESG投等債20,339,240,99,富邦-高雄,2024-07-19,9659
6163,華電網,110,11,99,富邦-高雄,2024-07-19,9659
00905,FT臺灣Smart,95,2,93,富邦-高雄,2024-07-19,9659
2349,錸德,91,1,90,富邦-高雄,2024-07-19,9659
2618,長榮航,108,18,90,富邦-高雄,2024-07-19,9659
00936,台新永續高息中小,90,4,86,富邦-高雄,2024-07-19,9659
2330,台積電,124,38,86,富邦-高雄,2024-07-19,9659
00881,國泰台灣5G+,97,14,83,富邦-高雄,2024-07-19,9659
0056,元大高股息,166,84,82,富邦-高雄,2024-07-19,9659
4533,協易機,86,19,67,富邦-高雄,2024-07-19,9659
2344,華邦電,79,14,65,富邦-高雄,2024-07-19,9659
00946,群益科技高息成長,65,2,63,富邦-高雄,2024-07-19,9659
5905,南仁湖,64,1,63,富邦-高雄,2024-07-19,9659
1303,南亞,82,20,62,富邦-高雄,2024-07-19,9659
00947,台新臺灣IC設計,61,1,60,富邦-高雄,2024-07-19,9659
00939,統一台灣高息動能,61,8,53,富邦-高雄,2024-07-19,9659
2882,國泰金,126,76,50,富邦-高雄,2024-07-19,9659
2365,昆盈,175,126,49,富邦-高雄,2024-07-19,9659
3498,陽程,92,44,48,富邦-高雄,2024-07-19,9659
2356,英業達,69,22,47,富邦-高雄,2024-07-19,9659
00918,大華優利高填息30,69,24,45,富邦-高雄,2024-07-19,9659
5871,中租-KY,44,1,43,富邦-高雄,2024-07-19,9659
2472,立隆電,47,4,43,富邦-高雄,2024-07-19,9659
1718,中纖,43,0,43,富邦-高雄,2024-07-19,9659
1784,訊聯,64,24,40,富邦-高雄,2024-07-19,9659
00713,元大台灣高息低波,38,2,36,富邦-高雄,2024-07-19,9659
2441,超豐,44,8,36,富邦-高雄,2024-07-19,9659
9907,統一實,35,0,35,富邦-高雄,2024-07-19,9659
00650L,復華香港正2,90,55,35,富邦-高雄,2024-07-19,9659
3189,景碩,51,17,34,富邦-高雄,2024-07-19,9659
2408,南亞科,36,3,33,富邦-高雄,2024-07-19,9659
00753L,中信中國50正2,87,55,32,富邦-高雄,2024-07-19,9659
3380,明泰,55,23,32,富邦-高雄,2024-07-19,9659
3062,建漢,37,6,31,富邦-高雄,2024-07-19,9659
2603,長榮,38,7,31,富邦-高雄,2024-07-19,9659
5515,建國,30,0,30,富邦-高雄,2024-07-19,9659
4566,時碩工業,50,20,30,富邦-高雄,2024-07-19,9659
2881,富邦金,66,37,29,富邦-高雄,2024-07-19,9659
2201,裕隆,34,5,29,富邦-高雄,2024-07-19,9659
5302,太欣,30,1,29,富邦-高雄,2024-07-19,9659
8105,凌巨,72,43,29,富邦-高雄,2024-07-19,9659
00940,元大台灣價值高息,173,145,28,富邦-高雄,2024-07-19,9659
00929,復華台灣科技優息,841,513,328,富邦-高雄,2024-07-22,9659
2010,春源,300,0,300,富邦-高雄,2024-07-22,9659
00940,元大台灣價值高息,419,197,222,富邦-高雄,2024-07-22,9659
00679B,元大美債20年,312,100,212,富邦-高雄,2024-07-22,9659
00919,群益台灣精選高息,369,175,194,富邦-高雄,2024-07-22,9659
00686R,群益臺灣加權反1,173,0,173,富邦-高雄,2024-07-22,9659
2609,陽明,198,26,172,富邦-高雄,2024-07-22,9659
00933B,國泰10Y+金融債,247,101,146,富邦-高雄,2024-07-22,9659
2317,鴻海,202,92,110,富邦-高雄,2024-07-22,9659
00934,中信成長高股息,138,30,108,富邦-高雄,2024-07-22,9659
3481,群創,272,175,97,富邦-高雄,2024-07-22,9659
2888,新光金,131,55,76,富邦-高雄,2024-07-22,9659
00947,台新臺灣IC設計,96,30,66,富邦-高雄,2024-07-22,9659
00905,FT臺灣Smart,64,2,62,富邦-高雄,2024-07-22,9659
6257,矽格,58,0,58,富邦-高雄,2024-07-22,9659
00881,國泰台灣5G+,83,32,51,富邦-高雄,2024-07-22,9659
2489,瑞軒,113,63,50,富邦-高雄,2024-07-22,9659
1309,台達化,52,2,50,富邦-高雄,2024-07-22,9659
2892,第一金,53,3,50,富邦-高雄,2024-07-22,9659
2867,三商壽,137,92,45,富邦-高雄,2024-07-22,9659
00936,台新永續高息中小,75,30,45,富邦-高雄,2024-07-22,9659
00680L,元大美債20正2,45,1,44,富邦-高雄,2024-07-22,9659
006208,富邦台50,63,19,44,富邦-高雄,2024-07-22,9659
1709,和益,54,14,40,富邦-高雄,2024-07-22,9659
00715L,期街口布蘭特正2,49,10,39,富邦-高雄,2024-07-22,9659
2303,聯電,52,13,39,富邦-高雄,2024-07-22,9659
00918,大華優利高填息30,63,25,38,富邦-高雄,2024-07-22,9659
3081,聯亞,38,1,37,富邦-高雄,2024-07-22,9659
3663,鑫科,69,33,36,富邦-高雄,2024-07-22,9659
00857B,永豐20年美公債,37,2,35,富邦-高雄,2024-07-22,9659
2498,宏達電,36,2,34,富邦-高雄,2024-07-22,9659
00946,群益科技高息成長,134,101,33,富邦-高雄,2024-07-22,9659
2836,高雄銀,33,0,33,富邦-高雄,2024-07-22,9659
2356,英業達,39,8,31,富邦-高雄,2024-07-22,9659
1611,中電,63,32,31,富邦-高雄,2024-07-22,9659
5364,力麗店,30,0,30,富邦-高雄,2024-07-22,9659
9945,潤泰新,51,24,27,富邦-高雄,2024-07-22,9659
3105,穩懋,28,2,26,富邦-高雄,2024-07-22,9659
2323,中環,25,0,25,富邦-高雄,2024-07-22,9659
8110,華東,36,11,25,富邦-高雄,2024-07-22,9659
0050,元大台灣50,42,17,25,富邦-高雄,2024-07-22,9659
3231,緯創,46,21,25,富邦-高雄,2024-07-22,9659
3073,天方能源,29,5,24,富邦-高雄,2024-07-22,9659
2449,京元電子,45,21,24,富邦-高雄,2024-07-22,9659
3450,聯鈞,45,23,22,富邦-高雄,2024-07-22,9659
5608,四維航,32,10,22,富邦-高雄,2024-07-22,9659
5521,工信,22,0,22,富邦-高雄,2024-07-22,9659
00795B,中信美國公債20年,21,0,21,富邦-高雄,2024-07-22,9659
3019,亞光,28,7,21,富邦-高雄,2024-07-22,9659
2834,臺企銀,27,6,21,富邦-高雄,2024-07-22,9659
00632R,元大台灣50反1,2404,114,2290,富邦-高雄,2024-07-23,9659
3481,群創,288,61,227,富邦-高雄,2024-07-23,9659
00937B,群益ESG投等債20,205,26,179,富邦-高雄,2024-07-23,9659
00679B,元大美債20年,136,0,136,富邦-高雄,2024-07-23,9659
00878,國泰永續高股息,199,81,118,富邦-高雄,2024-07-23,9659
00927,群益半導體收益,116,2,114,富邦-高雄,2024-07-23,9659
2486,一詮,146,40,106,富邦-高雄,2024-07-23,9659
2010,春源,100,0,100,富邦-高雄,2024-07-23,9659
00946,群益科技高息成長,72,6,66,富邦-高雄,2024-07-23,9659
2408,南亞科,61,0,61,富邦-高雄,2024-07-23,9659
3163,波若威,164,105,59,富邦-高雄,2024-07-23,9659
2324,仁寶,63,5,58,富邦-高雄,2024-07-23,9659
2888,新光金,69,16,53,富邦-高雄,2024-07-23,9659
00929,復華台灣科技優息,263,210,53,富邦-高雄,2024-07-23,9659
1326,台化,51,0,51,富邦-高雄,2024-07-23,9659
5522,遠雄,61,11,50,富邦-高雄,2024-07-23,9659
3231,緯創,68,24,44,富邦-高雄,2024-07-23,9659
2891,中信金,64,21,43,富邦-高雄,2024-07-23,9659
6770,力積電,66,25,41,富邦-高雄,2024-07-23,9659
2739,寒舍,43,3,40,富邦-高雄,2024-07-23,9659
00688L,國泰20年美債正2,41,5,36,富邦-高雄,2024-07-23,9659
1609,大亞,49,17,32,富邦-高雄,2024-07-23,9659
00931B,統一美債20年,31,0,31,富邦-高雄,2024-07-23,9659
1785,光洋科,38,9,29,富邦-高雄,2024-07-23,9659
00897,富邦基因免疫生技,30,2,28,富邦-高雄,2024-07-23,9659
00934,中信成長高股息,33,6,27,富邦-高雄,2024-07-23,9659
00680L,元大美債20正2,26,0,26,富邦-高雄,2024-07-23,9659
8054,安國,122,96,26,富邦-高雄,2024-07-23,9659
00939,統一台灣高息動能,78,52,26,富邦-高雄,2024-07-23,9659
2356,英業達,33,8,25,富邦-高雄,2024-07-23,9659
3707,漢磊,25,1,24,富邦-高雄,2024-07-23,9659
00706L,期元大S＆P日圓正2,22,0,22,富邦-高雄,2024-07-23,9659
8936,國統,37,17,20,富邦-高雄,2024-07-23,9659
1597,直得,33,13,20,富邦-高雄,2024-07-23,9659
3024,憶聲,20,0,20,富邦-高雄,2024-07-23,9659
00915,凱基優選高股息30,20,0,20,富邦-高雄,2024-07-23,9659
2409,友達,26,7,19,富邦-高雄,2024-07-23,9659
00936,台新永續高息中小,20,1,19,富邦-高雄,2024-07-23,9659
1560,中砂,20,1,19,富邦-高雄,2024-07-23,9659
00942B,台新美A公司債20+,39,20,19,富邦-高雄,2024-07-23,9659
5521,工信,21,2,19,富邦-高雄,2024-07-23,9659
3062,建漢,23,5,18,富邦-高雄,2024-07-23,9659
3686,達能,18,1,17,富邦-高雄,2024-07-23,9659
6147,頎邦,18,2,16,富邦-高雄,2024-07-23,9659
2406,國碩,16,0,16,富邦-高雄,2024-07-23,9659
2607,榮運,16,0,16,富邦-高雄,2024-07-23,9659
2812,台中銀,17,1,16,富邦-高雄,2024-07-23,9659
8105,凌巨,29,14,15,富邦-高雄,2024-07-23,9659
1314,中石化,18,3,15,富邦-高雄,2024-07-23,9659
2537,聯上發,43,28,15,富邦-高雄,2024-07-23,9659
00919,群益台灣精選高息,1322,22,1300,富邦-高雄,2024-07-26,9659
00937B,群益ESG投等債20,863,52,811,富邦-高雄,2024-07-26,9659
00680L,元大美債20正2,380,2,378,富邦-高雄,2024-07-26,9659
2002,中鋼,319,38,281,富邦-高雄,2024-07-26,9659
00940,元大台灣價值高息,254,6,248,富邦-高雄,2024-07-26,9659
00878,國泰永續高股息,226,9,217,富邦-高雄,2024-07-26,9659
00934,中信成長高股息,120,0,120,富邦-高雄,2024-07-26,9659
0056,元大高股息,143,26,117,富邦-高雄,2024-07-26,9659
2330,台積電,134,25,109,富邦-高雄,2024-07-26,9659
2884,玉山金,109,1,108,富邦-高雄,2024-07-26,9659
00946,群益科技高息成長,105,0,105,富邦-高雄,2024-07-26,9659
1714,和桐,100,0,100,富邦-高雄,2024-07-26,9659
2464,盟立,138,40,98,富邦-高雄,2024-07-26,9659
00881,國泰台灣5G+,99,5,94,富邦-高雄,2024-07-26,9659
2880,華南金,93,0,93,富邦-高雄,2024-07-26,9659
00637L,元大滬深300正2,198,108,90,富邦-高雄,2024-07-26,9659
2609,陽明,89,8,81,富邦-高雄,2024-07-26,9659
00941,中信上游半導體,86,11,75,富邦-高雄,2024-07-26,9659
00725B,國泰投資級公司債,76,8,68,富邦-高雄,2024-07-26,9659
3711,日月光投控,69,2,67,富邦-高雄,2024-07-26,9659
2382,廣達,58,7,51,富邦-高雄,2024-07-26,9659
2029,盛餘,50,0,50,富邦-高雄,2024-07-26,9659
1540,喬福,115,66,49,富邦-高雄,2024-07-26,9659
00688L,國泰20年美債正2,108,60,48,富邦-高雄,2024-07-26,9659
2208,台船,49,1,48,富邦-高雄,2024-07-26,9659
2356,英業達,66,18,48,富邦-高雄,2024-07-26,9659
00650L,復華香港正2,47,0,47,富邦-高雄,2024-07-26,9659
00720B,元大投資級公司債,47,1,46,富邦-高雄,2024-07-26,9659
00706L,期元大S＆P日圓正2,48,2,46,富邦-高雄,2024-07-26,9659
2537,聯上發,90,44,46,富邦-高雄,2024-07-26,9659
006208,富邦台50,44,1,43,富邦-高雄,2024-07-26,9659
00918,大華優利高填息30,46,4,42,富邦-高雄,2024-07-26,9659
2834,臺企銀,39,0,39,富邦-高雄,2024-07-26,9659
00950B,凱基A級公司債,38,0,38,富邦-高雄,2024-07-26,9659
2486,一詮,63,25,38,富邦-高雄,2024-07-26,9659
00905,FT臺灣Smart,53,15,38,富邦-高雄,2024-07-26,9659
00936,台新永續高息中小,41,4,37,富邦-高雄,2024-07-26,9659
00751B,元大AAA至A公司債,47,10,37,富邦-高雄,2024-07-26,9659
2449,京元電子,37,2,35,富邦-高雄,2024-07-26,9659
2312,金寶,175,142,33,富邦-高雄,2024-07-26,9659
2317,鴻海,149,116,33,富邦-高雄,2024-07-26,9659
00915,凱基優選高股息30,33,1,32,富邦-高雄,2024-07-26,9659
2344,華邦電,31,0,31,富邦-高雄,2024-07-26,9659
8021,尖點,30,0,30,富邦-高雄,2024-07-26,9659
2885,元大金,36,6,30,富邦-高雄,2024-07-26,9659
00891,中信關鍵半導體,30,0,30,富邦-高雄,2024-07-26,9659
3231,緯創,43,14,29,富邦-高雄,2024-07-26,9659
0050,元大台灣50,38,10,28,富邦-高雄,2024-07-26,9659
2603,長榮,38,10,28,富邦-高雄,2024-07-26,9659
8926,台汽電,40,12,28,富邦-高雄,2024-07-26,9659
00632R,元大台灣50反1,530,3,527,富邦-高雄,2024-07-29,9659
00929,復華台灣科技優息,401,114,287,富邦-高雄,2024-07-29,9659
00878,國泰永續高股息,183,17,166,富邦-高雄,2024-07-29,9659
00940,元大台灣價值高息,165,39,126,富邦-高雄,2024-07-29,9659
0056,元大高股息,157,41,116,富邦-高雄,2024-07-29,9659
2367,燿華,116,0,116,富邦-高雄,2024-07-29,9659
00946,群益科技高息成長,109,0,109,富邦-高雄,2024-07-29,9659
2010,春源,107,0,107,富邦-高雄,2024-07-29,9659
00686R,群益臺灣加權反1,100,0,100,富邦-高雄,2024-07-29,9659
00937B,群益ESG投等債20,157,73,84,富邦-高雄,2024-07-29,9659
00795B,中信美國公債20年,83,0,83,富邦-高雄,2024-07-29,9659
2511,太子,110,35,75,富邦-高雄,2024-07-29,9659
2329,華泰,67,0,67,富邦-高雄,2024-07-29,9659
8054,安國,88,25,63,富邦-高雄,2024-07-29,9659
5309,系統電,73,10,63,富邦-高雄,2024-07-29,9659
8105,凌巨,64,2,62,富邦-高雄,2024-07-29,9659
2867,三商壽,65,6,59,富邦-高雄,2024-07-29,9659
4903,聯光通,70,13,57,富邦-高雄,2024-07-29,9659
00904,新光臺灣半導體30,51,0,51,富邦-高雄,2024-07-29,9659
00676R,富邦臺灣加權反1,51,0,51,富邦-高雄,2024-07-29,9659
3013,晟銘電,59,8,51,富邦-高雄,2024-07-29,9659
00779B,凱基美債25+,50,0,50,富邦-高雄,2024-07-29,9659
2884,玉山金,63,13,50,富邦-高雄,2024-07-29,9659
9906,欣巴巴,82,34,48,富邦-高雄,2024-07-29,9659
00936,台新永續高息中小,45,7,38,富邦-高雄,2024-07-29,9659
3583,辛耘,52,15,37,富邦-高雄,2024-07-29,9659
00918,大華優利高填息30,38,3,35,富邦-高雄,2024-07-29,9659
3535,晶彩科,37,2,35,富邦-高雄,2024-07-29,9659
00934,中信成長高股息,36,2,34,富邦-高雄,2024-07-29,9659
1314,中石化,88,54,34,富邦-高雄,2024-07-29,9659
3354,律勝,35,2,33,富邦-高雄,2024-07-29,9659
2208,台船,32,1,31,富邦-高雄,2024-07-29,9659
1213,大飲,31,0,31,富邦-高雄,2024-07-29,9659
3706,神達,34,4,30,富邦-高雄,2024-07-29,9659
00637L,元大滬深300正2,30,0,30,富邦-高雄,2024-07-29,9659
1569,濱川,40,10,30,富邦-高雄,2024-07-29,9659
00947,台新臺灣IC設計,28,0,28,富邦-高雄,2024-07-29,9659
3481,群創,55,27,28,富邦-高雄,2024-07-29,9659
00687B,國泰20年美債,38,11,27,富邦-高雄,2024-07-29,9659
2409,友達,30,3,27,富邦-高雄,2024-07-29,9659
6770,力積電,29,2,27,富邦-高雄,2024-07-29,9659
3231,緯創,39,13,26,富邦-高雄,2024-07-29,9659
3105,穩懋,26,2,24,富邦-高雄,2024-07-29,9659
2634,漢翔,25,2,23,富邦-高雄,2024-07-29,9659
2369,菱生,25,3,22,富邦-高雄,2024-07-29,9659
4909,新復興,30,8,22,富邦-高雄,2024-07-29,9659
1609,大亞,60,39,21,富邦-高雄,2024-07-29,9659
4114,健喬,21,0,21,富邦-高雄,2024-07-29,9659
2356,英業達,31,11,20,富邦-高雄,2024-07-29,9659
2505,國揚,20,1,19,富邦-高雄,2024-07-29,9659
00929,復華台灣科技優息,578,187,391,富邦-高雄,2024-07-30,9659
00940,元大台灣價值高息,338,42,296,富邦-高雄,2024-07-30,9659
00946,群益科技高息成長,197,6,191,富邦-高雄,2024-07-30,9659
00637L,元大滬深300正2,186,22,164,富邦-高雄,2024-07-30,9659
00679B,元大美債20年,157,13,144,富邦-高雄,2024-07-30,9659
0056,元大高股息,183,53,130,富邦-高雄,2024-07-30,9659
2349,錸德,244,144,100,富邦-高雄,2024-07-30,9659
00878,國泰永續高股息,208,114,94,富邦-高雄,2024-07-30,9659
1316,上曜,108,18,90,富邦-高雄,2024-07-30,9659
00945B,凱基美國非投等債,85,0,85,富邦-高雄,2024-07-30,9659
2891,中信金,77,2,75,富邦-高雄,2024-07-30,9659
00715L,期街口布蘭特正2,75,0,75,富邦-高雄,2024-07-30,9659
00934,中信成長高股息,65,3,62,富邦-高雄,2024-07-30,9659
2464,盟立,73,18,55,富邦-高雄,2024-07-30,9659
2010,春源,49,0,49,富邦-高雄,2024-07-30,9659
1540,喬福,46,1,45,富邦-高雄,2024-07-30,9659
5443,均豪,102,58,44,富邦-高雄,2024-07-30,9659
2884,玉山金,53,11,42,富邦-高雄,2024-07-30,9659
00892,富邦台灣半導體,40,0,40,富邦-高雄,2024-07-30,9659
2547,日勝生,40,0,40,富邦-高雄,2024-07-30,9659
2303,聯電,44,4,40,富邦-高雄,2024-07-30,9659
00713,元大台灣高息低波,39,0,39,富邦-高雄,2024-07-30,9659
9906,欣巴巴,50,12,38,富邦-高雄,2024-07-30,9659
00915,凱基優選高股息30,107,70,37,富邦-高雄,2024-07-30,9659
00712,復華富時不動產,53,19,34,富邦-高雄,2024-07-30,9659
00633L,富邦上証正2,32,0,32,富邦-高雄,2024-07-30,9659
2618,長榮航,44,13,31,富邦-高雄,2024-07-30,9659
2031,新光鋼,31,0,31,富邦-高雄,2024-07-30,9659
2834,臺企銀,33,5,28,富邦-高雄,2024-07-30,9659
2344,華邦電,42,14,28,富邦-高雄,2024-07-30,9659
00753L,中信中國50正2,28,0,28,富邦-高雄,2024-07-30,9659
00795B,中信美國公債20年,37,10,27,富邦-高雄,2024-07-30,9659
00919,群益台灣精選高息,110,83,27,富邦-高雄,2024-07-30,9659
3105,穩懋,31,5,26,富邦-高雄,2024-07-30,9659
00936,台新永續高息中小,44,19,25,富邦-高雄,2024-07-30,9659
00900,富邦特選高股息30,25,1,24,富邦-高雄,2024-07-30,9659
5309,系統電,26,2,24,富邦-高雄,2024-07-30,9659
00891,中信關鍵半導體,24,1,23,富邦-高雄,2024-07-30,9659
6005,群益證,22,0,22,富邦-高雄,2024-07-30,9659
2363,矽統,36,15,21,富邦-高雄,2024-07-30,9659
3607,谷崧,22,1,21,富邦-高雄,2024-07-30,9659
3047,訊舟,70,49,21,富邦-高雄,2024-07-30,9659
2324,仁寶,20,1,19,富邦-高雄,2024-07-30,9659
3443,創意,20,1,19,富邦-高雄,2024-07-30,9659
8027,鈦昇,19,0,19,富邦-高雄,2024-07-30,9659
4564,元翎,20,2,18,富邦-高雄,2024-07-30,9659
006208,富邦台50,19,1,18,富邦-高雄,2024-07-30,9659
2442,新美齊,26,9,17,富邦-高雄,2024-07-30,9659
3447,展達,30,13,17,富邦-高雄,2024-07-30,9659
1712,興農,18,1,17,富邦-高雄,2024-07-30,9659
00929,復華台灣科技優息,357,25,332,富邦-高雄,2024-07-31,9659
00632R,元大台灣50反1,346,44,302,富邦-高雄,2024-07-31,9659
00687B,國泰20年美債,159,21,138,富邦-高雄,2024-07-31,9659
00935,野村臺灣新科技50,118,0,118,富邦-高雄,2024-07-31,9659
2408,南亞科,107,0,107,富邦-高雄,2024-07-31,9659
2010,春源,103,0,103,富邦-高雄,2024-07-31,9659
2442,新美齊,88,2,86,富邦-高雄,2024-07-31,9659
2356,英業達,94,11,83,富邦-高雄,2024-07-31,9659
3481,群創,273,192,81,富邦-高雄,2024-07-31,9659
00940,元大台灣價值高息,90,13,77,富邦-高雄,2024-07-31,9659
00904,新光臺灣半導體30,70,0,70,富邦-高雄,2024-07-31,9659
2489,瑞軒,79,18,61,富邦-高雄,2024-07-31,9659
1316,上曜,65,6,59,富邦-高雄,2024-07-31,9659
00946,群益科技高息成長,56,0,56,富邦-高雄,2024-07-31,9659
00712,復華富時不動產,57,2,55,富邦-高雄,2024-07-31,9659
2464,盟立,65,15,50,富邦-高雄,2024-07-31,9659
2547,日勝生,42,1,41,富邦-高雄,2024-07-31,9659
3105,穩懋,49,8,41,富邦-高雄,2024-07-31,9659
2615,萬海,81,41,40,富邦-高雄,2024-07-31,9659
4903,聯光通,41,1,40,富邦-高雄,2024-07-31,9659
3363,上詮,40,0,40,富邦-高雄,2024-07-31,9659
00795B,中信美國公債20年,39,0,39,富邦-高雄,2024-07-31,9659
3062,建漢,41,4,37,富邦-高雄,2024-07-31,9659
00878,國泰永續高股息,58,22,36,富邦-高雄,2024-07-31,9659
2867,三商壽,62,27,35,富邦-高雄,2024-07-31,9659
2511,太子,33,0,33,富邦-高雄,2024-07-31,9659
2527,宏璟,33,1,32,富邦-高雄,2024-07-31,9659
3006,晶豪科,32,0,32,富邦-高雄,2024-07-31,9659
9105,泰金寶-DR,31,0,31,富邦-高雄,2024-07-31,9659
00882,中信中國高股息,31,0,31,富邦-高雄,2024-07-31,9659
00655L,國泰中國A50正2,30,0,30,富邦-高雄,2024-07-31,9659
5432,新門,31,4,27,富邦-高雄,2024-07-31,9659
8039,台虹,26,0,26,富邦-高雄,2024-07-31,9659
2537,聯上發,118,93,25,富邦-高雄,2024-07-31,9659
4563,百德,25,0,25,富邦-高雄,2024-07-31,9659
8938,明安,25,0,25,富邦-高雄,2024-07-31,9659
1213,大飲,32,8,24,富邦-高雄,2024-07-31,9659
2015,豐興,22,0,22,富邦-高雄,2024-07-31,9659
2303,聯電,32,11,21,富邦-高雄,2024-07-31,9659
8390,金益鼎,23,3,20,富邦-高雄,2024-07-31,9659
00881,國泰台灣5G+,20,0,20,富邦-高雄,2024-07-31,9659
2344,華邦電,63,44,19,富邦-高雄,2024-07-31,9659
00706L,期元大S＆P日圓正2,19,0,19,富邦-高雄,2024-07-31,9659
2328,廣宇,18,0,18,富邦-高雄,2024-07-31,9659
2330,台積電,24,6,18,富邦-高雄,2024-07-31,9659
00713,元大台灣高息低波,34,16,18,富邦-高雄,2024-07-31,9659
00934,中信成長高股息,27,11,16,富邦-高雄,2024-07-31,9659
1815,富喬,24,9,15,富邦-高雄,2024-07-31,9659
6895,宏碩系統,15,0,15,富邦-高雄,2024-07-31,9659
2501,國建,17,2,15,富邦-高雄,2024-07-31,9659
00929,復華台灣科技優息,725,257,468,富邦-高雄,2024-08-01,9659
2884,玉山金,319,2,317,富邦-高雄,2024-08-01,9659
00712,復華富時不動產,286,5,281,富邦-高雄,2024-08-01,9659
2547,日勝生,217,10,207,富邦-高雄,2024-08-01,9659
00688L,國泰20年美債正2,247,50,197,富邦-高雄,2024-08-01,9659
2489,瑞軒,210,15,195,富邦-高雄,2024-08-01,9659
00713,元大台灣高息低波,177,0,177,富邦-高雄,2024-08-01,9659
00632R,元大台灣50反1,224,48,176,富邦-高雄,2024-08-01,9659
00687B,國泰20年美債,258,132,126,富邦-高雄,2024-08-01,9659
00937B,群益ESG投等債20,197,76,121,富邦-高雄,2024-08-01,9659
00878,國泰永續高股息,137,17,120,富邦-高雄,2024-08-01,9659
2867,三商壽,162,53,109,富邦-高雄,2024-08-01,9659
2836,高雄銀,100,0,100,富邦-高雄,2024-08-01,9659
00919,群益台灣精選高息,227,132,95,富邦-高雄,2024-08-01,9659
00637L,元大滬深300正2,90,3,87,富邦-高雄,2024-08-01,9659
5309,系統電,92,5,87,富邦-高雄,2024-08-01,9659
3701,大眾控,85,0,85,富邦-高雄,2024-08-01,9659
3360,尚立,80,1,79,富邦-高雄,2024-08-01,9659
00946,群益科技高息成長,94,26,68,富邦-高雄,2024-08-01,9659
2883,凱基金,91,24,67,富邦-高雄,2024-08-01,9659
2010,春源,65,0,65,富邦-高雄,2024-08-01,9659
00679B,元大美債20年,143,78,65,富邦-高雄,2024-08-01,9659
3019,亞光,162,98,64,富邦-高雄,2024-08-01,9659
00724B,群益投資級金融債,62,0,62,富邦-高雄,2024-08-01,9659
2609,陽明,68,14,54,富邦-高雄,2024-08-01,9659
3047,訊舟,95,42,53,富邦-高雄,2024-08-01,9659
3535,晶彩科,79,36,43,富邦-高雄,2024-08-01,9659
00633L,富邦上証正2,60,20,40,富邦-高雄,2024-08-01,9659
00715L,期街口布蘭特正2,43,3,40,富邦-高雄,2024-08-01,9659
4563,百德,66,30,36,富邦-高雄,2024-08-01,9659
2337,旺宏,113,78,35,富邦-高雄,2024-08-01,9659
00949,復華日本龍頭,34,0,34,富邦-高雄,2024-08-01,9659
2349,錸德,92,58,34,富邦-高雄,2024-08-01,9659
2888,新光金,51,19,32,富邦-高雄,2024-08-01,9659
00905,FT臺灣Smart,33,1,32,富邦-高雄,2024-08-01,9659
1808,潤隆,34,3,31,富邦-高雄,2024-08-01,9659
00706L,期元大S＆P日圓正2,39,10,29,富邦-高雄,2024-08-01,9659
1608,華榮,31,2,29,富邦-高雄,2024-08-01,9659
00948B,中信優息投資級債,33,6,27,富邦-高雄,2024-08-01,9659
2801,彰銀,26,0,26,富邦-高雄,2024-08-01,9659
912000,晨訊科-DR,25,0,25,富邦-高雄,2024-08-01,9659
3518,柏騰,28,5,23,富邦-高雄,2024-08-01,9659
2363,矽統,92,69,23,富邦-高雄,2024-08-01,9659
00927,群益半導體收益,20,0,20,富邦-高雄,2024-08-01,9659
8069,元太,20,0,20,富邦-高雄,2024-08-01,9659
6446,藥華藥,25,6,19,富邦-高雄,2024-08-01,9659
00674R,期元大S＆P黃金反1,19,0,19,富邦-高雄,2024-08-01,9659
2610,華航,21,2,19,富邦-高雄,2024-08-01,9659
00830,國泰費城半導體,20,2,18,富邦-高雄,2024-08-01,9659
00881,國泰台灣5G+,30,12,18,富邦-高雄,2024-08-01,9659
00929,復華台灣科技優息,585,35,550,富邦-高雄,2024-08-02,9659
00919,群益台灣精選高息,482,18,464,富邦-高雄,2024-08-02,9659
00878,國泰永續高股息,442,25,417,富邦-高雄,2024-08-02,9659
2317,鴻海,268,30,238,富邦-高雄,2024-08-02,9659
1316,上曜,275,56,219,富邦-高雄,2024-08-02,9659
2442,新美齊,207,26,181,富邦-高雄,2024-08-02,9659
00881,國泰台灣5G+,177,0,177,富邦-高雄,2024-08-02,9659
00687B,國泰20年美債,194,22,172,富邦-高雄,2024-08-02,9659
00679B,元大美債20年,249,82,167,富邦-高雄,2024-08-02,9659
2464,盟立,192,69,123,富邦-高雄,2024-08-02,9659
00932,兆豐永續高息等權,111,0,111,富邦-高雄,2024-08-02,9659
00946,群益科技高息成長,167,59,108,富邦-高雄,2024-08-02,9659
00795B,中信美國公債20年,104,3,101,富邦-高雄,2024-08-02,9659
00686R,群益臺灣加權反1,100,0,100,富邦-高雄,2024-08-02,9659
00927,群益半導體收益,95,2,93,富邦-高雄,2024-08-02,9659
00915,凱基優選高股息30,111,20,91,富邦-高雄,2024-08-02,9659
0056,元大高股息,137,47,90,富邦-高雄,2024-08-02,9659
8039,台虹,87,0,87,富邦-高雄,2024-08-02,9659
00724B,群益投資級金融債,84,0,84,富邦-高雄,2024-08-02,9659
2330,台積電,116,33,83,富邦-高雄,2024-08-02,9659
3037,欣興,108,29,79,富邦-高雄,2024-08-02,9659
00891,中信關鍵半導體,76,2,74,富邦-高雄,2024-08-02,9659
2010,春源,76,2,74,富邦-高雄,2024-08-02,9659
2886,兆豐金,72,4,68,富邦-高雄,2024-08-02,9659
00830,國泰費城半導體,66,0,66,富邦-高雄,2024-08-02,9659
2382,廣達,83,17,66,富邦-高雄,2024-08-02,9659
00940,元大台灣價值高息,315,249,66,富邦-高雄,2024-08-02,9659
00934,中信成長高股息,93,27,66,富邦-高雄,2024-08-02,9659
2603,長榮,96,31,65,富邦-高雄,2024-08-02,9659
00936,台新永續高息中小,66,2,64,富邦-高雄,2024-08-02,9659
00949,復華日本龍頭,68,4,64,富邦-高雄,2024-08-02,9659
8105,凌巨,64,6,58,富邦-高雄,2024-08-02,9659
5522,遠雄,60,6,54,富邦-高雄,2024-08-02,9659
2337,旺宏,79,25,54,富邦-高雄,2024-08-02,9659
8071,能率網通,66,13,53,富邦-高雄,2024-08-02,9659
9945,潤泰新,65,13,52,富邦-高雄,2024-08-02,9659
006208,富邦台50,55,4,51,富邦-高雄,2024-08-02,9659
00918,大華優利高填息30,49,0,49,富邦-高雄,2024-08-02,9659
2891,中信金,71,26,45,富邦-高雄,2024-08-02,9659
2501,國建,75,31,44,富邦-高雄,2024-08-02,9659
00923,群益台ESG低碳50,46,4,42,富邦-高雄,2024-08-02,9659
2610,華航,45,4,41,富邦-高雄,2024-08-02,9659
0050,元大台灣50,45,4,41,富邦-高雄,2024-08-02,9659
2887,台新金,52,13,39,富邦-高雄,2024-08-02,9659
00900,富邦特選高股息30,42,3,39,富邦-高雄,2024-08-02,9659
2834,臺企銀,38,1,37,富邦-高雄,2024-08-02,9659
00922,國泰台灣領袖50,38,2,36,富邦-高雄,2024-08-02,9659
2301,光寶科,45,10,35,富邦-高雄,2024-08-02,9659
2615,萬海,183,148,35,富邦-高雄,2024-08-02,9659
1213,大飲,35,0,35,富邦-高雄,2024-08-02,9659
00680L,元大美債20正2,2396,614,1782,富邦-高雄,2024-08-05,9659
00940,元大台灣價值高息,964,221,743,富邦-高雄,2024-08-05,9659
00929,復華台灣科技優息,1570,908,662,富邦-高雄,2024-08-05,9659
00919,群益台灣精選高息,642,240,402,富邦-高雄,2024-08-05,9659
00878,國泰永續高股息,729,419,310,富邦-高雄,2024-08-05,9659
00948B,中信優息投資級債,289,0,289,富邦-高雄,2024-08-05,9659
00679B,元大美債20年,395,154,241,富邦-高雄,2024-08-05,9659
2409,友達,255,36,219,富邦-高雄,2024-08-05,9659
0056,元大高股息,328,118,210,富邦-高雄,2024-08-05,9659
2330,台積電,267,69,198,富邦-高雄,2024-08-05,9659
8039,台虹,187,2,185,富邦-高雄,2024-08-05,9659
5880,合庫金,180,22,158,富邦-高雄,2024-08-05,9659
2891,中信金,195,37,158,富邦-高雄,2024-08-05,9659
00671R,富邦NASDAQ反1,120,0,120,富邦-高雄,2024-08-05,9659
00915,凱基優選高股息30,125,5,120,富邦-高雄,2024-08-05,9659
00946,群益科技高息成長,140,22,118,富邦-高雄,2024-08-05,9659
00881,國泰台灣5G+,113,22,91,富邦-高雄,2024-08-05,9659
2317,鴻海,273,187,86,富邦-高雄,2024-08-05,9659
2511,太子,109,30,79,富邦-高雄,2024-08-05,9659
00664R,國泰臺灣加權反1,100,28,72,富邦-高雄,2024-08-05,9659
2887,台新金,99,28,71,富邦-高雄,2024-08-05,9659
2834,臺企銀,98,30,68,富邦-高雄,2024-08-05,9659
00715L,期街口布蘭特正2,67,0,67,富邦-高雄,2024-08-05,9659
00706L,期元大S＆P日圓正2,75,10,65,富邦-高雄,2024-08-05,9659
3481,群創,371,306,65,富邦-高雄,2024-08-05,9659
00936,台新永續高息中小,134,73,61,富邦-高雄,2024-08-05,9659
3105,穩懋,62,2,60,富邦-高雄,2024-08-05,9659
1414,東和,59,0,59,富邦-高雄,2024-08-05,9659
2881,富邦金,93,35,58,富邦-高雄,2024-08-05,9659
00757,統一FANG+,60,3,57,富邦-高雄,2024-08-05,9659
00675L,富邦臺灣加權正2,72,20,52,富邦-高雄,2024-08-05,9659
2002,中鋼,89,39,50,富邦-高雄,2024-08-05,9659
5522,遠雄,55,5,50,富邦-高雄,2024-08-05,9659
2543,皇昌,57,8,49,富邦-高雄,2024-08-05,9659
2884,玉山金,81,38,43,富邦-高雄,2024-08-05,9659
1721,三晃,43,1,42,富邦-高雄,2024-08-05,9659
00939,統一台灣高息動能,52,10,42,富邦-高雄,2024-08-05,9659
2886,兆豐金,52,11,41,富邦-高雄,2024-08-05,9659
2515,中工,49,8,41,富邦-高雄,2024-08-05,9659
2845,遠東銀,40,0,40,富邦-高雄,2024-08-05,9659
00927,群益半導體收益,44,4,40,富邦-高雄,2024-08-05,9659
00891,中信關鍵半導體,42,2,40,富邦-高雄,2024-08-05,9659
00935,野村臺灣新科技50,40,0,40,富邦-高雄,2024-08-05,9659
00941,中信上游半導體,49,10,39,富邦-高雄,2024-08-05,9659
6770,力積電,61,23,38,富邦-高雄,2024-08-05,9659
2615,萬海,114,76,38,富邦-高雄,2024-08-05,9659
00692,富邦公司治理,49,12,37,富邦-高雄,2024-08-05,9659
00753L,中信中國50正2,87,51,36,富邦-高雄,2024-08-05,9659
1802,台玻,36,0,36,富邦-高雄,2024-08-05,9659
6005,群益證,39,3,36,富邦-高雄,2024-08-05,9659
00929,復華台灣科技優息,1508,746,762,富邦-高雄,2024-08-06,9659
00945B,凱基美國非投等債,500,0,500,富邦-高雄,2024-08-06,9659
2442,新美齊,355,5,350,富邦-高雄,2024-08-06,9659
00632R,元大台灣50反1,540,282,258,富邦-高雄,2024-08-06,9659
1569,濱川,217,7,210,富邦-高雄,2024-08-06,9659
00940,元大台灣價值高息,296,121,175,富邦-高雄,2024-08-06,9659
00919,群益台灣精選高息,321,161,160,富邦-高雄,2024-08-06,9659
00878,國泰永續高股息,218,59,159,富邦-高雄,2024-08-06,9659
8039,台虹,142,2,140,富邦-高雄,2024-08-06,9659
00712,復華富時不動產,302,163,139,富邦-高雄,2024-08-06,9659
00937B,群益ESG投等債20,332,225,107,富邦-高雄,2024-08-06,9659
00664R,國泰臺灣加權反1,105,0,105,富邦-高雄,2024-08-06,9659
00676R,富邦臺灣加權反1,92,0,92,富邦-高雄,2024-08-06,9659
00915,凱基優選高股息30,90,2,88,富邦-高雄,2024-08-06,9659
2010,春源,86,0,86,富邦-高雄,2024-08-06,9659
2834,臺企銀,81,4,77,富邦-高雄,2024-08-06,9659
00900,富邦特選高股息30,102,31,71,富邦-高雄,2024-08-06,9659
00715L,期街口布蘭特正2,63,0,63,富邦-高雄,2024-08-06,9659
4945,陞達科技,68,5,63,富邦-高雄,2024-08-06,9659
2317,鴻海,244,183,61,富邦-高雄,2024-08-06,9659
2543,皇昌,64,9,55,富邦-高雄,2024-08-06,9659
6462,神盾,59,6,53,富邦-高雄,2024-08-06,9659
0056,元大高股息,125,73,52,富邦-高雄,2024-08-06,9659
00753L,中信中國50正2,60,10,50,富邦-高雄,2024-08-06,9659
2476,鉅祥,53,5,48,富邦-高雄,2024-08-06,9659
4402,郡都開發,49,4,45,富邦-高雄,2024-08-06,9659
2609,陽明,88,44,44,富邦-高雄,2024-08-06,9659
1316,上曜,43,1,42,富邦-高雄,2024-08-06,9659
2409,友達,139,98,41,富邦-高雄,2024-08-06,9659
4167,松瑞藥,40,0,40,富邦-高雄,2024-08-06,9659
1504,東元,43,4,39,富邦-高雄,2024-08-06,9659
0050,元大台灣50,69,34,35,富邦-高雄,2024-08-06,9659
5515,建國,35,1,34,富邦-高雄,2024-08-06,9659
1721,三晃,31,0,31,富邦-高雄,2024-08-06,9659
3037,欣興,41,12,29,富邦-高雄,2024-08-06,9659
2439,美律,31,2,29,富邦-高雄,2024-08-06,9659
1436,華友聯,30,4,26,富邦-高雄,2024-08-06,9659
1540,喬福,280,254,26,富邦-高雄,2024-08-06,9659
2891,中信金,41,16,25,富邦-高雄,2024-08-06,9659
2354,鴻準,27,2,25,富邦-高雄,2024-08-06,9659
8390,金益鼎,25,0,25,富邦-高雄,2024-08-06,9659
2505,國揚,24,0,24,富邦-高雄,2024-08-06,9659
00680L,元大美債20正2,206,182,24,富邦-高雄,2024-08-06,9659
6005,群益證,24,0,24,富邦-高雄,2024-08-06,9659
3163,波若威,26,2,24,富邦-高雄,2024-08-06,9659
6446,藥華藥,37,15,22,富邦-高雄,2024-08-06,9659
3437,榮創,22,0,22,富邦-高雄,2024-08-06,9659
2337,旺宏,34,13,21,富邦-高雄,2024-08-06,9659
00892,富邦台灣半導體,25,4,21,富邦-高雄,2024-08-06,9659
8478,東哥遊艇,24,3,21,富邦-高雄,2024-08-06,9659
00632R,元大台灣50反1,1221,578,643,富邦-高雄,2024-08-07,9659
2501,國建,322,11,311,富邦-高雄,2024-08-07,9659
00679B,元大美債20年,342,39,303,富邦-高雄,2024-08-07,9659
00878,國泰永續高股息,252,43,209,富邦-高雄,2024-08-07,9659
00940,元大台灣價值高息,232,55,177,富邦-高雄,2024-08-07,9659
00795B,中信美國公債20年,151,18,133,富邦-高雄,2024-08-07,9659
2408,南亞科,129,11,118,富邦-高雄,2024-08-07,9659
2010,春源,100,0,100,富邦-高雄,2024-08-07,9659
00937B,群益ESG投等債20,201,103,98,富邦-高雄,2024-08-07,9659
00676R,富邦臺灣加權反1,87,0,87,富邦-高雄,2024-08-07,9659
1316,上曜,157,72,85,富邦-高雄,2024-08-07,9659
2317,鴻海,145,74,71,富邦-高雄,2024-08-07,9659
00900,富邦特選高股息30,70,6,64,富邦-高雄,2024-08-07,9659
5519,隆大,120,58,62,富邦-高雄,2024-08-07,9659
2409,友達,84,28,56,富邦-高雄,2024-08-07,9659
2891,中信金,81,28,53,富邦-高雄,2024-08-07,9659
00934,中信成長高股息,58,6,52,富邦-高雄,2024-08-07,9659
3006,晶豪科,50,1,49,富邦-高雄,2024-08-07,9659
00664R,國泰臺灣加權反1,76,30,46,富邦-高雄,2024-08-07,9659
6770,力積電,52,6,46,富邦-高雄,2024-08-07,9659
2515,中工,70,25,45,富邦-高雄,2024-08-07,9659
00942B,台新美A公司債20+,86,43,43,富邦-高雄,2024-08-07,9659
2382,廣達,59,17,42,富邦-高雄,2024-08-07,9659
00715L,期街口布蘭特正2,41,1,40,富邦-高雄,2024-08-07,9659
2363,矽統,55,15,40,富邦-高雄,2024-08-07,9659
2887,台新金,45,6,39,富邦-高雄,2024-08-07,9659
00948B,中信優息投資級債,59,25,34,富邦-高雄,2024-08-07,9659
00931B,統一美債20年,34,0,34,富邦-高雄,2024-08-07,9659
0056,元大高股息,46,14,32,富邦-高雄,2024-08-07,9659
8033,雷虎,32,2,30,富邦-高雄,2024-08-07,9659
5521,工信,30,1,29,富邦-高雄,2024-08-07,9659
00933B,國泰10Y+金融債,39,10,29,富邦-高雄,2024-08-07,9659
00688L,國泰20年美債正2,49,22,27,富邦-高雄,2024-08-07,9659
4540,全球傳動,28,2,26,富邦-高雄,2024-08-07,9659
6598,ABC-KY,37,11,26,富邦-高雄,2024-08-07,9659
2884,玉山金,157,132,25,富邦-高雄,2024-08-07,9659
6213,聯茂,33,11,22,富邦-高雄,2024-08-07,9659
3013,晟銘電,90,68,22,富邦-高雄,2024-08-07,9659
2915,潤泰全,22,0,22,富邦-高雄,2024-08-07,9659
6024,群益期,22,1,21,富邦-高雄,2024-08-07,9659
2442,新美齊,24,3,21,富邦-高雄,2024-08-07,9659
1539,巨庭,21,0,21,富邦-高雄,2024-08-07,9659
6153,嘉聯益,21,0,21,富邦-高雄,2024-08-07,9659
00857B,永豐20年美公債,21,0,21,富邦-高雄,2024-08-07,9659
6196,帆宣,20,0,20,富邦-高雄,2024-08-07,9659
00724B,群益投資級金融債,20,0,20,富邦-高雄,2024-08-07,9659
3443,創意,27,8,19,富邦-高雄,2024-08-07,9659
00764B,群益25年美債,23,4,19,富邦-高雄,2024-08-07,9659
6446,藥華藥,22,4,18,富邦-高雄,2024-08-07,9659
5880,合庫金,23,6,17,富邦-高雄,2024-08-07,9659
00919,群益台灣精選高息,565,8,557,富邦-高雄,2024-08-08,9659
00937B,群益ESG投等債20,581,111,470,富邦-高雄,2024-08-08,9659
00929,復華台灣科技優息,483,45,438,富邦-高雄,2024-08-08,9659
00878,國泰永續高股息,324,28,296,富邦-高雄,2024-08-08,9659
00679B,元大美債20年,274,36,238,富邦-高雄,2024-08-08,9659
0056,元大高股息,117,0,117,富邦-高雄,2024-08-08,9659
2486,一詮,110,15,95,富邦-高雄,2024-08-08,9659
00688L,國泰20年美債正2,91,0,91,富邦-高雄,2024-08-08,9659
2886,兆豐金,96,14,82,富邦-高雄,2024-08-08,9659
2442,新美齊,135,57,78,富邦-高雄,2024-08-08,9659
00940,元大台灣價值高息,84,8,76,富邦-高雄,2024-08-08,9659
2891,中信金,74,4,70,富邦-高雄,2024-08-08,9659
00881,國泰台灣5G+,83,14,69,富邦-高雄,2024-08-08,9659
2834,臺企銀,96,31,65,富邦-高雄,2024-08-08,9659
00915,凱基優選高股息30,63,0,63,富邦-高雄,2024-08-08,9659
2317,鴻海,148,88,60,富邦-高雄,2024-08-08,9659
2511,太子,64,7,57,富邦-高雄,2024-08-08,9659
00720B,元大投資級公司債,120,66,54,富邦-高雄,2024-08-08,9659
00687B,國泰20年美債,74,23,51,富邦-高雄,2024-08-08,9659
4510,高鋒,217,167,50,富邦-高雄,2024-08-08,9659
00795B,中信美國公債20年,50,0,50,富邦-高雄,2024-08-08,9659
00934,中信成長高股息,49,0,49,富邦-高雄,2024-08-08,9659
4532,瑞智,49,1,48,富邦-高雄,2024-08-08,9659
2615,萬海,106,63,43,富邦-高雄,2024-08-08,9659
5880,合庫金,57,15,42,富邦-高雄,2024-08-08,9659
2845,遠東銀,40,0,40,富邦-高雄,2024-08-08,9659
006208,富邦台50,50,11,39,富邦-高雄,2024-08-08,9659
1314,中石化,39,0,39,富邦-高雄,2024-08-08,9659
8071,能率網通,65,28,37,富邦-高雄,2024-08-08,9659
00948B,中信優息投資級債,34,0,34,富邦-高雄,2024-08-08,9659
2344,華邦電,35,1,34,富邦-高雄,2024-08-08,9659
6548,長科*,32,0,32,富邦-高雄,2024-08-08,9659
3481,群創,62,30,32,富邦-高雄,2024-08-08,9659
00877,復華中國5G,31,0,31,富邦-高雄,2024-08-08,9659
00713,元大台灣高息低波,31,1,30,富邦-高雄,2024-08-08,9659
2618,長榮航,30,3,27,富邦-高雄,2024-08-08,9659
00900,富邦特選高股息30,29,2,27,富邦-高雄,2024-08-08,9659
2515,中工,30,3,27,富邦-高雄,2024-08-08,9659
6684,安格,25,0,25,富邦-高雄,2024-08-08,9659
3188,鑫龍騰,27,2,25,富邦-高雄,2024-08-08,9659
4563,百德,33,9,24,富邦-高雄,2024-08-08,9659
00642U,期元大S＆P石油,24,1,23,富邦-高雄,2024-08-08,9659
2892,第一金,26,3,23,富邦-高雄,2024-08-08,9659
3231,緯創,48,26,22,富邦-高雄,2024-08-08,9659
2382,廣達,33,11,22,富邦-高雄,2024-08-08,9659
00857B,永豐20年美公債,20,0,20,富邦-高雄,2024-08-08,9659
2070,精湛,22,2,20,富邦-高雄,2024-08-08,9659
00950B,凱基A級公司債,20,0,20,富邦-高雄,2024-08-08,9659
9904,寶成,20,0,20,富邦-高雄,2024-08-08,9659
0050,元大台灣50,31,12,19,富邦-高雄,2024-08-08,9659
9105,泰金寶-DR,526,7,519,富邦-高雄,2024-08-09,9659
00632R,元大台灣50反1,632,131,501,富邦-高雄,2024-08-09,9659
00679B,元大美債20年,448,87,361,富邦-高雄,2024-08-09,9659
00929,復華台灣科技優息,380,23,357,富邦-高雄,2024-08-09,9659
00937B,群益ESG投等債20,573,366,207,富邦-高雄,2024-08-09,9659
00948B,中信優息投資級債,134,1,133,富邦-高雄,2024-08-09,9659
2834,臺企銀,134,9,125,富邦-高雄,2024-08-09,9659
1416,廣豐,100,0,100,富邦-高雄,2024-08-09,9659
00919,群益台灣精選高息,132,34,98,富邦-高雄,2024-08-09,9659
1569,濱川,104,10,94,富邦-高雄,2024-08-09,9659
2609,陽明,132,39,93,富邦-高雄,2024-08-09,9659
3522,御嵿,76,4,72,富邦-高雄,2024-08-09,9659
00942B,台新美A公司債20+,63,0,63,富邦-高雄,2024-08-09,9659
00900,富邦特選高股息30,73,11,62,富邦-高雄,2024-08-09,9659
00687B,國泰20年美債,104,47,57,富邦-高雄,2024-08-09,9659
3044,健鼎,75,20,55,富邦-高雄,2024-08-09,9659
2362,藍天,52,2,50,富邦-高雄,2024-08-09,9659
2243,宏旭-KY,44,3,41,富邦-高雄,2024-08-09,9659
2603,長榮,61,21,40,富邦-高雄,2024-08-09,9659
2615,萬海,203,163,40,富邦-高雄,2024-08-09,9659
3705,永信,40,1,39,富邦-高雄,2024-08-09,9659
6531,愛普*,44,6,38,富邦-高雄,2024-08-09,9659
3019,亞光,109,76,33,富邦-高雄,2024-08-09,9659
2354,鴻準,36,4,32,富邦-高雄,2024-08-09,9659
00725B,國泰投資級公司債,30,0,30,富邦-高雄,2024-08-09,9659
2349,錸德,52,22,30,富邦-高雄,2024-08-09,9659
4707,磐亞,30,0,30,富邦-高雄,2024-08-09,9659
00664R,國泰臺灣加權反1,29,0,29,富邦-高雄,2024-08-09,9659
8147,正淩,28,0,28,富邦-高雄,2024-08-09,9659
8027,鈦昇,31,3,28,富邦-高雄,2024-08-09,9659
00950B,凱基A級公司債,26,0,26,富邦-高雄,2024-08-09,9659
4534,慶騰,26,0,26,富邦-高雄,2024-08-09,9659
2515,中工,41,16,25,富邦-高雄,2024-08-09,9659
00720B,元大投資級公司債,23,0,23,富邦-高雄,2024-08-09,9659
00688L,國泰20年美債正2,21,0,21,富邦-高雄,2024-08-09,9659
3105,穩懋,24,3,21,富邦-高雄,2024-08-09,9659
5515,建國,21,0,21,富邦-高雄,2024-08-09,9659
3450,聯鈞,54,33,21,富邦-高雄,2024-08-09,9659
3673,TPK-KY,27,7,20,富邦-高雄,2024-08-09,9659
00712,復華富時不動產,21,1,20,富邦-高雄,2024-08-09,9659
6024,群益期,20,0,20,富邦-高雄,2024-08-09,9659
3047,訊舟,97,77,20,富邦-高雄,2024-08-09,9659
1504,東元,21,1,20,富邦-高雄,2024-08-09,9659
2429,銘旺科,20,0,20,富邦-高雄,2024-08-09,9659
8390,金益鼎,25,6,19,富邦-高雄,2024-08-09,9659
6695,芯鼎,20,1,19,富邦-高雄,2024-08-09,9659
00665L,富邦�琤肭磪囓�2,18,0,18,富邦-高雄,2024-08-09,9659
00941,中信上游半導體,23,5,18,富邦-高雄,2024-08-09,9659
2368,金像電,28,11,17,富邦-高雄,2024-08-09,9659
4563,百德,47,30,17,富邦-高雄,2024-08-09,9659
00632R,元大台灣50反1,728,116,612,富邦-高雄,2024-08-12,9659
00679B,元大美債20年,372,24,348,富邦-高雄,2024-08-12,9659
00688L,國泰20年美債正2,294,5,289,富邦-高雄,2024-08-12,9659
00919,群益台灣精選高息,217,71,146,富邦-高雄,2024-08-12,9659
2883,凱基金,119,15,104,富邦-高雄,2024-08-12,9659
2891,中信金,103,5,98,富邦-高雄,2024-08-12,9659
00940,元大台灣價值高息,123,42,81,富邦-高雄,2024-08-12,9659
00948B,中信優息投資級債,87,7,80,富邦-高雄,2024-08-12,9659
2888,新光金,190,112,78,富邦-高雄,2024-08-12,9659
2882,國泰金,81,4,77,富邦-高雄,2024-08-12,9659
6187,萬潤,69,10,59,富邦-高雄,2024-08-12,9659
00676R,富邦臺灣加權反1,54,0,54,富邦-高雄,2024-08-12,9659
00878,國泰永續高股息,75,27,48,富邦-高雄,2024-08-12,9659
4540,全球傳動,83,38,45,富邦-高雄,2024-08-12,9659
00795B,中信美國公債20年,43,0,43,富邦-高雄,2024-08-12,9659
2312,金寶,117,79,38,富邦-高雄,2024-08-12,9659
6462,神盾,57,20,37,富邦-高雄,2024-08-12,9659
00900,富邦特選高股息30,52,16,36,富邦-高雄,2024-08-12,9659
00687B,國泰20年美債,65,29,36,富邦-高雄,2024-08-12,9659
00934,中信成長高股息,33,0,33,富邦-高雄,2024-08-12,9659
00937B,群益ESG投等債20,118,86,32,富邦-高雄,2024-08-12,9659
4303,信立,34,4,30,富邦-高雄,2024-08-12,9659
1513,中興電,63,35,28,富邦-高雄,2024-08-12,9659
6257,矽格,28,1,27,富邦-高雄,2024-08-12,9659
3147,大綜,28,1,27,富邦-高雄,2024-08-12,9659
2867,三商壽,40,15,25,富邦-高雄,2024-08-12,9659
2429,銘旺科,25,1,24,富邦-高雄,2024-08-12,9659
3374,精材,48,24,24,富邦-高雄,2024-08-12,9659
2365,昆盈,135,112,23,富邦-高雄,2024-08-12,9659
4306,炎洲,22,0,22,富邦-高雄,2024-08-12,9659
9960,邁達康,21,0,21,富邦-高雄,2024-08-12,9659
2009,第一銅,21,0,21,富邦-高雄,2024-08-12,9659
6651,全宇昕,21,0,21,富邦-高雄,2024-08-12,9659
1455,集盛,20,0,20,富邦-高雄,2024-08-12,9659
5310,天剛,19,0,19,富邦-高雄,2024-08-12,9659
00680L,元大美債20正2,34,16,18,富邦-高雄,2024-08-12,9659
2885,元大金,18,0,18,富邦-高雄,2024-08-12,9659
00726B,國泰新興投等債,18,0,18,富邦-高雄,2024-08-12,9659
1436,華友聯,18,0,18,富邦-高雄,2024-08-12,9659
00923,群益台ESG低碳50,28,10,18,富邦-高雄,2024-08-12,9659
00936,台新永續高息中小,32,15,17,富邦-高雄,2024-08-12,9659
5202,力新,17,1,16,富邦-高雄,2024-08-12,9659
8096,擎亞,27,11,16,富邦-高雄,2024-08-12,9659
00857B,永豐20年美公債,16,0,16,富邦-高雄,2024-08-12,9659
1608,華榮,30,14,16,富邦-高雄,2024-08-12,9659
00915,凱基優選高股息30,47,32,15,富邦-高雄,2024-08-12,9659
6215,和椿,32,17,15,富邦-高雄,2024-08-12,9659
2906,高林,15,0,15,富邦-高雄,2024-08-12,9659
3450,聯鈞,28,13,15,富邦-高雄,2024-08-12,9659
00733,富邦臺灣中小,15,0,15,富邦-高雄,2024-08-12,9659
00688L,國泰20年美債正2,1104,31,1073,富邦-高雄,2024-08-13,9659
00679B,元大美債20年,299,16,283,富邦-高雄,2024-08-13,9659
00632R,元大台灣50反1,140,40,100,富邦-高雄,2024-08-13,9659
00637L,元大滬深300正2,94,0,94,富邦-高雄,2024-08-13,9659
5481,新華,137,47,90,富邦-高雄,2024-08-13,9659
2515,中工,83,0,83,富邦-高雄,2024-08-13,9659
2880,華南金,82,1,81,富邦-高雄,2024-08-13,9659
2489,瑞軒,89,10,79,富邦-高雄,2024-08-13,9659
2208,台船,178,105,73,富邦-高雄,2024-08-13,9659
3062,建漢,127,61,66,富邦-高雄,2024-08-13,9659
00715L,期街口布蘭特正2,75,13,62,富邦-高雄,2024-08-13,9659
2615,萬海,137,80,57,富邦-高雄,2024-08-13,9659
2886,兆豐金,55,3,52,富邦-高雄,2024-08-13,9659
2429,銘旺科,45,2,43,富邦-高雄,2024-08-13,9659
6285,啟��,41,0,41,富邦-高雄,2024-08-13,9659
00923,群益台ESG低碳50,40,0,40,富邦-高雄,2024-08-13,9659
00937B,群益ESG投等債20,95,57,38,富邦-高雄,2024-08-13,9659
2834,臺企銀,39,1,38,富邦-高雄,2024-08-13,9659
2891,中信金,64,27,37,富邦-高雄,2024-08-13,9659
00881,國泰台灣5G+,49,15,34,富邦-高雄,2024-08-13,9659
00795B,中信美國公債20年,85,52,33,富邦-高雄,2024-08-13,9659
8071,能率網通,79,46,33,富邦-高雄,2024-08-13,9659
00934,中信成長高股息,33,0,33,富邦-高雄,2024-08-13,9659
00878,國泰永續高股息,74,45,29,富邦-高雄,2024-08-13,9659
00919,群益台灣精選高息,48,19,29,富邦-高雄,2024-08-13,9659
00948B,中信優息投資級債,30,1,29,富邦-高雄,2024-08-13,9659
1101,台泥,31,2,29,富邦-高雄,2024-08-13,9659
2801,彰銀,29,0,29,富邦-高雄,2024-08-13,9659
6257,矽格,30,1,29,富邦-高雄,2024-08-13,9659
2002,中鋼,37,8,29,富邦-高雄,2024-08-13,9659
1513,中興電,38,10,28,富邦-高雄,2024-08-13,9659
3605,宏致,28,1,27,富邦-高雄,2024-08-13,9659
1326,台化,31,6,25,富邦-高雄,2024-08-13,9659
3013,晟銘電,78,54,24,富邦-高雄,2024-08-13,9659
1301,台塑,38,16,22,富邦-高雄,2024-08-13,9659
4540,全球傳動,53,32,21,富邦-高雄,2024-08-13,9659
4566,時碩工業,73,52,21,富邦-高雄,2024-08-13,9659
6443,元晶,21,0,21,富邦-高雄,2024-08-13,9659
3011,今皓,21,0,21,富邦-高雄,2024-08-13,9659
2243,宏旭-KY,25,4,21,富邦-高雄,2024-08-13,9659
2610,華航,56,36,20,富邦-高雄,2024-08-13,9659
9945,潤泰新,29,9,20,富邦-高雄,2024-08-13,9659
6603,富強鑫,25,5,20,富邦-高雄,2024-08-13,9659
1213,大飲,23,3,20,富邦-高雄,2024-08-13,9659
3686,達能,20,0,20,富邦-高雄,2024-08-13,9659
3230,錦明,21,2,19,富邦-高雄,2024-08-13,9659
9955,佳龍,20,2,18,富邦-高雄,2024-08-13,9659
00892,富邦台灣半導體,40,22,18,富邦-高雄,2024-08-13,9659
00725B,國泰投資級公司債,21,3,18,富邦-高雄,2024-08-13,9659
2486,一詮,25,7,18,富邦-高雄,2024-08-13,9659
1316,上曜,485,16,469,富邦-高雄,2024-08-14,9659
00687B,國泰20年美債,210,2,208,富邦-高雄,2024-08-14,9659
00900,富邦特選高股息30,177,0,177,富邦-高雄,2024-08-14,9659
00881,國泰台灣5G+,199,35,164,富邦-高雄,2024-08-14,9659
00688L,國泰20年美債正2,148,1,147,富邦-高雄,2024-08-14,9659
00929,復華台灣科技優息,125,31,94,富邦-高雄,2024-08-14,9659
1101,台泥,96,2,94,富邦-高雄,2024-08-14,9659
2409,友達,104,13,91,富邦-高雄,2024-08-14,9659
9105,泰金寶-DR,81,2,79,富邦-高雄,2024-08-14,9659
00680L,元大美債20正2,175,110,65,富邦-高雄,2024-08-14,9659
2834,臺企銀,58,3,55,富邦-高雄,2024-08-14,9659
00632R,元大台灣50反1,862,808,54,富邦-高雄,2024-08-14,9659
00795B,中信美國公債20年,51,0,51,富邦-高雄,2024-08-14,9659
00679B,元大美債20年,68,18,50,富邦-高雄,2024-08-14,9659
00948B,中信優息投資級債,48,1,47,富邦-高雄,2024-08-14,9659
00715L,期街口布蘭特正2,49,9,40,富邦-高雄,2024-08-14,9659
4562,穎漢,133,93,40,富邦-高雄,2024-08-14,9659
2489,瑞軒,45,8,37,富邦-高雄,2024-08-14,9659
2356,英業達,48,11,37,富邦-高雄,2024-08-14,9659
00927,群益半導體收益,52,15,37,富邦-高雄,2024-08-14,9659
00712,復華富時不動產,34,0,34,富邦-高雄,2024-08-14,9659
2615,萬海,84,52,32,富邦-高雄,2024-08-14,9659
00878,國泰永續高股息,95,63,32,富邦-高雄,2024-08-14,9659
1301,台塑,31,0,31,富邦-高雄,2024-08-14,9659
2365,昆盈,129,99,30,富邦-高雄,2024-08-14,9659
2836,高雄銀,26,0,26,富邦-高雄,2024-08-14,9659
2867,三商壽,30,4,26,富邦-高雄,2024-08-14,9659
1444,力麗,30,4,26,富邦-高雄,2024-08-14,9659
1802,台玻,25,0,25,富邦-高雄,2024-08-14,9659
3455,由田,26,1,25,富邦-高雄,2024-08-14,9659
2801,彰銀,24,0,24,富邦-高雄,2024-08-14,9659
00923,群益台ESG低碳50,26,2,24,富邦-高雄,2024-08-14,9659
2317,鴻海,94,72,22,富邦-高雄,2024-08-14,9659
00935,野村臺灣新科技50,23,2,21,富邦-高雄,2024-08-14,9659
3188,鑫龍騰,26,6,20,富邦-高雄,2024-08-14,9659
6142,友勁,20,0,20,富邦-高雄,2024-08-14,9659
00706L,期元大S＆P日圓正2,20,0,20,富邦-高雄,2024-08-14,9659
3044,健鼎,20,1,19,富邦-高雄,2024-08-14,9659
1303,南亞,22,3,19,富邦-高雄,2024-08-14,9659
3450,聯鈞,35,17,18,富邦-高雄,2024-08-14,9659
2002,中鋼,61,45,16,富邦-高雄,2024-08-14,9659
2109,華豐,16,0,16,富邦-高雄,2024-08-14,9659
00756B,群益投等新興公債,16,0,16,富邦-高雄,2024-08-14,9659
2401,凌陽,17,2,15,富邦-高雄,2024-08-14,9659
2363,矽統,18,3,15,富邦-高雄,2024-08-14,9659
6504,南六,20,6,14,富邦-高雄,2024-08-14,9659
00945B,凱基美國非投等債,24,10,14,富邦-高雄,2024-08-14,9659
00882,中信中國高股息,24,10,14,富邦-高雄,2024-08-14,9659
6125,廣運,22,9,13,富邦-高雄,2024-08-14,9659
2367,燿華,20,7,13,富邦-高雄,2024-08-14,9659
00632R,元大台灣50反1,740,71,669,富邦-高雄,2024-08-15,9659
00900,富邦特選高股息30,337,30,307,富邦-高雄,2024-08-15,9659
00680L,元大美債20正2,243,15,228,富邦-高雄,2024-08-15,9659
00687B,國泰20年美債,182,30,152,富邦-高雄,2024-08-15,9659
00881,國泰台灣5G+,133,35,98,富邦-高雄,2024-08-15,9659
2429,銘旺科,78,0,78,富邦-高雄,2024-08-15,9659
2317,鴻海,102,29,73,富邦-高雄,2024-08-15,9659
00929,復華台灣科技優息,114,43,71,富邦-高雄,2024-08-15,9659
00795B,中信美國公債20年,70,0,70,富邦-高雄,2024-08-15,9659
2892,第一金,71,2,69,富邦-高雄,2024-08-15,9659
5364,力麗店,54,0,54,富邦-高雄,2024-08-15,9659
00688L,國泰20年美債正2,49,0,49,富邦-高雄,2024-08-15,9659
1301,台塑,50,1,49,富邦-高雄,2024-08-15,9659
2353,宏��,53,9,44,富邦-高雄,2024-08-15,9659
00904,新光臺灣半導體30,50,6,44,富邦-高雄,2024-08-15,9659
00911,兆豐洲際半導體,45,3,42,富邦-高雄,2024-08-15,9659
2303,聯電,72,31,41,富邦-高雄,2024-08-15,9659
5880,合庫金,40,2,38,富邦-高雄,2024-08-15,9659
2891,中信金,46,9,37,富邦-高雄,2024-08-15,9659
00933B,國泰10Y+金融債,56,22,34,富邦-高雄,2024-08-15,9659
6505,台塑化,33,0,33,富邦-高雄,2024-08-15,9659
4534,慶騰,35,2,33,富邦-高雄,2024-08-15,9659
2886,兆豐金,41,9,32,富邦-高雄,2024-08-15,9659
5512,力麒,31,1,30,富邦-高雄,2024-08-15,9659
00664R,國泰臺灣加權反1,30,0,30,富邦-高雄,2024-08-15,9659
00764B,群益25年美債,29,0,29,富邦-高雄,2024-08-15,9659
3303,岱稜,42,14,28,富邦-高雄,2024-08-15,9659
4540,全球傳動,66,38,28,富邦-高雄,2024-08-15,9659
2845,遠東銀,28,0,28,富邦-高雄,2024-08-15,9659
6133,金橋,30,2,28,富邦-高雄,2024-08-15,9659
8028,昇陽半導體,43,16,27,富邦-高雄,2024-08-15,9659
8390,金益鼎,27,0,27,富邦-高雄,2024-08-15,9659
1220,台榮,27,0,27,富邦-高雄,2024-08-15,9659
4402,郡都開發,29,3,26,富邦-高雄,2024-08-15,9659
00937B,群益ESG投等債20,74,49,25,富邦-高雄,2024-08-15,9659
6213,聯茂,24,1,23,富邦-高雄,2024-08-15,9659
00932,兆豐永續高息等權,22,1,21,富邦-高雄,2024-08-15,9659
2344,華邦電,28,7,21,富邦-高雄,2024-08-15,9659
00673R,期元大S＆P原油反1,20,0,20,富邦-高雄,2024-08-15,9659
1809,中釉,20,0,20,富邦-高雄,2024-08-15,9659
4306,炎洲,20,1,19,富邦-高雄,2024-08-15,9659
4533,協易機,20,1,19,富邦-高雄,2024-08-15,9659
1714,和桐,19,0,19,富邦-高雄,2024-08-15,9659
2801,彰銀,34,15,19,富邦-高雄,2024-08-15,9659
3062,建漢,38,20,18,富邦-高雄,2024-08-15,9659
2367,燿華,23,6,17,富邦-高雄,2024-08-15,9659
00936,台新永續高息中小,17,1,16,富邦-高雄,2024-08-15,9659
6461,益得,17,1,16,富邦-高雄,2024-08-15,9659
6443,元晶,16,0,16,富邦-高雄,2024-08-15,9659
2002,中鋼,35,19,16,富邦-高雄,2024-08-15,9659
00632R,元大台灣50反1,1986,470,1516,富邦-高雄,2024-08-16,9659
00687B,國泰20年美債,741,37,704,富邦-高雄,2024-08-16,9659
00680L,元大美債20正2,543,47,496,富邦-高雄,2024-08-16,9659
00937B,群益ESG投等債20,210,57,153,富邦-高雄,2024-08-16,9659
00679B,元大美債20年,204,66,138,富邦-高雄,2024-08-16,9659
00664R,國泰臺灣加權反1,106,0,106,富邦-高雄,2024-08-16,9659
2486,一詮,107,5,102,富邦-高雄,2024-08-16,9659
1453,大將,85,0,85,富邦-高雄,2024-08-16,9659
00878,國泰永續高股息,140,64,76,富邦-高雄,2024-08-16,9659
1336,台翰,80,10,70,富邦-高雄,2024-08-16,9659
2605,新興,67,0,67,富邦-高雄,2024-08-16,9659
6548,長科*,66,0,66,富邦-高雄,2024-08-16,9659
2354,鴻準,79,15,64,富邦-高雄,2024-08-16,9659
2891,中信金,88,31,57,富邦-高雄,2024-08-16,9659
1560,中砂,57,2,55,富邦-高雄,2024-08-16,9659
00929,復華台灣科技優息,153,104,49,富邦-高雄,2024-08-16,9659
00764B,群益25年美債,52,3,49,富邦-高雄,2024-08-16,9659
6834,天二科技,42,0,42,富邦-高雄,2024-08-16,9659
3048,益登,69,27,42,富邦-高雄,2024-08-16,9659
00945B,凱基美國非投等債,41,0,41,富邦-高雄,2024-08-16,9659
2323,中環,112,73,39,富邦-高雄,2024-08-16,9659
00948B,中信優息投資級債,85,51,34,富邦-高雄,2024-08-16,9659
2489,瑞軒,38,4,34,富邦-高雄,2024-08-16,9659
00923,群益台ESG低碳50,40,7,33,富邦-高雄,2024-08-16,9659
8096,擎亞,155,122,33,富邦-高雄,2024-08-16,9659
00675L,富邦臺灣加權正2,32,1,31,富邦-高雄,2024-08-16,9659
5364,力麗店,31,0,31,富邦-高雄,2024-08-16,9659
2618,長榮航,34,3,31,富邦-高雄,2024-08-16,9659
5014,建錩,30,0,30,富邦-高雄,2024-08-16,9659
00857B,永豐20年美公債,29,0,29,富邦-高雄,2024-08-16,9659
00795B,中信美國公債20年,26,0,26,富邦-高雄,2024-08-16,9659
00712,復華富時不動產,55,29,26,富邦-高雄,2024-08-16,9659
8071,能率網通,31,6,25,富邦-高雄,2024-08-16,9659
8906,花王,25,0,25,富邦-高雄,2024-08-16,9659
2362,藍天,33,9,24,富邦-高雄,2024-08-16,9659
5309,系統電,38,15,23,富邦-高雄,2024-08-16,9659
2385,群光,31,9,22,富邦-高雄,2024-08-16,9659
1785,光洋科,60,38,22,富邦-高雄,2024-08-16,9659
2609,陽明,48,26,22,富邦-高雄,2024-08-16,9659
1539,巨庭,21,0,21,富邦-高雄,2024-08-16,9659
1905,華紙,20,0,20,富邦-高雄,2024-08-16,9659
00905,FT臺灣Smart,20,0,20,富邦-高雄,2024-08-16,9659
5512,力麒,20,0,20,富邦-高雄,2024-08-16,9659
3484,崧騰,20,1,19,富邦-高雄,2024-08-16,9659
00911,兆豐洲際半導體,25,6,19,富邦-高雄,2024-08-16,9659
6176,瑞儀,20,2,18,富邦-高雄,2024-08-16,9659
00688L,國泰20年美債正2,18,0,18,富邦-高雄,2024-08-16,9659
3535,晶彩科,29,11,18,富邦-高雄,2024-08-16,9659
3706,神達,29,12,17,富邦-高雄,2024-08-16,9659
2367,燿華,21,4,17,富邦-高雄,2024-08-16,9659
2888,新光金,1562,199,1363,富邦-高雄,2024-08-19,9659
00632R,元大台灣50反1,951,5,946,富邦-高雄,2024-08-19,9659
00712,復華富時不動產,244,1,243,富邦-高雄,2024-08-19,9659
00929,復華台灣科技優息,301,95,206,富邦-高雄,2024-08-19,9659
00948B,中信優息投資級債,99,0,99,富邦-高雄,2024-08-19,9659
2464,盟立,140,53,87,富邦-高雄,2024-08-19,9659
00679B,元大美債20年,110,28,82,富邦-高雄,2024-08-19,9659
00937B,群益ESG投等債20,160,80,80,富邦-高雄,2024-08-19,9659
00680L,元大美債20正2,205,126,79,富邦-高雄,2024-08-19,9659
2354,鴻準,158,81,77,富邦-高雄,2024-08-19,9659
00706L,期元大S＆P日圓正2,72,0,72,富邦-高雄,2024-08-19,9659
3047,訊舟,170,103,67,富邦-高雄,2024-08-19,9659
00931B,統一美債20年,65,0,65,富邦-高雄,2024-08-19,9659
5905,南仁湖,83,23,60,富邦-高雄,2024-08-19,9659
00715L,期街口布蘭特正2,58,1,57,富邦-高雄,2024-08-19,9659
2359,所羅門,113,58,55,富邦-高雄,2024-08-19,9659
4956,光鋐,50,2,48,富邦-高雄,2024-08-19,9659
1305,華夏,47,0,47,富邦-高雄,2024-08-19,9659
8028,昇陽半導體,94,52,42,富邦-高雄,2024-08-19,9659
6806,森崴能源,42,1,41,富邦-高雄,2024-08-19,9659
2537,聯上發,62,22,40,富邦-高雄,2024-08-19,9659
1611,中電,44,5,39,富邦-高雄,2024-08-19,9659
2603,長榮,47,10,37,富邦-高雄,2024-08-19,9659
00687B,國泰20年美債,180,144,36,富邦-高雄,2024-08-19,9659
3447,展達,50,15,35,富邦-高雄,2024-08-19,9659
00795B,中信美國公債20年,39,5,34,富邦-高雄,2024-08-19,9659
8096,擎亞,68,36,32,富邦-高雄,2024-08-19,9659
2511,太子,53,22,31,富邦-高雄,2024-08-19,9659
2891,中信金,46,16,30,富邦-高雄,2024-08-19,9659
00933B,國泰10Y+金融債,29,0,29,富邦-高雄,2024-08-19,9659
2002,中鋼,41,13,28,富邦-高雄,2024-08-19,9659
00637L,元大滬深300正2,33,6,27,富邦-高雄,2024-08-19,9659
2429,銘旺科,28,2,26,富邦-高雄,2024-08-19,9659
00936,台新永續高息中小,30,4,26,富邦-高雄,2024-08-19,9659
8390,金益鼎,25,0,25,富邦-高雄,2024-08-19,9659
9904,寶成,24,0,24,富邦-高雄,2024-08-19,9659
3580,友威科,36,12,24,富邦-高雄,2024-08-19,9659
2615,萬海,42,19,23,富邦-高雄,2024-08-19,9659
00900,富邦特選高股息30,41,18,23,富邦-高雄,2024-08-19,9659
3013,晟銘電,41,21,20,富邦-高雄,2024-08-19,9659
3188,鑫龍騰,41,21,20,富邦-高雄,2024-08-19,9659
00945B,凱基美國非投等債,22,2,20,富邦-高雄,2024-08-19,9659
2883,凱基金,34,15,19,富邦-高雄,2024-08-19,9659
2382,廣達,31,12,19,富邦-高雄,2024-08-19,9659
6188,廣明,42,23,19,富邦-高雄,2024-08-19,9659
3645,達邁,29,10,19,富邦-高雄,2024-08-19,9659
6133,金橋,19,1,18,富邦-高雄,2024-08-19,9659
2881,富邦金,34,16,18,富邦-高雄,2024-08-19,9659
2442,新美齊,17,0,17,富邦-高雄,2024-08-19,9659
00713,元大台灣高息低波,20,3,17,富邦-高雄,2024-08-19,9659
2610,華航,413,18,395,富邦-高雄,2024-08-20,9659
00712,復華富時不動產,302,3,299,富邦-高雄,2024-08-20,9659
2344,華邦電,327,48,279,富邦-高雄,2024-08-20,9659
00687B,國泰20年美債,266,6,260,富邦-高雄,2024-08-20,9659
00680L,元大美債20正2,288,36,252,富邦-高雄,2024-08-20,9659
2429,銘旺科,108,1,107,富邦-高雄,2024-08-20,9659
00715L,期街口布蘭特正2,115,30,85,富邦-高雄,2024-08-20,9659
8071,能率網通,77,3,74,富邦-高雄,2024-08-20,9659
00937B,群益ESG投等債20,75,6,69,富邦-高雄,2024-08-20,9659
3050,鈺德,136,70,66,富邦-高雄,2024-08-20,9659
3379,彬台,81,17,64,富邦-高雄,2024-08-20,9659
2883,凱基金,67,4,63,富邦-高雄,2024-08-20,9659
00948B,中信優息投資級債,59,0,59,富邦-高雄,2024-08-20,9659
5905,南仁湖,66,10,56,富邦-高雄,2024-08-20,9659
00664R,國泰臺灣加權反1,51,0,51,富邦-高雄,2024-08-20,9659
2356,英業達,70,26,44,富邦-高雄,2024-08-20,9659
3447,展達,72,30,42,富邦-高雄,2024-08-20,9659
1326,台化,43,6,37,富邦-高雄,2024-08-20,9659
2353,宏��,50,13,37,富邦-高雄,2024-08-20,9659
00945B,凱基美國非投等債,36,0,36,富邦-高雄,2024-08-20,9659
00688L,國泰20年美債正2,36,0,36,富邦-高雄,2024-08-20,9659
2882,國泰金,57,22,35,富邦-高雄,2024-08-20,9659
00706L,期元大S＆P日圓正2,41,7,34,富邦-高雄,2024-08-20,9659
00882,中信中國高股息,34,0,34,富邦-高雄,2024-08-20,9659
00720B,元大投資級公司債,36,3,33,富邦-高雄,2024-08-20,9659
2374,佳能,48,17,31,富邦-高雄,2024-08-20,9659
9105,泰金寶-DR,41,10,31,富邦-高雄,2024-08-20,9659
4402,郡都開發,32,2,30,富邦-高雄,2024-08-20,9659
00632R,元大台灣50反1,309,280,29,富邦-高雄,2024-08-20,9659
2349,錸德,55,26,29,富邦-高雄,2024-08-20,9659
1409,新纖,35,8,27,富邦-高雄,2024-08-20,9659
2376,技嘉,32,6,26,富邦-高雄,2024-08-20,9659
8110,華東,28,2,26,富邦-高雄,2024-08-20,9659
2317,鴻海,49,24,25,富邦-高雄,2024-08-20,9659
2409,友達,36,11,25,富邦-高雄,2024-08-20,9659
6173,信昌電,24,0,24,富邦-高雄,2024-08-20,9659
2542,興富發,27,3,24,富邦-高雄,2024-08-20,9659
00637L,元大滬深300正2,23,0,23,富邦-高雄,2024-08-20,9659
3450,聯鈞,42,19,23,富邦-高雄,2024-08-20,9659
2243,宏旭-KY,76,54,22,富邦-高雄,2024-08-20,9659
3188,鑫龍騰,30,8,22,富邦-高雄,2024-08-20,9659
00947,台新臺灣IC設計,22,0,22,富邦-高雄,2024-08-20,9659
00954,中信日本半導體,22,0,22,富邦-高雄,2024-08-20,9659
5534,長虹,23,1,22,富邦-高雄,2024-08-20,9659
6208,日揚,25,3,22,富邦-高雄,2024-08-20,9659
00922,國泰台灣領袖50,22,0,22,富邦-高雄,2024-08-20,9659
00936,台新永續高息中小,25,4,21,富邦-高雄,2024-08-20,9659
2537,聯上發,64,43,21,富邦-高雄,2024-08-20,9659
00713,元大台灣高息低波,22,2,20,富邦-高雄,2024-08-20,9659
2891,中信金,32,12,20,富邦-高雄,2024-08-20,9659
2888,新光金,1131,577,554,富邦-高雄,2024-08-21,9659
2891,中信金,386,5,381,富邦-高雄,2024-08-21,9659
1314,中石化,300,0,300,富邦-高雄,2024-08-21,9659
00919,群益台灣精選高息,142,4,138,富邦-高雄,2024-08-21,9659
00687B,國泰20年美債,149,12,137,富邦-高雄,2024-08-21,9659
00706L,期元大S＆P日圓正2,120,1,119,富邦-高雄,2024-08-21,9659
9105,泰金寶-DR,192,98,94,富邦-高雄,2024-08-21,9659
2886,兆豐金,77,5,72,富邦-高雄,2024-08-21,9659
8054,安國,88,18,70,富邦-高雄,2024-08-21,9659
5905,南仁湖,144,80,64,富邦-高雄,2024-08-21,9659
00664R,國泰臺灣加權反1,58,0,58,富邦-高雄,2024-08-21,9659
00937B,群益ESG投等債20,211,155,56,富邦-高雄,2024-08-21,9659
00948B,中信優息投資級債,54,2,52,富邦-高雄,2024-08-21,9659
00679B,元大美債20年,56,8,48,富邦-高雄,2024-08-21,9659
2392,正崴,73,26,47,富邦-高雄,2024-08-21,9659
2489,瑞軒,60,14,46,富邦-高雄,2024-08-21,9659
00715L,期街口布蘭特正2,44,0,44,富邦-高雄,2024-08-21,9659
1303,南亞,41,1,40,富邦-高雄,2024-08-21,9659
8390,金益鼎,42,2,40,富邦-高雄,2024-08-21,9659
00764B,群益25年美債,36,3,33,富邦-高雄,2024-08-21,9659
2610,華航,42,10,32,富邦-高雄,2024-08-21,9659
3062,建漢,51,19,32,富邦-高雄,2024-08-21,9659
8071,能率網通,42,11,31,富邦-高雄,2024-08-21,9659
2371,大同,31,2,29,富邦-高雄,2024-08-21,9659
1609,大亞,36,7,29,富邦-高雄,2024-08-21,9659
2356,英業達,32,4,28,富邦-高雄,2024-08-21,9659
00900,富邦特選高股息30,41,14,27,富邦-高雄,2024-08-21,9659
5534,長虹,26,0,26,富邦-高雄,2024-08-21,9659
2323,中環,44,18,26,富邦-高雄,2024-08-21,9659
8043,蜜望實,54,28,26,富邦-高雄,2024-08-21,9659
5309,系統電,78,53,25,富邦-高雄,2024-08-21,9659
00936,台新永續高息中小,26,2,24,富邦-高雄,2024-08-21,9659
00753L,中信中國50正2,30,10,20,富邦-高雄,2024-08-21,9659
2885,元大金,21,0,21,富邦-高雄,2024-08-21,9659
4402,郡都開發,21,1,20,富邦-高雄,2024-08-21,9659
00940,元大台灣價值高息,45,26,19,富邦-高雄,2024-08-21,9659
2405,輔信,32,13,19,富邦-高雄,2024-08-21,9659
00752,中信中國50,19,0,19,富邦-高雄,2024-08-21,9659
3037,欣興,25,7,18,富邦-高雄,2024-08-21,9659
4160,訊聯基因,18,0,18,富邦-高雄,2024-08-21,9659
2883,凱基金,19,1,18,富邦-高雄,2024-08-21,9659
2330,台積電,30,13,17,富邦-高雄,2024-08-21,9659
2317,鴻海,51,34,17,富邦-高雄,2024-08-21,9659
2603,長榮,54,36,18,富邦-高雄,2024-08-21,9659
00949,復華日本龍頭,20,3,17,富邦-高雄,2024-08-21,9659
2887,台新金,17,1,16,富邦-高雄,2024-08-21,9659
2344,華邦電,28,12,16,富邦-高雄,2024-08-21,9659
2354,鴻準,42,27,15,富邦-高雄,2024-08-21,9659
2890,永豐金,20,5,15,富邦-高雄,2024-08-21,9659
3346,麗清,15,0,15,富邦-高雄,2024-08-21,9659
2208,台船,209,14,195,富邦-高雄,2024-08-22,9659
00687B,國泰20年美債,175,2,173,富邦-高雄,2024-08-22,9659
2891,中信金,184,48,136,富邦-高雄,2024-08-22,9659
00715L,期街口布蘭特正2,160,51,109,富邦-高雄,2024-08-22,9659
00753L,中信中國50正2,90,0,90,富邦-高雄,2024-08-22,9659
2442,新美齊,75,2,73,富邦-高雄,2024-08-22,9659
00632R,元大台灣50反1,70,0,70,富邦-高雄,2024-08-22,9659
5328,華容,73,3,70,富邦-高雄,2024-08-22,9659
8033,雷虎,66,1,65,富邦-高雄,2024-08-22,9659
2890,永豐金,68,3,65,富邦-高雄,2024-08-22,9659
00919,群益台灣精選高息,76,12,64,富邦-高雄,2024-08-22,9659
3663,鑫科,81,23,58,富邦-高雄,2024-08-22,9659
00881,國泰台灣5G+,71,15,56,富邦-高雄,2024-08-22,9659
2883,凱基金,53,8,45,富邦-高雄,2024-08-22,9659
2362,藍天,59,15,44,富邦-高雄,2024-08-22,9659
00795B,中信美國公債20年,40,0,40,富邦-高雄,2024-08-22,9659
00937B,群益ESG投等債20,125,88,37,富邦-高雄,2024-08-22,9659
00695B,富邦美債7-10,35,0,35,富邦-高雄,2024-08-22,9659
3339,泰谷,34,1,33,富邦-高雄,2024-08-22,9659
00907,永豐優息存股,33,0,33,富邦-高雄,2024-08-22,9659
00878,國泰永續高股息,51,19,32,富邦-高雄,2024-08-22,9659
2881,富邦金,40,8,32,富邦-高雄,2024-08-22,9659
2349,錸德,241,210,31,富邦-高雄,2024-08-22,9659
1513,中興電,54,23,31,富邦-高雄,2024-08-22,9659
5014,建錩,30,0,30,富邦-高雄,2024-08-22,9659
1785,光洋科,32,4,28,富邦-高雄,2024-08-22,9659
3188,鑫龍騰,33,5,28,富邦-高雄,2024-08-22,9659
00915,凱基優選高股息30,29,1,28,富邦-高雄,2024-08-22,9659
2392,正崴,45,18,27,富邦-高雄,2024-08-22,9659
1709,和益,40,14,26,富邦-高雄,2024-08-22,9659
5534,長虹,26,1,25,富邦-高雄,2024-08-22,9659
2610,華航,25,0,25,富邦-高雄,2024-08-22,9659
00929,復華台灣科技優息,107,83,24,富邦-高雄,2024-08-22,9659
2489,瑞軒,33,9,24,富邦-高雄,2024-08-22,9659
3430,奇鈦科,24,0,24,富邦-高雄,2024-08-22,9659
2405,輔信,49,26,23,富邦-高雄,2024-08-22,9659
00882,中信中國高股息,23,0,23,富邦-高雄,2024-08-22,9659
3483,力致,23,0,23,富邦-高雄,2024-08-22,9659
4716,大立,47,26,21,富邦-高雄,2024-08-22,9659
3047,訊舟,176,156,20,富邦-高雄,2024-08-22,9659
1514,亞力,64,44,20,富邦-高雄,2024-08-22,9659
3379,彬台,22,2,20,富邦-高雄,2024-08-22,9659
2317,鴻海,63,44,19,富邦-高雄,2024-08-22,9659
00934,中信成長高股息,25,6,19,富邦-高雄,2024-08-22,9659
3011,今皓,29,10,19,富邦-高雄,2024-08-22,9659
00712,復華富時不動產,20,2,18,富邦-高雄,2024-08-22,9659
6733,博晟生醫,18,0,18,富邦-高雄,2024-08-22,9659
1714,和桐,18,0,18,富邦-高雄,2024-08-22,9659
8455,大拓-KY,24,9,15,富邦-高雄,2024-08-22,9659
3372,典範,15,1,14,富邦-高雄,2024-08-22,9659
00687B,國泰20年美債,200,4,196,富邦-高雄,2024-08-23,9659
2891,中信金,289,95,194,富邦-高雄,2024-08-23,9659
2501,國建,168,12,156,富邦-高雄,2024-08-23,9659
5309,系統電,125,4,121,富邦-高雄,2024-08-23,9659
2208,台船,143,40,103,富邦-高雄,2024-08-23,9659
00637L,元大滬深300正2,100,14,86,富邦-高雄,2024-08-23,9659
2489,瑞軒,66,4,62,富邦-高雄,2024-08-23,9659
00948B,中信優息投資級債,59,0,59,富邦-高雄,2024-08-23,9659
00725B,國泰投資級公司債,55,0,55,富邦-高雄,2024-08-23,9659
1711,永光,175,121,54,富邦-高雄,2024-08-23,9659
00715L,期街口布蘭特正2,59,6,53,富邦-高雄,2024-08-23,9659
00919,群益台灣精選高息,65,17,48,富邦-高雄,2024-08-23,9659
00929,復華台灣科技優息,125,82,43,富邦-高雄,2024-08-23,9659
1314,中石化,228,186,42,富邦-高雄,2024-08-23,9659
00946,群益科技高息成長,41,1,40,富邦-高雄,2024-08-23,9659
8021,尖點,67,27,40,富邦-高雄,2024-08-23,9659
3645,達邁,70,35,35,富邦-高雄,2024-08-23,9659
00945B,凱基美國非投等債,32,0,32,富邦-高雄,2024-08-23,9659
00878,國泰永續高股息,43,12,31,富邦-高雄,2024-08-23,9659
1785,光洋科,46,15,31,富邦-高雄,2024-08-23,9659
5364,力麗店,34,3,31,富邦-高雄,2024-08-23,9659
1409,新纖,31,0,31,富邦-高雄,2024-08-23,9659
2610,華航,67,37,30,富邦-高雄,2024-08-23,9659
1708,東鹼,75,45,30,富邦-高雄,2024-08-23,9659
2801,彰銀,28,0,28,富邦-高雄,2024-08-23,9659
2885,元大金,27,1,26,富邦-高雄,2024-08-23,9659
00795B,中信美國公債20年,26,0,26,富邦-高雄,2024-08-23,9659
00688L,國泰20年美債正2,35,10,25,富邦-高雄,2024-08-23,9659
2887,台新金,169,144,25,富邦-高雄,2024-08-23,9659
3047,訊舟,47,25,22,富邦-高雄,2024-08-23,9659
8033,雷虎,22,0,22,富邦-高雄,2024-08-23,9659
2344,華邦電,21,0,21,富邦-高雄,2024-08-23,9659
00937B,群益ESG投等債20,92,71,21,富邦-高雄,2024-08-23,9659
8103,瀚荃,23,3,20,富邦-高雄,2024-08-23,9659
00642U,期元大S＆P石油,20,1,19,富邦-高雄,2024-08-23,9659
2851,中再保,38,19,19,富邦-高雄,2024-08-23,9659
2303,聯電,40,21,19,富邦-高雄,2024-08-23,9659
00953B,群益優選非投等債,46,28,18,富邦-高雄,2024-08-23,9659
8927,北基,18,0,18,富邦-高雄,2024-08-23,9659
6504,南六,23,5,18,富邦-高雄,2024-08-23,9659
2323,中環,39,21,18,富邦-高雄,2024-08-23,9659
3189,景碩,37,20,17,富邦-高雄,2024-08-23,9659
2603,長榮,27,10,17,富邦-高雄,2024-08-23,9659
2609,陽明,22,6,16,富邦-高雄,2024-08-23,9659
3673,TPK-KY,15,0,15,富邦-高雄,2024-08-23,9659
6143,振曜,17,2,15,富邦-高雄,2024-08-23,9659
1305,華夏,15,0,15,富邦-高雄,2024-08-23,9659
5263,智崴,17,2,15,富邦-高雄,2024-08-23,9659
00936,台新永續高息中小,19,4,15,富邦-高雄,2024-08-23,9659
2890,永豐金,29,15,14,富邦-高雄,2024-08-23,9659
2888,新光金,2843,607,2236,富邦-高雄,2024-08-26,9659
2897,王道銀行,480,0,480,富邦-高雄,2024-08-26,9659
2801,彰銀,400,5,395,富邦-高雄,2024-08-26,9659
00937B,群益ESG投等債20,431,48,383,富邦-高雄,2024-08-26,9659
00679B,元大美債20年,346,31,315,富邦-高雄,2024-08-26,9659
2883,凱基金,303,95,208,富邦-高雄,2024-08-26,9659
00687B,國泰20年美債,167,7,160,富邦-高雄,2024-08-26,9659
00712,復華富時不動產,171,18,153,富邦-高雄,2024-08-26,9659
5386,青雲,102,1,101,富邦-高雄,2024-08-26,9659
00772B,中信高評級公司債,100,0,100,富邦-高雄,2024-08-26,9659
2891,中信金,115,24,91,富邦-高雄,2024-08-26,9659
00948B,中信優息投資級債,76,0,76,富邦-高雄,2024-08-26,9659
3450,聯鈞,88,14,74,富邦-高雄,2024-08-26,9659
2890,永豐金,56,6,50,富邦-高雄,2024-08-26,9659
8027,鈦昇,54,5,49,富邦-高雄,2024-08-26,9659
00671R,富邦NASDAQ反1,40,0,40,富邦-高雄,2024-08-26,9659
8043,蜜望實,40,1,39,富邦-高雄,2024-08-26,9659
1711,永光,101,63,38,富邦-高雄,2024-08-26,9659
00676R,富邦臺灣加權反1,33,2,31,富邦-高雄,2024-08-26,9659
5443,均豪,165,134,31,富邦-高雄,2024-08-26,9659
00933B,國泰10Y+金融債,35,5,30,富邦-高雄,2024-08-26,9659
8096,擎亞,80,50,30,富邦-高雄,2024-08-26,9659
5905,南仁湖,36,7,29,富邦-高雄,2024-08-26,9659
00642U,期元大S＆P石油,30,2,28,富邦-高雄,2024-08-26,9659
00919,群益台灣精選高息,67,39,28,富邦-高雄,2024-08-26,9659
2303,聯電,35,9,26,富邦-高雄,2024-08-26,9659
2543,皇昌,37,11,26,富邦-高雄,2024-08-26,9659
00720B,元大投資級公司債,27,3,24,富邦-高雄,2024-08-26,9659
2349,錸德,46,24,22,富邦-高雄,2024-08-26,9659
2363,矽統,27,6,21,富邦-高雄,2024-08-26,9659
3038,全台,20,0,20,富邦-高雄,2024-08-26,9659
00936,台新永續高息中小,28,8,20,富邦-高雄,2024-08-26,9659
00706L,期元大S＆P日圓正2,31,11,20,富邦-高雄,2024-08-26,9659
2489,瑞軒,25,5,20,富邦-高雄,2024-08-26,9659
6196,帆宣,20,1,19,富邦-高雄,2024-08-26,9659
3711,日月光投控,19,0,19,富邦-高雄,2024-08-26,9659
00713,元大台灣高息低波,19,0,19,富邦-高雄,2024-08-26,9659
2402,毅嘉,63,45,18,富邦-高雄,2024-08-26,9659
2442,新美齊,18,0,18,富邦-高雄,2024-08-26,9659
4931,新盛力,17,0,17,富邦-高雄,2024-08-26,9659
2537,聯上發,17,0,17,富邦-高雄,2024-08-26,9659
00719B,元大美債1-3,16,0,16,富邦-高雄,2024-08-26,9659
2330,台積電,23,7,16,富邦-高雄,2024-08-26,9659
4562,穎漢,18,2,16,富邦-高雄,2024-08-26,9659
2331,精英,29,13,16,富邦-高雄,2024-08-26,9659
4743,合一,16,0,16,富邦-高雄,2024-08-26,9659
2371,大同,20,5,15,富邦-高雄,2024-08-26,9659
2313,華通,15,1,14,富邦-高雄,2024-08-26,9659
6606,建德工業,14,0,14,富邦-高雄,2024-08-26,9659
2367,燿華,14,1,13,富邦-高雄,2024-08-26,9659
2891,中信金,305,28,277,富邦-高雄,2024-08-27,9659
3481,群創,295,116,179,富邦-高雄,2024-08-27,9659
00929,復華台灣科技優息,142,27,115,富邦-高雄,2024-08-27,9659
1528,恩德,133,20,113,富邦-高雄,2024-08-27,9659
00680L,元大美債20正2,105,1,104,富邦-高雄,2024-08-27,9659
2464,盟立,120,21,99,富邦-高雄,2024-08-27,9659
8027,鈦昇,106,8,98,富邦-高雄,2024-08-27,9659
3059,華晶科,98,0,98,富邦-高雄,2024-08-27,9659
5488,松普,80,1,79,富邦-高雄,2024-08-27,9659
2882,國泰金,77,5,72,富邦-高雄,2024-08-27,9659
00919,群益台灣精選高息,72,0,72,富邦-高雄,2024-08-27,9659
5398,慕康生醫,61,0,61,富邦-高雄,2024-08-27,9659
00679B,元大美債20年,59,1,58,富邦-高雄,2024-08-27,9659
3363,上詮,77,29,48,富邦-高雄,2024-08-27,9659
00687B,國泰20年美債,101,54,47,富邦-高雄,2024-08-27,9659
2429,銘旺科,46,0,46,富邦-高雄,2024-08-27,9659
8071,能率網通,92,47,45,富邦-高雄,2024-08-27,9659
2243,宏旭-KY,45,1,44,富邦-高雄,2024-08-27,9659
5202,力新,41,0,41,富邦-高雄,2024-08-27,9659
00878,國泰永續高股息,50,9,41,富邦-高雄,2024-08-27,9659
00673R,期元大S＆P原油反1,42,3,39,富邦-高雄,2024-08-27,9659
2603,長榮,54,19,35,富邦-高雄,2024-08-27,9659
00664R,國泰臺灣加權反1,35,0,35,富邦-高雄,2024-08-27,9659
2610,華航,71,39,32,富邦-高雄,2024-08-27,9659
2615,萬海,52,22,30,富邦-高雄,2024-08-27,9659
00904,新光臺灣半導體30,30,0,30,富邦-高雄,2024-08-27,9659
00696B,富邦美債20年,30,0,30,富邦-高雄,2024-08-27,9659
3062,建漢,30,1,29,富邦-高雄,2024-08-27,9659
8927,北基,26,0,26,富邦-高雄,2024-08-27,9659
2489,瑞軒,33,7,26,富邦-高雄,2024-08-27,9659
2609,陽明,55,29,26,富邦-高雄,2024-08-27,9659
3188,鑫龍騰,25,0,25,富邦-高雄,2024-08-27,9659
3550,聯穎,27,3,24,富邦-高雄,2024-08-27,9659
1312,國喬,24,0,24,富邦-高雄,2024-08-27,9659
6679,鈺太,25,2,23,富邦-高雄,2024-08-27,9659
5876,上海商銀,21,0,21,富邦-高雄,2024-08-27,9659
00942B,台新美A公司債20+,21,0,21,富邦-高雄,2024-08-27,9659
00934,中信成長高股息,31,10,21,富邦-高雄,2024-08-27,9659
3149,正達,34,13,21,富邦-高雄,2024-08-27,9659
00948B,中信優息投資級債,20,0,20,富邦-高雄,2024-08-27,9659
00915,凱基優選高股息30,18,0,18,富邦-高雄,2024-08-27,9659
00881,國泰台灣5G+,18,1,17,富邦-高雄,2024-08-27,9659
2014,中鴻,17,1,16,富邦-高雄,2024-08-27,9659
00688L,國泰20年美債正2,16,0,16,富邦-高雄,2024-08-27,9659
1708,東鹼,23,8,15,富邦-高雄,2024-08-27,9659
2356,英業達,16,1,15,富邦-高雄,2024-08-27,9659
2880,華南金,15,0,15,富邦-高雄,2024-08-27,9659
00893,國泰智能電動車,15,0,15,富邦-高雄,2024-08-27,9659
4967,十銓,47,32,15,富邦-高雄,2024-08-27,9659
2330,台積電,19,4,15,富邦-高雄,2024-08-27,9659
00665L,富邦�琤肭磪囓�2,700,2,698,富邦-高雄,2024-08-28,9659
2891,中信金,370,109,261,富邦-高雄,2024-08-28,9659
3481,群創,275,72,203,富邦-高雄,2024-08-28,9659
00885,富邦越南,121,5,116,富邦-高雄,2024-08-28,9659
5443,均豪,202,104,98,富邦-高雄,2024-08-28,9659
2836,高雄銀,94,0,94,富邦-高雄,2024-08-28,9659
8927,北基,81,6,75,富邦-高雄,2024-08-28,9659
4720,德淵,60,0,60,富邦-高雄,2024-08-28,9659
1609,大亞,66,10,56,富邦-高雄,2024-08-28,9659
00878,國泰永續高股息,67,18,49,富邦-高雄,2024-08-28,9659
3006,晶豪科,50,5,45,富邦-高雄,2024-08-28,9659
2392,正崴,71,29,42,富邦-高雄,2024-08-28,9659
3047,訊舟,53,12,41,富邦-高雄,2024-08-28,9659
5481,新華,44,4,40,富邦-高雄,2024-08-28,9659
00673R,期元大S＆P原油反1,40,0,40,富邦-高雄,2024-08-28,9659
00676R,富邦臺灣加權反1,40,0,40,富邦-高雄,2024-08-28,9659
8039,台虹,94,58,36,富邦-高雄,2024-08-28,9659
00753L,中信中國50正2,40,4,36,富邦-高雄,2024-08-28,9659
2890,永豐金,36,0,36,富邦-高雄,2024-08-28,9659
2609,陽明,42,8,34,富邦-高雄,2024-08-28,9659
2845,遠東銀,33,0,33,富邦-高雄,2024-08-28,9659
00959B,大華投等美債15Y+,32,0,32,富邦-高雄,2024-08-28,9659
2367,燿華,59,29,30,富邦-高雄,2024-08-28,9659
2515,中工,29,0,29,富邦-高雄,2024-08-28,9659
8011,台通,58,30,28,富邦-高雄,2024-08-28,9659
1316,上曜,28,1,27,富邦-高雄,2024-08-28,9659
00679B,元大美債20年,25,0,25,富邦-高雄,2024-08-28,9659
4562,穎漢,31,6,25,富邦-高雄,2024-08-28,9659
2883,凱基金,35,10,25,富邦-高雄,2024-08-28,9659
6446,藥華藥,26,1,25,富邦-高雄,2024-08-28,9659
00696B,富邦美債20年,23,0,23,富邦-高雄,2024-08-28,9659
4174,浩鼎,24,3,21,富邦-高雄,2024-08-28,9659
8249,菱光,29,9,20,富邦-高雄,2024-08-28,9659
8064,東捷,29,9,20,富邦-高雄,2024-08-28,9659
2409,友達,24,5,19,富邦-高雄,2024-08-28,9659
2889,國票金,21,2,19,富邦-高雄,2024-08-28,9659
00937B,群益ESG投等債20,35,16,19,富邦-高雄,2024-08-28,9659
00919,群益台灣精選高息,20,2,18,富邦-高雄,2024-08-28,9659
2524,京城,20,3,17,富邦-高雄,2024-08-28,9659
8103,瀚荃,17,0,17,富邦-高雄,2024-08-28,9659
00688L,國泰20年美債正2,18,1,17,富邦-高雄,2024-08-28,9659
8374,羅昇,24,7,17,富邦-高雄,2024-08-28,9659
2356,英業達,24,7,17,富邦-高雄,2024-08-28,9659
4958,臻鼎-KY,19,3,16,富邦-高雄,2024-08-28,9659
4510,高鋒,56,40,16,富邦-高雄,2024-08-28,9659
2543,皇昌,43,28,15,富邦-高雄,2024-08-28,9659
1810,和成,14,0,14,富邦-高雄,2024-08-28,9659
4566,時碩工業,46,32,14,富邦-高雄,2024-08-28,9659
00752,中信中國50,13,0,13,富邦-高雄,2024-08-28,9659
6548,長科*,17,4,13,富邦-高雄,2024-08-28,9659
2891,中信金,202,19,183,富邦-高雄,2024-08-29,9659
00753L,中信中國50正2,144,0,144,富邦-高雄,2024-08-29,9659
1414,東和,89,0,89,富邦-高雄,2024-08-29,9659
2399,映泰,119,30,89,富邦-高雄,2024-08-29,9659
1314,中石化,86,10,76,富邦-高雄,2024-08-29,9659
00948B,中信優息投資級債,66,0,66,富邦-高雄,2024-08-29,9659
00929,復華台灣科技優息,93,27,66,富邦-高雄,2024-08-29,9659
00937B,群益ESG投等債20,106,42,64,富邦-高雄,2024-08-29,9659
2353,宏��,68,4,64,富邦-高雄,2024-08-29,9659
2887,台新金,70,6,64,富邦-高雄,2024-08-29,9659
3363,上詮,209,148,61,富邦-高雄,2024-08-29,9659
00945B,凱基美國非投等債,59,0,59,富邦-高雄,2024-08-29,9659
6603,富強鑫,116,59,57,富邦-高雄,2024-08-29,9659
6679,鈺太,60,4,56,富邦-高雄,2024-08-29,9659
5515,建國,46,0,46,富邦-高雄,2024-08-29,9659
2464,盟立,96,53,43,富邦-高雄,2024-08-29,9659
5439,高技,52,11,41,富邦-高雄,2024-08-29,9659
00720B,元大投資級公司債,44,3,41,富邦-高雄,2024-08-29,9659
4513,福裕,67,28,39,富邦-高雄,2024-08-29,9659
3050,鈺德,42,3,39,富邦-高雄,2024-08-29,9659
4510,高鋒,116,81,35,富邦-高雄,2024-08-29,9659
5371,中光電,46,11,35,富邦-高雄,2024-08-29,9659
00919,群益台灣精選高息,46,13,33,富邦-高雄,2024-08-29,9659
8027,鈦昇,34,1,33,富邦-高雄,2024-08-29,9659
2405,輔信,31,3,28,富邦-高雄,2024-08-29,9659
00751B,元大AAA至A公司債,27,0,27,富邦-高雄,2024-08-29,9659
00932,兆豐永續高息等權,25,0,25,富邦-高雄,2024-08-29,9659
8927,北基,21,0,21,富邦-高雄,2024-08-29,9659
00942B,台新美A公司債20+,21,0,21,富邦-高雄,2024-08-29,9659
00696B,富邦美債20年,22,1,21,富邦-高雄,2024-08-29,9659
6269,台郡,25,4,21,富邦-高雄,2024-08-29,9659
8071,能率網通,22,1,21,富邦-高雄,2024-08-29,9659
2330,台積電,34,13,21,富邦-高雄,2024-08-29,9659
1714,和桐,20,0,20,富邦-高雄,2024-08-29,9659
3150,鈺寶-創,20,0,20,富邦-高雄,2024-08-29,9659
00878,國泰永續高股息,42,22,20,富邦-高雄,2024-08-29,9659
00881,國泰台灣5G+,23,3,20,富邦-高雄,2024-08-29,9659
2885,元大金,19,0,19,富邦-高雄,2024-08-29,9659
00953B,群益優選非投等債,20,1,19,富邦-高雄,2024-08-29,9659
2495,普安,18,0,18,富邦-高雄,2024-08-29,9659
3231,緯創,29,11,18,富邦-高雄,2024-08-29,9659
8011,台通,24,7,17,富邦-高雄,2024-08-29,9659
3163,波若威,55,38,17,富邦-高雄,2024-08-29,9659
00915,凱基優選高股息30,17,1,16,富邦-高雄,2024-08-29,9659
2382,廣達,17,1,16,富邦-高雄,2024-08-29,9659
00687B,國泰20年美債,119,103,16,富邦-高雄,2024-08-29,9659
2890,永豐金,18,2,16,富邦-高雄,2024-08-29,9659
2886,兆豐金,16,1,15,富邦-高雄,2024-08-29,9659
6901,鑽石投資,15,0,15,富邦-高雄,2024-08-29,9659
3484,崧騰,22,7,15,富邦-高雄,2024-08-29,9659
2891,中信金,206,23,183,富邦-高雄,2024-08-30,9659
00937B,群益ESG投等債20,145,20,125,富邦-高雄,2024-08-30,9659
00929,復華台灣科技優息,157,32,125,富邦-高雄,2024-08-30,9659
00679B,元大美債20年,124,7,117,富邦-高雄,2024-08-30,9659
8027,鈦昇,76,15,61,富邦-高雄,2024-08-30,9659
00948B,中信優息投資級債,54,0,54,富邦-高雄,2024-08-30,9659
3481,群創,77,25,52,富邦-高雄,2024-08-30,9659
00959B,大華投等美債15Y+,51,0,51,富邦-高雄,2024-08-30,9659
4956,光鋐,53,2,51,富邦-高雄,2024-08-30,9659
3006,晶豪科,51,2,49,富邦-高雄,2024-08-30,9659
1303,南亞,46,1,45,富邦-高雄,2024-08-30,9659
2888,新光金,148,108,40,富邦-高雄,2024-08-30,9659
8213,志超,40,0,40,富邦-高雄,2024-08-30,9659
2409,友達,37,0,37,富邦-高雄,2024-08-30,9659
2405,輔信,116,81,35,富邦-高雄,2024-08-30,9659
2317,鴻海,50,15,35,富邦-高雄,2024-08-30,9659
2882,國泰金,41,6,35,富邦-高雄,2024-08-30,9659
3047,訊舟,48,14,34,富邦-高雄,2024-08-30,9659
3715,定穎投控,38,4,34,富邦-高雄,2024-08-30,9659
2323,中環,33,1,32,富邦-高雄,2024-08-30,9659
6151,晉倫,33,3,30,富邦-高雄,2024-08-30,9659
00926,凱基全球菁英55,28,0,28,富邦-高雄,2024-08-30,9659
1584,精剛,29,1,28,富邦-高雄,2024-08-30,9659
2887,台新金,33,6,27,富邦-高雄,2024-08-30,9659
4510,高鋒,45,18,27,富邦-高雄,2024-08-30,9659
6177,達麗,34,8,26,富邦-高雄,2024-08-30,9659
1711,永光,115,91,24,富邦-高雄,2024-08-30,9659
8085,福華,27,3,24,富邦-高雄,2024-08-30,9659
5905,南仁湖,37,14,23,富邦-高雄,2024-08-30,9659
00878,國泰永續高股息,39,16,23,富邦-高雄,2024-08-30,9659
3714,富采,23,1,22,富邦-高雄,2024-08-30,9659
2359,所羅門,34,12,22,富邦-高雄,2024-08-30,9659
00891,中信關鍵半導體,22,1,21,富邦-高雄,2024-08-30,9659
2425,承啟,37,17,20,富邦-高雄,2024-08-30,9659
2915,潤泰全,20,0,20,富邦-高雄,2024-08-30,9659
4979,華星光,44,24,20,富邦-高雄,2024-08-30,9659
6290,良維,30,11,19,富邦-高雄,2024-08-30,9659
2886,兆豐金,18,0,18,富邦-高雄,2024-08-30,9659
4561,健椿,31,13,18,富邦-高雄,2024-08-30,9659
3490,單井,18,0,18,富邦-高雄,2024-08-30,9659
2429,銘旺科,17,0,17,富邦-高雄,2024-08-30,9659
1808,潤隆,50,33,17,富邦-高雄,2024-08-30,9659
3303,岱稜,20,3,17,富邦-高雄,2024-08-30,9659
1708,東鹼,28,11,17,富邦-高雄,2024-08-30,9659
2363,矽統,17,0,17,富邦-高雄,2024-08-30,9659
4513,福裕,59,43,16,富邦-高雄,2024-08-30,9659
00719B,元大美債1-3,20,4,16,富邦-高雄,2024-08-30,9659
00632R,元大台灣50反1,27,11,16,富邦-高雄,2024-08-30,9659
8150,南茂,17,1,16,富邦-高雄,2024-08-30,9659
00907,永豐優息存股,15,0,15,富邦-高雄,2024-08-30,9659
00937B,群益ESG投等債20,287,27,260,富邦-高雄,2024-09-02,9659
00687B,國泰20年美債,211,7,204,富邦-高雄,2024-09-02,9659
00632R,元大台灣50反1,200,10,190,富邦-高雄,2024-09-02,9659
00715L,期街口布蘭特正2,143,0,143,富邦-高雄,2024-09-02,9659
2891,中信金,144,9,135,富邦-高雄,2024-09-02,9659
00940,元大台灣價值高息,168,43,125,富邦-高雄,2024-09-02,9659
2486,一詮,147,32,115,富邦-高雄,2024-09-02,9659
00637L,元大滬深300正2,84,5,79,富邦-高雄,2024-09-02,9659
00919,群益台灣精選高息,104,29,75,富邦-高雄,2024-09-02,9659
2352,佳世達,79,6,73,富邦-高雄,2024-09-02,9659
00680L,元大美債20正2,87,15,72,富邦-高雄,2024-09-02,9659
00882,中信中國高股息,68,0,68,富邦-高雄,2024-09-02,9659
00959B,大華投等美債15Y+,66,0,66,富邦-高雄,2024-09-02,9659
00915,凱基優選高股息30,53,0,53,富邦-高雄,2024-09-02,9659
3294,英濟,66,15,51,富邦-高雄,2024-09-02,9659
6187,萬潤,55,10,45,富邦-高雄,2024-09-02,9659
00918,大華優利高填息30,50,7,43,富邦-高雄,2024-09-02,9659
2615,萬海,71,32,39,富邦-高雄,2024-09-02,9659
00650L,復華香港正2,39,0,39,富邦-高雄,2024-09-02,9659
2609,陽明,51,13,38,富邦-高雄,2024-09-02,9659
00939,統一台灣高息動能,37,1,36,富邦-高雄,2024-09-02,9659
00795B,中信美國公債20年,36,1,35,富邦-高雄,2024-09-02,9659
00948B,中信優息投資級債,33,0,33,富邦-高雄,2024-09-02,9659
6197,佳必琪,33,1,32,富邦-高雄,2024-09-02,9659
1717,長興,32,1,31,富邦-高雄,2024-09-02,9659
2323,中環,31,0,31,富邦-高雄,2024-09-02,9659
2515,中工,70,39,31,富邦-高雄,2024-09-02,9659
00642U,期元大S＆P石油,32,1,31,富邦-高雄,2024-09-02,9659
00633L,富邦上証正2,30,0,30,富邦-高雄,2024-09-02,9659
4513,福裕,54,25,29,富邦-高雄,2024-09-02,9659
3188,鑫龍騰,33,6,27,富邦-高雄,2024-09-02,9659
1584,精剛,24,0,24,富邦-高雄,2024-09-02,9659
00675L,富邦臺灣加權正2,25,1,24,富邦-高雄,2024-09-02,9659
2405,輔信,27,4,23,富邦-高雄,2024-09-02,9659
00713,元大台灣高息低波,23,1,22,富邦-高雄,2024-09-02,9659
8021,尖點,22,0,22,富邦-高雄,2024-09-02,9659
00878,國泰永續高股息,65,43,22,富邦-高雄,2024-09-02,9659
4909,新復興,61,40,21,富邦-高雄,2024-09-02,9659
3481,群創,43,22,21,富邦-高雄,2024-09-02,9659
5443,均豪,62,41,21,富邦-高雄,2024-09-02,9659
00941,中信上游半導體,20,0,20,富邦-高雄,2024-09-02,9659
00936,台新永續高息中小,27,7,20,富邦-高雄,2024-09-02,9659
4989,榮科,20,0,20,富邦-高雄,2024-09-02,9659
4960,誠美材,20,0,20,富邦-高雄,2024-09-02,9659
00679B,元大美債20年,144,125,19,富邦-高雄,2024-09-02,9659
1314,中石化,27,9,18,富邦-高雄,2024-09-02,9659
5905,南仁湖,21,3,18,富邦-高雄,2024-09-02,9659
8027,鈦昇,22,5,17,富邦-高雄,2024-09-02,9659
3062,建漢,48,31,17,富邦-高雄,2024-09-02,9659
3714,富采,16,0,16,富邦-高雄,2024-09-02,9659
00919,群益台灣精選高息,650,12,638,富邦-高雄,2024-09-03,9659
00795B,中信美國公債20年,233,0,233,富邦-高雄,2024-09-03,9659
00915,凱基優選高股息30,186,0,186,富邦-高雄,2024-09-03,9659
00948B,中信優息投資級債,137,0,137,富邦-高雄,2024-09-03,9659
00687B,國泰20年美債,112,1,111,富邦-高雄,2024-09-03,9659
00632R,元大台灣50反1,110,0,110,富邦-高雄,2024-09-03,9659
00679B,元大美債20年,92,2,90,富邦-高雄,2024-09-03,9659
2515,中工,73,0,73,富邦-高雄,2024-09-03,9659
5014,建錩,70,0,70,富邦-高雄,2024-09-03,9659
00937B,群益ESG投等債20,89,20,69,富邦-高雄,2024-09-03,9659
00882,中信中國高股息,65,0,65,富邦-高雄,2024-09-03,9659
2323,中環,58,5,53,富邦-高雄,2024-09-03,9659
2891,中信金,53,1,52,富邦-高雄,2024-09-03,9659
2882,國泰金,56,5,51,富邦-高雄,2024-09-03,9659
00751B,元大AAA至A公司債,119,69,50,富邦-高雄,2024-09-03,9659
00633L,富邦上証正2,45,0,45,富邦-高雄,2024-09-03,9659
2392,正崴,49,6,43,富邦-高雄,2024-09-03,9659
00680L,元大美債20正2,44,1,43,富邦-高雄,2024-09-03,9659
00706L,期元大S＆P日圓正2,52,10,42,富邦-高雄,2024-09-03,9659
00959B,大華投等美債15Y+,48,7,41,富邦-高雄,2024-09-03,9659
2486,一詮,104,63,41,富邦-高雄,2024-09-03,9659
3363,上詮,85,45,40,富邦-高雄,2024-09-03,9659
00945B,凱基美國非投等債,37,0,37,富邦-高雄,2024-09-03,9659
2002,中鋼,49,13,36,富邦-高雄,2024-09-03,9659
00878,國泰永續高股息,57,22,35,富邦-高雄,2024-09-03,9659
3481,群創,55,20,35,富邦-高雄,2024-09-03,9659
00688L,國泰20年美債正2,33,0,33,富邦-高雄,2024-09-03,9659
1785,光洋科,95,64,31,富邦-高雄,2024-09-03,9659
4702,中美實,30,0,30,富邦-高雄,2024-09-03,9659
3624,光頡,30,1,29,富邦-高雄,2024-09-03,9659
00918,大華優利高填息30,29,0,29,富邦-高雄,2024-09-03,9659
3673,TPK-KY,24,0,24,富邦-高雄,2024-09-03,9659
2484,希華,24,0,24,富邦-高雄,2024-09-03,9659
3231,緯創,34,10,24,富邦-高雄,2024-09-03,9659
4583,台灣精銳,32,11,21,富邦-高雄,2024-09-03,9659
00940,元大台灣價值高息,45,23,22,富邦-高雄,2024-09-03,9659
00637L,元大滬深300正2,21,0,21,富邦-高雄,2024-09-03,9659
00932,兆豐永續高息等權,21,0,21,富邦-高雄,2024-09-03,9659
2365,昆盈,87,66,21,富邦-高雄,2024-09-03,9659
1718,中纖,20,0,20,富邦-高雄,2024-09-03,9659
3188,鑫龍騰,26,6,20,富邦-高雄,2024-09-03,9659
8028,昇陽半導體,30,10,20,富邦-高雄,2024-09-03,9659
2027,大成鋼,21,1,20,富邦-高雄,2024-09-03,9659
1301,台塑,32,13,19,富邦-高雄,2024-09-03,9659
00642U,期元大S＆P石油,20,1,19,富邦-高雄,2024-09-03,9659
2233,宇隆,18,1,17,富邦-高雄,2024-09-03,9659
00753L,中信中國50正2,16,0,16,富邦-高雄,2024-09-03,9659
00713,元大台灣高息低波,21,5,16,富邦-高雄,2024-09-03,9659
4513,福裕,31,16,15,富邦-高雄,2024-09-03,9659
8071,能率網通,26,11,15,富邦-高雄,2024-09-03,9659
00919,群益台灣精選高息,642,40,602,富邦-高雄,2024-09-04,9659
00929,復華台灣科技優息,583,60,523,富邦-高雄,2024-09-04,9659
00878,國泰永續高股息,391,13,378,富邦-高雄,2024-09-04,9659
2891,中信金,351,47,304,富邦-高雄,2024-09-04,9659
00715L,期街口布蘭特正2,270,2,268,富邦-高雄,2024-09-04,9659
00940,元大台灣價值高息,193,22,171,富邦-高雄,2024-09-04,9659
0056,元大高股息,170,15,155,富邦-高雄,2024-09-04,9659
00915,凱基優選高股息30,154,0,154,富邦-高雄,2024-09-04,9659
00881,國泰台灣5G+,155,1,154,富邦-高雄,2024-09-04,9659
00918,大華優利高填息30,150,4,146,富邦-高雄,2024-09-04,9659
2330,台積電,115,10,105,富邦-高雄,2024-09-04,9659
00937B,群益ESG投等債20,129,26,103,富邦-高雄,2024-09-04,9659
2464,盟立,168,65,103,富邦-高雄,2024-09-04,9659
00932,兆豐永續高息等權,91,0,91,富邦-高雄,2024-09-04,9659
3481,群創,105,17,88,富邦-高雄,2024-09-04,9659
2610,華航,98,15,83,富邦-高雄,2024-09-04,9659
006208,富邦台50,93,13,80,富邦-高雄,2024-09-04,9659
2883,凱基金,81,1,80,富邦-高雄,2024-09-04,9659
2382,廣達,73,9,64,富邦-高雄,2024-09-04,9659
00713,元大台灣高息低波,64,2,62,富邦-高雄,2024-09-04,9659
1569,濱川,61,0,61,富邦-高雄,2024-09-04,9659
00900,富邦特選高股息30,68,10,58,富邦-高雄,2024-09-04,9659
00687B,國泰20年美債,106,49,57,富邦-高雄,2024-09-04,9659
00935,野村臺灣新科技50,58,3,55,富邦-高雄,2024-09-04,9659
3037,欣興,69,14,55,富邦-高雄,2024-09-04,9659
0050,元大台灣50,66,13,53,富邦-高雄,2024-09-04,9659
00706L,期元大S＆P日圓正2,53,0,53,富邦-高雄,2024-09-04,9659
2002,中鋼,87,34,53,富邦-高雄,2024-09-04,9659
4561,健椿,72,20,52,富邦-高雄,2024-09-04,9659
2420,新巨,54,3,51,富邦-高雄,2024-09-04,9659
8027,鈦昇,83,32,51,富邦-高雄,2024-09-04,9659
2010,春源,50,0,50,富邦-高雄,2024-09-04,9659
2880,華南金,48,2,46,富邦-高雄,2024-09-04,9659
00680L,元大美債20正2,71,30,41,富邦-高雄,2024-09-04,9659
00946,群益科技高息成長,62,23,39,富邦-高雄,2024-09-04,9659
2344,華邦電,66,28,38,富邦-高雄,2024-09-04,9659
2367,燿華,62,24,38,富邦-高雄,2024-09-04,9659
1717,長興,37,0,37,富邦-高雄,2024-09-04,9659
2371,大同,41,6,35,富邦-高雄,2024-09-04,9659
6187,萬潤,38,4,34,富邦-高雄,2024-09-04,9659
00642U,期元大S＆P石油,36,3,33,富邦-高雄,2024-09-04,9659
2892,第一金,32,0,32,富邦-高雄,2024-09-04,9659
1303,南亞,35,3,32,富邦-高雄,2024-09-04,9659
6226,光鼎,34,3,31,富邦-高雄,2024-09-04,9659
2542,興富發,37,6,31,富邦-高雄,2024-09-04,9659
00947,台新臺灣IC設計,40,10,30,富邦-高雄,2024-09-04,9659
00927,群益半導體收益,35,5,30,富邦-高雄,2024-09-04,9659
2834,臺企銀,32,2,30,富邦-高雄,2024-09-04,9659
5014,建錩,30,0,30,富邦-高雄,2024-09-04,9659
3711,日月光投控,34,4,30,富邦-高雄,2024-09-04,9659
00715L,期街口布蘭特正2,409,27,382,富邦-高雄,2024-09-05,9659
00919,群益台灣精選高息,374,61,313,富邦-高雄,2024-09-05,9659
2891,中信金,270,14,256,富邦-高雄,2024-09-05,9659
00929,復華台灣科技優息,229,31,198,富邦-高雄,2024-09-05,9659
2002,中鋼,193,24,169,富邦-高雄,2024-09-05,9659
00940,元大台灣價值高息,170,4,166,富邦-高雄,2024-09-05,9659
00637L,元大滬深300正2,113,0,113,富邦-高雄,2024-09-05,9659
00795B,中信美國公債20年,95,0,95,富邦-高雄,2024-09-05,9659
00948B,中信優息投資級債,91,3,88,富邦-高雄,2024-09-05,9659
00878,國泰永續高股息,98,15,83,富邦-高雄,2024-09-05,9659
00753L,中信中國50正2,70,0,70,富邦-高雄,2024-09-05,9659
2317,鴻海,98,31,67,富邦-高雄,2024-09-05,9659
00885,富邦越南,80,14,66,富邦-高雄,2024-09-05,9659
0056,元大高股息,58,2,56,富邦-高雄,2024-09-05,9659
00642U,期元大S＆P石油,56,0,56,富邦-高雄,2024-09-05,9659
00632R,元大台灣50反1,428,380,48,富邦-高雄,2024-09-05,9659
00927,群益半導體收益,49,1,48,富邦-高雄,2024-09-05,9659
00937B,群益ESG投等債20,101,53,48,富邦-高雄,2024-09-05,9659
2344,華邦電,45,4,41,富邦-高雄,2024-09-05,9659
00946,群益科技高息成長,41,0,41,富邦-高雄,2024-09-05,9659
00671R,富邦NASDAQ反1,40,0,40,富邦-高雄,2024-09-05,9659
00918,大華優利高填息30,39,1,38,富邦-高雄,2024-09-05,9659
00921,兆豐龍頭等權重,36,0,36,富邦-高雄,2024-09-05,9659
5512,力麒,36,0,36,富邦-高雄,2024-09-05,9659
00915,凱基優選高股息30,40,5,35,富邦-高雄,2024-09-05,9659
00954,中信日本半導體,34,0,34,富邦-高雄,2024-09-05,9659
00951,台新日本半導體,30,0,30,富邦-高雄,2024-09-05,9659
1540,喬福,122,92,30,富邦-高雄,2024-09-05,9659
6505,台塑化,33,4,29,富邦-高雄,2024-09-05,9659
2352,佳世達,30,1,29,富邦-高雄,2024-09-05,9659
1314,中石化,31,5,26,富邦-高雄,2024-09-05,9659
3450,聯鈞,26,0,26,富邦-高雄,2024-09-05,9659
2486,一詮,52,27,25,富邦-高雄,2024-09-05,9659
6603,富強鑫,30,5,25,富邦-高雄,2024-09-05,9659
2515,中工,25,0,25,富邦-高雄,2024-09-05,9659
3188,鑫龍騰,27,3,24,富邦-高雄,2024-09-05,9659
1303,南亞,25,1,24,富邦-高雄,2024-09-05,9659
00881,國泰台灣5G+,25,1,24,富邦-高雄,2024-09-05,9659
8064,東捷,24,1,23,富邦-高雄,2024-09-05,9659
3481,群創,33,10,23,富邦-高雄,2024-09-05,9659
5905,南仁湖,29,6,23,富邦-高雄,2024-09-05,9659
00882,中信中國高股息,22,0,22,富邦-高雄,2024-09-05,9659
2363,矽統,26,4,22,富邦-高雄,2024-09-05,9659
6213,聯茂,44,22,22,富邦-高雄,2024-09-05,9659
1101,台泥,20,0,20,富邦-高雄,2024-09-05,9659
3030,德律,20,0,20,富邦-高雄,2024-09-05,9659
6741,91APP*-KY,20,0,20,富邦-高雄,2024-09-05,9659
8249,菱光,19,0,19,富邦-高雄,2024-09-05,9659
3354,律勝,31,12,19,富邦-高雄,2024-09-05,9659
00923,群益台ESG低碳50,21,2,19,富邦-高雄,2024-09-05,9659
00687B,國泰20年美債,474,35,439,富邦-高雄,2024-09-06,9659
00937B,群益ESG投等債20,372,41,331,富邦-高雄,2024-09-06,9659
2888,新光金,294,91,203,富邦-高雄,2024-09-06,9659
00650L,復華香港正2,201,0,201,富邦-高雄,2024-09-06,9659
00632R,元大台灣50反1,212,48,164,富邦-高雄,2024-09-06,9659
00919,群益台灣精選高息,127,2,125,富邦-高雄,2024-09-06,9659
00715L,期街口布蘭特正2,126,3,123,富邦-高雄,2024-09-06,9659
2891,中信金,173,56,117,富邦-高雄,2024-09-06,9659
00929,復華台灣科技優息,125,22,103,富邦-高雄,2024-09-06,9659
3059,華晶科,100,0,100,富邦-高雄,2024-09-06,9659
0056,元大高股息,114,31,83,富邦-高雄,2024-09-06,9659
00918,大華優利高填息30,76,0,76,富邦-高雄,2024-09-06,9659
3030,德律,60,3,57,富邦-高雄,2024-09-06,9659
2392,正崴,58,1,57,富邦-高雄,2024-09-06,9659
00948B,中信優息投資級債,51,0,51,富邦-高雄,2024-09-06,9659
2618,長榮航,45,3,42,富邦-高雄,2024-09-06,9659
00915,凱基優選高股息30,47,5,42,富邦-高雄,2024-09-06,9659
2486,一詮,65,24,41,富邦-高雄,2024-09-06,9659
00949,復華日本龍頭,40,0,40,富邦-高雄,2024-09-06,9659
00878,國泰永續高股息,49,12,37,富邦-高雄,2024-09-06,9659
1721,三晃,29,0,29,富邦-高雄,2024-09-06,9659
5443,均豪,149,123,26,富邦-高雄,2024-09-06,9659
00951,台新日本半導體,25,0,25,富邦-高雄,2024-09-06,9659
00713,元大台灣高息低波,27,3,24,富邦-高雄,2024-09-06,9659
8249,菱光,28,5,23,富邦-高雄,2024-09-06,9659
1815,富喬,39,17,22,富邦-高雄,2024-09-06,9659
5905,南仁湖,50,29,21,富邦-高雄,2024-09-06,9659
00671R,富邦NASDAQ反1,21,0,21,富邦-高雄,2024-09-06,9659
00943,兆豐電子高息等權,21,0,21,富邦-高雄,2024-09-06,9659
6643,M31,21,0,21,富邦-高雄,2024-09-06,9659
2883,凱基金,28,7,21,富邦-高雄,2024-09-06,9659
6739,竹陞科技,20,0,20,富邦-高雄,2024-09-06,9659
8068,全達,20,0,20,富邦-高雄,2024-09-06,9659
2002,中鋼,31,12,19,富邦-高雄,2024-09-06,9659
3673,TPK-KY,47,28,19,富邦-高雄,2024-09-06,9659
1709,和益,20,2,18,富邦-高雄,2024-09-06,9659
00940,元大台灣價值高息,35,17,18,富邦-高雄,2024-09-06,9659
1711,永光,34,18,16,富邦-高雄,2024-09-06,9659
3714,富采,40,24,16,富邦-高雄,2024-09-06,9659
00642U,期元大S＆P石油,15,0,15,富邦-高雄,2024-09-06,9659
2610,華航,17,2,15,富邦-高雄,2024-09-06,9659
00959B,大華投等美債15Y+,15,0,15,富邦-高雄,2024-09-06,9659
5234,達興材料,16,2,14,富邦-高雄,2024-09-06,9659
1440,南紡,24,10,14,富邦-高雄,2024-09-06,9659
2353,宏��,14,0,14,富邦-高雄,2024-09-06,9659
00933B,國泰10Y+金融債,24,11,13,富邦-高雄,2024-09-06,9659
6274,台燿,47,35,12,富邦-高雄,2024-09-06,9659
2634,漢翔,12,0,12,富邦-高雄,2024-09-06,9659
2489,瑞軒,13,1,12,富邦-高雄,2024-09-06,9659
1316,上曜,12,0,12,富邦-高雄,2024-09-06,9659
00929,復華台灣科技優息,397,49,348,富邦-高雄,2024-09-09,9659
00919,群益台灣精選高息,306,29,277,富邦-高雄,2024-09-09,9659
00795B,中信美國公債20年,206,0,206,富邦-高雄,2024-09-09,9659
00715L,期街口布蘭特正2,201,6,195,富邦-高雄,2024-09-09,9659
00878,國泰永續高股息,190,8,182,富邦-高雄,2024-09-09,9659
5905,南仁湖,159,7,152,富邦-高雄,2024-09-09,9659
2891,中信金,132,1,131,富邦-高雄,2024-09-09,9659
00687B,國泰20年美債,160,31,129,富邦-高雄,2024-09-09,9659
2881,富邦金,119,4,115,富邦-高雄,2024-09-09,9659
00918,大華優利高填息30,99,1,98,富邦-高雄,2024-09-09,9659
00680L,元大美債20正2,105,27,78,富邦-高雄,2024-09-09,9659
00881,國泰台灣5G+,77,0,77,富邦-高雄,2024-09-09,9659
2330,台積電,78,5,73,富邦-高雄,2024-09-09,9659
00637L,元大滬深300正2,69,0,69,富邦-高雄,2024-09-09,9659
2464,盟立,81,13,68,富邦-高雄,2024-09-09,9659
00753L,中信中國50正2,67,0,67,富邦-高雄,2024-09-09,9659
00915,凱基優選高股息30,71,6,65,富邦-高雄,2024-09-09,9659
00948B,中信優息投資級債,63,0,63,富邦-高雄,2024-09-09,9659
2317,鴻海,89,29,60,富邦-高雄,2024-09-09,9659
2618,長榮航,66,7,59,富邦-高雄,2024-09-09,9659
2885,元大金,55,0,55,富邦-高雄,2024-09-09,9659
00882,中信中國高股息,45,0,45,富邦-高雄,2024-09-09,9659
2615,萬海,51,11,40,富邦-高雄,2024-09-09,9659
4956,光鋐,49,9,40,富邦-高雄,2024-09-09,9659
2515,中工,39,0,39,富邦-高雄,2024-09-09,9659
0056,元大高股息,57,19,38,富邦-高雄,2024-09-09,9659
2382,廣達,44,8,36,富邦-高雄,2024-09-09,9659
6603,富強鑫,37,1,36,富邦-高雄,2024-09-09,9659
3498,陽程,32,0,32,富邦-高雄,2024-09-09,9659
3354,律勝,51,20,31,富邦-高雄,2024-09-09,9659
2882,國泰金,53,22,31,富邦-高雄,2024-09-09,9659
2062,橋椿,31,2,29,富邦-高雄,2024-09-09,9659
1540,喬福,45,16,29,富邦-高雄,2024-09-09,9659
1785,光洋科,28,3,25,富邦-高雄,2024-09-09,9659
2887,台新金,60,35,25,富邦-高雄,2024-09-09,9659
00946,群益科技高息成長,24,0,24,富邦-高雄,2024-09-09,9659
2883,凱基金,29,5,24,富邦-高雄,2024-09-09,9659
00923,群益台ESG低碳50,23,1,22,富邦-高雄,2024-09-09,9659
00892,富邦台灣半導體,24,3,21,富邦-高雄,2024-09-09,9659
006208,富邦台50,27,6,21,富邦-高雄,2024-09-09,9659
00679B,元大美債20年,34,14,20,富邦-高雄,2024-09-09,9659
9945,潤泰新,19,0,19,富邦-高雄,2024-09-09,9659
00932,兆豐永續高息等權,19,0,19,富邦-高雄,2024-09-09,9659
8099,大世科,18,0,18,富邦-高雄,2024-09-09,9659
00937B,群益ESG投等債20,33,15,18,富邦-高雄,2024-09-09,9659
00740B,富邦全球投等債,17,0,17,富邦-高雄,2024-09-09,9659
00940,元大台灣價值高息,80,64,16,富邦-高雄,2024-09-09,9659
2308,台達電,16,0,16,富邦-高雄,2024-09-09,9659
00713,元大台灣高息低波,37,22,15,富邦-高雄,2024-09-09,9659
00631L,元大台灣50正2,21,6,15,富邦-高雄,2024-09-09,9659
00948B,中信優息投資級債,262,11,251,富邦-高雄,2024-09-10,9659
00929,復華台灣科技優息,247,6,241,富邦-高雄,2024-09-10,9659
00632R,元大台灣50反1,220,3,217,富邦-高雄,2024-09-10,9659
00919,群益台灣精選高息,219,14,205,富邦-高雄,2024-09-10,9659
00673R,期元大S＆P原油反1,200,5,195,富邦-高雄,2024-09-10,9659
00679B,元大美債20年,147,40,107,富邦-高雄,2024-09-10,9659
00753L,中信中國50正2,90,1,89,富邦-高雄,2024-09-10,9659
2317,鴻海,110,25,85,富邦-高雄,2024-09-10,9659
00918,大華優利高填息30,67,0,67,富邦-高雄,2024-09-10,9659
0056,元大高股息,118,51,67,富邦-高雄,2024-09-10,9659
00696B,富邦美債20年,70,4,66,富邦-高雄,2024-09-10,9659
1717,長興,66,1,65,富邦-高雄,2024-09-10,9659
00878,國泰永續高股息,107,50,57,富邦-高雄,2024-09-10,9659
3379,彬台,54,4,50,富邦-高雄,2024-09-10,9659
2337,旺宏,50,1,49,富邦-高雄,2024-09-10,9659
00915,凱基優選高股息30,58,10,48,富邦-高雄,2024-09-10,9659
2382,廣達,64,17,47,富邦-高雄,2024-09-10,9659
2891,中信金,70,24,46,富邦-高雄,2024-09-10,9659
3481,群創,78,33,45,富邦-高雄,2024-09-10,9659
00940,元大台灣價值高息,69,27,42,富邦-高雄,2024-09-10,9659
4306,炎洲,45,5,40,富邦-高雄,2024-09-10,9659
1710,東聯,38,1,37,富邦-高雄,2024-09-10,9659
3188,鑫龍騰,38,2,36,富邦-高雄,2024-09-10,9659
1314,中石化,36,2,34,富邦-高雄,2024-09-10,9659
3047,訊舟,58,25,33,富邦-高雄,2024-09-10,9659
1806,冠軍,31,0,31,富邦-高雄,2024-09-10,9659
2313,華通,77,46,31,富邦-高雄,2024-09-10,9659
1414,東和,30,0,30,富邦-高雄,2024-09-10,9659
00881,國泰台灣5G+,30,1,29,富邦-高雄,2024-09-10,9659
1721,三晃,29,1,28,富邦-高雄,2024-09-10,9659
00946,群益科技高息成長,39,11,28,富邦-高雄,2024-09-10,9659
00687B,國泰20年美債,89,62,27,富邦-高雄,2024-09-10,9659
2303,聯電,35,8,27,富邦-高雄,2024-09-10,9659
1808,潤隆,26,0,26,富邦-高雄,2024-09-10,9659
4510,高鋒,41,16,25,富邦-高雄,2024-09-10,9659
4956,光鋐,25,2,23,富邦-高雄,2024-09-10,9659
1316,上曜,23,0,23,富邦-高雄,2024-09-10,9659
8069,元太,23,1,22,富邦-高雄,2024-09-10,9659
8021,尖點,22,0,22,富邦-高雄,2024-09-10,9659
00892,富邦台灣半導體,22,1,21,富邦-高雄,2024-09-10,9659
2498,宏達電,25,4,21,富邦-高雄,2024-09-10,9659
8096,擎亞,30,10,20,富邦-高雄,2024-09-10,9659
00706L,期元大S＆P日圓正2,21,1,20,富邦-高雄,2024-09-10,9659
8927,北基,19,0,19,富邦-高雄,2024-09-10,9659
8374,羅昇,53,34,19,富邦-高雄,2024-09-10,9659
00932,兆豐永續高息等權,18,0,18,富邦-高雄,2024-09-10,9659
5519,隆大,18,0,18,富邦-高雄,2024-09-10,9659
5871,中租-KY,17,0,17,富邦-高雄,2024-09-10,9659
3167,大量,17,1,16,富邦-高雄,2024-09-10,9659
00952,凱基台灣AI50,19,3,16,富邦-高雄,2024-09-10,9659
00795B,中信美國公債20年,413,0,413,富邦-高雄,2024-09-11,9659
00632R,元大台灣50反1,325,44,281,富邦-高雄,2024-09-11,9659
00665L,富邦�琤肭磪囓�2,230,0,230,富邦-高雄,2024-09-11,9659
00948B,中信優息投資級債,243,15,228,富邦-高雄,2024-09-11,9659
2618,長榮航,247,44,203,富邦-高雄,2024-09-11,9659
00929,復華台灣科技優息,208,25,183,富邦-高雄,2024-09-11,9659
00715L,期街口布蘭特正2,201,59,142,富邦-高雄,2024-09-11,9659
00688L,國泰20年美債正2,163,22,141,富邦-高雄,2024-09-11,9659
5443,均豪,126,22,104,富邦-高雄,2024-09-11,9659
00676R,富邦臺灣加權反1,100,0,100,富邦-高雄,2024-09-11,9659
00687B,國泰20年美債,265,166,99,富邦-高雄,2024-09-11,9659
2883,凱基金,89,0,89,富邦-高雄,2024-09-11,9659
00878,國泰永續高股息,81,5,76,富邦-高雄,2024-09-11,9659
00937B,群益ESG投等債20,103,27,76,富邦-高雄,2024-09-11,9659
2888,新光金,340,265,75,富邦-高雄,2024-09-11,9659
3294,英濟,79,5,74,富邦-高雄,2024-09-11,9659
2891,中信金,70,4,66,富邦-高雄,2024-09-11,9659
00919,群益台灣精選高息,92,28,64,富邦-高雄,2024-09-11,9659
00915,凱基優選高股息30,64,2,62,富邦-高雄,2024-09-11,9659
2834,臺企銀,90,31,59,富邦-高雄,2024-09-11,9659
00934,中信成長高股息,58,3,55,富邦-高雄,2024-09-11,9659
3047,訊舟,61,7,54,富邦-高雄,2024-09-11,9659
2881,富邦金,50,1,49,富邦-高雄,2024-09-11,9659
00753L,中信中國50正2,48,0,48,富邦-高雄,2024-09-11,9659
3227,原相,54,6,48,富邦-高雄,2024-09-11,9659
2002,中鋼,58,17,41,富邦-高雄,2024-09-11,9659
00882,中信中國高股息,41,0,41,富邦-高雄,2024-09-11,9659
0056,元大高股息,43,2,41,富邦-高雄,2024-09-11,9659
1313,聯成,45,5,40,富邦-高雄,2024-09-11,9659
1305,華夏,37,1,36,富邦-高雄,2024-09-11,9659
00642U,期元大S＆P石油,35,0,35,富邦-高雄,2024-09-11,9659
6143,振曜,26,1,25,富邦-高雄,2024-09-11,9659
6207,雷科,26,3,23,富邦-高雄,2024-09-11,9659
3062,建漢,48,26,22,富邦-高雄,2024-09-11,9659
2201,裕隆,22,0,22,富邦-高雄,2024-09-11,9659
1537,廣隆,22,1,21,富邦-高雄,2024-09-11,9659
00940,元大台灣價值高息,28,8,20,富邦-高雄,2024-09-11,9659
00712,復華富時不動產,19,0,19,富邦-高雄,2024-09-11,9659
2515,中工,21,2,19,富邦-高雄,2024-09-11,9659
00713,元大台灣高息低波,19,1,18,富邦-高雄,2024-09-11,9659
5515,建國,16,0,16,富邦-高雄,2024-09-11,9659
00959B,大華投等美債15Y+,15,0,15,富邦-高雄,2024-09-11,9659
3483,力致,16,1,15,富邦-高雄,2024-09-11,9659
00900,富邦特選高股息30,16,2,14,富邦-高雄,2024-09-11,9659
00650L,復華香港正2,14,0,14,富邦-高雄,2024-09-11,9659
006208,富邦台50,15,1,14,富邦-高雄,2024-09-11,9659
00943,兆豐電子高息等權,13,0,13,富邦-高雄,2024-09-11,9659
8927,北基,13,0,13,富邦-高雄,2024-09-11,9659
2070,精湛,13,0,13,富邦-高雄,2024-09-11,9659
2369,菱生,13,0,13,富邦-高雄,2024-09-11,9659
00632R,元大台灣50反1,512,113,399,富邦-高雄,2024-09-12,9659
00687B,國泰20年美債,425,33,392,富邦-高雄,2024-09-12,9659
00929,復華台灣科技優息,433,55,378,富邦-高雄,2024-09-12,9659
2867,三商壽,216,5,211,富邦-高雄,2024-09-12,9659
00919,群益台灣精選高息,196,40,156,富邦-高雄,2024-09-12,9659
00679B,元大美債20年,301,172,129,富邦-高雄,2024-09-12,9659
00637L,元大滬深300正2,121,5,116,富邦-高雄,2024-09-12,9659
00943,兆豐電子高息等權,110,1,109,富邦-高雄,2024-09-12,9659
2891,中信金,114,6,108,富邦-高雄,2024-09-12,9659
00945B,凱基美國非投等債,61,0,61,富邦-高雄,2024-09-12,9659
6134,萬旭,118,57,61,富邦-高雄,2024-09-12,9659
00933B,國泰10Y+金融債,57,0,57,富邦-高雄,2024-09-12,9659
2887,台新金,66,14,52,富邦-高雄,2024-09-12,9659
3356,奇偶,43,2,41,富邦-高雄,2024-09-12,9659
00948B,中信優息投資級債,38,0,38,富邦-高雄,2024-09-12,9659
2442,新美齊,38,0,38,富邦-高雄,2024-09-12,9659
00688L,國泰20年美債正2,101,65,36,富邦-高雄,2024-09-12,9659
1326,台化,31,0,31,富邦-高雄,2024-09-12,9659
6505,台塑化,35,5,30,富邦-高雄,2024-09-12,9659
2885,元大金,30,1,29,富邦-高雄,2024-09-12,9659
00878,國泰永續高股息,60,33,27,富邦-高雄,2024-09-12,9659
2540,愛山林,26,3,23,富邦-高雄,2024-09-12,9659
00764B,群益25年美債,23,0,23,富邦-高雄,2024-09-12,9659
3548,兆利,31,10,21,富邦-高雄,2024-09-12,9659
8112,至上,20,0,20,富邦-高雄,2024-09-12,9659
1608,華榮,20,0,20,富邦-高雄,2024-09-12,9659
1316,上曜,61,41,20,富邦-高雄,2024-09-12,9659
3591,艾笛森,20,0,20,富邦-高雄,2024-09-12,9659
00915,凱基優選高股息30,19,1,18,富邦-高雄,2024-09-12,9659
6163,華電網,22,4,18,富邦-高雄,2024-09-12,9659
6152,百一,32,15,17,富邦-高雄,2024-09-12,9659
3360,尚立,32,15,17,富邦-高雄,2024-09-12,9659
2603,長榮,23,6,17,富邦-高雄,2024-09-12,9659
00795B,中信美國公債20年,33,17,16,富邦-高雄,2024-09-12,9659
0056,元大高股息,36,20,16,富邦-高雄,2024-09-12,9659
00957B,兆豐US優選投等債,16,0,16,富邦-高雄,2024-09-12,9659
1785,光洋科,16,1,15,富邦-高雄,2024-09-12,9659
6603,富強鑫,15,0,15,富邦-高雄,2024-09-12,9659
5014,建錩,15,0,15,富邦-高雄,2024-09-12,9659
4401,東隆興,15,0,15,富邦-高雄,2024-09-12,9659
00918,大華優利高填息30,19,5,14,富邦-高雄,2024-09-12,9659
8390,金益鼎,14,0,14,富邦-高雄,2024-09-12,9659
5905,南仁湖,18,4,14,富邦-高雄,2024-09-12,9659
00900,富邦特選高股息30,14,0,14,富邦-高雄,2024-09-12,9659
5538,東明-KY,13,0,13,富邦-高雄,2024-09-12,9659
2349,錸德,79,67,12,富邦-高雄,2024-09-12,9659
3707,漢磊,11,0,11,富邦-高雄,2024-09-12,9659
2489,瑞軒,11,0,11,富邦-高雄,2024-09-12,9659
00696B,富邦美債20年,21,10,11,富邦-高雄,2024-09-12,9659
8438,昶昕,11,0,11,富邦-高雄,2024-09-12,9659
00687B,國泰20年美債,851,111,740,富邦-高雄,2024-09-13,9659
00632R,元大台灣50反1,472,65,407,富邦-高雄,2024-09-13,9659
00929,復華台灣科技優息,322,19,303,富邦-高雄,2024-09-13,9659
00915,凱基優選高股息30,167,3,164,富邦-高雄,2024-09-13,9659
2442,新美齊,121,0,121,富邦-高雄,2024-09-13,9659
00919,群益台灣精選高息,121,22,99,富邦-高雄,2024-09-13,9659
3372,典範,81,1,80,富邦-高雄,2024-09-13,9659
00948B,中信優息投資級債,76,0,76,富邦-高雄,2024-09-13,9659
00795B,中信美國公債20年,88,24,64,富邦-高雄,2024-09-13,9659
5347,世界,64,0,64,富邦-高雄,2024-09-13,9659
1301,台塑,71,13,58,富邦-高雄,2024-09-13,9659
00943,兆豐電子高息等權,57,0,57,富邦-高雄,2024-09-13,9659
00957B,兆豐US優選投等債,50,0,50,富邦-高雄,2024-09-13,9659
00679B,元大美債20年,1191,1142,49,富邦-高雄,2024-09-13,9659
2399,映泰,98,55,43,富邦-高雄,2024-09-13,9659
4979,華星光,83,42,41,富邦-高雄,2024-09-13,9659
6152,百一,45,5,40,富邦-高雄,2024-09-13,9659
1305,華夏,43,4,39,富邦-高雄,2024-09-13,9659
00665L,富邦�琤肭磪囓�2,36,1,35,富邦-高雄,2024-09-13,9659
2609,陽明,38,4,34,富邦-高雄,2024-09-13,9659
00878,國泰永續高股息,42,12,30,富邦-高雄,2024-09-13,9659
00953B,群益優選非投等債,27,1,26,富邦-高雄,2024-09-13,9659
2888,新光金,65,39,26,富邦-高雄,2024-09-13,9659
8070,長華*,32,6,26,富邦-高雄,2024-09-13,9659
3673,TPK-KY,25,0,25,富邦-高雄,2024-09-13,9659
3379,彬台,24,0,24,富邦-高雄,2024-09-13,9659
00764B,群益25年美債,26,3,23,富邦-高雄,2024-09-13,9659
00637L,元大滬深300正2,20,0,20,富邦-高雄,2024-09-13,9659
00882,中信中國高股息,23,3,20,富邦-高雄,2024-09-13,9659
2204,中華,20,0,20,富邦-高雄,2024-09-13,9659
2889,國票金,40,20,20,富邦-高雄,2024-09-13,9659
6265,方土昶,20,0,20,富邦-高雄,2024-09-13,9659
6863,永道-KY,19,0,19,富邦-高雄,2024-09-13,9659
5432,新門,23,5,18,富邦-高雄,2024-09-13,9659
9955,佳龍,20,2,18,富邦-高雄,2024-09-13,9659
1326,台化,23,6,17,富邦-高雄,2024-09-13,9659
1303,南亞,38,21,17,富邦-高雄,2024-09-13,9659
2317,鴻海,24,8,16,富邦-高雄,2024-09-13,9659
1721,三晃,16,0,16,富邦-高雄,2024-09-13,9659
5398,慕康生醫,15,0,15,富邦-高雄,2024-09-13,9659
1540,喬福,74,59,15,富邦-高雄,2024-09-13,9659
1785,光洋科,40,26,14,富邦-高雄,2024-09-13,9659
3031,佰鴻,13,0,13,富邦-高雄,2024-09-13,9659
2364,倫飛,14,1,13,富邦-高雄,2024-09-13,9659
00857B,永豐20年美公債,12,0,12,富邦-高雄,2024-09-13,9659
0056,元大高股息,22,10,12,富邦-高雄,2024-09-13,9659
00933B,國泰10Y+金融債,13,1,12,富邦-高雄,2024-09-13,9659
4114,健喬,12,0,12,富邦-高雄,2024-09-13,9659
3149,正達,18,7,11,富邦-高雄,2024-09-13,9659
2515,中工,14,3,11,富邦-高雄,2024-09-13,9659
00915,凱基優選高股息30,170,2,168,富邦-高雄,2024-09-16,9659
00918,大華優利高填息30,166,3,163,富邦-高雄,2024-09-16,9659
00919,群益台灣精選高息,144,18,126,富邦-高雄,2024-09-16,9659
1316,上曜,142,21,121,富邦-高雄,2024-09-16,9659
00679B,元大美債20年,100,6,94,富邦-高雄,2024-09-16,9659
00937B,群益ESG投等債20,100,14,86,富邦-高雄,2024-09-16,9659
2891,中信金,86,17,69,富邦-高雄,2024-09-16,9659
3047,訊舟,68,1,67,富邦-高雄,2024-09-16,9659
00665L,富邦�琤肭磪囓�2,74,11,63,富邦-高雄,2024-09-16,9659
00687B,國泰20年美債,252,194,58,富邦-高雄,2024-09-16,9659
3714,富采,73,17,56,富邦-高雄,2024-09-16,9659
00948B,中信優息投資級債,54,0,54,富邦-高雄,2024-09-16,9659
4720,德淵,50,0,50,富邦-高雄,2024-09-16,9659
00929,復華台灣科技優息,144,102,42,富邦-高雄,2024-09-16,9659
4571,鈞興-KY,45,3,42,富邦-高雄,2024-09-16,9659
5230,雷笛克光學,55,15,40,富邦-高雄,2024-09-16,9659
00688L,國泰20年美債正2,49,10,39,富邦-高雄,2024-09-16,9659
6727,亞泰金屬,36,3,33,富邦-高雄,2024-09-16,9659
2344,華邦電,33,2,31,富邦-高雄,2024-09-16,9659
00952,凱基台灣AI50,38,8,30,富邦-高雄,2024-09-16,9659
00752,中信中國50,29,0,29,富邦-高雄,2024-09-16,9659
00795B,中信美國公債20年,68,40,28,富邦-高雄,2024-09-16,9659
1540,喬福,76,50,26,富邦-高雄,2024-09-16,9659
00751B,元大AAA至A公司債,25,0,25,富邦-高雄,2024-09-16,9659
3062,建漢,128,103,25,富邦-高雄,2024-09-16,9659
2889,國票金,43,22,21,富邦-高雄,2024-09-16,9659
2399,映泰,24,3,21,富邦-高雄,2024-09-16,9659
3290,東浦,49,28,21,富邦-高雄,2024-09-16,9659
00895,富邦未來車,23,2,21,富邦-高雄,2024-09-16,9659
00943,兆豐電子高息等權,20,0,20,富邦-高雄,2024-09-16,9659
6290,良維,20,1,19,富邦-高雄,2024-09-16,9659
2367,燿華,18,0,18,富邦-高雄,2024-09-16,9659
1313,聯成,18,0,18,富邦-高雄,2024-09-16,9659
00921,兆豐龍頭等權重,18,0,18,富邦-高雄,2024-09-16,9659
00753L,中信中國50正2,17,0,17,富邦-高雄,2024-09-16,9659
00632R,元大台灣50反1,27,10,17,富邦-高雄,2024-09-16,9659
8249,菱光,26,9,17,富邦-高雄,2024-09-16,9659
3583,辛耘,27,11,16,富邦-高雄,2024-09-16,9659
6698,旭暉應材,34,18,16,富邦-高雄,2024-09-16,9659
6706,惠特,28,12,16,富邦-高雄,2024-09-16,9659
00713,元大台灣高息低波,21,6,15,富邦-高雄,2024-09-16,9659
8227,巨有科技,15,0,15,富邦-高雄,2024-09-16,9659
8096,擎亞,21,7,14,富邦-高雄,2024-09-16,9659
3374,精材,16,2,14,富邦-高雄,2024-09-16,9659
00857B,永豐20年美公債,13,0,13,富邦-高雄,2024-09-16,9659
3673,TPK-KY,25,12,13,富邦-高雄,2024-09-16,9659
2890,永豐金,13,0,13,富邦-高雄,2024-09-16,9659
3360,尚立,34,21,13,富邦-高雄,2024-09-16,9659
1605,華新,12,0,12,富邦-高雄,2024-09-16,9659
4510,高鋒,31,19,12,富邦-高雄,2024-09-16,9659
00929,復華台灣科技優息,292,29,263,富邦-高雄,2024-09-18,9659
8027,鈦昇,212,10,202,富邦-高雄,2024-09-18,9659
00680L,元大美債20正2,315,141,174,富邦-高雄,2024-09-18,9659
00665L,富邦�琤肭磪囓�2,169,5,164,富邦-高雄,2024-09-18,9659
00919,群益台灣精選高息,204,50,154,富邦-高雄,2024-09-18,9659
00655L,國泰中國A50正2,150,0,150,富邦-高雄,2024-09-18,9659
00688L,國泰20年美債正2,211,94,117,富邦-高雄,2024-09-18,9659
00687B,國泰20年美債,157,45,112,富邦-高雄,2024-09-18,9659
1316,上曜,105,0,105,富邦-高雄,2024-09-18,9659
00795B,中信美國公債20年,122,30,92,富邦-高雄,2024-09-18,9659
2390,云辰,90,2,88,富邦-高雄,2024-09-18,9659
2887,台新金,79,0,79,富邦-高雄,2024-09-18,9659
0056,元大高股息,89,10,79,富邦-高雄,2024-09-18,9659
00878,國泰永續高股息,80,3,77,富邦-高雄,2024-09-18,9659
00918,大華優利高填息30,96,20,76,富邦-高雄,2024-09-18,9659
00713,元大台灣高息低波,73,5,68,富邦-高雄,2024-09-18,9659
3605,宏致,91,23,68,富邦-高雄,2024-09-18,9659
2317,鴻海,90,27,63,富邦-高雄,2024-09-18,9659
2889,國票金,60,0,60,富邦-高雄,2024-09-18,9659
2208,台船,61,2,59,富邦-高雄,2024-09-18,9659
1301,台塑,70,18,52,富邦-高雄,2024-09-18,9659
1721,三晃,50,3,47,富邦-高雄,2024-09-18,9659
1717,長興,57,17,40,富邦-高雄,2024-09-18,9659
5202,力新,40,0,40,富邦-高雄,2024-09-18,9659
6609,瀧澤科,59,21,38,富邦-高雄,2024-09-18,9659
2344,華邦電,36,1,35,富邦-高雄,2024-09-18,9659
8249,菱光,34,1,33,富邦-高雄,2024-09-18,9659
4513,福裕,53,20,33,富邦-高雄,2024-09-18,9659
2313,華通,51,21,30,富邦-高雄,2024-09-18,9659
00892,富邦台灣半導體,29,0,29,富邦-高雄,2024-09-18,9659
1711,永光,67,38,29,富邦-高雄,2024-09-18,9659
00934,中信成長高股息,35,7,28,富邦-高雄,2024-09-18,9659
00712,復華富時不動產,51,23,28,富邦-高雄,2024-09-18,9659
3481,群創,88,61,27,富邦-高雄,2024-09-18,9659
00927,群益半導體收益,25,0,25,富邦-高雄,2024-09-18,9659
3062,建漢,50,26,24,富邦-高雄,2024-09-18,9659
6770,力積電,24,0,24,富邦-高雄,2024-09-18,9659
00958B,永豐ESG銀行債15,28,5,23,富邦-高雄,2024-09-18,9659
3049,精金,53,30,23,富邦-高雄,2024-09-18,9659
00951,台新日本半導體,22,0,22,富邦-高雄,2024-09-18,9659
6269,台郡,24,2,22,富邦-高雄,2024-09-18,9659
4942,嘉彰,20,0,20,富邦-高雄,2024-09-18,9659
8071,能率網通,20,0,20,富邦-高雄,2024-09-18,9659
00942B,台新美A公司債20+,30,10,20,富邦-高雄,2024-09-18,9659
00911,兆豐洲際半導體,20,0,20,富邦-高雄,2024-09-18,9659
2851,中再保,20,0,20,富邦-高雄,2024-09-18,9659
6727,亞泰金屬,19,1,18,富邦-高雄,2024-09-18,9659
5905,南仁湖,237,219,18,富邦-高雄,2024-09-18,9659
00935,野村臺灣新科技50,18,0,18,富邦-高雄,2024-09-18,9659
2609,陽明,31,14,17,富邦-高雄,2024-09-18,9659
00632R,元大台灣50反1,1630,95,1535,富邦-高雄,2024-09-19,9659
2888,新光金,1519,79,1440,富邦-高雄,2024-09-19,9659
00680L,元大美債20正2,817,68,749,富邦-高雄,2024-09-19,9659
00929,復華台灣科技優息,282,13,269,富邦-高雄,2024-09-19,9659
00687B,國泰20年美債,295,67,228,富邦-高雄,2024-09-19,9659
00919,群益台灣精選高息,219,11,208,富邦-高雄,2024-09-19,9659
00795B,中信美國公債20年,207,35,172,富邦-高雄,2024-09-19,9659
3049,精金,222,103,119,富邦-高雄,2024-09-19,9659
00688L,國泰20年美債正2,118,0,118,富邦-高雄,2024-09-19,9659
00882,中信中國高股息,113,0,113,富邦-高雄,2024-09-19,9659
00633L,富邦上証正2,133,20,113,富邦-高雄,2024-09-19,9659
2891,中信金,138,28,110,富邦-高雄,2024-09-19,9659
00676R,富邦臺灣加權反1,105,0,105,富邦-高雄,2024-09-19,9659
2409,友達,100,2,98,富邦-高雄,2024-09-19,9659
1440,南紡,94,0,94,富邦-高雄,2024-09-19,9659
00715L,期街口布蘭特正2,126,33,93,富邦-高雄,2024-09-19,9659
00665L,富邦�琤肭磪囓�2,82,7,75,富邦-高雄,2024-09-19,9659
00948B,中信優息投資級債,72,0,72,富邦-高雄,2024-09-19,9659
2845,遠東銀,70,0,70,富邦-高雄,2024-09-19,9659
1316,上曜,76,7,69,富邦-高雄,2024-09-19,9659
00937B,群益ESG投等債20,102,33,69,富邦-高雄,2024-09-19,9659
00679B,元大美債20年,275,210,65,富邦-高雄,2024-09-19,9659
00915,凱基優選高股息30,74,20,54,富邦-高雄,2024-09-19,9659
00857B,永豐20年美公債,51,1,50,富邦-高雄,2024-09-19,9659
6164,華興,50,0,50,富邦-高雄,2024-09-19,9659
006207,復華滬深,50,0,50,富邦-高雄,2024-09-19,9659
1416,廣豐,50,0,50,富邦-高雄,2024-09-19,9659
00958B,永豐ESG銀行債15,45,0,45,富邦-高雄,2024-09-19,9659
00918,大華優利高填息30,51,11,40,富邦-高雄,2024-09-19,9659
2915,潤泰全,44,7,37,富邦-高雄,2024-09-19,9659
1522,堤維西,36,0,36,富邦-高雄,2024-09-19,9659
3176,基亞,35,0,35,富邦-高雄,2024-09-19,9659
6151,晉倫,38,6,32,富邦-高雄,2024-09-19,9659
00637L,元大滬深300正2,42,10,32,富邦-高雄,2024-09-19,9659
2609,陽明,34,6,28,富邦-高雄,2024-09-19,9659
00664R,國泰臺灣加權反1,26,0,26,富邦-高雄,2024-09-19,9659
00720B,元大投資級公司債,31,5,26,富邦-高雄,2024-09-19,9659
00673R,期元大S＆P原油反1,25,0,25,富邦-高雄,2024-09-19,9659
1309,台達化,30,5,25,富邦-高雄,2024-09-19,9659
4534,慶騰,24,0,24,富邦-高雄,2024-09-19,9659
1313,聯成,22,0,22,富邦-高雄,2024-09-19,9659
2243,宏旭-KY,101,83,18,富邦-高雄,2024-09-19,9659
00942B,台新美A公司債20+,23,6,17,富邦-高雄,2024-09-19,9659
3005,神基,18,1,17,富邦-高雄,2024-09-19,9659
00713,元大台灣高息低波,21,4,17,富邦-高雄,2024-09-19,9659
00946,群益科技高息成長,15,0,15,富邦-高雄,2024-09-19,9659
6405,悅城,24,9,15,富邦-高雄,2024-09-19,9659
2344,華邦電,20,5,15,富邦-高雄,2024-09-19,9659
4903,聯光通,141,127,14,富邦-高雄,2024-09-19,9659
3581,博磊,31,18,13,富邦-高雄,2024-09-19,9659
00665L,富邦�琤肭磪囓�2,934,253,681,富邦-高雄,2024-09-20,9659
00919,群益台灣精選高息,390,41,349,富邦-高雄,2024-09-20,9659
00958B,永豐ESG銀行債15,147,0,147,富邦-高雄,2024-09-20,9659
00929,復華台灣科技優息,178,44,134,富邦-高雄,2024-09-20,9659
00637L,元大滬深300正2,133,4,129,富邦-高雄,2024-09-20,9659
2867,三商壽,127,4,123,富邦-高雄,2024-09-20,9659
00688L,國泰20年美債正2,154,40,114,富邦-高雄,2024-09-20,9659
00679B,元大美債20年,124,36,88,富邦-高雄,2024-09-20,9659
00948B,中信優息投資級債,88,17,71,富邦-高雄,2024-09-20,9659
3062,建漢,154,86,68,富邦-高雄,2024-09-20,9659
00795B,中信美國公債20年,78,10,68,富邦-高雄,2024-09-20,9659
2399,映泰,214,151,63,富邦-高雄,2024-09-20,9659
00940,元大台灣價值高息,121,60,61,富邦-高雄,2024-09-20,9659
2392,正崴,64,6,58,富邦-高雄,2024-09-20,9659
00687B,國泰20年美債,101,45,56,富邦-高雄,2024-09-20,9659
2464,盟立,148,93,55,富邦-高雄,2024-09-20,9659
6727,亞泰金屬,44,2,42,富邦-高雄,2024-09-20,9659
00633L,富邦上証正2,60,21,39,富邦-高雄,2024-09-20,9659
2501,國建,44,9,35,富邦-高雄,2024-09-20,9659
5263,智崴,34,0,34,富邦-高雄,2024-09-20,9659
00706L,期元大S＆P日圓正2,40,7,33,富邦-高雄,2024-09-20,9659
1313,聯成,31,0,31,富邦-高雄,2024-09-20,9659
2542,興富發,64,33,31,富邦-高雄,2024-09-20,9659
5519,隆大,30,0,30,富邦-高雄,2024-09-20,9659
2836,高雄銀,31,1,30,富邦-高雄,2024-09-20,9659
2887,台新金,33,3,30,富邦-高雄,2024-09-20,9659
6104,創惟,56,27,29,富邦-高雄,2024-09-20,9659
4174,浩鼎,30,1,29,富邦-高雄,2024-09-20,9659
00915,凱基優選高股息30,45,16,29,富邦-高雄,2024-09-20,9659
2495,普安,34,7,27,富邦-高雄,2024-09-20,9659
2477,美隆電,27,0,27,富邦-高雄,2024-09-20,9659
1316,上曜,79,54,25,富邦-高雄,2024-09-20,9659
2002,中鋼,24,0,24,富邦-高雄,2024-09-20,9659
1808,潤隆,28,5,23,富邦-高雄,2024-09-20,9659
2515,中工,22,0,22,富邦-高雄,2024-09-20,9659
2890,永豐金,22,1,21,富邦-高雄,2024-09-20,9659
0056,元大高股息,30,9,21,富邦-高雄,2024-09-20,9659
00927,群益半導體收益,20,0,20,富邦-高雄,2024-09-20,9659
3049,精金,79,59,20,富邦-高雄,2024-09-20,9659
4303,信立,27,7,20,富邦-高雄,2024-09-20,9659
1309,台達化,21,1,20,富邦-高雄,2024-09-20,9659
2481,強茂,20,1,19,富邦-高雄,2024-09-20,9659
6706,惠特,35,17,18,富邦-高雄,2024-09-20,9659
1710,東聯,18,0,18,富邦-高雄,2024-09-20,9659
4714,永捷,33,15,18,富邦-高雄,2024-09-20,9659
00720B,元大投資級公司債,19,1,18,富邦-高雄,2024-09-20,9659
3013,晟銘電,47,30,17,富邦-高雄,2024-09-20,9659
5508,永信建,22,5,17,富邦-高雄,2024-09-20,9659
4716,大立,24,7,17,富邦-高雄,2024-09-20,9659
00878,國泰永續高股息,30,13,17,富邦-高雄,2024-09-20,9659
00680L,元大美債20正2,631,8,623,富邦-高雄,2024-09-23,9659
2891,中信金,718,167,551,富邦-高雄,2024-09-23,9659
00919,群益台灣精選高息,489,10,479,富邦-高雄,2024-09-23,9659
00882,中信中國高股息,156,6,150,富邦-高雄,2024-09-23,9659
2888,新光金,399,257,142,富邦-高雄,2024-09-23,9659
2331,精英,100,0,100,富邦-高雄,2024-09-23,9659
2897,王道銀行,96,0,96,富邦-高雄,2024-09-23,9659
00687B,國泰20年美債,159,67,92,富邦-高雄,2024-09-23,9659
00679B,元大美債20年,133,43,90,富邦-高雄,2024-09-23,9659
00795B,中信美國公債20年,102,12,90,富邦-高雄,2024-09-23,9659
00632R,元大台灣50反1,81,0,81,富邦-高雄,2024-09-23,9659
5905,南仁湖,86,6,80,富邦-高雄,2024-09-23,9659
2867,三商壽,69,1,68,富邦-高雄,2024-09-23,9659
00688L,國泰20年美債正2,120,60,60,富邦-高雄,2024-09-23,9659
2349,錸德,67,11,56,富邦-高雄,2024-09-23,9659
1727,中華化,73,18,55,富邦-高雄,2024-09-23,9659
2515,中工,59,7,52,富邦-高雄,2024-09-23,9659
00918,大華優利高填息30,61,17,44,富邦-高雄,2024-09-23,9659
2464,盟立,90,47,43,富邦-高雄,2024-09-23,9659
00878,國泰永續高股息,70,28,42,富邦-高雄,2024-09-23,9659
00706L,期元大S＆P日圓正2,33,0,33,富邦-高雄,2024-09-23,9659
3705,永信,31,0,31,富邦-高雄,2024-09-23,9659
0056,元大高股息,48,18,30,富邦-高雄,2024-09-23,9659
2208,台船,31,2,29,富邦-高雄,2024-09-23,9659
8277,商丞,28,0,28,富邦-高雄,2024-09-23,9659
1711,永光,69,42,27,富邦-高雄,2024-09-23,9659
3167,大量,43,17,26,富邦-高雄,2024-09-23,9659
00915,凱基優選高股息30,30,6,24,富邦-高雄,2024-09-23,9659
2367,燿華,24,0,24,富邦-高雄,2024-09-23,9659
2495,普安,34,10,24,富邦-高雄,2024-09-23,9659
5443,均豪,25,2,23,富邦-高雄,2024-09-23,9659
00958B,永豐ESG銀行債15,25,3,22,富邦-高雄,2024-09-23,9659
3188,鑫龍騰,29,8,21,富邦-高雄,2024-09-23,9659
6005,群益證,21,0,21,富邦-高雄,2024-09-23,9659
4989,榮科,21,0,21,富邦-高雄,2024-09-23,9659
4952,凌通,20,0,20,富邦-高雄,2024-09-23,9659
4716,大立,59,39,20,富邦-高雄,2024-09-23,9659
2887,台新金,32,13,19,富邦-高雄,2024-09-23,9659
2062,橋椿,60,41,19,富邦-高雄,2024-09-23,9659
2477,美隆電,28,10,18,富邦-高雄,2024-09-23,9659
00720B,元大投資級公司債,19,1,18,富邦-高雄,2024-09-23,9659
6609,瀧澤科,24,7,17,富邦-高雄,2024-09-23,9659
1721,三晃,218,202,16,富邦-高雄,2024-09-23,9659
3481,群創,32,16,16,富邦-高雄,2024-09-23,9659
00857B,永豐20年美公債,20,4,16,富邦-高雄,2024-09-23,9659
5425,台半,19,3,16,富邦-高雄,2024-09-23,9659
6156,松上,18,2,16,富邦-高雄,2024-09-23,9659
6505,台塑化,16,1,15,富邦-高雄,2024-09-23,9659
6194,育富,15,1,14,富邦-高雄,2024-09-23,9659
00931B,統一美債20年,22,9,13,富邦-高雄,2024-09-23,9659
2891,中信金,224,53,171,富邦-高雄,2024-09-24,9659
1316,上曜,123,0,123,富邦-高雄,2024-09-24,9659
00680L,元大美債20正2,125,4,121,富邦-高雄,2024-09-24,9659
00752,中信中國50,123,11,112,富邦-高雄,2024-09-24,9659
2062,橋椿,108,5,103,富邦-高雄,2024-09-24,9659
2442,新美齊,85,0,85,富邦-高雄,2024-09-24,9659
00919,群益台灣精選高息,175,101,74,富邦-高雄,2024-09-24,9659
5905,南仁湖,81,17,64,富邦-高雄,2024-09-24,9659
6104,創惟,74,10,64,富邦-高雄,2024-09-24,9659
2515,中工,65,3,62,富邦-高雄,2024-09-24,9659
00632R,元大台灣50反1,56,0,56,富邦-高雄,2024-09-24,9659
2243,宏旭-KY,64,17,47,富邦-高雄,2024-09-24,9659
00688L,國泰20年美債正2,44,0,44,富邦-高雄,2024-09-24,9659
00650L,復華香港正2,97,53,44,富邦-高雄,2024-09-24,9659
6770,力積電,51,9,42,富邦-高雄,2024-09-24,9659
00960,野村全球航運龍頭,89,48,41,富邦-高雄,2024-09-24,9659
00679B,元大美債20年,58,17,41,富邦-高雄,2024-09-24,9659
3011,今皓,30,0,30,富邦-高雄,2024-09-24,9659
3040,遠見,30,0,30,富邦-高雄,2024-09-24,9659
3646,艾恩特,30,0,30,富邦-高雄,2024-09-24,9659
2888,新光金,39,10,29,富邦-高雄,2024-09-24,9659
2939,永邑-KY,27,0,27,富邦-高雄,2024-09-24,9659
1584,精剛,50,24,26,富邦-高雄,2024-09-24,9659
1608,華榮,26,0,26,富邦-高雄,2024-09-24,9659
6505,台塑化,28,3,25,富邦-高雄,2024-09-24,9659
4513,福裕,35,10,25,富邦-高雄,2024-09-24,9659
6271,同欣電,25,0,25,富邦-高雄,2024-09-24,9659
3605,宏致,27,3,24,富邦-高雄,2024-09-24,9659
3550,聯穎,87,63,24,富邦-高雄,2024-09-24,9659
2365,昆盈,24,1,23,富邦-高雄,2024-09-24,9659
2367,燿華,26,4,22,富邦-高雄,2024-09-24,9659
3030,德律,23,1,22,富邦-高雄,2024-09-24,9659
5236,凌陽創新,22,0,22,富邦-高雄,2024-09-24,9659
00720B,元大投資級公司債,25,4,21,富邦-高雄,2024-09-24,9659
3548,兆利,26,5,21,富邦-高雄,2024-09-24,9659
2887,台新金,25,4,21,富邦-高雄,2024-09-24,9659
9904,寶成,20,0,20,富邦-高雄,2024-09-24,9659
8039,台虹,19,0,19,富邦-高雄,2024-09-24,9659
2889,國票金,19,0,19,富邦-高雄,2024-09-24,9659
5263,智崴,19,0,19,富邦-高雄,2024-09-24,9659
2481,強茂,55,36,19,富邦-高雄,2024-09-24,9659
5432,新門,19,1,18,富邦-高雄,2024-09-24,9659
6548,長科*,25,7,18,富邦-高雄,2024-09-24,9659
6869,雲豹能源,18,1,17,富邦-高雄,2024-09-24,9659
00958B,永豐ESG銀行債15,22,5,17,富邦-高雄,2024-09-24,9659
6506,雙邦,19,2,17,富邦-高雄,2024-09-24,9659
00927,群益半導體收益,17,1,16,富邦-高雄,2024-09-24,9659
6216,居易,16,0,16,富邦-高雄,2024-09-24,9659
00713,元大台灣高息低波,19,4,15,富邦-高雄,2024-09-24,9659
00673R,期元大S＆P原油反1,15,0,15,富邦-高雄,2024-09-24,9659
00665L,富邦�琤肭磪囓�2,586,66,520,富邦-高雄,2024-09-25,9659
00929,復華台灣科技優息,472,72,400,富邦-高雄,2024-09-25,9659
00632R,元大台灣50反1,610,401,209,富邦-高雄,2024-09-25,9659
2442,新美齊,211,10,201,富邦-高雄,2024-09-25,9659
3481,群創,236,62,174,富邦-高雄,2024-09-25,9659
00679B,元大美債20年,186,26,160,富邦-高雄,2024-09-25,9659
00687B,國泰20年美債,162,29,133,富邦-高雄,2024-09-25,9659
00937B,群益ESG投等債20,108,3,105,富邦-高雄,2024-09-25,9659
00877,復華中國5G,102,0,102,富邦-高雄,2024-09-25,9659
00887,永豐中國科技50大,100,0,100,富邦-高雄,2024-09-25,9659
00919,群益台灣精選高息,196,107,89,富邦-高雄,2024-09-25,9659
00958B,永豐ESG銀行債15,83,2,81,富邦-高雄,2024-09-25,9659
3062,建漢,114,48,66,富邦-高雄,2024-09-25,9659
2609,陽明,235,183,52,富邦-高雄,2024-09-25,9659
1416,廣豐,50,0,50,富邦-高雄,2024-09-25,9659
1316,上曜,51,1,50,富邦-高雄,2024-09-25,9659
6152,百一,54,6,48,富邦-高雄,2024-09-25,9659
2023,燁輝,40,0,40,富邦-高雄,2024-09-25,9659
3714,富采,54,14,40,富邦-高雄,2024-09-25,9659
00676R,富邦臺灣加權反1,37,0,37,富邦-高雄,2024-09-25,9659
8039,台虹,38,1,37,富邦-高雄,2024-09-25,9659
6163,華電網,39,3,36,富邦-高雄,2024-09-25,9659
3380,明泰,35,0,35,富邦-高雄,2024-09-25,9659
00953B,群益優選非投等債,33,0,33,富邦-高雄,2024-09-25,9659
4109,加捷生醫,32,0,32,富邦-高雄,2024-09-25,9659
6221,晉泰,30,0,30,富邦-高雄,2024-09-25,9659
6133,金橋,31,2,29,富邦-高雄,2024-09-25,9659
00795B,中信美國公債20年,28,0,28,富邦-高雄,2024-09-25,9659
2939,永邑-KY,26,0,26,富邦-高雄,2024-09-25,9659
1436,華友聯,25,0,25,富邦-高雄,2024-09-25,9659
6156,松上,37,12,25,富邦-高雄,2024-09-25,9659
4904,遠傳,22,0,22,富邦-高雄,2024-09-25,9659
4767,誠泰科技,22,0,22,富邦-高雄,2024-09-25,9659
00864B,中信美國公債0-1,21,0,21,富邦-高雄,2024-09-25,9659
3356,奇偶,20,0,20,富邦-高雄,2024-09-25,9659
2032,新鋼,20,0,20,富邦-高雄,2024-09-25,9659
6164,華興,20,0,20,富邦-高雄,2024-09-25,9659
1569,濱川,49,31,18,富邦-高雄,2024-09-25,9659
3045,台灣大,18,1,17,富邦-高雄,2024-09-25,9659
3149,正達,28,11,17,富邦-高雄,2024-09-25,9659
1524,耿鼎,31,14,17,富邦-高雄,2024-09-25,9659
2889,國票金,38,21,17,富邦-高雄,2024-09-25,9659
5905,南仁湖,42,25,17,富邦-高雄,2024-09-25,9659
2002,中鋼,35,19,16,富邦-高雄,2024-09-25,9659
8021,尖點,15,0,15,富邦-高雄,2024-09-25,9659
00712,復華富時不動產,15,0,15,富邦-高雄,2024-09-25,9659
1336,台翰,20,6,14,富邦-高雄,2024-09-25,9659
8277,商丞,14,0,14,富邦-高雄,2024-09-25,9659
1711,永光,23,9,14,富邦-高雄,2024-09-25,9659
2208,台船,29,15,14,富邦-高雄,2024-09-25,9659
00680L,元大美債20正2,518,47,471,富邦-高雄,2024-09-26,9659
00687B,國泰20年美債,297,89,208,富邦-高雄,2024-09-26,9659
00948B,中信優息投資級債,214,12,202,富邦-高雄,2024-09-26,9659
8112,至上,161,1,160,富邦-高雄,2024-09-26,9659
2344,華邦電,150,19,131,富邦-高雄,2024-09-26,9659
00915,凱基優選高股息30,137,12,125,富邦-高雄,2024-09-26,9659
00960,野村全球航運龍頭,187,94,93,富邦-高雄,2024-09-26,9659
2331,精英,92,0,92,富邦-高雄,2024-09-26,9659
00713,元大台灣高息低波,85,0,85,富邦-高雄,2024-09-26,9659
00918,大華優利高填息30,122,43,79,富邦-高雄,2024-09-26,9659
8039,台虹,70,0,70,富邦-高雄,2024-09-26,9659
2356,英業達,65,0,65,富邦-高雄,2024-09-26,9659
00715L,期街口布蘭特正2,117,57,60,富邦-高雄,2024-09-26,9659
3060,銘異,60,0,60,富邦-高雄,2024-09-26,9659
00958B,永豐ESG銀行債15,60,2,58,富邦-高雄,2024-09-26,9659
00885,富邦越南,100,43,57,富邦-高雄,2024-09-26,9659
00929,復華台灣科技優息,124,72,52,富邦-高雄,2024-09-26,9659
00878,國泰永續高股息,111,67,44,富邦-高雄,2024-09-26,9659
1808,潤隆,45,1,44,富邦-高雄,2024-09-26,9659
2542,興富發,41,2,39,富邦-高雄,2024-09-26,9659
3019,亞光,48,15,33,富邦-高雄,2024-09-26,9659
00712,復華富時不動產,44,11,33,富邦-高雄,2024-09-26,9659
2301,光寶科,32,0,32,富邦-高雄,2024-09-26,9659
3035,智原,41,10,31,富邦-高雄,2024-09-26,9659
2062,橋椿,49,18,31,富邦-高雄,2024-09-26,9659
2442,新美齊,30,0,30,富邦-高雄,2024-09-26,9659
2889,國票金,30,0,30,富邦-高雄,2024-09-26,9659
00919,群益台灣精選高息,103,74,29,富邦-高雄,2024-09-26,9659
5202,力新,46,19,27,富邦-高雄,2024-09-26,9659
00692,富邦公司治理,31,5,26,富邦-高雄,2024-09-26,9659
3149,正達,130,104,26,富邦-高雄,2024-09-26,9659
3673,TPK-KY,89,65,24,富邦-高雄,2024-09-26,9659
6243,迅杰,22,0,22,富邦-高雄,2024-09-26,9659
2312,金寶,66,45,21,富邦-高雄,2024-09-26,9659
00756B,群益投等新興公債,20,0,20,富邦-高雄,2024-09-26,9659
6237,驊訊,23,3,20,富邦-高雄,2024-09-26,9659
2426,鼎元,20,0,20,富邦-高雄,2024-09-26,9659
5364,力麗店,20,0,20,富邦-高雄,2024-09-26,9659
8028,昇陽半導體,22,2,20,富邦-高雄,2024-09-26,9659
00857B,永豐20年美公債,19,0,19,富邦-高雄,2024-09-26,9659
4903,聯光通,26,7,19,富邦-高雄,2024-09-26,9659
00655L,國泰中國A50正2,20,1,19,富邦-高雄,2024-09-26,9659
2367,燿華,23,5,18,富邦-高雄,2024-09-26,9659
4513,福裕,18,0,18,富邦-高雄,2024-09-26,9659
4402,郡都開發,20,3,17,富邦-高雄,2024-09-26,9659
3033,威健,27,11,16,富邦-高雄,2024-09-26,9659
00957B,兆豐US優選投等債,15,0,15,富邦-高雄,2024-09-26,9659
00942B,台新美A公司債20+,23,8,15,富邦-高雄,2024-09-26,9659
5272,笙科,15,0,15,富邦-高雄,2024-09-26,9659
2464,盟立,16,1,15,富邦-高雄,2024-09-26,9659
00632R,元大台灣50反1,944,381,563,富邦-高雄,2024-09-27,9659
00882,中信中國高股息,534,160,374,富邦-高雄,2024-09-27,9659
00637L,元大滬深300正2,400,108,292,富邦-高雄,2024-09-27,9659
00687B,國泰20年美債,282,24,258,富邦-高雄,2024-09-27,9659
00937B,群益ESG投等債20,327,88,239,富邦-高雄,2024-09-27,9659
00915,凱基優選高股息30,244,28,216,富邦-高雄,2024-09-27,9659
2344,華邦電,255,66,189,富邦-高雄,2024-09-27,9659
00725B,國泰投資級公司債,134,1,133,富邦-高雄,2024-09-27,9659
00715L,期街口布蘭特正2,131,4,127,富邦-高雄,2024-09-27,9659
00679B,元大美債20年,157,34,123,富邦-高雄,2024-09-27,9659
00958B,永豐ESG銀行債15,121,0,121,富邦-高雄,2024-09-27,9659
00887,永豐中國科技50大,100,0,100,富邦-高雄,2024-09-27,9659
00643,群益深証中小,100,1,99,富邦-高雄,2024-09-27,9659
00650L,復華香港正2,104,10,94,富邦-高雄,2024-09-27,9659
00720B,元大投資級公司債,93,1,92,富邦-高雄,2024-09-27,9659
8076,伍豐,91,1,90,富邦-高雄,2024-09-27,9659
3622,洋華,84,3,81,富邦-高雄,2024-09-27,9659
00960,野村全球航運龍頭,90,9,81,富邦-高雄,2024-09-27,9659
00919,群益台灣精選高息,152,73,79,富邦-高雄,2024-09-27,9659
1307,三芳,73,7,66,富邦-高雄,2024-09-27,9659
00905,FT臺灣Smart,81,15,66,富邦-高雄,2024-09-27,9659
1316,上曜,68,7,61,富邦-高雄,2024-09-27,9659
1313,聯成,78,26,52,富邦-高雄,2024-09-27,9659
00673R,期元大S＆P原油反1,50,1,49,富邦-高雄,2024-09-27,9659
00665L,富邦�琤肭磪囓�2,197,149,48,富邦-高雄,2024-09-27,9659
00636,國泰中國A50,60,14,46,富邦-高雄,2024-09-27,9659
1569,濱川,40,0,40,富邦-高雄,2024-09-27,9659
3481,群創,140,100,40,富邦-高雄,2024-09-27,9659
2409,友達,51,13,38,富邦-高雄,2024-09-27,9659
3363,上詮,53,19,34,富邦-高雄,2024-09-27,9659
00752,中信中國50,51,18,33,富邦-高雄,2024-09-27,9659
3714,富采,30,0,30,富邦-高雄,2024-09-27,9659
2867,三商壽,51,23,28,富邦-高雄,2024-09-27,9659
8227,巨有科技,28,0,28,富邦-高雄,2024-09-27,9659
00712,復華富時不動產,28,0,28,富邦-高雄,2024-09-27,9659
3312,弘憶股,26,1,25,富邦-高雄,2024-09-27,9659
00724B,群益投資級金融債,25,0,25,富邦-高雄,2024-09-27,9659
9907,統一實,25,1,24,富邦-高雄,2024-09-27,9659
00706L,期元大S＆P日圓正2,23,0,23,富邦-高雄,2024-09-27,9659
4979,華星光,177,154,23,富邦-高雄,2024-09-27,9659
00864B,中信美國公債0-1,22,0,22,富邦-高雄,2024-09-27,9659
2010,春源,21,0,21,富邦-高雄,2024-09-27,9659
2388,威盛,34,13,21,富邦-高雄,2024-09-27,9659
6164,華興,20,0,20,富邦-高雄,2024-09-27,9659
1524,耿鼎,23,3,20,富邦-高雄,2024-09-27,9659
6116,彩晶,24,6,18,富邦-高雄,2024-09-27,9659
00713,元大台灣高息低波,22,4,18,富邦-高雄,2024-09-27,9659
3260,威剛,21,3,18,富邦-高雄,2024-09-27,9659
2049,上銀,17,0,17,富邦-高雄,2024-09-27,9659
3550,聯穎,24,7,17,富邦-高雄,2024-09-27,9659
00919,群益台灣精選高息,527,72,455,富邦-高雄,2024-09-30,9659
00688L,國泰20年美債正2,416,1,415,富邦-高雄,2024-09-30,9659
00753L,中信中國50正2,573,273,300,富邦-高雄,2024-09-30,9659
00887,永豐中國科技50大,260,0,260,富邦-高雄,2024-09-30,9659
3049,精金,270,32,238,富邦-高雄,2024-09-30,9659
00937B,群益ESG投等債20,242,83,159,富邦-高雄,2024-09-30,9659
00680L,元大美債20正2,160,23,137,富邦-高雄,2024-09-30,9659
00687B,國泰20年美債,145,15,130,富邦-高雄,2024-09-30,9659
00713,元大台灣高息低波,129,2,127,富邦-高雄,2024-09-30,9659
00929,復華台灣科技優息,322,195,127,富邦-高雄,2024-09-30,9659
2913,農林,126,0,126,富邦-高雄,2024-09-30,9659
00751B,元大AAA至A公司債,136,19,117,富邦-高雄,2024-09-30,9659
00676R,富邦臺灣加權反1,100,0,100,富邦-高雄,2024-09-30,9659
2615,萬海,159,59,100,富邦-高雄,2024-09-30,9659
3481,群創,192,99,93,富邦-高雄,2024-09-30,9659
00878,國泰永續高股息,95,2,93,富邦-高雄,2024-09-30,9659
2609,陽明,186,98,88,富邦-高雄,2024-09-30,9659
2362,藍天,117,36,81,富邦-高雄,2024-09-30,9659
0056,元大高股息,82,12,70,富邦-高雄,2024-09-30,9659
1569,濱川,82,14,68,富邦-高雄,2024-09-30,9659
2349,錸德,67,3,64,富邦-高雄,2024-09-30,9659
00948B,中信優息投資級債,62,0,62,富邦-高雄,2024-09-30,9659
00752,中信中國50,75,16,59,富邦-高雄,2024-09-30,9659
1905,華紙,55,0,55,富邦-高雄,2024-09-30,9659
1316,上曜,75,20,55,富邦-高雄,2024-09-30,9659
1307,三芳,58,4,54,富邦-高雄,2024-09-30,9659
00712,復華富時不動產,64,14,50,富邦-高雄,2024-09-30,9659
6248,沛波,50,0,50,富邦-高雄,2024-09-30,9659
8404,百和興業-KY,60,10,50,富邦-高雄,2024-09-30,9659
3363,上詮,68,23,45,富邦-高雄,2024-09-30,9659
2330,台積電,52,8,44,富邦-高雄,2024-09-30,9659
00927,群益半導體收益,43,0,43,富邦-高雄,2024-09-30,9659
00940,元大台灣價值高息,63,22,41,富邦-高雄,2024-09-30,9659
00953B,群益優選非投等債,35,0,35,富邦-高雄,2024-09-30,9659
00892,富邦台灣半導體,51,16,35,富邦-高雄,2024-09-30,9659
00934,中信成長高股息,35,1,34,富邦-高雄,2024-09-30,9659
00679B,元大美債20年,62,28,34,富邦-高雄,2024-09-30,9659
1584,精剛,37,4,33,富邦-高雄,2024-09-30,9659
00640L,富邦日本正2,40,8,32,富邦-高雄,2024-09-30,9659
00930,永豐ESG低碳高息,32,0,32,富邦-高雄,2024-09-30,9659
3711,日月光投控,40,8,32,富邦-高雄,2024-09-30,9659
00960,野村全球航運龍頭,33,2,31,富邦-高雄,2024-09-30,9659
00918,大華優利高填息30,60,30,30,富邦-高雄,2024-09-30,9659
3303,岱稜,30,0,30,富邦-高雄,2024-09-30,9659
00639,富邦深100,31,1,30,富邦-高雄,2024-09-30,9659
4772,台特化,29,0,29,富邦-高雄,2024-09-30,9659
2317,鴻海,48,20,28,富邦-高雄,2024-09-30,9659
2605,新興,77,50,27,富邦-高雄,2024-09-30,9659
006208,富邦台50,38,12,26,富邦-高雄,2024-09-30,9659
2382,廣達,31,5,26,富邦-高雄,2024-09-30,9659
2887,台新金,1000,45,955,富邦-高雄,2024-10-01,9659
2891,中信金,301,15,286,富邦-高雄,2024-10-01,9659
0056,元大高股息,212,2,210,富邦-高雄,2024-10-01,9659
00929,復華台灣科技優息,247,48,199,富邦-高雄,2024-10-01,9659
00753L,中信中國50正2,195,25,170,富邦-高雄,2024-10-01,9659
00638R,元大滬深300反1,150,0,150,富邦-高雄,2024-10-01,9659
4306,炎洲,116,4,112,富邦-高雄,2024-10-01,9659
1802,台玻,132,26,106,富邦-高雄,2024-10-01,9659
00680L,元大美債20正2,113,14,99,富邦-高雄,2024-10-01,9659
00679B,元大美債20年,130,32,98,富邦-高雄,2024-10-01,9659
00919,群益台灣精選高息,81,8,73,富邦-高雄,2024-10-01,9659
2399,映泰,114,43,71,富邦-高雄,2024-10-01,9659
00878,國泰永續高股息,60,4,56,富邦-高雄,2024-10-01,9659
00922,國泰台灣領袖50,44,0,44,富邦-高雄,2024-10-01,9659
2867,三商壽,44,0,44,富邦-高雄,2024-10-01,9659
3232,昱捷,40,0,40,富邦-高雄,2024-10-01,9659
1414,東和,39,0,39,富邦-高雄,2024-10-01,9659
00687B,國泰20年美債,130,95,35,富邦-高雄,2024-10-01,9659
3450,聯鈞,49,16,33,富邦-高雄,2024-10-01,9659
1314,中石化,33,0,33,富邦-高雄,2024-10-01,9659
2515,中工,32,0,32,富邦-高雄,2024-10-01,9659
2641,正德,33,1,32,富邦-高雄,2024-10-01,9659
00665L,富邦�琤肭磪囓�2,157,126,31,富邦-高雄,2024-10-01,9659
6151,晉倫,48,17,31,富邦-高雄,2024-10-01,9659
2406,國碩,42,12,30,富邦-高雄,2024-10-01,9659
00960,野村全球航運龍頭,32,4,28,富邦-高雄,2024-10-01,9659
2489,瑞軒,27,0,27,富邦-高雄,2024-10-01,9659
00720B,元大投資級公司債,28,1,27,富邦-高雄,2024-10-01,9659
2371,大同,25,0,25,富邦-高雄,2024-10-01,9659
1513,中興電,24,0,24,富邦-高雄,2024-10-01,9659
2312,金寶,25,2,23,富邦-高雄,2024-10-01,9659
3576,聯合再生,32,9,23,富邦-高雄,2024-10-01,9659
00751B,元大AAA至A公司債,28,5,23,富邦-高雄,2024-10-01,9659
2888,新光金,27,5,22,富邦-高雄,2024-10-01,9659
8097,常珵,35,13,22,富邦-高雄,2024-10-01,9659
00713,元大台灣高息低波,20,0,20,富邦-高雄,2024-10-01,9659
2425,承啟,27,7,20,富邦-高雄,2024-10-01,9659
1540,喬福,20,2,18,富邦-高雄,2024-10-01,9659
00930,永豐ESG低碳高息,17,0,17,富邦-高雄,2024-10-01,9659
2615,萬海,90,73,17,富邦-高雄,2024-10-01,9659
1721,三晃,20,3,17,富邦-高雄,2024-10-01,9659
6505,台塑化,16,0,16,富邦-高雄,2024-10-01,9659
3149,正達,30,14,16,富邦-高雄,2024-10-01,9659
2201,裕隆,16,0,16,富邦-高雄,2024-10-01,9659
00907,永豐優息存股,15,0,15,富邦-高雄,2024-10-01,9659
8039,台虹,32,17,15,富邦-高雄,2024-10-01,9659
00915,凱基優選高股息30,22,7,15,富邦-高雄,2024-10-01,9659
00948B,中信優息投資級債,15,1,14,富邦-高雄,2024-10-01,9659
4174,浩鼎,19,5,14,富邦-高雄,2024-10-01,9659
2313,華通,16,2,14,富邦-高雄,2024-10-01,9659
00919,群益台灣精選高息,349,9,340,富邦-高雄,2024-10-04,9659
0056,元大高股息,278,16,262,富邦-高雄,2024-10-04,9659
00679B,元大美債20年,303,43,260,富邦-高雄,2024-10-04,9659
00887,永豐中國科技50大,265,70,195,富邦-高雄,2024-10-04,9659
00687B,國泰20年美債,205,25,180,富邦-高雄,2024-10-04,9659
00905,FT臺灣Smart,161,0,161,富邦-高雄,2024-10-04,9659
1340,勝悅-KY,156,0,156,富邦-高雄,2024-10-04,9659
00632R,元大台灣50反1,402,267,135,富邦-高雄,2024-10-04,9659
00918,大華優利高填息30,108,1,107,富邦-高雄,2024-10-04,9659
00680L,元大美債20正2,125,25,100,富邦-高雄,2024-10-04,9659
00752,中信中國50,118,29,89,富邦-高雄,2024-10-04,9659
00725B,國泰投資級公司債,88,0,88,富邦-高雄,2024-10-04,9659
2603,長榮,107,20,87,富邦-高雄,2024-10-04,9659
8039,台虹,95,11,84,富邦-高雄,2024-10-04,9659
2618,長榮航,112,29,83,富邦-高雄,2024-10-04,9659
1802,台玻,112,33,79,富邦-高雄,2024-10-04,9659
5014,建錩,125,47,78,富邦-高雄,2024-10-04,9659
2609,陽明,112,42,70,富邦-高雄,2024-10-04,9659
2303,聯電,74,4,70,富邦-高雄,2024-10-04,9659
00751B,元大AAA至A公司債,103,35,68,富邦-高雄,2024-10-04,9659
00673R,期元大S＆P原油反1,65,0,65,富邦-高雄,2024-10-04,9659
00878,國泰永續高股息,78,14,64,富邦-高雄,2024-10-04,9659
00656R,國泰中國A50反1,63,0,63,富邦-高雄,2024-10-04,9659
2883,凱基金,117,59,58,富邦-高雄,2024-10-04,9659
1742,台蠟,57,0,57,富邦-高雄,2024-10-04,9659
3363,上詮,183,127,56,富邦-高雄,2024-10-04,9659
00688L,國泰20年美債正2,66,11,55,富邦-高雄,2024-10-04,9659
00638R,元大滬深300反1,50,0,50,富邦-高雄,2024-10-04,9659
1309,台達化,50,1,49,富邦-高雄,2024-10-04,9659
2615,萬海,75,27,48,富邦-高雄,2024-10-04,9659
2891,中信金,47,2,45,富邦-高雄,2024-10-04,9659
2486,一詮,50,12,38,富邦-高雄,2024-10-04,9659
00642U,期元大S＆P石油,61,24,37,富邦-高雄,2024-10-04,9659
2610,華航,36,1,35,富邦-高雄,2024-10-04,9659
1721,三晃,36,2,34,富邦-高雄,2024-10-04,9659
00922,國泰台灣領袖50,35,1,34,富邦-高雄,2024-10-04,9659
00943,兆豐電子高息等權,34,1,33,富邦-高雄,2024-10-04,9659
1414,東和,32,0,32,富邦-高雄,2024-10-04,9659
00706L,期元大S＆P日圓正2,30,0,30,富邦-高雄,2024-10-04,9659
00915,凱基優選高股息30,28,0,28,富邦-高雄,2024-10-04,9659
00960,野村全球航運龍頭,44,16,28,富邦-高雄,2024-10-04,9659
2884,玉山金,26,0,26,富邦-高雄,2024-10-04,9659
00895,富邦未來車,26,0,26,富邦-高雄,2024-10-04,9659
2308,台達電,25,0,25,富邦-高雄,2024-10-04,9659
8374,羅昇,23,0,23,富邦-高雄,2024-10-04,9659
1609,大亞,26,4,22,富邦-高雄,2024-10-04,9659
2498,宏達電,160,137,23,富邦-高雄,2024-10-04,9659
1440,南紡,22,0,22,富邦-高雄,2024-10-04,9659
8097,常珵,30,8,22,富邦-高雄,2024-10-04,9659
2881,富邦金,29,9,20,富邦-高雄,2024-10-04,9659
00637L,元大滬深300正2,1501,117,1384,富邦-高雄,2024-10-07,9659
00753L,中信中國50正2,635,57,578,富邦-高雄,2024-10-07,9659
0056,元大高股息,477,14,463,富邦-高雄,2024-10-07,9659
00882,中信中國高股息,518,221,297,富邦-高雄,2024-10-07,9659
00919,群益台灣精選高息,312,18,294,富邦-高雄,2024-10-07,9659
00929,復華台灣科技優息,292,78,214,富邦-高雄,2024-10-07,9659
2911,麗嬰房,195,1,194,富邦-高雄,2024-10-07,9659
2303,聯電,172,1,171,富邦-高雄,2024-10-07,9659
2867,三商壽,179,48,131,富邦-高雄,2024-10-07,9659
00687B,國泰20年美債,216,88,128,富邦-高雄,2024-10-07,9659
00688L,國泰20年美債正2,143,35,108,富邦-高雄,2024-10-07,9659
00715L,期街口布蘭特正2,165,57,108,富邦-高雄,2024-10-07,9659
00922,國泰台灣領袖50,108,6,102,富邦-高雄,2024-10-07,9659
1309,台達化,102,1,101,富邦-高雄,2024-10-07,9659
00948B,中信優息投資級債,97,0,97,富邦-高雄,2024-10-07,9659
00752,中信中國50,112,21,91,富邦-高雄,2024-10-07,9659
8215,明基材,100,9,91,富邦-高雄,2024-10-07,9659
2542,興富發,91,0,91,富邦-高雄,2024-10-07,9659
00946,群益科技高息成長,81,0,81,富邦-高雄,2024-10-07,9659
00636,國泰中國A50,78,0,78,富邦-高雄,2024-10-07,9659
2515,中工,79,17,62,富邦-高雄,2024-10-07,9659
6152,百一,56,5,51,富邦-高雄,2024-10-07,9659
6104,創惟,58,8,50,富邦-高雄,2024-10-07,9659
00633L,富邦上証正2,60,11,49,富邦-高雄,2024-10-07,9659
1314,中石化,89,43,46,富邦-高雄,2024-10-07,9659
2402,毅嘉,91,46,45,富邦-高雄,2024-10-07,9659
3163,波若威,82,37,45,富邦-高雄,2024-10-07,9659
6451,訊芯-KY,49,5,44,富邦-高雄,2024-10-07,9659
1702,南僑,46,4,42,富邦-高雄,2024-10-07,9659
6216,居易,41,0,41,富邦-高雄,2024-10-07,9659
8027,鈦昇,42,3,39,富邦-高雄,2024-10-07,9659
00650L,復華香港正2,139,102,37,富邦-高雄,2024-10-07,9659
00933B,國泰10Y+金融債,39,2,37,富邦-高雄,2024-10-07,9659
00918,大華優利高填息30,42,5,37,富邦-高雄,2024-10-07,9659
00725B,國泰投資級公司債,37,0,37,富邦-高雄,2024-10-07,9659
4977,眾達-KY,40,3,37,富邦-高雄,2024-10-07,9659
1569,濱川,39,2,37,富邦-高雄,2024-10-07,9659
2353,宏��,53,20,33,富邦-高雄,2024-10-07,9659
3379,彬台,31,0,31,富邦-高雄,2024-10-07,9659
6266,泰詠,30,0,30,富邦-高雄,2024-10-07,9659
00706L,期元大S＆P日圓正2,28,0,28,富邦-高雄,2024-10-07,9659
00713,元大台灣高息低波,28,0,28,富邦-高雄,2024-10-07,9659
2887,台新金,51,23,28,富邦-高雄,2024-10-07,9659
006205,富邦上証,60,33,27,富邦-高雄,2024-10-07,9659
2243,宏旭-KY,40,14,26,富邦-高雄,2024-10-07,9659
00712,復華富時不動產,25,0,25,富邦-高雄,2024-10-07,9659
6156,松上,33,8,25,富邦-高雄,2024-10-07,9659
2399,映泰,170,146,24,富邦-高雄,2024-10-07,9659
2313,華通,27,4,23,富邦-高雄,2024-10-07,9659
2486,一詮,102,80,22,富邦-高雄,2024-10-07,9659
00651R,復華香港反1,529,0,529,富邦-高雄,2024-10-08,9659
00753L,中信中國50正2,655,166,489,富邦-高雄,2024-10-08,9659
00637L,元大滬深300正2,536,193,343,富邦-高雄,2024-10-08,9659
00679B,元大美債20年,718,524,194,富邦-高雄,2024-10-08,9659
1314,中石化,220,39,181,富邦-高雄,2024-10-08,9659
00673R,期元大S＆P原油反1,178,0,178,富邦-高雄,2024-10-08,9659
00687B,國泰20年美債,225,61,164,富邦-高雄,2024-10-08,9659
00929,復華台灣科技優息,260,99,161,富邦-高雄,2024-10-08,9659
0061,元大寶滬深,139,10,129,富邦-高雄,2024-10-08,9659
2891,中信金,135,12,123,富邦-高雄,2024-10-08,9659
2929,淘帝-KY,127,8,119,富邦-高雄,2024-10-08,9659
00783,富邦中証500,112,5,107,富邦-高雄,2024-10-08,9659
00878,國泰永續高股息,110,7,103,富邦-高雄,2024-10-08,9659
3481,群創,107,5,102,富邦-高雄,2024-10-08,9659
00795B,中信美國公債20年,101,2,99,富邦-高雄,2024-10-08,9659
4977,眾達-KY,142,52,90,富邦-高雄,2024-10-08,9659
0056,元大高股息,99,9,90,富邦-高雄,2024-10-08,9659
3081,聯亞,80,0,80,富邦-高雄,2024-10-08,9659
00725B,國泰投資級公司債,74,0,74,富邦-高雄,2024-10-08,9659
00882,中信中國高股息,323,249,74,富邦-高雄,2024-10-08,9659
00922,國泰台灣領袖50,78,8,70,富邦-高雄,2024-10-08,9659
00918,大華優利高填息30,70,5,65,富邦-高雄,2024-10-08,9659
00905,FT臺灣Smart,60,0,60,富邦-高雄,2024-10-08,9659
00636,國泰中國A50,74,16,58,富邦-高雄,2024-10-08,9659
1727,中華化,65,7,58,富邦-高雄,2024-10-08,9659
00688L,國泰20年美債正2,67,11,56,富邦-高雄,2024-10-08,9659
3025,星通,83,28,55,富邦-高雄,2024-10-08,9659
2883,凱基金,67,13,54,富邦-高雄,2024-10-08,9659
3049,精金,80,26,54,富邦-高雄,2024-10-08,9659
2399,映泰,457,406,51,富邦-高雄,2024-10-08,9659
6155,鈞寶,75,25,50,富邦-高雄,2024-10-08,9659
4968,立積,63,15,48,富邦-高雄,2024-10-08,9659
00634R,富邦上証反1,48,0,48,富邦-高雄,2024-10-08,9659
00919,群益台灣精選高息,190,145,45,富邦-高雄,2024-10-08,9659
2801,彰銀,44,0,44,富邦-高雄,2024-10-08,9659
00712,復華富時不動產,49,5,44,富邦-高雄,2024-10-08,9659
5880,合庫金,44,1,43,富邦-高雄,2024-10-08,9659
00915,凱基優選高股息30,43,1,42,富邦-高雄,2024-10-08,9659
2330,台積電,53,16,37,富邦-高雄,2024-10-08,9659
6156,松上,35,0,35,富邦-高雄,2024-10-08,9659
2317,鴻海,57,23,34,富邦-高雄,2024-10-08,9659
00940,元大台灣價值高息,58,25,33,富邦-高雄,2024-10-08,9659
00948B,中信優息投資級債,31,0,31,富邦-高雄,2024-10-08,9659
2371,大同,31,0,31,富邦-高雄,2024-10-08,9659
00943,兆豐電子高息等權,28,0,28,富邦-高雄,2024-10-08,9659
2303,聯電,29,2,27,富邦-高雄,2024-10-08,9659
00751B,元大AAA至A公司債,28,1,27,富邦-高雄,2024-10-08,9659
1815,富喬,27,0,27,富邦-高雄,2024-10-08,9659
5443,均豪,48,23,25,富邦-高雄,2024-10-08,9659
2362,藍天,76,52,24,富邦-高雄,2024-10-08,9659
00665L,富邦�琤肭磪囓�2,681,78,603,富邦-高雄,2024-10-09,9659
00679B,元大美債20年,573,4,569,富邦-高雄,2024-10-09,9659
00753L,中信中國50正2,590,194,396,富邦-高雄,2024-10-09,9659
2881,富邦金,394,12,382,富邦-高雄,2024-10-09,9659
00687B,國泰20年美債,281,86,195,富邦-高雄,2024-10-09,9659
00639,富邦深100,257,105,152,富邦-高雄,2024-10-09,9659
00673R,期元大S＆P原油反1,212,80,132,富邦-高雄,2024-10-09,9659
2489,瑞軒,108,5,103,富邦-高雄,2024-10-09,9659
4306,炎洲,101,2,99,富邦-高雄,2024-10-09,9659
006206,元大上證50,83,0,83,富邦-高雄,2024-10-09,9659
2312,金寶,95,14,81,富邦-高雄,2024-10-09,9659
00937B,群益ESG投等債20,71,0,71,富邦-高雄,2024-10-09,9659
1414,東和,74,6,68,富邦-高雄,2024-10-09,9659
00650L,復華香港正2,86,22,64,富邦-高雄,2024-10-09,9659
00680L,元大美債20正2,63,0,63,富邦-高雄,2024-10-09,9659
2481,強茂,62,0,62,富邦-高雄,2024-10-09,9659
00713,元大台灣高息低波,56,1,55,富邦-高雄,2024-10-09,9659
2601,益航,56,2,54,富邦-高雄,2024-10-09,9659
4903,聯光通,274,220,54,富邦-高雄,2024-10-09,9659
00922,國泰台灣領袖50,54,1,53,富邦-高雄,2024-10-09,9659
0056,元大高股息,53,1,52,富邦-高雄,2024-10-09,9659
4971,IET-KY,74,23,51,富邦-高雄,2024-10-09,9659
00795B,中信美國公債20年,49,1,48,富邦-高雄,2024-10-09,9659
006205,富邦上証,53,7,46,富邦-高雄,2024-10-09,9659
00915,凱基優選高股息30,44,0,44,富邦-高雄,2024-10-09,9659
1718,中纖,43,0,43,富邦-高雄,2024-10-09,9659
00655L,國泰中國A50正2,43,5,38,富邦-高雄,2024-10-09,9659
2867,三商壽,35,1,34,富邦-高雄,2024-10-09,9659
2615,萬海,48,14,34,富邦-高雄,2024-10-09,9659
5443,均豪,52,20,32,富邦-高雄,2024-10-09,9659
00948B,中信優息投資級債,31,0,31,富邦-高雄,2024-10-09,9659
6187,萬潤,42,11,31,富邦-高雄,2024-10-09,9659
2498,宏達電,30,0,30,富邦-高雄,2024-10-09,9659
2501,國建,30,0,30,富邦-高雄,2024-10-09,9659
2618,長榮航,38,8,30,富邦-高雄,2024-10-09,9659
2356,英業達,122,95,27,富邦-高雄,2024-10-09,9659
6207,雷科,118,91,27,富邦-高雄,2024-10-09,9659
2014,中鴻,29,3,26,富邦-高雄,2024-10-09,9659
00712,復華富時不動產,31,5,26,富邦-高雄,2024-10-09,9659
2363,矽統,107,82,25,富邦-高雄,2024-10-09,9659
2886,兆豐金,26,1,25,富邦-高雄,2024-10-09,9659
00725B,國泰投資級公司債,24,0,24,富邦-高雄,2024-10-09,9659
1440,南紡,24,0,24,富邦-高雄,2024-10-09,9659
3048,益登,43,19,24,富邦-高雄,2024-10-09,9659
5880,合庫金,24,1,23,富邦-高雄,2024-10-09,9659
2313,華通,26,3,23,富邦-高雄,2024-10-09,9659
6505,台塑化,23,3,20,富邦-高雄,2024-10-09,9659
5347,世界,24,4,20,富邦-高雄,2024-10-09,9659
2323,中環,20,0,20,富邦-高雄,2024-10-09,9659
00676R,富邦臺灣加權反1,20,0,20,富邦-高雄,2024-10-09,9659
00639,富邦深100,242,19,223,富邦-高雄,2024-10-11,9659
00687B,國泰20年美債,304,101,203,富邦-高雄,2024-10-11,9659
00632R,元大台灣50反1,265,76,189,富邦-高雄,2024-10-11,9659
2501,國建,172,14,158,富邦-高雄,2024-10-11,9659
3550,聯穎,118,33,85,富邦-高雄,2024-10-11,9659
00922,國泰台灣領袖50,84,3,81,富邦-高雄,2024-10-11,9659
0056,元大高股息,121,43,78,富邦-高雄,2024-10-11,9659
2542,興富發,72,1,71,富邦-高雄,2024-10-11,9659
2867,三商壽,67,4,63,富邦-高雄,2024-10-11,9659
2887,台新金,84,25,59,富邦-高雄,2024-10-11,9659
3081,聯亞,60,2,58,富邦-高雄,2024-10-11,9659
00700,富邦�琤肭磪�,52,0,52,富邦-高雄,2024-10-11,9659
006206,元大上證50,50,0,50,富邦-高雄,2024-10-11,9659
00713,元大台灣高息低波,50,2,48,富邦-高雄,2024-10-11,9659
00679B,元大美債20年,135,89,46,富邦-高雄,2024-10-11,9659
00795B,中信美國公債20年,47,1,46,富邦-高雄,2024-10-11,9659
00882,中信中國高股息,48,7,41,富邦-高雄,2024-10-11,9659
00915,凱基優選高股息30,39,0,39,富邦-高雄,2024-10-11,9659
00720B,元大投資級公司債,35,0,35,富邦-高雄,2024-10-11,9659
2449,京元電子,71,36,35,富邦-高雄,2024-10-11,9659
00688L,國泰20年美債正2,54,21,33,富邦-高雄,2024-10-11,9659
2834,臺企銀,32,1,31,富邦-高雄,2024-10-11,9659
5014,建錩,31,0,31,富邦-高雄,2024-10-11,9659
6133,金橋,36,5,31,富邦-高雄,2024-10-11,9659
1464,得力,35,4,31,富邦-高雄,2024-10-11,9659
00952,凱基台灣AI50,31,1,30,富邦-高雄,2024-10-11,9659
0061,元大寶滬深,30,0,30,富邦-高雄,2024-10-11,9659
00933B,國泰10Y+金融債,28,0,28,富邦-高雄,2024-10-11,9659
00636,國泰中國A50,26,0,26,富邦-高雄,2024-10-11,9659
006205,富邦上証,26,1,25,富邦-高雄,2024-10-11,9659
6451,訊芯-KY,27,2,25,富邦-高雄,2024-10-11,9659
4956,光鋐,47,22,25,富邦-高雄,2024-10-11,9659
00637L,元大滬深300正2,150,126,24,富邦-高雄,2024-10-11,9659
00680L,元大美債20正2,25,1,24,富邦-高雄,2024-10-11,9659
4772,台特化,27,4,23,富邦-高雄,2024-10-11,9659
00725B,國泰投資級公司債,22,0,22,富邦-高雄,2024-10-11,9659
5438,東友,23,2,21,富邦-高雄,2024-10-11,9659
1414,東和,21,0,21,富邦-高雄,2024-10-11,9659
00926,凱基全球菁英55,20,0,20,富邦-高雄,2024-10-11,9659
2889,國票金,21,1,20,富邦-高雄,2024-10-11,9659
00665L,富邦�琤肭磪囓�2,26,6,20,富邦-高雄,2024-10-11,9659
00900,富邦特選高股息30,25,6,19,富邦-高雄,2024-10-11,9659
3447,展達,24,5,19,富邦-高雄,2024-10-11,9659
00752,中信中國50,18,0,18,富邦-高雄,2024-10-11,9659
3284,太普高,20,2,18,富邦-高雄,2024-10-11,9659
1721,三晃,26,9,17,富邦-高雄,2024-10-11,9659
2356,英業達,33,16,17,富邦-高雄,2024-10-11,9659
1584,精剛,27,11,16,富邦-高雄,2024-10-11,9659
3481,群創,30,14,16,富邦-高雄,2024-10-11,9659
2603,長榮,28,12,16,富邦-高雄,2024-10-11,9659
00679B,元大美債20年,657,10,647,富邦-高雄,2024-10-14,9659
00937B,群益ESG投等債20,256,0,256,富邦-高雄,2024-10-14,9659
2382,廣達,219,17,202,富邦-高雄,2024-10-14,9659
00919,群益台灣精選高息,226,42,184,富邦-高雄,2024-10-14,9659
00887,永豐中國科技50大,124,7,117,富邦-高雄,2024-10-14,9659
00715L,期街口布蘭特正2,134,20,114,富邦-高雄,2024-10-14,9659
2442,新美齊,108,17,91,富邦-高雄,2024-10-14,9659
3363,上詮,116,28,88,富邦-高雄,2024-10-14,9659
00948B,中信優息投資級債,67,3,64,富邦-高雄,2024-10-14,9659
3303,岱稜,57,0,57,富邦-高雄,2024-10-14,9659
00922,國泰台灣領袖50,59,3,56,富邦-高雄,2024-10-14,9659
2312,金寶,267,217,50,富邦-高雄,2024-10-14,9659
3011,今皓,45,0,45,富邦-高雄,2024-10-14,9659
6104,創惟,70,26,44,富邦-高雄,2024-10-14,9659
0056,元大高股息,50,6,44,富邦-高雄,2024-10-14,9659
00687B,國泰20年美債,154,111,43,富邦-高雄,2024-10-14,9659
00725B,國泰投資級公司債,43,0,43,富邦-高雄,2024-10-14,9659
3234,光環,50,8,42,富邦-高雄,2024-10-14,9659
5014,建錩,42,1,41,富邦-高雄,2024-10-14,9659
6142,友勁,44,4,40,富邦-高雄,2024-10-14,9659
00680L,元大美債20正2,42,2,40,富邦-高雄,2024-10-14,9659
3029,零壹,49,10,39,富邦-高雄,2024-10-14,9659
00943,兆豐電子高息等權,44,5,39,富邦-高雄,2024-10-14,9659
3709,鑫聯大投控,36,0,36,富邦-高雄,2024-10-14,9659
00712,復華富時不動產,40,5,35,富邦-高雄,2024-10-14,9659
6505,台塑化,32,0,32,富邦-高雄,2024-10-14,9659
00927,群益半導體收益,32,0,32,富邦-高雄,2024-10-14,9659
00878,國泰永續高股息,48,18,30,富邦-高雄,2024-10-14,9659
3703,欣陸,40,10,30,富邦-高雄,2024-10-14,9659
2801,彰銀,29,0,29,富邦-高雄,2024-10-14,9659
4147,中裕,29,0,29,富邦-高雄,2024-10-14,9659
3710,連展投控,32,4,28,富邦-高雄,2024-10-14,9659
2355,敬鵬,27,0,27,富邦-高雄,2024-10-14,9659
00639,富邦深100,29,2,27,富邦-高雄,2024-10-14,9659
6180,橘子,27,0,27,富邦-高雄,2024-10-14,9659
4303,信立,33,7,26,富邦-高雄,2024-10-14,9659
00688L,國泰20年美債正2,26,2,24,富邦-高雄,2024-10-14,9659
2882,國泰金,24,2,22,富邦-高雄,2024-10-14,9659
2888,新光金,52,31,21,富邦-高雄,2024-10-14,9659
2883,凱基金,23,3,20,富邦-高雄,2024-10-14,9659
00915,凱基優選高股息30,20,0,20,富邦-高雄,2024-10-14,9659
2615,萬海,47,27,20,富邦-高雄,2024-10-14,9659
00912,中信臺灣智慧50,20,0,20,富邦-高雄,2024-10-14,9659
00895,富邦未來車,20,3,17,富邦-高雄,2024-10-14,9659
00740B,富邦全球投等債,16,0,16,富邦-高雄,2024-10-14,9659
00673R,期元大S＆P原油反1,116,100,16,富邦-高雄,2024-10-14,9659
6156,松上,40,25,15,富邦-高雄,2024-10-14,9659
3339,泰谷,16,1,15,富邦-高雄,2024-10-14,9659
2344,華邦電,23,10,13,富邦-高雄,2024-10-14,9659
00900,富邦特選高股息30,15,2,13,富邦-高雄,2024-10-14,9659
00753L,中信中國50正2,415,96,319,富邦-高雄,2024-10-15,9659
00632R,元大台灣50反1,323,61,262,富邦-高雄,2024-10-15,9659
00679B,元大美債20年,235,23,212,富邦-高雄,2024-10-15,9659
2887,台新金,135,9,126,富邦-高雄,2024-10-15,9659
00937B,群益ESG投等債20,126,1,125,富邦-高雄,2024-10-15,9659
00687B,國泰20年美債,99,6,93,富邦-高雄,2024-10-15,9659
3481,群創,106,21,85,富邦-高雄,2024-10-15,9659
00680L,元大美債20正2,96,13,83,富邦-高雄,2024-10-15,9659
00887,永豐中國科技50大,94,21,73,富邦-高雄,2024-10-15,9659
6156,松上,73,9,64,富邦-高雄,2024-10-15,9659
00725B,國泰投資級公司債,62,0,62,富邦-高雄,2024-10-15,9659
00688L,國泰20年美債正2,51,0,51,富邦-高雄,2024-10-15,9659
2867,三商壽,52,1,51,富邦-高雄,2024-10-15,9659
00633L,富邦上証正2,56,10,46,富邦-高雄,2024-10-15,9659
00929,復華台灣科技優息,170,125,45,富邦-高雄,2024-10-15,9659
00715L,期街口布蘭特正2,168,125,43,富邦-高雄,2024-10-15,9659
00675L,富邦臺灣加權正2,49,7,42,富邦-高雄,2024-10-15,9659
2888,新光金,101,59,42,富邦-高雄,2024-10-15,9659
8150,南茂,36,0,36,富邦-高雄,2024-10-15,9659
00665L,富邦�琤肭磪囓�2,41,7,34,富邦-高雄,2024-10-15,9659
00919,群益台灣精選高息,74,40,34,富邦-高雄,2024-10-15,9659
8028,昇陽半導體,41,10,31,富邦-高雄,2024-10-15,9659
00948B,中信優息投資級債,31,1,30,富邦-高雄,2024-10-15,9659
2482,連宇,31,1,30,富邦-高雄,2024-10-15,9659
3163,波若威,103,73,30,富邦-高雄,2024-10-15,9659
2312,金寶,68,40,28,富邦-高雄,2024-10-15,9659
1301,台塑,30,4,26,富邦-高雄,2024-10-15,9659
6505,台塑化,27,1,26,富邦-高雄,2024-10-15,9659
00961,FT臺灣永續高息,24,0,24,富邦-高雄,2024-10-15,9659
2516,新建,24,0,24,富邦-高雄,2024-10-15,9659
3380,明泰,31,7,24,富邦-高雄,2024-10-15,9659
3013,晟銘電,92,68,24,富邦-高雄,2024-10-15,9659
00637L,元大滬深300正2,104,82,22,富邦-高雄,2024-10-15,9659
5014,建錩,21,0,21,富邦-高雄,2024-10-15,9659
00932,兆豐永續高息等權,20,0,20,富邦-高雄,2024-10-15,9659
3033,威健,30,10,20,富邦-高雄,2024-10-15,9659
1727,中華化,20,1,19,富邦-高雄,2024-10-15,9659
00723B,群益投資級科技債,19,0,19,富邦-高雄,2024-10-15,9659
2486,一詮,54,36,18,富邦-高雄,2024-10-15,9659
2601,益航,20,2,18,富邦-高雄,2024-10-15,9659
9105,泰金寶-DR,34,16,18,富邦-高雄,2024-10-15,9659
00946,群益科技高息成長,20,3,17,富邦-高雄,2024-10-15,9659
00706L,期元大S＆P日圓正2,17,0,17,富邦-高雄,2024-10-15,9659
5452,佶優,73,56,17,富邦-高雄,2024-10-15,9659
1402,遠東新,16,0,16,富邦-高雄,2024-10-15,9659
8112,至上,17,1,16,富邦-高雄,2024-10-15,9659
00960,野村全球航運龍頭,32,17,15,富邦-高雄,2024-10-15,9659
6405,悅城,16,1,15,富邦-高雄,2024-10-15,9659
00720B,元大投資級公司債,16,2,14,富邦-高雄,2024-10-15,9659
6151,晉倫,16,2,14,富邦-高雄,2024-10-15,9659
00680L,元大美債20正2,549,17,532,富邦-高雄,2024-10-16,9659
00922,國泰台灣領袖50,302,5,297,富邦-高雄,2024-10-16,9659
0056,元大高股息,226,10,216,富邦-高雄,2024-10-16,9659
00638R,元大滬深300反1,200,0,200,富邦-高雄,2024-10-16,9659
00948B,中信優息投資級債,166,0,166,富邦-高雄,2024-10-16,9659
2542,興富發,105,1,104,富邦-高雄,2024-10-16,9659
00633L,富邦上証正2,121,22,99,富邦-高雄,2024-10-16,9659
00937B,群益ESG投等債20,115,23,92,富邦-高雄,2024-10-16,9659
00929,復華台灣科技優息,129,38,91,富邦-高雄,2024-10-16,9659
3450,聯鈞,179,98,81,富邦-高雄,2024-10-16,9659
00878,國泰永續高股息,95,15,80,富邦-高雄,2024-10-16,9659
00887,永豐中國科技50大,80,6,74,富邦-高雄,2024-10-16,9659
3013,晟銘電,126,58,68,富邦-高雄,2024-10-16,9659
00688L,國泰20年美債正2,82,20,62,富邦-高雄,2024-10-16,9659
6265,方土昶,60,0,60,富邦-高雄,2024-10-16,9659
00725B,國泰投資級公司債,56,0,56,富邦-高雄,2024-10-16,9659
3363,上詮,64,11,53,富邦-高雄,2024-10-16,9659
00642U,期元大S＆P石油,51,1,50,富邦-高雄,2024-10-16,9659
2880,華南金,49,0,49,富邦-高雄,2024-10-16,9659
3447,展達,52,5,47,富邦-高雄,2024-10-16,9659
2515,中工,44,0,44,富邦-高雄,2024-10-16,9659
2365,昆盈,65,21,44,富邦-高雄,2024-10-16,9659
2883,凱基金,67,24,43,富邦-高雄,2024-10-16,9659
00915,凱基優選高股息30,57,14,43,富邦-高雄,2024-10-16,9659
2881,富邦金,57,16,41,富邦-高雄,2024-10-16,9659
2317,鴻海,85,46,39,富邦-高雄,2024-10-16,9659
00639,富邦深100,38,0,38,富邦-高雄,2024-10-16,9659
3149,正達,119,81,38,富邦-高雄,2024-10-16,9659
00960,野村全球航運龍頭,45,8,37,富邦-高雄,2024-10-16,9659
2867,三商壽,37,0,37,富邦-高雄,2024-10-16,9659
2887,台新金,49,12,37,富邦-高雄,2024-10-16,9659
00713,元大台灣高息低波,39,3,36,富邦-高雄,2024-10-16,9659
00632R,元大台灣50反1,354,319,35,富邦-高雄,2024-10-16,9659
00753L,中信中國50正2,108,74,34,富邦-高雄,2024-10-16,9659
1522,堤維西,35,1,34,富邦-高雄,2024-10-16,9659
2889,國票金,42,10,32,富邦-高雄,2024-10-16,9659
4543,萬在,30,0,30,富邦-高雄,2024-10-16,9659
2453,凌群,30,0,30,富邦-高雄,2024-10-16,9659
2002,中鋼,81,51,30,富邦-高雄,2024-10-16,9659
2913,農林,29,0,29,富邦-高雄,2024-10-16,9659
3081,聯亞,30,2,28,富邦-高雄,2024-10-16,9659
00927,群益半導體收益,28,1,27,富邦-高雄,2024-10-16,9659
00730,富邦臺灣優質高息,27,1,26,富邦-高雄,2024-10-16,9659
2834,臺企銀,26,0,26,富邦-高雄,2024-10-16,9659
6215,和椿,43,18,25,富邦-高雄,2024-10-16,9659
2303,聯電,25,0,25,富邦-高雄,2024-10-16,9659
6274,台燿,25,1,24,富邦-高雄,2024-10-16,9659
2344,華邦電,36,13,23,富邦-高雄,2024-10-16,9659
4303,信立,24,1,23,富邦-高雄,2024-10-16,9659
00706L,期元大S＆P日圓正2,23,1,22,富邦-高雄,2024-10-16,9659
00795B,中信美國公債20年,654,0,654,富邦-高雄,2024-10-17,9659
00905,FT臺灣Smart,350,0,350,富邦-高雄,2024-10-17,9659
0056,元大高股息,189,15,174,富邦-高雄,2024-10-17,9659
00878,國泰永續高股息,176,19,157,富邦-高雄,2024-10-17,9659
6438,迅得,119,12,107,富邦-高雄,2024-10-17,9659
00887,永豐中國科技50大,107,15,92,富邦-高雄,2024-10-17,9659
2464,盟立,168,93,75,富邦-高雄,2024-10-17,9659
00882,中信中國高股息,87,25,62,富邦-高雄,2024-10-17,9659
2609,陽明,97,35,62,富邦-高雄,2024-10-17,9659
00706L,期元大S＆P日圓正2,62,0,62,富邦-高雄,2024-10-17,9659
3011,今皓,75,13,62,富邦-高雄,2024-10-17,9659
00715L,期街口布蘭特正2,62,0,62,富邦-高雄,2024-10-17,9659
2399,映泰,182,121,61,富邦-高雄,2024-10-17,9659
6151,晉倫,61,6,55,富邦-高雄,2024-10-17,9659
3162,精確,68,14,54,富邦-高雄,2024-10-17,9659
006206,元大上證50,50,0,50,富邦-高雄,2024-10-17,9659
00753L,中信中國50正2,52,3,49,富邦-高雄,2024-10-17,9659
00637L,元大滬深300正2,51,2,49,富邦-高雄,2024-10-17,9659
8054,安國,50,1,49,富邦-高雄,2024-10-17,9659
00650L,復華香港正2,48,1,47,富邦-高雄,2024-10-17,9659
5263,智崴,42,1,41,富邦-高雄,2024-10-17,9659
9945,潤泰新,41,0,41,富邦-高雄,2024-10-17,9659
1528,恩德,205,165,40,富邦-高雄,2024-10-17,9659
1742,台蠟,40,0,40,富邦-高雄,2024-10-17,9659
006205,富邦上証,40,0,40,富邦-高雄,2024-10-17,9659
3060,銘異,36,3,33,富邦-高雄,2024-10-17,9659
6156,松上,32,1,31,富邦-高雄,2024-10-17,9659
00665L,富邦�琤肭磪囓�2,50,20,30,富邦-高雄,2024-10-17,9659
00937B,群益ESG投等債20,44,15,29,富邦-高雄,2024-10-17,9659
00680L,元大美債20正2,29,0,29,富邦-高雄,2024-10-17,9659
00639,富邦深100,28,0,28,富邦-高雄,2024-10-17,9659
4906,正文,28,0,28,富邦-高雄,2024-10-17,9659
2392,正崴,31,3,28,富邦-高雄,2024-10-17,9659
2867,三商壽,27,0,27,富邦-高雄,2024-10-17,9659
00713,元大台灣高息低波,26,3,23,富邦-高雄,2024-10-17,9659
00941,中信上游半導體,22,0,22,富邦-高雄,2024-10-17,9659
00830,國泰費城半導體,22,1,21,富邦-高雄,2024-10-17,9659
3450,聯鈞,189,168,21,富邦-高雄,2024-10-17,9659
2344,華邦電,23,3,20,富邦-高雄,2024-10-17,9659
1310,台苯,20,0,20,富邦-高雄,2024-10-17,9659
6265,方土昶,20,0,20,富邦-高雄,2024-10-17,9659
3707,漢磊,20,0,20,富邦-高雄,2024-10-17,9659
6279,胡連,20,0,20,富邦-高雄,2024-10-17,9659
00948B,中信優息投資級債,24,5,19,富邦-高雄,2024-10-17,9659
6147,頎邦,22,4,18,富邦-高雄,2024-10-17,9659
6763,綠界科技*,48,30,18,富邦-高雄,2024-10-17,9659
4303,信立,41,24,17,富邦-高雄,2024-10-17,9659
00952,凱基台灣AI50,20,5,15,富邦-高雄,2024-10-17,9659
9105,泰金寶-DR,199,183,16,富邦-高雄,2024-10-17,9659
00688L,國泰20年美債正2,15,0,15,富邦-高雄,2024-10-17,9659
00679B,元大美債20年,1020,21,999,富邦-高雄,2024-10-18,9659
00632R,元大台灣50反1,694,352,342,富邦-高雄,2024-10-18,9659
2891,中信金,321,51,270,富邦-高雄,2024-10-18,9659
00937B,群益ESG投等債20,220,57,163,富邦-高雄,2024-10-18,9659
00751B,元大AAA至A公司債,141,9,132,富邦-高雄,2024-10-18,9659
00687B,國泰20年美債,199,72,127,富邦-高雄,2024-10-18,9659
2489,瑞軒,122,0,122,富邦-高雄,2024-10-18,9659
00887,永豐中國科技50大,119,9,110,富邦-高雄,2024-10-18,9659
2887,台新金,132,22,110,富邦-高雄,2024-10-18,9659
2105,正新,101,0,101,富邦-高雄,2024-10-18,9659
2888,新光金,101,15,86,富邦-高雄,2024-10-18,9659
00665L,富邦�琤肭磪囓�2,87,12,75,富邦-高雄,2024-10-18,9659
2303,聯電,84,10,74,富邦-高雄,2024-10-18,9659
00948B,中信優息投資級債,83,10,73,富邦-高雄,2024-10-18,9659
6005,群益證,62,0,62,富邦-高雄,2024-10-18,9659
00637L,元大滬深300正2,113,53,60,富邦-高雄,2024-10-18,9659
8064,東捷,72,21,51,富邦-高雄,2024-10-18,9659
3049,精金,50,0,50,富邦-高雄,2024-10-18,9659
00720B,元大投資級公司債,50,0,50,富邦-高雄,2024-10-18,9659
00945B,凱基美國非投等債,49,0,49,富邦-高雄,2024-10-18,9659
4571,鈞興-KY,60,20,40,富邦-高雄,2024-10-18,9659
3011,今皓,427,392,35,富邦-高雄,2024-10-18,9659
3363,上詮,34,2,32,富邦-高雄,2024-10-18,9659
6156,松上,30,0,30,富邦-高雄,2024-10-18,9659
2615,萬海,50,21,29,富邦-高雄,2024-10-18,9659
00931B,統一美債20年,28,0,28,富邦-高雄,2024-10-18,9659
00882,中信中國高股息,47,20,27,富邦-高雄,2024-10-18,9659
00933B,國泰10Y+金融債,26,0,26,富邦-高雄,2024-10-18,9659
2317,鴻海,83,56,27,富邦-高雄,2024-10-18,9659
3037,欣興,30,4,26,富邦-高雄,2024-10-18,9659
6151,晉倫,37,11,26,富邦-高雄,2024-10-18,9659
2367,燿華,28,2,26,富邦-高雄,2024-10-18,9659
00639,富邦深100,27,2,25,富邦-高雄,2024-10-18,9659
6152,百一,30,5,25,富邦-高雄,2024-10-18,9659
2449,京元電子,34,10,24,富邦-高雄,2024-10-18,9659
3025,星通,34,10,24,富邦-高雄,2024-10-18,9659
2542,興富發,27,4,23,富邦-高雄,2024-10-18,9659
00892,富邦台灣半導體,23,1,22,富邦-高雄,2024-10-18,9659
2344,華邦電,28,6,22,富邦-高雄,2024-10-18,9659
00941,中信上游半導體,22,0,22,富邦-高雄,2024-10-18,9659
2486,一詮,25,4,21,富邦-高雄,2024-10-18,9659
2481,強茂,21,0,21,富邦-高雄,2024-10-18,9659
00952,凱基台灣AI50,21,0,21,富邦-高雄,2024-10-18,9659
2356,英業達,64,44,20,富邦-高雄,2024-10-18,9659
00676R,富邦臺灣加權反1,20,0,20,富邦-高雄,2024-10-18,9659
6265,方土昶,20,0,20,富邦-高雄,2024-10-18,9659
00712,復華富時不動產,21,1,20,富邦-高雄,2024-10-18,9659
6213,聯茂,21,2,19,富邦-高雄,2024-10-18,9659
3447,展達,24,5,19,富邦-高雄,2024-10-18,9659
3374,精材,50,31,19,富邦-高雄,2024-10-18,9659
00679B,元大美債20年,756,11,745,富邦-高雄,2024-10-21,9659
00753L,中信中國50正2,814,112,702,富邦-高雄,2024-10-21,9659
00882,中信中國高股息,691,6,685,富邦-高雄,2024-10-21,9659
00680L,元大美債20正2,481,10,471,富邦-高雄,2024-10-21,9659
00937B,群益ESG投等債20,493,96,397,富邦-高雄,2024-10-21,9659
00905,FT臺灣Smart,441,48,393,富邦-高雄,2024-10-21,9659
2891,中信金,273,3,270,富邦-高雄,2024-10-21,9659
00687B,國泰20年美債,141,14,127,富邦-高雄,2024-10-21,9659
2883,凱基金,181,57,124,富邦-高雄,2024-10-21,9659
00637L,元大滬深300正2,189,69,120,富邦-高雄,2024-10-21,9659
00643,群益深証中小,100,0,100,富邦-高雄,2024-10-21,9659
00639,富邦深100,97,0,97,富邦-高雄,2024-10-21,9659
00953B,群益優選非投等債,91,0,91,富邦-高雄,2024-10-21,9659
00675L,富邦臺灣加權正2,80,3,77,富邦-高雄,2024-10-21,9659
00650L,復華香港正2,62,1,61,富邦-高雄,2024-10-21,9659
2881,富邦金,68,12,56,富邦-高雄,2024-10-21,9659
00887,永豐中國科技50大,69,13,56,富邦-高雄,2024-10-21,9659
2489,瑞軒,71,21,50,富邦-高雄,2024-10-21,9659
2887,台新金,57,7,50,富邦-高雄,2024-10-21,9659
3035,智原,50,1,49,富邦-高雄,2024-10-21,9659
4526,東台,82,34,48,富邦-高雄,2024-10-21,9659
1307,三芳,61,17,44,富邦-高雄,2024-10-21,9659
00715L,期街口布蘭特正2,72,30,42,富邦-高雄,2024-10-21,9659
4562,穎漢,40,0,40,富邦-高雄,2024-10-21,9659
5864,致和證,39,0,39,富邦-高雄,2024-10-21,9659
3363,上詮,41,3,38,富邦-高雄,2024-10-21,9659
3481,群創,57,23,34,富邦-高雄,2024-10-21,9659
6117,迎廣,34,2,32,富邦-高雄,2024-10-21,9659
6116,彩晶,42,10,32,富邦-高雄,2024-10-21,9659
00751B,元大AAA至A公司債,31,0,31,富邦-高雄,2024-10-21,9659
2312,金寶,43,13,30,富邦-高雄,2024-10-21,9659
3615,安可,101,75,26,富邦-高雄,2024-10-21,9659
2884,玉山金,28,2,26,富邦-高雄,2024-10-21,9659
00720B,元大投資級公司債,27,2,25,富邦-高雄,2024-10-21,9659
4523,永彰,25,0,25,富邦-高雄,2024-10-21,9659
3645,達邁,25,0,25,富邦-高雄,2024-10-21,9659
3011,今皓,160,135,25,富邦-高雄,2024-10-21,9659
2882,國泰金,33,9,24,富邦-高雄,2024-10-21,9659
00958B,永豐ESG銀行債15,24,0,24,富邦-高雄,2024-10-21,9659
2359,所羅門,58,35,23,富邦-高雄,2024-10-21,9659
2376,技嘉,25,2,23,富邦-高雄,2024-10-21,9659
00941,中信上游半導體,22,0,22,富邦-高雄,2024-10-21,9659
5905,南仁湖,22,0,22,富邦-高雄,2024-10-21,9659
00665L,富邦�琤肭磪囓�2,113,91,22,富邦-高雄,2024-10-21,9659
00949,復華日本龍頭,21,0,21,富邦-高雄,2024-10-21,9659
2303,聯電,57,36,21,富邦-高雄,2024-10-21,9659
2421,建準,30,10,20,富邦-高雄,2024-10-21,9659
4979,華星光,54,34,20,富邦-高雄,2024-10-21,9659
00954,中信日本半導體,20,0,20,富邦-高雄,2024-10-21,9659
6486,互動,20,0,20,富邦-高雄,2024-10-21,9659
00679B,元大美債20年,826,13,813,富邦-高雄,2024-10-22,9659
00937B,群益ESG投等債20,732,238,494,富邦-高雄,2024-10-22,9659
00882,中信中國高股息,304,5,299,富邦-高雄,2024-10-22,9659
2867,三商壽,320,25,295,富邦-高雄,2024-10-22,9659
00680L,元大美債20正2,363,193,170,富邦-高雄,2024-10-22,9659
00688L,國泰20年美債正2,295,141,154,富邦-高雄,2024-10-22,9659
00641R,富邦日本反1,136,0,136,富邦-高雄,2024-10-22,9659
00948B,中信優息投資級債,130,0,130,富邦-高雄,2024-10-22,9659
00933B,國泰10Y+金融債,142,16,126,富邦-高雄,2024-10-22,9659
00958B,永豐ESG銀行債15,125,0,125,富邦-高雄,2024-10-22,9659
00687B,國泰20年美債,275,154,121,富邦-高雄,2024-10-22,9659
00929,復華台灣科技優息,181,70,111,富邦-高雄,2024-10-22,9659
00753L,中信中國50正2,131,38,93,富邦-高雄,2024-10-22,9659
3062,建漢,63,3,60,富邦-高雄,2024-10-22,9659
00637L,元大滬深300正2,114,59,55,富邦-高雄,2024-10-22,9659
9902,台火,50,0,50,富邦-高雄,2024-10-22,9659
00905,FT臺灣Smart,68,21,47,富邦-高雄,2024-10-22,9659
00751B,元大AAA至A公司債,45,0,45,富邦-高雄,2024-10-22,9659
5315,光聯,45,4,41,富邦-高雄,2024-10-22,9659
00654R,富邦印度反1,40,0,40,富邦-高雄,2024-10-22,9659
2543,皇昌,37,1,36,富邦-高雄,2024-10-22,9659
8064,東捷,75,41,34,富邦-高雄,2024-10-22,9659
2330,台積電,37,5,32,富邦-高雄,2024-10-22,9659
2889,國票金,31,0,31,富邦-高雄,2024-10-22,9659
2344,華邦電,31,0,31,富邦-高雄,2024-10-22,9659
00665L,富邦�琤肭磪囓�2,76,45,31,富邦-高雄,2024-10-22,9659
0056,元大高股息,41,10,31,富邦-高雄,2024-10-22,9659
00715L,期街口布蘭特正2,70,40,30,富邦-高雄,2024-10-22,9659
00941,中信上游半導體,48,20,28,富邦-高雄,2024-10-22,9659
00945B,凱基美國非投等債,27,0,27,富邦-高雄,2024-10-22,9659
00725B,國泰投資級公司債,45,20,25,富邦-高雄,2024-10-22,9659
2103,台橡,25,0,25,富邦-高雄,2024-10-22,9659
1569,濱川,33,10,23,富邦-高雄,2024-10-22,9659
00954,中信日本半導體,23,0,23,富邦-高雄,2024-10-22,9659
2303,聯電,24,1,23,富邦-高雄,2024-10-22,9659
00720B,元大投資級公司債,42,20,22,富邦-高雄,2024-10-22,9659
3354,律勝,39,18,21,富邦-高雄,2024-10-22,9659
2464,盟立,25,4,21,富邦-高雄,2024-10-22,9659
00923,群益台ESG低碳50,21,1,20,富邦-高雄,2024-10-22,9659
5014,建錩,20,0,20,富邦-高雄,2024-10-22,9659
6715,嘉基,20,0,20,富邦-高雄,2024-10-22,9659
00950B,凱基A級公司債,20,0,20,富邦-高雄,2024-10-22,9659
00712,復華富時不動產,29,10,19,富邦-高雄,2024-10-22,9659
00887,永豐中國科技50大,19,0,19,富邦-高雄,2024-10-22,9659
5880,合庫金,20,2,18,富邦-高雄,2024-10-22,9659
4915,致伸,18,0,18,富邦-高雄,2024-10-22,9659
3049,精金,23,5,18,富邦-高雄,2024-10-22,9659
1721,三晃,18,0,18,富邦-高雄,2024-10-22,9659
2363,矽統,48,30,18,富邦-高雄,2024-10-22,9659
2356,英業達,21,3,18,富邦-高雄,2024-10-22,9659
00937B,群益ESG投等債20,406,29,377,富邦-高雄,2024-10-23,9659
3481,群創,476,139,337,富邦-高雄,2024-10-23,9659
00882,中信中國高股息,256,56,200,富邦-高雄,2024-10-23,9659
00948B,中信優息投資級債,169,1,168,富邦-高雄,2024-10-23,9659
00637L,元大滬深300正2,176,37,139,富邦-高雄,2024-10-23,9659
00679B,元大美債20年,139,3,136,富邦-高雄,2024-10-23,9659
1416,廣豐,100,0,100,富邦-高雄,2024-10-23,9659
00687B,國泰20年美債,108,13,95,富邦-高雄,2024-10-23,9659
6151,晉倫,132,52,80,富邦-高雄,2024-10-23,9659
0056,元大高股息,113,41,72,富邦-高雄,2024-10-23,9659
00654R,富邦印度反1,65,0,65,富邦-高雄,2024-10-23,9659
00887,永豐中國科技50大,71,10,61,富邦-高雄,2024-10-23,9659
2887,台新金,63,6,57,富邦-高雄,2024-10-23,9659
00712,復華富時不動產,59,3,56,富邦-高雄,2024-10-23,9659
6438,迅得,67,11,56,富邦-高雄,2024-10-23,9659
2464,盟立,68,25,43,富邦-高雄,2024-10-23,9659
00878,國泰永續高股息,69,26,43,富邦-高雄,2024-10-23,9659
2542,興富發,43,2,41,富邦-高雄,2024-10-23,9659
8213,志超,40,0,40,富邦-高雄,2024-10-23,9659
2303,聯電,44,6,38,富邦-高雄,2024-10-23,9659
2891,中信金,41,3,38,富邦-高雄,2024-10-23,9659
00905,FT臺灣Smart,54,16,38,富邦-高雄,2024-10-23,9659
2618,長榮航,79,43,36,富邦-高雄,2024-10-23,9659
6275,元山,36,0,36,富邦-高雄,2024-10-23,9659
5315,光聯,40,6,34,富邦-高雄,2024-10-23,9659
3062,建漢,39,7,32,富邦-高雄,2024-10-23,9659
2329,華泰,144,113,31,富邦-高雄,2024-10-23,9659
00951,台新日本半導體,30,0,30,富邦-高雄,2024-10-23,9659
1735,日勝化,41,11,30,富邦-高雄,2024-10-23,9659
2884,玉山金,30,1,29,富邦-高雄,2024-10-23,9659
2312,金寶,45,18,27,富邦-高雄,2024-10-23,9659
00795B,中信美國公債20年,27,0,27,富邦-高雄,2024-10-23,9659
00680L,元大美債20正2,26,0,26,富邦-高雄,2024-10-23,9659
2886,兆豐金,27,2,25,富邦-高雄,2024-10-23,9659
00918,大華優利高填息30,26,1,25,富邦-高雄,2024-10-23,9659
2330,台積電,26,1,25,富邦-高雄,2024-10-23,9659
1711,永光,63,39,24,富邦-高雄,2024-10-23,9659
2889,國票金,24,0,24,富邦-高雄,2024-10-23,9659
00954,中信日本半導體,24,0,24,富邦-高雄,2024-10-23,9659
00934,中信成長高股息,21,0,21,富邦-高雄,2024-10-23,9659
00961,FT臺灣永續高息,21,0,21,富邦-高雄,2024-10-23,9659
3287,廣寰科,22,1,21,富邦-高雄,2024-10-23,9659
2881,富邦金,22,2,20,富邦-高雄,2024-10-23,9659
2537,聯上發,20,0,20,富邦-高雄,2024-10-23,9659
00706L,期元大S＆P日圓正2,20,0,20,富邦-高雄,2024-10-23,9659
3338,泰碩,20,0,20,富邦-高雄,2024-10-23,9659
2032,新鋼,20,0,20,富邦-高雄,2024-10-23,9659
8111,立��,38,18,20,富邦-高雄,2024-10-23,9659
00900,富邦特選高股息30,21,1,20,富邦-高雄,2024-10-23,9659
00933B,國泰10Y+金融債,24,5,19,富邦-高雄,2024-10-23,9659
00937B,群益ESG投等債20,165,17,148,富邦-高雄,2024-10-24,9659
00665L,富邦�琤肭磪囓�2,239,107,132,富邦-高雄,2024-10-24,9659
00882,中信中國高股息,133,5,128,富邦-高雄,2024-10-24,9659
0056,元大高股息,128,9,119,富邦-高雄,2024-10-24,9659
00929,復華台灣科技優息,182,69,113,富邦-高雄,2024-10-24,9659
2867,三商壽,116,10,106,富邦-高雄,2024-10-24,9659
4306,炎洲,103,0,103,富邦-高雄,2024-10-24,9659
00878,國泰永續高股息,101,5,96,富邦-高雄,2024-10-24,9659
2431,聯昌,125,32,93,富邦-高雄,2024-10-24,9659
00753L,中信中國50正2,100,20,80,富邦-高雄,2024-10-24,9659
8064,東捷,214,140,74,富邦-高雄,2024-10-24,9659
2542,興富發,78,6,72,富邦-高雄,2024-10-24,9659
2303,聯電,77,6,71,富邦-高雄,2024-10-24,9659
00715L,期街口布蘭特正2,81,13,68,富邦-高雄,2024-10-24,9659
00919,群益台灣精選高息,95,32,63,富邦-高雄,2024-10-24,9659
2317,鴻海,84,24,60,富邦-高雄,2024-10-24,9659
00887,永豐中國科技50大,58,2,56,富邦-高雄,2024-10-24,9659
00637L,元大滬深300正2,121,67,54,富邦-高雄,2024-10-24,9659
00632R,元大台灣50反1,105,55,50,富邦-高雄,2024-10-24,9659
1103,嘉泥,50,0,50,富邦-高雄,2024-10-24,9659
2399,映泰,94,45,49,富邦-高雄,2024-10-24,9659
6275,元山,44,0,44,富邦-高雄,2024-10-24,9659
5315,光聯,41,0,41,富邦-高雄,2024-10-24,9659
2891,中信金,51,11,40,富邦-高雄,2024-10-24,9659
3167,大量,41,4,37,富邦-高雄,2024-10-24,9659
5425,台半,38,2,36,富邦-高雄,2024-10-24,9659
2382,廣達,43,7,36,富邦-高雄,2024-10-24,9659
8071,能率網通,35,0,35,富邦-高雄,2024-10-24,9659
2486,一詮,45,12,33,富邦-高雄,2024-10-24,9659
1711,永光,67,35,32,富邦-高雄,2024-10-24,9659
00885,富邦越南,32,0,32,富邦-高雄,2024-10-24,9659
3689,湧德,43,13,30,富邦-高雄,2024-10-24,9659
2388,威盛,62,32,30,富邦-高雄,2024-10-24,9659
00922,國泰台灣領袖50,32,4,28,富邦-高雄,2024-10-24,9659
3673,TPK-KY,26,0,26,富邦-高雄,2024-10-24,9659
6214,精誠,26,4,22,富邦-高雄,2024-10-24,9659
6770,力積電,25,3,22,富邦-高雄,2024-10-24,9659
2367,燿華,22,1,21,富邦-高雄,2024-10-24,9659
2392,正崴,21,0,21,富邦-高雄,2024-10-24,9659
3711,日月光投控,22,2,20,富邦-高雄,2024-10-24,9659
2312,金寶,45,25,20,富邦-高雄,2024-10-24,9659
00900,富邦特選高股息30,21,1,20,富邦-高雄,2024-10-24,9659
00650L,復華香港正2,32,12,20,富邦-高雄,2024-10-24,9659
00706L,期元大S＆P日圓正2,20,0,20,富邦-高雄,2024-10-24,9659
3338,泰碩,20,0,20,富邦-高雄,2024-10-24,9659
2480,敦陽科,20,0,20,富邦-高雄,2024-10-24,9659
00960,野村全球航運龍頭,20,1,19,富邦-高雄,2024-10-24,9659
00938,凱基優選30,18,0,18,富邦-高雄,2024-10-24,9659
6578,達邦蛋白,17,0,17,富邦-高雄,2024-10-24,9659
2497,怡利電,17,0,17,富邦-高雄,2024-10-24,9659
00882,中信中國高股息,213,3,210,富邦-高雄,2024-10-25,9659
2646,星宇航空,460,261,199,富邦-高雄,2024-10-25,9659
00937B,群益ESG投等債20,171,40,131,富邦-高雄,2024-10-25,9659
3231,緯創,248,124,124,富邦-高雄,2024-10-25,9659
2867,三商壽,182,61,121,富邦-高雄,2024-10-25,9659
3013,晟銘電,153,55,98,富邦-高雄,2024-10-25,9659
2344,華邦電,80,11,69,富邦-高雄,2024-10-25,9659
2489,瑞軒,60,1,59,富邦-高雄,2024-10-25,9659
3481,群創,77,21,56,富邦-高雄,2024-10-25,9659
2402,毅嘉,45,2,43,富邦-高雄,2024-10-25,9659
00641R,富邦日本反1,43,0,43,富邦-高雄,2024-10-25,9659
2392,正崴,36,0,36,富邦-高雄,2024-10-25,9659
00669R,國泰美國道瓊反1,35,0,35,富邦-高雄,2024-10-25,9659
2637,慧洋-KY,41,6,35,富邦-高雄,2024-10-25,9659
3450,聯鈞,53,18,35,富邦-高雄,2024-10-25,9659
8249,菱光,151,117,34,富邦-高雄,2024-10-25,9659
2303,聯電,44,11,33,富邦-高雄,2024-10-25,9659
00680L,元大美債20正2,134,102,32,富邦-高雄,2024-10-25,9659
00700,富邦�琤肭磪�,30,0,30,富邦-高雄,2024-10-25,9659
6901,鑽石投資,30,0,30,富邦-高雄,2024-10-25,9659
3048,益登,31,2,29,富邦-高雄,2024-10-25,9659
2855,統一證,29,0,29,富邦-高雄,2024-10-25,9659
4306,炎洲,27,0,27,富邦-高雄,2024-10-25,9659
2356,英業達,35,9,26,富邦-高雄,2024-10-25,9659
00715L,期街口布蘭特正2,26,1,25,富邦-高雄,2024-10-25,9659
3363,上詮,24,0,24,富邦-高雄,2024-10-25,9659
6218,豪勉,24,1,23,富邦-高雄,2024-10-25,9659
00885,富邦越南,22,0,22,富邦-高雄,2024-10-25,9659
1815,富喬,22,0,22,富邦-高雄,2024-10-25,9659
6285,啟��,31,10,21,富邦-高雄,2024-10-25,9659
6140,訊達,20,0,20,富邦-高雄,2024-10-25,9659
3037,欣興,37,19,18,富邦-高雄,2024-10-25,9659
2352,佳世達,18,0,18,富邦-高雄,2024-10-25,9659
2884,玉山金,17,0,17,富邦-高雄,2024-10-25,9659
1414,東和,19,2,17,富邦-高雄,2024-10-25,9659
00959B,大華投等美債15Y+,26,10,16,富邦-高雄,2024-10-25,9659
2002,中鋼,22,6,16,富邦-高雄,2024-10-25,9659
5534,長虹,15,0,15,富邦-高雄,2024-10-25,9659
00945B,凱基美國非投等債,15,0,15,富邦-高雄,2024-10-25,9659
00664R,國泰臺灣加權反1,15,0,15,富邦-高雄,2024-10-25,9659
8404,百和興業-KY,17,3,14,富邦-高雄,2024-10-25,9659
2027,大成鋼,14,0,14,富邦-高雄,2024-10-25,9659
2634,漢翔,13,0,13,富邦-高雄,2024-10-25,9659
4510,高鋒,24,11,13,富邦-高雄,2024-10-25,9659
3707,漢磊,13,1,12,富邦-高雄,2024-10-25,9659
3021,鴻名,31,19,12,富邦-高雄,2024-10-25,9659
4979,華星光,44,32,12,富邦-高雄,2024-10-25,9659
00713,元大台灣高息低波,13,1,12,富邦-高雄,2024-10-25,9659
1810,和成,11,0,11,富邦-高雄,2024-10-25,9659
00753L,中信中國50正2,11,0,11,富邦-高雄,2024-10-25,9659
00680L,元大美債20正2,516,20,496,富邦-高雄,2024-10-28,9659
00937B,群益ESG投等債20,445,20,425,富邦-高雄,2024-10-28,9659
00882,中信中國高股息,231,11,220,富邦-高雄,2024-10-28,9659
00679B,元大美債20年,154,11,143,富邦-高雄,2024-10-28,9659
1301,台塑,130,8,122,富邦-高雄,2024-10-28,9659
2867,三商壽,121,0,121,富邦-高雄,2024-10-28,9659
00715L,期街口布蘭特正2,134,23,111,富邦-高雄,2024-10-28,9659
00948B,中信優息投資級債,106,0,106,富邦-高雄,2024-10-28,9659
2031,新光鋼,88,1,87,富邦-高雄,2024-10-28,9659
2883,凱基金,134,47,87,富邦-高雄,2024-10-28,9659
00959B,大華投等美債15Y+,81,0,81,富邦-高雄,2024-10-28,9659
3481,群創,117,54,63,富邦-高雄,2024-10-28,9659
2646,星宇航空,140,78,62,富邦-高雄,2024-10-28,9659
1560,中砂,59,1,58,富邦-高雄,2024-10-28,9659
4562,穎漢,53,1,52,富邦-高雄,2024-10-28,9659
2303,聯電,54,7,47,富邦-高雄,2024-10-28,9659
0056,元大高股息,62,17,45,富邦-高雄,2024-10-28,9659
4510,高鋒,42,0,42,富邦-高雄,2024-10-28,9659
5328,華容,58,18,40,富邦-高雄,2024-10-28,9659
8021,尖點,40,1,39,富邦-高雄,2024-10-28,9659
3363,上詮,58,24,34,富邦-高雄,2024-10-28,9659
6142,友勁,53,19,34,富邦-高雄,2024-10-28,9659
2330,台積電,39,6,33,富邦-高雄,2024-10-28,9659
2402,毅嘉,33,1,32,富邦-高雄,2024-10-28,9659
00929,復華台灣科技優息,114,82,32,富邦-高雄,2024-10-28,9659
00918,大華優利高填息30,32,1,31,富邦-高雄,2024-10-28,9659
00712,復華富時不動產,30,0,30,富邦-高雄,2024-10-28,9659
00945B,凱基美國非投等債,30,0,30,富邦-高雄,2024-10-28,9659
9906,欣巴巴,30,0,30,富邦-高雄,2024-10-28,9659
3049,精金,33,3,30,富邦-高雄,2024-10-28,9659
00933B,國泰10Y+金融債,28,0,28,富邦-高雄,2024-10-28,9659
00943,兆豐電子高息等權,26,0,26,富邦-高雄,2024-10-28,9659
3231,緯創,63,38,25,富邦-高雄,2024-10-28,9659
00919,群益台灣精選高息,47,24,23,富邦-高雄,2024-10-28,9659
4919,新唐,59,37,22,富邦-高雄,2024-10-28,9659
2374,佳能,24,2,22,富邦-高雄,2024-10-28,9659
00689R,國泰20年美債反1,20,0,20,富邦-高雄,2024-10-28,9659
4167,松瑞藥,37,17,20,富邦-高雄,2024-10-28,9659
6202,盛群,20,0,20,富邦-高雄,2024-10-28,9659
6770,力積電,49,30,19,富邦-高雄,2024-10-28,9659
00795B,中信美國公債20年,18,0,18,富邦-高雄,2024-10-28,9659
4527,方土霖,19,1,18,富邦-高雄,2024-10-28,9659
6180,橘子,18,0,18,富邦-高雄,2024-10-28,9659
3031,佰鴻,20,3,17,富邦-高雄,2024-10-28,9659
1307,三芳,29,13,16,富邦-高雄,2024-10-28,9659
2498,宏達電,25,9,16,富邦-高雄,2024-10-28,9659
00751B,元大AAA至A公司債,16,1,15,富邦-高雄,2024-10-28,9659
006208,富邦台50,18,3,15,富邦-高雄,2024-10-28,9659
6741,91APP*-KY,13,0,13,富邦-高雄,2024-10-28,9659
00706L,期元大S＆P日圓正2,13,0,13,富邦-高雄,2024-10-28,9659
00929,復華台灣科技優息,427,148,279,富邦-高雄,2024-10-29,9659
00919,群益台灣精選高息,305,56,249,富邦-高雄,2024-10-29,9659
00715L,期街口布蘭特正2,210,11,199,富邦-高雄,2024-10-29,9659
2303,聯電,167,25,142,富邦-高雄,2024-10-29,9659
00882,中信中國高股息,339,214,125,富邦-高雄,2024-10-29,9659
0056,元大高股息,143,21,122,富邦-高雄,2024-10-29,9659
00878,國泰永續高股息,127,6,121,富邦-高雄,2024-10-29,9659
00948B,中信優息投資級債,98,0,98,富邦-高雄,2024-10-29,9659
00937B,群益ESG投等債20,115,25,90,富邦-高雄,2024-10-29,9659
00940,元大台灣價值高息,162,74,88,富邦-高雄,2024-10-29,9659
2356,英業達,106,19,87,富邦-高雄,2024-10-29,9659
00637L,元大滬深300正2,117,44,73,富邦-高雄,2024-10-29,9659
00905,FT臺灣Smart,60,0,60,富邦-高雄,2024-10-29,9659
00904,新光臺灣半導體30,60,0,60,富邦-高雄,2024-10-29,9659
00887,永豐中國科技50大,61,3,58,富邦-高雄,2024-10-29,9659
2317,鴻海,103,45,58,富邦-高雄,2024-10-29,9659
00671R,富邦NASDAQ反1,55,0,55,富邦-高雄,2024-10-29,9659
5347,世界,55,1,54,富邦-高雄,2024-10-29,9659
2883,凱基金,60,10,50,富邦-高雄,2024-10-29,9659
2406,國碩,50,0,50,富邦-高雄,2024-10-29,9659
1714,和桐,50,0,50,富邦-高雄,2024-10-29,9659
00918,大華優利高填息30,46,1,45,富邦-高雄,2024-10-29,9659
00922,國泰台灣領袖50,52,8,44,富邦-高雄,2024-10-29,9659
4967,十銓,41,0,41,富邦-高雄,2024-10-29,9659
00687B,國泰20年美債,52,12,40,富邦-高雄,2024-10-29,9659
2031,新光鋼,39,0,39,富邦-高雄,2024-10-29,9659
2323,中環,40,1,39,富邦-高雄,2024-10-29,9659
006208,富邦台50,45,8,37,富邦-高雄,2024-10-29,9659
3450,聯鈞,66,33,33,富邦-高雄,2024-10-29,9659
1301,台塑,31,0,31,富邦-高雄,2024-10-29,9659
2344,華邦電,31,1,30,富邦-高雄,2024-10-29,9659
00713,元大台灣高息低波,33,4,29,富邦-高雄,2024-10-29,9659
3290,東浦,30,1,29,富邦-高雄,2024-10-29,9659
00934,中信成長高股息,28,0,28,富邦-高雄,2024-10-29,9659
00692,富邦公司治理,33,4,29,富邦-高雄,2024-10-29,9659
1449,佳和,46,20,26,富邦-高雄,2024-10-29,9659
3711,日月光投控,27,1,26,富邦-高雄,2024-10-29,9659
6156,松上,31,6,25,富邦-高雄,2024-10-29,9659
00712,復華富時不動產,24,0,24,富邦-高雄,2024-10-29,9659
00907,永豐優息存股,23,0,23,富邦-高雄,2024-10-29,9659
1307,三芳,29,6,23,富邦-高雄,2024-10-29,9659
00935,野村臺灣新科技50,24,2,22,富邦-高雄,2024-10-29,9659
6505,台塑化,22,0,22,富邦-高雄,2024-10-29,9659
00946,群益科技高息成長,21,0,21,富邦-高雄,2024-10-29,9659
00936,台新永續高息中小,21,0,21,富邦-高雄,2024-10-29,9659
00943,兆豐電子高息等權,20,0,20,富邦-高雄,2024-10-29,9659
2882,國泰金,25,5,20,富邦-高雄,2024-10-29,9659
5880,合庫金,20,0,20,富邦-高雄,2024-10-29,9659
3031,佰鴻,20,0,20,富邦-高雄,2024-10-29,9659
2330,台積電,34,15,19,富邦-高雄,2024-10-29,9659
00882,中信中國高股息,310,65,245,富邦-高雄,2024-10-30,9659
1528,恩德,290,140,150,富邦-高雄,2024-10-30,9659
00715L,期街口布蘭特正2,147,0,147,富邦-高雄,2024-10-30,9659
00679B,元大美債20年,127,5,122,富邦-高雄,2024-10-30,9659
3481,群創,225,134,91,富邦-高雄,2024-10-30,9659
6257,矽格,85,0,85,富邦-高雄,2024-10-30,9659
4527,方土霖,93,9,84,富邦-高雄,2024-10-30,9659
00929,復華台灣科技優息,108,35,73,富邦-高雄,2024-10-30,9659
00919,群益台灣精選高息,124,62,62,富邦-高雄,2024-10-30,9659
00937B,群益ESG投等債20,76,21,55,富邦-高雄,2024-10-30,9659
00878,國泰永續高股息,61,7,54,富邦-高雄,2024-10-30,9659
2406,國碩,51,0,51,富邦-高雄,2024-10-30,9659
9105,泰金寶-DR,51,0,51,富邦-高雄,2024-10-30,9659
4919,新唐,97,46,51,富邦-高雄,2024-10-30,9659
00712,復華富時不動產,50,1,49,富邦-高雄,2024-10-30,9659
0056,元大高股息,69,22,47,富邦-高雄,2024-10-30,9659
00632R,元大台灣50反1,223,179,44,富邦-高雄,2024-10-30,9659
00940,元大台灣價值高息,55,14,41,富邦-高雄,2024-10-30,9659
00665L,富邦�琤肭磪囓�2,178,137,41,富邦-高雄,2024-10-30,9659
2392,正崴,62,22,40,富邦-高雄,2024-10-30,9659
2337,旺宏,37,1,36,富邦-高雄,2024-10-30,9659
6156,松上,38,3,35,富邦-高雄,2024-10-30,9659
5014,建錩,35,0,35,富邦-高雄,2024-10-30,9659
1325,恆大,33,0,33,富邦-高雄,2024-10-30,9659
2303,聯電,45,14,31,富邦-高雄,2024-10-30,9659
00946,群益科技高息成長,27,0,27,富邦-高雄,2024-10-30,9659
3704,合勤控,32,7,25,富邦-高雄,2024-10-30,9659
4532,瑞智,23,2,21,富邦-高雄,2024-10-30,9659
2327,國巨,24,4,20,富邦-高雄,2024-10-30,9659
2312,金寶,36,16,20,富邦-高雄,2024-10-30,9659
2883B,凱基金乙特,20,0,20,富邦-高雄,2024-10-30,9659
00939,統一台灣高息動能,19,0,19,富邦-高雄,2024-10-30,9659
00891,中信關鍵半導體,27,10,17,富邦-高雄,2024-10-30,9659
3583,辛耘,19,2,17,富邦-高雄,2024-10-30,9659
5488,松普,37,20,17,富邦-高雄,2024-10-30,9659
2399,映泰,42,25,17,富邦-高雄,2024-10-30,9659
5347,世界,16,0,16,富邦-高雄,2024-10-30,9659
2615,萬海,36,20,16,富邦-高雄,2024-10-30,9659
5483,中美晶,19,3,16,富邦-高雄,2024-10-30,9659
8064,東捷,33,17,16,富邦-高雄,2024-10-30,9659
00635U,期元大S＆P黃金,16,0,16,富邦-高雄,2024-10-30,9659
2887,台新金,16,0,16,富邦-高雄,2024-10-30,9659
006208,富邦台50,16,1,15,富邦-高雄,2024-10-30,9659
2892,第一金,15,0,15,富邦-高雄,2024-10-30,9659
6153,嘉聯益,15,0,15,富邦-高雄,2024-10-30,9659
2836,高雄銀,14,0,14,富邦-高雄,2024-10-30,9659
2356,英業達,113,99,14,富邦-高雄,2024-10-30,9659
2889,國票金,14,0,14,富邦-高雄,2024-10-30,9659
2618,長榮航,16,2,14,富邦-高雄,2024-10-30,9659
6207,雷科,12,0,12,富邦-高雄,2024-10-30,9659
00882,中信中國高股息,483,5,478,富邦-高雄,2024-11-01,9659
00878,國泰永續高股息,256,34,222,富邦-高雄,2024-11-01,9659
00948B,中信優息投資級債,173,6,167,富邦-高雄,2024-11-01,9659
00919,群益台灣精選高息,160,9,151,富邦-高雄,2024-11-01,9659
00937B,群益ESG投等債20,139,16,123,富邦-高雄,2024-11-01,9659
00929,復華台灣科技優息,187,75,112,富邦-高雄,2024-11-01,9659
1307,三芳,199,89,110,富邦-高雄,2024-11-01,9659
0056,元大高股息,115,17,98,富邦-高雄,2024-11-01,9659
00679B,元大美債20年,108,29,79,富邦-高雄,2024-11-01,9659
2303,聯電,232,160,72,富邦-高雄,2024-11-01,9659
5871,中租-KY,73,2,71,富邦-高雄,2024-11-01,9659
00945B,凱基美國非投等債,77,10,67,富邦-高雄,2024-11-01,9659
00712,復華富時不動產,64,0,64,富邦-高雄,2024-11-01,9659
2317,鴻海,94,37,57,富邦-高雄,2024-11-01,9659
4919,新唐,60,9,51,富邦-高雄,2024-11-01,9659
00877,復華中國5G,51,0,51,富邦-高雄,2024-11-01,9659
2801,彰銀,50,0,50,富邦-高雄,2024-11-01,9659
3025,星通,42,0,42,富邦-高雄,2024-11-01,9659
00725B,國泰投資級公司債,41,0,41,富邦-高雄,2024-11-01,9659
2637,慧洋-KY,40,0,40,富邦-高雄,2024-11-01,9659
00669R,國泰美國道瓊反1,45,5,40,富邦-高雄,2024-11-01,9659
2912,統一超,37,0,37,富邦-高雄,2024-11-01,9659
6757,台灣虎航,37,0,37,富邦-高雄,2024-11-01,9659
00949,復華日本龍頭,37,2,35,富邦-高雄,2024-11-01,9659
2881,富邦金,37,3,34,富邦-高雄,2024-11-01,9659
6505,台塑化,34,1,33,富邦-高雄,2024-11-01,9659
2504,國產,40,7,33,富邦-高雄,2024-11-01,9659
6207,雷科,34,1,33,富邦-高雄,2024-11-01,9659
2337,旺宏,31,2,29,富邦-高雄,2024-11-01,9659
006208,富邦台50,34,5,29,富邦-高雄,2024-11-01,9659
2886,兆豐金,39,10,29,富邦-高雄,2024-11-01,9659
00887,永豐中國科技50大,39,11,28,富邦-高雄,2024-11-01,9659
00940,元大台灣價值高息,31,3,28,富邦-高雄,2024-11-01,9659
2884,玉山金,27,0,27,富邦-高雄,2024-11-01,9659
00955,中信日本商社,26,0,26,富邦-高雄,2024-11-01,9659
00881,國泰台灣5G+,31,6,25,富邦-高雄,2024-11-01,9659
00830,國泰費城半導體,25,0,25,富邦-高雄,2024-11-01,9659
2354,鴻準,220,196,24,富邦-高雄,2024-11-01,9659
2392,正崴,24,0,24,富邦-高雄,2024-11-01,9659
00922,國泰台灣領袖50,24,0,24,富邦-高雄,2024-11-01,9659
3011,今皓,25,2,23,富邦-高雄,2024-11-01,9659
2330,台積電,32,9,23,富邦-高雄,2024-11-01,9659
00905,FT臺灣Smart,22,0,22,富邦-高雄,2024-11-01,9659
00915,凱基優選高股息30,22,0,22,富邦-高雄,2024-11-01,9659
00907,永豐優息存股,20,0,20,富邦-高雄,2024-11-01,9659
6187,萬潤,22,3,19,富邦-高雄,2024-11-01,9659
2308,台達電,23,5,18,富邦-高雄,2024-11-01,9659
00939,統一台灣高息動能,19,1,18,富邦-高雄,2024-11-01,9659
00720B,元大投資級公司債,22,5,17,富邦-高雄,2024-11-01,9659
2301,光寶科,19,2,17,富邦-高雄,2024-11-01,9659
00937B,群益ESG投等債20,417,1,416,富邦-高雄,2024-11-04,9659
00679B,元大美債20年,387,51,336,富邦-高雄,2024-11-04,9659
00882,中信中國高股息,333,0,333,富邦-高雄,2024-11-04,9659
00688L,國泰20年美債正2,295,0,295,富邦-高雄,2024-11-04,9659
00878,國泰永續高股息,229,23,206,富邦-高雄,2024-11-04,9659
00712,復華富時不動產,195,17,178,富邦-高雄,2024-11-04,9659
2353,宏��,152,1,151,富邦-高雄,2024-11-04,9659
00945B,凱基美國非投等債,136,0,136,富邦-高雄,2024-11-04,9659
00919,群益台灣精選高息,151,20,131,富邦-高雄,2024-11-04,9659
00943,兆豐電子高息等權,130,0,130,富邦-高雄,2024-11-04,9659
00706L,期元大S＆P日圓正2,120,0,120,富邦-高雄,2024-11-04,9659
2303,聯電,115,11,104,富邦-高雄,2024-11-04,9659
2399,映泰,111,19,92,富邦-高雄,2024-11-04,9659
00932,兆豐永續高息等權,75,3,72,富邦-高雄,2024-11-04,9659
00948B,中信優息投資級債,70,0,70,富邦-高雄,2024-11-04,9659
00687B,國泰20年美債,73,5,68,富邦-高雄,2024-11-04,9659
2486,一詮,93,32,61,富邦-高雄,2024-11-04,9659
0056,元大高股息,66,7,59,富邦-高雄,2024-11-04,9659
3481,群創,68,12,56,富邦-高雄,2024-11-04,9659
00715L,期街口布蘭特正2,83,33,50,富邦-高雄,2024-11-04,9659
6133,金橋,94,46,48,富邦-高雄,2024-11-04,9659
00713,元大台灣高息低波,45,6,39,富邦-高雄,2024-11-04,9659
2646,星宇航空,46,8,38,富邦-高雄,2024-11-04,9659
2889,國票金,32,0,32,富邦-高雄,2024-11-04,9659
2337,旺宏,34,2,32,富邦-高雄,2024-11-04,9659
00895,富邦未來車,31,1,30,富邦-高雄,2024-11-04,9659
2615,萬海,249,219,30,富邦-高雄,2024-11-04,9659
1325,恆大,30,0,30,富邦-高雄,2024-11-04,9659
2867,三商壽,30,0,30,富邦-高雄,2024-11-04,9659
6207,雷科,30,0,30,富邦-高雄,2024-11-04,9659
2015,豐興,30,0,30,富邦-高雄,2024-11-04,9659
1806,冠軍,30,0,30,富邦-高雄,2024-11-04,9659
9938,百和,30,0,30,富邦-高雄,2024-11-04,9659
00637L,元大滬深300正2,58,30,28,富邦-高雄,2024-11-04,9659
00751B,元大AAA至A公司債,28,0,28,富邦-高雄,2024-11-04,9659
6156,松上,28,1,27,富邦-高雄,2024-11-04,9659
1436,華友聯,27,1,26,富邦-高雄,2024-11-04,9659
2609,陽明,93,69,24,富邦-高雄,2024-11-04,9659
00922,國泰台灣領袖50,28,6,22,富邦-高雄,2024-11-04,9659
6715,嘉基,21,0,21,富邦-高雄,2024-11-04,9659
6214,精誠,22,1,21,富邦-高雄,2024-11-04,9659
00772B,中信高評級公司債,20,0,20,富邦-高雄,2024-11-04,9659
5871,中租-KY,22,2,20,富邦-高雄,2024-11-04,9659
3704,合勤控,21,1,20,富邦-高雄,2024-11-04,9659
2409,友達,22,3,19,富邦-高雄,2024-11-04,9659
2344,華邦電,29,10,19,富邦-高雄,2024-11-04,9659
6770,力積電,20,2,18,富邦-高雄,2024-11-04,9659
3149,正達,20,2,18,富邦-高雄,2024-11-04,9659
00933B,國泰10Y+金融債,18,0,18,富邦-高雄,2024-11-04,9659
3711,日月光投控,19,2,17,富邦-高雄,2024-11-04,9659
00632R,元大台灣50反1,1113,50,1063,富邦-高雄,2024-11-05,9659
00882,中信中國高股息,264,22,242,富邦-高雄,2024-11-05,9659
2303,聯電,193,18,175,富邦-高雄,2024-11-05,9659
6288,聯嘉,155,0,155,富邦-高雄,2024-11-05,9659
00919,群益台灣精選高息,144,3,141,富邦-高雄,2024-11-05,9659
00937B,群益ESG投等債20,155,14,141,富邦-高雄,2024-11-05,9659
00639,富邦深100,79,2,77,富邦-高雄,2024-11-05,9659
00932,兆豐永續高息等權,52,0,52,富邦-高雄,2024-11-05,9659
0061,元大寶滬深,50,0,50,富邦-高雄,2024-11-05,9659
00680L,元大美債20正2,55,10,45,富邦-高雄,2024-11-05,9659
00943,兆豐電子高息等權,42,0,42,富邦-高雄,2024-11-05,9659
3481,群創,103,62,41,富邦-高雄,2024-11-05,9659
6156,松上,40,0,40,富邦-高雄,2024-11-05,9659
3498,陽程,40,2,38,富邦-高雄,2024-11-05,9659
00878,國泰永續高股息,132,94,38,富邦-高雄,2024-11-05,9659
0056,元大高股息,38,0,38,富邦-高雄,2024-11-05,9659
3049,精金,83,49,34,富邦-高雄,2024-11-05,9659
00887,永豐中國科技50大,53,22,31,富邦-高雄,2024-11-05,9659
6757,台灣虎航,43,12,31,富邦-高雄,2024-11-05,9659
4938,和碩,32,1,31,富邦-高雄,2024-11-05,9659
00933B,國泰10Y+金融債,33,2,31,富邦-高雄,2024-11-05,9659
6005,群益證,24,0,24,富邦-高雄,2024-11-05,9659
2344,華邦電,29,6,23,富邦-高雄,2024-11-05,9659
3013,晟銘電,72,49,23,富邦-高雄,2024-11-05,9659
00753L,中信中國50正2,85,63,22,富邦-高雄,2024-11-05,9659
00795B,中信美國公債20年,24,2,22,富邦-高雄,2024-11-05,9659
3714,富采,22,2,20,富邦-高雄,2024-11-05,9659
5534,長虹,20,0,20,富邦-高雄,2024-11-05,9659
2486,一詮,34,15,19,富邦-高雄,2024-11-05,9659
3711,日月光投控,19,0,19,富邦-高雄,2024-11-05,9659
2889,國票金,18,0,18,富邦-高雄,2024-11-05,9659
3019,亞光,24,6,18,富邦-高雄,2024-11-05,9659
1605,華新,17,0,17,富邦-高雄,2024-11-05,9659
2369,菱生,24,7,17,富邦-高雄,2024-11-05,9659
00946,群益科技高息成長,17,0,17,富邦-高雄,2024-11-05,9659
2354,鴻準,245,228,17,富邦-高雄,2024-11-05,9659
00713,元大台灣高息低波,16,0,16,富邦-高雄,2024-11-05,9659
2888,新光金,27,11,16,富邦-高雄,2024-11-05,9659
00930,永豐ESG低碳高息,15,0,15,富邦-高雄,2024-11-05,9659
2449,京元電子,21,6,15,富邦-高雄,2024-11-05,9659
3518,柏騰,15,0,15,富邦-高雄,2024-11-05,9659
4977,眾達-KY,20,5,15,富邦-高雄,2024-11-05,9659
2330,台積電,29,14,15,富邦-高雄,2024-11-05,9659
4903,聯光通,114,100,14,富邦-高雄,2024-11-05,9659
00961,FT臺灣永續高息,14,0,14,富邦-高雄,2024-11-05,9659
1436,華友聯,19,5,14,富邦-高雄,2024-11-05,9659
6274,台燿,13,1,12,富邦-高雄,2024-11-05,9659
2317,鴻海,58,46,12,富邦-高雄,2024-11-05,9659
2408,南亞科,13,1,12,富邦-高雄,2024-11-05,9659
4909,新復興,18,6,12,富邦-高雄,2024-11-05,9659
00632R,元大台灣50反1,519,134,385,富邦-高雄,2024-11-06,9659
00679B,元大美債20年,1003,672,331,富邦-高雄,2024-11-06,9659
00878,國泰永續高股息,201,16,185,富邦-高雄,2024-11-06,9659
00687B,國泰20年美債,255,72,183,富邦-高雄,2024-11-06,9659
00680L,元大美債20正2,201,44,157,富邦-高雄,2024-11-06,9659
00882,中信中國高股息,150,11,139,富邦-高雄,2024-11-06,9659
00715L,期街口布蘭特正2,200,89,111,富邦-高雄,2024-11-06,9659
00937B,群益ESG投等債20,164,53,111,富邦-高雄,2024-11-06,9659
00943,兆豐電子高息等權,100,0,100,富邦-高雄,2024-11-06,9659
8047,星雲,120,32,88,富邦-高雄,2024-11-06,9659
3450,聯鈞,188,102,86,富邦-高雄,2024-11-06,9659
00918,大華優利高填息30,68,0,68,富邦-高雄,2024-11-06,9659
2431,聯昌,109,44,65,富邦-高雄,2024-11-06,9659
00673R,期元大S＆P原油反1,62,0,62,富邦-高雄,2024-11-06,9659
00887,永豐中國科技50大,63,2,61,富邦-高雄,2024-11-06,9659
00713,元大台灣高息低波,62,2,60,富邦-高雄,2024-11-06,9659
4306,炎洲,50,0,50,富邦-高雄,2024-11-06,9659
2328,廣宇,56,8,48,富邦-高雄,2024-11-06,9659
2382,廣達,56,10,46,富邦-高雄,2024-11-06,9659
4807,日成-KY,55,19,36,富邦-高雄,2024-11-06,9659
00932,兆豐永續高息等權,35,0,35,富邦-高雄,2024-11-06,9659
2303,聯電,118,83,35,富邦-高雄,2024-11-06,9659
4562,穎漢,96,62,34,富邦-高雄,2024-11-06,9659
5202,力新,34,0,34,富邦-高雄,2024-11-06,9659
00929,復華台灣科技優息,113,82,31,富邦-高雄,2024-11-06,9659
2618,長榮航,35,4,31,富邦-高雄,2024-11-06,9659
00751B,元大AAA至A公司債,59,29,30,富邦-高雄,2024-11-06,9659
2615,萬海,183,154,29,富邦-高雄,2024-11-06,9659
4916,事欣科,32,3,29,富邦-高雄,2024-11-06,9659
00761B,國泰A級公司債,27,0,27,富邦-高雄,2024-11-06,9659
00942B,台新美A公司債20+,26,0,26,富邦-高雄,2024-11-06,9659
00795B,中信美國公債20年,25,0,25,富邦-高雄,2024-11-06,9659
1301,台塑,30,7,23,富邦-高雄,2024-11-06,9659
4919,新唐,26,4,22,富邦-高雄,2024-11-06,9659
1216,統一,22,0,22,富邦-高雄,2024-11-06,9659
5347,世界,31,10,21,富邦-高雄,2024-11-06,9659
2883,凱基金,31,10,21,富邦-高雄,2024-11-06,9659
6227,茂綸,22,1,21,富邦-高雄,2024-11-06,9659
2363,矽統,22,2,20,富邦-高雄,2024-11-06,9659
3086,華義,20,0,20,富邦-高雄,2024-11-06,9659
00688L,國泰20年美債正2,20,0,20,富邦-高雄,2024-11-06,9659
2892,第一金,19,0,19,富邦-高雄,2024-11-06,9659
2498,宏達電,21,2,19,富邦-高雄,2024-11-06,9659
3673,TPK-KY,20,1,19,富邦-高雄,2024-11-06,9659
00930,永豐ESG低碳高息,19,0,19,富邦-高雄,2024-11-06,9659
5230,雷笛克光學,20,1,19,富邦-高雄,2024-11-06,9659
00915,凱基優選高股息30,27,8,19,富邦-高雄,2024-11-06,9659
4904,遠傳,18,0,18,富邦-高雄,2024-11-06,9659
6216,居易,31,13,18,富邦-高雄,2024-11-06,9659
1569,濱川,25,8,17,富邦-高雄,2024-11-06,9659
00878,國泰永續高股息,398,37,361,富邦-高雄,2024-11-07,9659
00918,大華優利高填息30,170,16,154,富邦-高雄,2024-11-07,9659
00761B,國泰A級公司債,108,0,108,富邦-高雄,2024-11-07,9659
2332,友訊,158,55,103,富邦-高雄,2024-11-07,9659
00680L,元大美債20正2,142,64,78,富邦-高雄,2024-11-07,9659
1569,濱川,102,31,71,富邦-高雄,2024-11-07,9659
2382,廣達,85,28,57,富邦-高雄,2024-11-07,9659
4562,穎漢,124,71,53,富邦-高雄,2024-11-07,9659
2855,統一證,52,0,52,富邦-高雄,2024-11-07,9659
9906,欣巴巴,50,0,50,富邦-高雄,2024-11-07,9659
6190,萬泰科,60,11,49,富邦-高雄,2024-11-07,9659
2312,金寶,161,119,42,富邦-高雄,2024-11-07,9659
00933B,國泰10Y+金融債,52,14,38,富邦-高雄,2024-11-07,9659
8261,富鼎,40,3,37,富邦-高雄,2024-11-07,9659
00632R,元大台灣50反1,477,441,36,富邦-高雄,2024-11-07,9659
2027,大成鋼,78,42,36,富邦-高雄,2024-11-07,9659
2330,台積電,65,31,34,富邦-高雄,2024-11-07,9659
00959B,大華投等美債15Y+,30,0,30,富邦-高雄,2024-11-07,9659
2303,聯電,167,139,28,富邦-高雄,2024-11-07,9659
2892,第一金,27,0,27,富邦-高雄,2024-11-07,9659
3583,辛耘,23,1,22,富邦-高雄,2024-11-07,9659
2851,中再保,22,0,22,富邦-高雄,2024-11-07,9659
5309,系統電,22,1,21,富邦-高雄,2024-11-07,9659
00692,富邦公司治理,25,4,21,富邦-高雄,2024-11-07,9659
6284,佳邦,21,0,21,富邦-高雄,2024-11-07,9659
2464,盟立,22,1,21,富邦-高雄,2024-11-07,9659
3338,泰碩,20,0,20,富邦-高雄,2024-11-07,9659
1326,台化,20,0,20,富邦-高雄,2024-11-07,9659
2455,全新,22,2,20,富邦-高雄,2024-11-07,9659
00919,群益台灣精選高息,39,19,20,富邦-高雄,2024-11-07,9659
8070,長華*,23,4,19,富邦-高雄,2024-11-07,9659
2486,一詮,37,18,19,富邦-高雄,2024-11-07,9659
2633,台灣高鐵,19,0,19,富邦-高雄,2024-11-07,9659
3230,錦明,21,2,19,富邦-高雄,2024-11-07,9659
1301,台塑,27,8,19,富邦-高雄,2024-11-07,9659
3706,神達,47,28,19,富邦-高雄,2024-11-07,9659
2449,京元電子,40,22,18,富邦-高雄,2024-11-07,9659
2603,長榮,30,13,17,富邦-高雄,2024-11-07,9659
3047,訊舟,29,12,17,富邦-高雄,2024-11-07,9659
00713,元大台灣高息低波,48,31,17,富邦-高雄,2024-11-07,9659
4503,金雨,21,5,16,富邦-高雄,2024-11-07,9659
4933,友輝,15,0,15,富邦-高雄,2024-11-07,9659
2314,台揚,20,5,15,富邦-高雄,2024-11-07,9659
2887,台新金,20,5,15,富邦-高雄,2024-11-07,9659
1307,三芳,34,19,15,富邦-高雄,2024-11-07,9659
5251,天鉞電,15,1,14,富邦-高雄,2024-11-07,9659
2365,昆盈,21,7,14,富邦-高雄,2024-11-07,9659
2465,麗臺,14,1,13,富邦-高雄,2024-11-07,9659
1597,直得,14,1,13,富邦-高雄,2024-11-07,9659
2646,星宇航空,19,6,13,富邦-高雄,2024-11-07,9659
00919,群益台灣精選高息,1813,23,1790,富邦-高雄,2024-11-08,9659
00878,國泰永續高股息,270,24,246,富邦-高雄,2024-11-08,9659
00637L,元大滬深300正2,640,478,162,富邦-高雄,2024-11-08,9659
00673R,期元大S＆P原油反1,162,0,162,富邦-高雄,2024-11-08,9659
2376,技嘉,136,10,126,富邦-高雄,2024-11-08,9659
00887,永豐中國科技50大,138,17,121,富邦-高雄,2024-11-08,9659
4167,松瑞藥,112,1,111,富邦-高雄,2024-11-08,9659
00948B,中信優息投資級債,124,33,91,富邦-高雄,2024-11-08,9659
8039,台虹,61,0,61,富邦-高雄,2024-11-08,9659
00959B,大華投等美債15Y+,51,0,51,富邦-高雄,2024-11-08,9659
2486,一詮,73,23,50,富邦-高雄,2024-11-08,9659
6672,騰輝電子-KY,50,0,50,富邦-高雄,2024-11-08,9659
2388,威盛,58,10,48,富邦-高雄,2024-11-08,9659
6505,台塑化,49,4,45,富邦-高雄,2024-11-08,9659
2409,友達,41,1,40,富邦-高雄,2024-11-08,9659
2027,大成鋼,46,8,38,富邦-高雄,2024-11-08,9659
1326,台化,36,0,36,富邦-高雄,2024-11-08,9659
00943,兆豐電子高息等權,34,0,34,富邦-高雄,2024-11-08,9659
3363,上詮,35,2,33,富邦-高雄,2024-11-08,9659
2489,瑞軒,38,5,33,富邦-高雄,2024-11-08,9659
3062,建漢,75,42,33,富邦-高雄,2024-11-08,9659
2646,星宇航空,32,0,32,富邦-高雄,2024-11-08,9659
00713,元大台灣高息低波,37,6,31,富邦-高雄,2024-11-08,9659
3013,晟銘電,65,38,27,富邦-高雄,2024-11-08,9659
2353,宏��,28,2,26,富邦-高雄,2024-11-08,9659
2412,中華電,25,1,24,富邦-高雄,2024-11-08,9659
00930,永豐ESG低碳高息,23,0,23,富邦-高雄,2024-11-08,9659
2834,臺企銀,22,0,22,富邦-高雄,2024-11-08,9659
2888,新光金,22,0,22,富邦-高雄,2024-11-08,9659
1786,科妍,21,0,21,富邦-高雄,2024-11-08,9659
3481,群創,28,7,21,富邦-高雄,2024-11-08,9659
6609,瀧澤科,23,3,20,富邦-高雄,2024-11-08,9659
5315,光聯,21,1,20,富邦-高雄,2024-11-08,9659
8070,長華*,28,8,20,富邦-高雄,2024-11-08,9659
00932,兆豐永續高息等權,18,0,18,富邦-高雄,2024-11-08,9659
00632R,元大台灣50反1,238,221,17,富邦-高雄,2024-11-08,9659
2329,華泰,17,0,17,富邦-高雄,2024-11-08,9659
1522,堤維西,23,6,17,富邦-高雄,2024-11-08,9659
2524,京城,16,0,16,富邦-高雄,2024-11-08,9659
5202,力新,17,1,16,富邦-高雄,2024-11-08,9659
6190,萬泰科,16,0,16,富邦-高雄,2024-11-08,9659
2405,輔信,68,52,16,富邦-高雄,2024-11-08,9659
2363,矽統,18,3,15,富邦-高雄,2024-11-08,9659
2313,華通,23,8,15,富邦-高雄,2024-11-08,9659
8097,常珵,15,0,15,富邦-高雄,2024-11-08,9659
00634R,富邦上証反1,15,0,15,富邦-高雄,2024-11-08,9659
1532,勤美,15,0,15,富邦-高雄,2024-11-08,9659
3290,東浦,17,2,15,富邦-高雄,2024-11-08,9659
00655L,國泰中國A50正2,15,0,15,富邦-高雄,2024-11-08,9659
2354,鴻準,262,247,15,富邦-高雄,2024-11-08,9659
00878,國泰永續高股息,335,5,330,富邦-高雄,2024-11-11,9659
00959B,大華投等美債15Y+,276,10,266,富邦-高雄,2024-11-11,9659
5202,力新,118,0,118,富邦-高雄,2024-11-11,9659
2489,瑞軒,127,13,114,富邦-高雄,2024-11-11,9659
5871,中租-KY,114,10,104,富邦-高雄,2024-11-11,9659
9105,泰金寶-DR,103,5,98,富邦-高雄,2024-11-11,9659
2603,長榮,102,10,92,富邦-高雄,2024-11-11,9659
3231,緯創,117,35,82,富邦-高雄,2024-11-11,9659
2834,臺企銀,68,0,68,富邦-高雄,2024-11-11,9659
3303,岱稜,80,26,54,富邦-高雄,2024-11-11,9659
2882,國泰金,53,3,50,富邦-高雄,2024-11-11,9659
00673R,期元大S＆P原油反1,52,2,50,富邦-高雄,2024-11-11,9659
0056,元大高股息,50,1,49,富邦-高雄,2024-11-11,9659
2353,宏��,46,2,44,富邦-高雄,2024-11-11,9659
00915,凱基優選高股息30,35,0,35,富邦-高雄,2024-11-11,9659
2609,陽明,77,43,34,富邦-高雄,2024-11-11,9659
4510,高鋒,43,9,34,富邦-高雄,2024-11-11,9659
2029,盛餘,34,0,34,富邦-高雄,2024-11-11,9659
00637L,元大滬深300正2,195,162,33,富邦-高雄,2024-11-11,9659
2495,普安,39,7,32,富邦-高雄,2024-11-11,9659
8039,台虹,33,2,31,富邦-高雄,2024-11-11,9659
2493,揚博,30,0,30,富邦-高雄,2024-11-11,9659
2409,友達,31,1,30,富邦-高雄,2024-11-11,9659
2892,第一金,30,1,29,富邦-高雄,2024-11-11,9659
006208,富邦台50,42,12,30,富邦-高雄,2024-11-11,9659
00919,群益台灣精選高息,45,16,29,富邦-高雄,2024-11-11,9659
2399,映泰,52,23,29,富邦-高雄,2024-11-11,9659
2545,皇翔,30,1,29,富邦-高雄,2024-11-11,9659
1605,華新,35,9,26,富邦-高雄,2024-11-11,9659
6706,惠特,42,17,25,富邦-高雄,2024-11-11,9659
4916,事欣科,26,1,25,富邦-高雄,2024-11-11,9659
2330,台積電,37,12,25,富邦-高雄,2024-11-11,9659
00932,兆豐永續高息等權,45,20,25,富邦-高雄,2024-11-11,9659
2506,太設,35,11,24,富邦-高雄,2024-11-11,9659
00713,元大台灣高息低波,42,18,24,富邦-高雄,2024-11-11,9659
00882,中信中國高股息,142,120,22,富邦-高雄,2024-11-11,9659
2888,新光金,22,0,22,富邦-高雄,2024-11-11,9659
00905,FT臺灣Smart,24,3,21,富邦-高雄,2024-11-11,9659
6207,雷科,21,0,21,富邦-高雄,2024-11-11,9659
1785,光洋科,34,13,21,富邦-高雄,2024-11-11,9659
8096,擎亞,42,22,20,富邦-高雄,2024-11-11,9659
00942B,台新美A公司債20+,20,0,20,富邦-高雄,2024-11-11,9659
00633L,富邦上証正2,20,0,20,富邦-高雄,2024-11-11,9659
00751B,元大AAA至A公司債,20,0,20,富邦-高雄,2024-11-11,9659
2444,兆勁,51,32,19,富邦-高雄,2024-11-11,9659
00646,元大S＆P500,21,4,17,富邦-高雄,2024-11-11,9659
8249,菱光,51,34,17,富邦-高雄,2024-11-11,9659
2520,冠德,19,2,17,富邦-高雄,2024-11-11,9659
2615,萬海,85,68,17,富邦-高雄,2024-11-11,9659
00675L,富邦臺灣加權正2,18,1,17,富邦-高雄,2024-11-11,9659
00878,國泰永續高股息,635,72,563,富邦-高雄,2024-11-12,9659
00715L,期街口布蘭特正2,325,30,295,富邦-高雄,2024-11-12,9659
00945B,凱基美國非投等債,282,0,282,富邦-高雄,2024-11-12,9659
2002,中鋼,277,1,276,富邦-高雄,2024-11-12,9659
3481,群創,144,3,141,富邦-高雄,2024-11-12,9659
00753L,中信中國50正2,163,30,133,富邦-高雄,2024-11-12,9659
00919,群益台灣精選高息,148,23,125,富邦-高雄,2024-11-12,9659
5202,力新,122,0,122,富邦-高雄,2024-11-12,9659
0056,元大高股息,152,31,121,富邦-高雄,2024-11-12,9659
00929,復華台灣科技優息,133,43,90,富邦-高雄,2024-11-12,9659
2882,國泰金,102,25,77,富邦-高雄,2024-11-12,9659
4571,鈞興-KY,79,2,77,富邦-高雄,2024-11-12,9659
00915,凱基優選高股息30,76,0,76,富邦-高雄,2024-11-12,9659
2603,長榮,93,20,73,富邦-高雄,2024-11-12,9659
5871,中租-KY,72,1,71,富邦-高雄,2024-11-12,9659
2330,台積電,69,5,64,富邦-高雄,2024-11-12,9659
8039,台虹,57,0,57,富邦-高雄,2024-11-12,9659
2382,廣達,64,7,57,富邦-高雄,2024-11-12,9659
4931,新盛力,98,43,55,富邦-高雄,2024-11-12,9659
006208,富邦台50,54,1,53,富邦-高雄,2024-11-12,9659
2891,中信金,72,19,53,富邦-高雄,2024-11-12,9659
00882,中信中國高股息,158,111,47,富邦-高雄,2024-11-12,9659
00905,FT臺灣Smart,47,0,47,富邦-高雄,2024-11-12,9659
00713,元大台灣高息低波,59,13,46,富邦-高雄,2024-11-12,9659
00922,國泰台灣領袖50,51,6,45,富邦-高雄,2024-11-12,9659
2356,英業達,210,166,44,富邦-高雄,2024-11-12,9659
4113,聯上,44,0,44,富邦-高雄,2024-11-12,9659
00795B,中信美國公債20年,50,6,44,富邦-高雄,2024-11-12,9659
00932,兆豐永續高息等權,44,1,43,富邦-高雄,2024-11-12,9659
2317,鴻海,62,20,42,富邦-高雄,2024-11-12,9659
00887,永豐中國科技50大,46,5,41,富邦-高雄,2024-11-12,9659
00881,國泰台灣5G+,42,2,40,富邦-高雄,2024-11-12,9659
00943,兆豐電子高息等權,39,0,39,富邦-高雄,2024-11-12,9659
00934,中信成長高股息,36,0,36,富邦-高雄,2024-11-12,9659
00650L,復華香港正2,45,10,35,富邦-高雄,2024-11-12,9659
2834,臺企銀,66,33,33,富邦-高雄,2024-11-12,9659
2892,第一金,36,5,31,富邦-高雄,2024-11-12,9659
2344,華邦電,33,2,31,富邦-高雄,2024-11-12,9659
6257,矽格,31,0,31,富邦-高雄,2024-11-12,9659
3450,聯鈞,83,53,30,富邦-高雄,2024-11-12,9659
2029,盛餘,30,0,30,富邦-高雄,2024-11-12,9659
2615,萬海,206,178,28,富邦-高雄,2024-11-12,9659
8028,昇陽半導體,47,19,28,富邦-高雄,2024-11-12,9659
006205,富邦上証,28,0,28,富邦-高雄,2024-11-12,9659
2884,玉山金,35,9,26,富邦-高雄,2024-11-12,9659
2633,台灣高鐵,26,0,26,富邦-高雄,2024-11-12,9659
1605,華新,25,0,25,富邦-高雄,2024-11-12,9659
00930,永豐ESG低碳高息,25,0,25,富邦-高雄,2024-11-12,9659
6505,台塑化,24,0,24,富邦-高雄,2024-11-12,9659
2303,聯電,71,47,24,富邦-高雄,2024-11-12,9659
00878,國泰永續高股息,331,40,291,富邦-高雄,2024-11-13,9659
00679B,元大美債20年,241,3,238,富邦-高雄,2024-11-13,9659
5014,建錩,226,7,219,富邦-高雄,2024-11-13,9659
00882,中信中國高股息,258,42,216,富邦-高雄,2024-11-13,9659
00937B,群益ESG投等債20,183,10,173,富邦-高雄,2024-11-13,9659
2883,凱基金,125,17,108,富邦-高雄,2024-11-13,9659
00933B,國泰10Y+金融債,111,3,108,富邦-高雄,2024-11-13,9659
4931,新盛力,107,28,79,富邦-高雄,2024-11-13,9659
2882,國泰金,92,17,75,富邦-高雄,2024-11-13,9659
00720B,元大投資級公司債,69,0,69,富邦-高雄,2024-11-13,9659
00680L,元大美債20正2,66,0,66,富邦-高雄,2024-11-13,9659
00915,凱基優選高股息30,59,0,59,富邦-高雄,2024-11-13,9659
2801,彰銀,59,0,59,富邦-高雄,2024-11-13,9659
2891,中信金,65,9,56,富邦-高雄,2024-11-13,9659
00932,兆豐永續高息等權,48,0,48,富邦-高雄,2024-11-13,9659
1314,中石化,49,3,46,富邦-高雄,2024-11-13,9659
5871,中租-KY,58,15,43,富邦-高雄,2024-11-13,9659
4113,聯上,43,0,43,富邦-高雄,2024-11-13,9659
8039,台虹,42,0,42,富邦-高雄,2024-11-13,9659
9105,泰金寶-DR,111,70,41,富邦-高雄,2024-11-13,9659
00909,國泰數位支付服務,40,0,40,富邦-高雄,2024-11-13,9659
3617,碩天,39,2,37,富邦-高雄,2024-11-13,9659
0056,元大高股息,56,21,35,富邦-高雄,2024-11-13,9659
00687B,國泰20年美債,53,18,35,富邦-高雄,2024-11-13,9659
00753L,中信中國50正2,219,184,35,富邦-高雄,2024-11-13,9659
00715L,期街口布蘭特正2,33,0,33,富邦-高雄,2024-11-13,9659
1605,華新,34,2,32,富邦-高雄,2024-11-13,9659
1308,亞聚,31,0,31,富邦-高雄,2024-11-13,9659
2330,台積電,35,5,30,富邦-高雄,2024-11-13,9659
6757,台灣虎航,39,9,30,富邦-高雄,2024-11-13,9659
2881,富邦金,31,1,30,富邦-高雄,2024-11-13,9659
3062,建漢,94,65,29,富邦-高雄,2024-11-13,9659
3481,群創,29,3,26,富邦-高雄,2024-11-13,9659
1513,中興電,24,0,24,富邦-高雄,2024-11-13,9659
1524,耿鼎,49,25,24,富邦-高雄,2024-11-13,9659
2834,臺企銀,50,27,23,富邦-高雄,2024-11-13,9659
2603,長榮,52,30,22,富邦-高雄,2024-11-13,9659
00930,永豐ESG低碳高息,21,0,21,富邦-高雄,2024-11-13,9659
2890,永豐金,22,1,21,富邦-高雄,2024-11-13,9659
2915,潤泰全,30,9,21,富邦-高雄,2024-11-13,9659
00713,元大台灣高息低波,23,3,20,富邦-高雄,2024-11-13,9659
00949,復華日本龍頭,20,0,20,富邦-高雄,2024-11-13,9659
4109,加捷生醫,20,0,20,富邦-高雄,2024-11-13,9659
00637L,元大滬深300正2,22,2,20,富邦-高雄,2024-11-13,9659
2317,鴻海,36,17,19,富邦-高雄,2024-11-13,9659
3017,奇鋐,20,2,18,富邦-高雄,2024-11-13,9659
2431,聯昌,18,0,18,富邦-高雄,2024-11-13,9659
8028,昇陽半導體,44,26,18,富邦-高雄,2024-11-13,9659
00922,國泰台灣領袖50,17,0,17,富邦-高雄,2024-11-13,9659
3227,原相,17,0,17,富邦-高雄,2024-11-13,9659
00878,國泰永續高股息,771,7,764,富邦-高雄,2024-11-14,9659
00679B,元大美債20年,473,10,463,富邦-高雄,2024-11-14,9659
00673R,期元大S＆P原油反1,250,15,235,富邦-高雄,2024-11-14,9659
00680L,元大美債20正2,254,21,233,富邦-高雄,2024-11-14,9659
0056,元大高股息,244,25,219,富邦-高雄,2024-11-14,9659
2303,聯電,238,28,210,富邦-高雄,2024-11-14,9659
00929,復華台灣科技優息,195,38,157,富邦-高雄,2024-11-14,9659
00637L,元大滬深300正2,190,47,143,富邦-高雄,2024-11-14,9659
00937B,群益ESG投等債20,166,24,142,富邦-高雄,2024-11-14,9659
00882,中信中國高股息,228,100,128,富邦-高雄,2024-11-14,9659
1314,中石化,126,0,126,富邦-高雄,2024-11-14,9659
2356,英業達,111,4,107,富邦-高雄,2024-11-14,9659
00918,大華優利高填息30,106,0,106,富邦-高雄,2024-11-14,9659
8039,台虹,100,4,96,富邦-高雄,2024-11-14,9659
9105,泰金寶-DR,196,106,90,富邦-高雄,2024-11-14,9659
00753L,中信中國50正2,124,42,82,富邦-高雄,2024-11-14,9659
00720B,元大投資級公司債,77,0,77,富邦-高雄,2024-11-14,9659
00915,凱基優選高股息30,70,0,70,富邦-高雄,2024-11-14,9659
3481,群創,81,22,59,富邦-高雄,2024-11-14,9659
2002,中鋼,58,2,56,富邦-高雄,2024-11-14,9659
00687B,國泰20年美債,49,3,46,富邦-高雄,2024-11-14,9659
2887,台新金,46,0,46,富邦-高雄,2024-11-14,9659
3049,精金,47,3,44,富邦-高雄,2024-11-14,9659
2892,第一金,47,3,44,富邦-高雄,2024-11-14,9659
8027,鈦昇,47,6,41,富邦-高雄,2024-11-14,9659
00665L,富邦�琤肭磪囓�2,48,8,40,富邦-高雄,2024-11-14,9659
2317,鴻海,70,33,37,富邦-高雄,2024-11-14,9659
2867,三商壽,39,2,37,富邦-高雄,2024-11-14,9659
006208,富邦台50,36,2,34,富邦-高雄,2024-11-14,9659
00932,兆豐永續高息等權,34,0,34,富邦-高雄,2024-11-14,9659
00881,國泰台灣5G+,39,5,34,富邦-高雄,2024-11-14,9659
5871,中租-KY,33,1,32,富邦-高雄,2024-11-14,9659
1709,和益,31,0,31,富邦-高雄,2024-11-14,9659
2478,大毅,30,0,30,富邦-高雄,2024-11-14,9659
2882,國泰金,41,11,30,富邦-高雄,2024-11-14,9659
00946,群益科技高息成長,28,0,28,富邦-高雄,2024-11-14,9659
2884,玉山金,27,0,27,富邦-高雄,2024-11-14,9659
1471,首利,28,2,26,富邦-高雄,2024-11-14,9659
00891,中信關鍵半導體,25,0,25,富邦-高雄,2024-11-14,9659
6005,群益證,25,0,25,富邦-高雄,2024-11-14,9659
00905,FT臺灣Smart,25,0,25,富邦-高雄,2024-11-14,9659
2337,旺宏,25,1,24,富邦-高雄,2024-11-14,9659
3149,正達,29,6,23,富邦-高雄,2024-11-14,9659
00713,元大台灣高息低波,25,3,22,富邦-高雄,2024-11-14,9659
00692,富邦公司治理,21,0,21,富邦-高雄,2024-11-14,9659
8107,大億金茂,23,2,21,富邦-高雄,2024-11-14,9659
2836,高雄銀,42,22,20,富邦-高雄,2024-11-14,9659
2409,友達,20,0,20,富邦-高雄,2024-11-14,9659
2029,盛餘,20,0,20,富邦-高雄,2024-11-14,9659
1532,勤美,20,0,20,富邦-高雄,2024-11-14,9659
00632R,元大台灣50反1,1189,433,756,富邦-高雄,2024-11-15,9659
00878,國泰永續高股息,655,2,653,富邦-高雄,2024-11-15,9659
2501,國建,196,0,196,富邦-高雄,2024-11-15,9659
2329,華泰,150,14,136,富邦-高雄,2024-11-15,9659
00679B,元大美債20年,126,12,114,富邦-高雄,2024-11-15,9659
00948B,中信優息投資級債,100,6,94,富邦-高雄,2024-11-15,9659
00918,大華優利高填息30,81,0,81,富邦-高雄,2024-11-15,9659
3576,聯合再生,75,0,75,富邦-高雄,2024-11-15,9659
2317,鴻海,139,84,55,富邦-高雄,2024-11-15,9659
00757,統一FANG+,56,7,49,富邦-高雄,2024-11-15,9659
00637L,元大滬深300正2,150,102,48,富邦-高雄,2024-11-15,9659
2618,長榮航,175,136,39,富邦-高雄,2024-11-15,9659
2409,友達,45,8,37,富邦-高雄,2024-11-15,9659
0056,元大高股息,48,11,37,富邦-高雄,2024-11-15,9659
00915,凱基優選高股息30,41,6,35,富邦-高雄,2024-11-15,9659
2354,鴻準,539,504,35,富邦-高雄,2024-11-15,9659
00919,群益台灣精選高息,59,26,33,富邦-高雄,2024-11-15,9659
6830,汎銓,31,1,30,富邦-高雄,2024-11-15,9659
5907,大洋-KY,30,0,30,富邦-高雄,2024-11-15,9659
00795B,中信美國公債20年,30,0,30,富邦-高雄,2024-11-15,9659
00891,中信關鍵半導體,29,1,28,富邦-高雄,2024-11-15,9659
2324,仁寶,40,12,28,富邦-高雄,2024-11-15,9659
2405,輔信,67,39,28,富邦-高雄,2024-11-15,9659
3706,神達,193,165,28,富邦-高雄,2024-11-15,9659
6191,精成科,25,0,25,富邦-高雄,2024-11-15,9659
00720B,元大投資級公司債,22,0,22,富邦-高雄,2024-11-15,9659
00885,富邦越南,22,0,22,富邦-高雄,2024-11-15,9659
3090,日電貿,42,20,22,富邦-高雄,2024-11-15,9659
2327,國巨,21,0,21,富邦-高雄,2024-11-15,9659
00945B,凱基美國非投等債,21,0,21,富邦-高雄,2024-11-15,9659
00713,元大台灣高息低波,23,2,21,富邦-高雄,2024-11-15,9659
5014,建錩,20,0,20,富邦-高雄,2024-11-15,9659
6505,台塑化,19,0,19,富邦-高雄,2024-11-15,9659
8107,大億金茂,20,2,18,富邦-高雄,2024-11-15,9659
00941,中信上游半導體,17,0,17,富邦-高雄,2024-11-15,9659
9105,泰金寶-DR,251,234,17,富邦-高雄,2024-11-15,9659
00895,富邦未來車,20,4,16,富邦-高雄,2024-11-15,9659
6757,台灣虎航,26,10,16,富邦-高雄,2024-11-15,9659
00937B,群益ESG投等債20,56,41,15,富邦-高雄,2024-11-15,9659
1799,易威,15,0,15,富邦-高雄,2024-11-15,9659
2408,南亞科,22,7,15,富邦-高雄,2024-11-15,9659
3673,TPK-KY,15,0,15,富邦-高雄,2024-11-15,9659
3580,友威科,48,34,14,富邦-高雄,2024-11-15,9659
2495,普安,15,1,14,富邦-高雄,2024-11-15,9659
00689R,國泰20年美債反1,14,0,14,富邦-高雄,2024-11-15,9659
2356,英業達,40,27,13,富邦-高雄,2024-11-15,9659
2615,萬海,45,31,14,富邦-高雄,2024-11-15,9659
00715L,期街口布蘭特正2,13,0,13,富邦-高雄,2024-11-15,9659
006208,富邦台50,16,3,13,富邦-高雄,2024-11-15,9659
6558,興能高,26,14,12,富邦-高雄,2024-11-15,9659
00878,國泰永續高股息,448,114,334,富邦-高雄,2024-11-18,9659
00680L,元大美債20正2,348,30,318,富邦-高雄,2024-11-18,9659
3481,群創,180,9,171,富邦-高雄,2024-11-18,9659
00715L,期街口布蘭特正2,145,20,125,富邦-高雄,2024-11-18,9659
2312,金寶,220,112,108,富邦-高雄,2024-11-18,9659
2881,富邦金,100,15,85,富邦-高雄,2024-11-18,9659
2442,新美齊,75,0,75,富邦-高雄,2024-11-18,9659
8039,台虹,69,0,69,富邦-高雄,2024-11-18,9659
2317,鴻海,88,20,68,富邦-高雄,2024-11-18,9659
00656R,國泰中國A50反1,50,0,50,富邦-高雄,2024-11-18,9659
2356,英業達,80,32,48,富邦-高雄,2024-11-18,9659
00795B,中信美國公債20年,42,0,42,富邦-高雄,2024-11-18,9659
00943,兆豐電子高息等權,42,0,42,富邦-高雄,2024-11-18,9659
00679B,元大美債20年,46,4,42,富邦-高雄,2024-11-18,9659
0056,元大高股息,85,43,42,富邦-高雄,2024-11-18,9659
00929,復華台灣科技優息,161,120,41,富邦-高雄,2024-11-18,9659
00713,元大台灣高息低波,39,0,39,富邦-高雄,2024-11-18,9659
00932,兆豐永續高息等權,38,0,38,富邦-高雄,2024-11-18,9659
006208,富邦台50,58,22,36,富邦-高雄,2024-11-18,9659
2367,燿華,37,1,36,富邦-高雄,2024-11-18,9659
5258,虹堡,35,0,35,富邦-高雄,2024-11-18,9659
2891,中信金,34,0,34,富邦-高雄,2024-11-18,9659
00915,凱基優選高股息30,36,3,33,富邦-高雄,2024-11-18,9659
00731,復華富時高息低波,33,0,33,富邦-高雄,2024-11-18,9659
00918,大華優利高填息30,95,63,32,富邦-高雄,2024-11-18,9659
5014,建錩,31,0,31,富邦-高雄,2024-11-18,9659
3706,神達,73,45,28,富邦-高雄,2024-11-18,9659
3363,上詮,27,0,27,富邦-高雄,2024-11-18,9659
2611,志信,27,0,27,富邦-高雄,2024-11-18,9659
2477,美隆電,25,0,25,富邦-高雄,2024-11-18,9659
4113,聯上,25,0,25,富邦-高雄,2024-11-18,9659
2330,台積電,29,4,25,富邦-高雄,2024-11-18,9659
00919,群益台灣精選高息,34,10,24,富邦-高雄,2024-11-18,9659
3062,建漢,30,7,23,富邦-高雄,2024-11-18,9659
3047,訊舟,27,4,23,富邦-高雄,2024-11-18,9659
3019,亞光,24,1,23,富邦-高雄,2024-11-18,9659
6257,矽格,21,0,21,富邦-高雄,2024-11-18,9659
00942B,台新美A公司債20+,20,0,20,富邦-高雄,2024-11-18,9659
0050,元大台灣50,21,3,18,富邦-高雄,2024-11-18,9659
00905,FT臺灣Smart,18,0,18,富邦-高雄,2024-11-18,9659
3704,合勤控,18,0,18,富邦-高雄,2024-11-18,9659
00733,富邦臺灣中小,17,0,17,富邦-高雄,2024-11-18,9659
00921,兆豐龍頭等權重,16,0,16,富邦-高雄,2024-11-18,9659
6757,台灣虎航,18,2,16,富邦-高雄,2024-11-18,9659
8429,金麗-KY,29,13,16,富邦-高雄,2024-11-18,9659
6505,台塑化,22,7,15,富邦-高雄,2024-11-18,9659
00639,富邦深100,15,0,15,富邦-高雄,2024-11-18,9659
2884,玉山金,15,0,15,富邦-高雄,2024-11-18,9659
8996,高力,19,5,14,富邦-高雄,2024-11-18,9659
3260,威剛,13,0,13,富邦-高雄,2024-11-18,9659
00679B,元大美債20年,511,97,414,富邦-高雄,2024-11-19,9659
4931,新盛力,221,22,199,富邦-高雄,2024-11-19,9659
00877,復華中國5G,150,0,150,富邦-高雄,2024-11-19,9659
2392,正崴,183,34,149,富邦-高雄,2024-11-19,9659
00882,中信中國高股息,132,2,130,富邦-高雄,2024-11-19,9659
00637L,元大滬深300正2,270,153,117,富邦-高雄,2024-11-19,9659
00953B,群益優選非投等債,115,1,114,富邦-高雄,2024-11-19,9659
3363,上詮,63,8,55,富邦-高雄,2024-11-19,9659
3511,矽瑪,60,6,54,富邦-高雄,2024-11-19,9659
00753L,中信中國50正2,52,0,52,富邦-高雄,2024-11-19,9659
00720B,元大投資級公司債,50,0,50,富邦-高雄,2024-11-19,9659
2431,聯昌,68,18,50,富邦-高雄,2024-11-19,9659
8039,台虹,44,0,44,富邦-高雄,2024-11-19,9659
2349,錸德,102,59,43,富邦-高雄,2024-11-19,9659
2303,聯電,48,8,40,富邦-高雄,2024-11-19,9659
5258,虹堡,36,0,36,富邦-高雄,2024-11-19,9659
2883,凱基金,43,9,34,富邦-高雄,2024-11-19,9659
0056,元大高股息,43,9,34,富邦-高雄,2024-11-19,9659
00930,永豐ESG低碳高息,32,0,32,富邦-高雄,2024-11-19,9659
1326,台化,34,2,32,富邦-高雄,2024-11-19,9659
2867,三商壽,46,14,32,富邦-高雄,2024-11-19,9659
2382,廣達,39,8,31,富邦-高雄,2024-11-19,9659
2317,鴻海,43,12,31,富邦-高雄,2024-11-19,9659
00950B,凱基A級公司債,30,0,30,富邦-高雄,2024-11-19,9659
8047,星雲,30,0,30,富邦-高雄,2024-11-19,9659
9105,泰金寶-DR,48,19,29,富邦-高雄,2024-11-19,9659
2405,輔信,55,27,28,富邦-高雄,2024-11-19,9659
00665L,富邦�琤肭磪囓�2,41,15,26,富邦-高雄,2024-11-19,9659
6757,台灣虎航,26,0,26,富邦-高雄,2024-11-19,9659
5309,系統電,40,15,25,富邦-高雄,2024-11-19,9659
2495,普安,32,7,25,富邦-高雄,2024-11-19,9659
6207,雷科,25,1,24,富邦-高雄,2024-11-19,9659
6257,矽格,26,5,21,富邦-高雄,2024-11-19,9659
00915,凱基優選高股息30,38,18,20,富邦-高雄,2024-11-19,9659
00932,兆豐永續高息等權,29,9,20,富邦-高雄,2024-11-19,9659
2344,華邦電,22,2,20,富邦-高雄,2024-11-19,9659
2884,玉山金,19,0,19,富邦-高雄,2024-11-19,9659
6151,晉倫,21,2,19,富邦-高雄,2024-11-19,9659
1440,南紡,19,0,19,富邦-高雄,2024-11-19,9659
006208,富邦台50,20,1,19,富邦-高雄,2024-11-19,9659
3231,緯創,20,2,18,富邦-高雄,2024-11-19,9659
5243,乙盛-KY,25,8,17,富邦-高雄,2024-11-19,9659
8021,尖點,17,1,16,富邦-高雄,2024-11-19,9659
5876,上海商銀,16,0,16,富邦-高雄,2024-11-19,9659
00664R,國泰臺灣加權反1,15,0,15,富邦-高雄,2024-11-19,9659
00633L,富邦上証正2,33,20,13,富邦-高雄,2024-11-19,9659
4113,聯上,12,0,12,富邦-高雄,2024-11-19,9659
2890,永豐金,13,1,12,富邦-高雄,2024-11-19,9659
3548,兆利,12,0,12,富邦-高雄,2024-11-19,9659
2408,南亞科,12,0,12,富邦-高雄,2024-11-19,9659
2354,鴻準,365,195,170,富邦-高雄,2024-11-20,9659
00945B,凱基美國非投等債,168,20,148,富邦-高雄,2024-11-20,9659
4113,聯上,105,1,104,富邦-高雄,2024-11-20,9659
8039,台虹,103,0,103,富邦-高雄,2024-11-20,9659
00878,國泰永續高股息,137,51,86,富邦-高雄,2024-11-20,9659
2887,台新金,70,5,65,富邦-高雄,2024-11-20,9659
2349,錸德,138,80,58,富邦-高雄,2024-11-20,9659
2603,長榮,86,35,51,富邦-高雄,2024-11-20,9659
00953B,群益優選非投等債,49,0,49,富邦-高雄,2024-11-20,9659
006208,富邦台50,48,1,47,富邦-高雄,2024-11-20,9659
3450,聯鈞,139,95,44,富邦-高雄,2024-11-20,9659
0056,元大高股息,49,8,41,富邦-高雄,2024-11-20,9659
2303,聯電,45,12,33,富邦-高雄,2024-11-20,9659
2329,華泰,36,4,32,富邦-高雄,2024-11-20,9659
2356,英業達,49,19,30,富邦-高雄,2024-11-20,9659
2312,金寶,48,18,30,富邦-高雄,2024-11-20,9659
00927,群益半導體收益,29,1,28,富邦-高雄,2024-11-20,9659
00950B,凱基A級公司債,27,0,27,富邦-高雄,2024-11-20,9659
3625,西勝,28,1,27,富邦-高雄,2024-11-20,9659
8089,康全電訊,26,0,26,富邦-高雄,2024-11-20,9659
2477,美隆電,25,0,25,富邦-高雄,2024-11-20,9659
3062,建漢,43,20,23,富邦-高雄,2024-11-20,9659
6757,台灣虎航,23,0,23,富邦-高雄,2024-11-20,9659
2406,國碩,23,1,22,富邦-高雄,2024-11-20,9659
00882,中信中國高股息,30,9,21,富邦-高雄,2024-11-20,9659
3706,神達,287,267,20,富邦-高雄,2024-11-20,9659
8927,北基,20,0,20,富邦-高雄,2024-11-20,9659
6446,藥華藥,21,1,20,富邦-高雄,2024-11-20,9659
00951,台新日本半導體,25,5,20,富邦-高雄,2024-11-20,9659
00720B,元大投資級公司債,20,0,20,富邦-高雄,2024-11-20,9659
8240,華宏,22,2,20,富邦-高雄,2024-11-20,9659
2241,艾姆勒,19,0,19,富邦-高雄,2024-11-20,9659
3447,展達,32,14,18,富邦-高雄,2024-11-20,9659
00650L,復華香港正2,20,2,18,富邦-高雄,2024-11-20,9659
2330,台積電,18,2,16,富邦-高雄,2024-11-20,9659
2885,元大金,17,1,16,富邦-高雄,2024-11-20,9659
3005,神基,16,0,16,富邦-高雄,2024-11-20,9659
1708,東鹼,23,7,16,富邦-高雄,2024-11-20,9659
00960,野村全球航運龍頭,28,12,16,富邦-高雄,2024-11-20,9659
2408,南亞科,22,7,15,富邦-高雄,2024-11-20,9659
2369,菱生,15,0,15,富邦-高雄,2024-11-20,9659
8011,台通,14,0,14,富邦-高雄,2024-11-20,9659
2880,華南金,16,2,14,富邦-高雄,2024-11-20,9659
3032,偉訓,37,23,14,富邦-高雄,2024-11-20,9659
00959B,大華投等美債15Y+,14,0,14,富邦-高雄,2024-11-20,9659
2328,廣宇,22,9,13,富邦-高雄,2024-11-20,9659
00713,元大台灣高息低波,15,2,13,富邦-高雄,2024-11-20,9659
8996,高力,19,6,13,富邦-高雄,2024-11-20,9659
00941,中信上游半導體,14,1,13,富邦-高雄,2024-11-20,9659
6257,矽格,12,0,12,富邦-高雄,2024-11-20,9659
00940,元大台灣價值高息,172,39,133,富邦-高雄,2024-11-21,9659
2881,富邦金,102,2,100,富邦-高雄,2024-11-21,9659
00878,國泰永續高股息,140,55,85,富邦-高雄,2024-11-21,9659
2882,國泰金,111,36,75,富邦-高雄,2024-11-21,9659
5871,中租-KY,63,1,62,富邦-高雄,2024-11-21,9659
3363,上詮,81,21,60,富邦-高雄,2024-11-21,9659
00915,凱基優選高股息30,76,18,58,富邦-高雄,2024-11-21,9659
00919,群益台灣精選高息,70,12,58,富邦-高雄,2024-11-21,9659
2002,中鋼,71,20,51,富邦-高雄,2024-11-21,9659
0056,元大高股息,55,6,49,富邦-高雄,2024-11-21,9659
2431,聯昌,62,13,49,富邦-高雄,2024-11-21,9659
2834,臺企銀,56,7,49,富邦-高雄,2024-11-21,9659
2371,大同,56,8,48,富邦-高雄,2024-11-21,9659
2887,台新金,57,10,47,富邦-高雄,2024-11-21,9659
006208,富邦台50,49,2,47,富邦-高雄,2024-11-21,9659
2317,鴻海,51,9,42,富邦-高雄,2024-11-21,9659
3050,鈺德,43,3,40,富邦-高雄,2024-11-21,9659
00959B,大華投等美債15Y+,39,0,39,富邦-高雄,2024-11-21,9659
2883,凱基金,40,10,30,富邦-高雄,2024-11-21,9659
00930,永豐ESG低碳高息,29,0,29,富邦-高雄,2024-11-21,9659
2501,國建,28,0,28,富邦-高雄,2024-11-21,9659
2356,英業達,78,51,27,富邦-高雄,2024-11-21,9659
8039,台虹,26,0,26,富邦-高雄,2024-11-21,9659
2204,中華,103,80,23,富邦-高雄,2024-11-21,9659
3290,東浦,26,3,23,富邦-高雄,2024-11-21,9659
3211,順達,78,56,22,富邦-高雄,2024-11-21,9659
2323,中環,20,0,20,富邦-高雄,2024-11-21,9659
0050,元大台灣50,20,1,19,富邦-高雄,2024-11-21,9659
2408,南亞科,28,9,19,富邦-高雄,2024-11-21,9659
2330,台積電,20,2,18,富邦-高雄,2024-11-21,9659
2886,兆豐金,19,1,18,富邦-高雄,2024-11-21,9659
2303,聯電,49,31,18,富邦-高雄,2024-11-21,9659
00882,中信中國高股息,51,33,18,富邦-高雄,2024-11-21,9659
2474,可成,20,2,18,富邦-高雄,2024-11-21,9659
5531,鄉林,18,0,18,富邦-高雄,2024-11-21,9659
2344,華邦電,15,0,15,富邦-高雄,2024-11-21,9659
00937B,群益ESG投等債20,44,30,14,富邦-高雄,2024-11-21,9659
2609,陽明,216,203,13,富邦-高雄,2024-11-21,9659
3228,金麗科,13,0,13,富邦-高雄,2024-11-21,9659
1301,台塑,14,1,13,富邦-高雄,2024-11-21,9659
2412,中華電,13,1,12,富邦-高雄,2024-11-21,9659
2374,佳能,12,0,12,富邦-高雄,2024-11-21,9659
6504,南六,19,7,12,富邦-高雄,2024-11-21,9659
8085,福華,21,9,12,富邦-高雄,2024-11-21,9659
00675L,富邦臺灣加權正2,12,1,11,富邦-高雄,2024-11-21,9659
8927,北基,11,0,11,富邦-高雄,2024-11-21,9659
00909,國泰數位支付服務,11,0,11,富邦-高雄,2024-11-21,9659
2308,台達電,15,5,10,富邦-高雄,2024-11-21,9659
1309,台達化,10,0,10,富邦-高雄,2024-11-21,9659
2031,新光鋼,10,0,10,富邦-高雄,2024-11-21,9659
9105,泰金寶-DR,351,150,201,富邦-高雄,2024-11-22,9659
00882,中信中國高股息,189,1,188,富邦-高雄,2024-11-22,9659
8104,錸寶,214,39,175,富邦-高雄,2024-11-22,9659
00751B,元大AAA至A公司債,148,0,148,富邦-高雄,2024-11-22,9659
00632R,元大台灣50反1,154,7,147,富邦-高雄,2024-11-22,9659
2449,京元電子,147,14,133,富邦-高雄,2024-11-22,9659
00753L,中信中國50正2,139,10,129,富邦-高雄,2024-11-22,9659
2547,日勝生,100,0,100,富邦-高雄,2024-11-22,9659
3706,神達,227,151,76,富邦-高雄,2024-11-22,9659
6282,康舒,85,12,73,富邦-高雄,2024-11-22,9659
2464,盟立,50,0,50,富邦-高雄,2024-11-22,9659
1528,恩德,42,0,42,富邦-高雄,2024-11-22,9659
2233,宇隆,43,2,41,富邦-高雄,2024-11-22,9659
3062,建漢,40,2,38,富邦-高雄,2024-11-22,9659
6215,和椿,40,3,37,富邦-高雄,2024-11-22,9659
8047,星雲,35,0,35,富邦-高雄,2024-11-22,9659
2331,精英,31,1,30,富邦-高雄,2024-11-22,9659
00959B,大華投等美債15Y+,32,3,29,富邦-高雄,2024-11-22,9659
3088,艾訊,51,24,27,富邦-高雄,2024-11-22,9659
5905,南仁湖,27,0,27,富邦-高雄,2024-11-22,9659
3015,全漢,116,90,26,富邦-高雄,2024-11-22,9659
4956,光鋐,34,9,25,富邦-高雄,2024-11-22,9659
8039,台虹,24,0,24,富邦-高雄,2024-11-22,9659
00907,永豐優息存股,29,5,24,富邦-高雄,2024-11-22,9659
2356,英業達,49,26,23,富邦-高雄,2024-11-22,9659
2408,南亞科,22,0,22,富邦-高雄,2024-11-22,9659
2887,台新金,24,3,21,富邦-高雄,2024-11-22,9659
2324,仁寶,30,10,20,富邦-高雄,2024-11-22,9659
5014,建錩,20,0,20,富邦-高雄,2024-11-22,9659
2881,富邦金,53,35,18,富邦-高雄,2024-11-22,9659
2486,一詮,22,4,18,富邦-高雄,2024-11-22,9659
8038,長園科,31,13,18,富邦-高雄,2024-11-22,9659
6674,鋐寶科技,18,0,18,富邦-高雄,2024-11-22,9659
6109,亞元,21,3,18,富邦-高雄,2024-11-22,9659
2603,長榮,34,17,17,富邦-高雄,2024-11-22,9659
00637L,元大滬深300正2,343,326,17,富邦-高雄,2024-11-22,9659
2344,華邦電,24,7,17,富邦-高雄,2024-11-22,9659
1313,聯成,17,0,17,富邦-高雄,2024-11-22,9659
1522,堤維西,20,4,16,富邦-高雄,2024-11-22,9659
6550,北極星藥業-KY,16,1,15,富邦-高雄,2024-11-22,9659
2387,精元,15,0,15,富邦-高雄,2024-11-22,9659
2477,美隆電,16,1,15,富邦-高雄,2024-11-22,9659
00958B,永豐ESG銀行債15,15,0,15,富邦-高雄,2024-11-22,9659
4557,永新-KY,15,0,15,富邦-高雄,2024-11-22,9659
3516,亞帝歐,15,0,15,富邦-高雄,2024-11-22,9659
00878,國泰永續高股息,43,29,14,富邦-高雄,2024-11-22,9659
3323,加百裕,96,82,14,富邦-高雄,2024-11-22,9659
2399,映泰,15,1,14,富邦-高雄,2024-11-22,9659
2882,國泰金,15,2,13,富邦-高雄,2024-11-22,9659
6288,聯嘉,174,161,13,富邦-高雄,2024-11-22,9659
00673R,期元大S＆P原油反1,360,0,360,富邦-高雄,2024-11-25,9659
4931,新盛力,271,22,249,富邦-高雄,2024-11-25,9659
00919,群益台灣精選高息,138,3,135,富邦-高雄,2024-11-25,9659
2371,大同,145,29,116,富邦-高雄,2024-11-25,9659
2354,鴻準,176,67,109,富邦-高雄,2024-11-25,9659
1101,台泥,132,25,107,富邦-高雄,2024-11-25,9659
9105,泰金寶-DR,149,68,81,富邦-高雄,2024-11-25,9659
2618,長榮航,92,26,66,富邦-高雄,2024-11-25,9659
3032,偉訓,77,16,61,富邦-高雄,2024-11-25,9659
2515,中工,71,13,58,富邦-高雄,2024-11-25,9659
00882,中信中國高股息,63,7,56,富邦-高雄,2024-11-25,9659
6288,聯嘉,54,1,53,富邦-高雄,2024-11-25,9659
00712,復華富時不動產,50,0,50,富邦-高雄,2024-11-25,9659
00887,永豐中國科技50大,48,0,48,富邦-高雄,2024-11-25,9659
00708L,期元大S＆P黃金正2,46,2,44,富邦-高雄,2024-11-25,9659
6282,康舒,67,23,44,富邦-高雄,2024-11-25,9659
8044,網家,54,11,43,富邦-高雄,2024-11-25,9659
2605,新興,59,19,40,富邦-高雄,2024-11-25,9659
1799,易威,40,0,40,富邦-高雄,2024-11-25,9659
2615,萬海,124,90,34,富邦-高雄,2024-11-25,9659
4960,誠美材,30,0,30,富邦-高雄,2024-11-25,9659
2344,華邦電,30,0,30,富邦-高雄,2024-11-25,9659
2891,中信金,34,6,28,富邦-高雄,2024-11-25,9659
00907,永豐優息存股,28,1,27,富邦-高雄,2024-11-25,9659
1301,台塑,26,0,26,富邦-高雄,2024-11-25,9659
00878,國泰永續高股息,69,44,25,富邦-高雄,2024-11-25,9659
2367,燿華,34,10,24,富邦-高雄,2024-11-25,9659
2495,普安,77,54,23,富邦-高雄,2024-11-25,9659
4729,熒茂,26,3,23,富邦-高雄,2024-11-25,9659
00637L,元大滬深300正2,123,102,21,富邦-高雄,2024-11-25,9659
00930,永豐ESG低碳高息,25,4,21,富邦-高雄,2024-11-25,9659
2332,友訊,27,8,19,富邦-高雄,2024-11-25,9659
2812,台中銀,18,1,17,富邦-高雄,2024-11-25,9659
6109,亞元,25,9,16,富邦-高雄,2024-11-25,9659
5876,上海商銀,16,0,16,富邦-高雄,2024-11-25,9659
00639,富邦深100,15,0,15,富邦-高雄,2024-11-25,9659
3211,順達,15,1,14,富邦-高雄,2024-11-25,9659
6005,群益證,14,0,14,富邦-高雄,2024-11-25,9659
00895,富邦未來車,16,2,14,富邦-高雄,2024-11-25,9659
00909,國泰數位支付服務,15,1,14,富邦-高雄,2024-11-25,9659
00772B,中信高評級公司債,18,5,13,富邦-高雄,2024-11-25,9659
00927,群益半導體收益,15,2,13,富邦-高雄,2024-11-25,9659
5328,華容,14,1,13,富邦-高雄,2024-11-25,9659
00953B,群益優選非投等債,13,1,12,富邦-高雄,2024-11-25,9659
2303,聯電,28,16,12,富邦-高雄,2024-11-25,9659
6274,台燿,19,7,12,富邦-高雄,2024-11-25,9659
5202,力新,12,0,12,富邦-高雄,2024-11-25,9659
8171,天宇,24,12,12,富邦-高雄,2024-11-25,9659
2834,臺企銀,11,0,11,富邦-高雄,2024-11-25,9659
00960,野村全球航運龍頭,11,0,11,富邦-高雄,2024-11-25,9659
00650L,復華香港正2,303,3,300,富邦-高雄,2024-11-26,9659
00948B,中信優息投資級債,306,10,296,富邦-高雄,2024-11-26,9659
6962,ITH-KY,191,6,185,富邦-高雄,2024-11-26,9659
2317,鴻海,196,12,184,富邦-高雄,2024-11-26,9659
00915,凱基優選高股息30,177,0,177,富邦-高雄,2024-11-26,9659
00878,國泰永續高股息,156,22,134,富邦-高雄,2024-11-26,9659
00930,永豐ESG低碳高息,141,10,131,富邦-高雄,2024-11-26,9659
1815,富喬,254,131,123,富邦-高雄,2024-11-26,9659
3712,永崴投控,138,49,89,富邦-高雄,2024-11-26,9659
6282,康舒,88,0,88,富邦-高雄,2024-11-26,9659
00919,群益台灣精選高息,101,14,87,富邦-高雄,2024-11-26,9659
2392,正崴,114,29,85,富邦-高雄,2024-11-26,9659
3363,上詮,152,91,61,富邦-高雄,2024-11-26,9659
0056,元大高股息,63,7,56,富邦-高雄,2024-11-26,9659
006208,富邦台50,53,0,53,富邦-高雄,2024-11-26,9659
2367,燿華,75,22,53,富邦-高雄,2024-11-26,9659
6118,建達,86,37,49,富邦-高雄,2024-11-26,9659
00951,台新日本半導體,47,0,47,富邦-高雄,2024-11-26,9659
00960,野村全球航運龍頭,45,0,45,富邦-高雄,2024-11-26,9659
00965,元大航太防衛科技,48,8,40,富邦-高雄,2024-11-26,9659
00929,復華台灣科技優息,76,38,38,富邦-高雄,2024-11-26,9659
8101,華冠,37,0,37,富邦-高雄,2024-11-26,9659
00945B,凱基美國非投等債,34,0,34,富邦-高雄,2024-11-26,9659
3430,奇鈦科,34,1,33,富邦-高雄,2024-11-26,9659
2486,一詮,52,20,32,富邦-高雄,2024-11-26,9659
2330,台積電,44,12,32,富邦-高雄,2024-11-26,9659
3231,緯創,89,57,32,富邦-高雄,2024-11-26,9659
2419,仲琦,42,11,31,富邦-高雄,2024-11-26,9659
00795B,中信美國公債20年,61,31,30,富邦-高雄,2024-11-26,9659
2344,華邦電,29,0,29,富邦-高雄,2024-11-26,9659
00955,中信日本商社,27,0,27,富邦-高雄,2024-11-26,9659
1301,台塑,26,2,24,富邦-高雄,2024-11-26,9659
7402,邑錡,34,10,24,富邦-高雄,2024-11-26,9659
5309,系統電,58,34,24,富邦-高雄,2024-11-26,9659
9904,寶成,27,4,23,富邦-高雄,2024-11-26,9659
2409,友達,21,0,21,富邦-高雄,2024-11-26,9659
1569,濱川,54,33,21,富邦-高雄,2024-11-26,9659
3583,辛耘,22,2,20,富邦-高雄,2024-11-26,9659
00706L,期元大S＆P日圓正2,20,0,20,富邦-高雄,2024-11-26,9659
00895,富邦未來車,20,0,20,富邦-高雄,2024-11-26,9659
2615,萬海,55,38,17,富邦-高雄,2024-11-26,9659
6558,興能高,41,24,17,富邦-高雄,2024-11-26,9659
2890,永豐金,16,0,16,富邦-高雄,2024-11-26,9659
2312,金寶,140,124,16,富邦-高雄,2024-11-26,9659
4729,熒茂,16,0,16,富邦-高雄,2024-11-26,9659
00918,大華優利高填息30,15,0,15,富邦-高雄,2024-11-26,9659
4113,聯上,15,0,15,富邦-高雄,2024-11-26,9659
3323,加百裕,90,76,14,富邦-高雄,2024-11-26,9659
00700,富邦�琤肭磪�,14,0,14,富邦-高雄,2024-11-26,9659
0050,元大台灣50,16,3,13,富邦-高雄,2024-11-26,9659
9105,泰金寶-DR,615,70,545,富邦-高雄,2024-11-27,9659
00919,群益台灣精選高息,382,11,371,富邦-高雄,2024-11-27,9659
0056,元大高股息,312,22,290,富邦-高雄,2024-11-27,9659
00959B,大華投等美債15Y+,223,4,219,富邦-高雄,2024-11-27,9659
00878,國泰永續高股息,258,79,179,富邦-高雄,2024-11-27,9659
00882,中信中國高股息,130,2,128,富邦-高雄,2024-11-27,9659
2303,聯電,147,22,125,富邦-高雄,2024-11-27,9659
3231,緯創,121,13,108,富邦-高雄,2024-11-27,9659
4927,泰鼎-KY,112,8,104,富邦-高雄,2024-11-27,9659
2515,中工,103,2,101,富邦-高雄,2024-11-27,9659
2603,長榮,131,50,81,富邦-高雄,2024-11-27,9659
1449,佳和,80,5,75,富邦-高雄,2024-11-27,9659
00918,大華優利高填息30,82,9,73,富邦-高雄,2024-11-27,9659
00940,元大台灣價值高息,77,6,71,富邦-高雄,2024-11-27,9659
00715L,期街口布蘭特正2,65,3,62,富邦-高雄,2024-11-27,9659
2317,鴻海,126,68,58,富邦-高雄,2024-11-27,9659
8039,台虹,52,0,52,富邦-高雄,2024-11-27,9659
2431,聯昌,55,5,50,富邦-高雄,2024-11-27,9659
2002,中鋼,52,3,49,富邦-高雄,2024-11-27,9659
2330,台積電,59,13,46,富邦-高雄,2024-11-27,9659
006208,富邦台50,44,1,43,富邦-高雄,2024-11-27,9659
2356,英業達,58,17,41,富邦-高雄,2024-11-27,9659
2615,萬海,100,59,41,富邦-高雄,2024-11-27,9659
00881,國泰台灣5G+,37,0,37,富邦-高雄,2024-11-27,9659
00950B,凱基A級公司債,46,10,36,富邦-高雄,2024-11-27,9659
2881,富邦金,39,5,34,富邦-高雄,2024-11-27,9659
2609,陽明,117,85,32,富邦-高雄,2024-11-27,9659
6505,台塑化,35,3,32,富邦-高雄,2024-11-27,9659
8111,立��,45,13,32,富邦-高雄,2024-11-27,9659
00675L,富邦臺灣加權正2,33,3,30,富邦-高雄,2024-11-27,9659
00905,FT臺灣Smart,29,0,29,富邦-高雄,2024-11-27,9659
4562,穎漢,46,17,29,富邦-高雄,2024-11-27,9659
3450,聯鈞,73,46,27,富邦-高雄,2024-11-27,9659
5522,遠雄,22,1,21,富邦-高雄,2024-11-27,9659
2477,美隆電,21,0,21,富邦-高雄,2024-11-27,9659
2888,新光金,32,11,21,富邦-高雄,2024-11-27,9659
5512,力麒,20,0,20,富邦-高雄,2024-11-27,9659
2524,京城,20,0,20,富邦-高雄,2024-11-27,9659
00951,台新日本半導體,20,0,20,富邦-高雄,2024-11-27,9659
00953B,群益優選非投等債,21,1,20,富邦-高雄,2024-11-27,9659
4113,聯上,20,0,20,富邦-高雄,2024-11-27,9659
00915,凱基優選高股息30,20,0,20,富邦-高雄,2024-11-27,9659
9945,潤泰新,20,1,19,富邦-高雄,2024-11-27,9659
2208,台船,20,1,19,富邦-高雄,2024-11-27,9659
2426,鼎元,33,14,19,富邦-高雄,2024-11-27,9659
2882,國泰金,30,12,18,富邦-高雄,2024-11-27,9659
0050,元大台灣50,19,1,18,富邦-高雄,2024-11-27,9659
2204,中華,27,9,18,富邦-高雄,2024-11-27,9659
00922,國泰台灣領袖50,20,3,17,富邦-高雄,2024-11-27,9659
6109,亞元,17,0,17,富邦-高雄,2024-11-27,9659
00919,群益台灣精選高息,431,11,420,富邦-高雄,2024-11-28,9659
00795B,中信美國公債20年,266,1,265,富邦-高雄,2024-11-28,9659
00929,復華台灣科技優息,317,109,208,富邦-高雄,2024-11-28,9659
00950B,凱基A級公司債,193,0,193,富邦-高雄,2024-11-28,9659
0056,元大高股息,143,6,137,富邦-高雄,2024-11-28,9659
6962,ITH-KY,118,1,117,富邦-高雄,2024-11-28,9659
5871,中租-KY,102,4,98,富邦-高雄,2024-11-28,9659
2312,金寶,151,57,94,富邦-高雄,2024-11-28,9659
2303,聯電,154,73,81,富邦-高雄,2024-11-28,9659
1528,恩德,80,0,80,富邦-高雄,2024-11-28,9659
00664R,國泰臺灣加權反1,55,0,55,富邦-高雄,2024-11-28,9659
2887,台新金,51,0,51,富邦-高雄,2024-11-28,9659
00918,大華優利高填息30,50,0,50,富邦-高雄,2024-11-28,9659
00637L,元大滬深300正2,69,21,48,富邦-高雄,2024-11-28,9659
00915,凱基優選高股息30,47,0,47,富邦-高雄,2024-11-28,9659
3711,日月光投控,52,10,42,富邦-高雄,2024-11-28,9659
00940,元大台灣價值高息,48,7,41,富邦-高雄,2024-11-28,9659
6139,亞翔,41,4,37,富邦-高雄,2024-11-28,9659
00715L,期街口布蘭特正2,37,1,36,富邦-高雄,2024-11-28,9659
3043,科風,36,2,34,富邦-高雄,2024-11-28,9659
2344,華邦電,39,5,34,富邦-高雄,2024-11-28,9659
00943,兆豐電子高息等權,34,0,34,富邦-高雄,2024-11-28,9659
1314,中石化,33,0,33,富邦-高雄,2024-11-28,9659
8039,台虹,32,0,32,富邦-高雄,2024-11-28,9659
00953B,群益優選非投等債,36,4,32,富邦-高雄,2024-11-28,9659
4729,熒茂,32,2,30,富邦-高雄,2024-11-28,9659
00720B,元大投資級公司債,30,0,30,富邦-高雄,2024-11-28,9659
1569,濱川,90,61,29,富邦-高雄,2024-11-28,9659
1449,佳和,33,4,29,富邦-高雄,2024-11-28,9659
2881,富邦金,30,4,26,富邦-高雄,2024-11-28,9659
1605,華新,29,4,25,富邦-高雄,2024-11-28,9659
006208,富邦台50,30,6,24,富邦-高雄,2024-11-28,9659
2431,聯昌,42,18,24,富邦-高雄,2024-11-28,9659
1440,南紡,22,0,22,富邦-高雄,2024-11-28,9659
3363,上詮,24,3,21,富邦-高雄,2024-11-28,9659
2002,中鋼,105,85,20,富邦-高雄,2024-11-28,9659
6770,力積電,30,12,18,富邦-高雄,2024-11-28,9659
2646,星宇航空,20,2,18,富邦-高雄,2024-11-28,9659
00946,群益科技高息成長,22,4,18,富邦-高雄,2024-11-28,9659
6706,惠特,25,7,18,富邦-高雄,2024-11-28,9659
2330,台積電,39,21,18,富邦-高雄,2024-11-28,9659
2883,凱基金,35,18,17,富邦-高雄,2024-11-28,9659
00960,野村全球航運龍頭,16,0,16,富邦-高雄,2024-11-28,9659
5880,合庫金,16,0,16,富邦-高雄,2024-11-28,9659
00944,野村趨勢動能高息,15,0,15,富邦-高雄,2024-11-28,9659
8240,華宏,19,4,15,富邦-高雄,2024-11-28,9659
5251,天鉞電,15,0,15,富邦-高雄,2024-11-28,9659
4123,晟德,14,0,14,富邦-高雄,2024-11-28,9659
2409,友達,14,0,14,富邦-高雄,2024-11-28,9659
00930,永豐ESG低碳高息,17,4,13,富邦-高雄,2024-11-28,9659
00950B,凱基A級公司債,651,0,651,富邦-高雄,2024-11-29,9659
00948B,中信優息投資級債,229,12,217,富邦-高雄,2024-11-29,9659
00882,中信中國高股息,230,101,129,富邦-高雄,2024-11-29,9659
00878,國泰永續高股息,126,14,112,富邦-高雄,2024-11-29,9659
6164,華興,100,0,100,富邦-高雄,2024-11-29,9659
2891,中信金,105,9,96,富邦-高雄,2024-11-29,9659
2002,中鋼,121,27,94,富邦-高雄,2024-11-29,9659
6757,台灣虎航,90,9,81,富邦-高雄,2024-11-29,9659
00715L,期街口布蘭特正2,88,11,77,富邦-高雄,2024-11-29,9659
00937B,群益ESG投等債20,152,82,70,富邦-高雄,2024-11-29,9659
9105,泰金寶-DR,192,125,67,富邦-高雄,2024-11-29,9659
1301,台塑,52,3,49,富邦-高雄,2024-11-29,9659
3481,群創,51,3,48,富邦-高雄,2024-11-29,9659
2882,國泰金,58,12,46,富邦-高雄,2024-11-29,9659
6134,萬旭,45,0,45,富邦-高雄,2024-11-29,9659
0056,元大高股息,51,7,44,富邦-高雄,2024-11-29,9659
2303,聯電,53,12,41,富邦-高雄,2024-11-29,9659
6505,台塑化,41,0,41,富邦-高雄,2024-11-29,9659
5871,中租-KY,37,0,37,富邦-高雄,2024-11-29,9659
5880,合庫金,36,0,36,富邦-高雄,2024-11-29,9659
00633L,富邦上証正2,36,3,33,富邦-高雄,2024-11-29,9659
3419,譁裕,36,3,33,富邦-高雄,2024-11-29,9659
2881,富邦金,39,6,33,富邦-高雄,2024-11-29,9659
00960,野村全球航運龍頭,31,0,31,富邦-高雄,2024-11-29,9659
4729,熒茂,32,2,30,富邦-高雄,2024-11-29,9659
2317,鴻海,55,25,30,富邦-高雄,2024-11-29,9659
00713,元大台灣高息低波,27,1,26,富邦-高雄,2024-11-29,9659
00918,大華優利高填息30,24,0,24,富邦-高雄,2024-11-29,9659
00930,永豐ESG低碳高息,24,0,24,富邦-高雄,2024-11-29,9659
00953B,群益優選非投等債,23,0,23,富邦-高雄,2024-11-29,9659
2855,統一證,23,0,23,富邦-高雄,2024-11-29,9659
3706,神達,322,299,23,富邦-高雄,2024-11-29,9659
00934,中信成長高股息,23,0,23,富邦-高雄,2024-11-29,9659
2603,長榮,36,14,22,富邦-高雄,2024-11-29,9659
2474,可成,24,3,21,富邦-高雄,2024-11-29,9659
00877,復華中國5G,21,0,21,富邦-高雄,2024-11-29,9659
6805,富世達,20,0,20,富邦-高雄,2024-11-29,9659
2367,燿華,21,1,20,富邦-高雄,2024-11-29,9659
1314,中石化,20,0,20,富邦-高雄,2024-11-29,9659
1528,恩德,20,0,20,富邦-高雄,2024-11-29,9659
00922,國泰台灣領袖50,18,0,18,富邦-高雄,2024-11-29,9659
2431,聯昌,29,11,18,富邦-高雄,2024-11-29,9659
006208,富邦台50,27,10,17,富邦-高雄,2024-11-29,9659
6005,群益證,20,4,16,富邦-高雄,2024-11-29,9659
6504,南六,26,10,16,富邦-高雄,2024-11-29,9659
3090,日電貿,41,25,16,富邦-高雄,2024-11-29,9659
6151,晉倫,15,0,15,富邦-高雄,2024-11-29,9659
6192,巨路,15,0,15,富邦-高雄,2024-11-29,9659
2312,金寶,55,40,15,富邦-高雄,2024-11-29,9659
2615,萬海,76,62,14,富邦-高雄,2024-11-29,9659
00950B,凱基A級公司債,480,10,470,富邦-高雄,2024-12-02,9659
2845,遠東銀,400,6,394,富邦-高雄,2024-12-02,9659
00632R,元大台灣50反1,425,63,362,富邦-高雄,2024-12-02,9659
00795B,中信美國公債20年,205,14,191,富邦-高雄,2024-12-02,9659
2883,凱基金,211,66,145,富邦-高雄,2024-12-02,9659
00918,大華優利高填息30,131,7,124,富邦-高雄,2024-12-02,9659
1528,恩德,203,101,102,富邦-高雄,2024-12-02,9659
00650L,復華香港正2,311,212,99,富邦-高雄,2024-12-02,9659
00637L,元大滬深300正2,131,41,90,富邦-高雄,2024-12-02,9659
4113,聯上,81,0,81,富邦-高雄,2024-12-02,9659
2464,盟立,74,0,74,富邦-高雄,2024-12-02,9659
5519,隆大,70,1,69,富邦-高雄,2024-12-02,9659
8171,天宇,84,15,69,富邦-高雄,2024-12-02,9659
2618,長榮航,239,175,64,富邦-高雄,2024-12-02,9659
5328,華容,113,53,60,富邦-高雄,2024-12-02,9659
00919,群益台灣精選高息,77,22,55,富邦-高雄,2024-12-02,9659
1314,中石化,53,0,53,富邦-高雄,2024-12-02,9659
00953B,群益優選非投等債,52,1,51,富邦-高雄,2024-12-02,9659
2233,宇隆,50,0,50,富邦-高雄,2024-12-02,9659
5534,長虹,48,0,48,富邦-高雄,2024-12-02,9659
2317,鴻海,64,21,43,富邦-高雄,2024-12-02,9659
2002,中鋼,66,27,39,富邦-高雄,2024-12-02,9659
2495,普安,52,13,39,富邦-高雄,2024-12-02,9659
2312,金寶,63,24,39,富邦-高雄,2024-12-02,9659
00633L,富邦上証正2,37,0,37,富邦-高雄,2024-12-02,9659
00664R,國泰臺灣加權反1,36,0,36,富邦-高雄,2024-12-02,9659
00715L,期街口布蘭特正2,33,0,33,富邦-高雄,2024-12-02,9659
0056,元大高股息,46,15,31,富邦-高雄,2024-12-02,9659
9906,欣巴巴,44,14,30,富邦-高雄,2024-12-02,9659
2399,映泰,30,0,30,富邦-高雄,2024-12-02,9659
2354,鴻準,62,33,29,富邦-高雄,2024-12-02,9659
3029,零壹,55,27,28,富邦-高雄,2024-12-02,9659
1569,濱川,30,2,28,富邦-高雄,2024-12-02,9659
00687B,國泰20年美債,160,133,27,富邦-高雄,2024-12-02,9659
00922,國泰台灣領袖50,29,4,25,富邦-高雄,2024-12-02,9659
2337,旺宏,23,0,23,富邦-高雄,2024-12-02,9659
4123,晟德,27,4,23,富邦-高雄,2024-12-02,9659
2356,英業達,26,5,21,富邦-高雄,2024-12-02,9659
1815,富喬,43,22,21,富邦-高雄,2024-12-02,9659
1301,台塑,27,7,20,富邦-高雄,2024-12-02,9659
3027,盛達,24,4,20,富邦-高雄,2024-12-02,9659
00706L,期元大S＆P日圓正2,20,0,20,富邦-高雄,2024-12-02,9659
1101,台泥,20,1,19,富邦-高雄,2024-12-02,9659
2408,南亞科,20,2,18,富邦-高雄,2024-12-02,9659
4979,華星光,60,42,18,富邦-高雄,2024-12-02,9659
3231,緯創,22,4,18,富邦-高雄,2024-12-02,9659
8039,台虹,20,2,18,富邦-高雄,2024-12-02,9659
2472,立隆電,19,2,17,富邦-高雄,2024-12-02,9659
4931,新盛力,99,82,17,富邦-高雄,2024-12-02,9659
3447,展達,44,27,17,富邦-高雄,2024-12-02,9659
00919,群益台灣精選高息,555,54,501,富邦-高雄,2024-12-03,9659
00795B,中信美國公債20年,390,0,390,富邦-高雄,2024-12-03,9659
00632R,元大台灣50反1,408,73,335,富邦-高雄,2024-12-03,9659
00918,大華優利高填息30,224,1,223,富邦-高雄,2024-12-03,9659
00715L,期街口布蘭特正2,114,0,114,富邦-高雄,2024-12-03,9659
1449,佳和,128,26,102,富邦-高雄,2024-12-03,9659
00953B,群益優選非投等債,99,0,99,富邦-高雄,2024-12-03,9659
00930,永豐ESG低碳高息,95,0,95,富邦-高雄,2024-12-03,9659
0056,元大高股息,100,24,76,富邦-高雄,2024-12-03,9659
3231,緯創,79,11,68,富邦-高雄,2024-12-03,9659
00877,復華中國5G,65,0,65,富邦-高雄,2024-12-03,9659
3706,神達,318,257,61,富邦-高雄,2024-12-03,9659
00945B,凱基美國非投等債,61,0,61,富邦-高雄,2024-12-03,9659
3605,宏致,89,29,60,富邦-高雄,2024-12-03,9659
2353,宏��,56,2,54,富邦-高雄,2024-12-03,9659
00915,凱基優選高股息30,59,6,53,富邦-高雄,2024-12-03,9659
5244,弘凱,64,13,51,富邦-高雄,2024-12-03,9659
00713,元大台灣高息低波,49,3,46,富邦-高雄,2024-12-03,9659
00965,元大航太防衛科技,64,23,41,富邦-高雄,2024-12-03,9659
5519,隆大,41,0,41,富邦-高雄,2024-12-03,9659
00959B,大華投等美債15Y+,59,18,41,富邦-高雄,2024-12-03,9659
2317,鴻海,50,15,35,富邦-高雄,2024-12-03,9659
00905,FT臺灣Smart,34,1,33,富邦-高雄,2024-12-03,9659
5309,系統電,82,49,33,富邦-高雄,2024-12-03,9659
2498,宏達電,31,1,30,富邦-高雄,2024-12-03,9659
00878,國泰永續高股息,67,40,27,富邦-高雄,2024-12-03,9659
6127,九豪,28,1,27,富邦-高雄,2024-12-03,9659
00922,國泰台灣領袖50,27,3,24,富邦-高雄,2024-12-03,9659
00933B,國泰10Y+金融債,39,16,23,富邦-高雄,2024-12-03,9659
00900,富邦特選高股息30,36,15,21,富邦-高雄,2024-12-03,9659
6603,富強鑫,20,0,20,富邦-高雄,2024-12-03,9659
4904,遠傳,19,0,19,富邦-高雄,2024-12-03,9659
2015,豐興,18,0,18,富邦-高雄,2024-12-03,9659
2542,興富發,20,2,18,富邦-高雄,2024-12-03,9659
2354,鴻準,70,55,15,富邦-高雄,2024-12-03,9659
2609,陽明,58,43,15,富邦-高雄,2024-12-03,9659
4977,眾達-KY,44,29,15,富邦-高雄,2024-12-03,9659
2405,輔信,100,85,15,富邦-高雄,2024-12-03,9659
2324,仁寶,27,13,14,富邦-高雄,2024-12-03,9659
2385,群光,14,0,14,富邦-高雄,2024-12-03,9659
4510,高鋒,18,5,13,富邦-高雄,2024-12-03,9659
8444,綠河-KY,13,0,13,富邦-高雄,2024-12-03,9659
3257,虹冠電,13,0,13,富邦-高雄,2024-12-03,9659
7584,樂意,12,0,12,富邦-高雄,2024-12-03,9659
2834,臺企銀,12,0,12,富邦-高雄,2024-12-03,9659
2204,中華,14,2,12,富邦-高雄,2024-12-03,9659
5534,長虹,11,0,11,富邦-高雄,2024-12-03,9659
4971,IET-KY,25,14,11,富邦-高雄,2024-12-03,9659
00891,中信關鍵半導體,11,0,11,富邦-高雄,2024-12-03,9659
8028,昇陽半導體,33,22,11,富邦-高雄,2024-12-03,9659
00933B,國泰10Y+金融債,193,36,157,富邦-高雄,2024-12-04,9659
00918,大華優利高填息30,162,6,156,富邦-高雄,2024-12-04,9659
00953B,群益優選非投等債,125,0,125,富邦-高雄,2024-12-04,9659
00877,復華中國5G,101,0,101,富邦-高雄,2024-12-04,9659
8176,智捷,100,0,100,富邦-高雄,2024-12-04,9659
00637L,元大滬深300正2,190,94,96,富邦-高雄,2024-12-04,9659
2204,中華,79,1,78,富邦-高雄,2024-12-04,9659
3450,聯鈞,178,102,76,富邦-高雄,2024-12-04,9659
9105,泰金寶-DR,287,212,75,富邦-高雄,2024-12-04,9659
00720B,元大投資級公司債,66,5,61,富邦-高雄,2024-12-04,9659
0056,元大高股息,81,22,59,富邦-高雄,2024-12-04,9659
6505,台塑化,70,11,59,富邦-高雄,2024-12-04,9659
5315,光聯,56,2,54,富邦-高雄,2024-12-04,9659
00915,凱基優選高股息30,62,11,51,富邦-高雄,2024-12-04,9659
2542,興富發,51,2,49,富邦-高雄,2024-12-04,9659
3231,緯創,58,10,48,富邦-高雄,2024-12-04,9659
3363,上詮,52,5,47,富邦-高雄,2024-12-04,9659
4113,聯上,43,0,43,富邦-高雄,2024-12-04,9659
00878,國泰永續高股息,65,22,43,富邦-高雄,2024-12-04,9659
2465,麗臺,42,0,42,富邦-高雄,2024-12-04,9659
00674R,期元大S＆P黃金反1,37,0,37,富邦-高雄,2024-12-04,9659
2610,華航,61,26,35,富邦-高雄,2024-12-04,9659
2537,聯上發,30,0,30,富邦-高雄,2024-12-04,9659
2408,南亞科,33,6,27,富邦-高雄,2024-12-04,9659
00919,群益台灣精選高息,111,84,27,富邦-高雄,2024-12-04,9659
2887,台新金,26,0,26,富邦-高雄,2024-12-04,9659
5534,長虹,26,0,26,富邦-高雄,2024-12-04,9659
6134,萬旭,31,5,26,富邦-高雄,2024-12-04,9659
00882,中信中國高股息,53,29,24,富邦-高雄,2024-12-04,9659
2458,義隆,26,4,22,富邦-高雄,2024-12-04,9659
2349,錸德,37,15,22,富邦-高雄,2024-12-04,9659
3026,禾伸堂,21,0,21,富邦-高雄,2024-12-04,9659
2405,輔信,52,32,20,富邦-高雄,2024-12-04,9659
5519,隆大,20,0,20,富邦-高雄,2024-12-04,9659
4952,凌通,20,0,20,富邦-高雄,2024-12-04,9659
2477,美隆電,20,0,20,富邦-高雄,2024-12-04,9659
2646,星宇航空,21,2,19,富邦-高雄,2024-12-04,9659
6274,台燿,22,3,19,富邦-高雄,2024-12-04,9659
3707,漢磊,19,1,18,富邦-高雄,2024-12-04,9659
2474,可成,20,2,18,富邦-高雄,2024-12-04,9659
3605,宏致,18,0,18,富邦-高雄,2024-12-04,9659
4977,眾達-KY,44,26,18,富邦-高雄,2024-12-04,9659
00927,群益半導體收益,18,0,18,富邦-高雄,2024-12-04,9659
2637,慧洋-KY,20,3,17,富邦-高雄,2024-12-04,9659
6151,晉倫,15,0,15,富邦-高雄,2024-12-04,9659
00959B,大華投等美債15Y+,14,0,14,富邦-高雄,2024-12-04,9659
2337,旺宏,34,20,14,富邦-高雄,2024-12-04,9659
2882,國泰金,14,2,12,富邦-高雄,2024-12-04,9659
2891,中信金,13,2,11,富邦-高雄,2024-12-04,9659
00948B,中信優息投資級債,13,2,11,富邦-高雄,2024-12-04,9659
5309,系統電,442,100,342,富邦-高雄,2024-12-05,9659
00919,群益台灣精選高息,193,55,138,富邦-高雄,2024-12-05,9659
4979,華星光,192,55,137,富邦-高雄,2024-12-05,9659
2002,中鋼,117,0,117,富邦-高雄,2024-12-05,9659
00715L,期街口布蘭特正2,111,1,110,富邦-高雄,2024-12-05,9659
2233,宇隆,82,4,78,富邦-高雄,2024-12-05,9659
00918,大華優利高填息30,72,0,72,富邦-高雄,2024-12-05,9659
6588,東典光電,60,0,60,富邦-高雄,2024-12-05,9659
00953B,群益優選非投等債,57,0,57,富邦-高雄,2024-12-05,9659
1528,恩德,53,0,53,富邦-高雄,2024-12-05,9659
2303,聯電,63,11,52,富邦-高雄,2024-12-05,9659
1721,三晃,54,3,51,富邦-高雄,2024-12-05,9659
00923,群益台ESG低碳50,45,0,45,富邦-高雄,2024-12-05,9659
00900,富邦特選高股息30,40,0,40,富邦-高雄,2024-12-05,9659
5328,華容,174,138,36,富邦-高雄,2024-12-05,9659
5202,力新,44,10,34,富邦-高雄,2024-12-05,9659
2472,立隆電,56,24,32,富邦-高雄,2024-12-05,9659
2603,長榮,36,6,30,富邦-高雄,2024-12-05,9659
4729,熒茂,30,0,30,富邦-高雄,2024-12-05,9659
3376,新日興,63,34,29,富邦-高雄,2024-12-05,9659
2609,陽明,37,13,24,富邦-高雄,2024-12-05,9659
2801,彰銀,24,0,24,富邦-高雄,2024-12-05,9659
3090,日電貿,89,66,23,富邦-高雄,2024-12-05,9659
2495,普安,24,2,22,富邦-高雄,2024-12-05,9659
3323,加百裕,151,129,22,富邦-高雄,2024-12-05,9659
2317,鴻海,46,24,22,富邦-高雄,2024-12-05,9659
5371,中光電,26,5,21,富邦-高雄,2024-12-05,9659
00905,FT臺灣Smart,28,8,20,富邦-高雄,2024-12-05,9659
2867,三商壽,22,2,20,富邦-高雄,2024-12-05,9659
2615,萬海,30,12,18,富邦-高雄,2024-12-05,9659
3003,健和興,23,6,17,富邦-高雄,2024-12-05,9659
6425,易發,19,2,17,富邦-高雄,2024-12-05,9659
00753L,中信中國50正2,37,20,17,富邦-高雄,2024-12-05,9659
5009,榮剛,16,0,16,富邦-高雄,2024-12-05,9659
1605,華新,17,2,15,富邦-高雄,2024-12-05,9659
1595,川寶,21,6,15,富邦-高雄,2024-12-05,9659
2367,燿華,32,17,15,富邦-高雄,2024-12-05,9659
3047,訊舟,15,0,15,富邦-高雄,2024-12-05,9659
1815,富喬,185,171,14,富邦-高雄,2024-12-05,9659
2204,中華,31,17,14,富邦-高雄,2024-12-05,9659
2882,國泰金,21,7,14,富邦-高雄,2024-12-05,9659
8089,康全電訊,14,0,14,富邦-高雄,2024-12-05,9659
8429,金麗-KY,14,0,14,富邦-高雄,2024-12-05,9659
2436,偉詮電,15,1,14,富邦-高雄,2024-12-05,9659
4123,晟德,13,0,13,富邦-高雄,2024-12-05,9659
6174,安��,21,9,12,富邦-高雄,2024-12-05,9659
2371,大同,29,17,12,富邦-高雄,2024-12-05,9659
6257,矽格,12,0,12,富邦-高雄,2024-12-05,9659
9904,寶成,12,0,12,富邦-高雄,2024-12-05,9659
00882,中信中國高股息,63,51,12,富邦-高雄,2024-12-05,9659
00665L,富邦�琤肭磪囓�2,434,26,408,富邦-高雄,2024-12-06,9659
2317,鴻海,276,8,268,富邦-高雄,2024-12-06,9659
00715L,期街口布蘭特正2,173,0,173,富邦-高雄,2024-12-06,9659
1326,台化,301,150,151,富邦-高雄,2024-12-06,9659
00919,群益台灣精選高息,155,42,113,富邦-高雄,2024-12-06,9659
00918,大華優利高填息30,105,0,105,富邦-高雄,2024-12-06,9659
00948B,中信優息投資級債,99,0,99,富邦-高雄,2024-12-06,9659
2834,臺企銀,91,0,91,富邦-高雄,2024-12-06,9659
2442,新美齊,90,10,80,富邦-高雄,2024-12-06,9659
3202,樺晟,76,0,76,富邦-高雄,2024-12-06,9659
4908,前鼎,126,57,69,富邦-高雄,2024-12-06,9659
1528,恩德,68,0,68,富邦-高雄,2024-12-06,9659
2883,凱基金,102,50,52,富邦-高雄,2024-12-06,9659
00953B,群益優選非投等債,50,0,50,富邦-高雄,2024-12-06,9659
6962,ITH-KY,46,2,44,富邦-高雄,2024-12-06,9659
00950B,凱基A級公司債,41,0,41,富邦-高雄,2024-12-06,9659
2867,三商壽,40,0,40,富邦-高雄,2024-12-06,9659
4109,加捷生醫,50,10,40,富邦-高雄,2024-12-06,9659
2884,玉山金,36,0,36,富邦-高雄,2024-12-06,9659
2457,飛宏,33,1,32,富邦-高雄,2024-12-06,9659
2399,映泰,69,37,32,富邦-高雄,2024-12-06,9659
1101,台泥,28,0,28,富邦-高雄,2024-12-06,9659
2002,中鋼,80,54,26,富邦-高雄,2024-12-06,9659
4113,聯上,25,0,25,富邦-高雄,2024-12-06,9659
00909,國泰數位支付服務,25,0,25,富邦-高雄,2024-12-06,9659
6140,訊達,37,14,23,富邦-高雄,2024-12-06,9659
00642U,期元大S＆P石油,21,0,21,富邦-高雄,2024-12-06,9659
3062,建漢,21,0,21,富邦-高雄,2024-12-06,9659
3303,岱稜,30,10,20,富邦-高雄,2024-12-06,9659
2477,美隆電,20,0,20,富邦-高雄,2024-12-06,9659
2405,輔信,37,18,19,富邦-高雄,2024-12-06,9659
1312,國喬,20,2,18,富邦-高雄,2024-12-06,9659
2548,華固,20,2,18,富邦-高雄,2024-12-06,9659
8028,昇陽半導體,71,54,17,富邦-高雄,2024-12-06,9659
3049,精金,16,0,16,富邦-高雄,2024-12-06,9659
2371,大同,19,3,16,富邦-高雄,2024-12-06,9659
4931,新盛力,82,66,16,富邦-高雄,2024-12-06,9659
3591,艾笛森,30,15,15,富邦-高雄,2024-12-06,9659
6757,台灣虎航,17,2,15,富邦-高雄,2024-12-06,9659
1815,富喬,91,76,15,富邦-高雄,2024-12-06,9659
6230,尼得科超眾,15,0,15,富邦-高雄,2024-12-06,9659
3290,東浦,17,2,15,富邦-高雄,2024-12-06,9659
1319,東陽,14,0,14,富邦-高雄,2024-12-06,9659
3015,全漢,17,3,14,富邦-高雄,2024-12-06,9659
3317,尼克森,26,12,14,富邦-高雄,2024-12-06,9659
2330,台積電,21,7,14,富邦-高雄,2024-12-06,9659
2474,可成,15,2,13,富邦-高雄,2024-12-06,9659
3323,加百裕,23,10,13,富邦-高雄,2024-12-06,9659
00900,富邦特選高股息30,21,8,13,富邦-高雄,2024-12-06,9659
00941,中信上游半導體,16,4,12,富邦-高雄,2024-12-06,9659
00715L,期街口布蘭特正2,237,0,237,富邦-高雄,2024-12-09,9659
0056,元大高股息,174,2,172,富邦-高雄,2024-12-09,9659
00795B,中信美國公債20年,162,0,162,富邦-高雄,2024-12-09,9659
00882,中信中國高股息,165,5,160,富邦-高雄,2024-12-09,9659
1449,佳和,150,19,131,富邦-高雄,2024-12-09,9659
2317,鴻海,105,5,100,富邦-高雄,2024-12-09,9659
2431,聯昌,114,22,92,富邦-高雄,2024-12-09,9659
2472,立隆電,103,24,79,富邦-高雄,2024-12-09,9659
00953B,群益優選非投等債,70,1,69,富邦-高雄,2024-12-09,9659
00905,FT臺灣Smart,100,39,61,富邦-高雄,2024-12-09,9659
2883,凱基金,68,12,56,富邦-高雄,2024-12-09,9659
1528,恩德,52,2,50,富邦-高雄,2024-12-09,9659
3231,緯創,63,15,48,富邦-高雄,2024-12-09,9659
2449,京元電子,48,0,48,富邦-高雄,2024-12-09,9659
00915,凱基優選高股息30,57,10,47,富邦-高雄,2024-12-09,9659
00918,大華優利高填息30,55,10,45,富邦-高雄,2024-12-09,9659
2891,中信金,45,0,45,富邦-高雄,2024-12-09,9659
00637L,元大滬深300正2,111,70,41,富邦-高雄,2024-12-09,9659
6134,萬旭,42,2,40,富邦-高雄,2024-12-09,9659
00642U,期元大S＆P石油,35,0,35,富邦-高雄,2024-12-09,9659
2605,新興,46,11,35,富邦-高雄,2024-12-09,9659
3481,群創,58,23,35,富邦-高雄,2024-12-09,9659
6962,ITH-KY,51,18,33,富邦-高雄,2024-12-09,9659
2402,毅嘉,37,5,32,富邦-高雄,2024-12-09,9659
6442,光聖,43,14,29,富邦-高雄,2024-12-09,9659
1301,台塑,56,27,29,富邦-高雄,2024-12-09,9659
9105,泰金寶-DR,28,1,27,富邦-高雄,2024-12-09,9659
6695,芯鼎,51,24,27,富邦-高雄,2024-12-09,9659
00687B,國泰20年美債,34,8,26,富邦-高雄,2024-12-09,9659
6005,群益證,30,6,24,富邦-高雄,2024-12-09,9659
7722,LINEPAY,24,1,23,富邦-高雄,2024-12-09,9659
3062,建漢,28,5,23,富邦-高雄,2024-12-09,9659
8927,北基,23,0,23,富邦-高雄,2024-12-09,9659
1312,國喬,22,0,22,富邦-高雄,2024-12-09,9659
6505,台塑化,22,1,21,富邦-高雄,2024-12-09,9659
2344,華邦電,23,2,21,富邦-高雄,2024-12-09,9659
1904,正隆,20,0,20,富邦-高雄,2024-12-09,9659
2354,鴻準,71,52,19,富邦-高雄,2024-12-09,9659
00967B,元大優息美債,18,1,17,富邦-高雄,2024-12-09,9659
3706,神達,101,84,17,富邦-高雄,2024-12-09,9659
2615,萬海,145,129,16,富邦-高雄,2024-12-09,9659
2637,慧洋-KY,18,2,16,富邦-高雄,2024-12-09,9659
00650L,復華香港正2,16,0,16,富邦-高雄,2024-12-09,9659
00713,元大台灣高息低波,18,3,15,富邦-高雄,2024-12-09,9659
1314,中石化,15,0,15,富邦-高雄,2024-12-09,9659
4729,熒茂,15,0,15,富邦-高雄,2024-12-09,9659
2029,盛餘,15,0,15,富邦-高雄,2024-12-09,9659
5251,天鉞電,15,0,15,富邦-高雄,2024-12-09,9659
00885,富邦越南,21,6,15,富邦-高雄,2024-12-09,9659
00878,國泰永續高股息,57,43,14,富邦-高雄,2024-12-09,9659
00637L,元大滬深300正2,959,242,717,富邦-高雄,2024-12-10,9659
00679B,元大美債20年,409,18,391,富邦-高雄,2024-12-10,9659
00918,大華優利高填息30,224,0,224,富邦-高雄,2024-12-10,9659
00919,群益台灣精選高息,206,44,162,富邦-高雄,2024-12-10,9659
2609,陽明,272,127,145,富邦-高雄,2024-12-10,9659
00968B,元大優息投等債,113,0,113,富邦-高雄,2024-12-10,9659
1710,東聯,100,0,100,富邦-高雄,2024-12-10,9659
2618,長榮航,92,14,78,富邦-高雄,2024-12-10,9659
00878,國泰永續高股息,77,10,67,富邦-高雄,2024-12-10,9659
2317,鴻海,84,21,63,富邦-高雄,2024-12-10,9659
00680L,元大美債20正2,164,102,62,富邦-高雄,2024-12-10,9659
1301,台塑,58,2,56,富邦-高雄,2024-12-10,9659
00720B,元大投資級公司債,51,0,51,富邦-高雄,2024-12-10,9659
0056,元大高股息,65,19,46,富邦-高雄,2024-12-10,9659
00900,富邦特選高股息30,44,1,43,富邦-高雄,2024-12-10,9659
3231,緯創,52,9,43,富邦-高雄,2024-12-10,9659
2439,美律,40,0,40,富邦-高雄,2024-12-10,9659
00937B,群益ESG投等債20,47,8,39,富邦-高雄,2024-12-10,9659
00948B,中信優息投資級債,35,1,34,富邦-高雄,2024-12-10,9659
3706,神達,175,143,32,富邦-高雄,2024-12-10,9659
2495,普安,31,0,31,富邦-高雄,2024-12-10,9659
1718,中纖,30,0,30,富邦-高雄,2024-12-10,9659
00664R,國泰臺灣加權反1,30,0,30,富邦-高雄,2024-12-10,9659
00940,元大台灣價值高息,61,35,26,富邦-高雄,2024-12-10,9659
1815,富喬,102,75,27,富邦-高雄,2024-12-10,9659
2547,日勝生,29,3,26,富邦-高雄,2024-12-10,9659
00673R,期元大S＆P原油反1,25,0,25,富邦-高雄,2024-12-10,9659
2337,旺宏,25,0,25,富邦-高雄,2024-12-10,9659
2891,中信金,32,10,22,富邦-高雄,2024-12-10,9659
00967B,元大優息美債,22,0,22,富邦-高雄,2024-12-10,9659
2834,臺企銀,20,0,20,富邦-高雄,2024-12-10,9659
6226,光鼎,20,0,20,富邦-高雄,2024-12-10,9659
1447,力鵬,20,0,20,富邦-高雄,2024-12-10,9659
2474,可成,19,0,19,富邦-高雄,2024-12-10,9659
6558,興能高,37,18,19,富邦-高雄,2024-12-10,9659
1471,首利,20,1,19,富邦-高雄,2024-12-10,9659
911608,明輝-DR,19,0,19,富邦-高雄,2024-12-10,9659
4174,浩鼎,18,0,18,富邦-高雄,2024-12-10,9659
8097,常珵,20,2,18,富邦-高雄,2024-12-10,9659
4977,眾達-KY,74,56,18,富邦-高雄,2024-12-10,9659
1605,華新,19,1,18,富邦-高雄,2024-12-10,9659
00674R,期元大S＆P黃金反1,17,0,17,富邦-高雄,2024-12-10,9659
00953B,群益優選非投等債,16,0,16,富邦-高雄,2024-12-10,9659
2915,潤泰全,16,0,16,富邦-高雄,2024-12-10,9659
6706,惠特,16,0,16,富邦-高雄,2024-12-10,9659
1608,華榮,16,0,16,富邦-高雄,2024-12-10,9659
5880,合庫金,16,0,16,富邦-高雄,2024-12-10,9659
2427,三商電,21,5,16,富邦-高雄,2024-12-10,9659
00909,國泰數位支付服務,15,0,15,富邦-高雄,2024-12-10,9659
8249,菱光,23,8,15,富邦-高雄,2024-12-10,9659
00918,大華優利高填息30,198,2,196,富邦-高雄,2024-12-11,9659
00680L,元大美債20正2,143,7,136,富邦-高雄,2024-12-11,9659
00637L,元大滬深300正2,128,2,126,富邦-高雄,2024-12-11,9659
00679B,元大美債20年,120,0,120,富邦-高雄,2024-12-11,9659
3231,緯創,119,1,118,富邦-高雄,2024-12-11,9659
2303,聯電,147,38,109,富邦-高雄,2024-12-11,9659
2317,鴻海,110,17,93,富邦-高雄,2024-12-11,9659
2002,中鋼,110,27,83,富邦-高雄,2024-12-11,9659
00919,群益台灣精選高息,123,44,79,富邦-高雄,2024-12-11,9659
2610,華航,100,24,76,富邦-高雄,2024-12-11,9659
5871,中租-KY,73,1,72,富邦-高雄,2024-12-11,9659
00929,復華台灣科技優息,170,99,71,富邦-高雄,2024-12-11,9659
6770,力積電,81,13,68,富邦-高雄,2024-12-11,9659
4977,眾達-KY,88,20,68,富邦-高雄,2024-12-11,9659
1717,長興,64,0,64,富邦-高雄,2024-12-11,9659
0056,元大高股息,62,15,47,富邦-高雄,2024-12-11,9659
2834,臺企銀,46,1,45,富邦-高雄,2024-12-11,9659
2882,國泰金,45,2,43,富邦-高雄,2024-12-11,9659
00967B,元大優息美債,42,0,42,富邦-高雄,2024-12-11,9659
2537,聯上發,41,0,41,富邦-高雄,2024-12-11,9659
1815,富喬,153,113,40,富邦-高雄,2024-12-11,9659
00878,國泰永續高股息,61,22,39,富邦-高雄,2024-12-11,9659
3491,昇達科,52,14,38,富邦-高雄,2024-12-11,9659
9105,泰金寶-DR,57,20,37,富邦-高雄,2024-12-11,9659
2382,廣達,37,1,36,富邦-高雄,2024-12-11,9659
4960,誠美材,44,10,34,富邦-高雄,2024-12-11,9659
2201,裕隆,38,5,33,富邦-高雄,2024-12-11,9659
1312,國喬,34,4,30,富邦-高雄,2024-12-11,9659
1314,中石化,30,0,30,富邦-高雄,2024-12-11,9659
6505,台塑化,33,3,30,富邦-高雄,2024-12-11,9659
00642U,期元大S＆P石油,30,0,30,富邦-高雄,2024-12-11,9659
2891,中信金,32,6,26,富邦-高雄,2024-12-11,9659
00944,野村趨勢動能高息,24,0,24,富邦-高雄,2024-12-11,9659
6442,光聖,52,29,23,富邦-高雄,2024-12-11,9659
2312,金寶,38,15,23,富邦-高雄,2024-12-11,9659
2354,鴻準,58,35,23,富邦-高雄,2024-12-11,9659
2867,三商壽,22,0,22,富邦-高雄,2024-12-11,9659
2615,萬海,31,9,22,富邦-高雄,2024-12-11,9659
2890,永豐金,22,0,22,富邦-高雄,2024-12-11,9659
006208,富邦台50,22,0,22,富邦-高雄,2024-12-11,9659
2892,第一金,22,1,21,富邦-高雄,2024-12-11,9659
2915,潤泰全,21,0,21,富邦-高雄,2024-12-11,9659
2401,凌陽,25,5,20,富邦-高雄,2024-12-11,9659
3546,宇峻,20,0,20,富邦-高雄,2024-12-11,9659
6142,友勁,18,0,18,富邦-高雄,2024-12-11,9659
1569,濱川,18,1,17,富邦-高雄,2024-12-11,9659
2316,楠梓電,18,1,17,富邦-高雄,2024-12-11,9659
00753L,中信中國50正2,87,71,16,富邦-高雄,2024-12-11,9659
00932,兆豐永續高息等權,16,0,16,富邦-高雄,2024-12-11,9659
6284,佳邦,15,0,15,富邦-高雄,2024-12-11,9659
00687B,國泰20年美債,326,30,296,富邦-高雄,2024-12-12,9659
1314,中石化,240,2,238,富邦-高雄,2024-12-12,9659
00680L,元大美債20正2,159,20,139,富邦-高雄,2024-12-12,9659
00918,大華優利高填息30,133,5,128,富邦-高雄,2024-12-12,9659
2002,中鋼,120,2,118,富邦-高雄,2024-12-12,9659
2303,聯電,152,37,115,富邦-高雄,2024-12-12,9659
00915,凱基優選高股息30,177,64,113,富邦-高雄,2024-12-12,9659
00959B,大華投等美債15Y+,120,30,90,富邦-高雄,2024-12-12,9659
00882,中信中國高股息,113,26,87,富邦-高雄,2024-12-12,9659
00679B,元大美債20年,264,180,84,富邦-高雄,2024-12-12,9659
00937B,群益ESG投等債20,223,142,81,富邦-高雄,2024-12-12,9659
9802,鈺齊-KY,80,10,70,富邦-高雄,2024-12-12,9659
2313,華通,95,42,53,富邦-高雄,2024-12-12,9659
2312,金寶,79,29,50,富邦-高雄,2024-12-12,9659
6505,台塑化,51,2,49,富邦-高雄,2024-12-12,9659
00919,群益台灣精選高息,82,36,46,富邦-高雄,2024-12-12,9659
00950B,凱基A級公司債,44,0,44,富邦-高雄,2024-12-12,9659
1815,富喬,55,11,44,富邦-高雄,2024-12-12,9659
00967B,元大優息美債,42,0,42,富邦-高雄,2024-12-12,9659
00968B,元大優息投等債,41,0,41,富邦-高雄,2024-12-12,9659
1524,耿鼎,224,183,41,富邦-高雄,2024-12-12,9659
2812,台中銀,40,2,38,富邦-高雄,2024-12-12,9659
1312,國喬,42,5,37,富邦-高雄,2024-12-12,9659
00764B,群益25年美債,36,0,36,富邦-高雄,2024-12-12,9659
2317,鴻海,55,21,34,富邦-高雄,2024-12-12,9659
00720B,元大投資級公司債,33,1,32,富邦-高雄,2024-12-12,9659
8936,國統,33,1,32,富邦-高雄,2024-12-12,9659
2471,資通,56,26,30,富邦-高雄,2024-12-12,9659
00926,凱基全球菁英55,31,1,30,富邦-高雄,2024-12-12,9659
00945B,凱基美國非投等債,29,0,29,富邦-高雄,2024-12-12,9659
4971,IET-KY,35,7,28,富邦-高雄,2024-12-12,9659
00712,復華富時不動產,28,1,27,富邦-高雄,2024-12-12,9659
5871,中租-KY,26,0,26,富邦-高雄,2024-12-12,9659
2537,聯上發,26,0,26,富邦-高雄,2024-12-12,9659
8069,元太,25,0,25,富邦-高雄,2024-12-12,9659
00673R,期元大S＆P原油反1,125,100,25,富邦-高雄,2024-12-12,9659
2524,京城,25,1,24,富邦-高雄,2024-12-12,9659
3587,閎康,24,0,24,富邦-高雄,2024-12-12,9659
5309,系統電,31,8,23,富邦-高雄,2024-12-12,9659
2867,三商壽,23,0,23,富邦-高雄,2024-12-12,9659
6187,萬潤,28,8,20,富邦-高雄,2024-12-12,9659
00696B,富邦美債20年,20,0,20,富邦-高雄,2024-12-12,9659
3023,信邦,20,0,20,富邦-高雄,2024-12-12,9659
1802,台玻,21,1,20,富邦-高雄,2024-12-12,9659
4577,達航科技,22,2,20,富邦-高雄,2024-12-12,9659
3363,上詮,50,31,19,富邦-高雄,2024-12-12,9659
2618,長榮航,30,12,18,富邦-高雄,2024-12-12,9659
2890,永豐金,47,30,17,富邦-高雄,2024-12-12,9659
6741,91APP*-KY,28,11,17,富邦-高雄,2024-12-12,9659
00893,國泰智能電動車,29,13,16,富邦-高雄,2024-12-12,9659
00753L,中信中國50正2,493,41,452,富邦-高雄,2024-12-13,9659
00937B,群益ESG投等債20,220,4,216,富邦-高雄,2024-12-13,9659
00959B,大華投等美債15Y+,199,0,199,富邦-高雄,2024-12-13,9659
00918,大華優利高填息30,162,45,117,富邦-高雄,2024-12-13,9659
00919,群益台灣精選高息,132,23,109,富邦-高雄,2024-12-13,9659
00687B,國泰20年美債,129,22,107,富邦-高雄,2024-12-13,9659
2328,廣宇,116,9,107,富邦-高雄,2024-12-13,9659
2887,台新金,92,0,92,富邦-高雄,2024-12-13,9659
2330,台積電,102,9,93,富邦-高雄,2024-12-13,9659
00878,國泰永續高股息,98,7,91,富邦-高雄,2024-12-13,9659
0056,元大高股息,80,4,76,富邦-高雄,2024-12-13,9659
00915,凱基優選高股息30,65,0,65,富邦-高雄,2024-12-13,9659
2303,聯電,122,57,65,富邦-高雄,2024-12-13,9659
2317,鴻海,115,59,56,富邦-高雄,2024-12-13,9659
2883,凱基金,55,0,55,富邦-高雄,2024-12-13,9659
2867,三商壽,68,13,55,富邦-高雄,2024-12-13,9659
4960,誠美材,50,0,50,富邦-高雄,2024-12-13,9659
1314,中石化,46,0,46,富邦-高雄,2024-12-13,9659
3706,神達,214,171,43,富邦-高雄,2024-12-13,9659
00706L,期元大S＆P日圓正2,40,5,35,富邦-高雄,2024-12-13,9659
2486,一詮,37,3,34,富邦-高雄,2024-12-13,9659
2208,台船,34,0,34,富邦-高雄,2024-12-13,9659
2002,中鋼,55,22,33,富邦-高雄,2024-12-13,9659
2356,英業達,224,191,33,富邦-高雄,2024-12-13,9659
1717,長興,33,0,33,富邦-高雄,2024-12-13,9659
00713,元大台灣高息低波,33,0,33,富邦-高雄,2024-12-13,9659
00950B,凱基A級公司債,31,0,31,富邦-高雄,2024-12-13,9659
5014,建錩,30,0,30,富邦-高雄,2024-12-13,9659
5871,中租-KY,32,3,29,富邦-高雄,2024-12-13,9659
00665L,富邦�琤肭磪囓�2,37,8,29,富邦-高雄,2024-12-13,9659
00933B,國泰10Y+金融債,28,0,28,富邦-高雄,2024-12-13,9659
1605,華新,29,2,27,富邦-高雄,2024-12-13,9659
00948B,中信優息投資級債,128,100,28,富邦-高雄,2024-12-13,9659
2406,國碩,27,0,27,富邦-高雄,2024-12-13,9659
00688L,國泰20年美債正2,93,67,26,富邦-高雄,2024-12-13,9659
1440,南紡,26,0,26,富邦-高雄,2024-12-13,9659
9802,鈺齊-KY,46,20,26,富邦-高雄,2024-12-13,9659
3481,群創,41,18,23,富邦-高雄,2024-12-13,9659
8089,康全電訊,23,0,23,富邦-高雄,2024-12-13,9659
1802,台玻,24,1,23,富邦-高雄,2024-12-13,9659
3231,緯創,29,6,23,富邦-高雄,2024-12-13,9659
8936,國統,22,0,22,富邦-高雄,2024-12-13,9659
2408,南亞科,38,16,22,富邦-高雄,2024-12-13,9659
00967B,元大優息美債,22,0,22,富邦-高雄,2024-12-13,9659
1524,耿鼎,28,6,22,富邦-高雄,2024-12-13,9659
00673R,期元大S＆P原油反1,22,0,22,富邦-高雄,2024-12-13,9659
2633,台灣高鐵,21,0,21,富邦-高雄,2024-12-13,9659
6261,久元,20,0,20,富邦-高雄,2024-12-13,9659
00764B,群益25年美債,20,0,20,富邦-高雄,2024-12-13,9659
2618,長榮航,52,32,20,富邦-高雄,2024-12-13,9659
2002,中鋼,313,56,257,富邦-高雄,2024-12-16,9659
00673R,期元大S＆P原油反1,241,0,241,富邦-高雄,2024-12-16,9659
9105,泰金寶-DR,309,73,236,富邦-高雄,2024-12-16,9659
00937B,群益ESG投等債20,298,72,226,富邦-高雄,2024-12-16,9659
00712,復華富時不動產,227,4,223,富邦-高雄,2024-12-16,9659
00918,大華優利高填息30,258,40,218,富邦-高雄,2024-12-16,9659
00919,群益台灣精選高息,242,32,210,富邦-高雄,2024-12-16,9659
5481,新華,246,137,109,富邦-高雄,2024-12-16,9659
0056,元大高股息,96,15,81,富邦-高雄,2024-12-16,9659
00637L,元大滬深300正2,94,25,69,富邦-高雄,2024-12-16,9659
2890,永豐金,63,0,63,富邦-高雄,2024-12-16,9659
2618,長榮航,70,7,63,富邦-高雄,2024-12-16,9659
00687B,國泰20年美債,79,17,62,富邦-高雄,2024-12-16,9659
2317,鴻海,96,39,57,富邦-高雄,2024-12-16,9659
2061,風青,50,0,50,富邦-高雄,2024-12-16,9659
2609,陽明,155,109,46,富邦-高雄,2024-12-16,9659
1220,台榮,40,4,36,富邦-高雄,2024-12-16,9659
00933B,國泰10Y+金融債,34,0,34,富邦-高雄,2024-12-16,9659
2603,長榮,52,19,33,富邦-高雄,2024-12-16,9659
3706,神達,137,104,33,富邦-高雄,2024-12-16,9659
1717,長興,32,0,32,富邦-高雄,2024-12-16,9659
00878,國泰永續高股息,75,45,30,富邦-高雄,2024-12-16,9659
2258,鴻華先進-創,30,0,30,富邦-高雄,2024-12-16,9659
2355,敬鵬,41,11,30,富邦-高雄,2024-12-16,9659
00915,凱基優選高股息30,50,22,28,富邦-高雄,2024-12-16,9659
8069,元太,26,1,25,富邦-高雄,2024-12-16,9659
2537,聯上發,25,0,25,富邦-高雄,2024-12-16,9659
2867,三商壽,27,5,22,富邦-高雄,2024-12-16,9659
2464,盟立,82,63,19,富邦-高雄,2024-12-16,9659
2449,京元電子,20,1,19,富邦-高雄,2024-12-16,9659
2382,廣達,28,9,19,富邦-高雄,2024-12-16,9659
3037,欣興,27,8,19,富邦-高雄,2024-12-16,9659
2615,萬海,33,15,18,富邦-高雄,2024-12-16,9659
00795B,中信美國公債20年,18,0,18,富邦-高雄,2024-12-16,9659
2412,中華電,18,0,18,富邦-高雄,2024-12-16,9659
00940,元大台灣價值高息,54,37,17,富邦-高雄,2024-12-16,9659
2363,矽統,16,0,16,富邦-高雄,2024-12-16,9659
6156,松上,16,0,16,富邦-高雄,2024-12-16,9659
4540,全球傳動,72,57,15,富邦-高雄,2024-12-16,9659
00632R,元大台灣50反1,20,6,14,富邦-高雄,2024-12-16,9659
3481,群創,29,15,14,富邦-高雄,2024-12-16,9659
00926,凱基全球菁英55,14,0,14,富邦-高雄,2024-12-16,9659
00706L,期元大S＆P日圓正2,14,0,14,富邦-高雄,2024-12-16,9659
00932,兆豐永續高息等權,13,0,13,富邦-高雄,2024-12-16,9659
6592,和潤企業,13,0,13,富邦-高雄,2024-12-16,9659
2027,大成鋼,14,1,13,富邦-高雄,2024-12-16,9659
6235,華孚,13,1,12,富邦-高雄,2024-12-16,9659
00930,永豐ESG低碳高息,13,1,12,富邦-高雄,2024-12-16,9659
3376,新日興,23,11,12,富邦-高雄,2024-12-16,9659
2312,金寶,23,11,12,富邦-高雄,2024-12-16,9659
00680L,元大美債20正2,412,80,332,富邦-高雄,2024-12-17,9659
00751B,元大AAA至A公司債,108,0,108,富邦-高雄,2024-12-17,9659
00915,凱基優選高股息30,107,1,106,富邦-高雄,2024-12-17,9659
00937B,群益ESG投等債20,113,12,101,富邦-高雄,2024-12-17,9659
1815,富喬,111,13,98,富邦-高雄,2024-12-17,9659
00918,大華優利高填息30,118,22,96,富邦-高雄,2024-12-17,9659
00713,元大台灣高息低波,95,2,93,富邦-高雄,2024-12-17,9659
2464,盟立,93,9,84,富邦-高雄,2024-12-17,9659
00919,群益台灣精選高息,173,91,82,富邦-高雄,2024-12-17,9659
00673R,期元大S＆P原油反1,80,0,80,富邦-高雄,2024-12-17,9659
2317,鴻海,88,10,78,富邦-高雄,2024-12-17,9659
2883,凱基金,84,14,70,富邦-高雄,2024-12-17,9659
6962,ITH-KY,94,35,59,富邦-高雄,2024-12-17,9659
1414,東和,58,0,58,富邦-高雄,2024-12-17,9659
5880,合庫金,56,6,50,富邦-高雄,2024-12-17,9659
0056,元大高股息,56,7,49,富邦-高雄,2024-12-17,9659
2882,國泰金,50,2,48,富邦-高雄,2024-12-17,9659
4533,協易機,86,43,43,富邦-高雄,2024-12-17,9659
2002,中鋼,68,28,40,富邦-高雄,2024-12-17,9659
00953B,群益優選非投等債,46,7,39,富邦-高雄,2024-12-17,9659
6558,興能高,43,8,35,富邦-高雄,2024-12-17,9659
2489,瑞軒,40,6,34,富邦-高雄,2024-12-17,9659
00930,永豐ESG低碳高息,27,0,27,富邦-高雄,2024-12-17,9659
9910,豐泰,27,0,27,富邦-高雄,2024-12-17,9659
00959B,大華投等美債15Y+,31,4,27,富邦-高雄,2024-12-17,9659
2449,京元電子,30,3,27,富邦-高雄,2024-12-17,9659
00907,永豐優息存股,29,2,27,富邦-高雄,2024-12-17,9659
3406,玉晶光,26,0,26,富邦-高雄,2024-12-17,9659
1301,台塑,32,9,23,富邦-高雄,2024-12-17,9659
2367,燿華,43,20,23,富邦-高雄,2024-12-17,9659
1605,華新,25,2,23,富邦-高雄,2024-12-17,9659
00706L,期元大S＆P日圓正2,22,0,22,富邦-高雄,2024-12-17,9659
2015,豐興,22,0,22,富邦-高雄,2024-12-17,9659
3041,揚智,68,46,22,富邦-高雄,2024-12-17,9659
2327,國巨,22,0,22,富邦-高雄,2024-12-17,9659
00950B,凱基A級公司債,21,0,21,富邦-高雄,2024-12-17,9659
8111,立��,50,29,21,富邦-高雄,2024-12-17,9659
5519,隆大,20,0,20,富邦-高雄,2024-12-17,9659
00643,群益深証中小,20,0,20,富邦-高雄,2024-12-17,9659
2049,上銀,24,4,20,富邦-高雄,2024-12-17,9659
2374,佳能,152,132,20,富邦-高雄,2024-12-17,9659
2609,陽明,47,27,20,富邦-高雄,2024-12-17,9659
2834,臺企銀,41,22,19,富邦-高雄,2024-12-17,9659
2881,富邦金,30,10,20,富邦-高雄,2024-12-17,9659
2359,所羅門,77,58,19,富邦-高雄,2024-12-17,9659
1449,佳和,22,3,19,富邦-高雄,2024-12-17,9659
3419,譁裕,19,0,19,富邦-高雄,2024-12-17,9659
2006,東和鋼鐵,18,0,18,富邦-高雄,2024-12-17,9659
1220,台榮,38,20,18,富邦-高雄,2024-12-17,9659
2633,台灣高鐵,18,0,18,富邦-高雄,2024-12-17,9659
9105,泰金寶-DR,332,40,292,富邦-高雄,2024-12-18,9659
1301,台塑,332,57,275,富邦-高雄,2024-12-18,9659
00918,大華優利高填息30,196,40,156,富邦-高雄,2024-12-18,9659
00688L,國泰20年美債正2,156,0,156,富邦-高雄,2024-12-18,9659
2867,三商壽,130,21,109,富邦-高雄,2024-12-18,9659
2368,金像電,167,73,94,富邦-高雄,2024-12-18,9659
2464,盟立,83,2,81,富邦-高雄,2024-12-18,9659
00687B,國泰20年美債,84,10,74,富邦-高雄,2024-12-18,9659
00665L,富邦�琤肭磪囓�2,76,3,73,富邦-高雄,2024-12-18,9659
2002,中鋼,92,25,67,富邦-高雄,2024-12-18,9659
00878,國泰永續高股息,78,16,62,富邦-高雄,2024-12-18,9659
2855,統一證,61,0,61,富邦-高雄,2024-12-18,9659
00712,復華富時不動產,68,13,55,富邦-高雄,2024-12-18,9659
4571,鈞興-KY,64,13,51,富邦-高雄,2024-12-18,9659
00637L,元大滬深300正2,98,47,51,富邦-高雄,2024-12-18,9659
00795B,中信美國公債20年,51,0,51,富邦-高雄,2024-12-18,9659
00673R,期元大S＆P原油反1,51,2,49,富邦-高雄,2024-12-18,9659
3481,群創,50,5,45,富邦-高雄,2024-12-18,9659
0056,元大高股息,54,11,43,富邦-高雄,2024-12-18,9659
1213,大飲,43,2,41,富邦-高雄,2024-12-18,9659
2881,富邦金,48,12,36,富邦-高雄,2024-12-18,9659
2061,風青,33,0,33,富邦-高雄,2024-12-18,9659
1802,台玻,34,1,33,富邦-高雄,2024-12-18,9659
3406,玉晶光,33,2,31,富邦-高雄,2024-12-18,9659
2891,中信金,35,4,31,富邦-高雄,2024-12-18,9659
2317,鴻海,53,24,29,富邦-高雄,2024-12-18,9659
00915,凱基優選高股息30,29,0,29,富邦-高雄,2024-12-18,9659
2354,鴻準,41,12,29,富邦-高雄,2024-12-18,9659
2886,兆豐金,28,1,27,富邦-高雄,2024-12-18,9659
2618,長榮航,78,52,26,富邦-高雄,2024-12-18,9659
00922,國泰台灣領袖50,32,11,21,富邦-高雄,2024-12-18,9659
00882,中信中國高股息,26,5,21,富邦-高雄,2024-12-18,9659
00952,凱基台灣AI50,21,0,21,富邦-高雄,2024-12-18,9659
3706,神達,92,71,21,富邦-高雄,2024-12-18,9659
00968B,元大優息投等債,20,0,20,富邦-高雄,2024-12-18,9659
4971,IET-KY,25,5,20,富邦-高雄,2024-12-18,9659
2603,長榮,24,4,20,富邦-高雄,2024-12-18,9659
2609,陽明,56,37,19,富邦-高雄,2024-12-18,9659
6274,台燿,25,7,18,富邦-高雄,2024-12-18,9659
4772,台特化,20,2,18,富邦-高雄,2024-12-18,9659
2409,友達,33,16,17,富邦-高雄,2024-12-18,9659
4510,高鋒,38,21,17,富邦-高雄,2024-12-18,9659
2882,國泰金,18,1,17,富邦-高雄,2024-12-18,9659
5371,中光電,192,176,16,富邦-高雄,2024-12-18,9659
00958B,永豐ESG銀行債15,16,0,16,富邦-高雄,2024-12-18,9659
2367,燿華,22,6,16,富邦-高雄,2024-12-18,9659
2542,興富發,16,1,15,富邦-高雄,2024-12-18,9659
00643,群益深証中小,15,0,15,富邦-高雄,2024-12-18,9659
2344,華邦電,74,59,15,富邦-高雄,2024-12-18,9659
00950B,凱基A級公司債,14,0,14,富邦-高雄,2024-12-18,9659
00679B,元大美債20年,389,7,382,富邦-高雄,2024-12-19,9659
00918,大華優利高填息30,347,16,331,富邦-高雄,2024-12-19,9659
00712,復華富時不動產,336,10,326,富邦-高雄,2024-12-19,9659
00937B,群益ESG投等債20,324,16,308,富邦-高雄,2024-12-19,9659
4977,眾達-KY,172,21,151,富邦-高雄,2024-12-19,9659
00882,中信中國高股息,167,25,142,富邦-高雄,2024-12-19,9659
00680L,元大美債20正2,160,25,135,富邦-高雄,2024-12-19,9659
00687B,國泰20年美債,137,13,124,富邦-高雄,2024-12-19,9659
00795B,中信美國公債20年,118,0,118,富邦-高雄,2024-12-19,9659
00878,國泰永續高股息,143,26,117,富邦-高雄,2024-12-19,9659
2882,國泰金,103,6,97,富邦-高雄,2024-12-19,9659
2883,凱基金,112,25,87,富邦-高雄,2024-12-19,9659
2049,上銀,85,12,73,富邦-高雄,2024-12-19,9659
00919,群益台灣精選高息,159,86,73,富邦-高雄,2024-12-19,9659
8047,星雲,126,61,65,富邦-高雄,2024-12-19,9659
00922,國泰台灣領袖50,65,4,61,富邦-高雄,2024-12-19,9659
2317,鴻海,70,10,60,富邦-高雄,2024-12-19,9659
0056,元大高股息,53,4,49,富邦-高雄,2024-12-19,9659
2303,聯電,69,20,49,富邦-高雄,2024-12-19,9659
00950B,凱基A級公司債,48,0,48,富邦-高雄,2024-12-19,9659
2609,陽明,164,116,48,富邦-高雄,2024-12-19,9659
2887,台新金,47,0,47,富邦-高雄,2024-12-19,9659
00665L,富邦�琤肭磪囓�2,58,13,45,富邦-高雄,2024-12-19,9659
2332,友訊,51,7,44,富邦-高雄,2024-12-19,9659
2542,興富發,47,4,43,富邦-高雄,2024-12-19,9659
00725B,國泰投資級公司債,42,0,42,富邦-高雄,2024-12-19,9659
1718,中纖,41,0,41,富邦-高雄,2024-12-19,9659
2855,統一證,41,0,41,富邦-高雄,2024-12-19,9659
2408,南亞科,62,24,38,富邦-高雄,2024-12-19,9659
00926,凱基全球菁英55,37,0,37,富邦-高雄,2024-12-19,9659
00958B,永豐ESG銀行債15,35,0,35,富邦-高雄,2024-12-19,9659
6962,ITH-KY,45,10,35,富邦-高雄,2024-12-19,9659
006208,富邦台50,38,3,35,富邦-高雄,2024-12-19,9659
2618,長榮航,44,9,35,富邦-高雄,2024-12-19,9659
5880,合庫金,38,4,34,富邦-高雄,2024-12-19,9659
2062,橋椿,38,6,32,富邦-高雄,2024-12-19,9659
2723,美食-KY,31,0,31,富邦-高雄,2024-12-19,9659
00915,凱基優選高股息30,30,1,29,富邦-高雄,2024-12-19,9659
2880,華南金,28,0,28,富邦-高雄,2024-12-19,9659
00905,FT臺灣Smart,28,0,28,富邦-高雄,2024-12-19,9659
2382,廣達,28,0,28,富邦-高雄,2024-12-19,9659
2881,富邦金,32,8,24,富邦-高雄,2024-12-19,9659
2061,風青,22,0,22,富邦-高雄,2024-12-19,9659
5244,弘凱,52,30,22,富邦-高雄,2024-12-19,9659
4971,IET-KY,30,9,21,富邦-高雄,2024-12-19,9659
00967B,元大優息美債,20,0,20,富邦-高雄,2024-12-19,9659
00852L,國泰美國道瓊正2,20,0,20,富邦-高雄,2024-12-19,9659
4534,慶騰,21,1,20,富邦-高雄,2024-12-19,9659
00631L,元大台灣50正2,19,0,19,富邦-高雄,2024-12-19,9659
6770,力積電,29,10,19,富邦-高雄,2024-12-19,9659
