Ticker,Name,buy,sell,diff,Branch,Date,Branch_Code
00632R,元大台灣50反1,196,42,154,富邦-新店,2023-01-03,9661
1605,華新,118,41,77,富邦-新店,2023-01-03,9661
2610,華航,66,13,53,富邦-新店,2023-01-03,9661
00878,國泰永續高股息,52,1,51,富邦-新店,2023-01-03,9661
2317,鴻海,55,22,33,富邦-新店,2023-01-03,9661
00679B,元大美債20年,32,0,32,富邦-新店,2023-01-03,9661
00893,國泰智能電動車,32,1,31,富邦-新店,2023-01-03,9661
00895,富邦未來車,31,1,30,富邦-新店,2023-01-03,9661
1101,台泥,34,5,29,富邦-新店,2023-01-03,9661
5009,榮剛,28,0,28,富邦-新店,2023-01-03,9661
8033,雷虎,34,6,28,富邦-新店,2023-01-03,9661
1760,寶齡富錦,115,88,27,富邦-新店,2023-01-03,9661
6245,立端,27,0,27,富邦-新店,2023-01-03,9661
1707,葡萄王,25,0,25,富邦-新店,2023-01-03,9661
2609,陽明,37,13,24,富邦-新店,2023-01-03,9661
6231,系微,24,0,24,富邦-新店,2023-01-03,9661
1609,大亞,24,2,22,富邦-新店,2023-01-03,9661
1301,台塑,20,1,19,富邦-新店,2023-01-03,9661
00885,富邦越南,18,0,18,富邦-新店,2023-01-03,9661
6180,橘子,24,8,16,富邦-新店,2023-01-03,9661
3037,欣興,25,9,16,富邦-新店,2023-01-03,9661
4746,台耀,15,0,15,富邦-新店,2023-01-03,9661
4130,健亞,26,11,15,富邦-新店,2023-01-03,9661
1584,精剛,32,18,14,富邦-新店,2023-01-03,9661
3479,安勤,22,9,13,富邦-新店,2023-01-03,9661
1722,台肥,12,0,12,富邦-新店,2023-01-03,9661
2886,兆豐金,12,1,11,富邦-新店,2023-01-03,9661
2606,裕民,14,3,11,富邦-新店,2023-01-03,9661
5608,四維航,17,6,11,富邦-新店,2023-01-03,9661
3682,亞太電,11,0,11,富邦-新店,2023-01-03,9661
1717,長興,10,0,10,富邦-新店,2023-01-03,9661
2365,昆盈,10,0,10,富邦-新店,2023-01-03,9661
5498,凱崴,10,0,10,富邦-新店,2023-01-03,9661
0050,元大台灣50,12,3,9,富邦-新店,2023-01-03,9661
6550,北極星藥業-KY,10,1,9,富邦-新店,2023-01-03,9661
2929,淘帝-KY,13,4,9,富邦-新店,2023-01-03,9661
2614,東森,8,0,8,富邦-新店,2023-01-03,9661
2431,聯昌,10,2,8,富邦-新店,2023-01-03,9661
00715L,期街口布蘭特正2,13,5,8,富邦-新店,2023-01-03,9661
4977,眾達-KY,13,5,8,富邦-新店,2023-01-03,9661
9802,鈺齊-KY,10,2,8,富邦-新店,2023-01-03,9661
4961,天鈺,25,17,8,富邦-新店,2023-01-03,9661
4736,泰博,7,0,7,富邦-新店,2023-01-03,9661
00637L,元大滬深300正2,67,60,7,富邦-新店,2023-01-03,9661
00680L,元大美債20正2,7,0,7,富邦-新店,2023-01-03,9661
3558,神準,10,3,7,富邦-新店,2023-01-03,9661
2063,世鎧,7,0,7,富邦-新店,2023-01-03,9661
00772B,中信高評級公司債,7,0,7,富邦-新店,2023-01-03,9661
4128,中天,7,0,7,富邦-新店,2023-01-03,9661
2603,長榮,20,13,7,富邦-新店,2023-01-03,9661
00885,富邦越南,71,3,68,富邦-新店,2023-01-04,9661
3508,位速,57,0,57,富邦-新店,2023-01-04,9661
5608,四維航,69,15,54,富邦-新店,2023-01-04,9661
2834,臺企銀,50,2,48,富邦-新店,2023-01-04,9661
4979,華星光,59,12,47,富邦-新店,2023-01-04,9661
6231,系微,43,0,43,富邦-新店,2023-01-04,9661
00893,國泰智能電動車,44,5,39,富邦-新店,2023-01-04,9661
1609,大亞,61,23,38,富邦-新店,2023-01-04,9661
8088,品安,32,0,32,富邦-新店,2023-01-04,9661
4906,正文,31,0,31,富邦-新店,2023-01-04,9661
00651R,復華香港反1,35,5,30,富邦-新店,2023-01-04,9661
8046,南電,36,7,29,富邦-新店,2023-01-04,9661
4958,臻鼎-KY,27,0,27,富邦-新店,2023-01-04,9661
00715L,期街口布蘭特正2,27,1,26,富邦-新店,2023-01-04,9661
2884,玉山金,25,1,24,富邦-新店,2023-01-04,9661
3189,景碩,20,0,20,富邦-新店,2023-01-04,9661
3504,揚明光,21,1,20,富邦-新店,2023-01-04,9661
1584,精剛,38,18,20,富邦-新店,2023-01-04,9661
2406,國碩,35,15,20,富邦-新店,2023-01-04,9661
8069,元太,73,54,19,富邦-新店,2023-01-04,9661
8028,昇陽半導體,20,1,19,富邦-新店,2023-01-04,9661
6550,北極星藥業-KY,22,3,19,富邦-新店,2023-01-04,9661
3537,堡達,19,0,19,富邦-新店,2023-01-04,9661
8261,富鼎,21,2,19,富邦-新店,2023-01-04,9661
4746,台耀,19,2,17,富邦-新店,2023-01-04,9661
00878,國泰永續高股息,17,1,16,富邦-新店,2023-01-04,9661
2317,鴻海,35,19,16,富邦-新店,2023-01-04,9661
2353,宏��,20,4,16,富邦-新店,2023-01-04,9661
6104,創惟,24,8,16,富邦-新店,2023-01-04,9661
2014,中鴻,19,4,15,富邦-新店,2023-01-04,9661
00895,富邦未來車,25,11,14,富邦-新店,2023-01-04,9661
4130,健亞,37,24,13,富邦-新店,2023-01-04,9661
00902,中信電池及儲能,13,0,13,富邦-新店,2023-01-04,9661
2201,裕隆,41,28,13,富邦-新店,2023-01-04,9661
00903,富邦元宇宙,13,0,13,富邦-新店,2023-01-04,9661
00680L,元大美債20正2,14,1,13,富邦-新店,2023-01-04,9661
4541,晟田,13,0,13,富邦-新店,2023-01-04,9661
00830,國泰費城半導體,13,0,13,富邦-新店,2023-01-04,9661
2609,陽明,20,7,13,富邦-新店,2023-01-04,9661
2002,中鋼,10,0,10,富邦-新店,2023-01-04,9661
2105,正新,10,0,10,富邦-新店,2023-01-04,9661
3059,華晶科,10,0,10,富邦-新店,2023-01-04,9661
2228,劍麟,10,0,10,富邦-新店,2023-01-04,9661
9940,信義,10,0,10,富邦-新店,2023-01-04,9661
0050,元大台灣50,11,1,10,富邦-新店,2023-01-04,9661
6477,安集,11,2,9,富邦-新店,2023-01-04,9661
1101,台泥,10,1,9,富邦-新店,2023-01-04,9661
00770,國泰北美科技,9,0,9,富邦-新店,2023-01-04,9661
2754,亞洲藏壽司,11,2,9,富邦-新店,2023-01-04,9661
00900,富邦特選高股息30,9,1,8,富邦-新店,2023-01-04,9661
00632R,元大台灣50反1,153,26,127,富邦-新店,2023-01-05,9661
8044,網家,145,26,119,富邦-新店,2023-01-05,9661
1605,華新,179,108,71,富邦-新店,2023-01-05,9661
2313,華通,42,0,42,富邦-新店,2023-01-05,9661
8088,品安,40,0,40,富邦-新店,2023-01-05,9661
2317,鴻海,46,8,38,富邦-新店,2023-01-05,9661
4979,華星光,35,3,32,富邦-新店,2023-01-05,9661
6245,立端,39,7,32,富邦-新店,2023-01-05,9661
1584,精剛,53,24,29,富邦-新店,2023-01-05,9661
3004,豐達科,29,1,28,富邦-新店,2023-01-05,9661
00885,富邦越南,30,2,28,富邦-新店,2023-01-05,9661
1417,嘉裕,36,13,23,富邦-新店,2023-01-05,9661
1701,中化,24,2,22,富邦-新店,2023-01-05,9661
00752,中信中國50,22,0,22,富邦-新店,2023-01-05,9661
1810,和成,20,0,20,富邦-新店,2023-01-05,9661
6150,撼訊,40,20,20,富邦-新店,2023-01-05,9661
3272,東碩,41,22,19,富邦-新店,2023-01-05,9661
3454,晶睿,25,8,17,富邦-新店,2023-01-05,9661
1503,士電,28,11,17,富邦-新店,2023-01-05,9661
2409,友達,17,0,17,富邦-新店,2023-01-05,9661
6550,北極星藥業-KY,17,0,17,富邦-新店,2023-01-05,9661
3686,達能,16,0,16,富邦-新店,2023-01-05,9661
00633L,富邦上証正2,23,7,16,富邦-新店,2023-01-05,9661
1589,永冠-KY,17,1,16,富邦-新店,2023-01-05,9661
1519,華城,53,38,15,富邦-新店,2023-01-05,9661
2809,京城銀,15,0,15,富邦-新店,2023-01-05,9661
00634R,富邦上証反1,15,0,15,富邦-新店,2023-01-05,9661
2109,華豐,15,0,15,富邦-新店,2023-01-05,9661
00642U,期元大S＆P石油,14,0,14,富邦-新店,2023-01-05,9661
00882,中信中國高股息,20,6,14,富邦-新店,2023-01-05,9661
5608,四維航,14,1,13,富邦-新店,2023-01-05,9661
2515,中工,13,0,13,富邦-新店,2023-01-05,9661
2608,嘉里大榮,19,7,12,富邦-新店,2023-01-05,9661
2419,仲琦,15,3,12,富邦-新店,2023-01-05,9661
00878,國泰永續高股息,21,10,11,富邦-新店,2023-01-05,9661
00692,富邦公司治理,11,0,11,富邦-新店,2023-01-05,9661
00715L,期街口布蘭特正2,13,2,11,富邦-新店,2023-01-05,9661
2498,宏達電,54,43,11,富邦-新店,2023-01-05,9661
3704,合勤控,27,17,10,富邦-新店,2023-01-05,9661
1785,光洋科,10,0,10,富邦-新店,2023-01-05,9661
1529,樂事綠能,111,101,10,富邦-新店,2023-01-05,9661
3094,聯傑,10,0,10,富邦-新店,2023-01-05,9661
1609,大亞,13,3,10,富邦-新店,2023-01-05,9661
2606,裕民,11,1,10,富邦-新店,2023-01-05,9661
00725B,國泰投資級公司債,10,0,10,富邦-新店,2023-01-05,9661
00638R,元大滬深300反1,10,0,10,富邦-新店,2023-01-05,9661
3083,網龍,18,9,9,富邦-新店,2023-01-05,9661
3027,盛達,42,33,9,富邦-新店,2023-01-05,9661
8086,宏捷科,9,0,9,富邦-新店,2023-01-05,9661
6806,森崴能源,33,24,9,富邦-新店,2023-01-05,9661
00893,國泰智能電動車,99,0,99,富邦-新店,2023-01-06,9661
00637L,元大滬深300正2,124,38,86,富邦-新店,2023-01-06,9661
00632R,元大台灣50反1,86,5,81,富邦-新店,2023-01-06,9661
00720B,元大投資級公司債,52,0,52,富邦-新店,2023-01-06,9661
4541,晟田,47,0,47,富邦-新店,2023-01-06,9661
1529,樂事綠能,61,20,41,富邦-新店,2023-01-06,9661
2344,華邦電,40,8,32,富邦-新店,2023-01-06,9661
00641R,富邦日本反1,29,0,29,富邦-新店,2023-01-06,9661
2308,台達電,31,3,28,富邦-新店,2023-01-06,9661
4157,太景*-KY,30,2,28,富邦-新店,2023-01-06,9661
00885,富邦越南,24,0,24,富邦-新店,2023-01-06,9661
4979,華星光,27,5,22,富邦-新店,2023-01-06,9661
00679B,元大美債20年,21,0,21,富邦-新店,2023-01-06,9661
3535,晶彩科,20,0,20,富邦-新店,2023-01-06,9661
5608,四維航,19,1,18,富邦-新店,2023-01-06,9661
2476,鉅祥,18,0,18,富邦-新店,2023-01-06,9661
2419,仲琦,22,4,18,富邦-新店,2023-01-06,9661
1609,大亞,18,1,17,富邦-新店,2023-01-06,9661
9907,統一實,17,0,17,富邦-新店,2023-01-06,9661
1519,華城,68,51,17,富邦-新店,2023-01-06,9661
3037,欣興,27,12,15,富邦-新店,2023-01-06,9661
00882,中信中國高股息,15,0,15,富邦-新店,2023-01-06,9661
2359,所羅門,16,3,13,富邦-新店,2023-01-06,9661
2338,光罩,25,12,13,富邦-新店,2023-01-06,9661
6550,北極星藥業-KY,15,4,11,富邦-新店,2023-01-06,9661
1513,中興電,25,15,10,富邦-新店,2023-01-06,9661
1701,中化,115,105,10,富邦-新店,2023-01-06,9661
2884,玉山金,12,2,10,富邦-新店,2023-01-06,9661
2201,裕隆,84,74,10,富邦-新店,2023-01-06,9661
00773B,中信優先金融債,10,0,10,富邦-新店,2023-01-06,9661
5439,高技,10,0,10,富邦-新店,2023-01-06,9661
3530,晶相光,12,2,10,富邦-新店,2023-01-06,9661
1815,富喬,9,0,9,富邦-新店,2023-01-06,9661
2379,瑞昱,14,5,9,富邦-新店,2023-01-06,9661
1101,台泥,11,2,9,富邦-新店,2023-01-06,9661
00715L,期街口布蘭特正2,10,2,8,富邦-新店,2023-01-06,9661
2609,陽明,23,16,7,富邦-新店,2023-01-06,9661
4171,瑞基,10,3,7,富邦-新店,2023-01-06,9661
3511,矽瑪,7,0,7,富邦-新店,2023-01-06,9661
2888,新光金,7,0,7,富邦-新店,2023-01-06,9661
1809,中釉,7,0,7,富邦-新店,2023-01-06,9661
2615,萬海,25,18,7,富邦-新店,2023-01-06,9661
5321,美而快,25,18,7,富邦-新店,2023-01-06,9661
6195,詩肯,7,0,7,富邦-新店,2023-01-06,9661
5258,虹堡,6,0,6,富邦-新店,2023-01-06,9661
2732,六角,6,0,6,富邦-新店,2023-01-06,9661
8996,高力,13,7,6,富邦-新店,2023-01-06,9661
6770,力積電,7,1,6,富邦-新店,2023-01-06,9661
6176,瑞儀,6,1,5,富邦-新店,2023-01-06,9661
8261,富鼎,5,0,5,富邦-新店,2023-01-06,9661
00893,國泰智能電動車,214,68,146,富邦-新店,2023-01-09,9661
00637L,元大滬深300正2,107,22,85,富邦-新店,2023-01-09,9661
2328,廣宇,58,0,58,富邦-新店,2023-01-09,9661
1529,樂事綠能,78,20,58,富邦-新店,2023-01-09,9661
00885,富邦越南,106,50,56,富邦-新店,2023-01-09,9661
2313,華通,36,0,36,富邦-新店,2023-01-09,9661
1605,華新,174,140,34,富邦-新店,2023-01-09,9661
3006,晶豪科,40,10,30,富邦-新店,2023-01-09,9661
8358,金居,99,70,29,富邦-新店,2023-01-09,9661
1608,華榮,28,0,28,富邦-新店,2023-01-09,9661
3035,智原,38,16,22,富邦-新店,2023-01-09,9661
6550,北極星藥業-KY,21,0,21,富邦-新店,2023-01-09,9661
2344,華邦電,24,3,21,富邦-新店,2023-01-09,9661
5251,天鉞電,20,0,20,富邦-新店,2023-01-09,9661
6235,華孚,20,0,20,富邦-新店,2023-01-09,9661
00701,國泰股利精選30,20,1,19,富邦-新店,2023-01-09,9661
1513,中興電,40,24,16,富邦-新店,2023-01-09,9661
8930,青鋼,16,0,16,富邦-新店,2023-01-09,9661
9933,中鼎,16,0,16,富邦-新店,2023-01-09,9661
1612,宏泰,16,0,16,富邦-新店,2023-01-09,9661
00665L,富邦�琤肭磪囓�2,20,4,16,富邦-新店,2023-01-09,9661
8049,晶采,15,0,15,富邦-新店,2023-01-09,9661
1722,台肥,18,3,15,富邦-新店,2023-01-09,9661
6274,台燿,24,9,15,富邦-新店,2023-01-09,9661
1584,精剛,14,0,14,富邦-新店,2023-01-09,9661
4979,華星光,15,2,13,富邦-新店,2023-01-09,9661
2063,世鎧,13,0,13,富邦-新店,2023-01-09,9661
1319,東陽,11,0,11,富邦-新店,2023-01-09,9661
3022,威強電,11,0,11,富邦-新店,2023-01-09,9661
6116,彩晶,11,0,11,富邦-新店,2023-01-09,9661
6231,系微,11,0,11,富邦-新店,2023-01-09,9661
2206,三陽工業,11,0,11,富邦-新店,2023-01-09,9661
00720B,元大投資級公司債,11,0,11,富邦-新店,2023-01-09,9661
3703,欣陸,11,0,11,富邦-新店,2023-01-09,9661
3592,瑞鼎,13,2,11,富邦-新店,2023-01-09,9661
8033,雷虎,11,0,11,富邦-新店,2023-01-09,9661
2486,一詮,12,2,10,富邦-新店,2023-01-09,9661
5439,高技,10,0,10,富邦-新店,2023-01-09,9661
00708L,期元大S＆P黃金正2,11,1,10,富邦-新店,2023-01-09,9661
8367,建新國際,10,0,10,富邦-新店,2023-01-09,9661
6129,普誠,12,2,10,富邦-新店,2023-01-09,9661
00676R,富邦臺灣加權反1,9,0,9,富邦-新店,2023-01-09,9661
6174,安��,10,1,9,富邦-新店,2023-01-09,9661
1313,聯成,10,1,9,富邦-新店,2023-01-09,9661
2367,燿華,14,5,9,富邦-新店,2023-01-09,9661
1609,大亞,10,1,9,富邦-新店,2023-01-09,9661
3228,金麗科,12,4,8,富邦-新店,2023-01-09,9661
6215,和椿,47,39,8,富邦-新店,2023-01-09,9661
3059,華晶科,10,2,8,富邦-新店,2023-01-09,9661
3454,晶睿,26,18,8,富邦-新店,2023-01-09,9661
00892,富邦台灣半導體,91,0,91,富邦-新店,2023-01-10,9661
6443,元晶,95,22,73,富邦-新店,2023-01-10,9661
00902,中信電池及儲能,66,1,65,富邦-新店,2023-01-10,9661
1609,大亞,52,0,52,富邦-新店,2023-01-10,9661
2313,華通,50,1,49,富邦-新店,2023-01-10,9661
2328,廣宇,47,0,47,富邦-新店,2023-01-10,9661
3034,聯詠,47,4,43,富邦-新店,2023-01-10,9661
1795,美時,47,9,38,富邦-新店,2023-01-10,9661
8420,明揚,35,4,31,富邦-新店,2023-01-10,9661
00642U,期元大S＆P石油,28,0,28,富邦-新店,2023-01-10,9661
00643,群益深証中小,25,0,25,富邦-新店,2023-01-10,9661
00895,富邦未來車,24,2,22,富邦-新店,2023-01-10,9661
4961,天鈺,46,25,21,富邦-新店,2023-01-10,9661
00715L,期街口布蘭特正2,20,0,20,富邦-新店,2023-01-10,9661
4763,材料-KY,48,28,20,富邦-新店,2023-01-10,9661
2498,宏達電,42,22,20,富邦-新店,2023-01-10,9661
3703,欣陸,20,0,20,富邦-新店,2023-01-10,9661
3645,達邁,22,3,19,富邦-新店,2023-01-10,9661
1514,亞力,19,0,19,富邦-新店,2023-01-10,9661
2402,毅嘉,18,0,18,富邦-新店,2023-01-10,9661
3494,誠研,20,2,18,富邦-新店,2023-01-10,9661
3141,晶宏,50,34,16,富邦-新店,2023-01-10,9661
3027,盛達,50,34,16,富邦-新店,2023-01-10,9661
00903,富邦元宇宙,15,0,15,富邦-新店,2023-01-10,9661
9105,泰金寶-DR,15,0,15,富邦-新店,2023-01-10,9661
2812,台中銀,22,7,15,富邦-新店,2023-01-10,9661
00733,富邦臺灣中小,15,1,14,富邦-新店,2023-01-10,9661
2884,玉山金,16,2,14,富邦-新店,2023-01-10,9661
4743,合一,17,4,13,富邦-新店,2023-01-10,9661
6129,普誠,18,5,13,富邦-新店,2023-01-10,9661
1513,中興電,22,10,12,富邦-新店,2023-01-10,9661
00773B,中信優先金融債,12,0,12,富邦-新店,2023-01-10,9661
2493,揚博,12,0,12,富邦-新店,2023-01-10,9661
4903,聯光通,11,0,11,富邦-新店,2023-01-10,9661
2359,所羅門,12,1,11,富邦-新店,2023-01-10,9661
2338,光罩,22,11,11,富邦-新店,2023-01-10,9661
00916,國泰全球品牌50,11,0,11,富邦-新店,2023-01-10,9661
2834,臺企銀,48,37,11,富邦-新店,2023-01-10,9661
6244,茂迪,10,0,10,富邦-新店,2023-01-10,9661
8011,台通,10,0,10,富邦-新店,2023-01-10,9661
3011,今皓,10,0,10,富邦-新店,2023-01-10,9661
8421,旭源,10,0,10,富邦-新店,2023-01-10,9661
00651R,復華香港反1,10,0,10,富邦-新店,2023-01-10,9661
3105,穩懋,20,10,10,富邦-新店,2023-01-10,9661
4930,燦星網,9,0,9,富邦-新店,2023-01-10,9661
4121,優盛,10,1,9,富邦-新店,2023-01-10,9661
5388,中磊,9,0,9,富邦-新店,2023-01-10,9661
1455,集盛,8,0,8,富邦-新店,2023-01-10,9661
2431,聯昌,10,2,8,富邦-新店,2023-01-10,9661
2609,陽明,14,6,8,富邦-新店,2023-01-10,9661
2888,新光金,214,22,192,富邦-新店,2023-01-11,9661
6245,立端,135,5,130,富邦-新店,2023-01-11,9661
1101,台泥,70,21,49,富邦-新店,2023-01-11,9661
2498,宏達電,52,3,49,富邦-新店,2023-01-11,9661
8044,網家,129,94,35,富邦-新店,2023-01-11,9661
2897,王道銀行,38,9,29,富邦-新店,2023-01-11,9661
00900,富邦特選高股息30,30,2,28,富邦-新店,2023-01-11,9661
8046,南電,31,7,24,富邦-新店,2023-01-11,9661
8033,雷虎,23,3,20,富邦-新店,2023-01-11,9661
2356,英業達,19,0,19,富邦-新店,2023-01-11,9661
2881,富邦金,26,7,19,富邦-新店,2023-01-11,9661
9945,潤泰新,25,7,18,富邦-新店,2023-01-11,9661
3704,合勤控,25,7,18,富邦-新店,2023-01-11,9661
00753L,中信中國50正2,18,0,18,富邦-新店,2023-01-11,9661
3454,晶睿,83,67,16,富邦-新店,2023-01-11,9661
8916,光隆,14,0,14,富邦-新店,2023-01-11,9661
00665L,富邦�琤肭磪囓�2,25,11,14,富邦-新店,2023-01-11,9661
1513,中興電,27,13,14,富邦-新店,2023-01-11,9661
2727,王品,13,0,13,富邦-新店,2023-01-11,9661
3708,上緯投控,17,5,12,富邦-新店,2023-01-11,9661
2537,聯上發,12,0,12,富邦-新店,2023-01-11,9661
3059,華晶科,12,0,12,富邦-新店,2023-01-11,9661
00878,國泰永續高股息,17,5,12,富邦-新店,2023-01-11,9661
6244,茂迪,12,1,11,富邦-新店,2023-01-11,9661
6533,晶心科,11,0,11,富邦-新店,2023-01-11,9661
8088,品安,11,0,11,富邦-新店,2023-01-11,9661
1605,華新,23,12,11,富邦-新店,2023-01-11,9661
2323,中環,13,3,10,富邦-新店,2023-01-11,9661
00893,國泰智能電動車,15,5,10,富邦-新店,2023-01-11,9661
3017,奇鋐,9,0,9,富邦-新店,2023-01-11,9661
2388,威盛,9,0,9,富邦-新店,2023-01-11,9661
8034,榮群,9,0,9,富邦-新店,2023-01-11,9661
2009,第一銅,33,24,9,富邦-新店,2023-01-11,9661
1701,中化,64,56,8,富邦-新店,2023-01-11,9661
4768,晶呈科技,17,9,8,富邦-新店,2023-01-11,9661
2605,新興,8,0,8,富邦-新店,2023-01-11,9661
4114,健喬,73,66,7,富邦-新店,2023-01-11,9661
00882,中信中國高股息,10,3,7,富邦-新店,2023-01-11,9661
00733,富邦臺灣中小,7,0,7,富邦-新店,2023-01-11,9661
3176,基亞,7,0,7,富邦-新店,2023-01-11,9661
3030,德律,7,0,7,富邦-新店,2023-01-11,9661
2726,雅茗-KY,7,0,7,富邦-新店,2023-01-11,9661
5880,合庫金,10,4,6,富邦-新店,2023-01-11,9661
3645,達邁,6,0,6,富邦-新店,2023-01-11,9661
6666,羅麗芬-KY,6,0,6,富邦-新店,2023-01-11,9661
6274,台燿,8,2,6,富邦-新店,2023-01-11,9661
2382,廣達,6,0,6,富邦-新店,2023-01-11,9661
4908,前鼎,6,0,6,富邦-新店,2023-01-11,9661
5340,建榮,5,0,5,富邦-新店,2023-01-11,9661
6806,森崴能源,33,28,5,富邦-新店,2023-01-11,9661
00637L,元大滬深300正2,136,39,97,富邦-新店,2023-01-12,9661
1605,華新,215,121,94,富邦-新店,2023-01-12,9661
00902,中信電池及儲能,59,1,58,富邦-新店,2023-01-12,9661
1609,大亞,50,21,29,富邦-新店,2023-01-12,9661
6180,橘子,25,0,25,富邦-新店,2023-01-12,9661
6026,福邦證,25,0,25,富邦-新店,2023-01-12,9661
8046,南電,25,3,22,富邦-新店,2023-01-12,9661
2603,長榮,26,4,22,富邦-新店,2023-01-12,9661
5299,杰力,25,3,22,富邦-新店,2023-01-12,9661
2867,三商壽,20,0,20,富邦-新店,2023-01-12,9661
3059,華晶科,18,0,18,富邦-新店,2023-01-12,9661
8249,菱光,18,0,18,富邦-新店,2023-01-12,9661
2313,華通,18,2,16,富邦-新店,2023-01-12,9661
00882,中信中國高股息,18,3,15,富邦-新店,2023-01-12,9661
8054,安國,15,0,15,富邦-新店,2023-01-12,9661
2312,金寶,15,0,15,富邦-新店,2023-01-12,9661
2338,光罩,26,12,14,富邦-新店,2023-01-12,9661
1529,樂事綠能,18,4,14,富邦-新店,2023-01-12,9661
2834,臺企銀,13,0,13,富邦-新店,2023-01-12,9661
4916,事欣科,12,0,12,富邦-新店,2023-01-12,9661
3379,彬台,12,0,12,富邦-新店,2023-01-12,9661
00634R,富邦上証反1,12,0,12,富邦-新店,2023-01-12,9661
5009,榮剛,39,28,11,富邦-新店,2023-01-12,9661
6147,頎邦,11,0,11,富邦-新店,2023-01-12,9661
3708,上緯投控,22,11,11,富邦-新店,2023-01-12,9661
4743,合一,18,7,11,富邦-新店,2023-01-12,9661
2308,台達電,11,0,11,富邦-新店,2023-01-12,9661
2609,陽明,19,8,11,富邦-新店,2023-01-12,9661
2317,鴻海,13,3,10,富邦-新店,2023-01-12,9661
2911,麗嬰房,10,0,10,富邦-新店,2023-01-12,9661
2892,第一金,9,0,9,富邦-新店,2023-01-12,9661
00907,永豐優息存股,10,1,9,富邦-新店,2023-01-12,9661
8069,元太,16,7,9,富邦-新店,2023-01-12,9661
2610,華航,19,10,9,富邦-新店,2023-01-12,9661
00885,富邦越南,9,0,9,富邦-新店,2023-01-12,9661
00891,中信關鍵半導體,8,0,8,富邦-新店,2023-01-12,9661
3093,港建*,8,0,8,富邦-新店,2023-01-12,9661
8034,榮群,8,0,8,富邦-新店,2023-01-12,9661
00720B,元大投資級公司債,8,1,7,富邦-新店,2023-01-12,9661
2443,昶虹,7,0,7,富邦-新店,2023-01-12,9661
2641,正德,7,0,7,富邦-新店,2023-01-12,9661
3594,磐儀,9,2,7,富邦-新店,2023-01-12,9661
00688L,國泰20年美債正2,7,0,7,富邦-新店,2023-01-12,9661
6153,嘉聯益,7,0,7,富邦-新店,2023-01-12,9661
3037,欣興,18,12,6,富邦-新店,2023-01-12,9661
2891,中信金,9,3,6,富邦-新店,2023-01-12,9661
6456,GIS-KY,6,0,6,富邦-新店,2023-01-12,9661
8097,常珵,7,1,6,富邦-新店,2023-01-12,9661
6227,茂綸,57,51,6,富邦-新店,2023-01-12,9661
2409,友達,6,0,6,富邦-新店,2023-01-12,9661
6231,系微,52,0,52,富邦-新店,2023-01-13,9661
4746,台耀,38,3,35,富邦-新店,2023-01-13,9661
2312,金寶,30,0,30,富邦-新店,2023-01-13,9661
6026,福邦證,26,0,26,富邦-新店,2023-01-13,9661
2014,中鴻,49,23,26,富邦-新店,2023-01-13,9661
4763,材料-KY,43,20,23,富邦-新店,2023-01-13,9661
2883,凱基金,32,10,22,富邦-新店,2023-01-13,9661
2031,新光鋼,21,0,21,富邦-新店,2023-01-13,9661
00632R,元大台灣50反1,21,1,20,富邦-新店,2023-01-13,9661
6188,廣明,21,1,20,富邦-新店,2023-01-13,9661
00878,國泰永續高股息,38,19,19,富邦-新店,2023-01-13,9661
00633L,富邦上証正2,19,2,17,富邦-新店,2023-01-13,9661
1519,華城,17,0,17,富邦-新店,2023-01-13,9661
6284,佳邦,15,0,15,富邦-新店,2023-01-13,9661
6446,藥華藥,15,1,14,富邦-新店,2023-01-13,9661
2603,長榮,23,10,13,富邦-新店,2023-01-13,9661
1526,日馳,13,0,13,富邦-新店,2023-01-13,9661
00770,國泰北美科技,13,0,13,富邦-新店,2023-01-13,9661
5388,中磊,12,0,12,富邦-新店,2023-01-13,9661
6104,創惟,29,17,12,富邦-新店,2023-01-13,9661
3362,先進光,16,5,11,富邦-新店,2023-01-13,9661
2338,光罩,37,26,11,富邦-新店,2023-01-13,9661
6578,達邦蛋白,10,0,10,富邦-新店,2023-01-13,9661
2812,台中銀,10,0,10,富邦-新店,2023-01-13,9661
1417,嘉裕,10,0,10,富邦-新店,2023-01-13,9661
3520,華盈,10,0,10,富邦-新店,2023-01-13,9661
5351,鈺創,26,16,10,富邦-新店,2023-01-13,9661
2609,陽明,12,5,7,富邦-新店,2023-01-13,9661
00919,群益台灣精選高息,7,0,7,富邦-新店,2023-01-13,9661
6175,立敦,7,0,7,富邦-新店,2023-01-13,9661
9945,潤泰新,6,0,6,富邦-新店,2023-01-13,9661
1218,泰山,6,0,6,富邦-新店,2023-01-13,9661
2328,廣宇,6,0,6,富邦-新店,2023-01-13,9661
8050,廣積,11,5,6,富邦-新店,2023-01-13,9661
2465,麗臺,23,17,6,富邦-新店,2023-01-13,9661
6156,松上,6,0,6,富邦-新店,2023-01-13,9661
8261,富鼎,7,2,5,富邦-新店,2023-01-13,9661
00905,FT臺灣Smart,5,0,5,富邦-新店,2023-01-13,9661
8038,長園科,5,0,5,富邦-新店,2023-01-13,9661
3083,網龍,5,0,5,富邦-新店,2023-01-13,9661
2607,榮運,5,0,5,富邦-新店,2023-01-13,9661
2009,第一銅,7,2,5,富邦-新店,2023-01-13,9661
3049,精金,5,0,5,富邦-新店,2023-01-13,9661
1789,神隆,5,0,5,富邦-新店,2023-01-13,9661
6127,九豪,5,0,5,富邦-新店,2023-01-13,9661
8927,北基,5,0,5,富邦-新店,2023-01-13,9661
3005,神基,5,0,5,富邦-新店,2023-01-13,9661
2634,漢翔,5,0,5,富邦-新店,2023-01-13,9661
2329,華泰,5,0,5,富邦-新店,2023-01-13,9661
00688L,國泰20年美債正2,5,0,5,富邦-新店,2023-01-13,9661
2498,宏達電,63,3,60,富邦-新店,2023-01-16,9661
1101,台泥,99,53,46,富邦-新店,2023-01-16,9661
2317,鴻海,45,10,35,富邦-新店,2023-01-16,9661
2331,精英,24,2,22,富邦-新店,2023-01-16,9661
2382,廣達,25,4,21,富邦-新店,2023-01-16,9661
00720B,元大投資級公司債,21,0,21,富邦-新店,2023-01-16,9661
00673R,期元大S＆P原油反1,20,0,20,富邦-新店,2023-01-16,9661
4746,台耀,27,7,20,富邦-新店,2023-01-16,9661
1605,華新,34,17,17,富邦-新店,2023-01-16,9661
2303,聯電,38,21,17,富邦-新店,2023-01-16,9661
00632R,元大台灣50反1,17,0,17,富邦-新店,2023-01-16,9661
2409,友達,16,0,16,富邦-新店,2023-01-16,9661
00770,國泰北美科技,17,1,16,富邦-新店,2023-01-16,9661
2392,正崴,16,0,16,富邦-新店,2023-01-16,9661
2444,兆勁,14,0,14,富邦-新店,2023-01-16,9661
4934,太極,14,0,14,富邦-新店,2023-01-16,9661
6245,立端,32,19,13,富邦-新店,2023-01-16,9661
2753,八方雲集,13,3,10,富邦-新店,2023-01-16,9661
8171,天宇,13,3,10,富邦-新店,2023-01-16,9661
2023,燁輝,11,1,10,富邦-新店,2023-01-16,9661
2845,遠東銀,10,0,10,富邦-新店,2023-01-16,9661
00878,國泰永續高股息,104,95,9,富邦-新店,2023-01-16,9661
1229,聯華,9,0,9,富邦-新店,2023-01-16,9661
6472,保瑞,13,4,9,富邦-新店,2023-01-16,9661
2882,國泰金,16,8,8,富邦-新店,2023-01-16,9661
3479,安勤,31,23,8,富邦-新店,2023-01-16,9661
6188,廣明,8,0,8,富邦-新店,2023-01-16,9661
1584,精剛,8,0,8,富邦-新店,2023-01-16,9661
2606,裕民,13,5,8,富邦-新店,2023-01-16,9661
00679B,元大美債20年,8,0,8,富邦-新店,2023-01-16,9661
6770,力積電,12,5,7,富邦-新店,2023-01-16,9661
1218,泰山,7,0,7,富邦-新店,2023-01-16,9661
00772B,中信高評級公司債,7,0,7,富邦-新店,2023-01-16,9661
2637,慧洋-KY,7,0,7,富邦-新店,2023-01-16,9661
3645,達邁,7,0,7,富邦-新店,2023-01-16,9661
4162,智擎,6,0,6,富邦-新店,2023-01-16,9661
00680L,元大美債20正2,7,1,6,富邦-新店,2023-01-16,9661
2358,廷鑫,11,5,6,富邦-新店,2023-01-16,9661
6456,GIS-KY,6,0,6,富邦-新店,2023-01-16,9661
3481,群創,7,1,6,富邦-新店,2023-01-16,9661
2338,光罩,63,57,6,富邦-新店,2023-01-16,9661
4133,亞諾法,6,0,6,富邦-新店,2023-01-16,9661
00885,富邦越南,7,2,5,富邦-新店,2023-01-16,9661
0050,元大台灣50,19,13,6,富邦-新店,2023-01-16,9661
00725B,國泰投資級公司債,5,0,5,富邦-新店,2023-01-16,9661
9904,寶成,5,0,5,富邦-新店,2023-01-16,9661
1258,其祥-KY,5,0,5,富邦-新店,2023-01-16,9661
3162,精確,5,0,5,富邦-新店,2023-01-16,9661
3272,東碩,6,1,5,富邦-新店,2023-01-16,9661
4147,中裕,5,0,5,富邦-新店,2023-01-16,9661
00671R,富邦NASDAQ反1,100,0,100,富邦-新店,2023-01-17,9661
2495,普安,35,0,35,富邦-新店,2023-01-17,9661
0050,元大台灣50,31,1,30,富邦-新店,2023-01-17,9661
4979,華星光,81,54,27,富邦-新店,2023-01-17,9661
2617,台航,25,0,25,富邦-新店,2023-01-17,9661
2707,晶華,25,1,24,富邦-新店,2023-01-17,9661
3481,群創,25,1,24,富邦-新店,2023-01-17,9661
0056,元大高股息,29,6,23,富邦-新店,2023-01-17,9661
2812,台中銀,23,0,23,富邦-新店,2023-01-17,9661
2606,裕民,41,19,22,富邦-新店,2023-01-17,9661
00878,國泰永續高股息,44,23,21,富邦-新店,2023-01-17,9661
2049,上銀,22,1,21,富邦-新店,2023-01-17,9661
00900,富邦特選高股息30,23,3,20,富邦-新店,2023-01-17,9661
00882,中信中國高股息,23,4,19,富邦-新店,2023-01-17,9661
2539,櫻花建,19,0,19,富邦-新店,2023-01-17,9661
5263,智崴,19,0,19,富邦-新店,2023-01-17,9661
2368,金像電,18,0,18,富邦-新店,2023-01-17,9661
00633L,富邦上証正2,17,0,17,富邦-新店,2023-01-17,9661
8927,北基,17,1,16,富邦-新店,2023-01-17,9661
6282,康舒,16,0,16,富邦-新店,2023-01-17,9661
6257,矽格,15,0,15,富邦-新店,2023-01-17,9661
2884,玉山金,15,1,14,富邦-新店,2023-01-17,9661
4133,亞諾法,14,0,14,富邦-新店,2023-01-17,9661
4934,太極,17,4,13,富邦-新店,2023-01-17,9661
00720B,元大投資級公司債,12,0,12,富邦-新店,2023-01-17,9661
1584,精剛,12,0,12,富邦-新店,2023-01-17,9661
2888,新光金,60,49,11,富邦-新店,2023-01-17,9661
6472,保瑞,17,6,11,富邦-新店,2023-01-17,9661
2404,漢唐,11,0,11,富邦-新店,2023-01-17,9661
3511,矽瑪,10,0,10,富邦-新店,2023-01-17,9661
00676R,富邦臺灣加權反1,10,0,10,富邦-新店,2023-01-17,9661
6609,瀧澤科,15,5,10,富邦-新店,2023-01-17,9661
8033,雷虎,11,1,10,富邦-新店,2023-01-17,9661
2316,楠梓電,10,0,10,富邦-新店,2023-01-17,9661
8050,廣積,15,5,10,富邦-新店,2023-01-17,9661
2547,日勝生,10,0,10,富邦-新店,2023-01-17,9661
2009,第一銅,10,0,10,富邦-新店,2023-01-17,9661
4931,新盛力,11,1,10,富邦-新店,2023-01-17,9661
6603,富強鑫,10,0,10,富邦-新店,2023-01-17,9661
2834,臺企銀,12,2,10,富邦-新店,2023-01-17,9661
3645,達邁,9,0,9,富邦-新店,2023-01-17,9661
8908,欣雄,9,0,9,富邦-新店,2023-01-17,9661
00770,國泰北美科技,10,2,8,富邦-新店,2023-01-17,9661
00881,國泰台灣5G+,10,2,8,富邦-新店,2023-01-17,9661
2610,華航,90,82,8,富邦-新店,2023-01-17,9661
00692,富邦公司治理,12,5,7,富邦-新店,2023-01-17,9661
2886,兆豐金,9,2,7,富邦-新店,2023-01-17,9661
4746,台耀,8,1,7,富邦-新店,2023-01-17,9661
8367,建新國際,7,0,7,富邦-新店,2023-01-17,9661
5011,久陽,7,0,7,富邦-新店,2023-01-17,9661
00885,富邦越南,181,13,168,富邦-新店,2023-01-30,9661
2317,鴻海,169,9,160,富邦-新店,2023-01-30,9661
00637L,元大滬深300正2,138,37,101,富邦-新店,2023-01-30,9661
00902,中信電池及儲能,63,13,50,富邦-新店,2023-01-30,9661
2889,國票金,36,1,35,富邦-新店,2023-01-30,9661
1529,樂事綠能,46,13,33,富邦-新店,2023-01-30,9661
00900,富邦特選高股息30,48,16,32,富邦-新店,2023-01-30,9661
5371,中光電,30,0,30,富邦-新店,2023-01-30,9661
00751B,元大AAA至A公司債,29,0,29,富邦-新店,2023-01-30,9661
00676R,富邦臺灣加權反1,29,0,29,富邦-新店,2023-01-30,9661
3093,港建*,28,0,28,富邦-新店,2023-01-30,9661
2884,玉山金,31,4,27,富邦-新店,2023-01-30,9661
8069,元太,46,21,25,富邦-新店,2023-01-30,9661
1817,凱撒衛,24,0,24,富邦-新店,2023-01-30,9661
2892,第一金,25,2,23,富邦-新店,2023-01-30,9661
4966,譜瑞-KY,23,1,22,富邦-新店,2023-01-30,9661
6235,華孚,28,6,22,富邦-新店,2023-01-30,9661
2882,國泰金,44,23,21,富邦-新店,2023-01-30,9661
3162,精確,21,1,20,富邦-新店,2023-01-30,9661
2883,凱基金,30,10,20,富邦-新店,2023-01-30,9661
6271,同欣電,20,3,17,富邦-新店,2023-01-30,9661
2027,大成鋼,21,4,17,富邦-新店,2023-01-30,9661
00905,FT臺灣Smart,18,2,16,富邦-新店,2023-01-30,9661
1506,正道,16,0,16,富邦-新店,2023-01-30,9661
00720B,元大投資級公司債,15,0,15,富邦-新店,2023-01-30,9661
5439,高技,15,0,15,富邦-新店,2023-01-30,9661
1229,聯華,15,0,15,富邦-新店,2023-01-30,9661
4746,台耀,16,1,15,富邦-新店,2023-01-30,9661
3141,晶宏,16,2,14,富邦-新店,2023-01-30,9661
5284,jpp-KY,17,3,14,富邦-新店,2023-01-30,9661
6257,矽格,15,1,14,富邦-新店,2023-01-30,9661
2634,漢翔,14,2,12,富邦-新店,2023-01-30,9661
2356,英業達,12,0,12,富邦-新店,2023-01-30,9661
2313,華通,28,16,12,富邦-新店,2023-01-30,9661
5258,虹堡,16,4,12,富邦-新店,2023-01-30,9661
2891,中信金,18,6,12,富邦-新店,2023-01-30,9661
2464,盟立,11,0,11,富邦-新店,2023-01-30,9661
8210,勤誠,11,0,11,富邦-新店,2023-01-30,9661
2753,八方雲集,11,0,11,富邦-新店,2023-01-30,9661
00680L,元大美債20正2,11,0,11,富邦-新店,2023-01-30,9661
3530,晶相光,10,0,10,富邦-新店,2023-01-30,9661
4979,華星光,27,17,10,富邦-新店,2023-01-30,9661
2468,華經,12,2,10,富邦-新店,2023-01-30,9661
3163,波若威,33,23,10,富邦-新店,2023-01-30,9661
6443,元晶,14,4,10,富邦-新店,2023-01-30,9661
00633L,富邦上証正2,21,11,10,富邦-新店,2023-01-30,9661
2707,晶華,10,1,9,富邦-新店,2023-01-30,9661
2609,陽明,11,2,9,富邦-新店,2023-01-30,9661
4121,優盛,10,1,9,富邦-新店,2023-01-30,9661
2748,雲品,9,0,9,富邦-新店,2023-01-30,9661
00905,FT臺灣Smart,111,0,111,富邦-新店,2023-01-31,9661
3481,群創,120,37,83,富邦-新店,2023-01-31,9661
4746,台耀,86,6,80,富邦-新店,2023-01-31,9661
00637L,元大滬深300正2,105,40,65,富邦-新店,2023-01-31,9661
1605,華新,205,142,63,富邦-新店,2023-01-31,9661
0050,元大台灣50,48,2,46,富邦-新店,2023-01-31,9661
5425,台半,67,24,43,富邦-新店,2023-01-31,9661
8069,元太,54,14,40,富邦-新店,2023-01-31,9661
00720B,元大投資級公司債,39,0,39,富邦-新店,2023-01-31,9661
1529,樂事綠能,51,12,39,富邦-新店,2023-01-31,9661
00882,中信中國高股息,35,0,35,富邦-新店,2023-01-31,9661
4979,華星光,41,10,31,富邦-新店,2023-01-31,9661
2867,三商壽,30,0,30,富邦-新店,2023-01-31,9661
4114,健喬,50,21,29,富邦-新店,2023-01-31,9661
6550,北極星藥業-KY,33,6,27,富邦-新店,2023-01-31,9661
00680L,元大美債20正2,26,0,26,富邦-新店,2023-01-31,9661
6279,胡連,29,3,26,富邦-新店,2023-01-31,9661
3537,堡達,25,0,25,富邦-新店,2023-01-31,9661
2892,第一金,24,0,24,富邦-新店,2023-01-31,9661
5340,建榮,28,5,23,富邦-新店,2023-01-31,9661
2881,富邦金,27,5,22,富邦-新店,2023-01-31,9661
00772B,中信高評級公司債,21,0,21,富邦-新店,2023-01-31,9661
00633L,富邦上証正2,20,0,20,富邦-新店,2023-01-31,9661
2723,美食-KY,20,0,20,富邦-新店,2023-01-31,9661
2885,元大金,19,0,19,富邦-新店,2023-01-31,9661
1336,台翰,19,0,19,富邦-新店,2023-01-31,9661
6612,奈米醫材,23,4,19,富邦-新店,2023-01-31,9661
2324,仁寶,18,0,18,富邦-新店,2023-01-31,9661
8478,東哥遊艇,27,9,18,富邦-新店,2023-01-31,9661
2023,燁輝,26,8,18,富邦-新店,2023-01-31,9661
1303,南亞,21,4,17,富邦-新店,2023-01-31,9661
5371,中光電,18,1,17,富邦-新店,2023-01-31,9661
3406,玉晶光,17,1,16,富邦-新店,2023-01-31,9661
2444,兆勁,18,3,15,富邦-新店,2023-01-31,9661
8038,長園科,15,0,15,富邦-新店,2023-01-31,9661
6547,高端疫苗,17,3,14,富邦-新店,2023-01-31,9661
3017,奇鋐,14,1,13,富邦-新店,2023-01-31,9661
2890,永豐金,13,0,13,富邦-新店,2023-01-31,9661
1809,中釉,13,0,13,富邦-新店,2023-01-31,9661
4763,材料-KY,29,16,13,富邦-新店,2023-01-31,9661
00632R,元大台灣50反1,13,0,13,富邦-新店,2023-01-31,9661
6118,建達,26,13,13,富邦-新店,2023-01-31,9661
6456,GIS-KY,15,2,13,富邦-新店,2023-01-31,9661
00679B,元大美債20年,13,0,13,富邦-新店,2023-01-31,9661
2369,菱生,12,0,12,富邦-新店,2023-01-31,9661
1524,耿鼎,14,3,11,富邦-新店,2023-01-31,9661
4105,東洋,11,0,11,富邦-新店,2023-01-31,9661
4961,天鈺,17,6,11,富邦-新店,2023-01-31,9661
2412,中華電,11,0,11,富邦-新店,2023-01-31,9661
6488,環球晶,10,0,10,富邦-新店,2023-01-31,9661
00637L,元大滬深300正2,353,5,348,富邦-新店,2023-02-01,9661
1529,樂事綠能,148,8,140,富邦-新店,2023-02-01,9661
1409,新纖,140,1,139,富邦-新店,2023-02-01,9661
1605,華新,179,78,101,富邦-新店,2023-02-01,9661
2883,凱基金,68,2,66,富邦-新店,2023-02-01,9661
2009,第一銅,122,71,51,富邦-新店,2023-02-01,9661
1721,三晃,50,0,50,富邦-新店,2023-02-01,9661
1584,精剛,99,49,50,富邦-新店,2023-02-01,9661
2515,中工,51,4,47,富邦-新店,2023-02-01,9661
2317,鴻海,50,4,46,富邦-新店,2023-02-01,9661
2412,中華電,44,0,44,富邦-新店,2023-02-01,9661
3027,盛達,55,13,42,富邦-新店,2023-02-01,9661
1524,耿鼎,39,10,29,富邦-新店,2023-02-01,9661
3033,威健,30,1,29,富邦-新店,2023-02-01,9661
00905,FT臺灣Smart,26,0,26,富邦-新店,2023-02-01,9661
2891,中信金,26,1,25,富邦-新店,2023-02-01,9661
5439,高技,25,0,25,富邦-新店,2023-02-01,9661
5258,虹堡,61,37,24,富邦-新店,2023-02-01,9661
2610,華航,61,37,24,富邦-新店,2023-02-01,9661
2017,官田鋼,22,1,21,富邦-新店,2023-02-01,9661
00878,國泰永續高股息,31,10,21,富邦-新店,2023-02-01,9661
1504,東元,20,0,20,富邦-新店,2023-02-01,9661
2884,玉山金,22,3,19,富邦-新店,2023-02-01,9661
6257,矽格,20,1,19,富邦-新店,2023-02-01,9661
00679B,元大美債20年,18,0,18,富邦-新店,2023-02-01,9661
3081,聯亞,20,2,18,富邦-新店,2023-02-01,9661
3591,艾笛森,20,2,18,富邦-新店,2023-02-01,9661
6770,力積電,35,17,18,富邦-新店,2023-02-01,9661
2929,淘帝-KY,27,10,17,富邦-新店,2023-02-01,9661
8261,富鼎,20,3,17,富邦-新店,2023-02-01,9661
2014,中鴻,22,5,17,富邦-新店,2023-02-01,9661
6443,元晶,53,37,16,富邦-新店,2023-02-01,9661
2023,燁輝,21,5,16,富邦-新店,2023-02-01,9661
4128,中天,24,8,16,富邦-新店,2023-02-01,9661
2324,仁寶,15,0,15,富邦-新店,2023-02-01,9661
2408,南亞科,15,0,15,富邦-新店,2023-02-01,9661
1532,勤美,15,0,15,富邦-新店,2023-02-01,9661
2305,全友,14,0,14,富邦-新店,2023-02-01,9661
00753L,中信中國50正2,14,0,14,富邦-新店,2023-02-01,9661
2888,新光金,18,5,13,富邦-新店,2023-02-01,9661
6235,華孚,14,1,13,富邦-新店,2023-02-01,9661
8147,正淩,13,0,13,富邦-新店,2023-02-01,9661
2890,永豐金,25,13,12,富邦-新店,2023-02-01,9661
3013,晟銘電,12,0,12,富邦-新店,2023-02-01,9661
00680L,元大美債20正2,12,0,12,富邦-新店,2023-02-01,9661
1810,和成,20,8,12,富邦-新店,2023-02-01,9661
2201,裕隆,58,47,11,富邦-新店,2023-02-01,9661
3141,晶宏,15,4,11,富邦-新店,2023-02-01,9661
2634,漢翔,11,0,11,富邦-新店,2023-02-01,9661
4906,正文,11,0,11,富邦-新店,2023-02-01,9661
00878,國泰永續高股息,156,31,125,富邦-新店,2023-02-02,9661
00637L,元大滬深300正2,146,38,108,富邦-新店,2023-02-02,9661
00688L,國泰20年美債正2,100,0,100,富邦-新店,2023-02-02,9661
1605,華新,168,76,92,富邦-新店,2023-02-02,9661
6196,帆宣,92,2,90,富邦-新店,2023-02-02,9661
2618,長榮航,116,27,89,富邦-新店,2023-02-02,9661
2610,華航,98,21,77,富邦-新店,2023-02-02,9661
2891,中信金,72,1,71,富邦-新店,2023-02-02,9661
4155,訊映,63,0,63,富邦-新店,2023-02-02,9661
2317,鴻海,67,8,59,富邦-新店,2023-02-02,9661
2027,大成鋼,54,1,53,富邦-新店,2023-02-02,9661
2201,裕隆,115,66,49,富邦-新店,2023-02-02,9661
2897,王道銀行,51,9,42,富邦-新店,2023-02-02,9661
5009,榮剛,42,2,40,富邦-新店,2023-02-02,9661
00772B,中信高評級公司債,39,0,39,富邦-新店,2023-02-02,9661
3013,晟銘電,35,0,35,富邦-新店,2023-02-02,9661
6244,茂迪,35,2,33,富邦-新店,2023-02-02,9661
1217,愛之味,30,0,30,富邦-新店,2023-02-02,9661
3093,港建*,30,0,30,富邦-新店,2023-02-02,9661
1519,華城,44,15,29,富邦-新店,2023-02-02,9661
0056,元大高股息,80,54,26,富邦-新店,2023-02-02,9661
1810,和成,42,16,26,富邦-新店,2023-02-02,9661
2892,第一金,24,0,24,富邦-新店,2023-02-02,9661
2482,連宇,75,51,24,富邦-新店,2023-02-02,9661
1101,台泥,25,2,23,富邦-新店,2023-02-02,9661
00882,中信中國高股息,21,0,21,富邦-新店,2023-02-02,9661
2929,淘帝-KY,25,4,21,富邦-新店,2023-02-02,9661
5876,上海商銀,20,0,20,富邦-新店,2023-02-02,9661
6150,撼訊,25,6,19,富邦-新店,2023-02-02,9661
2009,第一銅,22,3,19,富邦-新店,2023-02-02,9661
1785,光洋科,113,96,17,富邦-新店,2023-02-02,9661
2014,中鴻,22,5,17,富邦-新店,2023-02-02,9661
2371,大同,21,5,16,富邦-新店,2023-02-02,9661
00680L,元大美債20正2,16,0,16,富邦-新店,2023-02-02,9661
1443,立益物流,16,0,16,富邦-新店,2023-02-02,9661
5340,建榮,16,0,16,富邦-新店,2023-02-02,9661
2883,凱基金,17,1,16,富邦-新店,2023-02-02,9661
4919,新唐,52,37,15,富邦-新店,2023-02-02,9661
5439,高技,15,0,15,富邦-新店,2023-02-02,9661
00770,國泰北美科技,15,0,15,富邦-新店,2023-02-02,9661
1504,東元,15,1,14,富邦-新店,2023-02-02,9661
8050,廣積,24,10,14,富邦-新店,2023-02-02,9661
6206,飛捷,13,0,13,富邦-新店,2023-02-02,9661
5263,智崴,14,1,13,富邦-新店,2023-02-02,9661
1529,樂事綠能,28,16,12,富邦-新店,2023-02-02,9661
3481,群創,11,0,11,富邦-新店,2023-02-02,9661
5871,中租-KY,12,1,11,富邦-新店,2023-02-02,9661
8222,寶一,15,4,11,富邦-新店,2023-02-02,9661
2023,燁輝,11,0,11,富邦-新店,2023-02-02,9661
1513,中興電,46,35,11,富邦-新店,2023-02-02,9661
2888,新光金,415,0,415,富邦-新店,2023-02-03,9661
4114,健喬,187,55,132,富邦-新店,2023-02-03,9661
00878,國泰永續高股息,168,37,131,富邦-新店,2023-02-03,9661
1605,華新,155,70,85,富邦-新店,2023-02-03,9661
6245,立端,90,5,85,富邦-新店,2023-02-03,9661
2317,鴻海,70,8,62,富邦-新店,2023-02-03,9661
2401,凌陽,72,10,62,富邦-新店,2023-02-03,9661
00637L,元大滬深300正2,124,65,59,富邦-新店,2023-02-03,9661
00632R,元大台灣50反1,55,2,53,富邦-新店,2023-02-03,9661
2891,中信金,50,0,50,富邦-新店,2023-02-03,9661
00669R,國泰美國道瓊反1,50,0,50,富邦-新店,2023-02-03,9661
2883B,凱基金乙特,50,0,50,富邦-新店,2023-02-03,9661
00882,中信中國高股息,45,0,45,富邦-新店,2023-02-03,9661
00885,富邦越南,47,2,45,富邦-新店,2023-02-03,9661
3701,大眾控,44,4,40,富邦-新店,2023-02-03,9661
2009,第一銅,67,27,40,富邦-新店,2023-02-03,9661
5285,界霖,57,22,35,富邦-新店,2023-02-03,9661
1308,亞聚,34,0,34,富邦-新店,2023-02-03,9661
9105,泰金寶-DR,40,7,33,富邦-新店,2023-02-03,9661
5439,高技,32,1,31,富邦-新店,2023-02-03,9661
1217,愛之味,30,0,30,富邦-新店,2023-02-03,9661
00753L,中信中國50正2,51,21,30,富邦-新店,2023-02-03,9661
2603,長榮,75,49,26,富邦-新店,2023-02-03,9661
0056,元大高股息,40,14,26,富邦-新店,2023-02-03,9661
3047,訊舟,26,0,26,富邦-新店,2023-02-03,9661
1229,聯華,44,19,25,富邦-新店,2023-02-03,9661
8046,南電,31,6,25,富邦-新店,2023-02-03,9661
00633L,富邦上証正2,24,0,24,富邦-新店,2023-02-03,9661
2376,技嘉,26,3,23,富邦-新店,2023-02-03,9661
1101,台泥,22,1,21,富邦-新店,2023-02-03,9661
5258,虹堡,88,67,21,富邦-新店,2023-02-03,9661
2032,新鋼,21,0,21,富邦-新店,2023-02-03,9661
2363,矽統,20,0,20,富邦-新店,2023-02-03,9661
2489,瑞軒,20,0,20,富邦-新店,2023-02-03,9661
1789,神隆,20,0,20,富邦-新店,2023-02-03,9661
5227,立凱-KY,21,2,19,富邦-新店,2023-02-03,9661
2882,國泰金,22,3,19,富邦-新店,2023-02-03,9661
1701,中化,25,7,18,富邦-新店,2023-02-03,9661
6609,瀧澤科,18,0,18,富邦-新店,2023-02-03,9661
1513,中興電,32,15,17,富邦-新店,2023-02-03,9661
2881,富邦金,21,5,16,富邦-新店,2023-02-03,9661
00642U,期元大S＆P石油,16,0,16,富邦-新店,2023-02-03,9661
2368,金像電,40,24,16,富邦-新店,2023-02-03,9661
5608,四維航,36,20,16,富邦-新店,2023-02-03,9661
2399,映泰,15,0,15,富邦-新店,2023-02-03,9661
8147,正淩,14,0,14,富邦-新店,2023-02-03,9661
2329,華泰,16,2,14,富邦-新店,2023-02-03,9661
2883,凱基金,16,2,14,富邦-新店,2023-02-03,9661
3189,景碩,15,2,13,富邦-新店,2023-02-03,9661
2236,百達-KY,22,9,13,富邦-新店,2023-02-03,9661
00878,國泰永續高股息,269,89,180,富邦-新店,2023-02-06,9661
1605,華新,263,93,170,富邦-新店,2023-02-06,9661
8044,網家,102,1,101,富邦-新店,2023-02-06,9661
3128,昇銳,100,2,98,富邦-新店,2023-02-06,9661
0056,元大高股息,79,11,68,富邦-新店,2023-02-06,9661
00900,富邦特選高股息30,65,0,65,富邦-新店,2023-02-06,9661
8046,南電,61,5,56,富邦-新店,2023-02-06,9661
3588,通嘉,112,60,52,富邦-新店,2023-02-06,9661
00903,富邦元宇宙,51,0,51,富邦-新店,2023-02-06,9661
2314,台揚,48,0,48,富邦-新店,2023-02-06,9661
6129,普誠,40,4,36,富邦-新店,2023-02-06,9661
00680L,元大美債20正2,33,0,33,富邦-新店,2023-02-06,9661
3576,聯合再生,62,30,32,富邦-新店,2023-02-06,9661
2883B,凱基金乙特,30,0,30,富邦-新店,2023-02-06,9661
00637L,元大滬深300正2,58,30,28,富邦-新店,2023-02-06,9661
00642U,期元大S＆P石油,28,0,28,富邦-新店,2023-02-06,9661
1342,八貫,30,4,26,富邦-新店,2023-02-06,9661
00720B,元大投資級公司債,25,0,25,富邦-新店,2023-02-06,9661
2498,宏達電,78,53,25,富邦-新店,2023-02-06,9661
2881,富邦金,26,3,23,富邦-新店,2023-02-06,9661
2330,台積電,30,8,22,富邦-新店,2023-02-06,9661
00715L,期街口布蘭特正2,21,0,21,富邦-新店,2023-02-06,9661
2888,新光金,124,103,21,富邦-新店,2023-02-06,9661
2880,華南金,21,1,20,富邦-新店,2023-02-06,9661
2609,陽明,27,6,21,富邦-新店,2023-02-06,9661
6223,旺矽,20,0,20,富邦-新店,2023-02-06,9661
5371,中光電,20,0,20,富邦-新店,2023-02-06,9661
0050,元大台灣50,23,3,20,富邦-新店,2023-02-06,9661
00772B,中信高評級公司債,18,0,18,富邦-新店,2023-02-06,9661
3013,晟銘電,22,4,18,富邦-新店,2023-02-06,9661
1102,亞泥,16,0,16,富邦-新店,2023-02-06,9661
00679B,元大美債20年,16,0,16,富邦-新店,2023-02-06,9661
00753L,中信中國50正2,33,18,15,富邦-新店,2023-02-06,9661
2482,連宇,41,26,15,富邦-新店,2023-02-06,9661
8936,國統,16,1,15,富邦-新店,2023-02-06,9661
00665L,富邦�琤肭磪囓�2,125,110,15,富邦-新店,2023-02-06,9661
1527,鑽全,14,0,14,富邦-新店,2023-02-06,9661
3189,景碩,14,2,12,富邦-新店,2023-02-06,9661
2338,光罩,12,0,12,富邦-新店,2023-02-06,9661
2495,普安,12,0,12,富邦-新店,2023-02-06,9661
8033,雷虎,14,2,12,富邦-新店,2023-02-06,9661
6706,惠特,12,0,12,富邦-新店,2023-02-06,9661
00882,中信中國高股息,12,0,12,富邦-新店,2023-02-06,9661
6649,台生材,11,0,11,富邦-新店,2023-02-06,9661
2603,長榮,30,20,10,富邦-新店,2023-02-06,9661
2851,中再保,10,0,10,富邦-新店,2023-02-06,9661
2610,華航,12,2,10,富邦-新店,2023-02-06,9661
1434,福懋,10,0,10,富邦-新店,2023-02-06,9661
1722,台肥,10,0,10,富邦-新店,2023-02-06,9661
00885,富邦越南,9,0,9,富邦-新店,2023-02-06,9661
00878,國泰永續高股息,144,14,130,富邦-新店,2023-02-07,9661
2888,新光金,140,11,129,富邦-新店,2023-02-07,9661
1101,台泥,70,8,62,富邦-新店,2023-02-07,9661
2897,王道銀行,58,4,54,富邦-新店,2023-02-07,9661
1432,大魯閣,35,0,35,富邦-新店,2023-02-07,9661
4746,台耀,52,18,34,富邦-新店,2023-02-07,9661
6589,台康生技,44,10,34,富邦-新店,2023-02-07,9661
4119,旭富,32,0,32,富邦-新店,2023-02-07,9661
2884,玉山金,33,2,31,富邦-新店,2023-02-07,9661
2317,鴻海,30,0,30,富邦-新店,2023-02-07,9661
1529,樂事綠能,35,5,30,富邦-新店,2023-02-07,9661
2368,金像電,31,1,30,富邦-新店,2023-02-07,9661
4157,太景*-KY,26,1,25,富邦-新店,2023-02-07,9661
00751B,元大AAA至A公司債,25,0,25,富邦-新店,2023-02-07,9661
00885,富邦越南,26,3,23,富邦-新店,2023-02-07,9661
2748,雲品,59,36,23,富邦-新店,2023-02-07,9661
2892,第一金,22,0,22,富邦-新店,2023-02-07,9661
2634,漢翔,22,0,22,富邦-新店,2023-02-07,9661
3479,安勤,30,8,22,富邦-新店,2023-02-07,9661
6515,穎崴,25,3,22,富邦-新店,2023-02-07,9661
00720B,元大投資級公司債,21,0,21,富邦-新店,2023-02-07,9661
0056,元大高股息,27,6,21,富邦-新店,2023-02-07,9661
00900,富邦特選高股息30,22,1,21,富邦-新店,2023-02-07,9661
3704,合勤控,20,0,20,富邦-新店,2023-02-07,9661
00902,中信電池及儲能,20,0,20,富邦-新店,2023-02-07,9661
2547,日勝生,20,0,20,富邦-新店,2023-02-07,9661
8996,高力,44,26,18,富邦-新店,2023-02-07,9661
5284,jpp-KY,33,17,16,富邦-新店,2023-02-07,9661
4960,誠美材,21,5,16,富邦-新店,2023-02-07,9661
2618,長榮航,25,9,16,富邦-新店,2023-02-07,9661
2038,海光,15,0,15,富邦-新店,2023-02-07,9661
00648R,元大S＆P500反1,15,0,15,富邦-新店,2023-02-07,9661
6217,中探針,21,7,14,富邦-新店,2023-02-07,9661
2498,宏達電,26,12,14,富邦-新店,2023-02-07,9661
3141,晶宏,20,6,14,富邦-新店,2023-02-07,9661
1752,南光,35,21,14,富邦-新店,2023-02-07,9661
00679B,元大美債20年,14,0,14,富邦-新店,2023-02-07,9661
00715L,期街口布蘭特正2,13,0,13,富邦-新店,2023-02-07,9661
2330,台積電,16,3,13,富邦-新店,2023-02-07,9661
00780B,國泰A級金融債,12,0,12,富邦-新店,2023-02-07,9661
2882,國泰金,14,2,12,富邦-新店,2023-02-07,9661
8436,大江,15,3,12,富邦-新店,2023-02-07,9661
3591,艾笛森,12,0,12,富邦-新店,2023-02-07,9661
2732,六角,12,0,12,富邦-新店,2023-02-07,9661
4763,材料-KY,27,15,12,富邦-新店,2023-02-07,9661
6443,元晶,12,1,11,富邦-新店,2023-02-07,9661
1701,中化,13,2,11,富邦-新店,2023-02-07,9661
2615,萬海,12,1,11,富邦-新店,2023-02-07,9661
3037,欣興,13,3,10,富邦-新店,2023-02-07,9661
2880,華南金,13,3,10,富邦-新店,2023-02-07,9661
6282,康舒,188,54,134,富邦-新店,2023-02-08,9661
00878,國泰永續高股息,120,27,93,富邦-新店,2023-02-08,9661
5213,亞昕,88,1,87,富邦-新店,2023-02-08,9661
4977,眾達-KY,81,4,77,富邦-新店,2023-02-08,9661
00665L,富邦�琤肭磪囓�2,100,28,72,富邦-新店,2023-02-08,9661
00679B,元大美債20年,52,0,52,富邦-新店,2023-02-08,9661
2313,華通,56,9,47,富邦-新店,2023-02-08,9661
6121,新普,44,0,44,富邦-新店,2023-02-08,9661
2888,新光金,51,7,44,富邦-新店,2023-02-08,9661
00772B,中信高評級公司債,40,0,40,富邦-新店,2023-02-08,9661
00720B,元大投資級公司債,37,0,37,富邦-新店,2023-02-08,9661
00637L,元大滬深300正2,42,6,36,富邦-新店,2023-02-08,9661
1734,杏輝,36,2,34,富邦-新店,2023-02-08,9661
6217,中探針,38,6,32,富邦-新店,2023-02-08,9661
1584,精剛,40,9,31,富邦-新店,2023-02-08,9661
2851,中再保,33,3,30,富邦-新店,2023-02-08,9661
2884,玉山金,34,5,29,富邦-新店,2023-02-08,9661
4162,智擎,30,3,27,富邦-新店,2023-02-08,9661
2354,鴻準,24,1,23,富邦-新店,2023-02-08,9661
5471,松翰,22,0,22,富邦-新店,2023-02-08,9661
3479,安勤,52,31,21,富邦-新店,2023-02-08,9661
3701,大眾控,20,0,20,富邦-新店,2023-02-08,9661
5425,台半,63,43,20,富邦-新店,2023-02-08,9661
6215,和椿,19,0,19,富邦-新店,2023-02-08,9661
00680L,元大美債20正2,19,0,19,富邦-新店,2023-02-08,9661
2419,仲琦,20,2,18,富邦-新店,2023-02-08,9661
8044,網家,71,54,17,富邦-新店,2023-02-08,9661
00885,富邦越南,16,0,16,富邦-新店,2023-02-08,9661
2324,仁寶,18,2,16,富邦-新店,2023-02-08,9661
8171,天宇,87,71,16,富邦-新店,2023-02-08,9661
2881,富邦金,16,1,15,富邦-新店,2023-02-08,9661
3356,奇偶,15,0,15,富邦-新店,2023-02-08,9661
2038,海光,15,0,15,富邦-新店,2023-02-08,9661
6462,神盾,15,1,14,富邦-新店,2023-02-08,9661
3022,威強電,23,9,14,富邦-新店,2023-02-08,9661
1532,勤美,14,0,14,富邦-新店,2023-02-08,9661
2890,永豐金,14,0,14,富邦-新店,2023-02-08,9661
4979,華星光,39,26,13,富邦-新店,2023-02-08,9661
2886,兆豐金,12,0,12,富邦-新店,2023-02-08,9661
1513,中興電,28,16,12,富邦-新店,2023-02-08,9661
3162,精確,15,3,12,富邦-新店,2023-02-08,9661
1783,和康生,18,6,12,富邦-新店,2023-02-08,9661
2338,光罩,46,34,12,富邦-新店,2023-02-08,9661
3680,家登,13,1,12,富邦-新店,2023-02-08,9661
6118,建達,47,36,11,富邦-新店,2023-02-08,9661
5009,榮剛,13,2,11,富邦-新店,2023-02-08,9661
1529,樂事綠能,11,0,11,富邦-新店,2023-02-08,9661
2314,台揚,16,5,11,富邦-新店,2023-02-08,9661
6116,彩晶,12,1,11,富邦-新店,2023-02-08,9661
00664R,國泰臺灣加權反1,10,0,10,富邦-新店,2023-02-08,9661
2891,中信金,167,5,162,富邦-新店,2023-02-09,9661
5213,亞昕,156,0,156,富邦-新店,2023-02-09,9661
6282,康舒,154,70,84,富邦-新店,2023-02-09,9661
1605,華新,183,103,80,富邦-新店,2023-02-09,9661
2313,華通,80,0,80,富邦-新店,2023-02-09,9661
4114,健喬,117,38,79,富邦-新店,2023-02-09,9661
00878,國泰永續高股息,87,10,77,富邦-新店,2023-02-09,9661
3356,奇偶,76,11,65,富邦-新店,2023-02-09,9661
8044,網家,57,0,57,富邦-新店,2023-02-09,9661
2344,華邦電,85,29,56,富邦-新店,2023-02-09,9661
2883B,凱基金乙特,50,0,50,富邦-新店,2023-02-09,9661
00892,富邦台灣半導體,48,0,48,富邦-新店,2023-02-09,9661
8996,高力,85,37,48,富邦-新店,2023-02-09,9661
3537,堡達,43,0,43,富邦-新店,2023-02-09,9661
4934,太極,44,4,40,富邦-新店,2023-02-09,9661
3710,連展投控,36,0,36,富邦-新店,2023-02-09,9661
00679B,元大美債20年,36,1,35,富邦-新店,2023-02-09,9661
00772B,中信高評級公司債,30,0,30,富邦-新店,2023-02-09,9661
3703,欣陸,26,0,26,富邦-新店,2023-02-09,9661
4746,台耀,30,4,26,富邦-新店,2023-02-09,9661
2354,鴻準,26,1,25,富邦-新店,2023-02-09,9661
00885,富邦越南,26,1,25,富邦-新店,2023-02-09,9661
3481,群創,36,12,24,富邦-新店,2023-02-09,9661
00720B,元大投資級公司債,21,0,21,富邦-新店,2023-02-09,9661
4561,健椿,21,0,21,富邦-新店,2023-02-09,9661
2727,王品,31,11,20,富邦-新店,2023-02-09,9661
00673R,期元大S＆P原油反1,20,0,20,富邦-新店,2023-02-09,9661
2528,皇普,20,0,20,富邦-新店,2023-02-09,9661
3529,力旺,19,0,19,富邦-新店,2023-02-09,9661
2208,台船,21,2,19,富邦-新店,2023-02-09,9661
8033,雷虎,37,19,18,富邦-新店,2023-02-09,9661
4167,松瑞藥,21,3,18,富邦-新店,2023-02-09,9661
2367,燿華,17,0,17,富邦-新店,2023-02-09,9661
1314,中石化,20,4,16,富邦-新店,2023-02-09,9661
00648R,元大S＆P500反1,15,0,15,富邦-新店,2023-02-09,9661
00688L,國泰20年美債正2,15,0,15,富邦-新店,2023-02-09,9661
6217,中探針,21,6,15,富邦-新店,2023-02-09,9661
00669R,國泰美國道瓊反1,15,0,15,富邦-新店,2023-02-09,9661
3035,智原,36,21,15,富邦-新店,2023-02-09,9661
2607,榮運,21,6,15,富邦-新店,2023-02-09,9661
2498,宏達電,46,31,15,富邦-新店,2023-02-09,9661
2880,華南金,14,0,14,富邦-新店,2023-02-09,9661
2401,凌陽,17,4,13,富邦-新店,2023-02-09,9661
2884,玉山金,13,0,13,富邦-新店,2023-02-09,9661
4130,健亞,17,4,13,富邦-新店,2023-02-09,9661
3479,安勤,33,20,13,富邦-新店,2023-02-09,9661
00773B,中信優先金融債,12,0,12,富邦-新店,2023-02-09,9661
00683L,期元大美元指正2,12,0,12,富邦-新店,2023-02-09,9661
4534,慶騰,12,0,12,富邦-新店,2023-02-09,9661
3059,華晶科,13,1,12,富邦-新店,2023-02-09,9661
00878,國泰永續高股息,289,2,287,富邦-新店,2023-02-10,9661
1605,華新,276,114,162,富邦-新店,2023-02-10,9661
4541,晟田,117,3,114,富邦-新店,2023-02-10,9661
5009,榮剛,106,8,98,富邦-新店,2023-02-10,9661
1762,中化生,74,0,74,富邦-新店,2023-02-10,9661
00751B,元大AAA至A公司債,73,0,73,富邦-新店,2023-02-10,9661
8044,網家,56,0,56,富邦-新店,2023-02-10,9661
1591,駿吉-KY,50,0,50,富邦-新店,2023-02-10,9661
2890,永豐金,60,11,49,富邦-新店,2023-02-10,9661
2618,長榮航,56,13,43,富邦-新店,2023-02-10,9661
4162,智擎,52,10,42,富邦-新店,2023-02-10,9661
4979,華星光,96,55,41,富邦-新店,2023-02-10,9661
2313,華通,40,1,39,富邦-新店,2023-02-10,9661
3594,磐儀,63,28,35,富邦-新店,2023-02-10,9661
00712,復華富時不動產,33,0,33,富邦-新店,2023-02-10,9661
5213,亞昕,33,0,33,富邦-新店,2023-02-10,9661
2609,陽明,38,9,29,富邦-新店,2023-02-10,9661
0056,元大高股息,46,17,29,富邦-新店,2023-02-10,9661
2453,凌群,46,18,28,富邦-新店,2023-02-10,9661
00772B,中信高評級公司債,25,0,25,富邦-新店,2023-02-10,9661
00679B,元大美債20年,25,0,25,富邦-新店,2023-02-10,9661
1217,愛之味,25,0,25,富邦-新店,2023-02-10,9661
00720B,元大投資級公司債,24,0,24,富邦-新店,2023-02-10,9661
8222,寶一,54,30,24,富邦-新店,2023-02-10,9661
2344,華邦電,26,4,22,富邦-新店,2023-02-10,9661
00632R,元大台灣50反1,22,0,22,富邦-新店,2023-02-10,9661
00893,國泰智能電動車,23,2,21,富邦-新店,2023-02-10,9661
00688L,國泰20年美債正2,21,0,21,富邦-新店,2023-02-10,9661
2528,皇普,20,0,20,富邦-新店,2023-02-10,9661
2603,長榮,30,10,20,富邦-新店,2023-02-10,9661
00671R,富邦NASDAQ反1,20,1,19,富邦-新店,2023-02-10,9661
5425,台半,82,64,18,富邦-新店,2023-02-10,9661
00637L,元大滬深300正2,28,10,18,富邦-新店,2023-02-10,9661
6547,高端疫苗,18,0,18,富邦-新店,2023-02-10,9661
2468,華經,38,20,18,富邦-新店,2023-02-10,9661
6245,立端,22,6,16,富邦-新店,2023-02-10,9661
2881,富邦金,29,14,15,富邦-新店,2023-02-10,9661
6706,惠特,14,0,14,富邦-新店,2023-02-10,9661
00753L,中信中國50正2,14,0,14,富邦-新店,2023-02-10,9661
5880,合庫金,17,3,14,富邦-新店,2023-02-10,9661
2610,華航,24,11,13,富邦-新店,2023-02-10,9661
2884,玉山金,17,4,13,富邦-新店,2023-02-10,9661
4915,致伸,16,3,13,富邦-新店,2023-02-10,9661
5608,四維航,23,10,13,富邦-新店,2023-02-10,9661
6116,彩晶,23,10,13,富邦-新店,2023-02-10,9661
2401,凌陽,12,0,12,富邦-新店,2023-02-10,9661
5351,鈺創,18,6,12,富邦-新店,2023-02-10,9661
6231,系微,13,1,12,富邦-新店,2023-02-10,9661
2413,環科,12,0,12,富邦-新店,2023-02-10,9661
00892,富邦台灣半導體,12,0,12,富邦-新店,2023-02-10,9661
00878,國泰永續高股息,169,53,116,富邦-新店,2023-02-13,9661
1529,樂事綠能,78,1,77,富邦-新店,2023-02-13,9661
0056,元大高股息,80,3,77,富邦-新店,2023-02-13,9661
2302,麗正,60,0,60,富邦-新店,2023-02-13,9661
1795,美時,90,31,59,富邦-新店,2023-02-13,9661
2634,漢翔,83,31,52,富邦-新店,2023-02-13,9661
1512,瑞利,50,0,50,富邦-新店,2023-02-13,9661
5608,四維航,44,1,43,富邦-新店,2023-02-13,9661
2303,聯電,92,52,40,富邦-新店,2023-02-13,9661
6191,精成科,40,0,40,富邦-新店,2023-02-13,9661
2388,威盛,45,7,38,富邦-新店,2023-02-13,9661
00679B,元大美債20年,38,0,38,富邦-新店,2023-02-13,9661
00772B,中信高評級公司債,35,0,35,富邦-新店,2023-02-13,9661
00751B,元大AAA至A公司債,30,0,30,富邦-新店,2023-02-13,9661
00720B,元大投資級公司債,29,0,29,富邦-新店,2023-02-13,9661
3583,辛耘,28,0,28,富邦-新店,2023-02-13,9661
3138,耀登,26,0,26,富邦-新店,2023-02-13,9661
8044,網家,32,6,26,富邦-新店,2023-02-13,9661
6806,森崴能源,42,16,26,富邦-新店,2023-02-13,9661
2515,中工,26,0,26,富邦-新店,2023-02-13,9661
00885,富邦越南,28,4,24,富邦-新店,2023-02-13,9661
00900,富邦特選高股息30,26,3,23,富邦-新店,2023-02-13,9661
1506,正道,20,0,20,富邦-新店,2023-02-13,9661
4950,牧東,20,0,20,富邦-新店,2023-02-13,9661
6142,友勁,20,2,18,富邦-新店,2023-02-13,9661
4133,亞諾法,17,0,17,富邦-新店,2023-02-13,9661
3289,宜特,25,9,16,富邦-新店,2023-02-13,9661
2313,華通,16,1,15,富邦-新店,2023-02-13,9661
4931,新盛力,24,9,15,富邦-新店,2023-02-13,9661
1584,精剛,24,9,15,富邦-新店,2023-02-13,9661
3481,群創,15,1,14,富邦-新店,2023-02-13,9661
3105,穩懋,17,3,14,富邦-新店,2023-02-13,9661
2882,國泰金,27,13,14,富邦-新店,2023-02-13,9661
8033,雷虎,35,21,14,富邦-新店,2023-02-13,9661
4743,合一,18,4,14,富邦-新店,2023-02-13,9661
1762,中化生,14,0,14,富邦-新店,2023-02-13,9661
00753L,中信中國50正2,13,0,13,富邦-新店,2023-02-13,9661
00903,富邦元宇宙,32,20,12,富邦-新店,2023-02-13,9661
00907,永豐優息存股,12,0,12,富邦-新店,2023-02-13,9661
00680L,元大美債20正2,12,0,12,富邦-新店,2023-02-13,9661
2603,長榮,23,11,12,富邦-新店,2023-02-13,9661
6282,康舒,13,2,11,富邦-新店,2023-02-13,9661
1513,中興電,22,11,11,富邦-新店,2023-02-13,9661
3013,晟銘電,17,6,11,富邦-新店,2023-02-13,9661
6235,華孚,27,16,11,富邦-新店,2023-02-13,9661
6589,台康生技,21,10,11,富邦-新店,2023-02-13,9661
8261,富鼎,11,0,11,富邦-新店,2023-02-13,9661
2314,台揚,12,1,11,富邦-新店,2023-02-13,9661
2409,友達,12,1,11,富邦-新店,2023-02-13,9661
3552,同致,11,1,10,富邦-新店,2023-02-13,9661
00637L,元大滬深300正2,145,30,115,富邦-新店,2023-02-14,9661
1605,華新,198,91,107,富邦-新店,2023-02-14,9661
1409,新纖,100,0,100,富邦-新店,2023-02-14,9661
2401,凌陽,104,4,100,富邦-新店,2023-02-14,9661
00885,富邦越南,95,1,94,富邦-新店,2023-02-14,9661
2884,玉山金,84,2,82,富邦-新店,2023-02-14,9661
5284,jpp-KY,68,2,66,富邦-新店,2023-02-14,9661
00882,中信中國高股息,60,0,60,富邦-新店,2023-02-14,9661
00720B,元大投資級公司債,54,0,54,富邦-新店,2023-02-14,9661
1218,泰山,48,1,47,富邦-新店,2023-02-14,9661
4114,健喬,135,92,43,富邦-新店,2023-02-14,9661
00878,國泰永續高股息,74,33,41,富邦-新店,2023-02-14,9661
2883,凱基金,43,6,37,富邦-新店,2023-02-14,9661
2889,國票金,32,0,32,富邦-新店,2023-02-14,9661
2634,漢翔,38,8,30,富邦-新店,2023-02-14,9661
8940,新天地,30,0,30,富邦-新店,2023-02-14,9661
2009,第一銅,36,10,26,富邦-新店,2023-02-14,9661
2302,麗正,25,0,25,富邦-新店,2023-02-14,9661
4167,松瑞藥,26,1,25,富邦-新店,2023-02-14,9661
4931,新盛力,27,4,23,富邦-新店,2023-02-14,9661
00679B,元大美債20年,23,1,22,富邦-新店,2023-02-14,9661
2888,新光金,23,1,22,富邦-新店,2023-02-14,9661
5285,界霖,25,4,21,富邦-新店,2023-02-14,9661
00892,富邦台灣半導體,21,0,21,富邦-新店,2023-02-14,9661
3594,磐儀,21,0,21,富邦-新店,2023-02-14,9661
2851,中再保,20,0,20,富邦-新店,2023-02-14,9661
2027,大成鋼,19,0,19,富邦-新店,2023-02-14,9661
2344,華邦電,22,5,17,富邦-新店,2023-02-14,9661
2880,華南金,20,4,16,富邦-新店,2023-02-14,9661
00673R,期元大S＆P原油反1,16,0,16,富邦-新店,2023-02-14,9661
00665L,富邦�琤肭磪囓�2,40,25,15,富邦-新店,2023-02-14,9661
4707,磐亞,15,0,15,富邦-新店,2023-02-14,9661
2731,雄獅,21,7,14,富邦-新店,2023-02-14,9661
6180,橘子,39,27,12,富邦-新店,2023-02-14,9661
3479,安勤,19,7,12,富邦-新店,2023-02-14,9661
1701,中化,18,6,12,富邦-新店,2023-02-14,9661
8105,凌巨,12,0,12,富邦-新店,2023-02-14,9661
00633L,富邦上証正2,15,4,11,富邦-新店,2023-02-14,9661
00676R,富邦臺灣加權反1,11,0,11,富邦-新店,2023-02-14,9661
5465,富驊,11,0,11,富邦-新店,2023-02-14,9661
6269,台郡,10,0,10,富邦-新店,2023-02-14,9661
2453,凌群,77,67,10,富邦-新店,2023-02-14,9661
6550,北極星藥業-KY,10,0,10,富邦-新店,2023-02-14,9661
8443,阿瘦,10,0,10,富邦-新店,2023-02-14,9661
3207,耀勝,13,3,10,富邦-新店,2023-02-14,9661
2314,台揚,10,0,10,富邦-新店,2023-02-14,9661
1234,黑松,10,0,10,富邦-新店,2023-02-14,9661
2882A,國泰特,10,0,10,富邦-新店,2023-02-14,9661
6122,擎邦,10,0,10,富邦-新店,2023-02-14,9661
1903,士紙,10,0,10,富邦-新店,2023-02-14,9661
00878,國泰永續高股息,263,18,245,富邦-新店,2023-02-15,9661
2634,漢翔,134,5,129,富邦-新店,2023-02-15,9661
00900,富邦特選高股息30,86,3,83,富邦-新店,2023-02-15,9661
00671R,富邦NASDAQ反1,100,20,80,富邦-新店,2023-02-15,9661
2515,中工,70,0,70,富邦-新店,2023-02-15,9661
00891,中信關鍵半導體,58,0,58,富邦-新店,2023-02-15,9661
2302,麗正,40,0,40,富邦-新店,2023-02-15,9661
6477,安集,40,2,38,富邦-新店,2023-02-15,9661
2201,裕隆,69,34,35,富邦-新店,2023-02-15,9661
6015,宏遠證,35,0,35,富邦-新店,2023-02-15,9661
00637L,元大滬深300正2,55,20,35,富邦-新店,2023-02-15,9661
2009,第一銅,32,3,29,富邦-新店,2023-02-15,9661
4564,元翎,25,0,25,富邦-新店,2023-02-15,9661
00892,富邦台灣半導體,53,30,23,富邦-新店,2023-02-15,9661
1605,華新,140,118,22,富邦-新店,2023-02-15,9661
2882A,國泰特,22,0,22,富邦-新店,2023-02-15,9661
2618,長榮航,32,12,20,富邦-新店,2023-02-15,9661
2027,大成鋼,23,3,20,富邦-新店,2023-02-15,9661
3522,御嵿,20,0,20,富邦-新店,2023-02-15,9661
00632R,元大台灣50反1,33,13,20,富邦-新店,2023-02-15,9661
2471,資通,72,54,18,富邦-新店,2023-02-15,9661
2729,瓦城,20,3,17,富邦-新店,2023-02-15,9661
2476,鉅祥,17,0,17,富邦-新店,2023-02-15,9661
6278,台表科,17,1,16,富邦-新店,2023-02-15,9661
00885,富邦越南,15,0,15,富邦-新店,2023-02-15,9661
2014,中鴻,17,2,15,富邦-新店,2023-02-15,9661
2206,三陽工業,32,17,15,富邦-新店,2023-02-15,9661
2609,陽明,21,7,14,富邦-新店,2023-02-15,9661
2883,凱基金,16,3,13,富邦-新店,2023-02-15,9661
006208,富邦台50,18,5,13,富邦-新店,2023-02-15,9661
2330,台積電,45,32,13,富邦-新店,2023-02-15,9661
0056,元大高股息,24,12,12,富邦-新店,2023-02-15,9661
2312,金寶,12,0,12,富邦-新店,2023-02-15,9661
2371,大同,15,3,12,富邦-新店,2023-02-15,9661
3710,連展投控,12,0,12,富邦-新店,2023-02-15,9661
00882,中信中國高股息,12,1,11,富邦-新店,2023-02-15,9661
00720B,元大投資級公司債,11,0,11,富邦-新店,2023-02-15,9661
2884,玉山金,13,2,11,富邦-新店,2023-02-15,9661
2897,王道銀行,21,10,11,富邦-新店,2023-02-15,9661
2743,山富,87,76,11,富邦-新店,2023-02-15,9661
00753L,中信中國50正2,11,0,11,富邦-新店,2023-02-15,9661
3260,威剛,11,0,11,富邦-新店,2023-02-15,9661
2891,中信金,21,11,10,富邦-新店,2023-02-15,9661
2359,所羅門,10,0,10,富邦-新店,2023-02-15,9661
1532,勤美,10,0,10,富邦-新店,2023-02-15,9661
4763,材料-KY,31,21,10,富邦-新店,2023-02-15,9661
5880,合庫金,10,1,9,富邦-新店,2023-02-15,9661
2890,永豐金,10,1,9,富邦-新店,2023-02-15,9661
3653,健策,17,8,9,富邦-新店,2023-02-15,9661
2480,敦陽科,9,0,9,富邦-新店,2023-02-15,9661
00632R,元大台灣50反1,788,0,788,富邦-新店,2023-02-16,9661
00878,國泰永續高股息,438,14,424,富邦-新店,2023-02-16,9661
2201,裕隆,177,67,110,富邦-新店,2023-02-16,9661
00679B,元大美債20年,93,0,93,富邦-新店,2023-02-16,9661
3290,東浦,80,0,80,富邦-新店,2023-02-16,9661
2302,麗正,50,0,50,富邦-新店,2023-02-16,9661
3714,富采,51,1,50,富邦-新店,2023-02-16,9661
1584,精剛,50,6,44,富邦-新店,2023-02-16,9661
00772B,中信高評級公司債,40,0,40,富邦-新店,2023-02-16,9661
5258,虹堡,38,5,33,富邦-新店,2023-02-16,9661
3128,昇銳,56,29,27,富邦-新店,2023-02-16,9661
00902,中信電池及儲能,27,0,27,富邦-新店,2023-02-16,9661
00680L,元大美債20正2,27,0,27,富邦-新店,2023-02-16,9661
00688L,國泰20年美債正2,25,0,25,富邦-新店,2023-02-16,9661
3141,晶宏,52,27,25,富邦-新店,2023-02-16,9661
3710,連展投控,35,10,25,富邦-新店,2023-02-16,9661
00720B,元大投資級公司債,24,0,24,富邦-新店,2023-02-16,9661
2406,國碩,25,2,23,富邦-新店,2023-02-16,9661
3483,力致,23,1,22,富邦-新店,2023-02-16,9661
6509,聚和,20,0,20,富邦-新店,2023-02-16,9661
1513,中興電,57,38,19,富邦-新店,2023-02-16,9661
2885,元大金,20,1,19,富邦-新店,2023-02-16,9661
2314,台揚,20,1,19,富邦-新店,2023-02-16,9661
8940,新天地,31,13,18,富邦-新店,2023-02-16,9661
8222,寶一,54,36,18,富邦-新店,2023-02-16,9661
00751B,元大AAA至A公司債,18,0,18,富邦-新店,2023-02-16,9661
6282,康舒,22,6,16,富邦-新店,2023-02-16,9661
2049,上銀,16,0,16,富邦-新店,2023-02-16,9661
6266,泰詠,18,2,16,富邦-新店,2023-02-16,9661
3162,精確,17,1,16,富邦-新店,2023-02-16,9661
5315,光聯,23,8,15,富邦-新店,2023-02-16,9661
3221,台嘉碩,23,8,15,富邦-新店,2023-02-16,9661
2906,高林,20,5,15,富邦-新店,2023-02-16,9661
3260,威剛,20,5,15,富邦-新店,2023-02-16,9661
2368,金像電,18,4,14,富邦-新店,2023-02-16,9661
00882,中信中國高股息,13,0,13,富邦-新店,2023-02-16,9661
3624,光頡,19,6,13,富邦-新店,2023-02-16,9661
3564,其陽,13,0,13,富邦-新店,2023-02-16,9661
5706,鳳凰,60,48,12,富邦-新店,2023-02-16,9661
2731,雄獅,28,17,11,富邦-新店,2023-02-16,9661
4768,晶呈科技,12,1,11,富邦-新店,2023-02-16,9661
2481,強茂,31,20,11,富邦-新店,2023-02-16,9661
6770,力積電,10,0,10,富邦-新店,2023-02-16,9661
2515,中工,20,10,10,富邦-新店,2023-02-16,9661
1722,台肥,10,0,10,富邦-新店,2023-02-16,9661
6517,保勝光學,10,0,10,富邦-新店,2023-02-16,9661
1714,和桐,10,0,10,富邦-新店,2023-02-16,9661
1108,幸福,10,0,10,富邦-新店,2023-02-16,9661
1524,耿鼎,10,0,10,富邦-新店,2023-02-16,9661
2882,國泰金,11,1,10,富邦-新店,2023-02-16,9661
00878,國泰永續高股息,230,22,208,富邦-新店,2023-02-17,9661
00679B,元大美債20年,167,1,166,富邦-新店,2023-02-17,9661
00632R,元大台灣50反1,203,55,148,富邦-新店,2023-02-17,9661
1437,勤益控,110,16,94,富邦-新店,2023-02-17,9661
3062,建漢,95,12,83,富邦-新店,2023-02-17,9661
00637L,元大滬深300正2,132,55,77,富邦-新店,2023-02-17,9661
2610,華航,143,74,69,富邦-新店,2023-02-17,9661
4960,誠美材,70,9,61,富邦-新店,2023-02-17,9661
00720B,元大投資級公司債,59,0,59,富邦-新店,2023-02-17,9661
1605,華新,211,158,53,富邦-新店,2023-02-17,9661
00903,富邦元宇宙,48,0,48,富邦-新店,2023-02-17,9661
6116,彩晶,49,2,47,富邦-新店,2023-02-17,9661
00772B,中信高評級公司債,37,0,37,富邦-新店,2023-02-17,9661
1402,遠東新,35,0,35,富邦-新店,2023-02-17,9661
00751B,元大AAA至A公司債,33,1,32,富邦-新店,2023-02-17,9661
00893,國泰智能電動車,33,3,30,富邦-新店,2023-02-17,9661
1503,士電,72,42,30,富邦-新店,2023-02-17,9661
2705,六福,57,32,25,富邦-新店,2023-02-17,9661
5263,智崴,25,0,25,富邦-新店,2023-02-17,9661
6266,泰詠,23,0,23,富邦-新店,2023-02-17,9661
1516,川飛,23,0,23,富邦-新店,2023-02-17,9661
2498,宏達電,33,11,22,富邦-新店,2023-02-17,9661
5706,鳳凰,32,11,21,富邦-新店,2023-02-17,9661
00900,富邦特選高股息30,25,5,20,富邦-新店,2023-02-17,9661
2515,中工,20,0,20,富邦-新店,2023-02-17,9661
5328,華容,20,0,20,富邦-新店,2023-02-17,9661
00665L,富邦�琤肭磪囓�2,60,40,20,富邦-新店,2023-02-17,9661
4155,訊映,20,0,20,富邦-新店,2023-02-17,9661
1514,亞力,24,5,19,富邦-新店,2023-02-17,9661
2745,五福,19,0,19,富邦-新店,2023-02-17,9661
2618,長榮航,86,67,19,富邦-新店,2023-02-17,9661
6191,精成科,20,2,18,富邦-新店,2023-02-17,9661
2002,中鋼,22,5,17,富邦-新店,2023-02-17,9661
8222,寶一,95,78,17,富邦-新店,2023-02-17,9661
2530,華建,16,0,16,富邦-新店,2023-02-17,9661
00680L,元大美債20正2,16,0,16,富邦-新店,2023-02-17,9661
1810,和成,57,42,15,富邦-新店,2023-02-17,9661
6443,元晶,47,32,15,富邦-新店,2023-02-17,9661
2371,大同,21,6,15,富邦-新店,2023-02-17,9661
3594,磐儀,37,22,15,富邦-新店,2023-02-17,9661
3624,光頡,16,1,15,富邦-新店,2023-02-17,9661
3645,達邁,15,0,15,富邦-新店,2023-02-17,9661
0050,元大台灣50,23,8,15,富邦-新店,2023-02-17,9661
00683L,期元大美元指正2,14,0,14,富邦-新店,2023-02-17,9661
1584,精剛,40,27,13,富邦-新店,2023-02-17,9661
2739,寒舍,13,0,13,富邦-新店,2023-02-17,9661
00753L,中信中國50正2,13,0,13,富邦-新店,2023-02-17,9661
3704,合勤控,12,0,12,富邦-新店,2023-02-17,9661
6143,振曜,31,19,12,富邦-新店,2023-02-17,9661
00715L,期街口布蘭特正2,12,1,11,富邦-新店,2023-02-17,9661
00637L,元大滬深300正2,189,62,127,富邦-新店,2023-02-20,9661
1528,恩德,109,0,109,富邦-新店,2023-02-20,9661
5258,虹堡,152,55,97,富邦-新店,2023-02-20,9661
1605,華新,169,84,85,富邦-新店,2023-02-20,9661
00878,國泰永續高股息,103,28,75,富邦-新店,2023-02-20,9661
00720B,元大投資級公司債,60,0,60,富邦-新店,2023-02-20,9661
5425,台半,90,31,59,富邦-新店,2023-02-20,9661
4541,晟田,71,18,53,富邦-新店,2023-02-20,9661
2515,中工,92,40,52,富邦-新店,2023-02-20,9661
6282,康舒,63,11,52,富邦-新店,2023-02-20,9661
3704,合勤控,55,4,51,富邦-新店,2023-02-20,9661
3703,欣陸,50,0,50,富邦-新店,2023-02-20,9661
1762,中化生,50,0,50,富邦-新店,2023-02-20,9661
3710,連展投控,80,31,49,富邦-新店,2023-02-20,9661
1589,永冠-KY,50,4,46,富邦-新店,2023-02-20,9661
6266,泰詠,45,1,44,富邦-新店,2023-02-20,9661
2376,技嘉,43,0,43,富邦-新店,2023-02-20,9661
9939,宏全,40,0,40,富邦-新店,2023-02-20,9661
1529,樂事綠能,46,6,40,富邦-新店,2023-02-20,9661
2367,燿華,60,22,38,富邦-新店,2023-02-20,9661
2610,華航,131,96,35,富邦-新店,2023-02-20,9661
2314,台揚,34,0,34,富邦-新店,2023-02-20,9661
4526,東台,32,0,32,富邦-新店,2023-02-20,9661
00680L,元大美債20正2,30,0,30,富邦-新店,2023-02-20,9661
2611,志信,30,0,30,富邦-新店,2023-02-20,9661
1101,台泥,37,7,30,富邦-新店,2023-02-20,9661
00893,國泰智能電動車,31,2,29,富邦-新店,2023-02-20,9661
3046,建��,31,2,29,富邦-新店,2023-02-20,9661
3037,欣興,38,10,28,富邦-新店,2023-02-20,9661
8222,寶一,35,10,25,富邦-新店,2023-02-20,9661
00679B,元大美債20年,44,20,24,富邦-新店,2023-02-20,9661
5353,台林,22,1,21,富邦-新店,2023-02-20,9661
4105,東洋,21,0,21,富邦-新店,2023-02-20,9661
4743,合一,44,23,21,富邦-新店,2023-02-20,9661
6432,今展科,20,0,20,富邦-新店,2023-02-20,9661
2201,裕隆,44,24,20,富邦-新店,2023-02-20,9661
2317,鴻海,27,8,19,富邦-新店,2023-02-20,9661
2371,大同,39,22,17,富邦-新店,2023-02-20,9661
4804,大略-KY,17,0,17,富邦-新店,2023-02-20,9661
2731,雄獅,23,8,15,富邦-新店,2023-02-20,9661
5203,訊連,15,0,15,富邦-新店,2023-02-20,9661
8358,金居,19,4,15,富邦-新店,2023-02-20,9661
2413,環科,21,6,15,富邦-新店,2023-02-20,9661
6279,胡連,22,7,15,富邦-新店,2023-02-20,9661
5340,建榮,19,5,14,富邦-新店,2023-02-20,9661
2729,瓦城,18,4,14,富邦-新店,2023-02-20,9661
2498,宏達電,25,11,14,富邦-新店,2023-02-20,9661
8383,千附,25,11,14,富邦-新店,2023-02-20,9661
3545,敦泰,18,5,13,富邦-新店,2023-02-20,9661
2885,元大金,25,12,13,富邦-新店,2023-02-20,9661
1605,華新,197,40,157,富邦-新店,2023-02-21,9661
2303,聯電,142,25,117,富邦-新店,2023-02-21,9661
00637L,元大滬深300正2,200,93,107,富邦-新店,2023-02-21,9661
00632R,元大台灣50反1,101,2,99,富邦-新店,2023-02-21,9661
5905,南仁湖,100,5,95,富邦-新店,2023-02-21,9661
2884,玉山金,172,93,79,富邦-新店,2023-02-21,9661
2610,華航,104,26,78,富邦-新店,2023-02-21,9661
5425,台半,83,19,64,富邦-新店,2023-02-21,9661
6266,泰詠,51,0,51,富邦-新店,2023-02-21,9661
1584,精剛,144,96,48,富邦-新店,2023-02-21,9661
8050,廣積,57,14,43,富邦-新店,2023-02-21,9661
1734,杏輝,40,0,40,富邦-新店,2023-02-21,9661
2457,飛宏,131,96,35,富邦-新店,2023-02-21,9661
00720B,元大投資級公司債,34,0,34,富邦-新店,2023-02-21,9661
2204,中華,31,0,31,富邦-新店,2023-02-21,9661
00665L,富邦�琤肭磪囓�2,30,0,30,富邦-新店,2023-02-21,9661
00725B,國泰投資級公司債,27,0,27,富邦-新店,2023-02-21,9661
1718,中纖,27,0,27,富邦-新店,2023-02-21,9661
5284,jpp-KY,26,0,26,富邦-新店,2023-02-21,9661
00679B,元大美債20年,36,10,26,富邦-新店,2023-02-21,9661
2634,漢翔,78,53,25,富邦-新店,2023-02-21,9661
2388,威盛,76,51,25,富邦-新店,2023-02-21,9661
3011,今皓,33,10,23,富邦-新店,2023-02-21,9661
1810,和成,24,2,22,富邦-新店,2023-02-21,9661
2880,華南金,22,0,22,富邦-新店,2023-02-21,9661
1722,台肥,21,0,21,富邦-新店,2023-02-21,9661
2892,第一金,21,0,21,富邦-新店,2023-02-21,9661
6770,力積電,21,1,20,富邦-新店,2023-02-21,9661
6150,撼訊,20,0,20,富邦-新店,2023-02-21,9661
6116,彩晶,23,3,20,富邦-新店,2023-02-21,9661
00671R,富邦NASDAQ反1,20,0,20,富邦-新店,2023-02-21,9661
2476,鉅祥,17,0,17,富邦-新店,2023-02-21,9661
00751B,元大AAA至A公司債,17,0,17,富邦-新店,2023-02-21,9661
6235,華孚,55,38,17,富邦-新店,2023-02-21,9661
1504,東元,20,4,16,富邦-新店,2023-02-21,9661
2330,台積電,19,4,15,富邦-新店,2023-02-21,9661
2349,錸德,15,0,15,富邦-新店,2023-02-21,9661
5543,桓鼎-KY,15,0,15,富邦-新店,2023-02-21,9661
2606,裕民,20,5,15,富邦-新店,2023-02-21,9661
00893,國泰智能電動車,18,4,14,富邦-新店,2023-02-21,9661
6509,聚和,16,2,14,富邦-新店,2023-02-21,9661
3029,零壹,14,0,14,富邦-新店,2023-02-21,9661
4931,新盛力,19,5,14,富邦-新店,2023-02-21,9661
1101,台泥,22,8,14,富邦-新店,2023-02-21,9661
2444,兆勁,14,0,14,富邦-新店,2023-02-21,9661
2883,凱基金,17,4,13,富邦-新店,2023-02-21,9661
8105,凌巨,16,3,13,富邦-新店,2023-02-21,9661
2323,中環,13,0,13,富邦-新店,2023-02-21,9661
0050,元大台灣50,16,4,12,富邦-新店,2023-02-21,9661
00878,國泰永續高股息,28,16,12,富邦-新店,2023-02-21,9661
00632R,元大台灣50反1,606,17,589,富邦-新店,2023-02-22,9661
00878,國泰永續高股息,265,26,239,富邦-新店,2023-02-22,9661
5425,台半,259,35,224,富邦-新店,2023-02-22,9661
1528,恩德,128,0,128,富邦-新店,2023-02-22,9661
2812,台中銀,123,3,120,富邦-新店,2023-02-22,9661
1783,和康生,92,22,70,富邦-新店,2023-02-22,9661
5371,中光電,72,3,69,富邦-新店,2023-02-22,9661
2889,國票金,53,5,48,富邦-新店,2023-02-22,9661
0050,元大台灣50,47,1,46,富邦-新店,2023-02-22,9661
00720B,元大投資級公司債,45,0,45,富邦-新店,2023-02-22,9661
00903,富邦元宇宙,43,0,43,富邦-新店,2023-02-22,9661
2618,長榮航,50,8,42,富邦-新店,2023-02-22,9661
2023,燁輝,40,2,38,富邦-新店,2023-02-22,9661
8261,富鼎,38,0,38,富邦-新店,2023-02-22,9661
5258,虹堡,93,56,37,富邦-新店,2023-02-22,9661
00892,富邦台灣半導體,36,0,36,富邦-新店,2023-02-22,9661
3035,智原,55,23,32,富邦-新店,2023-02-22,9661
8046,南電,35,3,32,富邦-新店,2023-02-22,9661
4979,華星光,50,19,31,富邦-新店,2023-02-22,9661
3147,大綜,32,1,31,富邦-新店,2023-02-22,9661
1514,亞力,63,33,30,富邦-新店,2023-02-22,9661
2705,六福,41,12,29,富邦-新店,2023-02-22,9661
2328,廣宇,30,2,28,富邦-新店,2023-02-22,9661
6282,康舒,82,54,28,富邦-新店,2023-02-22,9661
00893,國泰智能電動車,26,1,25,富邦-新店,2023-02-22,9661
3037,欣興,36,12,24,富邦-新店,2023-02-22,9661
00713,元大台灣高息低波,23,0,23,富邦-新店,2023-02-22,9661
6570,維田,32,9,23,富邦-新店,2023-02-22,9661
2731,雄獅,41,19,22,富邦-新店,2023-02-22,9661
3027,盛達,56,34,22,富邦-新店,2023-02-22,9661
2014,中鴻,43,22,21,富邦-新店,2023-02-22,9661
1519,華城,119,98,21,富邦-新店,2023-02-22,9661
0056,元大高股息,53,32,21,富邦-新店,2023-02-22,9661
5512,力麒,22,2,20,富邦-新店,2023-02-22,9661
00637L,元大滬深300正2,51,31,20,富邦-新店,2023-02-22,9661
00753L,中信中國50正2,30,10,20,富邦-新店,2023-02-22,9661
00665L,富邦�琤肭磪囓�2,20,0,20,富邦-新店,2023-02-22,9661
00712,復華富時不動產,18,0,18,富邦-新店,2023-02-22,9661
3019,亞光,18,0,18,富邦-新店,2023-02-22,9661
2352,佳世達,21,3,18,富邦-新店,2023-02-22,9661
00751B,元大AAA至A公司債,18,0,18,富邦-新店,2023-02-22,9661
1513,中興電,57,40,17,富邦-新店,2023-02-22,9661
6150,撼訊,20,3,17,富邦-新店,2023-02-22,9661
3006,晶豪科,23,6,17,富邦-新店,2023-02-22,9661
5543,桓鼎-KY,17,0,17,富邦-新店,2023-02-22,9661
2201,裕隆,45,29,16,富邦-新店,2023-02-22,9661
4743,合一,19,4,15,富邦-新店,2023-02-22,9661
00830,國泰費城半導體,19,4,15,富邦-新店,2023-02-22,9661
9105,泰金寶-DR,15,0,15,富邦-新店,2023-02-22,9661
1722,台肥,15,0,15,富邦-新店,2023-02-22,9661
00632R,元大台灣50反1,418,21,397,富邦-新店,2023-02-23,9661
00637L,元大滬深300正2,211,40,171,富邦-新店,2023-02-23,9661
5512,力麒,157,15,142,富邦-新店,2023-02-23,9661
00715L,期街口布蘭特正2,140,0,140,富邦-新店,2023-02-23,9661
00720B,元大投資級公司債,136,14,122,富邦-新店,2023-02-23,9661
1605,華新,132,17,115,富邦-新店,2023-02-23,9661
1108,幸福,102,15,87,富邦-新店,2023-02-23,9661
00893,國泰智能電動車,90,7,83,富邦-新店,2023-02-23,9661
1528,恩德,79,0,79,富邦-新店,2023-02-23,9661
8927,北基,96,33,63,富邦-新店,2023-02-23,9661
4995,晶達,56,0,56,富邦-新店,2023-02-23,9661
3290,東浦,51,2,49,富邦-新店,2023-02-23,9661
6266,泰詠,51,5,46,富邦-新店,2023-02-23,9661
2610,華航,51,8,43,富邦-新店,2023-02-23,9661
1589,永冠-KY,40,1,39,富邦-新店,2023-02-23,9661
3481,群創,48,10,38,富邦-新店,2023-02-23,9661
3624,光頡,35,1,34,富邦-新店,2023-02-23,9661
5258,虹堡,131,98,33,富邦-新店,2023-02-23,9661
6136,富爾特,33,0,33,富邦-新店,2023-02-23,9661
1527,鑽全,32,0,32,富邦-新店,2023-02-23,9661
5009,榮剛,46,15,31,富邦-新店,2023-02-23,9661
1101,台泥,75,45,30,富邦-新店,2023-02-23,9661
3122,笙泉,30,0,30,富邦-新店,2023-02-23,9661
00642U,期元大S＆P石油,28,0,28,富邦-新店,2023-02-23,9661
1506,正道,26,0,26,富邦-新店,2023-02-23,9661
2618,長榮航,61,37,24,富邦-新店,2023-02-23,9661
6509,聚和,22,1,21,富邦-新店,2023-02-23,9661
2743,山富,35,15,20,富邦-新店,2023-02-23,9661
00650L,復華香港正2,50,30,20,富邦-新店,2023-02-23,9661
3094,聯傑,34,14,20,富邦-新店,2023-02-23,9661
2208,台船,29,11,18,富邦-新店,2023-02-23,9661
00753L,中信中國50正2,24,6,18,富邦-新店,2023-02-23,9661
3704,合勤控,23,6,17,富邦-新店,2023-02-23,9661
3673,TPK-KY,18,2,16,富邦-新店,2023-02-23,9661
00712,復華富時不動產,16,0,16,富邦-新店,2023-02-23,9661
3088,艾訊,16,1,15,富邦-新店,2023-02-23,9661
2836,高雄銀,15,0,15,富邦-新店,2023-02-23,9661
2049,上銀,25,10,15,富邦-新店,2023-02-23,9661
1762,中化生,15,0,15,富邦-新店,2023-02-23,9661
00751B,元大AAA至A公司債,14,0,14,富邦-新店,2023-02-23,9661
2317,鴻海,20,6,14,富邦-新店,2023-02-23,9661
2401,凌陽,15,1,14,富邦-新店,2023-02-23,9661
00772B,中信高評級公司債,14,0,14,富邦-新店,2023-02-23,9661
8049,晶采,13,0,13,富邦-新店,2023-02-23,9661
1789,神隆,13,0,13,富邦-新店,2023-02-23,9661
2308,台達電,12,0,12,富邦-新店,2023-02-23,9661
1519,華城,15,3,12,富邦-新店,2023-02-23,9661
1337,再生-KY,12,0,12,富邦-新店,2023-02-23,9661
00882,中信中國高股息,12,0,12,富邦-新店,2023-02-23,9661
2108,南帝,11,0,11,富邦-新店,2023-02-23,9661
2890,永豐金,216,0,216,富邦-新店,2023-02-24,9661
00637L,元大滬深300正2,178,0,178,富邦-新店,2023-02-24,9661
00696B,富邦美債20年,140,0,140,富邦-新店,2023-02-24,9661
00878,國泰永續高股息,149,38,111,富邦-新店,2023-02-24,9661
1605,華新,132,42,90,富邦-新店,2023-02-24,9661
2897,王道銀行,73,0,73,富邦-新店,2023-02-24,9661
00885,富邦越南,77,5,72,富邦-新店,2023-02-24,9661
4995,晶達,58,1,57,富邦-新店,2023-02-24,9661
6282,康舒,59,3,56,富邦-新店,2023-02-24,9661
2618,長榮航,58,11,47,富邦-新店,2023-02-24,9661
3037,欣興,61,17,44,富邦-新店,2023-02-24,9661
5512,力麒,135,91,44,富邦-新店,2023-02-24,9661
2388,威盛,127,86,41,富邦-新店,2023-02-24,9661
1717,長興,41,0,41,富邦-新店,2023-02-24,9661
00882,中信中國高股息,38,0,38,富邦-新店,2023-02-24,9661
1722,台肥,36,3,33,富邦-新店,2023-02-24,9661
2317,鴻海,39,7,32,富邦-新店,2023-02-24,9661
00712,復華富時不動產,30,0,30,富邦-新店,2023-02-24,9661
2498,宏達電,75,45,30,富邦-新店,2023-02-24,9661
1455,集盛,30,0,30,富邦-新店,2023-02-24,9661
2731,雄獅,33,3,30,富邦-新店,2023-02-24,9661
3324,雙鴻,28,1,27,富邦-新店,2023-02-24,9661
3011,今皓,27,1,26,富邦-新店,2023-02-24,9661
1229,聯華,30,5,25,富邦-新店,2023-02-24,9661
00650L,復華香港正2,24,0,24,富邦-新店,2023-02-24,9661
2014,中鴻,26,3,23,富邦-新店,2023-02-24,9661
2612,中航,72,50,22,富邦-新店,2023-02-24,9661
00687B,國泰20年美債,22,0,22,富邦-新店,2023-02-24,9661
2349,錸德,25,3,22,富邦-新店,2023-02-24,9661
00679B,元大美債20年,23,2,21,富邦-新店,2023-02-24,9661
2601,益航,62,42,20,富邦-新店,2023-02-24,9661
4164,承業醫,20,0,20,富邦-新店,2023-02-24,9661
6266,泰詠,42,22,20,富邦-新店,2023-02-24,9661
5227,立凱-KY,20,0,20,富邦-新店,2023-02-24,9661
2812,台中銀,19,0,19,富邦-新店,2023-02-24,9661
3714,富采,20,1,19,富邦-新店,2023-02-24,9661
2634,漢翔,31,13,18,富邦-新店,2023-02-24,9661
4153,鈺緯,20,2,18,富邦-新店,2023-02-24,9661
3105,穩懋,18,0,18,富邦-新店,2023-02-24,9661
1909,榮成,18,0,18,富邦-新店,2023-02-24,9661
5464,霖宏,26,8,18,富邦-新店,2023-02-24,9661
4919,新唐,23,7,16,富邦-新店,2023-02-24,9661
00692,富邦公司治理,16,0,16,富邦-新店,2023-02-24,9661
8039,台虹,16,0,16,富邦-新店,2023-02-24,9661
6288,聯嘉,21,5,16,富邦-新店,2023-02-24,9661
3034,聯詠,18,2,16,富邦-新店,2023-02-24,9661
3710,連展投控,17,2,15,富邦-新店,2023-02-24,9661
5210,寶碩,21,7,14,富邦-新店,2023-02-24,9661
3508,位速,13,0,13,富邦-新店,2023-02-24,9661
8261,富鼎,13,1,12,富邦-新店,2023-02-24,9661
1709,和益,202,5,197,富邦-新店,2023-03-01,9661
00878,國泰永續高股息,231,76,155,富邦-新店,2023-03-01,9661
2884,玉山金,174,35,139,富邦-新店,2023-03-01,9661
00679B,元大美債20年,120,5,115,富邦-新店,2023-03-01,9661
2888,新光金,107,10,97,富邦-新店,2023-03-01,9661
2812,台中銀,60,1,59,富邦-新店,2023-03-01,9661
00885,富邦越南,55,0,55,富邦-新店,2023-03-01,9661
2002,中鋼,58,6,52,富邦-新店,2023-03-01,9661
6150,撼訊,50,0,50,富邦-新店,2023-03-01,9661
2615,萬海,49,3,46,富邦-新店,2023-03-01,9661
1101,台泥,65,24,41,富邦-新店,2023-03-01,9661
6266,泰詠,38,1,37,富邦-新店,2023-03-01,9661
2014,中鴻,74,39,35,富邦-新店,2023-03-01,9661
1712,興農,37,2,35,富邦-新店,2023-03-01,9661
2637,慧洋-KY,67,33,34,富邦-新店,2023-03-01,9661
5258,虹堡,54,20,34,富邦-新店,2023-03-01,9661
2606,裕民,71,39,32,富邦-新店,2023-03-01,9661
2354,鴻準,31,1,30,富邦-新店,2023-03-01,9661
2880,華南金,47,20,27,富邦-新店,2023-03-01,9661
2344,華邦電,29,2,27,富邦-新店,2023-03-01,9661
1229,聯華,26,0,26,富邦-新店,2023-03-01,9661
1219,福壽,29,3,26,富邦-新店,2023-03-01,9661
00772B,中信高評級公司債,28,4,24,富邦-新店,2023-03-01,9661
3088,艾訊,26,2,24,富邦-新店,2023-03-01,9661
5015,華祺,24,1,23,富邦-新店,2023-03-01,9661
5536,聖暉*,33,11,22,富邦-新店,2023-03-01,9661
5009,榮剛,34,12,22,富邦-新店,2023-03-01,9661
4977,眾達-KY,22,0,22,富邦-新店,2023-03-01,9661
2881,富邦金,25,3,22,富邦-新店,2023-03-01,9661
5410,國眾,21,0,21,富邦-新店,2023-03-01,9661
3011,今皓,20,0,20,富邦-新店,2023-03-01,9661
4915,致伸,26,6,20,富邦-新店,2023-03-01,9661
2610,華航,33,14,19,富邦-新店,2023-03-01,9661
5227,立凱-KY,40,21,19,富邦-新店,2023-03-01,9661
6770,力積電,21,2,19,富邦-新店,2023-03-01,9661
2605,新興,122,103,19,富邦-新店,2023-03-01,9661
00712,復華富時不動產,18,0,18,富邦-新店,2023-03-01,9661
1722,台肥,18,0,18,富邦-新店,2023-03-01,9661
2613,中櫃,19,1,18,富邦-新店,2023-03-01,9661
9802,鈺齊-KY,20,2,18,富邦-新店,2023-03-01,9661
00680L,元大美債20正2,18,0,18,富邦-新店,2023-03-01,9661
3231,緯創,18,1,17,富邦-新店,2023-03-01,9661
2892,第一金,17,0,17,富邦-新店,2023-03-01,9661
6231,系微,22,5,17,富邦-新店,2023-03-01,9661
3481,群創,22,6,16,富邦-新店,2023-03-01,9661
2545,皇翔,18,3,15,富邦-新店,2023-03-01,9661
3454,晶睿,22,7,15,富邦-新店,2023-03-01,9661
3706,神達,20,6,14,富邦-新店,2023-03-01,9661
0056,元大高股息,27,13,14,富邦-新店,2023-03-01,9661
2603,長榮,24,11,13,富邦-新店,2023-03-01,9661
00878,國泰永續高股息,239,10,229,富邦-新店,2023-03-02,9661
4541,晟田,78,6,72,富邦-新店,2023-03-02,9661
2609,陽明,127,56,71,富邦-新店,2023-03-02,9661
00720B,元大投資級公司債,63,0,63,富邦-新店,2023-03-02,9661
3481,群創,67,11,56,富邦-新店,2023-03-02,9661
1762,中化生,78,22,56,富邦-新店,2023-03-02,9661
00772B,中信高評級公司債,56,0,56,富邦-新店,2023-03-02,9661
2641,正德,42,0,42,富邦-新店,2023-03-02,9661
00679B,元大美債20年,61,22,39,富邦-新店,2023-03-02,9661
2886,兆豐金,38,0,38,富邦-新店,2023-03-02,9661
00712,復華富時不動產,37,0,37,富邦-新店,2023-03-02,9661
2303,聯電,82,46,36,富邦-新店,2023-03-02,9661
5315,光聯,53,17,36,富邦-新店,2023-03-02,9661
1101,台泥,38,5,33,富邦-新店,2023-03-02,9661
1783,和康生,31,6,25,富邦-新店,2023-03-02,9661
2495,普安,24,0,24,富邦-新店,2023-03-02,9661
6279,胡連,23,0,23,富邦-新店,2023-03-02,9661
2812,台中銀,26,4,22,富邦-新店,2023-03-02,9661
2482,連宇,44,24,20,富邦-新店,2023-03-02,9661
00632R,元大台灣50反1,20,0,20,富邦-新店,2023-03-02,9661
6733,博晟生醫,20,0,20,富邦-新店,2023-03-02,9661
2515,中工,20,1,19,富邦-新店,2023-03-02,9661
2834,臺企銀,30,12,18,富邦-新店,2023-03-02,9661
2887,台新金,25,8,17,富邦-新店,2023-03-02,9661
0050,元大台灣50,20,3,17,富邦-新店,2023-03-02,9661
00897,富邦基因免疫生技,18,3,15,富邦-新店,2023-03-02,9661
6170,統振,26,11,15,富邦-新店,2023-03-02,9661
2377,微星,17,2,15,富邦-新店,2023-03-02,9661
3362,先進光,55,41,14,富邦-新店,2023-03-02,9661
2884,玉山金,15,1,14,富邦-新店,2023-03-02,9661
0056,元大高股息,30,17,13,富邦-新店,2023-03-02,9661
3013,晟銘電,12,0,12,富邦-新店,2023-03-02,9661
2337,旺宏,12,0,12,富邦-新店,2023-03-02,9661
3022,威強電,12,0,12,富邦-新店,2023-03-02,9661
2359,所羅門,22,11,11,富邦-新店,2023-03-02,9661
00650L,復華香港正2,11,0,11,富邦-新店,2023-03-02,9661
1432,大魯閣,16,5,11,富邦-新店,2023-03-02,9661
2201,裕隆,82,72,10,富邦-新店,2023-03-02,9661
6147,頎邦,12,2,10,富邦-新店,2023-03-02,9661
1217,愛之味,10,0,10,富邦-新店,2023-03-02,9661
2030,彰源,10,0,10,富邦-新店,2023-03-02,9661
2897,王道銀行,11,1,10,富邦-新店,2023-03-02,9661
1506,正道,10,0,10,富邦-新店,2023-03-02,9661
1319,東陽,10,0,10,富邦-新店,2023-03-02,9661
6155,鈞寶,11,1,10,富邦-新店,2023-03-02,9661
2409,友達,14,4,10,富邦-新店,2023-03-02,9661
2883,凱基金,10,1,9,富邦-新店,2023-03-02,9661
9802,鈺齊-KY,9,0,9,富邦-新店,2023-03-02,9661
4908,前鼎,9,0,9,富邦-新店,2023-03-02,9661
3162,精確,10,1,9,富邦-新店,2023-03-02,9661
00673R,期元大S＆P原油反1,105,0,105,富邦-新店,2023-03-03,9661
2834,臺企銀,66,2,64,富邦-新店,2023-03-03,9661
3380,明泰,61,1,60,富邦-新店,2023-03-03,9661
00772B,中信高評級公司債,59,0,59,富邦-新店,2023-03-03,9661
3265,台星科,60,5,55,富邦-新店,2023-03-03,9661
4967,十銓,60,5,55,富邦-新店,2023-03-03,9661
00720B,元大投資級公司債,44,0,44,富邦-新店,2023-03-03,9661
1708,東鹼,47,5,42,富邦-新店,2023-03-03,9661
1587,吉茂,40,0,40,富邦-新店,2023-03-03,9661
00637L,元大滬深300正2,149,110,39,富邦-新店,2023-03-03,9661
1101,台泥,35,0,35,富邦-新店,2023-03-03,9661
3006,晶豪科,41,11,30,富邦-新店,2023-03-03,9661
2548,華固,30,0,30,富邦-新店,2023-03-03,9661
00679B,元大美債20年,29,0,29,富邦-新店,2023-03-03,9661
6235,華孚,47,20,27,富邦-新店,2023-03-03,9661
2880,華南金,27,0,27,富邦-新店,2023-03-03,9661
00751B,元大AAA至A公司債,26,0,26,富邦-新店,2023-03-03,9661
3147,大綜,63,39,24,富邦-新店,2023-03-03,9661
6142,友勁,31,10,21,富邦-新店,2023-03-03,9661
2419,仲琦,21,0,21,富邦-新店,2023-03-03,9661
4123,晟德,21,0,21,富邦-新店,2023-03-03,9661
2609,陽明,61,41,20,富邦-新店,2023-03-03,9661
2886,兆豐金,20,0,20,富邦-新店,2023-03-03,9661
2201,裕隆,23,3,20,富邦-新店,2023-03-03,9661
5450,南良,21,1,20,富邦-新店,2023-03-03,9661
3432,台端,20,0,20,富邦-新店,2023-03-03,9661
2732,六角,26,7,19,富邦-新店,2023-03-03,9661
5258,虹堡,77,58,19,富邦-新店,2023-03-03,9661
9958,世紀鋼,19,1,18,富邦-新店,2023-03-03,9661
3441,聯一光,35,17,18,富邦-新店,2023-03-03,9661
3056,富華新,20,4,16,富邦-新店,2023-03-03,9661
1217,愛之味,16,0,16,富邦-新店,2023-03-03,9661
6841,長佳智能,22,6,16,富邦-新店,2023-03-03,9661
00897,富邦基因免疫生技,15,0,15,富邦-新店,2023-03-03,9661
3652,精聯,17,1,16,富邦-新店,2023-03-03,9661
8255,朋程,21,6,15,富邦-新店,2023-03-03,9661
8105,凌巨,50,35,15,富邦-新店,2023-03-03,9661
6288,聯嘉,15,0,15,富邦-新店,2023-03-03,9661
2884,玉山金,18,4,14,富邦-新店,2023-03-03,9661
6548,長科*,15,1,14,富邦-新店,2023-03-03,9661
1524,耿鼎,14,0,14,富邦-新店,2023-03-03,9661
00712,復華富時不動產,13,0,13,富邦-新店,2023-03-03,9661
2498,宏達電,17,4,13,富邦-新店,2023-03-03,9661
2542,興富發,13,0,13,富邦-新店,2023-03-03,9661
2601,益航,16,3,13,富邦-新店,2023-03-03,9661
3037,欣興,57,45,12,富邦-新店,2023-03-03,9661
4119,旭富,13,1,12,富邦-新店,2023-03-03,9661
2845,遠東銀,22,11,11,富邦-新店,2023-03-03,9661
2891,中信金,12,1,11,富邦-新店,2023-03-03,9661
5203,訊連,11,0,11,富邦-新店,2023-03-03,9661
00673R,期元大S＆P原油反1,131,0,131,富邦-新店,2023-03-06,9661
6770,力積電,112,39,73,富邦-新店,2023-03-06,9661
2303,聯電,141,73,68,富邦-新店,2023-03-06,9661
00637L,元大滬深300正2,115,48,67,富邦-新店,2023-03-06,9661
3029,零壹,42,3,39,富邦-新店,2023-03-06,9661
00878,國泰永續高股息,64,26,38,富邦-新店,2023-03-06,9661
2388,威盛,57,20,37,富邦-新店,2023-03-06,9661
00713,元大台灣高息低波,36,1,35,富邦-新店,2023-03-06,9661
2482,連宇,45,11,34,富邦-新店,2023-03-06,9661
2313,華通,31,1,30,富邦-新店,2023-03-06,9661
6167,久正,30,0,30,富邦-新店,2023-03-06,9661
6140,訊達,29,0,29,富邦-新店,2023-03-06,9661
8084,巨虹,25,0,25,富邦-新店,2023-03-06,9661
8421,旭源,23,0,23,富邦-新店,2023-03-06,9661
6517,保勝光學,54,31,23,富邦-新店,2023-03-06,9661
8927,北基,25,3,22,富邦-新店,2023-03-06,9661
4207,環泰,30,10,20,富邦-新店,2023-03-06,9661
5880,合庫金,20,0,20,富邦-新店,2023-03-06,9661
2630,亞航,20,1,19,富邦-新店,2023-03-06,9661
6443,元晶,44,25,19,富邦-新店,2023-03-06,9661
5315,光聯,42,23,19,富邦-新店,2023-03-06,9661
00773B,中信優先金融債,18,0,18,富邦-新店,2023-03-06,9661
8033,雷虎,40,22,18,富邦-新店,2023-03-06,9661
2606,裕民,22,6,16,富邦-新店,2023-03-06,9661
5603,陸海,16,0,16,富邦-新店,2023-03-06,9661
6150,撼訊,18,2,16,富邦-新店,2023-03-06,9661
2603,長榮,26,11,15,富邦-新店,2023-03-06,9661
2228,劍麟,18,3,15,富邦-新店,2023-03-06,9661
2601,益航,16,1,15,富邦-新店,2023-03-06,9661
2637,慧洋-KY,36,21,15,富邦-新店,2023-03-06,9661
2618,長榮航,60,46,14,富邦-新店,2023-03-06,9661
00903,富邦元宇宙,15,1,14,富邦-新店,2023-03-06,9661
2453,凌群,13,0,13,富邦-新店,2023-03-06,9661
00753L,中信中國50正2,14,1,13,富邦-新店,2023-03-06,9661
1708,東鹼,16,3,13,富邦-新店,2023-03-06,9661
00712,復華富時不動產,12,0,12,富邦-新店,2023-03-06,9661
5285,界霖,14,2,12,富邦-新店,2023-03-06,9661
3005,神基,14,2,12,富邦-新店,2023-03-06,9661
3003,健和興,12,0,12,富邦-新店,2023-03-06,9661
5263,智崴,13,1,12,富邦-新店,2023-03-06,9661
2349,錸德,12,0,12,富邦-新店,2023-03-06,9661
2002,中鋼,13,1,12,富邦-新店,2023-03-06,9661
00919,群益台灣精選高息,15,4,11,富邦-新店,2023-03-06,9661
00633L,富邦上証正2,11,0,11,富邦-新店,2023-03-06,9661
3701,大眾控,12,1,11,富邦-新店,2023-03-06,9661
4977,眾達-KY,56,45,11,富邦-新店,2023-03-06,9661
3504,揚明光,49,39,10,富邦-新店,2023-03-06,9661
00665L,富邦�琤肭磪囓�2,40,30,10,富邦-新店,2023-03-06,9661
00901,永豐智能車供應鏈,10,0,10,富邦-新店,2023-03-06,9661
2352,佳世達,11,1,10,富邦-新店,2023-03-06,9661
00673R,期元大S＆P原油反1,132,0,132,富邦-新店,2023-03-07,9661
2891,中信金,110,5,105,富邦-新店,2023-03-07,9661
2457,飛宏,206,102,104,富邦-新店,2023-03-07,9661
00637L,元大滬深300正2,144,50,94,富邦-新店,2023-03-07,9661
2890,永豐金,85,0,85,富邦-新店,2023-03-07,9661
2359,所羅門,94,24,70,富邦-新店,2023-03-07,9661
1810,和成,70,4,66,富邦-新店,2023-03-07,9661
3022,威強電,60,6,54,富邦-新店,2023-03-07,9661
00715L,期街口布蘭特正2,80,30,50,富邦-新店,2023-03-07,9661
6770,力積電,61,16,45,富邦-新店,2023-03-07,9661
3481,群創,56,12,44,富邦-新店,2023-03-07,9661
1503,士電,78,36,42,富邦-新店,2023-03-07,9661
2401,凌陽,43,1,42,富邦-新店,2023-03-07,9661
1605,華新,188,147,41,富邦-新店,2023-03-07,9661
6167,久正,40,0,40,富邦-新店,2023-03-07,9661
2344,華邦電,57,18,39,富邦-新店,2023-03-07,9661
3029,零壹,78,40,38,富邦-新店,2023-03-07,9661
3236,千如,35,2,33,富邦-新店,2023-03-07,9661
3707,漢磊,33,1,32,富邦-新店,2023-03-07,9661
5371,中光電,31,0,31,富邦-新店,2023-03-07,9661
00903,富邦元宇宙,40,10,30,富邦-新店,2023-03-07,9661
5864,致和證,29,0,29,富邦-新店,2023-03-07,9661
00897,富邦基因免疫生技,26,0,26,富邦-新店,2023-03-07,9661
1817,凱撒衛,26,0,26,富邦-新店,2023-03-07,9661
00878,國泰永續高股息,102,76,26,富邦-新店,2023-03-07,9661
00885,富邦越南,26,1,25,富邦-新店,2023-03-07,9661
00679B,元大美債20年,25,0,25,富邦-新店,2023-03-07,9661
6443,元晶,44,20,24,富邦-新店,2023-03-07,9661
5258,虹堡,30,7,23,富邦-新店,2023-03-07,9661
3019,亞光,56,33,23,富邦-新店,2023-03-07,9661
2705,六福,22,0,22,富邦-新店,2023-03-07,9661
1712,興農,22,0,22,富邦-新店,2023-03-07,9661
1540,喬福,22,0,22,富邦-新店,2023-03-07,9661
2482,連宇,89,67,22,富邦-新店,2023-03-07,9661
00720B,元大投資級公司債,21,0,21,富邦-新店,2023-03-07,9661
2618,長榮航,62,41,21,富邦-新店,2023-03-07,9661
2884,玉山金,30,9,21,富邦-新店,2023-03-07,9661
8933,愛地雅,20,0,20,富邦-新店,2023-03-07,9661
2455,全新,20,0,20,富邦-新店,2023-03-07,9661
5531,鄉林,20,0,20,富邦-新店,2023-03-07,9661
2603,長榮,30,10,20,富邦-新店,2023-03-07,9661
6116,彩晶,19,0,19,富邦-新店,2023-03-07,9661
3046,建��,21,3,18,富邦-新店,2023-03-07,9661
2881,富邦金,19,2,17,富邦-新店,2023-03-07,9661
2481,強茂,39,22,17,富邦-新店,2023-03-07,9661
6233,旺玖,17,0,17,富邦-新店,2023-03-07,9661
1303,南亞,16,0,16,富邦-新店,2023-03-07,9661
3013,晟銘電,41,25,16,富邦-新店,2023-03-07,9661
4114,健喬,14,0,14,富邦-新店,2023-03-07,9661
00696B,富邦美債20年,14,0,14,富邦-新店,2023-03-07,9661
2890,永豐金,202,3,199,富邦-新店,2023-03-08,9661
00632R,元大台灣50反1,210,56,154,富邦-新店,2023-03-08,9661
00637L,元大滬深300正2,179,30,149,富邦-新店,2023-03-08,9661
1584,精剛,245,119,126,富邦-新店,2023-03-08,9661
1605,華新,180,66,114,富邦-新店,2023-03-08,9661
3013,晟銘電,146,46,100,富邦-新店,2023-03-08,9661
6282,康舒,149,71,78,富邦-新店,2023-03-08,9661
00753L,中信中國50正2,86,9,77,富邦-新店,2023-03-08,9661
4976,佳凌,127,56,71,富邦-新店,2023-03-08,9661
2371,大同,130,60,70,富邦-新店,2023-03-08,9661
2515,中工,70,2,68,富邦-新店,2023-03-08,9661
5284,jpp-KY,98,35,63,富邦-新店,2023-03-08,9661
3362,先進光,69,11,58,富邦-新店,2023-03-08,9661
2344,華邦電,66,9,57,富邦-新店,2023-03-08,9661
8121,越峰,78,21,57,富邦-新店,2023-03-08,9661
1504,東元,105,49,56,富邦-新店,2023-03-08,9661
1528,恩德,50,0,50,富邦-新店,2023-03-08,9661
1102,亞泥,51,3,48,富邦-新店,2023-03-08,9661
8033,雷虎,46,5,41,富邦-新店,2023-03-08,9661
2014,中鴻,41,0,41,富邦-新店,2023-03-08,9661
00650L,復華香港正2,40,0,40,富邦-新店,2023-03-08,9661
00923,群益台ESG低碳50,50,12,38,富邦-新店,2023-03-08,9661
8111,立��,62,27,35,富邦-新店,2023-03-08,9661
00878,國泰永續高股息,90,59,31,富邦-新店,2023-03-08,9661
2354,鴻準,32,1,31,富邦-新店,2023-03-08,9661
6231,系微,31,1,30,富邦-新店,2023-03-08,9661
5203,訊連,30,0,30,富邦-新店,2023-03-08,9661
00713,元大台灣高息低波,30,0,30,富邦-新店,2023-03-08,9661
3703,欣陸,30,1,29,富邦-新店,2023-03-08,9661
1101,台泥,28,0,28,富邦-新店,2023-03-08,9661
2609,陽明,50,23,27,富邦-新店,2023-03-08,9661
2201,裕隆,38,11,27,富邦-新店,2023-03-08,9661
3289,宜特,61,35,26,富邦-新店,2023-03-08,9661
6129,普誠,104,79,25,富邦-新店,2023-03-08,9661
00715L,期街口布蘭特正2,27,3,24,富邦-新店,2023-03-08,9661
2886,兆豐金,28,5,23,富邦-新店,2023-03-08,9661
6509,聚和,33,11,22,富邦-新店,2023-03-08,9661
4157,太景*-KY,22,0,22,富邦-新店,2023-03-08,9661
3046,建��,79,58,21,富邦-新店,2023-03-08,9661
2605,新興,30,9,21,富邦-新店,2023-03-08,9661
2340,台亞,20,0,20,富邦-新店,2023-03-08,9661
2498,宏達電,32,12,20,富邦-新店,2023-03-08,9661
00665L,富邦�琤肭磪囓�2,20,0,20,富邦-新店,2023-03-08,9661
2731,雄獅,25,5,20,富邦-新店,2023-03-08,9661
4543,萬在,29,10,19,富邦-新店,2023-03-08,9661
6873,泓德能源,20,1,19,富邦-新店,2023-03-08,9661
3006,晶豪科,20,1,19,富邦-新店,2023-03-08,9661
00720B,元大投資級公司債,18,0,18,富邦-新店,2023-03-08,9661
2722,夏都,21,3,18,富邦-新店,2023-03-08,9661
4977,眾達-KY,23,5,18,富邦-新店,2023-03-08,9661
3290,東浦,127,1,126,富邦-新店,2023-03-09,9661
1605,華新,122,18,104,富邦-新店,2023-03-09,9661
00878,國泰永續高股息,138,36,102,富邦-新店,2023-03-09,9661
2374,佳能,116,18,98,富邦-新店,2023-03-09,9661
1218,泰山,93,1,92,富邦-新店,2023-03-09,9661
3481,群創,84,14,70,富邦-新店,2023-03-09,9661
3362,先進光,83,19,64,富邦-新店,2023-03-09,9661
00637L,元大滬深300正2,67,5,62,富邦-新店,2023-03-09,9661
3202,樺晟,60,0,60,富邦-新店,2023-03-09,9661
00923,群益台ESG低碳50,55,0,55,富邦-新店,2023-03-09,9661
2880,華南金,46,0,46,富邦-新店,2023-03-09,9661
2409,友達,42,0,42,富邦-新店,2023-03-09,9661
2444,兆勁,42,0,42,富邦-新店,2023-03-09,9661
3712,永崴投控,52,12,40,富邦-新店,2023-03-09,9661
9103,美德醫療-DR,39,0,39,富邦-新店,2023-03-09,9661
6116,彩晶,39,1,38,富邦-新店,2023-03-09,9661
2812,台中銀,34,0,34,富邦-新店,2023-03-09,9661
2344,華邦電,65,32,33,富邦-新店,2023-03-09,9661
2486,一詮,56,24,32,富邦-新店,2023-03-09,9661
2890,永豐金,32,0,32,富邦-新店,2023-03-09,9661
2317,鴻海,40,9,31,富邦-新店,2023-03-09,9661
3035,智原,53,24,29,富邦-新店,2023-03-09,9661
2324,仁寶,30,1,29,富邦-新店,2023-03-09,9661
2731,雄獅,30,2,28,富邦-新店,2023-03-09,9661
2886,兆豐金,30,5,25,富邦-新店,2023-03-09,9661
6443,元晶,66,41,25,富邦-新店,2023-03-09,9661
2883,凱基金,29,4,25,富邦-新店,2023-03-09,9661
2641,正德,27,2,25,富邦-新店,2023-03-09,9661
5425,台半,31,7,24,富邦-新店,2023-03-09,9661
2457,飛宏,94,70,24,富邦-新店,2023-03-09,9661
8222,寶一,63,39,24,富邦-新店,2023-03-09,9661
4736,泰博,24,1,23,富邦-新店,2023-03-09,9661
1513,中興電,42,20,22,富邦-新店,2023-03-09,9661
2413,環科,51,29,22,富邦-新店,2023-03-09,9661
8069,元太,35,13,22,富邦-新店,2023-03-09,9661
3059,華晶科,30,9,21,富邦-新店,2023-03-09,9661
3706,神達,22,2,20,富邦-新店,2023-03-09,9661
4958,臻鼎-KY,20,0,20,富邦-新店,2023-03-09,9661
2204,中華,20,0,20,富邦-新店,2023-03-09,9661
6118,建達,106,86,20,富邦-新店,2023-03-09,9661
2888,新光金,25,5,20,富邦-新店,2023-03-09,9661
2365,昆盈,20,0,20,富邦-新店,2023-03-09,9661
00882,中信中國高股息,19,0,19,富邦-新店,2023-03-09,9661
00751B,元大AAA至A公司債,19,0,19,富邦-新店,2023-03-09,9661
6279,胡連,23,5,18,富邦-新店,2023-03-09,9661
6570,維田,22,4,18,富邦-新店,2023-03-09,9661
8121,越峰,18,0,18,富邦-新店,2023-03-09,9661
5351,鈺創,41,24,17,富邦-新店,2023-03-09,9661
3013,晟銘電,18,1,17,富邦-新店,2023-03-09,9661
2371,大同,18,1,17,富邦-新店,2023-03-09,9661
00632R,元大台灣50反1,721,39,682,富邦-新店,2023-03-10,9661
00878,國泰永續高股息,460,270,190,富邦-新店,2023-03-10,9661
5425,台半,156,4,152,富邦-新店,2023-03-10,9661
2609,陽明,376,235,141,富邦-新店,2023-03-10,9661
2610,華航,180,53,127,富邦-新店,2023-03-10,9661
00637L,元大滬深300正2,137,54,83,富邦-新店,2023-03-10,9661
2888,新光金,81,1,80,富邦-新店,2023-03-10,9661
2618,長榮航,125,45,80,富邦-新店,2023-03-10,9661
0056,元大高股息,140,65,75,富邦-新店,2023-03-10,9661
0050,元大台灣50,77,7,70,富邦-新店,2023-03-10,9661
00713,元大台灣高息低波,80,10,70,富邦-新店,2023-03-10,9661
2401,凌陽,65,0,65,富邦-新店,2023-03-10,9661
3290,東浦,61,3,58,富邦-新店,2023-03-10,9661
2881,富邦金,58,2,56,富邦-新店,2023-03-10,9661
8069,元太,96,42,54,富邦-新店,2023-03-10,9661
2882,國泰金,68,18,50,富邦-新店,2023-03-10,9661
2880,華南金,49,0,49,富邦-新店,2023-03-10,9661
2883,凱基金,49,0,49,富邦-新店,2023-03-10,9661
2340,台亞,55,11,44,富邦-新店,2023-03-10,9661
3289,宜特,52,8,44,富邦-新店,2023-03-10,9661
00923,群益台ESG低碳50,48,8,40,富邦-新店,2023-03-10,9661
2427,三商電,50,11,39,富邦-新店,2023-03-10,9661
2388,威盛,58,20,38,富邦-新店,2023-03-10,9661
2884,玉山金,44,8,36,富邦-新店,2023-03-10,9661
2887,台新金,33,0,33,富邦-新店,2023-03-10,9661
00712,復華富時不動產,33,0,33,富邦-新店,2023-03-10,9661
1514,亞力,30,0,30,富邦-新店,2023-03-10,9661
2498,宏達電,51,22,29,富邦-新店,2023-03-10,9661
2641,正德,59,31,28,富邦-新店,2023-03-10,9661
00882,中信中國高股息,27,0,27,富邦-新店,2023-03-10,9661
5009,榮剛,34,8,26,富邦-新店,2023-03-10,9661
6282,康舒,37,12,25,富邦-新店,2023-03-10,9661
1101,台泥,31,6,25,富邦-新店,2023-03-10,9661
2330,台積電,27,3,24,富邦-新店,2023-03-10,9661
00892,富邦台灣半導體,32,8,24,富邦-新店,2023-03-10,9661
6248,沛波,53,29,24,富邦-新店,2023-03-10,9661
2601,益航,45,21,24,富邦-新店,2023-03-10,9661
2371,大同,22,0,22,富邦-新店,2023-03-10,9661
2515,中工,22,0,22,富邦-新店,2023-03-10,9661
00646,元大S＆P500,21,0,21,富邦-新店,2023-03-10,9661
1701,中化,21,0,21,富邦-新店,2023-03-10,9661
4306,炎洲,21,0,21,富邦-新店,2023-03-10,9661
1504,東元,30,10,20,富邦-新店,2023-03-10,9661
9136,巨騰-DR,20,0,20,富邦-新店,2023-03-10,9661
00671R,富邦NASDAQ反1,20,0,20,富邦-新店,2023-03-10,9661
2324,仁寶,21,1,20,富邦-新店,2023-03-10,9661
4142,國光生,25,5,20,富邦-新店,2023-03-10,9661
2890,永豐金,21,2,19,富邦-新店,2023-03-10,9661
2603,長榮,43,25,18,富邦-新店,2023-03-10,9661
3264,欣銓,20,2,18,富邦-新店,2023-03-10,9661
00632R,元大台灣50反1,610,201,409,富邦-新店,2023-03-13,9661
00878,國泰永續高股息,368,81,287,富邦-新店,2023-03-13,9661
2337,旺宏,202,2,200,富邦-新店,2023-03-13,9661
3029,零壹,114,10,104,富邦-新店,2023-03-13,9661
1762,中化生,100,3,97,富邦-新店,2023-03-13,9661
2888,新光金,84,0,84,富邦-新店,2023-03-13,9661
3703,欣陸,71,10,61,富邦-新店,2023-03-13,9661
3481,群創,58,3,55,富邦-新店,2023-03-13,9661
00712,復華富時不動產,52,0,52,富邦-新店,2023-03-13,9661
2609,陽明,82,32,50,富邦-新店,2023-03-13,9661
00772B,中信高評級公司債,38,0,38,富邦-新店,2023-03-13,9661
2884,玉山金,45,8,37,富邦-新店,2023-03-13,9661
00679B,元大美債20年,83,48,35,富邦-新店,2023-03-13,9661
1808,潤隆,30,0,30,富邦-新店,2023-03-13,9661
3702,大聯大,29,0,29,富邦-新店,2023-03-13,9661
3058,立德,30,1,29,富邦-新店,2023-03-13,9661
3290,東浦,27,1,26,富邦-新店,2023-03-13,9661
00713,元大台灣高息低波,31,6,25,富邦-新店,2023-03-13,9661
3508,位速,24,0,24,富邦-新店,2023-03-13,9661
3441,聯一光,27,3,24,富邦-新店,2023-03-13,9661
8112,至上,23,0,23,富邦-新店,2023-03-13,9661
4746,台耀,109,86,23,富邦-新店,2023-03-13,9661
3006,晶豪科,27,4,23,富邦-新店,2023-03-13,9661
2388,威盛,71,49,22,富邦-新店,2023-03-13,9661
4550,長佳,21,0,21,富邦-新店,2023-03-13,9661
9939,宏全,20,0,20,富邦-新店,2023-03-13,9661
2401,凌陽,21,1,20,富邦-新店,2023-03-13,9661
2610,華航,41,21,20,富邦-新店,2023-03-13,9661
00671R,富邦NASDAQ反1,20,0,20,富邦-新店,2023-03-13,9661
2314,台揚,20,1,19,富邦-新店,2023-03-13,9661
9907,統一實,22,4,18,富邦-新店,2023-03-13,9661
00923,群益台ESG低碳50,19,2,17,富邦-新店,2023-03-13,9661
2359,所羅門,25,10,15,富邦-新店,2023-03-13,9661
00636,國泰中國A50,15,0,15,富邦-新店,2023-03-13,9661
2495,普安,15,0,15,富邦-新店,2023-03-13,9661
2634,漢翔,25,11,14,富邦-新店,2023-03-13,9661
2453,凌群,111,98,13,富邦-新店,2023-03-13,9661
1513,中興電,42,29,13,富邦-新店,2023-03-13,9661
5439,高技,48,35,13,富邦-新店,2023-03-13,9661
8046,南電,37,25,12,富邦-新店,2023-03-13,9661
5258,虹堡,23,11,12,富邦-新店,2023-03-13,9661
2028,威致,12,0,12,富邦-新店,2023-03-13,9661
6706,惠特,12,0,12,富邦-新店,2023-03-13,9661
6279,胡連,12,1,11,富邦-新店,2023-03-13,9661
8421,旭源,11,0,11,富邦-新店,2023-03-13,9661
6570,維田,11,0,11,富邦-新店,2023-03-13,9661
6576,逸達,13,2,11,富邦-新店,2023-03-13,9661
2349,錸德,12,1,11,富邦-新店,2023-03-13,9661
00882,中信中國高股息,11,1,10,富邦-新店,2023-03-13,9661
5522,遠雄,10,0,10,富邦-新店,2023-03-13,9661
00878,國泰永續高股息,592,4,588,富邦-新店,2023-03-14,9661
2834,臺企銀,337,11,326,富邦-新店,2023-03-14,9661
2890,永豐金,190,5,185,富邦-新店,2023-03-14,9661
00715L,期街口布蘭特正2,165,1,164,富邦-新店,2023-03-14,9661
2618,長榮航,176,16,160,富邦-新店,2023-03-14,9661
4114,健喬,171,15,156,富邦-新店,2023-03-14,9661
2880,華南金,129,5,124,富邦-新店,2023-03-14,9661
2889,國票金,156,49,107,富邦-新店,2023-03-14,9661
2303,聯電,127,58,69,富邦-新店,2023-03-14,9661
2883,凱基金,82,14,68,富邦-新店,2023-03-14,9661
00900,富邦特選高股息30,70,3,67,富邦-新店,2023-03-14,9661
2881,富邦金,63,7,56,富邦-新店,2023-03-14,9661
2891,中信金,60,7,53,富邦-新店,2023-03-14,9661
00713,元大台灣高息低波,53,2,51,富邦-新店,2023-03-14,9661
6231,系微,45,1,44,富邦-新店,2023-03-14,9661
6245,立端,44,1,43,富邦-新店,2023-03-14,9661
2615,萬海,86,44,42,富邦-新店,2023-03-14,9661
2027,大成鋼,89,48,41,富邦-新店,2023-03-14,9661
4119,旭富,44,4,40,富邦-新店,2023-03-14,9661
00642U,期元大S＆P石油,38,0,38,富邦-新店,2023-03-14,9661
3362,先進光,40,2,38,富邦-新店,2023-03-14,9661
2897,王道銀行,57,20,37,富邦-新店,2023-03-14,9661
2801,彰銀,37,0,37,富邦-新店,2023-03-14,9661
0050,元大台灣50,70,38,32,富邦-新店,2023-03-14,9661
00893,國泰智能電動車,32,0,32,富邦-新店,2023-03-14,9661
3006,晶豪科,32,0,32,富邦-新店,2023-03-14,9661
1319,東陽,32,0,32,富邦-新店,2023-03-14,9661
00882,中信中國高股息,42,10,32,富邦-新店,2023-03-14,9661
00679B,元大美債20年,31,2,29,富邦-新店,2023-03-14,9661
8222,寶一,50,22,28,富邦-新店,2023-03-14,9661
8050,廣積,27,0,27,富邦-新店,2023-03-14,9661
5880,合庫金,30,3,27,富邦-新店,2023-03-14,9661
3703,欣陸,35,9,26,富邦-新店,2023-03-14,9661
00902,中信電池及儲能,25,0,25,富邦-新店,2023-03-14,9661
3013,晟銘電,25,0,25,富邦-新店,2023-03-14,9661
3058,立德,25,0,25,富邦-新店,2023-03-14,9661
2409,友達,25,0,25,富邦-新店,2023-03-14,9661
4977,眾達-KY,30,6,24,富邦-新店,2023-03-14,9661
6206,飛捷,27,4,23,富邦-新店,2023-03-14,9661
2812,台中銀,32,10,22,富邦-新店,2023-03-14,9661
3189,景碩,23,1,22,富邦-新店,2023-03-14,9661
8171,天宇,23,1,22,富邦-新店,2023-03-14,9661
1314,中石化,23,1,22,富邦-新店,2023-03-14,9661
2884,玉山金,27,5,22,富邦-新店,2023-03-14,9661
2892,第一金,22,1,21,富邦-新店,2023-03-14,9661
00895,富邦未來車,20,0,20,富邦-新店,2023-03-14,9661
1513,中興電,33,13,20,富邦-新店,2023-03-14,9661
3078,僑威,20,0,20,富邦-新店,2023-03-14,9661
2465,麗臺,33,13,20,富邦-新店,2023-03-14,9661
2601,益航,21,2,19,富邦-新店,2023-03-14,9661
2603,長榮,327,92,235,富邦-新店,2023-03-15,9661
2614,東森,208,25,183,富邦-新店,2023-03-15,9661
2890,永豐金,182,0,182,富邦-新店,2023-03-15,9661
2457,飛宏,254,108,146,富邦-新店,2023-03-15,9661
00632R,元大台灣50反1,168,22,146,富邦-新店,2023-03-15,9661
00878,國泰永續高股息,103,10,93,富邦-新店,2023-03-15,9661
00679B,元大美債20年,90,0,90,富邦-新店,2023-03-15,9661
5425,台半,97,13,84,富邦-新店,2023-03-15,9661
00715L,期街口布蘭特正2,88,4,84,富邦-新店,2023-03-15,9661
8935,邦泰,82,2,80,富邦-新店,2023-03-15,9661
2889,國票金,88,16,72,富邦-新店,2023-03-15,9661
2344,華邦電,65,0,65,富邦-新店,2023-03-15,9661
5534,長虹,60,1,59,富邦-新店,2023-03-15,9661
1605,華新,68,16,52,富邦-新店,2023-03-15,9661
6163,華電網,67,16,51,富邦-新店,2023-03-15,9661
4746,台耀,49,0,49,富邦-新店,2023-03-15,9661
1504,東元,50,2,48,富邦-新店,2023-03-15,9661
2017,官田鋼,58,11,47,富邦-新店,2023-03-15,9661
2884,玉山金,46,0,46,富邦-新店,2023-03-15,9661
2891,中信金,42,0,42,富邦-新店,2023-03-15,9661
2892,第一金,40,0,40,富邦-新店,2023-03-15,9661
2601,益航,36,3,33,富邦-新店,2023-03-15,9661
3209,全科,32,0,32,富邦-新店,2023-03-15,9661
2515,中工,37,6,31,富邦-新店,2023-03-15,9661
3202,樺晟,30,0,30,富邦-新店,2023-03-15,9661
2609,陽明,65,35,30,富邦-新店,2023-03-15,9661
2851,中再保,29,0,29,富邦-新店,2023-03-15,9661
2888,新光金,56,28,28,富邦-新店,2023-03-15,9661
00680L,元大美債20正2,28,0,28,富邦-新店,2023-03-15,9661
2881,富邦金,31,3,28,富邦-新店,2023-03-15,9661
2880,華南金,27,0,27,富邦-新店,2023-03-15,9661
2618,長榮航,36,10,26,富邦-新店,2023-03-15,9661
2596,綠意,24,0,24,富邦-新店,2023-03-15,9661
5009,榮剛,39,15,24,富邦-新店,2023-03-15,9661
2897,王道銀行,23,0,23,富邦-新店,2023-03-15,9661
2885,元大金,25,2,23,富邦-新店,2023-03-15,9661
1319,東陽,24,1,23,富邦-新店,2023-03-15,9661
5880,合庫金,22,0,22,富邦-新店,2023-03-15,9661
00712,復華富時不動產,22,0,22,富邦-新店,2023-03-15,9661
00892,富邦台灣半導體,21,0,21,富邦-新店,2023-03-15,9661
00720B,元大投資級公司債,20,0,20,富邦-新店,2023-03-15,9661
00642U,期元大S＆P石油,20,0,20,富邦-新店,2023-03-15,9661
4934,太極,21,1,20,富邦-新店,2023-03-15,9661
1309,台達化,20,0,20,富邦-新店,2023-03-15,9661
2834,臺企銀,20,2,18,富邦-新店,2023-03-15,9661
4916,事欣科,18,0,18,富邦-新店,2023-03-15,9661
00713,元大台灣高息低波,16,0,16,富邦-新店,2023-03-15,9661
9103,美德醫療-DR,16,0,16,富邦-新店,2023-03-15,9661
2812,台中銀,17,2,15,富邦-新店,2023-03-15,9661
2014,中鴻,16,1,15,富邦-新店,2023-03-15,9661
00632R,元大台灣50反1,578,52,526,富邦-新店,2023-03-16,9661
2834,臺企銀,632,277,355,富邦-新店,2023-03-16,9661
00878,國泰永續高股息,263,21,242,富邦-新店,2023-03-16,9661
00673R,期元大S＆P原油反1,255,20,235,富邦-新店,2023-03-16,9661
2880,華南金,139,15,124,富邦-新店,2023-03-16,9661
00720B,元大投資級公司債,114,0,114,富邦-新店,2023-03-16,9661
3264,欣銓,111,5,106,富邦-新店,2023-03-16,9661
2884,玉山金,138,46,92,富邦-新店,2023-03-16,9661
2027,大成鋼,92,6,86,富邦-新店,2023-03-16,9661
2889,國票金,77,3,74,富邦-新店,2023-03-16,9661
2017,官田鋼,74,1,73,富邦-新店,2023-03-16,9661
1605,華新,90,21,69,富邦-新店,2023-03-16,9661
0050,元大台灣50,73,5,68,富邦-新店,2023-03-16,9661
2891,中信金,73,12,61,富邦-新店,2023-03-16,9661
00713,元大台灣高息低波,61,7,54,富邦-新店,2023-03-16,9661
2610,華航,53,6,47,富邦-新店,2023-03-16,9661
3707,漢磊,44,0,44,富邦-新店,2023-03-16,9661
0056,元大高股息,76,33,43,富邦-新店,2023-03-16,9661
6244,茂迪,63,20,43,富邦-新店,2023-03-16,9661
9945,潤泰新,89,47,42,富邦-新店,2023-03-16,9661
2603,長榮,149,109,40,富邦-新店,2023-03-16,9661
2881,富邦金,48,8,40,富邦-新店,2023-03-16,9661
8930,青鋼,39,0,39,富邦-新店,2023-03-16,9661
3056,富華新,72,38,34,富邦-新店,2023-03-16,9661
00706L,期元大S＆P日圓正2,30,0,30,富邦-新店,2023-03-16,9661
2887,台新金,29,1,28,富邦-新店,2023-03-16,9661
6271,同欣電,27,0,27,富邦-新店,2023-03-16,9661
5425,台半,40,15,25,富邦-新店,2023-03-16,9661
1519,華城,41,16,25,富邦-新店,2023-03-16,9661
3006,晶豪科,25,3,22,富邦-新店,2023-03-16,9661
00679B,元大美債20年,31,9,22,富邦-新店,2023-03-16,9661
00671R,富邦NASDAQ反1,20,0,20,富邦-新店,2023-03-16,9661
1101,台泥,21,1,20,富邦-新店,2023-03-16,9661
2882,國泰金,37,19,18,富邦-新店,2023-03-16,9661
2890,永豐金,23,5,18,富邦-新店,2023-03-16,9661
5009,榮剛,34,17,17,富邦-新店,2023-03-16,9661
2888,新光金,52,35,17,富邦-新店,2023-03-16,9661
3046,建��,30,14,16,富邦-新店,2023-03-16,9661
00642U,期元大S＆P石油,15,0,15,富邦-新店,2023-03-16,9661
00753L,中信中國50正2,18,3,15,富邦-新店,2023-03-16,9661
6417,韋僑,17,2,15,富邦-新店,2023-03-16,9661
2614,東森,16,2,14,富邦-新店,2023-03-16,9661
1609,大亞,19,5,14,富邦-新店,2023-03-16,9661
3035,智原,19,5,14,富邦-新店,2023-03-16,9661
3702,大聯大,14,0,14,富邦-新店,2023-03-16,9661
7402,邑錡,14,0,14,富邦-新店,2023-03-16,9661
4746,台耀,14,0,14,富邦-新店,2023-03-16,9661
00712,復華富時不動產,14,0,14,富邦-新店,2023-03-16,9661
4119,旭富,13,0,13,富邦-新店,2023-03-16,9661
00773B,中信優先金融債,13,0,13,富邦-新店,2023-03-16,9661
9945,潤泰新,132,5,127,富邦-新店,2023-03-17,9661
2891,中信金,126,1,125,富邦-新店,2023-03-17,9661
00715L,期街口布蘭特正2,101,1,100,富邦-新店,2023-03-17,9661
00878,國泰永續高股息,113,16,97,富邦-新店,2023-03-17,9661
2834,臺企銀,130,35,95,富邦-新店,2023-03-17,9661
4916,事欣科,150,57,93,富邦-新店,2023-03-17,9661
3029,零壹,87,5,82,富邦-新店,2023-03-17,9661
2317,鴻海,93,22,71,富邦-新店,2023-03-17,9661
1903,士紙,67,0,67,富邦-新店,2023-03-17,9661
00885,富邦越南,81,20,61,富邦-新店,2023-03-17,9661
8171,天宇,78,26,52,富邦-新店,2023-03-17,9661
00713,元大台灣高息低波,53,3,50,富邦-新店,2023-03-17,9661
2888,新光金,44,0,44,富邦-新店,2023-03-17,9661
6277,宏正,34,0,34,富邦-新店,2023-03-17,9661
2362,藍天,31,0,31,富邦-新店,2023-03-17,9661
00899,FT潔淨能源,27,0,27,富邦-新店,2023-03-17,9661
6282,康舒,27,1,26,富邦-新店,2023-03-17,9661
4934,太極,33,7,26,富邦-新店,2023-03-17,9661
2881,富邦金,27,2,25,富邦-新店,2023-03-17,9661
00902,中信電池及儲能,24,0,24,富邦-新店,2023-03-17,9661
2482,連宇,33,10,23,富邦-新店,2023-03-17,9661
2401,凌陽,23,1,22,富邦-新店,2023-03-17,9661
2610,華航,23,1,22,富邦-新店,2023-03-17,9661
5483,中美晶,37,16,21,富邦-新店,2023-03-17,9661
3624,光頡,66,46,20,富邦-新店,2023-03-17,9661
2883,凱基金,24,6,18,富邦-新店,2023-03-17,9661
2892,第一金,18,0,18,富邦-新店,2023-03-17,9661
1108,幸福,19,1,18,富邦-新店,2023-03-17,9661
2801,彰銀,18,0,18,富邦-新店,2023-03-17,9661
6488,環球晶,16,0,16,富邦-新店,2023-03-17,9661
2402,毅嘉,32,16,16,富邦-新店,2023-03-17,9661
2609,陽明,24,8,16,富邦-新店,2023-03-17,9661
3706,神達,15,0,15,富邦-新店,2023-03-17,9661
8016,矽創,21,6,15,富邦-新店,2023-03-17,9661
2884,玉山金,24,11,13,富邦-新店,2023-03-17,9661
2515,中工,15,2,13,富邦-新店,2023-03-17,9661
00712,復華富時不動產,15,2,13,富邦-新店,2023-03-17,9661
5534,長虹,13,0,13,富邦-新店,2023-03-17,9661
4164,承業醫,13,0,13,富邦-新店,2023-03-17,9661
9921,巨大,12,0,12,富邦-新店,2023-03-17,9661
3005,神基,12,0,12,富邦-新店,2023-03-17,9661
3576,聯合再生,20,8,12,富邦-新店,2023-03-17,9661
6235,華孚,18,6,12,富邦-新店,2023-03-17,9661
1102,亞泥,36,24,12,富邦-新店,2023-03-17,9661
2897A,王道銀甲特,12,0,12,富邦-新店,2023-03-17,9661
2880,華南金,11,0,11,富邦-新店,2023-03-17,9661
6266,泰詠,27,16,11,富邦-新店,2023-03-17,9661
2606,裕民,11,0,11,富邦-新店,2023-03-17,9661
5471,松翰,11,0,11,富邦-新店,2023-03-17,9661
2301,光寶科,36,25,11,富邦-新店,2023-03-17,9661
00878,國泰永續高股息,171,12,159,富邦-新店,2023-03-20,9661
6443,元晶,176,71,105,富邦-新店,2023-03-20,9661
6244,茂迪,158,66,92,富邦-新店,2023-03-20,9661
2303,聯電,106,17,89,富邦-新店,2023-03-20,9661
2891,中信金,93,6,87,富邦-新店,2023-03-20,9661
4934,太極,78,6,72,富邦-新店,2023-03-20,9661
1519,華城,161,95,66,富邦-新店,2023-03-20,9661
1605,華新,109,43,66,富邦-新店,2023-03-20,9661
3432,台端,66,7,59,富邦-新店,2023-03-20,9661
2481,強茂,77,22,55,富邦-新店,2023-03-20,9661
00902,中信電池及儲能,55,0,55,富邦-新店,2023-03-20,9661
2515,中工,72,17,55,富邦-新店,2023-03-20,9661
8936,國統,47,3,44,富邦-新店,2023-03-20,9661
00715L,期街口布蘭特正2,84,41,43,富邦-新店,2023-03-20,9661
2014,中鴻,45,3,42,富邦-新店,2023-03-20,9661
8033,雷虎,38,3,35,富邦-新店,2023-03-20,9661
6770,力積電,34,0,34,富邦-新店,2023-03-20,9661
2888,新光金,34,0,34,富邦-新店,2023-03-20,9661
8069,元太,37,5,32,富邦-新店,2023-03-20,9661
3036,文曄,30,0,30,富邦-新店,2023-03-20,9661
00632R,元大台灣50反1,27,0,27,富邦-新店,2023-03-20,9661
9945,潤泰新,46,19,27,富邦-新店,2023-03-20,9661
00720B,元大投資級公司債,26,0,26,富邦-新店,2023-03-20,9661
6266,泰詠,26,0,26,富邦-新店,2023-03-20,9661
00753L,中信中國50正2,22,0,22,富邦-新店,2023-03-20,9661
2317,鴻海,26,6,20,富邦-新店,2023-03-20,9661
3594,磐儀,25,5,20,富邦-新店,2023-03-20,9661
2885,元大金,19,1,18,富邦-新店,2023-03-20,9661
3029,零壹,61,43,18,富邦-新店,2023-03-20,9661
3025,星通,17,0,17,富邦-新店,2023-03-20,9661
2882,國泰金,32,16,16,富邦-新店,2023-03-20,9661
00903,富邦元宇宙,16,0,16,富邦-新店,2023-03-20,9661
2609,陽明,25,9,16,富邦-新店,2023-03-20,9661
1604,聲寶,15,0,15,富邦-新店,2023-03-20,9661
2641,正德,15,0,15,富邦-新店,2023-03-20,9661
3481,群創,16,1,15,富邦-新店,2023-03-20,9661
2017,官田鋼,15,1,14,富邦-新店,2023-03-20,9661
00772B,中信高評級公司債,14,0,14,富邦-新店,2023-03-20,9661
2453,凌群,39,27,12,富邦-新店,2023-03-20,9661
00633L,富邦上証正2,14,2,12,富邦-新店,2023-03-20,9661
2883,凱基金,15,4,11,富邦-新店,2023-03-20,9661
8926,台汽電,13,2,11,富邦-新店,2023-03-20,9661
3056,富華新,14,3,11,富邦-新店,2023-03-20,9661
00679B,元大美債20年,12,1,11,富邦-新店,2023-03-20,9661
6146,耕興,10,0,10,富邦-新店,2023-03-20,9661
6674,鋐寶科技,10,0,10,富邦-新店,2023-03-20,9661
00799B,國泰A級醫療債,10,0,10,富邦-新店,2023-03-20,9661
8210,勤誠,10,0,10,富邦-新店,2023-03-20,9661
2634,漢翔,17,7,10,富邦-新店,2023-03-20,9661
1536,和大,10,0,10,富邦-新店,2023-03-20,9661
00715L,期街口布蘭特正2,154,1,153,富邦-新店,2023-03-21,9661
1605,華新,97,13,84,富邦-新店,2023-03-21,9661
2017,官田鋼,81,2,79,富邦-新店,2023-03-21,9661
2884,玉山金,75,1,74,富邦-新店,2023-03-21,9661
1519,華城,88,19,69,富邦-新店,2023-03-21,9661
2388,威盛,133,70,63,富邦-新店,2023-03-21,9661
2367,燿華,60,0,60,富邦-新店,2023-03-21,9661
00903,富邦元宇宙,60,0,60,富邦-新店,2023-03-21,9661
00885,富邦越南,56,0,56,富邦-新店,2023-03-21,9661
00772B,中信高評級公司債,51,0,51,富邦-新店,2023-03-21,9661
00753L,中信中國50正2,51,0,51,富邦-新店,2023-03-21,9661
3481,群創,70,24,46,富邦-新店,2023-03-21,9661
8084,巨虹,53,9,44,富邦-新店,2023-03-21,9661
6122,擎邦,55,12,43,富邦-新店,2023-03-21,9661
2891,中信金,42,3,39,富邦-新店,2023-03-21,9661
2457,飛宏,134,96,38,富邦-新店,2023-03-21,9661
00878,國泰永續高股息,45,7,38,富邦-新店,2023-03-21,9661
9955,佳龍,42,5,37,富邦-新店,2023-03-21,9661
5425,台半,49,14,35,富邦-新店,2023-03-21,9661
2481,強茂,60,29,31,富邦-新店,2023-03-21,9661
6266,泰詠,30,0,30,富邦-新店,2023-03-21,9661
00673R,期元大S＆P原油反1,30,0,30,富邦-新店,2023-03-21,9661
3272,東碩,30,1,29,富邦-新店,2023-03-21,9661
2409,友達,38,9,29,富邦-新店,2023-03-21,9661
8033,雷虎,46,18,28,富邦-新店,2023-03-21,9661
2204,中華,32,6,26,富邦-新店,2023-03-21,9661
2371,大同,23,0,23,富邦-新店,2023-03-21,9661
3712,永崴投控,24,1,23,富邦-新店,2023-03-21,9661
2834,臺企銀,62,41,21,富邦-新店,2023-03-21,9661
6163,華電網,27,6,21,富邦-新店,2023-03-21,9661
3290,東浦,32,13,19,富邦-新店,2023-03-21,9661
6531,愛普*,28,9,19,富邦-新店,2023-03-21,9661
0056,元大高股息,37,18,19,富邦-新店,2023-03-21,9661
3515,華擎,18,0,18,富邦-新店,2023-03-21,9661
2472,立隆電,17,0,17,富邦-新店,2023-03-21,9661
6191,精成科,41,24,17,富邦-新店,2023-03-21,9661
2471,資通,77,61,16,富邦-新店,2023-03-21,9661
3094,聯傑,47,31,16,富邦-新店,2023-03-21,9661
3624,光頡,50,35,15,富邦-新店,2023-03-21,9661
2312,金寶,15,0,15,富邦-新店,2023-03-21,9661
6515,穎崴,20,6,14,富邦-新店,2023-03-21,9661
3005,神基,13,0,13,富邦-新店,2023-03-21,9661
6239,力成,13,0,13,富邦-新店,2023-03-21,9661
2615,萬海,14,1,13,富邦-新店,2023-03-21,9661
00642U,期元大S＆P石油,13,0,13,富邦-新店,2023-03-21,9661
3479,安勤,15,3,12,富邦-新店,2023-03-21,9661
2413,環科,16,4,12,富邦-新店,2023-03-21,9661
6719,力智,15,3,12,富邦-新店,2023-03-21,9661
2881,富邦金,12,0,12,富邦-新店,2023-03-21,9661
8936,國統,12,1,11,富邦-新店,2023-03-21,9661
00632R,元大台灣50反1,680,28,652,富邦-新店,2023-03-22,9661
3038,全台,338,18,320,富邦-新店,2023-03-22,9661
2834,臺企銀,354,122,232,富邦-新店,2023-03-22,9661
00715L,期街口布蘭特正2,114,3,111,富邦-新店,2023-03-22,9661
2609,陽明,103,31,72,富邦-新店,2023-03-22,9661
2359,所羅門,65,4,61,富邦-新店,2023-03-22,9661
3059,華晶科,53,3,50,富邦-新店,2023-03-22,9661
2402,毅嘉,171,122,49,富邦-新店,2023-03-22,9661
00680L,元大美債20正2,76,30,46,富邦-新店,2023-03-22,9661
5009,榮剛,46,0,46,富邦-新店,2023-03-22,9661
00772B,中信高評級公司債,44,0,44,富邦-新店,2023-03-22,9661
6266,泰詠,46,2,44,富邦-新店,2023-03-22,9661
2884,玉山金,49,6,43,富邦-新店,2023-03-22,9661
3049,精金,40,0,40,富邦-新店,2023-03-22,9661
3051,力特,40,0,40,富邦-新店,2023-03-22,9661
3481,群創,48,9,39,富邦-新店,2023-03-22,9661
6136,富爾特,39,0,39,富邦-新店,2023-03-22,9661
00679B,元大美債20年,65,28,37,富邦-新店,2023-03-22,9661
00642U,期元大S＆P石油,31,0,31,富邦-新店,2023-03-22,9661
3272,東碩,32,1,31,富邦-新店,2023-03-22,9661
6140,訊達,36,9,27,富邦-新店,2023-03-22,9661
6143,振曜,64,37,27,富邦-新店,2023-03-22,9661
3209,全科,25,0,25,富邦-新店,2023-03-22,9661
6235,華孚,54,33,21,富邦-新店,2023-03-22,9661
1516,川飛,20,0,20,富邦-新店,2023-03-22,9661
2515,中工,19,0,19,富邦-新店,2023-03-22,9661
9945,潤泰新,30,13,17,富邦-新店,2023-03-22,9661
3380,明泰,19,2,17,富邦-新店,2023-03-22,9661
2317,鴻海,22,6,16,富邦-新店,2023-03-22,9661
8358,金居,20,4,16,富邦-新店,2023-03-22,9661
2605,新興,50,34,16,富邦-新店,2023-03-22,9661
5488,松普,16,0,16,富邦-新店,2023-03-22,9661
3054,立萬利,16,0,16,富邦-新店,2023-03-22,9661
00902,中信電池及儲能,22,6,16,富邦-新店,2023-03-22,9661
1101,台泥,16,1,15,富邦-新店,2023-03-22,9661
6443,元晶,22,7,15,富邦-新店,2023-03-22,9661
3027,盛達,32,17,15,富邦-新店,2023-03-22,9661
1513,中興電,40,25,15,富邦-新店,2023-03-22,9661
2453,凌群,28,15,13,富邦-新店,2023-03-22,9661
2027,大成鋼,18,5,13,富邦-新店,2023-03-22,9661
5258,虹堡,67,55,12,富邦-新店,2023-03-22,9661
4142,國光生,12,0,12,富邦-新店,2023-03-22,9661
6164,華興,13,1,12,富邦-新店,2023-03-22,9661
1409,新纖,12,0,12,富邦-新店,2023-03-22,9661
1605,華新,24,12,12,富邦-新店,2023-03-22,9661
3558,神準,24,12,12,富邦-新店,2023-03-22,9661
1504,東元,44,32,12,富邦-新店,2023-03-22,9661
2881,富邦金,29,17,12,富邦-新店,2023-03-22,9661
1316,上曜,17,6,11,富邦-新店,2023-03-22,9661
3356,奇偶,12,1,11,富邦-新店,2023-03-22,9661
4934,太極,121,4,117,富邦-新店,2023-03-23,9661
6244,茂迪,190,85,105,富邦-新店,2023-03-23,9661
2303,聯電,140,37,103,富邦-新店,2023-03-23,9661
3038,全台,86,0,86,富邦-新店,2023-03-23,9661
00772B,中信高評級公司債,65,5,60,富邦-新店,2023-03-23,9661
3093,港建*,55,0,55,富邦-新店,2023-03-23,9661
2017,官田鋼,57,10,47,富邦-新店,2023-03-23,9661
00712,復華富時不動產,50,5,45,富邦-新店,2023-03-23,9661
2515,中工,80,35,45,富邦-新店,2023-03-23,9661
00674R,期元大S＆P黃金反1,45,0,45,富邦-新店,2023-03-23,9661
9945,潤泰新,47,6,41,富邦-新店,2023-03-23,9661
2641,正德,43,3,40,富邦-新店,2023-03-23,9661
4164,承業醫,43,3,40,富邦-新店,2023-03-23,9661
3178,公準,50,11,39,富邦-新店,2023-03-23,9661
1584,精剛,61,28,33,富邦-新店,2023-03-23,9661
9904,寶成,32,0,32,富邦-新店,2023-03-23,9661
3508,位速,30,0,30,富邦-新店,2023-03-23,9661
2328,廣宇,30,0,30,富邦-新店,2023-03-23,9661
6770,力積電,29,1,28,富邦-新店,2023-03-23,9661
2609,陽明,36,9,27,富邦-新店,2023-03-23,9661
2606,裕民,26,2,24,富邦-新店,2023-03-23,9661
2421,建準,27,3,24,富邦-新店,2023-03-23,9661
3481,群創,45,22,23,富邦-新店,2023-03-23,9661
8033,雷虎,29,8,21,富邦-新店,2023-03-23,9661
3294,英濟,21,0,21,富邦-新店,2023-03-23,9661
8176,智捷,22,1,21,富邦-新店,2023-03-23,9661
00885,富邦越南,20,0,20,富邦-新店,2023-03-23,9661
2610,華航,24,4,20,富邦-新店,2023-03-23,9661
3380,明泰,20,0,20,富邦-新店,2023-03-23,9661
8431,匯鑽科,25,5,20,富邦-新店,2023-03-23,9661
6245,立端,23,4,19,富邦-新店,2023-03-23,9661
4976,佳凌,92,73,19,富邦-新店,2023-03-23,9661
2618,長榮航,30,12,18,富邦-新店,2023-03-23,9661
00882,中信中國高股息,18,0,18,富邦-新店,2023-03-23,9661
2002,中鋼,22,4,18,富邦-新店,2023-03-23,9661
3090,日電貿,18,0,18,富邦-新店,2023-03-23,9661
3703,欣陸,18,0,18,富邦-新店,2023-03-23,9661
3036,文曄,20,3,17,富邦-新店,2023-03-23,9661
00715L,期街口布蘭特正2,20,3,17,富邦-新店,2023-03-23,9661
5608,四維航,19,3,16,富邦-新店,2023-03-23,9661
3059,華晶科,18,2,16,富邦-新店,2023-03-23,9661
5225,東科-KY,17,1,16,富邦-新店,2023-03-23,9661
00642U,期元大S＆P石油,15,1,14,富邦-新店,2023-03-23,9661
3545,敦泰,22,8,14,富邦-新店,2023-03-23,9661
3479,安勤,35,22,13,富邦-新店,2023-03-23,9661
3035,智原,27,14,13,富邦-新店,2023-03-23,9661
00898,國泰基因免疫革命,12,0,12,富邦-新店,2023-03-23,9661
3624,光頡,20,8,12,富邦-新店,2023-03-23,9661
9927,泰銘,12,0,12,富邦-新店,2023-03-23,9661
2637,慧洋-KY,14,2,12,富邦-新店,2023-03-23,9661
00772B,中信高評級公司債,137,0,137,富邦-新店,2023-03-24,9661
4541,晟田,155,30,125,富邦-新店,2023-03-24,9661
4114,健喬,121,1,120,富邦-新店,2023-03-24,9661
3209,全科,91,0,91,富邦-新店,2023-03-24,9661
1609,大亞,112,34,78,富邦-新店,2023-03-24,9661
3093,港建*,79,4,75,富邦-新店,2023-03-24,9661
2461,光群雷,74,0,74,富邦-新店,2023-03-24,9661
1504,東元,127,66,61,富邦-新店,2023-03-24,9661
4532,瑞智,52,0,52,富邦-新店,2023-03-24,9661
3434,哲固,51,1,50,富邦-新店,2023-03-24,9661
2476,鉅祥,63,14,49,富邦-新店,2023-03-24,9661
3029,零壹,65,19,46,富邦-新店,2023-03-24,9661
8024,佑華,44,1,43,富邦-新店,2023-03-24,9661
3005,神基,61,19,42,富邦-新店,2023-03-24,9661
00712,復華富時不動產,62,20,42,富邦-新店,2023-03-24,9661
5284,jpp-KY,48,8,40,富邦-新店,2023-03-24,9661
6606,建德工業,42,4,38,富邦-新店,2023-03-24,9661
2618,長榮航,57,22,35,富邦-新店,2023-03-24,9661
8938,明安,35,2,33,富邦-新店,2023-03-24,9661
5475,德宏,42,10,32,富邦-新店,2023-03-24,9661
3006,晶豪科,33,2,31,富邦-新店,2023-03-24,9661
3036,文曄,30,0,30,富邦-新店,2023-03-24,9661
4961,天鈺,32,3,29,富邦-新店,2023-03-24,9661
3038,全台,30,1,29,富邦-新店,2023-03-24,9661
6104,創惟,39,10,29,富邦-新店,2023-03-24,9661
3264,欣銓,32,5,27,富邦-新店,2023-03-24,9661
9958,世紀鋼,26,1,25,富邦-新店,2023-03-24,9661
00637L,元大滬深300正2,26,1,25,富邦-新店,2023-03-24,9661
2017,官田鋼,25,0,25,富邦-新店,2023-03-24,9661
2376,技嘉,36,11,25,富邦-新店,2023-03-24,9661
00902,中信電池及儲能,24,0,24,富邦-新店,2023-03-24,9661
3441,聯一光,74,50,24,富邦-新店,2023-03-24,9661
1319,東陽,58,36,22,富邦-新店,2023-03-24,9661
2371,大同,22,0,22,富邦-新店,2023-03-24,9661
4979,華星光,31,11,20,富邦-新店,2023-03-24,9661
2353,宏��,21,2,19,富邦-新店,2023-03-24,9661
9962,有益,20,1,19,富邦-新店,2023-03-24,9661
2515,中工,95,77,18,富邦-新店,2023-03-24,9661
2610,華航,21,3,18,富邦-新店,2023-03-24,9661
3013,晟銘電,47,30,17,富邦-新店,2023-03-24,9661
6770,力積電,20,3,17,富邦-新店,2023-03-24,9661
6515,穎崴,21,5,16,富邦-新店,2023-03-24,9661
2891,中信金,17,2,15,富邦-新店,2023-03-24,9661
3290,東浦,15,0,15,富邦-新店,2023-03-24,9661
2351,順德,15,1,14,富邦-新店,2023-03-24,9661
2382,廣達,20,6,14,富邦-新店,2023-03-24,9661
5876,上海商銀,18,4,14,富邦-新店,2023-03-24,9661
3694,海華,25,11,14,富邦-新店,2023-03-24,9661
2881,富邦金,14,1,13,富邦-新店,2023-03-24,9661
6168,宏齊,18,5,13,富邦-新店,2023-03-24,9661
1605,華新,93,9,84,富邦-新店,2023-03-27,9661
00882,中信中國高股息,67,4,63,富邦-新店,2023-03-27,9661
3011,今皓,52,1,51,富邦-新店,2023-03-27,9661
5425,台半,52,8,44,富邦-新店,2023-03-27,9661
1504,東元,93,50,43,富邦-新店,2023-03-27,9661
2610,華航,44,2,42,富邦-新店,2023-03-27,9661
8996,高力,48,6,42,富邦-新店,2023-03-27,9661
6770,力積電,43,3,40,富邦-新店,2023-03-27,9661
6244,茂迪,59,22,37,富邦-新店,2023-03-27,9661
4977,眾達-KY,36,0,36,富邦-新店,2023-03-27,9661
3441,聯一光,46,15,31,富邦-新店,2023-03-27,9661
1810,和成,39,9,30,富邦-新店,2023-03-27,9661
00753L,中信中國50正2,30,3,27,富邦-新店,2023-03-27,9661
3576,聯合再生,31,4,27,富邦-新店,2023-03-27,9661
00712,復華富時不動產,25,0,25,富邦-新店,2023-03-27,9661
2515,中工,25,1,24,富邦-新店,2023-03-27,9661
7402,邑錡,32,8,24,富邦-新店,2023-03-27,9661
00637L,元大滬深300正2,53,30,23,富邦-新店,2023-03-27,9661
3483,力致,36,14,22,富邦-新店,2023-03-27,9661
2634,漢翔,136,115,21,富邦-新店,2023-03-27,9661
8046,南電,21,1,20,富邦-新店,2023-03-27,9661
6282,康舒,29,9,20,富邦-新店,2023-03-27,9661
5484,慧友,20,0,20,富邦-新店,2023-03-27,9661
3715,定穎投控,22,2,20,富邦-新店,2023-03-27,9661
5475,德宏,24,5,19,富邦-新店,2023-03-27,9661
6152,百一,20,1,19,富邦-新店,2023-03-27,9661
1582,信錦,19,1,18,富邦-新店,2023-03-27,9661
2891,中信金,17,0,17,富邦-新店,2023-03-27,9661
3037,欣興,36,19,17,富邦-新店,2023-03-27,9661
4934,太極,15,0,15,富邦-新店,2023-03-27,9661
3081,聯亞,44,29,15,富邦-新店,2023-03-27,9661
3105,穩懋,16,1,15,富邦-新店,2023-03-27,9661
2890,永豐金,18,4,14,富邦-新店,2023-03-27,9661
2356,英業達,14,0,14,富邦-新店,2023-03-27,9661
2105,正新,14,0,14,富邦-新店,2023-03-27,9661
6829,千附精密,19,5,14,富邦-新店,2023-03-27,9661
2630,亞航,14,0,14,富邦-新店,2023-03-27,9661
00717,富邦美國特別股,14,0,14,富邦-新店,2023-03-27,9661
5340,建榮,15,1,14,富邦-新店,2023-03-27,9661
00633L,富邦上証正2,12,0,12,富邦-新店,2023-03-27,9661
3628,盈正,12,0,12,富邦-新店,2023-03-27,9661
2408,南亞科,13,2,11,富邦-新店,2023-03-27,9661
5353,台林,15,4,11,富邦-新店,2023-03-27,9661
4919,新唐,11,0,11,富邦-新店,2023-03-27,9661
6205,詮欣,11,0,11,富邦-新店,2023-03-27,9661
2413,環科,14,3,11,富邦-新店,2023-03-27,9661
00896,中信綠能及電動車,11,0,11,富邦-新店,2023-03-27,9661
3056,富華新,20,10,10,富邦-新店,2023-03-27,9661
2645,長榮航太,16,6,10,富邦-新店,2023-03-27,9661
5203,訊連,21,11,10,富邦-新店,2023-03-27,9661
00679B,元大美債20年,205,1,204,富邦-新店,2023-03-28,9661
00715L,期街口布蘭特正2,202,55,147,富邦-新店,2023-03-28,9661
2867,三商壽,100,0,100,富邦-新店,2023-03-28,9661
00772B,中信高評級公司債,99,7,92,富邦-新店,2023-03-28,9661
3037,欣興,97,20,77,富邦-新店,2023-03-28,9661
00680L,元大美債20正2,78,6,72,富邦-新店,2023-03-28,9661
1201,味全,71,0,71,富邦-新店,2023-03-28,9661
2342,茂矽,83,17,66,富邦-新店,2023-03-28,9661
3093,港建*,62,0,62,富邦-新店,2023-03-28,9661
0056,元大高股息,59,1,58,富邦-新店,2023-03-28,9661
2481,強茂,74,17,57,富邦-新店,2023-03-28,9661
00878,國泰永續高股息,89,36,53,富邦-新店,2023-03-28,9661
1605,華新,84,32,52,富邦-新店,2023-03-28,9661
6770,力積電,51,2,49,富邦-新店,2023-03-28,9661
00922,國泰台灣領袖50,45,0,45,富邦-新店,2023-03-28,9661
1310,台苯,40,0,40,富邦-新店,2023-03-28,9661
00637L,元大滬深300正2,38,0,38,富邦-新店,2023-03-28,9661
2465,麗臺,37,1,36,富邦-新店,2023-03-28,9661
3362,先進光,87,52,35,富邦-新店,2023-03-28,9661
2457,飛宏,70,35,35,富邦-新店,2023-03-28,9661
2303,聯電,36,3,33,富邦-新店,2023-03-28,9661
3479,安勤,45,12,33,富邦-新店,2023-03-28,9661
00882,中信中國高股息,33,1,32,富邦-新店,2023-03-28,9661
2328,廣宇,30,0,30,富邦-新店,2023-03-28,9661
00673R,期元大S＆P原油反1,30,0,30,富邦-新店,2023-03-28,9661
00751B,元大AAA至A公司債,30,0,30,富邦-新店,2023-03-28,9661
00720B,元大投資級公司債,27,0,27,富邦-新店,2023-03-28,9661
3484,崧騰,27,0,27,富邦-新店,2023-03-28,9661
3231,緯創,321,296,25,富邦-新店,2023-03-28,9661
6285,啟��,54,30,24,富邦-新店,2023-03-28,9661
2515,中工,20,0,20,富邦-新店,2023-03-28,9661
6168,宏齊,34,14,20,富邦-新店,2023-03-28,9661
2014,中鴻,19,0,19,富邦-新店,2023-03-28,9661
6231,系微,19,0,19,富邦-新店,2023-03-28,9661
3029,零壹,29,12,17,富邦-新店,2023-03-28,9661
3338,泰碩,37,20,17,富邦-新店,2023-03-28,9661
5490,同亨,20,3,17,富邦-新店,2023-03-28,9661
6245,立端,17,1,16,富邦-新店,2023-03-28,9661
2890,永豐金,20,5,15,富邦-新店,2023-03-28,9661
8033,雷虎,30,14,16,富邦-新店,2023-03-28,9661
6558,興能高,15,0,15,富邦-新店,2023-03-28,9661
4967,十銓,17,2,15,富邦-新店,2023-03-28,9661
2243,宏旭-KY,15,0,15,富邦-新店,2023-03-28,9661
3025,星通,26,11,15,富邦-新店,2023-03-28,9661
0050,元大台灣50,17,2,15,富邦-新店,2023-03-28,9661
6753,龍德造船,25,11,14,富邦-新店,2023-03-28,9661
2352,佳世達,14,0,14,富邦-新店,2023-03-28,9661
2330,台積電,19,5,14,富邦-新店,2023-03-28,9661
5484,慧友,13,0,13,富邦-新店,2023-03-28,9661
5340,建榮,15,2,13,富邦-新店,2023-03-28,9661
00632R,元大台灣50反1,110,3,107,富邦-新店,2023-03-29,9661
3093,港建*,81,6,75,富邦-新店,2023-03-29,9661
00772B,中信高評級公司債,65,0,65,富邦-新店,2023-03-29,9661
2303,聯電,70,12,58,富邦-新店,2023-03-29,9661
1201,味全,56,0,56,富邦-新店,2023-03-29,9661
1618,合機,56,9,47,富邦-新店,2023-03-29,9661
00679B,元大美債20年,45,0,45,富邦-新店,2023-03-29,9661
2014,中鴻,46,2,44,富邦-新店,2023-03-29,9661
1504,東元,87,43,44,富邦-新店,2023-03-29,9661
00680L,元大美債20正2,48,5,43,富邦-新店,2023-03-29,9661
00720B,元大投資級公司債,40,0,40,富邦-新店,2023-03-29,9661
2457,飛宏,108,69,39,富邦-新店,2023-03-29,9661
3054,立萬利,32,0,32,富邦-新店,2023-03-29,9661
3105,穩懋,39,8,31,富邦-新店,2023-03-29,9661
00922,國泰台灣領袖50,41,15,26,富邦-新店,2023-03-29,9661
2476,鉅祥,26,0,26,富邦-新店,2023-03-29,9661
5608,四維航,25,0,25,富邦-新店,2023-03-29,9661
00683L,期元大美元指正2,25,0,25,富邦-新店,2023-03-29,9661
4979,華星光,52,28,24,富邦-新店,2023-03-29,9661
3484,崧騰,23,0,23,富邦-新店,2023-03-29,9661
6446,藥華藥,21,0,21,富邦-新店,2023-03-29,9661
3706,神達,22,2,20,富邦-新店,2023-03-29,9661
6547,高端疫苗,20,0,20,富邦-新店,2023-03-29,9661
2483,百容,20,0,20,富邦-新店,2023-03-29,9661
6770,力積電,30,11,19,富邦-新店,2023-03-29,9661
2368,金像電,38,19,19,富邦-新店,2023-03-29,9661
8033,雷虎,40,21,19,富邦-新店,2023-03-29,9661
3312,弘憶股,20,1,19,富邦-新店,2023-03-29,9661
6235,華孚,31,14,17,富邦-新店,2023-03-29,9661
2371,大同,36,20,16,富邦-新店,2023-03-29,9661
5340,建榮,16,0,16,富邦-新店,2023-03-29,9661
6223,旺矽,15,0,15,富邦-新店,2023-03-29,9661
3029,零壹,18,3,15,富邦-新店,2023-03-29,9661
00650L,復華香港正2,15,0,15,富邦-新店,2023-03-29,9661
2812,台中銀,15,0,15,富邦-新店,2023-03-29,9661
9904,寶成,15,0,15,富邦-新店,2023-03-29,9661
2331,精英,14,0,14,富邦-新店,2023-03-29,9661
3693,營邦,16,2,14,富邦-新店,2023-03-29,9661
3481,群創,17,4,13,富邦-新店,2023-03-29,9661
2201,裕隆,26,13,13,富邦-新店,2023-03-29,9661
00885,富邦越南,13,0,13,富邦-新店,2023-03-29,9661
00673R,期元大S＆P原油反1,13,0,13,富邦-新店,2023-03-29,9661
2641,正德,13,1,12,富邦-新店,2023-03-29,9661
2329,華泰,27,16,11,富邦-新店,2023-03-29,9661
00712,復華富時不動產,10,0,10,富邦-新店,2023-03-29,9661
0056,元大高股息,12,2,10,富邦-新店,2023-03-29,9661
8261,富鼎,10,0,10,富邦-新店,2023-03-29,9661
2312,金寶,10,0,10,富邦-新店,2023-03-29,9661
3632,研勤,10,0,10,富邦-新店,2023-03-29,9661
2355,敬鵬,10,0,10,富邦-新店,2023-03-29,9661
00632R,元大台灣50反1,352,0,352,富邦-新店,2023-03-30,9661
2739,寒舍,53,0,53,富邦-新店,2023-03-30,9661
2328,廣宇,50,1,49,富邦-新店,2023-03-30,9661
1201,味全,45,0,45,富邦-新店,2023-03-30,9661
2385,群光,44,1,43,富邦-新店,2023-03-30,9661
6285,啟��,65,29,36,富邦-新店,2023-03-30,9661
5258,虹堡,40,6,34,富邦-新店,2023-03-30,9661
5475,德宏,37,3,34,富邦-新店,2023-03-30,9661
2890,永豐金,35,2,33,富邦-新店,2023-03-30,9661
8227,巨有科技,33,0,33,富邦-新店,2023-03-30,9661
8222,寶一,47,15,32,富邦-新店,2023-03-30,9661
2889,國票金,33,2,31,富邦-新店,2023-03-30,9661
00892,富邦台灣半導體,50,20,30,富邦-新店,2023-03-30,9661
4746,台耀,31,1,30,富邦-新店,2023-03-30,9661
4119,旭富,35,7,28,富邦-新店,2023-03-30,9661
1101,台泥,35,11,24,富邦-新店,2023-03-30,9661
00679B,元大美債20年,24,1,23,富邦-新店,2023-03-30,9661
3005,神基,48,25,23,富邦-新店,2023-03-30,9661
6288,聯嘉,24,4,20,富邦-新店,2023-03-30,9661
3630,新鉅科,20,0,20,富邦-新店,2023-03-30,9661
3032,偉訓,19,0,19,富邦-新店,2023-03-30,9661
00903,富邦元宇宙,18,0,18,富邦-新店,2023-03-30,9661
2317,鴻海,20,3,17,富邦-新店,2023-03-30,9661
2610,華航,17,2,15,富邦-新店,2023-03-30,9661
3338,泰碩,22,7,15,富邦-新店,2023-03-30,9661
3481,群創,25,10,15,富邦-新店,2023-03-30,9661
2887,台新金,14,0,14,富邦-新店,2023-03-30,9661
00882,中信中國高股息,13,0,13,富邦-新店,2023-03-30,9661
2753,八方雲集,30,17,13,富邦-新店,2023-03-30,9661
2891,中信金,22,9,13,富邦-新店,2023-03-30,9661
3054,立萬利,13,0,13,富邦-新店,2023-03-30,9661
00650L,復華香港正2,13,0,13,富邦-新店,2023-03-30,9661
6244,茂迪,48,35,13,富邦-新店,2023-03-30,9661
2534,宏盛,13,0,13,富邦-新店,2023-03-30,9661
2476,鉅祥,13,1,12,富邦-新店,2023-03-30,9661
6266,泰詠,12,0,12,富邦-新店,2023-03-30,9661
3047,訊舟,13,1,12,富邦-新店,2023-03-30,9661
4105,東洋,12,0,12,富邦-新店,2023-03-30,9661
6446,藥華藥,14,3,11,富邦-新店,2023-03-30,9661
4155,訊映,11,0,11,富邦-新店,2023-03-30,9661
8421,旭源,11,0,11,富邦-新店,2023-03-30,9661
2421,建準,13,2,11,富邦-新店,2023-03-30,9661
2382,廣達,11,1,10,富邦-新店,2023-03-30,9661
2344,華邦電,60,50,10,富邦-新店,2023-03-30,9661
00902,中信電池及儲能,10,0,10,富邦-新店,2023-03-30,9661
2880,華南金,10,0,10,富邦-新店,2023-03-30,9661
4931,新盛力,10,0,10,富邦-新店,2023-03-30,9661
2312,金寶,10,0,10,富邦-新店,2023-03-30,9661
5465,富驊,10,0,10,富邦-新店,2023-03-30,9661
2606,裕民,11,1,10,富邦-新店,2023-03-30,9661
00632R,元大台灣50反1,328,0,328,富邦-新店,2023-03-31,9661
00673R,期元大S＆P原油反1,106,0,106,富邦-新店,2023-03-31,9661
2897,王道銀行,100,0,100,富邦-新店,2023-03-31,9661
6414,樺漢,93,2,91,富邦-新店,2023-03-31,9661
8936,國統,63,0,63,富邦-新店,2023-03-31,9661
00650L,復華香港正2,66,5,61,富邦-新店,2023-03-31,9661
2457,飛宏,90,30,60,富邦-新店,2023-03-31,9661
00680L,元大美債20正2,48,0,48,富邦-新店,2023-03-31,9661
3054,立萬利,38,0,38,富邦-新店,2023-03-31,9661
2006,東和鋼鐵,37,0,37,富邦-新店,2023-03-31,9661
4714,永捷,37,0,37,富邦-新店,2023-03-31,9661
1605,華新,44,8,36,富邦-新店,2023-03-31,9661
3037,欣興,59,28,31,富邦-新店,2023-03-31,9661
3711,日月光投控,40,9,31,富邦-新店,2023-03-31,9661
2302,麗正,33,2,31,富邦-新店,2023-03-31,9661
2834,臺企銀,55,24,31,富邦-新店,2023-03-31,9661
4746,台耀,30,3,27,富邦-新店,2023-03-31,9661
00720B,元大投資級公司債,24,0,24,富邦-新店,2023-03-31,9661
2534,宏盛,33,10,23,富邦-新店,2023-03-31,9661
00683L,期元大美元指正2,22,0,22,富邦-新店,2023-03-31,9661
1504,東元,65,44,21,富邦-新店,2023-03-31,9661
4114,健喬,31,10,21,富邦-新店,2023-03-31,9661
3189,景碩,33,14,19,富邦-新店,2023-03-31,9661
8028,昇陽半導體,26,7,19,富邦-新店,2023-03-31,9661
6182,合晶,22,4,18,富邦-新店,2023-03-31,9661
9958,世紀鋼,21,3,18,富邦-新店,2023-03-31,9661
3290,東浦,17,0,17,富邦-新店,2023-03-31,9661
2883,凱基金,21,4,17,富邦-新店,2023-03-31,9661
1513,中興電,19,3,16,富邦-新店,2023-03-31,9661
3005,神基,18,3,15,富邦-新店,2023-03-31,9661
1314,中石化,15,0,15,富邦-新店,2023-03-31,9661
2337,旺宏,23,9,14,富邦-新店,2023-03-31,9661
3362,先進光,14,1,13,富邦-新店,2023-03-31,9661
2889,國票金,13,0,13,富邦-新店,2023-03-31,9661
2413,環科,13,0,13,富邦-新店,2023-03-31,9661
2739,寒舍,14,2,12,富邦-新店,2023-03-31,9661
2408,南亞科,31,19,12,富邦-新店,2023-03-31,9661
1762,中化生,12,0,12,富邦-新店,2023-03-31,9661
2812,台中銀,11,0,11,富邦-新店,2023-03-31,9661
5475,德宏,15,4,11,富邦-新店,2023-03-31,9661
3702,大聯大,11,0,11,富邦-新店,2023-03-31,9661
5243,乙盛-KY,12,1,11,富邦-新店,2023-03-31,9661
6841,長佳智能,12,1,11,富邦-新店,2023-03-31,9661
3447,展達,13,2,11,富邦-新店,2023-03-31,9661
9934,成霖,11,0,11,富邦-新店,2023-03-31,9661
2731,雄獅,28,18,10,富邦-新店,2023-03-31,9661
1760,寶齡富錦,17,7,10,富邦-新店,2023-03-31,9661
3162,精確,12,2,10,富邦-新店,2023-03-31,9661
2482,連宇,64,54,10,富邦-新店,2023-03-31,9661
6829,千附精密,12,2,10,富邦-新店,2023-03-31,9661
2344,華邦電,173,8,165,富邦-新店,2023-04-06,9661
00637L,元大滬深300正2,126,0,126,富邦-新店,2023-04-06,9661
00673R,期元大S＆P原油反1,88,0,88,富邦-新店,2023-04-06,9661
2027,大成鋼,81,1,80,富邦-新店,2023-04-06,9661
6443,元晶,80,7,73,富邦-新店,2023-04-06,9661
1514,亞力,73,2,71,富邦-新店,2023-04-06,9661
00882,中信中國高股息,62,0,62,富邦-新店,2023-04-06,9661
6196,帆宣,60,0,60,富邦-新店,2023-04-06,9661
6770,力積電,57,1,56,富邦-新店,2023-04-06,9661
8390,金益鼎,66,15,51,富邦-新店,2023-04-06,9661
00902,中信電池及儲能,51,0,51,富邦-新店,2023-04-06,9661
2443,昶虹,50,0,50,富邦-新店,2023-04-06,9661
00893,國泰智能電動車,51,1,50,富邦-新店,2023-04-06,9661
8069,元太,59,15,44,富邦-新店,2023-04-06,9661
3032,偉訓,46,10,36,富邦-新店,2023-04-06,9661
3037,欣興,39,9,30,富邦-新店,2023-04-06,9661
0056,元大高股息,34,5,29,富邦-新店,2023-04-06,9661
3322,建舜電,30,1,29,富邦-新店,2023-04-06,9661
2609,陽明,29,3,26,富邦-新店,2023-04-06,9661
2890,永豐金,26,0,26,富邦-新店,2023-04-06,9661
2891,中信金,31,8,23,富邦-新店,2023-04-06,9661
1909,榮成,32,10,22,富邦-新店,2023-04-06,9661
2606,裕民,27,6,21,富邦-新店,2023-04-06,9661
4967,十銓,49,29,20,富邦-新店,2023-04-06,9661
00683L,期元大美元指正2,20,0,20,富邦-新店,2023-04-06,9661
3543,州巧,20,0,20,富邦-新店,2023-04-06,9661
6592,和潤企業,20,0,20,富邦-新店,2023-04-06,9661
6133,金橋,23,3,20,富邦-新店,2023-04-06,9661
6477,安集,23,3,20,富邦-新店,2023-04-06,9661
6753,龍德造船,23,3,20,富邦-新店,2023-04-06,9661
2302,麗正,20,0,20,富邦-新店,2023-04-06,9661
6548,長科*,26,7,19,富邦-新店,2023-04-06,9661
00885,富邦越南,106,88,18,富邦-新店,2023-04-06,9661
00712,復華富時不動產,18,0,18,富邦-新店,2023-04-06,9661
2017,官田鋼,17,0,17,富邦-新店,2023-04-06,9661
00900,富邦特選高股息30,16,1,15,富邦-新店,2023-04-06,9661
2809,京城銀,15,0,15,富邦-新店,2023-04-06,9661
2002,中鋼,14,0,14,富邦-新店,2023-04-06,9661
5483,中美晶,16,2,14,富邦-新店,2023-04-06,9661
00753L,中信中國50正2,14,0,14,富邦-新店,2023-04-06,9661
2331,精英,13,0,13,富邦-新店,2023-04-06,9661
00633L,富邦上証正2,13,0,13,富邦-新店,2023-04-06,9661
5340,建榮,14,1,13,富邦-新店,2023-04-06,9661
6205,詮欣,13,0,13,富邦-新店,2023-04-06,9661
2610,華航,16,3,13,富邦-新店,2023-04-06,9661
2603,長榮,15,3,12,富邦-新店,2023-04-06,9661
3006,晶豪科,14,2,12,富邦-新店,2023-04-06,9661
6414,樺漢,16,5,11,富邦-新店,2023-04-06,9661
3706,神達,11,0,11,富邦-新店,2023-04-06,9661
4119,旭富,11,0,11,富邦-新店,2023-04-06,9661
4934,太極,104,4,100,富邦-新店,2023-04-07,9661
2897,王道銀行,100,0,100,富邦-新店,2023-04-07,9661
2497,怡利電,93,0,93,富邦-新店,2023-04-07,9661
00632R,元大台灣50反1,85,5,80,富邦-新店,2023-04-07,9661
2601,益航,51,0,51,富邦-新店,2023-04-07,9661
00893,國泰智能電動車,46,0,46,富邦-新店,2023-04-07,9661
00772B,中信高評級公司債,37,2,35,富邦-新店,2023-04-07,9661
00673R,期元大S＆P原油反1,34,0,34,富邦-新店,2023-04-07,9661
3588,通嘉,31,0,31,富邦-新店,2023-04-07,9661
6282,康舒,30,0,30,富邦-新店,2023-04-07,9661
3231,緯創,37,10,27,富邦-新店,2023-04-07,9661
00712,復華富時不動產,30,3,27,富邦-新店,2023-04-07,9661
6770,力積電,26,0,26,富邦-新店,2023-04-07,9661
2889,國票金,28,3,25,富邦-新店,2023-04-07,9661
4746,台耀,26,2,24,富邦-新店,2023-04-07,9661
3479,安勤,48,25,23,富邦-新店,2023-04-07,9661
0056,元大高股息,25,2,23,富邦-新店,2023-04-07,9661
3025,星通,33,11,22,富邦-新店,2023-04-07,9661
00882,中信中國高股息,21,0,21,富邦-新店,2023-04-07,9661
00753L,中信中國50正2,23,3,20,富邦-新店,2023-04-07,9661
2208,台船,20,0,20,富邦-新店,2023-04-07,9661
4432,銘旺實,20,0,20,富邦-新店,2023-04-07,9661
3228,金麗科,20,1,19,富邦-新店,2023-04-07,9661
3029,零壹,19,0,19,富邦-新店,2023-04-07,9661
2495,普安,18,0,18,富邦-新店,2023-04-07,9661
8926,台汽電,17,0,17,富邦-新店,2023-04-07,9661
00922,國泰台灣領袖50,16,0,16,富邦-新店,2023-04-07,9661
9945,潤泰新,20,5,15,富邦-新店,2023-04-07,9661
3078,僑威,15,0,15,富邦-新店,2023-04-07,9661
2436,偉詮電,17,2,15,富邦-新店,2023-04-07,9661
2482,連宇,23,8,15,富邦-新店,2023-04-07,9661
00650L,復華香港正2,15,0,15,富邦-新店,2023-04-07,9661
3481,群創,21,6,15,富邦-新店,2023-04-07,9661
00679B,元大美債20年,26,12,14,富邦-新店,2023-04-07,9661
1504,東元,48,34,14,富邦-新店,2023-04-07,9661
4916,事欣科,13,0,13,富邦-新店,2023-04-07,9661
8150,南茂,14,2,12,富邦-新店,2023-04-07,9661
4564,元翎,15,3,12,富邦-新店,2023-04-07,9661
1442,名軒,12,0,12,富邦-新店,2023-04-07,9661
6443,元晶,40,28,12,富邦-新店,2023-04-07,9661
3056,富華新,15,4,11,富邦-新店,2023-04-07,9661
1513,中興電,54,43,11,富邦-新店,2023-04-07,9661
8112,至上,11,0,11,富邦-新店,2023-04-07,9661
5258,虹堡,13,2,11,富邦-新店,2023-04-07,9661
6788,華景電,12,1,11,富邦-新店,2023-04-07,9661
2453,凌群,17,6,11,富邦-新店,2023-04-07,9661
00725B,國泰投資級公司債,11,0,11,富邦-新店,2023-04-07,9661
3217,優群,14,4,10,富邦-新店,2023-04-07,9661
5388,中磊,10,0,10,富邦-新店,2023-04-07,9661
1605,華新,37,27,10,富邦-新店,2023-04-07,9661
2344,華邦電,262,36,226,富邦-新店,2023-04-10,9661
00885,富邦越南,203,0,203,富邦-新店,2023-04-10,9661
2538,基泰,200,0,200,富邦-新店,2023-04-10,9661
3481,群創,218,30,188,富邦-新店,2023-04-10,9661
2498,宏達電,148,7,141,富邦-新店,2023-04-10,9661
3029,零壹,108,14,94,富邦-新店,2023-04-10,9661
3209,全科,90,0,90,富邦-新店,2023-04-10,9661
2349,錸德,64,0,64,富邦-新店,2023-04-10,9661
6461,益得,67,3,64,富邦-新店,2023-04-10,9661
6209,今國光,62,2,60,富邦-新店,2023-04-10,9661
1513,中興電,118,65,53,富邦-新店,2023-04-10,9661
1314,中石化,50,0,50,富邦-新店,2023-04-10,9661
00637L,元大滬深300正2,101,51,50,富邦-新店,2023-04-10,9661
3027,盛達,62,16,46,富邦-新店,2023-04-10,9661
6237,驊訊,45,1,44,富邦-新店,2023-04-10,9661
2603,長榮,53,13,40,富邦-新店,2023-04-10,9661
6152,百一,40,0,40,富邦-新店,2023-04-10,9661
0056,元大高股息,37,2,35,富邦-新店,2023-04-10,9661
1605,華新,43,11,32,富邦-新店,2023-04-10,9661
2399,映泰,31,0,31,富邦-新店,2023-04-10,9661
00632R,元大台灣50反1,30,0,30,富邦-新店,2023-04-10,9661
3543,州巧,30,0,30,富邦-新店,2023-04-10,9661
8150,南茂,31,1,30,富邦-新店,2023-04-10,9661
2867,三商壽,28,0,28,富邦-新店,2023-04-10,9661
00679B,元大美債20年,39,16,23,富邦-新店,2023-04-10,9661
00772B,中信高評級公司債,27,4,23,富邦-新店,2023-04-10,9661
3025,星通,85,64,21,富邦-新店,2023-04-10,9661
6285,啟��,31,12,19,富邦-新店,2023-04-10,9661
3545,敦泰,19,0,19,富邦-新店,2023-04-10,9661
4609,唐鋒,19,0,19,富邦-新店,2023-04-10,9661
2457,飛宏,56,38,18,富邦-新店,2023-04-10,9661
00673R,期元大S＆P原油反1,37,20,17,富邦-新店,2023-04-10,9661
2427,三商電,16,0,16,富邦-新店,2023-04-10,9661
2886,兆豐金,15,2,13,富邦-新店,2023-04-10,9661
2609,陽明,27,14,13,富邦-新店,2023-04-10,9661
6753,龍德造船,18,5,13,富邦-新店,2023-04-10,9661
6235,華孚,73,61,12,富邦-新店,2023-04-10,9661
3056,富華新,14,1,13,富邦-新店,2023-04-10,9661
2739,寒舍,12,0,12,富邦-新店,2023-04-10,9661
5426,振發,12,0,12,富邦-新店,2023-04-10,9661
9962,有益,14,2,12,富邦-新店,2023-04-10,9661
8086,宏捷科,11,0,11,富邦-新店,2023-04-10,9661
1904,正隆,11,0,11,富邦-新店,2023-04-10,9661
2606,裕民,11,0,11,富邦-新店,2023-04-10,9661
6122,擎邦,10,0,10,富邦-新店,2023-04-10,9661
1316,上曜,15,5,10,富邦-新店,2023-04-10,9661
00897,富邦基因免疫生技,10,0,10,富邦-新店,2023-04-10,9661
2889,國票金,10,0,10,富邦-新店,2023-04-10,9661
1717,長興,10,0,10,富邦-新店,2023-04-10,9661
8043,蜜望實,10,0,10,富邦-新店,2023-04-10,9661
2538,基泰,120,0,120,富邦-新店,2023-04-11,9661
1514,亞力,157,53,104,富邦-新店,2023-04-11,9661
1605,華新,91,12,79,富邦-新店,2023-04-11,9661
5351,鈺創,115,36,79,富邦-新店,2023-04-11,9661
00878,國泰永續高股息,123,50,73,富邦-新店,2023-04-11,9661
0056,元大高股息,91,24,67,富邦-新店,2023-04-11,9661
3209,全科,57,0,57,富邦-新店,2023-04-11,9661
00877,復華中國5G,49,1,48,富邦-新店,2023-04-11,9661
4503,金雨,55,12,43,富邦-新店,2023-04-11,9661
8110,華東,43,0,43,富邦-新店,2023-04-11,9661
2867,三商壽,54,14,40,富邦-新店,2023-04-11,9661
00637L,元大滬深300正2,81,42,39,富邦-新店,2023-04-11,9661
8183,精星,52,14,38,富邦-新店,2023-04-11,9661
2317,鴻海,38,1,37,富邦-新店,2023-04-11,9661
00650L,復華香港正2,36,0,36,富邦-新店,2023-04-11,9661
3038,全台,41,9,32,富邦-新店,2023-04-11,9661
00673R,期元大S＆P原油反1,30,5,25,富邦-新店,2023-04-11,9661
00679B,元大美債20年,25,0,25,富邦-新店,2023-04-11,9661
2881,富邦金,25,1,24,富邦-新店,2023-04-11,9661
4609,唐鋒,24,0,24,富邦-新店,2023-04-11,9661
1503,士電,37,13,24,富邦-新店,2023-04-11,9661
9904,寶成,22,0,22,富邦-新店,2023-04-11,9661
2468,華經,23,2,21,富邦-新店,2023-04-11,9661
1314,中石化,27,6,21,富邦-新店,2023-04-11,9661
2303,聯電,40,21,19,富邦-新店,2023-04-11,9661
3479,安勤,21,2,19,富邦-新店,2023-04-11,9661
6570,維田,18,0,18,富邦-新店,2023-04-11,9661
2208,台船,21,3,18,富邦-新店,2023-04-11,9661
00720B,元大投資級公司債,17,0,17,富邦-新店,2023-04-11,9661
2413,環科,28,11,17,富邦-新店,2023-04-11,9661
1409,新纖,17,0,17,富邦-新店,2023-04-11,9661
2891,中信金,17,1,16,富邦-新店,2023-04-11,9661
6770,力積電,37,21,16,富邦-新店,2023-04-11,9661
00772B,中信高評級公司債,14,0,14,富邦-新店,2023-04-11,9661
2497,怡利電,16,2,14,富邦-新店,2023-04-11,9661
3701,大眾控,21,7,14,富邦-新店,2023-04-11,9661
00893,國泰智能電動車,26,13,13,富邦-新店,2023-04-11,9661
6231,系微,18,5,13,富邦-新店,2023-04-11,9661
8101,華冠,13,0,13,富邦-新店,2023-04-11,9661
2027,大成鋼,13,0,13,富邦-新店,2023-04-11,9661
5534,長虹,15,2,13,富邦-新店,2023-04-11,9661
8088,品安,43,30,13,富邦-新店,2023-04-11,9661
8050,廣積,29,17,12,富邦-新店,2023-04-11,9661
6462,神盾,13,1,12,富邦-新店,2023-04-11,9661
8034,榮群,12,0,12,富邦-新店,2023-04-11,9661
3078,僑威,15,4,11,富邦-新店,2023-04-11,9661
8926,台汽電,11,0,11,富邦-新店,2023-04-11,9661
6140,訊達,11,0,11,富邦-新店,2023-04-11,9661
1474,弘裕,11,0,11,富邦-新店,2023-04-11,9661
2542,興富發,11,0,11,富邦-新店,2023-04-11,9661
00885,富邦越南,304,27,277,富邦-新店,2023-04-12,9661
00720B,元大投資級公司債,243,25,218,富邦-新店,2023-04-12,9661
2538,基泰,99,4,95,富邦-新店,2023-04-12,9661
00673R,期元大S＆P原油反1,91,0,91,富邦-新店,2023-04-12,9661
00772B,中信高評級公司債,101,11,90,富邦-新店,2023-04-12,9661
00712,復華富時不動產,68,0,68,富邦-新店,2023-04-12,9661
2344,華邦電,226,161,65,富邦-新店,2023-04-12,9661
00637L,元大滬深300正2,73,10,63,富邦-新店,2023-04-12,9661
1319,東陽,63,3,60,富邦-新店,2023-04-12,9661
2457,飛宏,75,25,50,富邦-新店,2023-04-12,9661
2497,怡利電,48,3,45,富邦-新店,2023-04-12,9661
00679B,元大美債20年,47,3,44,富邦-新店,2023-04-12,9661
8390,金益鼎,50,7,43,富邦-新店,2023-04-12,9661
2017,官田鋼,45,2,43,富邦-新店,2023-04-12,9661
00902,中信電池及儲能,39,0,39,富邦-新店,2023-04-12,9661
2409,友達,40,3,37,富邦-新店,2023-04-12,9661
2406,國碩,33,0,33,富邦-新店,2023-04-12,9661
1605,華新,67,37,30,富邦-新店,2023-04-12,9661
3479,安勤,42,15,27,富邦-新店,2023-04-12,9661
5488,松普,26,0,26,富邦-新店,2023-04-12,9661
2317,鴻海,32,7,25,富邦-新店,2023-04-12,9661
5484,慧友,22,0,22,富邦-新店,2023-04-12,9661
6234,高僑,32,11,21,富邦-新店,2023-04-12,9661
6829,千附精密,27,6,21,富邦-新店,2023-04-12,9661
6703,軒郁,21,0,21,富邦-新店,2023-04-12,9661
2206,三陽工業,173,152,21,富邦-新店,2023-04-12,9661
2455,全新,33,13,20,富邦-新店,2023-04-12,9661
6733,博晟生醫,27,7,20,富邦-新店,2023-04-12,9661
6719,力智,22,3,19,富邦-新店,2023-04-12,9661
3594,磐儀,27,8,19,富邦-新店,2023-04-12,9661
3673,TPK-KY,21,2,19,富邦-新店,2023-04-12,9661
8033,雷虎,41,24,17,富邦-新店,2023-04-12,9661
2888,新光金,17,0,17,富邦-新店,2023-04-12,9661
4977,眾達-KY,24,9,15,富邦-新店,2023-04-12,9661
2834,臺企銀,18,3,15,富邦-新店,2023-04-12,9661
2330,台積電,20,6,14,富邦-新店,2023-04-12,9661
2618,長榮航,19,5,14,富邦-新店,2023-04-12,9661
2610,華航,15,1,14,富邦-新店,2023-04-12,9661
2387,精元,30,16,14,富邦-新店,2023-04-12,9661
1474,弘裕,13,0,13,富邦-新店,2023-04-12,9661
1504,東元,65,53,12,富邦-新店,2023-04-12,9661
3025,星通,23,11,12,富邦-新店,2023-04-12,9661
00687B,國泰20年美債,12,0,12,富邦-新店,2023-04-12,9661
4155,訊映,13,2,11,富邦-新店,2023-04-12,9661
6223,旺矽,21,10,11,富邦-新店,2023-04-12,9661
2645,長榮航太,15,4,11,富邦-新店,2023-04-12,9661
5209,新鼎,15,4,11,富邦-新店,2023-04-12,9661
3003,健和興,11,1,10,富邦-新店,2023-04-12,9661
8101,華冠,10,0,10,富邦-新店,2023-04-12,9661
1201,味全,10,0,10,富邦-新店,2023-04-12,9661
00877,復華中國5G,192,11,181,富邦-新店,2023-04-13,9661
2344,華邦電,128,12,116,富邦-新店,2023-04-13,9661
2201,裕隆,150,41,109,富邦-新店,2023-04-13,9661
2614,東森,103,0,103,富邦-新店,2023-04-13,9661
00712,復華富時不動產,96,0,96,富邦-新店,2023-04-13,9661
8033,雷虎,108,17,91,富邦-新店,2023-04-13,9661
00878,國泰永續高股息,100,10,90,富邦-新店,2023-04-13,9661
00772B,中信高評級公司債,92,2,90,富邦-新店,2023-04-13,9661
5009,榮剛,117,36,81,富邦-新店,2023-04-13,9661
3576,聯合再生,122,43,79,富邦-新店,2023-04-13,9661
1504,東元,179,114,65,富邦-新店,2023-04-13,9661
6127,九豪,66,2,64,富邦-新店,2023-04-13,9661
2538,基泰,61,0,61,富邦-新店,2023-04-13,9661
2027,大成鋼,78,17,61,富邦-新店,2023-04-13,9661
6140,訊達,56,0,56,富邦-新店,2023-04-13,9661
00669R,國泰美國道瓊反1,55,0,55,富邦-新店,2023-04-13,9661
00720B,元大投資級公司債,41,0,41,富邦-新店,2023-04-13,9661
6282,康舒,43,3,40,富邦-新店,2023-04-13,9661
2323,中環,42,3,39,富邦-新店,2023-04-13,9661
4916,事欣科,89,51,38,富邦-新店,2023-04-13,9661
0056,元大高股息,44,7,37,富邦-新店,2023-04-13,9661
3231,緯創,39,5,34,富邦-新店,2023-04-13,9661
4536,拓凱,35,2,33,富邦-新店,2023-04-13,9661
3711,日月光投控,33,1,32,富邦-新店,2023-04-13,9661
6234,高僑,36,5,31,富邦-新店,2023-04-13,9661
2406,國碩,30,0,30,富邦-新店,2023-04-13,9661
3005,神基,36,6,30,富邦-新店,2023-04-13,9661
2206,三陽工業,67,37,30,富邦-新店,2023-04-13,9661
4164,承業醫,44,15,29,富邦-新店,2023-04-13,9661
00751B,元大AAA至A公司債,33,5,28,富邦-新店,2023-04-13,9661
1605,華新,46,18,28,富邦-新店,2023-04-13,9661
6122,擎邦,28,0,28,富邦-新店,2023-04-13,9661
00679B,元大美債20年,28,0,28,富邦-新店,2023-04-13,9661
4147,中裕,39,11,28,富邦-新店,2023-04-13,9661
00922,國泰台灣領袖50,32,5,27,富邦-新店,2023-04-13,9661
9945,潤泰新,26,1,25,富邦-新店,2023-04-13,9661
2850,新產,20,0,20,富邦-新店,2023-04-13,9661
2443,昶虹,20,0,20,富邦-新店,2023-04-13,9661
3056,富華新,21,2,19,富邦-新店,2023-04-13,9661
2495,普安,19,1,18,富邦-新店,2023-04-13,9661
00753L,中信中國50正2,19,1,18,富邦-新店,2023-04-13,9661
6163,華電網,115,97,18,富邦-新店,2023-04-13,9661
2812,台中銀,19,2,17,富邦-新店,2023-04-13,9661
00923,群益台ESG低碳50,16,0,16,富邦-新店,2023-04-13,9661
4979,華星光,42,26,16,富邦-新店,2023-04-13,9661
6244,茂迪,27,11,16,富邦-新店,2023-04-13,9661
6139,亞翔,16,0,16,富邦-新店,2023-04-13,9661
00713,元大台灣高息低波,29,14,15,富邦-新店,2023-04-13,9661
5353,台林,16,2,14,富邦-新店,2023-04-13,9661
2023,燁輝,14,0,14,富邦-新店,2023-04-13,9661
00679B,元大美債20年,217,13,204,富邦-新店,2023-04-14,9661
6163,華電網,198,54,144,富邦-新店,2023-04-14,9661
00882,中信中國高股息,135,0,135,富邦-新店,2023-04-14,9661
4541,晟田,146,41,105,富邦-新店,2023-04-14,9661
2382,廣達,108,23,85,富邦-新店,2023-04-14,9661
3231,緯創,93,16,77,富邦-新店,2023-04-14,9661
2323,中環,123,48,75,富邦-新店,2023-04-14,9661
2634,漢翔,325,258,67,富邦-新店,2023-04-14,9661
2355,敬鵬,67,0,67,富邦-新店,2023-04-14,9661
2208,台船,194,131,63,富邦-新店,2023-04-14,9661
1905,華紙,52,0,52,富邦-新店,2023-04-14,9661
3576,聯合再生,52,4,48,富邦-新店,2023-04-14,9661
8222,寶一,176,128,48,富邦-新店,2023-04-14,9661
1815,富喬,40,0,40,富邦-新店,2023-04-14,9661
3712,永崴投控,47,7,40,富邦-新店,2023-04-14,9661
2515,中工,57,19,38,富邦-新店,2023-04-14,9661
2303,聯電,38,1,37,富邦-新店,2023-04-14,9661
00772B,中信高評級公司債,37,0,37,富邦-新店,2023-04-14,9661
3078,僑威,38,2,36,富邦-新店,2023-04-14,9661
00720B,元大投資級公司債,35,0,35,富邦-新店,2023-04-14,9661
1584,精剛,180,146,34,富邦-新店,2023-04-14,9661
6282,康舒,37,3,34,富邦-新店,2023-04-14,9661
6209,今國光,36,2,34,富邦-新店,2023-04-14,9661
00877,復華中國5G,32,0,32,富邦-新店,2023-04-14,9661
1319,東陽,33,2,31,富邦-新店,2023-04-14,9661
00712,復華富時不動產,31,1,30,富邦-新店,2023-04-14,9661
3209,全科,30,0,30,富邦-新店,2023-04-14,9661
4536,拓凱,30,0,30,富邦-新店,2023-04-14,9661
6517,保勝光學,29,1,28,富邦-新店,2023-04-14,9661
3049,精金,43,15,28,富邦-新店,2023-04-14,9661
2542,興富發,25,0,25,富邦-新店,2023-04-14,9661
5009,榮剛,86,61,25,富邦-新店,2023-04-14,9661
2329,華泰,26,2,24,富邦-新店,2023-04-14,9661
00673R,期元大S＆P原油反1,24,0,24,富邦-新店,2023-04-14,9661
3162,精確,28,4,24,富邦-新店,2023-04-14,9661
8069,元太,29,5,24,富邦-新店,2023-04-14,9661
6446,藥華藥,22,1,21,富邦-新店,2023-04-14,9661
3052,夆典,20,0,20,富邦-新店,2023-04-14,9661
3346,麗清,20,0,20,富邦-新店,2023-04-14,9661
2314,台揚,21,2,19,富邦-新店,2023-04-14,9661
8936,國統,27,8,19,富邦-新店,2023-04-14,9661
1314,中石化,19,0,19,富邦-新店,2023-04-14,9661
2017,官田鋼,21,2,19,富邦-新店,2023-04-14,9661
6285,啟��,27,8,19,富邦-新店,2023-04-14,9661
3029,零壹,26,8,18,富邦-新店,2023-04-14,9661
4916,事欣科,25,7,18,富邦-新店,2023-04-14,9661
5381,合正,20,3,17,富邦-新店,2023-04-14,9661
2455,全新,19,3,16,富邦-新店,2023-04-14,9661
2883,凱基金,24,9,15,富邦-新店,2023-04-14,9661
00637L,元大滬深300正2,60,45,15,富邦-新店,2023-04-14,9661
9907,統一實,135,2,133,富邦-新店,2023-04-17,9661
00882,中信中國高股息,117,0,117,富邦-新店,2023-04-17,9661
2891,中信金,105,2,103,富邦-新店,2023-04-17,9661
6133,金橋,85,0,85,富邦-新店,2023-04-17,9661
2890,永豐金,81,0,81,富邦-新店,2023-04-17,9661
00679B,元大美債20年,86,6,80,富邦-新店,2023-04-17,9661
6234,高僑,80,4,76,富邦-新店,2023-04-17,9661
00877,復華中國5G,80,5,75,富邦-新店,2023-04-17,9661
4121,優盛,60,0,60,富邦-新店,2023-04-17,9661
00712,復華富時不動產,58,0,58,富邦-新店,2023-04-17,9661
3264,欣銓,101,46,55,富邦-新店,2023-04-17,9661
2208,台船,179,125,54,富邦-新店,2023-04-17,9661
00720B,元大投資級公司債,57,3,54,富邦-新店,2023-04-17,9661
3029,零壹,93,40,53,富邦-新店,2023-04-17,9661
00789B,復華公司債A3,40,0,40,富邦-新店,2023-04-17,9661
1513,中興電,63,24,39,富邦-新店,2023-04-17,9661
2312,金寶,98,63,35,富邦-新店,2023-04-17,9661
8059,凱碩,38,6,32,富邦-新店,2023-04-17,9661
1514,亞力,65,36,29,富邦-新店,2023-04-17,9661
1319,東陽,44,16,28,富邦-新店,2023-04-17,9661
2323,中環,25,0,25,富邦-新店,2023-04-17,9661
4967,十銓,31,8,23,富邦-新店,2023-04-17,9661
1802,台玻,23,0,23,富邦-新店,2023-04-17,9661
5284,jpp-KY,25,2,23,富邦-新店,2023-04-17,9661
2888,新光金,23,0,23,富邦-新店,2023-04-17,9661
2382,廣達,24,2,22,富邦-新店,2023-04-17,9661
00683L,期元大美元指正2,22,0,22,富邦-新店,2023-04-17,9661
6142,友勁,27,5,22,富邦-新店,2023-04-17,9661
2409,友達,23,1,22,富邦-新店,2023-04-17,9661
6235,華孚,73,52,21,富邦-新店,2023-04-17,9661
5353,台林,23,2,21,富邦-新店,2023-04-17,9661
3346,麗清,20,0,20,富邦-新店,2023-04-17,9661
5484,慧友,20,0,20,富邦-新店,2023-04-17,9661
6125,廣運,35,15,20,富邦-新店,2023-04-17,9661
6160,欣技,25,6,19,富邦-新店,2023-04-17,9661
1783,和康生,21,4,17,富邦-新店,2023-04-17,9661
8936,國統,19,2,17,富邦-新店,2023-04-17,9661
0056,元大高股息,21,5,16,富邦-新店,2023-04-17,9661
6806,森崴能源,27,11,16,富邦-新店,2023-04-17,9661
2419,仲琦,16,0,16,富邦-新店,2023-04-17,9661
4174,浩鼎,17,2,15,富邦-新店,2023-04-17,9661
00751B,元大AAA至A公司債,16,2,14,富邦-新店,2023-04-17,9661
6689,伊雲谷,15,1,14,富邦-新店,2023-04-17,9661
2454,聯發科,25,11,14,富邦-新店,2023-04-17,9661
3714,富采,24,11,13,富邦-新店,2023-04-17,9661
6282,康舒,57,45,12,富邦-新店,2023-04-17,9661
1314,中石化,12,0,12,富邦-新店,2023-04-17,9661
1210,大成,17,6,11,富邦-新店,2023-04-17,9661
00885,富邦越南,12,1,11,富邦-新店,2023-04-17,9661
3419,譁裕,12,1,11,富邦-新店,2023-04-17,9661
00878,國泰永續高股息,138,9,129,富邦-新店,2023-04-18,9661
00679B,元大美債20年,121,1,120,富邦-新店,2023-04-18,9661
8105,凌巨,107,2,105,富邦-新店,2023-04-18,9661
00720B,元大投資級公司債,101,2,99,富邦-新店,2023-04-18,9661
1605,華新,128,34,94,富邦-新店,2023-04-18,9661
9907,統一實,91,0,91,富邦-新店,2023-04-18,9661
2634,漢翔,187,103,84,富邦-新店,2023-04-18,9661
6235,華孚,109,25,84,富邦-新店,2023-04-18,9661
4934,太極,86,9,77,富邦-新店,2023-04-18,9661
2027,大成鋼,62,2,60,富邦-新店,2023-04-18,9661
00712,復華富時不動產,61,2,59,富邦-新店,2023-04-18,9661
6234,高僑,56,2,54,富邦-新店,2023-04-18,9661
00772B,中信高評級公司債,54,0,54,富邦-新店,2023-04-18,9661
00885,富邦越南,62,9,53,富邦-新店,2023-04-18,9661
6109,亞元,52,0,52,富邦-新店,2023-04-18,9661
00900,富邦特選高股息30,51,1,50,富邦-新店,2023-04-18,9661
4121,優盛,41,0,41,富邦-新店,2023-04-18,9661
5009,榮剛,52,11,41,富邦-新店,2023-04-18,9661
6148,驊宏資,49,13,36,富邦-新店,2023-04-18,9661
3481,群創,41,6,35,富邦-新店,2023-04-18,9661
3221,台嘉碩,35,2,33,富邦-新店,2023-04-18,9661
6443,元晶,35,6,29,富邦-新店,2023-04-18,9661
0056,元大高股息,28,1,27,富邦-新店,2023-04-18,9661
4995,晶達,28,1,27,富邦-新店,2023-04-18,9661
6160,欣技,44,18,26,富邦-新店,2023-04-18,9661
4162,智擎,28,3,25,富邦-新店,2023-04-18,9661
00751B,元大AAA至A公司債,25,0,25,富邦-新店,2023-04-18,9661
00680L,元大美債20正2,23,0,23,富邦-新店,2023-04-18,9661
2515,中工,138,116,22,富邦-新店,2023-04-18,9661
2812,台中銀,21,0,21,富邦-新店,2023-04-18,9661
2017,官田鋼,20,0,20,富邦-新店,2023-04-18,9661
00752,中信中國50,20,0,20,富邦-新店,2023-04-18,9661
6288,聯嘉,25,5,20,富邦-新店,2023-04-18,9661
2536,宏普,20,0,20,富邦-新店,2023-04-18,9661
6806,森崴能源,38,18,20,富邦-新店,2023-04-18,9661
6167,久正,26,6,20,富邦-新店,2023-04-18,9661
2609,陽明,30,11,19,富邦-新店,2023-04-18,9661
3017,奇鋐,28,9,19,富邦-新店,2023-04-18,9661
9945,潤泰新,19,0,19,富邦-新店,2023-04-18,9661
2476,鉅祥,19,0,19,富邦-新店,2023-04-18,9661
2454,聯發科,22,3,19,富邦-新店,2023-04-18,9661
6548,長科*,20,2,18,富邦-新店,2023-04-18,9661
1809,中釉,30,12,18,富邦-新店,2023-04-18,9661
1519,華城,33,15,18,富邦-新店,2023-04-18,9661
2471,資通,48,31,17,富邦-新店,2023-04-18,9661
3317,尼克森,17,0,17,富邦-新店,2023-04-18,9661
1609,大亞,20,3,17,富邦-新店,2023-04-18,9661
2888,新光金,18,2,16,富邦-新店,2023-04-18,9661
2382,廣達,20,4,16,富邦-新店,2023-04-18,9661
6138,茂達,20,4,16,富邦-新店,2023-04-18,9661
2303,聯電,625,13,612,富邦-新店,2023-04-19,9661
6160,欣技,183,17,166,富邦-新店,2023-04-19,9661
6443,元晶,192,88,104,富邦-新店,2023-04-19,9661
8105,凌巨,110,8,102,富邦-新店,2023-04-19,9661
3128,昇銳,84,0,84,富邦-新店,2023-04-19,9661
2356,英業達,93,11,82,富邦-新店,2023-04-19,9661
00679B,元大美債20年,68,0,68,富邦-新店,2023-04-19,9661
3058,立德,67,13,54,富邦-新店,2023-04-19,9661
00632R,元大台灣50反1,50,0,50,富邦-新店,2023-04-19,9661
00882,中信中國高股息,51,5,46,富邦-新店,2023-04-19,9661
00720B,元大投資級公司債,45,0,45,富邦-新店,2023-04-19,9661
00751B,元大AAA至A公司債,42,0,42,富邦-新店,2023-04-19,9661
0050,元大台灣50,42,0,42,富邦-新店,2023-04-19,9661
2317,鴻海,52,12,40,富邦-新店,2023-04-19,9661
3312,弘憶股,40,1,39,富邦-新店,2023-04-19,9661
6477,安集,105,67,38,富邦-新店,2023-04-19,9661
6285,啟��,42,6,36,富邦-新店,2023-04-19,9661
5351,鈺創,35,0,35,富邦-新店,2023-04-19,9661
6234,高僑,40,6,34,富邦-新店,2023-04-19,9661
3363,上詮,34,0,34,富邦-新店,2023-04-19,9661
00772B,中信高評級公司債,32,0,32,富邦-新店,2023-04-19,9661
2337,旺宏,36,4,32,富邦-新店,2023-04-19,9661
6806,森崴能源,172,140,32,富邦-新店,2023-04-19,9661
2884,玉山金,33,2,31,富邦-新店,2023-04-19,9661
1718,中纖,31,0,31,富邦-新店,2023-04-19,9661
6470,宇智,33,3,30,富邦-新店,2023-04-19,9661
9904,寶成,30,0,30,富邦-新店,2023-04-19,9661
4961,天鈺,36,6,30,富邦-新店,2023-04-19,9661
0056,元大高股息,36,6,30,富邦-新店,2023-04-19,9661
6770,力積電,32,5,27,富邦-新店,2023-04-19,9661
00888,永豐台灣ESG,26,0,26,富邦-新店,2023-04-19,9661
4714,永捷,25,0,25,富邦-新店,2023-04-19,9661
8227,巨有科技,24,0,24,富邦-新店,2023-04-19,9661
6026,福邦證,27,5,22,富邦-新店,2023-04-19,9661
00712,復華富時不動產,35,14,21,富邦-新店,2023-04-19,9661
6005,群益證,43,22,21,富邦-新店,2023-04-19,9661
6517,保勝光學,21,0,21,富邦-新店,2023-04-19,9661
1802,台玻,20,0,20,富邦-新店,2023-04-19,9661
4976,佳凌,20,0,20,富邦-新店,2023-04-19,9661
2889,國票金,19,0,19,富邦-新店,2023-04-19,9661
1533,車王電,23,4,19,富邦-新店,2023-04-19,9661
2208,台船,82,63,19,富邦-新店,2023-04-19,9661
00900,富邦特選高股息30,20,2,18,富邦-新店,2023-04-19,9661
2206,三陽工業,23,5,18,富邦-新店,2023-04-19,9661
1268,漢來美食,18,0,18,富邦-新店,2023-04-19,9661
6167,久正,39,21,18,富邦-新店,2023-04-19,9661
2204,中華,20,3,17,富邦-新店,2023-04-19,9661
2331,精英,24,7,17,富邦-新店,2023-04-19,9661
2515,中工,30,14,16,富邦-新店,2023-04-19,9661
2897,王道銀行,16,0,16,富邦-新店,2023-04-19,9661
2303,聯電,514,6,508,富邦-新店,2023-04-20,9661
2867,三商壽,150,1,149,富邦-新店,2023-04-20,9661
2401,凌陽,105,4,101,富邦-新店,2023-04-20,9661
8935,邦泰,95,0,95,富邦-新店,2023-04-20,9661
2634,漢翔,154,64,90,富邦-新店,2023-04-20,9661
4976,佳凌,89,2,87,富邦-新店,2023-04-20,9661
6443,元晶,93,22,71,富邦-新店,2023-04-20,9661
3093,港建*,60,0,60,富邦-新店,2023-04-20,9661
6235,華孚,80,21,59,富邦-新店,2023-04-20,9661
6288,聯嘉,82,24,58,富邦-新店,2023-04-20,9661
6234,高僑,55,1,54,富邦-新店,2023-04-20,9661
2609,陽明,60,13,47,富邦-新店,2023-04-20,9661
6244,茂迪,162,121,41,富邦-新店,2023-04-20,9661
2888,新光金,41,1,40,富邦-新店,2023-04-20,9661
00925,新光標普電動車,40,0,40,富邦-新店,2023-04-20,9661
6841,長佳智能,54,14,40,富邦-新店,2023-04-20,9661
1905,華紙,41,2,39,富邦-新店,2023-04-20,9661
2402,毅嘉,46,9,37,富邦-新店,2023-04-20,9661
00878,國泰永續高股息,80,44,36,富邦-新店,2023-04-20,9661
8431,匯鑽科,35,0,35,富邦-新店,2023-04-20,9661
5465,富驊,36,1,35,富邦-新店,2023-04-20,9661
00679B,元大美債20年,33,1,32,富邦-新店,2023-04-20,9661
00720B,元大投資級公司債,32,0,32,富邦-新店,2023-04-20,9661
8222,寶一,73,42,31,富邦-新店,2023-04-20,9661
6163,華電網,45,15,30,富邦-新店,2023-04-20,9661
2337,旺宏,30,0,30,富邦-新店,2023-04-20,9661
00637L,元大滬深300正2,57,30,27,富邦-新店,2023-04-20,9661
1810,和成,138,112,26,富邦-新店,2023-04-20,9661
1605,華新,30,6,24,富邦-新店,2023-04-20,9661
3290,東浦,39,16,23,富邦-新店,2023-04-20,9661
00687B,國泰20年美債,23,0,23,富邦-新店,2023-04-20,9661
1809,中釉,30,7,23,富邦-新店,2023-04-20,9661
00772B,中信高評級公司債,21,0,21,富邦-新店,2023-04-20,9661
2354,鴻準,21,0,21,富邦-新店,2023-04-20,9661
6712,長聖,25,4,21,富邦-新店,2023-04-20,9661
2484,希華,20,0,20,富邦-新店,2023-04-20,9661
3078,僑威,32,12,20,富邦-新店,2023-04-20,9661
3094,聯傑,20,0,20,富邦-新店,2023-04-20,9661
6120,達運,20,0,20,富邦-新店,2023-04-20,9661
6167,久正,25,5,20,富邦-新店,2023-04-20,9661
5345,天揚,19,0,19,富邦-新店,2023-04-20,9661
3047,訊舟,22,3,19,富邦-新店,2023-04-20,9661
00888,永豐台灣ESG,18,0,18,富邦-新店,2023-04-20,9661
8440,綠電,31,14,17,富邦-新店,2023-04-20,9661
0050,元大台灣50,20,3,17,富邦-新店,2023-04-20,9661
2208,台船,40,24,16,富邦-新店,2023-04-20,9661
3005,神基,17,1,16,富邦-新店,2023-04-20,9661
5340,建榮,16,0,16,富邦-新店,2023-04-20,9661
1528,恩德,16,0,16,富邦-新店,2023-04-20,9661
5206,坤悅,16,0,16,富邦-新店,2023-04-20,9661
1101,台泥,408,34,374,富邦-新店,2023-04-21,9661
8935,邦泰,114,0,114,富邦-新店,2023-04-21,9661
2303,聯電,130,16,114,富邦-新店,2023-04-21,9661
00878,國泰永續高股息,197,90,107,富邦-新店,2023-04-21,9661
6235,華孚,224,122,102,富邦-新店,2023-04-21,9661
6244,茂迪,164,79,85,富邦-新店,2023-04-21,9661
2017,官田鋼,75,0,75,富邦-新店,2023-04-21,9661
3058,立德,89,22,67,富邦-新店,2023-04-21,9661
9902,台火,65,0,65,富邦-新店,2023-04-21,9661
1611,中電,90,34,56,富邦-新店,2023-04-21,9661
1529,樂事綠能,86,33,53,富邦-新店,2023-04-21,9661
1760,寶齡富錦,68,15,53,富邦-新店,2023-04-21,9661
00900,富邦特選高股息30,52,2,50,富邦-新店,2023-04-21,9661
9927,泰銘,50,2,48,富邦-新店,2023-04-21,9661
0056,元大高股息,56,8,48,富邦-新店,2023-04-21,9661
00632R,元大台灣50反1,181,135,46,富邦-新店,2023-04-21,9661
2401,凌陽,47,2,45,富邦-新店,2023-04-21,9661
5425,台半,60,18,42,富邦-新店,2023-04-21,9661
2913,農林,116,77,39,富邦-新店,2023-04-21,9661
6026,福邦證,69,30,39,富邦-新店,2023-04-21,9661
00712,復華富時不動產,70,32,38,富邦-新店,2023-04-21,9661
6234,高僑,35,0,35,富邦-新店,2023-04-21,9661
00772B,中信高評級公司債,34,0,34,富邦-新店,2023-04-21,9661
1519,華城,41,8,33,富邦-新店,2023-04-21,9661
00680L,元大美債20正2,51,20,31,富邦-新店,2023-04-21,9661
1108,幸福,32,1,31,富邦-新店,2023-04-21,9661
00683L,期元大美元指正2,30,0,30,富邦-新店,2023-04-21,9661
00674R,期元大S＆P黃金反1,30,0,30,富邦-新店,2023-04-21,9661
2867,三商壽,28,0,28,富邦-新店,2023-04-21,9661
3290,東浦,30,2,28,富邦-新店,2023-04-21,9661
3673,TPK-KY,27,0,27,富邦-新店,2023-04-21,9661
00720B,元大投資級公司債,25,0,25,富邦-新店,2023-04-21,9661
6163,華電網,178,154,24,富邦-新店,2023-04-21,9661
00753L,中信中國50正2,22,0,22,富邦-新店,2023-04-21,9661
00923,群益台ESG低碳50,21,0,21,富邦-新店,2023-04-21,9661
2328,廣宇,25,5,20,富邦-新店,2023-04-21,9661
3363,上詮,25,5,20,富邦-新店,2023-04-21,9661
1514,亞力,55,35,20,富邦-新店,2023-04-21,9661
2498,宏達電,35,16,19,富邦-新店,2023-04-21,9661
00919,群益台灣精選高息,21,2,19,富邦-新店,2023-04-21,9661
2337,旺宏,23,4,19,富邦-新店,2023-04-21,9661
4743,合一,22,5,17,富邦-新店,2023-04-21,9661
4768,晶呈科技,17,0,17,富邦-新店,2023-04-21,9661
2201,裕隆,61,44,17,富邦-新店,2023-04-21,9661
6733,博晟生醫,47,31,16,富邦-新店,2023-04-21,9661
4137,麗豐-KY,20,4,16,富邦-新店,2023-04-21,9661
2610,華航,19,3,16,富邦-新店,2023-04-21,9661
2031,新光鋼,83,67,16,富邦-新店,2023-04-21,9661
6188,廣明,15,0,15,富邦-新店,2023-04-21,9661
2634,漢翔,32,18,14,富邦-新店,2023-04-21,9661
2303,聯電,263,16,247,富邦-新店,2023-04-24,9661
00882,中信中國高股息,200,0,200,富邦-新店,2023-04-24,9661
00637L,元大滬深300正2,135,30,105,富邦-新店,2023-04-24,9661
2409,友達,103,3,100,富邦-新店,2023-04-24,9661
2453,凌群,108,19,89,富邦-新店,2023-04-24,9661
00902,中信電池及儲能,78,0,78,富邦-新店,2023-04-24,9661
1455,集盛,50,0,50,富邦-新店,2023-04-24,9661
6282,康舒,89,44,45,富邦-新店,2023-04-24,9661
00712,復華富時不動產,44,0,44,富邦-新店,2023-04-24,9661
1904,正隆,134,92,42,富邦-新店,2023-04-24,9661
2031,新光鋼,83,42,41,富邦-新店,2023-04-24,9661
2314,台揚,41,0,41,富邦-新店,2023-04-24,9661
2498,宏達電,38,0,38,富邦-新店,2023-04-24,9661
6148,驊宏資,43,11,32,富邦-新店,2023-04-24,9661
8390,金益鼎,32,1,31,富邦-新店,2023-04-24,9661
4510,高鋒,30,0,30,富邦-新店,2023-04-24,9661
2603,長榮,32,3,29,富邦-新店,2023-04-24,9661
2017,官田鋼,28,1,27,富邦-新店,2023-04-24,9661
3013,晟銘電,33,8,25,富邦-新店,2023-04-24,9661
00720B,元大投資級公司債,22,0,22,富邦-新店,2023-04-24,9661
6245,立端,21,0,21,富邦-新店,2023-04-24,9661
1605,華新,24,4,20,富邦-新店,2023-04-24,9661
00772B,中信高評級公司債,20,0,20,富邦-新店,2023-04-24,9661
8222,寶一,55,37,18,富邦-新店,2023-04-24,9661
6231,系微,21,4,17,富邦-新店,2023-04-24,9661
00753L,中信中國50正2,17,0,17,富邦-新店,2023-04-24,9661
6163,華電網,24,8,16,富邦-新店,2023-04-24,9661
00687B,國泰20年美債,15,0,15,富邦-新店,2023-04-24,9661
4741,泓瀚,38,24,14,富邦-新店,2023-04-24,9661
4960,誠美材,15,1,14,富邦-新店,2023-04-24,9661
5488,松普,13,0,13,富邦-新店,2023-04-24,9661
00751B,元大AAA至A公司債,12,0,12,富邦-新店,2023-04-24,9661
2402,毅嘉,15,3,12,富邦-新店,2023-04-24,9661
2633,台灣高鐵,12,0,12,富邦-新店,2023-04-24,9661
2609,陽明,13,1,12,富邦-新店,2023-04-24,9661
1229,聯華,12,0,12,富邦-新店,2023-04-24,9661
00853B,統一美債10年Aa-,11,0,11,富邦-新店,2023-04-24,9661
1104,環泥,11,0,11,富邦-新店,2023-04-24,9661
00725B,國泰投資級公司債,11,0,11,富邦-新店,2023-04-24,9661
2344,華邦電,13,3,10,富邦-新店,2023-04-24,9661
2436,偉詮電,10,0,10,富邦-新店,2023-04-24,9661
1234,黑松,11,1,10,富邦-新店,2023-04-24,9661
4768,晶呈科技,10,0,10,富邦-新店,2023-04-24,9661
3029,零壹,20,10,10,富邦-新店,2023-04-24,9661
1734,杏輝,70,60,10,富邦-新店,2023-04-24,9661
00688L,國泰20年美債正2,10,0,10,富邦-新店,2023-04-24,9661
6026,福邦證,15,5,10,富邦-新店,2023-04-24,9661
5309,系統電,10,0,10,富邦-新店,2023-04-24,9661
4906,正文,10,0,10,富邦-新店,2023-04-24,9661
2641,正德,10,0,10,富邦-新店,2023-04-24,9661
2330,台積電,432,8,424,富邦-新店,2023-04-25,9661
2303,聯電,255,17,238,富邦-新店,2023-04-25,9661
0056,元大高股息,232,25,207,富邦-新店,2023-04-25,9661
00878,國泰永續高股息,194,44,150,富邦-新店,2023-04-25,9661
8171,天宇,113,0,113,富邦-新店,2023-04-25,9661
2888,新光金,89,0,89,富邦-新店,2023-04-25,9661
00637L,元大滬深300正2,80,1,79,富邦-新店,2023-04-25,9661
0050,元大台灣50,92,15,77,富邦-新店,2023-04-25,9661
3093,港建*,68,0,68,富邦-新店,2023-04-25,9661
6282,康舒,109,50,59,富邦-新店,2023-04-25,9661
2401,凌陽,67,9,58,富邦-新店,2023-04-25,9661
00715L,期街口布蘭特正2,55,0,55,富邦-新店,2023-04-25,9661
3231,緯創,66,17,49,富邦-新店,2023-04-25,9661
00902,中信電池及儲能,41,0,41,富邦-新店,2023-04-25,9661
1605,華新,48,8,40,富邦-新店,2023-04-25,9661
2515,中工,53,16,37,富邦-新店,2023-04-25,9661
00753L,中信中國50正2,42,5,37,富邦-新店,2023-04-25,9661
3071,協禧,48,17,31,富邦-新店,2023-04-25,9661
2641,正德,30,0,30,富邦-新店,2023-04-25,9661
2606,裕民,29,0,29,富邦-新店,2023-04-25,9661
2883,凱基金,29,1,28,富邦-新店,2023-04-25,9661
6806,森崴能源,33,6,27,富邦-新店,2023-04-25,9661
3363,上詮,37,10,27,富邦-新店,2023-04-25,9661
1514,亞力,29,2,27,富邦-新店,2023-04-25,9661
1101,台泥,80,54,26,富邦-新店,2023-04-25,9661
2206,三陽工業,114,89,25,富邦-新店,2023-04-25,9661
6244,茂迪,31,9,22,富邦-新店,2023-04-25,9661
8390,金益鼎,22,0,22,富邦-新店,2023-04-25,9661
00713,元大台灣高息低波,29,7,22,富邦-新店,2023-04-25,9661
006208,富邦台50,26,4,22,富邦-新店,2023-04-25,9661
00712,復華富時不動產,32,10,22,富邦-新店,2023-04-25,9661
2471,資通,70,50,20,富邦-新店,2023-04-25,9661
3545,敦泰,27,7,20,富邦-新店,2023-04-25,9661
6167,久正,25,5,20,富邦-新店,2023-04-25,9661
00919,群益台灣精選高息,20,0,20,富邦-新店,2023-04-25,9661
5371,中光電,24,5,19,富邦-新店,2023-04-25,9661
4109,加捷生醫,25,6,19,富邦-新店,2023-04-25,9661
2017,官田鋼,19,0,19,富邦-新店,2023-04-25,9661
2002,中鋼,23,4,19,富邦-新店,2023-04-25,9661
1504,東元,29,11,18,富邦-新店,2023-04-25,9661
3005,神基,28,10,18,富邦-新店,2023-04-25,9661
4121,優盛,23,6,17,富邦-新店,2023-04-25,9661
1219,福壽,23,6,17,富邦-新店,2023-04-25,9661
2482,連宇,77,60,17,富邦-新店,2023-04-25,9661
4979,華星光,19,2,17,富邦-新店,2023-04-25,9661
2027,大成鋼,16,0,16,富邦-新店,2023-04-25,9661
8050,廣積,17,1,16,富邦-新店,2023-04-25,9661
3047,訊舟,16,0,16,富邦-新店,2023-04-25,9661
5309,系統電,16,0,16,富邦-新店,2023-04-25,9661
3673,TPK-KY,16,0,16,富邦-新店,2023-04-25,9661
00632R,元大台灣50反1,760,62,698,富邦-新店,2023-04-26,9661
2303,聯電,137,15,122,富邦-新店,2023-04-26,9661
2882,國泰金,115,0,115,富邦-新店,2023-04-26,9661
00885,富邦越南,86,0,86,富邦-新店,2023-04-26,9661
00712,復華富時不動產,88,13,75,富邦-新店,2023-04-26,9661
2606,裕民,75,20,55,富邦-新店,2023-04-26,9661
8390,金益鼎,51,2,49,富邦-新店,2023-04-26,9661
1905,華紙,137,91,46,富邦-新店,2023-04-26,9661
00882,中信中國高股息,42,1,41,富邦-新店,2023-04-26,9661
2498,宏達電,45,4,41,富邦-新店,2023-04-26,9661
00878,國泰永續高股息,63,24,39,富邦-新店,2023-04-26,9661
6160,欣技,41,9,32,富邦-新店,2023-04-26,9661
1101,台泥,69,38,31,富邦-新店,2023-04-26,9661
8426,紅木-KY,32,1,31,富邦-新店,2023-04-26,9661
0050,元大台灣50,33,2,31,富邦-新店,2023-04-26,9661
6234,高僑,34,3,31,富邦-新店,2023-04-26,9661
2618,長榮航,47,17,30,富邦-新店,2023-04-26,9661
8222,寶一,77,47,30,富邦-新店,2023-04-26,9661
00683L,期元大美元指正2,30,0,30,富邦-新店,2023-04-26,9661
1108,幸福,30,3,27,富邦-新店,2023-04-26,9661
0056,元大高股息,49,23,26,富邦-新店,2023-04-26,9661
2206,三陽工業,42,17,25,富邦-新店,2023-04-26,9661
1503,士電,60,36,24,富邦-新店,2023-04-26,9661
2609,陽明,38,14,24,富邦-新店,2023-04-26,9661
1310,台苯,78,56,22,富邦-新店,2023-04-26,9661
2834,臺企銀,21,0,21,富邦-新店,2023-04-26,9661
1709,和益,46,26,20,富邦-新店,2023-04-26,9661
00687B,國泰20年美債,20,0,20,富邦-新店,2023-04-26,9661
4967,十銓,20,0,20,富邦-新店,2023-04-26,9661
3071,協禧,30,10,20,富邦-新店,2023-04-26,9661
6148,驊宏資,28,9,19,富邦-新店,2023-04-26,9661
1710,東聯,23,5,18,富邦-新店,2023-04-26,9661
1810,和成,27,9,18,富邦-新店,2023-04-26,9661
6026,福邦證,23,5,18,富邦-新店,2023-04-26,9661
4123,晟德,21,3,18,富邦-新店,2023-04-26,9661
6282,康舒,30,12,18,富邦-新店,2023-04-26,9661
4934,太極,15,0,15,富邦-新店,2023-04-26,9661
2027,大成鋼,16,1,15,富邦-新店,2023-04-26,9661
00900,富邦特選高股息30,15,1,14,富邦-新店,2023-04-26,9661
2610,華航,24,10,14,富邦-新店,2023-04-26,9661
00923,群益台ESG低碳50,13,0,13,富邦-新店,2023-04-26,9661
00902,中信電池及儲能,24,11,13,富邦-新店,2023-04-26,9661
00881,國泰台灣5G+,15,2,13,富邦-新店,2023-04-26,9661
8436,大江,15,2,13,富邦-新店,2023-04-26,9661
2913,農林,39,27,12,富邦-新店,2023-04-26,9661
3479,安勤,14,2,12,富邦-新店,2023-04-26,9661
4147,中裕,14,2,12,富邦-新店,2023-04-26,9661
2002,中鋼,17,5,12,富邦-新店,2023-04-26,9661
1536,和大,11,0,11,富邦-新店,2023-04-26,9661
2455,全新,13,2,11,富邦-新店,2023-04-26,9661
2515,中工,168,5,163,富邦-新店,2023-04-27,9661
2330,台積電,123,0,123,富邦-新店,2023-04-27,9661
2882,國泰金,104,1,103,富邦-新店,2023-04-27,9661
6005,群益證,100,0,100,富邦-新店,2023-04-27,9661
00715L,期街口布蘭特正2,71,0,71,富邦-新店,2023-04-27,9661
2002,中鋼,76,16,60,富邦-新店,2023-04-27,9661
00897,富邦基因免疫生技,60,0,60,富邦-新店,2023-04-27,9661
8403,盛弘,62,3,59,富邦-新店,2023-04-27,9661
00878,國泰永續高股息,61,3,58,富邦-新店,2023-04-27,9661
3078,僑威,71,13,58,富邦-新店,2023-04-27,9661
2634,漢翔,270,216,54,富邦-新店,2023-04-27,9661
6160,欣技,67,20,47,富邦-新店,2023-04-27,9661
5465,富驊,49,3,46,富邦-新店,2023-04-27,9661
00753L,中信中國50正2,91,50,41,富邦-新店,2023-04-27,9661
8935,邦泰,36,0,36,富邦-新店,2023-04-27,9661
3209,全科,35,0,35,富邦-新店,2023-04-27,9661
4979,華星光,33,1,32,富邦-新店,2023-04-27,9661
00712,復華富時不動產,32,0,32,富邦-新店,2023-04-27,9661
1717,長興,41,10,31,富邦-新店,2023-04-27,9661
8171,天宇,31,0,31,富邦-新店,2023-04-27,9661
1721,三晃,108,77,31,富邦-新店,2023-04-27,9661
00751B,元大AAA至A公司債,29,0,29,富邦-新店,2023-04-27,9661
2884,玉山金,28,0,28,富邦-新店,2023-04-27,9661
6266,泰詠,47,20,27,富邦-新店,2023-04-27,9661
2609,陽明,30,4,26,富邦-新店,2023-04-27,9661
2331,精英,27,2,25,富邦-新店,2023-04-27,9661
0050,元大台灣50,50,25,25,富邦-新店,2023-04-27,9661
3363,上詮,32,8,24,富邦-新店,2023-04-27,9661
1810,和成,101,78,23,富邦-新店,2023-04-27,9661
2324,仁寶,23,0,23,富邦-新店,2023-04-27,9661
00720B,元大投資級公司債,22,0,22,富邦-新店,2023-04-27,9661
1101,台泥,26,5,21,富邦-新店,2023-04-27,9661
4566,時碩工業,34,13,21,富邦-新店,2023-04-27,9661
2535,達欣工,20,0,20,富邦-新店,2023-04-27,9661
6118,建達,20,0,20,富邦-新店,2023-04-27,9661
3710,連展投控,20,0,20,富邦-新店,2023-04-27,9661
2206,三陽工業,26,6,20,富邦-新店,2023-04-27,9661
1776,展宇,17,1,16,富邦-新店,2023-04-27,9661
5009,榮剛,60,45,15,富邦-新店,2023-04-27,9661
1514,亞力,22,7,15,富邦-新店,2023-04-27,9661
6142,友勁,15,0,15,富邦-新店,2023-04-27,9661
00713,元大台灣高息低波,15,1,14,富邦-新店,2023-04-27,9661
6829,千附精密,20,6,14,富邦-新店,2023-04-27,9661
2314,台揚,17,3,14,富邦-新店,2023-04-27,9661
00772B,中信高評級公司債,13,0,13,富邦-新店,2023-04-27,9661
2880,華南金,13,0,13,富邦-新店,2023-04-27,9661
4977,眾達-KY,12,0,12,富邦-新店,2023-04-27,9661
00885,富邦越南,12,0,12,富邦-新店,2023-04-27,9661
1904,正隆,19,7,12,富邦-新店,2023-04-27,9661
6182,合晶,13,2,11,富邦-新店,2023-04-27,9661
2887,台新金,352,98,254,富邦-新店,2023-04-28,9661
6288,聯嘉,175,47,128,富邦-新店,2023-04-28,9661
2344,華邦電,139,28,111,富邦-新店,2023-04-28,9661
2495,普安,151,46,105,富邦-新店,2023-04-28,9661
00632R,元大台灣50反1,112,10,102,富邦-新店,2023-04-28,9661
1314,中石化,100,0,100,富邦-新店,2023-04-28,9661
2897,王道銀行,100,0,100,富邦-新店,2023-04-28,9661
6175,立敦,80,7,73,富邦-新店,2023-04-28,9661
2880,華南金,150,97,53,富邦-新店,2023-04-28,9661
2409,友達,60,10,50,富邦-新店,2023-04-28,9661
1710,東聯,50,1,49,富邦-新店,2023-04-28,9661
3576,聯合再生,53,4,49,富邦-新店,2023-04-28,9661
00720B,元大投資級公司債,60,11,49,富邦-新店,2023-04-28,9661
3078,僑威,58,15,43,富邦-新店,2023-04-28,9661
00902,中信電池及儲能,41,0,41,富邦-新店,2023-04-28,9661
3481,群創,47,6,41,富邦-新店,2023-04-28,9661
1721,三晃,76,41,35,富邦-新店,2023-04-28,9661
2801,彰銀,35,2,33,富邦-新店,2023-04-28,9661
6282,康舒,58,25,33,富邦-新店,2023-04-28,9661
3189,景碩,33,7,26,富邦-新店,2023-04-28,9661
00752,中信中國50,25,0,25,富邦-新店,2023-04-28,9661
2331,精英,31,7,24,富邦-新店,2023-04-28,9661
2867,三商壽,24,0,24,富邦-新店,2023-04-28,9661
00679B,元大美債20年,39,17,22,富邦-新店,2023-04-28,9661
0056,元大高股息,48,27,21,富邦-新店,2023-04-28,9661
5483,中美晶,21,0,21,富邦-新店,2023-04-28,9661
00751B,元大AAA至A公司債,20,0,20,富邦-新店,2023-04-28,9661
2007,燁興,20,0,20,富邦-新店,2023-04-28,9661
00674R,期元大S＆P黃金反1,20,0,20,富邦-新店,2023-04-28,9661
00648R,元大S＆P500反1,20,0,20,富邦-新店,2023-04-28,9661
1529,樂事綠能,45,25,20,富邦-新店,2023-04-28,9661
2413,環科,20,1,19,富邦-新店,2023-04-28,9661
4114,健喬,25,7,18,富邦-新店,2023-04-28,9661
3071,協禧,26,8,18,富邦-新店,2023-04-28,9661
6218,豪勉,21,3,18,富邦-新店,2023-04-28,9661
1416,廣豐,16,0,16,富邦-新店,2023-04-28,9661
8086,宏捷科,20,4,16,富邦-新店,2023-04-28,9661
2313,華通,14,0,14,富邦-新店,2023-04-28,9661
1727,中華化,61,47,14,富邦-新店,2023-04-28,9661
2208,台船,15,1,14,富邦-新店,2023-04-28,9661
00853B,統一美債10年Aa-,13,0,13,富邦-新店,2023-04-28,9661
2482,連宇,59,47,12,富邦-新店,2023-04-28,9661
00680L,元大美債20正2,11,0,11,富邦-新店,2023-04-28,9661
00715L,期街口布蘭特正2,12,1,11,富邦-新店,2023-04-28,9661
3029,零壹,26,15,11,富邦-新店,2023-04-28,9661
2603,長榮,11,1,10,富邦-新店,2023-04-28,9661
3710,連展投控,10,0,10,富邦-新店,2023-04-28,9661
3714,富采,30,20,10,富邦-新店,2023-04-28,9661
2243,宏旭-KY,10,0,10,富邦-新店,2023-04-28,9661
2420,新巨,10,0,10,富邦-新店,2023-04-28,9661
1504,東元,262,83,179,富邦-新店,2023-05-02,9661
00751B,元大AAA至A公司債,165,1,164,富邦-新店,2023-05-02,9661
2344,華邦電,177,49,128,富邦-新店,2023-05-02,9661
1609,大亞,123,37,86,富邦-新店,2023-05-02,9661
1460,宏遠,72,2,70,富邦-新店,2023-05-02,9661
1513,中興電,117,53,64,富邦-新店,2023-05-02,9661
00720B,元大投資級公司債,60,0,60,富邦-新店,2023-05-02,9661
2331,精英,63,7,56,富邦-新店,2023-05-02,9661
2614,東森,50,0,50,富邦-新店,2023-05-02,9661
1519,華城,69,22,47,富邦-新店,2023-05-02,9661
00772B,中信高評級公司債,62,20,42,富邦-新店,2023-05-02,9661
2412,中華電,44,3,41,富邦-新店,2023-05-02,9661
00679B,元大美債20年,44,3,41,富邦-新店,2023-05-02,9661
3028,增你強,40,0,40,富邦-新店,2023-05-02,9661
3013,晟銘電,44,4,40,富邦-新店,2023-05-02,9661
3025,星通,66,27,39,富邦-新店,2023-05-02,9661
2409,友達,43,8,35,富邦-新店,2023-05-02,9661
1314,中石化,33,0,33,富邦-新店,2023-05-02,9661
6111,大宇資,44,11,33,富邦-新店,2023-05-02,9661
3363,上詮,35,3,32,富邦-新店,2023-05-02,9661
2609,陽明,34,4,30,富邦-新店,2023-05-02,9661
4714,永捷,30,0,30,富邦-新店,2023-05-02,9661
5009,榮剛,44,14,30,富邦-新店,2023-05-02,9661
3481,群創,37,8,29,富邦-新店,2023-05-02,9661
2603,長榮,76,48,28,富邦-新店,2023-05-02,9661
2388,威盛,25,0,25,富邦-新店,2023-05-02,9661
1529,樂事綠能,25,1,24,富邦-新店,2023-05-02,9661
2471,資通,44,21,23,富邦-新店,2023-05-02,9661
1809,中釉,24,2,22,富邦-新店,2023-05-02,9661
2206,三陽工業,85,63,22,富邦-新店,2023-05-02,9661
00665L,富邦�琤肭磪囓�2,20,0,20,富邦-新店,2023-05-02,9661
6167,久正,20,0,20,富邦-新店,2023-05-02,9661
6548,長科*,20,0,20,富邦-新店,2023-05-02,9661
2884,玉山金,23,4,19,富邦-新店,2023-05-02,9661
5478,智冠,20,1,19,富邦-新店,2023-05-02,9661
5353,台林,18,0,18,富邦-新店,2023-05-02,9661
2201,裕隆,20,3,17,富邦-新店,2023-05-02,9661
8403,盛弘,52,35,17,富邦-新店,2023-05-02,9661
6770,力積電,38,23,15,富邦-新店,2023-05-02,9661
1101,台泥,70,55,15,富邦-新店,2023-05-02,9661
6148,驊宏資,37,23,14,富邦-新店,2023-05-02,9661
1229,聯華,15,1,14,富邦-新店,2023-05-02,9661
4977,眾達-KY,14,0,14,富邦-新店,2023-05-02,9661
2881,富邦金,14,1,13,富邦-新店,2023-05-02,9661
1783,和康生,15,2,13,富邦-新店,2023-05-02,9661
00878,國泰永續高股息,46,33,13,富邦-新店,2023-05-02,9661
00687B,國泰20年美債,11,0,11,富邦-新店,2023-05-02,9661
9945,潤泰新,10,0,10,富邦-新店,2023-05-02,9661
4157,太景*-KY,10,0,10,富邦-新店,2023-05-02,9661
3276,宇環,10,0,10,富邦-新店,2023-05-02,9661
00712,復華富時不動產,265,5,260,富邦-新店,2023-05-03,9661
00878,國泰永續高股息,282,34,248,富邦-新店,2023-05-03,9661
2867,三商壽,206,0,206,富邦-新店,2023-05-03,9661
2845,遠東銀,200,0,200,富邦-新店,2023-05-03,9661
00715L,期街口布蘭特正2,159,1,158,富邦-新店,2023-05-03,9661
00720B,元大投資級公司債,110,1,109,富邦-新店,2023-05-03,9661
00751B,元大AAA至A公司債,103,21,82,富邦-新店,2023-05-03,9661
2603,長榮,104,36,68,富邦-新店,2023-05-03,9661
2208,台船,98,39,59,富邦-新店,2023-05-03,9661
1314,中石化,52,0,52,富邦-新店,2023-05-03,9661
3481,群創,57,7,50,富邦-新店,2023-05-03,9661
3005,神基,57,11,46,富邦-新店,2023-05-03,9661
1101,台泥,64,22,42,富邦-新店,2023-05-03,9661
2801,彰銀,38,0,38,富邦-新店,2023-05-03,9661
3078,僑威,43,10,33,富邦-新店,2023-05-03,9661
1104,環泥,56,25,31,富邦-新店,2023-05-03,9661
00637L,元大滬深300正2,49,20,29,富邦-新店,2023-05-03,9661
1514,亞力,108,79,29,富邦-新店,2023-05-03,9661
2201,裕隆,67,40,27,富邦-新店,2023-05-03,9661
1503,士電,68,43,25,富邦-新店,2023-05-03,9661
2641,正德,25,1,24,富邦-新店,2023-05-03,9661
8222,寶一,58,34,24,富邦-新店,2023-05-03,9661
1711,永光,63,40,23,富邦-新店,2023-05-03,9661
00902,中信電池及儲能,23,0,23,富邦-新店,2023-05-03,9661
1721,三晃,22,0,22,富邦-新店,2023-05-03,9661
1529,樂事綠能,23,2,21,富邦-新店,2023-05-03,9661
3047,訊舟,21,0,21,富邦-新店,2023-05-03,9661
1727,中華化,22,2,20,富邦-新店,2023-05-03,9661
3710,連展投控,20,0,20,富邦-新店,2023-05-03,9661
6288,聯嘉,20,0,20,富邦-新店,2023-05-03,9661
2892,第一金,18,0,18,富邦-新店,2023-05-03,9661
2206,三陽工業,33,15,18,富邦-新店,2023-05-03,9661
4541,晟田,35,18,17,富邦-新店,2023-05-03,9661
5475,德宏,20,3,17,富邦-新店,2023-05-03,9661
8046,南電,23,6,17,富邦-新店,2023-05-03,9661
3017,奇鋐,27,10,17,富邦-新店,2023-05-03,9661
3058,立德,26,10,16,富邦-新店,2023-05-03,9661
6163,華電網,28,12,16,富邦-新店,2023-05-03,9661
2609,陽明,44,28,16,富邦-新店,2023-05-03,9661
2317,鴻海,21,6,15,富邦-新店,2023-05-03,9661
8476,台境*,15,0,15,富邦-新店,2023-05-03,9661
6169,昱泉,15,0,15,富邦-新店,2023-05-03,9661
8034,榮群,15,0,15,富邦-新店,2023-05-03,9661
00642U,期元大S＆P石油,19,5,14,富邦-新店,2023-05-03,9661
1907,永豐餘,15,1,14,富邦-新店,2023-05-03,9661
6160,欣技,20,6,14,富邦-新店,2023-05-03,9661
4915,致伸,14,1,13,富邦-新店,2023-05-03,9661
6142,友勁,13,0,13,富邦-新店,2023-05-03,9661
00633L,富邦上証正2,13,0,13,富邦-新店,2023-05-03,9661
8085,福華,15,2,13,富邦-新店,2023-05-03,9661
00632R,元大台灣50反1,300,0,300,富邦-新店,2023-05-04,9661
00715L,期街口布蘭特正2,210,6,204,富邦-新店,2023-05-04,9661
3005,神基,184,12,172,富邦-新店,2023-05-04,9661
00878,國泰永續高股息,177,26,151,富邦-新店,2023-05-04,9661
2344,華邦電,108,1,107,富邦-新店,2023-05-04,9661
00900,富邦特選高股息30,114,29,85,富邦-新店,2023-05-04,9661
00712,復華富時不動產,71,2,69,富邦-新店,2023-05-04,9661
5469,瀚宇博,65,0,65,富邦-新店,2023-05-04,9661
00720B,元大投資級公司債,68,6,62,富邦-新店,2023-05-04,9661
00751B,元大AAA至A公司債,51,0,51,富邦-新店,2023-05-04,9661
6160,欣技,74,26,48,富邦-新店,2023-05-04,9661
00642U,期元大S＆P石油,67,20,47,富邦-新店,2023-05-04,9661
6167,久正,59,14,45,富邦-新店,2023-05-04,9661
9955,佳龍,51,6,45,富邦-新店,2023-05-04,9661
4129,聯合,42,2,40,富邦-新店,2023-05-04,9661
00679B,元大美債20年,52,13,39,富邦-新店,2023-05-04,9661
8390,金益鼎,36,0,36,富邦-新店,2023-05-04,9661
2634,漢翔,111,76,35,富邦-新店,2023-05-04,9661
1104,環泥,35,0,35,富邦-新店,2023-05-04,9661
00680L,元大美債20正2,32,5,27,富邦-新店,2023-05-04,9661
4541,晟田,46,19,27,富邦-新店,2023-05-04,9661
00885,富邦越南,23,0,23,富邦-新店,2023-05-04,9661
8086,宏捷科,23,0,23,富邦-新店,2023-05-04,9661
00683L,期元大美元指正2,22,0,22,富邦-新店,2023-05-04,9661
6244,茂迪,28,7,21,富邦-新店,2023-05-04,9661
2609,陽明,23,3,20,富邦-新店,2023-05-04,9661
1514,亞力,35,15,20,富邦-新店,2023-05-04,9661
3011,今皓,20,0,20,富邦-新店,2023-05-04,9661
3078,僑威,34,15,19,富邦-新店,2023-05-04,9661
6282,康舒,28,10,18,富邦-新店,2023-05-04,9661
5483,中美晶,18,0,18,富邦-新店,2023-05-04,9661
4121,優盛,102,84,18,富邦-新店,2023-05-04,9661
6548,長科*,20,2,18,富邦-新店,2023-05-04,9661
00713,元大台灣高息低波,20,5,15,富邦-新店,2023-05-04,9661
3591,艾笛森,15,0,15,富邦-新店,2023-05-04,9661
8171,天宇,14,0,14,富邦-新店,2023-05-04,9661
1471,首利,19,5,14,富邦-新店,2023-05-04,9661
5608,四維航,14,0,14,富邦-新店,2023-05-04,9661
2208,台船,16,3,13,富邦-新店,2023-05-04,9661
2204,中華,13,0,13,富邦-新店,2023-05-04,9661
5371,中光電,14,1,13,富邦-新店,2023-05-04,9661
2409,友達,15,2,13,富邦-新店,2023-05-04,9661
2353,宏��,12,0,12,富邦-新店,2023-05-04,9661
3047,訊舟,12,0,12,富邦-新店,2023-05-04,9661
3712,永崴投控,22,10,12,富邦-新店,2023-05-04,9661
2002,中鋼,23,11,12,富邦-新店,2023-05-04,9661
6589,台康生技,20,9,11,富邦-新店,2023-05-04,9661
6111,大宇資,62,51,11,富邦-新店,2023-05-04,9661
2480,敦陽科,18,7,11,富邦-新店,2023-05-04,9661
8081,致新,11,0,11,富邦-新店,2023-05-04,9661
6125,廣運,96,2,94,富邦-新店,2023-05-05,9661
2353,宏��,93,27,66,富邦-新店,2023-05-05,9661
6160,欣技,120,60,60,富邦-新店,2023-05-05,9661
1529,樂事綠能,131,72,59,富邦-新店,2023-05-05,9661
00878,國泰永續高股息,59,2,57,富邦-新店,2023-05-05,9661
00715L,期街口布蘭特正2,57,3,54,富邦-新店,2023-05-05,9661
00720B,元大投資級公司債,51,0,51,富邦-新店,2023-05-05,9661
00679B,元大美債20年,51,1,50,富邦-新店,2023-05-05,9661
2801,彰銀,50,4,46,富邦-新店,2023-05-05,9661
2606,裕民,44,2,42,富邦-新店,2023-05-05,9661
2538,基泰,40,0,40,富邦-新店,2023-05-05,9661
3049,精金,36,1,35,富邦-新店,2023-05-05,9661
5488,松普,35,0,35,富邦-新店,2023-05-05,9661
1104,環泥,37,3,34,富邦-新店,2023-05-05,9661
6244,茂迪,73,40,33,富邦-新店,2023-05-05,9661
5009,榮剛,71,38,33,富邦-新店,2023-05-05,9661
00772B,中信高評級公司債,32,2,30,富邦-新店,2023-05-05,9661
00642U,期元大S＆P石油,27,0,27,富邦-新店,2023-05-05,9661
1721,三晃,37,11,26,富邦-新店,2023-05-05,9661
2468,華經,25,0,25,富邦-新店,2023-05-05,9661
8215,明基材,29,5,24,富邦-新店,2023-05-05,9661
00751B,元大AAA至A公司債,21,0,21,富邦-新店,2023-05-05,9661
2897,王道銀行,21,0,21,富邦-新店,2023-05-05,9661
2312,金寶,21,0,21,富邦-新店,2023-05-05,9661
6806,森崴能源,27,7,20,富邦-新店,2023-05-05,9661
00717,富邦美國特別股,20,0,20,富邦-新店,2023-05-05,9661
3591,艾笛森,40,20,20,富邦-新店,2023-05-05,9661
00885,富邦越南,21,1,20,富邦-新店,2023-05-05,9661
00637L,元大滬深300正2,105,86,19,富邦-新店,2023-05-05,9661
4111,濟生,25,6,19,富邦-新店,2023-05-05,9661
00752,中信中國50,20,1,19,富邦-新店,2023-05-05,9661
2471,資通,32,13,19,富邦-新店,2023-05-05,9661
2634,漢翔,85,67,18,富邦-新店,2023-05-05,9661
6163,華電網,18,0,18,富邦-新店,2023-05-05,9661
2913,農林,25,7,18,富邦-新店,2023-05-05,9661
1810,和成,85,69,16,富邦-新店,2023-05-05,9661
6234,高僑,28,12,16,富邦-新店,2023-05-05,9661
6470,宇智,17,1,16,富邦-新店,2023-05-05,9661
6770,力積電,21,6,15,富邦-新店,2023-05-05,9661
2609,陽明,50,36,14,富邦-新店,2023-05-05,9661
2358,廷鑫,15,1,14,富邦-新店,2023-05-05,9661
3078,僑威,37,23,14,富邦-新店,2023-05-05,9661
00712,復華富時不動產,32,19,13,富邦-新店,2023-05-05,9661
3035,智原,18,5,13,富邦-新店,2023-05-05,9661
6589,台康生技,26,13,13,富邦-新店,2023-05-05,9661
4744,皇將,13,1,12,富邦-新店,2023-05-05,9661
3005,神基,39,28,11,富邦-新店,2023-05-05,9661
6712,長聖,11,0,11,富邦-新店,2023-05-05,9661
2610,華航,15,4,11,富邦-新店,2023-05-05,9661
8222,寶一,19,8,11,富邦-新店,2023-05-05,9661
00878,國泰永續高股息,172,12,160,富邦-新店,2023-05-08,9661
3481,群創,127,0,127,富邦-新店,2023-05-08,9661
1605,華新,110,17,93,富邦-新店,2023-05-08,9661
2614,東森,77,0,77,富邦-新店,2023-05-08,9661
3025,星通,89,13,76,富邦-新店,2023-05-08,9661
3545,敦泰,73,10,63,富邦-新店,2023-05-08,9661
3338,泰碩,65,2,63,富邦-新店,2023-05-08,9661
5439,高技,50,1,49,富邦-新店,2023-05-08,9661
00720B,元大投資級公司債,48,2,46,富邦-新店,2023-05-08,9661
2883,凱基金,62,20,42,富邦-新店,2023-05-08,9661
2409,友達,41,1,40,富邦-新店,2023-05-08,9661
3325,旭品,40,1,39,富邦-新店,2023-05-08,9661
00712,復華富時不動產,45,7,38,富邦-新店,2023-05-08,9661
2609,陽明,39,2,37,富邦-新店,2023-05-08,9661
2482,連宇,87,51,36,富邦-新店,2023-05-08,9661
2515,中工,52,16,36,富邦-新店,2023-05-08,9661
6234,高僑,38,3,35,富邦-新店,2023-05-08,9661
3664,安瑞-KY,30,0,30,富邦-新店,2023-05-08,9661
1589,永冠-KY,35,5,30,富邦-新店,2023-05-08,9661
3703,欣陸,43,15,28,富邦-新店,2023-05-08,9661
6285,啟��,27,0,27,富邦-新店,2023-05-08,9661
8390,金益鼎,27,0,27,富邦-新店,2023-05-08,9661
6245,立端,30,3,27,富邦-新店,2023-05-08,9661
2468,華經,59,33,26,富邦-新店,2023-05-08,9661
1503,士電,57,30,27,富邦-新店,2023-05-08,9661
4763,材料-KY,31,7,24,富邦-新店,2023-05-08,9661
00751B,元大AAA至A公司債,23,0,23,富邦-新店,2023-05-08,9661
2208,台船,26,3,23,富邦-新店,2023-05-08,9661
00679B,元大美債20年,22,0,22,富邦-新店,2023-05-08,9661
9933,中鼎,23,3,20,富邦-新店,2023-05-08,9661
00688L,國泰20年美債正2,20,0,20,富邦-新店,2023-05-08,9661
9941,裕融,19,0,19,富邦-新店,2023-05-08,9661
8033,雷虎,42,24,18,富邦-新店,2023-05-08,9661
4111,濟生,18,0,18,富邦-新店,2023-05-08,9661
2303,聯電,38,20,18,富邦-新店,2023-05-08,9661
00772B,中信高評級公司債,17,0,17,富邦-新店,2023-05-08,9661
8086,宏捷科,17,0,17,富邦-新店,2023-05-08,9661
2883B,凱基金乙特,17,0,17,富邦-新店,2023-05-08,9661
2317,鴻海,21,4,17,富邦-新店,2023-05-08,9661
1731,美吾華,15,0,15,富邦-新店,2023-05-08,9661
6218,豪勉,17,2,15,富邦-新店,2023-05-08,9661
6548,長科*,15,0,15,富邦-新店,2023-05-08,9661
8070,長華*,15,0,15,富邦-新店,2023-05-08,9661
00642U,期元大S＆P石油,21,7,14,富邦-新店,2023-05-08,9661
006208,富邦台50,16,3,13,富邦-新店,2023-05-08,9661
1513,中興電,55,42,13,富邦-新店,2023-05-08,9661
3014,聯陽,16,3,13,富邦-新店,2023-05-08,9661
6116,彩晶,15,2,13,富邦-新店,2023-05-08,9661
4714,永捷,13,0,13,富邦-新店,2023-05-08,9661
1529,樂事綠能,30,17,13,富邦-新店,2023-05-08,9661
00772B,中信高評級公司債,156,0,156,富邦-新店,2023-05-09,9661
00687B,國泰20年美債,142,0,142,富邦-新店,2023-05-09,9661
8171,天宇,97,0,97,富邦-新店,2023-05-09,9661
00878,國泰永續高股息,81,9,72,富邦-新店,2023-05-09,9661
00715L,期街口布蘭特正2,71,4,67,富邦-新店,2023-05-09,9661
3481,群創,66,13,53,富邦-新店,2023-05-09,9661
2312,金寶,50,0,50,富邦-新店,2023-05-09,9661
00720B,元大投資級公司債,48,0,48,富邦-新店,2023-05-09,9661
5371,中光電,45,1,44,富邦-新店,2023-05-09,9661
1905,華紙,122,82,40,富邦-新店,2023-05-09,9661
00680L,元大美債20正2,38,0,38,富邦-新店,2023-05-09,9661
1605,華新,60,22,38,富邦-新店,2023-05-09,9661
6182,合晶,37,0,37,富邦-新店,2023-05-09,9661
6244,茂迪,84,52,32,富邦-新店,2023-05-09,9661
00673R,期元大S＆P原油反1,31,0,31,富邦-新店,2023-05-09,9661
1455,集盛,30,0,30,富邦-新店,2023-05-09,9661
5531,鄉林,30,0,30,富邦-新店,2023-05-09,9661
3576,聯合再生,48,18,30,富邦-新店,2023-05-09,9661
3231,緯創,41,11,30,富邦-新店,2023-05-09,9661
1519,華城,74,47,27,富邦-新店,2023-05-09,9661
8440,綠電,27,0,27,富邦-新店,2023-05-09,9661
3324,雙鴻,31,5,26,富邦-新店,2023-05-09,9661
1513,中興電,73,47,26,富邦-新店,2023-05-09,9661
1529,樂事綠能,32,7,25,富邦-新店,2023-05-09,9661
8436,大江,27,3,24,富邦-新店,2023-05-09,9661
1609,大亞,39,16,23,富邦-新店,2023-05-09,9661
8930,青鋼,22,0,22,富邦-新店,2023-05-09,9661
0056,元大高股息,26,4,22,富邦-新店,2023-05-09,9661
5864,致和證,22,1,21,富邦-新店,2023-05-09,9661
00696B,富邦美債20年,21,0,21,富邦-新店,2023-05-09,9661
1409,新纖,21,0,21,富邦-新店,2023-05-09,9661
2634,漢翔,78,58,20,富邦-新店,2023-05-09,9661
1101,台泥,41,21,20,富邦-新店,2023-05-09,9661
00751B,元大AAA至A公司債,18,0,18,富邦-新店,2023-05-09,9661
3703,欣陸,18,0,18,富邦-新店,2023-05-09,9661
6109,亞元,16,0,16,富邦-新店,2023-05-09,9661
3483,力致,65,49,16,富邦-新店,2023-05-09,9661
00712,復華富時不動產,17,1,16,富邦-新店,2023-05-09,9661
8033,雷虎,28,13,15,富邦-新店,2023-05-09,9661
2468,華經,32,17,15,富邦-新店,2023-05-09,9661
3062,建漢,15,0,15,富邦-新店,2023-05-09,9661
2801,彰銀,19,4,15,富邦-新店,2023-05-09,9661
3027,盛達,40,25,15,富邦-新店,2023-05-09,9661
3037,欣興,35,20,15,富邦-新店,2023-05-09,9661
5469,瀚宇博,21,7,14,富邦-新店,2023-05-09,9661
4541,晟田,18,4,14,富邦-新店,2023-05-09,9661
2609,陽明,15,2,13,富邦-新店,2023-05-09,9661
6136,富爾特,13,0,13,富邦-新店,2023-05-09,9661
6142,友勁,13,0,13,富邦-新店,2023-05-09,9661
8261,富鼎,13,0,13,富邦-新店,2023-05-09,9661
00637L,元大滬深300正2,225,0,225,富邦-新店,2023-05-10,9661
2330,台積電,226,5,221,富邦-新店,2023-05-10,9661
00878,國泰永續高股息,200,0,200,富邦-新店,2023-05-10,9661
1609,大亞,142,35,107,富邦-新店,2023-05-10,9661
3202,樺晟,111,28,83,富邦-新店,2023-05-10,9661
1810,和成,65,11,54,富邦-新店,2023-05-10,9661
00687B,國泰20年美債,51,0,51,富邦-新店,2023-05-10,9661
2303,聯電,45,3,42,富邦-新店,2023-05-10,9661
3231,緯創,63,23,40,富邦-新店,2023-05-10,9661
00679B,元大美債20年,37,0,37,富邦-新店,2023-05-10,9661
4162,智擎,30,0,30,富邦-新店,2023-05-10,9661
2399,映泰,30,0,30,富邦-新店,2023-05-10,9661
2882,國泰金,33,3,30,富邦-新店,2023-05-10,9661
00888,永豐台灣ESG,29,0,29,富邦-新店,2023-05-10,9661
8222,寶一,49,21,28,富邦-新店,2023-05-10,9661
00680L,元大美債20正2,27,0,27,富邦-新店,2023-05-10,9661
0056,元大高股息,28,3,25,富邦-新店,2023-05-10,9661
2393,億光,25,1,24,富邦-新店,2023-05-10,9661
00713,元大台灣高息低波,22,1,21,富邦-新店,2023-05-10,9661
3481,群創,24,4,20,富邦-新店,2023-05-10,9661
6109,亞元,20,0,20,富邦-新店,2023-05-10,9661
00753L,中信中國50正2,19,0,19,富邦-新店,2023-05-10,9661
3712,永崴投控,21,2,19,富邦-新店,2023-05-10,9661
2891,中信金,19,1,18,富邦-新店,2023-05-10,9661
4173,久裕,21,3,18,富邦-新店,2023-05-10,9661
2109,華豐,18,0,18,富邦-新店,2023-05-10,9661
8097,常珵,24,6,18,富邦-新店,2023-05-10,9661
3071,協禧,31,14,17,富邦-新店,2023-05-10,9661
2888,新光金,22,5,17,富邦-新店,2023-05-10,9661
1519,華城,27,10,17,富邦-新店,2023-05-10,9661
00772B,中信高評級公司債,16,0,16,富邦-新店,2023-05-10,9661
00633L,富邦上証正2,16,0,16,富邦-新店,2023-05-10,9661
8930,青鋼,27,11,16,富邦-新店,2023-05-10,9661
00664R,國泰臺灣加權反1,15,0,15,富邦-新店,2023-05-10,9661
5864,致和證,31,16,15,富邦-新店,2023-05-10,9661
3576,聯合再生,20,6,14,富邦-新店,2023-05-10,9661
6112,邁達特,25,11,14,富邦-新店,2023-05-10,9661
1503,士電,15,3,12,富邦-新店,2023-05-10,9661
2605,新興,13,1,12,富邦-新店,2023-05-10,9661
00923,群益台ESG低碳50,17,5,12,富邦-新店,2023-05-10,9661
1760,寶齡富錦,16,4,12,富邦-新店,2023-05-10,9661
2916,滿心,12,0,12,富邦-新店,2023-05-10,9661
8940,新天地,14,2,12,富邦-新店,2023-05-10,9661
1314,中石化,11,0,11,富邦-新店,2023-05-10,9661
2208,台船,11,0,11,富邦-新店,2023-05-10,9661
5469,瀚宇博,11,0,11,富邦-新店,2023-05-10,9661
6182,合晶,15,4,11,富邦-新店,2023-05-10,9661
00751B,元大AAA至A公司債,10,0,10,富邦-新店,2023-05-10,9661
9943,好樂迪,10,0,10,富邦-新店,2023-05-10,9661
6218,豪勉,11,1,10,富邦-新店,2023-05-10,9661
00687B,國泰20年美債,161,0,161,富邦-新店,2023-05-11,9661
00795B,中信美國公債20年,140,0,140,富邦-新店,2023-05-11,9661
3481,群創,82,0,82,富邦-新店,2023-05-11,9661
2027,大成鋼,56,1,55,富邦-新店,2023-05-11,9661
3548,兆利,49,1,48,富邦-新店,2023-05-11,9661
3032,偉訓,44,0,44,富邦-新店,2023-05-11,9661
2609,陽明,45,2,43,富邦-新店,2023-05-11,9661
1609,大亞,65,25,40,富邦-新店,2023-05-11,9661
8171,天宇,42,3,39,富邦-新店,2023-05-11,9661
9907,統一實,37,0,37,富邦-新店,2023-05-11,9661
00720B,元大投資級公司債,34,0,34,富邦-新店,2023-05-11,9661
8383,千附,33,0,33,富邦-新店,2023-05-11,9661
0056,元大高股息,34,4,30,富邦-新店,2023-05-11,9661
6191,精成科,30,0,30,富邦-新店,2023-05-11,9661
1337,再生-KY,30,0,30,富邦-新店,2023-05-11,9661
5864,致和證,25,0,25,富邦-新店,2023-05-11,9661
6167,久正,38,15,23,富邦-新店,2023-05-11,9661
00674R,期元大S＆P黃金反1,22,0,22,富邦-新店,2023-05-11,9661
2834,臺企銀,21,0,21,富邦-新店,2023-05-11,9661
3346,麗清,21,0,21,富邦-新店,2023-05-11,9661
2641,正德,20,0,20,富邦-新店,2023-05-11,9661
2535,達欣工,25,5,20,富邦-新店,2023-05-11,9661
5469,瀚宇博,20,0,20,富邦-新店,2023-05-11,9661
00654R,富邦印度反1,20,0,20,富邦-新店,2023-05-11,9661
4114,健喬,29,10,19,富邦-新店,2023-05-11,9661
2317,鴻海,26,7,19,富邦-新店,2023-05-11,9661
00882,中信中國高股息,18,0,18,富邦-新店,2023-05-11,9661
2538,基泰,18,0,18,富邦-新店,2023-05-11,9661
3576,聯合再生,20,2,18,富邦-新店,2023-05-11,9661
1905,華紙,20,3,17,富邦-新店,2023-05-11,9661
8403,盛弘,20,3,17,富邦-新店,2023-05-11,9661
2892,第一金,16,1,15,富邦-新店,2023-05-11,9661
8059,凱碩,15,0,15,富邦-新店,2023-05-11,9661
2303,聯電,16,1,15,富邦-新店,2023-05-11,9661
2913,農林,15,0,15,富邦-新店,2023-05-11,9661
1101,台泥,27,13,14,富邦-新店,2023-05-11,9661
6234,高僑,22,8,14,富邦-新店,2023-05-11,9661
2610,華航,31,17,14,富邦-新店,2023-05-11,9661
2542,興富發,58,44,14,富邦-新店,2023-05-11,9661
8926,台汽電,13,0,13,富邦-新店,2023-05-11,9661
00713,元大台灣高息低波,14,1,13,富邦-新店,2023-05-11,9661
1721,三晃,27,14,13,富邦-新店,2023-05-11,9661
6109,亞元,15,2,13,富邦-新店,2023-05-11,9661
3230,錦明,12,0,12,富邦-新店,2023-05-11,9661
3710,連展投控,12,0,12,富邦-新店,2023-05-11,9661
4133,亞諾法,12,0,12,富邦-新店,2023-05-11,9661
2323,中環,11,0,11,富邦-新店,2023-05-11,9661
8112,至上,11,0,11,富邦-新店,2023-05-11,9661
6274,台燿,10,0,10,富邦-新店,2023-05-11,9661
5484,慧友,10,0,10,富邦-新店,2023-05-11,9661
00687B,國泰20年美債,151,4,147,富邦-新店,2023-05-12,9661
00715L,期街口布蘭特正2,105,2,103,富邦-新店,2023-05-12,9661
1905,華紙,85,5,80,富邦-新店,2023-05-12,9661
2882,國泰金,75,5,70,富邦-新店,2023-05-12,9661
00637L,元大滬深300正2,75,16,59,富邦-新店,2023-05-12,9661
2888,新光金,54,0,54,富邦-新店,2023-05-12,9661
6139,亞翔,93,39,54,富邦-新店,2023-05-12,9661
1504,東元,56,5,51,富邦-新店,2023-05-12,9661
2535,達欣工,40,2,38,富邦-新店,2023-05-12,9661
00888,永豐台灣ESG,36,0,36,富邦-新店,2023-05-12,9661
0056,元大高股息,47,12,35,富邦-新店,2023-05-12,9661
3029,零壹,42,10,32,富邦-新店,2023-05-12,9661
1727,中華化,30,0,30,富邦-新店,2023-05-12,9661
2891,中信金,29,0,29,富邦-新店,2023-05-12,9661
2317,鴻海,73,45,28,富邦-新店,2023-05-12,9661
2027,大成鋼,23,0,23,富邦-新店,2023-05-12,9661
00896,中信綠能及電動車,22,0,22,富邦-新店,2023-05-12,9661
2881,富邦金,23,1,22,富邦-新店,2023-05-12,9661
1514,亞力,27,5,22,富邦-新店,2023-05-12,9661
1101,台泥,24,3,21,富邦-新店,2023-05-12,9661
6239,力成,20,1,19,富邦-新店,2023-05-12,9661
2105,正新,20,1,19,富邦-新店,2023-05-12,9661
2453,凌群,22,4,18,富邦-新店,2023-05-12,9661
2606,裕民,22,4,18,富邦-新店,2023-05-12,9661
3481,群創,35,18,17,富邦-新店,2023-05-12,9661
4533,協易機,37,20,17,富邦-新店,2023-05-12,9661
3576,聯合再生,21,4,17,富邦-新店,2023-05-12,9661
2409,友達,27,10,17,富邦-新店,2023-05-12,9661
6126,信音,18,2,16,富邦-新店,2023-05-12,9661
3078,僑威,41,25,16,富邦-新店,2023-05-12,9661
2022,聚亨,15,0,15,富邦-新店,2023-05-12,9661
1608,華榮,20,5,15,富邦-新店,2023-05-12,9661
4967,十銓,30,16,14,富邦-新店,2023-05-12,9661
6615,慧智,14,0,14,富邦-新店,2023-05-12,9661
1762,中化生,44,30,14,富邦-新店,2023-05-12,9661
5864,致和證,14,0,14,富邦-新店,2023-05-12,9661
6570,維田,67,53,14,富邦-新店,2023-05-12,9661
1712,興農,13,0,13,富邦-新店,2023-05-12,9661
1108,幸福,12,0,12,富邦-新店,2023-05-12,9661
2356,英業達,14,2,12,富邦-新店,2023-05-12,9661
4743,合一,17,6,11,富邦-新店,2023-05-12,9661
4303,信立,11,0,11,富邦-新店,2023-05-12,9661
1218,泰山,11,0,11,富邦-新店,2023-05-12,9661
00753L,中信中國50正2,37,26,11,富邦-新店,2023-05-12,9661
6282,康舒,17,6,11,富邦-新店,2023-05-12,9661
5483,中美晶,10,0,10,富邦-新店,2023-05-12,9661
3447,展達,10,0,10,富邦-新店,2023-05-12,9661
2443,昶虹,10,0,10,富邦-新店,2023-05-12,9661
1447,力鵬,10,0,10,富邦-新店,2023-05-12,9661
1742,台蠟,30,20,10,富邦-新店,2023-05-12,9661
00878,國泰永續高股息,575,50,525,富邦-新店,2023-05-15,9661
5465,富驊,90,5,85,富邦-新店,2023-05-15,9661
2027,大成鋼,82,22,60,富邦-新店,2023-05-15,9661
1210,大成,48,0,48,富邦-新店,2023-05-15,9661
2382,廣達,55,9,46,富邦-新店,2023-05-15,9661
00687B,國泰20年美債,43,0,43,富邦-新店,2023-05-15,9661
3231,緯創,65,24,41,富邦-新店,2023-05-15,9661
3715,定穎投控,62,22,40,富邦-新店,2023-05-15,9661
2634,漢翔,43,4,39,富邦-新店,2023-05-15,9661
5498,凱崴,48,10,38,富邦-新店,2023-05-15,9661
3032,偉訓,39,2,37,富邦-新店,2023-05-15,9661
1101,台泥,46,9,37,富邦-新店,2023-05-15,9661
5905,南仁湖,40,3,37,富邦-新店,2023-05-15,9661
2317,鴻海,38,1,37,富邦-新店,2023-05-15,9661
00679B,元大美債20年,41,5,36,富邦-新店,2023-05-15,9661
3481,群創,35,3,32,富邦-新店,2023-05-15,9661
2542,興富發,37,5,32,富邦-新店,2023-05-15,9661
2880,華南金,37,10,27,富邦-新店,2023-05-15,9661
00715L,期街口布蘭特正2,27,0,27,富邦-新店,2023-05-15,9661
2303,聯電,47,21,26,富邦-新店,2023-05-15,9661
00690,兆豐藍籌30,26,0,26,富邦-新店,2023-05-15,9661
6596,寬宏藝術,23,0,23,富邦-新店,2023-05-15,9661
5706,鳳凰,47,25,22,富邦-新店,2023-05-15,9661
5258,虹堡,32,10,22,富邦-新店,2023-05-15,9661
3576,聯合再生,23,2,21,富邦-新店,2023-05-15,9661
0056,元大高股息,31,10,21,富邦-新店,2023-05-15,9661
2331,精英,41,21,20,富邦-新店,2023-05-15,9661
3046,建��,25,5,20,富邦-新店,2023-05-15,9661
1324,地球,20,0,20,富邦-新店,2023-05-15,9661
1432,大魯閣,20,1,19,富邦-新店,2023-05-15,9661
8097,常珵,19,0,19,富邦-新店,2023-05-15,9661
2402,毅嘉,22,3,19,富邦-新店,2023-05-15,9661
00674R,期元大S＆P黃金反1,20,2,18,富邦-新店,2023-05-15,9661
2356,英業達,74,56,18,富邦-新店,2023-05-15,9661
5871,中租-KY,20,3,17,富邦-新店,2023-05-15,9661
8033,雷虎,26,9,17,富邦-新店,2023-05-15,9661
2618,長榮航,74,57,17,富邦-新店,2023-05-15,9661
00720B,元大投資級公司債,15,0,15,富邦-新店,2023-05-15,9661
1568,倉佑,15,0,15,富邦-新店,2023-05-15,9661
2393,億光,16,1,15,富邦-新店,2023-05-15,9661
00882,中信中國高股息,14,0,14,富邦-新店,2023-05-15,9661
8183,精星,18,4,14,富邦-新店,2023-05-15,9661
2312,金寶,14,0,14,富邦-新店,2023-05-15,9661
3224,三顧,44,31,13,富邦-新店,2023-05-15,9661
2392,正崴,15,2,13,富邦-新店,2023-05-15,9661
5340,建榮,13,0,13,富邦-新店,2023-05-15,9661
2603,長榮,18,5,13,富邦-新店,2023-05-15,9661
1605,華新,18,6,12,富邦-新店,2023-05-15,9661
4114,健喬,13,1,12,富邦-新店,2023-05-15,9661
00772B,中信高評級公司債,12,1,11,富邦-新店,2023-05-15,9661
00632R,元大台灣50反1,120,0,120,富邦-新店,2023-05-16,9661
2323,中環,167,51,116,富邦-新店,2023-05-16,9661
00712,復華富時不動產,124,30,94,富邦-新店,2023-05-16,9661
5880,合庫金,90,5,85,富邦-新店,2023-05-16,9661
1316,上曜,56,0,56,富邦-新店,2023-05-16,9661
00772B,中信高評級公司債,51,0,51,富邦-新店,2023-05-16,9661
00720B,元大投資級公司債,47,3,44,富邦-新店,2023-05-16,9661
3202,樺晟,38,0,38,富邦-新店,2023-05-16,9661
3363,上詮,65,34,31,富邦-新店,2023-05-16,9661
1609,大亞,99,68,31,富邦-新店,2023-05-16,9661
1104,環泥,41,11,30,富邦-新店,2023-05-16,9661
6160,欣技,69,39,30,富邦-新店,2023-05-16,9661
9928,中視,30,0,30,富邦-新店,2023-05-16,9661
00751B,元大AAA至A公司債,30,0,30,富邦-新店,2023-05-16,9661
1612,宏泰,25,2,23,富邦-新店,2023-05-16,9661
2201,裕隆,74,52,22,富邦-新店,2023-05-16,9661
00680L,元大美債20正2,20,0,20,富邦-新店,2023-05-16,9661
00654R,富邦印度反1,20,0,20,富邦-新店,2023-05-16,9661
00713,元大台灣高息低波,23,4,19,富邦-新店,2023-05-16,9661
1762,中化生,27,8,19,富邦-新店,2023-05-16,9661
2014,中鴻,22,3,19,富邦-新店,2023-05-16,9661
1337,再生-KY,25,7,18,富邦-新店,2023-05-16,9661
6282,康舒,21,4,17,富邦-新店,2023-05-16,9661
2313,華通,17,0,17,富邦-新店,2023-05-16,9661
8048,德勝,19,3,16,富邦-新店,2023-05-16,9661
2002,中鋼,17,2,15,富邦-新店,2023-05-16,9661
5469,瀚宇博,17,3,14,富邦-新店,2023-05-16,9661
2359,所羅門,13,0,13,富邦-新店,2023-05-16,9661
3029,零壹,14,2,12,富邦-新店,2023-05-16,9661
2449,京元電子,12,0,12,富邦-新店,2023-05-16,9661
2371,大同,26,15,11,富邦-新店,2023-05-16,9661
3078,僑威,47,36,11,富邦-新店,2023-05-16,9661
2603,長榮,12,1,11,富邦-新店,2023-05-16,9661
00690,兆豐藍籌30,10,0,10,富邦-新店,2023-05-16,9661
2338,光罩,11,1,10,富邦-新店,2023-05-16,9661
1809,中釉,10,0,10,富邦-新店,2023-05-16,9661
00761B,國泰A級公司債,10,0,10,富邦-新店,2023-05-16,9661
6148,驊宏資,10,0,10,富邦-新店,2023-05-16,9661
8054,安國,10,0,10,富邦-新店,2023-05-16,9661
2535,達欣工,10,0,10,富邦-新店,2023-05-16,9661
3231,緯創,16,6,10,富邦-新店,2023-05-16,9661
2317,鴻海,24,14,10,富邦-新店,2023-05-16,9661
2337,旺宏,11,2,9,富邦-新店,2023-05-16,9661
6752,叡揚,9,0,9,富邦-新店,2023-05-16,9661
5529,鉅陞,9,0,9,富邦-新店,2023-05-16,9661
2206,三陽工業,50,42,8,富邦-新店,2023-05-16,9661
1608,華榮,22,14,8,富邦-新店,2023-05-16,9661
5225,東科-KY,17,9,8,富邦-新店,2023-05-16,9661
6218,豪勉,28,20,8,富邦-新店,2023-05-16,9661
3014,聯陽,11,3,8,富邦-新店,2023-05-16,9661
00632R,元大台灣50反1,648,0,648,富邦-新店,2023-05-17,9661
3704,合勤控,117,52,65,富邦-新店,2023-05-17,9661
00720B,元大投資級公司債,56,0,56,富邦-新店,2023-05-17,9661
00637L,元大滬深300正2,53,0,53,富邦-新店,2023-05-17,9661
2495,普安,49,2,47,富邦-新店,2023-05-17,9661
6596,寬宏藝術,48,1,47,富邦-新店,2023-05-17,9661
8222,寶一,89,43,46,富邦-新店,2023-05-17,9661
00687B,國泰20年美債,37,0,37,富邦-新店,2023-05-17,9661
00679B,元大美債20年,39,2,37,富邦-新店,2023-05-17,9661
6285,啟��,50,14,36,富邦-新店,2023-05-17,9661
00920,富邦ESG綠色電力,36,0,36,富邦-新店,2023-05-17,9661
2610,華航,45,11,34,富邦-新店,2023-05-17,9661
1721,三晃,51,20,31,富邦-新店,2023-05-17,9661
00751B,元大AAA至A公司債,31,0,31,富邦-新店,2023-05-17,9661
00712,復華富時不動產,26,0,26,富邦-新店,2023-05-17,9661
00680L,元大美債20正2,24,0,24,富邦-新店,2023-05-17,9661
1584,精剛,40,17,23,富邦-新店,2023-05-17,9661
3264,欣銓,25,2,23,富邦-新店,2023-05-17,9661
6752,叡揚,23,0,23,富邦-新店,2023-05-17,9661
1104,環泥,27,4,23,富邦-新店,2023-05-17,9661
3363,上詮,39,17,22,富邦-新店,2023-05-17,9661
6138,茂達,22,0,22,富邦-新店,2023-05-17,9661
00725B,國泰投資級公司債,21,0,21,富邦-新店,2023-05-17,9661
00688L,國泰20年美債正2,21,0,21,富邦-新店,2023-05-17,9661
8033,雷虎,30,9,21,富邦-新店,2023-05-17,9661
1616,億泰,20,0,20,富邦-新店,2023-05-17,9661
3290,東浦,20,0,20,富邦-新店,2023-05-17,9661
3703,欣陸,20,0,20,富邦-新店,2023-05-17,9661
1513,中興電,37,18,19,富邦-新店,2023-05-17,9661
3078,僑威,28,9,19,富邦-新店,2023-05-17,9661
00877,復華中國5G,19,0,19,富邦-新店,2023-05-17,9661
00772B,中信高評級公司債,18,0,18,富邦-新店,2023-05-17,9661
2323,中環,15,0,15,富邦-新店,2023-05-17,9661
2427,三商電,52,37,15,富邦-新店,2023-05-17,9661
8927,北基,14,0,14,富邦-新店,2023-05-17,9661
6266,泰詠,12,0,12,富邦-新店,2023-05-17,9661
6234,高僑,16,5,11,富邦-新店,2023-05-17,9661
2603,長榮,19,8,11,富邦-新店,2023-05-17,9661
5511,德昌,25,15,10,富邦-新店,2023-05-17,9661
3308,聯德,10,0,10,富邦-新店,2023-05-17,9661
2492,華新科,11,1,10,富邦-新店,2023-05-17,9661
00633L,富邦上証正2,10,0,10,富邦-新店,2023-05-17,9661
2535,達欣工,10,0,10,富邦-新店,2023-05-17,9661
3715,定穎投控,43,33,10,富邦-新店,2023-05-17,9661
00753L,中信中國50正2,10,0,10,富邦-新店,2023-05-17,9661
2641,正德,10,0,10,富邦-新店,2023-05-17,9661
6209,今國光,10,0,10,富邦-新店,2023-05-17,9661
00773B,中信優先金融債,10,0,10,富邦-新店,2023-05-17,9661
2317,鴻海,15,6,9,富邦-新店,2023-05-17,9661
4123,晟德,10,1,9,富邦-新店,2023-05-17,9661
00712,復華富時不動產,153,0,153,富邦-新店,2023-05-18,9661
00632R,元大台灣50反1,427,301,126,富邦-新店,2023-05-18,9661
1514,亞力,128,39,89,富邦-新店,2023-05-18,9661
4744,皇將,123,41,82,富邦-新店,2023-05-18,9661
2834,臺企銀,100,36,64,富邦-新店,2023-05-18,9661
3202,樺晟,74,10,64,富邦-新店,2023-05-18,9661
2630,亞航,103,46,57,富邦-新店,2023-05-18,9661
8261,富鼎,57,1,56,富邦-新店,2023-05-18,9661
5706,鳳凰,111,60,51,富邦-新店,2023-05-18,9661
00720B,元大投資級公司債,41,0,41,富邦-新店,2023-05-18,9661
00650L,復華香港正2,37,0,37,富邦-新店,2023-05-18,9661
6138,茂達,31,0,31,富邦-新店,2023-05-18,9661
00882,中信中國高股息,28,0,28,富邦-新店,2023-05-18,9661
6285,啟��,70,42,28,富邦-新店,2023-05-18,9661
00662,富邦NASDAQ,27,0,27,富邦-新店,2023-05-18,9661
3693,營邦,42,15,27,富邦-新店,2023-05-18,9661
00674R,期元大S＆P黃金反1,30,4,26,富邦-新店,2023-05-18,9661
2633,台灣高鐵,30,6,24,富邦-新店,2023-05-18,9661
2023,燁輝,24,0,24,富邦-新店,2023-05-18,9661
00687B,國泰20年美債,23,0,23,富邦-新店,2023-05-18,9661
4906,正文,27,5,22,富邦-新店,2023-05-18,9661
6288,聯嘉,22,0,22,富邦-新店,2023-05-18,9661
3003,健和興,26,5,21,富邦-新店,2023-05-18,9661
2312,金寶,20,0,20,富邦-新店,2023-05-18,9661
6112,邁達特,141,122,19,富邦-新店,2023-05-18,9661
00753L,中信中國50正2,20,2,18,富邦-新店,2023-05-18,9661
4123,晟德,17,0,17,富邦-新店,2023-05-18,9661
6150,撼訊,17,1,16,富邦-新店,2023-05-18,9661
6752,叡揚,16,0,16,富邦-新店,2023-05-18,9661
3078,僑威,33,18,15,富邦-新店,2023-05-18,9661
00696B,富邦美債20年,15,0,15,富邦-新店,2023-05-18,9661
00772B,中信高評級公司債,16,1,15,富邦-新店,2023-05-18,9661
00900,富邦特選高股息30,24,10,14,富邦-新店,2023-05-18,9661
00676R,富邦臺灣加權反1,14,0,14,富邦-新店,2023-05-18,9661
1504,東元,106,93,13,富邦-新店,2023-05-18,9661
3558,神準,14,1,13,富邦-新店,2023-05-18,9661
00679B,元大美債20年,19,6,13,富邦-新店,2023-05-18,9661
3704,合勤控,54,42,12,富邦-新店,2023-05-18,9661
2402,毅嘉,15,3,12,富邦-新店,2023-05-18,9661
6770,力積電,18,6,12,富邦-新店,2023-05-18,9661
2542,興富發,12,0,12,富邦-新店,2023-05-18,9661
3290,東浦,20,8,12,富邦-新店,2023-05-18,9661
2614,東森,12,0,12,富邦-新店,2023-05-18,9661
6122,擎邦,18,6,12,富邦-新店,2023-05-18,9661
8222,寶一,49,37,12,富邦-新店,2023-05-18,9661
2330,台積電,104,92,12,富邦-新店,2023-05-18,9661
2247,汎德永業,21,9,12,富邦-新店,2023-05-18,9661
2421,建準,59,48,11,富邦-新店,2023-05-18,9661
1584,精剛,73,62,11,富邦-新店,2023-05-18,9661
6148,驊宏資,49,38,11,富邦-新店,2023-05-18,9661
3058,立德,206,6,200,富邦-新店,2023-05-19,9661
6603,富強鑫,110,0,110,富邦-新店,2023-05-19,9661
3709,鑫聯大投控,110,0,110,富邦-新店,2023-05-19,9661
00687B,國泰20年美債,110,0,110,富邦-新店,2023-05-19,9661
5464,霖宏,100,0,100,富邦-新店,2023-05-19,9661
2371,大同,130,36,94,富邦-新店,2023-05-19,9661
2834,臺企銀,83,14,69,富邦-新店,2023-05-19,9661
1514,亞力,70,13,57,富邦-新店,2023-05-19,9661
00720B,元大投資級公司債,54,0,54,富邦-新店,2023-05-19,9661
2515,中工,53,0,53,富邦-新店,2023-05-19,9661
5324,士開,62,10,52,富邦-新店,2023-05-19,9661
3029,零壹,126,79,47,富邦-新店,2023-05-19,9661
1609,大亞,53,15,38,富邦-新店,2023-05-19,9661
00772B,中信高評級公司債,36,0,36,富邦-新店,2023-05-19,9661
3363,上詮,54,19,35,富邦-新店,2023-05-19,9661
6138,茂達,54,20,34,富邦-新店,2023-05-19,9661
5009,榮剛,91,58,33,富邦-新店,2023-05-19,9661
1519,華城,106,76,30,富邦-新店,2023-05-19,9661
6285,啟��,33,6,27,富邦-新店,2023-05-19,9661
00637L,元大滬深300正2,75,48,27,富邦-新店,2023-05-19,9661
2535,達欣工,25,0,25,富邦-新店,2023-05-19,9661
1589,永冠-KY,25,0,25,富邦-新店,2023-05-19,9661
2886,兆豐金,33,8,25,富邦-新店,2023-05-19,9661
3481,群創,325,301,24,富邦-新店,2023-05-19,9661
6288,聯嘉,23,0,23,富邦-新店,2023-05-19,9661
00882,中信中國高股息,23,1,22,富邦-新店,2023-05-19,9661
00751B,元大AAA至A公司債,23,1,22,富邦-新店,2023-05-19,9661
2402,毅嘉,25,5,20,富邦-新店,2023-05-19,9661
00674R,期元大S＆P黃金反1,20,0,20,富邦-新店,2023-05-19,9661
2471,資通,101,81,20,富邦-新店,2023-05-19,9661
2457,飛宏,54,35,19,富邦-新店,2023-05-19,9661
5211,蒙恬,19,0,19,富邦-新店,2023-05-19,9661
5258,虹堡,24,6,18,富邦-新店,2023-05-19,9661
3704,合勤控,18,0,18,富邦-新店,2023-05-19,9661
5439,高技,20,3,17,富邦-新店,2023-05-19,9661
3703,欣陸,16,0,16,富邦-新店,2023-05-19,9661
1605,華新,16,1,15,富邦-新店,2023-05-19,9661
3312,弘憶股,15,0,15,富邦-新店,2023-05-19,9661
2427,三商電,25,10,15,富邦-新店,2023-05-19,9661
3287,廣寰科,15,0,15,富邦-新店,2023-05-19,9661
00679B,元大美債20年,41,26,15,富邦-新店,2023-05-19,9661
8097,常珵,27,13,14,富邦-新店,2023-05-19,9661
2337,旺宏,22,8,14,富邦-新店,2023-05-19,9661
6245,立端,24,10,14,富邦-新店,2023-05-19,9661
00633L,富邦上証正2,17,3,14,富邦-新店,2023-05-19,9661
6122,擎邦,21,7,14,富邦-新店,2023-05-19,9661
2409,友達,20,7,13,富邦-新店,2023-05-19,9661
1712,興農,13,0,13,富邦-新店,2023-05-19,9661
2745,五福,16,3,13,富邦-新店,2023-05-19,9661
3624,光頡,13,0,13,富邦-新店,2023-05-19,9661
9928,中視,161,0,161,富邦-新店,2023-05-22,9661
6282,康舒,214,56,158,富邦-新店,2023-05-22,9661
2303,聯電,96,1,95,富邦-新店,2023-05-22,9661
00885,富邦越南,94,13,81,富邦-新店,2023-05-22,9661
00878,國泰永續高股息,77,25,52,富邦-新店,2023-05-22,9661
00772B,中信高評級公司債,51,1,50,富邦-新店,2023-05-22,9661
2412,中華電,47,0,47,富邦-新店,2023-05-22,9661
00751B,元大AAA至A公司債,51,6,45,富邦-新店,2023-05-22,9661
00687B,國泰20年美債,45,0,45,富邦-新店,2023-05-22,9661
4915,致伸,43,3,40,富邦-新店,2023-05-22,9661
3481,群創,150,114,36,富邦-新店,2023-05-22,9661
5324,士開,32,1,31,富邦-新店,2023-05-22,9661
3037,欣興,38,7,31,富邦-新店,2023-05-22,9661
9105,泰金寶-DR,30,0,30,富邦-新店,2023-05-22,9661
3029,零壹,45,18,27,富邦-新店,2023-05-22,9661
00632R,元大台灣50反1,20,0,20,富邦-新店,2023-05-22,9661
6214,精誠,20,0,20,富邦-新店,2023-05-22,9661
00679B,元大美債20年,78,59,19,富邦-新店,2023-05-22,9661
00712,復華富時不動產,19,0,19,富邦-新店,2023-05-22,9661
00720B,元大投資級公司債,17,0,17,富邦-新店,2023-05-22,9661
2618,長榮航,370,354,16,富邦-新店,2023-05-22,9661
5706,鳳凰,55,39,16,富邦-新店,2023-05-22,9661
2706,第一店,17,2,15,富邦-新店,2023-05-22,9661
2421,建準,28,14,14,富邦-新店,2023-05-22,9661
8076,伍豐,15,1,14,富邦-新店,2023-05-22,9661
3022,威強電,14,0,14,富邦-新店,2023-05-22,9661
00676R,富邦臺灣加權反1,14,0,14,富邦-新店,2023-05-22,9661
4163,鐿鈦,14,1,13,富邦-新店,2023-05-22,9661
2313,華通,13,0,13,富邦-新店,2023-05-22,9661
3443,創意,17,5,12,富邦-新店,2023-05-22,9661
8937,合騏,16,4,12,富邦-新店,2023-05-22,9661
4142,國光生,12,0,12,富邦-新店,2023-05-22,9661
2603,長榮,27,16,11,富邦-新店,2023-05-22,9661
6112,邁達特,42,31,11,富邦-新店,2023-05-22,9661
006208,富邦台50,15,4,11,富邦-新店,2023-05-22,9661
6590,普鴻,12,1,11,富邦-新店,2023-05-22,9661
5225,東科-KY,14,3,11,富邦-新店,2023-05-22,9661
4804,大略-KY,11,0,11,富邦-新店,2023-05-22,9661
6239,力成,11,0,11,富邦-新店,2023-05-22,9661
1519,華城,88,78,10,富邦-新店,2023-05-22,9661
2495,普安,13,3,10,富邦-新店,2023-05-22,9661
6138,茂達,11,1,10,富邦-新店,2023-05-22,9661
6233,旺玖,11,1,10,富邦-新店,2023-05-22,9661
2356,英業達,12,2,10,富邦-新店,2023-05-22,9661
00706L,期元大S＆P日圓正2,10,0,10,富邦-新店,2023-05-22,9661
2439,美律,9,0,9,富邦-新店,2023-05-22,9661
5864,致和證,9,0,9,富邦-新店,2023-05-22,9661
1608,華榮,18,9,9,富邦-新店,2023-05-22,9661
5439,高技,11,2,9,富邦-新店,2023-05-22,9661
6111,大宇資,9,1,8,富邦-新店,2023-05-22,9661
5905,南仁湖,110,1,109,富邦-新店,2023-05-23,9661
00687B,國泰20年美債,113,10,103,富邦-新店,2023-05-23,9661
00632R,元大台灣50反1,76,0,76,富邦-新店,2023-05-23,9661
2637,慧洋-KY,72,1,71,富邦-新店,2023-05-23,9661
2303,聯電,88,18,70,富邦-新店,2023-05-23,9661
5531,鄉林,80,15,65,富邦-新店,2023-05-23,9661
00637L,元大滬深300正2,62,0,62,富邦-新店,2023-05-23,9661
00878,國泰永續高股息,77,19,58,富邦-新店,2023-05-23,9661
00688L,國泰20年美債正2,56,0,56,富邦-新店,2023-05-23,9661
00882,中信中國高股息,46,0,46,富邦-新店,2023-05-23,9661
3078,僑威,109,66,43,富邦-新店,2023-05-23,9661
4157,太景*-KY,40,0,40,富邦-新店,2023-05-23,9661
2457,飛宏,45,9,36,富邦-新店,2023-05-23,9661
8171,天宇,36,0,36,富邦-新店,2023-05-23,9661
00679B,元大美債20年,64,29,35,富邦-新店,2023-05-23,9661
2634,漢翔,135,101,34,富邦-新店,2023-05-23,9661
1514,亞力,45,14,31,富邦-新店,2023-05-23,9661
3033,威健,30,0,30,富邦-新店,2023-05-23,9661
4541,晟田,125,95,30,富邦-新店,2023-05-23,9661
00680L,元大美債20正2,30,0,30,富邦-新店,2023-05-23,9661
2888,新光金,30,0,30,富邦-新店,2023-05-23,9661
2317,鴻海,30,0,30,富邦-新店,2023-05-23,9661
00651R,復華香港反1,25,0,25,富邦-新店,2023-05-23,9661
5880,合庫金,22,1,21,富邦-新店,2023-05-23,9661
2801,彰銀,22,0,22,富邦-新店,2023-05-23,9661
00751B,元大AAA至A公司債,21,0,21,富邦-新店,2023-05-23,9661
6190,萬泰科,21,0,21,富邦-新店,2023-05-23,9661
2705,六福,22,1,21,富邦-新店,2023-05-23,9661
2543,皇昌,20,0,20,富邦-新店,2023-05-23,9661
5534,長虹,20,0,20,富邦-新店,2023-05-23,9661
5439,高技,29,9,20,富邦-新店,2023-05-23,9661
1584,精剛,21,2,19,富邦-新店,2023-05-23,9661
2913,農林,30,11,19,富邦-新店,2023-05-23,9661
5469,瀚宇博,16,0,16,富邦-新店,2023-05-23,9661
8446,華研,17,1,16,富邦-新店,2023-05-23,9661
1513,中興電,80,65,15,富邦-新店,2023-05-23,9661
4137,麗豐-KY,14,0,14,富邦-新店,2023-05-23,9661
2609,陽明,14,1,13,富邦-新店,2023-05-23,9661
6547,高端疫苗,14,1,13,富邦-新店,2023-05-23,9661
8048,德勝,14,1,13,富邦-新店,2023-05-23,9661
1904,正隆,15,2,13,富邦-新店,2023-05-23,9661
00712,復華富時不動產,17,4,13,富邦-新店,2023-05-23,9661
00772B,中信高評級公司債,12,0,12,富邦-新店,2023-05-23,9661
1605,華新,13,1,12,富邦-新店,2023-05-23,9661
6194,育富,12,0,12,富邦-新店,2023-05-23,9661
3552,同致,12,0,12,富邦-新店,2023-05-23,9661
3540,曜越,16,4,12,富邦-新店,2023-05-23,9661
6243,迅杰,11,0,11,富邦-新店,2023-05-23,9661
2371,大同,11,0,11,富邦-新店,2023-05-23,9661
3706,神達,27,17,10,富邦-新店,2023-05-23,9661
4744,皇將,154,50,104,富邦-新店,2023-05-24,9661
00882,中信中國高股息,120,43,77,富邦-新店,2023-05-24,9661
6244,茂迪,70,2,68,富邦-新店,2023-05-24,9661
00687B,國泰20年美債,57,0,57,富邦-新店,2023-05-24,9661
2834,臺企銀,55,1,54,富邦-新店,2023-05-24,9661
00878,國泰永續高股息,136,82,54,富邦-新店,2023-05-24,9661
2883,凱基金,63,12,51,富邦-新店,2023-05-24,9661
00637L,元大滬深300正2,43,4,39,富邦-新店,2023-05-24,9661
1101,台泥,36,0,36,富邦-新店,2023-05-24,9661
2204,中華,41,5,36,富邦-新店,2023-05-24,9661
1905,華紙,139,104,35,富邦-新店,2023-05-24,9661
2645,長榮航太,37,5,32,富邦-新店,2023-05-24,9661
1513,中興電,49,21,28,富邦-新店,2023-05-24,9661
2881,富邦金,31,4,27,富邦-新店,2023-05-24,9661
00665L,富邦�琤肭磪囓�2,27,0,27,富邦-新店,2023-05-24,9661
2634,漢翔,99,73,26,富邦-新店,2023-05-24,9661
2365,昆盈,25,0,25,富邦-新店,2023-05-24,9661
00753L,中信中國50正2,24,0,24,富邦-新店,2023-05-24,9661
2606,裕民,22,0,22,富邦-新店,2023-05-24,9661
00772B,中信高評級公司債,21,0,21,富邦-新店,2023-05-24,9661
00751B,元大AAA至A公司債,21,0,21,富邦-新店,2023-05-24,9661
5439,高技,24,3,21,富邦-新店,2023-05-24,9661
2892,第一金,20,0,20,富邦-新店,2023-05-24,9661
4173,久裕,43,23,20,富邦-新店,2023-05-24,9661
6142,友勁,20,0,20,富邦-新店,2023-05-24,9661
00897,富邦基因免疫生技,20,1,19,富邦-新店,2023-05-24,9661
2888,新光金,18,0,18,富邦-新店,2023-05-24,9661
6111,大宇資,17,0,17,富邦-新店,2023-05-24,9661
8171,天宇,47,31,16,富邦-新店,2023-05-24,9661
5243,乙盛-KY,21,5,16,富邦-新店,2023-05-24,9661
6806,森崴能源,17,2,15,富邦-新店,2023-05-24,9661
3363,上詮,24,9,15,富邦-新店,2023-05-24,9661
3014,聯陽,16,1,15,富邦-新店,2023-05-24,9661
1102,亞泥,15,0,15,富邦-新店,2023-05-24,9661
2701,萬企,14,0,14,富邦-新店,2023-05-24,9661
3443,創意,15,1,14,富邦-新店,2023-05-24,9661
1432,大魯閣,15,2,13,富邦-新店,2023-05-24,9661
3032,偉訓,12,0,12,富邦-新店,2023-05-24,9661
4130,健亞,12,0,12,富邦-新店,2023-05-24,9661
3704,合勤控,16,4,12,富邦-新店,2023-05-24,9661
9802,鈺齊-KY,11,0,11,富邦-新店,2023-05-24,9661
2705,六福,42,31,11,富邦-新店,2023-05-24,9661
8222,寶一,45,34,11,富邦-新店,2023-05-24,9661
4123,晟德,11,0,11,富邦-新店,2023-05-24,9661
5703,亞都,11,0,11,富邦-新店,2023-05-24,9661
5364,力麗店,12,1,11,富邦-新店,2023-05-24,9661
5704,老爺知,26,15,11,富邦-新店,2023-05-24,9661
3003,健和興,10,0,10,富邦-新店,2023-05-24,9661
00642U,期元大S＆P石油,10,0,10,富邦-新店,2023-05-24,9661
6138,茂達,10,0,10,富邦-新店,2023-05-24,9661
00632R,元大台灣50反1,447,0,447,富邦-新店,2023-05-25,9661
2834,臺企銀,174,0,174,富邦-新店,2023-05-25,9661
00687B,國泰20年美債,172,0,172,富邦-新店,2023-05-25,9661
2344,華邦電,182,11,171,富邦-新店,2023-05-25,9661
00882,中信中國高股息,165,20,145,富邦-新店,2023-05-25,9661
00651R,復華香港反1,100,0,100,富邦-新店,2023-05-25,9661
2323,中環,150,64,86,富邦-新店,2023-05-25,9661
00712,復華富時不動產,85,0,85,富邦-新店,2023-05-25,9661
5871,中租-KY,85,1,84,富邦-新店,2023-05-25,9661
5353,台林,69,0,69,富邦-新店,2023-05-25,9661
6187,萬潤,70,2,68,富邦-新店,2023-05-25,9661
00753L,中信中國50正2,74,6,68,富邦-新店,2023-05-25,9661
00637L,元大滬深300正2,64,0,64,富邦-新店,2023-05-25,9661
2618,長榮航,348,288,60,富邦-新店,2023-05-25,9661
00674R,期元大S＆P黃金反1,50,0,50,富邦-新店,2023-05-25,9661
4960,誠美材,50,0,50,富邦-新店,2023-05-25,9661
00751B,元大AAA至A公司債,49,0,49,富邦-新店,2023-05-25,9661
4129,聯合,77,31,46,富邦-新店,2023-05-25,9661
00665L,富邦�琤肭磪囓�2,45,0,45,富邦-新店,2023-05-25,9661
1605,華新,41,4,37,富邦-新店,2023-05-25,9661
6160,欣技,103,66,37,富邦-新店,2023-05-25,9661
5469,瀚宇博,46,10,36,富邦-新店,2023-05-25,9661
2317,鴻海,37,4,33,富邦-新店,2023-05-25,9661
3663,鑫科,30,0,30,富邦-新店,2023-05-25,9661
6596,寬宏藝術,27,0,27,富邦-新店,2023-05-25,9661
00772B,中信高評級公司債,41,15,26,富邦-新店,2023-05-25,9661
1504,東元,98,72,26,富邦-新店,2023-05-25,9661
3071,協禧,71,45,26,富邦-新店,2023-05-25,9661
00680L,元大美債20正2,24,0,24,富邦-新店,2023-05-25,9661
00706L,期元大S＆P日圓正2,24,0,24,富邦-新店,2023-05-25,9661
2027,大成鋼,28,4,24,富邦-新店,2023-05-25,9661
2881,富邦金,26,2,24,富邦-新店,2023-05-25,9661
2402,毅嘉,22,0,22,富邦-新店,2023-05-25,9661
3712,永崴投控,21,0,21,富邦-新店,2023-05-25,9661
2014,中鴻,21,0,21,富邦-新店,2023-05-25,9661
2633,台灣高鐵,18,0,18,富邦-新店,2023-05-25,9661
2498,宏達電,31,13,18,富邦-新店,2023-05-25,9661
2002,中鋼,20,3,17,富邦-新店,2023-05-25,9661
00673R,期元大S＆P原油反1,17,0,17,富邦-新店,2023-05-25,9661
3706,神達,18,1,17,富邦-新店,2023-05-25,9661
2352,佳世達,40,24,16,富邦-新店,2023-05-25,9661
2705,六福,28,12,16,富邦-新店,2023-05-25,9661
1608,華榮,28,13,15,富邦-新店,2023-05-25,9661
8039,台虹,14,0,14,富邦-新店,2023-05-25,9661
2884,玉山金,15,1,14,富邦-新店,2023-05-25,9661
2748,雲品,158,145,13,富邦-新店,2023-05-25,9661
3558,神準,22,9,13,富邦-新店,2023-05-25,9661
9945,潤泰新,13,0,13,富邦-新店,2023-05-25,9661
3213,茂訊,13,0,13,富邦-新店,2023-05-25,9661
6274,台燿,20,7,13,富邦-新店,2023-05-25,9661
00632R,元大台灣50反1,697,50,647,富邦-新店,2023-05-26,9661
2618,長榮航,514,247,267,富邦-新店,2023-05-26,9661
00692,富邦公司治理,250,23,227,富邦-新店,2023-05-26,9661
00712,復華富時不動產,202,0,202,富邦-新店,2023-05-26,9661
1608,華榮,283,84,199,富邦-新店,2023-05-26,9661
00897,富邦基因免疫生技,86,0,86,富邦-新店,2023-05-26,9661
3231,緯創,359,273,86,富邦-新店,2023-05-26,9661
4564,元翎,98,18,80,富邦-新店,2023-05-26,9661
00715L,期街口布蘭特正2,76,0,76,富邦-新店,2023-05-26,9661
4746,台耀,63,6,57,富邦-新店,2023-05-26,9661
8028,昇陽半導體,61,4,57,富邦-新店,2023-05-26,9661
00637L,元大滬深300正2,74,20,54,富邦-新店,2023-05-26,9661
3576,聯合再生,56,6,50,富邦-新店,2023-05-26,9661
2883B,凱基金乙特,50,2,48,富邦-新店,2023-05-26,9661
5340,建榮,46,1,45,富邦-新店,2023-05-26,9661
5706,鳳凰,124,81,43,富邦-新店,2023-05-26,9661
2376,技嘉,67,27,40,富邦-新店,2023-05-26,9661
2402,毅嘉,47,8,39,富邦-新店,2023-05-26,9661
00882,中信中國高股息,38,0,38,富邦-新店,2023-05-26,9661
6187,萬潤,32,0,32,富邦-新店,2023-05-26,9661
3594,磐儀,49,17,32,富邦-新店,2023-05-26,9661
00772B,中信高評級公司債,36,5,31,富邦-新店,2023-05-26,9661
4915,致伸,47,16,31,富邦-新店,2023-05-26,9661
00891,中信關鍵半導體,50,19,31,富邦-新店,2023-05-26,9661
00795B,中信美國公債20年,31,0,31,富邦-新店,2023-05-26,9661
00892,富邦台灣半導體,30,0,30,富邦-新店,2023-05-26,9661
2382,廣達,142,113,29,富邦-新店,2023-05-26,9661
2705,六福,43,15,28,富邦-新店,2023-05-26,9661
5469,瀚宇博,29,1,28,富邦-新店,2023-05-26,9661
2368,金像電,40,13,27,富邦-新店,2023-05-26,9661
00751B,元大AAA至A公司債,26,0,26,富邦-新店,2023-05-26,9661
2637,慧洋-KY,26,0,26,富邦-新店,2023-05-26,9661
2441,超豐,27,2,25,富邦-新店,2023-05-26,9661
2883,凱基金,25,0,25,富邦-新店,2023-05-26,9661
2317,鴻海,36,12,24,富邦-新店,2023-05-26,9661
3025,星通,114,90,24,富邦-新店,2023-05-26,9661
2449,京元電子,88,67,21,富邦-新店,2023-05-26,9661
6125,廣運,24,3,21,富邦-新店,2023-05-26,9661
1308,亞聚,20,0,20,富邦-新店,2023-05-26,9661
2641,正德,20,0,20,富邦-新店,2023-05-26,9661
3006,晶豪科,20,0,20,富邦-新店,2023-05-26,9661
6015,宏遠證,20,0,20,富邦-新店,2023-05-26,9661
9919,康那香,20,0,20,富邦-新店,2023-05-26,9661
1605,華新,34,15,19,富邦-新店,2023-05-26,9661
00633L,富邦上証正2,19,0,19,富邦-新店,2023-05-26,9661
1907,永豐餘,26,8,18,富邦-新店,2023-05-26,9661
4968,立積,24,6,18,富邦-新店,2023-05-26,9661
6214,精誠,22,5,17,富邦-新店,2023-05-26,9661
6118,建達,20,4,16,富邦-新店,2023-05-26,9661
8059,凱碩,16,0,16,富邦-新店,2023-05-26,9661
2634,漢翔,131,15,116,富邦-新店,2023-05-29,9661
3704,合勤控,111,9,102,富邦-新店,2023-05-29,9661
00706L,期元大S＆P日圓正2,71,0,71,富邦-新店,2023-05-29,9661
00720B,元大投資級公司債,54,0,54,富邦-新店,2023-05-29,9661
00692,富邦公司治理,51,1,50,富邦-新店,2023-05-29,9661
3037,欣興,76,33,43,富邦-新店,2023-05-29,9661
3005,神基,58,15,43,富邦-新店,2023-05-29,9661
3189,景碩,57,17,40,富邦-新店,2023-05-29,9661
00882,中信中國高股息,39,0,39,富邦-新店,2023-05-29,9661
3479,安勤,37,3,34,富邦-新店,2023-05-29,9661
00751B,元大AAA至A公司債,32,0,32,富邦-新店,2023-05-29,9661
2641,正德,42,10,32,富邦-新店,2023-05-29,9661
2379,瑞昱,43,11,32,富邦-新店,2023-05-29,9661
2748,雲品,40,10,30,富邦-新店,2023-05-29,9661
2301,光寶科,30,1,29,富邦-新店,2023-05-29,9661
00753L,中信中國50正2,38,10,28,富邦-新店,2023-05-29,9661
00713,元大台灣高息低波,35,7,28,富邦-新店,2023-05-29,9661
2609,陽明,35,8,27,富邦-新店,2023-05-29,9661
5484,慧友,37,10,27,富邦-新店,2023-05-29,9661
00893,國泰智能電動車,99,74,25,富邦-新店,2023-05-29,9661
00885,富邦越南,29,4,25,富邦-新店,2023-05-29,9661
5498,凱崴,28,3,25,富邦-新店,2023-05-29,9661
6138,茂達,26,2,24,富邦-新店,2023-05-29,9661
00637L,元大滬深300正2,24,0,24,富邦-新店,2023-05-29,9661
4541,晟田,34,11,23,富邦-新店,2023-05-29,9661
3003,健和興,26,4,22,富邦-新店,2023-05-29,9661
00688L,國泰20年美債正2,21,0,21,富邦-新店,2023-05-29,9661
2504,國產,21,0,21,富邦-新店,2023-05-29,9661
2630,亞航,28,7,21,富邦-新店,2023-05-29,9661
2421,建準,135,115,20,富邦-新店,2023-05-29,9661
3022,威強電,20,0,20,富邦-新店,2023-05-29,9661
4934,太極,20,2,18,富邦-新店,2023-05-29,9661
00725B,國泰投資級公司債,18,0,18,富邦-新店,2023-05-29,9661
6016,康和證,18,0,18,富邦-新店,2023-05-29,9661
00662,富邦NASDAQ,18,0,18,富邦-新店,2023-05-29,9661
3093,港建*,17,0,17,富邦-新店,2023-05-29,9661
1727,中華化,19,2,17,富邦-新店,2023-05-29,9661
5353,台林,17,0,17,富邦-新店,2023-05-29,9661
00712,復華富時不動產,21,5,16,富邦-新店,2023-05-29,9661
3206,志豐,16,0,16,富邦-新店,2023-05-29,9661
2356,英業達,48,32,16,富邦-新店,2023-05-29,9661
2352,佳世達,27,11,16,富邦-新店,2023-05-29,9661
3481,群創,41,26,15,富邦-新店,2023-05-29,9661
00679B,元大美債20年,39,24,15,富邦-新店,2023-05-29,9661
2371,大同,47,32,15,富邦-新店,2023-05-29,9661
2633,台灣高鐵,15,0,15,富邦-新店,2023-05-29,9661
3014,聯陽,15,0,15,富邦-新店,2023-05-29,9661
3711,日月光投控,20,6,14,富邦-新店,2023-05-29,9661
00636,國泰中國A50,13,0,13,富邦-新店,2023-05-29,9661
6190,萬泰科,21,8,13,富邦-新店,2023-05-29,9661
00715L,期街口布蘭特正2,125,0,125,富邦-新店,2023-05-30,9661
00706L,期元大S＆P日圓正2,115,0,115,富邦-新店,2023-05-30,9661
00632R,元大台灣50反1,135,25,110,富邦-新店,2023-05-30,9661
00665L,富邦�琤肭磪囓�2,101,0,101,富邦-新店,2023-05-30,9661
00882,中信中國高股息,78,0,78,富邦-新店,2023-05-30,9661
2882,國泰金,56,1,55,富邦-新店,2023-05-30,9661
00637L,元大滬深300正2,61,10,51,富邦-新店,2023-05-30,9661
2353,宏��,52,1,51,富邦-新店,2023-05-30,9661
2421,建準,56,12,44,富邦-新店,2023-05-30,9661
3037,欣興,71,30,41,富邦-新店,2023-05-30,9661
2855,統一證,40,0,40,富邦-新店,2023-05-30,9661
2884,玉山金,42,3,39,富邦-新店,2023-05-30,9661
6005,群益證,40,4,36,富邦-新店,2023-05-30,9661
3508,位速,31,0,31,富邦-新店,2023-05-30,9661
2886,兆豐金,36,6,30,富邦-新店,2023-05-30,9661
5426,振發,30,0,30,富邦-新店,2023-05-30,9661
3711,日月光投控,52,24,28,富邦-新店,2023-05-30,9661
2371,大同,71,44,27,富邦-新店,2023-05-30,9661
2634,漢翔,46,22,24,富邦-新店,2023-05-30,9661
3290,東浦,23,0,23,富邦-新店,2023-05-30,9661
1727,中華化,25,2,23,富邦-新店,2023-05-30,9661
6182,合晶,24,2,22,富邦-新店,2023-05-30,9661
2356,英業達,464,442,22,富邦-新店,2023-05-30,9661
3704,合勤控,50,29,21,富邦-新店,2023-05-30,9661
5258,虹堡,24,3,21,富邦-新店,2023-05-30,9661
3231,緯創,257,237,20,富邦-新店,2023-05-30,9661
2615,萬海,21,1,20,富邦-新店,2023-05-30,9661
9944,新麗,20,0,20,富邦-新店,2023-05-30,9661
5353,台林,24,4,20,富邦-新店,2023-05-30,9661
00712,復華富時不動產,19,0,19,富邦-新店,2023-05-30,9661
6461,益得,20,1,19,富邦-新店,2023-05-30,9661
2453,凌群,30,11,19,富邦-新店,2023-05-30,9661
4533,協易機,20,1,19,富邦-新店,2023-05-30,9661
00751B,元大AAA至A公司債,17,0,17,富邦-新店,2023-05-30,9661
2347,聯強,17,1,16,富邦-新店,2023-05-30,9661
8011,台通,24,8,16,富邦-新店,2023-05-30,9661
6218,豪勉,20,5,15,富邦-新店,2023-05-30,9661
4564,元翎,28,13,15,富邦-新店,2023-05-30,9661
6223,旺矽,20,5,15,富邦-新店,2023-05-30,9661
6462,神盾,15,0,15,富邦-新店,2023-05-30,9661
2002,中鋼,15,0,15,富邦-新店,2023-05-30,9661
3645,達邁,32,17,15,富邦-新店,2023-05-30,9661
2331,精英,27,13,14,富邦-新店,2023-05-30,9661
1513,中興電,23,9,14,富邦-新店,2023-05-30,9661
6148,驊宏資,22,8,14,富邦-新店,2023-05-30,9661
3078,僑威,21,7,14,富邦-新店,2023-05-30,9661
2382,廣達,205,191,14,富邦-新店,2023-05-30,9661
2236,百達-KY,12,0,12,富邦-新店,2023-05-30,9661
3624,光頡,20,8,12,富邦-新店,2023-05-30,9661
6118,建達,11,0,11,富邦-新店,2023-05-30,9661
00715L,期街口布蘭特正2,147,0,147,富邦-新店,2023-05-31,9661
3059,華晶科,109,3,106,富邦-新店,2023-05-31,9661
6282,康舒,126,21,105,富邦-新店,2023-05-31,9661
2105,正新,102,0,102,富邦-新店,2023-05-31,9661
00688L,國泰20年美債正2,101,10,91,富邦-新店,2023-05-31,9661
2371,大同,144,58,86,富邦-新店,2023-05-31,9661
1608,華榮,89,7,82,富邦-新店,2023-05-31,9661
00720B,元大投資級公司債,70,0,70,富邦-新店,2023-05-31,9661
00882,中信中國高股息,61,5,56,富邦-新店,2023-05-31,9661
5876,上海商銀,55,5,50,富邦-新店,2023-05-31,9661
2356,英業達,55,8,47,富邦-新店,2023-05-31,9661
00772B,中信高評級公司債,41,2,39,富邦-新店,2023-05-31,9661
3006,晶豪科,58,24,34,富邦-新店,2023-05-31,9661
00680L,元大美債20正2,50,20,30,富邦-新店,2023-05-31,9661
2883,凱基金,29,3,26,富邦-新店,2023-05-31,9661
2344,華邦電,37,12,25,富邦-新店,2023-05-31,9661
2606,裕民,25,0,25,富邦-新店,2023-05-31,9661
1417,嘉裕,25,0,25,富邦-新店,2023-05-31,9661
6589,台康生技,26,2,24,富邦-新店,2023-05-31,9661
2801,彰銀,22,0,22,富邦-新店,2023-05-31,9661
00633L,富邦上証正2,24,2,22,富邦-新店,2023-05-31,9661
6161,捷波,33,11,22,富邦-新店,2023-05-31,9661
2736,富野,58,37,21,富邦-新店,2023-05-31,9661
00706L,期元大S＆P日圓正2,21,0,21,富邦-新店,2023-05-31,9661
5880,合庫金,23,2,21,富邦-新店,2023-05-31,9661
3545,敦泰,22,2,20,富邦-新店,2023-05-31,9661
6288,聯嘉,20,0,20,富邦-新店,2023-05-31,9661
6670,復盛應用,20,0,20,富邦-新店,2023-05-31,9661
2892,第一金,21,1,20,富邦-新店,2023-05-31,9661
2739,寒舍,20,0,20,富邦-新店,2023-05-31,9661
2886,兆豐金,23,4,19,富邦-新店,2023-05-31,9661
2457,飛宏,128,110,18,富邦-新店,2023-05-31,9661
1762,中化生,21,3,18,富邦-新店,2023-05-31,9661
2314,台揚,31,15,16,富邦-新店,2023-05-31,9661
2601,益航,15,0,15,富邦-新店,2023-05-31,9661
00671R,富邦NASDAQ反1,15,0,15,富邦-新店,2023-05-31,9661
5301,寶得利,15,0,15,富邦-新店,2023-05-31,9661
2301,光寶科,15,1,14,富邦-新店,2023-05-31,9661
1103,嘉泥,20,6,14,富邦-新店,2023-05-31,9661
00712,復華富時不動產,15,1,14,富邦-新店,2023-05-31,9661
2382,廣達,145,132,13,富邦-新店,2023-05-31,9661
2323,中環,65,52,13,富邦-新店,2023-05-31,9661
00908,富邦入息REITs+,13,0,13,富邦-新店,2023-05-31,9661
3031,佰鴻,28,15,13,富邦-新店,2023-05-31,9661
6218,豪勉,13,0,13,富邦-新店,2023-05-31,9661
2745,五福,17,4,13,富邦-新店,2023-05-31,9661
3484,崧騰,13,0,13,富邦-新店,2023-05-31,9661
3380,明泰,16,3,13,富邦-新店,2023-05-31,9661
4916,事欣科,25,13,12,富邦-新店,2023-05-31,9661
3591,艾笛森,12,0,12,富邦-新店,2023-05-31,9661
2515,中工,1442,544,898,富邦-新店,2023-06-01,9661
00679B,元大美債20年,172,9,163,富邦-新店,2023-06-01,9661
1608,華榮,149,10,139,富邦-新店,2023-06-01,9661
00795B,中信美國公債20年,108,0,108,富邦-新店,2023-06-01,9661
00715L,期街口布蘭特正2,105,10,95,富邦-新店,2023-06-01,9661
1734,杏輝,70,0,70,富邦-新店,2023-06-01,9661
2482,連宇,57,1,56,富邦-新店,2023-06-01,9661
1303,南亞,52,0,52,富邦-新店,2023-06-01,9661
00919,群益台灣精選高息,49,0,49,富邦-新店,2023-06-01,9661
2303,聯電,79,32,47,富邦-新店,2023-06-01,9661
2888,新光金,44,1,43,富邦-新店,2023-06-01,9661
3706,神達,205,163,42,富邦-新店,2023-06-01,9661
1710,東聯,41,1,40,富邦-新店,2023-06-01,9661
00688L,國泰20年美債正2,35,0,35,富邦-新店,2023-06-01,9661
3360,尚立,30,0,30,富邦-新店,2023-06-01,9661
6188,廣明,62,33,29,富邦-新店,2023-06-01,9661
2882,國泰金,29,0,29,富邦-新店,2023-06-01,9661
8426,紅木-KY,31,2,29,富邦-新店,2023-06-01,9661
8271,宇瞻,60,32,28,富邦-新店,2023-06-01,9661
3029,零壹,36,8,28,富邦-新店,2023-06-01,9661
6180,橘子,68,40,28,富邦-新店,2023-06-01,9661
2881,富邦金,32,7,25,富邦-新店,2023-06-01,9661
4130,健亞,25,0,25,富邦-新店,2023-06-01,9661
6185,幃翔,25,2,23,富邦-新店,2023-06-01,9661
2324,仁寶,25,3,22,富邦-新店,2023-06-01,9661
00713,元大台灣高息低波,30,8,22,富邦-新店,2023-06-01,9661
3163,波若威,23,1,22,富邦-新店,2023-06-01,9661
6596,寬宏藝術,23,1,22,富邦-新店,2023-06-01,9661
2328,廣宇,73,51,22,富邦-新店,2023-06-01,9661
00878,國泰永續高股息,48,26,22,富邦-新店,2023-06-01,9661
00882,中信中國高股息,21,0,21,富邦-新店,2023-06-01,9661
3546,宇峻,36,15,21,富邦-新店,2023-06-01,9661
00706L,期元大S＆P日圓正2,21,1,20,富邦-新店,2023-06-01,9661
6670,復盛應用,20,0,20,富邦-新店,2023-06-01,9661
2356,英業達,34,14,20,富邦-新店,2023-06-01,9661
4564,元翎,45,28,17,富邦-新店,2023-06-01,9661
00720B,元大投資級公司債,17,0,17,富邦-新店,2023-06-01,9661
1718,中纖,15,0,15,富邦-新店,2023-06-01,9661
3078,僑威,34,19,15,富邦-新店,2023-06-01,9661
5484,慧友,15,0,15,富邦-新店,2023-06-01,9661
2206,三陽工業,41,26,15,富邦-新店,2023-06-01,9661
1101,台泥,14,0,14,富邦-新店,2023-06-01,9661
2913,農林,90,76,14,富邦-新店,2023-06-01,9661
6589,台康生技,15,2,13,富邦-新店,2023-06-01,9661
6235,華孚,32,20,12,富邦-新店,2023-06-01,9661
2601,益航,12,0,12,富邦-新店,2023-06-01,9661
00642U,期元大S＆P石油,12,0,12,富邦-新店,2023-06-01,9661
2618,長榮航,437,426,11,富邦-新店,2023-06-01,9661
00751B,元大AAA至A公司債,11,0,11,富邦-新店,2023-06-01,9661
3711,日月光投控,13,2,11,富邦-新店,2023-06-01,9661
00753L,中信中國50正2,206,18,188,富邦-新店,2023-06-02,9661
2610,華航,263,115,148,富邦-新店,2023-06-02,9661
00919,群益台灣精選高息,130,1,129,富邦-新店,2023-06-02,9661
3706,神達,209,105,104,富邦-新店,2023-06-02,9661
00688L,國泰20年美債正2,100,2,98,富邦-新店,2023-06-02,9661
5876,上海商銀,90,0,90,富邦-新店,2023-06-02,9661
1905,華紙,158,80,78,富邦-新店,2023-06-02,9661
00712,復華富時不動產,80,4,76,富邦-新店,2023-06-02,9661
2204,中華,84,32,52,富邦-新店,2023-06-02,9661
1609,大亞,126,75,51,富邦-新店,2023-06-02,9661
3042,晶技,49,3,46,富邦-新店,2023-06-02,9661
6125,廣運,54,12,42,富邦-新店,2023-06-02,9661
2884,玉山金,55,17,38,富邦-新店,2023-06-02,9661
3078,僑威,62,26,36,富邦-新店,2023-06-02,9661
00795B,中信美國公債20年,30,0,30,富邦-新店,2023-06-02,9661
2301,光寶科,154,124,30,富邦-新店,2023-06-02,9661
3026,禾伸堂,30,0,30,富邦-新店,2023-06-02,9661
2465,麗臺,29,0,29,富邦-新店,2023-06-02,9661
3037,欣興,35,10,25,富邦-新店,2023-06-02,9661
6185,幃翔,30,6,24,富邦-新店,2023-06-02,9661
00902,中信電池及儲能,34,10,24,富邦-新店,2023-06-02,9661
6148,驊宏資,23,0,23,富邦-新店,2023-06-02,9661
2603,長榮,31,8,23,富邦-新店,2023-06-02,9661
1608,華榮,34,12,22,富邦-新店,2023-06-02,9661
00882,中信中國高股息,22,0,22,富邦-新店,2023-06-02,9661
3305,昇貿,29,7,22,富邦-新店,2023-06-02,9661
6215,和椿,21,0,21,富邦-新店,2023-06-02,9661
3625,西勝,21,1,20,富邦-新店,2023-06-02,9661
5498,凱崴,20,0,20,富邦-新店,2023-06-02,9661
8033,雷虎,23,4,19,富邦-新店,2023-06-02,9661
6470,宇智,20,1,19,富邦-新店,2023-06-02,9661
00679B,元大美債20年,20,2,18,富邦-新店,2023-06-02,9661
3038,全台,24,7,17,富邦-新店,2023-06-02,9661
5258,虹堡,26,10,16,富邦-新店,2023-06-02,9661
3711,日月光投控,41,25,16,富邦-新店,2023-06-02,9661
5478,智冠,34,18,16,富邦-新店,2023-06-02,9661
2337,旺宏,18,2,16,富邦-新店,2023-06-02,9661
2889,國票金,16,0,16,富邦-新店,2023-06-02,9661
00720B,元大投資級公司債,15,0,15,富邦-新店,2023-06-02,9661
2888,新光金,20,5,15,富邦-新店,2023-06-02,9661
8027,鈦昇,15,0,15,富邦-新店,2023-06-02,9661
8426,紅木-KY,14,0,14,富邦-新店,2023-06-02,9661
6811,宏�硌穈T,14,2,12,富邦-新店,2023-06-02,9661
2331,精英,40,28,12,富邦-新店,2023-06-02,9661
2356,英業達,44,32,12,富邦-新店,2023-06-02,9661
5371,中光電,15,4,11,富邦-新店,2023-06-02,9661
2393,億光,12,1,11,富邦-新店,2023-06-02,9661
6282,康舒,86,75,11,富邦-新店,2023-06-02,9661
3022,威強電,12,2,10,富邦-新店,2023-06-02,9661
2630,亞航,14,4,10,富邦-新店,2023-06-02,9661
2344,華邦電,689,61,628,富邦-新店,2023-06-05,9661
2353,宏��,241,14,227,富邦-新店,2023-06-05,9661
00713,元大台灣高息低波,214,2,212,富邦-新店,2023-06-05,9661
3706,神達,133,7,126,富邦-新店,2023-06-05,9661
2618,長榮航,157,79,78,富邦-新店,2023-06-05,9661
1514,亞力,189,111,78,富邦-新店,2023-06-05,9661
00882,中信中國高股息,67,5,62,富邦-新店,2023-06-05,9661
2332,友訊,54,2,52,富邦-新店,2023-06-05,9661
2002,中鋼,53,2,51,富邦-新店,2023-06-05,9661
2482,連宇,85,38,47,富邦-新店,2023-06-05,9661
00679B,元大美債20年,50,3,47,富邦-新店,2023-06-05,9661
1733,五鼎,41,1,40,富邦-新店,2023-06-05,9661
3290,東浦,39,0,39,富邦-新店,2023-06-05,9661
3005,神基,40,2,38,富邦-新店,2023-06-05,9661
5234,達興材料,40,2,38,富邦-新店,2023-06-05,9661
4916,事欣科,44,8,36,富邦-新店,2023-06-05,9661
2634,漢翔,81,47,34,富邦-新店,2023-06-05,9661
8234,新漢,37,5,32,富邦-新店,2023-06-05,9661
00712,復華富時不動產,51,21,30,富邦-新店,2023-06-05,9661
00919,群益台灣精選高息,39,11,28,富邦-新店,2023-06-05,9661
1905,華紙,62,34,28,富邦-新店,2023-06-05,9661
6150,撼訊,30,2,28,富邦-新店,2023-06-05,9661
1310,台苯,30,2,28,富邦-新店,2023-06-05,9661
1529,樂事綠能,69,43,26,富邦-新店,2023-06-05,9661
00751B,元大AAA至A公司債,25,0,25,富邦-新店,2023-06-05,9661
2331,精英,40,15,25,富邦-新店,2023-06-05,9661
00706L,期元大S＆P日圓正2,30,5,25,富邦-新店,2023-06-05,9661
2603,長榮,23,1,22,富邦-新店,2023-06-05,9661
2323,中環,50,29,21,富邦-新店,2023-06-05,9661
2365,昆盈,20,0,20,富邦-新店,2023-06-05,9661
5388,中磊,29,10,19,富邦-新店,2023-06-05,9661
2317,鴻海,34,15,19,富邦-新店,2023-06-05,9661
00687B,國泰20年美債,18,0,18,富邦-新店,2023-06-05,9661
00720B,元大投資級公司債,18,0,18,富邦-新店,2023-06-05,9661
6161,捷波,45,28,17,富邦-新店,2023-06-05,9661
6188,廣明,18,2,16,富邦-新店,2023-06-05,9661
5258,虹堡,20,4,16,富邦-新店,2023-06-05,9661
3017,奇鋐,23,7,16,富邦-新店,2023-06-05,9661
3380,明泰,17,2,15,富邦-新店,2023-06-05,9661
3038,全台,16,1,15,富邦-新店,2023-06-05,9661
8070,長華*,18,3,15,富邦-新店,2023-06-05,9661
00673R,期元大S＆P原油反1,14,0,14,富邦-新店,2023-06-05,9661
00878,國泰永續高股息,97,84,13,富邦-新店,2023-06-05,9661
3029,零壹,34,21,13,富邦-新店,2023-06-05,9661
2368,金像電,32,19,13,富邦-新店,2023-06-05,9661
1714,和桐,12,0,12,富邦-新店,2023-06-05,9661
3034,聯詠,13,1,12,富邦-新店,2023-06-05,9661
2887,台新金,16,5,11,富邦-新店,2023-06-05,9661
6275,元山,11,0,11,富邦-新店,2023-06-05,9661
2489,瑞軒,16,5,11,富邦-新店,2023-06-05,9661
3058,立德,110,6,104,富邦-新店,2023-06-06,9661
1905,華紙,152,71,81,富邦-新店,2023-06-06,9661
00679B,元大美債20年,64,10,54,富邦-新店,2023-06-06,9661
00715L,期街口布蘭特正2,56,2,54,富邦-新店,2023-06-06,9661
2633,台灣高鐵,50,0,50,富邦-新店,2023-06-06,9661
2618,長榮航,140,90,50,富邦-新店,2023-06-06,9661
00927,群益半導體收益,53,5,48,富邦-新店,2023-06-06,9661
00919,群益台灣精選高息,47,0,47,富邦-新店,2023-06-06,9661
3624,光頡,59,13,46,富邦-新店,2023-06-06,9661
6125,廣運,169,125,44,富邦-新店,2023-06-06,9661
2884,玉山金,61,18,43,富邦-新店,2023-06-06,9661
1733,五鼎,42,0,42,富邦-新店,2023-06-06,9661
2913,農林,46,6,40,富邦-新店,2023-06-06,9661
3093,港建*,40,0,40,富邦-新店,2023-06-06,9661
5531,鄉林,38,2,36,富邦-新店,2023-06-06,9661
00674R,期元大S＆P黃金反1,35,0,35,富邦-新店,2023-06-06,9661
2880,華南金,45,12,33,富邦-新店,2023-06-06,9661
2399,映泰,31,3,28,富邦-新店,2023-06-06,9661
2362,藍天,28,0,28,富邦-新店,2023-06-06,9661
3231,緯創,59,31,28,富邦-新店,2023-06-06,9661
2206,三陽工業,66,39,27,富邦-新店,2023-06-06,9661
2201,裕隆,60,33,27,富邦-新店,2023-06-06,9661
8076,伍豐,27,1,26,富邦-新店,2023-06-06,9661
00632R,元大台灣50反1,31,5,26,富邦-新店,2023-06-06,9661
2489,瑞軒,25,1,24,富邦-新店,2023-06-06,9661
6185,幃翔,24,0,24,富邦-新店,2023-06-06,9661
1711,永光,24,0,24,富邦-新店,2023-06-06,9661
6282,康舒,130,106,24,富邦-新店,2023-06-06,9661
00795B,中信美國公債20年,24,0,24,富邦-新店,2023-06-06,9661
2610,華航,48,26,22,富邦-新店,2023-06-06,9661
2883,凱基金,22,0,22,富邦-新店,2023-06-06,9661
6187,萬潤,38,17,21,富邦-新店,2023-06-06,9661
2427,三商電,58,37,21,富邦-新店,2023-06-06,9661
3078,僑威,41,20,21,富邦-新店,2023-06-06,9661
2402,毅嘉,114,93,21,富邦-新店,2023-06-06,9661
3252,海灣,27,7,20,富邦-新店,2023-06-06,9661
6118,建達,20,0,20,富邦-新店,2023-06-06,9661
2535,達欣工,20,0,20,富邦-新店,2023-06-06,9661
8431,匯鑽科,21,1,20,富邦-新店,2023-06-06,9661
2352,佳世達,24,4,20,富邦-新店,2023-06-06,9661
3037,欣興,47,28,19,富邦-新店,2023-06-06,9661
2732,六角,20,1,19,富邦-新店,2023-06-06,9661
5258,虹堡,24,5,19,富邦-新店,2023-06-06,9661
1101,台泥,27,9,18,富邦-新店,2023-06-06,9661
2484,希華,20,2,18,富邦-新店,2023-06-06,9661
00751B,元大AAA至A公司債,18,1,17,富邦-新店,2023-06-06,9661
4533,協易機,23,6,17,富邦-新店,2023-06-06,9661
00885,富邦越南,38,22,16,富邦-新店,2023-06-06,9661
4541,晟田,16,0,16,富邦-新店,2023-06-06,9661
8028,昇陽半導體,21,5,16,富邦-新店,2023-06-06,9661
2356,英業達,300,13,287,富邦-新店,2023-06-07,9661
2515,中工,193,8,185,富邦-新店,2023-06-07,9661
00632R,元大台灣50反1,212,90,122,富邦-新店,2023-06-07,9661
2618,長榮航,155,53,102,富邦-新店,2023-06-07,9661
00675L,富邦臺灣加權正2,99,0,99,富邦-新店,2023-06-07,9661
2845,遠東銀,100,3,97,富邦-新店,2023-06-07,9661
00885,富邦越南,93,30,63,富邦-新店,2023-06-07,9661
2701,萬企,67,6,61,富邦-新店,2023-06-07,9661
00637L,元大滬深300正2,65,5,60,富邦-新店,2023-06-07,9661
00651R,復華香港反1,50,0,50,富邦-新店,2023-06-07,9661
2731,雄獅,93,50,43,富邦-新店,2023-06-07,9661
6139,亞翔,51,8,43,富邦-新店,2023-06-07,9661
2401,凌陽,67,25,42,富邦-新店,2023-06-07,9661
6208,日揚,55,15,40,富邦-新店,2023-06-07,9661
3231,緯創,144,104,40,富邦-新店,2023-06-07,9661
2812,台中銀,37,0,37,富邦-新店,2023-06-07,9661
00679B,元大美債20年,38,2,36,富邦-新店,2023-06-07,9661
4977,眾達-KY,36,1,35,富邦-新店,2023-06-07,9661
1417,嘉裕,32,0,32,富邦-新店,2023-06-07,9661
4979,華星光,86,55,31,富邦-新店,2023-06-07,9661
8431,匯鑽科,31,0,31,富邦-新店,2023-06-07,9661
1710,東聯,32,3,29,富邦-新店,2023-06-07,9661
5258,虹堡,24,0,24,富邦-新店,2023-06-07,9661
1514,亞力,31,8,23,富邦-新店,2023-06-07,9661
00882,中信中國高股息,22,0,22,富邦-新店,2023-06-07,9661
00927,群益半導體收益,25,3,22,富邦-新店,2023-06-07,9661
2444,兆勁,23,1,22,富邦-新店,2023-06-07,9661
2379,瑞昱,26,4,22,富邦-新店,2023-06-07,9661
4714,永捷,24,3,21,富邦-新店,2023-06-07,9661
00713,元大台灣高息低波,27,7,20,富邦-新店,2023-06-07,9661
1560,中砂,22,2,20,富邦-新店,2023-06-07,9661
3332,幸康,21,1,20,富邦-新店,2023-06-07,9661
5225,東科-KY,19,1,18,富邦-新店,2023-06-07,9661
6218,豪勉,44,26,18,富邦-新店,2023-06-07,9661
6125,廣運,54,37,17,富邦-新店,2023-06-07,9661
6282,康舒,29,12,17,富邦-新店,2023-06-07,9661
2421,建準,32,15,17,富邦-新店,2023-06-07,9661
8105,凌巨,16,0,16,富邦-新店,2023-06-07,9661
1504,東元,53,38,15,富邦-新店,2023-06-07,9661
3508,位速,20,5,15,富邦-新店,2023-06-07,9661
2889,國票金,17,2,15,富邦-新店,2023-06-07,9661
2308,台達電,25,10,15,富邦-新店,2023-06-07,9661
3013,晟銘電,33,18,15,富邦-新店,2023-06-07,9661
00720B,元大投資級公司債,16,2,14,富邦-新店,2023-06-07,9661
2409,友達,25,12,13,富邦-新店,2023-06-07,9661
8011,台通,20,7,13,富邦-新店,2023-06-07,9661
3027,盛達,35,22,13,富邦-新店,2023-06-07,9661
5484,慧友,13,0,13,富邦-新店,2023-06-07,9661
1711,永光,15,2,13,富邦-新店,2023-06-07,9661
1905,華紙,22,9,13,富邦-新店,2023-06-07,9661
4960,誠美材,175,5,170,富邦-新店,2023-06-08,9661
00680L,元大美債20正2,90,0,90,富邦-新店,2023-06-08,9661
00720B,元大投資級公司債,83,0,83,富邦-新店,2023-06-08,9661
6203,海韻電,72,0,72,富邦-新店,2023-06-08,9661
00919,群益台灣精選高息,125,55,70,富邦-新店,2023-06-08,9661
2401,凌陽,81,19,62,富邦-新店,2023-06-08,9661
00679B,元大美債20年,66,5,61,富邦-新店,2023-06-08,9661
2897A,王道銀甲特,56,0,56,富邦-新店,2023-06-08,9661
6770,力積電,57,2,55,富邦-新店,2023-06-08,9661
8937,合騏,51,0,51,富邦-新店,2023-06-08,9661
1609,大亞,253,202,51,富邦-新店,2023-06-08,9661
912000,晨訊科-DR,50,0,50,富邦-新店,2023-06-08,9661
6148,驊宏資,50,0,50,富邦-新店,2023-06-08,9661
00632R,元大台灣50反1,70,24,46,富邦-新店,2023-06-08,9661
00713,元大台灣高息低波,50,4,46,富邦-新店,2023-06-08,9661
6179,亞通,50,6,44,富邦-新店,2023-06-08,9661
1612,宏泰,59,16,43,富邦-新店,2023-06-08,9661
2882,國泰金,41,0,41,富邦-新店,2023-06-08,9661
00772B,中信高評級公司債,38,0,38,富邦-新店,2023-06-08,9661
00751B,元大AAA至A公司債,37,0,37,富邦-新店,2023-06-08,9661
1605,華新,47,13,34,富邦-新店,2023-06-08,9661
2344,華邦電,49,16,33,富邦-新店,2023-06-08,9661
2402,毅嘉,37,5,32,富邦-新店,2023-06-08,9661
2388,威盛,65,33,32,富邦-新店,2023-06-08,9661
2601,益航,31,0,31,富邦-新店,2023-06-08,9661
1513,中興電,63,32,31,富邦-新店,2023-06-08,9661
1504,東元,45,15,30,富邦-新店,2023-06-08,9661
00927,群益半導體收益,29,0,29,富邦-新店,2023-06-08,9661
0056,元大高股息,59,31,28,富邦-新店,2023-06-08,9661
3027,盛達,47,20,27,富邦-新店,2023-06-08,9661
5478,智冠,26,1,25,富邦-新店,2023-06-08,9661
2633,台灣高鐵,23,0,23,富邦-新店,2023-06-08,9661
8171,天宇,23,0,23,富邦-新店,2023-06-08,9661
2323,中環,50,27,23,富邦-新店,2023-06-08,9661
1316,上曜,22,0,22,富邦-新店,2023-06-08,9661
5484,慧友,22,0,22,富邦-新店,2023-06-08,9661
3231,緯創,178,156,22,富邦-新店,2023-06-08,9661
2889,國票金,21,0,21,富邦-新店,2023-06-08,9661
8086,宏捷科,21,0,21,富邦-新店,2023-06-08,9661
2881,富邦金,24,3,21,富邦-新店,2023-06-08,9661
1402,遠東新,20,0,20,富邦-新店,2023-06-08,9661
00706L,期元大S＆P日圓正2,20,0,20,富邦-新店,2023-06-08,9661
6753,龍德造船,20,0,20,富邦-新店,2023-06-08,9661
2201,裕隆,47,28,19,富邦-新店,2023-06-08,9661
3673,TPK-KY,31,12,19,富邦-新店,2023-06-08,9661
2489,瑞軒,26,7,19,富邦-新店,2023-06-08,9661
1533,車王電,21,2,19,富邦-新店,2023-06-08,9661
2701,萬企,23,4,19,富邦-新店,2023-06-08,9661
2851,中再保,20,1,19,富邦-新店,2023-06-08,9661
00637L,元大滬深300正2,21,3,18,富邦-新店,2023-06-08,9661
3709,鑫聯大投控,300,0,300,富邦-新店,2023-06-09,9661
00712,復華富時不動產,187,1,186,富邦-新店,2023-06-09,9661
2328,廣宇,167,8,159,富邦-新店,2023-06-09,9661
6288,聯嘉,173,83,90,富邦-新店,2023-06-09,9661
00919,群益台灣精選高息,85,1,84,富邦-新店,2023-06-09,9661
00715L,期街口布蘭特正2,66,1,65,富邦-新店,2023-06-09,9661
2301,光寶科,92,36,56,富邦-新店,2023-06-09,9661
2427,三商電,47,2,45,富邦-新店,2023-06-09,9661
3630,新鉅科,46,1,45,富邦-新店,2023-06-09,9661
8905,裕國,40,0,40,富邦-新店,2023-06-09,9661
2610,華航,66,28,38,富邦-新店,2023-06-09,9661
8033,雷虎,51,13,38,富邦-新店,2023-06-09,9661
3014,聯陽,47,11,36,富邦-新店,2023-06-09,9661
6191,精成科,38,8,30,富邦-新店,2023-06-09,9661
8926,台汽電,55,28,27,富邦-新店,2023-06-09,9661
8086,宏捷科,32,6,26,富邦-新店,2023-06-09,9661
6266,泰詠,27,1,26,富邦-新店,2023-06-09,9661
6532,瑞耘,28,4,24,富邦-新店,2023-06-09,9661
5484,慧友,22,0,22,富邦-新店,2023-06-09,9661
8227,巨有科技,20,0,20,富邦-新店,2023-06-09,9661
2889,國票金,20,0,20,富邦-新店,2023-06-09,9661
1104,環泥,27,8,19,富邦-新店,2023-06-09,9661
3217,優群,27,8,19,富邦-新店,2023-06-09,9661
00674R,期元大S＆P黃金反1,18,0,18,富邦-新店,2023-06-09,9661
5388,中磊,18,0,18,富邦-新店,2023-06-09,9661
2731,雄獅,45,28,17,富邦-新店,2023-06-09,9661
2736,富野,87,70,17,富邦-新店,2023-06-09,9661
2465,麗臺,17,0,17,富邦-新店,2023-06-09,9661
2882,國泰金,17,1,16,富邦-新店,2023-06-09,9661
1612,宏泰,23,7,16,富邦-新店,2023-06-09,9661
3038,全台,20,4,16,富邦-新店,2023-06-09,9661
2482,連宇,71,56,15,富邦-新店,2023-06-09,9661
6223,旺矽,27,13,14,富邦-新店,2023-06-09,9661
6160,欣技,17,3,14,富邦-新店,2023-06-09,9661
2324,仁寶,19,5,14,富邦-新店,2023-06-09,9661
2634,漢翔,45,32,13,富邦-新店,2023-06-09,9661
1307,三芳,13,0,13,富邦-新店,2023-06-09,9661
5452,佶優,13,0,13,富邦-新店,2023-06-09,9661
8110,華東,14,1,13,富邦-新店,2023-06-09,9661
2344,華邦電,37,24,13,富邦-新店,2023-06-09,9661
1752,南光,14,1,13,富邦-新店,2023-06-09,9661
6488,環球晶,13,1,12,富邦-新店,2023-06-09,9661
6214,精誠,12,0,12,富邦-新店,2023-06-09,9661
3025,星通,19,7,12,富邦-新店,2023-06-09,9661
7402,邑錡,14,2,12,富邦-新店,2023-06-09,9661
6245,立端,11,0,11,富邦-新店,2023-06-09,9661
2401,凌陽,14,3,11,富邦-新店,2023-06-09,9661
2338,光罩,22,11,11,富邦-新店,2023-06-09,9661
00676R,富邦臺灣加權反1,11,0,11,富邦-新店,2023-06-09,9661
5386,青雲,16,5,11,富邦-新店,2023-06-09,9661
2888,新光金,521,309,212,富邦-新店,2023-06-12,9661
2618,長榮航,247,99,148,富邦-新店,2023-06-12,9661
5213,亞昕,133,0,133,富邦-新店,2023-06-12,9661
3231,緯創,238,108,130,富邦-新店,2023-06-12,9661
1513,中興電,122,7,115,富邦-新店,2023-06-12,9661
1402,遠東新,100,0,100,富邦-新店,2023-06-12,9661
2382,廣達,113,29,84,富邦-新店,2023-06-12,9661
00929,復華台灣科技優息,93,12,81,富邦-新店,2023-06-12,9661
2882,國泰金,82,2,80,富邦-新店,2023-06-12,9661
3374,精材,100,20,80,富邦-新店,2023-06-12,9661
8021,尖點,179,102,77,富邦-新店,2023-06-12,9661
2480,敦陽科,74,0,74,富邦-新店,2023-06-12,9661
2331,精英,56,6,50,富邦-新店,2023-06-12,9661
00751B,元大AAA至A公司債,48,0,48,富邦-新店,2023-06-12,9661
6657,華安,51,4,47,富邦-新店,2023-06-12,9661
2457,飛宏,75,32,43,富邦-新店,2023-06-12,9661
00679B,元大美債20年,38,1,37,富邦-新店,2023-06-12,9661
9945,潤泰新,35,0,35,富邦-新店,2023-06-12,9661
3356,奇偶,46,11,35,富邦-新店,2023-06-12,9661
1907,永豐餘,35,4,31,富邦-新店,2023-06-12,9661
3178,公準,43,12,31,富邦-新店,2023-06-12,9661
2421,建準,45,16,29,富邦-新店,2023-06-12,9661
1529,樂事綠能,139,110,29,富邦-新店,2023-06-12,9661
6122,擎邦,38,10,28,富邦-新店,2023-06-12,9661
00713,元大台灣高息低波,28,1,27,富邦-新店,2023-06-12,9661
2850,新產,31,5,26,富邦-新店,2023-06-12,9661
00715L,期街口布蘭特正2,25,0,25,富邦-新店,2023-06-12,9661
1714,和桐,25,0,25,富邦-新店,2023-06-12,9661
2881,富邦金,39,14,25,富邦-新店,2023-06-12,9661
6191,精成科,27,2,25,富邦-新店,2023-06-12,9661
2886,兆豐金,31,7,24,富邦-新店,2023-06-12,9661
1815,富喬,24,1,23,富邦-新店,2023-06-12,9661
5258,虹堡,50,27,23,富邦-新店,2023-06-12,9661
3014,聯陽,26,4,22,富邦-新店,2023-06-12,9661
6190,萬泰科,21,0,21,富邦-新店,2023-06-12,9661
3518,柏騰,21,0,21,富邦-新店,2023-06-12,9661
1514,亞力,22,1,21,富邦-新店,2023-06-12,9661
5439,高技,29,9,20,富邦-新店,2023-06-12,9661
4906,正文,20,0,20,富邦-新店,2023-06-12,9661
00706L,期元大S＆P日圓正2,20,0,20,富邦-新店,2023-06-12,9661
3645,達邁,20,0,20,富邦-新店,2023-06-12,9661
00720B,元大投資級公司債,49,29,20,富邦-新店,2023-06-12,9661
00885,富邦越南,28,9,19,富邦-新店,2023-06-12,9661
8213,志超,20,1,19,富邦-新店,2023-06-12,9661
4979,華星光,140,121,19,富邦-新店,2023-06-12,9661
00878,國泰永續高股息,152,135,17,富邦-新店,2023-06-12,9661
3162,精確,28,11,17,富邦-新店,2023-06-12,9661
8936,國統,19,2,17,富邦-新店,2023-06-12,9661
2402,毅嘉,21,4,17,富邦-新店,2023-06-12,9661
3624,光頡,27,10,17,富邦-新店,2023-06-12,9661
00715L,期街口布蘭特正2,174,8,166,富邦-新店,2023-06-13,9661
00679B,元大美債20年,165,2,163,富邦-新店,2023-06-13,9661
5213,亞昕,163,5,158,富邦-新店,2023-06-13,9661
00632R,元大台灣50反1,211,80,131,富邦-新店,2023-06-13,9661
2328,廣宇,132,12,120,富邦-新店,2023-06-13,9661
2897,王道銀行,100,0,100,富邦-新店,2023-06-13,9661
00646,元大S＆P500,100,1,99,富邦-新店,2023-06-13,9661
2331,精英,87,1,86,富邦-新店,2023-06-13,9661
3231,緯創,183,99,84,富邦-新店,2023-06-13,9661
4129,聯合,72,4,68,富邦-新店,2023-06-13,9661
2705,六福,108,55,53,富邦-新店,2023-06-13,9661
2312,金寶,51,2,49,富邦-新店,2023-06-13,9661
2301,光寶科,52,5,47,富邦-新店,2023-06-13,9661
2888,新光金,139,97,42,富邦-新店,2023-06-13,9661
00919,群益台灣精選高息,41,2,39,富邦-新店,2023-06-13,9661
3178,公準,43,11,32,富邦-新店,2023-06-13,9661
00642U,期元大S＆P石油,29,0,29,富邦-新店,2023-06-13,9661
2382,廣達,86,57,29,富邦-新店,2023-06-13,9661
00712,復華富時不動產,47,22,25,富邦-新店,2023-06-13,9661
8048,德勝,25,0,25,富邦-新店,2023-06-13,9661
2228,劍麟,44,19,25,富邦-新店,2023-06-13,9661
2882,國泰金,25,1,24,富邦-新店,2023-06-13,9661
2002,中鋼,26,2,24,富邦-新店,2023-06-13,9661
2883,凱基金,24,0,24,富邦-新店,2023-06-13,9661
00720B,元大投資級公司債,23,0,23,富邦-新店,2023-06-13,9661
2504,國產,22,0,22,富邦-新店,2023-06-13,9661
3289,宜特,45,23,22,富邦-新店,2023-06-13,9661
3498,陽程,35,13,22,富邦-新店,2023-06-13,9661
2883B,凱基金乙特,21,0,21,富邦-新店,2023-06-13,9661
6282,康舒,56,35,21,富邦-新店,2023-06-13,9661
4113,聯上,20,0,20,富邦-新店,2023-06-13,9661
6185,幃翔,20,1,19,富邦-新店,2023-06-13,9661
00637L,元大滬深300正2,23,5,18,富邦-新店,2023-06-13,9661
1752,南光,22,4,18,富邦-新店,2023-06-13,9661
8926,台汽電,34,18,16,富邦-新店,2023-06-13,9661
1806,冠軍,22,6,16,富邦-新店,2023-06-13,9661
00676R,富邦臺灣加權反1,16,0,16,富邦-新店,2023-06-13,9661
2349,錸德,16,0,16,富邦-新店,2023-06-13,9661
6733,博晟生醫,17,2,15,富邦-新店,2023-06-13,9661
9907,統一實,16,1,15,富邦-新店,2023-06-13,9661
1707,葡萄王,15,0,15,富邦-新店,2023-06-13,9661
2353,宏��,19,4,15,富邦-新店,2023-06-13,9661
2235,謚源,14,0,14,富邦-新店,2023-06-13,9661
8049,晶采,14,0,14,富邦-新店,2023-06-13,9661
2884,玉山金,19,6,13,富邦-新店,2023-06-13,9661
00882,中信中國高股息,23,10,13,富邦-新店,2023-06-13,9661
4968,立積,20,7,13,富邦-新店,2023-06-13,9661
2887,台新金,19,6,13,富邦-新店,2023-06-13,9661
3630,新鉅科,13,1,12,富邦-新店,2023-06-13,9661
1710,東聯,15,3,12,富邦-新店,2023-06-13,9661
00679B,元大美債20年,190,6,184,富邦-新店,2023-06-14,9661
2880,華南金,161,0,161,富邦-新店,2023-06-14,9661
2324,仁寶,163,10,153,富邦-新店,2023-06-14,9661
00646,元大S＆P500,135,0,135,富邦-新店,2023-06-14,9661
2356,英業達,451,362,89,富邦-新店,2023-06-14,9661
5213,亞昕,69,0,69,富邦-新店,2023-06-14,9661
00712,復華富時不動產,77,17,60,富邦-新店,2023-06-14,9661
2801,彰銀,68,9,59,富邦-新店,2023-06-14,9661
3479,安勤,56,0,56,富邦-新店,2023-06-14,9661
6244,茂迪,50,3,47,富邦-新店,2023-06-14,9661
2888,新光金,98,52,46,富邦-新店,2023-06-14,9661
00885,富邦越南,63,19,44,富邦-新店,2023-06-14,9661
6185,幃翔,44,1,43,富邦-新店,2023-06-14,9661
1609,大亞,45,4,41,富邦-新店,2023-06-14,9661
2317,鴻海,55,14,41,富邦-新店,2023-06-14,9661
2449,京元電子,63,28,35,富邦-新店,2023-06-14,9661
00919,群益台灣精選高息,33,2,31,富邦-新店,2023-06-14,9661
6191,精成科,33,2,31,富邦-新店,2023-06-14,9661
00900,富邦特選高股息30,77,46,31,富邦-新店,2023-06-14,9661
00929,復華台灣科技優息,51,21,30,富邦-新店,2023-06-14,9661
8215,明基材,30,1,29,富邦-新店,2023-06-14,9661
1522,堤維西,100,71,29,富邦-新店,2023-06-14,9661
1339,昭輝,28,0,28,富邦-新店,2023-06-14,9661
2340,台亞,34,6,28,富邦-新店,2023-06-14,9661
00713,元大台灣高息低波,34,7,27,富邦-新店,2023-06-14,9661
6205,詮欣,26,0,26,富邦-新店,2023-06-14,9661
6770,力積電,60,35,25,富邦-新店,2023-06-14,9661
3548,兆利,23,1,22,富邦-新店,2023-06-14,9661
3003,健和興,24,2,22,富邦-新店,2023-06-14,9661
8105,凌巨,40,18,22,富邦-新店,2023-06-14,9661
6148,驊宏資,33,12,21,富邦-新店,2023-06-14,9661
1314,中石化,21,0,21,富邦-新店,2023-06-14,9661
3217,優群,35,14,21,富邦-新店,2023-06-14,9661
00715L,期街口布蘭特正2,35,14,21,富邦-新店,2023-06-14,9661
2312,金寶,20,0,20,富邦-新店,2023-06-14,9661
8070,長華*,22,2,20,富邦-新店,2023-06-14,9661
1605,華新,33,14,19,富邦-新店,2023-06-14,9661
4533,協易機,66,47,19,富邦-新店,2023-06-14,9661
1802,台玻,18,0,18,富邦-新店,2023-06-14,9661
4743,合一,19,1,18,富邦-新店,2023-06-14,9661
1806,冠軍,19,1,18,富邦-新店,2023-06-14,9661
6245,立端,18,1,17,富邦-新店,2023-06-14,9661
4768,晶呈科技,19,2,17,富邦-新店,2023-06-14,9661
3356,奇偶,57,40,17,富邦-新店,2023-06-14,9661
2337,旺宏,19,2,17,富邦-新店,2023-06-14,9661
00751B,元大AAA至A公司債,16,0,16,富邦-新店,2023-06-14,9661
2382,廣達,28,12,16,富邦-新店,2023-06-14,9661
3362,先進光,21,5,16,富邦-新店,2023-06-14,9661
2376,技嘉,32,16,16,富邦-新店,2023-06-14,9661
2425,承啟,21,6,15,富邦-新店,2023-06-14,9661
00919,群益台灣精選高息,380,23,357,富邦-新店,2023-06-15,9661
00632R,元大台灣50反1,103,0,103,富邦-新店,2023-06-15,9661
8076,伍豐,172,70,102,富邦-新店,2023-06-15,9661
9907,統一實,100,0,100,富邦-新店,2023-06-15,9661
6245,立端,114,20,94,富邦-新店,2023-06-15,9661
2888,新光金,111,40,71,富邦-新店,2023-06-15,9661
00712,復華富時不動產,96,27,69,富邦-新店,2023-06-15,9661
3707,漢磊,86,24,62,富邦-新店,2023-06-15,9661
5531,鄉林,60,0,60,富邦-新店,2023-06-15,9661
2892,第一金,53,0,53,富邦-新店,2023-06-15,9661
2331,精英,54,12,42,富邦-新店,2023-06-15,9661
6112,邁達特,47,6,41,富邦-新店,2023-06-15,9661
2401,凌陽,105,64,41,富邦-新店,2023-06-15,9661
2317,鴻海,50,9,41,富邦-新店,2023-06-15,9661
3362,先進光,44,6,38,富邦-新店,2023-06-15,9661
2486,一詮,60,22,38,富邦-新店,2023-06-15,9661
5340,建榮,36,3,33,富邦-新店,2023-06-15,9661
4526,東台,32,0,32,富邦-新店,2023-06-15,9661
2489,瑞軒,42,10,32,富邦-新店,2023-06-15,9661
3711,日月光投控,33,2,31,富邦-新店,2023-06-15,9661
6770,力積電,33,3,30,富邦-新店,2023-06-15,9661
1536,和大,30,0,30,富邦-新店,2023-06-15,9661
00715L,期街口布蘭特正2,31,2,29,富邦-新店,2023-06-15,9661
2468,華經,53,24,29,富邦-新店,2023-06-15,9661
00885,富邦越南,35,7,28,富邦-新店,2023-06-15,9661
00751B,元大AAA至A公司債,27,0,27,富邦-新店,2023-06-15,9661
3704,合勤控,33,7,26,富邦-新店,2023-06-15,9661
2421,建準,57,31,26,富邦-新店,2023-06-15,9661
8050,廣積,38,13,25,富邦-新店,2023-06-15,9661
00679B,元大美債20年,25,0,25,富邦-新店,2023-06-15,9661
3264,欣銓,35,10,25,富邦-新店,2023-06-15,9661
1609,大亞,48,24,24,富邦-新店,2023-06-15,9661
2618,長榮航,582,558,24,富邦-新店,2023-06-15,9661
3498,陽程,31,9,22,富邦-新店,2023-06-15,9661
2399,映泰,42,20,22,富邦-新店,2023-06-15,9661
2332,友訊,33,12,21,富邦-新店,2023-06-15,9661
6278,台表科,22,1,21,富邦-新店,2023-06-15,9661
2461,光群雷,26,5,21,富邦-新店,2023-06-15,9661
6531,愛普*,26,6,20,富邦-新店,2023-06-15,9661
6596,寬宏藝術,57,37,20,富邦-新店,2023-06-15,9661
6182,合晶,32,12,20,富邦-新店,2023-06-15,9661
4129,聯合,27,7,20,富邦-新店,2023-06-15,9661
6214,精誠,22,3,19,富邦-新店,2023-06-15,9661
00753L,中信中國50正2,29,10,19,富邦-新店,2023-06-15,9661
00882,中信中國高股息,18,0,18,富邦-新店,2023-06-15,9661
3260,威剛,20,2,18,富邦-新店,2023-06-15,9661
3033,威健,27,10,17,富邦-新店,2023-06-15,9661
6279,胡連,18,1,17,富邦-新店,2023-06-15,9661
6163,華電網,22,5,17,富邦-新店,2023-06-15,9661
8446,華研,26,10,16,富邦-新店,2023-06-15,9661
00706L,期元大S＆P日圓正2,280,0,280,富邦-新店,2023-06-16,9661
2610,華航,896,617,279,富邦-新店,2023-06-16,9661
3706,神達,290,124,166,富邦-新店,2023-06-16,9661
5425,台半,164,16,148,富邦-新店,2023-06-16,9661
00919,群益台灣精選高息,146,14,132,富邦-新店,2023-06-16,9661
2371,大同,254,137,117,富邦-新店,2023-06-16,9661
1605,華新,151,67,84,富邦-新店,2023-06-16,9661
2449,京元電子,88,8,80,富邦-新店,2023-06-16,9661
2303,聯電,80,15,65,富邦-新店,2023-06-16,9661
2427,三商電,60,1,59,富邦-新店,2023-06-16,9661
00712,復華富時不動產,59,0,59,富邦-新店,2023-06-16,9661
6263,普萊德,58,2,56,富邦-新店,2023-06-16,9661
6282,康舒,62,11,51,富邦-新店,2023-06-16,9661
00676R,富邦臺灣加權反1,50,0,50,富邦-新店,2023-06-16,9661
00929,復華台灣科技優息,57,10,47,富邦-新店,2023-06-16,9661
1789,神隆,44,1,43,富邦-新店,2023-06-16,9661
00885,富邦越南,45,3,42,富邦-新店,2023-06-16,9661
00679B,元大美債20年,44,2,42,富邦-新店,2023-06-16,9661
1536,和大,35,1,34,富邦-新店,2023-06-16,9661
2301,光寶科,44,11,33,富邦-新店,2023-06-16,9661
1504,東元,157,123,34,富邦-新店,2023-06-16,9661
3024,憶聲,44,12,32,富邦-新店,2023-06-16,9661
00720B,元大投資級公司債,43,11,32,富邦-新店,2023-06-16,9661
2881,富邦金,34,4,30,富邦-新店,2023-06-16,9661
4976,佳凌,43,16,27,富邦-新店,2023-06-16,9661
3013,晟銘電,51,25,26,富邦-新店,2023-06-16,9661
2834,臺企銀,26,1,25,富邦-新店,2023-06-16,9661
3264,欣銓,39,14,25,富邦-新店,2023-06-16,9661
1709,和益,25,0,25,富邦-新店,2023-06-16,9661
6147,頎邦,24,0,24,富邦-新店,2023-06-16,9661
00882,中信中國高股息,30,7,23,富邦-新店,2023-06-16,9661
1815,富喬,40,17,23,富邦-新店,2023-06-16,9661
6188,廣明,24,2,22,富邦-新店,2023-06-16,9661
6223,旺矽,32,10,22,富邦-新店,2023-06-16,9661
2882,國泰金,23,2,21,富邦-新店,2023-06-16,9661
3163,波若威,23,2,21,富邦-新店,2023-06-16,9661
1540,喬福,23,2,21,富邦-新店,2023-06-16,9661
6185,幃翔,21,0,21,富邦-新店,2023-06-16,9661
3060,銘異,21,1,20,富邦-新店,2023-06-16,9661
00641R,富邦日本反1,20,0,20,富邦-新店,2023-06-16,9661
2736,富野,80,60,20,富邦-新店,2023-06-16,9661
6150,撼訊,22,2,20,富邦-新店,2023-06-16,9661
6443,元晶,22,2,20,富邦-新店,2023-06-16,9661
1802,台玻,46,26,20,富邦-新店,2023-06-16,9661
6596,寬宏藝術,19,0,19,富邦-新店,2023-06-16,9661
2385,群光,36,17,19,富邦-新店,2023-06-16,9661
2405,輔信,24,5,19,富邦-新店,2023-06-16,9661
2489,瑞軒,56,37,19,富邦-新店,2023-06-16,9661
5213,亞昕,19,0,19,富邦-新店,2023-06-16,9661
3406,玉晶光,18,0,18,富邦-新店,2023-06-16,9661
00712,復華富時不動產,208,35,173,富邦-新店,2023-06-19,9661
2337,旺宏,172,13,159,富邦-新店,2023-06-19,9661
2353,宏��,173,15,158,富邦-新店,2023-06-19,9661
00637L,元大滬深300正2,161,4,157,富邦-新店,2023-06-19,9661
2356,英業達,166,42,124,富邦-新店,2023-06-19,9661
6120,達運,109,28,81,富邦-新店,2023-06-19,9661
5531,鄉林,73,0,73,富邦-新店,2023-06-19,9661
8033,雷虎,82,13,69,富邦-新店,2023-06-19,9661
00673R,期元大S＆P原油反1,67,1,66,富邦-新店,2023-06-19,9661
3231,緯創,136,81,55,富邦-新店,2023-06-19,9661
2481,強茂,51,0,51,富邦-新店,2023-06-19,9661
2371,大同,84,34,50,富邦-新店,2023-06-19,9661
2014,中鴻,56,7,49,富邦-新店,2023-06-19,9661
00679B,元大美債20年,52,5,47,富邦-新店,2023-06-19,9661
1504,東元,52,6,46,富邦-新店,2023-06-19,9661
2457,飛宏,77,35,42,富邦-新店,2023-06-19,9661
1513,中興電,173,132,41,富邦-新店,2023-06-19,9661
00671R,富邦NASDAQ反1,41,0,41,富邦-新店,2023-06-19,9661
3706,神達,66,26,40,富邦-新店,2023-06-19,9661
2312,金寶,121,83,38,富邦-新店,2023-06-19,9661
5484,慧友,37,1,36,富邦-新店,2023-06-19,9661
00720B,元大投資級公司債,36,1,35,富邦-新店,2023-06-19,9661
3037,欣興,44,10,34,富邦-新店,2023-06-19,9661
2882,國泰金,30,0,30,富邦-新店,2023-06-19,9661
2883B,凱基金乙特,30,0,30,富邦-新店,2023-06-19,9661
1605,華新,53,24,29,富邦-新店,2023-06-19,9661
2845,遠東銀,36,7,29,富邦-新店,2023-06-19,9661
4138,曜亞,30,2,28,富邦-新店,2023-06-19,9661
6770,力積電,33,5,28,富邦-新店,2023-06-19,9661
00919,群益台灣精選高息,42,15,27,富邦-新店,2023-06-19,9661
00641R,富邦日本反1,25,0,25,富邦-新店,2023-06-19,9661
00753L,中信中國50正2,25,0,25,富邦-新店,2023-06-19,9661
2303,聯電,29,4,25,富邦-新店,2023-06-19,9661
8926,台汽電,24,0,24,富邦-新店,2023-06-19,9661
6148,驊宏資,145,122,23,富邦-新店,2023-06-19,9661
3071,協禧,41,18,23,富邦-新店,2023-06-19,9661
6169,昱泉,22,0,22,富邦-新店,2023-06-19,9661
2324,仁寶,28,7,21,富邦-新店,2023-06-19,9661
4763,材料-KY,21,0,21,富邦-新店,2023-06-19,9661
6213,聯茂,21,0,21,富邦-新店,2023-06-19,9661
00706L,期元大S＆P日圓正2,21,0,21,富邦-新店,2023-06-19,9661
8105,凌巨,21,0,21,富邦-新店,2023-06-19,9661
3645,達邁,21,0,21,富邦-新店,2023-06-19,9661
2609,陽明,22,1,21,富邦-新店,2023-06-19,9661
2881,富邦金,25,5,20,富邦-新店,2023-06-19,9661
3356,奇偶,45,25,20,富邦-新店,2023-06-19,9661
2419,仲琦,20,0,20,富邦-新店,2023-06-19,9661
00851,台新全球AI,20,0,20,富邦-新店,2023-06-19,9661
3060,銘異,20,0,20,富邦-新店,2023-06-19,9661
00929,復華台灣科技優息,21,2,19,富邦-新店,2023-06-19,9661
3481,群創,149,40,109,富邦-新店,2023-06-20,9661
2883,凱基金,161,60,101,富邦-新店,2023-06-20,9661
3264,欣銓,105,5,100,富邦-新店,2023-06-20,9661
6120,達運,175,83,92,富邦-新店,2023-06-20,9661
2610,華航,182,97,85,富邦-新店,2023-06-20,9661
00712,復華富時不動產,89,4,85,富邦-新店,2023-06-20,9661
2881,富邦金,82,0,82,富邦-新店,2023-06-20,9661
4934,太極,73,3,70,富邦-新店,2023-06-20,9661
2618,長榮航,272,208,64,富邦-新店,2023-06-20,9661
2538,基泰,64,0,64,富邦-新店,2023-06-20,9661
3673,TPK-KY,64,2,62,富邦-新店,2023-06-20,9661
00637L,元大滬深300正2,74,15,59,富邦-新店,2023-06-20,9661
3025,星通,77,21,56,富邦-新店,2023-06-20,9661
2884,玉山金,54,3,51,富邦-新店,2023-06-20,9661
2801,彰銀,53,3,50,富邦-新店,2023-06-20,9661
5009,榮剛,50,6,44,富邦-新店,2023-06-20,9661
2739,寒舍,45,4,41,富邦-新店,2023-06-20,9661
00919,群益台灣精選高息,41,1,40,富邦-新店,2023-06-20,9661
2427,三商電,50,10,40,富邦-新店,2023-06-20,9661
2855,統一證,40,0,40,富邦-新店,2023-06-20,9661
3479,安勤,39,0,39,富邦-新店,2023-06-20,9661
2104,國際中橡,33,2,31,富邦-新店,2023-06-20,9661
2454,聯發科,40,10,30,富邦-新店,2023-06-20,9661
2892,第一金,29,0,29,富邦-新店,2023-06-20,9661
2607,榮運,31,2,29,富邦-新店,2023-06-20,9661
2368,金像電,38,12,26,富邦-新店,2023-06-20,9661
00882,中信中國高股息,25,0,25,富邦-新店,2023-06-20,9661
4506,崇友,25,0,25,富邦-新店,2023-06-20,9661
2867,三商壽,40,16,24,富邦-新店,2023-06-20,9661
2404,漢唐,24,0,24,富邦-新店,2023-06-20,9661
00921,兆豐龍頭等權重,23,0,23,富邦-新店,2023-06-20,9661
00632R,元大台灣50反1,22,0,22,富邦-新店,2023-06-20,9661
2880,華南金,21,0,21,富邦-新店,2023-06-20,9661
3363,上詮,74,54,20,富邦-新店,2023-06-20,9661
5388,中磊,24,4,20,富邦-新店,2023-06-20,9661
2337,旺宏,25,5,20,富邦-新店,2023-06-20,9661
00676R,富邦臺灣加權反1,20,0,20,富邦-新店,2023-06-20,9661
5531,鄉林,20,0,20,富邦-新店,2023-06-20,9661
1522,堤維西,27,8,19,富邦-新店,2023-06-20,9661
6206,飛捷,19,0,19,富邦-新店,2023-06-20,9661
3027,盛達,19,0,19,富邦-新店,2023-06-20,9661
5340,建榮,22,3,19,富邦-新店,2023-06-20,9661
2409,友達,49,31,18,富邦-新店,2023-06-20,9661
8099,大世科,20,2,18,富邦-新店,2023-06-20,9661
2498,宏達電,20,2,18,富邦-新店,2023-06-20,9661
8076,伍豐,85,67,18,富邦-新店,2023-06-20,9661
00679B,元大美債20年,41,24,17,富邦-新店,2023-06-20,9661
00929,復華台灣科技優息,28,11,17,富邦-新店,2023-06-20,9661
4541,晟田,30,14,16,富邦-新店,2023-06-20,9661
00673R,期元大S＆P原油反1,15,0,15,富邦-新店,2023-06-20,9661
2323,中環,296,96,200,富邦-新店,2023-06-21,9661
00893,國泰智能電動車,210,46,164,富邦-新店,2023-06-21,9661
2409,友達,142,48,94,富邦-新店,2023-06-21,9661
00673R,期元大S＆P原油反1,73,0,73,富邦-新店,2023-06-21,9661
1802,台玻,56,1,55,富邦-新店,2023-06-21,9661
5876,上海商銀,51,0,51,富邦-新店,2023-06-21,9661
00753L,中信中國50正2,56,5,51,富邦-新店,2023-06-21,9661
1909,榮成,51,1,50,富邦-新店,2023-06-21,9661
2353,宏��,57,12,45,富邦-新店,2023-06-21,9661
2609,陽明,46,3,43,富邦-新店,2023-06-21,9661
00795B,中信美國公債20年,39,0,39,富邦-新店,2023-06-21,9661
8358,金居,83,45,38,富邦-新店,2023-06-21,9661
6282,康舒,88,50,38,富邦-新店,2023-06-21,9661
4744,皇將,38,0,38,富邦-新店,2023-06-21,9661
3706,神達,46,9,37,富邦-新店,2023-06-21,9661
2704,國賓,47,10,37,富邦-新店,2023-06-21,9661
3027,盛達,65,29,36,富邦-新店,2023-06-21,9661
4108,懷特,32,0,32,富邦-新店,2023-06-21,9661
6125,廣運,52,23,29,富邦-新店,2023-06-21,9661
6596,寬宏藝術,29,0,29,富邦-新店,2023-06-21,9661
2603,長榮,38,12,26,富邦-新店,2023-06-21,9661
3289,宜特,27,2,25,富邦-新店,2023-06-21,9661
2303,聯電,44,20,24,富邦-新店,2023-06-21,9661
5426,振發,45,21,24,富邦-新店,2023-06-21,9661
2426,鼎元,20,0,20,富邦-新店,2023-06-21,9661
2905,三商,18,0,18,富邦-新店,2023-06-21,9661
3264,欣銓,30,13,17,富邦-新店,2023-06-21,9661
3479,安勤,20,4,16,富邦-新店,2023-06-21,9661
1609,大亞,31,16,15,富邦-新店,2023-06-21,9661
6584,南俊國際,15,0,15,富邦-新店,2023-06-21,9661
00922,國泰台灣領袖50,14,0,14,富邦-新店,2023-06-21,9661
2324,仁寶,28,14,14,富邦-新店,2023-06-21,9661
00919,群益台灣精選高息,18,5,13,富邦-新店,2023-06-21,9661
4904,遠傳,13,0,13,富邦-新店,2023-06-21,9661
2352,佳世達,28,15,13,富邦-新店,2023-06-21,9661
5340,建榮,22,9,13,富邦-新店,2023-06-21,9661
6245,立端,13,1,12,富邦-新店,2023-06-21,9661
2360,致茂,12,0,12,富邦-新店,2023-06-21,9661
3045,台灣大,12,0,12,富邦-新店,2023-06-21,9661
2891,中信金,15,3,12,富邦-新店,2023-06-21,9661
3645,達邁,12,0,12,富邦-新店,2023-06-21,9661
6441,廣錠,13,1,12,富邦-新店,2023-06-21,9661
1533,車王電,23,11,12,富邦-新店,2023-06-21,9661
5351,鈺創,15,3,12,富邦-新店,2023-06-21,9661
3481,群創,260,248,12,富邦-新店,2023-06-21,9661
1513,中興電,37,25,12,富邦-新店,2023-06-21,9661
00687B,國泰20年美債,11,0,11,富邦-新店,2023-06-21,9661
2206,三陽工業,14,3,11,富邦-新店,2023-06-21,9661
00665L,富邦�琤肭磪囓�2,11,0,11,富邦-新店,2023-06-21,9661
6122,擎邦,13,2,11,富邦-新店,2023-06-21,9661
2409,友達,471,22,449,富邦-新店,2023-06-26,9661
2883,凱基金,165,18,147,富邦-新店,2023-06-26,9661
3673,TPK-KY,112,6,106,富邦-新店,2023-06-26,9661
2401,凌陽,101,0,101,富邦-新店,2023-06-26,9661
2302,麗正,90,0,90,富邦-新店,2023-06-26,9661
00637L,元大滬深300正2,81,0,81,富邦-新店,2023-06-26,9661
5340,建榮,54,0,54,富邦-新店,2023-06-26,9661
1314,中石化,54,0,54,富邦-新店,2023-06-26,9661
00929,復華台灣科技優息,50,0,50,富邦-新店,2023-06-26,9661
1905,華紙,122,74,48,富邦-新店,2023-06-26,9661
1904,正隆,85,38,47,富邦-新店,2023-06-26,9661
00715L,期街口布蘭特正2,46,0,46,富邦-新店,2023-06-26,9661
2515,中工,100,58,42,富邦-新店,2023-06-26,9661
3481,群創,157,117,40,富邦-新店,2023-06-26,9661
5531,鄉林,40,0,40,富邦-新店,2023-06-26,9661
3454,晶睿,44,5,39,富邦-新店,2023-06-26,9661
2382,廣達,68,31,37,富邦-新店,2023-06-26,9661
2303,聯電,140,104,36,富邦-新店,2023-06-26,9661
00757,統一FANG+,34,0,34,富邦-新店,2023-06-26,9661
1514,亞力,81,48,33,富邦-新店,2023-06-26,9661
1907,永豐餘,45,12,33,富邦-新店,2023-06-26,9661
2354,鴻準,31,0,31,富邦-新店,2023-06-26,9661
2609,陽明,43,14,29,富邦-新店,2023-06-26,9661
3013,晟銘電,40,12,28,富邦-新店,2023-06-26,9661
6203,海韻電,27,0,27,富邦-新店,2023-06-26,9661
3003,健和興,28,1,27,富邦-新店,2023-06-26,9661
2368,金像電,39,14,25,富邦-新店,2023-06-26,9661
4916,事欣科,57,32,25,富邦-新店,2023-06-26,9661
3715,定穎投控,25,0,25,富邦-新店,2023-06-26,9661
2801,彰銀,26,1,25,富邦-新店,2023-06-26,9661
1513,中興電,62,38,24,富邦-新店,2023-06-26,9661
2538,基泰,24,0,24,富邦-新店,2023-06-26,9661
006208,富邦台50,37,13,24,富邦-新店,2023-06-26,9661
1504,東元,26,3,23,富邦-新店,2023-06-26,9661
00642U,期元大S＆P石油,28,5,23,富邦-新店,2023-06-26,9661
00882,中信中國高股息,25,3,22,富邦-新店,2023-06-26,9661
6796,晉弘,22,0,22,富邦-新店,2023-06-26,9661
6116,彩晶,42,20,22,富邦-新店,2023-06-26,9661
00888,永豐台灣ESG,24,2,22,富邦-新店,2023-06-26,9661
2881,富邦金,23,1,22,富邦-新店,2023-06-26,9661
2913,農林,39,18,21,富邦-新店,2023-06-26,9661
3380,明泰,22,1,21,富邦-新店,2023-06-26,9661
2617,台航,21,0,21,富邦-新店,2023-06-26,9661
00712,復華富時不動產,22,1,21,富邦-新店,2023-06-26,9661
8069,元太,37,17,20,富邦-新店,2023-06-26,9661
3645,達邁,20,0,20,富邦-新店,2023-06-26,9661
6169,昱泉,20,0,20,富邦-新店,2023-06-26,9661
6209,今國光,20,1,19,富邦-新店,2023-06-26,9661
3056,富華新,23,5,18,富邦-新店,2023-06-26,9661
6224,聚鼎,18,0,18,富邦-新店,2023-06-26,9661
3706,神達,239,18,221,富邦-新店,2023-06-27,9661
2610,華航,246,115,131,富邦-新店,2023-06-27,9661
3481,群創,143,27,116,富邦-新店,2023-06-27,9661
2303,聯電,119,10,109,富邦-新店,2023-06-27,9661
3231,緯創,239,133,106,富邦-新店,2023-06-27,9661
00878,國泰永續高股息,191,88,103,富邦-新店,2023-06-27,9661
2353,宏��,108,7,101,富邦-新店,2023-06-27,9661
6191,精成科,113,25,88,富邦-新店,2023-06-27,9661
2302,麗正,73,0,73,富邦-新店,2023-06-27,9661
3038,全台,110,39,71,富邦-新店,2023-06-27,9661
1605,華新,81,12,69,富邦-新店,2023-06-27,9661
00788B,元大10年IG電能債,60,0,60,富邦-新店,2023-06-27,9661
00757,統一FANG+,52,1,51,富邦-新店,2023-06-27,9661
1709,和益,40,0,40,富邦-新店,2023-06-27,9661
2913,農林,38,1,37,富邦-新店,2023-06-27,9661
00929,復華台灣科技優息,57,20,37,富邦-新店,2023-06-27,9661
1909,榮成,31,0,31,富邦-新店,2023-06-27,9661
2427,三商電,43,12,31,富邦-新店,2023-06-27,9661
1312,國喬,33,3,30,富邦-新店,2023-06-27,9661
4503,金雨,38,10,28,富邦-新店,2023-06-27,9661
2409,友達,34,6,28,富邦-新店,2023-06-27,9661
6125,廣運,38,12,26,富邦-新店,2023-06-27,9661
1905,華紙,37,11,26,富邦-新店,2023-06-27,9661
00706L,期元大S＆P日圓正2,26,0,26,富邦-新店,2023-06-27,9661
00888,永豐台灣ESG,25,0,25,富邦-新店,2023-06-27,9661
6150,撼訊,25,0,25,富邦-新店,2023-06-27,9661
00772B,中信高評級公司債,24,0,24,富邦-新店,2023-06-27,9661
5484,慧友,23,0,23,富邦-新店,2023-06-27,9661
1313,聯成,23,1,22,富邦-新店,2023-06-27,9661
2340,台亞,72,50,22,富邦-新店,2023-06-27,9661
3093,港建*,23,1,22,富邦-新店,2023-06-27,9661
1514,亞力,50,28,22,富邦-新店,2023-06-27,9661
6120,達運,22,0,22,富邦-新店,2023-06-27,9661
8926,台汽電,25,3,22,富邦-新店,2023-06-27,9661
1301,台塑,21,0,21,富邦-新店,2023-06-27,9661
9945,潤泰新,21,0,21,富邦-新店,2023-06-27,9661
6176,瑞儀,20,0,20,富邦-新店,2023-06-27,9661
1734,杏輝,36,16,20,富邦-新店,2023-06-27,9661
1440,南紡,20,0,20,富邦-新店,2023-06-27,9661
3715,定穎投控,25,5,20,富邦-新店,2023-06-27,9661
2449,京元電子,23,4,19,富邦-新店,2023-06-27,9661
00919,群益台灣精選高息,133,115,18,富邦-新店,2023-06-27,9661
2601,益航,18,0,18,富邦-新店,2023-06-27,9661
2371,大同,67,49,18,富邦-新店,2023-06-27,9661
00751B,元大AAA至A公司債,18,0,18,富邦-新店,2023-06-27,9661
2367,燿華,17,0,17,富邦-新店,2023-06-27,9661
2312,金寶,17,0,17,富邦-新店,2023-06-27,9661
3013,晟銘電,41,24,17,富邦-新店,2023-06-27,9661
3044,健鼎,17,0,17,富邦-新店,2023-06-27,9661
6101,寬魚國際,16,0,16,富邦-新店,2023-06-27,9661
1605,華新,426,35,391,富邦-新店,2023-06-28,9661
00885,富邦越南,111,6,105,富邦-新店,2023-06-28,9661
1444,力麗,110,5,105,富邦-新店,2023-06-28,9661
2485,兆赫,93,2,91,富邦-新店,2023-06-28,9661
00715L,期街口布蘭特正2,92,6,86,富邦-新店,2023-06-28,9661
2393,億光,70,2,68,富邦-新店,2023-06-28,9661
2303,聯電,64,1,63,富邦-新店,2023-06-28,9661
00706L,期元大S＆P日圓正2,62,0,62,富邦-新店,2023-06-28,9661
00893,國泰智能電動車,60,4,56,富邦-新店,2023-06-28,9661
2419,仲琦,65,19,46,富邦-新店,2023-06-28,9661
00701,國泰股利精選30,45,1,44,富邦-新店,2023-06-28,9661
6138,茂達,43,1,42,富邦-新店,2023-06-28,9661
00720B,元大投資級公司債,39,1,38,富邦-新店,2023-06-28,9661
4157,太景*-KY,39,5,34,富邦-新店,2023-06-28,9661
2201,裕隆,47,13,34,富邦-新店,2023-06-28,9661
6111,大宇資,46,13,33,富邦-新店,2023-06-28,9661
2913,農林,31,3,28,富邦-新店,2023-06-28,9661
3363,上詮,43,16,27,富邦-新店,2023-06-28,9661
00642U,期元大S＆P石油,26,0,26,富邦-新店,2023-06-28,9661
2634,漢翔,67,42,25,富邦-新店,2023-06-28,9661
2356,英業達,91,68,23,富邦-新店,2023-06-28,9661
6841,長佳智能,39,17,22,富邦-新店,2023-06-28,9661
2498,宏達電,22,1,21,富邦-新店,2023-06-28,9661
5484,慧友,20,0,20,富邦-新店,2023-06-28,9661
5258,虹堡,24,4,20,富邦-新店,2023-06-28,9661
4953,緯軟,20,0,20,富邦-新店,2023-06-28,9661
5388,中磊,30,11,19,富邦-新店,2023-06-28,9661
2892,第一金,19,0,19,富邦-新店,2023-06-28,9661
2705,六福,23,5,18,富邦-新店,2023-06-28,9661
1101,台泥,19,1,18,富邦-新店,2023-06-28,9661
5425,台半,17,0,17,富邦-新店,2023-06-28,9661
2365,昆盈,20,3,17,富邦-新店,2023-06-28,9661
006208,富邦台50,24,7,17,富邦-新店,2023-06-28,9661
3078,僑威,32,16,16,富邦-新店,2023-06-28,9661
2409,友達,17,1,16,富邦-新店,2023-06-28,9661
3025,星通,28,13,15,富邦-新店,2023-06-28,9661
2323,中環,24,9,15,富邦-新店,2023-06-28,9661
00712,復華富時不動產,15,1,14,富邦-新店,2023-06-28,9661
2748,雲品,27,13,14,富邦-新店,2023-06-28,9661
2302,麗正,14,0,14,富邦-新店,2023-06-28,9661
3260,威剛,23,9,14,富邦-新店,2023-06-28,9661
2371,大同,43,29,14,富邦-新店,2023-06-28,9661
2385,群光,14,1,13,富邦-新店,2023-06-28,9661
00679B,元大美債20年,16,4,12,富邦-新店,2023-06-28,9661
2883,凱基金,14,2,12,富邦-新店,2023-06-28,9661
1528,恩德,18,6,12,富邦-新店,2023-06-28,9661
5704,老爺知,33,21,12,富邦-新店,2023-06-28,9661
00687B,國泰20年美債,11,0,11,富邦-新店,2023-06-28,9661
1785,光洋科,13,2,11,富邦-新店,2023-06-28,9661
1904,正隆,13,2,11,富邦-新店,2023-06-28,9661
3704,合勤控,117,13,104,富邦-新店,2023-06-29,9661
1532,勤美,100,2,98,富邦-新店,2023-06-29,9661
2618,長榮航,148,57,91,富邦-新店,2023-06-29,9661
2867,三商壽,106,20,86,富邦-新店,2023-06-29,9661
8403,盛弘,88,21,67,富邦-新店,2023-06-29,9661
2427,三商電,65,3,62,富邦-新店,2023-06-29,9661
2610,華航,78,17,61,富邦-新店,2023-06-29,9661
2303,聯電,55,0,55,富邦-新店,2023-06-29,9661
6191,精成科,82,31,51,富邦-新店,2023-06-29,9661
4414,如興,50,5,45,富邦-新店,2023-06-29,9661
912000,晨訊科-DR,40,0,40,富邦-新店,2023-06-29,9661
2891,中信金,35,0,35,富邦-新店,2023-06-29,9661
2609,陽明,42,8,34,富邦-新店,2023-06-29,9661
6138,茂達,34,0,34,富邦-新店,2023-06-29,9661
2419,仲琦,236,212,24,富邦-新店,2023-06-29,9661
0056,元大高股息,27,4,23,富邦-新店,2023-06-29,9661
00712,復華富時不動產,23,1,22,富邦-新店,2023-06-29,9661
2353,宏��,23,2,21,富邦-新店,2023-06-29,9661
00665L,富邦�琤肭磪囓�2,21,0,21,富邦-新店,2023-06-29,9661
6190,萬泰科,21,0,21,富邦-新店,2023-06-29,9661
3027,盛達,30,10,20,富邦-新店,2023-06-29,9661
6657,華安,28,8,20,富邦-新店,2023-06-29,9661
00924,復華S＆P500成長,20,0,20,富邦-新店,2023-06-29,9661
00929,復華台灣科技優息,20,0,20,富邦-新店,2023-06-29,9661
2731,雄獅,21,1,20,富邦-新店,2023-06-29,9661
00919,群益台灣精選高息,20,1,19,富邦-新店,2023-06-29,9661
3005,神基,22,4,18,富邦-新店,2023-06-29,9661
5469,瀚宇博,29,11,18,富邦-新店,2023-06-29,9661
4967,十銓,26,8,18,富邦-新店,2023-06-29,9661
00900,富邦特選高股息30,28,10,18,富邦-新店,2023-06-29,9661
1560,中砂,17,0,17,富邦-新店,2023-06-29,9661
00882,中信中國高股息,17,0,17,富邦-新店,2023-06-29,9661
3011,今皓,17,1,16,富邦-新店,2023-06-29,9661
5439,高技,19,3,16,富邦-新店,2023-06-29,9661
2340,台亞,23,7,16,富邦-新店,2023-06-29,9661
2885,元大金,16,1,15,富邦-新店,2023-06-29,9661
2412,中華電,17,2,15,富邦-新店,2023-06-29,9661
2729,瓦城,15,0,15,富邦-新店,2023-06-29,9661
6263,普萊德,14,1,13,富邦-新店,2023-06-29,9661
8034,榮群,21,8,13,富邦-新店,2023-06-29,9661
6596,寬宏藝術,41,28,13,富邦-新店,2023-06-29,9661
4979,華星光,67,55,12,富邦-新店,2023-06-29,9661
6188,廣明,15,3,12,富邦-新店,2023-06-29,9661
1303,南亞,12,0,12,富邦-新店,2023-06-29,9661
3710,連展投控,12,0,12,富邦-新店,2023-06-29,9661
2480,敦陽科,12,0,12,富邦-新店,2023-06-29,9661
3454,晶睿,14,2,12,富邦-新店,2023-06-29,9661
6139,亞翔,12,0,12,富邦-新店,2023-06-29,9661
00888,永豐台灣ESG,12,0,12,富邦-新店,2023-06-29,9661
7402,邑錡,16,5,11,富邦-新店,2023-06-29,9661
2812,台中銀,172,4,168,富邦-新店,2023-06-30,9661
2371,大同,160,35,125,富邦-新店,2023-06-30,9661
00673R,期元大S＆P原油反1,108,0,108,富邦-新店,2023-06-30,9661
1532,勤美,100,0,100,富邦-新店,2023-06-30,9661
1217,愛之味,100,15,85,富邦-新店,2023-06-30,9661
6185,幃翔,71,1,70,富邦-新店,2023-06-30,9661
1609,大亞,91,26,65,富邦-新店,2023-06-30,9661
3704,合勤控,153,99,54,富邦-新店,2023-06-30,9661
00885,富邦越南,58,8,50,富邦-新店,2023-06-30,9661
3045,台灣大,44,0,44,富邦-新店,2023-06-30,9661
2421,建準,58,15,43,富邦-新店,2023-06-30,9661
01002T,土銀國泰R1,160,120,40,富邦-新店,2023-06-30,9661
00929,復華台灣科技優息,36,0,36,富邦-新店,2023-06-30,9661
0050,元大台灣50,39,3,36,富邦-新店,2023-06-30,9661
6697,東捷資訊,35,0,35,富邦-新店,2023-06-30,9661
2353,宏��,34,1,33,富邦-新店,2023-06-30,9661
00680L,元大美債20正2,31,0,31,富邦-新店,2023-06-30,9661
3189,景碩,42,11,31,富邦-新店,2023-06-30,9661
2409,友達,37,7,30,富邦-新店,2023-06-30,9661
2881,富邦金,33,3,30,富邦-新店,2023-06-30,9661
2457,飛宏,42,14,28,富邦-新店,2023-06-30,9661
2344,華邦電,39,12,27,富邦-新店,2023-06-30,9661
00924,復華S＆P500成長,27,0,27,富邦-新店,2023-06-30,9661
2425,承啟,29,2,27,富邦-新店,2023-06-30,9661
00795B,中信美國公債20年,27,1,26,富邦-新店,2023-06-30,9661
4532,瑞智,50,24,26,富邦-新店,2023-06-30,9661
8222,寶一,25,1,24,富邦-新店,2023-06-30,9661
1605,華新,65,42,23,富邦-新店,2023-06-30,9661
3078,僑威,26,4,22,富邦-新店,2023-06-30,9661
2236,百達-KY,21,0,21,富邦-新店,2023-06-30,9661
3711,日月光投控,22,1,21,富邦-新店,2023-06-30,9661
2412,中華電,22,1,21,富邦-新店,2023-06-30,9661
5258,虹堡,22,2,20,富邦-新店,2023-06-30,9661
6138,茂達,20,0,20,富邦-新店,2023-06-30,9661
6266,泰詠,27,7,20,富邦-新店,2023-06-30,9661
6169,昱泉,20,0,20,富邦-新店,2023-06-30,9661
2610,華航,52,33,19,富邦-新店,2023-06-30,9661
2405,輔信,20,1,19,富邦-新店,2023-06-30,9661
2206,三陽工業,27,8,19,富邦-新店,2023-06-30,9661
00772B,中信高評級公司債,45,27,18,富邦-新店,2023-06-30,9661
3034,聯詠,20,2,18,富邦-新店,2023-06-30,9661
00919,群益台灣精選高息,17,0,17,富邦-新店,2023-06-30,9661
6111,大宇資,49,32,17,富邦-新店,2023-06-30,9661
00679B,元大美債20年,17,0,17,富邦-新店,2023-06-30,9661
00675L,富邦臺灣加權正2,19,3,16,富邦-新店,2023-06-30,9661
4563,百德,75,59,16,富邦-新店,2023-06-30,9661
00640L,富邦日本正2,16,0,16,富邦-新店,2023-06-30,9661
2303,聯電,21,6,15,富邦-新店,2023-06-30,9661
3017,奇鋐,32,17,15,富邦-新店,2023-06-30,9661
4414,如興,15,0,15,富邦-新店,2023-06-30,9661
00929,復華台灣科技優息,302,23,279,富邦-新店,2023-07-03,9661
2409,友達,210,27,183,富邦-新店,2023-07-03,9661
2356,英業達,305,190,115,富邦-新店,2023-07-03,9661
2303,聯電,85,10,75,富邦-新店,2023-07-03,9661
00632R,元大台灣50反1,92,30,62,富邦-新店,2023-07-03,9661
2323,中環,88,28,60,富邦-新店,2023-07-03,9661
6282,康舒,161,101,60,富邦-新店,2023-07-03,9661
00673R,期元大S＆P原油反1,59,0,59,富邦-新店,2023-07-03,9661
6191,精成科,60,2,58,富邦-新店,2023-07-03,9661
9907,統一實,59,6,53,富邦-新店,2023-07-03,9661
2352,佳世達,52,2,50,富邦-新店,2023-07-03,9661
4532,瑞智,105,61,44,富邦-新店,2023-07-03,9661
2393,億光,41,0,41,富邦-新店,2023-07-03,9661
1611,中電,50,16,34,富邦-新店,2023-07-03,9661
6284,佳邦,34,1,33,富邦-新店,2023-07-03,9661
4538,大詠城,36,5,31,富邦-新店,2023-07-03,9661
1815,富喬,30,0,30,富邦-新店,2023-07-03,9661
1904,正隆,34,4,30,富邦-新店,2023-07-03,9661
5258,虹堡,46,16,30,富邦-新店,2023-07-03,9661
3479,安勤,31,1,30,富邦-新店,2023-07-03,9661
2376,技嘉,51,21,30,富邦-新店,2023-07-03,9661
2889,國票金,26,0,26,富邦-新店,2023-07-03,9661
3046,建��,34,11,23,富邦-新店,2023-07-03,9661
3207,耀勝,28,5,23,富邦-新店,2023-07-03,9661
6188,廣明,34,12,22,富邦-新店,2023-07-03,9661
4564,元翎,58,36,22,富邦-新店,2023-07-03,9661
3178,公準,20,0,20,富邦-新店,2023-07-03,9661
9110,越南控-DR,20,0,20,富邦-新店,2023-07-03,9661
1504,東元,20,1,19,富邦-新店,2023-07-03,9661
00712,復華富時不動產,18,0,18,富邦-新店,2023-07-03,9661
2885,元大金,21,3,18,富邦-新店,2023-07-03,9661
2365,昆盈,19,1,18,富邦-新店,2023-07-03,9661
6122,擎邦,20,2,18,富邦-新店,2023-07-03,9661
4906,正文,34,17,17,富邦-新店,2023-07-03,9661
3481,群創,37,19,18,富邦-新店,2023-07-03,9661
6806,森崴能源,31,14,17,富邦-新店,2023-07-03,9661
8261,富鼎,17,0,17,富邦-新店,2023-07-03,9661
00878,國泰永續高股息,94,77,17,富邦-新店,2023-07-03,9661
2206,三陽工業,21,4,17,富邦-新店,2023-07-03,9661
1609,大亞,43,27,16,富邦-新店,2023-07-03,9661
6138,茂達,16,0,16,富邦-新店,2023-07-03,9661
3289,宜特,26,10,16,富邦-新店,2023-07-03,9661
2330,台積電,21,6,15,富邦-新店,2023-07-03,9661
2615,萬海,28,14,14,富邦-新店,2023-07-03,9661
2412,中華電,14,1,13,富邦-新店,2023-07-03,9661
5608,四維航,16,3,13,富邦-新店,2023-07-03,9661
3078,僑威,27,14,13,富邦-新店,2023-07-03,9661
6148,驊宏資,46,34,12,富邦-新店,2023-07-03,9661
00713,元大台灣高息低波,13,1,12,富邦-新店,2023-07-03,9661
3045,台灣大,17,5,12,富邦-新店,2023-07-03,9661
00929,復華台灣科技優息,336,33,303,富邦-新店,2023-07-04,9661
2331,精英,197,48,149,富邦-新店,2023-07-04,9661
2312,金寶,194,56,138,富邦-新店,2023-07-04,9661
0056,元大高股息,221,100,121,富邦-新店,2023-07-04,9661
3013,晟銘電,266,148,118,富邦-新店,2023-07-04,9661
2885,元大金,113,15,98,富邦-新店,2023-07-04,9661
2324,仁寶,102,23,79,富邦-新店,2023-07-04,9661
2317,鴻海,106,28,78,富邦-新店,2023-07-04,9661
00632R,元大台灣50反1,73,0,73,富邦-新店,2023-07-04,9661
5009,榮剛,161,88,73,富邦-新店,2023-07-04,9661
3479,安勤,72,0,72,富邦-新店,2023-07-04,9661
2603,長榮,162,94,68,富邦-新店,2023-07-04,9661
2371,大同,153,85,68,富邦-新店,2023-07-04,9661
1326,台化,53,0,53,富邦-新店,2023-07-04,9661
2427,三商電,126,74,52,富邦-新店,2023-07-04,9661
4532,瑞智,51,1,50,富邦-新店,2023-07-04,9661
00772B,中信高評級公司債,63,15,48,富邦-新店,2023-07-04,9661
3704,合勤控,102,54,48,富邦-新店,2023-07-04,9661
9907,統一實,48,1,47,富邦-新店,2023-07-04,9661
4804,大略-KY,45,0,45,富邦-新店,2023-07-04,9661
2538,基泰,40,0,40,富邦-新店,2023-07-04,9661
2323,中環,66,28,38,富邦-新店,2023-07-04,9661
2888,新光金,80,42,38,富邦-新店,2023-07-04,9661
1513,中興電,50,13,37,富邦-新店,2023-07-04,9661
2353,宏��,37,2,35,富邦-新店,2023-07-04,9661
2913,農林,40,6,34,富邦-新店,2023-07-04,9661
1605,華新,41,9,32,富邦-新店,2023-07-04,9661
6125,廣運,32,2,30,富邦-新店,2023-07-04,9661
3056,富華新,30,0,30,富邦-新店,2023-07-04,9661
2609,陽明,68,39,29,富邦-新店,2023-07-04,9661
1584,精剛,59,30,29,富邦-新店,2023-07-04,9661
6188,廣明,64,35,29,富邦-新店,2023-07-04,9661
8131,福懋科,25,0,25,富邦-新店,2023-07-04,9661
3260,威剛,47,23,24,富邦-新店,2023-07-04,9661
1301,台塑,24,0,24,富邦-新店,2023-07-04,9661
3044,健鼎,21,0,21,富邦-新店,2023-07-04,9661
4538,大詠城,21,0,21,富邦-新店,2023-07-04,9661
2382,廣達,63,42,21,富邦-新店,2023-07-04,9661
5531,鄉林,20,0,20,富邦-新店,2023-07-04,9661
1310,台苯,20,0,20,富邦-新店,2023-07-04,9661
6139,亞翔,36,16,20,富邦-新店,2023-07-04,9661
00757,統一FANG+,20,1,19,富邦-新店,2023-07-04,9661
4977,眾達-KY,24,5,19,富邦-新店,2023-07-04,9661
9958,世紀鋼,21,2,19,富邦-新店,2023-07-04,9661
1303,南亞,18,0,18,富邦-新店,2023-07-04,9661
00679B,元大美債20年,22,5,17,富邦-新店,2023-07-04,9661
5388,中磊,23,7,16,富邦-新店,2023-07-04,9661
6026,福邦證,16,0,16,富邦-新店,2023-07-04,9661
8049,晶采,21,5,16,富邦-新店,2023-07-04,9661
3163,波若威,75,59,16,富邦-新店,2023-07-04,9661
00878,國泰永續高股息,355,54,301,富邦-新店,2023-07-05,9661
0056,元大高股息,306,92,214,富邦-新店,2023-07-05,9661
2427,三商電,268,117,151,富邦-新店,2023-07-05,9661
1101,台泥,108,0,108,富邦-新店,2023-07-05,9661
2356,英業達,256,160,96,富邦-新店,2023-07-05,9661
6285,啟��,121,30,91,富邦-新店,2023-07-05,9661
00673R,期元大S＆P原油反1,74,0,74,富邦-新店,2023-07-05,9661
1513,中興電,74,9,65,富邦-新店,2023-07-05,9661
2323,中環,106,42,64,富邦-新店,2023-07-05,9661
3093,港建*,64,0,64,富邦-新店,2023-07-05,9661
3231,緯創,114,54,60,富邦-新店,2023-07-05,9661
1326,台化,55,0,55,富邦-新店,2023-07-05,9661
1303,南亞,52,0,52,富邦-新店,2023-07-05,9661
00929,復華台灣科技優息,51,0,51,富邦-新店,2023-07-05,9661
1532,勤美,50,2,48,富邦-新店,2023-07-05,9661
3374,精材,59,13,46,富邦-新店,2023-07-05,9661
6282,康舒,179,133,46,富邦-新店,2023-07-05,9661
2480,敦陽科,47,2,45,富邦-新店,2023-07-05,9661
9907,統一實,45,0,45,富邦-新店,2023-07-05,9661
1611,中電,99,55,44,富邦-新店,2023-07-05,9661
2889,國票金,39,0,39,富邦-新店,2023-07-05,9661
8033,雷虎,37,0,37,富邦-新店,2023-07-05,9661
4538,大詠城,35,1,34,富邦-新店,2023-07-05,9661
2353,宏��,42,9,33,富邦-新店,2023-07-05,9661
6274,台燿,32,0,32,富邦-新店,2023-07-05,9661
6133,金橋,31,0,31,富邦-新店,2023-07-05,9661
2457,飛宏,73,42,31,富邦-新店,2023-07-05,9661
2885,元大金,34,4,30,富邦-新店,2023-07-05,9661
9945,潤泰新,34,5,29,富邦-新店,2023-07-05,9661
4402,郡都開發,29,0,29,富邦-新店,2023-07-05,9661
6187,萬潤,32,4,28,富邦-新店,2023-07-05,9661
2486,一詮,40,13,27,富邦-新店,2023-07-05,9661
2303,聯電,29,4,25,富邦-新店,2023-07-05,9661
3037,欣興,38,13,25,富邦-新店,2023-07-05,9661
4532,瑞智,28,3,25,富邦-新店,2023-07-05,9661
3363,上詮,78,54,24,富邦-新店,2023-07-05,9661
2230,泰茂,25,1,24,富邦-新店,2023-07-05,9661
1314,中石化,24,0,24,富邦-新店,2023-07-05,9661
3289,宜特,56,33,23,富邦-新店,2023-07-05,9661
2412,中華電,28,5,23,富邦-新店,2023-07-05,9661
00927,群益半導體收益,21,0,21,富邦-新店,2023-07-05,9661
2809,京城銀,24,3,21,富邦-新店,2023-07-05,9661
2376,技嘉,33,12,21,富邦-新店,2023-07-05,9661
3041,揚智,20,0,20,富邦-新店,2023-07-05,9661
00637L,元大滬深300正2,21,2,19,富邦-新店,2023-07-05,9661
6245,立端,26,7,19,富邦-新店,2023-07-05,9661
2460,建通,21,3,18,富邦-新店,2023-07-05,9661
00900,富邦特選高股息30,27,9,18,富邦-新店,2023-07-05,9661
5340,建榮,17,0,17,富邦-新店,2023-07-05,9661
3450,聯鈞,18,2,16,富邦-新店,2023-07-05,9661
00878,國泰永續高股息,330,42,288,富邦-新店,2023-07-06,9661
00929,復華台灣科技優息,210,1,209,富邦-新店,2023-07-06,9661
00673R,期元大S＆P原油反1,208,0,208,富邦-新店,2023-07-06,9661
0056,元大高股息,161,24,137,富邦-新店,2023-07-06,9661
3105,穩懋,127,7,120,富邦-新店,2023-07-06,9661
5009,榮剛,132,52,80,富邦-新店,2023-07-06,9661
0050,元大台灣50,78,1,77,富邦-新店,2023-07-06,9661
2329,華泰,124,53,71,富邦-新店,2023-07-06,9661
2382,廣達,100,34,66,富邦-新店,2023-07-06,9661
6285,啟��,76,11,65,富邦-新店,2023-07-06,9661
2538,基泰,65,0,65,富邦-新店,2023-07-06,9661
2891,中信金,65,5,60,富邦-新店,2023-07-06,9661
1101,台泥,73,13,60,富邦-新店,2023-07-06,9661
2834,臺企銀,61,2,59,富邦-新店,2023-07-06,9661
2883,凱基金,59,1,58,富邦-新店,2023-07-06,9661
00772B,中信高評級公司債,56,0,56,富邦-新店,2023-07-06,9661
2634,漢翔,70,14,56,富邦-新店,2023-07-06,9661
3481,群創,100,45,55,富邦-新店,2023-07-06,9661
4934,太極,94,42,52,富邦-新店,2023-07-06,9661
2515,中工,63,13,50,富邦-新店,2023-07-06,9661
2355,敬鵬,55,5,50,富邦-新店,2023-07-06,9661
3037,欣興,74,25,49,富邦-新店,2023-07-06,9661
2885,元大金,44,3,41,富邦-新店,2023-07-06,9661
2887,台新金,39,1,38,富邦-新店,2023-07-06,9661
00679B,元大美債20年,40,3,37,富邦-新店,2023-07-06,9661
2739,寒舍,46,10,36,富邦-新店,2023-07-06,9661
3508,位速,35,0,35,富邦-新店,2023-07-06,9661
00680L,元大美債20正2,33,0,33,富邦-新店,2023-07-06,9661
2376,技嘉,46,14,32,富邦-新店,2023-07-06,9661
2002,中鋼,34,2,32,富邦-新店,2023-07-06,9661
00885,富邦越南,32,1,31,富邦-新店,2023-07-06,9661
5230,雷笛克光學,30,0,30,富邦-新店,2023-07-06,9661
4157,太景*-KY,30,0,30,富邦-新店,2023-07-06,9661
2421,建準,38,9,29,富邦-新店,2023-07-06,9661
2881,富邦金,40,11,29,富邦-新店,2023-07-06,9661
2356,英業達,54,26,28,富邦-新店,2023-07-06,9661
6245,立端,28,1,27,富邦-新店,2023-07-06,9661
2609,陽明,107,79,28,富邦-新店,2023-07-06,9661
6282,康舒,101,75,26,富邦-新店,2023-07-06,9661
2412,中華電,28,2,26,富邦-新店,2023-07-06,9661
2409,友達,70,45,25,富邦-新店,2023-07-06,9661
6770,力積電,25,1,24,富邦-新店,2023-07-06,9661
3231,緯創,123,99,24,富邦-新店,2023-07-06,9661
3362,先進光,37,13,24,富邦-新店,2023-07-06,9661
006208,富邦台50,25,1,24,富邦-新店,2023-07-06,9661
2884,玉山金,25,2,23,富邦-新店,2023-07-06,9661
2892,第一金,23,0,23,富邦-新店,2023-07-06,9661
2882,國泰金,30,7,23,富邦-新店,2023-07-06,9661
2480,敦陽科,22,0,22,富邦-新店,2023-07-06,9661
6531,愛普*,42,20,22,富邦-新店,2023-07-06,9661
2897,王道銀行,201,0,201,富邦-新店,2023-07-07,9661
3481,群創,153,7,146,富邦-新店,2023-07-07,9661
0056,元大高股息,191,48,143,富邦-新店,2023-07-07,9661
4533,協易機,142,22,120,富邦-新店,2023-07-07,9661
2489,瑞軒,92,4,88,富邦-新店,2023-07-07,9661
2887,台新金,82,0,82,富邦-新店,2023-07-07,9661
00679B,元大美債20年,72,0,72,富邦-新店,2023-07-07,9661
00929,復華台灣科技優息,87,15,72,富邦-新店,2023-07-07,9661
2356,英業達,146,88,58,富邦-新店,2023-07-07,9661
4934,太極,79,23,56,富邦-新店,2023-07-07,9661
2368,金像電,60,6,54,富邦-新店,2023-07-07,9661
2353,宏��,54,1,53,富邦-新店,2023-07-07,9661
9958,世紀鋼,74,22,52,富邦-新店,2023-07-07,9661
00687B,國泰20年美債,53,1,52,富邦-新店,2023-07-07,9661
5347,世界,50,0,50,富邦-新店,2023-07-07,9661
2443,昶虹,50,0,50,富邦-新店,2023-07-07,9661
6279,胡連,51,3,48,富邦-新店,2023-07-07,9661
3356,奇偶,108,62,46,富邦-新店,2023-07-07,9661
1101,台泥,48,4,44,富邦-新店,2023-07-07,9661
2427,三商電,120,77,43,富邦-新店,2023-07-07,9661
3231,緯創,183,141,42,富邦-新店,2023-07-07,9661
2881,富邦金,36,1,35,富邦-新店,2023-07-07,9661
3711,日月光投控,32,0,32,富邦-新店,2023-07-07,9661
5340,建榮,35,5,30,富邦-新店,2023-07-07,9661
3630,新鉅科,30,0,30,富邦-新店,2023-07-07,9661
2421,建準,44,15,29,富邦-新店,2023-07-07,9661
3093,港建*,29,0,29,富邦-新店,2023-07-07,9661
3071,協禧,33,5,28,富邦-新店,2023-07-07,9661
3715,定穎投控,40,12,28,富邦-新店,2023-07-07,9661
4746,台耀,42,15,27,富邦-新店,2023-07-07,9661
8271,宇瞻,27,0,27,富邦-新店,2023-07-07,9661
00927,群益半導體收益,36,11,25,富邦-新店,2023-07-07,9661
2610,華航,73,49,24,富邦-新店,2023-07-07,9661
2515,中工,23,0,23,富邦-新店,2023-07-07,9661
3706,神達,36,13,23,富邦-新店,2023-07-07,9661
2324,仁寶,29,7,22,富邦-新店,2023-07-07,9661
2303,聯電,29,8,21,富邦-新店,2023-07-07,9661
2736,富野,34,13,21,富邦-新店,2023-07-07,9661
3128,昇銳,20,0,20,富邦-新店,2023-07-07,9661
00680L,元大美債20正2,22,2,20,富邦-新店,2023-07-07,9661
2883,凱基金,20,0,20,富邦-新店,2023-07-07,9661
2480,敦陽科,21,2,19,富邦-新店,2023-07-07,9661
2347,聯強,18,0,18,富邦-新店,2023-07-07,9661
6180,橘子,18,0,18,富邦-新店,2023-07-07,9661
2002,中鋼,23,5,18,富邦-新店,2023-07-07,9661
2409,友達,23,5,18,富邦-新店,2023-07-07,9661
3707,漢磊,19,1,18,富邦-新店,2023-07-07,9661
8086,宏捷科,20,2,18,富邦-新店,2023-07-07,9661
2880,華南金,20,2,18,富邦-新店,2023-07-07,9661
2812,台中銀,17,0,17,富邦-新店,2023-07-07,9661
6191,精成科,167,4,163,富邦-新店,2023-07-10,9661
00673R,期元大S＆P原油反1,120,1,119,富邦-新店,2023-07-10,9661
2515,中工,115,0,115,富邦-新店,2023-07-10,9661
0056,元大高股息,135,27,108,富邦-新店,2023-07-10,9661
2323,中環,131,30,101,富邦-新店,2023-07-10,9661
6609,瀧澤科,99,4,95,富邦-新店,2023-07-10,9661
00679B,元大美債20年,97,2,95,富邦-新店,2023-07-10,9661
2489,瑞軒,91,0,91,富邦-新店,2023-07-10,9661
00929,復華台灣科技優息,79,6,73,富邦-新店,2023-07-10,9661
5425,台半,64,5,59,富邦-新店,2023-07-10,9661
2401,凌陽,62,5,57,富邦-新店,2023-07-10,9661
6282,康舒,131,79,52,富邦-新店,2023-07-10,9661
2609,陽明,95,44,51,富邦-新店,2023-07-10,9661
2617,台航,58,7,51,富邦-新店,2023-07-10,9661
00882,中信中國高股息,49,0,49,富邦-新店,2023-07-10,9661
00687B,國泰20年美債,59,12,47,富邦-新店,2023-07-10,9661
2641,正德,46,0,46,富邦-新店,2023-07-10,9661
1540,喬福,42,0,42,富邦-新店,2023-07-10,9661
2340,台亞,89,48,41,富邦-新店,2023-07-10,9661
6122,擎邦,46,6,40,富邦-新店,2023-07-10,9661
2888,新光金,39,0,39,富邦-新店,2023-07-10,9661
2356,英業達,74,35,39,富邦-新店,2023-07-10,9661
2603,長榮,45,8,37,富邦-新店,2023-07-10,9661
4543,萬在,40,4,36,富邦-新店,2023-07-10,9661
5864,致和證,35,0,35,富邦-新店,2023-07-10,9661
6811,宏�硌穈T,34,2,32,富邦-新店,2023-07-10,9661
5243,乙盛-KY,31,0,31,富邦-新店,2023-07-10,9661
4532,瑞智,73,43,30,富邦-新店,2023-07-10,9661
2427,三商電,29,0,29,富邦-新店,2023-07-10,9661
3576,聯合再生,38,10,28,富邦-新店,2023-07-10,9661
2388,威盛,40,12,28,富邦-新店,2023-07-10,9661
3231,緯創,131,103,28,富邦-新店,2023-07-10,9661
3362,先進光,67,39,28,富邦-新店,2023-07-10,9661
1101,台泥,39,13,26,富邦-新店,2023-07-10,9661
6556,勝品,25,0,25,富邦-新店,2023-07-10,9661
2618,長榮航,63,38,25,富邦-新店,2023-07-10,9661
2355,敬鵬,24,0,24,富邦-新店,2023-07-10,9661
6770,力積電,26,2,24,富邦-新店,2023-07-10,9661
3024,憶聲,23,0,23,富邦-新店,2023-07-10,9661
8050,廣積,37,15,22,富邦-新店,2023-07-10,9661
2206,三陽工業,28,6,22,富邦-新店,2023-07-10,9661
4976,佳凌,34,13,21,富邦-新店,2023-07-10,9661
2419,仲琦,44,23,21,富邦-新店,2023-07-10,9661
3093,港建*,21,0,21,富邦-新店,2023-07-10,9661
2301,光寶科,27,7,20,富邦-新店,2023-07-10,9661
8261,富鼎,21,1,20,富邦-新店,2023-07-10,9661
1737,臺鹽,20,0,20,富邦-新店,2023-07-10,9661
2329,華泰,85,65,20,富邦-新店,2023-07-10,9661
4763,材料-KY,22,2,20,富邦-新店,2023-07-10,9661
3038,全台,23,3,20,富邦-新店,2023-07-10,9661
00632R,元大台灣50反1,243,0,243,富邦-新店,2023-07-11,9661
4532,瑞智,193,33,160,富邦-新店,2023-07-11,9661
0056,元大高股息,148,23,125,富邦-新店,2023-07-11,9661
2317,鴻海,108,7,101,富邦-新店,2023-07-11,9661
2206,三陽工業,99,10,89,富邦-新店,2023-07-11,9661
2618,長榮航,239,156,83,富邦-新店,2023-07-11,9661
2399,映泰,80,8,72,富邦-新店,2023-07-11,9661
3363,上詮,115,44,71,富邦-新店,2023-07-11,9661
2515,中工,180,116,64,富邦-新店,2023-07-11,9661
00885,富邦越南,99,47,52,富邦-新店,2023-07-11,9661
3093,港建*,46,0,46,富邦-新店,2023-07-11,9661
8933,愛地雅,41,0,41,富邦-新店,2023-07-11,9661
1528,恩德,44,4,40,富邦-新店,2023-07-11,9661
2883,凱基金,55,17,38,富邦-新店,2023-07-11,9661
00893,國泰智能電動車,51,15,36,富邦-新店,2023-07-11,9661
3013,晟銘電,47,13,34,富邦-新店,2023-07-11,9661
00764B,群益25年美債,33,0,33,富邦-新店,2023-07-11,9661
3025,星通,62,32,30,富邦-新店,2023-07-11,9661
6806,森崴能源,30,0,30,富邦-新店,2023-07-11,9661
2538,基泰,30,0,30,富邦-新店,2023-07-11,9661
2103,台橡,30,2,28,富邦-新店,2023-07-11,9661
2812,台中銀,28,0,28,富邦-新店,2023-07-11,9661
4527,方土霖,29,2,27,富邦-新店,2023-07-11,9661
1605,華新,37,13,24,富邦-新店,2023-07-11,9661
2329,華泰,42,19,23,富邦-新店,2023-07-11,9661
4968,立積,38,16,22,富邦-新店,2023-07-11,9661
6140,訊達,32,10,22,富邦-新店,2023-07-11,9661
4155,訊映,20,0,20,富邦-新店,2023-07-11,9661
00929,復華台灣科技優息,19,0,19,富邦-新店,2023-07-11,9661
3508,位速,19,0,19,富邦-新店,2023-07-11,9661
6118,建達,91,72,19,富邦-新店,2023-07-11,9661
6282,康舒,107,89,18,富邦-新店,2023-07-11,9661
1471,首利,24,6,18,富邦-新店,2023-07-11,9661
4123,晟德,18,0,18,富邦-新店,2023-07-11,9661
2412,中華電,20,2,18,富邦-新店,2023-07-11,9661
8050,廣積,25,8,17,富邦-新店,2023-07-11,9661
00896,中信綠能及電動車,17,0,17,富邦-新店,2023-07-11,9661
2617,台航,17,1,16,富邦-新店,2023-07-11,9661
1515,力山,27,11,16,富邦-新店,2023-07-11,9661
1519,華城,32,16,16,富邦-新店,2023-07-11,9661
2889,國票金,15,0,15,富邦-新店,2023-07-11,9661
3265,台星科,17,2,15,富邦-新店,2023-07-11,9661
3017,奇鋐,20,5,15,富邦-新店,2023-07-11,9661
00680L,元大美債20正2,14,0,14,富邦-新店,2023-07-11,9661
3450,聯鈞,13,0,13,富邦-新店,2023-07-11,9661
1785,光洋科,14,2,12,富邦-新店,2023-07-11,9661
2739,寒舍,16,4,12,富邦-新店,2023-07-11,9661
1514,亞力,14,2,12,富邦-新店,2023-07-11,9661
2634,漢翔,12,1,11,富邦-新店,2023-07-11,9661
3521,鴻翊,11,0,11,富邦-新店,2023-07-11,9661
2885,元大金,1102,5,1097,富邦-新店,2023-07-12,9661
1612,宏泰,290,1,289,富邦-新店,2023-07-12,9661
0056,元大高股息,268,42,226,富邦-新店,2023-07-12,9661
6188,廣明,140,40,100,富邦-新店,2023-07-12,9661
00673R,期元大S＆P原油反1,107,10,97,富邦-新店,2023-07-12,9661
00687B,國泰20年美債,71,0,71,富邦-新店,2023-07-12,9661
00923,群益台ESG低碳50,70,0,70,富邦-新店,2023-07-12,9661
00712,復華富時不動產,71,2,69,富邦-新店,2023-07-12,9661
6120,達運,131,63,68,富邦-新店,2023-07-12,9661
00929,復華台灣科技優息,84,16,68,富邦-新店,2023-07-12,9661
2399,映泰,76,10,66,富邦-新店,2023-07-12,9661
2303,聯電,64,6,58,富邦-新店,2023-07-12,9661
00679B,元大美債20年,62,4,58,富邦-新店,2023-07-12,9661
2324,仁寶,67,16,51,富邦-新店,2023-07-12,9661
00722B,群益投資級電信債,50,0,50,富邦-新店,2023-07-12,9661
3481,群創,73,24,49,富邦-新店,2023-07-12,9661
6548,長科*,51,2,49,富邦-新店,2023-07-12,9661
2323,中環,47,0,47,富邦-新店,2023-07-12,9661
2344,華邦電,122,77,45,富邦-新店,2023-07-12,9661
2609,陽明,75,38,37,富邦-新店,2023-07-12,9661
2409,友達,58,22,36,富邦-新店,2023-07-12,9661
3013,晟銘電,38,3,35,富邦-新店,2023-07-12,9661
00632R,元大台灣50反1,104,70,34,富邦-新店,2023-07-12,9661
00882,中信中國高股息,32,0,32,富邦-新店,2023-07-12,9661
00905,FT臺灣Smart,30,0,30,富邦-新店,2023-07-12,9661
1909,榮成,30,0,30,富邦-新店,2023-07-12,9661
2641,正德,30,0,30,富邦-新店,2023-07-12,9661
6451,訊芯-KY,29,0,29,富邦-新店,2023-07-12,9661
3037,欣興,29,1,28,富邦-新店,2023-07-12,9661
2603,長榮,51,23,28,富邦-新店,2023-07-12,9661
6282,康舒,131,105,26,富邦-新店,2023-07-12,9661
3666,光耀,28,2,26,富邦-新店,2023-07-12,9661
5425,台半,37,13,24,富邦-新店,2023-07-12,9661
5209,新鼎,24,0,24,富邦-新店,2023-07-12,9661
2801,彰銀,24,0,24,富邦-新店,2023-07-12,9661
6136,富爾特,23,0,23,富邦-新店,2023-07-12,9661
2421,建準,35,14,21,富邦-新店,2023-07-12,9661
00680L,元大美債20正2,21,0,21,富邦-新店,2023-07-12,9661
2617,台航,21,0,21,富邦-新店,2023-07-12,9661
4744,皇將,20,0,20,富邦-新店,2023-07-12,9661
4746,台耀,21,2,19,富邦-新店,2023-07-12,9661
00640L,富邦日本正2,19,0,19,富邦-新店,2023-07-12,9661
4414,如興,21,2,19,富邦-新店,2023-07-12,9661
6118,建達,106,87,19,富邦-新店,2023-07-12,9661
4533,協易機,104,85,19,富邦-新店,2023-07-12,9661
3017,奇鋐,25,6,19,富邦-新店,2023-07-12,9661
5243,乙盛-KY,20,2,18,富邦-新店,2023-07-12,9661
00757,統一FANG+,18,0,18,富邦-新店,2023-07-12,9661
5234,達興材料,20,4,16,富邦-新店,2023-07-12,9661
2634,漢翔,22,6,16,富邦-新店,2023-07-12,9661
00882,中信中國高股息,610,40,570,富邦-新店,2023-07-13,9661
2618,長榮航,427,120,307,富邦-新店,2023-07-13,9661
2897,王道銀行,301,0,301,富邦-新店,2023-07-13,9661
2324,仁寶,446,147,299,富邦-新店,2023-07-13,9661
00632R,元大台灣50反1,277,76,201,富邦-新店,2023-07-13,9661
00929,復華台灣科技優息,164,15,149,富邦-新店,2023-07-13,9661
2323,中環,146,20,126,富邦-新店,2023-07-13,9661
00930,永豐ESG低碳高息,115,0,115,富邦-新店,2023-07-13,9661
2340,台亞,135,34,101,富邦-新店,2023-07-13,9661
3032,偉訓,167,93,74,富邦-新店,2023-07-13,9661
3305,昇貿,68,8,60,富邦-新店,2023-07-13,9661
5426,振發,119,66,53,富邦-新店,2023-07-13,9661
6245,立端,60,11,49,富邦-新店,2023-07-13,9661
2349,錸德,50,1,49,富邦-新店,2023-07-13,9661
6584,南俊國際,42,0,42,富邦-新店,2023-07-13,9661
00673R,期元大S＆P原油反1,39,0,39,富邦-新店,2023-07-13,9661
1313,聯成,37,0,37,富邦-新店,2023-07-13,9661
8071,能率網通,37,0,37,富邦-新店,2023-07-13,9661
2603,長榮,74,37,37,富邦-新店,2023-07-13,9661
1605,華新,43,7,36,富邦-新店,2023-07-13,9661
2610,華航,153,118,35,富邦-新店,2023-07-13,9661
2882,國泰金,37,4,33,富邦-新店,2023-07-13,9661
2376,技嘉,71,40,31,富邦-新店,2023-07-13,9661
3231,緯創,249,217,32,富邦-新店,2023-07-13,9661
1609,大亞,65,34,31,富邦-新店,2023-07-13,9661
1806,冠軍,30,0,30,富邦-新店,2023-07-13,9661
6451,訊芯-KY,29,0,29,富邦-新店,2023-07-13,9661
8210,勤誠,84,56,28,富邦-新店,2023-07-13,9661
4533,協易機,65,37,28,富邦-新店,2023-07-13,9661
3217,優群,37,10,27,富邦-新店,2023-07-13,9661
2312,金寶,67,41,26,富邦-新店,2023-07-13,9661
00679B,元大美債20年,27,1,26,富邦-新店,2023-07-13,9661
2645,長榮航太,28,3,25,富邦-新店,2023-07-13,9661
2892,第一金,24,0,24,富邦-新店,2023-07-13,9661
6169,昱泉,24,0,24,富邦-新店,2023-07-13,9661
2867,三商壽,23,0,23,富邦-新店,2023-07-13,9661
4543,萬在,23,1,22,富邦-新店,2023-07-13,9661
5439,高技,43,21,22,富邦-新店,2023-07-13,9661
3019,亞光,31,11,20,富邦-新店,2023-07-13,9661
2617,台航,21,1,20,富邦-新店,2023-07-13,9661
6118,建達,44,24,20,富邦-新店,2023-07-13,9661
2352,佳世達,103,83,20,富邦-新店,2023-07-13,9661
2303,聯電,50,30,20,富邦-新店,2023-07-13,9661
2633,台灣高鐵,25,6,19,富邦-新店,2023-07-13,9661
2881,富邦金,29,10,19,富邦-新店,2023-07-13,9661
3362,先進光,59,40,19,富邦-新店,2023-07-13,9661
2367,燿華,24,5,19,富邦-新店,2023-07-13,9661
5864,致和證,44,25,19,富邦-新店,2023-07-13,9661
3033,威健,22,3,19,富邦-新店,2023-07-13,9661
3078,僑威,25,7,18,富邦-新店,2023-07-13,9661
3481,群創,219,31,188,富邦-新店,2023-07-14,9661
2610,華航,264,154,110,富邦-新店,2023-07-14,9661
6116,彩晶,99,4,95,富邦-新店,2023-07-14,9661
3078,僑威,107,38,69,富邦-新店,2023-07-14,9661
00673R,期元大S＆P原油反1,83,15,68,富邦-新店,2023-07-14,9661
00637L,元大滬深300正2,76,10,66,富邦-新店,2023-07-14,9661
2614,東森,56,0,56,富邦-新店,2023-07-14,9661
00720B,元大投資級公司債,57,1,56,富邦-新店,2023-07-14,9661
3128,昇銳,56,0,56,富邦-新店,2023-07-14,9661
2324,仁寶,68,15,53,富邦-新店,2023-07-14,9661
3711,日月光投控,60,16,44,富邦-新店,2023-07-14,9661
2618,長榮航,344,307,37,富邦-新店,2023-07-14,9661
2449,京元電子,51,14,37,富邦-新店,2023-07-14,9661
6118,建達,36,1,35,富邦-新店,2023-07-14,9661
6122,擎邦,49,14,35,富邦-新店,2023-07-14,9661
2812,台中銀,41,9,32,富邦-新店,2023-07-14,9661
4526,東台,30,0,30,富邦-新店,2023-07-14,9661
2312,金寶,66,37,29,富邦-新店,2023-07-14,9661
00665L,富邦�琤肭磪囓�2,38,10,28,富邦-新店,2023-07-14,9661
1102,亞泥,29,2,27,富邦-新店,2023-07-14,9661
00930,永豐ESG低碳高息,26,0,26,富邦-新店,2023-07-14,9661
00655L,國泰中國A50正2,26,0,26,富邦-新店,2023-07-14,9661
2355,敬鵬,34,10,24,富邦-新店,2023-07-14,9661
2420,新巨,23,0,23,富邦-新店,2023-07-14,9661
8358,金居,35,12,23,富邦-新店,2023-07-14,9661
2371,大同,45,22,23,富邦-新店,2023-07-14,9661
00676R,富邦臺灣加權反1,21,0,21,富邦-新店,2023-07-14,9661
2379,瑞昱,21,1,20,富邦-新店,2023-07-14,9661
6235,華孚,45,26,19,富邦-新店,2023-07-14,9661
1529,樂事綠能,28,9,19,富邦-新店,2023-07-14,9661
00712,復華富時不動產,72,53,19,富邦-新店,2023-07-14,9661
3287,廣寰科,48,29,19,富邦-新店,2023-07-14,9661
3380,明泰,32,15,17,富邦-新店,2023-07-14,9661
0056,元大高股息,135,118,17,富邦-新店,2023-07-14,9661
2436,偉詮電,24,7,17,富邦-新店,2023-07-14,9661
3025,星通,39,22,17,富邦-新店,2023-07-14,9661
3044,健鼎,17,1,16,富邦-新店,2023-07-14,9661
3071,協禧,60,44,16,富邦-新店,2023-07-14,9661
2498,宏達電,38,23,15,富邦-新店,2023-07-14,9661
2405,輔信,15,0,15,富邦-新店,2023-07-14,9661
1536,和大,16,1,15,富邦-新店,2023-07-14,9661
2911,麗嬰房,15,0,15,富邦-新店,2023-07-14,9661
00772B,中信高評級公司債,19,5,14,富邦-新店,2023-07-14,9661
1722,台肥,16,2,14,富邦-新店,2023-07-14,9661
3260,威剛,18,4,14,富邦-新店,2023-07-14,9661
3265,台星科,16,2,14,富邦-新店,2023-07-14,9661
6188,廣明,60,46,14,富邦-新店,2023-07-14,9661
2739,寒舍,14,1,13,富邦-新店,2023-07-14,9661
3701,大眾控,13,0,13,富邦-新店,2023-07-14,9661
6443,元晶,13,0,13,富邦-新店,2023-07-14,9661
0056,元大高股息,843,185,658,富邦-新店,2023-07-17,9661
2371,大同,394,179,215,富邦-新店,2023-07-17,9661
6116,彩晶,182,22,160,富邦-新店,2023-07-17,9661
3306,鼎天,130,2,128,富邦-新店,2023-07-17,9661
2401,凌陽,119,6,113,富邦-新店,2023-07-17,9661
6122,擎邦,153,53,100,富邦-新店,2023-07-17,9661
2427,三商電,96,8,88,富邦-新店,2023-07-17,9661
00637L,元大滬深300正2,90,20,70,富邦-新店,2023-07-17,9661
2515,中工,60,1,59,富邦-新店,2023-07-17,9661
2316,楠梓電,59,3,56,富邦-新店,2023-07-17,9661
2812,台中銀,70,15,55,富邦-新店,2023-07-17,9661
2353,宏��,166,114,52,富邦-新店,2023-07-17,9661
00882,中信中國高股息,54,3,51,富邦-新店,2023-07-17,9661
3694,海華,50,1,49,富邦-新店,2023-07-17,9661
3715,定穎投控,48,0,48,富邦-新店,2023-07-17,9661
3265,台星科,63,16,47,富邦-新店,2023-07-17,9661
2329,華泰,114,72,42,富邦-新店,2023-07-17,9661
3346,麗清,41,1,40,富邦-新店,2023-07-17,9661
2303,聯電,45,9,36,富邦-新店,2023-07-17,9661
9945,潤泰新,34,0,34,富邦-新店,2023-07-17,9661
2382,廣達,62,29,33,富邦-新店,2023-07-17,9661
00687B,國泰20年美債,30,0,30,富邦-新店,2023-07-17,9661
8109,博大,34,4,30,富邦-新店,2023-07-17,9661
2402,毅嘉,42,13,29,富邦-新店,2023-07-17,9661
5340,建榮,31,3,28,富邦-新店,2023-07-17,9661
3078,僑威,56,29,27,富邦-新店,2023-07-17,9661
00720B,元大投資級公司債,31,6,25,富邦-新店,2023-07-17,9661
2641,正德,40,16,24,富邦-新店,2023-07-17,9661
2356,英業達,84,63,21,富邦-新店,2023-07-17,9661
6284,佳邦,21,0,21,富邦-新店,2023-07-17,9661
1471,首利,43,22,21,富邦-新店,2023-07-17,9661
6218,豪勉,22,1,21,富邦-新店,2023-07-17,9661
00679B,元大美債20年,24,3,21,富邦-新店,2023-07-17,9661
1709,和益,20,0,20,富邦-新店,2023-07-17,9661
3027,盛達,21,1,20,富邦-新店,2023-07-17,9661
3217,優群,28,8,20,富邦-新店,2023-07-17,9661
5457,宣德,21,1,20,富邦-新店,2023-07-17,9661
3231,緯創,66,46,20,富邦-新店,2023-07-17,9661
4938,和碩,34,16,18,富邦-新店,2023-07-17,9661
3706,神達,49,31,18,富邦-新店,2023-07-17,9661
6124,業強,15,0,15,富邦-新店,2023-07-17,9661
3037,欣興,36,21,15,富邦-新店,2023-07-17,9661
00919,群益台灣精選高息,18,4,14,富邦-新店,2023-07-17,9661
2377,微星,21,7,14,富邦-新店,2023-07-17,9661
3017,奇鋐,28,15,13,富邦-新店,2023-07-17,9661
2419,仲琦,23,10,13,富邦-新店,2023-07-17,9661
3081,聯亞,14,1,13,富邦-新店,2023-07-17,9661
2330,台積電,17,4,13,富邦-新店,2023-07-17,9661
3711,日月光投控,15,3,12,富邦-新店,2023-07-17,9661
4147,中裕,15,3,12,富邦-新店,2023-07-17,9661
6116,彩晶,237,4,233,富邦-新店,2023-07-18,9661
1444,力麗,220,0,220,富邦-新店,2023-07-18,9661
00929,復華台灣科技優息,167,4,163,富邦-新店,2023-07-18,9661
00712,復華富時不動產,150,10,140,富邦-新店,2023-07-18,9661
00720B,元大投資級公司債,134,0,134,富邦-新店,2023-07-18,9661
2323,中環,134,7,127,富邦-新店,2023-07-18,9661
2515,中工,115,0,115,富邦-新店,2023-07-18,9661
3706,神達,423,312,111,富邦-新店,2023-07-18,9661
2399,映泰,117,18,99,富邦-新店,2023-07-18,9661
2890,永豐金,111,13,98,富邦-新店,2023-07-18,9661
2316,楠梓電,100,6,94,富邦-新店,2023-07-18,9661
00882,中信中國高股息,86,0,86,富邦-新店,2023-07-18,9661
00893,國泰智能電動車,100,17,83,富邦-新店,2023-07-18,9661
5469,瀚宇博,104,29,75,富邦-新店,2023-07-18,9661
1513,中興電,75,12,63,富邦-新店,2023-07-18,9661
9945,潤泰新,61,1,60,富邦-新店,2023-07-18,9661
6285,啟��,62,11,51,富邦-新店,2023-07-18,9661
2014,中鴻,57,6,51,富邦-新店,2023-07-18,9661
2352,佳世達,118,68,50,富邦-新店,2023-07-18,9661
4938,和碩,269,219,50,富邦-新店,2023-07-18,9661
5243,乙盛-KY,50,1,49,富邦-新店,2023-07-18,9661
1514,亞力,97,49,48,富邦-新店,2023-07-18,9661
2449,京元電子,75,30,45,富邦-新店,2023-07-18,9661
00724B,群益投資級金融債,40,0,40,富邦-新店,2023-07-18,9661
00679B,元大美債20年,40,3,37,富邦-新店,2023-07-18,9661
2204,中華,53,16,37,富邦-新店,2023-07-18,9661
4746,台耀,37,1,36,富邦-新店,2023-07-18,9661
00687B,國泰20年美債,43,8,35,富邦-新店,2023-07-18,9661
6290,良維,36,2,34,富邦-新店,2023-07-18,9661
6190,萬泰科,35,2,33,富邦-新店,2023-07-18,9661
1905,華紙,34,1,33,富邦-新店,2023-07-18,9661
2337,旺宏,45,12,33,富邦-新店,2023-07-18,9661
3071,協禧,67,34,33,富邦-新店,2023-07-18,9661
2888,新光金,49,19,30,富邦-新店,2023-07-18,9661
9105,泰金寶-DR,41,11,30,富邦-新店,2023-07-18,9661
2883,凱基金,33,4,29,富邦-新店,2023-07-18,9661
1609,大亞,163,134,29,富邦-新店,2023-07-18,9661
6282,康舒,183,155,28,富邦-新店,2023-07-18,9661
2301,光寶科,98,70,28,富邦-新店,2023-07-18,9661
00772B,中信高評級公司債,27,0,27,富邦-新店,2023-07-18,9661
2610,華航,71,45,26,富邦-新店,2023-07-18,9661
6188,廣明,68,43,25,富邦-新店,2023-07-18,9661
3265,台星科,44,20,24,富邦-新店,2023-07-18,9661
00722B,群益投資級電信債,24,0,24,富邦-新店,2023-07-18,9661
8936,國統,54,31,23,富邦-新店,2023-07-18,9661
8096,擎亞,22,0,22,富邦-新店,2023-07-18,9661
2402,毅嘉,25,4,21,富邦-新店,2023-07-18,9661
3005,神基,22,1,21,富邦-新店,2023-07-18,9661
3163,波若威,97,77,20,富邦-新店,2023-07-18,9661
2409,友達,26,6,20,富邦-新店,2023-07-18,9661
2324,仁寶,431,154,277,富邦-新店,2023-07-19,9661
2329,華泰,221,86,135,富邦-新店,2023-07-19,9661
2356,英業達,406,280,126,富邦-新店,2023-07-19,9661
2409,友達,114,7,107,富邦-新店,2023-07-19,9661
00929,復華台灣科技優息,137,34,103,富邦-新店,2023-07-19,9661
3715,定穎投控,116,26,90,富邦-新店,2023-07-19,9661
2371,大同,117,28,89,富邦-新店,2023-07-19,9661
2618,長榮航,235,155,80,富邦-新店,2023-07-19,9661
2353,宏��,299,220,79,富邦-新店,2023-07-19,9661
6245,立端,79,2,77,富邦-新店,2023-07-19,9661
1471,首利,91,15,76,富邦-新店,2023-07-19,9661
2316,楠梓電,93,19,74,富邦-新店,2023-07-19,9661
6191,精成科,82,10,72,富邦-新店,2023-07-19,9661
2801,彰銀,61,0,61,富邦-新店,2023-07-19,9661
8390,金益鼎,60,0,60,富邦-新店,2023-07-19,9661
2303,聯電,63,3,60,富邦-新店,2023-07-19,9661
1101,台泥,96,39,57,富邦-新店,2023-07-19,9661
3363,上詮,141,85,56,富邦-新店,2023-07-19,9661
6218,豪勉,57,2,55,富邦-新店,2023-07-19,9661
8096,擎亞,50,0,50,富邦-新店,2023-07-19,9661
2890,永豐金,60,10,50,富邦-新店,2023-07-19,9661
6197,佳必琪,53,7,46,富邦-新店,2023-07-19,9661
2461,光群雷,142,96,46,富邦-新店,2023-07-19,9661
2887,台新金,50,5,45,富邦-新店,2023-07-19,9661
00882,中信中國高股息,62,20,42,富邦-新店,2023-07-19,9661
00679B,元大美債20年,50,14,36,富邦-新店,2023-07-19,9661
5425,台半,42,8,34,富邦-新店,2023-07-19,9661
2888,新光金,35,1,34,富邦-新店,2023-07-19,9661
00673R,期元大S＆P原油反1,31,0,31,富邦-新店,2023-07-19,9661
3231,緯創,92,64,28,富邦-新店,2023-07-19,9661
2323,中環,28,0,28,富邦-新店,2023-07-19,9661
2455,全新,34,8,26,富邦-新店,2023-07-19,9661
2498,宏達電,32,6,26,富邦-新店,2023-07-19,9661
2419,仲琦,63,37,26,富邦-新店,2023-07-19,9661
2412,中華電,27,3,24,富邦-新店,2023-07-19,9661
2312,金寶,71,48,23,富邦-新店,2023-07-19,9661
2883,凱基金,23,0,23,富邦-新店,2023-07-19,9661
2376,技嘉,38,15,23,富邦-新店,2023-07-19,9661
2317,鴻海,41,18,23,富邦-新店,2023-07-19,9661
1560,中砂,31,10,21,富邦-新店,2023-07-19,9661
2368,金像電,33,12,21,富邦-新店,2023-07-19,9661
00916,國泰全球品牌50,20,0,20,富邦-新店,2023-07-19,9661
3093,港建*,20,0,20,富邦-新店,2023-07-19,9661
2883B,凱基金乙特,20,0,20,富邦-新店,2023-07-19,9661
00753L,中信中國50正2,23,3,20,富邦-新店,2023-07-19,9661
3041,揚智,20,0,20,富邦-新店,2023-07-19,9661
3305,昇貿,24,4,20,富邦-新店,2023-07-19,9661
3380,明泰,25,5,20,富邦-新店,2023-07-19,9661
00635U,期元大S＆P黃金,20,0,20,富邦-新店,2023-07-19,9661
3232,昱捷,22,2,20,富邦-新店,2023-07-19,9661
00669R,國泰美國道瓊反1,306,10,296,富邦-新店,2023-07-20,9661
2495,普安,135,2,133,富邦-新店,2023-07-20,9661
1529,樂事綠能,183,74,109,富邦-新店,2023-07-20,9661
2324,仁寶,147,49,98,富邦-新店,2023-07-20,9661
2303,聯電,97,3,94,富邦-新店,2023-07-20,9661
2206,三陽工業,105,33,72,富邦-新店,2023-07-20,9661
00929,復華台灣科技優息,73,4,69,富邦-新店,2023-07-20,9661
1102,亞泥,66,10,56,富邦-新店,2023-07-20,9661
2455,全新,47,1,46,富邦-新店,2023-07-20,9661
2486,一詮,42,2,40,富邦-新店,2023-07-20,9661
2340,台亞,48,9,39,富邦-新店,2023-07-20,9661
2888,新光金,40,1,39,富邦-新店,2023-07-20,9661
3231,緯創,65,31,34,富邦-新店,2023-07-20,9661
2017,官田鋼,35,1,34,富邦-新店,2023-07-20,9661
00772B,中信高評級公司債,36,3,33,富邦-新店,2023-07-20,9661
2356,英業達,154,121,33,富邦-新店,2023-07-20,9661
6285,啟��,36,4,32,富邦-新店,2023-07-20,9661
3481,群創,63,32,31,富邦-新店,2023-07-20,9661
5388,中磊,37,7,30,富邦-新店,2023-07-20,9661
00892,富邦台灣半導體,31,1,30,富邦-新店,2023-07-20,9661
2882,國泰金,46,16,30,富邦-新店,2023-07-20,9661
3645,達邁,39,12,27,富邦-新店,2023-07-20,9661
00679B,元大美債20年,27,0,27,富邦-新店,2023-07-20,9661
4977,眾達-KY,25,0,25,富邦-新店,2023-07-20,9661
3093,港建*,24,0,24,富邦-新店,2023-07-20,9661
2352,佳世達,80,57,23,富邦-新店,2023-07-20,9661
6290,良維,25,3,22,富邦-新店,2023-07-20,9661
00655L,國泰中國A50正2,22,0,22,富邦-新店,2023-07-20,9661
00757,統一FANG+,22,1,21,富邦-新店,2023-07-20,9661
00885,富邦越南,44,23,21,富邦-新店,2023-07-20,9661
00719B,元大美債1-3,21,0,21,富邦-新店,2023-07-20,9661
1905,華紙,27,7,20,富邦-新店,2023-07-20,9661
00713,元大台灣高息低波,21,1,20,富邦-新店,2023-07-20,9661
6548,長科*,22,2,20,富邦-新店,2023-07-20,9661
2745,五福,19,0,19,富邦-新店,2023-07-20,9661
3346,麗清,25,6,19,富邦-新店,2023-07-20,9661
4915,致伸,21,3,18,富邦-新店,2023-07-20,9661
1815,富喬,18,0,18,富邦-新店,2023-07-20,9661
5347,世界,17,0,17,富邦-新店,2023-07-20,9661
6026,福邦證,17,0,17,富邦-新店,2023-07-20,9661
6166,凌華,16,0,16,富邦-新店,2023-07-20,9661
2498,宏達電,21,5,16,富邦-新店,2023-07-20,9661
2851,中再保,15,0,15,富邦-新店,2023-07-20,9661
00683L,期元大美元指正2,15,0,15,富邦-新店,2023-07-20,9661
5314,世紀,15,0,15,富邦-新店,2023-07-20,9661
3289,宜特,95,81,14,富邦-新店,2023-07-20,9661
00882,中信中國高股息,33,20,13,富邦-新店,2023-07-20,9661
6191,精成科,16,3,13,富邦-新店,2023-07-20,9661
6231,系微,14,1,13,富邦-新店,2023-07-20,9661
5608,四維航,13,0,13,富邦-新店,2023-07-20,9661
2303,聯電,114,4,110,富邦-新店,2023-07-21,9661
1102,亞泥,103,0,103,富邦-新店,2023-07-21,9661
2324,仁寶,135,34,101,富邦-新店,2023-07-21,9661
2515,中工,100,0,100,富邦-新店,2023-07-21,9661
1609,大亞,135,42,93,富邦-新店,2023-07-21,9661
00908,富邦入息REITs+,80,0,80,富邦-新店,2023-07-21,9661
6282,康舒,82,20,62,富邦-新店,2023-07-21,9661
1101,台泥,75,14,61,富邦-新店,2023-07-21,9661
1303,南亞,50,0,50,富邦-新店,2023-07-21,9661
00772B,中信高評級公司債,47,0,47,富邦-新店,2023-07-21,9661
2405,輔信,48,2,46,富邦-新店,2023-07-21,9661
00892,富邦台灣半導體,42,0,42,富邦-新店,2023-07-21,9661
2368,金像電,68,26,42,富邦-新店,2023-07-21,9661
2801,彰銀,55,15,40,富邦-新店,2023-07-21,9661
2330,台積電,49,9,40,富邦-新店,2023-07-21,9661
6274,台燿,52,12,40,富邦-新店,2023-07-21,9661
2881,富邦金,45,6,39,富邦-新店,2023-07-21,9661
1301,台塑,38,0,38,富邦-新店,2023-07-21,9661
0050,元大台灣50,50,13,37,富邦-新店,2023-07-21,9661
00679B,元大美債20年,58,21,37,富邦-新店,2023-07-21,9661
8048,德勝,33,2,31,富邦-新店,2023-07-21,9661
2014,中鴻,32,1,31,富邦-新店,2023-07-21,9661
2609,陽明,51,21,30,富邦-新店,2023-07-21,9661
2641,正德,30,0,30,富邦-新店,2023-07-21,9661
1513,中興電,133,104,29,富邦-新店,2023-07-21,9661
6275,元山,58,32,26,富邦-新店,2023-07-21,9661
00687B,國泰20年美債,24,0,24,富邦-新店,2023-07-21,9661
9933,中鼎,23,0,23,富邦-新店,2023-07-21,9661
2382,廣達,119,97,22,富邦-新店,2023-07-21,9661
2883,凱基金,24,2,22,富邦-新店,2023-07-21,9661
006208,富邦台50,23,2,21,富邦-新店,2023-07-21,9661
3033,威健,22,1,21,富邦-新店,2023-07-21,9661
3051,力特,42,22,20,富邦-新店,2023-07-21,9661
2887,台新金,35,15,20,富邦-新店,2023-07-21,9661
3305,昇貿,23,3,20,富邦-新店,2023-07-21,9661
8150,南茂,21,1,20,富邦-新店,2023-07-21,9661
1709,和益,20,0,20,富邦-新店,2023-07-21,9661
5230,雷笛克光學,20,0,20,富邦-新店,2023-07-21,9661
4532,瑞智,105,86,19,富邦-新店,2023-07-21,9661
00673R,期元大S＆P原油反1,18,0,18,富邦-新店,2023-07-21,9661
3234,光環,24,6,18,富邦-新店,2023-07-21,9661
00900,富邦特選高股息30,18,0,18,富邦-新店,2023-07-21,9661
3013,晟銘電,118,100,18,富邦-新店,2023-07-21,9661
2630,亞航,28,12,16,富邦-新店,2023-07-21,9661
2006,東和鋼鐵,16,0,16,富邦-新店,2023-07-21,9661
6120,達運,44,28,16,富邦-新店,2023-07-21,9661
2201,裕隆,36,20,16,富邦-新店,2023-07-21,9661
00882,中信中國高股息,16,0,16,富邦-新店,2023-07-21,9661
6285,啟��,23,8,15,富邦-新店,2023-07-21,9661
2206,三陽工業,24,9,15,富邦-新店,2023-07-21,9661
1513,中興電,200,35,165,富邦-新店,2023-07-24,9661
2352,佳世達,179,31,148,富邦-新店,2023-07-24,9661
3338,泰碩,169,47,122,富邦-新店,2023-07-24,9661
3450,聯鈞,102,16,86,富邦-新店,2023-07-24,9661
2312,金寶,84,9,75,富邦-新店,2023-07-24,9661
6285,啟��,64,3,61,富邦-新店,2023-07-24,9661
6120,達運,70,10,60,富邦-新店,2023-07-24,9661
1609,大亞,73,26,47,富邦-新店,2023-07-24,9661
00679B,元大美債20年,64,20,44,富邦-新店,2023-07-24,9661
2515,中工,41,0,41,富邦-新店,2023-07-24,9661
1313,聯成,41,1,40,富邦-新店,2023-07-24,9661
1611,中電,40,0,40,富邦-新店,2023-07-24,9661
3013,晟銘電,84,45,39,富邦-新店,2023-07-24,9661
8086,宏捷科,47,8,39,富邦-新店,2023-07-24,9661
2890,永豐金,37,0,37,富邦-新店,2023-07-24,9661
2301,光寶科,141,105,36,富邦-新店,2023-07-24,9661
8171,天宇,33,0,33,富邦-新店,2023-07-24,9661
5324,士開,33,0,33,富邦-新店,2023-07-24,9661
00882,中信中國高股息,32,0,32,富邦-新店,2023-07-24,9661
2376,技嘉,64,32,32,富邦-新店,2023-07-24,9661
6125,廣運,63,34,29,富邦-新店,2023-07-24,9661
1504,東元,37,8,29,富邦-新店,2023-07-24,9661
3483,力致,33,5,28,富邦-新店,2023-07-24,9661
2801,彰銀,28,0,28,富邦-新店,2023-07-24,9661
5864,致和證,37,9,28,富邦-新店,2023-07-24,9661
1102,亞泥,35,8,27,富邦-新店,2023-07-24,9661
6288,聯嘉,34,7,27,富邦-新店,2023-07-24,9661
3706,神達,144,117,27,富邦-新店,2023-07-24,9661
3481,群創,25,1,24,富邦-新店,2023-07-24,9661
3508,位速,22,0,22,富邦-新店,2023-07-24,9661
00673R,期元大S＆P原油反1,22,0,22,富邦-新店,2023-07-24,9661
2303,聯電,38,17,21,富邦-新店,2023-07-24,9661
4714,永捷,21,0,21,富邦-新店,2023-07-24,9661
8150,南茂,21,0,21,富邦-新店,2023-07-24,9661
5258,虹堡,35,14,21,富邦-新店,2023-07-24,9661
3056,富華新,22,2,20,富邦-新店,2023-07-24,9661
2547,日勝生,20,0,20,富邦-新店,2023-07-24,9661
1101,台泥,49,30,19,富邦-新店,2023-07-24,9661
2201,裕隆,23,4,19,富邦-新店,2023-07-24,9661
00919,群益台灣精選高息,23,4,19,富邦-新店,2023-07-24,9661
1218,泰山,18,0,18,富邦-新店,2023-07-24,9661
2330,台積電,19,2,17,富邦-新店,2023-07-24,9661
6263,普萊德,17,0,17,富邦-新店,2023-07-24,9661
4123,晟德,27,10,17,富邦-新店,2023-07-24,9661
2609,陽明,34,18,16,富邦-新店,2023-07-24,9661
2888,新光金,30,14,16,富邦-新店,2023-07-24,9661
8996,高力,25,9,16,富邦-新店,2023-07-24,9661
2405,輔信,18,2,16,富邦-新店,2023-07-24,9661
2324,仁寶,251,235,16,富邦-新店,2023-07-24,9661
4953,緯軟,31,15,16,富邦-新店,2023-07-24,9661
00692,富邦公司治理,181,10,171,富邦-新店,2023-07-25,9661
6016,康和證,150,0,150,富邦-新店,2023-07-25,9661
3702,大聯大,110,2,108,富邦-新店,2023-07-25,9661
2303,聯電,126,26,100,富邦-新店,2023-07-25,9661
2340,台亞,149,50,99,富邦-新店,2023-07-25,9661
5425,台半,94,1,93,富邦-新店,2023-07-25,9661
8936,國統,86,0,86,富邦-新店,2023-07-25,9661
00632R,元大台灣50反1,85,0,85,富邦-新店,2023-07-25,9661
2382,廣達,195,113,82,富邦-新店,2023-07-25,9661
1513,中興電,157,88,69,富邦-新店,2023-07-25,9661
1905,華紙,93,36,57,富邦-新店,2023-07-25,9661
2308,台達電,58,3,55,富邦-新店,2023-07-25,9661
3231,緯創,100,49,51,富邦-新店,2023-07-25,9661
00885,富邦越南,94,44,50,富邦-新店,2023-07-25,9661
2480,敦陽科,47,1,46,富邦-新店,2023-07-25,9661
5340,建榮,45,2,43,富邦-新店,2023-07-25,9661
6150,撼訊,42,1,41,富邦-新店,2023-07-25,9661
00929,復華台灣科技優息,41,1,40,富邦-新店,2023-07-25,9661
3689,湧德,66,27,39,富邦-新店,2023-07-25,9661
00679B,元大美債20年,50,13,37,富邦-新店,2023-07-25,9661
3037,欣興,85,50,35,富邦-新店,2023-07-25,9661
2610,華航,44,12,32,富邦-新店,2023-07-25,9661
6806,森崴能源,31,0,31,富邦-新店,2023-07-25,9661
2002,中鋼,42,11,31,富邦-新店,2023-07-25,9661
6282,康舒,57,26,31,富邦-新店,2023-07-25,9661
2641,正德,30,0,30,富邦-新店,2023-07-25,9661
9958,世紀鋼,38,10,28,富邦-新店,2023-07-25,9661
3704,合勤控,29,3,26,富邦-新店,2023-07-25,9661
00720B,元大投資級公司債,33,7,26,富邦-新店,2023-07-25,9661
2354,鴻準,51,26,25,富邦-新店,2023-07-25,9661
00687B,國泰20年美債,27,2,25,富邦-新店,2023-07-25,9661
00893,國泰智能電動車,32,8,24,富邦-新店,2023-07-25,9661
8048,德勝,26,3,23,富邦-新店,2023-07-25,9661
6188,廣明,95,72,23,富邦-新店,2023-07-25,9661
00751B,元大AAA至A公司債,22,0,22,富邦-新店,2023-07-25,9661
2359,所羅門,25,3,22,富邦-新店,2023-07-25,9661
4714,永捷,121,100,21,富邦-新店,2023-07-25,9661
6104,創惟,30,9,21,富邦-新店,2023-07-25,9661
2883B,凱基金乙特,20,0,20,富邦-新店,2023-07-25,9661
00795B,中信美國公債20年,20,0,20,富邦-新店,2023-07-25,9661
2206,三陽工業,32,13,19,富邦-新店,2023-07-25,9661
1102,亞泥,29,10,19,富邦-新店,2023-07-25,9661
2357,華碩,36,17,19,富邦-新店,2023-07-25,9661
2887,台新金,21,4,17,富邦-新店,2023-07-25,9661
2419,仲琦,27,10,17,富邦-新店,2023-07-25,9661
4526,東台,20,3,17,富邦-新店,2023-07-25,9661
00882,中信中國高股息,16,1,15,富邦-新店,2023-07-25,9661
00713,元大台灣高息低波,19,4,15,富邦-新店,2023-07-25,9661
3706,神達,49,34,15,富邦-新店,2023-07-25,9661
6235,華孚,48,34,14,富邦-新店,2023-07-25,9661
3265,台星科,161,0,161,富邦-新店,2023-07-26,9661
3029,零壹,226,72,154,富邦-新店,2023-07-26,9661
6188,廣明,182,30,152,富邦-新店,2023-07-26,9661
6016,康和證,150,2,148,富邦-新店,2023-07-26,9661
00687B,國泰20年美債,122,0,122,富邦-新店,2023-07-26,9661
1504,東元,215,103,112,富邦-新店,2023-07-26,9661
00665L,富邦�琤肭磪囓�2,109,3,106,富邦-新店,2023-07-26,9661
00929,復華台灣科技優息,135,38,97,富邦-新店,2023-07-26,9661
8936,國統,85,8,77,富邦-新店,2023-07-26,9661
4532,瑞智,182,117,65,富邦-新店,2023-07-26,9661
2887,台新金,70,11,59,富邦-新店,2023-07-26,9661
00679B,元大美債20年,71,14,57,富邦-新店,2023-07-26,9661
3105,穩懋,55,0,55,富邦-新店,2023-07-26,9661
2401,凌陽,51,0,51,富邦-新店,2023-07-26,9661
2371,大同,76,25,51,富邦-新店,2023-07-26,9661
2329,華泰,202,159,43,富邦-新店,2023-07-26,9661
2453,凌群,61,19,42,富邦-新店,2023-07-26,9661
2886,兆豐金,41,0,41,富邦-新店,2023-07-26,9661
5243,乙盛-KY,41,2,39,富邦-新店,2023-07-26,9661
8358,金居,102,63,39,富邦-新店,2023-07-26,9661
2303,聯電,29,1,28,富邦-新店,2023-07-26,9661
2324,仁寶,39,11,28,富邦-新店,2023-07-26,9661
3306,鼎天,142,115,27,富邦-新店,2023-07-26,9661
00930,永豐ESG低碳高息,26,0,26,富邦-新店,2023-07-26,9661
2354,鴻準,68,42,26,富邦-新店,2023-07-26,9661
2376,技嘉,46,22,24,富邦-新店,2023-07-26,9661
6271,同欣電,24,1,23,富邦-新店,2023-07-26,9661
00696B,富邦美債20年,23,0,23,富邦-新店,2023-07-26,9661
6120,達運,24,2,22,富邦-新店,2023-07-26,9661
2301,光寶科,109,87,22,富邦-新店,2023-07-26,9661
4414,如興,22,1,21,富邦-新店,2023-07-26,9661
3088,艾訊,25,4,21,富邦-新店,2023-07-26,9661
1513,中興電,37,16,21,富邦-新店,2023-07-26,9661
2359,所羅門,161,141,20,富邦-新店,2023-07-26,9661
4154,樂威科-KY,20,0,20,富邦-新店,2023-07-26,9661
3508,位速,19,0,19,富邦-新店,2023-07-26,9661
6150,撼訊,19,0,19,富邦-新店,2023-07-26,9661
00712,復華富時不動產,25,7,18,富邦-新店,2023-07-26,9661
6288,聯嘉,17,0,17,富邦-新店,2023-07-26,9661
00882,中信中國高股息,22,5,17,富邦-新店,2023-07-26,9661
3071,協禧,31,15,16,富邦-新店,2023-07-26,9661
6245,立端,24,8,16,富邦-新店,2023-07-26,9661
00655L,國泰中國A50正2,16,0,16,富邦-新店,2023-07-26,9661
8390,金益鼎,20,4,16,富邦-新店,2023-07-26,9661
2201,裕隆,17,2,15,富邦-新店,2023-07-26,9661
6841,長佳智能,29,14,15,富邦-新店,2023-07-26,9661
2739,寒舍,18,3,15,富邦-新店,2023-07-26,9661
3540,曜越,17,2,15,富邦-新店,2023-07-26,9661
1229,聯華,17,2,15,富邦-新店,2023-07-26,9661
5880,合庫金,18,4,14,富邦-新店,2023-07-26,9661
6116,彩晶,440,22,418,富邦-新店,2023-07-27,9661
00665L,富邦�琤肭磪囓�2,328,0,328,富邦-新店,2023-07-27,9661
00752,中信中國50,205,1,204,富邦-新店,2023-07-27,9661
6125,廣運,280,169,111,富邦-新店,2023-07-27,9661
3029,零壹,181,76,105,富邦-新店,2023-07-27,9661
1305,華夏,100,10,90,富邦-新店,2023-07-27,9661
00632R,元大台灣50反1,85,10,75,富邦-新店,2023-07-27,9661
3481,群創,337,273,64,富邦-新店,2023-07-27,9661
2382,廣達,138,75,63,富邦-新店,2023-07-27,9661
3093,港建*,60,0,60,富邦-新店,2023-07-27,9661
3059,華晶科,61,2,59,富邦-新店,2023-07-27,9661
2401,凌陽,63,6,57,富邦-新店,2023-07-27,9661
3078,僑威,56,5,51,富邦-新店,2023-07-27,9661
3702,大聯大,47,0,47,富邦-新店,2023-07-27,9661
3264,欣銓,43,1,42,富邦-新店,2023-07-27,9661
2352,佳世達,42,4,38,富邦-新店,2023-07-27,9661
3715,定穎投控,36,2,34,富邦-新店,2023-07-27,9661
2634,漢翔,42,11,31,富邦-新店,2023-07-27,9661
2324,仁寶,42,14,28,富邦-新店,2023-07-27,9661
1904,正隆,39,13,26,富邦-新店,2023-07-27,9661
2609,陽明,41,15,26,富邦-新店,2023-07-27,9661
00753L,中信中國50正2,31,5,26,富邦-新店,2023-07-27,9661
2002,中鋼,37,11,26,富邦-新店,2023-07-27,9661
3346,麗清,26,3,23,富邦-新店,2023-07-27,9661
00696B,富邦美債20年,22,1,21,富邦-新店,2023-07-27,9661
00687B,國泰20年美債,25,4,21,富邦-新店,2023-07-27,9661
00679B,元大美債20年,38,17,21,富邦-新店,2023-07-27,9661
00902,中信電池及儲能,20,0,20,富邦-新店,2023-07-27,9661
6214,精誠,24,4,20,富邦-新店,2023-07-27,9661
1314,中石化,20,0,20,富邦-新店,2023-07-27,9661
00764B,群益25年美債,19,0,19,富邦-新店,2023-07-27,9661
2887,台新金,19,0,19,富邦-新店,2023-07-27,9661
2603,長榮,25,6,19,富邦-新店,2023-07-27,9661
3037,欣興,53,34,19,富邦-新店,2023-07-27,9661
2385,群光,22,4,18,富邦-新店,2023-07-27,9661
3006,晶豪科,20,2,18,富邦-新店,2023-07-27,9661
8150,南茂,20,2,18,富邦-新店,2023-07-27,9661
1618,合機,25,7,18,富邦-新店,2023-07-27,9661
1560,中砂,23,5,18,富邦-新店,2023-07-27,9661
8926,台汽電,25,8,17,富邦-新店,2023-07-27,9661
1909,榮成,19,2,17,富邦-新店,2023-07-27,9661
2369,菱生,36,19,17,富邦-新店,2023-07-27,9661
2027,大成鋼,44,27,17,富邦-新店,2023-07-27,9661
6213,聯茂,27,11,16,富邦-新店,2023-07-27,9661
6275,元山,47,31,16,富邦-新店,2023-07-27,9661
00929,復華台灣科技優息,18,4,14,富邦-新店,2023-07-27,9661
3071,協禧,27,13,14,富邦-新店,2023-07-27,9661
5452,佶優,45,31,14,富邦-新店,2023-07-27,9661
2312,金寶,25,11,14,富邦-新店,2023-07-27,9661
1802,台玻,53,40,13,富邦-新店,2023-07-27,9661
1815,富喬,203,14,189,富邦-新店,2023-07-28,9661
2027,大成鋼,180,7,173,富邦-新店,2023-07-28,9661
1905,華紙,277,122,155,富邦-新店,2023-07-28,9661
00878,國泰永續高股息,292,146,146,富邦-新店,2023-07-28,9661
6147,頎邦,149,6,143,富邦-新店,2023-07-28,9661
00679B,元大美債20年,143,12,131,富邦-新店,2023-07-28,9661
3231,緯創,306,187,119,富邦-新店,2023-07-28,9661
00632R,元大台灣50反1,120,2,118,富邦-新店,2023-07-28,9661
6191,精成科,104,0,104,富邦-新店,2023-07-28,9661
00680L,元大美債20正2,89,1,88,富邦-新店,2023-07-28,9661
00772B,中信高評級公司債,83,0,83,富邦-新店,2023-07-28,9661
00687B,國泰20年美債,69,0,69,富邦-新店,2023-07-28,9661
00720B,元大投資級公司債,67,2,65,富邦-新店,2023-07-28,9661
2344,華邦電,79,17,62,富邦-新店,2023-07-28,9661
8390,金益鼎,61,0,61,富邦-新店,2023-07-28,9661
00712,復華富時不動產,55,2,53,富邦-新店,2023-07-28,9661
00795B,中信美國公債20年,44,0,44,富邦-新店,2023-07-28,9661
00751B,元大AAA至A公司債,41,0,41,富邦-新店,2023-07-28,9661
2002,中鋼,46,6,40,富邦-新店,2023-07-28,9661
00929,復華台灣科技優息,48,9,39,富邦-新店,2023-07-28,9661
2427,三商電,39,4,35,富邦-新店,2023-07-28,9661
2329,華泰,239,206,33,富邦-新店,2023-07-28,9661
2362,藍天,38,5,33,富邦-新店,2023-07-28,9661
2609,陽明,74,43,31,富邦-新店,2023-07-28,9661
00922,國泰台灣領袖50,30,0,30,富邦-新店,2023-07-28,9661
2515,中工,29,0,29,富邦-新店,2023-07-28,9661
2618,長榮航,39,12,27,富邦-新店,2023-07-28,9661
2610,華航,33,6,27,富邦-新店,2023-07-28,9661
2303,聯電,64,38,26,富邦-新店,2023-07-28,9661
2317,鴻海,44,19,25,富邦-新店,2023-07-28,9661
3014,聯陽,38,13,25,富邦-新店,2023-07-28,9661
00764B,群益25年美債,24,0,24,富邦-新店,2023-07-28,9661
3078,僑威,48,25,23,富邦-新店,2023-07-28,9661
5009,榮剛,25,4,21,富邦-新店,2023-07-28,9661
5876,上海商銀,21,0,21,富邦-新店,2023-07-28,9661
2308,台達電,23,3,20,富邦-新店,2023-07-28,9661
2301,光寶科,140,120,20,富邦-新店,2023-07-28,9661
1460,宏遠,20,0,20,富邦-新店,2023-07-28,9661
6203,海韻電,20,0,20,富邦-新店,2023-07-28,9661
8021,尖點,20,0,20,富邦-新店,2023-07-28,9661
2883,凱基金,19,1,18,富邦-新店,2023-07-28,9661
3689,湧德,48,30,18,富邦-新店,2023-07-28,9661
00757,統一FANG+,17,0,17,富邦-新店,2023-07-28,9661
6180,橘子,19,2,17,富邦-新店,2023-07-28,9661
4533,協易機,59,42,17,富邦-新店,2023-07-28,9661
1313,聯成,42,25,17,富邦-新店,2023-07-28,9661
1471,首利,16,0,16,富邦-新店,2023-07-28,9661
00696B,富邦美債20年,15,0,15,富邦-新店,2023-07-28,9661
1303,南亞,15,0,15,富邦-新店,2023-07-28,9661
1907,永豐餘,24,9,15,富邦-新店,2023-07-28,9661
2312,金寶,687,236,451,富邦-新店,2023-07-31,9661
1802,台玻,183,34,149,富邦-新店,2023-07-31,9661
00637L,元大滬深300正2,204,81,123,富邦-新店,2023-07-31,9661
8390,金益鼎,116,0,116,富邦-新店,2023-07-31,9661
00878,國泰永續高股息,325,221,104,富邦-新店,2023-07-31,9661
1304,台聚,102,0,102,富邦-新店,2023-07-31,9661
00679B,元大美債20年,99,2,97,富邦-新店,2023-07-31,9661
2603,長榮,99,19,80,富邦-新店,2023-07-31,9661
5443,均豪,87,11,76,富邦-新店,2023-07-31,9661
6239,力成,75,0,75,富邦-新店,2023-07-31,9661
2609,陽明,83,13,70,富邦-新店,2023-07-31,9661
6122,擎邦,70,0,70,富邦-新店,2023-07-31,9661
6285,啟��,73,6,67,富邦-新店,2023-07-31,9661
2206,三陽工業,72,11,61,富邦-新店,2023-07-31,9661
1909,榮成,60,0,60,富邦-新店,2023-07-31,9661
2428,興勤,60,1,59,富邦-新店,2023-07-31,9661
2303,聯電,71,13,58,富邦-新店,2023-07-31,9661
2329,華泰,238,181,57,富邦-新店,2023-07-31,9661
2382,廣達,201,145,56,富邦-新店,2023-07-31,9661
2317,鴻海,50,5,45,富邦-新店,2023-07-31,9661
5425,台半,38,2,36,富邦-新店,2023-07-31,9661
6190,萬泰科,43,9,34,富邦-新店,2023-07-31,9661
2002,中鋼,53,20,33,富邦-新店,2023-07-31,9661
00665L,富邦�琤肭磪囓�2,35,3,32,富邦-新店,2023-07-31,9661
6133,金橋,32,0,32,富邦-新店,2023-07-31,9661
3324,雙鴻,59,28,31,富邦-新店,2023-07-31,9661
2316,楠梓電,72,42,30,富邦-新店,2023-07-31,9661
00919,群益台灣精選高息,29,0,29,富邦-新店,2023-07-31,9661
5258,虹堡,38,10,28,富邦-新店,2023-07-31,9661
1905,華紙,158,131,27,富邦-新店,2023-07-31,9661
2402,毅嘉,72,45,27,富邦-新店,2023-07-31,9661
2409,友達,39,13,26,富邦-新店,2023-07-31,9661
2328,廣宇,26,0,26,富邦-新店,2023-07-31,9661
2104,國際中橡,36,10,26,富邦-新店,2023-07-31,9661
3704,合勤控,30,6,24,富邦-新店,2023-07-31,9661
00701,國泰股利精選30,44,20,24,富邦-新店,2023-07-31,9661
00922,國泰台灣領袖50,23,0,23,富邦-新店,2023-07-31,9661
3689,湧德,51,28,23,富邦-新店,2023-07-31,9661
5289,宜鼎,24,1,23,富邦-新店,2023-07-31,9661
3028,增你強,22,0,22,富邦-新店,2023-07-31,9661
4979,華星光,121,100,21,富邦-新店,2023-07-31,9661
4938,和碩,28,8,20,富邦-新店,2023-07-31,9661
6167,久正,20,0,20,富邦-新店,2023-07-31,9661
00900,富邦特選高股息30,70,51,19,富邦-新店,2023-07-31,9661
2455,全新,28,9,19,富邦-新店,2023-07-31,9661
00929,復華台灣科技優息,149,130,19,富邦-新店,2023-07-31,9661
6203,海韻電,20,1,19,富邦-新店,2023-07-31,9661
3711,日月光投控,25,6,19,富邦-新店,2023-07-31,9661
2801,彰銀,19,0,19,富邦-新店,2023-07-31,9661
2618,長榮航,52,34,18,富邦-新店,2023-07-31,9661
2401,凌陽,318,3,315,富邦-新店,2023-08-01,9661
2913,農林,245,61,184,富邦-新店,2023-08-01,9661
2312,金寶,237,73,164,富邦-新店,2023-08-01,9661
3481,群創,251,100,151,富邦-新店,2023-08-01,9661
2888,新光金,176,51,125,富邦-新店,2023-08-01,9661
00929,復華台灣科技優息,124,18,106,富邦-新店,2023-08-01,9661
00878,國泰永續高股息,252,159,93,富邦-新店,2023-08-01,9661
6191,精成科,96,8,88,富邦-新店,2023-08-01,9661
00679B,元大美債20年,65,2,63,富邦-新店,2023-08-01,9661
2603,長榮,46,5,41,富邦-新店,2023-08-01,9661
3163,波若威,116,75,41,富邦-新店,2023-08-01,9661
00634R,富邦上証反1,40,0,40,富邦-新店,2023-08-01,9661
6285,啟��,58,24,34,富邦-新店,2023-08-01,9661
5340,建榮,37,3,34,富邦-新店,2023-08-01,9661
2891,中信金,40,6,34,富邦-新店,2023-08-01,9661
3105,穩懋,32,3,29,富邦-新店,2023-08-01,9661
2301,光寶科,127,98,29,富邦-新店,2023-08-01,9661
1802,台玻,61,33,28,富邦-新店,2023-08-01,9661
5243,乙盛-KY,30,2,28,富邦-新店,2023-08-01,9661
8277,商丞,25,0,25,富邦-新店,2023-08-01,9661
5426,振發,30,5,25,富邦-新店,2023-08-01,9661
8027,鈦昇,26,2,24,富邦-新店,2023-08-01,9661
3217,優群,40,20,20,富邦-新店,2023-08-01,9661
2105,正新,20,0,20,富邦-新店,2023-08-01,9661
1337,再生-KY,20,0,20,富邦-新店,2023-08-01,9661
00673R,期元大S＆P原油反1,20,0,20,富邦-新店,2023-08-01,9661
2344,華邦電,34,14,20,富邦-新店,2023-08-01,9661
00733,富邦臺灣中小,19,0,19,富邦-新店,2023-08-01,9661
1905,華紙,111,93,18,富邦-新店,2023-08-01,9661
8171,天宇,19,1,18,富邦-新店,2023-08-01,9661
9927,泰銘,34,17,17,富邦-新店,2023-08-01,9661
00773B,中信優先金融債,18,1,17,富邦-新店,2023-08-01,9661
2382,廣達,188,171,17,富邦-新店,2023-08-01,9661
00712,復華富時不動產,25,8,17,富邦-新店,2023-08-01,9661
6239,力成,30,14,16,富邦-新店,2023-08-01,9661
2201,裕隆,41,26,15,富邦-新店,2023-08-01,9661
4977,眾達-KY,16,1,15,富邦-新店,2023-08-01,9661
2444,兆勁,15,0,15,富邦-新店,2023-08-01,9661
2352,佳世達,25,10,15,富邦-新店,2023-08-01,9661
2393,億光,15,0,15,富邦-新店,2023-08-01,9661
00687B,國泰20年美債,27,13,14,富邦-新店,2023-08-01,9661
3004,豐達科,15,1,14,富邦-新店,2023-08-01,9661
6214,精誠,18,4,14,富邦-新店,2023-08-01,9661
3032,偉訓,32,18,14,富邦-新店,2023-08-01,9661
4938,和碩,18,5,13,富邦-新店,2023-08-01,9661
2457,飛宏,28,15,13,富邦-新店,2023-08-01,9661
2455,全新,20,7,13,富邦-新店,2023-08-01,9661
1609,大亞,14,2,12,富邦-新店,2023-08-01,9661
1810,和成,14,2,12,富邦-新店,2023-08-01,9661
00903,富邦元宇宙,15,3,12,富邦-新店,2023-08-01,9661
00688L,國泰20年美債正2,611,0,611,富邦-新店,2023-08-02,9661
00878,國泰永續高股息,639,255,384,富邦-新店,2023-08-02,9661
00632R,元大台灣50反1,400,44,356,富邦-新店,2023-08-02,9661
00929,復華台灣科技優息,360,14,346,富邦-新店,2023-08-02,9661
00706L,期元大S＆P日圓正2,300,0,300,富邦-新店,2023-08-02,9661
0056,元大高股息,253,65,188,富邦-新店,2023-08-02,9661
3481,群創,214,28,186,富邦-新店,2023-08-02,9661
00687B,國泰20年美債,182,15,167,富邦-新店,2023-08-02,9661
00900,富邦特選高股息30,185,18,167,富邦-新店,2023-08-02,9661
8171,天宇,119,0,119,富邦-新店,2023-08-02,9661
2317,鴻海,126,10,116,富邦-新店,2023-08-02,9661
1314,中石化,104,3,101,富邦-新店,2023-08-02,9661
00679B,元大美債20年,113,12,101,富邦-新店,2023-08-02,9661
1612,宏泰,104,8,96,富邦-新店,2023-08-02,9661
00923,群益台ESG低碳50,89,0,89,富邦-新店,2023-08-02,9661
3231,緯創,156,72,84,富邦-新店,2023-08-02,9661
1305,華夏,84,6,78,富邦-新店,2023-08-02,9661
2301,光寶科,173,96,77,富邦-新店,2023-08-02,9661
2887,台新金,72,0,72,富邦-新店,2023-08-02,9661
2312,金寶,69,4,65,富邦-新店,2023-08-02,9661
6282,康舒,106,49,57,富邦-新店,2023-08-02,9661
2027,大成鋼,60,4,56,富邦-新店,2023-08-02,9661
1589,永冠-KY,50,0,50,富邦-新店,2023-08-02,9661
2344,華邦電,55,5,50,富邦-新店,2023-08-02,9661
2618,長榮航,75,25,50,富邦-新店,2023-08-02,9661
1609,大亞,171,124,47,富邦-新店,2023-08-02,9661
00712,復華富時不動產,51,5,46,富邦-新店,2023-08-02,9661
00751B,元大AAA至A公司債,44,0,44,富邦-新店,2023-08-02,9661
00634R,富邦上証反1,40,0,40,富邦-新店,2023-08-02,9661
00915,凱基優選高股息30,40,0,40,富邦-新店,2023-08-02,9661
2409,友達,58,21,37,富邦-新店,2023-08-02,9661
2891,中信金,40,5,35,富邦-新店,2023-08-02,9661
2801,彰銀,39,4,35,富邦-新店,2023-08-02,9661
1605,華新,277,242,35,富邦-新店,2023-08-02,9661
00720B,元大投資級公司債,33,0,33,富邦-新店,2023-08-02,9661
3059,華晶科,33,0,33,富邦-新店,2023-08-02,9661
5880,合庫金,36,4,32,富邦-新店,2023-08-02,9661
2880,華南金,32,1,31,富邦-新店,2023-08-02,9661
9945,潤泰新,33,2,31,富邦-新店,2023-08-02,9661
2382,廣達,215,185,30,富邦-新店,2023-08-02,9661
2002,中鋼,40,11,29,富邦-新店,2023-08-02,9661
2886,兆豐金,44,16,28,富邦-新店,2023-08-02,9661
00772B,中信高評級公司債,27,0,27,富邦-新店,2023-08-02,9661
020022,元大電動車N,25,0,25,富邦-新店,2023-08-02,9661
1616,億泰,24,0,24,富邦-新店,2023-08-02,9661
2449,京元電子,56,33,23,富邦-新店,2023-08-02,9661
00795B,中信美國公債20年,23,0,23,富邦-新店,2023-08-02,9661
2610,華航,57,34,23,富邦-新店,2023-08-02,9661
3163,波若威,136,115,21,富邦-新店,2023-08-02,9661
6214,精誠,28,7,21,富邦-新店,2023-08-02,9661
2344,華邦電,345,13,332,富邦-新店,2023-08-04,9661
00680L,元大美債20正2,248,1,247,富邦-新店,2023-08-04,9661
00929,復華台灣科技優息,230,2,228,富邦-新店,2023-08-04,9661
00679B,元大美債20年,209,26,183,富邦-新店,2023-08-04,9661
00720B,元大投資級公司債,168,0,168,富邦-新店,2023-08-04,9661
00772B,中信高評級公司債,160,0,160,富邦-新店,2023-08-04,9661
00687B,國泰20年美債,150,0,150,富邦-新店,2023-08-04,9661
2883,凱基金,109,11,98,富邦-新店,2023-08-04,9661
00878,國泰永續高股息,213,126,87,富邦-新店,2023-08-04,9661
2891,中信金,86,0,86,富邦-新店,2023-08-04,9661
00665L,富邦�琤肭磪囓�2,88,6,82,富邦-新店,2023-08-04,9661
3706,神達,173,100,73,富邦-新店,2023-08-04,9661
3078,僑威,85,13,72,富邦-新店,2023-08-04,9661
00751B,元大AAA至A公司債,62,0,62,富邦-新店,2023-08-04,9661
2913,農林,290,231,59,富邦-新店,2023-08-04,9661
00688L,國泰20年美債正2,52,0,52,富邦-新店,2023-08-04,9661
2014,中鴻,82,34,48,富邦-新店,2023-08-04,9661
00757,統一FANG+,50,4,46,富邦-新店,2023-08-04,9661
3029,零壹,62,16,46,富邦-新店,2023-08-04,9661
2352,佳世達,49,5,44,富邦-新店,2023-08-04,9661
00696B,富邦美債20年,40,0,40,富邦-新店,2023-08-04,9661
1905,華紙,75,37,38,富邦-新店,2023-08-04,9661
3591,艾笛森,37,0,37,富邦-新店,2023-08-04,9661
00923,群益台ESG低碳50,37,0,37,富邦-新店,2023-08-04,9661
0050,元大台灣50,36,1,35,富邦-新店,2023-08-04,9661
2610,華航,40,7,33,富邦-新店,2023-08-04,9661
00795B,中信美國公債20年,33,0,33,富邦-新店,2023-08-04,9661
2618,長榮航,32,3,29,富邦-新店,2023-08-04,9661
1609,大亞,157,129,28,富邦-新店,2023-08-04,9661
8215,明基材,46,18,28,富邦-新店,2023-08-04,9661
5484,慧友,27,0,27,富邦-新店,2023-08-04,9661
4746,台耀,29,3,26,富邦-新店,2023-08-04,9661
00773B,中信優先金融債,29,5,24,富邦-新店,2023-08-04,9661
4714,永捷,25,1,24,富邦-新店,2023-08-04,9661
2330,台積電,23,0,23,富邦-新店,2023-08-04,9661
1216,統一,23,0,23,富邦-新店,2023-08-04,9661
2303,聯電,23,1,22,富邦-新店,2023-08-04,9661
3105,穩懋,22,1,21,富邦-新店,2023-08-04,9661
6285,啟��,35,14,21,富邦-新店,2023-08-04,9661
1210,大成,43,24,19,富邦-新店,2023-08-04,9661
3715,定穎投控,33,14,19,富邦-新店,2023-08-04,9661
3689,湧德,20,1,19,富邦-新店,2023-08-04,9661
1605,華新,105,87,18,富邦-新店,2023-08-04,9661
2886,兆豐金,18,1,17,富邦-新店,2023-08-04,9661
3037,欣興,19,2,17,富邦-新店,2023-08-04,9661
00761B,國泰A級公司債,16,0,16,富邦-新店,2023-08-04,9661
2504,國產,21,5,16,富邦-新店,2023-08-04,9661
4938,和碩,16,0,16,富邦-新店,2023-08-04,9661
2023,燁輝,25,9,16,富邦-新店,2023-08-04,9661
3325,旭品,41,25,16,富邦-新店,2023-08-04,9661
00929,復華台灣科技優息,261,13,248,富邦-新店,2023-08-07,9661
00632R,元大台灣50反1,177,11,166,富邦-新店,2023-08-07,9661
00931B,統一美債20年,126,2,124,富邦-新店,2023-08-07,9661
2891,中信金,119,4,115,富邦-新店,2023-08-07,9661
2014,中鴻,114,14,100,富邦-新店,2023-08-07,9661
00637L,元大滬深300正2,86,0,86,富邦-新店,2023-08-07,9661
2409,友達,104,23,81,富邦-新店,2023-08-07,9661
00687B,國泰20年美債,74,0,74,富邦-新店,2023-08-07,9661
4906,正文,65,4,61,富邦-新店,2023-08-07,9661
3515,華擎,63,3,60,富邦-新店,2023-08-07,9661
00923,群益台ESG低碳50,58,0,58,富邦-新店,2023-08-07,9661
2890,永豐金,58,2,56,富邦-新店,2023-08-07,9661
2023,燁輝,55,0,55,富邦-新店,2023-08-07,9661
00688L,國泰20年美債正2,54,0,54,富邦-新店,2023-08-07,9661
8390,金益鼎,69,17,52,富邦-新店,2023-08-07,9661
00720B,元大投資級公司債,49,0,49,富邦-新店,2023-08-07,9661
2913,農林,67,22,45,富邦-新店,2023-08-07,9661
3481,群創,61,18,43,富邦-新店,2023-08-07,9661
4114,健喬,41,0,41,富邦-新店,2023-08-07,9661
2618,長榮航,70,30,40,富邦-新店,2023-08-07,9661
5009,榮剛,59,19,40,富邦-新店,2023-08-07,9661
1513,中興電,45,9,36,富邦-新店,2023-08-07,9661
2317,鴻海,76,42,34,富邦-新店,2023-08-07,9661
00795B,中信美國公債20年,31,0,31,富邦-新店,2023-08-07,9661
00892,富邦台灣半導體,26,1,25,富邦-新店,2023-08-07,9661
3706,神達,409,385,24,富邦-新店,2023-08-07,9661
2609,陽明,40,18,22,富邦-新店,2023-08-07,9661
2610,華航,52,31,21,富邦-新店,2023-08-07,9661
1504,東元,22,2,20,富邦-新店,2023-08-07,9661
3078,僑威,34,14,20,富邦-新店,2023-08-07,9661
2419,仲琦,23,4,19,富邦-新店,2023-08-07,9661
6274,台燿,42,26,16,富邦-新店,2023-08-07,9661
1313,聯成,20,5,15,富邦-新店,2023-08-07,9661
5452,佶優,36,21,15,富邦-新店,2023-08-07,9661
8927,北基,15,0,15,富邦-新店,2023-08-07,9661
6156,松上,17,3,14,富邦-新店,2023-08-07,9661
2892,第一金,14,0,14,富邦-新店,2023-08-07,9661
2368,金像電,19,5,14,富邦-新店,2023-08-07,9661
3232,昱捷,13,0,13,富邦-新店,2023-08-07,9661
6016,康和證,18,5,13,富邦-新店,2023-08-07,9661
00751B,元大AAA至A公司債,19,6,13,富邦-新店,2023-08-07,9661
3163,波若威,55,42,13,富邦-新店,2023-08-07,9661
2603,長榮,23,10,13,富邦-新店,2023-08-07,9661
3024,憶聲,12,0,12,富邦-新店,2023-08-07,9661
00885,富邦越南,15,3,12,富邦-新店,2023-08-07,9661
3004,豐達科,15,3,12,富邦-新店,2023-08-07,9661
2388,威盛,30,19,11,富邦-新店,2023-08-07,9661
5258,虹堡,17,6,11,富邦-新店,2023-08-07,9661
3260,威剛,13,2,11,富邦-新店,2023-08-07,9661
8420,明揚,13,2,11,富邦-新店,2023-08-07,9661
00929,復華台灣科技優息,366,29,337,富邦-新店,2023-08-08,9661
00900,富邦特選高股息30,220,8,212,富邦-新店,2023-08-08,9661
3325,旭品,118,10,108,富邦-新店,2023-08-08,9661
3231,緯創,289,189,100,富邦-新店,2023-08-08,9661
2515,中工,100,0,100,富邦-新店,2023-08-08,9661
00923,群益台ESG低碳50,88,0,88,富邦-新店,2023-08-08,9661
2027,大成鋼,86,1,85,富邦-新店,2023-08-08,9661
00931B,統一美債20年,80,0,80,富邦-新店,2023-08-08,9661
3481,群創,108,27,81,富邦-新店,2023-08-08,9661
2356,英業達,253,184,69,富邦-新店,2023-08-08,9661
2303,聯電,65,2,63,富邦-新店,2023-08-08,9661
8163,達方,52,0,52,富邦-新店,2023-08-08,9661
2409,友達,62,15,47,富邦-新店,2023-08-08,9661
6101,寬魚國際,46,0,46,富邦-新店,2023-08-08,9661
2382,廣達,242,196,46,富邦-新店,2023-08-08,9661
00878,國泰永續高股息,79,34,45,富邦-新店,2023-08-08,9661
2610,華航,71,29,42,富邦-新店,2023-08-08,9661
2014,中鴻,44,7,37,富邦-新店,2023-08-08,9661
9927,泰銘,35,1,34,富邦-新店,2023-08-08,9661
1718,中纖,32,0,32,富邦-新店,2023-08-08,9661
8050,廣積,43,12,31,富邦-新店,2023-08-08,9661
2886,兆豐金,31,0,31,富邦-新店,2023-08-08,9661
2880,華南金,31,1,30,富邦-新店,2023-08-08,9661
5484,慧友,31,2,29,富邦-新店,2023-08-08,9661
6182,合晶,34,8,26,富邦-新店,2023-08-08,9661
3362,先進光,46,20,26,富邦-新店,2023-08-08,9661
00891,中信關鍵半導體,25,0,25,富邦-新店,2023-08-08,9661
00850,元大臺灣ESG永續,24,0,24,富邦-新店,2023-08-08,9661
00633L,富邦上証正2,25,1,24,富邦-新店,2023-08-08,9661
2324,仁寶,33,9,24,富邦-新店,2023-08-08,9661
3706,神達,135,115,20,富邦-新店,2023-08-08,9661
8215,明基材,25,5,20,富邦-新店,2023-08-08,9661
2838,聯邦銀,20,0,20,富邦-新店,2023-08-08,9661
0050,元大台灣50,20,1,19,富邦-新店,2023-08-08,9661
6285,啟��,44,25,19,富邦-新店,2023-08-08,9661
00679B,元大美債20年,34,15,19,富邦-新店,2023-08-08,9661
006208,富邦台50,20,2,18,富邦-新店,2023-08-08,9661
2812,台中銀,19,1,18,富邦-新店,2023-08-08,9661
00673R,期元大S＆P原油反1,18,0,18,富邦-新店,2023-08-08,9661
00772B,中信高評級公司債,25,8,17,富邦-新店,2023-08-08,9661
3289,宜特,16,1,15,富邦-新店,2023-08-08,9661
3580,友威科,22,7,15,富邦-新店,2023-08-08,9661
8420,明揚,15,0,15,富邦-新店,2023-08-08,9661
6231,系微,16,1,15,富邦-新店,2023-08-08,9661
2376,技嘉,69,55,14,富邦-新店,2023-08-08,9661
2352,佳世達,28,14,14,富邦-新店,2023-08-08,9661
8147,正淩,16,2,14,富邦-新店,2023-08-08,9661
3508,位速,14,0,14,富邦-新店,2023-08-08,9661
1785,光洋科,14,0,14,富邦-新店,2023-08-08,9661
2002,中鋼,13,0,13,富邦-新店,2023-08-08,9661
00632R,元大台灣50反1,509,178,331,富邦-新店,2023-08-09,9661
00900,富邦特選高股息30,305,0,305,富邦-新店,2023-08-09,9661
00929,復華台灣科技優息,217,8,209,富邦-新店,2023-08-09,9661
2344,華邦電,211,2,209,富邦-新店,2023-08-09,9661
5425,台半,163,38,125,富邦-新店,2023-08-09,9661
00795B,中信美國公債20年,91,2,89,富邦-新店,2023-08-09,9661
5880,合庫金,82,3,79,富邦-新店,2023-08-09,9661
1513,中興電,86,15,71,富邦-新店,2023-08-09,9661
00878,國泰永續高股息,136,66,70,富邦-新店,2023-08-09,9661
2382,廣達,184,118,66,富邦-新店,2023-08-09,9661
8171,天宇,55,0,55,富邦-新店,2023-08-09,9661
3702,大聯大,60,6,54,富邦-新店,2023-08-09,9661
1605,華新,53,7,46,富邦-新店,2023-08-09,9661
2890,永豐金,57,13,44,富邦-新店,2023-08-09,9661
6120,達運,40,0,40,富邦-新店,2023-08-09,9661
5484,慧友,40,1,39,富邦-新店,2023-08-09,9661
2316,楠梓電,38,3,35,富邦-新店,2023-08-09,9661
00931B,統一美債20年,36,3,33,富邦-新店,2023-08-09,9661
00751B,元大AAA至A公司債,30,0,30,富邦-新店,2023-08-09,9661
8086,宏捷科,29,2,27,富邦-新店,2023-08-09,9661
00923,群益台ESG低碳50,27,0,27,富邦-新店,2023-08-09,9661
00882,中信中國高股息,40,14,26,富邦-新店,2023-08-09,9661
2002,中鋼,26,0,26,富邦-新店,2023-08-09,9661
00680L,元大美債20正2,27,1,26,富邦-新店,2023-08-09,9661
00720B,元大投資級公司債,25,0,25,富邦-新店,2023-08-09,9661
6214,精誠,28,3,25,富邦-新店,2023-08-09,9661
2331,精英,26,1,25,富邦-新店,2023-08-09,9661
00722B,群益投資級電信債,24,0,24,富邦-新店,2023-08-09,9661
2206,三陽工業,40,18,22,富邦-新店,2023-08-09,9661
3231,緯創,217,197,20,富邦-新店,2023-08-09,9661
6191,精成科,22,2,20,富邦-新店,2023-08-09,9661
00919,群益台灣精選高息,24,5,19,富邦-新店,2023-08-09,9661
3508,位速,17,0,17,富邦-新店,2023-08-09,9661
2329,華泰,116,100,16,富邦-新店,2023-08-09,9661
2634,漢翔,70,54,16,富邦-新店,2023-08-09,9661
6282,康舒,44,29,15,富邦-新店,2023-08-09,9661
1709,和益,15,0,15,富邦-新店,2023-08-09,9661
3715,定穎投控,25,10,15,富邦-新店,2023-08-09,9661
2023,燁輝,17,2,15,富邦-新店,2023-08-09,9661
00892,富邦台灣半導體,14,0,14,富邦-新店,2023-08-09,9661
6412,群電,16,2,14,富邦-新店,2023-08-09,9661
00679B,元大美債20年,34,21,13,富邦-新店,2023-08-09,9661
3447,展達,13,0,13,富邦-新店,2023-08-09,9661
00687B,國泰20年美債,16,3,13,富邦-新店,2023-08-09,9661
1815,富喬,13,0,13,富邦-新店,2023-08-09,9661
8049,晶采,15,2,13,富邦-新店,2023-08-09,9661
3260,威剛,25,13,12,富邦-新店,2023-08-09,9661
6182,合晶,15,3,12,富邦-新店,2023-08-09,9661
2548,華固,12,0,12,富邦-新店,2023-08-09,9661
2376,技嘉,50,38,12,富邦-新店,2023-08-09,9661
00632R,元大台灣50反1,706,259,447,富邦-新店,2023-08-10,9661
00929,復華台灣科技優息,341,3,338,富邦-新店,2023-08-10,9661
00878,國泰永續高股息,377,52,325,富邦-新店,2023-08-10,9661
2401,凌陽,188,2,186,富邦-新店,2023-08-10,9661
2382,廣達,321,137,184,富邦-新店,2023-08-10,9661
00931B,統一美債20年,167,0,167,富邦-新店,2023-08-10,9661
00900,富邦特選高股息30,182,20,162,富邦-新店,2023-08-10,9661
2892,第一金,165,12,153,富邦-新店,2023-08-10,9661
2303,聯電,118,13,105,富邦-新店,2023-08-10,9661
0056,元大高股息,153,49,104,富邦-新店,2023-08-10,9661
2409,友達,81,4,77,富邦-新店,2023-08-10,9661
2206,三陽工業,94,17,77,富邦-新店,2023-08-10,9661
1605,華新,80,25,55,富邦-新店,2023-08-10,9661
00919,群益台灣精選高息,51,0,51,富邦-新店,2023-08-10,9661
8021,尖點,50,2,48,富邦-新店,2023-08-10,9661
2354,鴻準,59,12,47,富邦-新店,2023-08-10,9661
5484,慧友,49,3,46,富邦-新店,2023-08-10,9661
8171,天宇,46,1,45,富邦-新店,2023-08-10,9661
00751B,元大AAA至A公司債,43,0,43,富邦-新店,2023-08-10,9661
2610,華航,135,94,41,富邦-新店,2023-08-10,9661
3169,亞信,40,0,40,富邦-新店,2023-08-10,9661
3481,群創,53,13,40,富邦-新店,2023-08-10,9661
00923,群益台ESG低碳50,39,0,39,富邦-新店,2023-08-10,9661
3508,位速,39,0,39,富邦-新店,2023-08-10,9661
4721,美琪瑪,35,0,35,富邦-新店,2023-08-10,9661
2363,矽統,107,75,32,富邦-新店,2023-08-10,9661
00772B,中信高評級公司債,30,0,30,富邦-新店,2023-08-10,9661
6116,彩晶,30,0,30,富邦-新店,2023-08-10,9661
00687B,國泰20年美債,33,4,29,富邦-新店,2023-08-10,9661
9945,潤泰新,27,0,27,富邦-新店,2023-08-10,9661
006208,富邦台50,27,2,25,富邦-新店,2023-08-10,9661
00733,富邦臺灣中小,25,0,25,富邦-新店,2023-08-10,9661
2886,兆豐金,39,14,25,富邦-新店,2023-08-10,9661
0050,元大台灣50,34,9,25,富邦-新店,2023-08-10,9661
5243,乙盛-KY,25,1,24,富邦-新店,2023-08-10,9661
2880,華南金,25,2,23,富邦-新店,2023-08-10,9661
6282,康舒,54,31,23,富邦-新店,2023-08-10,9661
2002,中鋼,23,1,22,富邦-新店,2023-08-10,9661
00673R,期元大S＆P原油反1,22,0,22,富邦-新店,2023-08-10,9661
6412,群電,23,2,21,富邦-新店,2023-08-10,9661
3228,金麗科,21,0,21,富邦-新店,2023-08-10,9661
4938,和碩,21,0,21,富邦-新店,2023-08-10,9661
3017,奇鋐,29,8,21,富邦-新店,2023-08-10,9661
2371,大同,20,0,20,富邦-新店,2023-08-10,9661
00795B,中信美國公債20年,20,0,20,富邦-新店,2023-08-10,9661
3032,偉訓,32,14,18,富邦-新店,2023-08-10,9661
00712,復華富時不動產,18,0,18,富邦-新店,2023-08-10,9661
2609,陽明,21,3,18,富邦-新店,2023-08-10,9661
8147,正淩,17,0,17,富邦-新店,2023-08-10,9661
3013,晟銘電,19,2,17,富邦-新店,2023-08-10,9661
00632R,元大台灣50反1,898,106,792,富邦-新店,2023-08-11,9661
00900,富邦特選高股息30,245,4,241,富邦-新店,2023-08-11,9661
2880,華南金,202,1,201,富邦-新店,2023-08-11,9661
00931B,統一美債20年,197,0,197,富邦-新店,2023-08-11,9661
00772B,中信高評級公司債,129,0,129,富邦-新店,2023-08-11,9661
00929,復華台灣科技優息,107,0,107,富邦-新店,2023-08-11,9661
00687B,國泰20年美債,105,0,105,富邦-新店,2023-08-11,9661
00882,中信中國高股息,104,0,104,富邦-新店,2023-08-11,9661
6120,達運,82,1,81,富邦-新店,2023-08-11,9661
00679B,元大美債20年,86,10,76,富邦-新店,2023-08-11,9661
2801,彰銀,75,0,75,富邦-新店,2023-08-11,9661
2888,新光金,63,0,63,富邦-新店,2023-08-11,9661
00665L,富邦�琤肭磪囓�2,63,0,63,富邦-新店,2023-08-11,9661
00706L,期元大S＆P日圓正2,62,0,62,富邦-新店,2023-08-11,9661
00923,群益台ESG低碳50,60,0,60,富邦-新店,2023-08-11,9661
3591,艾笛森,51,0,51,富邦-新店,2023-08-11,9661
00752,中信中國50,45,0,45,富邦-新店,2023-08-11,9661
9945,潤泰新,50,6,44,富邦-新店,2023-08-11,9661
00634R,富邦上証反1,40,0,40,富邦-新店,2023-08-11,9661
00751B,元大AAA至A公司債,53,13,40,富邦-新店,2023-08-11,9661
00637L,元大滬深300正2,77,40,37,富邦-新店,2023-08-11,9661
2002,中鋼,33,0,33,富邦-新店,2023-08-11,9661
1101,台泥,45,12,33,富邦-新店,2023-08-11,9661
3231,緯創,169,137,32,富邦-新店,2023-08-11,9661
2324,仁寶,34,3,31,富邦-新店,2023-08-11,9661
3363,上詮,78,50,28,富邦-新店,2023-08-11,9661
00655L,國泰中國A50正2,27,0,27,富邦-新店,2023-08-11,9661
1540,喬福,27,0,27,富邦-新店,2023-08-11,9661
00680L,元大美債20正2,25,0,25,富邦-新店,2023-08-11,9661
3596,智易,27,4,23,富邦-新店,2023-08-11,9661
1229,聯華,22,0,22,富邦-新店,2023-08-11,9661
1514,亞力,22,0,22,富邦-新店,2023-08-11,9661
2331,精英,22,0,22,富邦-新店,2023-08-11,9661
2312,金寶,28,6,22,富邦-新店,2023-08-11,9661
2344,華邦電,22,0,22,富邦-新店,2023-08-11,9661
3483,力致,35,14,21,富邦-新店,2023-08-11,9661
8171,天宇,20,0,20,富邦-新店,2023-08-11,9661
8201,無敵,20,0,20,富邦-新店,2023-08-11,9661
2206,三陽工業,23,4,19,富邦-新店,2023-08-11,9661
00633L,富邦上証正2,19,0,19,富邦-新店,2023-08-11,9661
2881,富邦金,26,7,19,富邦-新店,2023-08-11,9661
2913,農林,24,8,16,富邦-新店,2023-08-11,9661
6770,力積電,19,2,17,富邦-新店,2023-08-11,9661
6142,友勁,21,5,16,富邦-新店,2023-08-11,9661
2302,麗正,20,5,15,富邦-新店,2023-08-11,9661
1513,中興電,18,3,15,富邦-新店,2023-08-11,9661
2734,易飛網,17,2,15,富邦-新店,2023-08-11,9661
00885,富邦越南,15,0,15,富邦-新店,2023-08-11,9661
006208,富邦台50,17,2,15,富邦-新店,2023-08-11,9661
3052,夆典,15,1,14,富邦-新店,2023-08-11,9661
00929,復華台灣科技優息,469,2,467,富邦-新店,2023-08-14,9661
2344,華邦電,405,6,399,富邦-新店,2023-08-14,9661
00900,富邦特選高股息30,368,3,365,富邦-新店,2023-08-14,9661
00878,國泰永續高股息,311,101,210,富邦-新店,2023-08-14,9661
2897,王道銀行,208,1,207,富邦-新店,2023-08-14,9661
00923,群益台ESG低碳50,184,0,184,富邦-新店,2023-08-14,9661
2891,中信金,185,13,172,富邦-新店,2023-08-14,9661
2618,長榮航,143,28,115,富邦-新店,2023-08-14,9661
2880,華南金,114,1,113,富邦-新店,2023-08-14,9661
0056,元大高股息,141,29,112,富邦-新店,2023-08-14,9661
2401,凌陽,109,1,108,富邦-新店,2023-08-14,9661
2834,臺企銀,118,11,107,富邦-新店,2023-08-14,9661
1312,國喬,102,0,102,富邦-新店,2023-08-14,9661
2610,華航,126,28,98,富邦-新店,2023-08-14,9661
9945,潤泰新,87,1,86,富邦-新店,2023-08-14,9661
2882,國泰金,83,2,81,富邦-新店,2023-08-14,9661
2887,台新金,68,0,68,富邦-新店,2023-08-14,9661
00882,中信中國高股息,73,7,66,富邦-新店,2023-08-14,9661
2027,大成鋼,66,1,65,富邦-新店,2023-08-14,9661
2356,英業達,229,168,61,富邦-新店,2023-08-14,9661
2515,中工,55,0,55,富邦-新店,2023-08-14,9661
0050,元大台灣50,51,0,51,富邦-新店,2023-08-14,9661
00919,群益台灣精選高息,52,2,50,富邦-新店,2023-08-14,9661
006208,富邦台50,52,6,46,富邦-新店,2023-08-14,9661
00632R,元大台灣50反1,52,7,45,富邦-新店,2023-08-14,9661
00751B,元大AAA至A公司債,42,0,42,富邦-新店,2023-08-14,9661
00679B,元大美債20年,63,25,38,富邦-新店,2023-08-14,9661
6138,茂達,38,0,38,富邦-新店,2023-08-14,9661
5371,中光電,35,0,35,富邦-新店,2023-08-14,9661
2888,新光金,38,5,33,富邦-新店,2023-08-14,9661
8171,天宇,28,0,28,富邦-新店,2023-08-14,9661
3169,亞信,27,0,27,富邦-新店,2023-08-14,9661
2355,敬鵬,26,0,26,富邦-新店,2023-08-14,9661
00680L,元大美債20正2,27,1,26,富邦-新店,2023-08-14,9661
00772B,中信高評級公司債,26,1,25,富邦-新店,2023-08-14,9661
2641,正德,25,0,25,富邦-新店,2023-08-14,9661
3508,位速,24,0,24,富邦-新店,2023-08-14,9661
2368,金像電,33,10,23,富邦-新店,2023-08-14,9661
2501,國建,23,0,23,富邦-新店,2023-08-14,9661
2645,長榮航太,26,4,22,富邦-新店,2023-08-14,9661
2206,三陽工業,47,25,22,富邦-新店,2023-08-14,9661
6147,頎邦,21,0,21,富邦-新店,2023-08-14,9661
3045,台灣大,20,0,20,富邦-新店,2023-08-14,9661
00651R,復華香港反1,20,0,20,富邦-新店,2023-08-14,9661
2330,台積電,21,2,19,富邦-新店,2023-08-14,9661
2801,彰銀,18,0,18,富邦-新店,2023-08-14,9661
1809,中釉,18,0,18,富邦-新店,2023-08-14,9661
00675L,富邦臺灣加權正2,18,0,18,富邦-新店,2023-08-14,9661
6446,藥華藥,28,11,17,富邦-新店,2023-08-14,9661
00907,永豐優息存股,17,0,17,富邦-新店,2023-08-14,9661
00900,富邦特選高股息30,1855,13,1842,富邦-新店,2023-08-15,9661
00929,復華台灣科技優息,161,2,159,富邦-新店,2023-08-15,9661
00923,群益台ESG低碳50,197,71,126,富邦-新店,2023-08-15,9661
00632R,元大台灣50反1,119,0,119,富邦-新店,2023-08-15,9661
3325,旭品,126,12,114,富邦-新店,2023-08-15,9661
2317,鴻海,91,8,83,富邦-新店,2023-08-15,9661
2834,臺企銀,97,22,75,富邦-新店,2023-08-15,9661
2891,中信金,96,24,72,富邦-新店,2023-08-15,9661
00878,國泰永續高股息,180,114,66,富邦-新店,2023-08-15,9661
00679B,元大美債20年,61,0,61,富邦-新店,2023-08-15,9661
3045,台灣大,53,0,53,富邦-新店,2023-08-15,9661
2887,台新金,49,1,48,富邦-新店,2023-08-15,9661
3078,僑威,137,91,46,富邦-新店,2023-08-15,9661
00931B,統一美債20年,44,0,44,富邦-新店,2023-08-15,9661
2892,第一金,44,0,44,富邦-新店,2023-08-15,9661
00881,國泰台灣5G+,40,1,39,富邦-新店,2023-08-15,9661
2002,中鋼,47,9,38,富邦-新店,2023-08-15,9661
2303,聯電,35,2,33,富邦-新店,2023-08-15,9661
00687B,國泰20年美債,68,35,33,富邦-新店,2023-08-15,9661
3363,上詮,39,6,33,富邦-新店,2023-08-15,9661
2402,毅嘉,41,9,32,富邦-新店,2023-08-15,9661
2323,中環,145,116,29,富邦-新店,2023-08-15,9661
00772B,中信高評級公司債,28,0,28,富邦-新店,2023-08-15,9661
8358,金居,37,11,26,富邦-新店,2023-08-15,9661
00680L,元大美債20正2,26,0,26,富邦-新店,2023-08-15,9661
00907,永豐優息存股,24,0,24,富邦-新店,2023-08-15,9661
2206,三陽工業,54,30,24,富邦-新店,2023-08-15,9661
0050,元大台灣50,25,2,23,富邦-新店,2023-08-15,9661
00751B,元大AAA至A公司債,24,1,23,富邦-新店,2023-08-15,9661
00882,中信中國高股息,27,6,21,富邦-新店,2023-08-15,9661
3105,穩懋,28,7,21,富邦-新店,2023-08-15,9661
2440,太空梭,21,0,21,富邦-新店,2023-08-15,9661
4950,牧東,21,0,21,富邦-新店,2023-08-15,9661
6125,廣運,38,17,21,富邦-新店,2023-08-15,9661
00850,元大臺灣ESG永續,31,11,20,富邦-新店,2023-08-15,9661
3702,大聯大,27,9,18,富邦-新店,2023-08-15,9661
00655L,國泰中國A50正2,18,0,18,富邦-新店,2023-08-15,9661
2353,宏��,92,76,16,富邦-新店,2023-08-15,9661
2388,威盛,53,38,15,富邦-新店,2023-08-15,9661
2884,玉山金,28,13,15,富邦-新店,2023-08-15,9661
00892,富邦台灣半導體,15,1,14,富邦-新店,2023-08-15,9661
00919,群益台灣精選高息,18,4,14,富邦-新店,2023-08-15,9661
9945,潤泰新,14,0,14,富邦-新店,2023-08-15,9661
2548,華固,15,1,14,富邦-新店,2023-08-15,9661
2301,光寶科,46,33,13,富邦-新店,2023-08-15,9661
2376,技嘉,48,35,13,富邦-新店,2023-08-15,9661
00720B,元大投資級公司債,13,0,13,富邦-新店,2023-08-15,9661
2801,彰銀,12,0,12,富邦-新店,2023-08-15,9661
6285,啟��,24,12,12,富邦-新店,2023-08-15,9661
2329,華泰,91,80,11,富邦-新店,2023-08-15,9661
00929,復華台灣科技優息,268,15,253,富邦-新店,2023-08-16,9661
00878,國泰永續高股息,242,63,179,富邦-新店,2023-08-16,9661
00712,復華富時不動產,153,34,119,富邦-新店,2023-08-16,9661
2303,聯電,106,3,103,富邦-新店,2023-08-16,9661
00900,富邦特選高股息30,130,34,96,富邦-新店,2023-08-16,9661
1609,大亞,99,3,96,富邦-新店,2023-08-16,9661
00931B,統一美債20年,98,7,91,富邦-新店,2023-08-16,9661
00923,群益台ESG低碳50,64,0,64,富邦-新店,2023-08-16,9661
2610,華航,83,20,63,富邦-新店,2023-08-16,9661
1795,美時,67,13,54,富邦-新店,2023-08-16,9661
3325,旭品,115,61,54,富邦-新店,2023-08-16,9661
00751B,元大AAA至A公司債,58,8,50,富邦-新店,2023-08-16,9661
2618,長榮航,80,40,40,富邦-新店,2023-08-16,9661
0050,元大台灣50,40,4,36,富邦-新店,2023-08-16,9661
00687B,國泰20年美債,36,0,36,富邦-新店,2023-08-16,9661
1605,華新,35,0,35,富邦-新店,2023-08-16,9661
3037,欣興,43,11,32,富邦-新店,2023-08-16,9661
4609,唐鋒,30,0,30,富邦-新店,2023-08-16,9661
006208,富邦台50,35,5,30,富邦-新店,2023-08-16,9661
2886,兆豐金,49,21,28,富邦-新店,2023-08-16,9661
2887,台新金,27,0,27,富邦-新店,2023-08-16,9661
1301,台塑,27,0,27,富邦-新店,2023-08-16,9661
2801,彰銀,27,0,27,富邦-新店,2023-08-16,9661
5880,合庫金,26,0,26,富邦-新店,2023-08-16,9661
2002,中鋼,25,0,25,富邦-新店,2023-08-16,9661
00680L,元大美債20正2,25,0,25,富邦-新店,2023-08-16,9661
6120,達運,25,0,25,富邦-新店,2023-08-16,9661
2884,玉山金,27,2,25,富邦-新店,2023-08-16,9661
3682,亞太電,30,7,23,富邦-新店,2023-08-16,9661
1504,東元,33,10,23,富邦-新店,2023-08-16,9661
2820,華票,22,0,22,富邦-新店,2023-08-16,9661
3481,群創,36,14,22,富邦-新店,2023-08-16,9661
6116,彩晶,23,2,21,富邦-新店,2023-08-16,9661
2834,臺企銀,21,0,21,富邦-新店,2023-08-16,9661
2641,正德,20,0,20,富邦-新店,2023-08-16,9661
2543,皇昌,20,0,20,富邦-新店,2023-08-16,9661
2409,友達,21,2,19,富邦-新店,2023-08-16,9661
9927,泰銘,21,2,19,富邦-新店,2023-08-16,9661
2883,凱基金,29,11,18,富邦-新店,2023-08-16,9661
00650L,復華香港正2,18,0,18,富邦-新店,2023-08-16,9661
00665L,富邦�琤肭磪囓�2,18,0,18,富邦-新店,2023-08-16,9661
2324,仁寶,46,29,17,富邦-新店,2023-08-16,9661
00907,永豐優息存股,19,2,17,富邦-新店,2023-08-16,9661
2548,華固,17,0,17,富邦-新店,2023-08-16,9661
2317,鴻海,27,10,17,富邦-新店,2023-08-16,9661
2892,第一金,16,0,16,富邦-新店,2023-08-16,9661
1102,亞泥,17,1,16,富邦-新店,2023-08-16,9661
8048,德勝,15,0,15,富邦-新店,2023-08-16,9661
2633,台灣高鐵,15,0,15,富邦-新店,2023-08-16,9661
8358,金居,40,25,15,富邦-新店,2023-08-16,9661
00878,國泰永續高股息,1548,41,1507,富邦-新店,2023-08-17,9661
2883,凱基金,203,4,199,富邦-新店,2023-08-17,9661
00632R,元大台灣50反1,200,11,189,富邦-新店,2023-08-17,9661
00929,復華台灣科技優息,189,7,182,富邦-新店,2023-08-17,9661
2356,英業達,336,160,176,富邦-新店,2023-08-17,9661
2303,聯電,192,93,99,富邦-新店,2023-08-17,9661
00931B,統一美債20年,85,7,78,富邦-新店,2023-08-17,9661
00751B,元大AAA至A公司債,75,0,75,富邦-新店,2023-08-17,9661
00712,復華富時不動產,69,0,69,富邦-新店,2023-08-17,9661
3231,緯創,217,149,68,富邦-新店,2023-08-17,9661
2888,新光金,71,10,61,富邦-新店,2023-08-17,9661
00720B,元大投資級公司債,61,0,61,富邦-新店,2023-08-17,9661
00919,群益台灣精選高息,60,9,51,富邦-新店,2023-08-17,9661
2355,敬鵬,45,5,40,富邦-新店,2023-08-17,9661
2027,大成鋼,41,2,39,富邦-新店,2023-08-17,9661
00772B,中信高評級公司債,36,0,36,富邦-新店,2023-08-17,9661
2886,兆豐金,63,30,33,富邦-新店,2023-08-17,9661
3105,穩懋,34,2,32,富邦-新店,2023-08-17,9661
6275,元山,37,6,31,富邦-新店,2023-08-17,9661
3715,定穎投控,169,140,29,富邦-新店,2023-08-17,9661
0056,元大高股息,52,23,29,富邦-新店,2023-08-17,9661
2002,中鋼,32,4,28,富邦-新店,2023-08-17,9661
2436,偉詮電,30,2,28,富邦-新店,2023-08-17,9661
6245,立端,28,1,27,富邦-新店,2023-08-17,9661
9904,寶成,27,0,27,富邦-新店,2023-08-17,9661
9945,潤泰新,23,0,23,富邦-新店,2023-08-17,9661
1301,台塑,23,0,23,富邦-新店,2023-08-17,9661
6125,廣運,49,27,22,富邦-新店,2023-08-17,9661
2324,仁寶,216,194,22,富邦-新店,2023-08-17,9661
2421,建準,65,44,21,富邦-新店,2023-08-17,9661
2405,輔信,21,0,21,富邦-新店,2023-08-17,9661
5009,榮剛,23,2,21,富邦-新店,2023-08-17,9661
2891,中信金,39,18,21,富邦-新店,2023-08-17,9661
1326,台化,22,2,20,富邦-新店,2023-08-17,9661
6187,萬潤,24,5,19,富邦-新店,2023-08-17,9661
2313,華通,22,3,19,富邦-新店,2023-08-17,9661
8086,宏捷科,18,0,18,富邦-新店,2023-08-17,9661
2851,中再保,18,0,18,富邦-新店,2023-08-17,9661
0050,元大台灣50,21,3,18,富邦-新店,2023-08-17,9661
8049,晶采,21,4,17,富邦-新店,2023-08-17,9661
3338,泰碩,26,9,17,富邦-新店,2023-08-17,9661
6538,倉和,18,2,16,富邦-新店,2023-08-17,9661
1795,美時,38,22,16,富邦-新店,2023-08-17,9661
00900,富邦特選高股息30,20,4,16,富邦-新店,2023-08-17,9661
00915,凱基優選高股息30,15,0,15,富邦-新店,2023-08-17,9661
6285,啟��,41,26,15,富邦-新店,2023-08-17,9661
2465,麗臺,15,0,15,富邦-新店,2023-08-17,9661
9927,泰銘,18,3,15,富邦-新店,2023-08-17,9661
2884,玉山金,36,22,14,富邦-新店,2023-08-17,9661
2734,易飛網,17,3,14,富邦-新店,2023-08-17,9661
00929,復華台灣科技優息,261,23,238,富邦-新店,2023-08-18,9661
3231,緯創,355,251,104,富邦-新店,2023-08-18,9661
00878,國泰永續高股息,166,74,92,富邦-新店,2023-08-18,9661
6139,亞翔,93,12,81,富邦-新店,2023-08-18,9661
2402,毅嘉,79,8,71,富邦-新店,2023-08-18,9661
5880,合庫金,76,5,71,富邦-新店,2023-08-18,9661
3045,台灣大,51,0,51,富邦-新店,2023-08-18,9661
3078,僑威,72,22,50,富邦-新店,2023-08-18,9661
2356,英業達,115,67,48,富邦-新店,2023-08-18,9661
1471,首利,64,18,46,富邦-新店,2023-08-18,9661
7402,邑錡,53,9,44,富邦-新店,2023-08-18,9661
1101,台泥,52,8,44,富邦-新店,2023-08-18,9661
1504,東元,98,54,44,富邦-新店,2023-08-18,9661
0056,元大高股息,55,12,43,富邦-新店,2023-08-18,9661
3163,波若威,118,78,40,富邦-新店,2023-08-18,9661
3051,力特,46,7,39,富邦-新店,2023-08-18,9661
6223,旺矽,49,10,39,富邦-新店,2023-08-18,9661
2618,長榮航,66,30,36,富邦-新店,2023-08-18,9661
00923,群益台ESG低碳50,36,1,35,富邦-新店,2023-08-18,9661
5328,華容,34,0,34,富邦-新店,2023-08-18,9661
2882,國泰金,33,1,32,富邦-新店,2023-08-18,9661
3372,典範,29,0,29,富邦-新店,2023-08-18,9661
2363,矽統,205,178,27,富邦-新店,2023-08-18,9661
00751B,元大AAA至A公司債,38,11,27,富邦-新店,2023-08-18,9661
2324,仁寶,94,67,27,富邦-新店,2023-08-18,9661
00687B,國泰20年美債,27,1,26,富邦-新店,2023-08-18,9661
2382,廣達,179,153,26,富邦-新店,2023-08-18,9661
00679B,元大美債20年,33,8,25,富邦-新店,2023-08-18,9661
6285,啟��,36,11,25,富邦-新店,2023-08-18,9661
00919,群益台灣精選高息,25,1,24,富邦-新店,2023-08-18,9661
3056,富華新,27,3,24,富邦-新店,2023-08-18,9661
2449,京元電子,27,4,23,富邦-新店,2023-08-18,9661
3362,先進光,57,34,23,富邦-新店,2023-08-18,9661
8147,正淩,22,0,22,富邦-新店,2023-08-18,9661
2308,台達電,24,3,21,富邦-新店,2023-08-18,9661
2610,華航,60,39,21,富邦-新店,2023-08-18,9661
3324,雙鴻,31,10,21,富邦-新店,2023-08-18,9661
00882,中信中國高股息,20,0,20,富邦-新店,2023-08-18,9661
8171,天宇,20,0,20,富邦-新店,2023-08-18,9661
4147,中裕,28,8,20,富邦-新店,2023-08-18,9661
2328,廣宇,20,0,20,富邦-新店,2023-08-18,9661
2886,兆豐金,21,4,17,富邦-新店,2023-08-18,9661
2609,陽明,51,34,17,富邦-新店,2023-08-18,9661
3213,茂訊,17,1,16,富邦-新店,2023-08-18,9661
1709,和益,17,1,16,富邦-新店,2023-08-18,9661
2881,富邦金,16,2,14,富邦-新店,2023-08-18,9661
6245,立端,14,0,14,富邦-新店,2023-08-18,9661
2409,友達,14,0,14,富邦-新店,2023-08-18,9661
4938,和碩,17,4,13,富邦-新店,2023-08-18,9661
00753L,中信中國50正2,13,0,13,富邦-新店,2023-08-18,9661
00929,復華台灣科技優息,146,3,143,富邦-新店,2023-08-21,9661
2888,新光金,121,0,121,富邦-新店,2023-08-21,9661
00673R,期元大S＆P原油反1,86,4,82,富邦-新店,2023-08-21,9661
00687B,國泰20年美債,82,0,82,富邦-新店,2023-08-21,9661
00751B,元大AAA至A公司債,75,0,75,富邦-新店,2023-08-21,9661
00637L,元大滬深300正2,155,85,70,富邦-新店,2023-08-21,9661
2382,廣達,94,39,55,富邦-新店,2023-08-21,9661
6223,旺矽,50,1,49,富邦-新店,2023-08-21,9661
00919,群益台灣精選高息,44,3,41,富邦-新店,2023-08-21,9661
5426,振發,41,0,41,富邦-新店,2023-08-21,9661
3325,旭品,44,3,41,富邦-新店,2023-08-21,9661
2303,聯電,49,9,40,富邦-新店,2023-08-21,9661
00931B,統一美債20年,40,0,40,富邦-新店,2023-08-21,9661
00753L,中信中國50正2,40,3,37,富邦-新店,2023-08-21,9661
6275,元山,42,6,36,富邦-新店,2023-08-21,9661
00907,永豐優息存股,34,0,34,富邦-新店,2023-08-21,9661
00712,復華富時不動產,42,10,32,富邦-新店,2023-08-21,9661
3324,雙鴻,42,14,28,富邦-新店,2023-08-21,9661
6147,頎邦,30,4,26,富邦-新店,2023-08-21,9661
2605,新興,67,42,25,富邦-新店,2023-08-21,9661
00878,國泰永續高股息,36,11,25,富邦-新店,2023-08-21,9661
00882,中信中國高股息,29,5,24,富邦-新店,2023-08-21,9661
1319,東陽,40,17,23,富邦-新店,2023-08-21,9661
8358,金居,38,15,23,富邦-新店,2023-08-21,9661
3706,神達,25,5,20,富邦-新店,2023-08-21,9661
00645,富邦日本,20,0,20,富邦-新店,2023-08-21,9661
2615,萬海,20,1,19,富邦-新店,2023-08-21,9661
2409,友達,21,4,17,富邦-新店,2023-08-21,9661
0050,元大台灣50,18,1,17,富邦-新店,2023-08-21,9661
5608,四維航,19,2,17,富邦-新店,2023-08-21,9661
2606,裕民,115,98,17,富邦-新店,2023-08-21,9661
00679B,元大美債20年,30,14,16,富邦-新店,2023-08-21,9661
5469,瀚宇博,20,5,15,富邦-新店,2023-08-21,9661
9938,百和,15,0,15,富邦-新店,2023-08-21,9661
2002,中鋼,18,3,15,富邦-新店,2023-08-21,9661
9945,潤泰新,14,0,14,富邦-新店,2023-08-21,9661
2485,兆赫,20,6,14,富邦-新店,2023-08-21,9661
00665L,富邦�琤肭磪囓�2,14,0,14,富邦-新店,2023-08-21,9661
1504,東元,18,5,13,富邦-新店,2023-08-21,9661
00923,群益台ESG低碳50,12,0,12,富邦-新店,2023-08-21,9661
00680L,元大美債20正2,14,2,12,富邦-新店,2023-08-21,9661
2641,正德,11,0,11,富邦-新店,2023-08-21,9661
006208,富邦台50,11,0,11,富邦-新店,2023-08-21,9661
2301,光寶科,33,22,11,富邦-新店,2023-08-21,9661
00720B,元大投資級公司債,14,4,10,富邦-新店,2023-08-21,9661
2208,台船,10,0,10,富邦-新店,2023-08-21,9661
9907,統一實,11,1,10,富邦-新店,2023-08-21,9661
5285,界霖,10,0,10,富邦-新店,2023-08-21,9661
00922,國泰台灣領袖50,10,0,10,富邦-新店,2023-08-21,9661
6116,彩晶,10,0,10,富邦-新店,2023-08-21,9661
00929,復華台灣科技優息,139,3,136,富邦-新店,2023-08-22,9661
2353,宏��,97,1,96,富邦-新店,2023-08-22,9661
00687B,國泰20年美債,83,0,83,富邦-新店,2023-08-22,9661
00637L,元大滬深300正2,125,45,80,富邦-新店,2023-08-22,9661
2324,仁寶,138,61,77,富邦-新店,2023-08-22,9661
2363,矽統,267,204,63,富邦-新店,2023-08-22,9661
00751B,元大AAA至A公司債,57,0,57,富邦-新店,2023-08-22,9661
5388,中磊,50,8,42,富邦-新店,2023-08-22,9661
1402,遠東新,36,0,36,富邦-新店,2023-08-22,9661
2409,友達,33,1,32,富邦-新店,2023-08-22,9661
4938,和碩,47,15,32,富邦-新店,2023-08-22,9661
2301,光寶科,96,65,31,富邦-新店,2023-08-22,9661
8358,金居,32,3,29,富邦-新店,2023-08-22,9661
2355,敬鵬,39,11,28,富邦-新店,2023-08-22,9661
2891,中信金,30,3,27,富邦-新店,2023-08-22,9661
2883,凱基金,28,1,27,富邦-新店,2023-08-22,9661
2332,友訊,81,56,25,富邦-新店,2023-08-22,9661
9939,宏全,25,0,25,富邦-新店,2023-08-22,9661
2515,中工,27,2,25,富邦-新店,2023-08-22,9661
1444,力麗,26,1,25,富邦-新店,2023-08-22,9661
3231,緯創,151,126,25,富邦-新店,2023-08-22,9661
00772B,中信高評級公司債,23,0,23,富邦-新店,2023-08-22,9661
1504,東元,28,5,23,富邦-新店,2023-08-22,9661
6147,頎邦,26,5,21,富邦-新店,2023-08-22,9661
3596,智易,26,5,21,富邦-新店,2023-08-22,9661
00712,復華富時不動產,21,0,21,富邦-新店,2023-08-22,9661
2368,金像電,49,29,20,富邦-新店,2023-08-22,9661
6122,擎邦,32,12,20,富邦-新店,2023-08-22,9661
2888,新光金,32,13,19,富邦-新店,2023-08-22,9661
3260,威剛,20,1,19,富邦-新店,2023-08-22,9661
3689,湧德,27,10,17,富邦-新店,2023-08-22,9661
2002,中鋼,17,0,17,富邦-新店,2023-08-22,9661
6170,統振,32,16,16,富邦-新店,2023-08-22,9661
3508,位速,15,0,15,富邦-新店,2023-08-22,9661
1301,台塑,14,0,14,富邦-新店,2023-08-22,9661
6245,立端,14,0,14,富邦-新店,2023-08-22,9661
2371,大同,14,0,14,富邦-新店,2023-08-22,9661
6120,達運,25,11,14,富邦-新店,2023-08-22,9661
8171,天宇,14,0,14,富邦-新店,2023-08-22,9661
2382,廣達,148,134,14,富邦-新店,2023-08-22,9661
1303,南亞,13,0,13,富邦-新店,2023-08-22,9661
2376,技嘉,51,38,13,富邦-新店,2023-08-22,9661
2884,玉山金,13,0,13,富邦-新店,2023-08-22,9661
2419,仲琦,22,10,12,富邦-新店,2023-08-22,9661
1611,中電,12,0,12,富邦-新店,2023-08-22,9661
8147,正淩,13,1,12,富邦-新店,2023-08-22,9661
1471,首利,24,12,12,富邦-新店,2023-08-22,9661
1409,新纖,12,0,12,富邦-新店,2023-08-22,9661
00923,群益台ESG低碳50,15,3,12,富邦-新店,2023-08-22,9661
5347,世界,11,0,11,富邦-新店,2023-08-22,9661
00632R,元大台灣50反1,200,51,149,富邦-新店,2023-08-23,9661
6275,元山,125,21,104,富邦-新店,2023-08-23,9661
00878,國泰永續高股息,108,34,74,富邦-新店,2023-08-23,9661
1402,遠東新,57,0,57,富邦-新店,2023-08-23,9661
5371,中光電,58,8,50,富邦-新店,2023-08-23,9661
2618,長榮航,75,29,46,富邦-新店,2023-08-23,9661
1310,台苯,40,0,40,富邦-新店,2023-08-23,9661
00900,富邦特選高股息30,35,2,33,富邦-新店,2023-08-23,9661
2884,玉山金,38,7,31,富邦-新店,2023-08-23,9661
8033,雷虎,39,9,30,富邦-新店,2023-08-23,9661
00751B,元大AAA至A公司債,43,13,30,富邦-新店,2023-08-23,9661
2353,宏��,35,5,30,富邦-新店,2023-08-23,9661
2886,兆豐金,33,4,29,富邦-新店,2023-08-23,9661
3078,僑威,37,10,27,富邦-新店,2023-08-23,9661
2329,華泰,39,14,25,富邦-新店,2023-08-23,9661
3231,緯創,121,96,25,富邦-新店,2023-08-23,9661
00882,中信中國高股息,34,10,24,富邦-新店,2023-08-23,9661
3163,波若威,34,10,24,富邦-新店,2023-08-23,9661
2382,廣達,67,43,24,富邦-新店,2023-08-23,9661
4906,正文,40,17,23,富邦-新店,2023-08-23,9661
3312,弘憶股,21,0,21,富邦-新店,2023-08-23,9661
3689,湧德,28,8,20,富邦-新店,2023-08-23,9661
00885,富邦越南,21,2,19,富邦-新店,2023-08-23,9661
1519,華城,56,37,19,富邦-新店,2023-08-23,9661
2887,台新金,21,2,19,富邦-新店,2023-08-23,9661
00753L,中信中國50正2,20,3,17,富邦-新店,2023-08-23,9661
3051,力特,80,63,17,富邦-新店,2023-08-23,9661
6231,系微,22,6,16,富邦-新店,2023-08-23,9661
2881,富邦金,19,3,16,富邦-新店,2023-08-23,9661
8059,凱碩,16,0,16,富邦-新店,2023-08-23,9661
1227,佳格,15,0,15,富邦-新店,2023-08-23,9661
2486,一詮,18,3,15,富邦-新店,2023-08-23,9661
7402,邑錡,17,3,14,富邦-新店,2023-08-23,9661
6122,擎邦,20,7,13,富邦-新店,2023-08-23,9661
2324,仁寶,29,17,12,富邦-新店,2023-08-23,9661
3704,合勤控,14,2,12,富邦-新店,2023-08-23,9661
1810,和成,42,30,12,富邦-新店,2023-08-23,9661
2617,台航,12,0,12,富邦-新店,2023-08-23,9661
0050,元大台灣50,14,2,12,富邦-新店,2023-08-23,9661
8050,廣積,20,8,12,富邦-新店,2023-08-23,9661
3444,利機,11,0,11,富邦-新店,2023-08-23,9661
8147,正淩,11,0,11,富邦-新店,2023-08-23,9661
4543,萬在,13,2,11,富邦-新店,2023-08-23,9661
3701,大眾控,11,0,11,富邦-新店,2023-08-23,9661
8086,宏捷科,14,4,10,富邦-新店,2023-08-23,9661
2820,華票,10,0,10,富邦-新店,2023-08-23,9661
6185,幃翔,10,0,10,富邦-新店,2023-08-23,9661
00717,富邦美國特別股,10,0,10,富邦-新店,2023-08-23,9661
9907,統一實,10,0,10,富邦-新店,2023-08-23,9661
00688L,國泰20年美債正2,10,0,10,富邦-新店,2023-08-23,9661
00665L,富邦�琤肭磪囓�2,236,0,236,富邦-新店,2023-08-24,9661
2883,凱基金,212,1,211,富邦-新店,2023-08-24,9661
2356,英業達,331,168,163,富邦-新店,2023-08-24,9661
00919,群益台灣精選高息,116,8,108,富邦-新店,2023-08-24,9661
00929,復華台灣科技優息,97,38,59,富邦-新店,2023-08-24,9661
5015,華祺,57,0,57,富邦-新店,2023-08-24,9661
8996,高力,58,7,51,富邦-新店,2023-08-24,9661
7402,邑錡,92,45,47,富邦-新店,2023-08-24,9661
8147,正淩,45,1,44,富邦-新店,2023-08-24,9661
00882,中信中國高股息,43,0,43,富邦-新店,2023-08-24,9661
2884,玉山金,43,1,42,富邦-新店,2023-08-24,9661
2419,仲琦,67,27,40,富邦-新店,2023-08-24,9661
9904,寶成,41,1,40,富邦-新店,2023-08-24,9661
2353,宏��,53,13,40,富邦-新店,2023-08-24,9661
00650L,復華香港正2,30,0,30,富邦-新店,2023-08-24,9661
2301,光寶科,87,59,28,富邦-新店,2023-08-24,9661
3206,志豐,29,1,28,富邦-新店,2023-08-24,9661
00885,富邦越南,31,4,27,富邦-新店,2023-08-24,9661
3035,智原,40,14,26,富邦-新店,2023-08-24,9661
5371,中光電,31,6,25,富邦-新店,2023-08-24,9661
2880,華南金,26,2,24,富邦-新店,2023-08-24,9661
2363,矽統,354,332,22,富邦-新店,2023-08-24,9661
4532,瑞智,26,4,22,富邦-新店,2023-08-24,9661
3531,先益,21,0,21,富邦-新店,2023-08-24,9661
6285,啟��,36,16,20,富邦-新店,2023-08-24,9661
3071,協禧,21,2,19,富邦-新店,2023-08-24,9661
2002,中鋼,22,3,19,富邦-新店,2023-08-24,9661
2609,陽明,23,6,17,富邦-新店,2023-08-24,9661
9938,百和,16,0,16,富邦-新店,2023-08-24,9661
5871,中租-KY,17,1,16,富邦-新店,2023-08-24,9661
3702,大聯大,28,13,15,富邦-新店,2023-08-24,9661
5484,慧友,15,0,15,富邦-新店,2023-08-24,9661
2461,光群雷,15,0,15,富邦-新店,2023-08-24,9661
3558,神準,15,1,14,富邦-新店,2023-08-24,9661
3051,力特,43,29,14,富邦-新店,2023-08-24,9661
5340,建榮,14,0,14,富邦-新店,2023-08-24,9661
6432,今展科,14,0,14,富邦-新店,2023-08-24,9661
00923,群益台ESG低碳50,16,3,13,富邦-新店,2023-08-24,9661
2615,萬海,13,0,13,富邦-新店,2023-08-24,9661
6203,海韻電,12,0,12,富邦-新店,2023-08-24,9661
6122,擎邦,20,8,12,富邦-新店,2023-08-24,9661
3305,昇貿,15,3,12,富邦-新店,2023-08-24,9661
2313,華通,11,0,11,富邦-新店,2023-08-24,9661
00719B,元大美債1-3,11,0,11,富邦-新店,2023-08-24,9661
1227,佳格,11,0,11,富邦-新店,2023-08-24,9661
4147,中裕,11,0,11,富邦-新店,2023-08-24,9661
2888,新光金,13,2,11,富邦-新店,2023-08-24,9661
2314,台揚,11,0,11,富邦-新店,2023-08-24,9661
00706L,期元大S＆P日圓正2,11,0,11,富邦-新店,2023-08-24,9661
1513,中興電,47,36,11,富邦-新店,2023-08-24,9661
00878,國泰永續高股息,293,23,270,富邦-新店,2023-08-25,9661
3231,緯創,338,98,240,富邦-新店,2023-08-25,9661
2618,長榮航,185,35,150,富邦-新店,2023-08-25,9661
2382,廣達,227,94,133,富邦-新店,2023-08-25,9661
00919,群益台灣精選高息,110,3,107,富邦-新店,2023-08-25,9661
2460,建通,106,1,105,富邦-新店,2023-08-25,9661
2449,京元電子,166,63,103,富邦-新店,2023-08-25,9661
00900,富邦特選高股息30,70,0,70,富邦-新店,2023-08-25,9661
00850,元大臺灣ESG永續,56,0,56,富邦-新店,2023-08-25,9661
2353,宏��,60,12,48,富邦-新店,2023-08-25,9661
0056,元大高股息,47,1,46,富邦-新店,2023-08-25,9661
5015,華祺,45,0,45,富邦-新店,2023-08-25,9661
00679B,元大美債20年,40,0,40,富邦-新店,2023-08-25,9661
2880,華南金,50,10,40,富邦-新店,2023-08-25,9661
2468,華經,41,6,35,富邦-新店,2023-08-25,9661
00687B,國泰20年美債,36,3,33,富邦-新店,2023-08-25,9661
2906,高林,30,0,30,富邦-新店,2023-08-25,9661
2485,兆赫,129,101,28,富邦-新店,2023-08-25,9661
3037,欣興,31,5,26,富邦-新店,2023-08-25,9661
3704,合勤控,27,4,23,富邦-新店,2023-08-25,9661
2884,玉山金,25,4,21,富邦-新店,2023-08-25,9661
5608,四維航,21,0,21,富邦-新店,2023-08-25,9661
00893,國泰智能電動車,23,3,20,富邦-新店,2023-08-25,9661
8050,廣積,28,8,20,富邦-新店,2023-08-25,9661
2303,聯電,20,0,20,富邦-新店,2023-08-25,9661
3264,欣銓,21,1,20,富邦-新店,2023-08-25,9661
1513,中興電,25,6,19,富邦-新店,2023-08-25,9661
2634,漢翔,60,41,19,富邦-新店,2023-08-25,9661
1101,台泥,20,1,19,富邦-新店,2023-08-25,9661
00881,國泰台灣5G+,18,0,18,富邦-新店,2023-08-25,9661
00631L,元大台灣50正2,19,2,17,富邦-新店,2023-08-25,9661
2330,台積電,20,4,16,富邦-新店,2023-08-25,9661
3715,定穎投控,32,16,16,富邦-新店,2023-08-25,9661
0050,元大台灣50,38,22,16,富邦-新店,2023-08-25,9661
2356,英業達,62,46,16,富邦-新店,2023-08-25,9661
1736,喬山,17,2,15,富邦-新店,2023-08-25,9661
2891,中信金,17,2,15,富邦-新店,2023-08-25,9661
3706,神達,25,10,15,富邦-新店,2023-08-25,9661
2002,中鋼,15,1,14,富邦-新店,2023-08-25,9661
00662,富邦NASDAQ,14,0,14,富邦-新店,2023-08-25,9661
2427,三商電,20,6,14,富邦-新店,2023-08-25,9661
8033,雷虎,27,13,14,富邦-新店,2023-08-25,9661
00762,元大全球AI,13,0,13,富邦-新店,2023-08-25,9661
006208,富邦台50,13,0,13,富邦-新店,2023-08-25,9661
2206,三陽工業,23,11,12,富邦-新店,2023-08-25,9661
2734,易飛網,19,7,12,富邦-新店,2023-08-25,9661
2314,台揚,12,0,12,富邦-新店,2023-08-25,9661
5347,世界,12,1,11,富邦-新店,2023-08-25,9661
6173,信昌電,11,0,11,富邦-新店,2023-08-25,9661
00670L,富邦NASDAQ正2,11,0,11,富邦-新店,2023-08-25,9661
00929,復華台灣科技優息,344,40,304,富邦-新店,2023-08-28,9661
2618,長榮航,144,20,124,富邦-新店,2023-08-28,9661
00878,國泰永續高股息,133,16,117,富邦-新店,2023-08-28,9661
2515,中工,100,20,80,富邦-新店,2023-08-28,9661
2610,華航,83,3,80,富邦-新店,2023-08-28,9661
2388,威盛,98,41,57,富邦-新店,2023-08-28,9661
7402,邑錡,60,12,48,富邦-新店,2023-08-28,9661
2331,精英,101,61,40,富邦-新店,2023-08-28,9661
4906,正文,61,26,35,富邦-新店,2023-08-28,9661
00900,富邦特選高股息30,29,0,29,富邦-新店,2023-08-28,9661
00665L,富邦�琤肭磪囓�2,30,3,27,富邦-新店,2023-08-28,9661
2891,中信金,67,43,24,富邦-新店,2023-08-28,9661
9958,世紀鋼,27,3,24,富邦-新店,2023-08-28,9661
2353,宏��,33,11,22,富邦-新店,2023-08-28,9661
8171,天宇,22,0,22,富邦-新店,2023-08-28,9661
5243,乙盛-KY,22,0,22,富邦-新店,2023-08-28,9661
2915,潤泰全,22,0,22,富邦-新店,2023-08-28,9661
3260,威剛,20,0,20,富邦-新店,2023-08-28,9661
1519,華城,33,13,20,富邦-新店,2023-08-28,9661
2504,國產,20,0,20,富邦-新店,2023-08-28,9661
6116,彩晶,20,0,20,富邦-新店,2023-08-28,9661
6219,富旺,20,0,20,富邦-新店,2023-08-28,9661
2206,三陽工業,21,2,19,富邦-新店,2023-08-28,9661
2634,漢翔,122,104,18,富邦-新店,2023-08-28,9661
2332,友訊,23,6,17,富邦-新店,2023-08-28,9661
00753L,中信中國50正2,41,24,17,富邦-新店,2023-08-28,9661
2468,華經,30,14,16,富邦-新店,2023-08-28,9661
2359,所羅門,20,5,15,富邦-新店,2023-08-28,9661
2369,菱生,26,11,15,富邦-新店,2023-08-28,9661
3508,位速,15,0,15,富邦-新店,2023-08-28,9661
2301,光寶科,19,5,14,富邦-新店,2023-08-28,9661
5284,jpp-KY,31,17,14,富邦-新店,2023-08-28,9661
6234,高僑,16,3,13,富邦-新店,2023-08-28,9661
3581,博磊,13,0,13,富邦-新店,2023-08-28,9661
8086,宏捷科,12,0,12,富邦-新店,2023-08-28,9661
00733,富邦臺灣中小,12,0,12,富邦-新店,2023-08-28,9661
1608,華榮,13,1,12,富邦-新店,2023-08-28,9661
2485,兆赫,90,79,11,富邦-新店,2023-08-28,9661
2449,京元電子,61,50,11,富邦-新店,2023-08-28,9661
3711,日月光投控,35,24,11,富邦-新店,2023-08-28,9661
00891,中信關鍵半導體,10,0,10,富邦-新店,2023-08-28,9661
2731,雄獅,11,1,10,富邦-新店,2023-08-28,9661
3022,威強電,10,0,10,富邦-新店,2023-08-28,9661
3311,閎暉,10,0,10,富邦-新店,2023-08-28,9661
6432,今展科,10,0,10,富邦-新店,2023-08-28,9661
2736,富野,17,7,10,富邦-新店,2023-08-28,9661
00882,中信中國高股息,12,2,10,富邦-新店,2023-08-28,9661
5211,蒙恬,10,0,10,富邦-新店,2023-08-28,9661
6412,群電,10,0,10,富邦-新店,2023-08-28,9661
2323,中環,29,19,10,富邦-新店,2023-08-28,9661
2303,聯電,174,6,168,富邦-新店,2023-08-29,9661
00665L,富邦�琤肭磪囓�2,109,4,105,富邦-新店,2023-08-29,9661
00929,復華台灣科技優息,104,2,102,富邦-新店,2023-08-29,9661
00919,群益台灣精選高息,84,1,83,富邦-新店,2023-08-29,9661
2618,長榮航,116,52,64,富邦-新店,2023-08-29,9661
00719B,元大美債1-3,41,0,41,富邦-新店,2023-08-29,9661
3231,緯創,100,61,39,富邦-新店,2023-08-29,9661
2363,矽統,406,380,26,富邦-新店,2023-08-29,9661
2317,鴻海,43,17,26,富邦-新店,2023-08-29,9661
2880,華南金,25,0,25,富邦-新店,2023-08-29,9661
00679B,元大美債20年,26,3,23,富邦-新店,2023-08-29,9661
2610,華航,22,1,21,富邦-新店,2023-08-29,9661
6133,金橋,20,0,20,富邦-新店,2023-08-29,9661
00931B,統一美債20年,19,0,19,富邦-新店,2023-08-29,9661
2002,中鋼,23,5,18,富邦-新店,2023-08-29,9661
3308,聯德,28,10,18,富邦-新店,2023-08-29,9661
5529,鉅陞,17,0,17,富邦-新店,2023-08-29,9661
6235,華孚,45,28,17,富邦-新店,2023-08-29,9661
2615,萬海,15,0,15,富邦-新店,2023-08-29,9661
4157,太景*-KY,15,0,15,富邦-新店,2023-08-29,9661
2368,金像電,15,1,14,富邦-新店,2023-08-29,9661
6285,啟��,20,7,13,富邦-新店,2023-08-29,9661
2312,金寶,14,1,13,富邦-新店,2023-08-29,9661
2906,高林,12,0,12,富邦-新店,2023-08-29,9661
2324,仁寶,49,38,11,富邦-新店,2023-08-29,9661
4958,臻鼎-KY,11,0,11,富邦-新店,2023-08-29,9661
3711,日月光投控,12,2,10,富邦-新店,2023-08-29,9661
9958,世紀鋼,13,3,10,富邦-新店,2023-08-29,9661
00881,國泰台灣5G+,10,0,10,富邦-新店,2023-08-29,9661
1504,東元,10,0,10,富邦-新店,2023-08-29,9661
1802,台玻,14,4,10,富邦-新店,2023-08-29,9661
4908,前鼎,11,1,10,富邦-新店,2023-08-29,9661
2485,兆赫,22,12,10,富邦-新店,2023-08-29,9661
2548,華固,10,0,10,富邦-新店,2023-08-29,9661
3694,海華,10,0,10,富邦-新店,2023-08-29,9661
8033,雷虎,12,3,9,富邦-新店,2023-08-29,9661
6538,倉和,10,1,9,富邦-新店,2023-08-29,9661
00632R,元大台灣50反1,10,1,9,富邦-新店,2023-08-29,9661
00722B,群益投資級電信債,9,0,9,富邦-新店,2023-08-29,9661
1810,和成,9,0,9,富邦-新店,2023-08-29,9661
2419,仲琦,9,1,8,富邦-新店,2023-08-29,9661
3088,艾訊,20,13,7,富邦-新店,2023-08-29,9661
2388,威盛,29,22,7,富邦-新店,2023-08-29,9661
9945,潤泰新,12,5,7,富邦-新店,2023-08-29,9661
4961,天鈺,8,1,7,富邦-新店,2023-08-29,9661
2340,台亞,9,2,7,富邦-新店,2023-08-29,9661
3044,健鼎,39,33,6,富邦-新店,2023-08-29,9661
8222,寶一,127,121,6,富邦-新店,2023-08-29,9661
2885,元大金,8,2,6,富邦-新店,2023-08-29,9661
2379,瑞昱,6,0,6,富邦-新店,2023-08-29,9661
2618,長榮航,465,8,457,富邦-新店,2023-08-30,9661
00632R,元大台灣50反1,140,53,87,富邦-新店,2023-08-30,9661
2355,敬鵬,82,7,75,富邦-新店,2023-08-30,9661
00665L,富邦�琤肭磪囓�2,65,0,65,富邦-新店,2023-08-30,9661
00637L,元大滬深300正2,59,0,59,富邦-新店,2023-08-30,9661
1802,台玻,52,4,48,富邦-新店,2023-08-30,9661
3481,群創,43,4,39,富邦-新店,2023-08-30,9661
8033,雷虎,39,3,36,富邦-新店,2023-08-30,9661
2485,兆赫,51,16,35,富邦-新店,2023-08-30,9661
5876,上海商銀,30,0,30,富邦-新店,2023-08-30,9661
2409,友達,32,3,29,富邦-新店,2023-08-30,9661
3406,玉晶光,29,0,29,富邦-新店,2023-08-30,9661
5009,榮剛,33,5,28,富邦-新店,2023-08-30,9661
00885,富邦越南,29,1,28,富邦-新店,2023-08-30,9661
00882,中信中國高股息,20,0,20,富邦-新店,2023-08-30,9661
00648R,元大S＆P500反1,20,0,20,富邦-新店,2023-08-30,9661
3037,欣興,48,29,19,富邦-新店,2023-08-30,9661
2390,云辰,41,22,19,富邦-新店,2023-08-30,9661
2324,仁寶,26,9,17,富邦-新店,2023-08-30,9661
1438,三地開發,17,0,17,富邦-新店,2023-08-30,9661
00919,群益台灣精選高息,18,3,15,富邦-新店,2023-08-30,9661
3078,僑威,19,4,15,富邦-新店,2023-08-30,9661
2399,映泰,19,5,14,富邦-新店,2023-08-30,9661
8222,寶一,67,54,13,富邦-新店,2023-08-30,9661
2630,亞航,55,43,12,富邦-新店,2023-08-30,9661
2301,光寶科,28,16,12,富邦-新店,2023-08-30,9661
1101,台泥,12,0,12,富邦-新店,2023-08-30,9661
9917,中保科,11,0,11,富邦-新店,2023-08-30,9661
3105,穩懋,14,3,11,富邦-新店,2023-08-30,9661
00757,統一FANG+,13,2,11,富邦-新店,2023-08-30,9661
2548,華固,11,1,10,富邦-新店,2023-08-30,9661
1905,華紙,10,0,10,富邦-新店,2023-08-30,9661
1806,冠軍,10,0,10,富邦-新店,2023-08-30,9661
00671R,富邦NASDAQ反1,10,0,10,富邦-新店,2023-08-30,9661
4157,太景*-KY,10,0,10,富邦-新店,2023-08-30,9661
1536,和大,10,0,10,富邦-新店,2023-08-30,9661
00669R,國泰美國道瓊反1,10,0,10,富邦-新店,2023-08-30,9661
1903,士紙,10,0,10,富邦-新店,2023-08-30,9661
6122,擎邦,10,0,10,富邦-新店,2023-08-30,9661
2867,三商壽,10,0,10,富邦-新店,2023-08-30,9661
1308,亞聚,10,0,10,富邦-新店,2023-08-30,9661
00892,富邦台灣半導體,10,0,10,富邦-新店,2023-08-30,9661
3308,聯德,28,18,10,富邦-新店,2023-08-30,9661
2377,微星,11,1,10,富邦-新店,2023-08-30,9661
00679B,元大美債20年,10,2,8,富邦-新店,2023-08-30,9661
2316,楠梓電,18,10,8,富邦-新店,2023-08-30,9661
6185,幃翔,10,2,8,富邦-新店,2023-08-30,9661
6188,廣明,9,1,8,富邦-新店,2023-08-30,9661
00931B,統一美債20年,9,2,7,富邦-新店,2023-08-30,9661
2486,一詮,7,0,7,富邦-新店,2023-08-30,9661
00878,國泰永續高股息,106,7,99,富邦-新店,2023-08-31,9661
2634,漢翔,117,31,86,富邦-新店,2023-08-31,9661
1802,台玻,88,6,82,富邦-新店,2023-08-31,9661
2355,敬鵬,95,31,64,富邦-新店,2023-08-31,9661
2891,中信金,60,1,59,富邦-新店,2023-08-31,9661
2801,彰銀,50,0,50,富邦-新店,2023-08-31,9661
1904,正隆,46,1,45,富邦-新店,2023-08-31,9661
00650L,復華香港正2,40,0,40,富邦-新店,2023-08-31,9661
8358,金居,59,22,37,富邦-新店,2023-08-31,9661
2303,聯電,63,27,36,富邦-新店,2023-08-31,9661
00637L,元大滬深300正2,35,0,35,富邦-新店,2023-08-31,9661
2880,華南金,34,0,34,富邦-新店,2023-08-31,9661
2890,永豐金,32,0,32,富邦-新店,2023-08-31,9661
2884,玉山金,33,2,31,富邦-新店,2023-08-31,9661
00923,群益台ESG低碳50,30,0,30,富邦-新店,2023-08-31,9661
5484,慧友,28,0,28,富邦-新店,2023-08-31,9661
7402,邑錡,47,19,28,富邦-新店,2023-08-31,9661
2337,旺宏,51,23,28,富邦-新店,2023-08-31,9661
1301,台塑,27,0,27,富邦-新店,2023-08-31,9661
3715,定穎投控,92,66,26,富邦-新店,2023-08-31,9661
1101,台泥,22,0,22,富邦-新店,2023-08-31,9661
2834,臺企銀,25,4,21,富邦-新店,2023-08-31,9661
00882,中信中國高股息,21,1,20,富邦-新店,2023-08-31,9661
2511,太子,20,0,20,富邦-新店,2023-08-31,9661
00683L,期元大美元指正2,20,0,20,富邦-新店,2023-08-31,9661
3060,銘異,24,4,20,富邦-新店,2023-08-31,9661
2402,毅嘉,213,193,20,富邦-新店,2023-08-31,9661
00929,復華台灣科技優息,56,38,18,富邦-新店,2023-08-31,9661
9904,寶成,18,0,18,富邦-新店,2023-08-31,9661
1471,首利,26,9,17,富邦-新店,2023-08-31,9661
2633,台灣高鐵,18,1,17,富邦-新店,2023-08-31,9661
8927,北基,17,0,17,富邦-新店,2023-08-31,9661
4967,十銓,46,31,15,富邦-新店,2023-08-31,9661
2887,台新金,15,0,15,富邦-新店,2023-08-31,9661
2363,矽統,289,275,14,富邦-新店,2023-08-31,9661
5347,世界,14,0,14,富邦-新店,2023-08-31,9661
2317,鴻海,17,3,14,富邦-新店,2023-08-31,9661
2892,第一金,13,0,13,富邦-新店,2023-08-31,9661
2002,中鋼,12,0,12,富邦-新店,2023-08-31,9661
2883,凱基金,12,0,12,富邦-新店,2023-08-31,9661
0050,元大台灣50,12,1,11,富邦-新店,2023-08-31,9661
00900,富邦特選高股息30,11,0,11,富邦-新店,2023-08-31,9661
1760,寶齡富錦,12,1,11,富邦-新店,2023-08-31,9661
2353,宏��,11,0,11,富邦-新店,2023-08-31,9661
6205,詮欣,11,0,11,富邦-新店,2023-08-31,9661
6538,倉和,13,2,11,富邦-新店,2023-08-31,9661
1216,統一,12,2,10,富邦-新店,2023-08-31,9661
2851,中再保,10,0,10,富邦-新店,2023-08-31,9661
8261,富鼎,10,0,10,富邦-新店,2023-08-31,9661
5425,台半,12,2,10,富邦-新店,2023-08-31,9661
00932,兆豐永續高息等權,195,27,168,富邦-新店,2023-09-01,9661
2402,毅嘉,305,189,116,富邦-新店,2023-09-01,9661
00919,群益台灣精選高息,113,2,111,富邦-新店,2023-09-01,9661
00632R,元大台灣50反1,100,0,100,富邦-新店,2023-09-01,9661
00878,國泰永續高股息,77,5,72,富邦-新店,2023-09-01,9661
2356,英業達,87,17,70,富邦-新店,2023-09-01,9661
00929,復華台灣科技優息,62,3,59,富邦-新店,2023-09-01,9661
2323,中環,52,0,52,富邦-新店,2023-09-01,9661
00673R,期元大S＆P原油反1,46,0,46,富邦-新店,2023-09-01,9661
3231,緯創,178,134,44,富邦-新店,2023-09-01,9661
2485,兆赫,105,65,40,富邦-新店,2023-09-01,9661
3078,僑威,68,30,38,富邦-新店,2023-09-01,9661
8358,金居,82,44,38,富邦-新店,2023-09-01,9661
2376,技嘉,40,8,32,富邦-新店,2023-09-01,9661
1402,遠東新,30,0,30,富邦-新店,2023-09-01,9661
2369,菱生,74,45,29,富邦-新店,2023-09-01,9661
2355,敬鵬,33,5,28,富邦-新店,2023-09-01,9661
5880,合庫金,29,1,28,富邦-新店,2023-09-01,9661
2206,三陽工業,31,6,25,富邦-新店,2023-09-01,9661
2409,友達,25,0,25,富邦-新店,2023-09-01,9661
2382,廣達,73,49,24,富邦-新店,2023-09-01,9661
1438,三地開發,23,0,23,富邦-新店,2023-09-01,9661
1616,億泰,21,0,21,富邦-新店,2023-09-01,9661
1513,中興電,35,15,20,富邦-新店,2023-09-01,9661
4958,臻鼎-KY,20,0,20,富邦-新店,2023-09-01,9661
1609,大亞,23,3,20,富邦-新店,2023-09-01,9661
2603,長榮,24,5,19,富邦-新店,2023-09-01,9661
2891,中信金,22,3,19,富邦-新店,2023-09-01,9661
00772B,中信高評級公司債,20,2,18,富邦-新店,2023-09-01,9661
2337,旺宏,19,2,17,富邦-新店,2023-09-01,9661
00687B,國泰20年美債,16,0,16,富邦-新店,2023-09-01,9661
3044,健鼎,43,28,15,富邦-新店,2023-09-01,9661
00733,富邦臺灣中小,15,0,15,富邦-新店,2023-09-01,9661
2371,大同,16,1,15,富邦-新店,2023-09-01,9661
2915,潤泰全,14,0,14,富邦-新店,2023-09-01,9661
3038,全台,15,1,14,富邦-新店,2023-09-01,9661
3037,欣興,18,4,14,富邦-新店,2023-09-01,9661
2867,三商壽,13,0,13,富邦-新店,2023-09-01,9661
2645,長榮航太,16,3,13,富邦-新店,2023-09-01,9661
6116,彩晶,13,0,13,富邦-新店,2023-09-01,9661
0056,元大高股息,15,2,13,富邦-新店,2023-09-01,9661
1605,華新,16,4,12,富邦-新店,2023-09-01,9661
006208,富邦台50,13,1,12,富邦-新店,2023-09-01,9661
1905,華紙,13,1,12,富邦-新店,2023-09-01,9661
3163,波若威,52,41,11,富邦-新店,2023-09-01,9661
3702,大聯大,18,7,11,富邦-新店,2023-09-01,9661
8147,正淩,11,0,11,富邦-新店,2023-09-01,9661
8070,長華*,11,0,11,富邦-新店,2023-09-01,9661
6285,啟��,18,7,11,富邦-新店,2023-09-01,9661
2641,正德,10,0,10,富邦-新店,2023-09-01,9661
9105,泰金寶-DR,102,0,102,富邦-新店,2023-09-04,9661
1402,遠東新,95,0,95,富邦-新店,2023-09-04,9661
00929,復華台灣科技優息,109,26,83,富邦-新店,2023-09-04,9661
00919,群益台灣精選高息,87,10,77,富邦-新店,2023-09-04,9661
2618,長榮航,104,31,73,富邦-新店,2023-09-04,9661
1802,台玻,153,81,72,富邦-新店,2023-09-04,9661
2409,友達,87,19,68,富邦-新店,2023-09-04,9661
00878,國泰永續高股息,93,29,64,富邦-新店,2023-09-04,9661
00931B,統一美債20年,63,0,63,富邦-新店,2023-09-04,9661
2363,矽統,168,108,60,富邦-新店,2023-09-04,9661
00637L,元大滬深300正2,65,10,55,富邦-新店,2023-09-04,9661
00900,富邦特選高股息30,65,13,52,富邦-新店,2023-09-04,9661
2881,富邦金,61,11,50,富邦-新店,2023-09-04,9661
00720B,元大投資級公司債,48,0,48,富邦-新店,2023-09-04,9661
2312,金寶,58,11,47,富邦-新店,2023-09-04,9661
00772B,中信高評級公司債,45,0,45,富邦-新店,2023-09-04,9661
5426,振發,40,0,40,富邦-新店,2023-09-04,9661
00932,兆豐永續高息等權,35,0,35,富邦-新店,2023-09-04,9661
2609,陽明,46,13,33,富邦-新店,2023-09-04,9661
00915,凱基優選高股息30,33,0,33,富邦-新店,2023-09-04,9661
5328,華容,33,1,32,富邦-新店,2023-09-04,9661
6213,聯茂,35,5,30,富邦-新店,2023-09-04,9661
2301,光寶科,38,9,29,富邦-新店,2023-09-04,9661
00696B,富邦美債20年,28,0,28,富邦-新店,2023-09-04,9661
00751B,元大AAA至A公司債,27,0,27,富邦-新店,2023-09-04,9661
2812,台中銀,27,0,27,富邦-新店,2023-09-04,9661
3715,定穎投控,47,21,26,富邦-新店,2023-09-04,9661
4906,正文,32,6,26,富邦-新店,2023-09-04,9661
2543,皇昌,25,0,25,富邦-新店,2023-09-04,9661
5381,合正,144,121,23,富邦-新店,2023-09-04,9661
1444,力麗,33,10,23,富邦-新店,2023-09-04,9661
00679B,元大美債20年,23,0,23,富邦-新店,2023-09-04,9661
6104,創惟,23,2,21,富邦-新店,2023-09-04,9661
8440,綠電,21,0,21,富邦-新店,2023-09-04,9661
3047,訊舟,20,0,20,富邦-新店,2023-09-04,9661
5876,上海商銀,20,0,20,富邦-新店,2023-09-04,9661
8110,華東,22,2,20,富邦-新店,2023-09-04,9661
2023,燁輝,21,4,17,富邦-新店,2023-09-04,9661
2884,玉山金,20,4,16,富邦-新店,2023-09-04,9661
1101,台泥,18,3,15,富邦-新店,2023-09-04,9661
1618,合機,15,0,15,富邦-新店,2023-09-04,9661
5484,慧友,15,0,15,富邦-新店,2023-09-04,9661
00687B,國泰20年美債,16,2,14,富邦-新店,2023-09-04,9661
3588,通嘉,68,55,13,富邦-新店,2023-09-04,9661
3260,威剛,25,12,13,富邦-新店,2023-09-04,9661
00675L,富邦臺灣加權正2,13,0,13,富邦-新店,2023-09-04,9661
3325,旭品,14,2,12,富邦-新店,2023-09-04,9661
4164,承業醫,13,2,11,富邦-新店,2023-09-04,9661
3622,洋華,13,2,11,富邦-新店,2023-09-04,9661
2492,華新科,24,13,11,富邦-新店,2023-09-04,9661
00720B,元大投資級公司債,215,5,210,富邦-新店,2023-09-05,9661
2344,華邦電,254,105,149,富邦-新店,2023-09-05,9661
00687B,國泰20年美債,151,5,146,富邦-新店,2023-09-05,9661
00919,群益台灣精選高息,140,24,116,富邦-新店,2023-09-05,9661
2618,長榮航,132,37,95,富邦-新店,2023-09-05,9661
4934,太極,87,0,87,富邦-新店,2023-09-05,9661
8926,台汽電,83,4,79,富邦-新店,2023-09-05,9661
2892,第一金,60,0,60,富邦-新店,2023-09-05,9661
00918,大華優利高填息30,59,0,59,富邦-新店,2023-09-05,9661
2436,偉詮電,105,47,58,富邦-新店,2023-09-05,9661
3257,虹冠電,57,6,51,富邦-新店,2023-09-05,9661
2449,京元電子,54,5,49,富邦-新店,2023-09-05,9661
5457,宣德,54,6,48,富邦-新店,2023-09-05,9661
00772B,中信高評級公司債,44,0,44,富邦-新店,2023-09-05,9661
1444,力麗,41,0,41,富邦-新店,2023-09-05,9661
3715,定穎投控,78,38,40,富邦-新店,2023-09-05,9661
2881,富邦金,35,0,35,富邦-新店,2023-09-05,9661
00915,凱基優選高股息30,33,0,33,富邦-新店,2023-09-05,9661
00751B,元大AAA至A公司債,31,0,31,富邦-新店,2023-09-05,9661
8222,寶一,30,0,30,富邦-新店,2023-09-05,9661
2109,華豐,30,0,30,富邦-新店,2023-09-05,9661
00900,富邦特選高股息30,50,21,29,富邦-新店,2023-09-05,9661
2324,仁寶,33,6,27,富邦-新店,2023-09-05,9661
3483,力致,29,2,27,富邦-新店,2023-09-05,9661
00679B,元大美債20年,30,4,26,富邦-新店,2023-09-05,9661
2516,新建,25,0,25,富邦-新店,2023-09-05,9661
1616,億泰,23,0,23,富邦-新店,2023-09-05,9661
3231,緯創,48,27,21,富邦-新店,2023-09-05,9661
6143,振曜,31,12,19,富邦-新店,2023-09-05,9661
5388,中磊,24,5,19,富邦-新店,2023-09-05,9661
9938,百和,18,0,18,富邦-新店,2023-09-05,9661
6122,擎邦,107,89,18,富邦-新店,2023-09-05,9661
3176,基亞,17,0,17,富邦-新店,2023-09-05,9661
6235,華孚,42,25,17,富邦-新店,2023-09-05,9661
00931B,統一美債20年,16,0,16,富邦-新店,2023-09-05,9661
2884,玉山金,19,3,16,富邦-新店,2023-09-05,9661
3545,敦泰,72,56,16,富邦-新店,2023-09-05,9661
2634,漢翔,23,8,15,富邦-新店,2023-09-05,9661
8081,致新,21,6,15,富邦-新店,2023-09-05,9661
8085,福華,20,5,15,富邦-新店,2023-09-05,9661
2504,國產,15,0,15,富邦-新店,2023-09-05,9661
5469,瀚宇博,27,13,14,富邦-新店,2023-09-05,9661
9945,潤泰新,16,2,14,富邦-新店,2023-09-05,9661
1605,華新,14,0,14,富邦-新店,2023-09-05,9661
3060,銘異,15,2,13,富邦-新店,2023-09-05,9661
2409,友達,12,0,12,富邦-新店,2023-09-05,9661
3694,海華,12,0,12,富邦-新店,2023-09-05,9661
4906,正文,12,0,12,富邦-新店,2023-09-05,9661
5522,遠雄,12,1,11,富邦-新店,2023-09-05,9661
00633L,富邦上証正2,11,0,11,富邦-新店,2023-09-05,9661
00929,復華台灣科技優息,348,163,185,富邦-新店,2023-09-06,9661
2457,飛宏,193,33,160,富邦-新店,2023-09-06,9661
00919,群益台灣精選高息,147,1,146,富邦-新店,2023-09-06,9661
1303,南亞,107,0,107,富邦-新店,2023-09-06,9661
2409,友達,109,17,92,富邦-新店,2023-09-06,9661
3481,群創,89,20,69,富邦-新店,2023-09-06,9661
00751B,元大AAA至A公司債,65,5,60,富邦-新店,2023-09-06,9661
2618,長榮航,61,7,54,富邦-新店,2023-09-06,9661
1101,台泥,58,4,54,富邦-新店,2023-09-06,9661
00921,兆豐龍頭等權重,50,0,50,富邦-新店,2023-09-06,9661
00712,復華富時不動產,47,1,46,富邦-新店,2023-09-06,9661
2356,英業達,58,13,45,富邦-新店,2023-09-06,9661
2801,彰銀,53,11,42,富邦-新店,2023-09-06,9661
3234,光環,39,0,39,富邦-新店,2023-09-06,9661
6412,群電,41,4,37,富邦-新店,2023-09-06,9661
00772B,中信高評級公司債,36,0,36,富邦-新店,2023-09-06,9661
00918,大華優利高填息30,36,0,36,富邦-新店,2023-09-06,9661
00637L,元大滬深300正2,33,0,33,富邦-新店,2023-09-06,9661
3257,虹冠電,33,1,32,富邦-新店,2023-09-06,9661
1616,億泰,35,3,32,富邦-新店,2023-09-06,9661
5876,上海商銀,31,0,31,富邦-新店,2023-09-06,9661
00680L,元大美債20正2,30,0,30,富邦-新店,2023-09-06,9661
2538,基泰,30,0,30,富邦-新店,2023-09-06,9661
5381,合正,48,19,29,富邦-新店,2023-09-06,9661
3715,定穎投控,107,79,28,富邦-新店,2023-09-06,9661
00932,兆豐永續高息等權,28,0,28,富邦-新店,2023-09-06,9661
2884,玉山金,33,5,28,富邦-新店,2023-09-06,9661
2834,臺企銀,27,0,27,富邦-新店,2023-09-06,9661
00679B,元大美債20年,27,1,26,富邦-新店,2023-09-06,9661
6118,建達,36,11,25,富邦-新店,2023-09-06,9661
00931B,統一美債20年,23,0,23,富邦-新店,2023-09-06,9661
2887,台新金,23,0,23,富邦-新店,2023-09-06,9661
6245,立端,23,0,23,富邦-新店,2023-09-06,9661
1504,東元,22,0,22,富邦-新店,2023-09-06,9661
2363,矽統,226,204,22,富邦-新店,2023-09-06,9661
2027,大成鋼,24,2,22,富邦-新店,2023-09-06,9661
2385,群光,21,0,21,富邦-新店,2023-09-06,9661
9907,統一實,21,0,21,富邦-新店,2023-09-06,9661
3706,神達,38,17,21,富邦-新店,2023-09-06,9661
2324,仁寶,34,13,21,富邦-新店,2023-09-06,9661
00665L,富邦�琤肭磪囓�2,20,0,20,富邦-新店,2023-09-06,9661
3163,波若威,85,65,20,富邦-新店,2023-09-06,9661
2301,光寶科,30,10,20,富邦-新店,2023-09-06,9661
00882,中信中國高股息,19,0,19,富邦-新店,2023-09-06,9661
00730,富邦臺灣優質高息,20,1,19,富邦-新店,2023-09-06,9661
3260,威剛,33,15,18,富邦-新店,2023-09-06,9661
0050,元大台灣50,18,0,18,富邦-新店,2023-09-06,9661
00893,國泰智能電動車,20,3,17,富邦-新店,2023-09-06,9661
2886,兆豐金,17,0,17,富邦-新店,2023-09-06,9661
00696B,富邦美債20年,16,0,16,富邦-新店,2023-09-06,9661
00929,復華台灣科技優息,495,123,372,富邦-新店,2023-09-07,9661
00919,群益台灣精選高息,223,16,207,富邦-新店,2023-09-07,9661
0056,元大高股息,143,0,143,富邦-新店,2023-09-07,9661
00932,兆豐永續高息等權,107,0,107,富邦-新店,2023-09-07,9661
2401,凌陽,107,5,102,富邦-新店,2023-09-07,9661
00712,復華富時不動產,77,0,77,富邦-新店,2023-09-07,9661
8112,至上,117,53,64,富邦-新店,2023-09-07,9661
00637L,元大滬深300正2,85,31,54,富邦-新店,2023-09-07,9661
2888,新光金,52,4,48,富邦-新店,2023-09-07,9661
4967,十銓,69,28,41,富邦-新店,2023-09-07,9661
00634R,富邦上証反1,40,0,40,富邦-新店,2023-09-07,9661
1101,台泥,53,13,40,富邦-新店,2023-09-07,9661
00720B,元大投資級公司債,42,3,39,富邦-新店,2023-09-07,9661
2313,華通,62,26,36,富邦-新店,2023-09-07,9661
2486,一詮,68,32,36,富邦-新店,2023-09-07,9661
2409,友達,57,24,33,富邦-新店,2023-09-07,9661
00900,富邦特選高股息30,39,7,32,富邦-新店,2023-09-07,9661
00706L,期元大S＆P日圓正2,31,0,31,富邦-新店,2023-09-07,9661
2880,華南金,32,1,31,富邦-新店,2023-09-07,9661
9933,中鼎,29,0,29,富邦-新店,2023-09-07,9661
9938,百和,31,2,29,富邦-新店,2023-09-07,9661
2884,玉山金,29,1,28,富邦-新店,2023-09-07,9661
5371,中光電,51,23,28,富邦-新店,2023-09-07,9661
2316,楠梓電,36,11,25,富邦-新店,2023-09-07,9661
00751B,元大AAA至A公司債,27,3,24,富邦-新店,2023-09-07,9661
00902,中信電池及儲能,22,0,22,富邦-新店,2023-09-07,9661
0050,元大台灣50,22,1,21,富邦-新店,2023-09-07,9661
5225,東科-KY,36,15,21,富邦-新店,2023-09-07,9661
6118,建達,20,0,20,富邦-新店,2023-09-07,9661
00915,凱基優選高股息30,20,1,19,富邦-新店,2023-09-07,9661
3622,洋華,25,6,19,富邦-新店,2023-09-07,9661
3583,辛耘,24,5,19,富邦-新店,2023-09-07,9661
1540,喬福,20,2,18,富邦-新店,2023-09-07,9661
00878,國泰永續高股息,44,27,17,富邦-新店,2023-09-07,9661
2002,中鋼,17,0,17,富邦-新店,2023-09-07,9661
2886,兆豐金,17,0,17,富邦-新店,2023-09-07,9661
1409,新纖,17,0,17,富邦-新店,2023-09-07,9661
2330,台積電,17,1,16,富邦-新店,2023-09-07,9661
00918,大華優利高填息30,16,0,16,富邦-新店,2023-09-07,9661
6109,亞元,16,0,16,富邦-新店,2023-09-07,9661
6125,廣運,27,12,15,富邦-新店,2023-09-07,9661
2303,聯電,17,2,15,富邦-新店,2023-09-07,9661
4164,承業醫,15,0,15,富邦-新店,2023-09-07,9661
3088,艾訊,47,32,15,富邦-新店,2023-09-07,9661
2614,東森,23,8,15,富邦-新店,2023-09-07,9661
00923,群益台ESG低碳50,16,1,15,富邦-新店,2023-09-07,9661
1513,中興電,18,3,15,富邦-新店,2023-09-07,9661
5880,合庫金,15,0,15,富邦-新店,2023-09-07,9661
1618,合機,46,33,13,富邦-新店,2023-09-07,9661
1307,三芳,15,2,13,富邦-新店,2023-09-07,9661
00919,群益台灣精選高息,444,0,444,富邦-新店,2023-09-08,9661
9938,百和,167,16,151,富邦-新店,2023-09-08,9661
00795B,中信美國公債20年,132,0,132,富邦-新店,2023-09-08,9661
0056,元大高股息,122,1,121,富邦-新店,2023-09-08,9661
00931B,統一美債20年,104,0,104,富邦-新店,2023-09-08,9661
3029,零壹,99,0,99,富邦-新店,2023-09-08,9661
00696B,富邦美債20年,101,2,99,富邦-新店,2023-09-08,9661
3481,群創,74,8,66,富邦-新店,2023-09-08,9661
00929,復華台灣科技優息,158,97,61,富邦-新店,2023-09-08,9661
00918,大華優利高填息30,59,0,59,富邦-新店,2023-09-08,9661
2605,新興,51,2,49,富邦-新店,2023-09-08,9661
1618,合機,43,0,43,富邦-新店,2023-09-08,9661
2618,長榮航,45,9,36,富邦-新店,2023-09-08,9661
3046,建��,88,54,34,富邦-新店,2023-09-08,9661
2363,矽統,62,34,28,富邦-新店,2023-09-08,9661
8112,至上,41,17,24,富邦-新店,2023-09-08,9661
0050,元大台灣50,23,0,23,富邦-新店,2023-09-08,9661
6547,高端疫苗,25,3,22,富邦-新店,2023-09-08,9661
2382,廣達,64,42,22,富邦-新店,2023-09-08,9661
3715,定穎投控,236,215,21,富邦-新店,2023-09-08,9661
2399,映泰,20,0,20,富邦-新店,2023-09-08,9661
2376,技嘉,30,11,19,富邦-新店,2023-09-08,9661
2324,仁寶,28,10,18,富邦-新店,2023-09-08,9661
2603,長榮,18,0,18,富邦-新店,2023-09-08,9661
6417,韋僑,18,0,18,富邦-新店,2023-09-08,9661
9105,泰金寶-DR,25,7,18,富邦-新店,2023-09-08,9661
2897,王道銀行,17,0,17,富邦-新店,2023-09-08,9661
00915,凱基優選高股息30,20,3,17,富邦-新店,2023-09-08,9661
2385,群光,20,3,17,富邦-新店,2023-09-08,9661
5258,虹堡,33,16,17,富邦-新店,2023-09-08,9661
2409,友達,15,0,15,富邦-新店,2023-09-08,9661
2323,中環,17,2,15,富邦-新店,2023-09-08,9661
2485,兆赫,30,16,14,富邦-新店,2023-09-08,9661
00633L,富邦上証正2,17,3,14,富邦-新店,2023-09-08,9661
8222,寶一,93,79,14,富邦-新店,2023-09-08,9661
2330,台積電,14,0,14,富邦-新店,2023-09-08,9661
5484,慧友,13,0,13,富邦-新店,2023-09-08,9661
2002,中鋼,15,2,13,富邦-新店,2023-09-08,9661
2059,川湖,12,0,12,富邦-新店,2023-09-08,9661
3045,台灣大,12,0,12,富邦-新店,2023-09-08,9661
1304,台聚,12,1,11,富邦-新店,2023-09-08,9661
6117,迎廣,11,0,11,富邦-新店,2023-09-08,9661
1101,台泥,11,0,11,富邦-新店,2023-09-08,9661
2328,廣宇,10,0,10,富邦-新店,2023-09-08,9661
9945,潤泰新,10,0,10,富邦-新店,2023-09-08,9661
2390,云辰,10,0,10,富邦-新店,2023-09-08,9661
00753L,中信中國50正2,10,0,10,富邦-新店,2023-09-08,9661
2820,華票,10,0,10,富邦-新店,2023-09-08,9661
00680L,元大美債20正2,10,0,10,富邦-新店,2023-09-08,9661
2547,日勝生,10,0,10,富邦-新店,2023-09-08,9661
00878,國泰永續高股息,402,55,347,富邦-新店,2023-09-11,9661
2890,永豐金,300,0,300,富邦-新店,2023-09-11,9661
00919,群益台灣精選高息,245,0,245,富邦-新店,2023-09-11,9661
00929,復華台灣科技優息,216,8,208,富邦-新店,2023-09-11,9661
2363,矽統,223,75,148,富邦-新店,2023-09-11,9661
2344,華邦電,105,2,103,富邦-新店,2023-09-11,9661
0056,元大高股息,117,27,90,富邦-新店,2023-09-11,9661
00720B,元大投資級公司債,72,1,71,富邦-新店,2023-09-11,9661
6015,宏遠證,70,0,70,富邦-新店,2023-09-11,9661
8033,雷虎,96,26,70,富邦-新店,2023-09-11,9661
00918,大華優利高填息30,69,0,69,富邦-新店,2023-09-11,9661
9945,潤泰新,68,0,68,富邦-新店,2023-09-11,9661
00915,凱基優選高股息30,61,0,61,富邦-新店,2023-09-11,9661
2888,新光金,67,6,61,富邦-新店,2023-09-11,9661
00932,兆豐永續高息等權,53,1,52,富邦-新店,2023-09-11,9661
00751B,元大AAA至A公司債,45,0,45,富邦-新店,2023-09-11,9661
0050,元大台灣50,43,0,43,富邦-新店,2023-09-11,9661
2516,新建,40,0,40,富邦-新店,2023-09-11,9661
00679B,元大美債20年,39,0,39,富邦-新店,2023-09-11,9661
3481,群創,56,19,37,富邦-新店,2023-09-11,9661
1605,華新,40,5,35,富邦-新店,2023-09-11,9661
2382,廣達,92,57,35,富邦-新店,2023-09-11,9661
2409,友達,112,78,34,富邦-新店,2023-09-11,9661
00892,富邦台灣半導體,32,0,32,富邦-新店,2023-09-11,9661
5284,jpp-KY,32,0,32,富邦-新店,2023-09-11,9661
3231,緯創,113,81,32,富邦-新店,2023-09-11,9661
00713,元大台灣高息低波,31,0,31,富邦-新店,2023-09-11,9661
00931B,統一美債20年,30,0,30,富邦-新店,2023-09-11,9661
4938,和碩,30,0,30,富邦-新店,2023-09-11,9661
2312,金寶,32,3,29,富邦-新店,2023-09-11,9661
2412,中華電,30,1,29,富邦-新店,2023-09-11,9661
6116,彩晶,31,2,29,富邦-新店,2023-09-11,9661
2329,華泰,80,51,29,富邦-新店,2023-09-11,9661
2308,台達電,24,1,23,富邦-新店,2023-09-11,9661
2891,中信金,34,13,21,富邦-新店,2023-09-11,9661
00725B,國泰投資級公司債,21,0,21,富邦-新店,2023-09-11,9661
4927,泰鼎-KY,21,0,21,富邦-新店,2023-09-11,9661
4958,臻鼎-KY,20,0,20,富邦-新店,2023-09-11,9661
2352,佳世達,29,10,19,富邦-新店,2023-09-11,9661
3014,聯陽,19,1,18,富邦-新店,2023-09-11,9661
5880,合庫金,18,0,18,富邦-新店,2023-09-11,9661
2376,技嘉,46,28,18,富邦-新店,2023-09-11,9661
00922,國泰台灣領袖50,18,0,18,富邦-新店,2023-09-11,9661
00923,群益台ESG低碳50,17,0,17,富邦-新店,2023-09-11,9661
2359,所羅門,17,0,17,富邦-新店,2023-09-11,9661
3078,僑威,30,13,17,富邦-新店,2023-09-11,9661
4967,十銓,41,25,16,富邦-新店,2023-09-11,9661
1319,東陽,39,23,16,富邦-新店,2023-09-11,9661
3520,華盈,16,0,16,富邦-新店,2023-09-11,9661
2610,華航,19,4,15,富邦-新店,2023-09-11,9661
00929,復華台灣科技優息,271,16,255,富邦-新店,2023-09-12,9661
2890,永豐金,212,2,210,富邦-新店,2023-09-12,9661
2885,元大金,202,5,197,富邦-新店,2023-09-12,9661
00919,群益台灣精選高息,180,18,162,富邦-新店,2023-09-12,9661
1319,東陽,169,13,156,富邦-新店,2023-09-12,9661
00637L,元大滬深300正2,131,0,131,富邦-新店,2023-09-12,9661
00720B,元大投資級公司債,133,5,128,富邦-新店,2023-09-12,9661
2363,矽統,273,166,107,富邦-新店,2023-09-12,9661
1522,堤維西,189,85,104,富邦-新店,2023-09-12,9661
6605,帝寶,109,5,104,富邦-新店,2023-09-12,9661
3715,定穎投控,102,31,71,富邦-新店,2023-09-12,9661
1795,美時,67,6,61,富邦-新店,2023-09-12,9661
00679B,元大美債20年,42,0,42,富邦-新店,2023-09-12,9661
9945,潤泰新,42,2,40,富邦-新店,2023-09-12,9661
3163,波若威,86,46,40,富邦-新店,2023-09-12,9661
00757,統一FANG+,41,1,40,富邦-新店,2023-09-12,9661
00751B,元大AAA至A公司債,42,3,39,富邦-新店,2023-09-12,9661
3088,艾訊,35,0,35,富邦-新店,2023-09-12,9661
1504,東元,35,1,34,富邦-新店,2023-09-12,9661
3481,群創,30,1,29,富邦-新店,2023-09-12,9661
2405,輔信,56,28,28,富邦-新店,2023-09-12,9661
1471,首利,38,12,26,富邦-新店,2023-09-12,9661
4908,前鼎,29,5,24,富邦-新店,2023-09-12,9661
3011,今皓,23,0,23,富邦-新店,2023-09-12,9661
2458,義隆,27,4,23,富邦-新店,2023-09-12,9661
00931B,統一美債20年,22,0,22,富邦-新店,2023-09-12,9661
3231,緯創,53,32,21,富邦-新店,2023-09-12,9661
2883B,凱基金乙特,21,0,21,富邦-新店,2023-09-12,9661
8358,金居,23,2,21,富邦-新店,2023-09-12,9661
8069,元太,21,1,20,富邦-新店,2023-09-12,9661
8039,台虹,20,0,20,富邦-新店,2023-09-12,9661
3078,僑威,53,35,18,富邦-新店,2023-09-12,9661
2618,長榮航,105,88,17,富邦-新店,2023-09-12,9661
6143,振曜,15,0,15,富邦-新店,2023-09-12,9661
00675L,富邦臺灣加權正2,14,0,14,富邦-新店,2023-09-12,9661
00885,富邦越南,18,4,14,富邦-新店,2023-09-12,9661
00915,凱基優選高股息30,14,0,14,富邦-新店,2023-09-12,9661
3213,茂訊,23,10,13,富邦-新店,2023-09-12,9661
1708,東鹼,12,0,12,富邦-新店,2023-09-12,9661
2610,華航,29,17,12,富邦-新店,2023-09-12,9661
1584,精剛,13,1,12,富邦-新店,2023-09-12,9661
00687B,國泰20年美債,13,2,11,富邦-新店,2023-09-12,9661
4533,協易機,11,0,11,富邦-新店,2023-09-12,9661
4906,正文,14,3,11,富邦-新店,2023-09-12,9661
2634,漢翔,81,71,10,富邦-新店,2023-09-12,9661
1721,三晃,10,0,10,富邦-新店,2023-09-12,9661
2002,中鋼,11,1,10,富邦-新店,2023-09-12,9661
2809,京城銀,10,0,10,富邦-新店,2023-09-12,9661
2439,美律,10,0,10,富邦-新店,2023-09-12,9661
2498,宏達電,10,0,10,富邦-新店,2023-09-12,9661
2885,元大金,1724,8,1716,富邦-新店,2023-09-13,9661
1524,耿鼎,484,155,329,富邦-新店,2023-09-13,9661
00929,復華台灣科技優息,340,44,296,富邦-新店,2023-09-13,9661
00919,群益台灣精選高息,189,0,189,富邦-新店,2023-09-13,9661
2355,敬鵬,214,108,106,富邦-新店,2023-09-13,9661
2493,揚博,101,0,101,富邦-新店,2023-09-13,9661
2630,亞航,75,8,67,富邦-新店,2023-09-13,9661
2618,長榮航,66,6,60,富邦-新店,2023-09-13,9661
9945,潤泰新,56,0,56,富邦-新店,2023-09-13,9661
2605,新興,50,0,50,富邦-新店,2023-09-13,9661
00632R,元大台灣50反1,50,0,50,富邦-新店,2023-09-13,9661
5371,中光電,67,20,47,富邦-新店,2023-09-13,9661
00902,中信電池及儲能,41,0,41,富邦-新店,2023-09-13,9661
00751B,元大AAA至A公司債,41,1,40,富邦-新店,2023-09-13,9661
5009,榮剛,34,1,33,富邦-新店,2023-09-13,9661
2734,易飛網,35,7,28,富邦-新店,2023-09-13,9661
3059,華晶科,37,10,27,富邦-新店,2023-09-13,9661
2374,佳能,34,8,26,富邦-新店,2023-09-13,9661
1560,中砂,31,6,25,富邦-新店,2023-09-13,9661
2634,漢翔,32,8,24,富邦-新店,2023-09-13,9661
00878,國泰永續高股息,57,36,21,富邦-新店,2023-09-13,9661
00830,國泰費城半導體,20,0,20,富邦-新店,2023-09-13,9661
00696B,富邦美債20年,20,0,20,富邦-新店,2023-09-13,9661
6449,鈺邦,20,0,20,富邦-新店,2023-09-13,9661
3704,合勤控,43,23,20,富邦-新店,2023-09-13,9661
3450,聯鈞,23,4,19,富邦-新店,2023-09-13,9661
5706,鳳凰,65,46,19,富邦-新店,2023-09-13,9661
00753L,中信中國50正2,26,8,18,富邦-新店,2023-09-13,9661
00915,凱基優選高股息30,18,2,16,富邦-新店,2023-09-13,9661
2340,台亞,18,2,16,富邦-新店,2023-09-13,9661
00931B,統一美債20年,16,0,16,富邦-新店,2023-09-13,9661
00932,兆豐永續高息等權,21,5,16,富邦-新店,2023-09-13,9661
00712,復華富時不動產,20,5,15,富邦-新店,2023-09-13,9661
3230,錦明,15,0,15,富邦-新店,2023-09-13,9661
00882,中信中國高股息,15,0,15,富邦-新店,2023-09-13,9661
2731,雄獅,15,1,14,富邦-新店,2023-09-13,9661
6147,頎邦,16,2,14,富邦-新店,2023-09-13,9661
2409,友達,20,6,14,富邦-新店,2023-09-13,9661
2610,華航,14,1,13,富邦-新店,2023-09-13,9661
2402,毅嘉,19,6,13,富邦-新店,2023-09-13,9661
9802,鈺齊-KY,16,4,12,富邦-新店,2023-09-13,9661
1532,勤美,12,0,12,富邦-新店,2023-09-13,9661
3051,力特,15,3,12,富邦-新店,2023-09-13,9661
6170,統振,11,0,11,富邦-新店,2023-09-13,9661
3046,建��,11,0,11,富邦-新店,2023-09-13,9661
5388,中磊,12,1,11,富邦-新店,2023-09-13,9661
3308,聯德,11,0,11,富邦-新店,2023-09-13,9661
5508,永信建,12,1,11,富邦-新店,2023-09-13,9661
2881,富邦金,18,7,11,富邦-新店,2023-09-13,9661
2379,瑞昱,13,3,10,富邦-新店,2023-09-13,9661
00919,群益台灣精選高息,337,71,266,富邦-新店,2023-09-14,9661
00632R,元大台灣50反1,263,8,255,富邦-新店,2023-09-14,9661
2020,美亞,150,2,148,富邦-新店,2023-09-14,9661
00929,復華台灣科技優息,311,165,146,富邦-新店,2023-09-14,9661
2371,大同,155,24,131,富邦-新店,2023-09-14,9661
6245,立端,96,3,93,富邦-新店,2023-09-14,9661
2637,慧洋-KY,113,29,84,富邦-新店,2023-09-14,9661
00637L,元大滬深300正2,71,10,61,富邦-新店,2023-09-14,9661
00679B,元大美債20年,55,0,55,富邦-新店,2023-09-14,9661
9938,百和,77,30,47,富邦-新店,2023-09-14,9661
9105,泰金寶-DR,50,5,45,富邦-新店,2023-09-14,9661
3481,群創,45,0,45,富邦-新店,2023-09-14,9661
00915,凱基優選高股息30,49,8,41,富邦-新店,2023-09-14,9661
4979,華星光,63,24,39,富邦-新店,2023-09-14,9661
9910,豐泰,34,1,33,富邦-新店,2023-09-14,9661
3622,洋華,32,1,31,富邦-新店,2023-09-14,9661
00696B,富邦美債20年,30,0,30,富邦-新店,2023-09-14,9661
2301,光寶科,99,71,28,富邦-新店,2023-09-14,9661
2421,建準,33,6,27,富邦-新店,2023-09-14,9661
00885,富邦越南,27,3,24,富邦-新店,2023-09-14,9661
2025,千興,25,1,24,富邦-新店,2023-09-14,9661
1471,首利,24,1,23,富邦-新店,2023-09-14,9661
6531,愛普*,28,7,21,富邦-新店,2023-09-14,9661
8086,宏捷科,20,0,20,富邦-新店,2023-09-14,9661
2618,長榮航,36,17,19,富邦-新店,2023-09-14,9661
8147,正淩,17,0,17,富邦-新店,2023-09-14,9661
2610,華航,32,15,17,富邦-新店,2023-09-14,9661
2317,鴻海,19,3,16,富邦-新店,2023-09-14,9661
3005,神基,19,3,16,富邦-新店,2023-09-14,9661
3264,欣銓,18,3,15,富邦-新店,2023-09-14,9661
2493,揚博,15,0,15,富邦-新店,2023-09-14,9661
1522,堤維西,229,214,15,富邦-新店,2023-09-14,9661
0056,元大高股息,41,27,14,富邦-新店,2023-09-14,9661
6117,迎廣,23,11,12,富邦-新店,2023-09-14,9661
2228,劍麟,20,8,12,富邦-新店,2023-09-14,9661
2382,廣達,37,25,12,富邦-新店,2023-09-14,9661
2885,元大金,42,30,12,富邦-新店,2023-09-14,9661
00882,中信中國高股息,22,11,11,富邦-新店,2023-09-14,9661
1339,昭輝,12,1,11,富邦-新店,2023-09-14,9661
2462,良得電,11,0,11,富邦-新店,2023-09-14,9661
3051,力特,15,4,11,富邦-新店,2023-09-14,9661
9927,泰銘,11,0,11,富邦-新店,2023-09-14,9661
00715L,期街口布蘭特正2,12,1,11,富邦-新店,2023-09-14,9661
4942,嘉彰,11,0,11,富邦-新店,2023-09-14,9661
00712,復華富時不動產,12,2,10,富邦-新店,2023-09-14,9661
2002,中鋼,11,1,10,富邦-新店,2023-09-14,9661
1201,味全,10,0,10,富邦-新店,2023-09-14,9661
3518,柏騰,10,0,10,富邦-新店,2023-09-14,9661
3122,笙泉,10,0,10,富邦-新店,2023-09-14,9661
1308,亞聚,10,0,10,富邦-新店,2023-09-14,9661
00929,復華台灣科技優息,856,110,746,富邦-新店,2023-09-15,9661
2838,聯邦銀,620,0,620,富邦-新店,2023-09-15,9661
00919,群益台灣精選高息,310,93,217,富邦-新店,2023-09-15,9661
00687B,國泰20年美債,188,30,158,富邦-新店,2023-09-15,9661
2641,正德,149,29,120,富邦-新店,2023-09-15,9661
00751B,元大AAA至A公司債,117,0,117,富邦-新店,2023-09-15,9661
2637,慧洋-KY,139,39,100,富邦-新店,2023-09-15,9661
00715L,期街口布蘭特正2,100,7,93,富邦-新店,2023-09-15,9661
1802,台玻,89,0,89,富邦-新店,2023-09-15,9661
00915,凱基優選高股息30,121,35,86,富邦-新店,2023-09-15,9661
8926,台汽電,80,1,79,富邦-新店,2023-09-15,9661
00679B,元大美債20年,73,0,73,富邦-新店,2023-09-15,9661
3622,洋華,66,3,63,富邦-新店,2023-09-15,9661
1455,集盛,50,0,50,富邦-新店,2023-09-15,9661
2610,華航,56,7,49,富邦-新店,2023-09-15,9661
00878,國泰永續高股息,81,34,47,富邦-新店,2023-09-15,9661
2605,新興,247,207,40,富邦-新店,2023-09-15,9661
00637L,元大滬深300正2,119,80,39,富邦-新店,2023-09-15,9661
4979,華星光,36,2,34,富邦-新店,2023-09-15,9661
00931B,統一美債20年,34,0,34,富邦-新店,2023-09-15,9661
2615,萬海,72,39,33,富邦-新店,2023-09-15,9661
3694,海華,30,0,30,富邦-新店,2023-09-15,9661
2630,亞航,39,11,28,富邦-新店,2023-09-15,9661
2427,三商電,28,1,27,富邦-新店,2023-09-15,9661
2486,一詮,114,88,26,富邦-新店,2023-09-15,9661
2606,裕民,79,53,26,富邦-新店,2023-09-15,9661
2002,中鋼,26,1,25,富邦-新店,2023-09-15,9661
3481,群創,37,12,25,富邦-新店,2023-09-15,9661
2020,美亞,24,0,24,富邦-新店,2023-09-15,9661
2634,漢翔,39,16,23,富邦-新店,2023-09-15,9661
1584,精剛,25,3,22,富邦-新店,2023-09-15,9661
2891,中信金,22,0,22,富邦-新店,2023-09-15,9661
4401,東隆興,22,0,22,富邦-新店,2023-09-15,9661
2301,光寶科,27,5,22,富邦-新店,2023-09-15,9661
00706L,期元大S＆P日圓正2,21,0,21,富邦-新店,2023-09-15,9661
00632R,元大台灣50反1,21,0,21,富邦-新店,2023-09-15,9661
8930,青鋼,20,0,20,富邦-新店,2023-09-15,9661
00896,中信綠能及電動車,20,0,20,富邦-新店,2023-09-15,9661
2317,鴻海,21,1,20,富邦-新店,2023-09-15,9661
6120,達運,20,2,18,富邦-新店,2023-09-15,9661
6625,必應,18,0,18,富邦-新店,2023-09-15,9661
2392,正崴,19,1,18,富邦-新店,2023-09-15,9661
4908,前鼎,260,243,17,富邦-新店,2023-09-15,9661
2884,玉山金,18,1,17,富邦-新店,2023-09-15,9661
2399,映泰,138,121,17,富邦-新店,2023-09-15,9661
3231,緯創,35,19,16,富邦-新店,2023-09-15,9661
3014,聯陽,21,6,15,富邦-新店,2023-09-15,9661
6605,帝寶,17,2,15,富邦-新店,2023-09-15,9661
3035,智原,31,16,15,富邦-新店,2023-09-15,9661
3042,晶技,15,0,15,富邦-新店,2023-09-15,9661
00929,復華台灣科技優息,1089,198,891,富邦-新店,2023-09-18,9661
2367,燿華,760,167,593,富邦-新店,2023-09-18,9661
00919,群益台灣精選高息,472,76,396,富邦-新店,2023-09-18,9661
00679B,元大美債20年,331,13,318,富邦-新店,2023-09-18,9661
1445,大宇,250,0,250,富邦-新店,2023-09-18,9661
2363,矽統,462,223,239,富邦-新店,2023-09-18,9661
00712,復華富時不動產,252,95,157,富邦-新店,2023-09-18,9661
1514,亞力,148,0,148,富邦-新店,2023-09-18,9661
2485,兆赫,156,13,143,富邦-新店,2023-09-18,9661
00878,國泰永續高股息,161,23,138,富邦-新店,2023-09-18,9661
3324,雙鴻,112,3,109,富邦-新店,2023-09-18,9661
00720B,元大投資級公司債,103,1,102,富邦-新店,2023-09-18,9661
00900,富邦特選高股息30,99,2,97,富邦-新店,2023-09-18,9661
3406,玉晶光,96,5,91,富邦-新店,2023-09-18,9661
2330,台積電,108,24,84,富邦-新店,2023-09-18,9661
00931B,統一美債20年,83,0,83,富邦-新店,2023-09-18,9661
00687B,國泰20年美債,77,3,74,富邦-新店,2023-09-18,9661
00915,凱基優選高股息30,140,67,73,富邦-新店,2023-09-18,9661
1815,富喬,70,6,64,富邦-新店,2023-09-18,9661
2344,華邦電,73,10,63,富邦-新店,2023-09-18,9661
3231,緯創,118,57,61,富邦-新店,2023-09-18,9661
3380,明泰,62,3,59,富邦-新店,2023-09-18,9661
00751B,元大AAA至A公司債,56,1,55,富邦-新店,2023-09-18,9661
1301,台塑,54,0,54,富邦-新店,2023-09-18,9661
3058,立德,57,8,49,富邦-新店,2023-09-18,9661
2374,佳能,51,2,49,富邦-新店,2023-09-18,9661
00923,群益台ESG低碳50,46,0,46,富邦-新店,2023-09-18,9661
00772B,中信高評級公司債,48,3,45,富邦-新店,2023-09-18,9661
2382,廣達,82,39,43,富邦-新店,2023-09-18,9661
3481,群創,55,13,42,富邦-新店,2023-09-18,9661
2408,南亞科,54,13,41,富邦-新店,2023-09-18,9661
3264,欣銓,52,15,37,富邦-新店,2023-09-18,9661
00921,兆豐龍頭等權重,41,4,37,富邦-新店,2023-09-18,9661
4944,兆遠,35,0,35,富邦-新店,2023-09-18,9661
2618,長榮航,42,8,34,富邦-新店,2023-09-18,9661
8050,廣積,35,2,33,富邦-新店,2023-09-18,9661
4533,協易機,33,0,33,富邦-新店,2023-09-18,9661
4162,智擎,35,2,33,富邦-新店,2023-09-18,9661
00885,富邦越南,35,2,33,富邦-新店,2023-09-18,9661
2303,聯電,45,14,31,富邦-新店,2023-09-18,9661
006208,富邦台50,30,0,30,富邦-新店,2023-09-18,9661
00932,兆豐永續高息等權,29,0,29,富邦-新店,2023-09-18,9661
2888,新光金,31,2,29,富邦-新店,2023-09-18,9661
2606,裕民,79,51,28,富邦-新店,2023-09-18,9661
2615,萬海,54,27,27,富邦-新店,2023-09-18,9661
00922,國泰台灣領袖50,26,0,26,富邦-新店,2023-09-18,9661
3260,威剛,31,6,25,富邦-新店,2023-09-18,9661
8112,至上,45,21,24,富邦-新店,2023-09-18,9661
2609,陽明,84,60,24,富邦-新店,2023-09-18,9661
2637,慧洋-KY,36,13,23,富邦-新店,2023-09-18,9661
00929,復華台灣科技優息,680,102,578,富邦-新店,2023-09-19,9661
2883B,凱基金乙特,210,0,210,富邦-新店,2023-09-19,9661
6446,藥華藥,203,2,201,富邦-新店,2023-09-19,9661
4979,華星光,219,65,154,富邦-新店,2023-09-19,9661
3217,優群,127,0,127,富邦-新店,2023-09-19,9661
3050,鈺德,117,0,117,富邦-新店,2023-09-19,9661
2344,華邦電,135,19,116,富邦-新店,2023-09-19,9661
2834,臺企銀,102,1,101,富邦-新店,2023-09-19,9661
00919,群益台灣精選高息,141,46,95,富邦-新店,2023-09-19,9661
2610,華航,99,12,87,富邦-新店,2023-09-19,9661
2385,群光,100,20,80,富邦-新店,2023-09-19,9661
00679B,元大美債20年,72,1,71,富邦-新店,2023-09-19,9661
2492,華新科,74,7,67,富邦-新店,2023-09-19,9661
00915,凱基優選高股息30,61,4,57,富邦-新店,2023-09-19,9661
2606,裕民,79,27,52,富邦-新店,2023-09-19,9661
6901,鑽石投資,71,23,48,富邦-新店,2023-09-19,9661
6176,瑞儀,52,4,48,富邦-新店,2023-09-19,9661
00878,國泰永續高股息,97,51,46,富邦-新店,2023-09-19,9661
5608,四維航,105,63,42,富邦-新店,2023-09-19,9661
2605,新興,91,50,41,富邦-新店,2023-09-19,9661
2330,台積電,48,10,38,富邦-新店,2023-09-19,9661
1314,中石化,32,0,32,富邦-新店,2023-09-19,9661
8163,達方,32,0,32,富邦-新店,2023-09-19,9661
00932,兆豐永續高息等權,31,0,31,富邦-新店,2023-09-19,9661
0050,元大台灣50,33,4,29,富邦-新店,2023-09-19,9661
6197,佳必琪,30,1,29,富邦-新店,2023-09-19,9661
00922,國泰台灣領袖50,27,0,27,富邦-新店,2023-09-19,9661
00902,中信電池及儲能,26,0,26,富邦-新店,2023-09-19,9661
1101,台泥,29,4,25,富邦-新店,2023-09-19,9661
2362,藍天,23,0,23,富邦-新店,2023-09-19,9661
3059,華晶科,23,0,23,富邦-新店,2023-09-19,9661
2486,一詮,72,50,22,富邦-新店,2023-09-19,9661
2427,三商電,27,5,22,富邦-新店,2023-09-19,9661
3058,立德,30,8,22,富邦-新店,2023-09-19,9661
2618,長榮航,43,21,22,富邦-新店,2023-09-19,9661
3029,零壹,21,0,21,富邦-新店,2023-09-19,9661
5234,達興材料,21,0,21,富邦-新店,2023-09-19,9661
6147,頎邦,22,2,20,富邦-新店,2023-09-19,9661
2634,漢翔,45,25,20,富邦-新店,2023-09-19,9661
00772B,中信高評級公司債,21,1,20,富邦-新店,2023-09-19,9661
00921,兆豐龍頭等權重,20,0,20,富邦-新店,2023-09-19,9661
3663,鑫科,22,2,20,富邦-新店,2023-09-19,9661
2376,技嘉,74,54,20,富邦-新店,2023-09-19,9661
2337,旺宏,25,6,19,富邦-新店,2023-09-19,9661
2356,英業達,33,14,19,富邦-新店,2023-09-19,9661
3481,群創,39,20,19,富邦-新店,2023-09-19,9661
2331,精英,30,11,19,富邦-新店,2023-09-19,9661
1522,堤維西,129,110,19,富邦-新店,2023-09-19,9661
8442,威宏-KY,19,0,19,富邦-新店,2023-09-19,9661
3042,晶技,31,12,19,富邦-新店,2023-09-19,9661
00929,復華台灣科技優息,949,173,776,富邦-新店,2023-09-20,9661
3017,奇鋐,318,31,287,富邦-新店,2023-09-20,9661
2618,長榮航,267,15,252,富邦-新店,2023-09-20,9661
00919,群益台灣精選高息,228,39,189,富邦-新店,2023-09-20,9661
00679B,元大美債20年,143,4,139,富邦-新店,2023-09-20,9661
2404,漢唐,133,1,132,富邦-新店,2023-09-20,9661
2363,矽統,337,206,131,富邦-新店,2023-09-20,9661
2367,燿華,227,103,124,富邦-新店,2023-09-20,9661
2344,華邦電,104,15,89,富邦-新店,2023-09-20,9661
3715,定穎投控,227,145,82,富邦-新店,2023-09-20,9661
00878,國泰永續高股息,104,22,82,富邦-新店,2023-09-20,9661
2201,裕隆,118,45,73,富邦-新店,2023-09-20,9661
2884,玉山金,80,7,73,富邦-新店,2023-09-20,9661
3706,神達,192,119,73,富邦-新店,2023-09-20,9661
3231,緯創,272,203,69,富邦-新店,2023-09-20,9661
3050,鈺德,69,8,61,富邦-新店,2023-09-20,9661
1605,華新,152,91,61,富邦-新店,2023-09-20,9661
00921,兆豐龍頭等權重,60,0,60,富邦-新店,2023-09-20,9661
2605,新興,121,63,58,富邦-新店,2023-09-20,9661
8358,金居,74,16,58,富邦-新店,2023-09-20,9661
1795,美時,56,0,56,富邦-新店,2023-09-20,9661
3037,欣興,63,15,48,富邦-新店,2023-09-20,9661
3481,群創,80,33,47,富邦-新店,2023-09-20,9661
2641,正德,96,50,46,富邦-新店,2023-09-20,9661
2354,鴻準,70,27,43,富邦-新店,2023-09-20,9661
2376,技嘉,98,55,43,富邦-新店,2023-09-20,9661
6605,帝寶,55,13,42,富邦-新店,2023-09-20,9661
2330,台積電,43,2,41,富邦-新店,2023-09-20,9661
00915,凱基優選高股息30,53,13,40,富邦-新店,2023-09-20,9661
1101,台泥,44,7,37,富邦-新店,2023-09-20,9661
0056,元大高股息,51,14,37,富邦-新店,2023-09-20,9661
6446,藥華藥,42,7,35,富邦-新店,2023-09-20,9661
2324,仁寶,36,3,33,富邦-新店,2023-09-20,9661
00932,兆豐永續高息等權,33,0,33,富邦-新店,2023-09-20,9661
8222,寶一,43,11,32,富邦-新店,2023-09-20,9661
2303,聯電,40,9,31,富邦-新店,2023-09-20,9661
2388,威盛,48,17,31,富邦-新店,2023-09-20,9661
00892,富邦台灣半導體,30,0,30,富邦-新店,2023-09-20,9661
00753L,中信中國50正2,30,0,30,富邦-新店,2023-09-20,9661
2913,農林,29,0,29,富邦-新店,2023-09-20,9661
2206,三陽工業,33,4,29,富邦-新店,2023-09-20,9661
8088,品安,82,53,29,富邦-新店,2023-09-20,9661
2337,旺宏,48,19,29,富邦-新店,2023-09-20,9661
2392,正崴,28,0,28,富邦-新店,2023-09-20,9661
6257,矽格,33,6,27,富邦-新店,2023-09-20,9661
00687B,國泰20年美債,27,0,27,富邦-新店,2023-09-20,9661
3450,聯鈞,45,19,26,富邦-新店,2023-09-20,9661
3264,欣銓,52,26,26,富邦-新店,2023-09-20,9661
2329,華泰,64,39,25,富邦-新店,2023-09-20,9661
2883,凱基金,37,12,25,富邦-新店,2023-09-20,9661
00929,復華台灣科技優息,754,129,625,富邦-新店,2023-09-21,9661
00919,群益台灣精選高息,330,59,271,富邦-新店,2023-09-21,9661
00679B,元大美債20年,211,2,209,富邦-新店,2023-09-21,9661
2885,元大金,205,3,202,富邦-新店,2023-09-21,9661
6446,藥華藥,178,3,175,富邦-新店,2023-09-21,9661
4173,久裕,1306,1133,173,富邦-新店,2023-09-21,9661
00878,國泰永續高股息,230,57,173,富邦-新店,2023-09-21,9661
3045,台灣大,153,0,153,富邦-新店,2023-09-21,9661
0056,元大高股息,146,10,136,富邦-新店,2023-09-21,9661
8112,至上,138,21,117,富邦-新店,2023-09-21,9661
2888,新光金,120,7,113,富邦-新店,2023-09-21,9661
5880,合庫金,104,4,100,富邦-新店,2023-09-21,9661
00922,國泰台灣領袖50,98,3,95,富邦-新店,2023-09-21,9661
00720B,元大投資級公司債,131,40,91,富邦-新店,2023-09-21,9661
2887,台新金,88,0,88,富邦-新店,2023-09-21,9661
1101,台泥,89,5,84,富邦-新店,2023-09-21,9661
0050,元大台灣50,74,0,74,富邦-新店,2023-09-21,9661
00921,兆豐龍頭等權重,74,1,73,富邦-新店,2023-09-21,9661
2330,台積電,72,6,66,富邦-新店,2023-09-21,9661
2363,矽統,274,208,66,富邦-新店,2023-09-21,9661
2002,中鋼,68,2,66,富邦-新店,2023-09-21,9661
2884,玉山金,62,3,59,富邦-新店,2023-09-21,9661
2606,裕民,72,14,58,富邦-新店,2023-09-21,9661
8467,波力-KY,62,11,51,富邦-新店,2023-09-21,9661
00932,兆豐永續高息等權,50,0,50,富邦-新店,2023-09-21,9661
2317,鴻海,52,3,49,富邦-新店,2023-09-21,9661
2377,微星,61,18,43,富邦-新店,2023-09-21,9661
2890,永豐金,42,2,40,富邦-新店,2023-09-21,9661
2834,臺企銀,40,0,40,富邦-新店,2023-09-21,9661
6121,新普,40,0,40,富邦-新店,2023-09-21,9661
00696B,富邦美債20年,40,0,40,富邦-新店,2023-09-21,9661
00637L,元大滬深300正2,43,4,39,富邦-新店,2023-09-21,9661
00902,中信電池及儲能,38,0,38,富邦-新店,2023-09-21,9661
3050,鈺德,41,3,38,富邦-新店,2023-09-21,9661
006208,富邦台50,37,0,37,富邦-新店,2023-09-21,9661
1217,愛之味,37,0,37,富邦-新店,2023-09-21,9661
00931B,統一美債20年,36,2,34,富邦-新店,2023-09-21,9661
3092,鴻碩,37,3,34,富邦-新店,2023-09-21,9661
3706,神達,64,32,32,富邦-新店,2023-09-21,9661
00753L,中信中國50正2,43,11,32,富邦-新店,2023-09-21,9661
2615,萬海,33,2,31,富邦-新店,2023-09-21,9661
5009,榮剛,30,1,29,富邦-新店,2023-09-21,9661
9928,中視,29,0,29,富邦-新店,2023-09-21,9661
2891,中信金,59,30,29,富邦-新店,2023-09-21,9661
1584,精剛,183,155,28,富邦-新店,2023-09-21,9661
00915,凱基優選高股息30,51,23,28,富邦-新店,2023-09-21,9661
2633,台灣高鐵,27,0,27,富邦-新店,2023-09-21,9661
2388,威盛,44,17,27,富邦-新店,2023-09-21,9661
9103,美德醫療-DR,26,0,26,富邦-新店,2023-09-21,9661
00687B,國泰20年美債,25,0,25,富邦-新店,2023-09-21,9661
00680L,元大美債20正2,5593,2,5591,富邦-新店,2023-09-22,9661
2885,元大金,309,6,303,富邦-新店,2023-09-22,9661
00679B,元大美債20年,238,48,190,富邦-新店,2023-09-22,9661
00931B,統一美債20年,185,1,184,富邦-新店,2023-09-22,9661
00720B,元大投資級公司債,134,1,133,富邦-新店,2023-09-22,9661
1444,力麗,110,16,94,富邦-新店,2023-09-22,9661
00919,群益台灣精選高息,111,19,92,富邦-新店,2023-09-22,9661
00712,復華富時不動產,103,15,88,富邦-新店,2023-09-22,9661
5009,榮剛,108,24,84,富邦-新店,2023-09-22,9661
2618,長榮航,109,28,81,富邦-新店,2023-09-22,9661
2641,正德,78,0,78,富邦-新店,2023-09-22,9661
00751B,元大AAA至A公司債,71,0,71,富邦-新店,2023-09-22,9661
00687B,國泰20年美債,68,0,68,富邦-新店,2023-09-22,9661
2891,中信金,63,0,63,富邦-新店,2023-09-22,9661
3050,鈺德,56,0,56,富邦-新店,2023-09-22,9661
2330,台積電,61,8,53,富邦-新店,2023-09-22,9661
2385,群光,52,3,49,富邦-新店,2023-09-22,9661
00772B,中信高評級公司債,47,0,47,富邦-新店,2023-09-22,9661
00885,富邦越南,62,22,40,富邦-新店,2023-09-22,9661
2883,凱基金,43,4,39,富邦-新店,2023-09-22,9661
6191,精成科,40,2,38,富邦-新店,2023-09-22,9661
3406,玉晶光,91,53,38,富邦-新店,2023-09-22,9661
3548,兆利,68,31,37,富邦-新店,2023-09-22,9661
2002,中鋼,35,0,35,富邦-新店,2023-09-22,9661
6176,瑞儀,34,0,34,富邦-新店,2023-09-22,9661
2303,聯電,38,6,32,富邦-新店,2023-09-22,9661
1513,中興電,43,11,32,富邦-新店,2023-09-22,9661
2468,華經,82,51,31,富邦-新店,2023-09-22,9661
2317,鴻海,31,2,29,富邦-新店,2023-09-22,9661
2610,華航,46,17,29,富邦-新店,2023-09-22,9661
3373,熱映,39,11,28,富邦-新店,2023-09-22,9661
2881,富邦金,33,6,27,富邦-新店,2023-09-22,9661
2882,國泰金,27,2,25,富邦-新店,2023-09-22,9661
00795B,中信美國公債20年,26,3,23,富邦-新店,2023-09-22,9661
00893,國泰智能電動車,23,1,22,富邦-新店,2023-09-22,9661
00725B,國泰投資級公司債,22,0,22,富邦-新店,2023-09-22,9661
3033,威健,20,0,20,富邦-新店,2023-09-22,9661
00864B,中信美國公債0-1,20,0,20,富邦-新店,2023-09-22,9661
3217,優群,20,0,20,富邦-新店,2023-09-22,9661
3624,光頡,19,0,19,富邦-新店,2023-09-22,9661
2427,三商電,18,0,18,富邦-新店,2023-09-22,9661
2485,兆赫,17,0,17,富邦-新店,2023-09-22,9661
3014,聯陽,17,0,17,富邦-新店,2023-09-22,9661
2337,旺宏,22,5,17,富邦-新店,2023-09-22,9661
00655L,國泰中國A50正2,24,8,16,富邦-新店,2023-09-22,9661
3609,三一東林,19,3,16,富邦-新店,2023-09-22,9661
9928,中視,24,8,16,富邦-新店,2023-09-22,9661
0050,元大台灣50,17,1,16,富邦-新店,2023-09-22,9661
00764B,群益25年美債,16,0,16,富邦-新店,2023-09-22,9661
1101,台泥,39,24,15,富邦-新店,2023-09-22,9661
00680L,元大美債20正2,2815,30,2785,富邦-新店,2023-09-25,9661
1101,台泥,233,17,216,富邦-新店,2023-09-25,9661
1609,大亞,169,22,147,富邦-新店,2023-09-25,9661
2206,三陽工業,216,70,146,富邦-新店,2023-09-25,9661
1445,大宇,709,574,135,富邦-新店,2023-09-25,9661
00929,復華台灣科技優息,307,173,134,富邦-新店,2023-09-25,9661
00919,群益台灣精選高息,131,8,123,富邦-新店,2023-09-25,9661
00712,復華富時不動產,111,9,102,富邦-新店,2023-09-25,9661
00679B,元大美債20年,121,28,93,富邦-新店,2023-09-25,9661
2547,日勝生,79,0,79,富邦-新店,2023-09-25,9661
2363,矽統,297,237,60,富邦-新店,2023-09-25,9661
3609,三一東林,54,0,54,富邦-新店,2023-09-25,9661
1603,華電,51,0,51,富邦-新店,2023-09-25,9661
1524,耿鼎,58,7,51,富邦-新店,2023-09-25,9661
2867,三商壽,50,0,50,富邦-新店,2023-09-25,9661
2618,長榮航,71,21,50,富邦-新店,2023-09-25,9661
3293,鈊象,51,3,48,富邦-新店,2023-09-25,9661
6605,帝寶,63,17,46,富邦-新店,2023-09-25,9661
6284,佳邦,46,0,46,富邦-新店,2023-09-25,9661
00751B,元大AAA至A公司債,49,4,45,富邦-新店,2023-09-25,9661
00885,富邦越南,44,0,44,富邦-新店,2023-09-25,9661
2355,敬鵬,60,17,43,富邦-新店,2023-09-25,9661
2313,華通,57,15,42,富邦-新店,2023-09-25,9661
00687B,國泰20年美債,45,3,42,富邦-新店,2023-09-25,9661
4908,前鼎,57,15,42,富邦-新店,2023-09-25,9661
2515,中工,55,18,37,富邦-新店,2023-09-25,9661
3276,宇環,45,10,35,富邦-新店,2023-09-25,9661
2615,萬海,34,0,34,富邦-新店,2023-09-25,9661
3308,聯德,32,0,32,富邦-新店,2023-09-25,9661
8034,榮群,31,0,31,富邦-新店,2023-09-25,9661
2637,慧洋-KY,45,17,28,富邦-新店,2023-09-25,9661
3013,晟銘電,40,14,26,富邦-新店,2023-09-25,9661
00772B,中信高評級公司債,25,0,25,富邦-新店,2023-09-25,9661
6449,鈺邦,24,0,24,富邦-新店,2023-09-25,9661
2882,國泰金,23,0,23,富邦-新店,2023-09-25,9661
2382,廣達,59,38,21,富邦-新店,2023-09-25,9661
00893,國泰智能電動車,20,0,20,富邦-新店,2023-09-25,9661
6285,啟��,27,7,20,富邦-新店,2023-09-25,9661
3363,上詮,167,148,19,富邦-新店,2023-09-25,9661
3548,兆利,49,31,18,富邦-新店,2023-09-25,9661
6005,群益證,18,0,18,富邦-新店,2023-09-25,9661
3693,營邦,45,27,18,富邦-新店,2023-09-25,9661
2493,揚博,17,0,17,富邦-新店,2023-09-25,9661
1314,中石化,17,0,17,富邦-新店,2023-09-25,9661
00882,中信中國高股息,19,2,17,富邦-新店,2023-09-25,9661
2027,大成鋼,32,16,16,富邦-新店,2023-09-25,9661
2412,中華電,20,5,15,富邦-新店,2023-09-25,9661
2884,玉山金,25,10,15,富邦-新店,2023-09-25,9661
1444,力麗,64,49,15,富邦-新店,2023-09-25,9661
2316,楠梓電,18,4,14,富邦-新店,2023-09-25,9661
00680L,元大美債20正2,2621,21,2600,富邦-新店,2023-09-26,9661
3050,鈺德,1126,700,426,富邦-新店,2023-09-26,9661
00929,復華台灣科技優息,527,184,343,富邦-新店,2023-09-26,9661
1612,宏泰,256,41,215,富邦-新店,2023-09-26,9661
3293,鈊象,189,7,182,富邦-新店,2023-09-26,9661
00919,群益台灣精選高息,191,12,179,富邦-新店,2023-09-26,9661
00679B,元大美債20年,144,8,136,富邦-新店,2023-09-26,9661
2412,中華電,125,0,125,富邦-新店,2023-09-26,9661
00878,國泰永續高股息,131,35,96,富邦-新店,2023-09-26,9661
1444,力麗,72,0,72,富邦-新店,2023-09-26,9661
00687B,國泰20年美債,70,1,69,富邦-新店,2023-09-26,9661
6770,力積電,66,5,61,富邦-新店,2023-09-26,9661
00931B,統一美債20年,61,0,61,富邦-新店,2023-09-26,9661
2881,富邦金,59,0,59,富邦-新店,2023-09-26,9661
1524,耿鼎,145,86,59,富邦-新店,2023-09-26,9661
2344,華邦電,58,5,53,富邦-新店,2023-09-26,9661
00885,富邦越南,69,18,51,富邦-新店,2023-09-26,9661
3013,晟銘電,55,5,50,富邦-新店,2023-09-26,9661
0056,元大高股息,71,22,49,富邦-新店,2023-09-26,9661
00751B,元大AAA至A公司債,48,0,48,富邦-新店,2023-09-26,9661
00720B,元大投資級公司債,58,10,48,富邦-新店,2023-09-26,9661
2330,台積電,55,8,47,富邦-新店,2023-09-26,9661
00772B,中信高評級公司債,44,0,44,富邦-新店,2023-09-26,9661
0050,元大台灣50,40,0,40,富邦-新店,2023-09-26,9661
2493,揚博,39,2,37,富邦-新店,2023-09-26,9661
006208,富邦台50,36,0,36,富邦-新店,2023-09-26,9661
4768,晶呈科技,37,1,36,富邦-新店,2023-09-26,9661
2317,鴻海,48,12,36,富邦-新店,2023-09-26,9661
3481,群創,72,38,34,富邦-新店,2023-09-26,9661
5880,合庫金,42,8,34,富邦-新店,2023-09-26,9661
9904,寶成,37,5,32,富邦-新店,2023-09-26,9661
00665L,富邦�琤肭磪囓�2,31,0,31,富邦-新店,2023-09-26,9661
1605,華新,50,19,31,富邦-新店,2023-09-26,9661
1522,堤維西,59,30,29,富邦-新店,2023-09-26,9661
2485,兆赫,46,17,29,富邦-新店,2023-09-26,9661
2303,聯電,58,32,26,富邦-新店,2023-09-26,9661
2421,建準,49,23,26,富邦-新店,2023-09-26,9661
3715,定穎投控,133,107,26,富邦-新店,2023-09-26,9661
00915,凱基優選高股息30,28,3,25,富邦-新店,2023-09-26,9661
2834,臺企銀,26,1,25,富邦-新店,2023-09-26,9661
8011,台通,24,0,24,富邦-新店,2023-09-26,9661
4763,材料-KY,31,7,24,富邦-新店,2023-09-26,9661
3711,日月光投控,24,0,24,富邦-新店,2023-09-26,9661
1815,富喬,177,154,23,富邦-新店,2023-09-26,9661
00932,兆豐永續高息等權,24,0,24,富邦-新店,2023-09-26,9661
2882,國泰金,30,8,22,富邦-新店,2023-09-26,9661
00922,國泰台灣領袖50,21,0,21,富邦-新店,2023-09-26,9661
2618,長榮航,25,4,21,富邦-新店,2023-09-26,9661
2634,漢翔,32,12,20,富邦-新店,2023-09-26,9661
00725B,國泰投資級公司債,20,0,20,富邦-新店,2023-09-26,9661
00680L,元大美債20正2,1066,6,1060,富邦-新店,2023-09-27,9661
3231,緯創,952,96,856,富邦-新店,2023-09-27,9661
00929,復華台灣科技優息,434,54,380,富邦-新店,2023-09-27,9661
2206,三陽工業,205,13,192,富邦-新店,2023-09-27,9661
00632R,元大台灣50反1,226,40,186,富邦-新店,2023-09-27,9661
00919,群益台灣精選高息,134,8,126,富邦-新店,2023-09-27,9661
2442,新美齊,135,17,118,富邦-新店,2023-09-27,9661
3217,優群,116,0,116,富邦-新店,2023-09-27,9661
6770,力積電,100,15,85,富邦-新店,2023-09-27,9661
1609,大亞,97,12,85,富邦-新店,2023-09-27,9661
00671R,富邦NASDAQ反1,70,0,70,富邦-新店,2023-09-27,9661
2002,中鋼,114,46,68,富邦-新店,2023-09-27,9661
2515,中工,92,28,64,富邦-新店,2023-09-27,9661
2412,中華電,57,0,57,富邦-新店,2023-09-27,9661
2614,東森,64,12,52,富邦-新店,2023-09-27,9661
2867,三商壽,50,0,50,富邦-新店,2023-09-27,9661
6418,詠昇,62,12,50,富邦-新店,2023-09-27,9661
00679B,元大美債20年,55,7,48,富邦-新店,2023-09-27,9661
2891,中信金,51,3,48,富邦-新店,2023-09-27,9661
1101,台泥,48,1,47,富邦-新店,2023-09-27,9661
2301,光寶科,49,3,46,富邦-新店,2023-09-27,9661
2014,中鴻,56,11,45,富邦-新店,2023-09-27,9661
00712,復華富時不動產,44,0,44,富邦-新店,2023-09-27,9661
1618,合機,131,88,43,富邦-新店,2023-09-27,9661
1612,宏泰,119,77,42,富邦-新店,2023-09-27,9661
5483,中美晶,40,2,38,富邦-新店,2023-09-27,9661
0050,元大台灣50,35,0,35,富邦-新店,2023-09-27,9661
00830,國泰費城半導體,34,0,34,富邦-新店,2023-09-27,9661
00772B,中信高評級公司債,33,0,33,富邦-新店,2023-09-27,9661
1444,力麗,34,1,33,富邦-新店,2023-09-27,9661
5452,佶優,32,1,31,富邦-新店,2023-09-27,9661
00878,國泰永續高股息,46,16,30,富邦-新店,2023-09-27,9661
2392,正崴,30,0,30,富邦-新店,2023-09-27,9661
3714,富采,30,1,29,富邦-新店,2023-09-27,9661
2344,華邦電,23,0,23,富邦-新店,2023-09-27,9661
2884,玉山金,26,5,21,富邦-新店,2023-09-27,9661
2880,華南金,23,2,21,富邦-新店,2023-09-27,9661
00850,元大臺灣ESG永續,20,0,20,富邦-新店,2023-09-27,9661
6116,彩晶,20,0,20,富邦-新店,2023-09-27,9661
2883,凱基金,26,6,20,富邦-新店,2023-09-27,9661
6757,台灣虎航,20,0,20,富邦-新店,2023-09-27,9661
2337,旺宏,28,8,20,富邦-新店,2023-09-27,9661
8358,金居,21,2,19,富邦-新店,2023-09-27,9661
2317,鴻海,24,6,18,富邦-新店,2023-09-27,9661
00687B,國泰20年美債,18,0,18,富邦-新店,2023-09-27,9661
00932,兆豐永續高息等權,17,0,17,富邦-新店,2023-09-27,9661
2542,興富發,18,2,16,富邦-新店,2023-09-27,9661
2485,兆赫,16,0,16,富邦-新店,2023-09-27,9661
2330,台積電,17,1,16,富邦-新店,2023-09-27,9661
3050,鈺德,15,0,15,富邦-新店,2023-09-27,9661
00680L,元大美債20正2,1505,16,1489,富邦-新店,2023-09-28,9661
2382,廣達,1741,594,1147,富邦-新店,2023-09-28,9661
00929,復華台灣科技優息,238,8,230,富邦-新店,2023-09-28,9661
00712,復華富時不動產,124,3,121,富邦-新店,2023-09-28,9661
2017,官田鋼,132,14,118,富邦-新店,2023-09-28,9661
00679B,元大美債20年,115,6,109,富邦-新店,2023-09-28,9661
2201,裕隆,173,67,106,富邦-新店,2023-09-28,9661
5225,東科-KY,102,27,75,富邦-新店,2023-09-28,9661
2408,南亞科,81,12,69,富邦-新店,2023-09-28,9661
5324,士開,67,1,66,富邦-新店,2023-09-28,9661
3704,合勤控,112,47,65,富邦-新店,2023-09-28,9661
3005,神基,73,10,63,富邦-新店,2023-09-28,9661
4979,華星光,68,9,59,富邦-新店,2023-09-28,9661
00720B,元大投資級公司債,117,58,59,富邦-新店,2023-09-28,9661
00772B,中信高評級公司債,53,0,53,富邦-新店,2023-09-28,9661
2887,台新金,53,0,53,富邦-新店,2023-09-28,9661
00751B,元大AAA至A公司債,52,0,52,富邦-新店,2023-09-28,9661
00931B,統一美債20年,53,1,52,富邦-新店,2023-09-28,9661
00919,群益台灣精選高息,52,3,49,富邦-新店,2023-09-28,9661
2882,國泰金,46,0,46,富邦-新店,2023-09-28,9661
2313,華通,85,41,44,富邦-新店,2023-09-28,9661
2344,華邦電,54,11,43,富邦-新店,2023-09-28,9661
2354,鴻準,45,4,41,富邦-新店,2023-09-28,9661
2883,凱基金,57,17,40,富邦-新店,2023-09-28,9661
00673R,期元大S＆P原油反1,60,20,40,富邦-新店,2023-09-28,9661
3260,威剛,63,23,40,富邦-新店,2023-09-28,9661
2897,王道銀行,40,1,39,富邦-新店,2023-09-28,9661
3050,鈺德,38,0,38,富邦-新店,2023-09-28,9661
3481,群創,41,3,38,富邦-新店,2023-09-28,9661
2002,中鋼,60,23,37,富邦-新店,2023-09-28,9661
1445,大宇,114,78,36,富邦-新店,2023-09-28,9661
00900,富邦特選高股息30,62,30,32,富邦-新店,2023-09-28,9661
00753L,中信中國50正2,41,10,31,富邦-新店,2023-09-28,9661
3054,立萬利,32,1,31,富邦-新店,2023-09-28,9661
4543,萬在,30,0,30,富邦-新店,2023-09-28,9661
2610,華航,40,12,28,富邦-新店,2023-09-28,9661
3006,晶豪科,29,2,27,富邦-新店,2023-09-28,9661
2371,大同,38,13,25,富邦-新店,2023-09-28,9661
2442,新美齊,40,15,25,富邦-新店,2023-09-28,9661
2377,微星,30,5,25,富邦-新店,2023-09-28,9661
3715,定穎投控,260,236,24,富邦-新店,2023-09-28,9661
00885,富邦越南,39,15,24,富邦-新店,2023-09-28,9661
2376,技嘉,68,45,23,富邦-新店,2023-09-28,9661
00637L,元大滬深300正2,33,10,23,富邦-新店,2023-09-28,9661
2542,興富發,22,0,22,富邦-新店,2023-09-28,9661
2317,鴻海,32,11,21,富邦-新店,2023-09-28,9661
2324,仁寶,24,3,21,富邦-新店,2023-09-28,9661
2606,裕民,22,1,21,富邦-新店,2023-09-28,9661
2891,中信金,25,5,20,富邦-新店,2023-09-28,9661
9904,寶成,19,0,19,富邦-新店,2023-09-28,9661
00680L,元大美債20正2,1019,16,1003,富邦-新店,2023-10-02,9661
1445,大宇,972,428,544,富邦-新店,2023-10-02,9661
2367,燿華,329,26,303,富邦-新店,2023-10-02,9661
1612,宏泰,308,9,299,富邦-新店,2023-10-02,9661
3324,雙鴻,272,26,246,富邦-新店,2023-10-02,9661
2301,光寶科,249,95,154,富邦-新店,2023-10-02,9661
3450,聯鈞,288,158,130,富邦-新店,2023-10-02,9661
3005,神基,133,12,121,富邦-新店,2023-10-02,9661
2890,永豐金,102,3,99,富邦-新店,2023-10-02,9661
00632R,元大台灣50反1,97,0,97,富邦-新店,2023-10-02,9661
2888,新光金,99,5,94,富邦-新店,2023-10-02,9661
00929,復華台灣科技優息,206,120,86,富邦-新店,2023-10-02,9661
00720B,元大投資級公司債,72,5,67,富邦-新店,2023-10-02,9661
00931B,統一美債20年,62,0,62,富邦-新店,2023-10-02,9661
2355,敬鵬,112,52,60,富邦-新店,2023-10-02,9661
3045,台灣大,52,0,52,富邦-新店,2023-10-02,9661
2363,矽統,239,189,50,富邦-新店,2023-10-02,9661
00679B,元大美債20年,52,3,49,富邦-新店,2023-10-02,9661
1609,大亞,101,56,45,富邦-新店,2023-10-02,9661
2409,友達,59,15,44,富邦-新店,2023-10-02,9661
2206,三陽工業,40,0,40,富邦-新店,2023-10-02,9661
00751B,元大AAA至A公司債,39,0,39,富邦-新店,2023-10-02,9661
00923,群益台ESG低碳50,53,14,39,富邦-新店,2023-10-02,9661
00687B,國泰20年美債,37,0,37,富邦-新店,2023-10-02,9661
2603,長榮,45,8,37,富邦-新店,2023-10-02,9661
3609,三一東林,36,0,36,富邦-新店,2023-10-02,9661
2442,新美齊,45,10,35,富邦-新店,2023-10-02,9661
00715L,期街口布蘭特正2,38,4,34,富邦-新店,2023-10-02,9661
2615,萬海,34,1,33,富邦-新店,2023-10-02,9661
1101,台泥,45,16,29,富邦-新店,2023-10-02,9661
4979,華星光,46,19,27,富邦-新店,2023-10-02,9661
3078,僑威,35,8,27,富邦-新店,2023-10-02,9661
2634,漢翔,38,11,27,富邦-新店,2023-10-02,9661
2882,國泰金,30,4,26,富邦-新店,2023-10-02,9661
9938,百和,30,4,26,富邦-新店,2023-10-02,9661
1515,力山,31,6,25,富邦-新店,2023-10-02,9661
00725B,國泰投資級公司債,25,0,25,富邦-新店,2023-10-02,9661
1802,台玻,29,5,24,富邦-新店,2023-10-02,9661
2606,裕民,36,12,24,富邦-新店,2023-10-02,9661
2324,仁寶,27,3,24,富邦-新店,2023-10-02,9661
1568,倉佑,24,1,23,富邦-新店,2023-10-02,9661
00772B,中信高評級公司債,24,3,21,富邦-新店,2023-10-02,9661
1710,東聯,21,0,21,富邦-新店,2023-10-02,9661
3105,穩懋,107,87,20,富邦-新店,2023-10-02,9661
3312,弘憶股,20,0,20,富邦-新店,2023-10-02,9661
2014,中鴻,21,1,20,富邦-新店,2023-10-02,9661
1810,和成,20,0,20,富邦-新店,2023-10-02,9661
5324,士開,19,0,19,富邦-新店,2023-10-02,9661
6285,啟��,22,4,18,富邦-新店,2023-10-02,9661
2204,中華,20,2,18,富邦-新店,2023-10-02,9661
00929,復華台灣科技優息,560,107,453,富邦-新店,2023-10-03,9661
0056,元大高股息,233,36,197,富邦-新店,2023-10-03,9661
00712,復華富時不動產,172,0,172,富邦-新店,2023-10-03,9661
1609,大亞,207,38,169,富邦-新店,2023-10-03,9661
1319,東陽,169,17,152,富邦-新店,2023-10-03,9661
00878,國泰永續高股息,163,18,145,富邦-新店,2023-10-03,9661
3050,鈺德,1625,1480,145,富邦-新店,2023-10-03,9661
2618,長榮航,133,29,104,富邦-新店,2023-10-03,9661
3325,旭品,212,116,96,富邦-新店,2023-10-03,9661
2356,英業達,145,49,96,富邦-新店,2023-10-03,9661
2409,友達,173,82,91,富邦-新店,2023-10-03,9661
00922,國泰台灣領袖50,90,0,90,富邦-新店,2023-10-03,9661
2427,三商電,211,127,84,富邦-新店,2023-10-03,9661
00753L,中信中國50正2,104,25,79,富邦-新店,2023-10-03,9661
00882,中信中國高股息,77,0,77,富邦-新店,2023-10-03,9661
2429,銘旺科,76,0,76,富邦-新店,2023-10-03,9661
1524,耿鼎,104,32,72,富邦-新店,2023-10-03,9661
2002,中鋼,134,65,69,富邦-新店,2023-10-03,9661
2374,佳能,73,6,67,富邦-新店,2023-10-03,9661
00885,富邦越南,71,5,66,富邦-新店,2023-10-03,9661
00720B,元大投資級公司債,193,130,63,富邦-新店,2023-10-03,9661
3231,緯創,215,153,62,富邦-新店,2023-10-03,9661
2915,潤泰全,61,0,61,富邦-新店,2023-10-03,9661
5426,振發,61,1,60,富邦-新店,2023-10-03,9661
00751B,元大AAA至A公司債,57,0,57,富邦-新店,2023-10-03,9661
00764B,群益25年美債,55,0,55,富邦-新店,2023-10-03,9661
2888,新光金,60,6,54,富邦-新店,2023-10-03,9661
3093,港建*,62,11,51,富邦-新店,2023-10-03,9661
2891,中信金,52,1,51,富邦-新店,2023-10-03,9661
1219,福壽,50,0,50,富邦-新店,2023-10-03,9661
1304,台聚,50,0,50,富邦-新店,2023-10-03,9661
00931B,統一美債20年,48,0,48,富邦-新店,2023-10-03,9661
2884,玉山金,57,12,45,富邦-新店,2023-10-03,9661
1515,力山,40,0,40,富邦-新店,2023-10-03,9661
2313,華通,109,70,39,富邦-新店,2023-10-03,9661
2363,矽統,172,134,38,富邦-新店,2023-10-03,9661
00713,元大台灣高息低波,37,0,37,富邦-新店,2023-10-03,9661
2610,華航,59,22,37,富邦-新店,2023-10-03,9661
3481,群創,58,23,35,富邦-新店,2023-10-03,9661
1301,台塑,35,1,34,富邦-新店,2023-10-03,9661
8147,正淩,34,0,34,富邦-新店,2023-10-03,9661
6150,撼訊,34,1,33,富邦-新店,2023-10-03,9661
00679B,元大美債20年,42,10,32,富邦-新店,2023-10-03,9661
9938,百和,32,1,31,富邦-新店,2023-10-03,9661
2355,敬鵬,42,11,31,富邦-新店,2023-10-03,9661
00637L,元大滬深300正2,30,0,30,富邦-新店,2023-10-03,9661
2392,正崴,29,0,29,富邦-新店,2023-10-03,9661
00730,富邦臺灣優質高息,37,8,29,富邦-新店,2023-10-03,9661
1815,富喬,81,53,28,富邦-新店,2023-10-03,9661
2485,兆赫,30,2,28,富邦-新店,2023-10-03,9661
00680L,元大美債20正2,5531,13,5518,富邦-新店,2023-10-04,9661
00929,復華台灣科技優息,360,57,303,富邦-新店,2023-10-04,9661
00712,復華富時不動產,174,0,174,富邦-新店,2023-10-04,9661
00919,群益台灣精選高息,151,1,150,富邦-新店,2023-10-04,9661
2883,凱基金,154,15,139,富邦-新店,2023-10-04,9661
2412,中華電,132,0,132,富邦-新店,2023-10-04,9661
0056,元大高股息,141,14,127,富邦-新店,2023-10-04,9661
1524,耿鼎,127,2,125,富邦-新店,2023-10-04,9661
3231,緯創,201,77,124,富邦-新店,2023-10-04,9661
2888,新光金,143,22,121,富邦-新店,2023-10-04,9661
6164,華興,223,107,116,富邦-新店,2023-10-04,9661
00679B,元大美債20年,152,36,116,富邦-新店,2023-10-04,9661
2891,中信金,127,12,115,富邦-新店,2023-10-04,9661
00720B,元大投資級公司債,184,75,109,富邦-新店,2023-10-04,9661
1444,力麗,103,1,102,富邦-新店,2023-10-04,9661
00878,國泰永續高股息,142,41,101,富邦-新店,2023-10-04,9661
6245,立端,95,1,94,富邦-新店,2023-10-04,9661
2303,聯電,106,17,89,富邦-新店,2023-10-04,9661
00671R,富邦NASDAQ反1,80,5,75,富邦-新店,2023-10-04,9661
00772B,中信高評級公司債,81,6,75,富邦-新店,2023-10-04,9661
00751B,元大AAA至A公司債,75,1,74,富邦-新店,2023-10-04,9661
00922,國泰台灣領袖50,72,0,72,富邦-新店,2023-10-04,9661
1605,華新,100,32,68,富邦-新店,2023-10-04,9661
00713,元大台灣高息低波,68,3,65,富邦-新店,2023-10-04,9661
00931B,統一美債20年,68,5,63,富邦-新店,2023-10-04,9661
8930,青鋼,60,0,60,富邦-新店,2023-10-04,9661
00648R,元大S＆P500反1,60,1,59,富邦-新店,2023-10-04,9661
2886,兆豐金,52,0,52,富邦-新店,2023-10-04,9661
3380,明泰,52,0,52,富邦-新店,2023-10-04,9661
2409,友達,83,32,51,富邦-新店,2023-10-04,9661
00687B,國泰20年美債,51,0,51,富邦-新店,2023-10-04,9661
2206,三陽工業,55,4,51,富邦-新店,2023-10-04,9661
2892,第一金,49,0,49,富邦-新店,2023-10-04,9661
3481,群創,84,36,48,富邦-新店,2023-10-04,9661
1304,台聚,47,0,47,富邦-新店,2023-10-04,9661
2801,彰銀,45,0,45,富邦-新店,2023-10-04,9661
2881,富邦金,49,4,45,富邦-新店,2023-10-04,9661
0050,元大台灣50,44,1,43,富邦-新店,2023-10-04,9661
00637L,元大滬深300正2,55,13,42,富邦-新店,2023-10-04,9661
2316,楠梓電,41,0,41,富邦-新店,2023-10-04,9661
1609,大亞,44,3,41,富邦-新店,2023-10-04,9661
5880,合庫金,67,27,40,富邦-新店,2023-10-04,9661
6005,群益證,38,0,38,富邦-新店,2023-10-04,9661
2834,臺企銀,40,3,37,富邦-新店,2023-10-04,9661
3260,威剛,60,24,36,富邦-新店,2023-10-04,9661
5484,慧友,34,0,34,富邦-新店,2023-10-04,9661
8086,宏捷科,40,7,33,富邦-新店,2023-10-04,9661
3037,欣興,44,11,33,富邦-新店,2023-10-04,9661
9938,百和,39,7,32,富邦-新店,2023-10-04,9661
2618,長榮航,109,78,31,富邦-新店,2023-10-04,9661
3231,緯創,1615,129,1486,富邦-新店,2023-10-05,9661
00929,復華台灣科技優息,205,25,180,富邦-新店,2023-10-05,9661
00712,復華富時不動產,146,0,146,富邦-新店,2023-10-05,9661
3325,旭品,175,43,132,富邦-新店,2023-10-05,9661
1815,富喬,134,44,90,富邦-新店,2023-10-05,9661
00715L,期街口布蘭特正2,86,1,85,富邦-新店,2023-10-05,9661
6245,立端,67,8,59,富邦-新店,2023-10-05,9661
00679B,元大美債20年,60,8,52,富邦-新店,2023-10-05,9661
00637L,元大滬深300正2,52,0,52,富邦-新店,2023-10-05,9661
6244,茂迪,59,8,51,富邦-新店,2023-10-05,9661
1524,耿鼎,55,7,48,富邦-新店,2023-10-05,9661
3363,上詮,78,31,47,富邦-新店,2023-10-05,9661
00922,國泰台灣領袖50,44,0,44,富邦-新店,2023-10-05,9661
2637,慧洋-KY,49,6,43,富邦-新店,2023-10-05,9661
2353,宏��,52,11,41,富邦-新店,2023-10-05,9661
2002,中鋼,85,45,40,富邦-新店,2023-10-05,9661
00885,富邦越南,44,4,40,富邦-新店,2023-10-05,9661
3317,尼克森,40,1,39,富邦-新店,2023-10-05,9661
3006,晶豪科,43,7,36,富邦-新店,2023-10-05,9661
4903,聯光通,30,0,30,富邦-新店,2023-10-05,9661
6122,擎邦,33,5,28,富邦-新店,2023-10-05,9661
1612,宏泰,34,6,28,富邦-新店,2023-10-05,9661
6191,精成科,46,18,28,富邦-新店,2023-10-05,9661
1101,台泥,30,5,25,富邦-新店,2023-10-05,9661
2409,友達,41,17,24,富邦-新店,2023-10-05,9661
2208,台船,20,0,20,富邦-新店,2023-10-05,9661
8086,宏捷科,23,3,20,富邦-新店,2023-10-05,9661
6462,神盾,20,0,20,富邦-新店,2023-10-05,9661
00919,群益台灣精選高息,57,38,19,富邦-新店,2023-10-05,9661
6799,來頡,19,0,19,富邦-新店,2023-10-05,9661
2313,華通,61,42,19,富邦-新店,2023-10-05,9661
00751B,元大AAA至A公司債,19,0,19,富邦-新店,2023-10-05,9661
3078,僑威,28,10,18,富邦-新店,2023-10-05,9661
2538,基泰,104,86,18,富邦-新店,2023-10-05,9661
6288,聯嘉,33,15,18,富邦-新店,2023-10-05,9661
1905,華紙,17,1,16,富邦-新店,2023-10-05,9661
2745,五福,16,0,16,富邦-新店,2023-10-05,9661
2429,銘旺科,16,0,16,富邦-新店,2023-10-05,9661
5484,慧友,16,0,16,富邦-新店,2023-10-05,9661
2201,裕隆,38,23,15,富邦-新店,2023-10-05,9661
8930,青鋼,20,5,15,富邦-新店,2023-10-05,9661
2455,全新,26,12,14,富邦-新店,2023-10-05,9661
3715,定穎投控,162,148,14,富邦-新店,2023-10-05,9661
2834,臺企銀,16,2,14,富邦-新店,2023-10-05,9661
6170,統振,14,1,13,富邦-新店,2023-10-05,9661
3362,先進光,18,5,13,富邦-新店,2023-10-05,9661
8112,至上,17,4,13,富邦-新店,2023-10-05,9661
3694,海華,22,9,13,富邦-新店,2023-10-05,9661
2883,凱基金,13,1,12,富邦-新店,2023-10-05,9661
1514,亞力,27,14,13,富邦-新店,2023-10-05,9661
3231,緯創,1119,98,1021,富邦-新店,2023-10-06,9661
00929,復華台灣科技優息,275,65,210,富邦-新店,2023-10-06,9661
3324,雙鴻,202,4,198,富邦-新店,2023-10-06,9661
3029,零壹,207,17,190,富邦-新店,2023-10-06,9661
00922,國泰台灣領袖50,175,0,175,富邦-新店,2023-10-06,9661
2344,華邦電,222,103,119,富邦-新店,2023-10-06,9661
2605,新興,137,32,105,富邦-新店,2023-10-06,9661
2363,矽統,246,147,99,富邦-新店,2023-10-06,9661
2313,華通,98,9,89,富邦-新店,2023-10-06,9661
2486,一詮,115,42,73,富邦-新店,2023-10-06,9661
00712,復華富時不動產,70,3,67,富邦-新店,2023-10-06,9661
2618,長榮航,154,87,67,富邦-新店,2023-10-06,9661
6220,岳豐,60,0,60,富邦-新店,2023-10-06,9661
00878,國泰永續高股息,98,46,52,富邦-新店,2023-10-06,9661
00751B,元大AAA至A公司債,50,1,49,富邦-新店,2023-10-06,9661
9105,泰金寶-DR,50,2,48,富邦-新店,2023-10-06,9661
00679B,元大美債20年,52,7,45,富邦-新店,2023-10-06,9661
3050,鈺德,242,198,44,富邦-新店,2023-10-06,9661
2301,光寶科,46,3,43,富邦-新店,2023-10-06,9661
6170,統振,40,1,39,富邦-新店,2023-10-06,9661
2329,華泰,110,73,37,富邦-新店,2023-10-06,9661
1402,遠東新,35,0,35,富邦-新店,2023-10-06,9661
00696B,富邦美債20年,35,0,35,富邦-新店,2023-10-06,9661
00720B,元大投資級公司債,35,0,35,富邦-新店,2023-10-06,9661
6451,訊芯-KY,76,42,34,富邦-新店,2023-10-06,9661
1609,大亞,37,3,34,富邦-新店,2023-10-06,9661
3481,群創,64,31,33,富邦-新店,2023-10-06,9661
2886,兆豐金,34,1,33,富邦-新店,2023-10-06,9661
3694,海華,34,3,31,富邦-新店,2023-10-06,9661
5225,東科-KY,42,11,31,富邦-新店,2023-10-06,9661
4763,材料-KY,48,18,30,富邦-新店,2023-10-06,9661
6284,佳邦,32,3,29,富邦-新店,2023-10-06,9661
2371,大同,28,1,27,富邦-新店,2023-10-06,9661
00919,群益台灣精選高息,55,28,27,富邦-新店,2023-10-06,9661
00885,富邦越南,27,0,27,富邦-新店,2023-10-06,9661
0056,元大高股息,58,31,27,富邦-新店,2023-10-06,9661
00715L,期街口布蘭特正2,39,14,25,富邦-新店,2023-10-06,9661
3548,兆利,27,3,24,富邦-新店,2023-10-06,9661
1528,恩德,25,1,24,富邦-新店,2023-10-06,9661
00687B,國泰20年美債,22,0,22,富邦-新店,2023-10-06,9661
00891,中信關鍵半導體,22,0,22,富邦-新店,2023-10-06,9661
3704,合勤控,23,1,22,富邦-新店,2023-10-06,9661
4543,萬在,65,43,22,富邦-新店,2023-10-06,9661
8147,正淩,24,3,21,富邦-新店,2023-10-06,9661
2887,台新金,21,1,20,富邦-新店,2023-10-06,9661
00680L,元大美債20正2,18,0,18,富邦-新店,2023-10-06,9661
2409,友達,17,0,17,富邦-新店,2023-10-06,9661
2356,英業達,29,12,17,富邦-新店,2023-10-06,9661
6274,台燿,46,29,17,富邦-新店,2023-10-06,9661
2002,中鋼,35,19,16,富邦-新店,2023-10-06,9661
6164,華興,519,0,519,富邦-新店,2023-10-11,9661
3231,緯創,634,154,480,富邦-新店,2023-10-11,9661
00665L,富邦�琤肭磪囓�2,163,3,160,富邦-新店,2023-10-11,9661
00929,復華台灣科技優息,201,50,151,富邦-新店,2023-10-11,9661
0056,元大高股息,181,41,140,富邦-新店,2023-10-11,9661
2618,長榮航,147,32,115,富邦-新店,2023-10-11,9661
2637,慧洋-KY,112,7,105,富邦-新店,2023-10-11,9661
8176,智捷,100,0,100,富邦-新店,2023-10-11,9661
2603,長榮,121,31,90,富邦-新店,2023-10-11,9661
00878,國泰永續高股息,167,82,85,富邦-新店,2023-10-11,9661
00919,群益台灣精選高息,143,59,84,富邦-新店,2023-10-11,9661
2493,揚博,76,0,76,富邦-新店,2023-10-11,9661
1314,中石化,69,0,69,富邦-新店,2023-10-11,9661
00632R,元大台灣50反1,67,1,66,富邦-新店,2023-10-11,9661
2614,東森,65,1,64,富邦-新店,2023-10-11,9661
00679B,元大美債20年,59,8,51,富邦-新店,2023-10-11,9661
2609,陽明,70,19,51,富邦-新店,2023-10-11,9661
6796,晉弘,47,0,47,富邦-新店,2023-10-11,9661
2615,萬海,44,1,43,富邦-新店,2023-10-11,9661
00715L,期街口布蘭特正2,66,23,43,富邦-新店,2023-10-11,9661
6556,勝品,42,0,42,富邦-新店,2023-10-11,9661
6189,豐藝,54,14,40,富邦-新店,2023-10-11,9661
1568,倉佑,45,5,40,富邦-新店,2023-10-11,9661
2515,中工,36,0,36,富邦-新店,2023-10-11,9661
2002,中鋼,55,20,35,富邦-新店,2023-10-11,9661
00680L,元大美債20正2,36,1,35,富邦-新店,2023-10-11,9661
2340,台亞,81,48,33,富邦-新店,2023-10-11,9661
2606,裕民,50,17,33,富邦-新店,2023-10-11,9661
1609,大亞,34,2,32,富邦-新店,2023-10-11,9661
5340,建榮,31,0,31,富邦-新店,2023-10-11,9661
2883B,凱基金乙特,30,0,30,富邦-新店,2023-10-11,9661
8034,榮群,70,40,30,富邦-新店,2023-10-11,9661
3024,憶聲,30,1,29,富邦-新店,2023-10-11,9661
6451,訊芯-KY,69,41,28,富邦-新店,2023-10-11,9661
2376,技嘉,92,64,28,富邦-新店,2023-10-11,9661
3715,定穎投控,184,156,28,富邦-新店,2023-10-11,9661
2409,友達,33,6,27,富邦-新店,2023-10-11,9661
6156,松上,75,50,25,富邦-新店,2023-10-11,9661
1402,遠東新,25,1,24,富邦-新店,2023-10-11,9661
2399,映泰,80,56,24,富邦-新店,2023-10-11,9661
2610,華航,63,39,24,富邦-新店,2023-10-11,9661
2105,正新,28,5,23,富邦-新店,2023-10-11,9661
3693,營邦,70,47,23,富邦-新店,2023-10-11,9661
00922,國泰台灣領袖50,53,30,23,富邦-新店,2023-10-11,9661
00708L,期元大S＆P黃金正2,32,10,22,富邦-新店,2023-10-11,9661
1504,東元,27,6,21,富邦-新店,2023-10-11,9661
2356,英業達,79,58,21,富邦-新店,2023-10-11,9661
3078,僑威,27,6,21,富邦-新店,2023-10-11,9661
3217,優群,37,17,20,富邦-新店,2023-10-11,9661
00864B,中信美國公債0-1,20,0,20,富邦-新店,2023-10-11,9661
3325,旭品,140,5,135,富邦-新店,2023-10-12,9661
3093,港建*,120,7,113,富邦-新店,2023-10-12,9661
4552,力達-KY,130,24,106,富邦-新店,2023-10-12,9661
00919,群益台灣精選高息,116,12,104,富邦-新店,2023-10-12,9661
3324,雙鴻,91,2,89,富邦-新店,2023-10-12,9661
6605,帝寶,87,0,87,富邦-新店,2023-10-12,9661
00632R,元大台灣50反1,127,40,87,富邦-新店,2023-10-12,9661
2634,漢翔,77,9,68,富邦-新店,2023-10-12,9661
4526,東台,135,71,64,富邦-新店,2023-10-12,9661
00922,國泰台灣領袖50,69,6,63,富邦-新店,2023-10-12,9661
1104,環泥,51,0,51,富邦-新店,2023-10-12,9661
00715L,期街口布蘭特正2,57,7,50,富邦-新店,2023-10-12,9661
2516,新建,45,0,45,富邦-新店,2023-10-12,9661
6274,台燿,58,13,45,富邦-新店,2023-10-12,9661
00676R,富邦臺灣加權反1,40,0,40,富邦-新店,2023-10-12,9661
1524,耿鼎,71,32,39,富邦-新店,2023-10-12,9661
9933,中鼎,37,0,37,富邦-新店,2023-10-12,9661
3035,智原,59,23,36,富邦-新店,2023-10-12,9661
6216,居易,43,9,34,富邦-新店,2023-10-12,9661
00687B,國泰20年美債,34,1,33,富邦-新店,2023-10-12,9661
3234,光環,40,7,33,富邦-新店,2023-10-12,9661
00720B,元大投資級公司債,91,60,31,富邦-新店,2023-10-12,9661
1301,台塑,34,4,30,富邦-新店,2023-10-12,9661
2883B,凱基金乙特,30,0,30,富邦-新店,2023-10-12,9661
3078,僑威,100,71,29,富邦-新店,2023-10-12,9661
00680L,元大美債20正2,111,82,29,富邦-新店,2023-10-12,9661
2356,英業達,51,22,29,富邦-新店,2023-10-12,9661
00708L,期元大S＆P黃金正2,28,0,28,富邦-新店,2023-10-12,9661
00751B,元大AAA至A公司債,42,16,26,富邦-新店,2023-10-12,9661
2312,金寶,29,3,26,富邦-新店,2023-10-12,9661
5225,東科-KY,70,47,23,富邦-新店,2023-10-12,9661
00690,兆豐藍籌30,23,0,23,富邦-新店,2023-10-12,9661
2303,聯電,45,24,21,富邦-新店,2023-10-12,9661
6288,聯嘉,21,1,20,富邦-新店,2023-10-12,9661
00931B,統一美債20年,22,3,19,富邦-新店,2023-10-12,9661
2421,建準,31,14,17,富邦-新店,2023-10-12,9661
3701,大眾控,17,0,17,富邦-新店,2023-10-12,9661
2542,興富發,18,2,16,富邦-新店,2023-10-12,9661
2412,中華電,16,0,16,富邦-新店,2023-10-12,9661
00642U,期元大S＆P石油,16,0,16,富邦-新店,2023-10-12,9661
2405,輔信,17,1,16,富邦-新店,2023-10-12,9661
00719B,元大美債1-3,15,0,15,富邦-新店,2023-10-12,9661
1210,大成,15,0,15,富邦-新店,2023-10-12,9661
3508,位速,15,0,15,富邦-新店,2023-10-12,9661
2493,揚博,15,0,15,富邦-新店,2023-10-12,9661
6024,群益期,20,5,15,富邦-新店,2023-10-12,9661
3032,偉訓,16,1,15,富邦-新店,2023-10-12,9661
2409,友達,30,16,14,富邦-新店,2023-10-12,9661
00688L,國泰20年美債正2,14,0,14,富邦-新店,2023-10-12,9661
2486,一詮,35,21,14,富邦-新店,2023-10-12,9661
00680L,元大美債20正2,3031,20,3011,富邦-新店,2023-10-13,9661
4526,東台,330,0,330,富邦-新店,2023-10-13,9661
00679B,元大美債20年,268,2,266,富邦-新店,2023-10-13,9661
0056,元大高股息,299,41,258,富邦-新店,2023-10-13,9661
2382,廣達,288,71,217,富邦-新店,2023-10-13,9661
00919,群益台灣精選高息,227,28,199,富邦-新店,2023-10-13,9661
3231,緯創,292,112,180,富邦-新店,2023-10-13,9661
00922,國泰台灣領袖50,153,1,152,富邦-新店,2023-10-13,9661
1524,耿鼎,149,9,140,富邦-新店,2023-10-13,9661
2426,鼎元,173,48,125,富邦-新店,2023-10-13,9661
00878,國泰永續高股息,130,8,122,富邦-新店,2023-10-13,9661
1101,台泥,118,10,108,富邦-新店,2023-10-13,9661
2618,長榮航,102,9,93,富邦-新店,2023-10-13,9661
2527,宏璟,140,50,90,富邦-新店,2023-10-13,9661
2313,華通,98,18,80,富邦-新店,2023-10-13,9661
00931B,統一美債20年,77,7,70,富邦-新店,2023-10-13,9661
2610,華航,75,11,64,富邦-新店,2023-10-13,9661
00696B,富邦美債20年,64,0,64,富邦-新店,2023-10-13,9661
1217,愛之味,59,0,59,富邦-新店,2023-10-13,9661
00637L,元大滬深300正2,58,0,58,富邦-新店,2023-10-13,9661
00720B,元大投資級公司債,189,140,49,富邦-新店,2023-10-13,9661
2801,彰銀,46,0,46,富邦-新店,2023-10-13,9661
4552,力達-KY,59,13,46,富邦-新店,2023-10-13,9661
2637,慧洋-KY,54,11,43,富邦-新店,2023-10-13,9661
2425,承啟,75,34,41,富邦-新店,2023-10-13,9661
2301,光寶科,52,13,39,富邦-新店,2023-10-13,9661
2399,映泰,36,2,34,富邦-新店,2023-10-13,9661
1785,光洋科,35,1,34,富邦-新店,2023-10-13,9661
2493,揚博,33,0,33,富邦-新店,2023-10-13,9661
9938,百和,35,3,32,富邦-新店,2023-10-13,9661
2376,技嘉,64,32,32,富邦-新店,2023-10-13,9661
00751B,元大AAA至A公司債,32,0,32,富邦-新店,2023-10-13,9661
2882,國泰金,32,1,31,富邦-新店,2023-10-13,9661
6285,啟��,61,30,31,富邦-新店,2023-10-13,9661
1104,環泥,30,0,30,富邦-新店,2023-10-13,9661
2408,南亞科,43,14,29,富邦-新店,2023-10-13,9661
2356,英業達,63,34,29,富邦-新店,2023-10-13,9661
5706,鳳凰,58,29,29,富邦-新店,2023-10-13,9661
2615,萬海,39,10,29,富邦-新店,2023-10-13,9661
2486,一詮,33,7,26,富邦-新店,2023-10-13,9661
3715,定穎投控,125,99,26,富邦-新店,2023-10-13,9661
3163,波若威,65,40,25,富邦-新店,2023-10-13,9661
2883,凱基金,29,5,24,富邦-新店,2023-10-13,9661
2344,華邦電,39,15,24,富邦-新店,2023-10-13,9661
3094,聯傑,24,1,23,富邦-新店,2023-10-13,9661
4123,晟德,23,0,23,富邦-新店,2023-10-13,9661
2734,易飛網,30,8,22,富邦-新店,2023-10-13,9661
2880,華南金,22,0,22,富邦-新店,2023-10-13,9661
3701,大眾控,27,5,22,富邦-新店,2023-10-13,9661
1609,大亞,24,2,22,富邦-新店,2023-10-13,9661
2344,華邦電,758,4,754,富邦-新店,2023-10-16,9661
0056,元大高股息,485,14,471,富邦-新店,2023-10-16,9661
1445,大宇,766,347,419,富邦-新店,2023-10-16,9661
00929,復華台灣科技優息,387,1,386,富邦-新店,2023-10-16,9661
2618,長榮航,249,41,208,富邦-新店,2023-10-16,9661
00632R,元大台灣50反1,145,0,145,富邦-新店,2023-10-16,9661
3231,緯創,278,155,123,富邦-新店,2023-10-16,9661
2610,華航,132,9,123,富邦-新店,2023-10-16,9661
00919,群益台灣精選高息,124,20,104,富邦-新店,2023-10-16,9661
2201,裕隆,155,63,92,富邦-新店,2023-10-16,9661
00720B,元大投資級公司債,125,50,75,富邦-新店,2023-10-16,9661
1605,華新,60,8,52,富邦-新店,2023-10-16,9661
8176,智捷,52,0,52,富邦-新店,2023-10-16,9661
6605,帝寶,52,6,46,富邦-新店,2023-10-16,9661
2515,中工,310,267,43,富邦-新店,2023-10-16,9661
00712,復華富時不動產,43,0,43,富邦-新店,2023-10-16,9661
2486,一詮,48,7,41,富邦-新店,2023-10-16,9661
2206,三陽工業,46,6,40,富邦-新店,2023-10-16,9661
3033,威健,40,0,40,富邦-新店,2023-10-16,9661
1104,環泥,39,1,38,富邦-新店,2023-10-16,9661
8088,品安,40,3,37,富邦-新店,2023-10-16,9661
3450,聯鈞,37,1,36,富邦-新店,2023-10-16,9661
00679B,元大美債20年,90,55,35,富邦-新店,2023-10-16,9661
2328,廣宇,33,0,33,富邦-新店,2023-10-16,9661
3005,神基,31,0,31,富邦-新店,2023-10-16,9661
3311,閎暉,30,0,30,富邦-新店,2023-10-16,9661
3481,群創,46,16,30,富邦-新店,2023-10-16,9661
2634,漢翔,33,4,29,富邦-新店,2023-10-16,9661
6197,佳必琪,33,4,29,富邦-新店,2023-10-16,9661
00680L,元大美債20正2,26,1,25,富邦-新店,2023-10-16,9661
5425,台半,25,1,24,富邦-新店,2023-10-16,9661
3293,鈊象,24,1,23,富邦-新店,2023-10-16,9661
00713,元大台灣高息低波,24,1,23,富邦-新店,2023-10-16,9661
2371,大同,23,1,22,富邦-新店,2023-10-16,9661
6770,力積電,55,34,21,富邦-新店,2023-10-16,9661
6024,群益期,21,0,21,富邦-新店,2023-10-16,9661
4566,時碩工業,21,0,21,富邦-新店,2023-10-16,9661
00905,FT臺灣Smart,22,1,21,富邦-新店,2023-10-16,9661
3260,威剛,38,17,21,富邦-新店,2023-10-16,9661
3715,定穎投控,81,60,21,富邦-新店,2023-10-16,9661
6147,頎邦,20,0,20,富邦-新店,2023-10-16,9661
1216,統一,21,1,20,富邦-新店,2023-10-16,9661
6121,新普,20,0,20,富邦-新店,2023-10-16,9661
00850,元大臺灣ESG永續,20,0,20,富邦-新店,2023-10-16,9661
6120,達運,21,1,20,富邦-新店,2023-10-16,9661
5603,陸海,21,1,20,富邦-新店,2023-10-16,9661
2002,中鋼,21,1,20,富邦-新店,2023-10-16,9661
2204,中華,24,5,19,富邦-新店,2023-10-16,9661
00719B,元大美債1-3,19,0,19,富邦-新店,2023-10-16,9661
3032,偉訓,20,2,18,富邦-新店,2023-10-16,9661
0056,元大高股息,487,43,444,富邦-新店,2023-10-17,9661
8054,安國,201,20,181,富邦-新店,2023-10-17,9661
8176,智捷,151,9,142,富邦-新店,2023-10-17,9661
00922,國泰台灣領袖50,141,0,141,富邦-新店,2023-10-17,9661
3231,緯創,295,155,140,富邦-新店,2023-10-17,9661
00878,國泰永續高股息,196,61,135,富邦-新店,2023-10-17,9661
6187,萬潤,129,4,125,富邦-新店,2023-10-17,9661
2618,長榮航,137,32,105,富邦-新店,2023-10-17,9661
00720B,元大投資級公司債,127,26,101,富邦-新店,2023-10-17,9661
00679B,元大美債20年,122,26,96,富邦-新店,2023-10-17,9661
00687B,國泰20年美債,82,0,82,富邦-新店,2023-10-17,9661
4919,新唐,81,1,80,富邦-新店,2023-10-17,9661
00929,復華台灣科技優息,178,98,80,富邦-新店,2023-10-17,9661
2419,仲琦,94,26,68,富邦-新店,2023-10-17,9661
00931B,統一美債20年,53,0,53,富邦-新店,2023-10-17,9661
3276,宇環,106,55,51,富邦-新店,2023-10-17,9661
2610,華航,67,17,50,富邦-新店,2023-10-17,9661
2887,台新金,48,1,47,富邦-新店,2023-10-17,9661
2891,中信金,51,4,47,富邦-新店,2023-10-17,9661
2376,技嘉,71,25,46,富邦-新店,2023-10-17,9661
2498,宏達電,49,6,43,富邦-新店,2023-10-17,9661
2912,統一超,35,0,35,富邦-新店,2023-10-17,9661
00712,復華富時不動產,40,6,34,富邦-新店,2023-10-17,9661
3374,精材,36,4,32,富邦-新店,2023-10-17,9661
2231,為升,30,0,30,富邦-新店,2023-10-17,9661
00722B,群益投資級電信債,30,0,30,富邦-新店,2023-10-17,9661
6274,台燿,32,3,29,富邦-新店,2023-10-17,9661
2356,英業達,73,46,27,富邦-新店,2023-10-17,9661
3622,洋華,27,0,27,富邦-新店,2023-10-17,9661
2637,慧洋-KY,53,26,27,富邦-新店,2023-10-17,9661
3693,營邦,28,2,26,富邦-新店,2023-10-17,9661
2436,偉詮電,46,20,26,富邦-新店,2023-10-17,9661
6150,撼訊,24,0,24,富邦-新店,2023-10-17,9661
1101,台泥,27,4,23,富邦-新店,2023-10-17,9661
00751B,元大AAA至A公司債,23,0,23,富邦-新店,2023-10-17,9661
00725B,國泰投資級公司債,20,0,20,富邦-新店,2023-10-17,9661
6235,華孚,22,2,20,富邦-新店,2023-10-17,9661
00632R,元大台灣50反1,50,30,20,富邦-新店,2023-10-17,9661
2382,廣達,80,60,20,富邦-新店,2023-10-17,9661
3450,聯鈞,34,15,19,富邦-新店,2023-10-17,9661
00680L,元大美債20正2,20,1,19,富邦-新店,2023-10-17,9661
9955,佳龍,31,12,19,富邦-新店,2023-10-17,9661
1609,大亞,20,2,18,富邦-新店,2023-10-17,9661
1303,南亞,18,0,18,富邦-新店,2023-10-17,9661
2353,宏��,20,2,18,富邦-新店,2023-10-17,9661
2449,京元電子,57,40,17,富邦-新店,2023-10-17,9661
2485,兆赫,18,1,17,富邦-新店,2023-10-17,9661
00631L,元大台灣50正2,16,0,16,富邦-新店,2023-10-17,9661
6168,宏齊,114,98,16,富邦-新店,2023-10-17,9661
3036,文曄,31,15,16,富邦-新店,2023-10-17,9661
0056,元大高股息,656,53,603,富邦-新店,2023-10-18,9661
00929,復華台灣科技優息,436,39,397,富邦-新店,2023-10-18,9661
00878,國泰永續高股息,410,40,370,富邦-新店,2023-10-18,9661
00919,群益台灣精選高息,289,5,284,富邦-新店,2023-10-18,9661
00922,國泰台灣領袖50,278,6,272,富邦-新店,2023-10-18,9661
2363,矽統,278,151,127,富邦-新店,2023-10-18,9661
1101,台泥,122,25,97,富邦-新店,2023-10-18,9661
2369,菱生,330,247,83,富邦-新店,2023-10-18,9661
2820,華票,70,0,70,富邦-新店,2023-10-18,9661
00632R,元大台灣50反1,80,13,67,富邦-新店,2023-10-18,9661
6257,矽格,68,12,56,富邦-新店,2023-10-18,9661
00720B,元大投資級公司債,55,0,55,富邦-新店,2023-10-18,9661
2618,長榮航,114,60,54,富邦-新店,2023-10-18,9661
2382,廣達,150,97,53,富邦-新店,2023-10-18,9661
2344,華邦電,63,13,50,富邦-新店,2023-10-18,9661
2388,威盛,199,150,49,富邦-新店,2023-10-18,9661
00751B,元大AAA至A公司債,45,0,45,富邦-新店,2023-10-18,9661
2399,映泰,44,0,44,富邦-新店,2023-10-18,9661
3706,神達,51,11,40,富邦-新店,2023-10-18,9661
2206,三陽工業,46,6,40,富邦-新店,2023-10-18,9661
6116,彩晶,37,0,37,富邦-新店,2023-10-18,9661
00687B,國泰20年美債,37,0,37,富邦-新店,2023-10-18,9661
00900,富邦特選高股息30,46,14,32,富邦-新店,2023-10-18,9661
2637,慧洋-KY,53,21,32,富邦-新店,2023-10-18,9661
2201,裕隆,79,48,31,富邦-新店,2023-10-18,9661
2465,麗臺,32,2,30,富邦-新店,2023-10-18,9661
1102,亞泥,28,0,28,富邦-新店,2023-10-18,9661
5351,鈺創,97,69,28,富邦-新店,2023-10-18,9661
2883,凱基金,43,15,28,富邦-新店,2023-10-18,9661
6213,聯茂,35,8,27,富邦-新店,2023-10-18,9661
8112,至上,29,4,25,富邦-新店,2023-10-18,9661
1504,東元,36,12,24,富邦-新店,2023-10-18,9661
00932,兆豐永續高息等權,24,0,24,富邦-新店,2023-10-18,9661
3704,合勤控,32,8,24,富邦-新店,2023-10-18,9661
1524,耿鼎,28,4,24,富邦-新店,2023-10-18,9661
8088,品安,24,1,23,富邦-新店,2023-10-18,9661
1815,富喬,111,89,22,富邦-新店,2023-10-18,9661
8222,寶一,27,5,22,富邦-新店,2023-10-18,9661
3715,定穎投控,99,77,22,富邦-新店,2023-10-18,9661
2888,新光金,34,13,21,富邦-新店,2023-10-18,9661
2610,華航,28,8,20,富邦-新店,2023-10-18,9661
2816,旺旺保,21,1,20,富邦-新店,2023-10-18,9661
6134,萬旭,20,0,20,富邦-新店,2023-10-18,9661
2834,臺企銀,23,4,19,富邦-新店,2023-10-18,9661
2329,華泰,21,2,19,富邦-新店,2023-10-18,9661
2233,宇隆,23,4,19,富邦-新店,2023-10-18,9661
2308,台達電,19,0,19,富邦-新店,2023-10-18,9661
0050,元大台灣50,18,0,18,富邦-新店,2023-10-18,9661
6202,盛群,19,1,18,富邦-新店,2023-10-18,9661
3019,亞光,18,0,18,富邦-新店,2023-10-18,9661
0056,元大高股息,408,24,384,富邦-新店,2023-10-19,9661
00929,復華台灣科技優息,187,7,180,富邦-新店,2023-10-19,9661
1524,耿鼎,255,84,171,富邦-新店,2023-10-19,9661
00637L,元大滬深300正2,175,13,162,富邦-新店,2023-10-19,9661
00933B,國泰10Y+金融債,391,249,142,富邦-新店,2023-10-19,9661
00720B,元大投資級公司債,221,80,141,富邦-新店,2023-10-19,9661
8176,智捷,123,17,106,富邦-新店,2023-10-19,9661
1101,台泥,107,6,101,富邦-新店,2023-10-19,9661
00751B,元大AAA至A公司債,96,0,96,富邦-新店,2023-10-19,9661
00931B,統一美債20年,95,0,95,富邦-新店,2023-10-19,9661
4306,炎洲,88,2,86,富邦-新店,2023-10-19,9661
2317,鴻海,86,2,84,富邦-新店,2023-10-19,9661
2014,中鴻,81,5,76,富邦-新店,2023-10-19,9661
2363,矽統,199,130,69,富邦-新店,2023-10-19,9661
00680L,元大美債20正2,81,14,67,富邦-新店,2023-10-19,9661
00687B,國泰20年美債,69,3,66,富邦-新店,2023-10-19,9661
00712,復華富時不動產,65,0,65,富邦-新店,2023-10-19,9661
00632R,元大台灣50反1,105,40,65,富邦-新店,2023-10-19,9661
00919,群益台灣精選高息,64,3,61,富邦-新店,2023-10-19,9661
00679B,元大美債20年,70,10,60,富邦-新店,2023-10-19,9661
6176,瑞儀,58,0,58,富邦-新店,2023-10-19,9661
00753L,中信中國50正2,59,10,49,富邦-新店,2023-10-19,9661
00633L,富邦上証正2,54,6,48,富邦-新店,2023-10-19,9661
00878,國泰永續高股息,200,159,41,富邦-新店,2023-10-19,9661
6806,森崴能源,41,1,40,富邦-新店,2023-10-19,9661
00634R,富邦上証反1,40,0,40,富邦-新店,2023-10-19,9661
2356,英業達,68,29,39,富邦-新店,2023-10-19,9661
4960,誠美材,57,18,39,富邦-新店,2023-10-19,9661
2353,宏��,39,1,38,富邦-新店,2023-10-19,9661
00893,國泰智能電動車,43,6,37,富邦-新店,2023-10-19,9661
2634,漢翔,39,2,37,富邦-新店,2023-10-19,9661
3231,緯創,160,127,33,富邦-新店,2023-10-19,9661
2888,新光金,65,33,32,富邦-新店,2023-10-19,9661
2820,華票,71,39,32,富邦-新店,2023-10-19,9661
00885,富邦越南,35,3,32,富邦-新店,2023-10-19,9661
3041,揚智,76,45,31,富邦-新店,2023-10-19,9661
1504,東元,35,5,30,富邦-新店,2023-10-19,9661
2404,漢唐,30,0,30,富邦-新店,2023-10-19,9661
2610,華航,40,10,30,富邦-新店,2023-10-19,9661
2002,中鋼,54,26,28,富邦-新店,2023-10-19,9661
2816,旺旺保,144,116,28,富邦-新店,2023-10-19,9661
3035,智原,65,38,27,富邦-新店,2023-10-19,9661
00772B,中信高評級公司債,27,0,27,富邦-新店,2023-10-19,9661
1305,華夏,25,0,25,富邦-新店,2023-10-19,9661
00922,國泰台灣領袖50,27,3,24,富邦-新店,2023-10-19,9661
00725B,國泰投資級公司債,24,0,24,富邦-新店,2023-10-19,9661
5225,東科-KY,29,7,22,富邦-新店,2023-10-19,9661
8028,昇陽半導體,21,0,21,富邦-新店,2023-10-19,9661
00882,中信中國高股息,20,0,20,富邦-新店,2023-10-19,9661
6129,普誠,50,30,20,富邦-新店,2023-10-19,9661
00680L,元大美債20正2,4012,13,3999,富邦-新店,2023-10-20,9661
00712,復華富時不動產,222,1,221,富邦-新店,2023-10-20,9661
00929,復華台灣科技優息,359,185,174,富邦-新店,2023-10-20,9661
00715L,期街口布蘭特正2,201,57,144,富邦-新店,2023-10-20,9661
00878,國泰永續高股息,308,172,136,富邦-新店,2023-10-20,9661
3050,鈺德,105,1,104,富邦-新店,2023-10-20,9661
6568,宏觀,96,7,89,富邦-新店,2023-10-20,9661
00919,群益台灣精選高息,93,6,87,富邦-新店,2023-10-20,9661
2606,裕民,129,45,84,富邦-新店,2023-10-20,9661
2637,慧洋-KY,93,22,71,富邦-新店,2023-10-20,9661
2891,中信金,82,13,69,富邦-新店,2023-10-20,9661
2888,新光金,85,22,63,富邦-新店,2023-10-20,9661
2881,富邦金,86,24,62,富邦-新店,2023-10-20,9661
00751B,元大AAA至A公司債,60,0,60,富邦-新店,2023-10-20,9661
6235,華孚,73,21,52,富邦-新店,2023-10-20,9661
6274,台燿,63,14,49,富邦-新店,2023-10-20,9661
2515,中工,59,11,48,富邦-新店,2023-10-20,9661
2369,菱生,183,136,47,富邦-新店,2023-10-20,9661
4960,誠美材,76,30,46,富邦-新店,2023-10-20,9661
2618,長榮航,60,14,46,富邦-新店,2023-10-20,9661
6770,力積電,64,18,46,富邦-新店,2023-10-20,9661
00720B,元大投資級公司債,45,0,45,富邦-新店,2023-10-20,9661
5483,中美晶,49,5,44,富邦-新店,2023-10-20,9661
3481,群創,69,25,44,富邦-新店,2023-10-20,9661
00885,富邦越南,44,3,41,富邦-新店,2023-10-20,9661
2885,元大金,43,3,40,富邦-新店,2023-10-20,9661
00756B,群益投等新興公債,39,0,39,富邦-新店,2023-10-20,9661
2886,兆豐金,38,0,38,富邦-新店,2023-10-20,9661
2002,中鋼,52,14,38,富邦-新店,2023-10-20,9661
3006,晶豪科,79,42,37,富邦-新店,2023-10-20,9661
00931B,統一美債20年,52,15,37,富邦-新店,2023-10-20,9661
2883,凱基金,49,14,35,富邦-新店,2023-10-20,9661
00922,國泰台灣領袖50,37,2,35,富邦-新店,2023-10-20,9661
4743,合一,41,7,34,富邦-新店,2023-10-20,9661
00772B,中信高評級公司債,38,5,33,富邦-新店,2023-10-20,9661
4157,太景*-KY,33,0,33,富邦-新店,2023-10-20,9661
00642U,期元大S＆P石油,34,1,33,富邦-新店,2023-10-20,9661
00635U,期元大S＆P黃金,35,2,33,富邦-新店,2023-10-20,9661
00687B,國泰20年美債,34,2,32,富邦-新店,2023-10-20,9661
9958,世紀鋼,33,2,31,富邦-新店,2023-10-20,9661
2201,裕隆,60,29,31,富邦-新店,2023-10-20,9661
1524,耿鼎,99,68,31,富邦-新店,2023-10-20,9661
2382,廣達,170,140,30,富邦-新店,2023-10-20,9661
2883B,凱基金乙特,30,0,30,富邦-新店,2023-10-20,9661
3005,神基,31,1,30,富邦-新店,2023-10-20,9661
2880,華南金,34,5,29,富邦-新店,2023-10-20,9661
5225,東科-KY,29,0,29,富邦-新店,2023-10-20,9661
2610,華航,52,24,28,富邦-新店,2023-10-20,9661
2308,台達電,29,2,27,富邦-新店,2023-10-20,9661
2344,華邦電,25,0,25,富邦-新店,2023-10-20,9661
00680L,元大美債20正2,3008,4,3004,富邦-新店,2023-10-23,9661
00929,復華台灣科技優息,497,4,493,富邦-新店,2023-10-23,9661
00919,群益台灣精選高息,156,0,156,富邦-新店,2023-10-23,9661
00712,復華富時不動產,153,0,153,富邦-新店,2023-10-23,9661
00878,國泰永續高股息,221,73,148,富邦-新店,2023-10-23,9661
2401,凌陽,153,31,122,富邦-新店,2023-10-23,9661
00772B,中信高評級公司債,116,0,116,富邦-新店,2023-10-23,9661
2317,鴻海,168,63,105,富邦-新店,2023-10-23,9661
6770,力積電,103,5,98,富邦-新店,2023-10-23,9661
00679B,元大美債20年,102,5,97,富邦-新店,2023-10-23,9661
6244,茂迪,114,19,95,富邦-新店,2023-10-23,9661
1721,三晃,86,0,86,富邦-新店,2023-10-23,9661
8176,智捷,108,23,85,富邦-新店,2023-10-23,9661
0056,元大高股息,139,55,84,富邦-新店,2023-10-23,9661
00751B,元大AAA至A公司債,73,0,73,富邦-新店,2023-10-23,9661
1711,永光,83,14,69,富邦-新店,2023-10-23,9661
00632R,元大台灣50反1,250,184,66,富邦-新店,2023-10-23,9661
1785,光洋科,196,133,63,富邦-新店,2023-10-23,9661
00687B,國泰20年美債,64,4,60,富邦-新店,2023-10-23,9661
00720B,元大投資級公司債,59,0,59,富邦-新店,2023-10-23,9661
2891,中信金,74,20,54,富邦-新店,2023-10-23,9661
00637L,元大滬深300正2,59,11,48,富邦-新店,2023-10-23,9661
2363,矽統,104,60,44,富邦-新店,2023-10-23,9661
2883,凱基金,44,2,42,富邦-新店,2023-10-23,9661
1723,中碳,52,10,42,富邦-新店,2023-10-23,9661
6568,宏觀,43,2,41,富邦-新店,2023-10-23,9661
2002,中鋼,40,1,39,富邦-新店,2023-10-23,9661
2885,元大金,35,0,35,富邦-新店,2023-10-23,9661
2402,毅嘉,54,21,33,富邦-新店,2023-10-23,9661
2641,正德,32,0,32,富邦-新店,2023-10-23,9661
8024,佑華,34,4,30,富邦-新店,2023-10-23,9661
3481,群創,42,14,28,富邦-新店,2023-10-23,9661
6113,亞矽,57,29,28,富邦-新店,2023-10-23,9661
1303,南亞,27,0,27,富邦-新店,2023-10-23,9661
2449,京元電子,42,15,27,富邦-新店,2023-10-23,9661
2609,陽明,32,6,26,富邦-新店,2023-10-23,9661
8069,元太,47,21,26,富邦-新店,2023-10-23,9661
2409,友達,25,0,25,富邦-新店,2023-10-23,9661
3264,欣銓,37,12,25,富邦-新店,2023-10-23,9661
2330,台積電,45,21,24,富邦-新店,2023-10-23,9661
3050,鈺德,23,0,23,富邦-新店,2023-10-23,9661
2888,新光金,35,13,22,富邦-新店,2023-10-23,9661
2344,華邦電,22,0,22,富邦-新店,2023-10-23,9661
3672,康聯訊,22,0,22,富邦-新店,2023-10-23,9661
2342,茂矽,22,0,22,富邦-新店,2023-10-23,9661
8354,冠好,21,0,21,富邦-新店,2023-10-23,9661
2816,旺旺保,32,11,21,富邦-新店,2023-10-23,9661
2516,新建,20,0,20,富邦-新店,2023-10-23,9661
4967,十銓,26,6,20,富邦-新店,2023-10-23,9661
00923,群益台ESG低碳50,18,0,18,富邦-新店,2023-10-23,9661
00795B,中信美國公債20年,212,1,211,富邦-新店,2023-10-24,9661
2317,鴻海,295,117,178,富邦-新店,2023-10-24,9661
00712,復華富時不動產,178,1,177,富邦-新店,2023-10-24,9661
6147,頎邦,157,0,157,富邦-新店,2023-10-24,9661
00929,復華台灣科技優息,154,15,139,富邦-新店,2023-10-24,9661
2520,冠德,100,0,100,富邦-新店,2023-10-24,9661
5381,合正,100,0,100,富邦-新店,2023-10-24,9661
00632R,元大台灣50反1,100,17,83,富邦-新店,2023-10-24,9661
2618,長榮航,104,22,82,富邦-新店,2023-10-24,9661
3231,緯創,254,193,61,富邦-新店,2023-10-24,9661
6113,亞矽,68,8,60,富邦-新店,2023-10-24,9661
2887,台新金,59,0,59,富邦-新店,2023-10-24,9661
00932,兆豐永續高息等權,88,31,57,富邦-新店,2023-10-24,9661
00878,國泰永續高股息,86,31,55,富邦-新店,2023-10-24,9661
9105,泰金寶-DR,59,5,54,富邦-新店,2023-10-24,9661
4944,兆遠,54,3,51,富邦-新店,2023-10-24,9661
2002,中鋼,55,7,48,富邦-新店,2023-10-24,9661
2399,映泰,93,47,46,富邦-新店,2023-10-24,9661
5880,合庫金,46,0,46,富邦-新店,2023-10-24,9661
00922,國泰台灣領袖50,45,0,45,富邦-新店,2023-10-24,9661
1711,永光,48,4,44,富邦-新店,2023-10-24,9661
2880,華南金,43,0,43,富邦-新店,2023-10-24,9661
3701,大眾控,45,5,40,富邦-新店,2023-10-24,9661
6568,宏觀,39,0,39,富邦-新店,2023-10-24,9661
1785,光洋科,52,14,38,富邦-新店,2023-10-24,9661
3051,力特,85,47,38,富邦-新店,2023-10-24,9661
00772B,中信高評級公司債,42,5,37,富邦-新店,2023-10-24,9661
6197,佳必琪,84,47,37,富邦-新店,2023-10-24,9661
0056,元大高股息,94,59,35,富邦-新店,2023-10-24,9661
1618,合機,43,8,35,富邦-新店,2023-10-24,9661
2233,宇隆,34,3,31,富邦-新店,2023-10-24,9661
2891,中信金,32,2,30,富邦-新店,2023-10-24,9661
00903,富邦元宇宙,30,0,30,富邦-新店,2023-10-24,9661
4306,炎洲,30,3,27,富邦-新店,2023-10-24,9661
2801,彰銀,30,3,27,富邦-新店,2023-10-24,9661
2834,臺企銀,28,1,27,富邦-新店,2023-10-24,9661
2303,聯電,101,74,27,富邦-新店,2023-10-24,9661
2883,凱基金,41,16,25,富邦-新店,2023-10-24,9661
0050,元大台灣50,27,3,24,富邦-新店,2023-10-24,9661
6150,撼訊,148,123,25,富邦-新店,2023-10-24,9661
1101,台泥,27,3,24,富邦-新店,2023-10-24,9661
6244,茂迪,38,15,23,富邦-新店,2023-10-24,9661
1301,台塑,25,2,23,富邦-新店,2023-10-24,9661
1303,南亞,23,0,23,富邦-新店,2023-10-24,9661
00687B,國泰20年美債,27,4,23,富邦-新店,2023-10-24,9661
2892,第一金,23,1,22,富邦-新店,2023-10-24,9661
1304,台聚,22,0,22,富邦-新店,2023-10-24,9661
2885,元大金,25,3,22,富邦-新店,2023-10-24,9661
3372,典範,111,89,22,富邦-新店,2023-10-24,9661
00679B,元大美債20年,31,9,22,富邦-新店,2023-10-24,9661
8215,明基材,486,283,203,富邦-新店,2023-10-25,9661
8176,智捷,154,9,145,富邦-新店,2023-10-25,9661
1721,三晃,143,8,135,富邦-新店,2023-10-25,9661
00712,復華富時不動產,116,4,112,富邦-新店,2023-10-25,9661
00751B,元大AAA至A公司債,88,0,88,富邦-新店,2023-10-25,9661
00878,國泰永續高股息,93,15,78,富邦-新店,2023-10-25,9661
00919,群益台灣精選高息,88,11,77,富邦-新店,2023-10-25,9661
2317,鴻海,83,30,53,富邦-新店,2023-10-25,9661
2882,國泰金,56,3,53,富邦-新店,2023-10-25,9661
00679B,元大美債20年,54,2,52,富邦-新店,2023-10-25,9661
2356,英業達,64,16,48,富邦-新店,2023-10-25,9661
2891,中信金,62,21,41,富邦-新店,2023-10-25,9661
1815,富喬,56,17,39,富邦-新店,2023-10-25,9661
3228,金麗科,40,1,39,富邦-新店,2023-10-25,9661
2002,中鋼,70,31,39,富邦-新店,2023-10-25,9661
00753L,中信中國50正2,47,9,38,富邦-新店,2023-10-25,9661
00900,富邦特選高股息30,44,10,34,富邦-新店,2023-10-25,9661
8150,南茂,39,5,34,富邦-新店,2023-10-25,9661
00885,富邦越南,42,9,33,富邦-新店,2023-10-25,9661
00637L,元大滬深300正2,120,88,32,富邦-新店,2023-10-25,9661
2886,兆豐金,40,8,32,富邦-新店,2023-10-25,9661
4306,炎洲,31,0,31,富邦-新店,2023-10-25,9661
00897,富邦基因免疫生技,51,20,31,富邦-新店,2023-10-25,9661
1609,大亞,34,3,31,富邦-新店,2023-10-25,9661
6285,啟��,43,13,30,富邦-新店,2023-10-25,9661
3025,星通,65,35,30,富邦-新店,2023-10-25,9661
2337,旺宏,115,86,29,富邦-新店,2023-10-25,9661
3005,神基,30,3,27,富邦-新店,2023-10-25,9661
6257,矽格,37,10,27,富邦-新店,2023-10-25,9661
6122,擎邦,25,0,25,富邦-新店,2023-10-25,9661
4552,力達-KY,24,0,24,富邦-新店,2023-10-25,9661
1519,華城,41,19,22,富邦-新店,2023-10-25,9661
3588,通嘉,27,5,22,富邦-新店,2023-10-25,9661
6235,華孚,22,1,21,富邦-新店,2023-10-25,9661
6451,訊芯-KY,27,7,20,富邦-新店,2023-10-25,9661
6194,育富,20,0,20,富邦-新店,2023-10-25,9661
9105,泰金寶-DR,50,30,20,富邦-新店,2023-10-25,9661
4944,兆遠,23,4,19,富邦-新店,2023-10-25,9661
0056,元大高股息,62,43,19,富邦-新店,2023-10-25,9661
9958,世紀鋼,19,1,18,富邦-新店,2023-10-25,9661
8048,德勝,38,20,18,富邦-新店,2023-10-25,9661
3189,景碩,18,0,18,富邦-新店,2023-10-25,9661
2324,仁寶,19,1,18,富邦-新店,2023-10-25,9661
3535,晶彩科,25,7,18,富邦-新店,2023-10-25,9661
5425,台半,31,14,17,富邦-新店,2023-10-25,9661
00902,中信電池及儲能,17,0,17,富邦-新店,2023-10-25,9661
3013,晟銘電,125,108,17,富邦-新店,2023-10-25,9661
6605,帝寶,17,0,17,富邦-新店,2023-10-25,9661
5880,合庫金,17,1,16,富邦-新店,2023-10-25,9661
3325,旭品,42,26,16,富邦-新店,2023-10-25,9661
00680L,元大美債20正2,414,0,414,富邦-新店,2023-10-26,9661
00929,復華台灣科技優息,548,136,412,富邦-新店,2023-10-26,9661
0056,元大高股息,229,37,192,富邦-新店,2023-10-26,9661
00715L,期街口布蘭特正2,202,18,184,富邦-新店,2023-10-26,9661
00919,群益台灣精選高息,180,13,167,富邦-新店,2023-10-26,9661
00712,復華富時不動產,161,0,161,富邦-新店,2023-10-26,9661
2303,聯電,167,34,133,富邦-新店,2023-10-26,9661
00878,國泰永續高股息,181,70,111,富邦-新店,2023-10-26,9661
2891,中信金,103,4,99,富邦-新店,2023-10-26,9661
4526,東台,273,174,99,富邦-新店,2023-10-26,9661
00922,國泰台灣領袖50,88,0,88,富邦-新店,2023-10-26,9661
2883,凱基金,90,3,87,富邦-新店,2023-10-26,9661
00687B,國泰20年美債,81,0,81,富邦-新店,2023-10-26,9661
2344,華邦電,90,12,78,富邦-新店,2023-10-26,9661
00632R,元大台灣50反1,252,194,58,富邦-新店,2023-10-26,9661
00885,富邦越南,74,17,57,富邦-新店,2023-10-26,9661
0050,元大台灣50,55,0,55,富邦-新店,2023-10-26,9661
2845,遠東銀,50,0,50,富邦-新店,2023-10-26,9661
3704,合勤控,84,38,46,富邦-新店,2023-10-26,9661
00751B,元大AAA至A公司債,50,10,40,富邦-新店,2023-10-26,9661
00679B,元大美債20年,40,0,40,富邦-新店,2023-10-26,9661
2317,鴻海,49,12,37,富邦-新店,2023-10-26,9661
6143,振曜,62,26,36,富邦-新店,2023-10-26,9661
2059,川湖,37,1,36,富邦-新店,2023-10-26,9661
2369,菱生,37,3,34,富邦-新店,2023-10-26,9661
00927,群益半導體收益,32,0,32,富邦-新店,2023-10-26,9661
6182,合晶,35,3,32,富邦-新店,2023-10-26,9661
3481,群創,47,16,31,富邦-新店,2023-10-26,9661
5533,皇鼎,31,0,31,富邦-新店,2023-10-26,9661
00631L,元大台灣50正2,31,1,30,富邦-新店,2023-10-26,9661
4552,力達-KY,44,14,30,富邦-新店,2023-10-26,9661
1524,耿鼎,186,157,29,富邦-新店,2023-10-26,9661
2610,華航,42,13,29,富邦-新店,2023-10-26,9661
2330,台積電,59,30,29,富邦-新店,2023-10-26,9661
8033,雷虎,28,1,27,富邦-新店,2023-10-26,9661
5880,合庫金,27,1,26,富邦-新店,2023-10-26,9661
8358,金居,36,10,26,富邦-新店,2023-10-26,9661
9105,泰金寶-DR,26,1,25,富邦-新店,2023-10-26,9661
3006,晶豪科,29,5,24,富邦-新店,2023-10-26,9661
2408,南亞科,24,0,24,富邦-新店,2023-10-26,9661
00830,國泰費城半導體,22,0,22,富邦-新店,2023-10-26,9661
00902,中信電池及儲能,41,19,22,富邦-新店,2023-10-26,9661
3533,嘉澤,21,0,21,富邦-新店,2023-10-26,9661
006208,富邦台50,21,0,21,富邦-新店,2023-10-26,9661
2888,新光金,21,0,21,富邦-新店,2023-10-26,9661
2884,玉山金,20,0,20,富邦-新店,2023-10-26,9661
8088,品安,20,0,20,富邦-新店,2023-10-26,9661
3715,定穎投控,60,40,20,富邦-新店,2023-10-26,9661
2368,金像電,26,6,20,富邦-新店,2023-10-26,9661
5347,世界,20,0,20,富邦-新店,2023-10-26,9661
2883,凱基金,524,1,523,富邦-新店,2023-10-27,9661
00632R,元大台灣50反1,205,10,195,富邦-新店,2023-10-27,9661
6126,信音,116,6,110,富邦-新店,2023-10-27,9661
9105,泰金寶-DR,102,5,97,富邦-新店,2023-10-27,9661
00929,復華台灣科技優息,156,62,94,富邦-新店,2023-10-27,9661
00751B,元大AAA至A公司債,63,1,62,富邦-新店,2023-10-27,9661
00757,統一FANG+,61,0,61,富邦-新店,2023-10-27,9661
00919,群益台灣精選高息,60,0,60,富邦-新店,2023-10-27,9661
00885,富邦越南,168,113,55,富邦-新店,2023-10-27,9661
00712,復華富時不動產,104,50,54,富邦-新店,2023-10-27,9661
00895,富邦未來車,53,2,51,富邦-新店,2023-10-27,9661
2317,鴻海,58,8,50,富邦-新店,2023-10-27,9661
2890,永豐金,52,3,49,富邦-新店,2023-10-27,9661
2330,台積電,48,5,43,富邦-新店,2023-10-27,9661
6122,擎邦,40,5,35,富邦-新店,2023-10-27,9661
00687B,國泰20年美債,35,1,34,富邦-新店,2023-10-27,9661
2485,兆赫,32,2,30,富邦-新店,2023-10-27,9661
2201,裕隆,44,15,29,富邦-新店,2023-10-27,9661
6237,驊訊,48,20,28,富邦-新店,2023-10-27,9661
6451,訊芯-KY,31,4,27,富邦-新店,2023-10-27,9661
2427,三商電,27,1,26,富邦-新店,2023-10-27,9661
6901,鑽石投資,31,5,26,富邦-新店,2023-10-27,9661
4743,合一,44,18,26,富邦-新店,2023-10-27,9661
3715,定穎投控,98,73,25,富邦-新店,2023-10-27,9661
2002,中鋼,27,6,21,富邦-新店,2023-10-27,9661
3548,兆利,28,7,21,富邦-新店,2023-10-27,9661
2399,映泰,32,11,21,富邦-新店,2023-10-27,9661
3029,零壹,31,10,21,富邦-新店,2023-10-27,9661
3450,聯鈞,40,19,21,富邦-新店,2023-10-27,9661
0050,元大台灣50,24,3,21,富邦-新店,2023-10-27,9661
2855,統一證,20,0,20,富邦-新店,2023-10-27,9661
00900,富邦特選高股息30,20,0,20,富邦-新店,2023-10-27,9661
2425,承啟,29,9,20,富邦-新店,2023-10-27,9661
2344,華邦電,22,2,20,富邦-新店,2023-10-27,9661
4306,炎洲,20,0,20,富邦-新店,2023-10-27,9661
2419,仲琦,45,26,19,富邦-新店,2023-10-27,9661
5272,笙科,37,20,17,富邦-新店,2023-10-27,9661
6442,光聖,83,67,16,富邦-新店,2023-10-27,9661
4968,立積,36,20,16,富邦-新店,2023-10-27,9661
2329,華泰,23,8,15,富邦-新店,2023-10-27,9661
2303,聯電,62,47,15,富邦-新店,2023-10-27,9661
8358,金居,20,5,15,富邦-新店,2023-10-27,9661
00679B,元大美債20年,50,35,15,富邦-新店,2023-10-27,9661
2337,旺宏,16,2,14,富邦-新店,2023-10-27,9661
3227,原相,15,1,14,富邦-新店,2023-10-27,9661
3325,旭品,22,8,14,富邦-新店,2023-10-27,9661
00733,富邦臺灣中小,14,0,14,富邦-新店,2023-10-27,9661
3078,僑威,42,28,14,富邦-新店,2023-10-27,9661
2402,毅嘉,16,3,13,富邦-新店,2023-10-27,9661
1301,台塑,13,0,13,富邦-新店,2023-10-27,9661
4973,廣穎,759,63,696,富邦-新店,2023-10-30,9661
2313,華通,242,13,229,富邦-新店,2023-10-30,9661
00878,國泰永續高股息,114,8,106,富邦-新店,2023-10-30,9661
00929,復華台灣科技優息,101,16,85,富邦-新店,2023-10-30,9661
2888,新光金,82,1,81,富邦-新店,2023-10-30,9661
8076,伍豐,79,0,79,富邦-新店,2023-10-30,9661
2618,長榮航,75,1,74,富邦-新店,2023-10-30,9661
2891,中信金,62,0,62,富邦-新店,2023-10-30,9661
1795,美時,70,11,59,富邦-新店,2023-10-30,9661
00712,復華富時不動產,110,54,56,富邦-新店,2023-10-30,9661
2845,遠東銀,50,0,50,富邦-新店,2023-10-30,9661
2883,凱基金,50,1,49,富邦-新店,2023-10-30,9661
00885,富邦越南,88,42,46,富邦-新店,2023-10-30,9661
00679B,元大美債20年,44,0,44,富邦-新店,2023-10-30,9661
00772B,中信高評級公司債,37,0,37,富邦-新店,2023-10-30,9661
6116,彩晶,35,1,34,富邦-新店,2023-10-30,9661
2427,三商電,40,6,34,富邦-新店,2023-10-30,9661
2887,台新金,32,0,32,富邦-新店,2023-10-30,9661
00751B,元大AAA至A公司債,32,0,32,富邦-新店,2023-10-30,9661
6117,迎廣,78,46,32,富邦-新店,2023-10-30,9661
2801,彰銀,32,1,31,富邦-新店,2023-10-30,9661
2883B,凱基金乙特,30,0,30,富邦-新店,2023-10-30,9661
2390,云辰,92,62,30,富邦-新店,2023-10-30,9661
00922,國泰台灣領袖50,31,2,29,富邦-新店,2023-10-30,9661
4960,誠美材,47,18,29,富邦-新店,2023-10-30,9661
6182,合晶,27,0,27,富邦-新店,2023-10-30,9661
8088,品安,65,38,27,富邦-新店,2023-10-30,9661
6150,撼訊,25,0,25,富邦-新店,2023-10-30,9661
3231,緯創,116,92,24,富邦-新店,2023-10-30,9661
8086,宏捷科,46,22,24,富邦-新店,2023-10-30,9661
2408,南亞科,24,0,24,富邦-新店,2023-10-30,9661
2885,元大金,24,1,23,富邦-新店,2023-10-30,9661
2303,聯電,26,2,24,富邦-新店,2023-10-30,9661
3037,欣興,24,3,21,富邦-新店,2023-10-30,9661
2337,旺宏,42,21,21,富邦-新店,2023-10-30,9661
3325,旭品,30,9,21,富邦-新店,2023-10-30,9661
8933,愛地雅,20,0,20,富邦-新店,2023-10-30,9661
6122,擎邦,21,1,20,富邦-新店,2023-10-30,9661
00687B,國泰20年美債,19,0,19,富邦-新店,2023-10-30,9661
1303,南亞,24,6,18,富邦-新店,2023-10-30,9661
6285,啟��,23,5,18,富邦-新店,2023-10-30,9661
5302,太欣,18,0,18,富邦-新店,2023-10-30,9661
2462,良得電,19,1,18,富邦-新店,2023-10-30,9661
2201,裕隆,20,2,18,富邦-新店,2023-10-30,9661
4162,智擎,32,14,18,富邦-新店,2023-10-30,9661
8054,安國,114,97,17,富邦-新店,2023-10-30,9661
9105,泰金寶-DR,22,5,17,富邦-新店,2023-10-30,9661
1326,台化,18,1,17,富邦-新店,2023-10-30,9661
2402,毅嘉,17,0,17,富邦-新店,2023-10-30,9661
006208,富邦台50,17,1,16,富邦-新店,2023-10-30,9661
00878,國泰永續高股息,218,15,203,富邦-新店,2023-10-31,9661
0056,元大高股息,194,16,178,富邦-新店,2023-10-31,9661
3050,鈺德,127,0,127,富邦-新店,2023-10-31,9661
00919,群益台灣精選高息,123,14,109,富邦-新店,2023-10-31,9661
2515,中工,115,11,104,富邦-新店,2023-10-31,9661
2887,台新金,72,0,72,富邦-新店,2023-10-31,9661
2382,廣達,139,74,65,富邦-新店,2023-10-31,9661
00715L,期街口布蘭特正2,67,5,62,富邦-新店,2023-10-31,9661
2884,玉山金,65,6,59,富邦-新店,2023-10-31,9661
1524,耿鼎,119,60,59,富邦-新店,2023-10-31,9661
00885,富邦越南,59,4,55,富邦-新店,2023-10-31,9661
2727,王品,57,2,55,富邦-新店,2023-10-31,9661
2888,新光金,53,3,50,富邦-新店,2023-10-31,9661
2845,遠東銀,50,0,50,富邦-新店,2023-10-31,9661
2618,長榮航,189,143,46,富邦-新店,2023-10-31,9661
2344,華邦電,55,10,45,富邦-新店,2023-10-31,9661
1815,富喬,72,28,44,富邦-新店,2023-10-31,9661
2637,慧洋-KY,43,2,41,富邦-新店,2023-10-31,9661
3025,星通,57,16,41,富邦-新店,2023-10-31,9661
3268,海德威,47,8,39,富邦-新店,2023-10-31,9661
2891,中信金,43,6,37,富邦-新店,2023-10-31,9661
6191,精成科,63,26,37,富邦-新店,2023-10-31,9661
3481,群創,57,21,36,富邦-新店,2023-10-31,9661
2367,燿華,89,53,36,富邦-新店,2023-10-31,9661
2465,麗臺,36,1,35,富邦-新店,2023-10-31,9661
2363,矽統,128,94,34,富邦-新店,2023-10-31,9661
2883,凱基金,39,5,34,富邦-新店,2023-10-31,9661
0050,元大台灣50,34,0,34,富邦-新店,2023-10-31,9661
4968,立積,35,2,33,富邦-新店,2023-10-31,9661
00712,復華富時不動產,33,0,33,富邦-新店,2023-10-31,9661
9955,佳龍,32,1,31,富邦-新店,2023-10-31,9661
2365,昆盈,30,0,30,富邦-新店,2023-10-31,9661
5706,鳳凰,49,19,30,富邦-新店,2023-10-31,9661
1301,台塑,31,2,29,富邦-新店,2023-10-31,9661
4123,晟德,30,1,29,富邦-新店,2023-10-31,9661
6235,華孚,42,14,28,富邦-新店,2023-10-31,9661
6244,茂迪,30,3,27,富邦-新店,2023-10-31,9661
2834,臺企銀,31,5,26,富邦-新店,2023-10-31,9661
3036,文曄,31,5,26,富邦-新店,2023-10-31,9661
3234,光環,27,2,25,富邦-新店,2023-10-31,9661
2399,映泰,39,14,25,富邦-新店,2023-10-31,9661
006208,富邦台50,25,0,25,富邦-新店,2023-10-31,9661
2330,台積電,31,7,24,富邦-新店,2023-10-31,9661
00882,中信中國高股息,24,0,24,富邦-新店,2023-10-31,9661
2412,中華電,24,2,22,富邦-新店,2023-10-31,9661
3694,海華,22,0,22,富邦-新店,2023-10-31,9661
2303,聯電,35,14,21,富邦-新店,2023-10-31,9661
6182,合晶,26,5,21,富邦-新店,2023-10-31,9661
00679B,元大美債20年,214,194,20,富邦-新店,2023-10-31,9661
2308,台達電,23,3,20,富邦-新店,2023-10-31,9661
2618,長榮航,1766,193,1573,富邦-新店,2023-11-01,9661
1104,環泥,920,585,335,富邦-新店,2023-11-01,9661
00934,中信成長高股息,220,30,190,富邦-新店,2023-11-01,9661
00929,復華台灣科技優息,191,18,173,富邦-新店,2023-11-01,9661
00878,國泰永續高股息,176,5,171,富邦-新店,2023-11-01,9661
2317,鴻海,146,6,140,富邦-新店,2023-11-01,9661
2337,旺宏,111,2,109,富邦-新店,2023-11-01,9661
3481,群創,101,6,95,富邦-新店,2023-11-01,9661
00679B,元大美債20年,314,220,94,富邦-新店,2023-11-01,9661
3545,敦泰,103,10,93,富邦-新店,2023-11-01,9661
2002,中鋼,56,9,47,富邦-新店,2023-11-01,9661
4306,炎洲,45,1,44,富邦-新店,2023-11-01,9661
2706,第一店,40,0,40,富邦-新店,2023-11-01,9661
2915,潤泰全,42,2,40,富邦-新店,2023-11-01,9661
00751B,元大AAA至A公司債,38,0,38,富邦-新店,2023-11-01,9661
3045,台灣大,43,5,38,富邦-新店,2023-11-01,9661
4915,致伸,45,8,37,富邦-新店,2023-11-01,9661
5706,鳳凰,91,54,37,富邦-新店,2023-11-01,9661
00715L,期街口布蘭特正2,36,1,35,富邦-新店,2023-11-01,9661
00931B,統一美債20年,42,10,32,富邦-新店,2023-11-01,9661
00712,復華富時不動產,49,18,31,富邦-新店,2023-11-01,9661
3322,建舜電,46,15,31,富邦-新店,2023-11-01,9661
2363,矽統,124,95,29,富邦-新店,2023-11-01,9661
2468,華經,30,1,29,富邦-新店,2023-11-01,9661
0056,元大高股息,47,18,29,富邦-新店,2023-11-01,9661
2308,台達電,30,2,28,富邦-新店,2023-11-01,9661
00720B,元大投資級公司債,27,0,27,富邦-新店,2023-11-01,9661
3260,威剛,34,7,27,富邦-新店,2023-11-01,9661
00919,群益台灣精選高息,33,7,26,富邦-新店,2023-11-01,9661
2330,台積電,29,4,25,富邦-新店,2023-11-01,9661
1605,華新,44,22,22,富邦-新店,2023-11-01,9661
2353,宏��,22,1,21,富邦-新店,2023-11-01,9661
2427,三商電,42,21,21,富邦-新店,2023-11-01,9661
1219,福壽,21,0,21,富邦-新店,2023-11-01,9661
1524,耿鼎,52,31,21,富邦-新店,2023-11-01,9661
2887,台新金,24,4,20,富邦-新店,2023-11-01,9661
3715,定穎投控,137,117,20,富邦-新店,2023-11-01,9661
4104,佳醫,20,0,20,富邦-新店,2023-11-01,9661
00664R,國泰臺灣加權反1,20,0,20,富邦-新店,2023-11-01,9661
00902,中信電池及儲能,20,0,20,富邦-新店,2023-11-01,9661
2727,王品,22,2,20,富邦-新店,2023-11-01,9661
6492,生華科,45,26,19,富邦-新店,2023-11-01,9661
3548,兆利,39,21,18,富邦-新店,2023-11-01,9661
8033,雷虎,20,2,18,富邦-新店,2023-11-01,9661
8069,元太,17,0,17,富邦-新店,2023-11-01,9661
00933B,國泰10Y+金融債,22,5,17,富邦-新店,2023-11-01,9661
3704,合勤控,60,43,17,富邦-新店,2023-11-01,9661
2301,光寶科,29,12,17,富邦-新店,2023-11-01,9661
3032,偉訓,16,0,16,富邦-新店,2023-11-01,9661
2063,世鎧,16,0,16,富邦-新店,2023-11-01,9661
1108,幸福,630,30,600,富邦-新店,2023-11-02,9661
2618,長榮航,540,109,431,富邦-新店,2023-11-02,9661
00632R,元大台灣50反1,340,100,240,富邦-新店,2023-11-02,9661
00679B,元大美債20年,257,116,141,富邦-新店,2023-11-02,9661
00929,復華台灣科技優息,244,105,139,富邦-新店,2023-11-02,9661
00680L,元大美債20正2,162,23,139,富邦-新店,2023-11-02,9661
2809,京城銀,120,0,120,富邦-新店,2023-11-02,9661
00934,中信成長高股息,167,48,119,富邦-新店,2023-11-02,9661
4188,安克,112,0,112,富邦-新店,2023-11-02,9661
00795B,中信美國公債20年,102,0,102,富邦-新店,2023-11-02,9661
3672,康聯訊,62,2,60,富邦-新店,2023-11-02,9661
4306,炎洲,50,0,50,富邦-新店,2023-11-02,9661
2301,光寶科,93,44,49,富邦-新店,2023-11-02,9661
00715L,期街口布蘭特正2,51,5,46,富邦-新店,2023-11-02,9661
2356,英業達,93,52,41,富邦-新店,2023-11-02,9661
2888,新光金,57,16,41,富邦-新店,2023-11-02,9661
9945,潤泰新,37,0,37,富邦-新店,2023-11-02,9661
6122,擎邦,37,0,37,富邦-新店,2023-11-02,9661
6245,立端,38,3,35,富邦-新店,2023-11-02,9661
4105,東洋,32,0,32,富邦-新店,2023-11-02,9661
6150,撼訊,71,45,26,富邦-新店,2023-11-02,9661
6191,精成科,95,70,25,富邦-新店,2023-11-02,9661
1815,富喬,135,112,23,富邦-新店,2023-11-02,9661
3576,聯合再生,30,8,22,富邦-新店,2023-11-02,9661
00664R,國泰臺灣加權反1,22,0,22,富邦-新店,2023-11-02,9661
4960,誠美材,23,1,22,富邦-新店,2023-11-02,9661
2367,燿華,97,76,21,富邦-新店,2023-11-02,9661
6024,群益期,20,0,20,富邦-新店,2023-11-02,9661
5340,建榮,24,4,20,富邦-新店,2023-11-02,9661
4743,合一,18,0,18,富邦-新店,2023-11-02,9661
1795,美時,30,13,17,富邦-新店,2023-11-02,9661
6189,豐藝,23,6,17,富邦-新店,2023-11-02,9661
5355,佳總,16,0,16,富邦-新店,2023-11-02,9661
2820,華票,16,0,16,富邦-新店,2023-11-02,9661
00642U,期元大S＆P石油,15,0,15,富邦-新店,2023-11-02,9661
1721,三晃,34,19,15,富邦-新店,2023-11-02,9661
2233,宇隆,24,9,15,富邦-新店,2023-11-02,9661
2376,技嘉,50,35,15,富邦-新店,2023-11-02,9661
8086,宏捷科,16,2,14,富邦-新店,2023-11-02,9661
3023,信邦,15,1,14,富邦-新店,2023-11-02,9661
2399,映泰,31,17,14,富邦-新店,2023-11-02,9661
5519,隆大,20,6,14,富邦-新店,2023-11-02,9661
00864B,中信美國公債0-1,13,0,13,富邦-新店,2023-11-02,9661
6173,信昌電,14,1,13,富邦-新店,2023-11-02,9661
00720B,元大投資級公司債,109,96,13,富邦-新店,2023-11-02,9661
8936,國統,35,23,12,富邦-新店,2023-11-02,9661
6658,聯策,14,2,12,富邦-新店,2023-11-02,9661
4979,華星光,17,5,12,富邦-新店,2023-11-02,9661
8110,華東,36,24,12,富邦-新店,2023-11-02,9661
4552,力達-KY,12,0,12,富邦-新店,2023-11-02,9661
2363,矽統,759,416,343,富邦-新店,2023-11-03,9661
2515,中工,252,30,222,富邦-新店,2023-11-03,9661
3231,緯創,290,77,213,富邦-新店,2023-11-03,9661
00929,復華台灣科技優息,264,53,211,富邦-新店,2023-11-03,9661
2905,三商,632,441,191,富邦-新店,2023-11-03,9661
00715L,期街口布蘭特正2,205,35,170,富邦-新店,2023-11-03,9661
00878,國泰永續高股息,167,12,155,富邦-新店,2023-11-03,9661
2376,技嘉,172,38,134,富邦-新店,2023-11-03,9661
00931B,統一美債20年,122,0,122,富邦-新店,2023-11-03,9661
3029,零壹,124,13,111,富邦-新店,2023-11-03,9661
4739,康普,87,1,86,富邦-新店,2023-11-03,9661
8936,國統,101,19,82,富邦-新店,2023-11-03,9661
2633,台灣高鐵,80,0,80,富邦-新店,2023-11-03,9661
3548,兆利,86,6,80,富邦-新店,2023-11-03,9661
2356,英業達,94,27,67,富邦-新店,2023-11-03,9661
00687B,國泰20年美債,72,6,66,富邦-新店,2023-11-03,9661
00772B,中信高評級公司債,67,1,66,富邦-新店,2023-11-03,9661
00935,野村臺灣新科技50,87,22,65,富邦-新店,2023-11-03,9661
2317,鴻海,105,44,61,富邦-新店,2023-11-03,9661
2888,新光金,82,29,53,富邦-新店,2023-11-03,9661
2809,京城銀,50,0,50,富邦-新店,2023-11-03,9661
00919,群益台灣精選高息,70,21,49,富邦-新店,2023-11-03,9661
6122,擎邦,46,0,46,富邦-新店,2023-11-03,9661
4967,十銓,161,117,44,富邦-新店,2023-11-03,9661
1524,耿鼎,104,60,44,富邦-新店,2023-11-03,9661
4188,安克,46,6,40,富邦-新店,2023-11-03,9661
00751B,元大AAA至A公司債,46,8,38,富邦-新店,2023-11-03,9661
8930,青鋼,38,2,36,富邦-新店,2023-11-03,9661
3176,基亞,38,4,34,富邦-新店,2023-11-03,9661
00679B,元大美債20年,37,6,31,富邦-新店,2023-11-03,9661
2105,正新,33,2,31,富邦-新店,2023-11-03,9661
1795,美時,45,17,28,富邦-新店,2023-11-03,9661
00720B,元大投資級公司債,41,14,27,富邦-新店,2023-11-03,9661
00850,元大臺灣ESG永續,27,0,27,富邦-新店,2023-11-03,9661
1802,台玻,30,5,25,富邦-新店,2023-11-03,9661
3041,揚智,54,30,24,富邦-新店,2023-11-03,9661
3163,波若威,45,23,22,富邦-新店,2023-11-03,9661
6156,松上,45,23,22,富邦-新店,2023-11-03,9661
00934,中信成長高股息,79,58,21,富邦-新店,2023-11-03,9661
2468,華經,31,10,21,富邦-新店,2023-11-03,9661
6024,群益期,21,0,21,富邦-新店,2023-11-03,9661
8150,南茂,108,88,20,富邦-新店,2023-11-03,9661
8933,愛地雅,20,0,20,富邦-新店,2023-11-03,9661
3213,茂訊,26,7,19,富邦-新店,2023-11-03,9661
3078,僑威,21,2,19,富邦-新店,2023-11-03,9661
2485,兆赫,23,4,19,富邦-新店,2023-11-03,9661
3545,敦泰,21,2,19,富邦-新店,2023-11-03,9661
3715,定穎投控,60,43,17,富邦-新店,2023-11-03,9661
00713,元大台灣高息低波,18,1,17,富邦-新店,2023-11-03,9661
9950,萬國通,33,16,17,富邦-新店,2023-11-03,9661
00632R,元大台灣50反1,518,0,518,富邦-新店,2023-11-06,9661
8936,國統,263,41,222,富邦-新店,2023-11-06,9661
1455,集盛,211,0,211,富邦-新店,2023-11-06,9661
3324,雙鴻,224,17,207,富邦-新店,2023-11-06,9661
6603,富強鑫,205,61,144,富邦-新店,2023-11-06,9661
5351,鈺創,260,134,126,富邦-新店,2023-11-06,9661
00878,國泰永續高股息,211,95,116,富邦-新店,2023-11-06,9661
6245,立端,122,10,112,富邦-新店,2023-11-06,9661
2476,鉅祥,101,1,100,富邦-新店,2023-11-06,9661
2888,新光金,111,19,92,富邦-新店,2023-11-06,9661
00934,中信成長高股息,85,5,80,富邦-新店,2023-11-06,9661
00680L,元大美債20正2,100,43,57,富邦-新店,2023-11-06,9661
00679B,元大美債20年,53,1,52,富邦-新店,2023-11-06,9661
00772B,中信高評級公司債,66,15,51,富邦-新店,2023-11-06,9661
2633,台灣高鐵,72,22,50,富邦-新店,2023-11-06,9661
3481,群創,61,13,48,富邦-新店,2023-11-06,9661
2388,威盛,130,83,47,富邦-新店,2023-11-06,9661
3094,聯傑,74,29,45,富邦-新店,2023-11-06,9661
00665L,富邦�琤肭磪囓�2,70,30,40,富邦-新店,2023-11-06,9661
2340,台亞,61,21,40,富邦-新店,2023-11-06,9661
1524,耿鼎,110,71,39,富邦-新店,2023-11-06,9661
00715L,期街口布蘭特正2,48,10,38,富邦-新店,2023-11-06,9661
00935,野村臺灣新科技50,42,4,38,富邦-新店,2023-11-06,9661
6182,合晶,45,11,34,富邦-新店,2023-11-06,9661
5434,崇越,36,2,34,富邦-新店,2023-11-06,9661
6263,普萊德,34,0,34,富邦-新店,2023-11-06,9661
00927,群益半導體收益,61,28,33,富邦-新店,2023-11-06,9661
2734,易飛網,42,9,33,富邦-新店,2023-11-06,9661
8110,華東,52,20,32,富邦-新店,2023-11-06,9661
2419,仲琦,31,0,31,富邦-新店,2023-11-06,9661
3390,旭軟,30,0,30,富邦-新店,2023-11-06,9661
5328,華容,29,0,29,富邦-新店,2023-11-06,9661
00929,復華台灣科技優息,161,133,28,富邦-新店,2023-11-06,9661
2634,漢翔,31,4,27,富邦-新店,2023-11-06,9661
6807,峰源-KY,26,0,26,富邦-新店,2023-11-06,9661
6451,訊芯-KY,25,0,25,富邦-新店,2023-11-06,9661
3276,宇環,26,1,25,富邦-新店,2023-11-06,9661
2002,中鋼,48,24,24,富邦-新店,2023-11-06,9661
00885,富邦越南,44,19,25,富邦-新店,2023-11-06,9661
3450,聯鈞,34,10,24,富邦-新店,2023-11-06,9661
6188,廣明,28,4,24,富邦-新店,2023-11-06,9661
2390,云辰,41,19,22,富邦-新店,2023-11-06,9661
2211,長榮鋼,22,0,22,富邦-新店,2023-11-06,9661
2027,大成鋼,22,0,22,富邦-新店,2023-11-06,9661
3535,晶彩科,40,19,21,富邦-新店,2023-11-06,9661
4906,正文,21,0,21,富邦-新店,2023-11-06,9661
00688L,國泰20年美債正2,24,4,20,富邦-新店,2023-11-06,9661
5302,太欣,20,0,20,富邦-新店,2023-11-06,9661
2723,美食-KY,20,0,20,富邦-新店,2023-11-06,9661
1504,東元,19,0,19,富邦-新店,2023-11-06,9661
2618,長榮航,233,45,188,富邦-新店,2023-11-07,9661
4121,優盛,223,40,183,富邦-新店,2023-11-07,9661
6603,富強鑫,164,0,164,富邦-新店,2023-11-07,9661
2476,鉅祥,121,1,120,富邦-新店,2023-11-07,9661
8936,國統,129,10,119,富邦-新店,2023-11-07,9661
6202,盛群,100,0,100,富邦-新店,2023-11-07,9661
4164,承業醫,103,3,100,富邦-新店,2023-11-07,9661
2355,敬鵬,109,11,98,富邦-新店,2023-11-07,9661
6901,鑽石投資,117,23,94,富邦-新店,2023-11-07,9661
00878,國泰永續高股息,96,5,91,富邦-新店,2023-11-07,9661
4414,如興,80,0,80,富邦-新店,2023-11-07,9661
3694,海華,71,2,69,富邦-新店,2023-11-07,9661
8432,東生華,67,5,62,富邦-新店,2023-11-07,9661
00679B,元大美債20年,106,53,53,富邦-新店,2023-11-07,9661
00687B,國泰20年美債,52,0,52,富邦-新店,2023-11-07,9661
2317,鴻海,54,4,50,富邦-新店,2023-11-07,9661
3481,群創,90,46,44,富邦-新店,2023-11-07,9661
2453,凌群,96,54,42,富邦-新店,2023-11-07,9661
2634,漢翔,55,15,40,富邦-新店,2023-11-07,9661
00632R,元大台灣50反1,40,0,40,富邦-新店,2023-11-07,9661
00719B,元大美債1-3,40,0,40,富邦-新店,2023-11-07,9661
00712,復華富時不動產,38,1,37,富邦-新店,2023-11-07,9661
8069,元太,35,1,34,富邦-新店,2023-11-07,9661
2105,正新,35,4,31,富邦-新店,2023-11-07,9661
2002,中鋼,34,4,30,富邦-新店,2023-11-07,9661
3701,大眾控,38,9,29,富邦-新店,2023-11-07,9661
8176,智捷,30,2,28,富邦-新店,2023-11-07,9661
1802,台玻,31,3,28,富邦-新店,2023-11-07,9661
2363,矽統,169,143,26,富邦-新店,2023-11-07,9661
2401,凌陽,52,27,25,富邦-新店,2023-11-07,9661
2201,裕隆,31,8,23,富邦-新店,2023-11-07,9661
1560,中砂,46,23,23,富邦-新店,2023-11-07,9661
3105,穩懋,27,5,22,富邦-新店,2023-11-07,9661
00753L,中信中國50正2,30,8,22,富邦-新店,2023-11-07,9661
2548,華固,22,0,22,富邦-新店,2023-11-07,9661
9924,福興,30,8,22,富邦-新店,2023-11-07,9661
3276,宇環,30,8,22,富邦-新店,2023-11-07,9661
2637,慧洋-KY,24,3,21,富邦-新店,2023-11-07,9661
2610,華航,39,18,21,富邦-新店,2023-11-07,9661
2736,富野,50,29,21,富邦-新店,2023-11-07,9661
3450,聯鈞,24,3,21,富邦-新店,2023-11-07,9661
2344,華邦電,20,0,20,富邦-新店,2023-11-07,9661
2534,宏盛,20,0,20,富邦-新店,2023-11-07,9661
00930,永豐ESG低碳高息,20,0,20,富邦-新店,2023-11-07,9661
4167,松瑞藥,44,24,20,富邦-新店,2023-11-07,9661
00931B,統一美債20年,18,0,18,富邦-新店,2023-11-07,9661
2883,凱基金,24,6,18,富邦-新店,2023-11-07,9661
2888,新光金,18,0,18,富邦-新店,2023-11-07,9661
2515,中工,57,40,17,富邦-新店,2023-11-07,9661
00637L,元大滬深300正2,53,36,17,富邦-新店,2023-11-07,9661
2363,矽統,543,225,318,富邦-新店,2023-11-08,9661
4960,誠美材,210,6,204,富邦-新店,2023-11-08,9661
4550,長佳,200,0,200,富邦-新店,2023-11-08,9661
00936,台新永續高息中小,192,2,190,富邦-新店,2023-11-08,9661
00680L,元大美債20正2,208,19,189,富邦-新店,2023-11-08,9661
00632R,元大台灣50反1,131,0,131,富邦-新店,2023-11-08,9661
1568,倉佑,114,1,113,富邦-新店,2023-11-08,9661
6603,富強鑫,92,0,92,富邦-新店,2023-11-08,9661
2515,中工,116,26,90,富邦-新店,2023-11-08,9661
2530,華建,86,0,86,富邦-新店,2023-11-08,9661
3324,雙鴻,124,50,74,富邦-新店,2023-11-08,9661
2915,潤泰全,72,0,72,富邦-新店,2023-11-08,9661
2356,英業達,189,117,72,富邦-新店,2023-11-08,9661
00929,復華台灣科技優息,149,82,67,富邦-新店,2023-11-08,9661
4164,承業醫,61,2,59,富邦-新店,2023-11-08,9661
1815,富喬,325,276,49,富邦-新店,2023-11-08,9661
3450,聯鈞,64,16,48,富邦-新店,2023-11-08,9661
6285,啟��,50,3,47,富邦-新店,2023-11-08,9661
2337,旺宏,46,1,45,富邦-新店,2023-11-08,9661
3548,兆利,54,13,41,富邦-新店,2023-11-08,9661
9945,潤泰新,43,3,40,富邦-新店,2023-11-08,9661
5880,合庫金,54,18,36,富邦-新店,2023-11-08,9661
3376,新日興,52,18,34,富邦-新店,2023-11-08,9661
1795,美時,36,3,33,富邦-新店,2023-11-08,9661
2002,中鋼,44,13,31,富邦-新店,2023-11-08,9661
2634,漢翔,39,8,31,富邦-新店,2023-11-08,9661
3481,群創,42,13,29,富邦-新店,2023-11-08,9661
2388,威盛,47,20,27,富邦-新店,2023-11-08,9661
00665L,富邦�琤肭磪囓�2,40,13,27,富邦-新店,2023-11-08,9661
6282,康舒,27,0,27,富邦-新店,2023-11-08,9661
2488,漢平,25,1,24,富邦-新店,2023-11-08,9661
8432,東生華,24,0,24,富邦-新店,2023-11-08,9661
5347,世界,34,10,24,富邦-新店,2023-11-08,9661
6901,鑽石投資,47,24,23,富邦-新店,2023-11-08,9661
2883,凱基金,25,2,23,富邦-新店,2023-11-08,9661
2367,燿華,28,5,23,富邦-新店,2023-11-08,9661
1336,台翰,22,0,22,富邦-新店,2023-11-08,9661
9950,萬國通,33,11,22,富邦-新店,2023-11-08,9661
1319,東陽,31,10,21,富邦-新店,2023-11-08,9661
6176,瑞儀,25,4,21,富邦-新店,2023-11-08,9661
2303,聯電,70,49,21,富邦-新店,2023-11-08,9661
1304,台聚,20,0,20,富邦-新店,2023-11-08,9661
3058,立德,20,0,20,富邦-新店,2023-11-08,9661
00891,中信關鍵半導體,23,4,19,富邦-新店,2023-11-08,9661
00934,中信成長高股息,18,0,18,富邦-新店,2023-11-08,9661
2421,建準,41,23,18,富邦-新店,2023-11-08,9661
3533,嘉澤,18,0,18,富邦-新店,2023-11-08,9661
6756,威鋒電子,18,0,18,富邦-新店,2023-11-08,9661
2892,第一金,17,0,17,富邦-新店,2023-11-08,9661
3483,力致,29,12,17,富邦-新店,2023-11-08,9661
2618,長榮航,1576,54,1522,富邦-新店,2023-11-09,9661
00929,復華台灣科技優息,314,40,274,富邦-新店,2023-11-09,9661
4960,誠美材,201,9,192,富邦-新店,2023-11-09,9661
1314,中石化,180,24,156,富邦-新店,2023-11-09,9661
00715L,期街口布蘭特正2,147,0,147,富邦-新店,2023-11-09,9661
00878,國泰永續高股息,211,65,146,富邦-新店,2023-11-09,9661
00679B,元大美債20年,187,52,135,富邦-新店,2023-11-09,9661
00632R,元大台灣50反1,132,10,122,富邦-新店,2023-11-09,9661
2020,美亞,200,90,110,富邦-新店,2023-11-09,9661
00936,台新永續高息中小,123,21,102,富邦-新店,2023-11-09,9661
2329,華泰,237,135,102,富邦-新店,2023-11-09,9661
00680L,元大美債20正2,107,6,101,富邦-新店,2023-11-09,9661
3324,雙鴻,263,169,94,富邦-新店,2023-11-09,9661
2515,中工,103,10,93,富邦-新店,2023-11-09,9661
3176,基亞,72,4,68,富邦-新店,2023-11-09,9661
3481,群創,65,0,65,富邦-新店,2023-11-09,9661
6122,擎邦,95,38,57,富邦-新店,2023-11-09,9661
1616,億泰,51,0,51,富邦-新店,2023-11-09,9661
2340,台亞,51,1,50,富邦-新店,2023-11-09,9661
5351,鈺創,64,16,48,富邦-新店,2023-11-09,9661
00772B,中信高評級公司債,61,13,48,富邦-新店,2023-11-09,9661
2905,三商,779,734,45,富邦-新店,2023-11-09,9661
3122,笙泉,141,98,43,富邦-新店,2023-11-09,9661
2419,仲琦,42,0,42,富邦-新店,2023-11-09,9661
6901,鑽石投資,61,20,41,富邦-新店,2023-11-09,9661
6288,聯嘉,40,0,40,富邦-新店,2023-11-09,9661
6285,啟��,51,13,38,富邦-新店,2023-11-09,9661
2444,兆勁,37,0,37,富邦-新店,2023-11-09,9661
2606,裕民,35,2,33,富邦-新店,2023-11-09,9661
5347,世界,35,3,32,富邦-新店,2023-11-09,9661
00650L,復華香港正2,30,0,30,富邦-新店,2023-11-09,9661
2344,華邦電,42,12,30,富邦-新店,2023-11-09,9661
2476,鉅祥,30,1,29,富邦-新店,2023-11-09,9661
2427,三商電,59,32,27,富邦-新店,2023-11-09,9661
1568,倉佑,41,15,26,富邦-新店,2023-11-09,9661
00720B,元大投資級公司債,66,42,24,富邦-新店,2023-11-09,9661
2883B,凱基金乙特,22,0,22,富邦-新店,2023-11-09,9661
6605,帝寶,22,0,22,富邦-新店,2023-11-09,9661
00688L,國泰20年美債正2,21,0,21,富邦-新店,2023-11-09,9661
1227,佳格,20,0,20,富邦-新店,2023-11-09,9661
2637,慧洋-KY,24,5,19,富邦-新店,2023-11-09,9661
00922,國泰台灣領袖50,19,0,19,富邦-新店,2023-11-09,9661
1584,精剛,28,9,19,富邦-新店,2023-11-09,9661
00751B,元大AAA至A公司債,31,13,18,富邦-新店,2023-11-09,9661
4961,天鈺,18,1,17,富邦-新店,2023-11-09,9661
3221,台嘉碩,17,0,17,富邦-新店,2023-11-09,9661
3260,威剛,25,8,17,富邦-新店,2023-11-09,9661
2308,台達電,21,5,16,富邦-新店,2023-11-09,9661
3704,合勤控,17,2,15,富邦-新店,2023-11-09,9661
6189,豐藝,16,1,15,富邦-新店,2023-11-09,9661
4550,長佳,313,20,293,富邦-新店,2023-11-10,9661
2731,雄獅,182,2,180,富邦-新店,2023-11-10,9661
00648R,元大S＆P500反1,146,0,146,富邦-新店,2023-11-10,9661
00712,復華富時不動產,144,2,142,富邦-新店,2023-11-10,9661
4960,誠美材,151,28,123,富邦-新店,2023-11-10,9661
00679B,元大美債20年,122,10,112,富邦-新店,2023-11-10,9661
00878,國泰永續高股息,130,29,101,富邦-新店,2023-11-10,9661
3231,緯創,233,145,88,富邦-新店,2023-11-10,9661
3450,聯鈞,95,9,86,富邦-新店,2023-11-10,9661
3324,雙鴻,81,6,75,富邦-新店,2023-11-10,9661
4128,中天,140,87,53,富邦-新店,2023-11-10,9661
2882,國泰金,53,0,53,富邦-新店,2023-11-10,9661
2493,揚博,51,1,50,富邦-新店,2023-11-10,9661
2382,廣達,75,27,48,富邦-新店,2023-11-10,9661
00935,野村臺灣新科技50,50,3,47,富邦-新店,2023-11-10,9661
4105,東洋,49,6,43,富邦-新店,2023-11-10,9661
4743,合一,98,57,41,富邦-新店,2023-11-10,9661
9904,寶成,40,0,40,富邦-新店,2023-11-10,9661
3276,宇環,42,3,39,富邦-新店,2023-11-10,9661
2618,長榮航,83,45,38,富邦-新店,2023-11-10,9661
2820,華票,35,0,35,富邦-新店,2023-11-10,9661
00934,中信成長高股息,34,1,33,富邦-新店,2023-11-10,9661
2340,台亞,33,1,32,富邦-新店,2023-11-10,9661
00632R,元大台灣50反1,30,0,30,富邦-新店,2023-11-10,9661
4908,前鼎,45,16,29,富邦-新店,2023-11-10,9661
00720B,元大投資級公司債,40,11,29,富邦-新店,2023-11-10,9661
2637,慧洋-KY,29,0,29,富邦-新店,2023-11-10,9661
2915,潤泰全,30,2,28,富邦-新店,2023-11-10,9661
6806,森崴能源,38,10,28,富邦-新店,2023-11-10,9661
2027,大成鋼,28,0,28,富邦-新店,2023-11-10,9661
2634,漢翔,29,2,27,富邦-新店,2023-11-10,9661
00687B,國泰20年美債,42,15,27,富邦-新店,2023-11-10,9661
00931B,統一美債20年,28,2,26,富邦-新店,2023-11-10,9661
1319,東陽,27,1,26,富邦-新店,2023-11-10,9661
3645,達邁,64,38,26,富邦-新店,2023-11-10,9661
00919,群益台灣精選高息,33,9,24,富邦-新店,2023-11-10,9661
1815,富喬,50,26,24,富邦-新店,2023-11-10,9661
00751B,元大AAA至A公司債,32,9,23,富邦-新店,2023-11-10,9661
6125,廣運,28,5,23,富邦-新店,2023-11-10,9661
00637L,元大滬深300正2,49,26,23,富邦-新店,2023-11-10,9661
5009,榮剛,29,7,22,富邦-新店,2023-11-10,9661
2486,一詮,25,3,22,富邦-新店,2023-11-10,9661
3481,群創,25,3,22,富邦-新店,2023-11-10,9661
8354,冠好,21,0,21,富邦-新店,2023-11-10,9661
6603,富強鑫,21,0,21,富邦-新店,2023-11-10,9661
4806,桂田文創,20,0,20,富邦-新店,2023-11-10,9661
2484,希華,20,0,20,富邦-新店,2023-11-10,9661
6117,迎廣,69,50,19,富邦-新店,2023-11-10,9661
2006,東和鋼鐵,20,1,19,富邦-新店,2023-11-10,9661
2388,威盛,34,15,19,富邦-新店,2023-11-10,9661
2417,圓剛,268,36,232,富邦-新店,2023-11-13,9661
00632R,元大台灣50反1,203,0,203,富邦-新店,2023-11-13,9661
2515,中工,110,0,110,富邦-新店,2023-11-13,9661
2382,廣達,157,56,101,富邦-新店,2023-11-13,9661
4743,合一,90,8,82,富邦-新店,2023-11-13,9661
2618,長榮航,110,28,82,富邦-新店,2023-11-13,9661
00878,國泰永續高股息,133,55,78,富邦-新店,2023-11-13,9661
2882,國泰金,82,10,72,富邦-新店,2023-11-13,9661
2888,新光金,76,12,64,富邦-新店,2023-11-13,9661
00687B,國泰20年美債,65,2,63,富邦-新店,2023-11-13,9661
3147,大綜,58,1,57,富邦-新店,2023-11-13,9661
2465,麗臺,54,3,51,富邦-新店,2023-11-13,9661
00637L,元大滬深300正2,79,36,43,富邦-新店,2023-11-13,9661
6605,帝寶,44,1,43,富邦-新店,2023-11-13,9661
00850,元大臺灣ESG永續,43,1,42,富邦-新店,2023-11-13,9661
00720B,元大投資級公司債,44,4,40,富邦-新店,2023-11-13,9661
00679B,元大美債20年,54,15,39,富邦-新店,2023-11-13,9661
00936,台新永續高息中小,38,0,38,富邦-新店,2023-11-13,9661
4164,承業醫,35,0,35,富邦-新店,2023-11-13,9661
2408,南亞科,32,0,32,富邦-新店,2023-11-13,9661
6187,萬潤,32,2,30,富邦-新店,2023-11-13,9661
3545,敦泰,37,7,30,富邦-新店,2023-11-13,9661
2317,鴻海,54,25,29,富邦-新店,2023-11-13,9661
2610,華航,36,8,28,富邦-新店,2023-11-13,9661
3402,漢科,52,24,28,富邦-新店,2023-11-13,9661
1815,富喬,34,9,25,富邦-新店,2023-11-13,9661
2603,長榮,26,2,24,富邦-新店,2023-11-13,9661
6139,亞翔,30,7,23,富邦-新店,2023-11-13,9661
2607,榮運,33,11,22,富邦-新店,2023-11-13,9661
5321,美而快,22,0,22,富邦-新店,2023-11-13,9661
6150,撼訊,27,5,22,富邦-新店,2023-11-13,9661
8076,伍豐,21,0,21,富邦-新店,2023-11-13,9661
00680L,元大美債20正2,22,1,21,富邦-新店,2023-11-13,9661
4979,華星光,24,4,20,富邦-新店,2023-11-13,9661
1540,喬福,20,0,20,富邦-新店,2023-11-13,9661
1324,地球,21,1,20,富邦-新店,2023-11-13,9661
3006,晶豪科,46,29,17,富邦-新店,2023-11-13,9661
2606,裕民,17,0,17,富邦-新店,2023-11-13,9661
2313,華通,167,151,16,富邦-新店,2023-11-13,9661
6116,彩晶,17,0,17,富邦-新店,2023-11-13,9661
3041,揚智,24,8,16,富邦-新店,2023-11-13,9661
9914,美利達,16,1,15,富邦-新店,2023-11-13,9661
5225,東科-KY,56,41,15,富邦-新店,2023-11-13,9661
2204,中華,17,2,15,富邦-新店,2023-11-13,9661
6125,廣運,43,28,15,富邦-新店,2023-11-13,9661
2493,揚博,16,1,15,富邦-新店,2023-11-13,9661
6194,育富,14,0,14,富邦-新店,2023-11-13,9661
1524,耿鼎,15,1,14,富邦-新店,2023-11-13,9661
9927,泰銘,22,8,14,富邦-新店,2023-11-13,9661
2851,中再保,13,0,13,富邦-新店,2023-11-13,9661
2317,鴻海,2178,105,2073,富邦-新店,2023-11-14,9661
00919,群益台灣精選高息,459,70,389,富邦-新店,2023-11-14,9661
00632R,元大台灣50反1,476,130,346,富邦-新店,2023-11-14,9661
2618,長榮航,347,37,310,富邦-新店,2023-11-14,9661
3231,緯創,244,66,178,富邦-新店,2023-11-14,9661
8933,愛地雅,147,0,147,富邦-新店,2023-11-14,9661
8046,南電,156,10,146,富邦-新店,2023-11-14,9661
00878,國泰永續高股息,191,47,144,富邦-新店,2023-11-14,9661
1519,華城,125,36,89,富邦-新店,2023-11-14,9661
2356,英業達,110,39,71,富邦-新店,2023-11-14,9661
8354,冠好,70,0,70,富邦-新店,2023-11-14,9661
2324,仁寶,77,12,65,富邦-新店,2023-11-14,9661
00929,復華台灣科技優息,116,52,64,富邦-新店,2023-11-14,9661
2609,陽明,123,71,52,富邦-新店,2023-11-14,9661
1721,三晃,59,8,51,富邦-新店,2023-11-14,9661
2313,華通,80,31,49,富邦-新店,2023-11-14,9661
2486,一詮,45,1,44,富邦-新店,2023-11-14,9661
9927,泰銘,49,7,42,富邦-新店,2023-11-14,9661
4976,佳凌,40,1,39,富邦-新店,2023-11-14,9661
1616,億泰,34,0,34,富邦-新店,2023-11-14,9661
1504,東元,41,8,33,富邦-新店,2023-11-14,9661
2392,正崴,30,1,29,富邦-新店,2023-11-14,9661
9924,福興,29,0,29,富邦-新店,2023-11-14,9661
2402,毅嘉,41,14,27,富邦-新店,2023-11-14,9661
00720B,元大投資級公司債,36,10,26,富邦-新店,2023-11-14,9661
2425,承啟,63,37,26,富邦-新店,2023-11-14,9661
2883B,凱基金乙特,26,0,26,富邦-新店,2023-11-14,9661
2002,中鋼,27,2,25,富邦-新店,2023-11-14,9661
8940,新天地,25,0,25,富邦-新店,2023-11-14,9661
5388,中磊,30,6,24,富邦-新店,2023-11-14,9661
2884,玉山金,34,10,24,富邦-新店,2023-11-14,9661
5439,高技,26,2,24,富邦-新店,2023-11-14,9661
2816,旺旺保,24,0,24,富邦-新店,2023-11-14,9661
2606,裕民,24,1,23,富邦-新店,2023-11-14,9661
1101,台泥,21,0,21,富邦-新店,2023-11-14,9661
6116,彩晶,21,0,21,富邦-新店,2023-11-14,9661
6285,啟��,23,2,21,富邦-新店,2023-11-14,9661
3406,玉晶光,21,0,21,富邦-新店,2023-11-14,9661
9945,潤泰新,24,4,20,富邦-新店,2023-11-14,9661
00751B,元大AAA至A公司債,20,0,20,富邦-新店,2023-11-14,9661
2034,允強,20,0,20,富邦-新店,2023-11-14,9661
2441,超豐,20,0,20,富邦-新店,2023-11-14,9661
1568,倉佑,23,3,20,富邦-新店,2023-11-14,9661
3147,大綜,33,14,19,富邦-新店,2023-11-14,9661
2634,漢翔,26,7,19,富邦-新店,2023-11-14,9661
2303,聯電,30,11,19,富邦-新店,2023-11-14,9661
6213,聯茂,26,8,18,富邦-新店,2023-11-14,9661
2883,凱基金,22,5,17,富邦-新店,2023-11-14,9661
00936,台新永續高息中小,22,5,17,富邦-新店,2023-11-14,9661
8086,宏捷科,26,9,17,富邦-新店,2023-11-14,9661
2515,中工,556,15,541,富邦-新店,2023-11-15,9661
00632R,元大台灣50反1,440,115,325,富邦-新店,2023-11-15,9661
3450,聯鈞,205,16,189,富邦-新店,2023-11-15,9661
00665L,富邦�琤肭磪囓�2,183,10,173,富邦-新店,2023-11-15,9661
00919,群益台灣精選高息,264,109,155,富邦-新店,2023-11-15,9661
00878,國泰永續高股息,300,149,151,富邦-新店,2023-11-15,9661
2485,兆赫,110,8,102,富邦-新店,2023-11-15,9661
9907,統一實,100,0,100,富邦-新店,2023-11-15,9661
6245,立端,96,11,85,富邦-新店,2023-11-15,9661
00720B,元大投資級公司債,95,10,85,富邦-新店,2023-11-15,9661
00676R,富邦臺灣加權反1,73,2,71,富邦-新店,2023-11-15,9661
2882,國泰金,87,16,71,富邦-新店,2023-11-15,9661
4401,東隆興,67,1,66,富邦-新店,2023-11-15,9661
2362,藍天,65,1,64,富邦-新店,2023-11-15,9661
3701,大眾控,88,28,60,富邦-新店,2023-11-15,9661
3169,亞信,69,10,59,富邦-新店,2023-11-15,9661
00679B,元大美債20年,66,11,55,富邦-新店,2023-11-15,9661
1618,合機,76,22,54,富邦-新店,2023-11-15,9661
3548,兆利,74,24,50,富邦-新店,2023-11-15,9661
2023,燁輝,50,3,47,富邦-新店,2023-11-15,9661
3402,漢科,57,13,44,富邦-新店,2023-11-15,9661
1784,訊聯,40,1,39,富邦-新店,2023-11-15,9661
2369,菱生,156,118,38,富邦-新店,2023-11-15,9661
3706,神達,43,6,37,富邦-新店,2023-11-15,9661
00687B,國泰20年美債,39,2,37,富邦-新店,2023-11-15,9661
1815,富喬,46,14,32,富邦-新店,2023-11-15,9661
8034,榮群,56,24,32,富邦-新店,2023-11-15,9661
1504,東元,31,1,30,富邦-新店,2023-11-15,9661
6290,良維,35,7,28,富邦-新店,2023-11-15,9661
00772B,中信高評級公司債,44,17,27,富邦-新店,2023-11-15,9661
8996,高力,33,7,26,富邦-新店,2023-11-15,9661
4128,中天,42,16,26,富邦-新店,2023-11-15,9661
3037,欣興,51,26,25,富邦-新店,2023-11-15,9661
5258,虹堡,28,3,25,富邦-新店,2023-11-15,9661
1760,寶齡富錦,25,1,24,富邦-新店,2023-11-15,9661
00934,中信成長高股息,44,20,24,富邦-新店,2023-11-15,9661
3217,優群,26,3,23,富邦-新店,2023-11-15,9661
3227,原相,29,7,22,富邦-新店,2023-11-15,9661
2323,中環,46,25,21,富邦-新店,2023-11-15,9661
4979,華星光,23,3,20,富邦-新店,2023-11-15,9661
00680L,元大美債20正2,21,1,20,富邦-新店,2023-11-15,9661
5314,世紀,20,0,20,富邦-新店,2023-11-15,9661
00936,台新永續高息中小,26,7,19,富邦-新店,2023-11-15,9661
2449,京元電子,119,100,19,富邦-新店,2023-11-15,9661
2516,新建,30,11,19,富邦-新店,2023-11-15,9661
00893,國泰智能電動車,33,16,17,富邦-新店,2023-11-15,9661
2493,揚博,20,3,17,富邦-新店,2023-11-15,9661
2476,鉅祥,16,0,16,富邦-新店,2023-11-15,9661
3390,旭軟,20,4,16,富邦-新店,2023-11-15,9661
6139,亞翔,23,8,15,富邦-新店,2023-11-15,9661
2618,長榮航,4217,2418,1799,富邦-新店,2023-11-16,9661
3324,雙鴻,416,82,334,富邦-新店,2023-11-16,9661
2610,華航,428,148,280,富邦-新店,2023-11-16,9661
00878,國泰永續高股息,269,41,228,富邦-新店,2023-11-16,9661
2731,雄獅,263,51,212,富邦-新店,2023-11-16,9661
00632R,元大台灣50反1,203,0,203,富邦-新店,2023-11-16,9661
1815,富喬,190,40,150,富邦-新店,2023-11-16,9661
00919,群益台灣精選高息,155,9,146,富邦-新店,2023-11-16,9661
2371,大同,157,29,128,富邦-新店,2023-11-16,9661
1714,和桐,102,0,102,富邦-新店,2023-11-16,9661
00679B,元大美債20年,100,10,90,富邦-新店,2023-11-16,9661
2405,輔信,82,0,82,富邦-新店,2023-11-16,9661
00687B,國泰20年美債,87,6,81,富邦-新店,2023-11-16,9661
00720B,元大投資級公司債,127,50,77,富邦-新店,2023-11-16,9661
2362,藍天,65,1,64,富邦-新店,2023-11-16,9661
2344,華邦電,170,107,63,富邦-新店,2023-11-16,9661
0056,元大高股息,76,17,59,富邦-新店,2023-11-16,9661
5512,力麒,71,15,56,富邦-新店,2023-11-16,9661
00772B,中信高評級公司債,51,0,51,富邦-新店,2023-11-16,9661
3036,文曄,61,11,50,富邦-新店,2023-11-16,9661
3701,大眾控,55,5,50,富邦-新店,2023-11-16,9661
2337,旺宏,50,1,49,富邦-新店,2023-11-16,9661
8088,品安,50,2,48,富邦-新店,2023-11-16,9661
2485,兆赫,55,8,47,富邦-新店,2023-11-16,9661
6245,立端,68,22,46,富邦-新店,2023-11-16,9661
00935,野村臺灣新科技50,48,3,45,富邦-新店,2023-11-16,9661
8110,華東,46,4,42,富邦-新店,2023-11-16,9661
4414,如興,39,0,39,富邦-新店,2023-11-16,9661
3231,緯創,129,91,38,富邦-新店,2023-11-16,9661
2607,榮運,101,65,36,富邦-新店,2023-11-16,9661
00637L,元大滬深300正2,92,58,34,富邦-新店,2023-11-16,9661
3390,旭軟,33,0,33,富邦-新店,2023-11-16,9661
8996,高力,36,4,32,富邦-新店,2023-11-16,9661
1324,地球,58,26,32,富邦-新店,2023-11-16,9661
2369,菱生,92,61,31,富邦-新店,2023-11-16,9661
3078,僑威,34,4,30,富邦-新店,2023-11-16,9661
2329,華泰,161,131,30,富邦-新店,2023-11-16,9661
00751B,元大AAA至A公司債,29,0,29,富邦-新店,2023-11-16,9661
00900,富邦特選高股息30,37,9,28,富邦-新店,2023-11-16,9661
1339,昭輝,26,3,23,富邦-新店,2023-11-16,9661
2402,毅嘉,41,19,22,富邦-新店,2023-11-16,9661
2486,一詮,36,14,22,富邦-新店,2023-11-16,9661
1515,力山,146,124,22,富邦-新店,2023-11-16,9661
1101,台泥,23,2,21,富邦-新店,2023-11-16,9661
4123,晟德,20,0,20,富邦-新店,2023-11-16,9661
6213,聯茂,22,2,20,富邦-新店,2023-11-16,9661
00892,富邦台灣半導體,21,1,20,富邦-新店,2023-11-16,9661
2734,易飛網,26,6,20,富邦-新店,2023-11-16,9661
2358,廷鑫,20,0,20,富邦-新店,2023-11-16,9661
00688L,國泰20年美債正2,20,0,20,富邦-新店,2023-11-16,9661
00700,富邦�琤肭磪�,243,0,243,富邦-新店,2023-11-17,9661
00715L,期街口布蘭特正2,201,5,196,富邦-新店,2023-11-17,9661
2618,長榮航,313,138,175,富邦-新店,2023-11-17,9661
00772B,中信高評級公司債,106,0,106,富邦-新店,2023-11-17,9661
00632R,元大台灣50反1,99,0,99,富邦-新店,2023-11-17,9661
00751B,元大AAA至A公司債,98,0,98,富邦-新店,2023-11-17,9661
1815,富喬,108,11,97,富邦-新店,2023-11-17,9661
8933,愛地雅,96,0,96,富邦-新店,2023-11-17,9661
00720B,元大投資級公司債,90,0,90,富邦-新店,2023-11-17,9661
00679B,元大美債20年,159,76,83,富邦-新店,2023-11-17,9661
00687B,國泰20年美債,76,0,76,富邦-新店,2023-11-17,9661
2102,泰豐,69,0,69,富邦-新店,2023-11-17,9661
2356,英業達,86,18,68,富邦-新店,2023-11-17,9661
2337,旺宏,71,4,67,富邦-新店,2023-11-17,9661
5425,台半,70,7,63,富邦-新店,2023-11-17,9661
2344,華邦電,86,25,61,富邦-新店,2023-11-17,9661
2704,國賓,55,1,54,富邦-新店,2023-11-17,9661
3060,銘異,51,3,48,富邦-新店,2023-11-17,9661
8927,北基,45,0,45,富邦-新店,2023-11-17,9661
3548,兆利,53,12,41,富邦-新店,2023-11-17,9661
4979,華星光,47,7,40,富邦-新店,2023-11-17,9661
2002,中鋼,50,13,37,富邦-新店,2023-11-17,9661
00752,中信中國50,35,0,35,富邦-新店,2023-11-17,9661
2611,志信,35,0,35,富邦-新店,2023-11-17,9661
3701,大眾控,157,122,35,富邦-新店,2023-11-17,9661
1582,信錦,45,11,34,富邦-新店,2023-11-17,9661
00919,群益台灣精選高息,52,21,31,富邦-新店,2023-11-17,9661
6719,力智,35,4,31,富邦-新店,2023-11-17,9661
6284,佳邦,43,12,31,富邦-新店,2023-11-17,9661
8467,波力-KY,31,1,30,富邦-新店,2023-11-17,9661
9919,康那香,30,1,29,富邦-新店,2023-11-17,9661
2387,精元,28,0,28,富邦-新店,2023-11-17,9661
3687,歐買尬,30,3,27,富邦-新店,2023-11-17,9661
6288,聯嘉,25,0,25,富邦-新店,2023-11-17,9661
1301,台塑,24,0,24,富邦-新店,2023-11-17,9661
2634,漢翔,25,2,23,富邦-新店,2023-11-17,9661
6125,廣運,46,25,21,富邦-新店,2023-11-17,9661
1314,中石化,20,0,20,富邦-新店,2023-11-17,9661
3029,零壹,19,0,19,富邦-新店,2023-11-17,9661
5512,力麒,31,13,18,富邦-新店,2023-11-17,9661
2427,三商電,18,0,18,富邦-新店,2023-11-17,9661
6271,同欣電,94,77,17,富邦-新店,2023-11-17,9661
3483,力致,22,5,17,富邦-新店,2023-11-17,9661
5309,系統電,20,4,16,富邦-新店,2023-11-17,9661
00637L,元大滬深300正2,69,53,16,富邦-新店,2023-11-17,9661
3450,聯鈞,37,21,16,富邦-新店,2023-11-17,9661
0056,元大高股息,48,32,16,富邦-新店,2023-11-17,9661
3260,威剛,33,18,15,富邦-新店,2023-11-17,9661
6285,啟��,15,0,15,富邦-新店,2023-11-17,9661
2457,飛宏,19,4,15,富邦-新店,2023-11-17,9661
2367,燿華,365,17,348,富邦-新店,2023-11-20,9661
2884,玉山金,101,8,93,富邦-新店,2023-11-20,9661
00885,富邦越南,92,0,92,富邦-新店,2023-11-20,9661
00919,群益台灣精選高息,110,26,84,富邦-新店,2023-11-20,9661
00632R,元大台灣50反1,76,3,73,富邦-新店,2023-11-20,9661
6168,宏齊,156,95,61,富邦-新店,2023-11-20,9661
2485,兆赫,60,1,59,富邦-新店,2023-11-20,9661
00720B,元大投資級公司債,54,1,53,富邦-新店,2023-11-20,9661
2314,台揚,56,5,51,富邦-新店,2023-11-20,9661
5880,合庫金,47,0,47,富邦-新店,2023-11-20,9661
2201,裕隆,62,15,47,富邦-新店,2023-11-20,9661
6125,廣運,86,41,45,富邦-新店,2023-11-20,9661
2356,英業達,89,46,43,富邦-新店,2023-11-20,9661
3645,達邁,56,14,42,富邦-新店,2023-11-20,9661
3481,群創,62,21,41,富邦-新店,2023-11-20,9661
2883,凱基金,67,27,40,富邦-新店,2023-11-20,9661
8163,達方,44,4,40,富邦-新店,2023-11-20,9661
3402,漢科,42,2,40,富邦-新店,2023-11-20,9661
1402,遠東新,42,2,40,富邦-新店,2023-11-20,9661
9945,潤泰新,38,0,38,富邦-新店,2023-11-20,9661
2344,華邦電,68,30,38,富邦-新店,2023-11-20,9661
6143,振曜,39,1,38,富邦-新店,2023-11-20,9661
1522,堤維西,40,5,35,富邦-新店,2023-11-20,9661
00650L,復華香港正2,35,0,35,富邦-新店,2023-11-20,9661
2897,王道銀行,40,6,34,富邦-新店,2023-11-20,9661
00751B,元大AAA至A公司債,32,0,32,富邦-新店,2023-11-20,9661
00687B,國泰20年美債,35,5,30,富邦-新店,2023-11-20,9661
3013,晟銘電,41,11,30,富邦-新店,2023-11-20,9661
2543,皇昌,50,21,29,富邦-新店,2023-11-20,9661
2374,佳能,27,0,27,富邦-新店,2023-11-20,9661
2390,云辰,29,2,27,富邦-新店,2023-11-20,9661
3036,文曄,29,3,26,富邦-新店,2023-11-20,9661
6243,迅杰,76,51,25,富邦-新店,2023-11-20,9661
2351,順德,26,1,25,富邦-新店,2023-11-20,9661
1540,喬福,25,0,25,富邦-新店,2023-11-20,9661
8034,榮群,108,84,24,富邦-新店,2023-11-20,9661
00878,國泰永續高股息,93,69,24,富邦-新店,2023-11-20,9661
2303,聯電,125,102,23,富邦-新店,2023-11-20,9661
5607,遠雄港,29,7,22,富邦-新店,2023-11-20,9661
00772B,中信高評級公司債,25,4,21,富邦-新店,2023-11-20,9661
2417,圓剛,36,15,21,富邦-新店,2023-11-20,9661
1605,華新,30,9,21,富邦-新店,2023-11-20,9661
00706L,期元大S＆P日圓正2,30,11,19,富邦-新店,2023-11-20,9661
2105,正新,20,1,19,富邦-新店,2023-11-20,9661
6799,來頡,22,4,18,富邦-新店,2023-11-20,9661
1514,亞力,18,0,18,富邦-新店,2023-11-20,9661
1307,三芳,20,2,18,富邦-新店,2023-11-20,9661
00690,兆豐藍籌30,18,0,18,富邦-新店,2023-11-20,9661
3037,欣興,28,10,18,富邦-新店,2023-11-20,9661
6695,芯鼎,97,80,17,富邦-新店,2023-11-20,9661
00632R,元大台灣50反1,2270,8,2262,富邦-新店,2023-11-21,9661
2313,華通,423,101,322,富邦-新店,2023-11-21,9661
2402,毅嘉,255,22,233,富邦-新店,2023-11-21,9661
00934,中信成長高股息,220,0,220,富邦-新店,2023-11-21,9661
00929,復華台灣科技優息,356,160,196,富邦-新店,2023-11-21,9661
00712,復華富時不動產,171,14,157,富邦-新店,2023-11-21,9661
3694,海華,219,66,153,富邦-新店,2023-11-21,9661
3701,大眾控,168,34,134,富邦-新店,2023-11-21,9661
2363,矽統,214,94,120,富邦-新店,2023-11-21,9661
1714,和桐,100,4,96,富邦-新店,2023-11-21,9661
2312,金寶,106,16,90,富邦-新店,2023-11-21,9661
2303,聯電,135,53,82,富邦-新店,2023-11-21,9661
4952,凌通,100,24,76,富邦-新店,2023-11-21,9661
5351,鈺創,215,140,75,富邦-新店,2023-11-21,9661
00676R,富邦臺灣加權反1,66,0,66,富邦-新店,2023-11-21,9661
5347,世界,88,28,60,富邦-新店,2023-11-21,9661
3202,樺晟,60,0,60,富邦-新店,2023-11-21,9661
3041,揚智,150,92,58,富邦-新店,2023-11-21,9661
00679B,元大美債20年,54,1,53,富邦-新店,2023-11-21,9661
5471,松翰,54,2,52,富邦-新店,2023-11-21,9661
2888,新光金,80,29,51,富邦-新店,2023-11-21,9661
00897,富邦基因免疫生技,50,5,45,富邦-新店,2023-11-21,9661
00919,群益台灣精選高息,83,41,42,富邦-新店,2023-11-21,9661
3231,緯創,223,181,42,富邦-新店,2023-11-21,9661
1815,富喬,50,8,42,富邦-新店,2023-11-21,9661
3390,旭軟,41,0,41,富邦-新店,2023-11-21,9661
2454,聯發科,66,25,41,富邦-新店,2023-11-21,9661
00720B,元大投資級公司債,99,59,40,富邦-新店,2023-11-21,9661
3227,原相,68,30,38,富邦-新店,2023-11-21,9661
8171,天宇,38,0,38,富邦-新店,2023-11-21,9661
3548,兆利,66,29,37,富邦-新店,2023-11-21,9661
00936,台新永續高息中小,38,5,33,富邦-新店,2023-11-21,9661
1795,美時,33,1,32,富邦-新店,2023-11-21,9661
6901,鑽石投資,36,4,32,富邦-新店,2023-11-21,9661
2408,南亞科,45,13,32,富邦-新店,2023-11-21,9661
3078,僑威,34,3,31,富邦-新店,2023-11-21,9661
2618,長榮航,160,129,31,富邦-新店,2023-11-21,9661
00650L,復華香港正2,30,0,30,富邦-新店,2023-11-21,9661
2883B,凱基金乙特,30,0,30,富邦-新店,2023-11-21,9661
2748,雲品,33,3,30,富邦-新店,2023-11-21,9661
3036,文曄,33,3,30,富邦-新店,2023-11-21,9661
6526,達發,32,2,30,富邦-新店,2023-11-21,9661
2376,技嘉,112,82,30,富邦-新店,2023-11-21,9661
00706L,期元大S＆P日圓正2,30,1,29,富邦-新店,2023-11-21,9661
2421,建準,37,8,29,富邦-新店,2023-11-21,9661
3047,訊舟,178,150,28,富邦-新店,2023-11-21,9661
3234,光環,41,14,27,富邦-新店,2023-11-21,9661
6533,晶心科,37,10,27,富邦-新店,2023-11-21,9661
4763,材料-KY,31,5,26,富邦-新店,2023-11-21,9661
2462,良得電,29,4,25,富邦-新店,2023-11-21,9661
2313,華通,870,35,835,富邦-新店,2023-11-22,9661
3059,華晶科,723,65,658,富邦-新店,2023-11-22,9661
6248,沛波,601,2,599,富邦-新店,2023-11-22,9661
2883,凱基金,262,57,205,富邦-新店,2023-11-22,9661
6282,康舒,353,162,191,富邦-新店,2023-11-22,9661
3034,聯詠,168,11,157,富邦-新店,2023-11-22,9661
00878,國泰永續高股息,293,138,155,富邦-新店,2023-11-22,9661
6125,廣運,188,37,151,富邦-新店,2023-11-22,9661
2353,宏��,131,20,111,富邦-新店,2023-11-22,9661
2356,英業達,136,31,105,富邦-新店,2023-11-22,9661
00929,復華台灣科技優息,133,30,103,富邦-新店,2023-11-22,9661
2369,菱生,160,66,94,富邦-新店,2023-11-22,9661
3231,緯創,314,225,89,富邦-新店,2023-11-22,9661
2382,廣達,101,19,82,富邦-新店,2023-11-22,9661
00919,群益台灣精選高息,91,11,80,富邦-新店,2023-11-22,9661
00719B,元大美債1-3,71,0,71,富邦-新店,2023-11-22,9661
6129,普誠,72,11,61,富邦-新店,2023-11-22,9661
3078,僑威,107,48,59,富邦-新店,2023-11-22,9661
2801,彰銀,59,2,57,富邦-新店,2023-11-22,9661
8163,達方,61,9,52,富邦-新店,2023-11-22,9661
0056,元大高股息,62,14,48,富邦-新店,2023-11-22,9661
00637L,元大滬深300正2,47,0,47,富邦-新店,2023-11-22,9661
3380,明泰,53,7,46,富邦-新店,2023-11-22,9661
5302,太欣,46,1,45,富邦-新店,2023-11-22,9661
2888,新光金,54,10,44,富邦-新店,2023-11-22,9661
3325,旭品,109,66,43,富邦-新店,2023-11-22,9661
6237,驊訊,95,52,43,富邦-新店,2023-11-22,9661
2002,中鋼,61,19,42,富邦-新店,2023-11-22,9661
3479,安勤,49,9,40,富邦-新店,2023-11-22,9661
2301,光寶科,41,4,37,富邦-新店,2023-11-22,9661
6451,訊芯-KY,53,16,37,富邦-新店,2023-11-22,9661
3402,漢科,70,34,36,富邦-新店,2023-11-22,9661
8936,國統,47,11,36,富邦-新店,2023-11-22,9661
00679B,元大美債20年,200,165,35,富邦-新店,2023-11-22,9661
00921,兆豐龍頭等權重,36,2,34,富邦-新店,2023-11-22,9661
4979,華星光,40,8,32,富邦-新店,2023-11-22,9661
2201,裕隆,35,3,32,富邦-新店,2023-11-22,9661
2027,大成鋼,37,5,32,富邦-新店,2023-11-22,9661
6695,芯鼎,100,68,32,富邦-新店,2023-11-22,9661
1101,台泥,32,1,31,富邦-新店,2023-11-22,9661
6811,宏�硌穈T,36,5,31,富邦-新店,2023-11-22,9661
3548,兆利,124,93,31,富邦-新店,2023-11-22,9661
3706,神達,35,5,30,富邦-新店,2023-11-22,9661
6901,鑽石投資,42,12,30,富邦-新店,2023-11-22,9661
4916,事欣科,30,0,30,富邦-新店,2023-11-22,9661
2330,台積電,45,15,30,富邦-新店,2023-11-22,9661
8112,至上,29,0,29,富邦-新店,2023-11-22,9661
1471,首利,30,2,28,富邦-新店,2023-11-22,9661
8059,凱碩,28,0,28,富邦-新店,2023-11-22,9661
00864B,中信美國公債0-1,27,0,27,富邦-新店,2023-11-22,9661
2363,矽統,304,67,237,富邦-新店,2023-11-23,9661
3374,精材,219,19,200,富邦-新店,2023-11-23,9661
00680L,元大美債20正2,172,20,152,富邦-新店,2023-11-23,9661
00919,群益台灣精選高息,162,12,150,富邦-新店,2023-11-23,9661
00929,復華台灣科技優息,243,101,142,富邦-新店,2023-11-23,9661
2883,凱基金,165,24,141,富邦-新店,2023-11-23,9661
4188,安克,168,31,137,富邦-新店,2023-11-23,9661
6530,創威,146,15,131,富邦-新店,2023-11-23,9661
3479,安勤,110,0,110,富邦-新店,2023-11-23,9661
2105,正新,100,2,98,富邦-新店,2023-11-23,9661
4543,萬在,89,23,66,富邦-新店,2023-11-23,9661
6139,亞翔,89,28,61,富邦-新店,2023-11-23,9661
3548,兆利,93,34,59,富邦-新店,2023-11-23,9661
3380,明泰,52,0,52,富邦-新店,2023-11-23,9661
3060,銘異,51,1,50,富邦-新店,2023-11-23,9661
1714,和桐,50,0,50,富邦-新店,2023-11-23,9661
3029,零壹,47,0,47,富邦-新店,2023-11-23,9661
3706,神達,54,9,45,富邦-新店,2023-11-23,9661
1785,光洋科,133,90,43,富邦-新店,2023-11-23,9661
2382,廣達,72,31,41,富邦-新店,2023-11-23,9661
00637L,元大滬深300正2,41,1,40,富邦-新店,2023-11-23,9661
1584,精剛,52,13,39,富邦-新店,2023-11-23,9661
3231,緯創,120,82,38,富邦-新店,2023-11-23,9661
3703,欣陸,36,0,36,富邦-新店,2023-11-23,9661
2888,新光金,46,11,35,富邦-新店,2023-11-23,9661
2356,英業達,50,16,34,富邦-新店,2023-11-23,9661
3032,偉訓,64,32,32,富邦-新店,2023-11-23,9661
8358,金居,45,14,31,富邦-新店,2023-11-23,9661
9928,中視,33,2,31,富邦-新店,2023-11-23,9661
2641,正德,31,0,31,富邦-新店,2023-11-23,9661
0056,元大高股息,50,19,31,富邦-新店,2023-11-23,9661
5347,世界,105,75,30,富邦-新店,2023-11-23,9661
6016,康和證,30,0,30,富邦-新店,2023-11-23,9661
6243,迅杰,101,73,28,富邦-新店,2023-11-23,9661
00715L,期街口布蘭特正2,31,3,28,富邦-新店,2023-11-23,9661
2002,中鋼,60,34,26,富邦-新店,2023-11-23,9661
2206,三陽工業,28,2,26,富邦-新店,2023-11-23,9661
2395,研華,27,1,26,富邦-新店,2023-11-23,9661
00632R,元大台灣50反1,26,0,26,富邦-新店,2023-11-23,9661
6127,九豪,26,1,25,富邦-新店,2023-11-23,9661
8086,宏捷科,32,8,24,富邦-新店,2023-11-23,9661
2408,南亞科,45,21,24,富邦-新店,2023-11-23,9661
5533,皇鼎,24,0,24,富邦-新店,2023-11-23,9661
3035,智原,45,22,23,富邦-新店,2023-11-23,9661
6578,達邦蛋白,24,1,23,富邦-新店,2023-11-23,9661
2439,美律,24,3,21,富邦-新店,2023-11-23,9661
1618,合機,20,0,20,富邦-新店,2023-11-23,9661
2537,聯上發,31,11,20,富邦-新店,2023-11-23,9661
00934,中信成長高股息,24,4,20,富邦-新店,2023-11-23,9661
6182,合晶,22,2,20,富邦-新店,2023-11-23,9661
2313,華通,2318,225,2093,富邦-新店,2023-11-24,9661
1609,大亞,1184,42,1142,富邦-新店,2023-11-24,9661
6806,森崴能源,819,42,777,富邦-新店,2023-11-24,9661
1504,東元,617,13,604,富邦-新店,2023-11-24,9661
1503,士電,461,57,404,富邦-新店,2023-11-24,9661
00720B,元大投資級公司債,348,119,229,富邦-新店,2023-11-24,9661
2618,長榮航,247,22,225,富邦-新店,2023-11-24,9661
5521,工信,201,13,188,富邦-新店,2023-11-24,9661
1519,華城,234,53,181,富邦-新店,2023-11-24,9661
2888,新光金,246,81,165,富邦-新店,2023-11-24,9661
00633L,富邦上証正2,170,11,159,富邦-新店,2023-11-24,9661
8936,國統,123,11,112,富邦-新店,2023-11-24,9661
00715L,期街口布蘭特正2,104,10,94,富邦-新店,2023-11-24,9661
2371,大同,116,31,85,富邦-新店,2023-11-24,9661
2106,建大,80,0,80,富邦-新店,2023-11-24,9661
2891,中信金,74,9,65,富邦-新店,2023-11-24,9661
00933B,國泰10Y+金融債,69,7,62,富邦-新店,2023-11-24,9661
00919,群益台灣精選高息,64,2,62,富邦-新店,2023-11-24,9661
4188,安克,64,3,61,富邦-新店,2023-11-24,9661
3094,聯傑,163,105,58,富邦-新店,2023-11-24,9661
1815,富喬,76,20,56,富邦-新店,2023-11-24,9661
2401,凌陽,98,47,51,富邦-新店,2023-11-24,9661
00751B,元大AAA至A公司債,50,0,50,富邦-新店,2023-11-24,9661
00676R,富邦臺灣加權反1,50,0,50,富邦-新店,2023-11-24,9661
2611,志信,60,10,50,富邦-新店,2023-11-24,9661
5876,上海商銀,47,0,47,富邦-新店,2023-11-24,9661
2408,南亞科,46,4,42,富邦-新店,2023-11-24,9661
00885,富邦越南,49,10,39,富邦-新店,2023-11-24,9661
00878,國泰永續高股息,89,51,38,富邦-新店,2023-11-24,9661
3706,神達,38,1,37,富邦-新店,2023-11-24,9661
8054,安國,63,27,36,富邦-新店,2023-11-24,9661
2352,佳世達,34,0,34,富邦-新店,2023-11-24,9661
3450,聯鈞,95,62,33,富邦-新店,2023-11-24,9661
3006,晶豪科,44,12,32,富邦-新店,2023-11-24,9661
3576,聯合再生,35,3,32,富邦-新店,2023-11-24,9661
2883B,凱基金乙特,30,0,30,富邦-新店,2023-11-24,9661
4909,新復興,85,55,30,富邦-新店,2023-11-24,9661
00929,復華台灣科技優息,97,68,29,富邦-新店,2023-11-24,9661
4763,材料-KY,41,12,29,富邦-新店,2023-11-24,9661
3105,穩懋,99,71,28,富邦-新店,2023-11-24,9661
2363,矽統,80,54,26,富邦-新店,2023-11-24,9661
3004,豐達科,350,325,25,富邦-新店,2023-11-24,9661
1471,首利,25,0,25,富邦-新店,2023-11-24,9661
6684,安格,47,22,25,富邦-新店,2023-11-24,9661
2382,廣達,46,22,24,富邦-新店,2023-11-24,9661
00931B,統一美債20年,25,1,24,富邦-新店,2023-11-24,9661
2025,千興,25,1,24,富邦-新店,2023-11-24,9661
5225,東科-KY,29,6,23,富邦-新店,2023-11-24,9661
00687B,國泰20年美債,21,0,21,富邦-新店,2023-11-24,9661
00772B,中信高評級公司債,25,4,21,富邦-新店,2023-11-24,9661
2313,華通,1249,229,1020,富邦-新店,2023-11-27,9661
2408,南亞科,318,0,318,富邦-新店,2023-11-27,9661
2371,大同,300,24,276,富邦-新店,2023-11-27,9661
2476,鉅祥,199,27,172,富邦-新店,2023-11-27,9661
00919,群益台灣精選高息,133,5,128,富邦-新店,2023-11-27,9661
00720B,元大投資級公司債,116,0,116,富邦-新店,2023-11-27,9661
3231,緯創,195,85,110,富邦-新店,2023-11-27,9661
0056,元大高股息,108,6,102,富邦-新店,2023-11-27,9661
5521,工信,111,10,101,富邦-新店,2023-11-27,9661
00936,台新永續高息中小,102,6,96,富邦-新店,2023-11-27,9661
2303,聯電,110,18,92,富邦-新店,2023-11-27,9661
3078,僑威,86,2,84,富邦-新店,2023-11-27,9661
2883,凱基金,162,83,79,富邦-新店,2023-11-27,9661
2317,鴻海,82,7,75,富邦-新店,2023-11-27,9661
1714,和桐,75,0,75,富邦-新店,2023-11-27,9661
8933,愛地雅,62,0,62,富邦-新店,2023-11-27,9661
2105,正新,65,4,61,富邦-新店,2023-11-27,9661
4188,安克,69,12,57,富邦-新店,2023-11-27,9661
00679B,元大美債20年,58,2,56,富邦-新店,2023-11-27,9661
00931B,統一美債20年,51,0,51,富邦-新店,2023-11-27,9661
2312,金寶,51,0,51,富邦-新店,2023-11-27,9661
1325,恆大,51,2,49,富邦-新店,2023-11-27,9661
00715L,期街口布蘭特正2,48,0,48,富邦-新店,2023-11-27,9661
2455,全新,64,17,47,富邦-新店,2023-11-27,9661
00633L,富邦上証正2,155,108,47,富邦-新店,2023-11-27,9661
5347,世界,106,59,47,富邦-新店,2023-11-27,9661
3706,神達,56,13,43,富邦-新店,2023-11-27,9661
6901,鑽石投資,52,10,42,富邦-新店,2023-11-27,9661
6578,達邦蛋白,45,5,40,富邦-新店,2023-11-27,9661
00662,富邦NASDAQ,40,0,40,富邦-新店,2023-11-27,9661
1752,南光,66,26,40,富邦-新店,2023-11-27,9661
4543,萬在,40,0,40,富邦-新店,2023-11-27,9661
2382,廣達,109,69,40,富邦-新店,2023-11-27,9661
1605,華新,59,19,40,富邦-新店,2023-11-27,9661
00687B,國泰20年美債,37,0,37,富邦-新店,2023-11-27,9661
2641,正德,62,26,36,富邦-新店,2023-11-27,9661
4960,誠美材,36,0,36,富邦-新店,2023-11-27,9661
00934,中信成長高股息,45,10,35,富邦-新店,2023-11-27,9661
8171,天宇,34,0,34,富邦-新店,2023-11-27,9661
5425,台半,32,1,31,富邦-新店,2023-11-27,9661
00933B,國泰10Y+金融債,38,7,31,富邦-新店,2023-11-27,9661
00751B,元大AAA至A公司債,30,0,30,富邦-新店,2023-11-27,9661
6235,華孚,54,26,28,富邦-新店,2023-11-27,9661
6282,康舒,52,25,27,富邦-新店,2023-11-27,9661
9927,泰銘,32,6,26,富邦-新店,2023-11-27,9661
4157,太景*-KY,33,7,26,富邦-新店,2023-11-27,9661
6116,彩晶,45,20,25,富邦-新店,2023-11-27,9661
2201,裕隆,27,2,25,富邦-新店,2023-11-27,9661
4746,台耀,50,26,24,富邦-新店,2023-11-27,9661
2323,中環,25,0,25,富邦-新店,2023-11-27,9661
2313,華通,7733,5722,2011,富邦-新店,2023-11-28,9661
5603,陸海,404,8,396,富邦-新店,2023-11-28,9661
5351,鈺創,360,64,296,富邦-新店,2023-11-28,9661
00632R,元大台灣50反1,267,30,237,富邦-新店,2023-11-28,9661
00676R,富邦臺灣加權反1,234,0,234,富邦-新店,2023-11-28,9661
6121,新普,219,1,218,富邦-新店,2023-11-28,9661
00885,富邦越南,200,0,200,富邦-新店,2023-11-28,9661
2374,佳能,128,0,128,富邦-新店,2023-11-28,9661
00931B,統一美債20年,107,1,106,富邦-新店,2023-11-28,9661
3694,海華,102,8,94,富邦-新店,2023-11-28,9661
00700,富邦�琤肭磪�,80,0,80,富邦-新店,2023-11-28,9661
2641,正德,194,119,75,富邦-新店,2023-11-28,9661
9938,百和,78,6,72,富邦-新店,2023-11-28,9661
6244,茂迪,71,1,70,富邦-新店,2023-11-28,9661
2377,微星,61,0,61,富邦-新店,2023-11-28,9661
2890,永豐金,65,11,54,富邦-新店,2023-11-28,9661
2332,友訊,51,0,51,富邦-新店,2023-11-28,9661
6111,大宇資,70,22,48,富邦-新店,2023-11-28,9661
2442,新美齊,69,21,48,富邦-新店,2023-11-28,9661
00679B,元大美債20年,152,107,45,富邦-新店,2023-11-28,9661
00773B,中信優先金融債,40,0,40,富邦-新店,2023-11-28,9661
5529,鉅陞,35,0,35,富邦-新店,2023-11-28,9661
2888,新光金,55,20,35,富邦-新店,2023-11-28,9661
3231,緯創,66,34,32,富邦-新店,2023-11-28,9661
00712,復華富時不動產,31,0,31,富邦-新店,2023-11-28,9661
1784,訊聯,31,0,31,富邦-新店,2023-11-28,9661
00637L,元大滬深300正2,32,1,31,富邦-新店,2023-11-28,9661
1701,中化,38,7,31,富邦-新店,2023-11-28,9661
1514,亞力,81,51,30,富邦-新店,2023-11-28,9661
8183,精星,34,4,30,富邦-新店,2023-11-28,9661
5347,世界,58,30,28,富邦-新店,2023-11-28,9661
2457,飛宏,55,28,27,富邦-新店,2023-11-28,9661
00680L,元大美債20正2,27,1,26,富邦-新店,2023-11-28,9661
1324,地球,27,1,26,富邦-新店,2023-11-28,9661
2605,新興,146,122,24,富邦-新店,2023-11-28,9661
6757,台灣虎航,23,0,23,富邦-新店,2023-11-28,9661
2603,長榮,26,4,22,富邦-新店,2023-11-28,9661
4561,健椿,22,0,22,富邦-新店,2023-11-28,9661
2376,技嘉,38,16,22,富邦-新店,2023-11-28,9661
2303,聯電,60,38,22,富邦-新店,2023-11-28,9661
1319,東陽,23,2,21,富邦-新店,2023-11-28,9661
2395,研華,23,2,21,富邦-新店,2023-11-28,9661
3033,威健,20,0,20,富邦-新店,2023-11-28,9661
2461,光群雷,20,0,20,富邦-新店,2023-11-28,9661
2537,聯上發,20,0,20,富邦-新店,2023-11-28,9661
1582,信錦,24,5,19,富邦-新店,2023-11-28,9661
8150,南茂,21,2,19,富邦-新店,2023-11-28,9661
5533,皇鼎,20,1,19,富邦-新店,2023-11-28,9661
00935,野村臺灣新科技50,21,2,19,富邦-新店,2023-11-28,9661
6271,同欣電,134,115,19,富邦-新店,2023-11-28,9661
00720B,元大投資級公司債,774,269,505,富邦-新店,2023-11-29,9661
00679B,元大美債20年,497,7,490,富邦-新店,2023-11-29,9661
00687B,國泰20年美債,416,5,411,富邦-新店,2023-11-29,9661
00751B,元大AAA至A公司債,411,3,408,富邦-新店,2023-11-29,9661
00795B,中信美國公債20年,408,1,407,富邦-新店,2023-11-29,9661
00772B,中信高評級公司債,402,1,401,富邦-新店,2023-11-29,9661
00696B,富邦美債20年,401,4,397,富邦-新店,2023-11-29,9661
3548,兆利,180,28,152,富邦-新店,2023-11-29,9661
00882,中信中國高股息,141,1,140,富邦-新店,2023-11-29,9661
00676R,富邦臺灣加權反1,114,0,114,富邦-新店,2023-11-29,9661
1605,華新,111,3,108,富邦-新店,2023-11-29,9661
3227,原相,138,36,102,富邦-新店,2023-11-29,9661
4442,竣邦-KY,100,2,98,富邦-新店,2023-11-29,9661
2618,長榮航,134,38,96,富邦-新店,2023-11-29,9661
2883,凱基金,176,81,95,富邦-新店,2023-11-29,9661
6243,迅杰,146,58,88,富邦-新店,2023-11-29,9661
5351,鈺創,160,86,74,富邦-新店,2023-11-29,9661
2515,中工,73,0,73,富邦-新店,2023-11-29,9661
3231,緯創,128,63,65,富邦-新店,2023-11-29,9661
00919,群益台灣精選高息,91,31,60,富邦-新店,2023-11-29,9661
00662,富邦NASDAQ,54,0,54,富邦-新店,2023-11-29,9661
8068,全達,55,1,54,富邦-新店,2023-11-29,9661
2610,華航,61,9,52,富邦-新店,2023-11-29,9661
2347,聯強,59,7,52,富邦-新店,2023-11-29,9661
2801,彰銀,59,7,52,富邦-新店,2023-11-29,9661
6190,萬泰科,50,1,49,富邦-新店,2023-11-29,9661
2408,南亞科,81,32,49,富邦-新店,2023-11-29,9661
2603,長榮,51,4,47,富邦-新店,2023-11-29,9661
2891,中信金,55,11,44,富邦-新店,2023-11-29,9661
2367,燿華,50,7,43,富邦-新店,2023-11-29,9661
5608,四維航,47,5,42,富邦-新店,2023-11-29,9661
5328,華容,53,14,39,富邦-新店,2023-11-29,9661
00934,中信成長高股息,40,2,38,富邦-新店,2023-11-29,9661
2402,毅嘉,44,8,36,富邦-新店,2023-11-29,9661
6104,創惟,54,18,36,富邦-新店,2023-11-29,9661
6125,廣運,45,10,35,富邦-新店,2023-11-29,9661
00935,野村臺灣新科技50,34,0,34,富邦-新店,2023-11-29,9661
3060,銘異,40,6,34,富邦-新店,2023-11-29,9661
00933B,國泰10Y+金融債,41,7,34,富邦-新店,2023-11-29,9661
3305,昇貿,40,9,31,富邦-新店,2023-11-29,9661
3530,晶相光,76,45,31,富邦-新店,2023-11-29,9661
1457,宜進,30,0,30,富邦-新店,2023-11-29,9661
3704,合勤控,49,20,29,富邦-新店,2023-11-29,9661
2344,華邦電,264,235,29,富邦-新店,2023-11-29,9661
6122,擎邦,29,1,28,富邦-新店,2023-11-29,9661
3234,光環,36,8,28,富邦-新店,2023-11-29,9661
2605,新興,31,4,27,富邦-新店,2023-11-29,9661
6443,元晶,27,1,26,富邦-新店,2023-11-29,9661
4157,太景*-KY,51,25,26,富邦-新店,2023-11-29,9661
3363,上詮,71,46,25,富邦-新店,2023-11-29,9661
1445,大宇,313,0,313,富邦-新店,2023-11-30,9661
00665L,富邦�琤肭磪囓�2,177,0,177,富邦-新店,2023-11-30,9661
00679B,元大美債20年,181,23,158,富邦-新店,2023-11-30,9661
2408,南亞科,192,94,98,富邦-新店,2023-11-30,9661
1463,強盛新,80,0,80,富邦-新店,2023-11-30,9661
1324,地球,73,0,73,富邦-新店,2023-11-30,9661
3231,緯創,109,43,66,富邦-新店,2023-11-30,9661
1714,和桐,63,0,63,富邦-新店,2023-11-30,9661
00933B,國泰10Y+金融債,75,12,63,富邦-新店,2023-11-30,9661
00934,中信成長高股息,63,1,62,富邦-新店,2023-11-30,9661
3479,安勤,63,9,54,富邦-新店,2023-11-30,9661
2520,冠德,51,1,50,富邦-新店,2023-11-30,9661
2442,新美齊,50,0,50,富邦-新店,2023-11-30,9661
2888,新光金,62,14,48,富邦-新店,2023-11-30,9661
3005,神基,68,21,47,富邦-新店,2023-11-30,9661
2371,大同,54,8,46,富邦-新店,2023-11-30,9661
00919,群益台灣精選高息,53,11,42,富邦-新店,2023-11-30,9661
2332,友訊,412,371,41,富邦-新店,2023-11-30,9661
2317,鴻海,44,3,41,富邦-新店,2023-11-30,9661
3141,晶宏,71,33,38,富邦-新店,2023-11-30,9661
6243,迅杰,64,27,37,富邦-新店,2023-11-30,9661
2201,裕隆,48,11,37,富邦-新店,2023-11-30,9661
2353,宏��,231,196,35,富邦-新店,2023-11-30,9661
8932,智通*,43,11,32,富邦-新店,2023-11-30,9661
6719,力智,35,3,32,富邦-新店,2023-11-30,9661
00882,中信中國高股息,43,12,31,富邦-新店,2023-11-30,9661
2883B,凱基金乙特,30,0,30,富邦-新店,2023-11-30,9661
6276,安鈦克,42,12,30,富邦-新店,2023-11-30,9661
00688L,國泰20年美債正2,30,0,30,富邦-新店,2023-11-30,9661
3059,華晶科,48,18,30,富邦-新店,2023-11-30,9661
0056,元大高股息,41,11,30,富邦-新店,2023-11-30,9661
2401,凌陽,60,31,29,富邦-新店,2023-11-30,9661
2542,興富發,29,0,29,富邦-新店,2023-11-30,9661
3260,威剛,56,29,27,富邦-新店,2023-11-30,9661
8112,至上,57,30,27,富邦-新店,2023-11-30,9661
1449,佳和,26,0,26,富邦-新店,2023-11-30,9661
5272,笙科,40,14,26,富邦-新店,2023-11-30,9661
4534,慶騰,25,0,25,富邦-新店,2023-11-30,9661
5608,四維航,59,34,25,富邦-新店,2023-11-30,9661
2603,長榮,27,3,24,富邦-新店,2023-11-30,9661
5309,系統電,26,2,24,富邦-新店,2023-11-30,9661
8028,昇陽半導體,24,1,23,富邦-新店,2023-11-30,9661
1582,信錦,51,28,23,富邦-新店,2023-11-30,9661
3704,合勤控,63,41,22,富邦-新店,2023-11-30,9661
5439,高技,64,43,21,富邦-新店,2023-11-30,9661
00935,野村臺灣新科技50,21,0,21,富邦-新店,2023-11-30,9661
2723,美食-KY,20,0,20,富邦-新店,2023-11-30,9661
4414,如興,20,0,20,富邦-新店,2023-11-30,9661
2457,飛宏,35,15,20,富邦-新店,2023-11-30,9661
2369,菱生,47,27,20,富邦-新店,2023-11-30,9661
1445,大宇,524,61,463,富邦-新店,2023-12-01,9661
00715L,期街口布蘭特正2,183,0,183,富邦-新店,2023-12-01,9661
3363,上詮,219,36,183,富邦-新店,2023-12-01,9661
2367,燿華,465,284,181,富邦-新店,2023-12-01,9661
1513,中興電,211,64,147,富邦-新店,2023-12-01,9661
2324,仁寶,136,7,129,富邦-新店,2023-12-01,9661
00919,群益台灣精選高息,201,76,125,富邦-新店,2023-12-01,9661
00679B,元大美債20年,126,4,122,富邦-新店,2023-12-01,9661
00687B,國泰20年美債,121,0,121,富邦-新店,2023-12-01,9661
2363,矽統,185,72,113,富邦-新店,2023-12-01,9661
2204,中華,104,5,99,富邦-新店,2023-12-01,9661
1519,華城,133,35,98,富邦-新店,2023-12-01,9661
3704,合勤控,100,4,96,富邦-新店,2023-12-01,9661
2891,中信金,130,38,92,富邦-新店,2023-12-01,9661
2618,長榮航,100,10,90,富邦-新店,2023-12-01,9661
5425,台半,89,3,86,富邦-新店,2023-12-01,9661
2883,凱基金,139,54,85,富邦-新店,2023-12-01,9661
00878,國泰永續高股息,83,9,74,富邦-新店,2023-12-01,9661
00915,凱基優選高股息30,77,3,74,富邦-新店,2023-12-01,9661
2888,新光金,144,71,73,富邦-新店,2023-12-01,9661
00753L,中信中國50正2,72,0,72,富邦-新店,2023-12-01,9661
3665,貿聯-KY,63,9,54,富邦-新店,2023-12-01,9661
3231,緯創,124,72,52,富邦-新店,2023-12-01,9661
6108,競國,55,6,49,富邦-新店,2023-12-01,9661
00897,富邦基因免疫生技,50,2,48,富邦-新店,2023-12-01,9661
00885,富邦越南,52,5,47,富邦-新店,2023-12-01,9661
1101,台泥,68,22,46,富邦-新店,2023-12-01,9661
00637L,元大滬深300正2,44,2,42,富邦-新店,2023-12-01,9661
6122,擎邦,59,16,43,富邦-新店,2023-12-01,9661
6143,振曜,55,14,41,富邦-新店,2023-12-01,9661
2890,永豐金,42,3,39,富邦-新店,2023-12-01,9661
2355,敬鵬,61,26,35,富邦-新店,2023-12-01,9661
00633L,富邦上証正2,38,3,35,富邦-新店,2023-12-01,9661
4157,太景*-KY,50,16,34,富邦-新店,2023-12-01,9661
1616,億泰,39,5,34,富邦-新店,2023-12-01,9661
2886,兆豐金,41,7,34,富邦-新店,2023-12-01,9661
1611,中電,32,0,32,富邦-新店,2023-12-01,9661
2002,中鋼,79,47,32,富邦-新店,2023-12-01,9661
4961,天鈺,44,13,31,富邦-新店,2023-12-01,9661
2887,台新金,33,2,31,富邦-新店,2023-12-01,9661
2317,鴻海,37,6,31,富邦-新店,2023-12-01,9661
2353,宏��,68,38,30,富邦-新店,2023-12-01,9661
2615,萬海,60,30,30,富邦-新店,2023-12-01,9661
1605,華新,36,7,29,富邦-新店,2023-12-01,9661
6139,亞翔,39,10,29,富邦-新店,2023-12-01,9661
2408,南亞科,53,24,29,富邦-新店,2023-12-01,9661
1514,亞力,62,35,27,富邦-新店,2023-12-01,9661
00720B,元大投資級公司債,27,1,26,富邦-新店,2023-12-01,9661
00772B,中信高評級公司債,26,0,26,富邦-新店,2023-12-01,9661
00680L,元大美債20正2,35,10,25,富邦-新店,2023-12-01,9661
6285,啟��,932,20,912,富邦-新店,2023-12-04,9661
2408,南亞科,691,29,662,富邦-新店,2023-12-04,9661
00919,群益台灣精選高息,445,78,367,富邦-新店,2023-12-04,9661
00715L,期街口布蘭特正2,358,2,356,富邦-新店,2023-12-04,9661
2303,聯電,209,57,152,富邦-新店,2023-12-04,9661
00679B,元大美債20年,130,18,112,富邦-新店,2023-12-04,9661
5608,四維航,158,50,108,富邦-新店,2023-12-04,9661
2515,中工,100,0,100,富邦-新店,2023-12-04,9661
3287,廣寰科,100,1,99,富邦-新店,2023-12-04,9661
2387,精元,96,2,94,富邦-新店,2023-12-04,9661
2401,凌陽,124,35,89,富邦-新店,2023-12-04,9661
00918,大華優利高填息30,86,3,83,富邦-新店,2023-12-04,9661
3231,緯創,129,48,81,富邦-新店,2023-12-04,9661
00933B,國泰10Y+金融債,77,0,77,富邦-新店,2023-12-04,9661
4420,光明,77,0,77,富邦-新店,2023-12-04,9661
2883,凱基金,111,39,72,富邦-新店,2023-12-04,9661
4951,精拓科,75,8,67,富邦-新店,2023-12-04,9661
3450,聯鈞,87,25,62,富邦-新店,2023-12-04,9661
1504,東元,69,11,58,富邦-新店,2023-12-04,9661
00712,復華富時不動產,88,30,58,富邦-新店,2023-12-04,9661
2329,華泰,255,199,56,富邦-新店,2023-12-04,9661
4532,瑞智,56,2,54,富邦-新店,2023-12-04,9661
2543,皇昌,99,45,54,富邦-新店,2023-12-04,9661
3380,明泰,178,125,53,富邦-新店,2023-12-04,9661
2520,冠德,53,3,50,富邦-新店,2023-12-04,9661
00936,台新永續高息中小,50,1,49,富邦-新店,2023-12-04,9661
3715,定穎投控,86,40,46,富邦-新店,2023-12-04,9661
3276,宇環,51,6,45,富邦-新店,2023-12-04,9661
8046,南電,104,59,45,富邦-新店,2023-12-04,9661
00753L,中信中國50正2,49,6,43,富邦-新店,2023-12-04,9661
2376,技嘉,78,35,43,富邦-新店,2023-12-04,9661
5465,富驊,42,2,40,富邦-新店,2023-12-04,9661
2402,毅嘉,35,0,35,富邦-新店,2023-12-04,9661
1313,聯成,36,2,34,富邦-新店,2023-12-04,9661
2363,矽統,135,102,33,富邦-新店,2023-12-04,9661
2617,台航,52,20,32,富邦-新店,2023-12-04,9661
00720B,元大投資級公司債,50,18,32,富邦-新店,2023-12-04,9661
0050,元大台灣50,32,1,31,富邦-新店,2023-12-04,9661
00751B,元大AAA至A公司債,77,46,31,富邦-新店,2023-12-04,9661
6108,競國,39,8,31,富邦-新店,2023-12-04,9661
00773B,中信優先金融債,30,0,30,富邦-新店,2023-12-04,9661
00654R,富邦印度反1,30,0,30,富邦-新店,2023-12-04,9661
00642U,期元大S＆P石油,40,11,29,富邦-新店,2023-12-04,9661
8390,金益鼎,40,12,28,富邦-新店,2023-12-04,9661
1701,中化,38,10,28,富邦-新店,2023-12-04,9661
00637L,元大滬深300正2,59,31,28,富邦-新店,2023-12-04,9661
00687B,國泰20年美債,33,7,26,富邦-新店,2023-12-04,9661
3141,晶宏,59,33,26,富邦-新店,2023-12-04,9661
3706,神達,58,33,25,富邦-新店,2023-12-04,9661
2444,兆勁,25,0,25,富邦-新店,2023-12-04,9661
00919,群益台灣精選高息,753,11,742,富邦-新店,2023-12-05,9661
6248,沛波,559,17,542,富邦-新店,2023-12-05,9661
2408,南亞科,429,26,403,富邦-新店,2023-12-05,9661
00937B,群益ESG投等債20,1434,1051,383,富邦-新店,2023-12-05,9661
00929,復華台灣科技優息,358,55,303,富邦-新店,2023-12-05,9661
00715L,期街口布蘭特正2,282,0,282,富邦-新店,2023-12-05,9661
00679B,元大美債20年,183,12,171,富邦-新店,2023-12-05,9661
2609,陽明,176,28,148,富邦-新店,2023-12-05,9661
00878,國泰永續高股息,158,15,143,富邦-新店,2023-12-05,9661
00918,大華優利高填息30,143,7,136,富邦-新店,2023-12-05,9661
3029,零壹,118,9,109,富邦-新店,2023-12-05,9661
00933B,國泰10Y+金融債,105,0,105,富邦-新店,2023-12-05,9661
3390,旭軟,115,12,103,富邦-新店,2023-12-05,9661
3088,艾訊,102,0,102,富邦-新店,2023-12-05,9661
6245,立端,108,9,99,富邦-新店,2023-12-05,9661
00882,中信中國高股息,114,19,95,富邦-新店,2023-12-05,9661
2614,東森,101,6,95,富邦-新店,2023-12-05,9661
4167,松瑞藥,310,226,84,富邦-新店,2023-12-05,9661
00680L,元大美債20正2,85,6,79,富邦-新店,2023-12-05,9661
00934,中信成長高股息,77,0,77,富邦-新店,2023-12-05,9661
2887,台新金,70,2,68,富邦-新店,2023-12-05,9661
5381,合正,82,15,67,富邦-新店,2023-12-05,9661
2606,裕民,208,144,64,富邦-新店,2023-12-05,9661
1513,中興電,213,151,62,富邦-新店,2023-12-05,9661
1605,華新,74,13,61,富邦-新店,2023-12-05,9661
2618,長榮航,65,13,52,富邦-新店,2023-12-05,9661
6916,華凌,54,3,51,富邦-新店,2023-12-05,9661
2612,中航,112,62,50,富邦-新店,2023-12-05,9661
2882,國泰金,52,2,50,富邦-新店,2023-12-05,9661
00795B,中信美國公債20年,50,2,48,富邦-新店,2023-12-05,9661
2363,矽統,85,39,46,富邦-新店,2023-12-05,9661
2303,聯電,51,7,44,富邦-新店,2023-12-05,9661
2387,精元,48,5,43,富邦-新店,2023-12-05,9661
2816,旺旺保,40,0,40,富邦-新店,2023-12-05,9661
2460,建通,42,2,40,富邦-新店,2023-12-05,9661
2316,楠梓電,40,0,40,富邦-新店,2023-12-05,9661
8088,品安,51,13,38,富邦-新店,2023-12-05,9661
00633L,富邦上証正2,41,3,38,富邦-新店,2023-12-05,9661
1708,東鹼,39,1,38,富邦-新店,2023-12-05,9661
00713,元大台灣高息低波,36,1,35,富邦-新店,2023-12-05,9661
00687B,國泰20年美債,40,6,34,富邦-新店,2023-12-05,9661
2891,中信金,39,6,33,富邦-新店,2023-12-05,9661
6288,聯嘉,38,5,33,富邦-新店,2023-12-05,9661
4951,精拓科,34,2,32,富邦-新店,2023-12-05,9661
2543,皇昌,42,11,31,富邦-新店,2023-12-05,9661
5347,世界,51,20,31,富邦-新店,2023-12-05,9661
2883B,凱基金乙特,30,0,30,富邦-新店,2023-12-05,9661
2014,中鴻,30,0,30,富邦-新店,2023-12-05,9661
2331,精英,30,0,30,富邦-新店,2023-12-05,9661
2892,第一金,32,3,29,富邦-新店,2023-12-05,9661
2408,南亞科,567,44,523,富邦-新店,2023-12-06,9661
00937B,群益ESG投等債20,654,158,496,富邦-新店,2023-12-06,9661
00919,群益台灣精選高息,460,8,452,富邦-新店,2023-12-06,9661
6227,茂綸,216,2,214,富邦-新店,2023-12-06,9661
00680L,元大美債20正2,152,8,144,富邦-新店,2023-12-06,9661
5864,致和證,138,1,137,富邦-新店,2023-12-06,9661
00679B,元大美債20年,153,17,136,富邦-新店,2023-12-06,9661
3390,旭軟,109,11,98,富邦-新店,2023-12-06,9661
9945,潤泰新,105,12,93,富邦-新店,2023-12-06,9661
2367,燿華,140,48,92,富邦-新店,2023-12-06,9661
00720B,元大投資級公司債,88,6,82,富邦-新店,2023-12-06,9661
00637L,元大滬深300正2,147,67,80,富邦-新店,2023-12-06,9661
00632R,元大台灣50反1,103,24,79,富邦-新店,2023-12-06,9661
3013,晟銘電,238,174,64,富邦-新店,2023-12-06,9661
2355,敬鵬,120,62,58,富邦-新店,2023-12-06,9661
8171,天宇,55,1,54,富邦-新店,2023-12-06,9661
2344,華邦電,61,12,49,富邦-新店,2023-12-06,9661
2888,新光金,55,6,49,富邦-新店,2023-12-06,9661
5347,世界,55,7,48,富邦-新店,2023-12-06,9661
1101,台泥,45,2,43,富邦-新店,2023-12-06,9661
00931B,統一美債20年,95,54,41,富邦-新店,2023-12-06,9661
4956,光鋐,38,0,38,富邦-新店,2023-12-06,9661
6446,藥華藥,44,10,34,富邦-新店,2023-12-06,9661
3231,緯創,96,62,34,富邦-新店,2023-12-06,9661
2303,聯電,72,40,32,富邦-新店,2023-12-06,9661
00713,元大台灣高息低波,33,2,31,富邦-新店,2023-12-06,9661
1605,華新,35,5,30,富邦-新店,2023-12-06,9661
00918,大華優利高填息30,30,1,29,富邦-新店,2023-12-06,9661
00857B,永豐20年美公債,29,0,29,富邦-新店,2023-12-06,9661
6117,迎廣,70,46,24,富邦-新店,2023-12-06,9661
2606,裕民,198,174,24,富邦-新店,2023-12-06,9661
6139,亞翔,36,12,24,富邦-新店,2023-12-06,9661
6244,茂迪,26,2,24,富邦-新店,2023-12-06,9661
2610,華航,29,5,24,富邦-新店,2023-12-06,9661
00665L,富邦�琤肭磪囓�2,24,0,24,富邦-新店,2023-12-06,9661
00929,復華台灣科技優息,152,129,23,富邦-新店,2023-12-06,9661
6148,驊宏資,33,10,23,富邦-新店,2023-12-06,9661
2419,仲琦,85,62,23,富邦-新店,2023-12-06,9661
00687B,國泰20年美債,55,32,23,富邦-新店,2023-12-06,9661
00642U,期元大S＆P石油,22,0,22,富邦-新店,2023-12-06,9661
3122,笙泉,28,6,22,富邦-新店,2023-12-06,9661
6811,宏�硌穈T,23,2,21,富邦-新店,2023-12-06,9661
3044,健鼎,22,1,21,富邦-新店,2023-12-06,9661
6213,聯茂,22,1,21,富邦-新店,2023-12-06,9661
00933B,國泰10Y+金融債,25,4,21,富邦-新店,2023-12-06,9661
00772B,中信高評級公司債,29,9,20,富邦-新店,2023-12-06,9661
9105,泰金寶-DR,20,0,20,富邦-新店,2023-12-06,9661
2637,慧洋-KY,30,10,20,富邦-新店,2023-12-06,9661
6116,彩晶,20,0,20,富邦-新店,2023-12-06,9661
1504,東元,54,35,19,富邦-新店,2023-12-06,9661
2618,長榮航,1618,268,1350,富邦-新店,2023-12-07,9661
00919,群益台灣精選高息,672,54,618,富邦-新店,2023-12-07,9661
00937B,群益ESG投等債20,552,285,267,富邦-新店,2023-12-07,9661
1605,華新,262,19,243,富邦-新店,2023-12-07,9661
00679B,元大美債20年,266,55,211,富邦-新店,2023-12-07,9661
00929,復華台灣科技優息,331,125,206,富邦-新店,2023-12-07,9661
00715L,期街口布蘭特正2,183,9,174,富邦-新店,2023-12-07,9661
2365,昆盈,164,11,153,富邦-新店,2023-12-07,9661
00688L,國泰20年美債正2,141,10,131,富邦-新店,2023-12-07,9661
2353,宏��,124,19,105,富邦-新店,2023-12-07,9661
2425,承啟,122,32,90,富邦-新店,2023-12-07,9661
00720B,元大投資級公司債,234,147,87,富邦-新店,2023-12-07,9661
1313,聯成,86,0,86,富邦-新店,2023-12-07,9661
1568,倉佑,197,112,85,富邦-新店,2023-12-07,9661
00882,中信中國高股息,97,14,83,富邦-新店,2023-12-07,9661
2303,聯電,89,22,67,富邦-新店,2023-12-07,9661
2890,永豐金,67,1,66,富邦-新店,2023-12-07,9661
00772B,中信高評級公司債,70,9,61,富邦-新店,2023-12-07,9661
9934,成霖,60,0,60,富邦-新店,2023-12-07,9661
00712,復華富時不動產,66,10,56,富邦-新店,2023-12-07,9661
1528,恩德,56,1,55,富邦-新店,2023-12-07,9661
2324,仁寶,61,7,54,富邦-新店,2023-12-07,9661
2363,矽統,83,28,55,富邦-新店,2023-12-07,9661
1466,聚隆,56,2,54,富邦-新店,2023-12-07,9661
2641,正德,57,9,48,富邦-新店,2023-12-07,9661
8930,青鋼,52,5,47,富邦-新店,2023-12-07,9661
2888,新光金,65,20,45,富邦-新店,2023-12-07,9661
00931B,統一美債20年,193,150,43,富邦-新店,2023-12-07,9661
00933B,國泰10Y+金融債,43,0,43,富邦-新店,2023-12-07,9661
1612,宏泰,62,20,42,富邦-新店,2023-12-07,9661
8088,品安,58,17,41,富邦-新店,2023-12-07,9661
1455,集盛,41,0,41,富邦-新店,2023-12-07,9661
2882,國泰金,48,8,40,富邦-新店,2023-12-07,9661
00918,大華優利高填息30,39,0,39,富邦-新店,2023-12-07,9661
00642U,期元大S＆P石油,39,0,39,富邦-新店,2023-12-07,9661
2881,富邦金,44,6,38,富邦-新店,2023-12-07,9661
2493,揚博,38,0,38,富邦-新店,2023-12-07,9661
00915,凱基優選高股息30,38,1,37,富邦-新店,2023-12-07,9661
2637,慧洋-KY,37,1,36,富邦-新店,2023-12-07,9661
3402,漢科,33,0,33,富邦-新店,2023-12-07,9661
00713,元大台灣高息低波,41,9,32,富邦-新店,2023-12-07,9661
2605,新興,74,43,31,富邦-新店,2023-12-07,9661
5452,佶優,46,15,31,富邦-新店,2023-12-07,9661
1217,愛之味,30,0,30,富邦-新店,2023-12-07,9661
8054,安國,118,89,29,富邦-新店,2023-12-07,9661
3059,華晶科,203,174,29,富邦-新店,2023-12-07,9661
2891,中信金,31,3,28,富邦-新店,2023-12-07,9661
2399,映泰,179,151,28,富邦-新店,2023-12-07,9661
0056,元大高股息,51,23,28,富邦-新店,2023-12-07,9661
5426,振發,45,18,27,富邦-新店,2023-12-07,9661
2618,長榮航,4224,1456,2768,富邦-新店,2023-12-08,9661
1540,喬福,1868,879,989,富邦-新店,2023-12-08,9661
00919,群益台灣精選高息,297,17,280,富邦-新店,2023-12-08,9661
00882,中信中國高股息,223,2,221,富邦-新店,2023-12-08,9661
00687B,國泰20年美債,177,6,171,富邦-新店,2023-12-08,9661
00937B,群益ESG投等債20,278,107,171,富邦-新店,2023-12-08,9661
2399,映泰,172,33,139,富邦-新店,2023-12-08,9661
3287,廣寰科,141,6,135,富邦-新店,2023-12-08,9661
00679B,元大美債20年,137,10,127,富邦-新店,2023-12-08,9661
2605,新興,250,150,100,富邦-新店,2023-12-08,9661
1444,力麗,95,0,95,富邦-新店,2023-12-08,9661
00688L,國泰20年美債正2,91,1,90,富邦-新店,2023-12-08,9661
9945,潤泰新,88,5,83,富邦-新店,2023-12-08,9661
00931B,統一美債20年,79,7,72,富邦-新店,2023-12-08,9661
00720B,元大投資級公司債,75,7,68,富邦-新店,2023-12-08,9661
3032,偉訓,74,7,67,富邦-新店,2023-12-08,9661
2312,金寶,69,6,63,富邦-新店,2023-12-08,9661
2363,矽統,102,42,60,富邦-新店,2023-12-08,9661
00632R,元大台灣50反1,60,0,60,富邦-新店,2023-12-08,9661
1616,億泰,56,5,51,富邦-新店,2023-12-08,9661
2387,精元,48,0,48,富邦-新店,2023-12-08,9661
2641,正德,51,7,44,富邦-新店,2023-12-08,9661
00715L,期街口布蘭特正2,53,9,44,富邦-新店,2023-12-08,9661
00725B,國泰投資級公司債,42,0,42,富邦-新店,2023-12-08,9661
2329,華泰,66,25,41,富邦-新店,2023-12-08,9661
3479,安勤,37,2,35,富邦-新店,2023-12-08,9661
00795B,中信美國公債20年,40,5,35,富邦-新店,2023-12-08,9661
00891,中信關鍵半導體,62,28,34,富邦-新店,2023-12-08,9661
2404,漢唐,34,0,34,富邦-新店,2023-12-08,9661
2376,技嘉,89,57,32,富邦-新店,2023-12-08,9661
00858,永豐美國500大,30,0,30,富邦-新店,2023-12-08,9661
2883B,凱基金乙特,30,0,30,富邦-新店,2023-12-08,9661
4906,正文,289,261,28,富邦-新店,2023-12-08,9661
00772B,中信高評級公司債,29,2,27,富邦-新店,2023-12-08,9661
3213,茂訊,31,5,26,富邦-新店,2023-12-08,9661
6122,擎邦,27,1,26,富邦-新店,2023-12-08,9661
4744,皇將,26,0,26,富邦-新店,2023-12-08,9661
2609,陽明,36,10,26,富邦-新店,2023-12-08,9661
2332,友訊,27,2,25,富邦-新店,2023-12-08,9661
1513,中興電,59,35,24,富邦-新店,2023-12-08,9661
3715,定穎投控,53,30,23,富邦-新店,2023-12-08,9661
3231,緯創,73,51,22,富邦-新店,2023-12-08,9661
00706L,期元大S＆P日圓正2,32,11,21,富邦-新店,2023-12-08,9661
2211,長榮鋼,23,2,21,富邦-新店,2023-12-08,9661
9938,百和,22,2,20,富邦-新店,2023-12-08,9661
1217,愛之味,20,0,20,富邦-新店,2023-12-08,9661
00933B,國泰10Y+金融債,22,2,20,富邦-新店,2023-12-08,9661
4960,誠美材,20,0,20,富邦-新店,2023-12-08,9661
2449,京元電子,25,5,20,富邦-新店,2023-12-08,9661
00713,元大台灣高息低波,23,3,20,富邦-新店,2023-12-08,9661
00919,群益台灣精選高息,774,92,682,富邦-新店,2023-12-11,9661
8096,擎亞,330,22,308,富邦-新店,2023-12-11,9661
00929,復華台灣科技優息,395,151,244,富邦-新店,2023-12-11,9661
00687B,國泰20年美債,234,3,231,富邦-新店,2023-12-11,9661
1714,和桐,211,0,211,富邦-新店,2023-12-11,9661
2610,華航,215,15,200,富邦-新店,2023-12-11,9661
2618,長榮航,175,17,158,富邦-新店,2023-12-11,9661
00937B,群益ESG投等債20,376,224,152,富邦-新店,2023-12-11,9661
00751B,元大AAA至A公司債,196,75,121,富邦-新店,2023-12-11,9661
1612,宏泰,212,100,112,富邦-新店,2023-12-11,9661
00918,大華優利高填息30,103,0,103,富邦-新店,2023-12-11,9661
2388,威盛,153,51,102,富邦-新店,2023-12-11,9661
2888,新光金,128,36,92,富邦-新店,2023-12-11,9661
2605,新興,120,39,81,富邦-新店,2023-12-11,9661
1568,倉佑,105,29,76,富邦-新店,2023-12-11,9661
4967,十銓,101,26,75,富邦-新店,2023-12-11,9661
2002,中鋼,90,16,74,富邦-新店,2023-12-11,9661
00882,中信中國高股息,97,30,67,富邦-新店,2023-12-11,9661
1815,富喬,64,3,61,富邦-新店,2023-12-11,9661
00688L,國泰20年美債正2,60,1,59,富邦-新店,2023-12-11,9661
1519,華城,92,35,57,富邦-新店,2023-12-11,9661
00679B,元大美債20年,62,5,57,富邦-新店,2023-12-11,9661
6170,統振,60,3,57,富邦-新店,2023-12-11,9661
6530,創威,63,10,53,富邦-新店,2023-12-11,9661
2537,聯上發,75,24,51,富邦-新店,2023-12-11,9661
1608,華榮,52,5,47,富邦-新店,2023-12-11,9661
1438,三地開發,44,0,44,富邦-新店,2023-12-11,9661
6531,愛普*,47,5,42,富邦-新店,2023-12-11,9661
00931B,統一美債20年,40,0,40,富邦-新店,2023-12-11,9661
1615,大山,40,0,40,富邦-新店,2023-12-11,9661
4164,承業醫,39,0,39,富邦-新店,2023-12-11,9661
5426,振發,82,44,38,富邦-新店,2023-12-11,9661
1101,台泥,44,6,38,富邦-新店,2023-12-11,9661
2516,新建,45,8,37,富邦-新店,2023-12-11,9661
00772B,中信高評級公司債,38,2,36,富邦-新店,2023-12-11,9661
1584,精剛,35,3,32,富邦-新店,2023-12-11,9661
1603,華電,34,2,32,富邦-新店,2023-12-11,9661
1524,耿鼎,135,104,31,富邦-新店,2023-12-11,9661
00857B,永豐20年美公債,30,0,30,富邦-新店,2023-12-11,9661
00665L,富邦�琤肭磪囓�2,52,22,30,富邦-新店,2023-12-11,9661
2337,旺宏,32,2,30,富邦-新店,2023-12-11,9661
2312,金寶,31,1,30,富邦-新店,2023-12-11,9661
3033,威健,30,1,29,富邦-新店,2023-12-11,9661
3078,僑威,39,10,29,富邦-新店,2023-12-11,9661
3390,旭軟,56,27,29,富邦-新店,2023-12-11,9661
1802,台玻,30,1,29,富邦-新店,2023-12-11,9661
2402,毅嘉,72,44,28,富邦-新店,2023-12-11,9661
2317,鴻海,41,14,27,富邦-新店,2023-12-11,9661
2408,南亞科,52,26,26,富邦-新店,2023-12-11,9661
6462,神盾,32,8,24,富邦-新店,2023-12-11,9661
00919,群益台灣精選高息,1042,117,925,富邦-新店,2023-12-12,9661
2303,聯電,524,54,470,富邦-新店,2023-12-12,9661
6164,華興,375,2,373,富邦-新店,2023-12-12,9661
2515,中工,300,0,300,富邦-新店,2023-12-12,9661
5515,建國,300,14,286,富邦-新店,2023-12-12,9661
5521,工信,337,95,242,富邦-新店,2023-12-12,9661
00680L,元大美債20正2,208,0,208,富邦-新店,2023-12-12,9661
00918,大華優利高填息30,180,1,179,富邦-新店,2023-12-12,9661
00720B,元大投資級公司債,164,14,150,富邦-新店,2023-12-12,9661
2614,東森,131,0,131,富邦-新店,2023-12-12,9661
1605,華新,130,21,109,富邦-新店,2023-12-12,9661
00679B,元大美債20年,106,1,105,富邦-新店,2023-12-12,9661
2367,燿華,100,0,100,富邦-新店,2023-12-12,9661
2353,宏��,119,24,95,富邦-新店,2023-12-12,9661
6138,茂達,97,3,94,富邦-新店,2023-12-12,9661
2211,長榮鋼,100,10,90,富邦-新店,2023-12-12,9661
00687B,國泰20年美債,96,8,88,富邦-新店,2023-12-12,9661
2002,中鋼,120,33,87,富邦-新店,2023-12-12,9661
2363,矽統,170,86,84,富邦-新店,2023-12-12,9661
2329,華泰,160,85,75,富邦-新店,2023-12-12,9661
6156,松上,93,21,72,富邦-新店,2023-12-12,9661
2641,正德,73,3,70,富邦-新店,2023-12-12,9661
2427,三商電,67,8,59,富邦-新店,2023-12-12,9661
2888,新光金,82,25,57,富邦-新店,2023-12-12,9661
2331,精英,55,5,50,富邦-新店,2023-12-12,9661
00632R,元大台灣50反1,50,0,50,富邦-新店,2023-12-12,9661
1313,聯成,50,0,50,富邦-新店,2023-12-12,9661
1711,永光,61,12,49,富邦-新店,2023-12-12,9661
2402,毅嘉,95,47,48,富邦-新店,2023-12-12,9661
2543,皇昌,69,22,47,富邦-新店,2023-12-12,9661
2883,凱基金,67,22,45,富邦-新店,2023-12-12,9661
8089,康全電訊,40,1,39,富邦-新店,2023-12-12,9661
2609,陽明,79,42,37,富邦-新店,2023-12-12,9661
3402,漢科,38,1,37,富邦-新店,2023-12-12,9661
5351,鈺創,56,20,36,富邦-新店,2023-12-12,9661
2605,新興,85,51,34,富邦-新店,2023-12-12,9661
4906,正文,65,32,33,富邦-新店,2023-12-12,9661
8222,寶一,59,27,32,富邦-新店,2023-12-12,9661
2344,華邦電,133,102,31,富邦-新店,2023-12-12,9661
6244,茂迪,30,0,30,富邦-新店,2023-12-12,9661
6462,神盾,43,13,30,富邦-新店,2023-12-12,9661
2313,華通,119,90,29,富邦-新店,2023-12-12,9661
3390,旭軟,32,5,27,富邦-新店,2023-12-12,9661
3260,威剛,74,48,26,富邦-新店,2023-12-12,9661
8033,雷虎,29,4,25,富邦-新店,2023-12-12,9661
2537,聯上發,30,5,25,富邦-新店,2023-12-12,9661
6245,立端,37,13,24,富邦-新店,2023-12-12,9661
3231,緯創,96,73,23,富邦-新店,2023-12-12,9661
2308,台達電,26,3,23,富邦-新店,2023-12-12,9661
2882,國泰金,25,3,22,富邦-新店,2023-12-12,9661
2515,中工,1495,245,1250,富邦-新店,2023-12-13,9661
00919,群益台灣精選高息,902,118,784,富邦-新店,2023-12-13,9661
00715L,期街口布蘭特正2,358,43,315,富邦-新店,2023-12-13,9661
6147,頎邦,282,22,260,富邦-新店,2023-12-13,9661
6290,良維,203,6,197,富邦-新店,2023-12-13,9661
00918,大華優利高填息30,170,15,155,富邦-新店,2023-12-13,9661
00933B,國泰10Y+金融債,149,1,148,富邦-新店,2023-12-13,9661
00637L,元大滬深300正2,129,20,109,富邦-新店,2023-12-13,9661
2211,長榮鋼,114,9,105,富邦-新店,2023-12-13,9661
3028,增你強,93,7,86,富邦-新店,2023-12-13,9661
6209,今國光,84,3,81,富邦-新店,2023-12-13,9661
8426,紅木-KY,96,15,81,富邦-新店,2023-12-13,9661
00751B,元大AAA至A公司債,87,7,80,富邦-新店,2023-12-13,9661
2404,漢唐,86,10,76,富邦-新店,2023-12-13,9661
2002,中鋼,91,21,70,富邦-新店,2023-12-13,9661
2641,正德,74,8,66,富邦-新店,2023-12-13,9661
00882,中信中國高股息,72,7,65,富邦-新店,2023-12-13,9661
2618,長榮航,79,16,63,富邦-新店,2023-12-13,9661
00642U,期元大S＆P石油,60,2,58,富邦-新店,2023-12-13,9661
00934,中信成長高股息,59,5,54,富邦-新店,2023-12-13,9661
2493,揚博,53,0,53,富邦-新店,2023-12-13,9661
2543,皇昌,114,65,49,富邦-新店,2023-12-13,9661
1815,富喬,96,48,48,富邦-新店,2023-12-13,9661
1714,和桐,47,0,47,富邦-新店,2023-12-13,9661
1101,台泥,66,20,46,富邦-新店,2023-12-13,9661
1584,精剛,75,31,44,富邦-新店,2023-12-13,9661
2201,裕隆,55,12,43,富邦-新店,2023-12-13,9661
00907,永豐優息存股,43,0,43,富邦-新店,2023-12-13,9661
3005,神基,54,12,42,富邦-新店,2023-12-13,9661
6156,松上,49,8,41,富邦-新店,2023-12-13,9661
6411,晶焱,43,4,39,富邦-新店,2023-12-13,9661
3540,曜越,47,8,39,富邦-新店,2023-12-13,9661
00931B,統一美債20年,39,1,38,富邦-新店,2023-12-13,9661
6182,合晶,87,51,36,富邦-新店,2023-12-13,9661
2605,新興,95,59,36,富邦-新店,2023-12-13,9661
2882,國泰金,36,1,35,富邦-新店,2023-12-13,9661
8096,擎亞,39,4,35,富邦-新店,2023-12-13,9661
3047,訊舟,83,51,32,富邦-新店,2023-12-13,9661
5324,士開,35,3,32,富邦-新店,2023-12-13,9661
2371,大同,42,11,31,富邦-新店,2023-12-13,9661
2376,技嘉,39,9,30,富邦-新店,2023-12-13,9661
00885,富邦越南,43,15,28,富邦-新店,2023-12-13,9661
2399,映泰,40,13,27,富邦-新店,2023-12-13,9661
8011,台通,62,35,27,富邦-新店,2023-12-13,9661
00680L,元大美債20正2,96,70,26,富邦-新店,2023-12-13,9661
3293,鈊象,34,9,25,富邦-新店,2023-12-13,9661
2419,仲琦,170,145,25,富邦-新店,2023-12-13,9661
00633L,富邦上証正2,26,1,25,富邦-新店,2023-12-13,9661
1809,中釉,23,0,23,富邦-新店,2023-12-13,9661
2887,台新金,23,0,23,富邦-新店,2023-12-13,9661
2618,長榮航,1235,30,1205,富邦-新店,2023-12-14,9661
1503,士電,915,23,892,富邦-新店,2023-12-14,9661
1722,台肥,468,20,448,富邦-新店,2023-12-14,9661
00919,群益台灣精選高息,589,207,382,富邦-新店,2023-12-14,9661
00937B,群益ESG投等債20,351,84,267,富邦-新店,2023-12-14,9661
1409,新纖,250,0,250,富邦-新店,2023-12-14,9661
00688L,國泰20年美債正2,241,14,227,富邦-新店,2023-12-14,9661
00680L,元大美債20正2,344,122,222,富邦-新店,2023-12-14,9661
2913,農林,220,0,220,富邦-新店,2023-12-14,9661
5426,振發,275,82,193,富邦-新店,2023-12-14,9661
2633,台灣高鐵,498,348,150,富邦-新店,2023-12-14,9661
00882,中信中國高股息,155,5,150,富邦-新店,2023-12-14,9661
1815,富喬,151,22,129,富邦-新店,2023-12-14,9661
00687B,國泰20年美債,148,21,127,富邦-新店,2023-12-14,9661
3050,鈺德,156,32,124,富邦-新店,2023-12-14,9661
00933B,國泰10Y+金融債,133,15,118,富邦-新店,2023-12-14,9661
1463,強盛新,117,0,117,富邦-新店,2023-12-14,9661
5521,工信,394,280,114,富邦-新店,2023-12-14,9661
3481,群創,119,8,111,富邦-新店,2023-12-14,9661
6754,匯僑設計,100,2,98,富邦-新店,2023-12-14,9661
00679B,元大美債20年,197,105,92,富邦-新店,2023-12-14,9661
00637L,元大滬深300正2,208,121,87,富邦-新店,2023-12-14,9661
00929,復華台灣科技優息,480,396,84,富邦-新店,2023-12-14,9661
2031,新光鋼,80,0,80,富邦-新店,2023-12-14,9661
2727,王品,79,9,70,富邦-新店,2023-12-14,9661
1210,大成,71,2,69,富邦-新店,2023-12-14,9661
3231,緯創,135,71,64,富邦-新店,2023-12-14,9661
2365,昆盈,74,12,62,富邦-新店,2023-12-14,9661
3013,晟銘電,68,9,59,富邦-新店,2023-12-14,9661
3372,典範,56,2,54,富邦-新店,2023-12-14,9661
00751B,元大AAA至A公司債,114,60,54,富邦-新店,2023-12-14,9661
2801,彰銀,56,2,54,富邦-新店,2023-12-14,9661
1712,興農,50,0,50,富邦-新店,2023-12-14,9661
2442,新美齊,50,0,50,富邦-新店,2023-12-14,9661
00918,大華優利高填息30,88,41,47,富邦-新店,2023-12-14,9661
2641,正德,58,12,46,富邦-新店,2023-12-14,9661
3694,海華,62,18,44,富邦-新店,2023-12-14,9661
2809,京城銀,40,0,40,富邦-新店,2023-12-14,9661
1201,味全,40,0,40,富邦-新店,2023-12-14,9661
2347,聯強,49,9,40,富邦-新店,2023-12-14,9661
2002,中鋼,73,34,39,富邦-新店,2023-12-14,9661
1438,三地開發,38,0,38,富邦-新店,2023-12-14,9661
6136,富爾特,41,3,38,富邦-新店,2023-12-14,9661
2324,仁寶,106,68,38,富邦-新店,2023-12-14,9661
2313,華通,178,141,37,富邦-新店,2023-12-14,9661
6937,天虹,38,1,37,富邦-新店,2023-12-14,9661
3712,永崴投控,44,7,37,富邦-新店,2023-12-14,9661
5351,鈺創,97,61,36,富邦-新店,2023-12-14,9661
3622,洋華,41,7,34,富邦-新店,2023-12-14,9661
2329,華泰,58,26,32,富邦-新店,2023-12-14,9661
1504,東元,2543,91,2452,富邦-新店,2023-12-15,9661
1722,台肥,1104,55,1049,富邦-新店,2023-12-15,9661
00919,群益台灣精選高息,881,279,602,富邦-新店,2023-12-15,9661
5483,中美晶,406,18,388,富邦-新店,2023-12-15,9661
2363,矽統,714,421,293,富邦-新店,2023-12-15,9661
1314,中石化,400,115,285,富邦-新店,2023-12-15,9661
2356,英業達,645,368,277,富邦-新店,2023-12-15,9661
00935,野村臺灣新科技50,272,4,268,富邦-新店,2023-12-15,9661
00715L,期街口布蘭特正2,325,66,259,富邦-新店,2023-12-15,9661
00687B,國泰20年美債,272,21,251,富邦-新店,2023-12-15,9661
6754,匯僑設計,246,25,221,富邦-新店,2023-12-15,9661
2609,陽明,331,114,217,富邦-新店,2023-12-15,9661
00752,中信中國50,200,3,197,富邦-新店,2023-12-15,9661
00632R,元大台灣50反1,193,25,168,富邦-新店,2023-12-15,9661
00688L,國泰20年美債正2,131,0,131,富邦-新店,2023-12-15,9661
6263,普萊德,127,1,126,富邦-新店,2023-12-15,9661
00751B,元大AAA至A公司債,287,167,120,富邦-新店,2023-12-15,9661
3231,緯創,162,54,108,富邦-新店,2023-12-15,9661
2903,遠百,102,0,102,富邦-新店,2023-12-15,9661
00918,大華優利高填息30,177,93,84,富邦-新店,2023-12-15,9661
1809,中釉,104,22,82,富邦-新店,2023-12-15,9661
00933B,國泰10Y+金融債,86,7,79,富邦-新店,2023-12-15,9661
1304,台聚,80,3,77,富邦-新店,2023-12-15,9661
2412,中華電,66,1,65,富邦-新店,2023-12-15,9661
00882,中信中國高股息,126,62,64,富邦-新店,2023-12-15,9661
00936,台新永續高息中小,59,0,59,富邦-新店,2023-12-15,9661
2221,大甲,56,0,56,富邦-新店,2023-12-15,9661
00679B,元大美債20年,152,98,54,富邦-新店,2023-12-15,9661
3047,訊舟,63,13,50,富邦-新店,2023-12-15,9661
2498,宏達電,57,8,49,富邦-新店,2023-12-15,9661
3005,神基,66,20,46,富邦-新店,2023-12-15,9661
2038,海光,45,0,45,富邦-新店,2023-12-15,9661
2330,台積電,159,115,44,富邦-新店,2023-12-15,9661
1319,東陽,62,20,42,富邦-新店,2023-12-15,9661
2388,威盛,75,34,41,富邦-新店,2023-12-15,9661
2032,新鋼,48,7,41,富邦-新店,2023-12-15,9661
6284,佳邦,41,2,39,富邦-新店,2023-12-15,9661
1568,倉佑,44,5,39,富邦-新店,2023-12-15,9661
2201,裕隆,40,1,39,富邦-新店,2023-12-15,9661
2801,彰銀,42,3,39,富邦-新店,2023-12-15,9661
00676R,富邦臺灣加權反1,41,5,36,富邦-新店,2023-12-15,9661
00897,富邦基因免疫生技,35,0,35,富邦-新店,2023-12-15,9661
00885,富邦越南,56,22,34,富邦-新店,2023-12-15,9661
2030,彰源,43,11,32,富邦-新店,2023-12-15,9661
00915,凱基優選高股息30,39,8,31,富邦-新店,2023-12-15,9661
6830,汎銓,32,1,31,富邦-新店,2023-12-15,9661
00929,復華台灣科技優息,596,565,31,富邦-新店,2023-12-15,9661
8112,至上,63,33,30,富邦-新店,2023-12-15,9661
3006,晶豪科,63,34,29,富邦-新店,2023-12-15,9661
6156,松上,28,0,28,富邦-新店,2023-12-15,9661
00919,群益台灣精選高息,698,193,505,富邦-新店,2023-12-18,9661
2002,中鋼,410,79,331,富邦-新店,2023-12-18,9661
00637L,元大滬深300正2,303,58,245,富邦-新店,2023-12-18,9661
00929,復華台灣科技優息,520,284,236,富邦-新店,2023-12-18,9661
00688L,國泰20年美債正2,232,0,232,富邦-新店,2023-12-18,9661
00915,凱基優選高股息30,218,0,218,富邦-新店,2023-12-18,9661
00918,大華優利高填息30,241,28,213,富邦-新店,2023-12-18,9661
00931B,統一美債20年,197,10,187,富邦-新店,2023-12-18,9661
00712,復華富時不動產,285,104,181,富邦-新店,2023-12-18,9661
2515,中工,190,15,175,富邦-新店,2023-12-18,9661
00687B,國泰20年美債,145,16,129,富邦-新店,2023-12-18,9661
00937B,群益ESG投等債20,265,139,126,富邦-新店,2023-12-18,9661
2356,英業達,276,161,115,富邦-新店,2023-12-18,9661
5608,四維航,123,11,112,富邦-新店,2023-12-18,9661
00679B,元大美債20年,235,137,98,富邦-新店,2023-12-18,9661
2610,華航,108,17,91,富邦-新店,2023-12-18,9661
00933B,國泰10Y+金融債,85,5,80,富邦-新店,2023-12-18,9661
2408,南亞科,69,2,67,富邦-新店,2023-12-18,9661
2801,彰銀,68,3,65,富邦-新店,2023-12-18,9661
2615,萬海,257,196,61,富邦-新店,2023-12-18,9661
00751B,元大AAA至A公司債,163,103,60,富邦-新店,2023-12-18,9661
2201,裕隆,59,6,53,富邦-新店,2023-12-18,9661
0056,元大高股息,89,36,53,富邦-新店,2023-12-18,9661
3576,聯合再生,53,1,52,富邦-新店,2023-12-18,9661
2344,華邦電,246,194,52,富邦-新店,2023-12-18,9661
6182,合晶,58,9,49,富邦-新店,2023-12-18,9661
00900,富邦特選高股息30,56,8,48,富邦-新店,2023-12-18,9661
9103,美德醫療-DR,43,0,43,富邦-新店,2023-12-18,9661
00885,富邦越南,43,2,41,富邦-新店,2023-12-18,9661
2312,金寶,36,0,36,富邦-新店,2023-12-18,9661
00713,元大台灣高息低波,40,5,35,富邦-新店,2023-12-18,9661
2884,玉山金,41,7,34,富邦-新店,2023-12-18,9661
2618,長榮航,183,149,34,富邦-新店,2023-12-18,9661
00934,中信成長高股息,35,3,32,富邦-新店,2023-12-18,9661
2211,長榮鋼,50,18,32,富邦-新店,2023-12-18,9661
00897,富邦基因免疫生技,40,9,31,富邦-新店,2023-12-18,9661
5432,新門,40,10,30,富邦-新店,2023-12-18,9661
5015,華祺,30,0,30,富邦-新店,2023-12-18,9661
8011,台通,48,19,29,富邦-新店,2023-12-18,9661
3189,景碩,27,0,27,富邦-新店,2023-12-18,9661
2605,新興,90,63,27,富邦-新店,2023-12-18,9661
2409,友達,34,7,27,富邦-新店,2023-12-18,9661
8112,至上,50,25,25,富邦-新店,2023-12-18,9661
2023,燁輝,119,94,25,富邦-新店,2023-12-18,9661
6741,91APP*-KY,24,0,24,富邦-新店,2023-12-18,9661
6284,佳邦,27,4,23,富邦-新店,2023-12-18,9661
3287,廣寰科,27,4,23,富邦-新店,2023-12-18,9661
5871,中租-KY,36,14,22,富邦-新店,2023-12-18,9661
1513,中興電,29,7,22,富邦-新店,2023-12-18,9661
2883,凱基金,51,29,22,富邦-新店,2023-12-18,9661
00929,復華台灣科技優息,796,158,638,富邦-新店,2023-12-19,9661
00937B,群益ESG投等債20,739,343,396,富邦-新店,2023-12-19,9661
00919,群益台灣精選高息,426,128,298,富邦-新店,2023-12-19,9661
1109,信大,477,218,259,富邦-新店,2023-12-19,9661
00720B,元大投資級公司債,271,36,235,富邦-新店,2023-12-19,9661
00637L,元大滬深300正2,195,2,193,富邦-新店,2023-12-19,9661
00688L,國泰20年美債正2,140,37,103,富邦-新店,2023-12-19,9661
2610,華航,96,3,93,富邦-新店,2023-12-19,9661
5521,工信,319,228,91,富邦-新店,2023-12-19,9661
4953,緯軟,76,5,71,富邦-新店,2023-12-19,9661
2002,中鋼,126,60,66,富邦-新店,2023-12-19,9661
00712,復華富時不動產,98,37,61,富邦-新店,2023-12-19,9661
1108,幸福,61,1,60,富邦-新店,2023-12-19,9661
2356,英業達,120,62,58,富邦-新店,2023-12-19,9661
2419,仲琦,104,51,53,富邦-新店,2023-12-19,9661
2890,永豐金,53,1,52,富邦-新店,2023-12-19,9661
1314,中石化,52,0,52,富邦-新店,2023-12-19,9661
0056,元大高股息,66,15,51,富邦-新店,2023-12-19,9661
2882,國泰金,51,0,51,富邦-新店,2023-12-19,9661
5515,建國,144,97,47,富邦-新店,2023-12-19,9661
8426,紅木-KY,61,16,45,富邦-新店,2023-12-19,9661
8215,明基材,41,0,41,富邦-新店,2023-12-19,9661
00897,富邦基因免疫生技,38,0,38,富邦-新店,2023-12-19,9661
5511,德昌,52,15,37,富邦-新店,2023-12-19,9661
2883,凱基金,36,0,36,富邦-新店,2023-12-19,9661
6275,元山,49,14,35,富邦-新店,2023-12-19,9661
2344,華邦電,48,13,35,富邦-新店,2023-12-19,9661
2888,新光金,138,104,34,富邦-新店,2023-12-19,9661
00915,凱基優選高股息30,32,1,31,富邦-新店,2023-12-19,9661
00935,野村臺灣新科技50,32,2,30,富邦-新店,2023-12-19,9661
2359,所羅門,31,1,30,富邦-新店,2023-12-19,9661
1904,正隆,30,0,30,富邦-新店,2023-12-19,9661
2324,仁寶,52,23,29,富邦-新店,2023-12-19,9661
2449,京元電子,38,9,29,富邦-新店,2023-12-19,9661
00931B,統一美債20年,48,19,29,富邦-新店,2023-12-19,9661
2801,彰銀,30,1,29,富邦-新店,2023-12-19,9661
00751B,元大AAA至A公司債,142,114,28,富邦-新店,2023-12-19,9661
2007,燁興,34,6,28,富邦-新店,2023-12-19,9661
3287,廣寰科,33,6,27,富邦-新店,2023-12-19,9661
6182,合晶,29,3,26,富邦-新店,2023-12-19,9661
1445,大宇,25,0,25,富邦-新店,2023-12-19,9661
2606,裕民,45,20,25,富邦-新店,2023-12-19,9661
8112,至上,51,27,24,富邦-新店,2023-12-19,9661
00882,中信中國高股息,27,3,24,富邦-新店,2023-12-19,9661
2409,友達,23,0,23,富邦-新店,2023-12-19,9661
1612,宏泰,23,1,22,富邦-新店,2023-12-19,9661
1213,大飲,22,0,22,富邦-新店,2023-12-19,9661
2498,宏達電,21,0,21,富邦-新店,2023-12-19,9661
00918,大華優利高填息30,40,20,20,富邦-新店,2023-12-19,9661
00713,元大台灣高息低波,39,19,20,富邦-新店,2023-12-19,9661
2609,陽明,2002,230,1772,富邦-新店,2023-12-20,9661
00929,復華台灣科技優息,441,44,397,富邦-新店,2023-12-20,9661
00919,群益台灣精選高息,203,17,186,富邦-新店,2023-12-20,9661
2641,正德,151,10,141,富邦-新店,2023-12-20,9661
00937B,群益ESG投等債20,223,94,129,富邦-新店,2023-12-20,9661
2913,農林,169,45,124,富邦-新店,2023-12-20,9661
00934,中信成長高股息,103,2,101,富邦-新店,2023-12-20,9661
8936,國統,103,4,99,富邦-新店,2023-12-20,9661
1733,五鼎,100,2,98,富邦-新店,2023-12-20,9661
1217,愛之味,100,7,93,富邦-新店,2023-12-20,9661
1308,亞聚,80,0,80,富邦-新店,2023-12-20,9661
2317,鴻海,167,98,69,富邦-新店,2023-12-20,9661
2891,中信金,90,23,67,富邦-新店,2023-12-20,9661
1905,華紙,74,13,61,富邦-新店,2023-12-20,9661
2867,三商壽,60,0,60,富邦-新店,2023-12-20,9661
00931B,統一美債20年,64,5,59,富邦-新店,2023-12-20,9661
3324,雙鴻,95,37,58,富邦-新店,2023-12-20,9661
6116,彩晶,57,2,55,富邦-新店,2023-12-20,9661
00751B,元大AAA至A公司債,60,8,52,富邦-新店,2023-12-20,9661
2801,彰銀,55,3,52,富邦-新店,2023-12-20,9661
1809,中釉,51,0,51,富邦-新店,2023-12-20,9661
6140,訊達,76,26,50,富邦-新店,2023-12-20,9661
1466,聚隆,123,76,47,富邦-新店,2023-12-20,9661
3264,欣銓,49,3,46,富邦-新店,2023-12-20,9661
2883,凱基金,46,0,46,富邦-新店,2023-12-20,9661
00637L,元大滬深300正2,70,26,44,富邦-新店,2023-12-20,9661
2530,華建,42,0,42,富邦-新店,2023-12-20,9661
2303,聯電,101,60,41,富邦-新店,2023-12-20,9661
8201,無敵,42,1,41,富邦-新店,2023-12-20,9661
3041,揚智,44,3,41,富邦-新店,2023-12-20,9661
3030,德律,40,0,40,富邦-新店,2023-12-20,9661
2504,國產,39,0,39,富邦-新店,2023-12-20,9661
00679B,元大美債20年,146,108,38,富邦-新店,2023-12-20,9661
2363,矽統,80,44,36,富邦-新店,2023-12-20,9661
2314,台揚,33,0,33,富邦-新店,2023-12-20,9661
2344,華邦電,33,1,32,富邦-新店,2023-12-20,9661
3390,旭軟,31,0,31,富邦-新店,2023-12-20,9661
4306,炎洲,34,3,31,富邦-新店,2023-12-20,9661
2888,新光金,43,12,31,富邦-新店,2023-12-20,9661
2739,寒舍,41,12,29,富邦-新店,2023-12-20,9661
00632R,元大台灣50反1,32,3,29,富邦-新店,2023-12-20,9661
1438,三地開發,29,0,29,富邦-新店,2023-12-20,9661
3532,台勝科,96,68,28,富邦-新店,2023-12-20,9661
9933,中鼎,30,3,27,富邦-新店,2023-12-20,9661
00706L,期元大S＆P日圓正2,27,0,27,富邦-新店,2023-12-20,9661
00715L,期街口布蘭特正2,54,27,27,富邦-新店,2023-12-20,9661
6245,立端,53,28,25,富邦-新店,2023-12-20,9661
2886,兆豐金,25,0,25,富邦-新店,2023-12-20,9661
3006,晶豪科,29,6,23,富邦-新店,2023-12-20,9661
00933B,國泰10Y+金融債,35,12,23,富邦-新店,2023-12-20,9661
2408,南亞科,1584,433,1151,富邦-新店,2023-12-21,9661
00937B,群益ESG投等債20,610,177,433,富邦-新店,2023-12-21,9661
00919,群益台灣精選高息,576,158,418,富邦-新店,2023-12-21,9661
00929,復華台灣科技優息,381,42,339,富邦-新店,2023-12-21,9661
9105,泰金寶-DR,315,64,251,富邦-新店,2023-12-21,9661
00688L,國泰20年美債正2,229,0,229,富邦-新店,2023-12-21,9661
0056,元大高股息,134,12,122,富邦-新店,2023-12-21,9661
3622,洋華,848,742,106,富邦-新店,2023-12-21,9661
2353,宏��,194,95,99,富邦-新店,2023-12-21,9661
2888,新光金,121,26,95,富邦-新店,2023-12-21,9661
2303,聯電,115,30,85,富邦-新店,2023-12-21,9661
2610,華航,68,11,57,富邦-新店,2023-12-21,9661
1466,聚隆,79,23,56,富邦-新店,2023-12-21,9661
1519,華城,62,8,54,富邦-新店,2023-12-21,9661
00918,大華優利高填息30,108,61,47,富邦-新店,2023-12-21,9661
00687B,國泰20年美債,68,25,43,富邦-新店,2023-12-21,9661
2530,華建,40,0,40,富邦-新店,2023-12-21,9661
5529,鉅陞,40,0,40,富邦-新店,2023-12-21,9661
9919,康那香,249,211,38,富邦-新店,2023-12-21,9661
00712,復華富時不動產,65,28,37,富邦-新店,2023-12-21,9661
2611,志信,42,6,36,富邦-新店,2023-12-21,9661
2313,華通,99,65,34,富邦-新店,2023-12-21,9661
3086,華義,37,4,33,富邦-新店,2023-12-21,9661
2419,仲琦,70,37,33,富邦-新店,2023-12-21,9661
2355,敬鵬,59,27,32,富邦-新店,2023-12-21,9661
0061,元大寶滬深,30,0,30,富邦-新店,2023-12-21,9661
2201,裕隆,36,7,29,富邦-新店,2023-12-21,9661
2324,仁寶,216,188,28,富邦-新店,2023-12-21,9661
3231,緯創,115,87,28,富邦-新店,2023-12-21,9661
2886,兆豐金,26,0,26,富邦-新店,2023-12-21,9661
6179,亞通,27,1,26,富邦-新店,2023-12-21,9661
2449,京元電子,28,3,25,富邦-新店,2023-12-21,9661
00921,兆豐龍頭等權重,23,0,23,富邦-新店,2023-12-21,9661
2542,興富發,33,10,23,富邦-新店,2023-12-21,9661
8033,雷虎,27,5,22,富邦-新店,2023-12-21,9661
5425,台半,51,29,22,富邦-新店,2023-12-21,9661
5521,工信,63,41,22,富邦-新店,2023-12-21,9661
2816,旺旺保,29,7,22,富邦-新店,2023-12-21,9661
2371,大同,24,2,22,富邦-新店,2023-12-21,9661
2890,永豐金,22,0,22,富邦-新店,2023-12-21,9661
00932,兆豐永續高息等權,21,0,21,富邦-新店,2023-12-21,9661
1101,台泥,30,10,20,富邦-新店,2023-12-21,9661
00772B,中信高評級公司債,20,0,20,富邦-新店,2023-12-21,9661
3390,旭軟,31,11,20,富邦-新店,2023-12-21,9661
00671R,富邦NASDAQ反1,20,0,20,富邦-新店,2023-12-21,9661
2033,佳大,23,3,20,富邦-新店,2023-12-21,9661
2330,台積電,46,26,20,富邦-新店,2023-12-21,9661
2002,中鋼,44,25,19,富邦-新店,2023-12-21,9661
2362,藍天,32,13,19,富邦-新店,2023-12-21,9661
2329,華泰,21,2,19,富邦-新店,2023-12-21,9661
2609,陽明,1885,960,925,富邦-新店,2023-12-22,9661
2610,華航,993,185,808,富邦-新店,2023-12-22,9661
00650L,復華香港正2,540,0,540,富邦-新店,2023-12-22,9661
2344,華邦電,1081,620,461,富邦-新店,2023-12-22,9661
00752,中信中國50,401,30,371,富邦-新店,2023-12-22,9661
00929,復華台灣科技優息,256,20,236,富邦-新店,2023-12-22,9661
00937B,群益ESG投等債20,478,336,142,富邦-新店,2023-12-22,9661
2408,南亞科,321,185,136,富邦-新店,2023-12-22,9661
2356,英業達,347,232,115,富邦-新店,2023-12-22,9661
00687B,國泰20年美債,117,5,112,富邦-新店,2023-12-22,9661
00919,群益台灣精選高息,191,81,110,富邦-新店,2023-12-22,9661
00720B,元大投資級公司債,156,52,104,富邦-新店,2023-12-22,9661
2313,華通,171,69,102,富邦-新店,2023-12-22,9661
1444,力麗,100,0,100,富邦-新店,2023-12-22,9661
00882,中信中國高股息,114,26,88,富邦-新店,2023-12-22,9661
00933B,國泰10Y+金融債,94,8,86,富邦-新店,2023-12-22,9661
00751B,元大AAA至A公司債,104,26,78,富邦-新店,2023-12-22,9661
9105,泰金寶-DR,77,16,61,富邦-新店,2023-12-22,9661
3231,緯創,141,88,53,富邦-新店,2023-12-22,9661
2323,中環,52,1,51,富邦-新店,2023-12-22,9661
00885,富邦越南,58,8,50,富邦-新店,2023-12-22,9661
5529,鉅陞,50,0,50,富邦-新店,2023-12-22,9661
2886,兆豐金,49,2,47,富邦-新店,2023-12-22,9661
2515,中工,230,184,46,富邦-新店,2023-12-22,9661
00753L,中信中國50正2,70,26,44,富邦-新店,2023-12-22,9661
00673R,期元大S＆P原油反1,43,0,43,富邦-新店,2023-12-22,9661
00772B,中信高評級公司債,55,15,40,富邦-新店,2023-12-22,9661
00706L,期元大S＆P日圓正2,44,5,39,富邦-新店,2023-12-22,9661
5009,榮剛,111,72,39,富邦-新店,2023-12-22,9661
2419,仲琦,50,16,34,富邦-新店,2023-12-22,9661
00713,元大台灣高息低波,34,0,34,富邦-新店,2023-12-22,9661
00679B,元大美債20年,125,94,31,富邦-新店,2023-12-22,9661
1301,台塑,32,2,30,富邦-新店,2023-12-22,9661
2363,矽統,47,17,30,富邦-新店,2023-12-22,9661
5511,德昌,27,0,27,富邦-新店,2023-12-22,9661
3041,揚智,88,61,27,富邦-新店,2023-12-22,9661
3211,順達,30,4,26,富邦-新店,2023-12-22,9661
2883,凱基金,25,0,25,富邦-新店,2023-12-22,9661
00633L,富邦上証正2,26,2,24,富邦-新店,2023-12-22,9661
00725B,國泰投資級公司債,23,0,23,富邦-新店,2023-12-22,9661
2014,中鴻,84,62,22,富邦-新店,2023-12-22,9661
2641,正德,48,26,22,富邦-新店,2023-12-22,9661
3450,聯鈞,67,45,22,富邦-新店,2023-12-22,9661
5351,鈺創,49,27,22,富邦-新店,2023-12-22,9661
2882,國泰金,21,0,21,富邦-新店,2023-12-22,9661
00931B,統一美債20年,45,24,21,富邦-新店,2023-12-22,9661
1313,聯成,20,0,20,富邦-新店,2023-12-22,9661
4168,醣聯,20,0,20,富邦-新店,2023-12-22,9661
3264,欣銓,63,44,19,富邦-新店,2023-12-22,9661
2597,潤弘,19,0,19,富邦-新店,2023-12-22,9661
00637L,元大滬深300正2,414,0,414,富邦-新店,2023-12-25,9661
00919,群益台灣精選高息,457,69,388,富邦-新店,2023-12-25,9661
2609,陽明,682,452,230,富邦-新店,2023-12-25,9661
00687B,國泰20年美債,187,6,181,富邦-新店,2023-12-25,9661
5608,四維航,131,1,130,富邦-新店,2023-12-25,9661
2312,金寶,123,16,107,富邦-新店,2023-12-25,9661
2324,仁寶,286,196,90,富邦-新店,2023-12-25,9661
8088,品安,126,38,88,富邦-新店,2023-12-25,9661
00937B,群益ESG投等債20,307,221,86,富邦-新店,2023-12-25,9661
3050,鈺德,84,0,84,富邦-新店,2023-12-25,9661
2603,長榮,149,69,80,富邦-新店,2023-12-25,9661
00934,中信成長高股息,80,0,80,富邦-新店,2023-12-25,9661
00935,野村臺灣新科技50,78,0,78,富邦-新店,2023-12-25,9661
00885,富邦越南,74,2,72,富邦-新店,2023-12-25,9661
00931B,統一美債20年,67,0,67,富邦-新店,2023-12-25,9661
2442,新美齊,70,4,66,富邦-新店,2023-12-25,9661
00632R,元大台灣50反1,65,0,65,富邦-新店,2023-12-25,9661
00933B,國泰10Y+金融債,59,5,54,富邦-新店,2023-12-25,9661
2408,南亞科,58,13,45,富邦-新店,2023-12-25,9661
1444,力麗,45,0,45,富邦-新店,2023-12-25,9661
00720B,元大投資級公司債,132,89,43,富邦-新店,2023-12-25,9661
3591,艾笛森,180,139,41,富邦-新店,2023-12-25,9661
3211,順達,61,21,40,富邦-新店,2023-12-25,9661
8050,廣積,39,3,36,富邦-新店,2023-12-25,9661
00753L,中信中國50正2,35,0,35,富邦-新店,2023-12-25,9661
4162,智擎,37,2,35,富邦-新店,2023-12-25,9661
6485,點序,39,4,35,富邦-新店,2023-12-25,9661
1514,亞力,136,103,33,富邦-新店,2023-12-25,9661
2465,麗臺,35,2,33,富邦-新店,2023-12-25,9661
1612,宏泰,33,0,33,富邦-新店,2023-12-25,9661
2748,雲品,32,0,32,富邦-新店,2023-12-25,9661
2812,台中銀,33,1,32,富邦-新店,2023-12-25,9661
2014,中鴻,70,38,32,富邦-新店,2023-12-25,9661
00679B,元大美債20年,138,107,31,富邦-新店,2023-12-25,9661
2388,威盛,44,13,31,富邦-新店,2023-12-25,9661
3033,威健,31,1,30,富邦-新店,2023-12-25,9661
5328,華容,30,0,30,富邦-新店,2023-12-25,9661
6244,茂迪,31,2,29,富邦-新店,2023-12-25,9661
8034,榮群,31,2,29,富邦-新店,2023-12-25,9661
00712,復華富時不動產,36,8,28,富邦-新店,2023-12-25,9661
00882,中信中國高股息,33,5,28,富邦-新店,2023-12-25,9661
5426,振發,36,9,27,富邦-新店,2023-12-25,9661
00706L,期元大S＆P日圓正2,26,0,26,富邦-新店,2023-12-25,9661
1605,華新,64,38,26,富邦-新店,2023-12-25,9661
6139,亞翔,50,25,25,富邦-新店,2023-12-25,9661
00900,富邦特選高股息30,30,6,24,富邦-新店,2023-12-25,9661
2331,精英,45,21,24,富邦-新店,2023-12-25,9661
6245,立端,36,13,23,富邦-新店,2023-12-25,9661
00713,元大台灣高息低波,23,0,23,富邦-新店,2023-12-25,9661
1438,三地開發,22,0,22,富邦-新店,2023-12-25,9661
2408,南亞科,637,32,605,富邦-新店,2023-12-26,9661
2328,廣宇,201,5,196,富邦-新店,2023-12-26,9661
2603,長榮,209,34,175,富邦-新店,2023-12-26,9661
00919,群益台灣精選高息,175,23,152,富邦-新店,2023-12-26,9661
00688L,國泰20年美債正2,136,0,136,富邦-新店,2023-12-26,9661
00680L,元大美債20正2,339,210,129,富邦-新店,2023-12-26,9661
1301,台塑,134,7,127,富邦-新店,2023-12-26,9661
00679B,元大美債20年,101,3,98,富邦-新店,2023-12-26,9661
2618,長榮航,100,6,94,富邦-新店,2023-12-26,9661
8096,擎亞,104,11,93,富邦-新店,2023-12-26,9661
00687B,國泰20年美債,89,2,87,富邦-新店,2023-12-26,9661
00632R,元大台灣50反1,86,5,81,富邦-新店,2023-12-26,9661
9105,泰金寶-DR,114,41,73,富邦-新店,2023-12-26,9661
2476,鉅祥,95,22,73,富邦-新店,2023-12-26,9661
6243,迅杰,83,15,68,富邦-新店,2023-12-26,9661
2401,凌陽,62,2,60,富邦-新店,2023-12-26,9661
00929,復華台灣科技優息,147,96,51,富邦-新店,2023-12-26,9661
2610,華航,56,10,46,富邦-新店,2023-12-26,9661
3050,鈺德,50,6,44,富邦-新店,2023-12-26,9661
1455,集盛,42,0,42,富邦-新店,2023-12-26,9661
2515,中工,179,141,38,富邦-新店,2023-12-26,9661
00931B,統一美債20年,52,15,37,富邦-新店,2023-12-26,9661
00720B,元大投資級公司債,63,26,37,富邦-新店,2023-12-26,9661
00937B,群益ESG投等債20,255,221,34,富邦-新店,2023-12-26,9661
3305,昇貿,64,31,33,富邦-新店,2023-12-26,9661
9917,中保科,31,0,31,富邦-新店,2023-12-26,9661
2007,燁興,33,2,31,富邦-新店,2023-12-26,9661
2886,兆豐金,50,21,29,富邦-新店,2023-12-26,9661
3178,公準,33,4,29,富邦-新店,2023-12-26,9661
5426,振發,28,0,28,富邦-新店,2023-12-26,9661
3287,廣寰科,32,4,28,富邦-新店,2023-12-26,9661
8039,台虹,34,6,28,富邦-新店,2023-12-26,9661
1102,亞泥,30,5,25,富邦-新店,2023-12-26,9661
00891,中信關鍵半導體,40,15,25,富邦-新店,2023-12-26,9661
6147,頎邦,32,8,24,富邦-新店,2023-12-26,9661
2344,華邦電,106,82,24,富邦-新店,2023-12-26,9661
00713,元大台灣高息低波,26,4,22,富邦-新店,2023-12-26,9661
00751B,元大AAA至A公司債,21,0,21,富邦-新店,2023-12-26,9661
4743,合一,22,1,21,富邦-新店,2023-12-26,9661
9934,成霖,21,0,21,富邦-新店,2023-12-26,9661
3086,華義,21,0,21,富邦-新店,2023-12-26,9661
2329,華泰,34,14,20,富邦-新店,2023-12-26,9661
4174,浩鼎,21,1,20,富邦-新店,2023-12-26,9661
1513,中興電,39,21,18,富邦-新店,2023-12-26,9661
1524,耿鼎,18,0,18,富邦-新店,2023-12-26,9661
00637L,元大滬深300正2,18,1,17,富邦-新店,2023-12-26,9661
2331,精英,44,28,16,富邦-新店,2023-12-26,9661
00933B,國泰10Y+金融債,18,2,16,富邦-新店,2023-12-26,9661
6263,普萊德,16,0,16,富邦-新店,2023-12-26,9661
1519,華城,55,41,14,富邦-新店,2023-12-26,9661
00937B,群益ESG投等債20,1202,915,287,富邦-新店,2023-12-27,9661
3481,群創,311,110,201,富邦-新店,2023-12-27,9661
2891,中信金,203,43,160,富邦-新店,2023-12-27,9661
00632R,元大台灣50反1,215,62,153,富邦-新店,2023-12-27,9661
00933B,國泰10Y+金融債,124,5,119,富邦-新店,2023-12-27,9661
00878,國泰永續高股息,266,158,108,富邦-新店,2023-12-27,9661
00687B,國泰20年美債,113,13,100,富邦-新店,2023-12-27,9661
2633,台灣高鐵,100,1,99,富邦-新店,2023-12-27,9661
2897,王道銀行,100,5,95,富邦-新店,2023-12-27,9661
3338,泰碩,201,107,94,富邦-新店,2023-12-27,9661
2892,第一金,83,5,78,富邦-新店,2023-12-27,9661
2337,旺宏,158,92,66,富邦-新店,2023-12-27,9661
2515,中工,206,142,64,富邦-新店,2023-12-27,9661
00679B,元大美債20年,64,5,59,富邦-新店,2023-12-27,9661
5880,合庫金,65,7,58,富邦-新店,2023-12-27,9661
3231,緯創,98,41,57,富邦-新店,2023-12-27,9661
00882,中信中國高股息,54,0,54,富邦-新店,2023-12-27,9661
1733,五鼎,86,33,53,富邦-新店,2023-12-27,9661
00713,元大台灣高息低波,52,1,51,富邦-新店,2023-12-27,9661
6443,元晶,50,0,50,富邦-新店,2023-12-27,9661
00922,國泰台灣領袖50,53,5,48,富邦-新店,2023-12-27,9661
5425,台半,64,18,46,富邦-新店,2023-12-27,9661
3694,海華,64,20,44,富邦-新店,2023-12-27,9661
2365,昆盈,64,22,42,富邦-新店,2023-12-27,9661
2038,海光,55,15,40,富邦-新店,2023-12-27,9661
4306,炎洲,40,1,39,富邦-新店,2023-12-27,9661
2362,藍天,52,14,38,富邦-新店,2023-12-27,9661
1101,台泥,60,23,37,富邦-新店,2023-12-27,9661
2609,陽明,231,194,37,富邦-新店,2023-12-27,9661
00897,富邦基因免疫生技,42,6,36,富邦-新店,2023-12-27,9661
2889,國票金,38,3,35,富邦-新店,2023-12-27,9661
00931B,統一美債20年,36,1,35,富邦-新店,2023-12-27,9661
00720B,元大投資級公司債,37,3,34,富邦-新店,2023-12-27,9661
4763,材料-KY,34,1,33,富邦-新店,2023-12-27,9661
1712,興農,33,1,32,富邦-新店,2023-12-27,9661
2610,華航,52,20,32,富邦-新店,2023-12-27,9661
4979,華星光,39,8,31,富邦-新店,2023-12-27,9661
2838A,聯邦銀甲特,31,0,31,富邦-新店,2023-12-27,9661
2328,廣宇,36,5,31,富邦-新店,2023-12-27,9661
3050,鈺德,30,0,30,富邦-新店,2023-12-27,9661
1445,大宇,30,0,30,富邦-新店,2023-12-27,9661
6194,育富,30,0,30,富邦-新店,2023-12-27,9661
6213,聯茂,30,0,30,富邦-新店,2023-12-27,9661
5426,振發,30,1,29,富邦-新店,2023-12-27,9661
3017,奇鋐,55,27,28,富邦-新店,2023-12-27,9661
2605,新興,37,9,28,富邦-新店,2023-12-27,9661
5347,世界,190,162,28,富邦-新店,2023-12-27,9661
6139,亞翔,34,7,27,富邦-新店,2023-12-27,9661
3645,達邁,27,0,27,富邦-新店,2023-12-27,9661
00915,凱基優選高股息30,27,1,26,富邦-新店,2023-12-27,9661
2344,華邦電,1067,223,844,富邦-新店,2023-12-28,9661
00937B,群益ESG投等債20,556,71,485,富邦-新店,2023-12-28,9661
00919,群益台灣精選高息,386,126,260,富邦-新店,2023-12-28,9661
3050,鈺德,228,7,221,富邦-新店,2023-12-28,9661
00751B,元大AAA至A公司債,213,0,213,富邦-新店,2023-12-28,9661
1409,新纖,200,1,199,富邦-新店,2023-12-28,9661
00680L,元大美債20正2,201,24,177,富邦-新店,2023-12-28,9661
8110,華東,172,0,172,富邦-新店,2023-12-28,9661
00692,富邦公司治理,152,3,149,富邦-新店,2023-12-28,9661
1101,台泥,106,1,105,富邦-新店,2023-12-28,9661
2515,中工,100,11,89,富邦-新店,2023-12-28,9661
1609,大亞,94,11,83,富邦-新店,2023-12-28,9661
2303,聯電,256,182,74,富邦-新店,2023-12-28,9661
6290,良維,88,18,70,富邦-新店,2023-12-28,9661
3078,僑威,77,13,64,富邦-新店,2023-12-28,9661
2356,英業達,227,164,63,富邦-新店,2023-12-28,9661
5355,佳總,56,0,56,富邦-新店,2023-12-28,9661
1514,亞力,247,197,50,富邦-新店,2023-12-28,9661
2633,台灣高鐵,58,7,51,富邦-新店,2023-12-28,9661
00687B,國泰20年美債,64,14,50,富邦-新店,2023-12-28,9661
9945,潤泰新,68,21,47,富邦-新店,2023-12-28,9661
3545,敦泰,45,7,38,富邦-新店,2023-12-28,9661
3481,群創,60,26,34,富邦-新店,2023-12-28,9661
3325,旭品,65,31,34,富邦-新店,2023-12-28,9661
5457,宣德,35,1,34,富邦-新店,2023-12-28,9661
9938,百和,34,0,34,富邦-新店,2023-12-28,9661
3006,晶豪科,93,59,34,富邦-新店,2023-12-28,9661
3380,明泰,120,87,33,富邦-新店,2023-12-28,9661
0056,元大高股息,170,137,33,富邦-新店,2023-12-28,9661
2603,長榮,49,17,32,富邦-新店,2023-12-28,9661
2748,雲品,30,0,30,富邦-新店,2023-12-28,9661
00929,復華台灣科技優息,127,97,30,富邦-新店,2023-12-28,9661
2436,偉詮電,61,33,28,富邦-新店,2023-12-28,9661
2313,華通,39,11,28,富邦-新店,2023-12-28,9661
2883,凱基金,43,15,28,富邦-新店,2023-12-28,9661
6188,廣明,43,15,28,富邦-新店,2023-12-28,9661
00935,野村臺灣新科技50,33,5,28,富邦-新店,2023-12-28,9661
2888,新光金,65,38,27,富邦-新店,2023-12-28,9661
3264,欣銓,27,1,26,富邦-新店,2023-12-28,9661
6179,亞通,68,42,26,富邦-新店,2023-12-28,9661
5521,工信,25,0,25,富邦-新店,2023-12-28,9661
2324,仁寶,222,197,25,富邦-新店,2023-12-28,9661
3296,勝德,25,1,24,富邦-新店,2023-12-28,9661
2405,輔信,77,54,23,富邦-新店,2023-12-28,9661
6129,普誠,24,1,23,富邦-新店,2023-12-28,9661
2401,凌陽,22,0,22,富邦-新店,2023-12-28,9661
1616,億泰,23,1,22,富邦-新店,2023-12-28,9661
8034,榮群,23,2,21,富邦-新店,2023-12-28,9661
2641,正德,22,1,21,富邦-新店,2023-12-28,9661
5530,龍巖,21,0,21,富邦-新店,2023-12-28,9661
00650L,復華香港正2,550,0,550,富邦-新店,2023-12-29,9661
00937B,群益ESG投等債20,770,306,464,富邦-新店,2023-12-29,9661
00919,群益台灣精選高息,350,34,316,富邦-新店,2023-12-29,9661
00680L,元大美債20正2,267,0,267,富邦-新店,2023-12-29,9661
00715L,期街口布蘭特正2,463,265,198,富邦-新店,2023-12-29,9661
5521,工信,345,148,197,富邦-新店,2023-12-29,9661
2344,華邦電,296,102,194,富邦-新店,2023-12-29,9661
00688L,國泰20年美債正2,196,20,176,富邦-新店,2023-12-29,9661
2208,台船,94,0,94,富邦-新店,2023-12-29,9661
2303,聯電,158,64,94,富邦-新店,2023-12-29,9661
00933B,國泰10Y+金融債,86,12,74,富邦-新店,2023-12-29,9661
00751B,元大AAA至A公司債,62,0,62,富邦-新店,2023-12-29,9661
3260,威剛,105,49,56,富邦-新店,2023-12-29,9661
00882,中信中國高股息,56,0,56,富邦-新店,2023-12-29,9661
1438,三地開發,56,5,51,富邦-新店,2023-12-29,9661
5426,振發,50,4,46,富邦-新店,2023-12-29,9661
2486,一詮,84,39,45,富邦-新店,2023-12-29,9661
00935,野村臺灣新科技50,44,0,44,富邦-新店,2023-12-29,9661
2845,遠東銀,40,0,40,富邦-新店,2023-12-29,9661
3231,緯創,381,342,39,富邦-新店,2023-12-29,9661
00878,國泰永續高股息,102,63,39,富邦-新店,2023-12-29,9661
00720B,元大投資級公司債,141,106,35,富邦-新店,2023-12-29,9661
00687B,國泰20年美債,105,73,32,富邦-新店,2023-12-29,9661
00679B,元大美債20年,39,8,31,富邦-新店,2023-12-29,9661
3630,新鉅科,47,16,31,富邦-新店,2023-12-29,9661
8088,品安,32,2,30,富邦-新店,2023-12-29,9661
2476,鉅祥,32,2,30,富邦-新店,2023-12-29,9661
5876,上海商銀,30,0,30,富邦-新店,2023-12-29,9661
5880,合庫金,33,4,29,富邦-新店,2023-12-29,9661
3033,威健,27,0,27,富邦-新店,2023-12-29,9661
00902,中信電池及儲能,27,0,27,富邦-新店,2023-12-29,9661
4906,正文,31,4,27,富邦-新店,2023-12-29,9661
6140,訊達,32,6,26,富邦-新店,2023-12-29,9661
00642U,期元大S＆P石油,32,6,26,富邦-新店,2023-12-29,9661
1519,華城,95,69,26,富邦-新店,2023-12-29,9661
2027,大成鋼,30,4,26,富邦-新店,2023-12-29,9661
2609,陽明,75,49,26,富邦-新店,2023-12-29,9661
9945,潤泰新,28,2,26,富邦-新店,2023-12-29,9661
9907,統一實,25,0,25,富邦-新店,2023-12-29,9661
6126,信音,25,0,25,富邦-新店,2023-12-29,9661
2461,光群雷,25,0,25,富邦-新店,2023-12-29,9661
00636,國泰中國A50,25,0,25,富邦-新店,2023-12-29,9661
5469,瀚宇博,25,2,23,富邦-新店,2023-12-29,9661
2887,台新金,30,7,23,富邦-新店,2023-12-29,9661
1524,耿鼎,29,8,21,富邦-新店,2023-12-29,9661
1504,東元,27,6,21,富邦-新店,2023-12-29,9661
2302,麗正,21,0,21,富邦-新店,2023-12-29,9661
0056,元大高股息,250,230,20,富邦-新店,2023-12-29,9661
2515,中工,103,83,20,富邦-新店,2023-12-29,9661
2739,寒舍,56,36,20,富邦-新店,2023-12-29,9661
2515,中工,1674,344,1330,富邦-新店,2024-01-02,9661
2303,聯電,1059,23,1036,富邦-新店,2024-01-02,9661
00937B,群益ESG投等債20,1229,476,753,富邦-新店,2024-01-02,9661
2324,仁寶,407,56,351,富邦-新店,2024-01-02,9661
00919,群益台灣精選高息,391,70,321,富邦-新店,2024-01-02,9661
00679B,元大美債20年,300,8,292,富邦-新店,2024-01-02,9661
00929,復華台灣科技優息,344,62,282,富邦-新店,2024-01-02,9661
2609,陽明,412,180,232,富邦-新店,2024-01-02,9661
2344,華邦電,190,12,178,富邦-新店,2024-01-02,9661
5425,台半,177,3,174,富邦-新店,2024-01-02,9661
00934,中信成長高股息,144,0,144,富邦-新店,2024-01-02,9661
00878,國泰永續高股息,193,55,138,富邦-新店,2024-01-02,9661
2382,廣達,151,32,119,富邦-新店,2024-01-02,9661
00720B,元大投資級公司債,122,4,118,富邦-新店,2024-01-02,9661
00712,復華富時不動產,133,29,104,富邦-新店,2024-01-02,9661
00687B,國泰20年美債,92,2,90,富邦-新店,2024-01-02,9661
2820,華票,80,0,80,富邦-新店,2024-01-02,9661
2888,新光金,110,31,79,富邦-新店,2024-01-02,9661
2611,志信,70,1,69,富邦-新店,2024-01-02,9661
00725B,國泰投資級公司債,65,0,65,富邦-新店,2024-01-02,9661
2408,南亞科,70,5,65,富邦-新店,2024-01-02,9661
2327,國巨,64,1,63,富邦-新店,2024-01-02,9661
2363,矽統,66,6,60,富邦-新店,2024-01-02,9661
00900,富邦特選高股息30,71,13,58,富邦-新店,2024-01-02,9661
00688L,國泰20年美債正2,62,8,54,富邦-新店,2024-01-02,9661
1217,愛之味,50,3,47,富邦-新店,2024-01-02,9661
3086,華義,48,2,46,富邦-新店,2024-01-02,9661
0056,元大高股息,132,89,43,富邦-新店,2024-01-02,9661
2356,英業達,68,25,43,富邦-新店,2024-01-02,9661
2330,台積電,56,14,42,富邦-新店,2024-01-02,9661
3231,緯創,198,157,41,富邦-新店,2024-01-02,9661
3325,旭品,63,22,41,富邦-新店,2024-01-02,9661
6770,力積電,41,1,40,富邦-新店,2024-01-02,9661
3402,漢科,39,0,39,富邦-新店,2024-01-02,9661
6605,帝寶,38,0,38,富邦-新店,2024-01-02,9661
6213,聯茂,40,2,38,富邦-新店,2024-01-02,9661
3694,海華,52,16,36,富邦-新店,2024-01-02,9661
6667,信紘科,47,12,35,富邦-新店,2024-01-02,9661
3260,威剛,37,2,35,富邦-新店,2024-01-02,9661
8086,宏捷科,34,0,34,富邦-新店,2024-01-02,9661
00715L,期街口布蘭特正2,36,4,32,富邦-新店,2024-01-02,9661
2615,萬海,121,90,31,富邦-新店,2024-01-02,9661
2845,遠東銀,30,0,30,富邦-新店,2024-01-02,9661
4402,郡都開發,30,0,30,富邦-新店,2024-01-02,9661
3041,揚智,31,2,29,富邦-新店,2024-01-02,9661
0050,元大台灣50,33,5,28,富邦-新店,2024-01-02,9661
2454,聯發科,39,13,26,富邦-新店,2024-01-02,9661
6139,亞翔,60,34,26,富邦-新店,2024-01-02,9661
6690,安�硌穈T,27,2,25,富邦-新店,2024-01-02,9661
3047,訊舟,29,4,25,富邦-新店,2024-01-02,9661
2408,南亞科,1598,8,1590,富邦-新店,2024-01-03,9661
2609,陽明,1745,232,1513,富邦-新店,2024-01-03,9661
00929,復華台灣科技優息,1064,27,1037,富邦-新店,2024-01-03,9661
00937B,群益ESG投等債20,1099,430,669,富邦-新店,2024-01-03,9661
2303,聯電,570,92,478,富邦-新店,2024-01-03,9661
00715L,期街口布蘭特正2,462,15,447,富邦-新店,2024-01-03,9661
00919,群益台灣精選高息,415,9,406,富邦-新店,2024-01-03,9661
0056,元大高股息,287,47,240,富邦-新店,2024-01-03,9661
00878,國泰永續高股息,209,78,131,富邦-新店,2024-01-03,9661
00934,中信成長高股息,139,9,130,富邦-新店,2024-01-03,9661
9105,泰金寶-DR,124,0,124,富邦-新店,2024-01-03,9661
00687B,國泰20年美債,121,4,117,富邦-新店,2024-01-03,9661
2330,台積電,133,24,109,富邦-新店,2024-01-03,9661
1301,台塑,107,1,106,富邦-新店,2024-01-03,9661
5521,工信,217,126,91,富邦-新店,2024-01-03,9661
00720B,元大投資級公司債,174,114,60,富邦-新店,2024-01-03,9661
2885,元大金,56,0,56,富邦-新店,2024-01-03,9661
0050,元大台灣50,54,1,53,富邦-新店,2024-01-03,9661
3548,兆利,59,9,50,富邦-新店,2024-01-03,9661
00881,國泰台灣5G+,52,2,50,富邦-新店,2024-01-03,9661
3588,通嘉,65,18,47,富邦-新店,2024-01-03,9661
00918,大華優利高填息30,62,16,46,富邦-新店,2024-01-03,9661
6140,訊達,120,74,46,富邦-新店,2024-01-03,9661
1324,地球,43,0,43,富邦-新店,2024-01-03,9661
2618,長榮航,312,271,41,富邦-新店,2024-01-03,9661
1326,台化,40,0,40,富邦-新店,2024-01-03,9661
2605,新興,63,23,40,富邦-新店,2024-01-03,9661
00902,中信電池及儲能,39,0,39,富邦-新店,2024-01-03,9661
00933B,國泰10Y+金融債,38,0,38,富邦-新店,2024-01-03,9661
2890,永豐金,38,1,37,富邦-新店,2024-01-03,9661
6770,力積電,41,4,37,富邦-新店,2024-01-03,9661
00751B,元大AAA至A公司債,43,6,37,富邦-新店,2024-01-03,9661
1504,東元,59,23,36,富邦-新店,2024-01-03,9661
3711,日月光投控,37,3,34,富邦-新店,2024-01-03,9661
2455,全新,37,4,33,富邦-新店,2024-01-03,9661
9103,美德醫療-DR,33,0,33,富邦-新店,2024-01-03,9661
3231,緯創,83,51,32,富邦-新店,2024-01-03,9661
2356,英業達,56,24,32,富邦-新店,2024-01-03,9661
00725B,國泰投資級公司債,31,0,31,富邦-新店,2024-01-03,9661
5426,振發,42,11,31,富邦-新店,2024-01-03,9661
2883,凱基金,43,13,30,富邦-新店,2024-01-03,9661
2442,新美齊,30,0,30,富邦-新店,2024-01-03,9661
2025,千興,30,0,30,富邦-新店,2024-01-03,9661
1101,台泥,41,12,29,富邦-新店,2024-01-03,9661
2888,新光金,32,3,29,富邦-新店,2024-01-03,9661
5880,合庫金,31,3,28,富邦-新店,2024-01-03,9661
3694,海華,35,7,28,富邦-新店,2024-01-03,9661
00915,凱基優選高股息30,30,3,27,富邦-新店,2024-01-03,9661
2352,佳世達,51,24,27,富邦-新店,2024-01-03,9661
00642U,期元大S＆P石油,27,0,27,富邦-新店,2024-01-03,9661
2609,陽明,2152,637,1515,富邦-新店,2024-01-04,9661
00937B,群益ESG投等債20,987,201,786,富邦-新店,2024-01-04,9661
2618,長榮航,810,421,389,富邦-新店,2024-01-04,9661
3050,鈺德,610,243,367,富邦-新店,2024-01-04,9661
2610,華航,447,139,308,富邦-新店,2024-01-04,9661
2891,中信金,239,43,196,富邦-新店,2024-01-04,9661
2641,正德,284,95,189,富邦-新店,2024-01-04,9661
00929,復華台灣科技優息,447,268,179,富邦-新店,2024-01-04,9661
00919,群益台灣精選高息,255,86,169,富邦-新店,2024-01-04,9661
5521,工信,194,47,147,富邦-新店,2024-01-04,9661
0056,元大高股息,162,25,137,富邦-新店,2024-01-04,9661
00720B,元大投資級公司債,126,10,116,富邦-新店,2024-01-04,9661
1612,宏泰,123,20,103,富邦-新店,2024-01-04,9661
00712,復華富時不動產,117,33,84,富邦-新店,2024-01-04,9661
2344,華邦電,88,10,78,富邦-新店,2024-01-04,9661
00881,國泰台灣5G+,78,2,76,富邦-新店,2024-01-04,9661
00637L,元大滬深300正2,93,19,74,富邦-新店,2024-01-04,9661
00927,群益半導體收益,69,0,69,富邦-新店,2024-01-04,9661
00900,富邦特選高股息30,81,22,59,富邦-新店,2024-01-04,9661
3481,群創,133,78,55,富邦-新店,2024-01-04,9661
2303,聯電,74,20,54,富邦-新店,2024-01-04,9661
2530,華建,50,0,50,富邦-新店,2024-01-04,9661
00706L,期元大S＆P日圓正2,48,0,48,富邦-新店,2024-01-04,9661
1514,亞力,103,55,48,富邦-新店,2024-01-04,9661
00725B,國泰投資級公司債,40,1,39,富邦-新店,2024-01-04,9661
2882,國泰金,31,0,31,富邦-新店,2024-01-04,9661
2362,藍天,41,10,31,富邦-新店,2024-01-04,9661
00933B,國泰10Y+金融債,42,11,31,富邦-新店,2024-01-04,9661
5328,華容,30,0,30,富邦-新店,2024-01-04,9661
5452,佶優,30,0,30,富邦-新店,2024-01-04,9661
2605,新興,107,78,29,富邦-新店,2024-01-04,9661
00891,中信關鍵半導體,30,3,27,富邦-新店,2024-01-04,9661
00633L,富邦上証正2,41,14,27,富邦-新店,2024-01-04,9661
2493,揚博,26,0,26,富邦-新店,2024-01-04,9661
3217,優群,30,5,25,富邦-新店,2024-01-04,9661
6214,精誠,25,0,25,富邦-新店,2024-01-04,9661
00915,凱基優選高股息30,29,4,25,富邦-新店,2024-01-04,9661
2392,正崴,32,10,22,富邦-新店,2024-01-04,9661
00662,富邦NASDAQ,22,0,22,富邦-新店,2024-01-04,9661
2834,臺企銀,23,1,22,富邦-新店,2024-01-04,9661
2337,旺宏,25,3,22,富邦-新店,2024-01-04,9661
8086,宏捷科,24,3,21,富邦-新店,2024-01-04,9661
1108,幸福,21,0,21,富邦-新店,2024-01-04,9661
2454,聯發科,23,2,21,富邦-新店,2024-01-04,9661
2022,聚亨,21,1,20,富邦-新店,2024-01-04,9661
00857B,永豐20年美公債,20,0,20,富邦-新店,2024-01-04,9661
3037,欣興,22,3,19,富邦-新店,2024-01-04,9661
2323,中環,24,5,19,富邦-新店,2024-01-04,9661
2317,鴻海,29,11,18,富邦-新店,2024-01-04,9661
006208,富邦台50,24,5,19,富邦-新店,2024-01-04,9661
2634,漢翔,500,7,493,富邦-新店,2024-01-05,9661
2618,長榮航,482,84,398,富邦-新店,2024-01-05,9661
00929,復華台灣科技優息,435,47,388,富邦-新店,2024-01-05,9661
00937B,群益ESG投等債20,603,223,380,富邦-新店,2024-01-05,9661
00919,群益台灣精選高息,258,23,235,富邦-新店,2024-01-05,9661
00680L,元大美債20正2,267,88,179,富邦-新店,2024-01-05,9661
00720B,元大投資級公司債,125,3,122,富邦-新店,2024-01-05,9661
1308,亞聚,120,6,114,富邦-新店,2024-01-05,9661
2344,華邦電,109,9,100,富邦-新店,2024-01-05,9661
00878,國泰永續高股息,123,24,99,富邦-新店,2024-01-05,9661
00687B,國泰20年美債,94,12,82,富邦-新店,2024-01-05,9661
3050,鈺德,209,157,52,富邦-新店,2024-01-05,9661
2356,英業達,124,72,52,富邦-新店,2024-01-05,9661
5521,工信,160,112,48,富邦-新店,2024-01-05,9661
00751B,元大AAA至A公司債,70,22,48,富邦-新店,2024-01-05,9661
00725B,國泰投資級公司債,46,1,45,富邦-新店,2024-01-05,9661
2498,宏達電,57,14,43,富邦-新店,2024-01-05,9661
2317,鴻海,52,10,42,富邦-新店,2024-01-05,9661
2353,宏��,202,161,41,富邦-新店,2024-01-05,9661
3231,緯創,94,53,41,富邦-新店,2024-01-05,9661
2888,新光金,40,0,40,富邦-新店,2024-01-05,9661
1108,幸福,39,0,39,富邦-新店,2024-01-05,9661
2603,長榮,120,81,39,富邦-新店,2024-01-05,9661
00881,國泰台灣5G+,40,3,37,富邦-新店,2024-01-05,9661
8068,全達,63,28,35,富邦-新店,2024-01-05,9661
2486,一詮,45,12,33,富邦-新店,2024-01-05,9661
6126,信音,32,0,32,富邦-新店,2024-01-05,9661
3232,昱捷,32,1,31,富邦-新店,2024-01-05,9661
3380,明泰,87,56,31,富邦-新店,2024-01-05,9661
00706L,期元大S＆P日圓正2,32,2,30,富邦-新店,2024-01-05,9661
1438,三地開發,30,0,30,富邦-新店,2024-01-05,9661
00712,復華富時不動產,34,5,29,富邦-新店,2024-01-05,9661
2609,陽明,741,711,30,富邦-新店,2024-01-05,9661
2881,富邦金,33,4,29,富邦-新店,2024-01-05,9661
8096,擎亞,292,263,29,富邦-新店,2024-01-05,9661
2352,佳世達,89,60,29,富邦-新店,2024-01-05,9661
2442,新美齊,27,0,27,富邦-新店,2024-01-05,9661
00753L,中信中國50正2,27,0,27,富邦-新店,2024-01-05,9661
00933B,國泰10Y+金融債,39,12,27,富邦-新店,2024-01-05,9661
3260,威剛,33,7,26,富邦-新店,2024-01-05,9661
0050,元大台灣50,25,0,25,富邦-新店,2024-01-05,9661
9945,潤泰新,29,4,25,富邦-新店,2024-01-05,9661
6133,金橋,25,0,25,富邦-新店,2024-01-05,9661
00931B,統一美債20年,250,225,25,富邦-新店,2024-01-05,9661
2301,光寶科,30,6,24,富邦-新店,2024-01-05,9661
4174,浩鼎,24,0,24,富邦-新店,2024-01-05,9661
2885,元大金,24,1,23,富邦-新店,2024-01-05,9661
6690,安�硌穈T,23,1,22,富邦-新店,2024-01-05,9661
2606,裕民,50,28,22,富邦-新店,2024-01-05,9661
6235,華孚,21,0,21,富邦-新店,2024-01-05,9661
2498,宏達電,2643,81,2562,富邦-新店,2024-01-08,9661
00929,復華台灣科技優息,570,29,541,富邦-新店,2024-01-08,9661
00665L,富邦�琤肭磪囓�2,421,0,421,富邦-新店,2024-01-08,9661
00937B,群益ESG投等債20,432,21,411,富邦-新店,2024-01-08,9661
00919,群益台灣精選高息,314,19,295,富邦-新店,2024-01-08,9661
2609,陽明,478,216,262,富邦-新店,2024-01-08,9661
3050,鈺德,178,0,178,富邦-新店,2024-01-08,9661
2353,宏��,284,119,165,富邦-新店,2024-01-08,9661
2014,中鴻,124,3,121,富邦-新店,2024-01-08,9661
00680L,元大美債20正2,118,3,115,富邦-新店,2024-01-08,9661
00712,復華富時不動產,116,5,111,富邦-新店,2024-01-08,9661
2371,大同,117,23,94,富邦-新店,2024-01-08,9661
2363,矽統,125,33,92,富邦-新店,2024-01-08,9661
00688L,國泰20年美債正2,96,5,91,富邦-新店,2024-01-08,9661
5521,工信,176,87,89,富邦-新店,2024-01-08,9661
00632R,元大台灣50反1,85,0,85,富邦-新店,2024-01-08,9661
2515,中工,83,3,80,富邦-新店,2024-01-08,9661
2707,晶華,80,0,80,富邦-新店,2024-01-08,9661
00637L,元大滬深300正2,179,100,79,富邦-新店,2024-01-08,9661
6451,訊芯-KY,78,7,71,富邦-新店,2024-01-08,9661
00927,群益半導體收益,70,0,70,富邦-新店,2024-01-08,9661
2633,台灣高鐵,67,0,67,富邦-新店,2024-01-08,9661
2303,聯電,104,39,65,富邦-新店,2024-01-08,9661
00931B,統一美債20年,64,0,64,富邦-新店,2024-01-08,9661
1721,三晃,146,84,62,富邦-新店,2024-01-08,9661
2884,玉山金,72,13,59,富邦-新店,2024-01-08,9661
00720B,元大投資級公司債,92,36,56,富邦-新店,2024-01-08,9661
6770,力積電,133,79,54,富邦-新店,2024-01-08,9661
2408,南亞科,58,7,51,富邦-新店,2024-01-08,9661
00650L,復華香港正2,51,0,51,富邦-新店,2024-01-08,9661
5225,東科-KY,73,32,41,富邦-新店,2024-01-08,9661
00725B,國泰投資級公司債,41,0,41,富邦-新店,2024-01-08,9661
1809,中釉,41,1,40,富邦-新店,2024-01-08,9661
2881,富邦金,80,41,39,富邦-新店,2024-01-08,9661
00753L,中信中國50正2,56,17,39,富邦-新店,2024-01-08,9661
00878,國泰永續高股息,62,28,34,富邦-新店,2024-01-08,9661
2344,華邦電,42,8,34,富邦-新店,2024-01-08,9661
2543,皇昌,81,50,31,富邦-新店,2024-01-08,9661
1227,佳格,30,0,30,富邦-新店,2024-01-08,9661
3025,星通,57,27,30,富邦-新店,2024-01-08,9661
5383,金利,28,0,28,富邦-新店,2024-01-08,9661
2002,中鋼,25,0,25,富邦-新店,2024-01-08,9661
1513,中興電,49,24,25,富邦-新店,2024-01-08,9661
2317,鴻海,49,26,23,富邦-新店,2024-01-08,9661
2324,仁寶,61,38,23,富邦-新店,2024-01-08,9661
2606,裕民,31,9,22,富邦-新店,2024-01-08,9661
3006,晶豪科,26,4,22,富邦-新店,2024-01-08,9661
2610,華航,42,21,21,富邦-新店,2024-01-08,9661
6462,神盾,55,35,20,富邦-新店,2024-01-08,9661
2607,榮運,39,19,20,富邦-新店,2024-01-08,9661
6462,神盾,563,12,551,富邦-新店,2024-01-09,9661
00919,群益台灣精選高息,556,136,420,富邦-新店,2024-01-09,9661
00937B,群益ESG投等債20,567,156,411,富邦-新店,2024-01-09,9661
3050,鈺德,1225,883,342,富邦-新店,2024-01-09,9661
5521,工信,333,89,244,富邦-新店,2024-01-09,9661
00680L,元大美債20正2,268,30,238,富邦-新店,2024-01-09,9661
00929,復華台灣科技優息,299,85,214,富邦-新店,2024-01-09,9661
00687B,國泰20年美債,226,14,212,富邦-新店,2024-01-09,9661
2324,仁寶,321,131,190,富邦-新店,2024-01-09,9661
2609,陽明,395,267,128,富邦-新店,2024-01-09,9661
2615,萬海,179,67,112,富邦-新店,2024-01-09,9661
4420,光明,99,1,98,富邦-新店,2024-01-09,9661
3287,廣寰科,130,36,94,富邦-新店,2024-01-09,9661
2881,富邦金,95,1,94,富邦-新店,2024-01-09,9661
2618,長榮航,196,105,91,富邦-新店,2024-01-09,9661
2363,矽統,172,91,81,富邦-新店,2024-01-09,9661
6770,力積電,76,6,70,富邦-新店,2024-01-09,9661
0056,元大高股息,84,21,63,富邦-新店,2024-01-09,9661
2356,英業達,103,44,59,富邦-新店,2024-01-09,9661
00715L,期街口布蘭特正2,56,0,56,富邦-新店,2024-01-09,9661
2515,中工,55,0,55,富邦-新店,2024-01-09,9661
1438,三地開發,56,2,54,富邦-新店,2024-01-09,9661
00933B,國泰10Y+金融債,72,19,53,富邦-新店,2024-01-09,9661
2610,華航,65,15,50,富邦-新店,2024-01-09,9661
1301,台塑,50,1,49,富邦-新店,2024-01-09,9661
2308,台達電,47,0,47,富邦-新店,2024-01-09,9661
2362,藍天,91,45,46,富邦-新店,2024-01-09,9661
00918,大華優利高填息30,41,0,41,富邦-新店,2024-01-09,9661
3025,星通,160,124,36,富邦-新店,2024-01-09,9661
00751B,元大AAA至A公司債,37,2,35,富邦-新店,2024-01-09,9661
00733,富邦臺灣中小,33,2,31,富邦-新店,2024-01-09,9661
9945,潤泰新,33,2,31,富邦-新店,2024-01-09,9661
4123,晟德,31,1,30,富邦-新店,2024-01-09,9661
2634,漢翔,37,9,28,富邦-新店,2024-01-09,9661
00927,群益半導體收益,27,0,27,富邦-新店,2024-01-09,9661
1603,華電,29,3,26,富邦-新店,2024-01-09,9661
3481,群創,57,32,25,富邦-新店,2024-01-09,9661
2457,飛宏,30,5,25,富邦-新店,2024-01-09,9661
2317,鴻海,26,1,25,富邦-新店,2024-01-09,9661
3232,昱捷,24,0,24,富邦-新店,2024-01-09,9661
2201,裕隆,29,6,23,富邦-新店,2024-01-09,9661
4953,緯軟,23,0,23,富邦-新店,2024-01-09,9661
5880,合庫金,25,2,23,富邦-新店,2024-01-09,9661
6176,瑞儀,26,3,23,富邦-新店,2024-01-09,9661
2353,宏��,231,208,23,富邦-新店,2024-01-09,9661
2323,中環,40,18,22,富邦-新店,2024-01-09,9661
3346,麗清,27,5,22,富邦-新店,2024-01-09,9661
00679B,元大美債20年,124,103,21,富邦-新店,2024-01-09,9661
2365,昆盈,22,2,20,富邦-新店,2024-01-09,9661
5452,佶優,20,0,20,富邦-新店,2024-01-09,9661
00937B,群益ESG投等債20,644,233,411,富邦-新店,2024-01-10,9661
3050,鈺德,298,21,277,富邦-新店,2024-01-10,9661
00929,復華台灣科技優息,266,13,253,富邦-新店,2024-01-10,9661
2610,華航,138,2,136,富邦-新店,2024-01-10,9661
2312,金寶,131,6,125,富邦-新店,2024-01-10,9661
2362,藍天,160,45,115,富邦-新店,2024-01-10,9661
2344,華邦電,120,6,114,富邦-新店,2024-01-10,9661
2515,中工,113,5,108,富邦-新店,2024-01-10,9661
00927,群益半導體收益,104,2,102,富邦-新店,2024-01-10,9661
00919,群益台灣精選高息,216,114,102,富邦-新店,2024-01-10,9661
00933B,國泰10Y+金融債,82,2,80,富邦-新店,2024-01-10,9661
2409,友達,91,11,80,富邦-新店,2024-01-10,9661
00733,富邦臺灣中小,80,0,80,富邦-新店,2024-01-10,9661
2618,長榮航,86,8,78,富邦-新店,2024-01-10,9661
2423,固緯,108,31,77,富邦-新店,2024-01-10,9661
6164,華興,91,17,74,富邦-新店,2024-01-10,9661
1326,台化,67,0,67,富邦-新店,2024-01-10,9661
2356,英業達,107,46,61,富邦-新店,2024-01-10,9661
2303,聯電,87,29,58,富邦-新店,2024-01-10,9661
6163,華電網,85,29,56,富邦-新店,2024-01-10,9661
00713,元大台灣高息低波,70,14,56,富邦-新店,2024-01-10,9661
2301,光寶科,60,6,54,富邦-新店,2024-01-10,9661
2883,凱基金,54,0,54,富邦-新店,2024-01-10,9661
2881,富邦金,83,29,54,富邦-新店,2024-01-10,9661
00878,國泰永續高股息,69,17,52,富邦-新店,2024-01-10,9661
00687B,國泰20年美債,64,14,50,富邦-新店,2024-01-10,9661
0050,元大台灣50,47,2,45,富邦-新店,2024-01-10,9661
2317,鴻海,51,5,46,富邦-新店,2024-01-10,9661
2353,宏��,94,54,40,富邦-新店,2024-01-10,9661
2892,第一金,57,20,37,富邦-新店,2024-01-10,9661
2885,元大金,38,3,35,富邦-新店,2024-01-10,9661
2801,彰銀,33,0,33,富邦-新店,2024-01-10,9661
8222,寶一,62,30,32,富邦-新店,2024-01-10,9661
1301,台塑,33,2,31,富邦-新店,2024-01-10,9661
6182,合晶,31,1,30,富邦-新店,2024-01-10,9661
2337,旺宏,31,2,29,富邦-新店,2024-01-10,9661
00918,大華優利高填息30,29,0,29,富邦-新店,2024-01-10,9661
0056,元大高股息,99,71,28,富邦-新店,2024-01-10,9661
8096,擎亞,238,211,27,富邦-新店,2024-01-10,9661
1409,新纖,27,0,27,富邦-新店,2024-01-10,9661
2880,華南金,25,0,25,富邦-新店,2024-01-10,9661
00930,永豐ESG低碳高息,25,0,25,富邦-新店,2024-01-10,9661
1522,堤維西,28,4,24,富邦-新店,2024-01-10,9661
2308,台達電,25,1,24,富邦-新店,2024-01-10,9661
00830,國泰費城半導體,24,0,24,富邦-新店,2024-01-10,9661
4157,太景*-KY,26,3,23,富邦-新店,2024-01-10,9661
4306,炎洲,20,0,20,富邦-新店,2024-01-10,9661
6233,旺玖,21,1,20,富邦-新店,2024-01-10,9661
6213,聯茂,20,0,20,富邦-新店,2024-01-10,9661
5876,上海商銀,20,0,20,富邦-新店,2024-01-10,9661
3050,鈺德,1034,712,322,富邦-新店,2024-01-11,9661
00937B,群益ESG投等債20,412,122,290,富邦-新店,2024-01-11,9661
00929,復華台灣科技優息,324,56,268,富邦-新店,2024-01-11,9661
00919,群益台灣精選高息,208,12,196,富邦-新店,2024-01-11,9661
00878,國泰永續高股息,170,19,151,富邦-新店,2024-01-11,9661
6120,達運,277,127,150,富邦-新店,2024-01-11,9661
2408,南亞科,128,12,116,富邦-新店,2024-01-11,9661
2897,王道銀行,104,0,104,富邦-新店,2024-01-11,9661
00632R,元大台灣50反1,145,43,102,富邦-新店,2024-01-11,9661
00891,中信關鍵半導體,114,13,101,富邦-新店,2024-01-11,9661
2883B,凱基金乙特,100,0,100,富邦-新店,2024-01-11,9661
2881,富邦金,91,1,90,富邦-新店,2024-01-11,9661
0056,元大高股息,82,3,79,富邦-新店,2024-01-11,9661
2449,京元電子,122,44,78,富邦-新店,2024-01-11,9661
00692,富邦公司治理,75,2,73,富邦-新店,2024-01-11,9661
2801,彰銀,72,0,72,富邦-新店,2024-01-11,9661
2610,華航,78,6,72,富邦-新店,2024-01-11,9661
6770,力積電,76,9,67,富邦-新店,2024-01-11,9661
00680L,元大美債20正2,65,0,65,富邦-新店,2024-01-11,9661
1301,台塑,65,5,60,富邦-新店,2024-01-11,9661
2353,宏��,138,80,58,富邦-新店,2024-01-11,9661
00751B,元大AAA至A公司債,52,0,52,富邦-新店,2024-01-11,9661
4908,前鼎,59,10,49,富邦-新店,2024-01-11,9661
00687B,國泰20年美債,55,6,49,富邦-新店,2024-01-11,9661
8034,榮群,78,30,48,富邦-新店,2024-01-11,9661
2426,鼎元,88,41,47,富邦-新店,2024-01-11,9661
00927,群益半導體收益,47,0,47,富邦-新店,2024-01-11,9661
00712,復華富時不動產,45,0,45,富邦-新店,2024-01-11,9661
2317,鴻海,51,7,44,富邦-新店,2024-01-11,9661
3380,明泰,46,3,43,富邦-新店,2024-01-11,9661
2303,聯電,43,2,41,富邦-新店,2024-01-11,9661
2882,國泰金,43,2,41,富邦-新店,2024-01-11,9661
2498,宏達電,63,23,40,富邦-新店,2024-01-11,9661
2603,長榮,44,12,32,富邦-新店,2024-01-11,9661
00933B,國泰10Y+金融債,44,13,31,富邦-新店,2024-01-11,9661
1409,新纖,31,0,31,富邦-新店,2024-01-11,9661
6695,芯鼎,84,54,30,富邦-新店,2024-01-11,9661
8111,立��,80,51,29,富邦-新店,2024-01-11,9661
6245,立端,53,26,27,富邦-新店,2024-01-11,9661
8936,國統,84,57,27,富邦-新店,2024-01-11,9661
00881,國泰台灣5G+,27,0,27,富邦-新店,2024-01-11,9661
9924,福興,26,0,26,富邦-新店,2024-01-11,9661
3059,華晶科,26,0,26,富邦-新店,2024-01-11,9661
1108,幸福,26,0,26,富邦-新店,2024-01-11,9661
1802,台玻,25,0,25,富邦-新店,2024-01-11,9661
2421,建準,31,7,24,富邦-新店,2024-01-11,9661
2454,聯發科,24,2,22,富邦-新店,2024-01-11,9661
5484,慧友,21,0,21,富邦-新店,2024-01-11,9661
6026,福邦證,21,0,21,富邦-新店,2024-01-11,9661
2609,陽明,121,100,21,富邦-新店,2024-01-11,9661
00929,復華台灣科技優息,407,21,386,富邦-新店,2024-01-12,9661
00937B,群益ESG投等債20,321,1,320,富邦-新店,2024-01-12,9661
00927,群益半導體收益,196,0,196,富邦-新店,2024-01-12,9661
3050,鈺德,142,25,117,富邦-新店,2024-01-12,9661
00919,群益台灣精選高息,122,8,114,富邦-新店,2024-01-12,9661
00878,國泰永續高股息,168,56,112,富邦-新店,2024-01-12,9661
0056,元大高股息,119,13,106,富邦-新店,2024-01-12,9661
6770,力積電,108,6,102,富邦-新店,2024-01-12,9661
5443,均豪,111,20,91,富邦-新店,2024-01-12,9661
3622,洋華,169,78,91,富邦-新店,2024-01-12,9661
2303,聯電,120,31,89,富邦-新店,2024-01-12,9661
1714,和桐,84,2,82,富邦-新店,2024-01-12,9661
00692,富邦公司治理,80,1,79,富邦-新店,2024-01-12,9661
4979,華星光,119,41,78,富邦-新店,2024-01-12,9661
8936,國統,81,6,75,富邦-新店,2024-01-12,9661
6140,訊達,127,60,67,富邦-新店,2024-01-12,9661
2883,凱基金,65,8,57,富邦-新店,2024-01-12,9661
00751B,元大AAA至A公司債,58,3,55,富邦-新店,2024-01-12,9661
00933B,國泰10Y+金融債,55,0,55,富邦-新店,2024-01-12,9661
9924,福興,54,0,54,富邦-新店,2024-01-12,9661
5426,振發,826,774,52,富邦-新店,2024-01-12,9661
00650L,復華香港正2,50,0,50,富邦-新店,2024-01-12,9661
00632R,元大台灣50反1,164,121,43,富邦-新店,2024-01-12,9661
00725B,國泰投資級公司債,68,25,43,富邦-新店,2024-01-12,9661
6125,廣運,41,0,41,富邦-新店,2024-01-12,9661
1609,大亞,42,1,41,富邦-新店,2024-01-12,9661
0050,元大台灣50,43,3,40,富邦-新店,2024-01-12,9661
2609,陽明,203,165,38,富邦-新店,2024-01-12,9661
00904,新光臺灣半導體30,37,0,37,富邦-新店,2024-01-12,9661
00680L,元大美債20正2,52,15,37,富邦-新店,2024-01-12,9661
2353,宏��,106,74,32,富邦-新店,2024-01-12,9661
2449,京元電子,52,20,32,富邦-新店,2024-01-12,9661
3481,群創,36,8,28,富邦-新店,2024-01-12,9661
4909,新復興,79,51,28,富邦-新店,2024-01-12,9661
8932,智通*,28,0,28,富邦-新店,2024-01-12,9661
3324,雙鴻,29,2,27,富邦-新店,2024-01-12,9661
2486,一詮,136,110,26,富邦-新店,2024-01-12,9661
00930,永豐ESG低碳高息,26,0,26,富邦-新店,2024-01-12,9661
00882,中信中國高股息,33,7,26,富邦-新店,2024-01-12,9661
2371,大同,50,24,26,富邦-新店,2024-01-12,9661
8201,無敵,25,1,24,富邦-新店,2024-01-12,9661
2355,敬鵬,23,0,23,富邦-新店,2024-01-12,9661
1612,宏泰,23,0,23,富邦-新店,2024-01-12,9661
5355,佳總,25,2,23,富邦-新店,2024-01-12,9661
6486,互動,23,0,23,富邦-新店,2024-01-12,9661
2891,中信金,27,4,23,富邦-新店,2024-01-12,9661
2323,中環,23,0,23,富邦-新店,2024-01-12,9661
6270,倍微,22,0,22,富邦-新店,2024-01-12,9661
2611,志信,21,0,21,富邦-新店,2024-01-12,9661
3041,揚智,21,0,21,富邦-新店,2024-01-12,9661
2344,華邦電,1243,114,1129,富邦-新店,2024-01-15,9661
00937B,群益ESG投等債20,650,120,530,富邦-新店,2024-01-15,9661
00929,復華台灣科技優息,522,78,444,富邦-新店,2024-01-15,9661
00927,群益半導體收益,159,15,144,富邦-新店,2024-01-15,9661
1301,台塑,130,2,128,富邦-新店,2024-01-15,9661
00632R,元大台灣50反1,128,4,124,富邦-新店,2024-01-15,9661
3231,緯創,217,100,117,富邦-新店,2024-01-15,9661
2376,技嘉,130,18,112,富邦-新店,2024-01-15,9661
2610,華航,115,9,106,富邦-新店,2024-01-15,9661
0056,元大高股息,120,15,105,富邦-新店,2024-01-15,9661
2408,南亞科,104,27,77,富邦-新店,2024-01-15,9661
1326,台化,66,1,65,富邦-新店,2024-01-15,9661
00733,富邦臺灣中小,61,0,61,富邦-新店,2024-01-15,9661
2356,英業達,84,31,53,富邦-新店,2024-01-15,9661
1342,八貫,52,0,52,富邦-新店,2024-01-15,9661
2888,新光金,82,31,51,富邦-新店,2024-01-15,9661
8034,榮群,84,36,48,富邦-新店,2024-01-15,9661
2883,凱基金,65,19,46,富邦-新店,2024-01-15,9661
6116,彩晶,43,1,42,富邦-新店,2024-01-15,9661
2498,宏達電,54,12,42,富邦-新店,2024-01-15,9661
2353,宏��,86,46,40,富邦-新店,2024-01-15,9661
8936,國統,42,6,36,富邦-新店,2024-01-15,9661
2491,吉祥全,30,0,30,富邦-新店,2024-01-15,9661
00933B,國泰10Y+金融債,36,7,29,富邦-新店,2024-01-15,9661
2324,仁寶,38,10,28,富邦-新店,2024-01-15,9661
6770,力積電,33,5,28,富邦-新店,2024-01-15,9661
2880,華南金,28,0,28,富邦-新店,2024-01-15,9661
3287,廣寰科,32,5,27,富邦-新店,2024-01-15,9661
2476,鉅祥,40,14,26,富邦-新店,2024-01-15,9661
2382,廣達,98,72,26,富邦-新店,2024-01-15,9661
1227,佳格,25,0,25,富邦-新店,2024-01-15,9661
2887,台新金,25,1,24,富邦-新店,2024-01-15,9661
00934,中信成長高股息,33,10,23,富邦-新店,2024-01-15,9661
2605,新興,23,0,23,富邦-新店,2024-01-15,9661
2634,漢翔,68,46,22,富邦-新店,2024-01-15,9661
2423,固緯,28,6,22,富邦-新店,2024-01-15,9661
2101,南港,22,0,22,富邦-新店,2024-01-15,9661
00919,群益台灣精選高息,99,77,22,富邦-新店,2024-01-15,9661
3706,神達,50,30,20,富邦-新店,2024-01-15,9661
6546,正基,20,0,20,富邦-新店,2024-01-15,9661
3033,威健,20,1,19,富邦-新店,2024-01-15,9661
2362,藍天,29,10,19,富邦-新店,2024-01-15,9661
2409,友達,127,109,18,富邦-新店,2024-01-15,9661
00770,國泰北美科技,23,5,18,富邦-新店,2024-01-15,9661
2812,台中銀,21,4,17,富邦-新店,2024-01-15,9661
2317,鴻海,21,5,16,富邦-新店,2024-01-15,9661
00688L,國泰20年美債正2,16,0,16,富邦-新店,2024-01-15,9661
00904,新光臺灣半導體30,18,2,16,富邦-新店,2024-01-15,9661
2465,麗臺,20,4,16,富邦-新店,2024-01-15,9661
00878,國泰永續高股息,57,42,15,富邦-新店,2024-01-15,9661
2609,陽明,1373,208,1165,富邦-新店,2024-01-16,9661
00929,復華台灣科技優息,585,70,515,富邦-新店,2024-01-16,9661
0056,元大高股息,536,43,493,富邦-新店,2024-01-16,9661
3050,鈺德,828,566,262,富邦-新店,2024-01-16,9661
2376,技嘉,208,18,190,富邦-新店,2024-01-16,9661
2883,凱基金,205,37,168,富邦-新店,2024-01-16,9661
00919,群益台灣精選高息,171,5,166,富邦-新店,2024-01-16,9661
9939,宏全,168,6,162,富邦-新店,2024-01-16,9661
2405,輔信,165,33,132,富邦-新店,2024-01-16,9661
2887,台新金,158,40,118,富邦-新店,2024-01-16,9661
2892,第一金,107,1,106,富邦-新店,2024-01-16,9661
00927,群益半導體收益,98,0,98,富邦-新店,2024-01-16,9661
5426,振發,157,63,94,富邦-新店,2024-01-16,9661
3287,廣寰科,219,129,90,富邦-新店,2024-01-16,9661
2486,一詮,176,88,88,富邦-新店,2024-01-16,9661
00937B,群益ESG投等債20,351,263,88,富邦-新店,2024-01-16,9661
2884,玉山金,81,0,81,富邦-新店,2024-01-16,9661
4714,永捷,80,0,80,富邦-新店,2024-01-16,9661
6505,台塑化,80,1,79,富邦-新店,2024-01-16,9661
00679B,元大美債20年,87,16,71,富邦-新店,2024-01-16,9661
2610,華航,73,3,70,富邦-新店,2024-01-16,9661
2882,國泰金,67,0,67,富邦-新店,2024-01-16,9661
2002,中鋼,70,5,65,富邦-新店,2024-01-16,9661
00687B,國泰20年美債,68,8,60,富邦-新店,2024-01-16,9661
00664R,國泰臺灣加權反1,60,0,60,富邦-新店,2024-01-16,9661
5351,鈺創,124,66,58,富邦-新店,2024-01-16,9661
00878,國泰永續高股息,104,46,58,富邦-新店,2024-01-16,9661
1101,台泥,58,6,52,富邦-新店,2024-01-16,9661
1609,大亞,77,26,51,富邦-新店,2024-01-16,9661
2891,中信金,88,39,49,富邦-新店,2024-01-16,9661
2606,裕民,56,10,46,富邦-新店,2024-01-16,9661
0050,元大台灣50,78,32,46,富邦-新店,2024-01-16,9661
00904,新光臺灣半導體30,44,1,43,富邦-新店,2024-01-16,9661
00706L,期元大S＆P日圓正2,42,0,42,富邦-新店,2024-01-16,9661
2890,永豐金,69,30,39,富邦-新店,2024-01-16,9661
1560,中砂,39,0,39,富邦-新店,2024-01-16,9661
1795,美時,59,21,38,富邦-新店,2024-01-16,9661
8096,擎亞,282,245,37,富邦-新店,2024-01-16,9661
00725B,國泰投資級公司債,39,2,37,富邦-新店,2024-01-16,9661
5880,合庫金,40,4,36,富邦-新店,2024-01-16,9661
00688L,國泰20年美債正2,36,0,36,富邦-新店,2024-01-16,9661
2324,仁寶,39,4,35,富邦-新店,2024-01-16,9661
2603,長榮,67,32,35,富邦-新店,2024-01-16,9661
2374,佳能,44,10,34,富邦-新店,2024-01-16,9661
2834,臺企銀,35,2,33,富邦-新店,2024-01-16,9661
00881,國泰台灣5G+,44,12,32,富邦-新店,2024-01-16,9661
6695,芯鼎,176,144,32,富邦-新店,2024-01-16,9661
1605,華新,50,19,31,富邦-新店,2024-01-16,9661
2880,華南金,31,0,31,富邦-新店,2024-01-16,9661
1326,台化,33,1,32,富邦-新店,2024-01-16,9661
3694,海華,952,43,909,富邦-新店,2024-01-17,9661
00929,復華台灣科技優息,935,68,867,富邦-新店,2024-01-17,9661
0056,元大高股息,543,15,528,富邦-新店,2024-01-17,9661
00919,群益台灣精選高息,570,88,482,富邦-新店,2024-01-17,9661
2344,華邦電,414,59,355,富邦-新店,2024-01-17,9661
2303,聯電,354,7,347,富邦-新店,2024-01-17,9661
3360,尚立,306,13,293,富邦-新店,2024-01-17,9661
2371,大同,253,3,250,富邦-新店,2024-01-17,9661
00679B,元大美債20年,219,6,213,富邦-新店,2024-01-17,9661
00937B,群益ESG投等債20,661,454,207,富邦-新店,2024-01-17,9661
00752,中信中國50,204,2,202,富邦-新店,2024-01-17,9661
2887,台新金,205,10,195,富邦-新店,2024-01-17,9661
2882,國泰金,164,1,163,富邦-新店,2024-01-17,9661
00680L,元大美債20正2,155,10,145,富邦-新店,2024-01-17,9661
00927,群益半導體收益,138,0,138,富邦-新店,2024-01-17,9661
1463,強盛新,368,230,138,富邦-新店,2024-01-17,9661
0050,元大台灣50,127,8,119,富邦-新店,2024-01-17,9661
00687B,國泰20年美債,115,2,113,富邦-新店,2024-01-17,9661
2515,中工,261,152,109,富邦-新店,2024-01-17,9661
6155,鈞寶,239,132,107,富邦-新店,2024-01-17,9661
00878,國泰永續高股息,174,70,104,富邦-新店,2024-01-17,9661
2317,鴻海,109,6,103,富邦-新店,2024-01-17,9661
3029,零壹,120,25,95,富邦-新店,2024-01-17,9661
2836,高雄銀,90,0,90,富邦-新店,2024-01-17,9661
006208,富邦台50,82,2,80,富邦-新店,2024-01-17,9661
2329,華泰,126,47,79,富邦-新店,2024-01-17,9661
2002,中鋼,78,4,74,富邦-新店,2024-01-17,9661
6174,安��,74,3,71,富邦-新店,2024-01-17,9661
2801,彰銀,83,13,70,富邦-新店,2024-01-17,9661
1326,台化,64,1,63,富邦-新店,2024-01-17,9661
00753L,中信中國50正2,83,20,63,富邦-新店,2024-01-17,9661
00918,大華優利高填息30,69,7,62,富邦-新店,2024-01-17,9661
2886,兆豐金,59,0,59,富邦-新店,2024-01-17,9661
5425,台半,79,20,59,富邦-新店,2024-01-17,9661
1444,力麗,62,4,58,富邦-新店,2024-01-17,9661
2308,台達電,60,3,57,富邦-新店,2024-01-17,9661
2883,凱基金,63,6,57,富邦-新店,2024-01-17,9661
1301,台塑,62,6,56,富邦-新店,2024-01-17,9661
2356,英業達,107,52,55,富邦-新店,2024-01-17,9661
2881,富邦金,57,2,55,富邦-新店,2024-01-17,9661
00933B,國泰10Y+金融債,54,0,54,富邦-新店,2024-01-17,9661
8112,至上,72,21,51,富邦-新店,2024-01-17,9661
2408,南亞科,52,7,45,富邦-新店,2024-01-17,9661
00934,中信成長高股息,45,0,45,富邦-新店,2024-01-17,9661
6276,安鈦克,58,14,44,富邦-新店,2024-01-17,9661
00664R,國泰臺灣加權反1,44,0,44,富邦-新店,2024-01-17,9661
2892,第一金,44,2,42,富邦-新店,2024-01-17,9661
1609,大亞,49,8,41,富邦-新店,2024-01-17,9661
2885,元大金,42,1,41,富邦-新店,2024-01-17,9661
1605,華新,65,24,41,富邦-新店,2024-01-17,9661
00929,復華台灣科技優息,474,121,353,富邦-新店,2024-01-18,9661
00937B,群益ESG投等債20,460,110,350,富邦-新店,2024-01-18,9661
00679B,元大美債20年,239,2,237,富邦-新店,2024-01-18,9661
3050,鈺德,1148,942,206,富邦-新店,2024-01-18,9661
00882,中信中國高股息,200,21,179,富邦-新店,2024-01-18,9661
2324,仁寶,228,66,162,富邦-新店,2024-01-18,9661
2303,聯電,205,45,160,富邦-新店,2024-01-18,9661
00878,國泰永續高股息,172,47,125,富邦-新店,2024-01-18,9661
00919,群益台灣精選高息,211,91,120,富邦-新店,2024-01-18,9661
2836,高雄銀,112,0,112,富邦-新店,2024-01-18,9661
5426,振發,678,576,102,富邦-新店,2024-01-18,9661
0056,元大高股息,130,33,97,富邦-新店,2024-01-18,9661
00637L,元大滬深300正2,276,179,97,富邦-新店,2024-01-18,9661
3029,零壹,118,28,90,富邦-新店,2024-01-18,9661
3287,廣寰科,164,86,78,富邦-新店,2024-01-18,9661
8210,勤誠,132,54,78,富邦-新店,2024-01-18,9661
2887,台新金,77,5,72,富邦-新店,2024-01-18,9661
00676R,富邦臺灣加權反1,100,40,60,富邦-新店,2024-01-18,9661
2882,國泰金,67,8,59,富邦-新店,2024-01-18,9661
00680L,元大美債20正2,58,0,58,富邦-新店,2024-01-18,9661
2363,矽統,117,59,58,富邦-新店,2024-01-18,9661
8034,榮群,95,41,54,富邦-新店,2024-01-18,9661
2208,台船,53,0,53,富邦-新店,2024-01-18,9661
2002,中鋼,57,4,53,富邦-新店,2024-01-18,9661
5484,慧友,50,0,50,富邦-新店,2024-01-18,9661
3694,海華,213,164,49,富邦-新店,2024-01-18,9661
4960,誠美材,136,91,45,富邦-新店,2024-01-18,9661
6187,萬潤,67,24,43,富邦-新店,2024-01-18,9661
3060,銘異,48,6,42,富邦-新店,2024-01-18,9661
3231,緯創,185,146,39,富邦-新店,2024-01-18,9661
3622,洋華,81,44,37,富邦-新店,2024-01-18,9661
00933B,國泰10Y+金融債,38,2,36,富邦-新店,2024-01-18,9661
0050,元大台灣50,38,3,35,富邦-新店,2024-01-18,9661
00927,群益半導體收益,32,0,32,富邦-新店,2024-01-18,9661
00665L,富邦�琤肭磪囓�2,31,0,31,富邦-新店,2024-01-18,9661
00918,大華優利高填息30,35,5,30,富邦-新店,2024-01-18,9661
4109,加捷生醫,42,12,30,富邦-新店,2024-01-18,9661
6667,信紘科,45,15,30,富邦-新店,2024-01-18,9661
1528,恩德,98,69,29,富邦-新店,2024-01-18,9661
2344,華邦電,154,125,29,富邦-新店,2024-01-18,9661
1301,台塑,32,4,28,富邦-新店,2024-01-18,9661
00904,新光臺灣半導體30,40,12,28,富邦-新店,2024-01-18,9661
2892,第一金,26,1,25,富邦-新店,2024-01-18,9661
2027,大成鋼,25,1,24,富邦-新店,2024-01-18,9661
6451,訊芯-KY,34,10,24,富邦-新店,2024-01-18,9661
1101,台泥,28,4,24,富邦-新店,2024-01-18,9661
4979,華星光,46,24,22,富邦-新店,2024-01-18,9661
2409,友達,73,51,22,富邦-新店,2024-01-18,9661
2888,新光金,93,72,21,富邦-新店,2024-01-18,9661
2886,兆豐金,21,0,21,富邦-新店,2024-01-18,9661
00937B,群益ESG投等債20,827,41,786,富邦-新店,2024-01-19,9661
3036,文曄,533,38,495,富邦-新店,2024-01-19,9661
2883B,凱基金乙特,330,0,330,富邦-新店,2024-01-19,9661
8034,榮群,298,26,272,富邦-新店,2024-01-19,9661
00632R,元大台灣50反1,250,0,250,富邦-新店,2024-01-19,9661
1809,中釉,246,20,226,富邦-新店,2024-01-19,9661
3050,鈺德,697,533,164,富邦-新店,2024-01-19,9661
2353,宏��,213,80,133,富邦-新店,2024-01-19,9661
3706,神達,204,88,116,富邦-新店,2024-01-19,9661
6140,訊達,209,93,116,富邦-新店,2024-01-19,9661
00687B,國泰20年美債,115,0,115,富邦-新店,2024-01-19,9661
00882,中信中國高股息,116,12,104,富邦-新店,2024-01-19,9661
00679B,元大美債20年,180,78,102,富邦-新店,2024-01-19,9661
00688L,國泰20年美債正2,115,15,100,富邦-新店,2024-01-19,9661
9105,泰金寶-DR,105,5,100,富邦-新店,2024-01-19,9661
00751B,元大AAA至A公司債,104,5,99,富邦-新店,2024-01-19,9661
3305,昇貿,84,6,78,富邦-新店,2024-01-19,9661
00720B,元大投資級公司債,88,19,69,富邦-新店,2024-01-19,9661
2609,陽明,194,131,63,富邦-新店,2024-01-19,9661
00676R,富邦臺灣加權反1,61,0,61,富邦-新店,2024-01-19,9661
2610,華航,70,11,59,富邦-新店,2024-01-19,9661
00931B,統一美債20年,65,10,55,富邦-新店,2024-01-19,9661
00680L,元大美債20正2,126,75,51,富邦-新店,2024-01-19,9661
2515,中工,50,0,50,富邦-新店,2024-01-19,9661
00753L,中信中國50正2,47,0,47,富邦-新店,2024-01-19,9661
2618,長榮航,89,44,45,富邦-新店,2024-01-19,9661
2002,中鋼,45,3,42,富邦-新店,2024-01-19,9661
00929,復華台灣科技優息,127,85,42,富邦-新店,2024-01-19,9661
00919,群益台灣精選高息,76,39,37,富邦-新店,2024-01-19,9661
6274,台燿,45,9,36,富邦-新店,2024-01-19,9661
00795B,中信美國公債20年,35,0,35,富邦-新店,2024-01-19,9661
2355,敬鵬,36,1,35,富邦-新店,2024-01-19,9661
00933B,國泰10Y+金融債,39,5,34,富邦-新店,2024-01-19,9661
8150,南茂,64,36,28,富邦-新店,2024-01-19,9661
2409,友達,57,29,28,富邦-新店,2024-01-19,9661
3576,聯合再生,28,1,27,富邦-新店,2024-01-19,9661
00674R,期元大S＆P黃金反1,27,0,27,富邦-新店,2024-01-19,9661
1101,台泥,40,14,26,富邦-新店,2024-01-19,9661
3191,雲嘉南,25,0,25,富邦-新店,2024-01-19,9661
00935,野村臺灣新科技50,44,19,25,富邦-新店,2024-01-19,9661
5009,榮剛,30,6,24,富邦-新店,2024-01-19,9661
1303,南亞,25,1,24,富邦-新店,2024-01-19,9661
6187,萬潤,32,8,24,富邦-新店,2024-01-19,9661
00725B,國泰投資級公司債,24,0,24,富邦-新店,2024-01-19,9661
3032,偉訓,34,11,23,富邦-新店,2024-01-19,9661
8488,吉源-KY,23,0,23,富邦-新店,2024-01-19,9661
00712,復華富時不動產,22,0,22,富邦-新店,2024-01-19,9661
6770,力積電,22,1,21,富邦-新店,2024-01-19,9661
5880,合庫金,30,10,20,富邦-新店,2024-01-19,9661
00891,中信關鍵半導體,33,13,20,富邦-新店,2024-01-19,9661
00680L,元大美債20正2,8034,3,8031,富邦-新店,2024-01-22,9661
2316,楠梓電,1041,2,1039,富邦-新店,2024-01-22,9661
3035,智原,442,44,398,富邦-新店,2024-01-22,9661
00882,中信中國高股息,263,9,254,富邦-新店,2024-01-22,9661
00937B,群益ESG投等債20,238,3,235,富邦-新店,2024-01-22,9661
1513,中興電,237,13,224,富邦-新店,2024-01-22,9661
5426,振發,262,106,156,富邦-新店,2024-01-22,9661
2618,長榮航,190,39,151,富邦-新店,2024-01-22,9661
6274,台燿,235,91,144,富邦-新店,2024-01-22,9661
00753L,中信中國50正2,113,10,103,富邦-新店,2024-01-22,9661
2465,麗臺,85,13,72,富邦-新店,2024-01-22,9661
2892,第一金,73,1,72,富邦-新店,2024-01-22,9661
9904,寶成,67,0,67,富邦-新店,2024-01-22,9661
6163,華電網,60,0,60,富邦-新店,2024-01-22,9661
00933B,國泰10Y+金融債,60,2,58,富邦-新店,2024-01-22,9661
1301,台塑,59,2,57,富邦-新店,2024-01-22,9661
00632R,元大台灣50反1,133,76,57,富邦-新店,2024-01-22,9661
00751B,元大AAA至A公司債,56,0,56,富邦-新店,2024-01-22,9661
3025,星通,100,44,56,富邦-新店,2024-01-22,9661
2883B,凱基金乙特,50,0,50,富邦-新店,2024-01-22,9661
2353,宏��,177,128,49,富邦-新店,2024-01-22,9661
3227,原相,201,158,43,富邦-新店,2024-01-22,9661
4109,加捷生醫,44,3,41,富邦-新店,2024-01-22,9661
3191,雲嘉南,40,0,40,富邦-新店,2024-01-22,9661
3630,新鉅科,40,0,40,富邦-新店,2024-01-22,9661
2836,高雄銀,40,0,40,富邦-新店,2024-01-22,9661
2317,鴻海,41,2,39,富邦-新店,2024-01-22,9661
00676R,富邦臺灣加權反1,39,0,39,富邦-新店,2024-01-22,9661
8034,榮群,54,15,39,富邦-新店,2024-01-22,9661
2884,玉山金,38,2,36,富邦-新店,2024-01-22,9661
00929,復華台灣科技優息,69,33,36,富邦-新店,2024-01-22,9661
00715L,期街口布蘭特正2,44,8,36,富邦-新店,2024-01-22,9661
5880,合庫金,35,2,33,富邦-新店,2024-01-22,9661
3712,永崴投控,92,59,33,富邦-新店,2024-01-22,9661
6806,森崴能源,44,12,32,富邦-新店,2024-01-22,9661
2887,台新金,40,8,32,富邦-新店,2024-01-22,9661
00687B,國泰20年美債,32,1,31,富邦-新店,2024-01-22,9661
3479,安勤,32,1,31,富邦-新店,2024-01-22,9661
00919,群益台灣精選高息,130,100,30,富邦-新店,2024-01-22,9661
00671R,富邦NASDAQ反1,30,0,30,富邦-新店,2024-01-22,9661
6276,安鈦克,35,6,29,富邦-新店,2024-01-22,9661
8488,吉源-KY,29,0,29,富邦-新店,2024-01-22,9661
1504,東元,34,5,29,富邦-新店,2024-01-22,9661
3437,榮創,33,6,27,富邦-新店,2024-01-22,9661
3324,雙鴻,621,596,25,富邦-新店,2024-01-22,9661
5452,佶優,64,40,24,富邦-新店,2024-01-22,9661
00857B,永豐20年美公債,22,0,22,富邦-新店,2024-01-22,9661
5351,鈺創,25,4,21,富邦-新店,2024-01-22,9661
00902,中信電池及儲能,25,5,20,富邦-新店,2024-01-22,9661
8390,金益鼎,20,0,20,富邦-新店,2024-01-22,9661
6806,森崴能源,414,83,331,富邦-新店,2024-01-23,9661
00937B,群益ESG投等債20,498,188,310,富邦-新店,2024-01-23,9661
00632R,元大台灣50反1,245,0,245,富邦-新店,2024-01-23,9661
3006,晶豪科,204,5,199,富邦-新店,2024-01-23,9661
00923,群益台ESG低碳50,174,0,174,富邦-新店,2024-01-23,9661
2892,第一金,123,4,119,富邦-新店,2024-01-23,9661
8096,擎亞,198,88,110,富邦-新店,2024-01-23,9661
2355,敬鵬,104,1,103,富邦-新店,2024-01-23,9661
3028,增你強,80,2,78,富邦-新店,2024-01-23,9661
6770,力積電,74,1,73,富邦-新店,2024-01-23,9661
6138,茂達,71,1,70,富邦-新店,2024-01-23,9661
3191,雲嘉南,64,0,64,富邦-新店,2024-01-23,9661
00882,中信中國高股息,82,19,63,富邦-新店,2024-01-23,9661
2383,台光電,70,13,57,富邦-新店,2024-01-23,9661
6605,帝寶,55,0,55,富邦-新店,2024-01-23,9661
6669,緯穎,61,6,55,富邦-新店,2024-01-23,9661
9945,潤泰新,54,0,54,富邦-新店,2024-01-23,9661
2356,英業達,328,275,53,富邦-新店,2024-01-23,9661
8210,勤誠,68,16,52,富邦-新店,2024-01-23,9661
00679B,元大美債20年,51,0,51,富邦-新店,2024-01-23,9661
3324,雙鴻,73,23,50,富邦-新店,2024-01-23,9661
2883B,凱基金乙特,54,5,49,富邦-新店,2024-01-23,9661
2367,燿華,54,6,48,富邦-新店,2024-01-23,9661
2460,建通,53,5,48,富邦-新店,2024-01-23,9661
00687B,國泰20年美債,51,5,46,富邦-新店,2024-01-23,9661
2337,旺宏,52,7,45,富邦-新店,2024-01-23,9661
8050,廣積,75,35,40,富邦-新店,2024-01-23,9661
5443,均豪,46,6,40,富邦-新店,2024-01-23,9661
2329,華泰,116,77,39,富邦-新店,2024-01-23,9661
2363,矽統,64,25,39,富邦-新店,2024-01-23,9661
2324,仁寶,58,21,37,富邦-新店,2024-01-23,9661
1514,亞力,74,37,37,富邦-新店,2024-01-23,9661
2449,京元電子,37,2,35,富邦-新店,2024-01-23,9661
00725B,國泰投資級公司債,35,0,35,富邦-新店,2024-01-23,9661
6120,達運,56,21,35,富邦-新店,2024-01-23,9661
2890,永豐金,36,1,35,富邦-新店,2024-01-23,9661
3296,勝德,32,0,32,富邦-新店,2024-01-23,9661
3580,友威科,32,2,30,富邦-新店,2024-01-23,9661
6143,振曜,30,0,30,富邦-新店,2024-01-23,9661
2609,陽明,130,102,28,富邦-新店,2024-01-23,9661
00931B,統一美債20年,127,100,27,富邦-新店,2024-01-23,9661
4420,光明,30,3,27,富邦-新店,2024-01-23,9661
1513,中興電,44,18,26,富邦-新店,2024-01-23,9661
4956,光鋐,36,10,26,富邦-新店,2024-01-23,9661
6233,旺玖,30,5,25,富邦-新店,2024-01-23,9661
2316,楠梓電,39,16,23,富邦-新店,2024-01-23,9661
6239,力成,42,20,22,富邦-新店,2024-01-23,9661
2915,潤泰全,21,0,21,富邦-新店,2024-01-23,9661
00933B,國泰10Y+金融債,21,0,21,富邦-新店,2024-01-23,9661
2618,長榮航,72,51,21,富邦-新店,2024-01-23,9661
00937B,群益ESG投等債20,2133,86,2047,富邦-新店,2024-01-24,9661
00878,國泰永續高股息,223,16,207,富邦-新店,2024-01-24,9661
3622,洋華,189,21,168,富邦-新店,2024-01-24,9661
2383,台光電,138,5,133,富邦-新店,2024-01-24,9661
00637L,元大滬深300正2,183,61,122,富邦-新店,2024-01-24,9661
6505,台塑化,120,0,120,富邦-新店,2024-01-24,9661
00753L,中信中國50正2,139,26,113,富邦-新店,2024-01-24,9661
00687B,國泰20年美債,107,0,107,富邦-新店,2024-01-24,9661
8105,凌巨,112,12,100,富邦-新店,2024-01-24,9661
6669,緯穎,103,4,99,富邦-新店,2024-01-24,9661
00931B,統一美債20年,490,400,90,富邦-新店,2024-01-24,9661
6770,力積電,86,0,86,富邦-新店,2024-01-24,9661
2476,鉅祥,99,24,75,富邦-新店,2024-01-24,9661
00720B,元大投資級公司債,60,0,60,富邦-新店,2024-01-24,9661
00885,富邦越南,61,2,59,富邦-新店,2024-01-24,9661
2834,臺企銀,52,0,52,富邦-新店,2024-01-24,9661
6237,驊訊,118,67,51,富邦-新店,2024-01-24,9661
00632R,元大台灣50反1,75,25,50,富邦-新店,2024-01-24,9661
3712,永崴投控,58,9,49,富邦-新店,2024-01-24,9661
2915,潤泰全,44,0,44,富邦-新店,2024-01-24,9661
00679B,元大美債20年,47,3,44,富邦-新店,2024-01-24,9661
5009,榮剛,47,4,43,富邦-新店,2024-01-24,9661
00933B,國泰10Y+金融債,40,0,40,富邦-新店,2024-01-24,9661
2887,台新金,40,1,39,富邦-新店,2024-01-24,9661
3178,公準,36,0,36,富邦-新店,2024-01-24,9661
3311,閎暉,35,0,35,富邦-新店,2024-01-24,9661
2884,玉山金,38,5,33,富邦-新店,2024-01-24,9661
2882,國泰金,34,3,31,富邦-新店,2024-01-24,9661
1809,中釉,32,2,30,富邦-新店,2024-01-24,9661
2357,華碩,32,2,30,富邦-新店,2024-01-24,9661
3260,威剛,39,10,29,富邦-新店,2024-01-24,9661
3605,宏致,45,16,29,富邦-新店,2024-01-24,9661
4909,新復興,109,80,29,富邦-新店,2024-01-24,9661
1714,和桐,38,10,28,富邦-新店,2024-01-24,9661
3437,榮創,28,1,27,富邦-新店,2024-01-24,9661
8936,國統,42,16,26,富邦-新店,2024-01-24,9661
2611,志信,25,0,25,富邦-新店,2024-01-24,9661
3036,文曄,37,12,25,富邦-新店,2024-01-24,9661
1609,大亞,30,5,25,富邦-新店,2024-01-24,9661
8112,至上,35,12,23,富邦-新店,2024-01-24,9661
2493,揚博,29,6,23,富邦-新店,2024-01-24,9661
3231,緯創,91,68,23,富邦-新店,2024-01-24,9661
4938,和碩,31,9,22,富邦-新店,2024-01-24,9661
5484,慧友,23,1,22,富邦-新店,2024-01-24,9661
2301,光寶科,22,1,21,富邦-新店,2024-01-24,9661
3504,揚明光,43,23,20,富邦-新店,2024-01-24,9661
3321,同泰,20,0,20,富邦-新店,2024-01-24,9661
6245,立端,40,20,20,富邦-新店,2024-01-24,9661
00882,中信中國高股息,51,32,19,富邦-新店,2024-01-24,9661
3545,敦泰,27,8,19,富邦-新店,2024-01-24,9661
8112,至上,295,2,293,富邦-新店,2024-01-25,9661
00687B,國泰20年美債,243,3,240,富邦-新店,2024-01-25,9661
00937B,群益ESG投等債20,419,189,230,富邦-新店,2024-01-25,9661
3036,文曄,176,6,170,富邦-新店,2024-01-25,9661
00632R,元大台灣50反1,155,18,137,富邦-新店,2024-01-25,9661
00680L,元大美債20正2,132,0,132,富邦-新店,2024-01-25,9661
2356,英業達,317,216,101,富邦-新店,2024-01-25,9661
00679B,元大美債20年,97,2,95,富邦-新店,2024-01-25,9661
8096,擎亞,254,191,63,富邦-新店,2024-01-25,9661
6164,華興,62,0,62,富邦-新店,2024-01-25,9661
00720B,元大投資級公司債,67,7,60,富邦-新店,2024-01-25,9661
3231,緯創,247,195,52,富邦-新店,2024-01-25,9661
3356,奇偶,50,0,50,富邦-新店,2024-01-25,9661
4909,新復興,96,51,45,富邦-新店,2024-01-25,9661
3622,洋華,99,56,43,富邦-新店,2024-01-25,9661
00923,群益台ESG低碳50,52,10,42,富邦-新店,2024-01-25,9661
6167,久正,41,0,41,富邦-新店,2024-01-25,9661
5426,振發,130,90,40,富邦-新店,2024-01-25,9661
4956,光鋐,86,48,38,富邦-新店,2024-01-25,9661
3035,智原,142,107,35,富邦-新店,2024-01-25,9661
00752,中信中國50,40,6,34,富邦-新店,2024-01-25,9661
3712,永崴投控,58,24,34,富邦-新店,2024-01-25,9661
6237,驊訊,55,22,33,富邦-新店,2024-01-25,9661
6187,萬潤,38,5,33,富邦-新店,2024-01-25,9661
00772B,中信高評級公司債,41,10,31,富邦-新店,2024-01-25,9661
2308,台達電,37,8,29,富邦-新店,2024-01-25,9661
00933B,國泰10Y+金融債,38,10,28,富邦-新店,2024-01-25,9661
2886,兆豐金,31,3,28,富邦-新店,2024-01-25,9661
4123,晟德,30,3,27,富邦-新店,2024-01-25,9661
3450,聯鈞,32,5,27,富邦-新店,2024-01-25,9661
2465,麗臺,29,2,27,富邦-新店,2024-01-25,9661
3504,揚明光,30,6,24,富邦-新店,2024-01-25,9661
5478,智冠,34,11,23,富邦-新店,2024-01-25,9661
2363,矽統,29,6,23,富邦-新店,2024-01-25,9661
6113,亞矽,42,21,21,富邦-新店,2024-01-25,9661
00882,中信中國高股息,72,51,21,富邦-新店,2024-01-25,9661
00931B,統一美債20年,571,551,20,富邦-新店,2024-01-25,9661
8390,金益鼎,20,0,20,富邦-新店,2024-01-25,9661
5531,鄉林,20,0,20,富邦-新店,2024-01-25,9661
2538,基泰,20,0,20,富邦-新店,2024-01-25,9661
9105,泰金寶-DR,20,0,20,富邦-新店,2024-01-25,9661
3607,谷崧,20,0,20,富邦-新店,2024-01-25,9661
6509,聚和,27,7,20,富邦-新店,2024-01-25,9661
00639,富邦深100,20,0,20,富邦-新店,2024-01-25,9661
2376,技嘉,54,34,20,富邦-新店,2024-01-25,9661
2641,正德,21,3,18,富邦-新店,2024-01-25,9661
3050,鈺德,19,1,18,富邦-新店,2024-01-25,9661
6274,台燿,20,3,17,富邦-新店,2024-01-25,9661
6214,精誠,21,4,17,富邦-新店,2024-01-25,9661
1540,喬福,17,0,17,富邦-新店,2024-01-25,9661
2303,聯電,677,43,634,富邦-新店,2024-01-26,9661
00632R,元大台灣50反1,579,5,574,富邦-新店,2024-01-26,9661
8210,勤誠,226,51,175,富邦-新店,2024-01-26,9661
00937B,群益ESG投等債20,196,25,171,富邦-新店,2024-01-26,9661
00680L,元大美債20正2,137,11,126,富邦-新店,2024-01-26,9661
5426,振發,327,220,107,富邦-新店,2024-01-26,9661
2353,宏��,130,25,105,富邦-新店,2024-01-26,9661
00933B,國泰10Y+金融債,122,18,104,富邦-新店,2024-01-26,9661
3360,尚立,150,47,103,富邦-新店,2024-01-26,9661
00931B,統一美債20年,487,400,87,富邦-新店,2024-01-26,9661
1522,堤維西,87,5,82,富邦-新店,2024-01-26,9661
00687B,國泰20年美債,77,0,77,富邦-新店,2024-01-26,9661
2801,彰銀,81,6,75,富邦-新店,2024-01-26,9661
00753L,中信中國50正2,164,91,73,富邦-新店,2024-01-26,9661
2365,昆盈,126,61,65,富邦-新店,2024-01-26,9661
3535,晶彩科,98,35,63,富邦-新店,2024-01-26,9661
2618,長榮航,70,11,59,富邦-新店,2024-01-26,9661
00927,群益半導體收益,59,0,59,富邦-新店,2024-01-26,9661
00918,大華優利高填息30,62,3,59,富邦-新店,2024-01-26,9661
00665L,富邦�琤肭磪囓�2,54,3,51,富邦-新店,2024-01-26,9661
2329,華泰,59,15,44,富邦-新店,2024-01-26,9661
2454,聯發科,44,2,42,富邦-新店,2024-01-26,9661
2324,仁寶,72,33,39,富邦-新店,2024-01-26,9661
00929,復華台灣科技優息,143,104,39,富邦-新店,2024-01-26,9661
3312,弘憶股,39,4,35,富邦-新店,2024-01-26,9661
00934,中信成長高股息,34,0,34,富邦-新店,2024-01-26,9661
2344,華邦電,69,35,34,富邦-新店,2024-01-26,9661
4909,新復興,55,21,34,富邦-新店,2024-01-26,9661
00679B,元大美債20年,66,33,33,富邦-新店,2024-01-26,9661
3376,新日興,46,13,33,富邦-新店,2024-01-26,9661
2382,廣達,61,29,32,富邦-新店,2024-01-26,9661
0056,元大高股息,79,48,31,富邦-新店,2024-01-26,9661
3581,博磊,38,7,31,富邦-新店,2024-01-26,9661
3049,精金,30,0,30,富邦-新店,2024-01-26,9661
1540,喬福,30,0,30,富邦-新店,2024-01-26,9661
00676R,富邦臺灣加權反1,29,0,29,富邦-新店,2024-01-26,9661
3580,友威科,39,10,29,富邦-新店,2024-01-26,9661
3712,永崴投控,38,9,29,富邦-新店,2024-01-26,9661
3005,神基,35,7,28,富邦-新店,2024-01-26,9661
3380,明泰,73,45,28,富邦-新店,2024-01-26,9661
6138,茂達,33,5,28,富邦-新店,2024-01-26,9661
3615,安可,44,19,25,富邦-新店,2024-01-26,9661
6143,振曜,29,5,24,富邦-新店,2024-01-26,9661
1528,恩德,39,16,23,富邦-新店,2024-01-26,9661
8034,榮群,36,14,22,富邦-新店,2024-01-26,9661
6695,芯鼎,36,14,22,富邦-新店,2024-01-26,9661
6167,久正,21,0,21,富邦-新店,2024-01-26,9661
2355,敬鵬,22,1,21,富邦-新店,2024-01-26,9661
2301,光寶科,27,6,21,富邦-新店,2024-01-26,9661
3623,富晶通,70,50,20,富邦-新店,2024-01-26,9661
3231,緯創,1674,121,1553,富邦-新店,2024-01-29,9661
00882,中信中國高股息,671,29,642,富邦-新店,2024-01-29,9661
2313,華通,578,20,558,富邦-新店,2024-01-29,9661
00937B,群益ESG投等債20,269,3,266,富邦-新店,2024-01-29,9661
00687B,國泰20年美債,273,7,266,富邦-新店,2024-01-29,9661
8069,元太,209,2,207,富邦-新店,2024-01-29,9661
00679B,元大美債20年,445,301,144,富邦-新店,2024-01-29,9661
2383,台光電,158,15,143,富邦-新店,2024-01-29,9661
3706,神達,124,8,116,富邦-新店,2024-01-29,9661
3607,谷崧,100,0,100,富邦-新店,2024-01-29,9661
00857B,永豐20年美公債,100,0,100,富邦-新店,2024-01-29,9661
5469,瀚宇博,85,10,75,富邦-新店,2024-01-29,9661
2801,彰銀,83,9,74,富邦-新店,2024-01-29,9661
2641,正德,71,5,66,富邦-新店,2024-01-29,9661
8064,東捷,107,51,56,富邦-新店,2024-01-29,9661
8054,安國,81,25,56,富邦-新店,2024-01-29,9661
00933B,國泰10Y+金融債,74,21,53,富邦-新店,2024-01-29,9661
00632R,元大台灣50反1,153,100,53,富邦-新店,2024-01-29,9661
1309,台達化,50,0,50,富邦-新店,2024-01-29,9661
2493,揚博,48,0,48,富邦-新店,2024-01-29,9661
00680L,元大美債20正2,57,12,45,富邦-新店,2024-01-29,9661
2390,云辰,42,0,42,富邦-新店,2024-01-29,9661
2365,昆盈,53,12,41,富邦-新店,2024-01-29,9661
9105,泰金寶-DR,56,16,40,富邦-新店,2024-01-29,9661
6116,彩晶,37,0,37,富邦-新店,2024-01-29,9661
3356,奇偶,38,1,37,富邦-新店,2024-01-29,9661
2002,中鋼,44,8,36,富邦-新店,2024-01-29,9661
00751B,元大AAA至A公司債,36,1,35,富邦-新店,2024-01-29,9661
00720B,元大投資級公司債,35,0,35,富邦-新店,2024-01-29,9661
00931B,統一美債20年,385,350,35,富邦-新店,2024-01-29,9661
4906,正文,40,6,34,富邦-新店,2024-01-29,9661
00927,群益半導體收益,32,0,32,富邦-新店,2024-01-29,9661
00753L,中信中國50正2,31,0,31,富邦-新店,2024-01-29,9661
5484,慧友,31,1,30,富邦-新店,2024-01-29,9661
00673R,期元大S＆P原油反1,29,0,29,富邦-新店,2024-01-29,9661
00688L,國泰20年美債正2,29,2,27,富邦-新店,2024-01-29,9661
2610,華航,113,87,26,富邦-新店,2024-01-29,9661
00795B,中信美國公債20年,26,0,26,富邦-新店,2024-01-29,9661
6526,達發,26,0,26,富邦-新店,2024-01-29,9661
2303,聯電,61,35,26,富邦-新店,2024-01-29,9661
2454,聯發科,31,6,25,富邦-新店,2024-01-29,9661
00643,群益深証中小,23,0,23,富邦-新店,2024-01-29,9661
6505,台塑化,23,0,23,富邦-新店,2024-01-29,9661
3376,新日興,38,17,21,富邦-新店,2024-01-29,9661
1314,中石化,21,0,21,富邦-新店,2024-01-29,9661
00919,群益台灣精選高息,38,17,21,富邦-新店,2024-01-29,9661
3191,雲嘉南,20,0,20,富邦-新店,2024-01-29,9661
1101,台泥,26,7,19,富邦-新店,2024-01-29,9661
2524,京城,18,0,18,富邦-新店,2024-01-29,9661
2331,精英,20,3,17,富邦-新店,2024-01-29,9661
2368,金像電,457,20,437,富邦-新店,2024-01-30,9661
00937B,群益ESG投等債20,596,308,288,富邦-新店,2024-01-30,9661
00882,中信中國高股息,206,18,188,富邦-新店,2024-01-30,9661
2313,華通,223,48,175,富邦-新店,2024-01-30,9661
00679B,元大美債20年,186,15,171,富邦-新店,2024-01-30,9661
3047,訊舟,150,14,136,富邦-新店,2024-01-30,9661
00753L,中信中國50正2,105,3,102,富邦-新店,2024-01-30,9661
2515,中工,75,0,75,富邦-新店,2024-01-30,9661
2888,新光金,82,10,72,富邦-新店,2024-01-30,9661
00904,新光臺灣半導體30,61,0,61,富邦-新店,2024-01-30,9661
2836,高雄銀,58,0,58,富邦-新店,2024-01-30,9661
9105,泰金寶-DR,59,3,56,富邦-新店,2024-01-30,9661
00919,群益台灣精選高息,139,88,51,富邦-新店,2024-01-30,9661
2405,輔信,49,0,49,富邦-新店,2024-01-30,9661
6770,力積電,49,1,48,富邦-新店,2024-01-30,9661
2344,華邦電,52,6,46,富邦-新店,2024-01-30,9661
3715,定穎投控,117,72,45,富邦-新店,2024-01-30,9661
2915,潤泰全,41,0,41,富邦-新店,2024-01-30,9661
2369,菱生,92,52,40,富邦-新店,2024-01-30,9661
2356,英業達,124,88,36,富邦-新店,2024-01-30,9661
2409,友達,41,7,34,富邦-新店,2024-01-30,9661
2883,凱基金,34,0,34,富邦-新店,2024-01-30,9661
2882,國泰金,45,12,33,富邦-新店,2024-01-30,9661
00878,國泰永續高股息,63,30,33,富邦-新店,2024-01-30,9661
9921,巨大,33,0,33,富邦-新店,2024-01-30,9661
8096,擎亞,64,32,32,富邦-新店,2024-01-30,9661
00927,群益半導體收益,32,0,32,富邦-新店,2024-01-30,9661
2486,一詮,36,6,30,富邦-新店,2024-01-30,9661
2303,聯電,39,9,30,富邦-新店,2024-01-30,9661
8069,元太,28,0,28,富邦-新店,2024-01-30,9661
00687B,國泰20年美債,38,10,28,富邦-新店,2024-01-30,9661
00665L,富邦�琤肭磪囓�2,30,3,27,富邦-新店,2024-01-30,9661
2355,敬鵬,57,30,27,富邦-新店,2024-01-30,9661
00680L,元大美債20正2,40,14,26,富邦-新店,2024-01-30,9661
3260,威剛,27,1,26,富邦-新店,2024-01-30,9661
6120,達運,33,8,25,富邦-新店,2024-01-30,9661
3060,銘異,25,1,24,富邦-新店,2024-01-30,9661
00637L,元大滬深300正2,222,198,24,富邦-新店,2024-01-30,9661
2408,南亞科,23,0,23,富邦-新店,2024-01-30,9661
3033,威健,45,23,22,富邦-新店,2024-01-30,9661
1314,中石化,22,1,21,富邦-新店,2024-01-30,9661
00676R,富邦臺灣加權反1,20,0,20,富邦-新店,2024-01-30,9661
3607,谷崧,20,0,20,富邦-新店,2024-01-30,9661
4909,新復興,34,14,20,富邦-新店,2024-01-30,9661
00932,兆豐永續高息等權,20,0,20,富邦-新店,2024-01-30,9661
2891,中信金,26,7,19,富邦-新店,2024-01-30,9661
00933B,國泰10Y+金融債,19,0,19,富邦-新店,2024-01-30,9661
5523,豐謙,18,0,18,富邦-新店,2024-01-30,9661
2363,矽統,18,1,17,富邦-新店,2024-01-30,9661
1503,士電,19,3,16,富邦-新店,2024-01-30,9661
00919,群益台灣精選高息,328,8,320,富邦-新店,2024-01-31,9661
00680L,元大美債20正2,306,1,305,富邦-新店,2024-01-31,9661
00929,復華台灣科技優息,358,118,240,富邦-新店,2024-01-31,9661
4908,前鼎,255,30,225,富邦-新店,2024-01-31,9661
00937B,群益ESG投等債20,197,22,175,富邦-新店,2024-01-31,9661
3360,尚立,371,207,164,富邦-新店,2024-01-31,9661
2409,友達,146,17,129,富邦-新店,2024-01-31,9661
00715L,期街口布蘭特正2,127,4,123,富邦-新店,2024-01-31,9661
6113,亞矽,174,59,115,富邦-新店,2024-01-31,9661
3041,揚智,107,0,107,富邦-新店,2024-01-31,9661
9103,美德醫療-DR,80,0,80,富邦-新店,2024-01-31,9661
2606,裕民,75,2,73,富邦-新店,2024-01-31,9661
00751B,元大AAA至A公司債,70,2,68,富邦-新店,2024-01-31,9661
8936,國統,195,127,68,富邦-新店,2024-01-31,9661
3189,景碩,70,2,68,富邦-新店,2024-01-31,9661
00753L,中信中國50正2,71,5,66,富邦-新店,2024-01-31,9661
0056,元大高股息,69,7,62,富邦-新店,2024-01-31,9661
00882,中信中國高股息,60,0,60,富邦-新店,2024-01-31,9661
00679B,元大美債20年,225,167,58,富邦-新店,2024-01-31,9661
2356,英業達,83,26,57,富邦-新店,2024-01-31,9661
2515,中工,55,0,55,富邦-新店,2024-01-31,9661
00878,國泰永續高股息,67,13,54,富邦-新店,2024-01-31,9661
00688L,國泰20年美債正2,52,0,52,富邦-新店,2024-01-31,9661
9933,中鼎,65,13,52,富邦-新店,2024-01-31,9661
2303,聯電,63,15,48,富邦-新店,2024-01-31,9661
6116,彩晶,55,7,48,富邦-新店,2024-01-31,9661
00687B,國泰20年美債,64,19,45,富邦-新店,2024-01-31,9661
00918,大華優利高填息30,41,1,40,富邦-新店,2024-01-31,9661
4979,華星光,44,6,38,富邦-新店,2024-01-31,9661
0050,元大台灣50,39,1,38,富邦-新店,2024-01-31,9661
2363,矽統,42,5,37,富邦-新店,2024-01-31,9661
2330,台積電,52,16,36,富邦-新店,2024-01-31,9661
2369,菱生,156,120,36,富邦-新店,2024-01-31,9661
9919,康那香,155,120,35,富邦-新店,2024-01-31,9661
3605,宏致,42,7,35,富邦-新店,2024-01-31,9661
2618,長榮航,50,17,33,富邦-新店,2024-01-31,9661
8034,榮群,36,5,31,富邦-新店,2024-01-31,9661
2834,臺企銀,31,0,31,富邦-新店,2024-01-31,9661
2603,長榮,36,6,30,富邦-新店,2024-01-31,9661
2465,麗臺,65,35,30,富邦-新店,2024-01-31,9661
2641,正德,30,0,30,富邦-新店,2024-01-31,9661
00665L,富邦�琤肭磪囓�2,30,0,30,富邦-新店,2024-01-31,9661
2344,華邦電,33,4,29,富邦-新店,2024-01-31,9661
00720B,元大投資級公司債,89,60,29,富邦-新店,2024-01-31,9661
9924,福興,29,0,29,富邦-新店,2024-01-31,9661
5340,建榮,28,0,28,富邦-新店,2024-01-31,9661
6140,訊達,47,20,27,富邦-新店,2024-01-31,9661
3055,蔚華科,91,66,25,富邦-新店,2024-01-31,9661
6785,昱展新藥,29,4,25,富邦-新店,2024-01-31,9661
00712,復華富時不動產,34,9,25,富邦-新店,2024-01-31,9661
3050,鈺德,3832,2418,1414,富邦-新店,2024-02-01,9661
00929,復華台灣科技優息,223,27,196,富邦-新店,2024-02-01,9661
00937B,群益ESG投等債20,231,70,161,富邦-新店,2024-02-01,9661
00878,國泰永續高股息,214,66,148,富邦-新店,2024-02-01,9661
1513,中興電,157,47,110,富邦-新店,2024-02-01,9661
3287,廣寰科,105,22,83,富邦-新店,2024-02-01,9661
00712,復華富時不動產,83,3,80,富邦-新店,2024-02-01,9661
2303,聯電,93,26,67,富邦-新店,2024-02-01,9661
00671R,富邦NASDAQ反1,60,0,60,富邦-新店,2024-02-01,9661
3033,威健,115,60,55,富邦-新店,2024-02-01,9661
00665L,富邦�琤肭磪囓�2,56,5,51,富邦-新店,2024-02-01,9661
5512,力麒,76,25,51,富邦-新店,2024-02-01,9661
3029,零壹,54,5,49,富邦-新店,2024-02-01,9661
3615,安可,52,8,44,富邦-新店,2024-02-01,9661
2356,英業達,136,92,44,富邦-新店,2024-02-01,9661
00720B,元大投資級公司債,169,126,43,富邦-新店,2024-02-01,9661
8040,九暘,43,2,41,富邦-新店,2024-02-01,9661
2454,聯發科,58,17,41,富邦-新店,2024-02-01,9661
2382,廣達,64,28,36,富邦-新店,2024-02-01,9661
3312,弘憶股,67,32,35,富邦-新店,2024-02-01,9661
3232,昱捷,35,0,35,富邦-新店,2024-02-01,9661
00933B,國泰10Y+金融債,37,3,34,富邦-新店,2024-02-01,9661
8936,國統,187,154,33,富邦-新店,2024-02-01,9661
3006,晶豪科,34,1,33,富邦-新店,2024-02-01,9661
4763,材料-KY,38,6,32,富邦-新店,2024-02-01,9661
2330,台積電,47,15,32,富邦-新店,2024-02-01,9661
2316,楠梓電,31,2,29,富邦-新店,2024-02-01,9661
6695,芯鼎,147,118,29,富邦-新店,2024-02-01,9661
2409,友達,62,34,28,富邦-新店,2024-02-01,9661
3231,緯創,76,49,27,富邦-新店,2024-02-01,9661
00885,富邦越南,29,2,27,富邦-新店,2024-02-01,9661
2605,新興,30,5,25,富邦-新店,2024-02-01,9661
5009,榮剛,23,0,23,富邦-新店,2024-02-01,9661
00891,中信關鍵半導體,23,0,23,富邦-新店,2024-02-01,9661
5439,高技,23,0,23,富邦-新店,2024-02-01,9661
3360,尚立,31,9,22,富邦-新店,2024-02-01,9661
1101,台泥,37,15,22,富邦-新店,2024-02-01,9661
6530,創威,45,23,22,富邦-新店,2024-02-01,9661
0056,元大高股息,43,22,21,富邦-新店,2024-02-01,9661
00919,群益台灣精選高息,82,62,20,富邦-新店,2024-02-01,9661
2405,輔信,21,1,20,富邦-新店,2024-02-01,9661
9933,中鼎,20,0,20,富邦-新店,2024-02-01,9661
6116,彩晶,20,0,20,富邦-新店,2024-02-01,9661
6165,浪凡,20,0,20,富邦-新店,2024-02-01,9661
5302,太欣,20,0,20,富邦-新店,2024-02-01,9661
6180,橘子,97,78,19,富邦-新店,2024-02-01,9661
8011,台通,54,36,18,富邦-新店,2024-02-01,9661
3354,律勝,41,23,18,富邦-新店,2024-02-01,9661
00751B,元大AAA至A公司債,22,5,17,富邦-新店,2024-02-01,9661
8096,擎亞,30,13,17,富邦-新店,2024-02-01,9661
2368,金像電,468,27,441,富邦-新店,2024-02-02,9661
00937B,群益ESG投等債20,288,61,227,富邦-新店,2024-02-02,9661
3189,景碩,237,14,223,富邦-新店,2024-02-02,9661
2537,聯上發,200,10,190,富邦-新店,2024-02-02,9661
2383,台光電,199,16,183,富邦-新店,2024-02-02,9661
2303,聯電,190,27,163,富邦-新店,2024-02-02,9661
4960,誠美材,150,0,150,富邦-新店,2024-02-02,9661
00715L,期街口布蘭特正2,131,8,123,富邦-新店,2024-02-02,9661
00933B,國泰10Y+金融債,152,29,123,富邦-新店,2024-02-02,9661
00929,復華台灣科技優息,164,58,106,富邦-新店,2024-02-02,9661
00919,群益台灣精選高息,127,22,105,富邦-新店,2024-02-02,9661
3055,蔚華科,119,23,96,富邦-新店,2024-02-02,9661
2515,中工,102,11,91,富邦-新店,2024-02-02,9661
2408,南亞科,113,23,90,富邦-新店,2024-02-02,9661
0056,元大高股息,107,23,84,富邦-新店,2024-02-02,9661
2603,長榮,112,31,81,富邦-新店,2024-02-02,9661
00688L,國泰20年美債正2,103,22,81,富邦-新店,2024-02-02,9661
1101,台泥,83,6,77,富邦-新店,2024-02-02,9661
6156,松上,76,0,76,富邦-新店,2024-02-02,9661
00712,復華富時不動產,68,0,68,富邦-新店,2024-02-02,9661
2392,正崴,54,0,54,富邦-新店,2024-02-02,9661
2609,陽明,135,85,50,富邦-新店,2024-02-02,9661
3481,群創,68,19,49,富邦-新店,2024-02-02,9661
2313,華通,93,44,49,富邦-新店,2024-02-02,9661
2606,裕民,51,2,49,富邦-新店,2024-02-02,9661
8936,國統,70,26,44,富邦-新店,2024-02-02,9661
3715,定穎投控,74,30,44,富邦-新店,2024-02-02,9661
8111,立��,45,1,44,富邦-新店,2024-02-02,9661
6695,芯鼎,186,144,42,富邦-新店,2024-02-02,9661
2915,潤泰全,40,0,40,富邦-新店,2024-02-02,9661
00720B,元大投資級公司債,194,155,39,富邦-新店,2024-02-02,9661
00882,中信中國高股息,58,20,38,富邦-新店,2024-02-02,9661
3289,宜特,49,12,37,富邦-新店,2024-02-02,9661
2324,仁寶,45,9,36,富邦-新店,2024-02-02,9661
3363,上詮,81,47,34,富邦-新店,2024-02-02,9661
6263,普萊德,32,0,32,富邦-新店,2024-02-02,9661
2891,中信金,32,0,32,富邦-新店,2024-02-02,9661
4919,新唐,32,1,31,富邦-新店,2024-02-02,9661
2329,華泰,82,51,31,富邦-新店,2024-02-02,9661
2367,燿華,30,0,30,富邦-新店,2024-02-02,9661
1513,中興電,77,47,30,富邦-新店,2024-02-02,9661
2836,高雄銀,30,0,30,富邦-新店,2024-02-02,9661
2417,圓剛,32,2,30,富邦-新店,2024-02-02,9661
2412,中華電,30,1,29,富邦-新店,2024-02-02,9661
8171,天宇,28,0,28,富邦-新店,2024-02-02,9661
00753L,中信中國50正2,26,0,26,富邦-新店,2024-02-02,9661
3013,晟銘電,48,22,26,富邦-新店,2024-02-02,9661
6188,廣明,35,10,25,富邦-新店,2024-02-02,9661
5880,合庫金,25,1,24,富邦-新店,2024-02-02,9661
2312,金寶,23,0,23,富邦-新店,2024-02-02,9661
2313,華通,1224,96,1128,富邦-新店,2024-02-05,9661
8069,元太,604,29,575,富邦-新店,2024-02-05,9661
00687B,國泰20年美債,355,26,329,富邦-新店,2024-02-05,9661
00937B,群益ESG投等債20,620,320,300,富邦-新店,2024-02-05,9661
00929,復華台灣科技優息,291,22,269,富邦-新店,2024-02-05,9661
2383,台光電,289,32,257,富邦-新店,2024-02-05,9661
3548,兆利,328,110,218,富邦-新店,2024-02-05,9661
2368,金像電,239,23,216,富邦-新店,2024-02-05,9661
00680L,元大美債20正2,148,13,135,富邦-新店,2024-02-05,9661
00919,群益台灣精選高息,178,45,133,富邦-新店,2024-02-05,9661
4414,如興,125,0,125,富邦-新店,2024-02-05,9661
00679B,元大美債20年,129,10,119,富邦-新店,2024-02-05,9661
00715L,期街口布蘭特正2,114,5,109,富邦-新店,2024-02-05,9661
8210,勤誠,139,37,102,富邦-新店,2024-02-05,9661
2312,金寶,100,5,95,富邦-新店,2024-02-05,9661
2884,玉山金,94,1,93,富邦-新店,2024-02-05,9661
2603,長榮,115,23,92,富邦-新店,2024-02-05,9661
00688L,國泰20年美債正2,84,0,84,富邦-新店,2024-02-05,9661
2303,聯電,132,58,74,富邦-新店,2024-02-05,9661
00933B,國泰10Y+金融債,82,10,72,富邦-新店,2024-02-05,9661
00882,中信中國高股息,69,0,69,富邦-新店,2024-02-05,9661
2388,威盛,76,10,66,富邦-新店,2024-02-05,9661
00720B,元大投資級公司債,68,4,64,富邦-新店,2024-02-05,9661
9904,寶成,60,0,60,富邦-新店,2024-02-05,9661
00665L,富邦�琤肭磪囓�2,60,5,55,富邦-新店,2024-02-05,9661
00712,復華富時不動產,57,3,54,富邦-新店,2024-02-05,9661
2610,華航,79,27,52,富邦-新店,2024-02-05,9661
6657,華安,51,0,51,富邦-新店,2024-02-05,9661
00894,中信小資高價30,50,0,50,富邦-新店,2024-02-05,9661
2867,三商壽,50,0,50,富邦-新店,2024-02-05,9661
6125,廣運,48,0,48,富邦-新店,2024-02-05,9661
1718,中纖,41,0,41,富邦-新店,2024-02-05,9661
00878,國泰永續高股息,108,68,40,富邦-新店,2024-02-05,9661
5340,建榮,41,1,40,富邦-新店,2024-02-05,9661
2887,台新金,39,0,39,富邦-新店,2024-02-05,9661
6770,力積電,41,3,38,富邦-新店,2024-02-05,9661
00891,中信關鍵半導體,39,1,38,富邦-新店,2024-02-05,9661
2882,國泰金,48,11,37,富邦-新店,2024-02-05,9661
00757,統一FANG+,39,2,37,富邦-新店,2024-02-05,9661
2609,陽明,57,20,37,富邦-新店,2024-02-05,9661
3060,銘異,36,1,35,富邦-新店,2024-02-05,9661
6505,台塑化,34,0,34,富邦-新店,2024-02-05,9661
6113,亞矽,39,5,34,富邦-新店,2024-02-05,9661
2915,潤泰全,33,0,33,富邦-新店,2024-02-05,9661
00752,中信中國50,31,0,31,富邦-新店,2024-02-05,9661
5009,榮剛,39,9,30,富邦-新店,2024-02-05,9661
8070,長華*,30,0,30,富邦-新店,2024-02-05,9661
2349,錸德,30,0,30,富邦-新店,2024-02-05,9661
2331,精英,33,3,30,富邦-新店,2024-02-05,9661
4721,美琪瑪,30,0,30,富邦-新店,2024-02-05,9661
3231,緯創,3093,236,2857,富邦-新店,2024-02-15,9661
00937B,群益ESG投等債20,1207,72,1135,富邦-新店,2024-02-15,9661
2368,金像電,705,25,680,富邦-新店,2024-02-15,9661
00687B,國泰20年美債,622,15,607,富邦-新店,2024-02-15,9661
00680L,元大美債20正2,497,0,497,富邦-新店,2024-02-15,9661
3289,宜特,491,17,474,富邦-新店,2024-02-15,9661
6223,旺矽,394,14,380,富邦-新店,2024-02-15,9661
00679B,元大美債20年,303,5,298,富邦-新店,2024-02-15,9661
00632R,元大台灣50反1,323,59,264,富邦-新店,2024-02-15,9661
00933B,國泰10Y+金融債,259,59,200,富邦-新店,2024-02-15,9661
6669,緯穎,180,6,174,富邦-新店,2024-02-15,9661
3583,辛耘,188,18,170,富邦-新店,2024-02-15,9661
2888,新光金,176,7,169,富邦-新店,2024-02-15,9661
00919,群益台灣精選高息,323,157,166,富邦-新店,2024-02-15,9661
2365,昆盈,173,20,153,富邦-新店,2024-02-15,9661
00720B,元大投資級公司債,171,23,148,富邦-新店,2024-02-15,9661
00712,復華富時不動產,149,2,147,富邦-新店,2024-02-15,9661
2383,台光電,151,8,143,富邦-新店,2024-02-15,9661
3038,全台,142,14,128,富邦-新店,2024-02-15,9661
00929,復華台灣科技優息,242,122,120,富邦-新店,2024-02-15,9661
6282,康舒,119,9,110,富邦-新店,2024-02-15,9661
2352,佳世達,115,24,91,富邦-新店,2024-02-15,9661
3481,群創,109,20,89,富邦-新店,2024-02-15,9661
00931B,統一美債20年,487,400,87,富邦-新店,2024-02-15,9661
00688L,國泰20年美債正2,162,80,82,富邦-新店,2024-02-15,9661
00795B,中信美國公債20年,80,0,80,富邦-新店,2024-02-15,9661
3131,弘塑,80,1,79,富邦-新店,2024-02-15,9661
2618,長榮航,79,4,75,富邦-新店,2024-02-15,9661
8054,安國,140,67,73,富邦-新店,2024-02-15,9661
00751B,元大AAA至A公司債,80,11,69,富邦-新店,2024-02-15,9661
6657,華安,69,0,69,富邦-新店,2024-02-15,9661
9904,寶成,67,0,67,富邦-新店,2024-02-15,9661
2537,聯上發,100,33,67,富邦-新店,2024-02-15,9661
4706,大恭,57,0,57,富邦-新店,2024-02-15,9661
2603,長榮,79,25,54,富邦-新店,2024-02-15,9661
2421,建準,91,37,54,富邦-新店,2024-02-15,9661
3630,新鉅科,50,2,48,富邦-新店,2024-02-15,9661
00633L,富邦上証正2,97,50,47,富邦-新店,2024-02-15,9661
3714,富采,49,2,47,富邦-新店,2024-02-15,9661
2634,漢翔,44,2,42,富邦-新店,2024-02-15,9661
00637L,元大滬深300正2,210,168,42,富邦-新店,2024-02-15,9661
00882,中信中國高股息,46,5,41,富邦-新店,2024-02-15,9661
00894,中信小資高價30,42,4,38,富邦-新店,2024-02-15,9661
00676R,富邦臺灣加權反1,35,0,35,富邦-新店,2024-02-15,9661
00673R,期元大S＆P原油反1,35,0,35,富邦-新店,2024-02-15,9661
00772B,中信高評級公司債,36,2,34,富邦-新店,2024-02-15,9661
3533,嘉澤,35,1,34,富邦-新店,2024-02-15,9661
00725B,國泰投資級公司債,31,0,31,富邦-新店,2024-02-15,9661
5340,建榮,37,6,31,富邦-新店,2024-02-15,9661
2867,三商壽,30,0,30,富邦-新店,2024-02-15,9661
00687B,國泰20年美債,539,30,509,富邦-新店,2024-02-16,9661
00937B,群益ESG投等債20,422,3,419,富邦-新店,2024-02-16,9661
00680L,元大美債20正2,412,34,378,富邦-新店,2024-02-16,9661
2363,矽統,431,91,340,富邦-新店,2024-02-16,9661
00720B,元大投資級公司債,181,50,131,富邦-新店,2024-02-16,9661
00772B,中信高評級公司債,124,0,124,富邦-新店,2024-02-16,9661
2888,新光金,130,13,117,富邦-新店,2024-02-16,9661
00679B,元大美債20年,157,41,116,富邦-新店,2024-02-16,9661
00933B,國泰10Y+金融債,127,15,112,富邦-新店,2024-02-16,9661
2382,廣達,232,128,104,富邦-新店,2024-02-16,9661
3372,典範,186,88,98,富邦-新店,2024-02-16,9661
00919,群益台灣精選高息,172,80,92,富邦-新店,2024-02-16,9661
2367,燿華,216,131,85,富邦-新店,2024-02-16,9661
1710,東聯,83,0,83,富邦-新店,2024-02-16,9661
00665L,富邦�琤肭磪囓�2,228,150,78,富邦-新店,2024-02-16,9661
3583,辛耘,97,20,77,富邦-新店,2024-02-16,9661
00795B,中信美國公債20年,75,0,75,富邦-新店,2024-02-16,9661
3545,敦泰,81,6,75,富邦-新店,2024-02-16,9661
00931B,統一美債20年,424,350,74,富邦-新店,2024-02-16,9661
00878,國泰永續高股息,182,117,65,富邦-新店,2024-02-16,9661
1815,富喬,344,283,61,富邦-新店,2024-02-16,9661
1711,永光,51,2,49,富邦-新店,2024-02-16,9661
1809,中釉,65,17,48,富邦-新店,2024-02-16,9661
2417,圓剛,51,4,47,富邦-新店,2024-02-16,9661
00891,中信關鍵半導體,54,9,45,富邦-新店,2024-02-16,9661
9933,中鼎,50,6,44,富邦-新店,2024-02-16,9661
00751B,元大AAA至A公司債,45,2,43,富邦-新店,2024-02-16,9661
00918,大華優利高填息30,42,0,42,富邦-新店,2024-02-16,9661
3036,文曄,40,2,38,富邦-新店,2024-02-16,9661
6150,撼訊,57,19,38,富邦-新店,2024-02-16,9661
2303,聯電,66,28,38,富邦-新店,2024-02-16,9661
3715,定穎投控,41,5,36,富邦-新店,2024-02-16,9661
3623,富晶通,39,3,36,富邦-新店,2024-02-16,9661
00673R,期元大S＆P原油反1,35,0,35,富邦-新店,2024-02-16,9661
3017,奇鋐,58,24,34,富邦-新店,2024-02-16,9661
00688L,國泰20年美債正2,63,30,33,富邦-新店,2024-02-16,9661
00632R,元大台灣50反1,33,0,33,富邦-新店,2024-02-16,9661
6546,正基,38,5,33,富邦-新店,2024-02-16,9661
8033,雷虎,43,12,31,富邦-新店,2024-02-16,9661
6187,萬潤,36,8,28,富邦-新店,2024-02-16,9661
9939,宏全,30,4,26,富邦-新店,2024-02-16,9661
4919,新唐,37,11,26,富邦-新店,2024-02-16,9661
00696B,富邦美債20年,26,0,26,富邦-新店,2024-02-16,9661
2353,宏��,199,173,26,富邦-新店,2024-02-16,9661
3576,聯合再生,38,13,25,富邦-新店,2024-02-16,9661
3163,波若威,47,22,25,富邦-新店,2024-02-16,9661
00725B,國泰投資級公司債,25,0,25,富邦-新店,2024-02-16,9661
1101,台泥,31,7,24,富邦-新店,2024-02-16,9661
5225,東科-KY,25,1,24,富邦-新店,2024-02-16,9661
6605,帝寶,28,4,24,富邦-新店,2024-02-16,9661
00937B,群益ESG投等債20,1146,35,1111,富邦-新店,2024-02-19,9661
2883,凱基金,826,25,801,富邦-新店,2024-02-19,9661
3050,鈺德,656,127,529,富邦-新店,2024-02-19,9661
3037,欣興,564,115,449,富邦-新店,2024-02-19,9661
00665L,富邦�琤肭磪囓�2,380,14,366,富邦-新店,2024-02-19,9661
1815,富喬,427,100,327,富邦-新店,2024-02-19,9661
00923,群益台ESG低碳50,220,0,220,富邦-新店,2024-02-19,9661
00919,群益台灣精選高息,290,71,219,富邦-新店,2024-02-19,9661
00878,國泰永續高股息,307,98,209,富邦-新店,2024-02-19,9661
3038,全台,269,65,204,富邦-新店,2024-02-19,9661
6244,茂迪,199,0,199,富邦-新店,2024-02-19,9661
00679B,元大美債20年,187,2,185,富邦-新店,2024-02-19,9661
00687B,國泰20年美債,178,11,167,富邦-新店,2024-02-19,9661
6288,聯嘉,249,93,156,富邦-新店,2024-02-19,9661
00929,復華台灣科技優息,419,276,143,富邦-新店,2024-02-19,9661
00680L,元大美債20正2,137,0,137,富邦-新店,2024-02-19,9661
00933B,國泰10Y+金融債,142,10,132,富邦-新店,2024-02-19,9661
2515,中工,203,76,127,富邦-新店,2024-02-19,9661
00637L,元大滬深300正2,284,170,114,富邦-新店,2024-02-19,9661
4968,立積,136,26,110,富邦-新店,2024-02-19,9661
2537,聯上發,102,7,95,富邦-新店,2024-02-19,9661
4953,緯軟,91,5,86,富邦-新店,2024-02-19,9661
4909,新復興,113,31,82,富邦-新店,2024-02-19,9661
2399,映泰,65,2,63,富邦-新店,2024-02-19,9661
2353,宏��,203,144,59,富邦-新店,2024-02-19,9661
00720B,元大投資級公司債,61,2,59,富邦-新店,2024-02-19,9661
3363,上詮,142,91,51,富邦-新店,2024-02-19,9661
2356,英業達,99,49,50,富邦-新店,2024-02-19,9661
8028,昇陽半導體,50,0,50,富邦-新店,2024-02-19,9661
3516,亞帝歐,54,4,50,富邦-新店,2024-02-19,9661
2882,國泰金,76,28,48,富邦-新店,2024-02-19,9661
2603,長榮,63,18,45,富邦-新店,2024-02-19,9661
5443,均豪,100,55,45,富邦-新店,2024-02-19,9661
8147,正淩,46,5,41,富邦-新店,2024-02-19,9661
2801,彰銀,50,9,41,富邦-新店,2024-02-19,9661
6226,光鼎,40,0,40,富邦-新店,2024-02-19,9661
2611,志信,40,0,40,富邦-新店,2024-02-19,9661
6657,華安,39,0,39,富邦-新店,2024-02-19,9661
3178,公準,41,2,39,富邦-新店,2024-02-19,9661
00891,中信關鍵半導體,43,5,38,富邦-新店,2024-02-19,9661
2376,技嘉,78,41,37,富邦-新店,2024-02-19,9661
2329,華泰,283,247,36,富邦-新店,2024-02-19,9661
3450,聯鈞,57,21,36,富邦-新店,2024-02-19,9661
2382,廣達,118,82,36,富邦-新店,2024-02-19,9661
3535,晶彩科,163,127,36,富邦-新店,2024-02-19,9661
00751B,元大AAA至A公司債,35,0,35,富邦-新店,2024-02-19,9661
3017,奇鋐,68,33,35,富邦-新店,2024-02-19,9661
1513,中興電,185,151,34,富邦-新店,2024-02-19,9661
2236,百達-KY,35,1,34,富邦-新店,2024-02-19,9661
6275,元山,66,32,34,富邦-新店,2024-02-19,9661
3050,鈺德,1540,235,1305,富邦-新店,2024-02-20,9661
00933B,國泰10Y+金融債,328,14,314,富邦-新店,2024-02-20,9661
00937B,群益ESG投等債20,366,57,309,富邦-新店,2024-02-20,9661
00712,復華富時不動產,180,11,169,富邦-新店,2024-02-20,9661
00679B,元大美債20年,138,0,138,富邦-新店,2024-02-20,9661
00680L,元大美債20正2,134,0,134,富邦-新店,2024-02-20,9661
4909,新復興,202,73,129,富邦-新店,2024-02-20,9661
6189,豐藝,209,93,116,富邦-新店,2024-02-20,9661
00919,群益台灣精選高息,418,302,116,富邦-新店,2024-02-20,9661
1609,大亞,118,6,112,富邦-新店,2024-02-20,9661
6125,廣運,134,26,108,富邦-新店,2024-02-20,9661
00687B,國泰20年美債,107,0,107,富邦-新店,2024-02-20,9661
4714,永捷,175,74,101,富邦-新店,2024-02-20,9661
4414,如興,100,0,100,富邦-新店,2024-02-20,9661
3663,鑫科,86,0,86,富邦-新店,2024-02-20,9661
3481,群創,93,8,85,富邦-新店,2024-02-20,9661
9904,寶成,79,0,79,富邦-新店,2024-02-20,9661
1316,上曜,87,12,75,富邦-新店,2024-02-20,9661
6207,雷科,129,60,69,富邦-新店,2024-02-20,9661
2312,金寶,67,2,65,富邦-新店,2024-02-20,9661
3289,宜特,110,45,65,富邦-新店,2024-02-20,9661
1447,力鵬,62,1,61,富邦-新店,2024-02-20,9661
00720B,元大投資級公司債,61,2,59,富邦-新店,2024-02-20,9661
3712,永崴投控,73,14,59,富邦-新店,2024-02-20,9661
8089,康全電訊,67,8,59,富邦-新店,2024-02-20,9661
1513,中興電,103,44,59,富邦-新店,2024-02-20,9661
1101,台泥,72,15,57,富邦-新店,2024-02-20,9661
3035,智原,72,18,54,富邦-新店,2024-02-20,9661
8936,國統,67,14,53,富邦-新店,2024-02-20,9661
1806,冠軍,54,2,52,富邦-新店,2024-02-20,9661
6657,華安,50,0,50,富邦-新店,2024-02-20,9661
00632R,元大台灣50反1,53,5,48,富邦-新店,2024-02-20,9661
3607,谷崧,50,2,48,富邦-新店,2024-02-20,9661
00931B,統一美債20年,547,500,47,富邦-新店,2024-02-20,9661
3260,威剛,82,35,47,富邦-新店,2024-02-20,9661
2884,玉山金,44,2,42,富邦-新店,2024-02-20,9661
2467,志聖,61,19,42,富邦-新店,2024-02-20,9661
2409,友達,51,12,39,富邦-新店,2024-02-20,9661
2376,技嘉,87,54,33,富邦-新店,2024-02-20,9661
00673R,期元大S＆P原油反1,33,0,33,富邦-新店,2024-02-20,9661
3017,奇鋐,47,15,32,富邦-新店,2024-02-20,9661
4532,瑞智,31,0,31,富邦-新店,2024-02-20,9661
3231,緯創,136,108,28,富邦-新店,2024-02-20,9661
2353,宏��,83,55,28,富邦-新店,2024-02-20,9661
3376,新日興,43,15,28,富邦-新店,2024-02-20,9661
6120,達運,57,29,28,富邦-新店,2024-02-20,9661
6126,信音,44,17,27,富邦-新店,2024-02-20,9661
2371,大同,32,6,26,富邦-新店,2024-02-20,9661
2332,友訊,67,41,26,富邦-新店,2024-02-20,9661
3551,世禾,30,4,26,富邦-新店,2024-02-20,9661
00937B,群益ESG投等債20,617,13,604,富邦-新店,2024-02-21,9661
00878,國泰永續高股息,361,2,359,富邦-新店,2024-02-21,9661
00919,群益台灣精選高息,308,82,226,富邦-新店,2024-02-21,9661
4414,如興,210,0,210,富邦-新店,2024-02-21,9661
00679B,元大美債20年,164,4,160,富邦-新店,2024-02-21,9661
00933B,國泰10Y+金融債,165,20,145,富邦-新店,2024-02-21,9661
1316,上曜,206,62,144,富邦-新店,2024-02-21,9661
2609,陽明,212,75,137,富邦-新店,2024-02-21,9661
00929,復華台灣科技優息,219,84,135,富邦-新店,2024-02-21,9661
3047,訊舟,368,251,117,富邦-新店,2024-02-21,9661
00632R,元大台灣50反1,131,30,101,富邦-新店,2024-02-21,9661
00633L,富邦上証正2,123,29,94,富邦-新店,2024-02-21,9661
2303,聯電,111,23,88,富邦-新店,2024-02-21,9661
00687B,國泰20年美債,92,13,79,富邦-新店,2024-02-21,9661
2476,鉅祥,93,19,74,富邦-新店,2024-02-21,9661
6125,廣運,114,40,74,富邦-新店,2024-02-21,9661
2316,楠梓電,73,3,70,富邦-新店,2024-02-21,9661
1101,台泥,72,2,70,富邦-新店,2024-02-21,9661
00712,復華富時不動產,85,16,69,富邦-新店,2024-02-21,9661
2515,中工,73,5,68,富邦-新店,2024-02-21,9661
9945,潤泰新,66,1,65,富邦-新店,2024-02-21,9661
2618,長榮航,96,32,64,富邦-新店,2024-02-21,9661
3715,定穎投控,72,16,56,富邦-新店,2024-02-21,9661
00882,中信中國高股息,132,76,56,富邦-新店,2024-02-21,9661
6223,旺矽,74,19,55,富邦-新店,2024-02-21,9661
2641,正德,66,21,45,富邦-新店,2024-02-21,9661
2383,台光電,51,6,45,富邦-新店,2024-02-21,9661
2382,廣達,87,45,42,富邦-新店,2024-02-21,9661
00885,富邦越南,59,17,42,富邦-新店,2024-02-21,9661
00903,富邦元宇宙,42,0,42,富邦-新店,2024-02-21,9661
8089,康全電訊,43,1,42,富邦-新店,2024-02-21,9661
4958,臻鼎-KY,40,1,39,富邦-新店,2024-02-21,9661
2353,宏��,48,8,40,富邦-新店,2024-02-21,9661
00891,中信關鍵半導體,38,0,38,富邦-新店,2024-02-21,9661
3231,緯創,118,81,37,富邦-新店,2024-02-21,9661
2892,第一金,42,5,37,富邦-新店,2024-02-21,9661
3325,旭品,39,3,36,富邦-新店,2024-02-21,9661
2617,台航,152,117,35,富邦-新店,2024-02-21,9661
00680L,元大美債20正2,34,0,34,富邦-新店,2024-02-21,9661
2312,金寶,68,37,31,富邦-新店,2024-02-21,9661
00720B,元大投資級公司債,30,0,30,富邦-新店,2024-02-21,9661
3035,智原,79,49,30,富邦-新店,2024-02-21,9661
3450,聯鈞,58,28,30,富邦-新店,2024-02-21,9661
6282,康舒,74,45,29,富邦-新店,2024-02-21,9661
2409,友達,47,19,28,富邦-新店,2024-02-21,9661
3376,新日興,42,15,27,富邦-新店,2024-02-21,9661
3712,永崴投控,49,22,27,富邦-新店,2024-02-21,9661
8938,明安,27,0,27,富邦-新店,2024-02-21,9661
2884,玉山金,47,20,27,富邦-新店,2024-02-21,9661
8936,國統,67,40,27,富邦-新店,2024-02-21,9661
00937B,群益ESG投等債20,414,40,374,富邦-新店,2024-02-22,9661
6274,台燿,326,24,302,富邦-新店,2024-02-22,9661
1815,富喬,366,76,290,富邦-新店,2024-02-22,9661
00795B,中信美國公債20年,225,0,225,富邦-新店,2024-02-22,9661
1536,和大,233,9,224,富邦-新店,2024-02-22,9661
2367,燿華,444,286,158,富邦-新店,2024-02-22,9661
00933B,國泰10Y+金融債,137,0,137,富邦-新店,2024-02-22,9661
00687B,國泰20年美債,105,0,105,富邦-新店,2024-02-22,9661
3034,聯詠,105,7,98,富邦-新店,2024-02-22,9661
2515,中工,102,10,92,富邦-新店,2024-02-22,9661
3231,緯創,201,128,73,富邦-新店,2024-02-22,9661
00650L,復華香港正2,71,0,71,富邦-新店,2024-02-22,9661
3548,兆利,75,6,69,富邦-新店,2024-02-22,9661
6164,華興,66,0,66,富邦-新店,2024-02-22,9661
00751B,元大AAA至A公司債,175,110,65,富邦-新店,2024-02-22,9661
00632R,元大台灣50反1,64,0,64,富邦-新店,2024-02-22,9661
3363,上詮,81,19,62,富邦-新店,2024-02-22,9661
2460,建通,144,84,60,富邦-新店,2024-02-22,9661
6207,雷科,137,79,58,富邦-新店,2024-02-22,9661
6223,旺矽,66,9,57,富邦-新店,2024-02-22,9661
2409,友達,57,0,57,富邦-新店,2024-02-22,9661
5315,光聯,61,6,55,富邦-新店,2024-02-22,9661
3374,精材,58,7,51,富邦-新店,2024-02-22,9661
9105,泰金寶-DR,78,28,50,富邦-新店,2024-02-22,9661
00679B,元大美債20年,79,31,48,富邦-新店,2024-02-22,9661
1316,上曜,108,61,47,富邦-新店,2024-02-22,9661
00712,復華富時不動產,146,100,46,富邦-新店,2024-02-22,9661
3663,鑫科,48,2,46,富邦-新店,2024-02-22,9661
3038,全台,57,12,45,富邦-新店,2024-02-22,9661
8105,凌巨,52,9,43,富邦-新店,2024-02-22,9661
4534,慶騰,43,0,43,富邦-新店,2024-02-22,9661
00637L,元大滬深300正2,58,15,43,富邦-新店,2024-02-22,9661
1101,台泥,64,22,42,富邦-新店,2024-02-22,9661
2101,南港,40,0,40,富邦-新店,2024-02-22,9661
3046,建��,37,0,37,富邦-新店,2024-02-22,9661
2376,技嘉,83,47,36,富邦-新店,2024-02-22,9661
3265,台星科,89,53,36,富邦-新店,2024-02-22,9661
8938,明安,35,1,34,富邦-新店,2024-02-22,9661
3339,泰谷,48,14,34,富邦-新店,2024-02-22,9661
6669,緯穎,47,15,32,富邦-新店,2024-02-22,9661
3450,聯鈞,92,60,32,富邦-新店,2024-02-22,9661
3605,宏致,32,0,32,富邦-新店,2024-02-22,9661
2618,長榮航,49,17,32,富邦-新店,2024-02-22,9661
1504,東元,36,5,31,富邦-新店,2024-02-22,9661
2369,菱生,55,24,31,富邦-新店,2024-02-22,9661
2884,玉山金,44,13,31,富邦-新店,2024-02-22,9661
2329,華泰,176,146,30,富邦-新店,2024-02-22,9661
00878,國泰永續高股息,147,118,29,富邦-新店,2024-02-22,9661
2537,聯上發,32,3,29,富邦-新店,2024-02-22,9661
00882,中信中國高股息,51,22,29,富邦-新店,2024-02-22,9661
6274,台燿,438,42,396,富邦-新店,2024-02-23,9661
00937B,群益ESG投等債20,477,142,335,富邦-新店,2024-02-23,9661
3050,鈺德,380,131,249,富邦-新店,2024-02-23,9661
2915,潤泰全,213,1,212,富邦-新店,2024-02-23,9661
00919,群益台灣精選高息,356,147,209,富邦-新店,2024-02-23,9661
4768,晶呈科技,186,5,181,富邦-新店,2024-02-23,9661
00933B,國泰10Y+金融債,157,0,157,富邦-新店,2024-02-23,9661
6126,信音,174,18,156,富邦-新店,2024-02-23,9661
00687B,國泰20年美債,155,1,154,富邦-新店,2024-02-23,9661
00795B,中信美國公債20年,146,0,146,富邦-新店,2024-02-23,9661
00650L,復華香港正2,100,0,100,富邦-新店,2024-02-23,9661
1444,力麗,100,0,100,富邦-新店,2024-02-23,9661
2355,敬鵬,122,26,96,富邦-新店,2024-02-23,9661
1303,南亞,77,1,76,富邦-新店,2024-02-23,9661
2329,華泰,202,130,72,富邦-新店,2024-02-23,9661
6657,華安,71,1,70,富邦-新店,2024-02-23,9661
2353,宏��,89,20,69,富邦-新店,2024-02-23,9661
3535,晶彩科,102,39,63,富邦-新店,2024-02-23,9661
3041,揚智,95,33,62,富邦-新店,2024-02-23,9661
8105,凌巨,62,0,62,富邦-新店,2024-02-23,9661
6257,矽格,81,21,60,富邦-新店,2024-02-23,9661
1316,上曜,154,96,58,富邦-新店,2024-02-23,9661
00878,國泰永續高股息,259,201,58,富邦-新店,2024-02-23,9661
5340,建榮,69,13,56,富邦-新店,2024-02-23,9661
3038,全台,56,1,55,富邦-新店,2024-02-23,9661
3450,聯鈞,109,55,54,富邦-新店,2024-02-23,9661
3232,昱捷,54,0,54,富邦-新店,2024-02-23,9661
3289,宜特,56,2,54,富邦-新店,2024-02-23,9661
00923,群益台ESG低碳50,64,11,53,富邦-新店,2024-02-23,9661
00632R,元大台灣50反1,87,35,52,富邦-新店,2024-02-23,9661
1608,華榮,51,0,51,富邦-新店,2024-02-23,9661
1447,力鵬,50,0,50,富邦-新店,2024-02-23,9661
2883,凱基金,81,33,48,富邦-新店,2024-02-23,9661
6189,豐藝,83,40,43,富邦-新店,2024-02-23,9661
3481,群創,83,40,43,富邦-新店,2024-02-23,9661
1531,高林股,43,0,43,富邦-新店,2024-02-23,9661
1101,台泥,46,5,41,富邦-新店,2024-02-23,9661
3712,永崴投控,69,28,41,富邦-新店,2024-02-23,9661
00679B,元大美債20年,141,100,41,富邦-新店,2024-02-23,9661
3551,世禾,42,2,40,富邦-新店,2024-02-23,9661
3047,訊舟,323,285,38,富邦-新店,2024-02-23,9661
2363,矽統,50,12,38,富邦-新店,2024-02-23,9661
3017,奇鋐,59,22,37,富邦-新店,2024-02-23,9661
2356,英業達,131,96,35,富邦-新店,2024-02-23,9661
1809,中釉,52,21,31,富邦-新店,2024-02-23,9661
1560,中砂,44,14,30,富邦-新店,2024-02-23,9661
00931B,統一美債20年,430,400,30,富邦-新店,2024-02-23,9661
2457,飛宏,45,16,29,富邦-新店,2024-02-23,9661
2464,盟立,29,0,29,富邦-新店,2024-02-23,9661
3706,神達,33,5,28,富邦-新店,2024-02-23,9661
00665L,富邦�琤肭磪囓�2,592,1,591,富邦-新店,2024-02-26,9661
6806,森崴能源,866,306,560,富邦-新店,2024-02-26,9661
00878,國泰永續高股息,647,99,548,富邦-新店,2024-02-26,9661
2884,玉山金,454,24,430,富邦-新店,2024-02-26,9661
2355,敬鵬,445,61,384,富邦-新店,2024-02-26,9661
2882,國泰金,371,2,369,富邦-新店,2024-02-26,9661
3163,波若威,343,55,288,富邦-新店,2024-02-26,9661
00937B,群益ESG投等債20,343,80,263,富邦-新店,2024-02-26,9661
2887,台新金,210,8,202,富邦-新店,2024-02-26,9661
00933B,國泰10Y+金融債,177,23,154,富邦-新店,2024-02-26,9661
00679B,元大美債20年,173,28,145,富邦-新店,2024-02-26,9661
00637L,元大滬深300正2,150,21,129,富邦-新店,2024-02-26,9661
1444,力麗,105,0,105,富邦-新店,2024-02-26,9661
2383,台光電,107,4,103,富邦-新店,2024-02-26,9661
2359,所羅門,112,14,98,富邦-新店,2024-02-26,9661
1108,幸福,95,0,95,富邦-新店,2024-02-26,9661
2467,志聖,114,31,83,富邦-新店,2024-02-26,9661
9105,泰金寶-DR,106,25,81,富邦-新店,2024-02-26,9661
6668,中揚光,83,9,74,富邦-新店,2024-02-26,9661
2353,宏��,76,8,68,富邦-新店,2024-02-26,9661
3689,湧德,79,16,63,富邦-新店,2024-02-26,9661
2329,華泰,94,32,62,富邦-新店,2024-02-26,9661
6669,緯穎,66,4,62,富邦-新店,2024-02-26,9661
00891,中信關鍵半導體,67,7,60,富邦-新店,2024-02-26,9661
6605,帝寶,60,2,58,富邦-新店,2024-02-26,9661
6218,豪勉,61,3,58,富邦-新店,2024-02-26,9661
2399,映泰,57,2,55,富邦-新店,2024-02-26,9661
1319,東陽,53,2,51,富邦-新店,2024-02-26,9661
8271,宇瞻,66,17,49,富邦-新店,2024-02-26,9661
8926,台汽電,54,5,49,富邦-新店,2024-02-26,9661
2312,金寶,43,0,43,富邦-新店,2024-02-26,9661
2867,三商壽,42,0,42,富邦-新店,2024-02-26,9661
1447,力鵬,42,0,42,富邦-新店,2024-02-26,9661
2495,普安,166,127,39,富邦-新店,2024-02-26,9661
3545,敦泰,39,1,38,富邦-新店,2024-02-26,9661
2371,大同,119,83,36,富邦-新店,2024-02-26,9661
2376,技嘉,64,29,35,富邦-新店,2024-02-26,9661
8028,昇陽半導體,100,65,35,富邦-新店,2024-02-26,9661
3390,旭軟,44,10,34,富邦-新店,2024-02-26,9661
2208,台船,32,0,32,富邦-新店,2024-02-26,9661
2369,菱生,46,14,32,富邦-新店,2024-02-26,9661
9942,茂順,31,0,31,富邦-新店,2024-02-26,9661
6526,達發,31,1,30,富邦-新店,2024-02-26,9661
3041,揚智,32,3,29,富邦-新店,2024-02-26,9661
3481,群創,47,18,29,富邦-新店,2024-02-26,9661
2449,京元電子,52,25,27,富邦-新店,2024-02-26,9661
6657,華安,26,0,26,富邦-新店,2024-02-26,9661
2888,新光金,49,23,26,富邦-新店,2024-02-26,9661
2915,潤泰全,25,0,25,富邦-新店,2024-02-26,9661
1504,東元,109,84,25,富邦-新店,2024-02-26,9661
00878,國泰永續高股息,854,28,826,富邦-新店,2024-02-27,9661
3017,奇鋐,873,119,754,富邦-新店,2024-02-27,9661
00937B,群益ESG投等債20,515,19,496,富邦-新店,2024-02-27,9661
3450,聯鈞,617,138,479,富邦-新店,2024-02-27,9661
00929,復華台灣科技優息,598,179,419,富邦-新店,2024-02-27,9661
00687B,國泰20年美債,224,3,221,富邦-新店,2024-02-27,9661
1815,富喬,246,32,214,富邦-新店,2024-02-27,9661
2363,矽統,331,128,203,富邦-新店,2024-02-27,9661
1108,幸福,188,0,188,富邦-新店,2024-02-27,9661
00933B,國泰10Y+金融債,168,20,148,富邦-新店,2024-02-27,9661
00679B,元大美債20年,148,7,141,富邦-新店,2024-02-27,9661
3047,訊舟,135,1,134,富邦-新店,2024-02-27,9661
3037,欣興,152,51,101,富邦-新店,2024-02-27,9661
1101,台泥,87,3,84,富邦-新店,2024-02-27,9661
4147,中裕,118,36,82,富邦-新店,2024-02-27,9661
4543,萬在,127,46,81,富邦-新店,2024-02-27,9661
2382,廣達,120,42,78,富邦-新店,2024-02-27,9661
0056,元大高股息,87,11,76,富邦-新店,2024-02-27,9661
4979,華星光,126,52,74,富邦-新店,2024-02-27,9661
00632R,元大台灣50反1,197,123,74,富邦-新店,2024-02-27,9661
5272,笙科,79,14,65,富邦-新店,2024-02-27,9661
3689,湧德,97,36,61,富邦-新店,2024-02-27,9661
00712,復華富時不動產,53,0,53,富邦-新店,2024-02-27,9661
6668,中揚光,107,54,53,富邦-新店,2024-02-27,9661
00637L,元大滬深300正2,54,2,52,富邦-新店,2024-02-27,9661
2329,華泰,118,67,51,富邦-新店,2024-02-27,9661
2312,金寶,58,7,51,富邦-新店,2024-02-27,9661
4303,信立,64,14,50,富邦-新店,2024-02-27,9661
2801,彰銀,70,21,49,富邦-新店,2024-02-27,9661
2002,中鋼,51,6,45,富邦-新店,2024-02-27,9661
1316,上曜,142,99,43,富邦-新店,2024-02-27,9661
2460,建通,45,3,42,富邦-新店,2024-02-27,9661
6147,頎邦,44,4,40,富邦-新店,2024-02-27,9661
8096,擎亞,60,22,38,富邦-新店,2024-02-27,9661
6657,華安,38,0,38,富邦-新店,2024-02-27,9661
1809,中釉,43,8,35,富邦-新店,2024-02-27,9661
3712,永崴投控,83,49,34,富邦-新店,2024-02-27,9661
2367,燿華,41,8,33,富邦-新店,2024-02-27,9661
2610,華航,34,2,32,富邦-新店,2024-02-27,9661
3707,漢磊,31,0,31,富邦-新店,2024-02-27,9661
3583,辛耘,61,33,28,富邦-新店,2024-02-27,9661
6535,順藥,39,12,27,富邦-新店,2024-02-27,9661
2376,技嘉,51,24,27,富邦-新店,2024-02-27,9661
5388,中磊,53,27,26,富邦-新店,2024-02-27,9661
9105,泰金寶-DR,26,0,26,富邦-新店,2024-02-27,9661
6140,訊達,27,1,26,富邦-新店,2024-02-27,9661
2618,長榮航,48,23,25,富邦-新店,2024-02-27,9661
2887,台新金,27,2,25,富邦-新店,2024-02-27,9661
1609,大亞,31,6,25,富邦-新店,2024-02-27,9661
3354,律勝,52,27,25,富邦-新店,2024-02-27,9661
1609,大亞,1339,85,1254,富邦-新店,2024-02-29,9661
6125,廣運,1237,48,1189,富邦-新店,2024-02-29,9661
1815,富喬,863,255,608,富邦-新店,2024-02-29,9661
00929,復華台灣科技優息,729,201,528,富邦-新店,2024-02-29,9661
00931B,統一美債20年,805,300,505,富邦-新店,2024-02-29,9661
2355,敬鵬,523,20,503,富邦-新店,2024-02-29,9661
00937B,群益ESG投等債20,457,26,431,富邦-新店,2024-02-29,9661
6143,振曜,378,27,351,富邦-新店,2024-02-29,9661
2369,菱生,268,46,222,富邦-新店,2024-02-29,9661
6005,群益證,200,8,192,富邦-新店,2024-02-29,9661
00687B,國泰20年美債,216,47,169,富邦-新店,2024-02-29,9661
4979,華星光,150,8,142,富邦-新店,2024-02-29,9661
2353,宏��,137,7,130,富邦-新店,2024-02-29,9661
00679B,元大美債20年,157,43,114,富邦-新店,2024-02-29,9661
3450,聯鈞,127,18,109,富邦-新店,2024-02-29,9661
00632R,元大台灣50反1,100,0,100,富邦-新店,2024-02-29,9661
2605,新興,101,23,78,富邦-新店,2024-02-29,9661
2329,華泰,97,22,75,富邦-新店,2024-02-29,9661
2442,新美齊,73,3,70,富邦-新店,2024-02-29,9661
8085,福華,82,16,66,富邦-新店,2024-02-29,9661
2883,凱基金,118,54,64,富邦-新店,2024-02-29,9661
1101,台泥,73,14,59,富邦-新店,2024-02-29,9661
6257,矽格,53,2,51,富邦-新店,2024-02-29,9661
4109,加捷生醫,51,1,50,富邦-新店,2024-02-29,9661
2303,聯電,91,44,47,富邦-新店,2024-02-29,9661
3363,上詮,70,25,45,富邦-新店,2024-02-29,9661
00878,國泰永續高股息,200,155,45,富邦-新店,2024-02-29,9661
6223,旺矽,53,10,43,富邦-新店,2024-02-29,9661
2031,新光鋼,56,13,43,富邦-新店,2024-02-29,9661
3231,緯創,73,31,42,富邦-新店,2024-02-29,9661
6547,高端疫苗,41,0,41,富邦-新店,2024-02-29,9661
3570,大塚,40,0,40,富邦-新店,2024-02-29,9661
2405,輔信,39,1,38,富邦-新店,2024-02-29,9661
00753L,中信中國50正2,73,35,38,富邦-新店,2024-02-29,9661
00795B,中信美國公債20年,37,0,37,富邦-新店,2024-02-29,9661
2836,高雄銀,40,3,37,富邦-新店,2024-02-29,9661
3128,昇銳,36,0,36,富邦-新店,2024-02-29,9661
2906,高林,33,0,33,富邦-新店,2024-02-29,9661
2884,玉山金,42,9,33,富邦-新店,2024-02-29,9661
3324,雙鴻,64,33,31,富邦-新店,2024-02-29,9661
2367,燿華,51,20,31,富邦-新店,2024-02-29,9661
2880,華南金,34,3,31,富邦-新店,2024-02-29,9661
00712,復華富時不動產,35,5,30,富邦-新店,2024-02-29,9661
2611,志信,32,2,30,富邦-新店,2024-02-29,9661
8089,康全電訊,32,2,30,富邦-新店,2024-02-29,9661
2406,國碩,30,0,30,富邦-新店,2024-02-29,9661
8473,山林水,57,27,30,富邦-新店,2024-02-29,9661
8011,台通,33,4,29,富邦-新店,2024-02-29,9661
3050,鈺德,44,15,29,富邦-新店,2024-02-29,9661
6290,良維,90,61,29,富邦-新店,2024-02-29,9661
3231,緯創,5366,99,5267,富邦-新店,2024-03-01,9661
00919,群益台灣精選高息,1884,51,1833,富邦-新店,2024-03-01,9661
00937B,群益ESG投等債20,1209,562,647,富邦-新店,2024-03-01,9661
6125,廣運,756,125,631,富邦-新店,2024-03-01,9661
3017,奇鋐,474,50,424,富邦-新店,2024-03-01,9661
3363,上詮,352,17,335,富邦-新店,2024-03-01,9661
4763,材料-KY,272,28,244,富邦-新店,2024-03-01,9661
6143,振曜,234,43,191,富邦-新店,2024-03-01,9661
2409,友達,167,4,163,富邦-新店,2024-03-01,9661
3533,嘉澤,156,1,155,富邦-新店,2024-03-01,9661
2002,中鋼,170,29,141,富邦-新店,2024-03-01,9661
00632R,元大台灣50反1,149,12,137,富邦-新店,2024-03-01,9661
8996,高力,142,8,134,富邦-新店,2024-03-01,9661
00751B,元大AAA至A公司債,118,0,118,富邦-新店,2024-03-01,9661
2883B,凱基金乙特,111,0,111,富邦-新店,2024-03-01,9661
00918,大華優利高填息30,120,21,99,富邦-新店,2024-03-01,9661
00679B,元大美債20年,88,4,84,富邦-新店,2024-03-01,9661
2615,萬海,130,51,79,富邦-新店,2024-03-01,9661
9105,泰金寶-DR,84,12,72,富邦-新店,2024-03-01,9661
6016,康和證,66,2,64,富邦-新店,2024-03-01,9661
8105,凌巨,242,185,57,富邦-新店,2024-03-01,9661
00720B,元大投資級公司債,95,44,51,富邦-新店,2024-03-01,9661
006208,富邦台50,50,2,48,富邦-新店,2024-03-01,9661
1316,上曜,176,129,47,富邦-新店,2024-03-01,9661
4420,光明,47,1,46,富邦-新店,2024-03-01,9661
3005,神基,133,88,45,富邦-新店,2024-03-01,9661
00934,中信成長高股息,46,2,44,富邦-新店,2024-03-01,9661
2014,中鴻,44,0,44,富邦-新店,2024-03-01,9661
1303,南亞,57,13,44,富邦-新店,2024-03-01,9661
2399,映泰,73,31,42,富邦-新店,2024-03-01,9661
3036,文曄,95,54,41,富邦-新店,2024-03-01,9661
1513,中興電,125,84,41,富邦-新店,2024-03-01,9661
5471,松翰,40,0,40,富邦-新店,2024-03-01,9661
5340,建榮,39,0,39,富邦-新店,2024-03-01,9661
1101,台泥,62,24,38,富邦-新店,2024-03-01,9661
6005,群益證,50,13,37,富邦-新店,2024-03-01,9661
2303,聯電,65,28,37,富邦-新店,2024-03-01,9661
2495,普安,43,7,36,富邦-新店,2024-03-01,9661
5274,信驊,35,2,33,富邦-新店,2024-03-01,9661
6657,華安,32,0,32,富邦-新店,2024-03-01,9661
00933B,國泰10Y+金融債,33,1,32,富邦-新店,2024-03-01,9661
1618,合機,87,55,32,富邦-新店,2024-03-01,9661
3338,泰碩,46,15,31,富邦-新店,2024-03-01,9661
2881,富邦金,37,7,30,富邦-新店,2024-03-01,9661
4533,協易機,40,10,30,富邦-新店,2024-03-01,9661
2442,新美齊,30,0,30,富邦-新店,2024-03-01,9661
3450,聯鈞,92,62,30,富邦-新店,2024-03-01,9661
2892,第一金,31,1,30,富邦-新店,2024-03-01,9661
8936,國統,41,12,29,富邦-新店,2024-03-01,9661
1710,東聯,30,1,29,富邦-新店,2024-03-01,9661
2317,鴻海,5244,210,5034,富邦-新店,2024-03-04,9661
00937B,群益ESG投等債20,676,26,650,富邦-新店,2024-03-04,9661
1815,富喬,682,36,646,富邦-新店,2024-03-04,9661
00918,大華優利高填息30,367,20,347,富邦-新店,2024-03-04,9661
6163,華電網,343,2,341,富邦-新店,2024-03-04,9661
00632R,元大台灣50反1,528,250,278,富邦-新店,2024-03-04,9661
6016,康和證,263,1,262,富邦-新店,2024-03-04,9661
8401,白紗科,253,40,213,富邦-新店,2024-03-04,9661
00929,復華台灣科技優息,272,113,159,富邦-新店,2024-03-04,9661
00882,中信中國高股息,154,3,151,富邦-新店,2024-03-04,9661
00919,群益台灣精選高息,536,401,135,富邦-新店,2024-03-04,9661
2633,台灣高鐵,122,0,122,富邦-新店,2024-03-04,9661
8926,台汽電,122,4,118,富邦-新店,2024-03-04,9661
00720B,元大投資級公司債,127,11,116,富邦-新店,2024-03-04,9661
2892,第一金,112,6,106,富邦-新店,2024-03-04,9661
2515,中工,101,1,100,富邦-新店,2024-03-04,9661
6223,旺矽,101,2,99,富邦-新店,2024-03-04,9661
00887,永豐中國科技50大,89,0,89,富邦-新店,2024-03-04,9661
3006,晶豪科,92,13,79,富邦-新店,2024-03-04,9661
2610,華航,89,11,78,富邦-新店,2024-03-04,9661
00687B,國泰20年美債,147,74,73,富邦-新店,2024-03-04,9661
5340,建榮,84,12,72,富邦-新店,2024-03-04,9661
3324,雙鴻,71,14,57,富邦-新店,2024-03-04,9661
00751B,元大AAA至A公司債,207,151,56,富邦-新店,2024-03-04,9661
3008,大立光,55,0,55,富邦-新店,2024-03-04,9661
3321,同泰,50,0,50,富邦-新店,2024-03-04,9661
2618,長榮航,71,21,50,富邦-新店,2024-03-04,9661
00922,國泰台灣領袖50,53,5,48,富邦-新店,2024-03-04,9661
6005,群益證,48,1,47,富邦-新店,2024-03-04,9661
2002,中鋼,66,19,47,富邦-新店,2024-03-04,9661
2890,永豐金,50,3,47,富邦-新店,2024-03-04,9661
2882,國泰金,48,3,45,富邦-新店,2024-03-04,9661
1513,中興電,107,64,43,富邦-新店,2024-03-04,9661
2399,映泰,72,30,42,富邦-新店,2024-03-04,9661
2903,遠百,42,0,42,富邦-新店,2024-03-04,9661
3548,兆利,81,39,42,富邦-新店,2024-03-04,9661
2881,富邦金,56,16,40,富邦-新店,2024-03-04,9661
2106,建大,40,0,40,富邦-新店,2024-03-04,9661
2014,中鴻,43,4,39,富邦-新店,2024-03-04,9661
2880,華南金,42,3,39,富邦-新店,2024-03-04,9661
2476,鉅祥,48,9,39,富邦-新店,2024-03-04,9661
3041,揚智,54,17,37,富邦-新店,2024-03-04,9661
1409,新纖,49,14,35,富邦-新店,2024-03-04,9661
1301,台塑,40,7,33,富邦-新店,2024-03-04,9661
3081,聯亞,74,45,29,富邦-新店,2024-03-04,9661
6547,高端疫苗,32,3,29,富邦-新店,2024-03-04,9661
00692,富邦公司治理,40,12,28,富邦-新店,2024-03-04,9661
1309,台達化,30,3,27,富邦-新店,2024-03-04,9661
2486,一詮,73,46,27,富邦-新店,2024-03-04,9661
3689,湧德,99,72,27,富邦-新店,2024-03-04,9661
3231,緯創,6101,2231,3870,富邦-新店,2024-03-05,9661
1815,富喬,2907,2521,386,富邦-新店,2024-03-05,9661
3013,晟銘電,558,194,364,富邦-新店,2024-03-05,9661
00919,群益台灣精選高息,471,107,364,富邦-新店,2024-03-05,9661
00632R,元大台灣50反1,274,5,269,富邦-新店,2024-03-05,9661
00937B,群益ESG投等債20,275,32,243,富邦-新店,2024-03-05,9661
6016,康和證,257,36,221,富邦-新店,2024-03-05,9661
3289,宜特,216,5,211,富邦-新店,2024-03-05,9661
00929,復華台灣科技優息,327,118,209,富邦-新店,2024-03-05,9661
3481,群創,309,103,206,富邦-新店,2024-03-05,9661
2883,凱基金,121,8,113,富邦-新店,2024-03-05,9661
2903,遠百,100,0,100,富邦-新店,2024-03-05,9661
6125,廣運,246,151,95,富邦-新店,2024-03-05,9661
8401,白紗科,92,0,92,富邦-新店,2024-03-05,9661
2888,新光金,113,25,88,富邦-新店,2024-03-05,9661
6227,茂綸,104,19,85,富邦-新店,2024-03-05,9661
00712,復華富時不動產,83,0,83,富邦-新店,2024-03-05,9661
00922,國泰台灣領袖50,110,30,80,富邦-新店,2024-03-05,9661
00679B,元大美債20年,185,106,79,富邦-新店,2024-03-05,9661
2485,兆赫,92,14,78,富邦-新店,2024-03-05,9661
2329,華泰,106,28,78,富邦-新店,2024-03-05,9661
5498,凱崴,81,4,77,富邦-新店,2024-03-05,9661
6217,中探針,101,24,77,富邦-新店,2024-03-05,9661
00687B,國泰20年美債,80,8,72,富邦-新店,2024-03-05,9661
2609,陽明,129,58,71,富邦-新店,2024-03-05,9661
2405,輔信,92,22,70,富邦-新店,2024-03-05,9661
6657,華安,59,0,59,富邦-新店,2024-03-05,9661
00915,凱基優選高股息30,64,5,59,富邦-新店,2024-03-05,9661
5340,建榮,58,0,58,富邦-新店,2024-03-05,9661
6189,豐藝,55,3,52,富邦-新店,2024-03-05,9661
3260,威剛,53,3,50,富邦-新店,2024-03-05,9661
1611,中電,50,1,49,富邦-新店,2024-03-05,9661
3322,建舜電,50,2,48,富邦-新店,2024-03-05,9661
00882,中信中國高股息,77,31,46,富邦-新店,2024-03-05,9661
6190,萬泰科,71,25,46,富邦-新店,2024-03-05,9661
8054,安國,74,31,43,富邦-新店,2024-03-05,9661
00936,台新永續高息中小,56,13,43,富邦-新店,2024-03-05,9661
2882,國泰金,57,15,42,富邦-新店,2024-03-05,9661
00753L,中信中國50正2,78,36,42,富邦-新店,2024-03-05,9661
00933B,國泰10Y+金融債,61,19,42,富邦-新店,2024-03-05,9661
8936,國統,51,10,41,富邦-新店,2024-03-05,9661
3050,鈺德,39,2,37,富邦-新店,2024-03-05,9661
6443,元晶,41,5,36,富邦-新店,2024-03-05,9661
00935,野村臺灣新科技50,38,2,36,富邦-新店,2024-03-05,9661
00891,中信關鍵半導體,37,1,36,富邦-新店,2024-03-05,9661
4979,華星光,61,25,36,富邦-新店,2024-03-05,9661
3062,建漢,59,24,35,富邦-新店,2024-03-05,9661
6435,大中,34,0,34,富邦-新店,2024-03-05,9661
2409,友達,42,8,34,富邦-新店,2024-03-05,9661
2355,敬鵬,44,10,34,富邦-新店,2024-03-05,9661
2317,鴻海,2029,59,1970,富邦-新店,2024-03-06,9661
1815,富喬,3673,2311,1362,富邦-新店,2024-03-06,9661
00715L,期街口布蘭特正2,537,0,537,富邦-新店,2024-03-06,9661
00919,群益台灣精選高息,576,62,514,富邦-新店,2024-03-06,9661
00632R,元大台灣50反1,407,20,387,富邦-新店,2024-03-06,9661
6125,廣運,2371,1998,373,富邦-新店,2024-03-06,9661
3540,曜越,323,27,296,富邦-新店,2024-03-06,9661
3050,鈺德,313,62,251,富邦-新店,2024-03-06,9661
2316,楠梓電,210,15,195,富邦-新店,2024-03-06,9661
2383,台光電,202,27,175,富邦-新店,2024-03-06,9661
6163,華電網,215,48,167,富邦-新店,2024-03-06,9661
00918,大華優利高填息30,148,9,139,富邦-新店,2024-03-06,9661
8011,台通,233,104,129,富邦-新店,2024-03-06,9661
2409,友達,114,11,103,富邦-新店,2024-03-06,9661
00915,凱基優選高股息30,110,12,98,富邦-新店,2024-03-06,9661
2845,遠東銀,133,37,96,富邦-新店,2024-03-06,9661
3450,聯鈞,120,35,85,富邦-新店,2024-03-06,9661
3481,群創,94,9,85,富邦-新店,2024-03-06,9661
00679B,元大美債20年,126,47,79,富邦-新店,2024-03-06,9661
00751B,元大AAA至A公司債,76,0,76,富邦-新店,2024-03-06,9661
2363,矽統,79,14,65,富邦-新店,2024-03-06,9661
4588,玖鼎電力,65,0,65,富邦-新店,2024-03-06,9661
6143,振曜,90,30,60,富邦-新店,2024-03-06,9661
4121,優盛,50,1,49,富邦-新店,2024-03-06,9661
3325,旭品,405,357,48,富邦-新店,2024-03-06,9661
3653,健策,53,5,48,富邦-新店,2024-03-06,9661
8034,榮群,68,22,46,富邦-新店,2024-03-06,9661
5465,富驊,58,14,44,富邦-新店,2024-03-06,9661
1303,南亞,45,4,41,富邦-新店,2024-03-06,9661
2352,佳世達,66,25,41,富邦-新店,2024-03-06,9661
00936,台新永續高息中小,41,1,40,富邦-新店,2024-03-06,9661
00757,統一FANG+,41,2,39,富邦-新店,2024-03-06,9661
2329,華泰,110,72,38,富邦-新店,2024-03-06,9661
6533,晶心科,43,7,36,富邦-新店,2024-03-06,9661
2002,中鋼,76,41,35,富邦-新店,2024-03-06,9661
2605,新興,45,10,35,富邦-新店,2024-03-06,9661
00923,群益台ESG低碳50,36,2,34,富邦-新店,2024-03-06,9661
5225,東科-KY,36,2,34,富邦-新店,2024-03-06,9661
2888,新光金,95,62,33,富邦-新店,2024-03-06,9661
2610,華航,75,43,32,富邦-新店,2024-03-06,9661
5274,信驊,32,0,32,富邦-新店,2024-03-06,9661
00885,富邦越南,34,2,32,富邦-新店,2024-03-06,9661
00882,中信中國高股息,49,17,32,富邦-新店,2024-03-06,9661
00772B,中信高評級公司債,33,2,31,富邦-新店,2024-03-06,9661
4979,華星光,66,35,31,富邦-新店,2024-03-06,9661
1438,三地開發,31,2,29,富邦-新店,2024-03-06,9661
00881,國泰台灣5G+,36,8,28,富邦-新店,2024-03-06,9661
3711,日月光投控,34,7,27,富邦-新店,2024-03-06,9661
00894,中信小資高價30,28,2,26,富邦-新店,2024-03-06,9661
6657,華安,26,0,26,富邦-新店,2024-03-06,9661
1815,富喬,10447,3581,6866,富邦-新店,2024-03-07,9661
00919,群益台灣精選高息,829,170,659,富邦-新店,2024-03-07,9661
00929,復華台灣科技優息,973,445,528,富邦-新店,2024-03-07,9661
00937B,群益ESG投等債20,519,46,473,富邦-新店,2024-03-07,9661
2323,中環,304,1,303,富邦-新店,2024-03-07,9661
00687B,國泰20年美債,324,30,294,富邦-新店,2024-03-07,9661
1301,台塑,239,4,235,富邦-新店,2024-03-07,9661
2367,燿華,290,140,150,富邦-新店,2024-03-07,9661
3231,緯創,187,49,138,富邦-新店,2024-03-07,9661
6005,群益證,133,4,129,富邦-新店,2024-03-07,9661
00706L,期元大S＆P日圓正2,112,0,112,富邦-新店,2024-03-07,9661
00680L,元大美債20正2,131,19,112,富邦-新店,2024-03-07,9661
2313,華通,166,57,109,富邦-新店,2024-03-07,9661
3481,群創,99,4,95,富邦-新店,2024-03-07,9661
2409,友達,101,15,86,富邦-新店,2024-03-07,9661
2356,英業達,133,53,80,富邦-新店,2024-03-07,9661
2486,一詮,183,106,77,富邦-新店,2024-03-07,9661
3450,聯鈞,123,55,68,富邦-新店,2024-03-07,9661
6629,泰金-KY,64,1,63,富邦-新店,2024-03-07,9661
6657,華安,94,31,63,富邦-新店,2024-03-07,9661
2344,華邦電,129,67,62,富邦-新店,2024-03-07,9661
2610,華航,78,16,62,富邦-新店,2024-03-07,9661
2633,台灣高鐵,60,0,60,富邦-新店,2024-03-07,9661
00918,大華優利高填息30,80,21,59,富邦-新店,2024-03-07,9661
00751B,元大AAA至A公司債,63,6,57,富邦-新店,2024-03-07,9661
3017,奇鋐,101,44,57,富邦-新店,2024-03-07,9661
00930,永豐ESG低碳高息,94,38,56,富邦-新店,2024-03-07,9661
5521,工信,101,46,55,富邦-新店,2024-03-07,9661
2442,新美齊,51,1,50,富邦-新店,2024-03-07,9661
3324,雙鴻,70,21,49,富邦-新店,2024-03-07,9661
4306,炎洲,90,41,49,富邦-新店,2024-03-07,9661
0056,元大高股息,96,48,48,富邦-新店,2024-03-07,9661
2365,昆盈,70,22,48,富邦-新店,2024-03-07,9661
2890,永豐金,57,10,47,富邦-新店,2024-03-07,9661
00921,兆豐龍頭等權重,45,0,45,富邦-新店,2024-03-07,9661
1409,新纖,51,7,44,富邦-新店,2024-03-07,9661
2316,楠梓電,41,0,41,富邦-新店,2024-03-07,9661
00712,復華富時不動產,51,10,41,富邦-新店,2024-03-07,9661
2405,輔信,55,15,40,富邦-新店,2024-03-07,9661
6274,台燿,92,52,40,富邦-新店,2024-03-07,9661
1513,中興電,73,34,39,富邦-新店,2024-03-07,9661
00922,國泰台灣領袖50,40,1,39,富邦-新店,2024-03-07,9661
1605,華新,66,27,39,富邦-新店,2024-03-07,9661
2324,仁寶,61,23,38,富邦-新店,2024-03-07,9661
1609,大亞,56,18,38,富邦-新店,2024-03-07,9661
2609,陽明,107,69,38,富邦-新店,2024-03-07,9661
4763,材料-KY,92,56,36,富邦-新店,2024-03-07,9661
2611,志信,35,0,35,富邦-新店,2024-03-07,9661
8171,天宇,33,0,33,富邦-新店,2024-03-07,9661
1471,首利,44,13,31,富邦-新店,2024-03-07,9661
1609,大亞,594,16,578,富邦-新店,2024-03-08,9661
00937B,群益ESG投等債20,560,126,434,富邦-新店,2024-03-08,9661
2515,中工,308,113,195,富邦-新店,2024-03-08,9661
2316,楠梓電,188,45,143,富邦-新店,2024-03-08,9661
2727,王品,141,7,134,富邦-新店,2024-03-08,9661
1717,長興,119,5,114,富邦-新店,2024-03-08,9661
1101,台泥,109,3,106,富邦-新店,2024-03-08,9661
00919,群益台灣精選高息,960,872,88,富邦-新店,2024-03-08,9661
1444,力麗,102,15,87,富邦-新店,2024-03-08,9661
2388,威盛,86,9,77,富邦-新店,2024-03-08,9661
6197,佳必琪,102,27,75,富邦-新店,2024-03-08,9661
2365,昆盈,115,46,69,富邦-新店,2024-03-08,9661
3163,波若威,119,54,65,富邦-新店,2024-03-08,9661
2344,華邦電,82,19,63,富邦-新店,2024-03-08,9661
2363,矽統,109,48,61,富邦-新店,2024-03-08,9661
2442,新美齊,61,0,61,富邦-新店,2024-03-08,9661
2399,映泰,90,30,60,富邦-新店,2024-03-08,9661
00923,群益台ESG低碳50,83,26,57,富邦-新店,2024-03-08,9661
1301,台塑,66,13,53,富邦-新店,2024-03-08,9661
3050,鈺德,55,3,52,富邦-新店,2024-03-08,9661
00679B,元大美債20年,103,51,52,富邦-新店,2024-03-08,9661
2476,鉅祥,65,15,50,富邦-新店,2024-03-08,9661
2417,圓剛,81,35,46,富邦-新店,2024-03-08,9661
00857B,永豐20年美公債,46,0,46,富邦-新店,2024-03-08,9661
3321,同泰,45,0,45,富邦-新店,2024-03-08,9661
3711,日月光投控,80,36,44,富邦-新店,2024-03-08,9661
5530,龍巖,53,10,43,富邦-新店,2024-03-08,9661
4979,華星光,102,61,41,富邦-新店,2024-03-08,9661
2641,正德,43,2,41,富邦-新店,2024-03-08,9661
6288,聯嘉,42,2,40,富邦-新店,2024-03-08,9661
00687B,國泰20年美債,80,41,39,富邦-新店,2024-03-08,9661
00664R,國泰臺灣加權反1,38,0,38,富邦-新店,2024-03-08,9661
9941,裕融,50,12,38,富邦-新店,2024-03-08,9661
3325,旭品,61,25,36,富邦-新店,2024-03-08,9661
2888,新光金,89,53,36,富邦-新店,2024-03-08,9661
00915,凱基優選高股息30,122,86,36,富邦-新店,2024-03-08,9661
1303,南亞,34,0,34,富邦-新店,2024-03-08,9661
2449,京元電子,135,101,34,富邦-新店,2024-03-08,9661
1718,中纖,36,3,33,富邦-新店,2024-03-08,9661
2211,長榮鋼,44,12,32,富邦-新店,2024-03-08,9661
3533,嘉澤,43,12,31,富邦-新店,2024-03-08,9661
6143,振曜,80,49,31,富邦-新店,2024-03-08,9661
4123,晟德,33,3,30,富邦-新店,2024-03-08,9661
6629,泰金-KY,33,3,30,富邦-新店,2024-03-08,9661
3169,亞信,52,23,29,富邦-新店,2024-03-08,9661
3710,連展投控,31,2,29,富邦-新店,2024-03-08,9661
2371,大同,64,36,28,富邦-新店,2024-03-08,9661
2201,裕隆,33,4,29,富邦-新店,2024-03-08,9661
1455,集盛,32,4,28,富邦-新店,2024-03-08,9661
2358,廷鑫,36,9,27,富邦-新店,2024-03-08,9661
3481,群創,880,162,718,富邦-新店,2024-03-11,9661
2354,鴻準,548,42,506,富邦-新店,2024-03-11,9661
00937B,群益ESG投等債20,517,35,482,富邦-新店,2024-03-11,9661
2317,鴻海,915,471,444,富邦-新店,2024-03-11,9661
00919,群益台灣精選高息,755,325,430,富邦-新店,2024-03-11,9661
6005,群益證,232,15,217,富邦-新店,2024-03-11,9661
00687B,國泰20年美債,183,19,164,富邦-新店,2024-03-11,9661
3570,大塚,154,1,153,富邦-新店,2024-03-11,9661
4420,光明,140,0,140,富邦-新店,2024-03-11,9661
00931B,統一美債20年,504,400,104,富邦-新店,2024-03-11,9661
6217,中探針,121,22,99,富邦-新店,2024-03-11,9661
2897,王道銀行,94,13,81,富邦-新店,2024-03-11,9661
00918,大華優利高填息30,120,40,80,富邦-新店,2024-03-11,9661
2610,華航,100,22,78,富邦-新店,2024-03-11,9661
3050,鈺德,135,57,78,富邦-新店,2024-03-11,9661
00885,富邦越南,77,3,74,富邦-新店,2024-03-11,9661
2611,志信,83,19,64,富邦-新店,2024-03-11,9661
00933B,國泰10Y+金融債,80,16,64,富邦-新店,2024-03-11,9661
00934,中信成長高股息,72,8,64,富邦-新店,2024-03-11,9661
0056,元大高股息,115,53,62,富邦-新店,2024-03-11,9661
1608,華榮,63,4,59,富邦-新店,2024-03-11,9661
5498,凱崴,74,16,58,富邦-新店,2024-03-11,9661
00645,富邦日本,53,0,53,富邦-新店,2024-03-11,9661
2330,台積電,99,48,51,富邦-新店,2024-03-11,9661
2303,聯電,202,151,51,富邦-新店,2024-03-11,9661
2605,新興,53,4,49,富邦-新店,2024-03-11,9661
5880,合庫金,54,7,47,富邦-新店,2024-03-11,9661
2888,新光金,90,46,44,富邦-新店,2024-03-11,9661
2367,燿華,89,45,44,富邦-新店,2024-03-11,9661
2887,台新金,75,33,42,富邦-新店,2024-03-11,9661
3163,波若威,94,56,38,富邦-新店,2024-03-11,9661
2609,陽明,73,37,36,富邦-新店,2024-03-11,9661
00927,群益半導體收益,38,3,35,富邦-新店,2024-03-11,9661
4763,材料-KY,41,10,31,富邦-新店,2024-03-11,9661
3312,弘憶股,34,3,31,富邦-新店,2024-03-11,9661
2412,中華電,43,14,29,富邦-新店,2024-03-11,9661
00935,野村臺灣新科技50,35,6,29,富邦-新店,2024-03-11,9661
2301,光寶科,46,17,29,富邦-新店,2024-03-11,9661
3645,達邁,30,1,29,富邦-新店,2024-03-11,9661
00922,國泰台灣領袖50,71,42,29,富邦-新店,2024-03-11,9661
2603,長榮,36,7,29,富邦-新店,2024-03-11,9661
6629,泰金-KY,33,6,27,富邦-新店,2024-03-11,9661
1316,上曜,92,66,26,富邦-新店,2024-03-11,9661
2353,宏��,91,65,26,富邦-新店,2024-03-11,9661
006208,富邦台50,40,15,25,富邦-新店,2024-03-11,9661
00795B,中信美國公債20年,25,0,25,富邦-新店,2024-03-11,9661
00665L,富邦�琤肭磪囓�2,25,0,25,富邦-新店,2024-03-11,9661
2516,新建,28,3,25,富邦-新店,2024-03-11,9661
2329,華泰,37,13,24,富邦-新店,2024-03-11,9661
6182,合晶,30,7,23,富邦-新店,2024-03-11,9661
2317,鴻海,2867,714,2153,富邦-新店,2024-03-12,9661
2354,鴻準,1016,60,956,富邦-新店,2024-03-12,9661
00937B,群益ESG投等債20,539,69,470,富邦-新店,2024-03-12,9661
00687B,國泰20年美債,401,17,384,富邦-新店,2024-03-12,9661
00706L,期元大S＆P日圓正2,339,0,339,富邦-新店,2024-03-12,9661
8926,台汽電,275,13,262,富邦-新店,2024-03-12,9661
00919,群益台灣精選高息,374,198,176,富邦-新店,2024-03-12,9661
00632R,元大台灣50反1,157,5,152,富邦-新店,2024-03-12,9661
00918,大華優利高填息30,174,24,150,富邦-新店,2024-03-12,9661
2371,大同,177,46,131,富邦-新店,2024-03-12,9661
00933B,國泰10Y+金融債,142,16,126,富邦-新店,2024-03-12,9661
3013,晟銘電,160,38,122,富邦-新店,2024-03-12,9661
00751B,元大AAA至A公司債,217,102,115,富邦-新店,2024-03-12,9661
3481,群創,135,30,105,富邦-新店,2024-03-12,9661
00915,凱基優選高股息30,155,53,102,富邦-新店,2024-03-12,9661
2609,陽明,130,30,100,富邦-新店,2024-03-12,9661
2328,廣宇,138,46,92,富邦-新店,2024-03-12,9661
1815,富喬,115,28,87,富邦-新店,2024-03-12,9661
6190,萬泰科,88,1,87,富邦-新店,2024-03-12,9661
00665L,富邦�琤肭磪囓�2,112,30,82,富邦-新店,2024-03-12,9661
5426,振發,86,7,79,富邦-新店,2024-03-12,9661
3533,嘉澤,80,1,79,富邦-新店,2024-03-12,9661
6244,茂迪,85,6,79,富邦-新店,2024-03-12,9661
00679B,元大美債20年,84,21,63,富邦-新店,2024-03-12,9661
1612,宏泰,72,10,62,富邦-新店,2024-03-12,9661
2352,佳世達,66,5,61,富邦-新店,2024-03-12,9661
1515,力山,68,8,60,富邦-新店,2024-03-12,9661
5243,乙盛-KY,61,2,59,富邦-新店,2024-03-12,9661
1101,台泥,62,14,48,富邦-新店,2024-03-12,9661
5521,工信,62,17,45,富邦-新店,2024-03-12,9661
3570,大塚,43,0,43,富邦-新店,2024-03-12,9661
3029,零壹,56,14,42,富邦-新店,2024-03-12,9661
2611,志信,57,15,42,富邦-新店,2024-03-12,9661
2359,所羅門,138,96,42,富邦-新店,2024-03-12,9661
3056,富華新,40,1,39,富邦-新店,2024-03-12,9661
4909,新復興,40,3,37,富邦-新店,2024-03-12,9661
2324,仁寶,46,10,36,富邦-新店,2024-03-12,9661
2882,國泰金,60,29,31,富邦-新店,2024-03-12,9661
1514,亞力,89,58,31,富邦-新店,2024-03-12,9661
1337,再生-KY,31,0,31,富邦-新店,2024-03-12,9661
4714,永捷,58,28,30,富邦-新店,2024-03-12,9661
2103,台橡,30,0,30,富邦-新店,2024-03-12,9661
8097,常珵,30,0,30,富邦-新店,2024-03-12,9661
6235,華孚,48,19,29,富邦-新店,2024-03-12,9661
1609,大亞,73,44,29,富邦-新店,2024-03-12,9661
2606,裕民,59,31,28,富邦-新店,2024-03-12,9661
6266,泰詠,30,2,28,富邦-新店,2024-03-12,9661
3707,漢磊,38,11,27,富邦-新店,2024-03-12,9661
2488,漢平,28,2,26,富邦-新店,2024-03-12,9661
00676R,富邦臺灣加權反1,26,0,26,富邦-新店,2024-03-12,9661
2883,凱基金,7546,236,7310,富邦-新店,2024-03-13,9661
00919,群益台灣精選高息,1257,195,1062,富邦-新店,2024-03-13,9661
2354,鴻準,848,288,560,富邦-新店,2024-03-13,9661
6285,啟��,535,33,502,富邦-新店,2024-03-13,9661
00937B,群益ESG投等債20,360,20,340,富邦-新店,2024-03-13,9661
00687B,國泰20年美債,322,22,300,富邦-新店,2024-03-13,9661
2408,南亞科,288,22,266,富邦-新店,2024-03-13,9661
2344,華邦電,255,6,249,富邦-新店,2024-03-13,9661
6147,頎邦,271,46,225,富邦-新店,2024-03-13,9661
2891,中信金,515,296,219,富邦-新店,2024-03-13,9661
2211,長榮鋼,177,2,175,富邦-新店,2024-03-13,9661
1608,華榮,240,76,164,富邦-新店,2024-03-13,9661
3231,緯創,277,115,162,富邦-新店,2024-03-13,9661
00637L,元大滬深300正2,180,23,157,富邦-新店,2024-03-13,9661
2892,第一金,152,14,138,富邦-新店,2024-03-13,9661
3017,奇鋐,198,73,125,富邦-新店,2024-03-13,9661
2610,華航,129,9,120,富邦-新店,2024-03-13,9661
00720B,元大投資級公司債,131,14,117,富邦-新店,2024-03-13,9661
00679B,元大美債20年,128,18,110,富邦-新店,2024-03-13,9661
2376,技嘉,148,43,105,富邦-新店,2024-03-13,9661
00650L,復華香港正2,118,14,104,富邦-新店,2024-03-13,9661
3013,晟銘電,162,59,103,富邦-新店,2024-03-13,9661
00887,永豐中國科技50大,98,0,98,富邦-新店,2024-03-13,9661
4909,新復興,181,93,88,富邦-新店,2024-03-13,9661
00915,凱基優選高股息30,125,41,84,富邦-新店,2024-03-13,9661
3322,建舜電,143,59,84,富邦-新店,2024-03-13,9661
00918,大華優利高填息30,180,98,82,富邦-新店,2024-03-13,9661
2603,長榮,160,79,81,富邦-新店,2024-03-13,9661
00882,中信中國高股息,116,50,66,富邦-新店,2024-03-13,9661
2618,長榮航,90,26,64,富邦-新店,2024-03-13,9661
2002,中鋼,107,44,63,富邦-新店,2024-03-13,9661
2633,台灣高鐵,71,9,62,富邦-新店,2024-03-13,9661
2607,榮運,65,3,62,富邦-新店,2024-03-13,9661
6138,茂達,65,6,59,富邦-新店,2024-03-13,9661
3663,鑫科,57,3,54,富邦-新店,2024-03-13,9661
3041,揚智,79,27,52,富邦-新店,2024-03-13,9661
3303,岱稜,50,0,50,富邦-新店,2024-03-13,9661
3028,增你強,50,0,50,富邦-新店,2024-03-13,9661
4747,強生,44,0,44,富邦-新店,2024-03-13,9661
00712,復華富時不動產,57,15,42,富邦-新店,2024-03-13,9661
8210,勤誠,53,12,41,富邦-新店,2024-03-13,9661
2609,陽明,73,33,40,富邦-新店,2024-03-13,9661
1301,台塑,53,13,40,富邦-新店,2024-03-13,9661
6275,元山,220,182,38,富邦-新店,2024-03-13,9661
2317,鴻海,526,489,37,富邦-新店,2024-03-13,9661
2382,廣達,103,65,38,富邦-新店,2024-03-13,9661
3622,洋華,41,4,37,富邦-新店,2024-03-13,9661
00931B,統一美債20年,267,230,37,富邦-新店,2024-03-13,9661
6657,華安,36,0,36,富邦-新店,2024-03-13,9661
8011,台通,148,113,35,富邦-新店,2024-03-13,9661
00919,群益台灣精選高息,1388,595,793,富邦-新店,2024-03-14,9661
2889,國票金,659,75,584,富邦-新店,2024-03-14,9661
00937B,群益ESG投等債20,585,199,386,富邦-新店,2024-03-14,9661
00929,復華台灣科技優息,619,287,332,富邦-新店,2024-03-14,9661
00679B,元大美債20年,256,10,246,富邦-新店,2024-03-14,9661
1609,大亞,343,131,212,富邦-新店,2024-03-14,9661
6026,福邦證,337,150,187,富邦-新店,2024-03-14,9661
00687B,國泰20年美債,204,18,186,富邦-新店,2024-03-14,9661
3083,網龍,200,20,180,富邦-新店,2024-03-14,9661
00918,大華優利高填息30,224,52,172,富邦-新店,2024-03-14,9661
2618,長榮航,238,72,166,富邦-新店,2024-03-14,9661
3050,鈺德,182,54,128,富邦-新店,2024-03-14,9661
2603,長榮,149,28,121,富邦-新店,2024-03-14,9661
00646,元大S＆P500,115,1,114,富邦-新店,2024-03-14,9661
2344,華邦電,125,15,110,富邦-新店,2024-03-14,9661
2633,台灣高鐵,100,0,100,富邦-新店,2024-03-14,9661
2515,中工,116,28,88,富邦-新店,2024-03-14,9661
00753L,中信中國50正2,202,123,79,富邦-新店,2024-03-14,9661
9945,潤泰新,91,16,75,富邦-新店,2024-03-14,9661
2354,鴻準,134,61,73,富邦-新店,2024-03-14,9661
1445,大宇,71,0,71,富邦-新店,2024-03-14,9661
00915,凱基優選高股息30,165,95,70,富邦-新店,2024-03-14,9661
00751B,元大AAA至A公司債,72,6,66,富邦-新店,2024-03-14,9661
2442,新美齊,65,0,65,富邦-新店,2024-03-14,9661
00632R,元大台灣50反1,61,0,61,富邦-新店,2024-03-14,9661
3413,京鼎,68,13,55,富邦-新店,2024-03-14,9661
2888,新光金,72,18,54,富邦-新店,2024-03-14,9661
00706L,期元大S＆P日圓正2,52,0,52,富邦-新店,2024-03-14,9661
3702,大聯大,55,7,48,富邦-新店,2024-03-14,9661
4958,臻鼎-KY,49,5,44,富邦-新店,2024-03-14,9661
3149,正達,43,0,43,富邦-新店,2024-03-14,9661
6657,華安,43,0,43,富邦-新店,2024-03-14,9661
2382,廣達,64,22,42,富邦-新店,2024-03-14,9661
00900,富邦特選高股息30,86,44,42,富邦-新店,2024-03-14,9661
2406,國碩,45,5,40,富邦-新店,2024-03-14,9661
00675L,富邦臺灣加權正2,41,2,39,富邦-新店,2024-03-14,9661
6125,廣運,68,29,39,富邦-新店,2024-03-14,9661
00930,永豐ESG低碳高息,44,6,38,富邦-新店,2024-03-14,9661
6005,群益證,86,48,38,富邦-新店,2024-03-14,9661
2615,萬海,43,6,37,富邦-新店,2024-03-14,9661
2486,一詮,132,99,33,富邦-新店,2024-03-14,9661
0056,元大高股息,123,91,32,富邦-新店,2024-03-14,9661
00857B,永豐20年美公債,31,0,31,富邦-新店,2024-03-14,9661
1503,士電,127,96,31,富邦-新店,2024-03-14,9661
4979,華星光,63,33,30,富邦-新店,2024-03-14,9661
5225,東科-KY,31,2,29,富邦-新店,2024-03-14,9661
4906,正文,33,5,28,富邦-新店,2024-03-14,9661
00933B,國泰10Y+金融債,86,59,27,富邦-新店,2024-03-14,9661
4420,光明,28,1,27,富邦-新店,2024-03-14,9661
00923,群益台ESG低碳50,31,5,26,富邦-新店,2024-03-14,9661
2317,鴻海,2125,786,1339,富邦-新店,2024-03-15,9661
00919,群益台灣精選高息,986,314,672,富邦-新店,2024-03-15,9661
00941,中信上游半導體,586,164,422,富邦-新店,2024-03-15,9661
00937B,群益ESG投等債20,397,91,306,富邦-新店,2024-03-15,9661
00687B,國泰20年美債,293,15,278,富邦-新店,2024-03-15,9661
5243,乙盛-KY,288,26,262,富邦-新店,2024-03-15,9661
9902,台火,257,11,246,富邦-新店,2024-03-15,9661
2511,太子,170,0,170,富邦-新店,2024-03-15,9661
00751B,元大AAA至A公司債,388,240,148,富邦-新店,2024-03-15,9661
2354,鴻準,1992,1866,126,富邦-新店,2024-03-15,9661
00918,大華優利高填息30,127,5,122,富邦-新店,2024-03-15,9661
2897,王道銀行,120,0,120,富邦-新店,2024-03-15,9661
00679B,元大美債20年,153,36,117,富邦-新店,2024-03-15,9661
2618,長榮航,139,23,116,富邦-新店,2024-03-15,9661
00646,元大S＆P500,115,1,114,富邦-新店,2024-03-15,9661
2834,臺企銀,248,134,114,富邦-新店,2024-03-15,9661
2615,萬海,163,52,111,富邦-新店,2024-03-15,9661
00915,凱基優選高股息30,99,19,80,富邦-新店,2024-03-15,9661
3050,鈺德,222,148,74,富邦-新店,2024-03-15,9661
2633,台灣高鐵,73,1,72,富邦-新店,2024-03-15,9661
1303,南亞,71,0,71,富邦-新店,2024-03-15,9661
2330,台積電,99,37,62,富邦-新店,2024-03-15,9661
00753L,中信中國50正2,244,186,58,富邦-新店,2024-03-15,9661
8210,勤誠,61,6,55,富邦-新店,2024-03-15,9661
2836,高雄銀,51,0,51,富邦-新店,2024-03-15,9661
00720B,元大投資級公司債,51,2,49,富邦-新店,2024-03-15,9661
1815,富喬,68,19,49,富邦-新店,2024-03-15,9661
2356,英業達,80,32,48,富邦-新店,2024-03-15,9661
00680L,元大美債20正2,47,0,47,富邦-新店,2024-03-15,9661
3062,建漢,122,76,46,富邦-新店,2024-03-15,9661
1609,大亞,140,95,45,富邦-新店,2024-03-15,9661
2892,第一金,51,6,45,富邦-新店,2024-03-15,9661
1513,中興電,76,32,44,富邦-新店,2024-03-15,9661
2371,大同,72,28,44,富邦-新店,2024-03-15,9661
6275,元山,79,37,42,富邦-新店,2024-03-15,9661
5521,工信,41,0,41,富邦-新店,2024-03-15,9661
3005,神基,44,3,41,富邦-新店,2024-03-15,9661
00933B,國泰10Y+金融債,40,0,40,富邦-新店,2024-03-15,9661
4938,和碩,42,3,39,富邦-新店,2024-03-15,9661
2641,正德,48,10,38,富邦-新店,2024-03-15,9661
2484,希華,38,0,38,富邦-新店,2024-03-15,9661
00706L,期元大S＆P日圓正2,35,0,35,富邦-新店,2024-03-15,9661
2610,華航,57,24,33,富邦-新店,2024-03-15,9661
6438,迅得,35,3,32,富邦-新店,2024-03-15,9661
6187,萬潤,35,3,32,富邦-新店,2024-03-15,9661
3583,辛耘,36,5,31,富邦-新店,2024-03-15,9661
00857B,永豐20年美公債,31,0,31,富邦-新店,2024-03-15,9661
3622,洋華,35,4,31,富邦-新店,2024-03-15,9661
2344,華邦電,31,1,30,富邦-新店,2024-03-15,9661
00885,富邦越南,28,0,28,富邦-新店,2024-03-15,9661
00937B,群益ESG投等債20,2027,10,2017,富邦-新店,2024-03-18,9661
2317,鴻海,1303,313,990,富邦-新店,2024-03-18,9661
2316,楠梓電,820,17,803,富邦-新店,2024-03-18,9661
00919,群益台灣精選高息,635,81,554,富邦-新店,2024-03-18,9661
2618,長榮航,462,12,450,富邦-新店,2024-03-18,9661
00687B,國泰20年美債,355,2,353,富邦-新店,2024-03-18,9661
00679B,元大美債20年,248,26,222,富邦-新店,2024-03-18,9661
3191,雲嘉南,200,0,200,富邦-新店,2024-03-18,9661
00941,中信上游半導體,275,92,183,富邦-新店,2024-03-18,9661
1314,中石化,129,1,128,富邦-新店,2024-03-18,9661
3481,群創,137,10,127,富邦-新店,2024-03-18,9661
00706L,期元大S＆P日圓正2,116,0,116,富邦-新店,2024-03-18,9661
2337,旺宏,119,6,113,富邦-新店,2024-03-18,9661
2408,南亞科,117,7,110,富邦-新店,2024-03-18,9661
1409,新纖,100,1,99,富邦-新店,2024-03-18,9661
2009,第一銅,126,32,94,富邦-新店,2024-03-18,9661
00927,群益半導體收益,91,1,90,富邦-新店,2024-03-18,9661
2834,臺企銀,144,55,89,富邦-新店,2024-03-18,9661
2493,揚博,88,0,88,富邦-新店,2024-03-18,9661
2609,陽明,106,19,87,富邦-新店,2024-03-18,9661
1609,大亞,238,153,85,富邦-新店,2024-03-18,9661
2409,友達,81,4,77,富邦-新店,2024-03-18,9661
2405,輔信,85,13,72,富邦-新店,2024-03-18,9661
9927,泰銘,68,2,66,富邦-新店,2024-03-18,9661
00915,凱基優選高股息30,82,18,64,富邦-新店,2024-03-18,9661
00933B,國泰10Y+金融債,66,3,63,富邦-新店,2024-03-18,9661
00885,富邦越南,66,4,62,富邦-新店,2024-03-18,9661
00720B,元大投資級公司債,63,1,62,富邦-新店,2024-03-18,9661
00751B,元大AAA至A公司債,309,250,59,富邦-新店,2024-03-18,9661
5243,乙盛-KY,64,5,59,富邦-新店,2024-03-18,9661
2303,聯電,165,109,56,富邦-新店,2024-03-18,9661
00918,大華優利高填息30,69,14,55,富邦-新店,2024-03-18,9661
6138,茂達,51,1,50,富邦-新店,2024-03-18,9661
3322,建舜電,50,2,48,富邦-新店,2024-03-18,9661
2884,玉山金,127,80,47,富邦-新店,2024-03-18,9661
4958,臻鼎-KY,48,2,46,富邦-新店,2024-03-18,9661
2885,元大金,50,5,45,富邦-新店,2024-03-18,9661
2354,鴻準,87,42,45,富邦-新店,2024-03-18,9661
2888,新光金,158,113,45,富邦-新店,2024-03-18,9661
3294,英濟,66,22,44,富邦-新店,2024-03-18,9661
2465,麗臺,43,2,41,富邦-新店,2024-03-18,9661
1108,幸福,37,0,37,富邦-新店,2024-03-18,9661
3694,海華,39,3,36,富邦-新店,2024-03-18,9661
00680L,元大美債20正2,35,0,35,富邦-新店,2024-03-18,9661
8926,台汽電,37,3,34,富邦-新店,2024-03-18,9661
2353,宏��,66,33,33,富邦-新店,2024-03-18,9661
00688L,國泰20年美債正2,32,0,32,富邦-新店,2024-03-18,9661
2610,華航,38,7,31,富邦-新店,2024-03-18,9661
2367,燿華,76,45,31,富邦-新店,2024-03-18,9661
3450,聯鈞,32,1,31,富邦-新店,2024-03-18,9661
00929,復華台灣科技優息,1157,332,825,富邦-新店,2024-03-19,9661
6285,啟��,827,22,805,富邦-新店,2024-03-19,9661
6278,台表科,707,13,694,富邦-新店,2024-03-19,9661
00919,群益台灣精選高息,875,189,686,富邦-新店,2024-03-19,9661
2834,臺企銀,472,19,453,富邦-新店,2024-03-19,9661
4915,致伸,457,76,381,富邦-新店,2024-03-19,9661
00937B,群益ESG投等債20,398,19,379,富邦-新店,2024-03-19,9661
2603,長榮,441,117,324,富邦-新店,2024-03-19,9661
00930,永豐ESG低碳高息,204,11,193,富邦-新店,2024-03-19,9661
6121,新普,198,9,189,富邦-新店,2024-03-19,9661
00918,大華優利高填息30,238,76,162,富邦-新店,2024-03-19,9661
2888,新光金,162,12,150,富邦-新店,2024-03-19,9661
00687B,國泰20年美債,150,4,146,富邦-新店,2024-03-19,9661
00632R,元大台灣50反1,165,21,144,富邦-新店,2024-03-19,9661
5469,瀚宇博,161,32,129,富邦-新店,2024-03-19,9661
00679B,元大美債20年,143,15,128,富邦-新店,2024-03-19,9661
2892,第一金,136,10,126,富邦-新店,2024-03-19,9661
2353,宏��,130,12,118,富邦-新店,2024-03-19,9661
00941,中信上游半導體,133,18,115,富邦-新店,2024-03-19,9661
1101,台泥,102,2,100,富邦-新店,2024-03-19,9661
6176,瑞儀,143,48,95,富邦-新店,2024-03-19,9661
2362,藍天,168,82,86,富邦-新店,2024-03-19,9661
3029,零壹,61,1,60,富邦-新店,2024-03-19,9661
2801,彰銀,58,0,58,富邦-新店,2024-03-19,9661
2634,漢翔,61,6,55,富邦-新店,2024-03-19,9661
2367,燿華,109,56,53,富邦-新店,2024-03-19,9661
6005,群益證,54,1,53,富邦-新店,2024-03-19,9661
9907,統一實,53,1,52,富邦-新店,2024-03-19,9661
5201,凱衛,50,1,49,富邦-新店,2024-03-19,9661
6245,立端,45,0,45,富邦-新店,2024-03-19,9661
3005,神基,109,66,43,富邦-新店,2024-03-19,9661
00680L,元大美債20正2,42,0,42,富邦-新店,2024-03-19,9661
00706L,期元大S＆P日圓正2,42,0,42,富邦-新店,2024-03-19,9661
2049,上銀,44,4,40,富邦-新店,2024-03-19,9661
00921,兆豐龍頭等權重,40,0,40,富邦-新店,2024-03-19,9661
00673R,期元大S＆P原油反1,40,0,40,富邦-新店,2024-03-19,9661
2889,國票金,41,2,39,富邦-新店,2024-03-19,9661
2409,友達,56,17,39,富邦-新店,2024-03-19,9661
3211,順達,61,22,39,富邦-新店,2024-03-19,9661
3050,鈺德,40,1,39,富邦-新店,2024-03-19,9661
2449,京元電子,66,27,39,富邦-新店,2024-03-19,9661
5608,四維航,36,0,36,富邦-新店,2024-03-19,9661
5483,中美晶,110,75,35,富邦-新店,2024-03-19,9661
2329,華泰,53,18,35,富邦-新店,2024-03-19,9661
00688L,國泰20年美債正2,33,0,33,富邦-新店,2024-03-19,9661
3715,定穎投控,35,3,32,富邦-新店,2024-03-19,9661
2464,盟立,75,43,32,富邦-新店,2024-03-19,9661
00712,復華富時不動產,32,1,31,富邦-新店,2024-03-19,9661
2492,華新科,33,2,31,富邦-新店,2024-03-19,9661
5880,合庫金,42,12,30,富邦-新店,2024-03-19,9661
00919,群益台灣精選高息,14123,275,13848,富邦-新店,2024-03-20,9661
2317,鴻海,2943,322,2621,富邦-新店,2024-03-20,9661
00939,統一台灣高息動能,2378,330,2048,富邦-新店,2024-03-20,9661
00937B,群益ESG投等債20,542,108,434,富邦-新店,2024-03-20,9661
5388,中磊,423,32,391,富邦-新店,2024-03-20,9661
3704,合勤控,317,11,306,富邦-新店,2024-03-20,9661
5347,世界,359,154,205,富邦-新店,2024-03-20,9661
2354,鴻準,486,301,185,富邦-新店,2024-03-20,9661
6176,瑞儀,197,56,141,富邦-新店,2024-03-20,9661
6753,龍德造船,200,63,137,富邦-新店,2024-03-20,9661
6121,新普,129,14,115,富邦-新店,2024-03-20,9661
3289,宜特,103,0,103,富邦-新店,2024-03-20,9661
00669R,國泰美國道瓊反1,100,0,100,富邦-新店,2024-03-20,9661
00632R,元大台灣50反1,121,21,100,富邦-新店,2024-03-20,9661
4915,致伸,112,18,94,富邦-新店,2024-03-20,9661
5469,瀚宇博,140,46,94,富邦-新店,2024-03-20,9661
8085,福華,90,0,90,富邦-新店,2024-03-20,9661
2382,廣達,135,46,89,富邦-新店,2024-03-20,9661
6414,樺漢,112,31,81,富邦-新店,2024-03-20,9661
3029,零壹,89,8,81,富邦-新店,2024-03-20,9661
2356,英業達,181,102,79,富邦-新店,2024-03-20,9661
2892,第一金,79,5,74,富邦-新店,2024-03-20,9661
3231,緯創,176,103,73,富邦-新店,2024-03-20,9661
2618,長榮航,106,33,73,富邦-新店,2024-03-20,9661
2603,長榮,180,112,68,富邦-新店,2024-03-20,9661
00687B,國泰20年美債,66,0,66,富邦-新店,2024-03-20,9661
2344,華邦電,131,67,64,富邦-新店,2024-03-20,9661
3481,群創,80,16,64,富邦-新店,2024-03-20,9661
2897,王道銀行,71,14,57,富邦-新店,2024-03-20,9661
6146,耕興,66,9,57,富邦-新店,2024-03-20,9661
2406,國碩,76,20,56,富邦-新店,2024-03-20,9661
1303,南亞,57,2,55,富邦-新店,2024-03-20,9661
1734,杏輝,51,0,51,富邦-新店,2024-03-20,9661
00923,群益台ESG低碳50,51,0,51,富邦-新店,2024-03-20,9661
00878,國泰永續高股息,181,131,50,富邦-新店,2024-03-20,9661
1603,華電,47,0,47,富邦-新店,2024-03-20,9661
1442,名軒,50,4,46,富邦-新店,2024-03-20,9661
00927,群益半導體收益,49,3,46,富邦-新店,2024-03-20,9661
1101,台泥,177,132,45,富邦-新店,2024-03-20,9661
6005,群益證,46,1,45,富邦-新店,2024-03-20,9661
2371,大同,65,20,45,富邦-新店,2024-03-20,9661
2645,長榮航太,44,2,42,富邦-新店,2024-03-20,9661
1301,台塑,52,12,40,富邦-新店,2024-03-20,9661
3014,聯陽,58,18,40,富邦-新店,2024-03-20,9661
00857B,永豐20年美公債,42,3,39,富邦-新店,2024-03-20,9661
4938,和碩,201,163,38,富邦-新店,2024-03-20,9661
1444,力麗,46,9,37,富邦-新店,2024-03-20,9661
2883,凱基金,92,57,35,富邦-新店,2024-03-20,9661
4714,永捷,53,19,34,富邦-新店,2024-03-20,9661
2313,華通,42,9,33,富邦-新店,2024-03-20,9661
2317,鴻海,2615,193,2422,富邦-新店,2024-03-21,9661
2891,中信金,2000,44,1956,富邦-新店,2024-03-21,9661
6005,群益證,1353,26,1327,富邦-新店,2024-03-21,9661
1504,東元,1164,139,1025,富邦-新店,2024-03-21,9661
00919,群益台灣精選高息,825,260,565,富邦-新店,2024-03-21,9661
00937B,群益ESG投等債20,553,5,548,富邦-新店,2024-03-21,9661
00632R,元大台灣50反1,589,70,519,富邦-新店,2024-03-21,9661
00939,統一台灣高息動能,725,216,509,富邦-新店,2024-03-21,9661
5469,瀚宇博,596,204,392,富邦-新店,2024-03-21,9661
3083,網龍,339,20,319,富邦-新店,2024-03-21,9661
2897,王道銀行,262,2,260,富邦-新店,2024-03-21,9661
8112,至上,282,74,208,富邦-新店,2024-03-21,9661
2383,台光電,245,65,180,富邦-新店,2024-03-21,9661
2611,志信,183,12,171,富邦-新店,2024-03-21,9661
00680L,元大美債20正2,161,0,161,富邦-新店,2024-03-21,9661
00637L,元大滬深300正2,145,5,140,富邦-新店,2024-03-21,9661
2362,藍天,135,11,124,富邦-新店,2024-03-21,9661
00795B,中信美國公債20年,132,16,116,富邦-新店,2024-03-21,9661
00929,復華台灣科技優息,267,159,108,富邦-新店,2024-03-21,9661
3498,陽程,108,10,98,富邦-新店,2024-03-21,9661
00713,元大台灣高息低波,100,27,73,富邦-新店,2024-03-21,9661
4958,臻鼎-KY,84,15,69,富邦-新店,2024-03-21,9661
5519,隆大,72,3,69,富邦-新店,2024-03-21,9661
3059,華晶科,71,3,68,富邦-新店,2024-03-21,9661
2834,臺企銀,89,21,68,富邦-新店,2024-03-21,9661
00687B,國泰20年美債,66,3,63,富邦-新店,2024-03-21,9661
00688L,國泰20年美債正2,61,0,61,富邦-新店,2024-03-21,9661
8085,福華,59,1,58,富邦-新店,2024-03-21,9661
2405,輔信,127,73,54,富邦-新店,2024-03-21,9661
4938,和碩,92,40,52,富邦-新店,2024-03-21,9661
2465,麗臺,51,5,46,富邦-新店,2024-03-21,9661
00857B,永豐20年美公債,46,0,46,富邦-新店,2024-03-21,9661
5225,東科-KY,46,1,45,富邦-新店,2024-03-21,9661
00720B,元大投資級公司債,104,60,44,富邦-新店,2024-03-21,9661
3078,僑威,42,0,42,富邦-新店,2024-03-21,9661
3041,揚智,92,50,42,富邦-新店,2024-03-21,9661
1815,富喬,62,21,41,富邦-新店,2024-03-21,9661
6015,宏遠證,51,11,40,富邦-新店,2024-03-21,9661
2301,光寶科,88,48,40,富邦-新店,2024-03-21,9661
9958,世紀鋼,50,11,39,富邦-新店,2024-03-21,9661
2313,華通,60,22,38,富邦-新店,2024-03-21,9661
3576,聯合再生,124,86,38,富邦-新店,2024-03-21,9661
2605,新興,36,0,36,富邦-新店,2024-03-21,9661
2606,裕民,45,11,34,富邦-新店,2024-03-21,9661
8163,達方,31,1,30,富邦-新店,2024-03-21,9661
3033,威健,107,80,27,富邦-新店,2024-03-21,9661
00664R,國泰臺灣加權反1,26,0,26,富邦-新店,2024-03-21,9661
3450,聯鈞,54,28,26,富邦-新店,2024-03-21,9661
6125,廣運,39,14,25,富邦-新店,2024-03-21,9661
6806,森崴能源,38,13,25,富邦-新店,2024-03-21,9661
3062,建漢,4315,48,4267,富邦-新店,2024-03-22,9661
2317,鴻海,1171,208,963,富邦-新店,2024-03-22,9661
00937B,群益ESG投等債20,1237,758,479,富邦-新店,2024-03-22,9661
1795,美時,399,9,390,富邦-新店,2024-03-22,9661
00939,統一台灣高息動能,568,193,375,富邦-新店,2024-03-22,9661
00941,中信上游半導體,224,44,180,富邦-新店,2024-03-22,9661
3704,合勤控,190,30,160,富邦-新店,2024-03-22,9661
2881,富邦金,165,6,159,富邦-新店,2024-03-22,9661
2308,台達電,306,157,149,富邦-新店,2024-03-22,9661
2353,宏��,304,185,119,富邦-新店,2024-03-22,9661
00713,元大台灣高息低波,152,41,111,富邦-新店,2024-03-22,9661
00632R,元大台灣50反1,121,14,107,富邦-新店,2024-03-22,9661
2303,聯電,149,56,93,富邦-新店,2024-03-22,9661
00680L,元大美債20正2,94,8,86,富邦-新店,2024-03-22,9661
2809,京城銀,93,23,70,富邦-新店,2024-03-22,9661
1809,中釉,83,14,69,富邦-新店,2024-03-22,9661
3706,神達,306,243,63,富邦-新店,2024-03-22,9661
3481,群創,220,157,63,富邦-新店,2024-03-22,9661
2897,王道銀行,61,2,59,富邦-新店,2024-03-22,9661
2376,技嘉,140,83,57,富邦-新店,2024-03-22,9661
1504,東元,82,25,57,富邦-新店,2024-03-22,9661
00891,中信關鍵半導體,67,10,57,富邦-新店,2024-03-22,9661
3588,通嘉,56,0,56,富邦-新店,2024-03-22,9661
1101,台泥,58,3,55,富邦-新店,2024-03-22,9661
2504,國產,53,0,53,富邦-新店,2024-03-22,9661
3264,欣銓,60,7,53,富邦-新店,2024-03-22,9661
00671R,富邦NASDAQ反1,51,0,51,富邦-新店,2024-03-22,9661
2408,南亞科,156,106,50,富邦-新店,2024-03-22,9661
3498,陽程,55,10,45,富邦-新店,2024-03-22,9661
2027,大成鋼,102,58,44,富邦-新店,2024-03-22,9661
3041,揚智,76,33,43,富邦-新店,2024-03-22,9661
2006,東和鋼鐵,43,0,43,富邦-新店,2024-03-22,9661
6005,群益證,161,119,42,富邦-新店,2024-03-22,9661
2406,國碩,143,101,42,富邦-新店,2024-03-22,9661
2886,兆豐金,45,5,40,富邦-新店,2024-03-22,9661
00637L,元大滬深300正2,77,37,40,富邦-新店,2024-03-22,9661
3005,神基,57,17,40,富邦-新店,2024-03-22,9661
2344,華邦電,115,76,39,富邦-新店,2024-03-22,9661
00753L,中信中國50正2,339,302,37,富邦-新店,2024-03-22,9661
6753,龍德造船,96,60,36,富邦-新店,2024-03-22,9661
2031,新光鋼,37,2,35,富邦-新店,2024-03-22,9661
5457,宣德,33,0,33,富邦-新店,2024-03-22,9661
2354,鴻準,91,59,32,富邦-新店,2024-03-22,9661
2371,大同,52,21,31,富邦-新店,2024-03-22,9661
8021,尖點,30,0,30,富邦-新店,2024-03-22,9661
1513,中興電,59,29,30,富邦-新店,2024-03-22,9661
1301,台塑,35,5,30,富邦-新店,2024-03-22,9661
2515,中工,30,1,29,富邦-新店,2024-03-22,9661
00633L,富邦上証正2,31,2,29,富邦-新店,2024-03-22,9661
4303,信立,33,4,29,富邦-新店,2024-03-22,9661
2371,大同,1093,123,970,富邦-新店,2024-03-25,9661
00937B,群益ESG投等債20,998,328,670,富邦-新店,2024-03-25,9661
2308,台達電,476,57,419,富邦-新店,2024-03-25,9661
4526,東台,434,38,396,富邦-新店,2024-03-25,9661
00929,復華台灣科技優息,453,225,228,富邦-新店,2024-03-25,9661
2356,英業達,313,125,188,富邦-新店,2024-03-25,9661
6414,樺漢,227,43,184,富邦-新店,2024-03-25,9661
00919,群益台灣精選高息,370,187,183,富邦-新店,2024-03-25,9661
00679B,元大美債20年,168,12,156,富邦-新店,2024-03-25,9661
1609,大亞,390,237,153,富邦-新店,2024-03-25,9661
00939,統一台灣高息動能,280,161,119,富邦-新店,2024-03-25,9661
2883B,凱基金乙特,94,0,94,富邦-新店,2024-03-25,9661
2884,玉山金,110,24,86,富邦-新店,2024-03-25,9661
1815,富喬,119,44,75,富邦-新店,2024-03-25,9661
3033,威健,86,15,71,富邦-新店,2024-03-25,9661
5515,建國,70,0,70,富邦-新店,2024-03-25,9661
3037,欣興,78,10,68,富邦-新店,2024-03-25,9661
00720B,元大投資級公司債,224,160,64,富邦-新店,2024-03-25,9661
2633,台灣高鐵,65,3,62,富邦-新店,2024-03-25,9661
4157,太景*-KY,61,0,61,富邦-新店,2024-03-25,9661
00933B,國泰10Y+金融債,63,6,57,富邦-新店,2024-03-25,9661
3231,緯創,94,38,56,富邦-新店,2024-03-25,9661
2354,鴻準,109,57,52,富邦-新店,2024-03-25,9661
6197,佳必琪,79,28,51,富邦-新店,2024-03-25,9661
3704,合勤控,70,19,51,富邦-新店,2024-03-25,9661
00680L,元大美債20正2,80,31,49,富邦-新店,2024-03-25,9661
3062,建漢,113,68,45,富邦-新店,2024-03-25,9661
1612,宏泰,66,22,44,富邦-新店,2024-03-25,9661
3706,神達,95,52,43,富邦-新店,2024-03-25,9661
1795,美時,79,36,43,富邦-新店,2024-03-25,9661
2303,聯電,137,94,43,富邦-新店,2024-03-25,9661
8011,台通,42,0,42,富邦-新店,2024-03-25,9661
1618,合機,107,66,41,富邦-新店,2024-03-25,9661
6770,力積電,59,22,37,富邦-新店,2024-03-25,9661
00923,群益台ESG低碳50,44,7,37,富邦-新店,2024-03-25,9661
4109,加捷生醫,36,0,36,富邦-新店,2024-03-25,9661
1605,華新,50,14,36,富邦-新店,2024-03-25,9661
2515,中工,101,66,35,富邦-新店,2024-03-25,9661
6245,立端,36,3,33,富邦-新店,2024-03-25,9661
2449,京元電子,40,7,33,富邦-新店,2024-03-25,9661
9941,裕融,33,1,32,富邦-新店,2024-03-25,9661
2838,聯邦銀,30,0,30,富邦-新店,2024-03-25,9661
6443,元晶,58,28,30,富邦-新店,2024-03-25,9661
5292,華懋,29,0,29,富邦-新店,2024-03-25,9661
3484,崧騰,30,1,29,富邦-新店,2024-03-25,9661
8043,蜜望實,26,0,26,富邦-新店,2024-03-25,9661
4915,致伸,28,2,26,富邦-新店,2024-03-25,9661
00712,復華富時不動產,25,0,25,富邦-新店,2024-03-25,9661
3545,敦泰,30,5,25,富邦-新店,2024-03-25,9661
00878,國泰永續高股息,117,93,24,富邦-新店,2024-03-25,9661
00939,統一台灣高息動能,474,93,381,富邦-新店,2024-03-26,9661
00937B,群益ESG投等債20,567,319,248,富邦-新店,2024-03-26,9661
1616,億泰,231,14,217,富邦-新店,2024-03-26,9661
2303,聯電,283,90,193,富邦-新店,2024-03-26,9661
3191,雲嘉南,174,0,174,富邦-新店,2024-03-26,9661
00941,中信上游半導體,253,116,137,富邦-新店,2024-03-26,9661
3231,緯創,228,94,134,富邦-新店,2024-03-26,9661
1795,美時,122,8,114,富邦-新店,2024-03-26,9661
00882,中信中國高股息,113,5,108,富邦-新店,2024-03-26,9661
2356,英業達,219,114,105,富邦-新店,2024-03-26,9661
5426,振發,140,37,103,富邦-新店,2024-03-26,9661
9105,泰金寶-DR,115,19,96,富邦-新店,2024-03-26,9661
1603,華電,135,45,90,富邦-新店,2024-03-26,9661
3294,英濟,91,9,82,富邦-新店,2024-03-26,9661
6770,力積電,92,16,76,富邦-新店,2024-03-26,9661
2486,一詮,110,34,76,富邦-新店,2024-03-26,9661
6125,廣運,132,67,65,富邦-新店,2024-03-26,9661
2312,金寶,60,0,60,富邦-新店,2024-03-26,9661
2353,宏��,75,16,59,富邦-新店,2024-03-26,9661
00679B,元大美債20年,124,68,56,富邦-新店,2024-03-26,9661
6233,旺玖,68,12,56,富邦-新店,2024-03-26,9661
2537,聯上發,57,6,51,富邦-新店,2024-03-26,9661
2609,陽明,74,24,50,富邦-新店,2024-03-26,9661
3260,威剛,59,9,50,富邦-新店,2024-03-26,9661
2633,台灣高鐵,60,11,49,富邦-新店,2024-03-26,9661
2406,國碩,48,0,48,富邦-新店,2024-03-26,9661
00688L,國泰20年美債正2,50,3,47,富邦-新店,2024-03-26,9661
1504,東元,136,90,46,富邦-新店,2024-03-26,9661
2352,佳世達,73,27,46,富邦-新店,2024-03-26,9661
5880,合庫金,52,6,46,富邦-新店,2024-03-26,9661
00720B,元大投資級公司債,46,1,45,富邦-新店,2024-03-26,9661
2834,臺企銀,55,10,45,富邦-新店,2024-03-26,9661
2915,潤泰全,46,1,45,富邦-新店,2024-03-26,9661
1314,中石化,51,11,40,富邦-新店,2024-03-26,9661
2883,凱基金,86,48,38,富邦-新店,2024-03-26,9661
2464,盟立,53,15,38,富邦-新店,2024-03-26,9661
2365,昆盈,85,49,36,富邦-新店,2024-03-26,9661
3689,湧德,58,22,36,富邦-新店,2024-03-26,9661
4303,信立,36,0,36,富邦-新店,2024-03-26,9661
2388,威盛,67,32,35,富邦-新店,2024-03-26,9661
1615,大山,38,3,35,富邦-新店,2024-03-26,9661
6147,頎邦,54,21,33,富邦-新店,2024-03-26,9661
00632R,元大台灣50反1,158,125,33,富邦-新店,2024-03-26,9661
1449,佳和,31,0,31,富邦-新店,2024-03-26,9661
1436,華友聯,30,0,30,富邦-新店,2024-03-26,9661
3596,智易,32,4,28,富邦-新店,2024-03-26,9661
4979,華星光,58,31,27,富邦-新店,2024-03-26,9661
6257,矽格,42,15,27,富邦-新店,2024-03-26,9661
00878,國泰永續高股息,261,234,27,富邦-新店,2024-03-26,9661
2615,萬海,36,10,26,富邦-新店,2024-03-26,9661
2354,鴻準,1596,338,1258,富邦-新店,2024-03-27,9661
4958,臻鼎-KY,530,8,522,富邦-新店,2024-03-27,9661
00937B,群益ESG投等債20,720,344,376,富邦-新店,2024-03-27,9661
6197,佳必琪,276,82,194,富邦-新店,2024-03-27,9661
00939,統一台灣高息動能,282,93,189,富邦-新店,2024-03-27,9661
2371,大同,348,169,179,富邦-新店,2024-03-27,9661
00632R,元大台灣50反1,151,0,151,富邦-新店,2024-03-27,9661
00941,中信上游半導體,158,21,137,富邦-新店,2024-03-27,9661
2303,聯電,170,38,132,富邦-新店,2024-03-27,9661
3533,嘉澤,115,1,114,富邦-新店,2024-03-27,9661
1603,華電,316,208,108,富邦-新店,2024-03-27,9661
1608,華榮,268,179,89,富邦-新店,2024-03-27,9661
00679B,元大美債20年,123,37,86,富邦-新店,2024-03-27,9661
2356,英業達,169,95,74,富邦-新店,2024-03-27,9661
2301,光寶科,88,14,74,富邦-新店,2024-03-27,9661
1471,首利,72,0,72,富邦-新店,2024-03-27,9661
1513,中興電,136,74,62,富邦-新店,2024-03-27,9661
1808,潤隆,83,21,62,富邦-新店,2024-03-27,9661
2392,正崴,77,17,60,富邦-新店,2024-03-27,9661
3231,緯創,73,15,58,富邦-新店,2024-03-27,9661
2611,志信,56,0,56,富邦-新店,2024-03-27,9661
1314,中石化,64,17,47,富邦-新店,2024-03-27,9661
00878,國泰永續高股息,99,57,42,富邦-新店,2024-03-27,9661
4541,晟田,40,0,40,富邦-新店,2024-03-27,9661
5531,鄉林,42,2,40,富邦-新店,2024-03-27,9661
3481,群創,53,15,38,富邦-新店,2024-03-27,9661
3027,盛達,47,10,37,富邦-新店,2024-03-27,9661
1785,光洋科,48,12,36,富邦-新店,2024-03-27,9661
0056,元大高股息,71,36,35,富邦-新店,2024-03-27,9661
2368,金像電,50,17,33,富邦-新店,2024-03-27,9661
2352,佳世達,43,12,31,富邦-新店,2024-03-27,9661
1442,名軒,28,1,27,富邦-新店,2024-03-27,9661
3376,新日興,47,21,26,富邦-新店,2024-03-27,9661
2337,旺宏,25,0,25,富邦-新店,2024-03-27,9661
6188,廣明,41,17,24,富邦-新店,2024-03-27,9661
3013,晟銘電,87,63,24,富邦-新店,2024-03-27,9661
3701,大眾控,24,0,24,富邦-新店,2024-03-27,9661
00857B,永豐20年美公債,24,0,24,富邦-新店,2024-03-27,9661
6176,瑞儀,78,55,23,富邦-新店,2024-03-27,9661
00665L,富邦�琤肭磪囓�2,25,2,23,富邦-新店,2024-03-27,9661
1795,美時,42,19,23,富邦-新店,2024-03-27,9661
6875,國邑*,33,11,22,富邦-新店,2024-03-27,9661
6215,和椿,39,17,22,富邦-新店,2024-03-27,9661
8110,華東,26,4,22,富邦-新店,2024-03-27,9661
00650L,復華香港正2,22,0,22,富邦-新店,2024-03-27,9661
2884,玉山金,27,6,21,富邦-新店,2024-03-27,9661
2367,燿華,64,44,20,富邦-新店,2024-03-27,9661
2890,永豐金,20,0,20,富邦-新店,2024-03-27,9661
3508,位速,20,0,20,富邦-新店,2024-03-27,9661
2025,千興,20,0,20,富邦-新店,2024-03-27,9661
00919,群益台灣精選高息,2393,481,1912,富邦-新店,2024-03-28,9661
4958,臻鼎-KY,1784,72,1712,富邦-新店,2024-03-28,9661
3062,建漢,2503,1431,1072,富邦-新店,2024-03-28,9661
1609,大亞,596,92,504,富邦-新店,2024-03-28,9661
2371,大同,759,382,377,富邦-新店,2024-03-28,9661
00669R,國泰美國道瓊反1,311,0,311,富邦-新店,2024-03-28,9661
2883,凱基金,259,51,208,富邦-新店,2024-03-28,9661
2888,新光金,199,8,191,富邦-新店,2024-03-28,9661
00937B,群益ESG投等債20,474,307,167,富邦-新店,2024-03-28,9661
00632R,元大台灣50反1,135,10,125,富邦-新店,2024-03-28,9661
00676R,富邦臺灣加權反1,100,0,100,富邦-新店,2024-03-28,9661
3706,神達,145,45,100,富邦-新店,2024-03-28,9661
6197,佳必琪,105,15,90,富邦-新店,2024-03-28,9661
5469,瀚宇博,96,15,81,富邦-新店,2024-03-28,9661
5324,士開,80,0,80,富邦-新店,2024-03-28,9661
00941,中信上游半導體,94,18,76,富邦-新店,2024-03-28,9661
00664R,國泰臺灣加權反1,70,0,70,富邦-新店,2024-03-28,9661
1440,南紡,65,0,65,富邦-新店,2024-03-28,9661
3498,陽程,76,18,58,富邦-新店,2024-03-28,9661
3005,神基,84,27,57,富邦-新店,2024-03-28,9661
3704,合勤控,64,7,57,富邦-新店,2024-03-28,9661
2633,台灣高鐵,60,4,56,富邦-新店,2024-03-28,9661
2353,宏��,78,25,53,富邦-新店,2024-03-28,9661
2607,榮運,56,6,50,富邦-新店,2024-03-28,9661
5483,中美晶,77,29,48,富邦-新店,2024-03-28,9661
2834,臺企銀,53,4,49,富邦-新店,2024-03-28,9661
2301,光寶科,94,47,47,富邦-新店,2024-03-28,9661
2337,旺宏,50,3,47,富邦-新店,2024-03-28,9661
4909,新復興,80,35,45,富邦-新店,2024-03-28,9661
1605,華新,54,10,44,富邦-新店,2024-03-28,9661
1608,華榮,473,429,44,富邦-新店,2024-03-28,9661
00931B,統一美債20年,645,601,44,富邦-新店,2024-03-28,9661
6657,華安,44,1,43,富邦-新店,2024-03-28,9661
0056,元大高股息,49,7,42,富邦-新店,2024-03-28,9661
8085,福華,69,28,41,富邦-新店,2024-03-28,9661
1301,台塑,39,0,39,富邦-新店,2024-03-28,9661
6244,茂迪,55,16,39,富邦-新店,2024-03-28,9661
2884,玉山金,47,11,36,富邦-新店,2024-03-28,9661
6191,精成科,57,24,33,富邦-新店,2024-03-28,9661
3669,圓展,31,0,31,富邦-新店,2024-03-28,9661
00882,中信中國高股息,45,15,30,富邦-新店,2024-03-28,9661
3231,緯創,89,59,30,富邦-新店,2024-03-28,9661
8467,波力-KY,42,13,29,富邦-新店,2024-03-28,9661
3372,典範,30,1,29,富邦-新店,2024-03-28,9661
2634,漢翔,75,47,28,富邦-新店,2024-03-28,9661
7402,邑錡,41,14,27,富邦-新店,2024-03-28,9661
2421,建準,49,21,28,富邦-新店,2024-03-28,9661
2880,華南金,29,2,27,富邦-新店,2024-03-28,9661
5439,高技,32,6,26,富邦-新店,2024-03-28,9661
4714,永捷,69,43,26,富邦-新店,2024-03-28,9661
6197,佳必琪,601,39,562,富邦-新店,2024-03-29,9661
1609,大亞,584,132,452,富邦-新店,2024-03-29,9661
2308,台達電,343,20,323,富邦-新店,2024-03-29,9661
6213,聯茂,217,53,164,富邦-新店,2024-03-29,9661
00937B,群益ESG投等債20,400,245,155,富邦-新店,2024-03-29,9661
2897,王道銀行,150,0,150,富邦-新店,2024-03-29,9661
00929,復華台灣科技優息,204,58,146,富邦-新店,2024-03-29,9661
2371,大同,161,54,107,富邦-新店,2024-03-29,9661
5426,振發,110,10,100,富邦-新店,2024-03-29,9661
00939,統一台灣高息動能,100,8,92,富邦-新店,2024-03-29,9661
6657,華安,85,0,85,富邦-新店,2024-03-29,9661
3062,建漢,100,26,74,富邦-新店,2024-03-29,9661
2633,台灣高鐵,70,0,70,富邦-新店,2024-03-29,9661
3712,永崴投控,67,0,67,富邦-新店,2024-03-29,9661
2324,仁寶,82,19,63,富邦-新店,2024-03-29,9661
2105,正新,60,1,59,富邦-新店,2024-03-29,9661
2344,華邦電,61,5,56,富邦-新店,2024-03-29,9661
2354,鴻準,126,73,53,富邦-新店,2024-03-29,9661
4720,德淵,50,0,50,富邦-新店,2024-03-29,9661
00679B,元大美債20年,88,40,48,富邦-新店,2024-03-29,9661
8054,安國,91,48,43,富邦-新店,2024-03-29,9661
00857B,永豐20年美公債,43,1,42,富邦-新店,2024-03-29,9661
6116,彩晶,42,1,41,富邦-新店,2024-03-29,9661
3450,聯鈞,65,25,40,富邦-新店,2024-03-29,9661
4728,雙美,39,0,39,富邦-新店,2024-03-29,9661
2486,一詮,59,21,38,富邦-新店,2024-03-29,9661
2301,光寶科,89,52,37,富邦-新店,2024-03-29,9661
2312,金寶,36,0,36,富邦-新店,2024-03-29,9661
3376,新日興,72,39,33,富邦-新店,2024-03-29,9661
1314,中石化,33,1,32,富邦-新店,2024-03-29,9661
1608,華榮,263,231,32,富邦-新店,2024-03-29,9661
3708,上緯投控,49,18,31,富邦-新店,2024-03-29,9661
3706,神達,84,53,31,富邦-新店,2024-03-29,9661
1701,中化,30,0,30,富邦-新店,2024-03-29,9661
00941,中信上游半導體,159,129,30,富邦-新店,2024-03-29,9661
8033,雷虎,32,4,28,富邦-新店,2024-03-29,9661
2406,國碩,28,2,26,富邦-新店,2024-03-29,9661
2468,華經,54,28,26,富邦-新店,2024-03-29,9661
00664R,國泰臺灣加權反1,25,0,25,富邦-新店,2024-03-29,9661
00850,元大臺灣ESG永續,30,5,25,富邦-新店,2024-03-29,9661
00713,元大台灣高息低波,37,13,24,富邦-新店,2024-03-29,9661
6753,龍德造船,27,5,22,富邦-新店,2024-03-29,9661
1808,潤隆,24,2,22,富邦-新店,2024-03-29,9661
8110,華東,20,0,20,富邦-新店,2024-03-29,9661
5388,中磊,25,5,20,富邦-新店,2024-03-29,9661
3703,欣陸,28,9,19,富邦-新店,2024-03-29,9661
4714,永捷,23,4,19,富邦-新店,2024-03-29,9661
00885,富邦越南,24,5,19,富邦-新店,2024-03-29,9661
2888,新光金,24,6,18,富邦-新店,2024-03-29,9661
8932,智通*,18,0,18,富邦-新店,2024-03-29,9661
00940,元大台灣價值高息,3982,350,3632,富邦-新店,2024-04-01,9661
00937B,群益ESG投等債20,790,108,682,富邦-新店,2024-04-01,9661
8033,雷虎,603,58,545,富邦-新店,2024-04-01,9661
4958,臻鼎-KY,306,22,284,富邦-新店,2024-04-01,9661
2354,鴻準,313,81,232,富邦-新店,2024-04-01,9661
2891,中信金,211,15,196,富邦-新店,2024-04-01,9661
00632R,元大台灣50反1,196,3,193,富邦-新店,2024-04-01,9661
00919,群益台灣精選高息,312,130,182,富邦-新店,2024-04-01,9661
2328,廣宇,177,6,171,富邦-新店,2024-04-01,9661
2855,統一證,144,5,139,富邦-新店,2024-04-01,9661
00941,中信上游半導體,136,2,134,富邦-新店,2024-04-01,9661
2303,聯電,153,34,119,富邦-新店,2024-04-01,9661
0056,元大高股息,132,13,119,富邦-新店,2024-04-01,9661
3231,緯創,209,99,110,富邦-新店,2024-04-01,9661
2897,王道銀行,100,3,97,富邦-新店,2024-04-01,9661
3673,TPK-KY,104,9,95,富邦-新店,2024-04-01,9661
00878,國泰永續高股息,132,38,94,富邦-新店,2024-04-01,9661
3092,鴻碩,89,0,89,富邦-新店,2024-04-01,9661
3363,上詮,87,6,81,富邦-新店,2024-04-01,9661
2382,廣達,183,103,80,富邦-新店,2024-04-01,9661
1104,環泥,80,1,79,富邦-新店,2024-04-01,9661
2493,揚博,69,1,68,富邦-新店,2024-04-01,9661
2884,玉山金,97,37,60,富邦-新店,2024-04-01,9661
2603,長榮,85,28,57,富邦-新店,2024-04-01,9661
00687B,國泰20年美債,88,32,56,富邦-新店,2024-04-01,9661
1608,華榮,59,7,52,富邦-新店,2024-04-01,9661
2356,英業達,172,120,52,富邦-新店,2024-04-01,9661
3551,世禾,52,2,50,富邦-新店,2024-04-01,9661
4720,德淵,50,0,50,富邦-新店,2024-04-01,9661
8085,福華,52,7,45,富邦-新店,2024-04-01,9661
8261,富鼎,44,0,44,富邦-新店,2024-04-01,9661
4938,和碩,55,12,43,富邦-新店,2024-04-01,9661
1504,東元,65,22,43,富邦-新店,2024-04-01,9661
4931,新盛力,41,0,41,富邦-新店,2024-04-01,9661
6197,佳必琪,552,512,40,富邦-新店,2024-04-01,9661
00935,野村臺灣新科技50,42,1,41,富邦-新店,2024-04-01,9661
1316,上曜,61,24,37,富邦-新店,2024-04-01,9661
3711,日月光投控,40,5,35,富邦-新店,2024-04-01,9661
2834,臺企銀,36,2,34,富邦-新店,2024-04-01,9661
4303,信立,56,22,34,富邦-新店,2024-04-01,9661
00939,統一台灣高息動能,114,80,34,富邦-新店,2024-04-01,9661
4909,新復興,60,28,32,富邦-新店,2024-04-01,9661
6116,彩晶,30,0,30,富邦-新店,2024-04-01,9661
1513,中興電,65,35,30,富邦-新店,2024-04-01,9661
5432,新門,33,4,29,富邦-新店,2024-04-01,9661
3498,陽程,30,1,29,富邦-新店,2024-04-01,9661
6657,華安,29,0,29,富邦-新店,2024-04-01,9661
2515,中工,59,31,28,富邦-新店,2024-04-01,9661
6147,頎邦,27,1,26,富邦-新店,2024-04-01,9661
3062,建漢,24,0,24,富邦-新店,2024-04-01,9661
00940,元大台灣價值高息,1302,328,974,富邦-新店,2024-04-02,9661
00929,復華台灣科技優息,1071,141,930,富邦-新店,2024-04-02,9661
2885,元大金,605,3,602,富邦-新店,2024-04-02,9661
00937B,群益ESG投等債20,770,174,596,富邦-新店,2024-04-02,9661
6438,迅得,513,25,488,富邦-新店,2024-04-02,9661
8033,雷虎,319,20,299,富邦-新店,2024-04-02,9661
00687B,國泰20年美債,219,20,199,富邦-新店,2024-04-02,9661
2354,鴻準,310,125,185,富邦-新店,2024-04-02,9661
00680L,元大美債20正2,195,20,175,富邦-新店,2024-04-02,9661
00632R,元大台灣50反1,244,70,174,富邦-新店,2024-04-02,9661
00931B,統一美債20年,160,1,159,富邦-新店,2024-04-02,9661
3092,鴻碩,158,1,157,富邦-新店,2024-04-02,9661
00679B,元大美債20年,166,9,157,富邦-新店,2024-04-02,9661
2897,王道銀行,100,1,99,富邦-新店,2024-04-02,9661
9105,泰金寶-DR,100,2,98,富邦-新店,2024-04-02,9661
00857B,永豐20年美公債,98,0,98,富邦-新店,2024-04-02,9661
2344,華邦電,103,8,95,富邦-新店,2024-04-02,9661
00751B,元大AAA至A公司債,154,65,89,富邦-新店,2024-04-02,9661
00706L,期元大S＆P日圓正2,89,0,89,富邦-新店,2024-04-02,9661
1609,大亞,176,104,72,富邦-新店,2024-04-02,9661
6667,信紘科,83,17,66,富邦-新店,2024-04-02,9661
00720B,元大投資級公司債,64,2,62,富邦-新店,2024-04-02,9661
3231,緯創,208,157,51,富邦-新店,2024-04-02,9661
3027,盛達,49,2,47,富邦-新店,2024-04-02,9661
00941,中信上游半導體,72,26,46,富邦-新店,2024-04-02,9661
1316,上曜,50,5,45,富邦-新店,2024-04-02,9661
3708,上緯投控,45,1,44,富邦-新店,2024-04-02,9661
00795B,中信美國公債20年,44,0,44,富邦-新店,2024-04-02,9661
2324,仁寶,58,15,43,富邦-新店,2024-04-02,9661
6188,廣明,46,4,42,富邦-新店,2024-04-02,9661
00725B,國泰投資級公司債,41,0,41,富邦-新店,2024-04-02,9661
00933B,國泰10Y+金融債,63,23,40,富邦-新店,2024-04-02,9661
00637L,元大滬深300正2,40,1,39,富邦-新店,2024-04-02,9661
2406,國碩,38,0,38,富邦-新店,2024-04-02,9661
2301,光寶科,78,40,38,富邦-新店,2024-04-02,9661
2383,台光電,39,3,36,富邦-新店,2024-04-02,9661
00664R,國泰臺灣加權反1,35,0,35,富邦-新店,2024-04-02,9661
00882,中信中國高股息,51,17,34,富邦-新店,2024-04-02,9661
3707,漢磊,43,9,34,富邦-新店,2024-04-02,9661
3047,訊舟,32,0,32,富邦-新店,2024-04-02,9661
3694,海華,46,15,31,富邦-新店,2024-04-02,9661
2492,華新科,50,19,31,富邦-新店,2024-04-02,9661
3675,德微,36,6,30,富邦-新店,2024-04-02,9661
8028,昇陽半導體,56,29,27,富邦-新店,2024-04-02,9661
3706,神達,56,29,27,富邦-新店,2024-04-02,9661
6147,頎邦,29,2,27,富邦-新店,2024-04-02,9661
2882,國泰金,27,0,27,富邦-新店,2024-04-02,9661
2888,新光金,54,27,27,富邦-新店,2024-04-02,9661
5443,均豪,75,50,25,富邦-新店,2024-04-02,9661
1808,潤隆,26,1,25,富邦-新店,2024-04-02,9661
00937B,群益ESG投等債20,1446,703,743,富邦-新店,2024-04-03,9661
8112,至上,740,84,656,富邦-新店,2024-04-03,9661
00940,元大台灣價值高息,605,23,582,富邦-新店,2024-04-03,9661
3481,群創,330,4,326,富邦-新店,2024-04-03,9661
2383,台光電,325,8,317,富邦-新店,2024-04-03,9661
00929,復華台灣科技優息,359,49,310,富邦-新店,2024-04-03,9661
00680L,元大美債20正2,299,50,249,富邦-新店,2024-04-03,9661
00669R,國泰美國道瓊反1,216,0,216,富邦-新店,2024-04-03,9661
00687B,國泰20年美債,223,22,201,富邦-新店,2024-04-03,9661
00664R,國泰臺灣加權反1,200,0,200,富邦-新店,2024-04-03,9661
00671R,富邦NASDAQ反1,200,0,200,富邦-新店,2024-04-03,9661
1609,大亞,254,78,176,富邦-新店,2024-04-03,9661
00941,中信上游半導體,172,0,172,富邦-新店,2024-04-03,9661
00733,富邦臺灣中小,161,1,160,富邦-新店,2024-04-03,9661
00679B,元大美債20年,158,34,124,富邦-新店,2024-04-03,9661
00931B,統一美債20年,128,6,122,富邦-新店,2024-04-03,9661
2354,鴻準,170,51,119,富邦-新店,2024-04-03,9661
00878,國泰永續高股息,140,37,103,富邦-新店,2024-04-03,9661
00939,統一台灣高息動能,117,21,96,富邦-新店,2024-04-03,9661
6770,力積電,86,1,85,富邦-新店,2024-04-03,9661
3294,英濟,83,3,80,富邦-新店,2024-04-03,9661
4716,大立,87,13,74,富邦-新店,2024-04-03,9661
00795B,中信美國公債20年,69,0,69,富邦-新店,2024-04-03,9661
00857B,永豐20年美公債,69,0,69,富邦-新店,2024-04-03,9661
2317,鴻海,176,107,69,富邦-新店,2024-04-03,9661
00696B,富邦美債20年,68,0,68,富邦-新店,2024-04-03,9661
0056,元大高股息,102,37,65,富邦-新店,2024-04-03,9661
00927,群益半導體收益,87,22,65,富邦-新店,2024-04-03,9661
2303,聯電,71,7,64,富邦-新店,2024-04-03,9661
00720B,元大投資級公司債,63,0,63,富邦-新店,2024-04-03,9661
2006,東和鋼鐵,105,44,61,富邦-新店,2024-04-03,9661
2515,中工,191,130,61,富邦-新店,2024-04-03,9661
2353,宏��,62,5,57,富邦-新店,2024-04-03,9661
2344,華邦電,72,16,56,富邦-新店,2024-04-03,9661
00665L,富邦�琤肭磪囓�2,56,0,56,富邦-新店,2024-04-03,9661
2408,南亞科,63,7,56,富邦-新店,2024-04-03,9661
2618,長榮航,68,14,54,富邦-新店,2024-04-03,9661
2371,大同,73,21,52,富邦-新店,2024-04-03,9661
2301,光寶科,81,30,51,富邦-新店,2024-04-03,9661
2881,富邦金,46,2,44,富邦-新店,2024-04-03,9661
2409,友達,43,0,43,富邦-新店,2024-04-03,9661
00751B,元大AAA至A公司債,42,2,40,富邦-新店,2024-04-03,9661
2882,國泰金,50,12,38,富邦-新店,2024-04-03,9661
2486,一詮,173,135,38,富邦-新店,2024-04-03,9661
00882,中信中國高股息,44,7,37,富邦-新店,2024-04-03,9661
2884,玉山金,38,1,37,富邦-新店,2024-04-03,9661
2382,廣達,65,30,35,富邦-新店,2024-04-03,9661
4909,新復興,52,18,34,富邦-新店,2024-04-03,9661
2883,凱基金,41,7,34,富邦-新店,2024-04-03,9661
1460,宏遠,30,0,30,富邦-新店,2024-04-03,9661
00929,復華台灣科技優息,639,17,622,富邦-新店,2024-04-08,9661
00940,元大台灣價值高息,751,150,601,富邦-新店,2024-04-08,9661
2609,陽明,572,26,546,富邦-新店,2024-04-08,9661
3289,宜特,455,6,449,富邦-新店,2024-04-08,9661
00937B,群益ESG投等債20,667,227,440,富邦-新店,2024-04-08,9661
00679B,元大美債20年,446,27,419,富邦-新店,2024-04-08,9661
2393,億光,420,8,412,富邦-新店,2024-04-08,9661
2383,台光電,379,48,331,富邦-新店,2024-04-08,9661
00720B,元大投資級公司債,261,15,246,富邦-新店,2024-04-08,9661
2855,統一證,240,6,234,富邦-新店,2024-04-08,9661
00687B,國泰20年美債,221,7,214,富邦-新店,2024-04-08,9661
00669R,國泰美國道瓊反1,184,1,183,富邦-新店,2024-04-08,9661
2368,金像電,172,5,167,富邦-新店,2024-04-08,9661
3535,晶彩科,153,2,151,富邦-新店,2024-04-08,9661
8096,擎亞,125,31,94,富邦-新店,2024-04-08,9661
00919,群益台灣精選高息,121,31,90,富邦-新店,2024-04-08,9661
00941,中信上游半導體,87,1,86,富邦-新店,2024-04-08,9661
2356,英業達,122,40,82,富邦-新店,2024-04-08,9661
00885,富邦越南,79,1,78,富邦-新店,2024-04-08,9661
1718,中纖,70,0,70,富邦-新店,2024-04-08,9661
2633,台灣高鐵,80,12,68,富邦-新店,2024-04-08,9661
00751B,元大AAA至A公司債,99,35,64,富邦-新店,2024-04-08,9661
0056,元大高股息,75,16,59,富邦-新店,2024-04-08,9661
00725B,國泰投資級公司債,57,0,57,富邦-新店,2024-04-08,9661
00795B,中信美國公債20年,61,4,57,富邦-新店,2024-04-08,9661
00637L,元大滬深300正2,53,0,53,富邦-新店,2024-04-08,9661
00933B,國泰10Y+金融債,56,4,52,富邦-新店,2024-04-08,9661
6432,今展科,60,8,52,富邦-新店,2024-04-08,9661
2371,大同,99,50,49,富邦-新店,2024-04-08,9661
4402,郡都開發,50,3,47,富邦-新店,2024-04-08,9661
6120,達運,105,59,46,富邦-新店,2024-04-08,9661
00772B,中信高評級公司債,46,0,46,富邦-新店,2024-04-08,9661
6143,振曜,50,6,44,富邦-新店,2024-04-08,9661
00688L,國泰20年美債正2,42,0,42,富邦-新店,2024-04-08,9661
1815,富喬,45,3,42,富邦-新店,2024-04-08,9661
3041,揚智,40,0,40,富邦-新店,2024-04-08,9661
00915,凱基優選高股息30,45,7,38,富邦-新店,2024-04-08,9661
00857B,永豐20年美公債,37,0,37,富邦-新店,2024-04-08,9661
00696B,富邦美債20年,37,0,37,富邦-新店,2024-04-08,9661
2027,大成鋼,61,24,37,富邦-新店,2024-04-08,9661
5324,士開,36,0,36,富邦-新店,2024-04-08,9661
00927,群益半導體收益,48,13,35,富邦-新店,2024-04-08,9661
5608,四維航,35,1,34,富邦-新店,2024-04-08,9661
6189,豐藝,63,31,32,富邦-新店,2024-04-08,9661
2615,萬海,35,4,31,富邦-新店,2024-04-08,9661
2367,燿華,40,11,29,富邦-新店,2024-04-08,9661
8033,雷虎,32,4,28,富邦-新店,2024-04-08,9661
6548,長科*,88,62,26,富邦-新店,2024-04-08,9661
2492,華新科,24,0,24,富邦-新店,2024-04-08,9661
3653,健策,25,1,24,富邦-新店,2024-04-08,9661
2634,漢翔,1769,132,1637,富邦-新店,2024-04-09,9661
8112,至上,370,66,304,富邦-新店,2024-04-09,9661
00940,元大台灣價值高息,372,80,292,富邦-新店,2024-04-09,9661
3231,緯創,363,87,276,富邦-新店,2024-04-09,9661
00937B,群益ESG投等債20,297,32,265,富邦-新店,2024-04-09,9661
00929,復華台灣科技優息,306,44,262,富邦-新店,2024-04-09,9661
2303,聯電,358,104,254,富邦-新店,2024-04-09,9661
00632R,元大台灣50反1,270,51,219,富邦-新店,2024-04-09,9661
4533,協易機,229,62,167,富邦-新店,2024-04-09,9661
2515,中工,395,236,159,富邦-新店,2024-04-09,9661
1314,中石化,231,92,139,富邦-新店,2024-04-09,9661
1612,宏泰,146,44,102,富邦-新店,2024-04-09,9661
2393,億光,104,6,98,富邦-新店,2024-04-09,9661
4168,醣聯,90,1,89,富邦-新店,2024-04-09,9661
00939,統一台灣高息動能,96,12,84,富邦-新店,2024-04-09,9661
3284,太普高,82,1,81,富邦-新店,2024-04-09,9661
00679B,元大美債20年,81,8,73,富邦-新店,2024-04-09,9661
2417,圓剛,68,0,68,富邦-新店,2024-04-09,9661
00687B,國泰20年美債,105,40,65,富邦-新店,2024-04-09,9661
3013,晟銘電,117,53,64,富邦-新店,2024-04-09,9661
1584,精剛,71,7,64,富邦-新店,2024-04-09,9661
3029,零壹,79,15,64,富邦-新店,2024-04-09,9661
2486,一詮,110,47,63,富邦-新店,2024-04-09,9661
6683,雍智科技,61,0,61,富邦-新店,2024-04-09,9661
5425,台半,61,0,61,富邦-新店,2024-04-09,9661
9945,潤泰新,61,3,58,富邦-新店,2024-04-09,9661
2374,佳能,84,28,56,富邦-新店,2024-04-09,9661
2365,昆盈,117,63,54,富邦-新店,2024-04-09,9661
2611,志信,55,2,53,富邦-新店,2024-04-09,9661
2367,燿華,775,723,52,富邦-新店,2024-04-09,9661
3050,鈺德,78,27,51,富邦-新店,2024-04-09,9661
00924,復華S＆P500成長,50,0,50,富邦-新店,2024-04-09,9661
2354,鴻準,142,94,48,富邦-新店,2024-04-09,9661
3260,威剛,73,26,47,富邦-新店,2024-04-09,9661
2383,台光電,65,22,43,富邦-新店,2024-04-09,9661
2324,仁寶,58,15,43,富邦-新店,2024-04-09,9661
3025,星通,44,2,42,富邦-新店,2024-04-09,9661
2313,華通,68,29,39,富邦-新店,2024-04-09,9661
4906,正文,38,0,38,富邦-新店,2024-04-09,9661
2038,海光,66,28,38,富邦-新店,2024-04-09,9661
3360,尚立,52,15,37,富邦-新店,2024-04-09,9661
2498,宏達電,39,2,37,富邦-新店,2024-04-09,9661
2010,春源,43,6,37,富邦-新店,2024-04-09,9661
2301,光寶科,45,13,32,富邦-新店,2024-04-09,9661
2801,彰銀,46,15,31,富邦-新店,2024-04-09,9661
6120,達運,38,7,31,富邦-新店,2024-04-09,9661
2537,聯上發,57,27,30,富邦-新店,2024-04-09,9661
4523,永彰,29,0,29,富邦-新店,2024-04-09,9661
00720B,元大投資級公司債,30,3,27,富邦-新店,2024-04-09,9661
2633,台灣高鐵,26,0,26,富邦-新店,2024-04-09,9661
1514,亞力,1563,74,1489,富邦-新店,2024-04-10,9661
00937B,群益ESG投等債20,621,17,604,富邦-新店,2024-04-10,9661
00720B,元大投資級公司債,388,0,388,富邦-新店,2024-04-10,9661
00940,元大台灣價值高息,523,164,359,富邦-新店,2024-04-10,9661
2316,楠梓電,166,32,134,富邦-新店,2024-04-10,9661
00919,群益台灣精選高息,180,56,124,富邦-新店,2024-04-10,9661
6770,力積電,188,72,116,富邦-新店,2024-04-10,9661
2515,中工,209,98,111,富邦-新店,2024-04-10,9661
2377,微星,114,4,110,富邦-新店,2024-04-10,9661
3092,鴻碩,94,0,94,富邦-新店,2024-04-10,9661
6016,康和證,331,239,92,富邦-新店,2024-04-10,9661
2002,中鋼,124,35,89,富邦-新店,2024-04-10,9661
4533,協易機,143,68,75,富邦-新店,2024-04-10,9661
2888,新光金,290,216,74,富邦-新店,2024-04-10,9661
8085,福華,90,17,73,富邦-新店,2024-04-10,9661
4561,健椿,72,1,71,富邦-新店,2024-04-10,9661
2382,廣達,80,9,71,富邦-新店,2024-04-10,9661
2883,凱基金,78,10,68,富邦-新店,2024-04-10,9661
2537,聯上發,87,24,63,富邦-新店,2024-04-10,9661
1326,台化,62,0,62,富邦-新店,2024-04-10,9661
00878,國泰永續高股息,157,96,61,富邦-新店,2024-04-10,9661
2014,中鴻,94,34,60,富邦-新店,2024-04-10,9661
2641,正德,60,0,60,富邦-新店,2024-04-10,9661
00941,中信上游半導體,55,1,54,富邦-新店,2024-04-10,9661
2611,志信,52,0,52,富邦-新店,2024-04-10,9661
3576,聯合再生,81,30,51,富邦-新店,2024-04-10,9661
2884,玉山金,53,2,51,富邦-新店,2024-04-10,9661
1605,華新,618,570,48,富邦-新店,2024-04-10,9661
2486,一詮,69,22,47,富邦-新店,2024-04-10,9661
1789,神隆,47,2,45,富邦-新店,2024-04-10,9661
8088,品安,49,6,43,富邦-新店,2024-04-10,9661
6244,茂迪,47,5,42,富邦-新店,2024-04-10,9661
2032,新鋼,43,2,41,富邦-新店,2024-04-10,9661
2882,國泰金,53,13,40,富邦-新店,2024-04-10,9661
2376,技嘉,78,39,39,富邦-新店,2024-04-10,9661
2317,鴻海,113,74,39,富邦-新店,2024-04-10,9661
2427,三商電,58,20,38,富邦-新店,2024-04-10,9661
4526,東台,38,1,37,富邦-新店,2024-04-10,9661
2027,大成鋼,53,16,37,富邦-新店,2024-04-10,9661
8358,金居,48,13,35,富邦-新店,2024-04-10,9661
2208,台船,46,13,33,富邦-新店,2024-04-10,9661
2356,英業達,88,55,33,富邦-新店,2024-04-10,9661
00679B,元大美債20年,54,22,32,富邦-新店,2024-04-10,9661
6217,中探針,34,2,32,富邦-新店,2024-04-10,9661
6207,雷科,53,22,31,富邦-新店,2024-04-10,9661
00687B,國泰20年美債,39,8,31,富邦-新店,2024-04-10,9661
4167,松瑞藥,56,26,30,富邦-新店,2024-04-10,9661
2457,飛宏,34,5,29,富邦-新店,2024-04-10,9661
2066,世德,30,1,29,富邦-新店,2024-04-10,9661
2301,光寶科,33,6,27,富邦-新店,2024-04-10,9661
00937B,群益ESG投等債20,736,11,725,富邦-新店,2024-04-11,9661
3481,群創,597,59,538,富邦-新店,2024-04-11,9661
2303,聯電,469,12,457,富邦-新店,2024-04-11,9661
00679B,元大美債20年,423,5,418,富邦-新店,2024-04-11,9661
00929,復華台灣科技優息,424,39,385,富邦-新店,2024-04-11,9661
00687B,國泰20年美債,395,21,374,富邦-新店,2024-04-11,9661
00712,復華富時不動產,248,0,248,富邦-新店,2024-04-11,9661
5371,中光電,222,17,205,富邦-新店,2024-04-11,9661
00671R,富邦NASDAQ反1,200,0,200,富邦-新店,2024-04-11,9661
3576,聯合再生,206,15,191,富邦-新店,2024-04-11,9661
0056,元大高股息,219,38,181,富邦-新店,2024-04-11,9661
00706L,期元大S＆P日圓正2,165,0,165,富邦-新店,2024-04-11,9661
00940,元大台灣價值高息,179,24,155,富邦-新店,2024-04-11,9661
00680L,元大美債20正2,181,37,144,富邦-新店,2024-04-11,9661
00720B,元大投資級公司債,143,3,140,富邦-新店,2024-04-11,9661
2489,瑞軒,119,1,118,富邦-新店,2024-04-11,9661
00878,國泰永續高股息,195,84,111,富邦-新店,2024-04-11,9661
00941,中信上游半導體,109,3,106,富邦-新店,2024-04-11,9661
2634,漢翔,136,31,105,富邦-新店,2024-04-11,9661
2881,富邦金,113,9,104,富邦-新店,2024-04-11,9661
00669R,國泰美國道瓊反1,100,1,99,富邦-新店,2024-04-11,9661
6657,華安,101,3,98,富邦-新店,2024-04-11,9661
2888,新光金,99,2,97,富邦-新店,2024-04-11,9661
3689,湧德,89,0,89,富邦-新店,2024-04-11,9661
00795B,中信美國公債20年,79,0,79,富邦-新店,2024-04-11,9661
1608,華榮,85,12,73,富邦-新店,2024-04-11,9661
00933B,國泰10Y+金融債,110,37,73,富邦-新店,2024-04-11,9661
00919,群益台灣精選高息,73,5,68,富邦-新店,2024-04-11,9661
8088,品安,113,50,63,富邦-新店,2024-04-11,9661
00637L,元大滬深300正2,88,26,62,富邦-新店,2024-04-11,9661
3450,聯鈞,62,2,60,富邦-新店,2024-04-11,9661
8171,天宇,58,0,58,富邦-新店,2024-04-11,9661
2317,鴻海,281,223,58,富邦-新店,2024-04-11,9661
3231,緯創,167,110,57,富邦-新店,2024-04-11,9661
6282,康舒,76,22,54,富邦-新店,2024-04-11,9661
2630,亞航,62,8,54,富邦-新店,2024-04-11,9661
00688L,國泰20年美債正2,54,1,53,富邦-新店,2024-04-11,9661
5392,能率,52,0,52,富邦-新店,2024-04-11,9661
3056,富華新,51,3,48,富邦-新店,2024-04-11,9661
1817,凱撒衛,45,0,45,富邦-新店,2024-04-11,9661
3363,上詮,56,12,44,富邦-新店,2024-04-11,9661
00931B,統一美債20年,45,2,43,富邦-新店,2024-04-11,9661
2417,圓剛,59,16,43,富邦-新店,2024-04-11,9661
00939,統一台灣高息動能,59,18,41,富邦-新店,2024-04-11,9661
00665L,富邦�琤肭磪囓�2,58,20,38,富邦-新店,2024-04-11,9661
3338,泰碩,37,1,36,富邦-新店,2024-04-11,9661
1605,華新,89,53,36,富邦-新店,2024-04-11,9661
2002,中鋼,43,8,35,富邦-新店,2024-04-11,9661
2302,麗正,35,0,35,富邦-新店,2024-04-11,9661
3706,神達,52,18,34,富邦-新店,2024-04-11,9661
2371,大同,2162,433,1729,富邦-新店,2024-04-12,9661
2317,鴻海,1253,123,1130,富邦-新店,2024-04-12,9661
1513,中興電,1125,170,955,富邦-新店,2024-04-12,9661
00687B,國泰20年美債,310,3,307,富邦-新店,2024-04-12,9661
00929,復華台灣科技優息,296,24,272,富邦-新店,2024-04-12,9661
2353,宏��,375,132,243,富邦-新店,2024-04-12,9661
00720B,元大投資級公司債,159,0,159,富邦-新店,2024-04-12,9661
00940,元大台灣價值高息,276,118,158,富邦-新店,2024-04-12,9661
00937B,群益ESG投等債20,153,9,144,富邦-新店,2024-04-12,9661
00679B,元大美債20年,163,33,130,富邦-新店,2024-04-12,9661
2610,華航,1162,1039,123,富邦-新店,2024-04-12,9661
6770,力積電,116,1,115,富邦-新店,2024-04-12,9661
00878,國泰永續高股息,160,47,113,富邦-新店,2024-04-12,9661
1503,士電,130,30,100,富邦-新店,2024-04-12,9661
2501,國建,173,73,100,富邦-新店,2024-04-12,9661
3617,碩天,108,9,99,富邦-新店,2024-04-12,9661
00688L,國泰20年美債正2,87,0,87,富邦-新店,2024-04-12,9661
1612,宏泰,134,50,84,富邦-新店,2024-04-12,9661
00933B,國泰10Y+金融債,110,32,78,富邦-新店,2024-04-12,9661
2382,廣達,113,36,77,富邦-新店,2024-04-12,9661
2881,富邦金,71,1,70,富邦-新店,2024-04-12,9661
6116,彩晶,65,0,65,富邦-新店,2024-04-12,9661
2618,長榮航,70,6,64,富邦-新店,2024-04-12,9661
0056,元大高股息,75,20,55,富邦-新店,2024-04-12,9661
2514,龍邦,60,9,51,富邦-新店,2024-04-12,9661
2888,新光金,65,16,49,富邦-新店,2024-04-12,9661
5388,中磊,53,4,49,富邦-新店,2024-04-12,9661
00733,富邦臺灣中小,86,39,47,富邦-新店,2024-04-12,9661
2002,中鋼,59,13,46,富邦-新店,2024-04-12,9661
2883,凱基金,52,7,45,富邦-新店,2024-04-12,9661
5351,鈺創,66,23,43,富邦-新店,2024-04-12,9661
00637L,元大滬深300正2,42,0,42,富邦-新店,2024-04-12,9661
00941,中信上游半導體,44,3,41,富邦-新店,2024-04-12,9661
00909,國泰數位支付服務,44,3,41,富邦-新店,2024-04-12,9661
00646,元大S＆P500,40,0,40,富邦-新店,2024-04-12,9661
1104,環泥,40,0,40,富邦-新店,2024-04-12,9661
3081,聯亞,37,1,36,富邦-新店,2024-04-12,9661
8171,天宇,36,0,36,富邦-新店,2024-04-12,9661
2023,燁輝,56,20,36,富邦-新店,2024-04-12,9661
2887,台新金,38,2,36,富邦-新店,2024-04-12,9661
4414,如興,34,0,34,富邦-新店,2024-04-12,9661
1101,台泥,42,9,33,富邦-新店,2024-04-12,9661
00751B,元大AAA至A公司債,35,2,33,富邦-新店,2024-04-12,9661
00665L,富邦�琤肭磪囓�2,40,8,32,富邦-新店,2024-04-12,9661
2476,鉅祥,35,5,30,富邦-新店,2024-04-12,9661
912000,晨訊科-DR,30,0,30,富邦-新店,2024-04-12,9661
2409,友達,32,3,29,富邦-新店,2024-04-12,9661
2303,聯電,77,48,29,富邦-新店,2024-04-12,9661
00772B,中信高評級公司債,29,0,29,富邦-新店,2024-04-12,9661
2009,第一銅,56,27,29,富邦-新店,2024-04-12,9661
00937B,群益ESG投等債20,992,29,963,富邦-新店,2024-04-15,9661
00929,復華台灣科技優息,663,29,634,富邦-新店,2024-04-15,9661
00669R,國泰美國道瓊反1,452,2,450,富邦-新店,2024-04-15,9661
3294,英濟,420,8,412,富邦-新店,2024-04-15,9661
3312,弘憶股,488,98,390,富邦-新店,2024-04-15,9661
00940,元大台灣價值高息,398,56,342,富邦-新店,2024-04-15,9661
2501,國建,234,22,212,富邦-新店,2024-04-15,9661
2393,億光,200,7,193,富邦-新店,2024-04-15,9661
2303,聯電,207,31,176,富邦-新店,2024-04-15,9661
8011,台通,180,7,173,富邦-新店,2024-04-15,9661
00687B,國泰20年美債,156,3,153,富邦-新店,2024-04-15,9661
0056,元大高股息,225,83,142,富邦-新店,2024-04-15,9661
00878,國泰永續高股息,160,24,136,富邦-新店,2024-04-15,9661
00679B,元大美債20年,136,20,116,富邦-新店,2024-04-15,9661
2317,鴻海,185,74,111,富邦-新店,2024-04-15,9661
00927,群益半導體收益,114,7,107,富邦-新店,2024-04-15,9661
2406,國碩,115,9,106,富邦-新店,2024-04-15,9661
00772B,中信高評級公司債,103,2,101,富邦-新店,2024-04-15,9661
00715L,期街口布蘭特正2,108,8,100,富邦-新店,2024-04-15,9661
00919,群益台灣精選高息,180,80,100,富邦-新店,2024-04-15,9661
00632R,元大台灣50反1,145,46,99,富邦-新店,2024-04-15,9661
4526,東台,101,3,98,富邦-新店,2024-04-15,9661
00662,富邦NASDAQ,95,1,94,富邦-新店,2024-04-15,9661
00720B,元大投資級公司債,85,3,82,富邦-新店,2024-04-15,9661
1608,華榮,332,257,75,富邦-新店,2024-04-15,9661
00939,統一台灣高息動能,77,14,63,富邦-新店,2024-04-15,9661
1314,中石化,158,101,57,富邦-新店,2024-04-15,9661
2367,燿華,152,96,56,富邦-新店,2024-04-15,9661
6937,天虹,61,5,56,富邦-新店,2024-04-15,9661
2607,榮運,50,2,48,富邦-新店,2024-04-15,9661
00733,富邦臺灣中小,45,2,43,富邦-新店,2024-04-15,9661
1504,東元,119,77,42,富邦-新店,2024-04-15,9661
2376,技嘉,80,39,41,富邦-新店,2024-04-15,9661
00637L,元大滬深300正2,113,73,40,富邦-新店,2024-04-15,9661
00712,復華富時不動產,49,10,39,富邦-新店,2024-04-15,9661
3557,嘉威,42,3,39,富邦-新店,2024-04-15,9661
3450,聯鈞,40,3,37,富邦-新店,2024-04-15,9661
6229,研通,44,10,34,富邦-新店,2024-04-15,9661
8092,建暐,35,1,34,富邦-新店,2024-04-15,9661
2886,兆豐金,36,2,34,富邦-新店,2024-04-15,9661
1514,亞力,110,78,32,富邦-新店,2024-04-15,9661
00941,中信上游半導體,73,42,31,富邦-新店,2024-04-15,9661
2905,三商,30,0,30,富邦-新店,2024-04-15,9661
8110,華東,52,22,30,富邦-新店,2024-04-15,9661
912000,晨訊科-DR,30,0,30,富邦-新店,2024-04-15,9661
2641,正德,30,2,28,富邦-新店,2024-04-15,9661
2884,玉山金,30,3,27,富邦-新店,2024-04-15,9661
9934,成霖,27,0,27,富邦-新店,2024-04-15,9661
2845,遠東銀,29,3,26,富邦-新店,2024-04-15,9661
8358,金居,43,17,26,富邦-新店,2024-04-15,9661
00940,元大台灣價值高息,1838,86,1752,富邦-新店,2024-04-16,9661
00929,復華台灣科技優息,1077,188,889,富邦-新店,2024-04-16,9661
00937B,群益ESG投等債20,1199,368,831,富邦-新店,2024-04-16,9661
0056,元大高股息,352,63,289,富邦-新店,2024-04-16,9661
00878,國泰永續高股息,422,156,266,富邦-新店,2024-04-16,9661
00919,群益台灣精選高息,791,540,251,富邦-新店,2024-04-16,9661
1609,大亞,468,231,237,富邦-新店,2024-04-16,9661
2883,凱基金,285,79,206,富邦-新店,2024-04-16,9661
2371,大同,264,84,180,富邦-新店,2024-04-16,9661
2408,南亞科,182,8,174,富邦-新店,2024-04-16,9661
2303,聯電,201,33,168,富邦-新店,2024-04-16,9661
2610,華航,224,65,159,富邦-新店,2024-04-16,9661
2618,長榮航,226,74,152,富邦-新店,2024-04-16,9661
00939,統一台灣高息動能,192,45,147,富邦-新店,2024-04-16,9661
00720B,元大投資級公司債,145,7,138,富邦-新店,2024-04-16,9661
3231,緯創,201,65,136,富邦-新店,2024-04-16,9661
00931B,統一美債20年,149,26,123,富邦-新店,2024-04-16,9661
2344,華邦電,117,1,116,富邦-新店,2024-04-16,9661
3533,嘉澤,114,0,114,富邦-新店,2024-04-16,9661
1314,中石化,125,18,107,富邦-新店,2024-04-16,9661
00918,大華優利高填息30,116,13,103,富邦-新店,2024-04-16,9661
00687B,國泰20年美債,146,45,101,富邦-新店,2024-04-16,9661
2206,三陽工業,132,31,101,富邦-新店,2024-04-16,9661
2316,楠梓電,101,2,99,富邦-新店,2024-04-16,9661
8390,金益鼎,101,10,91,富邦-新店,2024-04-16,9661
2330,台積電,110,21,89,富邦-新店,2024-04-16,9661
2406,國碩,94,5,89,富邦-新店,2024-04-16,9661
2317,鴻海,247,161,86,富邦-新店,2024-04-16,9661
2331,精英,84,3,81,富邦-新店,2024-04-16,9661
00885,富邦越南,113,33,80,富邦-新店,2024-04-16,9661
00927,群益半導體收益,91,13,78,富邦-新店,2024-04-16,9661
2365,昆盈,86,13,73,富邦-新店,2024-04-16,9661
2615,萬海,72,1,71,富邦-新店,2024-04-16,9661
2884,玉山金,77,8,69,富邦-新店,2024-04-16,9661
2881,富邦金,73,6,67,富邦-新店,2024-04-16,9661
2834,臺企銀,78,11,67,富邦-新店,2024-04-16,9661
00941,中信上游半導體,141,75,66,富邦-新店,2024-04-16,9661
2836,高雄銀,102,41,61,富邦-新店,2024-04-16,9661
1301,台塑,58,0,58,富邦-新店,2024-04-16,9661
2892,第一金,59,1,58,富邦-新店,2024-04-16,9661
6770,力積電,65,8,57,富邦-新店,2024-04-16,9661
2887,台新金,128,72,56,富邦-新店,2024-04-16,9661
2382,廣達,97,41,56,富邦-新店,2024-04-16,9661
1616,億泰,55,0,55,富邦-新店,2024-04-16,9661
6015,宏遠證,52,0,52,富邦-新店,2024-04-16,9661
8171,天宇,51,0,51,富邦-新店,2024-04-16,9661
0050,元大台灣50,59,9,50,富邦-新店,2024-04-16,9661
2312,金寶,51,1,50,富邦-新店,2024-04-16,9661
5521,工信,60,13,47,富邦-新店,2024-04-16,9661
00933B,國泰10Y+金融債,52,5,47,富邦-新店,2024-04-16,9661
2317,鴻海,934,114,820,富邦-新店,2024-04-17,9661
00937B,群益ESG投等債20,607,132,475,富邦-新店,2024-04-17,9661
2344,華邦電,359,6,353,富邦-新店,2024-04-17,9661
0056,元大高股息,284,40,244,富邦-新店,2024-04-17,9661
2408,南亞科,226,10,216,富邦-新店,2024-04-17,9661
00929,復華台灣科技優息,237,50,187,富邦-新店,2024-04-17,9661
00919,群益台灣精選高息,238,55,183,富邦-新店,2024-04-17,9661
00679B,元大美債20年,216,37,179,富邦-新店,2024-04-17,9661
00905,FT臺灣Smart,161,0,161,富邦-新店,2024-04-17,9661
2618,長榮航,170,15,155,富邦-新店,2024-04-17,9661
00712,復華富時不動產,121,0,121,富邦-新店,2024-04-17,9661
00720B,元大投資級公司債,136,16,120,富邦-新店,2024-04-17,9661
00940,元大台灣價值高息,243,125,118,富邦-新店,2024-04-17,9661
1616,億泰,131,15,116,富邦-新店,2024-04-17,9661
00725B,國泰投資級公司債,108,0,108,富邦-新店,2024-04-17,9661
3231,緯創,125,28,97,富邦-新店,2024-04-17,9661
3481,群創,132,37,95,富邦-新店,2024-04-17,9661
2881,富邦金,98,8,90,富邦-新店,2024-04-17,9661
1612,宏泰,93,12,81,富邦-新店,2024-04-17,9661
2637,慧洋-KY,80,15,65,富邦-新店,2024-04-17,9661
00878,國泰永續高股息,112,48,64,富邦-新店,2024-04-17,9661
00772B,中信高評級公司債,64,0,64,富邦-新店,2024-04-17,9661
00713,元大台灣高息低波,63,1,62,富邦-新店,2024-04-17,9661
00927,群益半導體收益,70,11,59,富邦-新店,2024-04-17,9661
2354,鴻準,63,7,56,富邦-新店,2024-04-17,9661
00933B,國泰10Y+金融債,71,19,52,富邦-新店,2024-04-17,9661
2606,裕民,52,0,52,富邦-新店,2024-04-17,9661
2353,宏��,67,17,50,富邦-新店,2024-04-17,9661
8996,高力,63,13,50,富邦-新店,2024-04-17,9661
00857B,永豐20年美公債,51,1,50,富邦-新店,2024-04-17,9661
6125,廣運,165,116,49,富邦-新店,2024-04-17,9661
1210,大成,50,1,49,富邦-新店,2024-04-17,9661
2303,聯電,138,93,45,富邦-新店,2024-04-17,9661
2634,漢翔,60,17,43,富邦-新店,2024-04-17,9661
3005,神基,52,12,40,富邦-新店,2024-04-17,9661
2880,華南金,41,1,40,富邦-新店,2024-04-17,9661
2374,佳能,57,22,35,富邦-新店,2024-04-17,9661
2834,臺企銀,42,7,35,富邦-新店,2024-04-17,9661
00665L,富邦�琤肭磪囓�2,35,1,34,富邦-新店,2024-04-17,9661
00687B,國泰20年美債,135,101,34,富邦-新店,2024-04-17,9661
2882,國泰金,37,4,33,富邦-新店,2024-04-17,9661
2892,第一金,35,2,33,富邦-新店,2024-04-17,9661
3093,港建*,32,0,32,富邦-新店,2024-04-17,9661
00733,富邦臺灣中小,34,4,30,富邦-新店,2024-04-17,9661
2382,廣達,82,53,29,富邦-新店,2024-04-17,9661
00941,中信上游半導體,44,15,29,富邦-新店,2024-04-17,9661
1529,樂事綠能,31,4,27,富邦-新店,2024-04-17,9661
2897,王道銀行,25,0,25,富邦-新店,2024-04-17,9661
2101,南港,33,8,25,富邦-新店,2024-04-17,9661
00751B,元大AAA至A公司債,24,0,24,富邦-新店,2024-04-17,9661
00937B,群益ESG投等債20,825,37,788,富邦-新店,2024-04-18,9661
2317,鴻海,560,72,488,富邦-新店,2024-04-18,9661
00676R,富邦臺灣加權反1,480,0,480,富邦-新店,2024-04-18,9661
00929,復華台灣科技優息,389,10,379,富邦-新店,2024-04-18,9661
00664R,國泰臺灣加權反1,305,0,305,富邦-新店,2024-04-18,9661
00919,群益台灣精選高息,320,67,253,富邦-新店,2024-04-18,9661
00671R,富邦NASDAQ反1,200,0,200,富邦-新店,2024-04-18,9661
00940,元大台灣價值高息,233,46,187,富邦-新店,2024-04-18,9661
0056,元大高股息,182,26,156,富邦-新店,2024-04-18,9661
3294,英濟,158,2,156,富邦-新店,2024-04-18,9661
2371,大同,443,307,136,富邦-新店,2024-04-18,9661
2889,國票金,115,4,111,富邦-新店,2024-04-18,9661
2867,三商壽,146,38,108,富邦-新店,2024-04-18,9661
00632R,元大台灣50反1,134,28,106,富邦-新店,2024-04-18,9661
1503,士電,165,60,105,富邦-新店,2024-04-18,9661
2501,國建,215,111,104,富邦-新店,2024-04-18,9661
2393,億光,103,4,99,富邦-新店,2024-04-18,9661
1605,華新,264,168,96,富邦-新店,2024-04-18,9661
00941,中信上游半導體,131,47,84,富邦-新店,2024-04-18,9661
2888,新光金,100,25,75,富邦-新店,2024-04-18,9661
2303,聯電,89,18,71,富邦-新店,2024-04-18,9661
2401,凌陽,76,9,67,富邦-新店,2024-04-18,9661
3260,威剛,70,8,62,富邦-新店,2024-04-18,9661
5512,力麒,69,14,55,富邦-新店,2024-04-18,9661
2369,菱生,54,2,52,富邦-新店,2024-04-18,9661
2836,高雄銀,50,1,49,富邦-新店,2024-04-18,9661
2316,楠梓電,51,2,49,富邦-新店,2024-04-18,9661
2027,大成鋼,127,80,47,富邦-新店,2024-04-18,9661
2406,國碩,67,22,45,富邦-新店,2024-04-18,9661
00918,大華優利高填息30,47,4,43,富邦-新店,2024-04-18,9661
5880,合庫金,50,9,41,富邦-新店,2024-04-18,9661
00687B,國泰20年美債,46,6,40,富邦-新店,2024-04-18,9661
2427,三商電,154,114,40,富邦-新店,2024-04-18,9661
6197,佳必琪,41,3,38,富邦-新店,2024-04-18,9661
5864,致和證,34,0,34,富邦-新店,2024-04-18,9661
2353,宏��,45,11,34,富邦-新店,2024-04-18,9661
2344,華邦電,64,31,33,富邦-新店,2024-04-18,9661
1817,凱撒衛,32,0,32,富邦-新店,2024-04-18,9661
2543,皇昌,36,4,32,富邦-新店,2024-04-18,9661
00900,富邦特選高股息30,31,3,28,富邦-新店,2024-04-18,9661
8033,雷虎,36,8,28,富邦-新店,2024-04-18,9661
8358,金居,32,5,27,富邦-新店,2024-04-18,9661
00933B,國泰10Y+金融債,27,1,26,富邦-新店,2024-04-18,9661
3374,精材,26,0,26,富邦-新店,2024-04-18,9661
1301,台塑,31,7,24,富邦-新店,2024-04-18,9661
2388,威盛,50,26,24,富邦-新店,2024-04-18,9661
5230,雷笛克光學,42,19,23,富邦-新店,2024-04-18,9661
3363,上詮,48,25,23,富邦-新店,2024-04-18,9661
2605,新興,26,4,22,富邦-新店,2024-04-18,9661
2881,富邦金,21,0,21,富邦-新店,2024-04-18,9661
00929,復華台灣科技優息,1411,278,1133,富邦-新店,2024-04-19,9661
00940,元大台灣價值高息,1072,180,892,富邦-新店,2024-04-19,9661
00671R,富邦NASDAQ反1,463,0,463,富邦-新店,2024-04-19,9661
0056,元大高股息,446,53,393,富邦-新店,2024-04-19,9661
2303,聯電,439,50,389,富邦-新店,2024-04-19,9661
00878,國泰永續高股息,400,46,354,富邦-新店,2024-04-19,9661
2882,國泰金,307,21,286,富邦-新店,2024-04-19,9661
00919,群益台灣精選高息,549,272,277,富邦-新店,2024-04-19,9661
2330,台積電,355,117,238,富邦-新店,2024-04-19,9661
00939,統一台灣高息動能,234,11,223,富邦-新店,2024-04-19,9661
2371,大同,749,540,209,富邦-新店,2024-04-19,9661
00941,中信上游半導體,329,133,196,富邦-新店,2024-04-19,9661
2618,長榮航,326,148,178,富邦-新店,2024-04-19,9661
00937B,群益ESG投等債20,618,446,172,富邦-新店,2024-04-19,9661
5512,力麒,296,140,156,富邦-新店,2024-04-19,9661
1609,大亞,818,691,127,富邦-新店,2024-04-19,9661
2634,漢翔,227,108,119,富邦-新店,2024-04-19,9661
1314,中石化,232,120,112,富邦-新店,2024-04-19,9661
006208,富邦台50,113,3,110,富邦-新店,2024-04-19,9661
2317,鴻海,208,101,107,富邦-新店,2024-04-19,9661
0050,元大台灣50,107,8,99,富邦-新店,2024-04-19,9661
3703,欣陸,153,62,91,富邦-新店,2024-04-19,9661
2101,南港,142,56,86,富邦-新店,2024-04-19,9661
2427,三商電,133,53,80,富邦-新店,2024-04-19,9661
2408,南亞科,89,10,79,富邦-新店,2024-04-19,9661
2353,宏��,198,125,73,富邦-新店,2024-04-19,9661
2409,友達,78,6,72,富邦-新店,2024-04-19,9661
3056,富華新,87,16,71,富邦-新店,2024-04-19,9661
1503,士電,161,91,70,富邦-新店,2024-04-19,9661
1504,東元,140,71,69,富邦-新店,2024-04-19,9661
00918,大華優利高填息30,325,257,68,富邦-新店,2024-04-19,9661
6770,力積電,77,18,59,富邦-新店,2024-04-19,9661
2367,燿華,123,65,58,富邦-新店,2024-04-19,9661
2801,彰銀,58,2,56,富邦-新店,2024-04-19,9661
1301,台塑,56,0,56,富邦-新店,2024-04-19,9661
1532,勤美,94,39,55,富邦-新店,2024-04-19,9661
1608,華榮,634,579,55,富邦-新店,2024-04-19,9661
2406,國碩,102,53,49,富邦-新店,2024-04-19,9661
6443,元晶,71,23,48,富邦-新店,2024-04-19,9661
8473,山林水,135,87,48,富邦-新店,2024-04-19,9661
6005,群益證,96,49,47,富邦-新店,2024-04-19,9661
2892,第一金,48,1,47,富邦-新店,2024-04-19,9661
8096,擎亞,53,6,47,富邦-新店,2024-04-19,9661
00715L,期街口布蘭特正2,80,35,45,富邦-新店,2024-04-19,9661
3481,群創,70,26,44,富邦-新店,2024-04-19,9661
00692,富邦公司治理,52,8,44,富邦-新店,2024-04-19,9661
3479,安勤,44,2,42,富邦-新店,2024-04-19,9661
2520,冠德,87,47,40,富邦-新店,2024-04-19,9661
5425,台半,55,16,39,富邦-新店,2024-04-19,9661
3025,星通,41,2,39,富邦-新店,2024-04-19,9661
00664R,國泰臺灣加權反1,1310,0,1310,富邦-新店,2024-04-22,9661
00937B,群益ESG投等債20,720,37,683,富邦-新店,2024-04-22,9661
00929,復華台灣科技優息,820,189,631,富邦-新店,2024-04-22,9661
2618,長榮航,465,75,390,富邦-新店,2024-04-22,9661
00671R,富邦NASDAQ反1,350,0,350,富邦-新店,2024-04-22,9661
00919,群益台灣精選高息,409,73,336,富邦-新店,2024-04-22,9661
2371,大同,957,683,274,富邦-新店,2024-04-22,9661
00940,元大台灣價值高息,549,282,267,富邦-新店,2024-04-22,9661
2511,太子,216,38,178,富邦-新店,2024-04-22,9661
1609,大亞,517,348,169,富邦-新店,2024-04-22,9661
0056,元大高股息,192,45,147,富邦-新店,2024-04-22,9661
00878,國泰永續高股息,201,55,146,富邦-新店,2024-04-22,9661
00680L,元大美債20正2,127,0,127,富邦-新店,2024-04-22,9661
2303,聯電,172,46,126,富邦-新店,2024-04-22,9661
00679B,元大美債20年,117,14,103,富邦-新店,2024-04-22,9661
00706L,期元大S＆P日圓正2,96,0,96,富邦-新店,2024-04-22,9661
00939,統一台灣高息動能,140,48,92,富邦-新店,2024-04-22,9661
3703,欣陸,177,87,90,富邦-新店,2024-04-22,9661
2637,慧洋-KY,128,42,86,富邦-新店,2024-04-22,9661
3231,緯創,160,79,81,富邦-新店,2024-04-22,9661
00632R,元大台灣50反1,318,241,77,富邦-新店,2024-04-22,9661
2515,中工,371,296,75,富邦-新店,2024-04-22,9661
1618,合機,177,104,73,富邦-新店,2024-04-22,9661
2633,台灣高鐵,71,2,69,富邦-新店,2024-04-22,9661
2465,麗臺,94,33,61,富邦-新店,2024-04-22,9661
3017,奇鋐,92,32,60,富邦-新店,2024-04-22,9661
00687B,國泰20年美債,69,10,59,富邦-新店,2024-04-22,9661
2329,華泰,94,36,58,富邦-新店,2024-04-22,9661
2101,南港,121,66,55,富邦-新店,2024-04-22,9661
2367,燿華,78,24,54,富邦-新店,2024-04-22,9661
3294,英濟,51,0,51,富邦-新店,2024-04-22,9661
2543,皇昌,75,27,48,富邦-新店,2024-04-22,9661
2527,宏璟,52,7,45,富邦-新店,2024-04-22,9661
8011,台通,45,0,45,富邦-新店,2024-04-22,9661
6770,力積電,55,13,42,富邦-新店,2024-04-22,9661
5230,雷笛克光學,50,9,41,富邦-新店,2024-04-22,9661
6869,雲豹能源,41,0,41,富邦-新店,2024-04-22,9661
2537,聯上發,79,39,40,富邦-新店,2024-04-22,9661
2528,皇普,40,1,39,富邦-新店,2024-04-22,9661
0050,元大台灣50,44,6,38,富邦-新店,2024-04-22,9661
00941,中信上游半導體,45,8,37,富邦-新店,2024-04-22,9661
00891,中信關鍵半導體,39,3,36,富邦-新店,2024-04-22,9661
2014,中鴻,37,7,30,富邦-新店,2024-04-22,9661
6189,豐藝,47,18,29,富邦-新店,2024-04-22,9661
5512,力麒,217,189,28,富邦-新店,2024-04-22,9661
1603,華電,73,45,28,富邦-新店,2024-04-22,9661
2027,大成鋼,46,20,26,富邦-新店,2024-04-22,9661
006208,富邦台50,28,2,26,富邦-新店,2024-04-22,9661
00918,大華優利高填息30,28,3,25,富邦-新店,2024-04-22,9661
5531,鄉林,35,10,25,富邦-新店,2024-04-22,9661
00929,復華台灣科技優息,261,9,252,富邦-新店,2024-04-23,9661
00919,群益台灣精選高息,193,30,163,富邦-新店,2024-04-23,9661
3024,憶聲,148,14,134,富邦-新店,2024-04-23,9661
00940,元大台灣價值高息,322,202,120,富邦-新店,2024-04-23,9661
00937B,群益ESG投等債20,107,8,99,富邦-新店,2024-04-23,9661
2536,宏普,100,3,97,富邦-新店,2024-04-23,9661
2371,大同,686,590,96,富邦-新店,2024-04-23,9661
2367,燿華,88,2,86,富邦-新店,2024-04-23,9661
3715,定穎投控,89,19,70,富邦-新店,2024-04-23,9661
00939,統一台灣高息動能,86,21,65,富邦-新店,2024-04-23,9661
2885,元大金,64,0,64,富邦-新店,2024-04-23,9661
2301,光寶科,64,6,58,富邦-新店,2024-04-23,9661
2634,漢翔,90,33,57,富邦-新店,2024-04-23,9661
2809,京城銀,62,11,51,富邦-新店,2024-04-23,9661
00878,國泰永續高股息,96,45,51,富邦-新店,2024-04-23,9661
2611,志信,72,22,50,富邦-新店,2024-04-23,9661
6005,群益證,203,153,50,富邦-新店,2024-04-23,9661
1312,國喬,50,0,50,富邦-新店,2024-04-23,9661
00679B,元大美債20年,46,0,46,富邦-新店,2024-04-23,9661
2406,國碩,43,0,43,富邦-新店,2024-04-23,9661
1101,台泥,40,1,39,富邦-新店,2024-04-23,9661
1608,華榮,148,111,37,富邦-新店,2024-04-23,9661
2014,中鴻,44,8,36,富邦-新店,2024-04-23,9661
2515,中工,96,61,35,富邦-新店,2024-04-23,9661
00918,大華優利高填息30,47,13,34,富邦-新店,2024-04-23,9661
0056,元大高股息,48,17,31,富邦-新店,2024-04-23,9661
1617,榮星,33,2,31,富邦-新店,2024-04-23,9661
2106,建大,30,0,30,富邦-新店,2024-04-23,9661
4167,松瑞藥,35,6,29,富邦-新店,2024-04-23,9661
5009,榮剛,43,17,26,富邦-新店,2024-04-23,9661
2888,新光金,40,15,25,富邦-新店,2024-04-23,9661
1440,南紡,69,44,25,富邦-新店,2024-04-23,9661
2511,太子,70,46,24,富邦-新店,2024-04-23,9661
3050,鈺德,23,0,23,富邦-新店,2024-04-23,9661
6869,雲豹能源,32,9,23,富邦-新店,2024-04-23,9661
2489,瑞軒,39,16,23,富邦-新店,2024-04-23,9661
2449,京元電子,35,13,22,富邦-新店,2024-04-23,9661
2442,新美齊,25,3,22,富邦-新店,2024-04-23,9661
2365,昆盈,29,8,21,富邦-新店,2024-04-23,9661
2102,泰豐,20,0,20,富邦-新店,2024-04-23,9661
3230,錦明,20,0,20,富邦-新店,2024-04-23,9661
00676R,富邦臺灣加權反1,21,1,20,富邦-新店,2024-04-23,9661
2903,遠百,21,2,19,富邦-新店,2024-04-23,9661
6120,達運,62,43,19,富邦-新店,2024-04-23,9661
00632R,元大台灣50反1,20,1,19,富邦-新店,2024-04-23,9661
2851,中再保,19,0,19,富邦-新店,2024-04-23,9661
2374,佳能,75,57,18,富邦-新店,2024-04-23,9661
6125,廣運,72,54,18,富邦-新店,2024-04-23,9661
4960,誠美材,19,2,17,富邦-新店,2024-04-23,9661
8028,昇陽半導體,17,0,17,富邦-新店,2024-04-23,9661
2618,長榮航,4895,484,4411,富邦-新店,2024-04-24,9661
2317,鴻海,5286,4562,724,富邦-新店,2024-04-24,9661
00940,元大台灣價值高息,920,206,714,富邦-新店,2024-04-24,9661
00632R,元大台灣50反1,341,70,271,富邦-新店,2024-04-24,9661
00919,群益台灣精選高息,285,82,203,富邦-新店,2024-04-24,9661
00680L,元大美債20正2,145,0,145,富邦-新店,2024-04-24,9661
1312,國喬,135,0,135,富邦-新店,2024-04-24,9661
00937B,群益ESG投等債20,285,155,130,富邦-新店,2024-04-24,9661
00929,復華台灣科技優息,181,65,116,富邦-新店,2024-04-24,9661
1316,上曜,121,15,106,富邦-新店,2024-04-24,9661
6770,力積電,135,31,104,富邦-新店,2024-04-24,9661
2501,國建,166,68,98,富邦-新店,2024-04-24,9661
2383,台光電,111,18,93,富邦-新店,2024-04-24,9661
2883,凱基金,100,14,86,富邦-新店,2024-04-24,9661
2886,兆豐金,85,0,85,富邦-新店,2024-04-24,9661
3481,群創,87,3,84,富邦-新店,2024-04-24,9661
00687B,國泰20年美債,80,0,80,富邦-新店,2024-04-24,9661
1608,華榮,139,70,69,富邦-新店,2024-04-24,9661
2515,中工,151,85,66,富邦-新店,2024-04-24,9661
2405,輔信,63,0,63,富邦-新店,2024-04-24,9661
00679B,元大美債20年,57,1,56,富邦-新店,2024-04-24,9661
6669,緯穎,55,5,50,富邦-新店,2024-04-24,9661
2611,志信,50,1,49,富邦-新店,2024-04-24,9661
4306,炎洲,54,8,46,富邦-新店,2024-04-24,9661
2009,第一銅,66,21,45,富邦-新店,2024-04-24,9661
8936,國統,68,24,44,富邦-新店,2024-04-24,9661
00927,群益半導體收益,44,2,42,富邦-新店,2024-04-24,9661
2883B,凱基金乙特,40,0,40,富邦-新店,2024-04-24,9661
6768,志強-KY,41,1,40,富邦-新店,2024-04-24,9661
2027,大成鋼,52,13,39,富邦-新店,2024-04-24,9661
2801,彰銀,44,5,39,富邦-新店,2024-04-24,9661
2606,裕民,38,1,37,富邦-新店,2024-04-24,9661
4716,大立,42,8,34,富邦-新店,2024-04-24,9661
1314,中石化,164,130,34,富邦-新店,2024-04-24,9661
00891,中信關鍵半導體,35,2,33,富邦-新店,2024-04-24,9661
2851,中再保,33,1,32,富邦-新店,2024-04-24,9661
2630,亞航,42,12,30,富邦-新店,2024-04-24,9661
6753,龍德造船,42,12,30,富邦-新店,2024-04-24,9661
2102,泰豐,31,1,30,富邦-新店,2024-04-24,9661
5493,三聯,30,0,30,富邦-新店,2024-04-24,9661
2890,永豐金,32,4,28,富邦-新店,2024-04-24,9661
3548,兆利,30,3,27,富邦-新店,2024-04-24,9661
00941,中信上游半導體,27,0,27,富邦-新店,2024-04-24,9661
1455,集盛,35,9,26,富邦-新店,2024-04-24,9661
8404,百和興業-KY,26,0,26,富邦-新店,2024-04-24,9661
00673R,期元大S＆P原油反1,25,0,25,富邦-新店,2024-04-24,9661
1319,東陽,25,0,25,富邦-新店,2024-04-24,9661
2509,全坤建,28,4,24,富邦-新店,2024-04-24,9661
00931B,統一美債20年,25,2,23,富邦-新店,2024-04-24,9661
0056,元大高股息,40,17,23,富邦-新店,2024-04-24,9661
00940,元大台灣價值高息,525,18,507,富邦-新店,2024-04-25,9661
00919,群益台灣精選高息,301,2,299,富邦-新店,2024-04-25,9661
2610,華航,230,91,139,富邦-新店,2024-04-25,9661
00878,國泰永續高股息,151,29,122,富邦-新店,2024-04-25,9661
00687B,國泰20年美債,116,0,116,富邦-新店,2024-04-25,9661
00929,復華台灣科技優息,142,27,115,富邦-新店,2024-04-25,9661
3033,威健,120,8,112,富邦-新店,2024-04-25,9661
2316,楠梓電,124,13,111,富邦-新店,2024-04-25,9661
1440,南紡,179,77,102,富邦-新店,2024-04-25,9661
1717,長興,102,2,100,富邦-新店,2024-04-25,9661
00679B,元大美債20年,83,5,78,富邦-新店,2024-04-25,9661
1312,國喬,76,1,75,富邦-新店,2024-04-25,9661
00937B,群益ESG投等債20,402,330,72,富邦-新店,2024-04-25,9661
2406,國碩,72,0,72,富邦-新店,2024-04-25,9661
2630,亞航,118,52,66,富邦-新店,2024-04-25,9661
2515,中工,263,201,62,富邦-新店,2024-04-25,9661
6207,雷科,86,27,59,富邦-新店,2024-04-25,9661
00680L,元大美債20正2,65,6,59,富邦-新店,2024-04-25,9661
6770,力積電,56,2,54,富邦-新店,2024-04-25,9661
6005,群益證,88,34,54,富邦-新店,2024-04-25,9661
0050,元大台灣50,54,1,53,富邦-新店,2024-04-25,9661
0056,元大高股息,76,25,51,富邦-新店,2024-04-25,9661
00933B,國泰10Y+金融債,49,0,49,富邦-新店,2024-04-25,9661
2382,廣達,87,39,48,富邦-新店,2024-04-25,9661
6425,易發,55,10,45,富邦-新店,2024-04-25,9661
2851,中再保,58,13,45,富邦-新店,2024-04-25,9661
2509,全坤建,43,0,43,富邦-新店,2024-04-25,9661
2303,聯電,56,13,43,富邦-新店,2024-04-25,9661
2359,所羅門,54,12,42,富邦-新店,2024-04-25,9661
2367,燿華,53,11,42,富邦-新店,2024-04-25,9661
2330,台積電,52,11,41,富邦-新店,2024-04-25,9661
2344,華邦電,51,10,41,富邦-新店,2024-04-25,9661
1455,集盛,42,3,39,富邦-新店,2024-04-25,9661
2347,聯強,47,8,39,富邦-新店,2024-04-25,9661
5864,致和證,37,0,37,富邦-新店,2024-04-25,9661
5522,遠雄,43,7,36,富邦-新店,2024-04-25,9661
2206,三陽工業,95,59,36,富邦-新店,2024-04-25,9661
2354,鴻準,61,26,35,富邦-新店,2024-04-25,9661
1301,台塑,33,0,33,富邦-新店,2024-04-25,9661
3622,洋華,33,0,33,富邦-新店,2024-04-25,9661
00941,中信上游半導體,31,0,31,富邦-新店,2024-04-25,9661
1101,台泥,46,15,31,富邦-新店,2024-04-25,9661
2634,漢翔,76,45,31,富邦-新店,2024-04-25,9661
00939,統一台灣高息動能,40,10,30,富邦-新店,2024-04-25,9661
3050,鈺德,30,1,29,富邦-新店,2024-04-25,9661
2537,聯上發,45,16,29,富邦-新店,2024-04-25,9661
2324,仁寶,29,1,28,富邦-新店,2024-04-25,9661
8089,康全電訊,45,17,28,富邦-新店,2024-04-25,9661
00882,中信中國高股息,55,31,24,富邦-新店,2024-04-25,9661
2834,臺企銀,29,6,23,富邦-新店,2024-04-25,9661
2317,鴻海,5382,150,5232,富邦-新店,2024-04-26,9661
2610,華航,1571,412,1159,富邦-新店,2024-04-26,9661
00937B,群益ESG投等債20,369,70,299,富邦-新店,2024-04-26,9661
2371,大同,234,92,142,富邦-新店,2024-04-26,9661
00679B,元大美債20年,179,41,138,富邦-新店,2024-04-26,9661
00688L,國泰20年美債正2,120,7,113,富邦-新店,2024-04-26,9661
00632R,元大台灣50反1,122,10,112,富邦-新店,2024-04-26,9661
1532,勤美,123,14,109,富邦-新店,2024-04-26,9661
00929,復華台灣科技優息,134,35,99,富邦-新店,2024-04-26,9661
00687B,國泰20年美債,118,22,96,富邦-新店,2024-04-26,9661
2316,楠梓電,107,15,92,富邦-新店,2024-04-26,9661
00940,元大台灣價值高息,115,37,78,富邦-新店,2024-04-26,9661
2504,國產,75,6,69,富邦-新店,2024-04-26,9661
2362,藍天,66,8,58,富邦-新店,2024-04-26,9661
8210,勤誠,86,29,57,富邦-新店,2024-04-26,9661
00650L,復華香港正2,91,36,55,富邦-新店,2024-04-26,9661
6770,力積電,57,4,53,富邦-新店,2024-04-26,9661
2834,臺企銀,53,0,53,富邦-新店,2024-04-26,9661
1101,台泥,58,7,51,富邦-新店,2024-04-26,9661
6125,廣運,140,89,51,富邦-新店,2024-04-26,9661
2536,宏普,50,1,49,富邦-新店,2024-04-26,9661
6451,訊芯-KY,52,9,43,富邦-新店,2024-04-26,9661
2505,國揚,47,6,41,富邦-新店,2024-04-26,9661
2880,華南金,41,1,40,富邦-新店,2024-04-26,9661
3056,富華新,70,30,40,富邦-新店,2024-04-26,9661
3312,弘憶股,71,32,39,富邦-新店,2024-04-26,9661
3338,泰碩,78,43,35,富邦-新店,2024-04-26,9661
8110,華東,73,39,34,富邦-新店,2024-04-26,9661
00933B,國泰10Y+金融債,32,2,30,富邦-新店,2024-04-26,9661
00712,復華富時不動產,31,2,29,富邦-新店,2024-04-26,9661
2365,昆盈,37,8,29,富邦-新店,2024-04-26,9661
2329,華泰,37,8,29,富邦-新店,2024-04-26,9661
00720B,元大投資級公司債,38,9,29,富邦-新店,2024-04-26,9661
6139,亞翔,55,27,28,富邦-新店,2024-04-26,9661
2537,聯上發,72,44,28,富邦-新店,2024-04-26,9661
2855,統一證,33,5,28,富邦-新店,2024-04-26,9661
2867,三商壽,28,0,28,富邦-新店,2024-04-26,9661
3234,光環,43,17,26,富邦-新店,2024-04-26,9661
00939,統一台灣高息動能,36,10,26,富邦-新店,2024-04-26,9661
5864,致和證,26,1,25,富邦-新店,2024-04-26,9661
6177,達麗,27,2,25,富邦-新店,2024-04-26,9661
6288,聯嘉,24,0,24,富邦-新店,2024-04-26,9661
2739,寒舍,36,13,23,富邦-新店,2024-04-26,9661
1504,東元,37,14,23,富邦-新店,2024-04-26,9661
8234,新漢,39,17,22,富邦-新店,2024-04-26,9661
3231,緯創,65,43,22,富邦-新店,2024-04-26,9661
2406,國碩,21,0,21,富邦-新店,2024-04-26,9661
6425,易發,27,6,21,富邦-新店,2024-04-26,9661
8064,東捷,39,19,20,富邦-新店,2024-04-26,9661
1447,力鵬,20,0,20,富邦-新店,2024-04-26,9661
1314,中石化,8079,1079,7000,富邦-新店,2024-04-29,9661
2317,鴻海,1729,190,1539,富邦-新店,2024-04-29,9661
00940,元大台灣價值高息,491,77,414,富邦-新店,2024-04-29,9661
2618,長榮航,511,232,279,富邦-新店,2024-04-29,9661
1903,士紙,209,15,194,富邦-新店,2024-04-29,9661
00632R,元大台灣50反1,186,36,150,富邦-新店,2024-04-29,9661
2323,中環,169,48,121,富邦-新店,2024-04-29,9661
1802,台玻,113,0,113,富邦-新店,2024-04-29,9661
2316,楠梓電,110,19,91,富邦-新店,2024-04-29,9661
2371,大同,225,140,85,富邦-新店,2024-04-29,9661
2537,聯上發,161,78,83,富邦-新店,2024-04-29,9661
2367,燿華,104,31,73,富邦-新店,2024-04-29,9661
00706L,期元大S＆P日圓正2,126,54,72,富邦-新店,2024-04-29,9661
8088,品安,70,0,70,富邦-新店,2024-04-29,9661
3481,群創,144,75,69,富邦-新店,2024-04-29,9661
4909,新復興,72,7,65,富邦-新店,2024-04-29,9661
2383,台光電,81,21,60,富邦-新店,2024-04-29,9661
2913,農林,533,473,60,富邦-新店,2024-04-29,9661
4763,材料-KY,61,3,58,富邦-新店,2024-04-29,9661
2915,潤泰全,60,10,50,富邦-新店,2024-04-29,9661
2363,矽統,285,235,50,富邦-新店,2024-04-29,9661
00655L,國泰中國A50正2,62,13,49,富邦-新店,2024-04-29,9661
00878,國泰永續高股息,104,57,47,富邦-新店,2024-04-29,9661
2520,冠德,130,84,46,富邦-新店,2024-04-29,9661
4306,炎洲,55,10,45,富邦-新店,2024-04-29,9661
5230,雷笛克光學,67,22,45,富邦-新店,2024-04-29,9661
2506,太設,48,5,43,富邦-新店,2024-04-29,9661
3706,神達,52,10,42,富邦-新店,2024-04-29,9661
1440,南紡,128,87,41,富邦-新店,2024-04-29,9661
2887,台新金,57,16,41,富邦-新店,2024-04-29,9661
00650L,復華香港正2,100,60,40,富邦-新店,2024-04-29,9661
2101,南港,180,141,39,富邦-新店,2024-04-29,9661
2547,日勝生,55,15,40,富邦-新店,2024-04-29,9661
3324,雙鴻,48,9,39,富邦-新店,2024-04-29,9661
2834,臺企銀,97,59,38,富邦-新店,2024-04-29,9661
2505,國揚,89,52,37,富邦-新店,2024-04-29,9661
5864,致和證,38,1,37,富邦-新店,2024-04-29,9661
2486,一詮,110,76,34,富邦-新店,2024-04-29,9661
3056,富華新,58,24,34,富邦-新店,2024-04-29,9661
1201,味全,33,0,33,富邦-新店,2024-04-29,9661
00665L,富邦�琤肭磪囓�2,42,10,32,富邦-新店,2024-04-29,9661
2543,皇昌,46,17,29,富邦-新店,2024-04-29,9661
3264,欣銓,61,32,29,富邦-新店,2024-04-29,9661
1447,力鵬,28,2,26,富邦-新店,2024-04-29,9661
6190,萬泰科,27,2,25,富邦-新店,2024-04-29,9661
8234,新漢,30,5,25,富邦-新店,2024-04-29,9661
1409,新纖,86,62,24,富邦-新店,2024-04-29,9661
2065,世豐,23,0,23,富邦-新店,2024-04-29,9661
3217,優群,27,4,23,富邦-新店,2024-04-29,9661
3211,順達,62,39,23,富邦-新店,2024-04-29,9661
3481,群創,471,171,300,富邦-新店,2024-04-30,9661
5521,工信,277,13,264,富邦-新店,2024-04-30,9661
00937B,群益ESG投等債20,247,1,246,富邦-新店,2024-04-30,9661
00929,復華台灣科技優息,174,36,138,富邦-新店,2024-04-30,9661
2542,興富發,119,9,110,富邦-新店,2024-04-30,9661
2406,國碩,203,101,102,富邦-新店,2024-04-30,9661
2317,鴻海,169,68,101,富邦-新店,2024-04-30,9661
00919,群益台灣精選高息,108,10,98,富邦-新店,2024-04-30,9661
2515,中工,155,63,92,富邦-新店,2024-04-30,9661
1903,士紙,96,6,90,富邦-新店,2024-04-30,9661
2888,新光金,118,28,90,富邦-新店,2024-04-30,9661
00680L,元大美債20正2,84,0,84,富邦-新店,2024-04-30,9661
00940,元大台灣價值高息,165,82,83,富邦-新店,2024-04-30,9661
2363,矽統,335,254,81,富邦-新店,2024-04-30,9661
2316,楠梓電,296,226,70,富邦-新店,2024-04-30,9661
2618,長榮航,197,128,69,富邦-新店,2024-04-30,9661
8028,昇陽半導體,56,1,55,富邦-新店,2024-04-30,9661
6245,立端,43,0,43,富邦-新店,2024-04-30,9661
6770,力積電,55,13,42,富邦-新店,2024-04-30,9661
6197,佳必琪,47,7,40,富邦-新店,2024-04-30,9661
2641,正德,37,0,37,富邦-新店,2024-04-30,9661
1605,華新,46,10,36,富邦-新店,2024-04-30,9661
2883,凱基金,55,21,34,富邦-新店,2024-04-30,9661
8927,北基,33,0,33,富邦-新店,2024-04-30,9661
3679,新至陞,31,0,31,富邦-新店,2024-04-30,9661
4760,勤凱,34,3,31,富邦-新店,2024-04-30,9661
8069,元太,29,0,29,富邦-新店,2024-04-30,9661
6190,萬泰科,55,27,28,富邦-新店,2024-04-30,9661
2449,京元電子,45,19,26,富邦-新店,2024-04-30,9661
2547,日勝生,27,1,26,富邦-新店,2024-04-30,9661
2401,凌陽,48,22,26,富邦-新店,2024-04-30,9661
00753L,中信中國50正2,26,0,26,富邦-新店,2024-04-30,9661
9945,潤泰新,95,70,25,富邦-新店,2024-04-30,9661
1506,正道,25,0,25,富邦-新店,2024-04-30,9661
2201,裕隆,26,2,24,富邦-新店,2024-04-30,9661
9904,寶成,24,0,24,富邦-新店,2024-04-30,9661
6869,雲豹能源,24,0,24,富邦-新店,2024-04-30,9661
2705,六福,30,7,23,富邦-新店,2024-04-30,9661
2371,大同,125,102,23,富邦-新店,2024-04-30,9661
1220,台榮,23,0,23,富邦-新店,2024-04-30,9661
4763,材料-KY,23,1,22,富邦-新店,2024-04-30,9661
3715,定穎投控,60,39,21,富邦-新店,2024-04-30,9661
3691,碩禾,25,4,21,富邦-新店,2024-04-30,9661
2349,錸德,20,0,20,富邦-新店,2024-04-30,9661
00637L,元大滬深300正2,31,11,20,富邦-新店,2024-04-30,9661
00934,中信成長高股息,20,0,20,富邦-新店,2024-04-30,9661
2867,三商壽,25,5,20,富邦-新店,2024-04-30,9661
1708,東鹼,20,0,20,富邦-新店,2024-04-30,9661
2607,榮運,21,1,20,富邦-新店,2024-04-30,9661
2066,世德,20,0,20,富邦-新店,2024-04-30,9661
00937B,群益ESG投等債20,1968,50,1918,富邦-新店,2024-05-02,9661
5009,榮剛,1702,156,1546,富邦-新店,2024-05-02,9661
1722,台肥,508,8,500,富邦-新店,2024-05-02,9661
00664R,國泰臺灣加權反1,500,1,499,富邦-新店,2024-05-02,9661
5521,工信,580,134,446,富邦-新店,2024-05-02,9661
00878,國泰永續高股息,367,20,347,富邦-新店,2024-05-02,9661
2316,楠梓電,316,54,262,富邦-新店,2024-05-02,9661
3481,群創,276,20,256,富邦-新店,2024-05-02,9661
2618,長榮航,752,551,201,富邦-新店,2024-05-02,9661
2609,陽明,195,29,166,富邦-新店,2024-05-02,9661
1903,士紙,141,7,134,富邦-新店,2024-05-02,9661
1312,國喬,126,3,123,富邦-新店,2024-05-02,9661
4306,炎洲,107,2,105,富邦-新店,2024-05-02,9661
2634,漢翔,120,16,104,富邦-新店,2024-05-02,9661
2611,志信,97,12,85,富邦-新店,2024-05-02,9661
3703,欣陸,153,69,84,富邦-新店,2024-05-02,9661
1314,中石化,305,221,84,富邦-新店,2024-05-02,9661
2501,國建,355,279,76,富邦-新店,2024-05-02,9661
2317,鴻海,101,42,59,富邦-新店,2024-05-02,9661
2412,中華電,64,6,58,富邦-新店,2024-05-02,9661
8064,東捷,72,18,54,富邦-新店,2024-05-02,9661
00932,兆豐永續高息等權,51,0,51,富邦-新店,2024-05-02,9661
6202,盛群,61,11,50,富邦-新店,2024-05-02,9661
2330,台積電,59,13,46,富邦-新店,2024-05-02,9661
2362,藍天,50,6,44,富邦-新店,2024-05-02,9661
6239,力成,46,3,43,富邦-新店,2024-05-02,9661
2371,大同,141,100,41,富邦-新店,2024-05-02,9661
00929,復華台灣科技優息,94,53,41,富邦-新店,2024-05-02,9661
00945B,凱基美國非投等債,40,0,40,富邦-新店,2024-05-02,9661
1609,大亞,140,101,39,富邦-新店,2024-05-02,9661
00939,統一台灣高息動能,42,3,39,富邦-新店,2024-05-02,9661
1809,中釉,53,16,37,富邦-新店,2024-05-02,9661
1440,南紡,66,29,37,富邦-新店,2024-05-02,9661
1513,中興電,42,6,36,富邦-新店,2024-05-02,9661
2409,友達,42,6,36,富邦-新店,2024-05-02,9661
6770,力積電,61,25,36,富邦-新店,2024-05-02,9661
8086,宏捷科,34,0,34,富邦-新店,2024-05-02,9661
3266,昇陽,46,13,33,富邦-新店,2024-05-02,9661
00679B,元大美債20年,35,2,33,富邦-新店,2024-05-02,9661
0056,元大高股息,33,1,32,富邦-新店,2024-05-02,9661
2603,長榮,48,16,32,富邦-新店,2024-05-02,9661
3706,神達,35,4,31,富邦-新店,2024-05-02,9661
5864,致和證,40,9,31,富邦-新店,2024-05-02,9661
2809,京城銀,37,7,30,富邦-新店,2024-05-02,9661
3033,威健,83,57,26,富邦-新店,2024-05-02,9661
2724,藝舍-KY,26,0,26,富邦-新店,2024-05-02,9661
8028,昇陽半導體,27,1,26,富邦-新店,2024-05-02,9661
2615,萬海,52,27,25,富邦-新店,2024-05-02,9661
2486,一詮,58,34,24,富邦-新店,2024-05-02,9661
1614,三洋電,24,0,24,富邦-新店,2024-05-02,9661
2610,華航,2467,72,2395,富邦-新店,2024-05-03,9661
2511,太子,2440,49,2391,富邦-新店,2024-05-03,9661
00795B,中信美國公債20年,464,0,464,富邦-新店,2024-05-03,9661
00937B,群益ESG投等債20,453,15,438,富邦-新店,2024-05-03,9661
6770,力積電,394,85,309,富邦-新店,2024-05-03,9661
5521,工信,444,160,284,富邦-新店,2024-05-03,9661
00918,大華優利高填息30,205,1,204,富邦-新店,2024-05-03,9661
1609,大亞,281,80,201,富邦-新店,2024-05-03,9661
5512,力麒,229,43,186,富邦-新店,2024-05-03,9661
2316,楠梓電,170,9,161,富邦-新店,2024-05-03,9661
00940,元大台灣價值高息,175,41,134,富邦-新店,2024-05-03,9661
3013,晟銘電,155,44,111,富邦-新店,2024-05-03,9661
2852,第一保,119,8,111,富邦-新店,2024-05-03,9661
9945,潤泰新,290,183,107,富邦-新店,2024-05-03,9661
8096,擎亞,181,78,103,富邦-新店,2024-05-03,9661
00919,群益台灣精選高息,111,10,101,富邦-新店,2024-05-03,9661
2023,燁輝,100,0,100,富邦-新店,2024-05-03,9661
3481,群創,108,10,98,富邦-新店,2024-05-03,9661
3231,緯創,109,22,87,富邦-新店,2024-05-03,9661
1316,上曜,175,89,86,富邦-新店,2024-05-03,9661
00878,國泰永續高股息,126,57,69,富邦-新店,2024-05-03,9661
2881,富邦金,74,6,68,富邦-新店,2024-05-03,9661
1802,台玻,59,0,59,富邦-新店,2024-05-03,9661
2892,第一金,70,18,52,富邦-新店,2024-05-03,9661
2897A,王道銀甲特,50,0,50,富邦-新店,2024-05-03,9661
2312,金寶,50,0,50,富邦-新店,2024-05-03,9661
00945B,凱基美國非投等債,45,0,45,富邦-新店,2024-05-03,9661
3294,英濟,44,1,43,富邦-新店,2024-05-03,9661
4714,永捷,87,45,42,富邦-新店,2024-05-03,9661
2520,冠德,78,37,41,富邦-新店,2024-05-03,9661
2351,順德,45,6,39,富邦-新店,2024-05-03,9661
00751B,元大AAA至A公司債,38,0,38,富邦-新店,2024-05-03,9661
3715,定穎投控,64,27,37,富邦-新店,2024-05-03,9661
00687B,國泰20年美債,40,4,36,富邦-新店,2024-05-03,9661
3432,台端,36,0,36,富邦-新店,2024-05-03,9661
00679B,元大美債20年,50,14,36,富邦-新店,2024-05-03,9661
5515,建國,42,7,35,富邦-新店,2024-05-03,9661
6120,達運,36,3,33,富邦-新店,2024-05-03,9661
3703,欣陸,58,25,33,富邦-新店,2024-05-03,9661
1514,亞力,56,23,33,富邦-新店,2024-05-03,9661
00891,中信關鍵半導體,38,6,32,富邦-新店,2024-05-03,9661
4532,瑞智,31,0,31,富邦-新店,2024-05-03,9661
2537,聯上發,63,32,31,富邦-新店,2024-05-03,9661
1614,三洋電,31,0,31,富邦-新店,2024-05-03,9661
2630,亞航,33,2,31,富邦-新店,2024-05-03,9661
2317,鴻海,157,127,30,富邦-新店,2024-05-03,9661
2371,大同,212,182,30,富邦-新店,2024-05-03,9661
3686,達能,31,1,30,富邦-新店,2024-05-03,9661
2897,王道銀行,40,10,30,富邦-新店,2024-05-03,9661
6115,鎰勝,31,1,30,富邦-新店,2024-05-03,9661
2344,華邦電,2458,11,2447,富邦-新店,2024-05-06,9661
2317,鴻海,4561,3651,910,富邦-新店,2024-05-06,9661
2408,南亞科,1015,138,877,富邦-新店,2024-05-06,9661
2852,第一保,553,3,550,富邦-新店,2024-05-06,9661
00937B,群益ESG投等債20,307,48,259,富邦-新店,2024-05-06,9661
5521,工信,446,219,227,富邦-新店,2024-05-06,9661
00931B,統一美債20年,152,17,135,富邦-新店,2024-05-06,9661
1409,新纖,110,1,109,富邦-新店,2024-05-06,9661
00680L,元大美債20正2,219,115,104,富邦-新店,2024-05-06,9661
9924,福興,112,21,91,富邦-新店,2024-05-06,9661
2618,長榮航,189,101,88,富邦-新店,2024-05-06,9661
2449,京元電子,125,44,81,富邦-新店,2024-05-06,9661
2023,燁輝,80,0,80,富邦-新店,2024-05-06,9661
2406,國碩,77,0,77,富邦-新店,2024-05-06,9661
00720B,元大投資級公司債,80,3,77,富邦-新店,2024-05-06,9661
00929,復華台灣科技優息,82,14,68,富邦-新店,2024-05-06,9661
2501,國建,120,56,64,富邦-新店,2024-05-06,9661
00679B,元大美債20年,62,1,61,富邦-新店,2024-05-06,9661
00878,國泰永續高股息,148,89,59,富邦-新店,2024-05-06,9661
2536,宏普,59,1,58,富邦-新店,2024-05-06,9661
00752,中信中國50,52,1,51,富邦-新店,2024-05-06,9661
1532,勤美,54,5,49,富邦-新店,2024-05-06,9661
2301,光寶科,58,10,48,富邦-新店,2024-05-06,9661
3062,建漢,71,26,45,富邦-新店,2024-05-06,9661
00632R,元大台灣50反1,59,15,44,富邦-新店,2024-05-06,9661
1308,亞聚,44,1,43,富邦-新店,2024-05-06,9661
6190,萬泰科,42,0,42,富邦-新店,2024-05-06,9661
2062,橋椿,40,2,38,富邦-新店,2024-05-06,9661
2609,陽明,121,83,38,富邦-新店,2024-05-06,9661
2867,三商壽,40,3,37,富邦-新店,2024-05-06,9661
2324,仁寶,43,7,36,富邦-新店,2024-05-06,9661
2915,潤泰全,47,12,35,富邦-新店,2024-05-06,9661
3033,威健,129,97,32,富邦-新店,2024-05-06,9661
2634,漢翔,39,7,32,富邦-新店,2024-05-06,9661
9933,中鼎,78,47,31,富邦-新店,2024-05-06,9661
1609,大亞,72,42,30,富邦-新店,2024-05-06,9661
00919,群益台灣精選高息,95,65,30,富邦-新店,2024-05-06,9661
00686R,群益臺灣加權反1,30,0,30,富邦-新店,2024-05-06,9661
1605,華新,46,17,29,富邦-新店,2024-05-06,9661
00940,元大台灣價值高息,91,63,28,富邦-新店,2024-05-06,9661
00915,凱基優選高股息30,33,7,26,富邦-新店,2024-05-06,9661
3564,其陽,36,10,26,富邦-新店,2024-05-06,9661
00757,統一FANG+,26,1,25,富邦-新店,2024-05-06,9661
5864,致和證,25,1,24,富邦-新店,2024-05-06,9661
2834,臺企銀,47,24,23,富邦-新店,2024-05-06,9661
4714,永捷,38,16,22,富邦-新店,2024-05-06,9661
2313,華通,33,11,22,富邦-新店,2024-05-06,9661
1440,南紡,28,6,22,富邦-新店,2024-05-06,9661
5324,士開,22,0,22,富邦-新店,2024-05-06,9661
8064,東捷,27,5,22,富邦-新店,2024-05-06,9661
2313,華通,839,13,826,富邦-新店,2024-05-07,9661
00937B,群益ESG投等債20,537,115,422,富邦-新店,2024-05-07,9661
00687B,國泰20年美債,214,75,139,富邦-新店,2024-05-07,9661
2344,華邦電,232,104,128,富邦-新店,2024-05-07,9661
00940,元大台灣價值高息,142,25,117,富邦-新店,2024-05-07,9661
1442,名軒,110,4,106,富邦-新店,2024-05-07,9661
3050,鈺德,156,50,106,富邦-新店,2024-05-07,9661
2852,第一保,103,1,102,富邦-新店,2024-05-07,9661
2618,長榮航,228,132,96,富邦-新店,2024-05-07,9661
00929,復華台灣科技優息,142,53,89,富邦-新店,2024-05-07,9661
2317,鴻海,323,237,86,富邦-新店,2024-05-07,9661
6150,撼訊,100,22,78,富邦-新店,2024-05-07,9661
1453,大將,123,53,70,富邦-新店,2024-05-07,9661
2515,中工,109,43,66,富邦-新店,2024-05-07,9661
2514,龍邦,65,0,65,富邦-新店,2024-05-07,9661
2406,國碩,61,0,61,富邦-新店,2024-05-07,9661
1101,台泥,68,7,61,富邦-新店,2024-05-07,9661
1609,大亞,250,197,53,富邦-新店,2024-05-07,9661
5392,能率,79,27,52,富邦-新店,2024-05-07,9661
8096,擎亞,181,131,50,富邦-新店,2024-05-07,9661
2363,矽統,153,105,48,富邦-新店,2024-05-07,9661
5534,長虹,41,3,38,富邦-新店,2024-05-07,9661
00679B,元大美債20年,64,27,37,富邦-新店,2024-05-07,9661
1304,台聚,36,0,36,富邦-新店,2024-05-07,9661
4967,十銓,52,16,36,富邦-新店,2024-05-07,9661
2610,華航,46,10,36,富邦-新店,2024-05-07,9661
00720B,元大投資級公司債,41,7,34,富邦-新店,2024-05-07,9661
00857B,永豐20年美公債,35,2,33,富邦-新店,2024-05-07,9661
3376,新日興,39,7,32,富邦-新店,2024-05-07,9661
4973,廣穎,33,1,32,富邦-新店,2024-05-07,9661
2241,艾姆勒,42,11,31,富邦-新店,2024-05-07,9661
8936,國統,50,19,31,富邦-新店,2024-05-07,9661
6138,茂達,32,2,30,富邦-新店,2024-05-07,9661
8930,青鋼,30,0,30,富邦-新店,2024-05-07,9661
2351,順德,30,0,30,富邦-新店,2024-05-07,9661
2897,王道銀行,30,0,30,富邦-新店,2024-05-07,9661
2834,臺企銀,42,13,29,富邦-新店,2024-05-07,9661
8112,至上,46,18,28,富邦-新店,2024-05-07,9661
5871,中租-KY,27,0,27,富邦-新店,2024-05-07,9661
2486,一詮,185,159,26,富邦-新店,2024-05-07,9661
3363,上詮,102,76,26,富邦-新店,2024-05-07,9661
8048,德勝,29,4,25,富邦-新店,2024-05-07,9661
1456,怡華,26,1,25,富邦-新店,2024-05-07,9661
4960,誠美材,25,0,25,富邦-新店,2024-05-07,9661
00662,富邦NASDAQ,25,0,25,富邦-新店,2024-05-07,9661
2312,金寶,29,5,24,富邦-新店,2024-05-07,9661
3708,上緯投控,39,15,24,富邦-新店,2024-05-07,9661
6188,廣明,53,30,23,富邦-新店,2024-05-07,9661
00650L,復華香港正2,25,2,23,富邦-新店,2024-05-07,9661
2603,長榮,32,9,23,富邦-新店,2024-05-07,9661
4967,十銓,1155,419,736,富邦-新店,2024-05-08,9661
00937B,群益ESG投等債20,485,218,267,富邦-新店,2024-05-08,9661
00679B,元大美債20年,270,53,217,富邦-新店,2024-05-08,9661
8277,商丞,192,0,192,富邦-新店,2024-05-08,9661
2892,第一金,203,13,190,富邦-新店,2024-05-08,9661
00940,元大台灣價值高息,197,38,159,富邦-新店,2024-05-08,9661
1612,宏泰,144,25,119,富邦-新店,2024-05-08,9661
2915,潤泰全,121,5,116,富邦-新店,2024-05-08,9661
9105,泰金寶-DR,110,1,109,富邦-新店,2024-05-08,9661
2618,長榮航,144,43,101,富邦-新店,2024-05-08,9661
2641,正德,212,115,97,富邦-新店,2024-05-08,9661
4561,健椿,105,10,95,富邦-新店,2024-05-08,9661
00929,復華台灣科技優息,161,69,92,富邦-新店,2024-05-08,9661
5871,中租-KY,112,27,85,富邦-新店,2024-05-08,9661
00919,群益台灣精選高息,97,15,82,富邦-新店,2024-05-08,9661
00941,中信上游半導體,90,16,74,富邦-新店,2024-05-08,9661
1314,中石化,157,89,68,富邦-新店,2024-05-08,9661
2603,長榮,68,5,63,富邦-新店,2024-05-08,9661
00632R,元大台灣50反1,76,15,61,富邦-新店,2024-05-08,9661
2002,中鋼,62,4,58,富邦-新店,2024-05-08,9661
00665L,富邦�琤肭磪囓�2,53,0,53,富邦-新店,2024-05-08,9661
2317,鴻海,181,129,52,富邦-新店,2024-05-08,9661
2515,中工,121,69,52,富邦-新店,2024-05-08,9661
1608,華榮,101,49,52,富邦-新店,2024-05-08,9661
3036,文曄,62,10,52,富邦-新店,2024-05-08,9661
3189,景碩,51,3,48,富邦-新店,2024-05-08,9661
00650L,復華香港正2,48,0,48,富邦-新店,2024-05-08,9661
6215,和椿,97,51,46,富邦-新店,2024-05-08,9661
8936,國統,54,8,46,富邦-新店,2024-05-08,9661
3686,達能,50,5,45,富邦-新店,2024-05-08,9661
3481,群創,96,55,41,富邦-新店,2024-05-08,9661
00687B,國泰20年美債,56,15,41,富邦-新店,2024-05-08,9661
1453,大將,41,3,38,富邦-新店,2024-05-08,9661
4532,瑞智,57,19,38,富邦-新店,2024-05-08,9661
5234,達興材料,42,5,37,富邦-新店,2024-05-08,9661
3533,嘉澤,36,0,36,富邦-新店,2024-05-08,9661
1532,勤美,39,5,34,富邦-新店,2024-05-08,9661
5213,亞昕,37,6,31,富邦-新店,2024-05-08,9661
6150,撼訊,31,0,31,富邦-新店,2024-05-08,9661
8048,德勝,36,6,30,富邦-新店,2024-05-08,9661
2605,新興,175,146,29,富邦-新店,2024-05-08,9661
5864,致和證,29,0,29,富邦-新店,2024-05-08,9661
1618,合機,161,134,27,富邦-新店,2024-05-08,9661
1304,台聚,28,1,27,富邦-新店,2024-05-08,9661
2634,漢翔,59,34,25,富邦-新店,2024-05-08,9661
9945,潤泰新,40,14,26,富邦-新店,2024-05-08,9661
2347,聯強,30,5,25,富邦-新店,2024-05-08,9661
6770,力積電,25,0,25,富邦-新店,2024-05-08,9661
6443,元晶,28,3,25,富邦-新店,2024-05-08,9661
3376,新日興,50,25,25,富邦-新店,2024-05-08,9661
2603,長榮,2014,31,1983,富邦-新店,2024-05-09,9661
00937B,群益ESG投等債20,473,30,443,富邦-新店,2024-05-09,9661
2618,長榮航,452,124,328,富邦-新店,2024-05-09,9661
00929,復華台灣科技優息,282,2,280,富邦-新店,2024-05-09,9661
1714,和桐,216,9,207,富邦-新店,2024-05-09,9661
2883,凱基金,209,13,196,富邦-新店,2024-05-09,9661
00878,國泰永續高股息,214,39,175,富邦-新店,2024-05-09,9661
2880,華南金,178,9,169,富邦-新店,2024-05-09,9661
2382,廣達,204,39,165,富邦-新店,2024-05-09,9661
1609,大亞,177,43,134,富邦-新店,2024-05-09,9661
2888,新光金,238,115,123,富邦-新店,2024-05-09,9661
1314,中石化,184,67,117,富邦-新店,2024-05-09,9661
2887,台新金,105,6,99,富邦-新店,2024-05-09,9661
2915,潤泰全,108,9,99,富邦-新店,2024-05-09,9661
2408,南亞科,148,60,88,富邦-新店,2024-05-09,9661
2489,瑞軒,98,12,86,富邦-新店,2024-05-09,9661
2634,漢翔,89,6,83,富邦-新店,2024-05-09,9661
00940,元大台灣價值高息,138,57,81,富邦-新店,2024-05-09,9661
3231,緯創,101,21,80,富邦-新店,2024-05-09,9661
1473,台南,80,3,77,富邦-新店,2024-05-09,9661
2889,國票金,93,23,70,富邦-新店,2024-05-09,9661
9935,慶豐富,70,0,70,富邦-新店,2024-05-09,9661
00679B,元大美債20年,99,32,67,富邦-新店,2024-05-09,9661
00635U,期元大S＆P黃金,60,0,60,富邦-新店,2024-05-09,9661
2303,聯電,85,25,60,富邦-新店,2024-05-09,9661
5871,中租-KY,64,5,59,富邦-新店,2024-05-09,9661
2834,臺企銀,65,8,57,富邦-新店,2024-05-09,9661
2101,南港,63,7,56,富邦-新店,2024-05-09,9661
3686,達能,57,3,54,富邦-新店,2024-05-09,9661
2542,興富發,56,2,54,富邦-新店,2024-05-09,9661
9945,潤泰新,58,5,53,富邦-新店,2024-05-09,9661
1605,華新,66,14,52,富邦-新店,2024-05-09,9661
2891,中信金,87,36,51,富邦-新店,2024-05-09,9661
2501,國建,93,47,46,富邦-新店,2024-05-09,9661
00632R,元大台灣50反1,45,0,45,富邦-新店,2024-05-09,9661
3260,威剛,70,27,43,富邦-新店,2024-05-09,9661
2301,光寶科,45,2,43,富邦-新店,2024-05-09,9661
3036,文曄,76,34,42,富邦-新店,2024-05-09,9661
00673R,期元大S＆P原油反1,41,0,41,富邦-新店,2024-05-09,9661
1815,富喬,81,40,41,富邦-新店,2024-05-09,9661
2337,旺宏,38,1,37,富邦-新店,2024-05-09,9661
1301,台塑,37,0,37,富邦-新店,2024-05-09,9661
4561,健椿,39,3,36,富邦-新店,2024-05-09,9661
2476,鉅祥,36,4,32,富邦-新店,2024-05-09,9661
1618,合機,77,46,31,富邦-新店,2024-05-09,9661
3029,零壹,30,0,30,富邦-新店,2024-05-09,9661
3338,泰碩,38,8,30,富邦-新店,2024-05-09,9661
2851,中再保,32,3,29,富邦-新店,2024-05-09,9661
00712,復華富時不動產,31,2,29,富邦-新店,2024-05-09,9661
5425,台半,27,1,26,富邦-新店,2024-05-09,9661
2882,國泰金,5618,383,5235,富邦-新店,2024-05-10,9661
2330,台積電,910,27,883,富邦-新店,2024-05-10,9661
2887,台新金,701,12,689,富邦-新店,2024-05-10,9661
2610,華航,850,425,425,富邦-新店,2024-05-10,9661
00929,復華台灣科技優息,449,46,403,富邦-新店,2024-05-10,9661
00937B,群益ESG投等債20,274,29,245,富邦-新店,2024-05-10,9661
6239,力成,169,3,166,富邦-新店,2024-05-10,9661
00946,群益科技高息成長,160,11,149,富邦-新店,2024-05-10,9661
00940,元大台灣價值高息,214,70,144,富邦-新店,2024-05-10,9661
00944,野村趨勢動能高息,142,13,129,富邦-新店,2024-05-10,9661
2313,華通,130,28,102,富邦-新店,2024-05-10,9661
2442,新美齊,100,1,99,富邦-新店,2024-05-10,9661
00680L,元大美債20正2,133,35,98,富邦-新店,2024-05-10,9661
3264,欣銓,93,12,81,富邦-新店,2024-05-10,9661
2371,大同,130,57,73,富邦-新店,2024-05-10,9661
2845,遠東銀,76,4,72,富邦-新店,2024-05-10,9661
1440,南紡,70,0,70,富邦-新店,2024-05-10,9661
8112,至上,122,60,62,富邦-新店,2024-05-10,9661
2374,佳能,104,43,61,富邦-新店,2024-05-10,9661
2881,富邦金,167,109,58,富邦-新店,2024-05-10,9661
2611,志信,73,15,58,富邦-新店,2024-05-10,9661
2002,中鋼,61,7,54,富邦-新店,2024-05-10,9661
00700,富邦�琤肭磪�,51,0,51,富邦-新店,2024-05-10,9661
8926,台汽電,64,14,50,富邦-新店,2024-05-10,9661
2906,高林,51,2,49,富邦-新店,2024-05-10,9661
4561,健椿,56,8,48,富邦-新店,2024-05-10,9661
2888,新光金,120,74,46,富邦-新店,2024-05-10,9661
00753L,中信中國50正2,62,17,45,富邦-新店,2024-05-10,9661
6770,力積電,50,5,45,富邦-新店,2024-05-10,9661
3303,岱稜,78,34,44,富邦-新店,2024-05-10,9661
3706,神達,76,34,42,富邦-新店,2024-05-10,9661
6026,福邦證,52,11,41,富邦-新店,2024-05-10,9661
00941,中信上游半導體,46,7,39,富邦-新店,2024-05-10,9661
3492,長盛,39,0,39,富邦-新店,2024-05-10,9661
2359,所羅門,76,38,38,富邦-新店,2024-05-10,9661
2836,高雄銀,39,1,38,富邦-新店,2024-05-10,9661
00650L,復華香港正2,36,0,36,富邦-新店,2024-05-10,9661
00751B,元大AAA至A公司債,42,7,35,富邦-新店,2024-05-10,9661
2363,矽統,86,51,35,富邦-新店,2024-05-10,9661
5871,中租-KY,59,25,34,富邦-新店,2024-05-10,9661
5521,工信,46,14,32,富邦-新店,2024-05-10,9661
6189,豐藝,36,6,30,富邦-新店,2024-05-10,9661
00686R,群益臺灣加權反1,30,0,30,富邦-新店,2024-05-10,9661
2489,瑞軒,32,4,28,富邦-新店,2024-05-10,9661
4967,十銓,56,29,27,富邦-新店,2024-05-10,9661
6190,萬泰科,25,0,25,富邦-新店,2024-05-10,9661
2892,第一金,54,29,25,富邦-新店,2024-05-10,9661
1569,濱川,24,0,24,富邦-新店,2024-05-10,9661
6235,華孚,27,4,23,富邦-新店,2024-05-10,9661
8086,宏捷科,26,4,22,富邦-新店,2024-05-10,9661
2915,潤泰全,1513,80,1433,富邦-新店,2024-05-13,9661
2618,長榮航,677,171,506,富邦-新店,2024-05-13,9661
9904,寶成,408,0,408,富邦-新店,2024-05-13,9661
2610,華航,523,184,339,富邦-新店,2024-05-13,9661
00937B,群益ESG投等債20,366,36,330,富邦-新店,2024-05-13,9661
8112,至上,406,88,318,富邦-新店,2024-05-13,9661
00637L,元大滬深300正2,299,0,299,富邦-新店,2024-05-13,9661
00940,元大台灣價值高息,294,25,269,富邦-新店,2024-05-13,9661
00929,復華台灣科技優息,357,114,243,富邦-新店,2024-05-13,9661
2615,萬海,399,163,236,富邦-新店,2024-05-13,9661
1609,大亞,239,27,212,富邦-新店,2024-05-13,9661
00935,野村臺灣新科技50,200,8,192,富邦-新店,2024-05-13,9661
2891,中信金,187,13,174,富邦-新店,2024-05-13,9661
1314,中石化,225,60,165,富邦-新店,2024-05-13,9661
00679B,元大美債20年,161,5,156,富邦-新店,2024-05-13,9661
00680L,元大美債20正2,117,0,117,富邦-新店,2024-05-13,9661
3231,緯創,131,26,105,富邦-新店,2024-05-13,9661
00919,群益台灣精選高息,130,37,93,富邦-新店,2024-05-13,9661
2641,正德,178,90,88,富邦-新店,2024-05-13,9661
6005,群益證,81,1,80,富邦-新店,2024-05-13,9661
2501,國建,116,53,63,富邦-新店,2024-05-13,9661
3189,景碩,61,0,61,富邦-新店,2024-05-13,9661
2367,燿華,291,233,58,富邦-新店,2024-05-13,9661
3005,神基,73,20,53,富邦-新店,2024-05-13,9661
4561,健椿,62,14,48,富邦-新店,2024-05-13,9661
2365,昆盈,55,12,43,富邦-新店,2024-05-13,9661
5340,建榮,44,2,42,富邦-新店,2024-05-13,9661
8048,德勝,41,0,41,富邦-新店,2024-05-13,9661
00932,兆豐永續高息等權,40,0,40,富邦-新店,2024-05-13,9661
2884,玉山金,45,6,39,富邦-新店,2024-05-13,9661
1522,堤維西,135,98,37,富邦-新店,2024-05-13,9661
2412,中華電,40,3,37,富邦-新店,2024-05-13,9661
6179,亞通,35,0,35,富邦-新店,2024-05-13,9661
2406,國碩,174,139,35,富邦-新店,2024-05-13,9661
6197,佳必琪,44,10,34,富邦-新店,2024-05-13,9661
2101,南港,37,5,32,富邦-新店,2024-05-13,9661
3260,威剛,69,39,30,富邦-新店,2024-05-13,9661
00751B,元大AAA至A公司債,34,5,29,富邦-新店,2024-05-13,9661
00936,台新永續高息中小,28,0,28,富邦-新店,2024-05-13,9661
2612,中航,48,20,28,富邦-新店,2024-05-13,9661
3059,華晶科,55,27,28,富邦-新店,2024-05-13,9661
2362,藍天,119,92,27,富邦-新店,2024-05-13,9661
1303,南亞,27,0,27,富邦-新店,2024-05-13,9661
00632R,元大台灣50反1,77,50,27,富邦-新店,2024-05-13,9661
00687B,國泰20年美債,32,5,27,富邦-新店,2024-05-13,9661
2606,裕民,171,144,27,富邦-新店,2024-05-13,9661
2855,統一證,25,1,24,富邦-新店,2024-05-13,9661
00715L,期街口布蘭特正2,24,0,24,富邦-新店,2024-05-13,9661
3376,新日興,39,16,23,富邦-新店,2024-05-13,9661
6180,橘子,23,1,22,富邦-新店,2024-05-13,9661
2382,廣達,3295,244,3051,富邦-新店,2024-05-14,9661
00679B,元大美債20年,368,29,339,富邦-新店,2024-05-14,9661
00929,復華台灣科技優息,370,58,312,富邦-新店,2024-05-14,9661
00637L,元大滬深300正2,199,0,199,富邦-新店,2024-05-14,9661
00937B,群益ESG投等債20,235,60,175,富邦-新店,2024-05-14,9661
2882,國泰金,153,24,129,富邦-新店,2024-05-14,9661
2101,南港,148,24,124,富邦-新店,2024-05-14,9661
2323,中環,113,5,108,富邦-新店,2024-05-14,9661
00753L,中信中國50正2,111,5,106,富邦-新店,2024-05-14,9661
3017,奇鋐,117,16,101,富邦-新店,2024-05-14,9661
3050,鈺德,131,42,89,富邦-新店,2024-05-14,9661
2374,佳能,196,121,75,富邦-新店,2024-05-14,9661
2520,冠德,96,21,75,富邦-新店,2024-05-14,9661
2867,三商壽,96,23,73,富邦-新店,2024-05-14,9661
00931B,統一美債20年,151,80,71,富邦-新店,2024-05-14,9661
2641,正德,122,51,71,富邦-新店,2024-05-14,9661
2615,萬海,739,674,65,富邦-新店,2024-05-14,9661
3231,緯創,81,18,63,富邦-新店,2024-05-14,9661
1522,堤維西,144,82,62,富邦-新店,2024-05-14,9661
1540,喬福,54,0,54,富邦-新店,2024-05-14,9661
1514,亞力,61,9,52,富邦-新店,2024-05-14,9661
4532,瑞智,75,25,50,富邦-新店,2024-05-14,9661
00878,國泰永續高股息,128,81,47,富邦-新店,2024-05-14,9661
00919,群益台灣精選高息,145,99,46,富邦-新店,2024-05-14,9661
2355,敬鵬,81,37,44,富邦-新店,2024-05-14,9661
00751B,元大AAA至A公司債,42,1,41,富邦-新店,2024-05-14,9661
00632R,元大台灣50反1,86,45,41,富邦-新店,2024-05-14,9661
2884,玉山金,47,6,41,富邦-新店,2024-05-14,9661
2836,高雄銀,36,0,36,富邦-新店,2024-05-14,9661
00933B,國泰10Y+金融債,41,5,36,富邦-新店,2024-05-14,9661
2607,榮運,37,2,35,富邦-新店,2024-05-14,9661
2501,國建,62,27,35,富邦-新店,2024-05-14,9661
3703,欣陸,35,1,34,富邦-新店,2024-05-14,9661
5531,鄉林,37,5,32,富邦-新店,2024-05-14,9661
2801,彰銀,43,11,32,富邦-新店,2024-05-14,9661
1101,台泥,37,7,30,富邦-新店,2024-05-14,9661
00686R,群益臺灣加權反1,30,0,30,富邦-新店,2024-05-14,9661
6197,佳必琪,40,11,29,富邦-新店,2024-05-14,9661
5871,中租-KY,42,15,27,富邦-新店,2024-05-14,9661
1609,大亞,71,46,25,富邦-新店,2024-05-14,9661
1605,華新,30,6,24,富邦-新店,2024-05-14,9661
2892,第一金,26,3,23,富邦-新店,2024-05-14,9661
2538,基泰,22,0,22,富邦-新店,2024-05-14,9661
3062,建漢,24,3,21,富邦-新店,2024-05-14,9661
00665L,富邦�琤肭磪囓�2,26,6,20,富邦-新店,2024-05-14,9661
5864,致和證,20,0,20,富邦-新店,2024-05-14,9661
1810,和成,20,0,20,富邦-新店,2024-05-14,9661
00635U,期元大S＆P黃金,20,0,20,富邦-新店,2024-05-14,9661
2887,台新金,42,23,19,富邦-新店,2024-05-14,9661
5234,達興材料,22,3,19,富邦-新店,2024-05-14,9661
9904,寶成,2046,9,2037,富邦-新店,2024-05-15,9661
00937B,群益ESG投等債20,558,7,551,富邦-新店,2024-05-15,9661
2882,國泰金,421,144,277,富邦-新店,2024-05-15,9661
00637L,元大滬深300正2,196,0,196,富邦-新店,2024-05-15,9661
00679B,元大美債20年,194,6,188,富邦-新店,2024-05-15,9661
3047,訊舟,313,134,179,富邦-新店,2024-05-15,9661
2356,英業達,285,109,176,富邦-新店,2024-05-15,9661
2897,王道銀行,200,29,171,富邦-新店,2024-05-15,9661
00878,國泰永續高股息,354,190,164,富邦-新店,2024-05-15,9661
00919,群益台灣精選高息,252,91,161,富邦-新店,2024-05-15,9661
00940,元大台灣價值高息,320,161,159,富邦-新店,2024-05-15,9661
00929,復華台灣科技優息,211,73,138,富邦-新店,2024-05-15,9661
2367,燿華,495,363,132,富邦-新店,2024-05-15,9661
2514,龍邦,120,10,110,富邦-新店,2024-05-15,9661
00687B,國泰20年美債,103,7,96,富邦-新店,2024-05-15,9661
1618,合機,136,42,94,富邦-新店,2024-05-15,9661
00632R,元大台灣50反1,224,140,84,富邦-新店,2024-05-15,9661
00933B,國泰10Y+金融債,103,21,82,富邦-新店,2024-05-15,9661
2371,大同,112,34,78,富邦-新店,2024-05-15,9661
00946,群益科技高息成長,72,1,71,富邦-新店,2024-05-15,9661
00932,兆豐永續高息等權,92,28,64,富邦-新店,2024-05-15,9661
1609,大亞,163,107,56,富邦-新店,2024-05-15,9661
1608,華榮,93,38,55,富邦-新店,2024-05-15,9661
3189,景碩,54,0,54,富邦-新店,2024-05-15,9661
2476,鉅祥,161,108,53,富邦-新店,2024-05-15,9661
00936,台新永續高息中小,52,0,52,富邦-新店,2024-05-15,9661
3715,定穎投控,54,3,51,富邦-新店,2024-05-15,9661
2405,輔信,107,61,46,富邦-新店,2024-05-15,9661
2486,一詮,69,28,41,富邦-新店,2024-05-15,9661
4532,瑞智,49,8,41,富邦-新店,2024-05-15,9661
2634,漢翔,92,55,37,富邦-新店,2024-05-15,9661
1524,耿鼎,55,20,35,富邦-新店,2024-05-15,9661
2603,長榮,115,80,35,富邦-新店,2024-05-15,9661
6442,光聖,41,7,34,富邦-新店,2024-05-15,9661
2241,艾姆勒,57,25,32,富邦-新店,2024-05-15,9661
2382,廣達,193,162,31,富邦-新店,2024-05-15,9661
3211,順達,31,0,31,富邦-新店,2024-05-15,9661
1513,中興電,41,11,30,富邦-新店,2024-05-15,9661
00686R,群益臺灣加權反1,30,0,30,富邦-新店,2024-05-15,9661
2449,京元電子,31,1,30,富邦-新店,2024-05-15,9661
3217,優群,30,1,29,富邦-新店,2024-05-15,9661
5314,世紀,31,3,28,富邦-新店,2024-05-15,9661
4909,新復興,33,5,28,富邦-新店,2024-05-15,9661
3706,神達,75,47,28,富邦-新店,2024-05-15,9661
2515,中工,34,7,27,富邦-新店,2024-05-15,9661
2323,中環,57,30,27,富邦-新店,2024-05-15,9661
2002,中鋼,45,19,26,富邦-新店,2024-05-15,9661
3481,群創,39,13,26,富邦-新店,2024-05-15,9661
00715L,期街口布蘭特正2,28,2,26,富邦-新店,2024-05-15,9661
1808,潤隆,26,0,26,富邦-新店,2024-05-15,9661
2610,華航,11769,4017,7752,富邦-新店,2024-05-16,9661
2891,中信金,2507,210,2297,富邦-新店,2024-05-16,9661
2515,中工,592,62,530,富邦-新店,2024-05-16,9661
2382,廣達,593,105,488,富邦-新店,2024-05-16,9661
8028,昇陽半導體,332,17,315,富邦-新店,2024-05-16,9661
00937B,群益ESG投等債20,461,168,293,富邦-新店,2024-05-16,9661
00878,國泰永續高股息,340,90,250,富邦-新店,2024-05-16,9661
00637L,元大滬深300正2,237,36,201,富邦-新店,2024-05-16,9661
2356,英業達,262,73,189,富邦-新店,2024-05-16,9661
1303,南亞,190,11,179,富邦-新店,2024-05-16,9661
2317,鴻海,433,289,144,富邦-新店,2024-05-16,9661
00679B,元大美債20年,297,173,124,富邦-新店,2024-05-16,9661
00715L,期街口布蘭特正2,111,0,111,富邦-新店,2024-05-16,9661
9105,泰金寶-DR,116,15,101,富邦-新店,2024-05-16,9661
2365,昆盈,195,95,100,富邦-新店,2024-05-16,9661
3231,緯創,151,52,99,富邦-新店,2024-05-16,9661
2915,潤泰全,112,16,96,富邦-新店,2024-05-16,9661
00632R,元大台灣50反1,98,5,93,富邦-新店,2024-05-16,9661
2316,楠梓電,105,15,90,富邦-新店,2024-05-16,9661
5392,能率,133,45,88,富邦-新店,2024-05-16,9661
4909,新復興,79,11,68,富邦-新店,2024-05-16,9661
6257,矽格,86,30,56,富邦-新店,2024-05-16,9661
00922,國泰台灣領袖50,80,26,54,富邦-新店,2024-05-16,9661
2020,美亞,55,3,52,富邦-新店,2024-05-16,9661
00673R,期元大S＆P原油反1,48,0,48,富邦-新店,2024-05-16,9661
2301,光寶科,52,6,46,富邦-新店,2024-05-16,9661
00927,群益半導體收益,46,4,42,富邦-新店,2024-05-16,9661
2501,國建,99,57,42,富邦-新店,2024-05-16,9661
2408,南亞科,42,1,41,富邦-新店,2024-05-16,9661
6125,廣運,70,29,41,富邦-新店,2024-05-16,9661
6657,華安,33,0,33,富邦-新店,2024-05-16,9661
2453,凌群,57,25,32,富邦-新店,2024-05-16,9661
6442,光聖,37,6,31,富邦-新店,2024-05-16,9661
00733,富邦臺灣中小,41,10,31,富邦-新店,2024-05-16,9661
2464,盟立,80,49,31,富邦-新店,2024-05-16,9661
00686R,群益臺灣加權反1,30,0,30,富邦-新店,2024-05-16,9661
4543,萬在,34,5,29,富邦-新店,2024-05-16,9661
3483,力致,30,3,27,富邦-新店,2024-05-16,9661
00720B,元大投資級公司債,32,5,27,富邦-新店,2024-05-16,9661
2349,錸德,77,51,26,富邦-新店,2024-05-16,9661
911868,同方友友-DR,26,0,26,富邦-新店,2024-05-16,9661
2834,臺企銀,27,2,25,富邦-新店,2024-05-16,9661
2331,精英,61,36,25,富邦-新店,2024-05-16,9661
2201,裕隆,33,10,23,富邦-新店,2024-05-16,9661
8089,康全電訊,40,17,23,富邦-新店,2024-05-16,9661
4561,健椿,35,13,22,富邦-新店,2024-05-16,9661
2354,鴻準,49,29,20,富邦-新店,2024-05-16,9661
00945B,凱基美國非投等債,20,0,20,富邦-新店,2024-05-16,9661
2101,南港,72,52,20,富邦-新店,2024-05-16,9661
6150,撼訊,40,21,19,富邦-新店,2024-05-16,9661
8028,昇陽半導體,1694,133,1561,富邦-新店,2024-05-17,9661
00929,復華台灣科技優息,612,137,475,富邦-新店,2024-05-17,9661
00878,國泰永續高股息,515,43,472,富邦-新店,2024-05-17,9661
00637L,元大滬深300正2,368,12,356,富邦-新店,2024-05-17,9661
1714,和桐,240,0,240,富邦-新店,2024-05-17,9661
00940,元大台灣價值高息,316,112,204,富邦-新店,2024-05-17,9661
2610,華航,519,316,203,富邦-新店,2024-05-17,9661
00937B,群益ESG投等債20,202,6,196,富邦-新店,2024-05-17,9661
2618,長榮航,287,125,162,富邦-新店,2024-05-17,9661
3481,群創,192,57,135,富邦-新店,2024-05-17,9661
2312,金寶,188,71,117,富邦-新店,2024-05-17,9661
00679B,元大美債20年,131,32,99,富邦-新店,2024-05-17,9661
8089,康全電訊,114,15,99,富邦-新店,2024-05-17,9661
1903,士紙,93,5,88,富邦-新店,2024-05-17,9661
2883,凱基金,104,22,82,富邦-新店,2024-05-17,9661
2408,南亞科,112,31,81,富邦-新店,2024-05-17,9661
2106,建大,78,0,78,富邦-新店,2024-05-17,9661
1314,中石化,84,15,69,富邦-新店,2024-05-17,9661
3231,緯創,79,10,69,富邦-新店,2024-05-17,9661
2743,山富,74,13,61,富邦-新店,2024-05-17,9661
3059,華晶科,95,38,57,富邦-新店,2024-05-17,9661
3363,上詮,104,47,57,富邦-新店,2024-05-17,9661
9958,世紀鋼,59,8,51,富邦-新店,2024-05-17,9661
2887,台新金,56,9,47,富邦-新店,2024-05-17,9661
2609,陽明,208,162,46,富邦-新店,2024-05-17,9661
9904,寶成,59,14,45,富邦-新店,2024-05-17,9661
3024,憶聲,55,10,45,富邦-新店,2024-05-17,9661
00946,群益科技高息成長,44,0,44,富邦-新店,2024-05-17,9661
2323,中環,47,4,43,富邦-新店,2024-05-17,9661
00933B,國泰10Y+金融債,55,12,43,富邦-新店,2024-05-17,9661
5469,瀚宇博,65,22,43,富邦-新店,2024-05-17,9661
1608,華榮,116,74,42,富邦-新店,2024-05-17,9661
00944,野村趨勢動能高息,46,6,40,富邦-新店,2024-05-17,9661
00945B,凱基美國非投等債,35,0,35,富邦-新店,2024-05-17,9661
2409,友達,38,3,35,富邦-新店,2024-05-17,9661
4909,新復興,36,2,34,富邦-新店,2024-05-17,9661
6177,達麗,63,29,34,富邦-新店,2024-05-17,9661
2324,仁寶,46,13,33,富邦-新店,2024-05-17,9661
4934,太極,32,0,32,富邦-新店,2024-05-17,9661
2538,基泰,37,5,32,富邦-新店,2024-05-17,9661
4763,材料-KY,34,4,30,富邦-新店,2024-05-17,9661
2542,興富發,31,1,30,富邦-新店,2024-05-17,9661
2611,志信,34,5,29,富邦-新店,2024-05-17,9661
8033,雷虎,60,32,28,富邦-新店,2024-05-17,9661
00936,台新永續高息中小,37,10,27,富邦-新店,2024-05-17,9661
2606,裕民,29,4,25,富邦-新店,2024-05-17,9661
2915,潤泰全,37,12,25,富邦-新店,2024-05-17,9661
5392,能率,159,134,25,富邦-新店,2024-05-17,9661
00919,群益台灣精選高息,94,69,25,富邦-新店,2024-05-17,9661
9928,中視,25,0,25,富邦-新店,2024-05-17,9661
2027,大成鋼,3659,241,3418,富邦-新店,2024-05-20,9661
5871,中租-KY,1476,4,1472,富邦-新店,2024-05-20,9661
1605,華新,1587,167,1420,富邦-新店,2024-05-20,9661
00940,元大台灣價值高息,611,98,513,富邦-新店,2024-05-20,9661
00937B,群益ESG投等債20,500,50,450,富邦-新店,2024-05-20,9661
00929,復華台灣科技優息,426,79,347,富邦-新店,2024-05-20,9661
8028,昇陽半導體,334,18,316,富邦-新店,2024-05-20,9661
00637L,元大滬深300正2,343,33,310,富邦-新店,2024-05-20,9661
2618,長榮航,414,120,294,富邦-新店,2024-05-20,9661
2881,富邦金,155,5,150,富邦-新店,2024-05-20,9661
2337,旺宏,150,6,144,富邦-新店,2024-05-20,9661
2317,鴻海,197,61,136,富邦-新店,2024-05-20,9661
2392,正崴,197,67,130,富邦-新店,2024-05-20,9661
1909,榮成,213,88,125,富邦-新店,2024-05-20,9661
00878,國泰永續高股息,247,126,121,富邦-新店,2024-05-20,9661
2530,華建,90,0,90,富邦-新店,2024-05-20,9661
00679B,元大美債20年,115,26,89,富邦-新店,2024-05-20,9661
4763,材料-KY,87,4,83,富邦-新店,2024-05-20,9661
2605,新興,80,10,70,富邦-新店,2024-05-20,9661
2634,漢翔,146,77,69,富邦-新店,2024-05-20,9661
2542,興富發,72,6,66,富邦-新店,2024-05-20,9661
2867,三商壽,135,71,64,富邦-新店,2024-05-20,9661
2408,南亞科,66,8,58,富邦-新店,2024-05-20,9661
3481,群創,125,71,54,富邦-新店,2024-05-20,9661
4532,瑞智,54,3,51,富邦-新店,2024-05-20,9661
5009,榮剛,61,10,51,富邦-新店,2024-05-20,9661
00635U,期元大S＆P黃金,50,0,50,富邦-新店,2024-05-20,9661
2331,精英,65,17,48,富邦-新店,2024-05-20,9661
3033,威健,94,47,47,富邦-新店,2024-05-20,9661
2316,楠梓電,52,5,47,富邦-新店,2024-05-20,9661
3535,晶彩科,94,47,47,富邦-新店,2024-05-20,9661
3231,緯創,61,15,46,富邦-新店,2024-05-20,9661
3024,憶聲,50,4,46,富邦-新店,2024-05-20,9661
2329,華泰,59,14,45,富邦-新店,2024-05-20,9661
9945,潤泰新,113,68,45,富邦-新店,2024-05-20,9661
4976,佳凌,104,62,42,富邦-新店,2024-05-20,9661
2356,英業達,61,26,35,富邦-新店,2024-05-20,9661
4720,德淵,35,0,35,富邦-新店,2024-05-20,9661
1608,華榮,174,140,34,富邦-新店,2024-05-20,9661
2383,台光電,38,4,34,富邦-新店,2024-05-20,9661
3338,泰碩,98,65,33,富邦-新店,2024-05-20,9661
1603,華電,34,1,33,富邦-新店,2024-05-20,9661
00632R,元大台灣50反1,92,59,33,富邦-新店,2024-05-20,9661
00687B,國泰20年美債,55,22,33,富邦-新店,2024-05-20,9661
3059,華晶科,49,18,31,富邦-新店,2024-05-20,9661
00680L,元大美債20正2,61,30,31,富邦-新店,2024-05-20,9661
00713,元大台灣高息低波,30,1,29,富邦-新店,2024-05-20,9661
8089,康全電訊,31,3,28,富邦-新店,2024-05-20,9661
2880,華南金,34,6,28,富邦-新店,2024-05-20,9661
8071,能率網通,33,6,27,富邦-新店,2024-05-20,9661
2359,所羅門,1068,101,967,富邦-新店,2024-05-21,9661
00637L,元大滬深300正2,617,3,614,富邦-新店,2024-05-21,9661
00929,復華台灣科技優息,597,37,560,富邦-新店,2024-05-21,9661
00940,元大台灣價值高息,578,105,473,富邦-新店,2024-05-21,9661
00878,國泰永續高股息,405,41,364,富邦-新店,2024-05-21,9661
2027,大成鋼,292,39,253,富邦-新店,2024-05-21,9661
00937B,群益ESG投等債20,232,13,219,富邦-新店,2024-05-21,9661
00665L,富邦�琤肭磪囓�2,239,50,189,富邦-新店,2024-05-21,9661
2888,新光金,134,12,122,富邦-新店,2024-05-21,9661
00680L,元大美債20正2,119,5,114,富邦-新店,2024-05-21,9661
2409,友達,105,5,100,富邦-新店,2024-05-21,9661
00882,中信中國高股息,111,11,100,富邦-新店,2024-05-21,9661
2892,第一金,103,6,97,富邦-新店,2024-05-21,9661
2317,鴻海,151,57,94,富邦-新店,2024-05-21,9661
2883,凱基金,98,22,76,富邦-新店,2024-05-21,9661
3535,晶彩科,82,15,67,富邦-新店,2024-05-21,9661
00933B,國泰10Y+金融債,80,15,65,富邦-新店,2024-05-21,9661
1101,台泥,76,13,63,富邦-新店,2024-05-21,9661
5530,龍巖,62,0,62,富邦-新店,2024-05-21,9661
00943,兆豐電子高息等權,50,0,50,富邦-新店,2024-05-21,9661
3450,聯鈞,64,14,50,富邦-新店,2024-05-21,9661
1314,中石化,171,127,44,富邦-新店,2024-05-21,9661
2201,裕隆,43,3,40,富邦-新店,2024-05-21,9661
2891,中信金,126,86,40,富邦-新店,2024-05-21,9661
0056,元大高股息,47,7,40,富邦-新店,2024-05-21,9661
8070,長華*,49,10,39,富邦-新店,2024-05-21,9661
3703,欣陸,47,10,37,富邦-新店,2024-05-21,9661
00632R,元大台灣50反1,46,9,37,富邦-新店,2024-05-21,9661
3338,泰碩,99,62,37,富邦-新店,2024-05-21,9661
2867,三商壽,116,80,36,富邦-新店,2024-05-21,9661
2367,燿華,294,259,35,富邦-新店,2024-05-21,9661
2610,華航,128,94,34,富邦-新店,2024-05-21,9661
2614,東森,34,0,34,富邦-新店,2024-05-21,9661
00720B,元大投資級公司債,32,0,32,富邦-新店,2024-05-21,9661
1304,台聚,32,1,31,富邦-新店,2024-05-21,9661
2609,陽明,75,44,31,富邦-新店,2024-05-21,9661
00635U,期元大S＆P黃金,30,1,29,富邦-新店,2024-05-21,9661
1303,南亞,33,5,28,富邦-新店,2024-05-21,9661
2374,佳能,91,63,28,富邦-新店,2024-05-21,9661
2890,永豐金,41,14,27,富邦-新店,2024-05-21,9661
6209,今國光,34,7,27,富邦-新店,2024-05-21,9661
6015,宏遠證,30,3,27,富邦-新店,2024-05-21,9661
3702,大聯大,51,25,26,富邦-新店,2024-05-21,9661
2206,三陽工業,26,0,26,富邦-新店,2024-05-21,9661
00936,台新永續高息中小,26,0,26,富邦-新店,2024-05-21,9661
2504,國產,31,5,26,富邦-新店,2024-05-21,9661
8271,宇瞻,25,0,25,富邦-新店,2024-05-21,9661
00650L,復華香港正2,42,17,25,富邦-新店,2024-05-21,9661
00944,野村趨勢動能高息,24,0,24,富邦-新店,2024-05-21,9661
1808,潤隆,24,0,24,富邦-新店,2024-05-21,9661
3481,群創,4407,738,3669,富邦-新店,2024-05-22,9661
00637L,元大滬深300正2,581,0,581,富邦-新店,2024-05-22,9661
3047,訊舟,403,68,335,富邦-新店,2024-05-22,9661
00937B,群益ESG投等債20,313,25,288,富邦-新店,2024-05-22,9661
00632R,元大台灣50反1,219,3,216,富邦-新店,2024-05-22,9661
8028,昇陽半導體,236,48,188,富邦-新店,2024-05-22,9661
1303,南亞,143,4,139,富邦-新店,2024-05-22,9661
8064,東捷,130,30,100,富邦-新店,2024-05-22,9661
3033,威健,107,18,89,富邦-新店,2024-05-22,9661
1314,中石化,93,6,87,富邦-新店,2024-05-22,9661
00940,元大台灣價值高息,267,184,83,富邦-新店,2024-05-22,9661
4906,正文,126,44,82,富邦-新店,2024-05-22,9661
1714,和桐,81,1,80,富邦-新店,2024-05-22,9661
2489,瑞軒,90,10,80,富邦-新店,2024-05-22,9661
2884,玉山金,89,16,73,富邦-新店,2024-05-22,9661
2515,中工,85,12,73,富邦-新店,2024-05-22,9661
2504,國產,110,40,70,富邦-新店,2024-05-22,9661
2867,三商壽,79,17,62,富邦-新店,2024-05-22,9661
5425,台半,52,1,51,富邦-新店,2024-05-22,9661
00665L,富邦�琤肭磪囓�2,49,6,43,富邦-新店,2024-05-22,9661
1815,富喬,374,331,43,富邦-新店,2024-05-22,9661
9945,潤泰新,62,20,42,富邦-新店,2024-05-22,9661
2634,漢翔,59,18,41,富邦-新店,2024-05-22,9661
9955,佳龍,57,17,40,富邦-新店,2024-05-22,9661
8112,至上,46,7,39,富邦-新店,2024-05-22,9661
00655L,國泰中國A50正2,49,10,39,富邦-新店,2024-05-22,9661
4960,誠美材,56,18,38,富邦-新店,2024-05-22,9661
4111,濟生,57,22,35,富邦-新店,2024-05-22,9661
2915,潤泰全,38,5,33,富邦-新店,2024-05-22,9661
5230,雷笛克光學,50,19,31,富邦-新店,2024-05-22,9661
00751B,元大AAA至A公司債,32,2,30,富邦-新店,2024-05-22,9661
5351,鈺創,55,25,30,富邦-新店,2024-05-22,9661
00686R,群益臺灣加權反1,30,0,30,富邦-新店,2024-05-22,9661
00715L,期街口布蘭特正2,30,0,30,富邦-新店,2024-05-22,9661
3060,銘異,61,31,30,富邦-新店,2024-05-22,9661
00933B,國泰10Y+金融債,29,0,29,富邦-新店,2024-05-22,9661
2002,中鋼,54,25,29,富邦-新店,2024-05-22,9661
2609,陽明,80,52,28,富邦-新店,2024-05-22,9661
2890,永豐金,130,104,26,富邦-新店,2024-05-22,9661
2417,圓剛,67,41,26,富邦-新店,2024-05-22,9661
8110,華東,58,33,25,富邦-新店,2024-05-22,9661
8374,羅昇,25,0,25,富邦-新店,2024-05-22,9661
1319,東陽,24,1,23,富邦-新店,2024-05-22,9661
00944,野村趨勢動能高息,23,0,23,富邦-新店,2024-05-22,9661
2486,一詮,43,20,23,富邦-新店,2024-05-22,9661
00923,群益台ESG低碳50,25,3,22,富邦-新店,2024-05-22,9661
2892,第一金,28,6,22,富邦-新店,2024-05-22,9661
4909,新復興,22,0,22,富邦-新店,2024-05-22,9661
2880,華南金,22,0,22,富邦-新店,2024-05-22,9661
2331,精英,37,16,21,富邦-新店,2024-05-22,9661
3481,群創,1805,563,1242,富邦-新店,2024-05-23,9661
2354,鴻準,694,76,618,富邦-新店,2024-05-23,9661
00937B,群益ESG投等債20,614,9,605,富邦-新店,2024-05-23,9661
00637L,元大滬深300正2,504,0,504,富邦-新店,2024-05-23,9661
2382,廣達,547,51,496,富邦-新店,2024-05-23,9661
00878,國泰永續高股息,384,106,278,富邦-新店,2024-05-23,9661
2409,友達,191,7,184,富邦-新店,2024-05-23,9661
2515,中工,241,63,178,富邦-新店,2024-05-23,9661
1609,大亞,247,71,176,富邦-新店,2024-05-23,9661
2241,艾姆勒,152,10,142,富邦-新店,2024-05-23,9661
1802,台玻,146,8,138,富邦-新店,2024-05-23,9661
6209,今國光,160,34,126,富邦-新店,2024-05-23,9661
2464,盟立,200,87,113,富邦-新店,2024-05-23,9661
5498,凱崴,119,11,108,富邦-新店,2024-05-23,9661
1303,南亞,114,7,107,富邦-新店,2024-05-23,9661
2023,燁輝,101,1,100,富邦-新店,2024-05-23,9661
2356,英業達,130,36,94,富邦-新店,2024-05-23,9661
8028,昇陽半導體,109,16,93,富邦-新店,2024-05-23,9661
2371,大同,166,76,90,富邦-新店,2024-05-23,9661
2324,仁寶,169,85,84,富邦-新店,2024-05-23,9661
6190,萬泰科,82,2,80,富邦-新店,2024-05-23,9661
2009,第一銅,112,32,80,富邦-新店,2024-05-23,9661
2002,中鋼,78,5,73,富邦-新店,2024-05-23,9661
1702,南僑,72,0,72,富邦-新店,2024-05-23,9661
2359,所羅門,190,121,69,富邦-新店,2024-05-23,9661
00936,台新永續高息中小,69,5,64,富邦-新店,2024-05-23,9661
3338,泰碩,118,56,62,富邦-新店,2024-05-23,9661
3033,威健,82,24,58,富邦-新店,2024-05-23,9661
2883,凱基金,86,28,58,富邦-新店,2024-05-23,9661
00712,復華富時不動產,59,3,56,富邦-新店,2024-05-23,9661
6147,頎邦,61,8,53,富邦-新店,2024-05-23,9661
3706,神達,68,19,49,富邦-新店,2024-05-23,9661
2449,京元電子,79,31,48,富邦-新店,2024-05-23,9661
2880,華南金,51,3,48,富邦-新店,2024-05-23,9661
5371,中光電,80,37,43,富邦-新店,2024-05-23,9661
2486,一詮,87,45,42,富邦-新店,2024-05-23,9661
00687B,國泰20年美債,44,3,41,富邦-新店,2024-05-23,9661
4903,聯光通,40,0,40,富邦-新店,2024-05-23,9661
00635U,期元大S＆P黃金,40,0,40,富邦-新店,2024-05-23,9661
00944,野村趨勢動能高息,40,0,40,富邦-新店,2024-05-23,9661
2530,華建,42,2,40,富邦-新店,2024-05-23,9661
9945,潤泰新,44,6,38,富邦-新店,2024-05-23,9661
3234,光環,40,6,34,富邦-新店,2024-05-23,9661
6188,廣明,125,92,33,富邦-新店,2024-05-23,9661
00751B,元大AAA至A公司債,51,18,33,富邦-新店,2024-05-23,9661
00715L,期街口布蘭特正2,35,3,32,富邦-新店,2024-05-23,9661
1536,和大,33,2,31,富邦-新店,2024-05-23,9661
2363,矽統,82,51,31,富邦-新店,2024-05-23,9661
5392,能率,35,4,31,富邦-新店,2024-05-23,9661
2101,南港,91,61,30,富邦-新店,2024-05-23,9661
8028,昇陽半導體,1879,819,1060,富邦-新店,2024-05-24,9661
2382,廣達,1041,44,997,富邦-新店,2024-05-24,9661
2303,聯電,375,58,317,富邦-新店,2024-05-24,9661
2603,長榮,547,233,314,富邦-新店,2024-05-24,9661
3062,建漢,340,29,311,富邦-新店,2024-05-24,9661
00712,復華富時不動產,238,1,237,富邦-新店,2024-05-24,9661
00637L,元大滬深300正2,197,16,181,富邦-新店,2024-05-24,9661
00918,大華優利高填息30,181,13,168,富邦-新店,2024-05-24,9661
00937B,群益ESG投等債20,298,158,140,富邦-新店,2024-05-24,9661
2365,昆盈,560,428,132,富邦-新店,2024-05-24,9661
00753L,中信中國50正2,119,0,119,富邦-新店,2024-05-24,9661
00715L,期街口布蘭特正2,106,1,105,富邦-新店,2024-05-24,9661
2891,中信金,105,11,94,富邦-新店,2024-05-24,9661
4979,華星光,96,9,87,富邦-新店,2024-05-24,9661
00878,國泰永續高股息,147,71,76,富邦-新店,2024-05-24,9661
2367,燿華,160,88,72,富邦-新店,2024-05-24,9661
2537,聯上發,86,14,72,富邦-新店,2024-05-24,9661
00687B,國泰20年美債,90,19,71,富邦-新店,2024-05-24,9661
00945B,凱基美國非投等債,69,0,69,富邦-新店,2024-05-24,9661
1303,南亞,66,2,64,富邦-新店,2024-05-24,9661
1815,富喬,155,92,63,富邦-新店,2024-05-24,9661
00679B,元大美債20年,74,11,63,富邦-新店,2024-05-24,9661
2301,光寶科,122,59,63,富邦-新店,2024-05-24,9661
00936,台新永續高息中小,61,0,61,富邦-新店,2024-05-24,9661
00944,野村趨勢動能高息,56,0,56,富邦-新店,2024-05-24,9661
1714,和桐,55,0,55,富邦-新店,2024-05-24,9661
2340,台亞,62,7,55,富邦-新店,2024-05-24,9661
9904,寶成,87,36,51,富邦-新店,2024-05-24,9661
2031,新光鋼,51,0,51,富邦-新店,2024-05-24,9661
4111,濟生,54,4,50,富邦-新店,2024-05-24,9661
6770,力積電,49,1,48,富邦-新店,2024-05-24,9661
1301,台塑,50,2,48,富邦-新店,2024-05-24,9661
2002,中鋼,49,5,44,富邦-新店,2024-05-24,9661
2501,國建,65,24,41,富邦-新店,2024-05-24,9661
3372,典範,44,4,40,富邦-新店,2024-05-24,9661
00680L,元大美債20正2,38,0,38,富邦-新店,2024-05-24,9661
2614,東森,36,0,36,富邦-新店,2024-05-24,9661
5534,長虹,35,0,35,富邦-新店,2024-05-24,9661
00725B,國泰投資級公司債,36,1,35,富邦-新店,2024-05-24,9661
2633,台灣高鐵,35,1,34,富邦-新店,2024-05-24,9661
6667,信紘科,46,14,32,富邦-新店,2024-05-24,9661
2543,皇昌,50,19,31,富邦-新店,2024-05-24,9661
2892,第一金,35,5,30,富邦-新店,2024-05-24,9661
5880,合庫金,31,2,29,富邦-新店,2024-05-24,9661
8092,建暐,29,0,29,富邦-新店,2024-05-24,9661
00631L,元大台灣50正2,30,3,27,富邦-新店,2024-05-24,9661
1536,和大,29,2,27,富邦-新店,2024-05-24,9661
2915,潤泰全,30,4,26,富邦-新店,2024-05-24,9661
2375,凱美,40,14,26,富邦-新店,2024-05-24,9661
3188,鑫龍騰,25,0,25,富邦-新店,2024-05-24,9661
2603,長榮,1578,90,1488,富邦-新店,2024-05-27,9661
3694,海華,697,46,651,富邦-新店,2024-05-27,9661
2382,廣達,601,97,504,富邦-新店,2024-05-27,9661
2489,瑞軒,531,113,418,富邦-新店,2024-05-27,9661
3062,建漢,416,13,403,富邦-新店,2024-05-27,9661
2481,強茂,374,75,299,富邦-新店,2024-05-27,9661
00937B,群益ESG投等債20,339,43,296,富邦-新店,2024-05-27,9661
3047,訊舟,310,44,266,富邦-新店,2024-05-27,9661
00712,復華富時不動產,252,34,218,富邦-新店,2024-05-27,9661
4960,誠美材,218,1,217,富邦-新店,2024-05-27,9661
2027,大成鋼,175,22,153,富邦-新店,2024-05-27,9661
00946,群益科技高息成長,154,3,151,富邦-新店,2024-05-27,9661
2353,宏��,373,257,116,富邦-新店,2024-05-27,9661
4906,正文,261,156,105,富邦-新店,2024-05-27,9661
6591,動力-KY,106,4,102,富邦-新店,2024-05-27,9661
2363,矽統,426,323,103,富邦-新店,2024-05-27,9661
2317,鴻海,333,235,98,富邦-新店,2024-05-27,9661
2002,中鋼,96,5,91,富邦-新店,2024-05-27,9661
2905,三商,85,0,85,富邦-新店,2024-05-27,9661
2305,全友,80,1,79,富邦-新店,2024-05-27,9661
2618,長榮航,137,59,78,富邦-新店,2024-05-27,9661
2352,佳世達,93,20,73,富邦-新店,2024-05-27,9661
2458,義隆,73,3,70,富邦-新店,2024-05-27,9661
2340,台亞,76,10,66,富邦-新店,2024-05-27,9661
6189,豐藝,96,31,65,富邦-新店,2024-05-27,9661
00632R,元大台灣50反1,156,92,64,富邦-新店,2024-05-27,9661
6695,芯鼎,65,1,64,富邦-新店,2024-05-27,9661
6213,聯茂,75,19,56,富邦-新店,2024-05-27,9661
5498,凱崴,76,21,55,富邦-新店,2024-05-27,9661
00919,群益台灣精選高息,116,64,52,富邦-新店,2024-05-27,9661
3312,弘憶股,83,32,51,富邦-新店,2024-05-27,9661
6005,群益證,50,0,50,富邦-新店,2024-05-27,9661
8028,昇陽半導體,117,70,47,富邦-新店,2024-05-27,9661
00882,中信中國高股息,73,27,46,富邦-新店,2024-05-27,9661
2609,陽明,230,187,43,富邦-新店,2024-05-27,9661
2886,兆豐金,46,3,43,富邦-新店,2024-05-27,9661
4561,健椿,54,12,42,富邦-新店,2024-05-27,9661
00655L,國泰中國A50正2,50,10,40,富邦-新店,2024-05-27,9661
6170,統振,39,1,38,富邦-新店,2024-05-27,9661
00933B,國泰10Y+金融債,40,4,36,富邦-新店,2024-05-27,9661
4532,瑞智,36,1,35,富邦-新店,2024-05-27,9661
1612,宏泰,47,12,35,富邦-新店,2024-05-27,9661
2501,國建,35,2,33,富邦-新店,2024-05-27,9661
1314,中石化,39,6,33,富邦-新店,2024-05-27,9661
2367,燿華,95,64,31,富邦-新店,2024-05-27,9661
00686R,群益臺灣加權反1,30,0,30,富邦-新店,2024-05-27,9661
1701,中化,30,0,30,富邦-新店,2024-05-27,9661
2867,三商壽,33,3,30,富邦-新店,2024-05-27,9661
6204,艾華,30,0,30,富邦-新店,2024-05-27,9661
2105,正新,40,10,30,富邦-新店,2024-05-27,9661
00937B,群益ESG投等債20,906,6,900,富邦-新店,2024-05-28,9661
2303,聯電,396,80,316,富邦-新店,2024-05-28,9661
2354,鴻準,685,383,302,富邦-新店,2024-05-28,9661
1522,堤維西,255,42,213,富邦-新店,2024-05-28,9661
2891,中信金,158,1,157,富邦-新店,2024-05-28,9661
2867,三商壽,175,19,156,富邦-新店,2024-05-28,9661
2328,廣宇,155,24,131,富邦-新店,2024-05-28,9661
00919,群益台灣精選高息,114,17,97,富邦-新店,2024-05-28,9661
2353,宏��,243,150,93,富邦-新店,2024-05-28,9661
2464,盟立,131,55,76,富邦-新店,2024-05-28,9661
00929,復華台灣科技優息,162,86,76,富邦-新店,2024-05-28,9661
00946,群益科技高息成長,79,6,73,富邦-新店,2024-05-28,9661
2887,台新金,72,0,72,富邦-新店,2024-05-28,9661
2618,長榮航,433,363,70,富邦-新店,2024-05-28,9661
8028,昇陽半導體,412,342,70,富邦-新店,2024-05-28,9661
00679B,元大美債20年,92,22,70,富邦-新店,2024-05-28,9661
2486,一詮,94,24,70,富邦-新店,2024-05-28,9661
3231,緯創,207,144,63,富邦-新店,2024-05-28,9661
2405,輔信,110,51,59,富邦-新店,2024-05-28,9661
2633,台灣高鐵,60,2,58,富邦-新店,2024-05-28,9661
2382,廣達,103,45,58,富邦-新店,2024-05-28,9661
2349,錸德,64,7,57,富邦-新店,2024-05-28,9661
2884,玉山金,71,16,55,富邦-新店,2024-05-28,9661
9933,中鼎,60,8,52,富邦-新店,2024-05-28,9661
2002,中鋼,74,27,47,富邦-新店,2024-05-28,9661
2201,裕隆,62,15,47,富邦-新店,2024-05-28,9661
4960,誠美材,55,10,45,富邦-新店,2024-05-28,9661
2363,矽統,196,151,45,富邦-新店,2024-05-28,9661
2371,大同,67,23,44,富邦-新店,2024-05-28,9661
00673R,期元大S＆P原油反1,44,0,44,富邦-新店,2024-05-28,9661
6147,頎邦,50,8,42,富邦-新店,2024-05-28,9661
3029,零壹,45,4,41,富邦-新店,2024-05-28,9661
3202,樺晟,45,5,40,富邦-新店,2024-05-28,9661
6215,和椿,71,33,38,富邦-新店,2024-05-28,9661
2317,鴻海,171,133,38,富邦-新店,2024-05-28,9661
5426,振發,49,13,36,富邦-新店,2024-05-28,9661
00751B,元大AAA至A公司債,36,0,36,富邦-新店,2024-05-28,9661
00680L,元大美債20正2,37,3,34,富邦-新店,2024-05-28,9661
0056,元大高股息,46,13,33,富邦-新店,2024-05-28,9661
2634,漢翔,64,31,33,富邦-新店,2024-05-28,9661
00712,復華富時不動產,31,0,31,富邦-新店,2024-05-28,9661
00933B,國泰10Y+金融債,53,22,31,富邦-新店,2024-05-28,9661
3339,泰谷,31,0,31,富邦-新店,2024-05-28,9661
3466,德晉,39,9,30,富邦-新店,2024-05-28,9661
6188,廣明,125,96,29,富邦-新店,2024-05-28,9661
1312,國喬,33,4,29,富邦-新店,2024-05-28,9661
00944,野村趨勢動能高息,36,8,28,富邦-新店,2024-05-28,9661
00665L,富邦�琤肭磪囓�2,27,0,27,富邦-新店,2024-05-28,9661
1326,台化,30,3,27,富邦-新店,2024-05-28,9661
6207,雷科,127,101,26,富邦-新店,2024-05-28,9661
00937B,群益ESG投等債20,1517,91,1426,富邦-新店,2024-05-29,9661
2354,鴻準,1220,350,870,富邦-新店,2024-05-29,9661
2889,國票金,509,6,503,富邦-新店,2024-05-29,9661
2887,台新金,392,4,388,富邦-新店,2024-05-29,9661
3062,建漢,324,15,309,富邦-新店,2024-05-29,9661
00679B,元大美債20年,274,4,270,富邦-新店,2024-05-29,9661
6160,欣技,265,30,235,富邦-新店,2024-05-29,9661
00687B,國泰20年美債,226,13,213,富邦-新店,2024-05-29,9661
2317,鴻海,247,64,183,富邦-新店,2024-05-29,9661
2880,華南金,168,5,163,富邦-新店,2024-05-29,9661
1314,中石化,161,20,141,富邦-新店,2024-05-29,9661
00878,國泰永續高股息,292,162,130,富邦-新店,2024-05-29,9661
2353,宏��,328,198,130,富邦-新店,2024-05-29,9661
00940,元大台灣價值高息,207,79,128,富邦-新店,2024-05-29,9661
5880,合庫金,126,0,126,富邦-新店,2024-05-29,9661
00637L,元大滬深300正2,124,0,124,富邦-新店,2024-05-29,9661
00650L,復華香港正2,123,0,123,富邦-新店,2024-05-29,9661
2885,元大金,119,0,119,富邦-新店,2024-05-29,9661
00919,群益台灣精選高息,160,62,98,富邦-新店,2024-05-29,9661
4973,廣穎,108,12,96,富邦-新店,2024-05-29,9661
2610,華航,124,30,94,富邦-新店,2024-05-29,9661
00929,復華台灣科技優息,171,79,92,富邦-新店,2024-05-29,9661
2409,友達,97,18,79,富邦-新店,2024-05-29,9661
2891,中信金,107,34,73,富邦-新店,2024-05-29,9661
4526,東台,84,14,70,富邦-新店,2024-05-29,9661
2609,陽明,160,99,61,富邦-新店,2024-05-29,9661
0056,元大高股息,77,18,59,富邦-新店,2024-05-29,9661
5498,凱崴,84,25,59,富邦-新店,2024-05-29,9661
2892,第一金,60,2,58,富邦-新店,2024-05-29,9661
2890,永豐金,65,11,54,富邦-新店,2024-05-29,9661
9904,寶成,51,0,51,富邦-新店,2024-05-29,9661
2031,新光鋼,51,0,51,富邦-新店,2024-05-29,9661
1101,台泥,60,11,49,富邦-新店,2024-05-29,9661
00751B,元大AAA至A公司債,49,0,49,富邦-新店,2024-05-29,9661
3535,晶彩科,59,11,48,富邦-新店,2024-05-29,9661
9945,潤泰新,49,6,43,富邦-新店,2024-05-29,9661
2888,新光金,232,190,42,富邦-新店,2024-05-29,9661
2886,兆豐金,42,1,41,富邦-新店,2024-05-29,9661
2515,中工,70,30,40,富邦-新店,2024-05-29,9661
00922,國泰台灣領袖50,40,0,40,富邦-新店,2024-05-29,9661
00915,凱基優選高股息30,41,1,40,富邦-新店,2024-05-29,9661
2634,漢翔,53,14,39,富邦-新店,2024-05-29,9661
3481,群創,80,42,38,富邦-新店,2024-05-29,9661
1303,南亞,38,1,37,富邦-新店,2024-05-29,9661
00688L,國泰20年美債正2,37,0,37,富邦-新店,2024-05-29,9661
2301,光寶科,87,50,37,富邦-新店,2024-05-29,9661
00933B,國泰10Y+金融債,84,47,37,富邦-新店,2024-05-29,9661
00857B,永豐20年美公債,45,10,35,富邦-新店,2024-05-29,9661
5371,中光電,75,40,35,富邦-新店,2024-05-29,9661
00680L,元大美債20正2,40,5,35,富邦-新店,2024-05-29,9661
00937B,群益ESG投等債20,546,179,367,富邦-新店,2024-05-30,9661
2506,太設,255,11,244,富邦-新店,2024-05-30,9661
00687B,國泰20年美債,190,1,189,富邦-新店,2024-05-30,9661
00712,復華富時不動產,201,15,186,富邦-新店,2024-05-30,9661
00878,國泰永續高股息,194,19,175,富邦-新店,2024-05-30,9661
4906,正文,273,98,175,富邦-新店,2024-05-30,9661
2489,瑞軒,252,85,167,富邦-新店,2024-05-30,9661
00940,元大台灣價值高息,196,30,166,富邦-新店,2024-05-30,9661
2405,輔信,208,55,153,富邦-新店,2024-05-30,9661
00680L,元大美債20正2,152,0,152,富邦-新店,2024-05-30,9661
1303,南亞,170,24,146,富邦-新店,2024-05-30,9661
2610,華航,151,14,137,富邦-新店,2024-05-30,9661
2867,三商壽,137,2,135,富邦-新店,2024-05-30,9661
00929,復華台灣科技優息,254,128,126,富邦-新店,2024-05-30,9661
00679B,元大美債20年,122,7,115,富邦-新店,2024-05-30,9661
2515,中工,118,5,113,富邦-新店,2024-05-30,9661
2328,廣宇,142,32,110,富邦-新店,2024-05-30,9661
00915,凱基優選高股息30,98,1,97,富邦-新店,2024-05-30,9661
2886,兆豐金,85,0,85,富邦-新店,2024-05-30,9661
1440,南紡,83,2,81,富邦-新店,2024-05-30,9661
4903,聯光通,77,4,73,富邦-新店,2024-05-30,9661
6443,元晶,72,2,70,富邦-新店,2024-05-30,9661
2891,中信金,87,19,68,富邦-新店,2024-05-30,9661
2330,台積電,81,13,68,富邦-新店,2024-05-30,9661
2543,皇昌,67,2,65,富邦-新店,2024-05-30,9661
4967,十銓,97,37,60,富邦-新店,2024-05-30,9661
2317,鴻海,178,123,55,富邦-新店,2024-05-30,9661
8358,金居,59,8,51,富邦-新店,2024-05-30,9661
2892,第一金,50,0,50,富邦-新店,2024-05-30,9661
2442,新美齊,50,0,50,富邦-新店,2024-05-30,9661
00664R,國泰臺灣加權反1,50,0,50,富邦-新店,2024-05-30,9661
2356,英業達,52,2,50,富邦-新店,2024-05-30,9661
00936,台新永續高息中小,48,0,48,富邦-新店,2024-05-30,9661
3231,緯創,74,28,46,富邦-新店,2024-05-30,9661
5880,合庫金,45,0,45,富邦-新店,2024-05-30,9661
2836,高雄銀,45,0,45,富邦-新店,2024-05-30,9661
00919,群益台灣精選高息,70,29,41,富邦-新店,2024-05-30,9661
2615,萬海,126,85,41,富邦-新店,2024-05-30,9661
00655L,國泰中國A50正2,50,10,40,富邦-新店,2024-05-30,9661
2301,光寶科,78,38,40,富邦-新店,2024-05-30,9661
5236,凌陽創新,43,3,40,富邦-新店,2024-05-30,9661
2353,宏��,178,138,40,富邦-新店,2024-05-30,9661
2704,國賓,40,1,39,富邦-新店,2024-05-30,9661
2002,中鋼,45,6,39,富邦-新店,2024-05-30,9661
6269,台郡,41,3,38,富邦-新店,2024-05-30,9661
1301,台塑,37,0,37,富邦-新店,2024-05-30,9661
1605,華新,39,3,36,富邦-新店,2024-05-30,9661
00753L,中信中國50正2,35,0,35,富邦-新店,2024-05-30,9661
1609,大亞,59,24,35,富邦-新店,2024-05-30,9661
2406,國碩,35,0,35,富邦-新店,2024-05-30,9661
2603,長榮,1557,45,1512,富邦-新店,2024-05-31,9661
2609,陽明,702,380,322,富邦-新店,2024-05-31,9661
00929,復華台灣科技優息,305,14,291,富邦-新店,2024-05-31,9661
3062,建漢,296,58,238,富邦-新店,2024-05-31,9661
00940,元大台灣價值高息,303,81,222,富邦-新店,2024-05-31,9661
5608,四維航,250,32,218,富邦-新店,2024-05-31,9661
1802,台玻,219,9,210,富邦-新店,2024-05-31,9661
2002,中鋼,161,0,161,富邦-新店,2024-05-31,9661
2515,中工,235,74,161,富邦-新店,2024-05-31,9661
00946,群益科技高息成長,162,13,149,富邦-新店,2024-05-31,9661
00919,群益台灣精選高息,226,93,133,富邦-新店,2024-05-31,9661
2344,華邦電,120,2,118,富邦-新店,2024-05-31,9661
00632R,元大台灣50反1,110,0,110,富邦-新店,2024-05-31,9661
6615,慧智,100,2,98,富邦-新店,2024-05-31,9661
2353,宏��,133,37,96,富邦-新店,2024-05-31,9661
3376,新日興,102,10,92,富邦-新店,2024-05-31,9661
3231,緯創,167,80,87,富邦-新店,2024-05-31,9661
0056,元大高股息,92,11,81,富邦-新店,2024-05-31,9661
2427,三商電,80,6,74,富邦-新店,2024-05-31,9661
2330,台積電,87,14,73,富邦-新店,2024-05-31,9661
9945,潤泰新,99,27,72,富邦-新店,2024-05-31,9661
00937B,群益ESG投等債20,184,117,67,富邦-新店,2024-05-31,9661
2534,宏盛,63,1,62,富邦-新店,2024-05-31,9661
00664R,國泰臺灣加權反1,61,2,59,富邦-新店,2024-05-31,9661
1815,富喬,171,114,57,富邦-新店,2024-05-31,9661
2317,鴻海,226,170,56,富邦-新店,2024-05-31,9661
00715L,期街口布蘭特正2,54,3,51,富邦-新店,2024-05-31,9661
1303,南亞,56,5,51,富邦-新店,2024-05-31,9661
00878,國泰永續高股息,84,34,50,富邦-新店,2024-05-31,9661
2301,光寶科,77,32,45,富邦-新店,2024-05-31,9661
2885,元大金,44,1,43,富邦-新店,2024-05-31,9661
3324,雙鴻,56,14,42,富邦-新店,2024-05-31,9661
6108,競國,42,0,42,富邦-新店,2024-05-31,9661
2356,英業達,58,17,41,富邦-新店,2024-05-31,9661
006208,富邦台50,41,0,41,富邦-新店,2024-05-31,9661
00655L,國泰中國A50正2,50,10,40,富邦-新店,2024-05-31,9661
1513,中興電,42,6,36,富邦-新店,2024-05-31,9661
4903,聯光通,68,32,36,富邦-新店,2024-05-31,9661
5880,合庫金,39,3,36,富邦-新店,2024-05-31,9661
5353,台林,35,0,35,富邦-新店,2024-05-31,9661
2542,興富發,42,7,35,富邦-新店,2024-05-31,9661
3202,樺晟,75,41,34,富邦-新店,2024-05-31,9661
8473,山林水,33,0,33,富邦-新店,2024-05-31,9661
4513,福裕,32,0,32,富邦-新店,2024-05-31,9661
00927,群益半導體收益,35,4,31,富邦-新店,2024-05-31,9661
2641,正德,121,90,31,富邦-新店,2024-05-31,9661
5302,太欣,30,0,30,富邦-新店,2024-05-31,9661
4763,材料-KY,33,4,29,富邦-新店,2024-05-31,9661
5291,邑昇,34,5,29,富邦-新店,2024-05-31,9661
6120,達運,31,2,29,富邦-新店,2024-05-31,9661
1802,台玻,1686,241,1445,富邦-新店,2024-06-03,9661
8234,新漢,411,13,398,富邦-新店,2024-06-03,9661
2867,三商壽,265,15,250,富邦-新店,2024-06-03,9661
9105,泰金寶-DR,192,6,186,富邦-新店,2024-06-03,9661
00919,群益台灣精選高息,214,74,140,富邦-新店,2024-06-03,9661
2353,宏��,191,69,122,富邦-新店,2024-06-03,9661
00918,大華優利高填息30,122,1,121,富邦-新店,2024-06-03,9661
2489,瑞軒,173,61,112,富邦-新店,2024-06-03,9661
8105,凌巨,105,1,104,富邦-新店,2024-06-03,9661
4123,晟德,103,6,97,富邦-新店,2024-06-03,9661
2615,萬海,235,144,91,富邦-新店,2024-06-03,9661
00665L,富邦�琤肭磪囓�2,89,1,88,富邦-新店,2024-06-03,9661
1303,南亞,93,6,87,富邦-新店,2024-06-03,9661
2349,錸德,101,16,85,富邦-新店,2024-06-03,9661
00679B,元大美債20年,93,9,84,富邦-新店,2024-06-03,9661
6177,達麗,93,13,80,富邦-新店,2024-06-03,9661
2880,華南金,71,1,70,富邦-新店,2024-06-03,9661
6215,和椿,122,52,70,富邦-新店,2024-06-03,9661
2317,鴻海,162,93,69,富邦-新店,2024-06-03,9661
2367,燿華,106,38,68,富邦-新店,2024-06-03,9661
2312,金寶,99,32,67,富邦-新店,2024-06-03,9661
2515,中工,143,76,67,富邦-新店,2024-06-03,9661
00715L,期街口布蘭特正2,63,0,63,富邦-新店,2024-06-03,9661
1314,中石化,72,10,62,富邦-新店,2024-06-03,9661
3356,奇偶,76,16,60,富邦-新店,2024-06-03,9661
2889,國票金,64,6,58,富邦-新店,2024-06-03,9661
2354,鴻準,133,76,57,富邦-新店,2024-06-03,9661
00946,群益科技高息成長,85,30,55,富邦-新店,2024-06-03,9661
00929,復華台灣科技優息,61,7,54,富邦-新店,2024-06-03,9661
2002,中鋼,57,5,52,富邦-新店,2024-06-03,9661
2303,聯電,89,39,50,富邦-新店,2024-06-03,9661
2609,陽明,376,327,49,富邦-新店,2024-06-03,9661
3576,聯合再生,60,11,49,富邦-新店,2024-06-03,9661
4534,慶騰,50,2,48,富邦-新店,2024-06-03,9661
3406,玉晶光,45,1,44,富邦-新店,2024-06-03,9661
9904,寶成,43,0,43,富邦-新店,2024-06-03,9661
3607,谷崧,43,1,42,富邦-新店,2024-06-03,9661
3325,旭品,46,5,41,富邦-新店,2024-06-03,9661
2356,英業達,107,66,41,富邦-新店,2024-06-03,9661
00655L,國泰中國A50正2,51,11,40,富邦-新店,2024-06-03,9661
00921,兆豐龍頭等權重,43,4,39,富邦-新店,2024-06-03,9661
6108,競國,39,0,39,富邦-新店,2024-06-03,9661
2406,國碩,41,2,39,富邦-新店,2024-06-03,9661
5371,中光電,62,23,39,富邦-新店,2024-06-03,9661
2401,凌陽,47,10,37,富邦-新店,2024-06-03,9661
6005,群益證,45,9,36,富邦-新店,2024-06-03,9661
2382,廣達,1149,1115,34,富邦-新店,2024-06-03,9661
2464,盟立,147,114,33,富邦-新店,2024-06-03,9661
2886,兆豐金,33,0,33,富邦-新店,2024-06-03,9661
3202,樺晟,33,2,31,富邦-新店,2024-06-03,9661
2888,新光金,920,55,865,富邦-新店,2024-06-04,9661
1802,台玻,524,143,381,富邦-新店,2024-06-04,9661
00919,群益台灣精選高息,363,11,352,富邦-新店,2024-06-04,9661
00929,復華台灣科技優息,246,13,233,富邦-新店,2024-06-04,9661
00713,元大台灣高息低波,237,4,233,富邦-新店,2024-06-04,9661
6505,台塑化,203,1,202,富邦-新店,2024-06-04,9661
00918,大華優利高填息30,183,1,182,富邦-新店,2024-06-04,9661
6125,廣運,298,128,170,富邦-新店,2024-06-04,9661
2317,鴻海,250,90,160,富邦-新店,2024-06-04,9661
00878,國泰永續高股息,147,9,138,富邦-新店,2024-06-04,9661
1303,南亞,121,5,116,富邦-新店,2024-06-04,9661
2344,華邦電,112,0,112,富邦-新店,2024-06-04,9661
3481,群創,186,88,98,富邦-新店,2024-06-04,9661
3508,位速,92,0,92,富邦-新店,2024-06-04,9661
00632R,元大台灣50反1,130,40,90,富邦-新店,2024-06-04,9661
00891,中信關鍵半導體,94,6,88,富邦-新店,2024-06-04,9661
2367,燿華,106,28,78,富邦-新店,2024-06-04,9661
4726,永昕,102,29,73,富邦-新店,2024-06-04,9661
00715L,期街口布蘭特正2,78,10,68,富邦-新店,2024-06-04,9661
6112,邁達特,72,5,67,富邦-新店,2024-06-04,9661
2324,仁寶,78,12,66,富邦-新店,2024-06-04,9661
2427,三商電,86,26,60,富邦-新店,2024-06-04,9661
2405,輔信,73,15,58,富邦-新店,2024-06-04,9661
3231,緯創,67,10,57,富邦-新店,2024-06-04,9661
2331,精英,343,287,56,富邦-新店,2024-06-04,9661
2408,南亞科,56,1,55,富邦-新店,2024-06-04,9661
2892,第一金,64,12,52,富邦-新店,2024-06-04,9661
00940,元大台灣價值高息,79,28,51,富邦-新店,2024-06-04,9661
2880,華南金,112,61,51,富邦-新店,2024-06-04,9661
6116,彩晶,54,6,48,富邦-新店,2024-06-04,9661
2301,光寶科,50,3,47,富邦-新店,2024-06-04,9661
2002,中鋼,57,13,44,富邦-新店,2024-06-04,9661
1102,亞泥,49,5,44,富邦-新店,2024-06-04,9661
4562,穎漢,98,56,42,富邦-新店,2024-06-04,9661
2409,友達,54,12,42,富邦-新店,2024-06-04,9661
2353,宏��,118,76,42,富邦-新店,2024-06-04,9661
2618,長榮航,114,75,39,富邦-新店,2024-06-04,9661
1815,富喬,132,95,37,富邦-新店,2024-06-04,9661
1609,大亞,91,55,36,富邦-新店,2024-06-04,9661
2442,新美齊,36,2,34,富邦-新店,2024-06-04,9661
2397,友通,35,1,34,富邦-新店,2024-06-04,9661
2891,中信金,2599,2566,33,富邦-新店,2024-06-04,9661
8096,擎亞,44,11,33,富邦-新店,2024-06-04,9661
3202,樺晟,35,3,32,富邦-新店,2024-06-04,9661
1314,中石化,32,1,31,富邦-新店,2024-06-04,9661
4566,時碩工業,43,13,30,富邦-新店,2024-06-04,9661
6133,金橋,31,2,29,富邦-新店,2024-06-04,9661
00751B,元大AAA至A公司債,30,2,28,富邦-新店,2024-06-04,9661
4903,聯光通,30,2,28,富邦-新店,2024-06-04,9661
2362,藍天,43,16,27,富邦-新店,2024-06-04,9661
00929,復華台灣科技優息,540,3,537,富邦-新店,2024-06-05,9661
2867,三商壽,503,0,503,富邦-新店,2024-06-05,9661
00751B,元大AAA至A公司債,395,0,395,富邦-新店,2024-06-05,9661
00878,國泰永續高股息,396,6,390,富邦-新店,2024-06-05,9661
00918,大華優利高填息30,305,4,301,富邦-新店,2024-06-05,9661
00936,台新永續高息中小,302,6,296,富邦-新店,2024-06-05,9661
2515,中工,232,8,224,富邦-新店,2024-06-05,9661
00637L,元大滬深300正2,190,0,190,富邦-新店,2024-06-05,9661
2915,潤泰全,147,4,143,富邦-新店,2024-06-05,9661
00715L,期街口布蘭特正2,159,20,139,富邦-新店,2024-06-05,9661
3372,典範,138,11,127,富邦-新店,2024-06-05,9661
2303,聯電,252,130,122,富邦-新店,2024-06-05,9661
00632R,元大台灣50反1,124,10,114,富邦-新店,2024-06-05,9661
00712,復華富時不動產,105,1,104,富邦-新店,2024-06-05,9661
2464,盟立,139,36,103,富邦-新店,2024-06-05,9661
4123,晟德,127,25,102,富邦-新店,2024-06-05,9661
00634R,富邦上証反1,100,0,100,富邦-新店,2024-06-05,9661
2501,國建,145,53,92,富邦-新店,2024-06-05,9661
2344,華邦電,85,9,76,富邦-新店,2024-06-05,9661
2347,聯強,147,84,63,富邦-新店,2024-06-05,9661
2317,鴻海,265,204,61,富邦-新店,2024-06-05,9661
3508,位速,52,0,52,富邦-新店,2024-06-05,9661
00713,元大台灣高息低波,54,2,52,富邦-新店,2024-06-05,9661
2891,中信金,1686,1638,48,富邦-新店,2024-06-05,9661
0056,元大高股息,76,30,46,富邦-新店,2024-06-05,9661
4967,十銓,79,33,46,富邦-新店,2024-06-05,9661
2888,新光金,253,208,45,富邦-新店,2024-06-05,9661
3290,東浦,41,0,41,富邦-新店,2024-06-05,9661
1303,南亞,66,29,37,富邦-新店,2024-06-05,9661
00881,國泰台灣5G+,40,2,38,富邦-新店,2024-06-05,9661
3260,威剛,40,3,37,富邦-新店,2024-06-05,9661
3661,世芯-KY,36,2,34,富邦-新店,2024-06-05,9661
2892,第一金,36,2,34,富邦-新店,2024-06-05,9661
00919,群益台灣精選高息,96,62,34,富邦-新店,2024-06-05,9661
2002,中鋼,33,1,32,富邦-新店,2024-06-05,9661
2331,精英,65,34,31,富邦-新店,2024-06-05,9661
6125,廣運,168,139,29,富邦-新店,2024-06-05,9661
2548,華固,35,7,28,富邦-新店,2024-06-05,9661
5880,合庫金,30,4,26,富邦-新店,2024-06-05,9661
00687B,國泰20年美債,87,61,26,富邦-新店,2024-06-05,9661
2105,正新,157,131,26,富邦-新店,2024-06-05,9661
2355,敬鵬,131,105,26,富邦-新店,2024-06-05,9661
2486,一詮,81,55,26,富邦-新店,2024-06-05,9661
2704,國賓,25,0,25,富邦-新店,2024-06-05,9661
2408,南亞科,27,2,25,富邦-新店,2024-06-05,9661
2352,佳世達,27,2,25,富邦-新店,2024-06-05,9661
1326,台化,24,0,24,富邦-新店,2024-06-05,9661
6165,浪凡,24,0,24,富邦-新店,2024-06-05,9661
6112,邁達特,36,12,24,富邦-新店,2024-06-05,9661
8064,東捷,33,10,23,富邦-新店,2024-06-05,9661
2603,長榮,1538,48,1490,富邦-新店,2024-06-06,9661
2328,廣宇,533,79,454,富邦-新店,2024-06-06,9661
00937B,群益ESG投等債20,429,101,328,富邦-新店,2024-06-06,9661
3576,聯合再生,320,11,309,富邦-新店,2024-06-06,9661
2312,金寶,462,198,264,富邦-新店,2024-06-06,9661
00713,元大台灣高息低波,216,8,208,富邦-新店,2024-06-06,9661
00632R,元大台灣50反1,330,183,147,富邦-新店,2024-06-06,9661
1312,國喬,153,23,130,富邦-新店,2024-06-06,9661
00918,大華優利高填息30,162,35,127,富邦-新店,2024-06-06,9661
1303,南亞,113,1,112,富邦-新店,2024-06-06,9661
00936,台新永續高息中小,142,37,105,富邦-新店,2024-06-06,9661
1802,台玻,155,53,102,富邦-新店,2024-06-06,9661
00706L,期元大S＆P日圓正2,101,0,101,富邦-新店,2024-06-06,9661
3376,新日興,117,18,99,富邦-新店,2024-06-06,9661
00650L,復華香港正2,90,0,90,富邦-新店,2024-06-06,9661
2002,中鋼,80,9,71,富邦-新店,2024-06-06,9661
2363,矽統,107,42,65,富邦-新店,2024-06-06,9661
4906,正文,103,40,63,富邦-新店,2024-06-06,9661
2354,鴻準,126,65,61,富邦-新店,2024-06-06,9661
3033,威健,65,7,58,富邦-新店,2024-06-06,9661
3508,位速,51,0,51,富邦-新店,2024-06-06,9661
1314,中石化,66,16,50,富邦-新店,2024-06-06,9661
6788,華景電,50,0,50,富邦-新店,2024-06-06,9661
8926,台汽電,70,20,50,富邦-新店,2024-06-06,9661
2444,兆勁,64,15,49,富邦-新店,2024-06-06,9661
3706,神達,61,13,48,富邦-新店,2024-06-06,9661
2337,旺宏,59,12,47,富邦-新店,2024-06-06,9661
2515,中工,68,25,43,富邦-新店,2024-06-06,9661
1603,華電,47,5,42,富邦-新店,2024-06-06,9661
00915,凱基優選高股息30,61,21,40,富邦-新店,2024-06-06,9661
3036,文曄,42,3,39,富邦-新店,2024-06-06,9661
2609,陽明,531,493,38,富邦-新店,2024-06-06,9661
0056,元大高股息,61,24,37,富邦-新店,2024-06-06,9661
2303,聯電,148,112,36,富邦-新店,2024-06-06,9661
00686R,群益臺灣加權反1,35,0,35,富邦-新店,2024-06-06,9661
3372,典範,86,52,34,富邦-新店,2024-06-06,9661
2543,皇昌,43,9,34,富邦-新店,2024-06-06,9661
5608,四維航,45,12,33,富邦-新店,2024-06-06,9661
5009,榮剛,36,4,32,富邦-新店,2024-06-06,9661
2353,宏��,63,32,31,富邦-新店,2024-06-06,9661
00857B,永豐20年美公債,30,0,30,富邦-新店,2024-06-06,9661
2867,三商壽,45,15,30,富邦-新店,2024-06-06,9661
2406,國碩,34,4,30,富邦-新店,2024-06-06,9661
00687B,國泰20年美債,102,72,30,富邦-新店,2024-06-06,9661
6188,廣明,34,6,28,富邦-新店,2024-06-06,9661
6285,啟��,27,0,27,富邦-新店,2024-06-06,9661
3712,永崴投控,37,10,27,富邦-新店,2024-06-06,9661
2455,全新,27,0,27,富邦-新店,2024-06-06,9661
9907,統一實,26,0,26,富邦-新店,2024-06-06,9661
2605,新興,60,35,25,富邦-新店,2024-06-06,9661
00929,復華台灣科技優息,351,75,276,富邦-新店,2024-06-07,9661
3047,訊舟,259,59,200,富邦-新店,2024-06-07,9661
2498,宏達電,226,38,188,富邦-新店,2024-06-07,9661
00936,台新永續高息中小,179,12,167,富邦-新店,2024-06-07,9661
3231,緯創,179,30,149,富邦-新店,2024-06-07,9661
2353,宏��,154,28,126,富邦-新店,2024-06-07,9661
2371,大同,174,60,114,富邦-新店,2024-06-07,9661
2328,廣宇,121,7,114,富邦-新店,2024-06-07,9661
00650L,復華香港正2,112,0,112,富邦-新店,2024-06-07,9661
00687B,國泰20年美債,128,25,103,富邦-新店,2024-06-07,9661
00933B,國泰10Y+金融債,138,47,91,富邦-新店,2024-06-07,9661
2382,廣達,130,39,91,富邦-新店,2024-06-07,9661
2312,金寶,182,92,90,富邦-新店,2024-06-07,9661
1903,士紙,80,0,80,富邦-新店,2024-06-07,9661
3029,零壹,99,24,75,富邦-新店,2024-06-07,9661
2548,華固,135,71,64,富邦-新店,2024-06-07,9661
3508,位速,67,6,61,富邦-新店,2024-06-07,9661
6138,茂達,61,1,60,富邦-新店,2024-06-07,9661
00937B,群益ESG投等債20,84,26,58,富邦-新店,2024-06-07,9661
00713,元大台灣高息低波,60,5,55,富邦-新店,2024-06-07,9661
00712,復華富時不動產,51,0,51,富邦-新店,2024-06-07,9661
2258,鴻華先進-創,50,1,49,富邦-新店,2024-06-07,9661
00637L,元大滬深300正2,56,7,49,富邦-新店,2024-06-07,9661
6118,建達,88,39,49,富邦-新店,2024-06-07,9661
2367,燿華,63,16,47,富邦-新店,2024-06-07,9661
2356,英業達,70,23,47,富邦-新店,2024-06-07,9661
8064,東捷,61,14,47,富邦-新店,2024-06-07,9661
2317,鴻海,92,49,43,富邦-新店,2024-06-07,9661
2609,陽明,441,399,42,富邦-新店,2024-06-07,9661
00882,中信中國高股息,69,30,39,富邦-新店,2024-06-07,9661
3024,憶聲,43,4,39,富邦-新店,2024-06-07,9661
3338,泰碩,45,9,36,富邦-新店,2024-06-07,9661
2330,台積電,52,17,35,富邦-新店,2024-06-07,9661
4906,正文,65,30,35,富邦-新店,2024-06-07,9661
2506,太設,37,3,34,富邦-新店,2024-06-07,9661
2615,萬海,214,183,31,富邦-新店,2024-06-07,9661
00877,復華中國5G,31,0,31,富邦-新店,2024-06-07,9661
00772B,中信高評級公司債,31,0,31,富邦-新店,2024-06-07,9661
9941,裕融,30,0,30,富邦-新店,2024-06-07,9661
3037,欣興,36,7,29,富邦-新店,2024-06-07,9661
2374,佳能,44,15,29,富邦-新店,2024-06-07,9661
3030,德律,38,10,28,富邦-新店,2024-06-07,9661
2889,國票金,29,1,28,富邦-新店,2024-06-07,9661
00942B,台新美A公司債20+,27,0,27,富邦-新店,2024-06-07,9661
2633,台灣高鐵,31,5,26,富邦-新店,2024-06-07,9661
2603,長榮,82,56,26,富邦-新店,2024-06-07,9661
6914,阜爾運通,26,1,25,富邦-新店,2024-06-07,9661
00688L,國泰20年美債正2,25,0,25,富邦-新店,2024-06-07,9661
2101,南港,72,47,25,富邦-新店,2024-06-07,9661
5880,合庫金,25,1,24,富邦-新店,2024-06-07,9661
2882,國泰金,3028,53,2975,富邦-新店,2024-06-11,9661
00919,群益台灣精選高息,681,24,657,富邦-新店,2024-06-11,9661
00687B,國泰20年美債,590,23,567,富邦-新店,2024-06-11,9661
00937B,群益ESG投等債20,482,52,430,富邦-新店,2024-06-11,9661
00936,台新永續高息中小,427,8,419,富邦-新店,2024-06-11,9661
00679B,元大美債20年,323,11,312,富邦-新店,2024-06-11,9661
2888,新光金,339,40,299,富邦-新店,2024-06-11,9661
3481,群創,288,7,281,富邦-新店,2024-06-11,9661
00929,復華台灣科技優息,324,110,214,富邦-新店,2024-06-11,9661
00918,大華優利高填息30,187,1,186,富邦-新店,2024-06-11,9661
00680L,元大美債20正2,171,8,163,富邦-新店,2024-06-11,9661
3047,訊舟,346,193,153,富邦-新店,2024-06-11,9661
2515,中工,164,18,146,富邦-新店,2024-06-11,9661
00933B,國泰10Y+金融債,146,3,143,富邦-新店,2024-06-11,9661
00878,國泰永續高股息,158,23,135,富邦-新店,2024-06-11,9661
2615,萬海,335,209,126,富邦-新店,2024-06-11,9661
1301,台塑,124,5,119,富邦-新店,2024-06-11,9661
2534,宏盛,118,1,117,富邦-新店,2024-06-11,9661
2101,南港,124,12,112,富邦-新店,2024-06-11,9661
2637,慧洋-KY,139,34,105,富邦-新店,2024-06-11,9661
4306,炎洲,101,0,101,富邦-新店,2024-06-11,9661
2356,英業達,117,19,98,富邦-新店,2024-06-11,9661
6414,樺漢,100,5,95,富邦-新店,2024-06-11,9661
2002,中鋼,112,25,87,富邦-新店,2024-06-11,9661
2406,國碩,100,21,79,富邦-新店,2024-06-11,9661
3508,位速,85,13,72,富邦-新店,2024-06-11,9661
00632R,元大台灣50反1,84,14,70,富邦-新店,2024-06-11,9661
1618,合機,109,43,66,富邦-新店,2024-06-11,9661
4114,健喬,65,0,65,富邦-新店,2024-06-11,9661
4561,健椿,70,6,64,富邦-新店,2024-06-11,9661
00673R,期元大S＆P原油反1,62,0,62,富邦-新店,2024-06-11,9661
9945,潤泰新,79,23,56,富邦-新店,2024-06-11,9661
5880,合庫金,56,0,56,富邦-新店,2024-06-11,9661
8089,康全電訊,59,3,56,富邦-新店,2024-06-11,9661
8163,達方,56,1,55,富邦-新店,2024-06-11,9661
2891,中信金,79,35,44,富邦-新店,2024-06-11,9661
1608,華榮,88,45,43,富邦-新店,2024-06-11,9661
2880,華南金,47,4,43,富邦-新店,2024-06-11,9661
4967,十銓,87,45,42,富邦-新店,2024-06-11,9661
3479,安勤,40,0,40,富邦-新店,2024-06-11,9661
1316,上曜,124,85,39,富邦-新店,2024-06-11,9661
6207,雷科,51,13,38,富邦-新店,2024-06-11,9661
2606,裕民,69,31,38,富邦-新店,2024-06-11,9661
8028,昇陽半導體,417,379,38,富邦-新店,2024-06-11,9661
5302,太欣,37,0,37,富邦-新店,2024-06-11,9661
2324,仁寶,36,1,35,富邦-新店,2024-06-11,9661
2501,國建,53,18,35,富邦-新店,2024-06-11,9661
6244,茂迪,37,3,34,富邦-新店,2024-06-11,9661
00882,中信中國高股息,159,126,33,富邦-新店,2024-06-11,9661
6245,立端,35,2,33,富邦-新店,2024-06-11,9661
2609,陽明,2361,421,1940,富邦-新店,2024-06-12,9661
00919,群益台灣精選高息,586,125,461,富邦-新店,2024-06-12,9661
8028,昇陽半導體,795,410,385,富邦-新店,2024-06-12,9661
2888,新光金,446,82,364,富邦-新店,2024-06-12,9661
00937B,群益ESG投等債20,325,18,307,富邦-新店,2024-06-12,9661
00948B,中信優息投資級債,256,20,236,富邦-新店,2024-06-12,9661
00679B,元大美債20年,247,13,234,富邦-新店,2024-06-12,9661
2883,凱基金,295,82,213,富邦-新店,2024-06-12,9661
00687B,國泰20年美債,244,61,183,富邦-新店,2024-06-12,9661
00712,復華富時不動產,187,10,177,富邦-新店,2024-06-12,9661
1316,上曜,248,72,176,富邦-新店,2024-06-12,9661
2867,三商壽,180,26,154,富邦-新店,2024-06-12,9661
2615,萬海,395,248,147,富邦-新店,2024-06-12,9661
00632R,元大台灣50反1,137,0,137,富邦-新店,2024-06-12,9661
2537,聯上發,134,29,105,富邦-新店,2024-06-12,9661
2356,英業達,121,31,90,富邦-新店,2024-06-12,9661
2530,華建,80,0,80,富邦-新店,2024-06-12,9661
2406,國碩,83,4,79,富邦-新店,2024-06-12,9661
00673R,期元大S＆P原油反1,73,0,73,富邦-新店,2024-06-12,9661
00933B,國泰10Y+金融債,73,1,72,富邦-新店,2024-06-12,9661
2427,三商電,73,2,71,富邦-新店,2024-06-12,9661
9945,潤泰新,76,8,68,富邦-新店,2024-06-12,9661
00665L,富邦�琤肭磪囓�2,83,16,67,富邦-新店,2024-06-12,9661
00878,國泰永續高股息,102,44,58,富邦-新店,2024-06-12,9661
2801,彰銀,59,2,57,富邦-新店,2024-06-12,9661
3576,聯合再生,63,10,53,富邦-新店,2024-06-12,9661
00680L,元大美債20正2,81,30,51,富邦-新店,2024-06-12,9661
8429,金麗-KY,50,0,50,富邦-新店,2024-06-12,9661
2354,鴻準,78,29,49,富邦-新店,2024-06-12,9661
8163,達方,46,1,45,富邦-新店,2024-06-12,9661
1522,堤維西,143,98,45,富邦-新店,2024-06-12,9661
2915,潤泰全,45,1,44,富邦-新店,2024-06-12,9661
00918,大華優利高填息30,43,0,43,富邦-新店,2024-06-12,9661
3432,台端,43,1,42,富邦-新店,2024-06-12,9661
3374,精材,78,36,42,富邦-新店,2024-06-12,9661
3231,緯創,147,106,41,富邦-新店,2024-06-12,9661
2409,友達,44,4,40,富邦-新店,2024-06-12,9661
00686R,群益臺灣加權反1,40,0,40,富邦-新店,2024-06-12,9661
8110,華東,46,6,40,富邦-新店,2024-06-12,9661
912000,晨訊科-DR,40,0,40,富邦-新店,2024-06-12,9661
4566,時碩工業,51,11,40,富邦-新店,2024-06-12,9661
6841,長佳智能,41,3,38,富邦-新店,2024-06-12,9661
00915,凱基優選高股息30,37,0,37,富邦-新店,2024-06-12,9661
2002,中鋼,41,7,34,富邦-新店,2024-06-12,9661
3025,星通,35,2,33,富邦-新店,2024-06-12,9661
2634,漢翔,34,1,33,富邦-新店,2024-06-12,9661
3622,洋華,48,15,33,富邦-新店,2024-06-12,9661
6152,百一,32,0,32,富邦-新店,2024-06-12,9661
2352,佳世達,31,0,31,富邦-新店,2024-06-12,9661
8358,金居,39,9,30,富邦-新店,2024-06-12,9661
2303,聯電,4066,371,3695,富邦-新店,2024-06-13,9661
2353,宏��,543,30,513,富邦-新店,2024-06-13,9661
00937B,群益ESG投等債20,399,24,375,富邦-新店,2024-06-13,9661
00948B,中信優息投資級債,311,0,311,富邦-新店,2024-06-13,9661
6190,萬泰科,267,4,263,富邦-新店,2024-06-13,9661
00713,元大台灣高息低波,241,0,241,富邦-新店,2024-06-13,9661
00942B,台新美A公司債20+,210,0,210,富邦-新店,2024-06-13,9661
2312,金寶,144,13,131,富邦-新店,2024-06-13,9661
2888,新光金,265,141,124,富邦-新店,2024-06-13,9661
00673R,期元大S＆P原油反1,120,0,120,富邦-新店,2024-06-13,9661
1104,環泥,91,1,90,富邦-新店,2024-06-13,9661
2464,盟立,131,42,89,富邦-新店,2024-06-13,9661
2867,三商壽,95,13,82,富邦-新店,2024-06-13,9661
2891,中信金,84,19,65,富邦-新店,2024-06-13,9661
1314,中石化,60,3,57,富邦-新店,2024-06-13,9661
2801,彰銀,56,0,56,富邦-新店,2024-06-13,9661
8096,擎亞,73,17,56,富邦-新店,2024-06-13,9661
00646,元大S＆P500,50,0,50,富邦-新店,2024-06-13,9661
00686R,群益臺灣加權反1,49,0,49,富邦-新店,2024-06-13,9661
2618,長榮航,82,34,48,富邦-新店,2024-06-13,9661
2915,潤泰全,50,3,47,富邦-新店,2024-06-13,9661
2317,鴻海,225,180,45,富邦-新店,2024-06-13,9661
6125,廣運,77,36,41,富邦-新店,2024-06-13,9661
00933B,國泰10Y+金融債,61,22,39,富邦-新店,2024-06-13,9661
3025,星通,42,3,39,富邦-新店,2024-06-13,9661
00947,台新臺灣IC設計,37,0,37,富邦-新店,2024-06-13,9661
1301,台塑,37,2,35,富邦-新店,2024-06-13,9661
2324,仁寶,38,3,35,富邦-新店,2024-06-13,9661
00919,群益台灣精選高息,308,273,35,富邦-新店,2024-06-13,9661
2489,瑞軒,54,20,34,富邦-新店,2024-06-13,9661
4967,十銓,123,89,34,富邦-新店,2024-06-13,9661
2606,裕民,39,6,33,富邦-新店,2024-06-13,9661
6451,訊芯-KY,70,38,32,富邦-新店,2024-06-13,9661
6147,頎邦,45,14,31,富邦-新店,2024-06-13,9661
2328,廣宇,34,4,30,富邦-新店,2024-06-13,9661
2855,統一證,32,2,30,富邦-新店,2024-06-13,9661
00936,台新永續高息中小,90,62,28,富邦-新店,2024-06-13,9661
6152,百一,29,1,28,富邦-新店,2024-06-13,9661
2515,中工,128,101,27,富邦-新店,2024-06-13,9661
2449,京元電子,98,71,27,富邦-新店,2024-06-13,9661
2330,台積電,65,38,27,富邦-新店,2024-06-13,9661
2615,萬海,146,119,27,富邦-新店,2024-06-13,9661
8039,台虹,38,12,26,富邦-新店,2024-06-13,9661
3432,台端,32,6,26,富邦-新店,2024-06-13,9661
00795B,中信美國公債20年,31,5,26,富邦-新店,2024-06-13,9661
00655L,國泰中國A50正2,46,21,25,富邦-新店,2024-06-13,9661
8028,昇陽半導體,733,708,25,富邦-新店,2024-06-13,9661
2603,長榮,48,24,24,富邦-新店,2024-06-13,9661
00918,大華優利高填息30,59,37,22,富邦-新店,2024-06-13,9661
8926,台汽電,22,0,22,富邦-新店,2024-06-13,9661
00919,群益台灣精選高息,494,80,414,富邦-新店,2024-06-14,9661
00679B,元大美債20年,320,57,263,富邦-新店,2024-06-14,9661
00918,大華優利高填息30,235,8,227,富邦-新店,2024-06-14,9661
8277,商丞,231,30,201,富邦-新店,2024-06-14,9661
4968,立積,208,15,193,富邦-新店,2024-06-14,9661
3357,臺慶科,164,12,152,富邦-新店,2024-06-14,9661
00687B,國泰20年美債,208,60,148,富邦-新店,2024-06-14,9661
00713,元大台灣高息低波,146,1,145,富邦-新店,2024-06-14,9661
3048,益登,212,80,132,富邦-新店,2024-06-14,9661
00948B,中信優息投資級債,122,0,122,富邦-新店,2024-06-14,9661
2106,建大,120,0,120,富邦-新店,2024-06-14,9661
1785,光洋科,126,20,106,富邦-新店,2024-06-14,9661
2501,國建,116,23,93,富邦-新店,2024-06-14,9661
3362,先進光,107,18,89,富邦-新店,2024-06-14,9661
3324,雙鴻,94,14,80,富邦-新店,2024-06-14,9661
3388,崇越電,102,28,74,富邦-新店,2024-06-14,9661
2371,大同,304,232,72,富邦-新店,2024-06-14,9661
8028,昇陽半導體,460,389,71,富邦-新店,2024-06-14,9661
2363,矽統,90,20,70,富邦-新店,2024-06-14,9661
4747,強生,55,0,55,富邦-新店,2024-06-14,9661
2330,台積電,73,18,55,富邦-新店,2024-06-14,9661
5269,祥碩,58,4,54,富邦-新店,2024-06-14,9661
00947,台新臺灣IC設計,53,0,53,富邦-新店,2024-06-14,9661
2645,長榮航太,63,12,51,富邦-新店,2024-06-14,9661
2888,新光金,79,29,50,富邦-新店,2024-06-14,9661
2388,威盛,55,5,50,富邦-新店,2024-06-14,9661
00646,元大S＆P500,50,0,50,富邦-新店,2024-06-14,9661
00936,台新永續高息中小,104,54,50,富邦-新店,2024-06-14,9661
2609,陽明,242,193,49,富邦-新店,2024-06-14,9661
00632R,元大台灣50反1,158,110,48,富邦-新店,2024-06-14,9661
1603,華電,73,27,46,富邦-新店,2024-06-14,9661
9105,泰金寶-DR,188,144,44,富邦-新店,2024-06-14,9661
2392,正崴,131,87,44,富邦-新店,2024-06-14,9661
2365,昆盈,92,50,42,富邦-新店,2024-06-14,9661
00946,群益科技高息成長,62,21,41,富邦-新店,2024-06-14,9661
00680L,元大美債20正2,113,73,40,富邦-新店,2024-06-14,9661
6757,台灣虎航,41,1,40,富邦-新店,2024-06-14,9661
4566,時碩工業,73,34,39,富邦-新店,2024-06-14,9661
2881,富邦金,44,6,38,富邦-新店,2024-06-14,9661
2355,敬鵬,41,4,37,富邦-新店,2024-06-14,9661
00915,凱基優選高股息30,43,7,36,富邦-新店,2024-06-14,9661
2201,裕隆,37,1,36,富邦-新店,2024-06-14,9661
00686R,群益臺灣加權反1,35,0,35,富邦-新店,2024-06-14,9661
3086,華義,35,0,35,富邦-新店,2024-06-14,9661
2375,凱美,35,1,34,富邦-新店,2024-06-14,9661
3016,嘉晶,38,6,32,富邦-新店,2024-06-14,9661
2486,一詮,77,45,32,富邦-新店,2024-06-14,9661
3363,上詮,39,7,32,富邦-新店,2024-06-14,9661
2002,中鋼,35,7,28,富邦-新店,2024-06-14,9661
2367,燿華,44,17,27,富邦-新店,2024-06-14,9661
1802,台玻,1875,246,1629,富邦-新店,2024-06-17,9661
3050,鈺德,1100,0,1100,富邦-新店,2024-06-17,9661
8028,昇陽半導體,1340,751,589,富邦-新店,2024-06-17,9661
00919,群益台灣精選高息,485,27,458,富邦-新店,2024-06-17,9661
00929,復華台灣科技優息,439,50,389,富邦-新店,2024-06-17,9661
2888,新光金,420,116,304,富邦-新店,2024-06-17,9661
00946,群益科技高息成長,277,24,253,富邦-新店,2024-06-17,9661
00937B,群益ESG投等債20,316,77,239,富邦-新店,2024-06-17,9661
3481,群創,469,232,237,富邦-新店,2024-06-17,9661
00713,元大台灣高息低波,212,6,206,富邦-新店,2024-06-17,9661
00942B,台新美A公司債20+,179,11,168,富邦-新店,2024-06-17,9661
00687B,國泰20年美債,192,24,168,富邦-新店,2024-06-17,9661
2303,聯電,208,50,158,富邦-新店,2024-06-17,9661
00679B,元大美債20年,231,77,154,富邦-新店,2024-06-17,9661
00918,大華優利高填息30,185,33,152,富邦-新店,2024-06-17,9661
00933B,國泰10Y+金融債,972,847,125,富邦-新店,2024-06-17,9661
1608,華榮,179,62,117,富邦-新店,2024-06-17,9661
00940,元大台灣價值高息,664,569,95,富邦-新店,2024-06-17,9661
2610,華航,310,223,87,富邦-新店,2024-06-17,9661
1616,億泰,89,8,81,富邦-新店,2024-06-17,9661
8103,瀚荃,117,38,79,富邦-新店,2024-06-17,9661
5340,建榮,90,14,76,富邦-新店,2024-06-17,9661
2449,京元電子,128,56,72,富邦-新店,2024-06-17,9661
8027,鈦昇,83,18,65,富邦-新店,2024-06-17,9661
3508,位速,58,2,56,富邦-新店,2024-06-17,9661
2534,宏盛,58,2,56,富邦-新店,2024-06-17,9661
00688L,國泰20年美債正2,58,2,56,富邦-新店,2024-06-17,9661
2025,千興,56,0,56,富邦-新店,2024-06-17,9661
2515,中工,160,105,55,富邦-新店,2024-06-17,9661
3622,洋華,102,49,53,富邦-新店,2024-06-17,9661
2615,萬海,208,155,53,富邦-新店,2024-06-17,9661
6643,M31,56,6,50,富邦-新店,2024-06-17,9661
2382,廣達,66,16,50,富邦-新店,2024-06-17,9661
00895,富邦未來車,50,1,49,富邦-新店,2024-06-17,9661
4979,華星光,61,18,43,富邦-新店,2024-06-17,9661
2308,台達電,52,10,42,富邦-新店,2024-06-17,9661
1514,亞力,171,129,42,富邦-新店,2024-06-17,9661
00947,台新臺灣IC設計,41,0,41,富邦-新店,2024-06-17,9661
1503,士電,100,61,39,富邦-新店,2024-06-17,9661
2520,冠德,44,5,39,富邦-新店,2024-06-17,9661
2609,陽明,155,117,38,富邦-新店,2024-06-17,9661
6233,旺玖,35,0,35,富邦-新店,2024-06-17,9661
2371,大同,342,308,34,富邦-新店,2024-06-17,9661
2542,興富發,61,27,34,富邦-新店,2024-06-17,9661
00632R,元大台灣50反1,44,11,33,富邦-新店,2024-06-17,9661
3231,緯創,42,10,32,富邦-新店,2024-06-17,9661
3169,亞信,31,0,31,富邦-新店,2024-06-17,9661
3617,碩天,31,0,31,富邦-新店,2024-06-17,9661
9945,潤泰新,33,2,31,富邦-新店,2024-06-17,9661
8937,合騏,30,0,30,富邦-新店,2024-06-17,9661
2344,華邦電,10398,306,10092,富邦-新店,2024-06-18,9661
00929,復華台灣科技優息,493,73,420,富邦-新店,2024-06-18,9661
00937B,群益ESG投等債20,489,158,331,富邦-新店,2024-06-18,9661
00946,群益科技高息成長,282,11,271,富邦-新店,2024-06-18,9661
00933B,國泰10Y+金融債,587,340,247,富邦-新店,2024-06-18,9661
00918,大華優利高填息30,243,12,231,富邦-新店,2024-06-18,9661
1802,台玻,261,37,224,富邦-新店,2024-06-18,9661
00713,元大台灣高息低波,200,0,200,富邦-新店,2024-06-18,9661
00632R,元大台灣50反1,255,58,197,富邦-新店,2024-06-18,9661
00936,台新永續高息中小,195,20,175,富邦-新店,2024-06-18,9661
00919,群益台灣精選高息,441,273,168,富邦-新店,2024-06-18,9661
9105,泰金寶-DR,227,86,141,富邦-新店,2024-06-18,9661
3481,群創,212,75,137,富邦-新店,2024-06-18,9661
9904,寶成,132,12,120,富邦-新店,2024-06-18,9661
8028,昇陽半導體,1197,1078,119,富邦-新店,2024-06-18,9661
6197,佳必琪,112,9,103,富邦-新店,2024-06-18,9661
2353,宏��,119,19,100,富邦-新店,2024-06-18,9661
2897,王道銀行,100,2,98,富邦-新店,2024-06-18,9661
2371,大同,251,158,93,富邦-新店,2024-06-18,9661
2351,順德,105,14,91,富邦-新店,2024-06-18,9661
6788,華景電,93,7,86,富邦-新店,2024-06-18,9661
00720B,元大投資級公司債,75,0,75,富邦-新店,2024-06-18,9661
4903,聯光通,75,1,74,富邦-新店,2024-06-18,9661
2337,旺宏,73,9,64,富邦-新店,2024-06-18,9661
8039,台虹,63,2,61,富邦-新店,2024-06-18,9661
2313,華通,77,20,57,富邦-新店,2024-06-18,9661
6282,康舒,112,55,57,富邦-新店,2024-06-18,9661
3035,智原,92,35,57,富邦-新店,2024-06-18,9661
00942B,台新美A公司債20+,57,2,55,富邦-新店,2024-06-18,9661
2903,遠百,55,2,53,富邦-新店,2024-06-18,9661
00679B,元大美債20年,109,61,48,富邦-新店,2024-06-18,9661
2615,萬海,112,66,46,富邦-新店,2024-06-18,9661
5302,太欣,45,0,45,富邦-新店,2024-06-18,9661
5519,隆大,46,2,44,富邦-新店,2024-06-18,9661
00688L,國泰20年美債正2,80,37,43,富邦-新店,2024-06-18,9661
3062,建漢,237,195,42,富邦-新店,2024-06-18,9661
00680L,元大美債20正2,109,68,41,富邦-新店,2024-06-18,9661
1447,力鵬,40,0,40,富邦-新店,2024-06-18,9661
00751B,元大AAA至A公司債,104,65,39,富邦-新店,2024-06-18,9661
6535,順藥,41,2,39,富邦-新店,2024-06-18,9661
2882,國泰金,103,65,38,富邦-新店,2024-06-18,9661
00686R,群益臺灣加權反1,36,0,36,富邦-新店,2024-06-18,9661
00915,凱基優選高股息30,35,1,34,富邦-新店,2024-06-18,9661
4912,聯德控股-KY,50,18,32,富邦-新店,2024-06-18,9661
3455,由田,33,2,31,富邦-新店,2024-06-18,9661
4577,達航科技,30,0,30,富邦-新店,2024-06-18,9661
9103,美德醫療-DR,47,18,29,富邦-新店,2024-06-18,9661
2312,金寶,62,33,29,富邦-新店,2024-06-18,9661
2618,長榮航,346,318,28,富邦-新店,2024-06-18,9661
2605,新興,28,0,28,富邦-新店,2024-06-18,9661
4958,臻鼎-KY,1083,46,1037,富邦-新店,2024-06-19,9661
2313,華通,886,36,850,富邦-新店,2024-06-19,9661
2344,華邦電,903,343,560,富邦-新店,2024-06-19,9661
00632R,元大台灣50反1,374,22,352,富邦-新店,2024-06-19,9661
00937B,群益ESG投等債20,389,39,350,富邦-新店,2024-06-19,9661
00940,元大台灣價值高息,616,275,341,富邦-新店,2024-06-19,9661
1314,中石化,314,1,313,富邦-新店,2024-06-19,9661
00946,群益科技高息成長,332,22,310,富邦-新店,2024-06-19,9661
8028,昇陽半導體,650,405,245,富邦-新店,2024-06-19,9661
2888,新光金,300,66,234,富邦-新店,2024-06-19,9661
8050,廣積,201,1,200,富邦-新店,2024-06-19,9661
00919,群益台灣精選高息,563,364,199,富邦-新店,2024-06-19,9661
00929,復華台灣科技優息,710,512,198,富邦-新店,2024-06-19,9661
1802,台玻,215,22,193,富邦-新店,2024-06-19,9661
4566,時碩工業,185,10,175,富邦-新店,2024-06-19,9661
1785,光洋科,286,122,164,富邦-新店,2024-06-19,9661
00936,台新永續高息中小,185,36,149,富邦-新店,2024-06-19,9661
3481,群創,164,16,148,富邦-新店,2024-06-19,9661
5443,均豪,227,88,139,富邦-新店,2024-06-19,9661
2316,楠梓電,142,15,127,富邦-新店,2024-06-19,9661
00687B,國泰20年美債,156,32,124,富邦-新店,2024-06-19,9661
4967,十銓,155,32,123,富邦-新店,2024-06-19,9661
5243,乙盛-KY,110,4,106,富邦-新店,2024-06-19,9661
6197,佳必琪,111,12,99,富邦-新店,2024-06-19,9661
2371,大同,183,94,89,富邦-新店,2024-06-19,9661
4123,晟德,87,4,83,富邦-新店,2024-06-19,9661
00713,元大台灣高息低波,81,1,80,富邦-新店,2024-06-19,9661
2520,冠德,73,0,73,富邦-新店,2024-06-19,9661
00942B,台新美A公司債20+,69,1,68,富邦-新店,2024-06-19,9661
5351,鈺創,75,11,64,富邦-新店,2024-06-19,9661
2809,京城銀,90,30,60,富邦-新店,2024-06-19,9661
3017,奇鋐,90,30,60,富邦-新店,2024-06-19,9661
6770,力積電,87,29,58,富邦-新店,2024-06-19,9661
2618,長榮航,306,252,54,富邦-新店,2024-06-19,9661
2836,高雄銀,100,47,53,富邦-新店,2024-06-19,9661
6637,醫影,52,0,52,富邦-新店,2024-06-19,9661
4526,東台,64,12,52,富邦-新店,2024-06-19,9661
2801,彰銀,54,3,51,富邦-新店,2024-06-19,9661
6216,居易,65,15,50,富邦-新店,2024-06-19,9661
2402,毅嘉,48,2,46,富邦-新店,2024-06-19,9661
1447,力鵬,52,6,46,富邦-新店,2024-06-19,9661
1815,富喬,85,40,45,富邦-新店,2024-06-19,9661
2324,仁寶,72,29,43,富邦-新店,2024-06-19,9661
4956,光鋐,96,53,43,富邦-新店,2024-06-19,9661
2634,漢翔,51,8,43,富邦-新店,2024-06-19,9661
2406,國碩,42,4,38,富邦-新店,2024-06-19,9661
00947,台新臺灣IC設計,38,0,38,富邦-新店,2024-06-19,9661
6147,頎邦,37,0,37,富邦-新店,2024-06-19,9661
2489,瑞軒,39,2,37,富邦-新店,2024-06-19,9661
5302,太欣,35,0,35,富邦-新店,2024-06-19,9661
00942B,台新美A公司債20+,2677,1,2676,富邦-新店,2024-06-20,9661
2344,華邦電,2115,350,1765,富邦-新店,2024-06-20,9661
3062,建漢,988,97,891,富邦-新店,2024-06-20,9661
00933B,國泰10Y+金融債,717,328,389,富邦-新店,2024-06-20,9661
2313,華通,432,70,362,富邦-新店,2024-06-20,9661
6414,樺漢,344,22,322,富邦-新店,2024-06-20,9661
2421,建準,307,2,305,富邦-新店,2024-06-20,9661
00919,群益台灣精選高息,406,154,252,富邦-新店,2024-06-20,9661
00936,台新永續高息中小,257,19,238,富邦-新店,2024-06-20,9661
1802,台玻,232,17,215,富邦-新店,2024-06-20,9661
00929,復華台灣科技優息,432,229,203,富邦-新店,2024-06-20,9661
5880,合庫金,210,21,189,富邦-新店,2024-06-20,9661
2354,鴻準,367,225,142,富邦-新店,2024-06-20,9661
00948B,中信優息投資級債,111,0,111,富邦-新店,2024-06-20,9661
00940,元大台灣價值高息,377,268,109,富邦-新店,2024-06-20,9661
3048,益登,203,94,109,富邦-新店,2024-06-20,9661
00939,統一台灣高息動能,180,79,101,富邦-新店,2024-06-20,9661
2353,宏��,114,18,96,富邦-新店,2024-06-20,9661
2330,台積電,107,14,93,富邦-新店,2024-06-20,9661
4526,東台,213,131,82,富邦-新店,2024-06-20,9661
00881,國泰台灣5G+,79,4,75,富邦-新店,2024-06-20,9661
8105,凌巨,122,60,62,富邦-新店,2024-06-20,9661
2897,王道銀行,60,0,60,富邦-新店,2024-06-20,9661
1711,永光,60,1,59,富邦-新店,2024-06-20,9661
1611,中電,76,21,55,富邦-新店,2024-06-20,9661
2392,正崴,84,29,55,富邦-新店,2024-06-20,9661
00935,野村臺灣新科技50,78,23,55,富邦-新店,2024-06-20,9661
00712,復華富時不動產,53,0,53,富邦-新店,2024-06-20,9661
00878,國泰永續高股息,103,51,52,富邦-新店,2024-06-20,9661
4534,慶騰,53,2,51,富邦-新店,2024-06-20,9661
00915,凱基優選高股息30,86,40,46,富邦-新店,2024-06-20,9661
2881,富邦金,63,22,41,富邦-新店,2024-06-20,9661
3055,蔚華科,49,10,39,富邦-新店,2024-06-20,9661
00751B,元大AAA至A公司債,39,0,39,富邦-新店,2024-06-20,9661
8039,台虹,43,4,39,富邦-新店,2024-06-20,9661
00946,群益科技高息成長,65,27,38,富邦-新店,2024-06-20,9661
9904,寶成,36,0,36,富邦-新店,2024-06-20,9661
4123,晟德,65,31,34,富邦-新店,2024-06-20,9661
00885,富邦越南,39,5,34,富邦-新店,2024-06-20,9661
00632R,元大台灣50反1,76,43,33,富邦-新店,2024-06-20,9661
2634,漢翔,42,9,33,富邦-新店,2024-06-20,9661
1513,中興電,57,24,33,富邦-新店,2024-06-20,9661
2834,臺企銀,43,11,32,富邦-新店,2024-06-20,9661
00687B,國泰20年美債,108,76,32,富邦-新店,2024-06-20,9661
4726,永昕,41,11,30,富邦-新店,2024-06-20,9661
2347,聯強,30,0,30,富邦-新店,2024-06-20,9661
6637,醫影,33,4,29,富邦-新店,2024-06-20,9661
6216,居易,50,23,27,富邦-新店,2024-06-20,9661
1605,華新,41,15,26,富邦-新店,2024-06-20,9661
6811,宏�硌穈T,27,2,25,富邦-新店,2024-06-20,9661
00937B,群益ESG投等債20,804,222,582,富邦-新店,2024-06-21,9661
00936,台新永續高息中小,549,8,541,富邦-新店,2024-06-21,9661
5880,合庫金,326,31,295,富邦-新店,2024-06-21,9661
3062,建漢,510,230,280,富邦-新店,2024-06-21,9661
00942B,台新美A公司債20+,253,0,253,富邦-新店,2024-06-21,9661
00632R,元大台灣50反1,309,80,229,富邦-新店,2024-06-21,9661
2317,鴻海,329,129,200,富邦-新店,2024-06-21,9661
00929,復華台灣科技優息,351,176,175,富邦-新店,2024-06-21,9661
00919,群益台灣精選高息,581,410,171,富邦-新店,2024-06-21,9661
3048,益登,208,56,152,富邦-新店,2024-06-21,9661
2023,燁輝,164,26,138,富邦-新店,2024-06-21,9661
00948B,中信優息投資級債,138,10,128,富邦-新店,2024-06-21,9661
2382,廣達,182,55,127,富邦-新店,2024-06-21,9661
2349,錸德,120,0,120,富邦-新店,2024-06-21,9661
00940,元大台灣價值高息,264,147,117,富邦-新店,2024-06-21,9661
6269,台郡,149,34,115,富邦-新店,2024-06-21,9661
2515,中工,140,26,114,富邦-新店,2024-06-21,9661
3324,雙鴻,112,16,96,富邦-新店,2024-06-21,9661
1409,新纖,100,10,90,富邦-新店,2024-06-21,9661
9103,美德醫療-DR,90,0,90,富邦-新店,2024-06-21,9661
1312,國喬,101,16,85,富邦-新店,2024-06-21,9661
2634,漢翔,88,4,84,富邦-新店,2024-06-21,9661
2344,華邦電,201,118,83,富邦-新店,2024-06-21,9661
2609,陽明,314,231,83,富邦-新店,2024-06-21,9661
3305,昇貿,252,173,79,富邦-新店,2024-06-21,9661
5512,力麒,78,0,78,富邦-新店,2024-06-21,9661
6173,信昌電,94,21,73,富邦-新店,2024-06-21,9661
4726,永昕,74,1,73,富邦-新店,2024-06-21,9661
00885,富邦越南,73,1,72,富邦-新店,2024-06-21,9661
2392,正崴,159,88,71,富邦-新店,2024-06-21,9661
2836,高雄銀,70,0,70,富邦-新店,2024-06-21,9661
4534,慶騰,66,0,66,富邦-新店,2024-06-21,9661
00946,群益科技高息成長,92,31,61,富邦-新店,2024-06-21,9661
2031,新光鋼,59,4,55,富邦-新店,2024-06-21,9661
00881,國泰台灣5G+,64,14,50,富邦-新店,2024-06-21,9661
00686R,群益臺灣加權反1,50,0,50,富邦-新店,2024-06-21,9661
2501,國建,51,1,50,富邦-新店,2024-06-21,9661
2330,台積電,76,26,50,富邦-新店,2024-06-21,9661
00882,中信中國高股息,60,13,47,富邦-新店,2024-06-21,9661
1301,台塑,53,6,47,富邦-新店,2024-06-21,9661
00753L,中信中國50正2,44,0,44,富邦-新店,2024-06-21,9661
00830,國泰費城半導體,42,0,42,富邦-新店,2024-06-21,9661
0056,元大高股息,58,17,41,富邦-新店,2024-06-21,9661
00679B,元大美債20年,102,66,36,富邦-新店,2024-06-21,9661
1102,亞泥,56,20,36,富邦-新店,2024-06-21,9661
8048,德勝,72,37,35,富邦-新店,2024-06-21,9661
00712,復華富時不動產,35,0,35,富邦-新店,2024-06-21,9661
2401,凌陽,89,55,34,富邦-新店,2024-06-21,9661
2371,大同,56,22,34,富邦-新店,2024-06-21,9661
2412,中華電,34,1,33,富邦-新店,2024-06-21,9661
6269,台郡,1411,35,1376,富邦-新店,2024-06-24,9661
00929,復華台灣科技優息,1260,250,1010,富邦-新店,2024-06-24,9661
00919,群益台灣精選高息,546,133,413,富邦-新店,2024-06-24,9661
2303,聯電,449,48,401,富邦-新店,2024-06-24,9661
4526,東台,476,95,381,富邦-新店,2024-06-24,9661
00937B,群益ESG投等債20,367,110,257,富邦-新店,2024-06-24,9661
8027,鈦昇,269,22,247,富邦-新店,2024-06-24,9661
00940,元大台灣價值高息,247,58,189,富邦-新店,2024-06-24,9661
5243,乙盛-KY,184,1,183,富邦-新店,2024-06-24,9661
3508,位速,150,1,149,富邦-新店,2024-06-24,9661
8028,昇陽半導體,164,21,143,富邦-新店,2024-06-24,9661
3033,威健,132,14,118,富邦-新店,2024-06-24,9661
4763,材料-KY,114,1,113,富邦-新店,2024-06-24,9661
3481,群創,740,635,105,富邦-新店,2024-06-24,9661
1785,光洋科,215,116,99,富邦-新店,2024-06-24,9661
3231,緯創,131,34,97,富邦-新店,2024-06-24,9661
1101,台泥,91,1,90,富邦-新店,2024-06-24,9661
00936,台新永續高息中小,96,7,89,富邦-新店,2024-06-24,9661
5439,高技,89,3,86,富邦-新店,2024-06-24,9661
4123,晟德,100,16,84,富邦-新店,2024-06-24,9661
2330,台積電,138,57,81,富邦-新店,2024-06-24,9661
3048,益登,103,26,77,富邦-新店,2024-06-24,9661
0056,元大高股息,100,26,74,富邦-新店,2024-06-24,9661
2353,宏��,83,9,74,富邦-新店,2024-06-24,9661
00713,元大台灣高息低波,73,4,69,富邦-新店,2024-06-24,9661
00878,國泰永續高股息,126,64,62,富邦-新店,2024-06-24,9661
4503,金雨,61,0,61,富邦-新店,2024-06-24,9661
00881,國泰台灣5G+,73,14,59,富邦-新店,2024-06-24,9661
00942B,台新美A公司債20+,60,4,56,富邦-新店,2024-06-24,9661
00918,大華優利高填息30,72,16,56,富邦-新店,2024-06-24,9661
00882,中信中國高股息,61,6,55,富邦-新店,2024-06-24,9661
6147,頎邦,65,11,54,富邦-新店,2024-06-24,9661
2504,國產,61,9,52,富邦-新店,2024-06-24,9661
4167,松瑞藥,51,0,51,富邦-新店,2024-06-24,9661
4726,永昕,63,14,49,富邦-新店,2024-06-24,9661
2489,瑞軒,68,21,47,富邦-新店,2024-06-24,9661
8112,至上,55,9,46,富邦-新店,2024-06-24,9661
00948B,中信優息投資級債,50,5,45,富邦-新店,2024-06-24,9661
00915,凱基優選高股息30,44,0,44,富邦-新店,2024-06-24,9661
5328,華容,66,26,40,富邦-新店,2024-06-24,9661
5351,鈺創,96,57,39,富邦-新店,2024-06-24,9661
1605,華新,44,6,38,富邦-新店,2024-06-24,9661
2801,彰銀,51,14,37,富邦-新店,2024-06-24,9661
3357,臺慶科,41,6,35,富邦-新店,2024-06-24,9661
912000,晨訊科-DR,124,90,34,富邦-新店,2024-06-24,9661
00891,中信關鍵半導體,37,5,32,富邦-新店,2024-06-24,9661
2516,新建,43,11,32,富邦-新店,2024-06-24,9661
00947,台新臺灣IC設計,31,0,31,富邦-新店,2024-06-24,9661
6176,瑞儀,66,36,30,富邦-新店,2024-06-24,9661
2409,友達,51,20,31,富邦-新店,2024-06-24,9661
4526,東台,647,152,495,富邦-新店,2024-06-25,9661
3481,群創,516,225,291,富邦-新店,2024-06-25,9661
00937B,群益ESG投等債20,310,37,273,富邦-新店,2024-06-25,9661
3017,奇鋐,270,15,255,富邦-新店,2024-06-25,9661
2409,友達,198,10,188,富邦-新店,2024-06-25,9661
2354,鴻準,251,112,139,富邦-新店,2024-06-25,9661
00936,台新永續高息中小,142,11,131,富邦-新店,2024-06-25,9661
3062,建漢,222,96,126,富邦-新店,2024-06-25,9661
8028,昇陽半導體,126,13,113,富邦-新店,2024-06-25,9661
3581,博磊,152,45,107,富邦-新店,2024-06-25,9661
00929,復華台灣科技優息,410,303,107,富邦-新店,2024-06-25,9661
2515,中工,108,5,103,富邦-新店,2024-06-25,9661
3324,雙鴻,167,68,99,富邦-新店,2024-06-25,9661
00706L,期元大S＆P日圓正2,101,5,96,富邦-新店,2024-06-25,9661
2880,華南金,98,3,95,富邦-新店,2024-06-25,9661
00688L,國泰20年美債正2,100,5,95,富邦-新店,2024-06-25,9661
2337,旺宏,102,11,91,富邦-新店,2024-06-25,9661
2317,鴻海,208,123,85,富邦-新店,2024-06-25,9661
3047,訊舟,118,35,83,富邦-新店,2024-06-25,9661
1504,東元,88,6,82,富邦-新店,2024-06-25,9661
00939,統一台灣高息動能,82,6,76,富邦-新店,2024-06-25,9661
00946,群益科技高息成長,66,4,62,富邦-新店,2024-06-25,9661
3673,TPK-KY,65,4,61,富邦-新店,2024-06-25,9661
00881,國泰台灣5G+,68,9,59,富邦-新店,2024-06-25,9661
00665L,富邦�琤肭磪囓�2,94,37,57,富邦-新店,2024-06-25,9661
2516,新建,53,0,53,富邦-新店,2024-06-25,9661
8027,鈦昇,83,31,52,富邦-新店,2024-06-25,9661
1319,東陽,56,5,51,富邦-新店,2024-06-25,9661
2303,聯電,68,23,45,富邦-新店,2024-06-25,9661
2855,統一證,45,0,45,富邦-新店,2024-06-25,9661
6235,華孚,67,23,44,富邦-新店,2024-06-25,9661
1815,富喬,87,44,43,富邦-新店,2024-06-25,9661
2406,國碩,110,68,42,富邦-新店,2024-06-25,9661
4726,永昕,76,34,42,富邦-新店,2024-06-25,9661
3231,緯創,56,15,41,富邦-新店,2024-06-25,9661
6116,彩晶,41,2,39,富邦-新店,2024-06-25,9661
3025,星通,90,52,38,富邦-新店,2024-06-25,9661
1449,佳和,38,1,37,富邦-新店,2024-06-25,9661
6139,亞翔,42,6,36,富邦-新店,2024-06-25,9661
1785,光洋科,132,96,36,富邦-新店,2024-06-25,9661
1605,華新,43,8,35,富邦-新店,2024-06-25,9661
2504,國產,63,28,35,富邦-新店,2024-06-25,9661
2867,三商壽,34,0,34,富邦-新店,2024-06-25,9661
00632R,元大台灣50反1,153,119,34,富邦-新店,2024-06-25,9661
2352,佳世達,72,39,33,富邦-新店,2024-06-25,9661
2258,鴻華先進-創,33,0,33,富邦-新店,2024-06-25,9661
1301,台塑,42,10,32,富邦-新店,2024-06-25,9661
911868,同方友友-DR,31,0,31,富邦-新店,2024-06-25,9661
8064,東捷,74,43,31,富邦-新店,2024-06-25,9661
3037,欣興,34,4,30,富邦-新店,2024-06-25,9661
2610,華航,1509,21,1488,富邦-新店,2024-06-26,9661
00936,台新永續高息中小,284,0,284,富邦-新店,2024-06-26,9661
00919,群益台灣精選高息,343,70,273,富邦-新店,2024-06-26,9661
3481,群創,300,71,229,富邦-新店,2024-06-26,9661
6269,台郡,235,10,225,富邦-新店,2024-06-26,9661
2301,光寶科,244,37,207,富邦-新店,2024-06-26,9661
2883,凱基金,229,39,190,富邦-新店,2024-06-26,9661
4526,東台,234,65,169,富邦-新店,2024-06-26,9661
00937B,群益ESG投等債20,220,69,151,富邦-新店,2024-06-26,9661
00878,國泰永續高股息,138,23,115,富邦-新店,2024-06-26,9661
00942B,台新美A公司債20+,126,15,111,富邦-新店,2024-06-26,9661
9103,美德醫療-DR,100,0,100,富邦-新店,2024-06-26,9661
8277,商丞,124,29,95,富邦-新店,2024-06-26,9661
00947,台新臺灣IC設計,93,0,93,富邦-新店,2024-06-26,9661
1101,台泥,104,14,90,富邦-新店,2024-06-26,9661
2609,陽明,120,32,88,富邦-新店,2024-06-26,9661
2002,中鋼,108,20,88,富邦-新店,2024-06-26,9661
6147,頎邦,82,1,81,富邦-新店,2024-06-26,9661
2023,燁輝,80,3,77,富邦-新店,2024-06-26,9661
0056,元大高股息,100,25,75,富邦-新店,2024-06-26,9661
00948B,中信優息投資級債,75,0,75,富邦-新店,2024-06-26,9661
2371,大同,77,7,70,富邦-新店,2024-06-26,9661
2316,楠梓電,73,7,66,富邦-新店,2024-06-26,9661
3025,星通,94,31,63,富邦-新店,2024-06-26,9661
2409,友達,70,8,62,富邦-新店,2024-06-26,9661
2888,新光金,124,62,62,富邦-新店,2024-06-26,9661
3231,緯創,73,16,57,富邦-新店,2024-06-26,9661
2603,長榮,78,21,57,富邦-新店,2024-06-26,9661
00632R,元大台灣50反1,66,11,55,富邦-新店,2024-06-26,9661
1303,南亞,59,6,53,富邦-新店,2024-06-26,9661
00713,元大台灣高息低波,53,0,53,富邦-新店,2024-06-26,9661
00940,元大台灣價值高息,159,108,51,富邦-新店,2024-06-26,9661
2615,萬海,84,35,49,富邦-新店,2024-06-26,9661
3535,晶彩科,48,4,44,富邦-新店,2024-06-26,9661
9904,寶成,54,13,41,富邦-新店,2024-06-26,9661
2427,三商電,59,18,41,富邦-新店,2024-06-26,9661
00637L,元大滬深300正2,41,2,39,富邦-新店,2024-06-26,9661
00931B,統一美債20年,42,3,39,富邦-新店,2024-06-26,9661
4967,十銓,49,13,36,富邦-新店,2024-06-26,9661
1301,台塑,46,10,36,富邦-新店,2024-06-26,9661
00946,群益科技高息成長,48,12,36,富邦-新店,2024-06-26,9661
2402,毅嘉,36,1,35,富邦-新店,2024-06-26,9661
3673,TPK-KY,36,1,35,富邦-新店,2024-06-26,9661
6443,元晶,38,4,34,富邦-新店,2024-06-26,9661
6505,台塑化,34,2,32,富邦-新店,2024-06-26,9661
1809,中釉,43,14,29,富邦-新店,2024-06-26,9661
2489,瑞軒,32,4,28,富邦-新店,2024-06-26,9661
2548,華固,36,9,27,富邦-新店,2024-06-26,9661
2504,國產,52,25,27,富邦-新店,2024-06-26,9661
3122,笙泉,29,2,27,富邦-新店,2024-06-26,9661
3062,建漢,1116,80,1036,富邦-新店,2024-06-27,9661
00679B,元大美債20年,399,9,390,富邦-新店,2024-06-27,9661
2885,元大金,376,56,320,富邦-新店,2024-06-27,9661
00937B,群益ESG投等債20,678,400,278,富邦-新店,2024-06-27,9661
00929,復華台灣科技優息,279,7,272,富邦-新店,2024-06-27,9661
8028,昇陽半導體,289,47,242,富邦-新店,2024-06-27,9661
00936,台新永續高息中小,240,5,235,富邦-新店,2024-06-27,9661
1809,中釉,231,29,202,富邦-新店,2024-06-27,9661
00687B,國泰20年美債,218,38,180,富邦-新店,2024-06-27,9661
8277,商丞,133,9,124,富邦-新店,2024-06-27,9661
2427,三商電,140,21,119,富邦-新店,2024-06-27,9661
00942B,台新美A公司債20+,113,0,113,富邦-新店,2024-06-27,9661
00919,群益台灣精選高息,173,62,111,富邦-新店,2024-06-27,9661
2801,彰銀,101,1,100,富邦-新店,2024-06-27,9661
2312,金寶,103,10,93,富邦-新店,2024-06-27,9661
2820,華票,85,0,85,富邦-新店,2024-06-27,9661
2882,國泰金,149,64,85,富邦-新店,2024-06-27,9661
1609,大亞,128,45,83,富邦-新店,2024-06-27,9661
4167,松瑞藥,175,96,79,富邦-新店,2024-06-27,9661
2884,玉山金,92,14,78,富邦-新店,2024-06-27,9661
00933B,國泰10Y+金融債,429,352,77,富邦-新店,2024-06-27,9661
00948B,中信優息投資級債,79,4,75,富邦-新店,2024-06-27,9661
1303,南亞,76,12,64,富邦-新店,2024-06-27,9661
00720B,元大投資級公司債,65,1,64,富邦-新店,2024-06-27,9661
00947,台新臺灣IC設計,64,0,64,富邦-新店,2024-06-27,9661
2201,裕隆,73,12,61,富邦-新店,2024-06-27,9661
00878,國泰永續高股息,68,8,60,富邦-新店,2024-06-27,9661
3047,訊舟,223,165,58,富邦-新店,2024-06-27,9661
3450,聯鈞,171,113,58,富邦-新店,2024-06-27,9661
00940,元大台灣價值高息,282,226,56,富邦-新店,2024-06-27,9661
2409,友達,77,22,55,富邦-新店,2024-06-27,9661
2888,新光金,66,12,54,富邦-新店,2024-06-27,9661
9945,潤泰新,53,1,52,富邦-新店,2024-06-27,9661
4976,佳凌,81,30,51,富邦-新店,2024-06-27,9661
00751B,元大AAA至A公司債,51,1,50,富邦-新店,2024-06-27,9661
0056,元大高股息,59,9,50,富邦-新店,2024-06-27,9661
8027,鈦昇,52,7,45,富邦-新店,2024-06-27,9661
6173,信昌電,46,2,44,富邦-新店,2024-06-27,9661
2367,燿華,128,84,44,富邦-新店,2024-06-27,9661
3576,聯合再生,180,137,43,富邦-新店,2024-06-27,9661
6806,森崴能源,118,75,43,富邦-新店,2024-06-27,9661
3712,永崴投控,111,69,42,富邦-新店,2024-06-27,9661
00650L,復華香港正2,42,0,42,富邦-新店,2024-06-27,9661
3297,杭特,54,12,42,富邦-新店,2024-06-27,9661
6505,台塑化,42,0,42,富邦-新店,2024-06-27,9661
2851,中再保,42,1,41,富邦-新店,2024-06-27,9661
00882,中信中國高股息,50,13,37,富邦-新店,2024-06-27,9661
4938,和碩,39,2,37,富邦-新店,2024-06-27,9661
3055,蔚華科,52,15,37,富邦-新店,2024-06-27,9661
6231,系微,36,0,36,富邦-新店,2024-06-27,9661
2615,萬海,535,16,519,富邦-新店,2024-06-28,9661
00679B,元大美債20年,421,28,393,富邦-新店,2024-06-28,9661
00687B,國泰20年美債,301,5,296,富邦-新店,2024-06-28,9661
00929,復華台灣科技優息,331,64,267,富邦-新店,2024-06-28,9661
8028,昇陽半導體,649,395,254,富邦-新店,2024-06-28,9661
00936,台新永續高息中小,227,13,214,富邦-新店,2024-06-28,9661
2867,三商壽,216,16,200,富邦-新店,2024-06-28,9661
00948B,中信優息投資級債,148,5,143,富邦-新店,2024-06-28,9661
3508,位速,133,1,132,富邦-新店,2024-06-28,9661
1609,大亞,171,46,125,富邦-新店,2024-06-28,9661
6244,茂迪,278,155,123,富邦-新店,2024-06-28,9661
00937B,群益ESG投等債20,123,0,123,富邦-新店,2024-06-28,9661
2201,裕隆,110,3,107,富邦-新店,2024-06-28,9661
8064,東捷,157,50,107,富邦-新店,2024-06-28,9661
1802,台玻,104,2,102,富邦-新店,2024-06-28,9661
2337,旺宏,94,10,84,富邦-新店,2024-06-28,9661
00919,群益台灣精選高息,117,36,81,富邦-新店,2024-06-28,9661
2303,聯電,175,98,77,富邦-新店,2024-06-28,9661
2409,友達,87,11,76,富邦-新店,2024-06-28,9661
2464,盟立,107,32,75,富邦-新店,2024-06-28,9661
8089,康全電訊,71,2,69,富邦-新店,2024-06-28,9661
00712,復華富時不動產,65,2,63,富邦-新店,2024-06-28,9661
4129,聯合,66,6,60,富邦-新店,2024-06-28,9661
3481,群創,89,30,59,富邦-新店,2024-06-28,9661
00878,國泰永續高股息,78,19,59,富邦-新店,2024-06-28,9661
4566,時碩工業,98,44,54,富邦-新店,2024-06-28,9661
00680L,元大美債20正2,51,0,51,富邦-新店,2024-06-28,9661
1314,中石化,49,1,48,富邦-新店,2024-06-28,9661
6182,合晶,46,0,46,富邦-新店,2024-06-28,9661
4995,晶達,47,2,45,富邦-新店,2024-06-28,9661
4114,健喬,45,0,45,富邦-新店,2024-06-28,9661
2352,佳世達,46,2,44,富邦-新店,2024-06-28,9661
00751B,元大AAA至A公司債,43,0,43,富邦-新店,2024-06-28,9661
3374,精材,55,13,42,富邦-新店,2024-06-28,9661
2406,國碩,144,103,41,富邦-新店,2024-06-28,9661
2836,高雄銀,45,5,40,富邦-新店,2024-06-28,9661
6127,九豪,58,18,40,富邦-新店,2024-06-28,9661
00753L,中信中國50正2,39,0,39,富邦-新店,2024-06-28,9661
3029,零壹,45,7,38,富邦-新店,2024-06-28,9661
00942B,台新美A公司債20+,37,0,37,富邦-新店,2024-06-28,9661
00673R,期元大S＆P原油反1,37,0,37,富邦-新店,2024-06-28,9661
9935,慶豐富,36,1,35,富邦-新店,2024-06-28,9661
1785,光洋科,50,17,33,富邦-新店,2024-06-28,9661
8104,錸寶,53,21,32,富邦-新店,2024-06-28,9661
1301,台塑,38,6,32,富邦-新店,2024-06-28,9661
9958,世紀鋼,36,5,31,富邦-新店,2024-06-28,9661
00905,FT臺灣Smart,31,0,31,富邦-新店,2024-06-28,9661
4123,晟德,32,5,27,富邦-新店,2024-06-28,9661
2504,國產,28,1,27,富邦-新店,2024-06-28,9661
4167,松瑞藥,47,21,26,富邦-新店,2024-06-28,9661
2610,華航,3045,158,2887,富邦-新店,2024-07-01,9661
00937B,群益ESG投等債20,1114,10,1104,富邦-新店,2024-07-01,9661
00712,復華富時不動產,1023,132,891,富邦-新店,2024-07-01,9661
2313,華通,677,11,666,富邦-新店,2024-07-01,9661
4958,臻鼎-KY,578,21,557,富邦-新店,2024-07-01,9661
00679B,元大美債20年,516,122,394,富邦-新店,2024-07-01,9661
00933B,國泰10Y+金融債,567,206,361,富邦-新店,2024-07-01,9661
00687B,國泰20年美債,302,0,302,富邦-新店,2024-07-01,9661
2367,燿華,343,52,291,富邦-新店,2024-07-01,9661
3413,京鼎,288,9,279,富邦-新店,2024-07-01,9661
00680L,元大美債20正2,253,20,233,富邦-新店,2024-07-01,9661
00929,復華台灣科技優息,311,96,215,富邦-新店,2024-07-01,9661
2867,三商壽,215,16,199,富邦-新店,2024-07-01,9661
6788,華景電,184,4,180,富邦-新店,2024-07-01,9661
0056,元大高股息,182,16,166,富邦-新店,2024-07-01,9661
2881,富邦金,167,26,141,富邦-新店,2024-07-01,9661
00948B,中信優息投資級債,124,0,124,富邦-新店,2024-07-01,9661
00936,台新永續高息中小,143,22,121,富邦-新店,2024-07-01,9661
2365,昆盈,438,333,105,富邦-新店,2024-07-01,9661
00931B,統一美債20年,157,53,104,富邦-新店,2024-07-01,9661
2634,漢翔,101,9,92,富邦-新店,2024-07-01,9661
00946,群益科技高息成長,115,23,92,富邦-新店,2024-07-01,9661
3441,聯一光,80,1,79,富邦-新店,2024-07-01,9661
6532,瑞耘,82,7,75,富邦-新店,2024-07-01,9661
00688L,國泰20年美債正2,69,0,69,富邦-新店,2024-07-01,9661
1101,台泥,70,4,66,富邦-新店,2024-07-01,9661
6126,信音,84,20,64,富邦-新店,2024-07-01,9661
00942B,台新美A公司債20+,463,400,63,富邦-新店,2024-07-01,9661
4160,訊聯基因,68,6,62,富邦-新店,2024-07-01,9661
2323,中環,60,1,59,富邦-新店,2024-07-01,9661
2368,金像電,70,12,58,富邦-新店,2024-07-01,9661
2530,華建,60,3,57,富邦-新店,2024-07-01,9661
2883B,凱基金乙特,56,0,56,富邦-新店,2024-07-01,9661
6026,福邦證,57,1,56,富邦-新店,2024-07-01,9661
3450,聯鈞,122,66,56,富邦-新店,2024-07-01,9661
6770,力積電,81,27,54,富邦-新店,2024-07-01,9661
00795B,中信美國公債20年,45,0,45,富邦-新店,2024-07-01,9661
1785,光洋科,62,19,43,富邦-新店,2024-07-01,9661
00720B,元大投資級公司債,42,1,41,富邦-新店,2024-07-01,9661
2801,彰銀,51,11,40,富邦-新店,2024-07-01,9661
3033,威健,42,3,39,富邦-新店,2024-07-01,9661
2324,仁寶,46,8,38,富邦-新店,2024-07-01,9661
2834,臺企銀,46,8,38,富邦-新店,2024-07-01,9661
8071,能率網通,59,21,38,富邦-新店,2024-07-01,9661
2889,國票金,53,15,38,富邦-新店,2024-07-01,9661
00753L,中信中國50正2,39,5,34,富邦-新店,2024-07-01,9661
6234,高僑,48,15,33,富邦-新店,2024-07-01,9661
2337,旺宏,55,23,32,富邦-新店,2024-07-01,9661
00632R,元大台灣50反1,213,181,32,富邦-新店,2024-07-01,9661
00935,野村臺灣新科技50,36,4,32,富邦-新店,2024-07-01,9661
00934,中信成長高股息,930,7,923,富邦-新店,2024-07-02,9661
00712,復華富時不動產,727,0,727,富邦-新店,2024-07-02,9661
00937B,群益ESG投等債20,708,6,702,富邦-新店,2024-07-02,9661
00929,復華台灣科技優息,1232,577,655,富邦-新店,2024-07-02,9661
2915,潤泰全,608,39,569,富邦-新店,2024-07-02,9661
3413,京鼎,532,18,514,富邦-新店,2024-07-02,9661
2303,聯電,710,210,500,富邦-新店,2024-07-02,9661
8028,昇陽半導體,400,49,351,富邦-新店,2024-07-02,9661
0056,元大高股息,341,56,285,富邦-新店,2024-07-02,9661
00948B,中信優息投資級債,319,59,260,富邦-新店,2024-07-02,9661
2317,鴻海,300,46,254,富邦-新店,2024-07-02,9661
00680L,元大美債20正2,241,2,239,富邦-新店,2024-07-02,9661
00679B,元大美債20年,373,153,220,富邦-新店,2024-07-02,9661
00919,群益台灣精選高息,275,84,191,富邦-新店,2024-07-02,9661
00687B,國泰20年美債,190,7,183,富邦-新店,2024-07-02,9661
00942B,台新美A公司債20+,332,200,132,富邦-新店,2024-07-02,9661
1710,東聯,110,0,110,富邦-新店,2024-07-02,9661
00946,群益科技高息成長,109,0,109,富邦-新店,2024-07-02,9661
2515,中工,109,1,108,富邦-新店,2024-07-02,9661
3017,奇鋐,103,16,87,富邦-新店,2024-07-02,9661
2449,京元電子,142,56,86,富邦-新店,2024-07-02,9661
00936,台新永續高息中小,195,110,85,富邦-新店,2024-07-02,9661
00878,國泰永續高股息,93,14,79,富邦-新店,2024-07-02,9661
3508,位速,68,0,68,富邦-新店,2024-07-02,9661
2495,普安,100,34,66,富邦-新店,2024-07-02,9661
00940,元大台灣價值高息,176,112,64,富邦-新店,2024-07-02,9661
4123,晟德,84,24,60,富邦-新店,2024-07-02,9661
4532,瑞智,60,0,60,富邦-新店,2024-07-02,9661
4534,慶騰,61,2,59,富邦-新店,2024-07-02,9661
3481,群創,77,20,57,富邦-新店,2024-07-02,9661
9105,泰金寶-DR,130,74,56,富邦-新店,2024-07-02,9661
00688L,國泰20年美債正2,57,2,55,富邦-新店,2024-07-02,9661
3535,晶彩科,139,86,53,富邦-新店,2024-07-02,9661
4934,太極,62,14,48,富邦-新店,2024-07-02,9661
1301,台塑,49,2,47,富邦-新店,2024-07-02,9661
00664R,國泰臺灣加權反1,45,0,45,富邦-新店,2024-07-02,9661
1314,中石化,51,8,43,富邦-新店,2024-07-02,9661
6285,啟��,40,0,40,富邦-新店,2024-07-02,9661
2427,三商電,75,36,39,富邦-新店,2024-07-02,9661
2820,華票,39,0,39,富邦-新店,2024-07-02,9661
8112,至上,51,13,38,富邦-新店,2024-07-02,9661
3702,大聯大,70,33,37,富邦-新店,2024-07-02,9661
3227,原相,37,2,35,富邦-新店,2024-07-02,9661
00931B,統一美債20年,44,10,34,富邦-新店,2024-07-02,9661
3338,泰碩,40,6,34,富邦-新店,2024-07-02,9661
2323,中環,53,20,33,富邦-新店,2024-07-02,9661
1504,東元,39,7,32,富邦-新店,2024-07-02,9661
8271,宇瞻,33,2,31,富邦-新店,2024-07-02,9661
5521,工信,30,0,30,富邦-新店,2024-07-02,9661
5230,雷笛克光學,35,5,30,富邦-新店,2024-07-02,9661
2313,華通,1343,61,1282,富邦-新店,2024-07-03,9661
4958,臻鼎-KY,1583,672,911,富邦-新店,2024-07-03,9661
00934,中信成長高股息,439,28,411,富邦-新店,2024-07-03,9661
9105,泰金寶-DR,395,12,383,富邦-新店,2024-07-03,9661
3413,京鼎,352,12,340,富邦-新店,2024-07-03,9661
00948B,中信優息投資級債,304,20,284,富邦-新店,2024-07-03,9661
00632R,元大台灣50反1,278,60,218,富邦-新店,2024-07-03,9661
2897,王道銀行,278,72,206,富邦-新店,2024-07-03,9661
3167,大量,205,33,172,富邦-新店,2024-07-03,9661
3047,訊舟,609,445,164,富邦-新店,2024-07-03,9661
6127,九豪,273,119,154,富邦-新店,2024-07-03,9661
00712,復華富時不動產,131,0,131,富邦-新店,2024-07-03,9661
4960,誠美材,132,5,127,富邦-新店,2024-07-03,9661
4167,松瑞藥,126,7,119,富邦-新店,2024-07-03,9661
00646,元大S＆P500,100,0,100,富邦-新店,2024-07-03,9661
00688L,國泰20年美債正2,83,2,81,富邦-新店,2024-07-03,9661
00929,復華台灣科技優息,212,132,80,富邦-新店,2024-07-03,9661
2606,裕民,105,25,80,富邦-新店,2024-07-03,9661
6937,天虹,78,7,71,富邦-新店,2024-07-03,9661
2303,聯電,114,47,67,富邦-新店,2024-07-03,9661
00680L,元大美債20正2,67,2,65,富邦-新店,2024-07-03,9661
4123,晟德,61,9,52,富邦-新店,2024-07-03,9661
8086,宏捷科,74,23,51,富邦-新店,2024-07-03,9661
0056,元大高股息,87,37,50,富邦-新店,2024-07-03,9661
00830,國泰費城半導體,62,14,48,富邦-新店,2024-07-03,9661
2317,鴻海,145,99,46,富邦-新店,2024-07-03,9661
6116,彩晶,52,8,44,富邦-新店,2024-07-03,9661
2349,錸德,85,42,43,富邦-新店,2024-07-03,9661
00936,台新永續高息中小,49,7,42,富邦-新店,2024-07-03,9661
2301,光寶科,56,15,41,富邦-新店,2024-07-03,9661
2603,長榮,66,25,41,富邦-新店,2024-07-03,9661
6443,元晶,138,99,39,富邦-新店,2024-07-03,9661
6244,茂迪,338,300,38,富邦-新店,2024-07-03,9661
4906,正文,85,50,35,富邦-新店,2024-07-03,9661
00897,富邦基因免疫生技,35,0,35,富邦-新店,2024-07-03,9661
2610,華航,86,51,35,富邦-新店,2024-07-03,9661
5443,均豪,108,75,33,富邦-新店,2024-07-03,9661
6150,撼訊,35,2,33,富邦-新店,2024-07-03,9661
2023,燁輝,32,0,32,富邦-新店,2024-07-03,9661
8440,綠電,41,10,31,富邦-新店,2024-07-03,9661
2406,國碩,90,59,31,富邦-新店,2024-07-03,9661
6176,瑞儀,73,42,31,富邦-新店,2024-07-03,9661
00927,群益半導體收益,30,0,30,富邦-新店,2024-07-03,9661
2356,英業達,45,15,30,富邦-新店,2024-07-03,9661
00687B,國泰20年美債,30,0,30,富邦-新店,2024-07-03,9661
3711,日月光投控,31,1,30,富邦-新店,2024-07-03,9661
3289,宜特,30,1,29,富邦-新店,2024-07-03,9661
8064,東捷,66,37,29,富邦-新店,2024-07-03,9661
6152,百一,34,6,28,富邦-新店,2024-07-03,9661
6532,瑞耘,35,7,28,富邦-新店,2024-07-03,9661
2888,新光金,2203,124,2079,富邦-新店,2024-07-04,9661
2313,華通,2086,106,1980,富邦-新店,2024-07-04,9661
4958,臻鼎-KY,1412,427,985,富邦-新店,2024-07-04,9661
3037,欣興,941,19,922,富邦-新店,2024-07-04,9661
6414,樺漢,387,22,365,富邦-新店,2024-07-04,9661
00934,中信成長高股息,290,7,283,富邦-新店,2024-07-04,9661
00937B,群益ESG投等債20,367,109,258,富邦-新店,2024-07-04,9661
2412,中華電,262,6,256,富邦-新店,2024-07-04,9661
2405,輔信,301,130,171,富邦-新店,2024-07-04,9661
3189,景碩,141,18,123,富邦-新店,2024-07-04,9661
2367,燿華,146,29,117,富邦-新店,2024-07-04,9661
1447,力鵬,113,4,109,富邦-新店,2024-07-04,9661
1409,新纖,229,124,105,富邦-新店,2024-07-04,9661
2353,宏��,109,10,99,富邦-新店,2024-07-04,9661
00687B,國泰20年美債,107,14,93,富邦-新店,2024-07-04,9661
8234,新漢,104,12,92,富邦-新店,2024-07-04,9661
4123,晟德,94,6,88,富邦-新店,2024-07-04,9661
2609,陽明,127,47,80,富邦-新店,2024-07-04,9661
2606,裕民,95,16,79,富邦-新店,2024-07-04,9661
1609,大亞,104,37,67,富邦-新店,2024-07-04,9661
6532,瑞耘,83,17,66,富邦-新店,2024-07-04,9661
6788,華景電,65,5,60,富邦-新店,2024-07-04,9661
1815,富喬,95,35,60,富邦-新店,2024-07-04,9661
3535,晶彩科,104,44,60,富邦-新店,2024-07-04,9661
2324,仁寶,57,2,55,富邦-新店,2024-07-04,9661
8071,能率網通,64,11,53,富邦-新店,2024-07-04,9661
9105,泰金寶-DR,92,41,51,富邦-新店,2024-07-04,9661
4532,瑞智,53,3,50,富邦-新店,2024-07-04,9661
6015,宏遠證,50,1,49,富邦-新店,2024-07-04,9661
00679B,元大美債20年,81,34,47,富邦-新店,2024-07-04,9661
1785,光洋科,808,762,46,富邦-新店,2024-07-04,9661
3062,建漢,73,29,44,富邦-新店,2024-07-04,9661
2427,三商電,59,16,43,富邦-新店,2024-07-04,9661
6179,亞通,64,24,40,富邦-新店,2024-07-04,9661
2399,映泰,42,3,39,富邦-新店,2024-07-04,9661
3402,漢科,57,19,38,富邦-新店,2024-07-04,9661
5347,世界,48,10,38,富邦-新店,2024-07-04,9661
2338,光罩,49,12,37,富邦-新店,2024-07-04,9661
3324,雙鴻,46,9,37,富邦-新店,2024-07-04,9661
2867,三商壽,66,30,36,富邦-新店,2024-07-04,9661
1336,台翰,36,0,36,富邦-新店,2024-07-04,9661
1608,華榮,69,34,35,富邦-新店,2024-07-04,9661
00686R,群益臺灣加權反1,35,0,35,富邦-新店,2024-07-04,9661
00673R,期元大S＆P原油反1,34,0,34,富邦-新店,2024-07-04,9661
00936,台新永續高息中小,47,14,33,富邦-新店,2024-07-04,9661
3213,茂訊,33,1,32,富邦-新店,2024-07-04,9661
6005,群益證,38,7,31,富邦-新店,2024-07-04,9661
6257,矽格,33,3,30,富邦-新店,2024-07-04,9661
6698,旭暉應材,56,26,30,富邦-新店,2024-07-04,9661
00720B,元大投資級公司債,31,2,29,富邦-新店,2024-07-04,9661
00632R,元大台灣50反1,606,100,506,富邦-新店,2024-07-05,9661
2888,新光金,521,104,417,富邦-新店,2024-07-05,9661
00937B,群益ESG投等債20,413,60,353,富邦-新店,2024-07-05,9661
5328,華容,317,26,291,富邦-新店,2024-07-05,9661
2312,金寶,300,45,255,富邦-新店,2024-07-05,9661
4542,科嶠,221,4,217,富邦-新店,2024-07-05,9661
2897,王道銀行,201,0,201,富邦-新店,2024-07-05,9661
00934,中信成長高股息,164,2,162,富邦-新店,2024-07-05,9661
4768,晶呈科技,172,12,160,富邦-新店,2024-07-05,9661
3481,群創,218,63,155,富邦-新店,2024-07-05,9661
6127,九豪,190,53,137,富邦-新店,2024-07-05,9661
3289,宜特,134,3,131,富邦-新店,2024-07-05,9661
2387,精元,131,8,123,富邦-新店,2024-07-05,9661
2367,燿華,236,119,117,富邦-新店,2024-07-05,9661
6223,旺矽,124,15,109,富邦-新店,2024-07-05,9661
0056,元大高股息,104,10,94,富邦-新店,2024-07-05,9661
2489,瑞軒,165,72,93,富邦-新店,2024-07-05,9661
6126,信音,94,10,84,富邦-新店,2024-07-05,9661
3664,安瑞-KY,81,0,81,富邦-新店,2024-07-05,9661
00679B,元大美債20年,113,33,80,富邦-新店,2024-07-05,9661
2392,正崴,132,55,77,富邦-新店,2024-07-05,9661
00949,復華日本龍頭,75,1,74,富邦-新店,2024-07-05,9661
8028,昇陽半導體,377,306,71,富邦-新店,2024-07-05,9661
2464,盟立,179,108,71,富邦-新店,2024-07-05,9661
00725B,國泰投資級公司債,70,0,70,富邦-新店,2024-07-05,9661
6163,華電網,70,0,70,富邦-新店,2024-07-05,9661
00637L,元大滬深300正2,250,182,68,富邦-新店,2024-07-05,9661
2317,鴻海,100,38,62,富邦-新店,2024-07-05,9661
00650L,復華香港正2,160,100,60,富邦-新店,2024-07-05,9661
8234,新漢,99,40,59,富邦-新店,2024-07-05,9661
00948B,中信優息投資級債,59,0,59,富邦-新店,2024-07-05,9661
00720B,元大投資級公司債,117,60,57,富邦-新店,2024-07-05,9661
2634,漢翔,82,27,55,富邦-新店,2024-07-05,9661
3016,嘉晶,56,2,54,富邦-新店,2024-07-05,9661
3379,彬台,54,1,53,富邦-新店,2024-07-05,9661
2615,萬海,110,58,52,富邦-新店,2024-07-05,9661
6953,家碩,51,1,50,富邦-新店,2024-07-05,9661
6788,華景電,52,3,49,富邦-新店,2024-07-05,9661
006208,富邦台50,48,2,46,富邦-新店,2024-07-05,9661
3576,聯合再生,125,81,44,富邦-新店,2024-07-05,9661
00905,FT臺灣Smart,42,0,42,富邦-新店,2024-07-05,9661
2301,光寶科,62,22,40,富邦-新店,2024-07-05,9661
3006,晶豪科,41,1,40,富邦-新店,2024-07-05,9661
00652,富邦印度,45,6,39,富邦-新店,2024-07-05,9661
00935,野村臺灣新科技50,48,11,37,富邦-新店,2024-07-05,9661
00885,富邦越南,37,0,37,富邦-新店,2024-07-05,9661
3055,蔚華科,72,36,36,富邦-新店,2024-07-05,9661
2027,大成鋼,61,27,34,富邦-新店,2024-07-05,9661
00946,群益科技高息成長,31,0,31,富邦-新店,2024-07-05,9661
6142,友勁,32,1,31,富邦-新店,2024-07-05,9661
6153,嘉聯益,745,131,614,富邦-新店,2024-07-08,9661
00929,復華台灣科技優息,586,122,464,富邦-新店,2024-07-08,9661
6532,瑞耘,431,8,423,富邦-新店,2024-07-08,9661
00720B,元大投資級公司債,375,0,375,富邦-新店,2024-07-08,9661
00934,中信成長高股息,376,5,371,富邦-新店,2024-07-08,9661
3289,宜特,318,6,312,富邦-新店,2024-07-08,9661
2392,正崴,415,119,296,富邦-新店,2024-07-08,9661
00632R,元大台灣50反1,493,204,289,富邦-新店,2024-07-08,9661
00937B,群益ESG投等債20,317,44,273,富邦-新店,2024-07-08,9661
3481,群創,1361,1101,260,富邦-新店,2024-07-08,9661
2027,大成鋼,237,31,206,富邦-新店,2024-07-08,9661
3455,由田,222,21,201,富邦-新店,2024-07-08,9661
00942B,台新美A公司債20+,204,8,196,富邦-新店,2024-07-08,9661
8163,達方,146,4,142,富邦-新店,2024-07-08,9661
2889,國票金,183,59,124,富邦-新店,2024-07-08,9661
3537,堡達,160,41,119,富邦-新店,2024-07-08,9661
1447,力鵬,119,2,117,富邦-新店,2024-07-08,9661
2618,長榮航,175,73,102,富邦-新店,2024-07-08,9661
3045,台灣大,125,27,98,富邦-新店,2024-07-08,9661
4960,誠美材,120,24,96,富邦-新店,2024-07-08,9661
4995,晶達,90,1,89,富邦-新店,2024-07-08,9661
2204,中華,85,1,84,富邦-新店,2024-07-08,9661
00923,群益台ESG低碳50,87,4,83,富邦-新店,2024-07-08,9661
6218,豪勉,79,0,79,富邦-新店,2024-07-08,9661
00725B,國泰投資級公司債,79,0,79,富邦-新店,2024-07-08,9661
00905,FT臺灣Smart,78,2,76,富邦-新店,2024-07-08,9661
1815,富喬,119,51,68,富邦-新店,2024-07-08,9661
00882,中信中國高股息,68,0,68,富邦-新店,2024-07-08,9661
1409,新纖,85,18,67,富邦-新店,2024-07-08,9661
2412,中華電,61,0,61,富邦-新店,2024-07-08,9661
2371,大同,74,15,59,富邦-新店,2024-07-08,9661
2352,佳世達,106,51,55,富邦-新店,2024-07-08,9661
2365,昆盈,374,320,54,富邦-新店,2024-07-08,9661
2363,矽統,194,141,53,富邦-新店,2024-07-08,9661
3025,星通,50,1,49,富邦-新店,2024-07-08,9661
8064,東捷,89,40,49,富邦-新店,2024-07-08,9661
2337,旺宏,105,57,48,富邦-新店,2024-07-08,9661
0056,元大高股息,85,38,47,富邦-新店,2024-07-08,9661
2881,富邦金,88,42,46,富邦-新店,2024-07-08,9661
3048,益登,82,35,47,富邦-新店,2024-07-08,9661
5392,能率,107,61,46,富邦-新店,2024-07-08,9661
2543,皇昌,72,27,45,富邦-新店,2024-07-08,9661
912000,晨訊科-DR,110,67,43,富邦-新店,2024-07-08,9661
2417,圓剛,161,120,41,富邦-新店,2024-07-08,9661
4958,臻鼎-KY,65,24,41,富邦-新店,2024-07-08,9661
00686R,群益臺灣加權反1,40,0,40,富邦-新店,2024-07-08,9661
2606,裕民,44,4,40,富邦-新店,2024-07-08,9661
4534,慶騰,48,9,39,富邦-新店,2024-07-08,9661
8071,能率網通,62,24,38,富邦-新店,2024-07-08,9661
3055,蔚華科,43,5,38,富邦-新店,2024-07-08,9661
2888,新光金,16192,789,15403,富邦-新店,2024-07-09,9661
2392,正崴,2404,562,1842,富邦-新店,2024-07-09,9661
9105,泰金寶-DR,689,334,355,富邦-新店,2024-07-09,9661
2328,廣宇,241,2,239,富邦-新店,2024-07-09,9661
00929,復華台灣科技優息,311,122,189,富邦-新店,2024-07-09,9661
3163,波若威,185,37,148,富邦-新店,2024-07-09,9661
2834,臺企銀,173,43,130,富邦-新店,2024-07-09,9661
2891,中信金,137,8,129,富邦-新店,2024-07-09,9661
3047,訊舟,421,297,124,富邦-新店,2024-07-09,9661
2317,鴻海,248,125,123,富邦-新店,2024-07-09,9661
2303,聯電,184,74,110,富邦-新店,2024-07-09,9661
2367,燿華,363,264,99,富邦-新店,2024-07-09,9661
3312,弘憶股,181,82,99,富邦-新店,2024-07-09,9661
2323,中環,118,20,98,富邦-新店,2024-07-09,9661
4960,誠美材,156,60,96,富邦-新店,2024-07-09,9661
00927,群益半導體收益,96,0,96,富邦-新店,2024-07-09,9661
2405,輔信,190,95,95,富邦-新店,2024-07-09,9661
3481,群創,137,45,92,富邦-新店,2024-07-09,9661
2609,陽明,156,65,91,富邦-新店,2024-07-09,9661
0056,元大高股息,101,21,80,富邦-新店,2024-07-09,9661
6603,富強鑫,182,105,77,富邦-新店,2024-07-09,9661
2353,宏��,106,31,75,富邦-新店,2024-07-09,9661
2618,長榮航,215,141,74,富邦-新店,2024-07-09,9661
6153,嘉聯益,97,25,72,富邦-新店,2024-07-09,9661
2867,三商壽,126,55,71,富邦-新店,2024-07-09,9661
4542,科嶠,80,12,68,富邦-新店,2024-07-09,9661
6770,力積電,86,19,67,富邦-新店,2024-07-09,9661
00945B,凱基美國非投等債,66,0,66,富邦-新店,2024-07-09,9661
3060,銘異,96,32,64,富邦-新店,2024-07-09,9661
2337,旺宏,65,5,60,富邦-新店,2024-07-09,9661
2883,凱基金,102,44,58,富邦-新店,2024-07-09,9661
1301,台塑,60,2,58,富邦-新店,2024-07-09,9661
4167,松瑞藥,68,10,58,富邦-新店,2024-07-09,9661
00878,國泰永續高股息,112,55,57,富邦-新店,2024-07-09,9661
2530,華建,55,0,55,富邦-新店,2024-07-09,9661
4510,高鋒,59,5,54,富邦-新店,2024-07-09,9661
3062,建漢,148,95,53,富邦-新店,2024-07-09,9661
1785,光洋科,112,60,52,富邦-新店,2024-07-09,9661
4976,佳凌,58,7,51,富邦-新店,2024-07-09,9661
2349,錸德,103,56,47,富邦-新店,2024-07-09,9661
006208,富邦台50,61,15,46,富邦-新店,2024-07-09,9661
00934,中信成長高股息,156,112,44,富邦-新店,2024-07-09,9661
00923,群益台ESG低碳50,44,1,43,富邦-新店,2024-07-09,9661
5530,龍巖,45,2,43,富邦-新店,2024-07-09,9661
1536,和大,95,53,42,富邦-新店,2024-07-09,9661
1608,華榮,122,82,40,富邦-新店,2024-07-09,9661
6451,訊芯-KY,51,12,39,富邦-新店,2024-07-09,9661
2845,遠東銀,39,0,39,富邦-新店,2024-07-09,9661
1319,東陽,52,14,38,富邦-新店,2024-07-09,9661
2465,麗臺,42,5,37,富邦-新店,2024-07-09,9661
2888,新光金,17645,787,16858,富邦-新店,2024-07-10,9661
00937B,群益ESG投等債20,566,149,417,富邦-新店,2024-07-10,9661
2312,金寶,401,106,295,富邦-新店,2024-07-10,9661
5603,陸海,298,7,291,富邦-新店,2024-07-10,9661
2515,中工,187,11,176,富邦-新店,2024-07-10,9661
2834,臺企銀,177,14,163,富邦-新店,2024-07-10,9661
00688L,國泰20年美債正2,148,3,145,富邦-新店,2024-07-10,9661
5512,力麒,131,2,129,富邦-新店,2024-07-10,9661
00725B,國泰投資級公司債,116,1,115,富邦-新店,2024-07-10,9661
00929,復華台灣科技優息,155,45,110,富邦-新店,2024-07-10,9661
00706L,期元大S＆P日圓正2,103,0,103,富邦-新店,2024-07-10,9661
2317,鴻海,169,67,102,富邦-新店,2024-07-10,9661
3289,宜特,103,3,100,富邦-新店,2024-07-10,9661
3013,晟銘電,163,71,92,富邦-新店,2024-07-10,9661
2489,瑞軒,169,78,91,富邦-新店,2024-07-10,9661
00934,中信成長高股息,88,6,82,富邦-新店,2024-07-10,9661
3413,京鼎,77,1,76,富邦-新店,2024-07-10,9661
2406,國碩,84,10,74,富邦-新店,2024-07-10,9661
2363,矽統,189,122,67,富邦-新店,2024-07-10,9661
2897,王道銀行,202,140,62,富邦-新店,2024-07-10,9661
2607,榮運,61,0,61,富邦-新店,2024-07-10,9661
00905,FT臺灣Smart,60,0,60,富邦-新店,2024-07-10,9661
6197,佳必琪,64,4,60,富邦-新店,2024-07-10,9661
2882,國泰金,97,39,58,富邦-新店,2024-07-10,9661
2606,裕民,77,19,58,富邦-新店,2024-07-10,9661
3498,陽程,128,71,57,富邦-新店,2024-07-10,9661
1536,和大,115,62,53,富邦-新店,2024-07-10,9661
4904,遠傳,117,65,52,富邦-新店,2024-07-10,9661
2353,宏��,165,113,52,富邦-新店,2024-07-10,9661
1809,中釉,59,8,51,富邦-新店,2024-07-10,9661
4542,科嶠,61,10,51,富邦-新店,2024-07-10,9661
2303,聯電,79,29,50,富邦-新店,2024-07-10,9661
1319,東陽,50,0,50,富邦-新店,2024-07-10,9661
6609,瀧澤科,55,6,49,富邦-新店,2024-07-10,9661
2601,益航,42,0,42,富邦-新店,2024-07-10,9661
2820,華票,41,0,41,富邦-新店,2024-07-10,9661
00679B,元大美債20年,80,43,37,富邦-新店,2024-07-10,9661
00632R,元大台灣50反1,52,15,37,富邦-新店,2024-07-10,9661
4916,事欣科,64,28,36,富邦-新店,2024-07-10,9661
3272,東碩,36,0,36,富邦-新店,2024-07-10,9661
00942B,台新美A公司債20+,36,0,36,富邦-新店,2024-07-10,9661
2464,盟立,121,85,36,富邦-新店,2024-07-10,9661
1618,合機,50,15,35,富邦-新店,2024-07-10,9661
00665L,富邦�琤肭磪囓�2,35,0,35,富邦-新店,2024-07-10,9661
1101,台泥,42,9,33,富邦-新店,2024-07-10,9661
00882,中信中國高股息,55,22,33,富邦-新店,2024-07-10,9661
6134,萬旭,34,2,32,富邦-新店,2024-07-10,9661
2412,中華電,32,0,32,富邦-新店,2024-07-10,9661
00927,群益半導體收益,34,3,31,富邦-新店,2024-07-10,9661
8105,凌巨,96,65,31,富邦-新店,2024-07-10,9661
3189,景碩,5219,75,5144,富邦-新店,2024-07-11,9661
2888,新光金,3727,543,3184,富邦-新店,2024-07-11,9661
2897,王道銀行,434,1,433,富邦-新店,2024-07-11,9661
00942B,台新美A公司債20+,402,1,401,富邦-新店,2024-07-11,9661
00937B,群益ESG投等債20,594,341,253,富邦-新店,2024-07-11,9661
0056,元大高股息,344,114,230,富邦-新店,2024-07-11,9661
00679B,元大美債20年,241,27,214,富邦-新店,2024-07-11,9661
2481,強茂,259,61,198,富邦-新店,2024-07-11,9661
6271,同欣電,205,22,183,富邦-新店,2024-07-11,9661
8105,凌巨,175,12,163,富邦-新店,2024-07-11,9661
1314,中石化,178,19,159,富邦-新店,2024-07-11,9661
2303,聯電,168,11,157,富邦-新店,2024-07-11,9661
2836,高雄銀,140,0,140,富邦-新店,2024-07-11,9661
00725B,國泰投資級公司債,139,10,129,富邦-新店,2024-07-11,9661
1513,中興電,256,129,127,富邦-新店,2024-07-11,9661
5512,力麒,117,0,117,富邦-新店,2024-07-11,9661
1540,喬福,113,1,112,富邦-新店,2024-07-11,9661
00882,中信中國高股息,105,7,98,富邦-新店,2024-07-11,9661
1569,濱川,165,69,96,富邦-新店,2024-07-11,9661
00950B,凱基A級公司債,88,0,88,富邦-新店,2024-07-11,9661
2382,廣達,113,30,83,富邦-新店,2024-07-11,9661
2618,長榮航,96,16,80,富邦-新店,2024-07-11,9661
00632R,元大台灣50反1,181,105,76,富邦-新店,2024-07-11,9661
00687B,國泰20年美債,88,13,75,富邦-新店,2024-07-11,9661
2449,京元電子,93,21,72,富邦-新店,2024-07-11,9661
2002,中鋼,84,11,73,富邦-新店,2024-07-11,9661
3706,神達,192,127,65,富邦-新店,2024-07-11,9661
2834,臺企銀,83,20,63,富邦-新店,2024-07-11,9661
1101,台泥,67,5,62,富邦-新店,2024-07-11,9661
00881,國泰台灣5G+,70,11,59,富邦-新店,2024-07-11,9661
00934,中信成長高股息,260,208,52,富邦-新店,2024-07-11,9661
5443,均豪,69,18,51,富邦-新店,2024-07-11,9661
6152,百一,53,5,48,富邦-新店,2024-07-11,9661
00948B,中信優息投資級債,46,2,44,富邦-新店,2024-07-11,9661
6706,惠特,71,30,41,富邦-新店,2024-07-11,9661
1305,華夏,42,1,41,富邦-新店,2024-07-11,9661
3379,彬台,76,36,40,富邦-新店,2024-07-11,9661
1514,亞力,116,77,39,富邦-新店,2024-07-11,9661
2545,皇翔,41,3,38,富邦-新店,2024-07-11,9661
00949,復華日本龍頭,40,4,36,富邦-新店,2024-07-11,9661
6005,群益證,33,0,33,富邦-新店,2024-07-11,9661
00923,群益台ESG低碳50,48,15,33,富邦-新店,2024-07-11,9661
8210,勤誠,39,7,32,富邦-新店,2024-07-11,9661
3508,位速,32,0,32,富邦-新店,2024-07-11,9661
2354,鴻準,82,50,32,富邦-新店,2024-07-11,9661
00935,野村臺灣新科技50,32,0,32,富邦-新店,2024-07-11,9661
3673,TPK-KY,44,13,31,富邦-新店,2024-07-11,9661
2867,三商壽,132,101,31,富邦-新店,2024-07-11,9661
9945,潤泰新,49,19,30,富邦-新店,2024-07-11,9661
3498,陽程,38,9,29,富邦-新店,2024-07-11,9661
2888,新光金,3407,425,2982,富邦-新店,2024-07-12,9661
3189,景碩,3342,1585,1757,富邦-新店,2024-07-12,9661
00929,復華台灣科技優息,511,96,415,富邦-新店,2024-07-12,9661
0056,元大高股息,404,27,377,富邦-新店,2024-07-12,9661
2317,鴻海,488,119,369,富邦-新店,2024-07-12,9661
00688L,國泰20年美債正2,285,6,279,富邦-新店,2024-07-12,9661
00937B,群益ESG投等債20,312,100,212,富邦-新店,2024-07-12,9661
00934,中信成長高股息,315,103,212,富邦-新店,2024-07-12,9661
2303,聯電,234,30,204,富邦-新店,2024-07-12,9661
00632R,元大台灣50反1,268,68,200,富邦-新店,2024-07-12,9661
3019,亞光,345,157,188,富邦-新店,2024-07-12,9661
2312,金寶,1127,942,185,富邦-新店,2024-07-12,9661
2867,三商壽,337,169,168,富邦-新店,2024-07-12,9661
2449,京元電子,197,39,158,富邦-新店,2024-07-12,9661
00680L,元大美債20正2,145,1,144,富邦-新店,2024-07-12,9661
8028,昇陽半導體,194,67,127,富邦-新店,2024-07-12,9661
00927,群益半導體收益,116,0,116,富邦-新店,2024-07-12,9661
00725B,國泰投資級公司債,111,1,110,富邦-新店,2024-07-12,9661
00881,國泰台灣5G+,120,12,108,富邦-新店,2024-07-12,9661
00935,野村臺灣新科技50,125,17,108,富邦-新店,2024-07-12,9661
5381,合正,123,16,107,富邦-新店,2024-07-12,9661
00706L,期元大S＆P日圓正2,105,0,105,富邦-新店,2024-07-12,9661
00878,國泰永續高股息,111,18,93,富邦-新店,2024-07-12,9661
2330,台積電,123,34,89,富邦-新店,2024-07-12,9661
6270,倍微,88,3,85,富邦-新店,2024-07-12,9661
0050,元大台灣50,84,6,78,富邦-新店,2024-07-12,9661
3711,日月光投控,87,11,76,富邦-新店,2024-07-12,9661
00939,統一台灣高息動能,82,6,76,富邦-新店,2024-07-12,9661
2206,三陽工業,84,10,74,富邦-新店,2024-07-12,9661
3481,群創,456,385,71,富邦-新店,2024-07-12,9661
006208,富邦台50,82,18,64,富邦-新店,2024-07-12,9661
00687B,國泰20年美債,75,15,60,富邦-新店,2024-07-12,9661
4566,時碩工業,77,21,56,富邦-新店,2024-07-12,9661
1616,億泰,91,35,56,富邦-新店,2024-07-12,9661
2404,漢唐,55,1,54,富邦-新店,2024-07-12,9661
2603,長榮,71,18,53,富邦-新店,2024-07-12,9661
1316,上曜,125,75,50,富邦-新店,2024-07-12,9661
2455,全新,54,4,50,富邦-新店,2024-07-12,9661
2313,華通,75,26,49,富邦-新店,2024-07-12,9661
2618,長榮航,57,8,49,富邦-新店,2024-07-12,9661
4958,臻鼎-KY,89,40,49,富邦-新店,2024-07-12,9661
00949,復華日本龍頭,98,51,47,富邦-新店,2024-07-12,9661
1540,喬福,79,32,47,富邦-新店,2024-07-12,9661
3047,訊舟,147,100,47,富邦-新店,2024-07-12,9661
00922,國泰台灣領袖50,45,1,44,富邦-新店,2024-07-12,9661
00940,元大台灣價值高息,130,86,44,富邦-新店,2024-07-12,9661
3312,弘憶股,57,13,44,富邦-新店,2024-07-12,9661
9945,潤泰新,235,193,42,富邦-新店,2024-07-12,9661
6215,和椿,59,18,41,富邦-新店,2024-07-12,9661
4123,晟德,53,13,40,富邦-新店,2024-07-12,9661
2905,三商,1900,2,1898,富邦-新店,2024-07-15,9661
4746,台耀,904,9,895,富邦-新店,2024-07-15,9661
2888,新光金,1042,154,888,富邦-新店,2024-07-15,9661
00937B,群益ESG投等債20,798,121,677,富邦-新店,2024-07-15,9661
2027,大成鋼,776,111,665,富邦-新店,2024-07-15,9661
0056,元大高股息,386,17,369,富邦-新店,2024-07-15,9661
2891,中信金,318,18,300,富邦-新店,2024-07-15,9661
00929,復華台灣科技優息,277,27,250,富邦-新店,2024-07-15,9661
00934,中信成長高股息,245,23,222,富邦-新店,2024-07-15,9661
2344,華邦電,238,29,209,富邦-新店,2024-07-15,9661
2312,金寶,286,126,160,富邦-新店,2024-07-15,9661
00942B,台新美A公司債20+,155,0,155,富邦-新店,2024-07-15,9661
3189,景碩,894,760,134,富邦-新店,2024-07-15,9661
5309,系統電,150,27,123,富邦-新店,2024-07-15,9661
00679B,元大美債20年,162,42,120,富邦-新店,2024-07-15,9661
3481,群創,179,65,114,富邦-新店,2024-07-15,9661
1608,華榮,176,72,104,富邦-新店,2024-07-15,9661
00933B,國泰10Y+金融債,923,821,102,富邦-新店,2024-07-15,9661
00725B,國泰投資級公司債,92,2,90,富邦-新店,2024-07-15,9661
2356,英業達,242,154,88,富邦-新店,2024-07-15,9661
00719B,元大美債1-3,80,3,77,富邦-新店,2024-07-15,9661
00878,國泰永續高股息,84,15,69,富邦-新店,2024-07-15,9661
2889,國票金,73,5,68,富邦-新店,2024-07-15,9661
6770,力積電,99,33,66,富邦-新店,2024-07-15,9661
6126,信音,81,17,64,富邦-新店,2024-07-15,9661
8255,朋程,64,0,64,富邦-新店,2024-07-15,9661
1319,東陽,63,2,61,富邦-新店,2024-07-15,9661
8011,台通,78,25,53,富邦-新店,2024-07-15,9661
2025,千興,50,0,50,富邦-新店,2024-07-15,9661
3045,台灣大,49,0,49,富邦-新店,2024-07-15,9661
3260,威剛,48,0,48,富邦-新店,2024-07-15,9661
00936,台新永續高息中小,53,9,44,富邦-新店,2024-07-15,9661
00688L,國泰20年美債正2,43,0,43,富邦-新店,2024-07-15,9661
00949,復華日本龍頭,55,13,42,富邦-新店,2024-07-15,9661
4160,訊聯基因,52,10,42,富邦-新店,2024-07-15,9661
1314,中石化,42,2,40,富邦-新店,2024-07-15,9661
3441,聯一光,40,1,39,富邦-新店,2024-07-15,9661
2885,元大金,40,2,38,富邦-新店,2024-07-15,9661
2516,新建,40,3,37,富邦-新店,2024-07-15,9661
2542,興富發,54,19,35,富邦-新店,2024-07-15,9661
2603,長榮,41,8,33,富邦-新店,2024-07-15,9661
3715,定穎投控,35,2,33,富邦-新店,2024-07-15,9661
8996,高力,35,3,32,富邦-新店,2024-07-15,9661
3712,永崴投控,42,10,32,富邦-新店,2024-07-15,9661
00905,FT臺灣Smart,56,24,32,富邦-新店,2024-07-15,9661
4909,新復興,53,21,32,富邦-新店,2024-07-15,9661
2449,京元電子,48,17,31,富邦-新店,2024-07-15,9661
00918,大華優利高填息30,35,5,30,富邦-新店,2024-07-15,9661
2739,寒舍,30,0,30,富邦-新店,2024-07-15,9661
6152,百一,30,0,30,富邦-新店,2024-07-15,9661
2867,三商壽,523,43,480,富邦-新店,2024-07-16,9661
3189,景碩,644,233,411,富邦-新店,2024-07-16,9661
00650L,復華香港正2,410,3,407,富邦-新店,2024-07-16,9661
00937B,群益ESG投等債20,386,35,351,富邦-新店,2024-07-16,9661
00919,群益台灣精選高息,375,29,346,富邦-新店,2024-07-16,9661
00905,FT臺灣Smart,258,0,258,富邦-新店,2024-07-16,9661
0056,元大高股息,283,26,257,富邦-新店,2024-07-16,9661
00929,復華台灣科技優息,266,47,219,富邦-新店,2024-07-16,9661
2317,鴻海,222,40,182,富邦-新店,2024-07-16,9661
00927,群益半導體收益,140,0,140,富邦-新店,2024-07-16,9661
2891,中信金,140,7,133,富邦-新店,2024-07-16,9661
00934,中信成長高股息,153,22,131,富邦-新店,2024-07-16,9661
2812,台中銀,130,4,126,富邦-新店,2024-07-16,9661
00948B,中信優息投資級債,128,15,113,富邦-新店,2024-07-16,9661
00740B,富邦全球投等債,111,0,111,富邦-新店,2024-07-16,9661
4746,台耀,110,6,104,富邦-新店,2024-07-16,9661
2027,大成鋼,100,3,97,富邦-新店,2024-07-16,9661
3481,群創,111,23,88,富邦-新店,2024-07-16,9661
6834,天二科技,117,33,84,富邦-新店,2024-07-16,9661
00878,國泰永續高股息,96,20,76,富邦-新店,2024-07-16,9661
00933B,國泰10Y+金融債,820,746,74,富邦-新店,2024-07-16,9661
00753L,中信中國50正2,70,0,70,富邦-新店,2024-07-16,9661
5236,凌陽創新,68,4,64,富邦-新店,2024-07-16,9661
1609,大亞,112,48,64,富邦-新店,2024-07-16,9661
2070,精湛,63,1,62,富邦-新店,2024-07-16,9661
2633,台灣高鐵,85,23,62,富邦-新店,2024-07-16,9661
8011,台通,192,134,58,富邦-新店,2024-07-16,9661
1319,東陽,54,2,52,富邦-新店,2024-07-16,9661
2356,英業達,82,30,52,富邦-新店,2024-07-16,9661
5521,工信,50,0,50,富邦-新店,2024-07-16,9661
00725B,國泰投資級公司債,48,0,48,富邦-新店,2024-07-16,9661
6104,創惟,49,1,48,富邦-新店,2024-07-16,9661
2228,劍麟,46,0,46,富邦-新店,2024-07-16,9661
2615,萬海,70,25,45,富邦-新店,2024-07-16,9661
2211,長榮鋼,46,3,43,富邦-新店,2024-07-16,9661
2495,普安,49,6,43,富邦-新店,2024-07-16,9661
1608,華榮,57,15,42,富邦-新店,2024-07-16,9661
2312,金寶,193,153,40,富邦-新店,2024-07-16,9661
9958,世紀鋼,41,4,37,富邦-新店,2024-07-16,9661
00679B,元大美債20年,58,22,36,富邦-新店,2024-07-16,9661
00882,中信中國高股息,95,59,36,富邦-新店,2024-07-16,9661
00895,富邦未來車,35,0,35,富邦-新店,2024-07-16,9661
2885,元大金,41,6,35,富邦-新店,2024-07-16,9661
1314,中石化,34,0,34,富邦-新店,2024-07-16,9661
00720B,元大投資級公司債,34,0,34,富邦-新店,2024-07-16,9661
2388,威盛,49,16,33,富邦-新店,2024-07-16,9661
5905,南仁湖,40,8,32,富邦-新店,2024-07-16,9661
00915,凱基優選高股息30,37,5,32,富邦-新店,2024-07-16,9661
3062,建漢,35,3,32,富邦-新店,2024-07-16,9661
00935,野村臺灣新科技50,31,0,31,富邦-新店,2024-07-16,9661
2027,大成鋼,2142,27,2115,富邦-新店,2024-07-17,9661
3189,景碩,3177,1293,1884,富邦-新店,2024-07-17,9661
00937B,群益ESG投等債20,1343,48,1295,富邦-新店,2024-07-17,9661
4746,台耀,651,4,647,富邦-新店,2024-07-17,9661
2313,華通,676,42,634,富邦-新店,2024-07-17,9661
00929,復華台灣科技優息,668,40,628,富邦-新店,2024-07-17,9661
00724B,群益投資級金融債,470,0,470,富邦-新店,2024-07-17,9661
2888,新光金,1441,1012,429,富邦-新店,2024-07-17,9661
00934,中信成長高股息,445,48,397,富邦-新店,2024-07-17,9661
2547,日勝生,349,12,337,富邦-新店,2024-07-17,9661
9905,大華,300,0,300,富邦-新店,2024-07-17,9661
00919,群益台灣精選高息,264,55,209,富邦-新店,2024-07-17,9661
00878,國泰永續高股息,191,16,175,富邦-新店,2024-07-17,9661
00927,群益半導體收益,166,0,166,富邦-新店,2024-07-17,9661
2883,凱基金,228,68,160,富邦-新店,2024-07-17,9661
1409,新纖,233,86,147,富邦-新店,2024-07-17,9661
2204,中華,146,12,134,富邦-新店,2024-07-17,9661
2344,華邦電,133,0,133,富邦-新店,2024-07-17,9661
3049,精金,139,13,126,富邦-新店,2024-07-17,9661
1312,國喬,134,10,124,富邦-新店,2024-07-17,9661
00679B,元大美債20年,177,56,121,富邦-新店,2024-07-17,9661
00933B,國泰10Y+金融債,208,101,107,富邦-新店,2024-07-17,9661
2330,台積電,116,12,104,富邦-新店,2024-07-17,9661
3260,威剛,102,1,101,富邦-新店,2024-07-17,9661
00680L,元大美債20正2,124,23,101,富邦-新店,2024-07-17,9661
3231,緯創,125,27,98,富邦-新店,2024-07-17,9661
00942B,台新美A公司債20+,101,5,96,富邦-新店,2024-07-17,9661
1709,和益,328,232,96,富邦-新店,2024-07-17,9661
2618,長榮航,129,36,93,富邦-新店,2024-07-17,9661
00688L,國泰20年美債正2,110,20,90,富邦-新店,2024-07-17,9661
1605,華新,83,5,78,富邦-新店,2024-07-17,9661
00881,國泰台灣5G+,71,0,71,富邦-新店,2024-07-17,9661
3673,TPK-KY,157,88,69,富邦-新店,2024-07-17,9661
2891,中信金,69,7,62,富邦-新店,2024-07-17,9661
00661,元大日經225,60,0,60,富邦-新店,2024-07-17,9661
2376,技嘉,66,6,60,富邦-新店,2024-07-17,9661
006208,富邦台50,72,14,58,富邦-新店,2024-07-17,9661
6770,力積電,96,40,56,富邦-新店,2024-07-17,9661
2409,友達,180,125,55,富邦-新店,2024-07-17,9661
00905,FT臺灣Smart,57,3,54,富邦-新店,2024-07-17,9661
4906,正文,197,144,53,富邦-新店,2024-07-17,9661
1513,中興電,112,59,53,富邦-新店,2024-07-17,9661
00751B,元大AAA至A公司債,54,2,52,富邦-新店,2024-07-17,9661
0050,元大台灣50,56,5,51,富邦-新店,2024-07-17,9661
8415,大國鋼,50,0,50,富邦-新店,2024-07-17,9661
6505,台塑化,51,2,49,富邦-新店,2024-07-17,9661
2534,宏盛,47,3,44,富邦-新店,2024-07-17,9661
00936,台新永續高息中小,47,3,44,富邦-新店,2024-07-17,9661
8112,至上,48,5,43,富邦-新店,2024-07-17,9661
2406,國碩,57,15,42,富邦-新店,2024-07-17,9661
2027,大成鋼,1160,82,1078,富邦-新店,2024-07-18,9661
4958,臻鼎-KY,882,56,826,富邦-新店,2024-07-18,9661
00929,復華台灣科技優息,675,209,466,富邦-新店,2024-07-18,9661
00946,群益科技高息成長,467,38,429,富邦-新店,2024-07-18,9661
00937B,群益ESG投等債20,470,60,410,富邦-新店,2024-07-18,9661
00927,群益半導體收益,386,48,338,富邦-新店,2024-07-18,9661
3050,鈺德,370,35,335,富邦-新店,2024-07-18,9661
0056,元大高股息,299,46,253,富邦-新店,2024-07-18,9661
8936,國統,258,40,218,富邦-新店,2024-07-18,9661
2867,三商壽,260,48,212,富邦-新店,2024-07-18,9661
00919,群益台灣精選高息,335,124,211,富邦-新店,2024-07-18,9661
2489,瑞軒,251,42,209,富邦-新店,2024-07-18,9661
1314,中石化,298,103,195,富邦-新店,2024-07-18,9661
2317,鴻海,310,141,169,富邦-新店,2024-07-18,9661
1709,和益,226,71,155,富邦-新店,2024-07-18,9661
00878,國泰永續高股息,279,130,149,富邦-新店,2024-07-18,9661
00949,復華日本龍頭,150,5,145,富邦-新店,2024-07-18,9661
00661,元大日經225,140,0,140,富邦-新店,2024-07-18,9661
1304,台聚,143,10,133,富邦-新店,2024-07-18,9661
2610,華航,155,25,130,富邦-新店,2024-07-18,9661
00645,富邦日本,127,0,127,富邦-新店,2024-07-18,9661
2330,台積電,176,63,113,富邦-新店,2024-07-18,9661
8028,昇陽半導體,131,20,111,富邦-新店,2024-07-18,9661
1584,精剛,129,18,111,富邦-新店,2024-07-18,9661
9105,泰金寶-DR,100,1,99,富邦-新店,2024-07-18,9661
2885,元大金,107,9,98,富邦-新店,2024-07-18,9661
1102,亞泥,191,103,88,富邦-新店,2024-07-18,9661
2303,聯電,108,20,88,富邦-新店,2024-07-18,9661
00881,國泰台灣5G+,92,10,82,富邦-新店,2024-07-18,9661
006208,富邦台50,92,10,82,富邦-新店,2024-07-18,9661
2382,廣達,136,55,81,富邦-新店,2024-07-18,9661
2603,長榮,96,20,76,富邦-新店,2024-07-18,9661
00934,中信成長高股息,84,12,72,富邦-新店,2024-07-18,9661
2891,中信金,76,12,64,富邦-新店,2024-07-18,9661
2884,玉山金,106,42,64,富邦-新店,2024-07-18,9661
2337,旺宏,67,5,62,富邦-新店,2024-07-18,9661
2882,國泰金,81,20,61,富邦-新店,2024-07-18,9661
0050,元大台灣50,70,9,61,富邦-新店,2024-07-18,9661
00936,台新永續高息中小,63,3,60,富邦-新店,2024-07-18,9661
4123,晟德,65,6,59,富邦-新店,2024-07-18,9661
3231,緯創,129,71,58,富邦-新店,2024-07-18,9661
3037,欣興,95,41,54,富邦-新店,2024-07-18,9661
00905,FT臺灣Smart,56,3,53,富邦-新店,2024-07-18,9661
8105,凌巨,113,62,51,富邦-新店,2024-07-18,9661
9945,潤泰新,121,70,51,富邦-新店,2024-07-18,9661
00679B,元大美債20年,80,30,50,富邦-新店,2024-07-18,9661
2515,中工,63,15,48,富邦-新店,2024-07-18,9661
1785,光洋科,86,39,47,富邦-新店,2024-07-18,9661
3055,蔚華科,54,7,47,富邦-新店,2024-07-18,9661
00933B,國泰10Y+金融債,152,110,42,富邦-新店,2024-07-18,9661
3189,景碩,1175,38,1137,富邦-新店,2024-07-19,9661
00937B,群益ESG投等債20,840,408,432,富邦-新店,2024-07-19,9661
00939,統一台灣高息動能,321,10,311,富邦-新店,2024-07-19,9661
8028,昇陽半導體,375,65,310,富邦-新店,2024-07-19,9661
00919,群益台灣精選高息,404,101,303,富邦-新店,2024-07-19,9661
5309,系統電,301,49,252,富邦-新店,2024-07-19,9661
00940,元大台灣價值高息,388,137,251,富邦-新店,2024-07-19,9661
0056,元大高股息,284,53,231,富邦-新店,2024-07-19,9661
2330,台積電,304,77,227,富邦-新店,2024-07-19,9661
00929,復華台灣科技優息,562,346,216,富邦-新店,2024-07-19,9661
2905,三商,210,0,210,富邦-新店,2024-07-19,9661
00936,台新永續高息中小,230,44,186,富邦-新店,2024-07-19,9661
1314,中石化,183,19,164,富邦-新店,2024-07-19,9661
2881,富邦金,211,53,158,富邦-新店,2024-07-19,9661
00878,國泰永續高股息,293,163,130,富邦-新店,2024-07-19,9661
2891,中信金,131,11,120,富邦-新店,2024-07-19,9661
2408,南亞科,120,8,112,富邦-新店,2024-07-19,9661
00905,FT臺灣Smart,118,10,108,富邦-新店,2024-07-19,9661
3673,TPK-KY,118,11,107,富邦-新店,2024-07-19,9661
1304,台聚,103,1,102,富邦-新店,2024-07-19,9661
1402,遠東新,151,50,101,富邦-新店,2024-07-19,9661
6026,福邦證,100,0,100,富邦-新店,2024-07-19,9661
2356,英業達,105,13,92,富邦-新店,2024-07-19,9661
2009,第一銅,94,2,92,富邦-新店,2024-07-19,9661
1101,台泥,116,26,90,富邦-新店,2024-07-19,9661
2344,華邦電,98,10,88,富邦-新店,2024-07-19,9661
00934,中信成長高股息,98,13,85,富邦-新店,2024-07-19,9661
2352,佳世達,109,26,83,富邦-新店,2024-07-19,9661
8112,至上,89,7,82,富邦-新店,2024-07-19,9661
2618,長榮航,95,17,78,富邦-新店,2024-07-19,9661
00918,大華優利高填息30,78,4,74,富邦-新店,2024-07-19,9661
2882,國泰金,113,45,68,富邦-新店,2024-07-19,9661
4306,炎洲,67,3,64,富邦-新店,2024-07-19,9661
2419,仲琦,124,62,62,富邦-新店,2024-07-19,9661
1568,倉佑,73,16,57,富邦-新店,2024-07-19,9661
00946,群益科技高息成長,78,21,57,富邦-新店,2024-07-19,9661
2603,長榮,68,12,56,富邦-新店,2024-07-19,9661
00923,群益台ESG低碳50,55,0,55,富邦-新店,2024-07-19,9661
006208,富邦台50,77,22,55,富邦-新店,2024-07-19,9661
2834,臺企銀,76,22,54,富邦-新店,2024-07-19,9661
3231,緯創,76,23,53,富邦-新店,2024-07-19,9661
1310,台苯,53,0,53,富邦-新店,2024-07-19,9661
2382,廣達,63,12,51,富邦-新店,2024-07-19,9661
9945,潤泰新,108,58,50,富邦-新店,2024-07-19,9661
1540,喬福,104,57,47,富邦-新店,2024-07-19,9661
2489,瑞軒,99,53,46,富邦-新店,2024-07-19,9661
00930,永豐ESG低碳高息,45,0,45,富邦-新店,2024-07-19,9661
00949,復華日本龍頭,74,30,44,富邦-新店,2024-07-19,9661
00927,群益半導體收益,65,21,44,富邦-新店,2024-07-19,9661
2855,統一證,42,2,40,富邦-新店,2024-07-19,9661
00940,元大台灣價值高息,1080,614,466,富邦-新店,2024-07-22,9661
00929,復華台灣科技優息,885,531,354,富邦-新店,2024-07-22,9661
00712,復華富時不動產,457,104,353,富邦-新店,2024-07-22,9661
00878,國泰永續高股息,354,150,204,富邦-新店,2024-07-22,9661
0056,元大高股息,276,101,175,富邦-新店,2024-07-22,9661
3050,鈺德,152,0,152,富邦-新店,2024-07-22,9661
8028,昇陽半導體,172,24,148,富邦-新店,2024-07-22,9661
00934,中信成長高股息,169,22,147,富邦-新店,2024-07-22,9661
00946,群益科技高息成長,161,23,138,富邦-新店,2024-07-22,9661
2337,旺宏,155,25,130,富邦-新店,2024-07-22,9661
2349,錸德,141,19,122,富邦-新店,2024-07-22,9661
3710,連展投控,110,0,110,富邦-新店,2024-07-22,9661
00937B,群益ESG投等債20,448,346,102,富邦-新店,2024-07-22,9661
2402,毅嘉,97,6,91,富邦-新店,2024-07-22,9661
00919,群益台灣精選高息,609,521,88,富邦-新店,2024-07-22,9661
6901,鑽石投資,105,20,85,富邦-新店,2024-07-22,9661
2303,聯電,133,61,72,富邦-新店,2024-07-22,9661
1314,中石化,71,4,67,富邦-新店,2024-07-22,9661
2408,南亞科,78,14,64,富邦-新店,2024-07-22,9661
2867,三商壽,99,37,62,富邦-新店,2024-07-22,9661
2605,新興,165,109,56,富邦-新店,2024-07-22,9661
00881,國泰台灣5G+,93,38,55,富邦-新店,2024-07-22,9661
0050,元大台灣50,84,31,53,富邦-新店,2024-07-22,9661
8440,綠電,61,8,53,富邦-新店,2024-07-22,9661
8473,山林水,101,48,53,富邦-新店,2024-07-22,9661
00715L,期街口布蘭特正2,54,2,52,富邦-新店,2024-07-22,9661
3230,錦明,53,1,52,富邦-新店,2024-07-22,9661
8112,至上,75,23,52,富邦-新店,2024-07-22,9661
00679B,元大美債20年,114,62,52,富邦-新店,2024-07-22,9661
2723,美食-KY,49,0,49,富邦-新店,2024-07-22,9661
3715,定穎投控,78,32,46,富邦-新店,2024-07-22,9661
2618,長榮航,85,44,41,富邦-新店,2024-07-22,9661
3231,緯創,153,112,41,富邦-新店,2024-07-22,9661
2330,台積電,131,91,40,富邦-新店,2024-07-22,9661
2317,鴻海,264,225,39,富邦-新店,2024-07-22,9661
00939,統一台灣高息動能,81,43,38,富邦-新店,2024-07-22,9661
00932,兆豐永續高息等權,38,0,38,富邦-新店,2024-07-22,9661
9945,潤泰新,72,35,37,富邦-新店,2024-07-22,9661
2356,英業達,72,35,37,富邦-新店,2024-07-22,9661
3508,位速,35,0,35,富邦-新店,2024-07-22,9661
00948B,中信優息投資級債,36,1,35,富邦-新店,2024-07-22,9661
5340,建榮,39,5,34,富邦-新店,2024-07-22,9661
2634,漢翔,46,12,34,富邦-新店,2024-07-22,9661
6104,創惟,34,1,33,富邦-新店,2024-07-22,9661
00713,元大台灣高息低波,52,20,32,富邦-新店,2024-07-22,9661
4763,材料-KY,36,5,31,富邦-新店,2024-07-22,9661
2836,高雄銀,70,39,31,富邦-新店,2024-07-22,9661
6223,旺矽,31,1,30,富邦-新店,2024-07-22,9661
2897A,王道銀甲特,30,0,30,富邦-新店,2024-07-22,9661
00936,台新永續高息中小,56,26,30,富邦-新店,2024-07-22,9661
2408,南亞科,449,13,436,富邦-新店,2024-07-23,9661
00929,復華台灣科技優息,487,82,405,富邦-新店,2024-07-23,9661
00937B,群益ESG投等債20,762,412,350,富邦-新店,2024-07-23,9661
00679B,元大美債20年,329,17,312,富邦-新店,2024-07-23,9661
3481,群創,304,47,257,富邦-新店,2024-07-23,9661
2883,凱基金,308,54,254,富邦-新店,2024-07-23,9661
00919,群益台灣精選高息,296,45,251,富邦-新店,2024-07-23,9661
00878,國泰永續高股息,236,46,190,富邦-新店,2024-07-23,9661
00946,群益科技高息成長,191,5,186,富邦-新店,2024-07-23,9661
00934,中信成長高股息,155,5,150,富邦-新店,2024-07-23,9661
2409,友達,162,12,150,富邦-新店,2024-07-23,9661
00942B,台新美A公司債20+,124,0,124,富邦-新店,2024-07-23,9661
1301,台塑,104,3,101,富邦-新店,2024-07-23,9661
00772B,中信高評級公司債,101,0,101,富邦-新店,2024-07-23,9661
1303,南亞,100,9,91,富邦-新店,2024-07-23,9661
8358,金居,90,1,89,富邦-新店,2024-07-23,9661
3376,新日興,103,17,86,富邦-新店,2024-07-23,9661
0056,元大高股息,102,21,81,富邦-新店,2024-07-23,9661
00680L,元大美債20正2,100,19,81,富邦-新店,2024-07-23,9661
6770,力積電,81,5,76,富邦-新店,2024-07-23,9661
9105,泰金寶-DR,81,7,74,富邦-新店,2024-07-23,9661
2489,瑞軒,98,26,72,富邦-新店,2024-07-23,9661
6443,元晶,76,9,67,富邦-新店,2024-07-23,9661
2834,臺企銀,112,50,62,富邦-新店,2024-07-23,9661
1609,大亞,105,45,60,富邦-新店,2024-07-23,9661
1608,華榮,80,23,57,富邦-新店,2024-07-23,9661
3338,泰碩,57,3,54,富邦-新店,2024-07-23,9661
00936,台新永續高息中小,57,4,53,富邦-新店,2024-07-23,9661
2464,盟立,111,58,53,富邦-新店,2024-07-23,9661
2312,金寶,88,35,53,富邦-新店,2024-07-23,9661
2888,新光金,139,90,49,富邦-新店,2024-07-23,9661
1712,興農,50,2,48,富邦-新店,2024-07-23,9661
1540,喬福,74,27,47,富邦-新店,2024-07-23,9661
2352,佳世達,57,11,46,富邦-新店,2024-07-23,9661
5292,華懋,45,0,45,富邦-新店,2024-07-23,9661
00935,野村臺灣新科技50,45,2,43,富邦-新店,2024-07-23,9661
1314,中石化,43,2,41,富邦-新店,2024-07-23,9661
00650L,復華香港正2,40,0,40,富邦-新店,2024-07-23,9661
00713,元大台灣高息低波,40,2,38,富邦-新店,2024-07-23,9661
2303,聯電,69,34,35,富邦-新店,2024-07-23,9661
00948B,中信優息投資級債,35,0,35,富邦-新店,2024-07-23,9661
00895,富邦未來車,33,0,33,富邦-新店,2024-07-23,9661
2359,所羅門,76,45,31,富邦-新店,2024-07-23,9661
2537,聯上發,47,17,30,富邦-新店,2024-07-23,9661
00688L,國泰20年美債正2,34,4,30,富邦-新店,2024-07-23,9661
1513,中興電,66,37,29,富邦-新店,2024-07-23,9661
2891,中信金,36,8,28,富邦-新店,2024-07-23,9661
1309,台達化,28,0,28,富邦-新店,2024-07-23,9661
2419,仲琦,58,33,25,富邦-新店,2024-07-23,9661
00930,永豐ESG低碳高息,25,0,25,富邦-新店,2024-07-23,9661
00929,復華台灣科技優息,554,7,547,富邦-新店,2024-07-26,9661
00937B,群益ESG投等債20,605,201,404,富邦-新店,2024-07-26,9661
2867,三商壽,368,25,343,富邦-新店,2024-07-26,9661
00878,國泰永續高股息,360,40,320,富邦-新店,2024-07-26,9661
2888,新光金,375,64,311,富邦-新店,2024-07-26,9661
00940,元大台灣價值高息,431,123,308,富邦-新店,2024-07-26,9661
2897A,王道銀甲特,287,0,287,富邦-新店,2024-07-26,9661
00919,群益台灣精選高息,353,82,271,富邦-新店,2024-07-26,9661
00948B,中信優息投資級債,261,33,228,富邦-新店,2024-07-26,9661
00680L,元大美債20正2,202,0,202,富邦-新店,2024-07-26,9661
0056,元大高股息,230,55,175,富邦-新店,2024-07-26,9661
2002,中鋼,189,14,175,富邦-新店,2024-07-26,9661
00687B,國泰20年美債,174,3,171,富邦-新店,2024-07-26,9661
2330,台積電,189,37,152,富邦-新店,2024-07-26,9661
00946,群益科技高息成長,179,40,139,富邦-新店,2024-07-26,9661
2317,鴻海,207,68,139,富邦-新店,2024-07-26,9661
2349,錸德,170,51,119,富邦-新店,2024-07-26,9661
0050,元大台灣50,122,11,111,富邦-新店,2024-07-26,9661
00951,台新日本半導體,106,0,106,富邦-新店,2024-07-26,9661
00679B,元大美債20年,206,115,91,富邦-新店,2024-07-26,9661
2303,聯電,143,52,91,富邦-新店,2024-07-26,9661
5603,陸海,96,6,90,富邦-新店,2024-07-26,9661
2834,臺企銀,95,7,88,富邦-新店,2024-07-26,9661
8028,昇陽半導體,190,104,86,富邦-新店,2024-07-26,9661
00933B,國泰10Y+金融債,404,320,84,富邦-新店,2024-07-26,9661
1314,中石化,111,30,81,富邦-新店,2024-07-26,9661
00637L,元大滬深300正2,256,181,75,富邦-新店,2024-07-26,9661
00942B,台新美A公司債20+,75,0,75,富邦-新店,2024-07-26,9661
3711,日月光投控,87,13,74,富邦-新店,2024-07-26,9661
2356,英業達,76,3,73,富邦-新店,2024-07-26,9661
006208,富邦台50,99,27,72,富邦-新店,2024-07-26,9661
1101,台泥,121,51,70,富邦-新店,2024-07-26,9661
00941,中信上游半導體,72,3,69,富邦-新店,2024-07-26,9661
00751B,元大AAA至A公司債,63,2,61,富邦-新店,2024-07-26,9661
00712,復華富時不動產,88,31,57,富邦-新店,2024-07-26,9661
2408,南亞科,78,22,56,富邦-新店,2024-07-26,9661
6177,達麗,77,21,56,富邦-新店,2024-07-26,9661
2301,光寶科,57,5,52,富邦-新店,2024-07-26,9661
2382,廣達,66,15,51,富邦-新店,2024-07-26,9661
00881,國泰台灣5G+,75,25,50,富邦-新店,2024-07-26,9661
00934,中信成長高股息,72,22,50,富邦-新店,2024-07-26,9661
00950B,凱基A級公司債,57,11,46,富邦-新店,2024-07-26,9661
2392,正崴,46,3,43,富邦-新店,2024-07-26,9661
00675L,富邦臺灣加權正2,44,3,41,富邦-新店,2024-07-26,9661
00918,大華優利高填息30,48,8,40,富邦-新店,2024-07-26,9661
00882,中信中國高股息,71,31,40,富邦-新店,2024-07-26,9661
00931B,統一美債20年,40,0,40,富邦-新店,2024-07-26,9661
2014,中鴻,46,6,40,富邦-新店,2024-07-26,9661
3211,順達,67,29,38,富邦-新店,2024-07-26,9661
00713,元大台灣高息低波,40,3,37,富邦-新店,2024-07-26,9661
00929,復華台灣科技優息,595,98,497,富邦-新店,2024-07-29,9661
2888,新光金,434,32,402,富邦-新店,2024-07-29,9661
00632R,元大台灣50反1,435,66,369,富邦-新店,2024-07-29,9661
2867,三商壽,229,8,221,富邦-新店,2024-07-29,9661
0056,元大高股息,272,67,205,富邦-新店,2024-07-29,9661
00942B,台新美A公司債20+,200,0,200,富邦-新店,2024-07-29,9661
00919,群益台灣精選高息,338,163,175,富邦-新店,2024-07-29,9661
00940,元大台灣價值高息,197,34,163,富邦-新店,2024-07-29,9661
00680L,元大美債20正2,152,8,144,富邦-新店,2024-07-29,9661
1513,中興電,402,267,135,富邦-新店,2024-07-29,9661
00931B,統一美債20年,130,6,124,富邦-新店,2024-07-29,9661
2883,凱基金,218,104,114,富邦-新店,2024-07-29,9661
5213,亞昕,118,5,113,富邦-新店,2024-07-29,9661
2313,華通,149,46,103,富邦-新店,2024-07-29,9661
2062,橋椿,100,2,98,富邦-新店,2024-07-29,9661
2356,英業達,150,54,96,富邦-新店,2024-07-29,9661
2884,玉山金,93,2,91,富邦-新店,2024-07-29,9661
9945,潤泰新,156,69,87,富邦-新店,2024-07-29,9661
5443,均豪,177,95,82,富邦-新店,2024-07-29,9661
2449,京元電子,97,16,81,富邦-新店,2024-07-29,9661
00715L,期街口布蘭特正2,79,1,78,富邦-新店,2024-07-29,9661
6223,旺矽,74,7,67,富邦-新店,2024-07-29,9661
2303,聯電,96,39,57,富邦-新店,2024-07-29,9661
00946,群益科技高息成長,71,15,56,富邦-新店,2024-07-29,9661
3481,群創,115,63,52,富邦-新店,2024-07-29,9661
2323,中環,45,0,45,富邦-新店,2024-07-29,9661
2353,宏��,53,9,44,富邦-新店,2024-07-29,9661
8028,昇陽半導體,105,62,43,富邦-新店,2024-07-29,9661
3230,錦明,50,7,43,富邦-新店,2024-07-29,9661
6116,彩晶,41,0,41,富邦-新店,2024-07-29,9661
00927,群益半導體收益,42,1,41,富邦-新店,2024-07-29,9661
2409,友達,47,6,41,富邦-新店,2024-07-29,9661
3712,永崴投控,43,3,40,富邦-新店,2024-07-29,9661
00918,大華優利高填息30,63,25,38,富邦-新店,2024-07-29,9661
00688L,國泰20年美債正2,37,0,37,富邦-新店,2024-07-29,9661
00937B,群益ESG投等債20,121,84,37,富邦-新店,2024-07-29,9661
8112,至上,40,5,35,富邦-新店,2024-07-29,9661
00934,中信成長高股息,44,10,34,富邦-新店,2024-07-29,9661
00881,國泰台灣5G+,38,5,33,富邦-新店,2024-07-29,9661
5871,中租-KY,32,0,32,富邦-新店,2024-07-29,9661
2324,仁寶,35,2,33,富邦-新店,2024-07-29,9661
3702,大聯大,37,6,31,富邦-新店,2024-07-29,9661
2367,燿華,57,27,30,富邦-新店,2024-07-29,9661
6768,志強-KY,33,3,30,富邦-新店,2024-07-29,9661
00671R,富邦NASDAQ反1,30,0,30,富邦-新店,2024-07-29,9661
1609,大亞,67,38,29,富邦-新店,2024-07-29,9661
2312,金寶,91,62,29,富邦-新店,2024-07-29,9661
6197,佳必琪,35,7,28,富邦-新店,2024-07-29,9661
00948B,中信優息投資級債,30,2,28,富邦-新店,2024-07-29,9661
00944,野村趨勢動能高息,26,0,26,富邦-新店,2024-07-29,9661
5443,均豪,526,92,434,富邦-新店,2024-07-30,9661
00929,復華台灣科技優息,464,67,397,富邦-新店,2024-07-30,9661
2891,中信金,352,28,324,富邦-新店,2024-07-30,9661
00940,元大台灣價值高息,438,121,317,富邦-新店,2024-07-30,9661
00878,國泰永續高股息,346,111,235,富邦-新店,2024-07-30,9661
00680L,元大美債20正2,235,11,224,富邦-新店,2024-07-30,9661
00715L,期街口布蘭特正2,199,2,197,富邦-新店,2024-07-30,9661
2888,新光金,347,157,190,富邦-新店,2024-07-30,9661
3189,景碩,489,314,175,富邦-新店,2024-07-30,9661
00919,群益台灣精選高息,296,130,166,富邦-新店,2024-07-30,9661
2883,凱基金,203,42,161,富邦-新店,2024-07-30,9661
00946,群益科技高息成長,169,11,158,富邦-新店,2024-07-30,9661
2905,三商,140,0,140,富邦-新店,2024-07-30,9661
2867,三商壽,150,12,138,富邦-新店,2024-07-30,9661
0056,元大高股息,245,108,137,富邦-新店,2024-07-30,9661
00650L,復華香港正2,130,0,130,富邦-新店,2024-07-30,9661
00679B,元大美債20年,138,31,107,富邦-新店,2024-07-30,9661
2313,華通,108,26,82,富邦-新店,2024-07-30,9661
2303,聯電,122,42,80,富邦-新店,2024-07-30,9661
2344,華邦電,81,8,73,富邦-新店,2024-07-30,9661
00937B,群益ESG投等債20,90,22,68,富邦-新店,2024-07-30,9661
00637L,元大滬深300正2,222,162,60,富邦-新店,2024-07-30,9661
00933B,國泰10Y+金融債,693,641,52,富邦-新店,2024-07-30,9661
2801,彰銀,52,0,52,富邦-新店,2024-07-30,9661
1815,富喬,70,18,52,富邦-新店,2024-07-30,9661
2062,橋椿,55,4,51,富邦-新店,2024-07-30,9661
2356,英業達,66,16,50,富邦-新店,2024-07-30,9661
6640,均華,52,3,49,富邦-新店,2024-07-30,9661
00632R,元大台灣50反1,321,274,47,富邦-新店,2024-07-30,9661
1101,台泥,66,21,45,富邦-新店,2024-07-30,9661
00936,台新永續高息中小,47,4,43,富邦-新店,2024-07-30,9661
1802,台玻,52,10,42,富邦-新店,2024-07-30,9661
00939,統一台灣高息動能,63,22,41,富邦-新店,2024-07-30,9661
2884,玉山金,53,13,40,富邦-新店,2024-07-30,9661
00665L,富邦�琤肭磪囓�2,41,5,36,富邦-新店,2024-07-30,9661
3702,大聯大,85,52,33,富邦-新店,2024-07-30,9661
2542,興富發,53,20,33,富邦-新店,2024-07-30,9661
6133,金橋,37,4,33,富邦-新店,2024-07-30,9661
2882,國泰金,48,16,32,富邦-新店,2024-07-30,9661
00905,FT臺灣Smart,41,11,30,富邦-新店,2024-07-30,9661
2890,永豐金,33,3,30,富邦-新店,2024-07-30,9661
00948B,中信優息投資級債,30,0,30,富邦-新店,2024-07-30,9661
00915,凱基優選高股息30,30,0,30,富邦-新店,2024-07-30,9661
6177,達麗,35,5,30,富邦-新店,2024-07-30,9661
2301,光寶科,42,13,29,富邦-新店,2024-07-30,9661
2408,南亞科,42,13,29,富邦-新店,2024-07-30,9661
00881,國泰台灣5G+,44,16,28,富邦-新店,2024-07-30,9661
00688L,國泰20年美債正2,33,5,28,富邦-新店,2024-07-30,9661
00934,中信成長高股息,60,32,28,富邦-新店,2024-07-30,9661
6578,達邦蛋白,24,0,24,富邦-新店,2024-07-30,9661
2905,三商,783,30,753,富邦-新店,2024-07-31,9661
00632R,元大台灣50反1,399,30,369,富邦-新店,2024-07-31,9661
00929,復華台灣科技優息,324,40,284,富邦-新店,2024-07-31,9661
2109,華豐,214,4,210,富邦-新店,2024-07-31,9661
2515,中工,115,2,113,富邦-新店,2024-07-31,9661
00688L,國泰20年美債正2,112,0,112,富邦-新店,2024-07-31,9661
00679B,元大美債20年,143,32,111,富邦-新店,2024-07-31,9661
3047,訊舟,134,46,88,富邦-新店,2024-07-31,9661
8064,東捷,175,88,87,富邦-新店,2024-07-31,9661
00878,國泰永續高股息,101,16,85,富邦-新店,2024-07-31,9661
2409,友達,100,26,74,富邦-新店,2024-07-31,9661
2537,聯上發,104,30,74,富邦-新店,2024-07-31,9661
00687B,國泰20年美債,137,64,73,富邦-新店,2024-07-31,9661
00946,群益科技高息成長,71,0,71,富邦-新店,2024-07-31,9661
3481,群創,555,489,66,富邦-新店,2024-07-31,9661
6116,彩晶,63,0,63,富邦-新店,2024-07-31,9661
00919,群益台灣精選高息,119,58,61,富邦-新店,2024-07-31,9661
00934,中信成長高股息,55,1,54,富邦-新店,2024-07-31,9661
6147,頎邦,49,0,49,富邦-新店,2024-07-31,9661
00933B,國泰10Y+金融債,633,585,48,富邦-新店,2024-07-31,9661
00706L,期元大S＆P日圓正2,58,10,48,富邦-新店,2024-07-31,9661
3105,穩懋,51,3,48,富邦-新店,2024-07-31,9661
00940,元大台灣價值高息,92,44,48,富邦-新店,2024-07-31,9661
2489,瑞軒,51,4,47,富邦-新店,2024-07-31,9661
2324,仁寶,48,2,46,富邦-新店,2024-07-31,9661
9105,泰金寶-DR,80,37,43,富邦-新店,2024-07-31,9661
0056,元大高股息,57,15,42,富邦-新店,2024-07-31,9661
2382,廣達,87,45,42,富邦-新店,2024-07-31,9661
1608,華榮,52,11,41,富邦-新店,2024-07-31,9661
00948B,中信優息投資級債,41,0,41,富邦-新店,2024-07-31,9661
3715,定穎投控,77,39,38,富邦-新店,2024-07-31,9661
00927,群益半導體收益,38,0,38,富邦-新店,2024-07-31,9661
00695B,富邦美債7-10,35,0,35,富邦-新店,2024-07-31,9661
3024,憶聲,39,4,35,富邦-新店,2024-07-31,9661
1609,大亞,44,12,32,富邦-新店,2024-07-31,9661
1514,亞力,45,14,31,富邦-新店,2024-07-31,9661
2884,玉山金,33,2,31,富邦-新店,2024-07-31,9661
9911,櫻花,33,2,31,富邦-新店,2024-07-31,9661
00680L,元大美債20正2,121,90,31,富邦-新店,2024-07-31,9661
2867,三商壽,49,18,31,富邦-新店,2024-07-31,9661
00941,中信上游半導體,29,0,29,富邦-新店,2024-07-31,9661
4903,聯光通,27,1,26,富邦-新店,2024-07-31,9661
00891,中信關鍵半導體,33,7,26,富邦-新店,2024-07-31,9661
2312,金寶,59,34,25,富邦-新店,2024-07-31,9661
00715L,期街口布蘭特正2,23,0,23,富邦-新店,2024-07-31,9661
006208,富邦台50,24,3,21,富邦-新店,2024-07-31,9661
1785,光洋科,33,12,21,富邦-新店,2024-07-31,9661
5309,系統電,46,25,21,富邦-新店,2024-07-31,9661
3508,位速,20,0,20,富邦-新店,2024-07-31,9661
2889,國票金,20,0,20,富邦-新店,2024-07-31,9661
2888,新光金,1299,259,1040,富邦-新店,2024-08-01,9661
00949,復華日本龍頭,817,35,782,富邦-新店,2024-08-01,9661
00878,國泰永續高股息,314,29,285,富邦-新店,2024-08-01,9661
6239,力成,213,1,212,富邦-新店,2024-08-01,9661
2349,錸德,456,245,211,富邦-新店,2024-08-01,9661
00637L,元大滬深300正2,202,0,202,富邦-新店,2024-08-01,9661
2887,台新金,202,20,182,富邦-新店,2024-08-01,9661
00680L,元大美債20正2,237,77,160,富邦-新店,2024-08-01,9661
2362,藍天,255,108,147,富邦-新店,2024-08-01,9661
00632R,元大台灣50反1,374,265,109,富邦-新店,2024-08-01,9661
3481,群創,250,152,98,富邦-新店,2024-08-01,9661
3050,鈺德,113,20,93,富邦-新店,2024-08-01,9661
2062,橋椿,166,75,91,富邦-新店,2024-08-01,9661
00942B,台新美A公司債20+,80,0,80,富邦-新店,2024-08-01,9661
00881,國泰台灣5G+,95,19,76,富邦-新店,2024-08-01,9661
00919,群益台灣精選高息,143,69,74,富邦-新店,2024-08-01,9661
00679B,元大美債20年,192,123,69,富邦-新店,2024-08-01,9661
2204,中華,140,71,69,富邦-新店,2024-08-01,9661
2337,旺宏,233,164,69,富邦-新店,2024-08-01,9661
2356,英業達,84,22,62,富邦-新店,2024-08-01,9661
00713,元大台灣高息低波,54,0,54,富邦-新店,2024-08-01,9661
4995,晶達,50,0,50,富邦-新店,2024-08-01,9661
00932,兆豐永續高息等權,43,0,43,富邦-新店,2024-08-01,9661
1815,富喬,58,15,43,富邦-新店,2024-08-01,9661
2884,玉山金,42,0,42,富邦-新店,2024-08-01,9661
2363,矽統,170,132,38,富邦-新店,2024-08-01,9661
2393,億光,40,6,34,富邦-新店,2024-08-01,9661
00725B,國泰投資級公司債,43,10,33,富邦-新店,2024-08-01,9661
2618,長榮航,53,20,33,富邦-新店,2024-08-01,9661
3305,昇貿,33,1,32,富邦-新店,2024-08-01,9661
00918,大華優利高填息30,39,7,32,富邦-新店,2024-08-01,9661
9935,慶豐富,32,0,32,富邦-新店,2024-08-01,9661
3231,緯創,100,68,32,富邦-新店,2024-08-01,9661
2845,遠東銀,35,4,31,富邦-新店,2024-08-01,9661
3712,永崴投控,36,5,31,富邦-新店,2024-08-01,9661
6150,撼訊,30,0,30,富邦-新店,2024-08-01,9661
2020,美亞,29,0,29,富邦-新店,2024-08-01,9661
2377,微星,30,2,28,富邦-新店,2024-08-01,9661
2527,宏璟,28,1,27,富邦-新店,2024-08-01,9661
3535,晶彩科,180,153,27,富邦-新店,2024-08-01,9661
2408,南亞科,28,2,26,富邦-新店,2024-08-01,9661
00891,中信關鍵半導體,26,1,25,富邦-新店,2024-08-01,9661
4306,炎洲,45,21,24,富邦-新店,2024-08-01,9661
3024,憶聲,36,12,24,富邦-新店,2024-08-01,9661
2354,鴻準,32,8,24,富邦-新店,2024-08-01,9661
1714,和桐,23,0,23,富邦-新店,2024-08-01,9661
2882,國泰金,46,23,23,富邦-新店,2024-08-01,9661
3624,光頡,28,6,22,富邦-新店,2024-08-01,9661
5432,新門,22,1,21,富邦-新店,2024-08-01,9661
5876,上海商銀,20,0,20,富邦-新店,2024-08-01,9661
00948B,中信優息投資級債,2817,0,2817,富邦-新店,2024-08-02,9661
00878,國泰永續高股息,747,109,638,富邦-新店,2024-08-02,9661
00940,元大台灣價值高息,655,27,628,富邦-新店,2024-08-02,9661
2317,鴻海,610,112,498,富邦-新店,2024-08-02,9661
00929,復華台灣科技優息,557,65,492,富邦-新店,2024-08-02,9661
00919,群益台灣精選高息,488,38,450,富邦-新店,2024-08-02,9661
00795B,中信美國公債20年,458,9,449,富邦-新店,2024-08-02,9661
00680L,元大美債20正2,291,67,224,富邦-新店,2024-08-02,9661
00934,中信成長高股息,226,28,198,富邦-新店,2024-08-02,9661
00679B,元大美債20年,357,161,196,富邦-新店,2024-08-02,9661
0056,元大高股息,226,38,188,富邦-新店,2024-08-02,9661
2330,台積電,229,58,171,富邦-新店,2024-08-02,9661
00881,國泰台灣5G+,144,6,138,富邦-新店,2024-08-02,9661
00949,復華日本龍頭,138,1,137,富邦-新店,2024-08-02,9661
00712,復華富時不動產,142,6,136,富邦-新店,2024-08-02,9661
0050,元大台灣50,146,14,132,富邦-新店,2024-08-02,9661
1710,東聯,110,0,110,富邦-新店,2024-08-02,9661
1301,台塑,116,7,109,富邦-新店,2024-08-02,9661
2344,華邦電,169,64,105,富邦-新店,2024-08-02,9661
9945,潤泰新,124,22,102,富邦-新店,2024-08-02,9661
2365,昆盈,392,292,100,富邦-新店,2024-08-02,9661
6239,力成,94,0,94,富邦-新店,2024-08-02,9661
2834,臺企銀,109,15,94,富邦-新店,2024-08-02,9661
00946,群益科技高息成長,100,7,93,富邦-新店,2024-08-02,9661
00939,統一台灣高息動能,113,25,88,富邦-新店,2024-08-02,9661
006208,富邦台50,92,10,82,富邦-新店,2024-08-02,9661
00931B,統一美債20年,86,6,80,富邦-新店,2024-08-02,9661
3037,欣興,103,24,79,富邦-新店,2024-08-02,9661
2408,南亞科,91,13,78,富邦-新店,2024-08-02,9661
00941,中信上游半導體,76,2,74,富邦-新店,2024-08-02,9661
00947,台新臺灣IC設計,74,0,74,富邦-新店,2024-08-02,9661
00951,台新日本半導體,73,2,71,富邦-新店,2024-08-02,9661
00923,群益台ESG低碳50,80,9,71,富邦-新店,2024-08-02,9661
00900,富邦特選高股息30,82,13,69,富邦-新店,2024-08-02,9661
1569,濱川,78,9,69,富邦-新店,2024-08-02,9661
2359,所羅門,130,62,68,富邦-新店,2024-08-02,9661
3024,憶聲,135,69,66,富邦-新店,2024-08-02,9661
00715L,期街口布蘭特正2,76,11,65,富邦-新店,2024-08-02,9661
00665L,富邦�琤肭磪囓�2,61,0,61,富邦-新店,2024-08-02,9661
1815,富喬,66,6,60,富邦-新店,2024-08-02,9661
5443,均豪,80,23,57,富邦-新店,2024-08-02,9661
2614,東森,82,25,57,富邦-新店,2024-08-02,9661
2891,中信金,85,28,57,富邦-新店,2024-08-02,9661
2382,廣達,79,24,55,富邦-新店,2024-08-02,9661
00713,元大台灣高息低波,60,6,54,富邦-新店,2024-08-02,9661
1711,永光,53,0,53,富邦-新店,2024-08-02,9661
2515,中工,156,107,49,富邦-新店,2024-08-02,9661
00927,群益半導體收益,55,10,45,富邦-新店,2024-08-02,9661
2542,興富發,62,19,43,富邦-新店,2024-08-02,9661
3062,建漢,43,1,42,富邦-新店,2024-08-02,9661
00940,元大台灣價值高息,1284,210,1074,富邦-新店,2024-08-05,9661
2905,三商,1224,169,1055,富邦-新店,2024-08-05,9661
2313,華通,1013,8,1005,富邦-新店,2024-08-05,9661
00878,國泰永續高股息,1116,236,880,富邦-新店,2024-08-05,9661
00929,復華台灣科技優息,1362,528,834,富邦-新店,2024-08-05,9661
1314,中石化,580,0,580,富邦-新店,2024-08-05,9661
00632R,元大台灣50反1,1891,1329,562,富邦-新店,2024-08-05,9661
00679B,元大美債20年,662,179,483,富邦-新店,2024-08-05,9661
0056,元大高股息,499,182,317,富邦-新店,2024-08-05,9661
00919,群益台灣精選高息,728,426,302,富邦-新店,2024-08-05,9661
2801,彰銀,281,5,276,富邦-新店,2024-08-05,9661
00931B,統一美債20年,377,105,272,富邦-新店,2024-08-05,9661
00680L,元大美債20正2,932,692,240,富邦-新店,2024-08-05,9661
00715L,期街口布蘭特正2,253,17,236,富邦-新店,2024-08-05,9661
00948B,中信優息投資級債,271,42,229,富邦-新店,2024-08-05,9661
3481,群創,470,254,216,富邦-新店,2024-08-05,9661
0050,元大台灣50,301,88,213,富邦-新店,2024-08-05,9661
00945B,凱基美國非投等債,221,20,201,富邦-新店,2024-08-05,9661
2317,鴻海,422,235,187,富邦-新店,2024-08-05,9661
006208,富邦台50,209,30,179,富邦-新店,2024-08-05,9661
00937B,群益ESG投等債20,1090,915,175,富邦-新店,2024-08-05,9661
00946,群益科技高息成長,216,54,162,富邦-新店,2024-08-05,9661
3289,宜特,165,11,154,富邦-新店,2024-08-05,9661
1101,台泥,171,32,139,富邦-新店,2024-08-05,9661
2409,友達,254,124,130,富邦-新店,2024-08-05,9661
3686,達能,127,1,126,富邦-新店,2024-08-05,9661
2330,台積電,332,212,120,富邦-新店,2024-08-05,9661
00900,富邦特選高股息30,176,60,116,富邦-新店,2024-08-05,9661
00936,台新永續高息中小,149,40,109,富邦-新店,2024-08-05,9661
2897,王道銀行,111,2,109,富邦-新店,2024-08-05,9661
2515,中工,135,35,100,富邦-新店,2024-08-05,9661
00905,FT臺灣Smart,99,7,92,富邦-新店,2024-08-05,9661
2891,中信金,170,78,92,富邦-新店,2024-08-05,9661
1711,永光,92,1,91,富邦-新店,2024-08-05,9661
9905,大華,91,0,91,富邦-新店,2024-08-05,9661
9105,泰金寶-DR,97,10,87,富邦-新店,2024-08-05,9661
00688L,國泰20年美債正2,327,243,84,富邦-新店,2024-08-05,9661
1608,華榮,96,13,83,富邦-新店,2024-08-05,9661
2402,毅嘉,80,0,80,富邦-新店,2024-08-05,9661
6138,茂達,80,0,80,富邦-新店,2024-08-05,9661
8112,至上,100,21,79,富邦-新店,2024-08-05,9661
2867,三商壽,108,29,79,富邦-新店,2024-08-05,9661
00941,中信上游半導體,78,2,76,富邦-新店,2024-08-05,9661
6190,萬泰科,72,0,72,富邦-新店,2024-08-05,9661
3508,位速,72,0,72,富邦-新店,2024-08-05,9661
2489,瑞軒,73,3,70,富邦-新店,2024-08-05,9661
2882,國泰金,146,79,67,富邦-新店,2024-08-05,9661
00934,中信成長高股息,89,24,65,富邦-新店,2024-08-05,9661
00675L,富邦臺灣加權正2,75,11,64,富邦-新店,2024-08-05,9661
1710,東聯,75,11,64,富邦-新店,2024-08-05,9661
00632R,元大台灣50反1,4788,583,4205,富邦-新店,2024-08-06,9661
2317,鴻海,3223,289,2934,富邦-新店,2024-08-06,9661
00937B,群益ESG投等債20,2367,1539,828,富邦-新店,2024-08-06,9661
2905,三商,1911,1277,634,富邦-新店,2024-08-06,9661
00929,復華台灣科技優息,825,293,532,富邦-新店,2024-08-06,9661
2888,新光金,492,113,379,富邦-新店,2024-08-06,9661
00940,元大台灣價值高息,555,182,373,富邦-新店,2024-08-06,9661
00878,國泰永續高股息,474,190,284,富邦-新店,2024-08-06,9661
2449,京元電子,295,32,263,富邦-新店,2024-08-06,9661
4958,臻鼎-KY,207,3,204,富邦-新店,2024-08-06,9661
00918,大華優利高填息30,190,5,185,富邦-新店,2024-08-06,9661
00933B,國泰10Y+金融債,244,73,171,富邦-新店,2024-08-06,9661
2887,台新金,163,38,125,富邦-新店,2024-08-06,9661
0056,元大高股息,178,60,118,富邦-新店,2024-08-06,9661
8027,鈦昇,121,6,115,富邦-新店,2024-08-06,9661
00676R,富邦臺灣加權反1,164,50,114,富邦-新店,2024-08-06,9661
2409,友達,128,16,112,富邦-新店,2024-08-06,9661
2323,中環,117,10,107,富邦-新店,2024-08-06,9661
2834,臺企銀,229,125,104,富邦-新店,2024-08-06,9661
00637L,元大滬深300正2,253,159,94,富邦-新店,2024-08-06,9661
9945,潤泰新,124,31,93,富邦-新店,2024-08-06,9661
3481,群創,231,141,90,富邦-新店,2024-08-06,9661
00948B,中信優息投資級債,583,494,89,富邦-新店,2024-08-06,9661
2303,聯電,244,156,88,富邦-新店,2024-08-06,9661
00946,群益科技高息成長,110,22,88,富邦-新店,2024-08-06,9661
00919,群益台灣精選高息,349,262,87,富邦-新店,2024-08-06,9661
3037,欣興,95,26,69,富邦-新店,2024-08-06,9661
2062,橋椿,92,24,68,富邦-新店,2024-08-06,9661
8028,昇陽半導體,128,63,65,富邦-新店,2024-08-06,9661
2356,英業達,86,24,62,富邦-新店,2024-08-06,9661
2530,華建,61,0,61,富邦-新店,2024-08-06,9661
00715L,期街口布蘭特正2,70,9,61,富邦-新店,2024-08-06,9661
1513,中興電,87,28,59,富邦-新店,2024-08-06,9661
6239,力成,63,5,58,富邦-新店,2024-08-06,9661
00936,台新永續高息中小,57,0,57,富邦-新店,2024-08-06,9661
2883,凱基金,118,62,56,富邦-新店,2024-08-06,9661
3093,港建*,51,0,51,富邦-新店,2024-08-06,9661
3189,景碩,83,32,51,富邦-新店,2024-08-06,9661
2332,友訊,50,1,49,富邦-新店,2024-08-06,9661
8054,安國,95,46,49,富邦-新店,2024-08-06,9661
5340,建榮,59,11,48,富邦-新店,2024-08-06,9661
00951,台新日本半導體,51,4,47,富邦-新店,2024-08-06,9661
2882,國泰金,73,27,46,富邦-新店,2024-08-06,9661
00646,元大S＆P500,44,0,44,富邦-新店,2024-08-06,9661
6190,萬泰科,42,0,42,富邦-新店,2024-08-06,9661
2236,百達-KY,45,3,42,富邦-新店,2024-08-06,9661
00881,國泰台灣5G+,98,58,40,富邦-新店,2024-08-06,9661
00751B,元大AAA至A公司債,46,6,40,富邦-新店,2024-08-06,9661
2610,華航,54,15,39,富邦-新店,2024-08-06,9661
00713,元大台灣高息低波,51,13,38,富邦-新店,2024-08-06,9661
2888,新光金,10961,35,10926,富邦-新店,2024-08-07,9661
00878,國泰永續高股息,283,46,237,富邦-新店,2024-08-07,9661
1216,統一,191,14,177,富邦-新店,2024-08-07,9661
00948B,中信優息投資級債,158,0,158,富邦-新店,2024-08-07,9661
00933B,國泰10Y+金融債,162,7,155,富邦-新店,2024-08-07,9661
1409,新纖,101,2,99,富邦-新店,2024-08-07,9661
00696B,富邦美債20年,88,1,87,富邦-新店,2024-08-07,9661
00937B,群益ESG投等債20,115,28,87,富邦-新店,2024-08-07,9661
3017,奇鋐,93,12,81,富邦-新店,2024-08-07,9661
2449,京元電子,232,153,79,富邦-新店,2024-08-07,9661
1785,光洋科,94,16,78,富邦-新店,2024-08-07,9661
00680L,元大美債20正2,153,77,76,富邦-新店,2024-08-07,9661
6223,旺矽,103,32,71,富邦-新店,2024-08-07,9661
1540,喬福,157,87,70,富邦-新店,2024-08-07,9661
2313,華通,81,16,65,富邦-新店,2024-08-07,9661
00929,復華台灣科技優息,249,197,52,富邦-新店,2024-08-07,9661
2409,友達,53,3,50,富邦-新店,2024-08-07,9661
0056,元大高股息,70,21,49,富邦-新店,2024-08-07,9661
6294,智基,50,1,49,富邦-新店,2024-08-07,9661
2601,益航,50,1,49,富邦-新店,2024-08-07,9661
00919,群益台灣精選高息,124,75,49,富邦-新店,2024-08-07,9661
3037,欣興,68,22,46,富邦-新店,2024-08-07,9661
00646,元大S＆P500,46,1,45,富邦-新店,2024-08-07,9661
00650L,復華香港正2,45,0,45,富邦-新店,2024-08-07,9661
8054,安國,99,56,43,富邦-新店,2024-08-07,9661
00715L,期街口布蘭特正2,42,0,42,富邦-新店,2024-08-07,9661
6024,群益期,40,0,40,富邦-新店,2024-08-07,9661
4306,炎洲,40,0,40,富邦-新店,2024-08-07,9661
2887,台新金,79,41,38,富邦-新店,2024-08-07,9661
8033,雷虎,39,1,38,富邦-新店,2024-08-07,9661
00931B,統一美債20年,40,5,35,富邦-新店,2024-08-07,9661
00679B,元大美債20年,219,184,35,富邦-新店,2024-08-07,9661
2891,中信金,46,13,33,富邦-新店,2024-08-07,9661
00751B,元大AAA至A公司債,32,1,31,富邦-新店,2024-08-07,9661
2897,王道銀行,31,0,31,富邦-新店,2024-08-07,9661
00795B,中信美國公債20年,35,5,30,富邦-新店,2024-08-07,9661
00881,國泰台灣5G+,43,13,30,富邦-新店,2024-08-07,9661
00688L,國泰20年美債正2,70,40,30,富邦-新店,2024-08-07,9661
2408,南亞科,37,8,29,富邦-新店,2024-08-07,9661
2834,臺企銀,66,39,27,富邦-新店,2024-08-07,9661
00918,大華優利高填息30,32,7,25,富邦-新店,2024-08-07,9661
6412,群電,33,10,23,富邦-新店,2024-08-07,9661
6179,亞通,27,4,23,富邦-新店,2024-08-07,9661
2884,玉山金,60,38,22,富邦-新店,2024-08-07,9661
2548,華固,23,2,21,富邦-新店,2024-08-07,9661
00676R,富邦臺灣加權反1,69,48,21,富邦-新店,2024-08-07,9661
3481,群創,57,37,20,富邦-新店,2024-08-07,9661
00675L,富邦臺灣加權正2,27,6,21,富邦-新店,2024-08-07,9661
2356,英業達,58,38,20,富邦-新店,2024-08-07,9661
3019,亞光,114,93,21,富邦-新店,2024-08-07,9661
00937B,群益ESG投等債20,725,45,680,富邦-新店,2024-08-08,9661
2888,新光金,460,9,451,富邦-新店,2024-08-08,9661
00948B,中信優息投資級債,379,10,369,富邦-新店,2024-08-08,9661
00878,國泰永續高股息,344,43,301,富邦-新店,2024-08-08,9661
2303,聯電,323,42,281,富邦-新店,2024-08-08,9661
3017,奇鋐,262,10,252,富邦-新店,2024-08-08,9661
2886,兆豐金,217,2,215,富邦-新店,2024-08-08,9661
1314,中石化,220,8,212,富邦-新店,2024-08-08,9661
2349,錸德,273,77,196,富邦-新店,2024-08-08,9661
00929,復華台灣科技優息,283,110,173,富邦-新店,2024-08-08,9661
00713,元大台灣高息低波,158,17,141,富邦-新店,2024-08-08,9661
2834,臺企銀,186,60,126,富邦-新店,2024-08-08,9661
00949,復華日本龍頭,117,0,117,富邦-新店,2024-08-08,9661
2489,瑞軒,289,176,113,富邦-新店,2024-08-08,9661
00688L,國泰20年美債正2,85,0,85,富邦-新店,2024-08-08,9661
2357,華碩,115,31,84,富邦-新店,2024-08-08,9661
00933B,國泰10Y+金融債,90,9,81,富邦-新店,2024-08-08,9661
2882,國泰金,86,19,67,富邦-新店,2024-08-08,9661
00687B,國泰20年美債,191,125,66,富邦-新店,2024-08-08,9661
6206,飛捷,61,1,60,富邦-新店,2024-08-08,9661
6754,匯僑設計,60,3,57,富邦-新店,2024-08-08,9661
2615,萬海,146,91,55,富邦-新店,2024-08-08,9661
1303,南亞,55,1,54,富邦-新店,2024-08-08,9661
00919,群益台灣精選高息,83,30,53,富邦-新店,2024-08-08,9661
00881,國泰台灣5G+,60,8,52,富邦-新店,2024-08-08,9661
6026,福邦證,50,0,50,富邦-新店,2024-08-08,9661
2897A,王道銀甲特,50,0,50,富邦-新店,2024-08-08,9661
8107,大億金茂,50,0,50,富邦-新店,2024-08-08,9661
2609,陽明,63,15,48,富邦-新店,2024-08-08,9661
00940,元大台灣價值高息,138,90,48,富邦-新店,2024-08-08,9661
2885,元大金,52,8,44,富邦-新店,2024-08-08,9661
00946,群益科技高息成長,43,0,43,富邦-新店,2024-08-08,9661
2344,華邦電,49,7,42,富邦-新店,2024-08-08,9661
0056,元大高股息,75,33,42,富邦-新店,2024-08-08,9661
00665L,富邦�琤肭磪囓�2,47,5,42,富邦-新店,2024-08-08,9661
00720B,元大投資級公司債,195,156,39,富邦-新店,2024-08-08,9661
2365,昆盈,246,207,39,富邦-新店,2024-08-08,9661
6432,今展科,40,2,38,富邦-新店,2024-08-08,9661
2316,楠梓電,44,7,37,富邦-新店,2024-08-08,9661
2891,中信金,70,34,36,富邦-新店,2024-08-08,9661
4123,晟德,46,10,36,富邦-新店,2024-08-08,9661
2905,三商,35,0,35,富邦-新店,2024-08-08,9661
1513,中興電,46,12,34,富邦-新店,2024-08-08,9661
2884,玉山金,66,33,33,富邦-新店,2024-08-08,9661
6122,擎邦,34,3,31,富邦-新店,2024-08-08,9661
00715L,期街口布蘭特正2,43,12,31,富邦-新店,2024-08-08,9661
00942B,台新美A公司債20+,42,12,30,富邦-新店,2024-08-08,9661
3231,緯創,54,24,30,富邦-新店,2024-08-08,9661
00900,富邦特選高股息30,90,61,29,富邦-新店,2024-08-08,9661
3481,群創,35,7,28,富邦-新店,2024-08-08,9661
00937B,群益ESG投等債20,1362,101,1261,富邦-新店,2024-08-09,9661
00948B,中信優息投資級債,1087,92,995,富邦-新店,2024-08-09,9661
00632R,元大台灣50反1,1073,97,976,富邦-新店,2024-08-09,9661
00679B,元大美債20年,698,20,678,富邦-新店,2024-08-09,9661
00949,復華日本龍頭,454,1,453,富邦-新店,2024-08-09,9661
3324,雙鴻,333,13,320,富邦-新店,2024-08-09,9661
2520,冠德,324,17,307,富邦-新店,2024-08-09,9661
8028,昇陽半導體,334,61,273,富邦-新店,2024-08-09,9661
1314,中石化,295,33,262,富邦-新店,2024-08-09,9661
2365,昆盈,443,237,206,富邦-新店,2024-08-09,9661
2892,第一金,147,13,134,富邦-新店,2024-08-09,9661
00929,復華台灣科技優息,182,64,118,富邦-新店,2024-08-09,9661
2062,橋椿,142,38,104,富邦-新店,2024-08-09,9661
00933B,國泰10Y+金融債,129,27,102,富邦-新店,2024-08-09,9661
3017,奇鋐,123,22,101,富邦-新店,2024-08-09,9661
00687B,國泰20年美債,233,132,101,富邦-新店,2024-08-09,9661
00688L,國泰20年美債正2,101,0,101,富邦-新店,2024-08-09,9661
1608,華榮,108,15,93,富邦-新店,2024-08-09,9661
2888,新光金,254,173,81,富邦-新店,2024-08-09,9661
00795B,中信美國公債20年,79,0,79,富邦-新店,2024-08-09,9661
00725B,國泰投資級公司債,65,0,65,富邦-新店,2024-08-09,9661
0056,元大高股息,93,29,64,富邦-新店,2024-08-09,9661
2884,玉山金,90,31,59,富邦-新店,2024-08-09,9661
4909,新復興,73,23,50,富邦-新店,2024-08-09,9661
2316,楠梓電,51,1,50,富邦-新店,2024-08-09,9661
2349,錸德,63,13,50,富邦-新店,2024-08-09,9661
00712,復華富時不動產,45,0,45,富邦-新店,2024-08-09,9661
1609,大亞,74,36,38,富邦-新店,2024-08-09,9661
6757,台灣虎航,41,3,38,富邦-新店,2024-08-09,9661
00881,國泰台灣5G+,55,18,37,富邦-新店,2024-08-09,9661
4720,德淵,41,5,36,富邦-新店,2024-08-09,9661
1815,富喬,45,10,35,富邦-新店,2024-08-09,9661
2243,宏旭-KY,38,4,34,富邦-新店,2024-08-09,9661
3049,精金,30,0,30,富邦-新店,2024-08-09,9661
3522,御嵿,36,7,29,富邦-新店,2024-08-09,9661
3231,緯創,84,56,28,富邦-新店,2024-08-09,9661
2312,金寶,478,450,28,富邦-新店,2024-08-09,9661
6206,飛捷,28,0,28,富邦-新店,2024-08-09,9661
3413,京鼎,32,4,28,富邦-新店,2024-08-09,9661
00857B,永豐20年美公債,25,0,25,富邦-新店,2024-08-09,9661
5213,亞昕,31,6,25,富邦-新店,2024-08-09,9661
2845,遠東銀,27,2,25,富邦-新店,2024-08-09,9661
00931B,統一美債20年,24,0,24,富邦-新店,2024-08-09,9661
00919,群益台灣精選高息,67,43,24,富邦-新店,2024-08-09,9661
1104,環泥,22,0,22,富邦-新店,2024-08-09,9661
2382,廣達,63,41,22,富邦-新店,2024-08-09,9661
1514,亞力,48,27,21,富邦-新店,2024-08-09,9661
00935,野村臺灣新科技50,21,0,21,富邦-新店,2024-08-09,9661
6830,汎銓,20,0,20,富邦-新店,2024-08-09,9661
00915,凱基優選高股息30,21,1,20,富邦-新店,2024-08-09,9661
2603,長榮,744,57,687,富邦-新店,2024-08-12,9661
00671R,富邦NASDAQ反1,500,10,490,富邦-新店,2024-08-12,9661
3017,奇鋐,487,47,440,富邦-新店,2024-08-12,9661
2312,金寶,560,132,428,富邦-新店,2024-08-12,9661
00948B,中信優息投資級債,346,0,346,富邦-新店,2024-08-12,9661
00680L,元大美債20正2,329,0,329,富邦-新店,2024-08-12,9661
2382,廣達,339,103,236,富邦-新店,2024-08-12,9661
00929,復華台灣科技優息,260,59,201,富邦-新店,2024-08-12,9661
3324,雙鴻,192,12,180,富邦-新店,2024-08-12,9661
3481,群創,328,150,178,富邦-新店,2024-08-12,9661
2891,中信金,148,2,146,富邦-新店,2024-08-12,9661
00795B,中信美國公債20年,144,13,131,富邦-新店,2024-08-12,9661
00679B,元大美債20年,339,218,121,富邦-新店,2024-08-12,9661
2515,中工,95,0,95,富邦-新店,2024-08-12,9661
00878,國泰永續高股息,127,37,90,富邦-新店,2024-08-12,9661
1314,中石化,77,10,67,富邦-新店,2024-08-12,9661
00919,群益台灣精選高息,129,66,63,富邦-新店,2024-08-12,9661
3284,太普高,60,0,60,富邦-新店,2024-08-12,9661
00900,富邦特選高股息30,62,4,58,富邦-新店,2024-08-12,9661
8011,台通,85,28,57,富邦-新店,2024-08-12,9661
00937B,群益ESG投等債20,117,68,49,富邦-新店,2024-08-12,9661
2383,台光電,49,6,43,富邦-新店,2024-08-12,9661
2718,全心投控,40,0,40,富邦-新店,2024-08-12,9661
5443,均豪,72,32,40,富邦-新店,2024-08-12,9661
4540,全球傳動,54,18,36,富邦-新店,2024-08-12,9661
2368,金像電,33,3,30,富邦-新店,2024-08-12,9661
00942B,台新美A公司債20+,30,0,30,富邦-新店,2024-08-12,9661
9105,泰金寶-DR,30,2,28,富邦-新店,2024-08-12,9661
00673R,期元大S＆P原油反1,26,0,26,富邦-新店,2024-08-12,9661
6869,雲豹能源,40,14,26,富邦-新店,2024-08-12,9661
3492,長盛,28,3,25,富邦-新店,2024-08-12,9661
0056,元大高股息,49,25,24,富邦-新店,2024-08-12,9661
6863,永道-KY,33,9,24,富邦-新店,2024-08-12,9661
00665L,富邦�琤肭磪囓�2,27,3,24,富邦-新店,2024-08-12,9661
4306,炎洲,24,0,24,富邦-新店,2024-08-12,9661
2545,皇翔,24,1,23,富邦-新店,2024-08-12,9661
3062,建漢,30,7,23,富邦-新店,2024-08-12,9661
2881,富邦金,34,11,23,富邦-新店,2024-08-12,9661
00940,元大台灣價值高息,148,126,22,富邦-新店,2024-08-12,9661
2867,三商壽,60,39,21,富邦-新店,2024-08-12,9661
3024,憶聲,31,10,21,富邦-新店,2024-08-12,9661
00687B,國泰20年美債,42,21,21,富邦-新店,2024-08-12,9661
3522,御嵿,24,4,20,富邦-新店,2024-08-12,9661
2359,所羅門,70,50,20,富邦-新店,2024-08-12,9661
00772B,中信高評級公司債,22,2,20,富邦-新店,2024-08-12,9661
8147,正淩,21,1,20,富邦-新店,2024-08-12,9661
2845,遠東銀,22,2,20,富邦-新店,2024-08-12,9661
00936,台新永續高息中小,37,18,19,富邦-新店,2024-08-12,9661
3376,新日興,20,1,19,富邦-新店,2024-08-12,9661
3167,大量,38,20,18,富邦-新店,2024-08-12,9661
00632R,元大台灣50反1,347,35,312,富邦-新店,2024-08-13,9661
3324,雙鴻,244,17,227,富邦-新店,2024-08-13,9661
2880,華南金,178,0,178,富邦-新店,2024-08-13,9661
1201,味全,161,0,161,富邦-新店,2024-08-13,9661
00937B,群益ESG投等債20,183,22,161,富邦-新店,2024-08-13,9661
00679B,元大美債20年,203,44,159,富邦-新店,2024-08-13,9661
00948B,中信優息投資級債,248,90,158,富邦-新店,2024-08-13,9661
00680L,元大美債20正2,155,12,143,富邦-新店,2024-08-13,9661
00929,復華台灣科技優息,235,129,106,富邦-新店,2024-08-13,9661
2615,萬海,133,45,88,富邦-新店,2024-08-13,9661
2892,第一金,92,8,84,富邦-新店,2024-08-13,9661
00878,國泰永續高股息,114,32,82,富邦-新店,2024-08-13,9661
6104,創惟,86,5,81,富邦-新店,2024-08-13,9661
2515,中工,99,21,78,富邦-新店,2024-08-13,9661
1608,華榮,110,32,78,富邦-新店,2024-08-13,9661
2886,兆豐金,85,11,74,富邦-新店,2024-08-13,9661
6292,迅德,66,0,66,富邦-新店,2024-08-13,9661
2362,藍天,72,6,66,富邦-新店,2024-08-13,9661
2356,英業達,73,8,65,富邦-新店,2024-08-13,9661
2891,中信金,125,59,66,富邦-新店,2024-08-13,9661
4958,臻鼎-KY,66,4,62,富邦-新店,2024-08-13,9661
00900,富邦特選高股息30,88,31,57,富邦-新店,2024-08-13,9661
00712,復華富時不動產,56,0,56,富邦-新店,2024-08-13,9661
3706,神達,60,4,56,富邦-新店,2024-08-13,9661
1314,中石化,50,1,49,富邦-新店,2024-08-13,9661
2888,新光金,119,77,42,富邦-新店,2024-08-13,9661
3013,晟銘電,81,39,42,富邦-新店,2024-08-13,9661
2382,廣達,52,16,36,富邦-新店,2024-08-13,9661
1303,南亞,38,3,35,富邦-新店,2024-08-13,9661
2208,台船,69,35,34,富邦-新店,2024-08-13,9661
1536,和大,83,49,34,富邦-新店,2024-08-13,9661
00688L,國泰20年美債正2,33,0,33,富邦-新店,2024-08-13,9661
00933B,國泰10Y+金融債,32,0,32,富邦-新店,2024-08-13,9661
8028,昇陽半導體,106,74,32,富邦-新店,2024-08-13,9661
2887,台新金,41,13,28,富邦-新店,2024-08-13,9661
00936,台新永續高息中小,27,0,27,富邦-新店,2024-08-13,9661
00919,群益台灣精選高息,71,45,26,富邦-新店,2024-08-13,9661
2607,榮運,26,0,26,富邦-新店,2024-08-13,9661
00676R,富邦臺灣加權反1,26,0,26,富邦-新店,2024-08-13,9661
3062,建漢,105,80,25,富邦-新店,2024-08-13,9661
1513,中興電,118,93,25,富邦-新店,2024-08-13,9661
3522,御嵿,28,3,25,富邦-新店,2024-08-13,9661
8104,錸寶,26,2,24,富邦-新店,2024-08-13,9661
5871,中租-KY,35,12,23,富邦-新店,2024-08-13,9661
5371,中光電,24,1,23,富邦-新店,2024-08-13,9661
3024,憶聲,26,3,23,富邦-新店,2024-08-13,9661
2301,光寶科,34,11,23,富邦-新店,2024-08-13,9661
2897A,王道銀甲特,22,0,22,富邦-新店,2024-08-13,9661
00795B,中信美國公債20年,21,0,21,富邦-新店,2024-08-13,9661
1609,大亞,34,13,21,富邦-新店,2024-08-13,9661
00948B,中信優息投資級債,476,0,476,富邦-新店,2024-08-14,9661
00680L,元大美債20正2,437,43,394,富邦-新店,2024-08-14,9661
3481,群創,412,98,314,富邦-新店,2024-08-14,9661
1201,味全,265,7,258,富邦-新店,2024-08-14,9661
00679B,元大美債20年,242,43,199,富邦-新店,2024-08-14,9661
1101,台泥,204,57,147,富邦-新店,2024-08-14,9661
00936,台新永續高息中小,147,2,145,富邦-新店,2024-08-14,9661
2886,兆豐金,164,51,113,富邦-新店,2024-08-14,9661
00795B,中信美國公債20年,103,0,103,富邦-新店,2024-08-14,9661
00687B,國泰20年美債,126,32,94,富邦-新店,2024-08-14,9661
00881,國泰台灣5G+,115,20,95,富邦-新店,2024-08-14,9661
2312,金寶,106,36,70,富邦-新店,2024-08-14,9661
00878,國泰永續高股息,156,89,67,富邦-新店,2024-08-14,9661
2365,昆盈,299,235,64,富邦-新店,2024-08-14,9661
3167,大量,82,20,62,富邦-新店,2024-08-14,9661
2109,華豐,60,0,60,富邦-新店,2024-08-14,9661
00937B,群益ESG投等債20,139,80,59,富邦-新店,2024-08-14,9661
00857B,永豐20年美公債,56,0,56,富邦-新店,2024-08-14,9661
5880,合庫金,87,35,52,富邦-新店,2024-08-14,9661
3047,訊舟,59,12,47,富邦-新店,2024-08-14,9661
3019,亞光,94,55,39,富邦-新店,2024-08-14,9661
00945B,凱基美國非投等債,41,3,38,富邦-新店,2024-08-14,9661
00688L,國泰20年美債正2,37,1,36,富邦-新店,2024-08-14,9661
2353,宏��,85,50,35,富邦-新店,2024-08-14,9661
2615,萬海,86,54,32,富邦-新店,2024-08-14,9661
2356,英業達,125,94,31,富邦-新店,2024-08-14,9661
1717,長興,30,0,30,富邦-新店,2024-08-14,9661
4958,臻鼎-KY,43,13,30,富邦-新店,2024-08-14,9661
00712,復華富時不動產,31,2,29,富邦-新店,2024-08-14,9661
3029,零壹,31,3,28,富邦-新店,2024-08-14,9661
4513,福裕,74,47,27,富邦-新店,2024-08-14,9661
00715L,期街口布蘭特正2,36,9,27,富邦-新店,2024-08-14,9661
00753L,中信中國50正2,24,0,24,富邦-新店,2024-08-14,9661
00637L,元大滬深300正2,23,0,23,富邦-新店,2024-08-14,9661
1316,上曜,23,2,21,富邦-新店,2024-08-14,9661
2609,陽明,92,71,21,富邦-新店,2024-08-14,9661
00915,凱基優選高股息30,23,3,20,富邦-新店,2024-08-14,9661
3580,友威科,31,11,20,富邦-新店,2024-08-14,9661
2349,錸德,58,38,20,富邦-新店,2024-08-14,9661
3062,建漢,33,15,18,富邦-新店,2024-08-14,9661
4714,永捷,20,2,18,富邦-新店,2024-08-14,9661
2323,中環,25,8,17,富邦-新店,2024-08-14,9661
1536,和大,31,14,17,富邦-新店,2024-08-14,9661
2374,佳能,27,10,17,富邦-新店,2024-08-14,9661
2809,京城銀,21,4,17,富邦-新店,2024-08-14,9661
2905,三商,42,26,16,富邦-新店,2024-08-14,9661
2070,精湛,24,8,16,富邦-新店,2024-08-14,9661
2354,鴻準,53,37,16,富邦-新店,2024-08-14,9661
00675L,富邦臺灣加權正2,18,2,16,富邦-新店,2024-08-14,9661
00933B,國泰10Y+金融債,16,1,15,富邦-新店,2024-08-14,9661
00632R,元大台灣50反1,1032,15,1017,富邦-新店,2024-08-15,9661
8028,昇陽半導體,585,90,495,富邦-新店,2024-08-15,9661
00687B,國泰20年美債,496,4,492,富邦-新店,2024-08-15,9661
2303,聯電,510,101,409,富邦-新店,2024-08-15,9661
00900,富邦特選高股息30,424,14,410,富邦-新店,2024-08-15,9661
4958,臻鼎-KY,379,16,363,富邦-新店,2024-08-15,9661
00878,國泰永續高股息,561,221,340,富邦-新店,2024-08-15,9661
2313,華通,306,0,306,富邦-新店,2024-08-15,9661
1201,味全,261,10,251,富邦-新店,2024-08-15,9661
00915,凱基優選高股息30,236,2,234,富邦-新店,2024-08-15,9661
00929,復華台灣科技優息,273,40,233,富邦-新店,2024-08-15,9661
2801,彰銀,230,42,188,富邦-新店,2024-08-15,9661
2312,金寶,235,69,166,富邦-新店,2024-08-15,9661
00937B,群益ESG投等債20,760,625,135,富邦-新店,2024-08-15,9661
00679B,元大美債20年,260,128,132,富邦-新店,2024-08-15,9661
2886,兆豐金,167,38,129,富邦-新店,2024-08-15,9661
1303,南亞,115,0,115,富邦-新店,2024-08-15,9661
00795B,中信美國公債20年,103,2,101,富邦-新店,2024-08-15,9661
00680L,元大美債20正2,206,106,100,富邦-新店,2024-08-15,9661
00951,台新日本半導體,107,10,97,富邦-新店,2024-08-15,9661
2409,友達,99,8,91,富邦-新店,2024-08-15,9661
2834,臺企銀,82,5,77,富邦-新店,2024-08-15,9661
2888,新光金,219,143,76,富邦-新店,2024-08-15,9661
5905,南仁湖,126,50,76,富邦-新店,2024-08-15,9661
2362,藍天,72,4,68,富邦-新店,2024-08-15,9661
2892,第一金,69,1,68,富邦-新店,2024-08-15,9661
1101,台泥,98,33,65,富邦-新店,2024-08-15,9661
00931B,統一美債20年,62,0,62,富邦-新店,2024-08-15,9661
2891,中信金,61,2,59,富邦-新店,2024-08-15,9661
2449,京元電子,69,17,52,富邦-新店,2024-08-15,9661
5371,中光電,83,33,50,富邦-新店,2024-08-15,9661
2002,中鋼,61,11,50,富邦-新店,2024-08-15,9661
6005,群益證,48,0,48,富邦-新店,2024-08-15,9661
1326,台化,44,0,44,富邦-新店,2024-08-15,9661
3605,宏致,46,2,44,富邦-新店,2024-08-15,9661
1229,聯華,43,0,43,富邦-新店,2024-08-15,9661
00945B,凱基美國非投等債,42,0,42,富邦-新店,2024-08-15,9661
4540,全球傳動,62,21,41,富邦-新店,2024-08-15,9661
00919,群益台灣精選高息,52,18,34,富邦-新店,2024-08-15,9661
6754,匯僑設計,43,9,34,富邦-新店,2024-08-15,9661
6134,萬旭,32,2,30,富邦-新店,2024-08-15,9661
2885,元大金,30,0,30,富邦-新店,2024-08-15,9661
2352,佳世達,66,38,28,富邦-新店,2024-08-15,9661
2542,興富發,49,22,27,富邦-新店,2024-08-15,9661
1907,永豐餘,29,2,27,富邦-新店,2024-08-15,9661
2845,遠東銀,31,5,26,富邦-新店,2024-08-15,9661
00751B,元大AAA至A公司債,27,1,26,富邦-新店,2024-08-15,9661
4906,正文,27,1,26,富邦-新店,2024-08-15,9661
00731,復華富時高息低波,25,0,25,富邦-新店,2024-08-15,9661
3376,新日興,36,11,25,富邦-新店,2024-08-15,9661
8028,昇陽半導體,2007,46,1961,富邦-新店,2024-08-16,9661
2382,廣達,935,57,878,富邦-新店,2024-08-16,9661
00687B,國泰20年美債,536,23,513,富邦-新店,2024-08-16,9661
1815,富喬,204,50,154,富邦-新店,2024-08-16,9661
1201,味全,152,12,140,富邦-新店,2024-08-16,9661
2323,中環,162,33,129,富邦-新店,2024-08-16,9661
3017,奇鋐,122,15,107,富邦-新店,2024-08-16,9661
2915,潤泰全,95,8,87,富邦-新店,2024-08-16,9661
00795B,中信美國公債20年,141,63,78,富邦-新店,2024-08-16,9661
00680L,元大美債20正2,102,25,77,富邦-新店,2024-08-16,9661
00650L,復華香港正2,80,10,70,富邦-新店,2024-08-16,9661
8096,擎亞,162,98,64,富邦-新店,2024-08-16,9661
00931B,統一美債20年,53,0,53,富邦-新店,2024-08-16,9661
1587,吉茂,52,0,52,富邦-新店,2024-08-16,9661
00948B,中信優息投資級債,142,91,51,富邦-新店,2024-08-16,9661
00945B,凱基美國非投等債,49,0,49,富邦-新店,2024-08-16,9661
00900,富邦特選高股息30,47,0,47,富邦-新店,2024-08-16,9661
00688L,國泰20年美債正2,64,20,44,富邦-新店,2024-08-16,9661
2867,三商壽,44,2,42,富邦-新店,2024-08-16,9661
2332,友訊,61,20,41,富邦-新店,2024-08-16,9661
6294,智基,40,0,40,富邦-新店,2024-08-16,9661
3605,宏致,43,4,39,富邦-新店,2024-08-16,9661
00635U,期元大S＆P黃金,39,0,39,富邦-新店,2024-08-16,9661
4542,科嶠,39,1,38,富邦-新店,2024-08-16,9661
2489,瑞軒,85,49,36,富邦-新店,2024-08-16,9661
1101,台泥,46,14,32,富邦-新店,2024-08-16,9661
4909,新復興,53,21,32,富邦-新店,2024-08-16,9661
00885,富邦越南,33,1,32,富邦-新店,2024-08-16,9661
2354,鴻準,52,20,32,富邦-新店,2024-08-16,9661
5905,南仁湖,52,22,30,富邦-新店,2024-08-16,9661
6126,信音,32,3,29,富邦-新店,2024-08-16,9661
4534,慶騰,30,2,28,富邦-新店,2024-08-16,9661
6609,瀧澤科,34,6,28,富邦-新店,2024-08-16,9661
00905,FT臺灣Smart,30,2,28,富邦-新店,2024-08-16,9661
1504,東元,34,7,27,富邦-新店,2024-08-16,9661
8070,長華*,52,25,27,富邦-新店,2024-08-16,9661
6206,飛捷,26,0,26,富邦-新店,2024-08-16,9661
2002,中鋼,52,27,25,富邦-新店,2024-08-16,9661
00937B,群益ESG投等債20,84,59,25,富邦-新店,2024-08-16,9661
3284,太普高,44,20,24,富邦-新店,2024-08-16,9661
3535,晶彩科,43,20,23,富邦-新店,2024-08-16,9661
00679B,元大美債20年,346,323,23,富邦-新店,2024-08-16,9661
3019,亞光,61,39,22,富邦-新店,2024-08-16,9661
3545,敦泰,22,0,22,富邦-新店,2024-08-16,9661
1301,台塑,21,0,21,富邦-新店,2024-08-16,9661
6875,國邑*,20,0,20,富邦-新店,2024-08-16,9661
6757,台灣虎航,20,0,20,富邦-新店,2024-08-16,9661
6115,鎰勝,20,0,20,富邦-新店,2024-08-16,9661
3231,緯創,64,44,20,富邦-新店,2024-08-16,9661
2618,長榮航,39,20,19,富邦-新店,2024-08-16,9661
2888,新光金,1630,385,1245,富邦-新店,2024-08-19,9661
00687B,國泰20年美債,569,103,466,富邦-新店,2024-08-19,9661
2357,華碩,366,9,357,富邦-新店,2024-08-19,9661
00949,復華日本龍頭,302,0,302,富邦-新店,2024-08-19,9661
4958,臻鼎-KY,260,9,251,富邦-新店,2024-08-19,9661
00929,復華台灣科技優息,352,114,238,富邦-新店,2024-08-19,9661
00680L,元大美債20正2,249,15,234,富邦-新店,2024-08-19,9661
00937B,群益ESG投等債20,267,40,227,富邦-新店,2024-08-19,9661
1201,味全,210,0,210,富邦-新店,2024-08-19,9661
3047,訊舟,209,69,140,富邦-新店,2024-08-19,9661
00795B,中信美國公債20年,112,0,112,富邦-新店,2024-08-19,9661
6446,藥華藥,110,10,100,富邦-新店,2024-08-19,9661
2344,華邦電,491,411,80,富邦-新店,2024-08-19,9661
6220,岳豐,86,8,78,富邦-新店,2024-08-19,9661
2362,藍天,85,11,74,富邦-新店,2024-08-19,9661
00632R,元大台灣50反1,258,188,70,富邦-新店,2024-08-19,9661
2881,富邦金,71,5,66,富邦-新店,2024-08-19,9661
00948B,中信優息投資級債,64,0,64,富邦-新店,2024-08-19,9661
2354,鴻準,113,52,61,富邦-新店,2024-08-19,9661
00650L,復華香港正2,54,2,52,富邦-新店,2024-08-19,9661
00720B,元大投資級公司債,51,0,51,富邦-新店,2024-08-19,9661
3231,緯創,83,34,49,富邦-新店,2024-08-19,9661
00753L,中信中國50正2,50,2,48,富邦-新店,2024-08-19,9661
1708,東鹼,58,11,47,富邦-新店,2024-08-19,9661
2801,彰銀,48,2,46,富邦-新店,2024-08-19,9661
00936,台新永續高息中小,48,5,43,富邦-新店,2024-08-19,9661
6104,創惟,44,3,41,富邦-新店,2024-08-19,9661
2312,金寶,53,13,40,富邦-新店,2024-08-19,9661
2884,玉山金,50,13,37,富邦-新店,2024-08-19,9661
1216,統一,37,1,36,富邦-新店,2024-08-19,9661
2002,中鋼,53,17,36,富邦-新店,2024-08-19,9661
3535,晶彩科,81,45,36,富邦-新店,2024-08-19,9661
00751B,元大AAA至A公司債,35,0,35,富邦-新店,2024-08-19,9661
2317,鴻海,130,96,34,富邦-新店,2024-08-19,9661
9902,台火,60,26,34,富邦-新店,2024-08-19,9661
4174,浩鼎,36,2,34,富邦-新店,2024-08-19,9661
6125,廣運,78,45,33,富邦-新店,2024-08-19,9661
4542,科嶠,42,11,31,富邦-新店,2024-08-19,9661
2405,輔信,48,18,30,富邦-新店,2024-08-19,9661
6263,普萊德,30,0,30,富邦-新店,2024-08-19,9661
2892,第一金,31,2,29,富邦-新店,2024-08-19,9661
3374,精材,55,27,28,富邦-新店,2024-08-19,9661
00931B,統一美債20年,28,0,28,富邦-新店,2024-08-19,9661
0056,元大高股息,38,10,28,富邦-新店,2024-08-19,9661
3013,晟銘電,52,26,26,富邦-新店,2024-08-19,9661
4549,桓達,25,0,25,富邦-新店,2024-08-19,9661
2883,凱基金,39,14,25,富邦-新店,2024-08-19,9661
00945B,凱基美國非投等債,24,0,24,富邦-新店,2024-08-19,9661
2886,兆豐金,44,20,24,富邦-新店,2024-08-19,9661
5905,南仁湖,60,36,24,富邦-新店,2024-08-19,9661
2888,新光金,1937,1194,743,富邦-新店,2024-08-20,9661
00937B,群益ESG投等債20,415,17,398,富邦-新店,2024-08-20,9661
00687B,國泰20年美債,363,11,352,富邦-新店,2024-08-20,9661
1201,味全,250,3,247,富邦-新店,2024-08-20,9661
00715L,期街口布蘭特正2,242,0,242,富邦-新店,2024-08-20,9661
00679B,元大美債20年,331,118,213,富邦-新店,2024-08-20,9661
00919,群益台灣精選高息,200,14,186,富邦-新店,2024-08-20,9661
2883,凱基金,202,23,179,富邦-新店,2024-08-20,9661
00929,復華台灣科技優息,210,60,150,富邦-新店,2024-08-20,9661
00680L,元大美債20正2,161,19,142,富邦-新店,2024-08-20,9661
00949,復華日本龍頭,117,0,117,富邦-新店,2024-08-20,9661
2374,佳能,154,52,102,富邦-新店,2024-08-20,9661
2352,佳世達,83,1,82,富邦-新店,2024-08-20,9661
2489,瑞軒,155,73,82,富邦-新店,2024-08-20,9661
8064,東捷,130,50,80,富邦-新店,2024-08-20,9661
00688L,國泰20年美債正2,76,10,66,富邦-新店,2024-08-20,9661
2520,冠德,86,22,64,富邦-新店,2024-08-20,9661
6609,瀧澤科,65,1,64,富邦-新店,2024-08-20,9661
00795B,中信美國公債20年,60,2,58,富邦-新店,2024-08-20,9661
6104,創惟,77,20,57,富邦-新店,2024-08-20,9661
00954,中信日本半導體,57,0,57,富邦-新店,2024-08-20,9661
2464,盟立,85,28,57,富邦-新店,2024-08-20,9661
2002,中鋼,56,6,50,富邦-新店,2024-08-20,9661
2324,仁寶,60,13,47,富邦-新店,2024-08-20,9661
9925,新保,45,0,45,富邦-新店,2024-08-20,9661
00948B,中信優息投資級債,44,0,44,富邦-新店,2024-08-20,9661
2891,中信金,53,12,41,富邦-新店,2024-08-20,9661
2881,富邦金,61,22,39,富邦-新店,2024-08-20,9661
5452,佶優,44,5,39,富邦-新店,2024-08-20,9661
3580,友威科,69,32,37,富邦-新店,2024-08-20,9661
2834,臺企銀,50,13,37,富邦-新店,2024-08-20,9661
00933B,國泰10Y+金融債,37,0,37,富邦-新店,2024-08-20,9661
5230,雷笛克光學,38,1,37,富邦-新店,2024-08-20,9661
2362,藍天,116,85,31,富邦-新店,2024-08-20,9661
1314,中石化,91,60,31,富邦-新店,2024-08-20,9661
6204,艾華,30,1,29,富邦-新店,2024-08-20,9661
1101,台泥,37,10,27,富邦-新店,2024-08-20,9661
1513,中興電,56,29,27,富邦-新店,2024-08-20,9661
00650L,復華香港正2,26,0,26,富邦-新店,2024-08-20,9661
1446,宏和,30,5,25,富邦-新店,2024-08-20,9661
1409,新纖,91,67,24,富邦-新店,2024-08-20,9661
3312,弘憶股,84,60,24,富邦-新店,2024-08-20,9661
2356,英業達,68,44,24,富邦-新店,2024-08-20,9661
2882,國泰金,43,21,22,富邦-新店,2024-08-20,9661
2317,鴻海,88,66,22,富邦-新店,2024-08-20,9661
5880,合庫金,22,1,21,富邦-新店,2024-08-20,9661
9904,寶成,23,2,21,富邦-新店,2024-08-20,9661
3607,谷崧,31,11,20,富邦-新店,2024-08-20,9661
2542,興富發,47,27,20,富邦-新店,2024-08-20,9661
00878,國泰永續高股息,25,6,19,富邦-新店,2024-08-20,9661
8028,昇陽半導體,1583,57,1526,富邦-新店,2024-08-21,9661
1909,榮成,1268,0,1268,富邦-新店,2024-08-21,9661
2891,中信金,685,11,674,富邦-新店,2024-08-21,9661
2867,三商壽,383,9,374,富邦-新店,2024-08-21,9661
1201,味全,260,6,254,富邦-新店,2024-08-21,9661
00937B,群益ESG投等債20,281,66,215,富邦-新店,2024-08-21,9661
00940,元大台灣價值高息,270,61,209,富邦-新店,2024-08-21,9661
00919,群益台灣精選高息,150,12,138,富邦-新店,2024-08-21,9661
00720B,元大投資級公司債,129,2,127,富邦-新店,2024-08-21,9661
6133,金橋,107,2,105,富邦-新店,2024-08-21,9661
2323,中環,112,8,104,富邦-新店,2024-08-21,9661
00715L,期街口布蘭特正2,104,5,99,富邦-新店,2024-08-21,9661
1514,亞力,121,22,99,富邦-新店,2024-08-21,9661
00725B,國泰投資級公司債,101,5,96,富邦-新店,2024-08-21,9661
00929,復華台灣科技優息,142,47,95,富邦-新店,2024-08-21,9661
3339,泰谷,121,34,87,富邦-新店,2024-08-21,9661
2883,凱基金,104,29,75,富邦-新店,2024-08-21,9661
2317,鴻海,132,58,74,富邦-新店,2024-08-21,9661
3687,歐買尬,53,2,51,富邦-新店,2024-08-21,9661
00951,台新日本半導體,51,3,48,富邦-新店,2024-08-21,9661
2312,金寶,116,72,44,富邦-新店,2024-08-21,9661
9105,泰金寶-DR,52,9,43,富邦-新店,2024-08-21,9661
00751B,元大AAA至A公司債,42,1,41,富邦-新店,2024-08-21,9661
00795B,中信美國公債20年,50,10,40,富邦-新店,2024-08-21,9661
2330,台積電,47,7,40,富邦-新店,2024-08-21,9661
5347,世界,39,0,39,富邦-新店,2024-08-21,9661
3312,弘憶股,85,46,39,富邦-新店,2024-08-21,9661
2324,仁寶,45,7,38,富邦-新店,2024-08-21,9661
00931B,統一美債20年,44,6,38,富邦-新店,2024-08-21,9661
3019,亞光,57,19,38,富邦-新店,2024-08-21,9661
2338,光罩,37,0,37,富邦-新店,2024-08-21,9661
00706L,期元大S＆P日圓正2,40,5,35,富邦-新店,2024-08-21,9661
1708,東鹼,38,3,35,富邦-新店,2024-08-21,9661
00923,群益台ESG低碳50,34,0,34,富邦-新店,2024-08-21,9661
00900,富邦特選高股息30,33,0,33,富邦-新店,2024-08-21,9661
5905,南仁湖,140,109,31,富邦-新店,2024-08-21,9661
6443,元晶,31,1,30,富邦-新店,2024-08-21,9661
2890,永豐金,208,178,30,富邦-新店,2024-08-21,9661
6101,寬魚國際,36,6,30,富邦-新店,2024-08-21,9661
0056,元大高股息,52,23,29,富邦-新店,2024-08-21,9661
4563,百德,38,10,28,富邦-新店,2024-08-21,9661
4903,聯光通,25,0,25,富邦-新店,2024-08-21,9661
2542,興富發,32,8,24,富邦-新店,2024-08-21,9661
00936,台新永續高息中小,24,0,24,富邦-新店,2024-08-21,9661
2354,鴻準,32,8,24,富邦-新店,2024-08-21,9661
2344,華邦電,31,9,22,富邦-新店,2024-08-21,9661
00713,元大台灣高息低波,27,5,22,富邦-新店,2024-08-21,9661
8104,錸寶,59,38,21,富邦-新店,2024-08-21,9661
3535,晶彩科,87,66,21,富邦-新店,2024-08-21,9661
8440,綠電,37,17,20,富邦-新店,2024-08-21,9661
8028,昇陽半導體,731,34,697,富邦-新店,2024-08-22,9661
2867,三商壽,442,34,408,富邦-新店,2024-08-22,9661
00715L,期街口布蘭特正2,276,0,276,富邦-新店,2024-08-22,9661
00900,富邦特選高股息30,249,0,249,富邦-新店,2024-08-22,9661
2891,中信金,375,137,238,富邦-新店,2024-08-22,9661
2890,永豐金,154,5,149,富邦-新店,2024-08-22,9661
00687B,國泰20年美債,149,13,136,富邦-新店,2024-08-22,9661
00679B,元大美債20年,132,9,123,富邦-新店,2024-08-22,9661
2362,藍天,133,14,119,富邦-新店,2024-08-22,9661
00948B,中信優息投資級債,122,7,115,富邦-新店,2024-08-22,9661
00680L,元大美債20正2,115,0,115,富邦-新店,2024-08-22,9661
00650L,復華香港正2,118,10,108,富邦-新店,2024-08-22,9661
1449,佳和,108,9,99,富邦-新店,2024-08-22,9661
00919,群益台灣精選高息,108,17,91,富邦-新店,2024-08-22,9661
00940,元大台灣價值高息,114,26,88,富邦-新店,2024-08-22,9661
00929,復華台灣科技優息,167,81,86,富邦-新店,2024-08-22,9661
1201,味全,80,4,76,富邦-新店,2024-08-22,9661
2349,錸德,479,409,70,富邦-新店,2024-08-22,9661
3036,文曄,71,2,69,富邦-新店,2024-08-22,9661
1301,台塑,80,11,69,富邦-新店,2024-08-22,9661
4303,信立,68,14,54,富邦-新店,2024-08-22,9661
2851,中再保,78,26,52,富邦-新店,2024-08-22,9661
00878,國泰永續高股息,135,89,46,富邦-新店,2024-08-22,9661
00665L,富邦�琤肭磪囓�2,55,10,45,富邦-新店,2024-08-22,9661
00720B,元大投資級公司債,63,20,43,富邦-新店,2024-08-22,9661
2881,富邦金,46,3,43,富邦-新店,2024-08-22,9661
2317,鴻海,154,112,42,富邦-新店,2024-08-22,9661
3518,柏騰,72,37,35,富邦-新店,2024-08-22,9661
00688L,國泰20年美債正2,34,2,32,富邦-新店,2024-08-22,9661
00764B,群益25年美債,31,0,31,富邦-新店,2024-08-22,9661
2402,毅嘉,38,9,29,富邦-新店,2024-08-22,9661
00918,大華優利高填息30,30,1,29,富邦-新店,2024-08-22,9661
2883,凱基金,28,0,28,富邦-新店,2024-08-22,9661
2353,宏��,37,10,27,富邦-新店,2024-08-22,9661
00882,中信中國高股息,32,5,27,富邦-新店,2024-08-22,9661
0056,元大高股息,50,24,26,富邦-新店,2024-08-22,9661
1314,中石化,63,37,26,富邦-新店,2024-08-22,9661
8039,台虹,59,34,25,富邦-新店,2024-08-22,9661
8367,建新國際,25,0,25,富邦-新店,2024-08-22,9661
2542,興富發,32,7,25,富邦-新店,2024-08-22,9661
1513,中興電,45,21,24,富邦-新店,2024-08-22,9661
2330,台積電,32,9,23,富邦-新店,2024-08-22,9661
9958,世紀鋼,26,3,23,富邦-新店,2024-08-22,9661
3703,欣陸,30,8,22,富邦-新店,2024-08-22,9661
00632R,元大台灣50反1,72,50,22,富邦-新店,2024-08-22,9661
6156,松上,38,16,22,富邦-新店,2024-08-22,9661
2515,中工,32,11,21,富邦-新店,2024-08-22,9661
4128,中天,24,3,21,富邦-新店,2024-08-22,9661
2354,鴻準,41,20,21,富邦-新店,2024-08-22,9661
2903,遠百,21,0,21,富邦-新店,2024-08-22,9661
8028,昇陽半導體,524,139,385,富邦-新店,2024-08-23,9661
2303,聯電,427,41,386,富邦-新店,2024-08-23,9661
2891,中信金,470,111,359,富邦-新店,2024-08-23,9661
00919,群益台灣精選高息,338,21,317,富邦-新店,2024-08-23,9661
1201,味全,275,0,275,富邦-新店,2024-08-23,9661
00632R,元大台灣50反1,270,13,257,富邦-新店,2024-08-23,9661
00937B,群益ESG投等債20,189,9,180,富邦-新店,2024-08-23,9661
2897A,王道銀甲特,142,0,142,富邦-新店,2024-08-23,9661
2834,臺企銀,130,0,130,富邦-新店,2024-08-23,9661
00687B,國泰20年美債,131,9,122,富邦-新店,2024-08-23,9661
00679B,元大美債20年,133,16,117,富邦-新店,2024-08-23,9661
5452,佶優,120,5,115,富邦-新店,2024-08-23,9661
8096,擎亞,123,13,110,富邦-新店,2024-08-23,9661
3583,辛耘,111,20,91,富邦-新店,2024-08-23,9661
3615,安可,110,27,83,富邦-新店,2024-08-23,9661
00878,國泰永續高股息,97,32,65,富邦-新店,2024-08-23,9661
00948B,中信優息投資級債,63,0,63,富邦-新店,2024-08-23,9661
00680L,元大美債20正2,77,15,62,富邦-新店,2024-08-23,9661
1314,中石化,151,92,59,富邦-新店,2024-08-23,9661
5309,系統電,66,10,56,富邦-新店,2024-08-23,9661
3149,正達,67,14,53,富邦-新店,2024-08-23,9661
00940,元大台灣價值高息,106,54,52,富邦-新店,2024-08-23,9661
9105,泰金寶-DR,48,0,48,富邦-新店,2024-08-23,9661
8112,至上,47,0,47,富邦-新店,2024-08-23,9661
0056,元大高股息,50,6,44,富邦-新店,2024-08-23,9661
00929,復華台灣科技優息,142,104,38,富邦-新店,2024-08-23,9661
00933B,國泰10Y+金融債,42,5,37,富邦-新店,2024-08-23,9661
00688L,國泰20年美債正2,45,10,35,富邦-新店,2024-08-23,9661
2885,元大金,40,5,35,富邦-新店,2024-08-23,9661
8064,東捷,161,127,34,富邦-新店,2024-08-23,9661
00934,中信成長高股息,33,0,33,富邦-新店,2024-08-23,9661
4716,大立,36,3,33,富邦-新店,2024-08-23,9661
00936,台新永續高息中小,32,0,32,富邦-新店,2024-08-23,9661
1708,東鹼,101,70,31,富邦-新店,2024-08-23,9661
4513,福裕,49,20,29,富邦-新店,2024-08-23,9661
2324,仁寶,32,4,28,富邦-新店,2024-08-23,9661
00795B,中信美國公債20年,27,0,27,富邦-新店,2024-08-23,9661
1316,上曜,28,1,27,富邦-新店,2024-08-23,9661
00918,大華優利高填息30,29,2,27,富邦-新店,2024-08-23,9661
2023,燁輝,26,1,25,富邦-新店,2024-08-23,9661
3413,京鼎,27,2,25,富邦-新店,2024-08-23,9661
00946,群益科技高息成長,24,0,24,富邦-新店,2024-08-23,9661
2062,橋椿,32,8,24,富邦-新店,2024-08-23,9661
2845,遠東銀,27,3,24,富邦-新店,2024-08-23,9661
3030,德律,28,4,24,富邦-新店,2024-08-23,9661
2002,中鋼,24,1,23,富邦-新店,2024-08-23,9661
3363,上詮,55,34,21,富邦-新店,2024-08-23,9661
3189,景碩,68,47,21,富邦-新店,2024-08-23,9661
1717,長興,24,4,20,富邦-新店,2024-08-23,9661
5905,南仁湖,104,84,20,富邦-新店,2024-08-23,9661
2888,新光金,2105,913,1192,富邦-新店,2024-08-26,9661
1201,味全,280,0,280,富邦-新店,2024-08-26,9661
00940,元大台灣價值高息,273,38,235,富邦-新店,2024-08-26,9661
00687B,國泰20年美債,327,102,225,富邦-新店,2024-08-26,9661
2890,永豐金,192,2,190,富邦-新店,2024-08-26,9661
2891,中信金,194,25,169,富邦-新店,2024-08-26,9661
2515,中工,195,27,168,富邦-新店,2024-08-26,9661
2357,華碩,217,55,162,富邦-新店,2024-08-26,9661
2887,台新金,313,151,162,富邦-新店,2024-08-26,9661
2501,國建,152,17,135,富邦-新店,2024-08-26,9661
00937B,群益ESG投等債20,157,24,133,富邦-新店,2024-08-26,9661
1711,永光,173,49,124,富邦-新店,2024-08-26,9661
8121,越峰,103,9,94,富邦-新店,2024-08-26,9661
2603,長榮,112,22,90,富邦-新店,2024-08-26,9661
2883,凱基金,123,35,88,富邦-新店,2024-08-26,9661
2409,友達,99,21,78,富邦-新店,2024-08-26,9661
8096,擎亞,113,40,73,富邦-新店,2024-08-26,9661
1785,光洋科,81,16,65,富邦-新店,2024-08-26,9661
00679B,元大美債20年,107,46,61,富邦-新店,2024-08-26,9661
2903,遠百,52,0,52,富邦-新店,2024-08-26,9661
2449,京元電子,64,13,51,富邦-新店,2024-08-26,9661
4711,永純,44,1,43,富邦-新店,2024-08-26,9661
2317,鴻海,76,33,43,富邦-新店,2024-08-26,9661
3033,威健,56,17,39,富邦-新店,2024-08-26,9661
1514,亞力,72,34,38,富邦-新店,2024-08-26,9661
3450,聯鈞,56,18,38,富邦-新店,2024-08-26,9661
8043,蜜望實,53,16,37,富邦-新店,2024-08-26,9661
00680L,元大美債20正2,191,155,36,富邦-新店,2024-08-26,9661
2331,精英,64,30,34,富邦-新店,2024-08-26,9661
8028,昇陽半導體,525,491,34,富邦-新店,2024-08-26,9661
2330,台積電,44,14,30,富邦-新店,2024-08-26,9661
3231,緯創,48,18,30,富邦-新店,2024-08-26,9661
00725B,國泰投資級公司債,26,0,26,富邦-新店,2024-08-26,9661
00931B,統一美債20年,28,2,26,富邦-新店,2024-08-26,9661
2365,昆盈,80,55,25,富邦-新店,2024-08-26,9661
4903,聯光通,39,14,25,富邦-新店,2024-08-26,9661
6263,普萊德,25,1,24,富邦-新店,2024-08-26,9661
9907,統一實,30,7,23,富邦-新店,2024-08-26,9661
2323,中環,25,2,23,富邦-新店,2024-08-26,9661
00936,台新永續高息中小,22,0,22,富邦-新店,2024-08-26,9661
3013,晟銘電,46,24,22,富邦-新店,2024-08-26,9661
2390,云辰,21,0,21,富邦-新店,2024-08-26,9661
2399,映泰,32,11,21,富邦-新店,2024-08-26,9661
2630,亞航,29,8,21,富邦-新店,2024-08-26,9661
00669R,國泰美國道瓊反1,21,0,21,富邦-新店,2024-08-26,9661
00932,兆豐永續高息等權,21,0,21,富邦-新店,2024-08-26,9661
3078,僑威,20,0,20,富邦-新店,2024-08-26,9661
00635U,期元大S＆P黃金,20,0,20,富邦-新店,2024-08-26,9661
00945B,凱基美國非投等債,20,0,20,富邦-新店,2024-08-26,9661
2855,統一證,20,0,20,富邦-新店,2024-08-26,9661
4155,訊映,691,0,691,富邦-新店,2024-08-27,9661
3481,群創,834,236,598,富邦-新店,2024-08-27,9661
2399,映泰,530,185,345,富邦-新店,2024-08-27,9661
1201,味全,275,0,275,富邦-新店,2024-08-27,9661
2891,中信金,306,116,190,富邦-新店,2024-08-27,9661
00687B,國泰20年美債,257,74,183,富邦-新店,2024-08-27,9661
00919,群益台灣精選高息,178,2,176,富邦-新店,2024-08-27,9661
1314,中石化,190,16,174,富邦-新店,2024-08-27,9661
00680L,元大美債20正2,111,0,111,富邦-新店,2024-08-27,9661
00945B,凱基美國非投等債,100,0,100,富邦-新店,2024-08-27,9661
2332,友訊,100,5,95,富邦-新店,2024-08-27,9661
00948B,中信優息投資級債,94,0,94,富邦-新店,2024-08-27,9661
00679B,元大美債20年,108,15,93,富邦-新店,2024-08-27,9661
3498,陽程,129,37,92,富邦-新店,2024-08-27,9661
2392,正崴,105,14,91,富邦-新店,2024-08-27,9661
00673R,期元大S＆P原油反1,86,0,86,富邦-新店,2024-08-27,9661
2855,統一證,81,0,81,富邦-新店,2024-08-27,9661
2883,凱基金,90,10,80,富邦-新店,2024-08-27,9661
00929,復華台灣科技優息,79,5,74,富邦-新店,2024-08-27,9661
1301,台塑,72,2,70,富邦-新店,2024-08-27,9661
2845,遠東銀,69,0,69,富邦-新店,2024-08-27,9661
00937B,群益ESG投等債20,106,40,66,富邦-新店,2024-08-27,9661
8070,長華*,90,26,64,富邦-新店,2024-08-27,9661
2615,萬海,64,4,60,富邦-新店,2024-08-27,9661
00931B,統一美債20年,52,0,52,富邦-新店,2024-08-27,9661
3010,華立,53,1,52,富邦-新店,2024-08-27,9661
2609,陽明,65,15,50,富邦-新店,2024-08-27,9661
3576,聯合再生,63,13,50,富邦-新店,2024-08-27,9661
00650L,復華香港正2,50,0,50,富邦-新店,2024-08-27,9661
1802,台玻,48,0,48,富邦-新店,2024-08-27,9661
00643,群益深証中小,50,3,47,富邦-新店,2024-08-27,9661
00878,國泰永續高股息,81,34,47,富邦-新店,2024-08-27,9661
2317,鴻海,83,36,47,富邦-新店,2024-08-27,9661
3615,安可,57,11,46,富邦-新店,2024-08-27,9661
2303,聯電,69,24,45,富邦-新店,2024-08-27,9661
00669R,國泰美國道瓊反1,44,0,44,富邦-新店,2024-08-27,9661
3147,大綜,58,15,43,富邦-新店,2024-08-27,9661
2882,國泰金,66,24,42,富邦-新店,2024-08-27,9661
3438,類比科,40,0,40,富邦-新店,2024-08-27,9661
3030,德律,44,6,38,富邦-新店,2024-08-27,9661
5876,上海商銀,36,0,36,富邦-新店,2024-08-27,9661
00753L,中信中國50正2,35,0,35,富邦-新店,2024-08-27,9661
1722,台肥,36,1,35,富邦-新店,2024-08-27,9661
2887,台新金,62,28,34,富邦-新店,2024-08-27,9661
00635U,期元大S＆P黃金,35,1,34,富邦-新店,2024-08-27,9661
5498,凱崴,37,3,34,富邦-新店,2024-08-27,9661
5425,台半,34,0,34,富邦-新店,2024-08-27,9661
2201,裕隆,33,0,33,富邦-新店,2024-08-27,9661
00882,中信中國高股息,62,31,31,富邦-新店,2024-08-27,9661
1326,台化,32,1,31,富邦-新店,2024-08-27,9661
2313,華通,572,92,480,富邦-新店,2024-08-28,9661
2891,中信金,258,26,232,富邦-新店,2024-08-28,9661
3149,正達,205,27,178,富邦-新店,2024-08-28,9661
1201,味全,151,0,151,富邦-新店,2024-08-28,9661
1714,和桐,100,1,99,富邦-新店,2024-08-28,9661
00687B,國泰20年美債,110,13,97,富邦-新店,2024-08-28,9661
00857B,永豐20年美公債,95,0,95,富邦-新店,2024-08-28,9661
8104,錸寶,81,15,66,富邦-新店,2024-08-28,9661
1711,永光,76,14,62,富邦-新店,2024-08-28,9661
00688L,國泰20年美債正2,81,20,61,富邦-新店,2024-08-28,9661
3363,上詮,75,20,55,富邦-新店,2024-08-28,9661
4542,科嶠,62,8,54,富邦-新店,2024-08-28,9661
8932,智通*,49,0,49,富邦-新店,2024-08-28,9661
1314,中石化,80,35,45,富邦-新店,2024-08-28,9661
00679B,元大美債20年,45,0,45,富邦-新店,2024-08-28,9661
6257,矽格,63,19,44,富邦-新店,2024-08-28,9661
5880,合庫金,43,2,41,富邦-新店,2024-08-28,9661
5443,均豪,116,75,41,富邦-新店,2024-08-28,9661
00919,群益台灣精選高息,63,23,40,富邦-新店,2024-08-28,9661
00882,中信中國高股息,39,0,39,富邦-新店,2024-08-28,9661
3374,精材,95,56,39,富邦-新店,2024-08-28,9661
1528,恩德,64,26,38,富邦-新店,2024-08-28,9661
3413,京鼎,44,7,37,富邦-新店,2024-08-28,9661
2349,錸德,59,22,37,富邦-新店,2024-08-28,9661
00637L,元大滬深300正2,37,0,37,富邦-新店,2024-08-28,9661
3492,長盛,42,6,36,富邦-新店,2024-08-28,9661
00665L,富邦�琤肭磪囓�2,35,0,35,富邦-新店,2024-08-28,9661
4906,正文,83,49,34,富邦-新店,2024-08-28,9661
2365,昆盈,70,36,34,富邦-新店,2024-08-28,9661
3711,日月光投控,42,9,33,富邦-新店,2024-08-28,9661
00959B,大華投等美債15Y+,32,0,32,富邦-新店,2024-08-28,9661
3030,德律,36,4,32,富邦-新店,2024-08-28,9661
5905,南仁湖,84,52,32,富邦-新店,2024-08-28,9661
9934,成霖,36,5,31,富邦-新店,2024-08-28,9661
5309,系統電,40,11,29,富邦-新店,2024-08-28,9661
2890,永豐金,31,6,25,富邦-新店,2024-08-28,9661
3234,光環,30,5,25,富邦-新店,2024-08-28,9661
4566,時碩工業,52,28,24,富邦-新店,2024-08-28,9661
00918,大華優利高填息30,25,3,22,富邦-新店,2024-08-28,9661
1617,榮星,23,1,22,富邦-新店,2024-08-28,9661
00633L,富邦上証正2,22,0,22,富邦-新店,2024-08-28,9661
6405,悅城,26,5,21,富邦-新店,2024-08-28,9661
1708,東鹼,60,39,21,富邦-新店,2024-08-28,9661
3078,僑威,21,0,21,富邦-新店,2024-08-28,9661
8089,康全電訊,20,0,20,富邦-新店,2024-08-28,9661
1718,中纖,20,0,20,富邦-新店,2024-08-28,9661
5432,新門,20,1,19,富邦-新店,2024-08-28,9661
8039,台虹,70,52,18,富邦-新店,2024-08-28,9661
6188,廣明,21,2,19,富邦-新店,2024-08-28,9661
2409,友達,29,11,18,富邦-新店,2024-08-28,9661
2313,華通,1450,90,1360,富邦-新店,2024-08-29,9661
3037,欣興,1019,56,963,富邦-新店,2024-08-29,9661
2905,三商,607,241,366,富邦-新店,2024-08-29,9661
2891,中信金,327,10,317,富邦-新店,2024-08-29,9661
00687B,國泰20年美債,295,10,285,富邦-新店,2024-08-29,9661
00937B,群益ESG投等債20,218,3,215,富邦-新店,2024-08-29,9661
00632R,元大台灣50反1,260,90,170,富邦-新店,2024-08-29,9661
3049,精金,150,2,148,富邦-新店,2024-08-29,9661
6104,創惟,147,6,141,富邦-新店,2024-08-29,9661
00679B,元大美債20年,135,3,132,富邦-新店,2024-08-29,9661
00643,群益深証中小,120,0,120,富邦-新店,2024-08-29,9661
4711,永純,146,43,103,富邦-新店,2024-08-29,9661
2890,永豐金,134,33,101,富邦-新店,2024-08-29,9661
4549,桓達,115,17,98,富邦-新店,2024-08-29,9661
00680L,元大美債20正2,96,0,96,富邦-新店,2024-08-29,9661
3498,陽程,92,10,82,富邦-新店,2024-08-29,9661
8147,正淩,81,6,75,富邦-新店,2024-08-29,9661
00878,國泰永續高股息,152,81,71,富邦-新店,2024-08-29,9661
2515,中工,78,9,69,富邦-新店,2024-08-29,9661
00959B,大華投等美債15Y+,67,0,67,富邦-新店,2024-08-29,9661
00948B,中信優息投資級債,65,0,65,富邦-新店,2024-08-29,9661
6235,華孚,62,0,62,富邦-新店,2024-08-29,9661
00919,群益台灣精選高息,84,24,60,富邦-新店,2024-08-29,9661
2330,台積電,87,31,56,富邦-新店,2024-08-29,9661
2442,新美齊,55,0,55,富邦-新店,2024-08-29,9661
00933B,國泰10Y+金融債,48,0,48,富邦-新店,2024-08-29,9661
3580,友威科,57,12,45,富邦-新店,2024-08-29,9661
1201,味全,44,0,44,富邦-新店,2024-08-29,9661
2317,鴻海,103,63,40,富邦-新店,2024-08-29,9661
00941,中信上游半導體,36,0,36,富邦-新店,2024-08-29,9661
8039,台虹,58,25,33,富邦-新店,2024-08-29,9661
00936,台新永續高息中小,33,0,33,富邦-新店,2024-08-29,9661
4510,高鋒,142,110,32,富邦-新店,2024-08-29,9661
00725B,國泰投資級公司債,31,0,31,富邦-新店,2024-08-29,9661
2405,輔信,43,12,31,富邦-新店,2024-08-29,9661
3312,弘憶股,35,4,31,富邦-新店,2024-08-29,9661
1540,喬福,146,115,31,富邦-新店,2024-08-29,9661
2367,燿華,122,91,31,富邦-新店,2024-08-29,9661
2855,統一證,30,1,29,富邦-新店,2024-08-29,9661
2887,台新金,49,21,28,富邦-新店,2024-08-29,9661
3047,訊舟,38,11,27,富邦-新店,2024-08-29,9661
2886,兆豐金,40,13,27,富邦-新店,2024-08-29,9661
3450,聯鈞,135,109,26,富邦-新店,2024-08-29,9661
8076,伍豐,25,1,24,富邦-新店,2024-08-29,9661
6177,達麗,26,3,23,富邦-新店,2024-08-29,9661
3260,威剛,23,0,23,富邦-新店,2024-08-29,9661
00946,群益科技高息成長,33,10,23,富邦-新店,2024-08-29,9661
0056,元大高股息,29,7,22,富邦-新店,2024-08-29,9661
00830,國泰費城半導體,24,1,23,富邦-新店,2024-08-29,9661
2867,三商壽,22,0,22,富邦-新店,2024-08-29,9661
1909,榮成,703,284,419,富邦-新店,2024-08-30,9661
2313,華通,917,573,344,富邦-新店,2024-08-30,9661
2618,長榮航,345,26,319,富邦-新店,2024-08-30,9661
00959B,大華投等美債15Y+,312,0,312,富邦-新店,2024-08-30,9661
2888,新光金,345,55,290,富邦-新店,2024-08-30,9661
00687B,國泰20年美債,239,13,226,富邦-新店,2024-08-30,9661
00937B,群益ESG投等債20,398,188,210,富邦-新店,2024-08-30,9661
1711,永光,323,157,166,富邦-新店,2024-08-30,9661
2312,金寶,177,30,147,富邦-新店,2024-08-30,9661
00632R,元大台灣50反1,145,7,138,富邦-新店,2024-08-30,9661
2891,中信金,124,3,121,富邦-新店,2024-08-30,9661
00671R,富邦NASDAQ反1,109,0,109,富邦-新店,2024-08-30,9661
00679B,元大美債20年,98,4,94,富邦-新店,2024-08-30,9661
4958,臻鼎-KY,110,25,85,富邦-新店,2024-08-30,9661
1815,富喬,96,16,80,富邦-新店,2024-08-30,9661
1201,味全,80,0,80,富邦-新店,2024-08-30,9661
4906,正文,180,117,63,富邦-新店,2024-08-30,9661
8096,擎亞,90,28,62,富邦-新店,2024-08-30,9661
6213,聯茂,198,136,62,富邦-新店,2024-08-30,9661
00753L,中信中國50正2,75,15,60,富邦-新店,2024-08-30,9661
2367,燿華,115,56,59,富邦-新店,2024-08-30,9661
2324,仁寶,53,1,52,富邦-新店,2024-08-30,9661
00680L,元大美債20正2,53,2,51,富邦-新店,2024-08-30,9661
00931B,統一美債20年,48,1,47,富邦-新店,2024-08-30,9661
1314,中石化,121,78,43,富邦-新店,2024-08-30,9661
4526,東台,116,75,41,富邦-新店,2024-08-30,9661
2323,中環,41,0,41,富邦-新店,2024-08-30,9661
2034,允強,45,6,39,富邦-新店,2024-08-30,9661
8927,北基,38,0,38,富邦-新店,2024-08-30,9661
4956,光鋐,47,10,37,富邦-新店,2024-08-30,9661
5439,高技,38,3,35,富邦-新店,2024-08-30,9661
4510,高鋒,86,52,34,富邦-新店,2024-08-30,9661
3645,達邁,66,33,33,富邦-新店,2024-08-30,9661
2425,承啟,65,32,33,富邦-新店,2024-08-30,9661
00751B,元大AAA至A公司債,41,9,32,富邦-新店,2024-08-30,9661
8111,立��,52,20,32,富邦-新店,2024-08-30,9661
6168,宏齊,32,1,31,富邦-新店,2024-08-30,9661
3481,群創,145,114,31,富邦-新店,2024-08-30,9661
4909,新復興,46,19,27,富邦-新店,2024-08-30,9661
2488,漢平,26,0,26,富邦-新店,2024-08-30,9661
6104,創惟,36,11,25,富邦-新店,2024-08-30,9661
6603,富強鑫,30,7,23,富邦-新店,2024-08-30,9661
4303,信立,27,5,22,富邦-新店,2024-08-30,9661
00919,群益台灣精選高息,63,41,22,富邦-新店,2024-08-30,9661
2801,彰銀,21,0,21,富邦-新店,2024-08-30,9661
2382,廣達,23,2,21,富邦-新店,2024-08-30,9661
6412,群電,21,1,20,富邦-新店,2024-08-30,9661
2464,盟立,27,7,20,富邦-新店,2024-08-30,9661
3703,欣陸,20,1,19,富邦-新店,2024-08-30,9661
2208,台船,24,6,18,富邦-新店,2024-08-30,9661
3189,景碩,1870,45,1825,富邦-新店,2024-09-02,9661
1810,和成,500,0,500,富邦-新店,2024-09-02,9661
00687B,國泰20年美債,401,3,398,富邦-新店,2024-09-02,9661
2888,新光金,549,164,385,富邦-新店,2024-09-02,9661
00937B,群益ESG投等債20,778,421,357,富邦-新店,2024-09-02,9661
00948B,中信優息投資級債,195,0,195,富邦-新店,2024-09-02,9661
00715L,期街口布蘭特正2,176,0,176,富邦-新店,2024-09-02,9661
00929,復華台灣科技優息,245,82,163,富邦-新店,2024-09-02,9661
2891,中信金,202,75,127,富邦-新店,2024-09-02,9661
00680L,元大美債20正2,140,26,114,富邦-新店,2024-09-02,9661
1201,味全,110,0,110,富邦-新店,2024-09-02,9661
00688L,國泰20年美債正2,116,10,106,富邦-新店,2024-09-02,9661
2486,一詮,182,76,106,富邦-新店,2024-09-02,9661
00650L,復華香港正2,84,0,84,富邦-新店,2024-09-02,9661
2609,陽明,85,2,83,富邦-新店,2024-09-02,9661
00959B,大華投等美債15Y+,80,0,80,富邦-新店,2024-09-02,9661
8111,立��,90,12,78,富邦-新店,2024-09-02,9661
00919,群益台灣精選高息,107,29,78,富邦-新店,2024-09-02,9661
00637L,元大滬深300正2,117,41,76,富邦-新店,2024-09-02,9661
8105,凌巨,93,28,65,富邦-新店,2024-09-02,9661
4526,東台,125,60,65,富邦-新店,2024-09-02,9661
2312,金寶,68,4,64,富邦-新店,2024-09-02,9661
00665L,富邦�琤肭磪囓�2,59,0,59,富邦-新店,2024-09-02,9661
00915,凱基優選高股息30,59,0,59,富邦-新店,2024-09-02,9661
2409,友達,62,4,58,富邦-新店,2024-09-02,9661
00936,台新永續高息中小,55,0,55,富邦-新店,2024-09-02,9661
00713,元大台灣高息低波,58,9,49,富邦-新店,2024-09-02,9661
3481,群創,101,53,48,富邦-新店,2024-09-02,9661
3581,博磊,46,0,46,富邦-新店,2024-09-02,9661
6603,富強鑫,45,0,45,富邦-新店,2024-09-02,9661
9945,潤泰新,56,12,44,富邦-新店,2024-09-02,9661
6213,聯茂,46,2,44,富邦-新店,2024-09-02,9661
2615,萬海,71,27,44,富邦-新店,2024-09-02,9661
00725B,國泰投資級公司債,46,3,43,富邦-新店,2024-09-02,9661
6207,雷科,59,16,43,富邦-新店,2024-09-02,9661
5328,華容,43,0,43,富邦-新店,2024-09-02,9661
00918,大華優利高填息30,45,3,42,富邦-新店,2024-09-02,9661
00882,中信中國高股息,51,11,40,富邦-新店,2024-09-02,9661
00945B,凱基美國非投等債,40,0,40,富邦-新店,2024-09-02,9661
4714,永捷,47,9,38,富邦-新店,2024-09-02,9661
00878,國泰永續高股息,92,61,31,富邦-新店,2024-09-02,9661
2607,榮運,30,0,30,富邦-新店,2024-09-02,9661
4566,時碩工業,51,21,30,富邦-新店,2024-09-02,9661
2603,長榮,38,8,30,富邦-新店,2024-09-02,9661
8096,擎亞,32,3,29,富邦-新店,2024-09-02,9661
3056,富華新,30,4,26,富邦-新店,2024-09-02,9661
00706L,期元大S＆P日圓正2,26,0,26,富邦-新店,2024-09-02,9661
006208,富邦台50,27,1,26,富邦-新店,2024-09-02,9661
2317,鴻海,52,27,25,富邦-新店,2024-09-02,9661
5309,系統電,22,0,22,富邦-新店,2024-09-02,9661
2905,三商,1518,280,1238,富邦-新店,2024-09-03,9661
00919,群益台灣精選高息,277,22,255,富邦-新店,2024-09-03,9661
00632R,元大台灣50反1,260,20,240,富邦-新店,2024-09-03,9661
2891,中信金,215,33,182,富邦-新店,2024-09-03,9661
00687B,國泰20年美債,186,8,178,富邦-新店,2024-09-03,9661
00929,復華台灣科技優息,195,27,168,富邦-新店,2024-09-03,9661
00915,凱基優選高股息30,130,1,129,富邦-新店,2024-09-03,9661
00918,大華優利高填息30,128,9,119,富邦-新店,2024-09-03,9661
00937B,群益ESG投等債20,166,65,101,富邦-新店,2024-09-03,9661
6133,金橋,100,0,100,富邦-新店,2024-09-03,9661
00713,元大台灣高息低波,98,4,94,富邦-新店,2024-09-03,9661
2603,長榮,102,11,91,富邦-新店,2024-09-03,9661
00643,群益深証中小,80,0,80,富邦-新店,2024-09-03,9661
2867,三商壽,81,12,69,富邦-新店,2024-09-03,9661
00679B,元大美債20年,98,29,69,富邦-新店,2024-09-03,9661
00680L,元大美債20正2,67,0,67,富邦-新店,2024-09-03,9661
2420,新巨,102,37,65,富邦-新店,2024-09-03,9661
00878,國泰永續高股息,105,42,63,富邦-新店,2024-09-03,9661
1815,富喬,227,168,59,富邦-新店,2024-09-03,9661
00953B,群益優選非投等債,150,92,58,富邦-新店,2024-09-03,9661
00945B,凱基美國非投等債,50,0,50,富邦-新店,2024-09-03,9661
00650L,復華香港正2,64,15,49,富邦-新店,2024-09-03,9661
1303,南亞,52,4,48,富邦-新店,2024-09-03,9661
3213,茂訊,48,1,47,富邦-新店,2024-09-03,9661
3062,建漢,95,51,44,富邦-新店,2024-09-03,9661
2887,台新金,58,14,44,富邦-新店,2024-09-03,9661
3231,緯創,78,37,41,富邦-新店,2024-09-03,9661
2328,廣宇,40,0,40,富邦-新店,2024-09-03,9661
1785,光洋科,134,97,37,富邦-新店,2024-09-03,9661
2323,中環,39,3,36,富邦-新店,2024-09-03,9661
2515,中工,58,23,35,富邦-新店,2024-09-03,9661
00688L,國泰20年美債正2,31,0,31,富邦-新店,2024-09-03,9661
00637L,元大滬深300正2,84,55,29,富邦-新店,2024-09-03,9661
1201,味全,28,0,28,富邦-新店,2024-09-03,9661
1711,永光,83,56,27,富邦-新店,2024-09-03,9661
3264,欣銓,60,33,27,富邦-新店,2024-09-03,9661
2881,富邦金,26,1,25,富邦-新店,2024-09-03,9661
8112,至上,25,0,25,富邦-新店,2024-09-03,9661
2885,元大金,24,1,23,富邦-新店,2024-09-03,9661
3290,東浦,43,20,23,富邦-新店,2024-09-03,9661
3673,TPK-KY,26,4,22,富邦-新店,2024-09-03,9661
8086,宏捷科,25,3,22,富邦-新店,2024-09-03,9661
2002,中鋼,33,11,22,富邦-新店,2024-09-03,9661
00751B,元大AAA至A公司債,26,4,22,富邦-新店,2024-09-03,9661
2408,南亞科,27,5,22,富邦-新店,2024-09-03,9661
8076,伍豐,77,56,21,富邦-新店,2024-09-03,9661
2449,京元電子,29,8,21,富邦-新店,2024-09-03,9661
1806,冠軍,21,0,21,富邦-新店,2024-09-03,9661
3716,中化控股,21,0,21,富邦-新店,2024-09-03,9661
1776,展宇,21,0,21,富邦-新店,2024-09-03,9661
00919,群益台灣精選高息,642,53,589,富邦-新店,2024-09-04,9661
00878,國泰永續高股息,650,102,548,富邦-新店,2024-09-04,9661
3189,景碩,500,12,488,富邦-新店,2024-09-04,9661
00688L,國泰20年美債正2,423,31,392,富邦-新店,2024-09-04,9661
00715L,期街口布蘭特正2,388,5,383,富邦-新店,2024-09-04,9661
2891,中信金,412,33,379,富邦-新店,2024-09-04,9661
00929,復華台灣科技優息,547,194,353,富邦-新店,2024-09-04,9661
00918,大華優利高填息30,353,37,316,富邦-新店,2024-09-04,9661
00948B,中信優息投資級債,311,0,311,富邦-新店,2024-09-04,9661
0056,元大高股息,282,7,275,富邦-新店,2024-09-04,9661
00915,凱基優選高股息30,266,10,256,富邦-新店,2024-09-04,9661
00680L,元大美債20正2,246,20,226,富邦-新店,2024-09-04,9661
2905,三商,181,0,181,富邦-新店,2024-09-04,9661
00713,元大台灣高息低波,162,0,162,富邦-新店,2024-09-04,9661
2883,凱基金,178,17,161,富邦-新店,2024-09-04,9661
2330,台積電,208,47,161,富邦-新店,2024-09-04,9661
00953B,群益優選非投等債,159,0,159,富邦-新店,2024-09-04,9661
3481,群創,265,114,151,富邦-新店,2024-09-04,9661
1314,中石化,122,2,120,富邦-新店,2024-09-04,9661
0050,元大台灣50,136,32,104,富邦-新店,2024-09-04,9661
006208,富邦台50,120,18,102,富邦-新店,2024-09-04,9661
2002,中鋼,103,13,90,富邦-新店,2024-09-04,9661
2867,三商壽,99,12,87,富邦-新店,2024-09-04,9661
00940,元大台灣價值高息,360,276,84,富邦-新店,2024-09-04,9661
2618,長榮航,146,65,81,富邦-新店,2024-09-04,9661
8112,至上,77,3,74,富邦-新店,2024-09-04,9661
2886,兆豐金,68,3,65,富邦-新店,2024-09-04,9661
2880,華南金,63,1,62,富邦-新店,2024-09-04,9661
1201,味全,60,0,60,富邦-新店,2024-09-04,9661
1303,南亞,72,12,60,富邦-新店,2024-09-04,9661
2892,第一金,60,0,60,富邦-新店,2024-09-04,9661
3037,欣興,91,32,59,富邦-新店,2024-09-04,9661
2382,廣達,79,21,58,富邦-新店,2024-09-04,9661
8027,鈦昇,71,15,56,富邦-新店,2024-09-04,9661
2885,元大金,62,7,55,富邦-新店,2024-09-04,9661
00881,國泰台灣5G+,84,29,55,富邦-新店,2024-09-04,9661
00930,永豐ESG低碳高息,54,0,54,富邦-新店,2024-09-04,9661
2031,新光鋼,54,0,54,富邦-新店,2024-09-04,9661
00946,群益科技高息成長,71,18,53,富邦-新店,2024-09-04,9661
9945,潤泰新,81,30,51,富邦-新店,2024-09-04,9661
00900,富邦特選高股息30,53,2,51,富邦-新店,2024-09-04,9661
2408,南亞科,55,5,50,富邦-新店,2024-09-04,9661
6757,台灣虎航,51,4,47,富邦-新店,2024-09-04,9661
00941,中信上游半導體,45,0,45,富邦-新店,2024-09-04,9661
00927,群益半導體收益,43,0,43,富邦-新店,2024-09-04,9661
2881,富邦金,74,32,42,富邦-新店,2024-09-04,9661
2409,友達,50,9,41,富邦-新店,2024-09-04,9661
2337,旺宏,42,2,40,富邦-新店,2024-09-04,9661
00751B,元大AAA至A公司債,43,4,39,富邦-新店,2024-09-04,9661
6136,富爾特,39,0,39,富邦-新店,2024-09-04,9661
2905,三商,666,0,666,富邦-新店,2024-09-05,9661
00632R,元大台灣50反1,657,229,428,富邦-新店,2024-09-05,9661
00919,群益台灣精選高息,402,28,374,富邦-新店,2024-09-05,9661
00712,復華富時不動產,352,1,351,富邦-新店,2024-09-05,9661
2542,興富發,360,15,345,富邦-新店,2024-09-05,9661
00940,元大台灣價值高息,235,8,227,富邦-新店,2024-09-05,9661
00953B,群益優選非投等債,207,0,207,富邦-新店,2024-09-05,9661
00715L,期街口布蘭特正2,206,7,199,富邦-新店,2024-09-05,9661
00687B,國泰20年美債,437,258,179,富邦-新店,2024-09-05,9661
00918,大華優利高填息30,191,17,174,富邦-新店,2024-09-05,9661
00929,復華台灣科技優息,234,71,163,富邦-新店,2024-09-05,9661
2317,鴻海,174,30,144,富邦-新店,2024-09-05,9661
00878,國泰永續高股息,169,44,125,富邦-新店,2024-09-05,9661
3437,榮創,125,5,120,富邦-新店,2024-09-05,9661
1776,展宇,118,5,113,富邦-新店,2024-09-05,9661
3189,景碩,111,6,105,富邦-新店,2024-09-05,9661
0056,元大高股息,112,17,95,富邦-新店,2024-09-05,9661
00945B,凱基美國非投等債,89,0,89,富邦-新店,2024-09-05,9661
5225,東科-KY,87,0,87,富邦-新店,2024-09-05,9661
2344,華邦電,107,22,85,富邦-新店,2024-09-05,9661
5603,陸海,76,2,74,富邦-新店,2024-09-05,9661
3339,泰谷,84,13,71,富邦-新店,2024-09-05,9661
00915,凱基優選高股息30,81,15,66,富邦-新店,2024-09-05,9661
3481,群創,79,15,64,富邦-新店,2024-09-05,9661
2002,中鋼,61,7,54,富邦-新店,2024-09-05,9661
00726B,國泰新興投等債,53,0,53,富邦-新店,2024-09-05,9661
2880,華南金,63,11,52,富邦-新店,2024-09-05,9661
1201,味全,51,0,51,富邦-新店,2024-09-05,9661
1303,南亞,84,34,50,富邦-新店,2024-09-05,9661
2236,百達-KY,53,3,50,富邦-新店,2024-09-05,9661
6274,台燿,82,35,47,富邦-新店,2024-09-05,9661
2845,遠東銀,50,5,45,富邦-新店,2024-09-05,9661
00642U,期元大S＆P石油,47,2,45,富邦-新店,2024-09-05,9661
2888,新光金,222,177,45,富邦-新店,2024-09-05,9661
9945,潤泰新,69,25,44,富邦-新店,2024-09-05,9661
8112,至上,44,2,42,富邦-新店,2024-09-05,9661
00665L,富邦�琤肭磪囓�2,40,0,40,富邦-新店,2024-09-05,9661
00900,富邦特選高股息30,39,1,38,富邦-新店,2024-09-05,9661
1314,中石化,65,27,38,富邦-新店,2024-09-05,9661
6598,ABC-KY,37,0,37,富邦-新店,2024-09-05,9661
3062,建漢,39,3,36,富邦-新店,2024-09-05,9661
1310,台苯,35,0,35,富邦-新店,2024-09-05,9661
2915,潤泰全,42,7,35,富邦-新店,2024-09-05,9661
2408,南亞科,68,33,35,富邦-新店,2024-09-05,9661
00921,兆豐龍頭等權重,34,0,34,富邦-新店,2024-09-05,9661
2308,台達電,35,1,34,富邦-新店,2024-09-05,9661
2406,國碩,33,0,33,富邦-新店,2024-09-05,9661
00713,元大台灣高息低波,35,2,33,富邦-新店,2024-09-05,9661
00680L,元大美債20正2,154,122,32,富邦-新店,2024-09-05,9661
2201,裕隆,32,1,31,富邦-新店,2024-09-05,9661
2382,廣達,454,53,401,富邦-新店,2024-09-06,9661
8028,昇陽半導體,368,6,362,富邦-新店,2024-09-06,9661
3581,博磊,346,11,335,富邦-新店,2024-09-06,9661
00632R,元大台灣50反1,341,73,268,富邦-新店,2024-09-06,9661
3481,群創,231,16,215,富邦-新店,2024-09-06,9661
3535,晶彩科,182,2,180,富邦-新店,2024-09-06,9661
1524,耿鼎,165,13,152,富邦-新店,2024-09-06,9661
00919,群益台灣精選高息,165,14,151,富邦-新店,2024-09-06,9661
1201,味全,150,0,150,富邦-新店,2024-09-06,9661
2337,旺宏,153,5,148,富邦-新店,2024-09-06,9661
00687B,國泰20年美債,267,124,143,富邦-新店,2024-09-06,9661
1540,喬福,296,158,138,富邦-新店,2024-09-06,9661
00937B,群益ESG投等債20,451,343,108,富邦-新店,2024-09-06,9661
2890,永豐金,104,3,101,富邦-新店,2024-09-06,9661
00932,兆豐永續高息等權,100,0,100,富邦-新店,2024-09-06,9661
00726B,國泰新興投等債,100,0,100,富邦-新店,2024-09-06,9661
00715L,期街口布蘭特正2,113,21,92,富邦-新店,2024-09-06,9661
3583,辛耘,87,18,69,富邦-新店,2024-09-06,9661
3363,上詮,72,3,69,富邦-新店,2024-09-06,9661
2905,三商,310,241,69,富邦-新店,2024-09-06,9661
2880,華南金,68,8,60,富邦-新店,2024-09-06,9661
00637L,元大滬深300正2,111,55,56,富邦-新店,2024-09-06,9661
00953B,群益優選非投等債,65,10,55,富邦-新店,2024-09-06,9661
2603,長榮,58,5,53,富邦-新店,2024-09-06,9661
4971,IET-KY,58,5,53,富邦-新店,2024-09-06,9661
2601,益航,50,3,47,富邦-新店,2024-09-06,9661
6215,和椿,88,41,47,富邦-新店,2024-09-06,9661
2888,新光金,68,22,46,富邦-新店,2024-09-06,9661
00679B,元大美債20年,87,43,44,富邦-新店,2024-09-06,9661
00918,大華優利高填息30,46,3,43,富邦-新店,2024-09-06,9661
1605,華新,52,11,41,富邦-新店,2024-09-06,9661
00725B,國泰投資級公司債,38,0,38,富邦-新店,2024-09-06,9661
2486,一詮,65,29,36,富邦-新店,2024-09-06,9661
00915,凱基優選高股息30,37,2,35,富邦-新店,2024-09-06,9661
2101,南港,36,2,34,富邦-新店,2024-09-06,9661
1815,富喬,113,79,34,富邦-新店,2024-09-06,9661
00941,中信上游半導體,33,0,33,富邦-新店,2024-09-06,9661
00878,國泰永續高股息,55,25,30,富邦-新店,2024-09-06,9661
00680L,元大美債20正2,213,184,29,富邦-新店,2024-09-06,9661
5493,三聯,31,2,29,富邦-新店,2024-09-06,9661
2317,鴻海,58,30,28,富邦-新店,2024-09-06,9661
00795B,中信美國公債20年,40,14,26,富邦-新店,2024-09-06,9661
00931B,統一美債20年,30,5,25,富邦-新店,2024-09-06,9661
2867,三商壽,45,21,24,富邦-新店,2024-09-06,9661
5392,能率,26,2,24,富邦-新店,2024-09-06,9661
2610,華航,23,1,22,富邦-新店,2024-09-06,9661
0056,元大高股息,34,13,21,富邦-新店,2024-09-06,9661
4935,茂林-KY,20,0,20,富邦-新店,2024-09-06,9661
1229,聯華,20,0,20,富邦-新店,2024-09-06,9661
9940,信義,20,0,20,富邦-新店,2024-09-06,9661
00919,群益台灣精選高息,627,24,603,富邦-新店,2024-09-09,9661
00687B,國泰20年美債,297,9,288,富邦-新店,2024-09-09,9661
00878,國泰永續高股息,296,12,284,富邦-新店,2024-09-09,9661
00929,復華台灣科技優息,260,29,231,富邦-新店,2024-09-09,9661
2881,富邦金,195,16,179,富邦-新店,2024-09-09,9661
1201,味全,153,0,153,富邦-新店,2024-09-09,9661
2905,三商,127,0,127,富邦-新店,2024-09-09,9661
2891,中信金,144,18,126,富邦-新店,2024-09-09,9661
00918,大華優利高填息30,128,12,116,富邦-新店,2024-09-09,9661
2867,三商壽,121,10,111,富邦-新店,2024-09-09,9661
00715L,期街口布蘭特正2,113,11,102,富邦-新店,2024-09-09,9661
2426,鼎元,125,32,93,富邦-新店,2024-09-09,9661
2317,鴻海,132,46,86,富邦-新店,2024-09-09,9661
00665L,富邦�琤肭磪囓�2,83,3,80,富邦-新店,2024-09-09,9661
2883,凱基金,112,37,75,富邦-新店,2024-09-09,9661
00948B,中信優息投資級債,74,2,72,富邦-新店,2024-09-09,9661
00646,元大S＆P500,71,0,71,富邦-新店,2024-09-09,9661
0056,元大高股息,95,25,70,富邦-新店,2024-09-09,9661
00941,中信上游半導體,60,0,60,富邦-新店,2024-09-09,9661
00946,群益科技高息成長,63,6,57,富邦-新店,2024-09-09,9661
006208,富邦台50,59,3,56,富邦-新店,2024-09-09,9661
00937B,群益ESG投等債20,353,302,51,富邦-新店,2024-09-09,9661
1326,台化,51,4,47,富邦-新店,2024-09-09,9661
1301,台塑,53,7,46,富邦-新店,2024-09-09,9661
00915,凱基優選高股息30,49,3,46,富邦-新店,2024-09-09,9661
9945,潤泰新,64,22,42,富邦-新店,2024-09-09,9661
6770,力積電,47,7,40,富邦-新店,2024-09-09,9661
2885,元大金,43,5,38,富邦-新店,2024-09-09,9661
00881,國泰台灣5G+,56,18,38,富邦-新店,2024-09-09,9661
6216,居易,40,3,37,富邦-新店,2024-09-09,9661
2880,華南金,47,10,37,富邦-新店,2024-09-09,9661
0050,元大台灣50,41,6,35,富邦-新店,2024-09-09,9661
1303,南亞,35,0,35,富邦-新店,2024-09-09,9661
2882,國泰金,38,3,35,富邦-新店,2024-09-09,9661
3580,友威科,42,8,34,富邦-新店,2024-09-09,9661
2002,中鋼,40,7,33,富邦-新店,2024-09-09,9661
8927,北基,33,0,33,富邦-新店,2024-09-09,9661
00882,中信中國高股息,63,30,33,富邦-新店,2024-09-09,9661
00720B,元大投資級公司債,32,0,32,富邦-新店,2024-09-09,9661
2330,台積電,45,13,32,富邦-新店,2024-09-09,9661
00942B,台新美A公司債20+,32,1,31,富邦-新店,2024-09-09,9661
00935,野村臺灣新科技50,29,0,29,富邦-新店,2024-09-09,9661
00753L,中信中國50正2,29,0,29,富邦-新店,2024-09-09,9661
2464,盟立,61,33,28,富邦-新店,2024-09-09,9661
2615,萬海,49,21,28,富邦-新店,2024-09-09,9661
6136,富爾特,28,0,28,富邦-新店,2024-09-09,9661
00933B,國泰10Y+金融債,33,5,28,富邦-新店,2024-09-09,9661
2609,陽明,57,30,27,富邦-新店,2024-09-09,9661
00830,國泰費城半導體,30,7,23,富邦-新店,2024-09-09,9661
00947,台新臺灣IC設計,23,0,23,富邦-新店,2024-09-09,9661
00919,群益台灣精選高息,483,79,404,富邦-新店,2024-09-10,9661
1810,和成,400,0,400,富邦-新店,2024-09-10,9661
00948B,中信優息投資級債,560,170,390,富邦-新店,2024-09-10,9661
1201,味全,270,0,270,富邦-新店,2024-09-10,9661
00680L,元大美債20正2,300,61,239,富邦-新店,2024-09-10,9661
00918,大華優利高填息30,167,14,153,富邦-新店,2024-09-10,9661
2399,映泰,191,40,151,富邦-新店,2024-09-10,9661
3481,群創,152,3,149,富邦-新店,2024-09-10,9661
00795B,中信美國公債20年,162,24,138,富邦-新店,2024-09-10,9661
2905,三商,102,0,102,富邦-新店,2024-09-10,9661
2382,廣達,116,22,94,富邦-新店,2024-09-10,9661
2317,鴻海,156,68,88,富邦-新店,2024-09-10,9661
00632R,元大台灣50反1,141,57,84,富邦-新店,2024-09-10,9661
0056,元大高股息,96,14,82,富邦-新店,2024-09-10,9661
1522,堤維西,87,12,75,富邦-新店,2024-09-10,9661
8112,至上,64,2,62,富邦-新店,2024-09-10,9661
2891,中信金,70,13,57,富邦-新店,2024-09-10,9661
00715L,期街口布蘭特正2,58,3,55,富邦-新店,2024-09-10,9661
2344,華邦電,55,2,53,富邦-新店,2024-09-10,9661
00940,元大台灣價值高息,168,116,52,富邦-新店,2024-09-10,9661
00946,群益科技高息成長,51,0,51,富邦-新店,2024-09-10,9661
1301,台塑,53,7,46,富邦-新店,2024-09-10,9661
00915,凱基優選高股息30,48,4,44,富邦-新店,2024-09-10,9661
1307,三芳,53,9,44,富邦-新店,2024-09-10,9661
2892,第一金,54,12,42,富邦-新店,2024-09-10,9661
6505,台塑化,45,5,40,富邦-新店,2024-09-10,9661
2915,潤泰全,42,4,38,富邦-新店,2024-09-10,9661
5347,世界,45,8,37,富邦-新店,2024-09-10,9661
2313,華通,54,18,36,富邦-新店,2024-09-10,9661
2034,允強,50,15,35,富邦-新店,2024-09-10,9661
2301,光寶科,46,12,34,富邦-新店,2024-09-10,9661
00929,復華台灣科技優息,404,372,32,富邦-新店,2024-09-10,9661
1326,台化,32,0,32,富邦-新店,2024-09-10,9661
2495,普安,36,4,32,富邦-新店,2024-09-10,9661
1605,華新,39,8,31,富邦-新店,2024-09-10,9661
3535,晶彩科,40,10,30,富邦-新店,2024-09-10,9661
2406,國碩,30,0,30,富邦-新店,2024-09-10,9661
6204,艾華,31,1,30,富邦-新店,2024-09-10,9661
3483,力致,30,1,29,富邦-新店,2024-09-10,9661
6136,富爾特,29,0,29,富邦-新店,2024-09-10,9661
4979,華星光,85,56,29,富邦-新店,2024-09-10,9661
1314,中石化,30,2,28,富邦-新店,2024-09-10,9661
4909,新復興,49,21,28,富邦-新店,2024-09-10,9661
3303,岱稜,57,29,28,富邦-新店,2024-09-10,9661
2303,聯電,49,22,27,富邦-新店,2024-09-10,9661
4971,IET-KY,34,7,27,富邦-新店,2024-09-10,9661
2002,中鋼,44,18,26,富邦-新店,2024-09-10,9661
4306,炎洲,28,1,27,富邦-新店,2024-09-10,9661
00725B,國泰投資級公司債,33,7,26,富邦-新店,2024-09-10,9661
2356,英業達,32,6,26,富邦-新店,2024-09-10,9661
2905,三商,1383,10,1373,富邦-新店,2024-09-11,9661
00680L,元大美債20正2,660,140,520,富邦-新店,2024-09-11,9661
00751B,元大AAA至A公司債,420,12,408,富邦-新店,2024-09-11,9661
00687B,國泰20年美債,340,40,300,富邦-新店,2024-09-11,9661
1201,味全,296,0,296,富邦-新店,2024-09-11,9661
00688L,國泰20年美債正2,401,123,278,富邦-新店,2024-09-11,9661
00948B,中信優息投資級債,428,250,178,富邦-新店,2024-09-11,9661
00715L,期街口布蘭特正2,169,15,154,富邦-新店,2024-09-11,9661
00929,復華台灣科技優息,195,46,149,富邦-新店,2024-09-11,9661
2891,中信金,148,2,146,富邦-新店,2024-09-11,9661
2303,聯電,154,43,111,富邦-新店,2024-09-11,9661
00937B,群益ESG投等債20,475,369,106,富邦-新店,2024-09-11,9661
00919,群益台灣精選高息,151,56,95,富邦-新店,2024-09-11,9661
6248,沛波,99,14,85,富邦-新店,2024-09-11,9661
00957B,兆豐US優選投等債,81,0,81,富邦-新店,2024-09-11,9661
00915,凱基優選高股息30,81,5,76,富邦-新店,2024-09-11,9661
00878,國泰永續高股息,100,25,75,富邦-新店,2024-09-11,9661
00940,元大台灣價值高息,116,42,74,富邦-新店,2024-09-11,9661
00665L,富邦�琤肭磪囓�2,73,0,73,富邦-新店,2024-09-11,9661
2855,統一證,60,0,60,富邦-新店,2024-09-11,9661
00932,兆豐永續高息等權,55,0,55,富邦-新店,2024-09-11,9661
3583,辛耘,68,14,54,富邦-新店,2024-09-11,9661
2486,一詮,55,2,53,富邦-新店,2024-09-11,9661
0056,元大高股息,57,4,53,富邦-新店,2024-09-11,9661
00931B,統一美債20年,63,13,50,富邦-新店,2024-09-11,9661
00933B,國泰10Y+金融債,60,13,47,富邦-新店,2024-09-11,9661
2883,凱基金,51,4,47,富邦-新店,2024-09-11,9661
4960,誠美材,50,3,47,富邦-新店,2024-09-11,9661
5871,中租-KY,42,0,42,富邦-新店,2024-09-11,9661
2834,臺企銀,47,6,41,富邦-新店,2024-09-11,9661
00712,復華富時不動產,43,2,41,富邦-新店,2024-09-11,9661
3303,岱稜,64,23,41,富邦-新店,2024-09-11,9661
00753L,中信中國50正2,40,0,40,富邦-新店,2024-09-11,9661
6108,競國,80,40,40,富邦-新店,2024-09-11,9661
3147,大綜,52,12,40,富邦-新店,2024-09-11,9661
2885,元大金,37,0,37,富邦-新店,2024-09-11,9661
2881,富邦金,38,4,34,富邦-新店,2024-09-11,9661
6127,九豪,33,0,33,富邦-新店,2024-09-11,9661
00637L,元大滬深300正2,57,25,32,富邦-新店,2024-09-11,9661
2867,三商壽,71,40,31,富邦-新店,2024-09-11,9661
4566,時碩工業,44,13,31,富邦-新店,2024-09-11,9661
6757,台灣虎航,30,0,30,富邦-新店,2024-09-11,9661
00881,國泰台灣5G+,40,11,29,富邦-新店,2024-09-11,9661
2002,中鋼,37,9,28,富邦-新店,2024-09-11,9661
8110,華東,27,0,27,富邦-新店,2024-09-11,9661
1708,東鹼,28,2,26,富邦-新店,2024-09-11,9661
3707,漢磊,48,23,25,富邦-新店,2024-09-11,9661
00946,群益科技高息成長,24,0,24,富邦-新店,2024-09-11,9661
00740B,富邦全球投等債,24,0,24,富邦-新店,2024-09-11,9661
3044,健鼎,24,0,24,富邦-新店,2024-09-11,9661
00680L,元大美債20正2,1007,339,668,富邦-新店,2024-09-12,9661
1201,味全,320,0,320,富邦-新店,2024-09-12,9661
3017,奇鋐,316,15,301,富邦-新店,2024-09-12,9661
1810,和成,600,400,200,富邦-新店,2024-09-12,9661
00919,群益台灣精選高息,207,35,172,富邦-新店,2024-09-12,9661
00915,凱基優選高股息30,181,13,168,富邦-新店,2024-09-12,9661
6530,創威,354,201,153,富邦-新店,2024-09-12,9661
00687B,國泰20年美債,268,130,138,富邦-新店,2024-09-12,9661
3324,雙鴻,143,10,133,富邦-新店,2024-09-12,9661
2891,中信金,121,7,114,富邦-新店,2024-09-12,9661
2888,新光金,325,212,113,富邦-新店,2024-09-12,9661
00679B,元大美債20年,143,32,111,富邦-新店,2024-09-12,9661
1711,永光,126,27,99,富邦-新店,2024-09-12,9661
2420,新巨,109,10,99,富邦-新店,2024-09-12,9661
6194,育富,147,87,60,富邦-新店,2024-09-12,9661
00937B,群益ESG投等債20,322,270,52,富邦-新店,2024-09-12,9661
8147,正淩,55,4,51,富邦-新店,2024-09-12,9661
3374,精材,58,16,42,富邦-新店,2024-09-12,9661
2601,益航,43,1,42,富邦-新店,2024-09-12,9661
8011,台通,51,11,40,富邦-新店,2024-09-12,9661
00712,復華富時不動產,49,11,38,富邦-新店,2024-09-12,9661
1710,東聯,38,1,37,富邦-新店,2024-09-12,9661
00772B,中信高評級公司債,31,0,31,富邦-新店,2024-09-12,9661
5534,長虹,31,0,31,富邦-新店,2024-09-12,9661
00935,野村臺灣新科技50,31,1,30,富邦-新店,2024-09-12,9661
6216,居易,35,5,30,富邦-新店,2024-09-12,9661
00725B,國泰投資級公司債,35,5,30,富邦-新店,2024-09-12,9661
8091,翔名,33,3,30,富邦-新店,2024-09-12,9661
8249,菱光,70,41,29,富邦-新店,2024-09-12,9661
2360,致茂,37,9,28,富邦-新店,2024-09-12,9661
1584,精剛,30,3,27,富邦-新店,2024-09-12,9661
3066,李洲,27,0,27,富邦-新店,2024-09-12,9661
3189,景碩,40,16,24,富邦-新店,2024-09-12,9661
6108,競國,31,9,22,富邦-新店,2024-09-12,9661
2408,南亞科,31,10,21,富邦-新店,2024-09-12,9661
3665,貿聯-KY,22,1,21,富邦-新店,2024-09-12,9661
00713,元大台灣高息低波,26,6,20,富邦-新店,2024-09-12,9661
9103,美德醫療-DR,20,0,20,富邦-新店,2024-09-12,9661
5432,新門,20,1,19,富邦-新店,2024-09-12,9661
00934,中信成長高股息,20,3,17,富邦-新店,2024-09-12,9661
6643,M31,18,2,16,富邦-新店,2024-09-12,9661
00696B,富邦美債20年,15,0,15,富邦-新店,2024-09-12,9661
8354,冠好,15,0,15,富邦-新店,2024-09-12,9661
2915,潤泰全,15,0,15,富邦-新店,2024-09-12,9661
1446,宏和,16,1,15,富邦-新店,2024-09-12,9661
3029,零壹,17,2,15,富邦-新店,2024-09-12,9661
2382,廣達,50,35,15,富邦-新店,2024-09-12,9661
2543,皇昌,26,12,14,富邦-新店,2024-09-12,9661
2014,中鴻,16,2,14,富邦-新店,2024-09-12,9661
2615,萬海,24,10,14,富邦-新店,2024-09-12,9661
00680L,元大美債20正2,470,11,459,富邦-新店,2024-09-13,9661
2101,南港,208,0,208,富邦-新店,2024-09-13,9661
6609,瀧澤科,202,18,184,富邦-新店,2024-09-13,9661
00687B,國泰20年美債,228,49,179,富邦-新店,2024-09-13,9661
00918,大華優利高填息30,201,29,172,富邦-新店,2024-09-13,9661
00919,群益台灣精選高息,124,19,105,富邦-新店,2024-09-13,9661
4979,華星光,152,53,99,富邦-新店,2024-09-13,9661
2420,新巨,113,16,97,富邦-新店,2024-09-13,9661
6698,旭暉應材,101,4,97,富邦-新店,2024-09-13,9661
1326,台化,94,7,87,富邦-新店,2024-09-13,9661
00929,復華台灣科技優息,180,96,84,富邦-新店,2024-09-13,9661
00713,元大台灣高息低波,91,15,76,富邦-新店,2024-09-13,9661
3374,精材,94,18,76,富邦-新店,2024-09-13,9661
00679B,元大美債20年,82,10,72,富邦-新店,2024-09-13,9661
2317,鴻海,92,29,63,富邦-新店,2024-09-13,9661
3324,雙鴻,67,5,62,富邦-新店,2024-09-13,9661
00878,國泰永續高股息,100,47,53,富邦-新店,2024-09-13,9661
00940,元大台灣價值高息,61,11,50,富邦-新店,2024-09-13,9661
00637L,元大滬深300正2,142,92,50,富邦-新店,2024-09-13,9661
2426,鼎元,55,12,43,富邦-新店,2024-09-13,9661
2399,映泰,122,83,39,富邦-新店,2024-09-13,9661
2905,三商,39,0,39,富邦-新店,2024-09-13,9661
00915,凱基優選高股息30,54,19,35,富邦-新店,2024-09-13,9661
00953B,群益優選非投等債,35,0,35,富邦-新店,2024-09-13,9661
00795B,中信美國公債20年,34,0,34,富邦-新店,2024-09-13,9661
00650L,復華香港正2,32,0,32,富邦-新店,2024-09-13,9661
9938,百和,32,1,31,富邦-新店,2024-09-13,9661
2497,怡利電,87,57,30,富邦-新店,2024-09-13,9661
00751B,元大AAA至A公司債,40,11,29,富邦-新店,2024-09-13,9661
00933B,國泰10Y+金融債,30,2,28,富邦-新店,2024-09-13,9661
8039,台虹,63,35,28,富邦-新店,2024-09-13,9661
2357,華碩,31,3,28,富邦-新店,2024-09-13,9661
2408,南亞科,27,1,26,富邦-新店,2024-09-13,9661
5355,佳總,25,0,25,富邦-新店,2024-09-13,9661
1524,耿鼎,31,6,25,富邦-新店,2024-09-13,9661
0050,元大台灣50,35,11,24,富邦-新店,2024-09-13,9661
3580,友威科,26,2,24,富邦-新店,2024-09-13,9661
8249,菱光,76,52,24,富邦-新店,2024-09-13,9661
0056,元大高股息,36,13,23,富邦-新店,2024-09-13,9661
2845,遠東銀,23,1,22,富邦-新店,2024-09-13,9661
2883,凱基金,35,13,22,富邦-新店,2024-09-13,9661
1611,中電,21,1,20,富邦-新店,2024-09-13,9661
1455,集盛,20,0,20,富邦-新店,2024-09-13,9661
6263,普萊德,20,0,20,富邦-新店,2024-09-13,9661
2911,麗嬰房,19,0,19,富邦-新店,2024-09-13,9661
2303,聯電,47,28,19,富邦-新店,2024-09-13,9661
2891,中信金,26,8,18,富邦-新店,2024-09-13,9661
2881,富邦金,19,1,18,富邦-新店,2024-09-13,9661
8043,蜜望實,23,5,18,富邦-新店,2024-09-13,9661
2903,遠百,17,0,17,富邦-新店,2024-09-13,9661
2317,鴻海,3185,92,3093,富邦-新店,2024-09-16,9661
1785,光洋科,1215,129,1086,富邦-新店,2024-09-16,9661
00687B,國泰20年美債,447,38,409,富邦-新店,2024-09-16,9661
6274,台燿,444,98,346,富邦-新店,2024-09-16,9661
00937B,群益ESG投等債20,286,0,286,富邦-新店,2024-09-16,9661
00680L,元大美債20正2,205,21,184,富邦-新店,2024-09-16,9661
1326,台化,194,12,182,富邦-新店,2024-09-16,9661
00919,群益台灣精選高息,192,13,179,富邦-新店,2024-09-16,9661
00918,大華優利高填息30,184,8,176,富邦-新店,2024-09-16,9661
2426,鼎元,160,28,132,富邦-新店,2024-09-16,9661
1721,三晃,163,50,113,富邦-新店,2024-09-16,9661
00929,復華台灣科技優息,126,23,103,富邦-新店,2024-09-16,9661
3605,宏致,103,7,96,富邦-新店,2024-09-16,9661
3550,聯穎,116,22,94,富邦-新店,2024-09-16,9661
2891,中信金,91,7,84,富邦-新店,2024-09-16,9661
00948B,中信優息投資級債,80,4,76,富邦-新店,2024-09-16,9661
00945B,凱基美國非投等債,75,0,75,富邦-新店,2024-09-16,9661
2371,大同,84,11,73,富邦-新店,2024-09-16,9661
00715L,期街口布蘭特正2,94,21,73,富邦-新店,2024-09-16,9661
2014,中鴻,88,16,72,富邦-新店,2024-09-16,9661
2101,南港,74,5,69,富邦-新店,2024-09-16,9661
00915,凱基優選高股息30,71,4,67,富邦-新店,2024-09-16,9661
6194,育富,72,6,66,富邦-新店,2024-09-16,9661
00665L,富邦�琤肭磪囓�2,80,20,60,富邦-新店,2024-09-16,9661
6546,正基,75,17,58,富邦-新店,2024-09-16,9661
3149,正達,57,3,54,富邦-新店,2024-09-16,9661
00712,復華富時不動產,64,10,54,富邦-新店,2024-09-16,9661
2530,華建,50,0,50,富邦-新店,2024-09-16,9661
2855,統一證,60,10,50,富邦-新店,2024-09-16,9661
00706L,期元大S＆P日圓正2,70,20,50,富邦-新店,2024-09-16,9661
3019,亞光,54,5,49,富邦-新店,2024-09-16,9661
3303,岱稜,62,14,48,富邦-新店,2024-09-16,9661
9105,泰金寶-DR,50,4,46,富邦-新店,2024-09-16,9661
3290,東浦,80,36,44,富邦-新店,2024-09-16,9661
6438,迅得,44,1,43,富邦-新店,2024-09-16,9661
00679B,元大美債20年,125,83,42,富邦-新店,2024-09-16,9661
4563,百德,87,46,41,富邦-新店,2024-09-16,9661
3033,威健,39,4,35,富邦-新店,2024-09-16,9661
2349,錸德,65,33,32,富邦-新店,2024-09-16,9661
00934,中信成長高股息,33,3,30,富邦-新店,2024-09-16,9661
2208,台船,30,0,30,富邦-新店,2024-09-16,9661
2360,致茂,29,1,28,富邦-新店,2024-09-16,9661
00688L,國泰20年美債正2,27,0,27,富邦-新店,2024-09-16,9661
5225,東科-KY,25,0,25,富邦-新店,2024-09-16,9661
6206,飛捷,25,0,25,富邦-新店,2024-09-16,9661
1711,永光,54,29,25,富邦-新店,2024-09-16,9661
00943,兆豐電子高息等權,24,0,24,富邦-新店,2024-09-16,9661
2488,漢平,25,1,24,富邦-新店,2024-09-16,9661
4977,眾達-KY,45,21,24,富邦-新店,2024-09-16,9661
2892,第一金,30,6,24,富邦-新店,2024-09-16,9661
00929,復華台灣科技優息,455,34,421,富邦-新店,2024-09-18,9661
00715L,期街口布蘭特正2,472,101,371,富邦-新店,2024-09-18,9661
4979,華星光,455,107,348,富邦-新店,2024-09-18,9661
00919,群益台灣精選高息,369,21,348,富邦-新店,2024-09-18,9661
2313,華通,353,25,328,富邦-新店,2024-09-18,9661
3324,雙鴻,270,17,253,富邦-新店,2024-09-18,9661
00680L,元大美債20正2,289,52,237,富邦-新店,2024-09-18,9661
3189,景碩,208,38,170,富邦-新店,2024-09-18,9661
1314,中石化,161,7,154,富邦-新店,2024-09-18,9661
2317,鴻海,175,22,153,富邦-新店,2024-09-18,9661
00679B,元大美債20年,165,23,142,富邦-新店,2024-09-18,9661
00713,元大台灣高息低波,122,0,122,富邦-新店,2024-09-18,9661
00937B,群益ESG投等債20,233,115,118,富邦-新店,2024-09-18,9661
00878,國泰永續高股息,138,27,111,富邦-新店,2024-09-18,9661
00918,大華優利高填息30,133,29,104,富邦-新店,2024-09-18,9661
1710,東聯,116,17,99,富邦-新店,2024-09-18,9661
2402,毅嘉,96,2,94,富邦-新店,2024-09-18,9661
2887,台新金,97,12,85,富邦-新店,2024-09-18,9661
6194,育富,87,5,82,富邦-新店,2024-09-18,9661
3062,建漢,131,50,81,富邦-新店,2024-09-18,9661
3354,律勝,79,1,78,富邦-新店,2024-09-18,9661
2101,南港,80,3,77,富邦-新店,2024-09-18,9661
2208,台船,70,0,70,富邦-新店,2024-09-18,9661
2303,聯電,201,132,69,富邦-新店,2024-09-18,9661
00688L,國泰20年美債正2,83,15,68,富邦-新店,2024-09-18,9661
2351,順德,60,2,58,富邦-新店,2024-09-18,9661
5905,南仁湖,103,46,57,富邦-新店,2024-09-18,9661
2070,精湛,88,32,56,富邦-新店,2024-09-18,9661
3264,欣銓,150,103,47,富邦-新店,2024-09-18,9661
6438,迅得,55,9,46,富邦-新店,2024-09-18,9661
6546,正基,68,23,45,富邦-新店,2024-09-18,9661
2489,瑞軒,46,1,45,富邦-新店,2024-09-18,9661
00881,國泰台灣5G+,49,5,44,富邦-新店,2024-09-18,9661
00915,凱基優選高股息30,59,17,42,富邦-新店,2024-09-18,9661
5234,達興材料,43,6,37,富邦-新店,2024-09-18,9661
3033,威健,44,9,35,富邦-新店,2024-09-18,9661
00958B,永豐ESG銀行債15,35,0,35,富邦-新店,2024-09-18,9661
3360,尚立,46,11,35,富邦-新店,2024-09-18,9661
00696B,富邦美債20年,34,0,34,富邦-新店,2024-09-18,9661
6603,富強鑫,39,6,33,富邦-新店,2024-09-18,9661
6830,汎銓,41,9,32,富邦-新店,2024-09-18,9661
2382,廣達,34,3,31,富邦-新店,2024-09-18,9661
00764B,群益25年美債,31,0,31,富邦-新店,2024-09-18,9661
6208,日揚,33,2,31,富邦-新店,2024-09-18,9661
00632R,元大台灣50反1,135,108,27,富邦-新店,2024-09-18,9661
3049,精金,31,5,26,富邦-新店,2024-09-18,9661
1326,台化,35,9,26,富邦-新店,2024-09-18,9661
2344,華邦電,32,7,25,富邦-新店,2024-09-18,9661
1721,三晃,27,2,25,富邦-新店,2024-09-18,9661
3289,宜特,26,2,24,富邦-新店,2024-09-18,9661
00632R,元大台灣50反1,1304,253,1051,富邦-新店,2024-09-19,9661
2888,新光金,1077,139,938,富邦-新店,2024-09-19,9661
2317,鴻海,953,35,918,富邦-新店,2024-09-19,9661
1785,光洋科,614,161,453,富邦-新店,2024-09-19,9661
00937B,群益ESG投等債20,461,57,404,富邦-新店,2024-09-19,9661
00687B,國泰20年美債,596,234,362,富邦-新店,2024-09-19,9661
00919,群益台灣精選高息,271,37,234,富邦-新店,2024-09-19,9661
00948B,中信優息投資級債,506,302,204,富邦-新店,2024-09-19,9661
00712,復華富時不動產,136,17,119,富邦-新店,2024-09-19,9661
00929,復華台灣科技優息,164,60,104,富邦-新店,2024-09-19,9661
2891,中信金,165,61,104,富邦-新店,2024-09-19,9661
00679B,元大美債20年,258,159,99,富邦-新店,2024-09-19,9661
2313,華通,94,3,91,富邦-新店,2024-09-19,9661
2382,廣達,107,17,90,富邦-新店,2024-09-19,9661
1101,台泥,101,14,87,富邦-新店,2024-09-19,9661
3605,宏致,96,11,85,富邦-新店,2024-09-19,9661
00915,凱基優選高股息30,85,0,85,富邦-新店,2024-09-19,9661
2062,橋椿,111,34,77,富邦-新店,2024-09-19,9661
00795B,中信美國公債20年,83,10,73,富邦-新店,2024-09-19,9661
3430,奇鈦科,90,18,72,富邦-新店,2024-09-19,9661
3324,雙鴻,80,13,67,富邦-新店,2024-09-19,9661
2836,高雄銀,63,0,63,富邦-新店,2024-09-19,9661
00643,群益深証中小,60,0,60,富邦-新店,2024-09-19,9661
00950B,凱基A級公司債,60,0,60,富邦-新店,2024-09-19,9661
00878,國泰永續高股息,68,17,51,富邦-新店,2024-09-19,9661
00918,大華優利高填息30,49,1,48,富邦-新店,2024-09-19,9661
4729,熒茂,55,10,45,富邦-新店,2024-09-19,9661
00959B,大華投等美債15Y+,45,0,45,富邦-新店,2024-09-19,9661
00900,富邦特選高股息30,44,4,40,富邦-新店,2024-09-19,9661
00958B,永豐ESG銀行債15,40,0,40,富邦-新店,2024-09-19,9661
6530,創威,42,4,38,富邦-新店,2024-09-19,9661
00857B,永豐20年美公債,37,0,37,富邦-新店,2024-09-19,9661
5484,慧友,37,1,36,富邦-新店,2024-09-19,9661
4513,福裕,64,30,34,富邦-新店,2024-09-19,9661
00931B,統一美債20年,36,2,34,富邦-新店,2024-09-19,9661
3062,建漢,103,70,33,富邦-新店,2024-09-19,9661
3305,昇貿,40,8,32,富邦-新店,2024-09-19,9661
2816,旺旺保,32,0,32,富邦-新店,2024-09-19,9661
00706L,期元大S＆P日圓正2,32,0,32,富邦-新店,2024-09-19,9661
8070,長華*,148,118,30,富邦-新店,2024-09-19,9661
4714,永捷,39,9,30,富邦-新店,2024-09-19,9661
2303,聯電,69,39,30,富邦-新店,2024-09-19,9661
3702A,大聯大甲特,30,0,30,富邦-新店,2024-09-19,9661
2897,王道銀行,30,0,30,富邦-新店,2024-09-19,9661
1314,中石化,56,26,30,富邦-新店,2024-09-19,9661
00881,國泰台灣5G+,35,5,30,富邦-新店,2024-09-19,9661
8112,至上,29,1,28,富邦-新店,2024-09-19,9661
3049,精金,177,149,28,富邦-新店,2024-09-19,9661
3645,達邁,31,3,28,富邦-新店,2024-09-19,9661
3363,上詮,42,17,25,富邦-新店,2024-09-19,9661
00637L,元大滬深300正2,526,0,526,富邦-新店,2024-09-20,9661
2317,鴻海,594,169,425,富邦-新店,2024-09-20,9661
00687B,國泰20年美債,485,77,408,富邦-新店,2024-09-20,9661
2303,聯電,564,165,399,富邦-新店,2024-09-20,9661
00632R,元大台灣50反1,781,400,381,富邦-新店,2024-09-20,9661
2888,新光金,440,112,328,富邦-新店,2024-09-20,9661
00679B,元大美債20年,230,56,174,富邦-新店,2024-09-20,9661
3062,建漢,270,107,163,富邦-新店,2024-09-20,9661
1314,中石化,163,9,154,富邦-新店,2024-09-20,9661
00958B,永豐ESG銀行債15,149,0,149,富邦-新店,2024-09-20,9661
3149,正達,150,17,133,富邦-新店,2024-09-20,9661
2101,南港,128,0,128,富邦-新店,2024-09-20,9661
3049,精金,137,34,103,富邦-新店,2024-09-20,9661
1714,和桐,101,0,101,富邦-新店,2024-09-20,9661
1301,台塑,116,19,97,富邦-新店,2024-09-20,9661
3047,訊舟,120,26,94,富邦-新店,2024-09-20,9661
3710,連展投控,85,0,85,富邦-新店,2024-09-20,9661
2501,國建,89,14,75,富邦-新店,2024-09-20,9661
4714,永捷,81,15,66,富邦-新店,2024-09-20,9661
3354,律勝,114,49,65,富邦-新店,2024-09-20,9661
00915,凱基優選高股息30,106,43,63,富邦-新店,2024-09-20,9661
00712,復華富時不動產,114,51,63,富邦-新店,2024-09-20,9661
2867,三商壽,83,22,61,富邦-新店,2024-09-20,9661
2887,台新金,58,2,56,富邦-新店,2024-09-20,9661
2425,承啟,143,88,55,富邦-新店,2024-09-20,9661
5522,遠雄,63,11,52,富邦-新店,2024-09-20,9661
00937B,群益ESG投等債20,94,46,48,富邦-新店,2024-09-20,9661
6186,新潤,50,3,47,富邦-新店,2024-09-20,9661
3303,岱稜,158,113,45,富邦-新店,2024-09-20,9661
5876,上海商銀,50,5,45,富邦-新店,2024-09-20,9661
3033,威健,49,6,43,富邦-新店,2024-09-20,9661
5534,長虹,41,1,40,富邦-新店,2024-09-20,9661
9935,慶豐富,41,2,39,富邦-新店,2024-09-20,9661
00933B,國泰10Y+金融債,45,6,39,富邦-新店,2024-09-20,9661
4306,炎洲,39,0,39,富邦-新店,2024-09-20,9661
4510,高鋒,88,50,38,富邦-新店,2024-09-20,9661
3605,宏致,39,3,36,富邦-新店,2024-09-20,9661
00751B,元大AAA至A公司債,36,1,35,富邦-新店,2024-09-20,9661
6438,迅得,37,2,35,富邦-新店,2024-09-20,9661
1447,力鵬,32,1,31,富邦-新店,2024-09-20,9661
1808,潤隆,32,1,31,富邦-新店,2024-09-20,9661
1785,光洋科,150,120,30,富邦-新店,2024-09-20,9661
2399,映泰,244,213,31,富邦-新店,2024-09-20,9661
4426,利勤,30,0,30,富邦-新店,2024-09-20,9661
4532,瑞智,30,0,30,富邦-新店,2024-09-20,9661
3535,晶彩科,37,8,29,富邦-新店,2024-09-20,9661
8147,正淩,33,5,28,富邦-新店,2024-09-20,9661
3390,旭軟,44,16,28,富邦-新店,2024-09-20,9661
2880,華南金,56,28,28,富邦-新店,2024-09-20,9661
4979,華星光,60,33,27,富邦-新店,2024-09-20,9661
2317,鴻海,1108,51,1057,富邦-新店,2024-09-23,9661
2888,新光金,887,123,764,富邦-新店,2024-09-23,9661
1785,光洋科,607,78,529,富邦-新店,2024-09-23,9661
00919,群益台灣精選高息,363,34,329,富邦-新店,2024-09-23,9661
00687B,國泰20年美債,492,249,243,富邦-新店,2024-09-23,9661
00937B,群益ESG投等債20,563,324,239,富邦-新店,2024-09-23,9661
4979,華星光,246,55,191,富邦-新店,2024-09-23,9661
1711,永光,193,35,158,富邦-新店,2024-09-23,9661
00680L,元大美債20正2,163,28,135,富邦-新店,2024-09-23,9661
3714,富采,137,17,120,富邦-新店,2024-09-23,9661
2464,盟立,157,39,118,富邦-新店,2024-09-23,9661
6156,松上,95,0,95,富邦-新店,2024-09-23,9661
00632R,元大台灣50反1,194,106,88,富邦-新店,2024-09-23,9661
4716,大立,140,65,75,富邦-新店,2024-09-23,9661
4510,高鋒,92,19,73,富邦-新店,2024-09-23,9661
1776,展宇,79,8,71,富邦-新店,2024-09-23,9661
00960,野村全球航運龍頭,73,5,68,富邦-新店,2024-09-23,9661
5534,長虹,63,4,59,富邦-新店,2024-09-23,9661
2845,遠東銀,58,0,58,富邦-新店,2024-09-23,9661
3033,威健,64,8,56,富邦-新店,2024-09-23,9661
8027,鈦昇,85,33,52,富邦-新店,2024-09-23,9661
6405,悅城,56,9,47,富邦-新店,2024-09-23,9661
2204,中華,40,1,39,富邦-新店,2024-09-23,9661
00958B,永豐ESG銀行債15,39,0,39,富邦-新店,2024-09-23,9661
5439,高技,48,11,37,富邦-新店,2024-09-23,9661
00929,復華台灣科技優息,119,82,37,富邦-新店,2024-09-23,9661
3047,訊舟,42,6,36,富邦-新店,2024-09-23,9661
00688L,國泰20年美債正2,40,5,35,富邦-新店,2024-09-23,9661
6177,達麗,38,4,34,富邦-新店,2024-09-23,9661
1709,和益,39,6,33,富邦-新店,2024-09-23,9661
00712,復華富時不動產,42,11,31,富邦-新店,2024-09-23,9661
00948B,中信優息投資級債,54,23,31,富邦-新店,2024-09-23,9661
1721,三晃,119,89,30,富邦-新店,2024-09-23,9661
2101,南港,47,17,30,富邦-新店,2024-09-23,9661
6109,亞元,30,0,30,富邦-新店,2024-09-23,9661
1524,耿鼎,49,23,26,富邦-新店,2024-09-23,9661
6438,迅得,36,10,26,富邦-新店,2024-09-23,9661
3712,永崴投控,46,20,26,富邦-新店,2024-09-23,9661
00918,大華優利高填息30,40,14,26,富邦-新店,2024-09-23,9661
6114,久威,26,1,25,富邦-新店,2024-09-23,9661
5522,遠雄,30,5,25,富邦-新店,2024-09-23,9661
0056,元大高股息,35,11,24,富邦-新店,2024-09-23,9661
3062,建漢,40,16,24,富邦-新店,2024-09-23,9661
6186,新潤,43,20,23,富邦-新店,2024-09-23,9661
2409,友達,35,14,21,富邦-新店,2024-09-23,9661
3511,矽瑪,23,2,21,富邦-新店,2024-09-23,9661
6244,茂迪,20,0,20,富邦-新店,2024-09-23,9661
2351,順德,22,3,19,富邦-新店,2024-09-23,9661
5236,凌陽創新,23,4,19,富邦-新店,2024-09-23,9661
2399,映泰,133,115,18,富邦-新店,2024-09-23,9661
2399,映泰,1082,256,826,富邦-新店,2024-09-24,9661
2317,鴻海,825,75,750,富邦-新店,2024-09-24,9661
00937B,群益ESG投等債20,323,35,288,富邦-新店,2024-09-24,9661
00680L,元大美債20正2,254,0,254,富邦-新店,2024-09-24,9661
00637L,元大滬深300正2,405,242,163,富邦-新店,2024-09-24,9661
00687B,國泰20年美債,341,210,131,富邦-新店,2024-09-24,9661
00952,凱基台灣AI50,124,5,119,富邦-新店,2024-09-24,9661
00929,復華台灣科技優息,148,38,110,富邦-新店,2024-09-24,9661
00902,中信電池及儲能,100,0,100,富邦-新店,2024-09-24,9661
2303,聯電,123,35,88,富邦-新店,2024-09-24,9661
2606,裕民,88,6,82,富邦-新店,2024-09-24,9661
3714,富采,70,1,69,富邦-新店,2024-09-24,9661
1810,和成,240,172,68,富邦-新店,2024-09-24,9661
00679B,元大美債20年,72,9,63,富邦-新店,2024-09-24,9661
6186,新潤,105,49,56,富邦-新店,2024-09-24,9661
3003,健和興,55,0,55,富邦-新店,2024-09-24,9661
2516,新建,50,0,50,富邦-新店,2024-09-24,9661
2497,怡利電,65,16,49,富邦-新店,2024-09-24,9661
00900,富邦特選高股息30,50,3,47,富邦-新店,2024-09-24,9661
8927,北基,42,1,41,富邦-新店,2024-09-24,9661
00950B,凱基A級公司債,40,0,40,富邦-新店,2024-09-24,9661
6438,迅得,38,0,38,富邦-新店,2024-09-24,9661
6548,長科*,42,6,36,富邦-新店,2024-09-24,9661
00688L,國泰20年美債正2,35,0,35,富邦-新店,2024-09-24,9661
00795B,中信美國公債20年,29,0,29,富邦-新店,2024-09-24,9661
2897,王道銀行,30,1,29,富邦-新店,2024-09-24,9661
8421,旭源,31,3,28,富邦-新店,2024-09-24,9661
3715,定穎投控,120,94,26,富邦-新店,2024-09-24,9661
8027,鈦昇,34,8,26,富邦-新店,2024-09-24,9661
3037,欣興,33,8,25,富邦-新店,2024-09-24,9661
1584,精剛,80,56,24,富邦-新店,2024-09-24,9661
2891,中信金,64,40,24,富邦-新店,2024-09-24,9661
3149,正達,122,99,23,富邦-新店,2024-09-24,9661
3537,堡達,34,11,23,富邦-新店,2024-09-24,9661
3036,文曄,23,0,23,富邦-新店,2024-09-24,9661
4714,永捷,24,1,23,富邦-新店,2024-09-24,9661
2890,永豐金,27,4,23,富邦-新店,2024-09-24,9661
0056,元大高股息,41,18,23,富邦-新店,2024-09-24,9661
2425,承啟,43,22,21,富邦-新店,2024-09-24,9661
4532,瑞智,20,0,20,富邦-新店,2024-09-24,9661
4979,華星光,42,22,20,富邦-新店,2024-09-24,9661
8033,雷虎,32,12,20,富邦-新店,2024-09-24,9661
3548,兆利,24,4,20,富邦-新店,2024-09-24,9661
1536,和大,24,5,19,富邦-新店,2024-09-24,9661
3019,亞光,25,7,18,富邦-新店,2024-09-24,9661
2504,國產,189,172,17,富邦-新店,2024-09-24,9661
2801,彰銀,16,0,16,富邦-新店,2024-09-24,9661
2344,華邦電,26,10,16,富邦-新店,2024-09-24,9661
00632R,元大台灣50反1,67,51,16,富邦-新店,2024-09-24,9661
00943,兆豐電子高息等權,16,0,16,富邦-新店,2024-09-24,9661
5871,中租-KY,618,56,562,富邦-新店,2024-09-25,9661
00680L,元大美債20正2,406,117,289,富邦-新店,2024-09-25,9661
2109,華豐,215,13,202,富邦-新店,2024-09-25,9661
3550,聯穎,200,58,142,富邦-新店,2024-09-25,9661
2362,藍天,151,18,133,富邦-新店,2024-09-25,9661
2543,皇昌,130,18,112,富邦-新店,2024-09-25,9661
2425,承啟,115,21,94,富邦-新店,2024-09-25,9661
6215,和椿,94,12,82,富邦-新店,2024-09-25,9661
3062,建漢,102,23,79,富邦-新店,2024-09-25,9661
00708L,期元大S＆P黃金正2,77,0,77,富邦-新店,2024-09-25,9661
00679B,元大美債20年,157,87,70,富邦-新店,2024-09-25,9661
5603,陸海,68,0,68,富邦-新店,2024-09-25,9661
2002,中鋼,119,57,62,富邦-新店,2024-09-25,9661
3481,群創,78,17,61,富邦-新店,2024-09-25,9661
9938,百和,67,9,58,富邦-新店,2024-09-25,9661
2495,普安,72,18,54,富邦-新店,2024-09-25,9661
2605,新興,111,57,54,富邦-新店,2024-09-25,9661
8927,北基,50,1,49,富邦-新店,2024-09-25,9661
6188,廣明,94,46,48,富邦-新店,2024-09-25,9661
00633L,富邦上証正2,77,30,47,富邦-新店,2024-09-25,9661
3149,正達,109,62,47,富邦-新店,2024-09-25,9661
2354,鴻準,59,16,43,富邦-新店,2024-09-25,9661
2516,新建,42,0,42,富邦-新店,2024-09-25,9661
5534,長虹,41,0,41,富邦-新店,2024-09-25,9661
5608,四維航,44,3,41,富邦-新店,2024-09-25,9661
00676R,富邦臺灣加權反1,65,25,40,富邦-新店,2024-09-25,9661
2497,怡利電,84,51,33,富邦-新店,2024-09-25,9661
6109,亞元,33,1,32,富邦-新店,2024-09-25,9661
00752,中信中國50,32,2,30,富邦-新店,2024-09-25,9661
00950B,凱基A級公司債,30,0,30,富邦-新店,2024-09-25,9661
00960,野村全球航運龍頭,389,359,30,富邦-新店,2024-09-25,9661
00687B,國泰20年美債,211,182,29,富邦-新店,2024-09-25,9661
4909,新復興,72,43,29,富邦-新店,2024-09-25,9661
6216,居易,31,2,29,富邦-新店,2024-09-25,9661
6546,正基,41,13,28,富邦-新店,2024-09-25,9661
2890,永豐金,27,1,26,富邦-新店,2024-09-25,9661
00929,復華台灣科技優息,100,74,26,富邦-新店,2024-09-25,9661
2905,三商,28,3,25,富邦-新店,2024-09-25,9661
00933B,國泰10Y+金融債,30,6,24,富邦-新店,2024-09-25,9661
3045,台灣大,23,0,23,富邦-新店,2024-09-25,9661
2303,聯電,128,105,23,富邦-新店,2024-09-25,9661
4576,大銀微系統,26,4,22,富邦-新店,2024-09-25,9661
3492,長盛,26,4,22,富邦-新店,2024-09-25,9661
00931B,統一美債20年,27,5,22,富邦-新店,2024-09-25,9661
3673,TPK-KY,34,12,22,富邦-新店,2024-09-25,9661
1785,光洋科,56,35,21,富邦-新店,2024-09-25,9661
9935,慶豐富,21,0,21,富邦-新店,2024-09-25,9661
00893,國泰智能電動車,21,0,21,富邦-新店,2024-09-25,9661
4137,麗豐-KY,20,0,20,富邦-新店,2024-09-25,9661
3221,台嘉碩,20,0,20,富邦-新店,2024-09-25,9661
00948B,中信優息投資級債,914,79,835,富邦-新店,2024-09-26,9661
2312,金寶,508,49,459,富邦-新店,2024-09-26,9661
00772B,中信高評級公司債,206,1,205,富邦-新店,2024-09-26,9661
00676R,富邦臺灣加權反1,201,0,201,富邦-新店,2024-09-26,9661
00632R,元大台灣50反1,190,11,179,富邦-新店,2024-09-26,9661
00687B,國泰20年美債,255,82,173,富邦-新店,2024-09-26,9661
6239,力成,165,3,162,富邦-新店,2024-09-26,9661
00712,復華富時不動產,159,2,157,富邦-新店,2024-09-26,9661
00715L,期街口布蘭特正2,150,5,145,富邦-新店,2024-09-26,9661
3019,亞光,174,29,145,富邦-新店,2024-09-26,9661
3443,創意,133,7,126,富邦-新店,2024-09-26,9661
00679B,元大美債20年,249,129,120,富邦-新店,2024-09-26,9661
00960,野村全球航運龍頭,1583,1467,116,富邦-新店,2024-09-26,9661
00650L,復華香港正2,126,10,116,富邦-新店,2024-09-26,9661
4532,瑞智,109,1,108,富邦-新店,2024-09-26,9661
2905,三商,739,633,106,富邦-新店,2024-09-26,9661
2609,陽明,353,248,105,富邦-新店,2024-09-26,9661
3324,雙鴻,227,125,102,富邦-新店,2024-09-26,9661
8112,至上,104,6,98,富邦-新店,2024-09-26,9661
3213,茂訊,91,5,86,富邦-新店,2024-09-26,9661
00720B,元大投資級公司債,84,1,83,富邦-新店,2024-09-26,9661
2323,中環,90,20,70,富邦-新店,2024-09-26,9661
4729,熒茂,75,7,68,富邦-新店,2024-09-26,9661
1717,長興,75,12,63,富邦-新店,2024-09-26,9661
2002,中鋼,65,5,60,富邦-新店,2024-09-26,9661
1540,喬福,95,35,60,富邦-新店,2024-09-26,9661
1314,中石化,60,7,53,富邦-新店,2024-09-26,9661
3037,欣興,72,23,49,富邦-新店,2024-09-26,9661
00753L,中信中國50正2,133,86,47,富邦-新店,2024-09-26,9661
2486,一詮,81,35,46,富邦-新店,2024-09-26,9661
00633L,富邦上証正2,47,1,46,富邦-新店,2024-09-26,9661
00857B,永豐20年美公債,46,1,45,富邦-新店,2024-09-26,9661
4510,高鋒,91,48,43,富邦-新店,2024-09-26,9661
3605,宏致,76,34,42,富邦-新店,2024-09-26,9661
9938,百和,43,1,42,富邦-新店,2024-09-26,9661
3576,聯合再生,51,10,41,富邦-新店,2024-09-26,9661
00688L,國泰20年美債正2,58,17,41,富邦-新店,2024-09-26,9661
3013,晟銘電,108,68,40,富邦-新店,2024-09-26,9661
2891,中信金,129,89,40,富邦-新店,2024-09-26,9661
2605,新興,96,57,39,富邦-新店,2024-09-26,9661
3715,定穎投控,57,22,35,富邦-新店,2024-09-26,9661
00945B,凱基美國非投等債,31,0,31,富邦-新店,2024-09-26,9661
00931B,統一美債20年,37,7,30,富邦-新店,2024-09-26,9661
1586,和勤,30,0,30,富邦-新店,2024-09-26,9661
2897,王道銀行,30,0,30,富邦-新店,2024-09-26,9661
6153,嘉聯益,30,1,29,富邦-新店,2024-09-26,9661
5302,太欣,30,1,29,富邦-新店,2024-09-26,9661
00891,中信關鍵半導體,36,8,28,富邦-新店,2024-09-26,9661
2915,潤泰全,28,0,28,富邦-新店,2024-09-26,9661
2426,鼎元,27,0,27,富邦-新店,2024-09-26,9661
1802,台玻,4187,15,4172,富邦-新店,2024-09-27,9661
2014,中鴻,2015,148,1867,富邦-新店,2024-09-27,9661
2027,大成鋼,908,90,818,富邦-新店,2024-09-27,9661
2347,聯強,660,2,658,富邦-新店,2024-09-27,9661
00902,中信電池及儲能,401,10,391,富邦-新店,2024-09-27,9661
00680L,元大美債20正2,358,15,343,富邦-新店,2024-09-27,9661
00948B,中信優息投資級債,323,5,318,富邦-新店,2024-09-27,9661
00655L,國泰中國A50正2,254,18,236,富邦-新店,2024-09-27,9661
9907,統一實,250,14,236,富邦-新店,2024-09-27,9661
3450,聯鈞,266,39,227,富邦-新店,2024-09-27,9661
00937B,群益ESG投等債20,374,181,193,富邦-新店,2024-09-27,9661
2891,中信金,208,29,179,富邦-新店,2024-09-27,9661
00687B,國泰20年美債,228,55,173,富邦-新店,2024-09-27,9661
5871,中租-KY,273,106,167,富邦-新店,2024-09-27,9661
1909,榮成,162,2,160,富邦-新店,2024-09-27,9661
1702,南僑,151,2,149,富邦-新店,2024-09-27,9661
00960,野村全球航運龍頭,410,269,141,富邦-新店,2024-09-27,9661
2888,新光金,178,40,138,富邦-新店,2024-09-27,9661
00715L,期街口布蘭特正2,140,7,133,富邦-新店,2024-09-27,9661
00679B,元大美債20年,163,47,116,富邦-新店,2024-09-27,9661
2801,彰銀,113,30,83,富邦-新店,2024-09-27,9661
00720B,元大投資級公司債,94,16,78,富邦-新店,2024-09-27,9661
3023,信邦,69,0,69,富邦-新店,2024-09-27,9661
3019,亞光,89,30,59,富邦-新店,2024-09-27,9661
2543,皇昌,67,16,51,富邦-新店,2024-09-27,9661
2105,正新,57,7,50,富邦-新店,2024-09-27,9661
1210,大成,52,2,50,富邦-新店,2024-09-27,9661
6109,亞元,48,0,48,富邦-新店,2024-09-27,9661
1906,寶隆,45,0,45,富邦-新店,2024-09-27,9661
3041,揚智,46,4,42,富邦-新店,2024-09-27,9661
2399,映泰,62,21,41,富邦-新店,2024-09-27,9661
00636,國泰中國A50,40,0,40,富邦-新店,2024-09-27,9661
6530,創威,305,268,37,富邦-新店,2024-09-27,9661
4979,華星光,79,42,37,富邦-新店,2024-09-27,9661
6438,迅得,38,2,36,富邦-新店,2024-09-27,9661
4938,和碩,36,1,35,富邦-新店,2024-09-27,9661
00772B,中信高評級公司債,33,2,31,富邦-新店,2024-09-27,9661
2613,中櫃,51,20,31,富邦-新店,2024-09-27,9661
2886,兆豐金,34,5,29,富邦-新店,2024-09-27,9661
2338,光罩,30,2,28,富邦-新店,2024-09-27,9661
00958B,永豐ESG銀行債15,28,0,28,富邦-新店,2024-09-27,9661
9935,慶豐富,30,3,27,富邦-新店,2024-09-27,9661
00676R,富邦臺灣加權反1,46,20,26,富邦-新店,2024-09-27,9661
8249,菱光,33,7,26,富邦-新店,2024-09-27,9661
00632R,元大台灣50反1,179,153,26,富邦-新店,2024-09-27,9661
2023,燁輝,34,8,26,富邦-新店,2024-09-27,9661
00943,兆豐電子高息等權,25,0,25,富邦-新店,2024-09-27,9661
2727,王品,25,0,25,富邦-新店,2024-09-27,9661
2723,美食-KY,31,6,25,富邦-新店,2024-09-27,9661
00945B,凱基美國非投等債,24,0,24,富邦-新店,2024-09-27,9661
2347,聯強,843,3,840,富邦-新店,2024-09-30,9661
2105,正新,735,9,726,富邦-新店,2024-09-30,9661
00948B,中信優息投資級債,726,18,708,富邦-新店,2024-09-30,9661
00882,中信中國高股息,897,331,566,富邦-新店,2024-09-30,9661
2014,中鴻,628,93,535,富邦-新店,2024-09-30,9661
00919,群益台灣精選高息,537,53,484,富邦-新店,2024-09-30,9661
1802,台玻,883,415,468,富邦-新店,2024-09-30,9661
1102,亞泥,361,40,321,富邦-新店,2024-09-30,9661
00929,復華台灣科技優息,329,34,295,富邦-新店,2024-09-30,9661
00680L,元大美債20正2,306,17,289,富邦-新店,2024-09-30,9661
5871,中租-KY,230,20,210,富邦-新店,2024-09-30,9661
1605,華新,439,237,202,富邦-新店,2024-09-30,9661
1810,和成,411,225,186,富邦-新店,2024-09-30,9661
1909,榮成,184,32,152,富邦-新店,2024-09-30,9661
2610,華航,149,7,142,富邦-新店,2024-09-30,9661
2330,台積電,163,34,129,富邦-新店,2024-09-30,9661
2609,陽明,221,96,125,富邦-新店,2024-09-30,9661
00679B,元大美債20年,147,35,112,富邦-新店,2024-09-30,9661
6446,藥華藥,98,3,95,富邦-新店,2024-09-30,9661
0056,元大高股息,114,21,93,富邦-新店,2024-09-30,9661
00665L,富邦�琤肭磪囓�2,101,13,88,富邦-新店,2024-09-30,9661
00915,凱基優選高股息30,89,15,74,富邦-新店,2024-09-30,9661
00752,中信中國50,90,17,73,富邦-新店,2024-09-30,9661
00940,元大台灣價值高息,97,27,70,富邦-新店,2024-09-30,9661
00712,復華富時不動產,93,27,66,富邦-新店,2024-09-30,9661
00650L,復華香港正2,139,75,64,富邦-新店,2024-09-30,9661
1714,和桐,101,40,61,富邦-新店,2024-09-30,9661
2605,新興,156,96,60,富邦-新店,2024-09-30,9661
006208,富邦台50,86,27,59,富邦-新店,2024-09-30,9661
1708,東鹼,57,2,55,富邦-新店,2024-09-30,9661
2409,友達,55,2,53,富邦-新店,2024-09-30,9661
1307,三芳,52,2,50,富邦-新店,2024-09-30,9661
2641,正德,86,36,50,富邦-新店,2024-09-30,9661
0050,元大台灣50,54,5,49,富邦-新店,2024-09-30,9661
6244,茂迪,66,18,48,富邦-新店,2024-09-30,9661
2543,皇昌,57,9,48,富邦-新店,2024-09-30,9661
00655L,國泰中國A50正2,56,9,47,富邦-新店,2024-09-30,9661
00960,野村全球航運龍頭,70,26,44,富邦-新店,2024-09-30,9661
8249,菱光,43,0,43,富邦-新店,2024-09-30,9661
1513,中興電,53,10,43,富邦-新店,2024-09-30,9661
00891,中信關鍵半導體,43,0,43,富邦-新店,2024-09-30,9661
00753L,中信中國50正2,300,258,42,富邦-新店,2024-09-30,9661
6838,台新藥,46,4,42,富邦-新店,2024-09-30,9661
3231,緯創,45,5,40,富邦-新店,2024-09-30,9661
2449,京元電子,40,2,38,富邦-新店,2024-09-30,9661
2208,台船,50,14,36,富邦-新店,2024-09-30,9661
00887,永豐中國科技50大,37,1,36,富邦-新店,2024-09-30,9661
00936,台新永續高息中小,35,1,34,富邦-新店,2024-09-30,9661
1595,川寶,32,1,31,富邦-新店,2024-09-30,9661
1301,台塑,52,22,30,富邦-新店,2024-09-30,9661
4542,科嶠,332,14,318,富邦-新店,2024-10-01,9661
2888,新光金,401,143,258,富邦-新店,2024-10-01,9661
00929,復華台灣科技優息,217,29,188,富邦-新店,2024-10-01,9661
5871,中租-KY,217,37,180,富邦-新店,2024-10-01,9661
0056,元大高股息,185,16,169,富邦-新店,2024-10-01,9661
00687B,國泰20年美債,137,7,130,富邦-新店,2024-10-01,9661
00753L,中信中國50正2,158,40,118,富邦-新店,2024-10-01,9661
00878,國泰永續高股息,139,27,112,富邦-新店,2024-10-01,9661
00680L,元大美債20正2,116,10,106,富邦-新店,2024-10-01,9661
2347,聯強,109,5,104,富邦-新店,2024-10-01,9661
3189,景碩,110,7,103,富邦-新店,2024-10-01,9661
00887,永豐中國科技50大,103,2,101,富邦-新店,2024-10-01,9661
00919,群益台灣精選高息,96,4,92,富邦-新店,2024-10-01,9661
00940,元大台灣價值高息,111,36,75,富邦-新店,2024-10-01,9661
5351,鈺創,72,5,67,富邦-新店,2024-10-01,9661
2002,中鋼,96,33,63,富邦-新店,2024-10-01,9661
2801,彰銀,59,0,59,富邦-新店,2024-10-01,9661
00943,兆豐電子高息等權,56,0,56,富邦-新店,2024-10-01,9661
2855,統一證,55,0,55,富邦-新店,2024-10-01,9661
4971,IET-KY,63,14,49,富邦-新店,2024-10-01,9661
6118,建達,50,1,49,富邦-新店,2024-10-01,9661
00639,富邦深100,48,0,48,富邦-新店,2024-10-01,9661
00713,元大台灣高息低波,52,4,48,富邦-新店,2024-10-01,9661
00679B,元大美債20年,62,18,44,富邦-新店,2024-10-01,9661
1727,中華化,46,2,44,富邦-新店,2024-10-01,9661
00922,國泰台灣領袖50,45,2,43,富邦-新店,2024-10-01,9661
2892,第一金,41,0,41,富邦-新店,2024-10-01,9661
00915,凱基優選高股息30,56,15,41,富邦-新店,2024-10-01,9661
6770,力積電,51,11,40,富邦-新店,2024-10-01,9661
3481,群創,55,18,37,富邦-新店,2024-10-01,9661
2601,益航,53,16,37,富邦-新店,2024-10-01,9661
2317,鴻海,61,26,35,富邦-新店,2024-10-01,9661
00633L,富邦上証正2,51,18,33,富邦-新店,2024-10-01,9661
00948B,中信優息投資級債,36,4,32,富邦-新店,2024-10-01,9661
00665L,富邦�琤肭磪囓�2,42,10,32,富邦-新店,2024-10-01,9661
3023,信邦,32,0,32,富邦-新店,2024-10-01,9661
3036,文曄,32,0,32,富邦-新店,2024-10-01,9661
6136,富爾特,31,0,31,富邦-新店,2024-10-01,9661
4974,亞泰,37,6,31,富邦-新店,2024-10-01,9661
3033,威健,31,0,31,富邦-新店,2024-10-01,9661
2402,毅嘉,40,10,30,富邦-新店,2024-10-01,9661
1303,南亞,37,8,29,富邦-新店,2024-10-01,9661
2014,中鴻,60,33,27,富邦-新店,2024-10-01,9661
2615,萬海,82,55,27,富邦-新店,2024-10-01,9661
00752,中信中國50,28,2,26,富邦-新店,2024-10-01,9661
2890,永豐金,26,0,26,富邦-新店,2024-10-01,9661
6505,台塑化,26,1,25,富邦-新店,2024-10-01,9661
6742,澤米,27,2,25,富邦-新店,2024-10-01,9661
2867,三商壽,26,2,24,富邦-新店,2024-10-01,9661
00933B,國泰10Y+金融債,25,1,24,富邦-新店,2024-10-01,9661
6505,台塑化,1026,7,1019,富邦-新店,2024-10-04,9661
00632R,元大台灣50反1,799,0,799,富邦-新店,2024-10-04,9661
2105,正新,552,18,534,富邦-新店,2024-10-04,9661
1301,台塑,473,11,462,富邦-新店,2024-10-04,9661
00919,群益台灣精選高息,596,140,456,富邦-新店,2024-10-04,9661
0056,元大高股息,382,6,376,富邦-新店,2024-10-04,9661
00931B,統一美債20年,213,3,210,富邦-新店,2024-10-04,9661
00665L,富邦�琤肭磪囓�2,298,89,209,富邦-新店,2024-10-04,9661
2610,華航,206,1,205,富邦-新店,2024-10-04,9661
2887,台新金,197,3,194,富邦-新店,2024-10-04,9661
2603,長榮,236,42,194,富邦-新店,2024-10-04,9661
1909,榮成,168,6,162,富邦-新店,2024-10-04,9661
2618,長榮航,177,22,155,富邦-新店,2024-10-04,9661
00679B,元大美債20年,160,7,153,富邦-新店,2024-10-04,9661
9907,統一實,159,10,149,富邦-新店,2024-10-04,9661
00937B,群益ESG投等債20,178,32,146,富邦-新店,2024-10-04,9661
00680L,元大美債20正2,171,38,133,富邦-新店,2024-10-04,9661
2609,陽明,152,24,128,富邦-新店,2024-10-04,9661
00878,國泰永續高股息,154,27,127,富邦-新店,2024-10-04,9661
2303,聯電,124,5,119,富邦-新店,2024-10-04,9661
5871,中租-KY,133,18,115,富邦-新店,2024-10-04,9661
2615,萬海,153,40,113,富邦-新店,2024-10-04,9661
00712,復華富時不動產,117,16,101,富邦-新店,2024-10-04,9661
00922,國泰台灣領袖50,97,0,97,富邦-新店,2024-10-04,9661
4930,燦星網,98,2,96,富邦-新店,2024-10-04,9661
2014,中鴻,122,29,93,富邦-新店,2024-10-04,9661
2891,中信金,124,32,92,富邦-新店,2024-10-04,9661
1815,富喬,96,7,89,富邦-新店,2024-10-04,9661
00918,大華優利高填息30,79,2,77,富邦-新店,2024-10-04,9661
00905,FT臺灣Smart,95,19,76,富邦-新店,2024-10-04,9661
1802,台玻,126,53,73,富邦-新店,2024-10-04,9661
3037,欣興,77,6,71,富邦-新店,2024-10-04,9661
00639,富邦深100,123,56,67,富邦-新店,2024-10-04,9661
1605,華新,60,3,57,富邦-新店,2024-10-04,9661
00915,凱基優選高股息30,61,4,57,富邦-新店,2024-10-04,9661
2382,廣達,70,14,56,富邦-新店,2024-10-04,9661
6118,建達,53,4,49,富邦-新店,2024-10-04,9661
00751B,元大AAA至A公司債,46,0,46,富邦-新店,2024-10-04,9661
2834,臺企銀,45,0,45,富邦-新店,2024-10-04,9661
2915,潤泰全,44,1,43,富邦-新店,2024-10-04,9661
4303,信立,48,5,43,富邦-新店,2024-10-04,9661
4532,瑞智,101,59,42,富邦-新店,2024-10-04,9661
2308,台達電,41,0,41,富邦-新店,2024-10-04,9661
2890,永豐金,45,5,40,富邦-新店,2024-10-04,9661
00946,群益科技高息成長,47,9,38,富邦-新店,2024-10-04,9661
4971,IET-KY,38,2,36,富邦-新店,2024-10-04,9661
2362,藍天,45,10,35,富邦-新店,2024-10-04,9661
00673R,期元大S＆P原油反1,35,0,35,富邦-新店,2024-10-04,9661
3581,博磊,30,0,30,富邦-新店,2024-10-04,9661
2353,宏��,37,9,28,富邦-新店,2024-10-04,9661
5871,中租-KY,423,21,402,富邦-新店,2024-10-07,9661
2014,中鴻,238,16,222,富邦-新店,2024-10-07,9661
0056,元大高股息,226,24,202,富邦-新店,2024-10-07,9661
2347,聯強,191,0,191,富邦-新店,2024-10-07,9661
00637L,元大滬深300正2,887,696,191,富邦-新店,2024-10-07,9661
00887,永豐中國科技50大,279,98,181,富邦-新店,2024-10-07,9661
0061,元大寶滬深,213,41,172,富邦-新店,2024-10-07,9661
2105,正新,185,30,155,富邦-新店,2024-10-07,9661
00632R,元大台灣50反1,147,5,142,富邦-新店,2024-10-07,9661
00725B,國泰投資級公司債,137,2,135,富邦-新店,2024-10-07,9661
00902,中信電池及儲能,131,23,108,富邦-新店,2024-10-07,9661
3189,景碩,113,12,101,富邦-新店,2024-10-07,9661
00688L,國泰20年美債正2,137,39,98,富邦-新店,2024-10-07,9661
00636,國泰中國A50,117,20,97,富邦-新店,2024-10-07,9661
00639,富邦深100,169,72,97,富邦-新店,2024-10-07,9661
00680L,元大美債20正2,221,129,92,富邦-新店,2024-10-07,9661
1806,冠軍,76,1,75,富邦-新店,2024-10-07,9661
00665L,富邦�琤肭磪囓�2,119,50,69,富邦-新店,2024-10-07,9661
00945B,凱基美國非投等債,67,0,67,富邦-新店,2024-10-07,9661
00687B,國泰20年美債,119,53,66,富邦-新店,2024-10-07,9661
2316,楠梓電,90,29,61,富邦-新店,2024-10-07,9661
00753L,中信中國50正2,421,363,58,富邦-新店,2024-10-07,9661
00633L,富邦上証正2,86,29,57,富邦-新店,2024-10-07,9661
2493,揚博,61,5,56,富邦-新店,2024-10-07,9661
2609,陽明,107,52,55,富邦-新店,2024-10-07,9661
2929,淘帝-KY,52,0,52,富邦-新店,2024-10-07,9661
2356,英業達,70,19,51,富邦-新店,2024-10-07,9661
1721,三晃,74,25,49,富邦-新店,2024-10-07,9661
5603,陸海,51,3,48,富邦-新店,2024-10-07,9661
2603,長榮,56,9,47,富邦-新店,2024-10-07,9661
2495,普安,125,80,45,富邦-新店,2024-10-07,9661
2369,菱生,44,0,44,富邦-新店,2024-10-07,9661
3591,艾笛森,62,19,43,富邦-新店,2024-10-07,9661
00932,兆豐永續高息等權,43,1,42,富邦-新店,2024-10-07,9661
2887E,台新戊特,40,0,40,富邦-新店,2024-10-07,9661
2354,鴻準,41,2,39,富邦-新店,2024-10-07,9661
2486,一詮,93,55,38,富邦-新店,2024-10-07,9661
8111,立��,132,95,37,富邦-新店,2024-10-07,9661
00752,中信中國50,144,107,37,富邦-新店,2024-10-07,9661
5905,南仁湖,37,1,36,富邦-新店,2024-10-07,9661
2615,萬海,125,90,35,富邦-新店,2024-10-07,9661
00795B,中信美國公債20年,38,4,34,富邦-新店,2024-10-07,9661
1102,亞泥,41,10,31,富邦-新店,2024-10-07,9661
2543,皇昌,51,20,31,富邦-新店,2024-10-07,9661
00937B,群益ESG投等債20,48,18,30,富邦-新店,2024-10-07,9661
1301,台塑,47,16,31,富邦-新店,2024-10-07,9661
1799,易威,29,0,29,富邦-新店,2024-10-07,9661
2497,怡利電,50,23,27,富邦-新店,2024-10-07,9661
3622,洋華,30,5,25,富邦-新店,2024-10-07,9661
2892,第一金,26,2,24,富邦-新店,2024-10-07,9661
5603,陸海,758,68,690,富邦-新店,2024-10-08,9661
00948B,中信優息投資級債,389,0,389,富邦-新店,2024-10-08,9661
0056,元大高股息,312,17,295,富邦-新店,2024-10-08,9661
00753L,中信中國50正2,735,490,245,富邦-新店,2024-10-08,9661
00937B,群益ESG投等債20,317,114,203,富邦-新店,2024-10-08,9661
00878,國泰永續高股息,228,30,198,富邦-新店,2024-10-08,9661
1102,亞泥,258,97,161,富邦-新店,2024-10-08,9661
00673R,期元大S＆P原油反1,155,10,145,富邦-新店,2024-10-08,9661
00922,國泰台灣領袖50,140,2,138,富邦-新店,2024-10-08,9661
00940,元大台灣價值高息,147,12,135,富邦-新店,2024-10-08,9661
1314,中石化,172,39,133,富邦-新店,2024-10-08,9661
3049,精金,184,51,133,富邦-新店,2024-10-08,9661
00687B,國泰20年美債,169,40,129,富邦-新店,2024-10-08,9661
00679B,元大美債20年,177,64,113,富邦-新店,2024-10-08,9661
00919,群益台灣精選高息,206,102,104,富邦-新店,2024-10-08,9661
00946,群益科技高息成長,104,1,103,富邦-新店,2024-10-08,9661
00712,復華富時不動產,85,0,85,富邦-新店,2024-10-08,9661
1809,中釉,107,23,84,富邦-新店,2024-10-08,9661
0061,元大寶滬深,180,99,81,富邦-新店,2024-10-08,9661
00680L,元大美債20正2,122,45,77,富邦-新店,2024-10-08,9661
00637L,元大滬深300正2,1265,1190,75,富邦-新店,2024-10-08,9661
1301,台塑,108,35,73,富邦-新店,2024-10-08,9661
6405,悅城,75,2,73,富邦-新店,2024-10-08,9661
00885,富邦越南,66,0,66,富邦-新店,2024-10-08,9661
3591,艾笛森,67,8,59,富邦-新店,2024-10-08,9661
2855,統一證,61,5,56,富邦-新店,2024-10-08,9661
00943,兆豐電子高息等權,65,11,54,富邦-新店,2024-10-08,9661
6237,驊訊,56,2,54,富邦-新店,2024-10-08,9661
4903,聯光通,110,59,51,富邦-新店,2024-10-08,9661
00902,中信電池及儲能,69,20,49,富邦-新店,2024-10-08,9661
3037,欣興,52,4,48,富邦-新店,2024-10-08,9661
2317,鴻海,121,73,48,富邦-新店,2024-10-08,9661
00720B,元大投資級公司債,67,21,46,富邦-新店,2024-10-08,9661
3305,昇貿,43,0,43,富邦-新店,2024-10-08,9661
2880,華南金,60,20,40,富邦-新店,2024-10-08,9661
5443,均豪,81,41,40,富邦-新店,2024-10-08,9661
00700,富邦�琤肭磪�,43,3,40,富邦-新店,2024-10-08,9661
2412,中華電,39,2,37,富邦-新店,2024-10-08,9661
2425,承啟,56,20,36,富邦-新店,2024-10-08,9661
00688L,國泰20年美債正2,44,10,34,富邦-新店,2024-10-08,9661
00933B,國泰10Y+金融債,34,0,34,富邦-新店,2024-10-08,9661
5425,台半,33,0,33,富邦-新店,2024-10-08,9661
2486,一詮,75,42,33,富邦-新店,2024-10-08,9661
6207,雷科,97,66,31,富邦-新店,2024-10-08,9661
8111,立��,80,50,30,富邦-新店,2024-10-08,9661
2365,昆盈,31,1,30,富邦-新店,2024-10-08,9661
6757,台灣虎航,30,0,30,富邦-新店,2024-10-08,9661
3481,群創,43,13,30,富邦-新店,2024-10-08,9661
2353,宏��,73,44,29,富邦-新店,2024-10-08,9661
00945B,凱基美國非投等債,29,0,29,富邦-新店,2024-10-08,9661
00634R,富邦上証反1,706,81,625,富邦-新店,2024-10-09,9661
3037,欣興,645,52,593,富邦-新店,2024-10-09,9661
2363,矽統,445,204,241,富邦-新店,2024-10-09,9661
00937B,群益ESG投等債20,196,21,175,富邦-新店,2024-10-09,9661
2890,永豐金,159,0,159,富邦-新店,2024-10-09,9661
00753L,中信中國50正2,888,749,139,富邦-新店,2024-10-09,9661
0056,元大高股息,146,25,121,富邦-新店,2024-10-09,9661
2888,新光金,146,27,119,富邦-新店,2024-10-09,9661
00680L,元大美債20正2,109,0,109,富邦-新店,2024-10-09,9661
2601,益航,130,22,108,富邦-新店,2024-10-09,9661
00665L,富邦�琤肭磪囓�2,135,32,103,富邦-新店,2024-10-09,9661
00795B,中信美國公債20年,99,0,99,富邦-新店,2024-10-09,9661
1314,中石化,126,37,89,富邦-新店,2024-10-09,9661
2402,毅嘉,117,32,85,富邦-新店,2024-10-09,9661
1815,富喬,98,15,83,富邦-新店,2024-10-09,9661
1301,台塑,92,18,74,富邦-新店,2024-10-09,9661
00632R,元大台灣50反1,89,15,74,富邦-新店,2024-10-09,9661
00948B,中信優息投資級債,74,0,74,富邦-新店,2024-10-09,9661
1810,和成,68,0,68,富邦-新店,2024-10-09,9661
1101,台泥,66,2,64,富邦-新店,2024-10-09,9661
00725B,國泰投資級公司債,62,2,60,富邦-新店,2024-10-09,9661
2891,中信金,86,29,57,富邦-新店,2024-10-09,9661
00929,復華台灣科技優息,108,54,54,富邦-新店,2024-10-09,9661
00922,國泰台灣領袖50,56,3,53,富邦-新店,2024-10-09,9661
6116,彩晶,51,0,51,富邦-新店,2024-10-09,9661
6152,百一,55,4,51,富邦-新店,2024-10-09,9661
00687B,國泰20年美債,141,92,49,富邦-新店,2024-10-09,9661
00639,富邦深100,74,27,47,富邦-新店,2024-10-09,9661
00715L,期街口布蘭特正2,63,19,44,富邦-新店,2024-10-09,9661
3060,銘異,45,1,44,富邦-新店,2024-10-09,9661
2855,統一證,42,0,42,富邦-新店,2024-10-09,9661
3211,順達,40,0,40,富邦-新店,2024-10-09,9661
006206,元大上證50,38,0,38,富邦-新店,2024-10-09,9661
1718,中纖,39,2,37,富邦-新店,2024-10-09,9661
00700,富邦�琤肭磪�,39,3,36,富邦-新店,2024-10-09,9661
00915,凱基優選高股息30,37,2,35,富邦-新店,2024-10-09,9661
6224,聚鼎,36,1,35,富邦-新店,2024-10-09,9661
2606,裕民,34,0,34,富邦-新店,2024-10-09,9661
00946,群益科技高息成長,34,0,34,富邦-新店,2024-10-09,9661
2303,聯電,54,20,34,富邦-新店,2024-10-09,9661
3481,群創,35,2,33,富邦-新店,2024-10-09,9661
00720B,元大投資級公司債,42,9,33,富邦-新店,2024-10-09,9661
4977,眾達-KY,84,51,33,富邦-新店,2024-10-09,9661
00643,群益深証中小,32,0,32,富邦-新店,2024-10-09,9661
8028,昇陽半導體,74,42,32,富邦-新店,2024-10-09,9661
4933,友輝,37,5,32,富邦-新店,2024-10-09,9661
2498,宏達電,37,7,30,富邦-新店,2024-10-09,9661
00676R,富邦臺灣加權反1,30,0,30,富邦-新店,2024-10-09,9661
2520,冠德,34,5,29,富邦-新店,2024-10-09,9661
00940,元大台灣價值高息,34,6,28,富邦-新店,2024-10-09,9661
2888,新光金,321,25,296,富邦-新店,2024-10-11,9661
00882,中信中國高股息,295,82,213,富邦-新店,2024-10-11,9661
00937B,群益ESG投等債20,236,25,211,富邦-新店,2024-10-11,9661
00953B,群益優選非投等債,200,0,200,富邦-新店,2024-10-11,9661
00637L,元大滬深300正2,378,179,199,富邦-新店,2024-10-11,9661
2363,矽統,234,74,160,富邦-新店,2024-10-11,9661
00948B,中信優息投資級債,157,0,157,富邦-新店,2024-10-11,9661
00687B,國泰20年美債,179,38,141,富邦-新店,2024-10-11,9661
6128,上福,134,0,134,富邦-新店,2024-10-11,9661
00679B,元大美債20年,183,72,111,富邦-新店,2024-10-11,9661
2062,橋椿,109,2,107,富邦-新店,2024-10-11,9661
2357,華碩,102,1,101,富邦-新店,2024-10-11,9661
2883B,凱基金乙特,100,0,100,富邦-新店,2024-10-11,9661
3499,環天科,100,9,91,富邦-新店,2024-10-11,9661
3481,群創,111,22,89,富邦-新店,2024-10-11,9661
4903,聯光通,178,91,87,富邦-新店,2024-10-11,9661
2303,聯電,136,60,76,富邦-新店,2024-10-11,9661
2388,威盛,100,33,67,富邦-新店,2024-10-11,9661
00725B,國泰投資級公司債,66,1,65,富邦-新店,2024-10-11,9661
6517,保勝光學,62,1,61,富邦-新店,2024-10-11,9661
2344,華邦電,58,0,58,富邦-新店,2024-10-11,9661
00795B,中信美國公債20年,55,0,55,富邦-新店,2024-10-11,9661
2367,燿華,61,12,49,富邦-新店,2024-10-11,9661
6405,悅城,68,19,49,富邦-新店,2024-10-11,9661
00915,凱基優選高股息30,59,13,46,富邦-新店,2024-10-11,9661
00922,國泰台灣領袖50,49,5,44,富邦-新店,2024-10-11,9661
00700,富邦�琤肭磪�,43,0,43,富邦-新店,2024-10-11,9661
2887,台新金,105,63,42,富邦-新店,2024-10-11,9661
00680L,元大美債20正2,241,199,42,富邦-新店,2024-10-11,9661
2449,京元電子,88,47,41,富邦-新店,2024-10-11,9661
00753L,中信中國50正2,97,56,41,富邦-新店,2024-10-11,9661
0056,元大高股息,107,67,40,富邦-新店,2024-10-11,9661
3379,彬台,42,3,39,富邦-新店,2024-10-11,9661
4967,十銓,42,3,39,富邦-新店,2024-10-11,9661
5603,陸海,40,3,37,富邦-新店,2024-10-11,9661
8240,華宏,36,1,35,富邦-新店,2024-10-11,9661
00919,群益台灣精選高息,55,22,33,富邦-新店,2024-10-11,9661
2542,興富發,62,30,32,富邦-新店,2024-10-11,9661
3306,鼎天,33,1,32,富邦-新店,2024-10-11,9661
2890,永豐金,31,0,31,富邦-新店,2024-10-11,9661
00752,中信中國50,36,5,31,富邦-新店,2024-10-11,9661
8404,百和興業-KY,31,0,31,富邦-新店,2024-10-11,9661
2420,新巨,32,1,31,富邦-新店,2024-10-11,9661
8111,立��,71,41,30,富邦-新店,2024-10-11,9661
8349,�矬�,30,0,30,富邦-新店,2024-10-11,9661
6109,亞元,30,0,30,富邦-新店,2024-10-11,9661
2049,上銀,44,15,29,富邦-新店,2024-10-11,9661
00900,富邦特選高股息30,29,0,29,富邦-新店,2024-10-11,9661
00655L,國泰中國A50正2,30,1,29,富邦-新店,2024-10-11,9661
0061,元大寶滬深,40,13,27,富邦-新店,2024-10-11,9661
3037,欣興,535,6,529,富邦-新店,2024-10-14,9661
00637L,元大滬深300正2,578,72,506,富邦-新店,2024-10-14,9661
00887,永豐中國科技50大,499,9,490,富邦-新店,2024-10-14,9661
2312,金寶,520,72,448,富邦-新店,2024-10-14,9661
00937B,群益ESG投等債20,401,77,324,富邦-新店,2024-10-14,9661
00680L,元大美債20正2,238,19,219,富邦-新店,2024-10-14,9661
6116,彩晶,212,6,206,富邦-新店,2024-10-14,9661
5603,陸海,311,110,201,富邦-新店,2024-10-14,9661
2105,正新,272,111,161,富邦-新店,2024-10-14,9661
00948B,中信優息投資級債,135,0,135,富邦-新店,2024-10-14,9661
00687B,國泰20年美債,163,36,127,富邦-新店,2024-10-14,9661
1314,中石化,133,12,121,富邦-新店,2024-10-14,9661
1802,台玻,121,5,116,富邦-新店,2024-10-14,9661
0056,元大高股息,145,30,115,富邦-新店,2024-10-14,9661
1326,台化,109,0,109,富邦-新店,2024-10-14,9661
00877,復華中國5G,108,0,108,富邦-新店,2024-10-14,9661
2002,中鋼,106,1,105,富邦-新店,2024-10-14,9661
3029,零壹,110,8,102,富邦-新店,2024-10-14,9661
2344,華邦電,94,1,93,富邦-新店,2024-10-14,9661
3189,景碩,131,39,92,富邦-新店,2024-10-14,9661
5871,中租-KY,165,76,89,富邦-新店,2024-10-14,9661
00665L,富邦�琤肭磪囓�2,86,1,85,富邦-新店,2024-10-14,9661
2357,華碩,81,0,81,富邦-新店,2024-10-14,9661
00632R,元大台灣50反1,91,14,77,富邦-新店,2024-10-14,9661
00715L,期街口布蘭特正2,71,7,64,富邦-新店,2024-10-14,9661
2603,長榮,68,6,62,富邦-新店,2024-10-14,9661
00679B,元大美債20年,156,94,62,富邦-新店,2024-10-14,9661
0061,元大寶滬深,126,69,57,富邦-新店,2024-10-14,9661
4903,聯光通,79,23,56,富邦-新店,2024-10-14,9661
00878,國泰永續高股息,76,22,54,富邦-新店,2024-10-14,9661
00720B,元大投資級公司債,57,8,49,富邦-新店,2024-10-14,9661
6405,悅城,108,64,44,富邦-新店,2024-10-14,9661
5230,雷笛克光學,45,11,34,富邦-新店,2024-10-14,9661
2388,威盛,48,15,33,富邦-新店,2024-10-14,9661
2303,聯電,53,21,32,富邦-新店,2024-10-14,9661
2845,遠東銀,32,0,32,富邦-新店,2024-10-14,9661
00725B,國泰投資級公司債,44,13,31,富邦-新店,2024-10-14,9661
1303,南亞,32,1,31,富邦-新店,2024-10-14,9661
4977,眾達-KY,70,39,31,富邦-新店,2024-10-14,9661
00922,國泰台灣領袖50,69,39,30,富邦-新店,2024-10-14,9661
2049,上銀,36,6,30,富邦-新店,2024-10-14,9661
00795B,中信美國公債20年,29,0,29,富邦-新店,2024-10-14,9661
2542,興富發,34,6,28,富邦-新店,2024-10-14,9661
8404,百和興業-KY,29,1,28,富邦-新店,2024-10-14,9661
2426,鼎元,58,31,27,富邦-新店,2024-10-14,9661
2486,一詮,68,41,27,富邦-新店,2024-10-14,9661
2892,第一金,27,1,26,富邦-新店,2024-10-14,9661
00940,元大台灣價值高息,60,35,25,富邦-新店,2024-10-14,9661
3715,定穎投控,49,24,25,富邦-新店,2024-10-14,9661
2882,國泰金,26,1,25,富邦-新店,2024-10-14,9661
2618,長榮航,2111,66,2045,富邦-新店,2024-10-15,9661
3037,欣興,671,8,663,富邦-新店,2024-10-15,9661
00931B,統一美債20年,577,1,576,富邦-新店,2024-10-15,9661
00680L,元大美債20正2,568,1,567,富邦-新店,2024-10-15,9661
00632R,元大台灣50反1,643,162,481,富邦-新店,2024-10-15,9661
2357,華碩,474,18,456,富邦-新店,2024-10-15,9661
00725B,國泰投資級公司債,389,1,388,富邦-新店,2024-10-15,9661
00679B,元大美債20年,219,42,177,富邦-新店,2024-10-15,9661
00687B,國泰20年美債,166,6,160,富邦-新店,2024-10-15,9661
1314,中石化,237,95,142,富邦-新店,2024-10-15,9661
00665L,富邦�琤肭磪囓�2,152,17,135,富邦-新店,2024-10-15,9661
2353,宏��,107,1,106,富邦-新店,2024-10-15,9661
00937B,群益ESG投等債20,172,77,95,富邦-新店,2024-10-15,9661
6134,萬旭,100,12,88,富邦-新店,2024-10-15,9661
4915,致伸,74,1,73,富邦-新店,2024-10-15,9661
1464,得力,74,2,72,富邦-新店,2024-10-15,9661
1301,台塑,130,62,68,富邦-新店,2024-10-15,9661
8111,立��,88,20,68,富邦-新店,2024-10-15,9661
00887,永豐中國科技50大,573,512,61,富邦-新店,2024-10-15,9661
2881,富邦金,109,51,58,富邦-新店,2024-10-15,9661
00877,復華中國5G,57,0,57,富邦-新店,2024-10-15,9661
00948B,中信優息投資級債,51,0,51,富邦-新店,2024-10-15,9661
00919,群益台灣精選高息,111,61,50,富邦-新店,2024-10-15,9661
2542,興富發,51,2,49,富邦-新店,2024-10-15,9661
3710,連展投控,68,22,46,富邦-新店,2024-10-15,9661
2105,正新,56,15,41,富邦-新店,2024-10-15,9661
00639,富邦深100,77,39,38,富邦-新店,2024-10-15,9661
2610,華航,57,22,35,富邦-新店,2024-10-15,9661
3149,正達,202,168,34,富邦-新店,2024-10-15,9661
3380,明泰,37,3,34,富邦-新店,2024-10-15,9661
0056,元大高股息,101,68,33,富邦-新店,2024-10-15,9661
6274,台燿,55,23,32,富邦-新店,2024-10-15,9661
00795B,中信美國公債20年,32,0,32,富邦-新店,2024-10-15,9661
00637L,元大滬深300正2,143,116,27,富邦-新店,2024-10-15,9661
00924,復華S＆P500成長,33,6,27,富邦-新店,2024-10-15,9661
00673R,期元大S＆P原油反1,50,25,25,富邦-新店,2024-10-15,9661
00676R,富邦臺灣加權反1,25,0,25,富邦-新店,2024-10-15,9661
6505,台塑化,24,0,24,富邦-新店,2024-10-15,9661
00960,野村全球航運龍頭,23,1,22,富邦-新店,2024-10-15,9661
2241,艾姆勒,28,6,22,富邦-新店,2024-10-15,9661
00912,中信臺灣智慧50,21,0,21,富邦-新店,2024-10-15,9661
3522,御嵿,21,0,21,富邦-新店,2024-10-15,9661
3163,波若威,64,43,21,富邦-新店,2024-10-15,9661
5483,中美晶,20,0,20,富邦-新店,2024-10-15,9661
00634R,富邦上証反1,20,0,20,富邦-新店,2024-10-15,9661
1109,信大,20,0,20,富邦-新店,2024-10-15,9661
00688L,國泰20年美債正2,46,26,20,富邦-新店,2024-10-15,9661
00961,FT臺灣永續高息,20,1,19,富邦-新店,2024-10-15,9661
00650L,復華香港正2,24,5,19,富邦-新店,2024-10-15,9661
00752,中信中國50,32,15,17,富邦-新店,2024-10-15,9661
2618,長榮航,4551,64,4487,富邦-新店,2024-10-16,9661
1802,台玻,1540,40,1500,富邦-新店,2024-10-16,9661
00634R,富邦上証反1,615,0,615,富邦-新店,2024-10-16,9661
0056,元大高股息,297,45,252,富邦-新店,2024-10-16,9661
00922,國泰台灣領袖50,229,4,225,富邦-新店,2024-10-16,9661
00887,永豐中國科技50大,547,331,216,富邦-新店,2024-10-16,9661
3189,景碩,228,12,216,富邦-新店,2024-10-16,9661
2890,永豐金,210,6,204,富邦-新店,2024-10-16,9661
00919,群益台灣精選高息,251,80,171,富邦-新店,2024-10-16,9661
00877,復華中國5G,154,0,154,富邦-新店,2024-10-16,9661
5871,中租-KY,159,14,145,富邦-新店,2024-10-16,9661
4991,環宇-KY,180,77,103,富邦-新店,2024-10-16,9661
3290,東浦,110,7,103,富邦-新店,2024-10-16,9661
2641,正德,100,2,98,富邦-新店,2024-10-16,9661
2323,中環,115,17,98,富邦-新店,2024-10-16,9661
00929,復華台灣科技優息,222,140,82,富邦-新店,2024-10-16,9661
2303,聯電,81,8,73,富邦-新店,2024-10-16,9661
00753L,中信中國50正2,253,181,72,富邦-新店,2024-10-16,9661
00680L,元大美債20正2,113,42,71,富邦-新店,2024-10-16,9661
2344,華邦電,67,0,67,富邦-新店,2024-10-16,9661
00687B,國泰20年美債,80,21,59,富邦-新店,2024-10-16,9661
00960,野村全球航運龍頭,58,1,57,富邦-新店,2024-10-16,9661
00937B,群益ESG投等債20,78,23,55,富邦-新店,2024-10-16,9661
00900,富邦特選高股息30,53,2,51,富邦-新店,2024-10-16,9661
00725B,國泰投資級公司債,61,9,52,富邦-新店,2024-10-16,9661
00878,國泰永續高股息,91,43,48,富邦-新店,2024-10-16,9661
2204,中華,43,0,43,富邦-新店,2024-10-16,9661
0050,元大台灣50,51,10,41,富邦-新店,2024-10-16,9661
00665L,富邦�琤肭磪囓�2,66,25,41,富邦-新店,2024-10-16,9661
00905,FT臺灣Smart,48,7,41,富邦-新店,2024-10-16,9661
2887E,台新戊特,40,0,40,富邦-新店,2024-10-16,9661
6164,華興,43,4,39,富邦-新店,2024-10-16,9661
00945B,凱基美國非投等債,38,0,38,富邦-新店,2024-10-16,9661
6125,廣運,49,11,38,富邦-新店,2024-10-16,9661
1303,南亞,37,0,37,富邦-新店,2024-10-16,9661
00679B,元大美債20年,48,11,37,富邦-新店,2024-10-16,9661
1513,中興電,39,3,36,富邦-新店,2024-10-16,9661
00662,富邦NASDAQ,36,0,36,富邦-新店,2024-10-16,9661
2888,新光金,45,10,35,富邦-新店,2024-10-16,9661
2382,廣達,77,43,34,富邦-新店,2024-10-16,9661
3450,聯鈞,92,58,34,富邦-新店,2024-10-16,9661
6206,飛捷,35,1,34,富邦-新店,2024-10-16,9661
00940,元大台灣價值高息,148,115,33,富邦-新店,2024-10-16,9661
2880,華南金,33,0,33,富邦-新店,2024-10-16,9661
2439,美律,34,1,33,富邦-新店,2024-10-16,9661
6109,亞元,39,7,32,富邦-新店,2024-10-16,9661
2601,益航,63,32,31,富邦-新店,2024-10-16,9661
2892,第一金,41,10,31,富邦-新店,2024-10-16,9661
6274,台燿,33,2,31,富邦-新店,2024-10-16,9661
2543,皇昌,54,23,31,富邦-新店,2024-10-16,9661
2609,陽明,2227,82,2145,富邦-新店,2024-10-17,9661
1802,台玻,1427,8,1419,富邦-新店,2024-10-17,9661
2014,中鴻,736,23,713,富邦-新店,2024-10-17,9661
2603,長榮,741,50,691,富邦-新店,2024-10-17,9661
2610,華航,601,146,455,富邦-新店,2024-10-17,9661
3576,聯合再生,445,62,383,富邦-新店,2024-10-17,9661
2027,大成鋼,406,61,345,富邦-新店,2024-10-17,9661
00887,永豐中國科技50大,710,368,342,富邦-新店,2024-10-17,9661
00948B,中信優息投資級債,330,2,328,富邦-新店,2024-10-17,9661
0056,元大高股息,233,3,230,富邦-新店,2024-10-17,9661
1102,亞泥,234,45,189,富邦-新店,2024-10-17,9661
00937B,群益ESG投等債20,244,79,165,富邦-新店,2024-10-17,9661
00665L,富邦�琤肭磪囓�2,149,5,144,富邦-新店,2024-10-17,9661
00922,國泰台灣領袖50,140,10,130,富邦-新店,2024-10-17,9661
00712,復華富時不動產,106,1,105,富邦-新店,2024-10-17,9661
5438,東友,100,3,97,富邦-新店,2024-10-17,9661
4979,華星光,111,18,93,富邦-新店,2024-10-17,9661
2399,映泰,222,136,86,富邦-新店,2024-10-17,9661
00902,中信電池及儲能,70,0,70,富邦-新店,2024-10-17,9661
6134,萬旭,94,30,64,富邦-新店,2024-10-17,9661
00918,大華優利高填息30,102,46,56,富邦-新店,2024-10-17,9661
00637L,元大滬深300正2,187,137,50,富邦-新店,2024-10-17,9661
00905,FT臺灣Smart,51,1,50,富邦-新店,2024-10-17,9661
3710,連展投控,73,23,50,富邦-新店,2024-10-17,9661
00941,中信上游半導體,49,0,49,富邦-新店,2024-10-17,9661
00687B,國泰20年美債,50,1,49,富邦-新店,2024-10-17,9661
3149,正達,68,20,48,富邦-新店,2024-10-17,9661
2330,台積電,57,18,39,富邦-新店,2024-10-17,9661
2890,永豐金,37,0,37,富邦-新店,2024-10-17,9661
4956,光鋐,70,34,36,富邦-新店,2024-10-17,9661
3605,宏致,66,32,34,富邦-新店,2024-10-17,9661
6658,聯策,76,43,33,富邦-新店,2024-10-17,9661
00945B,凱基美國非投等債,33,0,33,富邦-新店,2024-10-17,9661
1528,恩德,90,57,33,富邦-新店,2024-10-17,9661
3062,建漢,61,29,32,富邦-新店,2024-10-17,9661
6133,金橋,49,17,32,富邦-新店,2024-10-17,9661
6763,綠界科技*,49,21,28,富邦-新店,2024-10-17,9661
2062,橋椿,30,2,28,富邦-新店,2024-10-17,9661
00715L,期街口布蘭特正2,48,22,26,富邦-新店,2024-10-17,9661
8105,凌巨,33,8,25,富邦-新店,2024-10-17,9661
2543,皇昌,63,38,25,富邦-新店,2024-10-17,9661
00688L,國泰20年美債正2,29,4,25,富邦-新店,2024-10-17,9661
3591,艾笛森,24,0,24,富邦-新店,2024-10-17,9661
2892,第一金,26,2,24,富邦-新店,2024-10-17,9661
2362,藍天,43,20,23,富邦-新店,2024-10-17,9661
4971,IET-KY,25,2,23,富邦-新店,2024-10-17,9661
6546,正基,37,14,23,富邦-新店,2024-10-17,9661
00679B,元大美債20年,27,5,22,富邦-新店,2024-10-17,9661
1815,富喬,26,4,22,富邦-新店,2024-10-17,9661
6405,悅城,25,3,22,富邦-新店,2024-10-17,9661
00948B,中信優息投資級債,754,0,754,富邦-新店,2024-10-18,9661
2610,華航,576,36,540,富邦-新店,2024-10-18,9661
00679B,元大美債20年,482,17,465,富邦-新店,2024-10-18,9661
00937B,群益ESG投等債20,420,27,393,富邦-新店,2024-10-18,9661
2867,三商壽,274,1,273,富邦-新店,2024-10-18,9661
00687B,國泰20年美債,219,16,203,富邦-新店,2024-10-18,9661
5603,陸海,194,0,194,富邦-新店,2024-10-18,9661
2303,聯電,195,9,186,富邦-新店,2024-10-18,9661
2328,廣宇,180,14,166,富邦-新店,2024-10-18,9661
00632R,元大台灣50反1,461,324,137,富邦-新店,2024-10-18,9661
00887,永豐中國科技50大,555,426,129,富邦-新店,2024-10-18,9661
6239,力成,101,0,101,富邦-新店,2024-10-18,9661
2489,瑞軒,110,14,96,富邦-新店,2024-10-18,9661
00688L,國泰20年美債正2,93,0,93,富邦-新店,2024-10-18,9661
00795B,中信美國公債20年,77,0,77,富邦-新店,2024-10-18,9661
00637L,元大滬深300正2,234,172,62,富邦-新店,2024-10-18,9661
4566,時碩工業,119,58,61,富邦-新店,2024-10-18,9661
1702,南僑,56,0,56,富邦-新店,2024-10-18,9661
3006,晶豪科,57,1,56,富邦-新店,2024-10-18,9661
00927,群益半導體收益,64,8,56,富邦-新店,2024-10-18,9661
00857B,永豐20年美公債,54,0,54,富邦-新店,2024-10-18,9661
3062,建漢,69,16,53,富邦-新店,2024-10-18,9661
00905,FT臺灣Smart,97,44,53,富邦-新店,2024-10-18,9661
00931B,統一美債20年,51,0,51,富邦-新店,2024-10-18,9661
00945B,凱基美國非投等債,50,0,50,富邦-新店,2024-10-18,9661
1301,台塑,50,0,50,富邦-新店,2024-10-18,9661
2615,萬海,75,27,48,富邦-新店,2024-10-18,9661
1711,永光,95,47,48,富邦-新店,2024-10-18,9661
00665L,富邦�琤肭磪囓�2,68,20,48,富邦-新店,2024-10-18,9661
2609,陽明,57,12,45,富邦-新店,2024-10-18,9661
2542,興富發,45,0,45,富邦-新店,2024-10-18,9661
6186,新潤,41,0,41,富邦-新店,2024-10-18,9661
2449,京元電子,77,41,36,富邦-新店,2024-10-18,9661
2897,王道銀行,35,0,35,富邦-新店,2024-10-18,9661
6109,亞元,40,5,35,富邦-新店,2024-10-18,9661
2486,一詮,55,23,32,富邦-新店,2024-10-18,9661
2371,大同,33,2,31,富邦-新店,2024-10-18,9661
00676R,富邦臺灣加權反1,30,0,30,富邦-新店,2024-10-18,9661
1528,恩德,69,39,30,富邦-新店,2024-10-18,9661
2331,精英,30,0,30,富邦-新店,2024-10-18,9661
5347,世界,33,3,30,富邦-新店,2024-10-18,9661
00635U,期元大S＆P黃金,30,0,30,富邦-新店,2024-10-18,9661
6770,力積電,31,1,30,富邦-新店,2024-10-18,9661
2367,燿華,36,7,29,富邦-新店,2024-10-18,9661
00941,中信上游半導體,44,16,28,富邦-新店,2024-10-18,9661
1314,中石化,31,3,28,富邦-新店,2024-10-18,9661
2313,華通,30,2,28,富邦-新店,2024-10-18,9661
1721,三晃,75,48,27,富邦-新店,2024-10-18,9661
00933B,國泰10Y+金融債,26,1,25,富邦-新店,2024-10-18,9661
3605,宏致,41,16,25,富邦-新店,2024-10-18,9661
3189,景碩,2571,692,1879,富邦-新店,2024-10-21,9661
00937B,群益ESG投等債20,1072,228,844,富邦-新店,2024-10-21,9661
3037,欣興,911,72,839,富邦-新店,2024-10-21,9661
5315,光聯,655,22,633,富邦-新店,2024-10-21,9661
2603,長榮,693,66,627,富邦-新店,2024-10-21,9661
00948B,中信優息投資級債,500,1,499,富邦-新店,2024-10-21,9661
3290,東浦,300,3,297,富邦-新店,2024-10-21,9661
1307,三芳,249,19,230,富邦-新店,2024-10-21,9661
2897,王道銀行,200,10,190,富邦-新店,2024-10-21,9661
2891,中信金,192,8,184,富邦-新店,2024-10-21,9661
00953B,群益優選非投等債,160,0,160,富邦-新店,2024-10-21,9661
00715L,期街口布蘭特正2,175,41,134,富邦-新店,2024-10-21,9661
2303,聯電,149,26,123,富邦-新店,2024-10-21,9661
00639,富邦深100,145,26,119,富邦-新店,2024-10-21,9661
2883,凱基金,131,14,117,富邦-新店,2024-10-21,9661
2882,國泰金,129,15,114,富邦-新店,2024-10-21,9661
2867,三商壽,105,6,99,富邦-新店,2024-10-21,9661
00753L,中信中國50正2,194,100,94,富邦-新店,2024-10-21,9661
2615,萬海,141,61,80,富邦-新店,2024-10-21,9661
1303,南亞,77,0,77,富邦-新店,2024-10-21,9661
9938,百和,91,18,73,富邦-新店,2024-10-21,9661
00933B,國泰10Y+金融債,72,0,72,富邦-新店,2024-10-21,9661
00905,FT臺灣Smart,82,17,65,富邦-新店,2024-10-21,9661
00878,國泰永續高股息,108,45,63,富邦-新店,2024-10-21,9661
2409,友達,63,4,59,富邦-新店,2024-10-21,9661
3441,聯一光,60,2,58,富邦-新店,2024-10-21,9661
2905,三商,56,0,56,富邦-新店,2024-10-21,9661
00930,永豐ESG低碳高息,55,0,55,富邦-新店,2024-10-21,9661
00665L,富邦�琤肭磪囓�2,85,30,55,富邦-新店,2024-10-21,9661
9945,潤泰新,55,3,52,富邦-新店,2024-10-21,9661
9105,泰金寶-DR,65,13,52,富邦-新店,2024-10-21,9661
00725B,國泰投資級公司債,52,0,52,富邦-新店,2024-10-21,9661
6147,頎邦,62,15,47,富邦-新店,2024-10-21,9661
2881,富邦金,80,33,47,富邦-新店,2024-10-21,9661
2618,長榮航,56,11,45,富邦-新店,2024-10-21,9661
1314,中石化,62,20,42,富邦-新店,2024-10-21,9661
1727,中華化,76,34,42,富邦-新店,2024-10-21,9661
3013,晟銘電,79,38,41,富邦-新店,2024-10-21,9661
3011,今皓,68,29,39,富邦-新店,2024-10-21,9661
1711,永光,56,19,37,富邦-新店,2024-10-21,9661
5269,祥碩,38,2,36,富邦-新店,2024-10-21,9661
0056,元大高股息,72,37,35,富邦-新店,2024-10-21,9661
00752,中信中國50,48,15,33,富邦-新店,2024-10-21,9661
2399,映泰,76,43,33,富邦-新店,2024-10-21,9661
6109,亞元,33,0,33,富邦-新店,2024-10-21,9661
00927,群益半導體收益,48,15,33,富邦-新店,2024-10-21,9661
00945B,凱基美國非投等債,30,0,30,富邦-新店,2024-10-21,9661
00722B,群益投資級電信債,30,0,30,富邦-新店,2024-10-21,9661
2903,遠百,30,0,30,富邦-新店,2024-10-21,9661
00692,富邦公司治理,32,3,29,富邦-新店,2024-10-21,9661
3037,欣興,2211,110,2101,富邦-新店,2024-10-22,9661
2609,陽明,1788,158,1630,富邦-新店,2024-10-22,9661
00937B,群益ESG投等債20,1412,663,749,富邦-新店,2024-10-22,9661
1802,台玻,717,11,706,富邦-新店,2024-10-22,9661
00948B,中信優息投資級債,425,6,419,富邦-新店,2024-10-22,9661
00679B,元大美債20年,393,80,313,富邦-新店,2024-10-22,9661
00688L,國泰20年美債正2,283,11,272,富邦-新店,2024-10-22,9661
00687B,國泰20年美債,349,105,244,富邦-新店,2024-10-22,9661
00929,復華台灣科技優息,192,21,171,富邦-新店,2024-10-22,9661
00639,富邦深100,144,35,109,富邦-新店,2024-10-22,9661
00887,永豐中國科技50大,123,19,104,富邦-新店,2024-10-22,9661
6108,競國,100,0,100,富邦-新店,2024-10-22,9661
00933B,國泰10Y+金融債,100,0,100,富邦-新店,2024-10-22,9661
00725B,國泰投資級公司債,100,1,99,富邦-新店,2024-10-22,9661
00720B,元大投資級公司債,121,27,94,富邦-新店,2024-10-22,9661
2888,新光金,115,22,93,富邦-新店,2024-10-22,9661
5284,jpp-KY,100,12,88,富邦-新店,2024-10-22,9661
00795B,中信美國公債20年,78,0,78,富邦-新店,2024-10-22,9661
6239,力成,79,1,78,富邦-新店,2024-10-22,9661
00712,復華富時不動產,74,5,69,富邦-新店,2024-10-22,9661
00891,中信關鍵半導體,84,16,68,富邦-新店,2024-10-22,9661
2630,亞航,67,1,66,富邦-新店,2024-10-22,9661
00857B,永豐20年美公債,66,0,66,富邦-新店,2024-10-22,9661
2402,毅嘉,86,22,64,富邦-新店,2024-10-22,9661
00919,群益台灣精選高息,83,24,59,富邦-新店,2024-10-22,9661
00943,兆豐電子高息等權,56,3,53,富邦-新店,2024-10-22,9661
2303,聯電,54,3,51,富邦-新店,2024-10-22,9661
00680L,元大美債20正2,241,191,50,富邦-新店,2024-10-22,9661
8176,智捷,50,2,48,富邦-新店,2024-10-22,9661
2603,長榮,100,55,45,富邦-新店,2024-10-22,9661
2903,遠百,42,0,42,富邦-新店,2024-10-22,9661
6168,宏齊,54,13,41,富邦-新店,2024-10-22,9661
2330,台積電,60,20,40,富邦-新店,2024-10-22,9661
00958B,永豐ESG銀行債15,40,0,40,富邦-新店,2024-10-22,9661
00665L,富邦�琤肭磪囓�2,46,6,40,富邦-新店,2024-10-22,9661
5521,工信,40,1,39,富邦-新店,2024-10-22,9661
2363,矽統,82,44,38,富邦-新店,2024-10-22,9661
2890,永豐金,37,1,36,富邦-新店,2024-10-22,9661
00918,大華優利高填息30,40,4,36,富邦-新店,2024-10-22,9661
00637L,元大滬深300正2,101,66,35,富邦-新店,2024-10-22,9661
00877,復華中國5G,40,5,35,富邦-新店,2024-10-22,9661
3615,安可,87,52,35,富邦-新店,2024-10-22,9661
2241,艾姆勒,32,1,31,富邦-新店,2024-10-22,9661
00635U,期元大S＆P黃金,31,0,31,富邦-新店,2024-10-22,9661
2610,華航,59,28,31,富邦-新店,2024-10-22,9661
00959B,大華投等美債15Y+,30,0,30,富邦-新店,2024-10-22,9661
6532,瑞耘,33,4,29,富邦-新店,2024-10-22,9661
6757,台灣虎航,29,0,29,富邦-新店,2024-10-22,9661
5269,祥碩,34,6,28,富邦-新店,2024-10-22,9661
0056,元大高股息,49,21,28,富邦-新店,2024-10-22,9661
00948B,中信優息投資級債,638,0,638,富邦-新店,2024-10-23,9661
00959B,大華投等美債15Y+,591,0,591,富邦-新店,2024-10-23,9661
8044,網家,400,0,400,富邦-新店,2024-10-23,9661
00937B,群益ESG投等債20,421,33,388,富邦-新店,2024-10-23,9661
00715L,期街口布蘭特正2,495,126,369,富邦-新店,2024-10-23,9661
00633L,富邦上証正2,236,4,232,富邦-新店,2024-10-23,9661
00950B,凱基A級公司債,218,0,218,富邦-新店,2024-10-23,9661
00919,群益台灣精選高息,192,43,149,富邦-新店,2024-10-23,9661
2354,鴻準,201,80,121,富邦-新店,2024-10-23,9661
3481,群創,213,99,114,富邦-新店,2024-10-23,9661
00878,國泰永續高股息,108,5,103,富邦-新店,2024-10-23,9661
00887,永豐中國科技50大,331,237,94,富邦-新店,2024-10-23,9661
00712,復華富時不動產,103,10,93,富邦-新店,2024-10-23,9661
8249,菱光,144,52,92,富邦-新店,2024-10-23,9661
0056,元大高股息,90,5,85,富邦-新店,2024-10-23,9661
00680L,元大美債20正2,141,61,80,富邦-新店,2024-10-23,9661
00687B,國泰20年美債,174,95,79,富邦-新店,2024-10-23,9661
00929,復華台灣科技優息,117,43,74,富邦-新店,2024-10-23,9661
3231,緯創,103,32,71,富邦-新店,2024-10-23,9661
2412,中華電,68,0,68,富邦-新店,2024-10-23,9661
00713,元大台灣高息低波,61,0,61,富邦-新店,2024-10-23,9661
2303,聯電,75,19,56,富邦-新店,2024-10-23,9661
2883,凱基金,60,5,55,富邦-新店,2024-10-23,9661
00725B,國泰投資級公司債,75,20,55,富邦-新店,2024-10-23,9661
6770,力積電,70,17,53,富邦-新店,2024-10-23,9661
4772,台特化,66,13,53,富邦-新店,2024-10-23,9661
2882,國泰金,64,11,53,富邦-新店,2024-10-23,9661
6180,橘子,55,4,51,富邦-新店,2024-10-23,9661
9935,慶豐富,50,2,48,富邦-新店,2024-10-23,9661
8240,華宏,53,6,47,富邦-新店,2024-10-23,9661
6405,悅城,120,74,46,富邦-新店,2024-10-23,9661
2834,臺企銀,108,63,45,富邦-新店,2024-10-23,9661
2409,友達,73,30,43,富邦-新店,2024-10-23,9661
2886,兆豐金,50,10,40,富邦-新店,2024-10-23,9661
1314,中石化,52,13,39,富邦-新店,2024-10-23,9661
006208,富邦台50,46,8,38,富邦-新店,2024-10-23,9661
2317,鴻海,78,40,38,富邦-新店,2024-10-23,9661
00679B,元大美債20年,126,88,38,富邦-新店,2024-10-23,9661
00907,永豐優息存股,36,0,36,富邦-新店,2024-10-23,9661
00637L,元大滬深300正2,93,57,36,富邦-新店,2024-10-23,9661
00930,永豐ESG低碳高息,35,0,35,富邦-新店,2024-10-23,9661
9945,潤泰新,34,0,34,富邦-新店,2024-10-23,9661
00891,中信關鍵半導體,34,1,33,富邦-新店,2024-10-23,9661
2449,京元電子,50,17,33,富邦-新店,2024-10-23,9661
00877,復華中國5G,52,20,32,富邦-新店,2024-10-23,9661
3189,景碩,54,23,31,富邦-新店,2024-10-23,9661
6457,紘康,31,0,31,富邦-新店,2024-10-23,9661
2880,華南金,30,0,30,富邦-新店,2024-10-23,9661
00795B,中信美國公債20年,30,0,30,富邦-新店,2024-10-23,9661
2892,第一金,39,10,29,富邦-新店,2024-10-23,9661
2610,華航,3551,377,3174,富邦-新店,2024-10-24,9661
00671R,富邦NASDAQ反1,499,0,499,富邦-新店,2024-10-24,9661
00679B,元大美債20年,460,46,414,富邦-新店,2024-10-24,9661
00937B,群益ESG投等債20,346,36,310,富邦-新店,2024-10-24,9661
00919,群益台灣精選高息,286,71,215,富邦-新店,2024-10-24,9661
00959B,大華投等美債15Y+,206,0,206,富邦-新店,2024-10-24,9661
0056,元大高股息,197,6,191,富邦-新店,2024-10-24,9661
1802,台玻,240,105,135,富邦-新店,2024-10-24,9661
5603,陸海,308,185,123,富邦-新店,2024-10-24,9661
00929,復華台灣科技優息,155,36,119,富邦-新店,2024-10-24,9661
2855,統一證,115,0,115,富邦-新店,2024-10-24,9661
00878,國泰永續高股息,145,41,104,富邦-新店,2024-10-24,9661
00877,復華中國5G,121,40,81,富邦-新店,2024-10-24,9661
00948B,中信優息投資級債,73,0,73,富邦-新店,2024-10-24,9661
00887,永豐中國科技50大,247,186,61,富邦-新店,2024-10-24,9661
00725B,國泰投資級公司債,54,0,54,富邦-新店,2024-10-24,9661
2388,威盛,72,18,54,富邦-新店,2024-10-24,9661
6405,悅城,116,64,52,富邦-新店,2024-10-24,9661
1605,華新,51,1,50,富邦-新店,2024-10-24,9661
2399,映泰,75,29,46,富邦-新店,2024-10-24,9661
3707,漢磊,255,209,46,富邦-新店,2024-10-24,9661
00665L,富邦�琤肭磪囓�2,305,259,46,富邦-新店,2024-10-24,9661
00687B,國泰20年美債,55,11,44,富邦-新店,2024-10-24,9661
1305,華夏,43,0,43,富邦-新店,2024-10-24,9661
00712,復華富時不動產,62,20,42,富邦-新店,2024-10-24,9661
2382,廣達,69,27,42,富邦-新店,2024-10-24,9661
8110,華東,41,0,41,富邦-新店,2024-10-24,9661
6152,百一,40,0,40,富邦-新店,2024-10-24,9661
2601,益航,40,0,40,富邦-新店,2024-10-24,9661
6173,信昌電,40,0,40,富邦-新店,2024-10-24,9661
1301,台塑,37,0,37,富邦-新店,2024-10-24,9661
00900,富邦特選高股息30,37,1,36,富邦-新店,2024-10-24,9661
3481,群創,55,19,36,富邦-新店,2024-10-24,9661
1528,恩德,152,117,35,富邦-新店,2024-10-24,9661
2468,華經,37,5,32,富邦-新店,2024-10-24,9661
8064,東捷,70,38,32,富邦-新店,2024-10-24,9661
00930,永豐ESG低碳高息,33,1,32,富邦-新店,2024-10-24,9661
3290,東浦,45,13,32,富邦-新店,2024-10-24,9661
1513,中興電,31,0,31,富邦-新店,2024-10-24,9661
6770,力積電,33,2,31,富邦-新店,2024-10-24,9661
3037,欣興,55,23,32,富邦-新店,2024-10-24,9661
2882,國泰金,34,3,31,富邦-新店,2024-10-24,9661
3021,鴻名,50,20,30,富邦-新店,2024-10-24,9661
5302,太欣,50,20,30,富邦-新店,2024-10-24,9661
3450,聯鈞,53,23,30,富邦-新店,2024-10-24,9661
00632R,元大台灣50反1,45,16,29,富邦-新店,2024-10-24,9661
2609,陽明,76,48,28,富邦-新店,2024-10-24,9661
00881,國泰台灣5G+,41,12,29,富邦-新店,2024-10-24,9661
2303,聯電,92,63,29,富邦-新店,2024-10-24,9661
3033,威健,32,4,28,富邦-新店,2024-10-24,9661
00948B,中信優息投資級債,2027,0,2027,富邦-新店,2024-10-25,9661
2603,長榮,889,24,865,富邦-新店,2024-10-25,9661
2609,陽明,525,28,497,富邦-新店,2024-10-25,9661
2646,星宇航空,944,449,495,富邦-新店,2024-10-25,9661
00937B,群益ESG投等債20,404,7,397,富邦-新店,2024-10-25,9661
2405,輔信,249,33,216,富邦-新店,2024-10-25,9661
00679B,元大美債20年,201,39,162,富邦-新店,2024-10-25,9661
3576,聯合再生,118,0,118,富邦-新店,2024-10-25,9661
1307,三芳,113,8,105,富邦-新店,2024-10-25,9661
2344,華邦電,115,12,103,富邦-新店,2024-10-25,9661
2845,遠東銀,103,2,101,富邦-新店,2024-10-25,9661
00887,永豐中國科技50大,196,97,99,富邦-新店,2024-10-25,9661
5603,陸海,669,590,79,富邦-新店,2024-10-25,9661
2303,聯電,83,6,77,富邦-新店,2024-10-25,9661
00959B,大華投等美債15Y+,72,0,72,富邦-新店,2024-10-25,9661
3021,鴻名,81,11,70,富邦-新店,2024-10-25,9661
4558,寶緯,56,1,55,富邦-新店,2024-10-25,9661
6126,信音,53,4,49,富邦-新店,2024-10-25,9661
4919,新唐,127,84,43,富邦-新店,2024-10-25,9661
00878,國泰永續高股息,43,8,35,富邦-新店,2024-10-25,9661
00929,復華台灣科技優息,49,15,34,富邦-新店,2024-10-25,9661
00687B,國泰20年美債,53,20,33,富邦-新店,2024-10-25,9661
3149,正達,54,22,32,富邦-新店,2024-10-25,9661
3189,景碩,94,62,32,富邦-新店,2024-10-25,9661
1319,東陽,33,1,32,富邦-新店,2024-10-25,9661
00945B,凱基美國非投等債,31,0,31,富邦-新店,2024-10-25,9661
3715,定穎投控,65,36,29,富邦-新店,2024-10-25,9661
00939,統一台灣高息動能,31,2,29,富邦-新店,2024-10-25,9661
00725B,國泰投資級公司債,27,0,27,富邦-新店,2024-10-25,9661
00915,凱基優選高股息30,28,1,27,富邦-新店,2024-10-25,9661
1528,恩德,118,92,26,富邦-新店,2024-10-25,9661
5452,佶優,43,17,26,富邦-新店,2024-10-25,9661
6218,豪勉,29,4,25,富邦-新店,2024-10-25,9661
6412,群電,24,0,24,富邦-新店,2024-10-25,9661
6752,叡揚,28,4,24,富邦-新店,2024-10-25,9661
2834,臺企銀,24,0,24,富邦-新店,2024-10-25,9661
00715L,期街口布蘭特正2,33,10,23,富邦-新店,2024-10-25,9661
2066,世德,22,0,22,富邦-新店,2024-10-25,9661
3234,光環,25,3,22,富邦-新店,2024-10-25,9661
3029,零壹,24,3,21,富邦-新店,2024-10-25,9661
1603,華電,22,1,21,富邦-新店,2024-10-25,9661
5521,工信,25,5,20,富邦-新店,2024-10-25,9661
2543,皇昌,31,12,19,富邦-新店,2024-10-25,9661
4526,東台,19,0,19,富邦-新店,2024-10-25,9661
5202,力新,39,20,19,富邦-新店,2024-10-25,9661
0056,元大高股息,21,3,18,富邦-新店,2024-10-25,9661
2634,漢翔,18,0,18,富邦-新店,2024-10-25,9661
6821,聯寶,22,4,18,富邦-新店,2024-10-25,9661
5347,世界,22,4,18,富邦-新店,2024-10-25,9661
00960,野村全球航運龍頭,32,15,17,富邦-新店,2024-10-25,9661
2610,華航,4655,130,4525,富邦-新店,2024-10-28,9661
1108,幸福,708,23,685,富邦-新店,2024-10-28,9661
00948B,中信優息投資級債,689,10,679,富邦-新店,2024-10-28,9661
1802,台玻,624,115,509,富邦-新店,2024-10-28,9661
00937B,群益ESG投等債20,483,143,340,富邦-新店,2024-10-28,9661
00680L,元大美債20正2,242,77,165,富邦-新店,2024-10-28,9661
00679B,元大美債20年,193,49,144,富邦-新店,2024-10-28,9661
3011,今皓,127,4,123,富邦-新店,2024-10-28,9661
00665L,富邦�琤肭磪囓�2,165,55,110,富邦-新店,2024-10-28,9661
00950B,凱基A級公司債,113,4,109,富邦-新店,2024-10-28,9661
00959B,大華投等美債15Y+,118,10,108,富邦-新店,2024-10-28,9661
5511,德昌,100,0,100,富邦-新店,2024-10-28,9661
00687B,國泰20年美債,173,84,89,富邦-新店,2024-10-28,9661
2354,鴻準,196,113,83,富邦-新店,2024-10-28,9661
00688L,國泰20年美債正2,80,2,78,富邦-新店,2024-10-28,9661
2646,星宇航空,257,180,77,富邦-新店,2024-10-28,9661
00919,群益台灣精選高息,101,24,77,富邦-新店,2024-10-28,9661
2607,榮運,62,2,60,富邦-新店,2024-10-28,9661
00725B,國泰投資級公司債,56,0,56,富邦-新店,2024-10-28,9661
1568,倉佑,61,5,56,富邦-新店,2024-10-28,9661
2892,第一金,56,4,52,富邦-新店,2024-10-28,9661
00712,復華富時不動產,60,10,50,富邦-新店,2024-10-28,9661
6288,聯嘉,115,66,49,富邦-新店,2024-10-28,9661
00878,國泰永續高股息,61,12,49,富邦-新店,2024-10-28,9661
2303,聯電,62,15,47,富邦-新店,2024-10-28,9661
00933B,國泰10Y+金融債,46,1,45,富邦-新店,2024-10-28,9661
00720B,元大投資級公司債,44,1,43,富邦-新店,2024-10-28,9661
6609,瀧澤科,53,14,39,富邦-新店,2024-10-28,9661
00795B,中信美國公債20年,36,0,36,富邦-新店,2024-10-28,9661
2609,陽明,51,17,34,富邦-新店,2024-10-28,9661
1229,聯華,38,3,35,富邦-新店,2024-10-28,9661
00943,兆豐電子高息等權,36,2,34,富邦-新店,2024-10-28,9661
2399,映泰,102,69,33,富邦-新店,2024-10-28,9661
1449,佳和,35,2,33,富邦-新店,2024-10-28,9661
3231,緯創,100,68,32,富邦-新店,2024-10-28,9661
8249,菱光,119,88,31,富邦-新店,2024-10-28,9661
6241,易通展,30,0,30,富邦-新店,2024-10-28,9661
6126,信音,30,0,30,富邦-新店,2024-10-28,9661
1605,華新,31,1,30,富邦-新店,2024-10-28,9661
00945B,凱基美國非投等債,35,7,28,富邦-新店,2024-10-28,9661
4510,高鋒,33,6,27,富邦-新店,2024-10-28,9661
6109,亞元,30,3,27,富邦-新店,2024-10-28,9661
2356,英業達,39,14,25,富邦-新店,2024-10-28,9661
3105,穩懋,24,0,24,富邦-新店,2024-10-28,9661
9103,美德醫療-DR,23,0,23,富邦-新店,2024-10-28,9661
8110,華東,22,0,22,富邦-新店,2024-10-28,9661
2615,萬海,47,26,21,富邦-新店,2024-10-28,9661
3029,零壹,30,9,21,富邦-新店,2024-10-28,9661
3033,威健,23,2,21,富邦-新店,2024-10-28,9661
1314,中石化,21,0,21,富邦-新店,2024-10-28,9661
4919,新唐,1561,95,1466,富邦-新店,2024-10-29,9661
00919,群益台灣精選高息,521,25,496,富邦-新店,2024-10-29,9661
00959B,大華投等美債15Y+,396,0,396,富邦-新店,2024-10-29,9661
00945B,凱基美國非投等債,323,0,323,富邦-新店,2024-10-29,9661
00929,復華台灣科技優息,281,29,252,富邦-新店,2024-10-29,9661
0056,元大高股息,250,10,240,富邦-新店,2024-10-29,9661
2646,星宇航空,240,34,206,富邦-新店,2024-10-29,9661
00878,國泰永續高股息,237,68,169,富邦-新店,2024-10-29,9661
00713,元大台灣高息低波,165,15,150,富邦-新店,2024-10-29,9661
2303,聯電,161,32,129,富邦-新店,2024-10-29,9661
00715L,期街口布蘭特正2,129,2,127,富邦-新店,2024-10-29,9661
1314,中石化,123,0,123,富邦-新店,2024-10-29,9661
006208,富邦台50,123,3,120,富邦-新店,2024-10-29,9661
2882,國泰金,111,3,108,富邦-新店,2024-10-29,9661
00665L,富邦�琤肭磪囓�2,139,51,88,富邦-新店,2024-10-29,9661
6150,撼訊,94,10,84,富邦-新店,2024-10-29,9661
00891,中信關鍵半導體,84,0,84,富邦-新店,2024-10-29,9661
00646,元大S＆P500,71,0,71,富邦-新店,2024-10-29,9661
00953B,群益優選非投等債,70,2,68,富邦-新店,2024-10-29,9661
00922,國泰台灣領袖50,72,4,68,富邦-新店,2024-10-29,9661
00946,群益科技高息成長,65,0,65,富邦-新店,2024-10-29,9661
0050,元大台灣50,68,3,65,富邦-新店,2024-10-29,9661
00948B,中信優息投資級債,73,10,63,富邦-新店,2024-10-29,9661
2884,玉山金,63,2,61,富邦-新店,2024-10-29,9661
3055,蔚華科,101,44,57,富邦-新店,2024-10-29,9661
4558,寶緯,55,1,54,富邦-新店,2024-10-29,9661
00740B,富邦全球投等債,52,0,52,富邦-新店,2024-10-29,9661
2883,凱基金,50,0,50,富邦-新店,2024-10-29,9661
2399,映泰,96,47,49,富邦-新店,2024-10-29,9661
00725B,國泰投資級公司債,52,4,48,富邦-新店,2024-10-29,9661
3481,群創,70,24,46,富邦-新店,2024-10-29,9661
6142,友勁,48,2,46,富邦-新店,2024-10-29,9661
00937B,群益ESG投等債20,52,8,44,富邦-新店,2024-10-29,9661
2615,萬海,50,7,43,富邦-新店,2024-10-29,9661
2477,美隆電,44,3,41,富邦-新店,2024-10-29,9661
2349,錸德,40,0,40,富邦-新店,2024-10-29,9661
00637L,元大滬深300正2,40,1,39,富邦-新店,2024-10-29,9661
00915,凱基優選高股息30,64,25,39,富邦-新店,2024-10-29,9661
8107,大億金茂,104,65,39,富邦-新店,2024-10-29,9661
3230,錦明,42,4,38,富邦-新店,2024-10-29,9661
3189,景碩,61,26,35,富邦-新店,2024-10-29,9661
1473,台南,35,0,35,富邦-新店,2024-10-29,9661
00918,大華優利高填息30,40,5,35,富邦-新店,2024-10-29,9661
00909,國泰數位支付服務,40,6,34,富邦-新店,2024-10-29,9661
9945,潤泰新,48,14,34,富邦-新店,2024-10-29,9661
2431,聯昌,50,17,33,富邦-新店,2024-10-29,9661
2344,華邦電,32,1,31,富邦-新店,2024-10-29,9661
2330,台積電,65,35,30,富邦-新店,2024-10-29,9661
2340,台亞,30,0,30,富邦-新店,2024-10-29,9661
6923,中台,31,1,30,富邦-新店,2024-10-29,9661
00937B,群益ESG投等債20,396,31,365,富邦-新店,2024-10-30,9661
00933B,國泰10Y+金融債,238,2,236,富邦-新店,2024-10-30,9661
5603,陸海,226,1,225,富邦-新店,2024-10-30,9661
00715L,期街口布蘭特正2,200,1,199,富邦-新店,2024-10-30,9661
00878,國泰永續高股息,229,33,196,富邦-新店,2024-10-30,9661
00637L,元大滬深300正2,233,82,151,富邦-新店,2024-10-30,9661
2867,三商壽,149,10,139,富邦-新店,2024-10-30,9661
00882,中信中國高股息,134,7,127,富邦-新店,2024-10-30,9661
00919,群益台灣精選高息,187,62,125,富邦-新店,2024-10-30,9661
2303,聯電,109,8,101,富邦-新店,2024-10-30,9661
1314,中石化,117,20,97,富邦-新店,2024-10-30,9661
00740B,富邦全球投等債,81,0,81,富邦-新店,2024-10-30,9661
0056,元大高股息,95,22,73,富邦-新店,2024-10-30,9661
00712,復華富時不動產,72,0,72,富邦-新店,2024-10-30,9661
00929,復華台灣科技優息,79,10,69,富邦-新店,2024-10-30,9661
00632R,元大台灣50反1,71,4,67,富邦-新店,2024-10-30,9661
2337,旺宏,61,1,60,富邦-新店,2024-10-30,9661
1449,佳和,96,39,57,富邦-新店,2024-10-30,9661
00887,永豐中國科技50大,77,20,57,富邦-新店,2024-10-30,9661
00725B,國泰投資級公司債,50,0,50,富邦-新店,2024-10-30,9661
5243,乙盛-KY,64,18,46,富邦-新店,2024-10-30,9661
00753L,中信中國50正2,101,55,46,富邦-新店,2024-10-30,9661
2884,玉山金,57,16,41,富邦-新店,2024-10-30,9661
00915,凱基優選高股息30,40,0,40,富邦-新店,2024-10-30,9661
6770,力積電,74,35,39,富邦-新店,2024-10-30,9661
2477,美隆電,129,94,35,富邦-新店,2024-10-30,9661
2327,國巨,45,13,32,富邦-新店,2024-10-30,9661
00945B,凱基美國非投等債,32,0,32,富邦-新店,2024-10-30,9661
3450,聯鈞,76,44,32,富邦-新店,2024-10-30,9661
6150,撼訊,43,11,32,富邦-新店,2024-10-30,9661
5548,安倉,33,2,31,富邦-新店,2024-10-30,9661
6116,彩晶,30,0,30,富邦-新店,2024-10-30,9661
1789,神隆,30,0,30,富邦-新店,2024-10-30,9661
00635U,期元大S＆P黃金,30,0,30,富邦-新店,2024-10-30,9661
2834,臺企銀,30,1,29,富邦-新店,2024-10-30,9661
00881,國泰台灣5G+,42,15,27,富邦-新店,2024-10-30,9661
00948B,中信優息投資級債,28,0,28,富邦-新店,2024-10-30,9661
00650L,復華香港正2,27,0,27,富邦-新店,2024-10-30,9661
00946,群益科技高息成長,26,0,26,富邦-新店,2024-10-30,9661
4915,致伸,35,10,25,富邦-新店,2024-10-30,9661
1802,台玻,25,0,25,富邦-新店,2024-10-30,9661
00795B,中信美國公債20年,24,0,24,富邦-新店,2024-10-30,9661
2330,台積電,34,11,23,富邦-新店,2024-10-30,9661
1605,華新,31,7,24,富邦-新店,2024-10-30,9661
2890,永豐金,21,0,21,富邦-新店,2024-10-30,9661
3163,波若威,36,16,20,富邦-新店,2024-10-30,9661
3033,威健,23,3,20,富邦-新店,2024-10-30,9661
1809,中釉,20,0,20,富邦-新店,2024-10-30,9661
9934,成霖,19,0,19,富邦-新店,2024-10-30,9661
00665L,富邦�琤肭磪囓�2,152,133,19,富邦-新店,2024-10-30,9661
00632R,元大台灣50反1,2192,278,1914,富邦-新店,2024-11-01,9661
2603,長榮,1459,87,1372,富邦-新店,2024-11-01,9661
2609,陽明,1518,890,628,富邦-新店,2024-11-01,9661
2354,鴻準,740,223,517,富邦-新店,2024-11-01,9661
2867,三商壽,450,2,448,富邦-新店,2024-11-01,9661
00878,國泰永續高股息,327,69,258,富邦-新店,2024-11-01,9661
00953B,群益優選非投等債,248,0,248,富邦-新店,2024-11-01,9661
00959B,大華投等美債15Y+,229,0,229,富邦-新店,2024-11-01,9661
2303,聯電,239,13,226,富邦-新店,2024-11-01,9661
00945B,凱基美國非投等債,174,0,174,富邦-新店,2024-11-01,9661
00919,群益台灣精選高息,232,92,140,富邦-新店,2024-11-01,9661
0056,元大高股息,140,4,136,富邦-新店,2024-11-01,9661
00915,凱基優選高股息30,130,2,128,富邦-新店,2024-11-01,9661
1301,台塑,131,14,117,富邦-新店,2024-11-01,9661
00937B,群益ESG投等債20,269,154,115,富邦-新店,2024-11-01,9661
00941,中信上游半導體,88,1,87,富邦-新店,2024-11-01,9661
00712,復華富時不動產,85,0,85,富邦-新店,2024-11-01,9661
00929,復華台灣科技優息,135,57,78,富邦-新店,2024-11-01,9661
4720,德淵,72,0,72,富邦-新店,2024-11-01,9661
00646,元大S＆P500,69,0,69,富邦-新店,2024-11-01,9661
00950B,凱基A級公司債,60,0,60,富邦-新店,2024-11-01,9661
0050,元大台灣50,60,0,60,富邦-新店,2024-11-01,9661
6216,居易,95,36,59,富邦-新店,2024-11-01,9661
2881,富邦金,64,7,57,富邦-新店,2024-11-01,9661
2884,玉山金,56,1,55,富邦-新店,2024-11-01,9661
6138,茂達,62,12,50,富邦-新店,2024-11-01,9661
00948B,中信優息投資級債,69,20,49,富邦-新店,2024-11-01,9661
2891,中信金,119,70,49,富邦-新店,2024-11-01,9661
2882,國泰金,69,22,47,富邦-新店,2024-11-01,9661
00753L,中信中國50正2,160,115,45,富邦-新店,2024-11-01,9661
3167,大量,55,10,45,富邦-新店,2024-11-01,9661
00673R,期元大S＆P原油反1,44,0,44,富邦-新店,2024-11-01,9661
00940,元大台灣價值高息,62,18,44,富邦-新店,2024-11-01,9661
3481,群創,48,13,35,富邦-新店,2024-11-01,9661
2887,台新金,34,1,33,富邦-新店,2024-11-01,9661
00934,中信成長高股息,35,3,32,富邦-新店,2024-11-01,9661
2353,宏��,86,54,32,富邦-新店,2024-11-01,9661
00830,國泰費城半導體,32,0,32,富邦-新店,2024-11-01,9661
006208,富邦台50,42,10,32,富邦-新店,2024-11-01,9661
2412,中華電,33,1,32,富邦-新店,2024-11-01,9661
1436,華友聯,31,0,31,富邦-新店,2024-11-01,9661
00719B,元大美債1-3,31,0,31,富邦-新店,2024-11-01,9661
2337,旺宏,31,1,30,富邦-新店,2024-11-01,9661
3550,聯穎,32,2,30,富邦-新店,2024-11-01,9661
6150,撼訊,30,1,29,富邦-新店,2024-11-01,9661
00922,國泰台灣領袖50,30,2,28,富邦-新店,2024-11-01,9661
00675L,富邦臺灣加權正2,29,1,28,富邦-新店,2024-11-01,9661
00887,永豐中國科技50大,35,7,28,富邦-新店,2024-11-01,9661
1721,三晃,62,35,27,富邦-新店,2024-11-01,9661
2892,第一金,70,44,26,富邦-新店,2024-11-01,9661
6108,競國,512,9,503,富邦-新店,2024-11-04,9661
00671R,富邦NASDAQ反1,499,0,499,富邦-新店,2024-11-04,9661
00937B,群益ESG投等債20,507,193,314,富邦-新店,2024-11-04,9661
00878,國泰永續高股息,282,14,268,富邦-新店,2024-11-04,9661
00919,群益台灣精選高息,240,36,204,富邦-新店,2024-11-04,9661
00948B,中信優息投資級債,225,40,185,富邦-新店,2024-11-04,9661
00918,大華優利高填息30,189,6,183,富邦-新店,2024-11-04,9661
00679B,元大美債20年,202,43,159,富邦-新店,2024-11-04,9661
00915,凱基優選高股息30,158,0,158,富邦-新店,2024-11-04,9661
2727,王品,165,10,155,富邦-新店,2024-11-04,9661
2354,鴻準,320,168,152,富邦-新店,2024-11-04,9661
00712,復華富時不動產,148,4,144,富邦-新店,2024-11-04,9661
00943,兆豐電子高息等權,108,0,108,富邦-新店,2024-11-04,9661
2337,旺宏,110,11,99,富邦-新店,2024-11-04,9661
5426,振發,139,59,80,富邦-新店,2024-11-04,9661
2615,萬海,300,231,69,富邦-新店,2024-11-04,9661
00680L,元大美債20正2,66,0,66,富邦-新店,2024-11-04,9661
2303,聯電,69,4,65,富邦-新店,2024-11-04,9661
00953B,群益優選非投等債,72,10,62,富邦-新店,2024-11-04,9661
2888,新光金,65,9,56,富邦-新店,2024-11-04,9661
00665L,富邦�琤肭磪囓�2,56,3,53,富邦-新店,2024-11-04,9661
6217,中探針,51,0,51,富邦-新店,2024-11-04,9661
0056,元大高股息,56,7,49,富邦-新店,2024-11-04,9661
3605,宏致,54,7,47,富邦-新店,2024-11-04,9661
3189,景碩,48,2,46,富邦-新店,2024-11-04,9661
6109,亞元,48,6,42,富邦-新店,2024-11-04,9661
00900,富邦特選高股息30,56,15,41,富邦-新店,2024-11-04,9661
2890,永豐金,48,7,41,富邦-新店,2024-11-04,9661
9935,慶豐富,40,0,40,富邦-新店,2024-11-04,9661
1314,中石化,39,0,39,富邦-新店,2024-11-04,9661
00907,永豐優息存股,39,1,38,富邦-新店,2024-11-04,9661
00946,群益科技高息成長,36,0,36,富邦-新店,2024-11-04,9661
2609,陽明,109,73,36,富邦-新店,2024-11-04,9661
00905,FT臺灣Smart,34,0,34,富邦-新店,2024-11-04,9661
3481,群創,36,1,35,富邦-新店,2024-11-04,9661
00930,永豐ESG低碳高息,34,0,34,富邦-新店,2024-11-04,9661
2408,南亞科,35,2,33,富邦-新店,2024-11-04,9661
2431,聯昌,202,169,33,富邦-新店,2024-11-04,9661
3709,鑫聯大投控,33,0,33,富邦-新店,2024-11-04,9661
00932,兆豐永續高息等權,32,0,32,富邦-新店,2024-11-04,9661
2497,怡利電,60,28,32,富邦-新店,2024-11-04,9661
00632R,元大台灣50反1,37,5,32,富邦-新店,2024-11-04,9661
00720B,元大投資級公司債,37,6,31,富邦-新店,2024-11-04,9661
6593,台灣銘板,32,1,31,富邦-新店,2024-11-04,9661
1721,三晃,32,3,29,富邦-新店,2024-11-04,9661
00713,元大台灣高息低波,28,0,28,富邦-新店,2024-11-04,9661
6197,佳必琪,36,9,27,富邦-新店,2024-11-04,9661
2613,中櫃,72,45,27,富邦-新店,2024-11-04,9661
2603,長榮,38,11,27,富邦-新店,2024-11-04,9661
2845,遠東銀,26,0,26,富邦-新店,2024-11-04,9661
2603,長榮,1301,102,1199,富邦-新店,2024-11-05,9661
3049,精金,297,58,239,富邦-新店,2024-11-05,9661
00915,凱基優選高股息30,196,0,196,富邦-新店,2024-11-05,9661
00918,大華優利高填息30,194,2,192,富邦-新店,2024-11-05,9661
2303,聯電,218,61,157,富邦-新店,2024-11-05,9661
6108,競國,136,0,136,富邦-新店,2024-11-05,9661
2727,王品,115,0,115,富邦-新店,2024-11-05,9661
00878,國泰永續高股息,111,18,93,富邦-新店,2024-11-05,9661
2489,瑞軒,102,11,91,富邦-新店,2024-11-05,9661
2845,遠東銀,75,0,75,富邦-新店,2024-11-05,9661
4542,科嶠,76,1,75,富邦-新店,2024-11-05,9661
00632R,元大台灣50反1,81,10,71,富邦-新店,2024-11-05,9661
00937B,群益ESG投等債20,119,56,63,富邦-新店,2024-11-05,9661
00687B,國泰20年美債,157,97,60,富邦-新店,2024-11-05,9661
6111,大宇資,54,0,54,富邦-新店,2024-11-05,9661
00680L,元大美債20正2,61,10,51,富邦-新店,2024-11-05,9661
00953B,群益優選非投等債,50,0,50,富邦-新店,2024-11-05,9661
00948B,中信優息投資級債,47,0,47,富邦-新店,2024-11-05,9661
2887,台新金,98,51,47,富邦-新店,2024-11-05,9661
00930,永豐ESG低碳高息,47,0,47,富邦-新店,2024-11-05,9661
2834,臺企銀,50,5,45,富邦-新店,2024-11-05,9661
5258,虹堡,37,1,36,富邦-新店,2024-11-05,9661
3663,鑫科,46,10,36,富邦-新店,2024-11-05,9661
9938,百和,35,0,35,富邦-新店,2024-11-05,9661
00945B,凱基美國非投等債,34,0,34,富邦-新店,2024-11-05,9661
4991,環宇-KY,78,45,33,富邦-新店,2024-11-05,9661
00631L,元大台灣50正2,33,2,31,富邦-新店,2024-11-05,9661
00636,國泰中國A50,30,0,30,富邦-新店,2024-11-05,9661
2888,新光金,52,22,30,富邦-新店,2024-11-05,9661
00633L,富邦上証正2,40,10,30,富邦-新店,2024-11-05,9661
00673R,期元大S＆P原油反1,35,6,29,富邦-新店,2024-11-05,9661
00946,群益科技高息成長,29,0,29,富邦-新店,2024-11-05,9661
2393,億光,29,1,28,富邦-新店,2024-11-05,9661
3581,博磊,39,12,27,富邦-新店,2024-11-05,9661
6807,峰源-KY,31,5,26,富邦-新店,2024-11-05,9661
5213,亞昕,26,0,26,富邦-新店,2024-11-05,9661
00674R,期元大S＆P黃金反1,25,0,25,富邦-新店,2024-11-05,9661
6109,亞元,25,0,25,富邦-新店,2024-11-05,9661
3013,晟銘電,50,27,23,富邦-新店,2024-11-05,9661
8027,鈦昇,25,3,22,富邦-新店,2024-11-05,9661
3339,泰谷,21,0,21,富邦-新店,2024-11-05,9661
6706,惠特,24,3,21,富邦-新店,2024-11-05,9661
2312,金寶,58,37,21,富邦-新店,2024-11-05,9661
8249,菱光,147,127,20,富邦-新店,2024-11-05,9661
8088,品安,20,0,20,富邦-新店,2024-11-05,9661
2444,兆勁,20,0,20,富邦-新店,2024-11-05,9661
8049,晶采,19,0,19,富邦-新店,2024-11-05,9661
1314,中石化,22,3,19,富邦-新店,2024-11-05,9661
2890,永豐金,20,1,19,富邦-新店,2024-11-05,9661
6005,群益證,26,7,19,富邦-新店,2024-11-05,9661
00680L,元大美債20正2,1206,189,1017,富邦-新店,2024-11-06,9661
6164,華興,548,7,541,富邦-新店,2024-11-06,9661
2027,大成鋼,370,35,335,富邦-新店,2024-11-06,9661
00637L,元大滬深300正2,387,80,307,富邦-新店,2024-11-06,9661
00878,國泰永續高股息,288,48,240,富邦-新店,2024-11-06,9661
00679B,元大美債20年,483,251,232,富邦-新店,2024-11-06,9661
00937B,群益ESG投等債20,683,495,188,富邦-新店,2024-11-06,9661
2014,中鴻,231,59,172,富邦-新店,2024-11-06,9661
00687B,國泰20年美債,235,66,169,富邦-新店,2024-11-06,9661
00960,野村全球航運龍頭,156,0,156,富邦-新店,2024-11-06,9661
00753L,中信中國50正2,387,234,153,富邦-新店,2024-11-06,9661
00795B,中信美國公債20年,134,0,134,富邦-新店,2024-11-06,9661
00688L,國泰20年美債正2,134,19,115,富邦-新店,2024-11-06,9661
2881,富邦金,111,2,109,富邦-新店,2024-11-06,9661
00713,元大台灣高息低波,103,1,102,富邦-新店,2024-11-06,9661
2887,台新金,99,4,95,富邦-新店,2024-11-06,9661
2303,聯電,150,58,92,富邦-新店,2024-11-06,9661
0056,元大高股息,115,31,84,富邦-新店,2024-11-06,9661
00948B,中信優息投資級債,80,5,75,富邦-新店,2024-11-06,9661
3011,今皓,62,6,56,富邦-新店,2024-11-06,9661
2609,陽明,86,31,55,富邦-新店,2024-11-06,9661
2431,聯昌,103,50,53,富邦-新店,2024-11-06,9661
2354,鴻準,185,132,53,富邦-新店,2024-11-06,9661
00720B,元大投資級公司債,58,7,51,富邦-新店,2024-11-06,9661
2399,映泰,148,99,49,富邦-新店,2024-11-06,9661
3149,正達,91,43,48,富邦-新店,2024-11-06,9661
2385,群光,47,0,47,富邦-新店,2024-11-06,9661
00643,群益深証中小,51,5,46,富邦-新店,2024-11-06,9661
6108,競國,43,0,43,富邦-新店,2024-11-06,9661
2409,友達,42,0,42,富邦-新店,2024-11-06,9661
00752,中信中國50,41,0,41,富邦-新店,2024-11-06,9661
00893,國泰智能電動車,40,4,36,富邦-新店,2024-11-06,9661
00673R,期元大S＆P原油反1,35,0,35,富邦-新店,2024-11-06,9661
3303,岱稜,49,19,30,富邦-新店,2024-11-06,9661
8064,東捷,41,12,29,富邦-新店,2024-11-06,9661
6505,台塑化,30,1,29,富邦-新店,2024-11-06,9661
1307,三芳,66,38,28,富邦-新店,2024-11-06,9661
00950B,凱基A級公司債,28,0,28,富邦-新店,2024-11-06,9661
5315,光聯,29,2,27,富邦-新店,2024-11-06,9661
2458,義隆,30,3,27,富邦-新店,2024-11-06,9661
00650L,復華香港正2,47,20,27,富邦-新店,2024-11-06,9661
00946,群益科技高息成長,30,4,26,富邦-新店,2024-11-06,9661
1609,大亞,30,4,26,富邦-新店,2024-11-06,9661
6271,同欣電,25,0,25,富邦-新店,2024-11-06,9661
5531,鄉林,25,0,25,富邦-新店,2024-11-06,9661
00943,兆豐電子高息等權,40,15,25,富邦-新店,2024-11-06,9661
2892,第一金,23,0,23,富邦-新店,2024-11-06,9661
2883,凱基金,24,1,23,富邦-新店,2024-11-06,9661
00919,群益台灣精選高息,59,36,23,富邦-新店,2024-11-06,9661
8261,富鼎,49,26,23,富邦-新店,2024-11-06,9661
2618,長榮航,3957,93,3864,富邦-新店,2024-11-07,9661
6164,華興,1038,70,968,富邦-新店,2024-11-07,9661
1802,台玻,851,17,834,富邦-新店,2024-11-07,9661
00937B,群益ESG投等債20,370,93,277,富邦-新店,2024-11-07,9661
00688L,國泰20年美債正2,226,4,222,富邦-新店,2024-11-07,9661
00878,國泰永續高股息,174,32,142,富邦-新店,2024-11-07,9661
00632R,元大台灣50反1,172,67,105,富邦-新店,2024-11-07,9661
2892,第一金,111,10,101,富邦-新店,2024-11-07,9661
9105,泰金寶-DR,338,250,88,富邦-新店,2024-11-07,9661
1711,永光,86,1,85,富邦-新店,2024-11-07,9661
2615,萬海,116,43,73,富邦-新店,2024-11-07,9661
2014,中鴻,126,59,67,富邦-新店,2024-11-07,9661
1307,三芳,114,47,67,富邦-新店,2024-11-07,9661
00929,復華台灣科技優息,108,42,66,富邦-新店,2024-11-07,9661
2344,華邦電,69,11,58,富邦-新店,2024-11-07,9661
2303,聯電,135,77,58,富邦-新店,2024-11-07,9661
00643,群益深証中小,61,4,57,富邦-新店,2024-11-07,9661
5871,中租-KY,57,1,56,富邦-新店,2024-11-07,9661
00673R,期元大S＆P原油反1,60,5,55,富邦-新店,2024-11-07,9661
00882,中信中國高股息,119,68,51,富邦-新店,2024-11-07,9661
2891,中信金,72,39,33,富邦-新店,2024-11-07,9661
6609,瀧澤科,40,8,32,富邦-新店,2024-11-07,9661
8027,鈦昇,35,3,32,富邦-新店,2024-11-07,9661
3207,耀勝,32,0,32,富邦-新店,2024-11-07,9661
2399,映泰,70,40,30,富邦-新店,2024-11-07,9661
4909,新復興,39,9,30,富邦-新店,2024-11-07,9661
6138,茂達,31,1,30,富邦-新店,2024-11-07,9661
00662,富邦NASDAQ,31,1,30,富邦-新店,2024-11-07,9661
3711,日月光投控,40,14,26,富邦-新店,2024-11-07,9661
6271,同欣電,27,2,25,富邦-新店,2024-11-07,9661
6213,聯茂,24,1,23,富邦-新店,2024-11-07,9661
8112,至上,23,0,23,富邦-新店,2024-11-07,9661
6279,胡連,26,3,23,富邦-新店,2024-11-07,9661
6206,飛捷,28,5,23,富邦-新店,2024-11-07,9661
2489,瑞軒,28,5,23,富邦-新店,2024-11-07,9661
6757,台灣虎航,22,0,22,富邦-新店,2024-11-07,9661
00900,富邦特選高股息30,25,3,22,富邦-新店,2024-11-07,9661
1449,佳和,61,39,22,富邦-新店,2024-11-07,9661
00669R,國泰美國道瓊反1,21,0,21,富邦-新店,2024-11-07,9661
3290,東浦,22,1,21,富邦-新店,2024-11-07,9661
2436,偉詮電,22,1,21,富邦-新店,2024-11-07,9661
2834,臺企銀,23,2,21,富邦-新店,2024-11-07,9661
1717,長興,20,0,20,富邦-新店,2024-11-07,9661
9103,美德醫療-DR,20,0,20,富邦-新店,2024-11-07,9661
2408,南亞科,24,4,20,富邦-新店,2024-11-07,9661
6288,聯嘉,195,176,19,富邦-新店,2024-11-07,9661
6109,亞元,25,6,19,富邦-新店,2024-11-07,9661
8011,台通,39,20,19,富邦-新店,2024-11-07,9661
00905,FT臺灣Smart,39,20,19,富邦-新店,2024-11-07,9661
3413,京鼎,23,4,19,富邦-新店,2024-11-07,9661
00937B,群益ESG投等債20,848,123,725,富邦-新店,2024-11-08,9661
00680L,元大美債20正2,794,156,638,富邦-新店,2024-11-08,9661
6164,華興,377,5,372,富邦-新店,2024-11-08,9661
00878,國泰永續高股息,328,55,273,富邦-新店,2024-11-08,9661
2383,台光電,182,10,172,富邦-新店,2024-11-08,9661
00930,永豐ESG低碳高息,167,0,167,富邦-新店,2024-11-08,9661
3312,弘憶股,160,4,156,富邦-新店,2024-11-08,9661
2303,聯電,133,19,114,富邦-新店,2024-11-08,9661
6138,茂達,110,1,109,富邦-新店,2024-11-08,9661
9105,泰金寶-DR,242,136,106,富邦-新店,2024-11-08,9661
00665L,富邦�琤肭磪囓�2,203,104,99,富邦-新店,2024-11-08,9661
3033,威健,107,10,97,富邦-新店,2024-11-08,9661
6505,台塑化,95,8,87,富邦-新店,2024-11-08,9661
2353,宏��,131,54,77,富邦-新店,2024-11-08,9661
2354,鴻準,252,182,70,富邦-新店,2024-11-08,9661
4958,臻鼎-KY,88,20,68,富邦-新店,2024-11-08,9661
2614,東森,61,1,60,富邦-新店,2024-11-08,9661
2323,中環,60,1,59,富邦-新店,2024-11-08,9661
2314,台揚,73,17,56,富邦-新店,2024-11-08,9661
1301,台塑,56,1,55,富邦-新店,2024-11-08,9661
4510,高鋒,54,0,54,富邦-新店,2024-11-08,9661
2409,友達,52,1,51,富邦-新店,2024-11-08,9661
00887,永豐中國科技50大,112,61,51,富邦-新店,2024-11-08,9661
00679B,元大美債20年,150,100,50,富邦-新店,2024-11-08,9661
2388,威盛,57,7,50,富邦-新店,2024-11-08,9661
1605,華新,49,0,49,富邦-新店,2024-11-08,9661
2317,鴻海,122,76,46,富邦-新店,2024-11-08,9661
00713,元大台灣高息低波,54,8,46,富邦-新店,2024-11-08,9661
00673R,期元大S＆P原油反1,45,0,45,富邦-新店,2024-11-08,9661
4123,晟德,50,6,44,富邦-新店,2024-11-08,9661
00740B,富邦全球投等債,42,0,42,富邦-新店,2024-11-08,9661
2892,第一金,44,3,41,富邦-新店,2024-11-08,9661
2313,華通,62,22,40,富邦-新店,2024-11-08,9661
3037,欣興,75,35,40,富邦-新店,2024-11-08,9661
00948B,中信優息投資級債,46,8,38,富邦-新店,2024-11-08,9661
00637L,元大滬深300正2,369,334,35,富邦-新店,2024-11-08,9661
3062,建漢,156,123,33,富邦-新店,2024-11-08,9661
00636,國泰中國A50,41,9,32,富邦-新店,2024-11-08,9661
2887,台新金,63,31,32,富邦-新店,2024-11-08,9661
1714,和桐,31,0,31,富邦-新店,2024-11-08,9661
00712,復華富時不動產,37,7,30,富邦-新店,2024-11-08,9661
5213,亞昕,30,1,29,富邦-新店,2024-11-08,9661
6156,松上,40,12,28,富邦-新店,2024-11-08,9661
2208,台船,31,4,27,富邦-新店,2024-11-08,9661
3017,奇鋐,54,28,26,富邦-新店,2024-11-08,9661
00915,凱基優選高股息30,31,4,27,富邦-新店,2024-11-08,9661
00720B,元大投資級公司債,40,14,26,富邦-新店,2024-11-08,9661
2890,永豐金,25,1,24,富邦-新店,2024-11-08,9661
3189,景碩,32,8,24,富邦-新店,2024-11-08,9661
00725B,國泰投資級公司債,37,13,24,富邦-新店,2024-11-08,9661
5603,陸海,734,374,360,富邦-新店,2024-11-11,9661
6164,華興,269,0,269,富邦-新店,2024-11-11,9661
00665L,富邦�琤肭磪囓�2,270,20,250,富邦-新店,2024-11-11,9661
00878,國泰永續高股息,272,22,250,富邦-新店,2024-11-11,9661
3234,光環,176,11,165,富邦-新店,2024-11-11,9661
1718,中纖,150,0,150,富邦-新店,2024-11-11,9661
2328,廣宇,119,14,105,富邦-新店,2024-11-11,9661
2882,國泰金,101,0,101,富邦-新店,2024-11-11,9661
00669R,國泰美國道瓊反1,100,0,100,富邦-新店,2024-11-11,9661
00933B,國泰10Y+金融債,100,7,93,富邦-新店,2024-11-11,9661
00639,富邦深100,110,18,92,富邦-新店,2024-11-11,9661
5426,振發,236,150,86,富邦-新店,2024-11-11,9661
00919,群益台灣精選高息,94,21,73,富邦-新店,2024-11-11,9661
4979,華星光,98,26,72,富邦-新店,2024-11-11,9661
00882,中信中國高股息,80,16,64,富邦-新店,2024-11-11,9661
0056,元大高股息,78,15,63,富邦-新店,2024-11-11,9661
2867,三商壽,65,2,63,富邦-新店,2024-11-11,9661
3033,威健,63,1,62,富邦-新店,2024-11-11,9661
1301,台塑,61,0,61,富邦-新店,2024-11-11,9661
2609,陽明,126,67,59,富邦-新店,2024-11-11,9661
00637L,元大滬深300正2,118,60,58,富邦-新店,2024-11-11,9661
2892,第一金,55,0,55,富邦-新店,2024-11-11,9661
2409,友達,54,1,53,富邦-新店,2024-11-11,9661
2880,華南金,52,0,52,富邦-新店,2024-11-11,9661
3711,日月光投控,58,6,52,富邦-新店,2024-11-11,9661
4916,事欣科,54,3,51,富邦-新店,2024-11-11,9661
3011,今皓,56,6,50,富邦-新店,2024-11-11,9661
1605,華新,75,26,49,富邦-新店,2024-11-11,9661
00715L,期街口布蘭特正2,58,12,46,富邦-新店,2024-11-11,9661
1587,吉茂,44,1,43,富邦-新店,2024-11-11,9661
1326,台化,44,1,43,富邦-新店,2024-11-11,9661
00650L,復華香港正2,41,0,41,富邦-新店,2024-11-11,9661
2881,富邦金,42,1,41,富邦-新店,2024-11-11,9661
5511,德昌,40,0,40,富邦-新店,2024-11-11,9661
00915,凱基優選高股息30,46,7,39,富邦-新店,2024-11-11,9661
2615,萬海,85,47,38,富邦-新店,2024-11-11,9661
2353,宏��,235,199,36,富邦-新店,2024-11-11,9661
5386,青雲,53,18,35,富邦-新店,2024-11-11,9661
4510,高鋒,35,0,35,富邦-新店,2024-11-11,9661
9105,泰金寶-DR,144,110,34,富邦-新店,2024-11-11,9661
2545,皇翔,35,2,33,富邦-新店,2024-11-11,9661
4967,十銓,32,2,30,富邦-新店,2024-11-11,9661
00957B,兆豐US優選投等債,30,0,30,富邦-新店,2024-11-11,9661
2646,星宇航空,50,22,28,富邦-新店,2024-11-11,9661
3231,緯創,60,33,27,富邦-新店,2024-11-11,9661
4903,聯光通,47,20,27,富邦-新店,2024-11-11,9661
6227,茂綸,30,3,27,富邦-新店,2024-11-11,9661
00943,兆豐電子高息等權,27,1,26,富邦-新店,2024-11-11,9661
6109,亞元,25,0,25,富邦-新店,2024-11-11,9661
00881,國泰台灣5G+,79,54,25,富邦-新店,2024-11-11,9661
00878,國泰永續高股息,892,8,884,富邦-新店,2024-11-12,9661
2603,長榮,569,10,559,富邦-新店,2024-11-12,9661
00795B,中信美國公債20年,503,45,458,富邦-新店,2024-11-12,9661
00953B,群益優選非投等債,305,0,305,富邦-新店,2024-11-12,9661
1718,中纖,300,13,287,富邦-新店,2024-11-12,9661
0056,元大高股息,283,36,247,富邦-新店,2024-11-12,9661
00632R,元大台灣50反1,307,72,235,富邦-新店,2024-11-12,9661
6164,華興,221,0,221,富邦-新店,2024-11-12,9661
1314,中石化,192,0,192,富邦-新店,2024-11-12,9661
2618,長榮航,209,40,169,富邦-新店,2024-11-12,9661
00715L,期街口布蘭特正2,185,17,168,富邦-新店,2024-11-12,9661
00919,群益台灣精選高息,170,6,164,富邦-新店,2024-11-12,9661
2801,彰銀,145,0,145,富邦-新店,2024-11-12,9661
2356,英業達,221,78,143,富邦-新店,2024-11-12,9661
00915,凱基優選高股息30,144,3,141,富邦-新店,2024-11-12,9661
00713,元大台灣高息低波,142,11,131,富邦-新店,2024-11-12,9661
3211,順達,197,79,118,富邦-新店,2024-11-12,9661
00882,中信中國高股息,122,14,108,富邦-新店,2024-11-12,9661
3044,健鼎,108,0,108,富邦-新店,2024-11-12,9661
1727,中華化,104,0,104,富邦-新店,2024-11-12,9661
3481,群創,99,1,98,富邦-新店,2024-11-12,9661
1802,台玻,227,130,97,富邦-新店,2024-11-12,9661
5871,中租-KY,109,16,93,富邦-新店,2024-11-12,9661
2892,第一金,93,6,87,富邦-新店,2024-11-12,9661
006208,富邦台50,96,13,83,富邦-新店,2024-11-12,9661
2882,國泰金,91,11,80,富邦-新店,2024-11-12,9661
3062,建漢,82,9,73,富邦-新店,2024-11-12,9661
0050,元大台灣50,70,1,69,富邦-新店,2024-11-12,9661
2002,中鋼,87,20,67,富邦-新店,2024-11-12,9661
00949,復華日本龍頭,65,1,64,富邦-新店,2024-11-12,9661
1524,耿鼎,172,111,61,富邦-新店,2024-11-12,9661
2303,聯電,71,11,60,富邦-新店,2024-11-12,9661
9105,泰金寶-DR,91,31,60,富邦-新店,2024-11-12,9661
2023,燁輝,60,0,60,富邦-新店,2024-11-12,9661
00934,中信成長高股息,59,1,58,富邦-新店,2024-11-12,9661
2330,台積電,64,8,56,富邦-新店,2024-11-12,9661
1301,台塑,93,38,55,富邦-新店,2024-11-12,9661
2867,三商壽,58,3,55,富邦-新店,2024-11-12,9661
2344,華邦電,52,1,51,富邦-新店,2024-11-12,9661
00688L,國泰20年美債正2,104,53,51,富邦-新店,2024-11-12,9661
00637L,元大滬深300正2,170,119,51,富邦-新店,2024-11-12,9661
3033,威健,50,0,50,富邦-新店,2024-11-12,9661
2387,精元,53,7,46,富邦-新店,2024-11-12,9661
1605,華新,47,3,44,富邦-新店,2024-11-12,9661
00943,兆豐電子高息等權,44,0,44,富邦-新店,2024-11-12,9661
2324,仁寶,50,9,41,富邦-新店,2024-11-12,9661
2884,玉山金,45,5,40,富邦-新店,2024-11-12,9661
00881,國泰台灣5G+,75,35,40,富邦-新店,2024-11-12,9661
3231,緯創,84,48,36,富邦-新店,2024-11-12,9661
3511,矽瑪,42,7,35,富邦-新店,2024-11-12,9661
00878,國泰永續高股息,450,6,444,富邦-新店,2024-11-13,9661
5603,陸海,367,0,367,富邦-新店,2024-11-13,9661
00715L,期街口布蘭特正2,358,3,355,富邦-新店,2024-11-13,9661
9105,泰金寶-DR,576,290,286,富邦-新店,2024-11-13,9661
00688L,國泰20年美債正2,221,0,221,富邦-新店,2024-11-13,9661
1802,台玻,152,0,152,富邦-新店,2024-11-13,9661
3050,鈺德,173,44,129,富邦-新店,2024-11-13,9661
2883,凱基金,127,7,120,富邦-新店,2024-11-13,9661
2027,大成鋼,125,7,118,富邦-新店,2024-11-13,9661
2337,旺宏,120,20,100,富邦-新店,2024-11-13,9661
00948B,中信優息投資級債,110,20,90,富邦-新店,2024-11-13,9661
2881,富邦金,89,0,89,富邦-新店,2024-11-13,9661
2882,國泰金,88,0,88,富邦-新店,2024-11-13,9661
00679B,元大美債20年,82,3,79,富邦-新店,2024-11-13,9661
00915,凱基優選高股息30,74,0,74,富邦-新店,2024-11-13,9661
6282,康舒,69,12,57,富邦-新店,2024-11-13,9661
2409,友達,59,4,55,富邦-新店,2024-11-13,9661
2312,金寶,424,371,53,富邦-新店,2024-11-13,9661
2834,臺企銀,54,1,53,富邦-新店,2024-11-13,9661
2317,鴻海,80,30,50,富邦-新店,2024-11-13,9661
2495,普安,58,7,51,富邦-新店,2024-11-13,9661
00680L,元大美債20正2,50,0,50,富邦-新店,2024-11-13,9661
2609,陽明,86,39,47,富邦-新店,2024-11-13,9661
00687B,國泰20年美債,68,21,47,富邦-新店,2024-11-13,9661
1101,台泥,59,13,46,富邦-新店,2024-11-13,9661
2891,中信金,68,25,43,富邦-新店,2024-11-13,9661
1102,亞泥,43,2,41,富邦-新店,2024-11-13,9661
0050,元大台灣50,47,7,40,富邦-新店,2024-11-13,9661
2892,第一金,46,6,40,富邦-新店,2024-11-13,9661
00713,元大台灣高息低波,46,6,40,富邦-新店,2024-11-13,9661
2330,台積電,49,9,40,富邦-新店,2024-11-13,9661
2303,聯電,61,21,40,富邦-新店,2024-11-13,9661
00725B,國泰投資級公司債,41,2,39,富邦-新店,2024-11-13,9661
2387,精元,38,1,37,富邦-新店,2024-11-13,9661
0056,元大高股息,67,30,37,富邦-新店,2024-11-13,9661
006208,富邦台50,39,2,37,富邦-新店,2024-11-13,9661
912000,晨訊科-DR,35,0,35,富邦-新店,2024-11-13,9661
1449,佳和,72,41,31,富邦-新店,2024-11-13,9661
4979,華星光,77,46,31,富邦-新店,2024-11-13,9661
4977,眾達-KY,53,24,29,富邦-新店,2024-11-13,9661
2605,新興,35,7,28,富邦-新店,2024-11-13,9661
5880,合庫金,38,10,28,富邦-新店,2024-11-13,9661
1717,長興,25,0,25,富邦-新店,2024-11-13,9661
2377,微星,26,1,25,富邦-新店,2024-11-13,9661
3481,群創,33,9,24,富邦-新店,2024-11-13,9661
00932,兆豐永續高息等權,24,0,24,富邦-新店,2024-11-13,9661
8150,南茂,24,0,24,富邦-新店,2024-11-13,9661
1513,中興電,29,5,24,富邦-新店,2024-11-13,9661
5871,中租-KY,31,8,23,富邦-新店,2024-11-13,9661
1301,台塑,28,5,23,富邦-新店,2024-11-13,9661
00878,國泰永續高股息,860,3,857,富邦-新店,2024-11-14,9661
2610,華航,829,66,763,富邦-新店,2024-11-14,9661
2354,鴻準,418,88,330,富邦-新店,2024-11-14,9661
0056,元大高股息,298,18,280,富邦-新店,2024-11-14,9661
2387,精元,199,3,196,富邦-新店,2024-11-14,9661
5603,陸海,882,704,178,富邦-新店,2024-11-14,9661
00919,群益台灣精選高息,176,20,156,富邦-新店,2024-11-14,9661
00680L,元大美債20正2,155,6,149,富邦-新店,2024-11-14,9661
4566,時碩工業,141,0,141,富邦-新店,2024-11-14,9661
00948B,中信優息投資級債,105,0,105,富邦-新店,2024-11-14,9661
6239,力成,103,0,103,富邦-新店,2024-11-14,9661
00929,復華台灣科技優息,183,88,95,富邦-新店,2024-11-14,9661
00687B,國泰20年美債,166,79,87,富邦-新店,2024-11-14,9661
00915,凱基優選高股息30,82,6,76,富邦-新店,2024-11-14,9661
2603,長榮,82,11,71,富邦-新店,2024-11-14,9661
2303,聯電,165,94,71,富邦-新店,2024-11-14,9661
3048,益登,77,13,64,富邦-新店,2024-11-14,9661
3062,建漢,79,18,61,富邦-新店,2024-11-14,9661
2353,宏��,124,64,60,富邦-新店,2024-11-14,9661
2317,鴻海,94,37,57,富邦-新店,2024-11-14,9661
2882,國泰金,68,12,56,富邦-新店,2024-11-14,9661
1301,台塑,80,26,54,富邦-新店,2024-11-14,9661
2409,友達,50,1,49,富邦-新店,2024-11-14,9661
3022,威強電,50,1,49,富邦-新店,2024-11-14,9661
006208,富邦台50,49,1,48,富邦-新店,2024-11-14,9661
2337,旺宏,51,4,47,富邦-新店,2024-11-14,9661
00937B,群益ESG投等債20,146,100,46,富邦-新店,2024-11-14,9661
00713,元大台灣高息低波,46,0,46,富邦-新店,2024-11-14,9661
6164,華興,46,0,46,富邦-新店,2024-11-14,9661
3576,聯合再生,112,68,44,富邦-新店,2024-11-14,9661
00922,國泰台灣領袖50,43,0,43,富邦-新店,2024-11-14,9661
2344,華邦電,44,4,40,富邦-新店,2024-11-14,9661
3481,群創,49,10,39,富邦-新店,2024-11-14,9661
2884,玉山金,38,0,38,富邦-新店,2024-11-14,9661
2887,台新金,37,0,37,富邦-新店,2024-11-14,9661
2498,宏達電,51,15,36,富邦-新店,2024-11-14,9661
00891,中信關鍵半導體,36,2,34,富邦-新店,2024-11-14,9661
2392,正崴,81,50,31,富邦-新店,2024-11-14,9661
8011,台通,38,7,31,富邦-新店,2024-11-14,9661
2613,中櫃,51,21,30,富邦-新店,2024-11-14,9661
00927,群益半導體收益,33,4,29,富邦-新店,2024-11-14,9661
1303,南亞,30,1,29,富邦-新店,2024-11-14,9661
3090,日電貿,50,21,29,富邦-新店,2024-11-14,9661
2408,南亞科,35,7,28,富邦-新店,2024-11-14,9661
4903,聯光通,49,21,28,富邦-新店,2024-11-14,9661
2402,毅嘉,29,3,26,富邦-新店,2024-11-14,9661
9945,潤泰新,39,13,26,富邦-新店,2024-11-14,9661
0050,元大台灣50,30,4,26,富邦-新店,2024-11-14,9661
1904,正隆,26,0,26,富邦-新店,2024-11-14,9661
4931,新盛力,732,707,25,富邦-新店,2024-11-14,9661
2317,鴻海,1167,84,1083,富邦-新店,2024-11-15,9661
00878,國泰永續高股息,674,5,669,富邦-新店,2024-11-15,9661
1802,台玻,640,0,640,富邦-新店,2024-11-15,9661
1101,台泥,263,53,210,富邦-新店,2024-11-15,9661
2382,廣達,198,60,138,富邦-新店,2024-11-15,9661
6174,安��,139,11,128,富邦-新店,2024-11-15,9661
00688L,國泰20年美債正2,125,0,125,富邦-新店,2024-11-15,9661
00948B,中信優息投資級債,103,0,103,富邦-新店,2024-11-15,9661
3552,同致,93,2,91,富邦-新店,2024-11-15,9661
0056,元大高股息,81,6,75,富邦-新店,2024-11-15,9661
00929,復華台灣科技優息,94,21,73,富邦-新店,2024-11-15,9661
1449,佳和,85,12,73,富邦-新店,2024-11-15,9661
00933B,國泰10Y+金融債,73,0,73,富邦-新店,2024-11-15,9661
2027,大成鋼,44,0,44,富邦-新店,2024-11-15,9661
00679B,元大美債20年,47,6,41,富邦-新店,2024-11-15,9661
3149,正達,56,16,40,富邦-新店,2024-11-15,9661
00713,元大台灣高息低波,41,1,40,富邦-新店,2024-11-15,9661
3706,神達,246,209,37,富邦-新店,2024-11-15,9661
00932,兆豐永續高息等權,35,0,35,富邦-新店,2024-11-15,9661
00940,元大台灣價值高息,62,28,34,富邦-新店,2024-11-15,9661
6126,信音,31,3,28,富邦-新店,2024-11-15,9661
00919,群益台灣精選高息,51,24,27,富邦-新店,2024-11-15,9661
00885,富邦越南,27,0,27,富邦-新店,2024-11-15,9661
00915,凱基優選高股息30,28,1,27,富邦-新店,2024-11-15,9661
00662,富邦NASDAQ,26,0,26,富邦-新店,2024-11-15,9661
2515,中工,26,0,26,富邦-新店,2024-11-15,9661
00675L,富邦臺灣加權正2,28,3,25,富邦-新店,2024-11-15,9661
2324,仁寶,50,25,25,富邦-新店,2024-11-15,9661
00671R,富邦NASDAQ反1,25,0,25,富邦-新店,2024-11-15,9661
4934,太極,30,5,25,富邦-新店,2024-11-15,9661
5309,系統電,63,38,25,富邦-新店,2024-11-15,9661
9946,三發地產,23,0,23,富邦-新店,2024-11-15,9661
6605,帝寶,22,0,22,富邦-新店,2024-11-15,9661
00887,永豐中國科技50大,23,1,22,富邦-新店,2024-11-15,9661
3231,緯創,52,31,21,富邦-新店,2024-11-15,9661
3625,西勝,24,3,21,富邦-新店,2024-11-15,9661
2363,矽統,30,11,19,富邦-新店,2024-11-15,9661
2405,輔信,22,3,19,富邦-新店,2024-11-15,9661
6284,佳邦,20,1,19,富邦-新店,2024-11-15,9661
00943,兆豐電子高息等權,22,3,19,富邦-新店,2024-11-15,9661
2834,臺企銀,30,11,19,富邦-新店,2024-11-15,9661
2611,志信,22,4,18,富邦-新店,2024-11-15,9661
3017,奇鋐,26,8,18,富邦-新店,2024-11-15,9661
3013,晟銘電,69,52,17,富邦-新店,2024-11-15,9661
3202,樺晟,21,4,17,富邦-新店,2024-11-15,9661
3293,鈊象,20,3,17,富邦-新店,2024-11-15,9661
6180,橘子,27,11,16,富邦-新店,2024-11-15,9661
00959B,大華投等美債15Y+,16,0,16,富邦-新店,2024-11-15,9661
3617,碩天,16,0,16,富邦-新店,2024-11-15,9661
4763,材料-KY,16,0,16,富邦-新店,2024-11-15,9661
00878,國泰永續高股息,788,78,710,富邦-新店,2024-11-18,9661
2312,金寶,835,293,542,富邦-新店,2024-11-18,9661
0056,元大高股息,147,2,145,富邦-新店,2024-11-18,9661
3706,神達,269,148,121,富邦-新店,2024-11-18,9661
00937B,群益ESG投等債20,163,45,118,富邦-新店,2024-11-18,9661
3044,健鼎,108,0,108,富邦-新店,2024-11-18,9661
2845,遠東銀,116,12,104,富邦-新店,2024-11-18,9661
2354,鴻準,367,266,101,富邦-新店,2024-11-18,9661
00929,復華台灣科技優息,205,105,100,富邦-新店,2024-11-18,9661
1449,佳和,95,1,94,富邦-新店,2024-11-18,9661
2344,華邦電,90,0,90,富邦-新店,2024-11-18,9661
2633,台灣高鐵,90,9,81,富邦-新店,2024-11-18,9661
2027,大成鋼,125,49,76,富邦-新店,2024-11-18,9661
2881,富邦金,77,7,70,富邦-新店,2024-11-18,9661
9105,泰金寶-DR,275,211,64,富邦-新店,2024-11-18,9661
00715L,期街口布蘭特正2,64,0,64,富邦-新店,2024-11-18,9661
00877,復華中國5G,60,0,60,富邦-新店,2024-11-18,9661
00764B,群益25年美債,60,0,60,富邦-新店,2024-11-18,9661
0050,元大台灣50,67,9,58,富邦-新店,2024-11-18,9661
006208,富邦台50,64,8,56,富邦-新店,2024-11-18,9661
2542,興富發,58,4,54,富邦-新店,2024-11-18,9661
8299,群聯,51,4,47,富邦-新店,2024-11-18,9661
3048,益登,44,0,44,富邦-新店,2024-11-18,9661
9103,美德醫療-DR,46,3,43,富邦-新店,2024-11-18,9661
00720B,元大投資級公司債,45,2,43,富邦-新店,2024-11-18,9661
00891,中信關鍵半導體,43,0,43,富邦-新店,2024-11-18,9661
00943,兆豐電子高息等權,41,0,41,富邦-新店,2024-11-18,9661
3050,鈺德,72,33,39,富邦-新店,2024-11-18,9661
2903,遠百,38,0,38,富邦-新店,2024-11-18,9661
00713,元大台灣高息低波,41,4,37,富邦-新店,2024-11-18,9661
1513,中興電,37,3,34,富邦-新店,2024-11-18,9661
00930,永豐ESG低碳高息,34,0,34,富邦-新店,2024-11-18,9661
00650L,復華香港正2,33,0,33,富邦-新店,2024-11-18,9661
00948B,中信優息投資級債,33,0,33,富邦-新店,2024-11-18,9661
4958,臻鼎-KY,32,0,32,富邦-新店,2024-11-18,9661
2376,技嘉,54,24,30,富邦-新店,2024-11-18,9661
3231,緯創,58,29,29,富邦-新店,2024-11-18,9661
00915,凱基優選高股息30,29,1,28,富邦-新店,2024-11-18,9661
00795B,中信美國公債20年,27,0,27,富邦-新店,2024-11-18,9661
2356,英業達,67,40,27,富邦-新店,2024-11-18,9661
3062,建漢,44,17,27,富邦-新店,2024-11-18,9661
8240,華宏,30,4,26,富邦-新店,2024-11-18,9661
00909,國泰數位支付服務,26,0,26,富邦-新店,2024-11-18,9661
2371,大同,26,1,25,富邦-新店,2024-11-18,9661
4931,新盛力,79,54,25,富邦-新店,2024-11-18,9661
2611,志信,24,0,24,富邦-新店,2024-11-18,9661
9945,潤泰新,30,6,24,富邦-新店,2024-11-18,9661
1524,耿鼎,24,1,23,富邦-新店,2024-11-18,9661
2353,宏��,93,71,22,富邦-新店,2024-11-18,9661
6138,茂達,23,1,22,富邦-新店,2024-11-18,9661
3706,神達,2185,257,1928,富邦-新店,2024-11-19,9661
1504,東元,202,0,202,富邦-新店,2024-11-19,9661
1301,台塑,159,26,133,富邦-新店,2024-11-19,9661
2349,錸德,191,66,125,富邦-新店,2024-11-19,9661
5347,世界,271,161,110,富邦-新店,2024-11-19,9661
2312,金寶,246,137,109,富邦-新店,2024-11-19,9661
2317,鴻海,133,40,93,富邦-新店,2024-11-19,9661
00878,國泰永續高股息,154,63,91,富邦-新店,2024-11-19,9661
3234,光環,78,1,77,富邦-新店,2024-11-19,9661
00637L,元大滬深300正2,172,100,72,富邦-新店,2024-11-19,9661
00635U,期元大S＆P黃金,75,3,72,富邦-新店,2024-11-19,9661
0056,元大高股息,72,8,64,富邦-新店,2024-11-19,9661
2881,富邦金,83,21,62,富邦-新店,2024-11-19,9661
2382,廣達,59,2,57,富邦-新店,2024-11-19,9661
2884,玉山金,60,4,56,富邦-新店,2024-11-19,9661
00897,富邦基因免疫生技,51,0,51,富邦-新店,2024-11-19,9661
3090,日電貿,52,2,50,富邦-新店,2024-11-19,9661
00918,大華優利高填息30,52,5,47,富邦-新店,2024-11-19,9661
00713,元大台灣高息低波,41,0,41,富邦-新店,2024-11-19,9661
2890,永豐金,41,1,40,富邦-新店,2024-11-19,9661
3024,憶聲,37,1,36,富邦-新店,2024-11-19,9661
2303,聯電,80,44,36,富邦-新店,2024-11-19,9661
00655L,國泰中國A50正2,36,2,34,富邦-新店,2024-11-19,9661
1102,亞泥,33,0,33,富邦-新店,2024-11-19,9661
8104,錸寶,64,36,28,富邦-新店,2024-11-19,9661
2027,大成鋼,48,21,27,富邦-新店,2024-11-19,9661
2929,淘帝-KY,34,7,27,富邦-新店,2024-11-19,9661
2105,正新,83,57,26,富邦-新店,2024-11-19,9661
2883,凱基金,24,1,23,富邦-新店,2024-11-19,9661
00751B,元大AAA至A公司債,31,8,23,富邦-新店,2024-11-19,9661
2543,皇昌,27,4,23,富邦-新店,2024-11-19,9661
1464,得力,22,0,22,富邦-新店,2024-11-19,9661
1447,力鵬,22,0,22,富邦-新店,2024-11-19,9661
3231,緯創,31,9,22,富邦-新店,2024-11-19,9661
2356,英業達,36,16,20,富邦-新店,2024-11-19,9661
5321,美而快,20,1,19,富邦-新店,2024-11-19,9661
2323,中環,19,0,19,富邦-新店,2024-11-19,9661
00948B,中信優息投資級債,18,0,18,富邦-新店,2024-11-19,9661
00887,永豐中國科技50大,22,5,17,富邦-新店,2024-11-19,9661
00930,永豐ESG低碳高息,17,1,16,富邦-新店,2024-11-19,9661
5234,達興材料,24,8,16,富邦-新店,2024-11-19,9661
3149,正達,31,15,16,富邦-新店,2024-11-19,9661
3583,辛耘,21,5,16,富邦-新店,2024-11-19,9661
6182,合晶,16,1,15,富邦-新店,2024-11-19,9661
6016,康和證,15,0,15,富邦-新店,2024-11-19,9661
3040,遠見,15,0,15,富邦-新店,2024-11-19,9661
1303,南亞,15,1,14,富邦-新店,2024-11-19,9661
1608,華榮,14,1,13,富邦-新店,2024-11-19,9661
3481,群創,18,6,12,富邦-新店,2024-11-19,9661
6605,帝寶,13,1,12,富邦-新店,2024-11-19,9661
00937B,群益ESG投等債20,424,60,364,富邦-新店,2024-11-20,9661
2349,錸德,315,101,214,富邦-新店,2024-11-20,9661
3044,健鼎,204,0,204,富邦-新店,2024-11-20,9661
00930,永豐ESG低碳高息,165,0,165,富邦-新店,2024-11-20,9661
1802,台玻,132,6,126,富邦-新店,2024-11-20,9661
2332,友訊,147,31,116,富邦-新店,2024-11-20,9661
00929,復華台灣科技優息,141,39,102,富邦-新店,2024-11-20,9661
3625,西勝,94,3,91,富邦-新店,2024-11-20,9661
2607,榮運,90,0,90,富邦-新店,2024-11-20,9661
2356,英業達,102,26,76,富邦-新店,2024-11-20,9661
00878,國泰永續高股息,88,28,60,富邦-新店,2024-11-20,9661
1708,東鹼,74,19,55,富邦-新店,2024-11-20,9661
6288,聯嘉,51,2,49,富邦-新店,2024-11-20,9661
4956,光鋐,80,33,47,富邦-新店,2024-11-20,9661
00895,富邦未來車,45,0,45,富邦-新店,2024-11-20,9661
00943,兆豐電子高息等權,41,1,40,富邦-新店,2024-11-20,9661
4720,德淵,38,0,38,富邦-新店,2024-11-20,9661
4931,新盛力,53,17,36,富邦-新店,2024-11-20,9661
006208,富邦台50,34,1,33,富邦-新店,2024-11-20,9661
3090,日電貿,37,4,33,富邦-新店,2024-11-20,9661
2409,友達,33,0,33,富邦-新店,2024-11-20,9661
2330,台積電,34,2,32,富邦-新店,2024-11-20,9661
2317,鴻海,61,29,32,富邦-新店,2024-11-20,9661
1301,台塑,36,5,31,富邦-新店,2024-11-20,9661
2362,藍天,31,0,31,富邦-新店,2024-11-20,9661
1605,華新,32,2,30,富邦-新店,2024-11-20,9661
00688L,國泰20年美債正2,30,0,30,富邦-新店,2024-11-20,9661
2392,正崴,34,7,27,富邦-新店,2024-11-20,9661
2880,華南金,26,0,26,富邦-新店,2024-11-20,9661
6505,台塑化,30,5,25,富邦-新店,2024-11-20,9661
6558,興能高,27,4,23,富邦-新店,2024-11-20,9661
2328,廣宇,27,4,23,富邦-新店,2024-11-20,9661
2646,星宇航空,27,4,23,富邦-新店,2024-11-20,9661
2603,長榮,50,28,22,富邦-新店,2024-11-20,9661
1303,南亞,22,0,22,富邦-新店,2024-11-20,9661
3511,矽瑪,38,16,22,富邦-新店,2024-11-20,9661
2388,威盛,22,1,21,富邦-新店,2024-11-20,9661
00680L,元大美債20正2,22,1,21,富邦-新店,2024-11-20,9661
2408,南亞科,23,3,20,富邦-新店,2024-11-20,9661
1710,東聯,20,0,20,富邦-新店,2024-11-20,9661
00740B,富邦全球投等債,20,0,20,富邦-新店,2024-11-20,9661
1336,台翰,20,0,20,富邦-新店,2024-11-20,9661
2329,華泰,20,0,20,富邦-新店,2024-11-20,9661
6279,胡連,25,6,19,富邦-新店,2024-11-20,9661
00915,凱基優選高股息30,18,0,18,富邦-新店,2024-11-20,9661
2348,海悅,24,6,18,富邦-新店,2024-11-20,9661
00713,元大台灣高息低波,17,0,17,富邦-新店,2024-11-20,9661
3062,建漢,26,9,17,富邦-新店,2024-11-20,9661
1532,勤美,17,0,17,富邦-新店,2024-11-20,9661
2312,金寶,96,79,17,富邦-新店,2024-11-20,9661
2317,鴻海,1088,17,1071,富邦-新店,2024-11-21,9661
3706,神達,1162,234,928,富邦-新店,2024-11-21,9661
00959B,大華投等美債15Y+,821,0,821,富邦-新店,2024-11-21,9661
00878,國泰永續高股息,280,61,219,富邦-新店,2024-11-21,9661
2882,國泰金,129,10,119,富邦-新店,2024-11-21,9661
2359,所羅門,105,2,103,富邦-新店,2024-11-21,9661
3167,大量,103,4,99,富邦-新店,2024-11-21,9661
2409,友達,98,0,98,富邦-新店,2024-11-21,9661
2312,金寶,259,170,89,富邦-新店,2024-11-21,9661
00680L,元大美債20正2,124,43,81,富邦-新店,2024-11-21,9661
2303,聯電,105,33,72,富邦-新店,2024-11-21,9661
2890,永豐金,71,2,69,富邦-新店,2024-11-21,9661
2881,富邦金,67,2,65,富邦-新店,2024-11-21,9661
4960,誠美材,65,0,65,富邦-新店,2024-11-21,9661
00671R,富邦NASDAQ反1,56,0,56,富邦-新店,2024-11-21,9661
006208,富邦台50,55,2,53,富邦-新店,2024-11-21,9661
2867,三商壽,53,0,53,富邦-新店,2024-11-21,9661
00675L,富邦臺灣加權正2,52,0,52,富邦-新店,2024-11-21,9661
2330,台積電,60,9,51,富邦-新店,2024-11-21,9661
3211,順達,56,6,50,富邦-新店,2024-11-21,9661
8111,立��,58,10,48,富邦-新店,2024-11-21,9661
3483,力致,65,19,46,富邦-新店,2024-11-21,9661
00950B,凱基A級公司債,44,0,44,富邦-新店,2024-11-21,9661
0050,元大台灣50,54,12,42,富邦-新店,2024-11-21,9661
2002,中鋼,41,0,41,富邦-新店,2024-11-21,9661
3450,聯鈞,74,37,37,富邦-新店,2024-11-21,9661
2404,漢唐,58,22,36,富邦-新店,2024-11-21,9661
00881,國泰台灣5G+,49,20,29,富邦-新店,2024-11-21,9661
00953B,群益優選非投等債,34,5,29,富邦-新店,2024-11-21,9661
4956,光鋐,62,34,28,富邦-新店,2024-11-21,9661
0056,元大高股息,47,20,27,富邦-新店,2024-11-21,9661
3715,定穎投控,29,2,27,富邦-新店,2024-11-21,9661
9103,美德醫療-DR,29,3,26,富邦-新店,2024-11-21,9661
2408,南亞科,26,0,26,富邦-新店,2024-11-21,9661
6288,聯嘉,30,5,25,富邦-新店,2024-11-21,9661
1303,南亞,44,20,24,富邦-新店,2024-11-21,9661
2204,中華,85,63,22,富邦-新店,2024-11-21,9661
2609,陽明,186,163,23,富邦-新店,2024-11-21,9661
6138,茂達,27,5,22,富邦-新店,2024-11-21,9661
00713,元大台灣高息低波,22,1,21,富邦-新店,2024-11-21,9661
3050,鈺德,22,1,21,富邦-新店,2024-11-21,9661
00946,群益科技高息成長,21,1,20,富邦-新店,2024-11-21,9661
2201,裕隆,20,0,20,富邦-新店,2024-11-21,9661
8488,吉源-KY,20,0,20,富邦-新店,2024-11-21,9661
5213,亞昕,22,2,20,富邦-新店,2024-11-21,9661
00715L,期街口布蘭特正2,23,3,20,富邦-新店,2024-11-21,9661
00706L,期元大S＆P日圓正2,20,0,20,富邦-新店,2024-11-21,9661
00909,國泰數位支付服務,24,4,20,富邦-新店,2024-11-21,9661
2332,友訊,35,15,20,富邦-新店,2024-11-21,9661
1471,首利,21,2,19,富邦-新店,2024-11-21,9661
1802,台玻,959,250,709,富邦-新店,2024-11-22,9661
2610,華航,713,104,609,富邦-新店,2024-11-22,9661
00664R,國泰臺灣加權反1,310,0,310,富邦-新店,2024-11-22,9661
00902,中信電池及儲能,188,10,178,富邦-新店,2024-11-22,9661
2609,陽明,211,49,162,富邦-新店,2024-11-22,9661
1815,富喬,386,238,148,富邦-新店,2024-11-22,9661
6133,金橋,112,0,112,富邦-新店,2024-11-22,9661
2515,中工,98,1,97,富邦-新店,2024-11-22,9661
1909,榮成,90,0,90,富邦-新店,2024-11-22,9661
8171,天宇,134,46,88,富邦-新店,2024-11-22,9661
1304,台聚,82,1,81,富邦-新店,2024-11-22,9661
1312,國喬,91,11,80,富邦-新店,2024-11-22,9661
3450,聯鈞,106,28,78,富邦-新店,2024-11-22,9661
00632R,元大台灣50反1,75,0,75,富邦-新店,2024-11-22,9661
2324,仁寶,88,14,74,富邦-新店,2024-11-22,9661
00637L,元大滬深300正2,123,51,72,富邦-新店,2024-11-22,9661
00878,國泰永續高股息,95,25,70,富邦-新店,2024-11-22,9661
00948B,中信優息投資級債,66,0,66,富邦-新店,2024-11-22,9661
2891,中信金,101,37,64,富邦-新店,2024-11-22,9661
2615,萬海,86,25,61,富邦-新店,2024-11-22,9661
00882,中信中國高股息,62,2,60,富邦-新店,2024-11-22,9661
2354,鴻準,172,112,60,富邦-新店,2024-11-22,9661
6223,旺矽,57,1,56,富邦-新店,2024-11-22,9661
2362,藍天,66,11,55,富邦-新店,2024-11-22,9661
00930,永豐ESG低碳高息,65,12,53,富邦-新店,2024-11-22,9661
00932,兆豐永續高息等權,58,5,53,富邦-新店,2024-11-22,9661
5213,亞昕,52,0,52,富邦-新店,2024-11-22,9661
5876,上海商銀,56,5,51,富邦-新店,2024-11-22,9661
9946,三發地產,47,0,47,富邦-新店,2024-11-22,9661
00953B,群益優選非投等債,47,0,47,富邦-新店,2024-11-22,9661
00753L,中信中國50正2,56,11,45,富邦-新店,2024-11-22,9661
1781,合世,45,2,43,富邦-新店,2024-11-22,9661
2356,英業達,103,61,42,富邦-新店,2024-11-22,9661
1301,台塑,42,2,40,富邦-新店,2024-11-22,9661
2884,玉山金,54,14,40,富邦-新店,2024-11-22,9661
3015,全漢,72,34,38,富邦-新店,2024-11-22,9661
5426,振發,50,12,38,富邦-新店,2024-11-22,9661
8111,立��,39,3,36,富邦-新店,2024-11-22,9661
6706,惠特,51,16,35,富邦-新店,2024-11-22,9661
3211,順達,47,14,33,富邦-新店,2024-11-22,9661
2603,長榮,54,21,33,富邦-新店,2024-11-22,9661
00719B,元大美債1-3,32,0,32,富邦-新店,2024-11-22,9661
2313,華通,52,21,31,富邦-新店,2024-11-22,9661
4977,眾達-KY,52,22,30,富邦-新店,2024-11-22,9661
00892,富邦台灣半導體,30,0,30,富邦-新店,2024-11-22,9661
4971,IET-KY,56,27,29,富邦-新店,2024-11-22,9661
4729,熒茂,38,9,29,富邦-新店,2024-11-22,9661
2317,鴻海,57,29,28,富邦-新店,2024-11-22,9661
00959B,大華投等美債15Y+,26,0,26,富邦-新店,2024-11-22,9661
1442,名軒,31,5,26,富邦-新店,2024-11-22,9661
4979,華星光,1507,44,1463,富邦-新店,2024-11-25,9661
9105,泰金寶-DR,543,110,433,富邦-新店,2024-11-25,9661
2891,中信金,425,25,400,富邦-新店,2024-11-25,9661
2618,長榮航,331,49,282,富邦-新店,2024-11-25,9661
2528,皇普,187,4,183,富邦-新店,2024-11-25,9661
2367,燿華,172,6,166,富邦-新店,2024-11-25,9661
2312,金寶,1053,894,159,富邦-新店,2024-11-25,9661
00680L,元大美債20正2,269,129,140,富邦-新店,2024-11-25,9661
1802,台玻,259,128,131,富邦-新店,2024-11-25,9661
1438,三地開發,120,0,120,富邦-新店,2024-11-25,9661
00919,群益台灣精選高息,125,15,110,富邦-新店,2024-11-25,9661
2344,華邦電,111,2,109,富邦-新店,2024-11-25,9661
6288,聯嘉,108,2,106,富邦-新店,2024-11-25,9661
5871,中租-KY,86,2,84,富邦-新店,2024-11-25,9661
00887,永豐中國科技50大,74,1,73,富邦-新店,2024-11-25,9661
6546,正基,78,10,68,富邦-新店,2024-11-25,9661
2371,大同,144,78,66,富邦-新店,2024-11-25,9661
3447,展達,90,24,66,富邦-新店,2024-11-25,9661
00937B,群益ESG投等債20,130,66,64,富邦-新店,2024-11-25,9661
00673R,期元大S＆P原油反1,60,0,60,富邦-新店,2024-11-25,9661
00877,復華中國5G,60,0,60,富邦-新店,2024-11-25,9661
9946,三發地產,51,0,51,富邦-新店,2024-11-25,9661
5876,上海商銀,50,0,50,富邦-新店,2024-11-25,9661
00945B,凱基美國非投等債,49,0,49,富邦-新店,2024-11-25,9661
00953B,群益優選非投等債,58,10,48,富邦-新店,2024-11-25,9661
00637L,元大滬深300正2,162,115,47,富邦-新店,2024-11-25,9661
3217,優群,46,2,44,富邦-新店,2024-11-25,9661
00930,永豐ESG低碳高息,44,0,44,富邦-新店,2024-11-25,9661
3264,欣銓,43,0,43,富邦-新店,2024-11-25,9661
4142,國光生,39,0,39,富邦-新店,2024-11-25,9661
00655L,國泰中國A50正2,40,5,35,富邦-新店,2024-11-25,9661
5457,宣德,37,2,35,富邦-新店,2024-11-25,9661
3511,矽瑪,41,9,32,富邦-新店,2024-11-25,9661
2603,長榮,58,27,31,富邦-新店,2024-11-25,9661
3622,洋華,30,0,30,富邦-新店,2024-11-25,9661
00948B,中信優息投資級債,31,3,28,富邦-新店,2024-11-25,9661
6706,惠特,30,3,27,富邦-新店,2024-11-25,9661
5531,鄉林,31,4,27,富邦-新店,2024-11-25,9661
6438,迅得,37,11,26,富邦-新店,2024-11-25,9661
1101,台泥,83,57,26,富邦-新店,2024-11-25,9661
3450,聯鈞,62,37,25,富邦-新店,2024-11-25,9661
00753L,中信中國50正2,68,44,24,富邦-新店,2024-11-25,9661
6629,泰金-KY,21,0,21,富邦-新店,2024-11-25,9661
1809,中釉,58,37,21,富邦-新店,2024-11-25,9661
00635U,期元大S＆P黃金,31,10,21,富邦-新店,2024-11-25,9661
2449,京元電子,44,24,20,富邦-新店,2024-11-25,9661
1799,易威,21,1,20,富邦-新店,2024-11-25,9661
6412,群電,20,0,20,富邦-新店,2024-11-25,9661
00636,國泰中國A50,20,0,20,富邦-新店,2024-11-25,9661
6153,嘉聯益,20,0,20,富邦-新店,2024-11-25,9661
4979,華星光,446,45,401,富邦-新店,2024-11-26,9661
1802,台玻,334,21,313,富邦-新店,2024-11-26,9661
9105,泰金寶-DR,601,326,275,富邦-新店,2024-11-26,9661
2014,中鴻,273,0,273,富邦-新店,2024-11-26,9661
00951,台新日本半導體,237,1,236,富邦-新店,2024-11-26,9661
2317,鴻海,286,57,229,富邦-新店,2024-11-26,9661
1438,三地開發,220,0,220,富邦-新店,2024-11-26,9661
00878,國泰永續高股息,272,62,210,富邦-新店,2024-11-26,9661
2528,皇普,183,0,183,富邦-新店,2024-11-26,9661
00965,元大航太防衛科技,177,18,159,富邦-新店,2024-11-26,9661
2890,永豐金,155,1,154,富邦-新店,2024-11-26,9661
3231,緯創,160,31,129,富邦-新店,2024-11-26,9661
1314,中石化,110,2,108,富邦-新店,2024-11-26,9661
2351,順德,107,5,102,富邦-新店,2024-11-26,9661
1611,中電,80,5,75,富邦-新店,2024-11-26,9661
0056,元大高股息,79,11,68,富邦-新店,2024-11-26,9661
0050,元大台灣50,67,1,66,富邦-新店,2024-11-26,9661
00919,群益台灣精選高息,70,5,65,富邦-新店,2024-11-26,9661
2354,鴻準,107,44,63,富邦-新店,2024-11-26,9661
6282,康舒,55,1,54,富邦-新店,2024-11-26,9661
2371,大同,65,16,49,富邦-新店,2024-11-26,9661
2615,萬海,61,12,49,富邦-新店,2024-11-26,9661
2330,台積電,52,6,46,富邦-新店,2024-11-26,9661
00930,永豐ESG低碳高息,42,0,42,富邦-新店,2024-11-26,9661
00929,復華台灣科技優息,82,41,41,富邦-新店,2024-11-26,9661
00713,元大台灣高息低波,36,0,36,富邦-新店,2024-11-26,9661
5309,系統電,136,101,35,富邦-新店,2024-11-26,9661
2312,金寶,953,918,35,富邦-新店,2024-11-26,9661
00881,國泰台灣5G+,33,0,33,富邦-新店,2024-11-26,9661
2486,一詮,38,7,31,富邦-新店,2024-11-26,9661
00740B,富邦全球投等債,30,0,30,富邦-新店,2024-11-26,9661
4934,太極,30,0,30,富邦-新店,2024-11-26,9661
3706,神達,137,107,30,富邦-新店,2024-11-26,9661
006208,富邦台50,50,20,30,富邦-新店,2024-11-26,9661
2426,鼎元,47,18,29,富邦-新店,2024-11-26,9661
2368,金像電,31,3,28,富邦-新店,2024-11-26,9661
2344,華邦電,42,14,28,富邦-新店,2024-11-26,9661
4142,國光生,34,6,28,富邦-新店,2024-11-26,9661
2377,微星,27,0,27,富邦-新店,2024-11-26,9661
00655L,國泰中國A50正2,22,1,21,富邦-新店,2024-11-26,9661
912000,晨訊科-DR,20,0,20,富邦-新店,2024-11-26,9661
5222,全訊,22,2,20,富邦-新店,2024-11-26,9661
8429,金麗-KY,20,0,20,富邦-新店,2024-11-26,9661
00953B,群益優選非投等債,20,0,20,富邦-新店,2024-11-26,9661
8033,雷虎,28,8,20,富邦-新店,2024-11-26,9661
1515,力山,21,1,20,富邦-新店,2024-11-26,9661
2884,玉山金,25,5,20,富邦-新店,2024-11-26,9661
2474,可成,222,203,19,富邦-新店,2024-11-26,9661
5213,亞昕,20,1,19,富邦-新店,2024-11-26,9661
8047,星雲,20,2,18,富邦-新店,2024-11-26,9661
1802,台玻,2435,7,2428,富邦-新店,2024-11-27,9661
00878,國泰永續高股息,473,28,445,富邦-新店,2024-11-27,9661
00919,群益台灣精選高息,349,25,324,富邦-新店,2024-11-27,9661
0056,元大高股息,261,16,245,富邦-新店,2024-11-27,9661
00940,元大台灣價值高息,238,24,214,富邦-新店,2024-11-27,9661
2317,鴻海,273,94,179,富邦-新店,2024-11-27,9661
2603,長榮,402,237,165,富邦-新店,2024-11-27,9661
2332,友訊,244,86,158,富邦-新店,2024-11-27,9661
3231,緯創,202,50,152,富邦-新店,2024-11-27,9661
1815,富喬,322,174,148,富邦-新店,2024-11-27,9661
00943,兆豐電子高息等權,145,4,141,富邦-新店,2024-11-27,9661
00929,復華台灣科技優息,200,66,134,富邦-新店,2024-11-27,9661
1438,三地開發,99,0,99,富邦-新店,2024-11-27,9661
2303,聯電,169,75,94,富邦-新店,2024-11-27,9661
5522,遠雄,93,3,90,富邦-新店,2024-11-27,9661
2609,陽明,242,152,90,富邦-新店,2024-11-27,9661
1536,和大,199,114,85,富邦-新店,2024-11-27,9661
2330,台積電,95,14,81,富邦-新店,2024-11-27,9661
0050,元大台灣50,77,2,75,富邦-新店,2024-11-27,9661
6770,力積電,68,0,68,富邦-新店,2024-11-27,9661
006208,富邦台50,65,1,64,富邦-新店,2024-11-27,9661
00930,永豐ESG低碳高息,63,0,63,富邦-新店,2024-11-27,9661
2881,富邦金,68,7,61,富邦-新店,2024-11-27,9661
4526,東台,123,63,60,富邦-新店,2024-11-27,9661
9946,三發地產,50,0,50,富邦-新店,2024-11-27,9661
2615,萬海,112,64,48,富邦-新店,2024-11-27,9661
3689,湧德,45,0,45,富邦-新店,2024-11-27,9661
2426,鼎元,75,36,39,富邦-新店,2024-11-27,9661
00922,國泰台灣領袖50,36,0,36,富邦-新店,2024-11-27,9661
2382,廣達,42,6,36,富邦-新店,2024-11-27,9661
2834,臺企銀,37,4,33,富邦-新店,2024-11-27,9661
5531,鄉林,53,20,33,富邦-新店,2024-11-27,9661
00918,大華優利高填息30,34,2,32,富邦-新店,2024-11-27,9661
6116,彩晶,45,15,30,富邦-新店,2024-11-27,9661
2376,技嘉,45,15,30,富邦-新店,2024-11-27,9661
6901,鑽石投資,28,0,28,富邦-新店,2024-11-27,9661
00927,群益半導體收益,31,3,28,富邦-新店,2024-11-27,9661
4916,事欣科,37,10,27,富邦-新店,2024-11-27,9661
00915,凱基優選高股息30,26,0,26,富邦-新店,2024-11-27,9661
2002,中鋼,31,5,26,富邦-新店,2024-11-27,9661
3230,錦明,40,15,25,富邦-新店,2024-11-27,9661
1531,高林股,31,6,25,富邦-新店,2024-11-27,9661
00937B,群益ESG投等債20,200,176,24,富邦-新店,2024-11-27,9661
3037,欣興,50,26,24,富邦-新店,2024-11-27,9661
3447,展達,47,24,23,富邦-新店,2024-11-27,9661
2204,中華,86,63,23,富邦-新店,2024-11-27,9661
00881,國泰台灣5G+,43,21,22,富邦-新店,2024-11-27,9661
3013,晟銘電,27,5,22,富邦-新店,2024-11-27,9661
3027,盛達,22,0,22,富邦-新店,2024-11-27,9661
8099,大世科,21,0,21,富邦-新店,2024-11-27,9661
00878,國泰永續高股息,413,79,334,富邦-新店,2024-11-28,9661
00632R,元大台灣50反1,279,46,233,富邦-新店,2024-11-28,9661
00919,群益台灣精選高息,230,22,208,富邦-新店,2024-11-28,9661
2528,皇普,180,0,180,富邦-新店,2024-11-28,9661
0056,元大高股息,242,69,173,富邦-新店,2024-11-28,9661
1301,台塑,165,7,158,富邦-新店,2024-11-28,9661
2027,大成鋼,109,2,107,富邦-新店,2024-11-28,9661
00930,永豐ESG低碳高息,96,0,96,富邦-新店,2024-11-28,9661
1605,華新,114,20,94,富邦-新店,2024-11-28,9661
9938,百和,93,0,93,富邦-新店,2024-11-28,9661
1438,三地開發,93,1,92,富邦-新店,2024-11-28,9661
4916,事欣科,159,77,82,富邦-新店,2024-11-28,9661
00713,元大台灣高息低波,80,1,79,富邦-新店,2024-11-28,9661
5603,陸海,80,1,79,富邦-新店,2024-11-28,9661
2303,聯電,278,208,70,富邦-新店,2024-11-28,9661
3234,光環,61,0,61,富邦-新店,2024-11-28,9661
00905,FT臺灣Smart,59,1,58,富邦-新店,2024-11-28,9661
8038,長園科,64,6,58,富邦-新店,2024-11-28,9661
00943,兆豐電子高息等權,58,0,58,富邦-新店,2024-11-28,9661
00924,復華S＆P500成長,51,1,50,富邦-新店,2024-11-28,9661
00686R,群益臺灣加權反1,50,0,50,富邦-新店,2024-11-28,9661
0050,元大台灣50,59,9,50,富邦-新店,2024-11-28,9661
5309,系統電,63,17,46,富邦-新店,2024-11-28,9661
3712,永崴投控,54,12,42,富邦-新店,2024-11-28,9661
1303,南亞,43,2,41,富邦-新店,2024-11-28,9661
1815,富喬,253,214,39,富邦-新店,2024-11-28,9661
00946,群益科技高息成長,38,0,38,富邦-新店,2024-11-28,9661
3231,緯創,78,40,38,富邦-新店,2024-11-28,9661
00915,凱基優選高股息30,43,6,37,富邦-新店,2024-11-28,9661
8171,天宇,41,7,34,富邦-新店,2024-11-28,9661
6770,力積電,34,2,32,富邦-新店,2024-11-28,9661
2330,台積電,45,13,32,富邦-新店,2024-11-28,9661
2002,中鋼,54,23,31,富邦-新店,2024-11-28,9661
00918,大華優利高填息30,37,6,31,富邦-新店,2024-11-28,9661
2903,遠百,30,0,30,富邦-新店,2024-11-28,9661
006208,富邦台50,40,9,31,富邦-新店,2024-11-28,9661
2867,三商壽,33,3,30,富邦-新店,2024-11-28,9661
2236,百達-KY,32,3,29,富邦-新店,2024-11-28,9661
00881,國泰台灣5G+,32,4,28,富邦-新店,2024-11-28,9661
00676R,富邦臺灣加權反1,50,23,27,富邦-新店,2024-11-28,9661
00922,國泰台灣領袖50,26,0,26,富邦-新店,2024-11-28,9661
8069,元太,26,1,25,富邦-新店,2024-11-28,9661
2402,毅嘉,27,3,24,富邦-新店,2024-11-28,9661
2614,東森,24,0,24,富邦-新店,2024-11-28,9661
00706L,期元大S＆P日圓正2,23,0,23,富邦-新店,2024-11-28,9661
2646,星宇航空,27,4,23,富邦-新店,2024-11-28,9661
2603,長榮,49,26,23,富邦-新店,2024-11-28,9661
2204,中華,32,9,23,富邦-新店,2024-11-28,9661
4960,誠美材,22,0,22,富邦-新店,2024-11-28,9661
3230,錦明,34,13,21,富邦-新店,2024-11-28,9661
2528,皇普,357,0,357,富邦-新店,2024-11-29,9661
2027,大成鋼,158,0,158,富邦-新店,2024-11-29,9661
00878,國泰永續高股息,215,66,149,富邦-新店,2024-11-29,9661
8069,元太,130,1,129,富邦-新店,2024-11-29,9661
1438,三地開發,104,0,104,富邦-新店,2024-11-29,9661
1301,台塑,113,15,98,富邦-新店,2024-11-29,9661
2317,鴻海,129,36,93,富邦-新店,2024-11-29,9661
2354,鴻準,145,62,83,富邦-新店,2024-11-29,9661
2834,臺企銀,170,100,70,富邦-新店,2024-11-29,9661
5880,合庫金,68,0,68,富邦-新店,2024-11-29,9661
2888,新光金,95,30,65,富邦-新店,2024-11-29,9661
00922,國泰台灣領袖50,65,1,64,富邦-新店,2024-11-29,9661
2801,彰銀,59,1,58,富邦-新店,2024-11-29,9661
2359,所羅門,63,8,55,富邦-新店,2024-11-29,9661
2303,聯電,71,23,48,富邦-新店,2024-11-29,9661
8028,昇陽半導體,59,11,48,富邦-新店,2024-11-29,9661
2426,鼎元,53,5,48,富邦-新店,2024-11-29,9661
2615,萬海,56,11,45,富邦-新店,2024-11-29,9661
2889,國票金,56,12,44,富邦-新店,2024-11-29,9661
4938,和碩,43,2,41,富邦-新店,2024-11-29,9661
00915,凱基優選高股息30,39,1,38,富邦-新店,2024-11-29,9661
3583,辛耘,36,0,36,富邦-新店,2024-11-29,9661
5603,陸海,35,1,34,富邦-新店,2024-11-29,9661
3231,緯創,78,45,33,富邦-新店,2024-11-29,9661
2002,中鋼,32,1,31,富邦-新店,2024-11-29,9661
2883,凱基金,50,19,31,富邦-新店,2024-11-29,9661
1102,亞泥,30,0,30,富邦-新店,2024-11-29,9661
3338,泰碩,34,4,30,富邦-新店,2024-11-29,9661
00953B,群益優選非投等債,29,0,29,富邦-新店,2024-11-29,9661
2392,正崴,99,70,29,富邦-新店,2024-11-29,9661
00881,國泰台灣5G+,31,3,28,富邦-新店,2024-11-29,9661
006208,富邦台50,30,3,27,富邦-新店,2024-11-29,9661
1799,易威,25,0,25,富邦-新店,2024-11-29,9661
1605,華新,27,2,25,富邦-新店,2024-11-29,9661
1815,富喬,115,92,23,富邦-新店,2024-11-29,9661
4510,高鋒,125,102,23,富邦-新店,2024-11-29,9661
2641,正德,23,1,22,富邦-新店,2024-11-29,9661
3230,錦明,26,4,22,富邦-新店,2024-11-29,9661
6505,台塑化,23,2,21,富邦-新店,2024-11-29,9661
6530,創威,39,18,21,富邦-新店,2024-11-29,9661
2408,南亞科,567,547,20,富邦-新店,2024-11-29,9661
2376,技嘉,22,2,20,富邦-新店,2024-11-29,9661
00643,群益深証中小,20,0,20,富邦-新店,2024-11-29,9661
2706,第一店,20,0,20,富邦-新店,2024-11-29,9661
00919,群益台灣精選高息,88,69,19,富邦-新店,2024-11-29,9661
2444,兆勁,20,2,18,富邦-新店,2024-11-29,9661
2344,華邦電,26,8,18,富邦-新店,2024-11-29,9661
1611,中電,22,4,18,富邦-新店,2024-11-29,9661
2605,新興,22,5,17,富邦-新店,2024-11-29,9661
1524,耿鼎,22,5,17,富邦-新店,2024-11-29,9661
2610,華航,9346,115,9231,富邦-新店,2024-12-02,9661
4979,華星光,1572,1091,481,富邦-新店,2024-12-02,9661
2027,大成鋼,277,6,271,富邦-新店,2024-12-02,9661
00632R,元大台灣50反1,514,267,247,富邦-新店,2024-12-02,9661
2528,皇普,177,1,176,富邦-新店,2024-12-02,9661
2383,台光電,157,33,124,富邦-新店,2024-12-02,9661
1438,三地開發,118,0,118,富邦-新店,2024-12-02,9661
2455,全新,133,28,105,富邦-新店,2024-12-02,9661
00953B,群益優選非投等債,106,4,102,富邦-新店,2024-12-02,9661
9105,泰金寶-DR,174,74,100,富邦-新店,2024-12-02,9661
2368,金像電,102,3,99,富邦-新店,2024-12-02,9661
2317,鴻海,122,23,99,富邦-新店,2024-12-02,9661
2337,旺宏,91,18,73,富邦-新店,2024-12-02,9661
4977,眾達-KY,110,46,64,富邦-新店,2024-12-02,9661
8038,長園科,62,1,61,富邦-新店,2024-12-02,9661
8171,天宇,72,19,53,富邦-新店,2024-12-02,9661
3447,展達,98,47,51,富邦-新店,2024-12-02,9661
3231,緯創,58,13,45,富邦-新店,2024-12-02,9661
2356,英業達,65,20,45,富邦-新店,2024-12-02,9661
00715L,期街口布蘭特正2,45,2,43,富邦-新店,2024-12-02,9661
2359,所羅門,49,9,40,富邦-新店,2024-12-02,9661
00665L,富邦�琤肭磪囓�2,37,0,37,富邦-新店,2024-12-02,9661
6223,旺矽,38,2,36,富邦-新店,2024-12-02,9661
3323,加百裕,203,169,34,富邦-新店,2024-12-02,9661
2408,南亞科,256,222,34,富邦-新店,2024-12-02,9661
00909,國泰數位支付服務,43,10,33,富邦-新店,2024-12-02,9661
4931,新盛力,90,59,31,富邦-新店,2024-12-02,9661
5907,大洋-KY,42,11,31,富邦-新店,2024-12-02,9661
3706,神達,181,151,30,富邦-新店,2024-12-02,9661
4123,晟德,32,3,29,富邦-新店,2024-12-02,9661
2545,皇翔,30,2,28,富邦-新店,2024-12-02,9661
3013,晟銘電,28,1,27,富邦-新店,2024-12-02,9661
3029,零壹,42,16,26,富邦-新店,2024-12-02,9661
2236,百達-KY,28,3,25,富邦-新店,2024-12-02,9661
6127,九豪,29,4,25,富邦-新店,2024-12-02,9661
5603,陸海,26,1,25,富邦-新店,2024-12-02,9661
5328,華容,63,38,25,富邦-新店,2024-12-02,9661
2614,東森,23,0,23,富邦-新店,2024-12-02,9661
00918,大華優利高填息30,30,8,22,富邦-新店,2024-12-02,9661
2615,萬海,42,21,21,富邦-新店,2024-12-02,9661
2605,新興,22,1,21,富邦-新店,2024-12-02,9661
00637L,元大滬深300正2,43,22,21,富邦-新店,2024-12-02,9661
2542,興富發,29,9,20,富邦-新店,2024-12-02,9661
2331,精英,20,0,20,富邦-新店,2024-12-02,9661
1314,中石化,20,1,19,富邦-新店,2024-12-02,9661
2646,星宇航空,19,1,18,富邦-新店,2024-12-02,9661
6443,元晶,32,15,17,富邦-新店,2024-12-02,9661
1316,上曜,18,1,17,富邦-新店,2024-12-02,9661
2382,廣達,26,10,16,富邦-新店,2024-12-02,9661
1605,華新,17,1,16,富邦-新店,2024-12-02,9661
00919,群益台灣精選高息,781,82,699,富邦-新店,2024-12-03,9661
00953B,群益優選非投等債,312,0,312,富邦-新店,2024-12-03,9661
00918,大華優利高填息30,285,30,255,富邦-新店,2024-12-03,9661
2383,台光電,210,9,201,富邦-新店,2024-12-03,9661
3576,聯合再生,200,0,200,富邦-新店,2024-12-03,9661
2368,金像電,158,14,144,富邦-新店,2024-12-03,9661
0056,元大高股息,126,17,109,富邦-新店,2024-12-03,9661
00878,國泰永續高股息,126,48,78,富邦-新店,2024-12-03,9661
00915,凱基優選高股息30,85,13,72,富邦-新店,2024-12-03,9661
2027,大成鋼,67,0,67,富邦-新店,2024-12-03,9661
00930,永豐ESG低碳高息,70,3,67,富邦-新店,2024-12-03,9661
00959B,大華投等美債15Y+,88,24,64,富邦-新店,2024-12-03,9661
00933B,國泰10Y+金融債,62,1,61,富邦-新店,2024-12-03,9661
2890,永豐金,115,54,61,富邦-新店,2024-12-03,9661
3029,零壹,67,10,57,富邦-新店,2024-12-03,9661
2204,中華,56,0,56,富邦-新店,2024-12-03,9661
00907,永豐優息存股,58,3,55,富邦-新店,2024-12-03,9661
8147,正淩,60,7,53,富邦-新店,2024-12-03,9661
3704,合勤控,51,1,50,富邦-新店,2024-12-03,9661
5603,陸海,47,0,47,富邦-新店,2024-12-03,9661
1815,富喬,95,54,41,富邦-新店,2024-12-03,9661
4931,新盛力,154,114,40,富邦-新店,2024-12-03,9661
2486,一詮,96,57,39,富邦-新店,2024-12-03,9661
5371,中光電,51,16,35,富邦-新店,2024-12-03,9661
00715L,期街口布蘭特正2,41,7,34,富邦-新店,2024-12-03,9661
2855,統一證,34,0,34,富邦-新店,2024-12-03,9661
2353,宏��,35,2,33,富邦-新店,2024-12-03,9661
5213,亞昕,32,0,32,富邦-新店,2024-12-03,9661
2455,全新,48,16,32,富邦-新店,2024-12-03,9661
00713,元大台灣高息低波,37,7,30,富邦-新店,2024-12-03,9661
2388,威盛,33,4,29,富邦-新店,2024-12-03,9661
2317,鴻海,68,38,30,富邦-新店,2024-12-03,9661
4977,眾達-KY,70,44,26,富邦-新店,2024-12-03,9661
1301,台塑,42,16,26,富邦-新店,2024-12-03,9661
1303,南亞,30,4,26,富邦-新店,2024-12-03,9661
3022,威強電,25,0,25,富邦-新店,2024-12-03,9661
4303,信立,54,33,21,富邦-新店,2024-12-03,9661
5907,大洋-KY,22,1,21,富邦-新店,2024-12-03,9661
912000,晨訊科-DR,20,0,20,富邦-新店,2024-12-03,9661
8028,昇陽半導體,34,15,19,富邦-新店,2024-12-03,9661
3033,威健,22,3,19,富邦-新店,2024-12-03,9661
2344,華邦電,21,2,19,富邦-新店,2024-12-03,9661
9946,三發地產,18,0,18,富邦-新店,2024-12-03,9661
2408,南亞科,62,45,17,富邦-新店,2024-12-03,9661
00909,國泰數位支付服務,17,1,16,富邦-新店,2024-12-03,9661
8112,至上,18,2,16,富邦-新店,2024-12-03,9661
4904,遠傳,16,0,16,富邦-新店,2024-12-03,9661
8171,天宇,19,3,16,富邦-新店,2024-12-03,9661
3260,威剛,15,0,15,富邦-新店,2024-12-03,9661
5426,振發,14,0,14,富邦-新店,2024-12-03,9661
1815,富喬,975,281,694,富邦-新店,2024-12-04,9661
2368,金像電,507,19,488,富邦-新店,2024-12-04,9661
00687B,國泰20年美債,346,10,336,富邦-新店,2024-12-04,9661
2354,鴻準,361,50,311,富邦-新店,2024-12-04,9661
00953B,群益優選非投等債,302,3,299,富邦-新店,2024-12-04,9661
8028,昇陽半導體,213,11,202,富邦-新店,2024-12-04,9661
2603,長榮,212,19,193,富邦-新店,2024-12-04,9661
00918,大華優利高填息30,187,6,181,富邦-新店,2024-12-04,9661
1301,台塑,176,20,156,富邦-新店,2024-12-04,9661
2801,彰銀,138,6,132,富邦-新店,2024-12-04,9661
2359,所羅門,133,12,121,富邦-新店,2024-12-04,9661
5603,陸海,116,0,116,富邦-新店,2024-12-04,9661
3706,神達,372,260,112,富邦-新店,2024-12-04,9661
00942B,台新美A公司債20+,110,0,110,富邦-新店,2024-12-04,9661
2383,台光電,130,25,105,富邦-新店,2024-12-04,9661
2880,華南金,90,12,78,富邦-新店,2024-12-04,9661
1802,台玻,161,86,75,富邦-新店,2024-12-04,9661
6127,九豪,125,50,75,富邦-新店,2024-12-04,9661
3045,台灣大,68,0,68,富邦-新店,2024-12-04,9661
00907,永豐優息存股,68,2,66,富邦-新店,2024-12-04,9661
00878,國泰永續高股息,101,38,63,富邦-新店,2024-12-04,9661
9105,泰金寶-DR,129,68,61,富邦-新店,2024-12-04,9661
2888,新光金,92,32,60,富邦-新店,2024-12-04,9661
5328,華容,146,96,50,富邦-新店,2024-12-04,9661
00637L,元大滬深300正2,67,18,49,富邦-新店,2024-12-04,9661
2408,南亞科,67,19,48,富邦-新店,2024-12-04,9661
5371,中光電,44,2,42,富邦-新店,2024-12-04,9661
5213,亞昕,40,0,40,富邦-新店,2024-12-04,9661
00919,群益台灣精選高息,162,123,39,富邦-新店,2024-12-04,9661
00679B,元大美債20年,106,68,38,富邦-新店,2024-12-04,9661
3447,展達,49,12,37,富邦-新店,2024-12-04,9661
1721,三晃,32,0,32,富邦-新店,2024-12-04,9661
00915,凱基優選高股息30,39,9,30,富邦-新店,2024-12-04,9661
9914,美利達,30,0,30,富邦-新店,2024-12-04,9661
2387,精元,28,0,28,富邦-新店,2024-12-04,9661
2419,仲琦,40,15,25,富邦-新店,2024-12-04,9661
3234,光環,43,18,25,富邦-新店,2024-12-04,9661
00924,復華S＆P500成長,25,0,25,富邦-新店,2024-12-04,9661
0056,元大高股息,60,35,25,富邦-新店,2024-12-04,9661
00646,元大S＆P500,24,0,24,富邦-新店,2024-12-04,9661
6116,彩晶,27,3,24,富邦-新店,2024-12-04,9661
3694,海華,65,41,24,富邦-新店,2024-12-04,9661
00712,復華富時不動產,25,1,24,富邦-新店,2024-12-04,9661
2303,聯電,40,16,24,富邦-新店,2024-12-04,9661
1785,光洋科,31,9,22,富邦-新店,2024-12-04,9661
00753L,中信中國50正2,35,14,21,富邦-新店,2024-12-04,9661
4721,美琪瑪,21,0,21,富邦-新店,2024-12-04,9661
3625,西勝,26,5,21,富邦-新店,2024-12-04,9661
2349,錸德,37,17,20,富邦-新店,2024-12-04,9661
4903,聯光通,57,37,20,富邦-新店,2024-12-04,9661
2834,臺企銀,487,0,487,富邦-新店,2024-12-05,9661
2480,敦陽科,431,4,427,富邦-新店,2024-12-05,9661
00918,大華優利高填息30,283,10,273,富邦-新店,2024-12-05,9661
00937B,群益ESG投等債20,373,120,253,富邦-新店,2024-12-05,9661
00953B,群益優選非投等債,216,2,214,富邦-新店,2024-12-05,9661
3189,景碩,137,35,102,富邦-新店,2024-12-05,9661
00715L,期街口布蘭特正2,103,5,98,富邦-新店,2024-12-05,9661
2344,華邦電,99,10,89,富邦-新店,2024-12-05,9661
00915,凱基優選高股息30,89,7,82,富邦-新店,2024-12-05,9661
3234,光環,91,11,80,富邦-新店,2024-12-05,9661
00909,國泰數位支付服務,87,23,64,富邦-新店,2024-12-05,9661
1609,大亞,61,2,59,富邦-新店,2024-12-05,9661
2303,聯電,86,34,52,富邦-新店,2024-12-05,9661
5309,系統電,117,66,51,富邦-新店,2024-12-05,9661
1301,台塑,84,34,50,富邦-新店,2024-12-05,9661
00665L,富邦�琤肭磪囓�2,60,10,50,富邦-新店,2024-12-05,9661
2801,彰銀,62,14,48,富邦-新店,2024-12-05,9661
3015,全漢,68,21,47,富邦-新店,2024-12-05,9661
8081,致新,47,1,46,富邦-新店,2024-12-05,9661
4931,新盛力,212,169,43,富邦-新店,2024-12-05,9661
00919,群益台灣精選高息,145,103,42,富邦-新店,2024-12-05,9661
2392,正崴,114,73,41,富邦-新店,2024-12-05,9661
2498,宏達電,42,3,39,富邦-新店,2024-12-05,9661
1303,南亞,39,0,39,富邦-新店,2024-12-05,9661
00926,凱基全球菁英55,37,0,37,富邦-新店,2024-12-05,9661
2371,大同,44,12,32,富邦-新店,2024-12-05,9661
3211,順達,117,86,31,富邦-新店,2024-12-05,9661
2615,萬海,33,2,31,富邦-新店,2024-12-05,9661
8042,金山電,345,315,30,富邦-新店,2024-12-05,9661
3548,兆利,32,2,30,富邦-新店,2024-12-05,9661
2337,旺宏,152,123,29,富邦-新店,2024-12-05,9661
6127,九豪,97,70,27,富邦-新店,2024-12-05,9661
2542,興富發,38,12,26,富邦-新店,2024-12-05,9661
2609,陽明,30,4,26,富邦-新店,2024-12-05,9661
3704,合勤控,26,1,25,富邦-新店,2024-12-05,9661
6530,創威,33,8,25,富邦-新店,2024-12-05,9661
6214,精誠,40,16,24,富邦-新店,2024-12-05,9661
2367,燿華,35,13,22,富邦-新店,2024-12-05,9661
1316,上曜,22,1,21,富邦-新店,2024-12-05,9661
6689,伊雲谷,28,7,21,富邦-新店,2024-12-05,9661
2888,新光金,23,3,20,富邦-新店,2024-12-05,9661
1447,力鵬,20,0,20,富邦-新店,2024-12-05,9661
2427,三商電,25,6,19,富邦-新店,2024-12-05,9661
3003,健和興,39,21,18,富邦-新店,2024-12-05,9661
6558,興能高,132,115,17,富邦-新店,2024-12-05,9661
6443,元晶,21,4,17,富邦-新店,2024-12-05,9661
2002,中鋼,20,3,17,富邦-新店,2024-12-05,9661
2408,南亞科,21,4,17,富邦-新店,2024-12-05,9661
1708,東鹼,20,3,17,富邦-新店,2024-12-05,9661
3062,建漢,24,7,17,富邦-新店,2024-12-05,9661
3029,零壹,1187,147,1040,富邦-新店,2024-12-06,9661
1463,強盛新,218,0,218,富邦-新店,2024-12-06,9661
00919,群益台灣精選高息,208,29,179,富邦-新店,2024-12-06,9661
2354,鴻準,413,249,164,富邦-新店,2024-12-06,9661
00715L,期街口布蘭特正2,159,5,154,富邦-新店,2024-12-06,9661
00953B,群益優選非投等債,121,0,121,富邦-新店,2024-12-06,9661
4919,新唐,111,10,101,富邦-新店,2024-12-06,9661
00740B,富邦全球投等債,100,1,99,富邦-新店,2024-12-06,9661
2337,旺宏,233,144,89,富邦-新店,2024-12-06,9661
00965,元大航太防衛科技,71,0,71,富邦-新店,2024-12-06,9661
3706,神達,373,308,65,富邦-新店,2024-12-06,9661
00905,FT臺灣Smart,65,0,65,富邦-新店,2024-12-06,9661
00918,大華優利高填息30,218,157,61,富邦-新店,2024-12-06,9661
00713,元大台灣高息低波,56,1,55,富邦-新店,2024-12-06,9661
5531,鄉林,51,1,50,富邦-新店,2024-12-06,9661
5439,高技,48,5,43,富邦-新店,2024-12-06,9661
00909,國泰數位支付服務,69,29,40,富邦-新店,2024-12-06,9661
2399,映泰,82,45,37,富邦-新店,2024-12-06,9661
00712,復華富時不動產,47,10,37,富邦-新店,2024-12-06,9661
6757,台灣虎航,39,2,37,富邦-新店,2024-12-06,9661
2385,群光,35,1,34,富邦-新店,2024-12-06,9661
00922,國泰台灣領袖50,34,0,34,富邦-新店,2024-12-06,9661
8069,元太,53,19,34,富邦-新店,2024-12-06,9661
1301,台塑,44,11,33,富邦-新店,2024-12-06,9661
5880,合庫金,31,0,31,富邦-新店,2024-12-06,9661
5309,系統電,76,45,31,富邦-新店,2024-12-06,9661
2002,中鋼,33,3,30,富邦-新店,2024-12-06,9661
00688L,國泰20年美債正2,50,20,30,富邦-新店,2024-12-06,9661
00894,中信小資高價30,29,0,29,富邦-新店,2024-12-06,9661
1303,南亞,35,7,28,富邦-新店,2024-12-06,9661
2376,技嘉,42,15,27,富邦-新店,2024-12-06,9661
1815,富喬,195,169,26,富邦-新店,2024-12-06,9661
2884,玉山金,45,20,25,富邦-新店,2024-12-06,9661
1605,華新,33,10,23,富邦-新店,2024-12-06,9661
6763,綠界科技*,25,3,22,富邦-新店,2024-12-06,9661
00941,中信上游半導體,22,0,22,富邦-新店,2024-12-06,9661
2317,鴻海,49,27,22,富邦-新店,2024-12-06,9661
2405,輔信,84,63,21,富邦-新店,2024-12-06,9661
8147,正淩,24,3,21,富邦-新店,2024-12-06,9661
2426,鼎元,21,0,21,富邦-新店,2024-12-06,9661
3689,湧德,49,29,20,富邦-新店,2024-12-06,9661
1446,宏和,21,1,20,富邦-新店,2024-12-06,9661
5548,安倉,21,1,20,富邦-新店,2024-12-06,9661
2023,燁輝,20,0,20,富邦-新店,2024-12-06,9661
00931B,統一美債20年,17,0,17,富邦-新店,2024-12-06,9661
3032,偉訓,38,22,16,富邦-新店,2024-12-06,9661
00662,富邦NASDAQ,16,0,16,富邦-新店,2024-12-06,9661
3090,日電貿,34,18,16,富邦-新店,2024-12-06,9661
4956,光鋐,21,6,15,富邦-新店,2024-12-06,9661
6271,同欣電,96,82,14,富邦-新店,2024-12-06,9661
6214,精誠,729,27,702,富邦-新店,2024-12-09,9661
3029,零壹,589,163,426,富邦-新店,2024-12-09,9661
00751B,元大AAA至A公司債,376,0,376,富邦-新店,2024-12-09,9661
00692,富邦公司治理,254,8,246,富邦-新店,2024-12-09,9661
4953,緯軟,234,8,226,富邦-新店,2024-12-09,9661
00953B,群益優選非投等債,236,15,221,富邦-新店,2024-12-09,9661
2845,遠東銀,172,0,172,富邦-新店,2024-12-09,9661
00715L,期街口布蘭特正2,152,11,141,富邦-新店,2024-12-09,9661
00918,大華優利高填息30,143,13,130,富邦-新店,2024-12-09,9661
5603,陸海,128,0,128,富邦-新店,2024-12-09,9661
9105,泰金寶-DR,149,41,108,富邦-新店,2024-12-09,9661
6811,宏�硌穈T,120,13,107,富邦-新店,2024-12-09,9661
2883B,凱基金乙特,100,0,100,富邦-新店,2024-12-09,9661
0056,元大高股息,115,15,100,富邦-新店,2024-12-09,9661
3607,谷崧,96,2,94,富邦-新店,2024-12-09,9661
2344,華邦電,104,11,93,富邦-新店,2024-12-09,9661
2605,新興,104,13,91,富邦-新店,2024-12-09,9661
2498,宏達電,87,1,86,富邦-新店,2024-12-09,9661
2891,中信金,106,21,85,富邦-新店,2024-12-09,9661
00926,凱基全球菁英55,70,0,70,富邦-新店,2024-12-09,9661
3062,建漢,68,1,67,富邦-新店,2024-12-09,9661
1708,東鹼,65,1,64,富邦-新店,2024-12-09,9661
6689,伊雲谷,79,17,62,富邦-新店,2024-12-09,9661
3149,正達,77,21,56,富邦-新店,2024-12-09,9661
00637L,元大滬深300正2,63,11,52,富邦-新店,2024-12-09,9661
00915,凱基優選高股息30,60,9,51,富邦-新店,2024-12-09,9661
9945,潤泰新,55,6,49,富邦-新店,2024-12-09,9661
2890,永豐金,117,70,47,富邦-新店,2024-12-09,9661
1808,潤隆,44,0,44,富邦-新店,2024-12-09,9661
2317,鴻海,78,41,37,富邦-新店,2024-12-09,9661
1504,東元,43,6,37,富邦-新店,2024-12-09,9661
2337,旺宏,49,12,37,富邦-新店,2024-12-09,9661
2867,三商壽,37,0,37,富邦-新店,2024-12-09,9661
2449,京元電子,42,8,34,富邦-新店,2024-12-09,9661
2883,凱基金,38,5,33,富邦-新店,2024-12-09,9661
2426,鼎元,32,2,30,富邦-新店,2024-12-09,9661
2903,遠百,30,0,30,富邦-新店,2024-12-09,9661
00900,富邦特選高股息30,30,1,29,富邦-新店,2024-12-09,9661
3211,順達,64,36,28,富邦-新店,2024-12-09,9661
5701,劍湖山,27,0,27,富邦-新店,2024-12-09,9661
5309,系統電,128,101,27,富邦-新店,2024-12-09,9661
6243,迅杰,36,9,27,富邦-新店,2024-12-09,9661
2915,潤泰全,27,1,26,富邦-新店,2024-12-09,9661
3518,柏騰,25,0,25,富邦-新店,2024-12-09,9661
5864,致和證,29,5,24,富邦-新店,2024-12-09,9661
6684,安格,36,12,24,富邦-新店,2024-12-09,9661
00922,國泰台灣領袖50,58,36,22,富邦-新店,2024-12-09,9661
00646,元大S＆P500,23,1,22,富邦-新店,2024-12-09,9661
3036,文曄,21,0,21,富邦-新店,2024-12-09,9661
2002,中鋼,23,2,21,富邦-新店,2024-12-09,9661
00637L,元大滬深300正2,1122,584,538,富邦-新店,2024-12-10,9661
5603,陸海,907,540,367,富邦-新店,2024-12-10,9661
00687B,國泰20年美債,354,25,329,富邦-新店,2024-12-10,9661
1802,台玻,449,123,326,富邦-新店,2024-12-10,9661
2362,藍天,301,11,290,富邦-新店,2024-12-10,9661
8028,昇陽半導體,250,7,243,富邦-新店,2024-12-10,9661
2890,永豐金,205,2,203,富邦-新店,2024-12-10,9661
00918,大華優利高填息30,187,16,171,富邦-新店,2024-12-10,9661
00919,群益台灣精選高息,161,24,137,富邦-新店,2024-12-10,9661
2609,陽明,221,92,129,富邦-新店,2024-12-10,9661
1785,光洋科,134,25,109,富邦-新店,2024-12-10,9661
2409,友達,106,1,105,富邦-新店,2024-12-10,9661
3706,神達,350,249,101,富邦-新店,2024-12-10,9661
0056,元大高股息,120,23,97,富邦-新店,2024-12-10,9661
00909,國泰數位支付服務,106,16,90,富邦-新店,2024-12-10,9661
2883,凱基金,115,28,87,富邦-新店,2024-12-10,9661
3189,景碩,164,81,83,富邦-新店,2024-12-10,9661
00937B,群益ESG投等債20,86,4,82,富邦-新店,2024-12-10,9661
2317,鴻海,125,43,82,富邦-新店,2024-12-10,9661
2303,聯電,102,21,81,富邦-新店,2024-12-10,9661
3036,文曄,80,1,79,富邦-新店,2024-12-10,9661
3607,谷崧,144,67,77,富邦-新店,2024-12-10,9661
1605,華新,192,119,73,富邦-新店,2024-12-10,9661
00926,凱基全球菁英55,64,0,64,富邦-新店,2024-12-10,9661
2867,三商壽,50,0,50,富邦-新店,2024-12-10,9661
2618,長榮航,84,36,48,富邦-新店,2024-12-10,9661
00882,中信中國高股息,117,77,40,富邦-新店,2024-12-10,9661
5522,遠雄,40,1,39,富邦-新店,2024-12-10,9661
8044,網家,61,23,38,富邦-新店,2024-12-10,9661
2449,京元電子,43,5,38,富邦-新店,2024-12-10,9661
1464,得力,39,2,37,富邦-新店,2024-12-10,9661
00945B,凱基美國非投等債,38,2,36,富邦-新店,2024-12-10,9661
4953,緯軟,42,7,35,富邦-新店,2024-12-10,9661
00715L,期街口布蘭特正2,41,7,34,富邦-新店,2024-12-10,9661
4931,新盛力,104,71,33,富邦-新店,2024-12-10,9661
1402,遠東新,47,14,33,富邦-新店,2024-12-10,9661
2316,楠梓電,36,4,32,富邦-新店,2024-12-10,9661
2845,遠東銀,38,7,31,富邦-新店,2024-12-10,9661
5309,系統電,49,18,31,富邦-新店,2024-12-10,9661
00887,永豐中國科技50大,66,36,30,富邦-新店,2024-12-10,9661
2812,台中銀,26,0,26,富邦-新店,2024-12-10,9661
2312,金寶,32,7,25,富邦-新店,2024-12-10,9661
2330,台積電,31,7,24,富邦-新店,2024-12-10,9661
4763,材料-KY,27,3,24,富邦-新店,2024-12-10,9661
3032,偉訓,36,12,24,富邦-新店,2024-12-10,9661
00940,元大台灣價值高息,76,52,24,富邦-新店,2024-12-10,9661
00646,元大S＆P500,24,0,24,富邦-新店,2024-12-10,9661
3162,精確,24,1,23,富邦-新店,2024-12-10,9661
1809,中釉,23,0,23,富邦-新店,2024-12-10,9661
2371,大同,35,12,23,富邦-新店,2024-12-10,9661
00918,大華優利高填息30,407,14,393,富邦-新店,2024-12-11,9661
2312,金寶,348,33,315,富邦-新店,2024-12-11,9661
2362,藍天,291,2,289,富邦-新店,2024-12-11,9661
00919,群益台灣精選高息,242,34,208,富邦-新店,2024-12-11,9661
00878,國泰永續高股息,218,35,183,富邦-新店,2024-12-11,9661
00752,中信中國50,167,30,137,富邦-新店,2024-12-11,9661
2317,鴻海,198,68,130,富邦-新店,2024-12-11,9661
0056,元大高股息,129,12,117,富邦-新店,2024-12-11,9661
1101,台泥,131,15,116,富邦-新店,2024-12-11,9661
00687B,國泰20年美債,228,124,104,富邦-新店,2024-12-11,9661
6811,宏�硌穈T,109,6,103,富邦-新店,2024-12-11,9661
00940,元大台灣價值高息,116,15,101,富邦-新店,2024-12-11,9661
00950B,凱基A級公司債,99,0,99,富邦-新店,2024-12-11,9661
6227,茂綸,100,2,98,富邦-新店,2024-12-11,9661
2236,百達-KY,93,0,93,富邦-新店,2024-12-11,9661
6689,伊雲谷,100,10,90,富邦-新店,2024-12-11,9661
2883,凱基金,79,0,79,富邦-新店,2024-12-11,9661
3234,光環,120,43,77,富邦-新店,2024-12-11,9661
3231,緯創,89,16,73,富邦-新店,2024-12-11,9661
00953B,群益優選非投等債,69,0,69,富邦-新店,2024-12-11,9661
8028,昇陽半導體,68,3,65,富邦-新店,2024-12-11,9661
00665L,富邦�琤肭磪囓�2,64,0,64,富邦-新店,2024-12-11,9661
1808,潤隆,54,0,54,富邦-新店,2024-12-11,9661
00922,國泰台灣領袖50,55,3,52,富邦-新店,2024-12-11,9661
2887,台新金,54,3,51,富邦-新店,2024-12-11,9661
00679B,元大美債20年,73,24,49,富邦-新店,2024-12-11,9661
00938,凱基優選30,45,0,45,富邦-新店,2024-12-11,9661
4577,達航科技,50,6,44,富邦-新店,2024-12-11,9661
00907,永豐優息存股,41,0,41,富邦-新店,2024-12-11,9661
3147,大綜,46,5,41,富邦-新店,2024-12-11,9661
8044,網家,63,22,41,富邦-新店,2024-12-11,9661
6770,力積電,44,6,38,富邦-新店,2024-12-11,9661
2382,廣達,61,23,38,富邦-新店,2024-12-11,9661
2891,中信金,73,37,36,富邦-新店,2024-12-11,9661
2890,永豐金,37,2,35,富邦-新店,2024-12-11,9661
00915,凱基優選高股息30,38,4,34,富邦-新店,2024-12-11,9661
3162,精確,35,1,34,富邦-新店,2024-12-11,9661
2453,凌群,81,48,33,富邦-新店,2024-12-11,9661
1815,富喬,88,56,32,富邦-新店,2024-12-11,9661
0050,元大台灣50,37,5,32,富邦-新店,2024-12-11,9661
2388,威盛,33,2,31,富邦-新店,2024-12-11,9661
6116,彩晶,30,0,30,富邦-新店,2024-12-11,9661
3211,順達,73,44,29,富邦-新店,2024-12-11,9661
6214,精誠,98,69,29,富邦-新店,2024-12-11,9661
2886,兆豐金,85,57,28,富邦-新店,2024-12-11,9661
00830,國泰費城半導體,29,3,26,富邦-新店,2024-12-11,9661
2303,聯電,66,40,26,富邦-新店,2024-12-11,9661
00753L,中信中國50正2,66,42,24,富邦-新店,2024-12-11,9661
00882,中信中國高股息,44,21,23,富邦-新店,2024-12-11,9661
3607,谷崧,53,31,22,富邦-新店,2024-12-11,9661
3019,亞光,857,70,787,富邦-新店,2024-12-12,9661
00945B,凱基美國非投等債,408,0,408,富邦-新店,2024-12-12,9661
00687B,國泰20年美債,376,49,327,富邦-新店,2024-12-12,9661
2312,金寶,346,22,324,富邦-新店,2024-12-12,9661
00918,大華優利高填息30,255,12,243,富邦-新店,2024-12-12,9661
6214,精誠,270,45,225,富邦-新店,2024-12-12,9661
8028,昇陽半導體,201,8,193,富邦-新店,2024-12-12,9661
4953,緯軟,299,133,166,富邦-新店,2024-12-12,9661
2362,藍天,157,1,156,富邦-新店,2024-12-12,9661
6689,伊雲谷,161,8,153,富邦-新店,2024-12-12,9661
00937B,群益ESG投等債20,177,45,132,富邦-新店,2024-12-12,9661
00679B,元大美債20年,118,12,106,富邦-新店,2024-12-12,9661
1314,中石化,106,1,105,富邦-新店,2024-12-12,9661
2344,華邦電,110,10,100,富邦-新店,2024-12-12,9661
3045,台灣大,98,3,95,富邦-新店,2024-12-12,9661
00919,群益台灣精選高息,189,98,91,富邦-新店,2024-12-12,9661
00680L,元大美債20正2,95,6,89,富邦-新店,2024-12-12,9661
3147,大綜,88,5,83,富邦-新店,2024-12-12,9661
00673R,期元大S＆P原油反1,74,0,74,富邦-新店,2024-12-12,9661
2356,英業達,105,33,72,富邦-新店,2024-12-12,9661
2317,鴻海,112,43,69,富邦-新店,2024-12-12,9661
00893,國泰智能電動車,90,37,53,富邦-新店,2024-12-12,9661
2359,所羅門,89,36,53,富邦-新店,2024-12-12,9661
2609,陽明,95,44,51,富邦-新店,2024-12-12,9661
00878,國泰永續高股息,97,46,51,富邦-新店,2024-12-12,9661
00915,凱基優選高股息30,52,2,50,富邦-新店,2024-12-12,9661
2611,志信,51,1,50,富邦-新店,2024-12-12,9661
3029,零壹,115,66,49,富邦-新店,2024-12-12,9661
2374,佳能,110,65,45,富邦-新店,2024-12-12,9661
2547,日勝生,45,0,45,富邦-新店,2024-12-12,9661
6116,彩晶,40,0,40,富邦-新店,2024-12-12,9661
2303,聯電,140,104,36,富邦-新店,2024-12-12,9661
4909,新復興,40,7,33,富邦-新店,2024-12-12,9661
4979,華星光,39,7,32,富邦-新店,2024-12-12,9661
9938,百和,31,0,31,富邦-新店,2024-12-12,9661
1303,南亞,35,4,31,富邦-新店,2024-12-12,9661
2614,東森,30,0,30,富邦-新店,2024-12-12,9661
3211,順達,53,24,29,富邦-新店,2024-12-12,9661
5880,合庫金,38,11,27,富邦-新店,2024-12-12,9661
2363,矽統,35,9,26,富邦-新店,2024-12-12,9661
2371,大同,29,3,26,富邦-新店,2024-12-12,9661
2468,華經,46,21,25,富邦-新店,2024-12-12,9661
2367,燿華,28,5,23,富邦-新店,2024-12-12,9661
00887,永豐中國科技50大,25,2,23,富邦-新店,2024-12-12,9661
2618,長榮航,50,29,21,富邦-新店,2024-12-12,9661
00950B,凱基A級公司債,20,0,20,富邦-新店,2024-12-12,9661
2890,永豐金,25,5,20,富邦-新店,2024-12-12,9661
9933,中鼎,20,0,20,富邦-新店,2024-12-12,9661
00931B,統一美債20年,19,0,19,富邦-新店,2024-12-12,9661
2542,興富發,21,2,19,富邦-新店,2024-12-12,9661
00937B,群益ESG投等債20,2010,2,2008,富邦-新店,2024-12-13,9661
1785,光洋科,638,27,611,富邦-新店,2024-12-13,9661
2317,鴻海,400,42,358,富邦-新店,2024-12-13,9661
00919,群益台灣精選高息,299,44,255,富邦-新店,2024-12-13,9661
00918,大華優利高填息30,256,12,244,富邦-新店,2024-12-13,9661
00878,國泰永續高股息,156,10,146,富邦-新店,2024-12-13,9661
2049,上銀,145,1,144,富邦-新店,2024-12-13,9661
3019,亞光,287,161,126,富邦-新店,2024-12-13,9661
0056,元大高股息,139,15,124,富邦-新店,2024-12-13,9661
00687B,國泰20年美債,123,2,121,富邦-新店,2024-12-13,9661
00915,凱基優選高股息30,108,1,107,富邦-新店,2024-12-13,9661
00959B,大華投等美債15Y+,101,0,101,富邦-新店,2024-12-13,9661
3037,欣興,90,3,87,富邦-新店,2024-12-13,9661
00665L,富邦�琤肭磪囓�2,105,21,84,富邦-新店,2024-12-13,9661
3481,群創,74,2,72,富邦-新店,2024-12-13,9661
00933B,國泰10Y+金融債,68,2,66,富邦-新店,2024-12-13,9661
3231,緯創,87,23,64,富邦-新店,2024-12-13,9661
00652,富邦印度,63,0,63,富邦-新店,2024-12-13,9661
006208,富邦台50,75,13,62,富邦-新店,2024-12-13,9661
6116,彩晶,71,10,61,富邦-新店,2024-12-13,9661
2313,華通,81,22,59,富邦-新店,2024-12-13,9661
2002,中鋼,66,8,58,富邦-新店,2024-12-13,9661
2211,長榮鋼,57,0,57,富邦-新店,2024-12-13,9661
3062,建漢,57,0,57,富邦-新店,2024-12-13,9661
2611,志信,51,0,51,富邦-新店,2024-12-13,9661
00753L,中信中國50正2,82,33,49,富邦-新店,2024-12-13,9661
00948B,中信優息投資級債,51,3,48,富邦-新店,2024-12-13,9661
00725B,國泰投資級公司債,48,1,47,富邦-新店,2024-12-13,9661
00679B,元大美債20年,76,32,44,富邦-新店,2024-12-13,9661
3147,大綜,63,20,43,富邦-新店,2024-12-13,9661
2890,永豐金,46,3,43,富邦-新店,2024-12-13,9661
00637L,元大滬深300正2,156,113,43,富邦-新店,2024-12-13,9661
5603,陸海,41,0,41,富邦-新店,2024-12-13,9661
2371,大同,66,27,39,富邦-新店,2024-12-13,9661
00688L,國泰20年美債正2,39,0,39,富邦-新店,2024-12-13,9661
1605,華新,41,4,37,富邦-新店,2024-12-13,9661
1220,台榮,51,16,35,富邦-新店,2024-12-13,9661
1569,濱川,77,43,34,富邦-新店,2024-12-13,9661
3011,今皓,33,2,31,富邦-新店,2024-12-13,9661
00713,元大台灣高息低波,30,0,30,富邦-新店,2024-12-13,9661
00639,富邦深100,40,10,30,富邦-新店,2024-12-13,9661
3234,光環,33,5,28,富邦-新店,2024-12-13,9661
4577,達航科技,52,24,28,富邦-新店,2024-12-13,9661
00680L,元大美債20正2,76,49,27,富邦-新店,2024-12-13,9661
9919,康那香,25,0,25,富邦-新店,2024-12-13,9661
1101,台泥,25,0,25,富邦-新店,2024-12-13,9661
3625,西勝,24,0,24,富邦-新店,2024-12-13,9661
5243,乙盛-KY,30,6,24,富邦-新店,2024-12-13,9661
8147,正淩,24,1,23,富邦-新店,2024-12-13,9661
00953B,群益優選非投等債,23,0,23,富邦-新店,2024-12-13,9661
00919,群益台灣精選高息,378,18,360,富邦-新店,2024-12-16,9661
2618,長榮航,436,147,289,富邦-新店,2024-12-16,9661
00830,國泰費城半導體,297,14,283,富邦-新店,2024-12-16,9661
1785,光洋科,369,100,269,富邦-新店,2024-12-16,9661
00937B,群益ESG投等債20,271,18,253,富邦-新店,2024-12-16,9661
00948B,中信優息投資級債,241,2,239,富邦-新店,2024-12-16,9661
00959B,大華投等美債15Y+,233,0,233,富邦-新店,2024-12-16,9661
1101,台泥,265,33,232,富邦-新店,2024-12-16,9661
00918,大華優利高填息30,237,9,228,富邦-新店,2024-12-16,9661
00680L,元大美債20正2,213,0,213,富邦-新店,2024-12-16,9661
00673R,期元大S＆P原油反1,156,2,154,富邦-新店,2024-12-16,9661
00878,國泰永續高股息,177,27,150,富邦-新店,2024-12-16,9661
0056,元大高股息,200,50,150,富邦-新店,2024-12-16,9661
2317,鴻海,163,22,141,富邦-新店,2024-12-16,9661
00687B,國泰20年美債,193,52,141,富邦-新店,2024-12-16,9661
6215,和椿,144,21,123,富邦-新店,2024-12-16,9661
00713,元大台灣高息低波,126,4,122,富邦-新店,2024-12-16,9661
2609,陽明,133,28,105,富邦-新店,2024-12-16,9661
2332,友訊,97,4,93,富邦-新店,2024-12-16,9661
00679B,元大美債20年,92,22,70,富邦-新店,2024-12-16,9661
00688L,國泰20年美債正2,80,10,70,富邦-新店,2024-12-16,9661
00905,FT臺灣Smart,67,0,67,富邦-新店,2024-12-16,9661
00963,中信全球高股息,64,0,64,富邦-新店,2024-12-16,9661
6282,康舒,65,3,62,富邦-新店,2024-12-16,9661
5603,陸海,63,1,62,富邦-新店,2024-12-16,9661
3231,緯創,101,47,54,富邦-新店,2024-12-16,9661
2887,台新金,103,50,53,富邦-新店,2024-12-16,9661
2382,廣達,66,13,53,富邦-新店,2024-12-16,9661
1513,中興電,51,5,46,富邦-新店,2024-12-16,9661
2344,華邦電,53,8,45,富邦-新店,2024-12-16,9661
00725B,國泰投資級公司債,45,1,44,富邦-新店,2024-12-16,9661
5548,安倉,61,18,43,富邦-新店,2024-12-16,9661
00933B,國泰10Y+金融債,39,3,36,富邦-新店,2024-12-16,9661
5530,龍巖,58,22,36,富邦-新店,2024-12-16,9661
00692,富邦公司治理,35,0,35,富邦-新店,2024-12-16,9661
6139,亞翔,34,0,34,富邦-新店,2024-12-16,9661
00946,群益科技高息成長,42,9,33,富邦-新店,2024-12-16,9661
3019,亞光,160,127,33,富邦-新店,2024-12-16,9661
6220,岳豐,33,1,32,富邦-新店,2024-12-16,9661
2867,三商壽,30,0,30,富邦-新店,2024-12-16,9661
3036,文曄,32,2,30,富邦-新店,2024-12-16,9661
2603,長榮,33,5,28,富邦-新店,2024-12-16,9661
2449,京元電子,41,14,27,富邦-新店,2024-12-16,9661
00950B,凱基A級公司債,26,0,26,富邦-新店,2024-12-16,9661
4577,達航科技,25,1,24,富邦-新店,2024-12-16,9661
2359,所羅門,41,17,24,富邦-新店,2024-12-16,9661
8147,正淩,24,0,24,富邦-新店,2024-12-16,9661
00924,復華S＆P500成長,22,0,22,富邦-新店,2024-12-16,9661
6189,豐藝,23,1,22,富邦-新店,2024-12-16,9661
2611,志信,22,1,21,富邦-新店,2024-12-16,9661
3019,亞光,2074,76,1998,富邦-新店,2024-12-17,9661
2049,上銀,726,35,691,富邦-新店,2024-12-17,9661
00937B,群益ESG投等債20,658,14,644,富邦-新店,2024-12-17,9661
5603,陸海,1438,1134,304,富邦-新店,2024-12-17,9661
4571,鈞興-KY,207,3,204,富邦-新店,2024-12-17,9661
00687B,國泰20年美債,177,0,177,富邦-新店,2024-12-17,9661
00918,大華優利高填息30,212,35,177,富邦-新店,2024-12-17,9661
00948B,中信優息投資級債,145,0,145,富邦-新店,2024-12-17,9661
2890,永豐金,110,0,110,富邦-新店,2024-12-17,9661
6209,今國光,105,1,104,富邦-新店,2024-12-17,9661
00957B,兆豐US優選投等債,105,3,102,富邦-新店,2024-12-17,9661
00915,凱基優選高股息30,103,3,100,富邦-新店,2024-12-17,9661
5371,中光電,118,22,96,富邦-新店,2024-12-17,9661
2374,佳能,309,223,86,富邦-新店,2024-12-17,9661
00680L,元大美債20正2,92,6,86,富邦-新店,2024-12-17,9661
1710,東聯,85,0,85,富邦-新店,2024-12-17,9661
00713,元大台灣高息低波,83,2,81,富邦-新店,2024-12-17,9661
3481,群創,86,9,77,富邦-新店,2024-12-17,9661
2409,友達,75,0,75,富邦-新店,2024-12-17,9661
3045,台灣大,69,0,69,富邦-新店,2024-12-17,9661
00725B,國泰投資級公司債,68,1,67,富邦-新店,2024-12-17,9661
2883,凱基金,72,6,66,富邦-新店,2024-12-17,9661
5880,合庫金,64,2,62,富邦-新店,2024-12-17,9661
00679B,元大美債20年,65,4,61,富邦-新店,2024-12-17,9661
2317,鴻海,101,43,58,富邦-新店,2024-12-17,9661
00933B,國泰10Y+金融債,67,10,57,富邦-新店,2024-12-17,9661
2882,國泰金,55,3,52,富邦-新店,2024-12-17,9661
00878,國泰永續高股息,80,32,48,富邦-新店,2024-12-17,9661
00946,群益科技高息成長,50,2,48,富邦-新店,2024-12-17,9661
2834,臺企銀,53,5,48,富邦-新店,2024-12-17,9661
00950B,凱基A級公司債,45,1,44,富邦-新店,2024-12-17,9661
2618,長榮航,395,352,43,富邦-新店,2024-12-17,9661
6695,芯鼎,49,6,43,富邦-新店,2024-12-17,9661
4991,環宇-KY,48,5,43,富邦-新店,2024-12-17,9661
1402,遠東新,41,1,40,富邦-新店,2024-12-17,9661
3504,揚明光,40,0,40,富邦-新店,2024-12-17,9661
2881,富邦金,45,7,38,富邦-新店,2024-12-17,9661
3450,聯鈞,65,28,37,富邦-新店,2024-12-17,9661
912000,晨訊科-DR,35,0,35,富邦-新店,2024-12-17,9661
5243,乙盛-KY,53,21,32,富邦-新店,2024-12-17,9661
6220,岳豐,31,0,31,富邦-新店,2024-12-17,9661
1711,永光,31,1,30,富邦-新店,2024-12-17,9661
0056,元大高股息,98,69,29,富邦-新店,2024-12-17,9661
8390,金益鼎,30,1,29,富邦-新店,2024-12-17,9661
00945B,凱基美國非投等債,28,0,28,富邦-新店,2024-12-17,9661
00887,永豐中國科技50大,29,1,28,富邦-新店,2024-12-17,9661
2303,聯電,129,101,28,富邦-新店,2024-12-17,9661
2312,金寶,50,23,27,富邦-新店,2024-12-17,9661
4562,穎漢,44,18,26,富邦-新店,2024-12-17,9661
2504,國產,35,10,25,富邦-新店,2024-12-17,9661
3019,亞光,1589,242,1347,富邦-新店,2024-12-18,9661
00715L,期街口布蘭特正2,811,1,810,富邦-新店,2024-12-18,9661
00918,大華優利高填息30,309,22,287,富邦-新店,2024-12-18,9661
2374,佳能,577,300,277,富邦-新店,2024-12-18,9661
00680L,元大美債20正2,237,0,237,富邦-新店,2024-12-18,9661
3059,華晶科,212,28,184,富邦-新店,2024-12-18,9661
00937B,群益ESG投等債20,182,11,171,富邦-新店,2024-12-18,9661
5603,陸海,748,596,152,富邦-新店,2024-12-18,9661
5243,乙盛-KY,144,28,116,富邦-新店,2024-12-18,9661
6962,ITH-KY,105,17,88,富邦-新店,2024-12-18,9661
2409,友達,85,0,85,富邦-新店,2024-12-18,9661
1710,東聯,85,0,85,富邦-新店,2024-12-18,9661
00924,復華S＆P500成長,80,0,80,富邦-新店,2024-12-18,9661
2303,聯電,138,72,66,富邦-新店,2024-12-18,9661
00713,元大台灣高息低波,76,16,60,富邦-新店,2024-12-18,9661
1326,台化,62,5,57,富邦-新店,2024-12-18,9661
2002,中鋼,57,5,52,富邦-新店,2024-12-18,9661
00878,國泰永續高股息,83,31,52,富邦-新店,2024-12-18,9661
8249,菱光,101,52,49,富邦-新店,2024-12-18,9661
4540,全球傳動,225,178,47,富邦-新店,2024-12-18,9661
00679B,元大美債20年,45,0,45,富邦-新店,2024-12-18,9661
00687B,國泰20年美債,47,3,44,富邦-新店,2024-12-18,9661
00725B,國泰投資級公司債,41,0,41,富邦-新店,2024-12-18,9661
2891,中信金,75,37,38,富邦-新店,2024-12-18,9661
2884,玉山金,67,31,36,富邦-新店,2024-12-18,9661
1442,名軒,37,1,36,富邦-新店,2024-12-18,9661
00712,復華富時不動產,39,5,34,富邦-新店,2024-12-18,9661
9105,泰金寶-DR,187,155,32,富邦-新店,2024-12-18,9661
00933B,國泰10Y+金融債,32,1,31,富邦-新店,2024-12-18,9661
00915,凱基優選高股息30,36,6,30,富邦-新店,2024-12-18,9661
3231,緯創,38,9,29,富邦-新店,2024-12-18,9661
00887,永豐中國科技50大,30,1,29,富邦-新店,2024-12-18,9661
3625,西勝,28,0,28,富邦-新店,2024-12-18,9661
3481,群創,75,48,27,富邦-新店,2024-12-18,9661
6116,彩晶,30,3,27,富邦-新店,2024-12-18,9661
00948B,中信優息投資級債,176,150,26,富邦-新店,2024-12-18,9661
1449,佳和,28,2,26,富邦-新店,2024-12-18,9661
3211,順達,80,57,23,富邦-新店,2024-12-18,9661
2617,台航,24,1,23,富邦-新店,2024-12-18,9661
00945B,凱基美國非投等債,22,0,22,富邦-新店,2024-12-18,9661
8147,正淩,22,0,22,富邦-新店,2024-12-18,9661
4583,台灣精銳,35,15,20,富邦-新店,2024-12-18,9661
912000,晨訊科-DR,20,0,20,富邦-新店,2024-12-18,9661
6288,聯嘉,20,0,20,富邦-新店,2024-12-18,9661
2881,富邦金,26,6,20,富邦-新店,2024-12-18,9661
00909,國泰數位支付服務,22,3,19,富邦-新店,2024-12-18,9661
0056,元大高股息,65,47,18,富邦-新店,2024-12-18,9661
00926,凱基全球菁英55,18,0,18,富邦-新店,2024-12-18,9661
2603,長榮,18,0,18,富邦-新店,2024-12-18,9661
2354,鴻準,33,15,18,富邦-新店,2024-12-18,9661
00715L,期街口布蘭特正2,398,0,398,富邦-新店,2024-12-19,9661
2332,友訊,410,28,382,富邦-新店,2024-12-19,9661
00680L,元大美債20正2,568,238,330,富邦-新店,2024-12-19,9661
6142,友勁,272,16,256,富邦-新店,2024-12-19,9661
00918,大華優利高填息30,206,7,199,富邦-新店,2024-12-19,9661
00878,國泰永續高股息,228,41,187,富邦-新店,2024-12-19,9661
00937B,群益ESG投等債20,665,485,180,富邦-新店,2024-12-19,9661
00679B,元大美債20年,240,77,163,富邦-新店,2024-12-19,9661
00687B,國泰20年美債,158,4,154,富邦-新店,2024-12-19,9661
2317,鴻海,148,14,134,富邦-新店,2024-12-19,9661
00637L,元大滬深300正2,157,29,128,富邦-新店,2024-12-19,9661
00712,復華富時不動產,114,3,111,富邦-新店,2024-12-19,9661
2882,國泰金,114,5,109,富邦-新店,2024-12-19,9661
6962,ITH-KY,129,31,98,富邦-新店,2024-12-19,9661
0056,元大高股息,120,28,92,富邦-新店,2024-12-19,9661
2881,富邦金,99,14,85,富邦-新店,2024-12-19,9661
2883,凱基金,122,46,76,富邦-新店,2024-12-19,9661
00948B,中信優息投資級債,72,0,72,富邦-新店,2024-12-19,9661
5603,陸海,1247,1177,70,富邦-新店,2024-12-19,9661
5880,合庫金,374,305,69,富邦-新店,2024-12-19,9661
006208,富邦台50,78,16,62,富邦-新店,2024-12-19,9661
3704,合勤控,75,14,61,富邦-新店,2024-12-19,9661
4534,慶騰,62,1,61,富邦-新店,2024-12-19,9661
2887,台新金,57,0,57,富邦-新店,2024-12-19,9661
4571,鈞興-KY,121,65,56,富邦-新店,2024-12-19,9661
2408,南亞科,93,39,54,富邦-新店,2024-12-19,9661
00751B,元大AAA至A公司債,53,0,53,富邦-新店,2024-12-19,9661
00905,FT臺灣Smart,52,0,52,富邦-新店,2024-12-19,9661
00922,國泰台灣領袖50,62,17,45,富邦-新店,2024-12-19,9661
0050,元大台灣50,51,5,46,富邦-新店,2024-12-19,9661
2886,兆豐金,72,28,44,富邦-新店,2024-12-19,9661
2880,華南金,81,39,42,富邦-新店,2024-12-19,9661
5392,能率,53,12,41,富邦-新店,2024-12-19,9661
00646,元大S＆P500,42,1,41,富邦-新店,2024-12-19,9661
2303,聯電,69,28,41,富邦-新店,2024-12-19,9661
00795B,中信美國公債20年,40,0,40,富邦-新店,2024-12-19,9661
00706L,期元大S＆P日圓正2,40,0,40,富邦-新店,2024-12-19,9661
00950B,凱基A級公司債,38,0,38,富邦-新店,2024-12-19,9661
00959B,大華投等美債15Y+,38,0,38,富邦-新店,2024-12-19,9661
00725B,國泰投資級公司債,37,0,37,富邦-新店,2024-12-19,9661
00713,元大台灣高息低波,37,3,34,富邦-新店,2024-12-19,9661
6451,訊芯-KY,35,3,32,富邦-新店,2024-12-19,9661
8044,網家,59,27,32,富邦-新店,2024-12-19,9661
2002,中鋼,37,5,32,富邦-新店,2024-12-19,9661
4977,眾達-KY,56,25,31,富邦-新店,2024-12-19,9661
2617,台航,30,0,30,富邦-新店,2024-12-19,9661
00924,復華S＆P500成長,30,0,30,富邦-新店,2024-12-19,9661
00909,國泰數位支付服務,30,1,29,富邦-新店,2024-12-19,9661
3047,訊舟,31,2,29,富邦-新店,2024-12-19,9661
00662,富邦NASDAQ,28,2,26,富邦-新店,2024-12-19,9661
